Fp1,Fp2,F3,F4,C3,C4,P3,P4,O1,O2,F7,F8,T7,T8,P7,P8,Fz,Cz,Pz
131.8531,128.7351,-16.0183,-11.3577,-53.7334,-127.6950,-120.1826,-154.8578,-18.3270,-67.8317,29.0520,20.0939,15.9698,-5.2013,1.4274,-26.1415,-0.2330,-76.1771,-192.4474
-149.4233,-286.1427,-135.3950,-190.1582,-154.9784,-220.3221,-47.2273,-167.0431,90.5633,-151.2147,-15.4075,-156.4187,-44.5894,-153.8623,232.0484,-4.1346,-93.5501,-86.9765,-170.9603
-347.8093,-523.2534,-255.3683,-269.6805,-306.4657,-368.2312,-34.2222,-179.7409,84.3485,-108.7011,-88.4317,-230.9138,-131.8920,-238.9708,265.4012,-6.8595,-174.8979,-174.8405,-209.1801
-319.6262,-469.9348,-165.3521,-199.3260,-373.6890,-497.9286,-27.7954,-237.0814,10.6405,-33.2974,-68.6326,-178.0903,-164.6821,-214.5841,153.2050,-28.4302,-175.1348,-265.1217,-292.7754
-244.5519,-387.1404,2.5515,-169.5202,-395.6544,-521.7533,-58.6447,-321.8744,-29.9431,-101.3619,-12.8246,-163.2232,-173.8138,-186.1898,102.4153,-54.5471,-145.9757,-262.1794,-328.1806
-235.4406,-360.0902,43.9572,-212.8557,-378.0489,-395.8601,-99.2051,-319.7881,-19.2879,-193.6971,-22.5381,-188.6446,-174.6359,-166.3836,113.8516,-83.4196,-130.7401,-180.2652,-227.8012
-256.8269,-338.5370,13.3025,-205.4218,-217.9052,-155.3734,-5.0629,-179.6681,41.3128,-121.3422,-51.9808,-151.5932,-115.9200,-87.2731,118.2180,-83.3506,-115.6816,-71.0004,-17.4985
-315.8229,-356.2481,2.2363,-174.2204,22.9406,92.4743,188.7831,14.6407,118.9330,19.1202,-48.8186,-101.3116,-19.1423,13.1115,140.9680,-26.4172,-110.8635,38.8158,184.9638
-372.4170,-390.3594,-8.1132,-219.9330,179.7014,236.0752,304.6668,154.4814,137.5402,52.7183,-63.8794,-114.8708,53.7455,43.9191,193.3874,32.9834,-144.1684,106.0695,304.2349
-325.3404,-406.2450,-18.2167,-313.9635,253.8982,259.0525,341.4777,205.8086,111.2652,11.0002,-116.8438,-148.8004,105.2055,7.7509,248.4290,42.5210,-213.0189,110.5212,363.6106
-253.0360,-462.5478,-49.7164,-383.8970,292.1946,243.0532,371.9793,221.7841,126.1064,9.3611,-151.7557,-159.8247,119.5393,-27.0074,280.7225,49.6859,-293.5830,98.5440,406.5566
-322.6611,-519.5892,-150.5116,-402.8044,249.0259,245.8405,345.7178,264.2082,170.6767,57.6548,-142.7445,-150.5852,55.8420,-26.6585,248.7291,87.2715,-333.7916,101.0191,433.0044
-457.7787,-483.5939,-226.4571,-346.4539,149.3332,250.9170,254.3170,307.3335,167.1139,84.5824,-112.4981,-125.1723,-29.7868,-24.6188,171.7364,100.3523,-271.3507,112.8152,425.2588
-445.0079,-412.0656,-159.4421,-211.2780,75.4368,254.7325,181.7076,310.8015,104.1539,56.8513,-88.5433,-117.0378,-74.9295,-56.4399,136.6399,76.9858,-129.5168,159.8477,387.5927
-289.6158,-338.6857,-31.1820,-44.4519,5.6277,279.0460,140.5932,332.3199,38.7593,35.0194,-94.9243,-131.4585,-135.6641,-73.1619,138.7868,69.9968,-7.0327,231.5408,353.9413
-176.0265,-227.2902,45.0781,85.0319,-83.4681,276.7053,123.8260,398.1865,47.3362,70.9311,-122.1467,-112.1764,-233.8496,-21.5522,116.8536,67.6540,65.1414,216.8648,358.1842
-166.2328,-201.3409,101.0517,118.7292,-133.3496,168.2810,167.0546,388.8656,132.3836,89.6463,-109.6051,-87.2272,-276.1849,12.2985,99.3215,18.5519,131.0511,77.5273,374.9683
-161.7624,-313.4786,167.1359,73.5367,-144.6344,-9.1786,224.3632,241.9297,152.1148,1.7825,-21.9862,-133.9101,-230.6185,-70.5071,100.6697,-60.0011,178.8999,-40.1131,333.3250
-112.0174,-328.8227,212.2552,44.9306,-157.6680,-118.7548,218.1232,88.7841,18.5513,-128.6986,86.8568,-181.2913,-154.1619,-178.0468,63.2607,-115.2869,155.5372,-18.9149,237.8693
-72.9059,-191.8920,235.0473,53.7333,-118.6422,-93.4496,196.5291,51.1304,-107.2853,-173.6853,141.4401,-144.5138,-55.0762,-174.4890,33.4231,-120.9270,80.3718,61.7926,193.3526
-73.7251,-170.1404,221.1426,8.6635,11.9662,14.3208,242.5910,103.0054,-56.1325,-135.5251,134.0449,-116.7229,66.8696,-104.9399,112.2498,-80.4099,0.7026,96.9401,246.1320
-97.4225,-312.0651,131.5099,-103.9524,142.6240,138.8945,339.5448,186.2851,81.3154,-149.5505,96.6164,-154.8516,148.2746,-68.7912,234.7879,-36.4726,-89.1874,117.1116,317.3144
-164.3238,-407.4452,11.7210,-171.5691,195.5070,256.8397,413.7124,268.3581,136.0136,-307.6784,42.3052,-150.2831,168.1135,-42.2882,275.7725,-24.2712,-160.9615,170.8041,341.9411
-271.0155,-413.2757,-53.9852,-131.9494,215.3111,342.3069,401.0498,299.3171,93.2813,-523.1996,-8.6041,-70.0431,177.1722,23.1462,244.4564,-13.6040,-123.8109,213.3738,336.8575
-332.6223,-407.6575,-64.7048,-35.2963,253.8918,369.3014,310.3513,263.3763,30.9928,-635.0251,-16.5380,1.8569,184.5927,103.3024,193.4531,13.7204,12.1530,208.4739,324.5537
-326.4749,-405.4006,-59.4158,49.1113,277.9976,367.1743,250.9839,225.6275,19.9184,-628.6721,7.1072,55.9867,167.0484,163.8659,137.7537,18.7967,116.2522,194.5358,318.9946
-335.5021,-424.2908,-59.7292,81.3282,242.4063,374.1266,283.4938,232.1274,88.0922,-610.1361,1.3158,105.4530,143.6987,182.6034,117.4360,11.5148,134.4292,183.4821,332.2435
-364.3361,-423.2377,-92.1259,60.0095,165.5878,351.0513,313.6606,230.1924,171.5169,-610.4214,-41.3029,92.5993,123.1535,145.8310,145.4164,44.4409,117.4703,135.2595,314.7020
-326.4230,-318.4109,-155.4720,23.5319,76.4277,258.7114,250.2098,165.0881,170.3044,-599.3690,-70.7537,19.6938,72.5657,100.0625,146.9788,89.6686,69.0728,66.8917,212.0218
-233.3891,-218.9715,-201.6340,-7.0466,-33.2513,156.9238,141.2039,87.4891,82.8185,-573.8520,-70.7932,-35.0031,7.1068,98.4033,83.5151,94.0154,-40.8813,33.7477,95.9072
-186.2522,-271.5714,-207.7204,-61.3098,-127.3815,96.5017,89.7072,73.7523,18.7551,-495.0772,-60.3428,-62.3031,-11.0551,91.3346,24.3631,85.1181,-169.5680,8.2103,74.6704
-212.2528,-360.8334,-195.3613,-147.8685,-118.6499,37.1289,138.4499,109.2013,86.5262,-337.1142,-46.4968,-99.7238,13.7193,16.2983,30.2084,88.2727,-245.0197,-58.6103,131.9480
-250.7073,-357.2095,-174.4783,-203.0718,-22.8293,-18.2714,242.7697,151.3097,243.1876,-217.1380,-29.8428,-137.6375,22.7388,-68.7145,72.1581,74.9624,-243.1183,-111.1841,200.5233
-244.7523,-336.4520,-140.9079,-179.7398,45.3688,0.4006,314.8729,206.3042,266.2463,-233.1647,-7.4558,-154.0204,13.4914,-86.9611,87.1316,54.3572,-189.9210,-91.0181,267.1644
-197.3539,-318.7932,-111.4317,-138.3716,60.7299,71.4897,305.8993,258.6907,35.9527,-279.6032,17.1672,-144.1842,18.9268,-62.2068,51.0035,60.4648,-152.2500,-49.3770,323.4087
-161.4289,-229.6360,-108.2891,-150.1396,85.0915,131.3823,238.8765,282.5045,-213.7879,-234.3170,7.0498,-104.0720,24.5194,-26.6853,-8.4736,70.9963,-168.2705,-13.7859,367.8251
-155.0291,-131.3878,-115.1190,-163.2910,130.8503,225.4945,187.8095,341.3088,-195.2937,-130.1025,-43.5263,-47.9984,16.2324,37.3284,-47.0975,64.0288,-181.1390,80.7847,435.7418
-129.1572,-116.8904,-89.1107,-106.2025,185.3028,370.1561,229.1798,466.2996,15.7146,-28.1485,-55.0897,0.3785,34.7664,101.4702,-35.7906,67.6681,-142.7083,216.9147,505.1415
-68.8083,-138.2393,-41.9179,-38.0364,246.1085,437.2642,337.7046,526.0820,172.1342,63.3169,-0.6220,34.1460,87.1404,100.1007,24.6572,82.7666,-98.4516,273.4257,504.8628
-26.7000,-136.8981,-46.6805,-31.9843,269.8528,380.0908,393.9856,451.3555,249.2939,142.0641,17.8788,45.5331,108.1153,54.4656,90.0085,73.8652,-77.1614,237.1130,467.0680
-32.1318,-122.6022,-108.2595,-42.1531,234.9795,318.1602,378.0390,383.0076,336.3273,217.4918,-38.7181,40.9823,75.2790,44.1367,109.6594,55.4889,-53.9856,201.6884,467.1204
-76.4244,-110.2995,-128.8847,-24.2119,188.9091,281.5899,371.4717,392.4951,377.6591,280.7896,-63.5008,61.6562,38.5871,76.1189,92.9810,70.7996,-41.3643,169.5645,447.6349
-144.5342,-110.3240,-63.6197,-2.6468,130.0320,175.0114,342.5630,342.7548,295.9061,268.7460,-6.6815,119.7855,15.6922,95.9813,79.1170,98.3151,-35.8018,83.6088,320.2836
-187.8873,-104.6416,18.6166,37.6797,20.3233,21.1676,212.2776,164.8116,164.8718,168.5288,51.3759,175.7112,-17.3986,79.9840,64.6899,82.9919,28.5028,-13.2208,137.9243
-169.3365,-70.7098,57.4716,114.5080,-79.4933,-56.2503,60.6805,-19.4903,81.0090,64.6964,63.3957,201.0998,-56.8344,37.4032,36.8751,36.3036,127.6958,-47.5791,1.2815
-129.7854,-66.2900,62.2062,148.1990,-98.6987,-58.5874,-6.9065,-105.7771,43.4741,24.3856,62.6825,178.7307,-82.4317,-23.4900,21.0790,11.3389,137.7676,-49.3923,-70.5771
-101.9706,-115.8589,59.9646,79.2890,-79.4201,-89.3894,-19.1480,-117.7087,42.2035,50.6847,72.3083,88.8015,-86.0639,-91.1655,31.9708,4.1065,34.6624,-75.3248,-99.4534
-57.9593,-119.8126,63.0859,-30.1119,-59.4047,-159.3205,-11.7544,-113.7626,85.3666,113.5534,88.9051,-26.2628,-65.3125,-151.7850,41.8803,-19.2140,-87.6669,-92.5344,-94.8964
-7.2893,-76.6014,67.2086,-95.2273,-14.4361,-166.7136,14.4401,-98.9344,122.3918,160.0821,95.9250,-81.6477,-47.2251,-191.0220,24.2115,-30.9608,-144.4987,-28.8598,-57.9465
8.9292,-109.3201,68.4750,-77.2476,34.9128,-57.2544,20.4965,-39.5061,105.1170,178.9302,62.2148,-68.7201,-71.1625,-181.1445,-11.2271,4.9158,-89.9155,108.7236,5.0372
12.1445,-164.0474,83.4066,9.2755,51.6804,79.4423,11.2720,39.1964,81.0819,209.7762,0.3542,-52.3944,-112.2006,-117.1464,-21.2785,42.2944,38.6905,218.7612,59.4921
29.8638,-91.9332,111.2831,75.4157,61.1416,125.9314,33.3541,47.5850,91.2643,232.1339,-24.6057,-71.2275,-114.2324,-60.1159,15.4998,35.4462,111.8211,231.5719,69.5608
39.8341,16.3350,122.3981,62.8839,75.0470,104.2096,46.4791,-13.0762,95.2440,206.7593,1.9420,-109.0163,-87.0094,-61.1471,45.8892,29.1258,90.2985,204.4913,52.4334
49.0167,-2.3118,126.0320,38.4275,60.0340,105.2062,16.5634,-43.0756,86.0486,191.6804,29.8553,-127.6299,-74.9046,-76.2135,22.4386,63.3324,70.6112,198.3601,32.4257
78.1544,-70.9353,146.6137,46.8064,10.3281,100.3029,0.5946,-36.3505,98.8242,218.2060,37.9002,-115.4945,-88.6475,-58.8154,-5.5051,91.3811,73.4217,142.6711,-12.8835
83.0292,-51.4812,142.4368,28.5389,-64.4664,-3.1246,-12.0448,-68.0220,97.4643,214.8721,31.0212,-110.0480,-120.2775,-60.0209,10.5777,65.1821,33.0353,-17.9008,-89.0283
39.6101,8.6521,87.1950,-22.0487,-165.3319,-175.6235,-76.9035,-122.1306,47.1831,181.0842,-8.5189,-132.0541,-151.4161,-119.8176,33.2173,10.3077,-25.6565,-171.4791,-159.0358
7.1008,-2.7810,51.4966,-40.7619,-255.7096,-301.8878,-130.8107,-151.6513,3.2050,175.0597,-63.9309,-144.1234,-159.5970,-170.7760,38.1985,-19.4806,-40.6186,-215.3101,-208.4449
7.9412,-86.3167,78.7500,-37.1391,-284.6384,-336.3056,-130.7916,-190.4051,-17.1604,151.8284,-65.8226,-127.8328,-159.7863,-161.5587,47.0816,-11.9942,-34.3481,-218.1700,-242.5127
-12.1329,-151.6296,106.6287,-53.9306,-258.9962,-312.1139,-153.4997,-242.8667,-62.0382,79.8525,-12.9568,-112.7516,-171.1435,-144.2673,44.1140,-7.0216,-45.0579,-258.8594,-257.0459
-72.5904,-143.1277,79.8485,-77.5330,-212.9071,-265.8999,-184.6646,-239.5264,-105.3888,36.9930,7.4409,-111.9326,-162.4694,-159.0922,23.9286,-31.5829,-77.8404,-290.3814,-260.8128
-135.6693,-105.7623,20.9257,-95.2473,-148.8346,-207.0751,-129.9039,-169.6897,-102.2566,31.2961,-26.7864,-123.5816,-115.3082,-169.6314,45.0972,-48.2595,-124.6552,-254.1538,-254.2626
-169.6906,-85.1380,-13.3269,-99.9138,-59.7824,-125.2539,-29.9369,-86.4398,-93.4581,9.2267,-39.2515,-145.7367,-58.6802,-144.4121,112.6622,-22.1751,-135.6693,-166.7371,-216.7749
-160.9608,-47.2828,11.9050,-53.4964,30.0317,-22.2850,42.9836,-6.1657,-86.4412,23.8273,-4.2809,-134.3146,-1.6244,-89.4063,157.5464,14.9294,-77.4153,-65.8637,-170.8530
-122.7789,3.2948,64.3925,37.3107,80.7809,74.8944,119.0435,78.8304,-33.1806,114.0131,21.9842,-57.0675,51.2177,-23.2536,171.3685,33.6396,-7.1988,33.2529,-149.8678
-102.1562,-10.0276,93.2156,119.9232,95.5595,149.9445,181.5358,160.8502,20.5348,192.4050,32.3272,26.1499,66.8581,17.5976,186.0852,51.5589,45.5199,133.1944,-112.4042
-117.1603,-72.9184,121.3422,188.7723,116.6996,195.2060,165.6542,225.8910,2.6429,213.9047,73.4120,52.4658,63.0106,11.1134,175.6682,72.3569,122.1182,213.2171,-38.9767
-124.8301,-89.8852,164.9472,229.0840,128.4567,175.3289,112.2530,244.7275,-31.6210,211.9099,123.7521,32.2719,81.1282,-16.1150,129.2660,78.6887,178.1260,205.8584,-7.1103
-87.3780,-48.6377,152.7817,174.0505,67.9044,74.3194,80.3522,203.4980,11.4052,187.0393,121.3213,-19.1595,72.1371,-42.8841,102.8700,69.2153,131.1812,101.2199,-34.4627
-23.9592,4.5688,83.7742,54.9992,-29.8159,-42.6536,53.6850,155.0110,121.1650,156.0413,85.8450,-73.3484,0.0168,-65.8496,107.7047,36.6536,47.5506,14.0889,-39.3837
13.2395,50.4248,68.7161,10.7198,-67.7136,-94.9599,40.0426,149.0136,168.9659,153.7605,75.8872,-49.2772,-46.8492,-45.7021,89.2099,-18.2051,34.0709,18.6775,-24.6078
-3.0498,68.0302,109.2899,73.8712,-66.4784,-79.9132,51.3353,153.4751,39.5863,145.4360,82.1749,52.0244,-23.6991,30.2953,43.1461,-47.5369,66.6359,48.6333,-65.6628
-34.1921,59.4132,110.5673,142.6946,-99.0971,-44.4167,42.5356,131.8856,-119.7119,125.3642,77.7909,102.8182,-4.4181,88.7263,24.9808,-28.5310,89.0005,64.6503,-131.7938
-18.7288,65.0986,106.6713,157.4240,-110.8331,-2.2548,33.3365,114.8431,-23.0355,150.2981,88.3183,63.2685,3.7602,101.1459,53.5330,-7.5515,97.2093,112.9169,-135.7754
31.5023,62.2017,171.3157,139.5679,-13.3599,66.7654,99.3451,127.6940,204.6198,172.9046,123.9666,42.3019,65.5015,130.0866,93.6953,-2.4807,76.0019,170.8819,-87.2096
42.0693,1.8814,225.3347,104.8688,147.3267,146.8014,200.7468,139.9331,152.4193,123.8215,143.8927,78.6576,157.1188,166.7483,124.2015,20.1815,22.3481,166.0043,-41.1749
-7.5022,-55.8390,189.9546,50.7655,273.6953,183.4398,258.9702,135.8587,-86.0445,85.0830,137.7793,81.6019,225.4418,142.8453,162.2828,58.4549,-16.0165,119.7052,3.4288
-57.9845,-49.4540,135.7900,-2.8786,344.1878,173.6680,302.5923,152.3594,-73.9381,100.7109,136.5728,14.1494,280.2047,102.0105,204.0770,85.7307,-20.0551,87.0137,60.8745
-64.3002,-42.1569,127.0243,-23.6373,366.1967,165.4033,339.8690,201.3543,101.2186,81.1205,141.0677,-49.4243,298.8932,114.6859,201.5837,96.6800,-23.1285,55.2061,102.5905
-44.6954,-73.1079,126.4445,-22.6002,313.7733,147.4672,297.3878,233.0562,76.0112,47.6654,137.3437,-54.9805,231.9425,120.9254,145.2031,74.5766,-44.2402,14.2976,102.7638
-32.2624,-83.0278,102.8709,-43.6397,185.5279,77.9728,196.2979,226.8299,-36.1554,90.4223,141.2865,-30.9954,129.1423,76.8607,90.1561,15.9343,-61.5141,-2.5271,92.3356
-24.4274,-63.6352,74.7749,-63.3034,62.8336,4.8004,147.0801,224.3974,-13.4517,131.2497,153.6348,-11.9706,78.0082,68.9429,57.3379,-16.8392,-28.2818,9.6020,111.1413
-4.5509,-59.1639,61.6599,-13.5296,17.4246,-16.8304,154.5385,224.0948,-19.6057,88.0528,139.9619,11.5093,68.7707,120.7245,17.5327,15.2125,59.4303,8.7570,127.4658
13.3095,-45.4003,66.5138,59.7312,-13.1302,-44.0073,140.5767,170.1749,-131.1078,35.5506,95.0043,37.4186,42.0024,127.3599,-13.8785,51.9186,115.7335,-40.5163,88.4210
16.3390,10.3239,80.1774,51.3466,-114.4571,-110.9423,101.0248,73.7184,-145.1503,0.8405,48.2472,26.6471,-11.6930,67.9164,1.0344,40.6277,96.9661,-107.4476,20.2953
41.9772,65.9360,98.6983,14.0945,-194.9883,-134.7639,85.2402,-3.9793,-67.0408,-46.8255,11.1312,-22.0752,-47.9350,32.4212,35.7846,20.4843,101.1738,-95.0869,-26.4150
109.2752,89.8397,133.6351,80.0497,-101.7502,-82.6696,114.5601,-57.0999,-35.8303,-24.2255,-8.5662,-56.7396,-14.6432,31.5659,50.6886,38.9155,192.0315,33.3170,-60.0039
154.1620,112.3715,176.4272,224.1737,124.7001,-16.8716,198.8622,-86.9831,39.3542,95.1210,11.2041,-57.0019,84.7816,14.5034,56.9300,71.5882,286.0733,184.4895,-78.6748
136.7120,153.4517,193.5823,332.8300,322.1593,67.8582,318.3043,-52.4133,181.6354,161.6948,58.7996,-38.3769,183.4032,20.1602,66.0340,75.0525,310.8409,281.4026,-39.7155
110.8056,187.0600,175.1794,365.8042,419.1555,207.3672,379.4993,35.7326,176.6174,137.7491,86.3934,-3.8775,233.1526,96.5839,73.3356,71.1814,263.9163,333.1300,43.0320
97.7034,180.0303,134.8047,302.3229,417.2061,311.1537,327.1082,107.9345,32.0956,156.9373,70.2680,14.5250,236.2524,160.2025,92.6426,111.3443,141.9835,304.8939,108.7907
61.0523,129.4858,90.7874,145.1209,332.0582,274.8605,256.7802,141.0515,2.0246,220.7394,29.3607,-31.7915,203.4901,121.6622,122.0578,164.9483,19.9150,163.1774,151.1649
46.1857,66.4492,83.0466,21.7900,236.4025,164.4688,262.6689,148.0737,92.4154,204.8879,6.9667,-98.4605,158.3465,39.7135,124.1750,150.7483,40.3229,41.6785,192.3111
116.0453,33.1156,135.4726,42.5351,190.9340,110.4602,267.2661,126.2053,112.7419,121.4785,36.9888,-107.6134,126.3909,2.0646,89.1475,83.8881,180.3090,74.2353,217.7396
188.6268,62.2039,196.8511,122.2036,140.6575,111.9934,169.9877,82.6812,69.7859,79.8236,83.1429,-96.3077,76.9977,-11.4685,49.7819,50.0780,264.0488,153.2481,201.5715
171.8205,138.7946,193.7423,140.5554,13.5991,71.5515,26.3411,28.2735,69.3391,91.2124,63.0872,-121.5878,-25.6910,-39.3708,28.5165,54.7398,237.0514,117.2055,137.6568
120.1927,165.4041,117.6639,120.3471,-145.9704,-36.2604,-68.0723,-34.1759,74.8762,91.8025,-23.4188,-127.2589,-131.5276,-61.8683,23.6455,48.6264,186.0723,8.2671,58.1025
82.5278,77.1831,21.6383,114.4130,-245.7562,-129.2020,-113.4585,-74.7552,35.7349,59.9692,-89.3623,-85.2018,-182.0604,-72.4736,20.8399,32.9427,158.5805,-58.6036,23.8694
38.5457,-5.9849,-31.5112,110.5362,-288.6629,-145.8588,-144.1546,-81.0247,3.2982,30.7200,-96.7672,-94.5220,-206.3950,-86.8187,-1.6403,20.8291,144.8040,-78.0014,34.3294
54.1084,56.6574,-22.8530,107.8791,-354.1366,-111.7771,-174.7402,-83.2403,7.7650,47.1076,-82.0421,-196.3166,-239.8427,-87.3183,-45.3183,6.4119,128.0144,-73.9239,30.8754
180.8618,166.5323,0.0811,125.2056,-429.3393,-45.4371,-199.0884,-46.7635,23.4074,115.3184,-73.6413,-282.9890,-249.0801,-62.4461,-82.4650,14.3266,86.1205,-20.7153,38.7630
269.7315,163.6024,-7.6687,146.0003,-375.8274,73.7389,-158.7980,83.1844,52.7696,190.1564,-73.3945,-274.3818,-197.2072,-32.9104,-86.3973,53.2206,35.7005,77.7510,125.0099
201.6011,118.0565,-23.5551,150.6525,-154.6190,201.4936,-17.2271,207.1929,101.7179,210.3027,-69.1090,-206.7992,-95.4473,3.7478,-47.3724,68.8250,24.7186,147.7626,227.7490
101.3835,145.6371,-12.4043,147.2422,68.3962,248.3436,128.7668,204.3218,138.8974,168.3853,-44.2645,-120.2883,14.7507,58.0729,17.3100,48.7901,50.6924,131.9829,257.1399
84.5121,171.8712,20.7364,146.8292,162.8924,218.4808,168.2180,151.4640,154.4395,132.4373,-18.4475,-11.6085,77.2526,103.4878,60.1735,53.1655,89.5229,68.0798,260.0097
85.1381,136.8185,61.6491,158.8656,182.5193,177.7475,134.5334,147.9638,156.1373,148.7516,-23.7917,79.0381,60.0089,118.5398,58.1549,84.2698,144.7349,38.7953,278.3813
55.4198,135.0325,90.4542,176.5714,192.0214,135.7462,106.9583,134.1334,118.6793,171.3663,-35.2925,56.9892,10.8895,104.6028,46.1838,80.5821,176.8919,55.6077,250.7632
33.7044,193.6227,67.9699,161.7794,173.3011,89.7604,89.0647,80.1734,55.2474,167.9327,-24.9682,-86.1339,13.8049,65.0620,48.4181,41.2564,125.0330,60.3101,184.2754
20.7617,208.4633,-7.7968,112.7388,121.4025,74.0404,65.6536,67.7109,39.0153,180.2478,-27.0334,-200.5857,67.7072,39.3152,42.4190,12.7991,37.4283,36.7015,170.8581
5.2674,138.5918,-73.4340,88.7013,55.5157,84.0548,41.8582,96.2118,63.5571,200.3209,-53.5497,-159.8939,82.5851,62.8039,23.9329,-5.5656,6.6444,25.3149,202.7169
4.7836,46.7193,-81.8004,96.2972,-10.3328,83.9918,10.5394,87.1132,62.3710,178.9875,-63.7440,-51.2702,20.2202,76.7536,16.4499,-33.9472,5.3753,38.9768,197.8020
0.7805,13.8217,-64.1778,68.0866,-40.7541,89.7544,-36.7892,49.9707,62.0322,175.3995,-52.6909,-32.4553,-48.6431,33.9344,12.7539,-50.9858,-45.5805,53.8149,145.7116
-25.9249,88.2418,-74.1911,-2.1787,-29.6781,116.4437,-96.6299,36.8658,91.2906,245.7197,-38.5868,-81.9048,-63.7130,4.6660,-8.2347,-35.2078,-127.2316,59.7769,83.0982
-45.7200,199.8823,-106.6042,-46.4706,-26.9363,121.9386,-150.4997,39.5861,97.5470,282.7769,-21.8905,-79.5586,-49.5206,23.1619,-28.2005,-7.5948,-167.2882,68.4188,39.7674
-55.0277,206.6789,-116.3266,-39.3230,-23.6409,104.7032,-144.8454,43.1023,128.7965,228.7317,-40.4425,-28.9526,-35.5774,28.1501,-8.4521,18.4608,-147.8360,100.8255,50.4958
-72.7709,116.7999,-106.9252,-2.3404,43.4446,123.8963,-54.5645,54.1592,242.5132,208.4309,-118.1035,-4.1103,-15.9258,29.2503,53.4384,66.6258,-102.8865,163.8875,99.4720
-76.6152,63.2296,-123.6964,48.0015,150.6455,163.8804,40.4328,48.3463,238.8861,245.0668,-164.3314,4.2556,6.3767,67.0558,101.5337,124.0980,-66.2449,216.3495,104.9775
-62.9252,68.2968,-146.9981,82.0258,226.5692,141.1042,61.7176,-9.3446,25.2375,195.3165,-104.3672,27.3514,39.8598,68.4570,79.0568,118.8971,-39.6055,208.8772,46.0671
-53.9181,81.2966,-108.7703,76.2697,267.8542,57.3811,49.4165,-103.4590,-50.9196,67.4984,-7.9870,31.9509,115.5926,-4.0212,21.4048,40.6487,-6.0660,154.5828,-4.1448
-5.9551,118.3400,-29.2574,56.6689,283.4547,-14.9277,62.8472,-181.8420,140.7902,15.3066,43.5891,6.6472,201.2763,-45.5355,11.3930,-13.3510,19.9362,96.6810,-7.5355
111.8995,166.7808,1.9244,46.1924,251.8482,-64.5994,78.5705,-206.4555,164.6510,49.8648,48.2795,8.1626,215.3366,-10.1025,32.9825,18.9636,2.2427,49.0367,1.3996
207.6037,164.0202,-24.9975,33.9565,184.5757,-119.6619,62.9055,-173.8095,-109.7767,93.5389,16.2205,56.5817,157.2333,30.2915,15.4073,87.2029,-46.6575,10.4017,2.8332
195.8226,134.1410,-48.4694,18.8996,105.4701,-172.7281,24.6626,-119.2507,-223.5141,142.8684,-16.4758,85.4992,92.4310,36.5427,-12.5684,125.4262,-84.6384,-34.1014,1.4375
119.5611,127.3827,-61.1654,-16.4177,5.7940,-223.6098,-37.2005,-110.2659,-62.4181,155.3454,-4.1088,25.8299,38.5046,-2.7502,-4.6872,110.0655,-122.6262,-112.8379,-22.5123
73.1517,120.2118,-99.6462,-110.6311,-99.6142,-280.5184,-133.6631,-179.0826,6.4552,57.6969,-2.2902,-112.2152,-16.9422,-91.2398,-19.5145,48.6804,-184.9269,-192.8349,-72.8013
103.0535,107.9670,-146.3389,-211.7232,-162.4611,-287.5984,-226.5802,-252.2229,-46.4696,-50.9931,-71.4112,-234.5904,-61.8318,-141.8510,-70.4045,2.6184,-219.3780,-190.0760,-96.2071
147.1210,105.0196,-145.1530,-208.5645,-163.0911,-194.8249,-253.0581,-239.4516,9.3885,-25.7755,-125.4494,-236.8764,-88.6000,-85.9484,-57.6760,33.3335,-164.0776,-107.9838,-65.6124
91.0404,84.9487,-91.2766,-111.4740,-106.6836,-59.4038,-215.4499,-174.5327,71.2010,55.2278,-94.6348,-115.7309,-93.7010,-8.1322,11.9818,90.6822,-59.2738,-19.6660,-31.3604
-6.4732,93.0797,-32.9405,-18.3660,-11.3687,56.5758,-179.5027,-132.3587,-23.2818,43.9051,-57.8560,19.4150,-61.6925,16.7829,12.5369,84.2568,14.2471,80.0299,-19.6503
61.0465,205.8884,6.5453,47.8640,73.5065,168.0330,-169.5257,-85.3184,-131.1576,-20.8131,-52.9729,83.4625,-11.7546,33.6287,-47.7382,37.6933,48.7458,215.0289,14.3670
283.5533,337.2316,45.0000,101.5430,119.4151,258.6435,-140.7121,4.1261,-129.2446,-26.7092,-16.1002,105.2792,11.0581,63.0085,-54.7936,35.9735,69.1378,306.7477,78.2503
432.7291,396.3170,80.2531,122.5679,154.8801,278.5532,-73.5888,95.7632,-73.3538,44.2910,38.8772,138.0660,10.2455,81.8580,-13.5923,87.5116,62.1816,308.7703,124.3279
452.1009,464.5044,85.8279,122.2198,190.0034,268.1927,-6.0666,180.4099,1.7596,154.4912,44.7299,162.9520,18.8246,109.8122,8.7564,136.7339,30.1704,306.7220,159.9538
446.2875,537.7376,64.4664,128.7592,190.3938,287.0950,33.4557,274.6325,58.8377,237.0818,20.8207,144.2138,31.5390,137.5229,20.4544,141.0893,20.2083,335.5117,224.2072
400.1173,484.7754,39.1985,115.7137,153.6644,296.6037,45.5965,318.9987,62.4780,232.6952,0.7951,110.2136,23.2553,118.4072,34.8463,102.1751,40.5619,315.3494,286.6825
286.3207,374.5859,23.3377,72.1931,117.2685,266.8354,42.9517,291.8535,100.4136,194.0743,-33.3008,111.3336,-6.6237,90.2914,41.4388,65.3779,49.5905,244.6024,301.2595
212.7264,347.4034,38.5996,50.4381,93.6851,245.0548,49.5621,279.5226,175.7098,195.1236,-63.8966,140.5332,-37.4824,110.5974,60.0381,66.9512,49.5769,213.6322,280.6101
212.7092,310.0658,93.2086,80.1261,71.7694,249.7404,60.0921,293.0073,117.6133,179.2711,-48.5191,151.1033,-49.8825,130.4665,76.3391,83.4955,83.0923,234.5174,245.2983
183.1830,204.3334,144.3801,143.8810,60.0564,263.8478,35.8322,261.3811,-29.8639,112.0973,-7.8005,126.8700,-46.9728,92.9054,40.8945,74.3557,147.3058,264.6379,207.0365
106.7054,166.5085,167.7188,212.2457,80.5306,292.8425,0.5334,220.3320,-17.6477,93.0163,16.9991,93.8911,-38.0010,32.2371,-1.8552,32.7744,211.3351,308.0629,206.1155
61.8040,175.2737,203.5914,240.6237,138.0251,322.7020,30.4974,240.4288,118.1240,138.6301,28.9809,77.8723,1.3823,0.0222,19.5434,-19.4281,270.6414,359.1653,268.6414
63.8678,94.2560,261.4495,216.8617,215.7619,339.4602,119.0431,285.8605,167.9084,160.9554,42.1574,80.1043,84.0021,3.6210,52.4196,-36.7667,310.2514,381.3582,367.3519
75.9894,13.7637,290.9599,193.7050,284.6714,377.0244,194.7567,324.4422,203.2702,194.8067,54.8671,92.0983,144.8622,16.0982,39.5436,9.4704,297.7475,378.1020,454.4894
78.8582,25.7047,283.0820,194.4384,310.4097,413.8047,237.4834,367.7401,334.9629,283.5191,59.5101,110.0758,117.6202,6.5201,34.8348,68.3990,251.7704,362.4337,474.6008
69.8277,-4.6405,273.3417,183.1193,283.1015,370.3655,247.6684,370.0914,369.1738,300.7786,48.4100,123.3897,40.4333,-10.7770,55.1906,74.4317,221.1798,320.0680,405.6675
62.8417,-102.7663,267.6815,148.6402,248.7593,279.3628,214.2688,307.0570,204.2596,210.5637,36.6294,112.5293,1.3705,-2.8458,41.3460,49.4469,205.7420,271.4233,326.0000
60.4388,-123.3319,263.0681,103.8907,253.0016,225.1190,184.2142,247.3796,102.6198,167.9693,53.5102,86.7921,20.3742,10.9799,12.9374,41.1661,188.9178,246.9213,314.8871
31.7594,-91.4176,270.9655,64.6365,256.6339,167.8655,209.3868,216.9555,201.3069,187.4400,83.2530,87.6361,38.1770,4.5399,35.2275,40.9105,186.7080,210.9783,316.3663
-26.9201,-113.8181,272.2058,67.5549,195.8445,59.0979,235.3507,174.7328,261.0241,139.1140,76.2489,110.5620,6.0833,-14.2161,83.5001,31.2580,185.6152,128.6000,248.5301
-79.6170,-133.9258,230.7573,79.7276,94.5630,-45.4853,191.3373,116.7655,144.1385,42.8207,30.4764,91.6328,-39.9712,-58.5086,112.5363,13.3918,134.2684,22.1342,143.9284
-114.3116,-107.0202,152.0645,-6.6434,14.2497,-121.5933,110.2025,44.4132,41.8758,-19.7894,-12.5321,27.1836,-39.6740,-117.3144,140.2537,-15.1177,41.0528,-89.0634,60.8155
-140.0986,-108.0089,70.0640,-158.1131,-41.2514,-184.9549,48.1995,-48.6289,66.5940,-69.0426,-40.9316,-6.1581,-23.4008,-112.4995,168.2825,-39.5016,-41.1696,-181.0604,-2.5200
-165.9598,-159.6882,5.6968,-224.8068,-82.4661,-191.7096,1.1281,-112.5411,78.2897,-99.4349,-64.7597,-1.5158,-49.6009,-58.1128,157.9787,-51.3799,-111.8475,-202.2503,-50.2747
-209.2435,-225.5259,-39.9010,-221.6585,-87.7624,-144.6008,-32.0188,-129.2035,17.3260,-97.4003,-63.8089,-31.4328,-66.0357,-76.3085,110.8916,-82.5766,-179.8400,-160.8484,-77.8381
-247.6955,-278.3941,-69.6406,-247.8801,-49.8559,-125.5150,-12.7788,-161.0429,0.0547,-136.3485,-21.8944,-81.7020,1.2591,-156.5321,69.9774,-118.9318,-198.2889,-114.4968,-96.2606
-227.6829,-271.9174,-66.1869,-239.9330,13.1267,-123.8087,64.1056,-199.0333,37.1679,-197.4828,22.0979,-70.1433,97.3586,-175.1224,57.4158,-97.1397,-149.7575,-57.1601,-94.3085
-181.9679,-225.9626,-17.0423,-145.2674,84.2163,-79.0554,136.2790,-176.0058,12.0533,-174.8778,30.4125,-19.5187,139.8198,-134.5304,59.7418,-52.3114,-90.2349,26.7601,-52.4869
-188.4466,-233.9600,35.3158,-82.3762,142.2618,-33.7326,156.5010,-125.9934,-65.8291,-126.4154,31.3053,-13.6295,155.4787,-97.5147,59.9683,-61.8014,-51.4314,85.6046,7.9571
-209.7247,-250.5378,53.2345,-90.5491,178.9870,-22.0756,161.3999,-91.8455,-77.3604,-131.4823,61.9744,-32.8933,190.7348,-40.1164,68.9889,-72.8397,-17.4876,107.0652,67.6471
-167.8868,-143.8165,73.4111,-59.2722,205.1814,5.8950,195.3431,-16.1889,-16.4078,-87.9611,100.0696,-0.9815,209.5571,22.0872,94.7404,-32.5372,12.2298,137.9094,132.6938
-108.9899,26.1086,113.6369,25.9579,199.5752,43.6050,225.7136,96.7312,17.9752,11.7153,106.9547,75.4851,162.0132,14.2867,94.8641,-28.6545,40.3863,161.9390,182.7524
-114.2557,87.0334,117.1934,86.4074,133.0427,37.0122,216.8429,141.2886,-14.6131,10.6139,80.9079,122.3125,68.6866,-21.9584,41.4990,-82.6582,80.1255,142.6956,188.2700
-153.8959,16.7417,76.0657,108.4875,45.7288,-3.1056,196.1814,106.4595,-69.7528,-53.0821,43.3187,104.3683,-3.7586,-0.3208,-7.8799,-73.0202,98.0082,113.5375,157.6291
-151.8946,-73.8637,52.1548,98.6981,-9.8812,-50.7976,176.8642,81.6691,-97.2766,-17.2059,19.2891,71.5341,-21.1785,40.7855,-2.4188,9.4710,57.7671,88.1383,108.6973
-112.6272,-90.9500,45.1720,48.5266,-43.8258,-84.2940,143.9162,94.3884,-83.5192,51.2040,14.8932,77.8743,-1.9358,39.3665,27.5139,41.5326,-1.3554,31.2954,66.9117
-110.9343,-64.2595,13.8451,-21.1637,-50.1985,-51.9200,138.6828,99.9678,-39.2766,11.1846,4.5981,65.2058,50.2188,7.6124,57.2129,0.7921,-35.2847,-39.4130,82.9845
-169.2340,-139.0834,-10.6836,-114.2316,20.3899,21.6437,201.6188,62.5201,17.3795,-86.9202,-11.9796,-46.7049,148.9367,-46.0744,93.6033,-44.6157,-60.2197,-80.4283,153.2482
-206.6499,-326.5956,16.8868,-237.6761,142.8535,45.0815,269.6224,-3.6145,51.7737,-141.1003,9.3561,-165.7616,237.3599,-103.0446,106.9697,-64.3840,-86.8888,-94.3161,195.4989
-177.6335,-409.4005,65.7738,-308.9504,220.4127,44.6149,274.6916,-29.5486,34.9829,-129.1189,65.4063,-147.8069,241.8011,-103.4233,81.7450,-41.9173,-106.9492,-83.5096,175.8810
-162.2242,-308.3086,80.5240,-276.8495,221.1223,82.0448,246.5479,18.5307,-6.0728,-69.8088,92.1744,-55.4225,203.9632,-63.0659,63.2970,8.3233,-133.6852,-49.2938,137.4945
-206.5773,-214.4924,46.9232,-212.9420,184.1539,72.9378,211.4807,62.5551,-40.6504,-24.0991,72.1371,-28.5465,187.8636,-64.4451,53.6675,13.2506,-148.9254,-28.3067,91.4677
-237.8572,-206.0285,2.5129,-146.6594,131.6486,-38.4914,126.8479,22.6163,-97.6800,-31.7780,42.7900,-37.1137,148.1817,-100.7788,8.0128,-30.2170,-102.4194,-25.1395,18.7119
-227.0753,-175.7628,10.2119,-53.0437,73.3258,-142.0853,-8.5581,-71.6984,-164.9176,-56.0987,28.0910,-9.9215,59.6207,-116.0630,-38.2207,-48.1523,-27.4278,-12.4277,-58.3751
-219.5198,-134.6386,71.4922,-5.5373,31.5102,-185.6006,-109.6231,-152.4668,-158.2479,-89.7678,44.9195,10.5719,4.3266,-121.7348,-25.5127,-47.0730,-9.8272,-22.7211,-109.3300
-200.3916,-151.4615,103.5740,-52.6051,-6.0976,-238.8862,-128.7988,-187.8228,-99.9636,-144.6517,88.3709,6.9600,6.0128,-122.6243,-6.1698,-65.9444,-39.5870,-82.4297,-131.3779
-145.4975,-158.9906,68.8470,-83.7741,-87.2770,-295.6770,-123.6172,-168.9318,-99.8731,-152.6596,97.0955,31.4565,-18.9739,-83.1826,-48.0146,-67.3455,-42.0879,-129.1050,-120.2482
-103.5886,-113.3740,31.8029,-39.6096,-208.5594,-310.5898,-152.7183,-122.2585,-128.5545,-100.7850,44.6138,70.4497,-105.3041,-40.3257,-111.0840,-55.3606,-4.5477,-134.0898,-91.9077
-91.6788,-78.0441,39.4283,-3.3880,-302.4233,-337.0592,-199.8912,-103.7670,-105.1050,-91.4258,-5.4483,77.3202,-210.9495,-59.4112,-148.7916,-92.2702,38.7650,-153.8919,-95.5700
-81.6832,-67.0629,62.4936,1.3529,-333.1518,-394.4770,-242.6710,-122.1353,-108.0085,-125.5233,-14.7208,67.4326,-295.6987,-91.2143,-186.5376,-129.3088,64.4998,-193.7649,-127.6057
-97.3148,-64.4794,63.5954,15.5450,-320.6158,-374.8352,-276.4762,-118.6076,-191.7612,-107.4248,-14.8501,55.1243,-319.8116,-58.1545,-225.1203,-82.3733,48.3216,-198.1882,-119.3830
-145.4902,-92.0984,28.4206,1.5068,-261.4729,-222.0237,-247.4655,-44.9898,-223.2587,-51.5540,-25.7484,26.8675,-259.7646,-2.9265,-208.9447,-9.0001,-24.2826,-155.3147,-51.6905
-170.6861,-125.6068,-38.0509,-70.5072,-132.4272,-21.9522,-118.9299,74.6092,-140.9237,-15.6024,-49.1929,-5.1032,-150.7728,4.2845,-127.7485,17.1857,-123.3349,-77.3745,26.0987
-180.1766,-150.5677,-98.9546,-135.8038,28.6038,135.8174,17.3347,169.6299,-71.1214,15.5183,-81.4943,-30.1785,-41.2218,-4.7103,-43.9944,30.9777,-192.3536,28.9596,85.0007
-218.7943,-233.2451,-115.3533,-144.0807,153.8431,241.6259,68.9447,204.0539,-72.1206,40.1937,-82.3183,-46.4108,46.4372,25.0283,-2.5862,46.0204,-189.6452,121.9948,123.4952
-246.3034,-332.0650,-88.7233,-92.9796,236.2680,309.5752,81.5098,202.6728,-77.1367,37.4538,-39.9690,-17.5050,94.7010,73.3972,17.1504,20.0717,-116.5339,173.2743,126.4774
-234.4354,-292.1224,-45.7810,14.8752,299.2022,334.0862,106.1169,185.1122,-79.9353,24.5730,-13.5377,59.2493,110.8229,101.4703,45.5219,-27.8101,-18.8105,217.1305,89.7040
-234.0753,-143.0959,-15.2706,124.4683,323.7253,308.6278,106.8937,142.7557,-122.2829,-3.1286,-14.0312,110.9683,125.4811,111.2099,69.6702,-37.2852,53.3755,257.9169,35.2846
-233.3162,-57.7038,-22.5807,161.7737,269.4191,249.3880,71.8906,95.9083,-178.8510,-46.5247,9.5420,109.1783,128.3616,109.4363,64.7059,1.5037,76.2501,240.2144,-10.0950
-169.2388,-36.0407,-62.9851,154.9083,140.1699,189.2192,29.6354,86.1943,-194.0826,-54.1025,41.9561,106.0823,97.2627,93.3365,36.2851,42.6709,53.6588,170.0892,-10.4863
-73.7114,27.0207,-95.0390,169.6768,11.0014,146.6917,-12.2277,110.1926,-161.2820,-32.0740,41.7599,124.5381,65.1105,81.9198,-8.1943,26.1248,25.2681,124.6132,39.4728
-2.8184,98.6498,-89.4611,182.4655,-42.2446,98.7424,-43.2268,122.5793,-144.1647,-26.3459,39.3576,139.1208,50.4725,93.0254,-86.0601,-39.5939,31.9781,111.2444,53.7752
55.5118,94.6142,-66.2349,150.4765,-52.0809,7.8230,-84.0613,86.9891,-207.6625,-5.2469,50.6971,131.8838,12.8174,105.2871,-190.0578,-65.5123,40.6644,55.9999,-29.2588
75.0178,25.5857,-80.5776,80.2078,-94.7872,-97.7260,-187.9349,15.9642,-276.3739,22.4175,32.3418,95.9882,-43.8536,98.3241,-260.3289,-36.9112,-21.0796,-53.7242,-105.6760
-9.0350,-74.2981,-169.3802,-42.7608,-131.0433,-124.0726,-276.5234,-22.0499,-210.5260,-23.6790,-13.7767,41.9999,-55.8956,91.7908,-250.7181,-34.9443,-145.9037,-141.2929,-61.5269
-147.8453,-188.7099,-284.1335,-216.2208,-89.5568,-40.7546,-212.5194,17.4711,-89.2501,-88.5195,-39.0998,-5.4157,-24.7876,106.2499,-188.9608,-51.6390,-247.2578,-161.3862,34.6763
-218.3448,-268.4030,-311.6566,-317.0881,-25.6600,83.4323,-83.0610,89.5082,-118.3088,-69.8501,-32.2255,-44.0839,-18.1012,133.2901,-138.6893,-24.8374,-260.3004,-125.3905,83.7953
-192.5390,-274.3026,-220.0742,-240.9109,4.6194,204.8105,-46.5883,147.0622,-213.0006,-27.3428,-13.6497,-71.0589,-45.6348,150.7850,-121.2333,-11.5137,-194.2339,-29.7362,117.4186
-148.4928,-239.8879,-131.2314,-96.5655,41.8313,312.5910,-25.5235,195.4089,-108.6530,-10.1069,-14.3172,-65.9943,-59.8753,126.0876,-109.4323,-63.9938,-122.5403,92.7612,148.4293
-164.8988,-218.4449,-160.5392,-57.4326,54.7607,329.1251,61.9633,193.2603,98.6703,18.5589,-56.9044,-47.2404,-64.9410,43.7481,-91.9939,-103.6530,-109.2949,115.5713,106.4652
-239.9898,-221.0784,-247.6546,-109.9091,-37.0180,199.9943,87.8553,80.7089,49.6786,-18.3697,-106.6095,-39.3436,-109.8899,-46.2528,-89.5496,-103.1167,-130.8348,-11.4828,17.4517
-286.7984,-233.9198,-269.9124,-139.9231,-153.4590,19.3765,21.7714,-59.7574,-230.2432,-149.5184,-119.6187,-7.8493,-175.8719,-80.5854,-100.2666,-122.8605,-140.8702,-145.3543,-12.2305
-243.4945,-236.7260,-249.4762,-135.6099,-187.3105,-92.9068,4.7553,-86.2533,-334.8278,-165.4950,-121.9167,43.8609,-190.2956,-70.3211,-101.1279,-125.9865,-158.7378,-160.3040,6.8410
-168.3212,-203.2024,-273.8797,-130.1194,-219.4015,-122.7437,11.1683,-27.5714,-148.8366,-6.3325,-136.9814,34.2680,-179.0391,-61.4781,-111.4749,-63.7121,-184.2043,-113.5225,-16.8779
-147.1793,-149.4376,-291.2659,-97.9739,-335.5316,-124.9124,-105.8379,-38.2743,13.3958,67.9101,-130.1376,-38.1530,-257.7848,-71.0681,-171.9934,-33.8965,-147.9725,-104.5224,-109.6784
-163.8477,-150.4197,-204.9639,-40.1391,-464.3260,-195.1486,-310.1066,-179.5246,-39.8529,-57.5252,-96.1046,-81.6461,-420.7164,-109.5077,-262.5672,-98.2004,-47.5492,-153.8078,-251.1830
-157.8079,-224.3973,-91.0375,-19.3084,-530.2218,-379.4211,-460.9653,-364.5820,-164.9534,-211.4381,-77.8564,-78.0357,-510.2510,-160.6021,-319.4904,-156.3971,20.8053,-234.9570,-384.4151
-149.2739,-288.7603,-92.5173,-59.0347,-507.0845,-515.6906,-494.9080,-449.3082,-218.5411,-274.0288,-95.0991,-78.1615,-446.2362,-153.3092,-317.3101,-143.6732,-0.6616,-285.3770,-381.7352
-205.9352,-324.9213,-192.6424,-139.9015,-359.3083,-402.1914,-392.2144,-347.2578,-209.8121,-243.4053,-140.1911,-96.6908,-308.8841,-75.6641,-281.4303,-110.9304,-95.2610,-255.1830,-189.0294
-310.4964,-404.5545,-279.1940,-242.9913,-134.5151,-119.7311,-197.8719,-126.0878,-162.6944,-140.1590,-178.7498,-127.6324,-181.5813,-17.1815,-243.5053,-88.7484,-211.3080,-185.9691,42.4274
-358.1261,-475.1973,-306.5048,-305.0208,48.2810,108.5827,-45.5630,40.3926,-100.9913,-52.1829,-152.3403,-153.9976,-77.5549,-0.5631,-205.9304,-63.2429,-270.8738,-122.7288,128.2532
-312.6443,-414.0455,-284.9730,-272.1056,167.3483,233.8134,-3.5052,54.9932,-74.8916,-45.0802,-73.4874,-138.2328,-1.8435,40.6362,-149.6715,-34.5833,-257.5087,-38.9469,69.2276
-265.7919,-309.4503,-249.0579,-216.2850,249.1779,288.3583,-14.1098,-24.8566,-73.0352,-54.7460,-30.3497,-96.6742,37.0023,80.8096,-84.6333,-5.4805,-248.9756,38.7867,-4.4933
-283.6645,-318.7447,-249.8071,-212.6953,248.9939,240.6451,-17.6506,-92.4471,-43.8503,-29.5274,-43.0013,-90.7464,39.1844,44.4424,-51.2538,24.7173,-255.8340,30.3526,-17.3852
-312.5197,-354.1098,-273.0041,-191.9777,161.8798,123.0327,-10.2564,-106.1597,1.2564,-2.9237,-55.5535,-118.7215,-0.3407,-14.4317,-46.7848,47.9572,-202.5864,-26.6650,-0.7927
-299.0420,-293.8663,-251.4099,-106.9807,74.1487,29.9213,-10.3024,-92.8629,31.9562,9.4473,-52.4868,-136.4655,-59.7088,-12.4025,-27.0691,57.9897,-122.2268,-40.7098,0.8650
-274.5303,-246.8840,-203.8835,-55.9115,21.5787,-35.6951,-19.1798,-85.7713,49.3893,11.9134,-55.4375,-124.3446,-82.6893,14.5232,7.6743,50.5111,-117.3253,-44.2915,-2.0856
-273.2705,-280.8464,-197.0959,-78.6712,-28.5414,-105.3619,-11.9081,-90.7781,43.4592,4.2826,-68.8489,-66.2214,-64.5235,29.8143,25.8067,37.3213,-150.0151,-99.1200,-3.6663
-278.1984,-266.3031,-187.2245,-69.3328,-86.6174,-161.6091,-9.7454,-101.3294,18.7013,7.4017,-75.2165,19.4853,-63.2322,60.7925,23.1094,47.1980,-112.9387,-160.3247,-38.3414
-260.2890,-185.6416,-92.9007,17.1741,-143.1634,-217.5990,-76.4308,-110.2757,3.6116,11.2439,-32.7037,61.4383,-90.9121,77.6647,-17.0307,58.7588,-12.3905,-175.4224,-94.1279
-207.6255,-171.9527,35.4695,96.3382,-179.8392,-297.4852,-171.8973,-115.6691,-22.3285,-15.0255,56.4619,48.4448,-99.8190,28.1810,-110.1274,15.3914,75.8334,-174.9325,-109.3849
-144.1801,-213.2627,79.8873,97.2804,-177.8208,-353.1436,-203.3539,-133.1815,-62.3073,-35.7673,89.7117,27.5609,-83.3364,-43.8345,-176.6456,-56.7201,99.3367,-208.0498,-91.7383
-126.5892,-197.7173,23.4274,19.9584,-166.4020,-341.2949,-206.1158,-160.6585,-28.4123,-17.7519,20.9872,-12.2073,-78.6526,-75.9992,-134.9830,-81.1822,46.4382,-263.8898,-85.1910
-165.9047,-135.6400,-35.6263,-79.0579,-161.9504,-269.6488,-210.7063,-138.7849,88.2743,17.1260,-42.7212,-67.9054,-81.0195,-62.1865,-62.3569,-56.9604,-17.0613,-256.7856,-55.3690
-193.3353,-85.3620,-9.8047,-98.2594,-96.6635,-126.7156,-120.2401,-26.5972,158.7203,87.4803,-39.8542,-60.8362,-53.6978,5.4795,-67.2003,-16.1561,-2.1536,-126.2772,25.9589
-159.6303,-56.5426,67.3173,-1.9210,45.3540,81.9899,29.3209,119.2575,140.5808,193.5780,-28.5266,-0.6239,2.9073,110.1302,-102.2664,43.9790,73.8994,45.0248,92.3960
-108.0529,-75.0670,96.1635,111.8025,155.5522,280.2096,48.1534,216.5364,105.6255,230.8709,-12.0939,15.0667,58.7628,173.0427,-83.0130,99.5036,134.9986,143.2136,100.9501
-109.1030,-142.8094,72.7547,162.4307,181.4916,405.6827,-33.8184,237.1845,64.9617,169.7819,36.2918,4.3164,87.2074,166.3185,-34.6743,104.9850,173.5432,189.8569,85.3400
-163.7154,-184.2028,75.8736,192.0990,183.1018,445.7735,-24.0962,183.7500,13.6195,110.3942,49.4677,38.4579,63.3878,140.9911,0.9987,72.8462,213.6310,226.9303,62.3778
-190.9380,-166.1874,100.9508,223.1738,173.5378,398.1865,51.4216,89.5473,-9.1430,71.0297,4.3499,70.3205,-4.2330,113.4143,31.8603,43.9032,242.7685,200.4676,37.0424
-119.6800,-139.4710,82.9911,173.5284,116.3623,306.7247,54.6275,18.3864,-38.9258,-3.4155,-2.9206,48.6558,-51.0194,73.8302,45.2663,30.5537,242.5053,112.2594,31.9653
7.7548,-126.6086,49.7617,8.5868,37.6704,233.9931,4.4060,-28.0243,-125.5831,-99.6680,48.2851,21.2361,-45.8354,43.2786,15.6996,19.0504,211.1409,55.9131,14.9901
82.7921,-113.6109,71.9658,-163.3895,-21.8590,154.6132,-46.7609,-107.7590,-191.6532,-193.6886,80.5807,16.1780,-46.3912,18.1726,-36.7276,-24.0416,175.5673,37.5922,-59.5451
79.9369,-109.3894,133.5669,-224.2653,-67.0217,32.2211,-98.2558,-195.3028,-181.6795,-257.1217,91.1857,14.7913,-79.6735,-17.3619,-65.7253,-90.9012,187.5294,-0.8413,-133.2325
57.5480,-116.1353,182.2128,-188.2017,-85.6230,-63.2080,-97.0074,-204.5133,-157.7141,-224.9520,113.8846,15.5281,-77.1098,-26.8461,-34.6295,-100.3101,228.1548,-49.8823,-137.2524
35.1199,-115.9254,205.5111,-169.7005,-53.3713,-86.7423,-35.8677,-162.9628,-123.5908,-156.2386,116.7431,-0.7337,-6.6969,-2.8280,45.4541,-40.5914,196.1466,-119.6925,-117.8966
-2.1522,-114.4935,192.9433,-247.0864,-5.1988,-114.5843,-10.9161,-172.5500,-39.1235,-184.6740,92.3993,-47.1985,69.3744,-0.5774,91.9767,-14.6277,77.6683,-273.6367,-129.8706
-24.4310,-128.8930,132.6099,-373.4193,14.4059,-174.0416,-8.2063,-220.3923,34.6357,-232.9439,94.0908,-64.4101,113.6873,-7.8686,66.1939,-41.1977,-14.0588,-455.5840,-135.5407
1.4438,-145.7464,65.7127,-432.9384,33.6048,-168.5647,82.0415,-199.8883,73.2180,-153.5434,130.1859,-21.0302,148.2838,37.1918,67.4184,-33.7069,-14.2042,-518.2578,-85.0511
52.9591,-127.7804,55.1070,-387.8728,89.2531,-49.2774,211.2968,-82.8355,141.6930,-45.3040,158.3335,19.2426,171.3370,103.2226,155.3951,-0.0132,28.8755,-453.2772,5.4058
97.5199,-51.8698,93.0794,-308.8919,135.5370,104.0623,240.1204,44.7446,149.6896,-71.7993,151.9727,24.7963,157.3877,124.7986,206.0375,-10.7966,49.5141,-382.4789,56.8509
117.2318,47.7345,97.3261,-245.5523,106.4818,190.3591,166.7230,88.2588,-49.4552,-195.5711,99.5205,32.3187,105.0128,116.5094,123.8473,-41.4165,19.6364,-370.0203,-5.5290
82.2844,92.1196,24.1658,-175.7283,23.2093,179.8120,73.2586,40.5495,-282.5118,-269.1172,14.6026,51.0082,26.9831,107.9751,15.6647,-38.8340,-34.8021,-395.4476,-132.4186
-4.1277,56.8398,-54.2863,-107.5344,-42.7699,117.9638,10.7821,-21.4015,-261.5112,-192.4772,-43.0742,68.7919,-46.3993,90.6504,-5.7473,-16.6366,-47.2136,-434.6683,-181.4703
-64.8488,11.1438,-56.6035,-94.9392,-70.9979,53.4166,11.3753,-50.1047,-78.4245,-63.7101,-35.1346,78.0445,-71.1210,53.9702,4.3500,-17.7502,-2.1023,-484.8305,-129.7642
-37.6591,15.8123,-25.3533,-130.7152,-90.0833,-36.1143,45.0068,-93.9737,-20.1922,-149.6600,2.7471,47.3683,-61.0030,-11.5276,-37.5986,-83.1672,42.9761,-553.0721,-92.0482
42.7661,51.3911,-40.0133,-150.5217,-128.3721,-171.2760,20.1415,-177.7555,-92.2215,-411.5958,26.7995,-9.8120,-80.3314,-83.3210,-98.1945,-180.5231,51.3864,-624.0051,-117.7031
98.8058,80.1032,-78.9290,-134.3695,-204.6682,-273.3744,-65.3890,-215.2532,-143.2989,-428.9318,43.1652,-7.7233,-125.4516,-93.2215,-107.9000,-181.7800,25.3971,-650.0490,-165.6644
93.6610,100.5820,-91.3318,-114.1713,-293.9376,-281.1344,-114.0215,-163.3767,-164.4484,-149.8711,64.3133,50.4582,-127.0453,-51.4195,-80.3804,-81.3529,-34.5294,-626.8517,-217.2345
49.6608,104.4159,-92.3941,-124.7021,-317.3868,-270.2287,-97.4140,-126.6732,-147.8263,-8.9687,65.9674,52.8365,-82.7489,-55.6274,-79.7370,-50.8113,-101.8676,-613.7202,-253.1675
20.6180,59.6431,-98.7810,-171.0540,-252.8428,-300.0909,-75.4643,-166.7851,-27.0125,-81.2985,33.4249,2.2095,-59.8724,-96.9125,-107.4847,-113.4922,-131.1794,-613.7866,-237.3644
35.2246,-0.8068,-97.8044,-190.2950,-175.2338,-288.4904,-70.7571,-174.8451,87.8304,-43.3042,6.2240,29.6892,-69.2188,-76.1859,-101.0233,-108.8452,-124.4987,-549.7779,-187.0794
61.1886,27.2748,-105.3696,-118.4695,-121.4435,-177.3299,-48.4151,-70.8307,61.5662,78.0166,8.4238,140.8090,-60.2731,-19.4790,-51.8132,-47.1114,-114.8269,-420.1484,-126.2101
53.4807,146.4330,-142.5326,-30.3333,-57.2305,-46.8781,13.5136,52.9202,51.7000,41.3921,-14.2629,184.9725,-35.1138,-27.3980,-20.9178,-69.7137,-118.6484,-329.7600,-30.0368
18.9861,224.3895,-187.2083,-42.5403,-0.8463,30.3895,90.3313,97.6130,180.5845,-53.8487,-92.4475,105.9220,-46.9457,-81.2656,-19.2394,-124.9584,-142.3757,-312.3197,73.1502
0.3158,225.3396,-205.5814,-96.1156,-0.7116,75.5155,138.4914,88.7613,220.9556,-37.2044,-144.3521,22.8407,-81.4040,-97.1208,4.7149,-83.9394,-165.6822,-283.7391,102.5477
15.3594,240.7718,-176.5111,-71.3913,-18.8298,102.8099,156.6497,74.7780,91.1187,12.7076,-105.9901,31.0849,-62.3534,-61.8070,61.0098,3.0121,-154.7251,-215.8363,71.6595
29.2277,242.8806,-112.5507,-27.7820,-6.5824,80.8230,172.4590,50.1913,80.8253,32.0051,-50.1040,74.0154,8.1183,-26.3619,115.1823,36.6361,-146.0956,-195.7364,51.0723
-2.9008,140.5662,-83.1225,-75.0681,-8.6426,1.6677,158.1051,10.7208,223.3872,48.4454,-56.0001,65.0631,47.2387,-57.5924,150.3971,27.6068,-195.9908,-267.4546,40.2759
-54.7160,38.4887,-119.2472,-158.5203,-60.7333,-95.7636,73.3540,-21.4873,212.3861,33.9492,-83.5911,23.5944,32.6862,-177.1250,158.9208,17.0780,-248.7115,-354.3424,20.9926
-53.5527,63.2529,-148.1441,-177.0616,-118.5664,-166.4404,-30.8079,-37.8370,69.0720,7.7332,-81.7061,12.6802,6.6170,-322.0409,135.8653,19.5136,-224.1872,-381.4556,-0.2678
-8.1355,109.8424,-139.3282,-134.4350,-164.6594,-202.7942,-105.7809,-61.5211,55.9913,24.7106,-83.2209,28.2840,-25.6373,-432.3160,97.2259,31.6301,-158.8167,-362.9347,-56.3047
7.0584,86.7627,-154.8754,-72.2342,-229.0617,-235.1616,-200.2847,-115.7970,85.4621,18.1832,-105.9883,35.0632,-66.9970,-502.2133,45.3917,35.9808,-110.9587,-341.3618,-155.5992
-0.8662,81.0302,-170.8799,-26.2828,-281.1971,-271.1244,-307.1849,-174.9147,-30.0314,-39.6177,-95.4787,42.1593,-79.3669,-504.0460,-26.3150,47.7346,-75.2057,-330.9554,-210.3668
24.9474,88.6177,-99.8817,-38.6857,-259.8129,-269.7955,-314.3514,-176.9415,-132.1392,-36.0096,-35.6357,67.3649,-56.4446,-427.7604,-65.4347,91.3946,-69.1695,-323.8944,-170.3260
51.7621,17.8916,3.1725,-82.7391,-185.5957,-200.5294,-221.1334,-102.0155,-57.2725,40.4911,10.3592,83.6353,-26.1723,-364.9350,-13.0735,125.1362,-114.2536,-284.0672,-89.0625
25.9501,-42.8136,36.9959,-64.5420,-101.3374,-67.5969,-138.9910,13.2318,66.2432,97.6817,20.7004,63.2725,36.5232,-369.5518,80.3665,121.1119,-139.1128,-169.9259,-2.6221
-13.5439,-0.2873,49.5782,36.3923,12.7208,104.2166,-70.3640,128.3611,97.7153,137.8796,47.6151,34.4673,149.8523,-366.5266,120.7483,120.4820,-84.0208,-17.3914,81.9986
-23.1043,19.4793,98.1840,144.4792,136.7540,242.8979,28.2616,204.8036,44.2376,157.4452,101.0392,40.5747,240.9452,-321.9422,113.1844,106.5820,-8.6947,79.2115,131.2925
-17.0510,-46.7111,118.3319,207.0092,178.5383,275.9286,94.9548,221.2207,-32.1549,97.9764,132.1599,64.1352,260.1454,-294.6026,128.3547,36.7991,29.9936,109.2111,158.4288
-5.6968,-78.0426,81.5218,238.9906,144.4351,243.5478,112.8143,226.3642,-53.6065,34.9628,130.3408,52.3549,252.2417,-292.4763,174.1659,-3.3557,60.9843,149.1751,210.3572
-13.8912,-69.3090,49.7039,276.9835,138.9535,229.2469,164.6130,272.9852,-15.6404,73.8396,114.3300,14.2647,236.8873,-282.8300,188.6608,56.8444,100.9835,209.0668,247.0294
-75.4846,-97.8522,44.0184,324.0453,155.6617,211.1078,223.0891,313.0656,4.0006,135.9726,76.4480,4.6004,189.5313,-270.5986,144.6065,113.1933,120.2701,225.5789,219.3808
-112.0550,-74.6936,51.2819,321.6440,114.0667,133.8931,197.3586,276.4450,23.0929,136.0765,36.9493,4.2949,141.5980,-254.3311,102.7052,86.8195,113.5525,190.4770,181.7672
-16.1471,54.9423,81.3903,226.4517,54.3490,15.9990,137.1074,176.4276,106.2208,121.4235,53.4595,-58.7625,125.4194,-239.8616,121.9633,39.9217,109.1948,137.7549,164.0753
126.2102,126.8946,111.8797,123.2061,42.3266,-115.9242,97.4982,58.5924,181.2222,107.5620,106.9208,-155.9581,93.7855,-267.5902,154.8917,-0.3243,132.1549,76.0078,114.6228
152.3464,56.7206,105.2787,144.8411,27.8760,-226.4804,14.6193,-35.3504,173.2829,77.1471,111.1991,-175.2551,31.9053,-303.2733,123.2473,-49.4608,184.2023,43.9374,48.8895
82.0908,-42.0999,81.7976,267.3969,-3.6096,-219.3106,-89.8213,-58.7505,135.5957,66.5968,55.8882,-112.7984,10.0965,-268.3498,55.3337,-53.3986,227.5595,95.6821,29.8505
26.1408,-130.1132,65.7934,323.9672,30.3181,-83.0250,-95.4014,-32.9160,113.9664,45.0398,5.9044,-94.4384,41.5312,-212.5294,25.2088,-0.2675,220.3202,177.3598,35.2820
8.0812,-241.5558,52.6263,244.7048,124.1909,34.9522,-21.6296,-32.2104,120.1610,-52.1634,-9.2860,-182.4144,59.4187,-215.9115,22.2588,24.2676,182.7354,189.1526,34.4659
27.3142,-293.7523,67.4055,138.1729,191.6669,48.1335,29.7434,-46.7381,159.8202,-141.8257,-4.6645,-294.0860,55.7663,-219.7019,8.9955,1.6781,164.2497,146.0383,58.0441
86.0535,-233.1656,125.7721,102.5436,225.9460,30.2031,66.2031,-19.8192,168.2641,-134.7051,2.9634,-331.9165,73.3948,-175.0337,20.2580,-11.3888,169.6922,124.1818,100.4360
119.9037,-174.3446,176.6522,117.2295,249.3712,55.0373,120.4879,31.0100,160.7685,-94.4566,-1.5367,-288.2047,96.5321,-140.5070,85.4859,-11.7889,187.1610,149.5336,134.3934
84.4273,-179.4406,185.2096,163.7511,239.1954,127.7528,160.1766,81.3903,271.1219,-60.7999,-16.0768,-210.9254,88.4899,-118.8577,139.0737,-13.4481,227.4905,216.1717,179.8087
35.2965,-176.0041,178.6575,259.0570,204.8158,199.9931,160.6946,132.2312,372.5848,-15.2969,-15.9879,-148.8932,65.2276,-72.5069,112.2181,-2.6859,281.8643,270.5620,208.0058
22.7585,-176.7862,179.6929,332.1841,171.8938,163.7033,117.9722,114.2711,194.9863,-28.3063,7.9682,-135.1910,50.7714,-57.2187,50.0684,0.6586,318.8520,224.0817,147.7804
47.9691,-255.4013,198.7461,296.8034,122.8721,-5.9872,51.9274,-13.7521,-54.1996,-115.8840,47.1928,-167.0435,53.6427,-92.3416,46.5858,-17.2433,344.0428,112.0587,52.4243
118.9372,-318.0263,250.0320,231.4170,72.2966,-165.4287,32.0872,-140.2076,9.3308,-148.1516,97.4268,-208.6852,91.7390,-88.7223,96.9467,-15.1636,374.6786,65.1575,20.2183
206.0054,-229.4063,307.1802,237.7491,59.9282,-239.2935,63.7575,-189.7535,183.8508,-107.8971,139.2014,-237.5961,144.3312,-46.8226,109.8852,6.6691,376.9257,70.8476,3.9597
236.4344,-80.7249,324.4964,236.2659,56.5974,-319.6792,62.2545,-238.3163,99.8433,-100.7909,146.1137,-253.3618,153.0178,-52.0420,59.9641,1.0707,323.1821,29.2810,-60.0763
213.7254,-41.5035,300.9436,149.3617,41.7308,-413.3593,32.8530,-307.2685,-82.5832,-112.3936,127.8779,-248.4435,131.9223,-78.6222,16.8506,-10.4264,253.1229,-25.2801,-103.0640
199.4193,-95.4500,246.2295,63.4474,56.3662,-418.1570,45.8788,-323.0801,-112.5083,-107.0380,101.0954,-230.1345,137.0286,-67.0869,22.9976,14.8753,193.9700,-38.2456,-75.3859
192.0055,-157.5795,151.3170,17.3901,78.5537,-354.8506,76.4034,-291.4600,-56.2074,-136.1405,49.8226,-237.0249,137.9292,-58.5564,56.9281,39.9217,116.2593,-68.8744,-17.0167
165.6758,-249.4614,39.7537,-62.4118,60.3165,-294.5442,113.5939,-244.6500,84.4420,-140.3303,-16.8756,-273.5061,104.7766,-68.3014,93.6721,31.8755,35.5762,-111.0610,73.4793
142.4243,-376.1003,-30.2784,-134.4590,68.3131,-191.1515,210.7223,-144.0967,328.9590,-47.9682,-32.4176,-294.6843,116.6253,-40.3991,105.5651,23.1899,29.0098,-74.7438,200.6245
139.9301,-436.2009,-23.3588,-97.1204,148.4886,-41.1555,281.6443,-19.3813,380.0685,-18.1013,33.4276,-291.4694,191.4553,12.2650,65.5103,19.9237,98.7035,-2.3731,271.8457
157.8483,-365.1407,43.5594,-22.0144,200.4870,31.7059,204.1594,26.8354,102.1312,-123.3715,110.6049,-288.1209,204.3775,36.1085,-0.6497,-2.4842,159.1125,17.0138,239.5287
206.3790,-212.2511,107.3261,-13.1046,173.2184,-0.8748,95.1910,19.6687,-113.2724,-136.1160,119.6357,-260.2762,117.2372,39.6460,-55.9982,-16.9767,176.3412,47.7234,197.2906
255.5302,-67.3108,124.4494,-4.0402,143.8304,-33.6421,97.6395,52.9596,-24.3309,-15.9535,78.7755,-183.6527,30.6326,20.5412,-119.2577,0.2375,184.3323,140.4863,204.4433
253.9096,-0.1091,128.9038,60.8873,119.1507,-41.1302,121.9074,80.9439,95.1925,-35.6832,58.6526,-117.8263,-32.3087,-54.0754,-184.6780,-5.2898,188.2779,182.4697,196.2634
226.7749,-15.7326,140.6125,88.7532,28.8078,-83.8301,89.3851,15.2160,45.6105,-218.7771,58.5363,-115.6910,-118.8276,-134.7200,-185.7495,-70.3557,161.4933,111.7934,126.1909
203.6640,-53.2756,94.8041,30.6229,-100.7194,-149.8234,58.2276,-92.8579,-77.6709,-312.9164,14.9518,-132.7444,-197.4948,-142.9890,-132.3301,-138.6681,90.2441,31.4577,26.3951
123.7327,-82.0857,-19.7442,-32.5575,-190.7178,-185.2908,3.1140,-152.1533,-239.5647,-296.9840,-71.4816,-122.7084,-237.5204,-115.3265,-120.8412,-166.3834,-23.3719,13.6497,-80.0953
-14.3777,-129.3377,-109.6662,-50.0830,-242.8999,-212.0844,-116.8315,-174.5622,-400.3894,-324.8895,-131.6412,-107.2238,-275.9021,-124.4892,-166.3361,-184.4643,-139.7170,15.9580,-198.5785
-77.9365,-191.6951,-150.3674,-46.2097,-277.7658,-269.0674,-178.9433,-208.8325,-370.1772,-383.5511,-150.1038,-88.9744,-301.3912,-136.0959,-203.0757,-191.9581,-186.1731,19.4211,-309.5861
-25.0941,-224.3050,-193.0191,-20.1252,-257.8525,-303.1917,-128.0675,-253.9093,-192.5359,-403.8231,-167.1614,-32.2735,-276.3370,-87.0070,-224.0622,-133.1672,-146.2207,75.4698,-381.0086
24.4924,-190.0681,-195.3514,49.8691,-170.0443,-246.0900,-111.7769,-287.1885,-194.8804,-407.2251,-177.2106,38.7711,-244.1961,-11.8845,-256.6407,-39.3316,-77.9285,189.8902,-411.2061
28.6493,-72.2990,-88.0388,133.6433,-80.5021,-137.8796,-182.6840,-294.3788,-395.4096,-397.1178,-146.4929,61.7826,-235.8144,31.9073,-276.7021,-19.9829,-22.0761,276.2963,-408.0961
70.6796,67.7948,57.4148,174.7433,-40.6894,-45.4500,-219.8730,-265.6086,-469.2526,-377.4034,-95.8850,53.6439,-209.9732,75.7127,-263.3446,-65.9202,17.5140,281.9304,-359.7663
152.0452,100.7473,129.0725,167.4802,-20.2119,58.3056,-197.8103,-210.0854,-353.1144,-399.3238,-66.5703,71.2073,-174.5366,160.2528,-241.0089,-58.2698,33.7101,272.1274,-272.2252
184.2130,18.6377,136.9316,151.9367,14.7169,194.6758,-194.5249,-152.7714,-239.3820,-434.4314,-49.5732,93.2301,-168.2470,232.3974,-220.3667,11.8159,36.5514,308.2917,-194.4406
153.9877,-39.4274,155.8725,147.2804,40.6047,287.0258,-197.7414,-102.0467,-141.0092,-408.7703,-14.2228,79.3164,-154.7074,239.7191,-193.7793,52.0579,50.2737,345.1841,-158.3905
124.6060,-27.0153,205.9033,139.1813,42.7983,295.5475,-158.4045,-63.8354,-37.8713,-365.6853,34.3559,74.2147,-116.7213,230.5289,-173.2933,63.1022,62.9102,330.7814,-142.6291
134.3997,-29.8685,231.4318,115.0051,36.2567,278.5987,-113.2460,-64.1953,-76.7025,-370.4288,56.1038,113.7698,-119.7836,249.1333,-160.4185,99.5617,49.3321,280.4966,-127.3566
165.0507,-73.7912,170.8438,67.1205,-2.7129,254.5223,-105.5429,-91.6295,-221.3054,-372.0846,23.3970,132.1574,-170.7594,254.8317,-133.5391,125.6207,12.5540,214.3999,-118.2891
156.6639,-111.5961,58.2021,-2.3531,-94.8419,188.8129,-116.2150,-81.0567,-230.1385,-321.2879,-34.8693,89.1102,-198.2171,223.4372,-99.9162,106.4016,-44.2867,147.4271,-112.0946
82.5642,-123.8785,-13.0389,-62.1959,-178.8456,98.5794,-128.5061,-32.1087,-117.4683,-259.8383,-65.3221,48.8598,-185.5102,184.1871,-83.4822,102.5822,-121.9434,103.1386,-113.0263
15.1122,-119.0082,-45.5114,-103.2601,-200.7301,8.7588,-140.0320,-31.4011,-60.4532,-227.6510,-69.7594,37.4308,-155.2229,136.7711,-60.4897,133.1833,-204.5128,56.8717,-143.9663
11.2702,-136.8444,-111.0640,-175.6691,-188.2256,-95.1742,-122.2348,-92.4979,-29.2822,-219.8348,-89.1810,-6.2919,-103.3139,72.6354,0.6015,124.2578,-288.2944,-19.4118,-184.1427
1.0904,-210.6047,-189.9331,-280.8875,-158.7904,-181.2001,-72.9820,-130.9466,0.9878,-219.6399,-116.5554,-79.7809,-53.1748,30.8074,57.0625,69.6082,-368.0497,-61.8263,-183.4021
-66.7332,-265.4122,-213.7506,-322.0229,-97.5482,-188.2084,-48.2259,-125.8830,-64.2218,-195.6893,-113.7415,-100.0499,-42.8985,31.7409,53.6811,50.9765,-399.1823,-22.7826,-159.9532
-112.3514,-229.4772,-200.2573,-267.5711,-38.9106,-142.1106,-62.9975,-129.8005,-97.3606,-123.5220,-94.0700,-60.7702,-45.5197,49.2105,29.3391,80.0829,-374.9911,13.4746,-165.6008
-84.8484,-190.8846,-198.8221,-220.8766,-29.0786,-117.1762,-70.2551,-144.6958,69.3141,-35.0864,-94.2767,-43.0669,-30.7157,73.4784,49.8968,88.3327,-353.5574,-36.1668,-172.4565
-43.7884,-216.1499,-203.5324,-238.3379,-51.3930,-128.0246,-69.3489,-140.4509,236.0183,14.3033,-95.5885,-71.2438,-28.5615,97.1335,85.6979,50.4727,-322.0470,-130.2533,-114.4221
-13.7891,-205.3119,-191.6239,-242.5390,-59.9346,-135.0615,-77.3545,-115.2209,258.8846,34.3000,-52.3355,-83.7315,-36.1965,89.4862,75.4099,1.2643,-208.8337,-176.0045,3.7091
46.1953,-112.1172,-146.1740,-170.3259,-18.5522,-97.0600,-41.9139,-60.8206,359.4680,86.0625,29.7337,-43.8377,0.3507,57.2728,44.8033,-27.9003,-62.1640,-120.7920,111.6861
126.3137,-33.2553,-55.7588,-60.2854,58.8134,-20.3382,22.4364,8.3339,488.9760,151.5287,92.9705,8.6645,54.4919,39.4610,38.9394,-35.0547,8.8871,1.3460,131.5035
175.9444,-10.7986,45.4964,29.6804,72.7720,27.6312,-24.4671,16.7043,253.4692,127.6627,95.7638,33.5938,30.0863,43.7862,23.6064,-46.2280,31.0117,79.0061,40.8686
191.0309,2.2847,110.0195,87.0827,-29.4255,12.6507,-178.6778,-44.9368,-202.9101,30.0607,61.0001,50.4924,-74.5483,67.5145,-32.3348,-78.1956,81.0450,60.6876,-70.0886
199.6317,44.7952,141.2081,118.6329,-139.9960,-20.4163,-248.4421,-71.9435,-277.9745,25.3197,38.0872,76.1819,-160.8362,102.0759,-77.5919,-96.5621,116.3255,18.5117,-92.1910
206.4562,139.1139,141.6348,120.9938,-163.6824,-60.2949,-199.6930,-32.9069,48.5324,151.2915,26.0690,78.5967,-175.6169,101.2291,-64.7159,-74.6708,77.9875,3.8026,-53.9938
185.8598,235.7670,79.1178,100.4564,-143.2199,-136.0465,-172.8601,-16.2788,264.3579,246.5266,-12.2944,58.7479,-143.1170,62.6928,-17.5005,-62.3074,21.9124,-2.0212,-43.5421
119.1389,223.7425,-26.6549,92.3505,-104.9979,-182.8234,-166.1993,-34.8511,246.2411,242.6019,-70.5011,72.5316,-91.6396,63.5511,26.3503,-100.1161,18.1928,23.8701,-35.1114
33.7045,122.9145,-100.2295,110.2591,-23.8228,-109.4418,-97.1615,-2.9588,258.1722,239.4994,-109.6080,113.4830,-44.1307,111.8539,54.4729,-133.0317,37.7235,105.9110,27.6368
-26.1467,66.9465,-117.9762,101.5857,42.8406,27.2516,-36.4790,82.0147,328.5697,272.2604,-123.6858,114.5797,-32.0452,127.7796,61.5610,-104.8319,12.1352,173.3906,88.3319
-44.8866,83.5725,-105.6229,31.5880,33.0077,115.4131,-63.2765,136.6143,300.9649,287.9836,-116.7030,85.0825,-56.5186,111.3931,51.5720,-46.9519,-59.0275,173.6250,82.2818
-17.5214,119.1299,-64.7693,-36.9610,0.3737,156.9361,-115.9069,141.7216,216.2266,299.6058,-73.3109,86.4543,-85.7971,122.8278,38.1394,-8.9609,-112.4786,166.1491,47.0669
28.8818,135.8228,-2.4308,-40.2762,-4.0671,192.3262,-132.5102,142.3739,219.7801,341.8328,-11.0206,109.0099,-95.8951,143.3379,27.2120,2.2318,-117.2415,202.2923,35.4922
4.1628,65.8896,36.9936,-15.6558,7.2670,205.3090,-97.8652,148.9126,292.9930,377.5712,20.9586,115.2615,-65.6450,138.8618,24.9547,2.3229,-105.2407,248.0186,55.5374
-106.3721,-75.1640,39.8735,-23.1546,43.0171,190.7519,-14.4882,141.4389,288.1809,368.9225,15.2885,120.6007,5.8752,140.6053,36.1044,24.7056,-96.0271,263.7057,99.4671
-163.0605,-123.3216,47.6178,-47.6779,86.6030,175.8013,7.0771,121.8770,147.9113,335.3587,4.5984,137.9979,48.9363,156.8908,40.7748,91.4214,-73.3882,257.0996,131.2663
-100.3738,-66.7992,79.0270,-40.7314,69.5457,163.0333,-132.6184,111.7348,4.4501,310.8513,10.4574,145.5105,11.1199,156.1277,21.9300,159.7633,-41.9866,257.8100,118.4884
-46.5135,-82.3622,102.4734,2.2025,15.4671,153.8871,-288.6872,134.8222,7.5179,310.1651,35.6789,138.5408,-25.8447,147.7559,4.6937,177.9666,-23.1788,275.1297,105.3823
-77.6093,-142.7494,103.0153,42.4410,17.7526,164.1169,-275.4908,194.1672,95.2345,320.5471,61.5264,134.9223,25.5782,150.9301,17.4957,162.1521,-19.3469,280.2681,131.9170
-105.3923,-73.4074,110.7730,57.3976,60.8325,159.8791,-170.3777,239.1165,106.2161,314.0557,65.0957,149.4717,104.7112,146.9689,48.3753,138.6013,-24.6229,260.5756,140.4505
-76.0682,64.8493,145.3931,79.3100,83.9168,93.5565,-120.4894,214.4316,53.2849,283.7332,65.2660,188.4335,137.4900,133.9044,78.3648,101.9603,-10.2828,262.2801,96.7031
-42.7485,123.0877,178.2187,142.7748,123.6759,20.3827,-97.1032,155.2806,39.0407,242.2701,74.1621,225.1675,164.5011,134.9574,107.2237,72.7523,61.1065,308.1594,65.6092
-49.6989,127.9977,166.0072,209.4068,200.2213,43.9140,-47.6497,136.7429,26.3609,199.0901,43.8235,215.4538,208.8223,148.0578,123.5998,74.8065,135.7851,334.6605,72.9592
-81.3730,104.5094,108.0597,209.7755,228.1968,158.4456,-17.0914,151.5129,-42.4660,165.2683,-15.1236,169.4628,214.4675,161.6548,106.1898,80.3754,109.9766,291.1075,73.8015
-82.5948,31.1795,59.8469,140.6501,170.9857,274.0703,-29.7189,161.3277,-90.0337,143.4900,-0.2298,142.2285,176.4532,181.5249,69.9705,77.2997,8.4288,225.8403,72.6581
-38.9447,6.9168,70.6201,63.7604,109.4586,354.6306,-52.2101,192.1880,-71.8493,116.4667,78.9972,160.8300,151.8838,212.7411,64.3976,87.0923,-54.2682,209.9372,92.0615
-43.5928,72.3598,110.5181,39.2225,99.1615,412.4875,-56.1068,242.9981,-70.8417,72.4711,95.1508,219.4740,156.6461,254.9619,100.6038,77.4156,-54.3806,242.8955,88.9822
-142.0333,86.0894,111.9445,81.3267,100.4318,426.2369,-30.2516,230.1006,-141.4953,13.9931,54.5676,289.5268,168.6707,300.7926,115.1836,12.1387,-28.3012,274.1067,43.0953
-196.3291,35.5788,83.2462,144.8481,67.1828,369.5645,6.6525,137.8711,-257.8687,-39.0154,74.5535,311.9405,172.6930,330.2703,60.8835,-50.1301,21.9594,269.1471,7.5342
-106.6222,75.1601,94.7492,169.7592,11.8115,271.9310,19.5358,59.9224,-352.9042,-48.8015,152.6348,264.8843,163.4323,335.6534,-0.7945,-57.9721,71.6374,226.9919,4.4456
20.9289,181.9936,151.5328,149.2907,-29.4970,180.1798,12.6807,32.2055,-338.7978,-53.5007,211.3293,216.3539,156.2894,322.4286,9.2537,-57.2533,76.2584,162.1163,0.5045
80.9025,204.1397,177.4695,108.6394,-47.3604,102.9770,1.7635,1.0753,-282.9814,-186.3752,230.0950,227.3458,162.9394,284.3731,49.8710,-85.7622,54.7613,100.1154,-23.2938
84.8037,155.9986,122.1353,57.1086,-49.9381,33.5717,-25.1116,-46.0425,-417.8557,-439.6688,192.7011,260.7990,166.1500,233.6122,36.8765,-122.9840,36.6261,76.7380,-65.1930
48.3492,135.2754,22.3298,25.6960,-20.4712,-10.5308,-43.0310,-69.7992,-706.1939,-587.4576,115.4275,252.8504,183.0228,208.3941,-8.7372,-161.9925,11.9673,111.6736,-103.6427
12.3216,150.2793,-25.2026,61.8041,68.6058,-13.9657,0.9535,-64.0780,-793.4959,-539.4152,103.6900,213.8653,249.9492,199.5354,-22.9071,-212.0869,5.1355,181.7286,-102.6554
55.8549,203.4610,39.1724,131.4440,187.3912,-11.7360,79.7100,-64.3329,-632.7449,-501.7251,168.5234,203.3255,298.8140,165.1033,-16.7649,-268.4393,49.8314,227.4906,-84.1126
137.5616,306.8818,135.3762,148.6099,246.4913,-41.0181,123.2914,-92.1349,-544.1602,-599.0062,171.6960,228.6585,236.0888,130.6413,-22.1002,-313.0039,95.6931,204.6441,-100.5774
136.6564,376.5354,120.6279,117.8638,199.4664,-43.1140,132.9929,-104.6776,-556.1824,-653.7463,92.4999,227.3743,135.7207,145.2242,-26.5613,-298.5684,84.1290,149.2755,-108.8611
68.6187,326.1228,3.1547,112.7500,110.7418,68.1720,144.9628,-36.1734,-426.9837,-515.4283,62.0603,176.3577,130.9970,172.1472,-18.6982,-207.2159,49.5533,141.5729,-39.0759
38.5413,222.7657,-66.5986,137.1376,67.8579,226.9372,164.0190,71.9451,-229.0027,-324.1398,98.7952,137.8032,188.6584,153.7324,4.2060,-133.0207,40.6653,170.1835,47.0119
60.8551,179.6802,-40.0622,131.1001,55.4986,271.4037,191.0091,99.1276,-184.5339,-274.5283,102.6402,140.0202,191.2759,117.7316,58.9773,-157.5318,30.4118,140.2177,60.3033
70.4471,176.8049,-25.3656,70.9576,-2.3795,186.0262,219.5301,43.8285,-183.2232,-314.5332,52.0800,133.4629,130.5607,115.8512,130.1769,-208.1757,-27.7769,45.1754,39.5853
20.2568,138.3470,-88.1574,-13.2455,-106.3029,91.3581,213.6477,4.3075,-46.1098,-268.5238,1.7873,110.7172,75.2621,131.0307,162.9307,-190.7799,-110.6842,-32.1575,31.4906
-60.8926,86.0630,-165.7933,-76.1128,-191.9771,18.6862,163.7717,-27.5192,101.6805,-141.8498,-9.3339,107.5109,49.4187,113.6732,135.9850,-121.5466,-153.2882,-85.7865,-22.9372
-91.4814,59.3034,-191.5364,-103.4220,-246.3349,-102.0558,105.7009,-125.4145,105.8749,-74.2406,19.1488,84.5198,18.1248,51.7380,74.0116,-45.6166,-170.2432,-170.7575,-157.0546
-68.9854,15.6919,-187.4323,-144.4076,-308.5255,-278.6750,52.0566,-255.7006,59.2083,-71.3585,34.7137,-7.4632,-44.0716,-31.2762,16.3220,5.6194,-245.3108,-278.2401,-293.5557
-69.5055,-41.9391,-203.9633,-235.0273,-374.5706,-441.6311,-4.9178,-337.3956,97.5117,-32.4244,-5.0525,-102.9629,-94.4034,-108.9183,15.6465,4.3733,-348.8443,-364.7420,-351.8908
-84.4124,-36.2537,-229.4024,-298.5908,-380.6003,-533.2906,-36.5928,-350.1707,189.0801,55.5527,-56.6441,-128.4885,-77.7231,-157.3112,81.3646,-3.5947,-348.3248,-401.4086,-329.7907
-71.5592,-0.9749,-219.6537,-244.4515,-291.7270,-534.2225,-25.8834,-294.1141,226.4086,158.4250,-82.2068,-122.7526,-28.0528,-156.3740,129.2242,49.8594,-251.5502,-360.9517,-278.3643
-88.9299,-29.3085,-189.7404,-128.0596,-172.3894,-468.2296,-21.8076,-198.0833,199.1106,267.7136,-111.6512,-136.7478,-8.2809,-121.8234,96.5752,119.8027,-195.9899,-278.2062,-254.3329
-144.3194,-68.1609,-186.9582,-73.4988,-117.5887,-391.4473,-47.7144,-140.2333,203.9435,343.6534,-142.4090,-150.3557,-2.1440,-107.1985,44.7100,140.2551,-207.6461,-239.9187,-265.9660
-137.3609,-52.0250,-201.6123,-102.3787,-119.7922,-327.2177,-35.3598,-123.4290,300.9717,390.9215,-146.6028,-142.2022,10.9991,-126.9993,49.2292,145.1867,-223.9536,-239.5938,-256.3554
-87.3996,-54.6997,-205.3474,-157.6295,-107.1786,-249.1643,44.2761,-59.2436,434.5378,503.0499,-157.6604,-127.4527,-11.6304,-126.6893,86.9997,159.8265,-249.5838,-217.6562,-182.6658
-87.1451,-84.1043,-219.9739,-206.6298,-100.1792,-152.3675,90.1491,41.5924,513.1164,645.4580,-188.6923,-123.9088,-74.8811,-78.8661,97.0153,154.4812,-290.0997,-214.4875,-93.3855
-77.8503,-44.1807,-261.7107,-244.2113,-170.7914,-84.7027,35.2902,55.9005,503.0196,654.5053,-193.4602,-136.4635,-131.0171,-33.8524,61.8078,135.6602,-311.6608,-268.5075,-75.9102
-15.8301,31.4475,-305.2835,-273.5211,-290.2886,-84.0691,-26.6733,-36.7030,445.5216,541.4926,-192.0888,-144.7789,-186.4217,-29.4291,5.1259,105.8722,-338.3387,-298.3465,-137.9013
-20.0366,56.5338,-335.0772,-290.3687,-381.8288,-114.7442,-14.1494,-114.8046,385.0718,453.2767,-230.7870,-118.4059,-255.1933,-37.5809,-39.0135,37.8616,-381.6818,-256.3331,-196.2234
-111.8631,59.1612,-336.2757,-255.9414,-426.3723,-106.9461,-1.2407,-104.3066,281.4411,405.5437,-246.2104,-79.9245,-269.9996,-35.5407,-61.4865,-19.8004,-359.5888,-204.9878,-196.8055
-172.1992,30.1440,-281.6548,-168.7811,-405.6572,-70.9706,-50.2348,-63.4403,131.4471,367.8333,-182.4573,-84.9449,-190.2493,-47.7065,-75.3403,-9.5373,-260.7575,-187.8748,-171.1659
-205.7150,-65.1054,-200.8268,-126.6472,-298.4225,-94.9915,-73.2668,-65.6343,107.3474,372.9560,-114.5442,-119.9969,-88.2217,-86.3446,-69.4175,2.6150,-189.5839,-202.9382,-143.5430
-257.3577,-96.4968,-157.0819,-164.8754,-166.0502,-186.0972,4.2184,-94.2886,252.3655,365.3192,-103.2909,-116.8143,-30.4661,-109.3550,-32.8179,-36.4121,-164.3334,-229.8474,-90.4865
-212.0662,11.4108,-139.3825,-157.1943,-75.2269,-231.7139,102.8058,-94.9108,256.2061,269.9387,-105.4249,-62.5317,1.6654,-75.0497,-14.7675,-59.8447,-114.9017,-203.3728,-26.2723
-11.8126,97.9618,-107.5262,-58.4693,-6.1652,-173.7599,120.9727,-63.7174,-12.7287,191.7894,-95.4373,-7.5499,27.3935,-11.4496,-59.0609,-35.3868,-58.8386,-113.8413,4.5717
168.0215,95.7403,-85.5524,-25.1253,46.3307,-76.9896,83.5324,-16.1021,-170.1429,235.2897,-104.7732,6.0926,20.0415,23.2803,-111.3735,-3.9768,-57.2240,-59.4673,33.1954
173.1173,105.2617,-89.9468,-117.6989,54.4596,17.0290,87.7327,64.0961,18.0014,315.4130,-131.8969,-27.2878,-15.5597,36.0242,-86.3391,40.6962,-83.5793,-40.5193,121.2397
70.8618,93.1514,-79.7032,-177.1344,74.4165,143.5449,171.9152,165.3839,232.1585,342.7425,-133.5685,-71.0670,-6.7801,72.7689,13.2017,110.8635,-81.5928,61.5412,230.4494
8.2121,23.1840,-42.7663,-131.7689,163.8250,283.9253,277.5447,220.5103,229.9131,330.3846,-89.8576,-64.3009,79.1473,115.6252,105.4677,156.0942,-48.6776,197.9793,275.0739
34.1770,40.3380,1.7090,-105.2164,239.5680,329.5432,322.0446,194.7737,192.5904,283.0023,-23.3999,-3.7007,147.3246,109.8689,127.2665,148.7925,-7.3720,187.4295,247.9610
96.7736,133.3830,65.1586,-144.0254,206.1628,235.2703,279.4917,122.3070,245.4715,217.8755,29.3397,35.3330,97.3154,64.3539,92.9249,117.7608,23.2312,55.6768,184.9776
131.1352,118.7230,130.2606,-141.0488,99.6724,105.4143,181.2897,56.6778,262.2687,205.8247,45.5380,12.9562,-18.3509,26.3528,59.9414,92.8692,24.9092,-5.9176,98.4964
101.9369,81.0483,128.6314,-59.2497,-2.5347,48.5830,78.7169,45.0002,183.1867,256.5871,23.3725,-24.6983,-84.0459,2.3334,52.5134,89.3485,-6.7869,37.3785,24.7283
7.5632,184.7893,68.6668,5.1576,-67.5393,20.8412,17.4722,79.1859,98.0634,294.4023,-7.4826,-45.0058,-87.0135,-29.0599,51.1915,83.1391,-44.3288,60.2837,15.3584
-72.5276,245.4418,44.9914,-10.3698,-90.0861,-81.5832,-3.9684,56.5020,77.8425,262.6477,2.0486,-63.8476,-69.2905,-80.7627,35.7053,25.5050,-40.0232,4.9815,31.3333
-26.7754,114.0737,77.4664,-55.0861,-96.1045,-233.2142,-35.7971,-83.3650,103.7655,167.5563,45.0709,-70.9786,-36.6622,-147.2943,-5.8059,-56.5273,17.1046,-65.2746,-10.4116
96.8083,28.5598,92.4506,-61.1274,-103.1220,-306.8969,-80.8881,-220.5284,97.4401,78.5529,50.1152,-42.4714,-3.3446,-177.9982,-66.1571,-87.9785,75.5616,-78.6246,-69.2458
128.8872,123.0069,56.8027,-38.9119,-74.3020,-247.2818,-72.3481,-213.5146,28.2259,82.4019,-0.1248,-3.6279,3.4782,-112.4467,-101.8783,-72.7865,87.3124,-40.9059,-45.0345
56.3456,190.4978,-2.0455,-38.2796,-15.8161,-119.1224,-4.6354,-113.2430,-28.8040,174.7059,-48.5846,19.7778,-6.2400,10.7607,-85.7263,-50.8032,54.8516,-12.7019,16.0254
4.1700,155.4602,-57.6799,-54.4352,-16.5674,-17.4710,40.0537,-53.6492,-12.0040,268.9238,-72.9220,41.7854,-32.7662,76.8055,-42.1635,-17.1013,3.0500,-17.5484,8.2916
-10.3295,169.0117,-79.8800,-42.4588,-89.1927,22.4134,37.3800,-34.5984,77.4205,316.5232,-81.9836,51.3143,-97.4899,57.2632,7.0167,16.5596,-28.5247,-18.0515,-18.5443
-31.2179,229.1049,-52.6147,3.3006,-134.8273,38.3031,42.4108,20.3979,237.2965,322.0897,-67.9732,23.5210,-153.1208,36.9460,48.1739,24.5476,-3.4296,11.2314,17.3472
-17.9699,217.8089,-18.9088,54.4365,-115.4233,58.6265,60.6123,81.5552,367.9850,286.4423,-62.2580,-0.4776,-135.3229,64.3030,46.9690,35.8639,51.0261,42.8496,37.7556
49.9080,182.8769,-4.3420,90.1052,-86.3590,50.3246,46.6891,53.6792,274.6205,201.6196,-94.1267,20.6635,-88.7259,86.0866,16.5857,66.2948,85.8981,37.9684,-24.4010
108.8944,226.2870,44.9472,96.6912,-72.8031,7.0279,9.8425,-44.9236,-11.1870,71.3836,-93.2367,40.3011,-77.0445,47.0132,21.4746,77.8092,106.4161,7.5874,-74.2732
122.4525,300.3020,133.8629,80.1603,-54.3366,-12.1309,4.3578,-92.7166,-194.0133,-52.6285,-19.2782,21.7337,-58.5584,-22.7871,53.0930,71.6571,103.8408,7.4696,-49.2884
107.6278,320.6766,169.5352,57.6083,-19.2683,-4.2010,51.7733,-45.4584,-138.2523,-85.4879,40.7449,14.1050,12.1516,-44.1270,61.9261,84.1090,43.0980,36.8802,-8.2877
93.8450,295.2269,131.2506,-2.0655,24.7564,-39.5398,120.7362,19.6177,-4.9560,-26.5437,43.6345,44.1931,85.9961,9.8203,73.9734,112.8847,-25.8204,10.4176,21.1855
95.6312,244.1385,81.8035,-136.3680,34.9838,-117.5289,138.4862,37.8269,37.6590,31.4728,23.7440,65.3964,102.4092,73.4058,93.3432,142.0943,-44.7413,-89.3832,33.8687
69.4739,167.1983,5.3979,-285.5472,-25.9803,-163.8052,57.5359,23.5455,-40.4119,35.7565,-40.9024,51.7652,64.8269,67.2716,48.8718,150.1000,-68.5221,-159.6252,-10.1917
-2.5063,117.8937,-109.6359,-369.2250,-94.2309,-157.8432,-42.7292,7.8252,-170.3488,-21.3488,-126.6359,22.0952,20.3764,-14.9614,-26.5189,105.4392,-108.9070,-158.6579,-52.8979
-21.6270,141.2088,-146.6201,-412.2871,-77.6498,-126.3139,-31.8545,1.7514,-207.0732,-126.8716,-109.0478,-15.2830,9.5707,-128.9863,-14.8784,52.2273,-80.2054,-156.6096,15.4642
33.3468,162.1619,-80.4265,-456.8900,-23.6285,-71.5837,63.9852,17.7832,-74.8728,-157.1971,-16.7409,-54.8350,10.0609,-230.2127,56.8743,69.7862,-26.8004,-167.2241,120.3234
15.0611,105.7557,-74.0236,-468.0425,-39.8862,2.1097,102.0673,67.7115,86.7290,-14.3093,-18.7515,-75.1713,-29.4194,-270.4736,80.3378,114.1798,-66.9468,-137.6853,120.9541
-87.1763,40.9205,-159.0611,-428.3316,-96.7748,69.2318,67.3754,138.8514,110.3828,136.5194,-99.0044,-68.9445,-74.8934,-230.7218,66.5924,102.2280,-125.3875,-77.9535,74.0031
-104.3809,44.0395,-175.6630,-371.3626,-98.3740,120.4849,54.9000,195.6657,56.2442,114.2617,-116.0841,-46.3685,-54.7812,-177.2073,62.3789,77.3189,-81.9156,-21.5394,77.3903
-41.9004,80.0320,-104.4510,-286.2869,-68.7291,154.3075,54.5882,208.8123,68.8934,36.0738,-77.5854,-13.2197,-11.5836,-186.2262,47.8836,90.8482,-5.9230,47.7211,65.6605
-35.9757,133.2966,-61.8732,-150.6715,-88.5520,152.1897,2.9155,179.5136,90.8727,24.9543,-53.1707,19.4497,-29.6555,-231.2945,25.9517,91.9321,30.2534,119.0696,-12.2390
-43.2175,224.0432,-42.9983,-26.5950,-138.6549,111.9990,-43.2104,133.2404,-14.7872,-25.7248,-42.0211,30.5721,-74.5204,-245.4553,17.8555,61.7273,71.1709,137.7324,-73.9841
14.7555,269.0957,-8.3342,13.0199,-147.5767,68.8407,-12.1409,98.9449,-142.3819,-117.1288,-53.9719,14.4159,-71.7941,-226.3883,2.1773,47.4269,98.9809,103.6685,-70.9059
47.9117,196.5426,-8.7728,-17.9553,-109.3207,44.5864,41.9167,91.8363,-92.0109,-81.3590,-80.3452,-15.3432,-34.9200,-194.2562,-13.6314,49.8505,57.3844,69.4853,-49.3017
17.9318,119.5644,-20.9512,-68.1764,-60.3257,11.2963,62.4455,97.1512,28.7058,27.8969,-56.6689,-45.4017,-3.2537,-151.2037,-0.2038,50.2367,7.0678,60.6992,-43.7068
28.6327,155.3929,47.1908,-93.8657,-12.3597,-43.8067,78.6375,95.3504,-13.0189,23.1405,-1.7892,-59.1646,13.5841,-125.3309,1.2115,59.4140,25.9001,78.0793,-36.5500
98.2341,242.2030,151.2486,-46.5302,35.5580,-51.9334,104.0405,111.3616,-114.1828,-21.8180,15.5484,-30.0002,1.5123,-137.0943,-36.5720,56.4487,102.8357,127.4124,14.0714
149.0266,291.7621,187.3437,65.6130,71.1749,43.7907,121.3614,164.4551,-62.3176,32.0392,29.5840,36.6215,-27.2673,-145.6100,-51.0572,15.4301,196.0301,192.6146,107.0670
166.0797,308.6866,160.0715,137.5385,80.1984,166.5186,131.8081,193.2410,21.6353,60.0088,65.1416,71.9227,-23.1183,-127.4488,-25.1724,-23.5883,234.9718,221.9425,151.8352
167.8498,299.4378,106.6745,102.0836,58.3589,206.5125,108.0935,158.2370,-21.7718,-32.8597,65.0636,27.1084,9.6674,-112.9318,-20.2179,-25.5923,167.7372,186.5148,101.7803
154.9385,250.6449,52.9189,38.2809,17.7307,181.4654,30.8832,142.4844,-46.8682,-66.6386,60.2567,-31.5549,18.8378,-93.6715,-37.9033,-14.6143,85.7016,129.6730,63.2651
147.0258,189.3160,56.0801,41.8697,-12.5674,162.4730,-18.3339,198.6110,32.9617,37.6820,112.1580,-11.8228,7.6701,-41.4838,-35.5531,-12.4125,99.9503,103.1464,114.9962
151.6280,173.9919,101.8710,84.9730,-8.9918,145.9317,22.5044,244.5487,64.7010,80.8867,134.0205,56.9764,11.7500,-1.3196,-27.8921,-26.4763,153.8645,88.1183,184.2216
143.1575,243.0033,94.1878,104.6275,28.7289,111.6643,87.6266,246.7057,49.2008,6.1664,74.4666,84.1436,23.8058,-11.6189,-39.5652,-62.8882,163.7896,62.7974,224.9253
116.6880,346.9943,50.2078,116.9194,85.2276,81.6465,129.4038,286.9492,106.7905,1.4634,55.7781,62.0414,32.0293,-25.6496,-52.4625,-87.5862,160.0661,69.9542,278.4711
86.3631,372.1406,76.0783,154.8580,133.4050,61.8011,164.6106,356.6790,94.8863,62.7185,120.4238,39.0900,51.2800,-25.7696,-54.4479,-67.1506,163.4507,114.3218,313.1132
68.4585,319.1040,158.4213,204.5135,154.0966,37.7414,154.3583,341.6449,-116.3938,0.9331,164.8679,34.9596,86.0451,-56.3096,-50.6082,-38.2611,156.0038,128.1412,263.0176
90.4740,304.3682,216.3812,249.9988,178.9564,20.5933,95.9188,249.1242,-249.0757,-101.5299,178.0908,52.5307,142.3462,-90.6162,-32.9020,-28.3916,167.0991,115.6868,189.2006
130.7817,310.8499,255.4364,280.2186,255.4453,24.0822,110.3574,212.0529,-54.7999,-15.2689,217.6977,80.4547,234.3677,-53.1654,11.6435,5.5054,193.8009,142.5320,193.1588
116.9385,228.1540,299.1786,265.8065,350.9392,46.5505,216.7276,277.5510,232.6749,164.8265,243.0294,80.5628,319.3008,34.7994,77.8282,69.6836,171.9208,178.3535,267.3190
63.6556,135.1126,318.8337,214.0929,385.6795,98.4298,273.3519,366.8169,292.7765,212.2324,213.4772,54.0884,319.9503,94.1572,128.9977,105.7325,119.4207,168.9852,343.7366
61.2317,167.7100,304.5273,179.3845,358.6407,190.8392,250.2997,408.1656,163.4880,179.7855,176.8493,54.5966,245.5575,111.8496,129.7927,116.7299,103.4311,173.2558,373.7445
100.7305,230.3391,273.5432,174.2011,328.8961,303.7108,235.5855,403.5218,44.7328,184.1093,157.3707,83.1833,185.4866,120.1682,111.9681,158.3329,95.3474,229.8670,338.7565
102.9803,196.7893,222.8941,170.0451,306.2176,393.1169,215.3992,386.4373,-2.0779,160.0188,136.8968,81.5847,181.8204,134.0217,130.6682,208.6779,59.6200,259.4446,269.1190
79.5371,143.2862,156.4280,173.4256,267.3717,425.9704,149.7853,364.0500,-22.1375,100.1250,122.9669,44.9903,196.2609,151.3656,162.5625,210.2374,55.9253,225.8623,213.2363
83.2403,128.1064,100.0965,197.5805,219.4993,412.5005,94.9297,319.7973,-34.1944,110.3430,111.6079,21.3203,186.2078,155.1696,162.6693,190.6816,109.1311,187.3833,171.8665
90.4572,91.3736,61.9064,222.8041,173.7494,380.0163,70.3600,263.3808,-10.8358,161.2027,80.7708,16.8319,156.6006,131.7875,153.6461,198.8738,153.0544,161.9367,129.5597
67.6906,77.2291,34.4137,254.6143,132.2432,312.9607,39.8999,224.6660,36.9326,159.1102,60.5640,8.4211,144.3954,105.3157,148.9311,208.6168,168.3480,131.6521,98.0160
49.0423,178.1686,29.7016,319.6581,116.6185,192.6284,27.9111,196.3548,25.9590,135.2687,94.5239,12.5029,166.4619,99.2509,117.3044,187.9213,204.4912,111.4521,68.6649
66.5581,299.6512,64.1259,382.8977,127.9413,65.7353,33.4043,144.1219,-58.8692,119.5830,150.7123,54.3102,193.2903,95.6266,76.7996,147.7283,259.6201,87.3605,15.5163
90.6923,302.2645,106.4735,383.5658,116.5351,-25.7477,-17.7459,67.2624,-104.8445,72.1213,160.5067,105.8542,191.9434,92.0641,65.9392,84.6062,278.7733,17.8540,-35.7762
80.4448,236.6389,88.2238,336.2786,61.3458,-107.4193,-105.0972,-3.7094,-80.1645,12.9874,114.2067,127.2440,166.7657,115.8281,54.8110,3.8404,255.8646,-64.7102,-48.6841
44.4917,219.5220,9.5825,297.7051,11.1534,-194.1741,-135.2549,-59.2196,-105.5718,-29.8402,72.3803,133.9427,131.6257,140.4724,20.0024,-45.4039,238.1441,-100.4973,-51.4056
31.4646,246.8732,-27.5609,270.0347,7.2173,-255.6337,-125.1267,-111.8552,-210.8239,-108.6466,86.8475,153.2257,88.1988,120.9165,-2.5166,-62.0483,242.3273,-104.4127,-64.8606
67.7736,243.3536,29.5744,220.2096,38.6876,-256.2772,-126.2256,-133.4785,-276.9167,-208.1664,128.6909,162.8379,53.9421,119.4288,-7.0362,-83.7305,241.3664,-96.4289,-27.7268
124.6031,185.1566,104.0861,166.8465,85.0555,-146.5168,-89.6345,-54.6949,-252.5660,-203.1772,134.5837,147.1179,58.3838,220.4323,-15.8280,-59.1073,228.6618,-37.7361,106.6129
164.6575,138.1452,137.1760,159.7221,142.0273,74.9403,17.2639,108.0900,-172.2038,-71.0583,104.4049,140.1219,93.9760,346.8256,-8.9659,46.2069,219.0908,60.5637,274.6179
186.2700,165.2801,158.9123,164.4629,200.0233,262.7184,124.2740,210.4723,-40.5791,40.8078,75.3637,148.9518,114.9616,363.2739,18.3621,97.4043,193.3171,88.9908,376.5066
182.7563,190.3835,165.0063,80.8636,228.0715,271.7916,167.4705,166.2422,93.1775,12.2721,40.4563,134.8267,98.8654,295.4693,21.9577,9.1158,127.3567,-12.5521,379.7770
112.4511,91.9245,114.3084,-77.4501,203.9190,156.1341,151.0437,59.6495,121.6195,-98.1951,-17.0303,94.8972,77.7887,245.4227,-3.9697,-76.6699,56.1994,-154.4363,316.6787
-28.9536,-64.0969,46.8985,-168.6902,161.5370,53.9955,105.5690,-12.8052,61.3191,-147.1817,-66.9824,52.9121,89.0741,206.1005,-22.7767,-58.5157,25.1969,-215.1554,238.1977
-161.0792,-112.1209,26.7419,-145.4535,153.8688,6.0066,52.1058,-52.5900,35.5192,-120.4005,-81.9915,8.5145,116.9555,136.8867,-26.1543,-40.8198,24.2063,-194.2718,176.9180
-208.1224,-66.8767,27.2962,-111.3693,160.5226,-10.1711,-12.6697,-75.3222,53.2877,-147.7573,-79.7990,-16.5462,118.0797,69.9091,-20.2975,-102.1992,30.4405,-177.7342,122.3290
-184.0768,-57.0801,6.6920,-115.2181,124.5037,-19.7777,-81.6202,-85.3540,26.5728,-267.4253,-79.8576,15.5790,86.7078,29.2514,-9.4685,-191.3636,49.3593,-194.4784,56.1171
-145.2034,-81.1051,-5.3849,-87.4539,65.8730,-46.1785,-108.2509,-106.7600,-23.3745,-344.4583,-74.5396,74.5284,46.3295,5.0235,-14.2947,-251.5772,82.6709,-201.1416,1.9827
-116.1501,-61.2134,21.5070,-4.8616,34.1726,-83.6016,-87.9903,-138.2326,9.2880,-296.9631,-59.0878,105.2340,2.2632,11.4495,-27.1424,-240.4059,117.2193,-192.2262,-25.8264
-92.0511,0.9021,60.2135,57.8898,1.9785,-131.5817,-91.9081,-174.5438,94.9632,-216.9370,-52.9319,107.1852,-43.9765,26.4431,-8.0713,-154.1761,144.9657,-212.0051,-76.3250
-67.2444,75.2407,78.9134,55.9006,-56.5245,-212.2497,-138.2400,-253.8717,93.1082,-197.3819,-72.0389,86.2134,-72.2825,-21.0343,24.9978,-95.7495,163.8573,-249.9207,-164.0196
-49.8666,151.3713,86.8570,33.0657,-76.8082,-270.5360,-155.5613,-343.4718,34.1159,-195.6372,-93.3717,44.1882,-80.9764,-110.5428,16.0666,-125.5543,174.5800,-238.1694,-199.1390
-56.7011,180.1510,101.5650,34.5307,-25.9450,-217.2976,-127.5282,-320.3175,91.0680,-129.2204,-86.2050,16.4173,-96.6622,-146.8368,-23.1844,-137.5300,164.6912,-166.3739,-130.4104
-80.2027,114.2979,94.0171,35.2406,5.9938,-100.3540,-127.3688,-182.6069,219.7543,-3.0195,-75.1184,-3.2241,-125.2117,-114.8199,-43.1326,-49.1239,100.1561,-93.2515,-45.2747
-88.3397,-6.8553,15.4618,4.5502,-50.8008,-21.2101,-171.5524,-59.4382,244.8251,127.7429,-106.1264,-59.9971,-145.5240,-49.1950,-28.8554,81.6704,-9.4526,-49.8486,-20.6065
-75.4866,-107.0347,-106.0840,-26.4214,-127.1507,25.5391,-169.1722,3.2966,270.0575,236.1156,-158.2658,-105.9338,-144.5664,36.5294,21.0597,187.0790,-80.4316,-38.8989,-10.8242
-57.4606,-153.1760,-177.4481,-51.7661,-128.0621,40.6356,-71.7755,23.2450,436.5121,270.4476,-166.6567,-80.1122,-116.1156,85.4487,83.8731,228.8908,-73.6635,-92.4231,27.6190
-26.0490,-153.0893,-174.7298,-134.1496,-71.8129,-35.2359,16.3362,-31.6090,510.2506,161.6330,-116.5642,-60.5928,-63.9710,55.1109,95.8706,189.3268,-57.3686,-203.8813,44.4995
19.8272,-128.1477,-157.6841,-244.3183,-39.9454,-152.6368,-22.7666,-133.8985,344.4407,3.8459,-54.6607,-100.0716,-28.3077,32.7986,51.2971,148.7064,-73.3887,-267.7777,-5.6953
45.6208,-85.8362,-144.2498,-242.9941,-49.4461,-189.5577,-138.2642,-180.9567,230.9274,-15.5427,-30.3195,-100.4913,-44.5991,85.8004,20.6679,185.2674,-70.9841,-220.9194,-92.5270
40.0599,-17.1559,-100.8431,-129.0471,-58.2796,-153.4949,-217.6109,-174.6912,268.5429,49.4781,-46.0081,-33.6027,-81.2575,130.6070,8.6785,218.6915,-33.4027,-151.7083,-169.9435
29.6326,50.9701,-46.6817,-51.3656,-69.2938,-129.0544,-283.2556,-187.0040,178.5144,7.1292,-53.6949,-3.2259,-95.7684,111.4564,-43.0837,169.6451,-20.7122,-147.2267,-224.2898
27.5197,62.5520,-41.6998,-34.0569,-122.7332,-125.9533,-388.4065,-195.7669,-21.2680,-70.8646,-25.4124,-12.3450,-113.5766,94.3949,-110.8833,106.7752,-48.0148,-155.7288,-252.8265
37.6194,30.5231,-78.4374,16.8050,-184.7921,-110.7340,-451.7966,-150.9160,-78.4207,-11.2880,-0.9345,33.5121,-159.8925,115.9286,-127.8994,76.1676,-55.6647,-104.7415,-243.3647
61.5054,32.3118,-78.0667,85.6464,-166.3608,-76.2014,-393.5009,-80.0201,-65.0789,83.9566,-3.3135,123.8308,-181.3635,149.1673,-110.5426,37.7826,-14.8733,-24.1595,-191.4600
75.2361,87.3169,-2.8078,105.2688,-73.7052,-48.7345,-284.1826,-32.2435,-100.4303,59.7829,13.5061,171.8786,-140.8484,179.1890,-102.4699,6.9712,40.8452,24.6321,-131.7327
74.7078,141.9153,81.6969,115.9524,-18.7024,-57.2099,-224.3182,-26.8022,-75.6942,-1.6242,59.3120,149.1539,-105.7846,179.5508,-92.4051,10.1642,82.7908,42.4979,-111.4264
94.4492,169.8552,93.4295,167.6232,-53.6541,-51.5963,-206.8067,-28.2330,-23.1467,13.6165,74.4729,86.5863,-132.9136,132.9952,-62.7592,0.4995,107.5660,76.2515,-106.0616
125.3586,194.7638,51.7484,220.5662,-107.5868,46.7815,-155.5648,45.5338,-14.3560,100.1811,51.5268,37.0171,-162.1314,91.3188,-18.7261,-18.6813,106.9289,146.7773,-43.1889
135.0615,226.2791,38.1117,231.3686,-111.0668,162.3189,-43.8094,171.3680,106.0651,218.1455,44.2269,31.6424,-132.0003,85.7279,30.4698,13.6943,80.3031,201.8644,48.5242
151.5186,241.0328,65.7034,200.3844,-83.2357,150.8140,36.4247,193.0282,245.0715,266.9445,56.2082,42.9656,-92.6622,75.7410,59.6136,60.3927,57.4743,176.1119,48.0821
173.3575,224.7798,79.0162,143.1081,-63.9480,55.5221,-8.3091,80.5304,69.4908,169.4918,55.9463,46.2723,-100.7213,63.4539,55.1812,49.9311,53.3799,97.7158,-57.5486
124.1605,190.7502,52.8851,95.1675,-46.2455,2.3471,-96.7483,-21.6704,-223.5685,52.4278,49.9843,58.4153,-109.8398,90.3715,50.3609,22.9274,36.3844,43.8578,-152.3422
27.6616,149.6109,11.5358,90.4149,-12.6803,-41.8285,-94.1676,-73.0768,-190.6607,38.0925,50.9113,74.9871,-59.2546,123.9073,59.8879,28.2536,-0.1342,18.0147,-185.3285
10.4804,109.9783,-13.2644,117.1800,27.2336,-141.3441,-44.3130,-149.8117,-5.0379,24.3334,54.4958,80.2199,17.8074,113.8611,50.0793,19.6248,-2.9644,-10.0880,-200.2743
73.9397,111.3124,-8.5917,135.9543,53.8766,-223.4787,-57.8342,-218.8899,-32.7325,-55.1198,66.4805,90.1038,45.3738,86.2635,19.6791,-26.9604,33.9640,-23.9322,-202.8812
111.3355,164.4937,-7.9378,113.1484,41.8433,-224.5426,-113.2958,-202.9413,-135.9484,-91.9335,72.8490,90.4837,9.7052,73.2856,7.0852,-50.2072,29.9403,-28.5666,-171.5005
102.5992,175.3411,-59.6649,44.9211,-25.5181,-187.3574,-147.5638,-141.3069,-92.8377,-55.7352,43.0764,44.3512,-28.6667,63.2116,18.1851,-14.5761,-41.4092,-67.7359,-131.8437
83.1684,76.2804,-126.2019,-23.1817,-102.5016,-152.7810,-157.1234,-97.2984,1.5933,-22.2135,9.0229,-10.6358,-14.9507,52.6687,28.3197,28.7183,-98.3058,-111.5126,-110.8642
58.7998,-13.8587,-111.1866,-45.5165,-113.6850,-135.4286,-142.0702,-83.9852,34.8457,1.9785,26.3536,-17.6893,28.6639,46.4272,13.7306,13.9568,-92.3790,-88.2829,-109.1269
62.8313,47.7926,-19.2156,-32.7748,-65.0989,-154.7755,-105.9295,-108.1184,42.8855,45.9720,63.9293,1.9116,40.9215,29.7693,-30.1104,-56.0105,-64.0725,-26.4021,-129.9528
117.0465,187.4765,42.4185,-9.6931,-26.8324,-181.3847,-66.4407,-121.0872,90.9428,125.2093,58.3256,11.3490,10.4381,0.4498,-54.3854,-119.6001,-44.1948,-5.7737,-137.3527
139.5268,225.7505,28.0946,13.8974,-27.1389,-160.4986,-18.8029,-41.5577,173.8860,250.5782,16.4184,2.3488,-35.4859,-17.3931,-15.9419,-145.5735,-39.1062,-23.2691,-65.9473
60.6930,126.9027,-15.8797,7.0344,-59.6136,-106.3870,20.3797,92.5555,207.2602,356.4163,-31.4277,-36.7510,-88.8500,-9.4513,32.3211,-162.7024,-79.0929,-30.9704,61.1332
-55.7027,-2.9723,-63.8164,-54.6580,-116.5708,-66.1251,21.7218,180.2948,213.6767,373.5934,-77.7178,-89.1159,-129.2310,6.3073,40.7037,-185.9164,-168.9270,-32.6816,152.3793
-123.0291,-66.3445,-136.9793,-147.5058,-153.7133,-50.2740,27.4325,209.7509,282.5020,342.7609,-103.8487,-121.7819,-109.9070,-6.9801,52.9778,-204.6595,-263.3868,-58.6987,172.2333
-143.4095,-50.0256,-238.9931,-232.3184,-132.1164,-62.0934,55.5428,187.3752,262.0378,265.0624,-105.9032,-148.6133,-41.7972,-59.6908,77.6702,-253.6089,-335.9863,-92.3983,127.9100
-147.3056,-9.1376,-322.8107,-253.2457,-80.9965,-94.5629,44.1339,100.3310,101.5242,111.0106,-112.6162,-159.5968,13.3387,-110.8381,71.8403,-366.3894,-361.8179,-74.9683,36.5012
-124.1041,19.4642,-319.3195,-148.7895,-24.6325,-106.5513,28.1132,15.1772,183.8017,36.6267,-107.7865,-100.3210,48.0815,-126.3852,80.3512,-472.7394,-278.0293,-0.7623,-45.6600
-54.7379,69.7056,-218.2980,32.1873,38.8801,-99.1499,68.1472,-30.1482,480.2870,126.2974,-47.2684,-17.9479,79.1186,-128.5931,127.9545,-492.0400,-99.5882,40.7391,-107.8238
35.4864,154.7226,-94.6088,155.8546,54.9688,-122.4160,30.8383,-130.0340,352.9297,118.0308,36.2761,-5.3768,65.3355,-138.3772,99.2465,-478.0101,45.3988,5.9465,-217.8406
100.7461,204.6338,14.1207,208.9333,-2.1073,-143.2725,-152.9648,-283.2830,-109.5672,-111.1534,94.6610,-5.5232,-7.4077,-128.6807,-24.4388,-505.8849,113.0059,-6.6747,-345.5103
143.1847,187.4475,161.8408,279.6484,-34.0606,-83.0987,-279.7588,-340.6951,-182.0641,-274.2815,162.2930,58.7256,-63.9827,-88.8007,-86.1047,-512.8027,188.9870,59.1717,-379.0094
199.0002,184.0142,328.2670,351.3852,-5.7806,-3.3743,-276.7649,-314.9570,-26.5194,-254.5137,243.1877,97.8693,-66.9825,-69.8128,-54.6173,-432.0550,279.7675,93.4754,-358.5124
262.1496,250.3676,374.6865,345.3098,-25.5924,-22.6526,-313.9919,-355.9217,-170.9387,-265.4070,245.6381,44.0766,-69.8385,-104.0557,-42.3446,-349.1102,297.8671,38.7501,-387.2903
292.1143,306.4474,275.6669,286.2148,-96.7774,-90.5826,-372.7191,-429.8228,-246.8206,-327.2049,154.9979,-5.5872,-98.4822,-131.3615,-48.9225,-335.7059,253.9666,11.8998,-414.9220
273.4942,251.6720,177.8177,241.0168,-93.9968,-92.6176,-323.4021,-421.8964,-26.2155,-296.1588,80.4723,13.3631,-126.3994,-86.7991,-35.6742,-299.7364,230.4836,72.0088,-394.5179
218.1735,125.8207,162.8801,213.2854,-29.8876,-68.5211,-284.4754,-382.9105,-104.6688,-234.0524,64.6007,40.4758,-152.9947,-21.5311,-61.4150,-173.0299,226.4404,118.5168,-388.2683
152.2195,53.8807,175.5765,187.8042,-13.4414,-92.8507,-341.9222,-352.4926,-449.3383,-204.7744,53.6835,29.2968,-178.4778,-23.2876,-112.1453,-50.4559,197.9173,99.4629,-350.6522
102.9191,57.0906,169.8347,156.1455,-17.4149,-101.9440,-319.3589,-235.0720,-345.3008,-102.2487,45.2046,-11.9772,-156.2702,-64.9972,-84.0743,-8.7969,143.9700,87.7972,-183.7067
63.9398,49.8964,136.5058,106.0276,36.1967,-26.9490,-164.2097,-37.6580,64.3772,54.0888,63.6331,-63.0944,-60.9719,-71.4735,9.3590,7.4585,80.7127,136.3051,7.4820
23.6964,16.7547,77.1714,68.2860,120.4132,71.9111,-32.5580,99.7534,172.1619,124.0935,66.5064,-86.2546,61.0994,-56.1618,86.7017,47.9288,42.8784,219.1357,88.8428
15.0468,22.7890,47.1968,92.9162,192.6778,108.9610,49.9684,139.5234,101.2402,132.4902,32.7268,-61.8968,155.4684,-53.3889,141.5783,88.8664,70.7404,281.2202,121.4845
50.3073,60.5014,79.3083,151.2118,256.4470,81.9392,144.7372,143.8987,126.0518,164.3525,18.0805,-21.9062,221.4317,-35.6009,177.7284,111.8232,119.9011,278.6414,162.9630
76.5295,60.3882,92.6031,168.7279,307.3579,64.8486,226.7145,151.5515,123.2269,189.2292,34.2296,2.1773,289.1198,8.5831,196.3845,124.6640,110.3745,222.9274,186.2179
65.9133,10.5506,36.6721,132.5034,348.2597,141.2411,303.5662,212.2692,120.6547,202.4741,27.7466,0.9141,356.8431,57.2217,242.4852,144.5549,64.5845,168.8107,249.6441
43.1095,-63.2059,-14.9723,76.5094,380.6861,295.2118,398.8347,354.2446,224.2062,258.0435,-5.4522,-27.8674,379.3051,120.6493,301.1366,192.9423,37.0265,132.8168,381.2701
22.2499,-139.5763,-27.7003,18.8606,356.1338,412.4085,441.0428,479.2080,263.6628,313.3472,-31.8225,-57.1751,341.3754,186.6751,301.8231,241.5015,4.7610,93.6961,439.4270
26.0742,-166.2541,-46.9272,-25.4710,264.0240,436.8866,410.6874,473.1899,193.3845,275.7133,-50.2994,-58.5151,300.8925,189.1612,266.9911,223.1246,-29.5732,56.2616,358.7882
82.1817,-110.2757,-49.1990,-25.8848,195.4957,407.8506,371.4299,366.3374,152.8270,155.6655,-46.2937,-50.8806,307.5977,133.7698,241.3134,158.2634,4.7090,45.1896,256.1996
138.5935,-29.5425,22.7234,36.3824,212.2039,355.5269,305.9402,260.9699,90.9023,49.0670,11.6315,-43.4045,338.0744,115.8253,184.0726,145.8326,106.2056,79.4164,197.4120
130.2223,11.2595,130.4143,140.2070,276.3431,301.4315,203.3350,198.2343,-17.7791,20.1014,83.8472,-5.8254,354.1395,168.9198,104.7217,198.6987,197.2249,156.6848,163.8014
107.3608,20.1739,200.0427,220.3559,339.9784,261.8726,151.4106,154.6059,-39.3694,35.9658,99.7719,43.3565,349.0726,225.1961,85.9383,235.0889,241.0398,209.7891,168.5074
133.8030,22.9425,199.7376,212.0973,372.8980,176.8266,153.6623,100.3170,-19.7962,25.2669,64.1087,43.2140,318.2975,217.9274,116.3923,223.4610,231.1211,163.9698,184.8479
157.6988,25.3874,122.9450,136.8829,349.1399,15.2174,128.5367,45.8784,-57.3713,-8.3850,19.1732,4.2125,266.4545,152.3367,132.9381,205.7153,173.0176,75.1397,150.3842
119.4438,24.0243,26.2772,96.8506,292.6592,-101.8894,91.9310,30.5250,-68.3654,-19.8089,-11.9978,-8.9738,231.0301,94.6462,145.2243,206.6772,128.5668,59.9813,101.0347
53.0582,-2.8777,9.4271,133.5845,249.4945,-94.2846,80.7441,57.1366,-59.7272,-25.5422,4.1750,14.6870,232.1156,87.1635,159.4704,204.5015,133.4432,101.0742,88.7663
5.7661,-56.6165,67.8461,171.5088,205.8424,-60.1289,56.7225,86.2687,-103.2081,-41.6962,76.3962,34.5610,238.0861,93.3224,148.3008,172.6102,124.2207,96.5194,64.5601
-22.1845,-77.8111,104.4253,159.5639,128.8884,-63.4821,21.4105,92.7145,-87.3098,-20.7979,137.6475,27.8715,221.9331,83.2653,133.1353,127.1800,71.5882,37.0974,0.2982
-39.5838,-27.6970,89.0162,148.3642,37.8962,-43.7310,15.0156,83.1221,3.7015,42.3076,136.3014,7.0515,195.2533,88.2814,134.1503,119.2020,39.7408,-16.5046,-48.3003
-42.0646,44.3095,56.4926,161.8102,-38.5136,14.2127,27.6670,83.3936,13.5589,86.2951,104.7043,-7.1623,166.9618,110.7031,120.2634,154.9118,45.1122,-41.3124,-56.5595
-24.3776,77.5902,27.1725,145.0590,-104.8723,67.7050,40.8322,106.0306,-13.6573,89.9219,85.7426,-12.4424,126.2042,110.7774,89.7817,172.0114,39.3149,-47.2703,-55.2856
7.9117,72.3025,28.6933,95.8336,-154.3852,111.9559,32.4760,106.5372,0.5149,60.7107,94.9672,-16.0241,81.1580,89.9906,62.9400,136.7823,26.5366,-35.3669,-71.4200
40.8940,59.0032,69.0421,82.0164,-139.7169,147.1515,-13.0110,51.0919,-70.6478,-6.9449,133.7496,-5.8436,72.4257,67.6018,24.3188,92.0924,39.3761,12.4148,-100.1275
63.9293,56.1118,78.7404,108.9497,-34.1208,173.3556,-1.8199,9.5125,-153.3838,-69.8684,152.9453,29.7307,122.4048,46.7290,-13.6571,78.2179,68.8045,100.7543,-81.8687
60.9184,57.4958,17.1648,125.2301,94.5248,206.8580,131.9378,42.4421,-19.2874,-75.6025,99.0699,67.8817,186.9852,51.8299,-7.8811,86.2798,110.1817,170.7671,23.7342
20.2628,44.2432,-33.9360,133.8608,144.7269,215.1027,224.7465,86.9469,128.1748,-67.3242,29.7289,86.8125,195.3006,78.9817,17.4233,97.7671,176.2982,174.6766,130.4806
-12.6493,24.7362,4.8260,173.2999,131.8909,180.6742,153.0319,91.4937,-33.9951,-92.2062,39.1063,100.1827,145.0714,71.9219,12.2368,101.4437,244.8168,187.3293,147.3171
30.1854,41.1932,93.4216,235.3854,157.3281,185.2678,80.3366,88.6051,-289.7191,-104.5529,97.5190,112.6654,109.0464,41.3282,-7.2929,85.1497,278.7236,268.4673,126.9827
124.2561,106.3989,144.9765,268.7163,214.3752,223.6424,122.6788,64.0102,-290.2419,-90.6585,114.2240,97.4085,123.0099,39.5418,-14.9672,55.2676,271.4305,304.0216,125.8479
180.8292,168.1057,134.8021,237.9641,201.1892,152.7656,142.0474,-11.8213,-139.8423,-116.3332,88.5800,57.3443,130.2612,28.8927,-23.1863,39.5529,241.6104,210.3422,97.0147
185.3506,177.0110,111.9886,179.5409,120.0211,1.2467,72.4772,-60.7044,-91.8569,-172.1787,83.7724,44.2048,82.3012,-7.8911,-30.0389,54.1892,223.3837,113.7234,45.3697
189.2242,149.0591,128.2741,166.6494,65.6642,-25.3639,33.7043,-31.9627,-157.0968,-169.1754,120.2075,72.1200,23.6968,16.3959,-16.1101,91.0882,234.3594,109.6056,55.2217
197.7012,100.9242,164.2843,187.0514,48.6302,85.7545,66.9185,-10.4985,-212.6264,-107.2311,152.6773,80.8219,5.9941,92.9169,10.6581,128.5700,239.5297,99.6292,114.6026
169.8439,8.4492,160.4495,167.9547,-0.3840,169.5107,93.1396,-40.2660,-188.4774,-73.3606,127.8123,45.9598,-5.8301,111.9585,30.0686,141.3678,204.7051,23.5007,122.0413
106.4500,-70.3063,113.0678,132.5821,-98.9910,190.5594,75.0546,-61.3289,-139.1308,-97.5613,63.0648,41.0062,-45.7695,101.0185,47.7012,129.7866,151.7975,-28.2823,50.4929
68.8825,-7.2061,78.4399,148.3279,-182.0395,208.6714,46.9719,-61.8112,-159.0807,-132.5970,38.6045,100.0239,-53.4871,137.5240,80.8047,131.5341,116.0701,-1.8140,-22.5711
90.4068,125.8371,94.5444,171.5105,-156.5955,208.8006,79.0221,-75.5528,-179.3665,-137.8926,89.4530,132.6049,22.0661,150.6541,114.0372,152.7817,118.8939,55.5859,-3.8305
114.0886,103.6562,140.5960,138.9411,7.1421,161.7192,211.1604,-88.9286,-72.7343,-119.9251,173.0147,86.4176,125.9639,96.6345,116.8454,130.0474,163.6933,96.0015,119.4395
88.9047,-32.4772,157.2932,82.0451,199.8764,82.8556,360.0771,-87.3821,41.4930,-106.1821,237.9891,43.9567,192.7829,66.9317,113.7891,46.7914,180.3329,88.7555,242.0864
62.7222,-53.6404,108.8814,23.4057,265.4311,-10.9025,404.9140,-86.1581,-27.1040,-94.7553,252.0986,51.1700,215.4357,64.7485,144.1859,4.1800,84.9310,23.7676,252.8575
75.5600,-19.7414,32.1585,-45.7021,190.3417,-102.0540,357.9440,-98.5116,-154.4445,-64.8654,215.6899,37.4583,182.3651,2.9056,159.7094,55.7579,-53.9135,-44.5560,161.5136
80.0048,-102.9402,-13.0694,-74.1918,91.7169,-181.5602,305.2913,-156.5037,-111.1683,-45.7413,186.2336,-14.2239,94.1192,-73.6741,109.8388,100.7858,-96.5091,-53.4198,42.4207
65.8082,-146.1959,-18.6045,-30.9904,26.7838,-251.3076,253.3282,-261.7490,10.2785,-77.5975,201.7179,-21.2788,18.1846,-66.1535,59.4716,76.1488,-61.8547,-20.6696,-60.7617
87.1412,-0.3777,-7.2276,21.4357,-55.1246,-279.1200,165.4851,-314.1044,-15.1332,-107.8342,211.3307,32.9485,-11.4995,-10.5213,55.0646,70.8132,-54.2771,-9.8207,-120.3851
122.8656,111.8003,3.2441,35.8178,-186.4202,-263.7719,62.2277,-260.8333,-124.7548,-77.9311,168.2541,70.1382,-59.2830,9.7359,34.4989,121.0997,-69.8611,-51.9315,-132.5844
109.8238,56.2938,-11.8127,8.4353,-331.6497,-292.2418,-11.9962,-216.6614,-119.0457,-63.3795,94.2951,56.8046,-158.3369,-9.8137,-6.6846,121.0631,-78.7378,-129.2621,-142.3757
75.7407,31.5768,-57.3822,-59.9773,-454.9016,-361.9697,-58.4327,-260.2359,-33.0905,-142.3062,14.6304,37.0086,-254.7532,-26.4079,0.7012,40.1196,-112.9232,-189.9602,-162.1758
66.3154,90.3423,-90.5396,-106.5648,-533.2443,-315.0794,-90.6328,-291.5265,-0.9285,-230.3114,-47.1104,40.9596,-307.2481,-2.7491,23.6683,-7.2517,-148.9441,-184.1306,-136.9859
50.3608,66.1238,-75.2843,-78.8879,-525.6075,-115.5948,-80.9687,-224.4518,28.3958,-223.8741,-50.6500,45.5147,-307.5031,48.4690,-6.9912,34.7428,-133.8833,-123.3829,-62.0114
8.0227,-14.4447,-20.2837,-68.3923,-430.7584,51.1673,-29.6982,-124.4695,112.6104,-168.2096,-13.8068,26.9141,-253.1960,63.2957,-43.0994,94.1881,-123.7206,-85.3246,-17.3698
-12.2652,-19.1269,51.7835,-135.2971,-330.0406,63.7486,-22.3638,-85.4962,132.0576,-157.0574,1.2707,14.9522,-184.0484,33.0807,-26.4911,108.0546,-157.5080,-110.2851,-41.1439
26.8905,-0.7713,108.8995,-153.2750,-267.7611,9.0372,-85.5249,-113.0354,49.8185,-199.7360,-9.1380,56.1229,-136.8662,30.2561,15.0707,85.3831,-131.0038,-110.9917,-77.9600
86.3865,-16.6239,111.4780,-43.1277,-175.1599,14.5300,-95.8173,-136.2211,18.8633,-238.3706,-28.2170,129.3237,-72.0796,81.2535,52.0989,64.3155,-5.6685,19.6754,-64.3362
78.7027,9.9998,60.3392,92.8902,-10.9683,110.1500,17.4108,-80.0836,75.0881,-220.7730,-70.7267,165.3139,31.4169,135.4881,68.5449,70.9759,84.0904,219.6097,11.7153
-18.7082,78.6892,-3.3225,163.8136,150.7567,231.3291,153.1902,47.0258,92.4751,-164.2908,-112.4639,145.8314,107.8999,156.5437,50.2673,94.0974,68.9441,330.4613,117.8366
-107.4987,92.2418,-56.5516,155.8735,240.6975,283.7169,229.6075,157.9586,57.9667,-128.5622,-125.0063,106.8804,120.8557,142.7096,40.6691,108.7585,23.1546,336.0599,197.7503
-114.3865,46.2536,-106.8184,74.2218,254.8817,238.7203,261.7177,195.3191,44.8937,-113.9378,-157.9198,67.2223,97.3877,104.9607,67.8799,121.7299,-26.8114,328.1600,208.6239
-97.4236,9.7773,-160.0222,-3.7905,198.3888,156.1328,236.2226,172.9390,21.9580,-98.6919,-215.5371,26.0370,42.1371,64.8811,64.5587,139.7012,-103.8171,316.0878,161.1753
-106.2837,3.5990,-197.8511,5.0679,113.2560,108.4802,156.8924,132.9904,-39.2639,-112.3813,-206.4379,-3.3410,-31.1026,25.5890,6.5460,136.3183,-149.9684,287.6191,112.0380
-109.0955,3.4400,-184.8113,44.6263,80.9270,130.1995,123.2761,128.1176,-40.6627,-118.9274,-141.4849,-12.3120,-68.1023,-20.1790,-29.2226,108.9427,-122.2427,300.2218,112.0603
-106.1851,-8.9950,-121.2388,34.9575,95.2018,205.6391,167.3229,184.0884,71.7209,-27.4538,-132.9705,-23.8407,-73.1200,-44.6393,-22.7486,93.5890,-94.1706,335.8052,156.1801
-110.7465,-9.1175,-61.4884,13.2482,79.1255,271.5764,185.0257,245.6027,170.4099,71.2738,-165.5829,-67.1205,-93.7870,-36.9846,-24.5511,92.4856,-109.1871,296.2338,177.2698
-68.5722,59.3971,-33.7243,29.8734,46.8596,280.6645,124.2890,238.3465,110.9862,18.2129,-142.7739,-127.5978,-103.2930,-52.2776,-39.9131,69.8616,-102.7877,213.6949,112.3571
24.1838,190.1192,-12.3539,70.8663,59.9628,243.2041,37.6946,170.3542,-50.8614,-85.9455,-86.4376,-150.2170,-58.5791,-113.4414,-59.1825,17.7308,-55.2376,184.0213,-10.3469
67.5246,270.4232,-0.5320,95.0172,87.1284,175.8569,-31.3530,100.4812,-129.3881,-65.2032,-63.0615,-116.0312,4.3877,-158.2717,-90.0636,-33.7497,-34.3226,155.6049,-88.7708
25.3774,197.6461,-29.1528,55.7459,90.6362,93.6306,-44.6363,63.1260,-71.1574,23.7702,-57.2579,-68.7704,50.3241,-140.8043,-102.9498,-50.5682,-50.1697,70.7587,-69.4921
-25.7610,28.2829,-77.2966,-18.4047,123.0086,49.4118,34.1614,67.0355,11.5364,97.2390,-47.3457,-29.2909,88.6498,-81.6704,-79.8334,-25.4540,-38.6908,32.1491,-1.7051
-30.9607,-52.5300,-101.7160,-21.1418,202.0953,67.1429,137.3885,92.9622,47.5280,186.8918,-43.9482,29.3933,104.7276,-20.0797,-61.2842,5.5404,14.9577,93.4362,46.2572
-12.4084,24.2537,-95.2695,39.3828,251.7644,82.2630,149.8316,92.4023,46.1355,236.1677,-27.5505,88.3611,86.9913,8.7289,-59.3011,4.2981,73.4559,141.1975,61.0817
-18.1496,95.1884,-53.3550,54.5082,239.4884,47.7938,91.6929,59.1247,6.4297,188.5597,26.2541,86.5462,79.3573,-4.6451,-55.1714,-12.0630,124.8530,122.8947,63.5306
-39.3694,43.8513,25.6577,45.3331,217.8038,9.7589,72.6460,48.5418,-27.0132,169.0749,94.7114,30.3571,99.5769,-26.3213,-77.0536,-2.5913,160.1197,115.1994,70.4718
12.9514,8.4581,94.5484,82.3520,206.7606,8.7782,90.8234,69.2341,17.9332,227.6564,132.1999,-26.8387,90.7197,-39.4592,-134.5203,29.9011,147.6416,130.5169,79.3506
152.8216,91.1711,100.7498,95.9140,157.6757,13.4087,50.4128,56.1903,79.8458,233.0217,104.7317,-79.7622,13.4761,-72.4720,-165.2049,40.6187,96.7192,103.5235,65.8029
231.8739,142.3529,46.1318,31.8680,44.4897,-6.8227,-52.7414,-4.0830,59.1595,171.1032,26.1534,-135.8996,-90.9696,-127.8504,-145.4202,-5.5419,47.8717,35.4351,19.1147
165.6331,52.5984,-36.4334,-43.5414,-79.2714,-26.4174,-124.3760,-44.0889,13.3359,136.6709,-32.5603,-165.1468,-154.5674,-168.1897,-126.2134,-80.5181,-15.8348,-21.4739,-27.9867
61.0261,-71.0169,-111.9697,-108.2329,-138.3519,-5.3198,-127.9713,-26.2059,16.9635,130.9353,-36.2871,-162.3489,-162.0125,-175.6937,-128.4057,-100.0275,-122.1010,-49.3548,-34.9508
-10.5281,-150.3638,-157.8838,-180.6182,-119.7757,54.5831,-95.7768,38.8034,32.6373,176.9406,-36.2409,-165.7533,-151.7067,-156.7020,-114.2723,-35.6197,-215.7587,-46.9570,16.1727
-101.3703,-224.7827,-185.5376,-227.9693,-54.3274,109.2109,-18.9311,149.0548,70.6984,318.8754,-62.0654,-189.1748,-130.7034,-132.1527,-53.4975,28.8606,-249.9705,-11.9558,127.1087
-196.8623,-271.3435,-214.2974,-259.9134,46.0795,128.7361,109.2381,274.3122,181.7584,426.9987,-73.3191,-221.2402,-62.1053,-142.8266,32.4690,23.9095,-268.3642,31.0645,257.2064
-213.4227,-221.5108,-243.4781,-298.2642,149.9108,130.7620,200.5991,344.0764,281.6058,393.7681,-64.7160,-259.6902,25.0736,-190.3758,80.5094,-17.2201,-280.7587,51.2232,330.6214
-167.8674,-125.9192,-273.4701,-265.7543,179.6044,130.1567,193.1925,352.5933,277.4948,345.3029,-80.4235,-281.5568,47.4905,-216.5278,63.2248,-50.7440,-229.2834,50.9855,333.3755
-144.5723,-105.9539,-281.8980,-153.7556,130.5498,101.8546,167.1077,357.4231,239.3843,370.6308,-100.4534,-246.9572,17.3931,-201.5500,33.6262,-76.4180,-144.4623,50.0748,321.3564
-152.4783,-165.4936,-206.5241,-89.3531,98.4921,37.1738,187.3350,353.1884,233.2961,396.5859,-55.4018,-167.9787,6.1828,-182.7725,27.5664,-87.0284,-108.3410,57.8116,304.9240
-123.8929,-181.9270,-53.7347,-83.3991,103.0265,-28.2535,176.6242,287.8828,204.1167,397.2439,33.2646,-99.5437,-11.4423,-164.4816,0.9992,-82.1760,-72.5853,73.7729,246.5011
-32.7089,-117.8272,63.4818,-42.1165,60.1828,-78.6476,76.2959,173.2731,136.8337,363.4697,61.7739,-64.9939,-87.8893,-139.7901,-61.2606,-92.7796,35.2103,88.2562,156.7913
23.5143,-105.6814,76.5048,1.4479,-32.0310,-123.0701,-30.0812,65.3646,106.6706,241.6633,9.0370,-57.6152,-175.6060,-143.9742,-96.8537,-119.7050,120.1155,84.5837,76.6068
-62.7178,-212.1321,21.7075,-14.6984,-105.7779,-132.9974,-62.1780,4.4036,129.9302,106.6086,-36.4799,-82.8112,-225.4470,-171.9773,-82.4441,-126.0844,70.1230,53.3227,19.9305
-217.2548,-307.0053,-58.5046,-57.5948,-194.1835,-96.7652,-68.5906,6.2279,130.9758,64.3447,-35.9803,-145.2778,-266.0910,-172.0017,-68.8161,-106.2640,-57.7330,-9.1080,-4.6853
-274.8666,-306.0760,-130.0024,-134.4894,-342.6660,-95.9304,-120.1831,23.7642,59.5604,29.7360,-45.4527,-229.9172,-304.3958,-174.4112,-77.7528,-89.9480,-160.0676,-97.7282,-6.8897
-233.2212,-297.3546,-144.2239,-247.6508,-438.8687,-171.8503,-184.3589,-16.7236,-48.1556,-66.2430,-82.5875,-311.2511,-305.5320,-238.8217,-77.5639,-102.4637,-209.6767,-169.0289,-33.7512
-217.4780,-340.4713,-114.6283,-276.9787,-366.8721,-211.0100,-184.3268,-77.3371,-116.1814,-112.1458,-100.6247,-350.4008,-269.6328,-295.7304,-55.6255,-136.4116,-203.9093,-171.4436,-84.2947
-273.2336,-394.1544,-109.8796,-196.0153,-197.9720,-138.3705,-113.5298,-63.2304,-100.0603,-60.5779,-95.5767,-315.9057,-206.7784,-250.1481,-35.5004,-140.6120,-165.7149,-138.1944,-93.4209
-347.4124,-420.7053,-130.6792,-152.5129,-48.2857,-67.3770,-25.4670,-13.4917,-35.9550,-3.6487,-97.9480,-241.3663,-114.7693,-152.0646,-42.2976,-106.3596,-149.3456,-148.6962,-58.5809
-367.2671,-401.5928,-117.1412,-175.4786,80.2549,-85.8076,28.9676,-26.7248,-25.7292,-2.2584,-94.9268,-201.3492,-39.1076,-87.7654,-85.8581,-118.9334,-140.0265,-181.3309,-44.4126
-300.4756,-372.5406,-59.8314,-150.4776,197.0406,-104.2229,17.4376,-75.2992,-102.1047,-72.5924,-70.5483,-210.7570,-32.3051,-48.1606,-140.3315,-181.4688,-76.4796,-154.3709,-58.0001
-217.0159,-415.4207,-7.0048,-75.1747,248.1998,-55.4117,-37.0060,-95.2469,-142.9792,-185.0712,-54.7745,-218.8483,-59.0155,-18.9781,-147.5243,-172.6524,16.0323,-94.4708,-67.2483
-203.6297,-465.2942,0.1931,-20.6679,217.9507,-11.8952,-48.4607,-118.8379,-85.6917,-249.7862,-71.1045,-194.4589,-59.2143,-32.5521,-100.1373,-143.6786,76.2584,-83.1101,-92.8396
-219.5701,-375.6970,-31.5478,14.9923,154.1761,-35.3296,-0.6642,-181.1519,-109.5631,-277.6899,-100.9594,-153.8168,-46.5606,-79.1019,-72.5462,-277.1971,109.0675,-105.5599,-157.0254
-198.0192,-243.7400,-46.9264,26.9684,79.1743,-111.7028,9.2216,-253.0285,-319.4384,-359.0324,-109.1624,-131.4861,-57.2537,-104.4704,-94.0079,-428.6599,107.4981,-122.7592,-217.2955
-182.8417,-264.1044,-16.5487,-15.4818,-10.4766,-204.4855,-39.5956,-302.3848,-474.6080,-433.3071,-82.0139,-143.3179,-82.1929,-87.5206,-96.7295,-287.4518,32.3259,-155.3455,-226.0380
-212.2516,-367.3787,2.2636,-71.3712,-78.1742,-232.7277,-47.1138,-301.2657,-384.9692,-416.7470,-58.7406,-144.4023,-94.3193,-44.8637,-65.6020,-10.8433,-62.2883,-174.6887,-183.0508
-241.9428,-420.5013,-42.1645,-84.8012,-71.2870,-122.8206,-2.4667,-235.4309,-235.6343,-410.1183,-80.1083,-82.1091,-74.0668,-1.5948,-68.7667,13.7523,-75.2587,-102.9855,-110.1586
-252.2422,-475.1026,-96.8654,-70.6080,4.2095,57.7179,9.0645,-152.6368,-215.7661,-463.6050,-103.5248,-17.6463,-13.9606,31.7358,-90.0125,-116.1106,-28.1859,29.7964,-30.7337
-264.0167,-541.9429,-88.9367,-61.3685,88.5224,182.3866,-2.7630,-90.8912,-257.5917,-467.0971,-77.0831,-49.5818,52.2386,77.9246,-53.7974,-89.6118,-12.0186,125.0439,34.7186
-287.3083,-554.5412,-39.7088,-67.4922,144.8527,239.1382,18.2479,-18.1705,-293.7267,-436.4500,-43.1812,-117.4580,66.3172,136.8911,-8.0010,-18.0075,-26.8097,165.3093,79.1963
-332.0631,-574.6757,-16.3750,-83.8066,191.7953,265.6768,41.3653,53.0120,-323.7612,-484.2091,-42.8615,-95.0686,21.7938,139.8131,-44.4821,-107.5317,-11.9240,174.3173,107.0153
-364.9628,-619.2180,-29.5446,-80.8360,251.4781,242.1185,51.3180,50.7289,-274.9709,-541.6575,-47.6340,-28.6360,-29.6340,59.0958,-117.6996,-195.9535,40.8031,152.7449,125.4435
-319.9882,-548.4754,-42.0902,-42.5673,306.0730,165.1281,97.8957,-2.7332,-163.4702,-504.4606,-64.2363,-38.9075,-54.7776,-20.8650,-135.8333,-146.2530,85.1059,124.9377,129.4768
-243.6051,-393.1477,-43.7774,0.6190,317.1147,74.5646,146.6976,-32.4640,-161.4376,-462.9807,-114.8758,-92.1819,-66.4568,-44.3586,-99.7373,-131.9417,79.7798,103.9500,87.7861
-237.9966,-353.1193,-52.7095,16.3934,256.5277,-20.4343,102.3025,-65.9016,-279.3822,-504.2844,-136.4106,-95.4451,-86.6485,-59.1140,-53.7413,-221.5943,24.6468,53.3787,-2.3639
-267.4915,-434.3801,-61.8192,-9.4427,136.9311,-98.6914,-0.4442,-124.5830,-310.0370,-534.5460,-103.6117,-73.7999,-129.6726,-85.1048,-33.0972,-244.4476,-46.0416,-1.2340,-51.9911
-268.3667,-516.8447,-66.0962,-77.5019,26.8139,-87.6580,-31.1986,-107.3896,-184.8279,-472.4728,-111.1048,-84.9129,-189.9357,-84.8172,-46.9888,-169.0526,-103.2681,20.8635,14.5224
-298.5547,-582.9289,-108.4609,-142.5122,-28.4153,6.6979,27.5991,8.6574,-79.2208,-409.6555,-177.9841,-109.9928,-219.2702,-83.4694,-47.8713,-137.6066,-140.0183,82.4865,109.8155
-364.7317,-609.3744,-186.7972,-155.3016,-78.9179,63.4797,62.0899,69.5143,-121.4668,-448.1920,-198.4747,-117.9800,-180.1272,-136.1576,-14.9984,-173.1897,-160.5127,75.9970,96.3477
-368.9990,-569.4015,-200.2189,-152.6364,-159.2453,28.5410,9.1211,8.2279,-206.0694,-513.5844,-146.2381,-112.6328,-127.4669,-202.0213,-16.4851,-188.1797,-186.5608,18.7899,3.6403
-325.6258,-570.9065,-122.9997,-201.6289,-187.9129,-11.0995,-60.1082,-49.9171,-187.5226,-493.3280,-92.0757,-104.9578,-141.7854,-206.8341,-69.8628,-164.2628,-239.3154,-1.8904,-48.2201
-330.6112,-666.9270,-85.4388,-290.8700,-107.1703,24.1598,-68.7024,-33.8322,-142.3306,-451.1663,-72.4129,-115.8600,-195.2320,-164.4068,-102.5862,-135.7000,-295.5930,25.4746,-52.9922
-374.0636,-728.7371,-156.2955,-362.2461,9.1254,114.0506,-31.4075,-0.6801,-212.7974,-459.9719,-106.2134,-163.2209,-204.3983,-125.1532,-105.9861,-106.3686,-326.4125,81.8080,-56.2749
-419.4472,-706.1455,-242.2876,-392.2309,81.0046,204.9901,29.8131,46.3512,-279.5172,-398.5686,-199.1609,-216.3793,-182.2580,-97.6562,-111.3857,-60.9005,-358.6714,145.2980,-22.7348
-479.2853,-697.0798,-279.1845,-406.4726,94.5153,264.8011,116.2703,141.1048,-161.0328,-217.2198,-275.7410,-228.6835,-203.9137,-86.1755,-82.1600,-1.5758,-411.1388,135.6701,64.7847
-508.0422,-733.9465,-301.6689,-446.2891,46.7098,269.6075,169.2713,212.5330,5.7401,-107.4961,-270.9443,-215.4940,-261.4694,-104.6900,-27.1393,44.6004,-428.7366,17.2683,137.7757
-460.9394,-780.5815,-313.1411,-497.9575,-19.4053,214.6185,147.5907,190.9174,12.8711,-148.6996,-230.1079,-230.2779,-280.8202,-128.3222,-36.4674,55.7741,-371.2768,-91.4605,169.8764
-409.1904,-815.3802,-282.8838,-481.9934,-24.0460,149.4674,131.1334,134.5320,-65.5971,-198.0267,-205.7051,-266.6593,-251.6052,-120.0787,-102.3159,40.3392,-286.8163,-76.9274,179.4513
-402.7746,-788.6826,-230.8556,-372.5665,3.0512,141.2971,151.2424,92.8453,-126.8969,-226.7923,-194.0100,-259.8284,-236.1878,-97.4841,-139.7296,8.6685,-230.5951,12.2941,119.8698
-394.9525,-691.8783,-196.4422,-250.4678,-32.2779,172.5893,105.4564,27.0079,-234.3599,-300.2296,-200.9159,-200.3504,-264.3846,-104.3373,-152.7424,-41.0455,-201.2553,73.9837,-16.9868
-383.6091,-618.0095,-198.3022,-192.4145,-108.3333,138.0962,-7.6749,-53.7771,-357.2138,-336.9359,-227.1442,-160.4018,-297.0844,-145.8978,-176.1302,-94.4492,-194.5850,70.6196,-106.1274
-398.9865,-602.3780,-247.9455,-209.9309,-170.6121,-0.9616,-62.4335,-89.2985,-367.2027,-283.6634,-244.2587,-179.3819,-295.1440,-194.2862,-190.1318,-133.1301,-232.7029,-2.8473,-91.0957
-403.3483,-591.8604,-320.4358,-288.7783,-252.3413,-134.5713,-59.0735,-104.5268,-300.0471,-252.5218,-257.4430,-226.5198,-264.3058,-223.3323,-193.3613,-154.6531,-314.5181,-119.4553,-80.4831
-388.5014,-597.7855,-356.8038,-387.6581,-323.4262,-155.7572,-83.9837,-154.2066,-264.4044,-276.7368,-278.0576,-283.5411,-224.4247,-224.1216,-199.2110,-151.3323,-395.8088,-199.1818,-123.7819
-401.7359,-630.3037,-342.2269,-443.8542,-269.5556,-101.3413,-117.0659,-195.9791,-259.7105,-264.9837,-261.2542,-337.2132,-190.2666,-210.4123,-193.8911,-132.2222,-430.8902,-196.7403,-138.7977
-397.2747,-596.2520,-303.1587,-430.1227,-122.9311,-48.4655,-134.1078,-166.0533,-266.6849,-193.0275,-193.2949,-329.8405,-183.7976,-199.3416,-201.1507,-140.3212,-402.4642,-146.4920,-99.2819
-303.9893,-483.8746,-239.8061,-352.1836,-20.5453,5.8647,-181.9742,-92.3486,-284.6389,-85.4822,-134.7087,-249.1290,-206.6303,-189.1468,-252.6191,-170.2780,-315.3685,-71.1077,-71.1401
-195.4833,-433.2988,-150.1287,-228.8607,36.3016,58.8348,-236.4748,-55.9453,-282.9103,36.2441,-103.2985,-175.4986,-219.1618,-180.7462,-295.8665,-162.0964,-197.9118,31.4423,-100.1686
-153.9715,-488.3910,-69.5292,-125.4008,100.7843,38.5192,-246.8043,-105.0910,-279.8154,104.0030,-61.0122,-153.8803,-204.6716,-188.0285,-287.4876,-122.5881,-103.1619,101.5337,-187.6953
-118.9640,-534.2452,-20.4005,-107.9057,110.7309,-71.6552,-263.8227,-206.5605,-320.0995,88.8990,-20.9915,-160.1856,-206.8929,-200.9310,-270.6822,-107.0303,-62.8044,69.5846,-282.3372
-52.5667,-527.9535,9.4447,-150.0653,22.6275,-176.5298,-310.4111,-267.9374,-346.0072,56.4260,-29.7530,-198.8607,-254.3590,-189.6679,-265.9183,-100.2075,-55.8441,-23.8150,-300.2237
-37.5407,-552.2963,6.8240,-192.0463,-87.9021,-201.6432,-321.6727,-252.5427,-295.4949,44.2194,-87.0716,-263.6667,-313.5978,-152.2546,-248.3828,-73.7920,-68.9230,-89.9562,-256.3008
-105.8903,-633.0021,-69.0280,-227.7571,-179.0820,-178.4747,-312.0935,-224.4870,-246.9155,43.8293,-163.3979,-275.9305,-349.8002,-113.9489,-231.1649,-69.7529,-125.9732,-117.4335,-257.5764
-179.0538,-678.9301,-202.5333,-239.4282,-293.5379,-189.6751,-348.1478,-235.3412,-307.3365,50.8966,-236.0134,-208.0589,-366.4018,-109.1370,-226.4427,-105.8812,-204.0836,-141.4003,-310.3395
-203.8350,-624.4062,-309.3076,-186.9151,-429.3497,-282.4996,-387.6219,-256.2434,-448.2046,39.9656,-298.7479,-144.9371,-369.6259,-170.3629,-207.0797,-134.7853,-233.6189,-172.1941,-315.1125
-205.8134,-538.1479,-351.4795,-129.2845,-516.3322,-385.9693,-354.2101,-228.8393,-501.1053,51.2652,-373.1962,-149.0292,-343.7880,-264.6577,-167.8354,-141.1812,-232.3418,-205.4715,-231.6216
-242.5269,-536.3063,-393.8892,-172.2692,-499.8502,-340.2134,-248.0157,-104.4743,-334.1025,203.5227,-456.9088,-197.6116,-274.4129,-287.7237,-121.0457,-140.7566,-287.5997,-226.9896,-85.2711
-346.9782,-619.6842,-472.1195,-276.2358,-381.3606,-116.5599,-105.2795,103.1029,-84.8839,429.4402,-469.1264,-243.8068,-182.7249,-210.2529,-78.1928,-117.6227,-387.0770,-216.3981,83.1139
-459.0683,-685.0197,-495.0695,-314.5631,-222.4457,95.9684,-0.6953,273.1852,-16.1746,503.4328,-347.2476,-242.2441,-118.5702,-123.3401,-92.4152,-65.7871,-435.9432,-191.7318,185.6535
-470.5024,-680.2014,-388.5321,-280.8464,-105.7804,153.7697,-16.8636,304.6001,-73.7089,437.8909,-161.8137,-178.0325,-105.6934,-72.5577,-185.0996,-14.7294,-409.2115,-186.1886,157.6258
-385.7050,-634.5772,-228.2955,-246.1588,-55.5370,126.7191,-108.3708,236.8531,-10.8582,415.1479,-35.3700,-95.9485,-130.2438,-16.6063,-260.9202,19.1046,-336.6028,-182.3082,40.3748
-310.1182,-565.9495,-118.5464,-206.1459,-39.9359,88.3612,-178.1731,119.2166,62.6563,387.2271,0.4661,-30.5072,-191.3005,24.9642,-261.8810,25.9632,-227.2910,-160.4581,-126.3753
-272.6056,-479.4900,-62.4909,-135.7811,-51.5639,-10.3242,-266.4509,-80.5271,-125.5694,210.0023,-9.4073,33.9859,-289.0746,-10.2481,-279.0514,-12.9808,-115.4305,-156.6509,-342.9860
-220.6169,-419.4136,-25.5725,-71.4270,-108.3103,-161.5065,-416.1919,-320.5097,-402.4745,-22.0693,-34.0272,86.6558,-375.9027,-80.8771,-363.8422,-76.7060,-54.0429,-189.2712,-521.3903
-155.1539,-426.1257,9.7036,-34.5740,-192.5872,-259.5276,-506.5891,-466.4797,-428.8221,-145.3878,-65.7983,85.5725,-417.8379,-104.9547,-422.1555,-110.9232,-25.8768,-226.8263,-556.1085
-124.0023,-478.3202,60.1210,-9.4631,-271.2591,-291.4339,-468.5544,-498.9297,-317.8029,-182.1974,-94.4918,42.6072,-458.8897,-104.6682,-397.6055,-102.4835,12.6723,-267.6240,-505.4480
-137.0967,-517.4358,92.7044,-13.5120,-351.6095,-337.6176,-418.8228,-508.6042,-331.2442,-226.8132,-122.1519,6.7681,-528.9965,-138.5686,-349.5782,-84.1964,40.4432,-334.0212,-471.0250
-169.7966,-503.3033,35.2709,-56.6270,-449.7099,-400.9340,-411.3250,-517.2727,-366.4299,-296.1483,-159.0627,-9.3737,-574.5450,-184.9548,-311.4735,-85.1765,32.3938,-401.5068,-430.8693
-185.9319,-449.2672,-76.0792,-86.6208,-541.4172,-428.1805,-369.0578,-517.1280,-286.4737,-358.2925,-180.8421,-14.9009,-556.4799,-200.2753,-271.8544,-117.1683,21.5162,-430.7746,-378.1485
-147.2188,-392.4659,-105.5262,-70.8139,-596.0970,-425.1912,-321.5599,-556.5854,-268.4399,-387.9677,-147.3004,-0.7382,-511.2547,-196.3675,-272.1483,-176.0681,29.9790,-414.6761,-389.4534
-58.8134,-321.7126,-24.3136,-36.3434,-599.0561,-398.9133,-360.5910,-603.2932,-404.4498,-376.5772,-71.0908,37.7454,-469.0824,-186.9321,-334.0547,-227.1837,26.5333,-356.4011,-427.4479
15.4161,-225.9537,56.2912,-11.2333,-517.1996,-299.4133,-397.4268,-520.6996,-462.9267,-303.4203,-4.0705,64.5636,-409.2490,-145.2436,-361.3701,-210.2808,-25.0307,-276.9251,-354.8495
10.9235,-199.8419,59.2900,-21.0983,-340.8858,-130.6517,-298.4480,-312.0688,-327.3266,-154.7720,25.7161,31.8148,-312.3375,-74.6605,-287.9575,-104.8109,-119.6148,-213.9284,-192.0134
-76.9844,-312.8959,4.3838,-78.5265,-151.5073,10.2884,-141.5345,-152.2498,-193.7669,-15.8682,13.4282,-39.3288,-192.8099,-40.8481,-204.3505,3.2861,-200.2953,-159.8212,-84.4796
-178.6394,-430.1270,-57.2635,-129.7303,-23.2920,71.8211,-61.0082,-110.6049,-185.4995,-5.3402,-24.8675,-65.1162,-84.9489,-71.9364,-187.2160,1.9968,-213.3507,-85.4050,-51.9540
-210.6512,-406.0776,-70.3644,-128.3152,79.6714,100.1582,-29.2971,-88.0834,-198.8318,-81.8027,-31.1529,-27.1525,-20.3747,-106.8641,-179.5299,-78.8107,-184.8528,-14.3724,-14.4100
-172.3992,-322.2336,-6.9358,-109.4206,184.9452,137.7128,9.8665,-27.1265,-162.7840,-102.7073,26.4654,4.0610,-2.1927,-96.2458,-151.8894,-106.8661,-160.9330,38.7298,35.5060
-129.5945,-293.5988,86.3847,-78.9793,227.1772,182.0558,25.7220,45.2454,-110.8919,-40.9379,87.8657,3.3157,-3.8835,-62.2119,-158.8563,-61.3326,-111.8486,113.0459,73.1542
-111.0427,-275.9623,133.2532,-3.0490,179.8444,213.5757,20.0971,116.2365,-69.6304,34.5651,94.3913,5.8338,-11.8891,-37.3458,-187.7902,-39.7437,-33.8102,177.8182,110.7417
-108.6062,-245.1046,103.2480,34.9213,87.5935,186.6129,28.8837,152.6524,-81.6958,83.3753,65.5161,-6.6425,-49.4160,-47.1805,-181.0163,-69.1535,-37.4213,126.6203,124.3880
-127.1644,-264.0216,7.8368,-74.6791,-51.1751,72.6503,16.4273,98.4626,-159.5174,92.4181,19.4819,-72.9876,-128.9314,-117.2705,-162.4623,-85.1186,-167.7470,-31.9185,80.1327
-153.5323,-308.4813,-119.0728,-246.3492,-230.8554,-62.3677,-35.4540,2.4928,-165.5118,81.3543,-53.4479,-149.5203,-205.5078,-208.8299,-162.3871,-62.9110,-294.0623,-170.0349,37.5255
-165.7222,-323.6161,-223.7338,-327.9417,-356.2626,-135.3006,-57.0314,-32.1388,-7.2310,97.4048,-120.7817,-177.4350,-228.8061,-248.1248,-154.7810,-31.9703,-314.5563,-241.1396,53.1866
-194.8219,-354.6334,-272.5232,-324.1689,-392.4306,-161.4650,-43.5686,-24.3974,133.4202,111.8872,-140.7289,-178.5396,-216.3866,-251.7136,-153.1596,-5.6789,-282.2009,-295.0036,63.9908
-257.1830,-389.3864,-270.5987,-304.3635,-414.0443,-177.0010,-78.4106,-41.2263,64.1372,50.5365,-128.7013,-191.6135,-203.4619,-267.3753,-182.6624,15.9954,-260.2124,-336.1182,21.3104
-278.2989,-314.3613,-223.8671,-274.4833,-406.7032,-148.5928,-146.5939,-45.7518,-99.5404,-44.7220,-106.4411,-192.5317,-161.1963,-245.9739,-188.3207,12.8620,-244.0071,-330.6981,-8.4183
-211.0864,-159.3081,-147.8018,-226.7513,-276.2404,-63.6221,-149.6940,-4.6337,-146.1676,-75.3817,-70.7942,-137.1092,-53.1186,-147.7474,-132.0163,-26.7397,-225.1093,-289.9517,8.1303
-129.3786,-88.7046,-94.8965,-157.8534,-68.9241,16.1592,-90.1557,16.0527,-93.9375,-65.7188,-38.8913,-40.2018,83.6797,-42.3773,-60.7603,-52.5745,-187.1388,-240.0095,6.3449
-107.6115,-129.4763,-82.4606,-65.5304,82.3792,49.4687,-44.5070,-10.1713,-86.4865,-88.0542,-28.8237,31.3453,181.3532,27.0402,-12.1440,4.2750,-101.0088,-178.3325,-30.3540
-114.8278,-151.6266,-43.8349,6.0929,166.5439,55.2526,-19.2308,-23.3153,-124.5346,-106.6890,-18.8498,46.5724,200.1984,91.4429,4.7546,109.6923,6.2299,-105.6105,-40.5541
-84.6712,-68.6244,60.1893,20.3187,242.2090,57.4412,27.3272,-17.8751,-95.2060,-70.5991,11.1070,42.6252,145.0606,131.5792,-11.0012,151.0842,74.8991,-37.8148,-15.5434
-25.5076,54.7138,157.1673,11.3005,302.5559,58.9506,95.4779,-51.1622,3.5672,-37.9362,40.1678,51.7091,88.3790,111.6266,-4.8772,116.5681,96.3040,16.8724,-7.7541
-17.8901,63.9178,163.6812,3.3667,322.6518,46.3217,154.2692,-119.4687,74.0211,-57.9553,25.5549,70.0918,98.2888,80.8384,56.8375,98.6724,85.4040,46.2123,-23.0512
-80.8802,-58.1862,98.3542,-16.2242,309.9353,12.3532,184.1647,-165.2354,123.8218,-66.4905,-47.4521,97.4969,118.1187,79.9840,92.0751,113.4266,45.0974,25.9306,-27.1929
-105.2698,-107.8468,51.6242,-26.6230,258.9161,-15.4670,173.6014,-177.3177,196.7949,-27.1817,-109.0946,121.1353,69.3506,70.5159,47.4179,103.4524,7.3811,-34.0361,-37.4794
-31.2410,5.6675,86.7895,-10.4514,168.0095,-17.0320,116.7708,-190.6808,202.2545,-9.3167,-61.0822,111.2231,24.0745,38.8129,-4.7669,84.5367,8.1324,-72.8387,-89.6747
32.2228,93.3574,176.7185,3.3267,94.3056,-22.2106,52.9777,-207.3745,141.1527,-24.5181,66.9717,90.9755,75.7579,21.6075,-17.0359,106.9976,27.5718,-59.3266,-129.6430
25.7905,77.2234,231.8747,2.6445,97.6108,-49.8049,51.1001,-193.7939,190.7439,-0.5764,141.3973,105.2013,160.7641,20.3511,-19.4461,143.8002,37.1439,-57.4443,-85.5400
58.4717,115.5901,206.2716,-19.0127,138.2775,-79.3842,82.5487,-164.5989,250.8389,35.8343,119.0933,122.7777,187.5901,12.2776,-26.1708,142.7445,32.4985,-146.0490,-32.5498
148.4444,187.0106,139.0912,-93.9609,107.4787,-113.4642,17.9284,-179.4950,25.8918,-1.1514,65.5453,99.0007,168.9535,5.9724,-48.5866,103.2128,-12.5257,-295.5693,-90.0377
153.5971,116.3126,73.5307,-189.5387,-20.4606,-165.5996,-142.5348,-230.7744,-280.0748,-80.0160,21.6080,61.7000,129.5814,20.2572,-95.9082,57.5890,-105.1652,-402.9453,-200.1505
66.7913,24.2118,5.0442,-224.1024,-138.4455,-211.0532,-221.8778,-249.5278,-254.1649,-132.8718,-16.1609,44.6578,77.5963,58.7727,-113.0605,48.3376,-176.2641,-428.4740,-237.5299
26.2611,132.2591,-76.1036,-209.5490,-154.3980,-228.7432,-159.2410,-222.8138,-100.4640,-149.8166,-59.5041,53.2289,62.3676,114.5069,-69.9042,96.4063,-182.3523,-405.8107,-220.9052
30.1777,276.6928,-152.8424,-201.7258,-101.2717,-223.0516,-92.6137,-175.8063,-158.5598,-97.8822,-114.6764,96.5608,98.6096,162.7737,-40.5462,155.2321,-165.7507,-345.8925,-200.4099
-5.0406,217.2835,-183.3138,-178.5687,-50.5010,-198.2041,-95.2264,-111.0224,-195.9328,-2.9833,-132.1292,143.0669,119.1361,170.7994,-73.3431,153.6602,-136.9685,-243.4794,-149.7196
-15.5663,141.7916,-121.8851,-114.6570,-25.4026,-187.7947,-118.0889,-68.7455,-58.3874,-3.2191,-51.4922,143.0384,91.2316,132.6152,-123.6147,90.8185,-61.7389,-147.5727,-105.4839
72.6549,306.5368,10.5118,-40.5939,-34.4597,-225.0804,-149.3032,-90.9767,-25.7384,-65.6242,68.5022,136.6052,56.6410,78.8313,-145.0809,42.8741,17.0481,-110.2149,-127.7848
171.4744,515.8008,107.8279,20.1830,-79.9225,-255.8667,-174.3226,-105.3571,-64.0316,-5.5313,121.8314,174.9889,44.4505,49.0822,-119.5710,67.3674,30.4392,-103.9856,-135.6678
196.9748,463.9416,97.2970,34.9105,-129.2727,-228.3095,-129.9925,-54.5817,67.2914,80.2563,107.6985,197.5209,46.0191,52.2837,-61.1180,112.4172,0.5790,-86.3108,-74.4701
174.8310,270.6776,15.8571,-40.8603,-154.0966,-201.4876,-51.9293,-31.4402,121.8554,-33.9109,63.9488,151.5850,39.0021,54.2128,-37.0026,78.8280,-45.3139,-79.4528,-54.5863
125.2468,234.4284,-61.7934,-156.5329,-162.8836,-213.2991,-41.3775,-81.4489,-87.9295,-190.1635,2.9395,91.5352,-0.1272,20.2436,-79.9647,-11.7983,-132.9012,-108.8904,-105.1979
78.1476,351.5226,-88.3977,-208.4065,-168.5024,-206.1871,-75.3528,-104.1834,-196.2297,-125.4543,-22.1473,67.4102,-59.7811,-33.4861,-136.0216,-42.7059,-218.2155,-148.3691,-118.4602
106.8989,443.2046,-63.1021,-192.2664,-176.6020,-166.6162,-88.7749,-72.9568,-71.2426,36.6833,1.8399,74.3372,-97.6290,-51.9641,-163.9222,-0.3880,-217.1695,-174.3728,-104.6404
164.0235,461.1657,-48.9398,-161.3877,-191.7353,-124.7839,-120.2940,-53.7793,-8.7719,102.9207,-16.7498,95.6180,-98.4856,-11.4588,-165.9511,40.1799,-178.9085,-189.5882,-135.9196
119.8233,413.8553,-85.1807,-123.8787,-203.1474,-63.5512,-190.6682,-27.6762,-9.9675,138.6470,-73.3188,99.5021,-69.7692,40.4400,-150.5092,66.8866,-201.5505,-198.6516,-158.7684
45.4104,313.5484,-89.6847,-91.8074,-202.7031,-16.7881,-235.8310,15.6378,66.5792,174.8793,-44.7368,88.3601,-13.9520,52.2748,-159.3284,74.6726,-236.2701,-230.1632,-152.7954
104.6456,293.8332,5.3106,-97.5699,-198.6269,-70.3496,-240.2323,-23.0630,93.0636,116.0339,43.8412,119.0429,45.4247,48.5920,-202.3214,20.6879,-188.3962,-306.3789,-199.1248
209.0576,439.0127,111.0583,-115.4205,-177.1612,-167.7487,-237.5543,-146.1674,76.4285,-1.3351,67.5989,170.4684,75.7223,64.3079,-183.9080,-34.9840,-92.5814,-351.8946,-264.4199
187.7178,583.4757,138.6066,-82.8560,-121.6271,-188.7843,-218.3254,-209.1450,157.2675,-65.6716,56.5382,159.3729,77.4032,60.5702,-80.6715,5.0734,-22.6796,-277.1667,-252.0123
121.3176,581.9559,133.3895,3.9832,-73.4714,-181.4404,-181.2677,-170.0582,182.5726,-68.8991,77.4545,122.9385,56.8301,14.5003,-34.7795,64.1853,25.6830,-153.0093,-205.2701
129.5433,525.4491,136.1976,79.6623,-79.8843,-234.5948,-168.9177,-130.5889,75.9879,-41.8075,73.9870,143.5012,8.7157,-14.8040,-106.8577,39.2051,65.4265,-117.5165,-191.2070
132.5010,501.9806,121.6870,86.7731,-126.1291,-288.2986,-198.8547,-145.0376,46.1142,-21.1462,34.1892,176.9332,-50.8672,-4.3237,-185.2676,18.5989,74.5744,-156.2214,-188.1712
96.5905,483.9352,109.4516,52.1694,-193.4226,-282.2611,-259.3252,-176.4511,50.6659,-50.5976,21.2225,172.3672,-102.2797,-1.9340,-202.8219,78.5065,60.9756,-162.7214,-196.0690
126.7255,477.4743,127.2433,50.0964,-278.8156,-258.8388,-323.0664,-177.6877,-16.5543,-80.8847,11.8523,163.9333,-137.4588,-16.1748,-184.1354,111.6900,56.5609,-128.0267,-210.2832
194.2381,487.3823,123.7385,76.4832,-329.6143,-226.6987,-323.7756,-138.5180,82.8957,-42.0550,-15.5654,144.0146,-118.9523,-28.3587,-137.8458,62.5614,47.1890,-108.2300,-172.3672
174.7809,469.6045,70.0689,59.9564,-297.9228,-148.5170,-238.6745,-94.6799,274.3862,11.3487,0.7936,91.4815,-23.0654,-43.5371,-84.6012,45.4056,-5.9038,-108.0290,-119.2025
113.7589,456.6006,17.7454,9.9395,-232.3643,-43.9708,-154.3705,-66.5427,106.8974,29.8980,27.6795,72.0740,80.8333,-21.0277,-60.5057,118.9846,-78.1725,-99.7549,-143.1312
117.5805,503.5108,-2.7678,18.1699,-188.6405,48.0681,-124.3059,-14.1264,-206.5212,70.5590,-27.9221,119.7994,114.9129,84.1641,-48.9262,192.3095,-84.0166,-70.9601,-183.9400
145.7375,559.8122,9.2387,116.4694,-139.2553,124.8860,-89.3887,70.3958,-116.9451,138.3185,-88.7412,196.2555,110.6068,199.6330,-37.9891,191.7820,10.3702,-22.2533,-150.4937
133.4796,577.8713,75.3998,244.1845,-60.7636,182.8915,-30.0196,120.1488,111.4774,162.1795,-29.2176,305.7469,146.3426,249.3305,-56.2946,154.2812,133.0781,29.1959,-104.7074
122.0580,567.8032,179.5903,326.8207,15.5990,210.4976,-6.0402,113.2236,46.1011,145.8080,100.3932,412.9728,233.3031,278.5445,-83.3580,139.7563,205.2448,65.0233,-94.1634
167.6487,525.5698,262.3661,331.1198,75.1422,196.9212,-10.5721,106.6242,2.0297,145.2468,197.5395,388.6618,312.8016,312.2572,-70.7696,140.2942,227.3230,85.7631,-60.5420
254.7623,503.1078,305.6911,279.9857,115.7964,123.6592,9.1667,122.9348,175.6575,163.2707,237.0641,255.1942,322.6794,292.4221,-35.5330,118.5175,227.0353,75.9368,-17.3372
306.2227,579.4894,303.9671,223.5812,97.4448,11.7693,10.8605,120.2365,145.5375,167.4139,200.5559,218.0751,259.0237,218.4738,-20.0852,93.2117,209.4958,10.5000,-39.1905
269.8496,683.9489,222.0987,188.4512,0.8279,-63.7327,-73.9117,74.7290,-150.6992,145.0966,97.3717,326.5470,169.3974,144.5867,-36.1878,100.2777,181.5885,-66.0043,-101.8649
217.0361,716.2629,83.5643,164.8359,-118.5636,-68.9265,-192.4446,29.0001,-243.2210,133.8077,2.8342,408.7342,82.6975,92.2367,-73.5444,108.9554,136.7318,-76.7748,-129.6095
240.2382,708.4061,-22.7878,116.3200,-197.4125,-45.2496,-235.4214,50.6100,-11.9679,190.0883,-47.3048,362.0642,1.9238,83.1174,-96.6456,76.7455,43.9882,-43.3772,-88.6824
276.9079,653.0321,-60.6619,22.6223,-220.8268,-26.1697,-178.3546,142.3635,245.3066,284.7234,-68.4155,251.4076,-50.9913,113.4069,-90.8026,19.8908,-68.3321,-39.0655,23.1040
227.3041,514.0532,-56.9066,-47.0669,-196.2999,1.2206,-80.3081,230.5255,354.7325,319.1242,-58.9103,169.9905,-60.5428,112.5458,-93.1949,-26.9702,-103.2578,-37.4940,150.4743
144.6927,437.6231,-42.1109,-1.6255,-132.1896,54.2204,-2.2965,267.9086,350.7192,269.7380,-56.7547,154.8312,-36.7051,78.6056,-87.4566,-28.0606,-30.9277,27.5275,213.0776
122.6496,529.6212,-44.2803,108.3452,-39.8082,119.4325,48.5462,273.8744,342.6526,192.8157,-109.9750,182.7969,28.5834,97.9898,-5.0853,41.1539,73.9517,110.6726,229.9078
158.5049,628.9797,-48.5758,163.9406,67.6323,160.6691,114.1834,268.9033,390.0864,135.8736,-135.9475,207.0873,130.0840,153.9855,108.1516,113.3914,147.4987,136.6743,263.2364
227.4394,625.3881,6.5562,175.2214,161.1906,165.1656,196.9031,260.9838,381.4153,134.8230,-42.0027,214.5678,203.2999,157.2951,145.4512,95.0261,179.6492,141.0022,274.0966
304.7140,617.3434,102.0011,203.0372,198.2194,156.8824,211.3429,255.7786,231.5251,184.7164,80.7599,220.6392,216.8116,133.3675,128.2188,38.6889,172.6015,167.3234,209.9554
324.6383,649.0070,142.3567,215.5918,174.7575,141.0193,110.2773,228.3801,86.0341,208.4318,123.0877,232.5619,220.5488,151.1736,119.8640,53.7861,157.8886,162.7603,129.8146
271.8469,680.2771,141.1025,208.4430,142.2099,99.7235,-17.3047,168.2497,72.3579,171.5351,140.2864,250.1219,233.0241,193.7566,92.2543,107.8559,202.5374,114.3158,99.2279
232.4425,694.8729,197.5382,257.4240,132.8249,52.1443,-81.5999,120.9834,112.4933,132.0960,189.7978,262.4140,212.5988,224.4064,40.7199,115.6644,315.5001,102.8685,90.4419
274.5844,650.8230,293.6750,331.5715,113.1534,31.5854,-113.7648,96.7265,127.9686,116.0116,220.2631,252.1488,154.0108,217.2168,27.9679,91.3322,399.1801,127.8430,66.5822
364.4641,584.8491,324.0327,304.7308,51.7410,34.2989,-152.4378,57.0371,155.0595,100.7624,207.3703,225.3160,93.8729,140.8396,57.6194,79.9432,365.6216,101.3942,49.8839
411.1005,638.0508,266.8255,192.4919,-20.1783,56.0016,-152.5232,28.5661,235.1429,105.1361,179.5147,191.2517,59.0254,40.3348,95.1202,87.1633,260.8316,31.8608,65.2015
362.5204,750.2028,171.4465,130.6684,-63.6742,88.8516,-91.9479,50.5840,342.2654,149.4022,127.9961,138.1049,62.1111,2.2451,151.3459,101.7107,192.7841,-20.7216,83.0434
275.5919,729.3408,79.3547,141.1050,-89.1036,71.7288,-29.8818,65.5081,410.7051,199.1638,56.5030,80.8678,81.9261,6.3714,216.4436,95.0664,169.8126,-83.4880,59.7833
245.6684,636.5312,28.6980,124.1545,-104.5604,-22.8866,-7.6491,41.4179,435.8983,220.6040,24.3591,58.9592,80.3635,-11.4364,247.1372,70.4687,119.5442,-164.1758,23.0462
267.9624,595.1609,24.2872,38.4554,-79.7725,-108.9090,2.6386,53.3155,470.2415,215.4791,45.1825,56.0014,85.8040,-29.9622,266.2899,93.7156,31.5435,-195.1155,48.4499
264.4212,518.2916,8.2245,-56.0839,-18.3266,-122.2478,40.6974,121.0642,474.6678,208.5273,59.3795,21.2578,152.1854,-22.6034,329.0252,159.5714,-45.4912,-193.5542,128.2382
212.7359,428.2258,-53.9688,-93.8214,25.4807,-109.5552,108.4359,171.1744,410.0206,223.4537,34.1860,-30.2857,240.5253,-14.4749,412.3564,165.9343,-89.6478,-216.4639,169.6825
161.3664,492.1085,-113.8317,-51.7316,50.8159,-95.7248,169.9131,190.6268,399.9964,235.8415,-3.6813,-30.3218,284.0127,0.8724,448.7930,109.8974,-79.2372,-182.6548,150.9971
156.1625,612.1301,-107.6114,62.5086,115.3808,-43.4212,195.1173,218.6973,460.8937,211.4412,-11.3329,39.6812,305.2010,41.4417,419.7638,90.5693,15.0352,-27.7937,140.7608
177.8607,611.3855,-18.2061,204.7534,204.7014,18.2723,197.3443,238.4568,396.6612,193.3006,44.0587,118.6863,338.7834,74.3786,360.7148,110.5160,145.6624,119.8778,153.1328
171.6189,610.5059,122.8966,306.4135,232.3234,13.9406,189.2413,220.7595,253.5600,222.2961,150.8497,150.2401,348.6111,93.2680,315.9734,107.6926,231.3212,158.2312,136.6631
179.3869,701.6970,245.2042,339.7810,183.8617,-37.2940,151.2358,182.7296,279.4460,238.9229,239.3949,153.7134,311.8162,145.6439,302.5008,99.0979,276.9774,160.1672,98.9486
298.9233,720.3635,288.8632,332.1875,130.9418,-52.8749,104.6830,142.5333,368.8834,197.8301,262.4310,165.7832,271.6025,221.7744,301.8710,112.6723,317.5567,178.1249,99.9851
445.0194,615.6389,269.5521,301.2299,112.4768,-12.0586,115.1578,107.2195,292.8242,147.3686,258.7437,171.4707,266.0827,247.5882,290.8185,118.9234,329.3524,173.8215,137.7729
434.6363,525.4789,248.6183,247.1729,103.0342,48.9509,168.0316,94.2371,206.1742,121.9555,275.5994,160.9565,288.1965,203.6123,271.1471,113.2497,299.0239,148.9351,155.2250
322.0266,496.2972,241.8508,193.7142,72.6427,100.8720,182.6045,107.5318,263.0951,112.8239,284.4961,154.9004,317.7097,145.7354,262.6973,118.0995,252.7163,130.6722,141.3430
280.7787,509.7966,212.4511,158.6003,28.0789,129.5817,170.9427,137.1837,310.2569,133.2784,247.6686,139.1520,343.5011,118.9003,279.5933,115.7997,190.3920,117.1469,137.4855
276.7481,560.7939,152.5091,134.6355,20.9121,137.7440,219.1636,188.2120,326.9388,183.6946,204.6883,109.1618,360.4226,116.9295,318.7040,91.8638,120.9791,132.4867,161.3562
228.9792,566.6533,111.1018,135.2970,99.4030,138.3866,324.8977,249.9721,436.4240,219.8110,206.6952,116.0727,368.4532,111.6156,363.2162,79.9413,102.1698,192.6691,190.8085
223.2521,482.3889,119.8547,161.5115,231.2087,108.3730,401.3058,265.5801,510.0482,212.4662,226.3503,135.9101,378.0788,81.4607,388.1544,102.6071,140.0978,229.5730,204.1849
286.1375,405.9960,149.1945,149.8959,329.9890,3.9318,403.8714,201.0823,404.6036,164.2076,220.8898,77.2690,396.1000,22.2563,374.9765,129.0316,154.8874,178.7321,190.8340
297.1935,381.4518,169.5168,74.3352,353.8701,-140.3915,352.8150,115.2948,241.7575,89.9947,211.2541,-14.7695,396.7091,-43.5266,336.7653,113.0440,101.1145,77.8153,145.6682
242.3908,360.6773,181.3093,17.0525,308.5123,-219.5592,280.2339,87.3846,132.8200,37.1721,211.8666,-28.7575,343.4741,-77.2476,300.1609,53.3495,28.0115,15.2913,80.6969
225.4884,382.8224,158.3789,44.1326,197.0190,-203.9151,205.6965,99.6714,112.1460,59.2331,174.4745,1.9965,241.9078,-62.6723,260.9988,4.6790,15.8526,31.0295,17.0443
263.7628,477.4536,66.6490,124.0224,36.1186,-175.0898,131.3740,77.1379,227.0358,122.8368,86.4382,17.7405,122.6225,-19.8278,216.6317,2.7271,92.5768,67.7614,-35.3941
290.8872,518.3404,-40.9257,203.9070,-124.5712,-185.9483,60.9485,19.0256,310.5431,111.1211,20.7096,57.0652,4.5986,23.2381,201.8725,10.6925,195.7315,51.0208,-61.5472
261.6520,434.1728,-68.2560,258.0895,-226.9673,-179.3419,28.0748,2.5758,160.5728,7.5058,20.1001,111.4248,-79.8549,58.9916,214.4419,-3.2393,248.3808,33.0362,-22.0174
187.0689,339.8723,-15.1094,280.0815,-226.1566,-67.1894,70.3706,84.9730,22.1812,-4.6898,42.6770,136.7287,-93.8957,110.7024,209.2070,1.0087,268.3844,116.0335,113.4961
124.0319,302.0693,44.5305,282.7213,-131.2727,155.9162,181.7450,249.9181,182.5133,169.9408,60.9250,169.5809,-50.9355,191.1528,217.8836,56.8269,305.2401,247.6873,309.0273
94.4187,255.2788,93.3039,264.2853,-27.3645,373.2517,312.7551,400.1023,377.8370,286.4861,97.9320,177.3911,16.2618,235.9663,290.3688,114.2840,319.4648,304.8211,458.4750
88.5222,221.6925,162.9166,206.2970,23.3297,447.5081,397.6673,429.6214,309.6589,152.9419,152.6289,50.1544,105.2459,179.8672,338.7782,104.9038,261.7514,299.8694,483.6305
178.8067,301.7264,230.8677,141.3715,66.1010,393.6298,401.2413,367.3111,179.6296,26.0586,196.8369,-113.5088,202.7656,102.5933,282.9189,43.4640,189.1606,307.7921,433.8636
389.6631,425.6551,236.4386,122.0656,160.0510,347.1965,371.3247,334.8558,205.7030,151.4685,232.2077,-108.0126,279.1035,114.6909,232.5996,10.7743,172.9571,332.4098,403.1920
516.3611,433.5858,183.7939,121.6983,276.4204,335.4875,378.7020,335.3143,283.0542,319.1434,264.1143,6.4901,336.8203,149.8773,284.1922,34.1356,179.2375,344.2481,371.7881
408.6678,359.7949,130.7737,89.4699,349.9576,261.2085,389.7719,278.1333,324.2850,316.5022,260.9934,35.3275,371.7031,105.3880,344.7545,54.5618,137.7397,303.3099,269.2513
241.2642,329.5972,83.9157,53.2506,355.6716,115.3753,329.5891,172.2239,336.3837,261.3207,205.1347,-12.7755,349.5505,43.7801,329.7511,45.1032,66.8560,197.9220,135.2796
209.1636,326.1956,15.2602,63.9625,324.3855,-7.9580,247.1397,78.3757,262.2842,218.1482,134.1636,-22.6211,294.7410,34.7571,279.9527,50.2027,56.4572,130.1760,47.0975
265.0498,329.0534,-28.4708,118.2360,320.1110,-66.3909,208.0051,-5.8070,141.9538,110.8852,95.9067,20.9181,276.7027,31.3044,224.6078,67.9285,137.8500,169.5078,-10.1067
313.6903,395.4338,22.2622,186.9369,361.6208,-63.8922,97.8099,-65.3297,119.9895,12.5489,102.7230,73.8132,285.1712,27.2532,163.8205,47.0952,241.0315,205.9763,-50.1186
343.7742,448.4457,117.6640,241.2881,391.5303,-1.2413,-173.2146,-58.5889,157.7917,-0.2391,130.1433,103.4097,260.2261,60.9916,131.1190,15.2051,303.5755,193.2907,-14.4343
382.6166,394.2185,158.6284,258.6764,384.9074,77.8177,-392.5076,-3.2684,140.6215,6.6380,138.8096,107.2471,208.8369,91.1818,125.6512,44.0088,326.5523,236.2227,105.0066
506.7306,403.8937,160.0389,258.9762,388.8281,139.3453,-325.9923,99.0521,156.8914,71.0664,127.7657,116.9674,179.3849,100.6722,109.9227,121.6764,312.1537,232.0561,231.7452
733.3165,610.4092,197.3451,289.1870,407.9403,223.3255,-114.1520,264.5005,269.5618,237.1522,155.8540,132.1558,192.7087,136.7200,103.1308,184.2874,285.2421,-58.9185,317.9338
945.2431,808.4364,285.2896,343.5558,405.6380,313.4284,-27.7850,371.3434,312.5119,309.4268,259.0543,117.3581,244.7301,148.9525,139.0296,194.9682,333.2440,-469.2968,363.6540
1142.4191,872.4590,410.5508,363.4411,412.6975,311.8130,-44.6075,302.2466,239.4807,209.2420,387.8289,89.5933,309.8813,78.9272,195.4421,150.4429,465.9376,-572.8749,369.6734
1474.6891,996.1347,554.6937,345.1381,460.5886,243.5987,-6.1706,187.5643,238.0565,167.8766,480.5115,91.1298,360.2948,39.1374,243.6375,100.8162,564.8578,-360.9939,341.4097
1850.2826,1249.4276,659.9924,383.7890,481.9694,237.7970,55.4929,174.9960,298.6781,238.4222,533.8851,131.6125,399.7551,112.1740,266.1783,104.7545,597.6074,-168.7444,277.8666
1977.4025,1432.5830,706.8977,544.5660,435.0168,289.7867,39.6210,174.0426,217.3571,217.7166,565.6696,222.8844,425.6179,192.7134,243.5159,114.7914,659.9156,-90.8697,174.9587
1860.4468,1443.5190,760.8311,734.2784,396.4146,298.1157,-8.9066,98.2935,82.0903,110.8618,587.8885,336.0076,412.5166,212.3315,203.2510,55.7913,748.7078,-1.8815,77.5875
1757.0251,1370.3463,837.0323,799.5082,413.5171,242.1701,-13.9452,25.6031,129.2359,64.5031,621.8094,373.5583,379.1748,219.4718,188.7335,-10.0248,763.4355,68.9972,30.3211
1725.8781,1309.8129,853.3899,722.2510,412.9554,123.6605,-14.3854,-25.8333,207.6922,29.0741,658.5637,329.7445,359.4457,203.9263,172.6151,2.3321,708.4536,0.7578,-13.7160
1651.7759,1286.4009,774.0253,617.1183,328.5817,-74.6367,-76.8407,-124.0380,40.2917,-69.3265,637.2438,305.2495,316.5625,124.6918,127.0352,24.6133,658.2369,-159.5507,-106.7201
1517.9037,1207.5403,653.8026,569.1711,192.7906,-258.5679,-175.1084,-226.7996,-214.4508,-145.1901,532.7332,293.3328,218.6200,29.0576,98.7786,-28.5014,615.6113,-256.9577,-194.7240
1323.2295,947.5931,543.1152,548.2733,66.1173,-285.3340,-220.0959,-237.9367,-257.0930,-136.4715,404.3793,202.9958,122.8763,-19.6763,110.0550,-93.9201,542.1154,-242.3436,-197.6789
975.9307,553.5206,449.0840,459.6579,-30.0597,-169.7528,-174.9680,-155.8075,-140.0836,-70.1150,306.3675,62.8629,82.1106,-8.8143,119.2292,-79.0477,411.6316,-189.9166,-107.2864
496.5893,184.9552,351.8347,272.4747,-84.5432,-23.6326,-95.0593,-27.1443,-22.7837,18.3664,231.4789,-29.9805,87.2461,39.6540,118.5137,-6.2009,225.2170,-146.8089,30.6561
90.7931,-77.9609,244.8381,92.0032,-63.5662,116.4013,-31.0442,99.8311,93.7892,59.8100,174.3834,-57.5360,131.8353,65.0258,129.2658,41.1180,61.7828,-68.8677,139.2368
-128.0733,-209.9184,181.6014,36.1522,44.2421,242.7371,38.1145,163.2837,140.5411,3.8209,153.1383,-51.1616,203.6806,34.4251,139.8331,22.4135,19.0983,71.3419,156.1703
-265.3414,-244.8208,192.0041,90.7766,181.8997,309.6594,121.2613,149.9714,4.3797,-86.4893,147.9571,-36.2437,256.8710,-1.4885,152.1669,-31.2902,78.7415,211.3540,118.6731
-407.7018,-330.4304,190.5848,177.5487,277.1560,311.8542,166.6556,120.0607,-180.4349,-132.7041,117.6372,-25.1812,278.2990,-8.4573,189.1087,-58.7813,148.1199,289.8940,115.5513
-515.6462,-527.6751,124.6442,242.9086,312.1328,289.8255,151.6416,123.0613,-232.6010,-138.7265,77.8125,-16.2633,289.6923,-3.5739,212.3488,-41.0164,173.2557,314.2431,148.6950
-605.9003,-697.3716,73.5722,223.1191,302.1029,243.4551,113.1560,147.3604,-244.4765,-137.9433,59.4339,-31.0409,277.1017,20.4912,165.0214,-18.3222,133.3816,298.4611,151.8067
-738.8046,-735.8542,45.5475,108.5304,255.8437,160.5419,74.1368,149.7568,-316.5717,-151.3586,21.1511,-78.3680,222.1023,49.6518,83.1672,-33.9144,55.7935,240.9007,113.2007
-817.4600,-681.8206,-58.7217,30.7319,179.7098,80.0582,30.8822,111.9504,-313.8186,-170.2940,-70.2332,-77.8938,145.1938,32.4773,36.3619,-88.2526,36.8937,175.8860,74.6938
-728.6064,-604.5403,-184.6394,88.8134,79.4210,30.5375,-14.2339,63.3805,-203.5286,-159.3071,-138.8264,13.9821,59.8129,0.3780,6.7219,-140.4748,104.0484,142.2252,45.2079
-617.7151,-578.5724,-189.0391,182.2694,-29.7924,-12.8723,-60.2721,24.3072,-205.3085,-130.9125,-129.7921,93.2648,-25.4356,5.2416,-63.3042,-149.1569,139.0763,102.8468,2.0576
-705.7442,-622.3885,-152.9203,162.8447,-114.5658,-53.2021,-101.7185,-17.8098,-355.8921,-123.8911,-133.0446,88.3457,-78.7899,-10.9507,-158.1998,-125.0683,50.8629,-12.9252,-39.3729
-939.3049,-656.4512,-237.2125,11.2760,-179.2568,-60.5148,-120.1470,-43.5438,-389.9068,-98.9559,-218.8156,49.1637,-105.7076,-73.4364,-212.8448,-112.7263,-105.5987,-194.9790,-40.4994
-1053.8086,-681.3811,-369.5808,-186.7220,-273.1750,-55.0935,-121.0240,-29.9464,-219.0404,-15.1569,-298.1661,-8.2191,-147.5569,-105.0914,-208.1304,-117.8231,-234.5180,-351.2864,-25.2955
-906.9919,-766.8434,-415.8440,-312.3216,-371.8941,-71.5734,-126.5873,-21.2565,-49.7749,71.3359,-287.9574,-90.5313,-184.2329,-117.8971,-175.9083,-109.0039,-298.8909,-405.8993,-45.3317
-666.2356,-825.8065,-409.0000,-312.3167,-372.7486,-61.6983,-125.2337,-31.1887,27.0976,115.7473,-238.8315,-143.2128,-169.8483,-173.1473,-136.5765,-71.9028,-318.3290,-350.2517,-66.5716
-622.7091,-776.3906,-387.2479,-280.7313,-265.4513,13.7445,-95.9154,-1.0752,77.8642,130.2823,-208.5690,-169.6090,-130.9208,-197.8065,-89.4083,-15.0312,-340.6388,-234.9125,-33.7865
-769.2383,-748.0062,-317.9260,-322.9349,-148.3052,68.4798,-44.7965,44.2588,62.2238,102.0316,-190.6690,-217.1623,-98.9153,-147.4181,-45.0813,33.5903,-377.4406,-136.3938,11.7468
-806.3105,-775.3359,-244.8918,-378.8787,-60.6015,41.2264,33.7237,32.4939,-7.6138,50.7019,-186.6506,-217.7109,-44.6782,-137.0809,-14.7096,34.0517,-366.5688,-73.7904,42.6063
-677.2759,-695.5615,-217.5629,-329.7106,36.6834,31.8191,148.5308,29.1335,62.4063,51.9696,-192.4473,-127.7128,24.5165,-195.7794,14.7133,0.1136,-267.9424,12.6949,115.4730
-638.5144,-543.2012,-179.9136,-200.3012,134.7448,100.6404,242.0172,93.1848,245.6615,82.9236,-171.6749,-75.3679,38.3960,-212.0982,51.2900,-0.3399,-160.5559,117.7941,187.6618
-731.7754,-534.2853,-133.9403,-129.0748,164.4948,119.7356,241.3762,99.0597,254.8827,66.1381,-141.0397,-126.9977,-16.8668,-187.0201,74.8966,32.3036,-149.8774,131.2425,132.2362
-763.8013,-669.5836,-165.4212,-176.5353,95.2771,7.5614,175.7452,-15.7785,105.8513,53.6874,-161.1646,-179.3242,-78.7129,-203.8790,71.2800,21.4505,-207.3058,51.5070,6.5502
-724.3085,-775.7458,-226.4865,-240.5710,-10.3369,-105.7754,128.9816,-101.6447,80.2770,100.9354,-211.3992,-181.1899,-105.6964,-224.1687,48.1629,-30.8412,-209.8295,21.2295,-30.1393
-695.0025,-764.6522,-204.1922,-208.1158,-51.5793,-99.4209,114.0522,-84.2710,152.6022,113.5422,-218.4031,-163.4890,-102.8764,-176.8004,12.0459,-33.7459,-132.9322,60.5573,-7.9061
-636.0156,-658.2772,-153.6026,-130.8857,-14.2097,-29.1717,105.5614,-57.7447,132.4890,58.2511,-183.2868,-112.0814,-88.0935,-100.1670,-20.2434,23.4289,-76.5604,55.1222,-22.9668
-584.9152,-570.6835,-174.1112,-116.2481,6.8712,19.2332,123.7123,-41.1136,122.6670,64.0203,-158.6094,-39.4313,-86.9909,-57.6396,-10.5132,50.3652,-94.7135,13.6843,-26.7052
-623.8402,-606.4489,-216.7058,-147.7389,-52.1519,41.5800,167.8901,14.1373,250.9151,150.6153,-158.8308,-23.0668,-112.3410,-56.8938,42.9039,12.3857,-146.1930,11.8881,8.3925
-633.9943,-671.4024,-217.0931,-180.5121,-146.1216,36.1182,167.3462,47.7536,350.6054,167.7101,-161.4162,-72.1272,-129.1399,-76.1592,84.9597,-34.4021,-197.7073,-7.0710,5.6707
-535.7234,-618.7711,-205.4358,-218.7052,-198.3206,-17.4903,112.3767,-3.9555,284.4507,84.8053,-139.0352,-115.0159,-89.1883,-90.4501,89.5483,-55.8297,-226.8579,-76.5177,-29.3433
-482.3133,-515.4698,-200.0455,-193.8655,-161.7561,-80.6827,101.5563,-69.6707,165.6948,32.8146,-88.0951,-106.1853,-1.1659,-99.4158,90.6141,-63.9760,-193.0828,-75.9991,-34.2391
-511.3267,-492.5314,-184.8765,-56.8975,-36.6494,-77.4165,174.3437,-68.5920,129.9133,45.0612,-50.2643,-61.0154,81.9010,-115.2800,105.8186,-54.0981,-121.4296,37.7336,-20.7118
-483.0863,-519.2234,-165.9644,46.5466,112.6847,-2.7290,269.3401,-18.8593,191.5991,43.4583,-58.1879,-37.1850,139.7154,-111.0882,125.4960,-21.8172,-89.9218,151.1236,25.9855
-414.6714,-501.2017,-144.6469,8.3385,223.4639,66.1732,366.8167,30.2237,272.9333,47.2532,-79.8786,-71.7348,192.1661,-70.5850,162.3053,-1.6310,-95.1003,204.4762,146.2478
-387.5479,-421.1542,-123.5564,-46.1065,296.3391,69.6839,471.4573,55.5325,283.0592,126.9941,-75.6408,-129.7709,232.4551,-48.0223,215.8893,-13.5288,-82.6609,214.9856,249.6691
-332.1932,-347.8061,-124.9204,-27.4358,326.1839,19.3927,524.7686,62.5219,269.7588,219.8999,-50.9698,-170.8675,222.4641,-69.9421,246.7141,-32.9717,-51.8501,178.2482,250.6396
-225.8539,-352.5812,-121.1075,3.5522,281.4274,-45.6310,512.6560,77.7681,347.5181,237.7773,-20.2103,-180.6642,158.6677,-76.6216,248.3421,-41.9762,-2.0585,129.0097,238.1369
-147.0223,-369.5899,-70.0902,53.7707,182.4547,-99.4808,491.5719,102.0938,451.0873,237.3078,3.9233,-123.5631,78.5665,-36.3858,248.1351,-33.4894,77.1723,115.0518,259.5173
-85.7981,-285.4280,-35.2980,131.8864,57.7033,-131.2146,432.8936,95.4770,456.4248,269.0190,-6.2895,-27.9908,10.9772,7.1658,236.9041,2.8886,109.5738,73.3517,212.5039
-46.1972,-182.9879,-94.8350,98.8339,-113.6662,-149.0109,306.1407,53.2069,419.2198,257.7087,-56.4295,-18.7366,-31.8212,19.0762,213.7636,34.9088,15.9381,-45.2012,105.8430
-114.0251,-201.8639,-207.0701,-82.8941,-290.4297,-162.1413,242.9872,35.0414,399.7292,200.9245,-117.5191,-99.5234,-46.1544,2.5088,220.9374,22.3685,-134.9121,-135.5437,77.5394
-220.5447,-269.5057,-300.0524,-221.4724,-368.9878,-152.1995,306.8483,71.4789,339.5415,212.6152,-163.5328,-136.5834,-49.2152,-21.7630,241.3870,9.4204,-213.0424,-118.1895,117.7910
-209.6023,-279.5945,-332.2412,-197.3262,-357.8181,-112.9226,322.4449,102.1661,273.5989,272.6149,-168.1476,-130.1475,-58.1223,-25.7568,211.2253,42.0734,-175.0462,-59.3652,99.5957
-127.6029,-275.3555,-252.9210,-93.7801,-338.7684,-83.0888,201.9304,61.0960,287.5495,237.4245,-116.8010,-170.4989,-61.5046,-12.9710,157.2385,65.2617,-68.0814,-6.2349,22.7961
-91.6049,-270.5849,-110.2008,-15.5338,-294.7006,-77.5551,106.4548,-17.0636,296.0009,107.8167,-59.3073,-192.4323,-43.2427,-9.0567,141.5508,43.6495,12.4431,67.0665,-11.7579
-81.1673,-227.8557,-62.9319,2.9927,-177.5291,-62.8447,135.9408,-43.0485,208.5453,10.1936,-51.0408,-112.5682,1.4418,10.4641,143.3144,29.6357,13.6720,148.2587,27.4676
-82.3742,-207.1345,-115.2423,-5.4267,-26.6664,-37.4155,219.4057,-2.4460,113.4483,-16.2460,-55.2562,-16.9153,78.4394,80.5212,148.4094,31.2690,8.8397,215.0669,89.8446
-128.3439,-245.0901,-105.5099,28.1009,104.9597,-29.1813,304.2486,45.0155,81.1461,-20.7010,-19.2233,26.2942,172.8963,150.5413,190.6538,18.3789,72.2322,282.9866,126.5328
-147.9019,-257.2038,-15.8109,94.0036,199.8132,-33.7843,359.7989,70.7248,65.6052,-36.4153,32.0927,65.8664,240.9298,155.4403,232.8129,29.0299,144.3891,317.8082,136.3845
-54.1232,-204.3851,48.6776,115.5708,240.3757,-58.6231,331.3762,81.2885,47.5742,-60.6817,73.0359,92.5122,258.0699,128.9309,217.8382,76.8233,157.1154,258.2790,134.7224
95.2705,-138.3071,102.4461,92.6821,227.1703,-137.9583,243.4447,57.6649,34.1649,-62.0282,114.4978,51.8786,224.7001,135.9311,192.3819,97.4837,133.6948,145.7838,97.6926
183.6878,-101.1907,174.9468,73.2660,160.6968,-237.0488,160.5662,-6.1414,7.4781,-26.3886,128.1399,-0.9034,132.7093,167.6967,192.4153,86.9642,94.4475,63.4966,4.2303
168.0487,-113.9126,176.4526,65.7042,20.4623,-270.7883,76.2669,-59.0567,-8.6824,-6.3945,92.3475,17.1114,3.2779,179.2593,168.0767,76.6872,53.0519,10.5443,-94.6180
98.0582,-143.4816,101.2572,87.0118,-130.8936,-221.7813,5.8038,-70.6813,11.6277,-42.7945,71.0893,75.4154,-83.6805,160.8024,130.1915,26.3649,60.2846,-31.9278,-144.5295
61.2804,-109.2990,79.8186,130.6578,-174.3721,-134.8794,13.2917,-80.1125,15.8213,-90.5718,97.6710,93.0816,-74.4368,133.2334,147.2104,-45.8773,92.5642,-47.1880,-165.3818
77.2283,-36.2216,126.8216,110.5929,-147.0874,-67.8383,57.7852,-110.9173,-22.8939,-106.6807,97.8492,45.8269,-12.1970,118.2318,194.6725,-36.1338,51.6674,-64.7032,-186.2159
98.1620,-34.7581,127.8509,20.7339,-182.5834,-77.5783,41.1340,-122.9158,-45.0519,-120.2593,41.7730,-25.9020,19.2923,122.1043,212.6777,18.2127,-46.8847,-113.6782,-195.9004
118.8660,-96.9827,70.5971,-12.0775,-244.8276,-138.5605,-6.3904,-94.5207,-31.0440,-164.8459,10.4922,-55.0125,-7.5405,123.5218,214.1699,-14.1593,-88.1128,-111.4042,-187.2654
140.7258,-116.8639,49.5821,48.1626,-202.1022,-151.0948,3.4854,-74.8656,-38.3003,-223.2259,46.8007,-11.8870,-41.6467,85.6258,207.0942,-105.1086,-44.9920,1.1678,-166.8570
104.7454,-62.1347,88.7931,109.5902,-68.3683,-118.1982,52.5607,-102.5050,-96.9716,-255.1515,94.7023,45.1825,-37.4933,12.7106,159.8121,-153.0446,18.8712,118.8414,-139.1717
17.0584,-2.6349,114.0282,134.2252,63.3784,-120.8562,77.9411,-126.9895,-172.5847,-242.3139,95.6571,32.6976,-35.7398,-22.4137,84.7948,-157.1688,52.6992,153.0214,-109.8922
-21.5397,-29.4956,72.6496,127.5500,163.3387,-117.8955,100.3812,-76.7700,-203.5316,-204.8720,41.0637,-29.3311,-79.2984,28.2752,32.8914,-126.3868,40.0239,166.9144,-63.0631
8.2722,-122.9758,4.0732,73.5510,206.3068,-42.5333,177.7560,21.3014,-150.4876,-166.8427,-26.6170,-32.2924,-100.4512,95.9695,32.2914,-61.9663,6.7323,201.7869,13.8272
35.0883,-128.4743,-24.9603,28.9444,157.0384,9.8833,271.1996,64.2406,-60.6005,-130.7169,-30.6479,43.0478,-35.2318,98.0693,73.1294,-39.1697,4.7138,213.0484,54.2023
36.2328,-3.3623,-3.7287,91.4077,54.9074,-42.9442,266.8022,9.4744,-43.4480,-115.2698,49.1161,90.8949,36.4087,72.0942,102.0207,-77.7094,57.1236,224.4967,-9.5397
43.2703,94.2994,60.7648,237.6494,-19.7974,-103.0455,165.2889,-75.3242,-128.7247,-150.4206,134.6884,75.4216,25.2958,79.6434,76.3031,-90.8234,169.5440,293.8361,-102.5735
98.3366,109.4652,176.5533,368.0232,-33.6816,-69.5876,103.9957,-97.6514,-220.5142,-206.9734,165.2195,78.4729,-19.5221,95.4770,34.0608,-77.8418,320.3672,375.6374,-108.6191
202.4573,146.5376,280.6571,439.8646,-9.4975,44.8557,125.3718,-33.6061,-234.0292,-214.8014,163.3715,115.0934,-24.4440,115.6289,21.7669,-102.6362,395.6902,409.4626,-53.5803
232.8198,172.4097,265.8180,439.1577,-1.9533,191.7273,139.5722,56.1277,-183.0596,-156.6024,149.9194,121.2674,4.4239,186.2785,24.2492,-121.6972,303.6151,401.4473,-29.5026
96.7555,74.1863,162.0423,348.1815,-31.8552,286.9346,143.9532,86.5580,-110.2400,-94.4648,118.1125,97.5280,52.2848,243.1187,43.5792,-96.8359,145.8657,342.3537,-35.9958
-39.1868,-62.0347,111.6629,202.1872,-31.1960,260.5474,196.3674,32.3964,-49.2474,-118.2153,95.2176,60.8948,117.4996,175.7133,100.4135,-96.9858,72.7778,246.4259,-24.3064
15.6408,-87.6427,145.7272,75.5311,54.1955,193.6729,227.7995,-54.3668,-46.8889,-243.2306,103.8737,-13.0917,166.3291,62.0326,143.8085,-121.7894,66.1879,217.1262,0.7654
145.2125,-41.4244,170.4644,7.7389,159.0697,192.5898,171.4703,-110.6214,-93.1076,-353.8553,102.7248,-71.3689,167.7597,52.2786,131.5507,-86.0389,50.8790,276.4782,2.4733
157.5921,-41.9708,139.3991,-11.5989,202.7503,183.6175,111.9166,-125.0695,-115.1106,-349.3859,65.7903,-37.0617,121.7122,96.9107,117.6491,-14.7894,42.0222,292.0046,-29.5478
94.7241,-98.2477,78.4375,-18.3534,191.0383,71.4961,86.9062,-136.1925,-140.1395,-293.9379,36.2746,6.2771,34.2675,72.9011,121.2824,-0.4701,47.6182,203.7149,-73.4876
66.1674,-126.7956,6.5845,-39.4749,145.1196,-63.3718,10.1938,-174.6566,-233.4456,-277.3994,34.4056,-46.5601,-60.3248,28.0840,79.9953,-31.7242,28.9270,106.0606,-103.8280
66.4098,-84.8998,-51.4321,-55.5799,69.9918,-118.7520,-108.8214,-218.2144,-274.6237,-277.3570,26.5021,-114.0134,-109.2673,50.8247,2.8945,-35.7621,13.2688,69.4181,-124.4024
66.9256,-32.2670,-44.6183,-25.6080,1.4720,-125.1371,-188.4245,-239.9862,-204.9461,-293.7865,13.6902,-94.0477,-130.7428,74.8370,-40.5241,1.6498,56.6440,74.7960,-167.2390
60.9463,-12.6427,27.5152,35.8491,-47.4244,-148.4719,-278.8875,-270.8310,-294.6703,-378.1109,22.0599,-43.8970,-193.1754,1.3841,-72.3922,21.2529,108.9691,80.0684,-246.7901
44.4205,20.1873,77.3556,56.5966,-124.7211,-197.0004,-434.2715,-332.8456,-608.6399,-457.2859,19.9747,-44.0725,-292.9203,-129.3633,-150.0336,-39.1455,78.7505,47.9370,-330.7603
48.6716,54.6171,43.8219,10.6663,-234.7731,-236.9311,-539.3665,-375.2446,-709.7372,-414.1178,-21.9336,-76.8649,-361.7748,-195.1923,-233.4187,-136.0670,-12.1626,-12.3086,-379.4190
86.3780,13.2588,-14.8707,-33.1443,-315.1121,-227.4308,-516.1307,-370.7318,-474.5538,-304.3090,-47.5354,-93.1502,-365.8703,-143.2917,-255.6804,-153.7068,-69.9009,-45.9097,-403.7392
101.6612,-47.9159,-27.3006,-18.5123,-347.9453,-169.3228,-460.5588,-358.3044,-346.0962,-225.8500,-17.1597,-81.5002,-316.2960,-48.6013,-220.8601,-93.7834,-80.6394,-48.7408,-433.2925
62.6831,-16.8678,-21.6759,6.8888,-352.8347,-104.8513,-411.0265,-326.9767,-365.7970,-130.8725,4.8280,-74.3051,-236.0271,-19.0005,-152.2794,-63.8084,-108.4137,-57.3827,-432.0544
-9.2728,57.2388,-43.6279,-21.8812,-308.2682,-53.7211,-285.5585,-231.7999,-155.9780,14.8370,-31.8895,-93.5757,-158.1727,-47.2348,-62.1719,-72.7121,-170.8928,-58.9593,-345.9449
-94.5155,67.9957,-82.1629,-82.6112,-212.6415,-12.0130,-131.7575,-118.7348,65.8668,114.6015,-81.2518,-97.2255,-111.0097,-37.8346,-4.3783,-53.7108,-217.7691,-33.7683,-221.4737
-143.6978,7.1072,-126.5171,-115.7506,-126.4158,15.7164,-95.7013,-33.6558,-136.9617,129.3984,-103.8714,-60.7421,-98.0204,21.1262,-36.8433,-15.4628,-212.2803,-0.3407,-134.9610
-107.0036,-72.0989,-155.8678,-105.1874,-72.9181,32.9265,-131.2635,81.2970,-394.0187,151.1620,-120.8243,-43.3363,-108.5989,46.6386,-119.0643,16.4706,-162.9020,37.5036,-56.8518
-42.3285,-84.2309,-125.7292,-78.6937,-34.1317,30.9675,-90.7035,223.3228,-223.3175,224.6320,-144.4052,-70.3438,-131.7058,8.2279,-156.9149,61.6625,-113.4754,60.1120,51.0628
-32.7199,-17.2827,-93.3553,-83.8127,-40.8219,-23.7838,-26.4220,281.7430,44.3911,294.5571,-170.8294,-91.1649,-160.5644,-49.6547,-144.4204,93.5527,-128.4909,11.4568,122.6484
-57.2966,-11.4308,-173.8805,-141.3206,-106.1786,-101.4472,-63.0997,263.1542,48.5508,328.3515,-212.2421,-96.2005,-195.2156,-95.0224,-156.3327,67.3624,-216.9788,-75.0546,119.9914
-82.4529,-89.2092,-309.1986,-205.0431,-160.9034,-115.5279,-142.8601,279.7025,-8.3671,339.2390,-258.5452,-98.9129,-238.8528,-111.2988,-222.9543,28.8833,-299.4018,-98.1242,102.9811
-135.3507,-77.6191,-359.8481,-225.6772,-195.2885,-73.5042,-184.3038,317.6016,-38.2389,329.9945,-273.7267,-70.7998,-296.2424,-76.1469,-303.7287,38.9060,-327.3012,-77.4470,87.1079
-212.9749,-15.5902,-362.0706,-217.9733,-286.3526,-67.0103,-229.4387,297.6945,-144.5939,316.5054,-255.8680,-37.0267,-355.4772,-8.5820,-344.9838,75.1026,-335.7487,-101.0627,39.8012
-258.2359,-98.6706,-391.7139,-206.0928,-398.0012,-115.7699,-260.4551,238.6948,-136.0418,323.4876,-229.5703,-58.4465,-366.1599,31.0175,-317.2412,91.3012,-322.6028,-144.0103,-2.9093
-224.6762,-195.7978,-380.8833,-182.9500,-403.2850,-161.4322,-206.8273,157.8477,33.5709,294.8575,-205.7610,-75.5968,-296.1023,25.2549,-252.0198,65.2023,-241.3572,-142.3378,-12.8891
-122.5554,-95.1857,-299.0206,-150.7504,-318.6504,-155.0738,-148.5767,32.2772,-7.4592,152.3949,-190.2834,-10.2710,-199.3209,21.2301,-220.4862,-5.1692,-132.8413,-113.2466,-45.1500
-46.7745,25.5178,-218.3508,-119.7367,-249.5209,-77.1082,-167.8884,-66.7208,-254.9979,-17.2103,-174.2686,57.6114,-141.1226,47.9440,-224.2317,-70.1206,-84.0097,-75.4335,-100.0117
-71.1512,-28.5171,-136.3681,-92.6170,-174.8917,48.6556,-154.6172,-54.1750,-257.2367,-37.6072,-132.7595,40.8970,-102.8362,69.9617,-199.7718,-69.3218,-89.5245,-3.0990,-90.8526
-108.0836,-113.1331,-38.1057,-89.6602,-29.2501,172.3762,-36.8343,16.8273,-22.1933,79.8959,-85.6765,-2.1069,-45.9319,50.9136,-143.7337,-30.1020,-100.8185,101.0107,-6.4196
-67.9031,-104.2814,-6.6654,-122.8736,128.9160,286.6234,73.4206,79.5029,58.6068,169.6096,-76.5097,-13.2705,11.4399,14.7344,-97.0326,-20.4541,-125.0726,190.8390,76.1415
-44.0651,-77.3506,-52.6494,-167.6441,205.9032,391.3388,107.4307,151.9928,-6.1069,185.5617,-80.0507,-23.4955,34.1820,4.0572,-58.5614,-32.4038,-176.2250,223.1856,119.3758
-102.7123,-88.8107,-85.4911,-214.5740,198.8149,438.1154,109.9816,226.5954,25.9080,206.5146,-55.7657,-48.0589,8.7736,19.6190,-33.4274,-12.5339,-224.6414,203.7538,138.6430
-137.2399,-140.9034,-98.7258,-265.3374,162.5970,424.7598,103.8762,279.4666,105.7521,256.1977,-31.0814,-66.0121,-40.0038,37.2785,-37.9523,38.7433,-239.4068,194.8300,155.5240
-111.0855,-189.4455,-109.0727,-275.1117,149.5759,421.6054,107.1067,346.7005,89.6722,303.5909,-19.6378,-71.7962,-42.1442,42.2066,-19.6373,72.3389,-215.4044,220.9727,186.1230
-103.6955,-142.5222,-57.7255,-209.0172,165.1510,433.6736,139.9034,417.1989,18.7748,328.5112,3.7521,-56.5321,12.8544,31.5877,48.2881,64.5482,-162.9091,223.7110,212.8050
-82.2471,-54.4937,32.4205,-107.7980,153.3904,405.6526,150.3187,409.6956,-5.2609,311.9510,8.3136,-13.0642,18.0121,23.2164,70.0715,39.8515,-102.6255,182.6328,198.9013
13.5331,-63.6096,64.2475,-36.8369,83.8288,342.1275,111.3763,332.4198,69.0122,270.1622,-20.7860,23.6119,-66.3866,35.5476,-1.1350,16.9837,-59.7860,136.9072,152.0116
91.3887,-97.6977,61.8730,-41.3504,2.0925,262.5552,79.9618,253.9145,199.7852,249.3366,1.8630,11.4498,-118.8768,36.9870,-68.6456,-23.1467,-54.0401,62.2248,95.8202
90.8255,-44.2305,79.1262,-113.9769,-55.0020,149.5406,44.1508,156.5574,234.5682,221.8804,80.8556,-39.3573,-76.7355,-8.6480,-72.5337,-77.3976,-79.5221,-68.8968,14.4965
92.7178,5.1609,57.8362,-163.2043,-88.3717,38.1287,-51.6370,15.7643,107.8488,128.2964,88.2043,-76.5788,-29.4800,-52.3096,-53.9727,-91.3436,-97.3862,-164.9984,-95.1593
117.4072,9.5761,-9.1579,-137.3747,-76.1203,-3.5170,-136.0972,-101.6669,-27.0337,13.7647,27.2919,-66.4270,-22.1032,-32.3455,-40.1420,-48.2801,-85.9251,-147.1294,-187.3162
111.4587,55.9862,-19.9192,-121.7500,-1.5547,13.7535,-122.4310,-146.0505,-15.5465,-40.9120,34.8361,-39.8270,-6.1909,3.5474,-35.7340,-6.3367,-70.9483,-66.0775,-223.9553
102.4727,86.9882,35.7042,-157.0000,95.2919,44.0541,-65.8566,-147.3697,94.1245,-43.2848,89.9712,-51.8994,19.8445,-19.1944,-45.3785,-2.7794,-65.9897,8.1979,-199.4008
113.5723,6.7456,59.7570,-167.0502,163.3371,73.0362,-37.5211,-138.8505,134.9459,-33.3254,68.7341,-96.4374,15.7795,-67.7503,-43.9312,-13.3065,-50.2212,43.4842,-133.1404
76.8873,-100.1080,15.3762,-188.1665,181.3190,74.5843,-28.7860,-126.4715,26.5550,-31.5238,1.4081,-127.0922,-21.8778,-70.0601,-33.5775,-15.3144,-26.2483,25.3628,-84.5285
-14.5353,-144.4338,-45.9406,-338.2404,162.1496,41.4029,-29.5656,-99.7789,-113.3859,-59.0357,-21.0467,-142.0618,-74.8676,-33.8417,-59.1490,-5.3475,-12.3297,12.4889,-104.1002
-71.6622,-127.5295,-63.3681,-529.4873,151.8392,37.6799,-44.5037,-43.0762,-128.1035,-88.5315,-20.0186,-162.4740,-112.4749,-7.0918,-102.8042,20.9764,1.8332,72.1690,-162.1385
-67.9352,-48.4775,-28.9153,-583.7343,158.9087,89.3550,-73.3355,17.0746,-61.6368,-55.5445,-31.2127,-171.8405,-114.5042,4.7598,-118.8276,48.5911,23.5427,139.6162,-194.9032
-47.5173,17.2019,-1.7071,-540.2086,124.6558,115.1934,-113.9418,33.4301,-24.9676,19.3192,-42.8757,-150.4607,-128.7406,19.5111,-132.3840,49.3747,45.3976,129.8111,-179.2891
-17.1644,-30.6614,-15.9811,-530.0165,45.3035,55.5503,-121.5459,23.1351,37.4581,63.2211,-62.2215,-117.5971,-191.5081,25.4882,-145.6336,26.2135,78.7627,84.3743,-124.0334
34.8264,-101.4288,-21.5366,-535.5107,-9.3613,-41.6796,-61.2529,25.0697,153.7079,81.2803,-72.3158,-99.9982,-231.6722,-2.8675,-101.8068,1.0795,118.9709,55.3061,-64.5373
81.6970,-59.8595,15.8229,-483.8176,-43.7368,-96.5977,-7.6544,17.7579,183.7633,96.6447,-22.4484,-97.2153,-195.0157,-52.9485,-28.9770,-24.3660,136.1737,36.9911,-58.1628
98.1933,36.2848,72.5742,-375.4515,-99.0115,-77.9093,-20.3958,-13.9689,118.7511,64.2552,57.1518,-86.3872,-134.6826,-82.0349,-3.8687,-57.4874,161.1169,61.5966,-103.4784
100.9461,80.9860,149.0583,-243.7756,-101.1397,-5.2969,-24.3109,-27.1277,108.7341,-23.0036,96.8709,-50.2116,-80.4325,-74.2657,-5.5105,-89.7626,253.9379,150.2026,-120.4069
112.4133,84.9109,244.2013,-130.8670,27.6359,101.1898,29.7434,5.6107,106.9002,-79.4909,110.6260,1.0023,-7.5182,-40.8774,3.6885,-97.5981,362.0216,237.2027,-66.8550
121.0278,118.4127,294.9074,-79.6183,209.1814,244.7195,84.7393,79.5097,-32.1167,-55.7302,120.6855,48.3695,53.7941,14.0674,0.0831,-58.8858,362.9453,284.8580,19.6117
105.7401,212.4122,258.7924,-92.5815,332.7465,386.9184,121.8830,195.3104,-185.8821,5.9152,90.2078,80.5491,68.1232,66.1546,2.1224,10.0979,244.9663,319.0701,114.9907
79.4555,268.4883,172.4304,-136.0359,387.7535,440.0503,167.7503,319.3191,-138.6203,59.8185,28.6524,73.4712,75.8964,63.9243,51.4818,48.5425,120.9459,329.9133,227.9586
70.2562,179.3755,96.8256,-157.9188,400.6803,394.1845,214.3756,383.2544,63.0450,93.9069,2.0201,22.5416,98.6610,11.7081,107.6319,30.4672,88.7604,310.7132,331.5606
78.0498,82.3407,83.9748,-111.4184,385.2827,326.3927,259.2152,370.1446,208.1275,93.9031,23.8089,-7.0087,95.5196,-24.3107,122.3772,8.8044,149.1108,301.6476,375.9372
93.8767,150.2227,138.1751,-23.1282,339.1023,244.9310,273.4005,307.1365,181.9767,52.0178,58.3501,31.2965,42.2340,-26.6690,107.7487,17.5355,234.6266,277.0987,347.2144
127.9870,247.6984,179.9494,28.8232,221.8499,91.3020,165.5729,197.5890,49.5776,-7.2026,75.1777,68.8210,-63.4501,-41.2130,69.1551,6.4745,281.2445,163.5853,258.3972
171.6620,229.5141,147.1967,27.1324,26.1659,-114.2455,-43.9487,53.4407,-19.4987,-62.8879,60.4075,38.5001,-201.3937,-84.0988,12.7517,-50.7486,263.8492,-4.5633,129.0220
181.3494,221.5657,84.9565,3.2978,-161.2086,-293.1267,-198.3727,-73.3086,12.0247,-136.0513,44.7414,-1.4016,-292.5351,-127.1713,-32.5729,-92.4563,188.4135,-135.5091,-6.7970
143.0523,266.8204,48.3271,-35.9321,-278.5406,-425.4568,-265.0313,-165.0101,-47.5424,-245.7331,62.8946,16.3744,-302.2363,-147.8405,-93.3479,-94.6881,89.9870,-227.2806,-126.6567
93.7616,221.4947,23.9876,-83.3310,-360.1598,-542.6937,-344.9521,-266.4249,-290.9206,-355.0442,70.6483,45.1490,-313.0742,-145.8193,-211.8510,-123.3474,8.3265,-319.5120,-238.8506
49.5566,103.9272,-9.7114,-126.5309,-419.5712,-659.7227,-430.4973,-389.8618,-482.2263,-404.7477,33.3105,23.3477,-354.0692,-144.9749,-320.0143,-185.3617,-61.8806,-393.9527,-329.8428
-15.1715,37.5519,-52.2715,-172.8591,-413.0422,-731.2410,-436.4201,-461.5100,-388.3632,-371.8838,11.6149,-21.9046,-334.7009,-164.4895,-318.4429,-195.6115,-137.2692,-398.2277,-346.8123
-94.5786,3.9797,-94.7928,-196.7141,-329.0935,-656.6623,-368.9354,-408.4110,-140.1612,-279.0084,18.8492,-50.7313,-238.8786,-174.8318,-223.8629,-147.3156,-187.0903,-296.0212,-271.1487
-147.8993,-51.2340,-108.4590,-167.9442,-188.0071,-401.3819,-268.8206,-256.9521,-51.1435,-186.3498,-13.7432,-83.9433,-146.3238,-150.3387,-123.7377,-124.9016,-195.5997,-100.0035,-141.1498
-179.8696,-139.2571,-76.3794,-148.9809,-7.9005,-86.6974,-135.9360,-97.4428,-170.7516,-147.7972,-52.7378,-132.0070,-62.1130,-129.2436,-68.9987,-129.3580,-200.6531,109.4191,9.4832
-211.8588,-237.3225,-32.5968,-187.0709,162.2831,142.0488,12.1493,19.6447,-214.1332,-130.6235,-16.1965,-139.4815,39.2099,-124.7330,-47.3613,-89.1566,-204.6617,245.3535,160.3394
-196.5518,-219.5601,-16.0193,-199.7051,267.0985,255.5944,135.0520,97.7374,-21.0463,-62.1748,29.3050,-76.6267,99.5894,-77.1235,-10.1387,-17.7943,-178.0486,292.3755,274.4687
-104.9026,-62.9301,-25.1798,-145.7635,307.5543,282.0892,214.7101,139.8405,154.8642,15.2288,9.8169,-14.6515,88.7783,7.1832,47.7855,16.5783,-149.0186,280.2506,333.0305
-26.2316,5.3534,-37.8107,-120.3773,305.5958,238.2139,250.7746,140.3480,87.7441,-14.2411,4.2377,-24.9952,68.0110,25.9550,63.3105,8.7530,-149.6148,217.0049,354.7562
-29.1724,-78.4648,-44.0031,-161.8673,255.8873,147.7120,254.2921,104.3353,-24.5376,-126.3535,41.5659,-70.8881,61.4013,-34.4485,21.5555,-15.5948,-157.0592,96.5022,343.1418
-52.9029,-101.5265,-66.0685,-196.8295,160.0337,32.2868,240.2545,49.9989,11.4973,-176.5803,29.1991,-83.5941,44.4566,-72.2904,-8.2619,-46.9500,-174.6004,-47.6078,288.9291
-56.3252,-58.7401,-121.1990,-196.0668,52.6193,-84.6576,213.2794,13.2985,21.2313,-138.1860,-13.5758,-67.7670,39.3846,-60.4021,-5.1850,-62.1546,-217.4046,-146.1771,228.1685
-83.2703,-95.7380,-161.4653,-177.0113,-17.4615,-152.7589,188.7421,21.6183,-95.4212,-110.6840,7.8828,-51.6848,65.8204,-61.8538,-21.9393,-49.6422,-226.0633,-171.4789,207.0076
-113.2624,-90.5362,-138.0410,-119.9228,-11.2319,-159.5376,184.3858,46.1677,-118.5225,-103.8503,37.4503,-20.4497,84.2224,-65.3022,-63.6652,-33.1832,-162.5122,-158.9230,206.9887
-62.4093,71.6728,-84.0432,-22.6234,64.5102,-160.4181,181.0829,36.4653,14.4881,-45.1629,0.1687,33.7805,79.2685,-9.8052,-77.9739,-11.3982,-86.9948,-128.8636,184.1608
53.6404,196.9357,-28.0899,57.3209,156.9743,-168.9420,164.8829,-10.8999,66.6853,15.8819,-15.6358,73.2616,88.3933,63.9748,-52.0774,28.3094,-29.2349,-69.6855,151.3463
126.4236,144.8551,50.1730,75.4800,235.4427,-132.6648,170.9594,-66.4556,-29.8244,-35.6989,45.0505,74.0998,127.8744,84.1425,-24.5641,41.3328,43.3922,-5.4958,162.0372
102.1988,8.6450,108.8340,51.3342,311.5210,-36.1830,222.9028,-93.5671,-80.5113,-141.4584,79.0508,66.3782,177.5518,101.0253,-14.2128,3.6517,113.9954,31.4763,231.6781
37.1911,-108.7570,86.7700,39.7228,372.0606,95.6467,289.3065,-47.8695,-12.2756,-142.1463,36.3396,79.8708,203.7248,181.3134,8.9399,-13.2058,143.9233,69.8616,312.5851
7.3501,-136.8349,44.6643,63.7248,371.4406,246.2548,316.1773,65.7087,55.6399,-28.8780,-7.2060,88.8402,171.3788,255.2148,61.5612,37.2052,141.6614,140.1477,358.3855
-15.8269,-64.6384,53.2314,94.5289,312.1373,384.7160,268.7826,174.2099,80.4364,104.2734,-16.7965,61.0034,95.0245,250.7039,93.7514,102.6974,121.1800,219.8243,382.0952
-94.7674,-7.6959,62.8659,128.0941,250.5328,483.0670,176.9134,232.9731,130.3548,204.9729,-19.7134,38.9256,34.2015,227.8784,66.3625,142.2948,109.9625,283.2181,401.0766
-137.9746,-16.5090,34.8524,194.7170,197.4314,537.8637,107.1760,245.6189,177.0385,198.5576,-15.8968,81.4042,-8.5101,222.6288,32.0825,160.2377,148.5726,300.9504,376.0616
-44.6904,-36.6794,-5.7052,247.1744,95.0973,510.9457,55.6129,199.1929,112.8405,49.7694,-14.2738,134.7047,-82.6381,164.2578,41.6275,135.0870,178.1880,227.7211,290.3358
26.3741,-95.8687,-80.0532,198.3014,-73.5348,378.0525,-21.5103,109.2877,-11.6614,-66.8565,-54.3794,102.2173,-179.0472,60.5106,49.5370,62.4364,100.6523,92.3061,205.8857
-77.9560,-163.2724,-181.5530,90.6718,-243.6778,231.7002,-103.4865,41.5622,-46.7780,-13.2494,-112.5725,27.8016,-257.1378,12.6710,2.2574,11.0230,-20.1503,-13.4260,144.6981
-174.5691,-92.6789,-194.2640,44.4549,-374.1270,143.4574,-190.6583,-14.1627,-40.4404,37.0641,-105.7347,26.2081,-331.6705,6.4906,-84.5625,18.7289,-52.1414,-78.3706,34.9406
-100.1516,16.7600,-86.7307,77.4144,-479.1056,36.1613,-343.7993,-131.8355,-124.8216,-54.5244,-25.4226,66.7326,-399.0239,-43.5575,-175.1891,19.0622,-13.5612,-142.0825,-140.4175
-16.2524,-60.4476,14.1640,129.8884,-518.9760,-116.7765,-490.8166,-283.8657,-199.6763,-129.0792,46.2473,40.3457,-373.2269,-92.3941,-234.1981,-46.0306,18.4492,-166.5445,-280.7646
-25.6910,-190.8698,48.5339,162.3558,-400.9170,-185.5749,-453.1804,-376.7445,-146.0105,-124.2430,71.7991,-22.6871,-207.3242,-58.2260,-219.6771,-125.1389,42.3107,-114.3979,-304.5756
-4.6060,-148.1450,73.0059,142.1653,-126.9660,-112.9296,-242.5976,-386.0211,-110.6127,-196.0416,92.1994,-25.5332,24.6051,12.2984,-132.9970,-130.9126,38.2818,-45.3289,-222.3571
39.6021,-72.6873,80.9753,63.2831,177.6662,15.3135,-40.3544,-304.1881,-175.8125,-290.6089,111.5219,-3.0172,220.7212,63.2468,-25.8682,-58.3790,-38.1315,-7.5463,-72.2889
-13.6389,-147.7866,19.1213,-15.3094,390.0139,152.5925,77.3757,-112.7921,-159.5201,-202.3794,84.7698,-37.1117,332.4248,127.4107,54.3624,23.0217,-135.3130,25.2712,108.5878
-108.4995,-264.4456,-67.6067,-48.2184,471.8764,295.9676,145.7049,108.3316,-29.3820,-14.4177,33.8529,-82.0757,357.0501,195.3082,82.1702,63.0857,-174.0758,67.4527,263.1778
-160.5926,-266.4527,-94.8063,-50.5388,464.1506,391.5462,177.2098,232.9435,12.4224,64.2799,20.0700,-51.9328,327.2777,189.8845,65.5657,53.5593,-171.3268,108.3852,330.5150
-207.2311,-139.4670,-72.1168,-23.8342,426.5901,411.2813,168.2537,247.4740,-45.7537,61.4882,19.5703,21.9515,282.3500,111.4314,54.1237,-6.8183,-164.7079,150.0987,288.1483
-209.9321,30.8651,-60.6263,51.2443,358.7334,383.1612,112.2942,210.6373,-50.2175,66.2131,-9.2479,50.6250,223.3292,38.0916,74.7279,-77.5020,-139.3924,167.8562,178.1129
-92.9022,111.8439,-67.8350,142.3623,229.5043,297.5361,14.6348,146.9685,-28.5175,45.1083,-19.4597,19.8409,139.0000,4.2469,99.1757,-68.5751,-94.3533,122.1714,78.0507
38.3715,74.5115,-64.9065,189.3253,79.4880,151.4245,-52.4313,72.2982,-67.6650,2.1931,10.3766,-11.4067,58.1497,-2.5732,105.3509,18.2849,-57.7838,44.2348,22.8767
50.5201,23.8870,-49.6306,192.3670,-19.6249,25.4218,-40.1890,10.5907,-75.1933,-10.4790,17.6124,9.6697,20.6323,14.7771,91.2571,53.9141,-24.8905,3.8896,-15.8686
-10.5847,13.7238,-21.9773,209.4340,-72.3290,-33.4246,-24.4765,-39.6618,32.0414,-12.3131,11.4998,78.5620,18.8096,40.1832,52.4175,-3.3111,32.5688,0.0005,-65.2612
-41.6733,46.7422,43.5496,270.3462,-114.0308,-89.5428,-67.9456,-88.7355,126.3566,-20.5657,61.4040,145.1698,9.8503,30.3873,12.5456,-37.7216,107.3711,-22.7194,-123.0919
-13.1071,130.0251,132.4194,338.7682,-139.1102,-187.7823,-127.8687,-143.4772,41.1075,-20.1297,116.6256,175.3057,-22.8698,-18.3266,-1.3628,-6.5840,158.5701,-72.5521,-184.9635
36.3543,155.4621,178.1045,368.8241,-143.3640,-273.8523,-180.3200,-214.8478,-176.2359,-53.8960,91.4165,174.5626,-47.0637,-47.1812,-18.0555,-1.1735,165.6264,-108.6554,-242.9713
35.9713,32.9469,164.4883,348.0964,-136.3536,-287.4502,-239.4900,-287.6351,-325.5198,-154.8463,43.2105,148.1277,-36.7067,-22.1326,-56.1849,-35.2324,146.2231,-124.0521,-282.0036
-6.4128,-92.1459,129.4469,271.7079,-111.0601,-232.2479,-275.2422,-329.4956,-366.1194,-260.3631,42.8845,97.5259,-23.6358,19.6419,-81.4537,-31.1338,111.3476,-150.3732,-296.9384
-8.3586,-106.2295,73.4205,153.1191,-82.2677,-140.4698,-268.0338,-336.2700,-436.8488,-313.4153,38.7015,48.1982,-42.8893,47.6108,-97.0072,-1.4877,48.4599,-179.2228,-279.7011
-4.6182,-124.7095,-4.0807,53.4141,-85.1206,-35.0633,-241.1450,-305.7346,-503.6166,-320.8928,-4.3460,14.9016,-64.3394,75.7206,-125.7606,-10.3777,-32.1362,-169.8982,-215.3165
-95.2183,-202.6021,-59.9012,1.3408,-103.3696,59.5392,-191.6212,-226.1266,-399.0694,-288.7060,-40.9295,-18.6253,-52.8536,95.4816,-117.6046,-29.6524,-98.4787,-136.5474,-115.5061
-210.3949,-270.7136,-112.7294,-56.5848,-100.2088,110.0579,-120.8333,-128.0674,-243.3158,-219.7373,-70.8300,-43.0231,-39.2775,78.8926,-48.7334,-9.8094,-149.9058,-124.2679,-8.8427
-231.7734,-322.5409,-233.4789,-135.6093,-90.9550,106.4836,-69.2269,-54.4363,-256.9853,-150.0293,-133.7268,-29.8344,-59.0404,45.7277,-1.5357,20.8776,-198.5864,-124.5288,82.0226
-215.3215,-316.3783,-376.5481,-169.8342,-107.0610,75.8940,-45.2871,-10.4297,-286.3129,-124.8061,-206.4132,-5.0423,-97.7220,21.3804,-10.5595,23.2468,-233.1167,-116.8800,111.7771
-239.5909,-193.8495,-426.6856,-150.4123,-158.7858,40.3364,-42.6131,-13.7269,-142.3466,-151.5029,-231.4083,-15.6677,-138.8830,-14.2998,-14.6328,-6.0327,-259.5692,-125.3076,50.1655
-262.1619,-94.7750,-387.7781,-143.3926,-237.0427,-7.1863,-84.5170,-78.4618,-40.4120,-182.8470,-191.1670,-51.5069,-175.4837,-56.4580,-11.0443,-58.9383,-299.1306,-161.1443,-36.1598
-254.9990,-127.5260,-334.5447,-161.4494,-284.4673,-84.2408,-144.6947,-151.8689,-142.0727,-185.9094,-121.7793,-82.3839,-183.3911,-71.5160,-50.1660,-96.5052,-317.3494,-212.9990,-79.8054
-234.8263,-142.2434,-281.9653,-160.5821,-255.7012,-210.0730,-173.3066,-220.4018,-234.8879,-215.7293,-85.0422,-104.8970,-166.2913,-92.4614,-114.7813,-82.7185,-263.0939,-292.5229,-143.5374
-177.8389,-73.6180,-224.9238,-111.9321,-214.8666,-370.9266,-208.1693,-353.4076,-218.6880,-309.3906,-85.3387,-105.7971,-158.4545,-165.8990,-160.1435,-75.9267,-165.7851,-368.8932,-282.1270
-95.8033,-48.9052,-164.7488,-5.1570,-208.6254,-475.4343,-259.8855,-503.9941,-240.3209,-372.1888,-56.9081,-64.2518,-134.8490,-236.2021,-177.3652,-143.7959,-91.2532,-347.5313,-390.9597
-71.9384,-52.8051,-81.3823,119.7590,-145.8923,-435.1196,-225.7386,-511.6122,-270.4909,-322.9142,-0.5110,0.8595,-46.0293,-222.4723,-159.9957,-207.5033,-51.0452,-229.2164,-367.2583
-117.5151,-1.1011,-5.0805,160.5644,-2.2283,-279.8074,-99.4329,-372.6974,-174.1164,-233.5502,4.0337,48.8515,52.1854,-132.5864,-117.4369,-154.9652,-31.0362,-137.3255,-260.0980
-148.0507,23.1229,-14.5533,83.0093,78.1024,-95.6594,-16.4159,-215.4866,-49.0470,-194.7223,-42.7150,58.5435,63.3714,-21.7603,-89.6721,-43.3152,-37.0333,-117.3593,-135.9620
-129.4275,-21.3056,-84.0270,-17.7006,55.2785,82.7207,-2.4401,-60.7585,-47.0143,-180.0139,-93.0865,34.2549,8.5379,65.1051,-85.9503,9.2451,-63.8595,-91.0161,8.5063
-118.7444,-40.0358,-104.0797,-52.5812,60.4844,235.6572,30.5591,114.5894,-123.5862,-109.9789,-197.8560,3.5568,-28.1720,105.3548,-85.8983,29.2166,-82.7600,-20.9459,138.8092
-155.0195,-39.2710,-68.4093,-23.5017,108.0663,324.4880,74.2916,241.0988,-166.1749,33.5078,-389.5325,-15.7327,-31.6221,121.2211,-80.1173,85.4858,-83.1654,43.2659,185.7292
-190.8814,-92.7469,-60.3872,24.2504,86.1338,336.1371,69.3560,272.5196,-116.0445,166.3619,-560.1043,-48.8681,-25.6376,135.4794,-47.2557,114.5350,-93.5148,50.6314,159.2461
-168.3733,-166.8178,-102.2975,28.4897,4.2761,265.5438,37.0016,233.7514,24.4050,208.6876,-643.5950,-108.1117,-19.2095,111.8517,12.4472,55.3447,-148.3096,-19.9508,109.3107
-117.9633,-195.1893,-154.1191,-47.1796,-60.5551,100.1249,10.8741,130.0178,156.6723,220.8819,-710.7966,-150.2063,-33.0948,29.5170,31.3885,12.7836,-236.1607,-150.0446,36.3228
-107.9924,-160.1404,-185.1690,-138.5987,-131.0614,-107.7875,-19.3028,-2.7757,178.6723,268.8130,-787.8127,-152.9208,-71.7079,-63.2520,-9.2373,73.1509,-298.0060,-268.4094,-60.8200
-134.9126,-85.0319,-181.6018,-144.2650,-220.2915,-263.3542,-74.5991,-88.0363,123.3799,251.8859,-816.5533,-146.3605,-84.1355,-140.4133,-28.3520,112.8556,-293.6140,-310.9430,-151.9920
-144.8168,-31.6647,-144.3249,-55.7744,-256.6620,-349.7653,-193.6923,-157.8887,82.5572,117.6029,-789.5583,-134.9491,-45.2798,-214.2789,-13.0911,8.5834,-237.4717,-285.7310,-241.2370
-109.5456,2.2334,-77.0704,66.0798,-230.4916,-408.5088,-377.8892,-289.8323,69.1175,12.3229,-734.9723,-96.9732,-9.3160,-251.1249,-41.3375,-126.8796,-155.4544,-247.3288,-353.0542
-39.3736,77.0121,27.7040,174.4150,-209.2772,-442.5412,-515.9206,-415.6411,26.5532,-11.8170,-660.9904,-47.2889,-16.8305,-215.0699,-100.3253,-131.2615,-59.6486,-235.9428,-451.1706
21.3658,123.0382,139.1580,231.9210,-200.3784,-438.8832,-519.1458,-440.3194,-76.6103,-73.3690,-604.6895,-4.4712,-37.0405,-147.5155,-112.5308,-49.3644,30.3119,-244.7949,-478.7957
35.6314,57.1908,187.5195,227.8848,-163.2616,-408.1013,-462.6085,-418.4389,-168.7046,-152.3983,-594.4136,42.2948,-37.8499,-93.1077,-97.0091,-16.2289,98.6710,-236.1257,-453.6453
32.0910,13.7903,173.5203,211.8794,-105.2587,-351.4024,-444.9964,-417.9597,-150.1564,-137.1135,-587.4168,76.0704,-34.0914,-39.0469,-106.5623,-41.1946,146.1544,-205.3961,-428.4391
41.5892,86.6499,161.0103,207.1085,-73.0946,-260.8821,-441.8899,-395.7663,-65.9005,-84.7435,-568.4097,55.4972,-52.2221,15.6109,-117.2248,-55.3140,151.0186,-191.1193,-390.5713
31.2527,118.6538,146.6405,157.5781,-93.9234,-138.3494,-395.5891,-298.4869,-28.6799,-63.6758,-578.7833,-6.3465,-90.1700,37.4697,-103.3360,-44.0791,85.6024,-183.6975,-278.8507
-5.6195,41.0872,96.3807,64.6115,-129.8417,21.1388,-298.1455,-121.4424,-10.2417,2.1482,-590.1007,-52.7049,-117.0137,29.1230,-83.4715,-30.3017,3.1700,-108.9274,-82.7505
-23.8318,-6.5886,55.5819,41.9405,-108.1294,201.5432,-161.7881,104.7792,59.2946,127.6598,-546.6562,-56.9591,-115.6609,39.9343,-55.7865,-3.8264,2.0423,40.6835,121.6274
-24.7544,-0.7836,54.5138,134.1518,-53.2595,334.4486,-40.1284,291.0145,138.0448,233.5938,-500.9951,-35.9297,-114.8643,85.3809,-10.2375,66.0968,77.5637,157.8303,234.2058
-24.7329,-26.2394,32.2890,234.9197,-75.4493,366.7862,-20.7437,353.7932,196.5538,302.6986,-501.9708,-27.5703,-136.6259,103.1216,20.5173,163.3730,127.3743,160.6817,219.8147
1.3436,-40.9252,-16.1728,248.2783,-156.7619,306.7660,-90.8570,309.2269,233.2418,314.7746,-474.1745,-61.7763,-142.2014,44.3346,3.7339,216.2088,107.1046,83.5522,133.5861
32.3808,11.2893,-12.8694,187.5762,-161.7227,169.4066,-128.4074,211.5751,162.2607,234.2330,-376.7246,-111.3829,-100.8283,-23.8735,-41.1932,191.5159,65.7572,-8.8059,49.5404
25.3201,68.7369,27.7677,122.4539,-96.7486,-26.1016,-98.5460,88.1650,1.7931,147.2343,-292.3474,-103.9329,-62.4403,-17.9618,-70.5072,141.6418,56.3593,-91.3525,-18.1832
24.1368,84.3118,32.9615,137.2411,-80.2219,-205.8873,-94.8052,-21.0841,-46.3261,129.7103,-254.7670,-21.7926,-79.7368,10.6890,-74.4540,104.0352,107.1168,-138.9960,-89.4609
49.3927,73.4046,44.5366,257.9709,-95.1344,-298.6368,-141.2744,-89.3108,25.8642,97.3827,-195.8561,61.9526,-115.5598,-17.0393,-86.8405,53.5555,213.9155,-126.5742,-150.9894
39.8459,58.9493,121.0063,375.0544,-60.7662,-317.4999,-154.7778,-141.9508,-13.2647,5.5363,-98.6003,83.4074,-106.1481,-45.8788,-120.4100,-4.0346,303.5821,-87.6663,-180.5509
43.4860,95.1584,193.5411,377.4850,-27.3521,-303.0830,-134.3949,-179.2616,-175.7939,-68.6038,-19.5908,63.6602,-63.6635,-7.3690,-133.3538,-30.1403,302.7529,-83.6616,-199.5906
165.8130,211.0097,206.4207,315.5541,-64.0286,-250.8772,-171.7361,-168.3508,-245.8269,-106.5369,22.6821,51.2212,-45.4348,39.9684,-110.2635,-44.2128,248.3295,-118.1448,-230.0408
302.1721,315.2910,210.4031,276.1401,-123.4027,-159.0508,-252.5897,-136.3635,-185.2854,-130.1603,55.2267,56.3447,-57.3241,36.3129,-101.1608,-71.8603,218.8348,-139.2533,-246.5465
280.1237,303.7289,220.9754,246.4526,-143.2929,-60.2946,-260.4285,-124.0531,-120.0863,-118.2551,87.0748,76.9892,-58.0724,17.4917,-126.3376,-70.7790,208.1859,-94.5021,-227.2260
161.7774,203.0014,196.7540,220.7049,-120.9052,39.2128,-180.2663,-93.2546,-99.9360,-98.3547,102.7279,112.1407,-45.9712,12.2983,-141.9169,-26.8868,171.1246,23.7803,-182.1191
89.2881,109.7643,149.5991,220.5947,-88.4658,153.5161,-110.0189,-7.9221,-107.9008,-89.2015,89.4394,119.4011,-63.8048,3.1853,-122.0892,-0.3171,108.1694,137.2987,-104.2778
46.8396,57.2199,102.9289,178.8973,-109.4154,235.1327,-91.6346,87.9316,-99.8629,-7.7690,60.1897,48.3485,-113.7234,-13.3290,-79.0201,-11.8862,39.7173,143.8098,12.6736
-4.6364,3.5624,43.2747,38.5155,-196.8876,220.2437,-87.3785,141.5511,-34.3195,119.3672,50.2077,-71.6176,-149.3925,-36.6964,-26.3322,-16.9166,-23.2054,62.7831,114.1877
-14.8117,-76.9885,-9.3671,-114.6888,-251.9803,144.4970,-79.0098,147.5332,24.0634,119.9164,68.7371,-164.7228,-153.5270,-69.5971,15.9926,13.7964,-80.1744,0.7702,145.5108
13.9590,-149.2384,-39.3033,-197.2457,-215.4824,86.4850,-69.4061,136.4529,15.5632,16.7301,80.2306,-201.4863,-140.6075,-79.0055,36.7795,74.9006,-150.8615,-21.5435,134.0212
-6.4241,-178.7533,-97.2794,-228.4432,-146.8746,47.6371,-38.6805,151.3353,28.4336,21.5071,58.9546,-184.4790,-104.4512,-43.4350,53.1459,125.9189,-225.9818,-45.3053,124.3510
-95.3837,-170.5989,-181.3273,-220.6607,-71.1778,3.9715,16.5725,180.9984,95.3786,159.8483,18.1298,-124.1685,-42.4801,-12.0147,61.1323,109.7070,-247.8635,-57.7943,104.1550
-170.3783,-140.8052,-216.6342,-188.2672,29.1495,-29.7006,49.8238,150.7634,116.2467,267.8283,-24.7104,-81.7409,8.5155,-30.6068,33.4831,54.1738,-226.8270,-65.4606,54.1356
-186.1344,-124.3220,-219.4363,-205.3796,82.1621,-74.4515,20.4118,45.7055,107.9452,261.4679,-58.3660,-121.5231,15.6751,-74.6462,-12.1712,55.1152,-252.6383,-132.4503,-14.6132
-190.8449,-155.6738,-246.6257,-278.0564,20.1239,-174.7186,-60.1151,-60.0478,131.6672,164.8123,-57.2581,-201.2337,-16.7481,-107.1842,-41.7412,98.1642,-319.3398,-242.6516,-93.1712
-198.4130,-194.6014,-235.4378,-319.0080,-100.0557,-277.4677,-152.5129,-131.1747,78.0123,30.9065,-1.7701,-222.3901,-66.2356,-123.3946,-67.5882,77.8979,-328.3390,-317.6754,-167.8637
-131.2202,-182.6052,-139.5007,-316.6526,-211.7798,-292.1781,-214.1292,-191.9795,-70.1606,-72.7263,78.5717,-167.9239,-105.1651,-119.0120,-97.9750,3.2853,-276.4317,-367.7582,-207.8300
13.4993,-133.9479,-61.8852,-318.8023,-299.8711,-239.9960,-210.6932,-241.1485,-112.5572,-119.0725,122.9661,-100.6637,-124.3691,-90.3261,-107.4544,-26.0851,-232.2855,-425.1118,-214.3839
98.8347,-60.1168,-69.2522,-297.5687,-342.1091,-195.6460,-159.5458,-264.7091,-34.0741,-126.9900,112.3609,-70.4349,-151.2806,-65.7866,-96.2995,-4.8092,-197.6444,-438.6809,-222.0431
62.4446,36.8013,-100.0616,-222.3981,-361.0596,-166.0732,-129.6493,-262.0114,-24.9442,-101.5286,85.9129,-79.4305,-196.2209,-75.9532,-83.1305,2.7242,-160.4876,-386.0421,-221.7182
5.2367,68.2203,-119.5614,-143.4435,-414.9336,-122.4190,-143.8727,-206.9556,-69.4684,-61.2458,68.5830,-108.2671,-219.8784,-99.2986,-60.7345,-5.2868,-141.6872,-314.8580,-161.3086
-4.7634,2.8195,-132.6504,-91.0302,-462.0627,-58.4200,-139.9579,-89.9575,-26.1713,-35.0593,45.0352,-148.0298,-200.9163,-92.2058,-24.6452,9.9131,-112.1373,-226.3655,-42.1041
-7.9196,-16.3530,-107.8171,-40.5414,-430.7077,4.4732,-75.1086,23.3722,76.0720,12.7056,24.2501,-189.7067,-160.7281,-61.9993,20.5712,45.4589,-48.1900,-110.6658,53.5762
-28.1658,55.9326,-67.1507,-5.7672,-361.3796,17.8826,10.4471,75.3011,163.7567,101.0761,36.0050,-194.6115,-106.7784,-52.4199,85.2824,68.8241,-34.9126,-38.2313,57.6546
-55.7945,61.5514,-99.6367,-39.4796,-296.8307,-30.9883,63.7408,82.4817,219.4421,139.8043,52.7682,-141.7201,-40.3020,-66.0542,152.4326,72.6770,-126.8699,-52.7086,3.1561
-95.0160,-40.4117,-202.3265,-133.0250,-209.0285,-66.5151,80.3440,72.6676,193.3484,83.9023,26.8297,-78.0064,14.6629,-56.1813,176.7716,80.8431,-218.8233,-84.7830,-23.4159
-119.6826,-113.6690,-278.1333,-180.3364,-111.4594,-28.5231,95.8680,56.1331,111.0287,27.8736,-11.7324,-38.1821,61.8981,8.1586,161.5036,99.8861,-198.1570,-57.9622,-5.2790
-81.5919,-100.9122,-264.3959,-88.1922,-19.1021,36.7880,145.9320,45.1838,72.8730,27.5474,2.3114,4.2604,131.4839,94.2975,136.1046,99.7542,-87.1076,26.7636,-5.0060
1.8542,-19.9367,-147.4701,81.2100,120.4860,63.4191,204.0555,22.9545,38.2740,18.1715,75.7408,40.0392,199.5102,122.9844,94.9875,66.0103,34.2097,114.9518,-47.0503
64.4095,122.8872,27.3425,181.8289,276.1608,43.6426,203.7618,-34.5229,-36.4412,-35.0120,166.7651,29.3348,220.1326,58.2596,51.5919,22.6442,118.1735,150.1968,-80.1975
83.0089,233.1902,133.1947,191.4862,337.1778,1.5102,167.6591,-79.9396,-12.5557,-70.1833,228.6493,19.9852,220.0925,-30.0861,47.3624,-9.6987,151.2510,130.3504,-65.1199
89.1225,208.8293,115.8819,182.8776,324.1975,-26.3501,182.2400,-50.6374,115.4061,-40.8974,245.9449,66.5884,247.4951,-64.9616,57.3833,-22.2411,145.3579,88.4822,-12.0706
112.9780,134.2619,94.6270,156.0306,313.4953,-23.6638,214.0248,21.9852,117.5558,-2.1976,261.8766,97.9174,271.8452,-70.9180,23.7978,-11.1049,123.7912,17.7604,58.3128
154.8322,148.3144,150.2616,94.2887,258.1841,-28.6600,158.3443,70.7878,-32.5038,-33.4314,303.3102,59.3967,229.1332,-84.6823,-33.9752,-1.6550,100.4514,-82.1771,123.6526
197.8453,221.6589,179.8615,44.3050,137.7931,-57.7727,61.2142,98.9102,-114.1990,-97.6728,311.8514,29.1081,125.5004,-75.1686,-64.0566,-15.0089,67.9231,-143.8058,162.8446
210.0082,218.0075,97.8938,-5.2647,57.9298,-58.9762,52.1655,140.9143,-76.3804,-94.1240,261.0069,38.3413,38.1343,-54.7789,-65.7082,-16.1989,-5.1760,-140.0499,187.5439
151.2914,82.7731,-14.9848,-111.8116,61.2684,-14.9337,117.8934,190.4045,-57.6172,-43.6905,226.6192,4.6264,26.3358,-92.5539,-59.3876,21.9676,-116.7589,-120.7310,223.5218
54.2906,-59.5613,-58.7241,-197.8919,99.1996,32.4361,162.4116,225.4749,-104.6237,-26.2820,233.7081,-70.7068,70.7553,-153.0798,-52.1399,61.7518,-169.4581,-67.5116,263.9692
37.6475,-32.1639,-39.9974,-130.4189,177.6067,85.9354,189.9876,254.9990,-119.4300,8.9485,215.0468,-85.0456,121.6550,-131.0389,-30.8104,69.1426,-74.2998,86.2094,294.7856
117.1841,114.4114,-7.9985,51.8141,313.1633,179.2560,263.8575,300.2841,0.6137,119.0874,171.1896,-26.2925,177.1191,-45.2732,40.6019,54.7107,99.0791,289.7168,330.9099
148.0518,155.8785,22.4324,194.0683,457.7263,293.3328,383.5077,349.6926,178.8706,199.2396,167.8493,23.5903,254.2663,-3.5055,149.9778,38.0515,206.8863,436.6605,378.4473
91.7523,74.9380,72.6200,227.1953,570.5081,385.9306,494.3677,368.3419,204.1591,172.1862,207.3930,26.3744,324.2853,-31.4429,210.7780,35.9539,221.6611,517.0680,409.3967
84.3618,50.9891,160.3129,197.3294,636.5023,427.5467,558.4006,353.7694,96.4993,110.8434,257.6063,4.2076,350.1767,-70.0755,195.6875,38.0705,222.4851,558.5956,408.7260
136.6091,110.0456,243.4521,178.9020,639.6620,395.5276,578.0485,330.9970,73.4902,45.7811,296.1983,-2.5866,338.8917,-63.6951,170.5852,3.5526,258.7811,547.3821,395.6772
113.2531,139.3812,239.5675,196.0778,592.3408,319.1780,555.8107,300.2771,67.7851,-45.6640,278.0619,33.8263,305.1201,-6.6357,145.0934,-41.9558,300.3063,476.4247,378.7886
37.1358,105.2235,142.2050,200.6937,501.8536,259.5630,471.0768,262.6881,-97.0175,-76.0403,213.4269,74.3458,248.1788,41.6984,83.7548,-14.4459,279.4100,351.4144,344.3636
45.6112,22.4565,50.4137,142.7546,349.7824,201.4843,352.2224,254.7070,-191.6351,16.0741,204.5786,49.5951,184.3917,26.2781,43.5361,66.0605,168.9157,175.5527,303.9414
107.2807,-79.9154,32.5364,32.4585,182.9634,98.7162,284.6299,275.2805,-3.1630,108.2311,266.8474,-19.5662,137.3311,-17.5865,80.4611,102.4605,25.5798,-2.4158,291.3149
89.4740,-127.9305,33.5697,-94.9524,76.8207,-5.2595,266.6499,262.6380,175.2388,94.0190,280.4849,-51.0551,99.0986,-28.8415,117.7326,90.6245,-83.6057,-126.6188,292.0203
-16.2964,-124.7968,-37.5764,-219.0710,2.0106,-61.9338,201.8009,196.0205,123.3111,12.1816,188.0258,-36.6576,42.2800,-21.2242,85.6362,61.8701,-165.4523,-221.7323,240.0038
-125.6763,-153.9572,-186.1197,-323.1931,-88.2206,-124.0703,85.9121,105.6885,46.4716,-94.3535,50.5496,-29.1261,-38.0251,-44.2216,30.2012,-15.9636,-245.6444,-316.7027,117.5758
-198.6426,-200.5648,-329.4560,-377.1481,-142.4937,-215.8357,14.2414,6.4026,44.9602,-185.2101,-62.0908,-40.5704,-105.8110,-104.8198,-7.0924,-112.8540,-298.6116,-347.3802,1.4113
-264.3710,-218.7980,-385.1227,-347.7411,-130.6311,-232.5610,13.4413,-54.5643,51.0829,-169.1664,-94.0271,-42.0343,-114.3658,-154.9945,-26.9742,-121.4932,-296.9011,-258.5807,-28.2048
-331.9723,-256.1757,-342.1850,-254.6621,-97.2808,-102.9579,40.1707,-5.2281,142.5469,-65.3792,-25.9381,-15.8936,-68.0409,-136.1192,-10.1556,-52.5098,-257.3007,-110.0006,12.4603
-305.5990,-281.2830,-253.8956,-170.8388,-51.4784,73.8859,58.2299,98.8933,243.2399,-16.6830,68.9181,26.3207,-24.9664,-66.2837,12.2112,-18.6757,-196.6092,16.9295,36.6496
-125.9984,-171.7227,-165.3124,-95.8506,16.4293,168.6712,26.7977,132.3897,110.4527,-29.3405,119.1995,56.5096,-14.6092,-31.7374,-41.7078,-45.0409,-97.0908,131.2587,12.3925
40.0303,4.0524,-67.8274,44.1713,83.7898,202.6903,-40.0606,122.6805,-71.1331,10.2949,153.5377,70.1579,-1.5357,-43.2958,-128.7572,-78.9681,53.0976,276.4852,11.8579
21.5647,52.2782,53.0522,199.1778,160.6032,264.4287,-35.3900,161.2482,29.4897,67.1130,205.4098,85.9926,48.0851,-35.9142,-126.3090,-92.5358,202.4088,418.3856,81.1597
-66.2180,-18.8401,155.3409,228.2409,245.0505,316.1501,62.3707,188.0500,176.4891,36.2314,242.9746,84.9658,115.4523,-21.5594,-69.3284,-74.7231,260.8769,463.2010,136.5253
-77.2313,-67.9241,173.6916,154.2060,250.2645,251.5149,126.3971,127.5752,63.2428,-10.3377,236.6996,38.9308,156.9372,-49.4838,-72.9741,-32.5632,210.8252,381.9598,103.9279
-109.0862,-82.2037,102.0548,98.7052,157.7566,99.8483,107.9275,61.3476,-55.9497,36.0618,187.0480,-5.4599,152.4789,-76.0693,-94.1095,-3.8460,129.8476,246.8591,59.4057
-215.4299,-127.3093,-4.1778,39.1651,80.2502,-21.4698,95.3613,60.7999,39.7837,98.8696,108.8803,-6.4318,115.1069,-64.0473,-45.5942,1.6385,57.7905,126.1557,83.7254
-241.5685,-192.2418,-102.0419,-88.3548,46.5051,-101.7579,110.2952,70.4516,119.5136,78.4769,35.0773,-25.1349,54.9564,-70.9820,-1.9545,6.1265,-45.3828,17.7881,117.9505
-160.3950,-220.3181,-182.6290,-216.1457,-24.8659,-193.0450,86.8641,56.5944,62.2044,36.9951,-17.4747,-98.3009,-33.2806,-114.8971,-49.7121,7.0621,-165.4810,-92.4500,103.2130
-129.4134,-201.2517,-228.1620,-275.3824,-117.6944,-270.5406,22.0358,52.2559,31.8611,52.9052,-55.1962,-149.9064,-125.9247,-140.3348,-118.7497,4.8190,-221.9199,-184.4162,82.5524
-159.3283,-181.3177,-220.5190,-288.5848,-158.3829,-299.0549,-36.7526,53.7642,60.7033,87.7340,-58.6540,-141.7315,-177.0465,-144.6211,-129.6681,25.2499,-214.3478,-234.0474,68.0747
-147.9243,-185.7208,-188.3984,-271.4315,-182.1476,-307.7478,-78.0414,34.0050,65.1929,91.0207,-23.5204,-124.1514,-196.0328,-159.0542,-112.0292,50.8756,-212.3179,-238.8102,7.0806
-135.9830,-168.4715,-172.2968,-233.6417,-241.6337,-302.5822,-112.7493,-4.8513,66.9611,70.4038,-10.2913,-105.9305,-234.5442,-169.0262,-98.1307,30.5680,-223.2284,-212.6476,-89.4703
-170.3861,-112.1864,-155.9540,-213.8810,-296.0453,-248.7988,-151.8206,-59.6682,77.0500,25.9281,-37.2552,-73.4620,-294.3502,-164.3831,-77.9626,-20.1003,-212.1206,-176.1408,-162.2032
-137.0026,-89.7788,-103.2481,-206.7247,-307.3952,-163.0752,-195.7753,-123.7493,41.9599,-55.7233,-31.8490,-69.6855,-332.9347,-156.4167,-61.6624,-36.1962,-183.5839,-135.2323,-205.3495
-1.8092,-118.6863,-31.8181,-181.6593,-283.5808,-96.3259,-201.7683,-168.4272,-22.1390,-141.4900,33.3912,-92.9825,-317.8587,-131.5353,-55.7015,-14.6316,-156.7382,-76.6454,-230.3780
70.4294,-108.5182,16.4765,-160.7337,-219.9073,-57.0305,-127.1322,-183.9675,-45.9767,-174.5479,100.0890,-74.0509,-224.1799,-95.9402,-33.1697,-14.3439,-138.0843,-8.9965,-228.7231
21.4180,-34.8725,39.6969,-146.5692,-140.6408,-36.4163,-23.4449,-194.0547,-11.4365,-160.3741,128.5946,-26.0686,-74.6489,-93.3540,2.5208,-53.9349,-119.4241,22.1600,-227.3939
5.5583,38.2417,66.7625,-79.2847,-114.9529,-53.4277,6.6153,-225.9866,27.5192,-175.3153,124.7708,-12.7827,24.4967,-115.1913,16.4678,-84.9261,-47.0623,-4.0032,-257.5521
76.1347,111.3156,111.9898,45.9436,-134.5525,-123.3307,-43.1592,-288.5633,4.8145,-250.6696,111.3016,-2.4677,14.5036,-107.9754,13.3709,-75.8797,106.5392,-45.6759,-283.9523
98.9537,204.6472,146.3168,147.2298,-113.8431,-215.0572,-77.1585,-341.4913,-47.9897,-289.8997,114.9247,46.5016,-23.5749,-74.4571,13.3465,-54.5348,231.7299,-66.2399,-274.8239
50.7155,243.2381,116.9821,166.0706,-53.2437,-272.4890,-57.9988,-327.6772,-43.7602,-199.6153,115.1428,77.4048,-22.2898,-60.2937,0.1688,-43.4838,210.7827,-93.8951,-261.3598
58.3694,176.0053,23.3240,111.0722,-39.4979,-288.6543,-54.2778,-275.4958,-13.3862,-61.7229,63.2409,52.3176,-33.0721,-75.1372,-30.1830,-27.5960,102.8708,-157.4388,-254.2077
109.8383,71.0221,-67.3712,13.0830,-88.1742,-318.1046,-90.0334,-261.0223,-25.9395,-23.1607,-7.0482,16.2181,-96.5792,-91.4263,-45.2507,-1.0968,19.5643,-220.8831,-224.1631
64.4136,-16.3417,-123.5428,-103.7679,-148.4554,-370.5701,-105.5050,-273.4236,-22.1800,-68.5211,-32.8200,-3.5886,-178.5841,-82.3286,-43.4811,27.6924,-55.2733,-245.8949,-196.8103
-71.4336,-92.4603,-185.9755,-208.2230,-215.2011,-367.8540,-110.7738,-254.7285,26.3053,-73.4413,-60.5608,-15.1813,-258.9740,-45.3437,-55.8145,58.2355,-152.9078,-241.9042,-212.3747
-172.2616,-124.9727,-254.2838,-243.7762,-283.4068,-265.2429,-163.3537,-196.9640,33.1378,-2.5812,-138.2847,-9.8932,-323.9909,-4.8399,-73.3737,69.8693,-193.3248,-208.5419,-200.0184
-200.3028,-82.6557,-254.5697,-181.1273,-285.8927,-114.3979,-194.8313,-99.2214,31.2842,93.3538,-170.5643,18.5115,-322.5977,18.7078,-66.6633,45.2871,-110.4195,-140.6640,-73.9683
-172.1742,-27.0775,-168.3917,-83.6912,-211.7614,21.2500,-122.7454,28.1054,125.0724,164.1279,-76.1672,60.4408,-259.3006,26.8131,-51.9394,28.8654,30.3807,-97.5699,80.0906
-89.8029,-13.1981,-82.2169,-31.0973,-160.4606,103.8835,-46.9492,102.2836,207.8718,153.7742,54.6921,102.4013,-216.7032,26.7595,-57.3337,46.2624,114.5135,-123.4234,105.8251
-14.2433,-1.9470,-65.0561,-10.4804,-189.2434,104.2761,-74.0749,71.1175,122.8285,46.7126,112.0824,117.1329,-209.6760,28.5528,-69.7880,29.8128,106.9196,-149.6858,4.0244
-6.6915,41.9226,-67.7700,26.2104,-253.5961,38.4980,-135.0260,-10.6939,-34.5205,-56.6362,120.6429,99.0560,-172.7357,33.8237,-67.5140,-46.6968,75.1287,-128.9453,-116.1802
-5.5669,101.3032,3.3394,73.8969,-316.1329,-44.5076,-163.0132,-100.8558,-76.7089,-53.5565,144.4951,87.0995,-112.0832,9.8897,-47.8137,-92.6048,86.7736,-139.8145,-214.4422
54.0683,165.1004,127.4152,106.8115,-355.0092,-130.6749,-181.3075,-190.2564,5.1945,4.9449,174.4576,86.4981,-86.8083,-65.2437,-12.9332,-65.1979,112.4712,-214.4622,-292.0707
108.2808,202.3257,172.4400,116.3624,-311.8931,-209.7619,-153.8138,-223.9624,74.4918,9.8671,176.6158,61.6795,-65.5059,-139.9158,14.3812,-31.2614,99.6616,-243.4818,-316.2510
85.0759,156.0720,101.4876,105.6656,-168.5724,-243.8473,-40.6512,-194.7909,30.5635,-14.5700,162.1044,31.7190,10.9589,-147.9622,2.4429,-13.0575,79.5196,-165.3873,-284.0591
22.2135,62.1586,41.7675,92.3561,8.0963,-240.5783,73.7915,-181.5775,-51.2287,40.2096,158.6974,36.4794,92.3340,-100.3536,-15.6309,34.0247,91.8590,-57.7719,-236.8107
-3.5064,21.8752,75.0909,86.7663,153.9107,-235.8860,127.9943,-179.2892,-18.7541,162.3581,160.7045,49.4102,111.2651,-55.0500,25.4542,92.3064,106.1758,17.3897,-185.2950
22.5254,24.2568,131.0745,81.2686,234.9014,-198.8826,169.7801,-116.8957,81.8748,217.0433,148.2052,42.7437,102.4133,-39.2765,97.6862,105.9689,103.5425,83.1150,-132.1216
43.0153,-3.9145,145.1445,80.4056,223.5978,-104.5255,205.3843,-36.0043,87.1842,162.3950,128.5915,34.1377,98.9100,-36.7266,120.5838,97.7371,98.7789,147.9104,-108.7696
18.8810,-22.6011,132.9515,68.2688,142.3104,-20.5418,189.0074,-10.3515,38.8564,104.2650,119.1912,22.5239,55.9259,-16.1350,102.9288,120.1218,62.6901,169.2254,-113.8538
-2.0816,30.2166,103.8314,-9.6238,42.6630,15.5157,125.5389,-10.7299,55.6590,99.1824,115.8235,10.0247,-35.2424,37.6298,97.3202,142.5792,-24.1223,122.8169,-113.5207
9.0245,86.2606,69.6277,-128.0961,-72.2281,59.4356,27.9720,-10.6826,66.6822,93.1788,114.9065,36.2297,-111.0226,105.6587,86.3828,107.8178,-93.9605,45.8168,-112.0236
-9.8287,65.0357,74.9712,-164.9333,-187.4238,124.9811,-88.4389,-32.0438,9.0818,76.8267,130.8421,88.4863,-139.0693,151.9059,44.7295,49.4896,-90.5854,0.4850,-128.7492
-53.8971,1.0428,110.7015,-81.4967,-224.8969,166.1317,-145.3993,-53.3281,-32.2603,86.0599,162.5218,109.5583,-124.0120,159.0986,12.3856,35.8046,-38.6727,6.9363,-160.1198
-24.4129,-39.3609,122.4862,38.7635,-175.7406,187.8127,-112.5739,-57.6289,-41.1181,82.1785,184.5442,115.2268,-58.7015,144.2403,22.2664,46.7360,31.8966,33.6319,-208.1919
56.7116,-19.5074,131.8591,131.0103,-139.6060,205.1824,-81.1849,-81.4944,-57.7252,35.5071,191.6652,143.5051,31.7983,134.3323,54.0152,28.2568,97.5699,50.3717,-265.7561
86.0099,83.5844,189.6220,170.7065,-156.0421,178.1089,-95.9119,-115.5724,-42.2808,10.7298,206.1267,164.2817,96.7154,129.1192,81.8423,-2.4114,103.1572,48.7644,-300.7337
95.7787,217.3522,249.3262,140.8445,-158.1042,109.3602,-95.2940,-112.5135,-29.1467,20.4472,223.9862,166.6431,144.0826,113.8512,95.0724,-19.1633,36.5742,29.8639,-309.2063
133.4781,254.1201,236.9705,91.7475,-109.1946,71.0531,-70.6192,-83.6944,-123.8475,-6.9069,209.5097,188.7444,196.9508,98.0398,88.2547,-43.8135,-18.4421,15.3899,-302.9677
118.9300,174.1777,171.3156,113.7845,-46.8640,72.6186,-86.1783,-54.5580,-262.5307,-58.0316,162.4539,217.9701,208.8429,90.9977,57.5301,-63.7707,16.4861,32.3509,-265.7416
58.3073,128.5423,109.7015,209.4773,-1.1964,52.4168,-137.9979,-20.4398,-312.6476,-64.4251,121.3563,219.1321,153.0656,74.0310,0.0967,-45.0795,115.0128,75.4071,-202.1970
79.8038,209.2734,59.1973,291.6755,56.6296,5.3078,-128.3785,12.1634,-272.5063,-42.3952,89.2126,207.3079,109.1695,52.8944,-53.5625,-33.6942,181.1593,136.8289,-126.6705
157.7762,298.6188,7.5744,295.3615,174.6911,-9.5181,6.3596,56.6383,-172.2742,-17.4593,48.6036,190.9215,149.8585,67.7055,-50.3921,-72.3595,166.1799,229.8969,0.2592
168.5035,267.8194,-19.8405,245.9297,325.1718,40.1974,185.0298,145.3038,-68.6672,24.8950,30.8483,165.9317,230.0735,114.4390,-12.6163,-98.1587,129.0456,328.0151,168.0853
143.4482,174.5480,10.8225,217.7265,410.4391,142.8929,267.1728,237.1105,-79.2446,35.5824,53.2233,167.1089,259.9460,147.3536,-13.0016,-72.5690,138.8165,367.5024,270.0057
145.5074,129.2131,67.9716,210.9509,410.7348,276.6063,257.2320,277.1272,-142.5414,-16.9244,58.3895,190.7930,226.8976,156.4788,-29.0314,-53.6108,160.1158,340.5555,299.9353
120.7924,128.7322,73.1115,144.4807,397.3430,411.3431,268.9585,305.2753,-65.8514,-22.1608,32.5036,169.5760,200.3154,166.6732,5.3096,-51.3517,125.9101,284.3051,355.8341
75.1333,137.8047,22.9173,19.5122,370.5973,499.0705,302.2438,347.4346,86.8630,74.0895,43.2761,106.9715,226.9914,198.6276,53.5941,-16.4818,50.5435,198.9497,402.6819
98.8971,156.8339,2.5148,-65.5677,279.3558,491.9926,282.0500,339.6345,121.5002,130.2430,83.6408,73.7318,265.8243,250.2212,66.3211,20.3589,-14.6668,78.9942,343.6027
167.8700,166.0419,35.6621,-81.5206,180.1402,393.6479,232.0697,262.0297,69.1829,58.2569,82.1521,76.1866,268.6708,269.2675,74.6588,-1.5746,-37.9573,-22.6955,239.3886
195.7417,175.9252,53.0068,-53.2248,167.1850,275.5792,194.5474,170.1846,9.6432,-35.2020,73.2802,85.3585,271.1865,208.9164,74.7899,-47.7818,6.2975,-39.5055,174.2520
197.5253,240.3959,44.1677,41.8407,228.6701,200.0348,157.9072,92.8819,-69.7341,-56.4083,126.0335,105.1443,327.9741,129.3022,33.9772,-64.9043,97.3349,33.7676,118.9139
207.6133,286.7265,73.1097,170.6285,318.4041,158.2427,167.0522,43.9170,-76.0569,-32.7615,181.4957,123.4738,412.5573,111.8442,15.4011,-74.8185,159.5129,131.8931,89.1382
192.5953,191.9219,121.0118,212.7000,414.3503,127.2218,249.3773,44.4016,44.0486,-8.6320,161.9501,126.7456,447.9043,121.5974,63.8629,-100.2716,169.9560,174.7924,142.8258
144.8506,76.4675,99.4735,149.8867,452.4625,105.1133,285.8079,61.1379,116.1012,-7.1080,101.7982,141.8944,397.6848,107.2740,89.9472,-109.8424,170.7691,141.7145,201.3588
118.7091,135.2298,23.1975,78.3648,385.0534,44.1520,205.8396,35.0066,72.9338,-38.1581,54.0366,155.3556,299.0294,101.5588,45.6226,-85.4237,162.3855,69.2015,152.8407
142.4844,259.0502,-18.0711,30.4787,267.2484,-121.5113,109.2906,-41.4137,55.3410,-72.4107,20.7563,113.3886,209.2467,102.6597,5.5779,-57.8612,109.7270,-13.4696,33.6160
174.2309,243.9731,-41.1017,-26.2293,154.0066,-324.2548,43.5243,-130.7094,44.5397,-83.2060,-11.0581,39.8361,120.9025,55.2565,-2.2531,-51.7319,14.3976,-80.2143,-57.2496
157.7760,143.5209,-124.6006,-95.7441,40.4163,-382.5575,-47.5529,-161.7348,-68.4688,-85.6214,-63.9866,-11.2294,-7.6206,-3.8824,-25.4080,-51.6027,-92.5325,-89.2885,-61.2948
105.0822,70.4484,-210.5032,-160.7988,-41.9067,-228.6294,-132.2666,-68.0177,-162.9673,-70.9494,-124.8030,-50.0697,-123.7264,16.1511,-65.6863,-39.4654,-158.6592,-52.1996,40.3638
75.4323,0.6749,-165.4536,-183.2514,-44.7141,8.4783,-125.1760,107.0238,-83.8917,-0.3572,-112.6801,-61.8568,-115.8320,111.5698,-78.3622,-21.5307,-133.4268,-32.8585,180.5586
75.1988,-35.2343,-16.5536,-122.1609,-3.7088,178.2420,-35.6004,242.0938,93.8285,94.3824,-10.2888,5.9987,8.9775,212.5110,-30.5060,-4.5964,-50.9469,-35.4840,243.7429
82.7595,47.0416,89.1719,-19.8871,24.1322,249.9336,60.2509,283.5741,193.0504,114.9299,84.5521,104.4510,133.0046,268.9852,61.1364,6.3187,9.7350,-18.9217,213.3512
125.0295,169.0600,115.8193,36.7836,46.3664,256.2097,88.3760,243.0889,114.0005,31.4069,119.9583,141.3310,192.4022,263.8750,113.6053,-7.0108,48.1276,4.8667,158.9447
189.3980,188.1929,124.4220,37.0758,84.6842,207.3671,53.0422,146.7862,-44.2071,-60.4304,126.8321,137.0525,209.8487,230.6420,87.9813,-35.8298,79.5737,16.9073,120.7889
186.4657,114.2210,113.3304,13.9681,136.8138,110.8199,83.2345,71.7798,-36.0623,-51.8275,109.5843,141.8861,221.7298,215.0408,61.4679,-36.8396,48.6701,41.8821,106.0864
113.0902,51.8660,63.2179,-18.2323,190.9294,9.1246,220.8082,68.0750,129.4422,28.9578,83.8431,137.5896,239.9384,194.2066,64.0974,-20.6057,-34.2832,72.4842,100.5641
55.0869,54.3972,28.6958,-19.6786,215.4940,-53.5132,269.8591,51.0735,127.3566,44.1371,105.4718,122.6349,234.7571,132.9095,19.7023,-48.8336,-44.1199,82.5283,61.0447
17.7049,80.1998,39.4152,51.6639,187.2415,-79.5544,113.8119,-47.1750,-104.4419,-48.5055,141.6416,112.3602,173.0988,62.0061,-64.6712,-110.7254,50.8685,104.0084,-12.9428
-15.3816,55.7674,38.8415,153.9319,127.5256,-106.8953,-68.5392,-140.1019,-234.4910,-131.9958,105.3367,65.9662,81.9487,5.3578,-101.2051,-136.7924,135.0567,142.2959,-61.6296
21.0678,16.7563,2.3676,202.7867,46.7359,-163.5671,-125.5516,-156.0196,-120.0749,-128.9655,32.6883,-15.4426,-8.6450,-51.7671,-98.6806,-125.7872,146.2044,124.2534,-64.1026
118.5575,74.5124,-15.1557,174.4217,-69.9945,-241.6709,-133.2971,-151.6973,25.2892,-102.9956,15.6443,-34.2535,-119.3519,-85.2379,-107.7182,-121.1059,133.8935,49.3177,-56.4562
164.0024,194.8587,22.0959,121.4974,-180.8064,-298.9260,-162.4054,-159.5944,29.4798,-100.7995,42.6955,35.2289,-224.7841,-62.0398,-118.9540,-116.9055,130.4566,18.7404,-59.3549
149.0108,236.4211,85.2882,109.9788,-222.6132,-285.6873,-177.2119,-130.1330,-68.8571,-81.6633,68.3399,88.4280,-249.1912,-13.8662,-135.7162,-90.9444,118.3392,56.0638,-61.9690
139.8505,186.3537,124.3399,134.3436,-224.1302,-192.2938,-164.0908,-61.3021,-141.4439,-43.5629,93.8647,56.9344,-206.5675,19.0641,-152.2209,-52.0313,90.3913,76.3643,-44.0186
106.4551,108.6407,104.4119,119.7627,-243.1563,-69.5284,-133.7680,-13.0392,-110.3919,-32.3600,100.4171,-16.8538,-160.7309,36.8022,-101.0189,-13.8848,51.9863,30.4289,-2.5826
29.3713,4.5573,33.5754,43.1177,-250.5997,20.3973,-76.7298,0.3471,-29.6062,-28.2259,60.3700,-62.8286,-96.1287,47.5422,2.3892,10.1195,5.6920,-42.3996,26.4542
-3.9365,-81.0961,-24.5759,-25.1670,-196.5316,69.9838,0.7161,13.0835,32.2839,9.3055,16.3762,-46.5290,-2.7377,67.0349,47.7602,10.0248,-23.9559,-68.9172,19.5193
34.4080,-52.1003,-6.6610,-31.4149,-103.6065,112.0274,77.9413,25.9407,90.7135,36.6953,24.1208,8.4281,57.9011,105.6847,33.6848,8.4954,1.1076,-25.1227,7.7650
70.5828,57.4284,67.9540,2.5896,-19.7253,146.1953,132.2976,10.0347,109.8878,14.9984,63.0981,40.8327,79.5498,132.0843,34.9434,28.0676,69.1549,13.9606,15.7558
74.7243,126.7857,108.9348,35.5343,40.3784,139.9805,143.0604,-15.6661,51.6013,9.1235,79.8220,32.2414,105.3482,131.1643,39.2295,50.0015,116.6974,-13.4877,34.7569
57.7109,125.5315,73.6232,50.8970,80.9156,106.7369,136.7114,-1.1244,43.3543,62.6231,65.1886,22.6902,101.2774,141.4934,25.6672,60.9095,121.2610,-36.4827,60.0557
20.1381,92.8901,27.3491,53.6276,104.0583,98.5568,136.7049,28.5614,123.7001,88.2711,50.7519,35.1371,34.9337,161.4854,20.8774,73.3614,124.0893,5.5291,65.4106
13.2266,70.0960,41.4972,48.1819,102.9929,113.7825,84.4015,-2.0456,101.4686,18.8463,59.9481,60.0935,-32.5348,143.8849,-4.4416,75.6113,137.9877,35.0352,20.6991
82.5339,87.1662,94.7415,36.2294,77.0433,111.1222,-22.9740,-70.3655,-12.4691,-47.0763,84.7734,96.2153,-75.7738,109.0382,-66.2965,49.7630,137.4866,16.6730,-12.4634
140.3889,99.1350,125.5242,41.5746,54.6913,104.8499,-59.0987,-71.9248,32.0191,4.8860,101.6433,133.1839,-148.2197,109.7119,-72.1027,25.7270,134.0760,40.1859,43.6134
88.3101,33.1763,109.0516,68.3245,50.0639,131.1164,-9.6035,5.8368,200.7751,105.1146,91.7871,131.3944,-243.2360,118.8829,7.6830,33.2676,137.1723,101.2350,130.9514
4.6137,-51.2512,59.7052,46.5415,18.6136,155.5429,-21.4974,63.6010,240.3124,109.0576,57.3600,70.7952,-298.5110,90.2513,57.9204,43.9669,96.2900,79.5482,150.2624
12.4035,-35.6486,18.5997,-59.2387,-61.8146,130.6943,-107.2555,41.2360,146.2087,36.2556,28.2297,-10.3125,-309.7157,48.9967,17.3843,27.0616,-11.7023,-17.0103,107.2354
54.2304,47.3283,7.4181,-165.8044,-120.6738,86.5459,-129.5951,-11.3956,65.3887,25.4797,17.8248,-54.7277,-298.7312,28.4336,-44.3816,11.8902,-137.7421,-64.2918,47.8321
8.4034,68.3791,-14.4708,-221.1002,-89.6496,67.2764,-69.4492,-15.5914,36.4083,89.9711,-6.4825,-57.8989,-250.3725,6.7938,-57.6166,40.2477,-234.1020,-42.0463,1.5293
-62.2843,-2.8958,-55.9653,-266.0803,9.2016,52.5292,-2.1449,21.3989,55.1971,102.8663,-43.7165,-73.8032,-160.5850,-43.7157,-18.3605,88.4650,-251.5490,-17.2640,12.1796
-17.2552,-88.0666,-37.2622,-278.9619,125.6345,13.3495,68.4814,11.9724,85.4814,20.1307,-31.8728,-126.3604,-61.7148,-105.4566,31.9972,88.5520,-147.9616,0.4952,73.6305
88.4309,-112.7669,43.0530,-205.0906,238.6384,-18.1735,142.4663,-55.7733,69.1652,-60.7144,20.8376,-162.1329,23.9078,-133.8806,55.8038,27.1816,-10.3566,39.3243,106.8580
101.0540,-74.0166,60.6634,-115.4655,323.7082,13.4760,179.9911,-64.0245,54.7119,-70.3318,29.1590,-139.1958,96.5405,-112.6395,76.6467,-25.2761,16.9499,93.9170,97.4562
39.0040,-25.0775,0.7080,-89.1432,344.6157,101.3754,204.4223,45.3863,72.6186,-31.4212,4.1074,-91.0236,147.5876,-74.0256,127.4007,-6.4620,-31.3270,138.9939,115.9982
7.4648,4.5774,-14.1116,-67.6244,293.4001,165.4061,261.7912,171.8963,38.8532,42.3253,22.1730,-53.2122,147.4733,-46.4603,170.1072,62.8979,-15.8909,161.4693,179.5769
-1.0577,35.2712,25.9852,1.8092,206.5735,161.8194,314.5863,234.7493,-5.0754,152.1692,45.1347,-17.9154,87.1546,-16.7243,170.5605,124.2113,60.5575,176.6042,248.0908
-14.8394,62.8695,26.7652,68.3475,139.9561,157.4671,315.4511,276.1271,52.3358,236.8592,5.3685,10.6758,22.4787,24.7000,159.6387,157.9195,111.5595,209.2615,315.7072
-7.0143,56.6339,-2.4143,89.8702,110.1571,208.2098,288.3719,330.1907,107.8146,238.2144,-35.3184,10.5087,8.4244,55.6269,144.9217,176.8831,118.6451,239.4798,376.2738
1.7355,45.1087,-2.0756,78.6929,61.0092,243.2806,257.4372,357.7808,63.5339,204.5187,-14.5431,-5.9153,-3.1667,62.8474,93.3137,176.3044,78.7125,216.5974,375.4451
3.8648,81.4563,9.8756,60.3768,-60.3442,196.5717,196.1845,334.1531,25.5181,196.6489,12.3630,-6.6608,-85.9759,59.6023,19.3137,146.9347,-4.3607,144.0249,296.9954
90.9860,141.4118,21.1766,56.4709,-202.5152,138.4491,97.1356,290.0192,6.1405,172.0670,5.6834,10.4664,-184.2419,65.0101,-23.4883,121.9189,-58.0616,88.5263,221.1896
268.6818,180.2829,58.6569,52.1751,-252.9189,145.6716,25.7273,265.6631,-52.3283,88.4494,3.9032,24.3314,-181.7634,92.1432,-11.0511,138.2364,-46.8160,100.4688,213.1806
400.3933,233.7299,94.8484,24.4732,-176.9139,172.0999,37.4615,257.8607,-24.1936,8.1063,26.7054,24.1510,-86.8009,129.0802,33.7820,167.0416,-31.6828,154.3369,217.1825
445.8224,336.9238,87.2153,13.4996,-58.9349,145.5408,69.4890,218.4811,99.9843,-14.4916,66.8328,22.0822,-1.5370,136.9698,55.2786,162.0053,-30.2258,166.5966,155.1539
469.8757,424.0029,67.1257,47.3234,0.1693,66.5314,30.2666,137.4671,92.4981,-16.1802,119.1864,33.6342,39.7800,96.9342,29.9695,134.5975,-5.9591,95.6585,62.1955
447.0483,423.6783,83.7597,72.2976,-3.1080,-26.3426,-32.9139,80.1605,-17.0355,-19.7288,146.1994,49.2287,73.3670,30.5938,12.4835,109.3083,14.6701,13.4428,8.8606
334.1241,358.7271,136.3678,72.8058,10.4721,-87.5421,-30.0651,76.5670,7.6798,3.9916,123.8109,50.3905,106.7901,-31.7837,35.3495,85.9627,10.3737,11.2242,-19.5739
207.2128,267.2959,190.6288,102.9781,79.5340,-81.8013,-16.6243,71.2202,89.5089,36.4947,106.7114,38.2799,125.7308,-67.2803,40.9818,83.9999,38.5002,69.6669,-51.7795
157.0205,160.4691,210.1981,154.9727,149.1489,-35.1213,-71.0544,39.7458,43.3890,30.8540,136.5638,9.7898,144.1761,-72.3626,-1.2385,112.0020,106.3905,100.0508,-61.7157
194.2363,101.9382,201.3486,178.4732,158.9113,-13.3720,-120.3810,24.1285,-22.2147,22.4679,165.7129,-38.7094,163.3880,-78.0416,-41.7780,115.7916,146.1212,68.9082,-41.6538
265.8217,152.5133,215.6172,191.7032,122.0875,-23.8567,-85.7297,41.0928,38.2031,85.5667,152.9583,-56.1683,144.5034,-100.8416,-51.4899,69.6638,162.8756,36.8099,-3.4615
277.6707,236.6325,263.1458,234.3437,92.7622,-8.8286,-23.3937,80.4974,189.3848,212.9538,127.1199,5.3784,85.4101,-103.9639,-40.2462,31.1080,214.8244,90.2377,70.2986
211.5242,240.0159,296.6161,287.8690,91.3872,51.0023,-4.6946,140.9547,346.2773,325.6736,118.5118,75.1682,43.0958,-71.5441,-11.9020,30.2466,276.8066,207.4048,150.9058
176.9685,163.2283,297.6835,297.6779,77.8894,95.3158,-37.5922,186.1970,388.6606,366.5013,117.7273,54.1545,37.4756,-48.2857,9.2271,37.9188,282.0936,241.6857,157.9412
198.8161,49.6635,267.0379,234.4194,9.5311,75.1572,-107.3210,174.3871,279.2515,358.4372,97.9572,-16.9920,35.1528,-51.4046,-2.4159,55.0351,225.5576,138.8811,98.8409
148.2842,-73.0096,173.3167,142.5222,-68.7863,29.9001,-152.7353,142.3280,223.5416,370.8065,39.7544,-42.7999,44.2318,-47.6396,-12.1258,97.2709,135.6799,36.2760,50.1897
2.5481,-128.6851,33.9720,76.6141,-55.3546,17.1689,-110.6216,133.8850,323.5622,396.0988,-30.7757,-41.3897,103.3649,-37.5335,14.6994,132.4790,32.0235,27.3031,23.3456
-105.3277,-80.7536,-49.4689,4.6914,65.1242,21.6734,-45.5933,114.5906,354.5620,339.1340,-43.7065,-69.3785,183.2309,-47.3447,46.7737,121.3078,-49.9979,51.3072,-0.1870
-120.4684,-30.5681,-33.4036,-71.5767,198.7217,13.3996,-63.3390,68.1517,230.0740,205.4024,19.2207,-91.0165,210.2465,-58.5850,51.3160,64.7025,-64.8569,81.4952,-6.5647
-92.5033,-46.8982,7.0312,-37.2701,263.5956,13.9691,-135.5881,42.9735,154.8955,131.1522,75.7496,-62.3815,158.8767,-49.7374,28.1742,1.7842,-14.3384,134.3841,-6.1659
-42.8841,-58.8883,11.6802,83.3386,241.0071,15.5396,-187.4731,35.9360,160.6298,143.7330,53.6355,-32.6807,57.6295,-53.6850,-24.9628,-17.0742,37.1058,127.7226,-18.4548
20.1967,-19.3783,8.5092,88.2603,146.3282,-42.7646,-228.3464,-2.9994,97.9432,134.7314,-7.3749,-50.7854,-41.1743,-97.3952,-85.2059,-5.2590,33.3366,16.9318,-23.0429
59.0293,34.6212,21.7364,-26.2627,29.3298,-137.3922,-269.2726,-46.1672,21.0808,99.9466,-32.2320,-70.7192,-88.4844,-148.8793,-96.5096,-32.0547,-2.0179,-72.4858,-19.4344
42.1088,69.3258,11.6543,-72.1751,-57.2137,-159.0616,-278.9323,-38.8759,66.1097,113.5006,-29.5776,-41.2634,-95.1710,-163.5923,-52.2349,-82.8774,-13.5397,-63.3342,-31.6286
-29.5811,35.9811,-55.1656,-65.5259,-121.7921,-104.1931,-265.9223,-25.9888,157.2461,118.8981,-59.1314,-10.9565,-128.2810,-137.3022,-8.3878,-78.1489,-16.1228,-52.2769,-51.5693
-104.9447,-90.7455,-139.9075,-144.7905,-203.6032,-94.8521,-262.7525,-81.8134,158.0764,42.1631,-126.3759,-51.8946,-212.6815,-112.1077,-0.3332,-43.0889,-61.7507,-114.2710,-89.9383
-126.2638,-190.8783,-178.8241,-240.5110,-305.0538,-178.8277,-274.3970,-185.8335,96.8212,-25.1465,-185.5306,-130.1145,-298.2208,-137.4787,-17.5243,-51.9084,-127.9756,-210.0128,-173.3098
-126.7758,-148.8167,-169.1432,-229.8849,-405.1813,-267.3772,-305.5707,-260.8980,90.9304,0.5092,-216.6744,-156.0576,-334.1932,-197.8242,-35.1703,-74.7645,-152.3563,-285.0173,-239.0539
-167.3458,-72.4242,-170.3019,-177.0990,-472.8356,-285.9481,-321.0785,-263.8125,167.1534,40.1665,-233.6818,-133.2547,-309.3060,-219.6370,-22.0928,-67.3023,-148.6589,-312.9968,-214.4758
-208.9602,-103.8887,-218.3900,-178.1777,-454.8899,-262.1373,-235.4494,-208.9956,230.0477,29.6598,-240.0940,-135.3596,-233.0567,-185.9809,33.9173,-52.3378,-171.4362,-301.2459,-153.7989
-202.4510,-162.4717,-261.7001,-208.0943,-331.7204,-245.7770,-96.4553,-154.3815,213.3402,24.1089,-227.2857,-161.3187,-133.1522,-151.7847,86.3748,-18.1029,-199.7647,-275.5606,-126.5201
-188.7663,-125.4485,-217.3347,-200.3661,-157.9796,-234.4365,-92.3173,-144.7445,162.5291,43.6933,-200.4248,-155.3335,-51.4471,-124.7514,76.5627,51.8145,-171.5072,-222.6630,-114.8844
-195.0524,-81.2444,-100.8743,-145.5468,-0.4118,-218.6371,-225.2943,-162.1880,106.5187,18.0443,-176.4192,-137.1289,-7.5932,-68.9758,24.3562,78.3635,-104.0262,-145.4593,-112.7323
-190.3936,-163.3486,-26.6440,-116.2595,104.3433,-228.5244,-267.7699,-180.1801,33.0678,-78.4088,-156.9186,-152.8720,19.2095,-18.1665,3.6733,17.6595,-70.7477,-124.5209,-133.6598
-159.2603,-272.4041,-41.1287,-159.3826,132.8084,-275.0549,-155.1528,-210.9640,3.1997,-173.5706,-121.2477,-150.9519,46.6254,-25.9801,25.6982,-47.1055,-76.6331,-170.3396,-139.8154
-94.0113,-209.7994,-62.5747,-176.7676,92.0433,-313.0263,-78.6739,-238.7066,37.7439,-197.6321,-62.1820,-77.9900,47.2390,-51.7281,28.3191,-63.4710,-59.9486,-176.6042,-119.6863
-3.2897,-25.8232,-25.9623,-83.8127,21.2714,-313.1494,-134.4565,-208.6011,12.5690,-159.9883,-8.0987,-13.4311,-1.3510,-40.5565,-12.5107,-64.5353,-3.7127,-132.6857,-116.5880
43.9459,41.2823,36.7095,22.3165,-65.5169,-283.5676,-212.4419,-126.9575,-87.5299,-109.5484,18.1006,-34.6962,-56.8907,-20.2672,-48.1677,-55.8669,50.0013,-126.3381,-111.3111
16.1924,-37.5724,75.0959,52.8171,-167.9966,-203.0231,-216.3768,-48.6413,-82.6538,-67.6231,29.8322,-66.2677,-75.2811,-10.7208,-35.1908,-28.9573,83.5999,-130.9363,-43.4269
-23.0277,-71.0461,73.2091,64.7678,-234.6406,-47.6299,-143.2346,27.3793,53.6597,-33.0398,39.8832,-22.6896,-73.1194,24.5669,15.6266,-14.3542,116.8479,-72.1640,65.7586
-39.0047,-16.9880,51.7860,91.1044,-216.9120,126.9329,-36.6151,115.5782,102.3780,-12.2219,42.0781,43.0306,-60.1720,78.6581,50.1522,-20.0072,152.6956,1.4331,137.6185
-42.9722,1.4191,61.0527,102.0947,-166.3115,231.9939,16.2915,156.7078,-39.5869,-13.2930,39.9268,57.1856,-18.4402,103.7457,24.5587,-25.4017,171.4804,20.7601,120.3123
-15.1204,-17.1896,102.6073,111.1859,-166.6071,236.4441,-12.1395,102.8649,-193.3025,-43.6032,33.3519,34.7147,20.7105,109.1680,-13.8824,-35.8941,160.8815,-6.1137,22.1940
23.3928,-3.3949,102.1127,112.9331,-192.5510,163.3554,-9.0610,11.7616,-157.7701,-94.8290,3.9169,7.1576,29.9110,123.2199,29.0371,-51.1516,126.9731,-55.8344,-73.0271
-1.6808,-18.1359,39.5567,71.5903,-141.8405,60.7921,93.6876,-36.4802,15.2417,-110.8356,-33.4057,-14.2989,70.7042,123.1372,128.8794,-50.7164,92.0402,-82.6555,-86.6511
-78.2090,-114.5756,-10.9578,32.5194,0.4047,-24.0191,194.6344,-41.8954,104.2595,-60.1353,-32.8525,-11.5782,165.0587,102.0924,169.0661,-42.3304,75.2102,-40.3359,-53.4395
-134.3511,-185.4504,-13.0020,42.4249,137.8013,-87.2890,218.2128,-54.4697,50.8480,-24.3336,-1.8254,1.4277,224.6507,99.1358,142.7525,-36.5891,72.9471,12.8789,-47.1924
-154.8469,-145.7595,6.2714,50.6954,212.1054,-148.1371,218.7070,-93.4136,-0.8060,-74.9716,11.5399,-17.0835,226.6987,107.5760,135.0321,-14.4696,73.8380,4.4064,-62.4374
-143.6864,-89.1358,24.7354,23.0857,251.0536,-196.3324,219.0141,-125.2925,-19.0479,-144.7228,6.0942,-58.8974,238.2279,75.0044,151.9639,19.4058,63.2719,-25.3473,-61.9141
-115.5792,-138.8662,6.9886,-26.0075,249.4201,-220.9837,177.3370,-115.6636,-97.7493,-157.9637,3.6365,-92.8036,231.5257,9.1059,149.7188,32.9292,10.6567,-49.1601,-40.9121
-124.6712,-258.0108,-69.1889,-101.7089,157.8258,-235.8729,107.5310,-79.8062,-179.5074,-133.6313,-17.1910,-123.5526,133.1796,-27.4866,126.9334,22.7148,-85.3234,-107.9436,-16.4299
-155.7716,-309.3428,-141.9204,-170.2692,13.4861,-237.0420,54.5723,-50.4032,-149.2404,-90.9649,-73.8518,-136.9060,3.8403,-16.2672,88.0519,2.4151,-163.2876,-166.4078,-21.6981
-138.7798,-277.9823,-162.3428,-181.6291,-83.6626,-207.6733,26.2177,-28.0460,-57.4352,-52.6373,-126.1298,-105.9836,-53.1144,1.3697,51.9735,-17.5965,-184.3400,-162.6616,-58.9638
-122.3933,-287.3918,-172.1134,-181.7838,-130.1025,-151.9260,25.1575,-9.2152,14.1892,-88.5288,-128.3746,-84.6580,-43.9937,-15.5872,70.4011,-16.2661,-181.9574,-142.4977,-72.4774
-174.5433,-345.8234,-172.8669,-196.8463,-191.7914,-72.6238,36.8784,-12.3839,28.2943,-176.7046,-82.7770,-129.9121,-18.0662,-67.4894,116.4022,-2.2624,-172.3953,-141.8030,-67.1020
-207.1127,-311.9564,-107.5342,-148.4405,-246.7692,20.3331,17.3083,-39.1583,-79.4209,-199.4533,-22.7882,-175.6542,7.1704,-112.5134,100.6497,-27.3295,-134.6026,-109.5323,-124.3779
-160.8783,-193.0291,-10.8909,-50.9962,-210.1547,84.2200,-10.9479,-59.8470,-214.1818,-158.4264,17.4363,-152.7904,25.3040,-110.4330,53.0242,-93.0220,-98.0602,-42.7744,-206.8006
-132.2392,-169.9375,35.4746,-25.3124,-85.6743,105.7516,26.6141,-47.0869,-162.2465,-136.6757,25.9594,-122.9948,49.0559,-82.1208,66.8009,-135.8691,-107.4775,7.3197,-180.2345
-155.8790,-269.7070,45.2640,-62.9443,29.4234,114.9357,102.6507,-3.6693,-43.5122,-123.1287,27.3631,-153.6210,92.7748,-88.0857,102.5790,-136.1501,-126.6658,36.2266,-77.8134
-158.9854,-331.5295,66.8595,-56.2286,75.1246,99.1424,119.6828,20.8312,-149.4412,-127.0156,53.6203,-197.1563,125.5625,-139.1538,76.8265,-132.6845,-101.2579,53.4409,-62.0484
-143.4433,-284.6117,100.9504,9.8530,82.9543,38.1432,71.1698,-28.4366,-337.3596,-227.3875,91.5663,-186.7212,118.0161,-184.4662,25.0149,-146.3981,-49.3621,62.9820,-145.9635
-142.0634,-195.9501,129.9192,74.4508,99.7122,-16.0575,18.0617,-123.7420,-304.9935,-350.1786,88.5530,-142.4987,88.9171,-192.5764,6.4536,-178.3933,-20.7906,91.2443,-211.8387
-112.9947,-132.0238,112.3769,74.1550,118.1030,-43.8129,-15.2447,-191.5120,-186.9270,-341.5539,22.4056,-134.9237,52.6790,-182.0530,-1.8905,-222.2532,-48.0084,119.8270,-229.8361
-58.2273,-141.1299,14.0809,-12.7911,104.4807,-108.4105,-32.1177,-226.8254,-213.1948,-259.9814,-69.3111,-180.7245,-4.4659,-167.7652,-32.2014,-230.8429,-128.9832,103.8132,-253.3682
-69.8687,-240.9368,-102.7632,-95.8107,45.7988,-190.1460,-45.7557,-243.5553,-274.6520,-237.2010,-144.7768,-204.6402,-91.8985,-135.5541,-67.7595,-162.9968,-198.9245,86.1188,-280.6796
-174.9733,-358.0373,-159.5176,-89.5129,-55.0464,-181.3416,-79.8208,-200.9397,-270.8913,-235.2548,-194.9718,-151.6218,-208.9522,-85.6775,-80.7475,-73.9396,-202.4296,100.1989,-260.1020
-279.8358,-405.1518,-186.3611,-89.6009,-179.1849,-94.7882,-129.8251,-131.3106,-302.5476,-225.6311,-216.9366,-99.2506,-327.7533,-61.7895,-81.1887,-66.7500,-194.5953,57.9845,-190.1065
-297.3056,-402.3248,-232.4709,-203.3930,-274.2010,-37.4992,-176.7915,-159.2458,-362.5804,-285.2099,-217.4727,-142.1981,-386.4440,-99.7019,-112.0633,-160.4178,-241.0008,-63.8310,-129.1202
-265.2953,-428.5925,-281.6136,-338.5147,-286.5797,-0.3192,-218.2736,-257.6517,-343.7455,-364.6801,-234.2490,-223.4064,-356.4014,-152.5983,-159.7893,-262.6854,-294.7877,-129.2831,-102.4890
-293.4483,-500.3473,-323.4739,-368.4056,-209.8013,99.1470,-212.5576,-244.3756,-265.9270,-335.9030,-273.8018,-222.7252,-265.8615,-129.5355,-137.2979,-266.4778,-302.2197,-72.7664,-72.3332
-385.6401,-557.5798,-349.6769,-308.3517,-79.8385,227.0678,-109.8253,-104.5927,-211.0849,-261.7969,-277.8808,-142.7419,-146.0618,-38.4678,-47.3861,-169.3939,-288.5992,16.3681,-28.5994
-434.0951,-547.4639,-319.9244,-225.7051,46.8649,272.4069,9.5599,-11.0710,-234.7689,-275.3334,-229.9960,-80.5818,-34.4079,3.9871,-15.8048,-85.0346,-263.0471,70.5774,-6.9046
-410.1519,-487.4431,-254.3854,-166.1600,121.8991,218.7509,22.5651,-13.4762,-343.2883,-325.9862,-196.1517,-71.5940,14.3182,-42.1715,-67.4328,-90.9872,-206.6689,96.5008,7.0542
-367.3432,-422.7215,-224.3067,-148.6358,148.2081,143.2095,-19.4751,-20.9214,-397.1571,-312.0519,-199.9074,-53.9582,-8.1036,-82.7205,-86.0219,-129.7279,-144.6049,103.7021,44.5709
-294.7543,-346.6140,-208.7820,-121.9816,161.5159,77.0572,9.9937,-36.4288,-286.4920,-267.9329,-189.3222,14.4145,-53.6950,-75.1034,-47.3655,-143.2192,-87.2649,107.8081,47.1220
-192.8931,-236.7881,-138.6997,-29.4301,170.2361,-14.4106,79.8853,-123.0896,-189.5779,-250.3532,-150.9621,66.0853,-81.9961,-95.2801,-48.9750,-170.4824,-4.1854,124.2030,-30.5558
-157.0381,-147.0316,-43.0919,77.5252,171.0596,-118.5622,89.6245,-230.2995,-251.0045,-230.0258,-123.5249,24.7139,-79.6043,-169.0823,-111.9972,-210.4858,72.0553,132.0169,-93.0044
-197.7552,-148.2582,4.8342,109.7343,171.9937,-178.8762,61.3486,-267.8250,-247.1456,-175.7221,-120.0193,-54.6258,-68.4391,-221.6164,-159.5921,-183.6456,79.4510,107.5343,-53.8539
-201.3247,-200.6540,-2.8260,59.5013,142.5940,-212.6362,67.8200,-237.1921,-27.9072,-97.9957,-136.2781,-79.0735,-102.7591,-211.3307,-152.8331,-105.3020,40.8728,58.2218,20.6224
-155.1710,-223.6530,-41.4672,-22.8795,40.9395,-259.6909,94.9155,-166.8817,142.2953,-5.5775,-175.5110,-75.2529,-182.9308,-159.1597,-126.9539,-69.7052,-3.8921,7.0480,52.4841
-152.3052,-252.9681,-90.9557,-84.4189,-78.6670,-251.6673,85.4404,-59.6420,77.0014,72.2638,-211.4372,-94.1850,-229.1583,-83.1829,-131.2288,-62.9341,-54.9304,-13.6530,71.3356
-193.8989,-352.1045,-110.8779,-88.7677,-111.3179,-121.4642,38.3424,39.5386,-26.0406,72.2859,-197.0343,-85.0373,-196.2300,-9.0720,-161.9002,-25.3240,-65.2599,18.2452,112.4656
-213.4978,-432.9846,-61.8144,-38.8796,-46.9765,54.1250,18.2962,74.4451,-9.9822,1.9560,-122.0966,-11.4013,-116.4767,35.2533,-155.2673,-3.5234,7.0945,80.7188,158.2984
-203.1317,-380.1310,34.1805,30.1969,44.4838,185.3787,79.2349,83.9611,31.6870,-32.1709,-29.9854,60.1008,-28.6305,68.8023,-90.5196,-37.7191,81.1184,128.8604,203.1064
-178.2209,-262.5259,91.7196,76.1669,120.1924,278.9431,179.8108,134.4537,31.0347,12.6490,8.7155,75.9750,42.2413,111.2167,-45.4585,-60.7163,79.1481,136.6077,244.9018
-133.4946,-211.2671,55.4695,66.9596,169.3498,325.9975,221.7888,184.6471,10.0693,52.4839,-30.3183,53.6362,80.3511,134.0144,-71.4257,-32.6129,50.7668,108.7553,245.7145
-85.7296,-225.0017,-16.2660,23.0419,179.2266,291.2488,177.7695,156.3303,-32.9100,40.1678,-69.7944,18.7252,90.9528,125.0437,-103.8945,3.0050,49.2691,74.6953,192.0628
-69.4569,-247.6964,-30.0092,8.5446,144.0172,216.2577,101.5315,73.6073,-55.6396,16.4370,-38.1298,-3.0575,69.1483,98.8031,-75.3691,12.5509,68.0270,46.3551,123.0772
-85.8989,-249.6421,7.9351,37.1021,67.0238,147.1228,31.7356,4.9035,-6.4936,-19.9160,2.9907,8.3066,9.2222,37.6115,-22.6079,-14.7316,112.1887,-0.2755,47.4366
-103.7091,-186.4823,28.7418,62.8738,-36.6549,52.1139,-25.5884,-53.7109,29.1824,-81.6589,-31.5003,20.9175,-48.4067,-46.6117,-18.4363,-67.6980,157.3921,-57.5433,-59.3876
-104.3045,-79.5956,10.0232,64.8804,-122.7506,-74.5045,-56.9501,-130.8321,-21.8699,-90.3257,-100.8548,-3.4295,-82.9335,-67.8290,-62.8340,-81.5257,133.5053,-86.0472,-156.0498
-97.0111,-51.3615,-33.4297,39.1262,-152.3500,-187.5216,-54.8444,-201.1500,-71.3101,-19.9464,-131.4547,-43.5737,-131.3891,-15.9147,-97.7689,-32.5103,47.4996,-113.0412,-174.4597
-87.0004,-133.4833,-78.5670,-39.3137,-154.0990,-294.3420,-42.0611,-237.4145,-72.9063,8.6841,-130.3981,-76.0436,-177.1728,-8.0988,-100.3538,-0.3508,-37.2707,-192.0214,-152.2328
-78.6742,-233.4109,-93.9480,-151.4823,-198.4086,-413.4840,-54.2675,-260.1220,-77.8703,-45.3112,-120.0389,-115.4724,-166.7417,-85.6173,-93.6618,-22.7712,-115.3919,-286.1646,-170.2634
-106.6140,-317.3098,-93.6541,-222.6675,-295.8024,-485.1510,-101.6055,-280.9820,-37.7414,-65.1474,-102.4930,-151.8697,-142.8743,-141.1531,-77.5531,-39.7652,-174.5604,-338.5668,-199.5124
-172.7162,-393.1657,-123.6777,-241.2813,-361.9806,-451.8854,-140.8617,-269.8256,70.8654,-25.6446,-101.1370,-151.0478,-149.4037,-112.4651,-42.3448,-33.9697,-173.0107,-362.8611,-165.3190
-207.1419,-424.3534,-158.9673,-285.3094,-313.9367,-334.3917,-119.3604,-205.4053,97.0123,-18.5679,-114.5178,-129.3968,-111.5903,-59.8267,-27.0789,-40.4769,-175.5466,-361.5956,-79.3579
-199.1430,-428.9173,-150.6214,-387.4496,-171.3961,-176.2095,-51.5247,-96.6967,37.9594,-21.2983,-91.4941,-134.0491,2.2973,-22.2558,-50.3098,-37.4108,-272.6636,-306.3766,23.9750
-218.1828,-457.9634,-134.9702,-472.3506,-17.6305,-15.6806,19.6710,38.8430,96.2955,50.6706,-29.3359,-159.5285,99.3148,33.2576,-48.7747,13.0282,-376.7926,-225.6091,148.0689
-235.1975,-464.7535,-144.9396,-465.4909,101.6207,95.3605,95.4128,153.9609,214.1277,133.2575,10.0955,-155.4953,130.8032,100.5189,1.4679,72.7830,-353.3793,-164.5405,244.4361
-166.5835,-415.8111,-130.6228,-380.6510,180.6639,122.5348,157.7199,171.5011,161.2519,117.7462,4.5113,-107.5154,122.4877,102.2994,21.3811,70.7368,-239.4869,-119.1541,236.7109
-71.6583,-369.6663,-73.9240,-266.2040,208.4916,75.9372,148.1186,82.3626,55.3880,42.1365,-11.4548,-62.1644,80.3513,3.9966,-22.9516,-3.1514,-134.4866,-94.5671,163.0905
-28.4752,-317.2609,-22.0145,-151.9067,183.8100,-9.9366,97.7982,-20.3977,103.9218,1.0379,-2.6261,-61.8337,33.8078,-116.3956,-59.3261,-72.4675,-52.3754,-103.6378,114.7045
29.1007,-217.5305,15.0412,-72.1326,132.4699,-92.4648,88.1871,-73.4261,125.8947,-2.1360,51.0860,-85.3848,23.8190,-164.2154,-50.6799,-66.8419,11.9184,-104.3938,73.2423
124.7186,-150.6941,50.2575,-41.4068,80.7038,-134.2696,55.4787,-115.5443,-40.7545,-20.2513,126.6218,-85.9417,-1.5697,-152.2170,-50.3285,-38.1590,46.3806,-65.8299,-21.5770
163.6730,-159.8417,66.0105,-14.4812,37.9877,-127.4512,-94.3124,-178.5391,-164.3365,-76.4758,149.3125,-62.2159,-90.4616,-150.7083,-91.1271,-73.5034,64.3530,-29.0649,-131.0311
135.8279,-145.6738,60.9985,28.7966,-8.8139,-101.3993,-237.7945,-227.0023,-94.8733,-139.3545,89.5804,-44.6128,-173.1096,-152.5864,-131.8824,-119.9696,68.3150,-31.0871,-185.6444
92.5472,-83.3345,44.2895,30.8505,-88.0927,-102.2602,-228.5367,-241.3250,-30.4440,-155.4465,10.4540,-37.8046,-203.1156,-107.8892,-131.0684,-75.5225,34.4853,-61.2487,-199.9039
16.4474,-52.7055,-5.2161,-24.4164,-188.3257,-144.8577,-182.0798,-244.8688,-103.0320,-122.7263,-31.8539,-28.4818,-226.1952,-53.2819,-105.7025,18.0788,-21.7832,-88.2438,-221.2372
-54.9463,-61.7823,-70.8387,-71.1827,-241.4056,-183.0396,-235.1920,-242.2166,-191.5632,-96.8567,-44.5312,-17.3285,-234.6846,-58.0371,-87.6818,52.7890,-52.7976,-73.5513,-238.1990
-38.9790,-95.5896,-92.1502,-87.1808,-207.3740,-160.4087,-267.8048,-212.9843,-163.0056,-103.5545,-49.5418,-0.6477,-175.5452,-83.4428,-63.8832,17.4461,-48.8504,-24.2549,-199.4876
-22.6775,-176.0894,-83.4073,-107.4088,-116.3923,-66.6030,-161.3959,-145.3639,-40.3732,-115.4251,-68.5929,33.2137,-86.2488,-45.4028,-14.4448,-21.6118,-43.9472,-0.8444,-92.8376
-123.5808,-251.7925,-103.6335,-125.3004,-1.5990,88.6380,-31.1943,-38.9174,17.9579,-102.4743,-111.5827,59.1050,-30.0302,39.8261,33.6641,1.5583,-63.1285,10.0404,31.9630
-230.8136,-254.8150,-115.3743,-105.2165,132.9540,289.5936,21.1099,94.8008,-61.2769,-32.8738,-123.3143,38.9549,23.8109,102.9164,60.6003,90.9517,-75.6142,95.0764,127.2469
-203.2139,-217.8776,-40.9392,-38.8406,267.1020,473.3895,65.1620,231.3563,-98.4033,104.0398,-42.4107,10.2812,117.5669,139.0598,88.0769,156.3485,-22.3850,230.9635,196.6288
-99.7629,-162.8872,87.0385,62.4276,351.5266,558.6669,128.7130,336.8191,18.6430,226.4177,73.3457,48.9282,200.0729,175.7791,108.3011,137.2081,85.7571,300.4486,247.1668
-13.2003,-65.9099,169.0720,165.9626,350.6163,530.7401,130.4252,364.0364,75.6742,232.6977,117.4306,133.7451,200.8106,202.2550,88.7615,108.5140,166.2736,284.3487,252.8334
56.0744,17.1562,173.6576,225.5219,276.3195,439.2817,65.1530,297.9922,-42.6243,147.1333,99.6443,172.5225,144.3638,198.5534,54.2094,126.2144,181.8047,241.3056,211.6967
111.2860,28.2978,141.4471,221.2472,175.3136,327.2917,16.0133,199.8617,-114.6891,58.9377,98.7599,149.6894,112.5382,171.8273,39.8478,117.6384,157.9448,178.5887,159.7756
149.9961,27.3184,107.9028,158.5997,84.0525,200.3245,1.7929,115.9987,-58.6004,-14.5875,119.7957,117.3236,117.2259,133.3647,17.2746,46.9298,108.2678,89.5764,94.5138
171.4032,50.0806,78.7428,70.6670,9.6933,59.0189,-34.4296,9.8990,-62.5617,-81.8504,123.8636,89.0956,97.5514,79.4395,-28.2564,-12.3061,50.5744,0.9973,-10.9849
136.3407,28.7832,56.3126,21.1914,-51.1418,-58.9136,-121.5891,-116.5985,-141.2231,-115.7178,110.5571,55.9347,37.9889,2.6387,-52.1828,-28.3060,21.4092,-75.4024,-112.6578
55.6496,-44.4532,45.5151,13.5726,-106.0934,-125.8613,-216.9156,-190.6642,-144.1289,-119.9912,87.2863,23.1238,-13.4522,-86.8426,-44.3732,-45.7538,2.4048,-134.9106,-151.3008
23.4608,-78.7513,33.3239,-24.0641,-160.8151,-206.6754,-266.4708,-228.4840,-103.6519,-132.0190,52.3398,-23.6099,-32.3444,-154.8255,-50.2234,-76.4241,-54.0227,-163.1159,-177.3514
42.5055,-56.6478,0.2572,-96.6720,-197.1582,-357.5243,-294.8995,-298.7077,-137.1915,-151.0764,30.7993,-84.9043,-30.3341,-175.9874,-84.6002,-84.1011,-128.0728,-184.0052,-253.3533
8.9978,-78.3043,-45.9478,-154.6661,-193.6158,-462.5508,-348.4900,-323.4085,-211.9449,-149.4421,33.9837,-112.4269,-18.0391,-159.3070,-110.2068,-46.7649,-182.8310,-224.6592,-288.7494
-87.0282,-185.9257,-81.4455,-218.2251,-151.2205,-372.1259,-348.0640,-181.5664,-224.5748,-100.1604,22.3095,-104.5194,-4.5926,-118.1065,-88.0856,14.4190,-230.6740,-237.7268,-168.4600
-159.9356,-267.9969,-93.6783,-283.1823,-62.8446,-143.9338,-198.3227,54.6954,-153.8996,6.5691,-9.9636,-118.0554,17.2699,-54.4549,-30.8830,56.7935,-257.7882,-172.3488,30.7894
-173.1409,-231.1378,-68.9912,-266.4863,74.1342,65.0251,-21.3143,220.2230,-104.7945,100.0080,-1.0571,-133.2578,68.0678,11.8413,-7.6258,73.7275,-215.9876,-64.2113,156.8422
-130.4475,-152.4913,1.8876,-193.7065,202.7354,220.4706,8.7017,275.4300,-173.3163,94.5217,59.9118,-90.0901,126.1984,51.0168,-43.2153,93.4825,-129.7048,33.4739,211.3045
-49.7114,-129.7078,82.0002,-162.8501,269.2512,350.3738,-23.1925,279.1757,-228.6137,59.9728,94.9999,-35.2455,154.6442,57.0491,-57.7848,111.3270,-65.0901,123.3249,275.6486
1.0595,-127.7028,117.9553,-119.6402,305.6020,437.1097,52.5569,278.3196,-98.7577,114.5791,73.2582,-30.1040,176.8727,41.2934,-1.9502,107.2085,-14.1092,215.6752,338.3732
-14.5383,-94.5650,125.5377,8.2506,348.3540,473.9008,176.4698,280.9842,62.8824,190.6427,67.5571,-19.4652,221.1645,24.3980,54.7704,103.1330,60.9231,288.1121,345.5113
-32.9558,-45.6698,165.3611,119.1568,367.3194,475.6629,215.2820,253.9084,46.5666,168.8245,126.7834,36.0191,252.3230,27.2849,69.8997,109.2153,135.0018,320.2362,299.2935
-8.2922,4.5063,226.9050,135.7836,336.8207,438.8449,197.4351,170.0718,-5.7834,99.6723,190.3882,64.8630,243.1339,24.4058,101.3537,88.4816,168.6673,317.3836,232.5742
26.0551,23.8278,230.4623,114.6237,263.8623,382.1169,185.0184,71.0783,55.3027,61.2137,183.3312,29.3809,210.1441,-32.7934,161.5252,32.7440,165.1001,288.7955,179.2850
50.2492,-27.1109,156.0087,74.5071,150.7845,335.5498,150.1982,19.3717,76.9023,29.4147,127.5423,-12.0206,149.9376,-107.4031,173.5510,-19.6428,129.7308,238.2392,153.0897
69.0848,-69.4387,71.8772,25.7179,20.8465,283.2951,74.3862,24.3321,-0.3594,15.8974,95.0137,-11.6925,51.2077,-102.8417,110.1896,-38.0801,64.1827,188.2840,111.6715
65.2636,4.9417,29.5323,58.5656,-77.7699,221.6576,-5.8790,46.9460,-2.6506,64.3214,94.6137,34.2995,-49.6368,-19.1675,39.8568,-15.7783,20.6485,165.2197,30.1208
47.5261,131.0204,29.4158,162.6969,-116.5686,179.6814,-42.7285,27.3444,87.5952,113.0265,82.1973,104.2800,-100.7200,39.1453,28.9657,10.9047,63.1196,139.6387,-23.0300
51.6003,167.3403,63.3000,196.5074,-75.9414,128.1245,-3.6632,-54.8541,139.4895,87.9574,48.0747,131.5552,-88.3188,15.1498,66.3242,-17.8300,157.7089,62.2247,-0.8012
64.4023,88.0679,92.2639,131.3961,40.5926,37.3280,79.8311,-125.5300,160.0276,20.9390,16.4923,74.5973,-40.0654,-34.9923,87.1557,-78.0746,201.5630,-28.8978,41.1564
72.3527,-22.9868,63.4270,63.6486,163.8933,-10.9511,137.6324,-116.6441,191.6319,-41.1975,-0.0564,7.7840,10.1642,-31.4020,71.2576,-85.7362,172.8156,-55.7102,65.9288
123.6041,-40.2736,23.3966,35.7186,247.9928,44.6870,172.4195,-74.8091,184.5099,-81.0470,10.7867,15.8702,70.7649,18.4527,77.3125,-49.7658,145.1902,-33.1572,95.2235
211.7987,75.7325,67.1188,37.9260,329.8022,133.3151,221.2503,-51.2136,140.5960,-69.5265,52.5727,52.0411,164.0978,38.0385,129.1981,-31.9083,151.8871,-8.7989,118.7898
226.4732,168.2453,151.2190,61.3812,406.0332,206.4090,256.3244,-5.3431,127.3838,-14.1315,84.2508,28.3721,254.5104,19.2151,163.3092,-8.1166,153.8883,47.4742,133.1170
128.4873,102.8589,166.3434,77.9243,425.1311,299.4579,267.8368,80.0219,164.5008,38.5809,85.4333,-30.3449,306.5347,34.6843,158.9424,55.6067,134.5923,140.1646,183.3859
22.8707,-8.6674,141.8926,66.3325,417.7112,383.8777,304.3412,142.7954,227.4415,79.7771,113.0775,-42.7172,353.7793,77.8874,178.8620,105.6067,106.0227,175.6293,243.6113
0.9632,-29.8154,150.1109,25.5170,414.3406,382.9138,346.0704,145.5417,269.3239,112.9525,187.6192,-8.4135,391.0688,66.3640,230.4054,94.4095,51.3793,122.2724,224.0866
52.9758,12.0322,150.0152,-36.0682,342.3474,319.4985,332.4666,104.3807,273.3394,128.7247,231.5574,14.7259,344.8243,22.2915,251.8320,41.7059,-28.7286,73.0042,141.0540
130.6054,79.5077,121.6757,-60.6909,196.0629,270.1904,287.1790,39.0328,310.9383,147.6123,215.0970,15.9105,236.6691,32.6537,239.0417,-16.1413,-69.4562,76.3314,79.8660
185.7936,153.0433,136.7950,-5.5366,87.8047,240.1385,234.2116,-32.6041,384.5553,157.1536,203.6628,26.7807,165.3478,70.1435,228.6522,-40.7400,-36.3900,75.5186,38.1651
191.8035,165.1185,181.5196,49.2160,35.1028,187.9886,134.8814,-104.9268,351.3506,95.2613,206.3604,51.8503,123.3435,65.6075,206.3931,-20.5031,9.1717,27.6594,-21.6868
171.3744,137.8800,161.7839,35.0593,-29.5189,97.0734,19.9827,-180.8271,209.8533,17.7583,165.6696,72.3978,61.8446,51.8042,159.9862,-7.6603,20.1376,-51.4262,-74.7182
149.8648,159.8333,97.8612,28.5418,-71.5064,-13.5579,-15.8239,-220.6405,163.9026,58.3687,102.7016,90.4412,40.7037,75.7850,138.6046,-29.1069,43.7224,-131.0753,-90.6871
119.7125,181.2602,79.7900,79.0143,-28.0397,-103.8928,35.4595,-184.1098,256.3530,165.3265,87.6114,118.6359,109.7915,110.3857,170.5944,-29.2195,112.9831,-182.2693,-73.5786
104.5651,121.8231,105.1058,110.9269,57.2215,-149.1066,117.3930,-119.1050,309.6155,176.9589,108.9131,146.6816,199.0972,128.5550,208.2073,12.4342,168.3851,-194.1907,-27.5240
149.6279,43.4130,128.3361,96.8276,121.7198,-160.1458,199.4303,-86.6424,245.2246,114.9919,118.1891,149.9854,249.4099,135.1849,203.4839,38.2195,165.9775,-184.1575,41.3403
209.5343,17.7184,144.4476,91.3491,151.4143,-150.2127,263.0538,-52.2331,141.4568,107.3942,119.5145,121.9172,279.4666,131.3557,172.6412,33.7680,144.4945,-167.0852,131.7340
193.4682,42.9731,142.4480,93.4689,143.0773,-119.7378,311.5727,41.8711,85.5036,151.1870,122.2876,80.3098,296.4662,127.7779,159.9962,50.3298,127.6376,-151.8808,258.5706
132.5162,97.5598,105.7217,62.3084,116.5440,-82.6578,369.2966,178.3623,132.6292,176.9796,110.1141,48.2219,283.6880,140.5163,172.0614,100.9543,91.6985,-159.3150,391.9209
140.9616,118.3804,63.6611,0.1045,91.9913,-65.3005,399.9126,289.4911,234.8153,185.0814,97.3676,42.8618,244.4422,155.2827,173.0520,140.6225,44.8084,-195.6861,444.8679
225.1622,85.5887,50.1016,-67.8702,34.0620,-83.8835,339.8102,307.2690,245.7335,193.0656,113.5973,67.2886,185.1335,150.3342,144.2412,136.6543,6.4571,-242.7987,376.2024
282.3269,91.1404,49.8900,-113.0606,-73.3143,-131.0928,217.0820,211.8853,149.7658,185.7633,131.6438,91.1070,109.7596,130.9098,105.0575,107.6725,-35.7267,-289.1642,237.7347
264.3596,136.7294,36.6507,-108.9796,-166.4976,-170.0339,115.9812,75.1666,82.5356,159.9136,107.1591,82.5845,37.6874,115.1736,66.3518,93.7246,-46.4277,-318.3373,114.1735
217.0515,137.4249,20.1512,-60.4046,-198.8731,-167.9841,79.5794,-10.2712,74.0599,139.7321,72.1871,78.1383,-14.2984,109.9952,30.2913,93.9393,29.9855,-295.0133,52.3321
187.0276,170.0957,35.3501,13.7586,-186.7977,-133.9052,98.1473,-40.3726,64.5426,133.4469,102.2332,125.8663,-35.9709,101.0779,25.5463,66.0721,117.9086,-214.5793,21.3848
189.7676,298.6483,101.0364,99.8274,-142.6049,-83.2386,113.6640,-61.7273,83.8595,98.4173,199.1770,167.9356,-8.1930,75.1619,49.0109,1.7576,111.3869,-114.7455,-37.2543
234.1125,362.3669,190.3644,169.2017,-66.1477,-20.2096,75.5313,-85.4105,122.8806,-1.6095,278.9019,137.3137,67.8934,46.5624,28.7409,-60.5912,87.8340,-25.0074,-105.2378
301.4338,320.0085,253.1082,214.7334,27.9088,12.0482,26.5146,-111.5793,57.2179,-103.8761,283.4826,114.8783,147.9347,21.0152,-48.0705,-104.3140,171.5189,37.6924,-118.3522
340.3067,346.2033,276.9005,275.1835,123.6423,-27.3980,25.4040,-154.0972,-76.8419,-126.3471,250.2929,184.4235,184.0858,-19.7467,-85.1596,-144.8993,308.7639,60.2252,-82.7687
334.0988,420.6629,306.9517,349.2876,201.9844,-84.3984,40.5401,-194.5296,-75.2797,-120.7947,251.7046,248.5308,165.7752,-57.1825,-49.9813,-184.9501,384.5941,61.1976,-47.9692
329.7479,399.0632,378.8841,370.1813,238.7490,-93.2968,39.0794,-197.6817,38.7211,-174.1877,300.4918,197.6164,119.6213,-63.1089,-26.4249,-212.3384,375.8053,62.4010,-24.3504
368.1136,362.7119,435.6803,301.0035,227.5155,-97.5382,48.6669,-176.8917,39.2132,-232.7960,328.1899,93.6060,80.1669,-78.3384,-39.8372,-219.1431,287.2391,44.4786,-4.5690
427.0714,399.5707,375.3327,170.2537,176.6935,-149.5641,77.6901,-161.9328,-52.0384,-220.1409,259.7928,31.0259,48.8166,-127.7982,-29.1451,-204.6222,148.6162,4.6567,22.0069
452.6031,400.6613,216.2073,38.3916,106.2599,-197.5584,124.2575,-136.8317,-17.8007,-194.8655,126.7017,8.2751,1.1359,-146.7752,6.6304,-179.7968,60.1156,-14.4197,76.2622
424.6847,327.1917,109.6165,-30.5069,48.0084,-183.1600,195.5868,-86.0214,103.7902,-214.1871,61.3486,5.6705,-48.7574,-103.8810,19.2939,-157.0351,65.3946,-12.4303,137.3741
373.9061,257.0983,125.5897,-35.2575,6.7034,-123.1938,226.2544,-35.3601,116.9359,-210.9168,119.4314,21.7263,-45.0520,-41.0560,12.2204,-133.7412,83.2858,-30.5956,166.7353
325.2535,213.8464,162.0990,-47.3122,-21.9125,-37.8291,164.5605,16.8605,76.6646,-132.5971,186.6492,38.1324,22.3816,30.4935,6.3741,-106.2083,59.3765,-43.3039,195.3448
272.6071,237.8300,128.4196,-80.8312,17.3417,74.2205,127.7650,110.6902,128.9576,-29.4587,160.3547,43.5235,96.3562,103.5870,8.7894,-72.6764,42.9780,10.2907,260.9761
240.5613,351.7871,72.7561,-54.7146,164.9864,181.8070,230.0395,223.7054,192.2683,60.2144,115.5088,48.5886,146.8754,138.0180,51.4378,-17.8503,86.9175,105.8673,327.6667
266.8172,410.5582,83.8417,56.2564,339.0740,238.2172,374.8922,283.7149,194.6967,152.7237,164.1257,71.9178,208.0261,154.0132,139.3818,54.1422,173.2460,168.3664,365.6493
299.0656,323.3062,175.5785,164.6092,436.1209,224.5251,425.0850,284.3526,255.6036,223.2308,265.7041,132.1280,289.0634,185.0952,204.0871,92.4106,237.9623,172.2164,374.0798
279.1207,241.7351,278.0548,203.9872,447.4138,139.1219,391.6647,253.2604,350.5999,206.4705,302.4222,195.8904,335.8131,168.9488,205.2031,66.5867,258.4179,124.9086,320.7387
284.0002,292.4504,304.0636,205.6760,394.7337,4.7984,340.6549,168.9098,276.2707,114.6707,244.5978,185.2683,315.5549,80.6525,183.3666,24.0363,295.9521,34.5595,222.8646
356.4695,406.5921,250.7162,217.7330,289.6000,-118.6014,297.7049,42.2395,91.3572,47.9892,152.6876,109.2626,255.2713,10.2229,175.1378,27.7768,374.5800,-54.7726,173.5615
357.7399,471.4516,199.9526,231.7990,171.8002,-199.8602,264.5186,-45.3805,67.1639,61.6712,91.2825,63.9441,184.1948,-13.1053,185.1093,72.0074,401.2114,-85.7056,165.3356
236.8307,437.5174,190.9539,218.4099,80.4467,-281.5555,227.5849,-81.6783,198.4986,105.5616,87.6189,73.3464,130.0705,-39.8676,216.7288,92.9148,325.4073,-78.2317,103.7190
167.1482,357.4529,188.9059,171.6774,28.9000,-395.3586,189.2687,-130.7949,253.5059,114.5101,123.7282,82.7319,136.3971,-64.8317,244.4265,53.4578,228.2984,-116.0371,22.9453
222.8392,339.2967,181.0476,92.0151,7.8457,-488.4268,170.3123,-181.6906,191.5596,78.8260,156.5027,67.7829,175.8479,-76.5198,221.1220,-1.5444,171.9409,-216.8032,21.5543
276.1924,360.2527,181.2049,0.4462,-59.5253,-491.2262,136.8531,-182.4981,137.2180,16.0662,163.1724,41.4529,131.7159,-87.1119,153.9785,-6.8581,149.1553,-293.3619,55.4436
277.8764,318.7074,172.4319,-30.2480,-237.2659,-395.4949,38.2321,-171.5325,112.5121,-45.0990,149.4698,38.1983,-20.2441,-41.4087,97.8227,22.7666,171.3164,-276.4109,35.2972
275.2202,270.6765,145.6351,28.3142,-399.4056,-228.8248,-76.3356,-204.2487,67.2902,-54.6335,121.7873,88.0004,-129.9906,80.8267,77.4954,33.7106,230.0653,-199.3601,-6.1998
241.9326,300.6782,127.0159,88.2344,-355.8257,-30.8558,-113.6013,-255.8078,20.7605,8.5284,87.4937,134.9948,-76.0679,173.2984,75.9068,46.6114,266.9171,-126.9261,-2.6062
169.6682,312.6891,115.1744,94.6066,-142.0137,121.3676,-60.1117,-294.3187,23.1548,95.7691,63.6174,112.9367,77.3197,199.0357,80.0412,108.5752,271.4200,-86.4827,36.0981
129.2052,239.1907,78.8991,103.4120,60.2517,152.8966,37.7529,-320.6546,72.3120,164.3384,55.0238,89.6275,202.1106,233.8382,102.6339,180.7776,268.6477,-95.1834,66.1396
116.2203,176.6360,27.3128,120.1170,183.6721,73.6226,128.7026,-324.3143,121.5181,238.5164,50.1362,128.7485,263.5541,256.6064,150.8377,202.4838,239.0703,-157.1629,61.2169
71.0380,163.9248,8.2257,89.3287,248.2967,-47.6051,168.6026,-318.8032,130.4540,320.5414,52.2660,144.3428,293.2620,194.8330,188.9410,187.1122,183.4385,-231.9767,20.1153
18.8659,150.2195,44.0335,49.7223,240.6513,-175.6777,150.1225,-360.2165,106.2139,333.2392,75.0952,84.0979,295.8951,90.6928,178.4163,151.2677,145.9813,-289.7436,-40.8448
6.3308,162.0126,91.7113,41.3178,159.2800,-308.2820,95.1395,-447.7350,97.1205,253.2380,98.6341,17.9400,248.9776,-6.2223,143.8087,75.6504,110.3517,-345.3730,-104.5117
18.2496,222.4470,64.8071,-16.1719,41.4538,-412.8479,20.8765,-497.2732,130.7766,186.1976,80.6316,-32.8626,162.7176,-109.8711,135.8317,2.5835,24.9527,-376.3153,-139.7183
23.9637,242.2744,-60.4924,-135.1661,-83.7741,-438.8882,-32.8954,-455.5618,179.2187,206.3935,24.1018,-86.3309,83.8609,-183.9675,159.7883,7.0483,-93.4085,-321.6874,-109.2006
-0.3248,187.0016,-171.4777,-192.1009,-183.6352,-393.9854,-12.4172,-365.0512,216.7628,262.8974,-15.0496,-101.5273,43.2950,-192.1931,192.4708,50.7166,-186.7337,-209.2508,-33.0638
-42.6537,173.5758,-149.4226,-165.2092,-223.3005,-354.1589,68.0195,-310.0540,261.1437,298.0318,-7.1034,-83.3201,36.8073,-191.6042,216.8133,39.9131,-204.5711,-141.9577,24.4562
-40.9999,255.7075,-52.0900,-154.1548,-226.0391,-364.0781,128.0571,-335.5288,300.1911,283.7021,2.1231,-76.3747,35.5642,-207.5836,219.4364,-7.6876,-126.4899,-143.0790,33.1169
-6.7085,285.7867,-33.7483,-173.2425,-253.6399,-364.9625,109.9617,-410.1503,281.6209,179.8445,-47.9131,-28.5995,-6.6651,-181.2566,202.4813,-19.0393,-21.4958,-149.2620,-6.9185
-39.9193,155.8457,-109.5193,-173.6980,-304.6708,-284.7449,34.0856,-464.4156,243.6799,38.6353,-138.5606,80.7678,-91.5847,-94.5001,180.8444,-6.4440,18.5313,-130.1329,-72.7195
-136.8323,6.2169,-147.6985,-160.2793,-288.1422,-149.7058,-7.6395,-456.2523,271.9737,-5.9068,-179.7662,134.9834,-120.2400,22.2525,161.6217,-12.0127,26.6380,-98.9126,-90.1430
-185.0403,-24.1499,-82.5770,-138.9016,-137.1325,-21.7823,47.5797,-382.6452,297.2048,32.4541,-128.1557,103.6680,-13.1515,149.5377,158.4536,-3.0313,71.7596,-54.1496,-23.7137
-157.2986,-23.6619,4.9559,-94.1047,69.1015,91.3426,128.9361,-263.0358,210.1755,47.3098,-54.9894,90.9259,138.6824,245.2008,171.0545,69.7463,99.1362,-0.4493,48.4398
-121.7694,-44.2543,26.9819,-50.4947,180.9057,171.3787,138.3884,-138.7328,109.5554,90.9236,-42.8337,101.5719,192.7493,264.1395,153.8069,169.8713,48.7878,14.0321,73.3390
-127.4950,20.0891,3.3833,-46.6922,178.2940,151.2423,115.6037,-53.9280,113.5741,210.4975,-56.6455,70.2808,166.9490,221.3179,107.1919,204.4366,-6.5552,-58.6462,102.1456
-160.0374,105.2198,16.9402,-81.0600,166.9882,23.9434,145.8490,-27.5620,137.9378,247.5237,-9.0753,31.5310,167.1511,149.2264,114.4471,146.2113,20.0650,-190.7486,154.9972
-135.8484,34.4561,102.5539,-111.6789,190.2457,-121.4503,200.9274,-50.0818,136.4126,150.9944,79.9754,21.8664,188.6800,63.5505,178.3251,68.0782,110.6764,-278.7060,189.1630
-15.6294,-62.7240,186.3814,-90.4663,194.3232,-207.1476,203.3687,-78.6021,199.5219,117.7212,104.8686,-4.1103,157.7233,-8.8574,195.6936,26.0712,176.6747,-252.4905,197.8226
75.5711,42.0070,150.2276,-44.1106,139.7148,-228.3576,139.1207,-58.3949,280.4411,200.5304,37.2385,-54.6229,82.2166,-61.6664,148.1959,-2.6529,130.6322,-168.0653,186.4263
31.7593,221.3912,-10.3859,-62.6958,28.8829,-227.9320,44.1908,-2.9271,261.5312,238.6869,-45.1392,-85.1994,11.2164,-119.8766,95.4191,-21.4185,-13.3998,-123.9178,134.7728
-50.9320,245.3566,-153.6994,-134.9059,-114.2586,-249.6212,-41.6893,-2.8269,223.0132,198.5449,-80.9000,-88.0536,-71.2720,-166.8690,36.2711,-2.7712,-116.2873,-116.4800,55.2188
-70.1541,152.7267,-174.5742,-150.4643,-238.5949,-279.2278,-103.9115,-97.1116,259.8840,153.7396,-81.0436,-79.6836,-179.0559,-167.1906,-13.0396,3.4012,-102.0712,-77.4385,-22.3771
-65.9627,65.3907,-124.7641,-101.7819,-293.5225,-251.0190,-141.2993,-197.2384,296.4971,100.1831,-73.6303,-65.6309,-232.3434,-153.3191,21.4269,-55.6660,-64.3384,-1.9934,-87.6457
-69.1813,21.4930,-88.8097,-61.6301,-254.6208,-133.2381,-118.9124,-191.4003,294.7293,61.8728,-61.6591,-41.6872,-157.9712,-157.0533,107.1873,-102.9731,-66.0234,76.8429,-99.1804
-55.1955,60.7916,-58.3201,-5.2331,-124.3705,50.7058,-16.8486,-76.6327,288.3222,91.9287,-31.7440,6.0133,-9.0055,-115.4656,140.9192,-70.8104,-23.1373,164.9925,-27.3746
-26.1385,171.1079,5.7335,116.0073,41.5860,256.1741,97.0201,54.7341,237.0168,124.7755,25.0393,68.2834,119.7225,20.0047,143.3532,-25.1533,102.5631,248.4794,58.7239
17.8720,264.6635,92.0010,236.6126,171.6537,410.9871,167.8260,140.0469,150.8167,102.1758,96.1653,118.2573,216.4687,167.1525,186.1083,-2.5611,212.1470,266.6794,100.1446
71.6898,320.3030,169.9551,284.6483,267.5405,457.6900,232.6432,204.8760,128.5243,83.6594,149.2639,165.4907,302.5015,226.8833,240.3182,52.1607,249.9663,228.2568,136.7641
100.9930,358.8059,229.5106,291.4936,346.1478,424.7090,298.8436,274.0803,153.1957,92.5796,162.2551,204.4464,346.2164,218.9079,256.0677,126.7244,275.7820,209.1808,179.8198
133.4841,352.8882,260.5557,305.3323,352.6084,358.3140,307.9662,299.6040,148.4576,104.4142,148.9234,178.9519,316.1475,201.8929,239.2466,154.1164,315.1211,191.4977,174.5306
204.2044,313.1846,234.2649,303.2357,264.0420,243.5974,252.8939,244.7893,120.3330,127.3849,136.6282,107.8401,247.8760,168.7285,207.3720,137.9500,305.1268,81.1951,119.8598
227.2473,304.4630,135.3592,231.0779,140.9086,75.7270,164.5326,160.9151,53.5091,114.5249,116.9725,82.3544,186.4096,109.6368,181.4901,104.9940,208.6383,-107.9605,52.6466
162.8087,340.3634,5.3004,98.6604,-8.8858,-109.9152,43.2218,104.6040,-39.9231,31.5425,58.2699,96.3761,115.3934,56.8261,166.0037,60.7376,69.3615,-262.9236,-30.3363
127.1801,382.1465,-77.5309,-0.0489,-214.2648,-295.3619,-96.2119,54.4768,-35.9373,-12.8985,-10.2186,88.5924,6.8810,10.9572,116.4016,30.2198,-30.0912,-320.4539,-125.7200
159.2014,378.2125,-68.1056,0.4478,-391.0504,-438.4972,-233.6320,-33.0090,15.8798,-3.8518,-4.6546,74.9979,-100.9428,-51.7623,19.4111,7.6735,-18.0600,-271.4741,-206.3450
178.5466,301.9203,7.1017,60.3263,-426.8777,-458.1591,-377.1909,-137.4187,-100.5268,-94.7132,68.4931,63.5546,-149.7789,-102.1768,-61.7085,-44.8331,81.7300,-121.1883,-264.1228
189.6336,226.8007,71.9733,114.2986,-339.4966,-355.7198,-460.4817,-173.8386,-281.3768,-220.3293,95.4320,24.0069,-140.9282,-95.7904,-77.8207,-83.5452,127.0980,62.9199,-270.7495
222.2818,247.1954,66.3512,131.6239,-196.2712,-203.4518,-361.7902,-77.4089,-234.5293,-149.3239,48.4841,2.7579,-85.6411,-32.4219,-34.8290,-42.4855,45.4383,193.1454,-177.2579
218.7927,320.5898,10.7849,100.5203,-18.5554,-13.5432,-125.2295,107.0578,-67.4410,31.9196,25.2588,38.1912,40.9541,69.5077,33.3096,32.3163,-34.6784,273.0038,-11.1258
160.3431,349.4554,-27.3068,61.6938,163.2291,209.1907,61.3957,267.5417,-69.2991,83.1896,46.8967,61.2105,201.4676,176.9416,79.8170,76.5147,6.4972,343.7185,143.2779
95.7608,327.6252,-30.4821,81.9963,306.0785,380.5586,138.9608,362.3561,-156.0762,73.0149,40.2207,66.6786,285.7234,252.3139,106.1999,102.5168,95.1474,381.9074,248.5774
67.0695,307.4182,-8.0819,139.9737,397.7754,438.4443,197.1374,418.2305,-100.2696,140.9223,35.7173,143.0305,280.1545,307.1349,161.3612,114.0284,142.4724,359.3734,294.9822
140.7744,344.3770,77.0265,177.3779,420.8361,399.5511,257.8366,413.6608,38.1282,160.0404,125.2452,249.5053,275.3015,348.2905,219.9899,89.6050,191.9042,305.3392,253.3695
316.7343,437.2890,218.0146,222.5382,355.8413,293.5336,245.8442,310.0701,67.4910,24.8510,245.0746,269.7415,286.8039,322.3901,212.3036,39.0038,274.6061,248.1089,132.7437
439.5269,484.8207,294.5023,306.6175,245.6164,169.8684,149.3929,165.1965,-24.7552,-118.4659,257.7030,241.1935,264.7603,234.2891,164.1541,-20.8753,346.2734,193.6028,12.1182
430.8202,467.0103,250.0501,386.1291,155.3852,87.9031,55.2734,73.4368,-69.8113,-125.3630,189.9896,250.9119,218.1768,165.1944,121.2256,-63.3613,401.2914,158.6418,-40.5351
400.1564,525.4704,207.0622,441.5995,87.1794,26.5536,1.6772,39.8066,30.1417,-41.6783,174.5258,256.6199,160.3247,113.2032,55.0221,-53.2280,455.0034,141.9707,-49.3697
410.7008,646.0472,268.6832,469.9720,0.7825,-73.4317,-84.7882,6.9558,104.9080,4.6231,235.2719,203.8144,60.1737,30.1422,-20.4073,-26.4091,457.2340,102.3148,-92.0600
434.7381,611.7875,354.6519,404.5918,-114.7857,-194.5309,-231.9068,-51.4204,-15.3606,-28.1637,287.7413,125.6990,-54.2435,-42.6209,-42.7454,-31.9154,358.9588,26.1944,-174.7878
469.3428,433.4932,340.6353,235.2771,-212.0523,-270.5498,-333.9342,-107.7885,-152.5377,-47.7281,279.8635,49.9629,-97.3479,-63.7329,-32.5788,-23.6758,190.6149,-24.4188,-219.5432
459.2430,341.0717,234.4783,77.1567,-220.9529,-262.3911,-321.8642,-122.2944,-109.1494,-1.0022,236.4041,-22.2273,-43.8317,-60.5540,-26.4065,9.8603,20.4334,12.2343,-208.9927
336.8178,347.0078,125.1547,-4.4510,-133.3485,-179.2649,-254.0952,-97.6176,-44.6807,7.3481,193.4414,-61.9526,62.9441,-39.0362,13.3056,-7.2956,-100.3707,99.8358,-204.2615
193.5706,316.2047,42.3828,-43.9072,-7.6277,-69.2717,-160.9418,-61.0608,-73.8197,-50.9337,145.1953,-51.1671,167.9231,3.9229,96.9600,-40.1619,-153.6891,161.9074,-187.7181
131.9154,269.3377,-31.3952,-47.1004,129.6486,50.5705,-9.3113,-3.7901,-5.7130,-33.1973,84.1329,-22.5560,237.1342,49.5473,182.9816,-0.6507,-150.2897,210.5725,-91.3736
98.9747,239.8205,-59.9547,-18.6868,279.5445,198.3401,154.0444,73.2656,181.6822,42.2289,49.0095,-13.4303,282.6521,104.6837,250.4669,29.9836,-112.8283,283.6985,27.1450
66.4384,180.7812,2.0917,-10.1891,385.1015,311.2275,243.0352,112.7118,258.4864,-15.4292,68.0274,-20.6849,323.5530,139.3363,276.7907,-21.1050,-65.0027,320.8190,70.0857
85.3200,159.4019,98.5540,2.3267,392.9743,313.4160,272.3018,110.9791,224.1927,-160.1853,112.6098,-12.4981,343.8405,104.1019,252.5632,-40.5835,-8.0810,281.8064,74.8571
119.4156,240.5008,147.6408,99.4000,339.0858,287.7445,282.2070,144.6643,236.6998,-185.7605,158.2030,23.4988,340.6108,91.1423,226.6143,15.9375,80.8816,248.1627,95.3285
117.4007,289.1462,159.8126,224.6029,261.9220,317.2982,243.1528,207.8622,265.3786,-122.3200,200.1915,58.1659,315.2882,175.6912,222.3152,44.5098,178.6409,236.8448,93.5888
129.4004,226.4014,157.0219,235.1460,148.0816,308.4322,152.9832,211.6203,277.7805,-116.2817,203.8279,63.0564,224.4316,211.0445,216.7911,30.7197,215.9828,149.7277,75.5827
168.0117,176.0134,109.1787,141.2061,16.3981,223.4135,72.5458,151.7416,329.0699,-182.7952,148.7054,42.5720,84.0733,135.3793,211.5623,2.7102,194.8835,11.3257,72.7714
177.7622,184.5342,42.6574,97.1337,-75.7409,185.7650,13.7386,89.0369,307.4536,-291.9895,91.2023,19.4451,11.1091,117.3384,177.8765,-75.1529,185.9846,-39.7633,14.0329
177.8193,180.3432,40.2651,163.6603,-107.3580,201.9044,-54.1654,45.9884,136.7977,-333.9616,94.8168,24.6075,25.7532,162.3546,76.1442,-115.9914,200.5060,6.5380,-106.2015
201.6121,179.6434,100.9928,217.3223,-92.9745,161.0155,-106.8222,31.7320,10.2120,-171.5187,153.8152,62.9313,18.7264,115.1612,-3.9530,-8.4171,182.4537,63.8155,-147.9821
182.1937,191.3603,159.1722,137.3267,-49.4144,97.8471,-104.7155,19.4112,-49.9034,-51.1944,224.6312,77.1124,-15.6894,28.8984,22.7041,60.4479,99.7371,99.6047,-116.3423
79.9340,135.5000,181.6082,-2.8512,9.2084,102.2813,-70.3157,-49.3316,-243.6337,-294.8484,258.0368,29.7423,21.3451,8.8801,53.2398,-95.2614,-11.1198,104.1095,-135.6346
-8.6110,69.0167,129.7264,-51.3392,68.9481,145.1463,-35.2802,-70.4316,-345.0365,-465.1078,204.6020,-19.4929,104.6796,11.2037,5.5929,-219.2858,-66.1306,102.9872,-99.1567
0.9716,125.5049,-22.0200,-24.0113,108.6432,200.0730,14.6489,135.6877,35.4706,-5.5981,83.8863,-25.4521,121.9619,75.6669,-18.3081,-47.5130,-44.0621,168.9820,125.1807
32.8502,174.6500,-171.9919,-37.3139,123.3716,254.9277,83.4291,402.8779,515.2946,501.7320,14.5956,-40.3751,87.6703,229.3628,49.3885,160.8232,-32.4268,244.7787,300.4906
-5.4298,25.0177,-183.5188,-58.3518,138.5301,212.4349,125.8211,374.1540,397.1287,246.9936,58.1227,-81.9607,96.8056,257.3654,108.8363,93.0516,-45.1278,186.3279,198.6832
-2.5295,-118.9831,-79.3658,20.5880,140.5806,71.1407,117.6035,130.8720,-133.6734,-261.6169,104.5629,-78.7738,133.0525,100.1804,40.3608,-43.9699,28.0798,59.5527,43.4104
173.7252,28.4795,2.0360,117.4779,75.1652,-12.8509,99.2653,40.6152,-368.9240,-180.6102,56.7358,-29.9395,95.9972,18.8365,-133.6909,38.0885,148.4790,22.7927,79.7793
353.3441,273.0369,-15.7348,72.6043,-35.1880,-18.4333,95.6130,97.7638,-228.4329,186.5339,-4.8534,-18.5776,-29.0197,64.1479,-251.1872,165.5166,129.9444,10.9064,145.0617
344.9895,309.3873,-51.1648,0.7483,-102.5127,-37.8048,77.2923,96.6965,-78.1079,292.8973,13.9191,-6.5834,-141.9485,55.4217,-238.6925,125.2166,28.4703,-45.7319,58.1905
328.3375,286.7693,66.5513,165.5798,-104.0847,-0.8535,45.0644,116.4865,50.8419,330.6669,77.3348,126.0406,-155.5559,32.7345,-228.3101,112.1636,94.6529,1.5049,-40.6066
438.8424,359.8347,282.7841,440.4503,-102.6296,109.6131,14.5555,182.7726,233.4389,372.2923,102.4713,272.0879,-116.8574,72.2568,-263.2701,226.8895,261.6221,133.7275,-52.3587
446.7740,229.1030,217.9813,365.6287,-190.3565,36.0624,-85.1153,7.9990,223.2635,110.3820,-14.1573,170.3091,-176.9659,22.9402,-221.8695,151.5769,179.5382,49.2969,-165.0879
327.3000,-209.3330,-221.3861,-72.8948,-379.5011,-276.2627,-296.9417,-396.1298,-94.0985,-214.0801,-306.8598,-113.1617,-371.1007,-142.4968,-188.1469,-164.4453,-154.5036,-252.7975,-434.2442
322.8685,-441.2950,-478.4349,-315.1563,-476.9826,-432.7362,-472.6096,-556.4819,-350.4221,-125.3540,-509.2183,-202.1040,-485.7378,-226.1726,-308.7234,-278.7509,-305.1885,-363.8059,-529.8998
241.4468,-165.3474,-174.5532,-139.0719,-290.5820,-239.7995,-438.8687,-337.6046,-241.1212,135.7255,-328.4795,-13.7362,-334.9147,-167.3699,-325.5625,-119.1331,-84.2145,-153.6625,-247.1435
-180.5577,148.4458,224.0937,18.1617,12.7247,-35.3027,-231.6226,-139.2573,38.9805,158.4231,-23.4322,144.7071,-85.1577,-83.7147,-14.3742,-101.3239,147.5669,29.6626,102.5545
-464.2803,24.7046,188.4261,-78.9580,130.5538,-47.0674,-22.9646,-136.6810,149.9255,113.4535,-61.7724,140.9569,-9.3901,-61.6069,253.6246,-179.4396,94.4849,-7.9273,189.1562
-193.2505,-313.9464,-76.6061,-116.8541,102.8193,-55.7704,69.3589,-88.6790,38.9513,214.7243,-303.2312,142.5090,-50.5007,-80.8570,151.8422,66.4807,-25.6933,-44.8740,156.1603
79.6621,-397.5380,-138.0085,32.9597,133.3608,72.3977,78.1565,70.3697,-84.7604,315.5320,-300.0943,199.6347,2.0508,-24.8806,-0.9586,422.1506,41.9827,61.1550,236.9475
-153.6544,-202.1345,11.7527,91.6849,206.3811,153.8162,150.5472,139.9142,-41.5371,306.9741,-103.0443,212.8562,108.4532,125.5442,113.5264,342.8102,152.5673,130.8839,337.2959
-474.5146,-52.1373,144.3215,-5.8035,258.8667,124.2648,318.6034,100.8231,64.6211,220.4774,-9.9342,196.6017,140.7095,171.8214,268.9872,7.3665,131.7827,54.9110,329.5179
-441.3885,-75.5320,143.7645,-37.1266,338.6741,126.4550,390.1326,99.9100,-14.7841,82.9781,6.9681,189.2828,161.3681,51.9459,190.1631,-57.3623,77.3109,-18.7779,293.6595
-284.5360,-114.5378,52.2500,2.4501,377.5395,141.8129,263.8079,115.2486,-221.0825,3.1803,45.6524,122.9366,213.5798,-12.2007,10.8339,59.8146,44.5113,-20.2078,278.9442
-320.7390,-116.9661,13.2045,-63.2990,255.1729,37.1155,130.3834,56.1936,-229.4023,32.6200,18.5885,10.4567,194.9574,32.6053,6.8432,-6.8507,-60.4577,-81.4128,242.4757
-492.6893,-213.4960,81.0298,-204.5916,94.4607,-119.9075,140.9997,6.2817,-27.8975,-4.0010,-58.5742,-19.3754,129.3931,-1.8974,181.6887,-167.7903,-191.9022,-230.8146,221.4037
-573.5947,-397.7147,91.0502,-274.5883,69.6839,-192.1945,174.3624,50.6829,48.9597,-190.1783,-63.7070,18.1480,146.1750,-128.3199,295.1710,-164.3161,-228.1838,-320.9962,251.9172
-489.0359,-519.5146,-62.6182,-287.7111,94.0539,-215.6605,107.5510,97.3260,-81.1931,-347.6179,-26.4446,-58.7731,178.1020,-231.6389,255.5223,-58.9516,-226.3233,-292.0842,272.0254
-429.4326,-526.1144,-203.4653,-329.3293,42.7820,-239.0609,38.2177,90.6334,-142.4897,-339.4108,1.5615,-291.9296,107.7593,-314.6073,235.0030,-22.0825,-284.6800,-223.4519,266.1001
-521.8082,-454.4728,-203.8112,-384.7470,-1.5265,-217.1646,107.9999,115.7614,21.2544,-188.4312,37.0127,-477.4032,40.0485,-361.7629,317.4311,-34.2460,-388.5067,-186.4318,275.7034
-569.1594,-406.5146,-247.9807,-428.6100,17.0271,-197.5370,255.2788,161.5242,272.7549,12.4422,-24.3739,-472.1879,56.8326,-334.4496,389.9268,-14.9582,-526.1972,-223.0490,266.3020
-493.7831,-513.1524,-434.8669,-486.9216,-7.6168,-269.1943,279.0969,118.4119,404.4238,119.8128,-212.9599,-404.9254,32.0331,-308.5514,409.8878,16.0274,-665.6824,-318.4586,207.5826
-547.4234,-634.4406,-468.9796,-505.1815,-77.1380,-331.7864,165.5183,31.2761,314.7771,109.3901,-240.5760,-410.6013,-61.1173,-292.7536,383.6777,12.8913,-684.1138,-352.8353,169.3686
-728.9440,-484.8782,-173.0064,-388.0407,-66.6509,-257.6111,123.6801,-5.8419,75.2748,135.4236,5.7646,-415.5605,-96.0616,-207.2366,244.0314,-4.5381,-564.7419,-277.5229,185.4706
-721.1666,-206.9958,81.9390,-224.5599,-37.5284,-139.4304,175.5211,-71.0305,-122.4334,223.9752,147.7428,-386.9626,-112.1673,-128.4095,53.4753,-4.0419,-433.5356,-220.1201,183.4172
-494.3265,-112.1076,-24.6414,-183.7601,-149.4125,-88.9765,99.3943,-193.6649,-154.8139,250.3790,-3.5780,-419.7279,-213.5111,-123.2803,-8.5784,-6.4159,-299.9368,-231.6876,92.4422
-258.6302,-67.4263,-203.3020,-211.3592,-304.2677,-48.2570,-99.3076,-223.6764,-58.4273,222.8475,-103.8400,-446.5132,-282.3786,-64.9949,58.1951,-29.4534,-98.7387,-194.5948,-113.1532
-82.5147,68.5995,-135.7321,-151.3590,-317.9984,8.6542,-183.3481,-170.0833,53.3679,178.3028,19.3867,-330.1112,-217.1742,59.2574,155.1096,-45.7523,71.2528,-89.0782,-392.5568
6.9524,113.2517,-5.8071,-10.1146,-254.0034,22.1743,-136.3380,-210.6507,100.7096,68.9699,110.9318,-167.3497,-142.8082,112.6899,239.6088,-59.0421,109.2190,-1.5145,-575.5529
31.9367,195.6950,15.7114,182.3162,-196.3361,59.8566,-86.9496,-279.8272,110.8692,4.8374,102.2246,-39.4490,-100.2946,133.6594,181.7418,-104.6826,127.6342,111.5893,-503.8876
162.8300,598.7894,84.0634,451.2167,-58.9286,219.3383,-7.4506,-187.4811,161.4315,114.6374,171.4585,172.5692,27.6908,214.9928,-79.9893,-139.5054,225.6611,302.6912,-266.7914
367.1116,969.8390,209.3101,649.8390,113.2543,375.3502,99.1056,-38.3603,221.9907,207.1507,261.1461,390.6308,178.8491,296.0543,-284.6038,-89.1107,310.2682,424.9479,-90.1967
401.8564,920.0026,216.4466,587.6915,143.4762,357.2481,106.8354,-24.9981,200.2610,94.4601,223.2373,363.9994,185.1930,344.3544,-246.8481,5.5321,304.9941,355.3234,-40.5052
322.9582,762.9180,155.4240,387.2807,86.4853,235.3550,43.0480,-78.1634,124.9924,-93.3861,155.7500,190.5834,110.1651,355.9980,-162.5213,46.6591,266.8347,210.7905,-30.2992
340.9602,717.7438,150.6423,286.8417,96.3530,172.8624,27.7852,-81.2438,75.3010,-250.9191,144.3672,150.1823,97.1053,256.9510,-168.7023,15.1513,243.3004,148.6072,-10.2710
367.5300,535.1175,138.6853,270.7839,109.6723,177.1185,25.6837,-71.1931,33.3714,-418.2389,103.1540,201.1361,102.3024,130.4862,-157.2982,-65.3523,220.8280,163.1208,1.7114
293.6916,295.4598,93.2367,221.9127,51.7557,168.3743,-16.4011,-75.4853,-16.8375,-524.8544,39.8507,184.6215,58.9269,148.1352,-128.1184,-172.6096,194.3004,160.4110,-10.8783
241.4888,285.5533,81.1945,148.3084,11.5486,125.4423,-46.7426,-76.5498,-33.1840,-513.1498,30.4331,138.9446,18.9297,193.8871,-159.5285,-248.6716,170.5797,96.6993,-37.6466
244.0594,312.6518,64.8088,86.6263,11.6323,67.9184,-61.8264,-96.7727,-39.7453,-466.0121,16.5898,113.6461,3.1478,81.5675,-183.3641,-260.5585,145.4442,26.2687,-51.2121
209.2885,144.9600,9.1469,40.2417,-20.0116,7.2750,-101.8870,-132.1244,-94.7905,-355.7477,-50.7594,78.0610,-31.3230,-76.4406,-166.3644,-258.0195,107.9229,19.4112,-58.0439
157.9321,-27.7578,-26.5632,18.2244,-65.7042,-44.6718,-143.9090,-158.3018,-168.3447,-109.8233,-112.2796,31.6408,-78.2230,-136.7119,-183.9350,-265.6140,52.8365,41.2858,-94.8449
123.1051,-66.3125,-54.4689,-3.1264,-89.7886,-79.9793,-176.0732,-214.0623,-217.9763,106.2968,-156.6305,-39.7981,-114.2916,-144.8404,-220.7787,-245.9824,0.4880,16.5759,-139.7373
73.8104,-71.4501,-112.5945,-56.6812,-123.6937,-117.4580,-219.5560,-313.6720,-264.2936,135.3881,-205.9346,-130.2306,-152.4779,-138.0893,-226.8567,-203.6828,-28.8846,-34.6320,-143.7596
46.7934,-88.4359,-142.7422,-108.3339,-157.0818,-166.7135,-249.1896,-395.4020,-306.5077,118.2732,-228.7271,-124.8496,-181.8619,-117.4636,-227.0015,-145.5138,-54.2069,-55.2270,-132.3168
69.6956,-113.1576,-133.4898,-115.6478,-156.0371,-179.1179,-245.0620,-445.8286,-317.2440,198.1857,-233.4550,6.5440,-176.7276,-94.4098,-214.4353,-16.6522,-84.7726,-46.4279,-136.9026
83.3055,-143.6813,-141.0158,-91.3368,-148.2487,-119.5045,-236.1245,-499.1960,-318.0031,245.8235,-253.7874,109.4338,-156.5045,-14.3068,-173.0281,144.0511,-86.5041,-27.9667,-128.9280
88.4154,-131.1013,-132.0870,-53.1044,-137.6403,-54.4581,-224.7681,-514.7885,-322.2180,92.8784,-241.0406,99.9356,-132.0316,96.2923,-140.2019,195.2889,-49.9161,-13.7618,-102.3137
135.3061,-109.4066,-62.7355,-14.9095,-78.3906,-62.5802,-180.0337,-411.5822,-277.1676,-177.2546,-161.4647,53.2344,-71.8457,71.3107,-93.1754,159.5896,-1.9683,-22.7086,-67.7053
200.5612,-156.9439,20.5931,-21.0129,18.0564,-117.8904,-90.0166,-170.6305,-157.4534,-321.2747,-63.9941,27.9687,18.0775,-64.3525,3.5970,182.4870,57.4160,-47.9412,0.6755
251.2346,-224.2962,92.8523,-96.3085,100.6020,-153.4280,25.5464,163.8702,-12.2294,-267.2109,29.0737,29.5560,93.9680,-102.8019,75.0131,229.3938,135.4628,-78.3110,83.9367
283.8239,-289.2364,157.5840,-200.6340,155.9063,-161.5359,111.2666,491.0435,109.3040,-181.5354,112.2173,44.2930,150.1927,-62.5922,87.4218,193.9540,200.4751,-137.6297,125.6172
276.7612,-408.0077,178.7086,-283.0934,184.5026,-178.4277,129.6821,677.0228,179.3530,-142.7791,143.5623,24.9138,188.0647,-117.8974,103.2513,160.7468,220.4652,-223.5099,141.7605
246.8849,-484.3305,162.5955,-330.0007,189.1476,-217.4933,120.6695,684.7517,187.6712,-28.2543,137.2316,-28.0547,182.5949,-226.2184,105.6431,223.0122,201.6556,-267.8398,154.0944
240.5750,-414.7023,161.6613,-328.2309,190.3358,-227.6116,124.9451,626.8466,183.9819,184.1198,150.5277,-44.4106,156.1664,-224.5351,68.1863,305.2975,178.3974,-209.9080,134.8030
238.8668,-320.8215,174.2754,-239.8677,197.2220,-146.5437,133.7213,609.0967,221.6947,360.8829,172.1655,-7.2795,164.0709,-120.4257,71.4745,365.0295,185.0031,-65.7100,118.2285
222.6154,-291.0762,186.9049,-75.0611,207.9909,-13.1173,153.6574,613.0146,263.9990,456.0481,180.1017,55.4546,189.8819,-45.5305,121.6001,429.4585,211.6647,74.9989,147.7177
224.1657,-264.4042,205.9817,62.2159,219.6487,72.9004,178.1440,587.6850,262.5740,468.1476,190.9386,137.5660,188.3042,-44.5838,128.8246,428.0293,218.7429,130.9564,157.9111
230.0727,-258.9742,201.5750,101.0922,209.3675,101.4489,162.8022,543.3596,237.4270,344.3722,187.1305,189.7830,175.9101,-33.2505,111.8337,323.6040,206.9047,129.2689,123.1787
202.2815,-290.2266,164.3251,103.8841,177.8656,130.6984,132.4267,498.6702,200.9115,169.3300,156.6449,166.7256,167.9475,43.3702,120.4965,229.0837,191.9481,143.8746,113.5597
154.9199,-263.9735,127.0431,120.0381,152.0770,160.3750,123.1402,423.9244,145.5261,108.6386,127.7902,135.7776,133.2570,110.9632,98.9401,163.8020,150.6667,146.6055,101.4739
95.0751,-202.0100,74.6152,89.3219,96.8894,149.1150,64.2241,289.6011,92.1370,103.7048,76.2487,137.0220,70.8730,106.2181,30.2024,22.5453,85.5287,79.3139,22.1424
31.1636,-184.4291,11.1434,25.0929,-2.6217,104.9193,-38.6181,133.4422,35.1444,20.7800,-6.0103,109.9614,18.1783,77.1794,-17.2300,-132.8412,46.4529,25.7929,-40.6634
26.6503,-115.5537,7.5091,65.9388,-33.8752,91.8248,-46.9381,34.3680,-31.2334,-48.1378,-21.6752,94.3746,-4.3386,81.9023,-23.7723,-143.2864,41.7879,102.8916,-22.3372
85.3429,58.2068,34.9342,227.1345,30.0618,158.0079,11.4204,9.5149,-33.2742,-1.1357,24.6416,194.9426,9.0204,147.6813,-5.5420,-65.0347,46.1527,248.1214,-4.2564
116.0090,186.4984,6.3546,364.3723,38.1892,261.4998,-10.6964,-10.8664,33.9043,51.7381,-10.3103,335.1191,34.0703,256.9419,27.7974,-66.4881,51.8208,321.2701,-13.8436
99.1860,194.5433,-28.5756,424.3121,-29.1792,322.6824,-63.4918,-62.1946,48.4249,32.5136,-85.3123,378.8217,20.1743,282.5009,42.8274,-144.4290,33.1295,328.4436,-19.3661
104.8586,172.5012,-36.9097,470.8942,-55.3466,349.2883,-79.3191,-77.7052,18.1738,30.6940,-12.2746,370.8655,-17.9795,183.3388,45.1624,-183.1353,-12.3591,355.1286,-80.1474
146.3913,184.8634,-112.4460,514.7053,-107.5949,380.9426,-167.1238,-5.4921,56.3412,97.8619,167.9594,392.9490,-36.2276,166.7430,73.4330,-144.7539,-26.6993,383.7598,-174.4558
164.0536,223.3221,-193.5920,520.7123,-257.6054,372.7393,-265.2346,106.9473,78.3089,181.8564,268.7867,390.2824,-86.8049,303.7102,83.1075,-63.6244,-50.9847,357.8677,-119.5067
121.2331,254.1696,-93.3842,482.6430,-291.9640,304.5952,-135.6999,201.7371,-39.0430,243.7597,286.3360,308.4904,-188.9401,336.1092,29.9769,30.8362,-201.6811,312.0605,88.0670
58.6414,294.0002,111.7246,408.9124,-92.0431,262.8924,122.8555,273.9305,-157.9714,276.7189,315.5109,220.3651,-192.2061,191.3054,-31.4260,101.6672,-366.3063,289.5564,218.5221
30.2226,418.4308,193.8241,342.9430,97.4002,274.0390,194.6198,319.2712,-152.5054,281.4863,355.6275,227.3526,-24.2497,133.1273,-86.3943,90.0153,-305.8451,262.3711,202.4585
-11.1472,541.9504,156.2181,339.8752,117.4561,268.6215,111.5585,324.4078,-141.6855,270.3446,372.0833,310.1240,150.3903,237.9369,-150.1665,7.1380,-88.6580,226.8659,180.6559
-126.1302,458.9278,118.6920,350.2374,104.7046,249.0614,100.3923,294.4585,-171.9055,229.4225,345.4252,337.6935,202.2808,313.6580,-128.7648,-25.9066,27.5723,215.9751,193.8301
-209.5596,262.9930,81.0296,274.8799,120.7738,243.2809,122.5177,214.1841,-127.1434,123.1013,257.7852,255.5721,174.4100,277.1163,-5.1907,42.5883,36.4330,183.6235,161.0501
-136.9613,230.9239,43.8100,155.6346,75.7030,184.6742,34.1985,63.9898,-47.3466,-11.6411,161.1756,171.7534,108.1040,178.4226,41.9026,105.4039,90.3844,74.7682,72.2323
1.7907,310.6420,82.4659,126.5219,-15.6150,63.6123,-110.0251,-85.3054,-68.6651,-70.6446,132.9666,158.5830,18.5053,77.9350,-42.2313,113.3187,186.9962,-25.9130,-0.8878
54.7956,286.4455,193.1043,183.0121,-75.8199,-3.8188,-193.7163,-140.7242,-142.5274,-36.7149,123.3492,126.7588,-45.9529,47.4178,-107.2444,127.8403,235.1548,-32.3892,-5.1255
16.9046,189.2002,261.7360,176.4860,-122.4208,3.6578,-210.6480,-148.4382,-170.9866,-15.7378,28.9959,20.7167,-86.4066,64.1823,-115.7955,93.5801,196.5155,-31.4347,32.7209
-52.9874,129.9358,211.4919,46.5729,-183.6601,-24.6464,-200.0963,-207.4521,-181.8207,-61.5720,-104.0303,-58.3749,-131.4167,35.8664,-137.5598,-64.1861,71.2181,-113.8398,25.6995
-102.8816,122.9653,93.3770,-92.3141,-224.3780,-117.1318,-188.1446,-280.2368,-181.0710,-109.0215,-137.5809,-50.9617,-149.2425,-7.8726,-134.5509,-183.8935,-66.7690,-205.3815,-44.0654
-75.6057,162.0789,10.4166,-142.4447,-216.4966,-188.4326,-190.5484,-273.2049,-122.9689,-131.9881,-76.4907,-65.2874,-142.0735,-20.6851,-79.8195,-132.2328,-106.9318,-216.4085,-83.8868
3.0803,146.3252,-21.0417,-150.3152,-166.8538,-176.9640,-184.2081,-202.0859,-42.6414,-168.9870,-73.5216,-169.5554,-160.5000,-58.1317,-51.1375,-76.8923,-69.7496,-163.6919,-50.9532
33.2393,-8.3901,-54.0944,-163.2261,-86.7164,-97.2586,-113.3566,-123.0730,25.7909,-170.0440,-177.3300,-228.1891,-161.6078,-93.6719,-42.0167,-139.9145,-60.4753,-85.8304,-8.9955
-14.7079,-112.6717,-89.6805,-140.7805,13.5865,-21.4862,29.6855,-29.5100,133.3046,-65.9544,-245.8519,-127.3852,-82.8621,-68.7060,35.9050,-179.2874,-82.9748,-14.2732,17.5788
-89.0782,-13.0501,-102.5686,-95.0814,111.6100,-9.2142,168.5251,74.3103,265.2316,50.5928,-190.2274,-13.6675,17.4472,-73.1453,150.5491,-118.0245,-87.5224,10.9692,57.4025
-109.9585,104.0878,-106.5109,-103.2750,169.3058,-30.6128,234.6858,125.5249,318.9707,64.3812,-117.0678,-58.9702,79.2730,-112.3867,193.6077,-50.7451,-87.1344,11.4798,72.4378
-6.5087,120.1706,-93.7160,-136.7102,170.4340,-30.3475,245.6140,101.2093,298.4050,31.0679,-121.1555,-151.9655,122.5304,-36.4256,161.8241,-9.9559,-88.3907,47.3252,17.5700
148.6012,171.6797,-49.2185,-103.1482,150.4476,-11.4417,228.9628,66.3558,309.4641,29.2194,-142.3842,-115.3798,150.4415,96.2978,141.0999,31.7551,-49.9760,95.8114,-39.7422
171.9720,266.5307,-23.2675,-27.5609,138.6625,14.5279,162.6202,72.8719,357.7476,14.4581,-110.6420,-10.2604,162.9260,93.0094,170.0516,57.5064,32.8464,86.7872,-24.6733
63.3033,289.3599,-36.7518,5.4953,114.4881,37.8639,58.2130,77.2701,343.1592,-58.0402,-42.3195,47.8351,182.5506,6.4524,193.7301,53.0803,114.5716,19.6100,6.6456
10.6309,260.9597,-34.7683,-5.8498,66.0711,13.7965,-26.3472,16.4823,239.0455,-153.6331,15.9213,79.1596,161.7660,-22.3837,147.8622,8.1325,156.0327,-53.8949,-32.6313
77.8016,208.8259,-14.9685,-16.6375,18.9241,-46.3119,-79.6483,-73.8264,128.3870,-217.2579,18.4250,78.5117,54.5127,-8.7294,54.3999,-62.2805,147.5692,-91.3415,-105.7167
162.7565,119.9577,-8.2454,-0.8173,-9.0185,-51.1581,-104.2596,-95.7725,76.4473,-204.7747,-24.6278,11.5160,-45.8103,26.4322,-8.4612,-58.9710,120.8079,-74.3654,-112.2193
169.5932,78.2747,13.2903,37.5297,-16.1443,4.2325,-70.0186,-36.8254,67.4534,-130.3351,-19.0141,-23.4963,-51.5421,68.3149,-3.1256,31.0707,118.1078,-31.4067,-49.7828
64.8772,86.6837,35.8587,50.1178,-1.6653,23.5036,-13.1392,2.5349,52.6684,-83.7366,53.8617,39.7023,-24.7559,22.0253,38.4211,55.9240,121.4413,-16.4847,-14.2957
-59.8637,12.1079,1.0471,8.3332,32.4884,-14.4568,-14.6774,-41.5626,9.6361,-96.9019,73.5618,75.8721,-30.5481,-91.9923,49.3355,-9.3526,78.2707,-27.5003,-49.6380
-41.4382,-96.1723,-46.3718,-39.0492,85.0004,-42.1851,-41.0535,-84.9629,-22.3501,-88.3898,-0.8241,11.0987,-38.9210,-125.1415,1.5902,-27.5287,-9.7522,-13.8005,-84.2434
66.0447,-74.0961,-55.0707,-66.6467,137.9098,-25.7390,-2.6703,-15.0077,23.0609,-15.2991,-67.2165,-58.7539,-23.0603,-77.0170,-38.8621,-12.9060,-95.3432,30.6867,-40.8566
36.2096,5.0043,-83.7655,-103.7800,153.4330,17.3283,85.8279,115.4197,122.2240,64.3902,-84.1554,-86.2374,2.4998,-66.8081,-3.1497,-53.6997,-137.1024,65.3374,56.0413
-110.4302,-37.3136,-124.7603,-109.0421,134.0303,58.2412,157.2931,161.8882,157.9503,106.8391,-91.2519,-106.5635,15.9173,-122.2905,61.3090,-67.8976,-112.0604,85.5375,122.3464
-147.5434,-182.7253,-87.4669,-23.9781,117.0078,81.3619,182.0607,133.4116,95.4377,132.3239,-74.4486,-102.8447,1.0456,-189.4999,72.6167,-7.6943,-49.4855,123.1677,121.6124
-67.1404,-281.6617,-14.5328,67.7844,91.3751,90.5180,150.7650,139.9676,27.1149,162.5762,-17.8100,-68.9774,-24.5557,-190.9167,39.6162,9.4691,-21.7915,157.3207,85.0577
-41.6138,-247.8958,2.1939,60.9500,26.9889,67.9054,81.8578,144.0211,-2.7182,171.7370,23.1090,-68.1993,-35.7779,-97.6854,7.2434,-35.9414,-37.0593,116.2095,41.7503
-94.3882,-164.5858,-3.3602,-2.1578,-52.3141,-11.6423,5.4638,45.0180,-44.5739,118.1808,15.9888,-117.1400,-57.8699,-29.5255,-20.3691,-49.9263,-35.1777,4.7421,-15.5049
-124.4508,-180.1236,-11.5733,-45.5896,-115.8627,-93.8874,-77.2419,-83.3946,-102.3634,37.4517,-3.3836,-153.6301,-96.5776,-74.8064,-43.3629,-28.5015,-12.8391,-72.6909,-73.3431
-108.3240,-231.7746,-62.2686,-67.6703,-156.8555,-104.5286,-122.8678,-111.9276,-122.0374,27.9460,-3.8967,-132.9393,-91.1348,-104.5506,-42.6218,15.2085,-15.7401,-66.8889,-73.0134
-100.2660,-165.9259,-93.4285,-71.6999,-156.1432,-76.1138,-55.5397,-60.9026,-98.2130,95.8341,5.0331,-77.0296,-38.7494,-33.2147,-12.1987,99.4876,-32.6859,-43.9959,-0.1586
-117.4062,-117.2287,-44.2658,-61.6401,-127.3921,-73.3546,59.0318,-10.2519,-68.7955,142.4642,-8.0157,-40.8241,-22.3424,13.5535,22.4872,147.2898,-33.4545,-60.9700,60.0364
-107.4140,-259.6707,-10.2192,-77.6901,-135.1887,-101.5516,65.5562,-5.9246,-64.5437,120.2576,-51.3514,-34.3902,-67.0424,-22.8077,22.6164,99.5968,-44.4533,-110.6131,23.2572
-43.3053,-381.5549,-55.5642,-127.3610,-181.6453,-169.9020,-30.7434,-90.5529,-97.5294,61.5611,-84.6447,-18.6805,-112.7293,-50.7850,-9.5863,56.4741,-86.4302,-177.7418,-82.4265
15.7329,-255.0445,-100.9847,-166.4784,-193.5995,-261.8815,-98.8246,-221.9059,-130.8346,11.9583,-86.9923,-11.8287,-103.9208,-45.6128,-26.3311,88.1356,-130.0994,-232.1230,-157.4013
28.4121,-49.4322,-106.2002,-171.7313,-146.6567,-277.3554,-95.5351,-264.3352,-120.9475,18.5715,-88.6416,-66.2174,-27.1180,-37.9615,-23.7468,132.6014,-157.1053,-223.7975,-150.1730
24.6384,26.1571,-103.5241,-143.1938,-71.9181,-190.0717,-60.5051,-192.6536,-108.0300,70.0196,-79.5378,-116.8003,74.9180,-8.6173,-37.2333,158.3118,-162.6391,-152.3235,-91.4253
12.0810,31.1015,-72.5747,-80.3404,20.9094,-101.6607,-20.5828,-110.5735,-136.6080,79.0151,-19.3195,-54.0793,135.1742,36.9611,-39.8475,189.9476,-114.0026,-61.3216,-29.4436
1.9180,59.6084,2.5958,-6.2314,119.8414,-40.6521,2.6871,-63.4903,-160.6944,34.6652,41.3742,79.9030,149.5540,58.4574,-5.1511,218.2696,-4.8246,21.2235,16.2921
72.6083,91.7043,57.6253,54.3416,178.0410,42.8531,-5.1805,-35.2177,-154.1405,18.9470,20.2801,166.0780,148.8142,64.2106,0.4816,228.6989,105.1128,75.3333,44.8584
210.6966,96.8197,59.4030,110.6234,169.0179,115.8237,-30.3254,-15.4971,-152.7398,33.8457,-42.0329,182.1983,118.7752,88.4478,-43.6975,223.0034,173.6258,101.5724,71.9606
266.5837,97.1175,65.9500,162.3101,123.5839,140.6237,-46.9625,41.3584,-136.3624,28.0376,-42.3656,172.3346,62.5614,136.7147,-43.7604,203.3945,218.8315,135.7801,125.9622
224.4201,163.6243,120.6023,180.5920,89.3217,165.4174,-22.6198,152.8129,-68.4441,25.1026,21.0256,174.7865,42.7740,177.6998,33.7829,200.9284,250.6199,164.8011,202.0302
234.0690,300.4546,188.6490,165.4712,70.6561,202.9578,51.0003,243.0990,6.9150,44.9794,59.1989,210.9336,81.4385,174.8827,119.3971,227.9578,251.5163,137.2156,255.7532
311.9798,356.5331,218.3079,150.5152,29.9780,221.2892,116.2172,281.9093,56.6515,56.4058,39.8265,244.4310,132.6739,155.6276,165.6667,222.2207,222.7854,93.2876,259.3540
334.5031,257.4534,205.7591,148.6461,-35.6569,228.0327,125.9755,307.6650,96.1079,69.0229,32.3160,223.4557,155.7041,166.4120,157.2200,159.9229,186.1759,97.3150,215.5672
286.9363,166.0670,187.0929,158.2561,-64.7871,213.9936,120.5099,291.4266,100.6877,98.6291,71.5070,193.0660,136.9403,175.1727,109.5916,117.9736,176.1528,111.4749,149.6791
237.5906,197.0713,196.0447,205.2383,-4.4918,178.7853,146.3376,222.6703,55.3009,119.0916,85.2080,230.5477,106.8791,176.1298,96.9177,135.6640,236.1032,122.8176,121.2986
196.4422,271.8102,234.9796,303.5913,137.4407,205.1863,189.2532,191.6945,9.3679,141.2330,48.4750,308.9491,132.3776,241.6143,128.9027,160.9355,340.6084,181.6178,149.0024
175.5739,341.8293,254.1867,369.6905,292.2676,273.3185,215.6259,186.5569,-23.4462,168.5431,42.6529,341.7717,198.5432,315.5793,109.5380,155.4351,355.1647,204.8909,138.5413
198.1537,385.6533,177.5200,274.9227,353.2051,208.2423,195.7356,89.5840,-65.0412,134.6371,64.6065,277.0192,193.0521,252.7506,25.2032,125.7211,186.6875,73.6006,27.3046
196.0202,300.6631,8.4310,40.3251,288.4117,17.5155,134.5738,-53.5011,-82.8408,57.4847,19.2864,114.3781,90.9579,117.6532,-33.2755,88.0741,-68.8340,-96.0995,-88.8134
100.3287,108.2188,-140.6660,-147.1143,198.9404,-85.6537,92.2440,-109.6384,-57.7967,39.2496,-55.7816,-76.1038,3.6646,69.8896,-47.0157,64.5014,-242.7826,-141.3662,-126.6697
-26.6658,-36.2808,-197.4133,-193.2112,141.4198,-75.0349,65.5905,-119.3179,-45.8413,39.9431,-39.8658,-204.8653,-7.9480,55.0569,-71.3843,54.5746,-299.5016,-133.2984,-148.8876
-106.4038,-144.6508,-209.3540,-193.8047,42.9367,-93.9105,-39.1844,-169.5830,-80.1708,-33.2725,45.4336,-269.8009,-13.3236,-39.4196,-136.6241,31.1439,-308.8523,-162.6788,-198.9556
-153.2901,-304.9528,-217.6683,-210.7633,-97.3884,-133.9201,-191.8757,-212.2248,-127.2002,-96.6806,104.2634,-310.8227,-80.8581,-155.6851,-228.5129,-0.2175,-300.6299,-153.4487,-218.4732
-196.1130,-438.3034,-203.9168,-197.1024,-179.7285,-116.8617,-232.8133,-206.2515,-144.8842,-62.5094,120.1559,-326.9504,-181.7995,-225.1614,-272.5790,-14.3496,-286.1020,-88.6471,-195.5126
-253.9680,-510.6562,-198.9247,-173.0285,-213.6169,-78.5081,-165.9679,-196.3223,-118.8262,-13.4153,94.7339,-347.4406,-245.8390,-276.3779,-207.5999,-20.2730,-318.1292,-74.8703,-182.1005
-373.3824,-636.3622,-268.8886,-210.5343,-272.6763,-46.1513,-150.9430,-198.0781,-80.1537,-1.4252,23.5982,-427.6912,-257.9733,-303.2841,-111.6664,-22.7785,-393.0171,-122.8439,-177.1764
-540.9426,-776.2714,-371.3977,-276.0343,-334.5464,-12.6737,-213.0647,-204.8067,-80.1684,21.6601,-28.8553,-514.2610,-264.6393,-267.2047,-88.2745,-14.7343,-427.7784,-161.7990,-164.2888
-643.8928,-770.2057,-386.2491,-303.7389,-379.3323,-46.3423,-264.4321,-239.9897,-122.6371,33.0696,-3.5380,-507.0365,-288.8208,-210.5961,-111.0307,-33.8238,-413.7046,-194.2208,-179.0995
-621.3973,-656.7943,-307.8286,-312.2854,-426.7435,-161.8210,-296.5101,-296.6918,-178.4731,-7.2317,50.8853,-433.4392,-294.7611,-215.2437,-142.6679,-95.9649,-408.5893,-234.3048,-223.0894
-538.3802,-578.0417,-268.6870,-322.4269,-413.2437,-237.1009,-318.3539,-329.3062,-241.9521,-35.8294,54.4394,-385.0907,-256.0825,-273.9392,-201.1438,-126.2244,-394.6690,-246.4634,-232.9353
-464.4446,-532.4136,-329.1879,-314.9575,-298.8053,-223.2351,-286.2248,-313.3610,-303.8371,-15.0296,-0.7756,-363.9038,-194.6187,-279.9524,-236.7417,-87.7215,-348.5180,-227.3686,-186.4767
-403.5126,-457.8172,-373.7249,-293.8715,-179.5494,-195.8604,-211.6627,-247.5884,-333.6916,-0.6489,-57.4798,-313.1983,-133.9798,-181.8747,-194.4748,-56.3320,-323.8558,-196.6399,-120.5420
-355.2111,-355.8958,-310.8836,-269.0043,-98.7922,-177.2316,-150.2557,-148.8944,-331.2992,-12.5400,-68.4124,-223.6716,-74.0669,-85.4000,-142.2907,-90.6487,-321.5131,-142.0876,-54.9223
-339.3157,-255.1774,-230.7805,-241.6286,3.4920,-141.9764,-87.2589,-49.6428,-312.6585,-9.0292,-63.5993,-151.0161,-19.7452,-83.1974,-145.9843,-179.1094,-290.7605,-73.8116,12.5748
-341.9865,-173.8768,-223.9558,-235.7568,107.6142,-105.1603,7.5497,37.2354,-248.6153,34.6836,-93.2566,-142.4377,8.6166,-107.3248,-167.3024,-298.3683,-265.1121,-20.6948,73.7442
-310.6800,-104.2072,-228.3591,-239.3995,151.5105,-63.1324,85.6843,107.1719,-116.4739,107.6567,-119.3394,-157.6257,3.1767,-102.3159,-157.7983,-388.1819,-266.1019,39.6663,112.7062
-234.8766,-35.9022,-184.4592,-190.6322,154.9700,6.2032,98.7730,149.3856,23.6953,167.7226,-81.7807,-123.7411,-4.9746,-122.6611,-105.6996,-373.7860,-222.3365,117.4913,122.8822
-171.7177,6.1017,-118.2280,-93.1618,149.7142,73.2557,94.2660,193.1738,97.7747,184.0773,-14.6479,-54.5159,32.1299,-147.0246,-35.8910,-294.7149,-135.0962,160.5178,130.1539
-151.8620,39.4123,-34.9062,-5.0337,141.1953,113.6140,139.9972,269.3495,96.3068,188.2692,23.4450,-5.4101,110.3803,-84.6441,-8.4234,-263.5093,-79.9853,163.9709,163.2567
-136.7926,125.6069,42.4485,65.4712,126.7052,142.8360,207.6156,318.7434,40.3569,190.3428,35.9918,33.6565,165.5905,20.3734,-12.8893,-294.4597,-46.5668,179.0917,177.4247
-101.5478,201.6167,40.7362,116.8342,64.9949,147.7458,226.2492,271.5829,-19.9799,119.1773,44.8311,89.3410,171.4535,59.8574,26.4923,-321.9834,4.3768,188.8247,114.4162
-57.5677,160.6762,4.0262,131.7443,-26.1393,115.4502,201.1189,170.0666,-10.3865,-33.5531,61.0520,145.7626,175.7749,38.5986,65.5941,-324.7465,74.9189,152.6950,30.7387
4.8382,93.5495,47.6295,152.0907,-17.4150,86.7161,173.1120,99.8492,42.4276,-157.9811,88.4293,191.2108,201.6680,14.1423,5.5612,-310.1663,183.0496,114.8796,8.5230
77.1197,116.7566,120.2936,196.7695,107.7450,82.1094,144.2104,80.9906,42.6102,-202.0092,107.5627,212.4364,208.8986,14.3551,-71.6832,-260.3011,271.5725,113.4132,19.2533
89.6979,127.5002,112.2783,184.3484,194.6858,81.2439,125.2527,87.1858,30.0843,-220.6986,102.0763,172.8032,172.8044,44.7224,-32.5524,-170.5017,231.5237,110.6543,27.7342
27.2316,43.7324,73.2319,103.7348,168.2022,92.1685,121.0397,98.3235,83.1450,-229.6292,66.9958,100.2734,101.9249,62.3037,63.2784,-77.0145,157.7908,101.1420,63.3940
-8.3281,-18.3685,84.6293,57.8074,79.8198,120.0791,67.3576,111.5188,130.9661,-193.1490,-18.1315,93.5698,0.7096,29.8777,100.8211,-11.7712,221.6209,117.9620,98.8913
61.8254,-3.9646,139.0920,56.5802,-21.3233,122.1290,-45.5813,122.2452,174.7369,-133.3425,-127.2167,158.6649,-100.9527,0.0446,93.9066,30.5093,323.6474,129.7520,73.0717
195.9359,6.5860,225.7266,40.8878,-76.1482,78.4724,-104.5007,106.1007,359.8070,-100.5515,-172.2423,183.7393,-147.1807,16.7521,82.3668,63.7501,304.0726,108.2944,25.4455
310.8955,16.6858,319.8961,68.5743,-50.5982,28.9751,-70.9482,59.9771,597.9025,-82.6410,-141.5260,141.9002,-133.1815,47.7436,62.5167,81.2324,257.2068,118.1217,19.6277
367.7298,88.1394,371.6140,202.1415,-8.8681,15.2366,-32.8923,31.0156,633.9031,-54.6614,-106.0063,151.5139,-101.6423,80.8929,57.3282,80.4837,285.1959,184.7955,38.8044
380.3362,194.2894,396.2570,355.2789,6.0926,40.7645,-17.8743,34.0703,523.5339,-55.5212,-81.0903,260.4113,-71.9165,109.3757,88.2317,80.5985,315.8610,216.0943,63.2707
384.1956,283.8092,416.5979,442.6721,24.9889,71.1335,4.3177,16.6429,491.8095,-109.2086,-52.7268,347.3369,-47.1082,85.8922,121.9693,83.1511,322.0970,165.9853,99.5104
381.0065,339.9128,400.8409,476.0903,36.3319,70.2304,12.3071,-32.6380,520.9933,-141.5052,-46.3291,329.0411,-39.5898,41.5660,126.3843,68.7797,337.8602,102.6128,120.0465
347.8337,354.8900,373.5744,452.8299,21.0610,47.9059,-0.5987,-57.1261,507.4052,-93.6990,-55.5220,281.0782,-43.9582,62.1107,107.0263,52.4588,325.9315,61.7077,101.8152
309.9567,361.0063,373.8541,372.7466,17.9708,33.9029,-1.4042,-38.6128,469.9299,-25.8923,-49.6197,270.1492,-42.6658,111.6173,84.6608,69.2125,287.5935,23.0273,72.8958
304.9124,391.6411,348.0465,307.7716,25.7851,36.8465,1.2290,-9.0802,415.7927,3.7928,-46.8411,266.8602,-39.4606,121.2878,81.0333,103.7461,279.9732,15.0171,63.3075
294.6779,399.3229,299.5437,273.0123,8.6492,61.3394,-11.9225,10.6687,342.2452,16.4051,-59.1285,259.0740,-46.7045,131.9697,86.0110,109.5482,268.5199,50.3910,68.3376
242.1430,345.3736,303.8617,182.0738,-14.3260,81.3097,-30.9662,-11.7229,307.6070,-5.2629,-71.8003,254.6756,-64.6716,149.3977,57.8037,85.6261,218.6448,46.1009,63.5011
199.0298,271.4594,289.1503,40.4978,-28.7718,29.7363,-53.9083,-100.5184,293.5384,-98.8074,-92.6790,217.4385,-84.4336,101.3407,6.8949,74.0450,191.5845,-23.1182,37.4066
200.8785,207.3855,175.0880,-25.3599,-37.3029,-66.6703,-58.2972,-177.9714,225.0621,-174.1119,-98.1129,154.8092,-89.7851,25.4880,-4.0021,99.5484,188.1191,-47.5129,13.7850
208.7590,186.1756,107.5205,18.5490,-5.0957,-79.8792,-17.0147,-145.9033,141.6484,-129.9498,-50.2288,140.3162,-71.5436,24.9448,27.9250,149.8465,166.7261,8.6111,9.7017
208.2651,276.7477,169.5699,66.1911,39.8916,-13.6624,14.8045,-57.2254,100.6738,-44.8070,-9.4691,167.3613,-42.4577,75.1269,48.4633,199.8140,186.4815,24.4054,5.9644
208.0600,387.7712,180.9868,34.3666,18.7204,-7.1042,-6.2283,-27.2261,69.6611,-23.6739,-31.0323,154.2076,-22.5086,90.2021,45.1841,231.0143,236.0244,-58.3594,-1.6263
185.9756,282.1725,56.9224,-59.2541,-18.1494,-62.5751,-17.1889,-37.6964,47.8184,-19.3709,-50.3371,88.6393,-25.7572,65.4837,34.3282,237.3265,153.7529,-145.8013,-9.3313
160.4333,-17.5461,-58.1724,-141.8446,0.6673,-64.4325,0.4792,-9.0920,53.3514,25.5708,-38.3705,18.6162,-48.7173,48.5402,14.1373,236.3072,-47.5446,-165.3286,-46.3718
172.5141,-198.6146,-97.3170,-147.2433,4.5091,-22.0244,-9.9304,37.5837,34.5046,69.5672,-41.8564,-20.1312,-54.4100,78.8557,7.2384,263.9496,-135.1330,-146.2975,-96.2919
174.0200,-140.7988,-115.1316,-84.4729,-13.1537,-20.0516,-18.4168,40.9891,-8.6660,77.2618,-32.3529,-5.7158,-18.9011,142.8528,46.7090,317.1300,-54.0193,-137.7395,-100.9086
129.3904,-21.2969,-123.3512,-41.5216,45.9834,-60.3858,22.8712,-2.0019,-14.1573,42.9454,20.6669,28.5314,20.0340,146.4718,96.6702,330.1048,12.3958,-170.8226,-110.4652
114.0734,49.1214,-134.5076,-63.7416,102.8451,-126.1784,59.4052,-78.8534,-17.7969,-44.2740,51.6296,11.0090,35.9850,37.3205,109.4432,275.7377,-8.9648,-242.2866,-195.1703
139.7124,98.2143,-166.3139,-79.7520,22.5959,-209.2919,70.4900,-167.8574,-57.8283,-125.3983,45.2279,-32.2518,61.2276,-79.4727,116.5279,227.6530,-6.3599,-279.1216,-253.4957
113.3110,109.6956,-149.3352,-21.8599,-72.3409,-242.8083,90.7104,-205.8355,-53.0878,-108.1482,49.7775,-22.5485,88.8220,-89.5132,137.1568,233.5207,72.9345,-221.5243,-193.2258
40.8864,80.7711,-46.8046,54.7010,-30.1028,-206.2379,79.9209,-177.8662,12.6800,-37.9613,49.1851,-0.2612,65.6698,-41.5572,116.7686,233.0240,150.3450,-130.1875,-113.6151
5.2353,98.4775,45.6153,70.3792,54.4676,-189.2253,30.4555,-156.7734,40.8096,-37.9799,34.3274,-28.0396,16.3312,-24.9119,60.9440,189.5398,171.2425,-86.6089,-85.7626
16.6505,181.4162,70.4957,59.2071,63.7255,-205.1738,24.5713,-166.7435,16.4910,-97.2855,37.0368,-28.6404,3.3227,4.1201,45.7052,159.0191,170.1853,-55.1508,-61.0909
74.3969,233.4740,90.8976,93.8301,33.9934,-152.7146,39.5323,-154.1456,-4.9563,-122.4062,28.7114,66.7195,4.6970,112.5184,53.2693,170.7630,174.0432,32.7841,-58.3735
167.4418,211.6797,146.6853,159.5392,24.4316,-21.0360,9.9524,-107.0995,-10.4304,-117.9503,5.5561,182.7310,-9.0549,229.1743,28.0151,197.4569,171.9277,162.8426,-95.2377
197.1648,177.0216,200.1423,217.9086,52.8214,106.2253,19.4462,-33.3101,30.1380,-123.0117,38.0845,253.3352,7.3976,272.8802,34.7748,238.5232,191.4868,291.2486,-68.3932
153.1982,195.4083,210.0524,283.5845,105.2333,203.6570,100.5205,89.8023,133.9926,-92.6751,99.2929,304.9146,67.2676,305.4669,116.7167,283.7360,255.8902,385.5318,28.4232
165.4107,270.1629,166.7966,336.4090,130.2641,256.1661,122.7260,194.2739,213.0019,-19.8113,112.2307,332.4345,111.2827,365.3243,167.0234,269.6181,288.1228,389.1591,53.3062
208.7291,329.2508,94.8911,300.0727,121.1145,206.4706,87.3438,154.8608,197.0498,-18.8635,113.9706,290.6801,113.3095,346.4092,143.0850,193.6138,224.1140,284.6454,-12.4033
147.1913,307.5103,30.3648,180.8307,129.8670,87.8347,118.6807,31.2426,128.2116,-125.4104,128.2086,210.5875,103.1067,232.7013,144.5953,143.6651,132.7914,157.7283,-66.7719
67.7883,269.7988,-23.7135,80.7665,157.6812,16.0987,162.2208,1.6471,60.9891,-196.1083,127.0855,174.3079,114.1625,176.7987,181.4084,142.3183,85.0237,88.2706,-85.7980
110.5906,321.6043,-71.2253,57.7048,159.6771,7.7887,107.1760,62.5401,21.8187,-154.0690,166.9857,196.3838,161.7895,208.1459,173.7234,117.1801,64.4503,61.8248,-91.2467
176.5676,417.9601,-82.7565,90.6365,104.3121,-2.7205,7.2709,81.0407,7.6273,-116.2185,221.5857,228.1471,216.1089,197.2428,150.3651,47.5981,67.1671,36.2582,-103.3981
168.3730,452.3939,-58.7401,125.9278,-22.7783,-24.3924,-85.4214,40.2120,-28.3141,-153.7020,126.1179,245.3923,226.8774,133.5883,166.5967,-11.0085,86.8781,-16.2811,-154.8985
152.4391,442.6436,-64.1129,92.2559,-140.6781,-46.6213,-167.6392,3.0886,-56.9354,-171.0588,-56.9357,249.5903,197.1628,100.6449,173.5133,-31.1680,55.1413,-103.0610,-177.5688
138.3799,430.1072,-122.1387,-19.4796,-105.2226,-81.2830,-140.3120,2.0945,25.8706,-109.5807,-107.9454,223.1225,147.1032,83.2500,142.6709,-21.9848,-24.1843,-157.1720,-60.6112
101.8144,361.9931,-161.0520,-107.9724,44.3030,-75.1318,13.8385,73.4716,182.8958,-26.9383,-82.6432,166.8493,68.2252,57.6965,109.0773,19.0520,-47.7939,-106.4738,114.5444
111.7328,241.1484,-129.5603,-113.4137,114.8304,36.5966,105.6251,214.9376,309.2316,52.3627,-101.5482,129.2474,1.0592,66.0771,68.3120,82.8854,-8.8261,-20.7833,200.5253
151.0120,184.9142,-67.2694,-102.9483,78.3142,175.2583,63.7916,331.6273,445.2801,154.2970,-45.6304,130.8064,4.3878,93.2696,25.6714,137.2280,10.7471,-10.0817,229.2787
122.0663,222.2742,-17.6386,-120.0898,58.1783,220.2481,36.8975,364.5447,584.5262,257.3320,79.6427,140.4034,26.5876,97.4184,30.0888,173.5420,8.9455,-38.0725,256.3969
85.6940,252.6613,9.9360,-132.5795,77.5005,202.1523,67.8810,347.5474,585.7524,325.1572,65.7018,151.0563,5.6443,109.1329,57.5819,206.5860,9.0159,-33.0742,244.5593
130.0756,261.9171,-18.8275,-138.7346,82.3157,204.1813,66.6651,294.6155,508.6241,359.9181,-36.4469,172.0818,0.2831,140.9081,55.5832,236.3719,-16.5698,-35.6958,229.8325
185.3123,348.2585,-102.9751,-136.5017,79.3913,199.5437,56.2258,208.2961,540.5828,354.7385,-24.6637,181.0901,45.1771,151.9927,67.9308,260.2718,-35.0774,-76.7529,257.9103
215.3067,507.9779,-129.7417,-75.5998,108.8829,145.9999,102.0092,145.4932,591.2990,294.0202,37.6082,182.7202,77.3836,138.6987,124.7259,282.1271,17.2093,-105.5851,228.9585
266.3060,621.8026,-45.5101,23.6861,169.9486,82.4700,156.7323,122.6460,499.4544,208.5200,27.5464,218.1494,92.3238,111.6340,168.2088,283.3495,80.7473,-115.6657,90.8068
303.9799,652.8570,17.0144,64.6754,191.3783,33.7727,188.9107,84.5707,367.3515,144.3621,9.5527,264.5154,135.8857,70.2329,197.0235,246.5444,63.8863,-147.3852,-38.7148
313.3093,648.0746,-34.0779,28.6329,111.9324,-15.0361,238.5249,43.1447,264.5907,108.1047,23.2128,257.8740,182.0535,50.6273,253.1059,206.6938,-11.8093,-181.2900,-75.6531
349.0382,595.0501,-100.7654,-31.6160,24.4120,-29.2762,277.1759,78.4355,75.2247,91.5251,24.2474,202.3733,201.4833,61.8540,290.5780,212.9962,-97.0279,-170.1903,-36.8356
349.5740,477.1805,-102.5308,-84.1593,65.1349,33.8522,262.0848,190.3499,-160.6805,100.9733,19.5412,146.0583,213.7255,58.6516,286.4346,259.2134,-164.0528,-108.9595,54.4156
250.9176,371.8735,-77.7891,-88.8509,174.7516,132.0015,263.1590,288.9247,-277.8766,132.5931,16.2400,124.4394,217.2625,58.5463,313.1157,294.3335,-152.4722,-18.8851,137.4545
179.4590,335.4446,-43.9769,-12.5042,227.1092,204.2498,311.5670,312.2703,-300.8097,162.2901,16.0882,163.6695,228.0373,102.9837,351.3699,279.3993,-60.3885,67.4064,141.7215
200.7556,323.5530,3.3237,94.3303,265.0619,254.2859,314.1519,289.8048,-311.5514,184.8559,66.3323,231.1283,288.3307,148.5084,312.8069,236.1290,12.3461,126.8098,108.9565
188.9214,299.6340,16.9690,159.6840,349.6547,294.7740,277.2918,294.9245,-265.4305,220.6971,130.1747,240.0607,345.3422,173.7736,263.6294,237.3575,33.4896,166.3983,117.2872
121.0056,270.9497,-8.9072,173.6379,402.6569,299.8930,310.5751,319.1915,-174.2748,249.0079,108.9784,192.6144,335.6490,213.2900,292.0052,290.3885,58.9067,176.5293,137.2545
101.7861,227.3148,5.1196,155.6642,373.1973,255.8241,349.3693,254.3122,-144.7466,200.9466,57.4995,180.6092,340.6463,221.0413,288.7410,284.1105,85.7524,141.7789,94.4263
117.7361,169.4983,91.8590,137.3708,311.3954,189.4842,247.0800,82.3233,-184.7730,78.6581,77.0865,211.2560,399.6814,152.0586,171.1410,163.7411,97.0792,115.4889,-8.3247
105.0757,136.6343,171.0699,147.3497,236.2800,126.8080,80.9198,-57.2494,-225.3775,-17.6684,98.8608,204.8888,375.7629,81.7859,68.3212,42.9368,132.3349,131.2107,-93.6809
90.0340,147.3901,152.9914,151.8481,135.7171,61.2346,7.3369,-95.8692,-240.3033,-41.8306,48.1027,141.4327,225.3431,44.7342,61.0662,11.4027,178.9138,106.4004,-100.9105
82.5359,179.3796,67.9999,114.2952,35.9922,-17.5225,-3.4531,-123.4828,-224.6236,-47.7177,-1.0331,72.5270,90.1854,-9.2803,49.9902,1.3274,188.7217,8.0973,-59.5103
55.9019,194.0207,38.4817,84.0021,-40.2139,-82.5183,-32.9755,-173.1164,-192.9170,-64.6692,2.4812,43.4931,22.5998,-55.5741,-17.2581,-50.4937,191.8222,-54.1402,-34.3257
43.3651,160.6405,91.9954,91.5244,-99.5240,-99.6814,-78.5955,-168.5599,-188.6510,-81.1069,15.4555,50.2127,-45.3224,-69.8549,-80.4072,-106.7151,199.4094,-38.2929,-24.3985
76.7966,101.8879,128.3606,77.4760,-149.7562,-86.3834,-143.7200,-105.3039,-205.9981,-104.5384,25.8737,34.3960,-107.6207,-111.8513,-115.8157,-133.1077,149.0237,-35.0404,-5.4070
112.3320,59.9356,113.8561,21.6913,-189.5492,-75.0453,-205.2786,-46.4110,-192.1342,-111.3030,37.6357,-28.4939,-129.9058,-147.6597,-137.0760,-122.8605,55.2140,-68.6408,5.9220
90.7099,1.6886,94.2766,-29.8275,-188.2959,-51.7155,-179.2613,3.1787,-139.4295,-61.8753,13.2118,-66.2583,-126.0017,-91.5949,-122.4681,-69.6818,-13.4498,-78.7449,11.6323
-1.1446,-106.3648,41.1658,-73.5402,-113.1807,-9.8644,-88.8759,40.5236,-91.5146,-15.1491,-32.4336,-45.4284,-68.1297,-26.7348,-65.3868,-21.6570,-72.9113,-62.0054,28.3577
-103.1890,-186.7611,-52.1579,-118.0781,-3.7413,5.0819,-53.9408,22.2521,-100.0969,-44.4104,-19.9680,-44.7832,55.3541,-42.3997,-25.8737,-39.2963,-134.7192,-41.4058,18.7086
-119.5434,-183.0588,-65.1267,-129.0098,77.5725,-18.4477,-80.5339,-19.7540,-176.9280,-87.8067,45.5574,-84.9133,139.9546,-53.1666,-65.4851,-89.5604,-148.7653,1.2863,-26.3275
-55.2172,-167.9000,24.6591,-108.1384,129.5225,-30.1509,-97.9039,-4.5018,-235.4495,-64.7726,67.1032,-91.2011,125.6962,-29.1492,-144.6268,-114.0391,-133.4874,60.4782,-35.5998
-22.0961,-176.9649,65.6069,-92.7941,138.2307,-23.1640,-104.6887,41.0474,-179.7672,-4.1612,19.3468,-60.8015,80.5406,-54.1217,-148.8098,-113.7354,-133.0112,88.7134,-1.8827
-54.9660,-141.7424,18.2352,-71.3134,62.4736,-45.8074,-106.4836,35.7029,-57.9937,56.1810,-23.3679,-39.3038,28.6416,-85.6743,-67.9152,-91.3667,-102.2633,64.0255,-0.5877
-80.0168,-66.4895,1.7938,-35.8042,-35.2998,-101.9187,-87.0098,-13.7244,26.9102,108.3323,-22.7344,-13.2765,-59.1845,-51.0008,-37.1914,-61.2687,-37.1208,4.7727,-38.1076
-64.6285,-29.0354,37.0627,-27.5246,-67.3029,-154.8133,-100.8280,-68.2091,70.4969,109.0660,-11.3396,7.6164,-138.6782,-48.8859,-109.7352,-82.0075,-21.2766,-56.7412,-75.3873
-34.6711,-19.9922,37.3612,-44.9889,-107.8220,-195.6229,-194.2250,-127.0874,89.6737,52.4045,-8.0218,-20.6734,-174.4413,-136.4258,-162.1037,-129.6638,-40.4268,-103.6145,-117.8906
4.9823,5.7798,-6.8338,-43.1012,-241.6996,-222.9794,-274.9467,-166.9114,64.9209,9.4885,-8.1446,-55.4595,-206.8513,-186.6049,-114.1517,-92.1163,-8.6754,-149.0625,-145.6906
51.1572,25.4602,-29.7718,-23.9535,-354.7200,-220.2279,-241.6502,-161.5796,27.2068,-7.2699,-17.9427,-37.0585,-231.5977,-135.3293,-42.0296,12.8980,48.2422,-188.1487,-127.6965
80.8302,32.6183,4.2135,-5.1769,-323.7328,-194.2463,-160.6507,-160.1957,13.9408,-62.1337,-26.1557,-1.4624,-214.5969,-67.7784,-25.4143,36.0390,66.8109,-179.2827,-125.6260
94.3998,64.7866,63.8103,26.2217,-218.0458,-157.1963,-155.9175,-197.9095,-6.6120,-155.6258,-12.7379,16.8038,-195.6574,-31.1347,-50.7265,-55.7815,65.8215,-120.1310,-176.0711
105.5249,106.0706,83.7696,63.6547,-132.2474,-78.5261,-184.4098,-198.2370,-22.4338,-208.8028,2.5572,28.8117,-188.6030,3.8236,-59.5616,-131.7366,59.8363,-49.8052,-180.9791
97.4399,111.2362,57.6001,92.1164,-47.2143,56.3188,-96.5918,-95.0155,38.8014,-169.3204,7.9371,20.3264,-122.7211,59.3036,-11.0656,-83.9675,41.3833,26.9015,-91.9556
53.8573,82.5472,44.1066,131.1617,45.1513,178.3347,80.8838,37.9151,145.2735,-81.6817,28.8271,4.0506,-1.4467,131.5083,60.8992,47.0996,56.6447,100.6621,-2.1026
8.2331,39.9457,38.7092,169.6195,86.6058,205.0537,152.5319,80.8138,196.6831,-57.3654,40.9676,26.5155,76.0430,175.4958,73.9944,123.7820,118.8387,106.3293,30.9629
9.5695,7.5479,-14.1387,148.5204,54.9311,132.9413,83.2662,26.8487,196.2991,-118.0863,-3.0366,48.5441,78.6289,150.2484,22.7996,89.2069,145.3417,19.9364,35.2274
50.9356,18.2524,-72.9627,72.3822,-8.9261,22.7433,35.2553,-22.4318,198.3082,-139.4357,-53.0208,25.8930,54.0168,116.8853,-17.6435,46.2229,105.3057,-84.2819,25.3285
72.6681,43.5158,-65.3801,15.5605,-56.1836,-55.4628,62.7785,0.8753,193.9100,-71.2396,-49.0762,30.2748,24.2802,150.0553,-11.8393,79.6144,69.8037,-129.9687,19.2826
41.2463,20.3979,-44.1633,-0.2853,-64.1124,-69.6107,81.7255,53.3396,177.1866,-25.1130,-43.4973,74.4792,-11.5630,183.0195,29.4008,127.3819,59.8912,-113.3424,42.3589
-11.7922,-21.1307,-81.8651,-18.2015,-55.7533,-59.6564,75.5374,71.7418,182.1564,-30.4974,-70.5952,46.4999,-39.6567,126.8583,95.7623,120.4477,19.0608,-82.0481,53.7590
-44.7926,-19.0871,-130.0831,-46.9397,-71.3985,-73.9051,65.4539,67.1456,200.5162,7.2836,-73.6594,-44.3341,-46.2604,54.4193,148.1979,83.0609,-54.9622,-70.5043,18.9320
-63.8111,-14.8586,-130.0440,-48.1380,-94.4997,-75.3183,40.6672,65.3988,194.1700,71.1982,-55.4418,-73.9735,-30.0635,74.2307,153.6751,56.3972,-101.8392,-48.1362,3.3768
-96.2456,-54.7266,-116.3666,-19.9685,-73.7858,-22.6776,51.1830,49.2931,181.1018,68.3100,-74.2581,-53.6331,-2.0095,127.7810,149.0510,51.6154,-108.5263,18.5686,55.0145
-121.8990,-77.7012,-128.6097,-14.1224,-21.9457,15.3393,138.8199,20.9481,199.6499,27.3079,-97.6913,-56.6927,23.8862,91.8885,155.6255,43.4639,-114.8437,80.8285,114.3250
-87.4061,-42.9930,-150.8741,-42.5441,9.0395,-9.5119,216.8690,13.7656,225.8331,18.1268,-75.3675,-52.7724,42.6272,-4.8555,130.9430,-9.2862,-130.8127,101.9150,126.8153
-21.6752,-14.0700,-164.1712,-42.0689,31.1052,2.0064,231.6883,22.4271,216.4387,33.4078,-51.7539,-42.8150,39.4213,-35.6684,87.7597,-69.2649,-128.5760,145.2970,111.2435
-36.9968,-29.4003,-157.1223,17.2267,85.9852,114.5788,248.3169,24.9431,190.3612,54.8639,-52.7465,-89.4777,2.2219,12.0096,86.2720,-61.3367,-93.8236,235.5526,96.3282
-134.8073,-43.1827,-99.2362,77.2278,145.8228,218.6093,262.4735,31.6558,184.8273,65.8585,-27.3281,-130.7461,-23.8015,41.6763,86.5813,-32.1299,-32.9143,286.5195,88.1508
-165.6101,-32.3398,8.6363,98.1493,155.0724,223.5102,201.6530,36.0367,174.5100,37.6018,23.3147,-73.9111,8.4197,28.9648,12.8797,-59.9079,39.3312,265.7605,79.1243
-80.6848,-37.9239,88.3494,109.0428,125.5850,188.2831,100.4719,15.6562,120.9134,1.2036,32.6921,-2.0674,45.4084,33.0610,-79.7086,-88.7015,90.6168,248.2713,56.3517
-10.0753,-78.1502,81.5541,124.8725,105.3571,170.6875,38.7487,9.0545,59.4833,5.5038,-2.0977,-9.7716,15.8556,61.3110,-93.3110,-62.2398,99.9585,268.5674,32.6477
-16.1127,-102.3624,52.6929,134.1834,104.0529,149.0701,17.8658,61.7580,49.2422,27.1371,-12.5255,-26.8985,-38.1765,72.4054,-57.3862,-30.9822,97.0052,276.1774,37.7576
-26.6515,-74.1396,86.9700,150.6546,103.0350,112.0899,14.1433,125.7429,76.0015,42.4563,27.8144,1.3944,-41.3704,63.0809,-64.7543,-18.2964,112.9505,230.9001,65.7879
-28.0870,-47.5991,146.9304,175.4479,90.0265,70.5568,16.9856,141.2306,84.3948,58.7080,60.3405,15.4240,-6.9205,42.5471,-124.5615,-10.3910,131.8493,153.6345,99.5611
-64.6649,-80.7455,155.5195,176.5732,67.9596,23.3229,24.6662,141.0523,73.2375,48.6707,26.5202,8.1560,14.4435,3.2542,-169.1528,-26.8309,147.7272,98.2776,155.8452
-105.4977,-121.4834,131.3955,163.0618,59.5708,-11.1454,57.4043,164.1636,81.4226,13.3938,-40.1132,36.5816,14.1139,-24.0738,-153.4642,-39.8918,187.1176,89.7732,225.0027
-115.1583,-93.6468,124.3332,177.9239,81.4657,-1.5158,93.8188,170.7771,101.9921,7.6478,-59.9828,78.3902,17.7709,7.9953,-99.7877,-6.4700,235.6778,107.6885,246.8066
-128.0925,-33.1368,125.6687,209.4664,113.6325,53.3150,77.8067,137.2817,103.5183,14.3594,-25.3198,84.6430,54.9637,69.0254,-53.5171,15.0233,247.1511,148.1518,220.8856
-143.2298,-9.8119,117.8277,214.4606,137.8349,134.4966,39.7856,124.7011,106.6766,-12.0079,10.0430,89.6606,118.0415,82.1473,-26.3855,-12.1457,228.7338,221.8856,218.6335
-111.9853,0.2049,109.5355,197.7891,170.8717,211.9992,28.2252,165.8174,132.0326,-23.1778,28.5548,123.1332,144.0649,47.3132,-5.7927,-22.9224,218.6443,288.5374,234.7731
-49.5083,46.5601,104.4100,185.4760,211.2700,250.0010,-0.8531,188.2566,147.3975,5.9150,49.8783,138.0005,88.1842,44.9759,18.6788,-1.6306,212.7952,306.0173,183.7912
0.2905,107.2783,98.8268,167.1611,213.3683,247.9727,-41.6336,137.6418,163.1730,13.2715,79.6647,118.2266,-8.9496,112.3873,61.7854,28.0452,183.1328,284.0847,69.6016
53.2773,139.0612,81.5136,117.1190,153.8798,219.6837,-25.2751,74.6409,215.2984,-4.1632,113.5056,124.5708,-70.2123,181.0015,116.9745,93.2911,120.4480,208.2935,-12.2037
118.8730,139.6883,35.1042,38.4962,67.3477,144.2670,-15.2951,61.2132,224.9356,-8.3010,140.5818,178.8206,-64.4827,166.9537,135.6128,158.7133,41.8023,61.7925,-34.5091
148.4950,133.7470,-15.3562,-32.2430,4.7864,27.1701,-74.5033,66.4296,146.9239,-15.3000,138.9370,220.2342,-26.4120,77.7899,109.8526,145.2430,-11.5240,-70.3701,-41.5734
128.5778,147.3920,-21.1638,-61.1961,-14.4682,-70.2265,-77.9696,61.4257,148.6323,-4.7674,111.0072,200.7334,-18.4877,-15.5530,107.4399,98.0321,-19.9331,-114.5835,-44.9715
119.3430,180.1311,-0.2690,-62.3403,-26.8946,-130.2595,14.0306,67.0839,299.8103,57.4337,89.6472,133.0586,-60.5106,-66.0684,143.7675,86.9835,-27.2342,-136.2609,-47.6054
151.6533,191.2653,-5.8826,-93.5444,-84.7904,-182.2360,43.7841,62.2887,376.6609,86.5030,87.6958,46.9210,-103.5076,-71.8872,145.1383,90.1779,-75.6939,-193.4959,-78.2633
169.5473,154.6938,-39.2291,-193.7676,-170.9714,-209.0398,-2.7837,7.4398,285.6381,27.7585,87.2975,-31.9158,-110.1400,-61.3697,95.1429,104.1399,-142.7134,-239.7199,-120.5859
124.0084,104.6647,-87.9326,-330.1310,-218.1968,-189.4227,0.9067,-48.3080,217.2971,-19.7187,73.6780,-70.7059,-117.2558,-65.8535,56.9329,117.1359,-187.1329,-245.6769,-124.1246
60.8790,80.6186,-155.0572,-421.4310,-215.8696,-161.4802,23.7700,-51.3331,222.5268,-17.8317,46.1491,-52.9795,-159.6567,-72.5574,41.2959,59.9434,-186.0403,-230.5619,-100.0151
41.7009,67.7505,-205.5587,-434.7722,-206.8091,-148.0924,-3.0313,-57.1280,193.5119,-35.9796,15.1361,-11.5587,-198.0544,-44.9137,18.8483,-6.9042,-133.2528,-208.1963,-89.7299
38.9344,37.8591,-208.8628,-437.5777,-209.6517,-130.8543,-21.3350,-105.8889,182.2492,-48.7030,-5.1699,-8.8825,-194.2122,1.5646,17.3525,54.3548,-81.4106,-214.6313,-89.8361
11.6483,0.1408,-204.9686,-499.1320,-220.7108,-113.4659,-34.9334,-128.4598,230.0757,-9.0838,-18.2653,-72.1092,-180.6730,16.3603,58.7833,172.5266,-111.2559,-263.4640,-90.7605
-9.4753,-41.6229,-223.6779,-583.4489,-227.6734,-102.0994,-104.1073,-95.8816,198.5388,8.6360,-45.5526,-152.5075,-188.4025,-14.8698,80.6751,192.3177,-202.7342,-279.2180,-102.8656
-22.2472,-122.0676,-237.7128,-621.7468,-201.8469,-81.2132,-161.0192,-80.6555,70.3585,-26.2718,-97.6059,-172.4738,-192.8722,-73.3883,33.1313,135.4273,-261.7473,-224.9688,-118.5075
-80.8549,-222.7746,-237.1688,-614.7512,-152.7076,-64.4513,-145.9552,-98.5004,-12.4037,-33.1143,-150.3097,-118.1594,-177.2633,-124.8586,-28.0914,79.6893,-270.5069,-178.9976,-119.9330
-146.1034,-226.6810,-217.0463,-571.1176,-126.0482,-64.9980,-109.5398,-69.7449,-2.4713,12.5561,-149.0014,-50.4341,-147.6128,-123.3387,-21.7031,41.2420,-260.9603,-169.2309,-89.2669
-130.7744,-83.1221,-133.8468,-450.2950,-97.4219,-31.9948,-37.2739,39.5535,97.9624,83.4615,-63.0279,-18.9377,-79.2368,-65.5155,42.7313,34.1993,-211.9538,-107.5115,-2.5898
-86.4335,76.8109,9.5263,-255.1808,-9.8498,66.6274,104.0202,175.3258,234.4952,176.7864,64.0692,-10.8999,34.5467,-0.9961,86.9185,46.7064,-115.6253,40.5379,109.6980
-85.6489,114.1416,140.9402,-78.7415,80.4091,156.5829,199.2979,271.3006,207.2117,238.1474,161.9447,10.2020,112.4187,39.7748,77.3008,74.9511,-31.6905,172.7623,158.6825
-47.9540,63.1130,229.2419,12.3074,74.8901,148.0510,150.1424,290.0691,20.2712,207.6515,204.9336,60.4733,86.0661,55.6284,49.9876,154.4679,19.6611,191.6249,115.5105
76.1736,48.8587,293.9383,63.7242,5.0209,61.3064,32.3568,236.1154,-39.0445,150.7605,204.4670,128.0308,16.1577,53.9080,26.5777,205.6534,87.8678,149.4693,30.0074
180.0588,122.6855,331.3621,145.1497,-26.5430,-6.0616,-48.3979,152.9055,-15.2256,138.1005,185.9793,173.6595,-3.3935,78.9127,-12.6704,135.4745,175.1299,160.2376,-60.0189
203.7979,215.7362,321.1375,224.9426,-7.2291,-21.3808,-76.0306,74.2492,-219.6603,114.3447,168.9921,163.8117,7.7418,155.9719,-67.4563,71.0122,211.8246,191.5295,-133.4289
185.7150,218.2101,251.0778,217.0825,-5.9388,-48.6465,-96.0893,5.0759,-484.1683,36.2449,128.0828,127.1311,-26.1683,212.9559,-97.7320,69.2195,163.9060,138.2028,-177.0019
123.1736,127.7129,135.4798,136.6479,-48.8527,-99.8051,-137.1115,-38.5573,-432.0106,-26.8927,51.5365,119.5314,-83.9940,195.1288,-68.8526,-42.4093,86.8348,73.5506,-205.9809
33.6353,59.4578,47.6463,89.0711,-71.9679,-83.5496,-136.4401,-32.3973,-210.1435,-7.7110,16.7941,124.8077,-84.1057,160.9737,-15.4817,-198.2356,52.2191,126.2262,-203.9921
-0.8389,49.4292,43.3373,104.8215,-25.3009,15.0524,-60.1819,6.4450,-113.8279,60.2680,57.1428,89.8321,-51.7965,144.2809,-38.1778,-163.7969,56.7873,205.6242,-136.3416
3.6554,11.6537,64.9626,123.3261,21.0370,90.9255,-36.4128,36.7950,-81.4988,83.2464,68.6750,42.8108,-81.5439,101.0657,-125.2166,-84.5061,47.5239,186.4381,-66.2949
-46.1334,-60.6033,37.3366,114.9645,-26.7884,118.5345,-131.2425,58.6769,-58.4892,33.1200,1.7431,39.9621,-147.3983,55.4007,-86.5426,-147.2838,1.7174,144.2165,-70.6164
-138.5625,-98.8740,-22.0884,81.8104,-127.5266,156.9183,-199.7604,93.1418,-109.1348,5.0831,-62.3613,42.6827,-151.6616,85.8579,101.3755,-157.3008,-73.5258,130.9892,-90.4777
-203.0343,-146.8071,-62.8169,10.2432,-164.2686,168.7693,-169.7744,109.6822,-91.0115,69.8960,-96.7340,-0.1965,-115.5169,170.2254,140.9686,-70.7765,-152.8261,59.8028,-58.2256
-222.8053,-261.0927,-67.3843,-78.3589,-111.8484,90.2620,-136.0582,67.0442,97.9100,150.0678,-138.6539,-44.1015,-119.7548,206.2039,-87.8641,-62.7455,-185.6982,-51.0476,-18.1114
-204.1475,-346.2063,-63.7773,-144.0995,-51.4533,-21.2679,-117.8624,8.7091,236.5797,165.2048,-165.2537,-65.1243,-156.8182,135.0670,-273.7591,41.8256,-184.4390,-106.6678,-6.3772
-182.8265,-344.7806,-123.5726,-211.2070,-65.1689,-106.6803,-85.9032,3.0335,197.4692,155.4906,-177.0863,-130.7465,-196.9843,-6.2961,-196.5120,331.8471,-242.6727,-155.1285,-14.2655
-217.2210,-358.7181,-262.7584,-288.4100,-156.2215,-184.8096,-94.1821,24.9610,153.0201,160.4936,-243.5149,-240.8432,-254.1864,-93.7982,-28.6729,371.4212,-345.5220,-237.1190,-61.9276
-270.6898,-403.4833,-377.0083,-281.6596,-250.5336,-227.2153,-135.0491,11.9615,188.8419,145.9206,-339.4913,-297.3465,-306.4508,-47.2169,31.8585,112.3270,-345.0681,-238.9655,-141.5842
-257.6234,-363.1110,-385.9644,-141.9477,-283.2655,-185.1725,-129.4130,-34.6770,205.8719,89.2212,-357.6753,-288.8064,-307.7593,31.9981,-17.2349,99.1921,-216.8960,-129.2612,-200.0650
-214.6354,-254.8751,-341.7499,23.2496,-267.6047,-113.9382,-108.4738,-82.8440,168.7325,13.9149,-312.8278,-280.6548,-286.1236,16.9803,-115.4683,321.9712,-101.7540,-42.3562,-232.3881
-224.3346,-202.0347,-320.3648,98.1029,-245.3356,-73.7631,-122.8400,-97.0378,115.4167,-33.6047,-320.8970,-253.8683,-303.7867,-32.2791,-184.4843,295.4992,-74.6873,-29.7099,-237.0445
-259.1561,-203.8641,-322.5970,88.2687,-222.4167,-29.4281,-115.7925,-28.2463,86.9277,-10.9074,-395.6228,-185.1212,-354.2534,-12.1734,-168.5699,123.7790,-87.8984,-9.5320,-164.9482
-272.3186,-203.7066,-305.3445,66.4111,-189.1686,42.2579,-76.9002,104.9553,154.0522,56.6578,-434.3601,-161.2365,-381.9748,45.5673,-135.6857,160.8445,-93.1966,49.9647,-51.6481
-295.6553,-217.7312,-252.6866,83.8358,-130.5908,104.5602,-84.0742,199.1789,272.0121,92.0925,-397.7012,-214.7825,-375.6104,90.2554,-176.6247,259.5312,-99.8522,97.1355,-20.4169
-353.5128,-244.5667,-216.7427,119.9752,-4.1889,133.9758,-142.2994,215.2510,213.1051,79.0897,-367.1993,-250.3969,-379.5338,118.5622,-261.1646,239.2762,-151.5708,93.2796,-78.2076
-427.1055,-262.2923,-241.6173,107.5770,190.1630,120.7204,-184.0876,211.2087,-56.2581,60.6090,-385.2587,-249.1497,-402.5508,92.7517,-307.1286,245.1125,-236.4820,48.8852,-107.7016
-506.2220,-322.0775,-271.4485,41.3864,327.0030,58.3038,-175.3562,208.5848,-199.0670,49.3800,-381.9515,-287.6601,-390.8010,13.2188,-289.1742,318.0206,-262.9117,-4.6784,-60.0864
-562.9849,-442.2076,-257.6376,-19.0696,291.1531,-18.8791,-126.4783,183.8859,-45.0221,35.7343,-333.3548,-346.3152,-336.0283,-33.5457,-252.8694,340.2372,-221.2801,-52.8306,12.7481
-544.8271,-518.3706,-256.7170,-55.3709,180.7481,-61.7796,-67.8644,157.8538,114.9785,30.4948,-311.3991,-352.7101,-301.6795,-39.3846,-250.0140,301.0988,-209.9685,-81.3296,65.4802
-464.6989,-477.1871,-284.2867,-60.0341,179.2613,-50.6169,-8.9844,162.2105,101.3061,43.9436,-315.1436,-317.1620,-296.4206,-69.6105,-235.6460,248.1933,-223.9392,-50.7917,82.1139
-395.9123,-361.3727,-254.3580,10.6679,262.6697,3.3920,59.9004,172.1249,104.7880,55.6618,-259.2855,-252.8746,-261.5163,-80.2479,-149.8088,235.5031,-186.8538,28.0398,48.0201
-359.0034,-231.6576,-157.9194,105.0590,265.5450,41.3161,76.9500,144.9551,123.4734,25.6156,-146.3315,-154.6234,-202.0796,-6.8207,-96.0298,292.6355,-159.5551,64.2004,-30.2774
-321.3827,-146.0443,-87.7636,89.8403,167.5293,8.4828,-23.3368,87.6469,-49.2983,-41.0217,-66.3574,-102.7443,-183.8938,64.9976,-168.8815,308.2188,-209.1057,27.0305,-100.2604
-282.8698,-174.9738,-75.7872,-8.4985,75.4111,-37.1690,-133.9562,52.5470,-216.0630,-75.4452,-60.5386,-149.3334,-213.3313,48.9297,-219.9542,204.4339,-247.0922,-1.7821,-107.1812
-267.9430,-293.1398,-92.3211,-42.3163,20.2325,-3.1655,-127.6207,61.1181,-95.5994,-66.9358,-93.2788,-185.4684,-240.2225,13.2877,-135.0346,98.1380,-232.0819,30.5060,-75.3180
-276.9341,-355.2555,-132.9167,-13.6917,-29.3103,76.8419,-98.3129,60.7009,16.5094,-95.5767,-108.2852,-135.1387,-247.4219,39.6802,-71.8368,47.2624,-240.5017,86.5005,-88.7778
-296.0534,-287.6959,-181.6087,-17.0516,-67.7095,112.1408,-161.5464,1.1596,-164.0707,-165.9857,-100.1453,-92.8003,-261.1215,82.3689,-118.8584,-11.0916,-255.7262,108.6651,-167.0850
-306.6286,-195.7544,-198.7446,-26.0370,-88.9111,88.6162,-224.6911,-93.4240,-305.4028,-199.4408,-133.3289,-127.2946,-296.5481,47.7891,-124.2285,-36.5138,-214.1770,67.7068,-243.6786
-289.0895,-196.4807,-193.9269,11.7077,-111.7182,30.1955,-196.0283,-169.7625,-182.4370,-199.0062,-220.3868,-177.5368,-326.9754,-54.2285,-47.3762,11.9689,-180.5045,-6.3357,-278.9583
-263.4460,-257.1065,-207.2656,41.5801,-127.1704,-36.8941,-137.3189,-193.7985,-97.3255,-199.5238,-260.5735,-190.9440,-305.5929,-100.0330,-25.1114,47.5142,-213.0433,-50.8249,-285.4703
-276.2341,-279.1719,-231.3436,19.5754,-107.2928,-64.2557,-92.5997,-159.2781,-180.7034,-169.6144,-206.4392,-168.9711,-222.7460,-36.6671,-66.3530,43.5220,-251.3353,-59.5687,-263.7114
-319.3300,-238.8867,-232.3338,-17.7837,-58.6535,-47.3724,-49.5627,-110.1510,-211.0609,-131.2189,-144.7964,-115.1536,-129.1941,24.9798,-79.0530,37.7187,-264.5127,-56.7644,-216.6238
-332.5222,-183.1340,-209.1889,-46.4573,-10.1704,-41.4042,-31.4740,-91.2451,-136.6193,-144.7863,-127.5707,-57.6368,-74.1864,17.6522,-71.5878,2.7475,-271.5724,-41.8494,-159.9654
-297.0442,-172.5960,-183.4442,-72.5693,26.3300,-52.2612,-20.5638,-61.8131,-73.2845,-145.5850,-108.7543,-33.2687,-48.2947,29.6655,-74.4507,-42.8278,-244.6732,-42.2454,-75.3490
-260.6991,-229.0538,-166.5271,-85.9234,49.7458,-38.9923,40.9490,26.0631,-60.1056,-70.9545,-78.8061,-27.2335,-32.4963,88.6382,-71.8738,-40.5310,-189.0502,-49.7040,34.8988
-264.0693,-274.0637,-152.3646,-75.9199,49.8876,-10.3241,94.4529,107.0457,-114.0139,-15.6079,-74.8734,-20.2674,-51.6091,98.1358,-82.4707,-34.9411,-164.5379,16.0067,89.5164
-288.1844,-213.8842,-122.2196,-41.7725,15.2648,5.0756,42.5583,92.3154,-197.2115,-41.5119,-80.4531,-24.7105,-116.4012,43.1540,-113.8813,-51.6768,-146.5083,9.7912,44.2399
-287.7637,-114.4292,-67.1082,25.1083,-53.2179,14.0672,-62.9167,4.2457,-219.6604,-77.0624,-56.3025,-13.8319,-178.0780,-12.2309,-118.5078,-43.9654,-81.3357,-396.8120,-44.2362
-247.2481,-103.4634,-15.8094,119.4551,-142.6833,15.2905,-124.2336,-71.1415,-212.1550,-87.4741,-20.8615,47.5687,-202.6358,-64.5212,-99.5984,-56.4745,-30.4897,-1043.2494,-131.9563
-185.6730,-133.2613,-20.3194,195.5997,-229.5169,-6.2901,-154.0705,-94.1405,-223.4842,-100.6765,-23.2221,91.8840,-216.6378,-103.0702,-109.1099,-123.1908,-56.1358,-1309.0573,-212.2529
-129.8855,-90.2704,-94.5623,195.7433,-281.6872,-38.4866,-179.0124,-92.6880,-216.3505,-120.0032,-71.5801,38.7708,-233.2379,-83.2265,-139.5090,-152.7101,-107.6961,-1085.0013,-246.6964
-101.8822,-30.0295,-181.9598,111.7678,-281.3170,-69.1665,-158.8326,-103.6689,-235.4803,-145.0291,-114.8206,-43.0038,-216.2084,-58.7694,-150.4800,-147.1112,-152.4212,-874.5257,-227.3466
-107.3239,-54.7126,-214.1975,2.7317,-245.9616,-106.9523,-93.7089,-116.4688,-287.2253,-160.3928,-104.5441,-43.7771,-149.9137,-113.4289,-133.9467,-190.3102,-226.5131,-870.4112,-223.7773
-129.3369,-127.2357,-192.8542,-79.2167,-209.9988,-146.4693,-60.9723,-114.4738,-218.6469,-137.5285,-68.0960,-6.7270,-78.0760,-191.5094,-99.8187,-213.1056,-309.6691,-836.2321,-262.8201
-156.3162,-173.0956,-176.0141,-138.9768,-193.6612,-171.8622,-97.5232,-121.4619,-94.6672,-118.1053,-63.1871,-35.1355,-58.9597,-195.3421,-80.4855,-150.2288,-330.4843,-730.8572,-283.0602
-184.8165,-174.4836,-186.3905,-166.4708,-195.4425,-174.7059,-150.9720,-121.6993,-159.1686,-135.6463,-77.0244,-94.3839,-101.9980,-140.3396,-115.1178,-106.1155,-277.9182,-663.7283,-243.3386
-182.7690,-135.2855,-172.8741,-115.7987,-192.8075,-136.1980,-163.5014,-52.3456,-311.0659,-127.2101,-58.3259,-78.2879,-142.3785,-99.0674,-181.0724,-132.7816,-188.2727,-567.5651,-157.7347
-133.5056,-115.6165,-89.4049,-13.9406,-160.9474,-47.8278,-128.6125,54.2403,-315.3963,-95.2500,-13.0049,-1.1598,-116.8388,-103.4791,-216.4079,-173.0721,-85.0402,-401.8156,-47.7037
-103.0788,-186.8087,15.0936,48.2087,-109.7652,52.1776,-67.2666,101.9946,-242.9778,-123.6203,18.4570,26.3637,-71.7816,-124.1335,-202.9236,-207.4782,6.5506,-267.7672,47.5582
-141.8246,-276.2710,47.3392,52.1409,-76.9195,114.8887,-20.1213,87.1571,-180.2194,-173.2032,24.3579,-28.4605,-101.9425,-112.7168,-167.8749,-206.8012,50.2167,-185.4970,64.8458
-179.5205,-265.6908,3.8382,41.2129,-84.2020,121.9894,-36.6809,38.6325,-98.2963,-169.6571,9.4942,-81.0742,-191.7194,-96.5299,-142.9032,-160.0271,35.4114,-122.3579,-4.3689
-155.5119,-200.2077,-33.8504,29.1759,-125.7900,81.8189,-94.9788,-43.6454,-92.5419,-169.3737,-17.2006,-59.8154,-245.3867,-142.4061,-136.1927,-166.0165,-7.2817,-101.3619,-77.1048
-138.6781,-180.3945,-34.3476,18.4671,-171.6988,32.9264,-109.6354,-87.0527,-174.7747,-195.9237,-30.9042,-14.2163,-238.6391,-202.4252,-130.2685,-228.6518,-43.0944,-82.6258,-89.9299
-189.8952,-202.0122,-39.7724,2.5314,-178.5283,14.1664,-83.9081,-45.6642,-208.9587,-186.6616,-22.5951,-47.9140,-216.8895,-189.8268,-126.4497,-219.4169,-77.5991,-13.0881,-91.4301
-255.4125,-251.9805,-72.0952,-55.2875,-146.9278,0.4830,-98.2114,-39.5922,-215.8287,-157.2958,-21.9191,-145.8188,-203.8165,-165.8968,-139.7516,-186.4653,-130.8892,33.4478,-133.0539
-281.3054,-342.2069,-112.3348,-123.6693,-127.3794,-50.5554,-121.8023,-115.1035,-159.2613,-132.6014,-40.9948,-171.8931,-189.2829,-209.4173,-135.9952,-258.6361,-164.4858,20.5480,-158.4921
-275.7119,-414.9513,-130.6458,-101.8508,-120.8801,-105.9911,-68.7408,-135.2888,66.9227,-90.2259,-38.7709,-95.6485,-149.3065,-243.8085,-93.1301,-323.3959,-115.7225,26.5826,-130.8465
-244.6006,-419.2151,-98.0600,-10.9160,-80.0345,-124.5439,-5.5251,-96.4165,113.3771,-100.4374,2.2799,-61.2808,-81.1625,-212.9167,-79.5248,-250.8425,-19.4240,37.5937,-123.4318
-200.0914,-388.9351,-35.6773,23.4561,-28.1831,-141.8570,-27.5491,-121.7601,-254.5233,-182.3278,20.8065,-135.5059,-44.9521,-194.6466,-119.5904,-156.0590,22.5226,-11.1832,-147.2897
-176.1589,-334.9134,-17.7381,-6.8305,-24.0528,-175.7742,-51.3523,-144.5517,-441.3256,-173.0571,-29.8464,-194.0878,-86.7423,-207.6840,-122.9937,-147.5325,-4.0179,-46.3020,-109.1324
-160.0910,-247.7920,-63.4591,-32.1873,-45.2337,-176.4516,-1.1200,-69.1837,-179.8654,-70.6201,-100.4769,-162.0662,-146.4413,-189.5726,-74.9501,-178.3413,-32.2678,-10.9583,-24.4555
-116.6251,-200.6909,-119.0293,-68.6096,-56.0953,-145.2065,21.9641,-9.4686,-82.4654,-64.8193,-133.7092,-131.7642,-160.4179,-181.0659,-63.9235,-214.2415,-41.1872,11.1229,14.1694
-81.2844,-242.9310,-152.5347,-119.3153,-77.7224,-129.6411,-14.9710,-3.2556,-122.4913,-98.3197,-140.7329,-164.5748,-162.6532,-244.1969,-66.4766,-256.2897,-40.2311,10.2768,51.3688
-97.1949,-298.2522,-142.3463,-101.7067,-95.8272,-99.9436,20.1484,67.5075,276.9628,-21.8929,-127.8449,-202.5104,-183.6362,-292.3238,10.7636,-287.9534,1.3864,76.0980,136.0828
-125.3758,-301.4676,-56.7621,-15.3698,-81.5623,-27.6251,104.1792,127.4895,578.7784,1.1673,-73.2434,-202.6344,-199.5623,-252.7486,99.3341,-305.4843,85.3765,174.5569,139.5183
-132.1105,-270.6631,45.7808,46.0960,-102.9342,5.4136,26.1178,24.0201,62.0458,-131.8541,-12.0987,-173.5099,-221.6634,-218.9411,55.7852,-283.6194,141.4606,214.1013,-1.3166
-145.9499,-226.9811,65.8706,81.2612,-199.9380,-34.4260,-206.0185,-109.8511,-537.0214,-180.6846,-4.9166,-113.7687,-272.2584,-248.4782,-88.4349,-210.4470,144.6694,237.1299,-124.6683
-166.5865,-200.2286,40.4968,147.7507,-262.3774,-51.3336,-338.7047,-110.5602,-473.5390,-82.4651,-39.1173,-42.1244,-317.8472,-245.6754,-179.8952,-182.7505,155.9184,300.5261,-133.3541
-160.0407,-219.7745,54.6153,204.3136,-228.3932,-29.8023,-308.6841,-88.6759,-271.9265,-70.4583,-77.3506,-10.5678,-341.6987,-176.7548,-165.3595,-252.9523,194.4883,339.0827,-122.2734
-140.1218,-224.5875,62.5800,179.2384,-197.1398,-59.5282,-279.8680,-123.3365,-272.3161,-137.6048,-122.2628,-27.7074,-357.2331,-142.3391,-114.2907,-299.4407,189.8380,300.7739,-133.8208
-138.4251,-157.4442,4.7724,95.8439,-214.9530,-111.7702,-268.9148,-87.6447,-108.7156,-83.7632,-163.0270,-58.8561,-324.0798,-169.4287,-81.8854,-249.7243,85.3436,239.6664,-104.5042
-161.0460,-109.9504,-70.2274,10.1331,-201.0767,-91.0273,-168.8429,38.4251,100.2533,28.7401,-170.6354,-95.4095,-217.6930,-186.8114,-52.3893,-203.9877,-83.6902,211.8807,-39.9942
-219.7246,-171.5946,-123.5840,-63.7440,-130.3938,-36.7170,-52.1974,110.6237,6.9423,25.9099,-160.6092,-138.6595,-117.9966,-197.4361,-0.1901,-234.4502,-211.0996,218.1378,3.2355
-288.5407,-261.0245,-161.4597,-104.1876,-63.2695,-7.9071,-45.1200,96.8957,-109.9478,-38.3723,-160.3107,-161.3062,-85.9193,-240.7284,61.3034,-295.8955,-209.0321,248.8251,29.8149
-279.2134,-270.2546,-154.6049,-67.9509,-27.8536,42.0804,-68.2686,63.9756,0.7532,-32.7647,-154.8383,-154.7156,-80.0076,-271.2946,93.6075,-328.3704,-106.0683,295.9340,53.3348
-192.8411,-214.4146,-99.8767,27.2284,-20.1191,104.4455,-29.3557,-20.8923,91.0888,22.0083,-127.7986,-154.9272,-62.7565,-254.5377,62.8412,-309.3827,-15.2016,339.9093,48.4995
-150.8616,-160.3129,-53.2858,94.6427,-31.9153,106.4006,-13.2515,-204.4368,46.8911,33.4030,-91.2382,-167.5057,-39.7990,-225.4619,-17.9234,-261.9774,15.3103,368.3969,26.2739
-179.7355,-151.3520,-20.8912,94.2670,-29.8416,98.9285,-56.3911,-382.3108,9.1089,-1.1340,-60.7084,-135.8641,-12.3273,-175.6941,-80.6115,-225.5168,26.5258,386.6347,44.6704
-188.7258,-195.0410,17.8159,65.6366,-6.1070,147.6922,-52.0885,-435.2246,-5.2563,-2.8302,-47.6542,-48.8676,-0.5602,-95.3873,-98.9856,-203.5084,31.9878,388.2057,112.8139
-175.7071,-241.4549,20.3032,18.9021,-13.3502,149.9162,10.2339,-428.3758,-34.0466,26.8268,-53.7758,-1.4520,-28.7206,-79.7120,-128.9089,-207.1709,1.8403,344.1964,162.1172
-198.0629,-239.8281,-29.5041,-70.0087,-77.9369,34.0942,19.8172,-487.2013,-71.0543,-13.3537,-62.7451,-52.3778,-59.3568,-164.6664,-178.3825,-262.7115,-54.5223,257.7147,130.2631
-220.7047,-217.9474,-69.9359,-139.1833,-155.6490,-76.9932,-41.7481,-572.3991,-117.2612,-105.7204,-61.9942,-110.6407,-52.5225,-215.2393,-175.4391,-313.4751,-89.4909,201.5582,40.6491
-213.4715,-219.7857,-77.4431,-97.4147,-189.1392,-84.8020,-90.4254,-571.2576,-107.6314,-108.8147,-54.8137,-83.5755,-34.3093,-159.4784,-115.6987,-292.8223,-74.2797,248.0329,-17.2775
-225.4252,-222.8895,-74.9093,12.1336,-140.1132,-38.1499,-73.8161,-504.1035,-23.9655,-39.0904,-47.3250,-24.1648,-16.2598,-99.7838,-62.3835,-265.4439,-12.9089,379.9344,7.6904
-239.0327,-190.8266,-46.2021,90.6121,-10.9053,13.8541,-5.8815,-456.6091,-18.3257,-46.4668,-39.6425,-13.4166,44.8667,-100.8335,-23.9521,-292.9219,61.5981,507.5478,62.7046
-195.4978,-141.2076,14.0174,136.4758,122.9305,54.9563,54.7622,-433.3506,-133.9204,-119.3659,-21.2053,-40.7492,150.7894,-113.6005,-2.9607,-303.1816,101.0119,550.2993,71.9968
-162.5844,-123.3022,50.7921,154.2062,180.5159,50.9697,69.8412,-403.2273,-190.5830,-127.6313,6.0037,-76.8854,231.0155,-100.7565,-39.9110,-246.7716,81.6595,500.7008,62.4681
-212.2763,-157.9948,35.0140,76.6121,176.6060,21.4473,84.2937,-357.2353,-103.7008,-67.9418,5.1155,-108.4801,234.1155,-60.4521,-95.4173,-179.5588,21.2072,433.2996,113.7379
-256.3256,-206.1497,-1.1995,-90.0497,169.9845,29.4095,130.1725,-294.7498,-1.6068,-31.3920,-32.4372,-103.8439,189.3286,-10.0768,-85.8437,-136.6796,-43.4915,419.0126,198.6490
-232.3869,-218.7755,-37.2662,-222.7648,155.1372,63.9965,138.3687,-246.2246,-11.8016,-35.3720,-57.9806,-75.5270,156.6789,5.2252,-49.1066,-95.6811,-88.2427,442.2718,215.9818
-245.7557,-214.6687,-92.6295,-248.4646,90.6668,83.3631,69.8523,-233.1606,-81.7454,-9.3739,-74.7411,-80.5432,129.4835,-4.1613,-66.2470,-36.0617,-123.8199,460.6219,166.2869
-360.7953,-242.5737,-177.0874,-223.2163,-14.8981,87.1731,1.3426,-212.4530,-24.6253,82.0888,-132.7471,-104.0735,55.1695,23.3555,-97.9350,25.3401,-165.7421,459.7021,132.5040
-471.7834,-301.5815,-250.7010,-249.7065,-113.7290,28.2669,-9.0466,-200.9418,166.7072,130.8833,-178.0227,-114.0816,-30.3060,38.0951,-71.0526,17.4088,-190.5745,389.4252,118.9268
-476.0110,-374.0246,-268.9149,-356.1006,-181.1740,-157.8645,0.0114,-302.9010,222.7845,17.7819,-131.1363,-165.8854,-34.8736,-66.0031,-15.7404,-89.8524,-182.5897,222.6539,67.7049
-405.7685,-452.8168,-253.6802,-432.2834,-220.3417,-371.1465,-21.1799,-469.2527,58.9231,-143.0390,-69.6001,-256.5033,9.1209,-220.1061,-4.0530,-186.1523,-178.2156,97.7111,-15.3158
-353.7279,-496.6083,-244.6026,-370.3118,-224.9112,-437.5984,-64.4449,-509.6459,-58.3872,-152.6892,-85.8940,-271.9512,1.1274,-264.0703,-27.5148,-176.9178,-194.8583,151.7773,-72.5658
-358.5332,-477.2369,-222.3940,-258.7981,-179.2593,-374.8214,-76.9970,-415.9825,-12.2403,-71.5342,-111.4686,-225.5371,-23.0598,-208.0311,-10.3670,-132.1669,-202.6484,277.7814,-74.4972
-375.3975,-438.4688,-181.8890,-241.6956,-87.2586,-316.7104,-30.5574,-333.3441,30.7000,-77.5951,-77.6705,-244.8466,28.2050,-175.0863,50.3377,-130.3266,-202.2317,326.0692,-29.7777
-348.9536,-401.1921,-173.7180,-270.1437,30.6508,-262.2104,34.2168,-270.8343,2.8616,-130.7361,-34.9800,-293.6786,106.4622,-186.5425,55.3888,-141.2346,-214.3900,357.2962,36.4716
-292.7435,-338.0280,-188.3997,-243.7302,150.5196,-143.3357,91.3754,-169.5405,-18.0683,-101.7534,-19.6088,-259.3452,114.7208,-181.0325,-3.1446,-133.8876,-216.3464,432.5693,109.4306
-252.4655,-289.5767,-165.9909,-216.7877,230.8217,-7.9545,174.9160,-78.9667,29.5631,-17.9125,-15.9775,-198.5829,71.5747,-141.9698,0.0742,-104.0052,-192.1498,452.2049,190.0899
-228.2251,-306.3636,-127.9759,-229.6482,236.2136,72.6910,253.8115,-32.2420,159.0660,34.9248,-25.0173,-180.4860,47.0016,-95.7177,68.7238,-35.3361,-152.3176,393.7513,255.3111
-184.5899,-324.1854,-107.4437,-185.5932,199.4717,131.0095,233.7848,23.7612,222.8211,35.9855,-31.5862,-136.7068,54.5621,-51.3689,65.2317,34.4541,-65.2524,368.9557,273.1319
-102.5051,-296.4064,-54.1079,-56.3361,180.4308,205.8276,136.8803,93.1372,54.8260,0.2683,-9.1003,-69.0972,60.2829,0.7737,-13.2548,33.1995,78.7495,384.4785,266.5371
-0.8201,-272.0296,35.8646,51.7845,161.4292,267.4825,67.3669,143.3478,-145.0906,-17.9305,28.0858,-70.5984,28.7144,52.6994,-62.7451,-18.5743,186.6751,360.2592,272.7423
74.4314,-224.1274,90.7016,83.7718,93.0817,288.0346,44.4258,193.7457,-86.4376,31.3147,72.9597,-96.0728,-26.1625,72.0182,-92.0811,-33.8109,198.5408,301.2858,278.6597
93.9642,-104.8543,110.3121,68.8031,10.1287,257.0636,52.0151,242.7872,86.4712,97.0507,122.0888,-52.3513,-44.8157,50.0130,-130.9334,12.1165,166.1534,224.4930,269.9529
75.8620,-45.5379,119.0954,23.7845,-31.9326,160.7528,92.3059,238.2156,109.4937,104.6190,113.8655,-4.2884,-23.2282,34.0110,-121.9936,59.5661,113.3267,106.1357,243.5470
56.7947,-128.1460,70.4088,-27.0814,-65.9466,37.3330,96.2986,173.5507,28.4850,68.8544,36.0889,-20.4193,-25.9172,70.9852,-65.1883,43.0849,27.5814,2.7968,162.9367
55.2213,-166.3234,-10.2912,-35.1605,-116.6307,-35.6221,21.0638,93.0558,-40.5281,28.4919,-5.5348,-30.0556,-52.2700,131.6298,-22.4112,-18.3932,-18.6934,-5.3900,44.3000
57.7675,-69.3740,-3.4460,2.5895,-102.7613,-45.5544,-6.9371,34.9896,-61.0226,-6.1636,33.8323,7.4111,-25.2337,137.0254,5.9236,-40.7885,26.9416,33.5374,0.6039
35.4766,-23.8908,76.5625,41.4430,19.6551,-24.7475,97.6745,34.7120,-0.2102,-10.6447,78.2646,33.2793,57.9602,75.1962,21.3534,-11.0816,70.4025,46.6301,60.0194
18.4451,-57.7514,99.5439,65.0657,150.4562,43.3059,200.6450,106.8790,29.6343,26.9102,99.9650,32.5328,116.5966,44.9288,11.0429,14.4367,43.7510,74.9230,109.5668
89.0649,24.7857,65.0608,107.9093,208.4736,176.8323,192.7343,209.6785,-82.3072,75.9718,135.3656,49.9162,135.2077,121.3681,30.7421,45.0568,29.3484,172.0170,96.1674
217.2134,175.2759,76.0191,187.2559,247.6323,315.3427,156.7394,274.0488,-153.4663,111.6220,177.8068,95.3277,172.9158,222.2849,88.1295,100.2064,85.1187,290.8301,73.0573
262.0005,179.8659,140.5284,243.1946,312.2616,382.5952,155.5754,256.9334,-80.1477,114.1271,205.9330,139.9120,226.0189,219.3497,85.1362,100.7704,149.6874,346.0159,56.6698
214.9685,112.1548,189.1538,225.1761,338.5973,378.3036,122.2593,185.2300,-84.1289,64.0155,220.0491,161.7742,223.8182,136.1631,26.4221,18.4625,181.0843,320.9685,28.3138
202.2423,139.5686,206.8920,209.8522,272.3687,357.1282,28.6946,145.9417,-187.5841,6.1383,214.5748,172.9263,163.5175,86.2435,9.9755,-29.9844,210.1985,273.7150,-2.5583
234.7806,155.0032,231.1695,272.9778,143.5586,341.4274,-60.2378,162.1913,-169.4016,-1.1343,201.3379,194.3157,102.2490,64.5175,3.5535,6.8226,248.5950,226.6059,-41.5002
233.8088,55.8138,261.0670,319.2582,-2.7412,287.7137,-125.4752,145.6569,-119.3905,-9.8231,196.0666,189.8616,22.7138,-14.5791,-64.4228,21.0763,273.2230,117.2402,-93.6605
217.0629,-5.3767,248.1140,255.0033,-138.3633,167.8178,-215.8436,62.3247,-233.1343,-91.7439,168.5852,121.1640,-121.7566,-110.0543,-140.0974,-52.5083,275.9947,-58.2956,-116.4934
220.7069,56.4147,189.1002,167.1184,-235.2914,34.5651,-321.3366,-3.0655,-351.9585,-185.5752,107.8935,61.0688,-260.7868,-101.5401,-190.7025,-138.6727,248.5240,-189.3857,-107.0427
213.2048,107.0267,143.4028,119.6028,-285.5724,-70.7208,-361.2828,-18.0197,-325.9521,-200.6162,62.0251,79.2334,-289.4898,-33.0317,-257.2263,-160.9186,168.0682,-241.5291,-127.9647
202.1084,84.6580,122.6513,35.4527,-287.7175,-182.4227,-314.1575,-39.6155,-288.0860,-165.1333,47.9012,93.6121,-225.0638,-65.9360,-291.2310,-141.7270,50.8843,-291.3007,-179.2029
204.6682,67.7182,83.9243,-74.7767,-212.4179,-290.5494,-236.8510,-70.4572,-286.5046,-138.2013,43.3620,32.7744,-132.3291,-179.0868,-220.6851,-132.5805,-40.4647,-324.1085,-200.3793
164.5544,66.1881,39.4168,-102.2143,-63.8195,-314.3465,-154.8150,-71.3910,-223.6529,-100.9584,43.4852,-30.1753,-32.3106,-197.4624,-111.9153,-118.1458,-83.0181,-273.8228,-188.0738
87.9101,22.3008,17.8713,-88.7861,70.8484,-260.7504,-63.3556,-57.3775,-119.1727,-31.9174,25.3808,-56.0854,31.1398,-123.0899,-56.8401,-64.6711,-115.9118,-214.2795,-159.0899
65.0714,-57.8519,-15.4274,-140.0770,120.2667,-205.2992,-2.0105,-42.6576,-42.3964,20.9888,-23.3582,-95.0560,22.0028,-110.2386,-43.1013,-19.1764,-145.0625,-220.9694,-89.0888
75.1483,-128.2831,-57.2537,-187.9775,106.2275,-126.7218,-4.7400,-4.5991,-19.5905,8.9216,-35.2201,-120.2836,-0.4401,-148.8848,-36.6941,-32.8952,-125.5163,-195.1013,-3.0569
37.6853,-170.9238,-39.6696,-139.3595,68.7985,18.3516,-49.4795,43.2986,-93.6485,-45.6841,16.2599,-86.7661,0.2296,-116.6179,-41.3916,-48.9494,-64.8237,-71.0488,19.4600
-1.9726,-175.8038,29.3303,-62.4355,15.2081,156.1301,-110.8867,66.7959,-210.6655,-84.0613,48.6350,-63.2972,-36.0577,-38.2113,-49.9176,-15.3675,-16.8764,34.8946,-11.5545
19.8410,-119.2514,102.8652,-19.8321,-36.8851,218.5964,-160.1491,70.6672,-229.9346,-93.0446,49.6646,-76.1735,-105.1505,0.4245,-37.8149,4.6897,31.4833,48.0819,-20.2680
72.6963,-4.0963,211.5051,39.9590,-67.6449,236.2840,-163.7402,54.9618,-191.7347,-120.1065,96.3301,-39.2774,-124.8601,6.2468,-7.8648,-37.1883,124.5607,40.6598,-24.0798
143.0068,97.1319,339.9495,123.5702,-94.3901,211.6590,-164.6041,1.2086,-246.9853,-191.0574,160.3699,33.8209,-106.1051,-21.2526,1.1735,-84.5241,214.3207,39.2043,-83.7497
221.1399,105.5390,368.8657,153.4762,-128.6414,113.7968,-211.2969,-66.4281,-347.4024,-247.9661,158.8356,37.5818,-104.8524,-87.1776,-30.9614,-86.7868,217.1893,-17.2205,-159.3746
232.3169,58.0253,286.2233,109.6403,-144.1095,-5.5768,-224.9141,-112.6885,-345.9448,-229.2205,126.7998,-3.9101,-93.1700,-102.4902,-67.2547,-70.2726,147.1300,-121.9736,-201.6646
184.9467,56.7375,215.7014,46.0879,-140.1583,-98.9415,-171.7831,-162.7383,-271.2752,-187.2822,119.2281,-6.8854,-66.2302,-51.0324,-82.2624,-86.4500,75.7824,-212.7862,-277.0153
182.4816,87.9080,195.5995,-8.7906,-161.7072,-222.8283,-203.4189,-257.0612,-248.6500,-229.3579,100.4797,-5.5397,-95.8866,-70.4787,-107.7245,-143.2632,28.5134,-293.8940,-420.7607
198.6795,48.9599,168.8128,-71.4152,-210.7074,-385.4633,-363.0577,-374.5902,-293.4566,-337.6558,60.1374,-44.4790,-166.9852,-175.9157,-141.6350,-181.8056,-10.8854,-383.1573,-514.0331
131.9250,-64.3011,124.5174,-151.9783,-219.0414,-472.5704,-449.9263,-439.3470,-332.6776,-369.7064,43.8823,-81.2352,-171.9208,-222.6378,-132.4786,-169.9364,-70.6222,-415.9637,-470.6561
27.0505,-170.1711,70.6874,-232.0839,-148.8449,-438.4068,-375.7357,-388.2415,-331.4772,-272.3767,39.8812,-109.4422,-92.6563,-204.9139,-92.0821,-177.8322,-176.6260,-342.0179,-370.3478
-38.2526,-240.6366,-8.5206,-286.8271,-42.4459,-365.5474,-282.5689,-248.2197,-301.4695,-157.8266,4.4206,-173.2688,-9.4221,-225.1351,-75.3598,-228.8658,-293.6595,-228.5702,-286.3666
-101.0602,-280.8156,-86.1736,-305.5346,56.5211,-283.6882,-227.9381,-111.4464,-234.4143,-105.1128,-40.9463,-244.4085,35.3891,-249.2272,-75.0695,-210.5880,-332.9079,-155.0785,-173.7215
-163.3276,-265.6676,-117.6807,-287.8426,149.4267,-138.5546,-127.7423,6.8859,-136.4020,-51.7044,-54.2972,-262.1100,63.8381,-206.1359,-58.4076,-91.4249,-288.5686,-112.9920,0.5493
-165.8216,-208.9902,-126.4601,-255.9694,222.9111,49.6019,16.4801,172.6872,-74.0188,32.8517,-50.4635,-239.4196,93.7416,-140.1067,-20.7070,-2.8252,-262.1575,-89.7287,183.9011
-152.2408,-187.7488,-150.7258,-258.3166,231.7772,182.9864,119.3125,352.4612,-41.4287,68.1426,-61.5787,-205.4344,102.3007,-84.1119,41.1056,-1.7614,-287.7461,-116.4329,308.9509
-181.3263,-219.9377,-161.5487,-295.2748,167.8092,223.3371,148.0410,417.5707,78.2437,51.6947,-75.6236,-140.7972,62.2166,-19.2079,102.2044,-15.2725,-282.3185,-183.1572,334.4678
-184.2982,-219.7836,-128.2857,-291.4767,70.3570,196.7991,117.8692,362.5248,255.1594,88.8794,-67.2813,-53.8568,-0.7002,14.3305,108.9104,-20.9335,-218.0580,-244.0370,265.3840
-126.8958,-143.8268,-96.5107,-225.4430,-26.8326,118.7574,62.2684,305.0437,287.4335,163.1418,-52.9808,-14.0610,-34.2112,-19.8803,70.5366,-43.7531,-167.9172,-302.9069,167.8673
-94.7570,-84.5808,-109.0644,-184.3912,-97.4040,7.9063,28.2478,276.9303,165.4785,149.0027,-57.6293,-47.0782,-31.3092,-66.9934,36.5535,-66.5490,-158.0919,-376.3254,95.1162
-102.8785,-116.9983,-113.2170,-206.6527,-112.4697,-98.9157,27.1462,221.2777,92.6306,69.6567,-57.9586,-88.3568,-6.7895,-84.0115,6.2737,-83.5633,-149.3734,-429.3611,31.9166
-85.6014,-154.2549,-57.2541,-213.8989,-78.0479,-192.0312,26.1157,137.2497,102.6997,42.6663,-31.4265,-90.9927,44.8844,-94.1146,-19.3133,-104.1762,-145.7421,-428.4179,-44.3939
-69.3794,-103.5202,-8.9100,-160.4609,-27.0664,-279.1638,0.3726,54.4328,60.2247,33.3614,-15.4414,-94.7419,106.3802,-114.9786,-6.9872,-93.3799,-167.0324,-381.3930,-128.3668
-99.8503,-34.7538,-37.7602,-94.3197,41.1426,-340.8157,-31.1597,-37.9782,-19.7347,-38.7861,-40.9223,-139.7645,142.1297,-151.5331,28.3981,-39.0133,-172.1268,-301.5051,-204.2943
-115.6700,-25.5444,-83.1916,-49.1870,142.7911,-349.4147,-6.5445,-123.6162,-15.2266,-97.7525,-76.7759,-195.8419,161.1501,-201.4591,52.0164,7.4322,-123.2522,-197.2106,-230.7428
-86.8811,-25.2617,-80.6063,-11.7928,240.9380,-291.7491,97.3406,-146.1178,52.4257,-72.5741,-90.0567,-219.8635,176.7171,-215.8256,75.7666,25.5357,-48.1391,-84.5781,-178.1229
-77.8072,-24.5471,-63.0231,17.4434,269.0710,-168.4192,181.1117,-111.7646,70.9564,-44.8458,-76.9991,-207.7907,159.4389,-164.8315,95.2686,42.1202,13.1583,15.9092,-99.7252
-80.7784,-101.1586,-42.3257,23.9598,218.1081,-20.9344,146.3874,-72.6635,39.0001,-60.8006,-36.0191,-171.9211,111.5969,-117.6214,83.3984,60.3721,45.9906,82.5573,-49.0702
-32.6515,-194.8690,9.1458,15.0726,151.7335,99.6121,64.6785,-18.6244,56.3585,-47.0363,11.2254,-127.9465,79.9736,-125.2162,65.4116,68.8318,56.0467,116.0997,19.5739
19.2365,-147.1359,47.0376,14.6963,122.9899,208.7303,62.6867,84.1170,143.9015,11.3405,20.7868,-93.2008,60.2966,-109.3184,66.3367,72.3071,74.0018,134.5551,140.7602
6.4384,-4.2469,29.6382,33.6058,95.2917,320.6151,123.1623,189.4383,192.6119,47.5322,-2.7459,-65.4590,13.8161,1.4975,65.7139,80.0770,118.2544,104.6563,239.6633
-14.3297,33.6737,22.3144,48.4637,-1.6492,357.4748,140.8717,221.4379,152.1459,53.4748,-9.8417,-34.9720,-42.9523,136.1907,71.2347,103.1759,153.8320,-23.3947,246.5771
9.7571,-55.9411,68.0410,23.2996,-134.2981,270.7973,78.3092,182.8476,121.0206,61.7330,9.6091,-9.1096,-70.8965,191.5839,85.0820,131.1706,139.2348,-192.7325,187.2650
27.1086,-116.9239,101.8248,-40.0513,-180.9284,137.0148,-5.0581,135.3302,137.7942,61.1819,22.8226,7.8235,-61.7179,165.7149,50.1138,118.5184,76.8748,-303.6383,119.8929
18.1904,-93.4714,77.9184,-111.4848,-102.9076,23.3770,-14.4520,111.3073,110.4277,35.1847,21.5017,14.8366,-1.4058,112.6943,-13.9081,63.6006,-9.3289,-357.9930,75.6795
34.0922,-80.5895,29.4012,-183.3641,13.5047,-78.4024,63.5166,93.3570,46.0194,2.0410,31.7062,-12.6681,115.0714,73.9875,1.3545,39.7412,-98.1353,-386.3220,46.6755
74.6074,-124.7045,4.3185,-252.5650,94.1947,-160.4758,111.3267,63.2109,53.6357,-12.5690,69.8822,-84.7764,219.4398,65.7213,75.3292,78.6879,-168.6644,-359.8673,6.3440
101.2538,-155.9174,42.2988,-282.8514,142.8817,-211.6111,46.8829,41.8616,102.8442,3.0935,120.4199,-158.1601,231.2580,42.8269,84.4216,120.3102,-191.2706,-285.3176,-22.4145
129.9917,-135.1608,147.4385,-244.7494,177.3080,-252.6765,-46.6017,62.1604,80.3814,33.1928,154.9964,-187.1425,168.8748,-48.0343,36.6196,124.7032,-126.1128,-209.2166,17.2922
186.7471,-113.3766,250.0929,-157.8190,190.9667,-248.9632,-78.4029,114.1119,5.9237,48.6595,155.7354,-162.8588,108.7142,-122.3289,19.9880,129.4874,10.4947,-113.6736,98.8960
228.1539,-101.2496,262.4874,-66.3058,169.4130,-139.2661,-83.1195,160.2964,-26.8120,64.9856,108.1729,-95.6374,70.7082,-51.1789,26.6520,165.8066,103.6836,14.3650,132.9889
188.4290,-49.3126,166.3767,-8.7168,108.1953,21.0164,-92.5873,186.1365,17.9087,117.5656,10.8547,-23.3157,21.6192,81.8078,31.3744,204.3152,90.6468,97.2496,114.1542
93.6593,6.4539,38.3082,-6.7106,27.1349,116.5975,-65.7928,178.3697,111.8013,159.4161,-82.8749,-3.8721,-50.0691,88.3555,65.4799,211.7436,73.0656,80.4120,111.7097
67.1526,-17.1885,-6.6815,-51.9236,-42.3920,120.2299,-11.7989,107.4834,165.7634,102.8306,-99.0183,-50.0221,-122.0437,-2.8752,104.4087,195.2138,130.9858,0.3405,145.9372
154.4414,-75.2439,45.7755,-110.6889,-91.2299,72.8234,4.7429,0.1526,128.2150,-25.5701,-45.8519,-114.2654,-159.4245,-32.1011,88.9698,160.0275,184.9432,-94.5109,175.9101
224.1777,-73.2281,76.1546,-144.8296,-130.7147,17.5655,-9.2498,-60.0586,84.5612,-109.6075,-4.2121,-139.2333,-125.0423,6.5702,60.9381,94.6802,170.0847,-172.8345,148.3162
178.8453,-39.4038,30.0857,-129.3091,-166.9764,-21.8103,-8.1153,-64.4842,78.8499,-119.7493,-3.5527,-94.3882,-23.1539,33.0657,80.5149,33.9123,136.2735,-219.6863,29.9125
118.9296,-30.1897,7.8161,-76.1194,-188.2777,-71.8593,-18.8521,-93.2931,18.9583,-119.3169,5.1930,-9.0062,76.8814,52.2354,95.1111,37.2866,110.8580,-255.9538,-132.6862
136.0876,-10.1485,62.8895,-31.8539,-163.8073,-157.0277,-67.4837,-168.4073,-67.0764,-117.8775,48.4910,42.1873,122.1545,81.7259,59.2861,76.2492,68.2055,-289.0494,-233.2159
168.3370,52.3504,118.1002,-28.1094,-79.4377,-233.1203,-83.5720,-229.1412,-32.8054,-81.2385,83.9218,40.0692,136.6862,97.2910,42.9289,69.0318,18.0029,-296.0548,-244.6851
179.5149,123.7108,120.8343,-57.3155,17.2122,-278.7980,-19.7674,-246.7080,67.5069,-47.0344,68.8226,35.3446,150.0131,99.1044,87.4985,22.7710,-20.7729,-287.2231,-232.1018
206.4930,161.6589,85.0211,-90.4870,70.1082,-325.6361,53.5415,-232.3712,84.5351,-57.9963,18.9369,39.7109,149.9429,96.3267,123.9999,4.7692,-50.9049,-264.4301,-211.6905
210.3263,134.7935,29.0920,-90.5635,96.6974,-325.1543,84.2024,-178.2235,67.8776,-58.4102,-25.4009,26.8572,133.1907,86.5704,117.7188,23.8399,-55.1432,-178.7929,-149.4039
143.0594,58.8379,-2.9393,-51.6211,131.8421,-207.0166,108.5949,-94.4496,89.3397,-14.9746,-53.0141,11.7752,108.2206,94.4274,119.2608,54.4656,-23.3885,-59.4569,-74.7657
67.1482,17.6644,23.7489,-26.6110,152.9105,-51.8755,130.2027,-32.7460,86.4613,4.6730,-70.2215,4.9646,71.0395,119.0701,144.7505,90.4684,18.7434,-8.1542,-33.6927
33.8126,34.8354,59.8341,-39.5796,150.2667,40.3242,124.5584,-6.2060,66.4803,-7.1527,-78.8711,-15.0908,44.3038,105.8968,159.1300,107.4069,62.6333,9.3085,13.5380
19.3125,33.0554,53.1629,-27.6310,169.4807,121.6320,148.5984,34.6951,86.1638,29.8413,-93.7576,-14.7963,54.1507,64.5083,154.2814,74.0360,109.0179,103.9968,113.2815
26.8444,7.3991,21.1086,27.3684,211.5619,233.2945,242.9536,115.3314,111.3249,104.7889,-126.7259,47.0258,57.9319,70.2264,145.3354,21.8148,124.5945,213.9960,224.2889
64.6835,35.7088,-24.1591,34.6393,212.0580,291.3445,319.8947,195.3562,171.8758,147.2607,-149.9064,98.0625,24.2853,116.3879,147.4250,16.5939,92.3883,203.8524,291.5878
91.0587,98.7667,-82.2361,-31.6640,160.5881,254.3572,313.6433,228.2632,304.0105,178.4718,-138.4304,68.8887,22.3451,134.4612,171.3421,62.4746,44.0622,117.2270,315.7165
84.1148,120.2840,-118.4208,-72.6343,122.1234,184.0669,283.9556,214.9112,316.9646,219.8104,-123.5241,31.5566,93.7022,119.9085,181.9654,90.1417,5.9080,75.6638,305.3973
48.4808,116.3814,-132.2008,-56.1031,121.6529,124.3585,273.0889,183.3887,133.1053,214.1800,-141.8960,53.6737,160.7920,99.3936,136.8117,55.0803,-23.0782,64.2656,258.4247
-9.3210,118.0843,-164.6673,-58.8666,107.1997,73.7693,237.6225,149.4658,42.9741,164.5035,-174.9929,80.1060,161.8174,58.4210,80.1691,10.2360,-53.5700,11.2881,197.1459
-28.0304,95.6954,-191.3843,-79.7542,42.5846,17.9520,155.4878,123.3679,130.5976,134.9101,-179.7164,75.0485,123.0599,-11.2340,56.4763,21.8874,-77.0516,-45.4419,151.5629
29.2777,68.1383,-151.1490,-21.9403,-24.4177,-56.1826,76.4757,121.1048,100.7197,115.7900,-141.0175,86.6506,77.5572,-66.8573,12.9861,57.5264,-34.1894,-13.8879,132.2741
74.6871,90.7350,-50.0130,119.6328,-18.9075,-108.9347,66.3715,136.0444,-38.9108,83.7377,-83.9009,118.7918,51.0083,-59.2511,-53.7709,59.1886,94.9580,93.1020,148.2697
64.1664,114.6029,61.0243,225.1529,52.3670,-82.1490,117.8426,146.3819,2.5827,73.4618,-46.5984,123.3393,62.6137,0.6272,-51.9053,49.1095,190.4357,161.0590,195.3002
81.8342,67.2493,125.9439,215.6488,101.8536,-14.9687,134.8964,160.3993,133.3559,74.4044,-38.6211,111.3352,61.0129,37.5518,-3.8443,49.2100,159.7847,137.7822,229.4765
126.0663,21.6655,99.8069,135.8220,81.9160,21.5548,83.7988,181.9079,106.9519,35.0895,-46.1360,120.0430,-8.5370,6.4650,-22.7093,19.1132,96.2756,91.2508,217.9686
114.9442,77.8387,26.1978,57.9572,40.0904,65.3198,60.6737,171.3500,49.6612,-28.3966,-60.8528,120.2254,-75.6421,-37.5891,-70.5728,-41.9578,80.4006,78.1937,191.9585
98.3161,160.8396,9.6063,-8.9375,33.4775,168.0369,92.1297,129.2001,102.1687,-76.1291,-61.8969,74.9330,-48.8013,-27.9978,-41.1917,-76.1385,49.6230,79.6701,191.3480
135.5066,142.5302,54.4967,-63.7889,56.7607,262.2732,82.6093,118.8670,130.5554,-94.1591,-30.0029,29.6916,24.1707,11.5324,20.2780,-69.1989,6.9635,83.6318,200.4821
134.7365,70.8752,75.4366,-50.8368,80.5252,274.7326,41.2923,141.4375,98.1142,-55.8171,-8.4410,53.5627,53.0635,24.2902,32.0757,-46.5588,46.3814,97.8785,188.2600
67.2745,66.9689,48.4156,39.3740,103.1190,242.5656,61.0784,136.4428,94.5982,20.9643,-43.1268,134.0019,45.5069,16.0563,27.6818,-16.5615,120.9404,96.6744,164.6923
47.5015,95.4157,9.5718,91.8064,133.9319,214.3550,99.3146,110.7913,81.2055,55.9571,-81.6578,195.1791,39.8382,32.2994,47.3494,9.4425,106.1120,55.8592,156.9740
87.0006,60.7433,-22.0322,27.4453,154.9748,165.9448,83.0758,101.2150,66.6709,47.7886,-64.6446,203.0994,23.9607,75.1991,66.9297,17.0504,31.6184,-11.0795,164.8117
89.0527,20.0029,-32.7208,-64.7242,135.5850,82.6904,67.1837,86.9381,145.0072,59.8772,-29.9132,204.8823,-14.0954,101.4504,63.6579,11.5576,-1.6389,-82.4392,170.6934
56.2437,72.7900,-15.4668,-84.7518,84.0062,13.9679,74.6095,69.0949,199.7583,65.3442,-12.5151,247.6133,-51.1534,110.4274,27.8058,-5.3035,5.9361,-122.0795,166.0573
45.2258,156.3353,1.3523,-63.6530,40.4858,-17.3778,39.0983,80.8130,91.6840,10.5019,10.9517,297.2842,-66.4388,145.1541,-36.1497,-25.4341,10.7940,-94.5526,142.4681
39.3916,150.5480,-1.5598,-43.0210,17.4332,-70.8174,-26.1389,74.1520,-21.0160,-59.0065,32.3501,298.6637,-59.2870,175.2614,-84.6267,-23.3570,15.5530,-38.6553,93.3339
15.1382,76.9679,7.3549,11.9177,4.1512,-175.5049,-53.8397,-3.8217,-1.2723,-86.9989,34.9823,277.6959,-41.4971,135.0296,-84.0640,-21.1074,52.0835,-17.1388,44.2868
0.2966,40.2758,67.1771,103.9227,11.4861,-244.4358,-38.5901,-84.2971,31.2806,-85.1476,62.1418,278.0752,-31.9713,87.5877,-46.7754,-60.7332,139.6673,-7.6480,32.7679
18.8868,52.2941,163.9453,171.7759,39.7569,-196.6701,10.8325,-106.8692,27.6204,-74.0719,119.4040,249.2639,-29.8523,127.7868,7.5114,-86.3133,234.3568,23.9637,48.4171
49.9249,27.7708,223.5426,191.8773,51.6967,-72.7652,76.8479,-114.6421,74.1456,-60.9318,126.7128,145.2635,-1.6132,187.5018,58.3615,-18.9939,252.5555,36.5578,56.4082
45.6423,-58.7528,190.4610,181.3590,47.8318,58.9214,119.3621,-107.7503,130.6868,-40.5249,58.0390,50.8004,68.7072,180.1410,97.5457,84.6280,190.0058,10.3164,68.5250
-1.8686,-113.6861,108.3924,127.0137,79.1023,179.4759,171.5285,-31.8570,133.6440,2.2451,-16.4875,40.2487,142.0462,157.3081,159.7833,120.0488,115.0603,-22.6188,109.6787
-41.5688,-85.3996,45.4981,20.5270,129.8207,238.3333,260.9789,54.7996,154.3450,26.9863,-53.4484,38.4084,175.9208,138.8934,241.2505,92.2438,48.1033,-79.9450,143.6436
-57.2642,-58.6486,-10.3377,-78.3213,120.1925,170.4688,273.4638,41.8951,193.9454,-22.8021,-72.2827,-21.7301,176.5282,73.7109,254.3409,61.6375,-19.7286,-174.5144,120.7351
-87.5050,-82.5009,-74.3811,-103.6672,54.5751,35.1369,166.4994,-37.8360,141.1334,-83.2256,-87.2992,-76.9715,158.7177,16.9232,177.3140,43.6504,-59.8519,-221.3340,60.4276
-126.9070,-89.9844,-97.6194,-77.1975,8.2936,-46.4921,93.4164,-69.6302,15.4211,-60.8659,-86.8113,-82.9600,106.0035,25.4177,103.9850,24.8609,-66.8620,-190.6004,15.4159
-143.8841,-70.3141,-74.8984,-67.0677,-28.4269,-84.1240,90.5229,-40.2085,-68.6289,-8.5642,-63.0933,-87.0249,17.9934,5.7391,74.5562,-0.0429,-76.3150,-195.3070,-4.9203
-149.3993,-69.4456,-64.6838,-74.3789,-120.9086,-165.2176,25.3431,-12.2238,-107.3541,-2.8387,-30.8211,-101.7770,-57.3361,-70.0722,42.2500,-17.7334,-82.8170,-264.2862,-24.8133
-133.9915,-38.0782,-60.4540,-41.6034,-233.6868,-261.7106,-68.3734,10.1689,-128.5984,3.7636,-4.1859,-88.8581,-84.5319,-82.1350,4.8068,-9.5291,-51.8218,-263.8367,-48.1097
-77.3435,38.3182,-13.3470,30.5959,-275.5337,-275.1098,-64.5718,58.8959,-103.9339,34.4557,28.4153,-55.8559,-91.0423,-28.5429,-11.4416,4.9513,8.0677,-160.6702,-56.7825
-43.2532,31.3801,46.0420,73.9318,-259.0930,-214.0372,-48.1854,89.6355,-99.9452,11.3241,65.6759,-35.1238,-120.5064,-19.6733,-33.6944,-17.3724,57.7337,-85.2026,-52.4823
-67.1034,-58.3827,56.5245,64.0650,-258.3580,-163.4472,-122.8639,38.3911,-217.3726,-59.1836,73.4067,-19.4018,-160.9980,-35.4731,-77.0292,-64.0545,63.0325,-75.4403,-56.8278
-58.6052,-48.7303,26.8574,35.5169,-259.3398,-133.2968,-170.3506,-29.7933,-308.3401,-53.3110,59.2940,6.7794,-156.4800,-1.3088,-93.8382,-72.2002,10.9835,-39.4100,-65.4148
5.0349,56.2795,6.0700,-1.6762,-193.8006,-67.2394,-104.5422,-8.3966,-157.2097,56.0295,79.4952,25.1256,-88.4409,49.8135,-63.5012,-24.3560,-59.6995,34.4136,-51.4188
18.8137,65.4421,23.4143,-53.4570,-68.1085,45.2066,-44.2551,52.0061,73.7945,146.1260,129.3495,4.3450,0.5276,77.6368,-37.4532,13.0114,-85.0892,82.4135,-17.4259
-24.7199,-19.6452,69.8406,-84.0573,59.5644,158.3869,-59.8666,49.5986,88.5560,143.3584,149.5232,-46.0836,83.1609,97.8828,-45.1743,-25.6272,-49.3432,117.6992,21.1505
-32.8331,-39.3767,110.3727,-52.7762,173.1010,241.0477,-42.9753,42.5635,14.0508,124.0219,139.9860,-58.3879,175.2601,108.4572,-29.1340,-88.8734,20.7381,185.9016,81.1693
-16.1109,15.9394,135.8927,35.6840,270.8793,300.7500,78.0554,119.6809,116.5258,161.3516,143.2723,5.7920,258.6894,103.4978,60.5513,-59.3656,103.2041,266.8798,160.5778
-36.1630,46.6546,167.9974,150.2561,314.5679,348.3676,201.0375,206.9479,241.5278,193.3232,164.6072,77.5808,282.7423,94.0115,162.7928,45.3574,180.8944,321.8217,198.6300
-53.4296,29.0690,201.3500,247.4919,290.3363,363.5641,207.4807,201.4807,154.3704,133.3405,194.5931,77.9890,263.3882,70.4157,191.3124,84.9595,238.5339,333.0672,162.5715
-3.2432,9.4310,225.1440,287.4242,242.4271,314.2252,138.2968,125.8791,14.4436,15.2334,231.2285,34.6807,255.5660,30.9217,162.9592,44.4770,274.0398,282.4025,96.5298
95.4470,49.0521,264.1432,280.6316,185.8038,205.8906,103.8518,41.2164,1.2556,-70.7390,252.3133,16.1155,237.2126,-12.2248,138.1564,31.1814,286.6872,172.0123,37.8290
177.9444,161.3588,304.3375,261.3244,79.1476,69.5622,94.8606,-34.9302,0.7684,-103.4789,240.2881,26.7347,153.3938,-71.7034,118.4577,36.7827,269.2621,34.8400,-29.5003
204.4204,257.9543,285.1355,220.8664,-71.0120,-78.8266,37.9548,-106.8602,-50.6417,-120.5306,214.3136,24.7079,39.2820,-122.6202,83.0597,-15.6242,220.6841,-84.9507,-115.0174
186.6685,271.2055,224.8803,159.7894,-174.9328,-196.8706,-35.9558,-182.1861,-67.2671,-144.7159,193.7190,-9.6839,-18.7899,-105.3733,36.8289,-73.5699,157.5850,-122.2043,-182.9459
152.6610,258.4022,196.0725,136.8357,-162.3154,-199.7229,-44.7702,-233.6652,-75.2442,-153.6384,169.3448,-39.4179,-2.6235,-68.5323,9.4487,-58.6581,119.8129,-48.0714,-186.9931
108.7728,259.6229,188.5646,160.5617,-52.4719,-84.1549,13.7185,-211.7255,-114.4428,-116.2943,130.4626,-16.8787,38.0934,-97.7241,50.7955,-14.6249,130.9191,46.7699,-127.8344
85.7798,221.2498,159.2862,147.2601,75.8002,29.9636,85.8747,-151.8932,-96.0893,-67.7115,96.3569,25.1691,67.1479,-121.6154,139.5129,5.7880,141.2952,65.7289,-67.6773
126.2875,132.1369,128.0630,73.7815,144.0086,65.2627,117.0520,-138.1328,-13.5608,-72.5685,101.6355,19.6254,89.2544,-44.8882,149.6259,18.0776,96.0618,49.2596,-55.2590
170.4840,44.5547,110.0333,25.4212,137.5952,67.3260,85.2250,-144.0974,40.0602,-95.7841,132.1581,-7.6276,109.0834,56.5835,70.2189,33.4048,47.8475,64.7731,-53.9833
122.4420,-20.1479,90.0000,41.0577,117.3008,84.8826,52.2084,-93.4449,83.0651,-54.8071,123.7423,0.0253,112.6407,90.5641,68.3747,57.0546,77.5794,87.2380,-2.3274
29.4930,-45.9243,92.0999,68.7260,122.7605,109.8866,83.3280,-18.1917,158.2547,15.8926,75.7337,15.4476,109.1741,93.5086,164.3475,94.1955,152.8326,84.8829,86.4666
-2.2957,-10.5973,130.2460,87.9054,107.1039,126.8810,115.7387,16.9758,195.7881,34.1209,63.9331,17.3673,122.2425,109.1322,169.9844,104.9714,193.8405,63.4427,139.9998
25.6013,39.8277,151.0347,126.2242,24.0058,116.0410,63.3316,25.4670,163.7038,23.3748,93.7808,42.3836,115.1752,129.4311,62.2607,72.1970,200.3309,17.8478,118.8328
78.8638,40.2351,131.8048,163.3729,-94.3795,56.9877,-22.0322,23.1640,141.4014,29.1407,96.1285,70.9162,37.9744,146.3756,14.5594,53.0299,211.0842,-36.9406,64.9510
144.1196,7.4237,110.9265,142.9845,-199.1333,-27.8122,-53.9372,-9.7637,172.3008,21.5467,72.8002,58.8477,-57.9272,135.2871,47.3887,59.1670,221.1942,-69.6387,43.2791
159.1271,-4.9854,93.7507,71.9800,-280.6129,-97.9976,-59.7991,-58.4301,192.9987,-8.0597,70.3519,50.3965,-102.4239,90.7996,37.7235,32.5006,200.9330,-98.2198,35.5254
108.8354,17.0278,72.5985,15.0029,-342.4102,-145.5854,-111.5360,-92.6048,117.5981,-22.7205,66.5857,72.9937,-138.8922,69.0009,-25.9506,-24.1758,145.9108,-131.2203,-27.9985
100.5454,48.4309,78.0111,-6.7904,-392.6027,-171.4014,-208.3236,-128.4698,-28.0258,-39.8480,34.2751,63.6441,-211.3313,61.7503,-82.0589,-64.6401,90.1001,-125.3144,-115.3834
161.7881,56.8734,90.8442,-28.7936,-430.0318,-156.0379,-280.0536,-178.0665,-95.3880,-85.3219,4.6103,20.4895,-250.4317,-9.0344,-115.0677,-92.3447,63.0638,-81.3601,-120.9495
173.0084,63.1054,34.0653,-51.3829,-401.5243,-76.7394,-265.6340,-181.7097,-18.3228,-87.0310,-19.3446,20.2006,-206.4371,-84.9223,-112.9662,-102.7658,32.4187,-27.5968,-49.9374
99.1144,118.8039,-74.5542,-34.5602,-261.8708,54.2789,-171.2021,-69.9647,103.1216,24.0420,-62.8513,57.8076,-123.0810,-42.5046,-81.5603,-61.6964,-40.9371,54.2791,18.8656
27.0033,158.6210,-118.9340,-0.8416,-70.3071,155.8215,-33.6491,109.9036,198.5430,162.3707,-85.5632,64.6197,-22.5284,38.7460,-66.6429,-1.2779,-102.0899,126.9357,104.5311
-17.9419,58.6285,-59.1589,-20.3679,92.0014,145.9285,130.6809,212.5711,279.9206,188.8039,-40.2821,29.5666,98.3027,19.0719,-46.9437,16.4177,-73.0362,102.0831,243.3397
-50.9525,-97.2331,29.5874,-73.2054,227.7575,70.5675,279.3577,183.2079,315.7000,117.8939,23.7845,-18.3351,183.0135,-29.1132,42.3738,14.1906,16.1570,35.5083,341.7794
-32.2107,-113.6076,79.1563,-63.6094,319.1251,38.6252,334.6744,115.1921,280.3582,70.0541,36.4014,-53.5008,180.8176,-14.5599,141.0443,44.4100,88.0127,45.9422,307.6584
31.5440,-40.6873,95.4880,25.3180,275.5135,44.0592,288.5324,74.9440,211.6934,67.2598,12.2134,-50.9901,126.5534,-27.4050,127.5541,87.9028,136.6398,83.7070,205.8399
54.9493,-43.3446,121.0990,119.4469,117.2926,15.6914,213.4692,40.5927,135.1234,60.0670,2.6974,-18.5025,79.9720,-92.2838,37.9182,101.7022,185.1664,55.4030,146.1284
31.1087,-29.1012,161.2015,163.0337,1.8281,-37.7029,156.7232,23.6333,101.2052,75.2991,8.0126,5.3246,61.0513,-73.0203,16.6297,93.5820,207.5766,2.1611,133.2789
34.8652,148.7831,157.3677,142.7154,-27.5352,-79.2710,117.3515,43.0850,173.0484,131.6465,-7.6151,5.3707,50.4482,26.2347,80.0936,93.3400,162.3136,-33.1627,104.6539
55.2890,326.2714,71.5832,69.8354,-82.9640,-112.0665,79.9113,34.7006,270.1683,148.3481,-46.3172,-13.3710,18.4478,40.1652,107.2394,96.6958,55.1146,-74.7216,31.2818
17.1933,294.5179,-34.3122,-4.0047,-195.8906,-126.4223,20.3929,-30.2914,290.1199,107.5682,-65.9208,-45.8760,-21.9726,-43.3261,55.2007,77.8259,-48.6476,-109.5889,-55.5145
-54.5921,158.3239,-73.8466,-27.2636,-285.2426,-113.6511,-57.5519,-71.9501,279.9655,94.1118,-43.1253,-68.1514,-38.9774,-88.1215,12.6072,43.5087,-75.1248,-120.5534,-106.5434
-78.7430,103.1627,-46.6881,-6.1818,-331.9366,-99.0625,-116.1079,-54.1588,238.4449,108.2572,-9.3684,-58.5279,-65.7782,-67.6569,13.1204,25.6334,-26.0945,-125.9667,-104.2043
-73.4873,129.7767,-5.4420,34.7512,-360.5371,-76.3861,-138.9155,-21.7291,121.6967,99.3649,4.6733,-34.1776,-125.8775,-56.9490,-12.6423,23.5202,27.8377,-101.4157,-63.8460
-94.2495,201.9155,25.9136,94.7821,-324.2805,-19.5329,-119.9818,22.2519,80.6683,103.8135,13.4059,-19.4536,-128.8551,-71.4875,-64.8280,20.4803,48.0347,-24.1767,-13.8399
-101.1577,305.3544,39.1684,159.3351,-186.9028,43.7192,-48.5092,92.0626,152.0238,120.1027,26.6159,-3.6774,-23.2444,-64.6242,-70.5880,31.8672,51.4874,58.2702,19.3859
-51.6526,327.5932,17.4952,192.7315,-13.3438,88.7691,34.9641,145.9599,60.8689,68.9496,20.3944,42.5781,82.3392,-2.2169,-46.8266,62.1564,55.5789,120.1682,47.4399
-5.1073,208.2405,-20.4455,187.3560,127.6693,129.0439,88.3373,156.3866,-160.5522,-11.7470,2.1289,115.0280,115.7596,95.0987,-49.3511,77.4546,74.7251,163.5050,108.5855
-2.0393,99.0652,-17.3090,174.8677,225.7800,144.8627,148.7999,148.3460,-116.8986,-27.4408,18.0683,165.8056,144.3161,161.3060,-47.0175,74.5257,121.9532,150.0557,180.1547
6.4172,114.6139,27.1197,187.6708,258.2411,125.3513,213.4464,143.0414,120.9591,-19.0647,49.1867,180.8515,178.9499,172.9246,-22.7897,85.1006,167.0363,95.8899,191.5756
32.2126,156.5997,30.4406,210.8503,199.2897,114.7469,187.0127,145.2271,138.5692,-30.2234,22.4186,200.2912,137.8905,172.2898,-27.3662,108.6478,162.8916,70.6048,146.8367
33.0816,152.8131,-33.1289,181.8510,99.1617,95.5206,74.7673,143.2629,10.0211,-5.7326,-37.6068,205.1193,35.3939,163.1890,-48.8512,131.2079,110.9050,34.7550,103.5009
26.8130,160.3658,-74.1482,85.1025,29.5411,10.5363,-8.0298,113.1953,22.3938,41.1596,-43.4935,132.9099,-36.3363,110.4493,-44.9520,153.0311,34.6448,-61.8814,55.4680
53.0224,164.7540,-54.1599,4.3641,-11.0003,-70.3448,-47.8434,78.1276,73.2637,53.7933,-28.2752,42.3404,-62.9181,39.1365,-56.9079,150.5951,-52.6984,-119.8194,-19.1925
76.0055,98.7715,-55.5924,-1.0593,-48.1882,-60.0612,-100.2053,76.6637,29.8714,70.6100,-66.8943,35.8633,-71.4526,-14.2253,-106.1945,111.8729,-118.2313,-87.9384,-85.1626
50.8896,33.6574,-97.5710,13.9534,-68.7906,-36.4734,-145.3386,57.9425,-25.5785,91.8215,-89.5921,57.9110,-53.8438,-69.8972,-142.0861,84.2849,-137.6747,-70.9091,-141.7378
4.4353,73.0282,-87.7649,-3.3270,-63.4357,-77.7519,-167.2979,-30.5615,-110.0133,36.5608,-25.9838,14.0278,-21.9771,-116.8789,-165.5561,87.0329,-144.6090,-92.6578,-231.2097
-16.2108,152.3143,-21.6585,-27.1452,-39.5205,-119.2227,-183.4656,-106.1006,-218.5709,-49.0855,30.1106,-54.6008,-8.7786,-103.6156,-183.6208,75.7795,-166.8543,-83.1451,-294.0482
-1.8665,144.5676,8.8537,-43.7567,18.2770,-115.7695,-132.8972,-78.1044,-173.8095,-43.7747,23.0870,-91.0415,6.4790,-50.7977,-124.6748,52.0411,-175.9081,-66.3072,-218.1006
30.9510,49.3360,6.5867,-67.0384,106.5455,-89.6076,28.9590,10.8905,-22.8904,30.2608,42.6394,-98.4893,61.3590,-21.9624,-6.5917,61.6679,-158.3462,-55.2843,-45.5156
64.5927,-32.7461,26.3578,-65.3797,164.8907,-14.9057,185.2415,93.7259,-3.5624,87.3234,95.4692,-68.5617,128.5734,-24.9247,35.1777,89.4312,-136.5382,25.8844,71.6389
81.7757,-27.7951,30.1985,-13.6723,158.8850,98.4684,213.5442,152.3326,-57.3658,111.0392,91.1269,-35.4172,150.3134,-33.7054,4.3489,90.6924,-99.1215,130.3504,87.0249
62.4047,32.6735,-6.9649,40.6783,117.4860,135.0548,152.0614,149.0198,-3.4031,98.7867,57.7613,-54.4189,111.9669,-27.5381,25.6133,64.5997,-24.5570,126.0205,60.8431
19.6435,53.7276,-12.2362,68.0650,52.9753,70.7858,87.2164,74.3780,72.9528,66.2896,66.9723,-49.6141,44.4569,-8.4728,82.3456,24.3412,50.7702,64.2482,22.6020
14.3431,34.5264,32.2163,104.6218,-33.6866,28.5784,32.6251,12.8793,51.0998,55.9535,84.4902,40.2097,-12.7433,-22.3143,73.5548,-14.1893,88.3824,67.4134,-31.5060
56.4399,76.1314,56.3213,146.3620,-92.8180,42.0563,-28.3633,3.0956,-30.1302,32.3035,102.0157,85.2639,-43.8861,-75.1420,14.3248,-29.1681,108.9213,78.6779,-89.1532
75.5636,155.3396,53.2316,127.6121,-108.8083,7.5743,-94.5385,-38.3737,-143.0466,-54.0305,167.4155,31.8119,-60.5240,-87.3502,-29.1866,-44.7623,122.0004,0.6590,-146.3762
77.1090,114.8903,57.9785,33.0494,-148.8440,-98.7388,-150.2321,-139.7193,-241.7625,-122.4362,219.3659,17.4610,-65.0977,-50.6718,-36.5354,-93.1492,75.2633,-123.5765,-202.3570
143.9459,-25.3187,35.1665,-88.4456,-206.3289,-180.9248,-168.9771,-199.6454,-205.1956,-92.4664,174.9112,34.1449,-35.9712,-60.4344,4.5465,-123.0820,-58.9652,-221.8118,-220.0763
230.1157,-56.4650,-34.3997,-204.7428,-155.8069,-193.6058,-119.7913,-173.5250,-49.4532,-26.0389,107.4122,-53.4736,32.6880,-122.0301,78.6308,-79.4762,-203.3748,-272.4654,-174.2358
214.2642,40.9661,-66.6213,-289.9190,32.8686,-175.6504,5.3916,-149.6214,68.6227,1.0642,104.6482,-156.3019,110.6099,-160.6275,133.6452,-6.5322,-248.7749,-250.2265,-108.3658
124.7651,63.0222,-11.7151,-290.3057,218.6736,-139.6539,151.7185,-177.0190,105.7022,-4.7681,121.1487,-118.1642,167.0651,-174.7902,168.5968,42.0831,-193.3035,-164.5887,-67.1278
52.1983,-42.6232,38.5626,-209.5414,292.6615,-67.5900,229.8109,-178.7888,135.1793,-15.5172,106.8991,-37.6810,199.2655,-169.1553,213.6077,78.0797,-140.7193,-89.8861,-22.6768
-1.9623,-125.5756,-5.4493,-150.3456,290.1558,12.3577,227.2302,-88.3763,167.5800,-2.9627,90.0980,-53.4238,218.6007,-109.0591,240.5797,110.2638,-140.9306,-55.1239,66.2614
-11.8132,-120.6177,-68.8362,-162.8338,281.2386,56.1367,213.0940,43.2273,143.7701,34.9707,92.8717,-103.6477,223.2274,-38.6281,219.5795,124.6765,-119.1731,-11.5359,173.4327
70.3230,-75.8630,-23.2743,-149.6780,275.8869,75.6892,201.0112,112.5608,53.1031,32.2662,100.8288,-94.1764,189.8241,-5.8028,176.9235,116.8884,-8.7528,51.7900,226.8032
164.3738,-0.6142,95.0335,-24.2200,240.4834,97.0019,137.8970,73.9781,-30.7730,-57.5194,101.0237,-15.3322,108.4285,53.7684,124.4673,73.5290,156.7619,87.4690,185.8355
198.9335,93.5696,159.0818,158.7116,159.2334,99.4888,35.0775,-28.8782,-63.7493,-189.6328,104.0697,113.8989,21.3911,144.5567,50.9276,-3.8223,328.6066,92.3257,81.1204
246.9691,156.5165,187.0604,306.4647,75.0760,57.0734,-42.1157,-127.0595,-104.8556,-313.0944,134.0608,223.1881,-20.1777,153.7644,-14.8325,-60.4735,483.8707,104.9371,-26.2708
319.6987,191.7348,264.2856,380.6132,37.2064,-14.6649,-88.5480,-209.3202,-176.0762,-416.1905,172.0347,222.4141,-31.1535,77.3691,-40.4752,-67.5552,562.6786,112.1246,-113.3630
319.8292,206.6991,323.9769,359.6645,16.7037,-75.0955,-133.1920,-297.1976,-201.8364,-481.2015,161.2360,124.1789,-61.3846,17.9223,-43.7041,-71.8295,519.6321,75.1990,-184.0990
267.5470,140.0163,275.9909,266.1962,-47.4216,-90.6959,-156.8865,-360.5521,-177.9868,-497.0786,115.1275,19.9812,-109.9142,-10.4911,-44.8201,-100.7768,424.5928,15.1930,-216.7438
244.9779,16.5366,190.8519,192.5571,-136.9282,-75.8833,-131.4625,-361.6077,-162.7504,-488.3417,107.4416,-30.9997,-126.9386,-47.1985,-30.8427,-119.3251,358.2041,-34.1553,-204.1783
206.5210,-12.7044,136.8688,164.5903,-169.2817,-94.7705,-85.6219,-349.9323,-136.7770,-492.7241,141.3471,-35.5499,-74.2964,-91.8208,4.0841,-106.4463,278.5382,-90.0760,-200.9495
105.9696,78.3265,90.0141,101.4730,-95.6822,-164.9012,-64.4545,-389.1837,-122.7997,-529.7955,166.0078,-41.3611,38.1944,-128.8919,31.5579,-86.8993,148.2748,-152.3637,-237.1939
17.5572,136.3416,90.3264,-3.8380,52.1580,-215.2124,-56.3055,-448.7899,-205.3911,-561.7760,164.6637,-55.5622,143.0782,-105.9006,17.7107,-87.4549,59.0653,-180.7319,-260.5338
0.9837,76.6089,153.0497,-63.6295,177.2685,-199.2889,-24.9523,-468.7965,-279.7407,-515.9470,121.1333,-15.9376,170.3531,15.5351,-33.3962,-97.1315,64.9081,-188.3269,-229.2949
35.1731,-33.8387,113.6979,-82.1893,201.5982,-156.3549,9.2756,-436.0016,-195.0272,-404.2184,31.2955,68.9646,139.9368,126.6350,-80.7164,-78.0656,65.3687,-216.2910,-161.7235
69.1324,-105.4728,-89.7536,-132.3640,161.0506,-127.9351,9.2942,-351.1030,-100.0584,-326.0025,-23.5947,86.5921,122.4669,109.9693,-101.3881,-39.9704,4.5726,-224.0240,-76.7611
49.2090,-99.8904,-233.3155,-181.6199,146.9791,-113.7387,2.3796,-238.3330,-171.3097,-316.0351,16.8626,26.8525,115.8353,47.5604,-111.0930,-47.0696,-21.0132,-158.6263,4.8985
-10.8818,-58.3762,-185.9980,-155.7719,165.4721,-103.6347,14.4056,-161.3669,-272.4270,-315.4409,69.3995,11.5191,76.5367,56.2030,-117.1800,-91.4541,26.4306,-70.0524,36.7374
-43.0022,-65.7747,-107.4892,-83.8772,161.1054,-88.1977,10.2705,-128.0393,-265.1576,-276.9703,44.6446,66.9734,24.3030,92.3601,-105.4095,-89.3523,49.0658,-26.6727,16.6138
-56.1445,-102.1739,-109.4095,-20.9673,130.6813,-68.2400,-9.1577,-77.5711,-230.6186,-202.5433,-7.8882,98.5935,-2.7990,85.0053,-82.1953,-52.9090,31.3571,-16.4050,6.3571
-69.7068,-59.1662,-116.0051,42.8970,95.9549,-58.4625,-1.4470,-16.7309,-217.9674,-131.4426,-7.3279,80.9998,-19.4283,52.1003,-84.9985,-70.6008,69.0729,-11.7159,22.6490
-3.3367,52.9281,-90.7513,104.6762,36.2903,-59.6061,-2.1945,-19.0888,-202.4388,-98.7288,32.2417,77.1341,-46.2661,23.3752,-136.4818,-116.8137,141.1033,-21.8285,1.7956
129.2145,123.5507,-71.2454,111.8529,-53.2022,-80.5614,-60.0045,-88.3642,-209.5380,-67.1748,56.7817,100.3837,-75.8428,-9.5447,-193.0846,-106.3059,115.6140,-52.3078,-96.2010
161.4669,130.7120,-53.2268,40.3631,-114.5538,-160.9258,-120.7105,-171.2209,-208.8153,-2.2258,60.0283,87.6844,-83.9282,-70.4916,-172.8372,-74.3042,-19.8226,-96.6665,-220.1877
80.8977,99.1674,-38.0584,-77.6356,-93.7849,-278.6415,-141.1487,-247.0910,-145.5112,27.9048,70.4223,9.4103,-26.7766,-140.9904,-76.1129,-97.7321,-153.7706,-144.7052,-280.3671
33.8845,8.8737,-64.6013,-188.8804,5.5374,-321.9181,-153.3188,-292.1682,-104.5455,1.7296,93.6952,-63.1760,88.5336,-136.9734,-11.7492,-145.4833,-222.9235,-162.1254,-243.3934
19.7413,-89.9594,-122.0622,-247.2749,137.7272,-246.3920,-138.9573,-255.6054,-136.1057,34.0733,104.5779,-60.4539,153.5134,-49.0256,-33.1080,-144.0674,-235.2890,-126.8180,-156.8719
-32.4091,-80.9688,-158.8419,-249.3900,241.8023,-138.3608,-57.1500,-141.3334,-119.9059,149.2548,81.8886,-31.3133,117.2658,-4.2234,-59.0205,-80.4947,-214.3055,-81.2236,-71.7923
-61.6278,15.7360,-168.4823,-232.9999,275.0739,-72.7464,37.0171,-15.6128,-16.8969,231.8219,21.9138,-40.7038,83.0867,-40.1979,-20.2714,9.5382,-199.2159,-70.6946,11.7362
-47.5123,67.2669,-182.4223,-212.2747,238.4159,-38.4877,87.5654,80.1244,68.9689,271.2903,-56.2428,-40.6797,109.3403,-38.2332,54.0386,79.4066,-213.0103,-72.2743,91.5331
-76.3469,38.3326,-215.5382,-175.6545,157.4276,-7.9726,119.1684,146.4259,116.9530,334.8386,-106.1955,11.5641,114.1536,28.5527,113.1698,109.7096,-231.3156,-59.2265,132.6331
-118.6686,-8.3665,-252.8358,-149.6586,69.4362,21.3919,141.0896,184.8848,165.3569,375.2697,-112.5040,51.6493,69.3395,77.8862,121.9622,121.9062,-229.8757,-57.8072,127.5891
-87.0499,-34.0180,-266.6460,-164.9691,28.3883,39.9713,148.0238,196.5392,187.8338,354.5270,-123.7752,42.6053,43.6757,107.1332,74.9700,128.0930,-206.8210,-75.9501,112.9497
-40.0181,-39.3612,-247.6516,-191.0612,48.2067,40.7445,178.4966,190.0700,192.8113,351.2779,-152.9274,27.4221,35.3026,125.7632,43.1400,122.9433,-174.6030,-86.8856,111.2164
-45.6771,-67.5165,-215.9852,-209.1844,51.3345,33.8427,226.7796,174.5471,243.1996,382.7841,-142.5905,2.0885,-7.1574,85.8237,92.0861,128.9121,-187.3933,-115.5675,111.0502
-58.2895,-168.8147,-198.9595,-257.4176,-35.1066,31.1697,220.1609,163.4613,310.4488,391.7357,-99.3601,-67.2658,-57.0981,29.1882,160.3867,159.4562,-281.9707,-189.0561,86.2667
-76.4361,-254.3072,-207.8199,-306.9610,-158.0751,21.7197,143.1836,162.5052,291.3163,401.8542,-99.7577,-127.7450,-73.4848,31.6442,153.2391,177.8301,-372.1985,-221.5453,20.6409
-143.9726,-156.0078,-217.4128,-262.3698,-199.1884,-2.9642,60.1631,150.4393,179.8007,432.5448,-130.1679,-114.1512,-73.7370,29.3477,88.2197,164.5833,-355.8815,-138.8886,-38.6073
-193.7621,53.5009,-178.1010,-163.4723,-115.3952,-22.2560,48.6681,123.1377,119.0149,413.3257,-109.9827,-72.0467,-52.6165,-31.7580,46.3610,142.0871,-280.2771,-33.2661,6.9506
-152.9549,92.9009,-85.6746,-155.6575,42.4550,-10.6257,151.8657,128.0615,214.3184,336.7477,-44.6770,-77.9110,34.6282,-61.9934,69.0173,113.3263,-238.7283,-3.6415,164.3670
-99.7595,-75.0619,-7.1402,-228.2536,188.2625,25.7499,298.6091,175.9167,323.1202,268.4475,2.4713,-112.5756,168.7483,-27.8544,129.7881,72.3741,-227.7567,-5.0862,288.0702
-120.0891,-185.8977,-5.1198,-249.7363,239.7720,41.7848,338.1447,186.3297,247.6832,205.8540,10.9125,-107.6076,254.3295,-21.1881,150.0139,36.1889,-225.3150,1.6786,257.3487
-150.5443,-123.2315,-71.2374,-215.6014,182.6880,11.4208,251.8858,123.8921,117.8746,149.3498,-7.3050,-61.8623,235.8080,-59.1960,97.5834,7.1629,-233.8024,-12.2278,143.4087
-103.0093,-33.2470,-132.0483,-192.3676,107.7964,-14.1417,176.4800,78.0488,195.4404,166.1854,-29.9682,-31.2243,161.5908,-59.2327,49.9173,-19.5104,-207.0884,-10.4431,91.9081
-21.0463,-4.0049,-110.6366,-144.2078,94.4711,4.4875,174.2021,102.0752,383.1848,228.3375,-39.1652,-30.0080,96.5014,1.1462,55.6041,-24.6938,-105.1574,40.5450,105.2725
8.2438,4.1174,-27.5198,-36.0561,87.7803,-3.1047,166.9339,122.4877,398.0964,217.7322,-57.3912,-21.5560,23.4167,54.9133,44.9950,-19.2619,26.4422,52.1658,70.5245
15.2083,4.8044,-1.5679,72.7883,-2.1725,-82.3882,93.0889,94.0514,241.5387,147.2655,-99.8106,10.9644,-87.9553,52.2785,-21.7185,-42.0626,132.3168,-15.1420,-36.7583
77.3895,21.1960,-79.3827,144.9396,-139.4883,-137.7984,-3.0447,76.2895,107.2951,132.9191,-118.9401,51.2691,-178.0435,40.1164,-77.8925,-65.2337,186.2766,-65.7469,-121.0964
136.9536,81.6416,-158.2705,174.5278,-221.6701,-104.2258,-34.8179,109.5201,100.1204,178.0095,-89.4362,72.5829,-182.2778,97.7501,-69.5528,-36.1389,158.6803,-73.5215,-131.8040
79.6022,87.6077,-141.9955,121.7514,-227.7038,-49.4857,-3.6071,158.0442,208.3295,187.5836,-54.7389,45.1119,-134.5596,191.5019,-13.9664,10.3324,80.2109,-99.3982,-123.4904
-38.1419,-37.5806,-63.1287,14.3804,-203.8949,-8.2364,-20.2109,173.8674,271.1059,135.1690,-40.1199,-19.5699,-88.3669,211.7463,25.7136,18.5625,31.0276,-121.3183,-151.1763
-61.0254,-147.1680,-28.9982,-45.1058,-179.4449,53.1373,-116.4099,144.1102,121.6964,89.8483,-42.8204,-61.3712,-54.9372,155.4609,-15.2480,11.0918,-6.5526,-99.9719,-200.0049
12.3869,-107.7247,-101.3129,-57.7254,-156.9278,102.7756,-161.5076,112.4431,-62.6556,120.5408,-77.4154,-72.8226,-53.4507,98.8166,-93.9122,17.4173,-96.3857,-73.4454,-217.4945
50.0068,-28.3438,-193.6203,-87.9481,-113.2347,100.6577,-86.3520,138.9517,11.0268,206.1640,-107.0547,-97.8901,-74.2127,49.9582,-87.9556,20.6083,-175.7037,-29.9689,-173.3016
2.8349,-24.1088,-144.7677,-93.7271,-7.9754,102.7542,5.5357,197.1757,187.8846,250.4578,-42.8908,-105.4616,-39.4115,-12.2293,-16.8163,11.5023,-160.0550,85.1582,-97.2026
-49.0221,-42.9117,24.2278,-34.5301,138.3427,137.3870,31.9385,217.3309,134.9351,210.2522,87.1531,-38.6674,60.5276,-57.2505,-9.0592,0.1987,-109.4564,205.6241,-45.6456
-31.0901,-26.7467,112.5256,-0.3463,225.2782,127.1440,17.2392,202.4519,-38.2237,146.0003,130.3723,35.6285,112.7644,-69.4486,-40.2570,-16.7779,-104.1291,224.3307,-33.8477
22.9372,11.3513,73.3481,-51.6971,191.1357,24.7712,-19.2379,161.4575,-33.5360,117.4305,42.9244,23.1422,58.5507,-84.8277,-9.3283,-40.6999,-124.5248,162.7295,-57.8521
23.8604,37.9343,53.2483,-121.2062,75.6356,-116.2899,-83.1669,59.1816,101.0308,123.4508,-40.8086,-33.8717,-34.7345,-126.2389,24.6431,-57.5420,-149.2596,92.0334,-138.8228
-28.7861,6.5702,83.6948,-155.5988,-55.9531,-229.1793,-161.1569,-61.3501,151.0168,142.1313,-28.1676,-53.8376,-107.2617,-169.9580,-19.3365,-60.2285,-190.3303,17.1037,-256.8409
-49.9401,-56.2240,66.4765,-176.5017,-165.8763,-302.0446,-223.5773,-115.4430,101.6040,142.1193,8.2404,-48.3753,-157.5838,-175.5565,-71.6235,-51.5092,-230.8886,-71.3595,-325.9491
-31.2851,-36.2828,6.1591,-196.1382,-232.4046,-359.8683,-222.2550,-127.6235,72.2649,99.3669,-4.8204,-48.0315,-176.0328,-150.2038,-74.8716,-34.1809,-249.2583,-139.3418,-310.6853
-37.3068,54.6772,-16.0703,-189.4401,-250.3091,-397.1953,-138.3507,-132.6360,109.3077,43.7831,-14.2919,-36.3632,-142.9812,-152.3890,-65.3984,-14.1382,-231.2080,-143.3852,-260.7850
-54.3048,74.5413,16.3641,-133.3746,-226.7637,-362.1805,-41.2658,-93.5097,119.9572,14.7692,24.8471,-8.6746,-72.4862,-166.7279,-47.9061,5.5581,-144.0639,-89.2573,-216.1756
-38.2688,24.6708,77.1777,-44.2929,-166.6113,-244.5627,10.8805,-59.4647,7.8494,-2.6155,59.0272,19.9761,1.4435,-91.7944,-14.7021,34.4838,-8.6905,-25.6501,-184.8237
-32.2120,24.0328,127.6053,30.9336,-74.7648,-93.9580,58.5931,-110.4444,-127.8983,-23.8624,73.6608,59.5777,72.2319,57.2415,1.1545,83.0436,79.3573,50.4310,-163.9333
-62.6362,71.4082,133.2801,81.1555,57.0069,82.6967,136.3376,-144.0598,-133.9109,-26.5791,124.9277,110.2550,163.3665,142.1644,14.3478,142.2702,94.8754,192.0660,-105.5119
-65.8288,105.8387,135.7531,132.4587,247.0207,303.3071,218.5417,-39.5338,-83.6740,1.5613,180.3798,131.5259,270.5533,148.1830,57.5178,189.3955,110.5308,360.2874,27.9765
-38.0044,117.4578,189.4462,170.4016,446.2569,485.2451,296.3728,114.0358,-69.4955,64.1790,168.2966,105.4066,343.3365,169.4587,99.7752,213.6951,157.8881,439.6038,167.3811
-54.5949,75.0333,253.0153,183.8704,546.9205,520.1473,360.5562,202.0310,22.8199,154.3587,147.3093,75.1039,361.2454,188.9459,137.1025,219.7979,205.1144,421.7489,217.1992
-102.7311,-9.3197,284.1405,225.8584,521.0604,434.2658,361.4919,225.5579,163.6837,190.0941,184.4563,66.5382,350.1214,134.6760,199.8347,199.3666,241.1731,380.6784,182.8723
-92.4145,-11.8261,308.7971,297.5230,434.0220,329.1145,286.6131,184.6402,98.9213,105.3564,200.3229,52.4228,301.1676,49.8411,226.5707,147.4450,275.4354,326.4969,123.0623
-14.2425,80.2640,308.8074,318.2822,321.4339,239.5098,188.6809,106.0472,-103.2955,6.0105,139.3654,32.6236,192.6613,13.9465,163.7196,100.6513,310.2443,253.4401,68.5486
55.0292,114.6688,248.1263,293.0265,196.4771,150.7023,120.7296,79.5494,-95.2841,13.8246,87.5584,39.6739,83.2301,23.2255,98.5533,84.4232,348.8654,203.7104,37.9347
62.7495,69.8852,199.0154,302.1537,114.1948,81.0321,101.2192,93.9693,68.2762,49.9209,98.2994,59.0604,54.4132,39.7753,85.0311,63.1903,381.4894,197.0829,38.8014
33.2805,65.7994,224.0077,336.4915,92.7064,70.1739,97.8362,75.9161,44.6229,13.4987,120.5829,69.5931,94.7289,51.7813,55.6752,20.7662,389.9413,219.3029,50.2851
25.1366,86.2540,242.5670,345.7971,77.1783,101.6170,64.0823,71.1822,-111.4017,-18.8609,122.7643,104.9557,128.8688,65.9324,18.1573,-6.8591,382.6243,244.5076,61.2779
35.5279,54.8124,183.9974,345.6991,55.3885,103.1288,30.1949,117.8065,-100.7648,17.2830,113.8256,162.2627,116.2279,82.0461,50.2328,-28.7310,371.7028,223.6072,88.0102
2.2240,62.6408,99.2627,342.6319,69.1366,66.9061,47.4087,143.1255,31.6460,42.0174,87.8530,180.1331,89.0633,79.8712,105.8934,-79.9986,340.3459,171.8546,139.4693
-61.5226,192.1194,32.2012,310.5751,112.1687,88.3581,77.9345,165.6011,52.0137,23.2248,39.6523,167.3304,108.8609,68.7905,98.7974,-113.4180,282.4138,187.4952,216.4795
-65.6408,297.5780,-35.2767,267.5269,156.3457,219.4474,98.5992,278.6693,-23.4739,37.3305,-22.7347,177.5750,167.0477,109.3896,64.5263,-78.3966,226.5284,267.0738,320.2717
-21.6957,225.2751,-93.6744,231.7802,215.5328,390.4965,167.4217,412.5588,-40.2718,97.7971,-82.5832,186.2254,183.4300,201.7072,56.9924,-28.0974,198.2953,305.1772,420.6873
-28.4820,68.3733,-105.7370,180.4728,288.3201,519.3657,259.2518,434.3980,20.5689,137.8373,-103.6787,159.4310,147.5081,259.9136,64.5638,-6.9146,200.5594,297.2964,462.9842
-61.4420,3.5507,-74.5578,120.1550,333.6356,574.1703,268.4190,356.6187,79.1118,122.9380,-77.0823,130.1710,129.9087,270.7813,90.0121,18.3072,212.4307,282.5290,425.8665
-17.0280,31.8519,-41.1548,68.0608,328.6793,534.8599,205.2812,237.1089,80.2317,58.5798,-57.0494,113.5384,125.3794,302.3305,131.6183,42.1369,189.3457,208.2317,335.6837
52.4626,51.9517,-40.8178,-6.1288,264.6672,406.0839,149.0178,99.3273,41.8483,-21.8029,-78.6576,98.2187,66.0479,331.4359,138.0148,27.5202,106.3037,73.9067,234.4801
16.3072,60.3887,-72.3900,-105.6059,134.9139,237.3889,96.3589,6.6545,44.4647,-52.9008,-108.9857,90.1227,-32.1632,272.4053,101.1975,13.4765,-5.3104,-25.5483,156.4451
-66.8264,100.9824,-97.7071,-179.9797,-17.8503,85.3789,30.9095,-8.7611,105.5546,-18.3230,-120.6810,52.3204,-112.1713,149.4261,66.5751,31.5037,-97.4895,-86.8074,114.7817
-37.1352,116.1331,-88.8307,-217.9886,-134.7922,-13.1203,-21.5387,-10.2589,117.5753,14.6965,-124.4398,-49.5300,-181.2038,50.2272,29.5113,15.3852,-157.5202,-163.3512,103.5058
63.7603,33.9215,-66.6595,-241.8533,-224.3244,-65.3050,-59.9614,-22.0169,31.2512,3.9602,-124.8903,-136.7860,-253.8549,-23.8807,-23.9892,-67.7904,-204.0974,-229.0341,109.7845
62.5957,-72.7273,-65.8753,-245.8105,-309.6587,-126.6333,-80.8836,-7.1596,-41.4995,-14.4572,-113.6619,-147.2648,-306.1868,-117.6644,-44.8260,-148.2383,-248.6748,-269.5780,104.0790
-24.7344,-73.4744,-81.6548,-224.0292,-346.5788,-217.6426,-61.1970,2.5823,-35.1598,-7.7286,-89.4595,-141.1122,-325.9130,-209.0187,-20.0461,-180.2978,-265.9709,-299.4714,46.7227
-19.3743,46.9589,-78.1781,-175.0207,-290.5741,-281.2840,-33.1115,-46.9788,-36.6080,7.1957,-54.1439,-134.6955,-305.7838,-236.7648,-13.6768,-182.3882,-221.9005,-248.1994,-48.8326
121.0077,215.7123,-40.7756,-75.4616,-174.0966,-251.5290,-32.5446,-110.8562,-78.1473,10.4808,-6.2774,-74.6436,-228.4033,-193.5232,-42.0663,-161.3351,-135.6276,-71.7828,-107.5878
275.7874,378.5504,6.5562,64.0329,-51.0695,-92.5499,-22.7656,-110.4296,-71.6397,18.9457,54.8916,0.3792,-116.7874,-121.7311,-55.9292,-117.2815,-58.6819,141.8368,-90.2023
377.5665,495.4507,49.0329,184.8734,70.5423,155.1728,14.3774,-35.3965,-26.5381,53.3458,118.5472,36.1350,-21.6546,-33.2724,-35.6149,-63.8359,6.1317,333.6674,-25.7272
446.2169,520.4238,108.2508,258.6631,197.0962,321.5227,46.0870,80.7980,-69.5175,80.4190,159.3661,77.5598,37.8760,94.0125,8.5412,2.0471,89.0030,507.5599,60.8868
476.3217,462.5550,186.3430,288.1660,290.7081,308.1065,64.8837,193.7512,-191.0572,47.6842,166.2351,129.9109,60.2589,232.2899,54.8102,70.2789,178.8131,597.6393,146.8342
453.5181,404.1118,235.7240,271.4886,292.6484,300.4643,57.3427,238.8517,-227.1794,-20.7135,153.5578,133.7421,47.6841,304.5146,49.7352,100.1668,236.4668,557.6191,163.1449
414.2967,388.1704,223.7370,233.6217,203.7674,462.2781,-5.0705,172.3567,-135.9799,-57.2987,126.5405,109.3894,18.9762,280.9339,-16.8558,101.8540,244.2194,463.2389,76.8151
387.7490,345.1034,166.3067,203.6623,75.5849,594.4307,-77.2285,43.5003,-63.4656,-61.8279,80.5645,93.4510,-31.5361,199.5550,-62.2253,124.7729,200.6163,359.8866,-29.1628
339.1738,215.7481,78.7027,156.6371,-91.0541,467.1713,-107.5912,-35.0149,-93.2667,-66.3028,24.4344,45.4266,-136.2065,113.2579,-48.1748,139.3166,107.8360,205.5972,-65.4465
230.6049,77.4740,-35.5975,70.2571,-324.4447,207.1098,-133.9225,-20.7141,-123.0667,-51.9715,-40.7820,-35.3014,-266.2592,62.2613,-39.9698,81.7358,-18.1374,9.8310,-37.5685
102.5387,31.4362,-140.7503,-23.1445,-541.4326,34.1077,-160.4186,16.3069,-52.8664,-6.3300,-110.7012,-85.3141,-335.3796,38.5437,-56.2428,-9.9943,-137.2723,-153.0446,18.3382
40.5212,42.0253,-185.0296,-92.6599,-594.6722,-48.0620,-128.2592,13.6086,44.5764,27.9657,-139.0642,-91.3165,-313.0044,-18.4468,-50.2116,-59.0164,-195.9830,-226.2449,72.8129
43.8461,15.7296,-170.0977,-126.1273,-486.7502,-102.3701,-76.9746,-9.9462,41.7252,24.6829,-109.4268,-79.1619,-250.0104,-115.8403,-48.4039,-74.6953,-181.1040,-199.0956,81.9519
7.3250,-47.1574,-151.3245,-110.7570,-358.8354,-121.0305,-80.2872,-15.6823,-34.5627,8.8337,-97.2042,-68.2449,-202.4531,-169.1341,-96.0019,-94.7054,-147.1381,-130.8406,59.8351
-99.8790,-94.5704,-163.4692,-65.7836,-265.3257,-97.3728,-79.1037,18.2574,-52.7070,16.4034,-148.6015,-72.5936,-179.7060,-133.1739,-132.9136,-102.7721,-129.0324,-87.3684,90.2177
-156.9469,-119.9534,-180.3586,-15.7270,-136.5926,-17.6013,-18.1863,99.9535,-4.9474,62.5493,-189.2751,-54.9537,-148.2447,-49.0258,-111.4161,-75.4310,-78.7203,-25.1770,172.1862
-87.1558,-122.8535,-152.2537,69.0255,55.6048,149.7301,24.9315,186.1190,-5.0241,109.6978,-143.9124,25.6499,-80.2197,53.2238,-95.8929,-24.0222,37.9083,113.4710,209.2773
21.9814,-69.0998,-66.6334,194.5731,247.2190,355.0536,14.1868,209.9857,-57.2158,99.2774,-47.9701,107.6812,3.1433,156.1896,-112.1069,27.7068,164.8698,258.0341,189.6463
68.9554,24.5044,22.8706,279.6513,366.2934,498.7671,24.2906,179.6034,-50.1236,57.4542,3.1507,131.4874,61.9857,216.3002,-88.3398,67.0784,231.6236,332.6327,179.6099
35.4279,49.4278,35.0692,270.9031,377.2910,568.7854,59.4718,153.6169,-0.4870,51.1939,-39.7818,134.5965,80.3681,243.2031,-19.2417,106.7153,219.7198,365.2927,166.1903
-65.8007,-58.2860,-29.2672,212.8140,299.3027,602.3987,32.5905,136.7269,-47.1694,39.6202,-110.2363,119.7830,59.8524,287.4613,12.2775,151.9272,159.1438,359.8881,102.8547
-160.0523,-200.1265,-52.1981,150.5300,214.8273,562.6807,-62.6136,85.3216,-177.6245,-49.7004,-87.9391,49.9527,22.6637,288.6793,-13.7605,152.3101,113.7309,264.2112,23.5900
-126.2439,-232.5657,31.4708,75.2725,177.0266,389.2682,-135.0038,-25.8145,-228.6311,-158.0312,16.0109,-27.2071,1.1409,145.7937,-48.6071,80.1140,108.7735,97.3465,-35.9937
4.4881,-163.7796,102.6807,-20.6327,128.3852,129.3468,-134.8845,-176.1214,-163.7773,-193.7923,50.6417,-80.7702,-21.9198,-59.3308,-69.0921,14.0499,80.3476,-70.0582,-100.3780
51.7886,-134.1886,36.6223,-111.5000,11.7892,-94.5640,-97.8208,-297.4222,-91.4603,-173.7122,-40.4969,-161.9008,-88.5667,-165.9793,-65.7777,5.5715,-15.9762,-211.3251,-161.8074
-27.4901,-212.6358,-100.4341,-165.8440,-106.9513,-229.5885,-62.8853,-329.4438,-43.3470,-140.7695,-147.2540,-237.7542,-160.8152,-203.7451,-22.4231,-25.9501,-130.0586,-309.1092,-170.1760
-114.0860,-301.2682,-187.5895,-185.1420,-141.4326,-306.2999,-24.3468,-292.5508,22.4244,-98.5075,-187.0040,-239.4699,-158.7003,-291.4830,38.0412,-118.6899,-222.4893,-321.0696,-133.1295
-183.7285,-288.6894,-232.1358,-190.9320,-113.0077,-328.3342,13.7236,-244.7465,61.6876,-67.3767,-188.9286,-241.2355,-95.1161,-387.6405,70.0511,-169.2455,-296.0346,-234.7355,-108.3260
-285.3842,-237.8548,-272.5763,-167.0202,-74.8734,-270.0025,3.2494,-203.4336,-6.0991,-64.7405,-182.3247,-298.9295,-49.7345,-394.6905,66.6412,-127.5383,-306.8729,-94.9806,-114.8284
-348.0013,-290.9550,-263.6898,-88.9110,-24.3639,-155.1486,-70.0846,-167.6501,-143.7394,-64.9127,-150.7474,-306.0316,-46.4072,-351.9118,46.7105,-82.9136,-222.6999,30.9932,-123.8443
-303.0719,-409.9490,-168.9046,-4.6167,40.0339,-20.1366,-134.1277,-134.4604,-214.7899,-48.5930,-88.0349,-214.3399,-47.2989,-318.0192,28.4362,-87.4480,-113.9310,111.6190,-100.8000
-245.7234,-424.3528,-36.2676,34.8251,94.4202,129.3032,-120.5099,-73.8683,-133.8665,-15.8752,-21.0889,-123.6838,-17.7489,-250.1111,36.0093,-83.3397,-43.9771,172.0987,-36.9718
-250.2751,-317.0066,70.7420,71.7212,138.9072,241.3351,-62.6160,6.6560,26.2425,26.5569,19.2068,-86.5670,41.4202,-132.6911,69.6687,-30.0105,10.9369,218.6109,19.6933
-238.3534,-209.5412,144.4426,140.7312,172.6964,234.3491,-48.2236,16.5331,110.3427,33.8802,41.5885,-60.0330,89.5847,-33.0146,96.9727,32.1252,68.2126,194.6762,-6.3213
-164.6029,-157.8016,215.0694,187.4735,162.4220,127.4349,-104.0043,-88.1856,91.5967,-24.1805,82.8410,-7.8422,86.3679,16.2069,114.1547,53.0523,111.1210,88.1776,-113.8889
-99.4629,-187.5923,270.9075,177.2389,99.9664,5.4163,-180.7019,-219.5053,78.1251,-91.4696,124.2859,56.5236,44.9181,28.0698,134.9175,37.6142,135.0260,-19.3344,-209.6457
-83.3599,-303.7073,241.1727,133.7954,17.6793,-106.2933,-237.1395,-290.4178,81.0792,-123.7097,100.3833,68.0375,8.0468,6.8424,126.5823,14.6521,117.5969,-75.9601,-244.0913
-96.2729,-346.4948,124.5466,67.4070,-63.7312,-214.0977,-269.0849,-320.3922,12.4249,-155.0968,30.3801,5.6354,-5.2728,-22.7431,73.6412,-21.5964,44.6779,-109.6609,-273.2771
-120.0202,-202.3730,46.5967,11.0516,-124.5200,-313.6335,-263.7177,-354.0920,-95.1100,-188.1097,12.4280,-26.8339,3.0761,-47.5970,32.3111,-76.0907,-10.1719,-141.7822,-328.5307
-116.1234,-82.4264,78.5923,28.3384,-136.6138,-424.1187,-220.6854,-386.6083,-141.8986,-184.9787,52.3580,19.7868,16.2010,-117.0796,11.1916,-106.0428,13.2075,-168.9032,-348.7780
-72.5032,-161.8425,130.3621,82.6372,-123.9709,-534.3015,-192.5742,-394.7615,-135.2333,-162.7828,54.7907,23.3933,-0.0311,-220.8608,-45.1283,-97.5671,41.1080,-194.8483,-301.2488
-71.6692,-250.8494,118.9146,60.7206,-142.0949,-564.8920,-199.1880,-364.7195,-101.0496,-141.6646,-5.9079,-73.3362,-51.0465,-250.4800,-94.3212,-97.1840,-6.1712,-207.0241,-231.0926
-139.4478,-215.5358,64.3914,-52.3142,-189.6663,-494.1012,-185.6737,-302.0317,-45.9858,-113.4425,-78.7957,-156.7690,-107.1795,-200.2525,-64.5914,-106.6555,-93.1535,-190.8461,-167.0190
-146.0665,-220.8421,-27.0085,-181.4793,-235.5463,-385.0806,-158.3422,-248.5534,-56.9847,-126.5357,-171.5728,-156.5318,-173.1286,-176.0425,-51.2781,-93.1026,-165.0614,-171.9191,-114.4739
-37.6829,-311.9467,-172.6255,-272.7207,-281.8793,-251.1798,-203.4847,-235.2799,-148.5158,-204.7408,-306.1346,-110.9471,-267.3559,-175.9217,-146.7335,-84.1534,-210.6214,-164.0655,-106.6978
35.8977,-338.2290,-307.4615,-290.6013,-327.9042,-89.1994,-312.2448,-231.7078,-188.2721,-249.6646,-393.8370,-65.8671,-336.6172,-142.4918,-228.5102,-94.4473,-213.4925,-140.5956,-148.2983
-26.9501,-314.8216,-333.3062,-231.1426,-353.2807,2.4876,-385.8181,-218.7221,-203.2166,-220.7881,-338.1313,-60.0287,-327.2756,-133.1783,-208.0400,-85.5006,-172.5798,-115.7065,-195.1899
-127.7184,-336.3260,-238.3025,-155.7481,-361.5558,-45.6877,-414.5333,-232.7648,-336.6343,-205.4605,-191.2308,-71.0279,-300.3011,-170.8064,-211.9168,-89.6252,-128.2343,-139.8147,-235.6062
-151.3972,-322.1151,-90.6954,-107.7312,-359.8795,-138.6646,-453.1197,-256.0759,-458.6965,-209.9187,-62.7829,-8.3343,-324.5926,-146.1766,-290.3363,-146.8297,-101.8549,-201.2970,-267.3174
-109.3779,-213.1210,18.2570,-80.3037,-327.2866,-186.0412,-477.0799,-216.0206,-403.2582,-187.3149,15.7009,93.7763,-341.9161,-55.9227,-308.7943,-164.4701,-87.0869,-257.0443,-247.7210
-82.5400,-126.6711,23.4438,-97.4235,-261.0892,-237.1169,-429.8367,-145.8410,-350.9535,-205.5829,37.6831,94.5067,-279.7939,-37.5692,-237.9274,-99.4627,-93.4159,-306.1593,-185.8121
-125.5119,-148.3014,-51.7267,-170.0782,-190.1064,-328.2300,-328.7212,-127.1517,-393.0392,-263.4626,-8.0504,11.7400,-173.9915,-106.4814,-175.1471,-71.4100,-129.9742,-336.5107,-143.8755
-204.2429,-232.8487,-130.9289,-241.9520,-127.1841,-402.3285,-219.1520,-99.2621,-278.7904,-199.1173,-70.9847,-47.1003,-75.8772,-161.0905,-119.8088,-100.9440,-207.0672,-328.1621,-98.3368
-240.5509,-315.6678,-202.2964,-320.2092,-76.0796,-444.1704,-102.9098,10.4268,-27.0273,-30.8773,-100.0018,-105.6856,11.4895,-175.4221,-42.0949,-73.0276,-350.9257,-344.8261,3.6161
-247.6316,-375.1768,-297.0751,-469.5872,-56.4680,-480.4378,25.4732,99.2822,12.0549,21.8018,-126.8282,-173.5023,59.4945,-159.8886,-8.2389,-8.4517,-519.1865,-422.2482,95.0745
-306.3176,-432.7059,-380.7498,-607.3239,-71.7979,-445.0791,119.4410,89.6509,-134.2241,-38.9764,-168.5874,-159.0603,33.2120,-106.1599,-38.5562,0.8866,-589.5427,-423.5842,101.0591
-393.6593,-499.8603,-400.0699,-589.0482,-93.7289,-265.6539,126.4032,81.2020,-141.6462,-23.1168,-182.3014,-101.2012,-25.8665,-60.8909,-57.0591,5.5963,-529.8817,-258.2502,79.5975
-406.3711,-538.4365,-386.0412,-474.5809,-100.4303,-38.5426,83.9344,121.5551,-29.4019,50.4230,-178.3816,-123.5434,-64.9838,-50.5185,-42.0953,52.8980,-434.3758,-88.7436,102.2001
-341.6395,-540.9938,-389.5369,-409.1668,-105.3060,88.8098,67.8920,126.6243,-1.9488,34.3449,-198.7897,-167.9448,-100.6378,-11.1289,-39.6858,69.6516,-349.8840,-60.6737,143.9076
-291.1995,-534.3669,-389.7522,-372.7629,-146.5138,129.1250,55.3147,92.8809,-27.6161,-47.6269,-209.6795,-120.3092,-154.6264,41.9986,-74.7095,27.5320,-252.4435,-69.7524,157.0052
-292.5231,-471.2050,-354.3898,-293.9865,-240.6420,177.3474,-17.0588,87.4974,-31.7956,-99.8343,-184.2530,-35.0153,-217.8598,3.0639,-145.9461,-28.4117,-161.0251,-11.5567,129.7504
-292.2354,-320.4711,-292.8696,-201.3733,-343.0144,233.1783,-115.5978,86.1930,-67.8853,-121.1225,-166.5373,4.7966,-298.8254,-82.5600,-221.5619,-72.1207,-93.9124,35.6631,78.9999
-226.4394,-194.5995,-208.1240,-121.7336,-393.6243,234.5005,-192.5849,46.9532,-136.7862,-122.6465,-153.7532,10.8416,-394.3761,-72.0424,-257.5621,-63.4264,-25.2189,11.3858,36.2003
-116.1265,-193.9148,-108.5944,-62.8457,-389.6343,167.6523,-269.3075,5.9522,-176.9254,-93.5841,-104.7285,-8.1888,-441.1337,0.6291,-268.4137,8.5002,2.9177,-35.8471,13.6689
-77.8345,-287.1270,-51.6513,-93.8653,-347.4178,73.0878,-304.7551,0.0669,-163.6748,-56.5714,-61.9596,-51.4663,-382.0117,5.2034,-273.1859,55.4264,-87.2973,-83.3225,10.4790
-178.9489,-409.2323,-64.4982,-225.8673,-238.1326,1.0618,-200.2384,34.5137,-89.6484,-28.5503,-75.5434,-86.2477,-232.8718,-45.4436,-224.4206,43.6321,-240.4542,-136.8363,36.7870
-322.1761,-491.0121,-93.8973,-334.2969,-51.4252,-35.4857,-5.3879,89.8273,-8.9288,-7.9935,-98.9495,-116.5974,-54.1536,-67.1505,-126.8944,49.9609,-339.1926,-171.6703,62.7737
-374.0013,-494.1479,-108.2329,-355.0302,129.8215,-72.7884,118.9753,89.2434,-17.3644,-22.4382,-84.0355,-166.2969,91.0986,-56.8067,-75.9538,73.8746,-374.2685,-186.4701,27.4620
-340.9985,-498.6084,-124.1245,-361.0736,212.2338,-123.5505,126.4309,-6.1128,-80.3520,-76.8462,-41.9696,-205.2062,168.2647,-48.8405,-84.4343,51.1980,-376.3805,-195.1597,-46.9243
-315.9393,-540.1133,-121.1915,-378.5669,206.8064,-142.8041,87.6606,-101.7459,-93.7002,-116.7571,5.8079,-214.7381,193.8097,-60.5567,-75.3846,16.3601,-337.8241,-172.0436,-88.4949
-324.4428,-502.1880,-90.6959,-354.6949,178.2459,-113.0504,60.3307,-122.2000,-83.2849,-126.3319,18.6582,-224.9694,195.2231,-95.1485,-49.2372,14.3119,-295.8271,-114.0851,-104.9350
-310.8645,-390.4149,-95.9528,-298.3892,132.9959,-67.1064,59.2143,-118.0584,-104.6992,-145.9093,-27.2245,-230.4829,167.8180,-113.2060,-56.2020,2.7968,-293.1599,-56.4415,-120.0972
-234.0484,-353.0184,-136.8527,-252.7580,58.7308,-3.3280,64.4551,-113.6561,-100.4353,-161.2206,-59.5487,-204.6796,107.5383,-67.1556,-81.8349,-26.7179,-267.5672,15.6189,-88.2149
-130.2060,-348.0353,-121.1412,-197.4231,5.6040,99.1386,51.3470,-62.9759,-31.6434,-124.5465,-29.0255,-169.3600,32.6577,8.2940,-97.1112,-28.2288,-164.6533,120.3633,-2.4034
-74.7003,-260.7338,-56.1751,-112.1883,-0.6714,192.3483,30.8801,-0.5791,35.3601,-81.0902,-19.9439,-138.7781,-45.0610,30.1288,-107.3540,-9.9132,-44.0661,192.0840,57.2067
-91.7522,-189.5252,-35.6534,-33.8500,-35.8340,208.6492,-5.8962,-14.6179,31.7523,-115.3204,-71.7746,-89.6936,-118.0176,-18.3728,-120.6209,-9.8041,42.8093,186.3844,38.4104
-132.8133,-195.5083,-43.7953,11.0553,-130.4424,166.3356,-100.4464,-77.6451,-53.1603,-186.9863,-82.3452,-38.4220,-165.5235,-67.6409,-158.2839,-32.2730,99.2560,162.0468,-28.1212
-142.0961,-161.6534,-16.4558,27.3958,-177.5475,135.0934,-199.7379,-74.6888,-171.1966,-179.0270,-13.7041,-25.3098,-170.2989,-46.8759,-228.9052,-64.0011,93.7942,165.9099,-55.9162
-112.2349,-113.5886,12.0907,14.9796,-106.6835,139.0898,-187.1133,32.4051,-234.3049,-92.0837,39.3759,-31.4251,-126.8757,19.1685,-265.4691,-81.7278,21.5433,172.9917,27.5635
-77.3164,-167.1855,19.4421,-9.5981,16.6434,156.7740,-81.4882,166.3790,-198.2643,-34.8979,34.1808,-16.9747,-45.6717,30.3828,-209.4483,-79.6685,-26.9285,166.8931,158.1257
-60.1299,-218.9978,67.7924,-12.1030,122.6134,170.7332,-7.3249,227.6455,-110.3171,-47.6166,22.8311,6.8754,26.4468,-34.0694,-118.1266,-96.0545,-11.7517,158.5040,182.9102
-35.6688,-151.3269,163.2241,0.8576,187.0429,163.9722,-2.2057,182.5576,-53.2081,-82.5034,39.6273,11.2409,39.6777,-79.8932,-76.6432,-138.7924,-2.5407,142.1760,95.5331
22.2492,-63.8368,241.8745,-2.0347,182.0910,108.2765,-23.3443,77.5695,-55.3183,-108.6224,81.4784,-8.6748,6.8695,-76.3663,-86.4944,-158.4141,-17.6876,112.4206,30.2960
86.1209,-40.5145,286.0172,-12.2989,130.1021,13.7253,-54.0683,-13.1626,-43.7268,-115.3668,128.8990,-45.5955,-22.6781,-104.0166,-106.7339,-139.1672,5.7705,96.1952,23.9220
125.3853,-46.2432,304.2266,4.1739,102.8879,-47.5387,-91.8436,-49.5927,43.6429,-93.3668,146.6082,-75.0044,-32.7629,-164.1782,-112.4547,-103.2841,82.3733,127.9206,16.7385
151.0592,-68.3903,296.4098,65.1528,101.4790,-22.9611,-112.5065,-37.4180,107.2047,-72.8260,129.2824,-61.4972,-35.2422,-151.6745,-95.1490,-58.7870,171.3628,198.1723,16.8704
159.5587,-85.1709,294.9663,155.5164,78.0063,54.5432,-94.7171,7.0188,45.1006,-75.9974,109.7177,-21.0044,-40.0797,-58.4834,-65.0809,-33.1029,241.5986,245.2320,59.4078
135.0451,-50.1898,307.5538,211.4898,36.3185,115.1288,-55.1109,67.0271,-15.6315,-55.9350,94.7084,-16.5213,-57.2705,9.0261,-36.9999,-50.2543,265.6718,222.8652,106.6836
112.1095,9.4174,267.3769,181.2551,-13.6546,117.4889,-47.3049,98.9839,68.7734,8.5929,62.8866,-50.9392,-89.9014,18.8080,-7.1139,-60.8846,234.7086,157.6456,105.5664
114.2743,54.6090,158.4505,118.8422,-81.0379,66.9240,-91.3157,68.5542,194.7324,55.7303,15.9421,-60.3519,-123.7982,22.2678,28.2367,-27.0950,186.8094,100.1825,60.6796
99.4770,79.5499,70.1322,98.5411,-133.8119,11.2367,-138.9723,21.1029,220.9407,51.2891,-21.6718,-41.8209,-145.1622,13.2251,55.9654,-0.0209,149.0834,63.1792,22.1938
68.8239,50.4144,55.3975,82.5609,-157.3640,-9.5983,-169.6603,17.3675,171.9813,25.5298,-27.6413,-53.3371,-157.6429,-38.6075,61.3567,-12.3710,98.4567,44.0777,26.7697
81.9249,-0.0708,65.5774,25.5849,-188.7162,-10.7503,-212.2179,29.8197,90.9631,-2.6765,-3.6154,-85.9081,-173.5211,-77.9327,34.6525,-21.2335,18.6762,46.1873,41.0018
110.0357,23.5356,40.1780,-18.7849,-192.7582,-14.6275,-236.9835,16.6310,-14.4210,-26.4812,10.1348,-98.5950,-186.9178,-56.1842,-19.8249,1.8969,-67.3340,59.0962,7.6826
73.3569,59.2931,-17.7897,-24.7929,-91.6741,-9.6409,-200.7085,2.2980,-84.6328,-42.2432,-6.8730,-124.0236,-159.9893,-39.3745,-61.5057,31.2353,-119.7951,74.4689,-59.7296
14.0295,0.7775,-32.9743,-28.2139,69.1506,3.1702,-161.7764,-17.8269,-90.7538,-80.9344,-4.4552,-167.6873,-72.9589,-76.8521,-44.0541,25.6865,-98.2481,104.0280,-120.9303
27.6972,-51.1539,59.4103,1.9706,184.4252,-2.0612,-172.2860,-100.1193,-83.4157,-142.7629,43.4566,-140.0119,12.0025,-101.8183,6.1574,-19.8509,-1.4713,137.1233,-185.0925
97.5538,-11.8560,187.3974,87.8504,219.3600,-39.9570,-188.1118,-219.9113,-75.5457,-152.0828,68.1290,-37.1938,5.1715,-79.4080,-1.1561,-38.7877,95.3012,126.3572,-253.3257
152.4523,15.3823,201.4526,126.5325,151.6808,-109.1075,-204.7795,-281.7778,-47.0440,-82.1926,21.5871,19.5735,-93.4556,-66.4518,-88.8094,24.8451,102.5737,50.6072,-294.1501
172.7798,6.1302,80.8618,59.9267,-19.0862,-172.6927,-270.6861,-258.3077,-24.8640,-11.3131,-44.3039,1.6906,-200.5548,-61.5437,-156.5135,105.1638,21.2756,-60.3267,-298.1116
162.8966,6.4486,-55.1334,-37.2236,-183.2852,-179.2779,-331.5015,-195.4629,-19.7169,-2.7087,-76.2001,-18.5617,-255.4079,-18.4379,-130.9473,106.7202,-55.6554,-178.2877,-244.0691
136.7334,-80.0253,-120.9757,-130.4503,-250.3085,-170.5282,-291.1168,-143.9756,7.9279,-51.5816,-82.3219,-41.4884,-260.9587,15.2080,-83.6129,48.1746,-48.6482,-289.9468,-108.6866
122.1745,-246.0382,-117.3398,-210.9374,-270.2303,-230.3302,-193.4262,-140.6145,52.8080,-122.4145,-74.6190,-80.2830,-246.1828,-3.9159,-95.8415,0.7858,26.2087,-355.9345,8.9178
102.4266,-268.5453,-74.9497,-180.7533,-292.2066,-309.7478,-169.5761,-180.0904,49.5630,-156.5168,-50.1664,-71.7626,-235.9571,-6.0388,-131.9999,-18.0722,91.8845,-340.3426,-22.4879
39.4556,-139.7274,-46.7663,-37.9146,-282.5366,-317.4846,-252.3151,-213.0040,-12.5977,-123.9632,-24.9365,-15.7408,-235.9650,30.9295,-148.6387,-24.7668,102.3506,-279.8628,-124.2970
-26.2102,-85.6536,-78.9780,35.7035,-219.2612,-287.1219,-322.9830,-203.0847,-43.3240,-74.6330,-18.5491,6.6166,-211.8878,30.6991,-162.0052,-26.3945,56.9461,-229.5569,-113.7533
-36.3693,-116.1375,-149.7038,-36.1859,-100.4878,-241.0768,-251.2086,-144.9314,-4.4777,-54.5268,-23.9110,-4.8986,-109.8152,2.0328,-150.8573,-9.5342,-40.8201,-168.3292,-6.8427
-31.2878,-104.3599,-200.9258,-137.1398,75.5992,-127.8585,-82.2653,-60.7220,-24.9620,-48.4334,-17.7797,-8.0589,63.8801,13.8620,-82.1911,38.8771,-159.2696,-67.8614,43.5601
-60.3494,-101.6187,-208.2540,-192.1328,247.9268,-15.6674,19.1235,-8.9824,-168.1011,-55.7760,13.2070,-28.4461,214.8932,31.7490,-15.2745,78.9535,-218.0799,14.3262,9.3276
-74.2728,-145.8029,-172.1291,-196.9150,328.3600,-13.2507,13.4783,-25.9830,-251.7767,-103.6782,55.5599,-65.1284,262.5469,10.5081,-10.2990,59.2474,-174.2994,28.4250,-32.4961
-20.5028,-116.3541,-96.1498,-128.1093,306.7382,-42.9797,-18.2881,-86.2839,-189.0931,-180.6435,77.7603,-58.5377,226.1358,2.0277,-32.6737,16.2118,-74.5741,20.8889,-59.5206
70.7669,3.2718,-7.5237,-28.2345,232.4159,-21.8375,-62.3058,-168.1801,-175.6462,-248.2426,63.6887,-16.1823,163.6504,22.5322,-52.8137,10.0766,20.5684,37.1754,-91.8489
143.8563,90.5970,52.5258,10.8712,150.8181,-36.1744,-119.9147,-254.8466,-246.5676,-272.2954,28.5456,9.2254,101.2371,12.6980,-78.9642,17.0330,83.7229,45.3700,-120.7105
157.5913,115.6326,68.7518,-1.4814,79.1747,-111.1530,-117.5893,-285.5706,-176.3281,-226.5111,-1.0493,15.1122,62.2306,-26.4799,-72.1141,6.1046,88.8399,5.3676,-128.0203
106.5028,118.3091,46.8398,-14.1336,-6.0780,-153.6196,-56.8308,-241.8962,5.0661,-141.7203,-17.2843,1.6697,66.0236,-38.8079,-2.9202,7.7479,33.8606,-77.7077,-109.3078
62.7227,75.8979,-12.8072,-49.1946,-112.6731,-174.0579,-36.0257,-193.2406,44.3047,-96.2866,-43.1542,-39.3446,80.6965,-9.8048,64.6919,35.5308,-25.2788,-176.4307,-68.1174
73.5225,-29.1403,-105.1972,-121.2917,-199.1105,-224.9910,-59.2649,-166.6960,-30.7421,-98.3648,-103.9585,-58.8941,63.0895,46.5106,73.7504,68.5176,-50.6775,-265.9235,-37.0734
38.1875,-126.7093,-202.9430,-182.0730,-267.0745,-248.5476,-56.6883,-124.7158,-39.5776,-79.5507,-182.7174,-11.2896,23.8251,113.7649,60.9249,103.9132,-72.3535,-328.7700,-57.2452
-115.1416,-132.9028,-266.3418,-184.9907,-339.5363,-211.8626,-21.7116,-77.1906,4.9415,-18.9458,-234.4131,72.8653,2.7281,166.1022,90.3898,134.8657,-98.7418,-339.9132,-92.3366
-246.4279,-70.3009,-267.5247,-122.5491,-327.9062,-164.2674,45.2491,-47.7691,66.6929,43.3655,-243.4854,148.2835,32.4385,196.4778,178.4694,141.0268,-84.4053,-274.6846,-46.9679
-226.8202,-50.4926,-209.8591,-46.4683,-151.7475,-102.4681,168.8362,4.7764,164.4162,92.6636,-223.2149,191.1661,128.8780,208.7478,271.1645,127.4032,-40.2718,-156.2332,91.8359
-150.2422,-95.6601,-126.0301,-26.3699,85.1930,5.7395,311.2693,115.3323,207.3035,143.5407,-176.1845,183.9192,262.6631,183.1611,290.7788,106.1852,-40.6271,-26.8915,234.5939
-131.1031,-102.0010,-41.3162,-27.9892,266.1601,146.4093,419.2685,255.9291,180.8502,197.5667,-100.4576,148.5865,378.3771,128.1549,260.1895,82.7615,-75.9025,119.1268,331.7570
-136.2246,-50.9431,49.9631,31.4612,418.3523,302.3825,504.0079,380.4413,250.8240,248.6548,-12.4708,129.8693,456.2402,108.8058,290.1226,81.3651,-53.0932,270.3584,411.6783
-120.2918,-32.2117,139.6673,113.4547,543.2196,424.8348,559.1821,449.5045,387.0248,284.7421,58.1908,129.3828,490.2393,143.2171,371.9278,105.3884,30.9832,348.9852,464.4839
-84.6969,-19.4598,178.9422,147.2911,556.7719,423.8439,528.9083,439.0147,332.3221,272.0008,87.8789,135.0090,459.3076,152.4117,361.1901,110.0705,88.4073,335.3817,421.7847
-20.3370,79.9648,154.8308,182.3113,463.5517,312.8004,414.4641,362.1496,74.9584,196.0730,85.3299,156.1242,388.4796,84.2495,236.1722,80.5440,107.1301,296.8964,279.5504
36.4250,199.9893,127.5740,260.0533,349.3737,207.0736,294.9436,270.2526,-105.5744,119.0087,87.2701,183.7461,335.3914,13.6881,147.8073,56.8149,139.4553,246.6312,143.9589
34.0051,237.2332,123.6503,309.5207,229.9242,147.2047,225.9493,225.6050,-69.9535,112.7197,97.9135,199.6710,285.8582,35.0427,153.5696,55.1242,160.5019,147.1125,104.6628
33.6690,245.6559,88.2052,277.4417,65.3739,85.6021,172.9708,220.6611,24.8872,137.2632,82.4394,202.6167,190.6866,101.2478,136.0921,46.7834,110.4681,14.1354,107.8150
85.3954,283.9754,13.2167,197.0441,-130.2249,-8.7209,70.2036,152.7486,-2.5423,103.1816,51.4288,175.2627,86.1190,93.6655,44.4730,12.9416,23.8451,-111.1868,37.8495
89.4667,292.0379,-15.2540,130.1752,-266.7939,-125.0453,-57.1575,-3.4940,-97.8996,33.2889,57.5073,113.1776,48.3877,18.6260,-14.2641,-25.1965,-19.7648,-192.0940,-96.6977
14.1683,244.7552,34.7223,125.7956,-272.8436,-211.0041,-119.3255,-116.5795,-101.9677,7.4878,91.7947,73.2457,77.2975,-27.5976,9.9230,-31.4775,-8.5666,-192.3530,-189.6911
6.0383,207.7590,86.5507,162.8654,-194.3605,-209.6101,-111.9095,-121.2428,-54.5386,13.3350,104.7642,90.7165,124.6668,-32.4789,29.0374,-8.0292,17.2270,-147.2934,-212.6455
105.3351,217.8265,94.2856,166.0358,-103.5259,-131.8241,-79.0651,-90.0738,-82.7673,18.1903,113.5328,119.5177,179.7915,-32.6666,10.8812,8.2168,28.4759,-112.5564,-193.1719
167.7529,271.8095,102.4308,142.3840,35.3151,-17.0472,14.9596,-26.9371,-108.3151,62.3532,168.1114,115.7331,258.6293,-11.8973,32.1507,14.2795,27.2913,-28.2636,-105.6549
146.8781,371.5244,152.9206,166.6134,232.9280,129.3856,184.6063,103.3198,-32.1645,146.4683,254.1162,87.6082,346.6569,33.0116,107.5802,35.9515,41.0555,149.4762,37.3949
142.2354,470.3156,237.5886,231.7980,361.1662,284.8911,332.3374,215.4131,38.8638,199.6574,320.9456,64.5582,400.2078,69.0981,173.0685,65.1002,87.0247,302.5171,136.1422
190.0937,471.8056,326.0342,280.0920,359.9041,395.0979,400.3772,249.7251,42.2900,207.0099,355.5721,69.9995,399.7173,104.2790,208.9033,82.1535,147.6142,346.0851,166.5607
242.9392,363.4454,381.4258,300.9297,315.5668,420.5930,411.8462,258.3597,53.6074,189.4760,377.1697,82.5674,364.1130,137.9921,214.5913,85.2903,200.7104,341.1451,180.7137
276.8857,267.8311,398.4888,303.6845,255.5551,335.8741,354.9072,223.4179,57.5635,129.2465,402.4647,58.9438,311.2961,123.2840,175.6976,62.2596,246.1945,320.8610,146.3773
302.0896,288.0470,429.8422,321.6915,160.0243,172.4267,244.8986,111.6548,27.7658,55.0410,432.4795,27.5218,249.7745,80.6898,141.8684,25.0648,298.6426,269.0646,37.6828
336.6199,375.1609,490.3455,406.7310,81.7996,42.9631,168.4956,39.2286,32.9135,38.1083,445.8567,40.3620,190.1979,79.7663,156.9663,22.2357,368.5914,206.3977,-37.6092
369.0878,426.2754,491.6484,504.0448,4.3584,-4.1621,123.7500,74.1634,22.6399,51.5056,411.4823,66.7014,116.5798,102.3073,145.1053,32.1045,421.3715,122.7983,-23.0586
337.7193,421.7392,392.1285,494.7133,-155.8407,-38.1634,38.5972,98.5418,-82.4216,23.6263,331.7333,81.2116,-0.3394,100.0611,62.5865,-18.2871,396.4437,12.5245,-23.5465
232.9826,392.3649,315.0847,412.0497,-303.7267,-98.5107,-57.9946,33.1684,-139.0042,-23.9769,274.3850,126.4443,-126.8120,83.3928,2.5144,-100.5866,333.6331,-35.2394,-110.6488
157.7664,367.4308,373.6623,392.4264,-288.4607,-183.6885,-116.3459,-84.8429,-71.9433,-47.9299,312.0405,183.1353,-187.1746,44.4908,-1.6281,-132.4940,350.2542,-3.7612,-239.8574
171.5949,375.0655,484.0059,437.8715,-192.1564,-308.7136,-168.5819,-214.8199,-55.0221,-60.8488,395.5104,180.2282,-164.8923,-27.2285,-25.2744,-123.0676,417.7087,-8.8997,-346.3383
194.9387,374.3668,490.8440,430.5269,-144.5942,-392.4097,-193.4435,-271.5878,-94.2873,-60.3548,384.2433,140.2238,-98.5606,-52.5166,-53.1139,-114.4343,380.6671,-57.4151,-347.4565
150.4746,277.3930,372.7001,314.7295,-84.3809,-297.3925,-108.9642,-165.1564,4.6413,-20.0246,256.9212,112.2375,-20.4939,21.2405,-9.1885,-96.8204,233.2857,-51.5308,-188.3588
57.0692,128.3196,211.7152,140.7322,50.2826,-70.8736,56.3597,27.9951,197.3210,57.2469,139.8351,68.6180,44.0762,105.0203,70.6458,-57.6308,101.6209,-9.2594,33.4980
-36.3721,58.4192,69.3931,-14.5519,186.0462,119.9148,196.4695,173.0430,295.2031,156.6673,88.0563,6.8191,87.5641,118.1193,122.2131,6.6523,2.1678,10.8747,177.1702
-89.9451,57.9870,-24.3384,-115.7520,264.4385,230.6060,269.5162,268.9465,308.5845,252.0486,41.0005,-18.8563,132.4540,113.0825,164.8588,100.6592,-101.7665,33.0810,242.4462
-85.3806,44.2520,-51.3023,-163.0089,294.2071,281.0985,291.0663,337.6073,316.8442,293.1706,-4.5657,-9.8497,177.6704,155.8866,214.2477,181.9305,-149.9401,46.1698,276.0234
-68.4832,27.0403,-33.9612,-167.4787,287.6187,235.7720,292.1125,326.8973,318.6740,269.8530,0.9891,-17.0200,196.0007,198.3225,254.3528,195.9012,-124.5734,-6.3564,256.9745
-101.4795,5.5281,-34.4040,-186.2758,249.5620,94.5216,295.0371,235.5144,324.7542,227.4747,25.2624,-58.8814,199.9254,150.8887,292.1328,154.7285,-130.4391,-110.4975,196.5365
-159.8538,-49.0011,-98.0232,-277.7394,160.2391,-75.4124,279.4140,144.2795,326.6544,197.9144,3.7733,-108.5928,205.0121,41.2779,313.0355,102.0410,-206.7762,-224.2143,157.0248
-172.8736,-65.3231,-209.5772,-369.5039,7.1349,-215.2357,232.6621,111.3906,285.9499,195.0102,-54.3907,-111.6059,165.6837,-7.7217,276.0322,67.6743,-280.3668,-326.8421,135.9046
-139.7053,-17.8315,-298.7887,-352.5219,-136.6486,-287.0381,187.3247,127.6073,245.6974,225.0353,-101.0941,-54.7713,62.1774,22.4588,201.3927,65.6768,-303.6014,-387.1927,93.1491
-104.6082,-15.5615,-295.9874,-271.6725,-191.2409,-306.5074,145.3270,124.7061,239.3982,240.6828,-98.2419,-8.3225,-27.6521,29.7445,141.5167,62.0180,-259.7149,-401.0124,29.5841
-59.5041,-29.3538,-200.7221,-196.0060,-180.5344,-362.6178,84.8565,33.0658,197.8794,182.0594,-32.6373,-3.6353,-37.4988,-7.7041,97.4923,19.7742,-140.3329,-389.6487,-68.1730
27.7316,85.2587,-81.1833,-80.4887,-150.9532,-488.4544,30.3611,-131.8797,109.3193,75.5546,56.5623,23.0941,-2.9005,-24.4709,55.6818,-14.7972,-18.6905,-343.2899,-229.3902
116.5545,245.1767,-3.3405,42.8989,-105.8807,-585.6705,-14.0670,-285.9951,39.7540,-5.4358,112.7638,84.6564,11.9584,-26.4071,21.7499,-4.5291,11.4659,-271.2478,-392.7942
130.1347,278.1774,14.8359,50.7261,-62.1013,-546.0241,-81.9001,-349.7395,-18.0637,-39.1502,125.5004,117.7059,2.4913,-49.5838,-5.9344,-8.6207,-18.2138,-201.5667,-437.6992
86.6115,239.4100,-3.7485,-7.2905,-26.8132,-365.8686,-125.3757,-282.0477,-80.7879,-45.4827,113.7140,105.8227,7.9942,-66.9160,-16.3237,-49.4878,-11.9549,-94.1443,-335.8391
79.7364,228.4369,-15.2661,11.1943,30.6780,-134.4203,-73.1491,-123.3211,-89.4327,-32.3642,99.7416,68.3021,45.3636,-59.7592,7.6552,-57.4845,42.2037,67.2818,-166.8135
117.0858,227.9956,11.2423,74.8831,96.8024,57.3336,25.1144,33.7532,-22.4659,11.1929,105.0605,26.0558,85.7020,-28.0883,31.2195,-7.4646,91.5220,192.7485,0.3958
113.2278,260.2660,52.5071,93.8909,120.1201,203.3591,90.7021,171.0458,76.2039,86.8193,107.4570,35.1024,94.0370,59.2715,17.0858,58.7247,106.6121,245.6266,152.3785
58.6716,323.5051,48.1589,90.7139,104.3910,338.1911,124.4902,317.9830,165.7401,156.3044,64.6357,97.5893,66.7762,170.8354,2.0704,105.9051,99.2904,284.5088,271.8078
36.6285,304.9867,-18.6482,97.5430,81.8504,444.2268,139.2284,420.3380,194.9250,167.2629,7.1041,125.2289,28.0101,197.8467,27.3683,100.3422,99.7097,317.0291,317.6212
58.8510,222.9978,-88.0703,117.0291,53.2527,492.8599,141.8229,418.0605,151.2846,121.2834,-5.7325,112.5251,9.8679,132.5594,76.8834,42.7426,121.6835,317.3675,288.2274
55.4064,221.1621,-93.3134,167.3362,9.8399,484.6378,147.9098,365.7071,127.1919,72.5089,15.7228,137.0146,21.9733,88.2391,135.5266,3.1041,148.9823,280.9263,239.5696
23.5599,267.6898,-37.0934,207.1393,-50.9883,397.0040,129.7670,320.5297,180.1301,55.5107,38.3191,171.7341,38.2784,116.6879,190.4885,10.2572,157.0449,175.0874,199.4225
23.7702,245.3501,25.2437,164.5846,-102.0353,229.1650,89.6068,244.6307,225.1670,51.9997,57.0052,149.2747,48.9737,148.4618,193.1993,7.6885,127.9848,26.7179,132.3628
62.4170,188.4614,61.0451,80.3140,-61.3143,65.9800,122.7427,112.6921,195.1786,33.7488,63.4405,107.6640,87.4712,108.5168,142.7274,-26.5032,74.3176,-29.3833,36.1422
104.8319,160.6113,83.2667,50.3536,101.0933,-23.0065,218.7454,-9.1720,167.2119,25.9166,64.4372,86.5504,159.4642,30.2534,120.7000,-53.3898,54.8063,37.2148,-16.7066
132.3138,153.7975,101.1647,85.7347,269.9574,-47.8985,215.2556,-46.4988,224.7335,81.3070,77.8600,63.5819,218.9223,16.4275,150.4262,-43.6571,93.8285,97.6994,10.4095
121.8975,166.8358,93.1317,118.8908,312.7902,-40.6434,99.9921,-19.0840,300.7690,163.1478,66.2704,48.4426,233.0840,63.5602,156.8377,11.0660,117.9092,71.9593,51.6595
77.9913,172.4171,44.1664,71.7029,215.6880,-46.2137,35.0348,-9.2377,281.4982,168.4060,-3.2878,52.4165,185.9531,57.1415,115.2705,77.7796,68.4160,-15.1520,38.7462
69.7427,136.0040,-24.5445,-47.2076,46.5120,-77.1054,41.5286,-21.0250,222.2507,122.0346,-79.6368,29.8398,72.6515,-12.5626,89.3625,98.3120,-4.0616,-88.6617,1.9006
107.4573,108.2107,-76.8847,-105.5721,-100.1663,-46.3815,17.9040,27.9788,266.8001,162.4228,-123.6045,-36.7581,-34.4156,-48.9765,110.3084,98.5208,-32.3957,-51.6539,20.2049
94.4092,112.2892,-82.9086,-32.0994,-145.6220,80.5785,-14.3861,134.3316,364.3361,285.8159,-141.2878,-102.0112,-42.3978,-47.1982,139.9278,140.0356,-1.3674,69.9569,105.8941
33.0491,106.2234,-26.4168,68.2688,-109.6942,176.7918,0.6249,189.0150,337.5546,335.6476,-93.8189,-115.3323,5.1755,-54.4018,128.0913,163.1500,84.3947,122.1926,182.6698
67.7935,140.2151,67.5054,103.0382,-79.6130,168.7324,-5.7036,157.9886,191.9486,269.0470,25.0937,-53.5982,-1.4247,-54.4613,50.6774,94.4959,174.7001,89.1498,186.4989
206.9113,250.2957,139.0104,96.5920,-75.8713,137.7695,-71.7793,110.8437,77.7446,204.6901,113.2731,30.6410,-47.1810,-53.2424,-47.0980,17.5645,182.5368,88.4534,149.5918
273.0931,303.3786,162.3894,71.0707,-71.0345,119.9394,-107.6229,88.1775,57.2382,199.2522,128.0175,31.8416,-54.8592,-78.3750,-67.6446,25.4027,109.4345,102.9810,128.6421
207.4590,232.7930,162.8080,34.7893,-102.1367,56.6889,-86.7199,58.6467,95.0011,165.4754,136.5235,-56.4271,-43.2357,-87.4337,-5.5838,69.1646,50.8883,36.1243,90.0241
141.3960,153.0520,160.1529,20.4969,-208.6258,-73.2311,-119.5585,-34.9962,104.5586,36.7252,148.3730,-132.5577,-64.8593,-72.3248,14.5216,81.5310,50.4061,-88.5056,-27.8202
144.4181,125.4363,163.5138,18.5086,-310.6946,-231.7625,-246.9151,-195.1688,-3.7469,-110.0186,135.1643,-142.1420,-100.0215,-94.6578,-70.5701,62.0692,66.3360,-187.7074,-169.5791
157.9868,129.2710,190.1027,9.4678,-292.7082,-342.3601,-333.9424,-315.3445,-154.3988,-160.5873,136.3275,-94.7939,-103.3016,-120.0735,-158.5215,19.1816,58.0102,-206.3073,-212.7934
153.4530,156.3777,217.3932,26.6237,-158.6071,-335.5908,-249.0383,-307.5608,-161.5447,-122.1765,154.4373,-6.6887,-56.8171,-77.8980,-137.5645,-25.2534,23.2179,-133.0310,-140.8026
152.5113,142.2964,190.4974,56.5841,5.1483,-250.4307,-33.9607,-230.5325,-16.1941,-69.0717,128.2025,67.4818,34.5489,-27.8184,-27.4423,-30.3913,-9.0789,-45.1260,-37.2744
147.6266,71.1251,128.3206,39.7113,152.1636,-162.6738,171.5519,-154.5105,143.3253,-3.1833,80.6602,73.3253,128.0410,-20.8495,77.6969,9.3426,-14.8753,-6.3351,55.8213
131.1687,80.9717,102.4850,5.0318,259.6706,-58.8006,286.7752,-59.2247,236.2801,90.3563,70.0214,42.1711,161.8286,6.9046,122.8922,77.5717,-23.3925,36.2684,146.2043
129.5926,184.1054,100.4600,3.9301,282.7525,49.6128,317.6819,37.5282,215.7601,150.3712,53.0614,25.6177,133.0901,61.3661,128.7488,153.5605,-66.3566,96.8075,208.0564
142.8745,206.9309,55.8589,-2.3531,225.8218,79.6521,309.5707,77.8811,103.8530,136.1187,-13.0777,16.2967,100.7186,66.7039,140.5409,183.0290,-106.0097,100.6221,215.8099
132.5681,143.0455,-19.7260,-39.5332,161.0511,48.2718,306.2491,91.7182,53.5056,95.6464,-70.2297,0.2054,93.9326,27.0534,156.4686,143.7407,-104.8040,53.8522,211.8416
94.2100,116.2961,-64.1925,-66.6615,117.9273,29.3816,299.2121,128.1660,91.3999,73.6323,-63.1070,0.2072,81.8162,11.8030,142.7836,96.9800,-95.0271,7.9336,237.2877
55.8537,98.5382,-55.5413,-64.7207,60.6500,-0.1675,240.5668,172.5963,66.8584,76.7446,-8.9755,40.2614,42.2003,49.7344,103.7705,71.4090,-108.8918,-44.5756,259.1817
23.4431,58.4820,-3.2043,-38.8428,-22.0868,-51.3950,149.7820,228.6010,9.8067,110.6437,52.1424,98.8539,4.6430,116.1400,77.5516,32.7087,-129.2951,-84.2627,254.1601
14.4407,82.9150,60.3053,-6.4452,-100.7723,-78.1191,116.3938,300.9102,47.1666,148.2551,88.5078,123.0037,5.4950,150.3548,82.7058,7.9236,-136.9585,-100.8531,258.4462
66.5602,161.2816,70.9994,-22.9205,-150.4201,-128.6191,143.2015,311.0408,44.5154,126.1234,73.8762,118.1910,33.1284,115.0672,100.8821,36.5184,-139.3308,-168.9930,243.7713
132.3047,209.1161,5.9861,-87.4637,-171.8155,-266.9027,112.1925,192.5113,-120.0356,19.9513,-2.7677,138.1419,44.1915,43.7091,85.1198,43.2638,-160.0403,-266.8945,104.9136
108.5053,231.5670,-70.9016,-104.0573,-192.1757,-415.9297,-29.5469,-5.3735,-265.5707,-124.5219,-95.2221,146.8130,27.8668,-30.9739,4.1448,-32.2796,-205.1208,-265.5539,-124.9772
15.0476,222.0742,-87.5471,-42.4662,-202.9058,-476.0842,-170.1613,-172.8651,-282.3941,-216.7526,-97.0841,80.2940,29.5424,-99.5953,-92.1645,-104.6902,-223.4437,-180.8853,-247.1104
-52.3041,160.5603,-40.3742,19.1380,-127.2638,-420.2990,-184.4992,-225.6087,-265.0829,-187.8391,3.2981,22.6549,82.7625,-110.1311,-110.7418,-91.9299,-170.2079,-104.0231,-181.4568
-97.8032,135.3450,6.3620,35.4414,32.7827,-243.6268,-87.8657,-163.3837,-186.8954,-77.0929,42.1940,65.1559,138.5866,-35.8785,-33.5193,-24.4288,-101.3102,-8.5139,-55.2650
-126.5409,180.5626,-19.0200,19.4635,140.7404,-2.2942,26.1437,-56.7592,-17.1579,21.5380,-55.2641,129.8202,133.5806,42.1111,67.7622,53.4401,-86.9409,107.6528,37.4658
-54.3136,182.8608,-98.4862,-14.8838,148.4849,205.9517,112.4422,53.5683,63.3469,89.9748,-117.8499,146.7683,99.1272,52.3588,114.6957,120.1001,-92.5064,171.9333,116.4146
74.7338,119.3599,-132.5211,-36.6069,151.1324,356.3976,163.2918,154.3041,5.9837,138.0042,-49.7542,151.8233,93.2770,31.4983,82.3470,142.4798,-65.4052,202.9984,169.9181
87.2964,95.0481,-94.1691,-13.2693,146.8894,437.8206,155.8337,196.3044,5.1341,125.7592,-7.8470,137.4493,80.7151,38.5750,20.9221,118.8828,-33.1698,229.0354,166.1464
1.5941,133.6179,-69.0772,32.2450,38.1350,410.0896,91.0428,180.1626,77.9961,60.5011,-82.8129,96.5229,16.2016,60.7069,5.5257,78.3793,-29.1339,184.7638,145.6257
-26.4657,169.6497,-103.7353,47.3844,-138.5031,327.5740,16.4534,173.8617,61.6581,6.4114,-154.9103,93.9975,-44.4895,41.7232,31.5797,24.9098,-31.9363,76.1868,138.1281
-16.6899,159.4499,-147.3155,22.4019,-258.1156,270.2979,-36.3375,161.5084,-29.4562,-42.2781,-150.7659,103.6488,-50.2049,-8.1589,25.8461,-28.8165,-13.1491,-4.4375,95.8929
-55.0091,119.3425,-153.5026,12.5352,-284.8676,191.2201,-72.9160,86.7689,-83.9755,-109.0856,-124.4821,56.5740,-44.8554,-10.4438,-33.5255,-49.8589,28.8352,-40.5803,-6.1000
-77.3089,115.0854,-125.6113,62.5364,-236.8705,47.1756,-93.2999,-8.2155,-114.6436,-144.9341,-104.7019,40.4122,-54.4448,11.8661,-95.9032,-56.4332,70.9183,-64.8665,-123.0353
-31.8200,143.7424,-84.8815,115.6574,-137.3810,-106.0067,-93.8523,-98.6866,-158.2953,-147.4557,-82.1870,110.4435,-32.3422,-45.8314,-117.1370,-82.8676,89.1936,-91.7618,-210.9218
16.6944,112.3428,-46.4705,103.5290,-43.5090,-235.9830,-86.0707,-228.4366,-193.9117,-184.7947,-57.3446,135.4555,32.6102,-126.2532,-97.7656,-108.5974,101.4252,-130.6787,-254.2070
39.2355,51.1266,3.1157,77.7059,16.3329,-315.3873,-70.0344,-339.8088,-187.3107,-238.2376,-15.0535,83.1574,87.3101,-108.0046,-74.1833,-122.8763,130.7412,-150.4543,-248.9833
52.5383,86.8393,69.9434,84.1982,67.2703,-273.2682,-34.6883,-336.4944,-89.3117,-231.2373,37.7594,76.4607,98.6505,-71.8449,-77.1401,-143.9931,140.7863,-130.5814,-204.1651
49.9359,169.0686,97.5741,60.9682,102.9015,-128.5010,2.3131,-258.5604,67.3158,-167.9354,43.7878,103.6204,77.4616,-93.3250,-86.3067,-141.0752,113.2652,-122.5255,-134.5542
49.9831,166.0015,63.6547,18.7831,99.5117,26.7733,9.0173,-164.8018,109.2483,-106.0981,-9.5709,77.9557,41.7005,-59.5895,-76.6830,-80.9282,125.0130,-116.6788,-51.1191
65.6301,102.4819,59.4607,48.6095,76.6002,158.6122,-5.9939,-60.2249,-14.0605,-109.4383,-57.7882,55.3336,2.2792,15.9847,-72.7240,0.7517,222.8881,-62.9757,39.4697
59.4553,32.6229,100.7493,87.2778,51.4539,223.4529,1.9475,-9.2881,-99.6682,-200.5913,-65.6293,90.0578,-35.9081,-13.0046,-84.4748,56.7160,316.8503,-46.8930,134.1007
37.5047,-46.8179,23.9270,26.5199,27.0673,185.0309,56.8690,-21.9646,-17.8100,-241.3808,-72.2938,114.1083,-72.9392,-52.7763,-74.2423,46.0180,307.4643,-108.9905,222.7791
31.7761,-78.8856,-213.5743,-43.1375,34.6283,153.9050,147.8380,34.4628,119.6632,-93.0004,-109.7506,90.0935,-106.8535,36.5444,-25.5110,-40.5957,226.9110,-98.7278,294.1555
7.0663,-40.1949,-368.8387,-33.7524,76.2873,199.3145,246.1029,150.4660,196.3099,54.6251,-144.4950,53.2656,-129.6095,92.8805,45.7827,-85.1497,176.1609,-7.3462,337.6430
-36.6828,-6.3177,-272.8333,-33.5882,81.0607,181.2995,278.8833,132.4897,189.7244,-57.2514,-128.4243,25.8814,-133.7290,-10.5958,114.8067,-14.0477,194.7298,-6.7159,306.1407
-31.2053,24.7164,-82.3120,-45.9145,8.0427,56.1280,164.1972,-5.0451,103.9969,-240.3087,-74.2919,21.5251,-126.0385,-115.9181,133.2239,-14.9329,241.2282,-54.2189,165.7254
-2.3907,79.0707,2.8939,46.2387,-70.3634,-9.9206,-23.6020,-42.8331,28.7993,-169.3598,-34.4774,38.8333,-113.9040,-129.8188,90.2332,-193.3063,257.7164,-11.5772,12.1661
-22.4906,76.6606,-6.7069,164.2858,-44.8444,1.7347,-73.6474,20.5101,46.1233,3.7125,-20.5811,43.5630,-69.8963,-127.0039,55.0757,-285.6206,218.2633,12.6276,-41.8395
-53.5467,36.1948,-26.0983,123.0734,91.7387,-55.3422,40.2196,-14.2802,29.8193,-37.6302,-5.5373,29.7822,27.2172,-108.9070,48.6809,-155.5809,141.8799,-69.7013,-65.4219
-46.7953,77.2586,-22.5179,-7.5075,231.3773,-147.9347,106.9479,-161.8011,-108.3298,-176.9628,16.4153,21.6108,120.0519,-42.6774,14.2758,-72.2526,91.3903,-111.9754,-144.9589
-18.5769,114.0757,26.7302,-31.4889,302.3944,-138.1842,64.9939,-247.7965,-152.4725,-150.7611,29.1844,10.6400,142.0610,28.3249,-24.0569,-142.3409,119.1568,-74.2373,-170.0328
37.9748,13.5153,99.9188,17.6249,332.9171,-81.2357,78.3221,-207.7432,6.4973,-29.7686,22.9660,-16.2957,121.2746,66.6589,4.6221,-131.3217,181.5689,-100.3206,-54.6795
104.5963,-80.7236,114.9611,-16.7387,330.3784,-103.0904,169.6667,-122.7960,97.2130,23.7100,-1.5526,-40.9327,109.0600,61.5607,56.2693,1.1025,186.4157,-198.0926,85.9893
109.5906,-29.2247,68.7679,-112.7898,278.8690,-150.2165,201.7019,-41.2225,-8.1920,50.3358,-26.8859,-54.7622,93.5288,33.6239,60.4145,71.6817,146.0760,-236.2004,167.4925
73.8008,32.5827,40.9109,-128.6511,248.2805,-92.4063,180.0367,43.7640,-74.6242,96.9705,-29.3558,-58.5182,64.7319,55.5449,42.4311,79.0192,163.7685,-155.3399,228.5594
64.3166,4.9894,30.8200,-25.4728,291.5177,70.5534,195.1549,117.8024,-12.1652,123.6418,-14.4375,-22.4818,49.5454,113.7958,31.8948,91.6834,259.8613,21.1122,266.2872
47.9528,-5.3556,-1.2832,124.1739,330.9523,237.0743,221.1858,171.1096,49.3641,142.5553,-8.8627,66.7500,47.0352,104.2356,34.5397,34.1036,348.8095,227.2268,268.1948
18.7004,57.8623,1.4425,233.9357,312.9189,331.3204,212.6453,202.4795,109.2759,149.5558,-12.0310,132.3208,26.5325,48.9477,81.3806,-103.9396,382.2033,368.2300,272.3947
56.2137,122.9696,74.9507,247.5351,275.0832,330.0560,165.5027,161.9359,135.8992,79.7219,5.0905,82.7913,-29.1575,27.7645,130.6930,-222.0731,385.1580,401.8906,237.2679
126.4606,145.1018,132.7888,192.4594,209.1689,250.4647,42.5073,34.4607,-31.6212,-14.2840,45.6476,-25.9566,-113.9422,-17.9373,78.8066,-326.6587,369.4880,363.9134,104.0645
121.0949,126.7158,139.8227,162.4978,102.8340,156.4224,-120.0506,-77.4774,-248.7156,-29.9340,71.6611,-56.5662,-184.0070,-120.2843,-27.1516,-461.5669,322.8264,304.6541,-33.8498
71.6680,76.7764,162.5845,175.1754,34.0901,102.0802,-185.1778,-111.9043,-199.3479,-30.6402,63.7550,-33.9255,-192.4032,-171.0991,-44.2157,-554.1653,269.0682,256.7154,-92.8627
65.3559,46.1404,180.6340,178.7376,36.5478,74.5848,-153.4150,-129.7412,-23.1351,-79.0425,48.8461,-75.4694,-161.2915,-139.2867,0.0877,-547.7167,252.4711,232.1991,-138.7992
91.8344,105.6520,117.1748,201.6334,51.6711,58.1977,-152.9687,-144.4914,-49.8832,-75.0753,36.3233,-113.9539,-132.9336,-106.6203,-19.3235,-510.9523,264.9798,223.7427,-194.6199
106.7255,235.7527,34.7220,271.6754,63.2586,70.6496,-179.3771,-110.5981,-174.8195,0.7620,7.5058,-35.0759,-95.5848,-94.3782,-81.0523,-523.6782,256.0367,206.7707,-197.6161
88.9489,316.1556,41.8019,285.5097,87.9269,85.3153,-142.3301,-67.0324,-157.1009,29.2183,-7.8389,42.2264,-46.0307,-70.9940,-94.5732,-565.6615,206.8308,154.1584,-170.7325
46.8768,277.3173,91.1317,198.8180,117.1502,55.0756,-59.9183,-56.5173,-65.7586,8.2959,23.9816,-16.1893,-13.9979,-24.9360,-80.7931,-553.1425,136.5568,90.8180,-165.4805
33.9047,175.0675,76.0918,126.7102,160.0620,7.1905,3.8538,-43.7714,-30.1989,-1.0387,43.2804,-111.6800,11.0664,20.5826,-99.2336,-479.5649,65.7307,62.6507,-146.2565
56.8611,73.9851,10.6236,89.3532,192.0649,-24.7178,25.9022,-43.7217,-38.1676,-49.9377,3.6575,-145.2839,44.9071,-9.5051,-136.9484,-449.9512,13.0026,19.5966,-96.9119
40.5720,-5.2604,-31.8901,-17.4554,135.3263,-67.7783,-5.6419,-95.4424,-62.0072,-132.7094,-26.8168,-169.2846,51.9572,-124.5750,-169.0197,-497.1176,-27.1222,-90.0936,-57.0558
-18.6824,-30.4073,-45.5962,-158.5053,24.1628,-111.2833,-48.1694,-128.0658,-63.7272,-132.8852,-8.7159,-206.4473,22.5311,-185.8376,-207.2165,-514.8376,-86.2718,-155.8174,-13.4975
-43.5573,-14.9372,-61.9392,-203.8651,-22.2000,-94.2960,-22.1301,-79.1798,-25.0462,-63.2748,-3.2999,-213.8690,-15.9843,-132.7060,-250.3949,-458.7955,-130.0627,-85.6787,66.5281
-31.4139,-19.5061,-71.9964,-138.4707,-26.0910,-21.5746,36.6845,-2.0955,-4.0826,-19.8461,-33.7837,-177.2281,-79.3192,-86.7947,-283.3984,-396.7495,-64.0569,17.9795,139.5025
-14.5848,-0.0811,-37.4107,-0.9238,-87.0849,37.9980,11.7682,49.4980,24.1059,23.2354,-58.2318,-103.0600,-175.4025,-95.8731,-320.3441,-345.2669,97.3436,68.2005,129.6591
39.2061,97.0434,56.8213,173.6868,-173.1212,34.2550,-103.6385,50.0988,111.8216,83.1878,-56.5477,-35.2501,-249.1246,-74.2972,-373.6548,-283.1538,229.5573,98.3188,17.8820
134.8477,154.7386,175.3013,293.7060,-191.9756,-18.7786,-214.8131,-20.2666,107.6888,79.1254,-34.4334,-17.3600,-271.9509,-9.7203,-412.0565,-246.4621,281.8653,106.7443,-127.4848
201.5284,124.4568,233.7580,320.2904,-141.0907,-37.9246,-265.2569,-91.7941,-57.4226,30.9280,-34.6085,15.1688,-264.1147,43.7132,-403.6343,-244.5206,282.4803,85.0848,-207.2940
196.6765,164.8750,165.9441,324.7687,-80.2392,9.6656,-260.0706,-88.2787,-118.0866,31.0198,-105.5429,105.3879,-225.8254,74.3491,-351.0248,-223.7686,244.0187,68.9905,-206.1146
155.6041,268.5526,37.6054,314.6098,-40.9871,19.1610,-213.1095,-82.3437,38.2081,31.8790,-163.6844,149.5750,-157.7230,72.9823,-269.8931,-183.6803,207.4622,24.3839,-183.5405
140.6009,226.6298,-0.3465,240.3842,17.1111,-57.3423,-121.3322,-135.5850,148.0701,-26.2031,-89.3968,105.3287,-77.8040,45.3271,-196.2469,-176.8515,215.1171,-59.9846,-151.7749
155.9977,77.8962,63.4173,158.8724,132.4175,-93.6255,18.2895,-146.6063,100.9169,-32.1122,27.2243,57.9083,21.8091,61.4927,-171.4684,-191.8869,205.7529,-77.1455,-80.8120
126.1362,40.7072,78.0899,131.4971,232.5643,-34.6063,171.1063,-46.9033,70.1846,84.4691,31.3998,22.0801,133.7692,145.7370,-166.7124,-153.2431,124.7564,-35.5188,14.8231
25.1570,91.4812,-16.1631,100.4111,238.5093,11.1894,280.3176,76.7349,121.4029,184.6004,-31.2829,-7.4939,203.3849,204.2888,-119.5981,-37.5472,35.7902,-59.1210,97.2425
-63.4006,78.4183,-119.2935,40.5819,199.9137,3.4410,318.7938,138.9533,198.2889,163.5657,-67.7794,30.1321,213.0795,158.2744,-51.9392,81.2715,-17.5849,-106.6246,144.1205
-112.3559,1.1813,-178.0583,11.3860,155.4509,-15.3251,286.3188,139.7058,269.3066,116.7421,-111.2225,80.6075,188.9254,57.8433,-25.1847,132.0676,-67.4602,-108.4059,140.6478
-194.8806,-87.1552,-245.7778,-10.4644,50.0643,-81.2702,209.1618,97.1536,269.7669,118.6446,-184.1020,26.1253,126.9736,2.0480,-30.8449,124.4408,-108.2692,-164.5734,106.0593
-312.7262,-172.9755,-341.0140,-105.9476,-91.5189,-211.8478,157.8414,15.5537,206.2810,87.8233,-247.0336,-75.6429,37.9699,-3.1760,-33.6935,84.6317,-126.4130,-269.9051,78.1043
-396.5913,-240.3069,-406.0593,-230.2155,-167.1332,-301.1723,160.9346,-87.8994,195.4993,-8.1498,-276.4948,-128.9006,-8.5592,-18.8757,-34.0679,32.7554,-155.1958,-263.2131,46.9517
-437.2538,-302.5360,-386.9034,-268.9757,-166.9462,-285.4581,142.0962,-157.4455,202.4826,-54.4749,-242.0709,-159.2305,22.8819,-32.8563,-38.2201,28.9972,-192.3687,-163.0871,-1.9610
-448.9354,-350.4353,-298.0641,-234.1887,-126.4209,-226.8519,59.8437,-146.0132,113.8861,11.1084,-150.4618,-153.5238,86.3316,-0.5641,-47.1076,70.9164,-210.9415,-93.6588,-33.1445
-414.7391,-299.4933,-208.1105,-211.2838,-47.7364,-167.6594,-4.9983,-92.0251,22.8266,110.9513,-87.3954,-66.1713,126.3934,24.8435,-53.8182,47.8364,-214.0132,-25.5806,-39.0009
-342.6557,-169.0074,-136.8388,-175.5066,29.5045,-77.5887,-9.6400,-64.5112,9.5134,159.3360,-60.0226,29.3354,127.8421,-6.9409,-44.5383,-34.7094,-174.1620,71.3520,-69.6638
-274.9089,-118.3963,-44.1435,-69.0751,52.8304,29.3697,-40.7835,-72.0206,-49.8298,121.4856,1.8897,56.7246,104.1579,-29.9885,-56.1700,-31.1583,-78.8358,123.8697,-140.7297
-247.0823,-177.9416,37.1818,33.0771,26.2388,72.5853,-153.7139,-100.6527,-166.4591,21.4408,53.9823,53.5374,69.5874,4.3516,-129.9697,57.4152,-8.9871,127.8446,-214.3369
-254.8037,-209.1181,37.3320,57.7575,-34.0444,40.0094,-266.1942,-139.2574,-200.2571,-35.9222,38.1247,81.4234,30.0689,53.2612,-188.3299,103.2706,5.2893,132.4719,-265.1595
-243.8604,-158.3605,9.7898,66.1549,-100.5421,8.8512,-288.8121,-157.0292,-153.3166,2.2231,35.2898,153.8786,8.6875,82.9335,-142.4848,102.9593,19.1743,123.1114,-290.9319
-201.9854,-100.2101,24.0088,65.5559,-134.8064,-12.4339,-255.8411,-153.1343,-74.4807,47.6224,74.5103,190.7243,21.2036,89.7439,-54.0668,115.8127,-9.6859,81.9076,-284.4961
-189.8801,-68.8199,19.3154,-29.9946,-174.6664,-76.8838,-256.3495,-145.2035,45.1031,56.3359,62.0722,88.6050,8.1593,82.8919,-18.9105,138.3114,-134.3745,21.3081,-239.0489
-183.5368,-38.7750,-31.0057,-164.2314,-267.3269,-141.6001,-296.3168,-110.6369,75.3404,84.3914,-9.8969,-63.3017,-96.5603,86.2824,-52.1996,174.8074,-242.6551,-53.5026,-174.9189
-101.4325,-35.2385,-54.1721,-220.4369,-347.5804,-166.9734,-308.7937,-68.2168,-64.0084,104.1870,-77.4019,-95.4380,-233.8739,74.4473,-134.9993,213.6437,-261.5656,-126.7212,-126.5896
-22.6700,-110.0468,-65.5024,-255.1826,-356.5302,-237.6629,-264.3427,-68.5751,-122.6868,72.5221,-136.6513,-62.7456,-281.6774,23.3633,-179.4174,207.4015,-282.8768,-175.2419,-78.4367
-60.2570,-206.1623,-120.0196,-322.5531,-321.0522,-333.1839,-180.4488,-46.8035,53.3044,79.3557,-175.2818,-79.1520,-209.3768,13.6311,-90.1991,197.4663,-331.3001,-173.2307,13.9507
-132.8367,-211.1752,-157.1916,-337.3937,-242.3822,-288.1325,-68.5877,50.5616,207.7608,146.2508,-167.9446,-87.0890,-85.4599,72.0439,24.5868,235.4379,-344.2612,-96.3182,106.7363
-156.1333,-162.8654,-145.2225,-303.6304,-124.1925,-128.0529,36.1139,112.0121,169.7552,143.3414,-150.9140,-59.0169,7.8354,98.4296,16.9123,256.2231,-343.4835,-3.3330,115.4616
-178.9709,-188.3387,-151.5592,-309.1700,-34.7492,-13.8252,68.1364,95.2530,99.7046,62.4517,-135.0530,-36.1053,36.8439,105.1386,-9.3622,247.7365,-348.9285,12.5772,76.4372
-185.1247,-264.6513,-163.4101,-319.8755,6.5356,76.0431,28.0193,104.3215,82.7196,26.8241,-90.5725,32.9984,26.5016,175.0453,51.9686,278.0920,-312.1306,-18.6665,70.9584
-124.1422,-279.1111,-125.6613,-295.2292,19.2574,177.9794,-15.2507,120.9112,34.4032,41.8003,-53.6331,123.5062,-3.9119,214.7511,76.2342,297.5470,-246.4200,-44.4620,58.8807
-73.8099,-221.0650,-93.2885,-280.3969,-40.2149,170.0853,-58.3488,52.2116,-50.0902,25.7061,-57.4121,104.7162,-73.8847,143.1333,11.0645,255.9007,-197.6964,-112.4856,-34.4657
-70.0743,-125.4499,-111.3930,-250.1642,-172.2004,45.6151,-161.8110,-61.7620,-128.6758,-39.6627,-61.6234,28.2507,-167.0836,73.5816,-29.7518,241.6248,-157.3998,-210.9701,-182.5724
-21.4473,-7.5034,-124.0869,-175.6105,-291.0512,-75.7180,-283.1793,-175.9842,-182.0457,-116.1102,-51.4956,7.3229,-220.9527,54.6051,-34.8783,265.2192,-136.7759,-269.3996,-306.2130
69.7743,64.8685,-101.6744,-146.1404,-370.7016,-213.8042,-291.1438,-292.1124,-156.2351,-147.9692,-32.7246,-10.9596,-221.6512,3.6426,-40.6328,248.4781,-145.7160,-340.0130,-349.7968
107.1700,21.4979,-63.0163,-180.8618,-419.6490,-397.1606,-196.5091,-347.1483,-84.5356,-138.5853,16.5032,-27.1089,-203.6934,-84.0401,-4.0321,230.1747,-131.1608,-453.3668,-324.5523
84.9102,-90.7262,-18.7809,-182.1747,-407.4095,-510.2039,-158.4004,-338.5695,-94.9297,-157.0840,57.6405,9.6342,-179.2057,-157.5592,34.2638,235.4290,-101.1803,-487.0670,-310.7542
63.7684,-135.1128,-3.0733,-143.4951,-354.6687,-507.0263,-198.0905,-334.2247,-136.6018,-160.4310,33.6601,-19.7542,-147.4257,-170.9846,6.1735,187.4324,-129.1849,-408.9012,-328.3610
84.7953,-39.8091,-39.0925,-134.9109,-300.3653,-456.5001,-164.6358,-277.9496,-61.7451,-65.8558,-8.8836,-136.4819,-113.8062,-96.3621,-7.8633,118.6758,-199.2611,-327.9363,-294.4972
131.6330,54.4761,-94.3934,-186.1051,-222.3340,-390.1678,-40.9959,-143.6469,30.6396,-9.0403,-28.0018,-149.3171,-74.5701,-47.7738,23.6011,109.0068,-264.8623,-272.2585,-193.0942
113.5825,-37.7175,-158.2184,-287.6864,-146.8149,-321.3782,25.5730,-55.7485,-20.3624,-100.5838,-57.8041,-77.3961,-34.3553,-104.2158,4.0094,113.7549,-325.7807,-209.4618,-94.8463
10.6994,-181.2850,-237.7966,-348.0475,-120.5295,-235.1452,11.9335,-7.8904,-99.8800,-154.3420,-86.0652,-86.5175,-10.9495,-81.4943,-41.8444,120.1002,-327.9206,-143.9706,-22.5937
-58.9288,-135.8994,-285.2457,-279.9420,-81.1515,-80.3426,13.8778,75.3822,-70.4341,-84.8230,-73.0576,-94.8819,-3.5768,62.9519,-25.8533,157.7724,-241.3929,-75.4043,-1.5918
-51.1369,-57.5620,-262.9121,-195.2171,-11.3142,67.7460,20.4828,73.1926,-34.9761,-77.0463,-35.1595,-5.8099,1.1741,63.3869,8.2060,145.5388,-185.6148,-34.5023,-85.8181
-24.1796,-151.9827,-196.9465,-216.6237,-7.6301,98.0261,-32.5020,-46.1998,-79.0875,-135.7681,9.4422,62.0850,4.5284,-56.0933,19.3547,81.8389,-219.2808,-53.5366,-216.1785
30.7295,-178.7247,-122.8762,-231.1452,-58.6113,94.4392,-123.9575,-106.5860,-127.8795,-114.3893,31.7742,63.4033,-3.7992,-12.1134,20.5181,107.3746,-219.3902,-54.6891,-297.5343
87.1387,20.4454,-75.4735,-137.8968,-83.8382,130.0965,-203.7871,-133.2208,-140.8113,-93.7141,-6.9511,62.5246,-32.4957,93.6968,-23.9708,181.5298,-132.2544,0.4890,-362.4753
44.1361,146.8697,-66.1819,-33.5301,-110.6381,99.9534,-225.3369,-249.9011,-128.3339,-152.4250,-37.5287,47.2156,-60.2799,27.9776,-78.4850,150.8527,-60.0390,10.9917,-425.3028
-29.3353,65.6122,-54.7891,4.2774,-143.2093,-7.1896,-160.9841,-325.6740,-81.9302,-163.6506,5.7403,17.9573,-51.2672,-84.5640,-50.5781,82.6024,-62.6061,-46.6045,-406.7421
-7.3200,-18.3331,-52.9908,-19.9079,-143.8322,-89.4186,-97.3251,-278.6750,-56.7438,-119.2363,17.6331,-15.6576,-26.0158,-130.2463,-10.1419,104.5074,-110.9087,-110.2764,-327.6888
9.6147,-68.3487,-117.3355,-101.0593,-185.6099,-161.9645,-118.9251,-235.4031,-76.7054,-113.4924,-50.6476,-112.4148,-26.3006,-181.9889,-24.6403,162.7562,-177.9222,-188.3976,-265.5208
-66.1842,-141.6389,-182.7970,-172.1660,-274.9506,-231.0297,-126.8409,-173.3147,-21.4321,-82.3679,-68.6843,-218.8767,-24.8655,-183.9794,23.6554,161.9101,-247.2767,-233.9689,-182.7030
-111.7273,-130.1257,-157.5550,-169.1358,-261.0661,-212.8462,-43.3171,-14.8952,94.6792,-7.0012,-13.6766,-207.0105,7.5367,-107.2286,135.7305,81.5462,-288.6412,-154.1695,-63.0928
-79.2021,-28.1490,-98.3847,-130.0506,-140.8911,-140.2486,21.9336,118.6388,72.7084,7.6288,14.9104,-130.4402,42.2361,-79.3251,143.5306,-13.2878,-259.6398,-31.5573,15.9325
-48.4655,34.7239,-55.3665,-67.1061,-41.4512,-86.1480,35.7613,174.9716,-17.3301,14.6120,32.9594,-91.3929,82.0315,-64.0395,73.2048,14.9153,-159.9285,41.2147,59.8888
-18.2837,46.4793,8.2268,24.3937,53.1196,2.6778,98.3277,234.5763,58.4937,89.3800,70.9571,-67.4845,141.9159,29.2442,68.0803,158.4664,-75.0221,130.6023,113.8035
13.7567,20.0305,48.0257,47.6411,160.3357,138.8185,162.3168,256.2937,125.3662,102.0642,70.6616,-48.3076,161.8085,89.0185,90.3030,216.9421,-66.4341,212.6054,125.4300
4.7501,-37.0980,13.1111,-22.6639,184.1880,251.8327,123.9369,209.9181,-54.3376,19.8075,40.3634,-36.3544,115.1589,87.8912,74.7277,146.7829,-84.3231,194.6769,86.1499
1.1110,-15.7842,-16.7456,-61.5262,143.3899,342.6472,79.3397,186.8762,-163.0731,3.2919,23.3511,-6.9388,70.1533,126.9883,76.6933,112.8183,-81.5660,172.8161,84.4342
29.6627,67.4920,-1.5655,-19.9743,131.4813,422.0498,124.6159,186.2995,41.9628,43.8317,6.7619,-10.6445,48.7606,139.5939,105.7720,148.1477,-59.3094,233.0708,114.1888
24.7609,65.5465,17.5948,57.8974,127.1542,463.4139,158.3793,160.8825,143.0267,-4.5881,29.1079,-39.2001,25.9935,67.8475,108.1951,135.7057,-0.5916,286.4133,88.9524
18.1558,48.6039,68.4839,141.3860,115.2740,478.4797,101.8764,137.5546,-75.5113,-106.3401,109.6878,22.1044,22.9250,15.7448,76.3497,49.0941,61.2475,308.0371,15.2941
72.9200,137.1662,145.6713,170.8080,117.3430,444.0353,17.5489,96.4874,-178.5816,-134.0205,138.6296,91.9838,26.4375,-7.0137,26.9993,-25.0281,58.4920,329.7790,-44.4794
113.9072,220.4796,164.1942,155.8819,76.2810,324.6827,-41.6512,40.4295,-48.6910,-81.5388,95.6316,22.3735,-14.5630,-40.0824,-7.6395,-20.8326,56.7968,296.3483,-71.6416
116.1727,235.9949,154.7864,198.2310,-4.9115,211.2136,-70.6641,59.1213,-77.9274,-9.2766,84.2748,-58.0009,-64.5721,-36.0008,-1.8092,6.6401,124.9815,224.2155,-62.6334
167.4801,242.5155,174.3611,234.7795,-28.2645,164.5500,-64.6548,110.8955,-228.2429,29.7500,81.0630,-55.9915,-73.4575,-37.6073,-2.0974,-38.1154,145.8458,193.5986,-17.1512
229.6418,193.0286,144.2200,162.4749,-10.0597,104.7604,-36.1835,99.1413,-150.4796,-7.5396,28.9004,-98.0374,-64.2767,-96.0599,-26.1159,-99.2672,66.3147,175.5851,24.7004
189.4941,104.7449,71.6059,138.5350,-6.2995,13.8557,2.3166,77.5990,19.8655,-89.8903,-0.6446,-126.8997,-35.3327,-122.3008,1.2677,-80.4567,40.1698,163.0676,8.3315
79.0963,105.6674,91.5592,257.2414,36.9302,-57.7837,56.2749,57.3606,14.6622,-105.8702,13.8810,-15.9645,24.0433,-111.9890,80.1769,-43.9539,121.8778,204.5869,-51.4019
14.9072,149.8611,173.9464,323.0588,128.3485,-88.5149,108.9829,-0.6097,-52.7674,-33.5281,35.2568,60.3869,58.2706,-96.9942,118.2831,-14.5973,192.7684,237.1613,-58.6789
54.5485,160.1213,184.4688,265.7706,202.3273,14.8722,133.7286,17.5744,-113.4913,-22.3540,90.4850,-10.0166,49.8605,30.4488,98.2482,74.0450,204.6932,235.5434,35.2304
146.7767,186.9805,130.7188,210.5762,260.9465,278.9379,141.6830,133.2325,-226.5089,-123.9618,107.1580,-54.0027,34.7623,208.4388,74.4492,98.5093,196.0813,300.1881,157.8604
178.5658,170.2146,80.9706,177.5360,306.2068,501.9546,159.1508,186.7064,-201.4539,-128.5175,-26.2780,-20.8287,8.9547,227.1157,101.1586,-56.9219,196.3866,400.8407,228.6768
157.5527,74.1038,72.7943,180.3219,309.0201,579.4910,159.5020,185.1823,8.7580,16.7893,-157.0684,-9.5266,1.0658,152.3592,188.5278,-181.2413,218.8210,430.2424,223.3773
179.1887,52.0082,130.4039,249.4422,300.1479,606.5679,64.4791,190.0067,29.9584,16.0223,-115.2078,-25.2515,50.9024,89.8228,213.9057,-108.5617,213.7437,422.2262,136.8858
177.5541,52.6108,183.4538,249.7740,278.6906,560.6782,-108.5405,119.3414,-192.9049,-166.9505,-43.9160,-69.1065,63.4942,-38.1862,77.0677,27.9656,151.4175,393.1832,47.3847
79.5015,-74.6003,147.9454,135.5124,195.8866,402.5195,-183.7210,31.5575,-242.2537,-189.9746,-72.5552,-124.3732,-21.4767,-124.6222,-57.7309,89.1342,140.5614,282.5635,66.6141
39.8914,-116.7216,83.6547,57.3014,99.6132,229.5288,-108.6410,-2.1349,-73.1614,-91.0249,-112.3184,-113.8340,-87.6679,-80.9520,-35.2242,-8.9096,218.6980,114.0007,112.2526
112.3902,38.1280,47.6484,-1.5794,34.7457,25.1485,-100.1009,-147.2334,-18.0620,-206.5938,-142.0958,-101.9517,-102.6873,-152.0262,-3.6615,-249.4700,248.8535,-76.4531,43.3201
90.4428,69.3793,11.4184,-110.0370,-44.8142,-221.5528,-244.0410,-332.4495,-73.2746,-378.3636,-211.4484,-163.5253,-153.9469,-324.1501,-67.4965,-340.4243,200.0045,-254.7283,-32.8089
-75.4783,-100.7981,-6.8784,-143.0960,-119.9099,-326.0158,-332.7237,-285.0333,-57.7524,-312.7953,-271.9626,-192.5594,-204.5964,-306.0270,-79.1082,-180.7914,147.0236,-320.8445,-3.2171
-216.7349,-226.7119,-32.1904,-131.9402,-165.0082,-320.6814,-311.6967,-196.8136,-79.3933,-268.7004,-310.3127,-198.7453,-211.5502,-254.3863,-7.0649,-134.5997,45.0668,-326.9675,-13.8227
-276.4708,-293.6115,-160.8621,-237.6113,-242.9002,-408.6370,-336.2002,-298.5576,-243.6376,-448.5616,-369.4431,-271.6517,-241.5192,-368.3850,-1.5778,-275.1185,-113.3419,-408.4321,-114.7307
-306.0602,-357.5389,-317.6241,-341.2489,-301.6550,-452.6374,-357.7160,-308.9172,-378.7016,-522.5422,-413.3012,-276.7579,-256.5874,-375.3077,-77.3212,-279.3238,-208.8083,-446.8589,-115.9243
-344.1258,-371.8212,-352.2038,-332.8572,-226.7922,-315.2901,-238.2505,-131.5682,-319.7690,-340.6299,-407.7874,-181.3463,-187.7821,-237.3706,-126.2776,-192.0294,-228.8765,-347.3803,17.2266
-409.6969,-431.2794,-306.5127,-336.8209,-108.5327,-209.4482,-88.1057,-47.5518,-150.1096,-215.6613,-379.3181,-178.1020,-149.2764,-231.0896,-119.9787,-206.3281,-220.3971,-288.7245,116.1965
-425.5741,-527.1183,-251.5173,-324.6691,-62.3107,-180.8455,-40.4354,-47.3511,-95.3210,-301.0665,-339.5579,-218.8249,-199.7855,-274.5800,-99.4868,-192.3678,-158.5796,-288.4508,121.6752
-338.4532,-460.5016,-180.6755,-217.1600,-38.8194,-72.1401,-32.8392,5.0035,-193.9383,-367.1241,-318.3615,-168.7140,-209.8895,-251.9287,-90.4119,-127.1078,-113.9083,-186.9720,111.8430
-300.0616,-358.3302,-170.4559,-171.9748,-37.2266,18.9294,-22.2880,50.9979,-174.0450,-223.7569,-352.4049,-169.2989,-162.9920,-305.9873,-82.6130,-103.1795,-179.4659,-86.3273,156.6483
-382.4477,-440.1662,-222.8243,-231.0528,-90.5781,-1.2991,-25.9705,119.7951,83.4173,-41.4864,-384.8875,-261.8402,-163.6902,-347.2407,-61.9168,-14.0543,-238.9725,-124.9367,240.1607
-401.2473,-474.8446,-168.8870,-249.2685,-116.8398,-8.7841,-1.4288,190.7996,271.4903,-71.3642,-345.5489,-263.2930,-194.6087,-237.7986,-46.1717,64.2789,-196.5751,-182.1028,254.6046
-307.6118,-323.8597,-38.3595,-247.9405,-138.8025,-24.3056,8.1183,108.5508,215.1300,-168.9574,-263.5536,-172.8948,-217.1885,-162.0648,-47.3316,-36.2813,-170.2973,-198.1418,151.5928
-263.5486,-276.9204,-25.8886,-266.7480,-262.3654,-118.3642,-101.4909,5.7648,164.0576,-97.1254,-190.4265,-101.8502,-262.5846,-187.4184,-44.6183,-97.9229,-209.3958,-236.8921,29.6686
-265.5500,-355.6314,-69.5738,-228.0580,-356.0768,-165.6672,-224.1478,24.4246,223.8987,-40.7315,-135.0486,-43.2952,-282.6505,-174.6534,-36.0929,-21.8272,-220.6111,-253.2658,-44.3601
-226.7207,-327.2655,-58.6262,-202.6906,-317.2698,-181.6250,-243.7409,-51.1898,145.9132,-154.1027,-116.0547,-8.9104,-250.1218,-126.3427,-45.4997,-27.7117,-224.9373,-265.7380,-128.3038
-220.3361,-319.9564,-122.5042,-280.9739,-348.6524,-321.3708,-311.7937,-239.7580,-105.9515,-226.1969,-158.5416,-26.1891,-270.4579,-75.7228,-70.5887,-16.0470,-293.2730,-382.1958,-250.8710
-250.6919,-442.1818,-256.1732,-328.6157,-475.4410,-437.5337,-467.0835,-303.7156,-207.6044,-224.5683,-218.0224,-41.4533,-328.6866,-43.5953,-80.9343,133.8470,-341.7260,-462.6336,-337.3195
-214.7440,-456.9632,-273.8121,-277.9725,-450.3914,-334.6248,-490.4049,-282.8087,-90.6334,-288.0915,-219.3836,-37.3123,-296.7976,-97.0796,-79.8632,146.9977,-300.3734,-333.1988,-325.2629
-194.3652,-391.4624,-238.9709,-268.4591,-306.6938,-187.9967,-393.0536,-246.6760,-103.9375,-320.6873,-182.0724,-42.1376,-220.0269,-128.1578,-109.3378,23.3588,-269.3698,-191.5212,-240.1481
-276.6201,-458.3555,-273.7886,-340.9847,-211.9843,-140.8915,-329.7757,-99.3521,-308.3559,-289.0007,-172.8239,-41.0061,-163.0435,-44.3742,-137.1933,31.5676,-315.7724,-206.6167,-119.8570
-325.0735,-494.9627,-283.5637,-394.7555,-93.6212,-55.6716,-196.6181,51.3703,-323.7653,-263.0185,-177.5729,-31.7334,-75.4513,-10.6910,-92.0514,59.4384,-377.5486,-190.3448,16.8612
-308.2617,-419.6822,-271.5742,-395.0281,15.5779,51.1439,12.1992,99.1226,-127.8876,-126.6783,-159.3075,-33.1857,-35.4336,-44.9312,-52.6691,-10.4443,-414.0098,-89.5832,103.3490
-348.3026,-441.4919,-272.9520,-353.4188,-16.2453,54.0834,88.8527,171.4864,-77.9977,41.0389,-122.2387,-25.4508,-84.0880,-14.8493,-91.0867,-23.2336,-406.0405,-68.0826,116.7244
-387.8678,-446.8401,-131.8809,-268.0083,-44.0265,76.2417,122.0093,239.1489,-115.3638,14.8647,-74.3188,-9.8529,-40.5216,-13.7233,-56.0065,-9.3636,-333.9846,-48.8506,156.9262
-337.1929,-302.0517,39.4385,-212.7493,-25.6794,136.3825,239.3306,198.9781,-6.0571,-15.3839,-59.9939,-35.9453,49.2601,-53.6151,83.2484,-26.4880,-281.7550,24.9214,220.0755
-236.4913,-241.1273,-45.0873,-247.4947,-131.1674,37.9561,217.6547,174.0537,41.4843,65.3702,-92.8341,-72.5215,-11.2378,16.2129,97.6665,31.7605,-290.5182,-30.9953,182.4060
-69.0943,-185.1032,-153.0533,-229.8953,-195.0238,-80.9091,45.0835,179.4031,-110.1369,29.2116,-61.6812,-16.5792,-53.7888,69.4696,-18.2361,61.7685,-218.7042,-94.0561,103.3635
104.0504,75.8152,-23.5453,-41.9621,-81.5743,-28.9178,-20.1390,101.1473,-206.2646,35.1932,39.9989,76.8842,9.9576,13.5937,-61.7597,-17.1858,-45.2481,40.7256,99.6696
195.2796,304.7155,75.6590,131.8860,-62.4003,-46.8709,-22.9447,41.5268,-156.9582,223.7111,77.2214,75.7490,-45.1231,70.6935,-31.0054,-11.8694,61.3996,80.7765,106.9372
448.5830,590.7755,95.1633,119.2587,-91.4392,-159.8777,-29.5211,35.3440,-50.6799,170.8325,102.2719,96.7300,-79.2237,196.9791,46.6683,24.2766,97.8286,-50.3801,117.8437
856.5305,1117.4868,233.7679,46.2819,40.1247,-109.1729,48.6953,-74.0271,88.8164,-54.0958,181.9400,243.7933,63.6799,152.1796,188.7543,-78.8923,156.1315,-0.5151,166.0088
877.2321,1194.6147,259.5429,60.3086,27.3306,-93.3023,11.8722,-193.8586,93.4082,17.3230,149.3646,297.4453,17.1315,85.3748,216.4422,-111.7903,206.5828,54.0616,101.0268
650.4890,761.0775,132.7777,147.4755,-137.6354,-213.9475,-205.7285,-203.4661,-90.7078,6.7042,48.4595,231.2754,-166.0418,139.3746,97.0707,-36.6899,280.4958,-102.9139,-59.6058
814.7559,838.1395,222.6997,235.3074,-24.6642,-96.5513,-253.0699,-287.7891,-154.8933,-309.7947,103.3099,291.6462,-58.1347,141.7431,76.3288,-153.0691,404.5087,-9.3366,-64.1339
964.0642,1076.4880,321.2160,271.0252,95.0372,112.6804,-184.1026,-344.7127,-45.9739,-228.8006,128.3946,350.1782,6.5073,140.6011,105.8554,-304.0776,432.8397,285.9819,37.4428
633.4368,627.9805,162.9324,293.4058,-29.4167,94.6618,-231.3636,-86.8964,6.2146,54.5365,-34.9067,241.0373,-167.4958,222.6475,51.8908,-251.1172,385.6017,200.5445,104.3891
555.3831,516.5648,188.8130,303.3453,146.8567,222.7887,-88.7829,103.1844,82.0013,-230.5029,-59.6140,259.4881,10.0351,142.7563,154.8061,-316.6969,394.2625,111.6682,265.9458
687.8370,830.5622,250.8414,118.6940,331.9044,323.4599,129.8858,-102.6237,144.8289,-245.1315,17.2328,309.2402,180.2674,12.6014,288.7393,-419.8829,229.1602,410.4837,301.1553
-133.5224,-261.2948,-299.9738,-153.3693,-295.0545,-296.8643,-173.1766,-119.9272,-97.9013,687.7878,-195.7501,-135.3713,-441.5234,197.8616,-53.4205,-0.3893,-169.4943,341.4412,-187.9033
-1245.7582,-1593.1597,-705.8530,66.3099,-760.1342,-694.0005,-436.8740,250.0606,-246.0229,1091.0454,-285.7815,-642.8696,-781.7851,310.0322,-453.2323,511.0950,-188.7016,-66.7647,-638.1566
-885.1883,-303.7023,-9.9705,747.5394,57.8230,320.0034,173.4904,260.2843,212.0718,295.8180,243.9259,-376.2746,159.8587,-97.9966,-143.4955,280.4217,330.4199,258.9920,-299.4020
257.3819,1611.3073,744.3869,911.7482,865.3929,1257.6317,763.8021,-138.4035,576.9055,-188.6002,641.6256,137.7572,920.1064,-471.8802,317.0015,-227.0462,549.8760,798.8391,218.8522
377.0168,761.5988,466.7137,275.1033,456.1700,514.5530,382.2906,-175.0497,191.1395,91.9046,260.7037,-0.7432,413.4519,-316.1970,108.4707,-189.0806,149.0712,293.2614,83.0558
-157.9557,-852.7997,-27.2115,-186.3270,-138.2798,-495.3994,-136.6854,114.2579,-212.1910,127.0654,-152.4654,-334.0724,-147.1771,-41.6772,-237.8482,99.2481,-139.7602,-457.2992,-231.4131
-185.3768,-558.3746,31.6457,-39.3098,-81.2525,-351.8318,-66.1936,140.3287,-85.9741,-52.1010,-46.5557,-245.1356,-27.7346,-18.4551,-143.8570,111.5739,-19.7679,-320.0070,-158.3269
55.9707,-78.1946,193.5432,63.7992,81.9777,-81.7667,59.2425,12.3217,9.5661,40.4694,48.2318,-155.9470,87.5765,-114.6789,-56.9982,-7.3830,41.7022,-75.9735,-76.3165
31.9073,-552.6154,156.3162,-60.4430,38.3162,-346.5917,-27.6830,68.2410,-116.0282,75.9324,-69.4741,-286.4242,3.1824,-148.2188,-167.6866,-13.2438,-32.4683,-310.1759,-181.1771
-69.8317,-503.5961,99.9266,-12.5601,-38.7369,-364.8812,-45.7470,147.3194,-83.0364,-10.5836,-50.1588,-249.4723,-19.8282,-66.3799,-124.0917,44.4903,19.9793,-319.6510,-164.3753
1.8663,-153.0119,127.5050,66.9791,-29.6435,-174.9933,-8.2301,87.9512,-11.3379,49.5344,9.6385,-155.7201,-9.0339,-46.3590,-49.7084,15.3039,76.1741,-123.2716,-103.4802
137.5453,-469.4776,236.0641,-27.1334,108.0315,-322.8850,3.9235,40.8962,-88.7291,55.3131,-63.6786,-264.5335,59.7523,-195.8625,-139.8083,-82.9372,17.9770,-267.3416,-175.7717
64.3868,-491.3030,207.2121,12.8225,59.9698,-400.9962,-17.1125,86.6708,-88.2350,10.0813,-55.1789,-261.5012,50.1538,-166.0462,-129.3474,-23.0617,29.0715,-350.7069,-173.5955
-72.0769,-131.8806,62.3041,118.6281,-169.4425,-231.6412,-93.5788,104.1814,-44.9298,104.5447,10.0170,-133.7973,-118.1928,11.9483,-44.0709,83.3006,83.4574,-158.5064,-111.5460
196.6861,-455.4172,303.4370,-35.2679,103.2045,-328.0888,-8.1347,32.4457,-117.3999,36.1753,-50.8379,-271.7814,45.8112,-213.5735,-125.3784,-119.0806,43.3786,-247.9701,-193.6578
329.9290,-551.4593,473.0608,-53.9832,321.9963,-458.1956,91.0299,38.3020,-96.5726,-61.6865,-61.6999,-341.1204,237.5871,-345.7559,-129.3627,-186.6420,48.6891,-398.0760,-199.7083
-592.2854,277.3073,-462.8138,317.0341,-791.3105,-133.6235,-413.2477,240.3776,-4.4851,353.0147,13.2836,100.3375,-582.7554,462.3863,56.5737,439.0971,123.4365,3.0768,1.1557
-1482.0396,385.1891,-1456.7566,444.0243,-1933.3229,170.0353,-1044.9514,365.9184,-116.1058,682.2733,-69.4637,436.9324,-1525.3414,1158.1644,60.5792,889.1768,82.6678,447.3402,62.7092
-774.8264,-371.2836,-790.9701,199.4798,-1086.3408,61.6674,-688.9999,172.2811,-202.6700,222.0426,-155.0827,153.0389,-915.6600,524.3638,-72.9124,319.3099,48.9739,350.6211,-50.3429
380.3205,-191.7001,410.5581,243.5892,318.1862,-39.3435,105.4640,-35.3766,-11.8022,-196.6589,7.6418,-150.4325,218.7927,-277.8148,14.0512,-300.4202,198.9591,174.0004,-6.0194
324.1481,543.5858,372.1315,508.0981,242.5645,38.0374,143.3262,29.9401,125.6601,31.6533,155.9682,-52.7861,186.6712,-84.7803,149.9057,-120.6651,309.3565,258.0283,122.4525
-76.5310,447.0777,-42.5106,459.1692,-206.4696,57.3972,-124.2440,114.3624,55.0871,156.4862,96.8793,35.4070,-176.5733,188.8675,96.3635,93.6103,248.2530,303.2694,101.9463
153.3529,184.2636,190.6095,310.3669,101.5029,44.1394,24.6132,38.4912,49.8714,-39.4979,60.3893,-50.0756,72.3338,-41.2228,61.5467,-96.1685,216.9485,248.9375,61.1637
260.8244,386.7454,295.4702,363.9261,214.0282,58.6405,115.8283,11.3601,104.1562,-3.9458,104.5596,-54.7342,164.6133,-75.9590,114.3002,-117.2267,238.2724,250.6268,94.5806
29.6236,378.6476,57.2026,373.1445,-64.4756,30.8249,-36.1135,69.3017,65.9530,110.4975,91.9404,-8.0664,-62.9067,89.0496,93.0165,29.5522,195.7272,242.7427,84.8995
89.9743,212.0502,133.9955,290.7192,26.7387,30.2383,16.4843,51.8504,49.2989,11.9703,78.1174,-35.3673,24.3376,-10.9060,61.2468,-38.9771,172.4902,208.1953,55.4136
204.1062,323.1923,256.9157,312.7729,160.2668,62.6520,114.3161,13.7082,83.5234,10.7222,97.6259,-40.8678,140.9046,-75.6797,89.3480,-89.0169,201.3364,220.6816,70.3337
51.7796,343.7165,85.0197,336.7826,-14.5298,33.2848,10.0951,36.9004,63.6763,113.7085,73.5103,-11.9714,-6.1316,49.9978,81.5835,16.1908,182.7180,224.0475,66.4534
48.2706,233.0498,66.7233,297.0633,-0.5342,39.0031,6.1745,51.1169,46.1395,59.2195,58.9807,-17.1412,10.1648,27.5348,55.7407,5.5248,153.7928,207.3894,43.6928
172.4329,311.3874,200.2755,310.9289,135.2233,95.8273,95.1921,47.0657,64.6646,25.1283,93.4862,-17.9551,122.1503,-43.5419,68.1585,-58.4791,168.0343,212.6360,54.4705
85.4604,322.1988,129.8940,308.1574,20.0451,68.5672,27.1124,62.5644,49.7087,96.5687,87.3054,-5.0734,22.3979,34.8647,61.3509,-3.8414,152.7190,199.1808,68.6923
45.8679,223.9975,82.1897,253.8965,-20.7652,64.6317,-5.3776,75.2665,35.1997,72.1226,50.4844,1.1540,-2.7333,58.1335,34.1846,22.8350,116.0140,198.0499,60.9860
157.7959,308.4428,169.1806,266.0258,112.1080,136.1060,85.2725,68.0320,60.1976,38.6483,62.6015,16.6135,110.5409,5.2002,38.9423,-18.2784,128.0243,234.1788,57.7406
103.4009,341.4690,119.6044,278.3553,65.1119,96.5520,65.3543,59.6396,67.6691,96.3472,81.3976,21.6167,68.6249,44.5316,46.7640,8.9318,114.8172,212.6685,47.9232
20.2677,228.6440,53.1329,230.0861,-7.2968,43.9303,15.1709,71.0891,56.0273,93.5567,66.5393,15.5732,20.3014,86.5866,40.1129,61.4303,23.3546,138.6372,6.1091
106.5213,251.1511,123.5518,235.1360,82.4509,126.2710,70.9800,78.4817,56.2321,66.1321,61.0533,18.3001,88.5869,54.9569,43.2921,46.7208,-23.3572,40.4184,-35.2131
87.2956,181.5644,92.5168,245.9828,42.9039,134.7369,44.5157,55.9528,27.2992,104.4737,35.5170,8.1852,22.9749,52.9739,16.1048,18.1704,4.8900,-125.9231,-48.6151
-33.0033,-114.9100,-20.9648,134.1112,-94.2814,66.6415,-60.3486,66.1764,-39.8120,80.7289,-47.5801,8.8952,-90.6090,77.2757,-59.5065,20.6733,-17.3193,-233.9305,-63.8492
0.6134,-197.8592,-6.8781,-45.9928,-58.4456,132.6158,-57.7448,117.9167,-86.0621,25.1014,-91.9466,28.8746,-39.1853,57.1499,-102.2731,14.7208,-73.9933,-218.1316,-89.3338
16.9620,-120.3731,-6.6870,-224.9176,-30.5846,180.4719,-57.3380,106.8736,-106.6367,66.9768,-69.4808,12.6899,-31.5448,39.5314,-101.9327,1.8821,-81.7157,-284.3180,-98.0968
-91.5755,-246.1548,-98.8763,-383.2699,-136.1819,73.6931,-140.9505,73.2288,-136.7821,71.5846,-96.6168,13.1259,-134.5064,76.4516,-138.9223,33.1918,-110.4370,-412.8257,-104.5656
-91.0122,-373.8823,-108.8641,-492.4210,-147.6734,-39.3813,-149.5059,121.4373,-158.5847,-7.1107,-153.7846,55.5085,-128.1643,78.0813,-187.9131,59.5856,-164.0359,-410.6858,-129.0071
-28.2785,-391.2507,-68.5760,-573.9131,-84.6578,-168.1375,-108.5839,127.6686,-149.1936,29.4087,-130.8624,8.6571,-81.4399,-75.5416,-173.8634,-11.0562,-137.2093,-396.8986,-141.8887
-49.8908,-491.4836,-67.6110,-613.1705,-96.0127,-317.5493,-117.6210,-27.0414,-126.0446,124.9033,-87.8721,-90.3160,-102.9527,-292.0065,-135.7435,-102.7587,-101.3089,-441.0800,-123.6498
-6.6415,-514.5847,-24.5817,-606.0311,-65.1423,-336.1439,-64.4731,-223.9053,-89.5784,51.1611,-79.0146,-113.6025,-49.2836,-357.8145,-114.0019,-119.5928,-116.7824,-387.2459,-81.4532
90.0616,-387.1670,36.8926,-684.7478,28.3645,-336.7923,31.7093,-342.3683,-36.3545,-108.5853,-28.7488,-170.2913,37.0340,-310.7030,-74.1089,-149.5752,-43.9890,-330.2318,-24.1164
81.4390,-392.8856,68.4504,-819.9923,42.8229,-441.2446,27.5175,-381.1848,6.4302,-175.8428,31.6363,-279.8903,29.1473,-353.1223,-22.8884,-225.5263,52.3363,-384.9479,17.1417
95.0005,-475.2288,115.4313,-801.5668,52.6406,-462.9878,41.6530,-403.9307,45.7446,-216.8468,50.5270,-267.5285,71.3440,-450.7840,18.3797,-255.9974,-55.0726,-385.4497,42.5440
188.7883,-436.9368,58.1923,-687.2774,152.2085,-401.2496,155.2201,-491.6380,112.3058,-302.8238,121.1022,-209.1583,184.2219,-449.7903,75.6431,-279.5794,-234.5989,-331.1109,105.8211
160.4418,-428.3279,-150.1693,-635.0500,218.0532,-399.8483,194.0399,-573.4431,190.9044,-350.7272,213.4653,-255.2051,200.1298,-392.6068,142.8844,-322.4851,-262.7905,-335.8458,187.1136
11.1030,-489.4583,-247.2463,-567.3150,219.5448,-351.5992,202.8978,-522.1018,265.1474,-332.0435,196.5274,-298.8316,230.8035,-361.4775,197.6249,-255.9636,-272.6068,-305.4501,206.1826
-109.5943,-458.3078,-204.5972,-471.1034,288.4803,-258.7056,355.0247,-424.2878,301.4253,-303.7896,143.0924,-267.1680,382.7331,-289.8101,233.0141,-114.3525,-358.7389,-257.4370,162.5074
-189.3283,-354.4727,-252.0631,-414.6769,380.0623,-250.4455,464.3506,-355.9987,215.8075,-259.5054,111.8492,-178.4881,422.8036,-145.0563,209.4163,-58.0129,-355.2646,-266.0208,100.4740
-191.7047,-225.6785,-282.0993,-284.1349,283.9952,-175.4154,361.6059,-218.2555,59.9150,-164.0212,16.3295,-7.0484,294.8342,-23.6126,151.5464,-34.6590,-250.7206,-157.6493,47.6820
-98.9515,-78.9674,-150.2505,-88.5804,32.0683,3.8570,243.6217,-64.9534,3.7363,-52.5574,-53.1919,124.4547,219.6747,41.5500,143.4935,27.1206,-211.3220,36.9688,28.0163
-35.5480,-27.0790,-85.3455,-39.6461,-53.7096,43.3803,207.6820,-36.9867,22.0888,11.3666,-3.9483,116.7883,190.9920,120.3592,129.8989,22.0203,-266.2561,49.4658,14.8857
-15.8960,-57.9981,-149.1130,-107.9615,82.0661,7.4911,176.1571,-38.7569,5.0032,22.8681,-9.9015,133.1681,119.9954,193.1500,68.4373,-52.1926,-338.3795,-5.6384,-6.7369
23.5901,-18.5031,-127.9166,-115.5756,87.1739,98.8622,232.0835,35.7362,32.0304,45.1610,-87.8000,205.9530,126.7360,177.4436,99.8581,-65.8273,-360.5544,80.8064,40.9467
4.8224,95.1722,-73.8409,-64.5690,-40.5744,185.5588,378.8579,112.8587,122.1762,112.1273,-60.2954,192.9086,227.2105,127.5183,208.0998,-17.7197,-295.8220,147.5222,146.4368
-80.5852,201.6685,-136.9690,-12.9860,116.8785,183.9333,431.9752,154.5367,136.8076,162.3497,-51.2121,165.9935,280.9262,140.9334,206.7965,17.5694,-211.0838,120.0382,190.4821
-120.7069,251.7077,-228.2810,0.9653,388.2830,225.8785,430.9415,181.1518,121.8325,165.3282,-195.0651,192.4669,292.4479,180.2992,173.6727,47.2251,-200.4239,130.1913,201.6096
-107.6793,212.8012,-270.6021,-51.4735,196.2868,285.7354,522.7456,182.2821,200.6120,188.9003,-234.3656,160.8107,319.6065,181.5674,257.7976,89.1184,-222.4762,128.7573,246.2677
-32.9382,166.9282,-263.3898,-76.8532,-230.8920,280.6631,574.5563,161.8761,255.8270,231.2025,-67.6613,113.0147,327.7091,148.7953,303.6066,104.3733,-209.0227,76.3008,207.4230
90.4285,166.7713,-182.2438,-35.7276,-281.0727,246.3369,438.1685,106.9400,173.3521,216.7735,44.6142,120.1022,296.1356,93.7278,192.4138,73.3582,-213.2133,73.7784,41.1009
40.5838,76.3351,-120.4048,-61.6607,-66.6801,171.7951,215.3651,27.1150,52.4823,189.6859,78.9175,60.0586,210.4351,43.9797,61.9259,53.6622,-283.7390,62.6818,-94.9250
-217.2204,-84.4319,-149.7289,-133.5228,83.5422,85.4267,11.9885,13.0653,-36.7606,210.9571,185.3716,-48.9953,66.0381,18.6474,-17.9520,90.6788,-360.6527,-9.8243,-165.7710
-327.5448,-82.3279,-144.9091,-88.9650,184.9008,101.3559,-148.4304,50.0286,-106.0152,205.2847,242.6914,-59.2697,-37.3059,-5.4924,-66.2732,128.2828,-376.5045,2.5823,-265.0905
-171.9464,73.7088,-88.0907,32.3565,84.6312,170.8850,-211.9047,55.4018,-109.6103,185.4841,189.8595,-15.8762,-37.5497,25.7944,-40.7673,141.7942,-329.7679,97.4819,-333.0137
-14.2619,197.2809,-117.8874,126.5839,-345.4643,186.7925,-199.9934,113.8743,-46.7633,280.0358,207.7922,29.8190,-26.8171,169.0988,5.2582,218.8658,-261.2811,121.4987,-285.8622
41.9721,249.2895,-209.8441,206.7549,-687.8977,184.3102,-213.8859,244.2731,-0.4093,402.0811,247.1142,107.2656,-57.6429,269.0683,-19.2270,342.1157,-203.6997,104.9210,-206.0309
37.0400,213.4861,-271.2202,238.6641,-651.0298,175.5940,-235.2155,266.1360,22.9505,382.2584,153.8548,115.0668,-61.5929,198.1913,-19.3631,369.9234,-138.5875,132.3746,-142.9295
-84.9952,103.5610,-313.5781,196.7568,-506.4171,140.1701,-188.5535,197.1288,66.7246,327.6892,100.2411,24.9907,-11.9995,112.4624,77.6146,321.6750,-60.3738,162.3559,-50.2475
-252.4484,69.1633,-306.2523,154.3128,-433.1492,117.9025,-118.8183,191.3472,111.0535,367.2656,183.9520,-17.7096,36.9908,124.5703,157.1405,308.6675,-32.9126,154.7480,26.5239
-293.9113,92.2724,-213.8983,112.4944,-347.8799,77.4409,-81.8944,173.4021,130.1436,392.4873,196.3344,-10.5527,66.4276,128.5790,157.1007,272.8394,-61.9662,114.8472,26.2036
-248.5980,19.3325,-90.9851,66.4002,-260.4589,18.2475,-51.4707,116.7065,116.8718,355.6537,179.3979,-7.9277,122.5873,96.2948,104.4422,156.9427,-58.9892,97.2734,13.9619
-223.8783,-39.5076,47.2142,91.0814,-176.9032,71.0799,-47.9244,174.8711,43.7692,336.9009,345.2670,45.9215,202.0738,92.3792,-10.5925,78.7919,-23.8244,171.3523,31.3373
-185.8264,38.9578,157.2977,116.0243,-72.1497,172.5380,-103.7312,266.0417,-68.9568,296.7598,469.6539,80.6213,201.6726,90.0977,-113.7988,102.2301,-35.6751,245.4703,31.8268
-114.8671,99.9278,114.1347,40.2901,-37.1459,128.3256,-119.2488,227.9221,-141.0260,205.4068,266.2741,25.7295,96.1210,67.9781,-91.4980,132.0696,-67.6213,197.4716,33.0452
-64.5505,104.5842,-12.0145,-6.5845,-56.5451,35.1327,-18.1321,190.7915,-127.7749,178.4158,-16.2239,36.7906,16.6421,50.8357,-13.2363,93.0267,-52.0499,125.8227,96.9589
-59.5579,175.5302,-32.1941,27.5321,0.4156,39.6536,96.0915,242.2745,-14.5245,248.4049,-61.3492,117.4373,10.9589,24.7237,24.0243,11.1605,-26.2726,114.0401,203.7994
-100.6467,229.4617,0.3235,-14.2261,66.7515,35.9691,141.8626,264.0863,187.7003,332.0796,33.0512,85.3307,-12.0493,-2.8969,70.4057,-34.3908,-41.3670,75.0962,287.7714
-152.2857,166.7255,-20.1610,-107.1821,45.2881,-3.3878,169.7611,255.1931,359.1549,384.2910,92.9867,21.8524,-38.1368,-26.2123,122.1174,-9.3516,-74.1333,22.1564,301.2998
-147.5169,50.8738,-17.3411,-120.5863,23.9033,9.1032,173.2104,241.7155,370.2909,354.8635,92.9675,49.4937,-3.8645,-89.1691,95.7944,4.7634,-88.2671,22.8520,235.8457
-93.2460,-127.3951,-1.9397,-129.0043,16.2889,-1.4529,96.7874,146.3257,272.6766,226.5559,2.4439,34.0056,4.2381,-136.2852,24.1397,-52.1714,-74.7240,3.6645,157.6568
-43.7933,-310.7717,-68.9512,-179.6491,-30.6016,-54.1257,22.6118,48.8485,197.4725,112.0854,-140.8415,-21.8816,-53.3051,-76.6229,-23.6307,-102.0806,-55.9203,-35.3470,137.5147
-14.0323,-287.2010,-123.7339,-182.3815,-12.5523,-15.9309,55.7057,66.6950,142.9614,65.6717,-174.1176,30.1408,-47.9682,8.6866,-56.9017,-90.4919,-59.7161,6.1286,144.6744
-18.8478,-150.3438,-77.3313,-163.1214,102.7369,59.9382,129.0696,79.5336,38.6716,-4.4567,-72.7710,91.0752,33.6526,32.5316,-82.3274,-75.1449,-60.2658,68.4979,119.7559
-50.6673,-183.0540,-24.3511,-160.3284,171.8002,46.2588,146.8970,9.2549,-80.6163,-107.1143,-3.1654,52.9958,68.7907,28.8725,-103.4707,-91.1348,-20.1138,74.7262,80.3586
-50.4961,-291.1909,-0.6445,-95.2000,195.8882,33.3176,154.6306,-33.6806,-120.6141,-141.7223,-34.0752,16.4785,75.1513,-12.9210,-122.7013,-122.4647,40.0927,100.2479,76.0044
-27.9904,-288.3543,23.7575,3.6941,272.2222,101.6284,208.4466,-28.8114,-101.1109,-92.0890,-74.4910,-10.9814,131.8354,-72.6876,-98.3293,-151.7940,98.0168,161.8708,111.3376
-26.9841,-273.6874,3.3534,56.7630,339.3309,182.8302,248.5537,-21.0805,-130.6696,-32.0714,-77.6907,-68.5320,180.5614,-38.3615,-68.5210,-139.6495,160.0758,210.3197,141.5189
-2.1317,-273.6122,-25.4709,121.7313,348.4736,241.0047,219.7109,7.1021,-204.1379,-29.2666,-74.1922,-75.4520,164.5853,20.6733,-128.1212,-82.7258,210.3438,271.5128,128.0859
26.8279,-236.8499,24.0377,181.4341,369.3978,249.4427,182.3898,0.1435,-224.3321,-102.7770,-74.3713,-79.3381,128.4183,-52.5555,-193.3828,-59.4203,227.1445,311.0445,93.7604
-49.4996,-328.4861,67.7938,119.5824,392.3205,172.3859,209.8530,-93.5899,-207.2359,-189.2883,-80.8374,-178.7416,97.8215,-165.2930,-138.6053,-108.0689,203.4913,246.7022,76.5103
-149.7064,-552.5328,31.8211,4.6044,362.0555,69.8667,262.7171,-180.1327,-207.2813,-209.7178,-96.5003,-248.1709,64.2294,-194.6873,-51.1183,-179.8804,128.2948,136.7337,58.0969
-113.7845,-620.6015,3.6347,-50.9960,296.5937,-37.7045,248.7743,-229.2991,-168.4771,-185.0598,-94.9923,-231.4301,21.7001,-221.1313,-27.6672,-233.4624,31.2297,43.5216,7.5241
-22.6011,-554.9512,1.8831,-117.4562,201.7314,-198.6931,164.8555,-310.8598,-93.2746,-183.9025,-82.7131,-262.5094,-49.6067,-277.9620,-23.6959,-250.9505,-27.5861,-75.1317,-61.5106
-4.5466,-662.8108,-42.1611,-238.6704,82.4492,-323.9121,80.3456,-382.0980,-88.4292,-213.9083,-117.5544,-311.7264,-134.5547,-310.3452,-39.2712,-237.6491,-73.5968,-199.0493,-126.2960
-22.7174,-922.4352,-120.8003,-346.3115,-14.0537,-335.1611,10.9451,-394.0523,-118.9065,-238.9861,-194.9157,-300.4946,-192.6193,-330.3353,-85.4753,-247.8344,-166.5298,-282.7694,-175.6091
-46.1219,-1039.9677,-198.1949,-408.4989,-87.8951,-344.3088,-48.3053,-406.6827,-71.1193,-238.3638,-237.4820,-323.7980,-228.7684,-322.9941,-77.0338,-289.1532,-239.5280,-348.3736,-186.6717
-66.3156,-917.1759,-227.4578,-407.0814,-141.7701,-392.6497,-48.3408,-432.0658,-9.5249,-244.7700,-226.9096,-373.9332,-239.3932,-303.8546,-34.2684,-296.2149,-201.4466,-366.4437,-163.4184
-36.8778,-739.8499,-162.4326,-352.9109,-131.2586,-403.3010,-13.6523,-463.0702,-33.9454,-310.3027,-213.5656,-366.8531,-219.8025,-387.9362,-85.1010,-277.7333,-116.8393,-321.0161,-165.8057
-8.3223,-717.9188,-89.1699,-317.3612,-96.8429,-398.5999,-56.7038,-533.7310,-82.6865,-393.3949,-208.2578,-390.7943,-243.2341,-477.7280,-177.2239,-291.2693,-72.3489,-297.5021,-212.7492
-43.0367,-788.2342,-91.9939,-272.5139,-106.0788,-382.6721,-146.8448,-573.6252,-100.5110,-418.4582,-189.1887,-449.4088,-315.8663,-379.5304,-169.4426,-319.4182,-33.7669,-288.6349,-227.9644
-68.8052,-729.9096,-82.8777,-172.4180,-93.8262,-292.0433,-155.9667,-520.9045,-128.2024,-439.4395,-171.9875,-407.3093,-311.6938,-276.4352,-110.4800,-353.9461,8.3507,-233.1602,-175.6420
-63.8707,-568.9543,-30.2234,-130.7406,-14.9369,-192.6570,-117.8718,-476.5585,-154.7392,-502.3365,-163.9880,-322.4681,-223.7204,-350.7091,-102.7698,-403.6823,2.8719,-199.6736,-131.0246
-68.4291,-465.7836,-22.0353,-158.8311,47.3250,-141.5830,-116.1481,-459.7411,-142.6166,-507.1892,-128.9599,-285.5452,-181.6353,-360.9699,-109.0786,-387.2635,-3.8468,-191.4929,-131.8696
0.1851,-377.5454,-22.3417,-101.2183,92.6784,-67.9228,-95.5981,-379.6820,-137.8208,-451.3636,-75.9634,-239.0749,-192.3993,-233.8043,-83.4066,-289.9091,43.6455,-114.6544,-124.1153
148.9639,-260.1263,21.4125,-9.1237,259.1057,-7.9336,-41.1134,-298.6131,-173.2440,-457.6257,-58.6363,-236.9047,-177.0466,-214.1730,-59.5772,-235.5632,59.2615,-47.2821,-107.4606
193.7169,-198.1024,18.6517,-15.4839,570.2504,-25.2218,-52.6781,-285.5138,-211.7782,-460.5671,-66.5436,-318.6241,-155.6490,-217.3760,-70.5891,-217.5059,-12.5842,-60.6675,-151.9565
109.8018,-143.2345,-30.9253,-15.8894,785.4044,-21.2630,-133.7732,-264.8736,-249.2440,-350.2896,-66.3081,-312.6492,-186.9809,-61.6510,-121.6801,-139.5599,-83.1338,-41.1366,-250.0100
72.0623,-43.7982,-14.6571,24.9941,612.1042,-4.7641,-187.7622,-262.4767,-289.2422,-286.6756,-74.4833,-229.6352,-258.4310,7.5140,-177.1495,-95.3039,-93.7741,-37.2424,-304.5369
101.6229,-67.8487,32.7042,-53.9436,120.7072,-109.4003,-187.2319,-355.4068,-280.5533,-396.0240,-73.2777,-277.5725,-303.9988,-153.4114,-189.0235,-172.1968,-85.1196,-198.0661,-271.8124
79.8187,-257.4837,10.3853,-208.9584,-199.8121,-243.8918,-169.2428,-433.8354,-238.4318,-508.8996,-27.5875,-393.2731,-288.0685,-281.9730,-202.1969,-233.9750,-101.5379,-350.3724,-213.0128
2.1949,-380.0608,-48.5215,-255.1909,-2.6955,-254.3271,-155.9469,-405.4195,-247.2801,-501.5245,-2.9462,-404.0207,-264.2217,-257.1333,-255.3639,-203.1660,-140.0771,-293.2267,-180.7539
-39.6461,-336.1191,-71.5707,-219.4207,430.5071,-207.8648,-137.9344,-344.6338,-277.4814,-465.1218,-49.2691,-355.1620,-269.1132,-193.9508,-243.7672,-185.9432,-134.0009,-178.2178,-141.3836
-3.5250,-254.1351,-48.7741,-198.6427,509.9300,-176.0235,-100.0625,-301.5482,-244.6275,-470.2005,-78.3444,-312.3200,-235.5668,-179.0612,-147.0617,-230.9572,-39.1820,-153.3519,-68.5529
69.5025,-200.0791,-5.4340,-179.7501,141.0282,-139.7082,-71.4543,-279.6335,-181.3340,-493.2453,-40.2675,-295.4541,-168.2685,-274.6304,-132.8888,-284.6356,55.6903,-152.4844,-5.4164
113.7355,-147.1546,11.8922,-147.7200,-83.6855,-119.6770,-85.8307,-279.4440,-133.4498,-484.1248,-15.7127,-340.9879,-188.9926,-376.7232,-209.5241,-308.4500,73.2490,-141.1506,33.3550
106.7627,-125.4597,-12.6840,-105.8077,211.0509,-88.5451,-99.6348,-253.8480,-78.1327,-416.0149,-38.3548,-353.9158,-276.3869,-291.3306,-198.8940,-306.0582,77.7757,-125.6865,73.2229
51.2148,-185.6124,-42.4170,-74.3513,503.1606,-10.0468,-72.0132,-234.2888,-46.6762,-371.4552,-54.6513,-269.7969,-275.6880,-168.4107,-114.1557,-323.0739,96.0155,-85.5027,79.9465
-49.6581,-265.8506,-75.0144,-109.1641,275.1924,19.3015,-45.2545,-308.3412,-88.0023,-433.7582,-63.8621,-232.2753,-179.3770,-206.6773,-98.2192,-364.0749,60.3112,-58.0615,24.8356
-140.7730,-253.9933,-132.5128,-172.8712,-10.0253,-21.3095,-37.9279,-384.3428,-155.0214,-516.4768,-105.2687,-253.4137,-89.5756,-210.3929,-128.5607,-345.8009,-6.0100,-52.8838,-23.4676
-149.5078,-197.1631,-162.0308,-173.5252,206.0642,-20.8144,-1.4474,-355.7154,-198.5520,-531.6505,-135.6517,-198.4731,-18.3843,-108.3963,-129.0144,-260.4861,-19.2136,-22.5293,-17.2459
-91.4872,-223.1293,-105.4975,-156.1059,520.0137,-16.9939,64.3824,-330.5209,-227.8318,-535.2418,-72.6075,-154.2151,53.4755,-125.8826,-114.5377,-217.4691,6.3227,-21.1891,-5.9577
-32.4878,-261.8158,-17.7221,-181.0056,403.8520,-92.5148,100.7716,-370.0192,-242.0088,-563.8421,49.8889,-199.9652,95.1746,-183.3601,-96.0676,-271.1273,20.6913,-95.8800,-27.6734
6.2243,-204.9664,25.9867,-184.2844,178.3643,-152.9505,92.3715,-391.5698,-245.5183,-603.3766,118.7729,-177.2505,98.4927,-107.2011,-75.6455,-393.6328,42.2874,-150.4619,-55.1804
36.4260,-192.8784,46.9794,-152.5077,278.9188,-158.8727,73.8018,-420.5180,-252.6276,-671.3187,128.0984,-89.4572,78.8496,-81.5844,-76.1641,-513.2905,101.4115,-154.6289,-59.2948
80.5606,-300.7032,85.0120,-141.4872,438.5490,-188.1008,68.3345,-493.2982,-228.8122,-711.7577,144.7984,-87.8890,37.4626,-142.9159,-73.8268,-502.7856,169.3261,-179.4640,-49.2272
140.7570,-323.4411,102.8652,-141.0469,267.2178,-198.6699,66.1901,-515.9671,-171.4098,-646.0396,138.9358,-94.3083,4.2893,-79.1128,-46.8821,-350.4087,180.8566,-205.1255,-55.4891
148.8173,-233.1091,57.1016,-171.2369,-19.5387,-164.1323,37.7223,-499.9186,-175.1384,-574.5345,71.0512,-57.8557,11.4221,-16.6664,-41.6347,-236.5385,121.6469,-209.9617,-83.5553
68.4716,-241.9671,-9.4184,-265.6904,20.1975,-198.3939,-26.4262,-538.4072,-272.1960,-607.4963,18.8367,-110.2966,19.3377,-123.5615,-74.9850,-242.3381,65.5646,-240.2150,-100.5441
-5.9334,-307.3145,-36.3836,-304.4156,279.1345,-267.8638,-84.9654,-554.0414,-354.6204,-646.2532,7.6108,-165.0638,-20.6957,-167.5377,-106.4093,-260.0517,63.3668,-239.7710,-87.0231
-24.4360,-270.9335,-55.5733,-218.4792,268.1162,-209.4680,-87.3631,-467.2092,-349.8997,-599.1374,-61.8131,-75.5433,-79.2279,-69.8014,-123.4644,-249.6939,61.0556,-137.2069,-54.8132
-80.7371,-255.5237,-126.6692,-163.9793,11.0314,-61.9751,-40.0209,-370.9322,-311.7590,-539.2458,-187.2277,-34.6713,-98.2426,-64.9028,-130.2976,-254.0322,12.1940,-25.4910,-20.1994
-185.6199,-341.8716,-217.3008,-205.9393,-1.6251,18.6628,-2.5992,-333.2100,-301.9230,-526.8630,-254.3360,-165.5400,-76.6236,-140.3076,-125.2296,-266.0078,-38.0645,9.7355,-17.5002
-205.5509,-358.4383,-253.3278,-211.7105,205.4056,1.0921,-13.9971,-342.9220,-317.5165,-543.1951,-256.7175,-243.7170,-63.6305,-151.8663,-134.9587,-296.9564,-35.8262,5.6562,-66.2173
-112.8916,-281.9832,-224.3399,-153.2569,183.6064,-60.7030,-47.2810,-394.1075,-345.3212,-571.4781,-255.1444,-187.7518,-83.9317,-173.4243,-172.4685,-365.0426,14.0843,-7.5463,-103.0750
-35.5290,-259.0907,-177.4313,-104.4063,-7.4684,-92.2784,-71.5365,-418.2198,-389.3951,-590.2617,-241.3050,-170.0936,-107.2149,-238.3045,-204.3524,-408.2378,64.8016,-7.9542,-79.4361
-57.2903,-275.0883,-165.4906,-49.9265,-68.9576,-55.3202,-106.2345,-362.2664,-421.7172,-584.2584,-215.6765,-212.9980,-107.7123,-268.4617,-208.8138,-400.9755,77.8108,30.3616,-60.1288
-151.9177,-255.2533,-190.0308,14.1535,-107.2069,-26.3770,-148.7390,-315.8260,-391.2924,-571.3483,-204.9466,-195.0254,-97.0065,-282.5788,-189.9216,-394.4894,74.0405,45.4581,-83.6671
-249.9618,-221.1154,-185.7736,19.0829,-142.2763,-65.5998,-150.0145,-332.2924,-328.5378,-553.9344,-173.7059,-98.7277,-81.2488,-273.5870,-163.3416,-387.7171,81.6681,-18.8536,-91.4698
-285.2818,-174.4074,-136.6248,-44.4224,-5.9003,-122.2485,-127.5897,-343.9629,-325.1053,-526.6721,-104.6275,-22.4692,-62.2335,-208.3567,-162.0856,-365.2377,53.8465,-110.8714,-86.6137
-256.4510,-142.6820,-124.8489,-144.0412,-3.2004,-187.5393,-158.2376,-342.2422,-370.1951,-512.7582,-65.2578,-75.7558,-70.3823,-196.7424,-189.7329,-354.5352,-47.0390,-199.8954,-136.5812
-242.8622,-227.5070,-168.9169,-272.5747,-325.9181,-282.2912,-239.9534,-361.6127,-376.8834,-514.8800,-80.1198,-217.5359,-119.2789,-260.0153,-217.9845,-337.0395,-156.3521,-300.1774,-209.6457
-291.7770,-405.6013,-186.5447,-381.5583,-379.7529,-324.4568,-306.3711,-368.9897,-359.2536,-510.8522,-97.6852,-253.4032,-167.8409,-237.9734,-260.3133,-291.2410,-197.5651,-368.6541,-217.2751
-342.5382,-529.2487,-172.2451,-403.6382,-37.1123,-267.6281,-324.8086,-346.9115,-368.9886,-489.9753,-105.6811,-146.6786,-176.3222,-136.4952,-323.2509,-262.0577,-164.3472,-377.9488,-155.1772
-327.3498,-533.7775,-186.5028,-358.6652,-90.5938,-196.0624,-291.1808,-315.5273,-346.4438,-431.5445,-129.9554,-66.7027,-149.7761,-98.8127,-342.2303,-252.4505,-105.1548,-371.0190,-84.1042
-285.7018,-453.4814,-208.6614,-324.7773,-499.7503,-163.5054,-237.7635,-279.9697,-255.1035,-349.6053,-162.8381,-59.1133,-120.1809,-113.7412,-306.8075,-233.0993,-106.2227,-361.8244,-62.7539
-295.3330,-366.7128,-201.7700,-337.7812,-352.2150,-152.8730,-229.1032,-271.7553,-198.1837,-319.4633,-176.4499,-45.9990,-110.9688,-122.8531,-302.5607,-231.7798,-195.1267,-330.0901,-100.6660
-338.7820,-349.6914,-189.5147,-361.2068,138.2487,-141.8606,-244.0312,-296.2356,-225.8143,-336.5707,-158.9144,-48.0783,-106.0877,-132.0278,-344.2855,-229.2943,-270.8094,-273.7066,-131.6638
-350.3275,-363.9203,-170.8798,-348.1855,65.1065,-96.0854,-206.8658,-288.6507,-244.8973,-324.4948,-131.2408,-78.8711,-85.4695,-110.6864,-361.0300,-163.9400,-266.1275,-199.8663,-121.9205
-337.3285,-338.8576,-132.5198,-309.2729,-244.2481,-34.0888,-164.1824,-263.3305,-222.7890,-316.4481,-129.2254,-54.0597,-80.7164,-63.4275,-339.6498,-86.9264,-234.5831,-139.9365,-136.4543
-331.6914,-328.0426,-105.2335,-253.4544,-70.4974,-18.9637,-193.6779,-282.7094,-240.6076,-359.3929,-137.1751,37.1432,-111.1987,-55.6949,-318.6680,-55.6328,-184.8298,-110.5689,-184.2349
-321.3333,-354.3497,-75.2157,-141.0022,145.4409,-9.3501,-235.2894,-282.2897,-302.7585,-361.5258,-105.6044,111.8847,-128.8345,-69.9373,-316.6491,-22.6745,-79.6777,-65.9233,-185.1241
-312.5396,-330.9975,5.6143,-7.9625,-46.6064,42.7955,-238.8423,-225.2932,-322.0105,-301.2993,-50.8355,117.5226,-114.3856,-72.6466,-334.2038,-3.5770,23.2868,-16.0540,-152.2416
-332.8284,-280.2137,91.5914,45.8391,-116.1300,55.5568,-261.7118,-200.1830,-288.8768,-282.4834,-32.9979,66.4143,-113.9203,-80.9967,-343.0356,-39.5628,68.7324,-26.1876,-158.8235
-345.2185,-279.2473,125.7069,65.8820,130.2299,31.3259,-280.3648,-182.8297,-257.8625,-272.4267,-51.6591,39.5725,-125.8659,-50.8286,-300.7465,-32.5300,101.3974,-33.3902,-162.0522
-290.8578,-258.4598,154.7046,151.1236,145.8938,82.1906,-198.4710,-112.7448,-223.6892,-208.8615,-59.0094,76.7354,-92.8518,11.1113,-223.0421,42.1513,139.1394,24.7320,-105.6097
-232.3232,-197.2966,194.1862,198.1297,-75.8118,131.5203,-87.4629,-106.9450,-183.8376,-201.7785,-46.1362,77.5897,-28.8321,-25.7942,-183.0872,44.9198,127.5650,3.0398,-77.1826
-291.2321,-239.1896,164.2241,74.3693,-54.5375,31.0920,-94.3708,-224.9801,-208.2724,-298.4959,-50.2097,0.4431,-14.0680,-135.5763,-212.3649,-53.7237,46.2300,-178.0589,-154.1370
-445.5935,-393.9343,51.8307,-115.3491,116.0471,-117.6439,-177.3092,-343.4112,-281.2296,-393.1210,-99.9600,-29.5545,-73.8746,-152.8278,-249.3073,-177.1642,-68.2070,-333.1895,-257.0716
-561.1794,-504.7649,-54.0093,-215.7209,79.5929,-148.6378,-212.3396,-400.6488,-272.8955,-449.1010,-174.1981,11.7201,-154.5695,-95.0969,-227.6918,-278.8415,-162.6426,-336.8004,-290.3628
-578.9814,-534.0805,-98.0599,-242.8282,-41.4919,-97.5284,-190.3031,-408.6435,-217.2792,-478.6062,-210.8504,-16.8148,-184.7695,-59.5043,-182.3971,-266.0044,-201.0293,-284.5147,-259.8706
-541.1992,-541.3896,-101.5572,-261.3867,-37.5074,-76.1775,-146.3269,-356.2839,-292.2236,-458.0356,-183.4829,-127.8613,-147.3511,-32.2133,-181.4788,-145.2483,-204.4226,-270.2471,-212.4170
-505.6677,-526.2531,-113.0040,-262.1024,-21.5297,-128.7849,-110.0364,-301.3344,-432.7832,-421.7839,-151.7793,-177.7259,-113.8694,-52.9059,-194.0504,-127.8926,-203.4969,-306.6233,-187.8577
-494.9628,-513.4817,-166.6283,-219.0379,-77.0665,-218.0246,-130.6917,-291.5414,-426.3866,-409.6823,-181.8199,-138.7198,-145.5900,-166.9212,-163.3334,-234.1525,-173.9243,-359.0359,-191.0670
-497.2356,-564.5187,-247.2441,-142.1281,-122.8018,-241.1512,-187.5631,-251.7879,-346.5831,-389.7021,-242.5731,-123.5370,-194.2500,-219.0024,-141.5735,-233.3003,-118.2536,-336.4342,-170.8685
-514.5572,-616.4287,-300.4286,-68.1864,-147.4897,-177.9984,-203.6044,-178.1571,-363.4943,-381.6221,-243.1383,-154.9651,-200.9874,-112.6570,-190.9268,-139.0169,-93.1250,-222.9531,-115.7735
-546.2650,-537.4801,-290.0032,-24.8218,-155.8406,-146.9464,-198.0677,-183.6030,-388.0890,-443.2980,-157.7579,-130.9400,-189.5344,-38.1285,-255.7293,-161.5410,-84.0576,-136.7885,-97.5677
-529.0745,-358.6395,-229.5380,-15.5375,-114.5901,-198.3353,-246.3787,-257.4925,-373.5246,-516.7402,-64.3276,-35.8070,-185.8700,-123.0634,-275.4406,-257.6336,-52.6716,-138.3529,-130.1769
-432.8097,-261.8957,-174.4326,-51.8148,-110.3787,-260.2179,-334.3968,-293.1007,-469.9120,-512.7384,-46.4561,9.1511,-182.1224,-211.9625,-290.9814,-272.6174,-67.4234,-174.0551,-143.2526
-345.7251,-311.9486,-171.5545,-123.8779,-196.8289,-287.7637,-384.6063,-283.2665,-594.5637,-448.6518,-87.4753,-32.9064,-183.3584,-182.6009,-346.6071,-248.6076,-155.7640,-197.6679,-123.0240
-326.4342,-371.6786,-194.1922,-162.0647,-220.6116,-251.0099,-355.2177,-255.0489,-501.3303,-365.9119,-110.0303,-55.9774,-188.5087,-131.6053,-411.3070,-255.8366,-210.0213,-179.3240,-92.3094
-324.9986,-368.8101,-181.0111,-154.8668,-143.7437,-126.9317,-277.4603,-193.3277,-292.2201,-273.4893,-99.8739,-35.3911,-191.0639,-141.8034,-424.2856,-257.2175,-210.0468,-124.5137,-22.9469
-315.8934,-418.7874,-136.4262,-193.0579,-136.9492,-6.6651,-214.3105,-121.9999,-192.9429,-200.1164,-101.5361,-53.7320,-204.4170,-144.7528,-345.9127,-241.4756,-244.9577,-112.8215,67.6361
-318.8892,-535.1987,-112.8993,-277.9187,-183.6637,22.8348,-163.5726,-72.1323,-104.1497,-158.4192,-117.2105,-95.1528,-205.6506,-101.0145,-208.3222,-224.8298,-292.8265,-158.4622,81.5888
-310.2787,-531.3491,-128.3168,-295.1709,-140.7352,27.9143,-87.5745,-23.8848,55.1311,-125.2998,-119.1958,-83.1586,-152.8914,-92.3849,-114.9618,-183.9104,-290.5696,-164.2974,5.5273
-266.3890,-366.1205,-163.3815,-230.5141,-82.9535,62.2564,-35.3814,14.0968,72.1570,-118.0474,-123.4383,-44.8786,-84.9615,-131.7021,-109.9562,-119.2896,-279.3521,-99.2594,-62.7429
-228.4391,-228.2076,-191.8690,-163.0300,-80.7103,77.1082,-58.6467,17.9631,-87.4880,-147.5001,-154.0026,-29.3396,-53.0652,-113.3213,-124.0597,-73.7116,-271.3439,-16.4609,-77.9142
-233.4857,-199.9859,-189.6229,-97.5460,-18.6305,66.9438,-82.4533,23.7682,-136.3232,-139.5076,-181.0903,-22.2068,-23.7384,-56.0907,-111.1440,-70.4103,-217.2040,53.8636,-78.0235
-237.6219,-178.6864,-146.4400,-15.4300,77.2939,48.9690,-49.5795,36.5538,-2.3969,-71.6599,-162.6190,-24.2957,17.6011,-104.2743,-106.6381,-95.6153,-141.9371,80.7989,-87.8170
-176.2090,-97.8308,-67.4239,50.2189,61.9896,-13.3092,-32.4675,-0.0897,66.6739,-45.0861,-108.3197,-30.2825,20.1796,-224.9051,-124.0205,-108.9555,-75.0080,60.6568,-111.0430
-81.4791,16.4818,24.2032,106.2504,0.0713,-101.1571,-74.7885,-68.0468,-18.3814,-88.4686,-65.1090,6.3011,-13.2294,-242.7817,-122.7374,-90.7029,21.4974,65.6712,-162.4405
-39.7472,114.7634,83.2279,189.5683,-12.1563,-147.7287,-127.9184,-105.0525,-95.2637,-109.7170,-61.4096,63.1331,-34.9995,-158.3382,-85.6867,-83.1560,123.7008,105.0807,-239.5098
-37.5081,164.4635,99.3326,269.5041,-56.0683,-159.4283,-168.2818,-127.0639,-88.3608,-88.8855,-76.8748,78.7947,-46.3995,-107.7798,-51.0122,-104.4520,172.0393,104.3404,-299.2606
-6.5115,190.1920,122.6918,312.7999,-142.1305,-147.4030,-197.2532,-144.8026,-77.0401,-79.6594,-66.1359,88.7466,-57.5285,-107.3428,-59.7334,-89.8984,199.7290,78.4000,-294.8839
26.0430,214.2076,155.8323,340.9330,-183.6476,-79.8668,-201.0047,-110.5932,-102.6825,-71.5920,-23.5530,128.1781,-63.3021,-74.1712,-99.4814,-9.6498,221.5590,81.6277,-239.3318
14.5866,199.9183,125.5071,323.1314,-223.9033,20.5353,-200.1831,-35.4497,-126.7244,-38.2977,-4.5991,131.5990,-95.9130,23.1707,-129.2060,80.8434,168.9848,86.8241,-198.9178
-2.2337,170.0893,35.7361,170.2416,-305.8321,119.0906,-212.1457,30.5270,-109.6246,-3.0007,-48.0701,72.1832,-170.7054,132.7681,-141.8959,142.2615,71.1594,94.9455,-184.8846
3.6953,196.7767,-1.8794,-108.4080,-340.1396,221.1821,-198.3065,88.6772,-54.8306,18.9214,-102.7050,7.5179,-229.6004,157.9481,-147.2408,165.2708,52.5696,127.6894,-133.3061
34.4137,222.8246,62.4138,-389.4942,-305.7247,259.5381,-165.6390,116.8089,-23.6220,17.4006,-93.2990,-39.6626,-236.0081,71.4463,-144.2548,137.5153,104.0494,102.1850,-53.2431
114.3905,177.1374,148.6944,-585.5704,-265.8430,166.9921,-179.7228,77.2459,-59.4117,-16.2032,-39.7604,-74.4603,-223.0551,-5.2905,-160.2485,101.5977,96.4571,-4.7700,-38.1158
185.2880,160.9038,156.8571,-689.4998,-211.2647,61.0891,-220.0680,48.0252,-93.6051,-28.1046,-27.0890,-74.6004,-211.2714,31.8736,-216.5079,123.1008,4.8930,-55.7336,-79.9963
143.2817,222.8587,73.8700,-714.0055,-152.2314,54.6902,-218.4993,102.3718,-67.9169,17.3784,-79.6254,-36.4047,-195.1490,88.1426,-268.4969,164.8575,-80.3365,-32.4068,-93.7445
44.3497,225.4253,-21.2581,-702.3331,-164.9847,24.7267,-203.1311,134.9110,-60.8697,54.2944,-151.7675,11.8612,-187.7414,28.1180,-284.0521,148.2548,-123.5850,-91.5479,-104.2863
-0.1392,143.9871,-68.3614,-720.1862,-225.0761,-142.1192,-206.2248,59.5381,-95.0370,66.7510,-206.9240,46.6506,-185.2032,-76.6636,-270.4414,107.3475,-163.6325,-248.9709,-160.8543
-20.7464,124.8072,-119.0420,-751.2075,-254.3401,-316.5895,-172.7993,-9.3622,-46.7203,125.4962,-236.6979,57.4023,-156.7175,-76.2317,-206.7749,123.1910,-203.6114,-356.2493,-198.7083
-36.7624,193.5624,-225.0370,-725.3359,-279.4973,-370.6827,-118.4552,13.0832,58.5037,184.1861,-243.8634,48.4274,-119.5255,-35.3663,-138.6594,168.0864,-209.9793,-367.2835,-194.9445
22.8747,268.3579,-303.1010,-668.1931,-331.5371,-380.4019,-152.7407,27.1272,35.1500,141.4595,-240.4397,22.4293,-130.5900,-99.9324,-194.8259,157.2925,-181.3809,-354.3742,-220.2721
119.5696,345.6785,-262.4518,-634.7020,-366.9857,-423.2117,-255.0329,-30.4780,-65.8371,81.0010,-232.5490,-10.2107,-190.4046,-149.4854,-320.0863,98.7878,-128.1409,-348.2307,-244.7645
150.7759,412.3697,-169.9913,-572.8607,-385.1727,-429.7209,-285.5603,-83.1784,-30.4512,115.0584,-217.4149,10.3140,-240.3984,-1.0876,-312.3643,68.9979,-57.0841,-327.2212,-203.1306
142.4438,398.9926,-141.8475,-468.7538,-422.2010,-346.6145,-232.4517,-98.5854,83.3021,145.3216,-204.6018,98.8254,-242.8376,170.0215,-206.7915,82.2681,-19.5600,-286.1427,-183.9780
139.3085,337.6382,-169.7467,-432.9517,-463.3254,-231.3345,-200.3426,-118.6333,83.4350,82.4569,-198.3628,146.4277,-205.0473,126.7094,-184.3879,101.0054,-55.7657,-242.7101,-245.4807
108.6533,318.4501,-167.2937,-476.9648,-478.8587,-128.1503,-205.9916,-122.2934,12.1144,37.0183,-178.6843,106.4824,-153.6711,22.6609,-202.7561,125.0559,-115.4904,-210.6602,-266.3409
69.4767,320.0203,-117.1642,-494.3894,-420.1260,-33.9935,-190.1290,-78.8946,-30.5168,68.1264,-142.9927,64.3984,-108.0107,61.7917,-155.8794,155.7092,-155.2342,-191.1694,-199.8786
74.8460,297.8668,-83.3379,-490.2672,-233.5675,26.2142,-144.4321,-45.7980,-85.5700,69.4423,-117.7845,31.0728,-53.3594,147.5148,-119.0716,157.7560,-198.2962,-176.2684,-156.0983
99.6136,301.2653,-99.0814,-500.7949,-43.6991,52.5533,-94.0097,-55.2504,-136.8859,20.9659,-109.7507,-8.0911,32.4019,194.4052,-134.1862,143.0667,-223.5253,-143.2148,-158.1049
103.5169,337.2476,-125.9768,-439.1464,-60.8772,102.6539,-47.1721,-59.6015,-101.1707,21.9121,-106.1741,56.7412,115.5017,235.0714,-119.9982,151.3889,-180.2861,-80.0548,-143.1727
80.9440,319.2424,-135.8995,-295.0907,-169.7485,156.5211,-14.3980,-54.9902,-18.2491,64.6409,-115.4460,209.1566,142.8111,213.9836,-76.3417,138.3847,-113.7014,-26.5377,-134.2868
36.3289,266.1008,-139.9529,-199.9144,-65.6913,126.1542,-3.6985,-71.1499,48.7114,64.2876,-151.7735,245.4497,132.8434,168.9518,-46.8311,69.5156,-92.4551,-23.3157,-165.6298
19.0438,308.4582,-132.0197,-182.7317,149.7604,27.4421,-7.2093,-80.6101,110.4590,38.1839,-194.3565,177.5939,136.8672,246.8044,-0.9718,37.1797,-104.3920,-63.0665,-202.9881
62.7651,418.0658,-117.7753,-188.4155,108.2384,-77.3643,-29.3747,-89.3693,125.0252,41.1581,-208.8557,181.2036,139.7544,309.5418,54.9889,92.9744,-134.0166,-159.1626,-250.8015
98.9308,421.8684,-152.2612,-228.5594,-157.6424,-205.4781,-84.2852,-168.7572,68.1899,42.3987,-207.0863,196.4064,91.5627,174.9618,68.9944,134.0524,-180.7044,-319.9981,-341.7722
98.1455,326.0927,-226.4277,-262.7740,-326.6108,-324.4276,-165.4561,-291.3229,51.7971,-0.8372,-229.7270,133.4488,-2.0922,71.2751,57.2722,96.0984,-195.8667,-439.0070,-434.7562
126.5602,289.5238,-237.0443,-209.0518,-373.9010,-333.9609,-260.7873,-355.9352,94.6075,-66.1988,-252.0915,140.4531,-88.6350,155.4579,44.3237,46.8355,-164.4493,-439.5414,-486.1884
158.2494,308.9560,-165.8187,-139.8979,-461.6953,-278.8113,-359.6570,-375.3301,36.1490,-113.7779,-202.8340,249.7663,-133.8411,171.6729,16.9593,32.7786,-148.8014,-424.5701,-518.6454
122.2914,290.1993,-116.7371,-135.8914,-553.2334,-265.0270,-431.7538,-395.7389,-128.4188,-117.4133,-117.0223,265.8503,-146.8586,66.2546,-6.4390,35.6566,-162.9195,-443.0855,-525.3082
92.3778,279.2880,-138.8325,-108.9599,-563.5552,-223.5536,-454.8098,-349.8019,-182.0567,-60.2282,-115.7139,168.9216,-147.7732,85.2394,-20.1510,58.8201,-162.5105,-383.5138,-452.0639
126.1092,304.4917,-186.2566,-36.9028,-521.3600,-84.1793,-429.2336,-210.7405,-53.8110,33.3898,-190.2464,121.2715,-122.0924,174.1398,-54.1608,103.2213,-149.5379,-263.5801,-311.6246
132.7019,289.7002,-219.6197,-27.6821,-397.1212,28.0914,-332.7679,-89.1214,82.2099,105.8782,-210.4084,158.5013,-47.7088,142.9795,-73.4125,125.4495,-134.4816,-217.4170,-174.7220
129.1252,326.9849,-209.5372,-33.8893,-158.3618,39.8150,-154.7262,-20.5883,116.4228,154.7087,-148.0754,227.9447,48.5257,114.8834,-29.7349,117.4613,-71.5342,-179.1314,-41.7595
292.0628,594.5207,-119.1101,89.8689,69.5018,74.1292,35.2749,92.9546,150.8276,234.7014,-76.1967,312.5885,132.6195,194.0565,31.5185,132.8502,73.8949,-15.4680,144.7486
628.4641,970.7119,39.8660,295.2408,209.2821,188.6154,172.1699,247.4592,278.6699,321.9227,-12.8803,388.6045,207.7816,249.1857,71.6758,159.1505,271.2147,177.0641,358.3556
921.6652,1228.5930,208.6479,439.0572,333.5194,265.8615,273.7800,298.8910,402.2556,300.7993,53.2960,450.6720,255.4593,262.1628,118.9015,98.2176,452.9697,249.8985,492.9120
1034.1329,1437.1167,342.1904,497.7277,415.4810,219.4248,339.7958,198.4094,406.3607,165.8701,104.6709,518.2847,246.6685,311.2603,172.0915,-26.2992,565.0117,216.2853,515.7477
1052.0868,1699.5277,424.5692,500.0964,368.2769,87.8001,329.9209,52.5399,374.3830,63.5119,151.8425,570.7688,225.4844,320.1221,211.9757,-41.7981,620.7574,128.5132,490.2521
1139.8025,1851.2928,464.8987,463.3576,289.3146,-53.0676,283.7621,-49.2191,420.9769,43.3822,203.1877,598.3932,229.2203,230.6099,245.8877,57.4887,672.8658,20.7090,460.9852
1303.2650,1792.3030,486.5491,436.0017,278.8633,-142.5299,261.8430,-100.4527,467.3926,5.5940,206.4957,610.2226,204.5467,145.4658,250.6604,71.2411,717.9082,-47.1797,436.8367
1345.6815,1691.9390,498.9875,442.9509,232.0952,-150.2797,222.4511,-100.1362,431.1844,-42.6130,160.2425,559.5297,146.0923,144.6330,216.9363,-5.5102,716.3846,-78.6781,432.5656
1156.8655,1658.0635,504.2888,442.9294,94.5055,-105.9334,143.8991,-52.3605,414.3640,5.4146,150.6640,449.0963,133.8785,191.9322,213.5340,19.0436,670.5630,-132.2130,430.2130
897.7651,1606.1144,511.0811,413.9729,11.1215,-79.9494,106.8105,-15.0475,474.0280,89.3226,190.0689,382.3693,164.0358,192.0424,258.6667,90.4548,601.5516,-173.5284,391.2961
722.9763,1486.8751,514.4694,400.1505,86.5826,-87.3414,137.3085,-24.4335,488.6990,86.8075,208.9571,369.0396,193.8470,95.3042,275.3064,20.8878,527.6535,-115.2242,339.9763
573.8751,1331.9425,508.0547,450.3622,272.8121,-42.7076,188.2394,-6.2090,402.8040,85.8857,214.4935,330.7432,282.3579,8.2086,251.3062,-58.5132,482.3310,35.5746,326.5449
412.1725,1166.3666,503.6109,544.4555,471.0775,103.5461,267.5681,116.1492,319.3823,189.7278,249.0215,290.5201,423.8030,41.1792,248.1728,46.9359,470.1077,179.7677,354.0367
329.6118,1041.2277,484.5269,594.1625,584.6025,237.6503,368.2192,271.8257,307.5917,269.7835,259.7118,287.0730,464.3055,91.3840,266.4855,161.8903,455.0141,225.1546,413.3411
314.9612,981.8995,409.5234,551.0419,586.7601,238.5635,410.8071,334.8985,340.1467,230.0369,203.5820,267.4519,386.4969,38.0285,266.7093,83.5270,423.6344,182.7633,487.4233
242.0719,884.6980,305.3953,473.3455,553.2648,171.6310,397.4042,311.8625,374.7185,202.0737,159.2807,223.4183,344.2852,-40.3542,245.6175,-51.8006,373.6794,160.6518,520.4442
116.4535,679.3654,241.2275,421.2090,514.2896,143.9969,393.2229,293.2976,385.5496,256.3425,165.0921,193.4308,332.7517,-55.2547,213.7097,-88.4805,291.7262,191.4308,487.8015
53.9667,509.2386,201.4012,377.1682,401.5870,108.7953,361.2434,283.9495,388.0999,279.7410,112.9943,157.2914,208.3403,-36.7712,183.7314,-75.9877,206.6468,178.2130,419.4732
54.2229,508.6077,119.1593,324.5862,208.6656,-4.4142,269.1032,233.3960,400.2000,234.7275,-41.3045,116.4869,-0.3453,-20.4187,166.5980,-54.6898,152.6220,89.7928,320.6290
17.4649,542.4200,17.7178,278.1137,17.9212,-141.4758,203.1351,161.2837,353.9946,200.0144,-154.3214,94.0634,-147.8805,-35.0794,137.4731,-27.1719,99.6108,-0.7415,209.7457
-57.7114,430.1738,-10.1217,224.8503,-132.2543,-245.8246,186.0040,111.4073,231.1965,183.8532,-121.5610,39.6248,-206.5435,-90.0911,83.2883,-52.7009,36.7735,-89.0543,159.8564
-66.8378,265.7488,49.8679,160.2303,-255.4616,-338.1642,132.9101,70.6743,198.1371,154.1487,-32.1391,-29.5275,-210.6827,-106.9981,52.7144,-101.2538,3.9809,-197.4544,153.7126
14.5156,242.1829,103.8272,137.6268,-341.0557,-394.7162,42.7876,34.1768,299.1174,130.3110,5.0311,-0.2908,-155.4776,-59.5181,67.7086,-51.9550,-15.7621,-240.0523,80.1044
71.2916,322.4285,76.6146,176.0903,-358.4683,-338.3709,-28.1801,37.7925,266.0961,112.8519,-15.6091,58.1010,-78.0837,-56.7548,76.9846,61.7227,-68.2191,-165.4768,-39.0091
12.6721,334.6940,-4.0388,205.0025,-309.2869,-188.9787,-82.6125,83.8905,24.6312,95.6903,-83.2029,-24.8179,-53.0790,-121.1127,67.2863,103.5640,-129.0539,-75.4045,-63.3963
-112.8310,239.0772,-71.0995,187.5197,-242.8819,-48.8932,-91.6575,152.7783,-51.3260,141.5838,-171.2313,-151.4301,-64.6051,-130.3532,94.2892,88.9163,-157.6429,-36.8736,23.9778
-208.3536,127.9373,-96.0673,189.6628,-188.8640,56.0627,-11.2061,246.5700,173.6333,258.4921,-195.2128,-127.4407,-38.8318,-49.4654,153.6372,109.3113,-139.5493,15.0064,114.5111
-223.3479,109.7143,-77.3430,248.8649,-103.8375,156.6735,70.2580,325.3920,281.3422,321.7935,-140.7090,-42.3336,10.2672,23.0410,163.3438,139.7236,-62.6221,100.1990,142.5723
-148.4635,226.0280,-24.9552,297.0356,21.8047,212.4656,64.8492,328.7229,99.5705,281.4523,-104.7536,-62.4281,7.9605,18.7939,119.0013,137.9232,26.4514,141.2578,124.6096
-44.3857,342.8457,29.2824,290.5302,99.6648,180.4273,56.8286,303.5857,33.5521,256.0499,-116.5008,-122.5040,-34.5188,-24.3286,115.8117,158.2993,50.1162,123.6625,120.7150
-23.5600,254.1950,64.6780,279.6292,113.2118,130.4869,117.7366,333.3501,244.4450,311.8695,-108.8500,-120.1407,-34.9755,-14.2183,171.5189,220.3432,32.4102,114.0400,170.2984
-81.0603,17.7149,82.2289,286.0951,161.4787,124.3865,165.6254,381.1392,369.5465,367.4846,-75.7915,-101.9410,14.5884,65.3189,194.1560,245.0232,25.4627,118.5940,218.9413
-79.6961,-77.3591,66.8568,267.6627,236.3927,99.0311,146.1954,378.5200,279.9738,370.9408,-56.8494,-96.1411,46.6384,121.8406,163.1998,207.7830,-2.5990,83.7057,200.7891
10.2973,47.1152,27.7435,228.1407,226.3584,4.5173,118.6613,344.5584,249.0841,362.6618,-34.6689,-50.5031,39.1745,126.2392,152.4340,187.6648,-44.2702,15.2105,157.8901
78.2625,184.9684,29.0659,205.7892,151.4302,-95.1326,116.3712,305.8125,332.1989,356.4689,3.1625,6.3367,21.7390,141.9882,164.2193,222.6195,-30.8724,-29.5358,144.0795
112.8469,222.2990,76.5062,200.7620,111.3489,-133.2732,111.0524,265.3586,341.8783,328.3770,23.1620,-18.8362,9.7509,141.2952,144.2289,252.1432,16.1585,-28.4111,133.2880
198.0058,237.5921,95.5592,231.7084,95.4649,-101.6306,99.7763,254.0653,287.3140,291.7556,28.8594,-107.4359,15.5562,71.4844,116.9199,215.0841,51.4644,11.0993,120.0477
297.9618,264.0423,84.1143,327.6621,62.8533,-7.1890,109.7741,270.1860,276.9501,272.7208,54.0969,-155.2832,49.6610,36.5776,128.9230,132.0115,99.3415,81.0116,135.5894
312.0250,243.6836,98.0521,417.2547,39.2076,116.5896,139.7788,274.2801,273.4004,270.1290,89.6590,-138.3739,84.5551,113.9793,155.0883,102.9911,112.7636,159.1124,150.3714
243.5157,175.7490,109.9225,412.6125,35.2174,218.4829,153.6773,291.3159,242.7476,284.4848,110.1712,-105.3473,95.9060,173.8901,165.2526,193.1512,16.2978,232.3018,132.1540
141.5618,132.6590,96.7113,359.9119,53.4362,292.0297,141.4215,343.6610,219.3902,306.6183,120.7395,-75.6558,104.9648,111.6270,163.4548,295.8220,-74.6433,311.0836,128.3662
48.9909,151.6188,132.5156,343.9521,133.8951,355.1580,147.7205,362.3694,185.3962,291.8208,131.8565,-58.9137,126.7409,26.1862,147.4911,261.0476,-12.6947,381.1662,167.6653
43.8498,187.0960,212.7869,371.4857,250.7349,406.7949,196.3471,334.4966,144.3664,234.3271,136.6010,-69.0008,151.6427,42.8788,127.3528,160.3534,116.6625,418.1674,204.8106
133.7314,189.8694,227.1257,423.2881,306.9543,448.4445,247.7885,353.5436,161.7665,207.4743,132.1965,-63.1716,180.0613,138.5723,130.4869,162.7352,165.3168,438.8036,215.6504
212.3132,194.2479,193.9261,458.4159,284.5547,466.0394,276.3677,426.9389,214.9185,246.8566,142.7750,-5.3525,195.2488,188.7830,155.7087,220.4695,136.8867,438.1148,218.4860
246.2514,235.1332,211.1702,409.9171,229.7429,410.5459,292.9092,460.0962,227.5519,285.4249,189.2020,38.9702,166.6973,133.7421,188.6849,204.2042,83.1970,358.7589,213.1375
273.5381,234.9835,211.2517,299.8594,146.9666,278.4749,286.2559,426.9567,206.2651,265.5811,234.9715,14.5361,133.4699,61.0805,218.4195,173.1276,19.1025,214.3103,185.1823
244.1864,145.8893,99.9747,225.5987,50.5659,140.7941,246.1642,365.8967,171.6597,212.2674,237.2860,-27.5614,165.3549,62.7830,219.6700,199.3770,-32.2719,111.8158,126.0928
163.5637,100.1398,-5.8448,209.9217,-8.6992,54.1288,197.2621,287.8068,130.3873,165.8610,242.1415,-44.2723,224.1040,105.0266,206.9754,199.9710,-58.0810,94.7699,24.0121
170.1718,185.2108,8.3891,211.7522,-45.1383,12.9956,147.2950,188.1256,138.4089,128.0629,298.8961,-57.0510,201.3741,134.6240,228.0672,148.3546,-87.2254,90.2025,-122.4189
212.2844,227.3896,19.9056,195.3197,-117.8113,-27.3155,78.0645,65.0734,160.6767,70.1914,340.3420,-82.3265,91.3246,142.7030,234.2950,122.3113,-171.3969,26.9554,-293.0444
65.9293,63.8948,-101.4328,115.0909,-218.5620,-92.5545,-20.2873,-60.2615,29.9987,-35.9359,300.9680,-143.1514,-5.6737,92.9938,134.2521,103.8963,-344.1990,-62.5727,-454.2694
-202.2415,-163.2040,-269.0329,-13.4671,-307.3082,-117.4296,-152.1971,-112.8400,-232.8300,-151.5662,232.5208,-264.6996,-48.3805,-7.4281,-16.6900,47.9605,-546.6851,-66.5666,-551.1151
-314.8221,-234.5285,-355.1733,-75.9055,-374.3055,-17.9289,-273.6252,-47.1322,-364.3217,-174.7536,190.5862,-383.8244,-94.6099,-53.1284,-91.9897,22.9601,-658.0948,59.8262,-540.8135
-264.1961,-163.0496,-358.7017,-16.9674,-389.4627,152.0566,-295.5167,74.5416,-295.1653,-87.9555,173.1729,-400.7963,-158.2417,-9.3630,-87.9192,56.7826,-648.9138,217.1668,-470.0844
-224.3134,-72.9553,-308.0741,117.7791,-322.3317,275.5006,-237.2646,173.3414,-259.7089,-2.4512,194.7157,-314.0701,-168.9103,44.0447,-73.9040,70.9688,-565.5160,317.9469,-431.0852
-219.0513,3.8269,-203.7643,291.4514,-234.0949,339.7597,-208.9538,229.9525,-347.3738,21.5737,253.3142,-197.2815,-113.3748,64.0481,-74.9176,52.0368,-422.5137,392.5050,-420.8097
-210.9864,54.0776,-91.2571,424.8621,-203.9934,362.2397,-195.0688,248.9859,-353.2322,52.9951,294.1956,-120.0000,-61.3298,52.0288,-84.6465,44.8252,-279.6766,440.3478,-361.8403
-201.1860,32.4502,-24.5634,414.7448,-196.8105,312.5646,-120.3593,254.9300,-197.5038,135.2099,311.7943,-112.6095,-34.3144,15.4505,-82.2959,34.6895,-228.5625,398.2805,-256.0724
-146.8729,-20.4666,25.7276,352.9967,-146.4946,223.0543,-56.4506,277.7361,-105.0667,210.8862,344.4186,-123.7861,-18.3073,11.1651,-53.0718,10.0801,-197.6312,311.0648,-180.6232
-53.7718,-14.4028,100.0925,414.4350,-99.6419,160.5077,-77.4349,291.8690,-202.3324,224.5897,361.0745,-83.4802,-45.1351,60.8951,-27.3118,-4.4306,-61.9489,265.6943,-150.0552
-7.1603,31.9624,154.0399,522.0204,-137.2551,89.6998,-101.6352,263.9556,-282.6009,189.3570,321.2551,-23.0669,-93.3800,92.1495,-18.2454,-19.6062,95.6950,209.4326,-112.9118
6.9043,52.9654,134.1989,496.0479,-228.8236,-21.2369,-74.5833,236.1220,-178.4455,167.4568,264.2967,-2.3656,-64.4380,86.4786,14.1957,-22.4018,134.2042,92.7711,-52.1591
35.5024,66.2628,61.0367,381.9703,-270.9708,-78.3343,-41.1997,265.6687,-37.5117,218.9824,219.8661,-5.2710,29.3656,90.3863,65.9141,53.5590,72.7908,21.9471,14.0618
8.7225,86.4986,-23.6358,303.6011,-214.6074,-14.4384,5.6751,340.5712,-6.8157,324.9910,162.9872,-22.4892,77.6589,83.7709,93.7140,167.6019,-32.2872,61.6172,78.3090
-80.3956,65.9109,-98.3787,249.0384,-100.1793,100.3807,88.5212,401.0702,22.8349,411.7067,95.3791,-65.6254,78.5979,64.9160,120.5958,183.1428,-141.2258,118.3850,135.5173
-113.3152,13.7603,-135.1737,195.9031,-0.4841,187.0674,163.3307,411.9895,155.3914,483.1177,48.1609,-78.2817,95.5171,113.4505,182.4502,114.6102,-157.6635,136.7068,190.4333
-84.4866,-5.0555,-115.3576,172.3033,51.3969,240.8595,216.8349,414.3310,289.4479,589.0034,35.1543,-31.7593,115.8242,211.8603,243.0330,122.3191,-90.5038,165.1485,251.7648
-63.8324,8.6090,-55.5156,152.0725,67.6416,257.2090,255.8960,446.6092,319.6004,663.1677,63.5282,-5.4961,128.0595,233.1133,270.4007,228.7608,-92.0493,190.4742,267.3998
-9.1538,19.0674,27.0007,99.9987,46.6773,190.4924,233.6380,416.4685,276.7675,600.9554,120.8355,-21.8233,155.9905,139.2253,284.8322,272.4234,-154.8822,135.7424,174.6324
90.6995,26.9515,118.7047,57.6391,-23.1053,40.2170,161.1865,240.5200,214.5374,461.8545,164.2647,0.9611,166.6704,17.2971,298.5160,172.1884,-116.0522,34.8682,41.2049
145.2416,42.1471,182.1723,79.8645,-98.1594,-77.5746,113.4036,58.6606,138.1699,372.5448,186.2062,77.4446,137.5506,-16.2429,300.4887,46.4760,10.6603,12.1534,-13.6994
173.4277,83.2445,206.2934,162.2318,-118.6376,-65.7726,62.8254,22.9279,35.1976,306.8513,227.0660,146.8186,123.8043,67.2981,271.9527,20.2743,89.3503,68.0328,-11.3162
250.4232,140.0522,251.1584,240.7265,-101.4447,-20.0565,-39.9093,23.1461,-94.2361,180.7416,298.3550,184.0974,126.8954,127.4788,203.1541,64.7640,133.4295,64.6359,-35.0252
301.1173,111.9613,352.3644,249.6433,-104.7347,-84.7868,-114.0829,-77.6923,-190.3491,55.7913,357.5519,181.7221,81.9032,61.9708,138.8730,97.1572,210.2070,-44.6280,-68.7318
256.8136,-9.8601,427.6934,213.6427,-149.3579,-215.4789,-115.9041,-195.4780,-171.6558,30.6406,347.6411,142.3553,7.6507,16.7386,125.6057,101.6791,276.4796,-159.0100,-88.1496
221.9582,-18.8794,378.4657,215.6082,-220.3158,-290.4157,-145.6295,-242.3872,-92.6198,44.9586,255.5972,121.8690,-22.0885,89.6141,111.5190,77.6488,293.3999,-210.7222,-138.3669
269.4333,151.3521,243.0233,255.6681,-266.2523,-296.0765,-231.8493,-262.9453,-119.3586,2.0453,157.1661,151.3218,5.2781,110.1133,42.8978,9.5678,284.6396,-199.6790,-202.0670
303.2813,246.4424,138.5025,253.5475,-214.3098,-241.0136,-252.0831,-252.5798,-260.1354,-35.0942,130.2113,174.3272,72.8633,17.9236,-6.2874,-55.4327,229.4018,-112.4713,-187.7833
236.7796,148.5840,81.2715,167.2855,-60.5640,-112.2362,-134.9489,-171.5019,-314.0992,16.5699,121.0623,143.5276,165.1804,1.0446,43.7770,-40.6561,96.8963,7.2861,-93.2444
129.9048,59.7132,0.5231,33.9524,114.0638,23.4895,30.4318,-103.2457,-184.1350,69.9488,38.8251,87.9189,241.7069,90.8280,138.1394,31.6722,-34.1551,57.6076,-11.7503
98.0350,66.8280,-90.4118,-55.2391,232.8318,89.2838,105.4204,-126.1451,-13.5399,37.4973,-61.4646,61.9831,281.5552,137.2587,187.1000,63.9695,-50.5274,47.6215,5.8868
149.9377,51.0928,-104.2323,-44.9719,252.0637,97.0583,72.6451,-162.2869,79.9549,5.6743,-74.7995,84.8178,302.0231,134.1482,195.1430,17.7633,24.3384,51.3547,-13.0420
169.9535,7.0163,-51.1335,-12.8850,178.6766,55.4408,54.5976,-137.1664,144.6147,42.8103,-40.3626,118.0074,296.7427,136.8017,218.5425,-49.8649,60.1106,35.0326,-19.6405
94.9310,-20.1499,-33.4156,-55.4855,114.2831,-40.9980,109.8695,-105.1443,203.7884,70.2215,-57.5612,112.1967,250.4482,99.5750,264.5213,-57.3739,7.8488,-37.0796,9.4339
4.2463,-105.8738,-96.4729,-140.3082,129.3181,-126.4789,138.2490,-110.7731,213.9640,55.2951,-114.6044,73.4532,195.3688,32.2802,288.2700,7.5770,-77.8506,-103.0232,51.5238
-35.2173,-239.9554,-203.4019,-227.7016,120.8085,-160.5132,86.7277,-108.8010,220.0753,59.9363,-139.5379,29.2795,173.3066,10.7036,284.3223,63.1088,-180.9450,-161.4594,65.1868
-47.6582,-270.3755,-282.7982,-337.5179,-5.3340,-208.0386,34.6427,-81.5178,271.8541,73.9504,-118.6027,-15.7769,174.5477,25.1048,294.7277,44.2359,-301.6852,-265.3287,29.4153
-34.8762,-172.2589,-257.3370,-392.0085,-137.3648,-306.8863,7.5978,-80.7149,292.1537,63.5421,-78.9341,-36.3513,151.9262,44.9306,296.9048,-3.9521,-344.4541,-354.4547,-40.7944
21.8383,-71.2902,-137.8236,-304.2267,-138.5938,-404.8402,-35.6678,-114.5103,253.0014,81.8468,-37.1644,-3.3731,93.8712,68.1822,235.9977,-17.3338,-247.7081,-356.8177,-80.8148
69.7450,-52.6542,-54.7958,-189.4946,-45.4986,-437.9005,-55.7838,-118.5485,242.7681,140.5261,-13.2552,47.6860,62.2013,54.1190,174.4750,-11.9489,-128.5922,-316.1360,-33.3181
61.1511,-114.8339,-88.8365,-170.4784,40.0828,-366.6987,-3.7012,-66.2477,259.2858,175.9930,-34.3298,70.8115,99.6353,14.4245,199.8866,-18.8523,-108.1833,-265.1221,50.2845
41.6248,-177.9907,-176.5610,-191.2855,79.5969,-217.5506,69.6582,-6.7272,260.3656,198.7028,-93.8903,66.1743,142.4890,31.9786,252.2385,-18.7037,-154.5475,-197.2332,80.0804
55.0578,-155.9042,-243.2036,-230.1363,85.3012,-91.6866,107.7729,14.9430,318.1880,233.7796,-147.7525,38.1980,127.7304,75.1556,252.1660,9.8071,-200.8063,-154.6970,78.2490
67.9567,-113.0751,-270.1984,-316.6017,97.3295,-29.9463,114.9822,8.6369,411.5194,219.5934,-164.6847,12.5313,100.3089,62.5695,238.6080,53.6541,-213.8126,-132.0090,109.7757
43.8880,-157.8038,-239.5692,-329.8316,139.8836,30.4510,119.0845,25.6875,386.4673,164.4072,-146.2016,40.9099,116.3628,60.6459,238.9046,93.8344,-155.3672,-47.8021,156.4738
12.9299,-203.0841,-160.8665,-200.5209,183.8483,113.9599,159.6054,103.3536,300.6544,168.3994,-98.3058,92.4703,159.6443,132.6580,227.9848,129.8360,-51.0849,77.0931,191.0317
35.6657,-122.1900,-86.1333,-94.1351,202.6526,180.1017,226.3916,194.8258,315.3990,205.2860,-31.2780,91.4487,192.0741,190.2202,233.8754,167.7442,9.7407,141.0041,223.0928
113.8328,-4.3783,-29.7335,-86.0837,190.9987,208.0065,225.2038,220.4000,306.7797,174.7267,20.3434,68.5176,182.0329,176.1622,265.8166,189.2146,16.3589,133.5471,226.4839
168.6481,6.6415,15.5793,-67.4063,126.1165,184.3258,140.5698,195.5218,143.1725,115.9850,28.8460,68.5914,126.5445,127.8745,260.8804,167.7545,11.5838,92.1635,190.7581
144.1736,-70.8226,12.4215,-67.3509,19.4180,99.3234,93.2546,171.4307,34.2677,102.6554,5.0202,24.9339,72.8118,44.7947,234.3145,126.2849,-24.1048,18.6617,163.0836
88.9342,-144.3436,-50.3740,-173.8321,-71.7214,-22.2079,107.3426,104.5662,121.7739,88.0220,-29.0724,-80.3719,33.6934,-62.4900,258.8553,103.3151,-94.3484,-69.7727,120.3865
84.3469,-160.9024,-107.9144,-262.1490,-142.8459,-166.0445,58.3104,-33.8987,213.1269,29.4960,-55.2152,-138.1370,-18.6237,-124.2941,291.1874,76.1670,-129.5101,-139.9695,1.5436
136.2327,-114.2437,-111.2188,-212.8970,-199.6261,-303.1122,-66.7397,-146.1038,185.6090,-26.3741,-46.8645,-105.1529,-26.2020,-145.9460,264.4734,21.2173,-101.7192,-153.2933,-120.0844
181.5755,-43.8554,-61.5223,-96.0026,-161.1532,-321.8627,-133.1399,-164.8333,117.1483,-43.5472,5.4453,-44.5426,70.3419,-171.2499,234.8793,-20.5244,-30.2157,-41.9221,-153.1553
187.6792,19.4526,38.9194,50.7356,8.7058,-173.1186,-98.8949,-146.0271,19.6189,-40.5746,75.5550,16.9900,172.8501,-133.8386,243.3032,-30.4507,98.3171,179.1733,-161.4205
202.4333,87.1654,166.6630,236.5549,206.0457,22.1186,-39.2847,-128.7506,-109.7113,-53.1669,138.3096,84.8364,201.3065,13.2784,227.0332,-31.4965,258.4030,360.9305,-195.8617
262.0475,149.0880,256.6852,356.7785,340.4747,166.9853,12.9015,-89.8108,-182.5389,-93.7848,183.1906,143.6629,232.8783,152.7354,171.4517,3.0064,352.6849,425.0982,-186.6941
304.5565,176.1955,262.3922,348.5752,393.9713,273.6817,43.7555,-30.9227,-207.1052,-124.0845,194.3840,191.8721,278.1712,177.7325,140.0474,79.7126,350.7844,429.3092,-131.6801
279.3277,171.0912,203.7903,299.2397,347.4163,306.7764,-5.2239,18.2183,-264.2967,-115.4065,176.6683,219.1731,237.9195,137.0403,139.5676,108.1011,322.1032,388.2909,-107.8317
248.0083,128.9534,150.2505,254.5902,242.3818,232.5835,-109.9435,39.1794,-285.8929,-97.0551,164.8050,196.8300,139.3300,118.6572,122.6098,74.5317,306.0387,292.7600,-101.7479
253.4471,54.2722,139.9982,201.3569,174.1832,159.4652,-139.8633,43.5289,-173.4758,-62.3381,153.2004,162.3639,75.5712,154.9364,84.2654,102.2279,277.9136,227.9528,-74.0673
243.2281,17.1236,124.4932,188.1940,127.4978,172.6288,-75.1501,74.6336,-6.3913,34.3220,95.2583,173.2083,18.7789,224.4826,56.8571,207.3222,234.8287,238.0864,-52.4104
207.6289,33.2438,79.2436,227.9765,39.4680,194.7375,-36.8829,130.3432,84.7565,131.6702,15.4544,174.3653,-52.8159,233.9642,60.0278,251.6214,223.9829,241.7581,-17.0755
197.4386,9.1171,98.5481,249.5794,-27.4697,161.5839,-46.8129,147.2034,94.5713,121.5622,8.2091,89.9537,-76.0141,108.8626,90.8728,182.6587,272.3565,202.5189,87.0749
205.3672,-58.3352,220.7428,230.3028,-13.5233,115.8992,-10.6694,134.8997,105.5731,35.8754,82.5796,-17.6196,-60.5970,-52.1045,112.5532,76.6458,328.1347,167.3697,205.0723
209.1280,-60.1068,308.2923,189.5402,6.4548,85.9212,58.9914,158.6449,164.0733,-22.6604,132.8320,-46.3656,-72.8198,-84.5396,59.4875,-3.0667,328.6500,139.9695,254.4521
235.7890,1.3443,277.8742,137.0073,-11.0490,70.5022,69.0273,188.8890,212.9111,-27.3286,104.4462,-20.1379,-99.6614,1.7791,-75.7836,-21.3769,302.6228,110.8091,262.7194
274.0035,46.3823,228.4804,127.9936,-1.6685,96.1835,38.4079,191.7496,183.6030,8.2948,59.5060,-23.6756,-104.0291,75.0971,-185.8209,30.0115,303.0638,117.8546,269.2069
275.3651,92.6742,219.9078,181.7030,55.1922,152.5744,41.1697,233.8884,131.0287,56.6569,46.3196,-50.2097,-86.5583,89.1935,-180.0367,87.1074,292.0760,148.6944,248.0500
248.0547,140.1758,184.2198,188.7435,104.2572,164.0229,70.7703,312.0138,130.5459,67.9015,38.6777,-25.5549,-45.1569,79.7998,-129.7515,94.0524,218.3450,121.3053,201.4698
211.4300,92.9467,90.1893,87.6029,110.8454,99.9854,101.8110,337.7760,125.6914,59.7672,22.3668,45.9790,3.1406,72.9542,-145.5049,78.3083,118.5948,25.6709,176.5479
158.9195,-15.6865,-22.7269,-33.6146,88.6705,23.8399,143.6284,345.7300,73.0937,107.9585,15.0720,71.8531,27.3121,78.0057,-188.1853,65.2767,43.7034,-46.7777,187.1678
125.5623,-18.9472,-116.1255,-100.4855,78.9268,-5.2845,181.2539,405.8629,68.3417,200.3712,4.7489,20.9345,48.6952,58.5294,-166.9250,43.1197,-2.2797,-39.9113,208.5231
140.6911,64.4759,-144.1021,-106.0384,99.5696,-6.2229,183.5991,444.9411,140.6037,251.4853,-19.1802,-35.8938,89.9397,-29.1639,-109.8775,31.9668,-11.6331,4.0077,214.4599
161.9625,53.7041,-86.7501,-52.9156,116.3313,-14.3632,153.7838,406.4934,154.7746,223.4192,-12.0603,-51.7269,124.0073,-93.7120,-87.4053,55.1305,25.0933,36.7323,200.3976
165.4187,-43.5950,-1.2570,2.4469,116.7112,-12.4362,111.8357,348.6886,63.6066,129.6097,48.0848,-40.9742,144.6426,-26.5219,-101.3124,71.6254,78.3106,68.2083,189.7946
160.5568,-67.4461,51.7716,4.7516,123.3691,20.6906,73.2974,288.6888,5.2497,19.1733,101.2663,-1.6255,162.8635,50.0513,-127.5123,34.3072,115.4193,106.4593,196.5638
119.8973,-22.6021,65.2079,17.2188,114.1348,63.7430,50.0366,217.1512,43.6562,-32.0677,105.8024,72.5137,161.4327,1.7118,-139.1937,-28.1968,144.3963,139.1103,207.5276
66.0822,-4.5205,61.8066,101.7838,90.8193,113.6047,51.1754,184.0357,65.3408,-12.2054,106.4487,144.4402,157.5080,-8.4282,-102.9491,-46.6404,202.7563,201.9130,225.8828
91.9108,35.2473,101.9484,207.7588,139.4977,195.7720,84.5911,187.3486,28.7808,16.6963,143.2919,191.3845,181.2193,148.0857,-37.4832,-14.8009,309.7992,324.9429,260.1735
169.6003,128.5194,220.9576,288.9114,245.7055,278.0321,110.8966,172.2788,47.4075,21.0553,182.6322,239.9148,176.9024,248.2290,2.6956,-3.5722,407.1820,422.5126,281.7937
180.2319,151.1788,324.6819,329.8913,270.4109,295.0008,54.2248,163.9042,128.6597,4.1439,183.1877,293.1263,112.8140,145.0962,15.8035,-34.1665,406.6316,411.4708,277.2173
140.7522,87.3047,311.0878,291.3551,218.6903,260.4491,-36.1410,194.6463,139.5604,-19.0551,159.5641,298.8060,89.0689,48.0211,32.2524,-36.3456,323.8768,363.5582,269.4891
126.9242,77.2249,233.6794,210.1844,219.1157,232.8115,-8.5345,214.4140,95.1647,-0.0587,144.7366,226.6334,158.9413,71.7648,56.3218,-3.1003,247.0537,360.4267,243.2863
104.7409,99.5871,182.2959,179.9355,258.4639,205.6965,106.7256,188.6181,113.2240,62.6153,137.3801,130.4309,226.0886,58.9593,83.5681,-12.7055,194.8372,343.7416,182.9216
64.5294,32.9910,153.6645,168.4504,252.3498,141.0651,135.6336,131.6089,120.8130,78.0617,116.5977,87.3509,224.7088,-6.1827,107.8487,-47.1537,153.6020,261.5353,153.5113
79.9747,-44.1050,137.4793,110.5978,224.8162,62.0653,98.0329,65.3390,24.2589,21.8824,85.2877,95.4171,197.2926,26.8353,122.9904,-27.7127,161.9243,178.9726,182.2468
121.0456,-39.0750,144.9173,83.1784,200.5668,23.2827,121.0729,27.4112,-32.0631,-29.2009,68.7533,104.1241,174.7721,101.5737,141.2648,-1.3799,221.4242,149.3297,173.1409
89.5801,-65.5614,150.2079,135.7973,146.4852,17.0874,136.2771,10.2125,28.1138,-62.0932,74.5720,109.5155,146.0458,55.4048,151.4758,-35.2075,261.1407,140.1698,91.7136
25.4030,-154.0545,147.4486,167.1911,83.4517,-15.9686,54.0299,-36.8887,48.3023,-97.9531,81.5304,107.5022,113.7190,-37.9326,127.1625,-60.3018,256.4054,108.3622,60.2698
33.1106,-147.6600,169.4738,123.3062,44.4509,-86.9973,-10.5611,-61.0043,36.6057,-90.8026,69.5954,49.9821,87.3168,-17.7214,115.9991,-32.7207,238.3728,42.0156,147.3454
113.4339,-47.6114,195.2945,65.2487,-3.9364,-147.0407,18.2146,6.1234,154.9092,-50.0886,44.0889,-23.6504,61.2861,53.3315,161.0089,-32.8418,218.1293,-37.3575,248.4366
208.2548,-23.4955,182.0237,30.7879,-84.1027,-176.5740,32.9586,57.7158,277.8045,-50.0529,27.4241,2.5839,19.8742,17.3773,183.2580,-82.1675,210.7616,-83.4384,255.6270
267.6852,-86.4567,152.6183,26.4951,-183.7028,-193.8922,-28.3471,5.2127,192.8131,-60.6200,26.1530,81.5597,-56.0159,-98.9240,135.2532,-96.5157,233.0165,-91.7363,185.5927
262.5914,-102.6312,139.4218,53.9563,-287.3520,-199.8940,-125.8308,-60.1701,22.2280,-51.9256,17.8661,57.1900,-161.8743,-138.0031,92.3438,-58.2446,244.7922,-119.3325,94.8105
239.5545,-22.7146,130.7957,61.4734,-345.2128,-203.7110,-241.7467,-110.2588,-74.6235,-126.1535,-12.3938,-17.6601,-248.7971,-47.8048,57.9149,-51.5439,209.6667,-182.1409,-4.8395
259.3050,82.4076,110.0164,11.9944,-322.9854,-220.5663,-326.1303,-207.9002,-163.6583,-272.1937,-44.4860,27.6493,-260.4702,70.6888,-23.5528,-117.0250,166.3372,-209.3154,-93.9711
269.0855,113.6340,74.2521,-40.4224,-244.8016,-200.8186,-284.9914,-270.5008,-217.6011,-312.3749,-53.6374,128.2453,-190.8412,106.3135,-62.7798,-166.1351,159.4094,-151.0768,-109.5641
207.6983,59.5548,53.3359,-44.6393,-105.2651,-109.0740,-146.7270,-218.8898,-128.8884,-255.8568,-37.1366,97.8975,-89.6900,52.0497,18.3417,-103.9778,185.9372,-60.0809,-43.4813
139.9473,14.1952,99.2920,-13.8822,52.1763,-31.9553,-39.1583,-164.4019,-25.0604,-255.0528,2.9622,-13.8588,1.7489,-1.1622,103.9289,-3.5504,219.5038,-17.7739,13.7510
121.0800,9.9828,175.2080,18.1234,22.5009,-32.2521,14.6620,-152.4849,-7.7068,-238.3818,59.7773,-26.6584,95.5332,22.1505,136.8673,12.5277,211.8324,-25.4820,14.6725
110.8540,-9.7981,166.1246,3.7170,-246.4193,-39.4731,90.0039,-92.1734,91.5454,-92.1850,103.4349,36.5062,200.9167,65.9700,218.6341,-3.1689,136.3898,-22.7395,21.9745
103.1673,-25.4245,70.2068,-72.7938,-443.1042,-15.4078,196.7082,-17.4043,274.1679,18.1486,106.6692,21.4753,280.5828,29.4632,324.5692,11.7265,53.6594,14.1571,73.6292
105.6103,-8.3805,-0.3904,-125.9576,-361.0103,1.3755,277.2854,3.0699,259.8675,-25.4250,74.2745,-59.6382,307.0709,-37.9963,331.4021,-48.8447,34.9371,60.7758,136.7212
46.8328,-37.7862,-7.0080,-75.0485,-208.4517,38.0576,314.8522,55.3228,40.9970,-39.8212,26.0127,-69.3465,284.3473,-21.1981,289.6295,-170.2592,71.7394,99.4007,198.3977
-60.3993,-107.0408,10.7872,25.6671,-189.7316,111.2927,317.9263,150.8575,-83.6005,46.7297,-23.1109,-11.5000,212.1676,24.6112,292.4839,-164.1819,123.5894,107.8168,238.0276
-71.2978,-98.6438,23.8887,64.7948,-234.4809,116.0734,253.3673,146.5917,-47.3438,46.5747,-66.0920,-9.5729,117.1863,-15.8751,269.7140,-99.5868,143.6683,49.9602,196.7861
0.4471,-52.9668,-9.3318,0.6853,-252.5948,13.2866,128.3754,49.4897,-8.5898,-38.2354,-103.4145,-73.1669,56.1040,-82.8821,181.7827,-183.0525,76.4610,-52.7025,107.2196
-27.4610,-88.2372,-104.1378,-115.7186,-246.3622,-78.1955,59.0053,10.1975,33.1427,11.2501,-129.0841,-123.6418,27.2148,-85.6096,135.1763,-245.3058,-46.1143,-123.3990,80.5845
-150.1421,-153.9951,-182.8780,-188.2132,-206.4016,-94.6926,100.3882,41.9680,155.8931,174.4200,-133.1690,-166.0085,-4.8611,-84.0769,166.4497,-53.2362,-118.9959,-139.3071,112.9415
-197.9303,-185.2794,-192.6924,-190.1622,-144.0132,-88.0140,144.7981,66.7078,281.4946,234.6789,-130.0790,-215.6803,-12.5126,-121.1581,191.3288,157.2679,-142.1385,-135.1431,113.2502
-176.0141,-226.9006,-182.3669,-191.3690,-89.4454,-69.6274,131.3094,79.3564,298.0929,175.5844,-137.4319,-208.7112,31.9269,-127.7121,183.0652,104.0138,-184.0976,-107.9188,76.2666
-200.0887,-257.8665,-173.2939,-194.1589,-7.2429,-6.6956,134.2707,81.9406,209.9481,118.5919,-131.9733,-154.9504,93.4141,-85.4376,182.2220,-56.6040,-194.3220,-29.9678,45.9823
-228.1163,-223.9991,-129.4610,-118.6881,120.9663,82.4060,156.5903,50.9820,88.4395,69.3750,-94.0711,-157.8607,154.5276,-41.5319,185.8911,-87.4350,-103.2631,73.1137,26.1790
-172.3731,-177.8040,-66.5131,-9.7683,225.6272,140.2124,128.7081,9.7662,20.3027,-0.7991,-55.3966,-200.9713,211.5582,-5.7077,171.5686,-7.7129,6.0713,142.0121,20.6829
-96.8431,-155.5441,-25.3488,15.1020,281.8061,128.7980,108.8040,-17.3464,48.2086,-49.1803,-39.0347,-175.3621,215.8420,6.0538,162.5989,64.4154,47.1908,158.1499,26.3222
-97.2657,-137.6025,-3.9645,2.2619,351.7776,77.5777,177.9266,-53.9735,106.0925,-53.1448,-30.5351,-100.0707,159.4462,-24.0134,190.5692,45.0989,62.2644,161.0581,1.5258
-158.0345,-149.9504,-2.4579,46.9230,447.2109,63.8468,243.3716,-102.9009,115.5335,-33.6779,-34.7635,-73.5510,101.5541,-29.1457,241.2943,-47.4204,78.8643,189.2670,-67.3918
-216.2637,-165.1923,-21.1434,79.1139,498.6396,82.7522,193.8608,-142.8171,84.8044,-17.9977,-61.2534,-100.5600,52.5215,29.8302,263.5530,-80.3157,61.3331,212.9049,-161.0185
-233.0476,-102.9460,-19.8885,28.9334,476.3078,37.4735,78.2263,-195.1440,29.6282,-46.9044,-75.3252,-130.1860,-3.8799,53.5271,210.1940,-47.2506,29.0041,174.4990,-272.8446
-191.0891,-39.7718,15.1942,-19.7457,449.3884,-72.6801,-5.3980,-276.0121,-41.7674,-106.0648,-55.7678,-144.0578,-36.8733,-18.1343,97.1250,-90.6137,20.9285,95.6066,-352.1978
-111.6072,-89.0921,37.3847,-14.6790,483.4724,-127.9392,-28.0574,-320.5904,-55.7249,-111.8086,-39.8098,-139.5907,-53.7464,-79.0543,25.7362,-163.6829,14.0888,45.8459,-328.4046
-57.9773,-160.8232,21.9822,-16.0817,524.3602,-83.4794,-11.0638,-268.5593,10.9616,-69.1222,-54.0919,-116.0219,-92.4962,-32.8934,65.3521,-112.1196,6.4087,24.3726,-245.5986
-73.3077,-155.6138,-12.6641,-36.2421,493.8130,-7.0460,7.7891,-182.3295,46.4976,-61.9014,-79.0636,-78.1967,-101.5434,63.3707,123.1384,-35.5214,36.5469,-2.8937,-187.2672
-128.0457,-144.8448,-49.4275,-36.4699,450.4245,55.1677,18.7916,-168.2088,11.9671,-64.8715,-90.2036,-38.2939,-36.9049,104.0975,76.1555,-88.5917,78.2486,-5.8699,-121.4545
-162.9779,-176.9052,-65.4468,-39.9246,476.6577,108.0995,48.8416,-219.3770,12.4625,-11.4039,-77.8794,-32.6427,20.8795,77.3171,-9.9011,-168.1641,79.9642,38.6343,-10.4670
-170.2719,-199.2748,-49.8448,-67.7098,505.3549,148.9176,82.0487,-256.6600,58.2636,44.6496,-61.4194,-81.7792,11.3018,42.1890,-7.6350,-148.6659,70.6970,70.9636,74.8619
-174.5231,-179.8527,-38.0576,-61.9513,458.3220,157.4483,59.2180,-269.3268,47.0588,53.8929,-80.4832,-132.5674,-30.8194,11.7254,28.8203,-83.4285,94.9301,55.9409,89.8721
-163.3454,-116.4207,-40.7319,12.9250,396.1727,132.8759,-2.6572,-283.5828,-4.5349,62.1633,-118.5720,-118.4841,-86.2801,-36.0434,4.5048,-40.0212,134.5157,54.8191,86.1918
-129.5867,-41.1743,-6.9728,96.1825,378.9510,115.8865,2.7809,-279.1940,15.3982,72.3627,-107.3585,-46.6002,-134.4760,-46.8631,-4.8675,-35.6087,160.7919,104.2834,98.4327
-116.6255,-20.4173,59.2177,117.7554,372.4923,126.6040,118.4557,-260.3691,126.2832,59.0679,-44.2764,20.0825,-115.9272,26.5408,72.8719,-67.7037,158.8659,136.5931,104.5666
-132.2577,-33.5185,69.3785,79.8648,345.2477,102.0091,227.9948,-288.9413,247.2634,66.3798,9.5204,20.0411,-51.7590,67.3139,145.5790,-85.2716,110.6587,93.0954,75.5211
-135.0002,-10.9063,3.5935,27.0161,293.9866,4.7337,204.3496,-370.0893,273.4080,81.6449,41.1585,-52.0969,-23.9051,-29.2856,144.1046,-92.0942,40.6888,26.7789,7.3773
-139.7391,3.2623,-44.6308,-11.1063,224.1282,-76.6103,119.5768,-443.9094,161.6961,11.2162,76.8482,-125.7675,-19.4141,-133.8082,126.8166,-173.7290,7.2319,20.9740,-56.9045
-179.3329,-51.5206,-23.3299,-26.4347,174.6493,-76.0980,118.3586,-490.7822,11.1223,-109.0446,111.0905,-139.5563,8.6302,-112.5196,121.0996,-288.5395,9.3024,63.8107,-73.4317
-212.1214,-121.4976,5.8575,-14.0512,159.1232,-56.5996,140.9080,-503.4451,-63.1036,-151.6690,122.4863,-104.2516,25.1959,-72.9363,81.5588,-299.7655,5.6273,82.2434,-59.9377
-215.9109,-149.4215,-19.5166,22.3542,127.9860,-48.3596,73.5349,-428.2893,-85.4928,-121.9222,95.4910,-48.3251,2.8455,-125.5542,10.8088,-222.7345,-0.0931,69.7440,-35.8683
-234.5214,-125.8297,-84.2109,55.6915,75.7316,15.2123,26.2580,-265.1827,-85.0149,-93.8298,35.3961,-5.6628,-25.5512,-168.7877,-26.3819,-155.2876,3.7603,83.6833,13.9864
-254.2710,-70.1983,-145.9879,47.4228,58.1627,129.1108,103.0312,-124.4499,-14.7029,-73.0704,3.6023,-27.5610,-45.1261,-106.1397,2.9445,-117.8414,-9.8291,123.9904,57.7624
-230.9710,-87.0582,-181.0709,-25.1035,85.3085,187.3806,170.6639,-95.9295,57.2101,-85.1822,39.4153,-95.9253,-58.3900,-15.8204,45.0170,-130.1489,-42.8833,118.2186,48.6509
-202.5360,-210.6547,-174.5150,-142.1414,126.8675,138.8396,149.7401,-152.5145,-1.7913,-172.4467,69.3548,-133.6298,-60.0767,6.3160,18.9390,-182.9025,-56.1022,38.8319,29.4928
-188.4094,-251.6924,-133.8742,-235.4247,157.1954,36.8065,142.2673,-214.7153,-118.2517,-255.4997,38.6517,-136.2723,-71.1814,-28.1471,-64.6723,-163.2009,-42.7121,-48.1740,46.5381
-130.3475,-127.7342,-97.0844,-242.6664,141.4068,-34.1047,153.4694,-234.6525,-132.8322,-231.6339,19.5637,-129.1235,-98.6041,-59.5645,-122.4369,-67.7342,-27.9404,-68.1133,56.2265
-47.2389,-59.6543,-70.7810,-173.8902,90.9629,-30.9749,119.2696,-212.7010,-79.3261,-158.1273,52.4762,-85.5329,-97.1399,-46.8356,-128.7072,-49.6979,-12.4273,-22.1832,26.3620
-35.2770,-148.6887,-18.4052,-87.9057,66.9676,3.8089,99.8669,-182.6952,-74.4213,-148.5847,65.2375,-39.6759,-65.1936,-0.6098,-106.5933,-93.5380,11.3788,22.6462,-19.9598
-96.3771,-212.9650,45.0510,-26.0183,48.5641,-6.9315,112.9762,-180.9879,-121.1367,-196.9426,30.9474,-71.4541,-66.3511,12.7601,-58.6911,-31.0503,28.3139,12.1388,-78.0049
-153.1543,-178.4462,50.8941,-3.2380,-23.6508,-67.9555,80.2613,-209.4554,-163.6392,-240.1142,-0.8903,-129.2570,-107.5490,-49.9437,-18.9572,86.2992,27.8295,-37.1389,-146.0973
-169.2035,-141.2142,2.1876,-14.4011,-96.1250,-123.3889,52.0526,-237.3779,-163.4625,-276.4300,-20.0832,-127.9240,-136.7734,-143.5949,-27.0514,52.1665,16.9950,-79.5372,-204.2613
-156.5370,-109.7130,-30.5148,-33.0039,-122.3265,-157.3379,92.0656,-247.2712,-115.5403,-324.2914,-37.6194,-121.1730,-150.3421,-202.5111,-17.9233,-124.3171,-14.4456,-124.4552,-260.4954
-155.7079,-70.1581,-50.3392,-61.6928,-186.4380,-199.5427,78.1114,-252.4290,-76.1348,-355.9537,-49.1005,-153.6364,-175.1468,-224.0230,63.4998,-249.7742,-103.7348,-212.5140,-314.5892
-199.0061,-84.3121,-124.8707,-144.3286,-311.7058,-244.8739,-42.7761,-252.6639,-94.6759,-340.1841,-84.1597,-165.1810,-196.9568,-229.0586,128.8145,-228.9276,-253.3436,-313.9466,-321.4131
-250.1902,-135.2572,-242.9133,-267.6432,-382.7541,-234.2361,-121.3289,-213.5153,-129.8989,-287.2610,-154.5815,-148.2925,-197.5778,-209.1391,117.6098,-117.0847,-380.2517,-345.0352,-267.8803
-266.8912,-151.9799,-321.0828,-347.0580,-353.8746,-139.3683,-98.0971,-117.0462,-125.9079,-218.4219,-199.6638,-144.4815,-194.0662,-163.1666,96.9102,-12.2566,-396.5402,-291.8840,-179.4294
-269.4457,-169.1264,-332.3911,-355.3764,-279.9620,-25.8004,-59.9993,7.0917,-105.8554,-149.5681,-195.0496,-128.2637,-187.7692,-107.0391,78.2717,28.4331,-334.6443,-223.3384,-64.1827
-262.9263,-233.7511,-311.8535,-343.2955,-183.1008,25.4590,-39.4081,112.9348,-129.0281,-105.6513,-179.2300,-86.5762,-149.7358,-33.3538,6.1890,40.2318,-295.8177,-183.9702,31.8482
-232.1641,-291.4777,-267.6519,-334.2450,-99.0714,16.1448,-41.6879,163.1653,-199.4541,-86.4478,-147.3215,-66.5325,-93.7050,41.2015,-71.9310,98.0970,-298.2996,-171.8208,29.2526
-220.9258,-291.1052,-186.8520,-324.2732,-103.5206,-18.2758,-94.6812,148.0682,-246.9867,-64.2443,-93.8832,-71.8942,-82.4287,55.0999,-77.5513,193.2652,-290.9148,-187.9774,-38.7558
-243.6940,-246.3362,-104.6228,-325.6943,-168.6774,-70.8433,-150.0815,105.6031,-233.9513,-49.8313,-90.3291,-73.7863,-131.1148,20.8159,-57.7068,233.9259,-263.8713,-216.5550,-53.2440
-233.6040,-192.7255,-79.4241,-315.6216,-190.4945,-120.6827,-135.9640,91.3955,-218.4895,-66.5099,-158.9445,-69.3893,-185.1613,22.6138,-92.1161,184.5414,-226.4936,-218.7200,9.0936
-194.0020,-166.3162,-102.1924,-252.2621,-175.5582,-139.3274,-71.8689,106.6807,-222.7043,-87.3893,-210.2415,-49.4053,-211.9621,38.3260,-165.3414,110.8851,-159.6051,-207.7540,69.4108
-187.6971,-169.8456,-106.0520,-168.8749,-212.1424,-153.9157,-19.3146,93.2437,-199.8164,-103.1770,-199.5708,-16.1758,-232.4032,-10.3950,-220.7368,74.1806,-81.3626,-233.6190,58.3847
-178.3242,-160.0041,-67.9747,-117.3810,-301.7364,-199.6816,-22.8803,14.6081,-189.1309,-139.3249,-179.0438,-1.5588,-258.3885,-69.9668,-239.5687,67.7466,-54.7588,-279.4758,-38.7873
-125.1718,-121.1225,-32.7545,-86.0567,-365.9312,-262.8744,-87.6474,-94.1396,-242.8790,-154.2061,-182.5788,-4.8725,-273.3547,-82.8000,-235.9437,63.0377,-92.2701,-299.2573,-170.1794
-100.1321,-90.9711,-43.5901,-85.0756,-367.2685,-326.7009,-150.4593,-179.6670,-285.4182,-111.8332,-202.2082,-17.8053,-262.0111,-117.2442,-220.4660,45.9860,-154.1144,-314.3170,-264.4755
-133.3055,-93.9913,-105.0583,-153.5874,-332.7438,-367.8334,-163.6603,-235.1665,-301.6450,-99.2874,-231.2200,-52.6884,-218.5994,-150.7941,-189.1736,15.9703,-215.1605,-339.8315,-312.6305
-176.1396,-120.8495,-189.8244,-230.7353,-290.2225,-329.3920,-155.3610,-261.3098,-354.9380,-151.7065,-251.4508,-58.1137,-153.5774,-70.5844,-148.2446,-10.1134,-256.6734,-316.6365,-319.6589
-252.8716,-155.3562,-246.0035,-226.0374,-234.7584,-207.6940,-124.1515,-209.2344,-322.6072,-142.4182,-243.4914,12.9020,-92.7088,23.8380,-107.1038,-12.6686,-260.4915,-222.2957,-248.5015
-370.9021,-164.3882,-240.2989,-174.0638,-155.2421,-69.0146,-36.6628,-50.2634,-127.4510,-17.5721,-218.4501,64.4971,-50.2757,-20.6244,-53.3992,18.7607,-245.0562,-107.0518,-113.3628
-386.6754,-99.6033,-193.9867,-128.1280,-56.3010,69.7006,66.0850,151.3130,-29.4439,126.1350,-186.5013,21.0348,-27.4885,-57.7057,-2.8701,97.8023,-225.9159,20.8643,15.5321
-214.8262,36.5564,-128.3408,-50.1309,55.0122,222.3892,138.7483,319.2444,-127.6223,232.7198,-132.4720,-18.1724,-16.0023,66.6320,-5.8251,195.1490,-164.6518,178.9481,132.0193
13.4779,162.0417,-28.8126,69.1062,165.0278,332.2164,193.2430,433.8385,-141.9638,277.5815,-59.3466,34.6659,15.9886,173.3710,-43.3829,208.4309,-38.4513,316.9573,233.7845
161.4285,215.5246,88.9644,184.5411,240.1266,347.6607,211.9151,468.4894,-53.6064,201.7536,9.7077,135.7365,74.1200,114.2444,-37.9594,100.1931,118.2797,385.6732,249.4036
257.3273,245.1768,179.6622,314.1295,269.1161,321.4469,190.1395,407.7952,-121.9347,62.5145,71.4590,225.4649,99.1390,53.4997,2.1206,-10.9137,271.0313,412.7191,183.4150
358.7489,298.7632,246.6907,461.7761,276.1671,309.5779,190.5674,321.3204,-254.0841,2.1950,133.4855,254.4307,68.5773,114.2445,2.3979,-24.8586,388.5621,408.1768,136.8952
428.7536,318.9507,313.6500,526.5527,269.9186,279.9739,199.6293,270.4531,-251.0454,16.3303,185.3431,207.2308,53.8200,181.6810,-54.1894,19.6851,420.7581,336.1595,114.8006
415.8177,276.3342,356.4458,465.2069,254.3806,187.3295,144.7629,217.8583,-279.2156,11.1645,216.5327,175.5137,92.3448,158.5214,-138.4321,61.8718,372.8390,224.4825,58.7378
343.7189,242.7138,360.9511,375.2419,268.5660,60.0818,79.3219,138.7002,-424.8491,-26.3765,241.2111,201.9409,135.9307,73.7980,-208.3486,63.3024,326.2712,158.2531,18.9545
270.6865,221.7828,361.8838,330.3256,318.0476,-20.0974,72.5322,79.6589,-491.3958,-89.4283,268.8757,176.7897,153.4716,-25.8125,-225.3835,-22.8398,311.8027,167.7658,52.9354
220.9623,134.4634,361.7526,306.1635,332.5096,-16.7735,53.0638,62.0989,-485.2691,-162.4318,271.6305,85.4496,144.0482,-99.6148,-241.7650,-144.2547,275.4687,215.5967,105.4699
191.8353,12.7227,328.4901,266.1326,288.6231,22.3262,-2.6365,87.0126,-507.6999,-153.4472,229.4066,59.8702,101.3375,-117.0082,-325.8032,-154.3266,207.0307,256.0392,160.2207
171.4135,-37.6809,278.5400,204.4731,268.3060,77.3993,14.5784,190.9619,-402.5938,-32.0455,175.8472,92.2959,57.5269,-89.4597,-364.4292,-37.1597,159.4017,277.0701,282.8664
134.2923,-18.3767,238.9229,148.2483,308.7015,205.5549,123.3278,351.0999,-145.5202,97.6703,143.9220,63.4448,49.9987,-46.5469,-225.9091,73.0235,136.1116,306.9194,432.4651
81.4156,2.5105,182.7092,127.5486,327.0938,383.3469,218.6457,450.9764,1.9926,175.7829,120.4374,-4.8672,48.1963,-19.1163,-51.9128,104.7386,97.3993,344.8413,482.5978
51.2794,-6.8254,102.3500,112.3711,266.8423,473.3389,249.3478,443.0847,16.6674,222.0870,91.5000,-29.8504,27.7522,-17.7755,-43.7158,89.8828,51.7240,322.1395,436.3911
41.7431,-49.2688,46.7736,62.5130,181.5693,440.3301,236.5899,403.2570,98.1153,223.0127,56.3761,-15.1895,7.1288,13.4910,-127.9714,67.6358,35.3190,221.3336,397.6714
15.7434,-93.4488,27.4490,16.3266,118.8688,393.7370,203.3631,385.0254,199.6702,178.9211,5.5953,30.3837,-39.8231,109.4622,-140.8235,60.3872,51.6898,135.0650,380.1936
-5.2180,-112.2855,7.0959,15.0077,54.2823,380.5689,156.8650,359.0076,155.7991,129.0953,-34.5453,93.1367,-125.7393,177.8646,-102.1807,54.5518,87.7902,110.2861,323.6483
10.8027,-148.4891,-11.0531,31.2928,-15.9121,339.3959,85.0342,293.4750,13.4879,56.5979,-14.9989,97.4674,-162.2297,144.5845,-93.8011,18.9809,119.5610,82.5587,222.0259
14.4382,-209.8892,-1.7405,39.5190,-42.6828,226.1682,6.0191,188.9935,-83.1653,-55.7990,26.4915,34.1300,-111.5897,85.8768,-103.8886,-13.6343,98.8664,17.6716,112.9590
-38.1078,-210.3380,8.0251,20.4619,-14.1481,40.3064,-19.6017,54.6658,-84.9949,-148.3983,14.3612,-2.8900,-59.9091,62.0267,-100.1654,-6.0171,13.9205,-49.5243,16.8913
-105.0771,-146.3819,-19.2843,-64.4159,28.4343,-184.3991,-2.0300,-86.7250,-49.8294,-199.0913,-17.3663,0.5771,-39.8234,12.8926,-96.0548,-17.3351,-77.8373,-99.0930,-59.0095
-133.0594,-122.5089,-62.3627,-171.2248,66.7046,-352.5657,-18.7816,-198.2126,-59.3035,-245.9877,0.1807,-37.1876,-10.5843,-80.0757,-114.0701,-85.4513,-130.4086,-110.7829,-124.0967
-107.8932,-162.9148,-74.0796,-193.9431,110.7234,-390.0688,-76.0282,-269.2134,-88.0336,-269.1732,31.2242,-110.2063,3.3203,-157.0057,-143.9324,-133.9329,-152.8961,-59.3986,-199.0767
-63.4141,-228.7752,-51.4450,-159.9479,139.7642,-349.5745,-142.1641,-325.6297,-67.7966,-240.8943,14.3914,-130.8584,-35.0021,-227.0450,-149.2908,-121.5090,-167.4379,-0.9219,-260.3288
-84.7534,-319.2634,-44.5409,-194.3178,103.8381,-323.2537,-234.9952,-374.7467,-47.6426,-207.9810,-43.0614,-117.9048,-98.3589,-319.5008,-127.0218,-110.5863,-201.0527,-18.7312,-262.1221
-192.7817,-391.7193,-94.3367,-301.3113,-10.1334,-299.6771,-334.2867,-384.2191,-56.7055,-186.9391,-113.8302,-182.1459,-176.5188,-347.8473,-116.4984,-133.9504,-275.8941,-78.3718,-232.9256
-284.7887,-386.6326,-170.4303,-380.0670,-141.9429,-207.4212,-372.2747,-340.9958,-2.1083,-128.1891,-172.2083,-294.5003,-267.3849,-250.4424,-123.4477,-151.9955,-349.1747,-79.7080,-229.5322
-307.4812,-356.6004,-206.5455,-374.4344,-214.2936,-51.5844,-358.2045,-268.5780,110.3840,-32.9376,-191.6122,-289.5871,-316.1776,-143.6714,-123.2638,-132.9353,-343.3067,-3.4296,-216.9706
-315.4685,-348.6103,-189.0780,-287.2773,-221.0427,85.1918,-337.6684,-176.0607,176.1335,42.8424,-186.8053,-165.0578,-312.7922,-125.9239,-132.1518,-88.7132,-252.6369,88.4838,-138.6610
-302.4688,-288.3141,-146.6687,-155.6172,-212.2226,155.9067,-301.4464,-75.3524,206.6643,69.7502,-178.3942,-88.2804,-322.9312,-113.7077,-167.1863,-67.1279,-126.3747,129.0654,-43.9150
-213.9080,-148.6158,-79.9337,-37.8626,-218.0069,179.0352,-268.2280,-27.4673,219.7339,37.8497,-143.9529,-62.3423,-362.0041,-50.6775,-199.8923,-106.8317,7.1887,102.5008,-17.7128
-90.5253,-18.8819,10.0320,42.4232,-263.0560,162.5948,-306.6813,-67.1571,146.7082,-45.1563,-88.7868,37.5097,-396.1583,-22.7804,-223.9732,-172.3578,106.6026,59.9944,-67.3280
0.2505,53.7540,64.7030,89.0975,-373.3747,89.4494,-397.0300,-129.0626,42.7735,-112.4165,-55.5881,140.1148,-415.9202,-42.8615,-255.3013,-188.5646,103.7104,34.2595,-141.1956
40.8722,85.5432,28.0959,82.5418,-483.6305,-22.8005,-424.9523,-142.5264,31.5403,-101.3333,-40.4707,108.1964,-397.0002,-42.0048,-260.1583,-144.2379,1.4776,-18.5127,-179.2330
-0.6853,64.9891,-68.3008,22.9867,-477.7804,-128.9817,-349.0203,-130.7489,67.6073,-63.0215,-33.8754,17.2212,-320.7244,-85.7309,-207.4847,-108.6843,-111.1938,-101.4222,-159.7773
-117.4323,-15.1841,-136.7093,-43.4363,-364.2647,-209.3594,-255.7607,-147.1180,77.1458,-93.4145,-65.0733,-35.3395,-243.9156,-229.5579,-133.4318,-148.6188,-171.3292,-126.6068,-134.7668
-205.4099,-104.5435,-125.2136,-86.2998,-231.9294,-253.3451,-213.9813,-176.9060,102.0401,-158.8966,-102.1211,-85.2169,-202.5756,-303.6590,-76.7634,-236.2503,-179.5594,-67.9994,-134.4254
-209.2121,-132.5394,-56.2426,-92.3476,-83.9788,-217.7923,-172.6307,-146.3966,135.8534,-139.5504,-72.5444,-106.8036,-148.3041,-211.1699,-43.0568,-263.5233,-147.7963,10.4185,-81.6242
-179.2997,-88.0779,5.0093,-50.9927,83.1406,-60.0921,-84.2070,-12.2106,117.4138,-45.4917,-11.0392,-58.6523,-74.3778,-133.3765,-39.6409,-189.4269,-95.6378,97.0629,67.9892
-153.4721,-56.7247,15.9700,-7.1703,188.5652,178.7080,-6.8999,172.2462,78.5809,12.1119,13.9514,-53.4655,-20.7455,-146.7184,-54.9132,-95.3803,-59.2172,208.9418,226.4684
-140.3609,-105.5399,1.8566,-16.5607,222.6710,366.3424,34.7011,302.5013,90.2863,37.6368,46.6176,-123.3430,41.7376,-87.8806,-53.2282,-44.4206,-40.8395,291.3047,324.8138
-141.5439,-158.7600,21.4343,-35.3680,266.5348,413.8162,92.1837,327.1783,166.2332,88.5839,125.1399,-101.2508,120.4588,41.7756,-38.9946,-22.0161,3.6986,304.2461,378.6763
-114.9778,-123.9775,78.8265,13.1254,289.9407,376.6500,113.2535,268.2844,244.0560,96.2586,161.4249,35.6491,110.0155,55.6581,-45.9253,-26.9970,90.0592,286.1304,367.9291
-47.8940,-37.8750,107.8913,112.0613,205.7593,333.8830,13.4968,170.5535,204.6985,3.9268,94.0428,115.3511,-15.0999,-28.9404,-66.7480,-60.9896,176.9643,256.6868,259.1448
-1.0396,39.6764,82.4468,201.4913,78.5690,262.0377,-104.0573,67.6353,49.8305,-98.0117,15.5346,116.2767,-107.9819,-50.9896,-71.2202,-77.6630,241.0222,208.7260,106.9221
15.8349,94.5712,80.0026,272.8404,4.1436,143.0861,-139.0038,-35.0537,-53.5001,-146.6870,31.8936,151.3949,-92.1600,-22.4606,-64.7698,-59.3958,296.4936,170.8403,-28.2334
37.8827,92.2338,150.0109,337.4523,-74.7931,42.5180,-192.2546,-134.4868,-76.7154,-167.9698,99.2954,203.2312,-70.2452,-39.5506,-73.2921,-42.5495,316.5206,145.1340,-145.4620
41.3777,52.0205,206.3190,361.3991,-193.0312,-21.8351,-282.9135,-181.9601,-143.9082,-150.6730,109.1772,181.1373,-97.1231,-84.6668,-88.9993,-40.4079,253.9521,86.4169,-214.5328
34.1467,75.3692,174.6417,292.1707,-211.6036,-109.4810,-254.0119,-150.2729,-190.5236,-116.4607,76.1071,82.8953,-75.5112,-117.4580,-75.2346,-50.9635,161.8019,17.3138,-192.2610
71.3760,147.8696,137.0525,168.1658,-39.5053,-215.4995,-120.2238,-116.9162,-100.5633,-156.4868,99.2533,-35.4216,54.0883,-161.9532,-36.2852,-79.4030,152.3572,22.1018,-121.1793
90.9752,149.2027,194.3801,129.1757,202.3874,-257.6626,-48.2430,-140.3309,-36.9821,-228.8726,171.0708,-103.8902,209.3958,-215.3227,-29.3378,-97.2450,228.2416,116.5128,-60.0604
18.8811,90.6360,300.9490,215.8164,371.1789,-178.2531,-30.0392,-137.7302,-137.1566,-197.0085,202.4132,-78.3948,294.2107,-210.5575,-69.5057,-77.9062,287.3251,241.9759,6.7966
-39.4336,62.7493,344.5658,273.4772,462.6971,18.3213,22.4002,-26.5856,-214.6827,-78.9438,186.8842,-19.5662,300.0059,-118.6846,-99.4500,-32.9277,269.2249,345.2316,96.7990
-12.3424,45.1463,286.1488,195.9642,509.0060,249.5948,77.2956,138.1373,-126.1056,28.3914,160.4427,-19.4793,271.6058,-24.5218,-89.6801,46.9867,190.0839,397.0207,177.0234
-19.2494,-9.1339,170.9897,82.7580,497.1884,393.9168,112.2879,258.6101,-2.3782,113.6772,110.0163,-56.1844,246.3216,-21.7518,-64.8879,158.3060,93.4336,383.2150,223.1232
-100.7497,-74.1747,75.0618,24.6239,430.8308,414.4818,148.3991,297.7508,48.1360,155.4751,49.5178,-61.4732,210.7622,-55.7117,-32.2961,224.5851,25.5876,294.3115,235.6304
-137.6370,-130.0897,28.4575,-31.9814,326.6964,356.0324,139.5364,272.6445,63.2489,123.3296,19.7929,-51.6463,118.9720,-14.1580,-6.8901,217.0589,-5.4537,128.4774,208.8064
-104.8636,-177.1708,-13.2225,-118.0134,176.0533,237.7800,74.4326,232.4453,58.0819,89.6848,-0.2832,-56.6440,0.5245,66.0523,-49.4814,199.1515,-34.8712,-59.4951,146.6416
-78.1323,-207.3317,-65.8210,-172.5739,18.4468,85.7514,25.5181,209.7845,12.7009,101.5963,-16.6572,-39.6716,-39.2803,81.7273,-160.7076,179.6296,-68.0807,-177.9241,79.8265
-73.1380,-227.3585,-69.1021,-171.6437,-56.7119,-26.3707,-6.8117,193.0061,-49.7324,100.7733,19.9979,4.1764,6.3635,61.4811,-235.2694,132.9715,-78.3569,-211.8320,40.0606
-92.3114,-213.9623,-20.8921,-154.9935,-48.7977,-72.8453,-58.6052,189.2884,-98.4913,87.9292,76.2765,8.9365,36.8000,76.4053,-209.6611,112.6248,-76.4511,-215.9955,37.2893
-154.8516,-133.3569,-16.3742,-153.9698,-23.6023,-91.1254,-77.4821,224.0206,-125.7464,109.9446,71.4283,-28.4732,44.5125,87.4258,-147.7040,137.1128,-97.0976,-211.5040,60.2986
-213.1976,-76.7964,-89.8579,-187.6691,19.9945,-114.1109,-34.9944,261.2491,-112.2986,127.9705,31.3313,-39.7335,98.6742,40.4964,-126.3359,133.7998,-159.4425,-211.1433,91.3255
-218.1190,-154.1454,-169.9201,-268.7928,74.2889,-180.2994,8.5510,252.9612,-39.1811,119.3351,1.5237,-43.8582,160.8007,-20.8726,-132.4598,102.3666,-272.5574,-250.8046,115.1795
-208.6526,-271.5170,-201.6209,-364.4424,59.6788,-284.2784,28.1261,219.3132,42.0325,126.5476,-35.8910,-109.1543,163.6560,-27.7304,-114.5597,96.2709,-387.8242,-293.8440,114.6826
-220.4975,-288.4247,-188.4825,-404.1944,-3.6469,-315.2147,39.5121,178.7563,44.6255,114.9749,-56.3913,-171.7841,158.2434,10.2346,-73.6372,79.3783,-398.5091,-261.6877,87.0846
-227.4318,-259.9323,-164.4702,-365.2243,-6.4147,-219.9648,32.1393,118.0136,-0.5507,27.3826,-50.0251,-130.4415,173.3913,21.5147,-55.6709,23.6850,-304.3165,-191.1566,64.0720
-212.9045,-283.2222,-183.9777,-316.3373,16.7130,-93.8375,12.9045,76.3204,13.9755,-68.8661,-110.6192,-44.4760,128.5841,5.3309,-77.0233,-5.1426,-241.1630,-170.3706,76.5620
-191.2647,-322.1360,-250.7762,-321.1699,-32.6478,22.1667,8.2614,114.8804,52.1804,-86.7894,-229.6844,-13.8525,18.1679,65.5914,-106.4578,15.2341,-258.3131,-170.5362,116.5238
-177.1939,-334.7262,-285.2944,-338.7152,-102.7307,169.5356,7.0646,208.8486,2.9568,-42.2009,-252.0983,-14.3281,-53.4435,200.9093,-116.1074,41.1234,-265.5357,-131.6254,157.3291
-175.8609,-350.0022,-255.1455,-314.1661,-136.7712,269.6713,-11.6041,266.6154,-90.7306,1.2503,-176.0270,-8.3740,-53.9428,236.0135,-115.3490,68.1399,-232.8275,-102.3489,165.3800
-164.8368,-365.1942,-232.3240,-289.9326,-195.4869,212.7430,-48.2130,219.5264,-149.6650,-9.7732,-146.8161,-16.9634,-38.0049,130.9185,-140.1450,93.6262,-221.7181,-138.4836,98.7302
-114.7933,-330.2307,-248.6883,-303.6929,-258.1143,70.5346,-88.1889,84.6385,-200.9066,-62.3403,-164.7878,-29.9887,-31.3179,72.1369,-194.8232,87.4394,-239.2785,-187.8254,-26.7278
-57.9959,-236.3943,-244.7253,-300.6989,-214.9613,-25.6873,-82.0414,-31.1832,-212.1276,-60.6979,-141.7566,-31.3571,-21.1802,111.1850,-200.8396,71.9700,-246.3764,-178.3994,-112.5690
-65.4466,-153.1879,-206.2950,-253.5164,-100.1808,-53.5378,-1.0228,-54.7341,-131.1722,11.1525,-103.8995,-42.6326,16.6226,97.0235,-100.3407,77.6297,-246.7358,-130.3478,-109.9541
-135.6664,-161.4289,-196.2977,-210.4435,-37.3778,-46.3500,88.2630,-48.4909,-87.7840,24.5757,-99.5170,-40.0051,93.0214,29.3702,7.9905,52.5493,-249.8166,-128.0512,-98.7355
-186.1147,-238.9029,-226.3672,-184.9218,-39.3539,-59.7486,117.1441,-91.6386,-170.6258,-73.5904,-103.1015,10.7841,151.3530,47.6359,9.2163,-40.9852,-235.3270,-208.5776,-155.2215
-173.0467,-279.9644,-222.9981,-154.7135,-60.8212,-144.3943,103.1124,-155.3397,-239.7290,-168.9684,-90.1387,52.5375,125.6647,108.7503,-31.1074,-123.5080,-203.4890,-303.3497,-240.6150
-134.7396,-246.5614,-141.0364,-129.4530,-97.4510,-238.9500,72.1723,-186.1417,-231.8614,-173.3682,-51.2474,37.3255,57.7251,76.6300,-24.0961,-99.4393,-175.2723,-326.9232,-285.3711
-92.1271,-176.5217,-33.5439,-111.8612,-154.0146,-243.8577,22.2037,-191.8346,-245.7029,-134.5179,7.3181,1.5235,23.2072,2.6377,-40.5073,-17.3526,-148.2898,-296.9007,-289.8807
-17.4317,-95.5908,21.6642,-92.7931,-231.8694,-191.2541,-34.5010,-201.4410,-276.4236,-148.8518,32.9850,-43.8818,1.5269,1.4455,-123.8788,-44.8698,-117.2076,-286.9879,-290.8460
58.9360,-71.5877,21.4007,-103.2193,-322.7687,-161.1562,-95.2187,-224.8712,-282.0323,-237.2065,9.8411,-102.8059,-58.4123,30.1025,-168.7820,-223.0362,-105.8572,-311.1186,-295.8605
53.9400,-186.8769,8.7924,-154.0905,-398.9756,-152.0529,-161.5918,-239.8945,-313.3361,-293.9025,-9.1453,-112.8963,-141.7689,9.6492,-136.7317,-349.7354,-128.6209,-350.3745,-285.8262
-21.0141,-334.7693,-17.7864,-193.0399,-477.9742,-161.0094,-192.8061,-211.5953,-331.6874,-232.1585,-17.4947,-59.1607,-212.9682,-27.8251,-119.3272,-283.6976,-153.5059,-415.3112,-253.1469
-77.4471,-317.1856,-82.5472,-198.5525,-606.9767,-209.8196,-182.1091,-162.4932,-267.4137,-149.5973,-43.3925,-20.2175,-267.2335,-45.6957,-146.3419,-190.4120,-145.0932,-485.5275,-221.4045
-91.1335,-176.1929,-151.8881,-195.5325,-740.0562,-256.5982,-205.6951,-151.2333,-233.9576,-162.7383,-62.6662,-5.6123,-312.6230,-66.2852,-174.3569,-234.8667,-116.1250,-483.7069,-218.3228
-81.0059,-101.1731,-172.4721,-179.3899,-781.6400,-248.5904,-285.2304,-165.3584,-305.6272,-198.9057,-71.6931,32.8648,-344.1699,-71.7198,-203.4424,-299.9248,-107.0954,-393.5902,-231.2167
-51.4882,-100.2572,-155.5943,-151.0991,-728.5952,-214.0385,-329.9362,-149.8733,-352.2577,-170.6716,-97.2708,44.8349,-328.0187,-35.1220,-240.4666,-264.0125,-139.7564,-305.0581,-218.1026
-37.2055,-80.4970,-137.0299,-146.5217,-623.5626,-196.4213,-270.9960,-105.9541,-311.3260,-139.2573,-83.0767,-25.4908,-227.3818,-35.0349,-253.4825,-213.6105,-198.8022,-269.9173,-165.5754
-50.1259,-57.8985,-100.9953,-149.1850,-456.7214,-186.7475,-129.3776,-61.7116,-244.9255,-140.5280,15.5487,-92.3378,-62.5323,-128.2377,-220.5014,-203.4858,-229.7840,-216.4225,-100.9262
-20.3187,-49.9197,-19.3007,-97.8730,-217.4717,-161.8719,41.1062,-23.3680,-153.3956,-116.0594,104.8388,-76.8012,103.1507,-199.0639,-138.5867,-172.0825,-177.3590,-83.2265,-45.9000
55.5650,-2.6520,82.5354,6.9647,39.8658,-117.4351,188.8133,6.2014,-52.3060,-75.2978,120.7717,-47.1642,228.2533,-149.4949,-28.0099,-138.1069,-61.7528,69.8661,0.7165
76.2982,69.4605,156.4444,116.8315,218.7609,-62.8113,273.2007,32.2077,-10.9760,-73.5222,131.3260,-51.6327,293.8535,-68.3429,51.2963,-149.2487,37.1287,162.0900,33.2281
48.9085,108.4965,194.1339,195.6605,257.3549,-11.0447,287.4907,59.2872,11.5361,-76.2285,165.9379,-5.0338,290.6265,-43.0464,80.0734,-129.4104,87.1622,186.6658,37.3729
84.2971,139.3959,217.1798,202.9127,197.1955,31.2682,263.5974,67.7326,75.0230,-34.9474,180.0498,97.6300,241.5773,-43.6738,115.2598,-35.9950,104.1422,151.2477,23.7369
170.5219,177.5523,227.7923,124.7761,116.9810,58.8717,235.0767,64.5388,107.8966,10.7802,176.2981,85.4776,172.8323,-52.7806,170.8506,22.8902,82.4102,56.5359,22.9292
205.6673,153.2565,203.0690,30.1832,14.0389,65.8510,192.0182,78.0747,77.5873,14.0810,164.1967,-77.9062,63.2209,-57.0379,189.5471,0.7965,42.2653,-51.1321,37.1623
174.9443,57.6442,130.6439,-15.9099,-136.0889,53.5978,111.5864,66.6305,59.6396,-10.1917,114.3199,-168.3772,-108.4257,-5.2488,151.1617,6.0287,46.1229,-135.5434,30.1875
126.7697,-15.9962,36.1033,-43.4708,-288.8123,18.9854,24.9835,-10.3580,63.7982,-32.8182,60.3104,-88.2077,-284.2173,51.8510,79.4186,80.6222,68.4919,-223.5995,-17.3090
99.0765,-24.5929,-22.6666,-92.5745,-407.1670,-37.5325,-33.7116,-78.5731,54.4072,-43.0757,78.6167,-21.8498,-362.8818,26.5811,-5.9215,117.3636,16.2190,-306.4933,-78.6392
114.9444,0.0303,-3.4224,-131.9238,-485.2800,-87.9285,-93.6441,-84.8466,60.5145,-37.8640,150.2814,-49.0657,-320.8416,0.9781,-61.6145,60.7647,-74.9541,-330.7324,-129.6815
151.8489,45.7932,61.0348,-129.4918,-475.7263,-120.9228,-154.4346,-100.3992,92.2358,-28.6345,191.9528,-41.5432,-245.6400,38.1915,-52.6938,-2.2316,-83.1901,-327.4163,-176.5424
161.0802,96.4101,84.0909,-106.2184,-363.0166,-168.0349,-157.6745,-157.2128,107.0190,-33.9365,177.4485,5.6454,-209.0678,6.9178,-21.3099,4.0501,-23.3007,-353.5678,-206.1231
134.9049,94.0982,40.8586,-82.9859,-219.9742,-224.7997,-117.1654,-185.7298,111.6591,-28.8393,141.6153,-4.3334,-165.3423,-104.2068,-8.8766,53.7327,-3.2612,-353.1075,-180.2786
87.7458,31.5074,10.7772,-61.3337,-81.3529,-242.1504,-82.1685,-158.1366,141.6122,36.1335,120.5053,-25.1796,-59.0634,-111.7409,18.4708,109.6912,-38.9970,-276.6469,-118.5498
41.3225,-11.3761,52.0685,-50.8969,60.1234,-210.9504,-19.6340,-110.5139,156.8725,119.6969,119.5489,-8.0012,49.9427,-29.6601,77.4039,167.6255,-78.7138,-193.6087,-94.3404
45.1502,22.8201,110.4698,-34.5298,148.2067,-133.6942,63.4979,-68.6961,87.3623,116.3039,127.4530,-15.4917,89.2250,-26.4425,123.6948,197.3099,-79.6892,-135.6817,-113.6768
105.4657,110.1502,124.3283,42.0378,157.1469,14.5030,73.1515,-47.0724,-15.7767,51.9727,147.1874,-16.2357,94.3264,-59.4846,137.0817,169.6832,5.8209,-50.7351,-109.1978
165.6985,204.1522,125.4174,167.7883,159.0370,190.4737,37.8292,-31.9005,-5.4199,58.6012,163.3947,66.7745,114.4857,-21.0105,128.0730,139.1396,162.3837,34.9617,-64.1471
207.7113,264.2698,150.2691,246.9216,173.4985,298.9734,70.7511,16.4258,109.9743,125.0917,118.4566,137.3899,121.6640,25.0787,94.9345,177.6838,263.7722,58.7361,-22.0807
224.0314,247.8578,156.3177,242.4003,150.2465,340.1344,130.5157,77.4193,140.5465,131.1601,16.2371,103.8769,89.1427,51.3551,66.6377,249.5325,243.3163,60.8347,2.9386
165.5082,168.9706,111.5542,210.7256,87.5505,359.9356,129.5602,87.6471,59.8715,87.3624,-45.9823,65.5635,37.4919,115.0363,89.4066,257.0915,196.1049,66.7930,17.9957
74.4949,124.5291,57.1790,174.3080,-17.0205,324.1912,107.0292,45.1906,47.1093,68.8385,-42.8206,97.5321,-27.0881,131.3017,115.6332,181.8594,202.0455,3.7552,7.5014
70.3071,159.6911,24.8488,118.3503,-181.5936,209.2631,70.1088,-10.9531,106.6396,45.8585,-48.0769,124.6628,-109.5850,12.9908,54.6359,102.5536,215.4246,-127.8596,-34.0470
129.6110,177.4495,7.2049,81.6696,-318.2462,71.2343,-43.7295,-62.9869,75.6926,-5.0113,-54.9400,80.3893,-167.0801,-91.8877,-51.5042,89.4775,189.3940,-229.8068,-104.5889
145.9259,109.9817,12.0961,90.8176,-327.6966,-67.6189,-179.7891,-117.6110,-42.0686,-37.1910,-2.2800,-4.2556,-147.4836,-39.9481,-85.6873,118.2463,144.1984,-287.4547,-230.3092
136.8928,69.4237,31.9280,92.5978,-263.5804,-221.8810,-242.6196,-218.6206,-152.4278,-71.2084,49.0047,-26.8677,-72.0918,58.6961,-64.7568,108.9690,106.9163,-344.7080,-392.9718
144.7562,152.9065,14.0710,67.5727,-191.4457,-337.6710,-253.9586,-373.7097,-240.2049,-144.2296,8.3226,74.8068,-2.8775,60.9284,-85.4613,55.9818,92.7411,-362.7209,-482.9049
121.7745,241.2243,-46.9732,68.4254,-70.5288,-345.6121,-231.4783,-451.4503,-237.0878,-172.2287,-71.9451,178.4696,57.6196,37.4822,-117.0181,48.9938,99.0208,-294.0468,-434.3571
60.0450,194.7387,-83.8574,91.5607,90.4538,-253.0500,-138.5535,-343.3708,-106.3385,-89.0751,-102.4852,144.1850,146.9962,122.7408,-66.6726,120.7810,86.2839,-180.3492,-312.6472
7.6830,70.7083,-63.6507,75.7248,199.0033,-106.5587,-19.5785,-159.8766,-17.3295,18.5180,-86.9828,79.3689,230.2869,255.5595,22.9833,180.1896,41.7790,-74.1969,-191.8879
-38.0560,-32.7159,-16.2372,23.2664,234.6309,39.6830,57.9931,-43.2207,-37.4902,57.5529,-53.2734,109.8595,227.9069,274.2489,54.9308,162.2227,9.9647,6.6988,-66.1133
-80.6297,-109.0403,10.7112,-19.8906,242.9889,127.9706,124.6786,45.5934,25.1065,48.2714,-26.8903,117.4560,156.6148,215.7210,54.8728,121.9601,-12.1317,44.2212,76.0734
-85.3384,-104.7950,-37.6549,-47.9093,230.6030,154.3917,205.7440,169.9376,200.3457,55.5337,-60.5284,38.5454,100.8089,229.5226,86.4184,118.4163,-71.6461,47.8604,205.3404
-48.4436,36.6099,-145.0957,-65.0903,182.7074,159.5749,253.8215,266.9679,284.0267,107.7495,-137.5132,18.5965,69.1269,243.2893,121.7117,126.6533,-118.5655,54.1760,292.6306
10.2285,153.2035,-185.1563,-58.5069,110.5981,139.0356,250.0349,264.1216,257.5045,157.1096,-154.2048,56.8936,30.2820,105.4099,132.7263,105.6428,-73.7944,51.2661,319.4169
57.1436,49.8098,-117.7503,-43.6926,48.8600,61.1931,228.5544,175.4786,268.5031,118.5803,-93.4971,-3.2287,23.0854,-70.8111,159.9165,55.3406,-9.4988,7.5212,275.5664
37.3268,-139.8627,-77.5445,-55.0463,28.0548,-49.7523,209.2090,62.7434,300.5361,-0.9559,-46.4342,-108.6939,81.1109,-127.5176,202.4164,-2.4151,-33.8037,-50.3938,183.8228
-12.3170,-142.3755,-120.2120,-84.7679,21.6534,-142.3717,169.8990,-22.5463,237.1862,-96.2146,-38.9744,-99.4934,139.4448,-146.2934,190.6616,-39.6113,-97.9462,-97.7485,84.6762
18.7738,25.1422,-136.8679,-93.0692,-27.4878,-198.1181,75.9421,-73.3237,96.9182,-106.8282,-24.0075,-21.6584,131.7140,-177.6570,110.0694,-43.2237,-115.5381,-155.7667,9.9372
92.9263,138.2985,-101.8879,-67.1056,-96.5379,-205.1796,-37.7939,-84.6052,17.5886,-53.9293,-3.5960,16.7233,85.4836,-118.8812,21.5689,-38.2038,-100.8478,-192.1808,3.9594
89.5655,121.2748,-92.3798,-24.5408,-104.1923,-142.0162,-71.1835,-13.6264,71.5631,25.5012,3.7356,45.1171,62.1164,-15.0781,-40.0709,-40.6752,-63.8037,-127.1453,96.1284
52.7877,70.4033,-87.6574,22.0036,-38.0174,-25.2281,-19.6576,117.8710,142.4309,82.4646,28.3641,92.3870,78.3543,4.1416,-84.1257,-18.7469,13.4957,12.9312,217.4243
59.0560,56.0594,-43.7019,58.2434,42.6028,83.1114,10.8616,192.1329,93.8411,69.9592,69.9059,111.2030,99.5732,3.5034,-105.1344,33.2171,71.9387,112.2787,254.8214
39.7229,58.7161,-22.8406,57.2418,83.1195,137.6956,-7.7349,168.8131,19.5812,1.8590,64.9251,99.9503,73.3238,45.7775,-89.5180,51.9080,64.8701,141.4258,205.9553
-7.6518,55.5745,-42.9779,40.9926,62.1274,145.6579,-30.2705,123.3486,54.0573,-62.0313,-0.7434,104.7893,-13.9724,25.7999,-63.4738,10.2489,68.6519,170.4837,151.3626
54.9930,105.6626,-15.9506,102.6320,12.3442,139.0423,-77.7828,91.1772,91.4840,-76.0113,-46.7179,121.4180,-112.2423,-50.0183,-70.0428,-27.3366,141.0877,241.9797,105.5265
237.8854,266.9023,79.9643,272.5826,-2.8530,136.7251,-152.1707,63.5722,24.1016,-37.2942,-8.6762,117.7039,-164.5685,-41.5863,-100.5039,-18.0477,231.6829,335.6838,46.8139
387.5420,418.4181,178.5590,434.1197,18.9662,130.7158,-164.2637,67.1805,-40.2311,8.8422,67.3507,114.2245,-168.4005,23.2890,-101.7706,-6.4543,305.7569,406.8918,25.7739
405.8631,372.5629,244.3363,474.8494,28.8558,104.2071,-97.9035,102.0235,-27.2160,21.7783,95.4050,150.9879,-151.2124,25.9154,-57.4942,-28.5411,365.1916,411.9517,88.2381
311.7429,199.6135,267.9091,424.4588,25.8313,60.3583,-35.1287,119.2686,8.6186,22.3886,79.6997,192.9994,-112.1202,-3.6214,-10.9639,-50.0162,365.4100,342.1390,167.5783
200.8941,140.7220,236.5067,356.4670,41.5345,3.7540,6.3516,100.3727,54.4857,38.3325,80.9476,172.7997,-33.1784,-1.2240,1.5561,-38.4328,282.4224,224.6686,171.1012
178.9876,198.0058,158.5690,272.2788,66.0906,-88.4000,45.5763,53.0359,89.7811,54.5986,86.9099,119.1448,62.1931,12.0563,-10.2845,-14.9551,173.0325,84.3294,99.9385
209.4276,174.0462,47.2328,150.9518,72.2540,-199.6658,40.8357,-2.0814,52.3979,67.5141,57.1207,106.9061,122.9737,38.8221,-25.6368,-8.2444,72.2366,-42.5222,28.4924
154.5952,59.9917,-71.1878,19.2854,63.6962,-226.8015,-14.1844,-2.5921,-9.0271,85.9164,32.8798,114.9693,140.9776,98.0641,-37.1030,-17.8297,-32.6502,-99.6926,25.1504
30.0164,13.0984,-139.6181,-69.4919,61.6869,-117.2369,-47.4368,76.7086,-23.9781,88.7361,41.5725,90.3018,138.1938,135.9772,-40.2417,-35.3440,-113.5009,-85.0070,89.7915
-16.3263,58.0101,-158.7455,-92.8573,74.3936,33.6213,-36.2658,172.3922,-42.3063,89.7235,21.0848,62.9000,114.2680,119.6721,-36.6988,-49.6132,-135.6153,-54.3620,153.0344
32.5250,106.3830,-193.3193,-90.9238,84.6331,136.5218,-23.8759,248.3221,-73.8540,152.3297,-28.9956,63.9760,79.4244,114.5832,-38.8004,-35.0938,-142.1579,-26.2844,173.6541
56.5768,115.7775,-228.2339,-122.5729,68.2302,204.0300,-22.0170,317.0440,-56.9164,257.7019,-28.3320,65.5062,60.0843,155.8605,-45.6132,4.1143,-186.5071,4.2893,179.9886
7.5146,70.3394,-200.4161,-179.4871,20.3087,219.0065,-14.5938,334.8682,-16.2637,304.6313,0.4129,58.0583,27.5763,167.2712,-27.8458,9.9924,-239.7617,-6.0473,172.4968
-40.2884,-7.3780,-161.9664,-204.6388,-55.7011,126.6464,-1.6996,258.1923,31.7629,269.7281,-25.6218,42.2097,-52.5252,97.6196,37.6070,-27.3302,-248.5814,-75.5009,109.4198
-19.5198,-28.5381,-197.4758,-194.4269,-148.4151,-22.2582,13.8912,143.2665,124.7600,214.8854,-78.6225,-11.5026,-121.7334,25.2953,119.8971,-16.6519,-223.1004,-131.9657,9.5159
23.0703,4.7709,-255.0092,-185.3918,-212.8432,-131.8508,21.9156,50.9045,158.9119,163.8598,-100.4700,-78.1188,-126.4896,16.1887,150.3660,72.4718,-196.6678,-121.6001,-82.9754
0.1616,-12.6526,-237.0186,-154.5550,-221.3882,-204.5576,-14.9073,-42.0107,29.1289,95.8558,-100.0256,-79.6380,-116.9848,-5.5972,104.3060,118.1372,-150.6707,-80.2649,-194.9056
-43.8774,-35.1756,-146.9838,-56.1341,-221.1194,-279.9193,-115.7989,-170.6085,-104.3874,13.1938,-70.3623,-22.8741,-130.6524,-92.2079,40.6397,53.3942,-63.3553,-60.9941,-338.4544
9.9710,72.0840,-46.4660,53.3050,-245.7373,-363.1649,-226.3053,-315.8570,-96.7976,-58.7961,-12.4021,10.9824,-134.3018,-144.0632,26.8900,-9.0057,5.3507,-84.3348,-440.4000
114.0700,199.2103,24.4008,64.7560,-242.2800,-463.6042,-258.6924,-423.4303,-81.0475,-104.8033,7.8671,-2.5618,-116.1760,-124.6128,52.0635,2.2918,-13.4394,-133.3256,-463.8222
112.1674,140.8347,57.8119,-4.0501,-163.5676,-556.3252,-189.9465,-463.3093,-144.0037,-121.3695,-5.0908,-24.8646,-66.1688,-152.2697,62.9415,-2.5695,-74.3062,-143.2318,-446.9477
24.6312,-8.5090,72.9969,-31.8637,-29.1057,-553.9569,-78.2743,-465.0487,-158.2659,-97.8461,23.0242,-27.5650,52.1306,-225.1084,51.7757,-50.7131,-84.5130,-60.1572,-391.6021
-1.5691,-32.8557,91.1721,-0.1044,132.6957,-415.3629,20.6735,-444.5986,-83.3323,-25.8614,50.8445,-17.5112,190.0957,-182.0372,46.7775,-27.4454,-40.1123,88.6697,-275.0257
34.1871,30.4225,117.9040,7.4575,295.3635,-182.1193,100.1223,-352.3773,-19.2249,60.7775,14.3608,-16.1064,256.4091,-18.2495,56.6121,82.5628,9.7192,237.9210,-132.9215
29.2632,42.9748,156.5654,-3.1467,410.7770,88.4721,160.2216,-187.2664,26.0659,115.3048,0.8447,-9.4798,282.5262,106.4085,83.8128,145.7444,57.0509,342.2930,-6.5345
1.0325,18.2666,195.6806,35.1874,449.4352,321.7804,185.3929,-34.8824,100.6051,155.5672,67.0044,41.3430,324.2935,141.8999,136.0846,124.4218,109.6445,369.7034,106.4216
34.4862,1.9413,197.8459,69.7901,415.4467,445.6760,170.4514,75.8509,150.2067,217.2287,111.3540,101.3163,316.9986,139.8287,172.0745,118.5063,135.0299,312.7961,190.6098
94.1446,-24.0074,144.9882,5.9809,313.6884,462.2755,128.9915,175.8071,116.2419,268.1429,84.8424,84.3299,227.6471,112.7494,129.1337,161.7256,89.2342,198.9709,216.6882
81.3058,-51.5449,67.2836,-103.8863,166.6173,407.4431,88.1474,240.4689,78.9857,285.4341,55.4860,9.4190,142.5600,89.3140,53.2128,192.7206,-7.3981,67.0295,209.8735
15.6393,-57.7593,16.8205,-136.7960,33.8781,306.6036,78.0324,258.8056,140.6447,309.0294,53.7282,-23.0687,96.2773,119.6177,64.8977,186.0310,-56.4403,-19.7062,214.6283
0.2079,-34.1724,29.4687,-70.4529,-32.3820,220.1387,97.4283,286.2642,227.1145,317.4367,74.8441,-8.0921,54.0869,159.6077,152.6960,157.0482,-1.6801,-8.0962,220.3742
45.6060,46.3880,79.4506,23.3617,-33.5427,172.4039,111.1426,300.2068,181.3665,230.6948,117.3289,-21.4208,42.6706,118.6908,172.9057,116.8265,67.6051,26.5646,187.0453
65.1563,139.8613,89.3464,65.8315,-20.5037,77.3554,102.5825,217.8449,53.3600,98.7408,129.5380,-68.3826,81.8079,4.6336,97.3134,97.1192,48.7755,-51.1458,115.0385
20.8451,124.2411,38.5957,42.8674,-28.4208,-88.0323,98.4170,89.9498,57.1024,64.0843,88.9808,-93.2295,108.3481,-76.5544,65.7700,113.2087,-6.8360,-201.0901,54.0292
-31.3048,35.8526,-3.0449,26.4642,-15.1896,-196.7816,126.7606,25.5414,195.5283,120.6662,73.5751,-85.6528,107.3893,-43.5711,141.6938,104.9286,-3.1333,-245.4568,35.5858
-20.1933,56.0181,17.5338,66.5308,65.9663,-186.8421,166.0813,-17.2839,234.5173,129.8528,123.9424,-69.6949,147.8150,46.6002,209.4558,29.6226,47.2579,-136.8662,19.9944
60.8683,177.8994,87.0878,118.4119,163.4768,-124.9497,161.2304,-129.8170,109.5324,59.4754,186.7464,-39.6703,229.1693,58.8350,174.9161,-47.2559,103.1367,26.8914,-34.3721
133.7207,219.0084,162.6472,152.0478,210.7456,-26.9193,114.4375,-250.6785,26.4153,17.4338,218.1489,14.3478,260.3680,6.2448,100.1469,-48.2950,164.5384,183.5347,-73.2328
132.4270,154.6346,189.4678,181.2135,234.0879,130.1573,103.0330,-265.0343,99.8227,53.5835,201.0631,63.5191,206.9222,41.3881,77.8243,11.4717,199.1851,307.7890,-20.2120
110.7978,114.7395,154.0702,153.6371,259.9727,273.3031,145.4826,-212.7878,190.6199,73.0917,142.9599,79.0739,135.6760,147.8410,103.9666,62.5232,162.9010,339.0925,78.6914
131.9234,131.5923,114.0547,23.4117,239.1201,311.0079,160.8818,-227.4434,165.3858,1.6967,94.9488,59.1025,98.7588,136.0101,134.3812,61.5348,82.0370,255.8651,111.7267
127.8357,128.3867,82.5020,-113.6515,141.4072,254.6120,126.5604,-309.0184,92.0828,-64.9336,48.4555,-11.8360,54.3273,2.5172,161.8481,33.7042,6.3674,136.5439,70.4782
49.8998,67.7984,2.8175,-153.8033,-3.1623,171.1003,101.9602,-333.8257,95.2211,-11.1206,-58.3462,-128.4328,-48.3135,-60.3186,178.5007,30.2337,-36.3886,67.6342,34.9043
6.4157,6.4453,-76.3900,-129.3832,-154.3200,99.9213,69.3244,-295.5842,152.0550,83.5285,-147.6070,-193.7821,-163.4172,-20.2468,148.2461,32.0508,-17.4671,44.2493,24.4676
64.6338,32.8792,-30.8051,-105.4635,-256.7652,29.9869,-34.7537,-320.0922,138.1250,76.2192,-97.6242,-142.0881,-213.2437,-23.3917,70.2823,-0.4366,37.0015,1.8691,-19.0248
125.7021,130.6642,87.7914,-100.7705,-262.7236,-70.7242,-158.7270,-419.3299,33.0755,7.4521,-8.7760,-78.6998,-193.4534,-96.2409,6.2554,-1.8313,34.0996,-78.2297,-116.6976
118.9027,170.2722,109.9265,-127.7606,-194.4902,-195.1768,-201.0589,-482.2481,-30.7190,-8.1357,-33.9082,-109.5230,-134.1572,-129.0495,6.7001,78.8508,-39.3895,-149.7757,-210.7684
85.9899,119.5311,35.2737,-175.1395,-99.1115,-309.9122,-155.5028,-492.1028,31.2895,7.9755,-99.6294,-163.2895,-53.2556,-107.5443,51.5565,124.1477,-96.1386,-190.2835,-241.0382
50.3004,82.3805,-6.3191,-206.1655,9.0209,-405.7730,-77.1743,-505.7788,112.9344,0.0921,-85.9746,-161.0347,10.4707,-122.5074,84.3686,41.0950,-108.2701,-214.6529,-209.9309
8.0888,64.6322,15.8150,-212.6831,108.3985,-450.2381,-10.7523,-511.1960,95.0299,0.0930,-35.4003,-152.0819,32.2864,-177.8910,82.3396,-71.1704,-114.5329,-191.0309,-162.1247
-9.7526,-11.7415,52.9358,-188.4606,177.3729,-367.7619,24.6065,-488.2960,51.5038,17.4477,-11.8937,-156.2422,51.9410,-183.7780,75.1781,-116.2673,-103.6126,-76.4731,-122.3794
9.4659,-61.7586,87.0782,-118.6539,229.8867,-154.6141,50.6893,-450.5699,83.6919,17.0172,-2.6453,-116.7612,98.7505,-132.4477,90.3839,-112.8748,-55.0989,74.8462,-77.1380
34.5338,43.9996,93.8361,-44.1888,256.0113,92.8805,79.2515,-372.0704,106.9493,22.9156,1.4377,-47.6205,139.1137,-89.3357,104.8246,-72.9465,-11.7625,179.9646,-28.1101
40.2130,188.0177,44.4460,-6.1853,226.0431,294.8577,70.3354,-261.2331,53.1321,53.0316,-2.9824,-6.8738,139.9947,-24.4875,88.2966,-21.5117,3.2386,247.8847,-14.1167
23.4871,178.0186,-12.2776,29.9748,181.2169,423.4683,27.4664,-211.3262,41.2705,56.8227,-10.5294,15.9776,99.2257,107.7345,58.2217,-28.4221,26.8133,310.2025,-32.9821
15.0638,69.0302,-6.7815,68.7953,164.5396,455.6505,11.7193,-221.5530,105.0847,50.5204,-25.6755,37.6289,33.6788,180.0583,40.0761,-61.3846,64.9733,327.5147,-15.7162
57.0563,26.5772,38.7322,53.2147,119.4735,388.9640,13.0573,-175.1012,108.8405,106.3482,-40.2106,33.4794,-15.8076,82.5207,24.3354,-27.7434,82.5980,265.2433,55.8798
116.1062,63.8349,67.7356,15.6903,12.5034,271.1360,-15.0149,-64.5290,65.4503,168.8283,-40.6640,12.2072,-33.9775,-27.2160,-0.5304,36.9141,85.3816,171.3574,106.1097
128.0343,126.7538,90.1919,53.1049,-72.9292,164.2107,-40.7895,2.1011,88.7399,141.7561,-38.0774,6.6106,-57.8419,14.9798,-29.5687,54.3397,108.6403,112.4284,95.8687
125.8131,215.6915,130.9099,144.7388,-69.9483,79.5927,-40.9735,-11.4967,94.9834,85.2647,-19.3826,8.9927,-83.9685,87.3039,-58.1913,27.4381,141.4958,93.5529,67.9870
150.9299,291.4483,160.1551,193.0802,-4.6164,-26.7700,-50.5468,-60.2414,5.0627,81.8340,40.8036,6.6612,-49.1488,51.0117,-66.8597,-32.6925,137.9470,81.0339,43.0912
137.7947,286.1839,151.2120,190.3030,85.8337,-146.9438,-42.2373,-94.7782,-43.4554,82.3444,96.7963,21.5834,55.9157,11.8522,-28.3244,-81.5733,87.8051,65.5000,8.6534
63.0606,234.9554,122.4089,187.3642,174.2706,-183.7742,23.0072,-88.8604,-7.7053,51.2669,100.0569,66.3886,167.1653,64.5294,33.3279,-48.4320,26.0799,46.2085,-18.6456
22.8347,192.3700,82.9911,166.6227,216.2694,-127.2162,68.5601,-89.4342,-7.6760,29.1311,89.6904,108.5716,228.0417,107.3910,62.3874,-28.5211,-16.3402,-14.5280,-23.2099
45.7206,124.8930,28.7635,72.0087,194.3752,-99.4118,49.8256,-151.9107,-12.4868,10.4842,95.1566,106.7850,222.6079,81.5780,66.3578,-135.6850,-34.4970,-111.3231,-7.7072
53.8592,52.3945,-6.9967,-49.7717,155.2220,-99.0888,58.9460,-193.4353,49.2849,-7.3638,84.3999,75.7276,188.9939,84.7409,100.3901,-193.3055,-26.5728,-120.7596,46.6755
20.6885,53.0864,14.9738,-60.9530,169.8867,26.8207,121.7862,-110.8762,75.5785,40.4255,61.6674,66.5934,194.7191,158.9696,149.4662,-48.4433,14.3322,28.6101,132.4744
-33.2348,49.8087,80.5933,52.8268,249.2676,266.7966,141.3684,19.9217,43.4404,127.8465,65.4128,66.5873,236.9486,223.3968,127.2557,76.5130,73.2690,203.7738,183.9387
-93.0850,-43.8890,143.7621,134.7257,299.3742,431.9050,105.8331,85.0083,68.4326,136.0424,91.5436,32.7944,245.4523,242.7155,30.1917,5.1109,113.2949,264.3452,185.8170
-77.5769,-53.0453,162.1442,121.3710,229.8319,464.0641,89.7201,105.7917,117.8727,77.9697,109.0136,20.0974,199.4731,258.6762,-18.3778,-84.1313,123.9426,255.9009,192.2184
69.8312,133.0121,115.4305,127.9439,92.3854,443.1199,74.6290,114.5350,94.2806,54.2215,88.3734,76.8915,129.5719,266.0560,23.5741,-48.5983,134.8753,255.6702,200.7034
199.6207,261.3508,45.0315,189.0492,3.2368,387.6227,-8.0342,94.5262,32.9009,44.7537,26.9405,90.7696,57.6033,226.1364,7.9489,38.1685,160.0431,236.6022,168.5008
147.2829,188.4582,28.0911,203.6871,-7.2115,285.1772,-123.2603,87.7684,-30.7696,-6.4256,-15.1514,-10.1482,18.1525,171.5576,-133.0010,108.3106,171.4566,176.2861,121.7558
26.4894,152.8932,74.5359,154.1030,31.6663,161.8713,-175.9104,115.6301,-68.0762,-62.4334,3.8630,-81.2472,33.5050,152.7144,-208.9018,101.8354,151.1809,90.5057,97.5806
30.6444,246.3466,116.6631,93.5321,79.8200,15.3380,-151.9694,72.9608,-0.7248,-113.0106,25.6249,-31.8215,54.1976,137.3827,-94.4041,-23.4013,113.4695,-40.6958,58.9912
88.9426,246.1835,94.1504,-1.7699,65.5539,-162.7316,-127.2215,-97.4430,87.9240,-207.0769,-5.3696,3.3285,27.8549,86.8763,34.8624,-139.2535,62.5886,-217.6864,-25.6024
19.1326,104.7474,5.7689,-140.3745,-30.1904,-317.6562,-147.0551,-285.7738,53.5312,-316.4922,-67.2658,-56.6593,-32.2281,34.3586,25.5006,-141.8033,4.9999,-368.3296,-106.8623
-139.2407,-13.7057,-74.9106,-225.4526,-115.7159,-394.3085,-163.1626,-383.4412,18.6120,-373.9468,-130.6095,-108.8271,-91.1652,-0.0638,-17.3505,-147.5247,-7.5956,-429.4745,-119.5899
-207.1390,-68.5293,-55.7740,-191.8216,-137.7560,-391.3766,-127.0280,-390.9265,95.2524,-390.6118,-164.1376,-98.6058,-108.2690,-36.5153,10.1789,-216.4939,60.8312,-391.1687,-65.0573
-142.2782,-71.1412,42.6871,-97.3295,-135.8811,-337.3728,-60.6438,-344.1463,137.7350,-385.9008,-129.3651,-85.8679,-49.7808,-60.4416,62.5290,-241.1324,161.3039,-282.7912,7.9632
-48.3581,-6.7066,110.5094,-41.7218,-100.8018,-281.5946,23.1071,-280.1880,162.5044,-326.9867,-65.1236,-88.0522,40.0624,-66.5640,117.5183,-206.6289,226.4047,-170.7573,80.5160
-16.5287,11.4930,122.5641,-58.0855,-3.3177,-248.1805,143.1378,-226.7548,329.7793,-222.2252,-41.7935,-69.4160,88.2801,-94.9312,190.5921,-165.5953,243.1652,-91.8313,166.3272
-53.3457,-79.6036,124.7098,-86.6439,71.7892,-200.5686,254.6490,-162.9411,452.8405,-134.9278,-41.5362,-33.5903,102.6300,-122.3014,237.6751,-87.3902,221.7258,-22.7201,240.7973
-93.1640,-111.7709,100.5362,-89.9531,39.7071,-138.0824,284.5657,-68.9145,335.9105,-80.7954,-32.9813,-21.2645,102.1639,-101.5231,239.3266,-1.4028,173.1379,18.6132,266.9986
-71.3953,-20.5223,33.4458,-129.5811,-46.1797,-120.8342,249.3725,22.8825,218.6321,-30.9185,-49.9568,-52.2319,49.1359,-103.1455,225.4007,3.7351,114.1341,-5.7037,276.7196
-20.5600,21.0811,-34.8975,-212.2302,-107.4940,-132.0486,202.6152,101.5895,240.8217,5.1642,-109.8970,-91.8921,-45.7139,-173.1587,174.8861,-25.7029,42.9532,-25.6224,311.4972
-25.6726,-47.5183,-112.3414,-235.5774,-119.3667,-96.4056,162.5919,195.6425,227.1335,13.8780,-191.8280,-95.5472,-100.8960,-198.4767,92.6621,-16.4077,-27.1983,22.8202,363.4467
-86.8735,-124.2032,-210.4896,-202.7178,-40.5763,-30.8308,172.9951,285.9911,229.5183,54.5169,-263.9191,-83.0415,-80.8052,-140.2917,74.8068,-4.7715,-34.2568,62.5206,440.2727
-144.2131,-161.0238,-231.2706,-205.3743,130.1190,20.6223,257.2761,338.7216,351.6195,167.3250,-266.5813,-79.7152,-17.8486,-114.1497,122.8606,6.0680,19.8566,58.4301,523.5027
-189.3532,-139.1035,-148.9753,-186.3696,269.8207,96.6238,314.6837,384.0287,335.9377,254.2320,-200.3674,-32.7170,39.4935,-114.6328,120.2362,49.1976,32.7327,92.8925,504.9820
-222.9326,-75.4494,-119.5627,-68.6761,281.0201,192.0650,272.2945,432.7980,121.1865,217.4313,-168.4465,74.5694,58.5420,-33.1687,74.4819,77.0552,-11.8620,137.8648,369.3091
-195.0461,-67.7418,-193.4784,33.7550,226.5864,209.2508,223.5664,424.8042,38.0947,133.1880,-188.6257,146.4980,61.9096,76.3857,88.8964,83.4380,-12.9870,87.8932,255.8622
-97.2917,-74.5495,-215.9581,45.2987,191.5991,144.1755,218.2401,350.2118,64.2615,95.4484,-162.9243,138.9718,86.2230,102.5552,125.1497,138.3009,36.6155,8.1803,194.1188
-0.6951,43.8783,-132.5681,62.2948,152.6936,100.0572,156.3134,270.5320,-68.3160,47.1213,-91.2421,116.8439,100.5546,73.7706,99.0382,187.0418,54.2203,8.2214,98.3641
54.8663,163.0550,-52.0820,97.1911,87.0320,95.6185,47.1992,201.5637,-173.3163,-42.2841,-47.9492,101.7486,85.9613,31.5362,82.5282,109.7225,51.9877,31.5779,22.7461
91.0054,100.6572,-8.8585,83.9396,54.7400,78.8481,34.9573,133.3215,-72.1937,-89.0463,-28.0713,66.9848,100.1319,-25.8954,136.8152,-38.0244,79.0428,28.4766,32.3232
107.1940,21.9464,35.7918,99.5896,68.7281,69.3425,88.1462,97.3379,-109.4263,-116.8869,-20.2953,34.3505,144.9336,-38.0910,153.6340,-102.8227,103.7094,52.8763,16.2234
81.7636,82.6869,71.2427,199.5682,38.9799,100.9033,59.8206,92.1596,-392.4702,-223.8974,-29.2053,19.1377,155.1765,14.2021,89.6103,-58.4671,115.4278,81.9361,-45.7517
49.0125,123.4444,103.0679,246.8923,-48.0563,134.5623,12.2486,81.1797,-478.9657,-311.2357,3.4843,0.0452,156.1803,38.8808,89.5533,-5.5259,142.9834,67.0154,-10.4071
91.8294,111.1672,154.9376,174.8786,-63.3947,147.2926,70.9085,102.3826,-252.5925,-228.8164,68.8474,-7.9445,206.2742,26.0164,196.8651,-25.1147,136.3982,84.9204,88.5916
225.9322,214.7268,163.0960,103.5544,48.8585,164.2780,129.3624,191.2310,-85.8200,-83.5925,54.9961,7.3517,255.1756,57.3274,246.9391,-78.5322,60.7847,150.9142,96.9787
318.1684,332.1467,73.3423,83.7501,173.6438,166.4008,71.2401,257.6801,-98.2212,-48.9908,-23.8519,15.3578,248.4543,107.9448,172.3524,-71.4928,6.4088,130.0725,53.0361
212.1754,256.5244,-34.8500,48.7634,215.0636,126.2746,0.6663,238.0575,-122.8593,-75.1073,-63.8963,24.9872,212.8947,104.3680,86.3310,-21.1555,0.4605,21.3546,28.2457
-40.1908,108.8489,-91.4395,-6.1761,189.4684,93.7834,-17.5301,215.4149,-156.2018,-55.4204,-88.2249,47.7146,152.2030,71.4690,23.1741,-28.1900,-76.7219,-22.3135,-50.9335
-209.6188,36.1501,-141.0933,-43.1416,122.9676,91.0821,-77.3111,233.3164,-253.3519,-34.3061,-129.8656,22.5001,54.3060,46.0099,-57.9275,-90.3806,-240.7642,-6.5708,-169.7481
-191.6128,-50.2814,-200.8176,-73.8742,35.8290,38.9563,-171.9900,208.4348,-331.1585,-79.0622,-135.6763,-39.4527,-30.4579,9.3044,-87.9821,-124.8338,-344.2113,-54.3208,-219.4284
-101.1713,-108.3381,-203.3770,-95.9271,-29.1243,-80.0412,-201.7087,113.2660,-322.9433,-141.3236,-129.7164,-14.2053,-66.9743,-38.1227,-32.7815,-121.4985,-327.9858,-135.7149,-241.3081
-50.6796,45.3435,-141.8183,-64.1498,-83.1452,-161.3584,-205.4309,23.0808,-235.2598,-137.1617,-158.4278,99.7561,-88.3531,-65.2654,-20.9430,-130.7442,-269.6330,-162.4023,-303.7238
-33.2226,287.7814,-103.2996,18.1981,-173.8141,-170.6757,-261.0193,-25.4458,-97.3417,-77.2295,-159.7343,178.4101,-119.3220,-43.8696,-87.7801,-176.1651,-209.7919,-174.2155,-336.0204
-8.9791,332.2793,-117.0810,88.7347,-256.2450,-184.8116,-311.4704,-55.9639,1.9684,-57.9628,-113.4894,213.0960,-140.8674,25.2844,-99.5955,-220.9604,-132.3353,-210.9512,-311.7495
42.4528,216.1359,-104.7168,118.7840,-265.3847,-219.0914,-308.6449,-91.4893,11.8610,-115.8298,-66.7893,246.1497,-123.0388,68.6992,-45.5286,-189.5813,-55.0628,-222.4831,-300.7695
101.6470,161.5231,-27.2209,126.9162,-260.0488,-233.6062,-310.6142,-151.8049,14.5788,-175.5769,-0.5631,208.6217,-76.8049,32.8069,-37.4387,-100.3287,-18.4709,-210.2080,-304.5131
103.0183,175.3204,38.9874,108.7607,-296.7310,-254.5335,-338.1648,-225.7217,56.2545,-187.0558,58.2221,102.8301,-70.9913,11.6428,-49.8283,-92.4581,-28.2338,-228.9088,-294.6542
35.3965,148.2846,25.4791,55.7720,-313.3613,-295.7514,-346.5090,-251.6368,76.8150,-172.6005,25.3843,80.5684,-120.9236,80.1722,-8.4707,-170.2507,-59.6775,-247.9198,-297.5743
-20.1663,100.2280,-36.2019,17.2524,-280.2487,-287.0505,-328.0928,-202.7601,76.5455,-130.7379,-18.3154,154.0202,-129.4671,118.7165,25.8231,-146.4537,-98.6850,-209.0890,-305.0889
-38.2922,74.2303,-85.1824,17.3620,-229.8868,-213.7439,-293.1979,-127.8672,99.3666,-66.0212,21.1666,163.2484,-58.3868,35.8155,3.4080,11.2356,-150.5510,-143.0271,-270.3463
-86.2111,21.7027,-100.1738,-8.3490,-127.3271,-149.9853,-229.2729,-60.5811,106.0434,-33.5566,14.5061,87.2795,5.8695,-41.4447,-30.1000,109.5852,-202.0898,-79.8323,-196.3002
-151.6633,-44.4978,-81.4841,-60.5012,-5.4530,-99.4641,-141.2931,22.3947,76.9010,-22.8749,-94.6208,45.3861,40.3935,2.0415,-58.9211,79.2766,-211.1696,18.6976,-108.0875
-136.0100,-28.3153,-44.6649,-43.9198,-76.0861,-8.4504,-53.9420,120.5057,75.5571,16.3358,-149.6575,35.7313,88.0571,73.3497,-66.2375,36.1744,-168.1147,136.5719,-22.6433
-59.9079,22.2558,-33.1821,12.8057,-389.4506,81.2059,1.8215,168.5597,97.0108,22.2642,-158.9857,-37.7377,82.6165,40.1007,-10.4973,28.7170,-128.0724,178.5018,24.4871
-48.3102,-35.5406,-75.4760,-8.9317,-650.3685,94.0446,-5.6074,123.4858,73.4682,-53.5817,-266.1107,-160.9827,-37.8147,-66.4673,26.0420,27.5207,-137.9201,130.8757,16.5859
-95.3329,-135.7184,-139.4615,-63.3810,-648.5207,64.9304,-47.7444,39.0008,25.8597,-111.2865,-365.2828,-228.7389,-158.9130,-110.4089,-58.6001,40.0752,-165.7569,82.4397,-15.3681
-86.1011,-109.1254,-174.2331,-49.5038,-543.1987,61.5650,-56.9319,-10.5436,2.6437,-109.8421,-303.5415,-213.7201,-179.0734,-58.8255,-150.3103,53.0473,-152.5792,66.3600,-33.0306
-27.2682,-14.3343,-171.8057,-23.8021,-514.1408,80.0305,-31.4759,-27.5551,-18.5325,-128.7363,-225.0943,-200.9667,-156.0671,-16.8256,-98.6071,38.7567,-100.9732,50.6371,-7.6525
-8.5732,20.4831,-151.1592,-20.1207,-478.6029,115.1405,9.2678,-31.7180,-31.2022,-137.9097,-271.7833,-233.9275,-123.6417,-22.4743,38.1486,48.5560,-46.8998,57.8550,59.2580
-18.4997,52.0054,-127.8884,40.1643,-344.5735,175.0775,67.2930,-3.6275,8.6705,-69.9034,-297.0163,-234.0441,-51.8832,-10.6556,138.6213,94.6417,8.5846,111.9388,102.5360
-9.7253,84.0721,-125.9624,108.9121,-239.1159,188.7786,57.1723,18.1266,51.9454,-35.7560,-165.4943,-189.8268,-14.6860,-23.7906,154.2717,54.4636,61.5105,129.9107,62.3338
11.4782,-12.8237,-146.0118,73.9935,-267.3002,89.8423,-74.2190,-51.3369,30.7784,-118.0952,-9.7338,-248.5784,-85.4910,-134.9053,80.7566,-83.2623,84.9761,56.3915,-23.9068
60.8154,-146.6615,-131.6453,21.0413,-273.7427,-26.7654,-141.4347,-160.3379,0.8750,-181.0572,-20.8403,-415.1150,-154.0946,-204.6090,14.2891,-112.2791,105.4052,0.7707,-71.6360
108.9613,-108.0265,-64.5841,59.7104,-91.8077,-31.9251,-21.6060,-169.3665,18.6582,-127.1609,-160.6843,-438.8203,-115.7149,-112.1491,56.6242,20.5419,162.0867,49.8895,-52.7712
33.6103,0.8775,-16.5291,107.0460,158.0820,29.2236,77.1580,-88.5922,21.7419,-35.1313,-202.9245,-235.8366,-53.9286,-21.6749,102.5331,79.8391,193.6443,100.7555,-8.9229
-105.1865,11.6353,-12.6426,96.2510,275.8003,43.6028,36.7286,-21.3136,-32.6498,43.3238,-66.8034,-54.7874,-48.6125,-47.3610,29.1798,-11.8947,142.2912,65.6187,10.3310
-74.6577,47.0474,2.2488,81.7181,281.9512,19.3520,41.4881,37.9964,-86.6986,127.0937,53.7974,-38.8013,-53.2325,-42.3015,-54.6953,-39.0466,79.5553,28.8006,9.5175
55.0327,133.8885,22.9212,54.4241,275.7217,6.2627,117.3508,113.6702,-105.5139,185.7197,30.1603,-43.2411,-47.4734,31.4502,-58.7323,49.0465,53.6489,31.2690,23.0423
-10.9287,39.2722,14.2648,-35.0271,237.7622,-23.8721,83.7128,133.5782,-133.2001,182.0974,-1.7218,24.0091,-65.6410,25.4945,-88.3251,74.1944,-8.6074,-28.3880,28.7603
-185.7749,-166.4585,27.6358,-128.1926,173.5263,-84.7486,-8.0301,90.2364,-198.1939,152.5775,50.7395,92.6259,-92.4577,-35.2541,-172.0074,48.6294,-117.9125,-138.7723,-18.0997
-150.0019,-135.5934,75.2608,-145.4815,188.6730,-103.3084,-5.4269,97.9451,-246.2142,166.1760,79.1742,146.0656,-112.1347,-7.0434,-197.7681,109.0777,-176.2540,-140.9252,-75.4571
10.0681,67.1115,55.0445,-97.4108,290.1958,-38.6286,7.9664,185.0240,-206.3938,253.4507,43.4636,224.2471,-142.6182,72.0119,-156.4253,177.0683,-160.0474,-36.7379,-72.4132
-14.1689,99.2198,-31.4325,-29.7902,359.9939,39.9627,-32.2661,249.5554,-114.2754,355.6457,55.0298,297.7295,-141.2680,98.0859,-125.1054,149.2345,-122.3222,14.0566,-30.5433
-191.2013,-1.7069,-40.2245,35.0663,362.9703,63.9161,-4.4098,247.4019,-76.4824,375.5838,158.7920,325.2589,-65.7439,89.4187,-112.8167,106.5911,-66.9607,8.2202,1.3411
-299.8484,-16.4585,50.2238,96.8162,362.6609,58.9732,87.7082,234.3035,-87.9120,316.6748,271.5635,319.8572,-1.5788,79.0307,-104.7583,66.5351,3.3972,53.9832,38.6228
-310.1063,-6.5123,111.9324,136.7938,368.8849,63.6683,100.7472,236.4389,-62.4271,255.0545,309.9554,305.1160,-26.0530,57.5020,-117.1873,-34.8442,27.3302,110.7145,79.7189
-285.3597,-34.8261,105.5656,105.1801,360.3504,56.7106,39.2697,222.2421,-33.7381,207.6477,301.1880,299.9278,-54.9091,40.6085,-159.0702,-94.6388,-18.9802,107.3531,65.7573
-219.7740,38.0080,104.3573,22.7472,368.8416,34.6597,-3.3941,187.6949,-72.0107,187.0485,353.0994,299.9555,-2.9017,36.9251,-214.2486,-17.9284,-83.5954,116.7212,-4.5861
-122.4307,179.7564,128.4461,-13.9082,388.0658,33.5816,-27.0428,169.9730,-101.6690,237.9041,440.5236,255.2137,49.5625,21.4386,-242.8941,57.3613,-124.9871,151.4275,-50.8649
-46.8134,190.2454,130.7213,-7.7373,341.5412,27.7887,-51.2821,178.8525,-61.8402,301.6923,386.5292,172.0264,-7.8102,-5.2713,-231.0419,18.9932,-132.0721,94.9393,-30.3162
-12.0788,119.3619,101.9747,-19.4553,249.2085,-21.1626,-45.3522,193.3819,-37.1415,294.6883,215.1292,155.8407,-131.3215,-10.7059,-225.9836,-47.2124,-84.6315,-13.0427,18.6125
10.4548,156.6010,85.3532,23.2444,215.9442,-39.9908,12.6676,216.9735,-52.5304,298.5739,174.9023,227.8417,-181.7170,23.0437,-225.6916,-56.8726,14.5683,-9.1232,39.4212
63.7017,271.4441,101.1057,161.3802,202.7918,16.0413,91.2240,244.2808,-36.9586,370.9167,280.1848,269.4628,-124.7651,67.0737,-159.8710,-19.6518,99.2318,52.0819,0.7593
154.9080,340.3056,114.3423,228.1570,84.3152,26.1991,106.6376,216.3021,-24.5327,373.5437,298.2410,242.5412,-84.4779,63.1920,-65.3807,25.0428,103.4613,-7.2126,-88.1328
216.9627,344.4322,95.0470,140.2055,-82.7875,-73.4308,24.8791,122.7918,-67.4371,273.9503,195.6806,221.2686,-143.3510,16.6826,-34.3066,44.4334,48.8139,-146.1437,-172.7692
187.6066,273.7340,68.0370,46.6430,-145.3606,-161.5258,-48.3139,54.6669,-69.0069,248.3111,126.2117,177.0595,-192.8668,4.0447,-4.7275,65.0459,9.3285,-208.4094,-203.1620
112.0767,139.0334,64.7047,11.2035,-118.5118,-178.3347,-38.1136,45.0609,15.9891,304.3793,123.2354,30.0332,-127.3726,28.7834,96.4937,113.2803,2.6085,-193.5186,-196.9630
62.0911,36.1502,67.7738,-54.7282,-108.8528,-197.3645,-40.9043,15.4007,53.9274,265.8793,141.8529,-121.7746,-47.2232,11.1694,169.3563,118.1182,-19.6323,-182.2827,-207.3660
6.1723,-31.3229,44.3882,-138.2986,-120.7821,-214.9854,-93.9927,-47.5464,-0.4111,155.8638,166.4066,-139.1788,-62.2112,-54.6795,159.0076,64.1552,-73.6052,-178.6022,-221.4780
-108.8226,-181.1936,-2.0785,-169.7118,-103.5825,-174.7198,-57.7698,-57.8288,-7.2603,129.3618,158.8998,-113.1061,-76.4173,-98.8285,169.0325,55.2203,-109.6306,-144.8667,-164.0291
-221.0387,-389.9325,-39.3128,-177.5611,-39.0550,-113.6546,92.3424,3.1550,73.1946,151.1707,122.8113,-196.4178,11.7991,-93.9743,220.4593,76.5806,-99.3582,-66.5886,-42.2811
-248.2837,-483.1649,-49.4333,-179.4193,61.3155,-70.6667,185.6077,58.4842,98.6691,114.0206,126.6105,-300.0392,118.8599,-66.1098,229.2238,26.8718,-83.1826,29.0821,24.9036
-239.1467,-416.8193,-49.7917,-136.2571,146.9825,-26.6514,168.8715,51.5758,24.0920,50.4432,153.2948,-251.8382,158.8093,-64.1499,207.5431,-43.1632,-86.1346,88.8026,0.1618
-276.0106,-334.7802,-52.4566,-57.5244,179.1259,7.5048,162.5515,3.8038,-1.8174,11.5708,128.2913,-120.7186,170.1277,-111.8727,207.5816,-64.2674,-62.0463,112.4579,-4.8782
-316.4509,-343.5442,-21.7175,38.8023,204.3662,40.5941,200.7738,-5.1156,97.6908,-14.2712,72.7619,-88.0665,174.6375,-124.4530,196.2137,-72.9067,17.4714,154.9842,60.8332
-272.8567,-353.8794,63.3413,161.2541,262.3413,132.2630,207.3051,60.1982,181.1455,-25.6365,45.6738,-111.5564,146.0550,-9.9544,139.3434,-46.7010,94.1277,218.3344,104.8232
-152.5342,-213.9029,125.4916,256.0172,286.5475,243.8635,164.9209,110.1614,113.5729,-42.7164,38.4494,-17.0229,103.7720,139.0105,48.0230,5.4606,108.7607,261.1690,76.8570
-7.5846,35.4557,80.0391,275.0123,215.4722,275.8238,111.1987,82.5844,-29.3440,-99.2406,12.4522,170.3603,67.2956,165.9879,-57.9638,-48.9209,85.0410,291.7837,34.0237
149.6287,241.1025,-9.3939,292.3605,110.4660,262.2043,64.9943,84.8219,-96.0698,-129.4247,-42.0042,285.5501,22.4735,90.0125,-122.6963,-151.5050,78.0764,332.4961,15.4798
305.5342,435.5248,-12.1694,362.7714,73.3482,286.2473,44.5332,189.6489,-78.2513,-79.5503,-79.0112,303.2975,-4.7232,29.8150,-110.8221,-119.0346,101.5675,361.7193,22.4164
422.0716,705.0054,57.4117,406.0805,103.4372,314.5854,57.2622,275.1847,-84.8886,-57.9790,-60.3217,293.7654,5.2198,26.9553,-91.3443,-60.5612,129.2909,352.9279,56.1981
490.0281,900.1784,85.1678,373.0097,99.4176,289.7815,62.2547,251.0539,-162.7456,-133.4318,-58.2392,274.7440,-3.8073,62.3953,-112.5349,-101.0472,130.7381,293.0955,69.4778
526.3726,899.0234,64.9991,332.3075,7.5685,213.0782,9.1225,192.3654,-247.2848,-184.0138,-131.8996,292.0627,-56.6921,108.0645,-123.7093,-54.2935,104.5353,183.7877,-1.3124
537.1582,865.7319,61.2066,308.5063,-100.3405,91.8036,-100.5996,145.4795,-285.7665,-141.8957,-183.5559,384.4794,-105.5857,130.3878,-120.8540,89.0150,79.2325,73.1252,-115.0337
530.9547,894.0675,41.3650,231.1823,-154.6453,-34.5550,-202.2271,70.4058,-293.1914,-110.3781,-165.9572,417.5812,-139.2417,115.7491,-148.6682,64.4070,67.2905,6.6899,-166.4992
510.6864,839.1631,-39.4477,95.3963,-183.9239,-99.1747,-220.3725,-15.0921,-253.5195,-133.3697,-190.3112,278.5901,-169.2169,73.4241,-162.0522,-60.7324,46.9715,-44.0383,-132.3723
437.7968,668.8770,-99.0778,-15.8314,-208.7508,-121.4552,-164.1257,-64.3220,-131.1945,-142.3107,-250.1008,112.8063,-160.2411,28.3185,-112.6833,-45.2212,5.6436,-115.5406,-72.8860
282.4653,483.1246,-70.6957,-93.1332,-193.0647,-163.7503,-120.1407,-101.7143,-15.5372,-127.1819,-217.9906,51.6959,-106.7014,8.6295,-53.3949,-0.0127,-40.4458,-176.0496,-32.2082
97.6708,260.6348,-38.3091,-189.1221,-146.3101,-196.8331,-115.5064,-140.0805,-18.6234,-108.7486,-143.1978,8.4281,-63.4022,-15.0293,-12.4751,-28.8451,-76.5934,-173.4161,-9.5339
-27.2380,-4.5667,-74.9407,-255.3008,-115.0643,-162.7424,-102.3141,-124.5156,-46.8762,-43.1600,-134.5698,-49.1883,-45.8598,-76.1250,34.1359,23.2440,-98.8380,-105.2863,9.3551
-68.3605,-185.6874,-114.8298,-214.4915,-95.7308,-86.2658,-80.2884,-50.9825,38.5689,68.6055,-117.8219,-50.1390,-24.2798,-86.5977,55.9253,104.0901,-94.3016,-38.5994,36.6939
-82.3953,-238.8741,-85.8449,-129.0770,-68.3547,-26.0052,-69.0655,4.3661,156.0510,138.8046,-37.7139,-56.4406,5.6201,7.1635,46.0778,57.4450,-42.0488,-43.7384,87.5834
-128.7482,-219.6595,-13.6539,-72.0776,-31.8627,3.4771,-17.0103,37.2078,189.5925,155.7031,18.9438,-110.0837,33.4990,55.4563,81.5041,71.4896,52.8147,-76.4745,175.7294
-190.6556,-158.6176,42.5484,-5.1311,20.9566,30.7760,92.4554,140.4234,207.8951,205.3329,43.9746,-78.4886,60.0472,-12.5339,154.8721,265.6209,125.8518,-41.5989,288.6037
-202.0368,-128.8429,55.3957,46.3302,64.9239,77.0069,173.4030,312.8526,273.6205,303.0976,90.9327,24.9438,81.4581,-19.2166,168.5137,354.6122,106.1413,18.6594,379.6642
-155.7581,-175.1584,45.4220,2.2164,52.1180,113.7319,195.7102,420.3909,325.5016,373.0497,105.6243,12.8915,83.5919,87.7661,137.2710,230.9973,31.3069,9.0372,404.8945
-113.8413,-199.7494,57.9253,-41.9005,14.9547,113.1415,217.4968,409.5312,334.7643,375.9517,58.2338,-80.0236,48.7791,116.3272,140.3239,160.0005,11.4105,-23.1460,355.1308
-103.2295,-191.4769,93.3009,20.9759,20.1220,93.0088,224.8338,341.8661,310.8724,323.8044,35.6201,-109.8630,-9.9366,24.1672,140.0538,211.9974,50.6003,-18.5985,248.6742
-91.7522,-259.9326,113.2566,59.8193,44.7610,41.9170,161.0926,209.5227,230.6689,220.1850,64.0558,-154.8988,-37.5789,-30.6905,78.4034,192.8086,53.7034,-42.4597,110.8104
-58.6504,-305.8757,122.5164,-6.4425,35.1969,-66.8378,65.8440,-3.4783,130.3337,91.4819,82.1134,-254.5773,-32.1125,-12.7517,11.3763,73.9302,14.5646,-105.0763,-33.2979
-13.5508,-165.4511,147.5575,-19.8578,-7.5667,-157.3321,2.0598,-160.6967,80.9442,4.1077,86.2753,-243.5002,-62.8537,-11.9750,-7.9368,-1.7993,13.8143,-124.7176,-147.8306
18.9080,-4.4046,176.5623,55.4163,-64.1872,-154.4075,-37.9926,-173.7561,50.9902,-31.8932,117.1820,-135.1535,-117.7857,-62.5116,-18.9813,12.7714,54.0875,-115.9215,-194.1958
6.1132,-47.6830,196.9111,60.5582,-98.4363,-129.3567,-70.1862,-163.4066,-15.5827,-86.2276,168.9881,-114.5418,-107.5493,-129.9398,-57.3508,39.9113,74.2439,-121.0338,-183.9905
-37.8226,-191.8931,201.2876,2.1305,-64.6520,-132.8741,-107.0740,-197.9946,-99.6552,-180.0415,196.2196,-139.6567,-46.5646,-134.9789,-102.4328,7.9252,69.9067,-82.0481,-185.1776
-46.3213,-253.5520,157.3198,0.3763,3.2235,-97.3454,-178.6714,-197.8784,-179.2249,-245.2644,165.3885,-93.8398,-9.4523,-55.0010,-124.9511,-52.5971,70.8416,-7.7597,-223.8096
-22.2891,-240.9445,79.5877,12.2900,31.5009,-33.9256,-250.6937,-174.8919,-216.7580,-230.8701,100.9022,-70.5585,18.7402,-30.0973,-107.7410,-59.4582,74.8590,0.2551,-237.8303
-44.1099,-219.5466,35.0953,-19.2637,31.9644,-13.1065,-240.1522,-171.4214,-130.6024,-130.6244,56.6167,-103.7918,53.4703,-117.4499,-50.2724,-19.4693,71.6267,-20.6498,-172.7747
-92.0261,-192.2462,12.7140,-15.0651,46.2489,23.4151,-151.4639,-79.4741,51.8137,45.1879,30.6381,-56.2719,47.1091,-111.2656,14.1464,1.2696,73.5580,29.8456,-52.2616
-63.8499,-134.6655,-37.5901,43.5613,54.1094,105.2727,-56.9713,108.8725,180.9608,201.1481,-1.9267,41.6278,13.7101,64.8728,36.5451,5.5489,103.1757,75.6341,56.1977
11.2722,-69.4917,-67.5779,67.9580,31.6510,100.1631,-0.0578,174.2228,194.2170,192.7838,-17.3784,32.6375,-0.9770,158.9004,2.8918,22.5173,154.4242,18.6751,86.3726
12.0887,-90.6036,-34.3051,40.8590,-13.7463,-6.1500,-5.3212,58.8012,149.9784,47.6381,-13.9768,-26.8969,-28.5690,66.8849,-41.3165,37.6271,169.6886,-48.4954,30.6691
-46.2658,-189.9922,-6.6964,20.7759,-60.3864,-37.5448,-48.6704,-23.6712,119.6871,-46.1870,-39.2628,1.7414,-67.6246,10.0665,-39.2264,40.4987,118.8515,-18.9539,-18.3872
-63.5032,-203.3935,-19.4483,36.2123,-56.7450,41.3038,-36.6092,21.4263,162.2338,-32.3559,-82.5480,53.8622,-43.1861,76.8972,0.5474,28.7402,79.6938,55.9678,30.2041
-53.7533,-120.2207,-22.9961,70.3224,4.8203,91.3807,35.3437,76.3112,256.0901,-19.1321,-91.9511,22.1357,19.3347,98.7423,26.4918,-8.1146,117.3324,96.0922,137.7009
-82.5196,-111.2239,-22.6800,83.7833,34.0481,76.3637,59.3191,83.1684,282.8644,-37.2886,-82.9728,-21.8592,21.9118,10.0700,33.3354,-50.5911,155.7328,109.8722,205.1545
-123.7550,-158.7508,-55.0601,68.5855,4.2644,69.0797,42.3071,96.1286,223.6255,-25.7338,-93.2878,27.2707,-16.2722,-72.0705,41.8453,-84.4362,123.3108,136.2764,210.8120
-133.1114,-141.9598,-75.9650,70.3984,10.8564,90.5268,87.4848,139.2683,194.7430,11.5143,-101.6629,108.7515,-21.3296,-72.9227,34.0155,-126.5355,92.3366,179.9146,191.1796
-134.1265,-156.1517,-29.4782,93.8367,67.4646,118.2800,157.1317,168.3618,220.6538,30.3530,-71.7250,85.9026,-6.7641,-28.1043,13.1676,-144.0960,120.7200,213.8461,162.8682
-152.5367,-264.5244,45.6700,81.6978,84.9917,139.1672,157.7986,130.5075,224.7691,25.7230,-19.6798,-25.4395,-2.3782,1.7523,37.7760,-90.1061,127.2376,212.9884,122.6050
-173.1211,-299.4937,43.2851,29.0719,66.4478,152.4234,137.9485,55.9780,198.2726,-1.5217,-14.7076,-64.4775,14.2279,-2.6435,101.9064,-15.4370,51.7794,185.7891,73.9941
-174.2791,-218.8139,-81.8834,-9.9715,78.2774,177.6189,153.8903,45.5109,161.3277,-43.1409,-80.3900,16.4787,56.2358,-9.1444,120.7816,17.3195,-25.4748,168.2567,38.6114
-154.1354,-173.8053,-207.8476,-9.7289,105.8576,211.6045,157.4748,98.2173,106.8631,-62.2782,-118.5575,83.2545,97.6622,4.8214,86.1920,28.6369,-21.6713,181.8982,39.7441
-143.1750,-187.5024,-193.6627,19.2411,111.5975,206.0081,151.0931,102.4501,79.1359,-56.5555,-69.5867,52.4396,97.8261,9.8146,69.1943,30.4581,25.6725,203.9498,65.1840
-159.1201,-184.1978,-121.8238,49.7798,115.8005,160.6479,202.1712,54.1411,118.6651,-60.2437,-40.6957,-22.0558,50.3225,-17.5874,77.8648,17.1563,50.5332,204.1732,92.7703
-148.4275,-150.7302,-133.6441,57.3268,145.1496,144.4649,284.5828,57.2755,163.6019,-63.1733,-79.4533,-95.6250,21.4257,-46.3349,66.2383,44.1062,56.1398,208.3125,134.4983
-88.3972,-85.3436,-148.0276,52.7453,192.9063,178.9792,318.6588,111.9109,153.9499,-35.6137,-66.3554,-147.0985,55.1644,-30.6334,24.5438,133.3102,41.6653,250.3695,179.5491
-77.8014,-41.0803,-70.1012,44.4777,223.8126,214.9341,309.1021,136.0318,116.0566,2.6582,9.4025,-117.0887,82.1407,30.2497,-29.5697,195.6162,-35.2483,277.5728,174.1823
-161.1138,-111.5938,-9.4598,17.2203,202.6604,213.5342,306.5674,119.7445,84.3917,20.1958,29.2178,-16.0680,53.3556,80.9654,-65.3275,164.8664,-131.3248,223.1306,128.5634
-217.6047,-227.6081,-21.9645,-9.8888,154.7328,158.4945,313.4486,80.3679,72.7278,12.5623,18.6111,34.9933,40.0892,76.7577,-45.8409,81.0472,-129.5323,114.6501,107.0709
-175.8584,-258.1352,-17.1377,-34.9095,135.2249,46.4350,295.3729,-3.3774,105.5881,-16.6753,49.8639,-11.0181,77.9110,47.2219,2.7994,17.8609,-54.1423,-1.0768,94.2385
-120.3770,-236.9200,-12.8472,-117.1551,129.0148,-74.0750,239.0852,-110.9788,183.3107,-38.9850,42.8706,-66.0078,92.4000,35.4085,11.5633,19.8169,-38.0813,-104.8369,41.0749
-97.7258,-207.4589,-62.8735,-202.9467,95.2691,-120.7833,175.4469,-164.2755,255.3050,-3.7906,-19.4882,-78.2572,53.5548,26.9405,-8.8795,60.2116,-61.5188,-130.8382,-9.5353
-51.0190,-121.6351,-65.3742,-132.2910,62.9095,-67.6937,133.6959,-129.0211,261.5515,84.3960,-2.3158,-82.8858,21.8979,18.8414,2.9619,56.4068,-11.6689,-47.3107,-11.7808
27.0233,-13.0905,6.7117,52.9021,59.8248,25.8441,86.5401,-53.5713,185.9122,156.1639,91.6568,-72.9064,24.3028,53.2275,28.0996,-5.3232,68.1294,46.5674,-20.6717
62.2335,39.4442,5.1033,153.6611,52.0568,93.9791,8.1875,-3.4870,82.0356,168.2168,116.1045,-8.2182,21.4626,107.8686,6.5135,-46.9980,84.3786,94.6886,-74.9070
22.4164,36.5360,-71.1156,168.4404,38.8887,142.1928,-41.9844,19.7107,33.0839,149.6013,59.8847,55.1059,-7.2647,101.3611,-42.7148,-30.2554,93.6446,163.5873,-105.0800
-24.4438,2.9867,-64.4433,215.7292,63.1684,201.1461,-3.8268,71.1186,61.3029,151.4176,26.7167,25.0524,-27.4087,59.3851,-55.4720,18.1916,150.3082,234.1253,-57.7869
-0.0019,12.2825,11.6072,256.4337,93.7355,235.1817,57.3559,152.5833,96.0346,174.2978,49.2036,-59.6215,-15.8190,99.1262,-26.2476,73.4453,171.7315,207.7183,-5.0213
61.5942,135.5447,20.9283,231.3229,58.5762,195.2984,38.5683,185.1541,54.1024,170.5438,88.8341,-90.4186,-17.3779,207.6296,-1.2807,107.1992,124.4814,124.2050,-38.2971
59.9089,227.0954,-31.2463,216.6135,-24.4220,121.4042,-37.6865,129.1281,-47.7032,124.7631,93.1862,-70.5475,-73.0688,224.0655,-2.1344,106.6024,99.1246,76.4169,-128.2530
-6.2988,134.1239,-64.3017,238.8789,-99.4913,69.5414,-78.6273,25.4084,-109.1011,70.0728,30.8563,-77.4908,-138.3295,104.0248,-5.3866,105.5404,114.6916,33.2917,-192.7330
-48.3385,32.7392,-86.1173,218.8652,-172.7069,18.2738,-69.7025,-82.7090,-99.5567,21.3432,-59.9149,-108.2261,-155.9044,13.2293,15.0207,104.9351,86.9612,-32.3085,-227.3066
-41.7414,93.3484,-142.0474,147.3072,-231.6636,-42.1731,-46.8751,-157.2375,-84.5928,-16.9315,-117.3863,-99.9046,-136.6156,59.2745,50.4657,66.3704,6.6603,-59.0511,-248.7202
-36.9950,165.5934,-223.0028,91.0232,-208.6935,-61.0261,-17.6164,-157.0786,-81.0571,-20.3381,-130.5215,-41.5520,-104.6814,128.6092,58.4041,30.1470,-47.0080,-41.9708,-225.9477
-56.5133,144.2793,-261.0274,82.5398,-120.4858,-40.3399,-4.3604,-105.6500,-68.9462,-7.7867,-107.6263,22.8317,-60.8705,111.8855,6.0571,59.2878,-42.2824,-32.7011,-176.1446
-64.5162,136.2399,-198.3194,109.3636,-68.7870,-39.7849,-49.2880,-66.9974,-105.0210,-29.2465,-63.3997,46.1507,-22.1907,60.8941,-75.5103,99.4995,-16.9058,-20.4476,-161.6201
-12.9316,159.7142,-82.2634,121.0147,-63.7947,-55.3842,-128.0041,-44.9850,-201.3786,-66.3910,-39.0660,10.5873,-13.5986,17.1304,-121.1229,79.7399,-17.0369,18.1111,-151.8371
70.2586,146.1628,-13.3600,72.2681,-36.5901,-33.6075,-178.9970,-12.3173,-235.3489,-86.6253,-43.6894,-37.8739,-38.1947,-42.6603,-130.5091,37.0254,-64.2690,63.5899,-92.3216
68.0709,102.5427,2.4480,20.2773,1.6968,38.7393,-201.7948,29.5441,-171.5726,-110.3333,-47.3550,-19.4174,-84.7383,-54.7297,-158.3811,10.4463,-122.4023,117.5797,-39.5439
-32.1984,37.7864,22.5425,53.3553,-0.6278,138.9452,-218.4813,86.8975,-129.4355,-110.4550,-53.1316,64.4530,-124.1967,41.9525,-202.2601,-31.2023,-117.3536,184.1595,-32.2722
-65.0464,-13.6478,44.2487,126.0308,-25.5905,223.3676,-217.5011,161.8257,-147.2483,-36.2733,-72.7727,119.1230,-131.5233,139.8031,-217.0739,-96.9135,-50.5326,222.3957,-7.3565
12.4025,16.3848,38.6132,133.4341,-39.8111,247.7206,-190.2421,219.0840,-153.2518,43.7799,-94.3018,101.9980,-121.3891,144.4386,-210.1787,-144.8532,-7.1767,227.7776,52.7557
14.2859,32.6440,29.3309,91.7301,-22.9315,249.0197,-114.7594,258.7722,-114.3218,53.4293,-121.0141,73.4109,-94.1066,123.9074,-195.1942,-145.5693,2.1039,254.9334,124.9701
-89.7247,-80.3108,63.6668,79.8789,67.9779,298.7360,37.1972,306.8672,-32.5887,38.9786,-126.0286,69.1981,-17.7329,121.2585,-143.6600,-114.8673,60.0983,293.5233,239.5518
-76.7385,-169.1779,145.3194,84.7255,195.3765,336.4416,171.0519,303.6623,42.1297,14.1206,-49.0210,56.5853,64.8990,96.7005,-85.8141,-110.4685,146.5707,259.0630,339.5347
87.7732,-95.1617,195.2510,45.9141,216.6171,249.0258,139.1374,196.0752,10.0664,-66.7765,51.3102,39.1214,62.8403,67.3471,-102.1669,-160.3741,121.7809,146.7402,272.0058
160.5950,7.7649,123.1815,-17.5851,112.2861,100.8345,4.7340,81.4733,-88.7739,-133.2622,54.7542,48.9915,0.9393,43.9545,-159.0792,-187.4988,-27.0826,57.7463,73.2571
60.4593,56.8634,-17.2911,-45.7362,24.0254,34.7338,-45.6754,46.1875,-99.4462,-104.7725,7.3555,41.8168,-28.7589,-26.0703,-144.5595,-121.5466,-147.9465,34.3887,-63.9925
-31.3415,122.7459,-85.8245,-52.4299,-8.3241,17.2755,-25.0509,15.8543,-30.6209,-56.7904,7.0221,-31.3801,-29.6053,-106.1098,-58.3113,-39.9048,-180.5684,-2.7064,-113.7290
-15.3714,168.8527,-83.5550,-95.3768,-63.7583,-64.2915,-62.5791,-65.2300,22.3104,-43.5090,0.9435,-108.4767,-39.3441,-122.2235,17.7893,-37.0009,-204.2473,-98.0734,-160.9954
36.0313,155.3150,-102.6174,-165.6305,-115.7235,-180.9256,-130.6770,-135.8754,82.5988,-15.1771,-34.7085,-130.6413,-25.9159,-144.5309,71.6032,-65.8098,-218.2749,-176.7792,-171.7414
75.9665,173.2058,-112.2452,-211.3795,-77.6489,-256.6925,-135.1983,-185.5458,125.7016,-10.8355,2.0095,-142.9869,33.8747,-236.8289,142.2434,-78.3042,-145.7642,-197.6717,-105.9545
114.9976,205.4001,-49.0629,-240.7337,10.9433,-320.1633,-91.6365,-267.3984,63.0861,-116.9387,93.5219,-169.7782,103.6095,-316.3766,224.9417,-147.6634,-41.1114,-244.3056,-39.3166
146.1423,169.0902,26.0362,-296.3748,47.9119,-407.9017,-54.8907,-346.8868,-0.0213,-264.2494,117.0723,-171.5435,153.1049,-344.1963,266.7414,-281.4541,-22.6809,-367.9492,-17.2422
180.6583,174.1059,63.5767,-358.9536,11.7251,-483.6024,-49.9126,-354.4309,67.1931,-309.2672,102.1409,-161.9582,173.7292,-353.8268,229.9853,-323.3042,-47.5969,-486.1100,-0.0390
240.2717,279.9697,105.2330,-369.3282,-45.7310,-517.7383,-74.2909,-311.6547,153.0285,-218.3053,134.5236,-176.9815,158.7040,-294.7670,160.1416,-207.1330,-3.9477,-510.6313,32.2683
276.1384,289.1397,137.1021,-317.4196,-69.9466,-505.8303,-69.5014,-261.5019,163.7396,-79.6800,162.3086,-175.1248,121.8995,-166.3470,150.7289,-100.6237,72.7789,-448.7974,69.7600
243.2931,132.5321,104.0839,-246.0261,-66.0671,-438.1852,-3.3737,-196.5868,175.4501,-14.9799,139.0353,-115.4785,86.9700,-113.6180,201.1819,-142.9457,95.8375,-355.2233,106.3073
205.9725,5.7361,52.2582,-194.2046,-85.8221,-348.6047,46.9380,-124.5420,190.8811,-32.2302,118.7311,-34.0626,56.5188,-153.2804,212.7718,-228.6829,97.8386,-282.0852,135.7008
213.0045,-15.5533,58.3204,-164.5946,-115.0561,-288.9690,48.7063,-73.0903,182.5123,3.5844,119.1507,20.2495,33.7502,-124.2480,164.9893,-191.4271,135.3607,-248.8236,173.0670
193.1263,-22.7703,107.0423,-130.6458,-80.3124,-227.9513,85.4402,-26.1562,228.4727,137.2598,117.7453,25.9148,44.0629,-7.9961,147.2896,-52.8768,177.7765,-207.4481,230.0696
108.9748,-37.6771,143.3611,-78.4684,10.1663,-121.3188,165.2068,31.9623,295.4232,231.5339,125.4073,-4.7404,100.2192,49.7966,195.1298,40.1833,188.8782,-106.5664,262.7968
40.7383,-84.3927,140.3047,-32.3724,96.1276,-27.1673,211.3978,52.6737,255.3302,211.2151,129.6931,-10.4402,170.5276,17.2345,243.3229,44.2609,183.6098,6.7167,238.0618
32.4623,-216.7776,104.6201,-7.3073,183.3407,3.8644,240.5086,3.0620,167.0409,151.1078,107.7072,46.0348,211.4449,7.2302,235.7828,59.6510,185.3381,47.7565,194.3017
31.3654,-335.8064,78.4442,29.0770,268.0296,32.2891,287.2666,-48.2743,120.8978,107.5045,96.6584,121.1504,218.2299,88.7057,175.9885,142.7324,206.3796,32.7968,168.0050
-10.3902,-341.8102,85.7818,91.8989,281.5667,106.1315,285.8891,-17.3202,32.9085,85.8643,101.8912,171.0742,200.1218,191.6374,97.6329,214.8036,222.5610,49.5917,150.8663
-89.9284,-346.3206,91.5612,133.9111,217.2449,187.0612,210.0148,73.1316,-110.4443,89.7983,60.8550,186.8988,133.3892,198.3545,37.2414,237.4657,182.1162,117.1397,130.8734
-156.1002,-414.2971,73.4703,127.5685,133.8728,245.1446,119.1037,140.3104,-185.4028,89.9498,-12.4849,153.6748,13.2401,130.8692,2.2039,301.0006,115.9336,171.5505,105.3530
-152.5647,-436.9628,53.3933,119.0567,36.8923,282.6382,30.9264,171.4635,-167.1063,79.9295,-47.4643,104.2646,-99.9537,132.7068,-36.2489,413.1188,118.0995,176.3546,89.9990
-121.5154,-419.1182,38.9929,145.4916,-71.7656,293.9437,-39.2675,219.2527,-113.7801,122.7643,-62.7747,124.2922,-161.8891,214.4458,-95.5655,441.2266,162.4182,165.1409,106.5712
-141.9034,-438.7471,35.5317,177.1907,-137.4957,290.1455,-43.6967,282.1438,-106.8584,209.5401,-89.9127,198.5050,-189.1378,243.9633,-166.3769,375.9222,136.7625,172.3970,108.3458
-168.4905,-400.4761,66.3430,183.5200,-160.2675,288.7494,-34.6330,286.9885,-264.3043,220.8323,-79.4661,214.9986,-189.4143,197.6393,-242.3705,355.5522,54.5849,190.3332,30.4521
-146.7263,-269.6792,111.6001,177.4731,-183.7554,280.3023,-72.7682,215.6811,-471.4098,122.9676,-32.3776,158.7096,-154.6976,148.7084,-287.6077,387.8116,15.0676,208.3143,-51.1498
-170.0487,-249.5617,121.0526,167.0190,-175.4497,279.1696,-40.7410,151.5112,-404.5906,40.1372,-34.0390,109.7265,-115.2604,100.0975,-225.0849,360.2853,20.1519,235.7989,-15.5528
-280.9573,-402.4129,96.4337,140.2436,-103.6193,317.5596,127.3670,147.0417,-133.0422,73.2496,-90.5087,93.4511,-108.6016,54.2965,-76.6188,275.7698,11.0536,269.6065,70.7450
-336.9632,-513.5667,75.6340,114.3802,-27.1453,355.8392,244.9781,148.0335,-59.0687,143.7516,-117.5806,93.1622,-125.4331,53.2988,-2.0090,213.9826,-10.3255,287.0646,70.3054
-274.3803,-487.0279,81.7582,114.1856,25.9038,332.4257,198.7700,106.7066,-166.8045,95.5056,-83.3335,104.6051,-123.6826,49.8158,-56.8964,184.8419,-11.2613,275.6020,25.1735
-229.9791,-471.7776,120.5080,102.7495,97.5265,272.0177,142.5957,58.3167,-147.2467,-45.7765,-29.7328,98.5311,-73.8354,-13.5305,-87.2599,168.1938,-3.7669,239.9769,38.6651
-284.3398,-567.2707,158.8827,37.5341,178.5667,226.7114,184.7387,36.2748,-56.2879,-85.9494,-7.2781,59.4054,-7.3897,-54.9147,-1.9691,148.8542,-28.5291,199.7425,66.6479
-350.1488,-683.8358,140.6458,-27.3637,226.1568,196.1674,242.0523,14.6052,-75.5524,-12.7201,-37.5623,33.9979,7.7414,-21.3481,78.6247,101.4905,-75.1330,181.3547,33.0534
-352.5133,-690.0487,78.8302,-17.7095,249.4342,163.8224,244.7111,-41.7683,-95.8461,-29.0296,-82.6820,29.6595,-21.9848,-24.1593,58.1710,54.9427,-69.8346,178.5474,-29.8190
-317.8864,-588.5789,54.1149,29.9577,257.6862,116.2896,205.3164,-132.7336,-44.0359,-149.8581,-81.3315,-14.7255,-27.9547,-119.1262,10.0112,69.8328,4.4792,155.3051,-76.3705
-290.6716,-507.1464,95.3355,37.3032,232.0016,46.7491,152.6816,-216.5643,-22.4733,-179.7514,-42.1918,-94.9010,-12.6116,-182.6275,13.4819,115.9473,59.2283,114.4631,-112.9324
-277.4083,-502.4146,140.5498,5.9779,176.1732,-10.7403,116.5811,-242.6780,-8.6738,-113.3808,-20.8437,-140.1354,-20.9254,-135.9875,36.6160,122.5027,43.2651,84.4420,-143.8592
-261.4573,-497.9489,127.1797,-31.5293,95.8175,-31.6810,84.7124,-222.9866,37.4395,-109.4781,-18.6878,-136.4647,-28.3381,-77.4374,29.6222,101.5563,6.6474,36.8857,-163.2369
-237.5165,-465.0331,74.0577,-81.3287,-7.1894,-56.6627,33.7594,-214.1942,11.9406,-152.6666,-7.0121,-115.0250,-9.1450,-95.0869,18.0205,90.3462,-18.4400,-63.7172,-154.8462
-231.4688,-463.3206,40.6987,-137.5495,-88.3555,-98.5208,22.9982,-206.3071,-55.3561,-123.6016,-6.0239,-91.8173,-6.3621,-114.3914,44.7020,80.9431,-50.2336,-154.3340,-90.5893
-258.7192,-482.2321,24.5330,-161.7940,-124.0103,-99.9375,79.4311,-138.1599,-5.7411,-27.9775,-34.9403,-87.0860,-25.7501,-34.6798,75.7820,79.8679,-87.3750,-150.9026,-5.7190
-276.9153,-456.5624,-15.2084,-152.5856,-151.4260,-53.2421,106.5876,-29.3863,115.5584,66.4028,-47.7432,-111.5427,-4.5900,87.2617,63.0106,108.6136,-125.4106,-86.8458,13.7578
-249.3393,-399.9760,-58.4651,-157.7054,-150.3852,-20.5274,84.4084,28.5305,161.8307,113.6677,-16.1062,-142.7933,67.9555,116.8903,50.7440,136.3180,-177.4803,-59.6939,-26.5926
-221.7016,-356.0130,-82.1693,-203.3695,-54.5890,-25.2995,100.9746,7.0589,133.9339,83.9019,3.1462,-169.7707,131.8052,44.7498,78.3471,120.6689,-241.1004,-95.2134,-55.1205
-241.3288,-307.4852,-143.7740,-269.9923,80.9302,-50.7282,118.1443,-32.8430,72.7800,30.5912,-35.6785,-192.4174,151.4212,-23.8197,81.4692,80.5193,-321.9404,-146.7151,-83.9958
-262.5455,-240.3701,-263.2545,-333.0353,137.0160,-88.0432,46.0866,-38.4051,-4.0813,39.9379,-96.2098,-187.5659,145.4741,-29.4064,41.6248,58.0597,-428.4116,-176.3090,-151.1307
-236.6832,-194.8411,-351.4898,-369.9561,118.0151,-111.7697,-36.3165,-22.5579,-29.6030,71.4729,-137.9964,-153.7859,142.4329,3.2885,36.8654,54.3939,-499.8163,-178.7577,-202.0996
-198.9883,-185.6669,-354.3046,-348.5731,100.8419,-99.0499,-42.1003,-16.2060,7.0772,42.9353,-159.3029,-125.4476,138.0858,28.8164,50.6640,42.9872,-471.5512,-158.0758,-181.2133
-175.5983,-154.5236,-304.2795,-279.4923,102.4276,-77.6676,-32.3102,-10.3590,22.6708,-5.9503,-151.1317,-108.9545,101.3139,13.1476,3.5787,21.0923,-391.4123,-121.7355,-117.8396
-134.6378,-63.8408,-224.4192,-231.5160,101.1930,-71.0526,-46.2286,13.0411,-8.9271,-4.1772,-116.8918,-91.6039,27.7325,-46.5137,-53.9525,11.3525,-333.9004,-86.1487,-57.7931
-81.3946,25.4280,-133.8632,-218.5844,71.6516,-56.0613,-60.1836,37.9224,-56.3675,37.8280,-94.5557,-78.6742,-46.4493,-117.2324,-59.7450,8.0010,-287.2869,-58.0152,-23.0994
-60.4961,51.6949,-70.1252,-169.3355,-3.2922,-22.2580,-97.7667,60.6079,-102.3794,77.0904,-81.9005,-61.8706,-92.2848,-163.8055,-77.6831,-20.1513,-224.0633,-19.4321,-18.5929
-65.1923,56.7277,-23.7146,-65.9878,-81.3506,16.9025,-146.5152,115.5660,-103.3595,81.4077,-41.4681,-34.5646,-106.4268,-161.4215,-120.5138,-49.4745,-156.0495,36.6637,-12.6635
-51.3928,98.6844,32.1428,39.0263,-108.0017,67.2379,-133.6893,203.9313,-40.0850,64.5999,5.4724,-23.1194,-100.0289,-101.7770,-110.2474,-20.7777,-77.8950,78.2254,23.7972
-4.7819,159.3232,65.5127,139.1276,-115.7106,121.4147,-93.2427,270.4807,12.3251,93.5288,19.9644,-15.3824,-104.9046,-29.0578,-80.0479,34.9014,14.8326,79.4715,57.6118
55.0072,225.3854,53.2112,234.0128,-150.3982,136.4930,-115.3921,274.4299,7.9794,158.9746,25.1524,45.8282,-139.8628,-7.0812,-117.1452,25.8025,74.3871,63.7411,44.9224
99.2854,318.1548,34.6284,268.8295,-166.1859,106.9943,-158.2444,224.2476,-11.6561,152.4005,37.7582,138.9698,-160.0972,-35.9454,-170.0788,-41.4294,73.9749,65.4540,4.9917
111.5339,383.1529,27.4860,246.2730,-109.8938,79.4743,-133.6715,149.6611,-36.7255,55.5406,28.4779,177.9150,-110.0692,-73.3442,-151.6201,-87.8977,62.9121,77.3713,-16.2896
96.6804,356.6795,6.8435,238.8656,-9.7817,62.1602,-65.6623,68.6349,-84.4140,-33.9500,5.5697,166.3857,-10.1211,-88.8579,-86.6482,-101.4646,83.1926,62.6885,-20.6977
76.4207,333.4782,-16.2988,252.8186,75.6910,12.4625,-30.8850,-19.8530,-122.9451,-69.3195,16.9305,181.8977,67.0050,-55.1207,-37.3128,-103.5604,117.2214,9.7558,-47.4554
91.4339,409.1657,-0.7144,259.6586,103.0573,-61.8378,-65.8553,-92.0971,-140.5205,-73.2519,69.8586,231.1074,77.3685,10.8446,-33.7807,-76.9919,146.8688,-41.4504,-91.5047
160.6098,475.9676,53.1406,285.5372,62.1617,-83.1004,-150.4500,-93.1121,-166.4767,-78.1508,127.3529,264.8219,40.6967,33.8945,-76.0453,-34.5683,183.1351,-48.0958,-100.2435
220.1515,444.3959,96.2044,326.3793,-0.2441,-35.9297,-219.1883,-44.7734,-185.2562,-126.7778,145.9205,282.9059,8.7302,22.0460,-119.2492,-29.4729,226.7184,-36.6201,-86.9388
217.4211,417.4384,90.2015,328.0522,-49.9214,-24.0000,-244.8308,-57.6200,-183.9810,-200.8389,114.2121,311.8694,-3.2009,71.7070,-133.7393,-52.5785,255.4321,-73.7031,-128.5064
231.0180,444.1159,57.9102,299.4784,-124.3588,-108.2305,-276.8242,-152.3591,-211.4708,-209.5764,85.3574,347.0588,-25.9805,159.0461,-155.3137,-55.1261,253.1529,-158.8427,-211.4600
315.9138,465.8421,48.8584,279.3264,-233.5925,-200.6891,-334.6853,-227.3801,-252.7730,-154.8756,104.7400,381.7072,-72.1956,179.6035,-188.3523,-46.5194,224.6206,-225.5132,-252.7455
361.9195,544.7243,58.1827,249.5536,-322.8023,-221.1271,-380.7316,-239.3201,-211.7918,-134.0634,128.7341,413.8910,-126.3156,178.4758,-181.4128,-42.1947,178.5642,-252.7579,-263.7349
318.4779,708.5345,38.1001,198.9855,-396.3917,-204.0985,-412.5170,-221.6261,-108.0141,-154.5355,112.8201,417.7440,-182.2778,231.7269,-147.8133,-1.1866,109.8061,-272.6389,-293.1416
321.6135,744.3260,-21.4671,152.8924,-496.5900,-174.4101,-441.6775,-169.8328,-64.3759,-150.3659,88.5514,391.3288,-222.1121,241.5590,-145.0961,73.2562,26.9555,-275.5653,-297.1842
411.4090,572.5531,-85.6303,120.2805,-556.7364,-114.4274,-443.2335,-93.9490,-82.5052,-109.0935,71.1590,383.8187,-218.9806,158.1459,-158.3417,99.6357,-15.9290,-221.5429,-247.9404
434.6519,466.5674,-119.5839,122.9319,-481.7276,-61.6320,-421.0205,-57.9619,-82.3994,-37.7085,29.0411,411.9529,-191.1513,141.2544,-154.8194,69.5570,17.0341,-122.8299,-206.4145
348.0670,580.7114,-110.0301,185.5712,-310.8614,-39.9497,-392.4601,-50.7612,-83.6657,51.3913,-23.3104,442.0855,-153.6267,242.1727,-160.7763,68.8559,69.4454,-23.1407,-179.2170
295.4251,709.3057,-83.0190,247.1817,-132.2058,8.5963,-308.3799,0.2414,-101.3639,92.9975,-46.4998,469.4547,-65.5165,275.1942,-183.3231,105.0032,77.0730,57.7361,-105.8073
341.3542,677.2702,-85.0609,243.4302,42.1289,89.4387,-147.0814,82.0139,-47.0496,74.9146,-60.4251,503.2011,70.0987,184.3482,-175.5177,112.6740,81.9907,112.3620,7.2092
397.1111,574.2742,-110.9577,234.9449,212.3514,144.5050,10.6020,154.9973,76.5870,99.3064,-93.9221,511.8897,177.9941,142.6182,-120.0876,109.7665,147.1638,149.4202,123.1983
394.6538,569.1420,-101.4766,283.1386,338.8725,188.9565,116.6891,249.7717,148.5370,198.4828,-117.4489,480.3094,233.6014,197.7872,-56.1957,134.0280,229.7254,193.8076,246.0235
367.3520,695.4402,-25.8981,322.0818,388.1001,237.4338,191.2276,349.6743,164.7307,256.6988,-93.2678,450.6435,255.4018,223.1597,-24.0243,135.2081,260.0446,221.1124,334.1050
384.0977,801.9623,82.5498,285.3181,348.0252,226.1758,196.0677,360.4333,195.4298,206.6512,-35.2627,462.1575,223.1583,217.5721,-19.7845,109.4505,256.6974,187.6359,312.6423
454.3482,763.5825,168.2846,219.5973,242.4392,172.3331,92.8810,279.0432,201.3110,129.4007,12.4896,516.4071,151.7202,269.8166,-2.6248,130.6228,269.2184,146.5552,216.2878
504.5816,701.3292,218.7023,207.9833,139.8058,160.1706,-25.0439,197.8196,161.8825,111.2460,35.9536,580.5989,107.8092,311.6336,35.6626,164.9617,298.7336,161.8195,145.9609
489.7365,751.8566,275.6751,264.2628,60.2783,138.7529,-62.5229,146.1676,149.8972,137.1756,61.6170,594.0140,75.4264,245.6672,45.5809,134.7151,319.1946,152.4364,112.6689
474.7403,813.6417,341.3630,314.4210,-56.4141,36.7263,-71.4283,92.6767,147.3483,153.4881,94.5049,541.6368,-4.0420,159.9683,21.6111,107.7323,305.5688,43.9882,63.9434
519.0339,811.3214,341.0776,292.4467,-209.6584,-47.0241,-125.3647,36.5985,102.6304,142.9093,99.4029,491.8230,-85.6742,150.6688,26.0922,141.4416,247.9969,-52.1999,-11.8389
572.5860,836.8958,259.0450,233.2103,-311.3065,-37.9496,-195.2949,-11.5934,96.5826,110.5038,70.5811,477.0287,-110.3494,151.4873,51.3165,141.1976,169.7415,-43.2129,-90.9811
572.3301,855.1177,181.6159,160.6639,-349.8422,-30.9927,-238.6786,-55.5676,153.9605,68.4410,44.4319,440.3465,-128.3953,107.0785,21.1655,81.0396,86.8680,-35.1272,-144.1409
531.1711,757.1469,139.2072,-13.3677,-399.9026,-78.7917,-270.7154,-78.8684,139.6359,54.1905,32.2563,368.6447,-189.3994,66.6702,-44.1945,67.9200,-23.4313,-108.6347,-150.8264
476.6113,660.2889,80.7948,-292.5198,-461.5630,-115.0983,-299.7461,-63.9844,25.0148,82.8455,16.6392,320.6323,-248.4435,47.3763,-56.7856,104.8927,-146.4024,-167.0089,-138.8153
402.0763,685.4214,10.9828,-492.7641,-461.2296,-123.3672,-299.2216,-33.1257,-58.3024,105.2495,-9.5000,299.4283,-253.2628,32.7521,-26.7052,100.7768,-205.1382,-149.1614,-157.0455
306.8307,708.3879,-24.5464,-517.3513,-380.5169,-141.1897,-265.1939,-6.5918,-45.7067,110.6218,-37.8689,272.4185,-208.3368,55.7940,-22.2759,71.1860,-179.0120,-129.9023,-184.0004
231.3477,659.2203,-22.1812,-477.5247,-254.4938,-151.6704,-217.5714,37.2831,27.6793,159.1134,-30.8742,269.7643,-132.2981,113.5956,-36.8217,79.5553,-129.7686,-135.7105,-147.6895
232.9785,669.4810,18.1772,-449.5562,-104.2768,-113.9663,-136.7473,108.5467,106.8155,223.5608,47.7987,306.5917,-28.0583,126.5719,-26.2225,97.9238,-79.0831,-103.8853,-42.3691
314.3611,786.1053,93.8092,-395.5809,40.6684,-31.5373,1.8830,169.0878,146.8460,217.0485,148.5092,321.0411,78.0060,77.5063,9.4570,80.4045,5.0476,-42.8162,61.7076
401.5682,897.5661,159.0056,-316.2869,122.4079,42.5951,116.4942,197.9065,168.4222,197.3104,192.3580,286.9579,113.7628,46.3896,44.7394,49.6445,106.0390,-31.7301,115.3155
437.6007,920.7207,194.5167,-249.5591,115.7532,48.9187,85.3457,225.3984,186.3534,250.0321,198.8567,241.5094,60.4085,81.1254,62.6165,41.2963,171.9324,-71.8931,126.8608
440.2556,874.9497,225.2690,-193.7056,67.8900,8.3116,-32.6637,262.6269,159.7583,289.3675,211.5948,199.1472,25.8707,142.1559,81.9239,47.0189,205.9088,-88.0927,126.8420
426.5602,852.0624,233.2491,-144.8180,46.1203,2.3370,-30.8108,278.8564,193.8748,274.6238,189.3452,179.8693,83.4886,169.2244,155.9407,46.4896,247.5590,-56.8565,141.7991
385.8399,898.8798,195.1373,-105.5219,67.9184,31.5740,130.2908,270.9053,424.9807,333.9740,112.8305,227.9690,146.9711,163.5954,267.5269,59.4704,299.0483,-22.4897,171.2060
343.3513,924.3729,152.9997,-60.9273,106.0983,35.3310,266.0725,263.9096,616.9221,450.1638,55.5773,305.9030,161.3266,185.7870,304.2718,110.6263,328.1149,-5.1738,178.7161
321.5281,871.7423,133.4073,-22.4887,147.0107,31.7278,283.6367,257.0807,503.2710,443.8942,62.5012,326.7773,212.9572,242.6094,251.1868,158.3492,314.6566,16.8093,149.4697
285.8836,839.8456,117.7435,-23.3583,202.9333,66.1929,290.3584,247.1651,338.5284,334.0634,106.2470,303.1025,323.0810,260.4655,241.6895,153.5661,263.7010,41.8434,124.1012
249.4227,874.6572,112.9119,-65.7698,264.0655,98.3875,333.7452,238.5867,375.6135,260.1139,159.7594,284.9102,393.7250,226.9803,302.3874,123.5215,186.0331,32.1322,115.3356
296.7137,900.7611,117.9944,-142.5294,284.4325,66.5829,313.0914,189.7097,378.3318,187.4724,197.2830,242.3200,398.3310,204.4520,302.0385,92.8011,95.2933,-33.2636,71.3405
414.9625,904.1089,101.6076,-229.8910,239.5679,-32.8054,205.7603,73.3198,256.5604,79.0350,191.1194,172.8376,380.5875,184.6928,238.0564,41.1000,29.8789,-124.2223,-11.7176
493.3607,911.2215,79.8094,-246.4436,167.8108,-154.6031,123.2284,-23.5000,265.1277,47.7708,156.5419,156.2521,341.7922,131.4513,247.0625,2.5733,30.6574,-178.3520,-66.6572
511.6119,906.5294,79.2515,-160.7125,126.2123,-227.6197,109.5326,-20.6566,328.7680,100.0783,126.9541,193.6483,295.2859,105.7674,306.3594,20.1670,76.0966,-171.5218,-88.3226
511.7795,918.5593,66.8580,-84.9129,116.6700,-236.2192,100.4920,5.0976,216.5446,106.8657,108.0570,193.5521,276.3908,155.1551,280.6405,31.0397,94.8794,-165.9847,-133.7142
463.4137,955.7097,35.9843,-116.1057,82.5405,-259.3336,70.6448,-45.8590,132.1740,70.0005,98.9413,149.7619,258.0409,210.0192,206.9469,-2.9600,56.9261,-223.0309,-190.2719
376.1495,921.4635,25.1045,-196.1619,-11.0907,-325.1292,47.5628,-126.9214,225.0490,73.7793,99.8167,133.0761,212.4808,204.2374,202.6620,1.4166,-6.0076,-296.5209,-204.2333
361.0215,821.2725,14.2372,-233.8536,-123.1311,-359.0724,28.4273,-146.1775,222.5643,99.8856,94.6768,138.5049,172.1527,143.2735,239.1252,66.5952,-60.5203,-317.4098,-189.7506
400.5932,789.9094,-29.6173,-222.8627,-197.5828,-345.6038,6.4675,-107.1119,93.3534,120.6455,68.1430,110.2232,154.2076,68.4710,262.6798,105.8569,-90.8703,-315.7298,-176.8272
341.4389,817.6091,-75.1546,-186.3982,-248.1447,-332.8201,15.9766,-52.0169,130.2097,170.9762,16.7431,59.7770,161.6643,63.4077,312.7257,101.8016,-83.2993,-337.7755,-142.8386
217.4898,810.9611,-108.3465,-131.9325,-315.3656,-295.4464,77.8317,20.1592,286.4773,249.8979,-49.5352,47.1269,192.6554,157.6388,370.1315,98.2788,-39.2889,-341.7597,-78.3079
222.3427,829.1565,-135.4608,-62.5785,-360.0413,-202.2448,158.9902,115.5158,326.4673,326.0383,-91.9126,96.2148,155.2014,225.3451,356.1826,91.3833,22.6641,-276.3230,-18.5437
344.9012,934.9709,-102.6156,35.9911,-302.7257,-110.2456,215.8703,198.9142,322.7094,376.7731,-72.9333,173.3843,-10.5697,178.3045,312.8459,89.0677,93.2398,-164.4304,14.0553
413.0349,1045.0482,10.7912,167.3295,-170.4281,-65.8051,243.0446,228.4102,384.6917,351.0164,-1.0870,218.2174,-143.0072,121.0222,334.4964,116.6933,168.9126,-65.1525,25.3586
413.5444,1088.0192,116.9143,273.4414,-78.6403,-55.8966,262.2922,209.6223,408.3202,248.6566,82.2248,207.9404,-90.5264,146.0260,392.3581,130.1395,227.8467,-11.9464,25.7210
420.3146,1061.4983,151.4185,310.0421,-61.2341,-49.3166,262.4522,194.4383,357.1341,199.0786,123.3360,197.0124,27.9533,220.6104,411.8974,107.2024,247.2710,23.0310,24.5620
395.3510,985.5932,143.0627,336.6469,-48.8186,5.1880,207.0147,228.2612,336.7206,295.5302,102.8686,238.8426,75.6058,320.4980,400.5083,124.6155,243.8420,88.9585,33.6206
332.5757,939.0844,146.8076,404.0250,-3.7017,90.4896,143.2955,301.0448,407.9942,448.8258,98.4539,280.9837,115.7930,388.8154,395.8786,193.5819,255.6128,146.5379,70.6901
335.9498,943.9006,206.8277,431.9813,47.5668,78.4151,170.7618,346.9668,527.6403,504.8366,176.4867,230.8273,186.1406,298.1208,400.4916,208.7520,279.5156,105.7270,130.3585
405.5135,882.5233,302.4987,351.8854,75.7048,-38.5529,240.5954,310.6243,554.8877,410.9262,246.8882,115.9970,207.6485,107.4333,393.6266,149.0321,277.8050,-3.3151,151.6275
434.1722,761.6334,335.4131,253.0982,53.1418,-104.3966,201.6608,224.6856,413.1837,255.9579,220.8810,60.1390,177.1804,59.6982,354.0629,114.2639,250.4830,-65.4472,96.4471
424.3817,772.5686,284.8358,230.9084,-27.7261,-136.9040,76.8175,173.3521,269.7007,181.5895,186.6903,98.1936,141.0959,172.4405,292.7415,134.7526,233.9565,-62.3711,23.4239
436.8231,909.5924,247.2231,238.4421,-116.2194,-314.6522,9.3211,166.4466,266.3017,204.9288,214.3721,146.7027,67.4053,224.1752,247.7362,139.3500,226.5424,-57.7581,-27.2395
430.5872,929.6312,236.5433,210.8493,-184.7286,-576.3027,-23.2421,134.3776,265.8601,202.7339,208.8438,151.7549,-36.1660,166.6440,225.2668,111.0091,185.6783,-91.6115,-106.5356
356.2596,771.5152,157.2501,155.5663,-283.3691,-686.2480,-118.8916,56.4745,171.0049,136.4778,118.8138,126.8975,-62.8707,140.0184,208.3108,111.4933,87.5637,-175.3907,-209.5557
245.3355,628.4026,3.7375,74.0282,-399.1049,-629.7889,-199.7464,-7.8017,104.6557,107.8367,29.2877,76.0564,17.6255,161.1059,204.6167,145.2888,-46.2587,-257.8802,-243.7505
136.0134,620.3599,-108.3364,-6.7973,-406.7211,-556.1868,-151.8497,-12.9491,118.5162,145.7702,-1.8027,16.1634,122.1585,144.8426,217.4809,141.6225,-138.6733,-233.1448,-199.7896
78.6871,684.9723,-89.2681,14.2877,-273.7582,-506.7755,-43.5958,29.1905,154.9417,175.9866,19.3012,4.2167,196.6142,104.9828,226.5200,100.8327,-107.1057,-111.0007,-152.3462
137.1501,741.6426,32.2572,141.6487,-134.5908,-447.3323,7.4744,82.9422,211.4537,192.2182,71.0372,37.9995,233.0924,101.2745,228.1531,112.1909,1.1865,-19.1196,-119.0261
251.5032,780.3928,128.8248,226.4893,-81.7240,-363.2022,7.8746,130.0632,248.6524,237.7390,93.8933,55.3171,223.0619,123.1278,233.2648,184.4006,35.2527,24.7553,-76.4571
282.9702,797.4158,118.9509,208.0638,-67.1459,-246.9974,23.2803,184.0321,220.4135,282.9312,59.4637,71.4183,199.1405,143.1913,250.5408,219.1364,-27.8162,91.7261,-24.0189
245.7361,761.0968,77.7429,176.2935,-44.4889,-146.2530,70.9389,233.6231,233.2440,270.4409,32.7248,139.0578,213.1569,171.0940,293.2789,186.2954,-56.8237,133.9868,30.6496
259.1134,699.0891,97.6271,169.2675,-38.4990,-139.6340,106.0113,211.8478,340.2943,199.6676,48.1947,205.5060,238.9160,208.2019,335.1522,164.4321,-0.3181,84.3909,54.0977
312.1195,705.1049,149.3799,166.0922,-58.4219,-189.7513,83.8241,121.8420,404.2626,130.2820,67.1672,205.6270,220.3320,229.0584,317.2965,194.7599,69.9162,39.6049,21.8039
312.6413,776.6455,193.5294,201.8787,-68.4144,-181.6642,39.9737,97.1957,380.8956,154.3425,86.8062,193.1198,188.4840,222.5316,268.1440,226.0342,116.8624,97.8666,8.2897
270.4271,806.2291,244.5226,280.4276,-56.5398,-108.5804,37.0024,198.0726,360.7399,285.1523,112.4314,215.5367,195.6440,205.6399,269.0806,206.6112,149.4474,187.7089,73.2199
257.0176,779.2551,287.1347,331.8950,-56.0684,-56.8425,45.5369,298.0982,349.3045,387.4952,111.4268,223.4529,199.0331,199.5493,282.6410,162.4636,171.2281,218.6151,127.8641
294.0578,772.0558,316.1700,353.7015,-88.9138,-49.1549,14.3123,300.0096,354.8906,368.5490,114.2220,201.0522,147.8005,215.8167,225.7469,165.3093,212.2801,213.4975,114.9356
350.7113,781.9894,364.6110,387.4584,-140.9917,-34.2730,-13.2004,271.5353,433.1176,325.9660,169.8893,197.7486,97.7082,241.0640,155.3899,220.1162,274.5442,208.3453,132.9907
375.1092,762.5253,382.4862,387.8150,-189.8641,4.0896,6.9846,287.4683,483.7714,336.2349,203.4796,211.0165,117.6907,227.0862,160.2777,243.3413,283.5515,189.2623,227.5161
354.4994,732.9837,297.1372,318.7754,-202.5777,31.6260,31.2214,336.2644,395.9674,310.8901,142.6243,199.4722,177.3362,156.3360,188.2170,196.5719,227.5773,167.3050,314.8661
347.1129,727.3219,184.9838,258.2876,-134.7640,52.7624,29.8540,405.4890,303.0428,226.7571,66.2596,162.9198,213.0382,102.7262,162.0365,132.7248,191.6097,184.5765,367.8112
368.5083,743.3953,151.6079,261.7197,5.5553,109.0538,50.6433,492.6923,344.4405,227.0805,55.8576,116.3569,218.9748,125.5199,128.9300,83.7297,182.3911,230.3889,425.6118
336.9073,758.8224,169.3658,282.7627,145.3237,168.9960,145.5684,553.8405,461.6898,357.2118,84.3155,69.5754,233.1769,156.4083,174.7505,52.5117,140.1350,255.3764,472.2555
242.0340,740.8376,186.6562,289.2354,242.0773,163.2224,302.1593,551.7604,577.6481,465.8215,109.6271,42.7294,288.0032,126.0997,287.8438,81.2735,100.8706,268.6536,483.6976
201.6533,695.0626,198.6116,304.0203,308.5799,134.6417,432.8945,513.7394,630.2278,454.7005,99.5426,27.1714,364.1977,94.6475,370.6961,167.4632,128.1623,315.9585,479.6740
257.6396,655.5084,193.2652,339.3297,339.9819,166.0930,452.9754,482.6613,543.2097,395.5991,36.3878,-9.9887,397.8961,115.8213,365.0074,214.0702,196.6013,375.2628,461.3491
321.0475,591.7694,203.1575,391.7834,323.1365,212.2936,391.3628,448.7474,409.3693,352.4438,0.7788,-54.0333,375.6148,134.8893,324.9997,185.5056,284.9332,391.4780,413.6305
354.5326,489.8552,278.7158,461.2586,275.9287,212.0455,329.7933,370.8916,382.5504,286.9331,70.8205,-61.1669,346.6046,134.7207,314.4937,161.5164,407.9669,380.3987,342.5367
400.4085,458.2415,348.7856,539.3761,201.5704,233.3540,262.7778,258.4407,376.1247,189.6218,149.7570,-18.1213,311.9475,182.9874,300.8675,177.3830,520.6808,383.7819,258.2911
451.6945,532.8779,336.8281,608.1846,96.0309,314.3754,159.2541,176.8980,271.7731,136.2529,125.0311,64.7408,247.9728,265.3766,250.0112,174.5456,565.1670,381.6487,185.9250
466.8073,580.8658,324.3917,631.2259,9.4390,352.4404,70.0593,148.4224,197.3543,151.9774,76.1114,136.9518,218.2485,279.5964,213.4675,129.4128,551.4229,336.7812,159.5574
450.8099,573.4416,363.6984,566.7127,-18.9620,292.8241,49.5708,131.5065,260.2585,171.0004,98.9807,119.5756,277.0655,217.3426,226.3442,105.9895,487.2441,259.5779,161.1971
424.4768,624.1080,349.2084,443.2198,-24.5248,226.6498,82.6058,121.1340,356.7357,172.7790,123.3132,35.8641,348.1723,168.7097,247.5281,156.1637,364.1870,192.9616,147.6156
397.7718,691.3530,244.1642,354.8978,-20.2905,226.2760,128.7832,141.4715,382.0208,187.1572,89.1983,3.2852,364.5014,162.3443,241.8627,223.4270,244.0797,177.0560,124.6773
388.3566,621.0944,164.6122,333.2611,39.7453,251.4851,150.4289,151.5788,309.5945,177.6029,72.8165,26.6763,375.3097,150.0416,212.2264,212.7821,208.8180,211.5285,120.7063
377.4341,439.6347,172.3043,326.4019,153.2021,253.0947,144.6124,120.7330,167.4046,126.9786,106.9104,7.7703,412.2277,122.3118,176.8420,154.3761,245.8867,251.1379,151.3512
312.3205,306.4220,208.2375,321.6893,262.3066,256.1523,167.5311,130.3924,102.0792,143.9495,107.3826,-36.6139,434.4640,123.2297,174.3404,165.9359,287.7445,272.8835,222.2924
221.7930,293.1143,201.3845,361.2151,340.7642,295.7771,239.6580,229.2884,206.3607,266.3621,46.5165,-15.0507,428.0679,162.3454,224.2161,244.3026,309.6796,294.2496,294.6641
194.2226,349.3953,128.5290,434.7031,390.9659,330.4067,306.7315,315.8243,343.2656,353.0393,-3.8734,43.8902,407.6819,199.4125,286.7036,283.0262,332.0219,309.5395,322.3075
208.5557,369.3061,40.6845,469.9224,413.5205,305.2470,356.7048,318.5874,406.5507,342.0691,-7.6770,61.4653,376.3288,219.3639,320.2511,272.1939,360.1556,297.4662,337.9150
175.0812,304.5207,18.6742,430.3389,409.9543,264.5817,410.2497,312.7048,461.7379,334.1812,19.0539,60.3069,351.8113,248.9626,325.8735,273.9787,357.7487,270.6851,368.2900
131.2662,240.0423,50.1371,359.3168,368.6154,278.5770,416.1523,339.8552,480.9507,352.0566,73.9128,92.4206,340.8389,291.1637,319.6364,280.7202,308.9153,246.6118,356.7577
165.5219,237.8465,53.6500,319.3867,288.9179,314.8680,347.6543,320.5246,373.9489,335.1162,132.4459,136.9123,318.4579,307.5874,313.8726,269.2542,264.3696,223.8852,303.3999
208.3665,211.8128,16.7312,307.5107,210.3743,306.4975,281.2194,216.6262,258.8013,306.5890,145.9489,142.7134,299.8451,268.2863,300.3398,265.8409,250.3775,194.7942,289.6967
163.6201,124.3615,-12.1322,272.9107,143.3871,255.5328,239.7248,89.0128,269.9343,278.8964,139.4207,97.8705,315.0458,174.8449,253.1212,259.9060,224.8777,137.2007,302.8788
137.5612,108.7577,3.7942,235.0450,62.4534,201.2422,162.0080,-13.7740,286.0394,196.6264,184.9754,55.1280,318.7189,61.4542,181.6565,207.1665,205.7308,75.4381,282.2845
266.0874,253.5505,96.7742,289.2220,24.9401,201.2588,81.3698,-68.4605,179.4405,112.7860,275.4253,90.8899,284.3955,-2.2994,116.6485,138.1845,271.3373,124.9690,283.4905
462.9969,465.2104,251.8308,438.6567,125.6644,309.7509,102.1383,-48.8279,59.3241,122.8405,347.1241,196.0216,289.7094,24.7724,59.1095,121.8525,374.4117,314.9051,352.5770
577.4381,607.4628,358.8662,547.8102,320.6474,461.3672,214.9905,-6.1007,56.0241,147.3857,377.9313,268.0853,367.7339,76.9966,41.1465,151.3625,380.7717,479.2336,397.7476
613.1121,633.4199,342.9883,536.3531,486.8946,510.1864,317.8916,-50.9994,110.1892,86.5959,377.0993,251.1980,446.0121,55.9283,122.3033,168.0120,299.3617,502.2988,362.1735
615.3872,582.4913,275.6411,478.6249,591.8555,449.1887,361.3685,-178.3428,107.1420,14.1869,352.7900,184.3892,495.8044,-22.1269,245.3990,150.3363,245.3893,472.1776,312.3495
561.9597,512.9295,250.0291,448.9830,643.2156,401.5218,369.2977,-268.8926,81.6698,1.8682,322.1973,110.1468,538.9993,-56.4902,304.3339,122.3357,239.4466,467.5570,284.7878
470.8578,438.5633,256.5391,421.6391,607.9074,404.7543,367.1195,-285.5576,145.3904,19.9470,296.0551,45.0289,541.1254,-23.0356,334.7947,111.3923,230.5359,448.2632,246.9594
404.3094,354.5456,251.0520,373.7966,489.1309,393.0381,332.0839,-292.8366,228.3303,67.8498,271.6161,8.6697,473.1105,11.2222,377.4473,121.6257,213.9071,393.5793,195.7912
351.3974,282.2995,229.4350,338.5952,342.3290,328.4185,229.5521,-312.6613,144.4539,129.1259,247.7931,-3.5935,370.9765,11.5361,330.4518,130.9873,207.6326,317.9619,160.7392
269.6122,210.5612,188.0941,315.9238,194.0594,227.7438,99.5275,-319.7890,-27.2900,121.9911,203.8553,-29.3084,252.6861,-5.4618,193.3063,116.0875,199.9831,211.1186,158.6751
168.9285,85.3851,113.6088,261.3028,56.4284,135.9414,31.5888,-316.4080,-16.2948,87.5924,125.4179,-76.9841,132.8135,-34.7205,145.5512,87.6083,168.1519,104.2838,184.9411
71.0880,-62.0145,48.3353,185.9383,-40.3435,87.5407,33.4244,-315.0273,137.0429,146.9184,76.6769,-105.5835,77.2981,-54.0939,206.8595,73.4035,120.1587,53.9521,199.3944
7.1479,-113.4431,66.0647,154.2930,-110.0294,47.1745,9.7010,-330.7253,139.7828,210.1575,123.1719,-86.1637,75.4946,-16.4631,196.2213,54.8655,108.3377,19.3204,156.2949
33.8196,-41.9024,141.8869,174.8088,-208.8826,-28.5648,-102.0680,-390.9207,-21.5910,102.9902,203.2979,-47.4635,13.8958,41.3727,84.3028,-15.0161,152.1912,-69.4960,79.1225
120.5751,52.6330,156.7959,188.1956,-329.6505,-79.4760,-223.6024,-463.6211,-105.8752,-82.0968,212.9031,-35.7168,-95.7366,25.2443,22.3636,-110.4964,166.6475,-159.2076,41.7647
137.8736,99.4082,70.5548,158.7339,-385.6594,-31.4115,-210.9002,-463.4442,-46.1919,-130.6119,146.9051,-49.1360,-101.6965,-39.1805,70.6015,-151.2278,83.5069,-155.6368,70.2198
53.8519,108.9439,-39.4366,104.0278,-315.0879,66.5948,-43.8482,-388.4478,50.2164,-46.5657,60.9742,-58.7878,16.7769,-57.4594,168.2249,-126.2508,-22.4989,-82.4297,123.5847
-33.4936,81.7965,-124.3358,55.3550,-147.6685,134.5392,145.5018,-306.0774,123.7288,36.0238,-4.2785,-68.6250,132.5592,-55.2341,260.7414,-82.3970,-65.6587,-16.4978,164.7058
-80.2770,15.4604,-192.9533,44.1675,30.1968,191.2119,256.8434,-219.6738,128.4032,75.5932,-27.3920,-78.9284,198.9808,-78.9782,308.1370,-44.0473,-72.2630,51.8333,189.8581
-125.0901,-13.5943,-220.2169,94.2417,150.2327,277.3797,281.6132,-127.2090,7.8567,76.5834,-22.9804,-49.6012,244.8257,-56.4450,279.8834,-50.8002,-65.1921,161.8096,180.0745
-178.7263,59.2409,-179.1447,186.6805,202.5981,346.6614,201.3186,-113.3283,-170.5054,19.2953,-21.3591,6.7358,244.3993,16.2251,198.8553,-133.8911,-5.9017,259.0213,104.3570
-210.6635,142.0510,-96.2849,262.0490,214.5872,326.1516,44.1144,-209.4667,-250.5427,-78.0956,-5.7337,4.3108,191.2757,4.0390,129.8808,-201.2552,97.4628,266.3961,7.0001
-174.9036,114.4352,12.8125,273.7086,206.9933,229.8472,-52.6129,-314.3533,-203.6836,-164.6958,39.5237,-59.2382,153.4813,-89.4417,114.0214,-160.3793,182.4162,208.6937,-23.7638
-53.7899,23.0583,136.2298,224.3481,182.7948,137.0211,-36.7734,-361.0239,-156.0455,-218.0260,61.1895,-82.1627,143.3467,-104.4972,126.6472,-104.2429,208.1666,142.8171,-3.2247
53.6479,-38.7973,186.0905,155.0863,140.7940,78.5052,-10.5239,-380.2137,-162.9605,-222.2929,23.9952,-43.8997,99.0575,-34.1659,117.2985,-127.0327,153.7606,65.2353,-13.7362
20.6692,-88.6569,96.7217,97.5643,75.0125,21.6060,-14.3058,-380.0708,-126.8618,-154.5966,-21.4747,-29.8072,20.0504,-1.8050,89.9979,-140.5680,34.3622,-25.6556,-47.7727
-95.8535,-127.9780,-46.8609,37.8549,-23.0087,-43.7901,-5.9926,-347.3657,-24.0357,-45.2390,-31.8065,-65.4340,-34.2350,-3.7743,85.5702,-106.1451,-73.2604,-110.2675,-68.1054
-140.0846,-95.0586,-130.1501,-36.7212,-134.2772,-100.6661,-16.7887,-319.8610,15.0022,26.8780,-31.7285,-97.7783,-47.9489,20.0707,96.6745,-147.5095,-121.1695,-201.6644,-118.7024
-106.7140,-35.8976,-151.2953,-78.4996,-209.4506,-159.3032,-79.6004,-321.5280,-33.5967,35.7623,-48.4835,-109.7278,-44.2320,24.5353,84.8140,-259.3159,-133.5079,-281.3686,-201.3224
-90.1165,-50.8997,-138.5580,-46.0112,-220.2017,-212.8794,-134.8098,-312.8016,-35.0090,37.7930,-70.4078,-123.1476,-38.1150,-21.4275,51.8882,-258.2611,-113.9023,-271.8742,-214.0101
-105.6514,-94.2961,-77.8717,17.5893,-176.4276,-201.3593,-129.5467,-266.3983,46.8805,77.1657,-80.7507,-136.2202,-36.4843,-48.8755,38.4065,-116.5157,-42.5235,-169.8016,-126.1694
-111.5975,-72.3238,13.6249,67.2494,-86.8368,-108.9955,-55.2898,-195.9037,152.6792,127.2455,-78.0074,-131.3899,-28.5863,-17.8399,81.4259,-10.2404,50.0836,-45.2249,-18.6055
-68.9251,-14.7884,82.7081,127.0975,34.1667,-6.9846,53.4018,-115.0291,255.5243,145.8555,-61.3419,-108.4725,2.9783,26.8037,154.6240,-24.8322,125.5464,87.3581,60.1968
38.2643,13.6373,122.9628,190.8254,135.4588,47.9485,73.5668,-46.6351,230.3161,121.8495,-30.5531,-89.8580,35.7781,29.0409,159.9302,-78.7040,178.4082,213.4090,103.1387
136.6657,13.0234,154.2863,188.1757,174.3917,57.4390,-50.3438,-27.2245,-32.5633,52.6252,-6.9264,-104.2242,31.0467,-24.6507,79.1872,-106.3459,184.6099,253.9128,88.9938
137.1311,16.2703,154.8084,121.8214,152.6624,36.9331,-173.9694,-53.6528,-273.2123,-45.0564,-16.5347,-149.0883,-9.0533,-78.7240,37.8540,-123.6880,130.1579,208.3063,32.4952
99.9791,56.3534,110.4017,84.5711,81.8193,24.3258,-200.5669,-68.1919,-183.5519,-97.9774,-41.7668,-181.9017,-59.4404,-55.3848,80.2760,-137.5387,68.3506,187.7319,-11.8743
126.0450,99.2782,75.9719,108.4431,-5.2219,77.4738,-216.7852,-20.2448,22.9536,-49.4993,-44.3589,-175.0379,-99.1018,27.5991,86.2285,-121.8929,39.3765,244.8020,-23.7712
165.0454,53.1586,96.9168,142.9128,-43.0980,185.1268,-257.3555,69.8471,-14.8403,39.4432,-28.0502,-148.4690,-108.4581,77.6408,25.6518,-88.3012,25.2155,321.7809,-22.5430
141.9795,-41.0961,133.9678,169.5887,-35.4549,250.0757,-281.4023,122.2643,-193.9344,64.8247,-11.9548,-124.7861,-101.8244,69.9599,8.5824,-85.1685,35.8076,338.2968,-40.5249
103.1886,-37.8484,143.3136,210.2097,-70.1745,210.3690,-331.6979,88.5295,-256.7664,13.5048,11.3965,-92.1437,-114.6798,51.3511,41.5346,-114.2955,98.9260,263.4709,-104.9797
94.8398,28.5930,151.6491,256.1422,-148.8797,115.0941,-402.7204,6.6785,-236.3273,-65.3696,45.3279,-34.4058,-111.0055,51.5100,37.4222,-133.3227,170.4940,158.8186,-189.8606
96.8743,27.4715,181.7876,277.8197,-150.7704,53.9869,-376.8718,-52.9318,-220.0667,-128.4251,89.5212,34.8603,-15.2340,89.7496,10.6526,-125.3345,185.5662,109.2710,-228.0802
107.9126,31.8482,192.6041,267.3308,-21.3622,59.2191,-252.1201,-48.0517,-153.4982,-119.6207,148.8437,91.3972,141.9533,179.0670,24.0613,-83.8813,148.5162,104.5943,-192.1031
129.9576,134.6770,148.4382,231.3761,152.4444,96.3927,-127.7583,19.2143,-53.8591,-35.0697,169.1750,126.7520,252.8317,268.6556,69.1515,-3.0427,97.5892,100.6277,-107.6852
128.2488,183.6806,67.3115,173.3422,267.4921,123.8451,-23.8122,83.3907,-47.3056,1.1149,80.4166,130.3922,287.9218,285.5954,113.0116,58.0417,51.0044,111.7180,-26.3684
85.6793,65.4982,-16.2755,97.2632,300.1051,136.4754,39.4748,79.0680,-149.0065,-66.4421,-58.5482,82.0184,284.4822,239.5075,129.0565,33.5488,6.1858,141.7289,5.0885
12.5588,-69.6323,-77.6907,17.5220,287.7837,151.7818,21.0008,63.1415,-214.0426,-67.6683,-141.8014,-0.5706,240.7690,192.5383,97.0983,-24.7577,-55.5289,169.6792,13.9606
-66.8034,-104.0823,-114.7251,-39.4331,257.4694,165.8446,-9.9956,128.6059,-127.3309,87.1457,-189.6685,-54.6007,145.8856,157.8459,54.4201,-39.4790,-127.2339,199.8387,63.2172
-88.1213,-104.8283,-142.0766,-52.4787,197.5309,145.6809,-2.3706,205.7919,33.3662,175.9973,-232.3399,-55.7695,52.7506,108.1373,48.1961,-37.7253,-144.2995,203.9214,106.4663
-22.6546,-99.6592,-135.1078,-31.3314,123.6346,81.1936,-36.6711,161.3276,98.9004,38.7091,-196.7786,-48.4080,21.2917,47.3441,44.7434,-50.5431,-72.7676,152.6119,52.1583
46.7396,-47.0743,-54.4061,-7.6886,86.0541,19.8206,-121.6300,38.3302,49.8394,-127.7043,-96.1561,-58.5783,24.3507,10.0959,6.8151,-42.2948,18.8792,113.2466,-49.2655
55.7081,7.9055,35.5251,7.2122,68.4523,15.0842,-163.4637,-15.3892,14.6089,-114.8724,-72.3217,-54.1669,-12.9622,5.2846,-18.0793,-15.7320,52.9153,117.4250,-88.8125
53.1766,6.1922,17.4547,26.2588,11.2427,54.8277,-153.6505,36.1306,60.6306,-4.3942,-143.0735,-21.6782,-89.1096,0.4773,23.5477,-6.1970,26.5609,82.5004,-78.5678
73.9797,-7.4592,-97.5054,26.4716,-77.6814,63.6624,-122.8075,114.4252,131.5511,48.8204,-190.1678,-5.6937,-126.1077,-31.8810,110.5596,5.6517,-38.8587,-19.5066,-91.8668
74.0731,-1.5851,-205.8685,-58.9232,-174.1835,-25.3155,-72.8849,129.3676,142.0317,20.4120,-193.0936,-42.7131,-106.8383,-80.3956,168.2122,19.8351,-129.9398,-168.9127,-154.9476
32.5360,-43.6396,-262.9324,-225.0691,-268.7163,-186.6507,-55.0847,52.3326,81.6328,-48.0682,-207.0995,-109.3370,-91.1861,-124.7188,135.9070,-28.8680,-206.3327,-355.3153,-239.6934
-10.3923,-153.7119,-248.6730,-346.1519,-257.6944,-302.9792,-67.9069,-34.0437,39.9577,-102.7383,-196.4813,-154.2980,-74.8816,-167.1280,43.2572,-138.8722,-229.2196,-430.1356,-264.4312
-16.0176,-229.7697,-138.5720,-338.0364,-60.2631,-298.4504,-11.7299,-34.1018,60.6757,-113.7567,-107.5065,-149.8628,7.0142,-197.1232,-24.9654,-215.0674,-215.6349,-339.7147,-183.1598
4.5571,-225.2376,-8.8493,-268.2305,171.2812,-215.6243,84.2864,24.8761,79.7089,-104.5229,3.8753,-106.2705,127.1769,-168.2575,-57.2203,-207.5670,-193.2111,-443.3488,-68.7495
-0.7174,-235.8736,28.2932,-205.1461,267.1981,-97.0597,116.7269,97.4922,117.6515,-50.8783,53.8324,-60.7844,178.9375,-76.5540,-88.5580,-141.8757,-143.1627,-878.3896,32.1881
-44.6191,-300.9820,-1.4913,-118.1315,299.6404,66.5824,152.2985,219.0433,226.4983,96.1058,37.7017,-52.1187,118.0849,-10.6118,-83.0304,-45.6096,-56.4663,-1076.4952,165.8482
-68.5214,-320.3891,-27.0466,-27.3064,347.0189,199.5808,232.0945,344.7139,236.8044,209.8000,-14.4984,-82.8319,-19.4826,-35.3006,-5.2868,40.5662,-1.4033,-749.6445,276.4026
-56.4213,-269.4250,-91.4717,-49.2480,306.1240,170.6378,209.4400,341.4323,40.6822,124.0353,-98.6061,-117.0848,-172.0324,-92.7309,71.3364,36.9567,-60.5607,-471.2196,238.6821
-71.8278,-246.9957,-226.2952,-196.6469,136.4532,16.1565,66.6157,235.0977,-91.4135,-40.8455,-193.9332,-131.8040,-286.0442,-112.0758,61.2871,-84.4014,-212.0122,-569.1114,111.2223
-123.6293,-263.4874,-327.9407,-327.9402,-46.9805,-98.0865,-42.3752,167.1803,13.0675,-75.5263,-238.8146,-139.4244,-376.6310,-120.1542,-28.7038,-217.0581,-331.5872,-629.8775,35.1536
-149.8898,-255.9036,-315.1271,-352.6385,-173.7832,-123.8527,-118.7857,133.9825,124.1193,-47.8752,-216.5393,-151.0526,-495.6499,-154.4361,-140.7482,-233.3328,-326.0745,-484.3366,0.3894
-136.5851,-254.7396,-249.4203,-316.5790,-240.2372,-126.1990,-237.2414,59.1228,107.9491,-94.6027,-185.8057,-164.6447,-594.0280,-185.4713,-220.1033,-166.2155,-226.8123,-422.8518,-44.1247
-113.7022,-284.3072,-206.8541,-272.9467,-246.0758,-122.9849,-332.1609,-18.2033,60.6381,-147.2725,-169.1296,-178.6136,-575.3726,-181.1729,-247.7446,-148.9529,-129.2727,-443.3369,-86.3919
-100.7118,-280.2250,-168.6460,-210.8128,-257.4404,-92.3368,-377.7646,-42.2161,-38.0031,-158.7560,-125.6683,-168.8133,-479.0471,-132.4600,-250.9623,-194.3348,-68.9512,-350.5417,-145.1284
-121.1192,-264.1432,-99.4184,-116.0337,-328.5812,-34.6690,-432.9077,-35.4865,-174.3825,-229.2370,-68.7690,-106.0439,-408.2151,-36.6131,-243.2237,-210.2381,-7.5919,-241.5898,-216.0140
-159.8040,-308.7804,-29.1064,-15.0749,-362.3060,36.7535,-439.6220,-15.8346,-201.9501,-349.1719,-55.7642,-31.4719,-354.3495,49.0498,-214.0301,-193.2576,66.5131,-184.0262,-222.6559
-134.6697,-317.0916,10.1153,53.7408,-252.7591,93.4752,-336.7467,15.5044,-215.3458,-371.1361,-57.5296,-15.3636,-270.8960,43.7214,-196.9190,-204.9745,103.3096,39.4941,-175.6468
-23.4279,-188.6092,52.0049,82.2253,-52.4413,118.9707,-209.0792,58.7032,-354.6299,-254.0751,-4.9212,-38.4226,-182.5561,-16.7673,-219.6184,-220.8358,78.2381,496.2074,-145.0144
73.3470,-73.8781,116.8050,93.9989,130.5560,147.9062,-91.9971,152.5062,-373.3138,-96.3984,72.5554,-40.8533,-110.8541,-38.6836,-215.7809,-181.0769,40.6916,910.4215,-84.2776
67.0082,-132.4341,143.3106,106.6676,243.9022,185.1796,67.2918,276.5541,-137.3843,-35.1319,100.8988,-43.9807,-42.9947,-41.4500,-131.7802,-115.9324,44.9940,1037.4449,42.1017
-13.1852,-267.6540,96.9139,109.6441,276.5930,160.1088,211.3047,293.2821,-13.3365,-184.2849,87.8221,-93.4344,7.3841,-88.9334,-43.2936,-109.2011,90.1041,939.4839,124.4535
-66.6221,-333.5091,44.1344,91.9713,259.7160,55.5316,250.2993,166.1107,-193.8052,-474.6928,89.6567,-164.9173,24.5813,-155.5691,-41.8391,-194.1081,139.4687,844.1117,105.1128
-41.7715,-337.9190,37.2636,72.5756,228.9820,-53.7935,226.3415,41.4930,-368.2744,-631.2893,118.5968,-219.9234,14.9596,-209.3852,-100.3668,-314.1925,157.4910,826.2661,54.6358
-1.3544,-331.1504,50.8611,77.7660,164.1191,-136.5866,195.8574,-9.1373,-323.5053,-526.0825,150.0708,-254.3537,-31.9443,-269.0544,-134.3257,-377.9119,137.7617,762.1993,-0.8720
-6.2480,-320.6960,64.8184,96.1197,63.0377,-222.5210,137.4528,-65.2788,-215.4526,-367.1691,173.8074,-266.6074,-109.2891,-312.0197,-126.7064,-379.1091,111.3383,615.4702,-80.1835
-3.3154,-310.6422,74.1142,85.1104,-9.0425,-302.3820,44.3764,-152.5672,-226.9100,-356.4980,186.5947,-272.2117,-164.2367,-305.0282,-134.3948,-405.2269,95.1927,494.4236,-157.7864
31.1299,-302.2295,50.3930,27.2412,-35.2110,-334.6448,-42.6359,-218.1683,-318.1046,-411.6375,169.0670,-304.0896,-175.7400,-291.3711,-178.5799,-478.2775,59.2029,412.9229,-214.8263
-1.1177,-302.0674,-0.2737,-44.1140,-61.3433,-294.0964,-72.7195,-235.9954,-302.5701,-366.6248,123.0679,-338.0882,-161.7119,-288.2628,-193.9630,-501.4236,-2.3132,331.0680,-238.4274
-118.8749,-337.4352,-28.5440,-72.6649,-60.6053,-168.2859,-24.2066,-176.5109,-151.8281,-209.1037,92.4828,-313.8001,-108.2621,-219.8190,-139.7507,-411.1967,-25.1500,320.6485,-190.2180
-207.5875,-405.2426,-22.4463,-25.5899,36.2662,16.9177,47.6047,-30.4814,-60.2471,-36.7484,93.5298,-236.5224,-13.6493,-71.0064,-73.6872,-269.9413,29.1046,397.8854,-97.5730
-238.3126,-475.6675,2.1461,56.8333,186.8766,183.4190,72.7919,99.1886,-57.7204,46.5046,92.8987,-153.9368,58.3157,54.1792,-49.8521,-176.1569,95.5655,437.2147,-42.2714
-279.6018,-560.9049,31.8245,77.8205,276.1244,268.1750,63.5627,119.6735,-7.4452,-5.4794,83.5445,-83.7583,59.8899,92.6650,-54.8992,-149.8002,90.5619,393.8284,-29.1942
-344.4218,-670.4370,13.5793,10.1607,271.1586,267.0744,41.3868,93.7500,-9.6365,-104.4607,74.1463,-43.1658,9.1943,83.2015,-74.0057,-135.2443,17.5115,325.1125,-25.2248
-417.8369,-739.0991,-81.3374,-56.2368,225.8450,216.5601,-11.3182,111.5244,-145.7830,-94.8383,37.4273,-49.5463,-55.3195,59.4290,-98.9310,-105.3828,-60.3149,249.4941,-30.2815
-479.8986,-714.5986,-159.6543,-60.7580,190.2477,172.7301,-41.1929,161.9292,-177.1484,28.2873,-12.0044,-61.1983,-92.5969,14.6894,-99.5766,-93.6755,-105.6186,204.8450,-9.4488
-469.6525,-649.7374,-141.0246,-49.0746,182.2680,161.8545,31.5290,208.4152,-113.2430,99.3476,-13.1923,-33.4737,-83.9653,-45.6290,-81.4413,-101.9397,-127.9758,239.0711,58.5600
-416.1797,-625.7652,-96.4208,-54.4610,182.9577,138.1361,141.9298,226.4780,-263.6951,30.3455,0.6455,-4.5197,-70.1495,-106.3180,-91.1474,-100.7123,-149.5374,268.9879,83.3960
-446.8403,-655.0314,-104.2375,-64.9352,131.8092,48.7266,169.8862,176.0541,-468.4291,-77.4678,-37.9094,-25.7651,-94.7425,-170.4618,-128.2119,-111.3643,-182.6821,192.1519,12.6002
-535.6368,-702.8067,-131.4415,-111.3109,-0.5154,-89.8153,134.4066,69.4442,-403.7647,-106.4301,-73.5894,-87.0954,-154.3988,-238.6500,-151.2457,-130.9531,-224.2218,54.3792,-58.9508
-536.7390,-745.1907,-147.0816,-211.5026,-143.9570,-223.9595,125.7656,-16.3500,-336.5443,-60.3856,-58.7127,-160.8354,-234.9226,-284.8496,-155.7593,-91.8103,-251.0324,-61.7321,-70.1337
-471.4325,-781.4010,-172.2783,-287.4583,-222.6591,-309.0684,153.8566,-57.3450,-465.8065,-10.5571,-65.8731,-209.1744,-299.3832,-269.2613,-168.6856,-32.3962,-246.6469,-138.5422,-77.3612
-463.8781,-818.8777,-198.9382,-284.7057,-261.6017,-311.2362,170.7157,-86.9489,-423.7949,-13.5179,-106.7535,-168.3137,-291.0075,-169.2585,-194.6094,-54.7407,-237.4241,-175.8775,-106.1668
-520.5636,-855.0490,-208.0284,-260.4345,-294.4402,-240.3885,149.9193,-102.7005,-188.1585,-77.5402,-113.5853,-47.9359,-248.3981,-24.9086,-201.6708,-80.4580,-260.8263,-204.6563,-128.1648
-596.7182,-871.7467,-227.9784,-265.7695,-279.5800,-160.7979,99.5088,-97.0965,-203.3655,-144.5249,-125.0374,37.4794,-271.3346,59.8436,-169.1525,-11.6299,-304.5406,-270.7550,-157.1430
-672.9320,-861.6244,-276.9018,-276.0839,-213.8040,-105.0114,47.3596,-92.2146,-377.7889,-137.6017,-193.7108,32.8504,-325.5331,38.5823,-140.9472,15.5219,-324.5112,-334.9431,-204.0260
-704.6234,-855.9793,-314.6304,-267.9221,-169.3295,-42.3961,24.9578,-67.2229,-279.9965,-64.1029,-250.9111,-2.9872,-309.3823,1.5169,-157.1342,-70.8470,-306.6708,-324.3428,-211.8605
-687.4085,-889.4265,-304.7383,-258.2217,-156.0160,20.3332,45.4423,1.5386,-41.0244,-20.1336,-271.6168,-45.8265,-272.4944,15.3330,-160.8294,-76.4516,-275.9926,-260.8886,-146.8173
-684.4053,-937.5073,-265.2078,-270.5677,-128.6581,25.1503,83.5528,40.7107,-21.2981,-56.7872,-306.6096,-120.6820,-307.3917,-3.7217,-109.8096,51.6739,-269.2303,-212.4586,-70.7530
-705.2835,-942.6192,-231.7352,-298.7488,-105.1990,-7.0807,94.1896,5.8866,-148.2779,-99.5793,-316.3046,-180.2264,-352.4940,-93.3591,-84.2468,109.4228,-300.4871,-175.8040,-39.3720
-716.7659,-896.7019,-206.2674,-297.1346,-101.1738,16.2434,77.6374,-1.9796,-187.0796,-65.9314,-266.9329,-158.5056,-330.0487,-120.8726,-125.6206,58.4162,-328.0359,-97.1303,-9.8879
-722.5964,-845.3507,-170.1239,-245.5781,-67.0713,93.6731,75.9981,69.5342,-128.4872,-10.3336,-237.6940,-93.0105,-298.9427,-49.4380,-152.1578,30.7525,-297.0305,11.0140,50.9356
-712.7832,-831.6594,-126.3401,-202.5535,-15.6156,134.4311,84.9544,113.3974,-92.2504,-37.4115,-228.9553,-59.3734,-320.9253,-52.5940,-142.0865,1.6621,-224.9586,48.6529,72.7897
-669.3796,-859.8568,-83.0214,-211.4788,-24.1469,102.2642,71.2213,85.2650,-139.0337,-118.4135,-162.2815,-77.8688,-359.0288,-184.5579,-154.5274,-79.0274,-170.1496,-11.2530,29.6908
-622.6146,-874.1722,-29.8957,-219.8836,-79.4646,-6.4138,60.7879,71.9695,-210.5335,-159.9348,-110.8512,-136.3277,-372.2514,-265.2679,-173.2707,-98.4076,-137.1638,-52.7807,15.8939
-569.6293,-813.9410,16.2824,-178.8358,-115.1550,-208.6151,78.9627,77.5266,-249.4847,-194.2189,-179.5295,-192.6389,-366.9687,-211.1035,-173.2825,-28.7054,-102.2502,-28.3082,37.1275
-480.1226,-735.2701,13.6856,-129.7860,-126.3569,-413.2007,82.2933,29.1031,-305.8518,-294.4534,-276.5752,-180.2239,-351.4854,-141.0434,-202.6340,-11.1107,-83.8369,-40.6161,-16.1061
-430.0451,-751.2278,-23.8518,-129.3129,-106.0876,-455.2447,68.6322,-27.3058,-367.5640,-381.0659,-289.3467,-100.9615,-320.9350,-119.6077,-232.3189,-75.9471,-104.7134,-105.1113,-95.1806
-495.9546,-829.8675,-47.0524,-168.6463,-23.7841,-337.0778,112.9146,7.3136,-321.7053,-334.6355,-264.0483,-31.7005,-273.9776,-95.5992,-176.6258,-108.2117,-138.1296,-111.6707,-39.2008
-578.5803,-851.6715,-53.2677,-201.4091,80.8424,-196.5728,214.1087,110.6200,-210.9943,-209.9708,-264.4557,-12.5738,-223.5544,-61.3254,-106.7588,-62.0219,-146.4086,-53.9706,102.0501
-547.4681,-821.3461,-44.3487,-212.5572,150.5966,-80.3613,275.2752,193.9515,-165.1227,-142.3210,-281.4081,-34.4110,-183.5247,-53.5746,-139.0439,11.6429,-129.7410,-15.9549,161.0606
-421.6361,-795.2057,6.9924,-232.6614,201.1616,6.3229,267.0830,209.9937,-133.6170,-145.7865,-295.2078,-91.2950,-138.5334,-70.8139,-192.0862,52.4835,-111.1228,-19.4163,153.1617
-301.5091,-743.9160,70.9940,-271.3425,238.3040,-0.5766,259.3415,152.5323,-54.0865,-160.6281,-283.5110,-153.4117,-70.5248,-103.8977,-143.0457,22.3853,-94.2539,-64.1249,172.2748
-263.9047,-680.3384,86.4971,-291.1162,225.2130,-76.2051,291.2461,63.8972,-33.2360,-191.5935,-234.2193,-176.9590,-9.8870,-158.5621,-58.4781,-53.1102,-63.1265,-132.2640,202.5563
-299.8829,-685.8614,83.7032,-287.8564,175.1576,-100.2941,319.9361,11.5486,-107.8831,-265.1515,-176.6510,-176.1964,7.4956,-213.7515,-47.8775,-95.0894,-32.0793,-141.1563,221.6540
-295.8709,-712.6947,119.9694,-293.8798,130.8560,-69.0695,308.6041,-1.3928,-134.4556,-328.7588,-128.2647,-185.5875,-1.0767,-242.6310,-71.7053,-76.1253,-30.4273,-84.6981,249.9809
-186.0105,-651.4208,164.8396,-282.6970,100.3862,-65.3160,296.9726,-23.4424,-15.7450,-314.1602,-77.7960,-188.7697,-9.6707,-269.9890,-39.5791,-50.5941,-12.2332,-61.0939,262.5893
-63.0211,-567.5081,180.5544,-218.6126,92.4311,-86.3023,321.0155,-61.8743,149.4141,-256.4631,-37.2169,-173.6765,-22.7966,-330.4665,38.3903,-68.8329,89.5227,-67.0111,237.2986
-22.4892,-578.3817,189.4114,-156.4776,99.8111,-96.9350,320.5394,-86.5334,168.3828,-232.0260,-12.3006,-177.1301,-39.9427,-385.6880,79.6998,-118.0892,204.0642,-33.1260,197.3268
-47.4885,-621.0632,197.6255,-143.2950,75.1168,-111.3922,249.8889,-88.3086,29.6791,-225.8929,21.7680,-216.9449,-47.3188,-378.7623,43.9832,-153.9926,207.2225,-4.0192,133.7210
-88.1708,-580.1191,190.2631,-142.8958,47.5261,-133.6461,197.6321,-89.8763,-33.4332,-203.6982,57.3151,-251.4576,-33.2594,-347.3001,-21.1626,-162.7009,141.6947,-21.0616,45.2373
-98.1470,-489.2603,184.5945,-151.7364,122.2371,-143.2529,242.4439,-116.4400,51.7726,-229.9399,66.9116,-230.5319,17.3426,-343.7470,-45.2072,-161.8970,130.9705,-19.7909,8.8420
-58.1696,-448.7216,185.7040,-205.8905,276.7701,-120.4858,313.4463,-149.3976,44.7783,-329.4739,63.5766,-162.5522,91.7811,-302.9491,-21.1313,-154.4633,158.6768,7.7813,59.6765
-30.8181,-461.4399,172.5026,-256.6729,378.1346,-51.9220,326.6278,-143.1020,-122.0558,-364.4361,63.5725,-116.5295,138.7331,-177.5356,7.6819,-136.7394,156.6603,2.7259,122.7824
-51.4753,-453.5978,165.1119,-226.7134,415.3036,19.8077,307.7887,-106.0224,-204.1393,-257.5001,63.4897,-127.8514,152.7476,-75.7006,22.7243,-120.3334,165.6146,-8.6311,145.7874
-45.8250,-421.8943,191.3797,-145.5049,472.8914,39.0440,311.2532,-70.7706,-106.7892,-153.4651,76.1883,-144.2122,190.0153,-56.6710,36.2288,-99.9163,215.8688,23.5702,162.2896
-0.6250,-449.7112,209.8392,-111.3067,537.1848,54.5992,351.5240,-13.2091,24.2488,-164.1020,95.7415,-127.5536,253.5260,-13.7645,45.3166,-69.5394,222.4163,55.5081,208.5987
-11.5835,-528.3385,166.3699,-178.2520,534.8529,117.7656,400.3514,66.2566,84.2307,-184.8037,76.7491,-113.1186,276.2919,72.3710,47.3709,-58.1616,135.9706,26.2404,269.1527
-83.6140,-536.0210,78.0119,-293.7591,466.5481,158.2603,390.8808,94.2610,65.2342,-127.7328,23.5190,-113.6429,240.6961,80.6872,71.1490,-56.7309,39.0028,-48.9957,296.1760
-128.1494,-474.5842,3.5237,-343.5515,376.0028,143.2489,305.5298,66.0857,38.7985,-87.2633,2.6158,-111.7914,194.9940,21.3329,111.1321,-11.1265,5.0707,-113.6229,265.3803
-130.0032,-470.8578,-33.9022,-332.5086,272.8143,130.5007,218.4351,42.9099,73.6622,-140.9722,27.2967,-144.8143,147.8437,11.5678,97.4722,52.6905,-15.8394,-172.8755,204.2765
-123.4194,-514.2901,-74.8257,-394.6409,135.4731,82.2177,165.6969,-4.8177,69.9085,-207.6179,28.9386,-224.6848,58.0081,33.0398,32.2381,70.4246,-98.7918,-298.9534,135.1434
-114.6173,-499.8099,-160.5182,-511.1279,-30.4355,-57.7717,108.9307,-121.2678,-18.4084,-209.4670,-38.3493,-252.6698,-56.9942,6.9506,18.1317,60.4180,-195.7707,-450.7949,45.8534
-108.1249,-446.8257,-244.3231,-499.8147,-135.1902,-181.0928,58.5966,-241.6325,-13.2082,-202.8303,-124.6356,-173.6211,-98.1337,-45.8256,54.8005,20.5803,-185.0574,-463.0235,-45.2745
-90.9350,-406.5163,-243.3999,-377.5191,-83.8478,-207.6766,56.6345,-321.3168,65.7437,-244.6982,-144.6197,-85.1439,-23.7594,-81.5534,36.7148,-96.1129,-71.1857,-353.9557,-87.7374
-36.2813,-363.2915,-174.2547,-343.5605,61.9108,-218.9599,88.2989,-372.3786,42.7574,-257.8240,-94.5720,-76.0336,70.2376,-76.1585,-1.3811,-188.7737,1.3963,-316.2372,-61.3144
23.0738,-361.1429,-120.2627,-394.8026,154.6591,-221.1354,143.6841,-333.5562,136.8004,-161.8693,-39.9205,-94.0565,95.5191,-3.9735,49.7717,-117.8422,-24.0102,-329.1076,31.9271
40.3046,-434.2666,-98.0126,-376.2623,182.6931,-125.8940,218.0622,-186.9116,476.1392,-51.9445,5.7319,-53.2834,98.2747,71.4430,113.6961,14.3611,-48.8888,-242.3561,155.0827
34.0659,-464.5764,-71.9225,-307.0479,220.8883,6.0918,217.0712,-93.3758,502.0370,-75.5922,72.4324,21.3413,136.4921,42.4233,71.1400,41.9147,-15.1422,-145.9032,200.4785
29.9617,-384.3143,-31.1764,-283.4993,241.1108,43.0470,73.4624,-152.2238,-25.0733,-193.3540,135.9339,29.8594,161.0754,-53.7343,-9.6413,-0.0345,26.7650,-166.8953,114.9298
31.9378,-301.3861,25.0745,-258.4669,180.5094,2.9538,-109.5368,-239.4685,-400.4674,-244.0082,162.3873,-41.5893,120.3689,-100.4803,-53.5847,-43.3520,48.7752,-196.6525,8.6758
59.7945,-266.3487,89.7233,-184.0667,78.0975,-27.3503,-216.1498,-233.8940,-243.7634,-186.2602,179.1606,-94.1731,42.3568,-86.9473,-105.2747,-96.4646,63.2054,-168.8664,-7.2605
100.7802,-219.0345,117.2628,-138.8708,-7.3212,-33.4604,-261.1895,-157.2573,-58.5500,-111.6082,194.6591,-85.4507,-42.2762,-69.1407,-156.0354,-121.5257,48.1770,-172.0344,31.3528
108.9841,-164.8401,76.4995,-171.9960,-80.4949,-49.9282,-276.1457,-70.8652,-107.5062,-82.0616,163.9766,-79.4701,-126.0179,-93.0739,-165.5623,-123.5514,-10.5319,-198.8097,59.5353
95.2804,-149.6674,0.9798,-236.9282,-157.6392,-108.2798,-255.3109,-20.8053,-101.3635,-73.1932,89.8977,-105.2227,-183.8828,-186.5015,-187.7762,-180.1609,-83.5810,-213.9524,82.9060
81.3105,-188.1378,-68.9368,-313.6037,-250.7872,-187.9437,-229.6818,-19.9522,39.0743,-32.6637,32.7005,-154.0236,-209.4818,-291.3034,-226.0749,-203.8163,-168.9162,-271.4876,105.1158
37.6317,-288.7835,-127.9029,-418.3361,-363.2340,-231.3747,-231.8125,-28.3290,147.8098,49.6400,20.3198,-259.3429,-227.0469,-317.0129,-198.7011,-78.8285,-281.1776,-317.8442,96.1012
-16.9066,-368.4697,-171.8573,-507.9442,-434.5203,-261.8564,-249.7828,-37.0418,184.0389,117.3255,32.8496,-381.9250,-226.1090,-301.1698,-147.4152,15.2635,-370.0483,-269.7731,43.6877
-24.9074,-294.3772,-196.1851,-505.8860,-399.6114,-345.3159,-280.0548,-89.6635,159.5654,119.1687,37.8464,-385.6748,-185.8645,-317.4804,-162.4990,-78.4960,-374.5195,-218.3517,-29.3109
-23.4976,-145.7915,-215.9162,-409.8556,-298.0400,-423.4388,-304.5541,-165.3056,121.9649,82.6848,18.2718,-273.0311,-143.2132,-323.9400,-174.6333,-155.7050,-313.2180,-170.7005,-78.3839
-66.7610,-118.0987,-236.5041,-289.0930,-195.0772,-388.2810,-249.5596,-183.0287,167.3924,61.1950,-1.4675,-184.5884,-127.4453,-279.3423,-112.1070,-75.4380,-227.6920,-46.3253,-66.8346
-103.3672,-169.9843,-232.2013,-186.8126,-72.8640,-253.1066,-102.6063,-116.7853,210.0171,64.1995,15.0587,-132.9872,-91.6541,-198.2649,-58.1898,-19.5557,-123.1016,-124.9337,-2.8274
-85.5911,-138.0275,-179.5057,-99.3413,78.4668,-87.8130,26.9151,-10.8680,91.2868,78.3811,62.4839,-40.6270,-1.4036,-57.9982,-73.2876,-52.2568,-21.4839,-685.8558,73.5887
-38.3442,-51.7888,-88.7221,-37.8890,184.7453,65.8018,65.6136,55.9318,-80.6513,87.0089,113.2901,40.3845,95.5077,95.5057,-100.5230,-2.4899,35.7583,-1267.1906,132.5351
28.7955,-28.6236,4.9676,-24.5353,205.8002,162.4433,68.3052,34.2701,-97.0150,72.4122,152.7764,16.2216,154.4781,119.7605,-88.0407,139.7171,55.2870,-1256.6106,167.2783
102.6413,-71.6550,64.8401,-44.3949,201.1032,199.9468,89.2087,-12.1022,33.5792,43.7445,168.4894,-80.6098,187.3961,44.4273,-36.1748,206.8346,60.4179,-883.8088,185.8955
124.6988,-115.0203,71.6736,-68.9858,202.8694,229.1087,94.2813,-5.3015,176.4652,18.5238,158.0139,-157.6006,184.9274,30.9838,23.1485,147.4547,38.8555,-713.4050,193.8544
97.2910,-93.3099,47.9642,-71.8652,149.4376,241.3012,60.8468,7.9737,249.8996,-3.4562,140.7094,-154.7121,105.3182,47.3332,45.5869,49.4596,15.8796,-712.9760,190.6742
101.6062,3.0208,60.7108,2.7786,19.1076,212.7225,42.8447,-6.1627,244.1918,2.9465,135.4300,-69.0769,-17.6683,-4.6773,26.5526,22.6220,75.3388,-572.5120,190.2652
166.8215,89.1699,143.8248,165.7883,-82.9201,205.0940,56.3200,19.5154,196.4934,49.9370,149.5276,18.4516,-91.1505,-37.7798,-20.1497,97.7000,209.9564,-337.9019,193.2764
238.1961,119.6180,211.4550,287.4846,-69.4592,232.1237,11.7828,55.5659,144.8928,46.4632,154.9157,28.7123,-119.8802,-18.2546,-104.1435,138.1384,273.3827,-209.1098,154.2371
235.7976,148.0989,142.4618,239.1049,-6.3397,197.8835,-126.9674,-5.6625,120.2719,-68.1406,78.6325,-5.0208,-186.5229,-77.0319,-186.1288,18.1640,173.8562,-192.4761,68.5447
110.7448,166.7471,-41.0733,86.4179,7.8955,90.3015,-234.6983,-105.9471,144.3337,-179.0700,-82.3495,-19.4401,-268.0445,-188.7445,-196.4489,-136.0585,5.3977,-209.2594,17.1952
-65.2218,123.0305,-196.7123,-14.4022,-6.9459,-0.6503,-207.1401,-135.4640,165.0998,-201.2133,-198.7783,-14.9552,-263.4487,-196.5148,-162.0726,-159.1970,-78.9133,-239.1347,25.3692
-138.4387,75.1966,-235.5079,-22.0823,9.5777,-57.8829,-113.8787,-148.7085,129.4517,-231.7167,-183.5161,8.6895,-184.9798,-129.3998,-135.9036,-132.2193,-34.9029,-272.1492,20.2260
-97.4190,80.4236,-155.8676,17.3219,40.9426,-100.2735,-63.0491,-188.9674,95.6226,-306.5157,-103.2174,60.7431,-134.2225,-96.1735,-99.6176,-174.8766,62.1592,-271.5256,-21.4462
-88.4034,87.5425,0.3659,71.6713,36.9074,-83.7590,-77.1270,-179.1742,84.2825,-305.7843,-37.1087,92.2161,-140.7096,-77.7052,-77.5903,-209.4875,112.4060,-219.1394,-64.8505
-149.3562,80.6561,123.7625,103.4081,-15.0330,0.0375,-144.9442,-122.4225,21.1528,-218.7968,2.4983,64.7618,-164.0266,-50.1501,-120.1794,-142.7112,86.2098,-155.3031,-111.3127
-173.5571,78.5560,116.4707,82.1538,-87.7145,84.7983,-231.5825,-90.4759,-58.8466,-166.0842,6.9638,34.8243,-173.9143,-18.9347,-160.9787,-35.9872,40.2960,-126.9061,-143.3138
-140.5890,35.8052,43.6644,45.5901,-134.7323,133.6454,-270.7224,-62.1227,-78.1421,-161.8769,-3.9833,55.1705,-158.7023,53.5075,-153.1833,11.9534,29.2187,-119.3654,-114.2836
-108.3195,-13.1136,31.4542,30.6829,-147.9950,138.4087,-262.7568,-28.1566,-95.5493,-152.3493,21.5083,75.0075,-140.4494,105.8040,-182.2681,-9.2694,34.6213,-115.3549,-65.0822
-41.9165,59.1374,53.3721,5.6821,-195.3671,82.4169,-278.3534,-54.0318,-130.0261,-151.8694,49.6319,35.8925,-175.8934,14.7595,-252.8594,-35.5756,23.6855,-142.6483,-70.4142
80.7981,192.2754,11.0117,-25.9686,-325.6139,0.7812,-335.2296,-118.1281,-117.7980,-140.5435,-4.0280,-9.9747,-275.6215,-125.6028,-267.3692,-19.3410,17.3677,-179.0928,-117.2202
134.4318,189.5220,-80.1132,2.2758,-476.4648,-43.0469,-404.9975,-145.7233,-115.0345,-54.0904,-112.1575,12.0912,-373.1135,-146.4727,-251.3989,-2.1127,33.8560,-153.9764,-177.8882
48.6214,73.1898,-150.8235,67.4878,-547.2610,-66.1701,-475.6397,-158.8014,-142.3710,61.1844,-174.7795,56.8460,-399.3781,-116.9732,-271.2528,-33.7551,29.1035,-85.9858,-248.0391
-67.0833,27.4145,-182.9943,67.5765,-501.3504,-127.7616,-500.1962,-182.0926,-75.1508,119.0069,-157.5034,46.0247,-341.0203,-137.4188,-272.0725,-61.6718,-33.9489,-53.6260,-273.2734
-150.9982,69.9493,-173.5532,0.5320,-378.3205,-217.4738,-434.3351,-175.0438,23.6095,131.7301,-87.4950,23.5790,-246.7387,-128.8313,-232.2127,-34.7200,-119.9628,-71.5133,-237.2083
-239.5390,93.5244,-142.3320,-60.8572,-265.6263,-281.7366,-355.1015,-152.0035,-37.4986,109.5816,-20.2237,59.2536,-186.6525,-78.2140,-214.7970,-17.4205,-183.9022,-116.0502,-232.8618
-247.1802,93.8455,-145.7650,-97.3986,-214.5816,-303.6264,-341.1676,-157.5734,-167.3535,25.0880,-20.1483,107.9076,-161.5073,-74.7527,-201.4103,-58.3516,-216.8707,-152.4551,-285.1759
-78.3063,122.2940,-161.9505,-85.5210,-167.4323,-290.1235,-311.2513,-165.2041,-184.3876,-57.2987,-71.9289,118.0623,-102.2461,-59.4223,-145.9062,-84.7706,-191.9276,-119.8333,-298.1090
107.9033,154.9133,-102.1892,16.9320,-66.5813,-229.5161,-197.3614,-155.0873,-145.0340,-56.6243,-90.3466,125.6539,-1.6546,48.7236,-100.1458,-31.2306,-90.8737,-30.0561,-255.5245
134.7296,160.8862,6.8065,129.7989,28.1800,-112.7730,-104.6558,-146.3137,-120.6936,-25.4185,-55.1568,143.8734,60.6814,143.1687,-105.2268,56.5053,6.3073,21.6479,-233.2499
112.6860,177.6673,62.6771,124.9276,59.7574,18.6576,-109.0978,-115.3245,-84.9964,-25.8824,-3.9288,137.2143,52.5229,145.7984,-121.7584,95.0185,14.0931,18.5587,-233.4952
173.2854,220.7449,63.0966,37.2303,60.0592,87.7468,-135.8209,-64.6495,-87.5603,-17.3950,45.3346,114.7798,19.3055,134.7081,-119.0080,67.7857,-28.3852,0.7973,-227.3604
219.4230,217.6815,36.7759,-32.9702,21.8101,58.7542,-149.7581,-79.7717,-147.5766,14.3722,47.6733,98.5807,-14.9255,140.8662,-100.9524,34.5800,-62.0198,-61.0939,-245.6132
176.0176,114.7585,-34.8750,-100.6712,-93.4132,-23.1617,-192.5062,-164.1549,-153.1517,28.1513,-37.2274,74.8594,-57.5330,131.4731,-86.3678,36.9417,-103.7444,-144.4695,-275.5437
122.4442,-6.5344,-98.7836,-170.1814,-202.7104,-74.5323,-220.8454,-196.2255,-49.4672,50.2451,-131.6992,58.0378,-88.1951,130.1214,-90.5202,42.3161,-137.5382,-115.0963,-244.3850
97.9202,-5.8605,-74.7132,-148.9766,-191.6274,-43.8131,-170.0004,-135.7110,105.6498,115.7439,-147.5069,72.8750,-72.0294,129.5419,-74.4359,32.4932,-100.6147,28.7155,-162.4854
94.1843,127.9429,-18.6645,-43.2893,-88.2345,37.0207,-96.1930,-79.1133,211.5862,146.5468,-123.6775,79.2206,-6.3404,69.2494,-8.5863,34.1622,-8.0819,120.2431,-97.2524
141.0213,261.2555,-9.9891,18.1757,13.7205,69.9482,-65.7250,-91.7337,177.1438,80.0860,-104.3388,54.7887,70.3498,-18.1305,33.3404,23.3044,76.4290,109.6102,-50.9060
199.9590,305.7214,-13.6414,27.2772,75.5000,8.3272,-43.4177,-132.4060,93.1684,8.2752,-65.0336,65.4742,112.0274,-46.1485,17.7437,-26.5026,135.3075,101.7009,-12.1874
191.5628,299.8818,-2.8860,93.2158,100.7270,-71.4232,7.6859,-136.9701,140.6574,18.2180,-27.2912,132.7829,120.4077,-16.4430,46.2946,-50.1130,170.2427,131.9940,-0.1824
151.0746,291.9618,-5.3586,192.6790,115.0926,-81.9345,60.2407,-106.1190,218.9344,37.0802,-30.1437,170.3325,131.1681,16.6796,131.2085,-31.9622,179.4238,140.4098,12.3280
116.9315,281.6900,-9.9247,185.4243,125.3851,-40.2166,84.6764,-88.7063,148.5092,-8.4886,-28.6933,140.7593,136.8117,24.4863,134.1122,-58.3057,157.8389,102.6770,58.1399
35.9592,262.1746,-13.9258,68.8675,88.6946,7.4117,83.5039,-72.3316,92.5251,-43.5710,13.6886,120.6166,109.8795,25.5410,48.2182,-96.0192,83.4962,51.5782,100.8305
-39.6139,226.8521,-45.4784,-6.1919,6.4701,72.4327,71.3946,16.4154,180.5178,-4.4634,51.8044,147.2109,78.2987,78.8374,19.7285,-24.4839,-6.3487,26.1709,128.1009
30.3488,201.6565,-58.2386,27.9463,-47.6298,152.5913,59.0036,149.9425,187.9494,32.6031,49.0942,154.0654,68.9366,164.8488,66.3699,84.1072,-3.0687,36.3548,177.1183
190.8278,260.4023,1.9014,92.3150,-48.4719,190.1505,62.8044,206.0281,70.8806,10.2467,23.2114,116.1626,58.1817,162.0470,92.4196,79.0469,98.9618,58.5092,226.0092
260.6552,388.2208,68.9296,134.8219,-28.5499,167.0449,104.6881,178.4874,87.2019,-8.9106,15.6307,107.1845,55.2817,83.8880,96.3933,27.8595,186.4747,75.0986,233.8351
225.8945,443.9558,74.6190,174.9015,-8.5450,121.5899,149.2773,159.2109,202.7745,22.5261,56.0796,141.2908,85.6996,80.5889,106.1335,58.4697,214.3928,78.4360,218.3654
198.3298,374.3239,57.0876,176.9149,-20.2797,52.5391,114.3140,142.4796,192.0591,81.2840,96.4901,125.9807,82.2583,119.3446,76.2567,107.7999,195.0088,45.5053,178.9373
212.6767,272.7189,43.3403,87.5254,-80.2567,-53.7798,17.2561,98.1002,151.0629,152.1663,43.4623,54.8835,-20.1703,69.6983,4.9846,90.1196,96.7311,-6.8555,105.5693
215.2410,178.3405,-7.2055,-33.0436,-136.2268,-129.4424,-38.8775,102.8053,221.6583,201.9342,-80.8258,37.4307,-140.1310,27.8013,-37.9343,65.4413,-59.5480,-17.2319,67.5093
144.7442,52.9860,-106.2635,-113.9946,-150.3239,-116.9088,-47.5749,166.2998,261.7223,162.4517,-151.4090,63.3883,-169.0657,73.4095,-29.9104,84.9404,-180.9158,0.7288,97.7581
5.3356,-72.6506,-207.7599,-184.9990,-128.6756,-87.1195,-46.0263,162.1073,204.1687,60.8186,-135.5033,5.4829,-121.4546,14.9643,18.0983,106.1415,-242.9331,-10.3200,107.5372
-112.2091,-140.0201,-254.4555,-225.8421,-48.4465,-112.9100,24.4638,81.2157,184.7552,6.2305,-99.6097,-106.4301,-51.8751,-175.0667,107.0223,104.1702,-258.0818,-8.4829,55.9212
-160.0175,-169.3092,-210.2483,-145.9986,77.6614,-137.4456,159.9171,39.6798,190.0659,-11.4988,-55.0729,-118.9863,33.5773,-205.7869,177.9134,78.2130,-201.5276,51.1534,-1.2088
-207.3648,-199.4599,-92.6582,-8.9254,161.1743,-90.9304,212.5618,16.9708,74.2748,-91.4540,30.2947,-34.0531,121.3053,-36.6832,155.1535,7.0848,-106.9241,91.0554,-48.8714
-272.7643,-221.3928,26.4558,30.5369,182.4211,13.5995,153.4252,-52.8988,-132.9373,-193.5658,115.7756,31.2446,171.7912,78.9575,92.2078,-64.4756,-51.8252,69.2290,-72.9459
-256.9807,-217.0900,70.9943,-11.7238,189.8303,157.1651,123.2000,-58.6220,-265.3219,-190.5384,120.2301,47.2385,179.8384,140.3422,91.5660,-30.3740,-37.6719,51.5418,-5.0231
-149.6649,-197.9575,20.5872,-50.2773,170.5641,304.5184,166.0393,68.4762,-261.4452,-99.8088,48.2221,22.4032,176.2585,268.8595,125.3517,95.7336,-53.1067,35.6705,115.3176
-85.2508,-199.7735,-50.7125,-115.6334,120.4932,346.8109,201.4667,162.9555,-193.9231,-30.0437,-7.0992,-59.7800,168.4004,298.3731,104.7714,179.6453,-115.4892,-31.3140,141.7433
-120.6350,-231.5246,-44.0530,-191.6843,89.8026,250.0965,187.0349,127.3061,-125.6406,14.8461,6.2723,-141.7723,122.9612,134.3528,33.7837,178.7153,-165.6768,-90.9322,60.2350
-156.3841,-239.1145,29.6788,-154.1555,55.1338,153.2278,122.5639,88.8242,-66.8533,76.2946,46.7543,-138.8715,24.2158,31.3870,-33.5830,154.5010,-135.3969,-71.1758,-13.1114
-114.7891,-198.2524,90.2321,-18.4221,-29.2712,149.3044,37.4259,105.8966,-67.6867,108.1817,72.3053,-93.5040,-85.0265,79.9909,-88.0520,112.0857,-72.4244,-21.8656,-26.6795
-38.8477,-173.8621,123.9201,57.9422,-104.7851,145.9462,3.0078,92.5515,-164.8833,74.5421,69.2773,-100.9797,-166.7070,45.7225,-139.9654,39.3845,-27.9030,-8.8266,13.5699
12.8641,-179.4483,130.0999,32.2551,-122.5633,63.8350,30.5498,53.4916,-234.2742,42.7343,-8.5153,-150.8613,-240.9795,-103.1345,-168.0251,1.2822,8.9402,-27.6052,105.9321
48.9293,-140.5400,66.1205,-18.2210,-104.8040,-36.0619,61.2895,51.7521,-160.5088,55.4361,-153.1404,-175.5889,-301.1695,-162.4674,-132.5130,13.0068,13.2865,-44.6119,182.3842
73.1028,-86.8383,-20.3074,-48.3196,-39.1291,-93.1391,86.1281,43.5507,-62.6169,62.6239,-208.6320,-168.2092,-261.0578,-145.3783,-35.8836,-13.0100,-26.0654,-21.5458,138.5333
36.8624,-125.4652,-24.1309,-45.8256,65.1894,-127.8993,108.9445,-5.5668,-62.5511,44.0740,-79.5862,-166.9256,-92.0664,-212.4334,48.5332,-94.1569,-44.9255,31.6166,-15.9278
-50.4868,-187.0276,15.3290,-13.3116,126.3983,-165.5630,86.1306,-28.1850,-79.7128,30.7292,94.4743,-178.8438,89.2490,-328.2501,64.7400,-159.4939,-19.8029,43.6071,-151.7514
-86.9841,-110.8395,16.1553,22.9752,144.7496,-201.1949,33.7736,-7.0533,-77.3308,5.5913,170.7615,-168.7592,177.7832,-359.7609,58.4055,-197.3497,34.2572,19.3851,-161.8334
-46.8132,48.7598,48.8518,82.3400,182.9475,-213.2819,21.9438,-1.8514,-131.8769,-45.7964,196.0057,-110.5190,215.4275,-285.4878,85.9261,-225.3961,150.8719,47.7514,-66.7568
-10.9294,115.4530,162.1056,207.5478,201.6616,-170.6132,49.3395,-11.2348,-189.8181,-57.9558,231.7390,-21.0533,275.2199,-143.4987,122.0278,-218.6847,299.4987,119.2179,9.1743
22.7345,89.8880,237.8154,332.1422,156.8074,-83.5112,88.2251,1.1515,-161.7039,-9.8738,245.1344,50.4248,322.7115,2.8486,141.3855,-184.7962,361.1862,149.3626,-14.5432
119.6954,88.2213,215.3262,343.5492,103.4187,-21.1930,120.7004,9.2713,-129.4328,9.0236,228.2848,56.2176,298.2629,49.8331,162.2378,-148.2750,334.9020,141.0514,-82.6390
219.6417,127.2138,187.7850,266.2261,57.9181,-10.4627,48.2709,-23.5773,-149.5761,-34.7378,202.7030,17.7191,240.5276,-10.7167,166.6737,-75.7070,316.3417,130.4658,-121.4375
237.0868,171.9355,197.0757,205.2009,-13.9478,8.4070,-193.1735,-85.3562,-142.1397,-57.7549,152.3453,34.8829,208.7973,-37.6902,122.1743,17.9853,294.6331,106.9930,-153.3137
235.3181,243.0191,192.0380,171.3854,-79.8458,62.8455,-445.2359,-145.0125,-111.2248,-16.3077,91.5826,125.7460,166.2568,45.6429,61.6144,35.5600,218.8579,81.6976,-200.2972
254.8744,329.4773,165.6676,111.5752,-109.1889,91.8699,-507.5027,-172.4523,-126.9805,34.5417,70.3869,152.6154,67.5010,126.0653,32.2978,-19.6892,129.2874,73.8680,-200.0991
200.4232,334.4976,142.5730,28.7100,-127.5661,73.2779,-406.7930,-152.8064,-142.4537,39.8901,71.3211,53.3906,-21.4836,98.5712,42.6588,-42.2355,56.5157,73.1608,-116.2158
94.8822,233.6728,109.1900,-36.1253,-121.6508,86.4803,-297.2670,-101.6820,-111.3665,9.8929,50.1003,-42.5359,-18.1908,37.1226,88.4432,-13.0946,-30.8183,109.2393,-12.5166
118.6942,162.5601,55.1485,-74.7967,-61.9739,166.2077,-231.4921,-31.2174,-85.7449,8.8612,24.7417,-57.5674,43.6827,38.6354,133.8298,14.1253,-127.0924,191.5476,58.4413
256.8918,210.2834,1.1163,-106.4938,22.0065,214.1419,-157.9689,60.4800,-64.8975,77.3514,13.9069,-55.8109,78.4042,47.6176,132.3109,30.0436,-193.3542,218.0745,130.8414
279.5200,262.3572,-38.1779,-144.7464,101.7306,158.8838,-52.9201,147.5551,-9.5168,154.7354,3.8918,-52.9575,67.1121,-2.5679,122.6474,45.1606,-226.0585,148.7360,224.2093
144.6301,224.1151,-61.9730,-179.9038,167.3166,83.8968,32.8728,193.8142,33.6634,172.7387,14.8002,-23.5680,52.1707,-29.5511,159.1003,64.8094,-228.0751,94.6768,276.2601
47.2340,206.3733,-55.2842,-169.0687,190.6626,83.7141,64.4237,198.0377,54.4406,178.4703,69.7063,-4.6456,75.0213,35.6751,184.2104,96.5879,-168.8736,110.9891,251.8244
68.1160,283.8218,10.5088,-78.0525,174.8515,123.5662,77.5266,167.1432,128.3599,213.9211,136.5947,16.4753,138.2399,103.4493,149.4238,112.4977,-30.6305,151.0770,202.2098
129.0784,339.1219,127.6688,48.0361,153.9653,150.6097,81.4080,99.6389,194.9119,201.9553,198.6550,95.7956,205.4459,110.2125,126.3796,95.2314,127.9513,180.5146,151.0952
226.7769,322.1893,231.0522,123.8145,134.8206,193.5334,37.7399,23.5013,101.2389,109.7689,276.2520,162.6029,246.2995,134.1278,148.7372,90.4231,211.5811,120.0415,67.8453
382.4632,338.0547,269.6129,146.2542,120.8938,259.8261,-19.6686,-15.8448,-72.7724,37.4983,331.5716,145.6994,257.2106,204.2268,144.7918,101.0759,218.2962,-83.2807,-14.8145
487.2758,397.3032,265.1042,183.1446,104.1387,293.7303,-27.2606,-6.7978,-90.1145,34.7263,305.2056,135.5888,236.3402,233.3959,111.1938,79.2548,243.6160,-252.1385,-29.3550
466.2942,404.8235,265.3672,235.4792,43.9604,282.3308,-13.3872,23.1621,52.1554,33.9899,250.5918,166.1643,196.2724,198.7410,137.6066,63.2697,318.0374,-215.3824,-1.0100
419.4834,358.5561,287.8127,233.9271,-28.9417,250.3433,-6.8245,30.9732,142.2654,3.6220,267.5063,131.5104,170.6712,168.1699,229.0202,95.0893,365.6343,-120.5281,3.3299
426.0807,315.5535,314.7397,173.9235,-28.8721,175.7334,19.8494,-5.7528,118.5996,-12.2473,337.8734,48.9035,161.9628,165.3402,280.6811,87.7941,342.6438,-135.9891,-19.7203
423.2739,288.0773,301.4131,125.7152,21.3309,53.1711,34.2801,-53.7275,121.8940,8.7886,370.7690,29.7372,159.2141,165.2715,246.7411,4.3199,289.2620,-157.5798,-33.6324
362.7766,272.3767,225.6998,108.2898,64.9863,-46.5036,6.1793,-64.4735,209.9435,38.9878,339.9539,27.7042,189.2092,139.5749,215.4494,-44.0055,249.3224,-88.5512,1.3892
295.4993,239.9344,138.3649,62.1240,142.5849,-86.8186,22.3247,-45.8270,266.3505,40.5870,275.9707,-46.3325,238.9810,45.6235,265.5673,-27.8522,216.7181,-21.9822,94.4016
291.9192,164.5959,95.3044,-39.2734,248.8019,-105.4008,122.0961,-31.5503,231.5581,11.4949,216.3590,-139.0096,243.1291,-97.3854,335.0524,-37.8164,160.4690,-15.1890,184.6532
371.8737,113.9600,80.4114,-122.8975,305.5335,-101.4982,220.6060,-10.6225,228.0813,-1.8749,205.6284,-187.0703,237.7086,-169.7892,340.6382,-61.5019,100.3629,-1.4446,239.0769
462.5588,131.0156,63.3362,-106.1567,333.7119,-44.4972,290.0686,40.1181,341.5272,23.0259,244.1932,-195.0574,304.1062,-136.1233,318.2438,-22.3541,103.4437,63.8193,315.2184
455.9946,130.2383,46.5454,-25.1826,352.6337,25.1861,340.0189,91.5931,435.3382,40.0642,256.2802,-151.3289,351.0758,-118.3232,299.7599,32.7449,144.6092,132.1549,396.9272
363.2543,105.4750,17.7867,10.9522,267.3793,56.8080,301.5972,99.1949,361.6551,21.5201,190.3020,-70.2919,256.7766,-158.1644,230.8429,22.5493,116.7352,132.5627,378.2948
286.7607,154.5063,-30.3575,-7.8854,106.7266,75.8554,189.5515,73.5040,224.1682,4.5910,94.4810,-13.5763,131.3150,-140.1521,143.3659,-19.5926,52.0165,89.4441,301.0665
251.5691,214.8729,-43.5295,3.1441,38.0129,98.7690,145.6225,58.0677,212.4514,9.0662,44.8512,18.9627,120.8931,-36.5852,146.5975,-26.2056,85.7390,70.3262,297.0851
230.0571,183.5862,14.0166,48.6091,40.2027,79.1813,181.2108,56.7951,296.7763,9.6311,55.5023,63.8827,151.2354,46.3087,192.6736,-4.8001,178.0202,16.5237,315.4770
235.9948,171.0652,81.0635,52.7845,-32.7065,6.6339,182.1059,38.7703,325.2532,-5.7799,82.8843,105.7308,125.2189,85.0683,163.3763,-8.5452,186.5481,-105.3772,250.0738
259.7906,226.6782,102.7182,24.6533,-145.9363,-59.1485,140.7535,4.2196,289.4603,-26.0676,94.1862,130.1898,96.4342,128.2718,109.3890,-52.4594,144.3886,-129.1860,176.3557
259.1738,184.0222,119.9595,41.0838,-197.1093,-73.7105,101.0479,-16.0836,265.0289,-32.2094,108.4006,140.2573,87.2597,142.3069,105.8730,-72.1061,157.0235,-79.0154,169.9668
248.7540,58.4439,175.6766,91.0872,-204.2103,-48.5085,41.7911,-21.0898,251.7308,-1.0686,142.9698,109.2875,36.5108,102.2734,91.7968,-7.8393,189.6832,-307.9500,160.2928
247.1952,49.8153,222.7764,96.8219,-171.9595,-25.0496,-9.6818,-34.8626,243.6102,56.2251,163.1376,47.0471,-26.1513,79.5447,55.9898,72.7806,182.1895,-788.1815,131.4043
210.5358,94.3047,193.9028,50.0141,-54.9459,-31.2346,22.4860,-50.3272,271.1112,95.3186,148.5896,16.3753,-10.9093,86.9118,73.6377,59.5874,159.9987,-972.8411,161.5302
121.9311,0.4318,104.4538,8.0013,109.6395,-33.7802,120.2097,-33.1099,311.2366,112.0725,135.7622,18.3016,83.0380,53.6515,110.9249,-15.0721,137.2915,-717.1899,244.6991
24.6536,-144.9808,34.2844,2.2995,265.1689,24.1873,227.4446,31.9787,334.0139,142.1735,143.1685,6.8666,213.9261,1.9914,109.5808,-33.1383,111.3748,-459.9634,327.1490
-43.0095,-169.3107,33.1923,28.2603,426.3185,117.9404,343.3534,126.9903,361.4949,187.1292,159.2271,-8.7913,361.8020,18.1672,141.6934,22.1384,115.9725,-390.4936,402.9296
-47.8266,-91.4902,81.5426,71.0893,576.5125,160.6550,437.2552,204.1269,373.2944,217.1102,193.2299,1.4249,474.7340,87.9250,235.3195,74.5874,147.8971,-332.5337,429.5128
23.1437,10.2289,129.2986,99.4703,641.4741,128.3390,441.8489,204.7610,353.2856,223.0774,229.2730,41.5427,503.7431,126.4780,291.2000,69.4676,160.3466,-287.0223,348.1460
115.5433,81.8857,139.8112,92.8506,598.7928,69.4263,369.1648,125.1419,387.9642,218.3669,218.5293,102.9621,478.0238,81.6084,282.7838,5.9156,156.3020,-345.3773,213.3775
178.5270,77.2485,120.3197,84.2420,491.6479,13.9528,284.9294,42.4062,475.5285,215.4099,198.2869,134.2944,432.7883,-28.1396,265.3843,-63.6497,159.9728,-401.3653,122.4493
226.2970,53.5059,127.7147,107.2692,373.7543,-40.8918,210.3694,23.7284,462.5698,212.9763,256.8596,92.3714,357.0266,-91.1766,231.9518,-73.0873,153.8902,-384.6691,88.8795
264.4122,93.1351,185.0562,123.7874,280.7047,-81.9016,148.4930,49.0739,347.4633,199.7894,344.4417,48.6471,268.0449,-27.8326,183.4107,-28.9993,121.7633,-384.8955,84.5446
274.4717,141.4105,212.7887,83.5367,200.5412,-85.3474,134.4099,64.4097,289.4440,174.1791,323.7093,66.9591,205.7770,55.0694,191.7141,15.4534,71.2523,-432.4963,92.6990
273.9778,141.2349,149.8383,8.7267,102.4184,-72.3176,193.7833,50.0850,307.9977,133.4092,206.6253,72.0705,163.6610,43.7242,266.9753,48.9097,15.7368,-482.6000,97.4062
276.1545,145.1838,76.6477,-44.7393,5.9225,-100.1105,281.4093,7.6206,333.8020,60.0467,142.9549,32.7640,137.6543,16.4976,328.1701,55.0751,-10.6463,-498.8441,92.7035
257.1285,170.7975,91.1877,-39.0855,-40.0069,-152.2484,305.8856,-47.2644,357.1503,-27.5836,195.2927,42.8267,157.7779,41.5248,325.4638,-7.2552,25.7264,-402.2033,78.5216
227.6412,189.0645,171.2202,47.1583,-8.1043,-116.3409,246.3956,-68.8961,310.8184,-72.2197,275.9896,86.5331,200.2584,55.6219,274.7826,-79.8858,113.4458,-163.5366,59.5117
237.3090,222.0231,255.4264,178.6037,111.1875,35.1395,197.0405,-34.2885,161.7041,-71.0207,289.8038,54.2611,205.8939,67.4304,212.9973,-57.4699,214.5301,92.2454,70.1408
293.2504,271.6645,316.8815,259.9127,285.5638,168.6416,231.5542,11.7855,80.1860,-68.9899,243.1116,-0.7219,199.4158,119.9579,164.9615,6.8667,281.8984,290.1455,121.4153
341.6234,299.4633,322.1578,254.4774,426.4317,205.4088,301.3478,32.2553,144.3947,-64.1345,202.6784,21.5033,239.6082,125.7824,133.6055,-1.2746,274.5692,511.4374,155.4998
324.4781,302.3236,271.7740,218.4030,477.0959,224.6596,333.8469,54.2333,183.6981,-43.7383,203.2941,46.5835,299.4872,68.5993,139.2503,-30.7104,223.6270,741.8368,147.9750
253.1089,260.2874,243.9985,190.8012,460.5172,262.1213,326.8832,93.7423,150.7083,-40.6924,233.9381,23.0677,324.7868,71.1590,205.6718,6.7065,204.4043,808.5026,144.0737
206.4489,161.1225,278.7794,174.0054,405.3980,244.9512,300.4227,116.5136,171.2080,-48.5741,276.7234,45.1704,318.3190,102.1939,267.1753,57.1240,214.8036,679.8544,140.3095
217.0137,123.0786,320.0311,183.0636,311.4872,160.0523,254.0842,102.4763,220.8965,-18.3986,310.3665,102.2234,284.1388,62.7677,237.0537,69.4007,206.5578,535.4592,88.3731
241.1273,225.9142,328.1068,200.0826,184.4825,49.9925,181.0447,51.1304,209.7381,13.2933,310.9642,81.8302,198.1697,48.0555,162.2979,74.1249,197.6861,467.2865,-1.1467
270.6436,325.5012,320.3198,176.8274,40.3356,-95.4683,74.8409,-52.1926,173.9574,-27.9667,288.4166,31.6630,77.3435,84.5699,120.7130,53.7213,222.2404,381.3804,-90.3751
322.2208,301.7323,309.4049,137.6239,-92.3805,-251.4894,-43.5406,-183.2113,134.3683,-98.6702,279.1243,49.8616,-10.8045,25.9432,67.3181,-4.9271,246.9247,245.1511,-170.1654
347.8582,251.2863,301.1215,140.6795,-169.5628,-320.5634,-123.5471,-269.3593,83.1067,-110.8721,285.2948,78.8404,-26.7648,-47.9239,-33.8576,-19.7850,221.5478,165.0337,-237.1602
328.0280,267.2221,294.6751,155.6054,-185.1340,-297.0422,-162.3676,-291.0042,74.8666,-90.5034,269.0045,78.0954,-5.2696,31.5970,-107.1981,16.9799,141.9092,169.9180,-294.7215
328.5155,313.2213,255.9288,124.5069,-184.7374,-260.3349,-205.6172,-275.6355,84.2185,-101.0714,211.2256,105.1957,-9.5193,90.8099,-112.5827,6.5651,52.9526,178.1622,-319.7721
347.6268,344.7885,174.7619,75.7876,-178.2951,-194.2078,-234.7786,-200.0541,43.5842,-101.6274,142.4786,121.3425,-41.0795,0.4804,-91.5946,-28.8853,13.9744,196.1241,-228.1609
311.3199,331.1604,105.5974,59.1848,-115.1004,-36.3854,-177.1760,-45.3276,44.9629,-26.0780,102.1870,65.3805,-35.3897,-5.8328,-57.0872,9.3590,16.3776,290.8913,-18.1967
229.7516,251.2414,72.3491,50.3663,17.4549,159.0361,-31.9716,119.6687,161.3291,82.1350,81.0299,33.9764,29.1015,106.6960,-4.5535,72.6010,-15.5295,411.0580,167.9062
146.4560,164.6603,29.1540,4.6867,155.6574,294.2638,141.5397,243.3914,303.3661,150.8585,45.6010,87.2403,96.3758,97.7367,43.4635,73.9911,-89.1272,473.3361,274.2716
47.2202,138.1515,-38.7407,-55.9293,242.9828,356.6272,305.4645,353.6213,431.5243,199.9368,14.4426,124.5472,129.1158,43.6598,79.0854,52.7881,-126.3742,508.6737,381.7646
-31.6681,140.6266,-87.3469,-78.4801,274.2212,367.7401,406.5630,435.3621,506.1584,245.2216,27.8337,118.0951,136.0461,108.3725,92.1419,46.3142,-105.6163,540.0505,467.3665
-8.5664,135.3759,-94.5337,-70.8937,248.4231,324.9916,382.5229,428.8496,396.6639,231.0704,56.4783,130.8734,110.7809,95.9306,58.5747,35.7521,-82.5422,504.2247,437.6520
77.8272,140.9183,-78.1481,-78.5259,156.8037,235.0517,279.3337,366.0880,235.5064,193.0819,49.3549,119.3905,51.1305,-38.9984,14.6250,46.6986,-89.1021,402.8072,342.8202
116.4698,143.6912,-51.7477,-90.2717,29.2630,111.2908,201.2696,310.2348,316.7815,244.1723,34.4563,46.8518,-1.1100,-32.5632,5.9122,69.6811,-112.2478,314.9319,256.6511
92.9981,106.7943,-13.9988,-80.1219,-83.0037,-48.0495,137.1487,216.6543,472.5564,302.5311,57.4904,7.2547,-26.7020,14.5153,-17.9446,12.2521,-126.3907,239.2732,130.5024
65.4421,47.2028,37.6684,-87.8026,-177.1829,-219.2026,21.2761,43.9912,362.3783,189.7297,87.2807,22.2882,-67.8407,-148.4638,-83.6716,-97.6774,-109.7583,127.1056,-32.7498
60.0500,-7.3107,95.2310,-122.5204,-273.3498,-340.6045,-103.5297,-118.3193,179.1477,-0.6619,75.8748,11.4499,-143.5496,-240.2664,-98.1705,-105.6280,-65.2455,20.7105,-129.3559
53.4652,-54.6719,134.1795,-105.0437,-340.5665,-381.9726,-171.9122,-189.7839,198.1169,-62.3431,32.3452,5.9465,-202.4058,-22.4881,-35.7053,-11.5077,-8.0410,-9.3013,-152.1984
18.3587,-62.5330,137.6025,-23.5790,-334.6808,-367.9957,-209.6334,-208.0695,209.6835,-52.2884,-11.1512,64.8258,-199.1613,132.5246,-12.5892,28.0644,54.3640,19.5696,-172.0942
-11.6162,-0.1193,120.3754,28.7181,-270.3018,-312.8368,-225.3322,-205.4983,75.0987,-93.1745,-36.3114,96.7239,-163.8001,23.4840,-68.0582,-19.4243,87.0385,59.7400,-175.5887
11.7557,68.4339,100.7454,18.2784,-190.4641,-202.7760,-182.5288,-155.8418,7.7837,-113.2461,-42.9588,36.0217,-157.8060,-25.4777,-105.5526,-41.5520,46.9793,111.3122,-127.0236
34.6999,60.2710,69.8043,-14.3829,-121.5651,-55.6896,-123.7046,-74.0303,22.6779,-76.2112,-56.9713,-21.0604,-183.0753,66.2605,-82.5409,3.1867,-31.7955,181.6823,-67.9331
-7.4976,18.3556,22.4643,-44.6159,-76.6944,85.2781,-101.2695,0.0736,-13.7137,-55.8599,-95.3479,-10.3272,-181.9552,63.7445,-52.0365,48.8001,-73.9390,259.0029,-29.1768
-46.2899,35.5121,-6.5244,-34.9965,-37.7904,208.4757,-54.8289,80.2180,20.3465,-9.5313,-113.2271,12.2098,-128.6197,5.5644,-47.5094,46.8825,-62.8241,335.5825,23.7673
-19.8933,82.7600,23.1569,32.3049,26.0706,292.2978,39.2970,157.6603,141.9305,95.9590,-50.1977,7.0847,-60.1131,16.1349,-65.3323,5.2336,-19.2977,381.5630,91.6672
12.6948,66.2459,103.5023,81.0418,79.5466,270.9507,77.7417,153.3822,100.6443,116.9741,69.0488,-21.5512,-11.4396,-17.0486,-90.1251,-39.9755,46.9602,352.7111,103.4986
31.6523,-12.4014,193.1631,81.0256,69.5843,154.7461,42.2784,62.3905,-32.6657,36.9961,149.9953,-78.3167,22.9209,-100.5772,-77.2375,-30.8477,115.5451,291.4489,37.6060
65.9936,-87.4595,255.0058,121.6122,46.7185,57.9814,52.2699,-3.1617,50.1295,53.4232,148.1741,-131.7103,64.9979,-88.2123,1.2528,50.8936,155.4697,285.6310,-25.3198
49.4441,-115.8811,250.2590,198.3084,62.1382,-3.0317,124.4446,-6.3270,213.6494,169.2587,109.2147,-113.3373,117.5044,-50.1495,92.4816,110.1583,148.5172,277.1122,-57.2403
-35.2897,-59.1150,169.0610,187.3236,8.0438,-138.1455,130.3073,-52.4780,148.8762,168.3363,84.1839,-33.4891,137.1412,-104.4529,121.6933,52.4971,93.5852,127.1215,-157.9505
-41.7015,59.9638,90.0317,94.8291,-213.8693,-330.2683,7.5763,-195.2217,-4.8618,27.5407,74.6349,-0.5812,72.3292,-123.9055,83.2191,-42.5986,26.3587,-107.7709,-354.5490
60.0676,97.2727,90.9947,42.0100,-459.8138,-431.7556,-158.8876,-339.2451,-15.6078,-73.1486,62.1011,-58.9270,-42.2809,-24.1941,28.9709,-34.3637,-4.2323,-226.5667,-503.3855
88.6026,-13.0735,106.1382,48.9425,-506.2504,-446.5317,-238.0401,-379.3828,17.3030,-64.1058,19.3342,-95.7027,-103.1609,57.6826,8.9740,49.4039,-4.5121,-176.8593,-499.1574
-16.7925,-112.9388,39.1081,67.8089,-336.7862,-486.2293,-172.7244,-290.6478,23.4762,-9.1349,-69.5394,-15.6287,-72.1182,66.1257,35.1727,88.2992,2.1393,-52.9758,-362.5222
-112.1421,-75.4372,-36.6931,101.4007,-93.8395,-476.9647,-33.1139,-81.7699,98.8342,52.0444,-137.5183,86.7979,-2.5595,99.2822,70.6977,68.5733,35.0451,86.4849,-113.2654
-131.7172,-9.9268,-3.9434,144.7426,119.0463,-275.9223,72.5138,189.2607,162.7134,115.4490,-99.0290,85.7080,52.8545,157.7966,69.8656,39.3933,75.9917,207.5491,188.6803
-150.4179,-40.0390,74.2003,144.3498,259.9631,1.4014,127.1644,387.5186,93.3219,167.3021,-20.2895,26.1158,73.8627,142.2187,43.6499,16.7187,56.7761,257.3613,392.5508
-188.8502,-102.1824,78.5747,73.8041,306.3582,130.0745,172.7088,443.8625,55.3262,199.6709,-31.7578,-7.0308,52.4861,57.4076,43.2902,22.5581,-2.2466,234.9632,465.3890
-171.2583,-101.8947,45.4639,-18.8250,273.3315,125.5753,213.6188,456.9803,190.8731,225.7321,-92.8268,-36.2539,-0.0477,13.7067,75.3332,69.2167,-13.3382,190.4577,527.2655
-75.6306,-88.6600,60.8583,-50.4908,202.2962,129.7337,227.5662,509.5868,311.0625,247.0453,-89.3025,-63.0692,-58.6274,38.7907,90.3340,108.4396,24.2801,163.8432,582.7075
-12.0910,-154.9246,96.3999,-1.0698,128.1924,127.3376,198.3910,514.4563,240.2801,239.7955,-65.0106,-28.2323,-101.9763,28.9578,57.9181,99.7952,60.7195,170.9462,522.9626
-73.0267,-247.7579,92.4716,59.5541,79.7479,52.4001,123.0886,392.9435,89.0571,214.3256,-102.8340,30.4339,-113.3925,-46.6918,3.9404,56.4178,96.5104,180.4666,369.9914
-162.5977,-219.1880,60.5799,87.1165,46.6274,-28.7622,33.9286,230.0554,12.1048,208.2025,-144.1293,27.8970,-96.9301,-53.1056,-32.0130,3.8083,118.8372,141.7345,224.7980
-142.8295,-72.3586,19.8136,96.5019,-34.2073,-60.2883,-32.4006,113.3823,24.7988,177.3611,-123.9145,6.6983,-79.5182,54.7735,-45.5615,-32.3395,79.6796,70.4181,96.0684
-67.6323,26.7776,-43.8409,63.5488,-168.0464,-113.3734,-84.1657,9.0389,75.2534,54.3822,-83.0736,41.2328,-71.1732,109.2075,-58.5970,-58.1790,2.5861,-0.0106,-32.0181
-50.1335,25.7736,-116.6343,-20.7144,-258.0054,-221.0606,-138.2083,-116.0006,75.8208,-93.8519,-56.9098,84.6445,-65.7006,30.5237,-73.1475,-122.5214,-31.8363,-87.1340,-138.9402
-54.0072,27.9671,-151.1141,-58.2645,-254.8897,-299.8967,-190.0516,-231.6271,-36.2995,-184.8613,-41.1958,80.5831,-64.3400,-37.1214,-66.8095,-198.7724,-3.1840,-162.1210,-226.2344
-27.1830,52.7063,-135.1719,-3.8492,-208.6089,-296.3754,-226.2616,-318.0482,-176.3282,-271.2070,-48.1160,75.2344,-45.6393,-3.9804,-38.2408,-196.4337,49.8179,-149.2727,-282.9337
-20.6761,37.9278,-106.1631,45.5121,-126.1919,-233.8207,-204.5094,-359.7305,-216.4193,-364.6051,-69.6631,109.4644,20.0246,54.7547,-8.2314,-149.8706,97.4577,-66.1898,-261.5019
-56.1062,13.9786,-95.3998,51.8172,25.2581,-121.7848,-101.4073,-325.0332,-185.7222,-368.3918,-74.7607,138.1744,94.4350,79.5143,27.6517,-148.2858,126.6971,38.6717,-168.7424
-111.3156,21.3879,-97.7564,84.0769,178.7121,41.1982,8.2688,-226.4447,-175.6307,-294.5149,-71.1697,115.8597,111.2198,74.5299,81.3898,-134.9388,131.7352,180.7775,-59.3523
-197.5332,5.2938,-90.7119,136.9209,238.4791,212.0332,65.4258,-105.4235,-157.9931,-220.9014,-64.9397,63.7293,80.8195,58.4400,124.3491,-55.2577,120.7349,311.1223,49.3480
-258.2208,-50.6168,-61.6915,143.8641,230.0985,332.4518,125.0542,26.6014,-93.3118,-114.3958,-30.6291,22.6013,56.4101,74.5828,129.3427,-6.6938,104.7159,337.9797,146.1839
-191.3800,-80.3917,-29.8701,103.9426,210.5229,380.9868,193.1955,135.8338,-69.9374,1.1749,1.5151,3.4155,46.8014,113.9790,116.6240,-34.6763,83.3669,306.3158,192.0704
-69.2905,-64.9627,-32.7611,47.3519,159.8675,372.8709,183.8781,154.0240,-144.9550,-16.1546,-33.2974,-0.6834,31.5097,83.2045,105.3048,-63.3484,59.5963,276.6822,181.2428
-45.7547,-36.4159,-62.4052,2.1280,73.6362,321.7921,120.3000,88.6575,-206.5491,-128.8629,-105.3701,-5.9484,-2.9414,-18.8013,87.8190,-70.9354,55.6489,197.6718,143.5130
-83.2043,-9.1084,-58.6429,12.3164,-5.8839,217.2605,95.9988,21.4712,-168.3291,-147.0550,-129.8871,-39.3358,-58.7536,-65.2586,66.8198,-64.9512,87.2027,88.2776,91.0619
-67.8541,6.7101,-6.1067,67.8536,-87.1886,76.6903,76.5170,-9.4020,-123.6925,-68.3551,-99.8791,-86.6397,-113.6678,-13.7411,42.1761,-24.5654,129.1320,-8.0144,29.5038
-30.3578,5.4614,40.8640,99.5264,-190.6461,-26.4679,-1.2270,-24.6286,-157.6379,-33.4153,-65.3544,-76.0503,-139.0255,51.5086,-5.5551,-8.7548,149.7753,-232.0300,-26.3839
-19.5137,-5.4244,62.7066,91.1445,-245.3201,-69.7461,-81.9425,-50.8762,-212.1658,-76.3389,-46.3523,7.5486,-132.5265,73.2365,-63.9701,-65.8107,161.0102,-614.9373,-64.2116
4.1710,-27.4699,86.5450,68.4619,-174.3488,-119.2475,-95.0328,-93.6754,-247.9341,-137.1579,-42.8618,66.6460,-97.7884,65.9775,-97.5306,-102.6203,170.8069,-847.4896,-56.8428
28.8307,-36.9774,81.4900,17.1690,-25.3872,-178.1254,-30.5614,-104.4286,-300.1188,-150.4433,-71.9723,31.2557,-37.7961,82.3443,-113.2871,-95.0903,131.8228,-778.3646,21.3585
-7.3854,-5.5610,-13.7834,-80.3818,89.4172,-159.3871,80.7405,-23.4925,-332.3837,-99.3255,-145.4815,-43.1253,18.3625,158.8601,-121.5242,-145.8222,13.1198,-669.3696,132.9056
-78.7014,-16.4517,-168.1264,-206.5144,131.3801,-50.9097,158.8676,110.7564,-284.1053,-64.4450,-233.1438,-76.4367,48.2798,216.4291,-90.8589,-192.7164,-138.4717,-668.4681,209.7216
-132.7191,-171.0496,-288.8743,-330.3476,149.8407,82.8500,173.7412,210.8150,-209.4836,-86.3995,-280.6276,-69.9372,68.3757,143.0135,-29.1902,-80.8476,-258.2621,-611.3870,251.2119
-192.4051,-368.2592,-336.2188,-401.8490,183.2780,224.5504,207.9996,274.9207,-165.2224,-66.4815,-272.3547,-76.8593,84.9133,14.5044,3.1116,87.5706,-318.2672,-442.3860,301.2844
-276.5880,-425.7866,-323.9756,-382.2463,202.0508,364.0881,272.8399,344.5663,-115.5893,24.5406,-242.2448,-107.4126,80.5349,3.2242,5.6781,102.6688,-315.4734,-282.0907,352.3646
-344.1051,-361.4162,-270.2250,-301.5358,183.8674,454.5492,281.2426,409.9462,-59.4118,80.7942,-209.7753,-96.9034,67.2578,96.9245,28.6095,12.5899,-266.3878,-148.8136,369.6654
-359.2530,-320.2563,-197.8536,-216.8605,177.7316,489.2975,266.6748,447.1132,-45.9132,72.7981,-162.5426,-23.8408,76.6610,151.2774,63.2155,4.9018,-204.6737,-12.6076,365.1026
-324.0456,-339.2477,-137.0202,-160.3302,202.9077,472.1254,298.9009,442.3929,-75.9906,29.9693,-103.8717,5.7566,106.2595,121.7224,71.1549,77.7318,-162.1346,55.3657,344.8469
-277.6354,-355.6635,-107.3165,-144.3862,171.5086,364.5085,278.3051,371.5385,-133.6659,-61.6575,-55.0240,-59.4687,116.4353,64.0510,62.6155,57.8077,-150.5282,18.3130,253.5958
-283.0349,-327.9331,-103.7445,-128.9910,29.8694,199.3671,138.7043,246.1642,-173.7648,-127.6119,-28.5007,-83.3174,65.3066,27.2507,52.1007,-89.6322,-133.0496,-33.3484,81.3925
-332.4818,-256.4517,-90.8298,-44.6559,-121.0833,82.6452,9.2104,117.2600,-89.4989,-73.9791,-29.7549,9.1372,-34.2073,13.1934,18.5670,-141.0695,-47.7645,-15.2767,-75.7241
-326.5435,-165.9068,-32.1853,88.2280,-159.1696,22.1790,-35.0980,-0.1470,80.7293,-15.0097,-40.4312,68.4315,-98.6853,-31.8014,-42.2616,22.9483,84.4734,59.4330,-167.9934
-243.0204,-92.7576,63.8398,194.8199,-96.2154,-36.1892,-65.1265,-107.1469,131.9437,-59.3036,-16.6141,3.4980,-78.2261,-125.6355,-92.0392,140.0788,165.4945,135.3587,-257.1927
-192.5262,-56.5058,152.9915,276.0908,-16.3774,-69.4988,-100.0541,-168.5217,73.9800,-73.3574,35.8899,-50.3993,-23.9783,-169.2338,-91.3552,12.0789,175.6752,181.0879,-351.5746
-224.5860,-44.3402,191.7351,339.7874,44.9499,-63.9973,-104.7513,-172.5966,111.8318,21.0202,48.1047,5.3421,11.8551,-103.2138,-49.5119,-109.9962,179.0770,180.2620,-370.2960
-254.9780,-36.8140,157.6963,321.7838,92.2356,-70.5509,-92.8948,-160.3412,196.6112,75.4512,3.1753,74.1920,35.3266,-31.1133,-26.0662,-29.4803,175.5131,109.8769,-309.3632
-234.2903,-54.5881,77.9389,207.7919,107.6056,-76.7704,-75.3580,-153.4438,152.5007,18.0147,-35.6905,47.0081,34.6961,-32.4403,-48.6247,31.3159,117.2954,-6.7909,-244.1152
-202.4141,-138.2487,17.8048,65.5224,64.3201,-38.5150,-45.3346,-136.4528,93.9015,-47.4110,-38.8086,-54.6940,-15.9103,-38.7378,-56.2712,-43.5207,24.3685,-90.5980,-188.9934
-171.4959,-250.4380,1.1846,-73.3981,-16.7495,-9.4896,-21.5034,-100.4737,160.9054,-56.3568,-38.7849,-142.5095,-84.1341,-1.1290,0.4618,-42.5843,-57.0712,-126.3798,-118.6821
-129.0605,-291.6392,-8.5487,-193.8145,-83.4124,-42.3758,-14.8208,-60.0104,194.4825,-32.2735,-58.9710,-176.7849,-128.9419,18.7174,63.2878,60.2973,-121.2905,-166.9982,-54.2987
-117.5602,-248.9828,-34.2442,-235.6606,-128.8429,-82.2438,-31.7477,-44.1922,93.7825,-0.7154,-105.1804,-192.4977,-166.6077,-30.8501,58.5499,70.8988,-157.8625,-180.6710,-31.0004
-161.4173,-195.8855,-61.2398,-182.1901,-195.4380,-84.0094,-93.7931,-58.6714,20.3854,33.1551,-171.0197,-206.3046,-220.0185,-116.4761,0.9051,16.9013,-153.1634,-104.1658,-67.8523
-184.3887,-153.0488,-74.7649,-99.1628,-303.4666,-93.1478,-183.7262,-82.1194,43.5990,67.4572,-200.0718,-181.3622,-277.1937,-161.5815,-59.3192,24.3627,-136.9267,-27.9902,-172.1587
-120.1937,-104.6088,-70.8362,-52.4833,-431.3152,-168.0613,-271.7468,-142.8264,51.8680,53.5671,-147.8156,-139.0937,-315.6774,-134.9026,-99.0918,8.4191,-136.2069,-77.1821,-301.4417
-31.6269,-85.3049,-68.0797,-76.3671,-546.1579,-306.1115,-367.8360,-285.1243,4.9593,-51.1925,-90.0201,-152.2386,-325.3170,-107.1366,-116.4921,-92.7070,-144.1371,-189.0740,-391.0787
-24.1447,-114.2274,-106.1998,-157.3434,-605.1944,-425.6704,-438.7246,-431.5783,-57.9262,-140.7600,-124.9266,-188.7232,-322.4367,-146.8849,-135.8708,-151.6441,-172.2750,-228.1562,-441.4814
-103.8861,-140.3463,-179.8298,-209.3922,-565.7006,-438.4588,-420.3499,-471.9415,-107.0116,-96.4772,-200.5365,-158.0148,-322.6359,-197.1599,-187.3556,-130.9111,-231.3932,-182.5725,-482.7388
-197.5517,-124.0534,-227.1560,-171.3425,-429.9235,-376.1596,-352.1128,-451.7398,-99.8873,-25.1525,-206.5079,-81.4842,-292.9647,-183.3530,-245.6553,-148.2561,-268.4361,-109.3542,-496.4269
-255.2805,-77.7457,-222.8861,-102.9862,-248.9621,-345.3538,-296.8637,-456.8101,-55.9818,-63.8220,-165.8583,-34.1119,-213.8001,-140.4823,-253.7394,-221.8355,-238.7262,-50.1510,-460.6736
-262.6345,-38.4538,-206.4847,-94.2389,-86.7084,-358.3729,-219.1198,-449.0468,-65.0586,-124.9514,-167.9055,-24.7945,-151.1280,-119.2353,-206.3649,-244.6175,-197.7469,-42.3535,-394.8859
-209.0137,-54.5051,-208.1458,-149.7878,7.9062,-336.3206,-104.2909,-385.1599,-104.0419,-97.5588,-203.5887,-48.7159,-147.7116,-110.0786,-145.1659,-167.2427,-210.4868,-68.4957,-307.7006
-123.3036,-126.0913,-217.0310,-211.6105,36.5772,-226.9275,-2.6855,-283.7176,-66.4709,-29.7597,-212.2784,-111.6178,-142.7534,-98.1498,-102.1288,-43.3201,-243.1640,-46.8704,-184.9773
-80.7441,-167.5056,-219.2764,-233.2397,49.0491,-43.0976,80.7647,-127.7746,22.7952,18.3825,-200.2834,-174.6016,-110.1515,-62.8793,-85.1192,41.5977,-248.5905,27.3874,-47.1258
-106.7275,-121.7385,-234.1327,-219.5160,64.5553,135.0103,140.4830,65.3335,69.3714,44.2314,-216.2985,-186.8120,-117.1880,13.4129,-68.4400,42.8640,-256.1772,64.2986,50.2488
-148.9098,-48.6271,-291.1686,-194.5042,57.8087,220.3992,139.2201,177.0537,80.8199,53.0137,-268.7097,-133.6015,-170.2636,77.2072,-6.8028,5.7271,-270.2679,59.9538,79.9828
-167.2817,-23.2166,-343.3947,-140.1127,43.0658,228.5804,120.2000,163.6048,92.0605,66.8848,-296.3381,-42.7474,-178.7780,75.3334,81.6410,8.9571,-214.5175,100.0247,63.6961
-154.7907,-43.6502,-285.8929,-56.5949,57.8981,199.7488,119.5480,87.3727,73.5288,55.6141,-227.8343,-8.3768,-112.2898,45.5562,102.3314,45.0290,-89.2125,148.2219,15.8920
-113.0433,-91.5466,-140.2454,-38.8752,68.8678,77.1187,48.0755,-56.1544,7.3050,-64.0614,-103.9984,-99.9185,-53.0648,12.0718,27.8532,34.5894,-13.1434,76.1701,-75.4856
-105.5810,-180.7371,-65.9704,-122.5913,28.5235,-125.4730,-101.2832,-261.6898,-61.4819,-227.7880,-53.6350,-211.1193,-71.5014,-53.9457,-33.1073,-37.3813,-19.0091,-64.1581,-177.7033
-206.2585,-294.0197,-110.2746,-161.8869,-23.4699,-221.9238,-183.9350,-381.1656,-74.8339,-277.3700,-90.4669,-192.6741,-123.9944,-118.2540,-11.0868,-97.1529,-14.8178,-75.9208,-220.0861
-326.5704,-350.9288,-158.5202,-62.9276,-37.0616,-140.9855,-179.6978,-336.2451,-46.6833,-246.1406,-102.2875,-94.6573,-114.2059,-123.2560,-9.3164,-94.8091,17.5365,49.3812,-210.0396
-313.9528,-306.2884,-158.0201,41.9188,-29.5349,-47.7369,-189.2733,-254.5502,-86.6085,-258.5767,-75.9148,-54.4206,-52.8385,-88.6739,-114.5767,-47.1287,14.1637,128.6023,-205.5737
-231.2179,-227.3256,-156.9502,35.2642,-8.4167,-52.6663,-184.0158,-232.1386,-234.7281,-271.9380,-97.9861,-65.8180,-55.5549,-38.8228,-202.1743,7.3659,-14.9322,106.1327,-188.8735
-249.8447,-197.1797,-165.3184,-11.8957,41.0576,-104.7418,-103.4426,-221.9174,-321.6871,-222.3701,-145.3174,-59.6874,-130.3206,10.6066,-135.9370,13.7490,-30.2267,72.9870,-141.4796
-335.7092,-208.9039,-170.6160,-39.4453,67.2305,-165.2242,-37.0057,-200.1654,-200.9484,-184.5008,-125.6965,-48.6587,-147.5976,-12.5414,-22.1168,-55.9009,-67.7374,33.3049,-141.8773
-353.1192,-229.6189,-188.3318,-101.9978,13.1539,-206.7094,-57.3277,-191.2526,-13.9652,-190.1581,-61.4156,-56.0701,-87.9799,-107.3916,-15.7492,-108.4953,-154.2298,-54.9305,-209.4944
-335.0911,-262.2946,-202.7318,-196.8999,-66.9835,-156.1709,-91.9916,-167.0636,31.0095,-156.5919,-34.2868,-63.6172,-74.1798,-138.8949,-50.1252,-41.4064,-240.6878,-121.5670,-235.1086
-365.8292,-286.8043,-185.9319,-234.6767,-105.2783,-27.6676,-86.1199,-100.5781,-15.0422,-57.1284,-53.7053,-85.0333,-124.8362,-69.0808,-17.0948,53.4586,-272.6288,-108.0669,-182.3795
-382.9618,-268.6778,-157.2907,-204.2835,-137.4989,61.3984,-89.9767,-29.2537,12.9721,48.6870,-84.4064,-146.0770,-148.7889,-16.1295,12.8474,36.3495,-231.2849,-91.0508,-124.4918
-307.8190,-228.5408,-132.0169,-179.4498,-196.1078,71.6366,-137.3640,25.4781,103.1050,128.1357,-99.5119,-193.3581,-147.3584,-29.3161,-28.0083,-17.3685,-147.6134,-116.4903,-71.7830
-184.9813,-186.6127,-108.7938,-181.1449,-225.9242,62.6346,-171.3961,88.6997,141.3159,193.0594,-86.3135,-155.3718,-164.7512,-54.9654,-73.5232,15.1132,-94.8087,-97.9110,4.1845
-83.9547,-117.5123,-108.9244,-160.3906,-196.7922,60.8643,-141.7724,142.0788,116.8462,235.1492,-58.2405,-68.9777,-156.9630,-69.5096,-98.0108,54.3710,-76.8010,14.6706,54.7868
-17.9982,-37.2063,-110.9965,-87.0767,-154.0616,41.8266,-114.3248,110.6263,69.6696,205.1099,-30.9624,-22.4491,-115.9553,-75.5568,-138.6971,7.8954,-14.5347,136.2775,26.8980
25.8923,4.4113,-51.9639,5.6190,-121.2048,-8.4116,-179.3998,-22.4896,-28.5481,94.2928,0.9808,-13.7015,-131.6204,-74.7141,-162.2602,-38.8629,75.9106,180.1461,-60.7176
69.3070,27.1011,30.8579,50.3872,-86.9831,-74.6266,-292.9016,-165.1021,-176.8834,-6.0165,23.0449,8.8439,-200.4638,-79.2220,-166.1170,-20.3590,84.6797,167.2091,-160.0894
107.1658,65.7431,38.4669,24.6476,-68.6793,-126.2865,-358.9475,-228.8869,-261.0261,-31.1627,-0.6700,29.6785,-209.0053,-77.7984,-238.6039,-13.0852,22.8402,163.4973,-221.2251
85.9945,84.9019,-13.7613,-7.7239,-75.8959,-154.0752,-378.2711,-235.5035,-232.5468,-49.1373,-73.7120,18.0341,-155.3462,-78.3938,-336.2789,-61.7057,-0.4591,177.6563,-232.1636
4.3095,69.3410,-44.6755,15.3273,-69.5232,-179.2041,-371.5268,-251.8874,-213.7069,-115.1869,-162.5171,1.3898,-138.2751,-140.5569,-306.2699,-112.5926,21.8417,167.2544,-248.0564
-35.3638,69.7936,-38.7985,66.1728,-24.1706,-194.1658,-320.2532,-274.1029,-254.2096,-154.3945,-209.6386,-7.5952,-142.2717,-223.8549,-194.9940,-126.8799,27.9269,129.6731,-279.7476
17.1385,93.1477,-5.6120,94.8193,41.9063,-146.3789,-249.7182,-240.7442,-210.6003,-90.6568,-169.2872,-29.6951,-71.1820,-192.1027,-161.3299,-111.6559,12.8385,124.2774,-242.4356
61.2400,92.3481,42.8482,100.2045,111.6596,-16.4892,-176.5500,-123.7629,-39.9016,41.7783,-94.8986,-36.4484,50.6470,-64.5914,-155.8841,-84.1404,-12.5107,176.3703,-109.5857
11.5650,65.1058,53.5776,80.7443,169.6008,140.5520,-50.3361,37.5924,79.7961,153.0012,-84.6360,4.8758,111.3787,18.9331,-63.1256,-55.0480,-54.2326,223.2068,33.4507
-65.4646,30.3654,16.7352,30.8329,185.5888,252.6764,95.9954,174.6106,61.0587,190.8537,-108.4923,46.1456,99.0531,48.8076,29.7942,-4.8775,-92.4269,205.8393,120.9197
-79.7059,-35.4128,1.6295,-2.9741,154.9371,299.8255,148.8315,248.3751,21.5712,195.4671,-75.4199,40.4941,104.3587,82.4970,26.7477,83.3434,-114.1647,155.6187,148.5426
-57.1237,-120.6536,21.8171,8.9228,111.5418,314.6053,129.3832,273.2246,35.6805,233.1473,-21.9514,18.4059,162.5613,110.2377,27.9127,159.3931,-138.7242,133.4871,135.1382
-63.3473,-130.8647,17.8614,10.8706,81.6156,318.7911,145.4285,281.8828,63.4574,267.4124,-18.8519,24.7292,208.1138,150.8059,112.6049,165.9155,-154.5074,140.3400,125.7284
-87.7943,-34.5028,-12.4650,-22.1377,68.7863,299.8438,190.4263,289.5977,76.2940,221.3948,-23.1111,73.2438,197.9549,225.6892,177.6368,129.2530,-124.0544,146.2702,144.5007
-75.0250,53.1570,-23.4753,-29.1440,68.4878,266.3322,200.7510,293.5133,56.0736,120.6267,5.7639,142.1047,177.1907,257.9634,130.9834,98.1726,-60.6329,148.6639,157.6087
-13.2461,44.2726,-14.5696,-3.1479,63.6313,243.3912,165.3867,279.9588,3.7036,20.6713,22.4572,168.6086,174.4185,227.5913,39.6515,66.4244,-17.7448,143.4773,155.8401
47.4988,-4.3796,-9.0576,-13.7246,41.6753,204.0665,99.6157,242.5357,-12.3845,-83.6772,4.5419,122.2827,146.1847,224.6093,6.4603,23.4203,-17.0317,108.6039,173.6132
52.6596,-44.9716,-9.9700,-63.6851,21.8737,117.7206,52.1152,198.6151,11.6869,-185.7208,-21.6030,54.7124,86.1179,239.7701,22.4455,-6.5061,-26.1128,61.6336,200.9036
21.9469,-107.2644,-8.8051,-95.2799,25.4290,30.6008,65.4401,161.9648,-25.5315,-265.0501,-38.3438,11.2444,48.2639,201.8558,4.7980,-7.7218,-3.1546,50.5244,202.8366
35.6388,-151.0030,9.4420,-105.3809,39.0544,-14.0961,75.6408,126.8944,-104.7064,-332.1848,-31.6989,-11.5204,26.6906,156.5777,-63.2611,5.1036,34.9719,69.8186,186.1600
102.9967,-106.4544,44.8091,-113.9617,43.2274,-36.1641,20.2318,103.4329,-107.3423,-359.6945,-5.2808,-11.5784,-17.4774,142.2041,-112.8543,-3.2100,33.7846,78.5968,163.8232
132.8744,-46.5995,73.1488,-90.3492,47.0684,-25.9277,-29.4253,110.3311,-87.1037,-315.9705,15.3528,6.4569,-39.7154,108.7463,-110.1997,-66.1546,14.8015,78.3086,141.5686
91.8608,-49.1254,94.7122,-7.2661,63.4792,48.9167,-18.5081,132.3453,-159.6378,-270.7843,36.2575,23.6259,-11.9788,76.8785,-93.8398,-151.2807,58.0465,86.5051,139.4834
60.0436,-28.2280,126.1220,98.6708,70.5974,136.4828,-8.2725,152.2625,-239.8185,-267.5050,58.0973,51.8024,-19.7523,83.8987,-88.7056,-167.5236,147.6409,94.5007,148.9084
81.5986,63.5503,143.2396,165.6282,40.8858,176.4379,-18.4760,190.1578,-212.9364,-222.9490,39.6478,80.2943,-86.7979,54.7059,-86.5459,-104.7333,186.6842,111.8019,148.6689
105.4042,127.9183,132.0009,167.9969,9.5832,207.7349,11.3744,251.5143,-132.5121,-112.2952,10.2217,51.8355,-107.6722,-18.3210,-86.0752,-57.3608,163.6516,163.0769,171.0100
90.2470,142.6260,136.5811,129.1717,39.6294,252.7085,81.4665,290.6327,-63.8015,-30.1470,51.3177,-9.5033,-68.6727,-16.9640,-83.2919,-55.8603,146.3918,215.1889,219.5266
46.6072,164.0178,158.1777,85.4040,93.0886,243.3349,116.0749,261.0365,-16.2078,-17.5595,108.4497,-19.8593,-76.2896,53.0403,-75.9376,-37.0654,146.9178,205.2928,207.4864
1.3960,139.4908,124.7514,48.2397,62.5968,158.1929,70.6958,166.5156,-24.7507,-37.7003,67.6221,-0.5002,-133.0660,75.9530,-75.3804,2.4132,123.4585,135.1788,112.0229
-14.7068,29.8395,30.6137,0.8834,-35.8275,54.7300,0.2629,59.8386,-67.4886,-53.2926,-18.3535,-11.2306,-144.8870,57.8097,-63.8635,9.2317,54.8767,53.0095,29.5769
-5.1100,-62.1041,-44.2512,-91.0625,-83.8692,-52.9452,4.4067,-9.1070,-75.1021,-21.3238,-32.7329,-24.5720,-103.3030,59.0026,-27.1583,-10.7570,-60.9837,-28.9817,-1.3853
-14.0516,-89.8210,-74.7812,-233.1939,-80.8133,-178.6337,70.9138,-40.4577,-85.1951,62.1362,1.4522,-26.0378,-58.7467,55.8703,-21.2235,-29.7794,-199.0193,-124.8063,-33.8750
-37.6793,-117.6041,-105.0111,-340.9919,-111.8499,-279.6247,86.6113,-41.6411,-124.8485,139.4647,6.6727,-45.0674,-21.7890,42.9952,-55.8053,-42.4558,-282.8860,-213.5700,-70.3227
-26.8057,-138.3245,-143.7780,-325.8572,-149.8984,-316.9880,50.4782,2.0715,-96.0911,190.9170,-13.1220,-57.1386,-1.9358,65.5060,-26.5037,-13.0449,-263.3005,-260.5407,-79.7086
5.3432,-119.5156,-157.9469,-252.1313,-138.3074,-309.7800,48.9145,42.9198,-11.5589,224.8842,-11.6467,-56.4724,-18.2538,100.8973,67.0691,57.7356,-193.8129,-283.0677,-94.1728
16.8411,-119.6966,-132.9274,-238.8275,-146.8121,-278.0717,37.4032,-5.9356,-8.7680,212.7751,23.4781,-94.0554,-53.4114,79.0171,69.1640,72.7971,-146.6229,-322.0730,-147.1548
23.9494,-154.0599,-81.4345,-247.5922,-222.0180,-243.6834,-57.4541,-100.8878,-49.9163,178.6860,50.0632,-134.6316,-87.8429,-13.1220,-27.8073,12.3335,-115.5858,-362.0907,-206.2242
29.2225,-142.2278,-29.9005,-185.4713,-268.4497,-256.1806,-140.5046,-126.3005,-25.8091,190.6604,32.4574,-126.3654,-124.4908,-126.6273,-48.0053,-12.5990,-74.6326,-356.2598,-239.9274
-6.1333,-68.2613,-6.5816,-103.7828,-225.7013,-302.2853,-121.9045,-108.5973,-19.2882,217.1064,18.4132,-149.3352,-143.7134,-199.0064,36.9861,16.1975,-41.2789,-298.7061,-252.0086
-48.8071,5.2435,-10.6562,-73.8498,-145.3751,-282.5715,-71.8818,-122.7433,-84.9799,213.3820,49.9386,-219.5517,-117.8520,-207.2836,86.5274,8.2533,-20.5227,-203.7470,-228.1232
-30.4364,46.1605,-17.3494,-38.6056,-57.8945,-169.5684,-42.4293,-100.2480,-88.2482,241.1192,61.5399,-198.6910,-62.8575,-182.4137,70.2036,-31.0450,9.6633,-82.1600,-141.8564
14.0787,53.3353,-31.6477,45.3704,28.8513,-50.4936,13.0886,24.3235,14.3323,314.1468,20.3136,-93.3088,-9.0597,-140.9165,74.4310,-38.9511,33.4018,23.1153,-12.4555
18.7161,41.2181,-74.4365,117.2860,76.2297,27.8990,108.1623,160.2361,120.5812,345.0167,10.5173,-62.1560,44.8093,-73.2646,121.0213,-28.3189,39.7247,79.1987,110.9020
5.2706,49.0907,-100.9448,156.8950,102.5547,98.8566,198.1750,229.4509,192.6120,315.8498,55.3009,-81.2168,105.1729,-3.4430,159.2249,-9.2019,95.9289,137.0105,206.4726
10.2442,83.0597,-33.3149,228.4877,169.3164,173.8237,237.1383,269.3441,211.0548,268.5400,86.9665,-19.6748,144.6953,42.3817,149.6180,30.9280,236.6965,238.7252,275.5963
32.1797,102.7869,95.2025,350.9898,240.8157,249.6194,207.1915,314.1480,142.7017,212.9169,107.1799,74.7806,126.4777,82.7535,107.7308,51.8098,366.6529,328.4503,314.4597
87.3583,99.8128,149.1494,448.7455,242.5704,331.2262,162.8485,354.7554,85.3637,171.0399,129.8477,100.3505,64.4666,106.5517,100.1167,36.3665,404.3875,344.3914,331.7698
179.0587,114.6165,92.1948,438.0181,203.6026,357.7733,180.4081,374.4559,136.0388,145.7593,91.6058,85.1808,18.3648,78.5041,147.8053,32.4564,388.7126,293.7737,348.8536
245.4239,175.7655,40.2797,327.8478,177.8683,273.7671,233.2782,343.7467,198.7060,80.6844,2.6167,67.7823,7.1314,42.3699,172.8993,39.5724,352.5311,203.5970,353.8302
244.9391,245.5478,70.2441,217.1281,153.1078,183.7411,251.2613,278.8056,190.7295,-1.1782,-27.3049,40.1508,0.2147,59.6157,131.3661,31.6720,276.1339,106.1740,326.3489
215.3004,230.0556,122.2692,164.1195,130.0435,207.2184,250.9572,261.0645,181.4732,-12.5450,17.0331,22.0200,-1.0982,98.7797,85.2839,36.7032,193.2728,39.9020,300.1519
184.9897,101.9984,126.0962,118.7363,134.5774,258.2976,275.6513,292.4606,207.8549,8.0258,60.1617,11.8720,18.2658,110.0670,81.9826,50.1359,150.0317,-3.2659,305.9385
130.8457,-20.8261,96.1736,34.9114,144.9703,212.1728,307.3585,272.2766,252.2547,-20.5872,83.2711,-26.8826,28.0747,90.7175,101.5091,33.9949,100.8699,-52.7495,295.5673
62.1104,-29.8878,75.7587,-56.9821,133.2863,123.4514,294.3734,175.5957,301.9364,-63.0861,99.5333,-69.4850,16.9297,36.7693,107.8693,18.8817,-1.5485,-89.7669,218.3232
32.4717,18.6590,71.6408,-124.5932,112.9962,77.7052,188.5789,76.0064,242.3410,-93.2622,102.7267,-73.7708,19.9690,-25.9739,61.9537,19.7289,-115.2373,-90.0842,103.4023
28.3251,1.9784,66.2198,-162.4786,87.9953,49.6403,14.3298,5.3349,20.2311,-147.9777,108.2713,-67.3429,31.8057,-29.6915,-14.5544,-14.8746,-184.5268,-70.0035,4.8079
-21.9851,-103.9005,57.8083,-160.3666,53.6592,14.7422,-98.1628,-56.2698,-107.4906,-191.4994,125.8301,-70.1192,23.9069,3.6926,-15.2621,-63.1305,-186.5628,-46.0039,-54.9630
-86.6148,-190.8494,56.2597,-131.6271,28.7914,-22.3816,-87.7309,-114.2082,31.3669,-173.1342,118.3034,-53.9547,8.2569,-18.1642,56.6181,-67.8486,-125.7300,-30.6268,-77.3868
-73.6250,-136.8911,39.3417,-111.6911,5.9901,-90.5487,-72.3413,-160.5729,145.3414,-133.4260,62.3697,-22.3536,-26.8367,-65.4498,47.0958,-62.3400,-71.6478,-42.6697,-91.6310
-51.6977,-16.0255,-21.7014,-99.6127,-42.5954,-175.6415,-135.4670,-180.9732,8.9506,-99.0240,-10.2295,3.1789,-100.7536,-39.9889,-49.7603,-51.4696,-86.0769,-72.5427,-128.1834
-130.2872,-43.4999,-83.2571,-86.0191,-85.2499,-216.2050,-195.8985,-182.6247,-121.5985,-65.0507,-47.0509,32.6011,-139.8920,11.8723,-67.5925,14.1922,-100.7845,-107.8462,-168.2263
-170.4216,-181.3544,-78.5167,-95.8101,-80.6018,-235.4720,-202.1458,-223.9877,-60.6429,-83.3274,-22.0251,49.3179,-105.3796,-17.1797,-14.6754,64.5200,-42.4724,-159.7589,-183.5845
-9.8402,-147.8080,-36.5566,-120.0622,-69.4956,-278.6128,-221.1052,-311.8323,-15.2576,-150.3906,29.5829,11.8795,-106.6170,-85.0184,-46.7884,21.8711,10.9979,-192.8034,-196.1368
180.2360,48.2351,-26.6703,-98.6099,-100.2324,-286.0651,-280.3942,-345.6549,-83.6660,-149.6434,53.5187,-51.0698,-178.1647,-84.0022,-135.1569,-13.8123,-13.9793,-155.5876,-237.2922
190.7387,106.1817,-29.1566,-29.4075,-143.4357,-229.5641,-325.9756,-305.8743,-119.7141,-68.7913,61.4701,-77.3092,-192.9056,-26.2496,-153.3424,25.1406,-45.1173,-107.8350,-298.9334
133.7112,4.3565,5.8522,10.7278,-157.7353,-200.5009,-329.7106,-322.9600,-134.0686,-46.4507,86.4861,-78.2019,-131.9901,5.9700,-134.5997,39.7738,-24.7535,-132.0383,-346.5578
145.9853,-34.7050,40.3541,-14.6649,-146.7834,-222.5271,-307.4206,-423.7833,-205.3359,-120.9230,100.0517,-92.3949,-110.9853,-8.0188,-137.1259,-5.7850,-4.9985,-171.8146,-344.5197
150.5926,-22.9706,10.6073,-55.6235,-119.7410,-206.7434,-269.3956,-460.9317,-212.7502,-175.7318,82.3328,-103.5122,-122.5737,-34.8992,-100.7906,-42.5540,-12.5736,-144.9710,-294.8788
113.2424,-87.0006,-58.2133,-69.5060,-69.9095,-144.8095,-218.4228,-392.3063,-124.9697,-149.1946,71.3970,-95.3258,-79.4746,-50.7661,-18.6157,-70.1709,-15.8123,-91.7174,-247.6121
87.7335,-153.2207,-90.8897,-78.3712,3.3902,-116.2674,-162.2997,-337.8665,-106.8261,-84.0096,74.8896,-94.7640,-11.5574,-50.5182,18.9066,-107.4273,-16.4901,-70.9893,-217.7971
37.3803,-141.9061,-72.6946,-91.7367,83.4925,-122.7707,-105.5322,-314.6929,-121.7588,7.2241,71.8302,-102.1654,15.8985,-31.1998,-0.1253,-113.1811,-30.3440,-56.6460,-156.4896
-27.2137,-102.0800,-52.0292,-56.1976,141.5147,-91.6259,-46.0063,-220.4305,-21.8675,137.6033,88.5497,-79.1052,13.7839,10.2889,-12.4494,-81.8333,-38.2171,-4.1977,-57.6230
2.9558,-31.6066,-45.8270,38.2636,157.9118,-4.8691,7.5651,-80.1876,65.7227,245.2791,133.1296,-29.2775,3.9523,60.9003,-1.7224,-41.8769,-29.0647,77.2172,12.8828
67.6517,62.2057,-21.6660,95.2387,130.6577,59.5529,18.7006,-29.2930,41.5372,270.8407,140.6083,1.1455,-5.7283,84.4277,18.5513,6.4399,-25.0496,114.6649,14.9467
24.1938,62.7913,11.5698,50.3494,53.6504,2.8291,-46.9779,-84.9901,89.9353,263.9637,87.5058,-6.4080,-12.3038,57.6961,39.5597,34.1446,-51.8031,29.6716,-41.3979
-49.1794,-22.3006,0.5060,-41.2150,-64.2163,-165.2159,-159.7550,-160.8163,199.5027,250.5573,38.1378,-44.2025,-42.8560,3.6040,42.5416,1.0430,-112.5207,-142.1729,-129.1388
-41.4334,-47.2709,-51.2922,-122.4175,-167.0602,-307.1466,-229.6007,-228.2347,134.0983,160.0932,29.2230,-103.1709,-91.0550,-39.4097,43.5586,-52.2074,-171.3580,-274.5107,-192.8039
-30.3185,-29.3185,-95.5426,-195.2520,-215.5086,-336.6078,-202.8163,-288.6653,5.2608,35.3897,34.0886,-149.3741,-95.1311,-53.7230,90.0307,-66.9371,-183.9583,-326.6975,-189.7078
-41.4700,-68.3881,-121.9737,-240.5171,-238.0806,-313.4037,-136.0901,-299.7278,38.3636,27.5176,39.3721,-145.0706,-63.9646,-30.9885,151.8919,-49.6892,-154.3373,-342.3491,-159.3479
14.8336,-82.8354,-125.0584,-215.1932,-244.4062,-278.9996,-126.5627,-254.1520,35.6617,92.7024,50.7574,-105.5983,-55.6511,24.9223,137.8397,-24.8794,-99.7498,-298.8328,-152.7961
90.5792,5.3546,-88.9779,-117.2102,-181.7249,-175.0724,-164.2513,-204.3689,-156.1664,69.8299,45.4189,-64.2785,-30.0177,73.5757,49.7636,-2.7719,-2.4246,-158.4171,-135.9092
79.0391,72.7505,-64.2102,11.0872,-44.8234,-15.1487,-143.6177,-158.6541,-262.1823,5.2672,0.1883,-17.2285,61.6038,76.2845,-10.9195,11.2757,120.4498,-2.7825,-61.1506
40.0031,36.4411,-98.7611,98.2743,87.2475,77.2971,-49.4015,-94.7397,-180.8259,-0.7799,-49.6961,34.1570,144.7337,51.2806,5.3557,20.8802,196.2033,62.6410,32.9684
63.1875,-13.1110,-119.8680,93.8959,159.3320,77.5330,9.9106,-53.1152,-160.0459,-36.8779,-47.9137,59.0077,160.4925,32.8259,49.3523,13.8949,206.1470,47.9829,77.4319
105.7934,-25.6248,-70.9554,44.1942,178.8550,88.1043,-3.3186,-70.0018,-220.5971,-130.2272,-5.6182,59.4418,155.1781,15.7734,66.9329,-21.4946,188.8201,14.2567,75.2480
101.7834,-37.3143,-37.6361,19.2102,163.9457,133.0773,4.3019,-89.1301,-185.8520,-125.7280,19.8448,71.7957,154.1926,0.2292,55.2761,-43.8127,142.0323,-12.3922,82.9337
67.5700,-22.3369,-70.3177,1.0159,138.0561,147.5035,77.4109,-58.5728,-109.5211,-8.2181,22.0738,90.4836,145.4624,20.2688,30.6653,-20.4792,59.5386,-9.7932,108.5532
73.7363,49.0368,-80.1722,-18.4488,129.5437,129.9689,128.1430,-16.1761,-112.3851,59.2722,38.9103,78.5837,150.3489,66.6561,4.4535,16.4025,3.0508,36.6886,99.7090
146.4294,87.6973,-12.3561,29.9581,131.4345,71.7663,79.3894,-16.2062,-134.9816,23.7117,75.2337,51.1345,162.2929,64.5174,-6.1981,46.4240,29.3592,83.4073,40.1590
197.6866,15.9361,84.6831,135.5205,112.7552,-133.1204,-18.9338,-75.8962,-107.1016,-57.7881,108.7540,58.1214,135.7292,-19.1303,4.7313,61.7729,122.8746,72.5076,-33.9754
162.4531,-81.4258,169.4614,189.6634,66.9660,-454.1817,-76.5919,-187.7749,-72.4200,-156.2923,130.5480,80.0563,85.9655,-124.1498,11.7634,24.6205,225.7023,9.4420,-109.9042
123.1056,-89.5554,220.7822,165.5889,4.3822,-625.1317,-99.8966,-291.2050,-117.2378,-228.9630,130.5754,35.0185,49.3052,-179.0347,2.7564,-29.5457,261.8080,-59.9250,-172.4498
119.2435,-44.6242,211.8880,105.9832,-64.3564,-527.5375,-134.8749,-296.5917,-227.2312,-228.4830,94.6515,-80.2036,1.1710,-163.7593,13.9042,-3.3992,190.1653,-103.0234,-154.5954
61.9445,-45.1175,160.5360,11.8501,-104.3443,-377.8775,-126.0262,-206.2239,-211.5487,-175.2503,32.9375,-164.1373,-57.0723,-101.5117,68.6801,70.5618,69.6558,-111.1088,-45.6480
-28.8611,-95.1241,104.0139,-102.0872,-72.6555,-346.0112,-15.1276,-115.4448,-9.3508,-102.6664,-25.7802,-170.7968,-58.0145,-48.5804,131.3041,90.7367,-27.4305,-121.0081,57.7979
-52.2804,-167.1526,27.6664,-194.3162,15.8508,-340.6056,97.1681,-66.1281,102.8899,-27.1091,-64.4776,-157.9488,8.8270,-54.7336,164.3439,83.0207,-116.8255,-193.6677,104.4708
-77.1755,-270.6225,-85.7445,-266.7942,83.2776,-276.1284,110.9035,-15.5097,3.0461,18.4320,-97.7407,-146.4110,67.8213,-100.0323,169.1924,94.6833,-206.9115,-298.9131,131.9231
-188.4811,-341.3808,-189.9276,-300.1760,70.2113,-207.3544,91.0960,47.3549,-55.8235,30.0757,-149.0091,-110.8314,68.5832,-130.9755,152.3018,78.2894,-231.3737,-327.3091,145.2165
-278.1690,-271.7526,-219.8444,-247.8254,6.1793,-177.1407,88.3544,78.1056,-3.7504,36.9456,-186.5177,-96.6373,34.1224,-144.7794,121.2155,38.7384,-170.9448,-274.7839,140.3074
-267.2222,-132.0298,-165.2784,-166.5174,-27.3941,-161.4648,59.3405,71.9804,1.3201,33.5223,-155.5882,-139.8169,10.1210,-148.0806,98.8863,46.8280,-86.4525,-232.9907,166.8364
-219.8867,-107.2328,-86.8680,-120.8298,-9.3808,-106.5606,44.9666,75.4390,27.1629,12.6836,-96.0767,-146.3609,4.8488,-93.6205,83.7546,83.8875,-1.7768,-185.3981,213.8528
-162.5318,-198.0592,-45.7918,-35.5751,1.9277,35.2463,107.0806,104.6337,106.3714,0.7402,-83.1899,-50.8764,-12.0283,26.8224,43.5569,92.8829,89.9273,-60.8608,205.5048
-104.7220,-248.1178,-19.0537,100.6181,-11.9405,207.9798,169.4827,143.4590,46.5574,8.4329,-77.9679,44.2434,-37.8569,119.0411,-10.6838,88.2677,144.1259,63.8358,184.8306
-91.7448,-201.9035,35.8863,131.2704,7.1960,301.2299,192.6900,202.5310,-36.6053,36.0376,-29.0733,45.5955,-25.2631,125.0795,-19.1987,92.6677,123.4195,84.0128,255.7875
-65.3128,-116.7768,73.0737,37.5573,60.3552,343.6223,241.4945,280.4509,88.3662,65.0613,-4.9762,7.9347,15.9228,106.6763,23.0839,97.0310,73.3787,68.2600,350.8279
30.7795,-48.3826,57.5507,2.8816,62.3602,418.8868,259.2294,307.0893,139.3941,18.7402,-27.5203,1.6541,19.6302,113.1713,43.5106,87.5755,64.3468,109.0017,332.1258
75.4752,-39.3704,68.6991,82.1140,8.4646,471.4016,167.6824,239.8269,-75.0474,-112.1120,10.1382,13.7240,-1.4960,106.8667,8.7235,37.4568,108.2669,149.6792,247.6088
17.8969,-66.4378,144.6847,153.3589,4.4687,462.1914,102.7034,153.5888,-149.4442,-200.5678,117.9470,20.7324,29.2300,68.0727,-24.2625,-44.5427,152.2347,125.7743,228.0808
3.3784,-28.7654,195.4824,160.3316,87.3906,495.8933,158.4176,125.2322,9.7012,-201.6552,175.3443,31.9851,105.6984,38.4674,-14.8662,-87.2720,144.3715,91.8630,251.4672
55.4880,62.2958,180.2023,134.9205,183.6667,587.3698,191.4285,123.6737,-20.1059,-210.5106,156.6681,48.0891,155.0527,37.7183,1.0314,-75.3730,103.7771,107.3266,227.8544
53.0287,53.5164,149.0986,90.1941,244.8314,611.9059,144.2314,102.9864,-177.7249,-239.5335,130.2028,43.7924,164.9102,39.5306,7.8707,-71.0470,74.2407,131.5881,179.2465
9.9784,-75.7927,98.0901,27.5622,275.1260,546.1627,134.5784,76.8570,-103.0488,-238.9047,113.4235,3.4757,177.8280,21.5368,48.4694,-85.0080,32.1915,93.9968,156.1322
-22.1873,-163.8302,17.1935,-43.5365,272.6793,450.5190,153.1768,45.9928,-2.0589,-251.0022,104.2937,-48.3715,205.6618,-24.0340,107.8582,-85.7257,-45.8378,9.4946,117.6377
-102.0777,-139.0183,-10.9377,-93.8525,249.3426,326.2165,111.3591,-12.0370,-110.7534,-283.6776,108.5376,-80.4019,219.9221,-92.1745,103.1727,-81.0166,-89.1660,-35.5605,37.3109
-196.8082,-80.0768,39.2960,-75.2931,229.1531,208.9365,67.2196,-75.1053,-115.6279,-260.8154,93.6501,-98.9752,199.7819,-142.7397,40.3506,-72.3082,-48.1366,-15.3401,-20.5300
-192.0498,-43.2528,69.0914,-10.3052,199.5730,172.9346,80.0938,-112.4029,93.5867,-209.9994,61.6774,-107.2206,165.8079,-130.0175,23.2572,-47.3076,12.5020,10.3413,-27.8680
-145.2638,-45.6353,53.9368,20.1705,157.6757,177.7119,90.0836,-132.2220,155.8071,-191.6291,70.4855,-68.0447,156.2607,-75.8573,79.3007,-37.3052,50.3749,18.0795,-26.6180
-166.1516,-102.4089,70.4567,31.6455,143.4904,156.2451,87.0898,-123.6996,32.9723,-126.3300,102.6349,23.9614,168.4958,-48.1128,127.4573,-53.1596,106.9854,31.5752,0.6665
-185.4907,-154.8575,107.2691,84.9267,147.2756,142.1796,120.2042,-64.1958,47.8632,10.5097,101.5128,103.3309,171.5837,-53.6491,118.4139,-44.4586,169.5196,26.1863,84.0567
-116.6577,-134.2630,98.5433,117.3381,105.1822,128.6084,151.0386,-11.5816,192.7122,63.7381,106.4103,113.1783,166.8647,-42.2107,82.6353,-6.2780,160.6389,-29.3984,120.4110
-27.8011,-105.5040,75.2033,54.4990,20.7614,38.2744,115.3958,-44.8727,204.6415,-19.7584,146.3767,58.4883,163.0505,-19.3483,60.6487,5.7787,76.5242,-102.8245,18.8937
-8.0388,-145.0845,76.8119,-45.5266,-41.2410,-90.5456,44.6212,-121.7193,96.4354,-86.9064,142.6118,-17.9851,137.5534,-32.2449,59.5676,-14.8480,-21.6976,-163.1919,-98.8710
-45.1040,-185.0030,54.8163,-130.1017,-49.8154,-140.7472,14.5168,-133.1341,62.7514,-50.4603,72.5641,-74.2687,95.7834,-57.9750,56.0267,-19.9947,-108.5522,-201.4586,-82.1946
-72.2188,-173.4988,0.6861,-217.4653,-3.8550,-95.8827,51.0550,-61.1829,95.0431,14.9733,28.9051,-108.3462,83.8939,-51.0290,31.5231,16.0975,-181.7570,-184.4034,14.4778
-56.2700,-190.0774,-12.3296,-267.6460,73.4838,-6.6787,113.5828,24.3200,71.2153,51.5587,49.9018,-136.7374,97.3745,-47.2739,11.2672,71.2584,-222.9248,-113.5612,69.9266
-38.8911,-254.5744,19.7653,-228.9612,112.7177,88.7926,148.7325,67.6291,46.3579,75.2101,84.1976,-130.5416,86.8295,-78.6261,24.7045,100.7896,-219.2122,-56.3141,82.1565
-62.1277,-275.8892,21.0851,-163.7926,81.0695,135.3470,146.6546,57.9444,113.1727,78.1661,92.6153,-73.4369,51.4216,-99.7923,42.0802,92.8461,-176.1583,-47.1859,88.0620
-89.9281,-242.3179,-23.7620,-141.6124,30.9544,98.9748,107.2359,15.5072,144.8610,32.6126,56.9264,-38.2844,14.7345,-103.7565,14.9722,78.7500,-117.3167,-62.2085,72.1545
-83.6130,-202.9247,-55.3143,-126.9602,-6.4066,28.7404,19.9720,-24.8384,45.8603,-16.0176,-8.5264,-64.3408,-37.1935,-132.5867,-47.0997,64.0878,-67.2418,-73.9484,28.7638
-60.1525,-137.5337,-20.6640,-70.4057,-53.5240,-12.1917,-67.9747,-51.1470,-3.4449,-1.0849,-23.5111,-71.7009,-106.9842,-143.5714,-93.6601,33.5641,-4.8151,-55.2501,-3.6103
-24.9555,-63.3832,86.3519,15.4401,-107.7198,-19.4468,-100.3785,-81.8017,83.7068,20.4711,45.6294,-18.2904,-161.9904,-79.5985,-101.3913,17.3894,98.8799,-7.1699,-1.7974
24.6561,-67.4171,198.8350,86.8618,-157.4830,-20.4706,-119.8711,-119.7535,111.3670,-42.8086,107.1012,31.0707,-191.0975,-15.2776,-93.1018,32.3642,184.9841,24.1255,5.7363
54.8462,-110.8509,220.4270,105.7664,-210.8881,-33.5089,-150.2435,-140.1607,41.0925,-113.7440,98.8739,43.5056,-193.6547,-31.5805,-90.9773,29.5009,176.2948,32.0327,-12.3364
56.2241,-84.9780,160.5768,76.0417,-239.7141,-56.7526,-99.2922,-127.7952,60.5340,-73.1544,87.2859,42.7078,-147.1205,-77.2345,-73.4518,-0.7704,119.3578,42.8212,-23.0143
56.5718,-39.0098,132.1019,40.3338,-214.7993,-84.5825,44.3950,-89.8848,150.7351,7.8733,122.4680,28.8814,-67.3271,-93.9104,-24.3622,-11.7537,109.4693,24.2779,28.0070
53.9729,-60.7678,176.7218,19.3007,-174.9043,-124.7467,139.3275,-49.4673,155.3083,18.3908,154.9509,2.0369,-20.0130,-105.8018,4.6608,-15.0937,140.5255,-33.7984,109.2032
42.3637,-103.6953,216.9878,11.5282,-139.5130,-164.4567,126.4501,-42.6113,111.6846,3.2533,142.7018,-25.6033,-20.0990,-123.9974,-26.6528,-41.4062,151.3427,-52.3303,137.5222
23.2232,-144.2141,178.4621,25.2150,-66.0930,-159.0533,86.9354,-74.5079,81.4233,10.3056,98.9283,-62.9121,-15.0412,-120.0902,-66.3159,-51.8129,117.6169,-14.3317,103.5846
-47.6514,-225.3110,60.2828,37.7201,35.6536,-106.6445,68.1013,-84.1043,4.6882,2.2372,40.9086,-95.1066,25.8662,-94.4447,-70.1801,-28.9510,40.2961,0.4669,67.2546
-168.0539,-283.4117,-67.0456,-2.4224,111.5583,-63.2205,69.2743,-27.5582,-63.4533,2.2819,-3.6600,-95.3673,88.7786,-83.8847,-69.3060,-17.6965,-47.4438,-30.7851,74.1974
-207.7452,-245.6261,-105.4588,-90.8379,168.9351,-52.4772,100.3601,34.0062,4.7688,55.1138,-2.4663,-107.6225,142.7664,-120.9399,-66.9790,-17.2676,-86.1446,-76.2650,123.2292
-88.9231,-184.0322,-53.4982,-165.1035,215.9846,-44.5934,122.8764,27.7990,116.6154,93.4013,7.6247,-157.2663,141.2141,-175.4502,-33.0392,2.2389,-79.2708,-119.5041,153.6974
81.8970,-144.5612,-29.5350,-174.3680,195.4282,-21.4124,73.1245,-6.7896,74.2870,56.0708,-39.5363,-158.6082,62.2369,-158.1877,-13.7747,15.2587,-79.8946,-119.9601,97.7200
161.3570,-86.7959,-81.7066,-108.7402,93.2237,4.1410,-30.7346,-2.8750,-103.6141,-1.9915,-106.3039,-79.8914,-43.8213,-84.8394,-65.3129,9.0802,-76.6076,-65.9165,-6.9583
114.9903,-57.2377,-108.6572,-14.7822,-18.6295,15.2680,-124.1019,8.0330,-226.1163,-21.6721,-99.0906,-26.0169,-115.0042,-133.9657,-131.8974,22.8859,-33.0193,-28.7227,-63.1379
13.9046,-99.0290,-49.5929,39.9944,-92.0000,16.5253,-181.4722,-17.1494,-208.0187,-5.2270,-34.9600,-40.4517,-150.9645,-374.5786,-140.5638,50.3207,15.9884,-16.8514,-63.5472
-45.9237,-113.9630,16.4451,66.6503,-137.5406,36.1860,-197.8116,-21.3045,-133.0709,20.8413,-4.4484,-40.2313,-166.5409,-612.7526,-105.2334,44.2267,38.7066,40.9311,-52.0836
-61.9134,-69.3123,16.1216,122.4678,-167.4492,76.5720,-173.0970,40.8634,-83.8308,9.7356,-13.5199,15.0933,-144.5604,-687.9697,-64.9074,10.2421,59.9669,116.3331,-32.8853
-92.9775,-53.2009,-23.0461,182.4280,-184.8015,94.1073,-144.4275,86.6926,-87.3741,-57.0589,-10.2328,78.1040,-95.5299,-692.3929,-54.1496,-22.6412,72.0753,136.5723,-35.0200
-95.7253,-28.3960,-37.0426,192.1146,-194.2077,79.1023,-162.9334,40.5383,-184.5967,-114.3241,4.9517,110.1419,-82.2438,-740.0660,-109.8668,-58.0355,47.6403,139.1466,-92.5954
-8.2470,91.2500,7.9409,180.5958,-186.5828,83.7517,-220.3792,-19.0483,-310.1177,-101.5701,12.9783,112.7841,-122.0770,-770.4614,-192.5330,-92.1861,22.7869,168.1002,-126.3335
68.2259,191.7988,88.2349,177.9234,-134.2923,129.3199,-235.2057,13.3976,-255.0323,-48.0699,28.3275,108.7007,-138.1560,-720.4974,-205.6538,-104.9211,20.3409,192.1713,-58.4319
41.1021,135.2535,131.4779,147.4541,-23.5872,171.2067,-156.6541,85.4859,-33.7807,-9.0216,45.8219,115.9908,-73.0774,-668.1943,-147.4178,-102.4929,-6.5610,194.4359,24.3202
-4.1861,-0.4902,101.3145,88.1313,102.1541,164.1879,-60.5336,71.7960,63.8959,5.6007,37.8296,122.1931,20.7694,-676.2642,-91.7426,-98.8310,-55.8472,160.8412,20.6843
-7.3206,-74.1325,58.2243,48.8337,180.1723,102.3418,-41.9160,-18.8885,4.5051,19.3855,29.0027,107.4223,80.1601,-671.7932,-39.3116,-82.1415,-66.5511,72.8541,-23.6091
-13.3719,-61.8480,71.6993,26.8167,218.6875,19.7445,-61.7016,-68.7429,23.6982,43.3810,64.9962,68.6188,130.8304,-606.9576,46.4678,-43.5914,-54.7280,1.2683,-44.9018
6.2998,-19.8752,109.3078,-5.8976,247.6543,-40.3743,-51.1105,-53.5423,81.8460,41.6117,115.3735,13.3817,191.2432,-576.1857,122.7514,-2.4592,-72.9144,4.4567,-69.0093
93.4433,-3.3869,94.5120,-23.8779,208.4748,-84.3428,-63.4103,-63.3937,-9.6564,-21.9513,107.1961,-15.4921,186.6920,-632.5364,123.4264,19.4920,-82.7583,-2.8479,-117.6276
163.8614,8.3082,37.3244,6.0373,55.1780,-136.4319,-146.0363,-116.9766,-135.8273,-101.2645,33.7648,34.3439,75.8816,-653.0693,58.8165,29.5218,-32.7781,-65.4133,-152.2284
166.1662,86.4649,11.3857,75.0244,-106.2200,-152.4134,-211.7638,-119.3828,-134.5658,-112.8054,-37.6332,127.1314,-48.2459,-538.2615,-9.4163,51.7306,43.8331,-77.2407,-132.1491
163.5326,191.1078,33.5851,163.8785,-150.0048,-86.2760,-186.9312,-40.2981,-83.4171,-53.1548,-47.1274,182.6222,-87.7806,-378.5806,-33.3667,76.6790,113.5366,6.9580,-72.9468
177.2032,208.3634,71.4590,249.5442,-100.3862,-7.2938,-129.7381,19.5604,-46.7057,-5.7466,-5.4574,205.6812,-63.5272,-292.8461,-9.4533,64.0308,183.5622,99.7536,-46.9078
190.5333,175.3019,121.5942,287.2795,-71.0835,-10.1462,-127.7701,-15.4425,-36.7697,-41.7857,17.8354,229.3334,-48.0823,-261.6984,18.2439,24.5586,220.1630,133.7382,-100.1051
223.3611,205.8567,169.9741,247.6870,-151.0530,-65.0940,-213.0535,-98.1173,-144.9719,-122.2582,-15.3565,221.4986,-75.0112,-207.1266,-0.6413,22.6690,174.2108,101.8363,-186.5683
240.8029,244.6294,161.0852,163.9991,-332.9444,-69.9087,-358.4354,-142.6374,-307.7717,-121.3689,-54.2036,176.3799,-134.5229,-109.8537,-67.1669,64.6568,82.8817,38.7095,-242.3469
185.2080,173.1167,102.5835,101.4459,-466.8905,8.9722,-466.8271,-118.0534,-307.1555,-11.9824,-52.9479,158.7202,-186.0379,-13.9632,-134.5639,90.8200,19.5906,16.0085,-258.7709
117.5583,56.5036,67.7030,70.3469,-404.2278,114.5350,-445.0311,-57.2099,-171.2441,71.3191,-66.6127,189.9581,-181.4637,22.6613,-155.6638,86.8534,-22.2049,38.2555,-233.5877
107.5502,44.3497,45.2806,13.2149,-198.2680,177.1635,-312.4877,-12.5187,-105.4965,63.2976,-149.8824,217.2206,-105.9001,-4.8154,-115.1137,85.4150,-95.2944,27.8392,-156.2869
98.2486,119.6232,-38.4201,-87.2455,-1.5188,176.9621,-148.2351,9.4872,-114.0988,69.7758,-244.1955,188.1075,15.1258,-35.6851,-29.2857,89.0803,-188.6707,-25.9032,-60.4370
39.3524,138.8426,-154.0108,-153.7655,137.7074,133.3558,6.2349,44.5215,-82.0309,135.1824,-273.5204,98.1715,132.0703,-34.2950,65.0411,85.9723,-230.4474,-60.5796,5.4315
-24.3944,88.2719,-202.2578,-121.9289,227.0840,68.5685,114.6507,89.3182,-12.7609,165.1864,-243.5946,17.7024,192.7905,-43.2058,121.5615,70.1975,-183.3197,-45.5850,32.0973
-47.0282,109.2363,-158.1928,-17.1734,254.7611,15.7690,142.9761,109.2742,18.9962,127.6917,-172.1590,38.0199,189.6510,-95.2213,115.0371,18.6655,-78.3281,29.3554,34.2748
-11.2997,218.5469,-54.5106,110.1165,251.1462,15.3889,134.0099,116.9403,-29.2010,75.7068,-57.7967,141.8472,168.1791,-126.3487,74.6699,-52.6932,40.2842,139.7315,34.9376
67.4418,246.0032,71.8948,219.9842,254.1376,50.3654,143.3937,125.1115,-127.1469,15.7129,49.6694,226.5314,155.8000,-54.6679,51.2713,-73.2311,142.0371,184.3231,42.3566
106.4060,159.9322,148.3732,257.6133,231.3827,44.1718,135.1957,87.3007,-187.1271,-49.4505,83.9039,253.0365,136.1565,69.7053,58.9540,-52.6240,186.5888,116.8017,25.0266
63.8896,144.6035,106.4462,205.7518,158.8759,-35.2604,91.2030,5.4735,-165.2160,-72.9873,52.7143,253.2264,111.2417,111.2717,85.5603,-77.9397,151.2405,26.2781,-16.0305
31.3587,252.6239,-20.5971,129.6279,75.9411,-129.2135,92.6892,-35.2842,-93.9129,-60.3356,5.2526,247.8073,110.9959,65.3458,103.9111,-130.6596,82.7312,-9.8256,-17.1217
71.7415,329.2675,-121.7097,92.3406,18.6577,-161.9207,140.6435,-24.4252,-62.8296,-57.0211,-23.6350,239.1695,137.0576,53.0926,50.6406,-122.4110,47.4548,8.3327,14.4952
108.2899,310.2219,-124.3771,85.0183,8.8725,-117.1603,109.5238,-33.4386,-190.0597,-55.9499,-11.7589,216.1051,163.1681,90.8711,-95.3796,-81.1352,43.6557,73.1293,-3.3038
86.3434,272.9491,-61.5156,70.1222,66.2596,-39.7426,5.4985,-53.5089,-396.8391,-57.7351,24.6058,166.8467,184.2831,103.4515,-224.7229,-78.8291,28.0527,150.5660,-43.6050
58.7785,245.9105,-26.3233,24.0380,162.6339,25.0417,-14.7223,-32.8690,-388.3503,-110.3522,40.6802,121.4065,222.1130,115.1904,-233.2659,-86.2211,-11.5604,183.5884,-13.3547
40.4391,186.5494,-50.5949,-52.5372,246.7605,82.2861,53.9009,-2.5025,-172.0332,-181.8625,39.7975,106.6480,281.8294,168.5155,-183.9668,-63.3584,-63.8054,179.0267,45.1141
-25.0832,83.4292,-69.7623,-112.2965,308.6403,156.1157,76.4893,16.5882,-105.6357,-160.2582,52.4734,96.6727,327.3564,201.7665,-185.9348,-29.9953,-113.5413,173.9171,44.6128
-98.7517,26.7497,-39.7426,-91.3430,343.3001,230.6820,57.4866,72.6187,-200.0583,-50.4104,66.8255,99.2255,324.9275,203.2790,-230.4919,8.0406,-122.4462,165.1678,24.1360
-29.5459,168.4460,9.0692,6.5496,323.9445,263.7186,72.8852,135.0850,-146.7606,17.4553,77.5085,172.2949,295.3089,242.9482,-261.7114,40.5754,-56.2799,154.7007,28.0862
224.2657,496.6950,62.3767,107.1615,260.4737,242.9319,76.4182,109.9491,-3.2667,15.6636,107.6459,295.1057,273.2841,298.7918,-264.2004,34.1730,57.0928,153.8350,12.9115
504.0441,774.6204,133.2212,158.5914,201.0799,202.2587,45.1368,31.1253,10.5804,40.0292,130.7053,380.4061,248.4665,325.4718,-231.9852,30.4627,152.1929,140.7413,-19.4160
654.5501,872.8851,184.8358,177.2082,164.5788,174.9961,55.8243,-8.4396,7.4478,71.9073,112.7106,411.7961,209.8894,365.1988,-179.2526,87.9107,197.3610,101.0466,-24.9765
685.6277,890.9283,173.0128,189.7425,119.6455,135.7702,73.0167,-55.3552,46.6176,-21.5666,94.8167,431.3871,178.9742,397.3665,-154.7835,123.4885,196.6807,35.9664,-51.1001
672.5780,854.3054,120.9380,171.5853,24.9473,42.2403,-5.7569,-186.4753,-38.8594,-202.7993,92.3738,445.6098,141.2802,366.7774,-168.3250,31.8455,146.4682,-69.7310,-149.6012
634.8529,694.7110,61.4259,81.8323,-109.2384,-61.2108,-114.9157,-322.8918,-140.1307,-269.4929,47.4889,423.4017,52.4994,368.3610,-185.9792,-116.3153,38.2343,-183.4393,-249.5110
556.1194,500.1685,-6.2305,-52.4500,-214.9136,-85.8806,-162.8430,-356.7321,-29.0030,-185.3662,-23.0104,345.5819,-61.4271,442.7572,-204.9223,-175.6497,-97.7749,-221.3165,-276.7759
428.9413,388.7226,-57.4112,-140.7626,-249.9401,-32.5817,-214.3479,-319.3645,135.9116,-107.6094,-31.0043,246.8753,-128.5001,418.1869,-228.0957,-108.8230,-185.4596,-169.2913,-256.3408
280.8622,307.9158,-51.4483,-134.5728,-226.6356,37.4671,-272.5937,-281.0347,157.8441,-96.7732,11.3962,182.2636,-133.6511,266.2852,-223.1799,11.9112,-173.2033,-74.5768,-211.9095
168.4032,211.6659,-5.3430,-82.3319,-147.6875,98.2310,-206.7676,-234.1150,163.5289,-80.6378,27.5763,131.2786,-97.8210,185.9225,-192.9900,81.1070,-103.1726,34.6884,-124.5886
100.8121,149.5724,37.7650,-52.5972,-21.1237,128.6061,-42.6620,-160.1648,230.7909,-28.2183,22.4551,53.6319,-25.8724,191.3465,-189.9012,60.3628,-56.9427,110.9385,-16.7390
44.2374,115.6111,72.5098,-42.9124,88.3004,108.3940,36.2544,-75.1216,260.4460,51.4941,22.4385,8.8963,51.3036,140.5233,-221.1698,32.8139,-41.3479,113.1140,53.0700
23.1106,84.1031,97.7274,-11.1791,127.4718,70.8919,-14.4973,14.3768,256.8052,146.0318,-12.0962,27.6674,72.9786,86.6648,-240.7416,66.0346,-5.9309,90.2852,67.1707
54.9624,83.0434,98.3943,29.6098,103.7138,24.6468,-102.8471,82.8223,267.8298,189.7912,-93.4599,2.7904,23.0811,111.7770,-232.1636,94.4431,43.5414,69.9715,43.4120
51.0855,79.0740,85.1699,24.7319,21.6218,-90.7375,-182.0744,66.2578,273.9861,156.3869,-155.9545,-92.0548,-62.3385,98.2843,-221.6776,59.1057,55.4015,-19.3284,-4.5289
-9.9468,11.4536,55.9495,-19.0480,-117.5613,-259.7104,-237.8548,-22.2782,320.8370,143.9198,-169.5617,-131.6928,-149.2750,6.4539,-225.0874,20.6784,39.0176,-177.0825,-55.0421
-13.9571,-65.9437,-40.0243,-42.0783,-270.2318,-380.3030,-260.8250,-73.1316,422.2765,198.8457,-189.0894,-102.5745,-217.9645,-22.5207,-226.9550,33.5396,40.2344,-292.7429,-77.7736
14.4100,-83.8190,-184.8995,-40.6438,-389.7497,-439.1761,-278.9969,-54.4977,441.6428,241.0342,-241.4142,-106.3185,-250.4704,29.3829,-207.4768,61.4241,34.9881,-325.1208,-69.6247
-73.7602,-62.0012,-249.5003,-54.1841,-451.0338,-487.3782,-269.1390,-34.1200,379.2065,267.1260,-266.6727,-128.5318,-236.6940,57.8046,-165.6311,63.8695,-19.7035,-305.8547,-45.1659
-202.8918,-22.2210,-188.8792,-68.6176,-440.5146,-499.1025,-149.1917,-8.8887,456.7242,342.0580,-230.5993,-117.6240,-186.7071,77.7324,-106.2605,53.3127,-62.7694,-241.9689,5.7146
-188.9026,14.9926,-113.9077,-50.2588,-399.2505,-438.1718,27.6180,60.8509,681.3297,380.3984,-192.1179,-118.6931,-132.7431,136.6650,-39.9216,62.5023,-8.0706,-169.2798,86.4146
-108.4688,-5.9194,-89.2032,-24.1530,-389.8851,-345.2138,88.5368,101.4610,733.9357,273.5857,-196.0557,-132.9887,-105.3228,168.2298,-8.6472,95.7634,84.9275,-144.2777,138.9089
-113.2722,-66.2514,-80.1747,-21.0053,-385.9835,-255.2915,20.5726,53.7173,496.8920,149.3494,-225.0039,-116.5207,-98.3111,139.6051,-34.9792,111.6652,86.3453,-132.5740,118.5180
-135.7301,-77.5176,-101.5888,-26.4554,-318.3764,-152.5516,-9.2543,19.5222,292.6845,175.2381,-293.0901,-135.6715,-72.9207,125.5215,-52.7557,90.0372,8.6203,-70.3163,93.0197
-117.2170,-51.8403,-170.0698,-39.1092,-183.2705,-23.6198,73.7362,77.6715,359.7800,270.6027,-415.3448,-234.8798,-3.8616,146.9363,-1.0671,89.1719,-35.9079,19.8236,142.1609
-151.2659,-81.9702,-192.5086,-75.1907,-6.8140,112.9866,188.9953,154.4875,475.3012,292.2662,-492.0321,-300.0451,80.8451,148.8782,75.9020,147.7627,-40.6488,89.8906,217.2598
-218.4538,-163.3436,-115.6383,-103.2179,170.6375,207.3804,274.1104,199.0157,395.8470,277.2534,-419.5505,-270.9468,116.1775,146.6348,131.9816,193.3396,-75.5838,134.0656,237.9361
-183.1915,-190.2325,-16.9327,-80.8818,266.1374,227.4671,326.8586,245.0207,260.9015,289.1681,-253.9387,-234.4030,85.0387,196.9940,180.6456,155.5540,-118.2902,152.1448,228.1357
-70.1090,-116.4364,72.1499,-37.2835,268.8479,207.0740,341.3787,270.8878,240.4518,277.5856,-104.6505,-218.3448,60.2470,252.6344,195.2598,88.9629,-100.7796,138.5471,226.6516
-4.6890,-24.2891,189.7386,-31.9529,274.6655,167.4742,334.7197,227.1163,241.0996,225.5928,4.3466,-174.3356,98.8964,232.2836,148.6365,87.1592,-43.8151,93.6720,205.0064
12.6876,8.4900,283.7528,-66.4386,294.8279,83.7094,345.4874,155.9159,198.0491,197.9659,75.5058,-131.4494,151.5004,185.3393,124.7390,151.9540,1.1689,21.8120,171.3118
41.8214,22.9718,283.3090,-97.9794,244.7486,2.6614,352.3210,119.8347,181.9090,192.8227,96.3254,-139.4508,152.7417,199.4718,185.1823,218.9727,32.3086,-48.0061,178.8943
59.2408,40.7235,235.2348,-112.3541,141.0468,-7.0423,308.2910,100.0401,158.8025,149.8168,82.1671,-159.4370,117.5041,231.7268,249.3126,246.3443,33.9495,-84.8580,190.3661
12.2134,-22.5008,187.8183,-134.5417,60.1681,-19.6267,240.1917,53.9856,69.0816,84.0109,58.4392,-140.0489,90.4655,217.3283,254.5491,223.2060,-26.2727,-105.8097,129.3065
-76.5368,-132.9525,116.2710,-171.1825,-9.1934,-104.9079,200.3975,-0.2744,11.7864,56.9960,33.5882,-101.7799,89.6132,206.3724,244.4940,156.1015,-109.1553,-125.6018,51.0640
-119.6345,-116.6832,43.3445,-186.7734,-72.9718,-146.5146,193.7731,8.9322,62.8946,76.5843,4.2330,-104.2054,104.7794,234.7430,252.1490,95.3228,-143.3505,-109.3766,76.4898
-83.3496,5.1279,24.4954,-152.2448,-64.9664,-45.9604,224.9182,127.6673,135.3714,117.0051,-56.5720,-163.7940,96.2322,247.7937,277.2052,95.4635,-119.9473,-39.3566,209.7829
-49.0844,53.1853,25.3015,-69.9431,29.2197,127.6845,306.6990,308.2768,137.3751,171.7245,-147.7937,-197.6196,56.7394,241.2307,318.3108,122.5645,-55.1379,62.5967,360.6375
-69.9699,48.9844,-7.3121,49.6424,165.8320,305.6411,416.5981,462.0939,102.4072,241.1915,-186.0527,-119.9314,66.9670,265.2307,343.0646,110.5872,48.4143,179.1728,468.4759
-65.3677,101.9985,-31.7068,167.1997,322.2812,453.7906,533.0972,555.7659,145.7037,294.1065,-123.7823,-7.8541,169.3839,293.8680,351.7730,86.8500,142.9632,270.7066,517.5565
6.6796,144.9332,7.5642,211.7796,440.5868,494.4815,629.9786,591.7178,280.2272,269.2876,-34.5509,1.6369,265.4828,285.6546,407.1568,100.2730,160.3773,280.1431,509.0547
52.9905,135.3801,86.1226,186.9666,439.3157,428.8076,626.1172,566.6907,330.2557,165.1782,24.6268,-39.2796,270.7277,277.4538,475.0713,114.5046,128.8071,226.9170,464.0584
45.6113,160.8308,157.0668,190.0337,351.5937,350.9142,505.1539,501.5311,219.4582,86.2424,81.0083,15.3305,235.5023,286.1299,435.4833,104.2330,151.6695,182.5138,406.5887
71.9008,198.9720,220.2536,248.4332,270.2210,263.8184,391.2296,421.6664,119.9021,90.7915,140.9007,131.7341,215.9156,278.1093,316.7020,105.2287,254.0010,154.8411,339.3749
127.6737,191.3782,284.6598,274.3492,181.2027,131.8708,338.9831,320.7361,90.6106,91.5046,180.4523,179.5631,185.0279,283.0148,261.2287,107.9408,336.3566,99.6941,253.9089
134.8974,232.5124,310.2456,223.0878,26.6183,10.8775,259.4053,214.1550,32.1387,42.3162,195.6187,164.6403,116.4794,349.2870,292.5377,89.4330,305.6170,-8.3845,151.3170
124.4798,334.2392,253.0896,142.7555,-153.5651,-82.2499,147.0259,136.9927,46.5668,35.5408,169.4865,149.7911,28.3380,406.7349,329.6494,97.6668,195.2569,-155.4157,45.9332
147.4259,339.2448,147.6445,75.7885,-283.7292,-201.8775,79.5444,63.8977,202.2682,85.8673,99.7775,114.1272,-50.9910,346.9570,316.7304,131.2101,108.2545,-272.6450,-50.7287
148.5231,241.8200,67.9267,35.3625,-359.1989,-319.3620,22.6684,-42.1279,225.8949,74.6081,45.2064,58.0382,-101.9856,199.6921,248.4698,99.4080,79.4016,-300.1516,-133.7144
115.6720,180.2116,34.7057,21.5499,-401.0703,-382.9291,-57.0963,-137.8144,42.4559,-10.1876,31.1994,48.3240,-126.3004,103.8553,192.4346,4.4284,64.8133,-288.2645,-174.3070
124.4155,167.6149,30.9185,7.6991,-388.7191,-395.6657,-58.2771,-153.8240,-9.6273,-43.0901,22.3759,75.0727,-126.5881,134.6523,223.8944,-51.8776,36.3235,-293.0860,-126.1430
141.9988,165.6194,48.7919,-10.4081,-293.8727,-294.8705,50.1398,-63.7076,139.4020,18.3734,33.3376,70.9768,-74.3622,233.4948,284.9804,-32.2383,8.6098,-241.1996,3.8330
69.9668,180.1649,71.5652,4.9252,-130.8251,-62.0190,160.1004,108.7425,211.4635,97.5616,89.6651,69.1574,32.1438,299.4951,280.0557,40.8730,-1.0876,-90.7002,150.1118
-18.3377,156.4391,84.1149,37.1385,62.1473,89.1233,246.2761,271.1244,167.2173,142.8570,131.0172,139.7689,130.8496,300.0725,249.8165,128.1279,11.4601,37.4687,274.3603
25.0881,94.5599,101.3374,21.4275,254.0840,16.1544,360.4966,333.7006,155.6105,174.2136,118.5362,228.0406,191.6513,269.4512,265.8755,143.9062,33.7702,65.7809,369.7971
157.4065,140.7754,124.6032,-24.2970,403.1743,-92.5930,459.2640,323.1145,208.9258,221.5443,103.1801,230.4824,243.6170,242.9107,313.1985,72.1119,48.2830,71.6103,395.6706
230.1651,302.4434,134.0941,-15.5242,459.0062,-81.5636,480.6549,301.7754,321.6703,268.6748,103.5309,163.3690,281.3188,238.8607,374.2242,34.0322,76.2486,100.9455,323.4630
224.2861,393.3200,149.2402,74.1816,424.9405,-63.6975,457.2378,258.6946,397.8251,279.2619,94.6222,124.7584,280.4944,264.3875,433.0967,69.9635,153.1471,112.8531,212.8967
217.6659,367.6635,199.6536,196.5669,356.6044,-113.0490,421.9833,199.4206,292.4017,273.1504,104.6150,137.5873,265.3990,294.4989,439.0368,74.2499,238.4579,96.0548,142.1106
249.0477,333.9144,256.7389,271.5444,272.6801,-155.4101,356.4227,177.7648,167.3971,288.3853,155.4109,135.1836,244.7343,288.1468,406.3868,49.7017,247.5872,54.3335,117.0414
308.3159,327.9869,277.9384,248.4653,153.3135,-182.9690,257.7676,181.7579,231.4642,292.1165,192.3416,104.4908,184.1252,250.2487,395.2711,110.4360,190.1156,-16.5066,104.5715
355.8336,363.4977,268.1948,191.5798,25.5889,-228.6078,149.0039,158.3318,257.4171,252.7309,184.8024,126.9816,99.0897,223.7419,381.3056,205.6104,162.3308,-65.7205,75.5488
349.9324,462.5355,254.4939,197.4356,-64.1270,-258.6218,50.6671,97.3397,57.1540,197.9267,181.0614,205.9547,45.7527,209.4704,328.6494,173.1933,183.9764,-67.9452,-2.2954
315.7170,523.5760,245.7775,216.8845,-136.6111,-281.3894,-21.5976,-11.3644,-117.5467,112.0355,215.1895,211.3430,36.9846,172.1178,275.2487,37.5514,167.6550,-105.8308,-125.9901
314.8665,452.5152,228.9665,159.4502,-217.6359,-341.2195,-62.8793,-153.5770,-138.7921,-29.5742,262.8918,115.0818,66.8872,130.4595,237.8267,-34.7054,91.6507,-199.7519,-223.9021
337.8073,342.6372,201.4120,100.2006,-253.1768,-374.2078,-79.5894,-231.6607,-171.0247,-136.4855,294.1093,63.7967,130.0039,129.0107,207.8652,-13.2287,61.0938,-224.3532,-235.1653
331.6078,293.0577,193.9920,131.8042,-196.4048,-290.5956,-80.2930,-203.5358,-210.0539,-152.6123,301.4295,100.8597,181.5740,125.2357,207.5616,-4.6505,112.0208,-127.2067,-179.7188
293.6331,270.2030,204.8585,157.3946,-77.6517,-117.1074,-55.6419,-152.4759,-183.9378,-173.3897,283.4511,94.3978,196.3210,65.1683,216.7805,-35.7852,122.7645,-4.5496,-94.8588
242.6818,260.4435,173.4810,79.0983,90.3181,84.3243,37.0940,-102.5308,-164.4857,-212.5655,244.1097,19.4037,226.4021,44.5538,204.4981,-31.3711,48.8996,101.8948,23.6671
179.4566,302.9923,115.8578,9.0615,328.2432,292.4492,200.3129,12.2933,-116.4549,-144.4319,213.1697,5.8333,302.2183,173.3930,227.4290,25.2150,32.6031,242.7235,160.3520
128.5139,367.6314,133.1668,77.2045,562.5785,457.9138,333.0909,157.1288,3.0854,13.9964,224.9159,77.7210,374.4424,329.4474,296.8456,64.6305,132.2645,384.6627,240.8823
124.7665,385.4889,204.1173,202.6433,663.0496,501.7122,365.0650,212.4076,40.4382,106.2656,267.2037,120.0294,411.3049,314.7142,323.7856,47.8414,212.0944,413.9606,220.8163
155.8466,349.7484,204.9670,236.3149,624.9384,414.2261,351.1362,161.2144,3.7109,105.9041,301.7867,93.8581,436.0871,184.6693,318.8244,6.7785,211.9659,321.8899,150.5837
188.9456,310.5921,147.9550,194.6372,538.2128,285.5728,313.8080,100.1908,71.1689,106.7584,319.2981,80.1024,452.9925,142.9714,351.2762,-6.0893,214.8235,220.0357,103.6546
212.1770,300.8790,130.4216,181.9851,424.5472,214.4643,200.1129,107.4885,149.8378,160.3536,316.8534,123.0093,428.0720,205.5224,352.6250,24.2448,220.3434,160.2216,95.5030
215.5339,282.3466,137.9222,188.1053,273.4144,195.3637,57.5774,156.8062,120.4352,244.4062,283.0425,160.1660,342.2424,229.2762,262.0008,36.4352,181.1615,92.5070,102.5487
196.1956,233.7811,134.7344,159.4925,143.1762,143.8681,-7.9634,151.8481,153.5372,263.7487,253.6016,136.5322,231.9610,172.7092,162.1485,-27.0256,182.7969,26.0494,108.9812
184.2724,250.2237,164.5415,164.1447,86.1410,40.7618,-10.0669,68.4688,257.9189,155.9322,275.8915,104.7626,168.6226,111.5233,93.0544,-88.6624,281.9431,43.7027,106.2245
209.6447,367.5014,212.6178,251.1190,73.7072,-46.4080,-5.7384,-1.5380,209.7282,49.8664,309.6725,123.5367,168.9345,81.5428,25.5284,-45.6085,343.0139,115.2689,79.4393
263.1445,428.5434,200.3543,292.9743,64.9242,-73.9250,3.2633,-0.0540,68.4140,84.7427,291.7134,139.5606,168.5616,60.2656,5.8177,28.5249,270.5099,123.2446,29.9328
304.9398,353.5995,149.3517,203.6579,58.6352,-34.5072,3.5691,35.3280,30.1193,154.8731,250.8769,96.6464,142.0244,43.4562,54.9731,14.4922,164.2607,91.7262,4.3939
285.5200,268.0922,134.8709,103.7065,79.0940,83.8235,12.0227,86.9850,65.4857,141.9169,244.1031,44.4761,156.1807,49.5474,103.6093,-32.0362,110.5134,139.3724,58.5053
190.8750,217.3656,142.5543,90.3284,161.9136,247.1981,111.7696,178.2482,176.6001,163.2854,259.6640,26.9744,237.3611,83.4248,151.6641,-10.0780,76.0036,250.4240,173.9038
87.9811,145.9670,121.2326,102.9424,297.2932,370.6605,266.8546,285.5667,404.8282,298.0039,246.1588,13.3283,303.2264,130.6616,231.1328,50.3620,46.2841,320.8523,259.7180
63.8112,120.6076,69.3508,89.5026,393.2831,402.1142,310.9271,340.0134,518.2756,394.3822,171.0404,-13.6244,285.3215,164.8705,273.4262,88.2130,42.1854,317.5858,255.3181
109.3673,169.0140,7.8860,56.1077,380.1089,329.1308,214.0729,285.4908,355.2686,345.5730,63.2481,-42.8958,216.5240,159.8688,242.8341,96.1396,34.2079,250.2501,174.3759
142.5957,164.7906,-34.4323,4.4088,295.6791,164.5366,100.7360,121.3913,157.5134,226.3875,13.5991,-68.0441,162.7517,113.0427,205.7267,67.8062,5.9992,143.0214,53.1325
146.1528,138.3387,-27.4468,-19.7383,197.8797,-10.2140,15.3538,-72.1515,101.1938,102.2036,58.0420,-59.5904,133.5601,48.3000,173.6729,7.7155,14.4285,57.9900,-74.8448
176.4485,225.1520,7.4223,31.6026,89.9970,-112.7423,-93.8341,-205.2309,68.4893,-16.9010,108.9919,-6.0908,86.6376,-6.2916,115.5531,-57.8581,84.1516,10.7295,-170.3096
228.0705,285.9426,13.8171,97.1395,-17.1752,-176.5467,-212.9230,-274.4991,38.7982,-79.6754,92.6010,48.9267,6.2758,-32.5107,70.8436,-120.2498,157.2664,-45.4835,-204.1696
223.3365,164.3906,-16.1374,110.2944,-85.6890,-260.4052,-249.4565,-308.2450,92.3213,-52.5959,41.2452,99.7034,-66.9772,-28.9613,65.0446,-144.5362,189.4454,-106.2917,-168.2314
154.1938,74.8198,-54.3778,91.6698,-130.6769,-318.9993,-177.1989,-282.4019,134.0160,1.8594,-7.0327,167.2712,-108.9379,-9.9359,50.4260,-70.8998,177.4556,-149.4122,-78.1846
80.6476,189.9297,-104.0390,36.7315,-207.4188,-291.9176,-102.7365,-176.8521,78.8618,9.4434,-46.4698,185.8057,-137.0101,19.8182,6.0992,52.7999,111.1387,-205.5767,21.0020
2.7583,292.4323,-167.1578,-69.3921,-290.6135,-197.4348,-107.2319,-31.7594,36.0647,-21.7699,-42.7125,104.9388,-142.6095,71.1404,-36.5487,103.3000,15.4416,-246.7494,100.2843
-78.8245,209.8132,-192.9647,-141.3219,-281.3342,-57.7374,-109.2850,104.1844,59.8646,-30.3120,14.9918,24.5768,-110.5974,142.3956,-47.1660,79.0497,-26.7491,-182.1768,189.8101
-69.6321,79.4516,-145.7074,-117.8698,-158.8554,135.0386,-26.9950,226.4239,48.5419,12.8945,62.3815,43.0081,-80.9342,219.2447,-18.6173,76.5713,10.0121,-30.6725,320.7453
35.5814,41.8836,-64.3311,-63.8661,6.1637,349.5449,89.5400,355.7254,-18.0869,68.6480,73.8968,111.1006,-61.8561,283.0846,16.3555,97.9999,65.6012,120.2718,467.3810
80.5948,101.2042,18.5717,-14.5633,195.1026,518.0036,214.5031,474.5731,-37.3177,88.1078,114.4709,137.2511,17.0628,297.9312,28.6749,64.4437,123.3066,270.9447,573.5294
46.6426,214.5950,115.0586,73.2538,416.4272,600.0765,358.3662,519.1485,10.2080,91.4015,198.6756,104.1714,145.8005,255.3361,51.7160,-12.4540,207.7868,433.3798,575.4631
90.4456,283.9785,184.3392,184.5517,566.3442,588.3697,411.8550,477.1497,53.5353,136.7734,238.3528,70.2717,206.6116,212.1691,106.7648,-24.4125,275.8778,537.4120,449.4111
182.2323,257.4709,156.1628,252.2771,546.2643,486.2579,317.0347,406.0058,92.1830,207.3176,194.2723,100.1130,181.9542,188.5549,149.3575,53.2463,282.9448,532.7160,285.0440
148.6895,238.9868,80.7963,263.4367,448.6495,320.1075,230.0813,314.4640,143.8754,218.4820,147.6919,160.6815,167.3362,132.1401,160.1886,97.1753,273.8364,458.2736,187.5628
55.8427,282.3556,71.3086,265.0971,402.9936,152.9316,233.6474,188.1078,135.8990,180.6561,168.9585,166.7141,174.8410,68.2456,161.0647,31.5323,280.3274,389.9958,126.6801
75.1595,280.7005,124.9197,308.7183,377.8540,42.3170,220.4220,106.3739,69.4762,210.6516,225.3998,139.3551,146.9965,79.7325,143.6282,-37.8765,276.7748,368.5805,44.5624
138.6946,220.2652,173.4615,376.0138,304.4928,-31.5139,174.1248,110.0383,85.6144,293.0839,261.1651,149.1623,98.8795,108.8817,103.1441,-21.1942,284.0847,337.6237,-16.4502
137.3531,229.7523,203.0613,374.7269,198.1988,-144.6523,156.5971,74.7808,185.8940,248.9125,272.6788,163.9937,69.4751,45.9110,68.5514,-21.7693,328.2195,208.5702,-43.4664
154.0387,304.1678,196.7968,276.3181,74.2262,-296.4633,109.1647,-56.9619,214.0290,63.1625,271.6242,132.9399,38.8463,-49.8866,42.0570,-140.9630,336.7805,21.1020,-87.1632
223.7229,300.2440,125.4709,156.0652,-55.6117,-364.3877,5.5201,-139.0416,174.5646,-52.0525,253.0450,87.8331,-10.1489,-63.7459,6.8530,-268.0237,252.8267,-100.2188,-105.5337
230.2706,187.6162,40.3934,50.0805,-128.1922,-257.5489,-52.5103,-89.7233,170.9529,-27.4803,216.4400,56.3004,-59.9609,-5.8159,-27.8365,-248.0868,133.9868,-126.5086,-41.7620
145.3072,45.7702,-0.9130,-59.2735,-117.3533,-53.5981,-40.6055,-21.7751,164.3095,-10.4026,168.2978,25.1934,-97.0393,62.9517,-46.7587,-125.1904,29.6327,-106.4829,24.5375
45.8677,-84.4598,-41.9075,-142.4894,-65.4081,100.9606,-10.1527,-9.7336,139.4169,-35.4503,113.6514,-12.7784,-99.1283,96.8394,-36.0136,-49.8744,-74.1535,-55.8062,47.5278
-40.6318,-161.4022,-115.8036,-173.2935,21.3612,177.6718,53.4682,9.1585,166.1949,-5.2141,61.0754,-68.7248,-41.2575,60.2643,3.7933,-46.1801,-156.7565,25.6404,113.6839
-101.0025,-127.0117,-163.5361,-183.5606,155.7796,241.4001,148.1653,68.6766,164.6893,63.9344,15.8995,-135.7153,44.7885,-15.9912,30.7000,-40.0137,-175.3361,123.2285,216.7592
-115.7934,-54.4511,-152.6796,-187.5766,278.7608,277.1695,212.3407,103.8774,76.0870,100.5767,-15.2199,-173.7131,90.7438,-85.0481,34.2184,-36.9856,-150.1846,211.0444,231.8735
-133.1809,-97.4951,-127.6446,-175.6997,307.9890,204.6920,213.2280,60.1526,73.1068,115.6451,-13.2288,-190.3368,68.7086,-163.0598,61.3146,-77.0898,-124.5256,234.6525,145.9924
-186.7606,-239.4906,-116.0618,-157.7989,222.9966,46.3025,127.3889,-33.6741,167.9809,94.0845,13.7400,-227.0548,-1.7456,-231.5336,90.7034,-103.3754,-102.1545,162.3872,37.5834
-225.3289,-330.8165,-106.4537,-135.1377,70.9041,-101.3992,-36.1614,-124.3004,128.3420,0.7683,18.4333,-265.9029,-87.9371,-258.8101,60.6176,-76.1082,-83.5543,44.3416,-83.9206
-227.6147,-330.5351,-95.4134,-114.6718,-63.6955,-223.5338,-167.3692,-214.5316,7.3217,-82.7685,0.2231,-273.7733,-159.4984,-328.5786,27.1501,-72.5957,-86.0322,-59.6124,-223.7271
-210.5058,-273.6213,-84.1769,-122.4867,-134.5759,-349.9646,-201.8512,-332.8685,35.2442,-99.7796,15.9131,-249.9315,-198.1431,-453.1279,60.8565,-124.7301,-99.9617,-135.4675,-338.3497
-137.9950,-159.1096,-71.6295,-132.0426,-182.2480,-451.4016,-210.1178,-461.6956,77.6098,-156.8275,59.3738,-190.1384,-203.3873,-464.6345,88.6357,-178.9762,-92.5579,-170.4943,-408.9630
-19.3886,-51.7453,-75.9882,-101.2096,-251.9067,-481.7423,-237.7683,-555.2794,-63.8413,-296.5802,57.9907,-127.1362,-197.5559,-349.2184,41.7446,-248.0683,-70.2885,-154.6712,-450.4349
22.8482,-43.7038,-114.1160,-60.8109,-331.0152,-417.6049,-283.9411,-581.8837,-218.6911,-395.1138,10.8711,-110.2778,-219.8318,-277.5615,-31.6845,-340.3699,-74.7101,-107.0698,-472.9436
-54.1151,-77.2168,-151.4080,-32.9053,-391.5057,-264.1992,-369.8828,-531.7078,-256.8942,-410.1560,-4.7484,-88.5788,-271.0147,-230.8897,-97.3214,-363.2916,-103.5565,-54.9822,-483.7668
-129.4314,-88.2829,-130.8401,-8.5672,-386.9674,-103.9113,-427.3790,-434.5520,-300.0777,-411.6703,32.6740,-16.7227,-284.7313,-102.4034,-154.1466,-305.7264,-116.3767,-21.5038,-449.5704
-125.6275,-157.6023,-70.1910,-43.7408,-253.5743,0.6668,-348.8496,-317.8274,-309.3935,-368.5138,61.9758,21.7636,-213.4695,14.0049,-152.1531,-258.8517,-118.9063,13.1576,-307.2726
-117.0461,-280.3651,-50.8300,-134.0481,-18.3972,143.0936,-202.3936,-143.2135,-175.3161,-225.3922,44.6216,5.0853,-99.9100,53.2742,-77.0805,-208.9375,-134.8152,122.4984,-88.2645
-179.1051,-326.0728,-83.4692,-126.4375,189.3588,379.9128,-104.8676,91.1478,-96.0940,-80.5517,13.6085,22.8665,-18.4144,99.2405,-15.8594,-125.5769,-126.8594,293.8418,90.8992
-266.8992,-313.0542,-93.7961,1.7752,293.8130,554.9387,-15.6426,268.5146,-203.0431,-24.4937,7.0592,47.6605,2.3728,118.9570,-27.8558,-99.1968,-64.1736,396.9405,193.7622
-289.1462,-327.6904,-61.7861,70.9470,328.3825,562.7791,103.5779,320.1857,-213.9516,6.3190,14.6526,1.3291,-13.6634,48.7907,-61.0727,-134.2767,-1.6177,390.1377,258.0859
-246.7483,-322.4859,-57.2814,29.9465,327.2275,500.9885,164.0705,302.6767,-10.9712,46.5507,9.3750,-56.5060,-30.8031,-5.4986,-48.6304,-111.9456,-7.2921,337.4450,251.6559
-239.8068,-314.7196,-131.1154,-24.1938,266.0426,415.1773,101.2362,232.9121,46.6576,19.8310,-25.2126,-92.0932,-56.9937,-11.1014,-7.8620,-47.0863,-86.4123,235.8842,128.3859
-321.7191,-427.2329,-246.5119,-97.4698,135.0612,263.0154,-34.9836,91.8233,-168.9344,-75.5813,-100.2664,-170.5444,-122.7985,-78.8820,12.2793,-46.5178,-182.2872,95.2430,-18.2828
-420.1894,-598.6386,-304.6151,-207.1001,10.0589,118.7801,-126.4689,-43.0397,-272.7139,-145.6839,-176.1212,-251.6814,-190.2438,-183.1635,25.2366,-108.6824,-206.9922,26.2977,-59.9995
-452.9269,-674.0286,-250.2277,-252.2000,-28.0426,71.0974,-106.0136,-106.3735,-146.3128,-174.8041,-164.3430,-247.9446,-194.4803,-219.4990,39.0357,-183.5174,-151.5987,40.8794,-39.6269
-437.1842,-677.6156,-169.5286,-211.0146,-23.5301,74.0265,-77.6396,-143.9550,-165.9993,-212.6489,-74.5765,-206.8944,-172.3311,-203.8151,-15.8166,-226.3347,-130.3622,30.4875,-70.8582
-424.2658,-685.4468,-174.8813,-196.7962,-64.6834,83.4086,-150.9483,-173.5569,-389.3812,-242.9278,-29.2473,-203.9974,-194.4064,-169.5468,-124.8188,-186.1821,-193.0576,-16.9598,-116.4051
-407.8875,-707.6995,-221.6992,-260.7552,-122.2854,91.1861,-227.6667,-172.9111,-426.6963,-233.2527,-52.1526,-251.9018,-236.1820,-138.1219,-152.2782,-123.8687,-247.1805,-61.7312,-100.3069
-359.3732,-762.9921,-212.3615,-355.8981,-138.6394,41.5132,-235.7193,-203.8378,-263.9464,-232.8923,-51.0916,-341.1506,-269.4640,-176.4981,-128.6124,-151.3254,-253.4289,-125.9897,-110.0986
-288.2778,-785.8756,-169.1552,-411.8429,-152.0374,-54.0188,-299.4077,-317.1904,-274.1769,-292.7021,-23.8628,-390.8796,-332.7622,-255.8497,-231.3529,-212.1681,-248.5345,-175.2873,-228.4814
-222.0340,-684.8750,-138.4747,-363.4714,-176.2542,-91.1684,-424.2483,-431.0157,-452.3337,-363.7821,-33.0157,-329.3749,-402.6391,-270.2244,-402.8778,-197.3250,-197.7041,-141.4883,-344.1020
-182.9218,-597.1650,-109.0452,-238.6970,-148.1224,-63.8128,-451.5858,-456.4118,-508.1805,-369.0434,-53.6095,-253.0176,-399.1076,-230.2118,-435.6780,-146.5713,-90.4348,-76.9806,-347.6749
-202.1048,-654.5502,-97.6838,-153.1645,-68.7844,-44.2772,-394.4883,-412.4614,-458.4153,-326.2639,-59.4646,-254.9148,-347.0549,-186.4872,-370.6834,-129.2137,-22.9718,-45.5590,-286.6251
-276.9148,-676.2437,-109.9424,-131.0774,7.3106,-36.9503,-350.5772,-355.2217,-448.4777,-318.0946,-90.2605,-265.1389,-324.3875,-142.5076,-367.9993,-147.8979,-12.0676,-15.2334,-207.7592
-329.7905,-558.6544,-83.9939,-97.6807,74.4414,-30.5860,-262.7387,-288.5211,-413.9833,-350.5257,-125.7772,-247.0225,-313.2559,-145.6575,-392.9377,-181.9618,10.5234,15.2124,-96.8862
-321.1895,-522.4012,-28.9460,-53.6715,119.7584,-34.4583,-111.5578,-174.4366,-303.1665,-334.7750,-121.0211,-257.8416,-272.1085,-189.8088,-350.8764,-156.5419,15.0499,6.0294,21.5447
-329.4431,-644.9229,-30.5624,-64.4606,115.5368,-34.3871,6.1204,-33.2841,-189.0438,-241.2062,-130.6915,-288.0712,-229.4100,-171.3953,-258.1411,-42.4542,-33.6337,-30.2763,113.9539
-388.6753,-729.3707,-80.3734,-122.0148,99.5804,-57.0352,89.1514,31.3250,-117.6304,-168.6604,-186.7527,-299.8839,-208.2513,-117.8976,-159.1891,20.2861,-65.0191,-73.9303,170.9647
-410.7276,-735.9062,-125.0219,-162.6763,94.5692,-133.2811,162.0693,-3.5094,-131.1627,-199.9074,-214.7703,-293.0778,-192.1119,-117.9031,-97.3120,-38.3066,-66.3958,-106.4239,167.4348
-382.1773,-795.7753,-181.8925,-175.3828,53.5381,-161.7230,164.2501,-25.6815,-203.4652,-280.6081,-194.0245,-250.3082,-176.4749,-100.1594,-95.9806,-77.4460,-100.1256,-78.2258,137.0853
-390.7811,-883.7357,-238.3544,-199.9278,-4.7531,-46.7133,124.0471,10.4506,-171.6916,-311.7526,-175.6339,-203.3675,-158.0125,-44.2673,-97.3370,-47.9683,-146.0161,6.1705,168.6298
-411.6775,-863.7544,-233.7120,-223.8808,-0.9254,128.4740,116.8314,35.5655,-83.6610,-301.1465,-148.0593,-217.7862,-125.3953,-66.0724,-80.1385,-73.3879,-157.3336,97.2760,222.8108
-360.6599,-739.0765,-185.9170,-178.3818,55.2262,255.1464,72.9588,27.4068,-220.2236,-345.8676,-93.4531,-227.3145,-95.8365,-122.1084,-120.6452,-175.1153,-141.4088,185.9373,191.9172
-295.9644,-665.7836,-146.7910,-86.7516,99.5528,317.5571,-50.1738,-0.5367,-495.3362,-468.2725,-57.6772,-166.5707,-88.8467,-104.2227,-205.8512,-258.8805,-96.1421,228.0252,120.5289
-301.7101,-731.4368,-115.1981,-60.2222,116.1751,314.5054,-139.4219,-61.6109,-545.3460,-563.3657,-40.3317,-140.0088,-88.8559,-86.7953,-238.5105,-282.0526,-48.8412,181.2059,90.1014
-345.7451,-800.2443,-91.8383,-82.3559,120.1516,280.0166,-162.3974,-110.7069,-480.2905,-571.5700,2.2411,-176.5923,-83.8562,-100.4358,-244.8552,-258.0483,-64.0358,172.1074,41.9377
-400.3557,-732.1172,-77.7662,-34.5305,142.4355,275.4873,-212.7544,-108.6376,-660.4168,-582.6389,35.4816,-148.2258,-74.2442,-65.3105,-299.7774,-241.2808,-99.2857,297.6427,-67.3055
-457.1100,-643.5262,-50.9485,53.8315,199.5655,259.8265,-294.9769,-149.1298,-913.4064,-667.6309,7.2922,-70.6144,-40.7882,-39.4292,-353.9363,-280.9948,-75.3833,387.6197,-172.0583
-447.2447,-676.9733,-44.5914,60.8048,235.1491,167.6076,-331.8691,-275.5502,-866.9677,-754.7944,-46.4064,-68.2990,11.9063,-65.9677,-342.7679,-316.3584,-45.3462,300.7695,-235.3140
-380.4045,-744.3517,-104.0573,-1.3791,203.8873,55.4391,-297.9694,-344.1930,-673.7419,-748.5141,-67.0188,-106.1639,27.9528,-38.3904,-298.5518,-265.5382,-58.1764,158.6771,-244.8233
-379.1667,-756.7592,-170.3581,-51.9431,152.6655,-16.0483,-207.5164,-259.4236,-641.1516,-624.2629,-47.0535,-102.7446,-8.4967,-4.9910,-261.4218,-156.5258,-58.9045,72.6984,-158.7043
-460.1056,-776.6454,-187.4869,-83.0961,107.4052,-78.4288,-76.8751,-109.5949,-639.1320,-425.6864,-31.1338,-98.5093,-45.8317,-95.0428,-226.2374,-53.6756,-58.1887,-1.2239,-25.2089
-538.9075,-836.1917,-213.3345,-121.8829,31.6922,-165.8885,70.4118,-14.3410,-463.7543,-277.6733,-88.7566,-139.8313,-71.5241,-186.7554,-182.8643,-6.8743,-124.3475,-100.2460,25.5301
-596.8837,-915.8132,-296.4306,-201.5560,-71.1291,-294.7603,188.4655,-36.8215,-277.3114,-268.7236,-207.1849,-220.4916,-125.1070,-182.4163,-143.6243,-36.6870,-229.9046,-219.2243,-30.9372
-622.5157,-1005.8926,-393.4885,-333.3444,-177.1057,-451.8758,202.9515,-174.0468,-259.8338,-310.3055,-264.4292,-325.6993,-198.3632,-240.0327,-139.3299,-61.3998,-317.4749,-335.5436,-120.5562
-587.5854,-1044.9038,-439.3334,-441.7671,-285.2307,-543.2270,96.6211,-339.6690,-286.3345,-309.7821,-230.6513,-411.5440,-255.2310,-387.4879,-174.5065,-27.6175,-370.4492,-389.4464,-213.8363
-557.1029,-1015.1000,-412.7174,-467.2344,-365.6196,-513.3359,-47.6634,-459.9234,-237.2908,-316.1579,-235.9799,-443.7382,-321.8365,-445.7044,-221.3633,-31.0062,-376.3689,-371.6132,-315.5956
-569.0084,-1002.4700,-366.1140,-463.0891,-394.1982,-431.4352,-171.7993,-535.2896,-202.2971,-311.7712,-308.7757,-443.2213,-417.0095,-407.9134,-273.0029,-90.7493,-376.7526,-335.6860,-392.7420
-539.4172,-1005.3186,-359.7946,-469.0284,-396.8396,-362.6410,-282.6549,-568.8977,-223.0973,-214.3880,-303.6985,-432.7178,-474.7399,-422.1447,-325.7379,-116.9165,-426.1180,-302.0729,-413.3115
-476.3577,-968.9073,-360.6029,-476.2962,-381.3835,-347.3042,-367.9081,-586.5236,-232.7580,-141.2442,-199.1039,-425.7213,-468.7148,-511.0804,-358.3861,-156.6264,-466.6099,-312.0084,-418.5223
-471.8416,-937.6274,-337.6714,-511.6412,-351.8819,-435.3826,-422.7573,-652.1051,-249.6629,-202.0043,-147.9478,-423.6112,-464.4565,-560.5119,-384.1497,-241.7692,-453.5835,-413.6355,-473.0767
-468.6247,-893.5082,-359.1194,-547.8020,-351.9453,-552.3302,-466.9244,-730.7597,-310.2797,-223.2545,-178.2382,-395.3009,-463.6750,-491.8752,-413.0726,-240.8297,-464.3900,-508.2487,-543.5162
-403.8667,-793.2280,-427.0119,-512.2406,-372.1459,-575.7124,-477.7208,-727.2141,-362.0199,-139.8575,-175.9650,-370.0191,-414.0491,-416.4254,-409.3640,-198.1446,-511.7441,-502.5370,-539.4253
-375.7813,-798.6375,-425.5746,-469.9369,-356.0579,-567.4343,-444.4286,-665.4762,-368.8084,-158.4408,-137.7144,-406.9306,-363.0536,-486.3109,-387.5797,-279.1343,-504.6736,-490.8237,-463.3163
-414.6035,-952.4842,-340.8069,-480.3779,-324.2819,-585.4740,-404.6041,-589.3325,-292.5313,-213.5434,-134.9324,-409.6981,-361.0318,-549.3685,-390.9802,-341.2747,-434.6726,-503.1039,-371.4347
-448.8158,-974.4277,-267.1014,-417.7096,-317.2740,-501.6621,-349.6790,-453.1270,-103.8967,-29.8670,-132.9325,-283.5508,-342.7839,-383.7180,-378.3889,-227.6817,-364.4793,-434.4981,-272.7197
-499.9583,-836.3826,-216.6140,-277.2451,-312.4762,-328.1675,-269.8553,-302.1684,21.3730,207.3269,-82.6129,-171.7655,-293.7437,-188.4396,-329.8142,-152.5381,-331.2701,-355.0491,-190.2809
-558.4797,-852.3715,-171.1401,-275.0476,-309.8173,-271.8090,-208.0776,-249.5635,-54.4893,147.5323,-50.6555,-178.1784,-295.8245,-222.5263,-301.1350,-232.3251,-361.9715,-390.2505,-145.7941
-529.7081,-1007.3655,-175.7875,-400.5750,-317.4879,-305.6784,-118.3269,-223.2078,-65.5690,6.0073,-104.5211,-168.3459,-323.9354,-303.5096,-259.6296,-234.2123,-414.8498,-409.4374,-69.2621
-462.8835,-995.4106,-211.6740,-403.7316,-277.8882,-227.9955,62.9858,-110.0109,163.2837,114.9523,-184.5078,-87.4551,-273.3020,-225.4005,-146.9620,-84.2676,-375.4290,-298.8040,56.6335
-446.7431,-795.1458,-194.7041,-274.1071,-198.3663,-66.1261,189.6952,-19.9771,282.8870,230.6157,-189.0025,-45.2827,-167.6080,-98.2206,-52.3408,9.5354,-255.0645,-187.4245,110.5939
-427.5375,-614.0406,-148.3062,-193.1376,-173.3989,62.5315,130.6748,-47.9039,104.0917,53.1984,-129.6875,-60.6524,-104.2003,-6.8658,-37.3636,-33.8071,-194.2897,-117.4382,81.6099
-421.1321,-587.1230,-149.0102,-173.5746,-157.9627,202.1911,56.8161,-51.5738,-30.3250,-156.1201,-107.1540,-88.0302,-85.8091,48.3604,-14.5394,-89.7237,-218.3185,9.6550,121.7347
-482.8796,-703.9775,-173.4265,-171.2989,-36.1180,346.1987,125.5725,48.9795,16.6383,-76.1021,-150.1446,-129.0541,-73.8980,0.1285,22.5111,-75.3370,-240.4962,117.5326,240.1073
-451.6310,-752.1660,-167.2141,-226.8688,97.5535,370.0398,201.2265,111.8987,-14.3993,107.1602,-193.4092,-150.6934,-82.4450,-71.7803,-18.4610,-55.3997,-239.3361,99.5597,284.9913
-232.4457,-563.6743,-108.4852,-243.5542,116.2076,317.0456,180.4182,95.2996,-125.4205,69.4107,-180.6984,-103.6785,-92.8810,-6.1205,-84.5953,-72.6359,-198.6549,108.4210,252.3725
-24.3686,-294.9908,33.7715,-48.2189,134.1787,350.0799,178.6599,141.8411,-121.9490,-149.8003,-98.1805,12.3786,-31.7815,85.3831,-65.7541,-28.0728,-51.3099,268.0474,273.2069
115.1765,-30.2685,218.1659,238.5199,223.0532,427.5277,212.7961,243.8114,-137.3184,-338.1463,1.3032,172.1966,49.5712,44.4833,-49.7770,8.5170,144.3438,393.4194,324.8541
396.9141,425.2849,329.2414,348.6975,218.9456,394.7289,133.3290,231.0286,-370.6204,-460.7660,25.4300,305.0970,-3.5164,-13.2641,-184.4407,-240.3883,232.2735,335.8584,275.1036
811.1219,950.0687,379.2366,330.4005,81.5116,302.0429,-57.2268,125.3330,-656.3431,-545.9528,12.1649,379.9237,-155.6825,11.2643,-395.2556,-587.6724,238.8659,253.8527,164.9343
1059.2401,1092.2606,459.8086,398.8814,-31.2912,282.8984,-207.4383,100.7390,-741.2074,-536.7914,67.4789,483.3360,-232.3096,13.0508,-498.7968,-537.1278,307.2308,269.5878,136.7517
1023.4671,842.9995,529.4123,498.8843,-92.3862,266.7420,-285.9924,138.4807,-630.6273,-484.3564,95.4616,600.6119,-245.4951,-48.5702,-497.2904,-336.9641,404.9763,251.2667,163.2476
916.6347,625.7591,547.3858,483.7984,-135.3934,171.3952,-334.0883,122.8986,-500.7963,-539.5671,-21.6568,617.9205,-269.5934,-52.5281,-518.1401,-509.4764,436.8187,157.5035,155.2413
901.2601,634.9080,599.4083,449.2007,-76.1834,152.5109,-309.2589,122.9596,-491.4870,-628.7845,-104.6527,628.9014,-202.6586,91.2296,-538.0652,-658.4485,461.3582,145.7784,179.1297
816.6653,748.6433,661.3679,463.5363,41.6366,292.0119,-210.9561,202.4507,-554.6765,-549.9867,0.0625,721.5457,-40.1617,294.3552,-435.5219,-347.7600,499.3460,194.2030,272.0533
539.3847,776.8407,589.2428,362.6578,34.4902,376.0643,-141.5712,218.3667,-514.3741,-365.5398,91.3733,693.4597,13.2293,363.6813,-264.3292,-89.9624,428.7131,120.8241,291.5937
334.0832,581.3983,420.6415,123.7364,-49.0357,297.6759,-110.0958,95.0971,-350.3554,-276.9513,0.1084,482.8593,-54.4119,270.1650,-188.9187,-164.6192,262.8720,-24.0214,191.4082
315.6385,236.4909,310.3228,-50.6251,-33.9491,217.8700,-46.1334,-40.7958,-186.6516,-294.7181,-124.1258,303.6535,-65.8246,179.7956,-217.4116,-169.6309,144.8950,-100.9623,113.0982
86.4489,-36.5161,272.6486,-135.9205,20.1564,174.0298,2.4906,-114.2748,-12.2673,-339.9221,-132.2399,159.1252,-32.0753,145.3352,-232.6176,-168.0644,40.5967,-189.3729,89.9409
-381.8318,-155.8985,273.0892,-237.8923,17.7661,70.0347,3.9049,-144.8536,193.8338,-359.5173,-71.4639,-42.6623,-19.7143,83.9549,-158.0930,-327.1371,-125.1318,-312.4081,43.0774
-460.5082,-162.2069,320.4698,-272.2907,69.1413,-22.0738,92.6970,-120.6156,241.1765,-255.9215,-23.6948,-174.2679,56.9576,-0.9576,6.3018,-139.9888,-201.1152,-300.2059,17.4512
-135.1688,-122.5602,339.6600,-173.8853,211.0798,-30.4613,272.0247,-81.6601,83.8032,-48.4451,-10.3672,-231.9427,172.3624,-71.5625,145.9440,396.2514,-107.6016,-174.1159,65.8366
-157.5052,-173.6570,249.6992,-87.4710,293.2811,-42.8564,328.2126,-96.7872,55.4255,73.7231,-7.7930,-315.5922,186.1956,-84.2236,133.6581,519.7260,-48.5533,-113.3393,104.7149
-526.6920,-289.5482,124.3031,-53.0212,276.3897,-53.2015,259.3181,-99.7909,322.1948,94.9814,13.0348,-257.6526,155.0733,34.1087,78.6473,300.6786,-111.8129,-78.7032,96.0243
-531.3149,-204.7160,44.1653,39.5573,249.7344,-7.3667,258.0392,-36.4850,534.6819,164.0423,59.8932,-32.3100,183.4477,133.1849,140.0154,362.5036,-154.8483,25.5740,71.3082
-257.8738,76.9154,-20.8759,147.5210,213.8720,-12.5963,264.7869,-2.0437,393.8568,233.4182,165.9296,84.8875,208.2012,49.3268,177.1779,456.3568,-200.7178,127.5935,-4.4980
-293.1642,240.9756,-70.5479,192.3780,170.5988,-61.1164,176.3047,-3.6944,137.1342,231.3587,296.6108,162.2852,227.7261,130.6960,86.6808,230.3243,-349.7867,226.9597,-84.6148
-429.8664,272.7592,-70.5107,270.5445,219.3967,46.9510,197.4057,63.5653,139.3833,335.6696,247.3659,358.0682,305.3238,558.8504,100.7963,108.9131,-408.4918,397.7111,-12.5758
-198.1573,356.8159,-76.2867,402.1028,328.3614,250.4192,357.1610,137.0452,366.8366,577.8658,-3.7433,332.6400,310.8530,648.9070,233.9856,271.7260,-205.9588,532.4454,143.2444
139.5522,365.7089,-134.1316,426.2685,301.4023,294.4559,294.6616,106.7851,511.6451,647.1335,-108.5956,10.5623,134.5500,139.9473,152.3679,347.9453,27.1964,521.3255,148.6232
200.9901,194.4580,-175.4256,308.0392,118.4242,234.4176,-10.4156,91.1283,436.2393,441.9695,39.4184,-104.1714,-48.6659,-47.5804,-57.7617,267.7385,70.8231,478.7635,35.9930
146.5612,89.9823,-152.2591,185.5160,-11.9537,276.8787,-146.0883,206.9778,239.7306,250.1038,82.5779,-12.4376,-78.8544,388.1371,26.5945,161.8479,49.8225,522.2304,8.7191
167.6732,138.2759,-109.3107,134.4816,3.2916,372.9059,-62.7894,337.2030,65.6825,233.7527,-71.0675,-137.3698,-34.4872,469.0596,275.4602,30.9695,82.3028,617.2739,74.7208
171.1972,133.4396,-79.5166,139.1203,64.7737,407.3693,-27.5314,389.0956,35.7444,265.4148,-121.9812,-288.9130,-12.9911,-53.1195,266.4648,18.0441,96.1518,701.7736,168.0636
125.4848,90.3912,-68.2858,156.8970,118.1633,423.7430,7.2355,440.9694,172.5224,244.9887,-59.0277,-188.4325,-19.4719,-276.4300,122.3528,148.2924,72.8324,732.9229,304.0615
110.0281,133.7190,-87.4372,121.1984,159.0763,436.3817,147.4871,506.3330,276.7078,202.6022,-82.1468,-180.6730,-39.0676,-24.3396,145.8755,109.2385,69.3673,680.0351,378.7127
121.7585,95.5395,-97.9943,29.1814,112.8399,361.9003,178.3351,485.1695,144.2987,192.1510,-102.4381,-420.1331,-28.1438,9.5137,201.0840,-103.6513,83.3210,568.0048,238.1546
136.3882,-127.6418,-47.2034,-49.1703,-22.9663,197.6507,24.5140,375.0146,-96.0027,235.9087,-18.4660,-563.9587,32.0950,-275.2760,117.4369,-147.1294,105.2517,450.4107,2.8031
159.7143,-266.1916,10.8176,-128.5731,-105.3828,36.0790,-68.8378,270.1702,-185.1541,295.5398,24.4412,-544.3456,66.4016,-431.2688,35.4092,-22.8258,132.8356,341.7614,-96.9202
156.7677,-182.0816,-2.8529,-263.5544,-93.5362,-87.1926,-44.5724,189.1901,-148.8495,346.2028,-11.1612,-524.6924,32.4603,-378.9744,38.1987,51.5139,121.8731,211.6146,-93.3641
104.5765,-147.6996,-52.9842,-360.6649,-108.4521,-214.2795,-69.6309,84.0938,-167.5869,441.0908,-29.7504,-473.9382,-12.8802,-318.3150,24.3780,79.5463,71.7351,61.8368,-136.5889
42.3387,-338.5770,-88.0550,-322.7080,-180.3147,-337.3768,-145.2013,-45.6646,-239.3801,547.9385,-71.3398,-428.6861,-48.4412,-320.7546,-32.3707,84.3866,34.5080,-41.1086,-206.5525
-3.9764,-541.9790,-128.5747,-276.3638,-223.9812,-388.4154,-178.8255,-161.3473,-270.1714,534.5151,-152.1323,-474.4967,-102.4094,-327.0971,-76.7268,41.6224,5.4646,-155.5306,-230.8468
-28.4500,-541.5510,-158.3847,-346.6111,-224.5882,-382.9028,-187.0392,-233.6660,-270.9025,447.6913,-166.8852,-445.3756,-140.4576,-236.0733,-94.4532,47.3572,-28.6612,-497.1043,-232.4548
-12.3516,-418.9948,-131.3595,-404.9915,-216.3664,-403.3958,-185.0390,-251.6693,-273.7430,431.1913,-128.4741,-274.9575,-119.4027,-96.3639,-90.4586,113.3507,-32.7069,-998.5665,-229.4356
11.6103,-363.8506,-102.3201,-349.7956,-210.8478,-453.0375,-173.2179,-264.9596,-266.4595,406.1242,-129.2746,-188.1849,-97.4831,-119.9177,-83.8221,101.4938,-26.4029,-1253.5322,-219.6654
-23.7010,-420.8703,-142.0075,-333.3958,-244.1486,-504.3063,-211.6837,-352.2467,-273.4372,307.1110,-164.5517,-238.7384,-145.3647,-268.2376,-110.2888,0.9417,-61.9429,-1174.2992,-249.1495
-84.4807,-485.4809,-197.6207,-423.4521,-312.5408,-556.0188,-282.3618,-467.0277,-316.5081,307.2626,-211.3583,-250.3586,-208.7967,-252.9613,-156.7847,-91.8239,-99.2601,-1068.6086,-312.1027
-80.4673,-445.1138,-198.0580,-443.9783,-320.0978,-544.1400,-280.3781,-487.2082,-333.4345,323.8794,-242.2162,-169.4781,-195.1257,-86.4360,-170.1817,-154.9938,-86.2753,-1011.9359,-317.9684
-28.0062,-308.2126,-151.4387,-355.2355,-242.7488,-445.6594,-214.7381,-444.0650,-277.0663,-50.7717,-191.8099,-52.1572,-131.8891,-35.5423,-132.1347,-198.6739,-50.7474,-872.1846,-255.2623
11.6771,-168.9169,-74.0753,-297.5706,-162.3050,-375.2393,-152.5143,-433.5358,-194.4863,-735.7202,-92.6253,70.6440,-84.6452,-86.8405,-65.3780,-207.2142,-3.2059,-701.2992,-185.9181
50.1349,-63.9555,5.4012,-241.0452,-96.7423,-344.2886,-74.5090,-400.1818,-132.2271,-1154.9386,-33.0482,155.7647,-28.9043,-53.5335,-1.7785,-169.3989,67.3692,-553.7599,-109.1031
85.8420,35.7892,30.4053,-94.1532,-22.9724,-241.7668,4.5446,-295.4554,-87.9051,-1176.4694,5.5874,184.1598,38.0972,28.5868,40.9559,-134.5181,109.6292,-384.4247,-30.5377
89.9196,156.7581,25.7794,53.3115,23.6582,-113.9385,21.1032,-202.0701,-60.2818,-1109.4537,45.5007,219.4726,56.7835,64.2702,71.3516,-202.7351,104.0957,-254.4362,-4.7512
97.7891,297.1754,46.1719,140.8769,34.2344,-51.7375,18.1520,-139.5489,-47.8279,-1016.2883,47.5862,317.4115,54.0488,91.1405,91.7094,-342.2963,110.4897,-185.2479,-2.6170
111.7264,381.5388,43.5564,209.2672,40.4094,5.1735,38.3712,-74.5611,-41.3679,-864.1586,35.8056,432.0231,73.6419,112.0818,87.9777,-393.5715,127.8999,-84.9757,32.3168
74.8199,358.4231,15.4219,219.9306,33.0888,64.4107,24.5598,-51.9434,-48.5208,-785.7350,36.2892,491.9578,61.2015,120.8610,80.5173,-368.8795,119.0084,9.0037,54.9835
40.5147,354.3862,39.5820,177.0760,19.3663,58.6041,1.0008,-57.6477,-65.1731,-728.0088,13.9467,524.9058,33.5890,173.6532,93.5825,-396.7843,119.7691,37.1557,40.7889
53.7790,442.7896,29.2686,182.5479,19.5717,33.6010,17.3583,-31.6899,-48.4171,-562.1915,24.4913,576.0925,50.7779,180.3106,83.9337,-419.6065,122.5928,53.8919,26.3117
-11.7438,459.7733,-93.4701,210.9124,-34.8735,5.6540,-46.1906,-45.7078,43.2777,-455.2542,146.6809,583.1765,-10.2767,34.2223,13.4774,-360.8211,50.9707,30.5380,-11.7998
-170.3309,373.4901,-118.8544,193.8007,-177.5512,-93.3375,-213.7797,-138.7547,202.1490,-500.8853,271.6217,513.7808,-206.4301,-85.8311,-91.5040,-340.1343,-61.0252,-53.9923,-57.3605
-263.8494,368.4288,21.7828,174.9135,-269.3620,-199.7645,-242.2290,-215.5833,350.7611,-524.4128,281.4314,453.8937,-288.5255,-79.2003,-223.7318,-415.8695,-145.9282,-100.8101,-13.6083
-345.8129,390.8044,39.9534,134.4711,-204.5725,-240.9779,-60.5133,-272.5003,397.9692,-525.2365,267.0581,415.7805,-144.6519,-167.5380,-365.4152,-471.0641,-258.5037,-155.3378,62.1691
-550.5383,255.2055,-102.0318,21.9648,-102.5307,-294.9384,73.1053,-342.0822,355.3249,-587.2166,304.3849,325.1771,-29.2420,-354.1190,-399.2915,-453.5719,-388.6429,-285.7591,32.6230
-682.6981,94.5469,-135.3189,-70.8607,-122.1489,-349.7915,38.7218,-342.2337,315.9186,-572.7836,292.3707,225.3703,-76.5389,-364.9658,-273.2827,-408.8253,-399.1372,-335.2259,-35.8773
-544.2940,75.7320,-95.9770,-112.8975,-221.6715,-319.9610,-23.1276,-291.9501,305.5510,-483.4195,187.8212,207.9089,-125.8244,-235.2159,-135.4494,-347.7408,-304.8089,-299.2515,-40.3847
-341.0688,62.6111,-161.1235,-194.3533,-259.9768,-307.2592,-56.3650,-309.6397,283.5141,-514.6957,101.8552,225.6814,-95.8526,-198.2580,-110.2067,-275.4626,-248.4344,-364.1723,-44.0343
-301.4865,-0.9034,-187.7263,-252.4365,-244.9549,-382.9018,-106.2378,-342.9849,263.0037,-581.2262,93.7006,187.8485,-63.6001,-259.4786,-130.7592,-226.2974,-211.5770,-417.2407,-72.0315
-332.0255,45.6385,-53.5472,-170.3052,-261.2769,-403.1066,-131.3709,-316.7298,279.0319,-513.4780,121.3123,110.8618,-57.1514,-348.5890,-117.7047,-207.2309,-99.7735,-308.7876,-75.1822
-294.4391,154.9538,77.0800,-42.3919,-232.6051,-352.6305,-116.5228,-312.6625,280.6169,-454.8902,151.0449,57.1619,-57.2696,-413.1897,-112.9016,-192.5290,27.4664,-246.9869,-91.1096
-211.7186,148.4699,107.5309,0.0013,-73.1367,-372.7387,-142.1985,-339.6560,211.1507,-505.2250,146.7459,36.5176,-58.0398,-354.4821,-147.8341,-167.4686,72.8537,-309.8963,-122.0719
-129.1638,137.4164,104.0148,-18.8129,63.9541,-407.4891,-193.2531,-311.9803,141.6114,-505.9203,88.3241,29.8334,-35.5511,-252.3518,-144.9322,-140.5258,57.6369,-295.0635,-99.6243
-55.7535,251.8228,81.1069,-47.0552,33.5004,-355.4077,-191.4398,-263.4145,143.5131,-411.9722,50.4875,27.8983,8.6236,-257.0376,-54.8755,-118.8906,17.3398,-233.8638,-89.2544
-18.6384,262.8058,23.6574,-91.1975,-66.7673,-331.3249,-199.3293,-249.7727,122.3713,-346.3024,87.7962,19.0724,19.7447,-247.1119,26.5770,-88.1852,-71.5029,-284.5788,-168.6169
-29.9032,26.5006,-39.0228,-174.2922,-145.2720,-397.0799,-275.4909,-242.5081,-1.3207,-345.4890,125.7590,8.9248,-6.3346,-147.7254,23.9473,-37.1585,-191.5942,-388.3524,-244.5836
-51.6889,-192.6685,-68.2688,-299.2246,-224.1671,-454.8843,-303.2828,-251.9266,-116.4253,-362.4833,104.2983,19.7865,-5.5798,-163.3606,17.6462,19.1664,-265.8727,-484.6038,-268.1973
-42.3456,-204.9359,-42.3586,-386.5074,-253.1847,-488.6502,-229.1381,-287.0747,-134.4933,-344.5833,65.7115,28.1197,29.1386,-284.0420,53.1671,68.5699,-257.1258,-558.2908,-287.8887
10.7967,-93.5801,5.2637,-324.6697,-195.3341,-488.4691,-164.5412,-283.1678,-113.5069,-277.9909,57.3641,12.8722,36.5259,-257.6671,55.6336,103.6296,-173.8597,-507.5968,-261.6968
87.6733,82.7633,31.2658,-154.8802,-150.7708,-384.1303,-130.8212,-246.2427,-90.0554,-242.8193,84.9886,18.4815,3.2223,-128.3840,36.2198,89.8416,-36.5188,-382.4100,-192.4377
136.2104,227.2004,61.7828,-35.1772,-162.2832,-261.9244,-62.5446,-232.8683,-80.9409,-254.0165,116.0916,42.6627,-16.8281,-100.5757,76.5476,38.0177,68.1623,-334.8637,-189.0513
128.9912,193.7215,79.6278,-26.7496,-176.1604,-233.0885,-0.8561,-204.2173,-122.4724,-184.4917,101.7717,24.1351,11.9044,-143.8433,139.8483,45.6571,39.4714,-315.4827,-209.1069
116.1907,109.3770,15.3376,-82.0571,-195.7982,-218.7721,17.9671,-137.0000,-144.4395,-41.3848,71.9338,0.2961,65.9038,-164.9368,159.8482,126.2100,-64.1287,-289.2116,-165.4874
151.2095,158.5274,-40.5950,-137.9205,-213.8731,-197.9882,53.1912,-80.6000,-99.6454,26.5577,98.5951,35.5495,93.8962,-137.1769,144.9039,157.4336,-89.8763,-324.7270,-136.9042
205.5810,235.4227,44.1609,-128.6837,-196.1886,-242.8760,97.7014,-21.2704,-105.3334,32.5765,145.8506,69.3367,70.9314,-47.2852,99.5623,115.1365,-14.8585,-316.5533,-120.2091
232.1473,256.9995,172.8548,-51.0868,-198.5748,-262.2334,90.0501,44.1208,-168.0958,58.3074,150.0819,50.0574,33.4765,-10.8897,57.5097,115.0548,81.4517,-214.5106,-36.4041
230.6517,251.3399,216.2674,15.1972,-228.5506,-209.2064,43.6041,34.0979,-165.7280,62.2509,144.5736,15.1753,39.3093,-95.7304,69.2252,173.9505,156.2385,-182.4161,-20.9186
205.3411,136.7248,222.8898,53.0585,-199.1301,-218.3487,-12.1962,-30.1693,-151.4211,52.6881,148.7276,-15.9951,83.6856,-109.8188,67.2517,185.3510,184.9092,-192.7029,-138.2733
166.8502,16.5995,230.4422,106.6854,-166.8746,-254.4567,-55.2775,-50.1774,-174.6347,86.6381,146.1899,-6.3706,106.0120,-9.1265,11.5523,112.6782,154.3009,-152.0142,-192.0012
156.1326,107.3747,207.0379,123.8383,-218.8437,-217.7775,-48.4475,-60.9374,-124.4352,97.0747,166.6756,64.9832,90.8924,-5.7794,13.8437,32.8368,99.8991,-196.0928,-183.2855
171.5798,209.3404,168.7984,61.3828,-238.3768,-237.3042,-28.3953,-116.1611,-62.6947,54.1755,179.8672,75.1395,94.6482,-59.1074,82.9761,31.5442,64.1050,-259.8035,-252.3718
173.4364,163.4565,126.8463,38.7722,-159.5734,-286.8988,-30.1126,-154.3821,-110.8284,28.3545,121.5646,-4.8419,142.6317,-22.6063,108.3599,91.6328,83.9768,-135.6926,-265.3911
177.1049,208.7084,87.4852,106.7426,-92.9605,-172.5838,11.5389,-158.2548,-128.1692,-10.3679,78.5142,-8.6982,172.3561,-37.0883,97.7836,99.8781,166.4972,-18.5749,-185.2639
181.6638,244.9141,108.4097,132.4674,-56.4980,-76.9032,64.2327,-174.0620,-67.5932,-78.8166,115.3269,30.9422,137.2149,-106.6725,58.6056,31.0874,220.1846,-41.7834,-215.0216
120.3818,87.6534,181.4356,120.4083,-17.2467,-136.8872,35.0627,-185.7834,-71.3839,-84.5499,126.7883,-14.4245,85.7678,-35.4160,-41.1401,-27.7257,196.2463,34.3485,-234.3490
43.4216,123.5646,227.2850,172.8752,-30.9282,-44.8818,25.0861,-189.2832,-63.1426,-70.8651,108.4348,6.7966,54.2645,5.9056,-73.1076,-80.0300,178.7798,114.3772,-108.1642
101.2434,243.8936,212.2546,122.3719,-55.5296,66.6781,60.0432,-219.2555,-18.1098,-82.7701,112.7647,61.4684,6.6918,-125.9790,-17.6814,-139.8489,123.7906,45.4139,-175.7359
282.9348,-68.2479,133.7101,-55.4930,35.3050,-161.7198,-21.3972,-215.0713,-139.5201,72.5603,-6.3606,-171.4470,-15.6407,-86.4021,-83.8403,-114.6560,-58.9687,309.0247,-388.4158
509.8785,121.8786,120.9322,221.4619,259.7815,-25.6338,-16.5904,-87.2607,-214.4977,368.7878,-234.6220,-394.7020,116.0676,81.7635,-142.7818,-148.7021,-90.9241,963.4358,-145.0415
810.2500,1679.3978,386.0634,1124.8787,533.3564,953.7704,362.2617,85.9659,108.2465,404.1434,-243.4270,-43.7997,360.6235,-159.6017,103.3714,-515.8312,253.0131,1131.4280,355.8620
974.7640,2704.6619,668.3470,1584.8684,578.8144,1339.4135,611.9899,78.0448,404.0809,126.6766,-48.3387,427.5372,460.6079,-537.6536,332.8409,-835.6878,519.7652,661.7507,366.5255
545.3760,1438.1215,368.1705,789.5835,99.1871,204.7322,167.9600,-232.8803,177.2812,-58.5763,-36.5835,308.6867,249.3381,-277.4949,133.0060,-440.5830,300.3651,400.4594,124.7284
-318.5753,-359.8795,-337.9427,-362.1805,-561.8879,-816.2588,-432.1030,-593.3853,-173.8072,2.9528,-196.2241,14.2064,-140.7156,322.5865,-135.1162,311.8219,8.3610,443.2677,228.8829
-723.8770,-627.0184,-576.1313,-600.5993,-698.5395,-465.7062,-453.0622,-543.2878,-206.5614,155.0501,-211.1020,110.1631,-384.9866,424.6379,-76.3153,467.7741,72.7161,227.6811,354.6724
-333.9594,-130.2917,-198.5403,-61.8228,-384.0828,162.7977,-122.5000,-71.5566,-126.8000,291.1273,-107.0499,233.2057,-265.0879,131.3611,44.2379,69.8872,220.1480,-71.1808,163.6703
145.3038,18.3095,120.0429,320.6616,-257.0327,187.6133,71.3806,265.6123,-83.5235,279.9191,-66.0698,98.9594,62.7884,-31.2405,24.7994,-126.1265,172.6561,-48.1372,51.4333
155.1014,60.9473,90.8074,199.2302,-373.5547,97.6457,93.0383,160.3036,13.0133,62.5366,-64.0721,46.9193,208.8889,-59.2879,33.9551,-9.2490,88.5358,32.8174,151.7738
-73.9948,16.2702,-47.2923,-130.2297,-338.6922,38.2526,9.6899,-46.0004,39.3650,-87.3049,-87.5806,129.8572,44.7163,-30.0305,54.1925,69.0356,55.7087,-35.2430,167.8916
-234.9706,-321.5425,-170.9787,-321.8181,-44.0249,-150.9134,-76.6479,-3.1323,-54.6858,27.0452,-186.3345,57.7770,-166.8165,117.8181,-15.1733,83.2839,-12.4508,-21.0499,167.8170
-302.1718,-461.7575,-238.2186,-271.6676,371.7359,-79.7292,26.0279,211.5838,-19.9885,173.9496,-271.9015,-88.8149,-179.5097,186.2231,-30.6485,128.0968,-57.8704,69.1301,289.0445
-270.3600,-262.3846,-185.3330,-161.3280,635.5416,245.0906,202.8508,390.2767,175.6191,156.9176,-271.1525,-110.1746,-58.7103,29.8917,41.5594,134.8375,-19.1014,35.7888,330.9127
-200.6014,-251.5014,-125.6116,-173.4175,445.6282,308.2774,219.4181,475.0280,308.5912,117.5329,-245.8204,-95.1783,7.9454,-74.4529,57.1452,123.5616,12.3633,-20.5361,280.5379
-201.1352,-392.8019,-142.8089,-213.0465,-6.5368,242.5378,216.9816,515.0691,357.9599,164.1834,-208.9490,-95.7073,11.9607,45.2221,72.8340,172.8080,2.5132,21.6514,312.7538
-196.9851,-344.9651,-144.3776,-188.2206,-212.9953,328.5516,302.4895,518.5131,389.8680,187.8246,-175.2864,-69.6568,51.8314,142.6579,165.2810,189.6401,-10.8757,15.8284,306.7498
-97.8554,-241.7599,-125.2799,-168.8645,-150.0536,288.2924,277.5345,446.5928,389.6065,160.8836,-220.3806,-51.4407,101.3823,93.2597,206.5255,147.7345,-17.4694,-98.6853,169.1151
5.4901,-144.0548,-117.9514,-113.8676,-125.9135,118.6046,163.8116,324.8706,430.5757,172.4117,-261.6159,-9.6587,79.6438,70.5358,162.2585,181.8932,36.3476,-204.9459,82.8721
61.6722,18.4416,-35.6939,25.9195,-160.4718,101.9131,136.7827,206.1273,484.4115,157.8009,-170.2740,55.4360,25.7086,96.0114,103.7936,232.7708,152.5163,-289.4699,47.0942
125.5845,54.8922,115.5061,129.6101,-79.4603,76.2061,96.3464,105.0454,354.6638,39.7483,-50.8072,27.8164,14.0528,74.1661,14.4733,173.8123,217.2360,-339.5101,-66.7449
164.0077,28.7356,209.4022,174.9266,196.7724,-61.6575,-19.2350,51.5524,134.5570,-40.1325,-34.5270,-25.1532,9.1604,72.8845,-52.6537,134.5625,229.5927,-273.2659,-130.5113
147.6545,186.9552,208.3214,226.7674,521.8793,-91.4398,-69.2448,41.6696,87.2975,-16.4632,-73.2166,23.9850,-44.4820,95.2891,-28.7683,167.1573,267.8662,-203.3790,-68.1502
198.2297,308.7070,149.9931,222.6290,514.0269,-75.8511,-61.1334,20.7887,130.2439,-25.4160,-90.6959,78.1038,-79.3263,47.4918,-27.6307,127.9913,276.1032,-237.1106,-32.0968
338.4698,232.0185,109.8997,166.4648,66.0914,-117.6116,-56.9164,11.6510,89.9271,-65.6163,-45.2554,79.9671,-28.0659,29.0866,-75.6176,74.3834,227.7070,-198.9784,-23.7741
374.8444,213.1893,172.2695,145.8954,-369.6100,-46.7558,-15.1210,37.4738,45.1544,-45.0007,55.8396,74.9262,8.4513,103.6282,-38.6053,90.5731,202.0865,-55.4271,39.4685
269.5461,256.7162,263.3266,125.1755,-457.4467,85.9217,-0.1032,34.8957,54.5638,-17.6857,104.0694,23.0350,-45.3604,117.3733,30.3938,34.7994,166.9617,-7.5390,68.8154
203.7528,212.8524,229.7674,109.5999,-311.0011,129.2694,-57.0862,24.0203,71.0988,4.7705,49.6123,-10.5723,-62.7139,66.4609,14.7510,-67.3451,77.7929,8.4842,49.0690
141.8244,184.5547,89.0732,147.1235,4.0612,206.7281,-58.6561,66.1599,96.9241,83.6829,-40.5014,60.1245,15.7610,64.9115,3.1555,-45.7853,23.3163,126.1882,83.2385
-75.4787,137.4270,-37.6742,112.9432,447.8610,317.0466,2.7275,94.4058,101.3288,143.1414,-142.5344,71.0472,60.4063,67.2503,44.3430,5.8032,1.4960,185.6600,114.9382
-260.7144,-7.3744,-91.6309,-21.6779,699.0930,304.3713,18.9643,68.4234,56.1229,122.8413,-210.0344,-24.0036,48.0291,74.5409,52.6495,-22.7472,-82.9285,133.9067,48.6507
-193.4526,-43.6842,-90.5901,-89.7230,600.1140,238.1256,-6.2800,25.7824,16.4572,75.2195,-145.6851,-51.6522,57.0444,128.4090,30.7837,-56.0382,-193.7932,94.7131,-74.8901
-96.8834,-12.2567,-124.9829,-120.5857,416.9298,169.0801,-86.9713,-56.6136,-42.9255,-7.3446,-30.5767,-83.8827,39.7170,94.6702,15.3279,-108.1918,-282.2603,10.6715,-207.7715
-183.0687,-179.9926,-232.1101,-222.8495,288.4119,41.7019,-211.3187,-132.6237,-149.2456,-87.3277,-6.3791,-233.3967,-26.6749,-27.5575,-8.1808,-190.9680,-387.4331,-109.3299,-286.9009
-263.3453,-357.4740,-297.5511,-298.1764,47.2263,-29.2996,-206.3977,-88.5290,-168.5091,-43.0309,2.9705,-337.9112,-53.3990,-57.5839,-11.6769,-202.1740,-476.7560,-101.5690,-236.3838
-195.2608,-311.1742,-273.5430,-319.0594,-346.6833,-26.1256,-104.6717,-0.6468,-83.4158,60.3455,89.2724,-367.9513,-68.5534,-60.5947,7.5462,-185.0521,-503.5779,-61.3569,-154.5229
-103.0203,-286.2638,-267.1556,-358.7017,-691.1192,-124.4610,-184.1188,6.6046,-67.4297,76.0254,179.8183,-439.2182,-152.7305,-149.4532,-15.8828,-213.4667,-519.8871,-123.1225,-182.7340
-78.7659,-431.3476,-302.1688,-346.8119,-752.0158,-257.0873,-408.7569,-24.4248,-139.8706,23.4490,226.0271,-469.3371,-249.2323,-200.6764,-101.9108,-217.8074,-542.3193,-152.7632,-269.1058
-135.8633,-607.8255,-326.5851,-299.4992,-456.1738,-274.2383,-494.5230,-64.0468,-216.0246,-65.5401,232.3730,-449.9745,-307.8025,-213.7161,-241.9480,-235.6044,-548.3100,-139.4122,-326.0969
-281.2319,-804.9340,-380.1028,-353.5604,-69.5154,-288.0847,-424.8247,-111.5595,-323.2720,-171.4944,183.5954,-513.7659,-344.7388,-286.2842,-389.9386,-319.2969,-565.4843,-193.8118,-346.7766
-427.4272,-997.6188,-464.6601,-407.0364,55.0544,-334.7375,-339.3299,-92.1588,-428.0224,-186.5877,127.5783,-558.3700,-325.3957,-293.1681,-427.9025,-328.9609,-560.5325,-188.7062,-307.7401
-479.0378,-1041.7599,-480.0869,-320.4600,18.6216,-270.9914,-260.3102,-38.5612,-426.2585,-141.8609,112.8613,-462.1335,-247.1301,-200.1469,-377.7368,-263.2534,-464.4265,-55.9820,-227.8665
-459.2036,-975.4730,-425.5958,-227.5007,101.5439,-134.4473,-193.5233,-50.0156,-372.2691,-188.0221,107.3423,-348.7246,-177.9298,-183.7766,-383.2100,-265.9253,-348.0748,35.2839,-171.7925
-408.1334,-904.2352,-390.1339,-223.4143,99.9031,-49.0547,-145.8947,-54.5523,-363.6916,-266.1145,136.7681,-285.0214,-125.9398,-212.3033,-375.4319,-256.3655,-300.9598,63.3445,-118.3999
-336.0514,-805.7130,-366.7299,-217.0201,-207.2328,13.7691,-86.2989,13.4050,-388.0312,-270.9379,242.7181,-244.8699,-76.8567,-160.8435,-241.8903,-168.9894,-271.0801,116.6904,-56.8166
-280.7213,-718.8536,-301.1099,-184.8906,-371.0087,80.7273,-53.2239,64.3415,-441.1058,-294.3527,315.1268,-263.1775,-56.8676,-125.9852,-157.7713,-160.9754,-217.9775,141.2854,-53.1627
-269.9818,-703.7267,-224.6739,-167.9909,-39.6162,103.7123,-95.4548,79.1721,-514.4849,-339.7103,252.9472,-291.0344,-67.9692,-159.6819,-238.9650,-223.6742,-203.8766,102.5418,-81.4369
-285.1940,-685.0767,-198.3842,-173.2701,302.2786,74.8891,-151.7687,121.0074,-522.0390,-245.8640,122.7376,-286.6556,-116.3570,-136.9166,-290.9512,-193.4139,-256.3922,45.0644,-63.9702
-291.5047,-653.7310,-224.2007,-228.7088,214.9656,11.3021,-173.3693,160.0414,-445.2296,-48.6122,1.7117,-350.3273,-216.8626,-44.0100,-233.0090,-117.9692,-328.5059,-31.3930,-41.1282
-265.7182,-692.8829,-267.9302,-314.4677,-5.2689,-71.5473,-195.4863,139.4344,-362.2966,46.0549,-88.4184,-421.7550,-301.9792,-5.7894,-218.8270,-109.2156,-373.2431,-110.2295,-65.6989
-225.7073,-730.2229,-302.0061,-345.3246,-61.2244,-152.5978,-226.2267,62.4309,-293.0391,18.8159,-111.3029,-344.2815,-316.8988,-77.6671,-269.2839,-129.0788,-372.0036,-172.2238,-100.3509
-198.0459,-632.8610,-313.0394,-322.7032,-82.5181,-229.8017,-227.4200,-18.6512,-217.2051,23.6975,-85.0901,-261.2576,-313.5036,-170.5190,-278.7598,-121.4652,-339.3333,-227.4679,-110.1475
-154.1293,-426.7618,-291.4721,-283.3934,-123.6033,-264.1788,-169.9400,-21.2100,-157.4256,115.1167,-78.3546,-308.6164,-304.4770,-144.4408,-238.4451,-69.4214,-286.8469,-189.2238,-89.3061
-83.0286,-222.9291,-230.5555,-197.9897,-86.8309,-205.8193,-70.3661,22.5011,-140.0529,198.1972,-86.2227,-286.3129,-251.1998,-29.8317,-181.5418,-18.9847,-193.7732,-32.1745,-56.5676
-51.9361,-108.6169,-156.0098,-96.5888,-32.7637,-131.7466,-14.5111,-26.9340,-188.1387,215.0598,-88.6241,-116.0538,-197.0348,4.2394,-133.0757,-73.3629,-91.6934,47.0068,-66.6854
-76.0705,-94.7651,-118.1622,-61.7520,-19.7409,-119.0081,-39.5128,-125.8133,-299.3260,230.3011,-120.4137,0.4472,-166.9991,-15.1942,-115.8507,-156.4571,-67.7005,-0.3461,-110.2091
-75.3529,-74.9263,-118.0068,-64.7952,36.3580,-82.1027,-45.7302,-122.4922,-376.9333,263.6313,-167.7656,19.7177,-95.0123,48.7192,-64.0086,-91.4476,-98.4265,15.3476,-116.3330
-24.7168,28.7390,-99.8551,-37.0943,124.2162,10.7235,15.6134,-92.9349,-344.9487,228.7607,-180.9831,44.7149,12.0387,102.3283,65.5553,17.1117,-71.8029,74.0223,-100.0239
21.8705,146.0090,-34.9421,3.7141,154.7811,41.3802,65.0328,-148.5744,-273.1956,155.8322,-175.4630,59.6132,82.3982,45.4141,142.2022,1.0655,2.4494,35.0101,-100.4961
40.8842,204.6974,51.2577,23.0799,170.5087,5.0111,87.7448,-176.6692,-232.4600,181.6295,-167.7423,48.9300,115.5663,18.5271,92.0561,-5.8396,32.0078,3.2312,-78.9082
44.4726,217.9068,115.7187,16.7373,223.7856,4.1678,117.0454,-131.0390,-201.2012,254.8410,-147.3024,61.9422,113.3299,81.6976,45.9749,78.4581,26.9586,45.8688,-48.8485
45.1182,213.4488,117.1909,-9.2804,254.2549,17.4170,111.6690,-134.2765,-181.0453,233.1601,-153.9088,87.3116,64.4930,115.9953,74.2024,88.1694,38.2887,17.1781,-67.5796
55.0475,237.3435,48.3667,-20.4054,244.7098,-7.7714,96.7668,-157.4604,-180.5115,204.8817,-204.5114,100.5581,53.7136,108.2935,109.8364,39.6497,36.6597,-57.6433,-75.5167
51.7600,318.8533,-44.8877,4.9221,243.7019,-20.8581,164.2601,-79.4053,-143.0955,310.7737,-225.8842,101.3433,140.5026,101.3643,143.5202,102.8692,-13.1772,-29.0276,-26.9126
1.1752,386.2309,-118.4375,21.4433,222.9310,-12.7960,238.8523,25.4892,-67.4617,433.6161,-185.6825,66.3553,225.3865,64.3408,171.5833,178.5630,-81.4679,14.1276,-12.3025
-49.2609,371.7047,-152.7024,-22.9468,130.5994,-51.9881,186.7430,19.0212,-35.3958,398.4274,-133.4285,21.3484,211.6802,20.6160,105.4308,99.2445,-119.2236,-50.3528,-49.0523
-19.8186,319.0694,-121.1975,-119.6925,17.6922,-131.8738,60.0624,-77.1091,-45.5217,264.1484,-91.5931,23.4166,123.2914,-0.7742,-59.3972,-10.7610,-105.7311,-118.4686,-46.9553
65.1550,292.0303,-38.3779,-198.1391,-26.1543,-182.2314,-40.5257,-152.3927,-13.8063,206.8245,-54.7407,42.2726,27.4344,-51.4985,-210.8369,16.7568,-71.1648,-104.0633,-17.1537
108.8420,300.6602,10.3756,-192.1951,9.1235,-198.3984,-109.9803,-155.5048,70.0408,258.8797,-35.9732,31.0815,-15.3808,-109.5533,-303.5347,108.1826,-66.8066,-78.3812,-15.6105
64.7871,298.2773,-12.4288,-151.5911,58.4925,-236.6539,-142.3612,-155.0389,123.8127,283.5556,-43.4759,-8.5036,-5.4030,-129.6846,-361.0984,118.2849,-86.7804,-94.5995,-12.8859
-40.4411,216.0610,-38.9493,-170.5010,75.6824,-302.3038,-131.7586,-236.0182,85.9283,202.1638,-71.6370,-80.7590,-8.7125,-176.6159,-366.9003,56.3286,-83.0894,-124.8567,-0.4720
-140.4137,104.1823,-17.2987,-195.3952,85.4450,-323.5663,-109.7197,-328.0795,7.2229,127.5263,-92.4404,-130.4873,-11.4333,-222.7401,-313.2382,34.6970,-49.1077,-119.3444,-6.3768
-174.2459,93.9766,19.5256,-143.4364,108.1424,-283.0939,-80.1937,-324.4294,-7.5741,140.0402,-68.8720,-70.8560,49.7638,-155.7731,-260.8691,65.4016,-9.8315,-57.3949,1.7471
-147.6420,145.7928,28.4703,-105.9940,103.0110,-269.1284,-45.5185,-289.2673,37.4795,131.2763,-36.4157,20.9628,107.9487,-74.5753,-242.2573,42.1767,25.8829,9.1958,40.9752
-113.8547,142.4359,13.9485,-146.2323,58.0293,-301.1056,-25.0078,-293.8430,62.8675,57.0502,-53.1303,26.0247,98.1931,-103.2692,-192.9158,-30.3950,53.6649,21.3469,67.5362
-88.5006,149.1746,8.5318,-149.2402,22.8936,-285.3743,10.2254,-267.7879,82.3423,37.4551,-58.9076,18.0372,106.3127,-111.4081,-83.4943,-22.4006,63.3448,-4.3782,71.5190
-44.8284,224.6268,41.2303,-88.6575,14.3951,-216.1631,64.9527,-197.9369,122.9295,72.6400,19.2373,79.8767,155.8513,-26.4016,-16.8607,47.0158,57.3618,-29.4167,66.8603
27.8192,264.5966,123.7888,-72.0985,22.5162,-173.2526,91.5522,-172.4314,111.8802,31.5243,111.2506,146.2054,165.7411,8.0023,-40.2413,36.0160,69.7211,-35.2651,58.5904
112.7570,261.0949,236.0406,-75.4191,56.2755,-143.4147,123.2934,-198.3717,54.2664,-71.8362,138.8552,184.0107,163.7599,-24.4214,-38.5610,-38.4532,144.8032,-10.2403,79.5928
195.9807,290.3066,318.0713,-21.3538,78.5625,-93.7829,191.7380,-229.1255,83.6336,-126.5756,130.6929,208.9998,183.9598,-8.6786,8.2106,-67.1665,263.0246,14.5569,130.0329
282.6858,288.8665,326.1479,16.2002,32.3413,-89.5350,202.9030,-255.7629,206.5069,-129.4371,111.7597,183.1842,138.4102,21.0094,-41.7925,-68.2791,346.1177,-12.8503,148.5602
375.7351,246.5154,294.8317,-20.3916,-43.5803,-162.4372,138.7962,-271.3158,275.7832,-122.9561,79.7599,129.6552,41.5055,-12.5558,-178.2657,-92.8410,366.5327,-82.3815,121.9015
447.2169,297.4431,267.9600,-51.5921,-75.3066,-237.9637,111.6958,-286.2643,248.3696,-95.7451,66.1866,125.0574,24.4885,-56.8684,-236.7011,-99.0752,350.7057,-134.7472,90.0793
456.3474,407.0734,210.2373,-33.5167,-54.5923,-246.5967,135.6311,-296.3274,218.4541,-38.1905,67.1440,139.6715,78.7443,-52.8008,-202.2662,-57.7563,300.1834,-115.1853,77.4612
389.7537,427.8857,94.7607,-5.6494,18.6737,-178.8215,181.1238,-217.6712,219.0253,15.2358,33.6193,135.1582,125.6900,-11.1075,-156.8779,-18.4855,229.3037,-17.1943,108.7443
286.4465,395.0068,-1.7484,11.9013,149.5291,-74.9528,291.7586,-57.8451,180.5529,18.3708,-7.5899,158.9837,187.2213,43.1513,-96.3632,-24.3649,188.6141,81.8073,167.0387
229.9803,375.0519,-6.1506,23.1215,274.1607,8.1133,390.7546,24.9012,76.1560,-30.9582,4.2312,200.4404,259.4333,81.1120,-45.5916,-48.6137,172.4375,121.2817,165.1250
259.3206,332.0452,43.0919,38.2811,311.7487,62.0686,333.1446,5.5699,-22.0190,-82.0438,34.0042,208.4373,276.5843,86.7482,-72.6213,-35.6700,146.0066,141.9500,96.1165
297.8653,304.4637,73.5632,63.2392,265.1828,88.1204,203.1709,-5.6533,-56.8432,-111.5347,31.0124,211.6045,259.2570,65.0132,-113.8285,5.6309,144.7969,146.8030,57.9404
266.5294,337.8235,65.3021,69.5154,188.4179,47.5996,152.5262,-40.9075,-58.4045,-146.0977,23.5307,219.9003,255.5537,18.1846,-73.4777,0.3079,185.8731,86.3921,59.7443
211.7218,360.2981,39.2633,54.4154,114.4958,-24.4500,134.3495,-146.3191,-66.9669,-180.7515,20.0904,206.3632,232.5281,-18.7043,-5.5680,-70.2771,201.4149,40.0011,28.2345
212.9537,366.1650,40.8562,67.5627,53.7078,-25.7487,94.6690,-193.8847,-84.2658,-187.5838,-14.0185,225.6381,177.0060,-1.6625,4.8833,-131.4390,175.4208,87.9347,-29.1784
253.3321,409.0372,90.7412,94.2031,-2.1287,11.2661,68.4268,-151.1012,-112.3283,-184.0621,-55.8325,292.0929,121.4637,13.4168,-33.9616,-130.7931,159.4024,96.9162,-76.4775
279.3978,430.8152,123.7401,66.4746,-83.5206,-30.5113,10.4009,-170.3064,-141.6958,-196.9319,-76.0820,280.7845,38.2263,-50.6549,-74.1543,-101.0693,142.4347,-30.7387,-141.3550
299.2009,419.2217,76.2307,6.1538,-200.2830,-123.3885,-104.4556,-271.7672,-148.9645,-234.2953,-115.0587,158.3252,-100.8000,-131.7613,-68.4752,-95.8915,100.2520,-148.1730,-230.2663
338.2750,467.7884,-2.6427,-20.0162,-309.5947,-161.7982,-181.5587,-345.7589,-167.6665,-319.7111,-170.5032,62.7516,-221.1902,-134.1117,-31.3280,-118.0911,70.4062,-144.9340,-308.5011
366.2552,530.2778,-35.5343,-16.6864,-358.3281,-146.7887,-210.7069,-400.8082,-247.0752,-448.8771,-167.8027,54.8623,-245.2765,-99.3075,-53.4812,-133.4035,53.8637,-97.6107,-376.6086
352.6318,506.5808,-21.1482,-10.4703,-317.9528,-133.2452,-241.2169,-473.0811,-348.8918,-547.6027,-110.8971,55.0802,-192.7500,-119.6426,-118.2412,-146.3376,22.9475,-57.8254,-418.8462
344.4969,470.4645,9.3570,0.8348,-176.7405,-125.6546,-196.0155,-485.1997,-406.9171,-552.1187,-76.3240,33.9205,-113.0123,-203.6471,-83.3379,-186.4404,23.5713,-3.4811,-360.8918
379.2839,476.7548,26.7005,12.8877,27.9437,-99.0634,-47.1973,-396.2017,-395.7824,-481.4145,-67.8988,39.8520,-20.6985,-327.0042,43.9788,-209.8505,73.6310,48.0444,-202.1701
387.5192,450.1547,4.7698,16.3842,186.9817,-50.9040,63.8685,-285.9312,-305.1852,-413.8709,-39.4045,56.9840,68.7129,-494.6430,108.3251,-157.0222,95.1858,66.6181,-62.1474
318.6582,405.5511,-29.5016,11.2617,214.7085,-18.0039,71.4248,-221.3666,-203.1562,-411.0679,1.9561,20.6391,107.7543,-668.1368,85.0358,-85.4362,80.3957,54.3293,-9.7506
248.8135,402.2704,-23.3368,7.9785,144.4226,-14.8284,44.3089,-176.6287,-216.5677,-440.7438,21.6564,-23.6979,69.5226,-734.9406,63.2286,-77.1245,108.8266,35.3216,23.8459
237.5821,376.1475,16.2640,37.3490,75.7597,20.0533,23.2501,-95.6321,-317.2737,-425.3474,20.6801,30.5017,14.5001,-650.1034,69.3914,-104.7307,174.1847,51.9103,106.9463
239.4879,310.9403,53.3138,97.9368,48.5537,112.2958,16.4613,13.9749,-369.9036,-376.8164,18.1419,129.7947,16.1581,-518.5456,88.0829,-113.8308,203.1564,90.7522,191.6387
224.1948,309.8691,71.7798,124.8215,1.8594,173.3712,7.9800,81.6010,-370.6668,-352.1646,12.8441,138.1270,32.6774,-439.1283,94.4547,-102.1989,186.5333,61.9637,198.4348
214.2026,374.9066,57.7048,95.7031,-115.0145,142.6434,-39.2269,76.4341,-348.6940,-325.9403,-5.2322,106.0108,-9.0953,-387.7473,58.5153,-91.0422,163.9907,-40.4898,138.0976
213.4458,419.1209,27.1292,77.9017,-232.5109,72.5415,-77.7485,29.2780,-278.7038,-276.8537,-28.1969,158.3795,-77.0964,-325.7204,7.6921,-116.3540,157.1976,-92.9501,63.0969
216.6619,444.1266,22.2925,125.7130,-269.2151,37.2378,-68.2414,-33.7244,-269.5480,-264.3221,-49.6954,240.0674,-138.0275,-269.5657,-33.1924,-169.3025,152.5944,-27.1331,-32.2387
218.2267,479.1905,30.6431,229.4740,-279.1378,72.0552,-112.4595,-80.0050,-416.3934,-287.9792,-79.5076,260.4461,-225.9113,-241.6529,-96.5966,-175.9733,128.3461,86.2209,-162.5155
185.4299,496.3933,23.2254,331.9904,-333.7486,137.0047,-237.4747,-87.5793,-560.3980,-286.4820,-101.7231,252.5763,-298.2455,-273.2022,-151.0241,-158.6219,107.1830,146.7190,-286.8431
109.6480,479.2646,28.9972,357.2356,-375.1920,134.9193,-318.6712,-114.8504,-605.7990,-294.4767,-85.1953,219.0389,-269.6391,-362.6902,-143.5768,-213.6064,113.8806,135.3398,-367.1194
32.1259,435.3926,49.1719,315.7375,-331.5966,88.9160,-339.1789,-178.0541,-654.2492,-348.7011,-60.8431,131.7472,-188.0475,-392.2741,-136.5297,-269.9986,106.6218,135.3316,-386.9937
-16.8488,380.0099,28.7082,312.1892,-228.4394,137.1635,-341.8380,-156.4153,-665.9705,-359.9266,-88.9935,79.6301,-133.8165,-264.7854,-140.3134,-204.8624,70.6474,211.8333,-325.4561
-24.5885,365.2113,-28.3142,358.1723,-110.3885,254.9978,-255.7262,-28.1336,-590.7255,-292.2679,-150.1718,120.8776,-71.5453,-71.6564,-54.2896,-109.6770,54.9745,287.3042,-223.4461
-2.8964,413.0923,-76.2757,352.4998,4.1651,289.4125,-99.2726,50.6259,-574.2980,-237.9581,-168.3744,155.4201,33.4477,44.1972,61.3053,-96.6820,31.6995,269.0510,-167.6581
-22.5084,455.6295,-115.1556,281.8378,100.7587,254.3375,-11.2002,49.6063,-579.0222,-220.9926,-117.9737,133.0282,141.4367,63.7871,60.5584,-95.4778,-55.9741,213.8940,-150.5695
-93.2894,445.0475,-142.0905,226.5382,179.7705,247.2275,16.8714,90.7628,-470.0724,-199.9406,-48.7526,132.0824,208.1823,47.6599,19.1130,-70.1108,-134.2408,205.5228,-122.7932
-87.9531,422.3754,-136.6599,217.0104,228.1396,239.8073,45.6281,169.4851,-418.9050,-196.1817,-25.9138,176.8722,193.1640,52.9921,56.4874,-87.5561,-129.1071,219.1547,-115.2511
34.2842,426.7401,-113.8161,246.8953,210.0960,209.9753,26.0729,210.9349,-397.3770,-197.0087,-43.9944,209.2856,111.9599,84.6840,107.3359,-121.1854,-89.4352,210.1784,-129.1620
129.8585,445.1479,-80.6421,303.4509,144.5293,201.9416,-27.9011,234.9132,-90.5447,-144.1163,-30.1601,198.1392,69.5342,97.8067,118.7904,-96.7229,-39.1295,166.0564,-111.0824
128.6456,441.7000,-34.2454,322.2219,73.3168,168.4545,-82.9138,214.7970,136.3777,-105.8547,15.2787,153.9434,66.5629,109.3385,115.4908,-33.3958,30.5063,82.7123,-120.2446
103.2065,380.6064,-30.0142,258.5286,-34.3023,52.0575,-226.0959,81.8890,-270.1831,-174.9529,-8.2961,107.9257,-32.9456,173.9929,69.2307,12.5909,48.8973,23.2643,-220.7672
65.9680,279.9727,-93.7387,172.8433,-186.3512,-58.8292,-406.9191,-57.1527,-726.8224,-274.4599,-113.1899,83.6872,-210.0187,224.0526,2.2824,4.4528,-3.7863,71.3838,-291.4029
-7.8486,221.1714,-154.9818,132.7548,-290.4341,-72.6433,-439.8899,-61.3825,-584.4879,-321.8762,-185.3951,60.5845,-301.9089,184.6608,-2.8629,-41.2870,-50.7087,169.9766,-245.8923
-68.3743,224.5273,-198.5612,109.7720,-313.1028,-23.9925,-407.0587,-0.0709,-471.9866,-354.5692,-191.8866,16.7969,-314.7066,141.5288,-1.8617,-36.7807,-113.0235,199.8362,-190.3597
-99.9647,214.7906,-279.8625,48.6235,-328.4651,23.5421,-483.5009,33.9359,-816.9828,-346.4084,-213.0757,-32.0911,-358.5656,143.7171,-77.4141,18.0434,-244.3267,181.6059,-166.1053
-141.9870,180.2153,-356.2167,-21.5234,-345.0812,49.1987,-539.4564,90.4358,-897.3517,-227.9519,-262.4651,-71.6909,-405.7895,106.8326,-147.2934,5.8794,-347.1074,199.5266,-107.7090
-172.3678,197.2258,-359.6031,-20.6299,-308.3015,61.3776,-460.0349,163.9309,-507.3559,-98.2483,-280.8761,-92.6869,-398.7147,41.0667,-139.1945,-57.6555,-347.4746,227.9668,-77.8903
-174.9185,247.5992,-350.3331,33.9507,-250.3771,69.2410,-414.7587,153.5558,-335.5579,-84.6312,-269.8833,-94.7958,-373.8208,29.8773,-107.4628,-54.6341,-326.3262,201.6300,-150.3001
-193.7859,224.5904,-382.4904,33.6108,-239.2690,48.3583,-474.1549,83.1756,-441.4524,-108.4922,-274.8344,-125.5491,-354.4593,45.9719,-93.2403,-21.2062,-324.0670,144.1317,-211.6640
-214.4830,144.6387,-401.6678,-19.1662,-262.6368,-4.3790,-503.1797,73.3298,-386.8350,-57.8799,-298.3730,-201.3757,-343.5105,66.9077,-102.0396,-22.8365,-306.3254,119.1148,-187.0570
-206.4047,126.0891,-387.0927,-12.2205,-287.8714,-26.5902,-489.4148,118.3949,-287.9539,-6.6605,-319.0256,-236.4061,-378.7477,131.9354,-138.5289,6.4328,-296.0357,137.5024,-190.1375
-221.7014,173.2048,-372.7369,46.8403,-324.3586,-17.3093,-517.3937,100.1180,-360.0572,-76.5515,-329.3142,-186.3135,-448.9111,182.8613,-175.2094,51.8510,-295.6706,150.6284,-282.3654
-246.4375,202.0481,-333.8308,67.4595,-372.5565,-66.8465,-574.3022,-25.6805,-443.9662,-244.4351,-318.0955,-126.7120,-496.9177,149.4037,-219.8886,-0.6335,-244.7221,98.0770,-381.5403
-185.7376,212.8449,-248.1629,79.5919,-421.0614,-177.1282,-638.2424,-181.3674,-497.0565,-389.8146,-279.4533,-100.9182,-535.8986,100.8961,-311.6409,-115.8153,-169.6379,-15.2591,-449.3036
-101.6260,232.4591,-184.6705,124.9120,-495.0337,-257.3245,-729.7420,-286.7659,-585.1046,-448.0114,-255.5192,-76.6196,-600.2495,108.9298,-390.9815,-186.4371,-161.5401,-110.9566,-524.2034
-137.7614,199.9604,-208.4324,113.4614,-607.0126,-288.8938,-813.9096,-348.8631,-604.2917,-459.2814,-301.8894,-57.9849,-645.6721,155.4095,-391.0124,-215.4850,-227.7904,-160.6443,-601.9185
-254.7923,85.7050,-299.7739,5.3758,-686.7489,-297.5861,-823.5001,-392.2834,-547.4380,-463.6650,-390.1568,-69.7148,-624.0739,198.7009,-360.1882,-210.3837,-318.4371,-207.5250,-635.2045
-346.0445,-13.1241,-396.8170,-81.1446,-660.3798,-256.3871,-746.1266,-373.2405,-500.6969,-416.7656,-426.2513,-95.4330,-567.3796,185.6948,-310.1815,-140.0292,-382.2949,-205.1449,-610.6016
-425.5480,-27.4961,-442.0822,-47.1399,-562.3094,-147.4447,-634.1451,-267.2856,-412.8082,-295.6713,-394.7119,-128.5294,-530.3391,123.3748,-200.2489,-39.9093,-364.4445,-68.1482,-561.2080
-505.1039,-18.1258,-419.3224,74.0976,-465.8178,-16.4497,-546.7007,-161.8376,-314.1927,-191.6607,-376.8868,-180.1471,-512.9474,103.9116,-109.8278,29.8679,-277.4019,90.2960,-518.8953
-536.8255,-35.5331,-370.1470,171.3015,-368.3640,66.5446,-474.0566,-138.9063,-321.2617,-187.5094,-400.6451,-217.6033,-475.8378,119.6606,-113.9407,46.2319,-202.1084,119.8497,-480.7534
-529.1128,-34.4744,-336.4529,165.3607,-263.5746,58.6471,-394.8532,-164.8059,-356.5700,-257.6817,-410.6795,-196.7763,-421.0089,86.9616,-139.1380,9.5853,-165.2366,115.0437,-441.2975
-515.7349,11.0499,-320.1253,117.0661,-216.8517,-2.0338,-374.1616,-180.1842,-361.0833,-340.1359,-394.8223,-133.2322,-401.9530,61.7581,-157.3923,-20.3277,-144.4511,95.5296,-420.4785
-490.7429,55.2601,-317.0987,141.1289,-244.3846,-29.6413,-431.1157,-169.9451,-430.0732,-375.4082,-390.8575,-68.5695,-426.3506,114.9506,-224.0551,14.8966,-149.1585,-210.8653,-428.0225
-465.5612,80.8793,-322.6880,214.0169,-262.5392,-9.1989,-447.7841,-115.8079,-500.7520,-313.9102,-389.4040,-5.6338,-442.7112,175.0543,-292.3907,60.0570,-175.1239,-755.8496,-449.3985
-455.0871,114.4215,-312.9805,250.0859,-247.4505,10.1309,-389.4910,-17.1869,-466.5042,-200.0501,-363.3217,56.6885,-446.6986,195.2953,-309.1227,60.0870,-187.8775,-998.5275,-466.6117
-439.0198,139.1467,-289.6928,259.3222,-273.6143,9.0676,-368.4596,71.8118,-444.3024,-133.6823,-340.9796,71.3456,-478.4307,180.2803,-339.5581,56.3721,-200.7383,-795.6135,-446.7402
-426.6449,126.4715,-295.3792,250.0086,-356.0226,-7.9076,-399.2379,131.6488,-477.2292,-106.8161,-339.8769,18.6530,-521.4931,109.9727,-388.9921,60.6645,-245.0938,-614.5232,-367.9772
-445.3511,104.9959,-325.8332,183.8470,-423.1142,-42.7384,-393.5758,199.6108,-449.9597,-57.9449,-307.9689,-37.0149,-521.1646,53.9816,-374.6370,44.9154,-299.4354,-650.0483,-289.9631
-471.2355,85.3760,-311.5262,105.7302,-445.7466,-98.9908,-371.9402,241.7776,-415.8792,-34.6675,-224.8983,-70.4003,-471.6492,52.0930,-322.6969,25.8791,-336.9892,-663.1473,-300.6647
-471.5019,44.5178,-239.6380,86.7434,-459.7044,-174.5099,-411.7689,178.7558,-450.1679,-89.6511,-160.7626,-126.0487,-412.6395,-25.0979,-314.1346,-5.2472,-356.4120,-595.1569,-380.4061
-423.7023,49.1857,-192.7046,101.5697,-471.6186,-199.5442,-474.7433,74.7613,-431.5550,-135.8585,-153.7753,-154.8738,-370.5250,-123.8388,-324.1222,-59.7624,-349.0834,-524.3917,-410.6450
-300.4219,178.3756,-212.8817,110.7903,-426.1467,-77.3372,-444.1631,90.9461,-336.5807,-87.5697,-148.8137,-70.9715,-327.2800,-25.0151,-302.6054,-49.1834,-327.6174,-390.0722,-313.7502
-157.4839,330.3025,-233.2757,102.1515,-286.2410,117.9360,-274.9861,235.3608,-282.1023,8.9941,-121.5552,53.3298,-255.2510,133.5828,-264.1084,53.5732,-331.0249,-229.1824,-140.0796
-92.2534,366.8214,-194.1234,60.1526,-110.2584,226.8608,-69.7373,366.1971,-245.9122,91.4137,-114.3179,133.5835,-175.3220,151.8262,-223.8519,128.3517,-344.9738,-141.5782,-12.6006
-55.4327,331.0223,-125.3719,41.5606,15.4189,294.8260,37.5861,427.2874,-176.4602,162.1175,-111.3287,197.1063,-113.5536,234.8480,-164.8634,149.3969,-317.5573,-13.9807,31.5518
34.8208,278.8864,-82.6758,96.3252,88.4805,409.5544,81.4323,477.1530,-116.4354,212.2581,-67.5092,148.6621,-41.2343,372.9307,-71.3588,195.0124,-256.1400,176.1412,89.0951
77.0195,146.8104,-89.5404,105.8872,131.7965,430.8238,175.0528,515.6509,-33.4809,205.7213,-49.1256,-120.0416,34.7780,212.5100,43.9433,217.3292,-193.2941,189.4966,209.3002
-0.2203,-24.1088,-138.0435,4.2889,100.8396,288.4017,258.2589,481.1215,94.3523,153.4597,-128.3605,-325.2433,32.6067,-11.4755,131.5396,154.2071,-113.9042,29.8396,287.6800
-46.6508,-61.3223,-182.4990,-29.8528,-16.0544,184.5489,205.2291,401.5641,148.0855,115.8112,-217.4088,-142.9403,-52.0509,182.2765,150.2120,102.0613,-20.4900,-8.3992,250.8282
21.1986,45.0457,-170.5375,89.3016,-119.0066,201.6569,80.7337,373.3074,109.0120,116.2479,-213.4148,177.5908,-120.3094,424.5054,120.3501,115.8268,33.9107,115.4592,189.6573
79.3555,132.2955,-109.2555,182.0679,-138.5750,183.3912,24.6227,394.0146,102.6920,99.9208,-163.6519,216.2804,-139.9445,230.7741,94.6684,107.2230,47.7076,218.6294,192.0591
76.2647,126.0586,-45.2252,162.9293,-135.3054,90.7422,22.2443,362.9392,130.2595,22.0857,-137.3658,43.5246,-163.6267,-3.0291,91.2631,54.0755,72.7030,290.6259,193.7909
87.5774,77.6820,3.0196,143.2009,-187.9958,12.8772,-38.2301,247.2398,98.5901,-62.0126,-122.8288,-54.5678,-214.5763,83.1391,71.1530,35.2242,94.6931,409.7648,97.8974
102.2754,40.3737,27.1604,141.0135,-285.9296,-48.4596,-191.1225,127.1990,5.8376,-80.1775,-124.3025,-42.0924,-283.9553,171.9582,-8.2968,59.6725,56.2146,542.0797,-59.0250
54.8885,28.9435,-6.1044,69.6310,-359.3708,-86.8117,-336.4565,80.3819,-85.3104,-54.2760,-178.5408,-12.5513,-352.6778,121.4643,-109.6418,60.6972,-29.1430,610.1716,-142.3003
-40.0165,7.9795,-109.9124,-72.5833,-363.0867,-35.9947,-350.5992,115.6354,-99.6258,-29.0168,-275.5567,-17.9108,-379.2210,141.2209,-156.2549,24.2521,-107.9648,577.5286,-91.5878
-150.0359,-69.7698,-234.6942,-214.2449,-310.7302,90.1752,-254.6802,202.2781,-16.7467,7.3193,-373.4335,-74.1098,-347.9628,185.5745,-148.8672,12.8333,-155.8891,511.3591,11.7367
-266.3907,-167.4580,-304.3123,-279.9610,-225.2806,238.0984,-158.3525,293.5289,50.6790,52.2098,-436.2726,-106.7648,-279.2223,157.4629,-122.8115,54.1266,-153.8926,545.7183,67.8334
-360.9661,-210.7756,-297.4214,-242.6818,-112.8809,388.5148,-78.6006,346.3820,21.3554,64.0637,-445.9021,-40.8950,-186.8583,190.7588,-79.7816,82.1551,-116.6864,645.2905,63.8208
-426.2412,-213.7700,-282.4197,-201.7430,-22.2378,474.1039,-11.2484,350.7762,-27.5589,27.3481,-436.4921,35.5157,-115.3808,278.4492,-69.7326,64.8204,-120.4326,634.3451,22.2688
-482.6906,-225.6004,-319.4416,-259.5838,-18.3898,438.3379,-27.3459,318.1070,-47.9348,-57.0297,-453.6959,18.3259,-120.7919,271.3650,-141.5174,67.4795,-175.1844,527.8587,-47.1251
-514.9150,-224.5710,-356.4367,-335.5564,-73.2728,350.2908,-108.8122,262.9283,-78.1797,-172.4097,-475.9608,-40.3671,-159.5161,203.0254,-194.2344,87.5455,-190.7498,471.0963,-116.4488
-521.3297,-189.0428,-331.1194,-319.8629,-121.4087,279.4860,-140.2514,210.7100,-107.3220,-244.2227,-476.6149,-65.6023,-165.6891,155.6803,-147.4715,44.4795,-157.6048,433.1129,-166.0737
-559.4164,-178.3866,-306.3577,-281.5710,-183.7755,198.7409,-141.2245,162.5155,-137.6028,-248.9673,-491.1655,-64.3492,-193.2153,113.4920,-130.5172,-16.3917,-165.2661,317.0040,-237.3022
-626.2079,-234.2295,-358.2887,-318.4639,-300.0399,83.5887,-220.6011,66.4696,-217.9822,-294.5895,-533.1238,-49.8829,-293.6692,69.8589,-238.9935,-3.9890,-223.8600,160.6688,-366.4864
-633.0984,-290.1341,-441.5061,-388.2158,-441.8921,-58.0088,-363.7016,-89.4146,-314.4277,-411.2859,-564.9354,-19.0519,-398.6856,4.8290,-360.6483,6.9213,-283.2826,12.9568,-506.3218
-576.7734,-282.3107,-498.3757,-416.4586,-576.6765,-216.6358,-488.1192,-216.4013,-391.6021,-454.0970,-585.1224,27.8258,-456.5659,-82.6516,-404.7772,-66.8888,-354.7989,-127.1306,-591.3213
-556.8592,-259.3105,-546.8484,-396.8120,-684.3447,-352.0646,-561.9539,-257.5276,-492.2260,-381.3397,-613.2426,83.5393,-494.1438,-101.9414,-409.1263,-148.4817,-439.8154,-223.3332,-635.1790
-586.9988,-272.8165,-578.2347,-355.0312,-718.9077,-433.5720,-585.7865,-285.2457,-566.3180,-355.4833,-623.4548,101.2068,-519.2188,-75.5207,-423.8559,-178.7367,-487.3338,-265.1305,-694.3140
-575.7372,-286.8069,-545.9216,-333.7514,-667.0239,-481.5774,-587.6611,-365.0098,-534.7585,-445.4214,-589.0405,45.6491,-525.0107,-132.7470,-499.9859,-194.4445,-505.0521,-300.1161,-755.8314
-510.5724,-305.5120,-476.4090,-370.1468,-568.7681,-477.9883,-576.3109,-424.4024,-486.8910,-510.0668,-526.9943,-17.4204,-516.8201,-201.0423,-632.0498,-191.2038,-546.3116,-313.0921,-734.6555
-490.5415,-395.7764,-440.7020,-435.8361,-449.5944,-360.4083,-499.5211,-356.6294,-482.6618,-438.8886,-473.2081,-21.6161,-473.2891,-160.9444,-679.1837,-146.6750,-606.8954,-244.9090,-604.3745
-560.1020,-500.7356,-452.0873,-464.1187,-333.8604,-154.2513,-377.1947,-183.0839,-434.4443,-291.7781,-466.3886,-13.9015,-404.0121,-124.1322,-572.3730,-91.8652,-652.3344,-116.5089,-450.8446
-650.9257,-494.7507,-484.1873,-436.3632,-261.8985,27.7991,-313.1429,-27.9018,-364.1169,-183.6217,-518.4120,-37.6089,-386.7032,-139.6184,-447.7312,-45.3732,-660.1962,-0.9021,-351.2982
-703.2844,-427.8040,-515.0729,-381.7883,-225.4853,118.6266,-295.7574,40.3910,-351.3843,-140.7217,-586.0463,-38.7600,-441.8524,-74.1943,-405.8129,-10.9329,-607.9095,71.2484,-291.2021
-727.9636,-425.2679,-516.7946,-313.4462,-199.8225,144.5111,-252.8562,61.0657,-310.0342,-97.2557,-625.1933,18.9980,-501.2890,14.8517,-408.6327,-3.0665,-514.7283,123.5945,-244.7432
-744.0971,-449.3987,-476.0804,-217.2896,-213.3235,155.6441,-234.8497,72.5100,-223.5950,-35.4237,-635.0067,83.1964,-526.8550,-40.9487,-430.0175,2.6181,-444.0172,175.0602,-242.3335
-753.1973,-419.5321,-421.8844,-102.6684,-273.1177,137.5216,-275.7820,52.9860,-251.3475,-35.3547,-621.4547,100.9767,-522.2614,-146.1021,-436.1955,10.4901,-424.0167,173.6090,-311.2485
-762.4329,-391.4776,-395.5293,-23.5535,-339.7917,36.4166,-293.1667,1.8591,-353.8253,-97.1443,-596.4410,83.4961,-490.8427,-146.3050,-367.3018,-40.0136,-448.0032,62.0380,-406.7377
-767.6187,-446.9461,-416.1290,-19.5374,-419.0170,-111.3146,-278.1139,-32.0338,-323.7591,-97.0723,-595.1614,65.4033,-465.3744,-122.6437,-286.6079,-113.4198,-495.8052,-87.3373,-445.1198
-751.7108,-561.3168,-461.7680,-60.5801,-508.9614,-206.2056,-297.8158,-40.9576,-222.2120,-38.3749,-612.9407,55.7315,-474.0984,-174.4739,-295.5448,-85.6083,-505.4102,-160.3478,-418.5260
-730.6458,-627.9377,-473.5830,-92.8401,-533.4012,-266.2005,-343.9996,-82.6444,-279.5975,-79.0706,-594.8858,53.8920,-492.6886,-248.6767,-338.9154,2.0094,-456.3234,-190.9459,-435.7082
-734.6602,-565.5370,-430.9500,-108.4874,-492.5848,-393.3368,-406.5177,-194.4574,-475.7954,-222.2868,-541.9979,72.4850,-514.3995,-278.3547,-340.0840,-12.4283,-436.2750,-278.2725,-562.6190
-749.0874,-450.2882,-399.0136,-119.4632,-497.8532,-561.5769,-495.3553,-332.3029,-577.2425,-293.5800,-523.3864,94.9417,-557.1573,-256.3998,-336.9562,-124.5125,-476.0670,-392.0757,-687.1504
-755.2728,-447.7026,-429.2784,-105.7804,-556.6586,-626.0784,-526.5998,-395.4724,-467.7935,-244.4546,-555.7958,68.2839,-578.8192,-223.0044,-347.6545,-193.4541,-479.1454,-427.7609,-679.5718
-784.0674,-567.8951,-473.0201,-58.5889,-563.6351,-525.7368,-455.8118,-328.5138,-278.8101,-166.7524,-574.0372,-4.2117,-540.0071,-233.0596,-347.0134,-167.2092,-423.9610,-376.0406,-580.2936
-840.3640,-695.1982,-471.4568,-34.4999,-514.3985,-348.5125,-398.6691,-199.8657,-210.1102,-78.0595,-538.0726,-52.3872,-501.6104,-250.0967,-360.4170,-102.2229,-404.6557,-326.8651,-486.3257
-854.5854,-792.9987,-451.5566,-85.4340,-488.9773,-202.2739,-409.2278,-107.3298,-257.0803,30.2949,-486.1859,-56.8842,-517.0524,-185.9357,-391.3083,-67.5982,-441.6106,-341.8865,-408.0349
-803.6633,-841.7925,-461.0283,-167.6543,-481.7548,-86.5597,-395.6947,-46.7674,-250.7454,77.4301,-463.4625,-67.7157,-530.8182,-85.0925,-389.3206,-89.0351,-476.5153,-382.0455,-351.4509
-783.2408,-792.3925,-486.5653,-203.5172,-437.7424,43.9538,-331.2722,10.4459,-147.7125,44.3549,-465.4016,-106.0241,-490.7630,-73.6764,-356.3716,-125.5980,-496.7074,-384.5078,-359.8360
-852.8035,-725.1880,-488.8143,-191.9786,-378.9848,125.4125,-281.0835,12.6423,-39.7778,47.1942,-473.0300,-146.0031,-448.6165,-152.7473,-329.3734,-126.8041,-511.0164,-363.6658,-414.8033
-909.4915,-743.4534,-458.6850,-180.3648,-375.4081,66.2938,-284.2537,-68.7432,22.5816,105.6587,-478.4934,-170.7813,-475.9433,-223.1047,-322.1208,-104.2644,-511.3119,-361.4836,-459.3180
-840.7309,-768.2696,-411.4591,-180.4337,-437.7320,-58.2634,-360.1864,-161.8563,1.8803,76.8631,-465.8616,-185.8415,-557.4775,-239.4835,-358.8346,-95.0131,-503.4216,-361.4441,-491.9290
-712.6733,-736.8169,-365.7783,-170.0161,-494.3853,-121.7461,-477.6272,-203.5004,-120.5944,-68.9586,-436.3904,-191.4677,-618.5068,-220.7716,-426.3860,-104.4446,-475.5696,-333.8235,-516.9533
-669.8981,-722.8234,-335.1391,-122.6720,-475.6795,-146.6601,-533.8266,-203.8704,-247.6123,-176.7436,-425.3574,-161.9024,-620.0641,-184.4132,-451.5634,-111.0645,-389.4605,-289.8085,-508.9333
-714.8292,-702.1553,-310.5539,-25.1222,-393.5120,-180.4291,-513.3978,-204.3388,-315.8074,-193.4252,-427.2707,-78.3051,-575.6885,-138.4853,-440.4917,-93.2857,-261.1897,-252.2094,-502.3202
-726.1530,-612.8395,-268.9269,79.1985,-306.3765,-183.3827,-514.4373,-252.2036,-391.7485,-238.8778,-393.5995,13.5371,-502.8154,-106.1536,-461.2083,-76.2062,-169.5680,-241.0161,-568.5738
-660.7296,-577.0595,-225.3931,99.3011,-247.3015,-178.5720,-550.0966,-348.9255,-460.5328,-334.5168,-340.6419,41.0318,-427.1017,-116.6255,-474.1555,-122.5529,-180.5413,-269.3817,-668.9004
-608.4389,-661.9798,-226.6713,0.0473,-223.1635,-239.0317,-533.7998,-410.6528,-436.0195,-351.3937,-317.4093,-7.4481,-394.5534,-159.2098,-420.9072,-212.7064,-299.0275,-315.1281,-677.8655
-646.3756,-716.6091,-268.7369,-145.6791,-228.8293,-294.1640,-448.3981,-364.9324,-375.4966,-254.1567,-301.7375,-93.8173,-412.7865,-182.4261,-380.0528,-228.8328,-448.4784,-335.3387,-562.3560
-736.8104,-699.4967,-305.6898,-230.4190,-247.2795,-214.3385,-366.3859,-230.2648,-351.2218,-137.2321,-284.2539,-175.5965,-440.5439,-160.7453,-414.8344,-125.5959,-525.0079,-307.1376,-414.6484
-797.0846,-744.1054,-344.1135,-223.8141,-269.9495,-32.2104,-339.6783,-66.6907,-303.6303,-49.0901,-324.4412,-212.7596,-458.2115,-122.1103,-442.7479,2.5406,-518.3329,-244.7736,-311.1657
-806.2402,-850.1358,-408.3120,-210.9843,-278.7487,108.1776,-323.0102,47.2336,-216.2699,9.8087,-399.5567,-210.6517,-462.9007,-100.4607,-391.9136,52.3632,-495.1472,-199.5210,-233.5249
-802.7230,-909.5917,-444.2153,-274.2248,-228.0925,135.8209,-219.4467,41.5417,-136.1969,4.8702,-404.3604,-226.6186,-427.5428,-96.6918,-303.7535,13.0783,-470.8616,-194.1570,-146.0915
-819.8997,-920.2827,-405.4407,-351.6504,-138.9744,101.7245,-57.9645,-39.0577,-61.9847,-63.5078,-346.7714,-275.8685,-358.1386,-93.9692,-245.4885,-51.3740,-425.2288,-169.1012,-85.7266
-854.3163,-923.7416,-356.6122,-342.3954,-121.8373,95.8429,-6.2559,-80.1790,-46.3988,-118.5314,-311.9045,-312.4315,-318.7627,-96.5886,-241.2501,-75.5579,-388.3282,-91.4875,-108.1205
-866.1229,-914.6107,-352.4684,-293.9518,-193.0652,128.3670,-96.2460,-69.6563,-130.4024,-111.0541,-291.3015,-305.2232,-337.2271,-118.3338,-261.9156,-58.3849,-395.0094,-24.6428,-172.4897
-818.9935,-880.6599,-346.1035,-290.4378,-225.7948,131.5785,-166.1607,-56.9178,-166.5404,-68.6237,-250.5880,-252.3215,-369.5688,-124.4815,-264.7431,-37.2772,-420.2280,3.5579,-181.7719
-745.0535,-811.4564,-307.8086,-269.9394,-170.4408,91.8532,-161.1357,-32.1350,-114.9209,-41.9753,-222.9724,-176.7778,-375.9299,-72.7368,-278.0014,-25.7332,-404.8545,28.1057,-132.8613
-709.5422,-719.9931,-267.6216,-156.5632,-127.4750,59.0352,-195.3710,-9.7469,-210.0280,-66.6864,-214.8150,-121.2122,-371.3204,-17.6829,-365.2348,-35.3190,-304.3900,35.5475,-116.8002
-697.6927,-643.7809,-222.6214,-9.7505,-163.6273,33.4437,-295.6757,-63.6115,-458.3600,-134.4090,-188.9953,-78.1077,-399.5887,-40.1424,-490.4422,-84.1491,-147.5622,28.6814,-179.4780
-644.6862,-571.2231,-162.1748,96.2977,-243.1037,-14.2632,-368.3315,-188.3661,-548.9151,-196.3883,-154.6801,-24.9965,-462.1768,-111.7754,-545.4315,-144.7631,-40.2291,75.4800,-283.1212
-562.5761,-498.4496,-119.8571,151.2353,-327.8797,-69.0952,-383.0295,-313.7562,-458.9838,-245.7422,-128.6063,-30.5604,-497.2088,-171.2049,-502.8600,-188.2295,-32.6478,142.2451,-373.3115
-503.6416,-502.4423,-92.8745,139.8441,-409.4745,-110.5729,-388.0345,-423.1082,-446.5994,-324.6364,-82.0271,-122.7915,-478.1107,-221.0718,-439.7455,-238.8955,-56.2025,121.9525,-409.0091
-459.7329,-587.1227,-43.9086,72.6294,-484.7859,-126.9666,-410.8661,-495.1501,-512.9400,-407.2039,-17.0676,-175.2084,-460.8025,-251.7344,-432.9265,-282.2208,-67.3006,48.3036,-382.3346
-417.2357,-640.8281,-5.0227,12.5653,-565.4340,-87.9490,-441.7408,-467.8224,-515.7671,-411.9782,17.3850,-141.4169,-468.5192,-235.0552,-471.9035,-256.0806,-109.2800,2.2209,-332.5033
-395.4023,-630.8127,-15.6795,-32.3443,-661.5624,-1.2748,-449.8460,-359.0840,-500.7860,-357.6451,19.6514,-131.5995,-453.7888,-200.9074,-471.8750,-196.7524,-178.9249,-38.1142,-275.1591
-366.0382,-591.9272,-27.2388,-100.1795,-745.9071,78.7578,-390.1719,-251.4674,-489.3289,-331.9287,40.5145,-136.5156,-401.3046,-162.4515,-402.8653,-188.7478,-204.8010,-39.1819,-168.3089
-291.4321,-515.8194,-8.8452,-154.5464,-763.5718,142.3999,-243.2057,-158.3559,-384.3362,-309.6180,93.2908,-58.9345,-318.5906,-73.4887,-348.5657,-181.1841,-174.2595,90.1540,-13.6056
-232.9902,-463.6241,-15.6221,-142.5716,-680.1961,204.1357,-68.8558,-58.4586,-241.7493,-206.0218,125.9811,22.8381,-182.8331,36.9993,-351.0101,-88.3584,-137.4037,258.6012,113.8770
-255.7095,-523.4077,-74.6138,-103.3966,-531.4648,223.2060,19.9141,22.4215,-197.1216,-76.7244,96.0988,9.7591,-30.5464,72.4958,-321.8166,10.6186,-110.8308,298.1792,180.2501
-289.3222,-578.5067,-136.4161,-85.1676,-399.6056,162.5900,2.3890,61.8046,-204.5488,-43.5958,49.3576,-7.0503,45.6296,36.2839,-216.1059,-0.4700,-74.1883,239.8152,213.0072
-227.3065,-468.4551,-144.7844,-65.0598,-320.9251,52.3424,-3.0890,59.2756,-169.1801,-88.6543,67.0659,40.8275,54.2246,6.7079,-126.1319,-65.1175,-21.6898,196.6937,208.5458
-87.2765,-287.4157,-88.2972,-23.9870,-294.3717,-68.0350,47.7144,-9.5103,-132.4508,-129.6330,129.1019,80.2127,60.2545,-6.9344,-113.4949,-61.2382,25.8494,155.6848,134.7210
13.9492,-211.7532,-38.1373,5.3785,-365.6965,-183.0496,19.6387,-148.4121,-160.1873,-182.9793,127.3612,76.2900,21.7955,-49.0894,-134.7103,-6.5288,30.2651,64.2046,-6.1084
-1.8007,-243.1487,-96.4268,-13.7192,-550.9770,-273.2701,-142.7647,-290.6237,-240.8089,-267.8232,33.8631,50.4361,-112.8243,-115.7535,-169.2761,-5.8054,-34.0941,-61.6346,-172.6025
-84.2829,-295.2683,-229.2309,-84.6770,-732.8463,-318.8401,-285.6512,-372.0211,-323.1402,-315.2320,-55.7870,3.9408,-257.2762,-139.6402,-229.7639,-71.2873,-143.8065,-173.4532,-303.9418
-113.1983,-308.2507,-285.8589,-174.0380,-811.4850,-317.1088,-319.3269,-407.9282,-360.6876,-310.3261,-64.7955,-32.3852,-319.2362,-91.2987,-265.4511,-125.4837,-245.6031,-228.4909,-370.1688
-56.5833,-262.0642,-226.0911,-231.8246,-843.1882,-285.7353,-345.6786,-456.0803,-360.1016,-325.3542,-23.5575,-44.8072,-340.0340,-65.0962,-239.1753,-143.7477,-301.1750,-219.4682,-410.4505
2.7886,-211.2580,-140.9850,-232.8890,-885.7219,-251.3960,-420.9839,-522.5100,-368.1558,-353.8915,-0.4038,-86.3539,-388.1484,-146.9175,-233.6076,-166.9278,-297.4253,-182.1484,-433.5820
9.3600,-216.7424,-84.2566,-193.4335,-895.2310,-208.6803,-458.0339,-529.9200,-377.0386,-323.0310,-14.8338,-136.2722,-441.9772,-239.7989,-314.2737,-190.0588,-252.5153,-138.6544,-356.4593
-4.5082,-243.8052,-59.6384,-151.9621,-855.4248,-122.4354,-399.7179,-415.2239,-336.3298,-243.6017,-39.4712,-119.1904,-441.0738,-216.5114,-387.3352,-171.6936,-212.6459,-79.3095,-169.2816
7.5642,-234.0061,-67.7793,-138.9761,-792.4308,-4.9560,-297.2692,-239.8470,-251.3620,-167.6422,-44.2603,-92.7655,-377.6809,-133.8122,-349.9713,-136.1686,-201.4451,-1.2432,-8.1266
56.1098,-193.7731,-65.7215,-147.7907,-675.5388,71.5059,-218.7187,-130.5986,-167.0022,-94.0389,-13.7509,-136.2768,-297.8093,-91.6558,-263.4901,-134.3954,-198.7643,70.5930,47.2889
106.7318,-175.2485,-23.1809,-152.6346,-499.1403,54.2852,-175.7323,-135.5183,-103.2938,-36.1109,41.0759,-167.6139,-231.2462,-78.8179,-236.0065,-140.5758,-195.7961,77.2979,45.6725
98.8444,-231.8071,-6.7329,-162.2469,-363.5979,-50.3083,-145.3990,-211.5558,-69.4146,-46.2598,71.3951,-122.2065,-166.9496,-90.4150,-256.2082,-108.6770,-209.3461,-15.1419,7.5317
25.1103,-326.8032,-63.6674,-197.6745,-332.8330,-186.8958,-137.4689,-305.1031,-70.4884,-113.5304,52.5008,-96.9905,-103.7863,-144.4283,-252.4534,-68.1525,-226.5299,-131.6334,-77.9353
-49.9084,-338.6271,-117.6029,-223.5009,-346.0787,-277.0713,-175.8978,-375.9653,-86.5007,-159.8013,43.1719,-153.2487,-57.4635,-170.4697,-204.9841,-61.2578,-210.6053,-178.3260,-154.0859
-81.6693,-268.7379,-83.7949,-180.4165,-328.9548,-289.0470,-207.9415,-393.3809,-100.5249,-151.0971,89.7556,-205.5485,-19.3348,-118.0685,-142.6165,-66.6908,-154.0076,-178.9690,-171.3281
-69.5365,-241.9074,18.7627,-75.6596,-274.1707,-260.9402,-162.7732,-360.0091,-120.9580,-135.3065,132.5146,-178.7827,15.1457,-63.9735,-111.2880,-63.2409,-71.0775,-189.5284,-152.1553
-10.9868,-244.1604,104.5389,18.1298,-227.0887,-222.1497,-90.0339,-311.0371,-143.8722,-166.2438,119.3760,-112.9939,18.8780,-58.7516,-135.2428,-76.4645,12.5076,-202.3522,-115.9963
71.0846,-173.8188,117.4562,39.6123,-235.9210,-165.2946,-69.9230,-271.6403,-144.4331,-224.5958,107.6805,-86.1465,-0.8332,-53.1201,-165.9871,-104.6794,46.5528,-220.8157,-69.6547
119.0921,-82.2243,96.5997,-11.0621,-269.6484,-98.8010,-62.6859,-236.4665,-135.1430,-254.7726,143.1291,-103.9329,6.0182,-28.3390,-146.2216,-99.5547,12.7391,-258.4797,-39.2209
110.3166,-63.9012,96.2772,-86.6579,-253.5407,-36.6707,-25.8703,-194.6011,-168.5802,-261.6905,162.8274,-106.7547,39.9297,-12.4133,-114.5997,-59.9301,-36.6601,-276.4929,-18.8862
59.8502,-110.4830,57.2233,-144.9438,-218.2421,34.8201,-24.8773,-147.8279,-234.8826,-270.1980,109.4231,-76.7189,52.3958,10.5826,-129.1116,-37.5694,-70.6282,-253.9865,17.7932
-14.3479,-209.1954,-71.8077,-170.1910,-241.8759,114.3442,-70.9837,-94.7610,-244.3219,-234.5233,34.9700,-50.1661,28.3093,72.2926,-160.8323,-35.9973,-113.7443,-210.2482,47.9466
-63.5706,-303.3620,-165.8254,-156.6111,-266.2261,161.9870,-60.5170,-35.0282,-176.7811,-138.4836,22.9895,-30.2227,-13.6084,139.5059,-180.9676,-21.0103,-145.2728,-141.1395,52.2201
-45.4895,-261.3750,-123.6034,-118.3422,-197.7752,149.5480,12.8605,2.9941,-123.1820,-82.0753,60.5209,-4.2269,-57.7914,133.8193,-217.8874,-12.3627,-118.5083,-77.4494,60.6020
-10.4493,-126.5385,-69.9274,-89.8226,-95.8477,96.4247,19.1668,-0.0879,-127.2872,-110.0621,55.8943,6.1930,-87.2822,39.0443,-251.0058,-42.0853,-76.7462,-78.8082,70.7158
-17.7533,-74.5838,-116.7494,-69.3347,-47.6189,53.1790,-66.0968,0.5716,-150.1065,-119.1317,-4.8340,0.6881,-89.2861,-51.5130,-222.6362,-72.7108,-83.7007,-91.7566,50.2672
-18.3590,-69.2595,-168.4606,-26.3400,-21.3702,43.8657,-117.5020,44.2322,-180.8374,-52.7052,-24.6673,-11.2791,-65.2060,-65.6137,-165.5538,-61.4736,-107.0857,-47.8358,30.6984
38.3824,-6.4111,-135.5637,17.3067,19.0412,25.3917,-92.6934,84.3912,-201.2865,11.5926,27.0457,-68.8132,-19.5179,-55.1507,-140.2369,-26.9763,-98.7287,-32.0647,61.4596
86.2993,3.6933,-70.5909,22.2704,47.9999,-39.1368,-77.0802,77.6636,-141.6644,21.2317,62.0909,-149.8171,23.5811,-55.7219,-115.5293,5.9543,-70.8251,-96.8057,109.1095
55.9652,-76.2238,-30.3878,24.7440,49.4273,-99.6241,-91.6329,62.0997,-26.2048,12.9552,45.6300,-131.2749,12.7833,-6.3926,-65.0943,28.6668,-38.0944,-137.5724,102.5123
2.1641,-64.0667,-20.6787,67.5981,-0.3959,-104.8653,-88.3339,57.8853,15.6112,16.9748,29.3345,-6.8185,-64.0769,68.8615,-45.8324,14.8825,-7.2620,-131.1179,31.8501
22.8842,45.0221,-24.3622,108.4846,-116.6395,-88.7126,-97.3952,25.3070,-42.1024,16.2778,27.5048,65.2692,-140.7130,45.0481,-71.2752,-35.7455,4.5126,-169.8006,-41.0400
112.1919,66.5715,19.7066,109.5932,-203.6531,-77.2464,-143.9217,-12.4378,-89.6336,1.1464,39.3720,16.4131,-143.1346,-54.2606,-65.9713,-63.1683,8.8490,-235.6996,-45.1165
165.1332,15.3735,122.9028,102.1186,-171.3807,-37.9593,-127.7052,36.6227,-33.4859,20.4439,80.6019,-56.3884,-74.4465,-72.4715,-0.9081,-29.3636,8.3648,-266.7598,26.0473
127.5071,3.7415,150.2012,81.3969,-120.0190,16.1371,-20.8868,172.1775,125.3974,120.0435,85.8396,-79.7829,-10.8252,-1.0111,63.4856,30.9459,-46.5256,-312.4601,110.4398
72.8224,-23.3027,12.8843,-9.0172,-163.7836,25.9605,16.4550,283.0144,275.8934,225.7622,-6.0419,-85.6324,-9.8908,21.9604,81.4491,78.6984,-141.6389,-382.5222,160.1065
75.4245,-95.4504,-146.1649,-139.5361,-200.1497,6.8290,-69.5242,313.6678,299.4277,232.4831,-84.4021,-119.2704,-35.2305,-39.0834,71.8845,118.2270,-180.2388,-368.6261,185.7773
89.2427,-107.6279,-158.6844,-197.6021,-89.6920,23.4044,-105.7786,324.9779,251.3975,198.2963,-48.2407,-157.8489,-17.3097,-78.1516,65.5681,158.1176,-162.8710,-238.8515,211.0946
44.3722,-52.4597,-78.3243,-147.9845,114.2778,70.4350,-19.3687,365.6813,250.1491,231.2089,-3.7365,-137.8244,36.6993,-32.2967,61.2381,182.7209,-173.0994,-90.3632,227.9760
-29.5043,-24.4299,-46.0435,-60.1021,287.4092,92.0963,55.7889,391.0786,253.8291,275.4520,-40.4308,-70.6867,72.6505,23.5761,56.2574,185.9461,-190.5073,4.0742,212.9498
-66.2667,-29.4284,-59.5271,3.2566,399.0052,75.4109,68.7394,363.6972,228.3770,254.5549,-68.5382,-49.9822,81.6978,-3.9102,85.1841,188.1526,-152.7543,50.9132,190.2960
-64.4366,-21.2685,-48.3449,16.8886,460.7396,53.6226,111.2270,346.0446,285.1550,238.2170,-41.9163,-89.8628,82.5555,-74.0130,160.0907,183.4010,-113.4023,75.1981,237.7348
-67.3765,5.8735,-49.5258,-30.2556,466.9785,47.7739,198.0386,398.0897,400.8593,274.6710,-46.4775,-104.0624,77.6820,-80.6188,210.9319,133.4183,-142.4094,82.5489,353.8764
-90.8518,42.2222,-121.2440,-99.5819,427.2879,31.9417,253.9791,448.1296,402.2621,294.0501,-104.9999,-81.6922,70.2952,-41.3697,189.8338,61.2977,-198.1404,69.6129,396.9064
-91.7306,54.9896,-186.2319,-120.0650,364.4949,-39.1531,249.6577,377.3750,315.8631,247.6101,-148.6016,-97.5889,53.3067,-60.6521,163.1792,39.1734,-205.5030,44.1309,280.3028
-23.6796,12.9369,-154.3594,-92.1401,281.8818,-152.9560,201.2268,194.4749,286.7666,150.8746,-149.6490,-153.1611,7.3599,-138.0593,191.3251,49.5236,-148.6711,5.1877,115.2133
69.9629,-32.7841,-94.1822,-75.6158,177.9324,-219.7170,135.5420,41.1163,290.2002,65.1219,-128.2353,-174.4536,-31.3295,-182.3971,227.3530,23.4833,-74.7568,-59.4143,37.7786
97.2522,-19.6110,-108.1698,-76.5962,71.8455,-170.1100,91.2197,37.0055,276.7669,89.1871,-110.7661,-132.9940,-1.4951,-162.4276,210.7743,-9.5254,-55.4419,-120.4917,44.7356
56.9512,17.8513,-173.0273,-72.1184,-7.6549,-39.9567,77.5550,153.6295,293.3342,195.1263,-120.8168,-72.0085,60.0248,-110.7152,148.2884,-0.6566,-102.3684,-140.2039,77.5313
15.4926,31.6126,-230.1250,-91.6235,-33.9313,76.7042,81.0441,262.7794,316.3852,215.9939,-135.0302,-45.8482,79.0267,-50.8951,98.0908,13.0704,-152.6312,-144.8801,117.0740
-14.2963,46.2612,-261.4641,-138.5714,30.2546,131.1001,124.6190,312.9765,300.5605,161.6123,-101.0383,-53.9259,101.9496,0.8079,136.4171,37.1807,-167.0435,-142.4556,169.8127
-32.1058,82.8141,-225.3111,-135.5446,206.2197,149.2307,211.8906,367.2355,284.5227,199.4762,-29.5139,-50.8257,203.9416,30.3125,247.2456,124.3918,-147.1583,-75.2079,242.0076
-2.0646,104.6896,-109.4949,-57.1076,423.2876,171.7178,255.8574,438.8997,253.9576,276.1905,21.8963,-39.2985,304.0663,49.2053,280.7195,197.7801,-87.7850,44.0591,301.8485
38.9641,83.4924,-11.9735,30.1949,550.3859,201.7193,197.7457,459.7351,189.9669,240.4386,33.0498,-51.7907,277.6007,82.9347,189.5359,169.5176,-17.6776,144.3153,296.8054
17.7285,65.8585,3.8958,107.3151,557.9346,229.2730,122.5532,435.9334,191.4392,199.3083,19.0714,-35.4882,178.3727,136.0412,137.8518,141.5667,19.6131,239.6813,254.5751
16.1855,128.4632,17.2458,200.9509,537.1293,253.3942,120.5795,423.8996,233.6151,257.9704,9.8348,63.6134,156.7540,178.5859,185.8760,189.7328,72.0610,327.1050,241.2269
159.8876,245.4331,87.2682,267.9637,526.2281,244.6460,126.6853,383.3463,136.3606,245.2754,45.8213,151.1798,219.5210,170.7602,168.6914,193.7768,195.1419,303.7565,221.0175
345.4326,294.7064,143.8924,266.6116,472.7813,169.6758,47.4636,268.7060,-50.4168,84.0156,114.7567,131.8810,240.9073,117.7903,43.4994,102.5348,305.9856,182.0545,142.1212
380.8630,257.5348,123.3748,253.8555,369.1573,80.1906,-46.3273,147.7980,-120.1013,-37.5956,147.0580,85.9474,175.8875,78.1511,-20.1107,31.7742,311.4068,97.9432,61.3007
293.4728,233.4129,65.0711,261.5742,254.1355,46.6026,-44.8597,59.7685,-105.7870,-56.2606,133.0679,107.7996,108.1107,87.9407,31.2140,17.3181,253.3751,40.3556,-5.5078
227.9311,221.0745,28.7134,222.0611,120.3743,15.9060,-28.9791,-51.3957,-125.6921,-93.3976,132.0730,147.9072,88.4457,117.5080,79.0366,1.8348,187.1115,-87.0401,-142.2848
213.6086,153.2153,21.4359,120.9166,-32.1474,-79.3291,-134.1530,-175.7968,-118.8029,-142.8544,146.2306,151.4424,70.7808,128.4517,70.5173,-6.1528,102.8642,-237.5804,-307.0679
222.1927,102.8367,27.3056,51.1338,-133.5961,-146.9400,-274.0185,-230.6456,-52.9242,-128.8692,133.5778,155.9281,34.2513,121.2410,39.4176,4.2452,30.2501,-340.6202,-340.3091
246.1965,147.3389,43.1922,55.7261,-122.6275,-85.7398,-269.3594,-196.4706,-14.4908,-99.7177,124.7685,176.9949,38.0945,112.7141,11.8513,3.8717,22.8399,-406.7751,-237.0269
246.8392,193.1488,64.9787,73.6673,8.6443,45.7969,-142.5986,-84.6739,-8.2889,-81.2801,162.6632,173.4256,116.5272,122.0678,22.6844,20.6504,49.5944,-380.1833,-110.3873
215.2273,196.7230,80.7504,59.1045,238.0191,191.9962,-26.8047,104.3132,16.0244,2.4627,180.8350,148.9771,225.0599,173.2465,79.9059,72.9672,55.1120,-202.1156,29.6921
224.7622,256.5053,104.5000,38.3771,486.1798,361.2476,66.2618,294.4793,56.6213,135.9702,110.2399,149.7271,311.4856,245.6246,127.2610,91.3726,62.0828,14.5907,196.5631
282.5651,333.6881,171.1054,61.9570,648.8866,421.7153,170.2682,388.9434,116.7158,204.7922,27.5172,167.8107,356.4937,256.5731,141.1672,62.0223,120.4199,159.4796,300.4639
299.2703,290.8052,277.5713,161.1228,716.0325,223.9346,241.9641,409.1986,181.8885,197.3719,39.7968,165.6263,357.0802,184.6920,147.4126,65.4841,235.7993,284.5540,298.1783
274.8176,220.6970,381.3862,311.6257,744.7938,-56.0165,268.2425,415.9326,201.3843,201.7237,114.2382,173.5400,331.1328,139.9362,136.5059,119.2535,375.6568,405.4098,276.3242
294.1793,298.7808,438.3748,423.3373,730.7272,-129.9597,310.6793,398.0630,202.1730,240.9565,151.0303,240.5061,300.3584,192.2691,109.2488,169.6098,478.0131,420.2253,294.2936
351.4732,433.6602,402.1929,426.7231,639.5538,-53.7655,373.8205,349.4186,236.8668,258.9073,126.3904,316.3344,248.9996,249.2955,112.9496,191.8157,484.3477,317.0076,315.0001
379.2638,449.9460,276.7837,358.8727,499.7929,-65.3582,392.7515,292.8584,253.7547,223.4992,78.7790,316.7240,163.8039,229.2629,131.4829,182.9835,415.9110,200.2300,292.2864
377.5479,393.7589,183.8295,298.6127,353.1341,-186.6887,350.8826,200.4738,202.5453,154.3894,55.1288,261.1305,92.1880,183.1039,103.9092,154.8193,357.6720,103.5374,209.8073
383.4993,381.7271,223.7336,252.7259,196.7495,-311.1864,281.0859,50.6098,130.9961,81.6153,90.3490,221.9130,72.3992,153.8226,61.2358,143.0474,331.6487,-26.7154,80.5068
406.7517,402.4813,302.0511,181.1665,29.2644,-408.3792,193.9469,-89.9234,107.8377,33.2612,146.1949,213.6113,56.9467,128.0319,62.1522,147.0057,275.4821,-188.2277,-40.2396
432.9369,407.0938,274.2469,90.3834,-111.5388,-447.4243,107.8942,-155.7162,173.2292,32.7255,129.7362,219.6920,5.0367,133.4993,75.8765,136.9870,179.0900,-291.8386,-90.8967
420.2742,380.6476,162.3170,23.8831,-160.9655,-380.8755,89.4718,-151.4567,284.3375,66.4433,42.3297,224.1593,-20.2494,166.3995,67.5300,121.7518,118.4618,-268.8723,-53.1856
335.2144,315.7525,67.7241,-2.7715,-71.3700,-249.0942,166.5068,-90.3087,320.4215,98.9226,-15.8141,197.5742,49.2513,138.9637,67.6538,112.0983,115.1507,-147.4973,51.1502
221.7353,243.3363,24.7984,-1.2692,118.9323,-116.7114,260.0691,11.2402,289.3226,134.8774,-17.1389,151.7759,164.6655,71.0315,103.2613,105.7546,109.1159,-5.7238,169.2350
155.0808,205.3983,29.6319,17.8586,303.7321,6.2391,296.3216,92.6714,315.2421,189.0379,-23.6994,138.8785,231.8914,86.1488,177.6167,142.5620,92.3490,108.3925,232.9136
140.4741,177.6856,47.0641,39.2866,422.4136,90.4488,313.1980,110.0737,350.7682,219.5672,-55.5957,137.7442,241.5871,137.0142,275.5676,224.0232,102.0917,176.5667,215.7739
132.0131,142.0702,9.3716,37.6343,474.8870,85.5439,353.9031,90.6406,285.1597,195.5833,-86.9242,87.0396,245.9736,69.9615,327.8570,247.3774,99.6495,187.6706,148.6242
119.0996,154.3790,-48.8137,-0.7160,458.1689,8.1926,362.5282,65.3486,227.9598,161.6676,-97.5722,23.0485,257.7217,-65.0348,286.2773,170.9458,43.9716,162.9855,68.1789
143.6623,224.8765,11.8291,-48.8095,399.6893,-79.2093,305.6187,16.3907,277.0327,141.9980,-49.8008,11.8677,246.1781,-109.0435,223.8354,90.7929,25.5201,150.4982,-2.6062
231.1078,275.1824,191.4795,-41.9146,364.1798,-137.1214,257.1832,-71.0367,314.7071,97.8694,57.4143,24.8041,206.7797,-71.8714,218.9702,71.4210,135.6513,157.9024,-53.4898
328.2775,283.3221,305.6787,49.5461,339.0924,-166.9623,249.5646,-167.8623,281.1917,32.9553,118.7337,22.2208,175.0124,-50.0934,222.4928,82.9375,287.6564,132.5079,-114.1164
364.9357,303.1342,258.1386,151.8811,244.4288,-214.0797,202.2049,-243.4161,223.2792,-6.6357,67.3112,23.8181,169.0232,-52.1745,171.8379,88.8243,331.6181,31.1324,-227.8088
351.4197,329.1570,152.7552,164.1118,79.5791,-307.5338,78.0948,-307.8819,110.7721,-35.9107,3.3660,24.3037,155.5379,-51.0035,115.2351,64.8939,261.6292,-118.5917,-373.2475
324.1453,300.0956,97.1933,89.9712,-81.1906,-387.7408,-48.1338,-380.3051,-7.3951,-96.3137,25.7362,-3.7135,102.7729,-39.0971,114.4695,22.4871,185.8262,-254.4675,-477.2604
267.6803,207.7137,71.6477,6.0932,-188.4987,-385.7133,-107.8182,-438.0133,13.2545,-162.1748,73.5794,-29.0023,48.9685,-6.3529,140.9781,22.0008,156.0004,-349.9190,-498.7509
191.3031,103.5465,21.9887,-59.2887,-203.4410,-317.6378,-91.0300,-433.0439,97.6693,-171.4040,59.3229,-16.7988,65.5275,38.6817,148.0513,56.7118,128.2868,-392.3444,-436.1163
148.8035,49.1359,-38.0042,-115.7960,-94.3144,-211.4607,0.6734,-345.8450,95.0299,-99.8187,10.2657,0.1788,155.6619,73.0469,153.7463,50.5606,71.5787,-336.5592,-288.9564
124.4047,74.5222,-60.6965,-142.5202,90.3305,-58.8676,148.7561,-201.2655,99.1024,11.4977,-5.6576,-10.1827,249.9311,84.7478,187.0965,20.5076,23.9923,-179.9071,-77.4806
77.1188,131.7942,-38.4979,-124.1106,253.0231,100.5561,288.8531,-49.0327,188.6183,87.5288,20.9299,-28.7512,292.2412,53.3969,221.1267,30.6291,19.9053,-22.1052,131.2124
62.4156,145.2456,3.2984,-91.0665,341.6075,189.2626,351.5082,71.3877,253.9931,119.2154,55.3033,-38.6358,270.6264,-6.1393,218.9777,54.7323,42.9087,63.6766,266.0781
122.8106,124.6485,53.8389,-63.0497,356.9935,207.2453,333.0711,167.0947,293.4647,174.3310,79.8254,-46.8427,206.5167,-12.8558,190.0371,90.3013,80.6375,130.6522,322.1355
184.4205,125.9503,112.7109,-17.4281,339.3670,220.0958,302.7750,262.9777,362.0927,247.2989,128.7003,-47.0761,164.4913,39.6041,154.7813,199.9267,140.2699,236.3713,352.6901
197.5333,150.9499,170.0335,56.7349,334.4009,241.2742,308.0160,323.5001,342.8530,247.9190,234.5712,-27.2255,183.2299,41.4512,122.3388,312.9758,200.4461,337.2427,364.0411
204.4023,197.1109,227.0364,135.4613,312.0718,212.5479,295.4595,278.0746,219.7238,186.5433,342.1067,-10.4773,180.5862,-36.5802,120.6142,290.1351,230.4784,372.9519,287.1627
228.6212,277.0775,295.2304,193.3650,219.5620,102.9886,201.0756,142.7370,176.5545,156.3938,362.7221,-32.1480,69.4648,-111.1801,152.3473,189.0364,230.7686,345.2356,127.0416
262.5812,325.4475,351.3017,204.3183,109.1222,-31.9286,77.7548,21.4421,205.9720,143.6244,307.6903,-75.6405,-69.2389,-156.4877,149.6022,149.7819,200.6412,265.1804,20.2652
306.4928,280.0193,343.7079,132.6019,37.7937,-129.0176,22.1531,-29.9012,162.5301,87.2039,255.8275,-90.5513,-115.1496,-185.9111,83.6127,137.8241,128.3373,109.9246,30.8952
322.2887,221.3265,262.7376,-7.5863,-64.2263,-198.3833,25.8998,-49.8259,117.7436,35.0106,226.8531,-72.6001,-110.4986,-173.2793,28.0611,68.2774,34.4066,-102.6096,48.0126
273.2907,220.8362,165.6328,-119.3922,-222.5471,-248.6780,17.5372,-82.1356,155.5562,36.6967,197.4448,-58.2511,-132.6181,-146.8448,18.0496,1.5481,-34.2816,-243.2375,-9.4961
213.0094,210.7616,113.7396,-134.0517,-296.7467,-218.3102,-7.5768,-123.9281,151.4960,36.4724,173.6747,-58.4348,-123.2013,-162.9209,1.8539,24.1684,-48.9460,-191.2435,-79.4719
196.2388,169.9781,105.1639,-104.0741,-202.4388,-82.4558,-5.5720,-153.7690,78.0405,10.5857,168.4706,-61.4243,-24.3679,-160.4738,-19.4213,90.6561,-21.6361,-15.8734,-99.9981
180.4649,170.7885,100.4194,-96.3348,-34.1427,85.6887,30.6546,-142.7950,75.1887,30.7294,184.8525,-57.6469,101.5431,-78.2559,2.2924,100.0201,-2.3928,119.0227,-65.7376
123.9180,183.8388,96.9786,-82.4430,118.3240,231.3967,92.5307,-54.1574,141.1291,122.5556,226.4186,-27.0553,191.6896,-2.3483,36.4228,54.9524,-17.6645,198.8238,40.3487
72.9683,149.3138,119.2234,-34.2198,258.8127,355.8841,203.7269,109.6352,181.3777,215.3704,257.5639,32.0236,241.8406,2.9523,41.5604,55.5888,-16.1924,302.0961,208.9872
85.9771,144.1055,156.4119,-0.4173,394.6945,431.7301,367.0295,274.9108,224.2569,245.1012,235.3254,75.4162,251.6400,-1.7650,63.7478,119.7342,41.3305,394.2159,370.8140
147.7548,205.2823,186.2499,-0.4816,512.5701,431.0223,509.8887,357.9544,285.0450,217.6307,213.7061,80.5764,255.2095,7.1666,126.3927,133.9054,96.6108,406.3233,473.3206
196.0692,233.9204,218.6680,10.0528,586.5710,389.8027,560.4365,342.6565,284.4801,185.0786,260.0892,75.8683,301.4903,-9.6014,170.0207,60.9234,96.4562,381.0696,492.4199
210.1307,225.5197,246.4787,30.0941,571.3226,330.8817,532.7859,271.2177,238.7402,179.2464,294.8444,66.2591,332.5486,-47.4220,166.2544,12.1765,71.9866,356.3102,405.3163
229.4686,262.6380,231.8724,23.7324,471.5338,213.8875,467.0897,184.7437,235.7924,170.3496,223.0317,29.8713,259.7082,-96.3678,141.3568,31.3015,49.6926,276.8712,252.8460
266.2259,297.5890,188.1493,8.4889,358.9929,27.6525,360.3082,93.6731,235.1156,128.1328,129.4878,-16.9507,142.9473,-155.5062,106.4601,27.8708,18.0414,122.6061,122.2955
278.7119,268.7552,165.4804,0.2703,261.6637,-160.5872,228.4953,-13.2090,149.8292,78.0720,124.1418,-42.1515,89.7034,-165.7676,66.9193,-35.7561,-9.7330,-41.0094,24.7780
259.4139,255.6180,155.2840,-26.3853,159.8893,-268.8574,133.2824,-132.4032,27.0390,35.6553,152.3561,-41.9906,76.6790,-100.9264,23.5804,-89.7808,-11.6132,-152.8894,-75.9948
240.4484,289.9400,126.2085,-47.9212,84.0706,-259.7139,82.3994,-214.6723,-48.1735,-20.1309,136.1530,-24.5844,48.5754,-31.9413,-45.3910,-71.6474,8.1083,-190.7733,-151.0329
224.0953,281.7630,102.7559,-19.4195,68.8717,-153.2063,25.7859,-203.6185,-87.4419,-59.1172,105.9633,-9.2542,32.3095,21.8444,-109.0126,6.3665,41.4381,-172.8176,-146.5808
204.9513,215.1385,105.3330,6.6260,75.7257,-6.0400,-23.7817,-109.3920,-109.9528,-24.0865,90.2589,-14.9867,38.0805,99.2337,-94.6652,59.0393,64.7144,-154.5286,-68.0355
182.2121,158.8479,94.6991,-37.6205,63.9267,123.4061,-13.9634,-2.9287,-84.8091,40.9349,68.8319,-14.7343,25.6787,142.3421,-44.9690,28.9440,43.3089,-156.3338,29.8989
122.6764,134.1745,39.8337,-106.1970,38.9296,186.7585,19.6859,57.3684,-39.8033,46.3960,47.6337,15.6172,7.2415,91.2516,-58.0879,0.2228,-4.9417,-140.8560,82.5743
36.9668,127.3475,-42.1350,-133.6661,10.9213,162.1192,11.4046,61.2275,-49.6678,16.4006,26.4716,21.3673,24.1140,29.4271,-74.4552,61.0000,-41.0785,-93.9221,74.8690
9.4453,120.9424,-115.2923,-128.2507,9.2792,85.3193,-0.1576,31.5343,-90.9923,30.2046,-27.5767,-45.7010,57.4625,21.2530,4.9573,123.8506,-65.5631,-34.4823,67.3739
42.5995,104.3924,-123.4658,-89.6222,73.0296,17.3289,50.0322,-0.1175,-89.1551,64.0599,-74.8774,-130.2302,80.3144,2.1098,88.8208,92.4863,-47.5763,35.9096,97.2506
62.1837,124.5081,-15.2731,6.0080,151.6412,-19.3750,114.8947,-14.2910,-68.0368,49.7825,-16.3680,-156.5762,107.7777,-50.2866,70.1311,31.2326,65.5155,102.5778,127.5040
95.0402,205.9031,167.8817,116.0512,144.3194,-30.8475,111.0643,-5.2043,-79.2765,17.6650,131.3821,-123.8919,125.8574,-64.3055,37.0136,-4.4048,199.1582,125.5634,143.7999
187.8976,269.3064,303.2643,167.8886,70.8718,-29.5393,54.9406,21.0074,-89.5114,30.2165,230.5112,-71.0496,91.5636,-23.4711,65.9937,-46.6317,223.0883,111.2663,159.0923
260.8271,298.0035,326.8983,159.1727,50.6717,-58.4592,21.8733,26.4533,-71.9011,50.1229,212.7542,-24.0004,29.7974,9.7168,73.9906,-63.2034,171.5723,97.0314,140.1548
276.3508,384.5758,295.0941,130.9101,116.5365,-164.4010,41.6030,-32.8607,-57.6545,16.0775,147.1674,8.7780,7.6875,-9.7820,37.3220,-13.0189,165.8874,57.2448,83.1136
315.0517,479.7675,277.7598,94.0231,180.9264,-321.5612,83.0965,-124.3671,-46.1104,-28.4353,114.0916,20.4900,27.2970,-62.3164,50.9135,18.2905,188.0368,-60.1039,54.7931
350.6025,417.4416,248.0062,31.7869,169.4777,-424.8322,92.8443,-149.0052,-22.6716,-9.4420,108.9452,-1.1879,54.9359,-70.3982,114.0371,-20.5844,134.3607,-210.7102,68.3530
275.6877,230.2513,140.9223,-59.7511,110.4649,-364.8970,66.0096,-62.9533,-8.9593,54.1048,86.9182,-37.0574,103.7312,18.8292,153.9332,-33.0706,6.0364,-278.1288,91.3291
148.8887,96.1768,-2.7841,-143.7713,91.2081,-132.7124,81.9355,76.3944,21.4688,94.4262,42.0287,-31.3191,183.4866,138.4793,197.7588,24.4222,-88.2941,-227.5978,147.9077
97.6897,60.1976,-56.8375,-158.0012,137.2729,136.5474,166.7026,185.6911,115.8369,83.0208,12.4146,18.7682,242.5311,172.7102,265.4175,61.4195,-66.4785,-134.5937,224.8625
104.9994,93.6908,9.0762,-79.4798,170.7547,296.0575,184.2554,225.0144,192.9409,41.9595,27.4346,54.9612,236.8669,115.7585,258.0985,40.4709,35.3062,-42.0376,223.7888
113.5666,221.4271,84.9630,42.8543,128.7217,349.5887,49.1284,210.6296,155.8599,36.7486,66.2144,72.9132,181.3640,79.4293,154.5577,32.3019,106.8660,78.6229,143.6016
133.0525,377.1195,86.7771,129.7599,53.5625,370.6009,-83.6887,174.8601,99.9066,105.3189,75.6939,102.5409,114.4100,132.3866,98.1001,69.0306,106.5308,191.1702,95.1474
148.1586,380.3059,49.1423,130.6229,9.3638,344.0583,-63.8595,107.8569,144.6390,157.6807,43.3921,100.8521,84.7690,176.8139,156.1862,94.4623,93.1744,201.7381,103.2271
130.5104,206.6652,36.0606,68.3664,4.6534,245.2821,24.6948,-9.5991,200.1511,91.6685,29.6416,36.0632,124.9759,80.9971,224.9337,69.9545,109.9161,140.0928,110.3260
116.7209,69.4451,66.8923,28.3914,28.5030,148.2296,68.3142,-129.3527,154.0950,-15.7662,79.6024,-17.2206,182.2406,-72.5556,226.9776,34.7546,145.4587,122.9848,95.3969
129.3965,124.4112,131.3952,57.6118,51.2472,98.1685,76.1034,-191.8789,82.9635,-39.8941,146.2198,-12.6545,172.4242,-88.6855,189.8922,30.0575,192.6371,136.1516,44.6602
135.5804,257.6771,204.7870,111.0747,12.6281,27.3952,37.0234,-211.0411,71.5126,-17.4550,171.5553,-7.1784,110.5234,6.9835,140.6783,39.4898,243.0986,77.6086,-39.9682
144.1223,277.9927,259.3018,140.4637,-82.5998,-87.7433,-54.1455,-205.0773,72.2570,-13.3107,169.5372,-20.9033,67.2497,46.0123,92.1929,50.8899,269.0898,-33.2019,-77.6166
192.7271,191.1271,289.5679,150.1838,-135.3394,-155.7107,-80.7342,-152.7232,66.1380,11.5726,159.9828,-3.8620,55.9275,25.2843,78.4968,73.6248,262.7352,-95.3670,-20.5273
244.2761,142.6530,308.2245,143.6080,-93.5078,-127.7610,-7.4236,-83.1993,85.7852,46.3485,129.1931,43.4547,68.0242,13.6175,98.3602,67.0739,236.4865,-86.9954,54.4551
240.0350,191.7495,321.0618,123.5289,-6.1322,-60.3096,11.7378,-53.0884,75.5914,21.8043,99.7583,76.5144,102.5715,-11.5171,101.8620,1.1247,200.2195,-44.0255,80.5180
220.8223,276.0191,326.4057,125.8608,84.4058,10.0478,-67.5922,-36.3046,9.8245,-12.9769,117.3857,96.8015,118.1172,-13.4037,71.8609,-45.4471,178.6388,13.2058,74.6037
262.0364,313.6658,315.9903,148.8957,165.4037,94.0973,-109.6684,-4.6199,-4.4464,7.6300,153.1701,126.2264,94.2872,65.3100,35.2771,-17.5255,178.1003,60.6532,40.4208
313.9892,272.4766,260.6578,118.3712,195.6751,156.2880,-102.1486,-18.2936,23.0296,8.8836,126.3006,145.3009,84.4549,103.6434,11.3191,6.2972,135.6775,67.5400,-32.1976
252.6351,197.3886,132.3914,-2.3179,153.0386,145.8879,-143.5458,-86.3562,-41.7228,-45.8836,22.8836,116.6172,94.7965,19.3090,14.6631,-24.5382,-0.1135,29.4374,-94.0819
93.2937,140.9438,-37.9523,-155.0455,83.4091,94.9066,-189.1176,-117.6335,-103.9132,-64.4872,-79.6676,42.6965,64.5077,-47.1594,48.2755,-53.5902,-171.2932,-32.4682,-99.5844
-16.4067,79.8775,-163.5602,-255.8953,24.9554,55.0490,-153.5542,-105.6651,-2.5607,-33.4084,-110.3422,-19.8043,15.9885,-34.9239,64.8975,-56.4290,-269.1139,-83.6278,-89.9571
-30.3013,14.1892,-195.2177,-248.8781,-33.0359,1.7466,-99.0606,-138.2505,73.1878,-24.5605,-89.6200,-16.6901,22.0466,-45.3190,26.4155,-57.3573,-246.1688,-99.7271,-124.6664
-28.1920,21.9004,-169.4938,-142.7067,-82.9042,-87.4487,-86.4418,-205.8958,-41.8005,-21.2472,-76.6818,39.8916,62.7202,-71.1821,-12.2844,-57.6805,-143.4286,-98.0920,-175.0036
-22.9190,82.7121,-128.8965,-29.9000,-79.1900,-152.2184,-57.4056,-217.4331,-84.8605,10.2080,-66.1842,99.9059,94.3136,-59.0801,19.2312,-70.2324,-45.8600,-101.3397,-159.6320
24.3068,87.8058,-73.6165,16.6456,-10.5308,-132.0762,14.3969,-153.5342,54.2244,26.9746,-34.2213,137.9492,129.1352,-41.0505,86.5451,-89.0811,-7.6199,-90.9847,-77.8326
63.6766,75.0127,-27.3758,35.6156,69.7705,-42.1278,60.8059,-55.9776,40.6948,22.1114,-17.1907,147.1922,151.8020,19.9792,103.7067,-51.6091,-6.7280,-60.1801,-19.5630
53.8522,138.0123,-25.3755,76.8048,113.1590,58.6981,45.7383,30.6349,-169.0739,18.9699,-17.9899,136.3115,139.3224,131.3461,55.4346,10.3713,15.1960,-41.3685,-19.9947
65.0739,200.2585,-17.0022,113.3624,139.2178,115.2136,10.3019,58.5185,-207.2742,-14.3772,26.1631,156.3046,145.0315,134.0388,-2.0670,-17.1085,83.2612,-24.0199,-17.9960
122.8964,186.2987,56.4230,126.4848,181.4842,123.9744,-8.1518,35.8668,-68.6723,-54.8827,80.0345,235.1635,188.2878,65.3554,-20.6205,-72.6848,157.4569,39.0835,18.0969
143.2020,179.4444,118.7921,138.7852,210.6166,133.4175,-15.7016,32.2901,-44.3138,-13.4700,43.0286,295.9395,187.0015,162.6794,-8.9329,-16.1416,167.3181,114.2819,56.8817
111.1065,217.0235,89.8435,142.8989,197.2001,145.1280,-8.6791,54.5362,-70.6881,70.5123,-26.4353,255.7378,118.9655,296.7092,-11.1423,63.0145,116.9740,132.2488,89.6710
105.7353,231.1127,53.8299,129.6647,185.2673,116.6156,51.1559,59.0121,22.5015,90.1203,-9.8922,160.9809,66.8332,182.0603,-32.1667,33.4061,102.9205,143.6743,129.4806
129.1943,212.1111,88.8868,138.1160,202.2231,95.7639,159.0024,75.4383,93.6495,80.1836,29.3434,106.1378,66.6089,18.5287,-18.3672,3.0513,152.6045,240.5620,171.4940
112.6259,182.7072,103.7112,179.7948,205.3485,152.6912,250.5571,129.3973,68.7635,102.7018,-5.2299,96.0490,86.7986,59.2283,52.6477,55.6450,177.6749,364.4554,219.8152
63.7129,145.2496,39.0109,216.2911,190.1433,203.8637,315.0298,145.7194,111.5959,105.4181,-39.1235,95.0904,113.0324,66.9048,127.3454,64.0699,171.1586,394.8080,277.3967
56.1683,147.2870,13.5418,250.1428,197.5099,152.1447,385.2770,100.4341,214.2691,80.8745,4.3992,105.5780,130.2134,-81.4724,161.0043,-2.9104,233.9317,349.0979,313.8950
108.7648,197.8777,105.7648,302.1195,203.6558,80.3241,408.5387,83.2002,222.8162,102.4655,64.3682,113.6846,107.4316,-83.6946,161.5711,-17.2835,336.8091,306.0936,307.9051
166.0922,213.1141,204.8528,318.8528,171.1012,79.9429,331.3525,109.8090,173.6814,140.2677,78.7183,85.1243,61.0281,88.3783,134.1467,10.3243,330.8969,251.4242,274.3243
182.3071,184.3779,201.4929,246.8405,145.6903,105.7732,257.9505,112.4668,165.5781,116.9292,58.4299,51.6735,54.3421,122.0943,84.4293,-13.4019,225.8185,164.1832,247.5456
167.3031,170.7216,148.9949,147.2857,172.4039,137.2089,297.9005,118.7310,160.7663,87.4634,35.2788,59.6135,118.5481,26.7672,59.0217,-23.9698,177.3458,112.9172,278.1276
134.8763,137.7361,146.3938,120.6754,233.2561,212.8199,376.8601,191.2589,137.1443,136.0311,47.3067,67.7250,216.0076,31.4395,81.5836,50.0823,222.0536,145.4135,363.3032
66.1156,56.7136,187.5034,170.6189,308.8264,284.5374,385.9911,266.1039,155.5704,219.9320,94.4546,43.8157,287.9471,97.4456,99.5347,114.8914,267.6733,211.9113,391.2925
-23.8508,-0.3743,205.3646,217.4070,365.8231,276.6760,347.6969,248.8094,221.9556,253.4279,114.4394,45.6719,319.3958,97.4784,75.5369,96.1802,277.5622,240.5252,296.7035
-64.2265,-4.6911,193.8619,213.4141,347.5336,204.0644,310.6542,153.3845,270.6308,219.2229,83.5122,81.4684,318.9296,66.9682,54.7004,49.1171,278.3885,199.4341,174.2121
-41.1178,21.8153,192.6051,195.0136,271.1866,112.3390,252.3285,49.5688,262.2523,156.3145,39.3770,73.4076,263.4366,43.5561,79.3659,19.4056,267.0884,117.2961,103.4515
-27.7024,88.9099,188.8263,206.2681,206.1776,56.4986,159.9972,0.6194,229.6599,122.4276,-8.3132,22.7747,161.4634,27.9482,123.2895,10.6890,231.5475,74.8977,62.6962
-55.2765,144.6252,142.0161,213.0194,159.8356,104.2157,97.8001,46.4493,230.1912,143.4702,-51.7788,-1.1896,104.2790,50.6526,149.3011,41.7184,193.6208,107.6076,79.2121
-74.0556,113.8000,77.3592,166.8437,118.7834,202.7207,126.4645,142.8453,250.6396,175.3856,-46.3660,-4.8561,117.9683,72.0974,155.0626,91.3759,175.3348,154.6517,183.7713
-48.4898,66.6335,53.6461,114.8533,95.1985,204.3217,181.9072,187.5092,226.1584,164.0813,2.7133,-13.8098,96.6391,31.4333,147.3264,99.0929,176.6693,163.8819,252.2666
13.9625,89.8420,78.2834,129.4651,57.9964,106.0379,136.4982,151.0390,156.7075,119.1341,45.7475,2.9801,6.8127,-6.8277,126.5131,73.3622,195.5352,144.9697,180.6445
93.4384,129.7796,124.7640,177.1305,-16.1716,32.3605,12.5868,91.7076,96.9565,89.2486,84.4227,39.7665,-45.5712,12.4499,95.2362,65.8282,225.3948,102.1109,83.2153
155.7967,136.6126,177.7766,181.5459,-62.9569,15.5809,-37.7874,67.1806,72.1770,101.3264,129.9290,50.4377,-25.6633,26.3613,58.8286,67.0643,238.5583,38.6968,89.8770
172.7584,125.5626,222.3348,147.2143,-53.1282,27.9299,5.0461,107.4317,79.6333,143.6998,155.2274,41.3806,-2.7440,26.5750,33.0397,55.5243,204.2009,-8.8649,147.6831
146.0707,96.0342,235.3424,114.9732,-35.4552,95.7741,33.4553,201.6074,94.7294,191.0669,167.3177,32.7431,27.3143,74.8728,43.5406,65.5054,127.2383,-27.7896,164.6678
84.8214,83.3613,201.0648,88.7190,10.7528,203.9481,49.1530,278.5895,86.6714,230.2926,193.9677,20.1353,113.7923,122.0380,84.4603,103.5140,57.9891,-30.2228,145.0715
17.3038,116.9849,138.1369,77.9905,132.9441,266.1933,115.7305,285.0455,81.2551,252.1299,215.2874,20.6169,215.0591,92.5991,106.4925,107.8678,50.7842,9.8487,122.9972
-2.3528,110.1168,114.9070,106.8672,259.9414,270.3394,183.2890,257.3481,104.1760,246.1680,222.5938,38.2389,276.5659,68.2923,90.1707,60.6003,102.4040,102.4697,103.6711
17.1057,38.7221,171.4575,148.9383,313.3847,273.2427,187.3214,235.9438,99.3022,219.8671,243.1544,49.1368,324.5953,137.1075,84.0599,19.3626,149.4327,177.1557,69.1850
14.6318,24.3127,232.1241,152.2515,318.0452,261.8996,155.0931,183.5468,51.6374,174.9230,263.5018,66.4325,374.5698,206.7002,123.1887,2.2361,145.3473,167.7082,-0.3734
21.5637,73.6620,198.2669,120.7577,285.0128,192.4354,115.7482,84.2179,42.9216,98.6124,253.3040,84.4103,383.2281,180.0884,166.6354,-25.9360,99.1369,99.4944,-74.2368
99.2621,96.5951,84.0342,82.6257,196.5280,114.3771,95.8275,26.9343,86.7855,36.4258,225.5535,48.6274,336.9928,125.9462,172.9916,-56.5208,27.9430,45.7349,-77.5406
164.3538,138.1098,-29.0365,37.2395,109.0726,103.1076,149.5499,80.2995,112.4514,63.1995,188.2123,0.1814,271.2395,112.9657,176.5670,-56.1424,-49.6591,45.2481,-3.9141
118.2842,214.5863,-82.6796,2.5394,73.1404,107.4621,232.7525,153.5228,94.5652,117.7795,135.4238,5.8846,203.3183,75.4501,220.8565,-64.4921,-78.3809,52.5310,51.6124
39.6210,209.6816,-49.3242,26.4556,46.3990,15.3809,226.4020,116.3019,45.6296,72.7450,98.9827,-14.9185,135.2617,-12.7067,274.2430,-127.5278,-22.6138,2.2208,27.8054
35.6983,166.0257,28.6459,98.7791,-1.2898,-142.1035,149.9098,4.9454,1.6588,-23.8888,95.9694,-74.5931,89.8047,-45.7410,278.2316,-184.1452,62.7349,-68.1751,-17.4511
85.8140,215.2049,48.8219,143.4133,-43.3269,-214.7024,115.5596,-42.4328,28.6793,-39.0816,90.7589,-13.1699,80.9615,23.8803,239.3548,-166.1088,103.5368,-81.7276,-12.4448
138.2186,238.6010,1.2525,124.7865,-75.5275,-154.6764,116.4656,4.0310,93.0938,-3.6733,77.3348,116.8106,87.8854,102.3784,206.9796,-123.1396,88.7235,-73.6325,22.2221
155.3917,103.5259,-11.8310,77.3931,-103.8223,-44.1021,86.0348,79.1401,83.7150,-2.1792,92.7265,86.9476,96.9895,118.0501,181.1962,-105.6649,38.8748,-95.2249,43.8173
108.8588,-16.9165,47.9718,41.9592,-91.3455,66.2346,48.1602,156.9629,19.6703,9.8814,144.6817,-13.4335,121.7504,110.5043,116.9613,-56.9838,-10.2442,-76.6893,70.1830
79.6578,35.6594,117.8294,38.9902,-11.4658,167.7467,42.7258,221.6862,-32.0797,60.9391,204.3452,5.2801,147.8873,134.0676,20.3898,41.1306,-13.2407,18.6784,103.8904
158.5870,132.4243,140.7646,59.1048,80.7761,206.5358,37.5424,214.3986,-107.8030,72.7016,223.0330,-36.2285,121.8970,150.3806,-41.0884,85.7582,6.6600,76.1698,87.8075
227.1894,121.7467,95.0905,50.8232,89.1363,134.1884,-2.1992,119.1475,-162.0155,31.9453,166.5986,-255.1829,36.4733,63.0729,-42.4785,29.2812,-17.5807,15.9744,12.7559
150.2507,35.1943,11.8150,-6.7967,-0.1048,-13.5789,-68.5040,-2.7386,-81.8931,6.9823,94.3262,-350.4344,-44.3332,-98.8588,-37.1285,-43.7601,-66.8369,-84.5076,-71.6134
41.4540,-14.1683,-24.2828,-43.8439,-92.5937,-147.5201,-147.4943,-96.3554,13.6826,-6.8878,92.3831,-201.3840,-84.9671,-155.8410,-65.2183,-75.0955,-86.7385,-123.5688,-161.2414
21.0256,32.2280,-6.0030,-10.2223,-136.4941,-194.8237,-219.3249,-145.7482,-39.6653,-49.1696,106.4087,-104.7986,-123.9206,-83.2703,-95.6955,-92.8509,-101.6254,-96.7883,-246.8966
4.2264,103.1734,-31.9107,29.3117,-191.7823,-177.8866,-244.4954,-158.4382,-109.8128,-90.5643,29.8004,-175.4420,-194.0526,-91.5184,-91.4673,-119.2692,-118.9336,-80.3385,-251.4332
-47.9770,83.3197,-116.1941,15.2170,-281.3135,-210.8376,-221.1718,-166.8954,-61.6536,-111.2417,-86.0610,-227.9161,-276.9137,-222.0495,-84.4017,-156.4459,-85.3936,-127.8719,-180.2802
-48.6353,-5.0389,-156.3304,-7.9797,-339.0486,-324.4005,-228.0752,-195.1248,-35.3745,-159.6382,-128.2216,-200.8175,-344.6713,-262.9746,-138.7422,-201.1676,-35.8673,-180.3083,-160.8468
-17.9043,-61.0165,-120.4555,0.3142,-347.3568,-395.4087,-324.8218,-233.4531,-132.3054,-250.3727,-117.7407,-158.1947,-380.1979,-178.7199,-242.0630,-206.4358,-57.1910,-158.4156,-229.7574
-36.2805,-74.8963,-80.8168,5.8072,-346.4545,-347.8415,-433.0116,-265.8489,-244.8504,-309.3196,-123.1433,-113.9853,-366.3136,-129.9185,-288.8420,-140.8395,-117.0480,-108.5042,-291.8483
-75.9984,-74.5914,-97.0161,-14.0011,-341.7679,-246.8004,-432.4858,-265.0991,-277.8992,-274.9736,-135.9357,-102.4031,-306.2784,-113.7777,-223.3085,-82.0909,-149.2907,-106.6652,-289.0584
-123.4594,-66.2747,-174.8897,-37.0848,-329.5412,-142.9925,-340.9748,-198.4299,-229.5134,-193.2938,-150.6501,-139.2318,-233.3583,-58.5852,-138.8439,-113.3218,-174.2936,-119.6682,-228.3653
-233.3080,-94.9265,-267.6794,-49.5368,-307.7239,-27.5391,-264.7672,-99.2480,-167.3846,-150.0429,-205.5947,-153.6108,-176.6700,-30.7760,-155.7017,-176.9605,-196.6227,-96.1697,-150.3797
-369.2343,-168.2649,-312.0578,-39.8747,-244.7845,77.8091,-242.6402,-42.3075,-206.2950,-140.7519,-290.9673,-133.9273,-148.2298,-28.1793,-263.4253,-160.4418,-187.3408,-44.7080,-147.2277
-440.6574,-196.6908,-305.9807,7.9187,-164.9131,138.7098,-259.3138,-38.9721,-324.5798,-108.5511,-341.1873,-126.8822,-157.8166,36.3366,-358.9857,-64.3208,-175.4942,23.7669,-242.2235
-442.6700,-158.0086,-278.4239,66.4732,-154.0780,139.6873,-306.7325,-73.1677,-369.8987,-73.2680,-327.4699,-104.6895,-200.1511,81.5326,-375.6649,8.4740,-180.8943,80.4587,-330.8458
-402.7989,-133.7661,-231.4138,90.0889,-209.0709,63.9475,-361.6919,-161.9382,-348.9374,-82.0910,-289.1449,-55.3068,-248.7542,21.9454,-331.6362,-11.4490,-184.1232,79.9620,-392.6141
-347.9275,-129.4934,-206.8454,89.0536,-274.9179,-50.7011,-408.2533,-277.6992,-382.6022,-108.1879,-279.1152,-21.6998,-296.0252,-21.8109,-309.0277,-90.4121,-225.4472,58.5985,-517.9714
-345.6799,-82.1833,-259.4512,92.5677,-378.7651,-123.2071,-461.8522,-355.8374,-439.7387,-135.5569,-300.0200,23.8103,-356.5789,1.4835,-375.6187,-156.6353,-318.8138,70.4465,-649.2274
-399.5556,-17.8509,-324.2291,81.0576,-517.0432,-169.5500,-504.3955,-410.1349,-447.5187,-206.7546,-308.4900,82.3272,-416.5970,-17.2918,-492.3331,-199.5516,-357.7777,67.7808,-642.9615
-410.1712,-23.3796,-324.9839,39.7995,-599.4622,-254.0073,-514.5756,-474.8200,-455.1333,-301.6439,-294.1571,51.1982,-457.5440,-66.9090,-566.9833,-259.8971,-309.2586,25.5554,-562.2144
-356.1467,-98.8232,-327.3180,18.7986,-640.3994,-309.7806,-557.2222,-504.9287,-501.4202,-349.1030,-293.9064,-28.5851,-514.9487,-73.1819,-593.7744,-344.3749,-269.6700,20.6900,-556.6315
-317.5669,-125.8024,-361.2601,64.4723,-721.9860,-229.7576,-660.3724,-474.1116,-568.4315,-354.9750,-293.9990,21.9257,-600.4765,-77.3856,-621.2613,-406.4458,-240.3683,69.4132,-587.8644
-298.0483,-10.9854,-313.6864,141.9681,-766.4152,-57.2649,-701.9536,-427.1562,-642.2119,-349.4055,-225.5007,168.9531,-623.2842,-55.4820,-629.7468,-389.5351,-158.8822,109.3672,-542.9142
-241.4072,152.6628,-169.5750,179.2240,-653.4999,102.6582,-607.6343,-377.4785,-654.0675,-314.1125,-102.0804,226.7972,-524.2570,82.4132,-573.2988,-276.1317,-83.7861,135.4203,-423.7535
-176.0283,188.1786,-70.6192,151.5029,-449.9883,233.4486,-481.7003,-315.5458,-536.4222,-271.7156,-27.6448,199.4799,-385.8194,222.9576,-467.0222,-138.8044,-57.9237,150.4448,-281.3440
-159.0215,90.5761,-58.3754,87.6606,-274.6133,346.5942,-397.4739,-273.2679,-343.9052,-274.1773,-22.0785,199.4749,-281.3127,202.9702,-335.2751,-91.2558,5.9100,120.2421,-143.3249
-150.6392,-8.9989,-32.0057,27.4053,-110.1559,408.1666,-287.1835,-252.7216,-156.3834,-287.7978,10.9811,222.3232,-167.1518,114.2445,-180.4792,-126.7656,121.1357,89.3803,-36.3841
-82.0262,-63.3401,51.8920,1.2901,92.8438,388.9614,-128.2695,-214.7729,-21.7135,-261.7736,102.0800,233.0118,-22.9981,116.6012,-45.5790,-115.6559,181.4203,123.1495,21.0668
5.1679,-89.7593,127.0135,14.0473,277.0673,296.7541,-12.2546,-184.7049,1.0279,-222.8780,160.2425,238.6933,81.9932,184.8764,20.7754,-17.6398,159.2828,148.5293,20.9657
5.6009,-83.1283,123.9934,22.1305,338.6393,149.9145,17.7980,-213.1499,-29.7323,-191.0455,140.3561,208.9635,118.4359,212.8018,50.7145,53.6600,113.3607,77.4845,-26.7476
-66.3160,-89.1156,65.8750,-23.6213,281.7489,-23.5266,29.5097,-267.9881,26.8010,-152.8694,120.5240,128.8928,134.0249,148.1508,94.8744,17.1271,77.8354,-31.7451,-58.0421
-74.9352,-164.9217,55.0291,-102.9746,239.5188,-168.6600,86.6390,-298.0063,110.1649,-136.1808,167.9662,65.7547,163.9419,23.5199,138.9714,-67.2798,69.6965,-99.7523,-23.3617
11.7309,-244.5286,112.2770,-160.1462,267.4195,-244.1149,168.9708,-315.4109,94.3860,-157.4808,237.1114,51.1503,201.4053,-59.3234,164.2615,-98.6613,71.3635,-147.9535,22.8899
74.0803,-243.7641,122.5954,-198.9403,230.0836,-293.4338,213.4544,-339.8378,88.2873,-169.1639,248.5853,27.2914,211.5596,-70.9998,188.0344,-56.1468,21.3046,-219.7814,15.7610
71.5906,-215.6097,45.7658,-260.7772,46.1382,-394.0445,192.7799,-360.6959,163.8070,-159.5314,203.7628,-30.9767,154.2180,-93.2669,198.7893,-8.9824,-69.1702,-308.7980,-25.9582
93.4215,-236.1993,-14.2975,-332.8595,-136.2803,-501.2720,133.9114,-373.5594,159.8257,-171.4559,164.1197,-72.4565,53.2270,-124.9138,169.4651,-19.8664,-111.9955,-364.0099,-69.2170
142.2791,-262.2072,-27.1804,-354.7780,-164.3009,-469.9958,79.0859,-373.7436,73.2894,-190.2717,144.7849,-61.3254,0.7253,-74.4691,139.9851,-53.1335,-87.9091,-324.1385,-90.4766
112.3133,-225.9353,-59.2928,-300.7363,-59.7701,-275.8176,64.7892,-327.3889,99.7052,-156.9417,109.4165,-16.9317,47.7031,28.9413,166.8408,-36.0270,-45.1400,-197.3192,-39.5437
-5.3607,-174.9338,-85.0137,-219.2690,99.2620,-62.1495,117.3746,-207.1015,213.7685,-77.1690,69.9231,31.2322,153.5720,76.8947,221.8839,15.2829,-8.1480,-76.3107,81.0102
-100.3383,-198.7905,-49.1723,-189.1582,251.4846,59.0425,217.3346,-50.6476,259.8976,-12.2949,74.2987,63.4843,241.4015,72.4179,243.7538,32.1583,1.3985,-25.1541,183.1255
-109.9020,-249.1542,-20.1747,-222.0395,333.0191,104.4419,291.2382,65.2624,261.1129,12.2737,95.9250,60.2055,255.7553,80.3127,227.0136,21.8358,-32.8540,-17.0890,226.7997
-69.5689,-199.8297,-49.2277,-240.0181,354.2478,124.9060,293.8548,127.8351,258.4198,33.4301,87.0413,30.3144,211.0746,94.8626,189.6394,43.5809,-60.4847,-0.7032,260.9957
-33.6597,-104.9973,-48.7033,-198.3453,390.1372,134.2802,268.4306,191.9482,220.5308,79.2092,98.8075,22.6725,181.4261,69.3690,141.7318,81.5611,-26.4922,33.2100,308.1204
-24.4547,-139.5554,26.8107,-154.2188,426.8487,116.3676,266.1698,248.0436,213.3851,102.7005,171.8206,46.1212,190.7150,5.2905,122.1495,58.4246,36.9004,46.1325,329.9753
-24.5657,-262.0462,81.5389,-153.4816,378.4903,48.7355,248.0528,216.7478,263.2516,53.5613,215.3462,36.1629,185.5463,-42.4899,161.0240,-15.0581,66.2325,2.4105,299.7296
10.7283,-280.6354,57.8405,-164.7484,255.4027,-58.0531,155.2885,116.7898,241.4701,-13.8971,167.6789,-30.2482,151.1339,-60.1643,207.1774,-22.1400,50.7168,-68.5409,245.6684
92.5343,-222.2130,21.4432,-172.5555,160.0747,-145.9570,34.9086,65.6034,153.2172,-13.5574,107.6689,-85.9259,128.3042,-105.2632,196.8358,73.5869,14.3196,-105.4484,225.9774
141.0276,-257.1050,8.8280,-209.4555,125.8202,-171.0706,-29.3477,86.3947,153.4997,40.6502,76.6550,-99.6548,105.5836,-171.1982,151.0049,150.6608,-39.1646,-105.5866,241.5905
63.9919,-355.1141,-42.4539,-279.6844,65.7556,-179.9878,-65.4289,89.2577,218.5377,82.7174,4.9306,-120.3498,29.5988,-181.1250,116.5681,121.5079,-120.7588,-121.4517,213.2617
-88.4493,-359.1042,-156.4444,-344.8094,-90.2075,-271.5414,-151.3186,30.9093,227.8827,90.4578,-113.2581,-160.6298,-86.8762,-175.9206,87.9448,52.1493,-188.8946,-186.9847,115.4582
-165.3920,-279.5883,-252.1830,-363.2388,-264.4687,-430.7742,-276.7736,-49.8894,214.5833,61.4918,-188.9088,-174.3648,-169.5550,-239.4226,47.9662,8.7926,-162.0352,-274.6261,36.3049
-134.5669,-275.2497,-267.7198,-317.2950,-316.4260,-475.3980,-385.4744,-104.2989,211.3109,-4.1528,-189.7962,-155.5903,-175.5616,-280.8517,5.9208,-38.1543,-59.1690,-300.4702,38.8377
-107.9196,-418.5171,-231.4895,-254.6686,-218.9628,-286.0835,-441.1544,-89.2989,151.1127,-69.0707,-156.0814,-144.6532,-124.3777,-213.2649,-23.6356,-95.9647,-9.8703,-204.1985,101.9488
-143.4098,-594.3458,-177.5036,-255.4132,-43.2699,11.3941,-398.3901,18.4364,68.3667,-83.7156,-110.7413,-149.0186,-48.0923,-142.6353,-18.9126,-108.8013,-53.7312,-35.8414,207.1377
-179.1998,-636.7857,-102.7092,-300.5358,163.4644,236.9044,-261.1219,176.8666,69.6517,-39.2489,-56.1241,-135.4120,47.9350,-114.6287,37.1921,-63.3064,-90.8314,110.0320,328.0269
-147.6318,-534.4171,-19.5363,-285.2322,366.1820,372.8028,-140.1662,299.0140,124.6191,25.2107,-3.2880,-91.8208,149.5348,-28.6146,101.5714,-13.7134,-67.0093,207.9704,389.7583
-49.1997,-409.7737,42.6410,-194.1148,503.0655,458.7273,-102.6966,336.1455,133.2536,48.9078,37.4933,-51.4151,209.9240,84.4166,100.3753,-7.9679,-22.8879,267.2878,363.4339
45.5380,-324.9721,78.4939,-110.7178,548.0034,472.4657,-85.6985,316.4456,80.7354,13.4776,67.0295,-39.9186,220.0468,102.2195,36.4608,-37.4514,27.2738,283.2741,305.0444
57.9900,-257.8037,103.4190,-56.6180,527.4575,418.7679,-56.3177,294.7807,15.1812,-24.9533,96.8094,-31.3897,229.9952,54.9391,-13.9632,-46.4839,100.8301,278.5050,257.2094
14.1608,-208.8120,132.7713,14.2235,465.5120,355.7141,-61.6538,284.2200,-5.2773,-20.6795,129.7545,0.3927,249.3932,24.0293,-13.8574,-4.4803,175.0981,269.7106,221.1483
8.7294,-198.5906,155.3074,82.7232,373.9229,290.5467,-94.1886,262.6126,27.6936,0.0648,138.8867,20.9736,227.5398,12.0116,1.8326,47.3666,204.1786,206.7732,189.6308
42.0603,-231.1078,127.0943,73.3577,249.1738,167.5087,-112.9359,213.6692,28.7978,6.8034,105.2847,-13.6681,148.7660,10.9238,4.2279,57.8330,161.3097,57.3648,126.3293
40.9771,-284.4273,44.0523,-20.4001,67.5675,-42.8115,-146.9993,118.6517,-42.5009,-1.2717,52.6044,-83.2633,41.8083,-24.8212,11.1640,16.3764,55.4554,-122.8445,-6.0465
-1.2945,-291.1112,-32.4996,-124.7583,-148.4552,-274.4324,-227.5772,-25.8024,-93.8568,-30.2832,-4.0469,-134.6857,-71.9068,-134.6780,32.3492,-55.4187,-61.5164,-259.5153,-162.3314
-47.7414,-230.7407,-78.7379,-192.0537,-300.8234,-389.0390,-308.7157,-139.5717,-84.4801,-57.3651,-81.0178,-152.4325,-163.9301,-190.8726,38.5376,-85.2818,-140.0765,-300.7107,-238.2889
-90.9991,-213.0358,-132.0649,-242.3930,-321.3615,-326.5126,-320.7310,-118.6032,-74.3358,-23.0040,-167.2362,-163.7116,-204.5569,-92.9925,20.8049,-21.1411,-186.1176,-235.2717,-184.3054
-127.7989,-297.0314,-199.0090,-295.7693,-254.0876,-197.2085,-237.8551,6.7629,-30.5601,61.3909,-220.2542,-189.7308,-201.2448,5.6871,13.5815,35.2947,-225.9561,-157.1383,-63.6022
-145.1793,-363.5063,-254.8174,-328.3959,-188.1391,-124.9383,-115.4001,99.1853,92.0900,109.3802,-223.2576,-210.5776,-167.4565,-1.0347,21.6888,-23.7236,-248.5121,-167.6146,9.5423
-118.2208,-312.5754,-274.7787,-306.5879,-147.0237,-88.4481,-50.0840,100.6822,151.4833,101.0093,-191.7936,-191.0865,-107.9179,8.4345,8.3345,-86.2833,-215.6286,-185.7048,4.9117
1.8082,-176.4246,-205.3457,-209.5181,-81.2564,-13.8426,-38.3222,75.1011,67.4720,98.8304,-148.8309,-130.0854,-59.4147,64.2870,-17.0962,-29.7075,-109.8391,-71.6470,3.5389
205.6906,-6.5858,-40.3295,-37.7675,28.5167,100.1648,19.4347,93.2295,43.3217,128.7450,-105.7909,-56.8114,-51.0273,68.3346,-0.7652,37.8659,33.0996,113.9629,56.1415
389.1755,146.0970,113.9863,146.4220,123.4386,212.3425,126.7701,164.3757,189.9828,161.2981,-44.2118,7.4179,-49.5261,56.1985,55.4140,22.0939,147.6993,217.9383,122.0383
492.8649,240.8975,197.3975,244.4862,162.7012,288.4067,185.6520,240.7530,283.0625,172.3153,43.1843,62.6172,-22.1963,78.5973,88.8270,10.3888,196.9313,234.5843,156.8276
558.5137,321.3076,252.7103,232.6492,168.5037,298.3894,168.2794,241.0360,161.9053,139.8815,97.8586,112.0861,13.6787,63.3726,61.8738,29.4378,182.4980,220.2012,126.8205
629.7610,415.1396,259.0171,175.8079,139.9239,223.5137,114.8861,124.8987,-26.7536,46.2289,70.3006,133.1849,31.2834,37.7119,-2.9501,11.3389,142.4475,151.4491,17.6168
731.4203,474.1794,187.2492,131.2166,63.0784,86.7228,55.6758,-32.6198,-109.1439,-69.4557,6.4436,103.2154,18.1490,104.1802,-49.3256,-16.8366,164.6623,36.3859,-66.9999
856.0264,524.3195,154.9912,117.4499,-0.4115,-30.4826,40.7258,-117.2983,-52.2789,-143.0808,-35.7464,72.9685,-10.0919,173.9050,-32.8555,-39.1948,292.7018,-33.0524,-8.9951
905.5035,594.7278,230.4677,134.7786,14.5616,-62.1689,97.5708,-133.7478,103.5176,-182.1844,-70.0506,108.2261,-6.1626,119.2838,38.6873,-128.3322,425.0618,-30.5381,102.5702
818.4365,579.4393,296.1280,161.3762,76.1407,-54.0791,160.7763,-166.3486,224.3954,-223.1724,-115.7396,160.2599,36.3455,36.0913,107.1652,-226.7365,460.6689,-14.6548,125.1528
696.8383,495.8712,302.9884,185.0525,132.6739,-71.6259,181.9843,-195.7493,175.1106,-232.2036,-157.5181,170.5656,68.6384,43.1292,105.6989,-204.6819,461.8473,-5.2760,125.8628
627.3610,512.5686,329.9456,214.7429,183.3210,-76.5839,197.7639,-154.2480,43.0700,-207.9546,-195.9624,199.2294,81.3531,53.5412,30.6135,-149.1637,509.5361,-4.1803,206.1031
553.6608,512.8269,359.8238,215.6155,233.3105,-51.3269,211.9171,-116.1747,23.9274,-268.7449,-241.0252,232.4021,95.3100,-34.9322,-12.6920,-229.7405,558.3650,-48.2897,296.2336
425.2040,270.2249,344.1457,150.5584,283.8417,-58.0386,186.5821,-157.5289,115.7425,-412.1221,-279.9731,139.1017,96.5676,-113.8183,59.9989,-402.4214,556.6773,-106.9142,338.7107
241.2177,-0.7026,340.6304,85.7769,333.0602,-46.2013,145.7570,-153.0150,168.6220,-410.7136,-315.0042,3.9031,92.3898,-27.8485,141.6382,-490.5722,506.5362,-84.7147,374.7333
-15.8121,-47.6103,343.1702,71.5841,334.7599,75.3516,126.1115,-30.4724,126.3120,-227.4647,-370.3947,37.8016,99.7956,111.7045,97.2041,-406.5567,380.2773,-17.2758,375.4223
-302.4166,-135.8649,257.9967,3.1461,241.2351,163.1194,95.8393,22.7081,49.3430,-176.1041,-442.5597,110.4930,44.0205,47.7975,9.2217,-270.9551,176.0270,-45.8975,285.9716
-533.4351,-475.1413,109.8904,-187.5626,81.1968,51.8929,15.0525,-88.9630,8.2687,-370.7868,-517.1103,-21.4524,-131.2132,-166.7521,-30.0625,-349.8110,-18.9743,-162.8593,171.7164
-732.6658,-779.0099,-36.9348,-370.7890,-80.6716,-113.8224,-102.4397,-181.3561,15.9518,-505.1433,-609.7855,-192.7846,-327.9513,-237.6795,-145.2470,-638.5540,-158.2966,-232.9912,102.9250
-947.9963,-887.7787,-226.7596,-433.0938,-213.8234,-160.1584,-200.5026,-162.0806,6.0795,-430.9705,-722.6907,-177.8343,-456.9895,-176.5463,-372.1881,-693.8641,-286.9620,-234.5104,48.8482
-1121.4036,-998.1382,-443.1587,-425.9748,-320.3192,-162.3279,-231.3271,-140.7070,-95.4755,-374.0204,-809.6228,-154.5518,-548.2717,-233.0270,-495.3196,-325.0949,-409.5232,-229.6257,-17.0257
-1215.7820,-1125.9661,-559.9047,-407.3352,-409.2784,-176.4986,-229.8381,-119.4609,-259.8981,-428.9971,-837.1179,-288.8161,-602.7070,-354.1973,-457.0601,-20.7640,-473.6686,-209.6560,-72.9992
-1268.4889,-1134.7922,-573.7935,-386.3951,-475.8737,-148.1678,-272.1993,-27.5533,-354.5803,-439.3066,-837.3455,-422.3834,-596.9907,-326.7496,-460.7901,-150.9077,-485.9678,-180.1755,-107.8629
-1280.8352,-1115.6888,-608.2681,-414.0009,-521.6195,-151.3898,-342.0536,51.6112,-275.8280,-379.7712,-871.7715,-465.1655,-613.2918,-240.0148,-549.0493,-365.3068,-517.5612,-218.0787,-129.8300
-1266.1573,-1165.2319,-707.0173,-503.4048,-590.2225,-261.7756,-382.6708,41.8416,-110.7160,-345.9545,-962.0915,-501.2168,-717.0401,-265.7025,-580.0302,-282.1429,-603.8475,-313.6571,-165.9556
-1290.1687,-1194.9863,-810.4801,-564.4739,-691.5972,-348.5577,-424.0895,14.8662,-79.5504,-319.7516,-1055.5272,-515.5836,-828.9779,-331.5332,-562.5838,-85.8959,-687.2451,-375.5667,-234.2993
-1323.5980,-1202.9304,-835.5261,-555.6811,-745.2879,-333.2540,-483.8130,-8.1852,-207.5957,-295.1925,-1061.7916,-498.0399,-866.6564,-354.3158,-584.1163,-62.7736,-677.1036,-402.2112,-292.1905
-1266.5372,-1240.1790,-738.7271,-526.2495,-721.7239,-322.3087,-500.1607,-79.3996,-272.0832,-355.3649,-954.1508,-546.9147,-844.8976,-371.5289,-610.7933,-151.3466,-578.6038,-424.6872,-318.1350
-1139.1829,-1196.4553,-598.2120,-475.6593,-694.0201,-330.6860,-494.3383,-149.6068,-225.5807,-471.4738,-817.2367,-619.2166,-809.4481,-355.2883,-625.0424,-191.0859,-497.1853,-397.2603,-384.2609
-1046.1241,-1054.0477,-543.9390,-385.7080,-682.1736,-283.6739,-558.1151,-159.1304,-297.8425,-549.7688,-756.2891,-594.6353,-801.1162,-286.7146,-686.9722,-190.3849,-491.7192,-330.3134,-515.6058
-1037.2144,-1018.6915,-586.1502,-327.2184,-684.9212,-246.7269,-649.2594,-159.5626,-544.9646,-619.7493,-784.6636,-563.3967,-821.9130,-268.2554,-779.4438,-210.4068,-530.4176,-317.5170,-627.2875
-1109.0400,-1113.4896,-657.6860,-331.6548,-795.6406,-281.3739,-664.6494,-163.6028,-754.2339,-686.9570,-839.6169,-627.4513,-815.5931,-304.1825,-832.0969,-210.9133,-587.1389,-334.2350,-683.6510
-1212.0994,-1097.4656,-736.9594,-306.2844,-999.9243,-281.7238,-638.8701,-105.3870,-829.4154,-641.7090,-877.3660,-663.7856,-777.8510,-282.2424,-837.2556,-140.3416,-660.9617,-285.6813,-724.4949
-1254.8771,-896.1579,-796.2401,-230.3421,-1089.7843,-209.9278,-645.4186,-17.5311,-845.3883,-514.5494,-901.7709,-597.4854,-783.0803,-257.4466,-813.1566,-85.9881,-732.6749,-236.9402,-745.9828
-1193.1566,-682.7314,-791.3495,-216.5996,-1016.9567,-188.5703,-652.3519,-3.8837,-832.5724,-469.4215,-918.0276,-551.3547,-836.4754,-358.3737,-772.7794,-133.4740,-784.9888,-293.4406,-727.2348
-1071.2920,-584.0045,-768.2278,-286.2556,-967.9860,-237.5515,-616.4948,-55.0723,-803.0156,-478.1011,-916.4814,-575.4218,-869.1854,-475.3409,-738.0210,-151.9597,-822.7403,-370.8266,-677.0940
-982.1210,-612.7216,-807.6691,-336.0398,-986.4338,-241.4068,-559.3769,-86.1069,-787.2621,-398.9937,-904.5634,-577.9808,-863.5316,-443.7322,-705.8835,-29.8145,-855.0641,-354.0606,-585.8259
-1002.0440,-721.4694,-882.0478,-345.9226,-946.3931,-187.0986,-509.1573,-87.5452,-759.0378,-302.2804,-899.2896,-535.2437,-828.1530,-369.6606,-669.9109,44.9856,-881.2438,-293.1285,-474.8770
-1077.5896,-771.0030,-893.8425,-357.8266,-847.3060,-153.7846,-479.1604,-99.0136,-718.4418,-326.8308,-874.6512,-503.5761,-751.0955,-403.4957,-654.6163,-70.9089,-864.5907,-242.3360,-426.4053
-1055.1626,-660.4635,-795.2008,-311.7598,-760.5181,-129.6137,-465.2980,-107.6468,-725.1916,-390.6176,-777.1629,-474.7614,-657.5447,-430.0325,-656.1816,-167.9074,-757.0165,-143.7499,-435.8090
-911.3354,-493.0453,-617.8500,-156.0146,-660.7418,-56.3029,-433.7146,-79.1036,-753.1234,-361.1509,-608.5314,-387.5727,-580.4731,-321.8351,-649.3578,-88.4455,-593.9752,1.6822,-412.0210
-759.3267,-418.0414,-439.2244,-1.8977,-537.9106,30.1850,-382.7206,-43.5337,-739.7392,-283.4720,-428.1133,-255.0237,-500.0236,-209.6635,-646.3450,8.1523,-472.0977,80.1615,-372.2087
-632.8665,-422.5750,-322.4058,32.9832,-446.3651,51.2032,-364.8996,-64.3018,-710.1888,-233.8533,-281.8896,-171.5896,-416.4142,-202.9911,-632.4785,14.2879,-421.7927,45.2740,-400.1506
-519.6428,-419.2139,-278.6500,-15.9188,-386.9397,2.8612,-375.5018,-133.6396,-652.2104,-179.9387,-192.0315,-159.7987,-368.4835,-177.0065,-552.9040,-0.6662,-406.7856,-28.1107,-445.9177
-463.1802,-383.6983,-278.3910,-68.6184,-332.6131,-54.0297,-331.0328,-166.4828,-495.6632,-74.7830,-163.7012,-126.6160,-341.7306,-68.9534,-426.7178,-34.7396,-395.7336,-66.8075,-396.9294
-432.2995,-343.8002,-259.5492,-95.8298,-293.4597,-66.9135,-220.8640,-104.4143,-294.0104,81.0617,-148.2072,-51.2667,-295.4854,-14.2260,-319.3844,-61.4911,-365.1744,-53.7827,-272.8934
-355.2599,-335.7554,-176.8089,-78.2133,-252.4972,-33.0662,-133.9029,14.7044,-147.6115,249.0296,-90.0990,-28.5596,-240.6839,-54.0054,-241.3057,55.8088,-321.4293,-1.7448,-183.6185
-303.5209,-340.7964,-84.0016,-19.3397,-166.0932,8.1658,-80.7823,103.7578,-44.7489,349.6065,-23.1416,-47.1815,-188.9964,-71.7571,-187.1828,234.3206,-298.0594,60.0491,-164.7571
-321.6400,-278.0160,-54.3278,44.2788,-40.5679,39.7953,38.4542,132.8097,19.6175,347.4497,4.4805,8.5985,-112.7571,-29.7032,-143.4757,210.0370,-257.0750,116.6174,-150.3423
-276.6761,-157.8683,-34.2139,119.3765,86.5155,96.6971,233.8467,153.7273,19.4552,314.3100,42.6986,111.0369,-1.0097,17.9935,-57.5581,46.3244,-130.6784,188.9880,-83.8449
-146.6542,-87.9471,54.2138,228.8419,195.3983,183.5252,383.3216,193.5251,34.3530,306.1752,133.6376,140.2134,113.1102,46.5258,54.4081,43.7483,16.0249,278.3258,-4.3020
-84.3133,-47.7902,152.6999,310.6539,285.9953,235.5906,436.2893,202.9753,115.1312,296.5792,217.3855,117.7770,179.8898,50.8591,111.1237,179.1671,64.5279,329.6104,19.3223
-81.9203,43.5796,171.5243,287.6732,362.7784,216.4406,450.4493,165.7321,157.0881,285.0349,256.6153,124.4651,184.0639,50.8131,135.9126,203.4540,23.1527,305.0160,-1.4840
-17.2526,74.8741,117.2336,188.2240,391.6035,159.3150,431.0175,136.8711,128.6591,303.4724,284.8867,135.4717,177.2605,78.7086,189.3976,138.3630,-40.6655,239.6400,-9.0390
51.2893,-43.7153,38.4795,89.7595,320.5808,93.8375,361.9845,127.6370,132.4902,331.1911,297.1828,126.3792,196.4409,93.6637,223.1928,166.3588,-97.5228,182.3965,-0.0487
26.9324,-133.0105,-10.4688,30.0158,197.1105,31.3052,307.8209,94.8104,148.5653,341.3541,278.5977,152.5626,188.5762,67.2940,211.2683,228.8962,-110.4662,144.4166,-23.6744
-12.5409,-92.3201,15.9257,24.2269,138.3205,-13.2907,282.3275,37.7532,79.1497,345.0158,286.9480,222.9788,129.1750,75.9747,203.5876,155.6035,-62.2852,129.3815,-103.8007
26.4209,-67.0308,86.1033,74.0953,157.0913,-51.2415,222.6085,-19.2852,20.8796,343.0160,355.0907,265.6433,108.2544,125.1251,185.0236,14.4630,14.6396,138.8641,-178.0798
139.3707,-42.4224,142.5147,148.8536,181.1891,-91.3369,202.2298,-66.3113,139.5777,350.0078,433.6257,251.4639,176.1552,124.4300,156.3044,9.0358,119.7544,139.4993,-146.5101
291.3066,118.6127,194.4736,206.8615,211.9114,-92.5307,338.7540,-71.2181,352.7605,394.0268,498.5522,234.0434,254.8215,111.6431,213.1794,160.1505,237.4057,107.2464,-31.4123
397.0022,243.6568,241.1862,210.6004,297.2835,-46.5208,506.9294,-28.9161,432.6917,421.9090,563.8840,254.0563,284.4830,154.2149,338.5313,318.0000,264.9486,83.6442,26.8940
373.4644,135.1149,255.2008,140.7840,420.2453,-4.7969,539.2860,0.2656,360.7685,382.6265,617.7222,273.9084,311.0777,155.5322,423.4471,374.7364,195.5435,104.6168,13.1313
297.2052,10.5635,297.5740,48.8253,535.4169,48.9003,547.0941,22.1466,317.4665,357.1774,667.2571,244.3884,402.0477,93.3365,508.7906,320.9170,178.7854,138.1247,61.9190
308.7064,79.4826,416.2492,29.6941,634.6779,168.8158,665.4968,113.2483,350.4049,384.7163,741.3721,194.4971,561.9063,124.2091,635.1733,221.2510,250.5863,163.6752,185.0599
403.7558,181.0199,504.1079,90.6205,710.8741,281.6100,769.8716,224.3968,354.4251,365.0709,809.6621,185.6040,707.1560,240.0732,670.4329,199.2271,292.3088,196.8057,255.2190
486.1765,191.1171,498.6433,130.7581,725.0968,272.7214,733.8044,226.8046,359.4341,309.9596,829.8126,211.9950,724.9977,245.5128,585.6504,306.2805,280.6872,198.0708,252.3531
510.0000,189.0773,510.3085,88.7229,660.9966,183.6542,642.5439,146.2848,447.1074,337.0162,825.8143,218.0952,615.1881,123.2617,532.0425,440.7724,284.2796,125.6762,253.1551
496.8461,167.8802,576.7250,28.1531,580.0546,133.4791,604.6561,100.8437,472.2422,362.1558,823.2125,179.2723,511.3240,49.8835,540.2160,505.7592,312.4193,59.8944,265.7148
509.8728,110.2334,584.9438,35.9830,550.0677,143.9212,621.8668,98.3604,337.6011,244.0672,809.6793,139.9686,504.0578,110.3762,543.3410,494.4038,358.2804,79.6580,271.0560
568.3616,121.6749,509.5231,94.8148,533.5749,160.8912,653.7246,89.8216,291.2344,125.6765,783.3554,178.6559,534.6399,198.5443,578.0749,397.4163,418.0257,110.9154,281.1561
584.8706,171.2587,441.0902,115.7910,458.2506,144.3621,654.1268,72.8029,453.6171,174.5755,745.8035,273.9317,509.0275,165.0539,649.2188,276.1793,436.9925,81.4085,265.2807
521.9637,122.6354,414.0579,66.1160,354.7353,82.1597,601.8933,29.8451,517.0717,231.6843,698.2358,269.9467,431.9124,56.7902,654.0352,307.4706,399.9427,42.9898,176.5331
494.5309,59.2442,403.3712,-17.0062,289.1397,-21.5257,527.3433,-76.2696,354.8540,111.7200,666.2289,126.2760,374.2830,69.9236,584.8965,481.0516,362.1902,13.2005,63.3316
544.1302,102.1435,390.7056,-106.4800,266.8180,-136.6412,475.7194,-196.3774,284.5775,-56.6173,641.1311,35.6836,360.8559,168.8414,541.9673,543.8488,330.6611,-46.9214,43.3733
538.6620,121.5485,365.8264,-174.1841,314.0019,-185.4983,499.6763,-208.6254,430.1274,-70.8725,583.6929,100.4952,369.0007,139.5330,565.3093,440.7639,298.7874,-66.3925,166.2664
445.0459,23.3848,353.0855,-160.9473,456.8998,-101.9855,620.2429,-75.8929,525.2869,41.9853,542.1013,163.0089,404.0607,57.3481,608.8876,368.0219,307.0791,28.0559,321.4383
398.9451,-48.7597,375.4747,-73.9348,569.8121,39.1079,717.6450,79.2982,447.5337,125.0399,585.2014,119.0928,462.1423,114.0899,589.4199,354.8948,309.3365,121.4572,328.8753
414.5032,-23.3679,369.2799,-15.5938,501.5800,92.8212,644.0125,125.3011,324.9561,116.6672,647.5402,54.2340,469.9861,150.6628,469.4782,305.6451,201.9403,106.1035,173.1345
355.6404,-8.4345,272.1388,-24.4314,318.5995,71.9916,468.7141,103.2702,211.6065,87.6031,648.4878,-9.8826,389.3999,-8.2997,339.0208,298.4222,37.3845,72.1494,21.6476
221.4635,-38.2771,138.1847,-28.0132,180.9183,85.9264,361.1030,131.9928,93.0753,108.0012,628.6201,-145.0906,287.7065,-163.5227,287.2802,389.3807,-67.7880,91.2953,-41.7421
142.9708,-50.5370,35.9197,-1.0218,108.2290,108.0628,314.4657,198.9243,-0.1235,151.6530,614.4459,-299.2766,216.3354,-145.3650,267.4330,435.6744,-144.6853,87.6668,-85.8831
118.7575,-56.4320,-40.7612,-0.9122,48.6528,71.1280,244.0018,230.9524,-71.4024,175.6148,570.3320,-338.1556,167.9215,-57.9550,229.6188,379.1306,-247.1010,42.1787,-127.3845
38.8263,-107.1051,-93.0880,-37.0620,-2.7569,38.3339,181.0317,254.1994,-112.8717,197.3539,524.1849,-252.8136,155.8268,18.4605,202.2009,320.7180,-312.9251,28.3899,-113.2401
-70.3476,-168.1845,-105.1246,-55.7447,-51.8461,48.5539,168.1885,289.2498,-44.9735,220.6403,500.4674,-158.6512,160.0074,57.2456,186.8251,295.1684,-295.7391,34.2956,-63.2330
-70.4757,-155.1630,-103.0751,-33.2975,-112.2305,29.8068,165.1259,267.6493,100.6721,219.7407,434.1564,-133.7812,103.4311,-4.2035,177.9853,304.4383,-226.9178,6.1909,-26.7125
42.4017,-71.1689,-109.7426,9.9988,-157.1176,-12.5584,147.3864,195.9242,155.5419,224.5358,334.8637,-135.2656,19.4494,-107.2001,196.2169,370.9443,-146.6264,-14.6120,-1.7851
112.9110,-26.9082,-110.6950,45.9288,-161.3841,4.3520,124.3995,178.7274,75.3197,266.9394,308.4967,-102.8174,22.6692,-150.3744,193.0590,388.6962,-107.9299,15.5178,11.1367
62.8835,-60.6520,-102.3529,61.1280,-138.0669,67.0567,86.4190,229.9970,-19.7760,304.2318,339.3235,-84.3355,73.8869,-146.2221,129.2529,257.8160,-122.3409,51.5702,17.1227
-0.2837,-44.4153,-79.6535,83.0064,-98.4957,122.9836,49.9925,289.7824,-40.0940,329.3288,326.6425,-116.7594,61.4153,-62.2307,87.4099,128.5226,-88.4824,60.4805,68.5742
33.7462,91.5225,-20.7156,150.4844,-42.2557,183.0786,61.5962,366.6201,25.1942,405.1616,291.2799,-93.2220,38.0859,104.6037,99.7640,170.0975,44.7852,66.2114,171.7550
117.6979,205.2215,47.4795,237.5828,10.7836,233.6717,105.3414,458.4936,121.3575,508.2088,294.3478,30.1568,91.1674,143.0810,89.9425,295.7495,161.6391,68.9315,241.3748
155.6962,186.3655,65.8177,271.7237,22.6001,227.4043,115.4787,476.0923,136.4741,540.4653,290.7482,100.8874,147.2133,14.9855,69.9091,341.7780,181.3032,38.7512,230.0530
153.8595,138.6434,45.7706,232.4650,-9.7697,189.3072,89.8454,405.0049,88.4796,511.1309,242.7179,52.0125,128.6272,11.2949,89.5918,275.3619,170.2879,-16.4974,201.5390
162.5988,165.3367,50.6261,170.9596,-21.3540,177.7954,95.5173,365.9343,156.9023,508.8657,204.4485,14.9232,96.7496,165.1867,89.7704,180.1063,174.8916,-45.1261,230.8660
183.3109,204.0235,96.8794,140.5042,35.3574,193.2616,154.4422,407.0043,319.7273,536.1761,205.9948,45.5419,113.3082,202.9028,55.1762,187.6031,170.3227,-16.1528,297.3434
211.8261,185.3840,144.8439,142.5781,96.6246,203.0742,207.4180,418.6265,319.0077,522.5927,208.6301,77.5244,143.5300,125.7573,62.6747,294.0506,161.4324,23.7857,312.7184
257.5406,156.7469,152.6307,136.2668,90.4449,175.0914,219.6687,320.2688,158.2771,436.3929,194.3325,100.6675,142.2552,106.0430,92.0246,285.7006,156.4696,-2.7892,240.2888
289.5919,180.2894,130.9283,102.4451,64.8856,86.8409,228.4677,163.9978,102.7606,300.3718,194.3733,109.4236,122.5049,94.5102,87.8026,81.8556,136.6676,-83.7807,133.1761
280.1299,241.7388,150.0438,78.2804,81.1619,-39.1515,238.0662,17.5847,131.8241,160.4013,227.7633,62.2432,125.8580,41.9010,98.6228,-94.6531,128.5139,-132.3722,47.5620
271.6299,299.0441,234.0775,89.0380,98.6238,-147.1543,190.6479,-101.7070,26.8233,67.1981,259.8828,16.8943,159.2927,16.7419,137.3656,-111.7457,162.2176,-136.8072,-0.5971
300.6444,343.0997,295.7189,95.4754,70.9161,-198.4355,93.8017,-167.3304,-121.6059,39.1085,245.7696,47.8524,185.8814,-12.6911,141.0277,-93.9983,182.2239,-159.0661,-7.4754
323.3391,360.5205,269.9393,62.9893,15.0971,-185.0052,33.5804,-161.1385,-130.8937,33.8733,197.2495,87.1678,186.9580,-46.5315,118.2251,-91.0530,139.3591,-196.0873,4.1848
288.9444,300.4113,207.7448,9.0785,-33.5399,-140.6450,39.2985,-133.0666,-116.0066,0.6430,151.4572,73.8267,178.4819,19.2357,106.5880,-38.6845,75.8275,-199.5176,9.5857
219.2532,184.2779,154.9767,-50.7718,-26.9029,-117.5980,69.1518,-121.5218,-151.8173,-26.1183,102.1003,65.1651,165.7674,105.5613,100.1376,-1.5142,27.9180,-176.0358,49.1796
178.6749,166.0554,95.0896,-102.6885,33.5121,-99.1149,93.7637,-78.0576,-77.8164,45.0727,48.6377,93.1397,152.4118,80.7525,113.8568,-48.1919,-14.2964,-131.5988,143.3462
196.2035,306.9713,59.8530,-88.3938,18.2334,-20.9143,98.0020,26.7500,74.4790,200.5883,45.0767,136.7537,146.6778,59.3239,136.5862,-64.0281,-22.5085,-35.7808,210.0591
229.0552,413.3925,114.8714,12.8422,-135.4927,92.6794,79.5633,121.3207,103.6157,304.7849,99.1271,184.1451,121.6646,120.6801,118.9325,29.5706,40.7419,69.0188,218.2453
227.1478,320.4293,225.6847,103.9388,-240.7677,145.8083,83.6251,134.8665,96.0457,303.0877,132.5774,177.5484,81.1049,141.7489,120.9291,113.8748,132.6313,93.0109,250.4133
207.9724,158.3146,294.6200,98.6501,-136.1695,115.0199,148.9463,87.0327,224.6958,276.5490,119.3895,77.1524,119.2942,106.1181,209.5870,85.4322,190.5075,57.5389,308.4423
194.0684,107.5146,295.3945,45.7755,43.9430,51.4024,232.7019,40.0073,343.1262,260.1000,117.1756,-19.9662,252.5371,71.3304,270.3080,11.2641,216.1743,44.2443,309.0186
154.2430,125.2906,263.9192,24.2515,112.5275,-6.0178,257.3819,27.6425,302.6688,219.1824,127.9713,-27.0510,332.2018,-10.5814,228.0921,7.4949,227.0965,44.0482,279.9596
94.7406,122.8774,214.6169,27.3203,87.2655,-34.7787,203.0005,37.7671,252.4228,189.7026,91.1622,14.5616,284.9492,-60.6351,196.0258,83.8631,206.9693,19.6801,284.2848
72.9092,147.4108,130.5078,16.5001,42.2497,-34.6909,123.0171,37.5109,292.4387,212.7124,11.8660,74.5794,221.6913,67.7964,196.4411,134.9758,143.3587,-12.9440,251.4147
82.6083,224.9655,10.5471,-17.6507,-24.5454,-59.4409,77.1402,5.1278,300.1579,211.9816,-48.2638,148.4593,208.1692,197.6832,136.4841,81.8232,60.6768,-65.9803,122.9758
94.4396,274.9100,-87.1588,-61.8701,-92.1425,-143.9117,54.6146,-72.0585,233.2915,134.4074,-73.2283,170.7688,184.0205,107.0172,76.9830,-5.4662,12.5137,-160.1343,-11.1618
137.8798,272.6605,-84.6815,-74.0015,-102.4786,-221.4110,7.2940,-183.9914,187.8224,65.3566,-84.4521,138.2076,133.0458,-11.6311,109.0600,-6.3098,36.6566,-215.5186,-76.9910
182.8033,285.3762,-3.9610,-24.0914,-62.5467,-218.0948,-56.6486,-268.2195,167.8563,62.9964,-94.9014,137.9235,95.2593,62.3796,139.2464,68.8571,86.5897,-164.0246,-123.9358
138.6738,332.9326,36.8757,33.1356,-38.7350,-177.6099,-105.2444,-285.3033,106.7601,62.6853,-120.6864,154.2213,53.8992,157.7874,95.7930,102.7812,69.7902,-91.2297,-200.5732
75.4881,385.7226,-2.2691,33.5290,-71.5730,-180.6911,-155.1866,-288.8213,32.9312,26.5974,-155.9510,118.5055,-14.5341,89.3363,50.5736,42.5180,-10.8161,-88.1890,-274.5494
150.3838,455.9674,-40.3791,16.7710,-138.1746,-206.1767,-209.3659,-300.3521,-1.2875,7.8439,-146.8284,90.9190,-64.5587,-16.5587,25.5692,-37.5922,-65.6265,-108.6210,-294.6678
306.1226,554.2996,-37.6815,32.5606,-181.5315,-189.7380,-222.6220,-245.1328,-44.0526,31.0006,-82.2670,128.4318,-57.8648,-11.1530,-7.8084,-46.4023,-73.3160,-95.0099,-255.3632
364.4142,619.7590,-41.2102,30.9085,-177.7043,-149.4937,-194.6343,-134.8844,-114.8984,44.1777,-47.4314,156.9547,-26.1561,34.8966,-3.0667,-9.7476,-81.6519,-71.2265,-193.7882
326.3991,594.9418,-61.1515,-20.5087,-150.9029,-136.3410,-172.0890,-96.5150,-96.5059,6.0626,-94.5333,136.8605,-14.3240,8.9700,52.1652,-30.3218,-88.5828,-56.8322,-138.7210
304.8482,514.3804,-58.3061,-50.2399,-112.1226,-141.0774,-161.6435,-141.0531,30.0835,-51.0460,-159.1112,121.9321,-27.1702,-47.5140,70.1780,-117.4652,-66.7398,-40.4598,-89.2593
311.4522,447.0667,-38.7316,-20.1369,-57.4397,-147.2504,-153.5375,-163.5977,52.8359,-71.7246,-176.9053,127.8883,-46.1063,-46.5403,18.0853,-179.6163,-37.9611,-25.4268,-55.3757
295.4680,395.0968,-35.8445,10.2281,-21.6781,-172.4657,-169.0405,-158.0941,-112.6286,-70.6942,-162.2686,134.3148,-52.8418,-37.5210,-40.0234,-188.2227,-20.5792,-12.2468,-58.1513
248.5024,314.5675,-35.6573,8.0155,-30.4890,-196.7049,-219.5503,-181.4192,-241.3372,-109.9056,-138.1523,132.9576,-31.0145,-93.3532,-60.7539,-196.3466,5.6227,2.5758,-78.5917
197.6032,219.6982,-9.3495,-2.1250,-37.0872,-174.4427,-290.5123,-207.1199,-202.1682,-171.3912,-113.4008,94.1362,14.6043,-124.3102,-48.4196,-216.3998,42.0393,-12.8502,-71.5519
184.8891,192.3302,25.4637,-24.3850,-2.9771,-131.9091,-349.4462,-199.5891,-122.4378,-164.9859,-111.4307,24.0865,44.4108,-52.2957,-7.1608,-217.2280,71.9894,-81.8552,-22.3996
234.5912,260.9919,38.6160,-65.6395,37.2345,-123.9693,-337.8647,-186.2711,-53.2798,-82.2372,-123.8139,17.0604,42.7552,17.1065,52.4216,-189.9561,103.2424,-152.4891,44.2269
308.1570,337.6538,46.0118,-73.7906,61.3832,-127.2883,-245.7685,-176.5025,47.4371,-1.2409,-103.4365,119.8049,59.1943,17.9771,91.8623,-141.9777,149.1919,-152.4933,91.1304
348.6058,330.3752,82.0349,-17.8500,98.0080,-91.2857,-162.9557,-149.5936,93.1455,59.2037,-51.8423,246.8619,115.4683,26.5194,79.2354,-98.3175,207.2457,-88.8188,111.8265
357.5378,264.2736,131.0166,43.6725,138.9447,-34.8417,-146.3356,-110.2561,50.4277,132.4167,-10.8195,301.5298,147.5774,46.9477,36.5784,-95.7138,262.8841,-35.5950,147.0560
374.4087,226.4851,148.6288,55.6534,138.4397,-5.1612,-136.3947,-71.9796,57.3334,179.7153,24.2346,276.1941,127.7780,43.4874,12.2707,-110.7758,288.6095,-28.4613,210.1778
400.9158,243.0904,148.5217,45.9066,107.9541,-1.4051,-90.5447,-50.1076,128.7034,131.2700,72.3212,226.1488,118.7333,84.6059,15.6980,-92.1863,281.0897,-23.2375,239.3533
395.9806,286.1806,187.3124,61.6677,98.2639,7.4855,-56.6818,-74.5847,140.7506,18.4260,109.2681,209.8736,142.3284,156.6312,27.3162,-84.5205,286.9305,17.4173,197.3202
355.8623,351.2878,268.3714,103.8805,118.4718,36.5026,-63.2160,-133.6481,98.5856,-63.2828,130.3748,236.4957,159.2360,128.7987,36.3407,-150.8504,327.1906,68.7439,142.8741
338.0595,431.1447,347.6588,148.7164,163.6612,83.9812,-62.9049,-157.6908,61.5752,-89.6369,174.7304,262.3758,187.7001,54.2450,34.1822,-209.6834,354.3216,113.7624,139.3429
361.3539,459.3477,401.5245,170.0601,250.9836,141.0360,-8.3034,-111.2958,20.4847,-106.6576,236.3409,250.6864,264.8596,89.5547,40.6019,-159.7439,331.4612,163.4197,175.6579
373.0048,392.2827,405.4815,140.0815,358.1943,182.2794,82.5111,-39.8122,15.3096,-128.4034,250.8796,211.2008,340.1097,156.3697,107.8807,-82.5205,268.2586,189.5202,207.4698
359.6116,300.4677,328.0837,63.8742,423.8102,183.5241,148.2600,-7.7781,66.4978,-127.8548,194.6378,184.2898,360.1231,106.8257,213.8726,-106.4531,188.1523,170.5691,216.9858
362.5841,272.1109,220.8355,0.2384,447.6876,165.5690,170.4566,-25.1034,79.4975,-109.5478,127.5246,190.7268,365.9381,23.5311,263.6742,-182.1750,144.8902,165.3320,229.8228
374.9663,293.5071,192.4672,-0.8501,477.7634,167.1259,198.3463,-42.8874,54.6943,-106.9595,121.8253,195.8757,402.6327,33.4333,254.1554,-184.1440,192.0895,201.5718,275.2732
363.7261,311.8933,248.1189,37.8086,497.6491,168.5552,251.2183,-36.1290,89.3060,-121.4127,173.8102,172.9482,442.0289,96.1430,266.3475,-118.2247,283.8618,200.7652,322.6810
345.6967,318.1411,292.1683,57.3034,451.6587,122.6768,274.6109,-50.8362,123.1828,-132.8148,213.2911,168.4130,444.4675,132.8503,303.5880,-75.9095,325.4174,126.0049,313.5916
338.2368,315.4337,285.6327,40.8162,355.9606,49.7153,236.9176,-106.4206,53.0778,-139.4335,204.3748,202.4693,406.6480,126.9963,304.2398,-82.6782,315.1497,52.3700,261.7094
329.9763,315.4084,260.4278,23.5855,276.5180,11.8189,177.2583,-134.7908,-61.2761,-134.5126,176.9581,200.7302,339.6659,96.0780,247.5895,-96.3310,311.2810,39.5126,234.6592
319.4606,343.3868,222.4818,38.2954,229.3232,23.8515,135.7865,-97.5076,-158.3934,-102.3203,147.8843,139.6099,255.8519,83.7442,159.5555,-87.0877,321.1944,74.2981,244.1437
292.9249,351.9131,167.3168,77.5261,173.0879,52.0270,106.4342,-48.9453,-241.7733,-63.4874,109.1455,100.6376,175.5564,97.9059,93.5281,-65.1923,325.8721,110.0789,240.8073
244.2267,256.2796,132.5877,112.4082,78.5859,58.2786,59.6018,-30.4005,-268.3161,-54.6443,86.2150,109.8796,120.7146,92.1673,73.5720,-57.7319,328.1333,90.8676,203.4398
236.5935,123.4988,142.2418,126.2920,-24.1709,36.2686,-9.1321,-30.9818,-268.0414,-81.1069,95.9833,116.1188,90.6789,83.2693,36.9972,-66.4098,325.9824,26.1511,162.7583
295.1873,106.1775,160.4965,119.1965,-76.5989,26.5428,-61.2404,-54.5998,-352.9988,-140.6989,99.0334,116.9484,62.4132,117.1700,-43.4408,-64.0024,310.7868,6.7493,137.4643
325.2153,176.6361,155.6504,102.1478,-74.0884,44.3433,-77.9817,-101.8919,-459.9966,-216.9026,82.8771,129.0217,35.6713,125.9489,-87.7868,-57.0952,287.3007,44.3272,103.4911
287.9840,201.9464,146.9513,97.9224,-66.6378,30.4152,-89.3878,-125.2648,-450.1484,-239.0066,87.8614,121.9525,35.8443,58.0596,-86.1729,-88.8625,259.7581,43.0420,58.5844
274.5515,210.5895,154.6577,119.2500,-59.0548,-26.4556,-87.6088,-94.2428,-394.2299,-173.7836,107.0430,93.1040,53.8947,23.2637,-105.3613,-140.6334,230.2948,-0.6603,53.3642
316.3279,289.0912,162.2108,145.6482,-0.6432,-34.3737,-29.5072,-43.5703,-403.5027,-102.7475,94.9161,82.3827,67.0143,75.8544,-98.2539,-138.5206,206.1261,9.9276,97.3224
345.3562,363.7968,158.5373,153.6807,116.7942,30.3146,46.8164,-4.4193,-418.9040,-76.9888,63.9486,88.7291,109.2467,88.6291,-21.0380,-89.6176,184.7953,76.9220,125.9011
336.4060,348.3442,161.4836,151.8617,244.7992,74.7810,73.6569,34.4734,-382.1955,-38.9720,47.3941,81.0621,197.9308,3.6780,13.2716,-75.1395,164.7238,124.1937,116.6646
313.6452,303.9234,168.9845,157.8978,334.0359,65.9342,78.8973,66.2067,-328.6387,6.8861,34.3559,57.6466,250.8179,-72.2413,-30.4687,-104.2403,163.1903,138.6949,110.1050
297.3889,277.3330,150.6868,176.2888,344.0982,56.7756,97.8941,55.3021,-283.1735,-22.8397,24.6152,47.9930,218.3305,-76.2797,-36.6631,-117.2019,184.0638,143.3112,102.4675
301.4585,231.3605,111.0693,208.8006,273.5415,63.0975,90.8072,17.8255,-255.5686,-84.9222,39.3928,88.6739,178.3276,-43.8567,-6.5450,-100.8197,203.6723,141.0410,68.8940
292.9431,212.8443,87.0553,242.6548,189.9206,72.2235,59.3461,12.5807,-233.3304,-67.5104,49.3829,162.4286,177.1332,-3.2208,-7.4909,-78.1385,212.9007,133.4490,46.0864
225.5658,298.5330,74.1223,238.0577,135.7267,79.8386,59.4584,25.3957,-179.0899,-28.0614,2.5208,180.1091,149.7233,32.8395,20.5259,-50.0445,217.7637,96.8551,56.4687
131.8557,373.7914,31.1831,169.3363,67.1136,54.4699,74.6921,-12.4007,-142.7376,-78.9986,-95.0236,114.9473,80.1100,71.8618,77.9098,-31.3234,200.3049,5.1358,56.6609
35.1980,276.1781,-47.9336,61.9801,-27.2071,-9.1968,68.3250,-75.5075,-174.4896,-145.2697,-198.6131,66.1811,45.9266,137.9281,57.4682,-60.5065,144.4530,-83.7778,44.3434
-121.6116,97.6798,-130.8284,-31.3497,-77.6789,-47.8076,86.7335,-72.6647,-142.3705,-117.0145,-278.8234,94.4563,67.9554,167.1578,24.2162,-127.7630,87.4895,-104.3241,75.3388
-312.7236,26.7224,-192.7261,-77.8117,-64.6685,-40.1011,154.7474,-13.8095,32.9444,-70.9260,-327.1996,135.1712,89.3517,74.4254,99.1747,-169.6200,81.3828,-102.0120,149.4093
-415.1591,15.1695,-228.8848,-88.2311,-44.0022,-35.0936,198.4737,20.9225,153.7377,-96.4214,-346.2050,127.4107,90.3306,-29.9898,160.4207,-155.1596,105.3449,-121.6284,199.0271
-426.1414,-67.0804,-240.7416,-89.1374,-33.0302,-44.6702,168.6740,31.1731,90.9825,-111.5695,-323.9512,88.4870,96.8317,21.6635,84.5908,-122.8092,85.8636,-116.1839,179.1336
-428.6927,-133.8853,-215.6741,-71.7701,-1.8413,-55.9514,115.1537,60.0143,12.2564,-47.7909,-234.0104,65.4364,121.9685,136.6905,1.1781,-117.3582,23.4088,-86.8732,114.5876
-400.0628,-73.2153,-131.4229,-18.4755,63.4151,-89.1140,98.9447,89.3662,31.3065,3.6641,-105.4283,90.3800,162.8746,112.5032,13.5415,-130.5771,6.1643,-97.5974,74.3787
-290.3248,12.5549,-4.0391,37.0646,161.4589,-131.2667,113.2986,85.8471,46.8980,-23.1198,-16.1259,140.4491,199.7905,-15.1038,32.0276,-138.0343,59.4038,-101.5506,82.5409
-141.9061,47.2070,114.3182,64.2872,264.6320,-132.3049,102.8876,61.0345,24.5614,-58.3184,34.1177,157.0374,194.8457,-75.6420,-2.9143,-153.9058,107.4607,-27.5690,75.6371
-2.2533,138.3253,202.0721,98.7659,300.9658,-104.0393,29.5294,30.7071,36.3460,-68.3223,111.8467,139.4205,139.4139,-53.1405,-55.8538,-186.7189,121.5445,-9.0196,12.6376
111.8659,286.7457,253.5033,152.0623,233.5274,-93.4030,-87.7225,-6.3247,43.3129,-108.3599,189.7650,123.9929,68.2507,-49.6949,-113.5349,-197.0628,147.0086,-202.7013,-45.1108
164.7091,325.5453,227.4368,159.4393,114.7278,-95.7159,-194.6568,-36.9857,-25.0219,-146.3062,174.2205,94.8079,3.5379,-97.9447,-164.0619,-171.3922,171.2277,-460.4517,-37.8804
146.9411,250.3203,124.8429,102.9621,4.4075,-92.4027,-248.9731,-35.7898,-57.1624,-75.2324,84.4930,48.3716,-57.2955,-131.8650,-168.4515,-151.9899,134.9287,-521.8445,7.3173
97.0311,215.3370,36.1317,50.2685,-84.3105,-90.4421,-245.6669,1.1096,91.2112,72.1934,22.0765,47.4169,-98.6021,-87.3557,-124.2855,-142.0191,50.4118,-413.2830,34.6436
38.9141,228.8992,-1.9663,24.5747,-138.1775,-79.5371,-212.2513,45.4501,310.4760,156.5713,-1.0012,97.1209,-97.8159,9.4102,-68.6791,-100.7233,-31.0636,-330.5694,17.9066
-21.1288,203.6857,-58.0223,-14.3930,-145.8914,-41.6460,-176.0189,67.1125,364.6139,155.9185,-41.0324,121.8276,-70.4123,81.5221,-30.1794,-46.8782,-98.2412,-296.6058,-26.6602
-79.1579,175.2858,-140.6188,-59.9019,-146.3629,-2.8525,-148.3737,63.5317,253.3052,141.3150,-91.5685,104.7923,-50.9351,105.2724,-9.2496,-33.3390,-143.6640,-231.7791,-53.6906
-144.4935,209.0386,-171.4972,-64.5054,-174.6474,2.5288,-138.0424,47.9094,173.8974,115.6598,-104.8235,81.1557,-37.7652,99.8956,13.1928,-42.2263,-148.8987,-156.7702,-47.0512
-202.8786,261.2159,-150.4032,-35.1834,-171.0137,1.0464,-126.7203,39.7109,189.1968,62.2985,-83.5577,37.1852,9.4550,84.0182,37.2996,-19.3290,-134.1008,-100.2171,-24.0873
-223.9616,266.9296,-145.6942,-28.0292,-47.5475,42.2523,-68.2672,67.3577,214.3601,22.1752,-61.9017,-32.8912,110.3106,104.0661,47.6394,33.0974,-138.0146,-28.1685,22.1183
-229.4917,225.2630,-144.1079,-59.0714,161.0643,106.3484,22.2547,124.8081,216.0450,9.0898,-43.5198,-65.3310,219.5373,170.5429,64.5537,71.1561,-167.8388,39.3966,81.6360
-246.4854,181.6634,-91.3678,-69.4766,320.7898,136.9670,75.6867,165.2003,192.3666,7.2440,-16.2682,-28.3372,273.5699,186.8127,99.1963,76.1974,-210.0544,70.2019,86.8898
-240.8429,192.6697,-18.5523,-6.0829,368.5582,151.8856,92.8233,186.2743,144.5273,51.2290,14.1924,14.0044,273.0076,116.6680,102.7369,71.9399,-234.7543,121.1936,34.3130
-185.6560,261.4290,27.0729,89.2028,352.5956,193.4049,108.6087,211.9198,156.8220,129.3467,52.1684,3.2596,267.1630,83.4917,74.3802,81.5801,-184.5029,202.4639,18.2959
-84.8496,325.4896,93.0056,140.6907,322.1357,209.7725,87.8288,191.3780,243.4966,122.1061,124.9534,-24.6743,268.4772,142.9697,89.8386,84.9675,-36.9733,225.0823,58.4077
70.5330,347.8144,222.3137,148.4311,281.5434,158.7088,20.8619,100.0246,232.3191,6.9832,214.1465,-9.3625,248.0341,185.8628,137.6763,60.5686,118.1307,193.4089,73.3424
230.9616,341.7916,323.2899,137.5392,213.4037,126.6750,-29.0367,53.6959,88.1398,-73.1839,235.6413,24.7449,190.7131,144.5890,119.5102,45.1964,142.8890,189.8866,44.0133
279.8803,316.0037,287.9915,92.7133,82.4678,158.1026,-70.3858,114.3367,36.4482,-54.4641,159.6918,16.3115,94.4549,62.2348,33.7343,70.4913,25.9177,187.3307,18.6392
217.0721,281.6603,186.8117,44.0730,-101.2704,149.9095,-145.8132,164.7406,131.2638,-16.4878,79.4188,-12.6890,-35.8592,-0.1041,-34.9274,90.2412,-80.0592,137.8672,4.3861
182.0256,261.4608,172.5926,64.8572,-233.9568,67.4757,-189.9871,134.2331,159.8128,10.3479,77.0158,-9.8407,-157.5974,19.6988,-59.2065,66.6522,-62.8458,103.1909,-13.7575
238.3363,254.4056,229.2298,123.9581,-262.1196,12.9109,-171.2790,89.7241,98.2250,48.3927,103.7547,-5.0464,-223.2369,111.3752,-58.2979,52.1428,6.7773,106.7085,-31.5004
301.5811,248.3703,215.7483,129.5247,-284.5137,8.3858,-185.9032,54.1273,139.1013,63.0054,78.1396,-30.9537,-245.8074,141.2245,-37.8930,91.6558,25.6438,80.1010,-54.7751
274.4834,230.3367,115.9296,96.5969,-363.5134,-18.7692,-235.4853,7.5895,253.6747,43.6433,19.8510,-39.3963,-257.9077,56.5656,-17.0828,125.8816,2.6921,24.8891,-87.0332
157.7477,179.7392,28.5838,80.9781,-397.2502,-67.1049,-208.3849,-9.7858,220.2173,35.7499,-1.8024,-10.2613,-243.2935,-16.3430,-23.3505,85.5754,-30.3872,-0.7845,-107.8336
53.5786,130.5357,-24.5053,59.1217,-311.8716,-97.0997,-133.4991,-0.0554,37.6362,11.8078,7.6938,4.5275,-182.8653,-10.3760,-48.0276,22.0096,-73.6180,-0.7762,-117.6945
43.7208,148.8339,-78.8243,28.3696,-188.8532,-116.2481,-132.7917,-28.5881,-74.8996,-70.4120,-11.5387,-8.3684,-115.0490,-0.1514,-62.6241,31.5473,-91.2011,11.8265,-139.5808
66.4850,194.9018,-111.6645,48.8929,-115.1535,-106.8961,-187.7469,-66.9686,-22.0468,-124.2949,-55.1176,-19.9696,-89.2374,-11.6390,-58.6827,79.2185,-63.4376,54.3207,-159.8768
27.9450,193.3654,-106.7160,99.0939,-78.2542,-32.3341,-193.5601,-41.2526,81.5807,-75.3242,-64.1690,-25.4784,-96.8210,0.6147,-48.3183,54.5154,-52.2475,110.2667,-141.7585
-27.1270,198.8336,-113.8863,91.2203,-35.9887,64.2684,-116.3035,16.6689,119.4017,-0.7289,-51.1180,-10.7067,-83.9253,36.7459,-38.2636,-11.1010,-86.7667,152.2300,-91.2560
-13.7156,256.4992,-147.7379,38.4051,19.8634,110.0212,-3.1850,53.7982,108.5566,32.6209,-77.3779,37.9193,-27.2232,69.5866,-15.8603,4.2848,-116.4510,177.4916,-52.8995
38.5181,261.3999,-153.3586,18.8894,61.2299,103.6969,49.5121,88.2146,125.4730,54.6318,-104.9792,70.1256,29.0274,96.7149,23.8481,81.0474,-125.2744,168.1051,-45.1029
60.8965,161.0295,-109.8456,27.3171,59.9081,85.8905,-9.7441,119.6727,172.0538,60.8379,-51.2757,53.0214,43.9168,130.7577,57.0799,117.9294,-139.0133,121.4390,-45.3107
44.9927,56.4238,-64.1072,6.0524,22.8790,70.4751,-98.1895,112.0155,166.4825,27.0748,23.7986,43.8855,39.1642,176.1715,66.2583,118.0556,-165.8321,77.4053,-50.0805
16.2873,19.2514,-64.3821,-51.0359,-51.0998,33.3628,-127.4348,72.7797,78.3173,6.1098,-3.0400,75.0642,26.1839,197.3228,62.1214,108.9513,-221.2448,34.0119,-89.3757
10.7091,44.7367,-113.9632,-110.6165,-181.3378,-42.2693,-128.3321,40.4884,6.5761,32.1273,-104.2827,97.3817,-31.7624,167.5328,57.8228,75.7605,-289.5783,-37.3126,-150.1310
39.4600,103.4582,-168.6809,-143.3702,-299.6332,-108.5173,-136.0124,36.4968,35.6127,61.5823,-171.7418,82.5149,-117.1010,145.0141,61.7714,77.3822,-287.7937,-90.6432,-172.5198
55.6928,104.8581,-175.2112,-121.8404,-291.0187,-102.6937,-131.8550,55.4656,91.8886,83.8752,-193.4307,47.9411,-155.1450,160.9908,75.1396,162.9573,-209.7809,-72.7206,-153.7596
60.1191,31.3965,-128.3697,-31.7186,-190.6025,-46.1057,-134.4908,66.0097,85.4524,116.6352,-193.7950,9.9791,-145.7148,137.9552,67.5853,219.3256,-150.2834,-4.0304,-147.5160
162.6987,75.8837,-58.2459,105.9784,-120.3535,12.6069,-159.1345,56.2293,63.6892,121.8733,-142.0689,2.7807,-134.8622,65.4323,12.3444,163.5358,-99.8967,103.6934,-160.4638
401.9899,359.2008,31.0836,255.1273,-64.7777,88.8491,-157.7343,58.1517,50.5862,77.9906,-27.0553,57.8410,-97.7956,31.7007,-53.8739,90.2994,26.8445,254.0251,-169.1424
646.5955,697.9856,150.1654,400.7515,40.9874,189.9069,-125.5513,80.7185,-48.0687,32.4697,109.9925,135.0117,-14.4132,29.6112,-76.4732,62.0109,182.2157,388.9960,-189.4724
789.7886,884.1058,273.2227,543.4514,136.2608,275.0094,-112.9408,106.4931,-208.9569,13.8459,236.2925,173.0657,56.8034,22.4940,-60.2042,45.6343,281.0562,470.6536,-219.9006
854.5292,914.7914,352.2652,663.7375,167.4905,345.6315,-100.6747,153.9422,-262.7192,18.4796,321.5246,179.0755,99.2362,84.1939,-47.0894,62.6601,356.6117,543.2646,-208.4340
848.2256,852.0609,362.6768,720.8728,192.1198,423.2859,-39.2169,220.3114,-193.3818,55.7687,330.3537,185.6886,157.9980,207.0099,-55.0403,107.5340,417.4189,608.4592,-147.8971
733.3123,741.3696,320.6407,697.2056,230.2940,463.0302,35.0664,242.8005,-126.9499,103.5583,284.5817,184.4787,200.2650,245.3112,-68.5050,83.5765,399.8376,606.6325,-90.4171
563.5023,641.4046,274.5875,621.9288,232.7986,435.3458,56.3130,219.3194,-80.2686,112.2306,249.9953,165.3916,154.9558,195.0209,-75.8019,14.5166,346.3510,548.6546,-44.6779
446.5409,563.2766,262.1138,545.9412,195.1433,400.6131,28.7497,223.8306,-30.6863,90.8896,243.5607,162.2085,60.7683,189.1142,-92.9012,33.1216,353.7776,495.3823,27.4317
386.9264,484.1910,268.9509,506.7986,135.9200,402.5316,6.6549,270.1347,-19.9792,85.3732,220.7656,198.9707,5.9690,237.2900,-119.2618,117.7381,389.8492,456.8947,121.2201
323.6888,419.2926,265.8666,503.3108,71.8115,410.0069,25.4936,319.3723,-0.1348,108.6968,150.5949,222.1738,4.2056,257.2680,-111.8245,149.1400,384.3387,427.4287,194.4617
257.8917,366.8224,261.9971,491.6520,77.0555,399.3826,70.6575,365.4196,108.1907,156.7690,65.4034,160.9497,28.5502,221.3914,-70.6300,129.3302,354.1400,419.5985,243.0964
215.6328,302.9948,264.2381,430.7004,187.6635,381.7159,109.6532,395.4480,209.4141,209.8416,16.8622,52.2497,58.7472,142.1854,-60.2227,115.3270,312.8488,413.9306,292.2328
181.6928,255.3130,232.2864,333.9124,292.7439,359.0100,137.5954,384.6712,211.8964,228.2111,-4.5045,4.6615,68.2836,75.4216,-75.3710,111.5627,240.6477,370.2956,327.0841
147.1708,225.1039,143.3350,249.1870,294.9472,322.2671,157.7572,361.1714,208.9229,223.2227,-36.3657,30.9817,54.3653,78.8316,-43.9255,116.5258,162.1378,287.2281,304.3408
114.9096,150.0826,47.4389,199.8199,241.2548,266.8771,159.9815,343.6842,251.6643,247.3030,-50.5351,40.8414,45.4675,90.2486,3.0574,117.1269,107.8927,196.2956,223.4429
65.5114,56.6598,2.8349,171.9756,183.5369,191.1233,142.1543,277.8232,268.1134,275.8633,-12.6026,-7.4654,35.6891,29.4837,-20.3156,85.1694,64.5627,125.6883,113.2545
24.3529,42.7353,9.5949,141.6639,95.2445,100.4402,87.0135,139.0136,256.3007,225.3019,25.6267,-70.8117,-10.6883,-44.3375,-64.7196,48.2961,31.2600,82.9158,-28.1865
58.7807,98.7117,36.1953,99.6904,-30.6765,11.9273,-37.5272,-11.9035,226.4777,88.4956,31.6978,-102.3369,-78.2726,-61.2903,-35.5182,41.8380,24.2900,57.7363,-189.7021
126.6282,147.4202,53.7783,65.1492,-160.2306,-49.8589,-184.4504,-119.8559,102.5880,-53.9232,54.4803,-80.5079,-109.3594,-42.6738,13.1164,34.8425,32.1835,45.1918,-295.2965
108.5098,154.5126,36.3639,65.7234,-270.9079,-75.1396,-255.0282,-176.3297,-84.0579,-132.1745,79.0494,-16.2500,-93.0243,-6.9432,-21.9879,14.7371,49.9836,44.1525,-294.3112
18.5644,92.2438,-16.4478,94.9866,-336.0592,-91.4428,-246.4307,-185.5640,-177.1234,-144.9097,37.1360,35.2056,-80.6743,15.4480,-110.0020,16.8292,96.2679,34.6627,-227.0330
-30.3868,-22.2587,-68.6294,114.8636,-330.6724,-122.2857,-216.7736,-160.9258,-141.3095,-135.7556,-18.2622,33.9113,-109.3562,-31.0916,-148.9373,31.9716,150.2210,0.9806,-139.6688
-21.2417,-73.0797,-98.5276,100.4827,-285.3020,-139.0913,-167.2754,-121.3904,-55.5928,-120.6007,-4.9246,3.6043,-147.7449,-97.3249,-112.9287,28.6434,155.0615,-44.3448,-42.1833
-9.8883,-10.3407,-121.7878,51.5933,-259.8641,-121.4218,-99.0383,-76.2808,30.8748,-77.5909,11.7858,-26.1510,-138.4856,-98.9957,-56.4430,15.2056,96.8131,-87.1318,32.3981
-29.4066,49.9452,-142.5271,-16.7529,-263.6983,-105.2594,-45.7201,-33.2017,66.0164,-26.6319,-29.8931,-59.2800,-77.0325,-81.6617,-32.6391,-10.5815,18.9475,-112.0301,46.1510
-101.1146,-5.3116,-139.1188,-60.1767,-242.3193,-97.7429,13.8513,0.7561,29.8332,-20.7537,-47.7969,-88.0914,-10.3383,-88.4504,-42.2531,-58.4753,-23.1302,-87.5453,21.2919
-191.5137,-156.7888,-105.7593,-34.3758,-143.8107,-51.4652,108.4040,18.2729,14.4379,-52.0567,7.5236,-84.5718,36.3991,-59.9394,-50.8074,-81.8167,3.2332,-16.3139,6.3574
-209.2024,-289.2965,-55.3246,28.2582,7.4794,22.4418,190.1179,0.7302,73.8546,-76.6526,66.4301,-46.5885,82.8283,-1.8746,-41.3646,-41.3607,78.4437,42.1808,16.9872
-164.1021,-287.8764,-3.4266,46.8704,127.6987,48.5885,227.2729,-50.7664,134.5803,-87.9037,85.5122,-3.9190,137.4079,16.6561,-23.5828,15.5779,129.0357,43.5211,32.8982
-163.6598,-184.1081,11.8851,10.4828,166.2794,4.9672,235.6448,-99.2420,144.0764,-90.6229,71.6334,14.9581,164.8967,14.6469,0.4614,23.3405,103.0124,-5.2189,11.3470
-219.9535,-150.6242,-40.2775,-26.8875,132.8212,-77.4511,188.0134,-139.4534,106.5969,-94.2247,23.8806,2.3204,136.8594,21.7281,34.7808,-15.8076,42.4336,-76.7169,-69.1397
-274.3784,-236.4014,-111.0916,-47.8578,57.1160,-189.6711,75.1442,-212.8362,34.5680,-128.1890,-15.3655,-30.2074,80.1240,-0.6135,55.0269,-47.2950,21.8540,-135.9082,-172.0233
-317.8494,-291.1630,-123.3134,-62.0165,-17.9523,-321.3619,-32.0190,-319.8515,-1.4429,-177.6729,5.8902,-64.0985,31.2425,-59.8265,24.9856,-43.0686,32.0113,-163.4835,-265.2117
-314.9992,-245.2283,-90.2777,-60.0700,-68.7884,-434.4271,-121.1073,-413.2908,23.2370,-206.9401,34.6780,-90.4436,-24.4084,-137.8675,-41.4254,-48.8715,7.5460,-188.6952,-368.0346
-229.4879,-208.8996,-79.8555,-71.0528,-148.3124,-516.1173,-249.4950,-479.3193,-23.9458,-260.5650,-3.4714,-122.7070,-111.0781,-238.5892,-87.2888,-102.1499,-55.9661,-242.3004,-470.0685
-172.6067,-235.0623,-106.0085,-143.8521,-303.2727,-580.6326,-366.7385,-525.1977,-164.6591,-353.2678,-76.4201,-177.8530,-202.4375,-310.5154,-94.2674,-140.0123,-107.6093,-299.0232,-497.5144
-232.5616,-227.1568,-156.6048,-215.0321,-454.1213,-599.0909,-364.9175,-517.7624,-197.3751,-363.4378,-139.7847,-223.0572,-263.1026,-291.1159,-90.6953,-110.1893,-123.2066,-311.2485,-420.8429
-273.5411,-128.3759,-238.7819,-174.8851,-483.2766,-508.6062,-271.0724,-427.0852,-102.1228,-252.7957,-214.1667,-196.8845,-293.4252,-235.9010,-82.5079,-90.0790,-107.0952,-256.8478,-302.8969
-202.1225,-36.3818,-313.8643,-76.6483,-385.5189,-314.8591,-180.8019,-296.8171,-100.8417,-169.5582,-275.6449,-129.3371,-290.1797,-228.1012,-61.4609,-140.2054,-86.8388,-152.5168,-214.0124
-172.0778,-68.9776,-317.5149,-69.3706,-247.9046,-122.6971,-105.4246,-193.7849,-190.5336,-166.8636,-252.4289,-129.7743,-239.5679,-251.3730,-47.1578,-169.4999,-133.8950,-60.7965,-166.9090
-284.0529,-195.3544,-292.1089,-160.1181,-159.2565,-19.4360,-24.7722,-111.5435,-160.8874,-124.6797,-178.6855,-200.0338,-170.4797,-247.9161,-39.7298,-97.6606,-272.1193,-38.9187,-127.5998
-409.2816,-295.0061,-338.6285,-244.3707,-150.7500,20.0978,38.7965,-5.9699,-16.8651,-21.9397,-169.4132,-228.1740,-140.8289,-188.8425,-10.1194,-7.5663,-393.9427,-65.5547,-63.9229
-447.8141,-334.5013,-432.3518,-285.6953,-169.6955,44.5907,71.7196,85.1594,110.0094,34.9803,-229.3469,-198.6095,-168.6176,-100.9111,24.4131,-14.0187,-395.9388,-87.7243,2.9754
-450.0824,-353.6060,-461.3092,-300.7915,-162.9259,18.6460,93.9539,80.6022,218.7445,30.0161,-256.9316,-193.0999,-218.5519,-70.2807,29.0284,-95.5764,-313.5807,-107.2210,24.6620
-457.4452,-355.3061,-418.5175,-282.5039,-161.8409,-89.0863,110.9822,16.6138,277.5970,30.0794,-234.4005,-207.0854,-248.0752,-129.5530,19.3534,-144.8107,-231.1727,-142.2862,10.7228
-459.6491,-341.4736,-387.5544,-249.1883,-188.2002,-201.0948,102.3847,8.4628,199.9540,54.1272,-242.8255,-194.7184,-257.3141,-203.0696,3.4029,-122.0978,-190.6058,-170.1610,18.6433
-464.6581,-331.9204,-382.7370,-258.5457,-193.4559,-234.6673,69.5336,60.6919,95.2994,88.5660,-286.2076,-201.2572,-282.4449,-243.7005,-29.6373,-86.5256,-214.8739,-168.2553,62.0444
-472.2189,-301.2856,-343.8429,-313.4804,-184.0035,-215.5254,50.2778,94.6398,124.7756,120.7331,-273.0676,-248.9733,-324.1281,-267.2289,-40.5739,-86.1091,-270.7127,-139.3544,106.3039
-443.8750,-253.1156,-248.2631,-333.7680,-221.7229,-196.0437,41.6785,108.5866,209.7473,127.3484,-185.4975,-253.7843,-335.5624,-256.7748,-9.3011,-93.4949,-254.7610,-78.4039,130.4462
-369.8626,-258.4172,-141.2065,-251.7256,-272.7493,-168.1031,-41.1573,136.6605,213.3894,106.5919,-108.9446,-193.0143,-304.3326,-212.0271,15.3267,-74.5755,-144.7870,11.1486,127.1473
-319.8689,-294.9454,-78.5679,-105.3821,-255.9071,-117.5010,-232.5043,151.9214,157.5061,79.5931,-87.4094,-150.6545,-254.4934,-182.8011,31.8899,-47.6704,-49.6148,81.4809,91.6508
-354.3787,-284.9226,-68.5173,-7.2336,-173.9715,-60.2592,-407.0243,137.5499,98.6321,46.5726,-79.8569,-145.0284,-173.1432,-156.4972,62.4617,-44.9418,-31.4063,93.7241,57.4369
-388.4558,-287.0634,-69.1253,-11.0573,-49.9101,6.5931,-426.1183,126.2507,75.4898,11.4382,-49.5713,-124.8303,-46.9936,-96.6196,56.4772,-64.1239,-36.2786,84.8256,75.9043
-281.4797,-335.0032,-53.4109,-62.6561,111.4072,106.4403,-312.5969,124.5752,138.0823,10.1357,-6.3246,-100.9333,76.5673,-49.1986,45.5591,-68.5313,-26.9031,112.3073,136.4245
-99.3654,-296.5783,-47.1695,-105.9067,237.7030,222.7489,-188.1309,116.5401,221.4587,48.8620,10.6366,-100.8472,147.3667,-30.4262,155.7516,-25.9216,-25.6837,153.6578,173.3484
-58.0731,-189.8784,-70.9072,-143.4515,247.2868,293.9932,-145.7237,96.4418,198.4544,72.0759,-37.0676,-94.5491,145.6161,19.0226,304.0211,40.7873,-35.9915,139.7850,150.1646
-165.3690,-219.2081,-91.8861,-171.8973,160.3170,280.1117,-215.4992,28.1151,111.2496,36.0346,-121.8744,-78.9946,57.6760,76.8560,287.6271,68.7617,-40.3294,75.9793,79.2764
-226.5874,-335.2942,-67.3333,-168.8200,31.8298,206.7745,-336.9115,-107.8641,67.1142,-33.4823,-143.8503,-89.1540,-70.6740,69.5700,173.8348,34.4106,-41.0160,32.9040,-8.1443
-197.2299,-315.7864,7.8050,-140.9094,-101.3276,128.8158,-394.6770,-221.8189,27.7130,-83.9789,-54.3177,-96.1205,-139.0890,19.0814,138.4875,-23.7927,-33.1592,24.1117,-64.3131
-186.1275,-231.0478,99.5594,-103.9814,-175.0572,65.1265,-366.6223,-222.4529,-41.8253,-102.9940,65.5332,-64.1003,-132.3586,-37.4669,128.7055,-56.1531,-0.3226,2.6535,-58.3261
-195.6511,-256.5798,148.2398,-68.8951,-157.5053,-2.0691,-336.9251,-162.6291,-69.8934,-110.3777,104.8843,-56.9977,-112.7637,-112.0641,68.2797,-47.5302,27.6405,-34.5866,-33.8989
-169.4627,-294.5639,118.6769,-72.6788,-109.2083,-80.3132,-335.5662,-145.9453,-70.5534,-116.0812,51.0272,-117.5767,-81.7362,-160.7238,27.0212,-30.3706,-0.3937,-51.5524,-52.6125
-144.0480,-244.4125,54.7876,-127.1581,-84.7924,-162.4170,-318.4081,-183.7209,-133.9455,-130.0021,-22.0824,-154.5325,-26.9703,-134.8889,11.0826,-41.2700,-54.6855,-54.5541,-88.1421
-154.6970,-223.4001,23.3663,-172.9839,-75.1782,-239.0588,-274.4998,-224.2519,-208.2630,-159.8549,-56.1574,-99.7450,-0.7940,-95.8028,-7.8312,-58.0278,-58.8776,-67.5306,-68.1843
-186.1713,-268.7924,10.7174,-185.4584,-55.2884,-265.7504,-197.5438,-216.3345,-165.0500,-162.5755,-66.1605,-28.0744,-0.6459,-81.1087,41.5825,-35.1426,-38.3762,-64.7833,17.8941
-256.0370,-297.9182,-43.3013,-224.0612,6.7915,-175.1819,-56.7307,-124.0340,-23.7408,-96.1099,-97.4595,-10.3726,46.5172,-15.5838,124.0719,21.8681,-88.7408,-16.0973,131.9900
-349.6647,-358.3506,-126.9406,-298.8718,119.3590,19.3199,90.8627,34.0033,71.5546,-18.6219,-151.8172,-13.3766,118.7492,108.4881,96.5107,82.2671,-192.0210,43.6307,242.0978
-378.3763,-481.9511,-167.4442,-333.5671,218.5321,209.1976,137.4610,187.0965,43.4560,5.7891,-189.3827,-7.9133,136.2404,173.0206,23.3465,125.5338,-240.6250,67.7900,318.6797
-335.7147,-509.8300,-149.0333,-300.2172,254.3007,323.0831,117.9604,295.2099,-35.3606,33.0618,-191.8703,-12.0398,118.3171,132.8792,54.4065,127.4073,-220.6540,79.1589,353.7795
-296.5117,-383.4677,-126.7496,-241.6905,259.2178,378.2718,138.0886,365.9188,-61.6536,106.4955,-182.8792,-12.2574,104.9184,80.1470,105.4357,100.6758,-183.7161,121.9614,374.5645
-252.4751,-264.2738,-121.2441,-167.6126,249.7671,390.4449,151.0721,390.0060,-61.0697,141.4960,-184.1167,15.8323,55.8834,82.1633,49.9377,101.9104,-108.6949,177.8385,370.1633
-177.9491,-208.5313,-86.4582,-59.8031,199.4159,350.4047,61.3648,343.3325,-109.7377,96.0796,-179.7906,41.0927,-35.5538,102.4271,-45.2228,126.2420,21.8868,205.2770,288.6169
-139.4561,-130.1352,-5.7867,44.5869,128.5957,274.9680,-56.7966,240.7046,-154.6967,62.4859,-146.8683,37.0562,-101.5764,88.8559,-100.8658,112.3510,115.4112,198.5405,164.4288
-158.7887,-85.3252,53.4216,73.9652,74.4763,180.1622,-80.0180,127.3883,-104.8334,90.9713,-109.9220,34.1903,-119.1469,41.5963,-130.1960,63.8790,93.9483,145.9827,109.6843
-172.1172,-177.6859,26.9801,18.0499,26.9368,57.4764,-32.2115,36.0769,-4.5252,129.2778,-116.5550,44.4566,-118.1567,-6.7417,-132.6465,28.6347,9.1544,37.0958,129.6544
-184.1359,-285.0685,-51.5072,-53.3532,-21.3809,-73.1901,0.3956,-27.4964,45.9964,152.7942,-156.7746,33.7905,-110.8936,-23.1579,-117.5754,18.0755,-54.0580,-61.8524,108.4876
-226.0518,-250.3953,-89.4352,-81.9427,-61.0740,-177.5801,-1.2900,-81.3187,9.8611,166.2296,-173.7055,2.3417,-107.8467,-9.3708,-132.5408,32.5471,-74.4594,-86.9694,10.0557
-243.6286,-170.2623,-49.2378,-87.8733,-90.4580,-251.9203,-18.8622,-137.0997,-91.3945,131.3189,-151.1734,-12.4361,-115.5431,-18.4901,-176.8342,56.6394,-71.0049,-89.3608,-68.3261
-222.3722,-206.3163,13.2731,-107.7497,-79.9538,-256.6840,-27.3217,-160.7354,-170.9788,38.1922,-118.3533,-15.6920,-101.5693,-65.3791,-205.8898,46.5945,-72.4768,-108.7904,-57.7508
-236.3318,-328.1963,23.1834,-137.8178,-19.9272,-125.7060,8.7509,-112.3517,-154.4796,-40.9405,-96.1583,-47.0219,-57.1821,-59.6042,-187.3020,16.7903,-110.4191,-81.0513,8.0225
-290.2224,-434.2599,-40.7209,-195.0284,2.2364,75.0577,91.3710,-25.0963,-108.3629,-54.8595,-102.0809,-109.0480,-41.1211,41.8177,-120.1298,15.9272,-199.6768,-11.9844,80.0019
-327.3438,-494.6719,-150.7447,-312.6516,-60.4321,192.7069,172.9456,30.9190,-110.0999,-39.8928,-143.5348,-165.4923,-81.2310,119.0527,-72.3264,10.3234,-311.5393,-1.8466,142.8335
-334.1396,-495.6728,-246.2557,-418.5227,-101.1291,217.4571,210.7378,42.7942,-99.8381,-52.7699,-171.7388,-181.5260,-124.2887,83.4618,-102.5373,-32.5849,-358.4808,-22.9404,180.9222
-289.7236,-448.1337,-245.2564,-380.3236,-41.2733,236.8344,207.7836,31.8336,-49.9074,-101.7039,-136.9958,-139.4963,-130.4203,12.2402,-132.5742,-61.5649,-253.6163,29.5750,175.9116
-190.6495,-414.4632,-127.9032,-204.4085,46.6568,230.7675,200.5591,-7.2771,-34.0918,-146.7600,-83.0659,-57.3567,-120.4896,-31.8478,-90.5829,-81.4745,-31.0696,101.5808,136.4951
-133.9986,-401.8060,4.4467,-28.3115,88.6752,150.1083,203.9045,-61.2666,-44.1847,-148.5361,-78.5533,1.7014,-119.4642,-81.0084,-69.0188,-148.5700,154.9779,89.2091,92.9556
-152.3419,-373.1974,45.1094,53.2741,89.8519,54.9791,184.3076,-73.7796,-32.4442,-116.9682,-103.3554,-12.7559,-131.0755,-124.7127,-128.4765,-197.6977,183.9675,34.4264,68.6902
-133.6078,-368.3969,0.7990,20.1204,57.0520,-10.5836,134.1577,-34.8938,-34.2599,-87.4874,-107.9112,-76.6610,-150.9609,-132.4955,-166.8383,-144.4203,58.8356,-12.5909,56.5059
-79.0118,-407.0226,-76.0920,-111.7667,-6.7138,-99.3770,107.6488,-7.8284,-30.4093,-67.6312,-101.2299,-138.1279,-159.1685,-146.2805,-123.8092,-63.0358,-131.2869,-94.2104,17.3884
-114.0599,-406.8365,-152.8105,-256.0474,-69.6204,-224.0585,113.0395,-31.6119,21.3121,-66.3125,-93.3061,-196.9890,-144.0292,-177.0973,-64.8962,-46.8951,-268.3994,-190.0459,-67.6867
-190.0357,-379.3009,-179.0191,-305.0023,-97.1281,-316.5777,88.0406,-76.2488,-15.0897,-120.4308,-60.6257,-264.8740,-152.0234,-172.5469,-50.7838,-71.4147,-283.4530,-211.2091,-153.8518
-173.0612,-428.0735,-135.4811,-251.4429,-61.8942,-330.1368,38.4208,-96.3315,-213.9904,-211.2474,-20.7472,-291.4760,-239.4606,-145.6458,-96.7240,-88.7187,-215.0809,-162.9081,-184.4358
-125.6695,-480.0205,-90.5508,-171.7870,44.9717,-269.8704,43.4372,-77.5427,-342.0881,-251.9590,-15.1818,-236.6340,-370.9290,-136.5829,-158.6246,-80.4416,-145.9153,-118.8244,-159.3676
-144.1743,-406.5053,-89.2813,-136.1633,168.7629,-178.3757,98.1942,-44.3073,-263.1401,-231.7496,-22.3022,-161.9745,-467.7625,-107.3450,-146.0756,-51.3685,-127.1255,-103.3349,-120.2106
-168.3200,-328.9429,-112.1311,-179.2634,212.9653,-109.7921,100.4886,-25.8972,-213.3109,-225.1481,-30.1848,-132.9117,-553.1228,-41.1255,-98.4610,-49.9239,-196.4129,-101.1473,-119.5172
-184.8907,-382.9799,-191.9475,-257.4852,123.8787,-55.7809,-12.7460,-9.4661,-366.5632,-225.1958,-121.0718,-113.0628,-724.0458,-8.3484,-182.2899,-81.9284,-347.1286,-88.9075,-199.4183
-283.0232,-429.1689,-353.7906,-252.7875,-61.8123,28.0410,-201.8660,22.3203,-563.2498,-170.0592,-306.9770,-70.1389,-976.5752,-40.6055,-391.3642,-71.4096,-460.6705,-47.8090,-323.2705
-422.6325,-362.7943,-471.8577,-131.4471,-234.3059,105.6317,-359.9020,30.6069,-619.3523,-115.8076,-421.7348,-56.7056,-1183.5795,-80.5496,-529.4020,-19.1051,-419.4852,-2.3873,-379.7708
-470.3701,-320.4893,-434.8498,-15.3594,-309.0986,112.4111,-399.8297,-11.0832,-540.9080,-145.7025,-374.2016,-86.0668,-1258.6350,-78.1152,-523.7503,-12.5845,-278.2989,10.6208,-331.7970
-416.9553,-337.1203,-332.4528,-0.8550,-314.5927,77.3650,-340.8146,-50.6508,-431.3092,-190.1663,-305.9384,-89.9350,-1241.0560,-53.5213,-467.7380,-44.1578,-183.3913,3.7057,-266.5648
-330.3055,-270.3790,-272.7665,-27.2044,-312.5361,48.0673,-273.5285,-57.7734,-398.9415,-170.2866,-313.9316,-57.4265,-1204.2769,-68.1459,-429.0716,-51.7794,-158.9264,-3.5303,-255.7527
-219.7944,-153.8301,-209.4315,13.0831,-292.9875,4.6760,-248.7441,-83.7191,-473.5105,-165.5043,-283.3434,-43.5367,-1155.3245,-132.0448,-425.2390,-67.7711,-94.9959,-16.1605,-283.9857
-74.0758,-140.1547,-76.8459,137.9886,-238.9734,-51.2847,-251.0464,-143.6963,-554.2107,-237.4497,-146.0703,-45.9121,-1061.0380,-173.2312,-449.6043,-130.5798,67.0565,-13.2713,-311.3663
65.9303,-162.8218,95.2854,266.6820,-181.3201,-71.3516,-245.5044,-173.5831,-533.4711,-293.4812,-14.3591,-31.8708,-936.9545,-156.1019,-448.8539,-199.1741,223.3304,23.8043,-307.6486
118.5135,-97.8566,226.4312,295.0891,-128.0226,-56.6016,-222.0480,-144.9371,-436.3691,-268.9391,30.5725,-19.8043,-840.2047,-129.2174,-398.3511,-255.7076,227.2880,45.7807,-269.4267
44.9807,-63.1729,227.4060,201.0542,-63.5348,-42.1888,-206.3276,-97.0634,-370.6021,-227.9696,19.1949,-25.1069,-771.8357,-113.4167,-339.9638,-319.6902,85.3127,10.9213,-236.4430
-84.2940,-176.9332,82.7434,63.9848,-2.4355,-20.6784,-194.1772,-56.9255,-378.3203,-211.1450,-25.9138,-37.4886,-678.7961,-94.5852,-294.4436,-353.8185,-61.1902,-34.4740,-219.4105
-181.9645,-295.4105,-82.8371,-44.6063,48.0002,23.2030,-128.6908,-17.3493,-387.0634,-177.5497,-85.3299,-79.8672,-566.3839,-86.4683,-263.7558,-306.9217,-135.0352,-36.3127,-167.3666
-244.2533,-290.6811,-153.3294,-119.8732,90.6756,69.8467,-27.9525,32.0935,-328.2663,-116.0348,-114.6873,-154.1929,-500.2396,-65.3482,-271.2881,-221.2554,-176.4521,-10.7455,-77.7317
-256.3737,-273.4393,-165.6813,-160.5703,92.9771,98.6514,5.2546,86.4995,-235.3629,-69.8016,-128.1172,-180.5469,-489.2047,-0.1213,-286.0861,-191.7267,-209.3592,6.9206,-14.9884
-172.3578,-324.0370,-186.2968,-151.0266,54.6670,104.3247,-20.4882,115.3805,-151.5204,-54.1658,-165.3982,-120.7056,-474.4532,17.0303,-244.5476,-228.1863,-202.1550,16.1373,6.2959
-73.2958,-324.6156,-193.7904,-109.8525,32.0377,83.6588,-2.7200,100.8209,-69.3652,-28.4579,-185.2335,-56.2826,-430.7037,-75.8140,-187.0215,-240.3023,-162.7741,26.5723,12.2727
-84.6508,-214.2839,-172.0667,-79.2724,10.8722,38.3103,35.9906,85.1911,-22.5982,46.2223,-150.0457,-52.1288,-394.7570,-141.1419,-192.7289,-190.6460,-154.9613,24.7895,-3.9309
-157.2351,-142.8359,-168.7328,-87.9321,-75.2437,-21.0979,10.4832,107.5493,-41.1636,142.0578,-125.4653,-77.9759,-406.4878,-94.6584,-226.5991,-152.5426,-211.5794,-10.3215,-28.6550
-204.3851,-259.1588,-218.8787,-148.1261,-190.4908,-69.5957,-36.2231,129.4778,-36.8732,187.0408,-163.7403,-108.0884,-455.4233,-59.5543,-208.5915,-153.1695,-294.3675,-69.4669,-20.8498
-267.9465,-485.4507,-296.3543,-239.5128,-258.0371,-85.3502,-33.9613,103.7739,45.4764,159.8433,-209.5111,-156.5193,-475.2862,-86.1135,-135.2408,-122.1371,-347.5768,-123.0116,-13.9468
-331.3913,-565.6320,-336.5656,-308.4384,-308.8636,-106.2080,-18.2043,37.3428,93.8840,101.5173,-197.3614,-202.2382,-418.4851,-85.1984,-58.2971,-50.4175,-357.9480,-176.8109,-77.1856
-292.4687,-368.8116,-295.4590,-322.6152,-402.8854,-200.4019,-39.2085,-63.6398,19.8604,27.6069,-140.2746,-198.2338,-340.8881,-73.3331,-46.5899,-14.8014,-336.7281,-258.7329,-195.4203
-203.6965,-111.3070,-203.7262,-284.2990,-506.7250,-335.2805,-104.5872,-190.4147,-113.4902,-74.8625,-98.2789,-150.7363,-341.3824,-109.0692,-136.5253,-45.2663,-273.3216,-331.7373,-302.8970
-172.8019,-83.8566,-120.4470,-189.6375,-539.4180,-380.8558,-193.5291,-266.8730,-208.6776,-161.7241,-102.9477,-103.2818,-411.9909,-110.5833,-250.8383,-105.7198,-156.7200,-308.8196,-347.6696
-138.4253,-219.5336,-45.0508,-48.3471,-448.6527,-279.1705,-220.2367,-226.1360,-208.0233,-162.4739,-112.5242,-59.8905,-429.7532,-28.5254,-278.2292,-135.1785,-15.0441,-181.5838,-285.9036
-63.8605,-255.3609,44.7123,80.3309,-244.6896,-98.2239,-117.5433,-116.7432,-132.4045,-98.1334,-72.5627,-0.9722,-310.0804,33.1193,-230.6029,-84.3373,103.5872,-32.4998,-142.0284
-54.9263,-177.3937,113.4490,149.5956,-7.2517,86.7083,37.4889,-13.5568,-89.4502,-43.6384,-11.4924,44.5074,-104.6889,29.7439,-171.1668,-5.1033,153.6814,99.6538,-25.3171
-97.7560,-125.8318,113.5615,185.3693,184.9361,256.9791,148.1290,92.0926,-87.8229,13.1273,9.5447,30.8682,75.4458,50.0982,-83.1583,16.8334,111.7005,241.0429,23.8985
-76.6215,-107.7994,61.8474,219.4078,312.2025,394.5954,235.7409,213.9709,1.4377,123.9497,4.2221,-11.4483,188.8622,132.1173,32.0756,41.2992,32.7820,353.2102,79.1110
-44.3151,-125.9113,18.8828,213.9449,373.2133,443.1735,325.9626,291.9867,158.0725,216.6463,16.6852,-7.9810,263.4301,201.4022,86.5695,137.1139,19.1194,341.1237,166.5858
-81.4291,-244.6295,20.6208,130.2566,372.9937,363.7162,380.0825,278.0314,216.2306,173.9749,31.6803,46.6823,302.0035,182.8557,55.5805,186.8971,78.9031,223.5025,231.7377
-86.3361,-360.2313,47.9784,36.0035,353.2680,216.3104,391.9193,218.5802,192.9304,59.9623,17.1991,90.3583,286.5847,97.1361,18.1848,126.7452,131.4556,134.3286,261.3307
-8.1781,-306.2752,67.3301,40.6977,337.6582,123.9750,385.3769,194.0572,217.2017,46.7265,-2.7290,83.5868,255.7536,47.8329,7.4937,105.8466,150.2085,130.3374,272.2981
28.8913,-170.3331,83.5493,126.5506,285.6953,124.7187,347.3892,216.6188,244.6199,134.6036,22.1211,44.6537,265.9373,77.3463,-3.4652,173.1628,150.4312,143.0680,237.4936
-13.6143,-130.1179,103.8673,167.3339,170.2767,133.7032,270.9264,226.4381,184.0462,168.5061,85.3041,22.4367,306.0121,97.4088,-0.1391,188.1578,104.1544,113.7061,151.3872
-42.9962,-151.2952,88.3031,126.7896,36.9042,74.2955,196.9061,186.0098,90.4265,101.5790,108.3448,40.9493,336.8046,61.2313,39.7309,127.8445,17.9363,50.2508,79.7217
-41.2823,-129.4750,25.2433,93.6532,-42.1062,-41.8341,173.3348,131.1373,50.7791,39.6441,53.8385,65.0293,352.5930,54.4333,86.7608,87.6585,-21.5937,-14.6767,66.4742
-44.6599,-83.7510,-10.8771,114.5297,-29.8764,-156.3557,205.7475,99.4449,90.0027,52.2156,7.5658,69.6859,353.4531,103.7153,111.5126,61.5132,15.5262,-44.5691,80.8882
-39.3481,-54.1861,21.9657,147.5616,42.3253,-202.8453,244.4104,80.4282,164.9347,94.9133,39.2014,97.2971,337.7168,111.1268,104.0760,27.8053,59.6340,-25.9637,85.4122
-23.0074,-28.0668,50.3280,167.9979,108.1046,-144.1064,252.7061,76.6628,157.2540,110.3177,68.1645,153.5226,330.7635,64.3400,59.3330,52.4861,66.8336,14.2830,80.0955
-20.4458,-14.9869,5.6925,178.0332,154.2755,-16.9445,265.0546,112.6738,44.3663,102.6856,8.7257,159.3907,351.8457,77.8750,17.4083,142.6910,51.3127,57.0474,74.7603
-34.1226,-54.5457,-73.3157,150.8289,210.1974,113.2466,289.0927,158.4037,-14.6782,91.9785,-80.9396,107.4074,381.8007,173.4744,22.3411,212.8821,18.1617,99.1131,71.3233
-75.4821,-131.9892,-117.7521,68.9411,247.9827,217.1197,259.9444,159.2841,37.8447,67.5897,-113.3356,89.1584,400.6371,222.1126,25.4447,213.9367,-39.1515,107.4934,66.8759
-139.7295,-145.7387,-121.0711,-32.1936,214.3147,266.3492,188.0175,121.5851,63.3594,36.1365,-86.3935,108.4845,410.9933,145.7630,-24.4427,154.4549,-114.1010,65.0850,43.2237
-146.9887,-36.1027,-113.7901,-102.8448,143.8598,232.1010,154.6203,71.7069,22.1454,35.1070,-38.9453,88.8340,420.5708,41.3849,-68.5324,72.1705,-186.3676,25.0991,-20.6647
-62.8900,75.0620,-103.4405,-115.6214,108.8076,161.3282,133.5913,16.1605,-3.1091,51.1338,-19.0111,54.0765,427.5827,41.6006,-68.0487,24.4816,-223.1735,23.5354,-99.5328
11.1851,49.3444,-80.5206,-81.4817,96.8313,124.3335,67.6591,-11.2056,-22.6339,42.5026,-43.9210,72.3498,413.6877,117.2721,-76.6741,24.9666,-214.7508,15.1424,-131.3614
-1.1200,-28.2959,-58.7217,-55.8904,52.8830,89.9558,29.3647,2.0334,-52.6954,44.0057,-39.6878,101.3331,372.2077,126.6760,-81.1640,35.6523,-199.9424,-43.4981,-111.6865
-47.2487,-29.3520,-62.4373,-78.7922,-19.6847,-10.3615,61.9485,-15.8646,-35.9033,88.1676,39.8109,75.5252,342.9302,44.0097,-16.7949,40.8909,-210.8805,-138.6069,-112.1395
-60.3234,-21.6303,-78.8851,-121.1073,-86.3974,-146.4405,64.7595,-87.3544,-18.8797,102.8851,90.1521,20.9548,359.3226,-19.4581,48.6624,39.6727,-240.0910,-234.3934,-160.2967
-29.1577,-60.7821,-79.1920,-148.0053,-141.4584,-239.5275,2.8516,-120.5079,-87.1218,51.6477,32.3226,-21.3489,392.8223,-23.1526,17.5409,12.9690,-278.6603,-296.1112,-190.9996
22.6243,-46.0504,-79.5852,-175.7796,-178.0174,-278.9200,-30.4510,-94.3299,-149.1923,4.7174,-44.4500,-45.7631,407.2031,-36.4041,-49.3112,-30.7345,-307.8519,-312.2972,-162.6881
34.7273,20.5288,-107.2900,-211.4676,-167.4277,-304.2661,-8.7560,-98.4799,-105.4694,-28.7083,-61.8465,-38.5249,391.2647,-78.0393,-71.7449,-56.7071,-286.7981,-306.5461,-121.2921
-28.8315,6.0577,-127.6320,-216.9879,-118.1267,-324.5899,6.2904,-139.3022,-50.9937,-97.8917,-59.1247,-1.9246,327.8801,-97.7453,-86.4933,-62.6706,-225.4905,-287.0515,-114.9398
-102.7727,-67.0596,-98.3853,-173.1765,-83.6548,-298.9144,-10.5680,-142.0104,-79.5785,-148.6203,-62.1995,25.1837,245.9259,-81.2661,-112.1303,-66.4110,-183.3584,-238.7210,-129.3520
-110.6665,-74.7726,-64.5167,-112.8523,-74.1957,-192.7152,-40.0000,-102.7583,-122.5515,-111.8048,-61.5724,35.5082,234.8315,-47.0516,-106.5855,-74.4353,-159.1588,-176.7710,-116.3103
-81.2686,-44.0372,-89.9890,-73.1181,-43.0645,-40.6914,-44.1967,-44.9638,-92.4037,-39.4401,-73.5533,57.1125,295.9163,-8.9604,-77.0660,-91.3401,-107.4955,-113.0753,-44.8625
-80.7510,-60.7815,-126.5697,-51.1329,19.4755,92.2168,1.9103,42.3298,-14.7067,10.0456,-74.1765,80.8142,330.5087,10.7816,-52.5605,-101.0219,-49.2045,-16.3572,48.1578
-106.0928,-85.4765,-76.0041,-17.6734,68.5711,192.1013,33.8461,117.5949,-2.2738,32.9291,-13.1011,79.6328,325.6258,21.1153,-44.1054,-62.8739,-33.4630,93.3790,71.6312
-107.5349,-39.9053,41.1610,27.3125,74.2670,252.2427,-33.2395,114.1461,-114.5967,3.7035,60.5653,73.7647,334.8972,69.3544,-90.7264,11.6080,-41.7351,118.8885,-0.9510
-58.6504,51.4300,111.0789,40.1731,30.8392,213.5163,-141.7686,46.5122,-223.2362,-69.4689,66.8847,90.0699,313.6714,123.4225,-169.3445,31.6621,-33.5093,31.8683,-91.9082
19.4299,85.2674,95.2987,3.4577,-64.3003,67.1439,-171.1937,-51.5968,-168.6530,-114.1149,35.5377,97.6876,208.7119,81.2233,-154.4307,-55.9220,-20.5338,-85.7844,-140.9303
80.7686,23.3086,50.4632,-42.2092,-187.8516,-85.1447,-134.8878,-166.9148,-26.5885,-119.8555,27.7770,56.2967,97.2161,-39.9402,-53.1305,-167.0970,-33.2889,-173.1099,-149.7809
96.3607,-22.2522,20.3372,-71.2326,-297.8516,-182.6550,-131.6224,-228.3774,38.4335,-119.8903,35.2465,-12.5742,51.3359,-118.3684,-39.2173,-183.5015,-67.6237,-244.1176,-115.4634
78.7177,48.2724,9.7918,-97.3963,-369.2710,-289.8537,-181.1387,-198.8333,49.9431,-85.6170,28.9094,-64.4660,33.3663,-148.9280,-123.3340,-128.3554,-85.7416,-326.9632,-65.7196
77.9076,136.2469,8.6353,-112.2369,-385.7329,-453.2642,-225.8721,-189.8435,74.8897,-18.2391,-12.0182,-96.9973,19.3496,-220.8006,-135.3624,-114.1234,-55.3986,-416.3915,-78.0780
127.8086,118.8173,-10.5696,-97.4780,-345.6409,-594.9700,-224.3655,-261.6772,57.7410,6.9275,-92.4639,-116.9339,36.9951,-301.9223,-66.5265,-140.1459,3.5206,-458.9799,-129.8473
175.6379,71.5129,-46.0831,-73.7490,-282.2556,-592.7406,-177.8100,-278.7968,14.4167,-12.4722,-147.7259,-105.5014,70.4973,-277.2987,-44.1185,-116.8939,40.0172,-396.4815,-98.6706
152.2111,95.1872,-44.6020,-50.6545,-210.9201,-409.5419,-99.1364,-161.7993,67.9384,-13.7699,-111.4016,-74.3388,86.4490,-156.4484,-41.7687,-50.1047,51.8930,-253.2494,5.5464
118.4125,131.4125,-4.3597,-4.4967,-107.6788,-141.8485,1.3471,-46.0314,192.2842,-6.2485,-38.7854,-62.2129,109.6665,-50.5971,32.5616,-7.4395,79.5455,-121.4369,53.1588
165.8261,124.4023,1.6358,38.8944,8.1764,71.4762,85.7550,-44.6515,240.4735,-27.2846,-13.3703,-39.8869,168.3303,-2.5594,117.8852,19.8192,117.3657,-50.0088,39.8488
211.9978,118.3808,-34.6320,19.6208,73.0840,194.0481,95.1599,-88.8529,202.6357,-60.6621,-9.1928,37.9634,225.9116,21.8220,130.2120,55.8319,121.3081,-14.1260,49.9075
146.9695,113.2864,-38.5321,-34.7470,82.4039,278.5597,39.8190,-81.8632,178.7225,-80.9735,20.8235,92.5577,236.3214,45.6954,112.8772,64.3261,98.9955,30.2294,67.6055
64.8724,66.8095,11.0166,-36.9588,84.6668,339.2443,6.9674,-26.4184,184.0455,-74.6106,52.1030,35.7003,222.0276,83.8847,111.3514,44.2336,96.4832,105.0663,54.5596
74.6353,26.4703,68.6258,18.4572,93.4411,351.6320,18.0428,26.2006,151.2605,-42.9885,65.8071,-30.5960,232.4491,153.7631,96.9128,57.6097,114.2067,179.3219,48.4404
94.8858,52.2411,101.1190,59.3289,81.6762,323.5540,-8.1016,39.6223,67.2572,-27.9060,77.8440,27.7000,242.4509,213.4108,64.2586,108.6299,123.0483,183.3336,51.3056
68.1038,90.3158,87.3796,54.6020,16.4666,266.9049,-98.3730,8.0538,22.5533,-38.8823,76.9453,125.5318,185.2890,188.2678,43.9013,125.6560,124.3491,103.3996,15.2889
87.2498,89.1120,35.2405,42.7948,-109.9302,175.6706,-169.4765,-39.5779,83.0409,-11.5312,50.6208,118.4226,84.3521,110.9201,35.2598,86.4204,120.1806,10.8834,-47.0230
165.2672,112.7922,11.5575,60.4332,-234.8247,72.4266,-168.5185,-62.5972,155.2780,63.8440,29.8925,60.5005,27.2710,94.6274,24.8265,59.6935,84.7118,-41.2661,-100.6105
184.3592,202.8746,40.5636,90.6387,-266.8769,-6.1583,-134.1639,-52.1348,129.4434,112.6888,38.4516,74.9458,31.9720,134.8175,18.8669,91.9144,27.4104,-70.5150,-140.9347
118.0897,282.2952,47.5976,95.8498,-197.4313,-51.4953,-92.3831,-35.3825,78.3778,114.6107,63.2585,140.5813,69.6810,123.0614,23.1646,132.7629,6.2451,-90.7275,-135.9589
56.7281,300.2521,2.1583,83.2503,-92.6188,-62.4508,-24.9715,-26.4578,87.3935,102.5732,86.0002,170.7173,137.5482,57.2910,38.3880,134.3020,34.4197,-77.3657,-74.0432
56.0075,288.2517,-23.5488,89.4200,0.1943,-40.7598,39.3598,-3.5725,69.0395,74.3835,93.5425,138.7461,207.4375,27.0707,60.9919,136.6378,65.1283,-24.8911,-30.5263
102.9174,235.8580,5.4073,108.9074,71.7861,-6.1183,39.6875,39.9325,-7.9864,43.2124,96.3507,64.7962,241.1054,47.3607,68.9061,171.6333,79.8802,36.7498,-38.4454
146.6141,140.7443,50.8024,112.8684,132.6547,31.4721,2.8065,69.2436,1.9465,57.7592,136.0957,12.8012,272.7585,92.5904,53.8920,198.2428,98.5495,90.9146,-29.1362
139.1073,119.9446,104.6461,116.7923,196.5348,71.0151,8.8245,69.6032,126.4312,105.6476,203.3118,46.0452,313.7384,159.5922,53.3044,202.3748,126.7406,141.8024,19.1181
113.3040,210.5244,173.8279,146.5071,232.7822,100.0072,39.6400,72.5771,197.5485,130.6061,215.7607,103.7367,281.1606,185.9917,89.4224,214.1812,162.9738,181.5775,50.9233
142.7780,244.1370,211.3611,180.8858,186.6189,128.2927,10.8965,90.9865,143.7632,130.3073,166.2365,76.5639,179.7516,110.8068,127.4234,212.2674,201.9648,201.7692,45.1326
198.3969,151.0692,189.8607,192.8681,79.9336,168.4653,-66.2422,95.0703,71.3600,132.5817,157.1024,5.2413,142.9499,18.1024,143.6647,160.4412,208.8781,214.3159,15.0452
183.3188,80.9813,158.4238,186.1207,-10.1339,174.1052,-107.8172,65.8022,84.3563,139.7332,206.5794,-13.6796,177.3793,3.4362,153.2942,93.8329,170.8424,213.5908,-22.9920
107.9829,86.9467,138.4808,168.5325,-77.0678,119.0460,-110.9161,17.6144,170.4378,142.5791,206.1227,-20.6058,133.2602,12.9532,148.1952,65.5975,141.7951,163.8462,-34.7453
74.5144,69.5750,81.5189,149.8336,-173.8113,60.8244,-151.9463,-29.9152,207.9162,122.9554,124.3925,-66.5816,-18.7073,-22.4261,111.9907,77.1750,148.8998,67.6736,-33.4213
93.3131,34.5268,-5.6242,138.1348,-294.6089,7.9944,-250.7791,-80.1490,134.8876,65.9026,56.7496,-84.6467,-134.8217,-82.8654,85.6146,85.5194,132.9433,-25.3767,-93.8581
73.6580,55.1725,-40.0708,103.2114,-370.4474,-105.1630,-329.0096,-156.0479,89.4997,4.3906,61.0196,-52.6615,-122.7704,-144.3100,105.9597,49.0264,53.5391,-106.0711,-208.5885
6.3637,101.7920,-24.1026,15.8709,-368.7617,-252.0500,-318.1706,-249.5749,150.2153,-20.7347,99.2765,-37.3617,-40.4676,-182.4056,120.7652,1.6283,-44.1857,-202.5655,-272.6087
-18.4937,115.1788,-60.8833,-76.0274,-322.5531,-338.8923,-252.2825,-296.5008,127.4577,-26.6772,101.6529,-29.6785,11.7014,-159.0443,72.3572,10.7656,-107.4553,-282.0616,-246.3362
0.0997,70.4112,-164.8737,-107.0823,-258.6841,-359.5687,-193.2157,-253.8779,-58.5861,-24.9379,21.9802,4.6771,13.8981,-110.1437,5.0185,34.2272,-132.6440,-272.9932,-179.3686
-14.1204,-25.4335,-228.4307,-94.0715,-162.0988,-340.3940,-124.2442,-165.8677,-163.5434,18.9463,-80.4043,-0.1459,31.2326,-104.3624,-3.4417,8.7095,-132.1586,-188.2557,-103.0054
-4.7263,-54.0468,-191.1665,-87.3641,-34.4107,-268.1733,-24.7403,-103.6051,-66.3605,72.0834,-68.4794,-68.5873,96.7402,-126.6615,44.4182,12.8797,-105.2673,-115.7852,-18.7841
138.4813,93.4528,-91.0601,-86.1003,78.6767,-168.8049,48.1920,-83.9810,50.2755,42.9228,52.5928,-103.2360,157.1234,-129.5457,91.9210,80.5886,-53.2418,-87.1257,62.0136
332.3427,293.3987,17.8409,-65.1620,149.7720,-77.8247,81.9527,-67.0972,90.1728,-22.1318,121.7082,-62.3962,181.5969,-91.9678,124.4979,81.8561,2.3732,-49.7592,124.3852
424.7326,374.1442,86.4599,-22.8345,191.9698,31.9043,149.6505,-5.2716,134.5190,16.5270,101.5925,-9.1330,207.0153,-12.3230,169.9852,22.6524,38.4205,26.3985,161.5577
424.5209,371.9040,83.4548,25.0421,210.9677,144.5660,232.3649,91.6279,196.4387,120.1559,94.1413,7.5949,230.4224,30.7716,209.7501,64.4077,57.6849,95.6337,183.9945
374.2439,356.1051,40.0789,57.2059,199.3300,180.3096,237.1865,157.6440,227.6436,143.3321,93.0092,-31.6595,201.2660,-41.6213,182.3599,149.4611,61.2262,107.9407,204.6773
256.8784,293.7970,7.3982,60.3326,154.3673,142.6792,209.0387,163.1611,216.7128,125.4592,42.6015,-113.0230,130.9015,-120.0947,113.0740,107.0871,28.4180,67.5065,198.9820
154.5857,204.8148,1.6160,41.9790,78.3224,86.0248,242.2215,124.1612,171.6751,160.5263,17.7610,-164.1678,80.7509,-80.1849,110.4047,28.1816,-12.6002,-0.7581,144.8669
176.1914,137.5223,39.7281,11.7553,13.9578,-4.8180,271.5813,28.3109,142.7899,137.4872,67.9522,-163.4127,71.1872,-41.6072,174.9929,48.7009,23.7380,-77.0921,93.3764
249.5743,57.0410,122.9376,-27.0899,30.2633,-127.4728,223.9734,-99.2530,167.5978,-19.5541,109.9132,-171.5425,86.3029,-124.2952,190.8687,52.4877,138.8187,-127.9104,109.2012
263.9379,-21.4363,184.6409,-53.9863,109.2232,-202.9679,191.5981,-131.0384,191.3932,-117.1868,120.6452,-182.7448,114.9346,-201.5592,148.6009,-48.3438,210.5756,-128.1562,183.9841
232.2922,-13.0300,171.8988,-52.4852,155.3625,-200.1141,245.1954,-23.1188,204.5995,-20.3297,142.3698,-154.9684,142.6030,-169.0503,144.9993,-129.1355,155.6619,-101.7092,261.5905
162.5843,40.7263,111.7839,-55.6941,142.6145,-167.8175,304.2098,79.0610,263.1011,120.3346,123.8661,-152.1727,147.0579,-125.5519,170.3656,-120.3221,21.7048,-93.4061,286.7192
54.8300,22.9221,36.5018,-103.1652,114.7640,-151.0135,298.3363,74.7297,300.9123,164.4590,45.3848,-220.1852,120.7917,-147.3236,148.9539,-88.3380,-91.6731,-119.0897,244.5018
8.5714,-54.6866,-21.9324,-167.1048,86.7893,-162.0758,247.2720,35.9415,254.4342,149.2399,17.5396,-270.7525,83.6200,-180.0078,106.1890,-64.5844,-118.8700,-153.5144,196.4358
64.0862,-92.7195,10.7662,-189.5321,68.0855,-168.9322,183.7287,21.9376,236.5601,114.4282,66.8240,-252.6488,58.6579,-164.3252,85.0562,-49.4887,-69.6252,-145.7614,198.0788
108.5953,-57.9542,125.5115,-170.0335,74.0534,-129.3066,134.8973,4.6425,274.6558,62.7213,97.1262,-213.8774,34.9247,-113.7569,63.8022,-59.0086,-22.3773,-79.6366,198.0034
86.2084,-22.0387,174.4859,-151.7476,67.1788,-83.3950,109.1132,-21.9290,234.0660,23.2418,93.4843,-162.6649,-3.4859,-104.6898,66.2213,-70.6658,-28.0443,-17.0368,134.1443
48.0980,-66.3784,99.5025,-140.9066,24.8651,-91.9248,75.2497,-50.2909,128.8758,-13.4675,88.2925,-97.0714,-24.1654,-161.4309,121.1550,-69.3601,-49.7677,-10.9426,43.8496
12.9932,-118.8104,35.0252,-104.3727,-5.0907,-117.8236,32.4914,-101.9703,45.8234,-82.0677,54.6406,-77.8818,-14.1044,-179.0045,133.4256,-95.7378,-41.9144,-26.4173,-27.1286
2.5501,-21.1314,77.0690,-37.7859,-37.9368,-129.0138,11.6046,-167.1676,-73.4812,-148.9385,18.5274,-109.7253,-45.8231,-121.8381,44.6506,-144.7928,-12.0850,-29.0839,-97.3850
55.8452,169.1754,157.7218,25.3774,-153.4265,-172.9426,-22.2621,-215.1709,-195.1386,-179.0471,43.3477,-110.1412,-144.4999,-123.5362,-26.2513,-154.9057,19.5361,-40.4642,-175.9787
109.8857,229.6917,199.9934,73.1758,-288.9953,-230.7495,-98.0536,-249.0276,-172.4438,-201.9956,73.9228,-46.3189,-194.1336,-203.8632,-3.1728,-133.5284,49.8398,-46.3526,-227.0580
87.9353,149.0777,212.0424,121.5001,-276.2673,-223.4704,-120.5842,-258.7516,-90.0892,-221.6412,51.5550,41.7177,-110.8428,-210.4453,25.4238,-130.7103,82.3664,-4.3519,-211.1659
40.6537,97.8034,214.8184,155.1440,-101.6243,-176.8810,-22.2588,-231.0141,-94.2807,-195.5016,48.7078,101.3996,32.9991,-131.9706,9.0258,-119.1481,111.6116,46.8378,-122.6499
14.8195,104.7408,205.0288,130.8773,92.1037,-148.3347,100.7665,-228.2408,-76.7367,-121.2035,92.9582,91.7277,149.9571,-86.1621,4.3697,-58.6243,106.6738,43.8988,-10.9792
-22.7772,82.6597,185.5222,52.1941,218.6384,-102.3740,168.7570,-296.9225,33.4426,-39.3497,100.0500,44.1984,239.4450,-68.7811,39.5813,-3.0255,48.5330,17.8008,68.9196
-56.0357,14.6900,168.7901,-22.8186,298.8973,-22.7974,226.5052,-361.7562,94.9761,14.5638,70.1926,48.8119,314.5875,-28.1153,93.4843,-1.8918,-14.2213,30.4779,122.7716
-44.9024,-66.2343,163.4703,-55.1561,362.8457,50.6256,274.6472,-366.7031,59.3819,19.9604,84.8137,110.9602,364.9430,15.6852,135.5777,-10.4723,-22.6418,77.5283,153.8936
-27.1345,-112.5068,168.6936,-47.1307,389.6361,139.2289,236.8038,-381.2845,-6.6980,-19.3722,123.8869,158.3321,369.5916,61.3049,125.8649,-11.3766,11.4326,126.2647,115.4490
-27.4784,-76.5323,164.9268,-1.3570,331.1641,266.3644,123.4397,-451.9184,-88.6197,-74.3200,106.6951,183.5012,296.5350,109.8201,75.9567,-53.2608,55.4595,166.3250,18.7378
-12.4650,-6.1432,134.6724,74.5355,199.0663,364.9727,18.1763,-515.4075,-132.6530,-116.8367,46.6313,216.3101,171.2799,126.4552,45.4129,-95.2014,109.3201,202.6938,-47.9024
9.5971,4.5702,113.1517,143.6371,85.3131,397.7878,-51.9017,-515.5913,-97.8357,-138.8289,28.0653,233.0737,95.9547,137.1019,23.2139,-50.7151,168.4916,243.6957,-53.1014
17.9955,-24.5232,163.0515,189.6724,41.2789,402.9559,-92.9002,-470.5004,-91.9450,-154.4210,80.2189,217.4832,88.3912,161.8835,-30.1519,11.0835,230.9411,282.8895,-32.8433
59.4265,-11.7333,264.4908,250.0962,23.9035,369.7341,-101.2531,-431.8278,-160.8447,-178.6079,132.9015,202.8409,38.9457,121.0100,-66.8746,-17.1119,317.9804,298.6084,-11.4143
159.0561,52.6555,317.7221,335.0286,2.8270,265.0652,-105.9683,-442.5652,-206.1963,-203.4160,110.5652,208.5781,-77.1885,15.5979,-58.5599,-70.7783,406.2039,282.8190,-12.9177
244.7637,132.9275,293.3353,378.3617,-9.5643,143.1526,-132.9024,-484.3158,-214.9382,-218.2242,43.7873,218.7335,-145.7610,-30.7542,-72.0758,-70.0564,413.8250,230.8792,-52.7868
233.9190,187.8289,251.4957,319.0528,-37.4745,60.2432,-149.7197,-488.3463,-220.3663,-221.3074,5.2256,197.0910,-123.4884,-9.3023,-110.1928,-62.8247,298.5587,126.6319,-101.8985
130.3842,166.0811,194.6168,160.8730,-100.6382,-21.4926,-131.4064,-454.6338,-186.0014,-205.9815,-14.9773,110.4473,-83.7055,-18.4812,-87.0726,-66.7267,96.2893,-8.9827,-141.4165
11.6486,59.5274,70.4459,-46.1730,-138.7789,-129.7532,-96.3334,-452.4549,-151.1241,-192.1320,-56.0112,-3.8128,-63.6286,-72.6846,-2.8276,-51.5248,-113.6414,-114.3828,-172.1570
-69.1309,-76.2029,-88.8719,-213.1790,-113.6299,-200.7407,-60.3367,-467.4605,-174.3774,-209.2073,-102.2749,-54.9452,-47.7705,-116.5414,61.3792,-54.3730,-242.8010,-170.3553,-157.4951
-132.3666,-179.0607,-198.5502,-271.0467,-83.1980,-180.9017,-42.3797,-415.2375,-177.0973,-210.2809,-134.0701,-27.3019,-26.5996,-91.9120,78.0658,-65.1380,-271.7472,-206.1553,-91.4358
-191.3951,-224.6167,-243.2451,-270.8347,-65.6064,-107.8223,-46.1400,-308.9073,-135.4622,-145.1887,-146.6547,10.9971,27.6565,12.7532,73.4133,-1.2186,-275.7604,-222.3177,-43.9379
-214.4696,-242.1298,-249.2742,-296.3185,9.1780,-34.1780,-8.2256,-232.8483,-124.9022,-75.1582,-123.3286,20.6403,116.7954,81.2468,79.7608,82.5563,-288.9991,-197.1533,-31.8842
-204.8995,-264.5924,-224.5751,-299.1012,124.2143,37.9378,83.2319,-192.7455,-98.0940,-38.9183,-86.2554,9.7335,154.8752,27.1965,109.8774,72.8433,-251.3305,-149.4064,-6.9158
-191.8450,-254.1062,-183.0824,-211.1904,153.3573,99.3593,100.7748,-148.2106,-19.6224,28.1308,-76.1597,-10.8408,97.7691,-21.2038,119.1546,33.9977,-165.6872,-119.3876,12.4991
-168.0577,-188.3060,-148.5823,-124.8793,76.9912,110.9052,6.2279,-110.7196,4.7705,111.7238,-59.3806,-26.0835,31.1777,36.0114,75.1421,62.3938,-136.4943,-114.8671,-9.2833
-151.0937,-150.6523,-144.4843,-150.7812,5.7379,78.2223,-41.0077,-102.6986,0.0811,117.0926,-11.6928,-26.1840,11.6571,87.5058,45.8421,101.0017,-191.9456,-128.0341,-26.1997
-174.4797,-170.6961,-189.9939,-238.4962,-22.7794,36.7649,21.8633,-118.4285,74.7556,59.4998,-6.4992,-27.7423,-3.0847,61.4877,85.3543,89.1123,-239.9282,-166.3643,-11.1284
-176.9763,-151.7279,-239.8070,-287.2618,-53.5434,-35.1283,67.8343,-160.3636,137.0920,5.3150,-64.1333,-55.6235,-18.8575,-1.3873,130.6486,55.7351,-225.7454,-210.3490,-15.0485
-106.6082,-90.1847,-203.8473,-268.8792,-65.8316,-156.3837,56.9285,-222.3763,108.2379,-40.3555,-89.1230,-118.6682,-7.3078,-105.9647,122.1009,25.2508,-189.7961,-195.9408,-63.9467
-53.1385,-93.6293,-97.4720,-197.2069,-11.0430,-254.4607,62.1006,-262.3011,67.1733,-55.2554,-48.9483,-188.0898,0.5302,-200.0520,87.9645,2.3884,-174.4225,-115.4871,-119.2728
-83.2965,-142.2608,-33.9187,-129.7470,80.2186,-262.4244,82.3973,-244.8088,-8.7931,-19.5236,-16.6226,-203.9134,-6.6812,-167.2751,75.5519,-7.7578,-185.4223,-56.9967,-117.6722
-141.7074,-136.7908,-52.5180,-142.9286,152.7194,-205.1874,114.4134,-159.3208,-116.6181,34.3996,-32.3639,-159.5651,18.4266,-77.1861,109.8253,2.9779,-222.9958,-61.9640,-16.3846
-195.3363,-108.8098,-104.3861,-214.1133,188.8491,-119.3682,202.3889,-17.5223,-60.0666,115.1576,-72.0811,-126.2907,58.6118,-55.8923,167.9731,64.0579,-265.9377,-65.7315,124.6315
-229.3475,-132.6676,-145.1871,-245.5450,184.5271,-13.3765,274.2501,113.4404,112.0293,214.8739,-94.1659,-130.0391,60.2910,-15.0865,177.3414,141.6823,-256.0603,-38.6097,182.9856
-188.0154,-179.8763,-138.9235,-207.1457,159.5476,88.9046,234.6109,169.9161,98.6511,266.2564,-68.5764,-117.3810,58.4872,119.9685,132.3071,136.3754,-167.1013,-20.6675,162.7891
-110.0979,-198.2787,-84.0850,-136.4172,151.7611,168.4569,179.9557,195.8489,-24.4018,360.9851,-22.2932,-76.4528,81.9794,232.0909,105.5948,106.0681,-52.8990,-5.5446,174.7434
-90.5081,-174.0219,-40.1329,-64.4704,153.4163,230.5573,204.2446,248.5538,38.6072,585.9756,-4.0888,-36.4777,67.7002,269.8251,91.4283,197.4364,24.8481,36.4850,215.7471
-84.5437,-104.9581,-26.9936,-8.9717,132.7789,267.7012,209.8287,267.4106,170.2913,605.3286,-3.4879,24.9640,9.8343,294.1653,48.5232,273.0983,60.2235,71.8685,178.0310
-35.4884,-26.9045,-6.4760,29.1924,91.0837,262.4775,146.4046,188.3364,73.4285,101.9808,-1.8952,107.2863,-10.6523,284.3773,33.5473,66.4125,68.2494,60.3302,51.9926
-1.7273,9.6536,15.4362,47.4018,24.3042,205.6375,101.6046,62.7387,-248.4721,-557.0204,-6.4241,117.0848,-4.5262,204.9233,55.6997,-284.9178,67.6438,2.8221,-55.3190
41.7414,25.3656,36.6131,26.5276,-87.9571,101.2791,57.6342,-36.3106,-606.0093,-810.7064,17.0503,28.4383,-68.2907,97.8705,10.2928,-356.6802,86.7241,-73.0873,-84.5052
153.3155,73.4406,108.5534,17.8802,-225.0771,2.3440,-83.2111,-79.5785,-788.4780,-637.1328,70.5970,-32.7759,-209.7169,-1.5737,-85.4600,-87.1797,114.8214,-87.6619,-103.4964
196.7481,146.6648,197.8914,115.5079,-332.3557,-29.8295,-265.8412,-59.2414,-672.0804,-338.7397,66.2956,7.6834,-329.4878,-51.9398,-112.8779,94.8886,117.6561,8.3531,-187.0332
104.5759,203.8129,204.2016,251.6175,-350.8726,-22.2382,-352.0632,-16.0182,-434.3520,-138.1636,18.3208,56.0930,-330.5481,-6.8007,-98.0224,-90.8210,116.8179,109.8656,-266.6409
71.5419,226.0956,139.7453,259.3805,-239.8941,-18.5261,-302.9439,14.5908,-317.3499,-91.0023,42.4815,31.2319,-201.5061,62.8602,-93.6332,-282.2924,115.6458,115.2728,-230.1043
119.0678,193.8107,44.9644,145.1788,-61.1115,13.8028,-167.0802,84.1288,-238.5625,-39.3454,74.8805,-24.8723,-37.0400,42.3693,-26.9764,-17.4694,19.5637,84.8637,-129.2827
10.4604,78.0297,-121.2378,14.2116,57.5950,64.6080,-24.8353,192.1038,-80.8673,104.7969,-13.8294,-75.6516,72.0188,-42.3985,84.3964,414.6136,-176.6496,52.8139,-76.8941
-208.4899,-79.3607,-287.0284,-120.3175,120.9779,60.9885,72.3955,230.7988,10.1812,125.1216,-88.2657,-128.9786,155.2459,-61.1708,129.0912,402.2392,-289.4056,-35.9527,-26.8526
-244.4994,-143.1535,-274.7564,-207.2462,220.7558,51.8879,161.7996,233.7609,-8.9483,20.8141,10.3092,-128.3058,252.5054,73.0839,155.6051,82.7654,-227.9277,-105.3722,92.6295
-106.6354,-52.0928,-122.4564,-144.4385,295.8867,141.6750,253.5797,350.4786,67.6226,155.1190,130.0753,-24.5864,289.0161,295.9253,218.2298,22.4592,-128.3712,-40.5774,189.2090
-20.3435,61.9606,-19.1930,-14.3960,235.2080,260.3301,251.0039,490.4198,275.2397,442.3556,119.8156,70.1679,221.1279,409.6698,191.7268,193.0611,-76.8637,61.8297,165.6626
-10.9319,69.6049,34.7840,40.7777,121.4121,279.7036,145.6528,433.2276,356.6977,364.3523,96.9254,29.0344,153.2540,337.4876,81.9598,237.4328,1.6033,85.9107,72.1289
12.4790,42.3927,128.8229,89.3470,81.7716,228.1804,76.3666,251.6165,152.8892,-22.7641,140.3004,-74.4575,161.5316,228.8032,77.3265,185.5330,128.3439,99.2833,-2.1875
64.7427,92.0135,197.1297,203.8188,77.5551,178.1133,78.3522,176.0615,-122.4280,-180.8606,148.5504,-108.4813,169.5401,164.4144,129.0260,178.7207,231.1954,134.8811,-6.7525
147.8998,183.0147,185.5354,276.2565,42.1478,116.9590,55.3893,210.6481,-135.2432,-24.6693,103.9834,-96.0357,102.9693,70.9277,45.6391,153.6873,295.8606,119.0484,63.6592
236.0564,244.6334,201.2152,282.7612,-2.9103,34.1312,1.8637,231.8250,63.3501,128.5857,90.8371,-114.1369,4.9623,-25.5936,-73.5383,101.5144,348.6641,77.7906,114.0114
250.1281,282.1884,292.2290,333.0686,-52.4626,-46.0694,-36.9047,208.0352,111.7087,145.0285,97.5800,-149.3082,-70.1009,-58.3286,-60.6273,58.0213,368.0662,81.9650,34.2450
202.5749,307.9212,340.3421,387.9563,-125.0906,-112.5414,-100.8870,137.7893,-16.6560,82.8059,76.1040,-159.8767,-132.6725,-90.0648,-31.9378,-20.8914,330.7263,91.7412,-124.5261
181.9310,301.6682,272.0683,326.2780,-187.5291,-147.8156,-186.8506,35.0248,-19.8844,10.2883,60.8311,-143.5726,-176.4120,-118.2249,-84.6394,-69.2656,257.9382,65.0337,-219.5543
182.0785,240.6479,162.2935,196.1241,-203.2268,-134.2789,-199.1768,-18.2142,95.1379,-31.8134,81.3139,-117.8997,-148.9876,-46.5627,-83.8709,-5.3236,185.8404,21.5651,-205.2108
155.8956,134.0092,97.9920,99.4780,-175.0554,-86.1174,-139.3615,10.4358,106.2904,-64.8072,101.5556,-103.9229,-57.9017,54.5280,6.2359,57.8505,143.0172,-35.1171,-126.7917
130.1723,52.2381,82.2367,27.7173,-111.3326,-10.8146,-99.9326,63.8590,71.7308,-89.3843,86.4713,-98.8182,10.4041,78.1733,45.7913,83.0037,122.6295,-71.0619,-35.9674
113.6718,43.0734,75.9743,-32.8717,-35.4915,92.4565,-83.3814,134.3016,86.9387,-52.8431,36.1834,-78.0776,20.1798,114.4515,21.7398,178.4084,70.4903,-20.2004,25.2567
57.3959,45.1812,52.5577,-52.4473,13.8202,184.4895,-41.2797,248.9387,43.1311,15.8532,-23.0552,-61.9906,18.7858,209.4752,36.9946,264.8092,-33.9727,71.4927,51.5158
-22.2328,22.8945,10.0384,-48.5406,37.3809,222.4322,11.2784,354.4108,-15.0136,59.0027,-54.8103,-93.8539,33.8755,230.5966,85.5627,227.9613,-114.1975,90.7246,81.4844
-46.7176,33.5787,-30.8838,-68.8769,65.1692,206.0484,55.5186,380.0869,55.4094,88.6524,-52.9099,-149.9904,57.2069,141.0567,98.7822,196.0892,-92.1577,30.3772,136.3302
-15.7400,46.1827,-44.1004,-115.7731,98.5374,151.3786,101.0330,336.6116,121.7364,68.8430,-41.6276,-179.8746,90.1179,50.1920,81.9292,226.9592,-7.6597,-39.4798,191.4185
-2.5138,-22.8753,-22.7828,-147.4637,115.2027,83.1747,127.1690,274.5504,58.6578,-30.4355,-20.0100,-178.1234,118.8977,16.9370,75.4385,190.6026,45.4682,-77.5748,204.6775
-8.0393,-83.1819,29.5395,-119.1096,103.6582,24.6532,116.4866,217.5416,-1.1658,-105.8572,35.6599,-140.7591,125.6109,34.2430,75.5873,108.6073,60.9218,-82.1147,143.4010
48.4042,-13.8716,113.6573,-35.2605,71.1353,-44.4156,89.0991,147.4956,-41.5844,-124.0784,108.8531,-57.5159,131.5296,67.7309,42.0713,82.1493,90.9895,-89.1089,18.3219
165.7757,104.5225,207.6384,42.5802,36.2566,-143.6944,45.4789,46.8765,-174.8848,-170.7164,148.1856,32.5978,135.4621,64.3299,-28.0064,53.5540,124.4592,-124.2481,-108.4323
231.3037,157.4325,267.8302,74.7793,15.0075,-228.2886,-22.5044,-39.2845,-293.4846,-218.9630,146.0465,79.4700,96.6571,36.4428,-74.9882,-3.4649,130.1193,-139.7299,-179.1447
208.6779,139.3494,288.5862,80.7920,16.9739,-250.4832,-85.7185,-56.4177,-278.5065,-226.4386,154.3261,77.2067,41.4113,31.7372,-82.2029,-13.6079,153.2387,-97.2721,-180.2218
184.2054,57.6649,297.2512,78.1286,40.8431,-220.3094,-125.4019,-33.9207,-220.2777,-247.0084,194.5532,38.1299,28.3838,25.8588,-104.8364,10.6616,207.8389,-40.9584,-133.3571
179.0008,-36.3176,287.0332,45.8158,61.0342,-166.3288,-137.1848,-11.0390,-140.4770,-222.9712,209.3746,-14.0543,31.0224,-3.3087,-122.4270,34.7028,186.6704,-4.2499,-75.4247
121.9076,-55.7741,235.9368,-38.0683,66.1794,-101.1563,-82.9575,51.8541,-11.5637,-94.7242,155.0132,-42.6963,24.1395,-14.2458,-63.0336,76.6671,47.5606,30.8822,-13.9303
15.1425,-52.1721,161.2377,-131.0020,87.6140,-11.9618,30.4178,178.6389,40.4018,1.9809,78.3394,-40.3382,51.4104,5.7547,1.3868,102.7625,-69.3777,73.2472,80.9569
-68.6526,-92.1704,94.4682,-126.1684,120.8756,120.0519,115.1161,311.1920,39.6135,54.8898,43.0505,-18.0254,98.2269,32.0360,-29.8533,108.3076,-54.1934,127.9053,196.2730
-95.8913,-69.8595,58.4240,-3.7719,129.2804,251.4324,157.2865,402.7147,210.6931,230.1187,47.2625,24.3473,111.4642,49.7724,-55.2610,157.6867,19.9747,192.8678,268.4369
-60.6376,36.4154,65.8747,85.6596,176.6630,311.1180,224.3447,465.9544,449.1117,463.9053,53.2868,63.2908,123.8536,49.2291,24.8255,198.2620,42.5686,221.6825,284.3609
9.9757,66.1200,78.1552,43.4420,335.3270,310.4812,279.0407,502.2972,427.1953,537.7142,34.6957,74.9793,141.8418,58.7317,83.2861,145.6655,1.9050,184.4929,264.3846
29.0401,26.7445,35.4103,-21.5023,467.4327,269.1379,232.3037,449.4436,220.4477,351.8011,-13.7281,88.8549,87.9667,88.1517,32.0364,80.0490,-54.7622,97.5519,173.4321
-21.3500,59.1766,-38.8385,-22.2460,396.8972,128.5483,132.1024,260.8239,129.2808,-45.0836,-67.3127,113.6738,-3.4393,44.1902,-6.8253,75.8908,-82.7596,-41.0303,14.2950
-33.0970,112.5332,-73.7412,-23.6302,205.9724,-77.6902,61.3195,59.3793,147.0259,-245.8577,-94.1210,112.1806,-25.3243,-69.8759,8.6337,94.3706,-65.9832,-194.1428,-88.4060
34.4488,121.4180,-67.2626,-24.1038,67.0136,-179.9237,-19.8528,51.2930,125.0614,141.6011,-98.0782,115.4739,-33.1617,-74.8579,-41.4737,113.6927,-29.1110,-246.4093,-77.9066
79.2535,189.3200,-55.9900,61.5522,-14.5730,-150.8787,-148.2736,190.3174,55.8474,555.8755,-99.1102,177.7034,-114.3559,21.5026,-144.6105,78.1354,-7.3043,-189.4736,-78.4420
42.8477,293.2012,-44.2118,168.3873,-66.6645,-144.5941,-250.8852,215.4527,-34.8361,244.5267,-92.7354,236.1989,-177.8408,4.8941,-157.6907,-74.1660,-8.1838,-153.8276,-158.3993
-5.3539,284.7899,-29.2927,167.1263,-46.5553,-202.0943,-268.3104,100.7956,-97.7299,-244.6076,-67.6233,227.9857,-149.4950,-99.2264,-94.6992,-202.4976,-11.8165,-163.3965,-200.4550
17.7194,233.5760,-13.5339,107.3812,16.3438,-221.0264,-236.1975,48.9896,-58.8731,-165.3074,-26.5393,221.3179,-118.8719,-106.9369,-92.6210,-181.1376,2.8441,-128.9989,-143.2062
113.3787,277.6621,0.4424,92.3178,45.0679,-178.1666,-216.1949,61.1887,-19.4034,-69.4667,17.0453,256.8113,-136.4321,-72.2841,-155.7977,-168.4552,20.4960,-66.0787,-95.0010
197.1227,326.2670,-16.2841,84.1695,56.0521,-125.5839,-220.1085,8.6999,-111.4445,-387.9564,30.7330,262.5459,-143.2516,-98.3035,-169.1540,-247.3053,2.1765,-39.3959,-99.6233
183.1655,276.0101,-75.3183,34.5509,85.0404,-58.9846,-193.0505,-25.4913,-181.9727,-441.4310,-12.9042,222.0114,-122.2082,-95.3256,-93.3320,-231.5631,-44.3730,-2.5914,-53.5947
93.3267,203.8360,-123.8316,-5.6673,111.0031,44.5386,-90.2263,78.5324,-61.7893,-46.5424,-75.8618,202.4425,-95.4595,-26.2215,6.8977,-86.7674,-72.1937,96.1034,80.2340
29.1891,182.0757,-118.2455,-9.6181,140.5430,152.1678,39.1840,238.7066,107.4922,199.4346,-76.2138,213.7035,-47.1334,31.1173,79.8110,11.1341,-74.0165,201.4819,216.9974
51.4375,200.0254,-69.1701,-11.1970,190.9485,214.8132,126.6488,363.7458,182.1501,296.1805,1.6074,221.1620,20.1432,80.9543,128.2979,36.5576,-69.5625,248.3431,297.8653
136.3340,244.7563,-3.7438,-5.6095,205.7320,224.9598,170.4501,439.4421,234.5031,418.3973,75.3835,230.1349,56.6549,132.2258,151.4905,59.6569,-52.4390,233.6632,304.4303
202.5501,289.2981,27.7807,36.3480,135.9655,208.9797,162.7440,408.5867,276.4692,229.7321,75.3969,247.2802,41.7443,133.7408,129.3466,56.1990,-19.5842,182.0301,219.2987
190.6169,309.1757,-2.8135,93.8453,27.2668,175.5918,78.5304,281.6069,214.2832,-101.2614,37.3399,251.7866,15.0841,115.9840,69.6143,25.9745,13.3106,122.1042,98.5018
149.1928,310.5829,-17.9367,124.0990,-48.5939,107.8769,-26.1931,184.7018,74.1560,-37.8780,36.1248,240.8998,25.4467,123.9716,3.9137,10.1402,36.8755,70.0489,35.1042
141.5500,272.2245,30.4468,109.5873,-64.1693,23.1826,-82.0023,139.1960,-47.1578,92.4417,65.8843,224.2864,67.7752,111.4584,-47.7928,-3.2436,23.9896,23.6559,17.0372
119.9549,197.4776,34.0598,59.2594,-36.9695,-23.7243,-108.9723,90.7840,-102.1153,-86.8303,64.8049,196.3188,92.6172,83.9119,-61.2682,-1.4675,-41.5625,-5.2280,-10.0727
71.1074,178.3116,-53.8092,19.8546,-3.0241,-14.3087,-111.3382,95.6371,-64.0160,-71.4224,29.0779,169.9166,95.2021,103.4930,-23.6352,40.4093,-81.3868,9.9423,-14.0596
101.8131,226.8106,-99.5163,47.7529,35.2495,20.7857,-51.1649,166.2843,19.1837,244.5544,9.3099,179.5466,121.7624,136.1606,10.1431,68.4251,-13.6310,67.0354,30.7935
197.0880,222.1136,-50.8908,119.9053,99.0240,41.5803,11.1951,173.9287,51.1040,221.0265,26.1157,206.6142,166.1257,120.1256,-14.7532,64.2585,96.8188,126.7631,69.9653
197.4778,151.5650,-11.2725,147.7836,153.6757,24.1851,-3.2412,108.2377,56.5364,-88.1102,58.7846,179.3642,172.5835,63.8689,-54.1192,73.6020,136.7106,154.3744,84.4158
109.8588,139.1655,-7.9501,113.2844,143.3846,1.8097,-25.8619,99.9193,80.3612,-101.4003,72.1824,96.0281,133.5813,-8.2849,-54.2326,63.0869,110.4150,159.9505,108.9923
78.5957,202.5189,5.5132,85.6397,89.2902,35.0592,6.8977,146.5765,42.2384,75.0190,33.3776,49.7513,71.7588,-60.7742,-48.8731,3.5982,85.5295,170.4514,127.9848
102.5036,240.0277,-0.8266,82.5602,29.9789,84.9007,4.8375,140.8839,-43.0888,87.4083,-47.2062,70.5386,-22.8641,-73.2553,-69.1491,-28.0196,78.7112,159.3593,104.2191
102.7174,210.7068,-52.7406,45.6254,-58.7196,47.7155,-83.8739,75.4865,-24.3744,43.1807,-116.5732,70.7926,-148.5894,-102.4139,-89.7814,-19.2685,65.5592,85.7326,56.0250
85.1703,158.3608,-94.7254,-22.2089,-179.0396,-59.8703,-161.7651,1.9106,62.9681,48.5023,-148.7212,11.3081,-253.2279,-163.2629,-104.3596,-44.6921,39.1376,-2.5496,12.0942
62.3588,137.9590,-84.5810,-30.5064,-271.5826,-132.8947,-170.3234,-60.7956,60.0052,34.6148,-152.3482,-29.7042,-288.3828,-178.4846,-119.1451,-93.8750,42.2916,-38.4515,-30.7421
51.0586,167.5319,-28.4641,48.5514,-314.7838,-156.0719,-164.3817,-105.4483,11.3211,44.8552,-130.4019,2.2363,-261.3013,-149.7387,-108.7542,-129.9191,117.2278,-62.9640,-78.7824
101.4604,200.4178,33.5586,117.2935,-330.2480,-181.4192,-175.3992,-150.4840,26.0028,56.0209,-103.1300,69.3146,-220.8965,-134.4204,-75.9651,-176.6500,205.7544,-130.6669,-130.1273
153.5271,186.1029,38.8727,92.4120,-308.8047,-222.9812,-179.0090,-224.1289,44.4797,-38.0199,-97.0738,115.6719,-191.6451,-105.0873,-61.2619,-209.0341,208.7781,-190.0355,-176.3018
112.7448,145.0543,13.7799,22.7002,-249.1254,-271.3280,-174.3724,-293.3332,-0.5847,-138.0893,-74.1848,114.8849,-139.2124,-65.8663,-64.5663,-185.3537,148.1498,-185.2135,-205.9402
77.6074,114.3453,63.7766,0.6420,-192.3580,-300.6689,-181.3875,-311.0681,-72.6529,-140.7508,12.1345,83.6700,-45.6887,-82.3691,-64.0169,-161.0641,122.4273,-141.8186,-222.5818
140.8021,94.8703,152.2872,27.1324,-144.9282,-267.1501,-190.0946,-292.2401,-129.2450,-141.7076,109.3590,70.2491,34.0209,-101.1741,-65.9265,-174.3353,149.6560,-90.5180,-225.9451
166.7610,88.8454,129.0953,46.3646,-78.2728,-190.1456,-175.8607,-268.1294,-142.6545,-172.6855,134.3498,79.4079,51.7140,-50.7317,-68.5823,-177.4672,178.5287,-39.0897,-197.3330
89.4083,95.4151,11.5999,44.3552,-17.5419,-147.1027,-142.9641,-248.3025,-121.5061,-171.2944,89.3199,69.2286,29.0785,-17.5807,-62.4101,-156.4381,166.1706,-8.0746,-142.0900
57.1219,94.4940,-47.0462,26.6925,-7.1809,-150.0037,-108.7592,-228.1079,-112.0855,-155.8415,36.5598,41.0328,15.2440,-59.3320,-54.7047,-128.5344,98.2789,-0.4225,-83.3083
102.5656,90.2165,-13.9942,-14.3616,-20.9949,-141.6185,-62.5170,-171.0333,-80.1845,-118.6045,31.0901,24.5587,41.1677,-91.0639,-21.4510,-90.0748,25.5446,6.0256,-10.2417
107.9125,97.6060,34.0552,-43.2375,-5.8491,-94.3345,7.8955,-52.6209,16.4930,-20.8844,77.9374,19.0593,82.7691,-69.1027,61.2856,-74.9717,28.0118,11.8046,85.0404
82.5830,106.7946,54.3002,-5.1659,34.3611,-29.4731,67.6267,73.4638,81.6998,60.0072,106.6200,39.3686,65.6901,-34.0579,115.0156,-102.1304,90.3683,7.7444,161.9853
96.6429,127.7345,42.2749,65.0343,46.3060,10.7134,67.6303,138.3094,76.6319,67.6155,58.9148,96.4454,-16.2506,-26.3239,58.9003,-99.9208,131.7523,-2.8877,179.3905
110.4664,169.6167,16.4693,85.5836,-18.0830,-8.2803,2.5899,127.4535,101.4492,55.5950,-7.1889,114.7053,-75.8862,-75.6666,-28.7467,-49.8540,133.5878,-28.6669,124.9640
91.2622,177.6368,11.1028,57.1650,-142.1202,-70.0546,-87.4933,51.4113,108.4384,26.7001,-13.8090,46.5168,-95.6359,-131.3470,-30.1338,-34.9935,112.7795,-75.7011,12.3638
75.1856,141.6401,23.6444,33.6394,-232.8830,-129.9590,-139.2319,-51.2307,-7.0427,-12.5751,9.3670,-10.5327,-129.9384,-87.0205,31.6099,-60.5269,68.9905,-124.5813,-94.8092
71.6759,151.3957,23.7463,22.5799,-223.1517,-177.0555,-114.7005,-112.9901,-75.5057,45.5578,-0.7896,14.5217,-139.0162,18.9542,72.7788,-65.2110,25.2878,-164.1782,-136.7743
63.6477,195.5176,-5.9999,0.9088,-147.3032,-208.6925,-57.0224,-121.8387,67.9823,189.4620,-42.2392,46.0062,-58.5428,63.1149,79.7309,-69.1395,0.4064,-188.2760,-140.9489
30.6566,147.4747,-68.1674,-24.1600,-56.0110,-195.9044,-33.4546,-119.7150,247.6443,237.1677,-74.1432,35.4582,49.9351,58.9280,78.0358,-87.8339,-22.7956,-161.7802,-156.9227
-36.1778,48.3901,-108.9263,-14.0736,47.9437,-134.9141,-38.6713,-115.1355,272.6401,133.6604,-55.9112,38.9440,123.7111,62.6562,81.9457,-59.6169,-24.7257,-76.4864,-179.5393
-58.5369,71.3789,-49.7897,45.4886,142.1464,-67.5132,-30.7209,-108.0921,194.8782,22.0728,17.4154,71.1499,196.7441,54.0601,101.9136,1.8135,23.4609,3.3658,-191.2012
36.3178,188.1613,47.0192,100.7341,178.7397,-24.1539,3.9087,-121.0679,113.3796,15.5443,78.5357,85.2610,257.7599,51.5398,140.2251,9.0209,70.4006,33.9832,-171.8875
141.3335,227.6845,37.1073,107.2237,157.6983,7.4921,59.0949,-126.8997,83.9689,82.2425,60.6348,84.1692,236.1662,79.6262,179.4577,-19.9963,86.8043,63.7323,-98.6084
132.9385,194.7928,-40.0249,124.7552,108.4111,62.1010,95.9983,-72.0210,113.7275,132.0833,-1.5623,102.1951,154.2108,75.7109,191.7843,-20.4309,136.2287,147.5659,-11.8580
86.8444,210.9041,-32.0297,200.2874,51.8904,147.2084,72.8264,24.8354,97.9063,147.3644,-17.5805,122.4849,105.3423,38.9978,166.5583,-36.8946,211.8259,252.5409,35.4433
98.2804,267.8089,43.5226,246.0650,26.9671,210.9988,45.6741,112.9646,1.0315,172.5018,49.6075,107.2943,121.0302,55.2427,136.9623,-108.0747,211.4761,300.2559,73.3845
116.6701,277.9150,77.7337,209.8537,47.2285,207.5460,88.1199,176.6480,-24.6550,183.4670,144.9126,72.2140,154.3111,110.9923,143.2795,-140.8165,136.3999,269.6530,108.7070
101.7801,237.3587,77.2228,194.4195,50.8199,169.4471,135.2288,203.2367,79.1899,135.8739,168.8159,67.5029,152.4526,136.8993,169.6237,-74.1891,92.6933,209.2356,80.8626
90.7678,207.9104,76.0399,243.1440,13.2392,138.7275,122.5133,184.0837,168.2345,93.4100,106.0107,95.7584,138.5035,130.7164,180.8011,-10.7952,117.3288,149.8046,28.7565
85.8889,215.0864,53.1510,240.4030,13.2401,90.7389,134.8800,131.9657,146.9945,86.6606,59.2327,109.0293,182.8607,87.7488,188.9998,-57.7363,164.0269,66.7486,41.6913
66.8200,207.3161,24.5243,134.5211,78.5395,7.9036,204.6344,50.9736,74.0029,31.2897,69.0978,95.9728,250.9443,20.5955,214.8432,-171.3080,179.6283,-42.7249,63.7564
50.6720,136.8194,15.6239,22.1758,113.9100,-57.2440,211.0318,-23.1353,80.1587,-38.5911,53.7567,91.9840,231.3356,20.0158,239.9994,-236.4231,126.1195,-118.1993,19.4577
51.2299,80.2569,-0.8843,-19.1131,59.6656,-60.4082,118.0443,-8.3876,210.5049,1.6412,13.5032,102.8893,146.6847,91.2283,236.8193,-208.3508,24.2521,-124.2534,-36.4362
59.2290,141.3718,-6.6175,2.4591,-26.7028,-33.7423,25.8931,74.2349,263.6841,66.0159,46.1570,111.8449,107.8374,110.6278,191.2609,-142.8849,-35.2991,-106.2508,-77.3618
63.4905,243.4328,53.4135,60.9012,-79.7817,-27.7686,-32.0241,88.9604,61.5023,-0.2130,121.9255,128.0213,101.6887,49.7883,110.7689,-123.0024,6.9710,-95.1043,-140.8520
62.0154,244.7912,130.1167,140.2526,-99.4046,-28.1210,-94.3623,11.4633,-181.1285,-114.3000,133.6052,149.5958,60.0587,7.6635,37.4115,-157.2041,115.4536,-40.5040,-177.9431
79.4530,186.5839,151.6598,223.4693,-109.1018,15.7336,-150.6783,-44.1587,-213.3406,-147.8787,114.5095,149.0390,5.0087,29.5995,4.9289,-176.3753,212.5990,76.5862,-133.1941
127.2537,169.5369,167.4771,273.6431,-118.6844,87.0284,-166.9883,-30.7741,-145.7977,-131.7562,137.2086,125.9966,-36.0091,65.5362,-0.9379,-146.3233,247.6147,163.4754,-46.1368
158.3201,159.1100,218.7602,251.4327,-135.6533,115.9053,-135.4789,15.5519,-85.2509,-73.6951,148.9885,90.1047,-73.6410,50.3666,1.9247,-101.6166,223.5089,160.5727,69.8369
141.9459,131.5347,228.6674,183.1910,-172.3889,108.4031,-69.6175,89.4759,29.5610,61.0097,101.6744,29.8867,-85.0781,-14.0441,12.0303,-57.3780,173.2135,149.1285,216.6816
97.1336,149.7433,158.6406,132.8558,-218.0572,129.8396,-2.2994,184.9458,98.4119,185.5896,44.5827,-30.7217,-66.3716,-44.1990,18.7544,2.7811,116.7761,189.4409,313.4804
18.2486,176.9333,84.8146,100.5549,-234.3702,158.5784,53.9446,260.1848,52.9412,227.5076,9.4605,-41.7439,-60.4024,-14.3286,27.1431,66.6063,65.6477,205.9664,333.0430
-81.6035,115.4910,56.8173,59.8834,-214.8193,111.7240,110.2480,293.4962,99.8624,254.3892,-11.1832,-24.0656,-54.8687,-11.4966,48.1723,112.1417,27.1137,145.4823,350.9313
-120.5795,11.6055,48.6115,24.9966,-190.5820,-14.4722,140.1313,280.5204,252.0239,279.6187,-3.0777,-37.0288,-12.1887,-53.6943,46.7917,131.4263,-17.6254,60.4973,363.1025
-89.4753,-45.9971,40.7909,-12.1004,-150.4563,-160.6030,129.1804,222.4562,250.9863,225.2278,25.9327,-67.0745,38.5626,-59.0979,11.5226,107.0012,-70.1313,-21.1030,318.6548
-73.1119,-81.3238,31.7761,-71.0332,-61.2249,-277.0823,126.4483,163.5927,125.4659,123.4504,38.0676,-56.1175,74.0222,-25.9105,2.8430,57.4284,-85.5986,-104.0514,266.2516
-72.9041,-111.8443,16.0285,-103.4719,30.1456,-308.0415,133.0744,144.0562,89.9022,74.8284,39.3055,3.8560,104.5498,-6.0822,22.9052,57.4525,-71.9846,-136.8716,242.0380
-38.4570,-98.7238,-1.4722,-90.5910,47.4709,-230.3002,106.0250,136.8351,109.8251,76.8224,46.9597,68.4975,92.5053,15.8930,6.8798,113.3371,-109.0473,-104.2521,198.8284
-7.7800,-68.4042,-29.0778,-107.5343,3.6306,-120.0983,90.5390,115.4692,102.0000,84.0629,27.0982,91.7474,19.5759,49.9994,-13.5398,135.2311,-199.6933,-87.5410,137.3057
-20.4359,-69.4080,-95.3022,-160.4444,-44.6929,-55.8021,117.2271,98.7063,91.5344,86.9932,-42.2621,66.6974,-38.0503,68.7891,26.5621,102.3941,-257.0055,-112.3133,89.1419
-56.3050,-67.4175,-178.7680,-162.9895,-85.9889,-12.9349,97.5243,89.7602,42.9025,55.2067,-123.3501,33.2744,-45.2627,80.8531,65.5562,95.6964,-248.3692,-122.3586,38.1072
-115.4928,-26.5145,-219.4359,-115.4687,-134.6887,47.3510,19.3807,79.2416,-10.2339,-19.8142,-177.8582,21.9463,-66.8726,84.2869,46.8181,139.0355,-202.7180,-122.9765,7.0119
-168.4489,14.8085,-228.9841,-87.8360,-205.6155,102.0334,-17.5870,93.2988,42.1212,-51.1929,-203.2705,10.1636,-129.7633,46.7082,29.6891,168.9024,-146.8535,-142.1364,44.6195
-146.4536,0.0787,-271.8021,-90.5964,-301.6354,143.8354,-19.6546,150.5913,98.8111,19.2102,-210.5830,-17.8258,-188.4103,1.8904,35.8606,160.2286,-132.2787,-133.4167,104.3691
-99.6880,-83.4168,-340.9160,-117.2665,-379.1157,192.7409,-38.1102,215.3692,65.5992,114.6124,-209.0146,-21.5716,-210.1894,9.9184,37.1752,156.0874,-196.4590,-87.7995,119.2975
-122.2626,-168.5340,-374.2174,-175.4789,-394.0674,200.9865,-30.9466,234.3577,96.7753,148.5019,-198.6683,14.7689,-192.1431,48.7483,72.9490,175.5446,-276.7268,-83.4517,100.7777
-155.0514,-156.1313,-352.5434,-222.6581,-365.9765,108.7238,-20.9787,190.1212,181.5872,139.5725,-171.3459,21.1270,-152.2275,60.0440,128.2504,181.9343,-288.7245,-127.4281,72.5770
-128.3240,-60.2984,-292.2762,-208.1094,-310.0665,-1.9132,-86.7127,128.4639,110.6990,140.4203,-134.3196,-45.6925,-123.9149,26.9343,83.2254,161.8762,-234.6269,-128.9527,55.5232
-99.5403,7.7526,-218.3438,-140.5970,-200.5485,10.2568,-146.0117,122.1171,-21.7358,153.4038,-117.8501,-102.6325,-116.9235,-14.5512,-38.2830,156.7876,-155.6050,-52.6986,83.8342
-74.0359,18.5417,-176.6748,-52.2609,-63.3415,126.2529,-107.3809,170.6553,-9.7206,147.3385,-137.7644,-67.7267,-123.9621,-9.0862,-72.2442,172.6699,-74.0461,49.2521,130.8376
5.8715,19.4647,-171.2158,25.8438,36.2404,219.2308,-61.1346,196.1523,37.8273,103.2608,-154.8956,0.5255,-143.4261,29.4909,-22.7861,154.3920,3.7639,129.9576,142.0276
79.8889,11.7760,-123.9841,82.5825,108.2187,262.6030,-47.0165,169.0527,-2.3061,37.9380,-104.7689,15.3539,-134.7568,50.3871,-28.2792,86.8935,99.9802,185.3079,140.4525
72.8690,-18.0025,-9.6947,153.7457,201.5394,299.6151,17.2096,145.6404,-63.8387,-11.1413,3.1001,3.0257,-47.5810,96.8069,-84.0515,6.8861,224.8564,229.9084,163.2419
32.4262,-54.7427,68.2408,236.1956,299.7320,327.7399,91.1253,168.1674,-125.9845,-21.3934,71.9675,22.9107,68.9970,188.0612,-92.1892,-58.8453,316.0401,256.4265,199.0535
-0.3110,-89.3366,47.7939,247.7354,350.9578,348.5750,92.9070,216.1854,-140.2409,10.8611,63.1814,72.2109,119.1351,190.8046,-56.0868,-56.3680,310.9009,231.3172,245.1360
-15.4764,-90.0701,19.0200,173.3642,332.8318,336.8364,87.2325,251.0947,-14.9936,66.7594,59.1764,123.9454,102.7190,77.3262,-40.0024,54.0396,228.4330,162.9669,277.7187
44.9200,-29.5979,66.9984,91.7760,258.7529,146.5284,97.0946,253.8092,80.2190,84.7633,109.4896,143.1824,82.3975,20.4583,-60.5254,155.6146,116.6426,112.6809,239.8725
150.3911,17.0360,140.6974,28.6750,174.4530,-261.0636,37.2917,222.9394,-35.7537,21.6738,144.9374,95.4299,72.2363,40.2009,-83.7073,114.4509,14.6025,95.5862,163.1908
153.6452,-18.8729,156.9081,-25.7760,122.4863,-614.0427,-55.8373,153.9582,-137.7666,-64.0972,115.1323,14.7202,48.0145,-9.5335,-67.8599,21.3159,-28.3352,69.6893,122.6043
44.6814,-64.8964,131.6257,-37.5784,106.2466,-683.7626,-76.3553,47.5868,-18.6919,-88.5019,75.9320,-35.6229,14.4734,-85.4365,-25.4351,16.1221,-2.1990,37.4507,83.9194
-39.4084,-59.1407,141.9106,-17.1198,124.6249,-607.5845,-47.3328,-53.7181,125.0892,-55.9180,90.0464,-65.2433,15.2236,-59.9580,-14.1122,45.0255,31.6678,37.3023,3.5464
-58.8072,-45.0445,207.5990,-21.9197,178.0962,-586.2145,-20.2287,-102.5954,142.7741,-9.1114,148.4423,-93.8321,70.7505,-13.3064,-24.5189,26.2989,26.6146,55.9963,-61.8326
-54.0506,-27.1752,272.4961,-28.0037,225.9591,-588.6021,12.3499,-122.2578,174.4316,33.7299,205.2512,-82.7709,122.4091,-47.9104,9.1487,-14.4356,13.2452,63.1105,-91.5263
-9.4205,19.9866,298.8625,20.9385,235.6010,-531.0981,21.5438,-161.7912,272.4714,41.7372,222.6464,-28.1516,105.7327,-97.3012,59.2403,-77.8880,55.5429,81.6523,-132.2022
65.0854,53.6868,314.6924,105.5046,240.9351,-420.8685,-15.6367,-211.8935,278.9831,-6.3502,194.4012,21.1974,54.7650,-103.5786,28.6524,-165.5975,172.2440,141.1354,-173.8524
96.4422,69.7031,345.3330,191.0892,263.7090,-279.8867,-54.2624,-245.1212,112.7215,-78.4212,154.1297,49.4273,28.0421,-93.3078,-71.8650,-189.3958,291.7289,220.5172,-201.9173
93.7045,115.1231,373.7988,263.2053,260.5699,-158.2939,-92.5197,-271.8496,-93.4868,-153.5909,140.9689,54.9065,2.6444,-70.9165,-126.8037,-139.0684,325.8371,276.8818,-265.2117
141.2530,139.6245,390.6378,288.4760,202.7939,-126.3826,-174.4570,-309.0927,-168.1925,-235.0294,155.4612,35.1214,-52.7625,-34.1889,-88.6383,-134.5291,298.4948,282.6955,-359.8391
215.8035,95.4235,401.9667,267.0196,117.9737,-146.7934,-267.7010,-354.9710,-135.4679,-280.3646,164.0575,29.6545,-110.0596,-11.3803,-31.3873,-195.9133,295.0700,245.3261,-409.5134
193.6754,67.9192,390.7233,255.1915,52.1993,-117.6096,-296.3269,-379.5354,-139.5321,-256.8541,144.8777,45.8389,-138.1062,-19.4017,-27.3972,-217.4800,312.7066,216.4531,-383.5542
70.9350,86.3204,339.2112,276.6427,40.9054,-33.3694,-237.0441,-327.5633,-177.9439,-208.4363,111.3420,24.5340,-117.4567,-51.3294,-53.9283,-172.3252,296.6002,228.9155,-303.5334
-2.2653,66.9506,254.0613,295.6101,70.2955,40.2159,-117.3443,-200.4951,-161.5877,-159.5743,74.7903,-29.0323,-38.6886,-69.8353,-55.6967,-136.1982,244.3675,227.6908,-193.0714
26.8050,31.2393,137.4732,258.6630,82.0679,73.6296,18.7343,-79.1721,-93.7803,-82.7610,18.0924,-62.8967,44.5019,-29.1056,-23.3123,-154.7006,165.3585,153.9325,-71.0046
25.9820,50.7370,4.8590,141.2845,68.9447,83.4380,152.8339,6.5819,28.1800,-2.1326,-47.9644,-95.0937,75.1693,44.9764,40.3087,-181.0377,60.6785,62.9890,60.2821
-57.9595,57.3246,-79.0050,18.5630,86.3425,108.8392,282.6652,98.5405,176.2659,30.2610,-59.0845,-112.9454,97.4346,85.9316,129.8832,-133.0720,-14.9822,44.5294,180.8890
-92.8364,0.7028,-70.3105,5.4720,146.5755,169.9855,351.3446,187.3050,175.0524,38.0183,1.0862,-49.2957,154.0374,89.8846,180.3092,-24.4102,-8.5824,85.9079,241.0254
-23.0924,-26.8980,-12.6713,76.5408,211.8453,233.0208,323.7592,247.7419,37.1036,80.2291,48.7584,19.1709,179.4812,90.4822,138.6249,42.6036,45.7229,121.1375,268.2092
38.0801,-1.3270,31.8540,106.9870,265.6472,265.9773,294.3112,316.7571,44.4440,160.4085,19.6800,-35.3727,131.7202,108.2651,74.0835,58.1166,86.6660,129.2750,340.0489
29.7646,-16.6118,43.4714,65.9655,295.5946,278.5895,322.5857,379.8484,171.5895,218.4055,-42.5054,-130.5817,75.9053,152.0045,64.9682,91.7663,83.4964,115.3278,405.6323
-3.7583,-79.1938,18.2711,1.4588,278.6205,277.9847,324.2361,361.3969,126.9037,194.7824,-60.9657,-136.6399,60.0511,178.9757,80.7285,114.0637,32.0737,97.0762,371.3390
-34.3920,-107.4608,-15.4769,-45.4063,228.4670,269.4160,278.2792,292.4873,-0.4670,124.4737,-14.8274,-102.7160,65.6215,136.3409,91.9236,77.9430,-5.7263,118.5938,292.4674
-34.0975,-82.4352,15.6975,-19.8914,168.6897,265.3360,250.4023,242.3993,16.8574,96.0309,55.1049,-80.8079,78.3124,75.3204,108.0059,57.8316,48.6209,175.7846,228.8435
22.4357,-45.7178,119.4967,75.9567,85.5677,237.0063,193.3539,157.0532,16.9884,88.0997,88.6126,-32.0561,84.9465,66.2205,77.9319,93.0030,140.0703,190.4874,125.2690
60.0942,-49.0314,186.1316,123.2631,-15.0361,161.2257,69.8962,16.3405,-113.3416,17.7043,68.4814,3.2202,59.9271,69.7014,-14.7354,104.8778,143.8235,132.5826,14.8333
1.4937,-130.1730,138.7828,57.8701,-81.4311,96.2072,12.4436,-52.7313,-165.2024,-75.7300,33.3879,-45.9728,18.8746,47.4208,-48.6317,73.6224,75.2605,61.4490,22.6800
-78.3454,-233.6214,32.5984,-29.0792,-87.7079,83.5016,75.0710,-11.0726,-139.2910,-117.3807,7.3682,-116.1037,9.8885,46.8897,25.1562,61.3837,44.5146,29.8315,107.0481
-87.7326,-237.7897,-56.2350,-43.5839,-48.6734,78.8367,126.5503,17.7671,-227.7214,-143.8267,-25.2608,-103.6991,45.5614,90.3071,71.6841,82.9030,66.9092,49.8750,118.9716
-78.1852,-145.6966,-114.3683,11.3332,24.9034,59.2973,112.5676,-17.9244,-330.7380,-181.9989,-57.6625,-7.0527,101.1773,128.5342,27.1261,115.2448,81.6807,96.9256,47.8760
-119.9037,-99.0098,-138.5090,68.5758,111.8860,37.8635,81.9811,-60.0219,-301.5009,-192.5959,-60.6850,89.6337,147.4785,111.0692,-4.4101,135.8244,61.2617,96.2094,-31.2928
-172.7963,-143.3909,-123.4109,51.9191,158.1474,-2.8723,26.3616,-91.3158,-263.9615,-189.6773,-42.7126,95.6672,159.7200,56.1642,20.1950,126.6468,16.7846,21.4181,-88.6728
-169.6801,-169.8853,-93.4742,-17.5175,126.3084,-31.3389,-35.8986,-119.0465,-271.4808,-193.2846,-26.0389,30.0099,134.7544,62.8909,32.0694,123.3790,-12.5528,-30.9727,-105.8575
-114.2601,-131.8780,-60.5702,-30.9111,47.2464,33.9562,-33.3746,-126.5273,-205.6241,-169.9729,-2.7695,13.8830,93.9993,147.9812,21.2357,149.9989,8.4693,1.4928,-95.0851
-61.0131,-98.6522,-13.2559,14.6659,-17.5600,145.6168,-8.8845,-132.8524,-106.6440,-153.8965,22.0191,64.9992,44.2201,153.8028,31.1396,136.2654,31.1095,45.1035,-133.1462
-43.7699,-70.0508,11.9471,22.7490,-67.5288,170.5947,-55.8500,-165.9637,-108.6458,-193.6044,13.0280,79.4052,-33.6909,37.1503,37.0118,74.3591,-19.7275,43.2372,-237.8873
-36.1534,10.0180,-30.2596,-5.1644,-152.2015,115.3437,-141.2300,-200.1877,-161.2212,-211.5775,-24.5176,43.2519,-130.0638,-13.7522,-2.8064,67.7547,-92.3674,28.0998,-309.4257
4.3909,70.8014,-77.3170,-22.2684,-238.9919,72.3230,-171.2065,-225.8839,-122.9730,-176.1051,-33.6114,14.2506,-177.4385,31.3157,-40.0110,90.7760,-76.5319,12.8774,-270.4039
66.8456,13.9815,-35.8440,-68.4688,-230.1466,34.7543,-106.6906,-279.1191,16.3185,-194.5176,7.8925,-21.9869,-133.6281,-12.8286,-12.2398,18.1923,-5.1332,-15.9610,-165.1382
102.0866,-85.7446,51.8291,-151.1406,-168.5135,-36.5623,2.4188,-339.9972,132.6244,-260.2969,56.0551,-64.5854,-72.3057,-123.4206,28.1006,-96.5640,-6.6556,-49.4144,-93.3255
84.1094,-123.8122,70.0219,-197.9564,-211.5445,-96.8094,17.7148,-322.4300,136.5475,-245.2973,65.0664,-54.2764,-98.4557,-126.1351,-7.8626,-126.8054,-100.8274,-90.1552,-93.4464
22.6446,-140.7988,-3.4809,-207.6803,-346.7475,-94.2147,-93.0658,-196.6371,95.6765,-157.7471,31.8673,-14.7202,-185.4237,-67.6586,-74.9072,-114.1455,-204.7984,-134.5108,-96.6356
-51.9274,-180.3965,-110.3356,-234.9449,-391.5401,-47.6897,-117.2293,-35.7449,117.5111,-75.1761,-21.5527,-22.1011,-213.2818,-69.5408,-53.0624,-126.6505,-279.5050,-138.3433,-11.8103
-106.7105,-204.0996,-202.0859,-278.3896,-285.8419,-0.3640,78.5129,77.5031,199.4926,20.2772,-76.9457,-71.0382,-145.8069,-93.4022,52.6147,-126.8106,-338.5737,-97.3783,149.2657
-135.9234,-206.7693,-248.8993,-319.7818,-129.2258,37.5058,299.3720,146.4820,302.9475,127.0333,-126.6246,-119.5689,-43.1805,-100.3315,132.0053,-106.2760,-378.5218,-58.8803,284.0457
-158.1680,-196.9059,-249.6854,-347.4058,9.0411,87.7338,356.7490,227.1631,398.4619,202.9466,-160.4343,-146.6908,49.6343,-103.0390,139.3376,-85.2340,-391.6755,-31.6707,323.7856
-170.9479,-145.3674,-244.5353,-335.8167,103.3938,152.0515,318.2621,314.2625,413.4395,277.6867,-160.5667,-137.8641,110.0213,-71.1597,104.3224,-29.8523,-387.2857,-19.2800,298.1002
-142.0652,-91.1684,-249.4787,-311.0901,117.2863,190.0392,270.4052,339.7662,347.6479,344.5118,-129.7880,-119.8045,103.0661,-25.2704,55.5828,31.7607,-363.7193,-49.8300,275.4230
-75.2688,-108.7874,-234.4551,-321.4351,63.6997,198.8472,189.1575,291.4145,309.6963,319.9670,-106.9717,-120.6925,24.3712,-18.6579,19.6405,0.0759,-325.7886,-72.0898,260.9069
-45.3009,-163.6511,-200.6543,-330.8965,-7.0517,238.3465,77.6250,230.6048,310.5154,250.2061,-111.4937,-94.4920,-75.5301,-0.0780,10.8456,-99.6587,-307.9222,-16.7183,202.8903
-93.2224,-196.5104,-174.8959,-304.6551,-80.4893,297.0390,-24.2812,181.7010,270.0812,253.0208,-102.6899,-34.0230,-135.6980,45.9721,7.0726,-146.1408,-307.9083,33.5540,104.9149
-125.3466,-213.5058,-129.9495,-281.3453,-135.2073,263.9531,-100.3904,101.8511,180.2396,261.5765,-54.2293,-27.5200,-131.5162,21.8604,-12.1569,-129.5749,-260.8972,-16.9629,26.4293
-40.8048,-186.3078,-30.4251,-236.0817,-135.9544,122.4011,-136.4311,-27.5969,49.0600,155.7428,-11.7391,-74.9152,-95.8450,-56.3702,-44.8776,-127.7978,-138.4892,-82.0905,-28.7363
90.7237,-93.3089,79.9820,-94.6112,-128.7355,1.0341,-141.9329,-156.3630,-83.1582,16.3220,-7.7128,-67.9381,-86.0668,-76.1351,-83.5177,-157.1673,9.2466,-76.6980,-98.4606
132.9091,-21.0090,139.3249,77.9643,-189.3321,-45.8157,-155.2143,-237.9521,-81.6186,-27.4724,-3.7402,5.4097,-113.3286,-52.0025,-107.0543,-179.1818,125.7168,-85.1395,-180.3846
82.8054,-15.3946,144.8840,144.0921,-288.2248,-110.7287,-175.8703,-294.0801,10.6247,-14.6490,18.8739,58.0117,-146.9382,-43.8006,-111.1045,-170.0385,171.1273,-168.3798,-260.3662
20.3643,-20.0008,101.1703,97.4918,-347.2043,-225.9382,-186.1226,-352.7403,-38.1766,-32.1400,14.4801,51.3970,-173.3853,-41.4590,-132.9569,-134.2213,119.2994,-247.3620,-322.4521
-24.9501,-40.5766,-9.9109,29.1048,-347.2700,-300.4740,-184.1126,-371.8394,-163.5616,-57.3712,-39.1845,6.2949,-188.0907,-63.0837,-160.8173,-103.4344,13.7155,-268.4740,-313.7272
-57.4528,-98.8690,-163.8504,-9.8222,-291.2511,-310.5662,-133.7849,-315.0100,-105.8008,-33.0090,-113.6860,-39.5371,-179.4627,-113.6323,-125.5927,-105.1314,-66.7893,-267.0602,-232.6162
-84.7219,-121.2520,-295.7234,-41.2531,-180.0106,-332.3977,-24.7518,-244.2852,31.8824,26.7271,-188.9103,-61.7563,-158.9700,-113.3388,-54.4368,-110.7979,-130.6950,-263.5704,-168.7615
-125.7780,-114.9134,-374.7859,-120.9068,-51.5808,-366.4658,50.4834,-233.4195,17.9272,74.5556,-248.4949,-93.4087,-134.0951,-62.5177,-44.5618,-77.3724,-227.9952,-251.8882,-154.1335
-178.4090,-195.1209,-401.8020,-238.6268,50.9982,-340.9092,34.5917,-264.9918,-39.3696,100.5602,-265.1054,-162.0036,-83.4366,-66.3067,-76.4044,-41.4558,-315.8625,-239.1658,-142.3356
-227.1309,-320.5830,-370.7559,-289.1179,111.0640,-260.5450,-16.3738,-286.7287,-7.1433,114.3316,-249.5634,-217.3688,-29.6708,-131.0640,-65.4713,-66.5610,-323.4767,-215.8799,-142.2150
-270.0784,-342.0780,-301.9601,-230.6494,109.6571,-170.3120,-74.0612,-277.8760,13.1983,109.7213,-238.0358,-227.9597,-27.0620,-172.1265,-24.9121,-99.5282,-275.3846,-161.0394,-174.4908
-274.8051,-279.1430,-257.7955,-162.6056,53.7409,-66.5716,-149.6331,-241.2022,-23.1650,84.4622,-223.0552,-224.0871,-46.7178,-161.0970,-7.7456,-38.3002,-228.4270,-102.7819,-191.7511
-218.2975,-243.6770,-269.9761,-165.8652,-2.4743,23.8213,-192.4154,-206.9321,-69.6239,48.2391,-187.7990,-192.6798,-39.6860,-115.0006,-19.8442,63.3736,-189.0906,-95.9869,-183.6197
-175.8107,-237.9104,-299.4297,-208.9160,-46.4162,30.3987,-182.7496,-211.7261,-136.5252,6.3216,-166.3629,-107.1566,-64.5542,-63.3959,-63.5474,66.5322,-157.2996,-139.7015,-203.2496
-187.3278,-216.1450,-289.7037,-233.5765,-119.9819,-35.2223,-206.0505,-254.2119,-181.7422,-29.7461,-177.8187,-30.4631,-161.4009,-50.9630,-129.1280,-10.8216,-141.3072,-185.9670,-264.9603
-148.7418,-179.8012,-222.0130,-213.1985,-204.2045,-107.1331,-299.9648,-324.2848,-165.1100,-53.7534,-171.7746,-26.5851,-228.5639,-73.7819,-171.6074,-53.2543,-122.2210,-218.2138,-357.0391
-32.1031,-155.8409,-131.4092,-158.0631,-232.3521,-178.9144,-388.9066,-407.5201,-168.7511,-82.1289,-114.3642,-61.5742,-191.7939,-77.5978,-180.8492,-59.7500,-89.2551,-255.0196,-448.6887
26.6407,-162.9205,-83.8553,-117.2079,-206.5510,-246.7693,-410.1703,-433.3221,-181.3092,-101.4752,-46.6624,-77.4457,-114.1949,-48.3755,-181.9700,-81.1068,-67.2305,-291.7698,-443.8020
-7.8115,-169.2205,-97.4654,-122.7355,-159.3017,-262.5751,-372.3247,-367.8239,-112.1800,-82.3597,-13.0645,-61.7946,-49.2643,-31.2069,-173.4515,-93.8590,-58.9522,-295.8033,-325.3716
-33.9563,-131.9544,-108.0720,-142.5076,-64.8906,-228.2776,-316.7570,-312.1107,-68.9458,-74.0684,-8.3564,-33.1190,13.5087,-70.1560,-160.9036,-82.8070,-27.8784,-240.0491,-238.5037
-40.5338,-100.4308,-67.8335,-125.5948,86.3829,-186.0475,-279.2657,-322.8426,-137.4510,-120.2772,-11.0472,-10.4810,55.4714,-135.3474,-166.1429,-78.5160,30.9361,-120.3166,-231.3371
-56.5758,-124.4835,-13.6493,-69.0001,217.1561,-121.6398,-254.5081,-281.2802,-147.5068,-135.7892,-3.9956,14.0711,52.5771,-130.7292,-160.3916,-78.2442,67.1363,19.0218,-161.4711
-22.1362,-128.5549,22.1988,-24.5743,260.8404,-8.5349,-222.4229,-110.1660,-41.5929,-64.0703,28.7587,43.8418,27.7256,-50.4280,-107.3470,-70.0080,58.1906,108.4026,13.2215
58.1349,-62.1360,67.5502,-17.8703,243.7039,132.3632,-202.9178,93.3585,15.4179,12.2454,69.2357,40.7034,-9.7746,-8.2609,-44.9070,-63.2793,66.7163,157.3086,163.9043
79.6980,1.8310,124.4455,20.1084,218.1442,280.5260,-204.7530,236.0919,16.8329,59.1056,63.9728,4.2809,-66.9340,-14.1346,-19.4215,-37.4879,150.1577,234.3896,237.0167
51.7164,27.5867,142.6678,124.5147,195.5637,410.3092,-175.3879,316.5433,76.4974,117.9250,5.9967,-4.9793,-109.4805,33.2004,-7.1793,15.7339,243.4012,304.4998,293.3861
65.4546,29.9151,103.5204,165.8320,163.8267,458.3673,-93.8577,336.5956,157.0040,132.1273,-43.6787,11.7642,-120.6088,99.3779,29.6389,46.2577,231.3623,261.6829,346.4583
96.7607,-30.0929,37.8052,50.9631,102.9757,402.4607,-38.4417,294.8522,181.1728,44.2645,-54.1082,7.0359,-149.6580,88.8606,62.9179,40.3418,125.5929,132.9427,334.7422
84.9761,-125.9298,-12.6207,-81.9852,-0.0629,304.7074,-85.8962,203.9727,136.1695,-66.9625,-50.4730,3.2260,-213.5052,68.0130,23.7800,32.4228,53.2079,43.9459,218.2486
66.3945,-131.2221,-0.2397,-88.0461,-95.4430,220.6960,-192.8092,66.7507,30.6490,-149.2486,-28.2974,13.6968,-250.1678,105.1838,-81.3788,13.7685,78.7067,24.3116,57.8905
70.3359,-47.4451,76.0383,-24.9300,-95.4701,143.6514,-239.6920,-72.9897,-36.1961,-226.3762,33.1339,-19.9765,-212.2610,120.2499,-144.7796,-22.5451,134.7078,18.0950,-32.4436
55.6637,-2.4907,115.4593,4.9495,-13.5683,51.5137,-190.9232,-125.3032,4.2238,-257.0252,85.6740,-85.8399,-116.3108,86.5955,-119.2942,-42.2399,121.3900,-9.0027,-32.9067
17.1741,-19.1165,41.1523,-18.0572,47.5177,-31.1533,-118.1074,-69.8350,20.3269,-217.4322,76.9910,-103.2586,-2.7208,80.2089,-82.4639,-56.6516,26.3261,-53.7372,8.5349
2.0748,-30.7892,-49.8463,-72.9680,92.7501,-31.7056,-36.3661,43.4425,-44.7101,-183.4792,48.7675,-83.0178,95.9187,90.4729,-66.9572,-82.9015,-56.0613,-50.4665,112.0761
20.2413,-15.9444,-14.0768,-81.2674,222.7905,66.4000,106.9839,184.4826,-42.6839,-167.2933,57.8491,-82.1613,168.2753,55.9954,-33.4108,-66.8146,-36.6154,79.0071,265.5038
45.6114,24.6431,122.9629,21.0406,403.4692,155.4567,259.4834,306.1830,26.8462,-132.0876,92.5767,-98.4623,217.1500,-0.6938,-12.7228,-17.9800,57.1175,254.9802,342.6960
64.2106,63.8546,224.6608,132.5525,490.1163,154.2387,321.9191,332.9138,24.4297,-145.9783,126.7998,-132.4805,227.4535,-40.1968,-28.6610,-42.4125,129.0010,313.3250,315.7725
48.1203,28.4067,234.1945,134.1276,457.9883,147.3518,325.6794,278.0017,-17.6189,-236.5160,141.2514,-188.8664,183.0265,-69.3741,-0.4871,-130.7226,128.9441,282.3685,273.8679
-42.9987,-75.7343,186.2229,96.2794,379.5618,233.8824,314.6654,224.6260,-31.3387,-280.0089,99.9618,-217.8910,112.8660,-93.3371,76.3353,-163.4726,76.8342,304.8341,192.8843
-165.5635,-144.5085,117.1699,102.5990,272.7155,356.6640,242.6774,183.7107,-45.8624,-226.6179,13.1243,-207.4331,52.1610,-103.3473,97.8250,-128.8288,34.0513,342.1081,46.9720
-202.5795,-151.0337,56.6457,87.6876,143.9924,407.4864,145.3958,119.2584,-13.6303,-164.5794,-45.3707,-216.5980,-18.3452,-90.2665,69.7709,-93.4449,48.9045,270.4843,-26.5261
-147.8343,-155.8180,33.4468,25.6461,26.8561,375.5751,105.0775,51.0515,53.6738,-128.7777,-49.5502,-246.4778,-120.6235,-65.1362,57.8419,-60.7811,84.8435,142.9681,-3.6974
-127.1826,-158.3493,43.7645,5.8555,-84.0143,306.3217,52.9135,10.5884,-10.0497,-98.6518,-42.6626,-248.9032,-208.9653,-76.2518,28.4706,-30.0882,82.3698,79.6746,-46.3028
-166.7690,-127.0614,64.9321,46.3796,-177.8578,210.9058,-56.5601,-25.2493,-133.0209,-88.4309,-41.5713,-235.5965,-225.9787,-132.1797,-15.6779,-36.7178,83.3016,57.5223,-140.8172
-161.6283,-105.8462,81.9871,76.8853,-199.0097,77.1652,-97.6816,-80.7841,-70.5492,-91.0925,-37.8032,-231.3752,-191.6915,-168.0242,-5.4038,-59.0069,141.3724,-3.8186,-146.2202
-110.7380,-127.1517,67.2943,93.2534,-179.8561,-66.3933,-50.8812,-119.5629,70.7693,-69.6296,-47.8137,-216.5407,-165.4357,-164.7386,7.3089,-40.7578,195.6723,-95.4878,-117.6766
-112.7073,-115.6132,9.6205,150.4648,-187.2792,-158.4314,-38.2883,-87.5406,69.7975,-16.8959,-71.6737,-185.2902,-145.5593,-160.3705,-40.0309,-0.4228,201.5116,-155.3901,-132.0206
-157.9052,-28.7876,-28.5226,234.7736,-145.3600,-198.4317,-23.9308,-3.5606,51.4783,62.6172,-73.1317,-156.1552,-83.0002,-146.2865,-47.2898,3.6068,212.7807,-154.4612,-91.5175
-183.2269,9.9120,-1.0418,249.2460,7.2011,-251.2201,80.2802,50.3502,115.5740,147.8526,-45.4836,-140.3089,16.0914,-133.6418,30.3514,-23.0464,213.1832,-118.1143,12.4883
-210.0592,-108.0187,8.6095,142.9146,129.7260,-326.4929,173.3822,42.9633,101.7085,182.3133,-28.8716,-152.0224,82.7701,-191.3905,77.6169,-34.9585,116.4734,-90.4847,53.8170
-241.5563,-263.8741,-76.5166,4.4156,119.9607,-362.4786,184.3893,20.1188,29.5982,152.9396,-46.8877,-181.4847,84.8718,-265.3110,66.7593,-39.9801,-23.8028,-72.8823,44.5427
-227.9890,-283.1378,-155.6583,-47.8811,92.3826,-321.2350,206.1029,15.1276,67.8332,115.6963,-67.2514,-179.2603,62.3196,-209.8625,64.4571,-68.5594,-75.4032,-25.6182,68.6847
-201.0133,-205.0880,-103.4017,-24.5158,135.6640,-199.3624,253.1135,23.6757,122.6295,114.9113,-44.6723,-133.7009,58.8589,-74.0287,39.9519,-76.6537,-44.6760,48.4610,94.5867
-206.3563,-172.6576,9.9861,-10.5127,177.0124,-34.1321,250.4147,26.5778,66.3526,144.3424,-0.2688,-86.4002,66.5839,-50.5525,-34.3417,-23.1880,-9.8342,75.9464,90.0927
-178.3761,-195.7807,35.7912,-30.0829,149.0044,57.8707,200.9936,-24.3013,18.8096,141.0802,-3.4570,-54.0148,37.3485,-156.3368,-72.3037,2.5473,26.6191,9.6319,70.9206
-86.0760,-198.0763,-21.3347,-55.1311,67.1848,16.1096,116.6496,-146.0406,27.4124,45.4450,-44.3877,-30.4887,-47.4737,-240.6454,-41.2283,-74.3282,72.7503,-89.0472,3.1718
-18.3444,-154.6133,-41.7665,-64.5460,-15.1287,-52.2392,4.6391,-263.9169,-43.5429,-64.7455,-34.5184,-35.5294,-118.7879,-236.6115,-23.1830,-151.5336,87.2276,-138.1381,-111.6228
-10.0803,-103.1924,15.0610,-76.9464,-40.9799,-81.6138,-45.7887,-337.2222,-185.1219,-70.0700,22.7590,-88.0718,-104.8439,-208.4889,-63.0097,-137.6853,44.2168,-181.1068,-192.4590
-14.0757,-120.6745,61.4696,-159.1947,-29.3730,-163.2576,-22.6653,-427.9046,-246.1921,-48.6655,23.1125,-174.4974,-57.4788,-230.0341,-117.1498,-105.6717,-42.4604,-311.4214,-232.1973
-39.5951,-236.4882,10.3838,-316.1788,-56.2028,-307.2539,-46.8039,-539.0323,-218.7471,-135.2619,-46.3143,-262.5798,-56.2797,-314.9341,-132.2700,-108.2319,-141.6795,-470.1038,-289.4930
-105.2593,-340.3587,-97.0686,-421.5952,-95.3847,-402.8660,-109.0466,-593.3529,-234.8771,-250.4695,-89.0779,-316.5640,-50.8890,-411.2848,-103.8244,-102.9308,-218.6641,-516.6559,-360.7641
-158.5323,-326.6377,-145.9041,-407.6065,-63.7248,-452.2071,-91.3997,-600.0182,-340.8742,-271.8374,-79.2658,-317.2734,16.8824,-438.7156,-67.0448,-93.0012,-268.8513,-459.2694,-424.2703
-178.7157,-264.3834,-119.6402,-368.3464,-6.0056,-505.8697,-42.1075,-605.2073,-407.8961,-245.3813,-81.0692,-277.3355,60.8971,-367.7226,-41.0065,-92.1779,-301.3478,-388.8013,-474.8190
-192.7212,-249.6027,-97.9125,-342.9014,-6.7789,-481.8133,-65.8009,-568.7112,-317.4830,-227.7452,-100.5480,-222.6430,17.4352,-258.9351,-30.2930,-65.8943,-270.2492,-298.1278,-459.0927
-157.6695,-250.0407,-81.7691,-253.1683,-21.1497,-333.9524,-99.0210,-487.1211,-182.5464,-214.3096,-73.7362,-166.8601,-20.3888,-183.9961,-57.2888,-54.9556,-118.9855,-179.9426,-339.3950
-27.3271,-227.8659,0.9159,-122.2092,21.4247,-167.6928,-60.8806,-436.8801,-178.9596,-246.1390,3.6874,-100.2919,10.2306,-121.5033,-98.6426,-114.5465,106.4381,-111.0697,-168.4891
112.0275,-212.1770,118.3392,-65.7804,94.5633,-36.8171,8.6953,-395.0427,-228.2855,-314.5355,55.6302,-18.3768,41.5960,-13.6880,-92.8777,-143.6464,277.5849,-97.7217,3.5399
154.3809,-206.3566,157.0553,-94.0191,136.3662,88.6339,71.2513,-272.5250,-156.0949,-304.8552,42.4947,29.6992,34.0683,93.9508,-71.9475,-66.0861,305.0776,-72.7196,172.3301
126.6235,-195.8110,104.9780,-141.4852,103.7168,168.6804,135.7485,-102.2528,-18.2036,-204.5586,5.3909,2.8480,12.3279,101.9113,-83.8322,-4.5323,207.5528,-51.4031,303.6826
90.8422,-200.6831,43.1498,-176.4734,5.6619,170.7058,194.9448,28.1913,26.7709,-136.7923,-22.8355,-33.6281,-28.6858,14.5102,-55.4867,-38.6673,80.7834,-54.1518,342.5717
28.5818,-227.0577,2.4091,-175.2593,-53.5601,158.6396,234.2997,99.0721,-36.0095,-153.2580,-49.9905,-17.5512,-65.0892,-80.5936,20.3829,-79.0169,-0.8628,-14.8256,291.7737
-63.5126,-249.7889,-32.4498,-135.3670,20.7938,150.5761,258.6984,96.5778,-120.0247,-202.0998,-50.8011,-18.0462,-6.1176,-125.3490,18.7093,-89.5678,-38.5974,58.0214,220.7895
-109.6291,-246.7448,-43.5821,-104.0312,178.0782,90.3814,294.6288,19.1018,-135.0761,-236.5118,8.3523,-84.9597,143.9934,-114.9966,-20.5538,-120.9603,-57.4748,64.6242,185.4608
-78.2473,-197.3310,-14.0824,-95.6894,295.8302,-17.7265,347.8985,-64.4239,-65.1545,-242.8617,68.0574,-140.1749,239.1085,-102.8995,48.4657,-145.8099,-68.7422,9.8326,138.3130
-29.4932,-109.9625,19.9601,-78.9047,306.2787,-129.9528,325.2872,-126.0640,-30.0916,-241.1926,48.7854,-147.5017,187.9045,-154.4944,119.7329,-109.9557,-91.1771,-39.7094,-3.9464
3.3545,-36.4993,15.7638,-58.3536,204.8052,-233.8954,140.5193,-217.3688,-100.0389,-255.9871,-10.6183,-154.6348,55.9776,-223.8139,33.8824,-42.1069,-124.0026,-96.0325,-188.6508
34.1025,5.7493,-25.2029,-47.1364,47.1181,-298.6166,-81.1690,-313.0002,-144.1986,-260.4262,-33.7057,-142.1362,-53.0617,-211.7023,-76.5832,11.0343,-121.3150,-142.1698,-282.2539
39.7526,40.6632,-70.6717,-16.5846,-78.7173,-281.4426,-149.9625,-318.5606,-89.3920,-216.2629,-39.4287,-72.8943,-109.9947,-145.1112,-72.2021,36.5438,-62.8363,-93.0145,-276.1869
4.4661,49.7964,-82.4329,41.2083,-147.1513,-186.2362,-107.9725,-229.1031,-61.6100,-127.5103,-72.0559,5.1862,-145.0046,-90.5317,-52.8890,39.5466,4.8455,31.1877,-241.7509
-24.0613,10.4376,-52.6293,83.1035,-192.4871,-32.7828,-101.6387,-100.1349,-98.8759,-16.6722,-120.7304,63.9682,-179.0530,-0.9410,-71.9116,57.2714,24.8470,121.9480,-182.2704
-35.2813,-29.9297,-43.5516,70.6732,-228.8068,136.1379,-115.0082,38.7538,-85.7241,77.3109,-182.0614,113.9768,-200.3140,136.7273,-48.5538,121.8040,-18.3349,146.5871,-99.2960
-68.6314,-25.3085,-113.3765,12.5089,-272.0161,221.4830,-81.8420,137.5600,-20.3677,127.1751,-266.1249,111.9917,-210.2138,210.2037,2.8812,192.4521,-74.4318,122.8440,-37.6477
-77.2094,7.5643,-192.3173,-29.0336,-361.8850,189.4476,-62.7107,157.0076,-8.8536,178.6474,-326.5289,62.3086,-241.3299,184.1231,12.1444,205.8192,-62.4015,64.6740,9.5529
8.6689,45.7603,-170.7137,0.3507,-476.2027,144.0817,-124.9120,165.8494,-65.4474,260.0412,-309.3688,65.0403,-287.7118,145.8160,-15.9023,166.2458,3.0880,32.1689,70.8560
100.4494,85.5280,-96.2149,60.1794,-518.8914,156.7235,-199.0226,246.4983,-117.3817,308.8915,-248.4464,113.6057,-281.8667,122.8111,-65.5251,126.7825,4.6132,70.6734,127.0030
67.6731,114.2049,-99.6743,72.3913,-438.9787,166.3258,-162.6974,361.6423,-81.4432,325.1696,-224.7054,90.8357,-198.2618,85.1277,-103.5885,110.6272,-95.7520,119.4608,179.2800
-44.1310,118.1966,-173.4858,33.6729,-286.8649,116.2428,-10.6103,433.1140,65.5517,397.3644,-259.2269,1.2351,-107.1252,50.9229,-63.0169,97.1059,-216.7607,103.6802,240.5822
-112.5944,101.1493,-223.9232,-22.7529,-144.0582,36.4236,125.2347,450.8116,195.8942,507.0452,-290.7038,-52.3750,-64.1050,33.7749,17.7895,83.5030,-310.9740,35.4054,262.4891
-126.3826,76.9193,-249.9211,-80.1117,-41.8509,-29.7812,153.6176,433.6447,175.9848,554.9712,-256.7348,-43.8012,-24.4482,16.5632,33.3577,97.3258,-374.5690,-27.2098,230.4084
-129.5428,52.9495,-283.7890,-98.8955,34.3397,-77.5840,130.4517,380.4718,89.1343,521.2744,-181.6434,6.8378,55.2779,23.1742,6.5898,122.2388,-365.0293,-41.4751,207.0772
-117.9225,32.4243,-278.4955,-52.3197,80.7726,-119.5112,117.1268,297.1014,70.8990,423.6060,-134.0077,87.3341,110.7889,73.4393,16.2516,114.2141,-269.0744,-6.8972,194.3496
-70.4766,46.6541,-185.1411,20.8545,84.5572,-137.9076,92.0276,219.2510,80.3990,302.0003,-97.0942,150.9148,78.9065,107.8117,41.0568,98.4978,-143.5521,45.8822,151.3953
14.6371,124.0840,-29.3556,88.1000,85.6466,-91.0985,55.7095,178.9086,53.9140,251.2798,6.1587,162.8502,29.1303,74.8799,43.0171,110.5150,-26.1859,97.9635,111.1264
118.6901,200.7802,121.3600,140.5759,114.4131,-9.5208,29.6973,151.1303,32.0359,253.1423,147.3879,156.1969,43.0259,24.9216,43.3563,107.9729,58.3219,124.0230,87.9957
188.0174,189.4951,188.5142,133.1186,111.8899,20.0901,-13.9516,88.9815,33.8693,182.9876,199.4009,165.8501,63.2045,41.9255,60.1235,84.4823,57.3724,87.1046,35.7803
173.8566,130.5684,143.0020,58.9766,38.0829,24.6180,-59.4333,24.3288,52.4526,93.0946,126.1575,183.5347,15.0246,125.7712,86.9239,100.1038,-8.5700,34.1697,-5.0385
109.9686,106.0395,66.7332,5.2646,-50.0292,99.5183,-43.4387,18.8548,99.7229,104.2505,31.5916,182.1789,-52.7811,179.7195,97.5402,117.6049,-25.2256,50.5721,32.7298
82.9278,97.1335,55.2505,15.3961,-119.8397,183.4293,-22.8743,18.9707,104.1247,100.9705,8.6109,146.4190,-82.2613,126.9290,62.5913,61.7703,48.6610,86.9040,65.8110
114.5328,85.8137,95.3211,38.1505,-187.2846,151.0983,-96.5210,-63.1497,-8.4061,-30.4238,40.7729,109.9237,-98.4055,21.9590,19.3410,-2.3429,133.7860,57.9378,3.0651
142.3317,109.3203,129.0253,46.0709,-196.8584,56.9774,-186.7282,-169.9635,-134.6295,-151.5207,62.5027,110.9359,-100.4490,-20.0154,24.3906,-22.1518,165.3716,31.7789,-73.0922
123.8515,128.4735,140.5791,51.7690,-86.9998,13.2420,-160.4708,-191.6478,-173.3748,-172.2342,50.9821,105.2504,-39.1102,10.9880,37.5249,-80.8870,146.6054,74.5076,-65.7902
82.8949,85.6904,124.5232,57.9154,69.4166,2.7471,-49.9539,-131.9043,-186.8401,-165.7814,32.8669,59.0877,65.3636,30.3042,16.7831,-149.9275,97.3969,109.0078,-12.3986
40.3681,53.2980,79.5022,76.7494,165.2880,-4.4244,39.1537,-48.9802,-171.0822,-119.3619,24.7653,46.6720,133.9221,7.9745,26.3219,-75.7628,46.1702,91.2986,20.1384
-8.4993,85.1958,40.6512,102.0439,195.7507,-7.6180,74.9518,1.6083,-46.4702,-27.1772,16.0326,86.8925,137.1888,-22.0267,90.3644,67.3800,40.2596,57.1686,13.0351
-36.2807,90.7876,45.0696,98.7152,198.8064,-66.4932,70.3243,-39.7748,60.4632,-25.8506,16.7644,77.4714,102.8223,-60.5742,124.2169,55.2128,102.0885,5.7964,-23.9619
-9.1910,38.2093,89.4671,104.8071,191.0540,-159.0001,52.6838,-112.4639,2.0121,-105.4946,51.5482,20.8614,69.7826,-110.6411,96.3779,-58.8074,185.3861,-17.7466,-40.3601
38.0510,36.8056,135.1578,180.3243,187.4859,-126.6887,60.4758,-61.7794,-62.5427,-91.6855,92.9588,30.7225,65.0436,-107.9010,56.0116,-50.7852,225.4489,60.5102,22.9768
54.3368,110.4895,138.0783,235.7803,189.7666,23.8155,103.6194,74.2042,24.7907,-13.5108,85.6992,79.2755,77.4220,-26.0365,22.0595,44.9946,225.7547,125.0424,156.2809
42.6078,133.9246,97.5349,155.2279,176.0565,105.4459,166.9043,119.9849,129.2915,-4.1305,31.0474,54.7556,69.8512,44.8285,9.0682,42.8498,214.1200,30.6718,290.4862
8.7814,46.3392,40.5370,18.9392,127.7425,113.8067,223.6723,112.5957,164.2854,16.8770,-34.4089,-3.8985,31.4840,48.9493,51.2349,-14.2639,150.3805,-96.8454,356.5953
-48.0483,-59.7426,-49.9427,-44.9845,42.2805,178.1367,225.3850,178.9572,234.2903,131.6800,-100.7155,-9.0326,-12.9546,42.3401,108.9390,42.2474,14.5323,-112.3689,331.7882
-77.1083,-99.4072,-174.3683,-74.5577,-39.5459,236.5802,173.7546,226.4505,314.6594,216.8826,-154.1504,-3.5899,-25.3102,38.7983,102.3104,176.0641,-99.2008,-122.2416,273.8242
-54.5549,-109.3265,-241.7134,-144.4278,-43.5765,174.0010,158.7262,168.9178,299.2624,211.5673,-168.7333,-42.8811,13.1167,-5.7918,51.2935,228.1870,-143.6203,-194.3820,245.6092
-74.2530,-138.5651,-231.6829,-218.8524,19.8642,68.5168,203.3617,134.7499,249.3697,206.8504,-173.6844,-80.2733,54.1477,-40.3706,36.1910,191.8587,-215.9183,-210.6199,199.5622
-202.4342,-153.9830,-266.7655,-248.6360,48.9508,8.6608,202.8096,165.0714,197.0719,209.3205,-208.2600,-75.4562,38.4300,-1.2710,64.9780,163.7569,-340.2468,-161.0267,84.5020
-336.8586,-154.4980,-349.0728,-246.1116,33.8810,-51.1230,137.4202,139.6787,58.4414,165.7336,-209.7356,-65.7965,22.2773,26.2030,98.2140,157.4792,-383.8196,-160.8289,6.3976
-351.8592,-206.2130,-312.1444,-228.1070,71.8573,-124.8396,142.3374,76.5226,-59.4483,116.0931,-102.4462,-86.0366,104.2053,-31.3405,131.0003,140.1103,-292.8760,-189.4929,64.8541
-273.5699,-265.7253,-144.7592,-182.6018,167.0231,-154.5424,252.5230,61.0766,15.5449,82.1704,46.5809,-99.8838,233.3215,-82.4486,158.5882,114.6598,-161.8141,-143.1256,138.8607
-207.4484,-212.6945,-7.9408,-87.4842,220.8852,-130.2053,309.3463,26.7983,119.6182,6.8722,128.1170,-41.0225,275.2099,-60.0312,141.7679,78.0632,-56.2328,-29.0979,67.9631
-185.1629,-92.1075,59.2306,44.6975,196.7262,-82.0386,221.2984,-57.0488,20.7351,-88.4546,160.4572,83.7669,221.7372,-26.3036,80.2739,33.1430,11.1524,68.0011,-92.8564
-164.8481,-40.8565,102.9294,135.1255,119.0954,-28.8027,96.7828,-82.1890,-152.0659,-107.4339,201.8819,177.1076,162.7699,3.8128,34.8308,28.0672,7.6279,93.9190,-192.2263
-135.9756,-50.1685,78.2822,123.0886,-2.1194,26.2044,40.9013,-30.3874,-174.6897,-37.4774,216.1890,181.7433,129.6189,92.1441,26.1936,74.8162,-52.7827,66.0283,-192.7798
-134.3270,-45.7350,-11.7694,65.6504,-133.8403,109.6128,24.8381,27.2669,-59.8273,58.6018,166.4818,158.3687,91.9275,217.0460,15.3720,125.9807,-89.9887,53.2310,-137.1018
-145.8988,-25.0296,-49.5561,48.9648,-225.2218,229.6173,1.3242,89.4076,79.4937,128.6178,115.0206,173.8732,29.7291,288.5881,-4.9813,167.6613,-86.5006,75.7202,-73.9032
-109.6479,9.0014,-18.9648,58.2215,-278.9994,329.1840,-24.9138,145.7159,130.0435,136.8592,124.8639,204.6192,-42.9005,290.4284,-17.0783,196.1384,-111.2776,86.2296,-62.0679
-44.4817,47.7803,-14.3554,40.6763,-304.2309,375.4739,-36.5069,161.2711,7.0358,104.4614,168.9747,205.1584,-78.4722,280.1421,-32.5879,169.9451,-193.4147,79.0549,-96.0261
-23.4182,61.4733,-43.4146,11.7475,-260.6875,392.6518,-0.3947,196.5092,-156.3809,120.7877,191.9567,188.3141,-44.0421,287.8065,-39.3723,113.5449,-266.1822,81.5765,-73.0221
-13.9671,103.1352,-60.1381,13.5861,-147.5429,371.6422,91.6655,288.7767,-135.5645,199.4559,181.6432,196.7078,25.4914,284.9210,-1.5253,119.1019,-255.0490,74.5614,37.9785
64.1192,217.6505,-77.5458,45.4002,-40.7314,300.0737,150.9529,345.7817,-9.1195,236.8841,155.6492,237.1525,78.3201,252.7901,38.7078,178.5004,-185.9628,50.6460,113.4859
156.5322,287.5156,-96.3072,79.1440,15.1522,219.1331,114.9898,321.9794,-18.2068,195.7984,131.2401,261.2460,111.2686,222.2842,17.8957,191.0907,-154.5030,36.3527,66.4075
156.0903,239.9586,-73.3198,92.7844,39.0103,125.4872,67.2425,255.7625,-140.5552,143.6315,129.7054,218.9395,133.4373,195.0927,-21.3311,132.7676,-177.0645,5.1414,-33.3217
95.3984,189.1714,-4.4893,82.9159,33.6150,-28.0774,59.4344,135.2001,-206.7832,82.0966,178.2143,133.1696,131.9032,118.7458,-24.1266,74.0919,-171.6709,-70.5640,-102.1572
88.4259,181.6664,82.3461,71.3008,-13.6432,-193.8991,14.4248,-21.1125,-197.7431,-27.8278,263.4127,79.4744,102.0666,16.9319,-29.3304,65.4301,-109.4863,-127.4282,-148.4373
159.3166,148.1051,160.9506,83.0115,-73.1390,-273.2430,-65.1590,-108.5276,-153.0064,-112.9630,300.2447,82.8830,52.7723,-6.0351,-63.0129,72.6626,-54.1780,-112.8550,-190.6511
220.2769,122.5755,179.9495,108.6670,-104.4835,-239.2692,-85.7679,-108.4669,-86.4692,-104.5144,227.2000,96.1101,-7.3736,52.8660,-81.7854,34.3394,-41.2680,-66.7791,-204.1282
174.3501,144.6447,120.0048,112.4989,-113.0203,-109.8577,-71.8308,-85.6231,-78.4354,-88.1749,117.4667,86.8653,-55.7702,97.8980,-64.0685,-19.8688,-44.3852,-33.5402,-175.3804
44.1732,123.4572,57.0190,87.9840,-128.7062,57.9856,-74.7324,-36.6295,-158.7298,-115.8807,83.2339,75.5876,-72.8015,106.6570,-33.9570,-9.3509,-42.2664,-12.8131,-123.9562
-22.9771,52.5114,48.1073,77.3765,-165.8230,165.4138,-27.1803,46.9563,-180.3967,-74.0428,106.6075,77.2635,-77.8481,113.2550,-24.3916,36.8900,-31.6566,10.5972,-65.4042
39.7390,42.0552,45.6508,104.6306,-213.2978,208.8535,62.0890,112.6479,-53.1573,59.6237,99.0814,75.4333,-98.0034,108.1463,-53.1584,46.2531,-13.3342,62.3828,-6.2169
111.7348,78.0773,18.9764,129.0704,-232.1067,276.8919,65.8608,152.5909,74.4549,108.0325,62.2744,69.5083,-120.0620,96.0613,-79.8286,54.6594,4.1146,156.6538,39.0162
93.3953,94.5262,20.0583,130.2634,-182.9167,366.8526,13.5450,212.4730,56.9093,36.6152,48.8514,88.0017,-112.2342,128.8468,-50.6163,98.3845,17.6643,270.7982,75.3991
39.4315,146.0120,57.1969,163.9292,-80.7419,425.5388,49.6622,319.6232,-12.5474,72.0644,46.3221,135.1371,-65.6381,216.5748,3.3101,145.4939,23.4723,365.5870,144.9003
6.5014,237.4493,63.7251,231.4062,22.4977,467.3392,152.4651,469.9934,31.6020,280.2993,25.7988,172.1482,8.2671,308.2429,41.7425,215.4939,6.1590,391.1754,256.4409
1.2727,248.1834,41.1344,222.2052,117.0103,456.4482,214.1977,577.6147,163.6535,390.8301,20.5586,170.3085,94.6304,346.1524,93.4866,288.9815,-12.3235,320.8530,342.1683
71.9057,165.6010,70.2647,115.7121,223.8999,320.2013,236.1707,525.6752,222.6976,255.7782,60.9788,146.8137,170.7895,303.5995,134.3743,236.9062,21.8432,219.6332,349.2867
209.0769,110.6251,151.5175,53.2221,312.0671,147.7914,239.9828,364.9467,154.9849,93.9057,111.2957,131.5587,203.0354,219.0614,97.6737,107.4144,85.5510,166.4230,303.1204
276.3988,124.1968,195.7791,86.6141,319.9955,52.0050,200.3013,239.9045,49.7397,67.9664,134.7596,124.7391,176.8366,152.1883,45.2117,106.6062,92.5205,123.3563,227.1148
243.3898,147.8607,187.3846,102.6689,251.5199,-43.1878,131.0747,143.4396,-16.8598,41.3897,151.6261,112.9884,125.0152,94.0478,61.5893,173.7026,52.5607,34.6413,120.3753
250.4725,141.3574,194.4791,77.4187,162.4707,-167.2366,68.5641,27.2205,-37.4492,-65.1200,180.1556,111.6483,85.9970,32.3527,75.5088,111.3994,61.0235,-30.4674,32.9879
311.1082,102.1542,221.0033,108.7284,77.3574,-160.8786,16.7615,-29.1926,-32.5255,-105.8345,182.2941,142.1648,47.2532,32.5146,25.5817,19.4734,117.0433,9.0669,12.4740
286.1625,65.2749,213.8226,176.0129,4.9786,6.1030,-12.5569,0.7044,-38.9311,-11.2296,137.1218,171.4563,-8.1940,99.1003,-15.2554,58.4915,128.3424,99.5142,12.9574
199.7279,102.5490,194.9583,171.7757,-8.4796,157.5294,-1.9654,18.4643,-66.2724,103.4665,110.6379,149.6071,-35.3586,106.3896,-14.1364,120.5712,88.9680,144.0410,-7.7016
199.2493,227.3544,226.2395,124.7616,60.9345,222.5561,25.5071,-5.3209,-75.3535,116.6942,158.1971,106.5665,6.6039,10.4470,-9.7504,96.8903,77.8364,156.1935,-14.6467
250.2278,331.4514,282.2303,129.0223,148.1822,265.1865,27.4885,-37.7902,-71.4039,-30.6601,220.2106,109.5949,75.0419,-68.1708,14.0927,32.6986,102.9882,215.0202,-1.7810
228.5977,303.5074,296.0323,157.9014,186.1094,285.8724,-9.9958,-81.0604,-100.6451,-275.3359,224.0815,137.8276,118.2955,-63.3940,63.8718,-50.8349,106.1579,294.5081,2.7265
173.7425,175.1086,275.5567,139.9337,206.9126,267.4210,-41.8597,-87.9377,-121.3159,-391.4634,204.0314,121.9639,154.8545,-45.8301,87.9325,-109.2344,85.5139,292.4361,37.5139
165.8292,76.9184,266.5881,92.1774,261.8139,254.2854,-1.1180,-3.8275,-69.9532,-264.1688,208.9477,76.8751,201.8611,-52.8882,91.6075,-58.9488,78.0920,245.3677,127.2936
168.0803,87.7305,263.4394,70.5934,303.3372,239.5480,83.3547,89.3761,-7.4010,-74.3819,209.6622,68.0427,220.4482,-48.0165,107.7690,17.2411,76.5505,222.9411,189.9858
161.8212,179.6761,232.6045,83.8997,254.2013,149.0982,104.3178,95.4215,-1.0890,3.7106,186.0029,93.2300,190.8273,-45.0941,102.6226,-3.8034,60.5940,14.7127,168.6385
182.4359,257.3014,169.5928,88.2470,133.2204,-16.0777,46.9076,41.5055,-9.8172,5.5492,160.3414,103.8316,141.5784,-86.3011,65.6441,-46.4411,31.9905,-560.9826,106.1591
183.7467,238.8015,95.4834,42.2735,22.5187,-152.0131,-15.0249,-22.1494,-12.2300,-8.4826,112.5544,89.8360,85.9753,-124.7042,40.2996,-28.4415,-16.7270,-1108.3737,39.6873
120.5655,166.7276,40.8988,-21.2402,-32.4027,-173.0556,-57.7461,-67.5194,-29.0887,-11.0412,23.4224,74.5129,23.3834,-97.2425,16.2416,-4.3481,-66.0121,-1121.8677,-16.8378
84.5775,163.8143,31.6426,-29.8545,-43.8082,-106.8263,-93.6526,-68.8990,-12.8909,36.4830,-38.1783,73.3542,-30.4281,-58.4768,-31.9350,6.7042,-38.0103,-808.9413,-36.9413
150.4835,221.2829,54.7698,13.6854,-62.4466,-50.7523,-132.7648,-72.6885,57.5502,73.0638,-28.6137,83.1598,-86.5187,-77.9136,-68.6200,16.8815,79.1754,-679.6931,-41.2832
236.3788,220.5769,62.7444,49.1693,-131.3441,-38.7437,-210.7067,-124.7006,97.9291,26.6756,-23.1249,80.4737,-168.7216,-97.5228,-82.9322,-5.6561,164.5137,-701.2343,-72.1484
244.3678,177.4412,35.2126,59.0335,-212.8018,-14.0918,-300.7632,-144.1110,91.3301,4.7526,-70.4725,49.9292,-229.0102,-52.6220,-103.6242,-20.6430,131.1818,-588.2897,-99.0773
187.0845,190.7242,-1.5115,54.8827,-225.3495,51.9612,-302.3968,-86.3221,111.9719,75.2150,-107.9905,26.3106,-213.7758,-2.2153,-112.0639,24.8057,49.1148,-409.0798,-95.1237
134.2816,223.6194,-24.5340,45.0689,-172.5033,114.0566,-243.3653,-58.8833,134.6838,93.4335,-97.7143,55.5127,-181.6380,-2.0897,-92.7572,51.0766,26.5575,-327.4066,-105.6710
129.8427,207.9002,-32.9897,56.5617,-123.5790,136.0903,-243.6293,-105.4964,90.8034,-0.2380,-81.3328,114.6337,-193.7041,-9.6787,-80.6985,13.9666,66.7705,-276.0853,-128.5391
140.8791,188.2790,-26.4210,86.6239,-87.7113,135.8098,-258.8400,-133.3291,35.1172,-88.2644,-83.3796,138.6986,-191.3855,2.9275,-68.2439,-2.8369,83.7579,-191.5419,-103.2430
99.6228,192.2125,-17.4922,84.3810,-36.0937,150.9196,-180.5461,-101.5540,20.8334,-133.4983,-95.6942,115.4094,-131.9018,3.8263,-18.3861,17.0450,27.0767,-123.2886,-49.6678
32.6713,188.1937,-33.6754,58.6436,14.5096,187.5328,-70.8481,-44.1733,-16.5360,-151.9619,-115.1507,81.9648,-75.3005,-20.7594,31.7835,26.8437,-37.1467,-75.8101,-25.4130
21.0923,176.4502,-65.6672,63.1907,47.3008,186.2467,-19.5088,4.3080,-95.4487,-112.0550,-115.2678,52.6401,-41.3314,-59.2182,38.3103,46.1665,-28.4135,-45.1745,-19.2551
30.0083,137.5309,-72.9239,63.0186,75.7296,84.2455,-3.4088,-19.4478,-131.5961,-85.8703,-66.4970,24.4303,10.4436,-94.0183,38.1525,63.4982,3.8899,-75.8882,-35.3757
-17.2303,52.1760,-61.3754,-0.6236,72.5206,-77.1718,-27.7386,-136.6670,-109.8819,-159.8291,-11.1340,13.2672,38.8801,-101.6679,55.7552,19.6420,-26.9312,-154.0945,-120.9849
-62.5802,5.9747,-68.8087,-80.5297,-11.1905,-192.6925,-122.3393,-249.8837,-97.1582,-220.6665,-11.9764,11.1475,-26.5677,-98.7226,49.6580,-43.6976,-75.8796,-221.6119,-233.7862
-23.4688,37.8214,-69.4595,-111.1320,-146.2303,-221.3822,-218.3480,-296.4132,-101.3665,-183.9119,-40.7019,-26.6609,-140.0437,-110.1658,9.1183,-51.6518,-48.9300,-261.9554,-283.8151
52.9683,48.0544,-3.8925,-91.4869,-252.1028,-188.9200,-261.5815,-326.0416,-96.8731,-157.9548,-25.1825,-87.6726,-211.4727,-79.8998,-21.7373,-26.5431,44.1242,-257.1291,-298.1628
88.5704,27.6615,96.6333,-25.2689,-297.1682,-121.9764,-295.5247,-349.2483,-109.9926,-161.7506,21.5635,-96.9577,-229.6956,17.4175,-22.9692,-5.1290,133.8258,-192.7147,-345.8564
64.6210,52.9876,129.9637,58.0798,-304.5915,-49.4106,-320.6269,-319.1949,-144.5080,-100.5911,21.6685,-55.4756,-222.0559,63.1899,-14.0328,11.9125,170.2759,-121.6355,-378.2945
-5.9085,64.1588,74.8236,75.5780,-298.7001,-5.4606,-286.3529,-245.4522,-132.0362,-16.9845,-30.3567,-48.0840,-193.6543,4.8434,-13.0572,11.0971,132.8261,-85.8277,-310.2891
-58.7225,12.7250,20.7534,14.9195,-272.6675,1.1079,-207.5099,-153.0458,-41.8570,30.4228,-50.1606,-87.6336,-138.5852,-21.1113,-22.1297,2.6021,57.5440,-53.1427,-158.1242
-35.7549,0.8309,19.3761,-47.7081,-196.4895,-9.1571,-112.0361,-30.1797,66.6913,97.5365,-9.7086,-105.8829,-59.3454,40.2108,-21.6279,25.9947,-0.2014,-3.8569,3.7105
-7.7813,31.9476,2.8797,-86.5985,-69.4594,-5.2924,10.1792,94.5404,124.2155,137.1809,10.0995,-90.0577,19.0273,57.3417,18.3367,68.5120,-42.2228,51.0918,121.4091
-50.2771,5.5529,-85.0544,-108.1332,55.4382,22.1895,117.9164,152.4852,102.0366,52.4241,-28.5462,-76.7733,68.8185,-14.0846,81.8949,78.5451,-66.1342,122.8844,157.9272
-83.1569,-29.3397,-170.3802,-71.3895,123.4001,31.1141,139.0181,128.6095,37.0138,-22.3850,-52.9452,-64.0835,97.7583,-65.9759,100.2237,48.5687,-32.8129,190.5669,107.8280
-42.9528,-9.0332,-161.2780,4.9495,116.4529,-26.9474,92.4817,65.7270,41.0551,67.6758,-31.6310,-53.6633,110.1363,-57.1539,54.4370,23.9534,12.7290,183.2744,27.4823
-15.8831,-21.0437,-95.0579,10.4083,49.6475,-131.3544,52.8437,4.3012,157.6768,179.0416,-28.0430,-75.3801,75.8194,-34.4967,18.8856,31.4233,-11.0597,101.3125,-20.9121
-45.6001,-79.2952,-57.0192,-59.7665,-21.1531,-210.6231,32.9031,-43.1231,255.1868,140.5445,-52.8856,-85.5666,8.8125,-5.5390,34.8889,22.8430,-31.3171,39.4508,-38.9380
-60.5946,-78.9518,-33.7922,-58.6306,-39.5783,-206.6304,-1.4294,-76.6065,238.3907,67.1964,-40.4945,4.6019,-27.7406,39.3103,38.5156,-36.2235,71.4823,58.5886,-58.1094
-34.5504,-14.4006,36.5089,78.7447,-33.0932,-110.1189,-52.4721,-86.1040,199.1437,96.3444,17.6723,150.2204,-35.8223,78.8576,-13.2637,-70.9052,229.9074,126.5451,-83.5539
14.4092,54.0575,136.6149,218.7169,-68.9388,10.0535,-96.8728,-75.4828,178.9223,104.1476,71.7946,205.2524,-63.3836,97.3002,-63.3752,-37.2895,293.8782,174.2770,-114.3217
95.0826,95.8417,193.8201,218.8069,-134.7184,52.7445,-135.2703,-80.5115,82.7303,-27.3225,104.4062,150.6943,-95.6952,91.8696,-63.2387,-10.9293,244.7536,165.8978,-160.1186
159.8863,69.1496,196.2972,123.0551,-175.7476,13.0338,-178.4351,-103.8282,-50.7203,-131.7756,124.9300,105.7731,-99.9327,76.6112,-41.7842,-4.5009,166.9778,134.3611,-206.2552
139.9324,12.8662,208.2419,73.0639,-197.8560,-25.3711,-212.9593,-113.0277,-85.5495,-76.5508,147.6857,125.2572,-95.7455,92.6391,-37.5879,22.9486,136.5272,140.2340,-227.7746
103.2214,44.3805,256.2180,93.3811,-220.2152,-36.3277,-233.6796,-135.0734,-83.6982,-64.2403,189.5751,152.9202,-91.8927,134.3345,-53.0179,-16.1268,167.9121,196.2137,-237.2032
146.8220,122.5685,268.8787,107.1039,-199.1039,-54.9188,-249.3114,-196.6162,-154.2746,-218.2038,220.3526,144.8456,-55.3377,131.6208,-65.3966,-146.0579,199.0320,278.9582,-243.1335
197.4896,117.2645,192.9704,104.9372,-89.0421,-73.3577,-218.6731,-210.9197,-198.0807,-272.0099,184.4226,109.4268,25.3310,81.8171,-48.1050,-175.7491,170.8761,371.0250,-209.9243
137.6841,65.5887,92.7026,114.3698,77.1880,-77.9093,-95.8622,-125.0323,-139.1871,-100.0512,107.0315,63.8130,122.4548,60.9227,-3.6644,-55.3667,99.6870,426.7389,-131.8974
8.4282,34.2032,38.1628,80.8538,220.4444,-110.8349,65.8557,-42.8842,-66.9238,15.5582,58.2186,25.9457,203.9377,74.0052,52.5174,26.2484,14.8498,386.9995,-53.2837
-76.1588,-26.1419,-8.3363,-30.8690,294.9879,-181.1651,190.5571,-22.2500,16.2060,-15.9973,30.9084,11.7842,256.5156,75.6725,126.7960,30.5182,-70.4535,282.6107,25.7980
-93.1198,-96.7586,-95.6398,-137.1017,308.3487,-226.2060,272.5229,19.5943,159.8005,35.3775,-14.7999,15.9238,282.3594,94.2910,188.6809,69.0989,-122.4114,201.6298,123.5719
-95.4781,-115.8292,-183.6189,-184.4531,272.3122,-231.3615,291.1057,89.7979,242.2071,132.9427,-55.0942,17.0437,263.6793,146.2457,165.9258,116.0370,-146.1182,146.0132,174.3461
-113.8323,-157.7030,-206.1433,-231.9913,184.1800,-253.2520,216.3617,91.8344,185.2264,58.0934,-50.6885,-3.2100,182.2624,152.8098,79.5324,107.6247,-189.2741,65.6646,129.9558
-118.5642,-254.3230,-143.4346,-294.8054,76.0132,-289.1238,122.8279,34.3463,120.7260,-69.6918,-11.7665,-36.7121,91.7790,98.6701,23.0388,78.8287,-214.1761,-12.8001,79.6497
-78.9107,-262.1553,-37.1996,-295.3435,1.6388,-265.6207,77.2114,11.5809,94.7217,-43.5077,24.1117,-40.5132,48.9661,79.5863,-6.0874,50.1170,-153.0937,-43.3886,85.6182
-44.0465,-129.3520,22.6468,-216.1222,-48.9290,-174.8092,17.0928,32.4146,27.0546,50.7576,27.6007,-4.1707,3.1328,106.4421,-47.5108,32.3656,-68.0532,-60.4156,57.3769
-88.6694,-11.1629,-1.1561,-140.3492,-124.8027,-93.1567,-85.3126,38.9259,-21.7233,99.4079,4.6044,3.3170,-85.5405,92.0892,-59.1933,60.4209,-47.2766,-101.2708,-59.4165
-177.8028,-40.4519,-39.6389,-131.3409,-220.4849,-68.5292,-173.4331,-6.4147,-9.5710,102.4916,-12.2813,-59.0228,-142.5625,29.4455,-52.0188,103.5030,-74.0124,-142.2929,-188.3764
-202.2992,-179.6322,-58.2354,-178.5081,-302.3858,-96.5076,-268.2679,-110.4399,-88.8123,16.4764,-19.6990,-125.2171,-139.7117,-30.7588,-109.0865,102.8037,-137.2983,-169.0132,-291.1221
-147.6811,-276.5735,-111.6579,-247.8335,-358.6974,-167.5515,-379.5659,-220.7374,-233.9833,-115.8006,-33.8393,-141.6568,-146.1285,-85.5159,-168.1613,35.4602,-251.4020,-186.4177,-375.5873
-104.1912,-233.4949,-178.4980,-311.2818,-354.3788,-233.7449,-376.8258,-246.0541,-181.0970,-144.6320,-35.3896,-143.4796,-149.2596,-119.8686,-104.9249,-83.5951,-336.5390,-167.3918,-368.0140
-121.1330,-142.9785,-162.0040,-334.7170,-246.3737,-208.6528,-224.1637,-182.2221,20.7278,-108.4091,-13.1661,-154.9625,-78.0057,-98.8041,1.2589,-130.7904,-317.5093,-96.6837,-243.1327
-162.2648,-130.2955,-86.2520,-292.6505,-71.3261,-103.2144,-85.3838,-125.4936,31.5284,-136.7705,-0.9082,-157.8222,31.2359,-58.7764,12.3088,-43.4411,-252.3593,-10.4552,-148.2668
-181.3932,-129.6737,-49.4697,-205.5857,80.9487,-54.4605,-42.4809,-128.6795,-140.0153,-171.9127,-0.0119,-156.7204,106.6856,-49.4461,-21.9197,-19.2180,-198.2781,60.1320,-170.7443
-155.6271,-45.5360,-36.8304,-130.4823,154.1638,-132.1188,-32.8511,-155.2494,-186.1424,-146.1023,22.0014,-154.3654,148.7531,-47.4016,-13.9558,-107.1556,-134.4420,103.5121,-201.5779
-83.4123,30.4306,11.1721,-105.5763,144.1954,-236.0988,-48.9893,-171.9711,-88.4507,-112.6565,47.6982,-123.6002,158.2730,-18.8389,1.8707,-69.6893,-72.7551,105.3244,-169.3843
-13.4603,-2.5262,69.4793,-110.6644,103.6711,-237.6803,-99.6470,-173.8759,-54.1431,-69.4309,51.4228,-63.5024,130.6808,48.9972,-10.5727,-35.9798,-39.9018,99.8364,-134.7622
-17.0970,-59.6020,96.0029,-69.4025,102.4040,-108.0407,-123.0686,-130.0132,-80.9965,-17.3651,55.4583,7.2519,106.0607,151.2208,-27.0938,-291.6060,0.3067,168.8888,-115.1253
-78.4284,-17.7559,90.9927,75.7249,128.6043,96.5177,-118.9457,-15.1051,-54.6751,-34.3545,59.5937,87.1846,95.5328,213.3090,-29.7100,-450.1558,67.0949,312.9182,-81.4113
-91.3414,94.8002,71.6821,250.1430,122.7297,271.7357,-151.9117,99.1754,-20.4864,-72.4228,42.3927,146.5619,70.6595,185.4323,-24.2740,-200.3094,125.1069,414.6823,-68.3581
-15.7185,147.2994,76.5806,296.5091,94.8262,317.9453,-200.2486,92.4372,-57.5960,-48.9333,34.5684,138.3228,54.8579,154.7363,-39.1831,-111.3120,157.4656,382.8314,-95.9311
60.3737,97.4975,111.7211,191.9787,73.0871,239.3782,-201.5941,-32.4818,-120.0474,-67.5552,49.2689,77.1584,76.1638,152.4489,-70.6271,-361.1371,148.6336,261.7957,-119.5310
58.4361,56.3964,95.4529,79.2195,31.3900,145.9213,-166.5942,-130.8866,-139.9422,-137.6102,28.6371,8.9535,96.6983,73.1313,-32.4938,-261.7509,74.4524,170.8014,-136.6432
8.2271,95.7575,1.5623,52.7051,-11.3077,111.4549,-132.8702,-110.0332,-110.8407,-61.6088,-31.8672,-43.6028,91.8841,-33.6128,65.3681,124.8970,-5.8731,170.7083,-166.2985
-25.3458,119.5182,-51.1129,82.3416,19.1812,104.1619,-116.4883,-28.8075,-52.0885,114.5325,-59.4911,-60.7442,75.8954,-0.4512,34.9392,96.8542,-5.6325,223.2188,-163.1712
-29.0333,62.5524,-8.2511,117.9523,104.8413,85.6467,-118.1568,32.4388,6.0044,137.3525,-49.3769,-61.0836,41.7840,87.0605,-133.5531,-35.9248,24.5525,269.6816,-110.5234
-34.6301,21.4417,8.8609,106.4870,156.7894,75.9867,-110.6367,80.5022,32.0185,64.5243,-68.6777,-108.7593,-2.5012,65.4625,-158.1880,273.3534,-29.8792,285.5095,-67.4021
-72.7680,59.5084,-77.4650,5.6248,156.1186,82.3584,-76.4551,150.3716,14.4989,112.8535,-130.0702,-185.7984,-15.6177,58.6581,23.0423,455.2958,-148.5683,258.8047,-38.3531
-130.9511,107.8524,-183.4190,-107.7054,132.4982,75.3729,-41.3272,235.1166,-32.0704,217.8936,-180.4813,-205.5180,1.0531,177.6058,104.0295,146.3606,-211.5593,204.7513,21.8684
-155.9367,115.7283,-225.2093,-100.9345,95.1067,65.5174,-17.2798,300.2174,-46.9703,247.2568,-180.1921,-184.1865,11.6813,248.3620,-26.3108,46.9427,-176.3190,175.6499,77.9835
-121.1781,104.8497,-212.3351,7.6617,53.8349,87.3818,1.9956,320.5443,29.2374,258.1872,-147.4919,-196.0619,4.4153,190.0420,-122.9163,377.6884,-101.8917,176.4952,78.7777
-57.0467,100.8087,-170.4079,86.9629,15.8384,120.5470,4.9040,312.6144,135.5487,282.5405,-132.5015,-221.8237,-22.4106,154.5345,-74.8757,527.1112,-39.2453,156.8537,78.9933
4.7181,121.3492,-104.0450,95.9011,-27.3887,141.1545,9.7352,330.5839,155.7296,265.4939,-134.8844,-219.1710,-57.1621,172.7197,-29.9719,382.1437,12.9153,125.0514,136.8444
51.5872,166.7888,-29.1561,86.6556,-72.9213,172.9282,37.3013,381.4326,111.1412,221.8840,-104.0607,-199.4814,-71.2716,160.2311,-44.1762,275.8849,52.7670,123.0500,194.2723
59.5676,201.8630,27.5421,89.5375,-125.6480,192.7835,21.7111,380.9646,91.2515,162.5833,-49.5899,-158.8044,-72.0875,152.8878,-33.7737,198.8653,59.7515,115.0111,170.8582
26.5661,197.4631,58.2556,106.4587,-198.3536,137.2309,-65.6725,279.7300,71.0262,56.5038,-30.0651,-103.2437,-70.0258,168.5635,-1.7414,113.9693,53.2531,65.1580,86.6480
11.4447,167.2923,79.0939,138.0406,-245.7651,48.9772,-106.2702,173.5345,18.9711,-18.3527,-32.6770,-87.2176,-22.2495,117.8170,-16.2778,163.3385,76.0579,27.4959,29.6721
55.7950,155.1505,97.9801,168.9558,-216.4465,22.4596,-44.5877,175.7836,15.3904,36.6384,-10.9970,-103.0169,66.0191,20.5683,-51.3023,269.6967,106.9520,38.0335,47.9022
109.7579,182.3620,99.3760,178.9757,-151.1192,33.7605,9.2211,245.3685,80.4374,135.3451,16.4890,-86.3401,108.9605,-9.1662,-29.3971,284.4656,98.4776,68.0674,100.8286
105.5898,197.9758,78.2763,169.3712,-91.3913,17.5571,15.7020,266.2733,117.8594,143.5004,17.8110,-49.9788,98.2531,24.0584,39.2203,266.2059,73.1873,116.1763,121.8944
53.6716,163.0033,46.9065,156.0749,-1.0280,5.5632,54.2087,238.3840,110.6750,103.2207,-8.4363,-32.5327,108.6071,48.5841,75.2050,258.9072,66.5577,190.9613,119.6662
15.6362,151.8489,3.5235,149.9172,123.1079,43.8345,119.0560,264.6069,122.7338,132.8127,-57.4902,-6.2096,149.2045,63.9789,59.9162,250.3746,55.1931,260.1141,166.8003
19.3111,205.9722,-44.9619,145.4206,224.2790,108.9621,149.1731,378.1446,144.1339,218.1879,-84.4332,38.9735,185.9802,94.7745,45.7754,298.9185,30.7340,311.2080,273.2056
29.4366,210.6637,-65.8033,128.3528,278.3522,158.8051,163.2282,483.2409,145.1644,250.2279,-46.5652,70.0767,210.9428,123.8187,50.7603,390.5676,25.3184,343.3390,348.1570
3.2434,111.2421,-65.0028,98.8021,273.9984,161.3448,179.3545,480.4993,152.4585,213.3348,-17.9860,87.5211,193.0573,110.9466,58.2836,425.6762,32.5724,310.3683,333.3264
-35.5417,39.0821,-84.7359,72.9651,200.9362,117.3035,173.0844,389.4817,153.5882,191.0672,-70.4230,92.3509,111.9919,57.8617,81.7452,368.6986,31.2191,210.6819,286.3778
-20.8397,81.7642,-103.2047,62.5017,119.3893,81.0698,160.4031,298.8231,111.1170,195.9253,-109.6775,64.1307,24.0496,44.1552,106.1282,241.8356,46.7285,129.6535,269.1425
54.5008,170.0260,-59.8234,64.6671,82.3938,73.2815,145.8144,238.3130,80.9269,178.5308,-53.9837,28.3859,-32.4060,106.6637,68.8152,157.5338,83.0881,98.5720,250.0834
130.5440,222.8008,20.6747,66.0031,38.0826,50.3480,82.4249,181.3431,121.7288,168.8488,3.2777,21.7408,-81.0837,146.2926,1.6591,224.7793,93.0098,61.5475,187.5455
172.3229,216.5323,59.0231,61.5433,-52.8947,16.4174,-4.3097,122.0141,167.3819,177.6620,-11.4281,33.1198,-115.8188,104.0551,11.8730,250.6152,78.8990,0.6483,100.8319
191.9216,178.2016,48.4206,72.0633,-148.4600,4.8558,-40.1992,51.4512,158.7882,101.3834,-36.4431,56.7001,-120.3227,61.3480,68.2473,11.0489,98.5834,-43.1935,9.4334
198.9358,170.6664,49.4431,111.8036,-218.6449,-20.6941,-49.0270,-58.9808,153.1832,-42.9678,-29.5354,86.3816,-120.6458,44.9386,46.2979,-242.3227,151.9172,-39.1679,-81.0315
194.1130,190.6202,85.2005,146.6248,-236.6924,-79.8021,-71.3955,-173.1657,157.2560,-84.9318,-7.4248,77.6866,-108.5715,-6.0100,-26.6556,-221.7353,169.4125,-0.8427,-137.9886
175.6140,168.0163,102.3560,126.5939,-163.2161,-126.6917,-60.5567,-216.9005,69.6885,-42.7144,25.2504,37.1992,-49.2199,-59.6276,-25.5941,-152.2188,114.7087,7.8861,-149.4824
136.1549,114.4000,54.1404,53.2920,-51.6113,-167.0665,-8.2850,-203.4292,-52.0812,-59.6569,41.6155,37.2307,22.0610,-61.1912,44.4744,-238.6913,42.4302,-41.9958,-136.0227
100.9550,99.5194,-7.6249,-9.8831,15.0225,-214.7045,27.4784,-177.2175,26.9895,-53.5282,14.2868,85.4298,59.2982,-72.6763,81.4025,-260.4149,38.2029,-62.5494,-74.9234
117.1153,120.9900,-7.4112,-1.8967,70.9235,-203.6970,57.4197,-120.6936,267.6855,53.5105,-8.7108,129.9316,80.7496,-125.3217,47.6124,-136.0808,104.3514,1.2226,40.8668
163.5974,142.3904,21.9790,56.8115,144.3035,-144.5759,105.7438,-62.7685,301.2960,51.8991,7.5013,152.7140,93.4870,-142.8862,-15.5442,-130.6193,163.2900,47.3115,117.4073
180.2784,149.8892,24.0529,98.0482,163.0960,-139.5768,110.2916,-80.7846,59.9338,-117.9328,23.9075,150.5288,78.5094,-105.3201,-46.9091,-305.7310,196.7172,25.0161,106.9328
191.5035,144.2509,50.6527,134.6919,134.3932,-144.9555,51.8398,-111.4467,-83.4801,-157.0919,48.1066,138.4930,56.1444,-61.0616,-25.0746,-397.9448,257.9832,47.9486,96.9731
251.8400,176.3146,134.1647,224.0601,143.6570,-54.5848,7.0958,-43.7184,-0.4249,12.0327,123.5642,172.3503,47.0826,-18.9308,-5.7081,-277.1627,323.1803,137.8216,121.5093
318.7299,270.1284,176.5355,293.0968,154.6314,40.1971,-0.9146,30.3934,43.3236,91.8872,187.8830,240.0485,37.9686,9.5085,-26.8090,-132.9062,307.0688,149.6435,107.8768
331.2897,311.8312,121.0229,220.9263,92.8505,24.5500,-6.3470,-21.7755,-2.9518,-18.3102,154.7693,251.1965,30.0154,-5.2098,-18.6047,-162.6088,226.2809,47.8240,50.5606
309.2233,230.8762,41.2031,81.7746,-0.0022,-21.0768,-9.1796,-117.3214,42.0142,-117.7891,71.8123,209.5405,18.0019,-31.3867,57.2939,-262.5724,166.1980,-47.0999,-7.5892
269.3144,151.4378,-10.0032,44.4719,-88.5365,-35.4861,-31.6378,-150.5317,105.0665,-119.9497,32.1710,204.1292,-32.6547,-26.1942,94.3927,-234.0008,140.6027,-91.5356,-86.8710
195.4368,158.6015,-37.2721,97.5001,-184.3926,-91.2720,-99.0324,-180.8362,34.0110,-97.5656,41.2757,235.1003,-100.3548,-7.4306,25.0192,-177.0828,123.4874,-132.3551,-170.5102
123.8197,163.8914,-29.9187,120.2806,-220.3910,-176.6549,-118.8565,-230.0858,-37.3358,-82.2108,60.7587,233.3159,-103.7846,7.5951,-42.1203,-260.2549,113.5306,-155.8420,-172.8457
103.8466,112.2967,-7.4738,101.6115,-143.8055,-195.3242,-12.0663,-204.8108,23.3655,-70.1035,74.5312,188.2758,-23.0364,17.2400,-11.1696,-304.3971,96.4722,-125.3732,-100.9398
111.9746,63.0825,-12.4168,93.4111,-36.2029,-167.7863,114.7089,-114.0769,114.4464,-60.7821,84.1535,146.1404,79.7840,-1.2545,49.8400,-150.3100,66.4751,-80.1159,-38.7990
107.5831,69.9740,-8.2673,90.4486,45.9331,-170.4227,163.6157,-72.2416,157.6741,-55.2052,96.7184,145.5196,150.6812,-40.1532,64.7692,-46.7572,65.7134,-69.2611,8.6956
82.9522,126.8429,39.8325,65.6489,145.6261,-181.4728,220.5804,-85.8827,191.4171,-67.7511,101.7053,173.1496,189.5170,-59.3990,87.7791,-153.9918,95.0888,-65.3641,85.0037
34.4050,160.6010,51.6227,19.4072,251.2099,-151.7837,347.6392,-64.4875,250.8408,-52.7132,71.8733,182.3861,225.0727,-60.8526,178.8871,-241.3603,90.3668,-17.8359,193.3241
-16.3898,105.8023,-22.5393,-23.1361,299.5434,-100.7225,446.9067,8.3893,345.9068,45.3793,20.1930,183.2573,254.8310,-49.9412,271.6165,-203.3906,58.2289,56.5211,313.5208
-30.5531,23.1489,-89.6113,-23.0704,293.0888,-58.8211,435.0174,62.2979,378.9989,101.5759,-7.0175,209.9249,228.4984,-4.5893,263.9142,-197.0190,79.7247,94.1760,393.2241
-28.7224,-20.3979,-75.0797,22.5516,247.8779,-9.2923,327.7688,55.0202,226.4165,0.5674,-7.7663,202.4954,131.2169,35.0454,163.2457,-199.8623,153.8247,75.8964,361.2744
-42.9753,-85.0705,-27.1282,63.7419,148.5231,66.1516,161.2546,19.5660,53.2170,-71.8766,-12.2114,120.7821,21.7663,12.6211,61.5177,-75.7344,199.6658,39.9002,234.0990
-35.0830,-162.7163,-7.3902,75.4236,25.3190,132.5911,1.3280,-4.5405,84.7408,20.3230,-16.7131,80.7130,-49.8231,-4.9052,16.6268,62.7635,200.2688,15.0567,110.2847
9.4693,-120.8121,-17.6151,86.1069,-64.6831,149.4514,-58.3527,-33.1365,133.9053,44.2263,-8.1756,149.1585,-73.9486,63.1672,21.9171,37.9102,207.6573,-0.6836,45.5513
31.9968,10.5665,-35.8896,106.0407,-119.6743,136.6307,-16.4786,-80.9936,10.3078,-112.9799,-1.1078,204.8514,-49.5502,144.6757,43.1680,-85.3891,228.4859,-19.7350,25.9400
23.4705,59.7000,-47.3468,99.0361,-162.4527,107.8008,24.7363,-107.5184,-13.9956,-174.5078,1.8433,172.5039,-12.6830,132.8475,40.1277,-141.5632,202.8864,-66.9846,14.6353
23.5686,22.0022,-49.3328,37.3860,-192.7118,11.8307,8.5755,-93.4791,197.6359,-27.6535,14.6140,116.1942,-16.0612,29.6887,8.1216,-102.3761,100.8920,-146.4951,-16.2675
10.6818,8.9496,-42.3376,-45.0925,-194.9028,-145.2157,-5.7437,-79.7955,317.8255,105.2908,17.4980,51.4543,-25.5896,-110.4794,11.1448,-73.2390,-13.0431,-193.4759,-39.3948
-32.8567,33.9591,-24.9747,-75.4575,-132.4722,-243.9486,67.3405,-72.2193,263.6323,150.3927,-11.3158,-40.8556,42.3709,-213.7888,98.3719,-135.1614,-54.2368,-148.7192,2.2471
-52.0129,63.4001,-14.8651,-44.3181,15.8651,-222.4308,220.4807,-31.2712,310.5550,194.3318,-33.9611,-86.1099,178.3223,-201.3658,208.1726,-211.4631,-33.9221,-59.2364,88.5576
-34.6456,82.8553,-30.7449,-28.4442,184.3025,-153.3722,349.4244,27.4379,418.5438,176.8533,-11.5459,-37.1809,289.4775,-115.3463,251.2228,-172.7160,-25.3021,-6.4479,144.3377
-26.8094,73.6612,-37.7082,-53.5703,279.7842,-107.3221,390.3866,57.8441,371.1024,85.4337,27.3718,23.8533,317.9343,-80.4361,247.7008,-59.8977,-38.5679,8.2121,159.0894
-9.8767,63.5242,14.5320,-54.0689,299.5485,-86.1892,399.6548,75.1819,311.0969,91.2996,51.1164,33.8174,282.0393,-70.9250,275.4139,-4.6876,-29.9409,18.6323,174.5464
47.6322,92.1848,96.0795,-19.0836,289.2317,-73.1932,431.2630,105.6098,396.9832,196.0037,70.6939,30.2645,240.1380,34.3597,333.9591,11.7942,4.9413,17.3150,199.1401
83.3943,106.6924,119.8157,-12.5078,245.4106,-49.8576,432.1879,114.5292,433.1648,202.4542,73.5769,46.2738,224.3500,178.7622,361.0789,76.8403,39.6601,-9.4599,205.3910
52.6986,54.1405,63.9622,-42.3120,155.7900,-12.3292,340.0977,73.5226,286.4101,93.7123,34.5425,59.3697,207.3262,212.5371,330.9828,142.6362,62.2435,-48.1264,168.8719
25.3116,-10.4265,13.5294,-75.4623,57.4712,15.9109,187.2146,19.5999,119.9727,7.8329,-0.4900,49.0153,160.1013,168.5461,258.1056,130.4495,58.6084,-89.9848,97.9091
56.4329,-27.0019,45.0764,-116.5573,-24.6300,26.4848,50.4010,-12.6513,67.0206,-30.5615,13.5860,28.7860,90.5843,166.7994,160.8928,84.3974,25.5088,-134.6888,28.7244
93.9709,-8.8388,108.7461,-146.5437,-115.6761,20.9196,-24.6732,-50.5730,92.6949,-51.4584,23.9817,13.0878,8.6497,179.7222,78.4845,63.1216,10.0250,-167.5987,-28.7718
80.5267,11.5196,114.8350,-108.1334,-211.0440,-28.4432,-38.7262,-127.7982,123.7548,-44.6887,-2.6018,-9.6172,-59.7306,114.2003,54.7432,47.9857,55.0574,-176.5297,-89.4885
39.5715,21.6945,88.1579,-15.0493,-251.1568,-124.4433,-32.6515,-215.7360,105.9765,-39.0435,-3.6705,-41.0104,-65.1518,-21.4381,70.3102,42.5049,123.5185,-168.8394,-133.4102
23.0486,43.1684,86.3204,52.8766,-222.5871,-216.6955,-43.6661,-258.9780,45.2549,-50.9868,23.9593,-60.4905,-23.8236,-150.1012,71.9567,82.8634,139.4213,-159.7354,-140.6898
38.7411,98.0779,58.1896,51.8366,-186.2622,-288.9353,-44.2028,-250.7375,-1.2065,-27.7296,-4.5642,-87.5802,-2.1285,-204.5242,70.3215,110.7980,72.7132,-173.7686,-143.8810
56.5270,139.7536,-34.4435,-14.3127,-168.4448,-373.2302,24.1918,-225.0219,-17.0439,16.3352,-76.2575,-156.6005,14.6346,-173.9900,104.7441,20.2008,-46.6462,-233.8249,-156.6913
46.0554,114.7881,-108.0982,-109.6588,-126.6261,-462.8071,139.2525,-196.1399,-3.1384,12.1620,-96.1735,-209.5639,73.2392,-140.9657,142.4680,-135.2532,-164.9064,-304.3416,-145.8876
-13.9486,66.3445,-118.0814,-157.3061,-45.9532,-499.0748,192.8515,-144.2690,58.6416,9.1602,-71.2097,-165.9989,127.9341,-182.4892,130.4348,-157.4088,-235.5692,-293.6277,-103.2739
-101.2113,63.0808,-110.6451,-103.0033,37.8235,-433.5014,147.2619,-48.5334,112.4876,80.0669,-58.8258,-76.5158,136.1553,-243.7567,92.0764,11.1974,-225.5506,-172.7922,-30.2781
-113.2211,106.4404,-65.3163,9.5931,111.7798,-290.5530,109.4209,65.8956,71.8152,138.3088,-29.6139,-45.8529,142.4630,-243.6461,71.5294,170.6782,-129.0793,-43.4807,82.6076
7.6177,154.6501,50.9870,78.8081,174.0795,-177.1546,150.3811,123.2852,-19.4095,84.9215,41.4701,-76.7569,147.3643,-212.6330,63.0864,139.2351,-14.8040,-25.3799,175.3398
119.1609,149.3986,127.0172,46.3006,171.8952,-149.6098,165.4866,100.6845,-62.9721,-8.1738,86.2260,-111.2127,87.2103,-185.9690,52.9600,16.4060,-0.9101,-113.8965,163.6721
47.7486,68.2336,55.7520,-49.3391,59.3949,-113.2371,59.2314,86.9289,-82.5998,-26.9086,55.8404,-122.0861,-11.6965,-112.8990,32.3398,7.9910,-102.7177,-204.0982,78.4516
-127.5771,-19.9300,-83.7699,-117.9392,-107.6341,4.0505,-81.8215,127.5189,-168.1295,15.6424,-10.5278,-109.0186,-64.1289,8.9048,-21.6683,100.4035,-185.2529,-229.6108,-1.0296
-202.0830,-54.0335,-166.2063,-124.5652,-227.8711,107.6758,-156.4188,131.3146,-316.7110,29.6730,-64.5379,-92.8066,-78.9822,72.9276,-84.8007,131.0136,-160.7260,-218.2469,-64.9918
-169.5108,-57.0345,-188.1089,-109.1160,-272.9396,121.9687,-189.7822,73.0593,-405.3091,-4.5537,-94.4385,-100.5488,-101.7919,24.6289,-85.6520,85.5718,-114.9577,-211.2458,-102.7384
-166.3442,-43.0566,-209.3898,-99.6720,-269.4254,115.1094,-187.1118,83.0251,-326.5006,7.4175,-104.9281,-119.0498,-90.3849,-47.2239,-32.0563,79.2438,-144.2413,-196.0327,-79.0712
-220.9828,-20.7010,-249.9459,-93.7124,-216.1680,125.4609,-99.0487,193.7190,-158.5056,122.4731,-106.5924,-118.4764,-1.1348,-40.7379,-5.8072,133.4818,-210.6833,-153.7156,-28.1146
-272.6753,-50.9085,-275.0057,-105.1390,-111.3523,101.4934,9.8631,264.3077,-83.7358,219.8026,-102.3038,-105.9605,95.8386,16.9541,-12.6027,178.8273,-241.4001,-107.7024,3.0734
-294.7840,-115.8252,-246.5674,-134.4044,-5.9727,51.2419,28.8885,251.9744,-120.2056,184.1907,-83.6632,-103.7669,113.6142,24.1538,4.2517,170.4317,-235.5014,-77.2065,50.5368
-269.5730,-100.5476,-186.4972,-139.1933,50.1834,31.9616,1.4891,265.0573,-147.7988,127.6567,-58.3928,-117.3106,75.4882,-31.1036,26.7877,91.7647,-219.1430,-49.0562,138.1871
-187.9111,-13.0162,-146.6771,-101.7613,50.9645,26.7006,12.9767,323.7613,-142.1636,183.9511,-49.3334,-138.2868,39.6772,-66.7301,-3.2874,-19.4809,-201.9271,-28.8294,211.4189
-114.4493,28.9189,-134.7075,-61.6706,-13.1507,-8.7523,16.9099,345.2380,-117.2972,264.6680,-59.6252,-146.6080,-9.9906,-61.1782,-58.3675,-60.1319,-197.7605,-42.5913,238.2512
-119.1621,8.6641,-139.0712,-56.8532,-141.7476,-47.2408,-26.3798,325.1524,-7.7035,265.2193,-69.2868,-134.3426,-86.1540,-61.3321,-57.0254,-10.2514,-215.6534,-78.3038,245.0100
-171.4276,-19.8812,-164.4792,-85.9951,-268.6606,-26.5501,-43.9343,319.9973,145.3498,247.7849,-64.7810,-120.7570,-123.6181,-51.8534,8.6852,28.9988,-236.4245,-95.7709,242.6998
-201.5448,-41.2875,-190.0006,-117.6844,-331.1747,73.9575,-14.8600,330.4395,150.6785,248.4119,-55.5890,-105.6537,-98.4403,9.2195,54.4172,23.7835,-235.3587,-71.5406,216.2343
-187.2432,-34.6067,-178.8846,-113.2902,-339.2360,217.9004,-15.1384,329.5455,-16.7319,211.7094,-55.0597,-59.7180,-84.0876,85.5965,21.2822,34.7905,-203.1350,3.2763,166.7820
-118.6339,18.7302,-131.4522,-65.5311,-307.8505,344.1234,-55.7500,313.8452,-141.3039,157.5948,-51.2012,14.2173,-107.2805,145.4092,-32.7142,62.4942,-134.2522,104.5001,117.1703
4.3714,87.0440,-65.5184,-5.4964,-246.3677,411.7238,-86.3544,277.7921,-97.1439,127.7162,-24.4540,77.9035,-112.3568,215.3744,-24.8671,71.3678,-32.2692,158.3376,90.1741
103.3070,132.9087,-5.7914,35.1288,-219.7817,412.9030,-115.9410,216.3358,-14.4722,73.2739,6.2303,111.8015,-91.9976,259.9807,6.6183,77.6707,61.7218,131.9753,87.2574
83.1119,129.7499,-5.2866,40.4275,-259.0496,358.1936,-159.5157,150.9507,-62.6563,-8.3674,-0.3544,129.2086,-83.6346,212.6253,-27.3175,76.5186,84.8469,90.7458,89.4928
-15.4395,78.6829,-82.6911,12.6688,-276.0182,272.7343,-169.8440,101.2583,-204.6068,-43.9364,-45.7551,152.4720,-71.1700,143.6631,-93.7854,37.7696,28.0074,87.8956,79.9411
-60.9585,51.0838,-172.9479,-21.4046,-199.5894,182.7716,-133.4135,54.4637,-259.0914,-50.8610,-86.7940,166.2549,-21.8731,151.3852,-91.0973,7.7236,-40.8480,96.2945,56.4017
-30.4719,74.6555,-206.4449,-45.6854,-62.1904,93.1255,-94.1006,0.7183,-179.2544,-77.6903,-84.9317,112.1129,52.7860,154.0478,-21.2398,41.4930,-70.9722,95.4830,41.0683
-15.2342,67.5023,-177.1391,-73.7377,96.5183,-2.2064,-44.6159,-28.9938,-101.0164,-70.1330,-43.8581,0.4772,125.6593,45.3262,34.2276,89.9033,-89.9129,97.7896,58.9249
-37.9266,30.5259,-128.2967,-97.1832,236.8708,-105.2011,38.1881,-18.8749,-97.5834,-21.0279,-7.7328,-55.8300,161.9449,-81.1917,41.0700,83.9039,-116.7711,82.9946,66.4012
-23.8924,61.1508,-111.9019,-85.6562,287.2784,-212.4115,82.0389,-39.0550,-129.6599,-43.9828,-6.4844,-22.7001,131.7685,-100.1476,16.5712,26.8346,-105.9136,35.6093,-11.4415
45.5870,124.4522,-121.0701,-48.6175,256.8091,-293.7924,24.8378,-151.9172,-204.4266,-148.4566,-12.4294,0.0765,63.4786,-70.2856,-17.5278,-47.4286,-42.2203,12.2974,-125.7915
99.8061,129.8311,-94.7805,-5.1710,236.1265,-301.3693,-52.1516,-268.5041,-296.8945,-198.0768,4.3776,-13.1951,4.5848,-83.0667,-39.1993,-95.5795,25.1547,64.3078,-145.0828
110.0053,128.5567,-36.3382,62.4417,231.0634,-227.9124,-64.7618,-259.2898,-271.3924,-156.2514,19.2479,22.1611,-45.9389,-89.1823,-40.9953,-72.2264,84.2726,150.5247,-73.4973
128.5716,164.4302,-7.9870,133.6769,192.6301,-109.1078,-70.7990,-170.8632,-144.2480,-134.1642,10.2220,93.2342,-84.0594,-35.1812,-39.9587,-11.6790,152.0906,199.7119,-28.0346
179.4079,171.8088,0.1080,129.6517,153.2475,23.5186,-128.1933,-137.5155,-118.9683,-183.7976,11.0766,93.9211,-77.7232,17.7961,-44.5657,-22.5114,176.0890,195.0661,-30.6460
214.1398,141.7238,26.9973,38.4411,143.4963,133.8625,-167.9782,-153.8347,-192.6852,-226.3789,51.8036,27.3265,-45.0459,21.6486,-45.2570,-123.3774,104.4972,158.2698,-26.6459
197.7234,113.2537,34.3597,-60.3614,120.7754,176.3800,-131.3300,-135.8555,-148.5328,-196.0127,89.9461,-6.4954,-26.0060,6.5002,-36.0112,-196.3755,-2.3734,110.6751,-19.1835
148.4099,69.0126,-1.3369,-114.1774,96.4933,155.3187,-69.4610,-88.7766,20.0625,-130.9569,28.2006,15.9011,1.7209,-23.0672,-7.8892,-190.9277,-66.9445,76.7003,-20.8225
80.6344,28.0953,-29.4204,-130.0052,137.4944,126.4734,-25.0383,-49.6050,122.6487,-84.0254,-182.5624,24.8503,57.6162,-73.7910,45.6645,-236.0457,-97.4594,76.5730,6.8973
-1.1768,39.4201,-37.3426,-126.5062,218.9316,114.3854,27.9925,-14.4533,125.5545,-45.0799,-428.4536,-21.6397,98.5142,-82.0178,96.5025,-414.5511,-112.0771,89.4123,67.2225
-58.4066,49.9673,-52.3532,-129.6243,259.2419,89.2887,80.9446,-10.7874,120.7469,-21.7308,-509.0314,-83.7594,103.7377,-34.1932,109.6722,-582.2161,-96.3122,69.1918,94.6594
-62.5777,7.2592,-54.2269,-145.2079,248.2811,32.3840,69.0232,-68.6915,114.1704,-60.8068,-396.0141,-108.5205,99.8956,-47.2795,96.7561,-592.3095,-63.9934,24.9789,50.5838
-46.0172,-18.2563,-26.9909,-125.9121,223.1465,-26.8243,-15.7894,-118.3466,88.7238,-115.8640,-263.6232,-106.5116,82.2685,-148.3181,80.7471,-524.0087,-39.2406,17.8715,-15.5916
-35.8307,24.0867,-5.6156,-61.9087,199.3464,-60.5390,-98.4547,-90.6935,76.9432,-88.2973,-215.4364,-115.6752,27.1017,-184.0070,49.5614,-504.7650,-17.7051,38.2513,-23.9972
-27.8762,60.2914,-15.7874,-43.8339,164.1032,-98.5500,-127.7041,-51.2336,74.5837,-25.9951,-198.7215,-129.5307,-47.2499,-105.0852,7.1802,-509.8877,-14.3204,-11.7873,26.0396
-50.1629,4.6805,-61.9004,-115.8827,82.5800,-172.1023,-137.0280,-82.9198,55.6568,-41.3904,-185.7894,-130.5924,-118.7982,-59.4573,-7.7171,-488.2344,-46.1075,-145.5090,40.0754
-104.6333,-106.7490,-116.7289,-167.2682,-54.8865,-222.5193,-188.3212,-148.7038,39.3228,-96.6495,-183.9944,-136.3753,-204.2002,-95.1516,-16.9096,-480.6998,-50.8480,-217.8258,-38.3881
-91.5089,-127.6653,-79.7960,-91.0071,-179.1021,-167.1629,-295.2531,-180.6652,21.8509,-106.9970,-123.9892,-146.2401,-294.8604,-92.0740,-98.4601,-513.1137,47.6438,-117.3563,-142.1128
25.5537,-7.2809,99.3286,58.5142,-206.5961,-30.9973,-403.1058,-181.6927,-35.5539,-99.2199,22.0940,-123.9893,-317.8059,-33.6318,-224.4465,-526.0400,208.3058,67.1401,-185.3063
108.4574,87.1268,282.8695,160.0922,-143.8646,92.8710,-432.4151,-177.3429,-85.8769,-96.1130,133.4540,-79.3142,-239.0721,-26.1390,-255.4282,-465.0580,310.0671,167.1838,-171.6772
73.0270,29.6250,315.7320,172.2576,-67.6858,155.1769,-364.2807,-173.8917,-38.1425,-56.8751,132.2499,-75.7402,-146.9188,-70.2374,-164.5574,-368.6824,289.9965,148.5463,-151.9626
18.4122,-66.6012,244.5053,129.3132,-23.9312,147.2956,-274.7708,-177.4799,56.4637,4.6749,105.4830,-128.9591,-127.5353,-88.3244,-91.6426,-324.6157,197.4715,110.4275,-148.7793
13.9659,-95.9058,209.1620,79.7425,17.6241,87.6378,-231.2105,-179.6421,76.3343,40.5228,130.3563,-178.0402,-121.5398,-92.6416,-101.8578,-343.0216,132.4800,120.2813,-142.9840
16.9535,-102.7640,234.0607,54.4727,103.2321,44.0375,-184.8714,-152.3458,71.9879,54.1021,171.0329,-180.5464,-40.2322,-117.8743,-84.2809,-356.8722,128.7383,158.1448,-106.6604
22.7439,-97.9063,242.9862,54.4002,212.1210,59.5424,-65.9771,-103.9543,158.8902,45.7881,183.5889,-166.2582,66.8563,-120.3991,26.4085,-352.8479,128.6914,200.3993,-58.8227
46.3711,-71.3417,203.0286,73.0917,283.2840,78.4842,60.8622,-88.5358,218.2669,-2.7259,167.2217,-166.1534,115.6305,-86.0886,118.3638,-343.2023,106.9761,238.0206,-58.8005
43.2945,-97.6231,169.2743,109.9358,299.2310,34.8714,74.7904,-131.3376,62.8091,-70.4827,139.3116,-161.7090,130.3179,-83.8618,85.7443,-269.1726,117.0156,230.5122,-114.3208
27.7177,-166.8836,188.5289,138.1416,272.2731,-45.6378,-10.6488,-190.1961,-175.6363,-136.2784,138.6388,-140.3437,146.8695,-125.5023,-14.9549,-147.1654,172.8345,167.1357,-154.5883
76.7819,-153.7659,227.4538,134.6839,206.4340,-84.1469,-74.1096,-206.4503,-230.3435,-205.8566,172.7375,-111.6216,129.7630,-129.3517,-76.6712,-131.6439,224.9585,131.5155,-124.9702
142.9014,-60.8859,248.3301,140.1181,134.1727,-39.9371,-61.3384,-176.5824,-143.6597,-260.8919,176.0472,-57.8724,69.1941,-77.1186,-87.1130,-235.2047,258.0871,178.7204,-56.7234
118.4650,-8.8273,265.9381,170.4000,95.4172,45.8367,-21.2445,-160.5854,-124.4818,-285.2032,127.0168,14.5818,9.1165,-53.8045,-92.2621,-283.6471,267.4583,230.4233,-26.2066
48.7052,-39.1458,266.1622,138.7287,57.9594,97.6742,-11.5053,-198.8312,-167.2703,-295.7614,103.4833,25.5236,-32.2649,-85.0596,-103.1117,-243.2174,205.1924,212.3742,-66.8720
29.2944,-122.5643,202.3287,11.9746,-26.7790,110.7095,-39.5231,-247.9441,-162.4924,-291.7731,128.6006,-40.2186,-49.7880,-86.4347,-93.7781,-230.0445,79.5545,174.2764,-134.2231
28.4223,-218.7062,107.5437,-102.5607,-118.1768,139.0818,-66.1462,-259.6984,-135.3754,-281.8725,130.1639,-74.4580,-20.8980,-32.9859,-53.9994,-239.1924,-18.9690,171.1305,-173.0030
-6.5726,-288.2338,55.2362,-152.3664,-141.5389,173.3695,-53.4757,-262.8362,-142.0192,-313.6318,96.9933,-50.4168,33.1767,-15.9508,-18.3222,-188.5340,-64.7459,171.9925,-181.3476
-59.0385,-346.0527,37.5262,-197.9255,-84.1237,162.0722,-17.3008,-273.8145,-164.1675,-358.3369,82.1509,-75.1178,57.2387,-55.6431,-27.0080,-90.2033,-104.2596,166.0876,-164.2658
-130.0374,-397.2379,24.2211,-215.1429,26.7752,134.5249,9.4962,-233.1462,-175.2749,-320.6197,77.7833,-155.3364,66.8934,-50.4509,-51.4291,-9.0806,-114.6825,210.8720,-105.4785
-209.0040,-366.7517,47.6883,-114.3225,168.9316,147.8148,51.0175,-132.8462,-149.1526,-227.4392,63.6386,-169.9859,129.6974,6.7057,-27.1063,-5.1381,-38.9253,313.8161,-30.0725
-211.7751,-265.7309,122.0285,50.3615,321.1523,170.2172,141.4849,-57.9644,-94.8059,-196.5567,79.3696,-109.5840,231.1138,-7.5091,19.9656,-84.5254,75.5681,389.8519,19.9927
-130.5930,-229.1107,188.3298,139.1414,445.2521,147.0072,230.3953,-28.8590,-116.6667,-233.8377,123.2745,-94.5851,271.1906,-101.2509,6.8770,-134.7102,127.4737,373.3011,74.4167
-87.1847,-269.7960,193.1859,120.1514,479.9667,86.8923,237.5181,17.5387,-235.2878,-246.6546,125.1463,-158.1934,214.5284,-148.3116,-39.8645,-80.0346,97.4696,283.6073,165.5353
-114.5986,-278.2893,139.8413,47.3733,395.3691,8.4896,176.4941,79.3512,-269.1260,-183.0871,70.3936,-207.3393,137.5638,-133.7329,-35.6587,-20.7031,36.2822,174.2517,231.4688
-114.2710,-251.4200,66.1924,-28.1956,259.7183,-78.1059,130.2362,108.1431,-141.5212,-80.8324,12.3891,-188.7943,95.0752,-148.5553,-20.9612,-28.4121,-16.6573,90.1244,219.9581
-75.0270,-255.5536,15.8400,-67.3725,167.5371,-116.4744,129.0459,114.0846,-46.2822,-54.0942,-12.5007,-158.7745,57.1442,-189.1216,-71.3204,-39.5337,-44.7655,65.5622,183.5510
-83.5996,-291.8014,1.8773,-73.8362,115.2543,-57.2879,128.7903,109.0445,-92.4632,-154.3059,1.2786,-171.1696,9.6460,-197.1888,-119.8561,-39.9927,-42.2309,96.2034,173.9271
-138.8048,-350.5703,-6.1738,-85.9323,45.9093,48.9103,97.3727,71.0583,-132.8207,-233.5402,23.7889,-190.8026,-20.5323,-176.8731,-91.6156,-55.2263,-25.6706,128.8849,165.4686
-176.5820,-441.5079,-40.1319,-105.4954,-33.5426,121.1693,63.9913,29.7663,-90.5134,-163.3990,-6.1557,-174.7077,-47.7721,-127.2081,-63.3805,-29.2169,-23.8556,134.8524,131.2214
-205.9812,-552.7487,-95.5045,-122.1827,-70.6936,167.1183,63.8796,26.7378,-85.7781,-85.4877,-90.6244,-154.1564,-93.3042,-42.6976,-109.9997,47.1610,-41.1557,153.4258,84.6878
-265.2150,-663.6404,-137.1373,-151.8730,-43.4239,238.2201,73.6341,20.9059,-162.8795,-155.9608,-152.0577,-160.9878,-116.5608,0.8151,-171.6767,82.5393,-60.8818,216.7670,41.4855
-344.7010,-731.3030,-135.4006,-174.3447,33.5152,322.1684,52.7175,-23.3493,-214.6559,-266.5139,-151.0933,-173.7819,-98.5336,-36.6534,-181.6312,36.2372,-85.7991,300.5601,10.6731
-422.4034,-717.4777,-111.4973,-153.8750,128.3338,366.7160,24.1511,-65.9302,-196.6872,-285.4601,-127.9904,-183.7888,-83.3214,-69.3176,-159.1733,-65.0712,-128.1997,380.5078,3.8807
-478.5614,-688.9843,-125.0618,-127.3694,205.1305,356.3554,35.6556,-89.3668,-181.2063,-272.3403,-129.0027,-199.3155,-79.9180,-67.2514,-146.5253,-151.0220,-166.5939,443.8984,17.6130
-491.4550,-722.7042,-188.3877,-133.0823,242.9409,302.4271,68.9177,-116.2563,-213.9007,-284.2385,-159.9744,-200.7081,-66.0354,-102.4489,-160.6088,-114.1194,-169.6159,444.0667,34.5398
-477.4416,-742.9265,-230.8987,-138.6999,249.9100,219.9957,88.5772,-133.3408,-258.4858,-275.6395,-174.7852,-184.4418,-61.1588,-155.9359,-184.8702,-13.0416,-142.1941,353.3294,57.9581
-465.0941,-674.1568,-188.0994,-144.5989,255.4064,141.7342,124.0190,-131.3071,-259.3333,-237.3409,-124.6137,-174.5058,-75.2280,-157.0731,-188.5414,-51.9056,-105.6258,228.7300,110.5161
-441.1245,-616.4001,-95.6996,-199.7823,262.7549,86.5823,181.0140,-137.0522,-195.7151,-209.4008,-58.4689,-170.4436,-89.3895,-156.3758,-180.4392,-166.5575,-81.4200,137.4054,177.9475
-412.2732,-668.3166,-49.4583,-273.5150,226.6790,44.1679,175.5154,-134.4105,-99.0203,-204.2538,-67.5515,-182.9099,-125.5101,-211.7770,-182.9984,-101.6447,-103.1013,99.4319,201.5682
-431.0607,-755.3470,-81.6546,-281.6099,143.6846,49.2988,86.3650,-77.3170,-36.0002,-207.6611,-126.0914,-232.4585,-188.3548,-259.8769,-168.0832,62.2519,-161.8392,138.3315,170.0519
-481.4991,-760.5586,-129.1415,-220.8606,96.3711,163.1271,21.9903,14.0900,-55.5465,-187.1587,-144.8309,-254.9592,-209.7285,-246.7812,-123.8508,66.6546,-175.6901,244.6400,148.1226
-483.7227,-689.2750,-128.2352,-155.2291,97.7060,333.6708,19.6985,77.4699,-147.3472,-143.6078,-124.7379,-189.9715,-183.8671,-192.4617,-112.8601,-11.2713,-106.1860,312.0045,159.9252
-439.5687,-635.8344,-80.9989,-116.7168,38.7096,440.3060,-15.0134,89.9101,-249.4097,-147.7232,-109.5001,-122.4177,-194.0083,-119.0369,-161.9577,25.6386,-21.2596,276.7738,156.6999
-410.7929,-633.5265,-23.7686,-77.2003,-78.1596,479.9190,-87.5808,81.1566,-292.5433,-193.8910,-93.2746,-128.0886,-236.0348,-75.1915,-204.8539,108.0832,25.4707,230.3983,138.2082
-394.8531,-616.8014,12.3055,-3.7594,-83.0386,520.3132,-86.0304,97.7058,-266.4368,-164.7010,-61.9523,-141.9794,-223.9271,-107.8144,-190.5416,117.5793,50.4513,247.0797,148.8482
-361.4423,-574.0585,21.2504,67.4469,70.3673,537.2845,-12.2803,134.5419,-234.5160,-78.1086,-21.3152,-130.8328,-153.6613,-142.8885,-139.4899,97.9269,53.4213,265.2287,157.6871
-321.2244,-589.5703,24.0590,73.0805,230.6399,483.2506,18.6398,133.7434,-232.1891,-80.2286,7.5521,-143.7110,-79.7838,-92.2729,-93.6877,104.0966,13.4628,238.7695,117.0411
-287.8984,-659.6203,17.0076,31.9363,311.6690,395.1828,-4.3442,101.6184,-205.1304,-141.0623,-19.6724,-159.5552,-15.8867,-24.8892,-79.9564,135.1441,-48.8847,196.6063,74.3739
-273.8693,-679.7678,-32.6933,-7.9592,351.6640,302.7790,-2.4034,102.4703,-134.6758,-134.8436,-95.2987,-141.1718,31.0912,-34.3430,-93.7073,162.8538,-100.7768,131.4678,71.3114
-299.9823,-634.3473,-91.8324,-56.5295,349.2290,184.9254,25.1912,107.5176,-107.2345,-124.2060,-127.6944,-137.4317,35.2977,-84.5479,-111.9688,130.2346,-124.6948,36.8173,59.6555
-329.5783,-579.0244,-76.4846,-85.0804,287.8892,66.3577,22.5771,50.5683,-151.2161,-187.1396,-82.0746,-162.2587,-3.8972,-117.6775,-132.8651,63.2247,-99.1693,-22.8360,22.2263
-298.8703,-529.5627,2.8258,-31.9153,219.6442,-7.9436,-15.5007,-11.8264,-185.0874,-212.9579,-23.3167,-168.4959,-61.8494,-139.0506,-162.7200,70.2851,-46.9829,-38.4187,10.1286
-244.2897,-522.1899,51.6513,22.8365,160.2228,-68.2364,-57.9338,-12.9679,-201.9814,-153.0225,11.8016,-172.1778,-111.0070,-160.6666,-195.2975,132.3779,-46.1193,-84.7258,22.9642
-254.3584,-599.6644,30.4423,-31.9982,60.5233,-145.6033,-84.9501,-5.3329,-261.5082,-126.7769,22.1074,-199.2318,-134.2653,-187.4556,-233.9672,146.0854,-110.0959,-145.8884,14.2307
-324.0371,-702.4333,-42.1325,-118.1675,-57.8480,-185.3151,-98.7863,-18.5159,-312.2508,-154.2932,-11.2785,-209.1965,-152.8282,-207.6732,-269.8290,141.3607,-174.8493,-147.8032,-14.8750
-385.9019,-756.7950,-148.4412,-159.5556,-136.9578,-146.6662,-130.2413,-7.4422,-307.6065,-145.9164,-65.1569,-193.6159,-205.0656,-173.6707,-278.4480,176.1402,-234.6890,-151.3235,-47.0944
-412.2426,-777.9866,-262.3484,-251.0103,-225.3167,-82.9059,-205.0530,7.9500,-359.9158,-127.7957,-103.3853,-183.7015,-289.4666,-90.1553,-299.4273,189.2422,-335.4567,-253.5823,-95.4489
-415.5006,-787.4660,-369.1892,-392.3589,-376.0037,-40.8248,-294.0079,-14.8189,-498.7441,-170.3800,-166.1267,-165.4385,-370.6044,-36.1873,-377.9752,156.5429,-451.3278,-379.7926,-147.2363
-420.8260,-787.4185,-473.2140,-429.7024,-486.3632,13.4138,-334.0978,-28.5131,-543.7021,-211.2730,-259.0372,-131.8003,-411.1540,-20.5073,-427.2693,137.4068,-509.0343,-402.6004,-155.5430
-434.7050,-805.7138,-532.9691,-366.8418,-441.1154,100.3325,-291.0228,-8.9767,-448.5868,-170.7399,-288.4468,-108.0845,-394.0079,16.8624,-373.2427,120.7208,-481.9015,-348.2397,-124.8035
-417.0835,-845.1339,-499.4429,-329.1202,-304.9087,150.3623,-194.9234,-26.9627,-403.7714,-118.9818,-238.6190,-74.9147,-354.4756,46.8281,-325.0779,82.3762,-388.3456,-321.2515,-122.5369
-353.1616,-868.7932,-412.3391,-302.3513,-204.5824,94.9916,-119.2075,-111.5097,-454.3760,-165.0313,-200.3993,-15.9239,-336.1892,-0.2194,-356.0698,74.0980,-280.3593,-344.1991,-178.5519
-299.6384,-839.5479,-336.8391,-244.4185,-150.1951,-29.8217,-97.2775,-206.7548,-448.1041,-260.4685,-197.3129,20.9679,-313.7003,-83.1182,-350.7552,61.4151,-231.5148,-370.9039,-244.2871
-268.5963,-720.8654,-294.7874,-219.8962,-107.1276,-143.5026,-99.6373,-278.3539,-414.0486,-298.7343,-200.9636,15.2565,-268.8405,-126.7583,-269.8372,-65.1971,-258.0480,-383.9926,-291.9425
-203.5173,-567.2289,-323.4560,-244.0886,-109.2133,-233.8178,-132.2419,-346.6819,-534.6887,-355.1834,-236.2944,-10.6898,-273.9595,-151.5659,-251.6136,-219.5236,-307.1270,-422.4679,-365.2452
-131.7623,-542.5820,-431.0193,-270.6270,-185.0175,-343.6379,-230.2239,-433.6050,-739.3362,-529.4902,-309.6734,-66.8429,-362.7811,-211.5381,-337.1278,-218.1558,-341.0183,-508.7263,-461.1335
-136.0314,-645.2190,-500.3776,-300.8090,-279.0908,-483.3848,-319.6902,-516.1177,-762.9370,-642.6638,-357.6684,-138.5949,-445.2351,-308.3333,-403.6898,-149.0610,-341.1443,-578.9387,-494.1699
-177.2209,-648.9474,-425.2185,-294.9936,-328.0301,-601.2574,-289.8888,-540.3774,-583.8118,-524.2573,-327.3093,-159.7808,-452.1030,-406.4714,-386.7049,-223.4935,-288.0803,-554.2557,-460.6504
-168.1840,-504.4857,-267.4381,-197.0076,-337.4351,-614.9559,-190.5621,-499.0277,-413.0126,-375.2828,-216.7906,-134.5038,-409.4726,-456.6793,-331.7087,-341.6187,-231.2150,-453.8749,-445.6041
-146.9531,-441.5098,-147.8064,-117.1721,-339.1118,-478.0057,-130.1684,-432.6062,-330.8809,-366.5678,-81.4479,-132.2094,-348.5006,-430.7086,-275.9412,-254.7324,-257.0459,-354.1231,-429.0844
-183.7910,-566.9921,-102.9487,-180.5143,-335.9217,-247.8341,-90.8213,-347.1572,-297.7658,-325.7103,-15.5204,-162.7850,-293.2727,-370.1907,-223.1907,-26.6054,-337.1204,-292.1172,-333.8875
-244.6941,-739.4300,-112.8893,-291.0639,-319.3760,-46.4956,-46.6559,-238.6944,-350.9098,-202.3407,-45.4867,-195.1847,-287.3618,-337.2227,-191.4962,91.2352,-367.5674,-270.6781,-209.2476
-285.0647,-847.8069,-156.9852,-326.6544,-287.4768,79.0445,-46.5197,-135.0927,-436.4331,-168.3842,-104.3702,-225.3729,-319.3960,-321.0448,-209.6178,68.1015,-343.1498,-270.2256,-105.7505
-340.7262,-908.8525,-219.1289,-327.0694,-217.1329,182.6383,-47.4780,-16.2164,-334.4263,-131.1074,-146.6045,-248.4990,-306.0326,-276.2642,-252.5986,39.7685,-325.3818,-241.3409,44.5342
-440.1645,-932.9098,-277.9971,-321.3264,-86.0223,274.6341,49.4823,139.1097,-64.2713,60.8109,-170.5236,-251.6528,-213.3732,-223.0701,-240.8230,49.9900,-316.0625,-179.3530,203.6403
-521.1890,-889.9771,-297.8822,-267.6992,42.9788,266.0420,175.6721,209.3004,54.2242,156.9306,-164.2175,-234.6987,-120.1872,-214.2787,-171.3038,55.8215,-290.1886,-164.0294,197.8961
-490.7735,-785.0577,-258.7930,-196.1468,61.0657,114.9122,194.4515,88.4345,-47.0475,-18.6264,-134.8796,-197.9367,-118.0217,-238.0963,-145.7819,18.2569,-246.2128,-246.0255,38.6543
-355.2213,-676.0218,-187.6195,-161.3623,-25.5625,-87.9849,128.6462,-106.3379,-110.5516,-187.5558,-111.4915,-161.9478,-189.4120,-250.9961,-191.1900,-57.9100,-179.2472,-371.9098,-99.1019
-240.1014,-615.9258,-121.1307,-142.8190,-113.0453,-245.1140,56.7605,-237.3956,-88.1014,-196.3571,-95.8063,-166.7223,-248.4162,-267.8709,-221.9942,-98.0529,-111.9514,-470.9355,-194.7289
-230.2453,-628.3339,-79.1367,-124.7313,-182.5836,-353.2029,-33.7219,-337.0108,-156.0092,-239.6386,-89.8679,-195.2146,-287.1841,-320.7805,-214.3751,-74.3006,-104.3446,-531.6778,-316.2003
-273.3411,-703.8196,-76.7055,-125.1767,-281.5177,-437.0197,-138.1111,-427.1685,-285.5000,-357.4237,-98.9057,-186.7372,-353.8945,-373.7824,-217.7425,-82.7598,-150.0496,-568.4568,-400.2182
-305.1190,-745.5762,-100.2308,-130.7041,-368.9429,-503.2900,-184.0590,-454.2089,-323.2945,-405.4699,-85.9818,-138.6477,-398.9175,-376.7265,-235.3780,-141.7124,-174.9152,-579.3627,-389.1132
-329.1748,-662.6606,-117.4028,-134.3047,-390.2388,-569.6876,-165.8022,-454.0055,-304.2906,-391.7772,-48.1318,-95.1013,-345.3550,-352.1277,-250.8352,-133.9323,-173.4273,-562.8500,-360.6060
-341.9195,-580.8475,-133.6780,-167.1395,-397.4302,-614.2817,-166.5451,-483.0465,-328.3153,-384.0009,-51.9395,-77.3696,-265.1284,-339.3117,-264.8648,-52.0462,-203.5962,-536.9276,-360.3608
-344.4846,-649.9760,-152.7109,-222.4069,-414.7804,-536.0165,-216.9059,-461.0605,-361.2603,-352.0471,-87.6755,-84.1449,-255.4240,-308.0169,-258.7740,20.1515,-257.8672,-498.0235,-330.0975
-373.7585,-713.4623,-144.7720,-245.5637,-366.8070,-291.0577,-238.6362,-319.3554,-337.7167,-268.1050,-79.9531,-87.4521,-260.6154,-206.8154,-238.4875,95.7620,-271.0351,-396.0916,-241.1409
-394.7475,-641.2289,-134.7042,-212.1989,-248.9210,10.3180,-168.1268,-152.5199,-283.3939,-154.9508,-71.4262,-45.6844,-215.1632,-60.3065,-238.4737,136.0024,-225.0960,-224.9861,-137.4789
-349.1069,-653.5374,-170.4734,-155.9078,-137.1685,235.2827,-66.3367,-66.8270,-260.5503,-70.6126,-146.2651,10.6592,-168.1990,40.4824,-241.2787,17.5557,-166.3540,-76.0291,-70.3560
-333.0190,-797.2024,-192.6942,-133.5582,-23.8194,349.4381,-19.8819,-39.2410,-247.4984,-56.6054,-234.5621,-2.2516,-146.2917,44.2700,-241.9780,-147.0406,-141.1096,-12.6162,-51.5029
-411.5152,-763.3470,-136.7433,-157.1382,116.4054,372.6580,-6.0106,-19.6994,-171.9391,-57.7050,-228.0618,-82.2002,-113.8725,0.7224,-290.6856,-129.3725,-136.6614,3.9522,-51.7623
-393.4919,-585.6913,-71.0467,-162.4771,202.2245,335.8700,19.1655,-37.4398,-110.6560,-56.5652,-160.2543,-143.2920,-77.5912,-18.8765,-337.1317,-24.6724,-97.6782,3.2726,-61.3182
-184.9875,-591.4286,-40.5599,-104.0163,191.2781,273.9179,25.3645,-114.8339,-191.6574,-128.1585,-107.2743,-143.4073,-50.1748,-26.7833,-282.2133,-50.6289,-17.5840,-30.4190,-106.1976
-51.2715,-650.8008,32.4383,-35.2139,160.9810,181.9948,7.7812,-179.4423,-249.4020,-174.5204,-66.4241,-108.1410,-23.1243,-73.6068,-229.9932,-124.4159,40.6452,-86.1031,-171.7584
-134.5211,-491.0217,152.4089,-21.5061,126.8497,32.2290,-20.4191,-186.1676,-79.7555,-56.7321,-20.3337,-85.1124,-57.5807,-143.6862,-356.4441,-82.7288,44.3032,-164.3746,-226.1184
-176.0776,-338.5719,202.0556,-51.2990,21.9066,-148.2194,-135.3898,-213.6163,47.9076,20.6735,8.2492,-117.0077,-196.7685,-187.2244,-592.2194,8.4216,29.3503,-291.0634,-299.7837
-31.9143,-395.5741,158.9889,-74.2533,-121.9698,-294.5605,-341.8819,-288.4867,-165.4532,-93.9843,2.9010,-181.3843,-320.3788,-198.0856,-740.6100,21.6923,24.2939,-407.4403,-393.9659
84.7004,-427.5560,130.3786,-56.3117,-221.1199,-377.8316,-467.0945,-299.5899,-410.7756,-113.1295,-12.8785,-187.8801,-320.4310,-185.0756,-763.3182,-53.7482,15.7132,-441.5608,-428.6994
51.5503,-343.3842,146.6458,-19.7115,-313.0684,-414.1057,-461.7949,-232.3204,-325.7658,52.9171,-11.2348,-117.1926,-286.9213,-155.0856,-753.0294,-146.8833,-21.4409,-474.9274,-403.9700
-14.8874,-314.7746,104.4621,-44.3819,-468.9763,-443.8113,-478.4102,-214.8633,-123.1973,67.7725,-11.3423,-65.9584,-316.5768,-159.1080,-768.3572,-166.6344,-95.0131,-591.1021,-403.7900
-76.5902,-307.4306,-34.3584,-139.1351,-623.0956,-479.2594,-515.1403,-247.4008,-68.7519,-64.5209,-48.8514,-75.2378,-344.5468,-224.4164,-776.8146,-117.9819,-162.2254,-678.7417,-408.3181
-174.8401,-232.8040,-123.3363,-181.6104,-646.6760,-443.1836,-437.3691,-210.4046,-66.3106,-24.3302,-93.8111,-61.3368,-312.0995,-251.3703,-729.8793,-102.1258,-157.2154,-619.4117,-348.8724
-222.6692,-211.5065,-40.8867,-115.1948,-516.7015,-268.2173,-313.4206,-119.9595,-61.9489,103.4399,-85.6134,4.7977,-278.6504,-146.6864,-681.3102,-109.4325,-90.9461,-480.9950,-267.2877
-142.1352,-259.5458,88.4444,-51.7623,-323.7412,-50.0403,-257.2766,-74.9006,-117.5189,84.2286,-50.0779,31.3696,-285.5583,-7.3801,-696.9814,-47.0173,-34.7956,-367.9080,-212.0423
-44.2086,-222.6025,83.9836,-56.9842,-154.3483,70.2126,-166.0285,-71.2481,-118.6397,38.6037,-67.0254,-0.2813,-294.0887,25.2000,-681.0186,35.2697,4.0584,-284.7386,-143.2449
-50.1399,-104.9612,-6.9382,-46.6073,-15.7255,113.9037,16.4091,-59.8689,15.4472,88.6346,-127.0889,14.7416,-281.4994,1.4665,-550.9731,56.7003,60.7035,-208.5346,-53.9986
-103.4525,-33.2142,-42.8426,15.6207,105.6858,161.2773,136.1773,-28.8673,123.8876,150.7853,-144.3040,83.3743,-276.0084,38.7982,-438.1948,88.8702,99.8760,-145.1305,-5.2320
-101.4677,-39.5454,-25.8530,42.7408,158.7683,161.3295,127.6560,5.8161,109.0115,198.8419,-100.2468,79.5568,-301.7621,92.9098,-423.7081,161.9156,72.3516,-125.8792,-25.3475
-72.1808,-88.1236,-8.1300,-3.7086,94.5810,37.9900,98.1938,-17.9760,63.6483,198.3876,-55.0304,-8.7338,-346.2388,68.8596,-374.6935,162.2797,20.7303,-183.0384,-87.2179
-93.7909,-123.8563,25.0194,-52.4010,-27.9767,-147.0180,98.8311,-125.8940,53.5896,91.6084,-30.0548,-50.0037,-383.9697,7.2639,-259.7778,78.0559,1.3738,-273.3044,-138.2720
-132.9612,-103.8879,64.7236,-49.5170,-123.4205,-275.5504,92.0799,-202.8326,78.0672,45.7607,2.8570,-9.3558,-424.6904,-4.9691,-220.8215,46.8253,-21.1202,-298.2108,-148.8039
-108.6266,-62.0526,64.5442,-29.7798,-193.1974,-303.2742,55.5632,-150.8423,125.4848,203.7468,41.7052,24.8643,-498.0221,52.9912,-257.6351,121.0143,-102.2329,-254.3588,-160.0021
-47.6448,-39.0992,32.8475,-58.6630,-259.4131,-265.7004,1.7909,-53.0787,151.1474,369.5824,76.9582,22.1111,-571.8874,160.5468,-238.3942,209.8786,-204.8665,-246.7783,-197.3943
-18.7865,-28.6935,14.1352,-154.6533,-316.4706,-254.1361,-23.7323,-43.3195,147.4564,362.7503,125.6078,7.3455,-584.9156,217.2471,-152.6597,219.4163,-242.4895,-342.2243,-214.2386
-3.5691,-37.7699,17.3311,-266.8084,-409.6969,-347.1274,-25.5771,-154.9686,162.9593,259.5871,149.8297,-41.4304,-583.1923,92.2978,-84.8113,149.7075,-209.0257,-500.7246,-242.3582
29.2437,-37.7714,12.5674,-318.4741,-577.4857,-482.7324,-108.2589,-310.2362,178.4352,151.2769,90.8716,-127.5099,-666.0990,-110.5709,-86.0024,96.4783,-182.1165,-611.4759,-367.7944
57.6417,33.7279,-18.1443,-278.4804,-704.9254,-494.7548,-268.2257,-350.9004,137.6969,93.9798,20.5381,-163.6306,-788.5993,-115.7369,-155.2787,137.9776,-188.7892,-576.3980,-474.0552
83.8869,119.2950,-34.6339,-191.4829,-642.5294,-339.2470,-318.1989,-199.8604,81.2940,149.2715,21.0069,-90.7128,-810.3917,57.3443,-214.0486,214.8109,-170.6567,-422.4749,-367.6626
109.4852,138.7033,-12.0296,-128.9391,-429.0939,-151.7166,-198.4270,5.0723,99.9177,264.7285,-14.1259,7.8421,-719.7194,109.0110,-176.6171,220.7803,-117.2341,-275.5073,-147.3698
70.8875,166.3162,-37.6167,-110.4185,-220.2522,-40.8539,-70.1724,111.9456,204.9047,360.0106,-158.2744,20.3102,-624.5490,0.2527,-83.7727,181.1186,-110.3980,-193.6494,-54.3789
-39.8067,237.2265,-163.9316,-103.1980,-90.3972,11.6387,-19.4007,144.2482,280.4173,413.0465,-238.4384,-9.4103,-576.5335,-28.2004,-15.4547,198.6611,-185.2932,-143.0998,-87.8674
-128.0960,243.4006,-255.9744,-95.9612,-19.7554,31.5215,8.7601,152.0255,190.8902,356.5211,-142.2233,41.8912,-542.0724,59.7110,40.8718,256.1700,-263.3624,-99.7998,-103.8631
-153.2190,190.0695,-198.5492,-104.6100,44.5737,19.7210,34.8078,132.8603,37.0180,238.0650,-16.7270,141.5680,-478.8916,99.5657,101.3757,243.9143,-259.9812,-38.0275,-67.4262
-131.7798,196.1965,-68.7771,-101.1693,152.5121,36.2891,57.2961,138.9329,102.3230,263.2732,43.5114,168.9913,-377.3008,83.8069,128.8599,178.5282,-167.5455,87.0028,-1.7279
-37.6057,262.2668,55.4615,-24.2936,276.7965,129.5326,87.6397,190.1398,338.8496,338.7159,116.5171,182.4703,-276.0645,101.3328,118.5308,178.0443,-27.1168,241.5703,63.8377
97.1707,334.3161,182.2329,126.3975,334.5350,214.8717,80.7160,183.4496,327.3998,170.9560,201.1070,311.7326,-216.4380,132.5662,103.1686,214.9091,113.4637,320.8083,64.5472
153.6081,403.5076,260.1220,269.6381,326.8520,192.3405,20.6650,92.4427,7.7158,-67.5617,217.7321,467.7812,-178.3179,161.6561,109.5926,183.1418,212.0998,294.0696,17.9914
128.8786,431.4440,241.5965,323.0279,307.7885,105.1378,-3.2271,38.4102,-147.5056,-11.7603,192.3916,492.7773,-142.3422,229.3585,154.9005,162.1083,244.2072,221.4775,33.0839
133.5011,434.3477,206.6171,282.0974,236.2965,36.5009,37.2613,59.2544,67.7711,178.5650,183.7786,441.1877,-148.9601,287.4779,213.2128,243.9206,220.0650,136.8195,89.6807
184.5187,522.4558,205.8809,213.7883,58.2571,-31.9389,49.7363,60.9104,294.8757,187.5976,170.3150,436.6375,-205.0670,268.3687,239.1189,267.6768,177.6999,22.9951,58.8145
225.2817,657.0363,172.3018,165.1022,-141.2695,-136.0215,-3.5255,12.6494,286.4884,107.6414,118.9310,474.8274,-255.6103,240.0237,247.1036,127.6702,139.2568,-108.0729,-32.3533
241.9890,658.1132,88.4468,119.1942,-253.7225,-228.3287,-66.0717,-21.9399,207.5543,83.7687,36.0956,515.0339,-293.3632,267.1415,255.6652,24.8689,96.9180,-194.2720,-46.5489
234.9757,541.6710,21.7453,74.2681,-289.7627,-253.5340,-100.9316,-16.4568,176.2921,60.9457,-43.7521,536.8230,-345.5061,281.8570,226.5694,75.0573,61.5126,-204.7877,1.3589
229.6285,519.8706,1.9221,75.8212,-276.0096,-225.3848,-105.0897,-1.1824,108.7461,68.2831,-78.1198,522.0612,-376.9003,246.0366,160.3104,114.3053,64.8980,-182.2833,7.7244
271.9322,654.2855,15.0159,121.2206,-181.0981,-181.4062,-80.1599,19.1623,18.2405,155.1756,-79.0255,519.9818,-343.3961,225.4491,107.6268,70.9851,91.2116,-158.6103,3.1952
290.6662,767.3259,34.1560,150.6010,-32.2338,-133.5931,-42.1259,71.5952,14.1238,203.2730,-92.1671,568.3723,-264.5771,235.1965,79.8987,50.2426,95.5215,-105.8081,65.2589
191.0892,732.3489,17.3603,164.5965,68.7935,-84.0434,-4.9979,136.7034,100.7165,184.5898,-90.2971,573.5663,-176.1469,228.4260,91.0906,66.7340,93.2294,-19.7898,129.9916
109.1258,687.6677,-20.9190,222.5416,89.6498,-44.7412,20.0828,152.0777,212.1001,229.5288,-21.1312,495.4359,-101.3842,212.5369,166.2709,71.2989,123.3240,57.4930,94.7355
216.5743,799.3980,3.1235,321.5123,85.2867,-26.1783,5.6174,119.6568,257.5779,307.0240,82.2387,452.7328,-50.6225,197.1038,242.1006,72.7946,155.5278,119.9134,-3.2676
376.8906,934.9542,103.3318,387.5847,80.3121,-20.8334,-49.3586,105.8127,162.0897,278.7214,163.3424,472.6769,2.3267,141.9817,253.6034,71.5681,141.7288,176.9093,-55.0540
379.4378,889.1823,180.3312,372.0754,56.2176,-9.9146,-98.4154,127.6165,65.8502,212.1264,216.9866,458.6635,65.8777,80.2313,250.2180,88.1062,101.1857,197.0300,-28.6488
286.4344,755.1569,162.1442,295.6124,23.8069,18.0340,-110.7740,160.5343,169.3780,250.9034,243.5383,419.7980,91.0001,108.5566,260.9204,172.1037,67.3486,184.6405,33.7320
222.6920,690.8520,85.1227,214.6967,6.0697,64.9181,-88.6161,214.1506,308.4542,338.6722,230.1513,388.4789,77.8550,199.7386,257.7206,250.7126,24.4882,199.7378,91.6636
150.5796,646.8135,17.9269,159.0586,-7.8177,122.1949,-28.8223,283.5380,262.5893,365.1724,185.0987,295.6808,99.7099,238.3648,297.5054,231.0340,-35.0646,233.7524,139.9187
76.5506,622.7600,-16.8183,113.0052,-20.0667,157.8255,55.3479,310.8315,260.5149,369.5035,152.1864,177.7911,166.6554,219.8256,401.9928,199.4096,-64.9489,221.1991,183.0698
113.7401,709.7180,-26.4298,79.2352,-3.8697,139.4010,103.3905,269.4109,442.1819,385.0478,183.8654,169.5139,223.1072,212.4343,421.8968,212.6084,-31.5380,175.7320,190.2264
230.1748,782.7906,-11.4591,96.5968,30.4939,87.5163,69.0132,203.3038,438.6546,334.6805,252.9580,217.6039,258.4146,217.0383,304.9459,166.0336,28.7879,153.5049,143.5640
271.4549,685.4686,14.0359,144.7733,40.4752,58.1183,-0.8576,172.0433,171.4352,238.6929,256.2603,176.1887,286.4904,213.8408,220.2481,95.0793,56.5481,135.2389,122.7664
232.2843,562.8180,15.3630,134.5856,40.6463,62.4653,-5.4792,198.1603,90.6300,251.5189,190.1052,74.7073,307.0021,215.7359,243.0806,173.2618,33.2544,77.9976,198.0764
222.1354,578.2426,-8.3873,50.4160,83.1394,62.1998,71.4904,245.1079,242.4328,387.7925,158.3214,10.6062,341.1556,214.7432,277.6382,329.2252,-18.1784,12.2794,280.7474
240.8675,643.3845,-24.1941,-9.6319,154.1543,40.4863,127.7252,264.8759,270.4311,483.0768,167.1943,0.3545,390.5605,204.6621,307.5211,328.3739,-54.6159,-4.6377,265.0823
222.6033,657.3929,-27.4980,21.3125,191.8295,16.3204,105.0469,268.4664,246.3672,460.0390,151.8807,29.8988,407.5250,212.8271,374.4842,175.7204,-37.6502,20.6740,215.5426
191.0035,642.2728,-34.9780,91.2183,186.6910,2.3273,87.5966,280.2227,395.0888,407.0504,130.4150,43.1256,389.4538,219.6115,424.6916,68.2918,17.6828,35.5080,227.6908
196.5385,639.3195,-45.3652,118.8690,184.0566,2.3489,144.1277,279.7761,521.8438,404.6756,115.5555,-9.9143,387.0699,175.0423,417.2044,88.6712,56.4602,33.4447,262.6284
221.3921,697.7574,-43.9454,106.1022,206.0079,24.6198,205.6054,264.1623,461.5681,410.3540,82.5995,-45.4894,408.5508,119.4172,404.5861,166.7470,77.1940,68.7075,258.2913
249.7649,807.7293,4.8023,120.2013,223.8247,58.1586,208.9705,264.8694,369.7534,344.8626,106.3299,-5.3914,437.5278,122.4738,422.2255,210.9363,124.8748,154.4870,237.6125
302.3727,851.8617,123.7219,183.4349,212.2093,73.0950,215.4908,281.3369,345.1939,266.1218,237.4559,2.8839,479.2888,150.1746,467.3170,193.1684,181.8075,217.7397,240.5686
359.8142,810.5839,232.7504,232.7019,186.0417,61.6332,273.1523,293.1949,366.4634,292.1724,341.2723,-40.8590,514.5954,141.5999,528.9830,162.8120,183.2331,198.1392,259.5620
373.8958,800.8366,222.0114,213.0582,138.3095,36.0482,298.8423,285.4614,379.8892,339.7708,324.2126,-13.6684,514.0518,120.7092,554.7503,165.9507,126.0615,123.1037,247.3390
342.8937,819.5157,125.0993,156.7167,13.4368,-4.5112,212.9348,236.4063,274.0802,276.1148,274.6963,60.1702,495.1212,131.2654,523.9368,170.5994,60.1957,53.0259,173.1702
291.1389,765.4853,51.8958,123.7676,-171.2522,-65.0975,71.2648,165.9513,142.0099,224.8508,248.3552,79.2374,471.7491,165.0036,504.3535,131.1410,17.6212,-0.3024,76.9458
241.9351,675.0775,20.2112,112.2454,-293.5068,-138.6702,-49.3888,116.0293,208.7646,275.9924,213.0379,91.8952,422.6833,192.7819,500.0731,82.8303,-1.7881,-75.8895,0.9050
241.9828,653.5894,5.4351,81.8657,-305.1863,-210.6310,-170.3501,54.3543,329.6584,253.5711,176.8208,108.0040,358.7989,195.1838,429.0347,91.5841,-23.5112,-174.3788,-84.1872
311.7576,701.8220,18.8152,44.8237,-279.3773,-244.2775,-303.8511,-35.5570,270.6104,145.3513,155.4444,41.1767,324.8832,177.3556,323.5310,122.3142,-43.3861,-207.1658,-183.9570
393.2677,763.2323,54.9999,74.1550,-242.5630,-199.2131,-378.5453,-72.0569,182.9504,129.4826,147.5505,-11.1214,334.1595,177.9677,280.8461,70.7800,17.7398,-122.4770,-243.6689
427.3714,803.5479,99.3789,196.9014,-164.8148,-107.2804,-368.7697,-52.4132,136.5980,111.7171,173.2488,88.0378,364.7037,219.0276,255.6933,-34.4559,175.1673,-10.2174,-264.8043
415.5738,809.1213,163.0035,324.7026,-76.6276,-51.9381,-331.3961,-65.4464,-14.7167,-12.3261,203.5611,189.0715,393.1841,259.8399,189.1980,-43.1346,284.2780,45.0395,-270.1144
383.4569,782.0965,228.3236,348.2600,-8.9786,-44.4697,-287.0984,-66.9097,-97.0158,-29.9649,190.2053,131.1064,417.2579,249.8718,167.6574,38.5762,259.9370,85.1460,-204.9328
366.0163,738.2622,261.3347,272.1754,64.2305,-23.6754,-228.1582,33.2758,40.4444,91.6209,183.5753,37.0840,456.2412,201.2575,218.1872,51.0921,211.3903,143.7277,-50.5172
385.7052,719.9072,271.4040,194.4434,127.3596,27.4087,-168.6653,166.6138,122.7862,155.5889,213.6461,26.4260,507.8687,160.9965,234.3616,0.9767,213.9542,176.3916,117.6763
398.1056,757.5140,258.2672,169.4190,135.6891,65.9986,-85.1338,249.3152,129.1559,216.7608,201.5615,20.7017,533.6526,129.4617,224.8425,36.6869,201.2337,172.2880,248.3450
359.4445,781.6271,203.0468,150.3915,108.2636,56.7036,26.3906,278.2527,301.4731,278.8075,143.5023,-46.8401,519.2988,73.6902,293.0444,134.7245,144.2357,152.0449,304.5836
323.7993,719.5236,152.5129,82.6874,64.7870,-2.1874,68.0463,226.7638,420.7116,160.3195,119.6076,-127.0336,493.6069,22.5223,391.7494,153.8771,83.0465,107.9962,247.4577
350.8732,652.0919,155.0770,8.2811,-5.9281,-68.6591,17.8994,135.4416,322.3134,95.7907,111.9808,-131.1527,476.8668,42.9956,418.2852,96.5143,38.4360,64.9840,158.1680
407.6262,662.7771,159.8884,10.7583,-62.1440,-83.6283,-7.3434,119.0451,363.4878,301.9950,78.8911,-39.6530,461.1429,109.2101,404.5277,54.4332,52.3373,61.8074,133.8595
443.1462,678.9008,118.9903,76.4526,-71.9336,-52.8904,-6.7415,122.7017,518.3594,329.3316,67.6021,-7.7342,428.5507,136.1968,393.7469,50.9674,141.4180,56.9155,97.3448
442.0985,659.5914,73.1098,117.6850,-98.7299,-38.6106,-82.9133,34.6188,382.6039,63.6019,92.2882,-176.5363,378.2321,136.0480,358.2786,69.5138,197.9181,3.6727,-16.4178
415.2905,687.3745,58.4176,112.0858,-176.7264,-66.7072,-192.7938,-63.2334,133.8109,40.3584,95.5879,-383.7936,336.5034,174.3761,307.8158,88.9073,156.9549,-71.4296,-124.1343
423.5504,763.5859,56.7738,91.2802,-249.5588,-125.8947,-270.9356,-126.2542,57.3318,124.0351,52.8015,-408.5404,303.1155,227.4982,253.0591,80.7049,118.3474,-139.0103,-213.5927
490.7819,781.9335,56.2275,58.0039,-280.1533,-190.3277,-378.8556,-230.4370,-41.6545,-104.1955,0.5191,-317.9145,248.9316,249.1381,159.7868,63.7847,138.2238,-157.9080,-316.4928
501.4181,712.4158,76.1245,45.9799,-256.7587,-184.2610,-472.7539,-253.7855,-96.8276,-115.4860,12.5272,-225.8569,217.4178,276.4241,81.8652,89.3346,165.5201,-57.8777,-314.1463
395.7746,644.1422,132.3447,134.0903,-160.3303,-61.7215,-413.0881,-68.6691,100.4864,292.9798,93.2282,-95.9690,276.7781,336.8729,114.0128,138.0845,221.5308,118.4777,-168.4252
333.2697,683.1981,197.9914,291.1226,-26.2995,81.6832,-257.0958,106.1904,164.4285,251.0511,113.0749,16.0099,371.2942,372.8977,199.9378,128.1350,332.0090,243.4135,-50.9527
411.9177,810.2011,231.9612,384.1855,96.2996,146.8169,-113.1894,137.0068,-35.7568,-153.2316,57.2791,12.3899,434.3926,337.9844,250.5624,45.8891,394.2553,324.9566,21.4275
482.0236,870.6080,261.7976,395.5568,217.1493,187.5633,88.2962,250.0030,78.3095,137.3869,110.3927,2.3731,523.3506,266.1150,317.8835,-7.0503,368.4840,437.4689,200.1562
453.0489,836.1305,333.5764,419.0407,307.2621,259.8235,337.2466,466.4003,456.0217,722.9608,244.2711,81.5115,623.7442,215.3868,429.1939,38.7183,357.7721,518.1635,399.2042
436.6562,860.4048,385.1465,453.5790,290.0524,284.1911,455.6460,488.4482,379.6056,434.6009,224.8293,166.4780,605.7777,194.8758,490.6558,88.0642,369.2554,490.6709,407.2079
458.9052,916.6946,337.1224,424.8730,198.9541,206.0568,432.5762,295.6044,-79.2291,-303.1594,154.1571,268.2514,521.7918,161.8127,484.6636,36.0448,315.3207,410.6038,282.5116
414.8959,816.6951,234.9760,355.5909,136.7417,107.0345,416.0214,154.5822,-285.4700,-473.0674,264.9456,467.0958,540.2522,102.2553,495.4467,-30.4555,237.6898,339.1158,215.6715
326.7258,657.1658,135.8090,319.3261,111.6650,67.4232,419.6713,152.9743,-167.1834,-234.0316,305.6245,643.6431,587.1212,81.3683,528.3068,20.6769,216.1999,283.7856,220.6985
296.8051,675.0322,25.8988,303.4284,81.5324,71.9917,372.1901,205.6419,15.3970,-44.4167,1.4369,670.7496,509.5728,145.9740,526.4840,152.8427,189.3018,262.6346,203.4917
303.8828,776.4296,-47.0822,257.8667,46.0216,78.0250,275.9585,251.3842,148.9808,123.8727,-264.0537,635.6277,428.8341,236.5676,488.8962,249.7404,115.5156,253.3696,138.2164
315.0501,761.8280,0.4772,198.7939,22.1180,73.4307,163.6748,240.2809,179.5018,194.6148,-88.2513,627.5289,503.9576,278.9565,438.6185,235.7569,101.8601,199.5828,84.0032
392.6454,698.2776,112.4189,175.0355,35.3554,75.1162,73.7852,177.4230,197.3151,93.5801,187.8294,636.7456,609.6918,282.6008,386.0855,92.1789,200.2920,139.7679,95.4769
514.2278,680.3160,168.2790,196.8297,98.7525,113.5723,41.6202,146.7107,295.8900,56.0936,113.1178,657.3518,572.8585,288.7257,354.5606,-49.8835,305.7670,157.7162,142.2347
554.6680,655.3589,164.7737,240.3942,171.9509,200.1494,44.5043,185.1522,289.7449,102.4363,-82.1570,631.9129,456.4201,304.2365,337.1289,4.0130,342.4766,237.3286,176.9444
507.1816,629.6160,161.8193,278.0585,229.8475,303.7126,56.7831,271.5026,131.7672,28.2170,0.0048,510.9715,407.3843,316.5376,278.4037,199.5519,338.8029,310.4424,217.8270
446.8582,639.7355,165.8236,291.6220,292.1277,374.1964,87.7643,381.9062,71.6643,-69.3351,181.4807,415.1422,432.3973,319.8453,184.3696,304.4919,305.9941,352.6719,253.5043
354.4839,604.4221,156.6985,278.2900,332.7263,385.7968,119.8407,455.9976,90.0846,-21.6009,132.9682,421.6944,446.8000,313.5676,147.0142,282.5151,230.4641,363.6561,234.4539
230.9256,479.9886,136.6233,241.6914,318.6100,350.9203,165.9700,454.9424,39.5053,51.4777,27.7031,381.9461,434.0768,285.7149,190.2331,264.3623,153.7639,349.5695,219.6261
184.0292,366.4483,118.6664,187.7190,290.5137,294.5960,283.5835,437.2904,113.2640,38.2375,91.3400,225.5263,440.9447,223.2312,229.4710,290.0064,113.8984,328.3478,283.3373
214.4276,353.0223,108.9473,146.9383,257.9325,234.4324,394.5130,449.2063,361.1274,33.5911,88.4662,99.1432,446.9307,161.5613,233.1780,321.2229,82.1439,313.0692,339.7654
202.4953,424.3673,117.4834,159.3884,184.2395,192.1839,357.8966,460.5440,451.0391,119.2114,-57.8358,74.9685,406.0002,160.6859,248.2684,330.3129,53.8620,314.2975,309.1898
165.5685,491.0306,165.7781,206.1954,125.3262,183.8670,254.1996,451.3379,347.6860,223.7402,47.8359,73.4750,403.1107,197.8810,259.6714,322.5345,77.0357,326.5353,274.1622
192.9160,465.3726,234.5959,219.8488,138.1740,187.1754,258.2331,421.1769,347.2891,226.6467,375.2831,36.7909,523.6426,188.6126,241.9198,356.1170,140.6874,306.0673,304.0628
219.8710,376.1017,247.0932,185.2572,135.0753,165.8347,330.4578,356.4853,479.2591,137.9884,351.1293,-39.2621,615.6507,130.5426,261.5014,414.2395,181.1584,235.9522,342.5520
182.8416,327.0934,185.5590,150.9499,48.2405,122.1027,321.5181,264.8639,574.9034,73.5370,-21.0154,-109.8221,491.7550,100.5581,298.6300,367.5569,196.6003,174.9988,317.1509
175.8552,329.5437,137.6843,148.0101,-45.7164,90.7918,209.4020,174.9712,582.8785,43.0389,-181.6170,-100.6291,275.7883,121.8324,214.1671,239.1119,229.5924,171.3722,222.2335
236.4318,329.9240,163.0715,177.1092,-76.2008,99.7710,79.5788,106.0873,492.6793,-31.0888,-92.4870,-40.4034,219.2355,149.9087,66.1913,184.7578,288.1020,195.2027,121.4391
272.7560,333.7080,236.8086,228.2142,-51.5465,137.8630,4.8242,55.8461,312.7090,-148.5432,-82.2336,-26.7608,295.4620,160.8608,41.9711,182.9081,354.9702,193.6048,68.8832
271.6765,357.0084,312.6287,266.5897,2.6146,154.0213,-28.3855,-0.3079,131.2592,-256.1345,-103.5095,-58.3960,299.9455,171.7058,67.9677,175.9611,403.6004,159.8471,26.6714
286.2624,366.5609,328.1062,276.0823,55.1139,128.2984,-72.8671,-46.5515,41.0295,-296.3968,-61.3636,-94.0415,228.6409,189.5490,12.1274,234.8579,408.6393,137.5435,-29.5189
293.2686,328.8572,252.8613,289.1499,102.6602,105.4352,-90.3180,-42.0568,71.9286,-269.3646,-116.1860,-139.3151,234.8124,183.7440,17.0693,238.6790,387.7360,147.7691,-41.3037
265.5627,234.0520,162.7903,292.4810,167.6406,92.3747,-30.7706,-67.6578,123.3512,-295.5776,-226.4212,-170.1178,306.2635,130.7738,127.5657,32.9930,360.3057,134.9353,-22.2118
225.3388,108.2409,113.8760,224.3183,201.1546,30.2559,25.5663,-212.7506,69.3958,-339.8401,-199.3193,-180.4696,306.9568,62.5048,124.5417,-66.5742,292.8144,63.8595,-31.1157
172.4611,20.9327,57.4369,114.9014,148.9386,-76.3751,48.7445,-332.8398,37.4403,-180.5980,-127.2335,-233.8113,254.9489,9.6698,45.1381,178.1561,186.8566,-9.4240,-4.7050
115.0948,0.6615,0.6567,40.8980,85.2248,-165.9011,147.5891,-290.8267,183.4949,14.4842,-148.2316,-304.2039,251.2017,-55.8052,135.6775,333.3068,107.0690,-65.2120,78.4939
85.9270,0.1064,6.4902,-19.4518,79.7174,-246.4695,288.0013,-231.2995,306.6952,-99.6198,-170.6537,-308.4703,263.1578,-141.6648,292.5139,160.3121,57.1756,-151.8381,91.6389
66.7036,-5.1208,24.2647,-90.4573,68.9270,-343.7713,306.9908,-263.2196,232.8212,-244.3337,-144.4379,-308.1761,236.2854,-201.5955,288.5650,108.8297,-8.0661,-242.1108,28.0263
44.9924,1.8448,-9.1540,-132.8770,-8.4693,-428.6988,229.6207,-307.0063,111.5074,-135.7684,-142.7491,-378.7766,204.7898,-246.7190,215.9008,255.8970,-80.0914,-295.1947,-13.7625
65.4402,-1.5922,-41.6718,-203.2928,-131.8601,-511.0504,172.9979,-402.7791,-3.8053,-219.9270,-163.2659,-450.3284,158.9469,-326.6577,186.9535,108.6890,-150.4491,-384.5051,-71.8505
104.9334,-52.6115,-52.4388,-376.4852,-253.0972,-606.8975,128.2402,-579.1472,-119.1891,-561.7565,-168.4185,-478.1408,81.0400,-384.2426,147.3348,-242.0932,-228.1837,-516.7266,-139.0075
89.8819,-117.3999,-71.4031,-509.0204,-314.8663,-619.9731,88.4098,-601.8392,-38.0829,-496.5620,-175.6075,-466.2347,47.9774,-332.0442,121.7129,-251.5891,-253.4004,-549.3611,-87.9549
52.9481,-122.4039,-54.5551,-452.2182,-324.8232,-500.5483,66.1618,-414.4523,143.3074,-125.2018,-183.0895,-345.5089,59.2479,-223.4968,120.8202,-39.5903,-188.0738,-462.7383,-11.2537
66.1460,-63.2266,16.8285,-331.9869,-354.3634,-374.7623,8.2058,-305.8876,99.2144,-109.0335,-137.0723,-149.4956,45.9685,-153.0042,65.7456,-63.4355,-94.7397,-386.2000,-62.8482
141.7166,5.5826,88.7662,-268.7244,-346.9872,-307.8149,-23.8767,-319.0733,77.3605,-184.0050,-7.9376,-51.5040,93.7120,-98.9347,46.0832,-223.6920,24.7812,-325.7502,-69.9726
305.9393,116.5016,180.4754,-157.3924,-194.2721,-205.5901,83.6885,-234.2635,343.2957,34.3004,141.7679,-46.1877,235.0798,-14.8868,134.6737,-251.8370,213.7097,-205.4794,80.1758
547.9719,359.3838,324.9658,26.1799,4.7837,-52.4699,195.6484,-102.2619,365.8557,25.0956,312.1093,-2.5387,328.2305,71.0533,150.1340,-227.1841,374.7188,-51.6295,161.2262
753.3563,635.9142,483.1507,138.7465,155.3213,70.2300,213.7747,-58.5233,-41.8348,-310.1458,702.0518,34.2936,502.7265,130.5390,112.8108,-198.0749,441.1343,102.3860,157.7844
886.4597,729.9443,661.1868,180.5967,382.0443,163.9186,366.0379,19.1949,-111.1945,-269.2828,1201.5295,10.2634,959.2858,168.7037,276.7733,-70.9014,540.3508,256.1459,315.5087
998.7435,680.6936,809.9801,263.9983,649.7628,243.3247,671.2466,174.3080,302.9193,113.7287,1122.3986,27.9939,1239.6323,176.8479,475.9668,31.9484,681.4310,339.1040,528.3862
1002.8816,695.6397,735.6449,355.1419,693.9703,262.4557,766.0193,268.4293,418.5218,234.9085,362.4157,80.7745,878.1573,153.4954,388.9261,-33.3239,680.3440,334.8890,537.0716
818.8593,746.6179,479.6613,380.4744,557.1580,257.8174,638.7822,338.0323,198.9479,197.7778,-40.7249,53.5218,438.6608,121.7914,260.7327,-94.7106,567.3677,359.5157,496.7865
623.2152,690.9706,347.3632,376.2811,505.4761,308.8426,665.0331,473.7533,301.8439,314.6693,288.6605,-6.0007,531.8832,77.3914,393.2909,-1.1709,536.3882,419.6817,607.5273
570.9766,587.9515,317.2256,350.4698,460.2020,350.4662,816.0829,554.2916,598.7860,397.7881,256.7902,-42.7102,652.0383,4.3155,511.1691,83.2765,513.2823,388.2849,667.9854
553.0209,529.5012,124.9799,263.3805,232.7510,287.3596,746.7496,506.1484,511.7179,342.5197,-503.0264,-168.1444,288.0928,-58.1670,371.6261,19.2727,332.1697,281.7585,503.0572
478.3282,472.1865,-91.2353,169.2816,13.0119,178.9048,508.1111,439.3274,199.4560,292.8916,-787.2181,-372.7599,-68.3194,-64.5264,207.4559,-92.3033,129.9063,213.1096,290.6637
407.0887,398.8489,-51.5234,130.7771,12.5381,103.8373,393.7691,380.8113,145.9521,245.7269,-163.0268,-462.5650,-19.3258,-51.4655,196.4931,-170.5771,87.3980,146.8595,203.9600
329.0012,323.1524,51.9480,92.4067,64.8420,27.0467,388.2884,266.2564,278.0206,203.2020,234.7800,-403.0734,25.8626,-86.5647,220.7467,-248.4932,96.7743,14.7759,155.9821
184.0150,223.0232,-84.3551,19.1720,-39.6160,-68.9985,296.3924,129.5429,275.2740,225.0636,-202.7661,-326.5807,-239.9173,-162.0944,161.8859,-295.6004,11.5000,-90.7025,-2.2992
29.1453,161.4848,-355.3071,-4.5222,-245.9591,-118.4863,89.2109,36.0811,173.5284,206.0255,-805.7870,-262.6469,-598.6566,-207.9949,-8.9323,-248.1323,-102.7596,-68.2367,-257.5626
-64.8454,182.6012,-523.5709,63.7595,-392.3771,-110.3043,-140.6255,-29.5407,145.3737,95.9279,-976.0955,-176.6704,-826.6994,-191.9742,-235.9066,-152.0576,-142.2280,18.1767,-465.9400
-126.4484,135.4079,-545.6833,126.1023,-386.5338,-125.2070,-312.5196,-111.2831,86.6367,9.6826,-747.5732,-109.9980,-847.2461,-160.2709,-378.3719,-115.1083,-130.4216,50.5123,-555.3981
-196.5725,-31.3692,-488.4599,99.5277,-265.1987,-189.3376,-386.4159,-205.2791,-128.5282,-46.8400,-392.3115,-84.4833,-679.2816,-159.3474,-400.7021,-213.4371,-137.4271,24.5119,-594.4523
-280.9205,-96.6920,-455.2927,46.2667,-181.0945,-227.3658,-408.6911,-235.5248,-327.4889,-111.6727,-254.4766,-32.9021,-546.0461,-154.0632,-400.9044,-411.6954,-190.0596,21.4195,-637.6519
-382.9686,16.3261,-520.8289,51.7854,-232.8889,-209.2279,-468.7231,-144.4057,-409.6323,-128.7975,-429.4736,84.5997,-611.9150,-100.0135,-428.2307,-490.4758,-289.8267,52.6308,-654.0437
-503.0719,91.6174,-624.1148,68.3192,-358.7014,-205.3868,-543.4799,-5.0601,-552.0007,-112.8309,-552.7468,204.0528,-725.0032,-57.1303,-514.3753,-299.7735,-437.9906,36.3644,-617.6835
-627.8512,6.3898,-674.7703,15.6163,-467.3577,-232.7474,-527.7652,88.1801,-720.9385,-107.2287,-417.7247,237.5350,-753.1052,-100.2517,-697.9560,-88.3821,-599.2759,-37.5056,-542.5164
-718.3623,-143.0239,-686.2944,-49.8792,-545.7598,-207.8346,-454.7596,157.6170,-696.0308,-74.8893,-352.3607,187.8431,-790.8491,-166.8876,-865.6513,-152.5784,-693.0492,-67.5577,-476.0190
-745.3958,-236.5370,-697.4059,-37.2762,-612.0137,-114.7438,-474.7742,238.5090,-622.7647,-16.4754,-577.6487,149.8944,-869.4708,-140.0731,-874.6655,-312.7289,-697.3914,-23.4261,-480.3766
-773.9484,-227.3798,-711.5612,10.0807,-677.9962,-40.2779,-576.2867,303.4757,-691.2657,85.0058,-802.8878,194.3060,-894.6979,-17.9306,-795.8728,-278.5128,-695.6328,9.9840,-535.1748
-880.0179,-192.8559,-722.3310,13.5410,-758.9479,-31.5271,-600.4883,328.7568,-652.9589,258.9322,-754.2850,280.8848,-875.2625,89.7528,-754.5214,-194.7981,-735.3839,-11.0446,-563.1703
-979.5010,-244.4858,-705.4293,-11.4593,-864.3266,-88.3268,-553.0247,269.5129,-424.5128,299.5975,-597.8795,307.4044,-893.3573,64.1341,-739.1311,-286.1966,-752.7652,-66.9088,-589.6682
-944.0643,-295.3052,-649.5759,-44.4537,-964.9146,-215.5089,-575.6978,84.2342,-378.9248,39.3347,-592.6719,239.7643,-937.8823,-89.8658,-720.8552,-424.6082,-705.2359,-157.6038,-671.5677
-817.9271,-206.6022,-574.7390,-112.6831,-988.9473,-355.9711,-649.8683,-124.2827,-571.1550,-247.5826,-655.1333,162.4754,-931.4088,-180.4578,-705.5148,-448.8943,-642.0131,-264.4229,-734.9955
-717.7542,-106.8600,-474.6275,-195.9916,-902.8024,-428.8325,-660.6710,-210.3396,-638.0496,-277.4995,-558.4232,154.2484,-835.9570,-85.3723,-664.0482,-416.2650,-601.8801,-320.8435,-697.6259
-658.2855,-156.9734,-350.4529,-228.7112,-751.9763,-457.6428,-610.4453,-189.4241,-500.3562,-138.0574,-357.0854,178.0155,-674.6436,6.7586,-569.4640,-357.7037,-562.0449,-286.2692,-592.3894
-610.1956,-234.1735,-250.7920,-198.9751,-552.6669,-473.7226,-501.0124,-138.8613,-335.4907,38.3324,-239.6144,178.9699,-474.4543,-73.1708,-412.7832,-226.9690,-496.7855,-170.1831,-454.4390
-561.6402,-214.5973,-163.0503,-156.7491,-270.4229,-412.9804,-267.9048,-72.7426,-181.7163,164.0337,-151.1111,169.0306,-229.7045,-151.8570,-190.4288,-96.5050,-400.8000,-21.3168,-280.6939
-482.7406,-206.2633,-25.7983,-148.8503,36.7724,-280.0244,-1.1292,-18.0993,-35.9313,123.1478,25.3280,145.4727,31.3843,-77.0041,35.6534,-96.3298,-260.4034,78.5486,-91.4310
-357.0165,-273.2147,125.9556,-161.2818,257.1124,-184.6215,86.4733,5.8167,93.4393,37.0518,186.9582,102.8254,228.1552,10.2618,189.8752,-204.8200,-62.8692,108.7226,95.2695
-208.8997,-312.1169,238.7493,-131.6599,403.5992,-132.0873,-16.5409,35.0293,259.2719,76.8869,260.8215,99.8854,349.0016,16.4449,286.2913,-245.7994,148.5412,141.1157,260.3088
-60.4198,-287.7118,344.4021,-72.9108,538.0350,-49.7472,-94.3569,51.9133,409.5342,78.2209,351.0004,128.5774,457.6946,14.3775,349.3817,-120.3572,279.9328,188.5493,378.3303
71.6662,-284.9657,424.3445,-93.0353,624.9245,37.5891,5.3054,29.7735,437.8019,-12.9371,454.1425,84.8694,551.6779,14.2337,375.7300,16.9640,300.1913,183.4235,499.9011
173.0868,-320.5379,414.8493,-194.5304,640.2826,99.8923,218.0076,64.3373,427.0357,80.6070,467.5381,-12.5535,583.1727,38.2624,421.6357,-8.9169,287.7312,145.2573,667.3412
256.2200,-300.3332,383.0284,-242.1252,641.1993,178.3990,375.5220,190.4066,503.8860,300.9296,453.6776,-54.8636,578.7988,144.3719,515.1140,-81.4912,306.6043,145.2369,771.4822
322.6964,-191.1076,418.8481,-209.7219,633.2714,239.8174,402.1968,254.8571,642.6451,302.6089,502.6044,-58.6754,577.9296,198.1711,558.6168,-19.1114,334.5345,152.5421,733.8882
345.7200,-113.1388,460.5941,-196.0957,561.6447,220.0816,357.2628,198.2123,760.1196,176.9067,535.4141,-64.5050,542.0176,86.9910,492.2991,123.2951,344.4058,129.5609,655.3596
330.6476,-161.8914,439.5397,-190.5874,435.9299,183.3113,302.2741,153.8320,759.1766,200.8684,504.3304,-37.3787,446.3850,-25.1987,387.5262,263.7937,337.4450,128.9892,598.2697
310.6230,-252.6963,398.0778,-118.6237,335.2326,179.8322,264.2545,159.9479,598.8423,264.6374,492.0955,-22.2261,369.1243,-68.5906,324.1622,382.0297,318.6748,153.4725,525.0125
304.7876,-285.8143,380.7772,-31.6608,334.1100,140.3015,294.7602,123.5887,433.3181,192.7115,522.3295,-65.1346,399.6019,-133.7304,329.9726,328.3046,330.8931,142.1846,484.6224
334.1844,-280.7804,399.8769,4.9424,440.5497,83.3179,380.2342,53.3557,413.7866,72.5946,548.9083,-62.4233,505.3396,-78.0582,373.3269,107.3129,417.0970,128.4713,519.7584
384.4000,-236.4046,452.1429,42.3689,562.6010,114.9812,402.7136,20.6486,464.6169,9.0639,565.4083,12.4217,562.2422,152.7607,371.5217,71.1386,519.5454,172.2299,521.4677
387.7943,-122.2373,473.0344,113.2163,606.5602,182.7457,337.4139,-8.4720,463.4348,-14.9913,560.1168,64.6283,524.9318,221.2389,327.2986,272.5288,561.3215,221.8993,437.4309
362.6414,-13.3461,427.4969,177.9145,597.1663,177.8525,291.7433,-81.9422,385.8011,-43.3004,538.9667,150.4174,484.0695,109.6616,340.0904,289.8879,571.8333,232.8069,377.5918
411.1873,29.8274,408.3947,224.2719,592.4072,166.9560,297.5597,-134.7094,282.0135,-51.4157,583.8619,303.7599,510.5920,193.2099,394.7562,79.3673,584.2286,238.2357,392.1917
502.1250,68.1935,466.3853,232.7045,566.3664,211.9989,302.7506,-100.7951,288.4250,46.8787,663.8996,320.1003,552.0242,316.7764,381.4164,62.4711,547.3047,210.1136,405.0727
511.6618,109.3049,494.6761,158.9077,481.5959,205.4227,311.6315,-37.0615,404.1335,175.9478,595.0506,179.1368,540.8768,108.5042,323.7285,259.1196,448.8381,97.6461,367.5586
456.4767,92.0538,428.3229,69.8431,366.6570,116.8571,339.0670,-14.6289,383.5666,144.6277,414.1284,160.2608,493.6815,-87.7776,326.8378,317.0580,360.8411,-0.2922,313.9427
410.3608,48.6273,350.3314,93.6119,269.4925,99.4272,350.6759,27.3383,227.4576,75.1796,400.0708,282.2775,451.2859,72.4250,377.1322,225.1766,325.3466,42.0990,309.4437
348.1206,25.7528,316.3274,203.2511,210.1338,209.7400,334.2059,172.4314,253.7346,203.3439,532.9024,286.2427,405.2658,169.1144,370.8759,208.0879,327.5945,157.0523,367.3693
295.4252,9.6979,289.7423,259.0471,170.1886,307.0864,313.2491,338.7718,406.0699,335.5121,481.2190,116.5579,339.3326,-39.4885,277.8290,271.6076,340.3914,193.4716,420.4997
364.7765,44.5652,273.7133,204.0824,115.4416,291.0959,314.3203,393.4376,325.3780,262.5907,238.7943,-127.5807,297.2724,-156.1123,219.2835,300.0235,318.4509,135.2016,444.0773
512.8421,156.1478,294.2219,74.3265,56.8855,224.1436,350.9933,381.1251,105.5900,233.4214,119.9876,-367.5613,311.6869,-60.7284,307.3702,254.5216,230.4887,69.8220,486.2583
562.7385,236.7827,274.7434,-53.1809,43.0935,203.7725,369.6775,416.8836,78.9872,365.1725,139.5885,-446.5661,291.9320,-41.6155,392.3331,191.1568,117.4290,55.0325,506.3778
481.5269,233.7832,147.0282,-77.6483,90.8262,243.2572,305.3232,458.8721,163.4604,395.6399,78.5172,-336.9580,158.3721,-129.7432,267.2684,230.7643,51.9127,94.3126,425.6084
378.8197,200.0699,19.3949,5.8390,182.4051,285.1906,224.6324,409.1209,132.9376,305.1020,-16.1181,-269.9670,36.9190,-182.2600,99.9888,337.5105,59.1145,149.0507,323.6437
308.1157,98.9915,-2.3066,55.7662,266.1601,268.2720,216.0618,298.3698,42.2829,283.9408,-16.8889,-305.4067,61.3565,-174.7977,157.1075,287.4886,92.2111,136.4274,286.4207
239.4753,-99.9772,-20.6094,-24.6827,240.0476,157.3869,201.6017,188.0393,2.3838,263.4162,-50.6352,-294.9767,107.1680,-102.0044,280.7657,103.7901,66.5673,0.8991,211.7216
137.8312,-265.9993,-111.0247,-161.9192,78.7125,-38.5111,97.5684,56.5799,-10.1446,171.4440,-173.0714,-303.8284,29.5969,-50.7566,229.3724,66.2476,-34.0588,-178.4765,40.8248
17.9158,-324.8372,-123.1351,-242.1385,-67.7776,-225.6216,-1.4097,-90.8633,-41.0342,125.1371,-181.1718,-400.7499,-60.8674,-144.4048,129.8036,151.3756,-105.8384,-245.8806,-86.8165
-34.7640,-351.8707,14.0646,-239.1333,-80.5359,-285.9868,-3.3057,-176.4790,-99.1434,86.5118,-27.9224,-375.7218,-50.1148,-232.6796,99.3002,103.3724,-73.7836,-183.7209,-92.6497
28.2145,-353.4698,113.2682,-195.2064,-58.5404,-242.2623,32.5954,-182.1385,-141.4413,-43.0560,66.8966,-202.5364,-40.6610,-159.0001,26.8174,-10.2605,-14.7763,-142.7559,-69.1815
100.6790,-289.5105,62.2363,-154.6412,-129.4826,-226.4510,37.5826,-165.7821,-121.1760,-120.4872,-3.7832,-141.6154,-124.1135,-104.6461,-39.3349,21.0076,-15.0229,-194.5146,-74.1661
63.6284,-226.9906,-23.2304,-115.1815,-236.5951,-251.7590,16.5857,-139.7418,-76.0207,-43.4074,-132.5950,-182.1871,-244.7599,-171.7910,26.6948,81.5863,-27.3151,-234.9548,-70.3896
-23.6722,-222.0488,-61.5152,-58.3516,-254.3956,-216.3334,-23.0216,-81.6867,-46.2865,39.6154,-198.9307,-122.9844,-339.5140,-183.2699,61.5824,-19.6883,8.8484,-198.7129,-35.3565
-50.9162,-241.1630,-88.5464,-21.3179,-175.1007,-121.0535,-66.6337,-19.5833,-24.2988,37.0759,-164.4887,-31.2790,-374.2616,-114.2367,-72.4945,-175.2598,42.9736,-147.7503,23.4078
-52.4046,-266.1650,-117.7054,-39.5939,-86.1337,-51.3342,-61.0059,26.4770,-31.9640,49.8578,-95.1185,-17.8606,-334.4641,-85.8168,-186.2192,-180.1874,17.5714,-106.8279,90.6924
-100.5103,-279.9709,-136.9020,-58.8429,-45.3288,-2.9272,5.3434,95.3742,-35.9323,146.7065,-88.4373,8.0215,-289.8350,-65.5612,-144.3503,-25.6595,-28.3158,-35.3494,135.9699
-150.0875,-250.4699,-129.7999,-36.4040,-23.0622,71.5637,58.7846,181.7318,50.7185,233.3506,-99.0069,71.3212,-288.1064,-16.8907,-44.3086,118.4101,-41.7120,46.4495,150.7188
-140.2807,-228.2470,-53.9873,-30.0224,53.2457,146.8945,62.7367,215.5487,134.5491,189.2105,-11.2042,110.2551,-235.1203,14.2980,51.6187,104.7062,-36.9993,87.9244,166.0829
-109.6010,-271.3383,61.5618,-69.5615,199.6414,181.8037,86.4799,185.0746,71.1492,76.8862,119.1220,155.9102,-87.3656,45.3237,113.8946,15.7619,-35.9939,99.7815,188.1713
-103.3327,-317.0424,105.1104,-94.7308,333.8102,171.2473,144.7061,123.5224,-45.1552,40.9384,155.0959,188.9951,16.8900,52.9672,75.5151,50.9718,-19.5254,104.8875,169.5700
-99.7008,-301.0195,65.0752,-80.9335,364.1411,120.1124,123.2470,16.9140,-108.1875,24.5373,126.7844,138.0611,-1.2208,-11.8613,10.1438,153.2747,18.0241,99.4759,85.1803
-84.9310,-253.9106,40.7767,-56.3945,311.3821,70.4925,18.2691,-115.5178,-165.0417,-75.4922,148.7984,112.2312,-22.0360,-21.7698,41.7144,88.9213,51.1304,93.3695,-5.3809
-81.4950,-208.3665,61.6489,-17.5608,278.9841,80.8876,9.9505,-179.8390,-167.6783,-137.4111,207.0830,234.4008,48.9499,81.8004,93.8720,-81.3806,75.7862,87.8358,-31.1918
-86.3686,-180.5590,73.1973,24.0438,286.4889,112.5206,126.7240,-176.6092,-83.6868,-90.1312,199.0909,374.0587,129.9922,102.1070,62.2681,-85.5433,100.4282,46.6506,-20.0108
-71.4235,-191.9470,48.4404,14.3357,234.2334,74.3517,164.2496,-216.4309,-89.7577,-85.2061,105.3801,365.4647,107.3451,4.8487,10.6136,56.2252,107.6668,-41.2225,-46.1722
-35.3143,-203.7661,7.8078,-28.5382,81.4529,-8.1072,60.2349,-301.8651,-194.4183,-148.0273,18.4488,265.0283,-7.9836,-6.9876,-9.0067,99.9400,91.4248,-127.6913,-105.9044
-7.0544,-160.9733,-8.7685,-22.2636,-65.5281,-32.2197,-27.4074,-324.1167,-187.1183,-165.9663,11.6025,230.4029,-109.6697,61.4086,-23.7583,13.9446,77.0913,-159.9888,-149.3825
-10.2733,-97.7669,21.0441,27.8143,-102.8345,8.2976,-29.9659,-272.5389,-133.9782,-173.3290,52.5288,310.6694,-126.2333,72.3085,-20.7475,-68.1715,69.5474,-130.1975,-168.5355
-31.2299,-63.5460,60.4065,43.4886,-52.1156,38.3211,-6.1790,-228.3776,-215.3449,-191.9088,86.9365,394.5857,-86.3798,82.8041,-14.1166,-117.4226,53.3446,-82.3521,-164.8002
-33.6766,-41.9390,54.0569,15.8061,7.6184,29.5859,31.4086,-208.1185,-274.3324,-132.9254,108.1571,367.1267,-49.8163,142.4899,-55.6339,-136.1499,36.1724,-69.3678,-127.1229
-24.2981,-24.3872,-3.0858,-2.9814,43.2065,5.7566,85.6288,-180.8514,-167.4682,-61.4975,94.4051,299.9451,-23.6176,140.3062,-78.3738,-78.0931,25.6842,-82.9441,-79.2051
-46.4605,-28.5662,-71.9672,1.6457,73.8568,-8.9210,118.1606,-150.4504,-73.1512,-79.4836,28.0525,312.9897,9.0728,54.7795,-6.7214,-2.0596,13.7791,-64.7093,-44.0621
-88.7942,-34.4838,-100.8589,14.4140,119.5143,17.4620,119.0652,-114.8829,-94.9971,-89.4976,-12.8494,341.7753,36.7237,-6.3475,63.1055,-18.9869,16.7230,14.1060,4.9679
-102.7985,-16.9507,-67.2075,46.0424,176.0019,102.7006,118.1405,-48.2813,-126.0523,-55.6618,40.6872,297.8095,51.9013,10.5881,57.7782,-66.7991,57.3150,133.0549,74.8512
-98.1973,-6.9681,-5.2102,111.3335,238.5708,191.0894,146.3777,21.8297,-124.9508,-84.1233,120.4883,253.3125,77.5926,70.4060,62.9445,-44.7675,117.1719,246.8248,123.4868
-99.5447,-51.6456,61.1741,179.9904,298.1905,204.6076,200.3234,32.7467,-114.7827,-139.0461,148.3228,259.7892,107.6516,76.8953,97.7452,-62.9379,162.2823,306.9842,138.4181
-84.0837,-133.4960,139.1231,204.0718,315.4048,162.2393,213.1113,8.1125,-96.3875,-130.4676,148.9736,257.0180,89.8871,-23.4172,69.0154,-217.5406,172.1697,315.0624,144.8171
-62.8926,-164.4076,173.3951,188.8696,275.1989,144.9081,165.9966,28.9166,-80.2131,-85.7042,152.0672,224.1002,28.6009,-113.9563,-9.1283,-313.8106,137.4149,319.4455,141.1705
-87.5167,-97.7130,111.1597,181.5515,222.0310,150.7239,159.3221,68.1012,-37.7755,-11.2576,148.3097,181.0419,11.5639,-88.7826,-36.9221,-181.3863,83.4414,317.3420,96.8331
-130.9675,-14.0668,53.0440,191.7194,166.9770,115.0056,202.0110,23.1659,26.9076,45.6030,152.9268,135.0952,63.4376,-45.8757,0.9668,-22.6866,55.6285,266.7310,-1.8827
-129.4998,-8.4903,99.4851,187.9909,85.0379,55.8768,158.7804,-75.7817,-0.2693,-43.1541,178.7630,127.7429,94.8835,-73.0525,55.2222,-76.4170,46.2045,203.3338,-112.5969
-118.6314,-61.5909,149.4339,157.1909,31.4058,49.2745,42.8983,-96.9666,-103.0331,-158.4223,193.7265,156.3901,66.2013,-105.1387,72.1032,-213.7101,7.4894,191.7495,-152.1056
-167.6642,-114.7268,90.5506,102.9260,72.1312,83.8525,14.0401,-39.7919,-113.7682,-74.2888,174.1086,130.0239,45.6064,-114.4584,19.9548,-225.2001,-62.9594,203.5817,-101.1299
-249.1259,-150.5818,0.7772,32.5949,151.3445,93.0824,76.6838,-14.6565,-53.9664,49.9644,132.8976,54.0899,56.3580,-130.9942,-42.3486,-192.1642,-115.8553,195.6627,-44.5805
-282.8283,-150.0214,-17.6030,-6.2506,204.7285,96.6691,129.5521,-25.6209,-45.9925,-7.1736,85.0757,39.5250,40.6337,-110.6262,-43.1577,-232.4323,-102.0124,204.1219,-29.9068
-241.1265,-113.9986,6.5657,35.2711,251.9985,161.8577,160.3548,18.6488,-23.5999,-53.1065,34.2977,89.7526,-12.9677,-34.5686,-36.1867,-224.3278,-20.6083,243.2644,9.5983
-174.6502,-99.8705,9.7318,108.8874,280.3138,257.6165,165.3904,126.4578,57.6473,69.7603,-13.1396,124.9473,-61.5085,7.1454,-62.5026,-93.3339,53.7264,257.6504,105.5086
-154.2288,-120.1646,-5.7399,126.6585,255.0338,289.2936,126.6459,205.1612,88.3748,152.9716,-28.1194,125.2934,-86.0626,-32.3728,-34.6782,-12.2544,52.9478,244.2395,166.2388
-171.8360,-115.0276,19.3804,105.0043,220.3117,259.0491,91.2492,184.2808,68.9509,82.7349,27.3065,100.5403,-77.6082,-74.3001,38.1341,-76.5730,24.7637,269.4407,121.7865
-154.1111,-77.0755,120.5242,119.5583,202.2699,252.3176,72.2072,95.6507,63.9545,2.6818,128.3301,81.0506,-32.5955,-36.1237,11.3126,-149.6397,44.0871,337.3659,37.9828
-97.3628,-56.4693,216.7041,159.0644,165.7479,269.6119,50.5726,35.2649,7.1218,-18.5546,179.3344,115.2514,3.9553,33.9704,-80.2675,-157.1925,69.6413,367.3767,12.0268
-71.2308,-61.2409,188.9728,155.3929,127.6880,226.8978,87.6735,36.0839,-106.8686,-30.6986,129.8065,145.5950,-8.1366,10.5924,-63.4681,-166.4386,31.0835,307.9798,31.4496
-94.2012,-71.8314,69.7741,108.2155,95.8964,131.9386,154.8764,30.5279,-147.0122,-74.3070,46.1425,83.6540,-34.2303,-87.7713,11.8314,-172.7096,-29.3045,197.2106,16.8509
-128.9842,-85.7778,7.8475,76.2841,6.5522,85.5452,92.5570,-20.7157,-98.4726,-167.4821,28.3677,20.0042,-31.1977,-101.9426,-32.2250,-138.3268,-24.5569,114.2304,-35.0948
-144.0591,-100.9333,57.6243,90.6503,-100.0860,103.4799,-39.7662,-67.0030,-76.9927,-239.6347,85.8445,69.3720,-18.9063,-32.5826,-152.3209,-125.8003,53.1408,99.9303,-51.8641
-120.9601,-129.6745,132.8110,130.1539,-96.5755,117.5970,-17.2657,-65.1486,-134.1165,-189.3659,128.9962,133.3773,-26.9457,-36.8767,-180.6108,-160.8152,133.7252,123.2330,-11.2304
-100.0524,-195.9059,127.5692,140.3200,-5.8985,120.1783,117.7548,-26.1939,-200.6166,-72.7654,95.9073,85.0070,-33.8723,-99.8778,-102.8271,-167.6793,135.9440,127.1754,43.0113
-158.6037,-268.7861,18.8111,76.1423,72.4552,138.1413,188.1538,23.0437,-156.7582,-8.5197,31.9137,-19.0337,-3.0323,-75.6412,-14.2831,-130.6644,41.5783,100.6044,85.7489
-247.3815,-283.4895,-118.9563,-34.8442,140.0379,148.4021,232.0751,53.7304,-24.2276,5.1329,-14.4902,-64.0599,46.0209,28.0728,31.2778,-98.8305,-79.9280,80.3151,109.9074
-240.0068,-238.4639,-202.6287,-109.5941,186.9807,145.5295,298.3981,60.8383,-0.0768,8.2121,-71.4981,-26.5490,46.6760,108.5701,31.6012,-89.5548,-148.7415,89.2619,100.6085
-177.6239,-186.1999,-223.2714,-108.1044,170.0547,168.4938,277.6639,72.7223,-105.6770,17.6535,-141.9485,23.1400,-16.9140,122.8947,5.5145,-121.7070,-144.6498,113.3489,75.8140
-185.9820,-151.0677,-202.7820,-51.9217,146.0865,204.0395,154.1754,86.2397,-135.4004,73.7020,-172.6799,3.3484,-90.0654,60.0849,-42.6718,-168.2707,-93.6763,142.2099,62.6069
-220.2729,-121.8280,-148.2896,35.7125,147.2438,202.8616,31.4135,72.9697,-82.8854,160.1528,-168.5596,-34.6392,-152.6833,-24.4801,-132.6470,-116.8054,-41.9658,179.4150,35.2802
-180.4037,-97.7242,-78.4511,121.4889,90.9169,173.1294,-60.8621,49.2789,-94.6956,173.6199,-167.2238,31.2195,-226.1382,-29.1415,-237.3438,-3.9700,-16.5893,201.5436,-20.1814
-105.8719,-92.6254,-7.8642,148.0918,-8.9940,143.1828,-114.2936,20.7994,-115.0962,57.7579,-139.8934,132.5668,-268.9116,16.0239,-286.3331,-36.8890,12.7325,171.4027,-55.0400
-47.9397,-97.6744,61.6685,112.7545,-52.0836,104.3838,-104.6750,-54.5394,-98.8757,-125.0137,-71.8440,101.7621,-230.1240,17.5946,-275.0594,-191.3444,66.8666,100.3942,-56.3996
7.5987,-90.2579,88.4226,76.8708,-75.5527,49.8443,-89.6405,-146.9661,-164.4800,-230.3849,-26.1689,-2.7596,-175.4012,10.2310,-251.9246,-215.3797,93.0502,30.2650,-73.8214
27.5223,-88.2365,40.5580,54.4434,-148.6892,-14.5669,-118.6453,-173.3845,-251.1725,-179.3187,-27.3588,-23.9238,-186.4515,27.8910,-221.3022,-104.5428,58.5400,-34.6396,-111.5640
-2.9447,-115.6649,-17.0568,7.4033,-219.4254,-87.7595,-147.7973,-165.8222,-229.1266,-118.2452,-34.2007,-7.2925,-224.8819,3.8733,-180.5160,-71.0832,8.1454,-104.9757,-133.5422
-0.3208,-130.1253,-25.6371,-54.5488,-266.5471,-145.5728,-161.1417,-201.3534,-233.2945,-196.9630,-51.3141,-46.6473,-239.1637,-51.0378,-171.2937,-124.3801,-37.6525,-150.8959,-145.6431
35.6001,-105.0674,-32.3827,-93.2417,-317.5520,-152.5505,-166.2793,-230.0562,-306.9414,-251.6405,-113.0630,-82.4849,-252.4760,-61.2998,-193.8888,-136.5473,-101.0020,-137.4346,-150.5101
-6.4605,-111.1849,-79.0575,-107.8708,-297.5763,-108.6149,-105.5142,-185.7623,-239.0980,-120.9969,-185.3111,-73.5905,-248.8703,-54.6177,-175.8557,-108.4964,-153.9070,-76.4739,-111.6447
-101.5196,-177.8593,-128.6326,-96.2254,-144.7044,-28.2267,29.5254,-125.0801,-87.1902,-8.2169,-201.9279,-86.8251,-164.6032,-70.4728,-89.4235,-69.5744,-148.5123,-3.0663,-40.2529
-117.1963,-222.9461,-146.9274,-52.4787,60.7313,75.2328,150.0531,-101.6164,-94.4040,-61.7109,-167.0812,-136.0198,-35.4503,-61.9953,0.7706,5.1493,-104.6862,59.6984,5.3382
-79.4457,-225.0912,-136.6619,-28.1844,235.5237,158.7177,222.1712,-79.8645,-146.2542,-78.5319,-150.3627,-166.3328,31.9509,-8.0143,37.3788,66.9959,-77.3650,98.2524,20.6294
-105.4307,-254.8178,-119.2540,-65.0279,344.2849,185.6796,266.1463,-47.3222,-61.9874,14.9196,-180.6320,-165.8657,21.6450,62.9624,35.3654,45.9999,-89.5455,106.4529,33.9504
-170.6171,-311.6267,-140.0139,-109.8418,334.9583,176.8300,258.4921,-39.5440,1.6523,16.1736,-204.4231,-152.4973,-2.7672,126.8887,32.6109,-7.5231,-120.1218,90.4819,37.2582
-193.5642,-347.9433,-216.1092,-116.4894,232.7169,159.4696,210.4429,-44.7908,-48.2536,-71.3863,-191.0176,-132.5137,-1.4965,142.3032,44.3293,-8.5496,-126.9424,58.4222,34.2873
-194.2664,-370.5795,-290.4506,-127.1007,154.9077,124.6496,204.0303,-24.8942,-58.7336,-65.0624,-184.4477,-118.4744,39.9285,101.6601,73.6642,29.6581,-109.7139,10.0044,53.5098
-194.7702,-364.7436,-308.6531,-171.1230,129.5248,64.3555,243.3185,-10.9923,-14.9388,-33.8367,-190.1140,-122.8872,105.4443,68.2985,100.6881,22.0862,-122.9287,-50.8299,60.6091
-146.9011,-298.3498,-284.9883,-220.0619,83.9679,-12.8091,227.2125,-65.6901,-23.2578,-133.0566,-154.4243,-149.5673,119.6550,50.6068,80.7704,-71.8823,-183.5117,-105.3799,-6.3038
-67.2930,-248.4330,-265.6404,-265.9467,-16.0738,-94.4621,113.9831,-164.2596,-62.1825,-243.4409,-93.9543,-203.7362,45.0946,-8.5645,20.8081,-173.4325,-253.6334,-146.3171,-114.4917
-67.2618,-302.4038,-288.7139,-313.3674,-161.8863,-163.0210,-16.0895,-215.4730,-108.1252,-202.2254,-74.8587,-273.2768,-40.7033,-95.6244,-18.1197,-196.2247,-323.7022,-191.7029,-183.9971
-181.9479,-395.4662,-356.3059,-328.3767,-313.0538,-208.6275,-80.9555,-199.2971,-181.0347,-108.8241,-94.8799,-323.0750,-75.1605,-157.8840,-43.1009,-195.7051,-392.1841,-229.1954,-203.7252
-317.5606,-427.3001,-420.9939,-295.6780,-368.7709,-222.0853,-89.1839,-173.5262,-198.7926,-110.6673,-128.5654,-325.3347,-95.9204,-191.3665,-105.7982,-223.3103,-420.4028,-198.1708,-197.2501
-398.0653,-403.1442,-446.2950,-254.5482,-278.6650,-168.5736,-82.7837,-150.6598,-127.7821,-142.1224,-174.6391,-276.1009,-119.7905,-194.4236,-156.8266,-177.0334,-408.5947,-93.8936,-164.6196
-435.3005,-376.8443,-447.1803,-229.1631,-131.0529,-42.9532,-66.7441,-98.3160,-112.6571,-91.2425,-195.9770,-210.7043,-114.1590,-168.0170,-136.5167,-45.7379,-400.2533,-1.7955,-115.8205
-443.4478,-396.9157,-434.2956,-210.4494,-20.0139,79.4260,-46.9626,-35.1201,-213.4992,-26.1494,-168.3176,-191.1816,-109.5284,-142.7037,-128.4546,-21.3697,-378.6325,34.7166,-68.2986
-402.3729,-467.6473,-390.8622,-204.4218,58.2621,139.1088,-51.4332,-1.4391,-282.4719,-50.6745,-138.9569,-216.7379,-147.7319,-105.7476,-190.8961,-138.3806,-309.9043,53.8663,-17.2913
-324.4872,-488.4035,-320.9425,-215.6043,114.1214,165.4615,-80.7007,6.3461,-234.3864,-96.2541,-121.1473,-205.6490,-183.5456,-28.4142,-224.3904,-187.6352,-245.3139,58.6413,20.0653
-267.6227,-382.3447,-258.9636,-216.2724,100.0260,184.2290,-129.8563,-6.7375,-187.2411,-73.5593,-82.4887,-130.1882,-196.4052,29.0580,-199.4185,-123.6166,-238.0566,16.6518,-1.1461
-258.3635,-255.5407,-237.4958,-192.6148,-11.7937,158.3159,-216.7324,-50.5264,-241.5680,-53.5513,-56.0712,-67.5718,-238.6511,4.5770,-232.5668,-129.2741,-252.8951,-51.0224,-79.1407
-263.8062,-227.9314,-260.0471,-175.0899,-165.9597,59.5022,-310.3291,-106.2747,-298.3719,-83.6809,-74.1939,-71.4968,-286.9885,-58.0391,-323.6056,-243.5025,-248.2520,-123.6376,-169.3761
-256.9515,-248.7756,-287.1668,-191.2033,-278.6114,-84.0372,-353.8556,-154.5253,-232.9227,-63.7146,-87.6905,-108.5920,-268.4758,-99.7063,-333.2076,-303.7540,-241.5850,-223.9316,-242.2303
-261.8554,-260.2278,-276.3609,-231.5802,-321.8456,-207.3076,-369.8516,-200.4238,-133.7451,12.7583,-80.7356,-136.7341,-217.1096,-118.3259,-246.4255,-238.4041,-256.9178,-309.0894,-276.1536
-300.8723,-308.1655,-231.5012,-262.1971,-319.7089,-247.8605,-386.7348,-229.6048,-153.3409,-5.2815,-78.2179,-148.6351,-187.4142,-125.2606,-184.5849,-156.8511,-271.2033,-284.5678,-263.9696
-328.3526,-373.7618,-169.2649,-242.3613,-296.3810,-205.2037,-367.9066,-227.8235,-235.4988,-131.2767,-40.6350,-153.4408,-146.9855,-126.6515,-198.4634,-156.0695,-228.5211,-174.7431,-241.2968
-280.4806,-369.1912,-90.8562,-168.9135,-268.1404,-141.5561,-334.0108,-225.4079,-246.5659,-201.7047,30.3427,-171.8279,-104.9460,-119.2026,-231.7983,-176.1047,-126.0117,-96.2416,-230.5533
-181.9241,-323.0426,-21.6128,-107.6336,-231.1999,-93.6807,-335.2758,-236.2638,-204.7379,-164.6799,26.7774,-209.3128,-119.8461,-91.8570,-227.8132,-120.7739,-52.9642,-71.9965,-205.6257
-120.9193,-316.7944,3.3225,-110.4239,-143.7569,-44.0854,-300.4697,-229.6676,-172.6039,-128.3159,-63.7855,-226.6989,-144.4033,-59.1223,-189.5081,-50.5191,-59.7649,-35.6662,-166.2332
-125.7245,-321.7053,-6.8060,-131.3061,3.6372,19.5267,-187.9741,-205.9184,-158.9361,-155.7818,-130.0396,-193.6484,-113.5087,-32.8060,-159.5660,-75.6057,-73.1663,31.6102,-144.7008
-156.9485,-299.0410,-20.2927,-115.0980,147.6499,89.1932,-118.1387,-189.5225,-189.8271,-205.9684,-145.1933,-142.3713,-80.9567,11.6404,-149.6869,-135.7946,-42.5154,92.7735,-128.0646
-194.5443,-299.9496,-17.9011,-92.0840,253.1586,155.5692,-118.7358,-162.0741,-236.6127,-218.5028,-149.9486,-112.8200,-65.6390,69.6686,-125.1006,-128.4101,-19.7208,124.4136,-90.0994
-232.0366,-343.8977,1.7000,-97.4151,337.0457,195.8795,-67.0916,-111.4321,-205.2921,-177.3063,-124.9218,-104.5101,7.1002,97.9402,-76.7354,-100.5582,-34.2825,122.2397,-61.9460
-241.7466,-391.3326,-2.6605,-123.0768,363.0600,185.3820,0.1530,-83.4381,-155.0470,-136.4112,-72.0119,-122.5954,100.0129,81.2128,-43.0557,-96.2674,-74.0123,80.7593,-78.3819
-237.0669,-448.8474,-69.4349,-184.3798,284.0316,129.3373,-56.4812,-99.2450,-214.3742,-151.7094,-48.3687,-177.7526,93.7842,18.2109,-56.5625,-66.6264,-150.7016,7.7370,-117.0343
-271.4017,-507.5697,-138.5210,-260.7111,166.2659,50.6667,-152.6371,-110.1004,-269.1226,-175.7326,-51.4846,-219.5116,22.6521,-71.0016,-103.4293,-35.2530,-218.2426,-59.5033,-137.9881
-320.0368,-478.4297,-132.3396,-237.5230,104.3065,-29.1794,-132.3583,-89.4241,-158.6450,-128.5303,-53.5368,-193.2886,0.2066,-108.3292,-117.4201,-47.6413,-187.1317,-88.3205,-133.1417
-309.1698,-355.8595,-102.6541,-107.9836,84.7895,-84.3257,-71.6362,-70.7615,-38.8913,-36.3475,-80.1270,-154.4514,14.6603,-75.1139,-59.2558,-27.3974,-116.3971,-98.3821,-121.9360
-268.8494,-266.2164,-131.9247,-44.0776,53.7879,-91.4181,-87.3372,-52.4170,-108.8796,36.1536,-121.2078,-178.1780,14.4255,-50.2058,-12.3237,49.5862,-141.1490,-116.9106,-109.9269
-277.6624,-256.5610,-176.4740,-90.1641,18.2350,-41.1710,-105.0967,23.7489,-230.7758,95.8249,-120.9545,-204.3829,27.5158,-26.8098,-62.1263,77.3417,-216.8814,-102.8863,-72.3700
-304.2730,-251.0097,-157.0048,-83.4726,12.7986,58.0139,-59.6761,144.0116,-208.2803,139.7113,-93.6639,-138.1373,59.6170,59.4918,-133.4963,55.4143,-206.0372,-17.1287,-16.8789
-284.4107,-213.7133,-84.3440,25.8162,39.8164,172.5077,-50.0017,205.3301,-142.0754,119.0060,-75.8311,-24.2391,49.2973,145.7665,-143.5936,78.9977,-112.3060,79.6193,-3.6998
-244.3188,-148.3360,-0.5505,132.7333,71.4729,268.2793,-132.3524,193.5804,-188.6889,73.4586,-35.3297,42.9076,-14.7428,174.2883,-156.0532,136.4600,-14.1584,126.5054,-38.1279
-205.9224,-37.1028,75.7865,219.8299,87.5359,344.3125,-198.1217,211.0584,-248.7108,111.1912,22.9150,77.7991,-76.8693,208.3244,-197.6711,192.7180,58.4473,163.2419,-53.3492
-142.8404,70.2097,108.2327,298.8180,83.2256,397.1660,-171.1516,269.4748,-168.4094,222.1895,10.8687,122.3210,-119.8147,227.1801,-183.9524,259.4461,71.2208,205.1879,-40.8007
-99.8879,73.9856,68.7299,285.2819,42.3304,398.3380,-124.3956,273.8956,-14.8399,297.7968,-75.7793,126.1949,-167.1432,159.0099,-122.5850,276.8919,4.2147,177.3104,-41.6844
-142.8923,-8.6694,6.2400,182.4180,-30.3414,354.7145,-116.0300,232.6685,79.5817,283.3925,-122.0636,48.9909,-197.4005,106.5577,-94.6841,229.7547,-78.5396,73.5893,-39.1695
-208.5658,-68.6780,-15.7833,118.6049,-78.4917,304.7397,-111.9822,233.8764,120.9661,166.2279,-85.4119,-25.3335,-169.3589,151.0856,-82.6159,244.1177,-125.6302,-20.4089,-23.3104
-212.6633,-65.1808,-25.9226,104.5462,-103.4090,238.1493,-126.3374,254.4503,129.2996,-44.9851,-50.7690,-4.3135,-120.6873,163.0881,-62.5413,305.7862,-168.7684,-102.6246,-52.4038
-200.5732,-40.8795,-78.2189,57.8121,-191.6853,134.6730,-209.1903,225.8646,76.6043,-246.2894,-64.3429,65.1652,-120.7931,83.8814,-82.4233,252.6837,-218.8752,-222.8910,-128.0943
-222.6608,-49.5994,-118.2250,11.6088,-316.1465,44.1947,-284.9877,177.2969,36.1916,-331.1834,-68.0662,81.6996,-136.9534,17.2741,-117.7680,149.5399,-232.3386,-316.7796,-172.5834
-226.8349,-86.8614,-66.9851,29.2015,-329.9183,6.7952,-249.2978,144.8663,70.0918,-343.3466,-30.9575,46.9557,-90.0051,-13.7577,-101.5815,163.1102,-208.4343,-302.5444,-169.2745
-180.6005,-57.6259,5.6938,63.4231,-236.3905,-11.9712,-165.8212,103.7029,28.0336,-368.1200,-7.5752,24.8037,-13.0777,-16.6605,-79.4722,197.9628,-195.0249,-237.7557,-155.6418
-128.3890,76.1495,-10.3208,69.0823,-166.8292,-10.4808,-142.7638,66.7373,-172.8850,-396.6834,-19.5862,28.2451,11.2803,75.5983,-106.8828,147.3975,-196.9622,-192.9091,-124.9048
-96.9557,171.3246,-48.7433,77.9560,-110.9440,69.7864,-148.7177,72.3620,-298.6893,-413.2755,-9.2485,52.9749,11.4727,201.9358,-131.8763,137.6065,-160.9810,-138.4265,-68.7311
-66.9158,131.6193,17.8573,110.9798,16.9984,193.2223,-108.7295,82.3224,-182.3151,-438.8777,37.6871,117.0354,59.0212,210.8950,-113.0563,192.5091,-53.1619,-75.9334,-19.8853
-15.8802,87.4293,144.4000,146.8373,165.5198,243.8516,-25.3933,34.7314,-10.0111,-467.5787,53.5137,189.6704,128.5915,149.3619,-74.6137,170.6225,83.2805,-74.8848,3.2022
47.2441,124.3419,205.8053,146.3674,238.4206,207.2163,46.7636,-61.4457,23.4593,-499.8077,13.9338,209.0328,156.4603,156.0999,-29.6258,104.9867,165.5218,-135.1297,1.9665
61.0520,109.6914,195.3277,70.4020,231.0861,155.6537,48.5106,-156.0175,-18.7197,-542.1824,-28.2905,190.5729,139.0040,211.6140,17.1683,92.4101,157.3306,-201.1490,-18.8217
-19.6520,-36.7035,168.8573,-62.1236,181.2576,96.3778,-4.4772,-208.1714,3.9408,-541.4176,-50.8328,178.2640,99.5402,233.5662,51.0277,58.8119,90.1364,-265.3403,-24.7322
-135.5256,-208.4945,128.6999,-174.1567,132.9682,6.9116,-13.5025,-203.8888,108.9591,-485.1656,-78.0426,142.2873,50.4132,194.5584,65.8003,5.7009,15.6871,-324.3277,3.2017
-212.7953,-313.9211,59.2411,-228.0886,102.0300,-73.3370,17.4398,-176.0181,162.5966,-455.6689,-106.4599,57.6894,8.3744,97.7873,43.2191,57.2493,-35.8818,-355.2547,10.5907
-271.4672,-348.3117,-27.1712,-245.5079,30.5864,-129.4691,-36.4284,-174.4359,52.7171,-443.9171,-117.9257,-22.0815,-13.3288,12.3660,-13.4956,122.8324,-71.0400,-389.0833,-41.7790
-325.0269,-316.9903,-101.0334,-241.0403,-86.8700,-212.2150,-151.9911,-198.0971,-70.3739,-370.3848,-119.5937,-60.2949,-14.9455,4.0625,-37.0084,34.9023,-100.6463,-452.6684,-92.8051
-318.4529,-255.1380,-125.1315,-209.5779,-136.3149,-303.1680,-168.7490,-194.7772,-13.9501,-309.5930,-112.3543,-82.7061,-4.6429,-3.0843,-17.1440,-82.2612,-97.8006,-480.2815,-71.2812
-259.2024,-221.7491,-94.3974,-149.3518,-95.5205,-315.5179,-95.7331,-130.8139,52.8773,-342.8610,-92.1572,-103.0570,-7.9174,-84.9210,-44.7737,-51.2049,-54.3203,-432.7887,3.6043
-232.5895,-225.2228,-63.7599,-84.8208,-86.4433,-268.2001,-68.5715,-43.2540,-71.2934,-344.2738,-85.9874,-109.9670,-47.9747,-167.8450,-117.7110,32.0327,-36.9516,-389.3382,70.5202
-255.9984,-237.0002,-75.9393,-80.7794,-134.5202,-267.0767,-77.8990,-4.8686,-153.1957,-253.5913,-100.3730,-107.6221,-105.1053,-198.1920,-121.6422,21.3242,-73.9447,-413.2460,114.9917
-269.8946,-232.6564,-95.8973,-163.6309,-153.2195,-315.4045,-41.0445,-27.3089,7.5246,-226.5539,-84.2734,-109.2752,-143.2162,-220.3258,-57.7831,-60.8746,-78.0709,-462.6797,162.4021
-235.2104,-206.0961,-70.4794,-242.1673,-140.9234,-316.6642,9.1092,-50.6083,147.1508,-280.9205,-31.6365,-119.5637,-158.3790,-225.5005,-37.5387,-143.7513,-0.6708,-470.2588,203.8385
-151.5468,-199.3878,-10.4652,-214.7284,-145.8587,-232.4760,9.4277,-46.5779,95.2249,-243.6156,-24.0981,-127.5837,-162.9238,-176.6751,-78.9501,-186.3341,86.2571,-406.8785,190.8804
-54.2812,-235.4229,33.6029,-105.4232,-148.2024,-113.5103,-26.5217,-44.6126,80.7901,-122.7827,-87.7122,-117.0637,-163.0052,-120.1687,-118.6176,-174.4739,135.3242,-298.9850,124.4061
-0.8126,-234.7220,48.0557,-13.0542,-128.8444,-25.1817,-70.2977,-55.7846,179.9314,-79.7140,-131.3798,-108.5371,-164.5582,-102.7906,-131.4344,-151.4680,163.2072,-225.0930,74.1158
9.2615,-157.7256,59.9670,-9.3949,-111.1869,-7.8392,-106.1535,-73.4640,190.9476,-119.7702,-95.2179,-135.7797,-156.8685,-112.1673,-111.8270,-150.7371,145.2142,-234.4173,79.8222
30.0119,-106.6662,75.6628,-105.8119,-94.0616,-58.4044,-94.7051,-109.4516,99.6662,-155.7491,-30.8896,-167.1268,-111.6866,-134.6504,-56.9771,-148.4004,58.9203,-289.3554,108.8665
55.2639,-120.6905,78.2328,-221.9524,-56.9371,-125.8161,-11.4196,-147.6919,52.0394,-176.3033,10.0581,-154.0112,-28.8160,-142.9731,-8.3770,-151.4832,-24.4506,-319.7396,122.0851
36.9594,-103.1365,80.8018,-232.1302,3.6545,-150.8548,96.9704,-143.5026,53.9420,-173.5045,44.5156,-122.2224,58.0264,-109.9896,-2.6398,-178.4279,-28.0753,-275.6804,117.9323
3.5988,-55.5235,98.3444,-125.9979,79.6967,-121.9035,158.2261,-108.4215,68.5133,-129.1212,80.8503,-105.6307,118.3643,-91.1453,-5.1380,-180.9926,28.1253,-166.1114,114.1389
11.8819,-77.7843,88.6990,-36.0411,132.9358,-94.3903,159.3368,-95.5630,88.8189,-86.7254,82.1927,-93.2424,129.6415,-145.1982,28.1072,-151.1921,63.1284,-90.5242,110.2628
25.1064,-128.9063,18.0432,-49.3280,106.0255,-123.8119,125.1058,-110.0345,35.7008,-80.3061,41.4565,-107.7394,81.2317,-213.5836,67.6366,-163.4972,17.5921,-114.6947,70.5590
-18.1810,-95.4248,-61.5438,-94.6388,-3.8884,-162.3582,45.4013,-118.2098,-82.0187,-84.2488,7.0737,-172.2500,-2.7690,-219.4617,56.5918,-206.9103,-74.0866,-139.3956,-15.4198
-72.1510,-10.0023,-83.1853,-69.5505,-137.1564,-104.7082,-69.6687,-97.0533,-89.1490,-66.8571,0.9303,-202.6184,-87.3479,-168.5762,12.0038,-183.3018,-110.9203,-64.1192,-80.4490
-57.9319,42.3330,-56.2027,8.7668,-239.2886,41.9559,-134.5751,-35.6940,16.4702,14.7949,-14.3702,-117.0990,-163.3143,-74.1030,1.6415,-90.1690,-86.6394,35.8923,-87.8437
-11.4074,81.8357,-37.8535,58.0923,-303.6536,158.1586,-133.1788,40.1307,11.2833,171.7810,-53.9185,13.3055,-224.4363,59.5375,23.5961,-14.6308,-101.7348,65.7390,-117.1799
-9.8377,140.0313,-59.2550,69.8950,-360.1888,186.4379,-170.5740,60.4866,-115.9872,286.7032,-79.0259,75.2528,-251.1907,170.3818,12.0068,4.7252,-156.8601,57.7415,-209.1399
-16.9869,174.4670,-93.2362,82.9493,-409.4943,173.5410,-246.9413,5.7795,-127.2478,255.4042,-79.9956,73.3737,-242.5016,207.4179,-36.3113,1.2466,-145.9326,57.9411,-258.1487
30.8782,161.8016,-86.6877,89.8609,-391.2851,167.2579,-226.4496,-41.8241,0.1110,175.1983,-90.8092,84.7205,-212.7900,214.6304,-61.0855,24.6368,-71.9831,66.3247,-196.1211
74.2631,144.0009,-30.3398,92.9434,-288.8857,173.6579,-115.5796,-11.2587,34.4428,174.9964,-101.1438,133.9334,-159.6960,232.3882,-50.6881,74.7490,-29.2488,94.0338,-114.2399
49.6072,144.2837,31.1525,136.4851,-188.6620,168.5660,-65.8200,55.5964,-68.3249,208.9322,-67.0931,164.0271,-81.3061,211.7808,-46.0814,95.8705,-22.8886,127.8351,-93.4737
28.5760,127.0785,50.0078,183.9690,-147.9604,115.6986,-92.4803,78.2737,-106.7187,201.2034,-10.2869,118.3030,-2.6715,117.2408,-65.8504,86.8611,-20.5916,120.3367,-89.7113
62.0427,70.6853,-6.5668,144.1601,-133.4573,19.3786,-82.6553,60.3081,-7.4923,191.1689,3.5435,24.9312,47.1340,2.8796,-89.2335,106.8730,-57.7911,70.3921,-52.5517
66.2428,17.7736,-125.7221,55.8161,-135.1060,-78.3115,-12.7888,64.2539,95.6260,219.8438,-31.9279,-50.5382,60.8010,-81.2554,-77.0877,127.6926,-132.3125,3.2128,-8.8846
4.4766,6.0525,-206.6594,25.8189,-172.6918,-168.7509,43.8780,90.0148,102.1234,254.0408,-65.6646,-95.2439,45.7307,-149.0671,-23.7380,81.6820,-156.7120,-69.3528,-5.8491
-28.0521,3.4454,-166.1670,41.7725,-204.2227,-256.8075,27.1059,70.9987,4.6777,252.5632,-63.8522,-118.7688,14.0521,-206.6819,1.5096,22.2359,-98.6975,-101.9519,-55.1600
18.5812,-25.8430,-67.9321,50.8862,-184.0101,-299.9202,-57.7790,-1.3501,-149.7235,198.2310,-36.9665,-116.9991,-19.7458,-229.3456,-47.6127,4.3279,-16.6518,-71.5362,-117.4095
76.7362,-56.8332,-16.5015,69.3513,-147.3924,-266.0151,-130.2847,-57.1178,-217.6491,105.5540,-23.8328,-107.4230,-52.5923,-211.5860,-98.0561,-39.5825,43.1380,-52.6838,-135.8604
82.7663,-59.2662,-20.6613,81.5470,-142.2299,-186.8311,-133.2707,-72.2368,-120.0358,27.3133,-52.6463,-91.5123,-102.7391,-151.9974,-82.5238,-116.1303,64.3768,-82.4217,-123.0943
45.1487,-41.1641,-63.8704,41.9631,-164.0640,-95.5607,-122.6990,-93.6734,-37.9986,-8.6181,-102.3064,-30.7989,-177.0702,-45.3615,-56.2016,-128.9763,39.6990,-84.1022,-148.3006
13.2872,-15.9981,-139.1665,2.2910,-184.8467,-0.4252,-151.0212,-130.9311,-137.6857,-32.4098,-125.9213,44.1671,-231.8169,56.8314,-79.6040,-104.6946,17.2024,-29.8454,-209.0034
23.7790,2.4774,-170.6925,33.8986,-177.1073,73.9698,-181.4616,-154.2076,-275.2753,-68.7473,-106.1848,55.2899,-221.1539,92.3264,-130.2866,-145.2987,72.5921,16.8284,-243.9042
62.7819,-5.1705,-97.8743,94.5322,-137.4556,98.5980,-207.7511,-190.2703,-285.2228,-117.0169,-61.2436,39.0241,-179.5124,91.8588,-183.2452,-200.1086,179.3920,28.2038,-270.6183
105.4821,-28.2491,2.1086,107.4795,-100.3338,67.8796,-270.6550,-282.0663,-242.6133,-176.3601,-13.6188,65.5131,-164.5401,103.2497,-225.6777,-177.1685,216.8455,2.4791,-336.3780
154.0015,-38.0338,38.1196,57.6946,-82.8895,-11.8214,-333.6589,-384.4304,-228.6755,-217.0149,28.2023,67.4868,-143.9391,93.2950,-214.8766,-129.8383,139.4627,-74.7352,-385.0703
178.8118,-41.3396,20.5118,-32.7610,-64.6609,-117.9200,-329.1691,-427.3136,-218.1809,-197.7377,57.1705,-21.9516,-66.6031,37.8470,-148.9361,-118.9347,26.1042,-160.3770,-353.1922
132.2580,-61.0981,-41.7307,-127.7749,-48.2829,-212.0183,-269.9831,-417.0783,-223.8921,-142.8396,44.6301,-127.7661,12.4731,-29.6848,-98.9933,-94.0383,-53.7092,-201.2723,-281.1285
56.9347,-93.8351,-168.3596,-202.5760,-55.4053,-271.6085,-198.3825,-367.2184,-226.3736,-98.0449,-27.0219,-191.2101,17.0179,-98.6030,-99.4476,-30.1013,-111.9529,-226.9035,-199.7915
24.8150,-125.4082,-294.4732,-265.8179,-74.0492,-291.0049,-136.8827,-246.5260,-150.2775,-45.3942,-106.2547,-246.8044,-31.5374,-163.2324,-109.4827,12.6616,-172.1109,-251.9403,-95.4447
5.7126,-145.7336,-314.0329,-307.6557,-88.7599,-275.7430,-113.6985,-98.5483,-73.7880,25.5621,-126.5417,-284.9007,-83.3742,-197.3213,-98.0657,7.5838,-217.3551,-229.5975,-33.4403
-44.1841,-152.4700,-235.3308,-295.2088,-114.9180,-262.0081,-131.3407,-53.2044,-111.2085,64.3443,-105.0676,-259.9090,-130.6500,-233.0927,-72.3667,-2.2253,-218.0715,-178.5361,-80.3051
-88.1622,-167.7100,-166.3495,-246.7610,-159.7213,-272.2878,-154.0116,-121.5647,-136.9368,73.1241,-98.0550,-207.5844,-170.1214,-293.3858,-36.9976,12.2346,-177.5725,-155.1581,-148.5519
-125.3565,-203.3368,-177.1409,-209.6037,-209.1837,-259.4315,-167.8967,-156.3827,-18.6030,125.5928,-122.1936,-197.1393,-213.8183,-286.3482,7.9431,35.9679,-155.1222,-128.3787,-139.3730
-212.4273,-221.8172,-245.6546,-197.4944,-249.1487,-187.0571,-176.2732,-90.2693,110.6939,216.6988,-183.8135,-231.9120,-293.2779,-193.7811,44.7011,62.1933,-203.8140,-68.8409,-97.7448
-306.4919,-205.4764,-301.5907,-212.1452,-258.3599,-109.6731,-159.1584,-24.0464,108.7514,259.4889,-264.2517,-263.2917,-371.5621,-166.1842,49.3559,105.3214,-269.2469,-30.4493,-80.1918
-290.3773,-201.5183,-291.7929,-228.7271,-229.3156,-75.8481,-107.3480,-27.5975,28.1714,242.8983,-277.0708,-252.0614,-369.4984,-223.9947,23.7917,143.6374,-248.1809,-23.5329,-69.5235
-166.0479,-216.8746,-219.6240,-177.1663,-196.5936,-42.1584,-48.4858,-34.9313,-36.8227,237.2494,-189.6885,-207.8371,-298.3015,-194.5340,3.2740,131.1821,-146.0413,7.9499,-60.4203
-59.7083,-177.2590,-130.5336,-56.7971,-178.9813,26.7273,-19.2053,18.5535,-28.4014,259.2643,-97.6416,-163.7419,-220.0374,-63.6807,16.9947,94.9609,-51.5529,60.2546,-55.5692
-49.5791,-69.9164,-65.4924,30.8942,-142.4344,72.8276,-40.3116,93.8033,45.6203,252.9820,-48.5747,-120.3865,-134.2976,4.1422,47.8142,105.1690,-4.8084,91.2738,-45.7495
-91.1358,-1.8729,-35.9926,39.9740,-77.5618,44.3539,-86.2100,125.3429,51.1684,191.7201,20.6382,-78.9573,-28.8246,-12.4418,59.8111,141.7482,-5.3974,100.1092,-57.6048
-113.6581,-43.9021,-38.6452,18.9195,-29.5271,-10.0132,-92.5197,117.9946,-61.7232,128.8941,97.3951,-74.0767,66.5685,-17.0050,57.6209,135.7708,-46.7420,84.0598,-85.9291
-121.4769,-118.7805,-65.2458,-0.4576,-16.9857,-32.0742,-45.7635,112.1496,-110.5365,125.7837,100.1926,-90.7294,133.4215,-10.6058,73.1692,101.8957,-73.0711,38.0041,-71.7238
-136.3238,-104.2563,-84.7782,-5.7784,-16.9189,-53.8565,-15.7682,86.9400,-24.2556,143.0735,71.7932,-68.9904,156.3969,-17.6529,83.2321,84.5250,-35.8694,11.8016,-67.7358
-102.6101,12.2991,-63.3851,27.6849,-28.4639,-103.6421,-65.9427,-7.0769,-13.7115,85.2427,103.9831,-28.6623,104.1345,1.7856,10.9081,72.6584,19.8062,48.2152,-170.3538
23.4238,134.0115,-19.8056,89.1365,-56.0199,-106.4284,-174.6341,-109.8694,-168.3014,-20.1174,153.9261,-24.2531,7.8480,40.9154,-134.3204,67.9568,45.1927,122.4101,-262.7160
164.7036,189.7921,6.8963,145.2901,-61.8546,-6.5421,-246.7501,-91.7974,-295.5355,-36.0875,152.0415,-28.2426,-57.4678,50.2600,-218.2467,86.9954,63.0985,206.7004,-187.0517
236.9627,202.8879,33.5647,185.3792,-19.6205,115.2103,-217.2985,34.6590,-271.9575,52.0185,143.6395,-13.1864,-93.3300,48.1505,-177.3836,81.7406,85.6104,285.0324,-50.8951
255.9650,201.4162,82.9756,191.7312,37.4415,170.4320,-152.0833,123.5657,-168.7377,117.0709,169.4628,-10.9183,-136.4097,70.1603,-113.7337,33.4429,96.8846,310.8606,0.4825
244.5125,154.0093,115.7172,151.8270,79.0547,184.0743,-143.9964,135.7315,-58.3289,114.5878,177.3296,-12.5832,-159.2533,88.2328,-102.2167,35.8360,107.1721,272.3034,43.5298
196.1267,60.9720,117.6400,103.6261,118.3170,204.0038,-141.2299,161.1337,14.3227,112.3923,145.0285,6.6257,-141.2365,73.4310,-95.2435,114.2796,113.7521,241.9392,137.3736
149.2442,1.2407,143.9806,84.1306,155.7581,233.5682,-69.2962,216.0835,-10.1225,133.4425,129.8209,-2.7807,-123.1627,50.4053,-76.1804,144.1276,97.5614,277.2620,190.7363
137.1922,5.4161,193.1581,87.8991,167.1351,281.5013,-2.1506,241.5379,-95.8955,153.9381,151.2422,-63.9254,-113.8187,50.0289,-77.4099,87.8400,89.5311,348.1740,201.1003
125.8346,0.9836,194.7484,99.4933,165.3272,344.6224,25.4028,257.4471,-104.8130,172.2857,158.7475,-109.9419,-70.7124,63.0024,-55.5308,71.5884,111.1713,390.0637,266.4438
98.9456,-47.1009,156.6374,96.1161,186.8348,369.5396,131.8557,314.0856,5.7003,179.5002,132.9998,-109.7891,5.3025,59.4097,24.6576,133.9882,112.9881,366.5320,362.0627
77.8361,-81.0763,144.2818,71.4827,215.6913,322.7069,295.9804,364.3688,101.1712,173.3324,110.4088,-98.5337,60.5236,34.8569,74.8190,159.0916,70.5475,295.0725,380.9019
39.5686,-86.1070,132.8831,61.0766,203.3650,226.6935,307.2162,339.7068,51.7669,184.5315,96.5888,-96.7374,62.2373,-1.7531,28.7107,102.3057,5.5991,221.3914,307.8519
-38.4582,-122.6002,55.4248,42.9585,150.3113,98.4827,158.6312,254.0629,-87.8978,196.2797,51.7732,-116.5717,28.2213,-68.3541,-44.3266,46.9795,-85.4635,146.4229,201.4421
-106.1640,-185.8674,-52.7517,-54.2213,92.1524,-49.0033,69.8893,147.7957,-155.1539,168.2824,-25.1319,-154.1704,-11.3107,-153.2794,-68.0091,39.8662,-170.2473,50.4674,97.4656
-125.1722,-195.0230,-108.0122,-154.9581,23.6514,-158.6350,71.0875,47.8459,-95.0464,158.1291,-85.3450,-157.1402,-70.6890,-175.5529,-56.0052,51.3919,-177.4894,-13.5494,-9.6712
-130.0201,-146.3747,-116.3979,-125.1410,-84.8936,-179.3623,-1.2032,0.1898,-6.7215,214.9760,-107.6775,-117.6078,-181.2616,-122.4731,-54.6302,58.5976,-151.4001,0.3296,-110.0616
-149.3253,-132.2446,-132.4486,-61.0903,-197.8477,-142.8403,-131.1087,14.6045,21.5170,241.3631,-113.1974,-110.2547,-287.5136,-108.7050,-69.7326,51.6876,-180.4126,14.6690,-132.3203
-158.2308,-192.8996,-137.7560,-121.6477,-223.4696,-122.0116,-147.8150,17.9563,26.1593,169.5217,-110.6167,-153.7474,-281.0199,-178.8779,-51.7467,20.9379,-195.0911,-24.8305,-44.0941
-126.1678,-262.5583,-82.4858,-202.4148,-138.2507,-123.9785,-42.5372,-23.8460,76.5104,91.9118,-84.2136,-181.6336,-169.9422,-225.6054,18.5958,-6.3304,-108.4189,-20.7657,50.6020
-70.2835,-269.4092,-1.0361,-151.7782,-27.6181,-78.9526,49.0659,-32.1115,139.2351,77.2700,-31.9079,-163.9075,-79.0624,-177.0766,55.9669,14.1896,-7.8001,79.5763,64.5138
-43.5662,-215.4360,46.0476,-51.7482,26.9228,39.3013,74.3137,36.0448,125.8643,77.9270,14.2514,-120.6161,-73.9143,-81.0162,6.8436,61.2731,27.3627,160.8857,54.5713
-46.2789,-151.5383,83.5411,-3.5216,21.1877,139.4078,58.3466,86.0301,35.7227,43.4282,18.9566,-71.1420,-116.6520,-15.4424,-37.9893,43.6644,58.1127,146.3167,54.0660
-11.0864,-108.3549,130.6001,33.7645,-23.0266,126.3635,-0.3469,23.1653,-72.0340,-40.8696,-6.2933,-38.0306,-162.8329,-43.9686,-21.6492,-84.9766,108.8697,101.6407,-1.1771
60.6110,-65.9509,116.7309,71.3770,-81.9310,34.4302,-76.3586,-106.0575,-180.8031,-137.1368,-17.9911,-20.9236,-187.5392,-143.7798,-18.5494,-229.4995,129.7977,82.9502,-84.4295
76.0988,-1.5708,36.4399,77.3678,-107.2455,-34.6916,-88.1678,-177.2222,-246.5484,-145.7964,-8.0006,5.1319,-163.3584,-166.6224,-49.8694,-248.3549,136.4514,83.6129,-83.2062
23.8580,50.1248,7.2881,86.1090,-71.5941,-52.5424,-16.2173,-141.3956,-178.4512,-57.4499,4.2145,19.0974,-85.0529,-69.2783,-59.9703,-152.0158,164.5221,96.8633,-4.1901
-9.5303,33.2860,60.0521,103.5610,-6.8014,-70.1328,72.0708,-70.7919,-32.3480,18.4899,20.6191,-12.2782,14.2214,-42.5277,-73.5140,-75.1856,184.6261,99.3460,60.0532
-2.1007,-37.7157,91.8004,79.6565,49.6146,-119.3826,133.9841,-49.4810,21.2254,63.7820,29.7963,-52.5641,85.6926,-167.3871,-120.4818,-54.3106,183.0108,67.1722,88.2014
8.9060,-89.6761,66.1188,47.4059,89.1212,-166.3558,171.1440,-61.3139,-0.3431,123.5424,-3.0316,-68.0484,101.0595,-224.6447,-121.3791,-29.7498,182.1630,33.7150,103.8687
23.9782,-99.4566,33.9056,55.1304,115.8581,-175.4604,186.8697,-46.9471,56.6571,134.1590,-54.0129,-84.2859,88.4767,-96.6327,-36.3971,-20.5605,166.1124,17.6484,116.7277
38.7585,-109.0116,4.0067,29.2905,143.1820,-177.3974,205.2907,-21.9983,161.7364,81.5705,-67.0528,-97.8646,102.7055,9.2528,44.5533,-56.2069,114.3475,-27.6496,133.1928
36.3039,-122.4893,-28.1300,-76.6085,160.9921,-207.2283,229.8563,-35.0040,174.9055,81.6014,-65.1547,-77.1069,130.7756,-44.4926,41.0145,-52.5087,51.2507,-101.4849,128.0549
44.6155,-105.9803,-36.9335,-164.7722,121.3521,-221.2460,190.5716,-61.3720,109.5941,110.0413,-95.2308,-44.8305,102.7295,-93.8869,-28.9966,19.3801,-2.6776,-136.3764,79.4597
56.6433,-100.8592,-36.1165,-175.8298,39.0682,-174.7582,83.9638,-45.1365,63.3115,52.9122,-124.7742,-24.0463,27.1838,-8.5937,-77.2768,42.9876,-42.9483,-124.8567,61.5277
8.9355,-168.8440,-60.8557,-175.9124,7.2071,-110.8417,42.5608,9.3702,72.9578,-2.3187,-118.8128,12.8693,-3.4950,85.3728,-37.1290,-13.2036,-57.3747,-111.6212,135.6796
-48.8328,-217.4071,-97.4156,-189.2781,28.2887,-75.5696,96.7035,63.5107,126.4747,38.6519,-106.9602,57.9068,19.5641,60.0281,17.4688,-38.6848,-57.8204,-96.5682,202.8354
10.4558,-101.9642,-120.8289,-156.9610,3.1752,-51.3346,92.3153,103.7552,141.9753,62.2345,-105.2435,62.4293,-0.7100,-2.9208,-31.8440,0.8413,-74.8790,-67.8901,160.5293
150.3956,108.3545,-126.0187,-81.0488,-78.7587,-37.4783,-28.8735,125.0071,31.0710,30.4331,-98.5205,37.3534,-82.6896,11.2508,-132.1637,46.0882,-102.1454,-49.1950,68.3235
233.6282,221.5228,-110.7518,-32.6147,-143.4967,-71.0635,-148.9523,99.1656,-124.3664,33.2618,-91.6309,39.5615,-125.5564,52.5007,-170.8582,79.1944,-117.3873,-49.2207,-8.6654
252.6104,219.1554,-104.8779,-30.9401,-174.7271,-145.4818,-205.0954,10.2895,-185.5206,16.9630,-86.7983,86.0086,-89.0806,29.2027,-177.9396,90.6077,-133.6867,-49.3262,-101.7916
254.9627,199.6789,-145.0362,-45.3536,-176.6537,-212.0004,-227.1906,-87.2893,-197.2581,-65.9188,-78.0224,142.4904,-43.5527,-17.8169,-178.6300,49.0324,-169.1454,-45.9478,-179.9581
212.2436,156.6351,-192.9169,-74.8600,-129.3968,-245.5347,-215.5842,-115.6243,-238.6132,-91.4572,-78.5190,157.3723,-26.0532,-22.9553,-117.3835,-19.7839,-205.2200,-46.7065,-157.7192
132.4957,62.3733,-195.1177,-127.6812,-74.8178,-253.1273,-183.5321,-97.3084,-232.8675,-69.0953,-72.6556,112.4736,-9.8801,-36.2681,-68.6162,-58.9549,-216.2066,-47.7137,-91.5645
88.6169,-6.7091,-177.2445,-176.3959,-71.2615,-246.9799,-181.1397,-121.7473,-158.0502,-127.8825,-25.3505,59.2540,4.1573,-100.4885,-143.6438,-53.3369,-215.1865,-38.8344,-98.8164
77.7914,-12.1907,-175.9291,-201.0771,-88.1823,-225.0807,-195.8470,-173.4027,-147.6355,-168.6192,17.7614,50.9381,-3.2760,-149.3056,-222.7474,-17.0793,-237.9946,-21.8124,-147.3043
50.3129,-18.6515,-178.8171,-212.7327,-100.9635,-178.0898,-185.8334,-163.0291,-210.1729,-80.1190,-2.0758,60.5913,-27.3283,-146.3082,-171.6742,4.3731,-274.1132,-22.4048,-154.8484
22.0076,-40.7371,-168.6548,-207.1397,-144.9399,-117.2652,-165.5378,-108.6662,-180.2684,-13.8517,-27.0326,37.0173,-65.2141,-141.2081,-103.8724,-30.8641,-261.1153,-53.6501,-138.0802
11.8152,-31.3834,-130.1480,-174.2181,-189.2662,-58.4158,-139.0145,-81.2971,-32.4006,-22.6418,-8.7726,-9.5434,-99.0989,-140.1631,-121.3882,-72.9466,-185.9929,-76.3199,-109.1322
-6.9999,-1.0298,-62.6084,-140.4412,-168.7016,-2.3586,-75.4829,-57.5839,73.5475,45.3627,-25.5523,-35.9164,-81.2880,-108.2238,-134.0131,-72.8664,-117.8254,-66.6028,-41.0496
-26.0119,15.0024,-19.9409,-130.9850,-126.3290,15.2167,5.7814,-20.5214,80.7645,142.0049,-105.2623,-30.9209,-28.0656,-76.9873,-94.5301,-97.0694,-104.4179,-73.1262,14.0862
-15.7193,15.7781,-30.8716,-141.7962,-124.7079,-54.8230,56.2757,-39.0328,85.3698,117.7046,-146.1989,-19.6424,-20.0644,-98.7334,-68.3870,-160.2621,-131.7734,-123.4597,-5.5020
-2.8021,-13.6554,-38.0808,-176.1025,-128.8431,-165.2672,63.0290,-107.1478,114.2168,74.2017,-116.2228,-22.5966,-48.3719,-159.6728,-63.4503,-149.0089,-176.2924,-171.0003,-47.2029
-14.0110,-74.2599,-21.0933,-220.1265,-111.4198,-229.9523,24.1729,-130.3742,116.4270,116.6374,-94.9689,-27.5155,-26.8940,-208.3586,-44.3920,-62.5311,-198.6395,-186.3934,-63.9159
-20.6108,-95.4310,-28.5259,-217.7964,-103.5345,-264.7309,-39.8961,-125.6392,136.6911,130.7168,-104.9759,-18.9919,33.9962,-201.4155,-21.7908,-28.9487,-154.4808,-182.4305,-100.9058
-6.4228,-45.6740,-40.4563,-169.1866,-97.1879,-313.5277,-66.6657,-192.3315,233.2883,71.5374,-105.2358,-10.9180,51.1361,-144.7104,-13.8355,-53.0956,-77.8383,-165.9729,-170.8276
9.1689,-10.4874,-3.7384,-152.7550,-64.1582,-350.9008,-47.7333,-319.3366,294.8275,18.7450,-90.5312,-8.7371,27.0450,-110.4266,-26.0143,-66.8532,-35.2013,-164.5726,-228.1081
26.4200,-48.3342,31.4106,-176.9882,-30.7988,-371.9832,-48.1628,-420.6559,210.4936,-44.2428,-67.6696,10.1385,28.9267,-125.4537,-45.4713,-104.8658,-2.6180,-207.8026,-258.8616
47.7610,-94.9748,4.9366,-168.9832,-22.3257,-399.2127,-73.3805,-461.7424,101.6127,-127.9364,-33.6393,42.2111,66.3035,-116.5463,-16.6937,-173.3981,58.5108,-247.5541,-258.3014
40.2800,-85.1973,-30.2026,-132.2323,-21.5478,-385.0329,-71.9571,-437.6072,120.4863,-146.8307,-4.2271,59.0469,94.1042,-67.8064,69.4002,-180.4941,91.5805,-233.6978,-214.8862
-4.8668,-52.1854,-11.3867,-133.7535,-18.2205,-294.9797,-63.8169,-359.9167,191.3359,-131.1649,29.9293,62.2922,99.0719,-54.3938,121.1601,-126.1443,59.3980,-212.7999,-164.8452
-31.5773,-56.0707,39.2423,-169.2221,-12.4767,-196.8237,-97.1580,-291.2019,175.9520,-185.1364,98.3910,56.8248,115.2696,-62.6771,99.0182,-100.5262,24.8577,-227.8443,-140.2663
9.4557,-82.7562,79.9589,-195.1630,3.0271,-147.4833,-133.1550,-274.9382,106.4354,-235.4568,153.3104,20.0031,146.9546,-24.8537,84.5119,-112.9641,26.5512,-255.0920,-114.5272
102.5880,-63.2923,100.4093,-213.9979,14.6618,-146.9802,-114.5528,-279.9340,88.6327,-177.2880,127.6923,-40.9106,141.7265,-0.7773,119.2914,-134.1537,33.8256,-293.1540,-80.1369
202.7372,13.9817,104.9749,-234.9305,1.6711,-202.8038,-69.6169,-281.9891,127.8718,-122.2256,77.4636,-83.0883,99.7856,-65.9951,146.9523,-180.7889,34.9429,-343.3080,-59.0370
280.4253,82.9733,104.7541,-244.8217,-11.6854,-279.3161,-43.6283,-299.9170,151.4275,-193.3300,93.3429,-92.9859,113.1829,-144.1106,143.7040,-238.2083,35.9275,-343.0300,-37.8294
322.6317,119.3816,112.1173,-234.7036,20.9143,-295.1794,-11.1468,-322.3640,121.5245,-284.9287,145.5706,-80.9039,205.7865,-154.1360,147.8986,-255.1516,28.1288,-268.1732,-16.3514
328.1330,163.7366,127.3029,-192.5067,96.5741,-265.1055,56.8269,-311.1557,64.9315,-269.2778,163.4745,-61.9228,274.6070,-141.7655,162.9322,-239.2193,23.9600,-192.0874,-27.5843
310.9106,198.7941,133.7417,-127.9837,150.8730,-278.3673,107.2619,-282.6935,6.7866,-226.0047,153.5681,-79.6814,266.0530,-164.5257,153.2528,-239.0878,35.5502,-171.0999,-52.8648
285.9295,172.4981,118.6411,-103.0878,130.3800,-341.3896,74.4788,-289.2380,-59.6947,-262.6635,147.8329,-145.6281,239.4539,-219.3584,124.9514,-265.4600,40.3712,-187.9989,-56.0561
254.3517,138.0689,113.1268,-124.9600,73.3308,-383.0414,-9.2965,-320.7954,-117.3254,-304.6863,153.0238,-176.8063,229.8871,-272.8874,115.8486,-285.1660,46.8170,-186.2015,-52.7921
217.0168,174.8235,158.9840,-94.8889,67.3865,-344.4754,-59.8311,-306.6522,-124.7972,-255.5735,170.9321,-118.3982,213.0103,-273.3159,115.3373,-266.0665,88.7169,-105.4322,-33.2979
188.0033,225.7067,225.5088,1.1733,121.7931,-216.7251,-54.7020,-221.2720,-77.9244,-183.5471,194.8335,-45.2850,188.0819,-216.9719,91.5710,-224.8812,125.5241,27.9501,43.4242
178.2367,196.8275,264.0023,20.7445,173.5719,-61.7927,-19.6816,-114.6924,3.3679,-172.9764,220.7577,-33.3801,182.9997,-167.4326,76.8245,-207.8645,97.1201,102.4997,147.3733
178.0232,116.2441,297.7183,-84.0963,200.3685,60.3893,32.9876,-22.4490,90.5619,-168.0396,254.2653,-50.6298,201.0570,-121.2009,105.5878,-205.1069,42.1237,98.7129,231.3519
169.0717,68.1061,322.2389,-166.5298,203.5207,174.1866,82.1095,73.4778,129.8257,-98.8592,255.7301,-38.3745,197.9248,-19.1238,122.7937,-157.3923,21.2551,92.4323,302.4720
144.3380,83.1885,257.8362,-139.8851,141.1204,273.8068,89.7312,167.3642,120.4147,-2.2853,180.4974,16.0178,125.9817,81.6141,79.4864,-58.7226,18.1329,70.6150,325.8320
111.8994,132.5808,130.2442,-88.9522,14.1996,266.7919,52.4352,196.4104,137.2721,49.7800,97.1516,87.9306,28.7953,91.3709,23.1542,29.9339,14.3490,-13.5990,240.5213
90.1187,153.9862,82.5266,-66.1207,-74.2632,156.9699,-3.1557,121.8991,181.5430,32.1178,96.5392,125.2495,3.0864,73.5770,7.6432,53.7702,39.0523,-92.7134,99.8339
96.2109,139.5389,138.5941,-11.6530,-62.3020,58.5880,-58.7073,-10.1089,175.4705,-20.3280,129.4773,110.9517,32.4344,111.1368,32.2192,13.3771,99.6587,-106.1270,-3.3842
129.7679,184.6485,191.0391,94.7298,-13.9174,-2.5843,-90.8809,-111.2302,123.4444,-51.0704,125.4475,110.1920,31.9984,155.0961,76.3378,-20.1766,166.3369,-88.2313,-66.4339
167.5290,313.9741,187.0944,181.0897,13.2706,-63.2743,-71.9024,-133.3760,91.8694,-59.9051,128.4320,147.5508,37.1742,156.1488,103.7705,24.9343,209.4892,-52.9079,-92.1980
179.0525,382.4511,134.1614,186.6465,49.5160,-103.1740,-7.2449,-103.9800,112.0931,-75.1815,154.1515,140.4402,117.3796,134.9131,105.4572,98.6841,205.4161,-16.0541,-51.9644
156.7785,324.3766,52.7497,134.0698,113.3752,-122.5023,66.5249,-74.4355,174.3629,-67.7985,134.8005,83.5674,200.6918,100.5275,125.9034,87.0884,164.5800,-37.3352,8.1311
126.9710,279.3123,14.0150,114.2916,155.6804,-146.5146,101.7265,-48.8727,168.9749,-30.5406,86.7383,96.8310,197.4000,74.8900,138.8173,10.1118,147.8560,-58.6151,13.9810
115.7366,320.0569,59.4075,190.5300,141.3925,-131.3202,62.8785,-5.9877,-9.8483,-37.2402,88.9280,171.9884,140.8032,96.1051,67.1148,-2.4431,193.6794,31.7553,-8.3376
114.3693,345.1437,119.9870,300.4979,96.3821,-68.0472,-10.2333,34.4243,-192.8421,-91.1277,118.4243,160.1063,85.8115,126.9264,-15.3043,64.1773,263.8560,122.3855,0.2954
91.7720,318.5574,132.8240,330.9322,47.1640,-34.2430,-21.0513,44.8461,-160.1449,-96.1135,109.2277,79.2991,44.2164,128.1554,-6.9727,95.4485,283.7870,48.4729,22.6289
24.5375,305.0171,97.9756,277.5624,-15.3144,-7.1407,41.8302,70.0489,-52.1251,-21.0587,61.4593,82.0367,24.6626,155.1573,0.9289,67.5070,207.5521,-70.0378,25.2863
-76.6744,285.5669,8.6321,218.7617,-88.7904,112.2565,92.8764,176.3199,-40.6478,93.4519,-13.1181,130.5002,5.8940,223.1303,-25.1692,83.4211,84.3935,-53.5319,40.9817
-139.7120,222.9919,-89.7964,189.0694,-131.4268,269.4918,109.2268,322.9946,27.6673,196.8366,-88.7771,94.5577,-37.8760,257.1495,63.5417,154.2408,54.5149,19.7355,116.3955
-81.7986,202.3377,-73.4272,186.6245,-105.4172,332.7898,149.9163,391.0676,210.4370,204.4132,-79.4455,58.1635,-47.7472,251.7008,203.0059,166.8860,175.0604,30.3926,218.4045
59.0517,281.4286,71.1280,213.3494,-15.9582,310.0238,219.4139,356.2905,328.8281,117.1152,43.2407,142.4663,46.1705,262.6300,164.9312,127.1601,313.3686,34.2732,263.9100
142.3265,363.1108,208.3431,251.7104,102.5164,279.1733,264.5410,315.9339,394.9261,85.9998,179.3326,236.6759,206.1646,285.3028,65.7203,156.3355,348.9644,86.1247,244.4565
128.7549,358.6721,263.4230,293.4640,210.1204,248.0657,273.5461,317.0180,451.7182,139.8269,241.1927,231.3809,341.9817,301.3550,141.7416,207.0855,341.7170,141.4123,222.9772
119.3773,307.0555,273.1283,353.9725,277.7833,192.9240,270.4776,299.5064,306.6999,123.3709,236.4320,221.7354,400.6469,302.0954,243.0918,139.4232,362.1216,170.4767,208.1033
156.1187,268.3339,268.5181,395.5634,305.3788,114.1377,268.2181,238.8430,36.3493,28.0714,205.0629,255.4391,380.6682,237.5861,195.6689,40.4854,361.8770,174.4407,169.0065
168.8212,243.0717,265.8148,369.5227,308.3660,29.4870,267.6132,188.3824,14.7331,-15.9170,183.5836,237.1914,324.7476,123.5059,157.0960,53.1329,333.3843,155.0194,136.8133
140.7341,214.3943,290.1488,342.4432,290.0328,-37.4023,250.6501,166.0267,170.7697,-29.6892,187.6185,189.3861,268.8717,68.6115,172.0683,61.7426,364.5751,149.8447,147.0773
141.8850,189.0064,338.6796,388.8419,265.5388,-70.7097,207.9219,141.6132,163.6562,-79.6003,193.5523,230.9695,209.0590,62.1490,72.2497,-39.9088,453.3202,191.6910,173.2981
195.7794,198.0327,389.5051,425.1701,274.6385,-55.3599,195.3128,120.3118,96.0650,-92.7947,185.0121,300.5901,152.8015,-4.2023,-45.7518,-98.5500,484.7673,238.5920,214.1717
249.8708,253.4273,421.3383,354.7404,305.7834,18.5235,261.2643,139.2103,177.9337,-23.7942,164.9676,250.3780,109.5036,-79.6910,18.7240,-36.4456,418.0417,234.5557,297.3781
253.2049,293.0267,402.3618,244.3864,278.4451,116.3144,329.8756,214.6757,269.8148,76.1985,111.4853,128.3808,45.3054,-46.1866,108.1806,5.5688,321.7397,194.2298,372.4439
202.1678,241.4464,340.0742,188.6011,177.6313,196.5992,298.1616,310.7513,288.6862,180.9046,32.1355,76.6591,-34.2568,27.2692,31.7919,-1.2314,255.1307,167.5922,363.8837
153.1616,134.6510,305.0766,166.9656,93.8770,265.0199,194.3519,332.6260,317.9842,241.8508,2.8202,85.6864,-71.0107,18.8726,-60.0497,34.9758,228.8288,161.0468,279.2564
169.2596,84.0909,326.6030,147.4456,60.4032,304.6336,94.9620,229.0948,280.9296,186.6034,40.5425,80.8963,-88.1342,-23.3618,-41.7521,72.0215,224.7193,148.9531,154.1559
214.8020,127.9044,346.6279,165.6314,15.3015,272.3466,-1.8537,95.1663,148.1771,70.4477,64.6010,96.7389,-130.7137,5.2936,-35.0907,50.7732,208.6560,148.0393,9.3315
197.4622,210.9637,317.1318,231.8571,-32.9388,206.0707,-95.3529,32.9438,71.9403,-3.2925,42.9633,172.9750,-124.6010,90.2387,-84.2057,35.4651,174.1021,186.2891,-103.9485
136.0243,272.2495,253.8151,276.4973,-15.8908,148.1151,-137.0645,-9.0163,10.4355,-51.6186,16.7765,225.0132,-29.9753,125.5465,-95.6272,35.5209,142.2246,202.5061,-152.5217
132.6013,283.1079,191.0648,234.5603,19.9156,39.7273,-146.8374,-95.1453,-158.4043,-117.1344,-8.1003,179.6994,41.0138,51.3353,-88.7258,-4.0162,88.8381,130.1472,-180.8666
172.9420,253.9951,134.9784,131.0939,-20.3594,-117.6639,-187.8614,-161.0847,-269.2963,-165.0765,-52.6811,105.7134,28.3568,-45.5133,-129.7367,-31.5705,-29.8072,40.6882,-226.5320
143.1115,227.4710,55.0724,44.7424,-98.9017,-213.4563,-223.8716,-155.6833,-207.1228,-150.6489,-113.9245,78.8248,-11.0946,-40.7743,-153.5875,7.1435,-168.1781,13.8077,-264.6292
43.0449,213.1905,-62.1525,12.2057,-136.4645,-248.3673,-201.6683,-135.4002,-168.7251,-82.7335,-189.9618,62.1100,-66.1453,8.8149,-108.0669,32.0351,-232.4200,-2.6848,-281.7982
-9.8379,172.7349,-155.4222,22.1968,-151.2086,-299.5054,-190.0381,-142.7422,-232.9488,-48.3605,-263.5168,23.4539,-133.3875,-35.8193,-85.7792,-22.7050,-209.4894,-27.2814,-302.3769
14.3996,116.0425,-158.1453,64.7823,-165.9557,-311.8648,-242.7357,-156.7065,-244.0156,-115.4444,-288.1094,11.7214,-149.8516,-119.6841,-142.1837,-96.0328,-154.6868,14.0105,-329.3235
30.2217,112.4794,-109.8235,107.7114,-164.5315,-232.1273,-282.1058,-155.5379,-192.4070,-167.0024,-275.9807,41.5103,-144.2604,-104.7151,-179.2230,-98.7351,-113.8351,73.3241,-330.8960
5.8727,162.7014,-106.8576,87.8617,-178.2693,-153.6737,-261.4930,-126.5312,-203.2256,-76.1438,-294.8333,51.1253,-209.4019,-39.9537,-138.6402,-20.2314,-119.2534,25.7846,-286.1339
-9.7813,179.7541,-171.7436,-3.4225,-222.0318,-122.6583,-235.3668,-74.7485,-260.5045,23.8543,-335.7163,4.4667,-290.2815,-37.6268,-119.0053,54.2796,-178.6486,-78.1967,-218.0749
-12.2147,127.8441,-244.3318,-104.3402,-226.1116,-75.8358,-209.3483,-35.5806,-251.4999,3.7922,-330.4035,-63.6809,-284.1125,-58.3782,-184.0312,57.3523,-245.0663,-107.6358,-167.7814
-28.7814,75.6998,-268.8627,-158.2199,-176.4202,-7.3078,-141.3324,-10.9632,-149.0601,2.7680,-287.4222,-83.2033,-243.9940,-27.2105,-247.2547,57.8011,-258.8735,-62.4401,-132.3329
-23.3059,96.7413,-241.7010,-128.9465,-142.8594,52.6493,-64.8816,40.3488,-52.8992,89.4859,-258.0969,-14.4976,-246.7648,27.1576,-243.4858,109.4306,-199.9509,8.2877,-73.9993
35.9987,178.1736,-184.6177,-18.4289,-119.7839,103.2665,-28.9268,112.1700,-67.9480,114.7354,-220.0452,75.4579,-246.5589,51.2838,-212.4445,97.6283,-88.8024,79.1796,2.5092
94.6171,239.7263,-106.7316,85.0447,-59.5830,102.7628,-6.8271,154.0457,-122.1589,74.4488,-138.6868,85.0025,-194.2299,42.8959,-168.3134,-23.1465,15.8542,96.5010,54.1030
117.3705,235.7164,-20.8210,105.7266,2.8897,36.5522,36.6790,154.3796,-58.0841,83.1676,-75.5748,48.0902,-111.3575,28.7242,-90.7818,-84.1976,64.8278,61.3269,78.0259
142.8639,210.9014,35.8514,91.4710,43.9449,-15.8405,103.0381,127.8146,69.9005,58.5681,-98.4960,62.8902,-20.6378,23.3725,-21.5095,-27.8628,86.0634,47.9128,104.7340
160.5264,210.5140,44.7382,91.3299,97.4320,-52.6640,173.6640,69.8211,62.8709,-80.0780,-145.4829,91.8919,64.1518,8.1911,-5.1664,-25.8782,113.9412,43.7204,126.2620
115.4751,203.6624,33.4547,71.9636,133.5925,-143.6258,191.5825,-9.2370,-81.2390,-177.2390,-110.5068,52.6588,127.1675,-18.8520,-18.8279,-120.9876,109.0767,8.4947,113.4697
48.7191,173.4829,31.1732,52.9827,116.3830,-211.8356,140.1134,-59.3258,-168.9040,-131.7021,-18.0059,-5.2274,176.7562,-14.2294,-30.0001,-152.9163,68.2892,27.4039,87.1738
35.2455,166.4492,40.6718,89.4451,113.0956,-165.5236,117.5878,-53.1531,-99.0070,-65.3580,20.0800,-13.6050,216.3896,16.5690,-3.8758,-93.5062,66.2235,125.8306,90.7865
39.0888,172.0575,44.1793,98.7458,143.2720,-123.4698,164.2067,-49.1280,33.3783,-79.7552,-20.5299,-13.6488,217.2093,9.8902,96.3894,-79.7416,80.8152,137.4836,98.1871
-6.6873,101.7477,2.1465,-36.6156,108.9848,-183.1800,158.3394,-128.4324,98.1747,-144.1888,-76.3458,-54.9932,164.8158,-27.0329,203.5630,-139.4121,-3.5956,-18.7255,36.4603
-94.4912,-62.5287,-98.4877,-260.7527,-5.3388,-228.4578,57.3553,-262.5323,108.1250,-200.3648,-119.8420,-131.7121,81.0832,-50.3557,199.2977,-175.7905,-168.2417,-210.0777,-88.7070
-204.8887,-241.9030,-196.0566,-443.6624,-108.2291,-184.5896,-6.3500,-339.9935,141.2701,-224.2872,-164.5776,-225.9650,-3.3366,-92.7079,119.4800,-164.7820,-280.6645,-334.1478,-190.3936
-317.8231,-367.5030,-235.7015,-545.1534,-170.3461,-134.5492,15.2270,-326.3103,140.6108,-238.2301,-203.7323,-295.8647,-58.9216,-156.5145,81.8320,-169.6941,-310.7702,-408.3167,-225.5326
-361.4596,-402.0853,-242.9561,-569.5185,-201.9697,-110.7576,29.7174,-261.7086,29.4569,-255.5254,-223.2380,-290.0282,-74.3403,-153.0979,65.2828,-208.1016,-308.9993,-443.6078,-208.2770
-306.1327,-337.4363,-248.0361,-527.3204,-191.6198,-80.4550,17.1719,-157.8073,-81.2352,-233.9281,-229.0015,-218.1924,-83.8905,-82.8357,-1.0527,-233.6637,-277.8796,-448.5679,-141.7440
-232.3193,-235.6766,-242.1289,-461.8387,-187.8380,-81.5886,16.2611,-54.1104,-95.3492,-184.2546,-235.2371,-135.2115,-132.0073,-50.6845,-67.1207,-234.4022,-214.4710,-464.1872,-62.4951
-200.0815,-171.4640,-232.2848,-399.1162,-236.6622,-150.2672,2.9230,-41.0395,-97.2238,-196.5450,-247.7769,-94.4218,-199.7206,-78.2499,-67.2415,-243.4344,-154.7956,-486.5786,-56.9179
-188.7685,-146.2420,-223.5398,-337.2443,-253.0883,-236.8456,-17.3096,-105.6060,-99.1232,-267.2672,-242.9603,-127.1067,-208.0062,-121.2803,-27.7490,-245.8454,-123.3542,-469.7425,-122.3936
-198.4293,-144.2017,-188.5754,-306.0149,-176.5367,-303.3336,12.4211,-149.3541,-19.3559,-297.7068,-188.0589,-186.8996,-122.7486,-173.0027,13.7399,-197.0909,-124.0237,-420.3731,-152.4962
-245.7833,-175.0077,-145.4970,-321.7902,-116.8843,-370.1685,49.9870,-171.4402,46.0819,-270.9608,-118.7659,-195.0788,-28.1940,-206.1194,40.5525,-139.1432,-144.9863,-390.4969,-120.0291
-280.6037,-205.2245,-159.5686,-334.3022,-158.2077,-442.4133,14.0618,-214.4159,-9.6177,-236.3738,-110.4210,-182.0256,-31.2199,-192.2264,33.4982,-145.5944,-149.0316,-390.7980,-98.8577
-247.1928,-186.2893,-218.6522,-309.1009,-218.3802,-485.9814,-44.5585,-242.2858,-44.6663,-198.2131,-142.3375,-215.7384,-113.5838,-189.1067,16.4751,-173.4569,-123.9525,-369.1245,-107.0502
-182.2407,-158.0961,-241.5975,-266.7559,-220.4826,-463.1780,-49.1865,-249.4765,31.1379,-148.4615,-124.6992,-248.0783,-172.8074,-219.3556,28.0446,-145.0653,-95.8300,-280.1258,-109.4793
-161.7737,-189.5376,-210.6973,-218.3544,-191.4442,-355.1125,-40.4168,-284.6736,80.7936,-102.6448,-57.3025,-232.0910,-172.2962,-191.6519,39.7064,-106.6600,-63.1450,-148.5428,-115.3680
-198.5527,-257.2620,-173.7493,-164.1909,-147.3545,-173.0784,-46.1174,-294.4840,99.5684,-54.6490,-11.2179,-220.9653,-143.7085,-80.0263,30.7363,-114.2839,-20.3764,-17.3993,-121.9419
-239.7900,-279.8952,-149.9861,-110.6624,-64.6743,50.9049,2.9106,-178.7533,246.4585,43.1817,6.5523,-201.2207,-98.5434,31.5431,58.3022,-75.0490,-7.7070,131.7344,-65.9065
-244.1333,-209.1432,-121.7951,-33.3482,39.4551,285.1136,118.0573,34.3901,445.8353,229.0162,37.6341,-82.3085,-35.3032,122.9295,135.1329,95.1667,-29.5197,318.3952,54.5126
-227.3272,-54.2772,-79.6744,85.8076,122.3064,487.4933,198.5815,237.9101,455.0772,427.4879,84.6201,104.5354,22.4836,238.5628,182.7512,287.3745,-23.5539,480.0869,131.2504
-209.4242,124.4186,-24.2506,208.2689,173.0874,601.3587,184.1607,362.3604,283.3291,486.5086,128.8895,254.3407,52.6866,368.9475,174.3956,372.0241,31.5465,552.6251,103.3808
-166.7486,266.1320,46.5557,316.3008,189.2756,607.0938,118.5728,397.4310,146.4728,424.8838,170.6222,353.6611,58.2003,473.7418,159.1238,406.8732,96.5618,568.5895,41.6345
-96.8026,373.5941,118.4565,433.4946,167.7010,555.9475,65.6257,404.7172,123.3025,431.0928,211.9808,421.9059,63.3671,521.3309,150.3228,479.3987,140.5076,598.6512,20.7811
-49.5572,473.5105,153.0078,523.0147,156.2749,512.3434,63.0564,446.5580,144.8901,525.8533,253.0540,455.9781,106.5700,495.4128,143.2205,527.8233,141.9291,653.3790,25.0782
-37.0260,547.7075,135.0821,533.2190,205.1835,486.4419,107.4075,490.9024,165.8039,571.3412,298.7159,485.9301,188.9203,465.3561,163.2379,517.0226,91.9556,685.5957,12.8817
-26.3779,574.5209,95.2673,518.2431,243.9418,456.6994,116.3077,509.9436,119.6106,587.7211,332.8975,524.6601,232.3893,533.2318,186.9202,562.1041,17.3668,661.0623,-32.8128
-29.1338,577.1563,48.1348,533.0967,157.9281,414.4303,3.4526,543.8416,-95.0589,635.5975,318.4688,538.4975,166.9346,642.7147,145.5960,683.9451,-55.0644,599.6029,-114.2800
-52.8278,584.3468,-17.1486,525.2253,-5.2912,347.2361,-157.4658,557.1478,-370.2586,589.0047,258.2579,539.1717,47.9801,634.3119,61.8674,715.1636,-92.4801,535.0328,-181.3858
-27.3366,606.4682,-54.7341,483.2560,-86.8838,249.3339,-182.3497,475.7286,-394.6177,428.7198,216.0413,546.0261,-0.8937,507.4772,38.8580,607.5810,-37.3898,480.0322,-149.5240
65.3915,642.9408,-7.6094,495.3183,-54.9217,186.2861,-41.2210,388.6500,-113.8091,391.7319,225.6476,512.3951,44.9954,421.5798,107.9487,528.1107,72.3406,466.5441,-39.8317
113.7402,664.3275,55.8349,558.7979,-6.2028,252.4180,96.9458,434.3358,155.3957,549.5768,228.6371,446.7449,93.9480,457.0219,200.5856,556.3644,94.5741,527.3757,40.1296
57.7309,638.6635,26.6282,568.0441,13.6939,438.2776,133.9429,581.6495,223.8997,694.0637,176.2409,436.9473,87.4260,538.3756,243.6314,596.0300,23.3753,610.5489,102.4128
-21.6712,586.5290,-60.0707,522.8302,34.1232,644.0580,157.8029,739.9866,227.0220,739.7885,125.5355,475.3155,66.6602,570.6425,226.5357,601.3504,9.8057,649.1174,245.4485
-65.0487,545.5341,-94.1953,528.5635,82.5555,812.5001,239.3259,889.4447,270.6018,789.5587,144.5322,486.5062,80.9216,555.1266,202.6087,617.8918,83.2011,686.7090,418.6735
-95.7892,525.0922,-58.9264,618.5448,165.2765,945.4922,320.3396,999.8503,298.5919,859.1880,202.8338,492.3857,123.9731,559.5303,211.7216,643.6280,133.0134,771.7188,480.4704
-109.3284,541.0385,-10.6302,729.1652,244.5491,1034.4906,350.4665,1040.1663,273.4766,894.8780,235.8233,537.9055,168.9911,606.7604,216.7342,643.7012,135.4610,832.8074,437.1324
-79.2756,594.9952,7.8087,785.5421,260.8700,1064.5157,354.3773,1047.9042,214.8428,914.7626,234.6388,580.8417,201.6695,649.2090,191.0245,627.4868,142.6873,814.2073,390.7220
-36.9466,618.8300,-2.3222,753.8549,239.0959,1041.5677,340.3890,1038.4374,173.9512,922.0162,232.6738,584.9254,228.3384,656.7744,189.0926,618.4930,158.5085,770.9552,362.2524
-11.7321,567.2682,15.1175,672.4913,261.2608,972.5475,291.4144,968.6229,213.9966,862.9011,262.3707,565.8868,265.7900,649.3693,232.3742,624.7861,180.3617,728.1186,334.8375
22.8178,500.2210,86.9710,602.4875,312.4783,858.8944,238.2256,849.0302,286.3553,755.2168,305.8730,526.2329,292.8704,637.1689,260.3954,644.6837,208.0405,638.9807,319.4620
59.0999,460.0839,121.4717,539.5063,303.3748,717.2734,220.4186,742.5142,282.8986,679.6454,289.7049,471.5892,261.1385,601.7034,254.5256,650.7178,186.9098,515.7946,293.3050
37.3625,407.5125,45.0465,458.5735,224.2176,577.5550,210.9393,662.4694,237.7147,634.6502,205.0569,425.5779,185.6179,524.3889,242.8225,614.5130,91.0115,417.7042,220.1768
-35.2888,345.6912,-58.0665,369.3413,139.6605,457.2476,172.2547,570.2380,215.8210,552.8206,149.0862,374.9659,121.0379,409.0066,210.3922,557.8583,-19.3684,333.3478,128.4063
-85.7321,319.1852,-100.7029,254.1214,78.2471,351.2430,128.1337,442.8198,156.3517,436.5182,150.6599,301.4430,56.7003,308.8903,166.9841,516.6864,-108.3459,222.4858,59.3908
-103.5518,292.4228,-134.1142,106.0645,19.2440,265.1344,111.3326,324.4433,60.7721,347.2520,117.5001,239.2516,-28.3274,284.7971,174.2337,483.7316,-196.4873,119.5294,8.5447
-135.9315,219.9079,-214.2890,17.6266,-48.7001,239.8786,112.0166,295.2868,31.1151,301.9106,22.1792,210.2662,-81.3048,299.1233,204.1531,451.1961,-271.4855,87.5993,-18.3121
-182.8175,155.2464,-298.8515,33.8710,-99.1055,293.0597,114.6839,346.4363,38.8675,284.0204,-63.4562,180.7277,-79.4383,264.0088,177.8135,457.8897,-297.5585,121.1169,7.8003
-214.6644,143.7635,-333.9757,50.5501,-108.3589,368.0362,105.0023,378.6267,-0.7868,289.7520,-116.0591,135.6788,-85.0419,201.4961,141.1534,519.8788,-280.1442,163.7954,63.8464
-234.7930,147.6136,-312.8616,25.9200,-107.0457,404.1145,52.1922,367.7947,-40.0901,293.5570,-151.5875,111.2857,-116.5277,196.6728,170.1517,564.2172,-244.1712,181.5939,90.8971
-244.5949,145.8869,-256.5896,45.9303,-122.9450,403.8749,-24.1818,369.1054,-29.2903,263.3321,-150.6083,131.5339,-121.3912,229.6342,210.2908,516.3123,-195.1235,179.0522,90.0365
-227.7755,155.1034,-190.4243,112.8270,-107.1324,394.2669,-36.8747,371.0043,6.7442,224.9926,-111.3644,170.9014,-81.4468,230.3746,197.6794,410.5424,-121.2092,186.8490,104.9627
-185.5185,169.9420,-97.5612,169.4049,-20.7082,395.8123,32.5387,334.2290,66.2389,211.4472,-50.1630,196.2876,-12.4626,228.0488,162.6960,327.4330,-13.1438,244.2860,126.6979
-114.0818,189.7825,56.4150,247.5610,81.6812,418.8846,92.5939,287.8123,107.3153,198.0906,43.3909,219.0607,72.6214,286.5086,128.6416,280.2890,103.1046,336.2945,116.7837
-16.5464,214.1974,214.8566,336.7966,152.4349,427.3534,96.8725,246.8181,50.6229,163.5860,131.9611,265.1861,140.8405,369.2605,100.5586,251.6406,179.6888,379.6041,93.8345
33.9268,201.6696,276.5278,341.1804,213.0762,378.2593,95.8443,183.9477,-50.0462,119.9376,148.5165,305.8705,179.7652,378.8572,118.1178,251.2533,206.8465,350.7951,87.0436
4.4366,158.7597,258.8788,297.2456,262.3047,313.6966,108.4634,124.9154,-100.6255,65.4101,146.1247,291.4959,221.6472,285.2596,164.7875,260.9581,204.2964,336.2370,57.1031
35.6560,180.0339,257.0716,320.2765,263.7819,294.8420,89.4243,107.4917,-125.2443,0.2334,215.7567,234.2972,254.0824,176.3092,157.4220,234.3646,180.7032,368.1770,-23.5703
234.1102,289.3309,284.2584,374.4701,224.4290,291.9486,27.3651,99.6816,-132.0391,-49.9268,300.3120,175.7951,234.3172,171.4720,99.7719,186.0096,160.5119,367.1953,-99.1586
455.5722,401.0257,297.7882,387.4507,178.6985,265.3172,-31.5605,76.5996,-113.7907,-65.0375,317.5312,130.0336,200.4705,259.4929,67.6803,164.1852,177.6241,312.9882,-133.8084
535.3972,476.0680,296.8412,404.0473,142.7379,252.3586,-52.9867,66.4180,-194.0067,-39.6540,315.0310,116.5515,200.4147,293.1348,55.5033,163.4851,206.3334,277.2550,-162.5834
518.0536,523.9420,285.7473,441.3683,118.2059,279.3135,-60.6978,83.7222,-394.6204,2.3009,322.7510,146.6722,184.5061,211.3914,13.1979,160.8319,191.9960,268.8345,-179.2815
475.4823,499.5085,243.7291,433.5953,86.8343,308.7056,-94.0779,126.9236,-468.6625,20.9449,277.5429,166.4295,124.3717,135.3969,-30.3904,154.9661,142.4292,234.9598,-121.9073
389.8009,381.5664,186.9992,361.2805,38.8291,314.1303,-125.8893,193.3759,-309.3611,49.0274,192.9513,134.0794,93.5034,157.5842,-23.3940,121.6956,105.7575,180.1647,-6.6601
306.7176,257.0697,165.5797,265.9839,13.8648,307.6960,-113.9997,232.9417,-168.3278,109.5944,168.6726,102.1533,122.4196,203.1416,4.1344,45.6833,109.7191,147.3551,58.7947
305.0697,207.3550,189.5768,216.7446,29.5102,298.0959,-127.7588,184.7461,-229.9613,59.9620,215.0701,112.3307,142.0548,184.6264,-9.6951,-10.5571,161.9409,144.8831,18.1800
336.9796,216.9593,225.7030,268.6666,31.7957,266.0664,-238.4351,70.1494,-344.2522,-155.7561,250.8063,113.0822,112.8634,127.2087,-61.8163,10.3237,228.7833,146.0821,-68.8260
336.0889,234.1019,247.5057,338.3296,-0.5985,172.8274,-337.8139,-39.3354,-323.0588,-274.5833,237.3388,65.1710,66.6243,79.5629,-108.3644,50.2057,234.2848,113.1707,-118.0248
343.2598,224.0934,250.5149,281.3940,-25.2950,17.7372,-317.5313,-112.0917,-232.2305,-161.8378,202.1064,8.6283,29.4264,33.6881,-142.2026,6.2785,160.4725,43.1613,-117.9354
371.4433,166.5028,238.5935,131.9957,-40.5067,-130.2241,-282.5450,-164.1982,-257.9048,-97.9451,168.6974,-22.0877,-4.1656,-35.6268,-178.0677,-124.9899,75.9677,-18.9322,-102.9919
353.2202,67.8190,213.5937,9.6475,-74.8149,-220.2912,-326.6226,-217.1150,-379.8655,-222.3774,127.7897,-49.0557,-44.5915,-129.1136,-205.0957,-237.6969,18.4561,-62.6895,-82.8797
290.0757,-28.1317,175.5291,-89.4916,-111.5312,-275.0450,-357.0064,-264.6745,-385.4225,-277.2323,76.5656,-101.7193,-93.7839,-222.4430,-224.1344,-247.2109,-38.1647,-125.3714,-68.1346
257.2314,-82.0667,130.0547,-172.2646,-136.8174,-309.9710,-337.7032,-286.6971,-245.0184,-155.2116,42.0951,-179.2214,-146.7129,-284.9819,-259.0082,-190.2846,-95.1506,-199.2208,-95.3476
263.1571,-117.7849,79.9788,-195.1702,-172.0724,-312.0638,-362.3230,-300.3847,-160.2949,-57.2504,20.4089,-263.3438,-202.5888,-314.4729,-284.7667,-158.7032,-136.4448,-254.8018,-151.1833
247.0387,-188.6745,16.7462,-227.0891,-219.4698,-308.2011,-418.9508,-342.5579,-185.7261,-75.1938,-36.1890,-337.1485,-262.3388,-337.0387,-264.5428,-187.2341,-183.4102,-313.3677,-180.1108
192.3635,-270.2143,-45.0862,-324.8880,-271.4626,-330.7975,-430.6049,-401.2497,-192.3569,-150.7537,-107.9398,-379.9426,-310.7615,-361.8413,-247.1950,-266.6001,-228.6401,-374.9931,-199.6247
156.7052,-287.5497,-66.7552,-365.5674,-331.0027,-356.4484,-434.9190,-447.7905,-180.6796,-273.7473,-121.5516,-366.6704,-331.9562,-374.4398,-277.5387,-372.7341,-210.8643,-392.8401,-260.5262
176.1026,-258.2375,-70.8505,-296.2680,-369.1488,-368.1083,-459.0551,-504.5266,-246.3759,-418.1792,-114.6437,-309.9541,-336.0195,-372.7092,-293.8571,-434.4548,-139.1583,-386.8770,-333.9594
192.5161,-255.3551,-131.2589,-253.0549,-360.8206,-396.8262,-446.2070,-594.1567,-349.7126,-526.3778,-180.7607,-274.7536,-342.3952,-369.2964,-256.7300,-410.2737,-104.0284,-424.1669,-382.3309
150.1168,-263.0192,-214.6210,-279.9352,-346.3483,-454.6954,-422.8489,-673.8163,-381.2012,-582.7917,-265.9488,-291.9713,-358.7197,-366.0422,-234.9353,-386.9990,-117.5975,-483.9067,-418.5927
107.0554,-238.9280,-187.0868,-284.7211,-352.0888,-500.0412,-449.9594,-686.5334,-318.2010,-562.0087,-255.0356,-303.2130,-380.8415,-350.3473,-272.4687,-432.2017,-97.0631,-482.0064,-418.5264
128.0750,-223.3074,-42.3348,-242.0112,-332.7680,-486.1547,-466.2838,-641.8339,-241.0074,-494.4607,-182.8237,-262.6073,-387.0291,-320.3316,-326.0155,-449.4601,-15.0654,-392.7844,-361.2461
163.3105,-243.1770,75.8176,-170.1784,-260.4314,-422.4357,-427.1240,-604.1392,-252.4190,-505.1761,-148.4025,-223.7481,-351.8283,-305.0044,-342.4608,-366.4659,75.2243,-275.5624,-314.9466
165.7699,-251.7645,113.5220,-81.2515,-160.1761,-369.7504,-388.2591,-592.6790,-308.4236,-551.6012,-145.8210,-244.9393,-282.9121,-325.1362,-293.8534,-291.1932,130.1540,-206.7380,-294.6930
179.0064,-237.8806,142.2751,-44.4592,-59.5496,-341.8927,-329.7912,-538.0750,-247.4570,-456.4842,-129.2696,-288.3626,-215.9005,-337.1332,-201.1656,-308.3253,133.6023,-184.6723,-210.5797
211.7007,-250.5915,170.2508,-86.2135,9.9164,-274.5400,-187.8339,-407.9056,-98.0595,-296.3171,-107.0382,-293.8515,-171.6201,-288.7446,-127.4319,-331.7670,97.8658,-137.5407,-74.2258
196.4934,-307.6196,148.4945,-120.7888,31.6452,-160.7552,-30.5026,-288.6710,-45.8927,-246.8761,-99.0598,-275.9328,-137.1967,-214.2381,-71.7019,-290.7364,74.2396,-59.7601,10.6829
110.9577,-365.5504,101.5124,-115.4910,53.1836,-87.0821,65.4618,-228.4793,-72.1601,-207.3352,-108.1069,-277.0151,-84.4949,-174.4736,11.4783,-251.6456,77.3890,-25.5182,60.1807
10.1418,-366.7505,67.8408,-126.6157,106.6504,-73.0496,144.5848,-148.5842,-31.0954,-99.7752,-135.8828,-295.3677,-18.3571,-158.0225,70.2351,-264.1801,51.9710,-50.8417,135.7400
-45.5005,-328.9371,18.5285,-175.8291,124.3072,-56.2175,215.8653,-22.5707,60.5353,-95.3931,-174.6140,-313.8071,-0.2504,-146.1655,43.1663,-265.4452,-16.3761,-97.3086,193.2292
-47.5333,-354.8834,-54.5545,-257.8423,53.6153,-45.0955,221.8492,65.0948,145.2230,-181.1106,-209.2401,-332.4792,-65.9049,-169.8653,9.6252,-204.7893,-72.4690,-161.0224,208.7534
-51.1271,-453.0791,-108.2208,-342.0626,-39.2123,-90.9879,198.6778,90.5112,215.8279,-144.7522,-233.7874,-346.2145,-141.9510,-221.7117,35.6363,-138.6511,-100.5682,-226.2633,230.6423
-91.3837,-489.1410,-140.2365,-345.0266,-78.5115,-163.4052,218.8553,96.1267,192.5338,-64.1948,-248.3341,-351.4968,-133.2549,-243.9845,59.9508,-143.8304,-118.1608,-254.7860,245.6201
-115.5698,-440.1696,-167.1961,-274.4789,-72.6112,-210.0211,267.6764,77.6022,119.6943,-107.4929,-253.0657,-360.9911,-53.8624,-225.2310,75.5034,-203.8532,-97.6888,-271.6246,236.6514
-96.6459,-439.8301,-146.6979,-248.9405,-44.3994,-245.2592,335.3633,45.6559,238.9321,-101.5567,-240.1754,-359.8033,13.7690,-186.2096,150.0993,-232.7329,-32.0179,-317.6789,272.1602
-103.2409,-505.2439,-61.7439,-271.3727,6.2218,-296.1152,438.5107,45.7434,488.2151,59.6870,-200.4454,-313.6902,33.8884,-128.4634,236.7094,-191.2788,12.2337,-373.2790,345.9634
-167.2722,-540.0442,-7.0024,-259.2796,47.9971,-350.1529,506.2286,35.7757,492.8727,90.9176,-165.2861,-255.6142,25.8488,-80.3519,241.0996,-139.8264,-1.5420,-420.0650,345.9541
-251.6866,-549.7168,-58.9119,-254.9237,34.6252,-376.5016,472.5908,-38.5621,281.1249,-113.1784,-183.4486,-255.5196,11.6816,-79.4084,196.7769,-155.8596,-34.8805,-449.8509,268.7159
-335.1883,-567.9412,-136.6947,-307.9160,-17.1255,-364.5708,413.5850,-98.2227,239.6444,-230.3644,-224.7334,-298.3899,-1.6247,-96.2667,168.7510,-215.6261,-57.0750,-426.3886,207.0517
-355.1582,-556.8749,-121.7903,-336.0526,-45.6990,-350.6583,391.8485,-83.4155,347.0906,-126.9646,-218.9253,-321.5603,-16.6935,-103.9597,138.5722,-217.0749,-72.5214,-364.7741,160.0453
-234.3730,-526.7964,-53.6765,-310.6789,-31.7912,-364.4311,336.3132,-84.1256,288.8095,-50.6812,-193.3231,-336.4254,-36.6759,-145.4832,99.9941,-137.6351,-90.0911,-329.8661,94.5564
-76.6044,-504.3562,-66.1068,-320.1127,-3.6472,-359.8547,233.1543,-143.9072,151.7655,-97.0692,-223.7207,-381.7108,-55.9688,-224.1839,111.3123,-73.0462,-122.5163,-312.3356,67.6024
-54.1828,-438.5915,-171.9935,-379.7576,17.7841,-294.3309,200.4848,-165.1272,220.2051,-97.2272,-285.7384,-423.3116,-62.6056,-265.4380,192.1183,-78.8822,-171.4209,-275.7671,108.8682
-121.0274,-351.7279,-258.5298,-407.4317,20.9496,-214.8039,255.9961,-112.6996,374.7500,-22.6928,-300.1302,-411.0899,-49.5285,-248.0498,260.8982,-102.4580,-206.5169,-246.1079,140.0670
-149.4468,-349.3473,-261.8480,-354.0532,-13.2767,-174.6602,258.9716,-88.5762,342.8783,-14.7063,-265.3016,-363.3013,-32.4017,-233.2653,231.2555,-114.9813,-199.3233,-219.7385,102.2070
-170.2642,-396.5928,-215.7101,-251.6243,-77.0803,-173.9565,161.4897,-162.2189,209.4751,-101.8174,-236.4910,-321.1686,-44.1585,-256.8358,156.1518,-158.9024,-154.2186,-162.3346,24.6496
-217.5784,-391.4991,-172.0359,-188.3331,-119.1905,-205.6415,87.9448,-280.3417,188.1828,-201.2765,-231.4295,-282.8369,-76.7232,-284.7310,166.5290,-230.2183,-97.8009,-122.2649,-43.2154
-220.4102,-372.4656,-167.4345,-208.8362,-105.4819,-239.5298,114.9924,-349.5192,231.7748,-255.8264,-218.8115,-231.7001,-70.1267,-257.1388,240.1891,-256.2952,-66.0722,-143.0742,-70.1807
-177.8517,-391.5099,-206.5401,-243.5976,-63.9911,-226.6915,171.0295,-334.5436,225.5346,-233.2420,-177.3494,-183.2022,-12.9932,-166.0045,235.0710,-204.5811,-78.1424,-171.0104,-44.0067
-161.4965,-396.8970,-239.6596,-236.4198,-38.8782,-194.0096,187.9022,-268.6075,214.8839,-154.0029,-137.3928,-153.9940,28.7042,-93.7130,159.3923,-122.0358,-108.4832,-180.4335,8.3899
-172.9044,-366.2795,-216.7473,-228.8054,-28.0710,-198.6197,189.0174,-193.9355,204.0014,-108.0827,-129.8081,-120.0440,34.0674,-103.8117,131.5504,-81.4252,-116.6358,-197.0599,35.3500
-181.6422,-331.1400,-144.2753,-236.5081,0.2480,-207.1426,198.5345,-133.5121,103.2380,-123.8265,-121.5825,-69.8379,51.3382,-134.6046,134.8313,-112.6320,-103.1678,-191.1450,16.3237
-180.4088,-308.8761,-66.9060,-233.7643,42.4231,-169.5602,188.6257,-98.3887,-15.3677,-138.1436,-88.4389,-48.1660,71.4579,-114.1134,93.5826,-160.0411,-113.6372,-140.8048,-13.1104
-160.5027,-323.6478,-39.9452,-245.1346,61.3068,-104.0018,153.1258,-60.7162,-7.5829,-128.7788,-78.8319,-63.8471,42.8809,-78.4639,47.4687,-147.9908,-167.4581,-95.8198,8.8610
-137.1032,-347.1199,-71.1839,-270.8909,58.5015,-26.8905,145.7442,13.6207,44.1268,-120.6457,-95.4596,-50.9803,3.4492,-78.3666,43.9229,-100.8683,-192.9779,-76.5463,101.8499
-116.8789,-290.1052,-68.4040,-257.7989,74.4521,40.3498,192.7131,66.0662,13.7018,-116.9500,-55.7361,-8.5727,18.0681,-108.4481,52.3404,-104.1239,-122.0504,-62.9951,199.4272
-55.7979,-201.7321,22.4101,-236.0317,110.2358,37.3190,232.9474,25.3176,4.3304,-119.9289,33.1455,-23.5552,43.7888,-159.5396,60.0706,-152.8291,-46.0370,-61.1250,219.9858
21.4323,-226.6771,79.4476,-275.4244,129.9975,-16.6105,215.4752,-34.0006,95.2664,-115.0792,57.4458,-93.8838,22.5519,-209.2854,69.1650,-159.7467,-96.4327,-66.9917,175.2885
25.1319,-302.3153,7.3483,-331.6301,127.5804,-30.6610,185.4513,-21.0268,146.6727,-74.4007,0.9596,-123.4095,-1.0934,-217.9775,55.3167,-104.6954,-189.5263,-72.1681,133.3879
-13.9087,-238.9155,-72.3064,-322.3179,112.8079,-25.1917,179.7273,-12.7878,87.6071,-59.6420,-50.1596,-96.8248,9.3959,-203.6350,36.5922,-67.1497,-150.8567,-105.3214,98.0006
-20.2684,-46.3673,-53.8523,-247.4422,70.4917,-73.8790,134.2113,-91.1907,27.8794,-136.3289,-79.0270,-66.4458,-5.4250,-198.4633,43.1510,-105.1908,-26.8138,-160.6367,25.1554
-29.4694,121.6146,-31.6966,-156.7880,-7.9597,-136.0238,10.0029,-182.4470,10.1164,-204.7844,-116.1217,-35.6912,-83.1317,-170.4113,29.1843,-176.4400,14.9859,-200.9536,-75.9758
-33.3961,198.7211,-73.3370,-117.9944,-98.4993,-172.6288,-115.9732,-225.5948,-31.5338,-186.6242,-131.3723,-12.0792,-170.3191,-132.5804,-38.8278,-209.1149,-35.5341,-253.6243,-159.6915
37.3038,197.1374,-94.3288,-166.2699,-162.8139,-240.9878,-188.7321,-262.7209,-126.6724,-196.7588,-88.8052,-44.5174,-206.2798,-170.8546,-111.6684,-205.0132,-89.4212,-331.2179,-206.7783
88.0465,136.2143,-56.7157,-232.4201,-160.9779,-321.0013,-237.6783,-279.5806,-249.7803,-273.1408,-15.0818,-110.7070,-170.1951,-253.2766,-152.4250,-210.6628,-119.1352,-358.8484,-199.4278
15.9908,48.5110,-27.6936,-240.5575,-90.0425,-296.2176,-243.5431,-196.2937,-312.3704,-261.1771,38.4298,-121.4988,-77.4854,-257.6751,-157.1807,-222.1357,-131.5728,-313.4977,-113.8554
-45.1313,-27.0110,-28.3515,-218.0195,-8.3969,-159.0970,-141.2562,-26.4046,-217.4308,-125.8291,44.3742,-74.9757,12.1418,-205.1183,-106.8108,-204.9602,-139.7988,-241.4688,25.9371
-6.9815,-52.0560,-10.0847,-202.3930,48.3425,-8.3177,30.2624,130.6131,-64.4538,-22.1508,34.4969,-59.7614,58.9562,-184.0712,-24.9909,-174.0935,-153.9386,-126.7250,167.1647
-2.4963,-19.8443,56.1864,-179.4070,116.3705,112.3990,165.8497,221.7051,-61.9785,-33.1507,76.0595,-93.8921,107.3717,-141.8115,19.8535,-166.2970,-123.4411,40.2738,291.1609
-60.4120,9.0056,144.8526,-142.6246,205.4792,215.8574,246.4020,278.3595,-150.9375,-89.4520,152.5009,-89.2559,190.5348,-20.1083,27.7608,-170.6544,-18.1967,178.4171,396.7365
-65.4558,-11.1919,188.1302,-91.9983,263.0126,295.8875,315.3878,349.1224,-95.4021,-79.0790,160.9288,-10.4076,249.6286,84.9718,48.5975,-153.2520,68.9143,244.4157,468.0395
-41.4915,-42.3188,145.9358,-34.6819,269.7232,324.4558,377.5812,414.6475,62.4302,19.7605,89.1556,50.0043,245.0093,95.0335,76.1384,-114.8716,74.0733,265.2912,490.8828
-58.0101,-40.9825,66.0937,-5.0135,248.9769,280.5602,403.2432,406.0725,89.5698,66.4527,34.6159,35.4982,222.6438,60.0594,73.8605,-88.5303,62.9186,243.2005,451.8845
-60.6459,2.9162,6.7871,12.1199,201.8961,184.3159,364.7018,314.8401,4.2558,-38.6840,22.0681,30.5948,205.8921,19.2531,38.9235,-102.3588,63.2306,192.6463,339.5586
-37.8057,80.9205,-31.3666,60.7363,136.2311,78.6528,255.0175,178.8354,-14.8517,-166.7060,-1.8246,85.5637,170.8214,-28.2223,-10.4743,-149.1171,40.0550,150.7994,176.4759
-51.0002,122.9114,-35.6059,87.3887,88.3026,-46.8342,102.9582,-14.0735,3.8851,-210.0986,-18.8336,113.7676,141.1325,-51.0831,-52.6703,-186.6176,33.9292,86.2399,-0.4142
-71.1894,77.4026,21.5977,41.5926,59.3655,-219.5740,-60.4390,-250.1569,-56.4545,-238.1673,22.7343,75.2231,157.7635,-59.0276,-75.5101,-182.8262,66.2424,-36.9814,-169.4982
-45.9813,30.2075,91.1224,-13.9401,18.8447,-378.6390,-220.1218,-406.5113,-116.5553,-242.1192,79.0164,43.2656,184.7605,-117.5529,-88.2798,-157.0707,40.6655,-171.3961,-279.2215
1.1295,40.4062,99.0821,-74.7558,-31.2346,-443.1391,-323.2141,-403.8800,-63.1466,-154.7260,73.7437,35.4979,167.3321,-193.3800,-95.7690,-152.1107,-66.5432,-279.9292,-263.0002
41.4209,14.0444,61.4485,-198.2464,-70.3285,-429.9449,-310.4307,-308.3620,8.2523,-76.3160,23.0890,5.9348,122.9026,-184.2276,-101.8109,-162.2885,-144.6825,-359.8688,-150.6682
39.1100,-83.5412,34.5843,-292.3324,-98.5122,-381.2975,-234.3511,-196.8981,-33.3146,-57.1816,-6.9160,-32.4761,87.4241,-121.4842,-136.4298,-131.7856,-156.6501,-368.9059,-48.9495
-28.8310,-160.1762,27.8654,-260.9371,-117.7226,-282.6301,-201.3794,-88.5947,-121.0925,27.2214,-4.2156,-52.0786,48.4629,-110.4434,-191.0550,-57.1467,-157.7438,-293.7512,2.3578
-65.4539,-193.6468,28.6247,-212.9153,-113.6774,-133.5771,-199.3998,-11.7646,-117.5645,120.6273,-0.8770,-60.2839,-2.2160,-120.8625,-187.8133,-22.6849,-149.8768,-194.4100,35.6934
3.7482,-214.7147,28.2419,-227.9340,-72.6436,8.9027,-151.8650,-1.2006,-35.5626,30.8866,-7.4328,-47.5235,-28.2002,-77.0115,-119.0611,-64.8876,-119.2115,-106.3953,49.7407
59.7953,-205.6136,13.8666,-230.4951,-9.9053,81.8924,-94.6167,-70.9689,7.2534,-142.9527,-14.9102,-33.8363,-22.7528,-51.7573,-90.0164,-98.3954,-95.2124,-41.7865,9.0797
9.1553,-195.4084,-10.9077,-215.1017,19.1198,52.9723,-121.1962,-215.0940,-21.2231,-179.6283,-33.0393,-85.7656,-49.4780,-139.1629,-130.8589,-59.9468,-74.4338,-21.2030,-89.0218
-59.9197,-232.0975,-29.1945,-218.1642,-22.5557,-50.1501,-214.2876,-369.0818,-39.2233,-125.5289,-67.8548,-171.0581,-132.3549,-254.4804,-141.4683,-5.7199,-28.1501,-2.1977,-208.4970
-87.4459,-257.4153,-41.9031,-166.9597,-83.5933,-141.6144,-277.3010,-452.5231,-3.3390,-108.5366,-85.3380,-181.5943,-182.1066,-260.8430,-86.8033,0.6155,27.4480,51.8022,-303.2246
-107.5461,-234.1210,-47.0527,-53.3931,-87.1022,-175.3648,-274.3972,-481.0138,34.0585,-100.2549,-56.4427,-126.0292,-129.2844,-178.2551,-54.4713,-25.6370,75.5932,53.5192,-344.2372
-110.2200,-224.1403,-14.6856,7.4146,-45.4375,-197.0693,-245.2551,-504.7588,54.9371,-62.1439,0.2444,-86.5584,-41.7390,-115.8993,-78.8994,-44.0291,127.5064,-47.5317,-343.0186
-82.3580,-222.2283,75.1864,3.0697,-28.8734,-259.1140,-234.2200,-510.4901,102.5938,-30.5711,64.3621,-67.9891,-10.0868,-110.8186,-96.5186,-46.2084,166.4667,-145.9596,-341.7740
-49.9361,-167.6070,201.6015,9.8394,-56.1895,-362.9186,-253.5677,-512.5947,149.5973,-31.7883,138.8307,-49.9841,-26.0823,-139.7791,-91.6511,-62.2397,172.2889,-179.7039,-373.0302
11.5663,-86.7485,322.2938,39.5415,-91.2566,-479.6162,-283.2295,-561.3630,146.6415,-48.5798,207.4126,-38.1462,-53.1750,-183.7729,-110.3572,-106.3890,179.9795,-202.9465,-423.2837
109.4680,-31.3157,396.1496,89.6358,-111.4465,-545.4633,-300.4211,-593.2455,154.2386,-30.9967,237.2961,-13.8049,-93.0952,-211.3881,-140.7047,-111.4615,225.9652,-217.6606,-427.2960
155.5049,-25.5846,404.5371,147.3027,-116.8085,-480.0911,-309.4082,-497.1440,195.8856,35.2453,224.1048,24.5282,-134.5599,-191.2078,-142.5305,-30.5148,285.3275,-178.1947,-320.2191
119.4422,-93.1438,369.8120,144.8804,-92.7628,-269.5331,-306.3322,-294.1782,168.4206,93.5085,189.4609,38.7089,-144.1008,-148.3666,-145.9227,27.7420,303.6435,-96.1229,-114.1929
77.5128,-161.5023,323.1712,89.3050,-20.5648,10.4815,-246.4950,-67.9893,107.2895,134.9215,157.9256,38.4124,-113.6815,-123.2467,-170.3996,-32.6708,259.9059,8.7901,107.2670
59.4259,-112.0627,263.1637,67.7710,81.9011,258.1065,-112.3596,141.8410,199.6461,199.1111,141.8839,56.6488,-57.8902,-96.3517,-147.0839,-97.3502,204.1349,130.3606,278.1861
41.1597,-5.0336,188.4610,87.5465,183.5041,404.2415,32.3690,283.9773,390.3876,233.2505,121.3912,71.4852,-2.5666,-49.8480,-50.7710,-43.8498,216.2294,235.5427,388.8049
20.6966,24.4848,137.3158,133.4835,283.2885,446.5125,121.6783,319.3961,419.7988,189.5838,75.8584,67.6552,21.0063,-34.0813,37.6705,50.9320,293.6499,314.3992,439.1151
-12.5161,3.0139,129.6009,222.5294,364.0117,426.5071,162.5748,289.8471,301.9360,146.0690,31.9977,58.9897,21.7180,-68.3479,79.6132,90.8023,336.8782,362.1225,414.6239
-56.0922,-9.5432,109.4994,251.0623,356.9655,342.3056,184.3922,228.0520,300.6517,130.2629,12.2484,20.1913,36.3154,-86.9488,113.7026,90.6682,278.8297,293.2995,319.8215
-59.7600,-42.2502,25.5528,107.0960,237.9169,151.1320,174.8945,109.8341,447.4757,69.5698,-12.1149,-58.9151,46.4542,-78.4717,137.4809,47.6311,158.6309,64.3599,185.8969
-29.6789,-80.5414,-77.8329,-74.2159,81.3149,-115.1469,98.6604,-55.3391,476.5321,-24.6139,-54.0087,-120.0908,2.4866,-125.2382,120.6117,-49.3641,59.6829,-193.9457,38.0941
-43.2521,-92.5504,-130.6290,-116.5768,-40.1665,-350.9559,-47.8534,-218.0567,242.0738,-86.9404,-87.0475,-135.5195,-76.8925,-234.2415,78.6418,-122.2958,30.8443,-346.0230,-98.4866
-107.3878,-123.2406,-137.4905,-81.5204,-114.9143,-505.8166,-203.2358,-345.1094,-52.6061,-122.6441,-102.7495,-133.8195,-128.6148,-310.2159,28.9967,-128.5882,48.3695,-406.3682,-188.1385
-159.5078,-164.6054,-135.2694,-84.3714,-146.8837,-602.7992,-289.3361,-423.8149,-143.0080,-160.9018,-95.1240,-125.8485,-135.4880,-326.9411,-30.2838,-141.3092,42.5654,-426.1743,-237.4973
-171.6611,-144.9855,-128.5682,-113.5320,-142.3699,-654.2817,-306.8474,-478.4712,-82.0206,-220.0454,-49.7768,-121.1115,-120.4013,-340.6996,-79.3106,-189.6507,-1.8893,-405.8791,-289.8054
-139.8457,-91.6895,-122.8600,-138.6404,-109.8440,-645.2048,-313.1787,-530.6578,-91.2006,-275.2662,-13.5020,-132.4158,-96.4442,-348.5851,-104.7586,-210.7214,-23.1120,-344.3195,-322.7931
-76.4980,-73.1877,-133.8599,-148.3584,-39.9709,-554.0771,-311.9202,-513.9396,-153.5285,-238.3512,-39.2842,-122.6058,-56.5354,-294.3786,-113.3804,-183.9864,0.1083,-243.7041,-273.1436
-44.3274,-94.9933,-136.2073,-126.5464,62.0098,-362.6996,-267.0107,-372.7271,-126.5553,-133.3702,-63.6955,-72.3312,14.6736,-178.1273,-87.5427,-140.9624,6.6404,-108.9592,-160.3568
-78.6037,-168.5723,-94.4828,-110.5708,163.9850,-102.0616,-182.4313,-177.1677,-70.5984,-85.2748,-14.3843,-41.4858,111.3421,-56.7242,-24.8702,-85.6953,-38.3708,16.0332,-31.1476
-122.4457,-269.0122,-39.9084,-138.7134,259.2829,144.2531,-72.3098,11.7283,-59.7949,-36.8668,47.9591,-55.5969,195.0696,27.7213,29.8701,-22.0331,-98.3448,94.7086,134.7935
-119.4060,-279.0076,-24.8356,-166.2264,342.7577,326.3868,55.4724,196.4720,9.7756,93.0615,59.0392,-56.7671,242.5030,79.7977,67.5093,13.5719,-128.1846,150.0879,309.6404
-77.6092,-172.0793,-23.6749,-147.8970,374.7850,444.7996,143.1468,300.2400,127.9626,140.6037,66.9045,-8.7662,269.9643,128.1047,109.0431,9.0141,-92.0153,205.8767,384.5758
-16.2819,-55.3033,35.3392,-76.7610,364.6516,491.1438,142.8934,257.9569,134.4281,67.1029,110.4498,70.9012,285.1471,176.7011,120.3502,0.0578,33.7486,253.6077,348.3755
48.8847,36.7548,153.2821,64.4531,362.0546,475.2566,99.1709,176.8701,59.0454,71.6693,152.4591,141.1140,266.4372,200.5583,80.1806,9.0599,197.8053,287.5559,276.6770
80.8807,127.7562,245.3669,227.6585,327.3224,446.4598,55.7482,144.1306,36.4546,90.7108,160.4435,142.1255,209.1380,186.4057,48.0378,16.9579,289.5572,280.3162,183.5455
64.7538,165.9392,239.9884,282.0449,203.5680,397.6202,3.9485,103.6101,35.3691,-14.4725,117.8637,69.2427,141.0953,137.3172,47.0969,10.9335,268.1283,182.4258,94.7927
45.1113,131.5416,136.2788,201.2089,59.5513,266.0431,-30.4242,54.2641,16.9262,-17.4145,6.0946,12.3961,73.8938,74.4898,21.4065,-13.0313,200.6488,24.4992,77.8192
62.4578,98.8707,-20.1289,109.4332,-33.0056,80.1864,-32.7421,37.9422,40.3897,108.8755,-142.6998,21.6080,-15.5606,49.9972,-38.5639,-91.4642,161.4095,-82.5466,75.5046
85.6966,89.2604,-150.9161,93.7758,-105.6474,-39.3712,-74.6967,-9.8106,72.8593,13.5124,-248.3816,33.4453,-118.9744,65.8352,-75.2546,-203.9350,163.2862,-81.3706,0.7661
65.2193,59.6832,-168.8498,127.5497,-148.2906,-21.6482,-160.7616,-75.3401,35.6974,-151.5520,-251.4570,-1.6174,-157.9386,39.9902,-57.9051,-192.8092,178.4930,8.4145,-45.1237
18.5630,12.1228,-68.9796,165.0818,-83.5296,121.3845,-173.9997,1.5091,-40.9521,33.8820,-145.7470,-45.3770,-84.4020,-25.0429,-7.4346,-1.8909,173.7901,153.9853,31.1197
-8.2509,-26.9058,53.0166,189.6797,68.8186,318.1520,-99.2998,195.5997,-127.9145,222.3477,5.4012,-57.8321,32.6592,-12.5377,30.1968,132.4910,137.2650,286.8561,112.1775
-18.7440,-40.8105,132.7473,191.2213,207.6114,447.9767,-37.9169,296.2678,-225.6200,-32.7142,110.4900,-52.4107,118.9423,69.6874,31.4506,43.2135,90.1715,330.1502,119.7313
-32.2022,0.4528,190.7767,173.6231,292.2499,465.7904,20.8801,292.0087,-246.8292,-266.2940,160.5099,-41.6732,202.7647,99.5011,35.7486,-51.8455,67.2263,324.3491,147.5708
-32.3972,92.5763,227.7726,180.0844,344.8017,467.7183,147.8021,325.5973,-129.0020,-46.4294,208.2998,5.2522,307.1103,102.1559,73.1588,46.7625,99.6875,364.7370,229.3099
4.6403,163.9554,213.9077,240.4585,389.1327,494.5612,280.4315,368.5631,28.5029,192.2336,241.2711,92.6901,371.5232,162.5685,96.7237,147.1100,195.1901,408.9160,293.6846
80.9557,155.6069,182.9353,285.3340,416.3621,444.0431,332.4291,311.2628,90.9395,91.3141,221.4181,136.5553,367.7058,196.6067,81.4392,48.1932,290.4359,345.8271,312.0389
159.3024,81.3073,182.0077,226.6119,371.4886,293.5626,332.8259,192.5130,42.2846,-77.5287,186.4524,91.1754,332.5118,136.2133,83.1858,-101.1494,286.1953,195.5113,268.5150
175.0787,9.1942,163.8492,117.4708,221.7789,145.7341,306.7408,90.7950,-5.9372,-106.4421,164.5144,62.3662,257.2690,97.8573,121.9847,-110.7132,183.2406,45.6931,129.1615
144.0054,16.4892,65.0695,66.2529,4.9034,6.3153,213.8988,-18.6035,40.5971,-101.3232,114.2256,129.4012,113.5016,140.2212,135.7868,-45.3552,85.1918,-99.2833,-66.1297
160.7165,108.2294,-70.7988,50.7117,-232.3787,-178.1915,63.2243,-157.2516,81.9737,-120.2501,40.2217,188.9349,-41.5505,168.6605,79.6190,-30.1526,32.8489,-253.4483,-218.9276
186.3810,168.0358,-157.3066,-0.9672,-431.0507,-316.5730,-65.9607,-243.4264,-3.5198,-128.7001,-2.7480,143.5670,-133.2845,153.2733,-20.0232,-50.3839,-26.3787,-355.8490,-257.7791
83.0933,81.4437,-181.4844,-69.9762,-487.5041,-303.5093,-100.7872,-195.6129,-63.9071,-95.7913,-28.1254,58.1182,-169.1325,141.6998,-86.1387,-41.7591,-98.4699,-337.2019,-173.7609
-49.0353,-65.5534,-173.5150,-120.7650,-380.9615,-213.7946,-19.7636,-67.2973,46.7382,-16.6856,-62.4185,17.0609,-172.8077,129.2714,-60.8472,-4.1717,-129.5284,-226.9397,-51.1338
48.8519,-43.6719,-130.8517,-151.7812,-223.0054,-143.4981,112.2926,17.3210,115.4735,23.5334,-48.0028,27.0776,-121.8670,118.5118,2.9403,19.0553,-112.6873,-178.1745,16.3604
323.8481,178.2494,-57.6829,-143.8797,-84.7972,-63.8629,194.9316,38.6720,-18.8719,-24.0000,39.4031,77.8535,-10.7842,143.4929,7.7121,9.6907,-84.1101,-310.3982,63.0460
439.9674,336.4706,-19.1905,-104.5412,32.4239,40.5227,226.7219,73.4598,-117.4700,-38.5659,103.3201,136.4717,110.3807,176.2495,-22.5607,-1.6669,-65.2105,-478.4919,147.0679
276.9465,272.6629,-45.2904,-84.7840,80.9754,113.7561,273.5430,145.7154,-15.3183,46.0546,86.4949,145.7538,192.6713,178.4246,-0.1500,19.0980,-67.8095,-422.8731,217.4708
51.1884,169.5635,-44.4975,-82.1672,49.6979,142.6942,318.6086,221.0394,94.2401,112.8199,72.2122,109.0750,231.0730,172.4720,57.3367,61.8204,-82.6939,-202.4859,243.6727
-19.6814,198.9511,46.3311,-56.3650,30.5397,150.2002,309.0058,279.7095,78.6967,101.0493,127.5579,83.5462,241.0299,165.1217,89.9447,88.9128,-69.9745,-113.9418,262.0611
49.2046,267.3687,131.6311,-3.1106,47.4258,130.8764,279.6544,301.0641,41.0157,90.1794,194.6271,98.5216,232.0578,145.1188,112.3728,85.7764,-17.2615,-182.7265,247.2697
100.2070,273.4485,135.0312,83.1860,30.2867,99.5566,275.9718,277.6793,40.4825,108.2611,213.6728,144.2028,212.2004,144.1121,133.0998,78.0493,52.9323,-190.4962,184.5779
80.8880,268.8677,139.2132,193.9515,-17.4190,89.4168,267.2380,245.7582,41.5994,77.6220,211.2994,183.3095,182.8269,163.9828,112.9062,83.1929,132.4669,-122.5903,146.5381
100.3519,282.0962,191.3831,248.6827,-59.4074,65.7225,227.2461,201.7328,52.2771,-33.0291,206.3760,175.6972,126.6222,144.4732,69.1274,67.3731,184.1069,-133.7710,115.6030
187.3346,260.1362,189.2444,193.4434,-143.2011,-35.0151,159.9225,99.2194,77.9733,-104.5626,166.9850,127.8565,37.7590,67.6280,57.2038,14.1699,122.9755,-232.3340,1.3187
212.4934,177.1471,87.7363,71.6900,-296.2441,-196.5004,46.5905,-18.2534,48.3344,-18.4362,101.5291,58.4605,-56.8716,-31.6147,53.4103,-19.1761,-45.8432,-341.2337,-131.3135
140.1294,71.7247,-12.8041,-60.7841,-449.7040,-343.4854,-88.0437,-63.5075,-79.7649,116.2478,57.7419,-42.0485,-142.8315,-128.8414,0.1376,-14.3002,-195.8056,-446.8511,-173.4314
75.8615,25.4239,-50.7653,-156.2160,-532.7015,-422.1263,-146.4030,-53.5857,-190.7552,127.0498,27.7199,-138.5608,-224.0634,-191.6330,-76.6304,-36.3628,-257.6685,-510.3953,-171.6243
48.2162,60.0436,-73.5873,-178.2724,-514.9230,-418.8637,-110.2850,-35.8933,-126.8775,97.4725,-25.8315,-166.5240,-268.1938,-189.9002,-109.6207,-68.3059,-279.0375,-475.3466,-166.8434
8.9550,54.6778,-120.5948,-181.6769,-405.9862,-356.3660,-74.1382,6.1386,31.0002,165.1495,-93.6656,-155.4511,-245.3061,-149.5493,-100.2040,-16.1218,-293.7775,-384.8506,-109.9371
-39.4027,-58.2338,-168.3744,-218.6263,-275.9464,-276.1528,-65.7815,62.9242,57.2431,203.6797,-149.3052,-165.9279,-192.1398,-111.7624,-95.4387,66.0518,-280.2975,-299.3605,-33.7105
-79.7464,-130.9814,-170.6470,-205.5442,-175.8332,-197.6414,-17.8608,88.4961,-18.6716,93.3356,-171.5676,-158.7065,-134.9428,-87.3210,-96.3443,43.1362,-230.1641,-196.8308,-8.7447
-93.3943,-49.4492,-115.6545,-100.8240,-74.8760,-119.9386,73.1386,93.0188,-11.0318,-11.7401,-128.2932,-87.5885,-46.9824,-77.5395,-71.0636,-31.3640,-163.3007,-71.6324,-1.2525
-41.6850,79.5693,-58.7479,-25.6522,34.7248,-57.4841,133.8122,100.6145,13.6387,10.5374,-36.4160,-1.1333,46.0300,-62.4681,-31.2979,-20.0175,-107.8783,15.2143,11.3035
31.7716,122.3167,-57.5235,-32.0109,93.8060,-31.2679,130.1924,97.4914,-85.2953,43.4518,24.3557,37.7479,75.7886,-16.8245,-19.0183,37.3691,-83.9661,32.5903,-16.7079
33.0120,59.3263,-90.3309,-28.2883,84.9797,-36.8123,87.3307,89.5497,-187.0635,-5.0139,31.3542,17.1385,59.2445,22.3059,-32.4783,43.7511,-74.8303,12.7784,-63.3952
-19.0450,-34.3023,-110.2844,9.4167,45.1606,-43.1745,46.1419,87.7840,-169.1975,-52.4853,31.5230,-22.2252,47.6429,16.2095,-28.9933,40.8209,-47.5860,1.9778,-76.5871
-59.5303,-16.8687,-120.0292,29.6840,-12.4940,-22.4005,26.7790,60.1445,-119.4546,-24.9176,29.8881,-4.6102,19.1378,17.0617,4.0135,71.0886,-5.6814,25.5377,-90.8418
-82.0555,119.3397,-129.4631,34.3357,-77.2368,3.5989,-1.0230,-3.6508,-91.0576,20.2993,13.9491,66.2484,-38.9323,60.6038,25.7943,62.7148,21.5386,62.3305,-142.1258
-63.7170,151.3905,-127.0516,27.7536,-110.6528,-32.3841,-57.3498,-66.7156,-55.3918,10.4355,15.4334,74.3492,-75.0560,69.6775,8.5624,-3.8698,6.8859,64.8448,-199.4843
-27.5567,-3.8606,-117.5360,-9.3673,-99.0279,-140.0276,-84.7912,-112.1843,-21.5074,-17.6014,31.7565,-17.0143,-70.1776,-11.4106,-0.3586,-31.4214,-58.9296,34.3849,-237.3217
-94.9845,-123.8158,-106.2726,-46.6268,-59.7515,-226.4442,-50.7689,-138.9060,59.5141,-16.6431,19.3117,-99.8958,-50.9572,-112.2954,43.8558,3.0850,-121.5077,22.6664,-243.2964
-221.3897,-93.9432,-75.9610,-57.7594,2.3238,-215.5684,-18.1623,-128.6007,203.0472,-35.8720,-2.5880,-109.0134,-29.1055,-143.0518,72.0936,0.6328,-102.7316,45.8648,-189.0213
-199.6258,-47.9713,-34.0929,-82.7296,81.5769,-128.3306,0.5721,-69.2661,234.9403,-58.9420,1.4307,-86.2575,-16.4003,-102.4017,18.8409,-53.3671,-42.4575,66.2679,-68.3329
-78.1083,-55.0236,-19.9911,-145.9747,151.3794,-7.6514,81.8555,40.9927,132.4193,35.9577,-5.1003,-74.2978,-10.5999,-43.8327,-11.6729,-43.6323,-58.8839,65.5691,87.3253
-77.3363,-90.2594,-39.5186,-212.5788,199.7084,121.3356,208.4291,178.8002,154.6745,181.3671,-34.1638,-80.5558,36.4192,10.2770,80.6365,55.3152,-140.4696,74.4361,220.2715
-128.1918,-152.2106,-59.9556,-235.3164,240.8781,212.1940,266.4439,263.6064,292.6189,157.0540,-25.7436,-83.8403,127.6778,76.6803,176.9912,128.6132,-167.0085,115.6083,257.6222
-45.0367,-151.8963,-70.6833,-191.8322,268.2296,229.7826,232.3213,245.3481,227.7192,2.8727,22.6795,-55.3251,183.1360,137.5031,148.7299,129.6460,-116.5942,161.0300,190.9082
77.0289,-0.9067,-85.7053,-110.1090,248.9797,195.6492,172.5667,185.2350,4.0900,-54.5931,45.0963,-20.4898,171.1817,147.1264,82.2414,123.2785,-51.7395,172.4670,110.5987
87.1758,162.6638,-93.8335,-30.3882,187.6877,142.9264,124.1174,141.2440,-26.3319,-8.9320,31.6096,-11.2341,140.8602,129.8277,78.4243,132.8729,26.1909,158.4757,77.6574
32.7115,173.5414,-72.2910,61.9295,128.5157,89.9064,91.6805,89.6723,112.3783,7.7467,16.8520,10.3027,111.5441,137.0841,85.0772,140.7675,131.4688,154.1430,52.4469
-43.6986,93.5860,-43.6829,165.2729,76.3746,53.7920,68.8692,26.2256,121.4023,-2.3400,-0.2076,45.5160,70.1469,131.4324,63.8567,157.6077,202.4231,158.9851,-0.2222
-159.8064,38.7931,-43.4040,199.9385,1.0340,17.2050,40.3805,-15.8812,5.8482,15.7728,-23.2267,25.2322,26.1961,75.3129,57.5723,158.9776,182.5592,134.1029,-61.9180
-237.4503,17.1993,-47.7255,140.4377,-83.5045,-60.6821,19.9458,-50.5793,-30.9244,44.5326,-25.1458,-23.0043,-19.2298,30.2570,61.0846,103.6912,100.5956,60.6070,-131.4341
-208.8529,9.6638,-31.8271,68.2095,-148.3053,-161.9977,14.0699,-103.9431,-5.2388,29.8917,0.0162,-12.6762,-76.0644,16.3080,34.7479,38.1646,9.0401,-27.2330,-229.6670
-138.0813,-0.0292,-35.1985,31.4379,-205.6148,-229.7789,-28.5007,-156.8459,-63.4534,-56.4856,24.4394,9.4313,-121.1764,-36.8822,-9.7429,7.3013,-65.7851,-74.9309,-328.5346
-88.8693,-19.6284,-51.2241,18.7717,-226.2985,-241.1381,-110.4419,-186.7136,-187.5808,-130.7879,38.8486,-32.2491,-124.7064,-107.1713,-43.9798,-30.4157,-96.3826,-53.1920,-354.1020
-77.3744,-22.4089,5.0496,28.5853,-127.0210,-179.6741,-138.6409,-176.8999,-225.4940,-83.9219,57.5756,-77.6016,-83.6057,-92.2225,-50.8087,-66.1532,-69.9236,32.4120,-280.2528
-125.9264,-25.3938,110.0131,31.7492,65.2319,-38.7041,-78.1851,-112.2279,-117.5015,-11.6728,73.7029,-68.5993,-6.1076,-11.6548,-17.2097,-38.5150,-31.7972,142.7910,-168.7541
-179.1123,-70.6364,138.8710,-11.7952,216.2482,109.1505,10.0767,-35.2897,13.4280,-55.9397,63.5143,-50.8000,79.9256,39.2643,26.0185,-1.5448,-27.9890,223.1069,-79.3518
-115.8960,-83.1426,108.1392,-56.6262,294.6967,188.7207,94.5158,-8.4504,16.5892,-108.0428,39.2011,-52.5802,137.2714,60.5871,29.7030,-32.5377,-20.4378,263.9230,2.3247
52.2806,24.5164,127.8556,-35.8596,371.0222,229.9740,166.9885,-8.5087,-72.0139,-58.4761,40.1812,-50.6403,170.3942,89.6862,11.5098,-64.5135,48.8363,306.7358,89.4981
184.3052,160.9106,165.7775,29.9197,425.9797,261.0814,187.4676,8.6435,-89.9170,-47.5403,62.6885,-37.0264,189.3402,99.0083,18.4165,-33.8970,146.0544,345.7126,130.4585
219.7635,195.1557,150.0750,89.1309,371.2672,223.5237,150.2824,-0.9008,-23.1714,-139.2996,66.4731,-17.7267,152.4867,65.8688,39.8279,-1.0268,201.6589,318.2466,92.4086
214.9136,149.4722,140.0947,122.2903,216.4510,102.4819,94.4411,-77.4738,-11.2037,-177.9714,46.5156,-8.7386,47.9220,24.4276,38.4109,-1.7903,213.5302,224.1373,17.5869
212.8478,108.9931,158.4583,120.6257,50.1195,-28.9140,25.0481,-157.7664,-68.1567,-119.6558,19.9057,-28.0139,-50.4506,-0.4394,10.7667,0.5022,200.0515,117.1402,-52.5989
205.6877,92.4244,111.1799,89.7047,-92.7839,-135.4735,-70.9204,-175.6444,-80.2600,-78.4917,-20.7192,-58.0026,-100.9484,-30.0052,-22.5849,15.4405,152.1675,-1.5321,-119.5113
179.0317,66.6117,9.6313,49.1628,-228.5416,-227.3294,-170.2233,-161.0979,-69.0800,-85.7471,-70.1793,-89.2681,-153.1761,-85.9026,-46.6868,28.0949,94.6253,-123.7074,-178.5267
129.8105,13.9828,-18.8854,12.1715,-331.5208,-279.5972,-226.6267,-168.3182,-127.8251,-88.8049,-94.2689,-141.5878,-222.5208,-141.5993,-57.7001,12.7269,68.1563,-168.5673,-204.2894
73.3582,-23.9755,31.7943,-6.3675,-351.9862,-269.3452,-211.6037,-187.0785,-169.1975,-49.8013,-91.7968,-173.5503,-239.7628,-149.2818,-51.3625,-55.7885,40.3401,-126.0422,-191.2907
34.4520,-19.6174,49.5213,-18.4982,-322.8553,-220.1907,-165.2357,-169.4485,-74.5817,33.0685,-96.0833,-132.6680,-183.0090,-116.4129,-28.8505,-95.0192,-37.3301,-103.1367,-158.0587
2.5454,-43.9362,-5.3957,-72.5925,-315.7047,-153.4991,-154.7086,-93.4146,70.0640,108.6243,-112.7679,-93.5934,-128.1356,-88.6140,-19.8506,5.0559,-125.2896,-131.9895,-98.0078
-61.4487,-132.0798,-73.2963,-147.4722,-277.9536,-67.2536,-132.6588,20.7095,155.8347,156.9390,-122.4096,-133.9501,-112.0504,-53.2027,-47.5105,138.8430,-152.1903,-129.1551,14.1628
-138.0155,-177.7256,-91.1500,-150.6851,-102.0389,32.9679,-13.0234,120.0161,205.1033,224.2037,-114.1662,-171.1964,-71.8220,29.3136,-75.0934,127.4663,-104.8765,-68.7429,133.2521
-145.8526,-138.4419,-52.5693,-81.9550,144.2620,119.7416,111.8629,144.9472,212.3377,259.5278,-81.8388,-114.1228,19.2881,112.2130,-63.5028,45.7763,-14.7926,-4.7161,161.6964
-73.8500,-136.1445,-4.0744,-25.8209,288.0351,154.9078,111.5703,88.8336,142.2694,162.5768,-28.2085,-12.6741,83.4777,117.2013,-41.8873,52.7760,76.3569,46.3554,105.7227
-6.8425,-206.7313,28.7220,10.0270,306.3143,135.8884,63.6321,15.7090,60.1661,21.6391,25.7682,47.6712,71.9044,65.9098,-48.9209,86.1293,144.8075,104.6608,66.5434
21.9893,-215.5918,76.6478,78.2670,283.8807,114.3054,56.1330,-24.8212,11.2007,-24.7457,59.9199,39.7442,34.5292,30.2413,-78.2423,45.1272,209.8337,166.9652,55.4177
66.2489,-109.0499,149.2291,187.9283,231.4153,111.1418,-0.2681,-51.8005,-60.6719,-32.1080,70.0495,-9.0372,5.6802,14.1510,-110.5229,-1.2206,291.4873,216.9321,4.1102
137.3153,1.3964,206.3874,314.8712,129.1369,79.2252,-130.3147,-83.8439,-162.3852,-76.4723,72.3807,-22.5394,-46.4352,-10.9197,-125.3305,1.5696,362.9109,246.1095,-83.4680
180.2003,35.7658,227.0386,413.1783,0.1424,3.8959,-219.0485,-102.1160,-241.6605,-100.3611,91.3455,28.3548,-130.5060,-31.5984,-118.7792,1.8345,386.0625,246.8627,-165.6495
164.8394,32.2439,221.9355,423.9469,-139.6022,-75.0494,-253.4454,-112.6989,-270.0791,-75.4296,119.0981,52.6151,-202.3405,-36.9680,-124.9839,-1.3156,354.5320,210.8093,-232.5097
105.8975,28.5873,206.3685,353.9091,-262.6657,-155.6669,-282.8051,-152.6958,-212.4524,-49.9238,121.0921,-10.3744,-225.7589,-60.4341,-131.3207,25.6510,291.0538,140.9386,-256.5362
33.7984,-3.6830,192.8531,263.8519,-319.3853,-247.1548,-263.5292,-227.4222,-109.5943,-45.2823,90.1506,-76.0080,-207.4550,-108.2725,-64.3104,34.0194,229.7861,57.9834,-240.0031
-26.9832,-77.5112,155.2205,173.1292,-342.0139,-289.3234,-207.4302,-302.4146,-119.1409,-57.9796,37.5678,-62.9426,-183.9645,-116.9053,39.8977,-16.4220,174.7366,-20.3960,-255.6185
-89.2269,-148.5400,58.0683,82.4124,-395.7054,-223.0516,-207.5788,-327.8417,-240.4455,-63.4431,-26.9297,-11.6705,-171.9353,-44.3434,49.4519,-65.6302,96.3919,-80.0740,-287.4195
-163.1193,-192.8727,-30.3673,24.2130,-407.2190,-66.8156,-211.0756,-259.9641,-259.1237,-23.9952,-54.3176,15.1509,-133.7200,63.6416,-17.0432,-51.8402,10.1023,-70.0923,-223.7912
-197.4825,-221.3944,-12.1674,8.7435,-265.2558,130.3444,-97.2058,-115.1823,-102.9118,31.5945,-11.0383,22.8550,-46.5729,148.2965,-17.1098,11.0348,-30.6685,40.3660,-82.1375
-170.5320,-219.7731,45.4256,3.5679,-43.3837,305.2425,71.5473,24.4205,85.5578,54.7980,18.6026,36.4074,31.9975,198.5600,55.7427,73.0407,-39.2145,149.1064,23.7905
-152.8696,-199.7476,10.5475,-17.3697,93.9093,373.4156,156.2188,103.5121,184.6014,68.7171,-39.4025,42.5486,49.9816,207.2073,90.1269,94.2301,-63.7458,138.0618,92.3425
-167.2261,-228.1650,-75.1623,-59.7314,122.1445,325.6197,148.1674,142.0111,144.6332,87.3992,-92.8008,19.7720,42.2762,165.9306,52.1646,76.8276,-88.9029,74.7628,170.1545
-142.6519,-286.4945,-88.0944,-105.5105,136.6416,263.4182,118.9945,185.5006,15.1242,88.7996,-48.4852,-7.7475,60.8194,114.7455,-12.1185,64.0844,-89.3763,80.7621,238.5982
-69.7049,-270.8752,-35.4457,-118.3315,192.4415,247.2373,121.7364,252.1684,-38.8301,93.7792,22.3209,-3.3733,105.6184,97.6433,-58.8791,74.9660,-82.4668,113.6823,287.1421
-18.3247,-187.0749,2.1103,-86.1423,254.6394,217.5660,155.6647,304.7006,11.5494,101.0070,40.0515,18.8897,149.6693,91.8582,-61.3724,78.7549,-68.5264,93.3330,304.7792
-20.8770,-126.8584,-0.9626,-25.0862,259.4420,133.1364,155.1656,274.9695,17.2156,61.5953,39.4182,33.2537,171.0585,59.6278,-28.5689,52.5470,-46.5645,54.2912,237.3247
-78.2495,-103.3713,-32.8561,35.7572,193.8635,47.3854,87.4974,154.7697,-37.8383,7.3993,56.5705,46.0467,168.2901,7.3712,-2.9649,4.1454,-58.2644,28.7994,98.8739
-173.3743,-98.7850,-63.1555,47.5393,109.6469,-13.9313,15.1745,9.8081,-87.2827,-8.0111,76.6180,45.6152,154.5167,-53.1895,-13.8044,-53.1378,-103.6243,-0.6543,-26.9660
-219.1534,-116.8511,-48.3358,11.5559,54.2698,-96.9232,-20.7270,-110.2862,-183.9377,-37.4691,85.4158,13.4125,125.8688,-114.9777,-55.5850,-100.2652,-114.5229,-5.2950,-113.6125
-152.1388,-109.3667,-5.2513,13.4160,26.2242,-185.7292,-41.6222,-187.4227,-277.1838,-110.0914,59.6790,-6.6565,78.4224,-139.7331,-89.4579,-120.4342,-71.0312,34.5102,-148.9665
-48.5037,-57.4679,-7.5494,62.1090,7.3239,-187.6901,-37.2117,-196.6167,-211.8733,-153.1878,-16.6845,22.5102,39.8614,-102.0372,-79.2039,-117.2146,-32.8850,67.4912,-98.9223
-11.7040,-57.1203,-77.6858,42.1053,-1.6592,-82.0740,8.0972,-137.7302,-83.0667,-127.9833,-98.7591,50.9128,22.1054,-39.9489,-50.2294,-84.5770,-64.3997,92.6727,-8.1245
-48.2075,-148.5297,-171.7316,-67.4757,23.7049,77.7918,60.4215,-33.8495,-48.5332,-51.3313,-133.1763,37.8390,10.7222,6.6808,-38.2065,-7.3616,-173.0018,172.8254,69.4416
-120.0831,-238.4608,-242.7234,-149.8221,105.7390,260.9593,107.6973,111.4535,-15.7130,44.2600,-122.9186,17.5914,25.6493,46.1717,-14.4989,74.6404,-273.4507,279.3592,168.8302
-195.3455,-265.1575,-255.1836,-158.7020,209.4702,396.8157,155.1845,251.4004,41.0570,85.9888,-97.8302,19.1256,74.8787,81.9077,23.4552,102.3216,-273.7805,308.2842,257.7220
-243.2064,-243.0853,-209.5867,-140.7795,260.2030,378.7399,166.1597,284.7472,-0.0181,61.8602,-89.3343,37.2377,103.2075,93.2285,16.5605,102.3690,-218.6976,244.8096,232.9501
-249.3383,-195.4411,-169.7101,-119.4951,250.3248,268.1638,139.7253,216.5841,-42.1471,49.6262,-111.6163,61.2023,99.3734,88.2523,-15.4686,128.5929,-199.2376,169.0115,152.8734
-205.3949,-172.3473,-180.7729,-118.8245,227.1741,231.9707,111.4801,162.2749,8.0581,25.7705,-128.1876,62.8455,102.1576,89.7981,-4.7808,145.3772,-192.9810,119.3397,131.6470
-118.2605,-207.5515,-198.4056,-162.2600,164.9474,227.1439,27.4242,139.1031,-50.4050,-72.5775,-109.6412,33.4508,65.4787,74.6237,7.2225,107.6989,-174.2606,52.0253,91.1871
-58.8841,-240.7550,-180.3378,-201.4502,10.4846,95.5218,-149.8469,66.8116,-241.9737,-134.6364,-100.2231,21.4168,-55.2338,12.1004,-29.7362,58.9316,-199.1292,-55.5979,-53.2098
-77.0135,-206.2241,-167.6320,-192.7688,-164.7105,-99.2756,-280.5874,-49.6730,-291.5589,-85.3777,-137.7892,44.3170,-162.7964,-62.0501,-51.8872,35.9331,-252.4908,-149.7942,-194.1575
-98.4462,-132.4934,-201.5543,-181.1300,-253.3507,-202.9947,-260.1740,-141.1382,-181.5127,-65.8620,-186.7644,45.5434,-188.4862,-98.0129,-32.4349,12.7643,-263.3227,-201.4117,-243.4348
-76.0654,-103.8064,-247.3635,-211.0508,-287.2046,-253.5660,-209.5782,-191.4060,-102.5770,-120.1757,-206.2912,-5.1883,-200.2398,-118.4881,-38.7425,-7.2600,-269.2057,-251.0280,-250.7977
-103.0901,-176.7715,-253.0002,-268.2146,-331.5861,-323.5250,-232.7253,-203.9590,-58.5400,-108.9110,-191.5609,-77.0698,-210.8886,-164.8123,-75.5804,7.5151,-321.2306,-290.5549,-242.8467
-206.4920,-289.0358,-221.4401,-325.0809,-341.5724,-341.1022,-252.1486,-172.3798,-62.9956,-34.4467,-161.9730,-138.7034,-170.6249,-206.2814,-91.7561,42.9930,-367.6300,-270.8973,-200.0763
-257.4553,-296.1166,-195.4823,-348.2270,-288.8837,-251.3360,-216.9317,-116.3861,-189.7085,-1.5270,-162.6213,-161.3151,-136.5553,-186.1336,-86.0188,85.3698,-372.1713,-252.1395,-133.0014
-205.9767,-198.8053,-197.5224,-309.7910,-234.4102,-97.1943,-176.3674,-35.3869,-264.3204,27.4563,-201.6795,-118.8857,-155.4935,-106.8229,-66.6259,146.1108,-335.7137,-312.8124,-36.0143
-146.2866,-159.4764,-210.3745,-233.1832,-174.4864,80.8771,-124.6090,106.1838,-145.7239,78.6134,-215.3439,-35.4956,-139.6400,-9.5250,-33.9380,183.5560,-235.4547,-359.6204,103.8930
-124.9426,-221.2028,-220.7958,-171.2465,-49.6514,228.9028,-33.6018,263.1937,-45.7862,56.0391,-185.3131,33.4692,-57.5088,74.0752,-13.5909,151.6696,-129.9868,-279.8177,226.8190
-117.2224,-265.1934,-234.9995,-153.9882,89.5850,267.8983,36.9836,309.8118,-86.4322,-29.6723,-166.2411,66.0888,11.0962,113.3158,3.1595,106.4872,-125.9512,-148.9251,252.9462
-121.1269,-225.8219,-229.6694,-166.6021,160.1990,209.1154,44.0851,215.8560,-116.4390,-62.4372,-143.9617,76.5142,57.1542,86.5338,40.5060,97.4867,-168.0446,-72.7400,183.1392
-113.5311,-124.9461,-169.0739,-142.4326,191.0028,150.2225,34.1247,95.7318,-125.4378,-49.4353,-63.7728,81.0217,108.5121,24.2378,42.6779,59.5076,-135.9119,-15.9517,90.5203
-54.1846,-11.5971,-91.5530,-29.7257,205.2983,142.3773,26.7423,46.4433,-193.1400,-62.4106,18.5467,80.4876,113.0815,-8.9931,-29.2075,-37.7788,-54.1974,63.2023,38.8919
10.5964,47.4676,-63.9135,126.0672,144.8770,141.6926,-17.6744,33.6444,-217.7142,-80.3805,25.3171,73.8483,48.0550,6.0901,-98.4761,-101.1141,29.4238,97.3001,4.2646
13.7368,56.2533,-60.4469,240.4547,11.8050,60.6476,-114.1814,-28.7517,-168.4933,-77.6366,-3.2101,85.2733,-35.7349,21.8219,-116.7556,-84.0665,132.6142,19.3445,-84.8514
-13.2266,71.9614,-23.2178,276.3019,-117.5425,-114.2423,-242.9129,-140.2316,-182.6866,-104.7790,-13.9916,126.7591,-124.9004,-2.2070,-133.6174,-59.4825,199.2829,-123.8364,-198.5631
-25.5819,60.3479,19.4966,231.2955,-203.5759,-249.4996,-347.6092,-208.0378,-243.9061,-186.3382,-23.2194,142.0853,-207.4936,-42.6021,-171.1908,-67.8591,161.5253,-211.8907,-224.3702
-40.2281,1.9422,24.0248,140.8212,-221.4699,-232.7424,-335.9453,-176.8389,-231.1909,-253.7027,-28.0593,82.0631,-219.0075,-62.0106,-213.1775,-66.9527,78.6641,-188.4427,-161.0296
-46.7118,0.0450,14.4944,66.9325,-158.7856,-150.5206,-208.7996,-104.5510,-164.4760,-230.9569,-6.7714,-0.2277,-157.0284,-73.4938,-261.6400,-41.5324,3.6637,-125.8160,-117.3461
-12.0214,42.2301,9.8721,8.6734,-86.5676,-123.7046,-101.6033,-79.0059,-94.9947,-157.2997,17.0320,-30.9077,-96.9838,-103.7674,-294.3818,-28.9291,-84.2100,-106.5720,-125.2991
22.9548,-18.3690,-4.2200,-59.1796,-60.7786,-111.0897,-78.1961,-101.4630,-36.3822,-156.6313,25.9479,-19.6880,-70.8856,-132.2161,-297.0408,-48.2224,-138.3492,-104.9380,-117.2604
10.9012,-135.8496,-8.5831,-67.1533,-24.5366,-38.7626,-55.6816,-93.0179,-40.4657,-226.9742,35.0393,-7.2051,-62.9874,-122.4839,-322.7066,-80.6210,-87.8372,-57.6043,-48.4566
-14.1809,-148.2746,22.7602,40.5878,51.4023,63.4799,5.0026,-10.3987,-69.0756,-192.2590,34.6539,0.6661,-53.6247,-81.8394,-377.8767,-97.2023,24.1062,36.0419,58.8940
-27.1998,-84.0516,63.4948,173.5768,105.7806,151.9119,59.2818,90.0739,-3.1615,-2.8070,18.9316,10.1958,-12.9204,-45.2427,-376.8002,-79.7223,117.3605,139.8303,149.0349
-54.4018,-30.2934,81.4582,240.7004,124.6168,224.8560,113.2792,138.8866,105.0156,120.4565,22.9837,22.1748,47.2984,-25.1304,-300.8108,-38.1074,167.2020,232.4880,178.8136
-81.2336,29.7416,75.8931,267.4977,142.3978,264.9286,182.5598,140.2364,132.1075,45.4724,45.8443,36.0494,65.8977,-6.7976,-226.0655,-5.8306,176.8279,308.2345,148.9329
-65.8455,76.4744,51.4070,283.2341,145.7517,230.4040,208.5690,111.2849,133.1618,-33.4794,38.4742,45.8454,38.4700,11.5065,-193.4852,-5.7987,169.6040,346.7440,87.1096
-25.5111,69.3731,17.4310,266.2234,111.5462,106.3132,157.5205,38.2203,160.4906,35.9369,-1.5673,47.2840,1.6209,-1.2295,-208.4214,-39.3683,153.1889,301.4200,28.0278
1.7965,40.9126,-13.0079,203.4687,38.4825,-44.2827,71.6951,-41.5133,124.5092,83.6369,-32.0011,39.6553,-57.5907,-56.4013,-269.1611,-100.4130,95.3110,170.5899,8.3933
12.6622,-10.8807,-39.8218,102.4123,-67.2823,-111.5887,-3.6656,-57.5224,53.9367,-24.2330,-37.7311,20.9691,-128.8723,-98.2943,-304.5399,-159.2987,26.5216,40.0961,21.2278
-2.0208,-85.4570,-56.3456,-2.5084,-145.1498,-85.9834,-32.2014,-41.0688,101.9486,-116.5193,-30.5260,-2.3654,-146.4577,-76.0272,-247.6222,-155.8809,23.3922,-35.0458,8.6083
-65.8342,-86.6175,-51.0635,-65.5928,-138.2684,-78.3410,-9.7881,-75.9256,206.5456,-67.4288,-28.0065,-28.0162,-127.1829,-33.1807,-174.4491,-70.9299,42.6152,-95.6774,-50.1988
-164.1890,-28.9122,-34.6563,-105.7311,-110.8061,-126.7756,-12.1716,-146.3582,143.8156,-30.1657,-43.6595,-71.9373,-150.2679,-45.9215,-189.6379,22.8546,-5.7180,-159.2071,-119.8729
-228.9670,-49.1773,-10.8848,-163.9502,-128.5346,-155.6089,-74.2771,-189.9668,-71.8609,-117.0344,-55.9774,-132.1213,-195.4645,-110.7179,-245.8733,49.0134,-79.5747,-190.7991,-181.3733
-195.0436,-102.8882,18.9911,-197.8215,-138.5835,-146.8068,-101.6433,-202.9980,-187.9383,-204.9434,-37.7602,-182.0428,-197.5447,-164.0871,-237.4491,26.6920,-112.6871,-195.3830,-231.4917
-105.3666,-82.0721,1.0035,-168.3287,-119.4005,-150.1407,-51.9746,-194.8180,-124.6184,-182.3434,-22.7534,-211.8425,-179.8305,-170.7187,-168.6851,15.3120,-136.1892,-188.4305,-260.2534
-90.6736,-91.9495,-87.9116,-143.3587,-124.0569,-169.7439,-20.8951,-177.6329,-85.2850,-116.9745,-49.1824,-211.6583,-182.8030,-143.1020,-115.2822,16.8951,-170.1534,-159.3337,-280.7898
-148.3042,-178.5857,-156.3816,-180.7245,-126.6592,-187.5940,-45.4894,-195.2077,-180.2374,-116.7770,-75.9379,-164.5169,-180.2316,-107.6479,-116.1231,3.2198,-196.3532,-127.9444,-293.5741
-128.4584,-155.9325,-158.9737,-232.2686,-78.7841,-192.2075,-48.0014,-222.6824,-231.4811,-150.4194,-57.5029,-108.4570,-137.3579,-78.1006,-147.1356,-10.8431,-224.6129,-94.5061,-246.3320
-54.2604,1.4093,-174.7154,-234.5045,-27.2010,-156.5385,4.1850,-166.9608,-103.9050,-75.8147,-26.6308,-96.3000,-55.9168,-54.6057,-134.9495,17.1158,-230.8542,-4.6495,-134.8288
-108.5038,77.5569,-205.3952,-185.7989,0.9744,-114.8063,66.7151,-59.3685,69.7917,100.3233,-22.0079,-95.5625,23.1255,-39.6663,-42.5793,86.0971,-160.9697,110.2228,-51.7413
-216.4821,21.3721,-156.2590,-116.3925,33.7843,-151.1413,94.9334,-20.2053,148.7454,152.9315,-19.4077,-61.7421,31.8171,-39.4033,32.0755,132.9888,-45.7460,161.0603,-43.4965
-119.6689,-15.8790,-47.3281,-41.7039,45.1633,-218.1455,70.1195,-28.1180,149.2289,21.9709,15.7666,-31.6030,-38.2894,-51.0580,-18.5727,103.9239,50.0112,193.0390,-40.4125
126.5344,16.0858,35.7858,34.4902,21.0743,-173.0021,22.6918,5.9366,87.6888,-46.4294,69.2442,-30.9318,-103.5348,-58.5327,-111.8129,28.5320,118.2541,279.7851,16.2720
244.1387,36.2461,103.1413,76.2095,18.3599,-9.8545,-0.0934,45.3513,-23.0151,30.3735,94.3444,-22.5153,-110.6952,-33.8822,-110.4918,-21.9219,139.4662,351.2921,94.4367
206.4016,-6.8384,151.1704,42.9328,37.7959,163.2504,-17.3194,51.0823,-86.2219,36.8621,69.1909,2.9798,-95.0165,24.9893,-66.0646,-28.2020,84.0255,358.8009,146.7726
166.7823,-79.4781,112.3022,-25.9072,40.7523,296.3194,-52.6348,88.2983,-62.0315,-50.4800,27.2064,20.3752,-90.6673,56.3623,-73.1150,-11.8254,1.3389,360.0176,180.2132
137.3836,-103.7752,28.4528,-62.1488,53.0955,378.8311,-55.3280,157.3490,-16.0943,-11.8668,4.6520,31.9448,-101.8361,28.5056,-62.0884,23.4513,-49.5743,348.6215,206.9082
56.3407,-48.9811,4.7537,-63.2185,60.8836,390.2222,-23.8267,178.6331,26.3252,150.2383,-20.2924,45.5028,-135.4150,31.1437,14.0779,68.7621,-84.4860,290.5533,183.6858
-57.8010,26.5863,10.5718,-36.1080,-0.8918,343.4696,-44.0033,168.1703,52.2740,223.2916,-74.3221,49.1470,-165.4449,108.9193,47.8321,88.6404,-118.9212,237.3886,95.0082
-145.4259,51.1597,-30.2924,6.0952,-64.0878,260.7451,-96.3182,178.8304,28.0821,158.1352,-119.7726,30.8836,-136.3567,127.7886,8.2274,69.8631,-134.2017,188.6114,45.6107
-147.5858,7.7155,-76.8044,-25.9451,-8.8043,153.3479,-49.6111,174.7684,23.8423,73.2550,-106.8455,-6.0302,-47.5553,22.8901,-2.6865,37.5580,-127.8126,92.4834,121.5196
-67.6538,-64.0498,-62.6360,-139.7569,116.9580,76.4261,104.7217,144.3656,83.3815,56.5398,-39.5026,-21.4344,46.4177,-48.7979,19.5357,18.1948,-102.3287,33.7991,230.2002
-14.4354,-106.2150,-4.6450,-167.2172,197.7568,69.2148,227.8415,144.6021,74.5886,112.1198,39.9433,16.4043,101.1357,-6.8792,-7.9880,15.6833,-56.7639,97.2428,250.5930
-31.7455,-115.0406,41.2336,-66.4980,213.9790,76.4069,239.6793,167.1680,5.4101,178.6597,75.2102,46.9215,91.6899,31.9766,-68.1470,4.2319,-11.2109,176.5518,225.1262
-15.5651,-120.9883,36.6688,-17.2619,191.1954,72.4221,199.2535,170.2375,87.0427,200.8026,30.0037,18.1787,28.8062,44.9067,-78.3222,-29.3674,15.3178,190.9888,239.6082
61.0624,-102.8777,-7.0050,-69.2493,168.7278,128.3162,193.0182,181.6507,241.9314,184.4445,-54.1518,9.8847,-21.3777,114.4358,-9.3818,-30.9031,11.5919,214.8372,266.0472
95.1295,-60.9740,-36.1836,-98.2441,186.7472,250.4315,216.0688,210.5311,194.1909,148.1828,-90.4739,68.5550,-18.6282,177.6418,89.3962,26.1446,-31.9605,260.1447,250.8114
69.9183,-70.1560,-27.1050,-87.1354,206.1649,354.3204,197.6779,214.1778,37.1009,124.6094,-51.1629,99.3190,1.4449,160.7859,116.6747,36.1305,-67.7741,265.8093,213.8497
37.5800,-109.5047,8.3367,-62.7862,186.1618,432.4962,138.6558,212.0248,-25.7701,146.7883,23.9821,82.6176,29.2341,174.0327,69.8833,-59.9149,-22.1092,276.5743,190.3240
-21.5729,-70.8005,69.0755,34.6103,187.3162,521.5132,113.0707,233.6314,-130.5240,125.0547,87.5988,114.5586,105.9073,252.1979,101.1951,-113.4108,71.3150,336.6107,166.8925
-91.2040,3.7502,118.7852,158.4003,221.3350,547.9298,112.4093,212.8531,-294.1179,-26.4477,105.6525,171.9844,192.5673,234.6910,217.0720,-19.4571,114.0547,351.0084,109.3004
-83.1694,11.8598,88.6995,166.6404,199.6288,434.8291,67.8568,118.0876,-224.8289,-148.5167,76.1510,163.4855,191.6911,102.9271,193.9014,78.0750,98.3732,259.6305,29.3959
-28.4457,16.3661,1.8437,94.2869,135.7950,271.3447,18.4358,36.7185,6.4098,-88.2734,33.3739,137.8881,126.2558,36.4937,21.7868,54.2766,72.1714,155.0938,-17.9198
-27.2794,73.3557,-50.1365,73.7960,113.8625,178.9394,35.4805,9.4670,18.0340,7.8813,1.5203,161.0738,107.2614,73.8482,-23.3883,1.1623,40.7963,103.7016,-39.2704
-27.0516,95.4593,-52.1199,95.9313,84.7983,118.2836,46.7273,-27.5023,-128.7604,0.8803,-6.1490,174.2304,134.0310,93.0760,92.1523,1.3037,1.2333,23.3556,-118.9969
59.9945,70.2343,-40.3895,97.1932,-26.1964,-11.3903,-44.9139,-97.9918,-144.3072,-25.5860,34.5919,143.5676,112.2443,63.7202,107.5009,5.4568,-36.2352,-165.3105,-269.4075
146.8332,76.1504,-17.6754,87.4823,-156.0321,-184.5671,-181.5781,-160.0816,-130.9112,-38.2521,95.5554,122.4843,32.1486,36.6822,-36.2508,-7.1588,-65.0439,-374.5449,-388.0331
134.5725,82.5469,3.3899,85.8488,-224.6998,-285.8174,-258.1913,-191.6680,-246.5088,-87.2729,95.0307,127.8219,-28.1894,27.9356,-156.8191,-21.6773,-53.7052,-441.5588,-398.4184
86.8512,40.1706,-3.1003,93.2949,-217.5760,-254.4619,-262.3424,-180.0732,-328.2365,-113.5702,33.5019,138.4581,-22.7760,59.7665,-164.8496,-78.7413,8.0238,-339.8066,-300.8265
54.8340,3.2510,-18.4840,101.7261,-128.7327,-114.7993,-209.8024,-97.4990,-277.1583,-72.4889,-11.8264,152.8518,35.4842,144.5984,-86.1211,-160.1239,38.4439,-185.0158,-124.7135
-24.4846,-19.0175,-35.1786,76.3236,-16.0162,69.0308,-110.5807,48.1902,-203.5565,-16.3614,-45.2785,159.5559,91.9044,209.2164,26.9786,-147.7312,-21.1233,-72.0462,53.9099
-129.2640,-80.8495,-96.3705,19.9248,3.7255,221.3381,-38.0580,197.5347,-137.4543,49.2731,-121.7895,146.3582,67.0580,195.8037,71.2262,-33.6718,-101.2199,-20.0304,147.8008
-131.7479,-140.9332,-200.7222,-11.2970,-72.2303,289.4989,-68.7985,289.1191,-96.3883,105.6620,-204.9000,128.1466,-51.8133,158.8930,10.8996,44.8902,-139.1129,-16.3999,156.8690
-45.5983,-116.0796,-281.1571,-20.8294,-150.0326,268.9995,-163.0047,296.2269,-195.1053,77.0981,-230.6234,106.2731,-169.6963,136.3777,-46.4776,30.9713,-173.6034,-36.0705,120.8652
-7.4924,-24.5685,-300.4369,-57.8188,-215.7885,180.0681,-236.4533,227.8962,-375.2267,12.3377,-219.2023,67.1074,-217.8302,69.8125,-48.3176,-15.2740,-224.8880,-70.8807,39.7766
-27.6073,53.2226,-270.5952,-97.7208,-291.1906,58.6395,-283.0025,118.4957,-404.7166,-0.2303,-206.4084,16.7248,-233.2717,-46.1257,-67.1632,-72.6605,-239.8352,-118.0441,-56.5766
-36.7578,69.7135,-207.1744,-82.2232,-320.3116,-28.0365,-318.7013,22.1189,-263.2991,-20.3954,-179.3111,-35.2735,-239.8129,-114.3919,-113.6930,-146.4262,-191.5267,-120.2765,-100.9851
-64.2906,42.4647,-131.0397,-17.6720,-271.6466,-44.6628,-328.9685,-22.7705,-173.6069,-71.8261,-137.3791,-71.5825,-206.6335,-124.0629,-119.0419,-185.4579,-120.8293,-50.6042,-116.1177
-123.6002,34.4913,-79.2833,48.1496,-219.8668,-67.0912,-347.5783,-62.1480,-249.9137,-76.4071,-116.5744,-61.0074,-169.3823,-185.5301,-88.1035,-172.6552,-77.7141,-15.0900,-190.0608
-118.3736,78.7210,-73.3438,80.0263,-228.6178,-186.1893,-420.6248,-179.5581,-359.4427,-80.7393,-129.5072,-22.6372,-199.1814,-300.4871,-85.8218,-178.0046,-68.2058,-87.5945,-315.2106
-26.4496,139.4289,-82.9776,75.7256,-270.8363,-344.0754,-478.5884,-331.0833,-342.8349,-153.0175,-139.5916,-15.0778,-245.1008,-330.0677,-121.6655,-218.6996,-60.1605,-172.2373,-391.6553
50.4211,154.8098,-52.9569,59.4358,-290.4931,-395.6681,-434.5068,-373.1404,-251.8242,-188.9079,-112.7721,-35.1105,-210.4164,-249.9626,-145.5066,-211.0662,-42.5930,-183.4362,-370.5376
55.7642,88.0997,8.4001,37.7095,-258.5423,-312.8430,-340.6830,-291.2164,-248.4441,-128.7816,-74.3346,-43.2380,-138.8620,-179.1851,-123.0616,-122.9389,-44.3104,-157.4621,-299.9907
9.5587,-20.4125,17.4452,-1.0563,-181.3441,-192.8811,-277.2921,-203.7992,-307.6496,-62.4393,-70.4121,-55.1218,-128.8779,-147.9266,-77.8102,-29.7757,-68.4454,-124.8694,-240.1920
-45.3814,-82.5456,-68.1573,-48.0388,-97.2135,-96.5919,-232.7938,-148.4001,-257.6680,-24.1950,-89.1140,-101.6480,-158.1663,-107.0525,-42.1763,12.8650,-84.9662,-87.5034,-189.7041
-62.8828,-104.9774,-196.4536,-96.6051,-47.2129,-12.6988,-198.0038,-78.0264,-88.8517,5.1288,-101.1059,-166.2651,-162.7291,-92.8503,2.0625,34.2133,-102.2736,-68.3683,-126.2695
-80.8113,-156.8413,-292.0801,-135.7583,-40.3732,59.2946,-186.4878,-4.3661,52.9544,23.9409,-124.1693,-209.6429,-159.9095,-126.9385,65.5840,73.0294,-136.3496,-45.9008,-74.1250
-161.0940,-183.9741,-294.9266,-102.6204,-56.4343,108.3567,-160.7615,35.1664,93.4818,76.5550,-150.1502,-202.8472,-173.1700,-119.8148,94.4427,108.0575,-132.6983,18.2345,-60.6557
-186.2569,-109.3464,-188.0040,25.3456,-72.3635,140.3253,-107.1707,48.5435,43.0518,148.5597,-120.1300,-159.2337,-175.6282,-61.6618,65.8330,76.4455,-41.5945,75.1208,-58.9961
-36.1907,-24.2605,-50.5392,151.6782,-78.5580,137.7460,-70.2889,41.5881,-42.3809,126.8053,-44.0040,-135.5529,-161.8235,-59.1263,49.8584,-31.1069,81.8594,73.9782,-37.4435
115.9969,-12.0343,21.2650,204.1222,-82.8365,76.4781,-36.8738,23.1736,-44.8598,54.8423,2.8580,-147.1217,-155.0334,-104.3869,93.1933,-109.6967,148.0909,40.3669,6.0157
89.0674,-4.5962,33.5110,205.4984,-106.9785,-4.8082,21.1028,31.3696,60.1010,68.6427,4.8146,-152.4998,-156.4436,-104.6889,141.6781,-66.3918,135.1355,-23.0621,66.3470
2.7545,15.5351,22.2905,152.3347,-166.3168,-69.3897,36.2901,40.9568,126.8627,83.9964,-10.3157,-153.8727,-163.9890,-101.2114,129.3515,13.6536,71.7416,-128.8622,97.7575
-33.5550,-13.7409,-19.5843,36.9410,-246.3246,-173.1956,-31.8324,-39.5717,83.6419,-11.6010,-31.6849,-179.1244,-183.8597,-170.9341,70.6752,-19.6257,-8.2485,-220.1057,24.1990
-94.6863,-48.5378,-53.9019,-60.6292,-313.2488,-356.2419,-118.6347,-206.5955,23.2149,-106.2528,-30.3067,-187.0665,-201.0379,-240.6324,36.1797,-140.3103,-74.8462,-265.7551,-137.0018
-152.0858,-27.4958,-20.9991,-91.0603,-349.6017,-528.9894,-193.4601,-355.4647,-20.2998,-140.6474,3.3861,-139.3696,-202.3129,-217.9140,52.1122,-205.3219,-111.4248,-308.0728,-281.9219
-117.6103,-6.0194,32.0210,-97.9803,-358.1431,-580.3371,-270.0103,-437.3781,-91.8463,-202.2334,11.0978,-82.7893,-192.2956,-140.2915,62.1814,-190.4962,-108.9516,-326.7327,-355.9669
-84.3485,-18.4183,39.0328,-72.9983,-329.1598,-487.7416,-307.7574,-452.9470,-137.9392,-235.6832,-16.2665,-52.6574,-152.2778,-79.4851,32.0441,-177.7073,-49.8623,-248.2582,-337.7727
-116.8520,-24.1081,43.4085,38.7822,-230.7468,-273.2205,-271.3080,-361.7713,-82.6002,-147.4912,-6.3129,-20.7987,-61.6010,-43.6517,10.7551,-182.0031,66.2103,-87.6991,-187.8058
-105.1806,-10.0482,91.3626,190.9761,-49.3411,7.1700,-161.6813,-170.0807,7.9728,-64.2418,44.8887,20.1481,52.5564,4.4388,24.5171,-152.1777,196.4170,71.9574,36.8638
-42.8330,27.4295,148.3425,278.4908,159.0435,233.5591,35.3242,-3.4592,34.6795,-91.4082,79.7990,42.7865,155.8067,96.0872,44.2080,-79.3981,282.9185,164.4048,176.8230
-59.9173,79.0772,181.6676,268.5441,284.0603,315.1229,251.3035,52.1922,26.9496,-108.7212,102.0417,37.2873,228.9007,186.8261,87.7352,-3.5224,289.9640,154.2930,181.5930
-161.9507,62.4813,178.9347,197.2601,269.4236,273.3503,326.0287,57.3376,72.0636,-28.4657,118.1820,8.9792,232.5008,185.3022,177.9867,46.0860,221.0597,69.0767,150.3062
-242.0700,-50.1247,121.4336,104.3962,178.3159,164.1585,249.4640,64.6276,176.7992,64.8342,81.5613,-24.3084,159.4144,106.0531,242.8760,68.5994,120.9012,-25.8583,140.3410
-242.3436,-149.9164,32.1661,-9.6635,95.0033,18.3985,172.2683,27.2505,272.5417,95.0445,-4.0431,-33.2213,78.8636,60.7378,237.0903,67.0673,28.9902,-119.5443,118.0667
-195.4137,-174.4889,-42.6401,-159.9517,19.4279,-113.5118,140.5163,-48.9704,298.8231,81.4256,-83.6866,-27.5427,30.6080,69.4353,233.1731,35.0815,-66.1935,-213.1065,75.8136
-212.9145,-175.5886,-100.6011,-282.9115,-69.5724,-193.4252,88.4028,-68.1916,246.0948,72.8974,-146.8355,-47.3470,-15.9999,48.8261,261.9879,-10.0949,-161.4707,-255.0229,38.6771
-325.3166,-171.2256,-133.8486,-265.4104,-132.2475,-272.5922,6.1121,-41.3656,158.2259,83.9014,-187.5368,-77.9792,-51.7790,-31.1468,259.9865,-23.1129,-170.0266,-239.8147,-17.7256
-361.4889,-125.0797,-99.7349,-114.4319,-137.1024,-404.2588,-92.4884,-94.3475,88.6458,63.4010,-168.2482,-66.8711,-35.6952,-126.1463,218.2639,-11.0733,-35.5373,-226.4411,-137.0913
-221.6460,-28.7203,-6.5693,41.8734,-129.8981,-514.1901,-211.7545,-229.3112,22.3465,-19.8206,-96.9612,-22.8848,-0.2521,-191.8360,174.7159,-36.9434,140.5453,-208.5264,-281.6731
-60.2234,83.9702,81.0958,129.0595,-154.9081,-495.6672,-304.2393,-309.9691,-84.8271,-74.2799,-24.1225,-1.0508,1.2586,-193.7343,115.3913,-87.1550,212.8648,-144.5209,-357.2991
2.6295,144.2117,121.0473,161.1484,-173.1464,-373.9073,-315.2109,-282.1190,-174.4868,-17.2178,24.2153,-7.5147,-11.2118,-122.2227,51.4269,-72.9438,165.9362,-66.4618,-335.8779
10.8241,120.9949,103.9287,140.9451,-116.4105,-233.8766,-258.0950,-198.8130,-153.8934,55.9445,38.1757,-6.1382,3.1441,-22.9125,53.5921,3.5730,76.6924,-4.3021,-258.8543
-9.9063,90.5031,47.5840,56.0223,16.0554,-76.7943,-167.6613,-90.9894,-71.1251,32.1170,22.9109,6.6690,41.0111,47.7504,110.8376,64.0844,-0.7430,70.2390,-144.1074
-17.5627,103.4511,-2.0655,-45.6295,149.4698,101.8086,-80.8613,27.6424,-11.6223,4.3078,12.3813,13.4053,67.3394,85.9375,134.3210,115.3687,-36.3303,145.8993,-0.1711
64.1058,94.6716,-28.1748,-74.7572,207.7023,219.5258,-43.0675,125.9187,50.9249,97.4077,15.8589,30.8311,48.1197,129.2433,121.5065,198.7867,-13.8146,176.4963,117.5199
136.4110,48.3110,-52.1219,-29.2315,176.8896,230.2926,-51.1517,191.4320,95.0728,206.3175,8.8687,72.6754,3.3152,185.4958,136.7802,258.2213,28.0332,170.1609,162.3338
73.1904,38.8941,-62.1455,-11.5499,98.6093,184.3553,-71.5590,210.0191,25.1034,187.2944,-2.1474,97.9413,-1.1796,191.7110,173.0735,237.7536,27.6620,142.1233,143.1545
15.3072,61.6115,-27.9166,-53.4318,14.4089,98.3169,-102.2168,161.5820,-58.4510,133.4436,3.4825,74.2696,29.5352,99.6650,182.9631,184.5284,-13.6051,67.6201,92.0358
92.8945,59.2272,31.5543,-75.9523,-69.1108,-38.7468,-123.1115,93.3376,28.1767,155.4689,12.6696,31.8814,15.9312,-18.9692,179.0617,137.8449,-44.4227,-40.5972,62.0381
152.9362,55.4916,72.6242,-77.8901,-153.1767,-160.9610,-94.3722,63.9217,161.2658,143.6592,10.8380,1.1333,-48.4416,-68.6023,196.4208,78.6686,-47.4233,-120.2722,79.4945
80.5431,87.6399,68.9499,-111.5068,-216.4790,-235.4343,-62.4153,27.2515,95.8620,37.7598,-3.1494,-13.1243,-99.4472,-72.9027,210.1337,29.2400,-49.2767,-141.5421,49.9505
-21.7596,139.3861,22.5678,-90.1383,-255.6092,-333.6808,-117.3781,-72.4835,-88.4176,-21.2538,-29.6054,11.2564,-129.3692,-80.0009,163.6842,28.8952,-54.6999,-114.1608,-111.7214
-71.2459,187.9725,-9.1432,48.8698,-310.7449,-430.6927,-244.0658,-185.7818,-146.1434,-17.3064,-40.2482,67.7344,-158.7280,-56.2851,63.5353,32.5237,-30.4326,-50.5564,-281.3371
-52.4167,188.4396,31.7395,133.4440,-373.5667,-381.5327,-332.9690,-256.7760,-52.0480,-97.2487,-5.1686,81.7784,-160.0058,-6.4703,-3.6789,-15.4718,30.6355,27.1122,-283.3358
43.4974,98.4663,100.4759,41.4422,-337.0753,-179.1760,-297.1515,-282.2318,55.4560,-213.2578,44.8941,26.8982,-112.3522,-1.1905,24.9272,-61.5140,81.0173,97.5322,-139.3359
132.0305,-11.5342,118.5100,-79.9635,-140.7009,52.3360,-143.0552,-233.1898,91.8135,-185.0373,69.9273,-19.3839,-30.7094,-11.4102,101.2773,-9.7159,78.2821,170.9622,32.7985
140.9772,-25.8436,101.4055,-111.0779,124.9221,278.1831,36.3363,-90.0137,70.3478,-40.6600,81.1139,-8.4835,81.5070,51.1561,140.4107,134.4442,32.8063,263.2095,181.5671
157.6183,57.8266,95.7304,-112.0614,349.0143,497.3871,171.2618,78.5119,72.2166,73.2619,87.8670,15.0263,210.3434,140.7617,144.7643,252.2345,-17.2967,351.8651,279.6253
230.3845,165.0093,89.4436,-104.8196,511.9582,620.5258,284.4048,193.9084,144.1995,128.8514,78.1540,7.3850,302.5192,153.1656,172.6115,250.1459,-43.4767,391.9399,316.7588
266.0424,241.2506,70.4803,-59.4637,611.1605,601.8126,390.1448,244.3289,207.4518,157.2507,63.3852,-28.8848,327.9279,104.6605,222.7237,184.7425,-42.8341,364.3844,327.3522
241.9884,251.3123,51.7262,-28.0984,623.3741,514.5281,448.5417,251.6216,186.5618,175.4585,55.0934,-81.9833,314.5996,58.8826,245.1497,176.6044,-41.6566,292.0664,314.4128
217.2121,200.8352,25.2981,-53.4194,565.7786,429.2713,461.8369,258.5623,155.5988,213.1088,43.9665,-138.8004,299.5812,17.4546,239.0773,217.1067,-66.2391,205.2930,274.0895
190.6147,150.0615,-1.0624,-102.6091,477.8800,360.3053,459.2827,300.5851,205.5122,257.2187,44.4561,-175.9433,285.3868,-15.1293,249.4971,203.9043,-111.8883,100.7382,270.2190
170.4380,134.3462,13.7427,-154.0466,363.3621,273.1763,419.7340,326.3525,267.5156,251.4936,72.5301,-174.6656,247.5091,-17.0198,275.2218,137.3072,-155.3401,-39.8026,295.1376
187.5233,133.5727,60.0346,-180.5739,220.9037,95.6366,339.7566,246.4877,229.5135,195.6817,91.4922,-143.4869,184.5919,-25.1662,257.9150,94.4162,-170.3020,-184.3318,219.3215
185.6475,134.8037,80.6221,-132.8451,79.9767,-150.4030,265.0923,79.6685,147.7436,135.5929,70.7442,-115.4876,137.1876,-78.5503,172.3462,69.0713,-144.2622,-251.6268,34.8061
133.5007,152.3320,72.1695,-40.4201,-24.4067,-302.4194,202.2550,-57.3015,140.8127,95.6422,49.7559,-96.9734,120.1317,-119.9410,70.5311,24.6606,-113.6671,-213.0840,-112.4004
120.8128,190.0976,76.0027,17.6632,-71.8171,-275.5461,136.7878,-96.7112,130.8840,73.1186,70.7783,-49.4562,100.6260,-85.0658,14.0474,3.6450,-123.9320,-139.5956,-178.7989
168.6247,220.2460,91.1829,32.9414,-63.6702,-157.3939,89.7245,-76.7265,-7.8135,45.9110,102.1745,32.7577,78.4656,-17.1755,3.6804,32.3118,-143.8225,-90.9214,-214.4907
177.5354,211.3061,86.7244,34.1154,-21.7014,-19.2818,68.8984,-51.2114,-115.2715,23.4469,94.1569,99.9772,85.4175,24.5528,8.8114,52.4645,-122.4786,-32.7652,-183.5244
118.3903,175.3138,69.5021,24.1486,41.9234,137.2381,75.3914,-6.0861,4.1501,67.1584,72.9433,132.7757,106.8796,65.4527,23.3310,41.4780,-94.6252,60.8655,-68.8601
49.0768,142.6779,74.5822,9.9510,121.1056,251.5757,125.9164,72.6111,141.7106,158.4709,97.8190,148.6558,114.1484,117.2114,40.4141,50.1071,-97.5232,126.9755,16.1480
13.2182,116.0846,104.5038,12.8661,176.7121,245.8068,163.1260,111.2777,21.7304,178.0416,144.1101,147.6891,117.8388,122.8875,21.6092,85.8706,-73.0218,124.3277,9.7020
45.4525,127.5999,129.3968,58.2080,164.8042,150.0875,106.1375,61.6290,-180.8779,105.4397,144.4674,148.2344,116.7383,87.7024,-37.6775,96.2337,23.1840,100.9723,-12.0103
139.5152,237.0349,149.7557,152.3396,99.4664,42.0329,28.5175,3.8842,-172.9034,34.3827,122.2389,185.1759,97.0982,81.2288,-67.4572,64.3846,132.8660,81.8786,-6.4834
219.4609,375.0566,190.6111,225.0995,33.8814,-63.8674,46.2651,-18.1070,-27.1669,-1.7114,134.0090,227.3950,86.4984,78.0307,-29.1838,23.4084,183.9533,28.4302,-20.4234
254.7966,379.4257,219.5594,189.8026,-9.2843,-185.7454,96.0743,-85.0535,46.8885,-7.2954,144.8388,230.0189,99.9737,24.4652,10.6355,-5.7060,156.1781,-65.4225,-67.3370
289.6697,267.9373,178.3629,79.4925,-68.1258,-305.2492,63.5654,-201.9120,31.2404,34.8679,117.7292,222.0297,97.1085,0.4644,-4.8420,-36.1004,67.2079,-173.6257,-114.9991
332.7148,232.1660,102.3733,-11.4274,-199.4453,-400.7543,-29.8460,-281.6454,11.1373,51.0298,102.4044,218.2857,54.5491,58.5591,-37.5326,-86.7464,-24.6070,-298.6729,-181.7912
369.8662,333.0726,73.5054,-53.7507,-378.0452,-511.1785,-130.2714,-365.5238,30.6892,-69.2561,119.2834,185.3879,-12.0018,76.0468,-54.7660,-150.7699,-52.0023,-411.3841,-315.4811
411.2849,444.1636,89.3320,-40.0906,-473.6666,-658.1767,-233.1155,-531.5951,42.0330,-256.6035,122.5239,152.1940,-79.0311,-0.7711,-84.9417,-201.6029,0.5794,-418.6360,-470.8094
423.5631,472.3783,119.2673,38.3257,-398.5952,-723.5060,-302.0070,-663.5262,-38.5852,-335.2741,115.2214,163.3061,-96.0614,-36.4135,-127.6163,-225.5586,105.6777,-291.8609,-521.1410
371.2787,446.3990,191.0911,132.3908,-214.9676,-580.2724,-288.8690,-626.0019,-139.0378,-275.5074,134.6056,172.4967,-26.6406,20.4816,-145.2977,-216.9119,215.9167,-127.9647,-431.9907
325.4696,424.0216,287.0273,193.6449,-34.8785,-321.0781,-218.6144,-494.2915,-120.9572,-193.5368,162.0235,152.4949,75.8293,61.9132,-141.4275,-161.5669,268.6079,-28.9866,-315.1821
349.7878,419.3271,305.7636,218.5075,87.1445,-136.3899,-148.8378,-392.7107,-77.5309,-166.0804,163.1912,154.2951,141.3780,52.2628,-122.0373,-76.6187,245.7601,-18.1000,-255.8366
379.7285,406.4050,231.4423,174.1348,132.9350,-48.7262,-95.0148,-332.8877,-125.0981,-155.5926,141.0480,169.0626,165.7553,47.2303,-59.2226,-19.7492,198.8046,-74.6853,-208.3209
352.3443,363.3165,169.6273,53.5067,110.4958,15.0512,-36.0792,-291.3355,-99.1673,-108.6199,118.7660,146.7550,151.0407,59.1612,9.4240,-6.8312,165.1575,-152.9023,-116.2908
296.9201,298.2290,175.1767,-38.7057,73.4572,57.1505,35.7801,-238.0845,68.8284,-64.6765,128.3062,126.3276,98.6816,85.9474,3.7814,9.1824,138.8686,-186.8851,-4.5867
245.3381,232.5915,206.6894,-38.1181,63.4736,91.9823,91.5241,-126.8936,138.8707,-79.7108,166.9919,147.2320,60.0775,127.7035,-31.4967,43.4774,126.3090,-156.3532,94.9776
211.9016,190.2132,232.9501,-9.3222,59.4669,177.8035,116.5357,31.3105,83.1614,-91.0604,180.2776,163.8012,58.6564,138.5469,0.3418,55.1566,147.5897,-108.6549,204.7943
224.4522,189.8155,259.4824,21.0174,32.9094,277.8626,147.8884,186.4024,141.3401,-21.2924,164.1691,164.3636,45.8079,108.6156,46.2999,31.8307,206.8386,-72.7390,341.1840
268.7456,212.8844,292.0594,92.5305,-4.7592,295.1570,198.0408,311.8830,249.9358,59.6115,177.6324,179.9126,13.1493,100.6071,23.7678,7.8501,285.0747,-34.9060,441.5419
297.7354,207.4370,329.2147,171.4198,-45.7191,222.8903,217.1584,358.1776,187.1055,56.1252,216.2329,171.1010,7.7977,122.1425,13.9920,2.3224,333.3357,-24.6366,415.6873
309.8628,150.5154,349.7519,203.2612,-120.3281,114.3957,175.8502,290.2550,98.8631,10.0424,237.4604,100.7770,29.1857,119.2233,87.9589,7.3108,320.7689,-93.3018,277.9357
312.4662,97.7180,330.2287,213.4827,-246.6844,0.5381,81.4877,189.1674,167.2288,-12.4387,260.8556,28.1756,42.9877,84.6951,140.4379,18.2696,289.3938,-197.6731,141.2272
291.3895,140.8556,294.8138,215.2114,-374.6652,-98.5240,-55.0309,128.1649,187.2588,-48.0504,285.3404,3.0999,43.4869,37.8108,95.1523,33.4770,274.7515,-254.8646,54.0150
275.8383,259.3482,270.6525,173.0252,-427.6506,-170.5166,-165.0361,53.5242,18.5935,-132.5565,249.8801,6.6213,34.9680,-9.2295,33.9635,38.8307,238.2345,-270.9284,-30.2284
280.6499,280.7847,220.6797,103.3158,-382.4214,-197.0201,-152.0084,-54.5347,-106.5755,-209.3216,169.6283,25.5932,33.5815,-17.0180,19.2213,12.8256,155.1322,-264.8555,-111.2163
220.1663,130.8823,117.1501,47.3960,-260.3161,-133.3658,-40.3559,-117.5090,-49.4540,-232.8873,119.2791,44.0700,72.4828,16.7084,27.8972,-43.7174,50.6838,-191.2801,-134.2813
64.6732,-15.5614,3.3238,-17.4944,-82.9507,-1.7068,61.6333,-129.7648,32.6500,-235.3411,87.3759,21.7606,143.8833,21.0814,58.9808,-80.4424,-55.7527,-71.3905,-104.2927
-56.3800,-15.2163,-87.3065,-105.7670,106.6684,81.0064,131.5286,-144.7432,57.4666,-216.8408,28.0194,-21.5563,208.2068,-12.4419,111.1841,-44.0624,-124.1412,-1.1157,-55.2116
-76.4705,43.0314,-155.6469,-153.5659,244.2809,83.1480,210.5192,-130.1427,96.8789,-134.4677,-29.6725,-22.7350,259.8675,-7.8205,136.5780,31.9596,-116.0724,37.6950,25.1961
-95.3822,58.5707,-170.6653,-124.2258,316.3691,110.8203,294.4494,-42.3361,141.1704,-51.3337,-36.8194,-4.4900,305.8110,38.4780,131.8474,63.3981,-93.9052,128.8400,139.7557
-161.1404,36.3576,-114.3911,-79.5765,365.3834,207.6739,359.9406,84.2562,158.0753,-51.2304,11.7765,-35.7179,342.5267,54.2408,154.0813,52.6725,-117.4713,220.5384,250.6742
-213.9108,-35.5260,-49.7377,-72.7662,408.1166,278.1183,407.9813,212.0517,222.6221,-24.9172,84.8740,-94.3624,385.6385,25.0748,217.0628,71.8869,-121.1367,212.2260,332.3979
-242.3999,-121.1618,-33.3633,-79.2816,414.1437,221.7375,443.9108,296.4076,344.3116,118.5491,129.0117,-117.0754,429.1600,-9.2183,278.6081,109.8154,-81.2139,111.5606,362.9517
-248.1639,-100.5550,-47.5659,-84.9294,355.5669,29.5438,459.0872,263.8635,394.2695,201.5291,123.4341,-112.0196,418.8829,-30.2745,295.8384,91.5664,-86.6213,-45.1376,311.3287
-171.9052,-7.4257,-66.2716,-111.8905,242.8349,-193.7127,416.5139,153.0369,339.9574,133.7709,99.0582,-104.7534,346.7730,-31.3485,256.0708,40.1496,-124.5712,-222.4104,205.9996
-36.1909,1.9722,-81.3950,-134.2988,128.2850,-290.8293,295.8836,113.0929,303.6465,135.2134,56.7750,-79.0502,269.9906,3.7147,209.5551,46.8154,-103.2868,-322.5002,130.8753
35.0828,-38.3959,-77.4887,-125.6755,62.8699,-236.7237,176.5699,169.2768,338.8106,261.3652,-23.4620,-48.5753,215.2084,72.8472,212.5133,103.4201,-71.7924,-313.0954,121.9767
19.5875,-1.8327,-56.0122,-149.0687,46.3116,-166.8896,154.4099,207.4607,372.4375,284.0895,-85.3809,-54.8487,185.9643,140.7069,204.6711,126.4491,-105.5679,-283.4018,143.5053
1.8482,54.6094,-28.5181,-213.6476,55.9365,-139.6446,189.1026,193.5164,348.1856,201.0531,-62.8524,-66.5813,202.8040,173.5028,84.2155,102.1567,-126.9013,-228.2097,145.7887
11.5173,56.2923,17.5390,-177.5790,86.3170,-72.1037,186.7579,183.2387,275.1233,191.3703,0.7908,-29.0655,234.3025,177.8490,-110.5665,69.3712,-59.1904,-57.2624,105.0907
40.7426,88.7563,75.7039,7.0460,124.1714,38.0323,154.6681,173.1103,202.2483,184.1237,27.5618,20.7520,210.8785,166.4990,-261.2945,26.1014,65.8326,144.0791,51.1817
103.0558,180.7533,107.9748,171.3086,154.2575,84.4205,141.9161,125.1460,192.4579,83.7309,10.8576,36.8229,149.3425,116.3638,-335.1515,-37.9522,212.7153,214.3774,50.9667
169.8769,220.8656,115.0100,206.8667,191.8985,63.3466,156.2477,71.3189,248.6174,46.4454,-17.2876,58.4432,120.1199,38.4240,-355.3588,-87.5741,334.3823,196.0599,123.5186
187.9965,180.5879,115.8040,193.2697,234.1150,71.5532,201.8612,81.1279,314.6711,134.5479,-38.4191,94.9820,114.1131,5.8158,-334.5485,-88.1032,354.0128,205.0225,208.9957
161.0255,147.1891,92.6214,188.7465,233.6040,114.7433,258.3422,167.1892,373.0527,205.0892,-57.6475,80.7648,69.8388,19.5099,-312.3921,-47.0739,296.3388,215.5388,242.5564
114.0538,145.4780,62.1012,175.4590,174.3676,111.6767,249.1436,264.9884,424.3744,229.7009,-89.1307,20.9765,-25.8094,-3.7567,-330.9198,8.8056,265.8223,188.0966,213.6362
62.9967,123.3650,88.1766,171.2092,79.1929,42.2434,147.9467,301.9661,423.3193,253.4236,-111.7278,-13.1050,-140.1290,-52.6362,-372.6188,53.2021,280.7618,158.9577,157.3447
48.8707,78.3186,161.9195,178.7637,-44.5729,-39.8076,41.1006,283.0460,363.9904,230.4791,-85.2878,-21.4769,-229.6611,-36.2589,-396.6851,68.9059,300.7028,118.5796,123.3405
83.0566,68.2407,215.2558,148.4031,-161.4232,-84.1065,22.8392,276.3779,318.0152,184.6761,-32.1876,-17.3820,-254.7879,31.5526,-378.7163,63.3125,318.6286,38.6932,133.0140
100.1893,97.4899,226.5821,92.5659,-195.7385,-66.0696,99.2450,313.4354,315.1127,202.1723,-15.4089,47.0536,-212.2428,73.6551,-317.8812,55.1929,314.4107,-27.2839,159.1557
60.4016,96.3519,186.6016,68.1290,-137.5492,3.0913,204.3215,365.8074,321.0950,247.3960,-43.6720,141.5833,-132.0383,94.1563,-262.5230,50.0169,255.0265,-41.9419,173.7252
4.3116,52.7495,83.0690,56.8080,-40.1702,72.2235,278.6045,417.7346,328.3651,279.7966,-78.3236,148.8694,-28.3055,128.1700,-248.2785,52.1331,163.5477,-39.7804,191.4858
-29.8403,38.9155,-10.0099,25.6643,79.7708,112.0291,332.6983,478.3341,356.4672,343.0812,-85.3609,82.2467,97.7943,167.5859,-213.9135,76.7458,93.9611,-15.2360,230.5259
-40.0312,64.3420,1.1122,14.2015,209.5631,134.9301,397.5396,511.3827,399.3757,399.6356,-44.8929,65.8899,212.9103,190.4955,-117.5661,116.7279,83.6037,52.0167,256.0642
-32.8931,62.0485,82.3098,47.7208,287.4224,113.4956,432.8239,438.9409,412.2746,375.2321,23.2369,100.3539,263.4163,166.4969,-43.0286,121.8671,136.6853,88.2745,205.9145
-27.1389,24.4877,135.7462,90.2346,283.5690,9.7998,381.7523,260.9790,350.3730,318.2241,60.3621,99.3728,234.4244,87.4016,-40.8714,60.6362,191.5295,46.4667,71.3228
-32.2862,2.2304,123.4019,128.5698,228.0760,-87.0956,268.3996,100.6182,244.7269,279.1261,41.9100,77.4309,165.3350,20.3215,-44.6383,-7.7490,174.6068,25.9592,-76.6203
-18.4250,27.1347,57.3194,173.3890,140.7764,-59.4267,144.5253,54.9320,161.9861,218.9922,1.0894,81.1097,99.6999,14.1208,-39.0898,0.2655,111.6065,82.8639,-150.4125
37.8538,100.1663,-13.3005,184.3392,45.7580,11.5833,30.0305,69.8531,85.1743,132.6356,-22.6689,69.7345,40.0144,19.1916,-71.7012,49.9755,77.6182,97.9698,-122.5207
107.6266,150.7440,-31.4452,118.7174,-3.5287,-28.9704,-41.9209,54.1249,4.3309,61.5001,-12.7802,26.6923,-26.3303,7.2585,-99.5221,29.3740,80.5722,8.4893,-41.9535
145.7423,93.8801,-19.8423,29.9296,1.8077,-130.3076,-45.7533,22.2666,18.5992,19.0094,20.5242,24.8571,-77.2845,20.7598,-69.0961,-54.1039,91.5058,-49.2217,14.3509
141.9589,13.3955,-30.4197,3.4860,16.5654,-145.4359,-36.4565,18.5635,120.8952,4.4701,48.0991,76.6717,-82.0073,53.8020,-43.7676,-77.0411,98.1093,13.6526,15.9003
117.1146,46.0833,-40.8510,24.8828,23.5074,-71.2863,-78.3349,17.3389,127.8635,-4.7755,54.4959,93.3186,-58.4125,63.6372,-60.1581,-12.8083,81.0631,90.5751,-0.2409
72.4001,96.5513,-45.1702,20.8861,30.3352,28.2265,-131.2404,0.8553,4.8734,-44.0889,40.1880,48.6207,-43.1420,66.2525,-47.5783,39.2118,29.9424,100.8696,-1.7582
-19.8008,16.8167,-101.2686,-11.5103,22.2265,125.0790,-118.4751,12.5464,-87.4855,-76.6290,4.9010,13.1975,-32.6225,77.8849,1.6334,33.3805,-30.0414,100.5433,-11.9968
-127.4022,-81.3662,-177.5487,-31.9469,-3.6200,161.3078,-64.9727,65.9151,-97.8400,-36.1771,-29.6663,15.6770,-14.7034,75.5915,7.8868,19.9662,-77.8067,102.2911,-45.1002
-150.9006,-52.4826,-176.2413,-51.6221,-15.3734,118.7194,-59.3697,116.6355,-81.4631,48.2299,-38.2124,32.1582,-8.9555,82.6582,-32.7513,34.3181,-115.3784,52.9366,-63.6456
-87.3537,16.5116,-126.5717,-93.3569,-2.1068,95.7665,-99.7357,140.1927,-47.2436,91.5061,-43.4570,76.2280,-16.9897,135.5400,-61.6437,62.4736,-144.2023,-1.3888,-52.4323
-48.8883,27.0167,-110.8860,-132.6129,11.3033,121.3154,-90.2820,140.6685,-35.9458,65.5607,-58.0214,145.5876,0.4348,175.9150,-71.2374,77.3262,-163.2116,22.5652,-42.2424
-61.2558,19.3841,-98.4575,-151.0362,18.3169,109.3995,2.2265,124.4072,-78.5328,22.6325,-39.0249,162.0715,52.8285,136.4226,-70.8867,67.1644,-169.2722,81.5095,-24.3841
-61.1465,-1.3627,-54.9433,-158.7895,43.4711,96.1309,119.8610,138.1841,-60.3774,43.8327,3.2326,101.1542,107.2536,78.4983,-37.7720,63.8088,-156.8133,106.0760,53.1573
-69.6066,-59.8613,-31.8313,-141.2098,92.8743,182.2327,239.4245,235.4144,84.8180,132.3097,-5.6584,57.8561,153.2423,103.7462,35.8741,101.3268,-129.4304,129.0615,176.1645
-113.0136,-71.9544,-31.7980,-72.2506,130.4447,259.3603,353.4594,347.5070,212.7426,190.2384,-40.8864,83.2555,188.9365,185.7605,122.7152,137.3941,-77.7838,169.2123,247.2406
-96.6891,18.6608,4.8956,32.7180,120.5039,175.7073,366.2562,337.7072,191.2331,169.5207,-4.6302,108.9538,183.4844,212.2479,182.8398,120.4795,19.2384,166.0208,211.6892
4.7864,98.4849,59.1147,128.8434,74.8544,47.0539,223.1006,228.7840,67.4283,131.7191,65.0822,89.6749,140.8573,163.7374,188.3303,95.3381,121.5206,113.0828,133.8302
58.0595,79.8702,59.1610,174.4654,37.2159,61.6605,55.6330,178.7501,-16.9532,118.3470,40.0627,64.0866,115.8218,132.3875,172.0040,107.2221,148.2789,79.8215,101.3939
34.1854,68.4266,5.0919,156.8736,23.9543,170.9507,-16.0265,195.8137,29.9699,100.7376,-60.6448,58.2547,109.0718,158.6853,196.9870,102.5231,101.9019,85.3974,88.7930
49.9484,158.6875,-51.4592,117.6864,0.6725,222.7555,-79.0403,130.0813,98.3463,43.1140,-100.2759,52.3656,68.7176,172.3237,231.2523,58.4643,51.6488,96.6227,-0.2525
89.3675,235.8345,-85.6978,107.6438,-56.4676,196.6868,-235.4382,-25.5891,-12.5649,-54.6557,-57.5533,32.2993,5.6261,118.5951,180.5559,57.9927,17.5831,109.7866,-154.6637
40.8320,184.8225,-100.7061,111.7598,-99.2016,153.2456,-406.9965,-119.0387,-236.9258,-126.1719,-33.0274,10.1163,-34.2583,28.5824,62.0503,119.1180,-14.5032,128.1062,-253.5457
-26.2555,122.9376,-97.8151,95.5866,-80.2798,101.1305,-493.9977,-130.2990,-335.3756,-112.7798,-50.7775,14.6464,-70.3110,-44.9638,-26.3762,124.3293,-29.6166,125.2993,-271.7666
27.8193,179.0012,-73.6542,98.6454,-60.6743,2.8647,-540.0439,-185.6805,-314.7974,-94.1435,-39.0439,61.8682,-131.7015,-80.6896,-75.5518,13.1549,-17.7423,91.7686,-328.1888
131.0225,246.7345,-45.8589,171.1281,-125.8221,-148.0975,-618.7723,-310.8792,-322.7437,-161.4337,0.1274,118.2985,-184.7130,-100.8862,-126.3387,-111.0028,-7.3340,44.4112,-480.1156
125.6229,213.5913,-54.7039,241.2424,-236.0523,-302.9601,-701.0596,-417.9490,-338.2505,-229.2512,-11.8752,134.2541,-201.1102,-146.8485,-146.1925,-131.8768,-39.1147,-16.7373,-620.6732
27.0956,169.3249,-104.4314,184.3234,-295.6158,-410.7448,-714.2224,-457.4801,-315.3466,-200.1801,-61.5544,109.2288,-200.0622,-197.0135,-104.3289,-66.0068,-130.3199,-82.0180,-630.5720
-59.2825,177.0553,-144.2588,33.0391,-294.7276,-447.9924,-646.7296,-423.4558,-295.5735,-134.5583,-53.9600,74.9326,-189.1133,-176.1171,-58.3005,-14.5336,-235.6256,-100.5983,-515.4175
-105.0413,145.1012,-145.4137,-49.1543,-268.8120,-398.7582,-545.2096,-329.6159,-264.3655,-95.9338,12.4591,43.7123,-157.3389,-94.9782,-48.3231,-31.1025,-275.9343,-63.4392,-359.2973
-113.2489,37.9297,-141.4519,-37.2533,-234.2994,-295.6250,-447.6418,-234.8088,-208.6215,-69.9603,38.6957,14.7789,-125.7403,-53.3311,-24.4469,-69.9112,-249.5549,-44.9419,-222.7031
-77.8452,-63.6757,-167.5156,-61.8056,-217.1812,-233.8489,-347.6505,-168.3360,-165.6358,-50.3907,-22.7639,-5.2427,-127.9757,-76.3252,52.5267,-57.1013,-225.9089,-72.1735,-115.0636
-28.2160,-101.7555,-210.0204,-122.0505,-213.5655,-224.4437,-216.0055,-85.5298,-96.3532,-5.3284,-111.9864,-9.2913,-145.4916,-90.5843,140.4330,6.8590,-214.9611,-58.3578,-31.8634
16.7884,-72.5461,-226.1880,-79.6450,-160.8500,-148.7148,-52.3263,22.2459,-10.3951,102.6540,-136.7055,7.7036,-117.3502,-49.5250,182.7563,59.1065,-168.9463,44.8263,22.1611
78.9332,-22.5492,-190.3585,44.5348,-52.2368,30.1792,94.7911,106.9650,-38.6765,190.5784,-71.0363,46.7007,-30.1737,29.8290,182.5751,87.4521,-91.5218,154.1060,54.7213
124.4062,-31.2732,-120.1292,95.9821,37.1750,188.7368,179.7011,160.8906,-127.9915,164.7898,13.5924,84.0156,47.7024,114.1738,184.0740,136.9714,-28.4210,185.1116,83.2558
87.1436,-84.5106,-50.7585,69.4163,76.0145,244.6874,212.5314,190.9807,-92.6413,83.6147,43.3454,76.1755,64.4201,180.7876,203.5443,181.9203,5.8686,154.2085,97.1738
10.6523,-81.6383,-0.2776,64.5022,84.7520,242.3424,224.3169,177.5514,3.1134,39.0885,28.4182,19.3360,57.3125,222.9967,213.6253,142.1936,26.4712,116.5344,81.8669
-19.9341,-8.5750,20.3277,78.5338,67.4144,225.2983,217.4864,149.2564,19.0407,40.7298,1.8520,-15.6478,69.0122,233.0959,202.6669,61.8728,57.0039,96.5165,64.3173
-22.6163,74.3880,12.4072,77.0831,43.2985,181.7406,188.7605,152.3193,18.3391,59.6693,-31.3426,35.1583,72.9901,205.5696,189.6592,59.6372,114.3179,77.0444,53.2446
-24.0117,145.2553,8.5603,97.6926,34.1303,99.1679,136.7496,145.0433,5.8168,36.9609,-48.7545,125.7240,36.2169,174.7588,161.9428,86.7191,168.1047,23.0928,-7.8644
20.9430,185.6523,16.5637,141.8913,6.6402,3.1438,38.4003,83.2191,-112.8558,-62.1640,-30.9957,162.0729,-23.8671,172.4660,92.9162,12.6603,155.8962,-56.5125,-127.8887
97.7496,183.8418,-5.1798,135.2132,-48.6388,-56.5598,-94.9585,14.5315,-239.8717,-161.8149,-3.3205,141.6032,-66.8829,164.3360,26.5564,-89.7697,65.5061,-111.3544,-210.4176
134.3152,183.3790,-47.1806,51.5617,-79.2147,-82.2193,-189.3523,-25.7411,-276.4297,-188.7280,30.5239,125.5209,-66.7142,132.6096,18.9768,-75.4118,-41.0691,-137.6572,-200.8805
155.2448,186.3909,-32.9415,-36.0478,-80.1254,-127.2229,-220.0026,-51.5603,-328.0145,-174.2370,98.2501,126.4004,-36.2308,132.7933,28.5245,-20.4165,-87.5492,-155.7901,-150.8574
209.8231,142.3283,47.1911,-39.5622,-76.3080,-146.2330,-233.9420,-35.8701,-372.5077,-153.7887,169.1057,132.5950,-12.4766,176.2708,1.1446,-57.4462,-45.2577,-113.5822,-86.7651
236.8456,88.1940,117.9573,48.1570,-30.0440,-15.5064,-221.9498,40.8007,-255.0266,-141.4267,187.1620,164.8427,6.1348,209.1832,-15.6870,-126.1477,53.3617,35.7465,16.0972
196.6886,87.5460,137.1527,151.9227,74.2828,226.0181,-138.6041,121.0836,-85.9366,-161.0522,165.7179,221.6994,48.3876,231.7218,30.0901,-141.2098,154.1098,219.5434,131.1104
160.8428,107.5715,122.2767,209.1689,180.7231,401.2574,-23.1991,174.7164,-58.6392,-160.3300,145.5367,254.0177,98.7921,263.5447,103.1690,-132.0048,221.3158,346.3310,213.3404
145.3488,130.3193,112.7181,215.1577,269.6288,461.7299,68.8443,233.5637,-61.9900,-70.8837,140.8238,232.7693,127.3125,262.1325,165.9164,-98.3006,236.5987,413.6702,273.9792
79.1570,176.3150,149.0167,183.7952,337.4085,471.9721,146.3934,285.0961,52.3419,25.5276,153.1238,175.1170,131.8531,213.9666,213.4541,-26.6165,205.2949,442.0495,307.6935
-14.4686,173.0129,203.1724,156.8608,323.5564,438.4142,186.0887,288.1497,153.3848,18.4192,148.9594,117.0155,89.6543,165.3972,218.4200,-5.1245,177.3346,432.0926,267.6854
-28.2514,78.0400,181.3183,192.9227,221.8610,359.5815,138.3600,248.6665,86.3898,-57.6922,83.5185,91.8654,-9.3108,115.7429,180.6223,-68.1110,199.4039,391.3036,165.4308
45.5500,23.8788,85.6340,259.3513,118.7861,263.5569,55.9094,173.4722,-58.2343,-117.5635,-3.8906,92.4539,-90.1262,39.4747,159.7780,-107.1235,243.0095,309.3631,61.4677
122.6332,92.6280,36.9625,256.5694,53.2775,128.1292,29.2892,70.3760,-86.5828,-107.1232,-33.4332,63.3443,-103.6488,-37.0534,167.6687,-77.2738,236.4760,172.7538,-10.7201
164.5482,170.7128,64.7921,172.6401,2.4769,-45.0836,49.8643,12.4835,36.3596,-12.6811,-16.3553,-27.4987,-111.4555,-94.4908,160.1892,-44.1800,148.8044,21.7559,-28.0422
170.2468,169.4263,55.8924,62.9332,-53.6658,-188.9527,52.2710,30.3086,145.6765,62.7922,-22.0421,-141.5833,-148.1951,-145.6285,140.7148,-30.6970,9.0679,-111.5473,-8.9192
114.7288,127.9367,-39.9032,-50.8819,-149.6223,-329.7004,-5.4497,8.0470,107.9118,11.0033,-57.0484,-208.9193,-166.8465,-185.4713,117.1885,-34.6701,-121.9926,-248.4310,-55.7129
14.1644,69.6699,-129.2068,-140.9694,-265.5699,-524.1144,-107.3260,-130.4739,6.1497,-81.7292,-66.1590,-195.1932,-154.8048,-218.2384,53.0530,-67.6260,-193.3619,-353.3758,-188.8213
-43.4486,-20.5000,-131.5494,-172.9621,-282.6410,-632.2509,-155.9564,-264.4418,-6.8304,-87.6754,-22.0044,-144.0194,-133.3321,-252.1580,-16.4794,-79.2812,-202.2623,-333.0818,-253.5907
-32.8719,-111.4488,-86.0697,-172.7133,-176.4600,-489.8815,-96.5465,-263.3296,69.0452,-43.2426,26.4422,-128.7808,-100.5643,-242.7771,-6.0818,-41.2502,-179.0887,-197.7135,-166.4926
-42.1052,-143.5120,-72.9479,-156.8925,-71.8514,-192.9469,-32.9786,-166.5540,120.4853,-11.4237,19.4274,-147.3457,-70.1123,-175.5577,42.8671,-32.9094,-141.2972,-42.8979,-36.7958
-103.1745,-87.9880,-96.6452,-93.9019,0.4019,77.1515,-33.7474,-59.4212,107.9199,26.1602,-5.9806,-146.6318,-43.6326,-121.2102,39.1870,-60.2672,-92.8732,108.8671,61.3767
-120.8042,25.9211,-89.9907,-6.7720,115.4755,285.2505,3.7018,50.8583,105.7929,72.0465,30.4712,-131.7366,16.2359,-99.3245,19.1719,-17.5320,-39.0063,275.6883,153.7254
-43.5557,110.2524,-18.0370,57.9320,227.8636,428.5639,110.3473,152.9715,134.5179,105.6008,101.8473,-121.0038,67.5031,-58.9626,38.8132,69.1862,30.9019,405.2474,209.6688
50.0371,94.6560,76.8913,126.6586,243.1525,468.4422,170.2570,194.7853,114.3386,129.0152,118.8347,-72.4865,24.8843,-13.4947,66.4011,71.4153,130.4380,445.5733,200.8880
78.5920,30.9858,140.8945,204.8330,219.6063,432.7248,186.3605,180.6372,105.0745,153.0383,86.7573,8.6760,-37.3726,7.0984,92.7655,22.8870,227.1090,434.1798,194.2514
50.0930,36.8868,162.7867,229.8644,251.7485,373.0964,252.8709,165.0647,260.6707,195.5522,78.4844,32.5256,8.3753,42.5174,125.7980,54.6999,254.7321,411.1716,197.9544
24.6960,88.0424,150.0020,189.1003,290.3891,274.4457,302.6696,141.9335,413.7396,230.0807,103.8898,-14.1815,89.1401,80.8607,111.8684,152.0936,188.8926,332.1312,136.2972
39.1331,18.2598,105.4557,116.9837,231.4689,117.4911,242.7572,66.6147,284.6025,190.8087,110.3470,-51.9063,67.3042,37.0705,63.0875,188.1581,84.2295,158.4022,45.5208
54.8545,-154.2945,56.3152,37.4292,80.7819,-66.9980,173.9641,-33.3360,88.3256,134.4436,82.5058,-73.0477,-16.2753,-71.2238,82.2586,117.9365,22.2624,-30.1176,28.1119
14.2246,-164.1164,58.1429,7.3995,-49.6317,-221.4817,198.9151,-85.0841,144.6780,160.9470,73.4566,-129.6771,-53.9782,-129.0033,150.9123,41.9939,21.4455,-116.7541,54.0228
-55.9561,33.1381,123.0546,50.5069,-81.1463,-280.5433,257.7252,-76.7894,222.2929,170.0246,113.6996,-185.6213,-33.3288,-98.2632,164.6550,67.0188,30.5039,-101.1156,45.7705
-92.9916,125.3778,191.8286,83.9309,-40.7133,-221.2356,299.2559,-48.1090,110.8625,78.8177,152.4547,-140.7306,23.6385,-41.8840,155.8094,124.3107,28.8876,-50.7640,40.9065
-91.9467,4.6447,234.0404,87.0142,36.2031,-87.7501,345.6940,-11.0132,101.0630,72.6131,160.9152,16.9825,98.9944,-18.0244,195.9405,88.3617,60.2162,35.3527,100.2211
-59.4756,-62.9734,285.9638,143.2212,149.3259,73.3819,360.1333,51.3320,232.2963,226.8659,181.1687,162.6512,140.2036,-16.1217,214.6009,39.8299,119.2884,166.2622,185.7262
-8.7460,22.1354,325.5518,217.5660,230.1141,217.3647,281.8349,129.3857,135.8930,296.9964,202.3260,163.4474,115.2603,0.9159,134.0916,93.5801,117.6540,263.4127,222.1256
-1.1957,89.0489,275.8092,205.1208,203.4148,274.5482,156.9291,185.6654,-99.8106,175.2795,180.4060,57.9940,75.1601,2.7876,12.6877,114.5752,38.8269,279.9561,199.8547
-2.8541,134.3929,187.8830,171.1638,151.8072,252.3474,80.5143,208.8382,-100.0425,45.7524,170.4610,18.8180,83.2424,-48.4724,-46.9856,11.2959,-1.1630,278.3398,180.1324
149.7124,283.1189,193.6233,218.6565,169.5996,246.8967,63.0068,216.2586,-15.6676,7.0963,206.3886,99.1813,122.5422,-68.4941,-10.9659,-15.0488,70.8986,276.5546,211.0486
449.9485,461.3769,278.2762,267.7872,182.2737,254.4105,48.5128,195.7801,-99.9730,-11.2455,212.2557,172.1584,135.9421,0.8387,57.8885,104.4775,182.9218,199.7744,270.6854
683.4178,542.2573,344.3710,222.0744,139.8876,179.9461,28.1520,131.1508,-112.4077,-45.3717,211.1018,153.6143,131.2837,42.5535,72.6911,137.6351,251.5930,56.5690,325.2454
796.8843,575.8715,394.4142,151.3878,128.9205,61.5963,47.6934,81.5276,107.8321,-55.7719,299.2560,97.5536,161.4244,21.7954,60.3634,46.2364,287.1693,-34.4404,371.6864
917.1238,645.6818,434.3872,149.1077,151.4308,16.5213,93.0146,93.7409,282.8213,-2.0000,385.8517,60.6897,214.9319,73.2412,97.5499,34.2624,319.5948,-42.1348,378.7531
1025.7506,720.5148,407.5656,166.6556,115.9528,4.6990,75.5657,69.4677,245.1501,36.8266,358.0887,30.6448,237.9897,137.9149,128.6729,77.7948,334.8541,-77.6936,304.8784
1018.0134,713.7694,362.3025,94.6538,48.4712,-82.6488,-15.2926,-88.0486,127.7382,-102.6162,326.8675,-26.9262,233.4380,30.4054,87.4634,22.1660,318.7168,-203.8423,189.2818
958.3457,607.4691,409.5438,-43.8921,24.8668,-194.5737,-70.8228,-282.8963,36.3401,-346.6685,367.9115,-120.3195,229.9121,-104.9304,68.4138,-50.2110,292.7603,-320.6021,97.9828
971.9231,524.7834,491.2502,-100.0947,34.8183,-216.5752,-25.5677,-390.1255,3.1111,-421.0338,372.0101,-199.0044,231.3366,-43.1125,123.1381,-46.9876,292.9791,-327.6219,38.6703
1048.9283,568.7452,470.3615,-48.4909,77.0486,-179.1754,68.9658,-447.4141,50.5972,-334.0977,312.9222,-208.5732,258.5560,27.8224,138.2196,-96.1869,327.9243,-291.1311,20.2985
1094.6788,622.9797,372.3720,-32.2852,161.7570,-176.8663,148.9529,-497.5840,121.8307,-307.2846,281.1170,-206.5915,326.2725,-104.4756,87.9202,-238.3964,355.6046,-301.2091,66.1560
1034.8916,551.5199,324.6219,-79.8999,217.5738,-185.3644,204.3262,-471.7935,155.1792,-319.5090,311.8760,-292.2013,398.0718,-238.6548,86.3210,-312.8125,333.2433,-288.0586,138.6800
866.3448,417.9834,365.6970,-80.4458,211.1440,-131.7370,252.4334,-369.3075,173.3602,-277.5944,388.7041,-417.8853,453.0138,-208.9237,146.0708,-270.5195,283.5995,-189.1805,187.8755
651.4846,265.9240,412.4608,-61.3167,210.9416,-63.3426,302.5184,-304.0736,191.5412,-277.4323,416.4940,-450.7482,489.4609,-178.6372,186.1103,-228.9106,251.9296,-123.2207,218.7926
431.2935,34.7235,356.4211,-118.5418,219.5920,-70.5619,330.0042,-307.9706,190.9269,-317.3579,305.5500,-387.6081,465.7354,-214.8626,198.8086,-237.3212,232.1901,-163.1684,227.0082
215.7973,-182.2730,208.3751,-172.2946,177.2682,-110.1773,304.0654,-303.7796,184.1398,-276.7074,224.4027,-329.4909,390.9255,-189.8154,213.2388,-245.9197,200.1037,-183.3167,197.2879
48.6516,-244.1174,96.3291,-141.1705,111.9349,-96.3918,245.4739,-254.5755,181.4868,-214.3175,302.4247,-312.7679,350.5192,-136.8116,230.3505,-228.5517,150.6317,-129.9098,175.5386
-62.8780,-257.2490,46.0828,-131.9045,60.3773,-82.9166,190.1600,-184.1946,149.3812,-193.7139,226.6312,-319.5789,323.0136,-182.1989,244.5233,-204.5430,67.8198,-122.2801,199.0737
-179.5804,-351.5522,-45.6025,-206.2364,-23.5624,-145.7669,131.5431,-114.0163,75.0036,-115.3926,-154.7572,-358.2464,208.1729,-265.1200,225.7177,-184.0850,-38.4863,-164.2229,229.9685
-286.1023,-427.7760,-159.0663,-249.5616,-140.3571,-199.6510,78.0408,-55.6342,26.7535,6.8609,-388.6924,-414.8510,57.2035,-269.1583,156.2533,-132.2126,-87.6229,-115.5122,248.2628
-325.9105,-416.1852,-177.4960,-190.6888,-220.3610,-138.4095,71.5613,-6.5983,72.2629,66.9960,-283.7549,-442.1476,-8.2957,-221.5249,90.9777,-24.7863,-43.5970,16.6615,271.7379
-369.7351,-418.9763,-154.1765,-101.4835,-251.9179,-22.7325,87.1752,42.1598,139.6802,103.2267,-268.3211,-476.1541,-11.3354,-196.3786,65.0997,69.6803,3.3050,87.0498,271.5538
-486.2567,-467.5591,-226.0399,-71.2448,-259.2397,34.3191,50.3179,71.6059,111.4768,139.6105,-465.5552,-610.1809,-32.4757,-200.1589,48.2866,82.5543,-29.5187,60.3266,211.8681
-586.0996,-481.3944,-370.7882,-120.2408,-235.7082,21.8732,-26.8161,67.0570,50.8342,131.5559,-565.9282,-796.1923,-80.7210,-203.0690,51.8823,77.5589,-123.5133,3.8444,120.3534
-609.7678,-462.6683,-501.1788,-200.4361,-196.7863,-23.4206,-68.3501,64.3369,75.9817,153.1895,-577.5478,-871.6706,-138.7813,-198.8389,99.7347,131.5631,-243.7925,-57.6172,38.0307
-643.2798,-490.9486,-604.7946,-262.6676,-170.6424,-86.8585,-69.9886,87.3921,96.6219,215.9709,-647.0386,-818.1967,-183.8341,-212.9589,125.7921,185.6126,-374.7062,-126.8814,-20.9801
-734.2901,-573.1977,-666.1508,-315.5776,-145.4696,-150.2519,-86.5429,94.8430,16.7955,170.0008,-640.6306,-764.6566,-212.4597,-248.9690,80.9130,160.1851,-472.3022,-182.6083,-63.0171
-811.2903,-626.8488,-662.3491,-357.2433,-134.8673,-189.0595,-130.7713,53.7632,-29.6243,56.1178,-575.5544,-742.7534,-277.3775,-277.3712,17.9997,72.8383,-496.7312,-202.9844,-122.4530
-802.1832,-603.9800,-627.5835,-340.5527,-179.7078,-188.8885,-176.6801,6.2585,22.4252,45.7622,-662.1617,-675.0342,-372.2040,-292.3179,-31.3714,-27.5754,-462.6405,-176.7754,-202.8649
-720.5538,-565.4958,-580.0181,-281.1379,-232.4203,-138.4236,-212.0402,22.6602,16.5054,73.9152,-772.5289,-563.0898,-406.0207,-280.5642,-85.4087,-86.3327,-415.3066,-112.6818,-228.7120
-665.0732,-567.5521,-508.4753,-255.5470,-224.6510,-52.5312,-231.2363,122.9396,-68.6576,54.7293,-700.5098,-485.1854,-394.1608,-201.0157,-112.2484,-42.2985,-403.5651,-63.0972,-167.0343
-709.2734,-556.4813,-466.5851,-270.8037,-224.0410,14.5211,-226.7413,254.0903,-79.3938,93.4691,-612.2624,-448.8076,-428.4520,-112.4085,-76.1118,62.1643,-447.5990,-72.6923,-102.2477
-789.9395,-489.0973,-508.4591,-278.3217,-310.8423,35.7283,-214.8627,343.9359,-21.0631,167.2614,-640.2028,-386.5223,-475.9962,-130.8687,-28.2549,97.8609,-502.0457,-103.5614,-86.4240
-821.4919,-425.2467,-584.5901,-269.9745,-399.5677,47.1972,-217.3598,375.7720,12.2160,142.0244,-638.8196,-284.5347,-473.3790,-193.5095,-37.1882,50.8081,-516.5408,-90.0578,-63.7266
-824.9507,-407.7821,-620.0046,-265.3125,-390.8164,71.3083,-218.3805,378.7322,53.3230,101.5146,-563.8438,-214.6233,-460.1802,-156.8058,-94.8687,32.4717,-509.4046,-50.2025,-13.8505
-812.8556,-405.9688,-587.9262,-270.1762,-356.8762,69.5463,-209.6773,361.1247,87.2404,151.0922,-495.7466,-208.7057,-453.6433,-78.7812,-147.5417,76.7636,-505.8657,-53.1592,-5.3659
-741.6183,-386.2755,-490.5768,-263.1541,-397.5940,21.2894,-239.3837,317.3777,-6.8820,184.3897,-417.6690,-200.5937,-432.6046,-71.0353,-180.4332,96.3391,-476.1668,-92.2216,-58.0882
-645.6946,-330.1972,-374.7421,-201.0669,-456.5748,-15.8378,-313.9367,275.2862,-185.6110,142.9073,-336.0734,-148.8028,-431.1882,-57.0432,-229.1369,25.8014,-398.4003,-89.2023,-92.4437
-591.1436,-264.5890,-297.8617,-97.0125,-416.0072,14.6915,-335.0641,267.1140,-265.8529,107.5411,-308.4863,-97.6622,-430.1495,32.3487,-292.5796,-80.7613,-299.8659,-24.1055,-50.5728
-542.9600,-262.9930,-242.4354,-38.4414,-259.5555,80.8849,-248.1843,284.1640,-202.8566,104.9630,-293.9133,-75.6759,-338.7554,99.1785,-302.1703,-87.7959,-217.0560,38.3878,30.7178
-470.5913,-305.4095,-182.4263,-52.9022,-65.9178,116.1342,-125.1780,302.3725,-89.3843,125.3296,-255.3466,-63.9098,-185.3403,89.0031,-233.5788,44.1237,-180.2910,55.4436,87.6413
-429.4677,-296.1371,-161.9121,-82.7896,78.4849,109.8773,-21.7358,311.5031,-16.6005,162.2603,-227.6805,-57.2042,-70.0263,71.1590,-144.2139,148.1730,-199.3199,40.8659,106.0928
-420.1212,-261.3896,-181.6718,-115.5448,135.9204,88.6110,72.0742,303.9769,-33.3905,157.8065,-191.2428,-55.7624,3.9474,67.7177,-61.9291,88.2893,-229.0524,-0.6147,113.7082
-369.4305,-265.0952,-167.6914,-169.9605,125.2107,63.5071,124.2229,272.3339,-81.8310,106.6985,-136.0310,-48.8644,41.9545,40.4255,17.3542,-4.8282,-222.7033,-78.5691,118.6528
-280.9493,-240.5642,-127.8238,-210.7091,70.3358,34.7369,96.5897,209.9839,-44.5127,66.5258,-127.3995,-40.7956,10.0691,2.6543,47.2147,5.1183,-210.0952,-173.7448,77.2809
-224.2885,-179.6019,-137.9975,-226.6061,-33.8385,-6.3474,31.9014,105.0063,46.2682,4.9857,-149.2392,-35.9968,-44.7760,-3.4000,4.0442,-2.7844,-239.8771,-258.7396,-39.3101
-215.6578,-208.4137,-178.4814,-262.1999,-166.3611,-73.1826,-34.4975,-27.7171,60.9192,-89.9172,-131.6074,-29.8706,-64.4670,14.8662,-42.5847,-110.6493,-284.5033,-321.3319,-155.0548
-222.3446,-295.3436,-173.5930,-295.5343,-256.6305,-139.1830,-108.7275,-128.4849,26.2795,-103.8464,-105.3507,-33.0405,-81.9435,-4.2418,-41.9180,-164.1542,-276.1816,-340.1219,-164.0661
-221.5068,-269.1025,-125.1205,-258.5004,-274.3866,-158.6275,-146.8763,-171.6750,33.6812,-40.5177,-105.5076,-52.5802,-101.6793,-103.7101,-27.1192,-121.2517,-195.6707,-306.3998,-99.6138
-207.9810,-155.1393,-78.5930,-170.2735,-263.7466,-150.8579,-126.7108,-212.2604,17.8437,-40.7458,-103.4765,-75.8232,-91.1363,-210.5999,-34.3097,-132.5350,-88.0090,-258.5575,-86.3921
-186.0147,-115.8434,-56.2526,-102.1827,-248.9607,-166.2791,-130.5849,-276.1271,-74.2640,-84.7714,-112.4394,-93.5037,-96.2156,-203.9008,-56.7637,-167.4105,-23.4055,-223.9080,-134.8942
-154.2394,-162.2626,-67.3141,-83.6651,-199.6483,-194.2232,-174.1188,-295.9064,-127.1004,-70.0993,-137.6133,-96.9691,-131.4749,-123.5174,-67.4506,-94.2003,-34.6982,-181.6882,-147.3941
-97.2461,-187.4377,-90.1792,-106.5620,-100.6346,-202.0298,-148.1847,-244.2309,-104.4095,-56.4536,-117.6038,-79.0672,-102.1450,-118.2660,-59.5175,-30.8942,-72.4847,-122.9955,-95.9813
-17.3159,-132.9907,-74.5153,-122.7302,26.5745,-188.9966,-43.2335,-200.5424,-120.8385,-100.4136,-56.1753,-50.4438,8.7979,-158.0463,-59.3660,-82.8372,-64.6510,-54.5006,-42.6235
49.1321,-27.9112,-18.5455,-71.0722,155.7934,-143.8899,40.1270,-202.8024,-142.0455,-113.3591,-14.0586,-14.6343,111.7239,-86.6714,-41.0701,-61.0426,-11.2612,39.2431,-21.6774
79.9474,39.5519,28.3506,21.5634,257.5096,-65.1977,104.7887,-198.0869,-36.6293,-73.6019,14.9132,28.7642,180.4418,35.8451,60.7054,91.1041,46.6147,132.2789,-13.2998
107.3716,32.4575,44.4485,76.3082,298.3333,-14.5199,191.1478,-189.7764,79.1097,-75.0315,34.7925,53.9116,217.3954,5.9548,152.0461,117.0163,105.0933,146.6923,-5.9290
165.9358,22.0587,39.0046,103.3589,262.6187,-20.2911,218.5175,-227.5040,18.6632,-111.3526,9.7365,56.3309,179.1625,-121.6924,76.7694,-19.2479,161.8059,95.8295,-17.8430
204.6525,37.4771,11.6148,159.8768,167.0768,-6.6704,145.4494,-249.4729,-104.6201,-73.4905,-29.9164,66.1339,89.1304,-104.4715,-39.3743,-56.2270,177.1926,87.8273,-50.0123
134.0467,11.9645,-33.9467,218.9732,61.8200,67.0384,85.7787,-167.8710,-113.5934,39.2083,-38.1254,76.2256,30.2982,41.2477,18.3905,23.7266,145.3579,131.8825,-53.9425
-14.6261,-61.3815,-75.9426,207.8946,-9.9405,119.5744,102.9854,-55.8813,-64.1238,88.1926,-45.7640,68.4873,6.6945,65.6747,124.9174,20.5308,106.6753,122.9768,3.3352
-114.9410,-126.6625,-97.4954,115.4599,-66.4020,87.4533,121.4567,-25.1360,-11.0972,13.2520,-71.0469,65.7760,-18.3820,-73.9663,86.5538,-27.8851,61.9306,38.7940,69.1561
-137.6060,-168.2252,-96.0716,9.4024,-136.6771,27.3742,96.9710,-36.7216,89.9628,-46.7984,-79.6704,69.3710,-42.2432,-166.8921,24.4081,25.8784,-1.0500,-22.4987,74.8868
-123.8658,-154.4914,-80.7008,-23.0889,-181.7704,17.2150,60.8348,-21.5310,146.0087,22.1252,-60.2375,69.3402,-64.2093,-107.7597,48.3908,91.5378,-30.6011,-4.3008,32.1496
-49.9627,-52.9559,-66.9846,28.5101,-163.9451,46.4973,25.0352,-14.1316,45.8742,99.6840,-28.1713,113.2356,-78.1515,-6.3344,36.6163,33.2269,6.3854,44.3830,-4.1665
48.1974,39.9866,-53.5839,89.8728,-114.2654,58.1113,-2.0445,-31.7970,-89.2261,52.3008,-14.5464,203.0190,-60.0249,20.8963,-25.1337,-55.8016,57.5419,72.6795,-2.0832
22.3548,25.5567,-25.6549,120.3900,-47.6841,41.6976,8.3761,-17.4138,-122.9034,-23.0380,-51.6864,232.0751,-41.2695,-29.2298,-24.1816,-27.8697,87.5514,88.9033,39.7047
-107.1547,-5.4725,4.1052,133.7617,49.3648,17.9445,39.0393,24.8296,-101.6010,-5.9460,-95.3816,163.6488,-63.0619,-92.3914,-3.5851,71.7005,103.7189,91.2356,79.5670
-138.0200,57.3485,10.1008,110.0575,122.2248,-26.2199,45.8889,22.7793,-77.0401,26.3730,-74.1086,104.9288,-77.1706,-112.3528,-27.3547,82.2223,77.0291,47.2325,64.4165
-43.5792,143.0194,16.8968,49.6912,119.8281,-89.8623,44.9826,-25.7646,-46.8476,-32.7114,-13.0003,123.7130,-39.2515,-97.0420,-29.5119,-30.8172,13.0267,-4.6722,18.2087
39.1604,150.1104,78.1821,37.6137,113.7025,-106.3704,74.3484,-67.4443,-34.5359,-145.9789,44.3574,151.1342,17.8407,-90.0480,-5.9272,-125.5417,5.6039,29.0203,4.9588
90.4846,108.0562,181.8793,96.0821,170.9842,-57.4932,115.3065,-110.0407,-18.4841,-212.3830,107.2516,108.2687,80.1274,-92.1408,-1.2835,-106.8282,68.3688,125.0134,9.2152
125.2732,82.3012,250.3575,129.6853,229.9263,-32.6386,135.4905,-187.8368,38.7114,-181.5421,143.8967,32.5240,151.8491,-81.5148,35.2054,-55.0458,102.9321,164.2126,-14.5010
77.4566,83.3607,250.3122,119.4735,226.8322,-58.5201,140.2801,-256.0893,64.8963,-100.3519,135.0833,25.2596,191.3934,-65.3185,100.0548,-40.0280,101.6677,146.3653,-40.8325
-14.4590,107.2761,230.0842,154.1628,189.5184,-33.9120,133.7978,-238.0202,10.2173,-72.8738,160.8210,92.9449,188.7824,-36.2495,112.0093,-21.3800,132.9037,172.4870,-43.2462
-15.8210,149.3921,241.7724,231.7393,158.0666,73.8825,113.1892,-143.4122,-17.9785,-114.0387,233.2572,132.9177,183.7369,34.0404,120.6245,-9.4225,176.3237,242.4962,-35.8683
78.9580,181.1948,294.4051,264.2489,151.1564,171.6293,101.5650,-44.4275,66.6279,-120.6156,262.3990,107.2039,163.9045,126.3345,177.3279,-46.3261,207.9492,286.1782,7.3859
175.4572,189.2661,366.0186,264.6023,176.5086,229.5357,102.3560,39.7415,179.6796,-35.2846,260.5427,105.4921,111.3453,198.5128,155.0001,-37.3737,280.1688,317.3452,106.6353
207.9454,210.9926,400.2649,312.4962,198.3823,310.7508,85.7909,146.5732,203.8720,95.5506,273.7490,187.6621,79.9831,241.3386,28.5277,93.5052,367.8768,371.9972,195.7791
149.9319,269.7195,342.8838,376.2658,185.4705,399.1281,87.5902,272.0516,177.6438,226.9515,227.8430,282.8734,87.8726,252.8010,2.4508,205.4101,380.0434,398.3129,247.9422
68.2632,312.0197,233.9037,357.8725,190.3346,396.8588,182.5110,344.9265,243.0235,338.2823,121.1178,291.9042,86.1411,248.6301,140.0216,178.8122,344.1349,341.6915,320.9153
72.1438,275.5497,178.9564,268.0882,263.7512,286.5081,321.9700,311.0687,391.2655,385.3699,85.2056,210.6265,89.7780,257.8546,256.0856,127.6442,330.8671,237.5351,379.9310
124.2737,188.3343,202.2904,194.6485,345.4403,147.4606,387.1841,202.6219,456.8499,337.9146,121.2458,115.9619,147.3815,232.5370,257.5616,158.7491,311.3345,143.1545,329.1635
127.8310,141.2939,233.2470,150.5711,347.9519,37.9393,381.0980,97.0048,425.0174,238.6161,127.8104,75.9106,208.0326,139.2298,233.1929,194.8601,264.8572,65.8791,216.8600
118.7029,170.4640,223.0822,98.4856,274.7598,-37.8006,359.9571,21.3758,390.1893,162.2012,123.2252,98.4214,194.7529,113.8733,225.1874,171.7127,229.2875,0.9446,134.2951
135.9685,198.8923,173.5118,54.9973,186.5896,-79.0584,287.8734,-55.4909,254.1304,116.1196,145.6100,125.3199,138.2375,226.1189,187.9711,147.4886,193.6942,-34.0871,44.2336
129.0612,128.9181,102.3294,42.4673,120.5345,-82.8352,155.2217,-139.8177,-36.0399,38.8738,149.1992,76.1942,107.3159,277.3792,121.7647,151.8570,139.6188,-43.8725,-66.0563
109.2836,-2.2912,46.4711,24.2880,77.0548,-71.6248,57.9048,-192.6697,-212.3971,-71.4818,133.8103,-32.9302,91.8815,168.2426,68.4563,134.1874,108.6517,-73.8749,-99.3181
115.9347,-54.7129,27.6284,-19.4257,43.3437,-72.1726,29.6575,-190.0656,-142.6378,-123.3634,126.6664,-70.5983,47.1015,99.6099,25.4919,81.5251,100.3090,-131.2734,-45.5515
97.9425,-7.5065,10.2001,-54.5145,11.5047,-71.9729,6.1414,-140.7318,-64.6440,-82.5315,96.4413,7.2455,-19.9887,155.7993,-25.8208,47.9498,63.4017,-149.3640,-5.8866
46.3810,12.5661,-29.6756,-74.2663,-16.7919,-43.5686,-19.5650,-73.9051,-76.0841,-20.7433,57.5075,57.0830,-73.5540,179.4755,-47.0703,62.3203,13.6283,-101.2555,-1.3609
31.9137,-42.7997,-49.9989,-108.0602,-40.8164,-5.3798,-6.5889,-33.4886,-34.8820,24.5466,62.9857,-21.7000,-101.1748,135.5999,5.0406,92.3488,-6.2438,-65.8770,29.6061
43.1169,-95.4706,-23.0682,-142.9011,-70.6632,-0.8305,26.8146,-21.0497,54.6568,81.9603,76.0143,-125.1563,-101.1801,103.2220,81.8451,104.1602,-10.3157,-93.0025,98.6836
46.5965,-115.2925,23.3999,-134.1878,-112.7231,-26.4273,45.4029,14.7763,129.4685,138.2012,63.6132,-137.2932,-73.3073,43.0780,104.2657,95.0712,-7.3497,-109.7686,155.5600
97.7248,-131.7208,75.9739,-83.5848,-146.1038,-47.2415,46.4842,62.1320,204.0061,138.2911,76.4098,-94.9155,-41.4487,-51.9181,81.9934,61.2348,21.6348,-55.9796,150.6841
195.6853,-118.7270,145.0110,-35.1878,-143.5383,-63.3447,26.0251,48.1152,166.5501,80.0563,111.7218,-62.8984,-25.5333,-67.8437,62.1757,5.8793,60.5437,7.6982,93.4887
246.7344,-42.4404,202.1072,-14.2534,-122.2823,-94.3822,-3.3707,-2.2115,-17.2094,32.8123,116.8743,-29.4134,-9.3230,-4.7880,34.2232,-19.4492,72.7474,9.6082,51.8304
220.8473,41.6630,185.5578,-23.6739,-124.3036,-135.5546,-5.7727,-13.0849,-76.2484,51.8168,97.0705,9.5054,7.1723,23.2604,-7.2345,17.1049,39.5923,-31.5368,45.7482
138.4857,54.7437,75.6840,-70.1755,-141.7783,-175.1357,7.0655,-27.4368,55.6992,83.4175,47.1924,20.2725,-4.7036,-3.3287,-13.7964,39.2878,-32.5471,-64.2453,20.2552
20.3309,10.6860,-58.3665,-128.3295,-135.7825,-197.4435,-7.4584,-87.2124,61.4103,34.5307,-41.7072,20.4455,-29.0365,-27.9583,11.0233,-25.2115,-85.8696,-58.7984,-24.1312
-43.8956,-4.9854,-111.7699,-118.2293,-113.2095,-162.0852,-32.7122,-86.5783,-105.2644,-42.7816,-69.0433,64.9509,-30.5761,-9.1163,-4.5644,-100.5035,-59.9649,2.0536,-21.2134
6.6978,34.9181,-65.2570,-9.2647,-100.6252,-64.8447,-26.0469,22.5439,-144.1042,-17.2928,21.9707,133.6938,-34.1583,51.7755,-55.4396,-91.4239,5.8792,98.1054,16.5317
77.7575,65.7833,-3.5042,105.8806,-95.5816,14.1585,-11.0291,100.8135,-31.1475,61.8156,96.1316,148.9455,-60.1334,68.9698,-68.9455,-62.0776,33.4728,158.6599,6.5501
95.3109,51.3917,12.3399,131.6415,-111.1875,14.6365,-42.2476,58.6918,-13.6408,31.4253,60.6624,98.9035,-66.7621,-6.9567,-69.1738,-102.5524,25.5265,132.3220,-60.0793
118.6493,16.8466,-4.5202,74.4731,-172.0902,-23.2229,-105.7125,-27.9198,-143.9929,-93.8951,1.9239,37.3758,-53.1198,-63.9264,-123.6776,-143.1317,4.8390,37.1210,-109.1392
159.0356,-38.7679,-47.9514,-32.0401,-236.9809,-43.6054,-130.2200,-81.8531,-256.6079,-158.3164,-27.4998,-11.2076,-78.0073,-39.8507,-165.2389,-93.2763,-55.7118,-66.4327,-89.6536
150.0528,-95.8451,-124.2353,-163.2736,-242.1850,-27.9862,-91.9650,-75.8383,-211.9641,-107.4208,-63.8590,-47.9551,-128.5396,-37.0718,-109.9320,-22.2553,-150.0079,-107.9930,-24.2954
101.9855,-79.4632,-197.8446,-247.8653,-202.7613,42.7118,-37.9351,7.5219,-56.6103,-17.1230,-91.0915,-56.7264,-131.3862,-62.2740,-56.5348,-25.2979,-210.1553,-55.3035,31.3474
58.9950,-36.5047,-231.2626,-237.8483,-168.9219,142.3331,1.6120,107.8321,-0.0177,8.9668,-83.6802,-44.0358,-87.1578,-12.0346,-104.9894,-63.4364,-199.6229,26.5258,55.6719
9.2983,-108.1985,-222.9858,-196.5595,-149.1264,180.8721,33.7480,120.4216,-107.9345,-68.8570,-77.6134,-49.1967,-53.5845,70.1066,-147.0298,-71.1728,-152.0920,45.5719,59.2551
-41.7882,-241.5421,-179.6730,-190.8399,-132.7245,152.6834,43.2645,55.5529,-186.7086,-150.8693,-81.1242,-80.9399,-39.0539,92.2501,-88.4860,-61.8560,-128.3480,26.1195,38.9989
-70.1515,-277.0087,-131.3521,-198.4858,-101.8129,154.7729,26.7802,8.0314,-142.6712,-117.9896,-62.6301,-120.5254,-7.9966,93.9330,-33.3016,-50.8098,-154.5198,53.7025,0.3758
-102.5576,-251.7092,-126.0501,-192.4371,-34.0520,185.3736,30.6286,2.2703,-101.7350,-42.8323,-28.7035,-164.8278,47.2043,82.1101,-54.4672,-35.9067,-184.0433,101.2298,-23.8488
-147.8991,-256.7692,-146.5719,-183.9823,38.1623,149.3140,53.1680,2.5295,-113.5770,-64.7440,-1.1662,-202.9247,89.8299,5.0517,-72.1290,-55.2616,-166.2838,73.8486,-28.0588
-162.1836,-247.9133,-142.8912,-176.6655,52.0065,69.7680,37.9035,4.4021,-127.8230,-123.6959,12.0142,-217.5343,88.2671,-61.7092,-48.0691,-114.0524,-145.5278,-19.6171,-21.4137
-150.6836,-240.9981,-148.5592,-184.7296,17.8951,37.1448,6.7456,23.9524,-150.6020,-88.6401,-9.7115,-233.3444,58.7307,-41.3794,-21.9882,-131.8101,-190.1171,-97.1967,18.7265
-146.7467,-317.3557,-216.3177,-236.7005,-10.8771,19.4495,18.0725,46.3958,-169.8802,-22.1590,-67.7250,-274.4377,33.1933,-22.3693,7.3213,-87.8728,-258.4807,-134.7204,71.5473
-115.2589,-402.6269,-307.7990,-302.8864,-33.0644,-44.1111,34.2029,31.3878,-153.9537,-50.8889,-128.6230,-305.6185,12.1404,-64.3480,23.5650,-76.0217,-258.6095,-155.4481,56.9236
-41.2214,-412.6611,-375.7802,-315.1732,-70.4213,-104.1270,-0.7919,-26.7834,-142.6514,-118.5021,-180.6557,-305.5778,-15.2115,-101.5940,-31.8772,-125.4229,-189.3859,-173.8202,-14.7006
-7.3109,-420.5488,-421.2058,-266.9743,-119.7696,-110.7724,-71.9905,-69.0249,-132.3500,-103.2499,-217.9541,-318.6029,-54.3067,-113.0865,-119.9576,-151.5974,-115.6502,-184.4329,-45.9053
-51.2999,-435.5102,-403.6621,-198.2709,-165.8783,-79.5656,-155.0755,-58.6547,-75.9124,-52.3067,-193.6105,-351.8325,-116.5827,-125.9951,-148.5570,-135.3473,-54.1943,-137.6151,-29.3522
-92.7196,-357.2245,-267.1498,-110.9371,-169.5038,-7.4255,-214.2258,-56.3404,-65.6444,-91.2382,-85.5010,-324.6654,-179.3541,-120.6073,-143.9200,-155.5485,26.5216,6.8390,-39.9526
-77.8023,-209.7460,-64.9840,5.6211,-105.4792,90.6091,-214.6758,-115.9380,-196.9775,-199.9691,41.9063,-206.2334,-191.9515,-95.0477,-177.6106,-226.8517,116.8609,163.5493,-97.9875
-45.4682,-112.0220,83.8314,95.1247,-43.5884,136.0479,-228.5216,-180.0234,-338.2421,-264.7794,108.5719,-104.1112,-176.0577,-82.3487,-216.6523,-274.2951,157.2079,214.0057,-157.7624
-33.1827,-121.7238,128.7190,87.6012,-47.8764,126.4721,-306.8805,-171.2406,-326.6219,-263.6976,111.9371,-113.3780,-191.5886,-76.1028,-194.6116,-254.4725,132.4345,203.0788,-154.7531
-51.2819,-230.7383,103.6293,28.5937,-45.6046,160.0800,-316.9272,-97.4836,-226.2823,-242.8240,111.3616,-168.3502,-203.7148,-62.2223,-134.5040,-184.4708,103.8665,238.9990,-66.5846
-107.3512,-336.0395,65.4556,31.6856,23.1551,243.0416,-206.9048,-16.4593,-206.2380,-228.6403,120.9234,-173.5564,-158.7961,-51.8050,-121.7263,-107.2723,123.3191,274.9247,20.6930
-155.3833,-320.2163,32.2051,93.1410,67.7495,271.5016,-161.4643,18.3929,-291.1449,-275.0463,59.8855,-172.2101,-121.3554,-41.0360,-193.3676,-95.5350,181.4894,209.0544,21.1353
-119.8111,-259.1804,-36.2400,111.0157,24.9602,218.0803,-229.0938,-11.3348,-348.7814,-411.1082,-123.8610,-216.6917,-163.7030,-25.5454,-279.1813,-184.9496,244.8824,87.2756,-2.8719
-39.3986,-279.4350,-157.9189,81.8599,-24.8401,164.9624,-229.0971,-48.6045,-317.8802,-499.7537,-335.6912,-221.0823,-238.0831,-7.6211,-287.0639,-270.4456,275.5620,32.0685,31.8997
-53.6101,-311.1475,-267.1188,87.5635,-15.6551,183.6991,-138.8987,-15.1166,-295.4692,-402.5528,-434.1694,-132.6803,-259.1071,32.0098,-226.2321,-214.2173,238.5718,82.6803,79.7244
-192.7052,-288.4806,-287.6933,121.4918,38.2521,267.0701,-82.5711,63.8714,-300.9364,-247.0603,-368.0009,-61.0052,-186.1126,81.2167,-161.5271,-64.8962,146.4007,179.4132,85.5025
-315.8629,-300.4637,-202.2045,106.0375,125.7011,325.1993,-45.7421,79.6145,-252.6717,-248.6271,-168.8025,-78.9348,-40.5248,87.7624,-117.0640,-3.5202,50.9584,216.2464,61.2981
-309.7115,-364.5184,-40.7433,19.4586,214.7870,266.4818,-10.5547,-11.5199,-249.3678,-377.9077,62.8634,-118.3924,70.1639,56.8667,-110.7295,-93.2647,-24.6808,136.5992,4.3183
-244.2434,-425.8238,121.5372,-101.2299,241.9614,128.7418,-58.3769,-142.2886,-400.8885,-463.3857,190.4607,-142.9062,66.5974,21.9459,-154.3384,-239.9415,-87.7871,18.5810,-64.7912
-263.6084,-519.6168,198.8474,-198.5723,213.9832,33.9064,-130.6540,-222.7157,-501.8394,-466.2452,185.7387,-185.9659,25.3893,-31.9174,-190.9315,-338.2404,-133.0155,-30.9863,-65.6469
-369.0839,-619.3395,177.2240,-221.1921,186.4848,11.1552,-98.1760,-214.6221,-406.8103,-445.1526,138.1003,-217.5305,18.5044,-78.8384,-177.9135,-334.3811,-148.7475,-37.7192,11.1286
-419.5511,-615.5594,100.7546,-189.2963,160.9928,-0.8495,-23.6367,-140.8353,-306.8655,-401.4050,79.2689,-188.0850,-28.4032,-59.0171,-163.1509,-243.3892,-137.2308,-84.7512,91.1334
-369.6025,-578.3604,3.6241,-183.8401,125.7524,-33.5003,-0.9610,-60.7469,-256.4255,-314.4027,-11.0124,-156.5473,-138.2083,-40.0278,-168.3285,-163.4513,-121.2621,-162.4488,142.2275
-343.0677,-639.4770,-80.9033,-244.1532,99.3519,-87.5950,9.7043,-20.3033,-137.0359,-236.3671,-80.0360,-209.6529,-194.3962,-115.3712,-152.4916,-158.8539,-148.6803,-211.1903,162.8161
-404.5168,-717.8920,-138.7117,-347.9460,74.0488,-150.8807,7.0576,-10.2195,-116.6269,-243.1919,-99.1606,-310.1799,-173.5704,-198.2072,-128.3100,-164.1104,-246.6323,-218.0481,146.1561
-468.9109,-727.6761,-218.0258,-455.8608,39.4870,-168.5410,-44.5646,6.9456,-307.9759,-306.3758,-138.9771,-348.1796,-175.6910,-186.1641,-133.4575,-114.9894,-365.5291,-210.2872,134.0256
-491.7135,-764.2142,-334.0365,-522.7053,23.6267,-113.0362,-78.6187,41.2141,-374.6187,-290.7560,-205.2099,-318.9445,-210.9802,-153.7517,-143.9076,-54.0302,-430.8327,-215.2014,160.4640
-512.7262,-848.0082,-407.9016,-522.2669,14.9203,-35.9400,-77.1471,88.6182,-176.3399,-124.8763,-227.9874,-323.7913,-225.2956,-165.8497,-148.6672,-24.2921,-428.6571,-216.2652,185.7237
-520.6606,-841.6105,-411.2123,-466.3013,-23.2377,37.2187,-109.5189,162.5051,-42.1252,86.7143,-233.5091,-369.4371,-233.7265,-155.8083,-170.7700,-12.5108,-391.0719,-156.7278,202.0426
-497.6202,-715.8039,-419.2690,-386.5092,-37.4801,119.9686,-114.5771,244.7330,-55.2492,192.2029,-274.1368,-347.4608,-236.4319,-106.9941,-175.5387,-16.9860,-352.0673,-51.7188,247.9352
-500.0616,-605.0696,-459.2782,-335.3954,32.7179,152.3997,-0.5452,268.6716,20.5044,183.2436,-287.7779,-267.3167,-180.1608,-88.2134,-129.1051,-39.8441,-337.7871,-3.9412,281.5179
-537.5664,-596.9359,-477.0829,-338.2820,121.3467,85.5431,121.5233,220.6014,159.0272,168.2222,-228.3196,-259.7295,-89.5992,-98.3252,-92.2081,-63.1129,-339.1382,-26.4742,239.2928
-544.8317,-644.5058,-447.8954,-326.9755,151.5469,16.7036,126.6872,163.7304,182.3215,182.1693,-161.3005,-318.6943,-47.7045,-95.4689,-116.3207,-92.0939,-317.0628,-19.1434,164.0424
-511.2945,-673.8142,-386.5000,-261.0408,150.1001,30.1664,78.8106,121.5542,110.5524,147.9962,-129.4355,-328.1609,-61.8345,-106.7264,-157.2155,-121.4691,-274.6413,30.2708,117.3624
-441.3939,-674.7336,-306.7068,-227.6875,148.3061,53.9716,55.5893,64.6207,11.1646,47.8765,-102.6710,-293.5418,-91.4243,-161.3810,-163.3692,-99.6002,-254.1853,44.5243,84.3452
-300.1778,-650.5614,-223.8134,-242.7694,133.5128,33.8244,29.4162,4.2334,-88.2095,-31.9221,-54.2523,-281.9547,-115.6629,-217.5846,-140.1633,-41.1449,-245.1877,39.9755,35.1159
-157.9178,-573.2095,-136.3479,-181.2164,113.3628,26.7842,-25.9714,-33.0984,-143.6947,-72.8136,19.7429,-279.7748,-110.3669,-230.6052,-121.8324,-46.1162,-196.3101,72.6640,-35.3007
-145.3939,-464.2590,-47.4623,-50.7805,92.1798,38.4258,-91.1611,-64.0173,-194.1848,-129.3425,79.2618,-276.2854,-80.7863,-218.8275,-140.0002,-122.9634,-118.9000,87.1812,-110.7899
-199.1130,-391.1037,-6.9424,2.9083,46.8134,9.7303,-130.3327,-91.7906,-265.7030,-154.5562,61.0901,-286.3755,-95.8913,-233.5559,-184.0771,-168.3670,-71.3312,30.8777,-150.1909
-166.4126,-355.1758,-22.6087,-7.9145,-11.9662,-33.3796,-130.9459,-96.2215,-265.5142,-80.8839,2.1001,-273.4098,-184.4708,-275.9928,-206.1293,-147.3681,-66.7597,-21.4424,-157.8141
-105.9199,-342.5208,-18.5076,17.5794,-58.4294,-29.4641,-145.3137,-96.4957,-227.4173,0.5469,-3.3559,-230.8843,-278.5204,-269.6081,-200.2544,-115.0077,-96.4669,-12.6513,-205.0655
-155.0617,-379.1979,12.2508,24.5710,-102.6477,-12.8025,-190.3113,-109.9096,-268.4128,3.2856,18.6228,-218.1320,-312.3035,-185.7782,-197.4605,-86.9125,-182.2565,-5.4519,-288.1674
-252.8138,-411.0016,-5.1087,-60.4916,-129.5347,-41.3008,-168.2566,-111.3830,-266.4865,-4.7983,0.6178,-236.5075,-274.4770,-135.1639,-179.4695,-39.4137,-301.1370,-46.8026,-299.8398
-264.8567,-374.1084,-44.1471,-162.0627,-91.2497,-85.7079,-59.6624,-110.9594,-106.9936,-7.2309,-4.6907,-253.1836,-173.8416,-186.8611,-112.9599,3.6607,-343.4494,-90.9013,-212.6137
-199.3461,-370.5874,-21.5286,-199.6879,-8.1749,-87.0141,-4.1472,-149.2329,21.9246,-92.5202,45.1682,-271.6264,-53.3375,-227.2330,-39.3228,-7.5400,-258.4697,-97.9918,-129.5473
-143.0094,-457.6548,24.3496,-186.2878,49.5579,-55.6112,-41.5886,-202.3412,-4.1890,-213.6533,79.7545,-238.1642,13.0579,-181.6424,-21.4187,-57.8100,-146.5597,-86.2962,-120.8201
-136.3903,-485.0735,32.3376,-153.4535,70.1498,-46.8384,-55.7309,-213.2859,-69.0146,-217.3287,81.0890,-102.5008,7.5830,-149.1951,-49.2278,-68.7100,-107.4648,-74.0629,-143.1057
-148.7054,-407.7495,58.2788,-109.2437,88.3956,-52.7304,-24.3229,-162.9890,-118.4209,-90.5248,116.6154,8.7945,-9.6313,-149.5773,-76.2774,-12.5875,-109.3498,-45.8539,-133.2845
-101.3010,-359.9540,147.3322,-35.8514,121.5344,-0.0426,-25.3752,-61.1944,-149.9283,50.0318,183.7337,-21.3343,11.1552,-65.2320,-94.8265,38.9963,-84.2772,8.1516,-102.2883
32.0353,-332.3036,246.3555,55.6807,163.5595,97.2103,-59.8619,22.7405,-122.3944,94.7243,233.1158,-69.2223,58.4189,57.1265,-123.4926,27.6174,-36.5944,46.9396,-109.2099
161.3748,-242.6473,308.1537,72.0985,186.3625,116.8289,-93.7169,-16.6257,-135.2856,-3.6459,266.9726,-5.7022,92.7710,45.3962,-159.7295,-14.6459,-6.4277,14.5388,-159.7005
204.5074,-184.0127,321.6866,-15.7942,167.2344,44.1951,-124.7594,-138.9158,-255.7516,-159.8754,284.7847,76.9266,93.9466,-52.2512,-175.6947,-42.5545,-18.4419,-68.8450,-185.7127
187.6927,-214.8658,271.9272,-87.0005,131.8836,10.3199,-118.7490,-171.5079,-288.5453,-214.0016,258.1421,67.0317,71.4811,-65.8136,-156.8216,-48.2885,-81.8330,-123.1476,-152.3953
154.3193,-219.7466,175.4728,-96.3744,102.4581,41.1037,-60.8431,-92.2585,-170.8803,-145.8973,192.2518,5.9671,32.5782,-30.5619,-132.8886,-26.1572,-175.6948,-133.1662,-109.2607
103.0318,-170.6933,85.7349,-132.6108,51.2402,22.7647,-30.9422,-51.9291,-123.2218,-76.4482,117.0852,-28.2242,-29.9740,-69.7022,-143.1194,13.0908,-240.8014,-152.6927,-106.7264
43.5988,-163.4238,39.2544,-172.5368,-19.7630,-59.6586,-84.1108,-101.7112,-172.8717,-74.6031,64.7312,-23.3209,-94.9351,-156.3129,-168.4785,27.5474,-225.3272,-184.7868,-140.7889
-3.5836,-198.2350,48.2430,-120.1815,-56.7887,-114.8751,-165.7369,-159.4787,-178.4581,-110.9039,70.4699,-3.3063,-116.5938,-207.8179,-154.9152,3.2981,-141.3430,-186.6224,-185.2183
-42.8236,-193.7973,89.4615,-32.1240,-54.4554,-128.7166,-210.3410,-187.3208,-211.9854,-124.5659,113.0014,25.4455,-100.2487,-193.1693,-118.7766,-32.0747,-65.2341,-170.0715,-219.0018
-69.6203,-121.1578,93.5109,-7.7532,-56.0108,-138.0001,-217.4564,-198.9911,-319.7757,-95.6114,120.8260,78.1353,-92.7873,-110.1327,-138.2424,-49.2415,-58.4548,-176.9190,-233.5618
-63.3652,-43.0279,34.4575,-49.7349,-67.0696,-135.3710,-227.8911,-194.7735,-335.8621,-92.2628,87.6785,125.5929,-90.6596,-29.2317,-210.0621,-22.0049,-94.8153,-200.4221,-232.7662
-38.5049,-71.2498,-19.5443,-163.2561,-71.2039,-126.6981,-265.0609,-182.8925,-257.2228,-133.6746,58.2696,106.1206,-54.6257,-32.9282,-235.8315,44.3934,-113.9077,-211.8367,-211.3335
-31.5643,-193.9367,-13.2207,-327.9305,-67.6529,-138.6533,-283.9304,-160.7067,-216.6551,-89.9548,32.9796,50.2230,5.0746,-58.5246,-181.2735,95.5557,-114.5037,-206.8291,-157.4644
-40.5503,-243.4083,27.2089,-439.2909,-50.4875,-152.3894,-240.6126,-107.8503,-156.6616,56.3424,14.1072,41.6168,46.2572,-27.3802,-118.8475,110.8750,-131.1147,-202.7484,-99.3019
-30.6504,-181.4053,53.2624,-480.1912,-36.0481,-154.8060,-200.9116,-68.7800,-69.5718,106.9572,30.7357,61.5863,53.1070,-19.9513,-104.3886,114.4687,-165.0155,-230.1406,-102.1871
11.0173,-142.2229,41.3159,-520.6662,-69.9554,-171.1953,-230.3745,-111.2158,-118.4761,23.5066,49.2708,64.0042,31.0821,-80.7029,-123.4254,78.8942,-185.7850,-284.5092,-185.2783
46.7063,-130.2482,1.6053,-523.4781,-131.6072,-182.0714,-254.2324,-192.3217,-220.9805,-12.5932,20.9215,91.6120,3.6237,-100.0137,-135.9485,-11.4549,-165.3161,-296.7521,-280.9576
24.3035,-56.0175,-30.4525,-450.5151,-144.3331,-152.1111,-212.6395,-233.1742,-177.5593,-3.1433,-9.5039,141.8727,7.0077,-59.7119,-115.1764,-54.6976,-112.8588,-242.4885,-317.3341
-38.8855,14.1110,-46.2886,-397.6428,-115.2827,-123.5077,-199.9783,-255.6361,-154.2652,-89.9340,-1.4721,124.2712,28.4697,-71.1657,-89.7123,11.1227,-80.2346,-194.1624,-309.5454
-52.8185,-1.6645,-65.2957,-392.0262,-111.9019,-129.2086,-277.5283,-291.0639,-326.9648,-200.2394,-3.7479,52.7882,9.1594,-124.9649,-117.2238,78.1306,-84.3176,-170.3609,-312.8332
19.0653,-25.6007,-70.0766,-354.4710,-116.1582,-113.3603,-348.6826,-291.3275,-441.1881,-198.1305,-33.5508,35.5147,-45.9698,-120.9446,-163.2424,57.3758,-83.3264,-110.0100,-318.4938
100.1268,4.0216,-45.0647,-322.4340,-68.5884,-52.2357,-338.3965,-239.1589,-314.7958,-142.7287,-50.2060,72.9422,-64.5305,-73.1039,-131.1073,11.9681,-86.0446,-43.8057,-281.8011
116.9563,37.8648,-39.1552,-363.4061,-1.9672,-0.4864,-291.0243,-186.6700,-168.8099,-101.2242,-65.2448,91.3033,-32.1370,-43.8960,-37.6891,15.9657,-133.9256,-43.9226,-218.4205
91.8348,43.2809,-61.2810,-383.9693,19.8422,27.4722,-248.3913,-159.4005,-135.6113,-52.7499,-89.9041,93.9707,-0.7402,-21.6193,15.5992,54.8676,-157.2779,-48.2548,-188.6922
78.9482,37.6436,-31.9542,-313.7694,16.1855,50.5227,-220.1538,-172.2691,-133.4783,-70.2827,-61.3655,113.9667,9.3737,5.4054,4.4788,76.7683,-75.0572,-1.0190,-225.2432
92.1774,33.9717,49.4867,-246.4243,22.7276,36.7082,-248.6557,-263.4411,-229.1559,-225.9863,21.0664,127.2501,4.7277,10.2734,-41.5749,45.9676,25.2331,3.6663,-314.2603
117.7756,17.4593,74.8370,-234.7783,6.9133,-16.5369,-336.9476,-384.2839,-449.0730,-369.0320,51.9163,111.5465,-22.1203,-0.7127,-99.2116,-17.8069,49.3383,-58.2464,-395.6499
135.9374,-33.9187,30.5609,-209.2793,-47.5294,-34.6671,-377.5105,-410.5677,-505.9157,-316.5602,11.1365,98.9473,-45.3091,5.6616,-104.9670,-52.9951,71.5566,-70.7520,-394.8060
136.6105,-72.7383,15.6448,-147.5895,-76.2348,-11.0730,-293.8592,-342.7614,-274.5021,-150.4124,-6.6246,114.3940,-21.5971,26.0334,-24.1540,-35.7275,143.8177,-45.3145,-305.8864
141.2939,-25.9693,44.3536,-111.9027,-50.8216,-25.3384,-172.5525,-290.3447,-76.9906,-76.7258,12.9935,122.4640,8.3472,26.9088,51.5914,11.7901,172.3756,-91.8848,-195.7053
168.7200,53.8184,39.3178,-127.2474,-38.9418,-68.0530,-129.2384,-251.4601,-108.2761,-103.3278,-3.1196,91.0755,-20.1323,1.0944,37.9395,53.4461,111.7654,-153.4213,-108.6571
179.2925,74.2357,-15.2573,-151.8476,-62.7920,-60.2473,-139.0247,-149.3445,-145.7339,-83.0115,-51.1074,61.8224,-53.7966,-16.3282,-19.5449,33.7776,30.7528,-135.7939,-37.5551
125.5096,54.5356,-77.8605,-156.8238,-54.3596,-30.0628,-126.6228,-25.3923,-42.1924,1.2519,-71.0559,72.4458,-17.4182,-5.6958,-43.8923,-37.4737,-32.4484,-121.4979,33.6019
47.8511,4.3188,-131.0212,-163.9908,-12.9515,-48.0542,-111.1953,46.3688,67.0118,43.1154,-67.1232,74.0856,27.8157,2.2890,-5.8825,-36.1782,-79.3902,-161.5075,110.1572
26.0905,-98.6408,-154.1254,-180.5167,-10.2796,-66.6039,-130.1697,110.7887,101.0281,33.8330,-64.9984,37.7153,8.7797,-9.9271,73.6483,70.2755,-87.3337,-145.7008,166.2785
48.4559,-145.5057,-113.2963,-156.1353,-21.2752,-21.2992,-140.5793,195.1073,95.9794,22.3855,-43.7378,32.5581,-9.8111,-16.1318,111.0160,142.2016,-54.3997,-49.1797,155.4002
38.5419,-58.2599,-35.2723,-70.9601,26.1584,37.5190,-108.9765,212.3812,32.7083,-0.6067,-0.7412,79.4158,31.9603,-12.1361,67.6840,134.9791,-19.5864,13.9085,90.7118
-4.2580,26.1339,5.4499,2.4787,80.3337,55.6272,-78.1353,147.2964,-56.9014,18.3537,20.7139,85.0897,70.5230,-16.5087,40.0592,144.7687,-10.2715,7.4493,45.1250
-8.2008,32.3814,1.0654,2.3834,66.1750,60.2745,-78.7787,106.9705,-42.1409,139.0661,14.7592,24.7367,62.1010,-16.0673,75.1909,153.4583,-20.2725,-19.2329,40.0491
44.1419,71.8695,23.3275,-23.6729,34.5588,69.9969,-94.1785,111.3023,51.0385,187.7746,26.7523,4.7729,54.3464,-6.1352,65.6930,93.0572,-12.7184,-43.7036,29.3065
102.1488,162.6249,101.9324,13.8714,35.4623,70.0372,-116.2987,76.3076,50.3250,13.8580,75.7799,72.1247,69.8603,-14.0406,-14.8499,48.4791,42.3899,-45.8384,-3.5147
133.6854,219.2633,166.6267,109.3092,23.1373,64.3333,-132.2130,10.3759,-33.3715,-151.6516,126.8411,137.6577,87.6019,-25.4403,-38.2152,81.1508,107.9834,-25.1083,-18.4991
142.2194,237.8792,148.3140,152.9199,-16.8784,47.7673,-110.1967,-1.1065,-35.8593,-83.0506,129.3266,138.2596,102.2431,-1.2038,18.5464,110.2514,131.4540,-41.3368,10.8289
146.9830,229.1769,91.0582,109.7761,-46.7224,6.8522,-68.2906,39.0097,43.3654,50.3443,78.4261,125.0270,91.3708,40.2049,31.7342,128.2344,134.8799,-98.4341,45.7219
181.2159,207.0413,98.2587,104.8064,-83.2004,-20.6783,-61.0129,66.7395,82.1380,73.7516,42.8905,144.5650,27.4300,70.2554,-27.6347,184.7700,150.0120,-116.1753,28.6947
238.5063,247.7811,174.8499,194.7183,-148.6612,0.0792,-75.5737,73.6601,73.8448,69.6371,70.1689,161.4152,-47.5763,105.0752,-58.4777,200.4351,143.1722,-93.2772,-12.8104
251.6461,322.4769,210.6342,242.7445,-189.0466,32.4229,-49.7526,85.6888,69.5252,68.4353,91.0694,157.0214,-82.1474,137.3177,-12.6420,130.8306,92.1742,-100.5460,2.8081
200.6332,325.8056,145.2147,191.1996,-162.1973,48.0390,20.6731,103.0911,57.1042,18.6520,36.4639,180.9336,-89.3690,124.0491,48.7564,88.3296,33.4550,-121.9780,51.5726
143.3703,332.0799,49.5805,174.0132,-101.9237,70.4234,79.0626,111.2607,48.1417,-4.1828,-28.0540,235.9189,-70.7328,69.3247,62.1868,98.8111,1.1119,-96.5088,28.5154
92.8231,420.7055,3.5056,236.3195,-48.5257,98.7524,76.9798,100.5611,78.4302,30.1378,-31.4530,247.5925,-7.1958,27.5671,41.0257,82.2529,1.8835,-35.4663,-65.9886
25.1759,450.3557,4.1498,285.6021,-9.4906,113.4215,14.0840,73.7099,103.8210,13.8817,-23.3400,204.4484,49.4046,38.1749,34.5795,77.0033,27.6521,23.5850,-144.7826
-1.8440,371.3329,35.1648,314.4506,20.3369,126.2917,-46.7063,45.6886,93.9203,-34.0829,-36.3736,184.8093,44.9919,89.5357,48.6651,122.8859,57.5597,58.5468,-185.5202
58.6365,349.8926,98.1833,350.9851,36.2207,133.1050,-41.3533,22.2680,98.6334,-1.0297,-16.3484,222.5375,20.5942,129.6016,45.3181,113.7328,79.0683,39.0885,-210.3362
119.2403,419.4959,152.5448,348.2651,4.8053,115.2879,-8.2865,11.2466,92.7189,70.0016,28.5802,274.2622,11.8008,139.5856,-7.3061,37.6127,85.7945,-18.7210,-210.2975
119.8330,463.9740,151.8474,321.6836,-81.5507,109.4524,-22.1882,50.0955,30.1015,106.2941,25.9831,301.7133,-5.3653,164.1902,-98.0407,41.8242,64.1002,-46.4279,-172.8206
140.8221,459.2617,127.0709,335.6471,-147.5666,135.6672,-45.1420,142.7358,43.5856,166.0004,-10.2715,304.2438,-22.4439,205.7740,-150.4669,140.8943,38.1246,-45.9715,-105.0468
213.3119,434.7414,123.9112,348.8494,-152.5520,127.5139,-13.9849,210.6999,211.7449,266.1118,-24.5731,307.2200,-26.8163,209.9605,-101.4983,208.0203,50.7653,-73.6891,-46.9021
249.7286,443.1908,121.3492,329.6295,-179.7161,72.8828,4.8962,211.9257,322.9032,317.1813,-32.8777,334.1938,-54.5009,213.4926,-24.6032,216.6551,62.7568,-92.3489,-57.9777
236.1492,565.4318,101.9171,332.4261,-255.3521,65.7147,-40.0373,216.0578,261.4235,291.8041,-44.0373,364.7496,-69.6025,298.4837,-11.5534,219.5799,12.2621,-35.0438,-95.2696
243.5744,696.6711,98.3593,308.2724,-260.1244,107.5341,-35.4620,261.6502,230.8511,251.2867,-18.3393,352.1620,20.5377,388.2315,16.1250,230.1508,-65.4426,21.7912,-35.3923
250.9799,629.7643,106.1946,157.1133,-173.4037,77.8940,78.8721,282.9169,306.4114,240.1466,13.8867,273.2429,149.4276,343.4279,125.6503,247.2284,-140.7027,-36.8519,77.1303
183.9758,441.7576,67.7154,-36.4123,-145.0950,-30.1486,151.3211,246.5249,309.8143,253.8237,-28.1223,134.2576,157.1159,202.1310,170.8589,244.2136,-266.6086,-150.0960,60.3998
67.5121,348.8350,-33.0247,-133.7522,-214.1620,-90.5248,67.8214,183.3514,208.4146,254.3573,-130.7978,-17.2802,62.6474,83.0891,48.6998,175.3000,-421.9078,-175.9336,-93.0085
-23.0975,334.1907,-155.4633,-152.2009,-252.8172,-78.7792,-81.0227,82.3344,94.4025,208.3356,-223.6008,-106.6402,-4.3931,-6.4331,-105.3837,84.6970,-494.1294,-122.2223,-246.3232
-63.5629,325.9933,-251.5268,-138.0279,-223.4961,-81.4818,-188.6189,-54.3781,-39.6068,132.0369,-294.6868,-122.1583,-40.4536,-74.7361,-176.6256,58.6798,-468.5294,-88.9302,-363.5956
-48.0662,386.3161,-272.7360,-67.3391,-203.8193,-93.9388,-245.0713,-127.4884,-129.3276,71.6515,-340.6565,-106.4663,-98.8689,-55.9668,-210.3565,81.0850,-406.9606,-67.7623,-443.9506
31.9435,504.1116,-203.5718,53.1609,-201.8512,-43.9529,-252.8804,-94.0228,-74.7214,47.8156,-314.0595,-49.2704,-142.3575,48.8508,-234.2976,94.3133,-301.6135,2.6219,-427.3263
148.8718,590.3568,-102.2572,173.9194,-178.3157,23.5676,-227.0918,-69.0521,-18.3400,34.5843,-219.8064,65.0168,-130.5737,127.8631,-229.8754,83.4867,-140.4026,63.7221,-337.0964
266.5746,650.4709,-22.6355,252.8177,-148.7376,1.4914,-205.5887,-140.2668,-67.9894,3.2500,-139.5031,175.7197,-97.7182,126.3336,-210.2936,28.5479,17.0380,17.1939,-261.5917
381.3691,699.7703,64.4465,265.2395,-128.4404,-86.9081,-171.5739,-246.2280,-40.5131,-11.2361,-96.0954,247.9019,-72.1696,111.5494,-173.0103,-48.8186,130.7368,-91.3692,-196.5581
480.5271,710.2939,195.1337,249.6680,-107.3299,-136.5641,-101.6089,-306.7550,92.5822,19.0983,-19.5037,303.3912,-46.7196,135.7429,-121.7104,-59.9653,213.8681,-144.1712,-119.5174
534.9944,702.8633,343.9838,274.4617,-99.9996,-141.9635,-45.6138,-316.8514,109.8915,5.3738,109.7686,310.6626,-25.7052,145.7739,-102.2277,-16.4026,286.3958,-131.9649,-67.7384
558.4578,690.7828,466.8232,329.2204,-108.8984,-164.5242,-25.2683,-295.5474,56.1683,-90.1267,198.8591,246.9277,-26.0042,89.3249,-91.4524,-7.3339,364.1281,-115.6034,-42.2663
569.2630,658.1311,506.5718,376.2155,-121.7668,-191.4370,-12.3588,-247.7962,126.2503,-97.7721,175.2095,186.2683,-56.2936,36.5840,-42.5644,16.0138,415.4018,-105.3374,-30.1981
518.6258,643.9890,408.4181,417.4230,-178.1503,-182.3788,-41.3294,-178.8802,207.8708,57.0427,96.2724,155.8526,-94.0992,73.5110,-29.4084,116.8267,378.3985,-102.0370,-57.2604
388.2256,646.4132,248.1145,411.2686,-269.6965,-178.8505,-103.7147,-124.0931,167.9174,161.4943,69.9801,98.3945,-69.3959,129.0887,-69.8767,161.5911,303.2131,-134.5867,-84.2482
282.2668,598.1500,202.5862,329.1175,-256.6108,-219.8148,-61.8354,-135.8224,137.1412,112.6417,120.0288,42.7639,53.6009,95.3998,-11.4308,64.6409,297.7766,-163.5159,-61.3434
277.7362,558.5285,279.4871,282.1441,-103.5911,-241.1978,74.4756,-191.7220,155.0377,89.1885,179.0419,58.0024,185.9635,39.3560,144.9120,-17.1618,305.9839,-110.5969,-84.4043
301.8062,614.8026,291.1509,334.5666,-3.4272,-207.4192,93.0460,-204.7678,111.5691,140.7865,178.7285,89.4270,221.9523,61.1718,187.1098,19.9200,211.4834,-43.6196,-210.0105
274.5796,652.4315,173.3688,347.8768,-56.4612,-215.7255,-6.6655,-184.5581,68.1171,121.5832,111.5781,64.7599,192.9776,83.2464,108.8522,75.5927,90.6565,-111.0098,-274.0496
217.3342,570.0190,59.2218,240.3795,-124.5852,-307.7092,-4.6193,-212.4525,118.3187,56.3872,28.5262,26.1728,181.0075,28.2724,98.6078,90.3715,63.1699,-262.8955,-181.2468
172.4875,483.5746,16.3200,139.6760,-143.5005,-355.9944,68.9906,-252.0740,155.3089,66.0239,-4.5021,26.7137,166.5484,-4.4538,128.6831,100.1958,70.1288,-312.4624,-100.4561
179.0690,479.0652,-3.2128,141.3871,-212.3560,-309.3417,-4.9279,-232.4855,102.8406,79.3604,28.2830,53.9874,99.1364,42.1889,52.1719,85.5384,54.6517,-260.6127,-153.2314
272.5685,496.6514,4.5837,204.3689,-325.7045,-299.6313,-173.6144,-220.5747,56.4841,17.7825,67.9903,88.2920,12.7017,61.1874,-56.6577,29.4128,103.7922,-245.3381,-221.8136
386.4594,513.7885,63.1515,298.0649,-377.1006,-349.6505,-224.0873,-256.0189,68.2110,-18.2700,55.2629,120.5538,-38.7984,21.4945,-76.6654,-3.3019,241.0242,-249.1252,-196.7305
403.3910,535.2983,114.1673,405.6243,-374.9071,-307.9831,-168.5358,-238.1965,58.2969,15.7057,12.3845,132.6049,-56.7583,26.5491,-86.3997,9.8457,348.6168,-183.7775,-137.7717
340.6624,514.3861,116.8219,459.7675,-374.1113,-179.2817,-126.2423,-158.6901,-11.2055,24.0342,-0.6098,107.9838,-52.8355,84.3310,-143.0118,4.2655,364.8206,-111.7400,-118.5617
288.7549,458.5558,112.9632,434.7011,-341.6029,-131.7138,-76.8991,-128.5819,-25.5841,-0.3385,16.0520,53.6534,-26.9634,100.3260,-135.0536,-37.9942,333.6675,-95.6105,-106.8170
245.1603,420.0835,122.1304,387.6609,-258.7055,-167.0783,17.2477,-127.3585,93.2067,29.9275,20.9600,5.4289,4.4871,56.9627,-39.3455,-42.0468,287.6745,-52.9674,-49.3923
193.3029,379.4818,123.3647,358.2755,-166.0722,-156.9196,92.1041,-58.2764,184.8230,109.3607,21.6128,-20.2731,36.5579,1.1886,4.2705,36.5755,242.8374,53.0993,35.8406
175.2382,319.2060,133.4895,342.7545,-60.1338,-84.1335,109.8012,47.0535,139.0114,171.0552,55.9668,-51.0438,91.7621,-33.1098,-22.9623,112.8213,234.4084,156.3233,105.6928
184.8965,293.1846,170.5709,350.0912,79.1383,26.7234,130.3879,125.8803,173.9502,209.6214,108.6970,-78.7090,168.4039,-11.0397,20.9112,80.6275,268.1414,260.1743,160.9208
180.7377,324.0104,191.3152,388.5717,210.3039,169.2012,210.7715,173.9161,369.7401,236.5298,135.1072,-65.5397,240.3120,50.9028,144.3676,-3.3916,301.8007,380.3682,204.7213
166.1476,375.0186,152.2023,428.6475,292.8332,238.4918,313.7262,158.3358,404.8075,234.6219,137.5230,-51.8612,300.3404,66.0237,198.4169,-7.3708,298.9210,423.8633,203.7973
125.9993,419.6747,82.5586,436.9448,333.8680,174.3255,355.1541,89.9431,234.6802,238.4092,146.1183,-67.4244,342.9144,29.9863,157.2466,44.7190,266.5503,367.8823,161.5677
51.6708,443.7432,53.4141,416.3328,348.2221,121.2528,332.8259,78.3441,242.4455,315.8173,166.1209,-29.2150,359.7174,34.4934,126.6331,57.4185,240.8237,336.9194,133.7675
40.5535,447.1926,86.4648,382.4489,349.0186,157.8941,317.1707,124.7160,418.7002,402.6598,190.2593,64.5813,376.9977,80.6501,124.5470,63.1077,238.0927,356.9467,127.4354
139.9201,456.2262,116.7480,335.1741,331.2983,156.3156,297.2465,105.5723,384.7415,338.0252,207.2641,88.3189,402.8594,99.4877,121.2121,98.5956,232.1460,315.4075,99.0366
211.5751,466.1078,82.3801,279.5872,252.2424,82.7119,205.0801,27.9398,194.4144,146.3016,181.8826,62.0164,371.4890,112.2970,152.5841,90.2935,201.6668,197.9880,48.6214
159.9674,443.6870,21.2592,240.5779,117.7794,44.8802,95.6557,-3.0955,147.3067,47.2525,102.1977,99.7243,254.4128,146.6418,186.3198,30.2264,171.0422,98.2062,12.4011
86.5316,414.2629,1.1576,230.8697,19.7757,36.9016,72.8087,-3.5154,174.8418,92.5757,32.2868,131.2568,135.4337,129.9177,113.2485,5.8736,174.6232,48.4171,1.3225
88.5961,426.0158,4.4878,235.7931,-12.8723,3.1887,73.7495,-34.3917,106.5107,94.6956,26.5140,70.4743,74.4832,45.4610,-22.2486,23.5558,203.1418,20.8989,-0.8013
114.7145,444.1841,-31.8457,235.2822,-66.5443,-11.0499,-24.1750,-63.4161,2.2306,-6.6024,33.0311,20.8743,30.2208,-0.6766,-80.8041,34.0066,192.7567,-6.0136,-28.2916
65.4022,403.7199,-125.8106,207.3374,-170.7411,-7.6350,-168.1991,-57.8646,-71.9128,-70.3203,-20.6721,22.7187,-27.2953,26.1235,-89.8161,16.7093,83.7694,-44.9254,-103.4117
-72.7862,320.5985,-241.6378,134.1736,-236.7328,-57.2103,-228.0370,-44.2187,-125.3269,-74.9802,-108.3172,-25.7343,-71.0856,36.2462,-142.8315,-61.3347,-77.0441,-71.3960,-184.2575
-201.5040,246.7432,-315.9438,40.1037,-213.6231,-121.1973,-215.6216,-37.1532,-159.0746,-124.6379,-167.0621,-104.2799,-89.0065,-16.1524,-191.1161,-156.7892,-169.5896,-45.8229,-221.6414
-251.7748,180.2367,-321.0443,-20.1582,-158.4531,-131.3611,-225.5722,-33.6025,-193.2346,-186.9659,-200.7199,-126.0442,-91.6263,-89.0020,-185.0815,-132.4170,-179.3793,-1.3752,-241.2670
-293.0547,113.4530,-314.2169,-34.5162,-131.7688,-132.7573,-258.3688,-39.9745,-191.0193,-186.9096,-229.1395,-131.9139,-84.5795,-148.8177,-191.1111,-47.1659,-195.4582,2.9320,-259.9167
-355.7773,90.1393,-340.4572,-45.6027,-130.1590,-156.3216,-241.1817,-50.3185,-108.2294,-196.1093,-225.6619,-150.3127,-75.8567,-194.5377,-226.8130,-124.4850,-222.5818,-12.0060,-221.6412
-324.1400,122.0527,-350.4738,-79.2586,-119.4466,-155.2208,-164.5467,-43.8437,-64.6462,-241.9851,-181.8398,-134.8939,-55.6635,-226.8008,-225.2728,-305.2072,-199.2870,-7.4353,-122.8350
-183.9264,144.3261,-314.7326,-108.4693,-76.7637,-132.8419,-94.7465,-14.1279,-111.2821,-221.2356,-140.9812,-121.2840,-3.8146,-239.7013,-187.0173,-335.1067,-145.6814,-9.7053,-50.5510
-83.5953,133.6774,-278.8174,-101.8072,-35.7119,-135.2108,-70.5662,9.9446,-101.4932,-163.3573,-122.1241,-146.2045,39.4071,-215.5810,-166.8360,-257.0659,-94.6176,-44.5373,-31.9104
-54.5143,144.5389,-244.8978,-71.5867,-104.4168,-155.8287,-67.0458,-0.0985,-54.2326,-170.8387,-103.5571,-131.1251,12.9941,-144.4526,-161.7386,-259.7912,-22.6134,-91.6276,-5.0033
-17.8947,173.2437,-185.4239,-56.1123,-342.0206,-170.6930,-58.6477,5.4619,-54.2583,-123.1462,-91.2878,-60.9341,-47.7437,-64.4257,-139.3831,-270.0657,23.5518,-140.0841,51.4583
4.2115,149.3163,-145.9097,-79.6675,-613.7031,-190.1700,-54.0016,80.7673,81.8366,62.7975,-109.1507,-35.0585,-73.1140,-39.6236,-112.4561,-197.3253,-28.3497,-206.1591,90.1912
-2.3720,90.0078,-149.0730,-132.1197,-724.3009,-239.6256,-75.5098,121.5234,330.6627,127.3472,-139.1083,-68.8357,-96.5358,-85.7527,-125.2915,-196.7053,-87.3013,-294.1627,64.6763
44.9183,96.8053,-128.1120,-155.5400,-686.7920,-321.3005,-141.4511,11.9299,300.5749,-49.0751,-156.0527,-94.9522,-183.8363,-146.5869,-184.3984,-311.3387,-33.1319,-370.1170,-26.8653
129.3442,189.8895,-78.8514,-92.0581,-651.0981,-379.0958,-228.4218,-117.5133,55.6671,-133.2526,-178.1982,-105.7854,-294.3264,-160.6747,-222.0860,-312.2387,57.7487,-374.4213,-114.5501
140.6547,266.1626,-80.5196,-1.2152,-628.6299,-359.9068,-258.0142,-100.3774,38.7515,17.1472,-223.9848,-129.3671,-342.6119,-150.0028,-186.9103,-132.8310,47.0497,-300.4608,-125.9968
64.0752,224.8635,-140.1316,-23.8634,-550.1435,-320.8780,-201.6889,-37.4356,144.2010,65.4480,-280.9634,-173.8533,-333.9271,-191.0044,-145.7653,-16.2225,-80.5062,-237.4821,-120.2183
-61.4233,89.5337,-206.0448,-158.9975,-473.4970,-336.8169,-145.4777,-58.9853,49.8453,-104.8606,-340.1697,-233.1725,-337.4820,-265.1052,-178.9882,-91.9647,-264.6652,-236.1097,-197.3374
-204.5324,-18.5403,-259.8036,-247.7241,-464.2045,-350.8799,-159.5508,-74.1651,-73.3213,-180.1804,-391.5540,-266.4339,-365.4636,-250.9854,-242.0273,-185.0863,-409.6744,-206.7800,-292.7589
-290.5018,-40.7659,-284.0282,-224.4181,-448.5892,-294.0335,-202.7627,-23.2725,-99.3942,-73.7703,-402.2746,-240.2453,-358.0011,-133.3993,-262.8493,-143.9557,-430.2067,-96.9919,-298.4804
-306.1186,-36.8119,-284.2616,-171.6534,-385.9117,-235.2815,-226.2525,-20.0939,-218.2078,-30.4531,-372.4095,-198.2157,-292.6591,-54.2459,-261.1674,-62.9831,-388.2718,-19.8106,-293.9612
-346.8287,-43.4092,-330.1378,-140.9075,-355.0470,-244.2270,-243.9884,-94.1053,-323.4804,-87.1863,-356.6302,-177.8405,-236.7336,-80.7088,-270.0959,-73.6002,-411.3692,-25.8152,-377.3677
-417.1325,-18.0845,-419.6384,-124.4875,-377.3724,-242.6096,-264.6396,-128.1400,-222.8418,-66.0848,-366.4848,-134.8260,-242.9273,-120.0574,-270.3320,-134.1090,-477.2008,6.1201,-444.7243
-428.1821,41.4523,-443.5079,-131.9479,-397.7444,-126.9802,-270.3849,-68.3740,-155.5146,38.4577,-349.0189,-55.0834,-270.6654,-100.2876,-245.2536,-138.3013,-512.2165,28.0126,-396.7107
-397.4906,75.5041,-392.4829,-161.0095,-420.0853,52.2181,-258.0223,42.4492,-241.8425,115.0872,-307.2954,-14.0184,-275.0727,-31.3454,-203.4592,-62.6715,-552.1463,-258.7141,-314.3579
-390.0130,61.9728,-376.8760,-189.5040,-467.6284,140.2345,-234.5968,155.0084,-208.9727,165.9960,-308.3620,-39.9400,-279.9906,66.6120,-164.9868,55.7736,-596.5504,-839.7664,-260.3850
-386.6755,30.3391,-414.5447,-208.2001,-514.8199,99.8174,-218.0325,216.0227,-62.8091,201.8586,-347.2267,-53.4638,-304.9833,125.7709,-151.1946,135.2059,-553.5760,-1199.6576,-205.7062
-367.1054,12.1713,-427.9623,-195.9545,-548.0383,62.5917,-244.0618,195.0905,-68.2772,130.6951,-348.5572,-15.4158,-319.7152,75.0501,-140.2215,87.7602,-441.7689,-1057.5682,-186.0349
-346.9258,9.0864,-401.2250,-163.6856,-560.4855,92.2699,-307.1352,135.6188,-145.9508,-38.6091,-300.8419,-5.3175,-304.3698,5.8190,-97.7326,-16.4959,-385.4170,-776.7256,-226.9719
-332.3135,-21.6117,-371.5909,-197.0625,-515.6083,87.3212,-337.2357,107.7455,-93.0472,-87.1771,-252.4464,-63.1611,-270.6598,37.5154,-70.8056,-2.3663,-411.7182,-704.4797,-216.1388
-346.8499,-104.5494,-352.5323,-304.8690,-417.7011,15.0986,-288.9941,132.3565,-0.0354,72.1964,-214.5880,-93.0229,-231.5742,64.8388,-103.1484,94.7381,-448.1255,-696.8043,-98.1831
-380.3857,-185.7718,-338.3836,-368.1782,-316.0947,-25.5722,-195.7189,170.5433,9.3870,162.3503,-178.5927,-44.4170,-203.0481,-37.7952,-112.1601,69.4452,-443.5905,-579.3024,13.6047
-347.4454,-210.6817,-304.6727,-343.3705,-213.5450,-22.9185,-105.0130,186.5772,-2.7637,2.9321,-151.6705,-20.3837,-182.2809,-144.3772,-35.9902,-61.2624,-401.3740,-457.9816,63.4397
-248.1140,-186.0617,-218.5872,-286.1266,-86.4152,-30.9429,-10.9670,220.1324,53.5270,-105.7654,-112.4065,-79.7082,-117.6502,-116.8788,45.7143,-74.6511,-354.9063,-383.7279,125.7536
-184.8054,-126.9780,-94.8531,-197.5587,51.5253,1.6144,119.0181,320.1780,190.7921,80.3461,-37.0943,-130.3837,10.6609,-24.3027,96.1068,73.2731,-300.1981,-262.1707,226.2137
-157.4655,-57.2202,5.1093,-89.7125,168.4422,107.3521,261.6331,426.2634,324.0598,281.3675,22.4697,-102.6324,119.1595,51.8919,180.9679,209.0132,-193.3286,-124.4487,322.3474
-111.9888,-19.8933,27.4520,-43.9902,224.3746,190.4313,336.5412,459.3167,349.2592,239.4828,9.2877,-35.1356,135.7961,90.0059,261.8114,218.0778,-80.9332,-61.6104,391.5006
-91.3348,-1.1669,-28.0678,-48.9018,204.5308,210.2841,328.3615,456.1327,305.4756,144.2841,-26.4854,11.3036,112.9279,50.8757,245.3541,151.1281,-55.1131,-32.0728,415.9750
-95.4716,30.1677,-79.7966,-25.6087,184.2250,222.0188,318.5030,456.6046,291.3570,155.3473,-4.8174,-2.4584,123.9255,16.4575,221.8459,118.9152,-47.3007,-1.7285,400.6476
-38.2439,22.3921,-46.5461,-10.3213,221.1197,208.2432,330.7734,409.1804,305.9587,154.9922,55.1547,-56.3054,146.3995,113.7386,316.4890,143.4680,48.9755,-24.1951,391.5245
48.1602,-48.0083,22.4429,-59.0219,227.8552,124.5750,291.1403,309.3989,339.7072,120.1534,82.4359,-68.2040,134.7018,185.8061,418.0016,132.4937,135.7563,-73.0285,375.3364
68.7464,-94.9040,35.9162,-109.3903,137.4078,33.6435,197.7018,234.8989,384.3212,149.0316,63.7330,-31.0662,99.6940,40.4814,364.5279,75.4944,113.6326,-51.9579,294.9857
55.3669,-81.2284,33.0887,-94.3099,53.0023,20.5954,147.5592,199.8539,359.2400,198.7259,39.6008,-19.9539,65.3815,-108.5869,230.9110,113.7919,105.0238,54.3271,198.3214
58.4675,-58.8850,86.5747,-15.4734,72.3594,79.9731,177.2317,164.3946,305.7437,193.6546,43.6554,-21.6746,47.0129,-42.8372,190.9388,257.2261,198.9882,204.5896,176.3360
58.4029,-47.3375,154.0997,91.6119,162.3893,131.4028,251.5821,144.3167,390.1040,171.7852,79.1746,11.7744,69.5694,20.3303,262.5565,304.7090,286.5432,347.7330,211.6733
79.7248,-65.5589,190.6525,150.5199,277.2618,86.3616,356.4536,165.6660,533.8859,166.5583,127.1985,19.3478,123.8518,-87.9236,338.6949,197.4749,300.4267,403.4337,258.8735
143.1192,-145.6705,223.7165,129.2780,392.9273,-51.2038,458.4795,196.0836,501.5513,160.7557,164.7784,-32.0296,158.1800,-167.9978,349.7079,105.0491,292.6252,350.0647,324.2135
182.0916,-216.0555,237.0578,107.8579,461.7354,-178.0356,491.6270,200.8022,359.9674,139.8704,184.2945,-69.7389,168.7339,-136.3557,332.6236,102.4735,278.7028,273.0251,377.1374
185.9343,-195.8561,198.2015,121.6489,482.5326,-240.4395,469.8967,195.9193,348.2168,119.7446,194.3988,-81.6485,199.3622,-155.5190,369.0929,117.1933,260.2560,237.5819,377.3211
211.2649,-151.4218,173.1822,124.2232,502.0333,-257.9035,465.7068,220.7043,448.2884,167.4692,203.2776,-95.6588,236.8135,-220.7202,448.5178,134.8516,280.1242,237.8300,377.4455
222.3949,-145.4201,220.3824,141.4477,508.9721,-209.4035,476.8188,275.6756,485.1483,268.7078,214.8089,-74.4466,234.4480,-195.0769,466.0195,172.0315,327.8109,261.9000,425.1915
182.5535,-131.3249,288.9603,186.4451,472.4547,-96.8799,462.7997,299.0656,429.9906,252.0170,237.7708,-44.2669,211.4044,-101.3552,400.8104,191.9606,353.5789,281.3404,460.5851
176.0566,-107.9933,334.0803,165.5065,423.0390,-24.2150,436.7708,244.8274,367.9889,91.7099,273.3829,-72.7570,205.2358,-33.4337,354.3760,187.9267,374.7990,263.0379,425.1863
226.7511,-110.0742,361.9615,107.2744,384.4716,-31.9265,410.2740,151.9172,334.0233,-2.9535,293.4298,-72.7743,198.7384,-23.1443,374.1956,169.7864,430.3565,249.3152,345.3959
233.8095,-85.8005,351.7693,162.8849,345.2931,-26.4312,372.9422,74.4356,302.3462,13.5773,268.6506,29.1877,185.1501,-57.0337,405.9251,105.2885,505.9857,292.1771,275.4716
195.4090,-14.8784,304.4267,287.0116,331.5997,34.1603,368.0786,20.2925,295.1697,19.4207,221.7120,106.6080,203.2188,-49.8245,416.5031,40.5734,570.7299,343.4839,255.0377
211.4237,22.9183,289.2616,324.4019,368.0661,87.3371,424.6111,-4.4681,368.7862,69.7577,201.3616,107.3965,253.4521,32.3191,409.5213,91.2844,606.8200,345.4735,274.1086
265.8617,9.5687,328.1024,308.3749,404.2601,94.5851,445.5330,-1.3145,433.6964,191.2251,211.3229,144.2331,283.7191,57.6020,372.7405,205.0949,616.7778,327.9895,261.5865
271.9814,-3.1136,366.4654,317.6498,399.1325,67.5284,354.5397,-4.7777,342.6450,178.9112,223.6773,188.5802,280.6579,-0.0747,326.6095,205.6920,629.6462,329.4641,212.0199
248.3695,-18.3680,384.1164,302.7417,402.2095,38.8374,266.3018,-1.7956,208.1752,33.0168,238.1129,136.0314,296.8955,27.7626,336.8172,98.7837,648.0052,347.3047,243.1611
251.0493,-40.2549,399.7897,261.2161,474.0146,59.9847,317.5293,72.0252,234.8227,33.4790,277.2757,86.8248,379.2646,123.8920,416.5386,42.1601,638.5043,386.8402,398.8894
269.6110,-22.7351,425.9152,267.8950,602.4927,130.9752,453.3630,194.8332,332.7696,211.7804,354.5551,148.6501,506.6899,111.3490,504.7205,60.3717,614.8560,449.5788,552.4156
315.6066,28.8195,498.6884,302.7769,733.3792,175.9360,552.9584,266.1963,363.7958,343.8246,464.2260,222.8328,614.8054,63.7323,554.5741,51.2824,625.1064,490.9181,622.0105
435.8629,52.1637,630.2748,294.7715,823.7557,157.7766,612.6825,259.9213,435.3399,346.3134,568.4172,232.3404,673.1725,130.4281,574.7700,-8.5337,659.1776,456.9086,674.3151
563.3192,29.6608,725.1189,238.8796,847.9078,121.0047,662.4344,234.3996,560.0342,273.2257,613.2682,222.6377,690.8997,187.2719,585.9203,-56.6325,675.1034,354.2313,739.3942
567.5095,-5.1481,696.8420,170.9176,800.6725,109.7519,674.9849,236.0339,578.7966,213.2221,593.9899,197.0490,662.2519,133.6531,581.3219,-52.0432,670.1566,265.6172,764.7444
493.8441,-24.8185,613.4161,137.5636,718.0612,132.6682,659.9530,267.8138,568.6748,258.9196,564.3906,150.9593,595.8464,114.5996,549.6504,8.8481,662.9557,264.1232,768.5946
504.8899,-34.9021,586.6616,149.5249,643.6365,170.2013,670.5804,286.9921,661.9865,312.8361,561.9628,147.0132,549.6819,179.6144,516.0921,91.3953,668.3737,310.3482,796.6741
582.6142,-51.0155,610.9077,147.4427,564.7698,184.6836,683.9528,241.2639,663.6406,203.7704,566.6773,192.7881,535.7874,214.2457,510.0897,114.6406,688.2698,321.3708,784.6233
571.2668,-46.6655,611.3030,124.1231,456.0877,175.1913,642.4979,153.1490,471.1170,54.0469,535.5049,234.6449,487.6579,226.3029,507.2931,35.6048,691.4300,317.6303,675.9932
479.5199,14.5294,562.7966,155.9389,359.8039,173.6322,569.9269,83.7883,353.2771,53.5180,460.1242,267.8905,393.4795,258.1109,478.7245,-78.3910,662.4036,361.4196,542.8156
443.8802,94.4643,505.6533,224.5275,319.9057,156.6625,504.1762,17.7728,390.0100,87.1584,391.8835,280.4597,315.8614,212.2387,452.6703,-136.4823,639.7010,418.9232,435.7113
460.3179,130.3277,483.9440,230.7917,312.2367,80.0564,425.5537,-83.3429,343.8197,22.2182,379.1295,222.5305,275.2592,73.9899,443.3469,-132.3096,623.5883,435.1390,319.8575
426.0940,120.4012,485.3401,183.9845,338.6890,-6.9362,347.6581,-168.4289,210.3848,-72.9409,391.8430,128.5005,271.7610,-5.8734,409.4316,-111.1013,552.5687,435.1547,226.4480
351.3696,78.8830,462.6628,152.1024,444.8282,-29.1801,327.6387,-174.9511,174.2565,-187.0529,380.7313,84.6734,333.1364,5.7988,352.8757,-101.9955,435.0579,452.3463,214.4014
310.5358,18.0697,420.1765,133.0542,580.6598,-18.6982,351.4363,-133.7177,197.6080,-341.4655,369.1644,81.5036,418.2932,0.2081,336.4777,-113.6540,351.9487,502.8245,216.2332
295.0726,-11.1022,406.2917,112.6327,639.8058,-42.9040,360.3687,-99.5789,210.9560,-424.7366,388.6366,68.7563,436.7810,-13.3879,368.0660,-120.2044,313.2544,632.8531,158.4092
262.2093,9.3724,414.8048,92.0516,627.1249,-82.2776,348.8696,-81.7004,291.0793,-419.2964,397.4697,68.6259,399.7927,51.0864,387.5328,-68.1659,269.8062,812.3913,92.2297
224.3579,27.2730,396.8589,50.7477,589.4513,-91.2907,316.6171,-85.9020,365.9336,-450.0923,362.0076,100.3091,362.0429,130.0426,366.1343,26.5051,226.7280,870.1570,52.0178
206.6368,21.9811,358.2749,-0.0367,487.0576,-87.1646,233.1221,-116.0254,290.8161,-503.3439,320.2729,109.8493,292.8612,116.8138,326.4600,64.4859,211.9829,724.1149,11.7925
198.8447,4.0562,333.7651,-25.4095,308.9896,-92.0496,126.9203,-124.5307,207.8387,-490.8864,294.7179,68.7146,175.8545,92.3431,290.4177,25.7048,204.9577,534.7789,16.4773
183.0471,-41.3194,298.5086,-44.0025,152.0775,-73.6900,76.6912,-58.9823,287.1207,-443.6387,246.9557,36.4873,73.7489,180.4155,260.5911,20.0541,175.0297,468.6590,100.9164
146.3707,-79.0655,203.9653,-72.8361,65.7167,-11.6360,81.9517,49.7713,368.3620,-388.3662,154.3590,64.9920,-1.9432,292.2659,233.9704,89.3002,118.7635,479.6898,172.4051
81.0534,-52.3735,67.8650,-86.1190,-9.5734,48.8344,69.4978,119.5498,300.2506,-320.1595,50.6034,126.0164,-87.8727,280.1367,217.4336,108.8648,50.8371,454.7734,179.9953
27.8216,-24.2181,-36.6433,-86.8043,-99.6587,64.1106,30.6362,123.0590,226.9790,-298.1366,-16.2678,169.6419,-146.3101,199.7136,215.0244,-3.9608,11.3256,409.3950,197.8955
57.0945,-60.4503,-60.8794,-72.1145,-144.6323,56.6348,36.9816,108.4054,252.7876,-301.6171,-25.6688,174.8096,-129.2205,173.3738,204.6728,-113.7981,37.0256,419.5908,239.2107
147.5496,-72.3351,-20.5961,10.5611,-102.4062,68.0376,108.7093,123.0719,268.8869,-224.6370,3.4228,130.3771,-74.1434,178.9280,181.6299,-45.4880,99.8778,476.7383,239.1829
185.7428,-2.8581,32.8883,139.7969,-3.5344,93.1977,170.1023,155.3789,231.0565,-127.7349,33.5056,53.8234,-19.3480,162.7890,195.0825,127.6082,142.3148,509.4613,211.9556
138.4944,51.7409,70.4920,211.8142,109.9035,99.8753,183.9618,164.9407,221.7666,-136.0418,53.8863,13.1087,54.1546,141.4470,262.0758,168.0609,164.1708,490.0781,209.9720
88.1043,49.5983,101.7057,209.0923,233.0790,83.0754,218.5821,157.2420,249.8166,-164.7059,84.2760,37.2566,157.0724,105.3322,313.2585,50.1680,190.9729,449.0029,220.4250
74.4340,54.3566,127.5001,193.3836,341.0353,61.6833,296.4501,176.7179,257.0388,-91.5468,123.3943,57.0032,262.6868,44.8861,301.4890,-8.6817,196.5918,407.9633,212.9004
63.3765,62.8621,118.1907,182.7895,359.7632,37.5285,329.2861,208.4469,242.2236,7.7579,139.3459,16.5216,325.0407,29.1993,270.9190,60.3984,153.8512,352.8341,175.9635
46.7189,34.6462,74.2852,170.6882,290.6238,5.2253,295.1354,183.6111,222.7397,29.9024,129.4858,-42.6030,304.4335,80.5342,267.2405,90.7655,106.3959,278.0172,118.2636
27.2679,1.2378,62.1828,156.4202,257.6945,0.2232,277.7803,128.0283,166.6208,15.4636,132.5556,-64.8813,225.6405,120.2514,270.4756,36.8201,100.5649,222.8220,107.8894
-19.8438,-11.6344,121.3282,126.1266,319.2040,74.1610,292.1967,165.3685,81.4544,51.8094,148.1421,-50.2365,169.4089,129.6306,240.1098,29.8999,112.6652,233.9314,203.1708
-78.2541,-21.5079,178.2812,99.2128,380.8492,215.8668,304.0695,318.0708,99.7268,160.8705,122.3134,-17.6196,168.2133,168.3544,181.2502,74.0537,114.0979,294.8579,344.1981
-83.1239,-12.6548,153.3979,112.7365,380.0485,358.8636,348.8042,465.3600,274.4621,280.0392,64.9202,20.0326,187.1323,235.8072,153.0364,73.4572,121.9732,330.5609,438.3737
-16.7025,23.8397,98.4589,124.8668,366.3809,452.0707,408.5835,521.1007,349.4769,312.0730,61.4451,42.9895,204.2293,281.3568,180.4731,69.9439,129.1322,303.1171,465.4693
59.9091,29.2294,93.5611,74.6453,369.0607,476.0724,382.6519,495.9287,136.5512,251.2666,109.4016,31.5364,231.9158,296.7508,195.8111,122.3807,85.0423,258.7263,425.9028
66.0563,-27.1889,93.3615,-4.4706,371.7145,442.1318,322.2242,414.4356,-13.4708,206.7622,110.2379,-8.8374,282.3598,309.6310,165.1219,146.5603,-13.0239,241.7636,326.9261
-4.7815,-87.1027,34.9017,-58.0921,378.2340,388.0362,352.4875,292.1442,196.3516,214.6005,61.0903,-38.5907,337.4765,327.9567,164.9641,96.8234,-102.5683,209.9517,209.5678
-53.6466,-101.6868,-26.4444,-96.5554,368.8239,308.7299,363.4161,136.1302,289.1552,149.9551,48.9176,-31.9162,338.5940,309.3267,205.9025,49.1417,-143.7180,97.9449,82.2082
-28.1004,-95.4390,-42.3266,-134.9569,298.0518,164.0101,208.3227,-46.7699,-133.9514,-29.6475,64.1068,-28.0214,260.2072,224.2473,179.2292,25.7243,-154.0288,-56.9532,-62.1629
-31.4852,-98.6692,-64.8215,-150.6905,206.1586,18.5271,48.5985,-179.9906,-468.1197,-127.5189,40.2390,-59.2729,185.7762,151.8479,91.0155,-12.1779,-156.9312,-133.0971,-150.9545
-121.2689,-92.7638,-101.2863,-116.4807,191.0298,-4.9863,64.2809,-180.9358,-190.7550,-28.8052,6.6895,-64.3501,195.7347,167.7517,74.5844,-51.8338,-141.6033,-90.3478,-145.4794
-175.4351,-57.5659,-82.0578,-29.8854,244.9759,50.9042,109.2868,-127.3129,93.0132,60.4427,4.1408,3.5064,225.5347,189.7418,118.4062,-77.3392,-86.9992,-28.0551,-149.4154
-124.6820,-16.9803,-20.4300,68.6262,257.5096,55.9471,23.7552,-128.8849,-165.8955,-5.4807,-12.5493,59.6583,181.7814,146.1177,94.8836,-91.6180,-8.6719,-21.5959,-197.6346
-55.9701,4.4946,9.3026,122.2055,193.5434,50.3059,-61.1410,-106.2100,-452.6013,-56.4325,-46.0595,23.0170,118.3353,120.8335,26.3851,-62.3523,57.0892,-23.1646,-152.5642
3.7344,15.7369,23.6947,118.6212,149.8594,129.2697,2.0662,10.5031,-292.8218,-5.9439,-15.9242,-40.1173,141.5993,139.2364,20.6086,-3.9823,113.0484,-7.3468,22.2803
102.3621,18.1396,71.7423,84.1333,195.8420,210.6311,132.8435,83.5796,-45.3256,21.7492,75.7487,-31.1214,229.3894,121.6036,56.2298,-3.6657,173.5356,-38.0921,178.0581
180.2137,4.8494,112.5432,46.0364,259.2750,199.7989,218.2503,55.7513,-6.9242,75.2833,123.6620,38.9989,283.7068,121.3708,77.8140,-58.6324,197.4498,-98.1120,252.0626
157.8896,7.4210,95.6865,38.3655,256.6412,171.4303,283.2649,81.4654,46.2940,234.3917,96.8466,107.8423,291.4174,215.7232,127.7536,-83.6693,160.0466,-78.0973,309.4678
109.0920,54.1078,64.0980,79.0336,236.9728,184.6548,358.2268,175.3453,184.3414,265.4604,83.9333,154.0101,310.6143,270.2141,205.2577,-83.7547,133.7515,6.6617,335.6695
142.0605,107.5930,85.5738,131.6663,273.3115,177.2908,374.0893,173.0853,175.5963,77.4571,143.2348,170.6906,344.7696,187.2926,205.2003,-102.2970,169.6413,43.6048,287.1940
229.9198,121.6058,150.0964,147.1152,325.3582,135.8805,299.4191,99.9642,29.9429,12.6651,213.5556,131.2762,344.7877,103.4926,123.7162,-98.9770,201.1665,33.8074,243.8596
262.4405,106.3489,179.9608,118.6889,325.5692,115.6448,222.7609,121.1503,1.7221,187.6842,209.5499,48.9377,303.9569,100.9014,94.6876,-56.5617,172.8724,14.8304,259.6458
190.6464,97.5134,134.6171,85.6017,275.1302,105.6053,171.3345,202.4789,100.6245,296.3559,148.0403,10.7837,247.5861,112.3101,133.6191,-48.5281,124.1529,-79.5094,233.7371
86.7643,111.3995,75.9370,101.0904,195.3753,74.2472,43.9408,203.8797,78.0876,258.7404,109.6207,60.7169,172.2971,137.3787,97.4716,-95.8601,79.7924,-245.8058,112.7918
45.7615,123.9880,65.2112,145.5703,106.7269,55.3977,-138.3578,140.8106,-75.0648,268.0061,102.6175,112.7584,79.8441,175.2646,-31.3428,-112.6538,11.8541,-335.6839,12.7878
45.9269,85.4225,48.0309,115.0217,43.7728,72.6547,-193.0771,105.3333,-54.2842,331.4732,67.0024,96.7539,0.6175,138.8823,-92.4869,-37.0690,-68.8623,-306.3473,20.2037
4.6278,-0.2761,-34.1650,-1.1504,6.7033,109.7731,-103.6002,114.8606,165.8822,355.8601,-4.7650,76.3191,-60.4597,80.7665,-34.2057,73.6978,-114.9527,-256.6170,67.4212
-70.8129,-61.5920,-109.5424,-64.3815,-32.6356,180.6540,-54.7237,131.7169,187.1672,320.8234,-54.5803,96.9618,-105.4729,142.7688,18.1195,101.2188,-117.7391,-193.3587,62.7289
-112.3620,-77.6513,-103.9076,-21.2651,-62.5392,289.2557,-113.4663,102.8017,-99.8680,183.5536,-49.8867,93.0417,-95.6120,232.4877,-3.6626,22.6168,-107.8953,-71.8869,-0.2467
-104.2761,-106.1378,-83.1313,9.6324,-64.5053,359.1277,-191.3325,19.6621,-294.4044,32.4548,-20.7072,44.9035,-28.6850,173.0330,-49.5920,-40.8143,-123.3221,24.1138,-61.4614
-86.0866,-160.6174,-127.8085,-45.5328,-56.6013,322.7258,-224.3456,-31.9084,-190.9682,86.2148,-18.5826,21.5203,27.5194,42.7298,-78.3670,-11.6108,-181.5114,12.7321,-54.0072
-103.4450,-178.8601,-197.3987,-125.4816,-38.9376,216.7280,-182.5741,4.8355,-35.4075,263.7391,-58.2921,40.2992,47.2578,-2.3341,-72.9260,21.3491,-242.6605,-32.1503,9.8597
-153.8289,-118.4984,-221.5465,-152.6954,-2.3448,118.0402,-101.0286,58.5923,-29.1357,289.0731,-102.4501,71.6272,53.1291,1.6352,-32.5354,-17.1758,-243.5139,-23.2066,35.9122
-170.2806,-9.6875,-205.8866,-95.7093,13.5622,58.6292,-104.6361,62.1180,-129.8806,200.1440,-120.3660,112.5530,27.8286,-29.2456,-10.4578,-60.6861,-186.8050,20.2113,-9.4491
-127.7139,68.5177,-191.3919,8.9702,-16.5607,23.3690,-184.4538,30.7958,-216.1645,164.5444,-128.6190,139.1958,-27.6679,-71.3692,-34.2448,-56.2942,-132.0404,48.7351,-65.7155
-86.7019,69.5942,-192.1570,70.6376,-56.6474,-30.6122,-187.2308,-36.2162,-182.9155,130.3730,-137.5586,124.7038,-53.4319,-77.1017,-50.0158,-52.7832,-105.6513,34.0371,-123.1091
-57.6033,50.5332,-191.4526,73.4984,-98.9668,-131.6990,-162.5533,-148.6574,-91.5452,78.1540,-127.1824,111.1335,-60.5684,-42.3103,-43.7458,-76.0948,-88.4853,-33.0818,-226.7820
8.3043,76.9851,-171.7832,79.5237,-182.0641,-242.9137,-289.5478,-253.1326,-131.1201,88.0805,-109.3042,121.0208,-129.9459,-7.6254,-62.2668,-88.3808,-70.6671,-125.3502,-341.6668
74.4029,93.3114,-155.6404,61.0165,-294.7759,-305.9127,-480.1518,-317.6336,-269.1865,56.9028,-127.0680,106.7928,-249.7973,-28.2108,-95.3320,-79.0897,-70.4617,-208.0921,-395.8319
70.4576,30.5650,-187.4270,-46.8417,-380.2550,-315.0215,-547.6625,-371.8181,-325.4194,-97.5547,-177.7828,65.4575,-346.3709,-79.2934,-123.9876,-76.0706,-114.7558,-267.2974,-400.8313
22.1211,-50.0954,-245.9622,-171.3399,-418.8733,-278.3452,-555.7223,-388.3225,-352.3568,-164.8276,-206.8421,29.2170,-410.9833,-75.8330,-190.0290,-80.9687,-204.7337,-282.5402,-387.6669
-25.1448,-73.7100,-245.8313,-224.5491,-427.4597,-180.0993,-592.0811,-306.0622,-440.2346,-19.5693,-180.2885,-20.3977,-441.8728,-26.9567,-266.5656,-66.2554,-289.4521,-246.2583,-336.4879
-69.8964,-77.8772,-171.5154,-248.2047,-413.2387,-47.3014,-568.3746,-179.2812,-427.4702,120.5122,-130.2008,-69.9930,-403.4762,-15.0782,-252.6946,-29.1498,-304.4520,-185.8612,-252.9600
-88.8280,-118.8349,-111.5812,-259.1175,-368.5125,55.0154,-470.4342,-112.9159,-239.4137,85.9679,-112.7338,-62.8959,-322.6092,-39.9322,-164.1387,5.2251,-251.7115,-104.0818,-185.6765
-70.9108,-186.9962,-113.5394,-203.0549,-291.1005,115.6492,-393.9212,-105.2113,-94.7442,1.2318,-118.5697,-33.8760,-255.4391,-49.6489,-110.2519,36.9323,-203.4929,6.3945,-150.7882
-70.9310,-239.4928,-125.4941,-134.3857,-193.7719,148.1340,-324.8294,-107.8164,-141.3730,1.8121,-83.2955,-32.4748,-175.6422,-53.5587,-111.3615,66.6430,-209.9125,81.4496,-137.2480
-114.1844,-225.5923,-115.9812,-150.8351,-91.5896,129.3594,-217.6273,-130.8789,-263.9292,13.9245,-12.3720,-1.7775,-54.1129,-80.7048,-113.0368,33.2665,-241.4636,66.8874,-147.0020
-151.9106,-140.1723,-112.7615,-196.0621,-5.2845,66.8035,-129.1373,-179.3051,-283.5232,-67.7978,16.4116,54.3036,40.3965,-117.9283,-92.7641,-77.0889,-243.6798,17.5702,-172.3288
-142.5412,-68.3947,-103.8237,-181.3290,35.4724,0.3670,-94.2434,-212.2531,-169.4535,-163.1385,-1.0362,24.0530,47.7012,-141.1201,-68.3326,-126.7901,-204.9362,-18.2795,-187.5456
-92.8001,-66.9593,-48.0096,-150.3968,58.5385,-95.6055,-84.0900,-222.2454,-96.5179,-146.8153,2.7756,-64.6593,9.1792,-136.4781,-77.9362,-36.1091,-146.4908,-70.5744,-185.7129
-52.0596,-69.8115,18.3563,-145.8927,147.8525,-240.4769,-98.8526,-242.7958,-206.2595,-96.8365,30.3133,-71.9894,-24.1435,-107.5581,-133.3328,51.7102,-93.4005,-132.0984,-188.4248
-68.2922,-31.7673,20.5465,-128.5388,265.1641,-344.1731,-141.0863,-280.4060,-352.5610,-153.3726,36.3022,-13.0388,-69.3499,-96.3345,-182.2206,19.0346,-75.0623,-164.8573,-217.9432
-111.3187,-26.5116,-42.2906,-117.2725,234.5130,-355.0815,-196.6317,-326.9829,-361.4094,-262.5803,20.1144,10.0179,-151.8461,-137.5984,-192.1336,-56.5802,-103.2207,-207.5806,-268.5497
-122.5527,-92.9433,-119.6333,-177.4145,33.6443,-351.5178,-275.4838,-384.6131,-321.1439,-312.4236,-6.1280,5.1790,-246.2993,-186.8047,-192.1924,-110.9662,-147.2083,-286.3336,-308.1562
-114.0157,-146.8448,-181.0707,-262.1320,-145.6343,-355.0808,-353.4005,-413.8812,-338.1252,-313.1358,-48.1567,6.8365,-316.3880,-169.2958,-184.8458,-160.3646,-180.5569,-316.7378,-316.6156
-100.3446,-128.1316,-216.6339,-274.2274,-215.8763,-283.9642,-367.8343,-352.0850,-376.8499,-281.9646,-95.5801,-6.2114,-365.0782,-98.9193,-162.6420,-153.8270,-218.0284,-245.7487,-301.4311
-63.5036,-94.1862,-233.1526,-235.1438,-269.8278,-152.1328,-330.6825,-225.7164,-412.4336,-205.7158,-143.3310,-35.1320,-403.6722,-70.9351,-166.5959,-60.7435,-270.3318,-141.6110,-273.1588
-65.6364,-109.3620,-255.1550,-229.3143,-334.6683,-69.0757,-294.8141,-128.4126,-374.4510,-120.7855,-199.1495,-67.9708,-412.0477,-124.5536,-187.8958,19.4367,-328.6331,-59.0560,-241.7101
-175.8850,-140.7879,-285.9281,-257.1234,-348.1135,-51.4167,-251.3387,-74.1282,-194.0896,-32.6538,-228.2340,-103.1492,-373.4073,-186.1928,-167.4814,34.7880,-389.5581,21.7683,-219.8521
-299.6508,-123.7948,-302.0337,-257.4197,-307.0872,-35.4116,-187.4679,-9.3942,-80.8966,77.5891,-200.6472,-110.2172,-303.6333,-179.5012,-142.7654,36.5176,-420.4297,93.9623,-207.5444
-321.0976,-82.1951,-300.0376,-208.0389,-238.9869,-12.7370,-128.3566,46.8961,-223.7936,128.8060,-170.7570,-91.3365,-219.5220,-114.9035,-166.3714,13.8630,-371.0791,104.0227,-202.3767
-285.0264,-93.5738,-295.9135,-145.0762,-150.3997,-19.0510,-73.9122,35.3686,-374.6797,81.4300,-182.3096,-102.1221,-132.7896,-49.7692,-175.6512,-49.3649,-285.5280,48.5649,-207.9842
-261.6127,-141.2268,-285.5309,-120.5363,-68.7510,-57.3182,-24.4604,-9.0752,-333.1006,52.4128,-185.2451,-117.1376,-72.7300,-42.4760,-159.8803,-54.3889,-266.6470,2.2831,-211.7546
-243.1953,-130.2161,-246.9948,-142.4083,-6.4564,-95.8709,-17.4201,-8.1754,-318.8476,88.4663,-144.4482,-62.7650,-53.2610,-108.6545,-203.7522,36.9358,-299.8892,22.6041,-207.3391
-241.6034,-66.7485,-177.2136,-157.8704,59.3366,-105.3728,-48.8674,30.8233,-410.7105,125.0843,-102.4228,17.7652,-46.9435,-150.1294,-254.3125,95.9674,-290.9886,72.4181,-219.7036
-269.1919,-56.6375,-113.0969,-133.9877,105.3305,-91.2806,-71.2029,56.9978,-390.3114,187.4731,-90.2713,44.7603,-34.7029,-63.7725,-203.6537,42.8735,-244.8437,90.2539,-244.8381
-262.8689,-106.1441,-88.5977,-100.8585,95.9196,-83.9072,-83.4439,64.2859,-285.5852,279.8088,-91.0562,35.5732,-26.9104,50.5535,-143.8362,-36.3580,-212.3148,96.6066,-242.4512
-187.0791,-107.5972,-64.9667,-62.5121,72.9826,-74.3416,-107.3250,66.0602,-275.2102,271.3091,-79.3701,24.5999,-22.0083,37.1536,-175.4321,-48.8087,-158.6212,141.0750,-219.5434
-106.0581,-34.9880,18.1807,18.9798,75.4454,0.7414,-121.0164,77.1516,-259.0536,172.6791,-38.6657,29.3923,-9.2030,-22.9115,-200.6893,-20.5550,-57.1880,198.1328,-191.2279
-72.9593,16.7827,121.7603,103.6211,76.1960,170.2326,-92.1594,134.6225,-125.8147,177.7525,9.3732,74.9867,-3.9895,8.6597,-174.3695,-29.5707,18.2637,221.1560,-103.9353
-65.7990,-9.2220,155.4280,99.7225,69.5745,357.2900,-16.1925,238.4498,-14.2408,301.3247,7.6122,94.2287,-23.7329,44.2741,-188.1015,-68.4424,8.0275,222.9599,46.2446
-55.6707,-58.5567,119.9140,26.6266,78.6711,441.4889,93.7827,306.3373,-17.2104,352.9672,-43.8770,0.7569,-41.3259,-4.8543,-198.6709,-52.4473,-56.5164,215.7894,140.1968
-45.7649,-52.5061,74.3004,-23.6054,90.0163,386.9971,208.5647,269.3624,-72.2192,259.8800,-80.4825,-94.5214,-16.6766,-43.3102,-100.4171,4.9898,-125.2373,171.1719,109.3070
-35.5308,11.6872,31.6690,-40.4573,95.1060,269.6486,290.0605,160.8296,-115.0739,139.9352,-90.1019,-60.8680,26.3685,-58.6836,-1.1702,-12.5497,-168.1396,91.4698,30.2882
-13.4532,60.7744,-10.8964,-45.6820,112.9788,174.5913,319.3233,69.5185,-70.2341,120.4067,-113.8920,-16.7915,20.5819,-146.3090,-31.2632,-94.6517,-159.5113,25.2848,-5.5254
-6.5431,49.7635,-38.7126,-4.0973,123.8212,121.1767,306.6625,46.2318,64.6828,186.0515,-145.4625,-75.4940,-28.9853,-218.4403,-84.1622,-114.0442,-99.0726,-3.2255,11.5426
-51.0645,27.8074,-54.2273,80.4825,91.1898,88.8719,269.8423,55.2157,125.8007,190.8793,-146.7893,-107.7464,-44.6968,-150.2806,-47.4172,-82.2097,-23.2725,-15.4655,22.9112
-83.3085,45.0565,-50.9166,125.4406,34.0740,48.9487,205.5391,14.5745,66.2308,71.7131,-110.5836,-32.1666,-16.5691,-63.1058,-14.0787,-110.4422,24.8414,-40.6551,-39.0466
-9.7586,64.4908,-1.3648,97.7980,-4.0037,-23.8861,114.2254,-92.0055,49.0951,-50.9424,-46.7322,29.4162,-9.8830,-71.4275,-68.5363,-182.4249,26.0193,-87.3877,-149.7767
101.2350,42.5938,59.5346,38.7482,-8.3678,-121.9338,50.5695,-194.0605,56.0521,-91.1212,9.0589,15.3708,-28.9965,-77.2827,-130.0300,-218.0090,-0.5961,-141.3259,-212.1548
107.0455,-0.3593,46.1294,-29.1018,-4.9907,-201.8491,57.5470,-240.0758,-94.0094,-96.2799,-4.1321,-7.8844,-35.0266,-45.2997,-120.0711,-216.6243,-25.9461,-181.9959,-213.2160
25.2730,-41.8429,-45.6508,-88.4907,-54.2988,-209.4902,75.9121,-227.7841,-259.6220,-77.0245,-63.5351,-14.3941,-49.8822,-53.7058,-79.2073,-180.4361,-57.1616,-188.4294,-208.0709
-38.2659,-72.3036,-125.2686,-95.8529,-171.5303,-99.8665,46.4734,-151.5078,-130.8403,-7.6223,-61.4592,-12.9034,-86.2094,-44.7171,-63.8153,-88.4443,-111.7608,-140.3732,-185.0261
-70.0299,-59.4587,-128.6590,-63.7834,-261.8021,95.2241,10.2960,-37.3607,148.7932,66.2920,6.2367,4.8742,-86.5964,57.4684,-63.3469,4.8740,-165.7445,-60.6308,-126.0204
-86.8979,-18.0237,-75.0520,-71.2275,-232.1616,242.1612,-8.9246,33.8749,159.4100,113.1641,32.4576,20.1856,-39.2754,132.6344,-52.6145,21.2104,-181.4417,-16.8710,-75.1065
-74.4363,-31.1876,-21.6294,-135.1079,-117.8116,265.7937,-50.0046,28.1624,-72.5053,122.6090,10.8509,15.8684,-1.1930,76.8742,-45.1549,-23.7638,-153.1918,-19.9684,-30.1894
-55.2505,-101.4377,-6.5638,-178.8862,-15.0522,253.8262,-82.9786,-11.7673,-168.7634,12.5157,22.7266,4.8289,11.2986,-18.6576,-56.9532,-52.5333,-99.6473,-3.4732,40.6916
-52.7051,-133.7905,-34.6471,-149.3784,32.5046,282.6673,-47.2751,-51.6459,-108.9374,-203.5020,37.3674,-22.1023,0.1262,-46.0318,-69.9389,-12.7355,-54.3460,46.8934,77.2083
-38.6483,-123.1878,-94.3613,-79.8633,34.3774,290.1814,6.9154,-80.0526,-183.6911,-320.9857,-28.3226,-66.8845,-62.7147,-8.5567,-72.9203,70.9436,-42.6155,62.0591,31.8271
-9.0158,-142.8618,-153.5483,-36.4717,10.0907,211.4836,8.4466,-98.4955,-339.4026,-262.9755,-123.0441,-84.2891,-145.5392,20.7940,-83.4521,97.6507,-36.9192,5.7089,-21.0059
7.5512,-143.3996,-169.0374,-46.5892,-37.8864,68.4749,-18.4296,-151.0730,-253.4303,-206.4007,-148.7851,-59.9038,-171.6760,-38.3477,-99.0269,20.2769,-2.5088,-96.3355,-42.3148
7.7142,-29.9100,-152.4422,-74.3886,-119.6363,-101.6398,-43.2297,-250.9955,15.8754,-255.0117,-124.0957,-30.6489,-160.6394,-150.4111,-93.5875,-54.0777,23.2601,-216.2298,-94.1563
-14.9591,87.7591,-158.0080,-72.8979,-215.2811,-271.1104,-76.8550,-316.8554,110.7567,-316.0804,-110.8989,-23.2291,-184.1021,-171.8218,-67.3234,-20.6851,-5.7689,-326.8070,-174.8358
-64.7785,16.0737,-175.8787,-62.8868,-285.3126,-412.3359,-111.9759,-312.7475,12.0298,-321.1932,-111.8754,-53.1363,-232.5123,-100.3210,-38.0115,47.2042,-54.4310,-401.1528,-212.1780
-100.3657,-178.8189,-152.9546,-99.5859,-335.6950,-511.5681,-145.4920,-313.7787,3.3183,-298.1326,-113.2853,-103.0366,-264.5403,-95.7514,-17.5810,27.8560,-74.4818,-442.1617,-210.5311
-103.1497,-247.2879,-108.3886,-165.9108,-397.8547,-530.8640,-200.3548,-331.8428,113.4471,-274.6947,-113.0848,-114.0313,-285.7955,-187.2637,-35.3631,-38.1099,-90.2521,-454.1115,-219.2014
-102.0680,-155.2888,-102.1421,-200.0573,-457.7834,-422.2024,-265.7953,-279.5175,114.0661,-250.6440,-105.1254,-104.0809,-303.1725,-239.7077,-102.3702,-25.7986,-145.3225,-415.7245,-212.1943
-90.5992,-106.4013,-145.0226,-211.0100,-471.7417,-231.0509,-294.6359,-141.4670,-27.0805,-207.3256,-106.2940,-146.0810,-302.9742,-194.1338,-151.3795,44.2082,-229.2753,-327.9111,-128.7518
-70.6982,-179.0164,-219.6722,-247.9957,-416.2590,-59.8714,-255.6692,20.4384,-117.1092,-136.5411,-148.9828,-183.5751,-280.6496,-117.8501,-125.3881,32.3744,-297.2527,-229.6875,17.6670
-108.4174,-243.5058,-293.1323,-292.1312,-293.6389,62.0180,-158.0150,179.8552,-75.6183,-60.4548,-220.7989,-135.9240,-233.2085,-92.3069,-74.6686,-56.7708,-320.7126,-145.9963,152.8677
-205.2923,-225.7762,-305.0258,-285.8539,-135.8793,152.0025,-61.1342,311.4726,28.6351,33.4525,-273.6172,-100.6943,-163.1624,-131.0648,-56.6376,-50.6512,-297.0466,-66.1072,236.0884
-276.9055,-177.2454,-246.1698,-217.3940,-2.2479,205.2889,-27.8549,357.8794,155.4295,177.5898,-278.7052,-142.9601,-96.4475,-140.9725,-50.9268,83.4782,-228.9738,23.7747,271.2145
-309.4758,-135.0793,-185.9157,-120.9510,58.1738,220.6246,-53.1001,311.2693,245.6464,299.6506,-238.2517,-130.4658,-55.8449,-59.6086,-53.8390,161.9435,-138.6597,96.6456,244.1797
-334.9800,-126.5654,-169.3942,-59.8668,34.3571,185.4081,-103.0527,221.1907,201.9176,303.1152,-184.5618,-33.8680,-49.6927,-9.3666,-99.0277,111.2496,-90.4142,91.8523,150.8221
-304.9642,-179.4898,-179.6989,-81.0725,-40.4895,71.4855,-164.7837,131.4904,92.6276,245.0442,-159.7843,-13.5331,-82.9216,-81.9925,-151.1812,79.7480,-108.0760,9.2610,61.1567
-178.9676,-210.2993,-185.7589,-119.2123,-113.7220,-72.3845,-214.4212,76.9335,48.4052,210.5035,-162.4990,-75.1523,-136.6045,-133.4870,-157.4648,137.6995,-109.5593,-56.9840,27.0995
-43.7337,-126.2332,-164.7913,-62.4006,-183.1970,-155.4374,-253.4255,73.5921,-44.3114,149.9962,-161.2973,-63.4655,-186.8469,-67.9194,-171.1328,168.2543,-47.6771,-54.4606,-3.0859
-10.7786,-33.0484,-126.4468,53.1523,-287.6587,-191.2855,-324.1587,88.8026,-265.4112,40.5454,-153.9711,15.5165,-247.0614,-23.0952,-242.5600,115.2461,-0.0346,-43.6971,-59.4757
-56.6155,-57.1798,-97.1763,102.1786,-397.6835,-246.7302,-383.3101,76.6089,-335.8946,-27.1813,-146.7156,42.8781,-315.4246,-68.6432,-287.3910,67.8947,5.7733,-65.6298,-89.3084
-49.7497,-98.9379,-57.3830,91.7710,-441.8018,-296.6176,-352.0106,25.0992,-146.0401,-38.4735,-125.1878,26.4227,-342.1110,-94.8261,-232.0234,73.0898,41.1129,-76.1881,-96.6770
45.8769,-48.4002,-2.1769,94.3442,-436.9896,-256.6580,-312.2749,-34.1621,-69.0558,-58.1250,-97.9545,27.0302,-316.9651,-60.1029,-153.1045,76.3923,66.1344,-45.7084,-135.2296
95.7533,-6.5705,-3.8031,68.3111,-419.7883,-83.4310,-347.7165,-34.5848,-242.4608,-53.8293,-88.7370,26.1644,-274.8564,-7.0048,-136.1866,57.0452,-30.0170,14.8867,-152.9543
23.2424,-69.9170,-62.6709,-22.5910,-312.7593,187.2764,-308.8318,57.6070,-315.9523,29.4330,-81.0422,7.0479,-196.9223,58.1783,-137.4837,71.8026,-172.1728,109.5982,-64.5871
-69.8258,-169.2617,-77.5112,-77.8791,-62.9523,437.8654,-86.8163,185.9668,-187.2877,131.5454,-63.9798,1.4422,-57.1259,90.3511,-85.1563,148.1545,-211.2598,232.7046,70.5687
-133.7859,-224.4320,-69.6336,-35.5806,195.4896,560.2079,133.1924,279.1551,-110.7917,183.9548,-78.5121,6.8830,75.8649,42.4682,1.4347,226.5073,-191.2422,331.4252,126.8243
-233.5110,-230.3778,-142.6653,13.8406,305.2477,553.9664,185.5862,316.0584,-113.4860,189.4323,-135.2769,-22.6512,125.9174,2.1654,60.2414,243.9832,-206.5796,342.7361,90.5781
-321.4166,-217.5357,-229.4237,6.8246,279.4850,461.7538,151.5180,275.7201,-56.7593,158.3922,-179.2347,-86.8197,110.7870,36.4869,74.1758,221.5666,-191.3278,245.8059,36.4862
-294.6845,-237.3218,-211.6412,13.1890,200.8349,305.8451,109.7258,150.0740,21.0845,115.3697,-176.3347,-119.3210,69.4470,52.7498,63.0739,220.2373,-77.9324,96.6642,-7.4933
-215.2823,-278.7509,-143.5633,88.7450,81.8673,140.7617,12.9416,-0.3818,32.4791,70.7915,-140.4106,-95.7610,0.9418,-9.9707,23.7875,240.2290,55.0752,-12.6083,-81.7799
-172.2501,-256.1871,-97.4150,161.2625,-72.5542,13.0605,-134.8701,-125.1663,-57.4158,-52.9257,-93.2856,-88.2073,-88.7586,-102.5761,-61.3839,217.0412,120.1197,-74.5094,-188.6532
-125.3451,-194.9330,-46.3753,136.5160,-194.4943,-114.6758,-239.4211,-233.5541,-204.6576,-250.3565,-69.1983,-135.1722,-171.3292,-199.2670,-145.6619,123.1470,123.9001,-152.3733,-254.4301
-63.4198,-212.8363,-9.2763,51.9268,-232.5863,-266.2481,-249.3417,-302.7362,-189.4957,-321.9190,-90.6156,-159.9641,-229.5625,-261.3912,-145.2843,25.3903,103.2587,-229.7453,-259.7072
-46.6591,-274.1527,-21.6843,22.6651,-231.5990,-389.0386,-220.1707,-294.2413,9.4129,-215.4604,-110.5809,-119.7501,-265.3399,-217.5406,-92.1626,-11.7916,67.9988,-246.8633,-284.9427
-65.7761,-280.6472,-30.7789,37.2863,-271.9489,-458.1527,-254.4887,-259.3460,-14.8660,-172.0814,-79.3455,-95.7171,-290.8082,-137.2029,-115.8353,-26.7592,-2.0419,-253.5993,-342.5346
-85.1167,-316.0200,-31.9880,-37.2217,-357.9613,-486.5440,-358.9714,-258.4862,-336.1631,-279.6259,-47.1218,-147.9826,-308.8835,-161.2606,-212.9463,-60.7144,-114.4063,-316.7184,-331.5556
-122.2582,-449.7169,-92.1777,-209.0528,-402.7092,-446.1702,-402.6479,-239.1907,-431.4387,-326.0335,-81.8150,-230.9719,-296.0525,-243.2082,-230.8368,-56.4910,-213.3302,-363.0490,-214.5360
-184.3026,-529.2391,-166.6502,-320.5536,-322.5158,-312.5177,-304.7202,-124.6644,-186.8931,-234.0473,-142.2120,-282.4195,-231.4433,-248.4263,-144.7559,-4.5634,-239.2825,-299.2887,-58.9617
-256.7759,-472.1477,-168.4774,-297.1296,-130.1997,-115.9463,-154.6218,58.1200,-80.6176,-142.4767,-148.9872,-273.7979,-129.4324,-193.7265,-104.5513,-7.3744,-218.0435,-163.7949,75.9476
-314.9870,-438.8404,-143.7953,-235.2779,71.0439,86.6752,-61.3717,201.7876,-186.1031,-83.1010,-111.9756,-215.5098,-29.9195,-162.4938,-146.7482,-48.6573,-211.1075,-49.5312,145.7207
-301.4767,-512.5157,-158.2000,-226.6649,176.6823,207.6208,-37.9494,227.7497,-167.0902,-15.0253,-91.2828,-168.5884,16.8055,-162.9787,-139.1213,10.0161,-232.7152,-3.8442,120.1852
-223.3222,-559.6075,-181.8709,-254.4498,156.2434,189.2740,-70.0699,172.1278,-52.6358,5.6530,-98.2239,-159.4325,-15.6710,-168.8078,-58.7636,109.3073,-254.8355,-21.2624,50.7765
-183.9211,-496.8383,-182.0763,-246.1206,55.3806,125.3669,-145.5445,128.2478,-72.2066,-37.1368,-103.2686,-119.1438,-87.3679,-141.6915,-44.5096,59.2647,-228.1387,-41.3997,-2.9169
-204.0058,-391.6724,-142.3427,-149.4941,-53.3315,139.7815,-222.1154,92.1212,-180.2103,-84.2604,-85.8199,-19.0035,-143.8588,-67.0059,-137.8803,-81.4459,-123.7163,-13.7905,-72.6332
-208.1864,-311.2193,-37.9512,-3.6297,-135.2547,164.7053,-268.0337,-3.6316,-244.6637,-145.7581,-49.6491,49.0641,-195.0275,-39.7759,-220.6410,-120.0945,-1.0145,5.4388,-179.3471
-198.1176,-284.5113,73.9578,75.7751,-227.2699,64.9768,-305.0767,-116.9186,-243.9858,-216.4361,-40.3812,28.2434,-265.6546,-134.5168,-223.6721,-87.5578,45.8763,-65.5794,-260.8184
-215.1211,-323.0075,88.2430,46.2190,-365.7546,-107.8741,-355.3680,-146.2793,-206.1685,-206.6824,-111.5312,-13.0886,-331.8534,-223.2605,-196.4989,-97.6716,14.4152,-178.1637,-272.5756
-240.7840,-358.9346,21.1766,3.4733,-488.2718,-210.4196,-374.1273,-97.2677,-170.8001,-123.7132,-214.5362,-10.4482,-373.5235,-172.0303,-181.2305,-100.4708,-24.5599,-207.5039,-231.0727
-261.5659,-300.0830,-19.5864,39.4535,-507.4686,-242.2808,-306.4847,-46.2977,-89.8266,-71.5932,-226.8150,13.7622,-399.4721,-91.2555,-171.0935,-54.4192,-21.3214,-136.8365,-178.9945
-257.0185,-196.9821,0.0419,117.8952,-463.5673,-298.0555,-221.4107,-46.7292,46.4659,-72.5294,-158.0471,18.2315,-406.1469,-133.9862,-173.8980,-44.1227,25.6581,-78.4874,-172.8045
-180.3125,-197.0946,21.2161,127.5014,-461.5335,-365.6315,-255.0625,-110.1767,-13.8350,-98.0958,-156.4048,-8.0347,-399.3712,-221.8158,-209.9130,-90.5906,51.5137,-105.8192,-199.1378
-100.8190,-315.9281,-17.9084,12.7376,-482.9861,-315.3479,-360.6217,-140.9041,-320.8496,-112.8848,-238.7599,-58.2611,-395.8708,-195.7959,-254.3652,-115.5693,-32.7205,-140.0368,-139.5654
-145.7335,-421.4172,-108.8445,-155.1116,-410.2874,-84.9114,-323.0175,3.9407,-400.1948,-30.5187,-256.3340,-109.7272,-354.2650,-68.8573,-251.0951,-94.4829,-192.0390,-66.8308,41.1368
-264.6409,-443.9420,-180.8315,-246.3060,-210.6347,215.9959,-97.5309,264.3432,-78.8334,124.9345,-191.8044,-134.2980,-229.9666,42.2385,-188.9335,-58.4657,-278.2674,83.9413,212.8685
-329.1282,-424.8999,-215.6089,-220.8419,25.8441,436.1309,131.6139,422.7877,164.9316,168.9362,-201.4634,-136.0563,-85.1816,102.7547,-110.0740,-26.1204,-242.0895,195.5833,302.0153
-343.1093,-378.9842,-276.3113,-147.5396,206.8130,548.5573,259.6382,448.8593,144.0152,91.6535,-317.6708,-145.7438,-1.6790,156.2642,-38.9983,-14.8569,-164.6217,254.2393,376.7810
-341.6181,-295.2605,-351.2068,-76.3934,313.3936,608.5466,334.5786,482.5444,138.3353,95.8888,-391.4961,-164.6399,37.7770,216.2557,27.0166,-27.5866,-90.2854,317.9203,448.9319
-319.7201,-229.7213,-325.4105,-2.5654,364.0462,619.0234,361.0216,524.5444,115.2793,181.8430,-329.0675,-164.3409,81.0221,244.0702,63.7933,-38.2203,-19.4287,359.5245,434.7143
-316.3104,-222.7389,-169.0628,53.2785,370.9573,542.0059,315.7362,480.5924,-73.1305,145.3649,-150.6270,-143.8610,148.3155,213.8753,54.3985,-43.6086,12.0806,322.2599,342.6570
-319.3822,-212.8251,27.9666,59.8142,361.1954,404.2800,276.7714,395.9267,-180.3642,-15.3031,100.3597,-121.6803,253.2605,159.2521,46.1510,-65.3593,7.1925,251.3363,291.9101
-231.6186,-172.7551,194.4921,47.6128,357.3708,289.7486,299.1086,365.1570,-94.5314,-116.7441,312.9670,-97.8360,336.7426,130.0949,65.7218,-92.8514,26.9102,202.0494,321.6683
-90.4049,-180.1342,285.6553,53.8764,294.1491,212.9823,275.7495,354.1243,-77.4349,-109.9668,337.0327,-90.7175,277.5873,110.9522,58.8928,-94.4166,55.3032,121.7223,333.5111
-33.8359,-242.2228,262.0397,46.6148,103.8503,90.4654,121.4163,285.5760,-161.2622,-83.9397,210.9081,-132.0321,91.8608,48.6873,3.7502,-71.1878,26.9264,-25.3313,257.1514
-27.0935,-243.4056,181.0016,-2.9483,-94.3693,-100.3912,-35.2655,166.5222,-166.2903,-90.3410,148.5318,-177.0622,-52.5686,-27.9061,-48.5964,-58.3353,-16.7867,-142.6907,162.6450
56.3660,-150.3059,144.6127,-50.5613,-127.8258,-230.5906,-35.1465,61.4826,-122.8976,-111.3170,203.5981,-155.1201,-72.1710,-32.8592,-76.3523,-79.1264,1.2819,-148.6045,146.7286
182.2016,-75.9817,129.6202,-57.3382,-50.5075,-183.6030,64.4276,28.5540,-69.8583,-103.9730,212.4865,-107.3819,-19.1577,19.4770,-80.0507,-111.8365,46.7409,-96.4453,200.5340
238.1751,-88.2755,72.7201,-45.3775,3.8370,-2.8846,123.8639,72.9101,53.9682,-54.8220,128.1317,-107.7249,60.0993,47.5230,-38.9768,-116.4157,74.6341,-40.4813,265.4998
219.8898,-125.7595,45.5241,-29.7955,90.2437,202.1723,154.7137,134.1682,145.9464,-6.0677,93.8320,-124.3482,133.1306,74.9678,-1.2169,-79.5203,121.4594,49.0735,320.2977
190.6984,-128.6158,108.3486,0.5180,262.8760,371.6303,212.6868,164.5130,112.2024,14.4493,137.6733,-108.2703,149.2609,165.9287,-50.5331,-10.7935,172.6927,160.7980,349.4164
176.1523,-104.8128,149.9017,31.4495,386.5174,483.6173,244.2079,184.7284,70.2938,34.2383,130.8129,-67.5853,118.1031,260.4532,-122.0771,59.5306,159.4407,225.0096,330.7626
160.5948,-61.3052,102.6945,55.4704,389.0466,536.6855,219.5845,202.0966,68.4087,59.0677,76.3318,6.5098,105.6699,271.7859,-90.8374,76.2538,133.7858,243.4795,273.7569
154.8075,-2.4501,91.7247,100.6242,372.9471,525.7681,201.9989,155.6244,49.4888,45.9151,103.8009,89.8461,128.7362,214.7045,-7.6629,36.7892,190.0157,246.2428,193.3478
208.7061,16.7013,173.2224,145.6924,367.0993,420.4938,196.4044,24.4741,62.9202,-9.9271,185.4817,76.6589,147.1435,120.2214,10.9271,24.2612,253.0720,199.5673,94.5728
291.4874,-37.0703,202.6479,126.3842,301.4993,254.4347,152.2835,-98.4992,109.9652,-40.9855,177.7766,-25.8559,118.4592,15.8796,-4.7778,64.5007,202.2713,120.0022,11.3638
276.2022,-89.3836,114.1568,68.5893,188.1564,138.2008,81.7798,-129.3022,84.3629,-4.0644,97.5517,-61.4744,27.6323,-17.8836,9.8797,72.6039,82.7981,85.1778,-36.3488
152.3822,-70.1872,34.8538,42.5108,66.6214,68.0544,6.0241,-110.0695,17.1254,34.7275,70.4967,-9.1426,-77.4840,14.6728,19.4785,20.5064,-16.0871,45.2691,-95.1716
56.1773,-34.5732,32.6421,10.9146,-75.2466,-73.6683,-74.8688,-122.4085,-5.8437,-10.4701,91.8858,-6.9122,-121.1536,-19.8655,-1.7919,-19.5612,-101.5093,-82.7583,-181.8074
23.8528,-55.8225,33.2428,-72.3703,-190.5564,-251.1243,-109.1303,-161.0211,-20.4891,-96.8844,75.6069,-72.1300,-104.4189,-127.3425,-13.2767,-20.3855,-165.4173,-173.0510,-223.7596
-23.6713,-104.3874,-0.9813,-119.2455,-192.2914,-298.6411,-82.6777,-175.2246,-31.9423,-119.0982,26.0937,-105.2807,-86.6004,-154.2854,-2.3553,-5.7704,-155.2450,-94.1400,-183.3011
-77.6337,-118.4229,-39.3322,-64.1242,-101.5409,-214.2358,-78.9711,-160.8993,-10.3532,-78.9537,-5.6867,-88.6718,-78.3072,-77.2239,5.0937,35.1968,-99.2034,17.9476,-117.1364
-87.4572,-88.5962,-71.3672,-1.9732,-7.4917,-127.4318,-101.3885,-137.0198,-14.4457,-46.1281,-17.5002,-52.9777,-51.1639,-13.1444,6.7572,97.4784,-75.5479,14.9358,-69.1058
-89.8011,-42.0030,-84.6450,-14.9792,52.4293,-65.2486,-69.1551,-102.5772,-32.7514,-40.2453,-19.6407,-2.0386,-3.0110,5.6998,17.0023,125.1768,-87.4191,-16.9735,-25.3196
-100.0304,-9.5504,-50.4520,-38.5279,89.6015,5.9676,-14.2329,-69.5366,19.7659,-57.0238,-6.3844,34.6276,47.5619,14.6324,32.0147,96.9452,-73.0036,15.7636,24.3599
-64.7729,7.8248,21.8949,9.3689,128.7089,68.5771,-0.1658,-73.0036,77.5496,-82.4595,17.5802,41.7789,76.6579,21.4574,29.9637,50.9177,10.8171,67.9184,71.6075
-1.0800,31.6107,104.9031,101.8897,174.1657,119.3532,23.6548,-124.2611,70.3422,-74.5497,51.7759,66.4465,70.1210,46.8541,7.0481,32.8794,124.6664,104.4692,109.9518
29.6191,37.2203,189.2899,145.5575,181.7193,165.9679,65.5330,-208.0897,75.5484,-53.7336,105.0410,112.2316,50.9554,87.7346,3.5722,58.6608,166.6518,117.8406,118.3686
55.9615,0.7632,258.5295,111.2799,130.4348,158.6808,47.6793,-317.6518,71.2435,-91.2900,154.2704,129.7582,40.8979,90.7904,43.5394,78.1255,132.7261,81.7698,68.8957
123.1294,-3.0027,305.0848,99.4817,78.3557,84.6749,0.9024,-438.0970,-27.7206,-150.5579,165.1081,132.5913,23.8264,77.6276,73.8523,27.7648,148.1756,38.7158,-17.9247
188.3002,62.6372,337.2771,178.0152,58.1054,20.2840,6.0907,-521.7664,-94.7666,-150.1077,149.5350,146.1929,3.6512,102.7675,44.8683,-45.7930,218.2814,46.4762,-74.8389
215.6417,83.1603,317.1810,217.0822,25.0378,-10.3621,28.4693,-538.8557,-18.5444,-125.9979,136.4354,123.2003,17.8244,92.9733,2.0266,-57.1450,188.3797,50.8935,-73.0156
241.7280,27.2417,216.8933,108.1282,-21.0519,-62.6188,40.8005,-530.7413,63.5221,-121.5935,119.5036,52.8978,66.8730,-11.0833,14.9203,-48.8844,56.7406,13.9301,-61.8801
274.3951,40.0826,123.8010,1.9486,-10.6398,-138.1387,82.8182,-558.3254,44.9437,-104.2730,86.7249,0.6978,118.6351,-95.9941,65.4547,-87.4561,-5.8877,2.6835,-95.2796
263.8473,138.8889,111.8576,34.6694,57.8835,-191.1118,110.2813,-616.7001,-31.3594,-105.9520,54.9681,-25.4459,158.3799,-88.8532,69.3699,-103.4403,24.9010,16.0969,-154.3470
201.5092,164.5234,103.7283,66.7697,107.3668,-212.6803,72.9951,-646.9261,-135.7726,-172.9826,36.3408,-67.3167,183.9664,-81.0734,-3.8051,-42.1857,34.6245,-19.9804,-173.1176
121.5628,88.9490,33.9314,-16.5577,123.8478,-188.9263,61.4925,-604.4258,-215.8452,-212.4019,11.2902,-101.6408,205.9546,-109.4063,-72.3906,2.3355,12.7277,-70.2196,-114.1980
29.1086,20.6846,-26.0170,-85.2730,159.7564,-90.2446,114.3194,-483.4736,-223.3677,-159.5357,-36.0347,-94.1032,227.8581,-101.6620,-59.0857,-40.1006,7.1831,-65.0215,-4.0693
-46.1009,6.2429,-32.3256,-51.1902,190.8241,36.7189,97.2036,-321.2560,-225.1284,-109.9470,-80.0165,-73.8644,193.1096,-52.8365,-24.6323,-112.4787,4.6426,-52.0780,93.9491
0.9205,76.8001,-37.6030,-2.1542,136.9201,107.0882,-35.9874,-191.1295,-205.3235,-100.6491,-73.3338,-53.8161,70.6544,-10.5762,-54.5293,-156.0789,5.6805,-81.0654,140.8517
200.4745,249.1287,-40.3924,14.5890,29.8517,119.5470,-139.8514,-140.3710,-67.0984,-57.9096,-3.5151,-15.7638,-37.0113,24.3566,-90.1227,-145.8054,18.5385,-117.9223,133.7889
412.9023,397.5929,13.5189,12.3896,-29.7895,106.9638,-141.8163,-158.5627,16.1536,-25.0564,94.2458,0.8269,-44.7563,40.1724,-52.8299,-56.2407,-10.5418,-151.1435,61.2433
528.0223,423.5721,98.5438,-34.5377,-59.2283,51.6812,-138.4143,-228.2818,-166.4485,-107.6034,191.3747,-41.6477,-26.4049,11.0639,-9.7574,53.2380,-82.3579,-191.2027,-69.8739
611.8253,431.4312,153.6972,-86.0065,-127.3634,-31.2375,-178.6080,-315.3172,-371.6913,-221.1400,287.5544,-73.3951,-49.5130,-16.7243,-38.0501,69.1579,-97.8190,-200.9325,-174.3219
718.8317,478.5466,187.5053,-50.1395,-188.0084,-69.5612,-185.1778,-337.5290,-282.6794,-194.3418,364.6857,-34.6417,-61.8139,-4.6381,-81.4017,18.0720,-32.8952,-173.2933,-187.9689
744.2015,442.4551,224.1382,22.3771,-189.8290,-80.8359,-134.8494,-295.0659,-50.1251,-64.8411,386.9641,-4.3127,-34.2542,-29.3288,-71.8082,6.9431,24.4030,-163.7050,-194.9032
608.4445,299.0457,241.4282,31.4181,-196.2231,-166.8829,-121.1082,-331.0481,27.9415,-29.4484,360.3534,-57.3756,-9.6286,-149.7152,-40.6930,-7.8929,31.8698,-175.3593,-299.1435
423.4573,187.5892,229.7352,31.4217,-227.8505,-318.3854,-164.4122,-487.0880,-61.2640,-128.5392,326.2169,-120.0471,-1.8949,-273.1375,-34.5115,-112.9185,27.9815,-154.5750,-431.3311
333.3607,161.4525,218.3475,83.0427,-200.9700,-409.4873,-143.6354,-584.6725,-151.8848,-196.1859,299.6814,-108.7003,4.0667,-300.6201,-36.6827,-216.5771,43.7045,-101.0143,-440.5887
317.0836,151.6984,209.7453,102.2594,-107.2839,-380.1921,-19.2524,-504.6879,-116.4047,-147.4053,268.4144,-77.7087,15.1512,-279.8267,-17.5692,-216.9998,65.7094,-61.1309,-301.7624
274.5430,107.1349,172.9455,42.0596,-28.0120,-270.2510,81.8094,-334.9663,23.6853,-78.5897,225.7382,-107.4312,41.9782,-281.1966,2.1215,-181.5911,53.3339,-50.2744,-105.8032
197.6058,28.7714,118.6685,-21.8054,18.2013,-137.2225,107.9034,-159.8466,142.8429,-33.6977,174.6282,-165.4796,74.7226,-267.3421,-10.3470,-152.8297,0.2911,-54.0345,73.9229
137.4115,-29.9382,97.1868,-50.7223,61.5648,-42.6211,161.0789,14.5615,215.7980,48.1532,131.3093,-168.5511,88.2818,-208.6835,-31.8512,-79.7108,-28.3148,-57.5548,206.3304
108.0385,-9.8620,102.0845,-58.4220,95.4137,-16.9124,254.3661,134.8560,266.1829,139.2944,106.6753,-96.9600,82.9421,-159.3320,-33.7399,-24.8651,7.1281,-47.2807,258.4509
109.6734,47.0972,75.0949,-20.7535,100.6045,-8.9045,269.6201,158.1326,226.2630,173.7961,71.1342,-1.5455,48.2237,-121.2250,-38.5450,-73.7307,56.8403,-22.3506,225.3882
123.9633,60.4887,36.0353,54.9747,77.8562,26.7549,197.5703,151.7241,171.8632,196.4071,14.4614,57.8156,-21.6814,-32.9332,-37.7069,-111.6789,84.1993,-1.2268,170.5381
74.6834,49.2087,73.9179,96.7973,47.6669,49.4440,147.2998,162.2738,280.0983,218.7390,10.7638,72.3787,-51.4840,66.6418,3.5103,-43.6277,107.9969,1.2109,136.3632
-40.1293,57.7514,170.9650,98.3093,40.0157,25.7579,136.2340,128.9992,380.2536,156.1511,99.8303,88.9498,3.1520,85.7634,22.2382,9.3745,132.3138,-9.3898,64.6565
-70.6745,63.7766,207.1393,131.6928,42.0943,-11.5079,105.9509,21.0154,243.4655,29.7807,185.7358,135.9032,46.2803,53.8656,-29.3821,-13.3166,167.1819,-12.7772,-77.4185
36.4274,61.5167,175.0953,209.0789,9.1595,-39.1478,67.5191,-87.5296,108.0786,-61.2153,194.5593,173.1576,21.5639,46.5328,-37.2401,-14.6530,237.9985,8.1199,-194.4999
108.8102,78.3050,184.9961,264.2964,-43.5624,-57.6877,54.7614,-120.5641,143.3470,-103.3838,195.0537,154.3567,4.2199,48.0835,41.4626,-1.0291,282.6068,44.1042,-219.8773
28.5744,87.0164,233.9664,259.3198,-63.9060,-54.4320,56.0759,-85.7574,76.7222,-68.7233,236.1549,101.5566,18.4157,25.1497,57.2692,-25.9527,211.5031,65.0052,-217.4142
-109.1381,42.3784,206.0439,222.6154,-44.5811,-37.9490,90.7593,-50.3537,-95.3887,68.2290,248.3919,68.2222,30.4672,-5.3164,-5.4191,-1.3870,91.0532,64.6128,-229.9175
-185.2180,-36.7946,100.1166,189.6456,6.9332,-31.5760,188.1701,-64.8626,-76.8724,126.5280,192.1855,49.7718,74.6030,-22.1872,10.1320,82.2086,42.1474,66.3632,-230.6095
-177.6995,-94.8183,15.6949,144.2742,75.4438,-17.9807,274.4036,-115.6486,-1.7983,-34.4661,115.6062,-3.6264,140.2570,-8.5580,82.5701,60.8211,27.1237,60.9297,-229.3147
-136.5264,-93.3121,-45.5048,51.6834,101.1344,10.9997,275.0419,-151.1006,-65.6828,-185.6632,41.3691,-78.6776,128.1435,28.9638,88.8090,-69.8990,-37.2902,2.7790,-222.2742
-141.9736,-42.3827,-141.7077,-58.1446,59.3050,12.8575,253.5250,-134.2989,-5.7233,-116.1003,-47.2892,-98.6498,47.5317,34.1270,84.3559,-134.4287,-107.5922,-101.8238,-161.4001
-168.9166,1.3831,-244.2572,-120.8490,-7.1424,-23.6566,245.9268,-79.1492,176.6674,-17.1501,-137.9994,-62.9302,-13.0169,0.8226,113.2748,-116.2915,-132.7445,-198.0572,-107.2945
-85.0830,11.9259,-302.5435,-146.2327,-94.7184,-75.3759,148.5266,-58.9872,71.2204,-77.1755,-208.0987,-53.3488,-72.8214,2.0066,69.8489,-132.2372,-147.6002,-287.2617,-169.8829
87.2909,27.1088,-325.7168,-178.0397,-210.6586,-161.9315,-39.8280,-130.5908,-204.3627,-166.6343,-255.2802,-72.0996,-162.2060,41.4274,-30.2775,-194.5981,-142.1180,-399.6795,-278.3385
185.9758,71.2945,-298.0014,-182.3419,-281.9460,-280.1873,-144.7509,-246.1888,-219.9936,-192.9485,-270.0417,-48.3702,-215.4347,59.7592,-57.3550,-258.3306,-49.5489,-484.2194,-297.1372
214.3889,139.8893,-176.9470,-122.4248,-272.7792,-351.7118,-122.5394,-325.6278,-121.4743,-256.8882,-239.2753,-0.6406,-214.3353,69.0388,-50.0247,-311.4477,92.6796,-483.3289,-256.5323
257.2966,254.3028,-10.0531,-70.8595,-251.1530,-356.6057,-109.2061,-367.4967,-167.5301,-342.2042,-175.9588,4.2539,-212.3173,84.5356,-105.2631,-338.7290,165.5457,-452.6466,-229.6522
238.9795,414.6615,100.3225,-100.2494,-244.5985,-362.6013,-133.7126,-397.5309,-151.8742,-314.4221,-110.5832,-16.6575,-208.3149,61.3110,-152.8584,-352.6546,149.8992,-452.4264,-201.7647
121.5222,539.6719,117.9756,-161.4826,-225.6447,-386.8092,-119.0777,-409.7591,12.3456,-213.7672,-69.3449,-47.0899,-180.8347,20.3228,-109.7219,-374.0015,127.7454,-438.6980,-177.3113
41.0274,562.1846,66.4619,-182.0296,-201.7737,-416.3458,-79.5096,-408.7153,111.7140,-172.5984,-56.3034,-130.8255,-137.8050,15.2473,-32.4889,-335.9467,130.4220,-377.3867,-169.6940
30.3067,542.4659,-12.6004,-170.4905,-153.5564,-478.1151,-41.0104,-391.5631,163.3592,-151.7036,-51.0762,-223.7372,-61.1722,-7.9605,9.7432,-198.1725,115.0814,-306.7242,-127.3431
-27.6519,600.8867,-65.5097,-157.3401,-34.3713,-517.4461,48.5452,-329.5370,264.1288,-60.9775,-45.1396,-212.1809,53.5257,-81.7681,39.1860,-78.5817,70.4053,-239.5059,-50.0916
-153.9399,753.8889,-78.5787,-146.9948,104.8669,-415.7846,175.1383,-250.2766,283.6790,28.6083,-53.9984,-130.4079,152.6761,-111.0758,112.4762,-68.0914,30.2330,-167.7029,-7.6828
-285.2338,915.6631,-99.6292,-157.5061,172.2783,-234.1108,249.9107,-200.1808,224.7596,53.8711,-79.9680,-115.2958,209.5495,-65.7596,223.6818,-74.4963,-16.7133,-130.6288,11.4635
-380.9426,1079.2354,-166.3612,-211.6267,156.5776,-150.4323,262.6898,-125.3869,268.1546,129.0228,-119.7224,-170.3103,229.5559,-30.7333,294.8180,6.4057,-119.4568,-148.5222,53.5223
-394.3909,1307.7345,-274.3106,-284.5294,71.1660,-158.2814,243.7803,17.7056,374.7642,314.9874,-195.2495,-193.0050,178.7338,-18.8504,293.1707,136.8185,-257.1526,-179.8768,73.9975
-343.3097,1500.9725,-393.5409,-321.4875,-81.9948,-140.5107,158.1761,135.0923,418.7653,462.5888,-300.7411,-158.4909,36.0753,21.1727,263.7551,220.7281,-347.4340,-202.2310,22.7348
-320.8466,1484.3315,-462.9526,-295.4908,-270.0997,-121.7261,-22.1089,146.0195,426.9550,468.6200,-369.8800,-113.5968,-155.4735,76.4894,203.2179,235.8339,-367.3734,-221.4927,-89.4698
-314.3292,1360.0771,-448.9257,-226.4642,-462.5549,-164.5347,-235.8561,86.1068,359.7932,421.9222,-377.2534,-76.8311,-343.7785,103.0383,80.3210,259.6819,-362.6124,-227.1817,-236.1039
-253.4766,1355.9796,-411.1317,-166.9102,-625.7518,-214.8041,-371.8655,0.8128,153.8924,392.7218,-385.7597,-40.0923,-485.4903,77.6336,-31.2546,350.8193,-348.9505,-230.5388,-337.3874
-190.1633,1385.8623,-400.4774,-162.4724,-695.8305,-239.0315,-368.7833,-70.8777,-7.3840,336.6120,-425.0766,-7.9725,-555.0472,6.1742,-52.4704,426.6838,-301.3463,-258.5320,-300.6601
-166.4517,1233.1422,-365.5653,-197.6094,-685.3926,-279.7036,-309.8145,-76.9552,25.8748,234.0194,-433.5421,15.5916,-587.2912,-40.1644,-36.2638,389.0360,-214.3344,-274.6993,-184.8468
-113.1376,995.3630,-266.9688,-199.3195,-670.0834,-306.0891,-335.4238,-37.9819,71.7710,144.8353,-373.3184,57.4843,-617.9940,3.0779,-52.2816,304.6540,-112.9889,-216.0061,-118.1932
-31.0706,895.5909,-162.5564,-123.3485,-608.5125,-243.6106,-418.0606,8.6371,-21.8675,146.0737,-289.9557,145.7418,-610.5810,92.2486,-88.7149,270.5299,-42.3881,-84.0570,-93.4702
4.6806,901.8140,-103.3045,-11.4795,-423.8122,-125.8887,-406.0490,112.4010,-98.8047,250.0555,-218.0395,245.8087,-520.0248,165.9395,-110.0229,251.5962,-44.4858,75.7277,-58.2933
-9.8553,860.3655,-66.6992,61.9559,-191.5420,-35.7326,-283.7686,265.3938,-13.3807,354.5060,-139.0117,300.9022,-349.9215,217.5070,-83.7391,241.6932,-97.8936,212.8698,-39.8218
-65.9384,742.7722,-26.8468,73.5999,-3.3115,25.5215,-157.7900,352.8371,112.2180,364.0359,-59.9360,333.4105,-141.6297,226.7204,-11.6109,324.1916,-130.4153,274.2502,-23.1276
-152.6122,600.2475,1.4976,59.6928,151.7266,99.4478,-60.8491,378.9229,94.7726,322.0234,-17.8294,388.0641,27.2865,209.3521,48.4387,431.8819,-117.8129,255.9477,58.3781
-179.7660,480.8737,0.8410,63.8852,244.8031,187.5735,30.4067,445.3187,-30.7839,290.1767,7.9504,413.2419,112.4524,260.9384,85.0990,398.9489,-88.0119,217.5065,158.1769
-129.8151,418.8021,-11.0689,98.7177,227.9571,257.7105,103.4954,513.9341,-66.8884,258.8418,66.4426,353.9905,164.8858,372.1677,139.7740,289.0103,-44.2021,194.6376,173.1922
-115.6742,405.7971,-5.2786,150.3422,163.8260,282.4304,135.7142,494.6520,24.2557,235.5313,126.4604,283.9425,218.1093,395.0071,173.0070,259.1593,14.9045,175.6104,105.0061
-149.1733,400.7824,4.9773,199.3669,104.0561,258.3405,101.8158,420.5085,42.4053,193.6342,120.1994,285.2686,227.2140,292.0097,129.9628,230.9600,53.3686,157.0307,4.5580
-149.0950,361.7368,-6.0452,228.1110,17.5830,203.9433,-2.2060,344.1425,-88.7928,86.4776,61.8290,302.1277,191.0688,182.0581,77.7030,145.1504,57.4125,134.8453,-95.5292
-143.7141,260.1171,-13.0497,229.0408,-71.8007,153.2864,-82.7254,294.7133,-163.6014,77.6421,11.8482,249.2504,155.1196,150.7414,94.6840,186.3309,55.2202,98.4275,-128.2287
-187.3160,113.8042,7.0066,229.1015,-112.4821,151.1388,-38.9900,338.5293,-63.4426,307.4662,-10.0412,166.3071,123.0731,186.7265,161.4201,319.0134,62.7426,88.2535,-49.2603
-252.2419,-28.1417,32.9426,271.7446,-112.6372,206.6418,80.4104,444.4185,56.2341,463.1315,-0.3975,147.6388,121.3958,200.8223,218.4686,213.8292,100.9861,155.0438,70.5174
-300.1822,-115.5743,79.5474,339.9781,-45.1386,252.7869,162.5680,464.9048,56.5801,264.3610,42.4180,173.9832,194.0698,94.7428,204.3923,-35.7673,199.0293,249.0832,143.8551
-245.3324,-57.1609,167.6332,356.9642,121.5913,226.0169,182.9797,390.5691,-34.0324,35.1086,82.5324,137.5712,280.0889,-57.8174,125.4043,7.8260,300.9403,281.5111,170.0148
-15.6912,171.5084,210.5597,304.0242,288.0016,161.6839,173.8468,342.0833,-128.8413,67.2729,91.7644,43.8819,311.7482,-77.9345,85.4607,228.5847,302.4882,277.5612,173.7759
220.4598,352.0818,141.3329,250.7979,362.5486,135.8380,162.1650,331.3923,-104.4762,111.0353,97.3009,27.0292,333.9850,4.8565,94.5526,196.2106,220.4775,331.1015,170.2132
251.8224,277.4290,68.1240,234.8315,399.6350,169.2287,165.2861,319.4156,83.5671,46.4207,117.2691,110.9334,359.4130,41.1363,68.1918,70.8794,158.3961,436.5367,189.5930
159.9612,86.2951,96.6471,222.4287,437.1971,238.9628,166.9292,346.4622,224.5675,105.5573,128.5670,176.0083,347.6223,88.7947,91.4109,158.1405,126.5272,495.1281,224.6600
72.5826,-35.6438,167.9166,200.7311,430.5061,312.0616,149.0362,410.0685,140.2980,218.2032,132.5874,199.5270,360.3969,238.7013,248.9484,184.0566,78.0382,462.1655,227.7122
-52.3618,-185.5347,200.8998,180.4774,388.0049,350.4946,141.1798,440.0718,27.4552,137.9931,162.3141,241.6967,438.6467,339.1635,314.4838,-5.2182,45.7456,379.2691,218.9794
-133.6639,-403.6642,184.2731,129.5084,354.0543,338.4089,142.7220,433.5657,94.2732,30.5849,220.0764,240.1574,469.7731,281.4273,133.6601,9.6269,74.9285,289.7126,254.0152
-10.5316,-463.4483,119.7882,38.8207,322.3557,298.6519,97.0527,419.0159,185.4337,108.5456,264.5101,147.0017,414.9630,228.2729,-42.7365,300.6689,118.3774,215.4650,284.9547
176.6648,-284.9706,47.7444,-5.6051,273.9390,270.1105,29.0146,393.6497,146.1790,174.1957,244.9838,102.7655,376.5242,287.8797,-35.4123,374.8154,120.2286,179.0805,240.0086
195.0624,-103.4883,23.2966,52.4974,198.6456,272.8333,43.1078,386.0911,85.1918,50.9888,159.0200,170.3634,359.8065,335.8278,6.5278,148.2584,113.4490,172.4538,182.8309
101.0193,-107.7971,12.0806,137.4770,106.9734,275.9336,143.5322,405.8930,63.0210,-104.4348,83.0659,188.1618,311.8956,292.9982,10.3171,30.4179,155.3114,163.2197,195.7772
30.5586,-222.9668,-23.9706,182.0330,63.5716,241.0876,225.0567,388.9943,26.0336,-128.4765,73.0049,107.8654,287.4077,245.5819,40.0965,125.3815,224.1702,170.4785,210.9131
-15.6332,-230.0635,-32.0001,239.9460,85.8652,211.9404,232.8361,345.7408,12.5508,-56.5033,67.7540,100.8373,300.7547,261.3726,44.9510,188.7802,233.8669,230.4652,138.3636
-28.3591,-30.9095,-15.7250,337.0978,82.5865,234.0365,204.7183,366.0243,19.2612,0.9692,5.4700,212.3147,269.5228,301.0768,3.1677,110.8102,147.9948,281.8902,33.6552
3.5407,161.2923,-59.6012,366.1557,26.6045,219.2035,193.0911,406.7571,-48.1248,10.7148,-53.1949,286.3110,221.7722,284.9515,12.4543,17.1545,47.3605,233.6620,-2.7338
12.1282,103.9494,-133.0183,276.2585,-1.0110,104.2383,202.1259,347.4823,-107.0024,42.9460,-46.9438,252.0607,240.3211,179.0101,43.8578,87.1431,34.4185,138.2727,21.0109
-22.8480,-49.8394,-139.5557,208.0609,-2.3577,31.7827,176.1182,229.0935,-23.6388,94.3877,-30.6387,191.6596,258.6015,51.5688,-5.7591,278.4968,94.4004,133.7618,21.7903
-56.5624,-23.1245,-103.6588,273.5687,-43.7773,112.6256,75.6522,172.3141,76.9190,48.1763,-53.1649,169.2166,200.4342,6.8103,-70.4614,310.4090,132.9957,226.2802,-36.0491
-88.1632,92.2629,-67.2714,357.9650,-91.8588,210.4634,-43.4436,170.1941,33.5676,-63.6336,-59.6085,168.5939,139.5835,55.6638,-49.2327,162.1708,120.1311,283.7380,-98.5057
-116.3688,81.2798,19.9390,314.0451,-99.3291,202.0983,-115.7682,160.7962,-115.1553,-102.1411,-4.0817,158.8239,131.2438,127.9229,2.4023,147.5900,100.8279,234.7698,-101.2314
-112.5967,-9.5969,141.5131,196.8631,-114.0643,171.6824,-176.5355,153.2147,-285.7550,-111.8127,58.2370,152.0450,107.9843,163.2880,-15.6341,267.0272,99.4359,142.7073,-63.2337
-82.9646,-87.2643,179.1026,137.7337,-167.7166,179.0464,-269.4258,158.7391,-365.3874,-147.6023,50.3794,171.8768,19.2824,129.9431,-110.8048,229.4651,103.7258,80.0894,-45.1488
-41.7881,-188.1463,116.6965,139.9809,-229.4090,148.5194,-339.6641,139.5112,-239.5358,-106.0043,-21.9596,169.2944,-97.6777,43.2938,-198.4082,106.2016,113.1822,43.1279,-49.3701
-21.6401,-293.8247,73.3385,141.2749,-279.4847,67.5597,-337.1557,83.9568,-66.3896,-40.4915,-78.9208,78.7751,-174.9768,-19.9412,-202.1291,120.4149,134.2179,16.7258,-49.2085
-80.0905,-340.7764,122.5940,141.1154,-290.4296,19.0058,-306.9088,29.2836,-81.7530,-105.1081,-58.3294,-40.8255,-162.1867,-14.6968,-167.7074,135.6439,158.2548,22.5147,-55.4339
-145.8446,-360.0714,215.7841,165.5175,-230.8694,17.7085,-283.2480,-8.2701,-170.2206,-181.8401,22.2468,-85.4362,-71.3781,8.4257,-160.3035,30.4807,181.1575,55.3431,-75.5331
-97.8236,-399.5025,262.5967,197.7905,-152.3729,1.5214,-235.9086,-54.2833,-179.6531,-170.6690,93.9867,-78.0481,22.9970,-11.1219,-116.2663,-41.9257,202.3000,59.3370,-91.9629
-43.2784,-461.7155,227.9126,196.0324,-121.5413,-66.5164,-171.3331,-119.3725,-242.7797,-236.3425,106.9764,-90.1845,75.6923,-65.3209,-3.4234,-75.0842,199.8229,12.4999,-107.5129
-104.0869,-526.7362,155.3167,148.7677,-89.5271,-169.5925,-122.5527,-173.7891,-344.3043,-330.1696,67.6110,-106.9737,114.3775,-104.7165,61.4050,-174.4695,162.5411,-40.7126,-120.4965
-112.8266,-519.5167,95.4921,98.9348,10.2942,-259.1920,-47.1748,-192.2565,-257.9286,-222.2626,19.9464,-111.9806,160.9798,-105.0002,28.1227,-214.2863,128.1096,-69.6335,-91.5363
21.8379,-411.5587,42.8409,81.0523,118.5624,-308.9160,80.9753,-184.4291,-61.9887,-84.7404,-10.5859,-158.6682,176.5472,-120.2268,-23.1331,-112.8591,126.9696,-101.3812,-17.9105
83.9009,-336.2557,-21.6009,52.0500,142.7110,-352.4772,157.9523,-174.7375,-6.3860,-175.6649,-44.4353,-267.6314,126.0418,-222.3905,-62.9811,-48.7349,129.7979,-163.1112,33.5997
9.9970,-395.0992,-68.8420,-25.1287,99.6570,-405.6841,121.3373,-183.4501,-71.4853,-296.0441,-92.9763,-368.7262,48.1190,-352.7178,-94.3989,-116.2120,112.3143,-228.2506,28.0809
-10.3788,-519.5135,-60.1779,-92.5301,65.5593,-402.6363,81.2009,-213.4093,-129.6100,-271.1907,-116.9909,-382.8151,-4.4908,-381.4900,-84.0241,-232.5997,100.0249,-248.4848,16.5455
41.3826,-641.2086,-36.4012,-119.6893,58.5312,-304.0826,101.6892,-234.9919,-113.5078,-282.8457,-96.9861,-318.4124,-52.3515,-334.3297,-62.9576,-337.8559,94.7571,-222.7561,53.1041
53.1904,-728.7510,-91.4771,-182.1171,49.4671,-181.8405,88.8009,-212.5619,36.6153,-346.3707,-84.6371,-272.5386,-120.4343,-331.8309,-82.8666,-362.5252,53.9828,-188.3686,120.6624
22.4369,-720.5757,-204.4263,-287.4946,46.1531,-104.0575,29.2194,-146.4318,195.3733,-254.0635,-112.1250,-307.6803,-144.0480,-352.1182,-100.0988,-273.4943,-19.2160,-142.9554,165.1696
-71.7727,-679.4113,-209.7346,-315.3533,92.3028,-40.5981,36.8249,-70.3159,173.8107,-57.2762,-119.4343,-367.3017,-65.4759,-317.8847,-87.8156,-210.2529,-62.0270,-55.1479,165.2665
-212.9284,-754.2198,-49.7793,-221.3729,188.6840,42.5059,97.4785,-31.1692,117.9818,32.7001,-52.0535,-380.4820,60.5868,-282.6663,-85.2975,-256.8378,-37.4851,48.1428,134.0374
-214.7607,-859.7763,108.6820,-93.7074,280.0700,102.7351,98.4542,-55.5890,201.4269,-3.8769,40.8721,-356.3932,158.7406,-287.3516,-73.0127,-281.2150,37.4512,109.8985,88.4507
-94.9455,-787.5552,155.7498,7.4655,333.7048,103.7632,85.5160,-97.7094,247.5402,-64.6399,93.7927,-315.8193,220.0199,-249.4931,-19.4849,-217.8768,121.0741,133.4835,62.2772
-136.6314,-590.6245,198.8755,82.3833,368.4325,82.8545,164.2755,-82.9582,169.8880,-69.7357,127.5970,-261.8509,249.7081,-161.4431,30.7991,-175.1759,166.4135,146.4372,82.8204
-279.9771,-448.4253,303.5357,130.7827,392.4638,77.4549,256.5572,-25.6695,115.4192,-15.1913,173.7320,-218.6156,249.5412,-131.3981,61.1816,-198.6443,172.6772,142.7917,105.1554
-172.8818,-342.6119,370.3271,176.3640,385.8559,68.1316,243.5707,0.4069,32.6166,-9.2751,202.4233,-179.4005,244.7606,-164.9779,93.6519,-218.0305,205.7135,126.0065,75.0271
132.0481,-187.1912,366.2050,238.3344,349.1891,30.8730,177.2230,-17.8602,-126.0224,-109.2072,208.0373,-106.4118,233.6311,-168.1880,91.8166,-184.2763,281.6235,104.0743,24.9845
305.5870,-32.9864,365.7726,257.0493,284.3794,-32.1950,130.6773,-58.8840,-144.1751,-209.8834,224.6292,-39.7224,168.6090,-135.2381,37.0100,-130.7793,295.1026,38.5004,-16.5287
320.8355,27.4973,338.9381,169.7848,153.9878,-117.9891,56.3200,-121.7735,-59.0123,-226.8947,210.5959,-47.3150,39.3828,-131.0480,-15.1969,-144.3181,168.3122,-83.7330,-86.6440
300.5139,-13.7742,198.8360,13.6684,-31.0490,-206.7592,-63.0734,-171.8669,-153.6106,-175.8086,107.1371,-93.5657,-101.1456,-166.6449,-43.6845,-234.7131,-12.4453,-194.1878,-161.9427
247.3550,-61.7177,25.4062,-117.2157,-159.9052,-257.9402,-148.2105,-177.8745,-307.6949,-107.8247,-1.2594,-111.2422,-201.7160,-201.1137,-65.8871,-292.4990,-102.9492,-259.1668,-181.5922
225.6744,-10.6084,-28.0447,-149.5001,-196.3991,-276.4678,-183.4542,-212.8495,-277.8446,-138.5502,-5.8225,-92.7268,-248.7759,-201.2737,-73.8168,-294.3148,-67.4287,-334.2318,-202.0417
297.8176,73.3899,16.9427,-83.8876,-261.4779,-309.1450,-236.1050,-333.8740,-236.6913,-298.0461,40.2764,-37.4600,-256.5475,-178.4345,-75.3011,-342.0734,17.6729,-438.7246,-281.7134
321.2165,32.3323,29.8164,-15.0814,-396.1119,-350.1475,-307.3339,-436.5479,-307.2796,-381.0598,53.9360,29.5154,-245.0963,-168.4887,-81.0599,-421.9479,61.3013,-501.1636,-339.5174
215.1387,-78.1384,-5.3041,-16.4108,-462.4781,-346.8863,-339.3799,-415.0013,-313.9313,-288.2299,56.6500,34.8404,-219.1421,-151.1496,-62.8129,-433.7641,34.7430,-465.4902,-329.3826
119.4481,-99.6193,-22.1677,-47.0707,-399.3947,-296.3786,-324.9968,-328.0474,-274.6900,-217.5776,44.6852,-8.0678,-180.7951,-78.9134,-33.8793,-406.7821,-26.3642,-372.6938,-311.9501
78.2557,-116.1436,-40.6547,-77.9728,-306.2728,-246.8266,-282.6254,-258.7757,-306.8702,-241.0806,-35.8235,-7.1254,-151.7931,-5.5576,-42.8594,-387.4502,-100.9208,-312.9810,-278.7612
-4.7592,-249.5103,-121.3803,-146.8632,-227.0432,-220.5520,-205.6087,-175.9739,-259.3487,-192.2744,-145.4230,19.4303,-146.2564,-17.2856,-53.8650,-311.4449,-204.5741,-302.5829,-182.6093
-95.1076,-325.9715,-215.3821,-206.4111,-124.1918,-187.2982,-104.5603,-34.2127,-64.4533,-58.7369,-202.2140,-0.5552,-142.7322,-61.3587,-9.3262,-182.1015,-288.8863,-249.7656,-61.9096
-97.6559,-202.9887,-218.6606,-163.1770,-19.7650,-108.5457,-11.7371,123.2795,79.2798,28.6998,-198.6200,-22.8971,-116.1366,-34.7795,53.4719,-109.4357,-246.6395,-110.8368,54.0967
-41.6347,-88.9349,-127.1605,-71.5629,53.8526,-7.1314,60.2622,205.6758,95.1689,46.6563,-135.4188,-0.3473,-75.7403,39.0836,85.3684,-126.2961,-86.7235,5.1753,158.4642
23.1860,-147.4575,-20.2291,-34.8375,111.5735,38.0398,100.4456,167.2010,37.9063,-1.6274,-25.0353,10.5131,-56.8978,75.6036,95.3801,-184.8733,54.4122,3.7295,187.5212
88.4657,-196.8816,52.0250,-23.7236,128.1576,14.7808,103.0406,85.1134,-60.2803,-83.6504,26.7693,-5.5176,-83.0139,61.2263,99.5971,-236.9164,115.5854,-46.9230,175.3321
127.0900,-87.9672,86.0889,9.8337,76.8048,21.7815,112.5089,113.8178,-25.9115,-36.5630,-31.6080,6.0657,-135.5950,45.2872,118.4774,-209.6089,148.0959,-48.5612,261.7053
167.6778,41.1357,88.7975,38.7097,19.8154,111.2954,161.7351,274.3897,239.6014,153.5792,-83.9833,35.8409,-168.7027,73.4332,165.3122,-76.7686,171.8856,-14.8163,379.3116
279.2231,69.8906,72.9319,64.0418,-2.1546,186.2216,197.5272,379.4715,419.9804,230.1371,-64.3574,41.8320,-154.0784,120.2793,196.3485,47.8763,171.4788,-7.9975,329.1973
378.6143,87.0163,50.8476,92.2362,-35.9711,136.0377,169.5852,285.2068,270.5944,92.6458,-67.6064,23.9716,-109.9802,104.9803,170.6741,50.5391,157.9361,-51.6247,159.8605
311.8799,167.6992,17.3551,68.7090,-91.6904,-15.8643,108.4364,88.8572,60.8121,-63.0456,-134.2487,-25.6245,-90.8104,33.9337,111.0775,-23.7155,117.3624,-121.5771,32.5064
136.5485,225.2990,-34.9070,-0.2625,-127.4290,-159.7799,52.1367,-48.5634,46.4607,-119.0614,-179.2474,-99.1687,-120.5021,-3.7247,50.4226,-67.4400,25.3223,-162.6290,-75.1363
42.5764,156.7036,-84.4536,-37.5777,-137.8262,-230.0431,4.7488,-117.3204,87.0912,-143.5698,-163.7805,-128.2432,-137.1680,-25.3167,18.2712,-73.2013,-63.2839,-146.4536,-182.6981
57.9883,1.8317,-96.0541,-52.0691,-117.4757,-243.8461,-22.7588,-167.8535,61.6435,-165.8622,-132.4052,-92.0654,-81.9716,-103.7324,44.1074,-89.9930,-87.3246,-107.4883,-188.0709
65.3683,-92.6939,-75.3124,-76.4433,-37.7169,-235.7622,-18.5356,-173.9648,62.7255,-129.5905,-120.1471,-50.4344,-15.1014,-165.4337,86.8344,-83.6004,-74.4245,-70.4515,-105.0668
0.8572,-57.7803,-55.0853,-46.2827,76.7852,-205.3693,15.2700,-114.9400,98.5532,-26.2106,-129.0524,-24.3045,-12.8761,-123.8489,81.4093,-0.6401,-47.2536,-6.2313,-45.6651
-108.4944,2.7327,-11.3462,56.6559,167.1288,-145.7272,71.5474,-45.4018,81.3881,55.1379,-129.0258,-1.2713,-26.0078,-65.6285,58.9638,70.2877,15.1116,96.3583,-9.7129
-193.1432,-15.7871,90.0261,139.6848,205.4990,-61.9357,105.9189,5.9527,60.2948,63.3130,-86.9533,2.1103,1.4550,-50.5908,62.7795,32.1425,70.4733,196.5291,31.5834
-190.1249,-45.1916,154.3936,172.8542,173.4908,57.4723,63.9204,73.9325,132.4109,105.6112,-39.8424,11.4249,11.4019,11.9827,54.3857,-7.8410,54.9480,254.7341,43.8986
-134.7138,-18.2608,69.9074,187.1146,77.9211,205.2981,-14.8107,155.1073,220.0695,234.8468,-52.7896,79.8231,-31.8979,118.5558,28.6402,62.8678,6.1018,260.3102,39.6371
-125.7635,-57.0981,-63.4183,147.7361,-17.8296,304.7249,-49.5097,192.3642,180.9914,265.9049,-112.0790,157.2903,-77.9969,137.6892,28.8375,141.4162,-7.2710,222.6039,55.6415
-140.9011,-221.5797,-78.5552,51.4129,-82.6912,297.0451,-60.6619,165.9349,56.4727,123.1624,-171.0025,158.3188,-132.1200,84.6578,14.9096,149.7225,16.1995,165.3224,66.8085
-74.4335,-293.2912,-27.2589,-5.5213,-154.6962,231.1204,-106.3363,104.3673,-9.0870,40.3508,-228.1095,113.5589,-236.9973,89.4487,-62.8724,176.3601,51.7698,113.2762,52.0306
26.4234,-133.4401,-41.3588,10.0777,-229.4146,173.8395,-160.6529,28.0309,-12.3845,96.4210,-261.8042,101.5341,-323.1576,131.1930,-130.1438,216.8327,69.3118,82.0341,6.7451
38.8903,40.9012,-80.9684,35.1430,-245.4608,116.1796,-185.1576,-50.8183,-29.5947,80.3710,-214.9581,141.7059,-292.9052,101.4320,-120.3845,165.8783,39.1208,68.9163,-90.2013
26.2959,61.8952,-67.3504,52.6940,-197.0558,28.2415,-194.6341,-107.4295,-35.4478,-10.3067,-113.3802,226.0789,-188.0328,21.8061,-97.3174,73.6109,6.3181,42.4121,-184.9962
103.5246,95.9113,-34.4271,82.6316,-135.9129,-81.4219,-186.2297,-132.3993,0.0728,3.6400,-54.0199,321.8106,-113.9856,-28.3935,-117.4667,46.4849,49.8714,-15.9740,-175.8471
180.8006,230.7912,-6.0496,101.8323,-81.8040,-177.4503,-140.8123,-150.8613,7.9124,24.9694,-54.0920,359.5169,-93.6523,-61.1215,-142.8106,45.2439,135.5168,-67.2871,-90.0393
155.0688,266.1238,28.8904,89.0983,-14.6393,-215.9678,-92.9767,-177.7354,-42.6717,-87.3245,-53.1775,325.8618,-85.1103,-99.0103,-149.5316,19.9669,158.8900,-79.6561,-28.5503
122.9668,147.5777,22.4677,54.7108,72.5800,-188.8452,-85.0471,-184.6485,-96.8292,-142.4129,-43.1488,286.3877,-54.3061,-94.4052,-159.1108,9.3874,107.6306,-85.4661,2.3283
150.3989,87.0999,-35.9244,2.5931,153.2431,-157.5384,-96.4556,-161.8910,-120.9949,-22.1775,-58.8882,275.1660,0.1051,-39.8206,-155.2450,24.8176,46.0868,-107.4163,21.9127
142.7951,132.9628,-62.7814,-66.6568,197.0198,-173.8862,-86.7254,-169.0235,-100.3140,33.7573,-76.2409,269.9184,47.7464,-18.2722,-108.3020,31.3130,-0.3023,-123.3381,-1.2880
79.2813,121.4040,-53.6634,-150.1959,201.7880,-198.8103,-57.8424,-237.0630,-45.8540,-86.4874,-49.8459,255.4752,57.8062,-61.9289,-56.0210,-4.2724,-58.0732,-139.0756,-48.9356
27.7069,28.1476,-97.0710,-238.9178,170.5541,-167.1553,-41.6412,-279.6061,-49.5940,-156.0518,-15.3218,228.2933,29.7752,-90.5151,-44.3742,-94.6141,-140.2955,-175.3410,-52.9631
-44.9378,-51.1632,-181.4608,-280.5422,93.6654,-78.7599,-45.3467,-215.2961,-130.5146,-72.7836,-35.0867,193.8413,-16.8118,-50.8428,-43.6276,-162.6515,-200.5391,-199.2277,-11.8223
-147.5817,-108.9473,-219.3167,-238.0026,-5.1542,14.4383,-40.3444,-104.4299,-142.9198,-17.5332,-85.2177,175.9660,-54.4372,0.5940,-25.5796,-120.7623,-182.3304,-185.3906,25.8855
-149.1514,-142.9024,-207.6211,-186.7362,-70.1465,55.6939,-21.7155,-50.3164,-44.0096,-84.0864,-99.9556,167.2208,-52.7527,-5.9702,-28.1991,-59.3702,-121.3936,-175.0718,49.4932
-52.4046,-125.7791,-191.2601,-213.6992,-86.4356,17.7142,-13.1093,-50.1792,20.3112,-156.9154,-82.7937,126.1359,-11.2610,-73.1362,-52.8000,-95.5297,-111.2402,-187.9549,85.7941
-52.3071,-137.3453,-183.9024,-282.1728,-71.0467,-62.4317,14.8228,-35.2375,25.4724,-149.7060,-83.5963,64.1778,29.4088,-158.2115,-32.6746,-132.3987,-162.8594,-182.2656,148.6745
-157.7696,-225.2470,-197.2568,-325.9372,-13.7013,-109.6424,100.3915,12.8009,81.9169,-89.8396,-101.4348,34.2399,39.7971,-202.1914,30.7531,-72.5052,-211.3350,-142.8662,202.0240
-166.8376,-247.7624,-217.2167,-343.3294,84.7024,-101.6051,158.4613,40.2908,130.8016,-33.1769,-81.5451,37.9267,39.7217,-168.0013,52.0226,-26.5915,-222.5837,-95.2241,184.0039
-63.1109,-131.4004,-182.6087,-318.4442,175.5305,-87.2945,90.6848,-7.0141,54.6597,-57.8900,0.5064,52.8783,60.8623,-96.8240,2.9702,-63.1697,-188.6237,-42.8647,96.2166
-7.4918,-27.4865,-92.0564,-224.8109,224.2026,-101.5869,-15.1914,-106.9557,-25.8651,-203.3295,89.9619,86.6756,92.1529,-71.2043,-64.0877,-78.8314,-104.9030,8.0150,9.4094
-3.4921,-20.9179,-27.6512,-123.8562,228.7132,-122.8382,-35.5494,-188.4891,20.6693,-339.3417,109.4680,115.7928,95.1300,-97.6817,-102.3725,-36.4975,-17.5456,12.3725,-43.2003
43.6713,-7.7849,-22.9061,-97.0314,180.1823,-122.5661,-40.8672,-229.9146,49.8355,-314.3686,59.3244,89.7824,72.1028,-96.4662,-91.2355,-2.4841,10.1092,-40.8531,-90.6487
91.7590,58.1684,-37.2985,-122.7623,93.7324,-95.4107,-127.5290,-251.5837,-53.1054,-222.3514,17.9860,45.2507,65.2906,-27.7728,-38.7261,23.0307,-15.9535,-86.1257,-148.7399
82.1822,103.5157,-38.6115,-131.7200,28.6764,-46.5975,-205.4651,-248.7722,-119.1240,-243.5609,42.0066,67.0392,79.2106,51.0033,6.4632,47.5184,-44.2282,-80.1710,-204.0944
76.6096,97.8748,-0.4883,-110.5502,7.0016,-3.6340,-178.8838,-228.9880,-55.6679,-338.0472,114.5394,135.7077,78.6226,83.8059,4.2587,8.4888,-49.3679,-74.0193,-243.0161
94.5896,66.1478,85.0202,-93.9761,-15.7822,-1.7220,-127.7667,-231.6770,-51.8094,-383.9856,176.2466,169.6690,61.5343,84.0177,-37.5324,-75.8024,-42.3429,-120.1705,-243.2231
80.7405,24.5233,138.3090,-107.1646,-60.8082,-16.4941,-137.5500,-241.6708,-180.7232,-391.7524,175.7828,169.4701,49.1685,70.0223,-87.2731,-91.1880,-44.0073,-171.3597,-184.1822
85.8035,-3.5668,83.9561,-133.6015,-91.2193,10.0113,-154.5107,-204.4160,-237.4737,-366.7297,125.2670,172.8135,33.5038,39.9651,-110.1611,-36.8974,-54.0081,-148.2195,-92.4581
181.8702,-3.4437,-5.5228,-139.8921,-77.6301,67.3815,-116.7878,-126.6467,-125.7471,-264.5190,94.9066,160.2569,15.3097,31.3522,-88.1458,-16.3721,-53.6239,-58.2377,-20.7012
250.0974,2.1811,-22.1231,-125.3418,-17.1906,113.3989,-50.6535,-39.1963,7.1113,-154.7254,109.3439,129.4151,33.1616,70.6224,-38.1583,-28.2309,-46.0235,32.9788,25.0410
149.0709,-7.5085,9.8044,-98.6480,91.8243,160.2581,5.9977,50.6782,50.2240,-127.9690,119.5367,134.1308,93.8149,87.9502,13.5301,-4.3821,-42.0729,99.2315,64.9782
-25.5892,-30.9570,25.3408,-43.8848,217.1520,194.0699,45.0232,90.4074,20.7364,-137.9618,113.6702,165.2912,150.4227,36.0446,43.6716,15.6130,-28.1249,138.4230,64.7092
-95.9083,-53.0262,32.9945,11.1595,284.2132,135.6379,65.8713,26.5779,-37.4852,-144.5395,132.7621,146.4489,173.9142,-5.6090,33.6551,-30.0204,-18.8762,120.1372,-12.5506
-54.1027,-41.0044,39.8643,-11.5469,272.0515,2.3763,88.1915,-70.8617,-67.3482,-176.6003,168.9452,82.7104,176.3578,10.5054,24.7299,-93.9559,-59.4536,40.9242,-91.7555
7.6737,11.5289,35.7383,-97.6259,240.4818,-73.8920,133.6973,-99.3983,-50.1625,-188.0056,188.4918,47.9173,173.3842,10.4766,85.0504,-138.1311,-123.8193,-24.1825,-77.5795
49.0180,51.5446,64.7309,-135.8892,213.5989,-57.9651,170.3465,-70.9288,-47.2640,-125.6634,208.6530,40.7524,164.6033,-37.8505,167.3340,-188.1086,-140.3624,-12.8538,-18.5463
75.1218,45.2204,141.7562,-101.6351,151.5345,-31.1271,148.7667,-43.3794,-75.9546,-52.3895,232.9559,13.7912,133.1686,-79.3612,162.5533,-198.9829,-113.8326,29.5169,-9.5919
101.7987,33.2639,173.0468,-75.7709,50.1552,-15.6125,75.9221,-27.8368,-80.7829,-0.2868,211.0396,-14.1726,68.0663,-92.9341,91.2292,-113.9550,-100.9286,21.0043,-33.3045
128.7157,61.0816,102.7172,-91.2279,-60.6024,18.9065,-9.9397,-16.8264,-51.1591,97.3532,139.6003,-2.5334,-3.6241,-75.1945,46.8661,-10.1892,-129.2656,-37.3084,-47.1955
108.2479,104.6934,6.6443,-119.7171,-171.0139,48.0101,-74.7464,3.5311,-4.8977,241.2715,81.8330,35.7954,-42.7921,-4.7673,33.5446,39.3852,-191.3338,-89.3433,-60.7285
18.9329,83.3659,-45.0520,-152.7693,-248.7278,31.8216,-80.3705,37.1791,44.0633,340.9815,66.8601,68.9533,-46.0095,65.4739,18.0506,67.8357,-227.5262,-127.9152,-52.3153
-49.9771,-32.0470,-62.4259,-175.1734,-256.1250,-28.7040,-36.7417,39.5073,47.0979,346.2303,80.6367,75.0699,-29.0368,53.2200,8.4922,65.2723,-174.2578,-174.8138,-9.3041
-4.2592,-128.8144,-55.0321,-147.4274,-230.8576,-107.5973,-19.8651,3.0630,29.2613,299.4622,117.9658,37.8181,-7.1413,-5.3875,9.3647,19.8185,-97.3533,-189.0311,-1.0742
102.4553,-98.1506,-25.7418,-87.5266,-207.1169,-151.8786,-47.4721,19.9877,89.3935,300.7820,158.9251,-26.7881,-9.1834,-30.7624,14.9334,41.5811,-115.6193,-119.6213,-34.8947
132.2145,-26.6985,-14.1121,-75.3608,-147.6214,-129.2210,-49.1268,118.0975,151.8722,381.7527,163.0351,-79.8342,-39.5765,-35.9801,19.7159,138.5861,-197.6918,-33.8134,-17.5304
51.1108,-31.7276,-46.1219,-139.5936,-68.1496,-104.2952,-12.8818,180.4301,68.4682,420.1434,128.4743,-107.4914,-47.4305,-56.4268,0.6389,138.5300,-243.3291,-44.8495,43.4923
-40.8663,-50.6765,-93.5563,-212.0047,-33.0461,-150.2032,7.0406,150.2297,-42.1674,332.9663,89.7243,-113.7559,-9.0206,-78.7984,-24.1176,44.0268,-256.5225,-122.6189,62.3976
-72.9792,-25.1881,-117.0426,-212.7829,-4.8338,-223.6734,22.4767,116.1318,1.2140,236.6944,62.6047,-109.8756,22.0139,-101.4317,2.8506,35.9832,-254.9673,-133.2663,64.9016
-88.0923,-22.9576,-96.9714,-138.5533,58.9100,-240.9097,70.0392,124.1382,111.1704,230.7583,47.9520,-126.1050,6.6716,-142.6001,45.4726,86.2561,-191.0728,-43.8947,97.2706
-104.5891,-23.6441,-29.7210,-39.5262,83.1857,-179.3280,111.3998,127.2411,155.9988,249.6325,56.9251,-157.8555,-24.1138,-183.4345,15.9059,43.2204,-61.6296,69.5887,117.4543
-49.3131,41.9975,68.4515,60.5333,55.0340,-47.7062,111.5994,133.8645,143.3747,255.0961,86.9059,-153.4222,-40.9688,-177.9046,-58.1210,-40.1024,74.4760,164.3094,136.1259
68.5861,61.9523,159.7934,156.4382,61.9820,112.4061,94.4421,193.6926,81.0928,301.3793,112.1272,-124.3456,-54.2514,-120.0078,-92.9026,-40.1029,164.9732,224.8854,199.5232
123.6902,-31.5505,196.3398,198.6015,65.0964,210.5983,69.9852,264.5074,45.5430,386.7107,125.3939,-133.7974,-67.2779,-75.1252,-72.3563,29.8387,161.9445,202.0965,227.1955
98.7077,-42.0543,153.9827,147.5016,-34.7091,211.2777,35.5154,265.0921,172.4119,452.4972,140.0803,-152.1116,-63.9867,-99.0501,-12.0555,108.2365,76.8311,96.3434,152.0336
93.8737,113.9428,74.6381,69.7882,-171.4176,174.7320,11.2834,208.4563,348.0573,461.2156,141.2907,-116.7756,-50.0842,-138.7940,38.5481,132.7945,16.4033,0.1743,76.4441
105.4109,214.4505,26.7883,52.9521,-245.7534,137.8943,-4.1954,170.3909,361.7453,407.5440,97.8638,-85.7672,-59.7761,-124.0559,1.8614,69.5185,16.5597,-31.3017,73.9766
61.3208,155.9080,9.0110,66.9120,-273.2059,87.7197,-22.0173,188.5813,307.5674,351.8806,25.3118,-124.5940,-101.4188,-100.9146,-76.2429,16.3318,-13.1610,-31.4418,83.1723
-0.1083,90.0108,-30.8930,39.0984,-242.6310,45.9228,-18.0433,234.1150,330.9762,353.3649,-29.3149,-165.9964,-125.0424,-121.3872,-63.0583,50.7935,-78.4225,-20.1260,82.8262
-11.7439,77.7858,-88.6625,-7.8063,-115.3731,31.1642,-0.1892,227.8096,327.3677,337.1223,-52.7659,-145.0033,-91.3475,-132.0563,22.6327,59.7235,-68.8020,8.7675,103.9171
1.8417,56.4938,-104.0997,-9.2454,34.3451,3.3792,-12.4626,132.6581,246.3158,235.1404,-51.6691,-95.3954,-39.1209,-105.5593,63.0624,-15.1164,35.2283,30.8834,123.1967
1.4391,49.6824,-51.7498,47.2210,128.0575,-29.9993,-26.1707,58.6609,180.9931,156.8284,-17.0989,-37.8976,-14.1549,-85.4007,49.6008,-39.9908,156.0444,57.4245,136.7838
-19.2134,85.5841,35.1037,157.8493,191.6106,22.5567,-3.8282,123.8252,101.5729,175.2427,38.2617,32.4215,5.0265,-56.2708,16.6984,19.4432,261.7096,163.7898,173.8279
-45.3410,107.5203,116.7331,303.8177,232.6636,166.8967,-12.8248,225.1626,-6.5935,176.6404,73.2708,64.7435,37.0272,6.7697,-35.7107,47.2027,340.9665,331.3991,182.2844
-13.1745,114.3601,183.1296,380.8138,223.6316,267.1517,-73.6837,189.9802,3.9641,114.3174,78.4737,21.2985,54.2481,30.4105,-52.5258,49.6696,344.9489,403.8431,118.6578
94.9630,152.1908,227.9153,293.1701,193.5024,238.6039,-64.6932,76.2713,134.2927,110.1741,72.8141,-50.8762,57.6759,-26.3215,10.9580,120.2627,260.2875,307.8702,67.1025
146.0540,164.6859,208.4115,124.7415,155.2027,156.6079,38.2839,34.7725,206.3327,212.2242,52.3831,-102.0189,67.9876,-84.1966,86.8084,224.4293,142.3833,157.8392,69.6489
41.6134,72.0315,86.0886,34.9713,61.2527,116.5238,74.4566,33.9456,197.8063,320.6187,6.5509,-125.4543,56.3818,-80.4630,130.3249,258.2187,44.6209,60.9293,34.3686
-106.5238,-63.5393,-87.3930,26.9299,-78.1537,106.6040,-13.7699,-4.2417,207.4371,339.2195,-45.9295,-115.3895,16.7722,-29.0126,171.7976,191.7084,-16.5216,-8.7542,-53.7906
-158.6825,-108.7665,-191.4801,11.0063,-189.0963,78.3476,-85.8767,-28.0047,233.2637,246.9880,-69.9273,-80.1057,11.2301,35.7705,177.2109,83.8555,-37.5917,-78.6852,-87.7863
-130.8244,-40.8453,-159.6886,-3.7504,-238.9417,53.7167,-72.5763,-4.0569,231.0516,114.4628,-40.4269,-54.7930,39.4464,64.9727,105.7037,39.6991,-23.2849,-96.4424,-52.8370
-99.0953,26.5830,-47.9194,13.7248,-235.8863,76.3270,-64.1439,14.3963,184.1907,60.5956,21.2112,-44.1254,24.5627,42.0645,33.3624,92.5215,-10.5286,-46.6648,-38.2550
-100.3692,-10.0328,18.1586,-1.9691,-199.2641,95.3048,-102.9061,11.2663,78.0055,81.1146,41.9308,-15.8680,-30.1773,35.6934,6.9213,134.6239,-48.2008,-3.9030,-68.4432
-138.7587,-105.8770,-21.5752,-71.8208,-165.5626,19.1254,-126.8265,-16.4982,-37.0571,50.2358,-1.7376,34.4904,-54.4943,89.0768,-33.7390,76.0424,-115.9571,-12.5483,-107.3395
-173.7396,-128.3301,-87.0694,-100.4106,-145.3126,-108.8170,-112.5169,-88.2568,-55.6161,-23.0940,-31.1020,73.8240,-40.7583,134.2929,-70.4783,-12.0201,-131.0977,-25.2637,-134.5290
-157.4436,-51.8076,-86.9813,-61.6831,-104.1190,-142.8456,-88.0737,-125.7888,34.9240,6.6380,0.2277,86.8327,-9.7766,111.7153,-18.3955,-8.1816,-79.5130,6.2733,-115.1914
-115.1686,8.2843,-59.4321,-39.4899,-26.3695,-65.6685,-45.4583,-43.5497,111.0526,104.8918,29.9400,96.9800,37.3160,69.3682,60.1081,87.2539,-38.6915,64.4248,-28.4616
-108.6099,-22.1965,-70.1631,-54.7573,46.5072,1.4464,15.4845,59.6097,53.1031,72.9104,12.6704,113.6241,58.4191,85.3392,47.2082,144.4908,-50.7136,100.3678,57.2338
-142.8264,-80.4937,-97.2851,-68.3225,47.7688,26.8465,35.4413,64.3533,-69.1516,-61.1478,-22.7781,96.4231,19.1296,151.5459,7.3988,79.1086,-93.0421,86.9470,76.0104
-172.2527,-98.2270,-129.3121,-91.5706,-36.4986,86.0220,-0.3136,41.0600,-64.9788,-55.8331,-67.0362,27.3102,-22.0395,169.9268,52.3164,-1.4968,-150.1505,49.0720,65.5675
-167.9725,-95.9940,-197.2809,-122.3294,-115.1428,169.2448,-16.3971,74.1894,36.3690,86.6387,-134.2979,-31.5809,-19.4776,90.9319,107.1079,25.6068,-201.3133,41.6304,63.7118
-147.3006,-82.6660,-260.1773,-110.4452,-100.5157,194.4906,21.6567,104.4157,19.5434,118.4592,-196.8751,-35.7932,-14.7228,9.3052,74.8952,67.7339,-206.7011,65.3182,39.3559
-137.4062,-14.2129,-262.2412,-77.2632,-50.2460,162.7776,56.4524,80.1406,-62.0002,27.4310,-229.9397,-34.5675,-23.3384,23.3976,45.2758,26.6000,-177.9670,55.6079,-0.9164
-128.8708,78.1260,-251.1131,-92.3375,-62.6467,123.8083,50.9787,45.1903,28.5198,36.2714,-253.3450,-62.8620,-13.4924,86.3298,101.3042,27.1178,-173.3069,-5.9996,-3.5714
-109.9270,96.7716,-271.3454,-142.8572,-105.0640,76.3885,33.1409,40.4361,207.5778,151.3032,-270.6518,-74.9935,-0.5779,108.6493,141.3196,131.0641,-211.1742,-61.0058,16.3889
-105.7937,47.9082,-293.2439,-187.6503,-99.8988,12.7302,25.0345,57.1885,231.3078,185.1707,-259.0901,-51.1362,-12.4587,80.9706,87.6623,166.9580,-260.2566,-79.0860,6.7326
-112.2906,11.1839,-316.6678,-236.7838,-61.1889,-47.4610,12.2635,53.7386,132.7966,107.0802,-227.3726,-39.4647,-28.0989,30.8635,31.4826,83.7730,-277.9299,-83.2687,-20.9394
-82.5003,-6.3311,-343.1864,-274.1434,-29.8460,-105.3441,-21.5082,-4.0190,41.3986,4.9878,-202.0096,-66.9100,-37.5864,-11.4174,39.0948,48.5029,-235.6774,-74.7280,-38.2638
-33.4998,-4.3386,-305.9948,-247.3312,-2.8373,-169.0308,-59.0875,-69.0199,-37.5472,-66.0097,-182.0239,-109.2673,-55.4701,-18.2633,52.4060,107.1939,-152.3938,-36.1410,-51.0000
-24.2010,57.5733,-204.0622,-155.8368,20.4661,-212.7823,-62.6112,-63.3949,-63.2316,-35.1180,-157.9706,-133.8260,-67.9850,-11.3639,29.6176,159.5331,-73.5481,21.8664,-50.9239
-28.8457,119.2217,-129.1264,-35.8816,19.5726,-209.8262,-41.1805,-14.1440,-4.4797,82.5034,-134.1910,-128.1783,-65.0630,-20.5018,-13.4727,180.8018,-7.4144,76.9587,-28.8194
13.8568,85.4796,-82.0836,68.7924,-13.1359,-158.5794,-48.8954,4.8589,42.4643,124.2426,-108.9286,-117.5844,-68.4048,-13.3755,-67.8166,177.4221,46.9099,107.4659,-14.7813
85.2032,25.4556,-10.8028,85.4110,-62.7389,-70.6449,-85.3456,9.5962,37.7293,67.1108,-75.3545,-131.5452,-84.8485,23.5439,-115.4293,128.1990,52.8151,91.2214,-24.7764
127.5232,18.5480,26.5864,2.9389,-109.1458,19.7760,-98.7382,35.5879,28.2846,61.6992,-46.2562,-147.2087,-106.4268,33.8934,-125.4995,77.5148,6.1277,43.9037,-38.9372
116.2058,-16.5959,-9.8264,-65.9413,-152.1875,71.2549,-81.3574,51.5685,16.4404,113.0420,-38.9345,-137.3050,-128.5153,-0.5053,-93.2108,71.5437,-33.2959,12.4364,-50.3483
77.0703,-78.6048,-18.4146,-49.9781,-203.2884,87.6192,-51.4592,49.4114,39.0703,138.9013,-37.0391,-124.5535,-122.5327,-31.2715,-29.3863,75.5441,-40.3510,8.2504,-54.8853
88.4398,-9.1694,55.7815,-11.1276,-239.5862,105.1307,-11.3620,66.0352,110.5464,164.3092,-5.6274,-111.8165,-67.0210,-31.3274,34.0592,74.1464,-46.9084,14.1759,-42.0309
171.4211,161.4528,128.0388,9.0484,-214.1195,132.2557,16.6537,88.6491,100.2771,167.0884,48.1235,-74.3359,5.4826,-6.6866,42.5726,75.4702,-50.2618,36.6858,-27.9405
207.2259,221.7859,144.8932,56.1935,-111.1623,152.0919,41.0500,99.2542,29.7755,135.6777,79.2383,-48.5669,69.9429,32.4837,10.2414,51.5773,-0.2469,88.5939,-3.8786
138.3565,181.0888,151.1885,165.5349,51.7011,162.0855,133.4125,148.6780,113.2838,226.9188,85.4752,-59.4052,142.5994,72.4326,20.8444,32.6216,131.3550,165.2098,76.1495
99.1860,225.9795,194.2536,336.6371,232.5784,170.8560,264.8091,234.8677,256.3180,367.1498,108.9284,-18.2654,216.5686,118.5896,86.5116,69.9021,320.1059,260.1026,162.0585
153.9944,343.2771,273.5159,537.9855,370.7937,179.6115,306.6814,254.1848,194.7325,213.2377,145.9272,118.0620,276.7097,186.0369,149.7586,79.2332,504.5641,355.1189,155.7742
180.3801,377.4907,343.0735,678.7987,451.1026,195.6566,284.7009,195.9097,79.6975,-109.9955,156.8500,232.9700,348.9333,248.8594,190.5106,-3.0805,624.3875,420.7116,125.5467
156.8841,342.3620,361.8345,688.7382,506.6527,238.2708,319.2408,176.4492,145.5326,-145.7738,161.9149,253.0176,424.7008,268.8148,196.7478,-60.5690,656.5646,455.1086,189.4563
205.6472,360.1418,364.1203,601.9412,518.5572,302.0775,350.9401,217.8773,210.2255,3.0805,205.5850,256.0450,430.0437,258.6453,153.1563,-35.4341,604.5431,471.5104,264.1422
296.0350,401.1298,395.9386,481.7896,436.7761,350.3111,276.2202,240.8943,132.2826,-6.3600,252.5816,283.7502,345.7778,265.4716,111.3797,-20.3549,487.8452,459.9590,237.2569
293.5681,339.4608,422.4169,369.3968,298.4066,375.5026,173.7001,250.2925,82.7566,-34.6268,248.8771,280.2285,244.5760,311.5741,107.7055,-11.1612,374.5390,416.8698,190.3307
244.6287,209.2134,414.9511,318.9124,191.9373,405.1179,121.9891,272.8617,76.1836,18.2333,227.1029,239.0945,187.0680,353.4088,80.6794,53.6409,344.4124,369.0456,198.5736
257.7788,167.4760,418.2578,339.5772,154.3711,423.7081,84.8259,243.8196,-18.5837,-82.3340,235.3999,206.7274,175.7470,324.9165,8.2734,91.2208,381.8722,334.6665,197.4785
277.9141,216.8020,448.5480,358.3864,169.2072,385.0128,77.8587,158.7269,-98.0618,-217.8711,257.9927,176.8756,187.2511,250.1976,-41.9576,43.3942,398.0576,301.7215,170.4841
262.6022,221.6341,469.4688,337.2119,171.4872,298.7808,117.1938,109.3667,-68.3195,-118.0319,283.6705,120.5222,194.7040,206.0279,-50.2844,8.2985,363.1791,243.4274,157.1614
310.9029,185.6681,466.8787,302.3140,90.2060,202.6898,105.6301,87.4138,-84.3379,-51.6260,320.6846,50.2848,193.3715,175.0563,-33.5936,28.4848,311.7964,145.0843,120.0711
415.3224,214.7769,421.7799,242.5963,-25.7638,104.4451,40.4553,39.6189,-194.4314,-213.7863,320.0205,-6.3956,202.8314,118.2273,30.9191,49.2083,245.2816,40.7311,56.0159
408.6770,256.9008,307.6298,137.9750,-55.5683,19.0483,59.4216,26.6292,-228.9364,-239.4276,243.9398,-32.0062,217.7615,98.6394,115.1961,63.9814,144.3671,-16.4507,45.0956
269.0265,187.5905,183.0063,35.7105,-3.1687,-55.4888,149.9910,52.6209,-132.3215,-52.1697,173.2415,-24.4478,204.0860,133.4591,143.2139,61.9547,42.2238,-36.1718,60.9202
149.4081,56.0913,127.6870,-24.3646,36.0909,-182.4030,167.0953,-5.6710,-17.4869,-27.5293,178.2734,-10.1091,159.5959,124.8597,137.5187,17.1952,-11.3935,-57.4218,8.2973
103.7673,-1.2035,111.2237,-54.0523,45.5643,-342.6428,112.4723,-129.8844,26.6688,-148.5977,192.0677,-0.4330,125.5125,71.6711,160.6693,-2.0510,-12.9719,-58.5154,-68.7141
86.2333,32.5911,89.9254,-47.5529,62.5571,-377.4563,77.8821,-177.7716,-15.1222,-156.1199,162.1411,38.9715,127.4437,77.0832,174.8849,29.2149,17.2295,-14.3800,-86.4981
110.6463,71.7656,103.9629,-3.2869,93.3484,-240.2903,55.8486,-162.6051,-94.5238,-144.6481,152.0562,107.0897,132.4284,140.0771,137.6670,0.1464,53.1567,25.5549,-82.5584
167.6222,59.7916,153.0815,27.0653,128.8346,-80.8545,15.9573,-158.9391,-126.5432,-187.6039,183.7608,142.7828,87.1805,196.7680,104.9665,-75.2986,59.0932,21.9627,-86.0701
174.5606,52.1060,173.9341,26.8007,144.9447,20.1655,-9.2697,-121.7142,-82.1427,-118.5527,187.5155,139.1174,3.5603,242.9817,123.0473,-45.1139,43.7715,13.2295,-51.3217
139.1554,137.6956,181.9666,45.9067,119.9621,112.0314,1.8443,-55.3443,-17.4218,-12.0369,151.5098,148.9377,-43.4776,259.1551,147.7916,48.0229,60.8370,26.3960,-3.7494
142.8471,244.5830,216.3191,74.9454,83.0747,166.0087,21.8421,-67.0233,-18.9518,-86.1798,125.3586,158.4849,-30.0107,202.5318,118.0002,40.3672,84.4898,10.6686,-33.1955
173.5615,218.5590,203.2466,30.0194,41.8730,93.3005,0.7557,-164.4213,-121.8644,-248.4448,110.6991,114.0776,-17.4132,95.9327,30.9043,-30.6898,9.7442,-93.6753,-146.0148
192.2231,122.8364,87.4007,-100.2682,-52.6474,-84.9261,-78.7458,-269.0963,-231.3349,-301.2482,95.6642,40.0603,-36.9198,-7.2937,-53.0834,-51.5039,-158.1106,-258.6399,-261.5041
216.5449,123.5915,-33.1246,-230.2853,-157.0134,-266.5827,-142.0697,-340.8104,-224.4682,-243.3753,94.9565,-17.1316,-34.0285,-55.6293,-69.4505,-52.8949,-287.3404,-370.4757,-304.3901
197.9515,142.3596,-70.9151,-305.4094,-145.4422,-372.5623,-113.4360,-347.2023,-147.3946,-160.3359,87.1470,-67.6648,34.1855,-9.1946,-25.1940,-66.2119,-327.8374,-356.4246,-260.5811
65.3131,29.4884,-76.3632,-337.9158,-25.6524,-380.8268,-43.3752,-289.8385,-104.4835,-130.0952,44.5270,-103.8539,125.5126,60.0477,21.9267,-39.6928,-342.2047,-278.2729,-180.2173
-86.6984,-105.2431,-99.9927,-334.3928,83.5728,-352.3700,2.6377,-234.8906,-32.6116,-151.2858,3.8916,-95.9840,170.8584,36.1474,53.4223,19.5154,-345.2214,-231.8537,-104.5497
-122.8399,-106.2008,-103.0912,-294.2103,142.6019,-365.7934,68.0507,-195.7754,130.1339,-105.1200,-1.0432,-85.6951,164.9569,-34.3976,100.3883,50.9617,-303.7959,-214.3883,-24.6197
-74.2124,-39.0179,-52.4684,-253.6756,168.9891,-399.1771,169.3951,-156.1998,230.0560,5.8351,13.0848,-116.8054,158.5488,-45.8513,169.0907,45.4153,-245.0356,-172.9951,42.2568
-18.5583,-12.2587,25.3670,-240.0212,166.2197,-385.3542,219.0927,-168.1806,157.8220,19.2494,39.7770,-137.7910,163.4667,-27.2644,207.1220,27.7146,-209.2821,-106.8306,58.2352
35.1520,-25.1827,84.0078,-227.8789,170.8500,-320.6068,189.7756,-201.4912,84.3965,-52.8386,67.6597,-113.6921,133.3233,-11.1306,176.1837,28.1054,-173.4436,-55.5834,77.3953
45.6164,-55.9725,82.3705,-211.4195,198.3610,-209.8031,162.1387,-108.2227,159.4607,-43.8416,40.4691,-91.7219,60.0108,50.0603,132.5760,69.2909,-122.9441,-39.2711,183.6431
-30.9523,-77.3004,10.6157,-223.3754,175.3453,-22.8914,171.5991,117.6164,253.8976,73.2185,-55.3220,-76.9547,-4.3912,137.9314,155.3987,120.8475,-100.5105,-30.3352,342.4980
-112.5760,-48.6055,-80.3585,-235.1965,79.0788,219.4353,179.0757,342.7991,252.4643,230.3136,-144.0157,-27.6511,-34.4501,197.4960,209.8355,136.8354,-119.7241,10.4315,465.4694
-92.6143,7.0013,-118.7881,-188.3782,12.8598,416.2283,188.0848,505.3623,288.0676,358.3881,-155.8562,25.6497,-32.7473,230.8913,200.3211,126.5917,-122.8903,52.4185,527.1967
7.2836,27.6471,-78.8259,-128.3646,46.8468,466.8550,249.4529,557.6235,437.7021,357.0156,-83.2211,28.7117,22.7759,210.6717,134.8301,116.7466,-65.3744,26.1823,529.5157
98.6931,9.8334,8.3490,-119.9106,133.4676,365.9919,340.2408,456.2586,519.3301,252.6391,26.7400,7.2306,117.1339,127.6660,103.5810,108.4502,23.5789,-37.8231,481.2899
144.4571,19.0457,80.7367,-93.7987,198.9413,240.1621,356.8755,335.1820,429.5801,201.2312,81.8723,15.3863,163.8930,96.1541,132.9301,92.2448,92.4660,-39.0070,429.3228
164.5184,123.4040,90.2941,20.5581,213.4280,216.4206,283.0695,333.4218,330.0695,202.8319,39.2578,63.4972,130.5121,149.5044,164.0872,49.3576,131.4368,19.6426,392.6186
171.1183,269.0410,47.2156,137.4877,195.5740,238.6140,230.0942,336.9967,304.8650,157.9605,-19.1961,112.0489,89.0453,148.2495,141.2328,-16.5482,150.4525,43.4735,321.0617
138.4955,284.9836,-2.5009,162.9721,175.2567,166.5575,229.0657,220.1738,225.2735,90.8460,-10.0591,98.7678,91.6064,66.3538,81.9764,-57.5354,135.2552,6.1133,195.6296
70.9309,149.2033,-39.3881,133.7854,141.1144,32.5585,181.2792,78.6043,85.3006,18.9984,27.8957,35.8340,110.5853,28.0597,62.0483,-63.3065,77.5673,-24.8589,80.7727
32.4246,47.0848,-66.8731,110.6862,82.5957,-4.6048,87.4261,19.7754,60.2515,-73.1609,20.7055,27.4174,107.4377,40.4381,98.9191,-71.9787,25.9583,15.5619,45.7652
32.1999,44.1303,-70.3709,107.3639,50.6145,92.8242,61.4988,38.9490,159.0316,-70.1227,-33.2063,89.8010,73.2574,43.2885,104.7716,-64.3579,45.0700,123.2246,101.8984
3.3633,43.0407,-39.6588,134.9151,74.1278,235.2406,103.2242,128.5233,191.1621,74.7282,-92.4015,110.9722,24.3633,93.6601,35.0936,-1.0323,123.8399,236.3067,207.8629
-52.7608,54.1789,-6.4386,176.8902,100.2236,374.9427,140.8991,258.0941,110.1327,192.5976,-126.2903,69.3492,-5.3994,220.4460,-15.4774,75.0793,181.6121,311.8996,301.9350
-80.1658,103.4867,-8.0923,187.6583,94.6005,515.2516,194.9366,345.4441,78.6337,207.1401,-130.6281,62.8867,1.6269,298.7979,37.1174,115.2778,178.1210,353.3415,336.7868
-102.8435,81.1842,-34.3905,184.6147,81.6260,606.4983,250.9882,355.4569,159.3178,205.4286,-114.7639,104.5782,35.5163,239.3411,129.7321,128.0323,161.0747,350.2427,296.3098
-148.0125,2.1282,-44.0330,219.0243,77.6991,569.6895,205.1939,304.3548,206.7016,207.1361,-70.4555,123.9969,86.8189,118.5675,153.5162,103.8149,181.0822,296.6228,206.8829
-144.8622,17.4385,-24.1812,261.7090,93.5870,408.7844,86.0090,201.0962,148.4927,205.5879,-3.0867,113.3614,126.5018,42.5204,109.6247,34.5147,223.0876,245.1764,123.1594
-56.4335,75.9459,-4.3826,261.1428,132.6145,202.0709,25.7905,62.4653,117.0749,206.4410,30.2428,102.4889,101.1852,8.6235,84.4962,-20.3346,252.5416,211.0204,60.0706
42.8807,65.8817,-7.6747,240.0075,141.7811,-4.4775,17.1115,-83.7352,166.9095,129.8109,16.5160,93.3423,33.1081,-37.8098,101.6095,-18.3035,248.6633,123.3651,-11.3495
82.9081,88.2466,-25.8001,203.5594,86.8324,-201.2168,-1.5123,-195.0578,154.6349,-13.4180,34.7931,88.7316,25.4773,-84.0166,93.1701,-5.1825,176.4278,-23.0070,-73.3013
53.8103,166.6928,-55.9380,94.1399,25.7123,-350.3345,16.8875,-219.4686,38.1274,-70.2227,93.5848,92.7387,86.5230,-87.3482,38.6475,-38.4462,33.2121,-143.9212,-90.8864
-10.1051,149.6815,-110.9019,-49.6247,-20.4255,-436.8437,63.5526,-203.6796,-54.8635,-69.0438,81.2527,98.1094,99.8066,-85.8337,0.8619,-109.2151,-87.6947,-219.3209,-130.8839
-29.5726,93.3206,-173.1763,-81.1768,-118.5865,-529.9265,8.9035,-280.7487,-111.3447,-157.5369,-20.7204,99.9598,28.6237,-133.6202,-5.5727,-157.3752,-100.6249,-277.5471,-273.6761
34.9740,144.7400,-193.8396,6.4913,-252.3864,-669.4351,-160.6036,-447.6320,-206.8657,-273.0128,-87.4189,77.9774,-38.4126,-186.7967,-21.4666,-164.5243,-54.7814,-298.2484,-447.6308
108.4351,170.7824,-159.9592,41.9356,-312.2786,-757.0720,-301.5233,-548.2198,-281.4441,-313.2228,-72.5569,24.3514,-66.1202,-179.6381,-34.2695,-189.7345,-50.6721,-274.4196,-513.1226
106.4258,57.8944,-121.7389,-44.5016,-288.7668,-668.3239,-324.7444,-495.1783,-264.7412,-321.4944,-58.3049,-8.6335,-98.1619,-121.4433,-23.3053,-228.3766,-101.2771,-238.1983,-425.3730
33.6280,-37.2407,-138.4321,-143.6608,-267.3729,-415.8087,-257.4709,-311.5503,-206.4032,-261.2733,-87.5531,-3.1413,-136.8223,-48.3836,-28.1072,-176.5986,-162.5159,-191.8954,-229.1993
-69.3232,-76.4991,-214.0609,-193.7900,-273.3006,-119.1766,-162.1562,-43.7919,-120.2383,-47.2810,-142.1982,-24.6056,-167.8710,26.0020,-52.0027,-52.1439,-212.7333,-141.0777,-6.1099
-169.6055,-181.2070,-290.8459,-228.2144,-272.4856,145.9724,-84.1329,228.1762,10.1409,205.6320,-219.2108,-76.3861,-210.2151,102.1373,-39.5702,13.2982,-239.4591,-106.5803,164.1402
-236.9416,-250.6459,-310.6753,-231.5016,-238.2618,373.3669,-21.8617,415.1051,100.6741,314.1889,-280.2540,-96.6699,-237.1512,171.8038,4.4627,41.6117,-222.0587,-49.1615,257.7626
-257.7339,-154.1305,-269.5371,-179.8285,-155.4049,511.0728,28.0684,475.5819,86.6299,244.6282,-246.5562,-111.0896,-203.0104,190.7846,25.4151,120.4304,-163.2016,54.9292,272.2948
-224.5039,-57.4769,-197.9415,-128.0889,-54.5615,470.7371,8.4362,393.6205,7.0679,91.4084,-144.8008,-150.9258,-166.9706,127.5891,13.8929,164.2288,-95.9218,122.1919,179.8868
-130.8461,-84.6859,-127.7329,-99.1707,-10.7365,286.2520,-101.4759,200.7471,-91.8673,-13.3095,-99.7537,-136.8530,-201.3708,22.5593,-12.1708,94.7937,-44.0618,103.7182,16.6217
-13.1353,-78.7366,-88.6641,-44.4955,-36.2562,93.9640,-203.5613,4.4324,-135.8599,-50.9042,-124.9944,-51.0240,-245.9405,-86.5548,-44.8702,0.1874,0.7533,67.9204,-109.1624
61.0672,41.0426,-82.5143,26.8992,-68.8087,-48.9786,-226.2467,-119.6060,-70.2716,-120.7330,-110.5119,-2.8819,-228.5457,-181.8669,-80.3830,-65.3853,48.0366,59.8298,-177.5193
59.9997,138.9282,-70.0562,66.4332,-80.4447,-155.1702,-224.3921,-194.1735,-34.9245,-205.1478,-36.5994,-17.9911,-186.6048,-188.0807,-123.2971,-122.7248,86.1496,56.1312,-255.1783
17.9582,148.4346,-31.1765,98.2212,-90.1413,-209.8010,-255.1516,-282.9116,-162.0388,-252.5313,6.8848,-13.0439,-160.5511,-110.1044,-159.2110,-160.4947,118.3579,46.6903,-345.5493
25.5411,150.9517,6.9996,161.8940,-112.1228,-235.6825,-306.8690,-438.2756,-291.4669,-385.6428,0.1612,38.6295,-148.1684,-119.4915,-157.1146,-221.4167,168.5073,32.4783,-416.2308
135.9674,198.2972,26.6076,232.1252,-160.2339,-285.8191,-365.1130,-621.6505,-268.5280,-597.8943,-2.6465,99.4626,-165.8490,-240.8249,-149.3596,-345.2882,215.6692,12.6352,-482.4081
237.4696,223.1243,34.3229,255.7537,-220.3310,-318.0923,-424.5203,-703.8121,-248.4126,-669.0209,5.8980,119.4522,-189.8295,-276.5019,-191.2619,-408.4746,200.3452,1.2889,-541.6729
173.5129,125.9233,35.6857,194.3219,-224.7795,-278.9030,-465.7846,-669.0157,-381.3404,-631.2203,19.7703,64.7035,-144.7893,-211.0371,-236.8945,-346.0797,124.9749,0.5538,-550.8655
8.7604,-38.4398,50.5893,79.2437,-151.3855,-216.4747,-475.4138,-628.5863,-534.9167,-637.0001,63.3472,1.7384,-53.3497,-208.0136,-213.4500,-302.2712,57.5559,16.5357,-500.2573
-60.8388,-80.5165,89.4423,23.2187,-68.5587,-143.2784,-444.1486,-570.8080,-523.9888,-539.1876,101.4765,14.5557,-15.8283,-222.2966,-147.7871,-326.0483,31.8440,80.6025,-404.0821
-30.0071,3.6716,107.6461,57.6863,-5.4837,-0.0936,-358.4590,-408.5236,-365.0338,-294.5498,64.6654,21.7182,-28.3434,-127.6105,-94.1071,-305.4862,26.6542,174.5832,-260.9505
-52.8396,-5.4908,76.6718,72.0933,87.6177,179.6668,-221.4734,-193.9946,-225.4722,-154.2651,-7.9357,-68.5295,-15.6385,-24.8220,-63.3239,-221.5495,16.3944,240.9258,-82.9379
-160.1979,-155.7277,38.9698,24.0417,211.0823,308.8087,-46.9189,5.0138,-189.9486,-90.3644,-27.6681,-152.9281,25.1806,-36.6033,-52.7039,-107.0056,-7.7561,274.9740,97.9147
-240.0049,-261.7291,15.7981,-6.0216,296.3292,374.5757,141.7180,203.7262,-141.9942,83.0132,-15.3478,-152.1380,55.3448,-95.0089,-32.6257,31.8602,-28.2741,273.3281,248.2499
-238.1091,-275.3457,-17.4872,2.0034,310.7480,378.0103,278.1071,349.5449,-2.9374,206.2191,-43.0555,-161.1295,52.2059,-99.3161,14.1681,97.0029,-14.6536,212.4077,327.7805
-211.4079,-308.1549,-46.0152,11.7597,269.8694,320.2689,301.0434,379.3273,76.1951,168.3761,-102.5028,-204.7996,-6.8695,-44.6047,25.6040,33.5380,23.3641,152.2622,314.1473
-200.3969,-345.5829,-51.4810,28.2477,192.3005,250.3313,242.4313,329.2375,3.1396,134.4638,-138.7751,-186.7760,-104.0868,-16.0550,-22.3063,-43.9407,41.8010,146.3037,231.6649
-173.8244,-298.0613,-64.2265,36.1381,108.5336,184.6132,178.5375,205.6858,-67.1722,88.2507,-130.0832,-103.4751,-169.9353,-85.7005,-53.3241,-101.6135,33.7380,126.9181,130.1207
-136.1490,-213.8634,-72.1679,19.2421,50.7565,129.8769,128.4440,31.8663,-49.2334,-37.4506,-100.6558,-16.6085,-181.2936,-144.6509,-64.2326,-197.9263,26.3115,84.2731,55.5390
-156.5926,-196.1358,-42.1407,24.5554,10.6354,158.0425,70.1865,-57.8391,-56.6184,-107.7853,-99.5608,47.6860,-181.6920,-69.6744,-123.2975,-237.4630,15.1272,95.0392,17.0118
-219.6917,-242.6135,-39.5888,32.1458,-33.6559,235.6075,10.1352,-65.1574,-116.8553,-143.1338,-126.0630,35.4744,-191.7249,0.5292,-182.9876,-137.8416,-23.5360,103.3842,-9.4121
-233.0043,-296.5118,-99.7738,-30.9983,-62.4982,221.1782,-13.0727,-113.2193,-129.3923,-190.0292,-103.4403,-57.7943,-184.9013,-51.2511,-171.9653,-16.8311,-71.8397,37.8026,-9.3505
-221.4784,-351.1257,-109.1554,-92.3355,-50.5346,158.6333,3.2056,-122.5380,-99.5943,-72.3379,-19.3267,-108.0326,-141.6331,-67.2671,-154.3883,30.7113,-93.4359,-9.0599,35.2065
-257.7030,-418.2274,-45.2885,-70.5131,-30.1270,172.4361,-8.4380,-10.3089,-119.0556,89.1669,13.7606,-83.1126,-87.8756,11.3099,-174.6157,12.7014,-109.0106,-10.6369,53.6944
-271.5670,-432.1784,-61.6121,-55.6845,-40.7161,197.6220,-63.1231,96.2282,-138.4352,98.1567,-48.4725,-95.1653,-69.3448,57.0467,-158.6862,-35.5464,-164.9334,-36.0276,31.1370
-224.2449,-321.2022,-150.5703,-68.6068,-36.6904,210.3582,-38.5345,221.7293,-4.1259,324.6872,-86.3465,-139.8096,-80.1283,104.1998,-78.8216,-2.0606,-220.3439,-11.2022,101.7568
-249.8447,-214.5623,-111.5221,-25.9825,42.4541,292.0583,105.1421,437.0988,187.4780,706.6087,-26.4707,-148.9507,-91.6238,159.6129,-5.2585,107.0482,-196.2017,63.0391,249.4895
-361.6109,-322.7587,36.5793,-34.2780,123.9611,291.0734,173.8764,444.7943,76.1973,377.4074,26.3640,-202.6170,-154.0294,26.0677,-2.1391,79.6206,-148.5788,-16.3677,245.0643
-368.8517,-521.1675,52.9424,-181.4557,82.1804,84.9802,53.6425,151.6192,-351.1005,-439.2577,-28.0719,-317.7240,-299.8438,-198.2717,-80.8061,-38.2225,-202.7129,-171.6525,81.9561
-245.3436,-471.5858,-88.3099,-254.8418,-42.4197,-42.6687,-82.5554,30.1752,-623.3863,-541.2543,-124.6266,-340.2043,-398.7812,-185.4641,-181.5101,9.0688,-321.6972,-113.0531,-12.6167
-166.8816,-217.9989,-181.0232,-174.0675,-97.6627,41.5894,-108.7738,167.7209,-582.0750,-167.8758,-150.0653,-287.2993,-346.0922,-67.5765,-220.7380,78.0145,-363.5751,25.8097,-30.2105
-156.0717,-102.1546,-149.0322,-167.1040,-62.6752,57.4410,-116.6992,107.5545,-531.0104,-309.5077,-100.6394,-316.8530,-254.1312,-139.8159,-199.5348,-30.4231,-307.1601,-7.9278,-84.0724
-83.1478,-141.0148,-79.0177,-224.2098,-33.3385,11.5705,-124.1176,-86.9139,-461.8710,-487.2216,-38.2486,-346.4753,-229.1391,-218.8878,-157.5102,-41.8339,-220.6071,-7.7784,-75.9306
46.8501,-109.1096,-25.4305,-130.3985,-36.0005,157.9886,-60.0439,-39.9813,-212.8281,-109.6235,2.1344,-251.1083,-205.5906,-136.0825,-100.8228,83.1098,-143.9086,146.2860,23.9353
118.2875,-49.8004,-13.4175,-21.7578,-26.9398,287.7965,-10.9964,-2.2038,-109.6226,31.1842,3.8353,-211.9001,-142.4639,-157.6964,-89.6175,-91.7127,-113.1806,138.1791,13.2856
136.5558,-112.4793,-41.0597,-120.1240,20.9080,133.6520,-49.4178,-260.5811,-289.0996,-379.1520,-4.6039,-356.5955,-72.0437,-377.1898,-177.3206,-460.5572,-109.4193,-56.8033,-91.5707
213.0995,-176.5701,-2.1842,-236.0375,107.9681,-24.1656,-43.4213,-470.5236,-247.9156,-539.5516,69.2709,-457.3291,33.4593,-522.7769,-244.8542,-491.3193,-37.6234,-100.1200,-60.9603
331.0353,-135.7636,143.6974,-191.7337,180.8595,-1.7440,35.6800,-446.1255,41.1506,-399.8824,205.6415,-386.1496,153.6914,-512.5235,-189.3079,-337.9085,57.4465,-46.5867,38.0242
315.9342,-188.2476,219.3527,-205.0220,162.8573,-77.9178,22.3118,-475.0359,-13.1787,-526.3422,222.0444,-353.8288,166.9899,-490.2109,-136.8909,-443.8957,14.9791,-174.7277,15.9636
134.1132,-439.8529,138.1049,-402.2459,95.5411,-285.7850,-59.6092,-564.1331,-288.5274,-716.8087,101.9806,-425.9090,98.1523,-472.8517,-186.9569,-623.0195,-83.3400,-356.6132,19.2174
2.8685,-618.6069,122.7864,-537.9035,112.5424,-342.1181,-3.5810,-470.4435,-170.2446,-639.2036,87.4624,-376.3102,117.4955,-403.3763,-202.7993,-587.5637,2.4335,-367.3275,213.7675
43.4791,-518.2972,313.9037,-448.5291,227.5277,-262.6144,185.6673,-272.5628,178.8657,-522.0171,245.9404,-170.5661,234.1814,-296.4907,-60.8908,-475.2668,217.2867,-303.7616,419.7767
110.2876,-337.9004,491.8396,-286.1024,306.7524,-219.8913,317.0526,-148.1694,293.2012,-431.9004,349.0399,-13.8942,300.5412,-188.5159,145.5159,-374.0513,310.0298,-282.5630,458.4370
104.2920,-323.1126,461.8428,-208.8265,272.8586,-176.5968,315.0828,-63.6310,304.5969,-243.6483,312.5990,81.8343,269.5615,-120.4584,255.1198,-234.1240,262.7944,-257.7410,408.8665
91.7608,-431.6745,339.7573,-205.8203,210.1208,-129.7097,252.3942,-0.7904,365.8843,-116.4296,277.4705,221.0237,216.6920,-119.0476,241.3176,-150.7200,205.6214,-218.4421,366.7769
63.4026,-523.8613,254.0951,-238.1189,219.2900,-166.1926,224.0526,4.5640,296.1746,-106.2121,247.8763,296.6772,194.5833,-143.9445,212.0587,-121.9073,132.4047,-187.5976,332.1339
-37.8074,-576.5162,151.3532,-295.9363,247.6262,-195.7932,256.9856,12.9779,174.2866,-27.3825,150.7868,236.8979,189.4899,-136.0384,231.4203,9.2445,8.7674,-140.7572,312.3804
-132.8832,-622.1059,13.9115,-320.1363,194.1959,-119.3044,285.5739,61.1613,254.7298,115.3962,113.9645,227.5930,185.8025,-83.6278,248.7294,194.7980,-89.4635,-75.5045,304.3508
-157.9677,-673.5914,-77.2341,-257.6458,121.7682,-41.3389,271.2634,92.7895,414.2523,235.3782,231.6793,337.9355,223.6703,-9.1274,256.2401,287.1358,-114.1761,-12.7699,267.6872
-189.5599,-722.9058,-122.2606,-184.8975,128.6444,-32.5551,255.7479,73.8719,375.3106,330.0680,315.1771,385.6831,311.2236,89.5147,290.8026,311.2862,-123.2069,34.8604,187.3939
-263.2438,-752.9728,-182.7381,-197.1976,105.3703,-29.1465,212.8416,6.0133,175.4950,298.5763,191.9942,295.1804,318.3350,240.9430,262.9282,311.7333,-168.3091,40.6384,83.8923
-331.4948,-778.2911,-256.6718,-228.8315,-81.4125,-24.2271,68.5589,-89.9347,65.5580,129.2561,-100.2671,114.3052,138.2950,332.7801,106.4463,273.3372,-225.4590,12.1512,-28.3926
-395.2327,-834.3622,-340.1698,-193.1113,-327.9497,-61.8182,-122.6845,-183.0206,83.6594,-0.0704,-513.0175,-187.3578,-133.4565,128.8678,-38.1072,218.5969,-246.8180,-7.1027,-164.9347
-463.7549,-901.1501,-463.3007,-160.1395,-474.4407,-124.3125,-282.9112,-289.9625,-55.6694,-86.7714,-926.9807,-555.6010,-361.1808,-252.1911,-106.5118,145.5593,-235.0181,-19.0763,-336.8694
-516.6555,-902.6956,-585.5212,-165.4551,-502.2737,-159.4757,-455.0803,-382.9752,-434.7081,-196.3995,-1032.1960,-810.7310,-521.2107,-308.5315,-240.6450,65.7219,-242.0087,-14.3231,-485.4330
-586.6523,-804.6003,-631.7158,-102.0850,-433.0028,-127.2996,-633.0632,-336.7907,-644.8707,-192.0389,-787.3757,-954.5714,-600.7413,4.4383,-435.5645,65.8052,-291.2263,48.2868,-544.5850
-692.1354,-700.8126,-629.5829,3.7064,-317.8144,-53.9094,-710.5735,-178.8029,-519.9680,-89.2747,-664.5527,-1126.9803,-609.6086,116.5378,-523.1356,104.3502,-349.3310,95.6575,-552.3605
-755.4712,-735.2989,-654.5375,-15.4046,-279.7653,-34.2675,-699.0609,-102.3537,-486.2727,-80.6872,-929.0191,-1307.3553,-660.7151,-148.5828,-522.1375,57.9623,-387.4645,33.5882,-560.8612
-742.2851,-854.8331,-696.5708,-114.9078,-335.6909,-69.6587,-703.1152,-105.4970,-698.3975,-84.2900,-1178.7325,-1405.7671,-792.0959,-334.8054,-560.5879,17.4310,-410.3207,-33.0419,-544.2518
-722.7225,-845.9979,-697.4801,-120.4201,-365.4223,-50.4351,-721.9657,-43.7996,-814.2140,-13.6677,-1051.0197,-1434.2467,-875.9802,-263.4590,-616.4987,88.1751,-431.4915,11.1872,-513.4885
-754.0507,-755.2679,-654.3648,-85.1208,-347.5169,20.9519,-708.1833,34.2762,-781.2099,-84.4528,-779.0582,-1379.6910,-852.6301,-206.8232,-619.1426,131.4668,-468.2892,68.6667,-513.3350
-854.4884,-857.4922,-614.3467,-140.8402,-351.7755,46.0152,-665.8944,52.0262,-764.4346,-258.7957,-672.1070,-1214.2307,-794.7868,-240.5334,-555.4239,89.9185,-532.8511,51.3873,-476.9957
-1002.9870,-1099.5052,-604.4417,-229.1839,-362.7669,40.5422,-584.3643,117.3598,-654.5403,-192.2490,-657.9859,-1056.0253,-729.2000,-232.1571,-442.2306,106.3566,-609.1191,21.6363,-342.2143
-1097.3420,-1177.6561,-606.9672,-287.3967,-352.1543,59.6945,-465.8379,241.8588,-472.0815,50.3273,-603.5344,-1008.9785,-656.3989,-201.6665,-383.8551,167.8845,-662.3506,3.6198,-209.9193
-1073.5100,-1124.9031,-597.6714,-361.8431,-349.1382,57.8693,-378.3397,259.3134,-459.6177,120.1739,-552.0210,-970.8920,-634.1445,-202.1124,-459.8356,152.6466,-672.7244,-26.9453,-172.0723
-1007.6469,-1141.8618,-577.2818,-419.4345,-344.8226,11.7081,-348.0714,151.3890,-517.9400,7.6192,-520.6511,-835.7246,-662.9488,-196.7964,-543.9814,91.6137,-662.0922,-39.1708,-194.8120
-959.4215,-1142.8668,-558.0092,-402.5168,-334.7196,-21.3074,-348.8909,45.7011,-483.4696,-143.4126,-471.4048,-675.8380,-667.9423,-203.2184,-528.3246,10.5422,-672.4009,-41.8500,-255.0702
-900.5189,-1071.1821,-555.0064,-391.4446,-364.4198,-26.0480,-400.6758,-34.1199,-543.6543,-323.4336,-456.0911,-572.2742,-644.3188,-248.0813,-523.7283,-127.0522,-694.8160,-73.9813,-338.4181
-851.6368,-1114.0284,-580.6164,-438.5834,-390.4052,-33.3961,-489.3248,-120.6328,-688.0869,-449.5371,-509.4720,-487.6530,-640.5405,-279.3967,-593.3466,-215.6752,-678.4362,-88.2822,-370.1598
-843.0431,-1235.8241,-611.5079,-465.8342,-341.4634,-58.5888,-532.6790,-198.6988,-659.5562,-442.2450,-548.6968,-393.7690,-657.9624,-288.4517,-632.8123,-166.0284,-627.1656,-85.1847,-349.0671
-806.5981,-1195.3707,-615.9016,-451.8960,-323.7324,-118.4659,-562.6482,-269.8993,-597.7886,-430.8614,-554.9394,-331.5113,-690.5162,-310.2965,-612.1461,-102.4690,-581.1454,-166.8324,-363.8139
-714.2146,-1057.9551,-623.0728,-441.0355,-440.7649,-191.4498,-668.3291,-321.7260,-696.9484,-464.6190,-628.2936,-307.7084,-740.2296,-306.7495,-585.1017,-100.5843,-524.1328,-289.0509,-396.0778
-646.0454,-1004.1814,-666.7841,-405.2367,-551.9071,-193.6225,-740.8553,-283.1405,-693.5154,-383.6754,-766.3226,-288.7225,-753.0594,-245.9166,-534.4819,-64.4451,-444.9603,-294.3026,-349.6406
-624.4796,-930.3315,-695.9193,-337.3191,-510.0725,-106.6867,-631.4019,-149.6906,-483.6505,-188.3824,-823.6407,-276.1135,-673.2618,-180.4897,-451.0472,19.8437,-406.5604,-212.7810,-244.3513
-603.1439,-765.6913,-650.5776,-313.3341,-388.8719,-12.9314,-451.7487,-17.5209,-373.6003,-91.5139,-720.4130,-264.9085,-537.8915,-138.7596,-386.4260,51.3310,-431.4853,-167.6703,-170.8107
-584.5092,-674.9861,-546.2064,-324.9330,-286.0271,44.9904,-371.6859,48.8731,-421.0472,-156.2613,-513.0726,-212.5621,-420.4716,-97.8942,-341.8751,-2.7235,-448.5381,-126.4521,-148.6263
-558.2696,-679.4532,-411.9853,-277.5718,-197.3604,85.9914,-339.7329,51.7313,-433.4142,-234.2618,-304.1273,-131.8033,-336.0395,-80.6172,-271.2624,-86.5841,-410.5753,-42.5000,-147.0197
-468.6746,-636.1289,-264.8963,-183.9198,-135.4505,99.9969,-263.1552,9.5327,-398.5930,-225.8086,-195.0979,-84.4881,-259.4436,-125.2468,-163.1434,-117.5971,-337.3630,14.6264,-140.2356
-348.3985,-568.1154,-161.4989,-136.5485,-115.7859,80.7317,-185.1436,-39.5004,-329.6331,-176.0816,-229.0888,-74.0831,-191.3508,-184.4762,-59.8551,-58.1358,-269.2916,34.5717,-113.7433
-287.4711,-544.1195,-148.5206,-134.6716,-89.3558,76.0538,-142.5702,-50.5862,-211.2728,-140.8444,-315.3501,-75.8769,-159.0349,-179.7376,-43.3686,14.9965,-249.6875,86.3930,-73.5172
-273.0010,-489.0856,-184.8389,-116.3840,-40.3555,108.5643,-99.1152,-16.5500,-181.0543,-109.1900,-319.3690,-92.5884,-156.3699,-132.2571,-124.1711,15.1156,-265.9807,151.8936,-21.5111
-249.3270,-405.3849,-195.7411,-82.0970,-11.9708,146.7773,-35.7852,44.0114,-234.6186,-82.6849,-236.4380,-93.1093,-132.9552,-115.7552,-164.5259,-32.1415,-234.3957,184.7688,64.1860
-233.1724,-394.5827,-154.6926,-57.6430,3.9714,192.4500,45.2072,113.9116,-147.5904,-90.6528,-166.1904,-41.9168,-68.1888,-105.9122,-79.2967,-76.0580,-137.4146,228.0358,168.6555
-217.3111,-374.6982,-83.9100,-19.2416,47.6190,264.4435,122.4240,164.6411,31.5515,-99.5373,-143.3539,13.1590,3.6185,-44.6483,15.4932,-107.7546,-48.6945,296.3168,223.2002
-125.2218,-192.6974,-20.9206,56.3844,101.6195,300.0442,133.8810,161.5587,62.3179,-72.8514,-112.8642,34.6106,56.0805,5.3980,19.1528,-114.8047,24.3267,312.2565,204.6284
25.3823,45.4547,20.4191,138.0972,136.0551,233.7994,78.4107,112.2164,10.3453,-72.7665,-50.8569,67.9250,86.4885,-17.2097,-7.6487,-109.2021,130.2635,264.2260,176.3981
99.8280,119.6987,66.6497,189.2561,166.8604,142.7639,51.8280,78.4501,41.5998,-119.0995,9.8851,117.7830,95.4071,-28.0274,-6.3034,-123.0375,240.7895,239.1498,196.6653
67.0764,43.6996,142.3656,207.8336,209.9774,135.6631,83.3261,102.2282,73.4244,-112.7906,64.6712,125.1585,109.2239,22.0221,-1.3035,-132.5737,306.1014,250.7362,247.0238
51.0827,3.8196,225.6252,201.4452,243.9597,166.4554,99.8996,143.0166,30.4565,-38.5921,130.0552,91.8642,149.8841,45.6856,-17.5909,-117.2578,334.6575,215.6864,271.9235
113.4928,69.7580,267.5488,183.6120,245.7165,135.0651,95.0523,137.8586,13.7825,16.6265,178.5552,66.3038,181.5773,23.4253,-58.3726,-104.5484,332.3147,115.4122,256.6279
183.4136,142.5714,254.4048,176.4079,233.2858,61.5166,139.8407,94.5380,81.8682,65.2732,191.8424,58.9798,187.7383,27.1105,-98.5333,-67.7259,308.1548,24.3252,241.6879
220.3726,131.7291,242.3011,172.0524,247.2635,14.0607,234.2920,71.3075,174.1513,142.2470,215.3255,69.3979,219.0833,52.4525,-82.8348,29.0595,307.5285,-17.8908,258.0068
252.3917,68.1824,291.6540,142.6031,287.0606,1.0567,311.3241,90.8932,209.0953,152.1814,265.5993,101.2579,275.9716,71.2742,-8.0456,105.5747,316.7982,-41.4080,276.3550
271.8489,30.6449,361.6796,91.0017,303.2652,1.1227,339.3629,110.3522,167.2086,54.1056,289.9761,123.7116,291.2209,93.3956,58.0048,87.6523,265.6206,-80.3808,245.9277
258.6721,37.7179,357.9329,26.5120,263.7698,-26.1736,322.5999,74.5554,143.4423,-17.2411,275.0159,105.4714,263.4778,71.9666,68.6671,26.8911,170.2163,-145.5574,164.6233
240.3394,59.3807,283.0438,-57.7801,183.4190,-116.1117,278.3599,-3.2266,219.5558,22.2593,259.0892,66.2389,238.8899,-11.2544,42.5352,-8.4001,99.6261,-218.4654,82.7499
224.7782,84.8120,217.2863,-127.1218,96.0713,-210.9198,249.2151,-56.2704,314.3169,98.9486,238.5315,45.7947,209.7328,-50.4318,44.3769,7.7619,48.1071,-259.2056,34.4172
188.4455,127.4640,184.0471,-131.3180,32.5484,-238.4799,253.9386,-80.5502,324.1839,151.8773,199.9609,47.9764,172.1862,-25.2373,113.4479,69.1103,-6.4129,-270.1046,-9.6260
157.5848,175.5597,155.9471,-109.5080,-9.0044,-260.5262,240.1773,-141.7831,257.5357,193.8663,176.5050,36.1785,162.6169,-52.4351,171.5502,97.8755,-37.1498,-300.4791,-93.5929
171.3270,180.2352,125.6502,-132.6612,-69.5371,-351.1162,160.8920,-246.7471,145.5631,217.6873,170.3136,-1.6252,164.4728,-123.1452,129.4725,55.3910,-42.4165,-352.1853,-206.0011
204.4816,127.3078,98.3298,-174.8911,-153.6418,-449.7556,56.6616,-337.9954,51.1992,194.3777,147.2841,-12.7675,129.3086,-126.7455,64.2660,41.7255,-51.2967,-381.3909,-304.5502
215.2117,88.3309,94.2008,-170.7691,-207.2515,-499.5661,-5.4659,-401.3953,89.9065,136.6405,146.1299,34.1357,81.0033,-87.8581,77.5486,86.2094,-58.6521,-388.4613,-376.3839
194.2154,130.0092,146.0782,-122.0117,-216.9602,-528.6252,-20.9311,-442.5957,224.0967,86.2778,229.8521,86.0815,73.0940,-73.1225,114.1369,72.0878,-47.7917,-385.5683,-419.4597
154.2768,208.9634,224.1207,-64.5852,-221.7434,-523.5832,-15.3317,-426.7957,255.4692,61.0776,344.9152,101.9411,103.5225,-39.8222,122.7999,3.5173,-23.1719,-340.3613,-417.0522
136.9236,243.0272,254.0474,-19.7969,-207.1993,-447.8425,14.3070,-356.1860,148.8210,49.6770,385.9195,115.6265,138.2521,32.1770,142.5677,-0.6694,12.0742,-254.6476,-372.8756
176.1642,237.3094,243.2503,3.8104,-119.9958,-342.6846,70.8271,-300.0769,70.4650,49.6813,353.3811,154.5615,160.4294,79.3273,145.7515,41.6535,57.7152,-181.7181,-310.8711
238.1581,258.7161,259.8900,21.6412,22.6325,-241.4557,128.8186,-279.0671,81.4490,88.3165,331.9683,195.1863,190.5193,83.5365,103.2646,74.6674,111.4159,-119.9068,-233.1677
270.6927,327.9576,313.8594,51.9491,151.0782,-116.2030,173.7861,-231.5651,99.4877,187.6051,365.6487,209.1914,260.9562,95.4687,111.8393,143.5019,167.0669,-31.3580,-136.8508
266.8158,381.7246,375.1879,74.7188,237.8017,21.4520,218.1462,-124.7587,128.2472,302.7957,419.6462,194.5316,339.4464,148.5263,194.4601,201.9358,192.3449,57.0249,-42.4156
243.4136,346.1479,432.8770,64.8301,299.3256,114.9473,271.0169,-10.1818,228.4919,343.5332,439.5680,180.6343,356.5150,206.7304,229.8964,139.5136,169.6375,92.9895,36.2508
233.8671,253.0258,467.1992,28.4692,337.2057,129.8369,332.1302,50.8927,316.0579,305.7479,417.0261,190.4157,333.3135,192.2619,208.8573,61.8218,148.3441,66.3292,96.1983
257.2834,206.8030,448.0432,-17.6520,319.2794,55.2759,388.5486,59.1224,291.6109,291.1100,374.7246,183.9459,336.2959,109.2870,233.7386,132.0941,157.3406,-14.4572,114.8655
260.1586,221.1187,374.8582,-40.3240,226.3822,-69.2005,402.3645,35.1501,284.3985,318.9577,317.5426,132.5949,334.3513,57.9613,293.1474,246.1913,151.2121,-120.7740,76.5844
217.6862,246.6200,280.6603,-3.4328,95.8437,-174.2749,346.9596,-38.8355,399.7348,285.9745,262.3192,111.0584,271.3364,43.0844,305.6237,237.6597,126.7618,-207.5684,-3.3950
220.1070,314.3814,222.3234,53.1529,-27.2934,-277.4907,237.8839,-156.2108,412.6565,185.9610,255.5309,162.3117,188.1312,-29.9835,258.6395,170.0376,131.6584,-278.1006,-108.0258
289.8318,426.0306,233.6711,52.9074,-145.9750,-418.2923,106.8199,-242.1572,185.4999,128.1456,282.4880,186.3590,131.1241,-121.9285,191.5051,148.9940,133.3237,-351.6071,-206.4619
306.3966,458.1953,257.5906,17.1761,-258.0931,-510.8729,-1.8044,-268.5844,31.9132,124.2002,261.4291,129.8107,68.9832,-106.8428,160.4870,130.6917,74.1440,-384.3277,-252.9062
244.3558,394.8866,219.5399,7.4932,-323.5991,-490.2553,-41.3823,-290.3134,138.7346,121.6094,188.4660,88.4046,-15.1699,-24.3973,169.5310,90.7244,3.6950,-352.1021,-267.6821
213.2126,373.1363,151.8185,-15.6457,-328.8916,-442.7536,-33.6988,-306.4204,188.7964,135.6532,146.1800,100.3782,-67.2777,-2.6829,131.0273,105.4908,-14.5631,-311.0886,-307.7309
235.0056,395.5632,114.2718,-89.3300,-282.0477,-390.2885,-31.8915,-259.1694,23.4330,138.0064,149.7115,103.8748,-32.9673,-26.6687,35.2869,163.9317,-3.5604,-265.9329,-324.4471
253.6643,380.5428,84.6472,-111.3508,-157.9051,-224.7925,1.1337,-164.3993,-50.5513,66.0209,144.9171,125.0648,70.1409,6.5407,-0.2396,141.7274,20.3611,-147.8341,-232.5602
263.2530,408.9592,57.7820,-2.6827,34.4196,30.5769,104.2404,-68.3613,87.0502,14.7945,130.2934,211.9374,157.8792,111.5109,34.6878,32.2722,76.0172,20.8239,-97.3684
252.2706,520.1911,101.4848,132.1293,204.2872,215.7598,180.8126,31.5680,172.6098,84.0565,136.7638,272.6421,177.0625,203.4851,46.4920,-11.8620,132.4617,139.2545,-40.2153
209.1080,545.8691,215.5784,170.8595,295.9206,282.6616,168.0278,108.4274,95.6858,149.4253,144.2519,240.4286,170.3270,209.6890,64.2571,67.0543,141.0532,191.1803,-38.1294
193.1910,443.1379,293.3956,137.1273,334.7009,285.0122,169.1041,116.2016,25.4942,111.5338,118.5000,197.1904,175.1846,162.3256,144.6994,139.6447,113.7179,212.8578,-2.7249
215.0444,372.8134,269.8835,88.2914,324.8874,237.7071,222.7873,98.0191,92.8975,84.4490,73.9813,174.4061,150.1378,140.5944,207.0324,113.7415,88.1683,179.9353,62.4224
204.3158,349.7510,190.2510,22.9196,243.1662,151.1170,207.5779,100.3063,252.2692,108.8757,46.2582,106.1716,82.2957,129.2565,193.6420,52.8876,78.0789,76.9038,97.0079
189.9587,288.2605,133.3082,-31.8158,117.7621,63.0399,96.6622,73.7364,319.3972,69.3924,38.7551,26.2178,26.8205,73.5042,158.0291,26.2861,76.4565,-24.3542,66.4677
249.5774,275.2592,127.8571,-19.8259,6.0509,-6.7939,12.8195,3.2525,192.4181,-12.9028,29.6941,32.8403,1.3214,29.7655,130.6663,11.7740,70.0910,-61.8417,-8.4676
325.1306,373.1589,134.0040,26.5641,-60.7574,-56.4845,3.3421,-46.3947,75.6917,-3.9699,25.4041,94.1320,-14.5487,61.0818,115.8915,-38.3842,70.8225,-74.0483,-57.2995
342.5257,435.4918,110.1912,28.7401,-85.8876,-115.5667,-5.5837,-79.4557,157.1583,57.2804,61.0694,109.8888,-22.6604,85.2095,117.7849,-123.9867,104.3310,-127.1184,-65.1687
337.2913,407.0626,76.6558,3.3773,-122.5308,-232.7207,-88.4184,-152.8990,228.5393,26.3560,118.9158,83.5210,-49.0608,23.0332,67.9705,-167.8011,131.5225,-206.6340,-121.5456
321.4810,429.0350,53.9029,9.7696,-220.4633,-365.8503,-246.7194,-238.0714,93.2997,-79.7113,124.5187,75.3799,-109.7758,-56.9420,-63.4687,-101.4605,79.8915,-247.4226,-236.8110
271.2064,507.0491,5.8368,7.3059,-311.5673,-415.2133,-358.6862,-276.2457,-19.8034,-123.3780,72.7483,68.6826,-120.8864,-83.6829,-139.5975,-13.1662,-26.0197,-250.1158,-268.6643
227.6449,473.4183,-77.4381,-77.3410,-279.0542,-392.6592,-281.4988,-277.7845,105.2126,-76.6895,45.0667,8.4624,-20.6711,-87.4294,-54.6147,-34.9268,-98.8516,-271.5157,-165.6612
208.1380,329.8802,-134.6803,-190.8830,-141.6665,-356.3097,-72.7249,-258.2325,299.1389,-27.3994,70.1456,-63.0707,104.8103,-76.6653,108.0665,-97.1693,-120.8121,-294.4954,-50.1630
176.4430,276.7610,-125.4858,-214.5841,-8.3763,-254.4100,85.5932,-199.3743,359.8342,-4.3054,99.1707,-41.7327,173.0223,2.0052,226.0128,-65.2620,-115.6266,-240.3423,13.0174
170.5878,372.2221,-68.9282,-149.4187,90.6550,-54.8403,140.3601,-117.4269,317.8805,28.7413,115.9680,52.8619,212.1639,126.2929,238.7850,2.4682,-77.4958,-115.7691,64.1594
234.0242,450.3653,14.1144,-94.4527,176.3130,130.7866,125.2349,-65.3011,254.5242,50.8425,143.0007,87.7563,235.1708,179.9930,143.8055,26.0307,-12.5873,3.6867,88.6632
297.7329,430.1638,104.3335,-63.0762,228.9486,218.8177,51.5885,-65.8172,188.6862,39.7792,169.1595,48.6729,213.1580,130.5282,52.3100,78.1341,57.8898,105.7061,52.8882
313.6620,440.6992,162.2400,26.4277,235.8254,254.5928,-4.3144,-95.3543,131.2549,50.2934,172.7267,60.3724,180.8116,95.5029,80.7273,158.7386,141.3649,203.8887,5.6034
319.3679,537.6265,171.8966,173.6192,220.9047,278.6617,31.4720,-109.9529,114.4582,80.4092,172.0593,146.9509,195.5999,153.2313,149.2164,145.0320,221.9214,250.4049,-5.4645
312.4522,579.6639,163.0143,264.4108,194.4753,277.8733,88.4093,-78.5314,191.3934,63.6068,190.9312,191.6855,245.3670,213.4641,133.5604,56.9072,248.2000,220.5151,14.1034
282.9093,522.7041,165.7179,247.0776,165.9251,252.3321,122.0782,-21.0668,344.2554,50.9811,215.1724,145.7534,286.3597,183.0904,112.6232,13.1563,234.6208,172.8173,50.5318
292.0513,515.4109,183.7064,199.6733,153.2951,207.8946,191.1114,-3.6316,410.1594,93.2133,216.4446,83.6843,286.4044,118.7621,183.6310,3.1567,234.8338,144.5362,50.8151
351.6805,587.0864,203.3800,189.5669,123.4156,141.2325,211.7648,-61.3569,277.2510,55.7795,197.0929,59.2665,226.3033,96.6248,230.0876,-16.0072,227.4667,113.4817,-37.1022
385.1226,592.3071,204.4819,189.4929,39.5628,69.3541,49.8223,-135.0329,80.6941,-95.3457,183.4313,41.6105,136.3285,81.4607,140.2224,-7.8396,182.1318,80.2939,-123.5077
357.8717,512.8339,174.0823,158.9938,-39.7272,9.5869,-137.1392,-132.1085,20.5660,-127.5212,171.5053,-4.1638,78.0290,29.3648,28.1860,13.6895,143.9456,57.9827,-83.8767
291.6908,470.0694,112.1632,110.8514,-60.9188,-42.7023,-117.8640,-50.4649,112.0465,34.8066,127.1796,-36.9571,58.5780,-13.4310,28.8884,-8.7998,130.2075,12.5450,18.2422
215.6322,475.4590,26.6467,76.6132,-85.6680,-80.4631,12.5053,27.2915,231.2932,153.9358,57.3453,15.4816,43.2327,15.8605,92.8054,-51.6332,98.2291,-68.0652,53.7218
177.5542,454.9000,-55.6054,68.8382,-142.2632,-82.6158,53.3258,57.5365,270.6021,121.5239,14.0579,127.6562,41.1527,107.5550,127.1744,-71.8692,69.8793,-108.6416,55.6671
182.8511,414.3437,-99.3974,85.6027,-129.7735,-47.3685,35.8000,64.4320,218.9933,92.6803,14.8003,178.6011,95.2677,190.8768,139.5268,-63.8230,100.4953,-50.1511,111.3013
164.6209,393.0013,-114.0146,114.1983,-10.2087,15.8886,66.7691,74.7280,166.9630,143.8177,25.6830,123.9818,200.3365,217.3833,154.5366,-9.9773,146.4750,56.6248,200.6307
118.7211,389.5862,-134.7798,131.7798,116.0675,109.3137,140.3103,115.8798,173.0479,186.2034,19.8186,60.5214,293.2558,224.0284,165.4404,63.8282,146.1324,143.6438,285.9285
126.6664,408.3746,-134.2940,134.1970,204.0078,231.3772,218.7787,211.9017,155.6249,170.8080,4.5679,74.2504,331.6086,255.8028,189.3844,80.0501,143.1065,222.2915,372.2461
203.8081,451.7670,-61.2149,156.5554,286.6865,344.2757,269.6758,317.6543,66.5834,138.0144,7.1613,122.2650,336.7008,254.7661,224.7540,57.2341,184.7488,301.2749,427.0010
288.0017,490.8323,34.5644,219.1729,311.9524,384.7849,251.6187,360.6448,43.2209,121.1576,39.5790,108.6906,327.3368,157.0726,214.8237,79.1300,222.1447,315.8581,409.5484
337.3291,520.2975,59.3877,267.0092,215.1895,338.9899,185.2469,350.0078,164.1160,100.8600,65.6683,23.7367,270.0966,40.6806,163.1381,118.4615,207.9479,243.1779,358.7591
339.8732,553.4453,35.1399,237.7917,85.8443,269.9085,137.4907,323.1224,249.9978,50.9561,50.6593,-40.2260,162.1685,14.1168,148.6581,93.0176,178.5951,171.8148,334.4285
322.3106,551.6685,51.6978,168.1251,47.4707,225.3452,121.7445,266.6652,158.4494,3.9143,29.4539,-15.7203,84.5069,52.8893,170.8169,21.9057,184.4884,162.6099,338.1749
335.0334,486.5882,110.1661,136.9609,92.2401,187.9534,116.4094,203.1590,40.5586,11.7145,43.1550,52.0137,92.5110,81.0370,159.4648,-14.0519,216.3038,168.9255,349.1655
346.3722,426.9929,140.7093,141.6741,161.6248,144.6771,127.0076,196.9914,70.2923,62.5240,61.2142,80.0962,141.5358,78.1720,120.7621,11.2020,225.5426,144.3589,353.3881
282.5555,427.0038,103.9962,123.2913,225.1291,98.4389,152.2311,209.5056,167.0876,109.6350,46.6122,43.3454,170.3009,37.8878,97.9824,45.8157,178.9391,89.2186,326.6968
192.9684,416.2743,6.2833,62.3355,238.5285,29.2232,159.6530,160.4104,179.7577,131.4484,18.5318,-25.8994,167.0847,-15.7556,83.9875,42.4993,87.2015,3.5942,270.9724
177.7155,331.3282,-99.7901,-19.1601,189.8860,-50.0370,144.7026,108.5649,127.1137,126.8863,6.9486,-66.5545,140.3616,-2.5590,83.6197,38.3498,-2.8338,-83.6938,237.9550
209.0075,237.4857,-136.2049,-97.0733,145.3018,-87.5259,148.7816,126.4029,119.8510,108.6213,17.8510,-48.9177,97.2250,65.1220,110.0250,52.7432,-45.1468,-121.4560,246.9694
213.5426,207.0688,-96.6580,-151.7067,136.1248,-95.3610,180.9517,126.2331,187.1181,86.8904,36.0387,-34.3768,48.6412,62.3068,114.1546,7.3607,-37.0829,-125.8392,247.2854
203.6826,205.6870,-55.7763,-166.2818,117.2345,-108.6690,190.1781,58.4539,252.9648,64.8997,33.0889,-78.1233,10.9813,-3.4792,78.0031,-62.3880,-17.1953,-130.8357,219.3868
200.9420,183.7949,-53.1010,-127.2489,83.2007,-90.1920,162.3937,45.9168,241.6517,75.1588,18.3242,-116.0532,7.0749,2.3423,74.3774,15.1737,-2.9665,-105.9545,206.6509
183.9199,156.9218,-68.7358,-46.0103,69.7361,-44.4310,149.3530,110.4463,175.7454,110.6128,37.5523,-91.6678,39.7559,48.3288,118.3091,168.5637,26.0730,-65.1351,199.8342
157.5070,150.1345,-85.7763,13.6293,51.2431,-61.1496,148.6217,89.6699,122.5914,73.2092,75.5658,-72.9863,67.1754,0.5079,133.7746,137.9777,53.3046,-81.5531,134.2458
149.1956,162.8637,-85.0203,-0.6776,-11.6932,-121.5793,100.1678,-31.5352,85.8303,-17.2720,79.4015,-109.9381,54.7894,-82.0347,107.5025,-23.9937,24.7894,-104.9860,35.6489
149.1213,186.2780,-52.7127,-46.0951,-74.1462,-119.6017,30.1269,-76.6309,52.4480,16.2375,73.1059,-156.0374,26.6427,-87.3448,87.5239,-81.5105,-43.0777,-28.6255,3.7581
123.4005,197.3855,-21.9696,-50.8206,-67.0558,-84.4152,13.2315,-4.5259,57.9429,157.6456,95.1020,-191.8530,24.4549,-100.5400,72.1719,-76.3195,-73.3695,85.1081,50.1405
73.6258,181.3932,-7.5260,-10.6759,11.9563,-85.2954,31.0730,79.6493,106.0060,209.2529,112.9932,-228.9160,63.1119,-183.2117,50.4859,-96.7052,-51.8428,136.0611,106.7111
58.1278,168.2763,36.8875,46.7693,122.6395,-60.7474,48.5765,156.4064,152.6494,197.5779,124.0064,-229.6732,136.5598,-201.3871,55.4290,-15.4768,-22.4614,180.6602,140.7320
114.9033,182.2808,110.4905,95.5151,228.9989,-8.2512,101.7458,232.5841,192.9812,263.1644,164.3381,-179.9039,215.4784,-107.2772,97.9908,135.9665,0.9714,250.7811,146.4993
173.6670,192.8538,150.3285,96.5882,296.3649,-56.7517,174.4095,241.2245,223.4969,313.1167,184.4899,-124.6252,254.6258,-35.3448,148.7026,128.6782,25.4942,253.8808,119.2074
155.4140,176.4336,156.2429,66.5628,292.2410,-179.9221,182.2817,188.0520,203.9510,242.0042,138.1337,-69.7309,236.8766,-22.0071,186.8792,3.8951,54.7916,190.5840,85.9497
121.4184,166.4825,178.3770,97.3827,222.0577,-204.8665,134.6164,150.9719,163.2070,151.3338,112.9868,1.8128,186.6561,12.4107,199.9272,-24.5521,110.2188,164.5915,62.8575
157.2509,199.8251,220.6753,210.2635,139.5315,-136.9076,106.9984,109.2010,173.5906,100.4157,168.4424,53.7502,134.9475,41.2458,177.9182,21.0888,195.1094,181.3007,22.9223
208.6951,258.1626,270.8767,312.0022,83.0118,-102.5661,90.1964,25.5425,194.3260,46.1649,226.8138,62.3885,93.4577,-2.0151,134.8891,28.0756,268.6551,190.0696,-22.5502
204.5974,277.6154,322.8129,339.8301,33.7812,-77.5061,36.0386,-29.4061,134.0012,-3.2839,239.8335,57.1752,58.0953,-54.7697,87.2030,14.9413,303.2461,198.8479,-32.1858
178.5524,222.3368,327.8463,313.4859,-20.9254,10.8542,-32.1385,-27.6449,16.7802,-65.2668,230.9237,49.0982,28.1775,-32.6598,32.7549,6.8389,297.8076,202.2385,-37.1796
156.1210,159.9022,252.9677,269.0127,-62.8831,96.1864,-62.1421,-34.9739,-58.9141,-155.9739,188.9709,36.4261,7.9301,32.6064,-12.1895,12.3275,255.0986,169.3378,-81.5177
121.7221,188.5527,157.4788,242.7060,-117.1932,99.5861,-59.5712,-43.9163,-47.8072,-160.7993,126.1869,40.0539,-18.0437,72.8234,-12.6530,54.1054,214.6115,123.2148,-119.2005
109.1046,263.9306,118.8327,254.0174,-209.3752,61.1622,-75.0372,-0.9919,15.8094,-50.7948,114.7626,49.5097,-57.8590,93.3036,25.5621,73.1142,222.7346,104.6074,-98.8834
136.1303,238.0909,151.5533,274.8812,-246.2596,61.3648,-106.4777,61.5326,68.9230,20.3435,155.6271,30.2820,-60.2053,136.8748,59.9245,40.1530,246.9523,122.3153,-44.6790
141.7963,105.4746,215.7559,275.2840,-139.8919,121.4439,-79.2183,98.5163,89.5334,17.6343,185.8353,-1.2995,17.2234,176.3660,81.0307,57.0441,235.2064,152.5112,3.2374
110.2608,24.4284,241.8029,246.5689,6.7405,168.4762,12.7053,104.4898,98.6234,19.1416,192.3823,-20.1432,118.5628,127.1351,117.9688,115.2051,203.1638,115.3923,26.3088
79.0383,42.5898,188.3672,164.6634,55.2322,101.0105,79.8214,55.4731,122.0796,-6.8882,161.3453,-53.9841,174.1940,0.4867,180.1542,86.3947,159.3047,-27.2079,34.2744
1.4532,14.3025,86.1875,38.2031,50.2587,-49.4452,132.3410,-21.2952,211.9433,-53.0748,55.5274,-112.0923,195.3713,-79.7349,251.4349,19.6408,82.6346,-150.1642,79.7458
-168.4674,-120.6533,-22.7851,-45.1204,98.1572,-130.3058,259.7733,-23.0751,374.8558,-28.2182,-71.9950,-143.2250,207.6826,-66.1305,316.9474,17.1647,25.3779,-141.1599,175.6767
-319.1169,-202.8769,-114.2879,-26.1146,187.7471,-90.1357,378.8393,55.2753,447.8990,3.0604,-128.7487,-120.8230,206.6873,-31.6849,341.7374,-7.6780,59.5793,-83.2701,244.7604
-327.0697,-129.7535,-137.6637,47.7055,247.6668,-19.3503,333.1411,119.8489,304.0908,-38.0513,-123.5267,-83.3064,200.9096,-19.3535,284.4122,-87.2341,143.3337,-74.1579,253.9263
-241.1947,-34.3567,-78.5871,102.7903,242.1164,20.5128,193.7539,156.2599,102.4450,-43.3802,-104.0916,-66.9868,188.6889,-18.0121,177.5835,-97.0186,193.2873,-81.5677,260.4814
-174.0089,-38.7979,-14.3756,116.1043,188.8287,35.9152,127.4998,189.3026,31.6769,6.0582,-69.7248,-61.7156,148.1883,-17.8963,101.7902,-59.1251,208.5941,-70.9234,271.6107
-149.8777,-77.6232,22.3566,116.2775,155.2358,45.4712,122.7300,182.2746,47.7186,-26.1432,-18.1027,-41.8342,107.8997,22.7874,70.2781,-98.5888,235.3213,-35.1660,253.2813
-133.2680,-90.2778,100.0467,148.5589,177.4255,89.6351,89.0480,146.3750,72.0619,-118.6167,49.3724,-5.4751,105.4671,125.0846,49.3830,-170.1505,298.6609,45.5839,247.1249
-93.3641,-115.5533,228.5179,209.1008,203.4633,176.6950,16.9987,158.1157,88.3792,-151.7352,136.3095,27.2910,103.0517,202.4440,44.9354,-178.6208,379.9947,112.5631,285.9570
-36.0418,-139.4166,317.2788,246.5965,201.9765,226.2915,-56.3845,200.6181,50.9296,-130.8110,191.5445,38.1836,77.6804,191.7348,61.6967,-131.4404,418.0237,92.0994,299.3309
-16.7516,-116.1656,307.1577,244.1784,212.7796,190.6653,-74.3605,184.5969,22.3351,-86.6915,161.8613,25.6557,75.5162,149.6168,71.0571,-43.5505,386.6952,54.3434,237.9080
-63.7453,-91.1193,214.4212,212.7674,232.8560,120.4624,-18.7003,99.3848,118.6570,-33.4985,94.3941,9.8939,87.2428,106.2533,73.8086,34.7940,334.7223,58.3005,149.7422
-117.7655,-98.9415,96.5122,145.2104,215.1104,39.5695,17.8505,9.7790,201.1378,-14.2898,50.0548,13.8018,56.8123,40.2145,82.3427,7.6785,283.2366,21.8440,83.2415
-134.9083,-101.9891,19.2666,74.1551,177.5621,-61.6204,-14.1719,-25.6915,111.5128,10.0663,19.4137,26.0612,23.2018,6.2568,79.0610,-76.3614,207.8021,-53.0698,44.2389
-162.5969,-119.2521,-13.0746,61.1171,163.2546,-127.7811,-15.7033,-1.3080,19.6784,69.6739,2.5149,15.9083,48.8129,40.4441,80.0387,-89.5353,138.9615,-48.5766,24.4994
-232.2021,-181.3612,-52.9017,77.8638,150.5718,-127.9094,39.0885,19.3867,51.6104,45.5940,5.5051,-10.8251,82.5800,49.9297,113.8763,-66.8311,111.5532,7.4573,-0.1278
-286.1460,-198.6393,-102.4952,64.5878,97.8829,-132.0258,38.5785,-12.3546,69.1813,-53.3652,-15.6725,-16.7441,64.4792,-7.7001,130.9212,-95.1305,83.6735,3.3980,-39.8999
-263.0544,-104.8581,-117.9177,66.6427,4.4571,-168.0468,-21.1915,-52.7767,62.3361,-42.1039,-49.8305,17.6919,30.9153,-46.7419,98.7344,-133.0956,51.9917,-31.7450,-68.3929
-166.9101,14.1772,-92.9586,133.7070,-93.0530,-178.5057,-50.2708,-61.6150,99.4015,20.0774,-12.9016,77.7935,13.5468,-43.9154,79.3866,-126.8275,79.7741,-41.2635,-85.6611
-55.7653,74.8478,-45.2467,201.6799,-150.3533,-147.4363,-76.7598,-69.0785,32.6206,-64.9021,67.9216,115.9927,-17.8611,-52.5455,76.9746,-88.3364,133.8351,-50.0154,-130.1273
-7.0281,79.9974,1.8775,212.7468,-172.0258,-92.0698,-149.3879,-82.7155,-154.9334,-186.1323,78.9764,91.5324,-72.2037,-51.6768,21.7263,-44.8484,123.5816,-44.8553,-192.4479
-33.3748,37.3920,11.7082,191.4196,-195.5806,-11.1327,-188.1469,-81.0158,-221.4542,-169.4507,39.3677,43.2387,-106.0116,-8.0809,-47.9531,-44.2604,80.0775,-8.9203,-213.0932
-49.6243,-33.3346,1.0007,139.4418,-197.1027,46.8259,-141.6318,-94.1207,-182.5160,-130.6960,50.0967,37.1783,-79.5310,26.3376,-43.9858,-94.9699,63.8078,-14.0251,-181.7695
-17.2853,-91.3891,22.0304,26.3397,-137.3468,27.9222,-89.3294,-145.9748,-238.4912,-177.7033,100.3866,44.6922,1.0030,33.7614,9.2574,-133.2938,22.3134,-81.4467,-156.5844
-23.7447,-136.3265,33.6718,-108.2435,-66.4865,-10.5737,-82.4188,-190.3962,-281.0489,-219.8324,124.4170,12.1977,93.5105,79.5510,72.9837,-159.8315,-75.7557,-133.2574,-170.5218
-104.0124,-170.6686,-31.4434,-182.2556,-23.8244,-6.9848,-68.0867,-186.0535,-156.7742,-196.0048,120.5665,-17.0529,170.2845,161.1532,151.6059,-179.9246,-157.4012,-144.4272,-174.1036
-147.8152,-167.6037,-104.0894,-188.2120,54.2463,-3.2195,2.3682,-130.4954,-18.7906,-112.7169,106.9717,-2.6197,236.5874,182.6797,177.8094,-51.4010,-187.8617,-133.4152,-101.4895
-99.0477,-148.3255,-85.6791,-188.6809,193.1466,-20.0218,114.6704,-34.4238,11.1249,4.9090,94.4950,6.2885,287.6789,115.1072,107.1160,227.4910,-192.3528,-83.7421,30.5887
-48.1263,-146.9601,-10.2161,-196.1159,308.0311,-22.6846,220.4305,43.4496,4.2933,46.1678,108.0355,-12.2500,299.0242,41.5595,50.4208,336.7014,-147.2798,-24.1207,131.9414
-32.2839,-117.1466,58.2799,-142.0352,327.2124,-41.5308,254.2310,25.5306,-33.5941,-41.1927,133.0772,-20.2589,258.1890,24.4950,74.8670,147.9322,-30.7091,-17.7512,136.0117
38.7744,-21.6805,128.4760,-13.0368,243.8413,-116.0728,169.2601,-69.8639,-131.5120,-139.0219,116.0530,-22.7412,162.7599,23.2009,84.9109,-32.8959,98.3983,-44.2905,66.9756
188.3751,89.8825,199.8514,88.0853,96.5495,-189.3355,26.1626,-143.4125,-208.2145,-178.8475,67.4486,-42.7886,39.0885,-24.7764,49.9039,-22.1033,191.2720,-62.5847,32.2289
307.3635,171.5127,236.6787,106.2904,-27.2441,-208.3869,-22.5456,-130.4416,-178.5169,-196.3309,50.5935,-51.2358,-31.8168,-95.8101,68.8096,12.5933,261.6202,-90.5900,110.3251
326.8957,212.6664,234.8847,117.1995,-84.9603,-194.3834,56.9058,-44.1886,-34.6709,-162.6007,69.9020,-19.2123,-11.4401,-117.9074,160.4895,-18.7693,300.2818,-121.3934,214.5246
292.6192,202.7448,212.7540,157.6073,-139.9431,-163.3259,98.5038,35.4901,133.5322,-74.0621,80.7361,38.8407,23.9905,-94.3675,234.6594,-19.8904,269.3158,-129.3800,188.9795
254.9448,164.3740,172.8125,154.3265,-223.8359,-116.2917,5.8184,30.8860,159.0666,-37.2473,71.9727,84.3367,17.9662,-89.8066,234.0197,23.7977,185.3006,-151.7786,60.8287
222.1344,138.1473,124.8292,77.3577,-278.3102,-67.2018,-85.1245,-17.9080,28.8426,-63.3464,64.0238,80.5143,18.0269,-91.6429,174.1798,48.1740,104.8625,-203.8138,-0.1574
211.8095,117.9987,103.7490,-18.2868,-274.2563,-11.7884,-61.0739,-1.2972,-55.6757,-46.6591,71.5579,50.7999,45.8441,-26.3186,116.4876,41.5956,45.1688,-221.9454,40.9046
230.7324,81.6375,128.1221,-92.0388,-218.0038,46.0846,-3.2058,80.4914,-5.2359,25.3304,93.9656,61.2722,61.0778,75.5333,108.6390,28.7571,-9.8907,-179.9639,79.9148
232.1568,34.0438,157.4915,-111.8694,-98.4936,83.1780,11.5965,145.5377,72.0473,95.8096,113.2307,104.2361,82.0677,112.4784,117.6308,53.9612,-43.5028,-104.1973,89.9036
189.8929,6.4082,139.2676,-36.5845,43.0454,136.0323,27.3968,200.2463,124.9709,169.6250,113.3268,135.6969,148.8402,108.9910,103.5449,127.5429,-11.1573,5.0167,128.0920
158.3094,54.1227,93.2491,94.2270,125.1847,240.1848,78.8169,296.3657,172.9567,260.9805,102.7744,185.8838,205.6000,164.8688,106.1698,168.0315,74.3378,114.3349,205.9059
173.6310,174.4344,66.4198,173.5584,138.6929,307.4101,132.0442,390.8573,183.3522,337.5343,88.9523,263.2275,191.6021,252.1432,140.5401,154.9261,124.9906,138.4724,277.9027
175.1314,264.9934,36.6226,178.3904,109.9734,266.8817,137.7592,411.3607,146.8395,366.0533,63.1583,303.1108,151.3330,285.1438,138.6683,203.9929,97.6129,84.1940,289.5158
110.5619,288.1765,-12.6207,189.0210,41.3373,206.4625,77.3260,372.5565,120.9067,350.2979,38.2586,316.2083,129.5007,280.1617,82.8257,327.9347,66.5533,50.9697,219.9241
41.4165,310.5151,-15.1591,245.3741,-36.4108,189.8181,-2.5489,311.9679,134.4535,325.4806,38.8424,346.0306,88.2082,257.5658,31.7836,373.7169,98.2550,61.9066,109.0741
60.6536,317.4797,41.6894,288.0895,-102.1227,144.3247,-55.2815,211.4670,135.6871,290.8961,49.0741,326.9566,10.3458,179.6351,6.0676,289.7751,138.6411,52.5571,-3.5299
156.8942,274.9405,64.4533,259.6281,-197.8127,43.8451,-119.7968,71.8075,49.3738,190.0405,44.8802,240.2527,-47.5699,90.1302,-10.8680,185.0070,116.5450,-8.1857,-118.7075
228.4062,292.9136,33.6408,186.8002,-314.1202,-33.5002,-213.9016,-30.9137,-77.3566,50.5839,43.3455,199.0885,-56.6897,73.0698,-26.4206,137.3824,60.2578,-94.7569,-205.0589
224.4425,416.8914,33.1745,131.4981,-366.1859,-45.3191,-261.8293,-42.9522,-103.1302,6.5790,53.2406,219.9701,-56.5280,100.0348,-59.2911,145.7540,30.5580,-152.3087,-214.6238
207.7436,499.1464,73.1659,117.5026,-333.2245,2.8836,-251.6634,-11.1202,-85.6663,64.7315,44.9355,222.0958,-69.7914,134.2862,-103.7103,180.5558,32.6476,-121.7003,-186.7358
233.9636,479.1699,84.1562,132.9197,-248.1015,102.9848,-252.4296,-2.9156,-215.8057,64.2951,12.2937,224.5457,-70.5625,202.6693,-108.6809,200.2940,46.8254,-22.6917,-180.3792
253.7073,442.8670,58.3444,149.2253,-116.0013,197.6458,-238.3496,-18.0858,-375.0884,-34.0874,-15.4353,240.7896,-43.4616,247.8029,-75.0354,204.6790,68.5767,43.7290,-162.7466
219.6159,407.4261,51.8151,143.9644,26.3194,216.7561,-151.7170,-20.7032,-293.2873,-66.5529,-22.9216,205.4536,2.1513,209.2888,-56.1160,217.3629,95.9608,52.4485,-102.1471
180.4672,379.0809,97.2608,150.2915,122.7807,184.1106,-52.2972,3.6766,-69.9181,40.8273,-1.7833,174.0091,62.3083,200.6652,-36.5918,197.8503,121.6912,83.6545,-47.7423
174.0881,400.4050,168.4507,203.0429,191.5679,173.1886,12.6931,39.1005,40.3693,122.8782,49.7519,233.1129,121.2798,274.2253,34.1375,121.2970,131.3692,144.2881,-33.9215
161.9395,376.5678,196.1874,223.8470,249.5604,191.1855,92.5067,50.4453,55.8752,48.7789,86.9759,262.2951,150.5882,261.2006,122.7672,72.9054,109.0834,152.4043,-34.0302
134.5001,233.8685,145.2379,135.4926,254.8812,187.7982,175.4296,23.9704,58.8048,-42.9070,73.0124,166.7227,161.8407,119.3440,161.3418,95.1640,69.4855,123.8334,-25.4739
132.8207,157.3898,66.6555,46.1382,215.3147,140.3958,184.8506,-6.0944,35.8205,6.7869,45.8267,90.5152,173.5449,36.1706,146.0434,94.9825,50.3559,147.6362,-18.3917
154.8063,259.7814,22.3256,83.1953,167.9175,83.1301,134.4984,-12.2618,59.3604,89.4657,37.7443,124.0542,139.1367,54.6222,122.0612,27.0735,56.4415,190.0161,-30.1081
164.2288,338.9367,19.4223,163.5188,83.2727,52.7065,92.8415,-1.0829,158.7492,73.9594,28.8365,168.9868,38.8853,52.2389,129.9073,-19.9050,61.3197,153.5706,-40.5280
145.3710,268.3832,43.9813,159.8540,-37.7927,41.8551,63.0266,42.9455,191.3957,64.7818,34.6512,176.1460,-34.6383,45.8075,153.8494,16.1618,54.2099,63.8683,9.4501
94.1660,183.4203,67.4981,101.2555,-128.2125,51.3822,13.2167,141.0998,132.2929,130.8802,82.0778,160.7801,-29.8396,113.0085,125.8542,85.5753,32.2660,-1.4353,123.1369
38.7956,165.2318,44.7136,44.9223,-190.6106,127.3929,-42.3266,256.4718,119.9717,157.9149,112.0831,93.3930,-26.0936,195.3396,46.7561,117.6875,-12.7753,-36.8724,228.5036
40.4647,161.6523,-14.0235,-16.0000,-236.2187,269.3900,-38.4089,346.1953,177.9927,139.7822,80.9086,9.7375,-45.5911,234.9407,14.4353,104.8881,-56.4359,-28.4869,306.3450
102.0591,164.8507,-37.6399,-55.6895,-159.1438,391.4443,60.3291,406.7944,229.5013,164.0856,55.0493,-1.8518,6.9674,260.5265,53.2897,91.1126,-52.5584,63.3821,386.8109
170.5569,194.1912,-3.0476,-35.3616,69.6923,437.2879,179.1723,416.7012,220.7000,161.2664,65.5774,23.6448,131.2408,264.4414,78.1745,100.0748,-5.1513,182.3577,422.2891
239.1069,238.5499,40.9050,20.6926,264.6721,422.1418,217.2552,360.4314,124.2920,90.0247,55.1419,11.3970,200.4073,223.9494,69.6870,106.9157,39.8270,228.2743,359.4711
315.4379,285.9011,56.1053,79.3894,285.1443,348.3814,184.7089,281.2246,39.2002,72.5543,34.3977,-7.9187,168.4769,177.5211,83.7027,94.9498,63.9590,195.5486,254.1758
354.2454,298.7811,47.1333,115.7287,203.2404,200.7949,134.5910,189.1762,94.0196,93.8008,65.9748,-16.3144,102.2697,140.7002,109.1032,73.3742,70.7308,116.0937,159.7162
337.4564,246.4974,36.4602,83.7468,117.1951,7.8670,54.6895,53.6284,164.5159,29.5363,118.6422,-68.2489,54.1261,80.3133,103.1565,38.9883,48.9833,-3.5861,65.2583
309.7730,182.6453,42.9860,-2.1908,26.7651,-169.8693,-57.9223,-58.4898,87.8064,-42.4817,128.2363,-152.4623,35.3129,0.6891,83.6407,3.9987,4.7368,-110.9233,-0.7067
293.9063,165.6093,65.3838,-53.6717,-81.1312,-283.5450,-149.9204,-63.3119,3.3760,-23.2269,98.6772,-195.8596,24.3991,-70.8847,64.8134,7.9300,-20.4398,-144.4133,-6.9932
290.2278,180.5392,90.7466,-46.1126,-179.2536,-323.9012,-192.1134,-34.2601,55.4748,-2.9100,46.1886,-196.7497,-32.5121,-136.6631,21.8518,30.2994,-11.4504,-134.1894,-8.8150
311.3417,203.1833,122.4587,-27.3683,-226.3338,-330.8681,-194.4446,-58.7449,122.0380,-7.7755,-3.9811,-202.6767,-130.7725,-196.0580,-40.5717,-1.4493,5.4279,-126.0389,-41.6640
330.7242,218.6377,175.4705,-1.2031,-208.2582,-333.0581,-178.6464,-83.6215,100.6217,26.0100,15.0869,-203.0344,-180.3350,-228.5257,-91.6963,-85.0411,35.7448,-102.8130,-61.8534
292.8665,208.3823,238.7839,60.0686,-177.3839,-293.7726,-186.0769,-75.8704,31.3834,32.5547,102.2479,-149.9429,-148.0687,-219.0048,-123.2030,-147.7121,110.4455,-54.7761,-58.6653
199.4417,189.2544,265.0728,150.8806,-195.1390,-179.1520,-216.9734,-84.3159,-54.9176,-7.6606,164.4532,-58.3355,-94.7274,-165.3238,-134.9853,-156.1512,196.7874,5.3512,-56.1492
104.8847,168.8235,229.1243,246.4180,-218.7720,-23.4385,-192.7059,-76.7735,-87.0618,44.3639,174.1830,-2.5303,-37.0361,-83.1608,-118.0167,-126.3312,228.0767,79.8111,-30.7458
57.3199,111.3498,178.4623,304.0946,-153.3433,119.9504,-74.4652,15.9984,5.1201,180.0710,174.5191,-4.5429,65.5903,10.2324,-56.5658,-79.4027,211.0700,136.2873,37.2258
64.0489,43.7855,158.0352,284.4414,-4.7509,224.2851,75.6641,141.9641,111.1252,248.8755,157.5518,-13.1461,197.3704,122.1421,59.2063,-30.0922,193.5245,130.8697,111.5243
73.9059,36.5242,126.1985,227.5171,141.3376,281.6372,197.5708,212.8125,130.5436,243.4063,106.8897,-9.0612,296.9910,235.0406,182.4016,22.1658,172.9568,105.8926,159.5573
47.3422,60.2222,49.5677,204.6839,244.6393,299.1794,277.5315,223.8111,162.1944,206.6020,51.9098,-18.2032,334.8641,279.2333,238.2341,73.4641,135.1938,108.7834,184.3893
28.4892,53.1737,-13.8418,190.8069,296.0248,280.5427,298.3638,203.8377,232.4065,117.5647,-10.4507,-33.2052,300.9308,236.9344,245.4922,93.7168,98.7605,93.4756,197.6198
39.0713,31.4524,-38.5118,120.2085,263.3830,215.7312,249.3612,173.8560,204.2195,39.4305,-96.2878,-38.9898,200.3736,179.7960,270.2823,72.9930,61.5361,46.9634,198.9216
15.6181,-1.5299,-79.0562,19.2585,166.2076,124.9308,173.3107,142.5339,98.5008,30.3871,-160.0179,-54.6816,89.8983,143.7645,275.4649,41.5527,10.9346,38.8164,181.1494
-34.5573,-63.9898,-124.0294,-44.7353,94.3904,55.3973,138.7683,95.7771,94.9044,16.4699,-181.5870,-75.8980,15.6334,95.4096,199.9243,25.7344,-13.3991,61.5000,169.4995
-8.9077,-92.8784,-97.3528,-66.4418,67.9417,9.0802,145.0199,47.5795,200.7585,4.9333,-200.3894,-80.6426,-62.9834,31.7349,95.6030,39.7671,26.4405,40.1131,198.8692
105.6527,-34.6405,0.8824,-67.4013,21.0411,-55.2222,111.1321,20.8822,246.2858,58.2970,-190.4048,-91.5881,-177.2971,-37.9792,22.4393,59.5736,96.1786,-9.7704,205.8780
223.7075,47.5314,110.5901,-45.7049,-42.7458,-150.4860,22.7143,-52.3538,148.3570,30.5938,-109.6570,-121.7447,-253.0340,-163.8451,-37.6564,-5.7364,138.8011,-34.4669,84.9086
285.0627,82.2225,172.6263,-8.1927,-60.3001,-236.8044,-23.4226,-217.1597,-14.6512,-167.3611,-49.0186,-134.2681,-234.0000,-347.0610,-83.5190,-163.6392,127.2754,-49.3438,-111.6582
251.8776,61.9221,123.9206,11.3603,-49.1148,-249.4711,-10.8863,-342.9820,-123.3950,-277.9323,-93.6796,-124.6440,-190.3591,-453.3094,-91.4545,-245.0408,63.6140,-64.2435,-231.2465
126.3407,2.8316,-10.8020,-12.5729,-51.9962,-166.6591,-30.7095,-325.8151,-127.5876,-152.6499,-146.0970,-123.2158,-175.4333,-390.5903,-74.7156,-163.2647,-17.1446,-55.8698,-250.6161
-1.1379,-39.8140,-98.8893,-69.5759,-31.6351,-54.6015,-57.2076,-259.5488,-75.3237,-43.8666,-101.2601,-114.6616,-121.4311,-243.0576,-18.6685,-61.7623,-86.4558,-38.9308,-236.0302
-78.9243,-13.9865,-107.8365,-125.5203,28.8048,24.2614,7.1485,-207.9466,-55.3971,-92.6968,-28.4844,-71.2178,4.8503,-107.4194,95.8759,-29.6513,-164.6632,-19.4325,-185.8418
-160.9719,18.8154,-132.4453,-156.4061,72.6366,99.7287,100.0025,-98.6651,-85.7708,-92.1090,-8.8516,-21.3170,121.4084,20.3176,184.1120,16.8296,-246.5253,38.2776,-86.4531
-246.8934,-40.3772,-166.5440,-157.7433,99.5162,190.7041,124.8429,55.3341,-91.4105,41.8693,13.9505,-13.3541,184.2352,120.9305,176.3992,81.6906,-260.9662,110.9020,21.1241
-262.3537,-160.7235,-123.8493,-122.7109,161.3631,232.9717,138.6383,155.9914,-46.3741,117.8516,93.0338,-49.0576,225.2072,146.0553,145.5107,75.4655,-186.2950,135.8871,117.0098
-213.5274,-220.3521,-38.2615,-54.2327,226.1124,205.6981,182.0562,219.0769,-24.5630,73.8362,167.3364,-70.7390,232.8389,148.9282,146.1120,29.7206,-96.4829,126.4283,212.5527
-163.2711,-176.1292,-2.9674,-1.9704,215.9230,170.7918,192.7522,300.9766,-17.9231,73.1415,178.2476,-32.4258,188.5469,191.9566,131.5893,21.4570,-62.3668,106.6051,289.6653
-126.4894,-109.4768,-29.8200,-19.8317,127.5246,140.7315,169.4962,357.2353,60.9205,158.2691,155.9807,14.1650,149.3289,211.1298,103.4621,20.6877,-101.5765,34.9409,315.2534
-97.1563,-94.1055,-87.4799,-87.2905,14.4990,63.4570,148.4162,335.9472,117.7798,165.2134,137.2423,-8.5845,144.7011,151.2649,98.9994,2.0238,-184.9236,-88.1717,270.0748
-68.5417,-84.0820,-136.8016,-144.1083,-71.0806,-73.6194,103.1461,244.8084,-0.6419,36.6871,110.2090,-79.7156,127.6559,49.7952,77.4074,3.7409,-242.2565,-189.3312,158.9949
-25.5531,-27.1650,-137.9324,-171.1702,-100.4676,-220.6766,41.7241,104.4323,-140.0136,-63.2517,70.2427,-148.2134,89.9465,-84.5243,17.9703,13.9998,-238.5772,-227.6135,36.8031
20.0839,9.2617,-114.1072,-170.3697,-96.8732,-302.2032,-0.6100,-31.6169,-80.1774,-43.7763,33.3462,-214.7071,52.8400,-238.7674,-22.6679,-9.9351,-219.6627,-202.4601,-41.1027
61.2271,-16.6282,-116.4015,-144.3297,-109.1413,-285.3750,-67.5807,-111.6235,33.5746,-37.8424,-4.7334,-257.0330,-13.0438,-326.7327,-43.7326,-53.5067,-220.6655,-146.0031,-100.4247
113.4805,-35.7812,-135.7968,-150.6508,-145.2623,-250.4283,-167.1483,-185.8553,-13.6896,-135.4589,-40.2401,-259.8546,-102.3716,-356.9119,-90.9489,-93.8788,-230.2543,-157.4513,-184.7865
129.0424,-75.4027,-151.3344,-247.8998,-181.0502,-284.9478,-218.2378,-302.5042,-120.5001,-228.2923,-39.2050,-298.3399,-146.3798,-420.7670,-142.9354,-130.2149,-248.8437,-265.1091,-248.5003
59.3163,-248.7751,-157.6190,-359.6845,-194.1156,-321.1962,-224.6229,-367.3623,-133.4658,-229.6705,-11.9288,-384.2530,-149.9108,-436.5449,-170.1247,-133.6994,-250.7262,-319.2103,-210.6374
-8.9465,-469.5292,-111.9442,-352.1797,-166.0895,-247.6498,-242.1007,-292.1864,-80.7952,-191.4373,-19.9136,-396.0872,-169.1537,-279.6761,-189.0744,-82.3087,-163.9948,-220.7886,-74.0582
-3.5064,-550.1460,-6.1451,-222.8968,-102.9839,-94.8008,-220.9400,-146.7873,-14.1949,-151.6408,-64.8086,-317.8275,-177.6488,-75.5978,-188.8829,-15.7144,11.7251,-67.7976,79.5314
-6.0054,-527.3837,76.1224,-56.6959,-28.7542,53.2409,-127.4247,-28.3094,18.7327,-99.1203,-88.2784,-263.0192,-138.4945,24.5135,-151.1326,23.4369,191.3114,60.6550,181.8946
-55.2996,-530.3503,89.5666,100.0511,45.6912,170.5004,-42.1765,50.8469,-40.1029,-58.9254,-82.0166,-229.0631,-93.5080,98.2144,-106.5510,44.7583,314.2668,171.5238,215.2359
-71.6086,-516.7073,70.8939,192.6052,83.5182,210.1255,-2.5857,88.6231,-96.0861,-36.6493,-72.8943,-148.4194,-60.3742,205.4603,-60.2476,68.7170,342.2021,190.1324,176.2143
-58.5962,-430.0607,24.5749,156.4889,27.4729,115.9890,20.6467,67.9954,-14.4959,9.7468,-57.1580,-74.2482,-9.5795,257.1659,18.0043,85.0163,244.7357,55.8223,66.4617
-94.9790,-364.9673,-72.8827,37.2116,-87.7997,-62.8540,4.8124,0.9355,90.8429,49.7628,-49.5597,-55.8863,34.8437,229.2555,87.1919,72.0043,80.4606,-113.6663,-77.8686
-163.9563,-386.6547,-199.4861,-58.7496,-165.8379,-237.0142,-67.3444,-91.6869,32.3141,15.8431,-86.7954,-37.8764,35.8166,163.5990,71.6502,26.6455,-47.3006,-207.0820,-212.5997
-198.6260,-407.7738,-315.4502,-100.6436,-202.7764,-378.2766,-145.3695,-183.1183,-114.9061,-29.9686,-135.8715,-5.3465,16.3833,54.8895,-14.5318,-38.3312,-117.4657,-255.4518,-324.2874
-179.3950,-337.2781,-382.9435,-94.8419,-244.6414,-452.0416,-195.0008,-221.3967,-154.0907,8.2226,-137.0375,-3.2312,-4.1188,-54.8287,-91.5040,-103.1185,-152.6380,-269.5989,-387.3304
-126.0874,-223.5052,-369.4792,-52.2085,-265.5092,-409.2685,-214.6188,-203.8540,-76.4242,51.3506,-116.1795,-32.3336,-30.4210,-109.1356,-108.4005,-134.6155,-156.3613,-223.5137,-366.9828
-95.6208,-191.8868,-303.0363,-46.5449,-242.1736,-298.5762,-202.3324,-205.4579,-16.9198,-23.1868,-118.8782,-78.9658,-46.5526,-177.2939,-69.7986,-114.6948,-156.3882,-178.8808,-300.4171
-98.9206,-262.9379,-240.8928,-118.8733,-212.7797,-216.3569,-179.5948,-240.9337,-22.4797,-135.2270,-116.9292,-133.8984,-55.2691,-298.0021,-16.3382,-80.0295,-172.9650,-178.8781,-237.2506
-35.9014,-325.9806,-184.6238,-188.0169,-178.2982,-158.6803,-154.4862,-219.5460,-11.7161,-126.4095,-88.3217,-159.4364,-81.7716,-362.4943,22.0277,-70.4446,-168.8640,-154.9461,-127.3876
109.8805,-345.5547,-118.3603,-215.4301,-98.3664,-66.9813,-90.5752,-107.4063,70.0323,-24.4059,-67.5122,-160.1235,-100.6683,-334.6903,51.3396,-64.2656,-133.7750,-78.5297,71.2254
186.3289,-420.5945,-49.7669,-266.8289,22.0539,48.0482,6.4030,14.2241,174.6283,29.9451,-63.6000,-184.6834,-87.3365,-301.4530,68.6301,-36.8214,-105.0858,3.7005,276.4125
147.1590,-554.4963,25.4143,-319.0638,152.8555,145.8234,80.2391,93.0711,246.5148,22.0542,-57.9303,-201.6745,-91.8999,-266.4045,54.0629,-10.8013,-66.1957,105.0564,412.1227
120.5225,-600.7575,97.1139,-267.9622,271.4323,236.7436,125.4624,159.8031,289.9992,47.2714,-63.4668,-145.4691,-132.5606,-178.4421,33.5396,3.6238,30.6049,260.1233,500.0972
145.7660,-514.7485,141.8264,-131.5914,344.7526,338.1993,172.8010,226.9604,325.6892,115.2051,-74.5781,-51.9865,-133.9400,-74.6995,58.5188,17.4619,165.2224,416.0963,553.6498
159.5648,-425.5394,202.7662,-8.5795,375.5164,416.9302,222.0878,263.4673,345.1972,132.7881,-40.8857,12.0023,-56.0605,-10.0301,122.2836,20.3120,280.9459,501.1619,552.9340
160.9802,-419.3248,310.9726,71.2906,416.7327,425.9158,267.7478,264.6699,307.9862,84.9310,27.1507,49.4793,55.3566,10.1457,176.0179,24.8460,342.7428,502.1968,515.2971
148.5938,-442.2405,369.3565,105.5287,471.2665,354.9889,304.2018,253.4683,215.6925,75.8864,49.5010,73.7978,159.1352,-5.9818,200.7608,64.8792,335.2797,432.6611,458.7432
87.7691,-422.4234,309.3214,90.5588,485.3689,235.5062,306.0164,229.8832,176.9177,126.0063,18.1258,78.9352,240.1428,-15.8838,213.0613,99.1024,289.2716,322.4471,371.0245
34.2028,-352.5274,216.1133,82.8729,460.3603,132.6148,277.7434,184.1604,234.3066,103.5502,7.4224,83.8949,286.1433,25.0722,222.3720,65.3006,274.5112,226.7506,270.7368
60.5498,-255.2867,159.7764,130.3709,443.7346,106.4663,260.0471,134.9241,224.5259,-33.3914,38.3603,110.0692,310.6799,74.5046,204.6164,1.3089,305.4594,180.8285,198.2404
112.6080,-166.1123,125.0536,183.1666,429.7391,132.0657,255.2484,103.4564,62.0758,-141.4854,66.5541,139.1002,330.1615,75.7429,139.1934,-43.6057,315.7947,164.3872,153.3442
113.8182,-141.5625,132.7999,179.0945,373.3973,112.6329,223.3882,77.3345,-84.1829,-138.3310,78.2771,130.9984,317.6401,47.3972,70.1202,-95.8642,258.1251,138.2466,118.3282
78.0049,-180.6392,197.6478,138.8578,277.7454,35.8943,148.1817,51.9101,-122.4193,-93.1891,90.3844,72.1144,255.2741,9.0060,55.9502,-142.5460,182.8977,116.4516,101.8688
43.5009,-175.9239,253.1702,128.1202,203.5317,21.6811,69.5168,67.9885,-146.9443,-43.6959,97.6452,11.3238,189.2374,-40.8676,65.6528,-121.7998,182.3745,157.9123,121.3113
26.2347,-81.0721,272.2293,173.9605,195.6376,124.6951,55.7324,137.1166,-140.7819,14.5729,86.9445,11.9562,164.7039,-64.7112,38.4074,-71.0014,255.3847,245.7132,170.3587
29.1450,-12.1918,290.2395,222.1892,223.6188,224.3214,115.8312,188.4053,-39.2632,28.7084,61.0651,58.9739,156.2877,-43.2530,6.7080,-79.2979,293.9335,277.1783,208.2107
38.9788,-17.6270,278.0988,197.0577,209.0490,221.1613,159.6962,174.5891,32.2701,-8.8029,28.3964,97.1945,109.9779,-14.3080,26.3619,-128.2666,238.0527,235.0560,188.0891
51.4529,21.7499,196.0655,109.6643,110.0562,174.2619,117.8057,139.6446,-13.7437,-23.8062,1.2282,124.7636,19.8835,9.5155,61.3351,-139.8734,136.3610,196.6440,109.4860
64.5608,110.3818,97.7770,21.2566,-33.9338,132.4179,33.8997,103.5805,-47.0122,-15.9193,-17.3540,141.5350,-69.2636,26.5948,53.9224,-88.8162,27.8287,150.0147,9.6851
38.1835,100.4986,18.4793,-72.2027,-142.5871,37.9209,-34.8778,20.9139,6.8183,-30.2872,-50.5256,102.8376,-118.6836,-5.1773,14.2628,9.7133,-91.5094,37.3199,-89.3905
-44.4091,16.4819,-82.7553,-187.8178,-173.4060,-105.3933,-91.9121,-87.7854,48.7986,-31.3551,-101.9011,21.3701,-120.0908,-66.3311,-21.5322,106.7432,-196.9978,-69.7956,-182.5989
-126.7955,17.6457,-188.2544,-265.4573,-145.5258,-201.8760,-126.2459,-138.7764,19.0603,2.7591,-127.2686,-15.4499,-74.2381,-67.0127,-30.9140,123.6638,-265.6630,-93.0717,-257.3503
-175.4542,82.9099,-229.6034,-263.8894,-85.4803,-245.3878,-100.1500,-134.2842,-19.8952,26.1204,-109.6395,21.2219,9.4004,-19.6365,-2.4796,52.8601,-314.9246,-109.1356,-293.0196
-219.1700,103.1420,-238.4897,-241.2626,-9.1202,-284.0150,-27.7999,-126.4921,-1.5071,39.2511,-91.0458,73.8254,95.6865,-1.3689,36.9500,-16.5093,-344.1712,-171.2165,-264.2589
-261.8126,113.5677,-288.0327,-246.9884,42.9901,-252.6640,44.9472,-84.9332,34.9612,63.3263,-84.1017,98.2119,151.0600,38.5724,39.4883,-26.3994,-333.7944,-180.2823,-161.7628
-264.3091,168.4897,-325.2056,-249.4235,57.7421,-105.3237,112.9108,24.3232,10.4756,75.1314,-47.6254,101.1284,181.6662,166.5619,11.2967,2.6731,-290.0318,-89.9657,-25.5136
-200.7777,227.1705,-258.2449,-217.6697,90.6906,18.9113,170.5728,122.1196,-30.8961,78.2552,21.5379,100.4269,208.2750,265.9005,-8.7236,44.0565,-222.3926,-5.7347,68.1548
-90.5269,277.7955,-143.4005,-171.2983,135.4889,10.8428,163.4976,122.3458,-21.6428,68.4714,71.2896,93.6103,218.6168,222.2862,-32.0259,69.1744,-142.6257,11.8358,70.9678
4.5566,345.8430,-88.0358,-130.1077,103.3092,-26.9670,90.5570,56.0017,-29.7935,-1.4289,80.0120,70.1177,183.1567,132.7894,-79.9203,40.0977,-74.2635,32.6174,24.5493
57.6852,410.0838,-55.4696,-85.5573,24.0048,3.9282,58.0937,2.0967,-51.0929,-65.4768,78.4789,46.6368,107.8308,110.4149,-105.3998,-9.1078,1.7469,100.8212,20.6981
123.7603,458.0621,30.8209,-26.7226,2.6988,46.5754,93.5550,-23.1654,20.4795,-21.8875,84.3242,44.7337,26.2552,110.4234,-67.6478,1.4294,105.2281,160.9575,49.9980
211.4665,508.6363,103.5810,40.8593,-25.4575,46.7757,64.0549,-58.3015,85.3675,28.0875,70.6806,37.4484,-57.0991,74.8832,-22.9345,34.7727,164.2065,168.1176,3.1586
242.5849,544.6093,82.7181,97.0705,-151.4361,20.3161,-56.4531,-119.9687,67.6205,2.5829,18.8734,-0.9376,-150.1986,1.2307,-33.4301,-24.8900,138.9745,146.3727,-103.3654
231.8003,551.6663,46.2986,119.9175,-240.5471,-28.9624,-104.3159,-178.4666,165.9307,40.5694,-34.9102,-27.0884,-211.9769,-117.4417,-68.4765,-149.0626,130.2663,122.5799,-138.0798
267.6482,563.5688,76.5712,117.1175,-179.5270,-78.5043,-67.6409,-216.2789,265.2133,125.5086,-59.5936,-6.8500,-210.9244,-207.8383,-90.6474,-197.6291,189.3692,102.9501,-135.0678
297.3157,577.9672,107.3318,127.0149,-101.3473,-82.9224,-120.6185,-252.1204,-27.4996,44.3555,-94.5861,15.8498,-205.4856,-164.3424,-123.2017,-164.5993,221.3347,94.5819,-215.2170
219.7711,531.0786,68.4811,144.4676,-100.0374,-83.5871,-231.1086,-280.0127,-409.3046,-118.1744,-168.1175,14.3029,-240.6454,-100.0145,-163.2908,-160.4095,173.7715,66.9445,-294.4706
91.3912,402.3986,-2.7588,109.2557,-90.4211,-147.2737,-216.6380,-272.4465,-315.9270,-148.0685,-220.3219,31.6428,-257.6640,-190.6075,-171.8825,-199.5653,90.2558,-20.2593,-267.9973
-12.9991,255.9124,-65.1111,32.6335,-59.5179,-218.5949,-134.1006,-249.6893,-98.3967,-188.3921,-210.7688,66.8976,-225.8727,-309.5531,-165.5893,-221.4045,-4.8101,-108.9800,-249.4863
-127.0435,156.2442,-119.9089,-0.5650,-78.4994,-226.3427,-122.8678,-235.8660,-239.0872,-353.6660,-193.1990,34.5161,-209.8255,-279.4146,-165.0490,-235.4044,-91.6275,-134.2963,-286.9294
-234.8124,101.3913,-153.5021,-12.0876,-111.5584,-220.4814,-96.6878,-196.3063,-352.7724,-387.5131,-197.6629,-85.5008,-221.0314,-233.4647,-119.6422,-268.9825,-137.1832,-169.3058,-239.2322
-265.6153,62.8279,-154.0199,-89.2548,-96.2506,-238.5356,12.1590,-124.8803,-199.7018,-227.5961,-184.4144,-173.9862,-190.4068,-274.7561,-33.0100,-277.3497,-160.0243,-242.5391,-118.8207
-262.4082,37.8788,-146.0633,-164.2593,-58.7102,-216.1745,83.9589,-80.7413,-167.7077,-147.5689,-149.8730,-144.8927,-109.1404,-235.2048,-7.2031,-229.7636,-176.2832,-220.4691,-76.0680
-296.8177,11.6322,-151.3313,-133.0912,-28.8100,-144.8706,97.2786,-72.3179,-210.7882,-150.4690,-125.6390,-79.7899,-34.1228,-86.5638,-42.4316,-179.6424,-156.7214,-116.4435,-80.0914
-326.4521,-52.7207,-171.5515,-97.9866,-29.3463,-120.6740,144.1790,-63.3723,3.1828,-52.4942,-112.0890,-73.5751,-8.9843,-7.8125,-19.6203,-172.7836,-131.3318,-146.5669,-55.2404
-316.0602,-131.8134,-217.3275,-174.2262,-102.7079,-181.6948,174.0843,-89.6108,192.5760,15.8318,-125.8825,-78.6809,-57.6723,10.3909,60.9253,-179.6302,-158.8159,-314.6360,-84.3805
-315.8766,-174.7467,-303.7225,-265.6552,-206.3097,-269.7783,111.9302,-190.6032,71.3890,-85.9899,-203.5435,-35.0928,-146.9137,52.3508,80.2040,-168.9056,-196.4695,-404.5071,-185.4776
-339.0478,-210.0270,-422.4662,-278.1492,-235.1965,-337.0997,37.2987,-290.9952,-80.8943,-165.1048,-314.1641,11.5310,-188.3656,23.7028,21.5196,-162.1522,-193.3058,-371.1157,-248.4903
-344.2554,-248.3590,-528.4968,-250.2339,-183.2172,-351.3892,7.3512,-305.8303,-113.3137,-125.8098,-396.4981,33.3683,-176.8180,-62.5844,-38.9571,-169.2970,-189.1291,-289.3190,-270.7951
-329.4562,-199.7811,-552.0842,-179.1910,-108.6164,-278.3268,-17.4901,-271.4538,-149.1512,-162.8352,-433.1925,65.5970,-188.7969,-45.9703,-79.1841,-169.3823,-188.0703,-144.5775,-311.1246
-311.1230,-76.1688,-456.5417,-61.7984,-26.4223,-169.8141,-27.7457,-269.3194,-156.7343,-328.6095,-395.3970,82.8173,-220.2418,-14.3526,-112.2657,-191.3321,-139.5026,1.2180,-328.0204
-281.9569,-41.8658,-294.1367,-19.7881,34.2528,-138.7691,-15.5496,-306.5539,-171.4788,-438.7045,-256.7277,34.6951,-224.9432,-132.1155,-143.9463,-267.4660,-82.6889,17.3923,-297.3010
-252.0700,-118.5801,-163.5731,-89.2199,23.8971,-172.8743,-57.8307,-327.1403,-309.9642,-411.2716,-93.5666,-24.1148,-237.5918,-237.0364,-205.0484,-305.7982,-91.3469,-24.9141,-279.5023
-232.3552,-142.3857,-95.8804,-118.5580,-25.4144,-143.1052,-164.3560,-291.6524,-406.5611,-336.3372,1.0693,-1.9094,-279.3837,-161.7612,-291.9120,-215.3480,-127.7327,5.4517,-288.0895
-189.2951,-61.4671,-37.3684,-42.5208,-51.4848,-22.3838,-234.5364,-211.6520,-358.8761,-281.0637,37.2267,111.5255,-310.1222,-50.5497,-319.7015,-93.8189,-124.9761,53.2029,-277.6031
-127.8733,26.2263,22.9437,45.7028,-74.6048,98.6696,-235.2188,-112.5156,-357.1016,-214.4492,32.7345,260.8118,-348.6204,-8.9660,-258.7587,-62.4203,-101.9254,74.8666,-229.0087
-136.4083,74.0439,14.3401,107.3116,-131.6912,181.1349,-224.0935,-8.4384,-367.3542,-101.7301,-25.0396,363.9041,-415.8995,46.1254,-206.0351,-74.7576,-91.9945,135.9224,-163.6268
-229.8319,86.1440,-50.1688,169.1919,-192.0473,234.1620,-216.7139,72.7631,-205.9720,2.2499,-68.7825,365.5490,-417.8285,113.2394,-224.9477,-68.9911,-77.1836,200.6582,-128.6591
-286.9361,36.6967,-33.8929,218.7372,-216.2289,234.3111,-185.9066,115.8691,-24.7486,41.8840,-31.7442,308.9647,-298.2314,149.6198,-246.0179,-57.8524,-42.7174,198.9644,-132.9350
-259.2292,-68.6015,75.5160,235.4156,-207.2532,186.8885,-139.6157,159.4429,14.6304,83.7882,3.5784,263.0430,-155.4865,218.3215,-195.4744,-7.3375,-22.5171,190.4745,-110.9047
-254.9041,-158.8480,92.8015,203.0665,-179.1010,141.5148,-100.5787,218.9524,37.2642,185.1317,-53.3268,213.9874,-83.4093,308.8747,-106.6951,101.8107,-65.0415,209.4810,-45.0155
-324.5913,-173.5430,-64.6628,109.6109,-136.0561,113.3145,-53.0698,249.1105,91.4276,272.7052,-146.6938,148.2082,-79.4671,327.8214,-54.1493,191.9885,-165.8731,215.0202,2.8463
-392.6518,-128.7166,-253.8225,13.2524,-79.2524,110.0810,28.5370,256.0939,112.7891,311.0714,-205.2589,123.1589,-111.4508,313.7976,-61.7284,243.6041,-255.9381,234.5640,37.8446
-435.3865,-107.7232,-357.6240,-29.5064,-11.9932,140.9981,120.6568,277.6579,146.9052,355.8353,-243.9523,148.8501,-130.7112,320.8884,-109.6161,285.9010,-286.7505,262.6389,92.7251
-485.9563,-156.5137,-404.4262,-74.8211,44.4833,134.3411,169.9118,248.7786,209.2308,384.0182,-282.6823,148.6779,-112.9596,261.2681,-168.0087,255.3523,-295.2035,201.5968,94.7045
-510.2962,-209.0336,-430.5517,-155.9797,51.1857,46.2361,159.1421,130.1233,256.1851,362.4308,-321.1613,99.8264,-123.1665,140.4662,-198.9830,169.6794,-329.0711,94.5962,7.6520
-478.6242,-198.7967,-428.4938,-184.0661,-2.5208,-5.6892,106.1389,59.2842,293.5199,374.6825,-351.6984,73.9298,-200.5702,126.3748,-182.4131,187.4506,-350.9438,82.7075,-66.3092
-428.8934,-167.3885,-390.3023,-122.7846,-75.8988,38.5267,20.5291,103.8444,268.3028,420.9179,-324.2228,105.7780,-262.7532,206.4464,-155.1152,259.8239,-293.3556,120.3451,-90.0312
-355.6448,-163.5229,-307.7538,-48.2261,-128.4521,38.3985,-81.6716,103.7967,164.1707,361.6342,-211.6397,131.4698,-250.1340,166.9172,-162.1668,170.6033,-175.0949,99.9377,-134.9754
-228.5634,-147.9266,-196.0078,11.3163,-156.0940,-56.1710,-148.8320,-5.7045,110.3587,201.3166,-91.7266,107.5449,-214.2514,-1.9991,-186.1422,-15.5365,-77.6393,86.6290,-182.9660
-108.1393,-70.4027,-104.4986,79.5418,-159.3234,-102.4316,-139.4240,-64.9554,66.6660,75.8000,-39.8113,103.5375,-203.1405,-81.9711,-198.3568,-64.1066,-30.6720,130.8899,-163.3590
-46.9943,58.4081,-53.6933,125.9262,-145.2388,-65.5904,-87.1171,-32.2896,-115.2751,-10.6087,-26.6819,174.1413,-207.1130,-24.4859,-217.4829,0.6090,-6.0212,132.3183,-125.2130
6.2328,188.2362,-25.3260,120.9230,-164.9737,-51.1987,-75.8649,-53.4612,-273.0158,-101.5327,-1.5733,238.8290,-203.2139,12.6580,-245.0172,11.7311,9.7530,65.3393,-157.8229
73.1387,266.3693,3.2169,109.2482,-243.6143,-64.3221,-139.6197,-146.0026,-250.0493,-128.5084,41.3426,230.7659,-169.6912,-7.0339,-241.9695,-42.3531,22.9089,42.2169,-243.7133
92.9969,268.3693,65.6266,140.6686,-292.9884,-51.5301,-222.5823,-189.2417,-237.5462,-71.8671,88.3312,210.5191,-111.4540,3.7689,-204.1293,-80.6812,54.6086,96.0119,-301.6396
46.4721,199.9629,151.4757,194.1594,-223.3021,-36.6676,-254.9885,-168.4795,-279.0214,-35.2595,107.3195,203.8844,-61.7643,24.1721,-148.0328,-65.5930,93.7806,139.4040,-287.4980
-20.6883,84.8048,171.7301,202.1680,-81.0759,-26.0690,-212.8140,-145.8660,-193.8239,-63.4841,79.5491,155.7715,-18.7383,8.5157,-62.8804,-15.2660,109.8160,129.3733,-221.9763
-68.9325,-18.8238,106.2516,145.8300,43.7652,27.4257,-106.2083,-123.7807,-96.6122,-92.1738,42.8941,91.6260,30.0051,28.3749,25.1823,38.6188,110.3475,118.8024,-160.2502
-94.6874,-58.9331,47.9961,96.0565,137.0159,119.0431,8.3495,-103.9016,-149.7525,-60.1576,23.1021,62.9330,45.5770,100.7520,63.8707,95.0984,97.5035,144.6417,-141.2296
-125.3548,-69.1376,15.7807,87.7565,200.2087,198.4966,51.8683,-122.7778,-182.5586,18.6789,5.3452,22.4850,24.7954,133.8092,81.0184,88.5994,47.0279,146.7502,-164.8827
-147.4616,-97.9525,-44.6113,32.6992,208.2526,233.0378,30.2389,-166.1246,-130.4084,49.3360,20.5539,-33.1200,38.7720,130.8105,101.5410,-76.9844,-11.7450,59.5434,-184.1202
-78.6543,-108.5456,-84.8335,-109.4374,170.2799,232.6561,16.2316,-170.5678,-124.1628,-21.6060,96.4450,-33.8675,89.5263,139.1828,64.6590,-198.4283,-32.9958,-51.8304,-120.5120
68.1430,-76.8960,-44.1537,-220.5000,128.3239,263.0529,24.5106,-106.0029,-74.7842,-100.1525,153.3799,-40.3269,102.4516,92.3756,18.2721,1.0967,-49.1752,-75.4569,28.5155
144.6529,-61.7918,10.4269,-228.0430,111.8101,334.6842,45.4333,-8.7033,56.7409,-123.0268,143.1734,-151.3384,87.2005,-11.8875,118.8638,185.1691,-72.1003,-43.8745,153.7507
124.8096,-72.7806,42.9608,-207.8319,136.8455,328.4567,98.3635,49.3720,40.9627,-168.2910,160.0155,-266.7019,111.5515,-41.4963,279.6306,-118.4688,-22.1552,-59.7553,208.6223
148.1949,-32.0038,123.8840,-172.0163,185.8554,222.8274,132.6435,56.1989,-57.4532,-201.4185,246.3281,-249.3512,159.5697,-5.9384,237.7864,-472.1596,117.4253,-80.9890,269.9144
244.1143,90.3511,247.2837,-24.1362,202.7346,191.5671,79.6501,94.4058,69.9123,-61.7197,310.2463,-148.8436,179.7969,-35.4178,34.3712,-214.8754,257.8026,-8.0267,343.8237
315.0477,231.7336,326.9602,185.8455,175.1550,271.3163,20.6138,183.7654,276.2585,156.7340,324.5410,-80.0010,188.0089,-100.7085,-58.0000,261.9713,344.8779,86.5128,346.2370
347.7932,300.9977,354.8491,245.7436,164.8453,272.3487,54.0138,209.7876,234.8282,184.5176,345.5232,-88.5298,224.1427,-113.6568,-2.2218,241.1494,362.8950,73.7317,306.2648
376.6377,250.0339,362.1661,106.0182,222.8559,151.4230,123.8404,141.3105,102.2380,67.9646,353.6214,-154.6041,291.9290,-118.2791,61.2771,-68.6238,290.4986,17.0215,325.0190
371.9917,145.3449,332.9450,-35.3854,333.8983,69.7349,176.4581,108.4992,146.6804,73.6080,313.0199,-190.7310,364.0076,-145.2236,112.6966,-96.6932,178.7533,38.5908,369.6158
319.9420,102.9579,269.2385,-44.0430,440.6022,75.8171,246.0921,148.1466,269.3456,200.4221,277.5698,-141.1199,403.7880,-146.6672,177.2906,132.8957,123.6598,84.9763,348.7704
252.7440,118.7572,214.4752,-2.2176,499.3477,101.6149,321.4748,146.6269,338.4677,245.1467,278.8186,-67.0755,407.5923,-110.6173,241.9462,271.5917,142.0419,81.6868,295.7445
182.5766,108.3806,184.6411,11.0718,516.6096,151.2658,367.4652,91.0797,372.7110,179.0337,265.7875,1.4245,401.2679,-14.9488,326.3551,181.7977,198.4026,97.2693,286.5872
121.0740,71.5025,158.6703,36.3833,493.6851,227.1013,375.4769,80.1638,299.7578,126.5734,210.7856,109.1513,361.7311,155.0519,379.5128,17.5743,252.7340,137.5892,292.9072
80.0925,39.7984,113.9451,63.4568,378.6914,252.9164,288.9437,104.2696,116.8660,143.3665,135.5142,195.8180,238.0858,263.8108,289.5803,60.8397,235.8548,76.6496,245.0620
29.1533,-19.0594,57.3621,8.9036,177.5408,198.7977,105.2577,76.0848,82.1770,185.7341,69.9867,164.3960,68.7949,206.2485,140.3364,298.1576,139.0442,-76.7891,147.6403
-34.4367,-101.6646,32.3129,-85.5118,7.7973,117.8898,-45.9234,1.3519,252.4511,185.4713,46.2653,86.4362,-62.7039,118.8026,91.9393,353.6541,67.4638,-171.1045,57.5874
-52.3058,-130.8203,51.4968,-84.7805,-80.6662,59.7867,-130.0880,-53.9698,290.3284,126.7855,47.5688,67.0556,-168.2092,112.4211,61.8722,155.0954,77.9080,-168.7590,8.9783
-20.6603,-84.6600,69.3150,9.6042,-171.3333,43.6189,-228.0610,-64.9088,117.6904,76.4024,15.2561,72.1515,-290.8025,89.6431,-56.9411,77.4808,113.6916,-129.9959,-9.6929
-5.4180,-20.0914,73.7909,83.6546,-291.7452,51.4610,-306.3032,-51.0119,65.7004,78.7518,-25.2930,58.4425,-371.6649,20.5075,-143.8035,207.7572,128.8504,-75.0522,-44.5367
-26.5023,19.0228,98.3360,104.0109,-364.8139,37.4602,-326.0781,-53.8520,133.8963,78.2918,-0.5695,54.7210,-343.8474,14.3244,-143.3641,241.6961,115.2997,-26.6394,-122.4872
-45.0244,15.6389,131.3074,105.1974,-345.4168,-0.5801,-349.4545,-84.5538,11.1681,25.8985,46.2001,66.6261,-256.8942,57.5342,-159.2789,117.5116,78.4878,-0.8745,-172.9189
-35.4957,-39.3435,138.5273,72.0419,-230.3020,-21.1169,-304.8689,-90.8670,-158.8562,-40.8736,26.7438,62.7021,-174.5950,27.7371,-148.0883,41.9193,55.7671,29.8227,-93.9283
-15.9737,-118.6450,119.1528,-25.4095,-31.8691,-14.9833,-103.8575,-47.0165,-73.2496,-70.3379,-33.6313,17.5389,-78.2641,-78.0700,-31.8947,66.7074,37.6601,40.5038,67.4256
-31.7565,-162.5133,63.4059,-135.7613,157.7198,9.8594,64.0483,6.6232,14.2719,-50.2057,-75.7115,-60.2827,33.3135,-150.5070,37.8134,102.6918,-37.9311,6.7611,163.3135
-85.6627,-141.6175,-20.3251,-158.1122,236.0129,65.4591,77.4578,60.2113,-130.0964,-2.5581,-91.2450,-99.8206,100.5525,-126.7238,-28.2703,113.8950,-117.1944,8.0636,176.6222
-104.2271,-92.7356,-49.3011,-81.8932,223.5855,129.1826,127.8585,116.8084,-181.4235,12.5072,-56.6482,-66.7385,118.1083,-65.7983,-65.7340,118.1497,-99.7196,29.4807,178.6128
-49.3745,-74.4449,6.1517,-30.1268,175.3678,143.8703,242.1345,107.3838,-35.6172,-50.2119,26.5400,-47.5872,136.8840,-75.6489,-12.2211,139.6803,-66.6729,-71.7495,132.4990
6.3899,-101.2008,43.5621,-83.8810,78.5159,109.6683,221.8159,3.8053,-51.8780,-155.6796,69.0957,-73.4477,145.0429,-135.3012,15.2672,151.1836,-122.5156,-268.7473,5.4031
-14.4110,-142.2897,-1.6829,-150.9473,-45.5782,74.4614,129.7693,-101.7058,-227.1840,-249.4865,31.9729,-41.3863,95.5311,-105.6835,19.7963,100.1401,-177.2079,-490.0276,-99.2074
-105.0832,-158.3503,-77.9237,-140.3667,-129.5326,34.5843,113.0676,-166.6180,-282.7794,-328.9023,-15.7743,47.4403,4.3368,9.3080,54.7935,34.5825,-172.0925,-880.1319,-150.7535
-199.9789,-126.9153,-148.2548,-123.4542,-200.0792,-56.4529,29.3353,-247.1640,-307.6279,-390.3964,-45.5563,61.8380,-98.3147,40.5746,35.7609,17.0621,-210.2732,-1380.6147,-257.1209
-224.9050,-80.6065,-212.6190,-170.1352,-329.4657,-188.5168,-180.6682,-326.1969,-380.6332,-406.7713,-80.2285,2.8559,-218.3978,-49.9072,-70.6207,-16.8850,-290.4558,-1552.3090,-395.6536
-177.6036,-82.5767,-235.3268,-209.4209,-471.8416,-285.1589,-297.1469,-330.1385,-292.9599,-388.7373,-88.7226,-15.6733,-324.1603,-121.2564,-159.5585,-95.0908,-281.7730,-1301.8529,-418.7309
-138.4902,-112.1022,-189.9902,-170.1760,-517.7731,-303.3697,-266.7519,-287.1547,-128.7937,-364.2168,-49.5602,14.4503,-349.7091,-110.9655,-202.4556,-132.2093,-182.7572,-1045.0474,-333.6351
-113.8719,-90.4766,-103.5653,-80.2055,-443.0333,-285.1490,-238.7446,-266.6101,-160.9194,-327.8505,-9.4496,29.2030,-297.2054,-95.6090,-247.0930,-136.2092,-83.1970,-939.8797,-253.5977
-6.3594,-32.8978,-13.2553,6.0582,-297.6648,-279.6405,-209.8647,-250.5021,-233.1151,-296.5815,20.7614,10.4511,-214.3057,-119.1685,-263.3508,-173.7670,4.6288,-802.4633,-170.4278
159.6629,-1.0495,39.8703,37.5788,-140.4675,-264.9973,-110.0748,-184.8360,-131.5424,-299.8488,67.0392,-32.3572,-114.2161,-139.7136,-222.7822,-199.4716,63.1958,-654.6770,-25.5764
209.8586,16.4181,19.4200,-12.4611,-29.3005,-202.8530,4.2370,-61.7527,-52.7053,-264.7494,87.7475,-73.7539,-14.9916,-130.7254,-177.7915,-199.4692,27.6894,-603.3467,134.4478
99.9882,14.5268,-50.8800,-84.5413,14.0818,-126.7823,78.2742,77.0850,-115.2145,-117.2197,38.8952,-86.3773,38.2531,-123.9177,-145.1743,-247.7476,-78.4035,-548.3391,219.1259
-23.5647,-44.1705,-117.8710,-108.2923,25.8675,-101.5093,122.6962,164.0063,-136.3928,8.2977,-23.0290,-91.5420,46.6066,-136.2319,-90.1610,-285.3344,-157.8834,-455.1604,209.6124
-72.5290,-103.3880,-164.9569,-117.5271,29.9821,-122.5960,152.0685,170.1398,-94.5980,-45.7703,-32.4833,-114.0498,47.8460,-141.6619,-29.9074,-198.5125,-180.7596,-432.7217,170.4092
-96.4196,-134.3058,-181.2812,-166.0367,2.3012,-137.2886,188.1201,138.9502,-115.5445,-139.8949,-13.3096,-140.0144,39.2244,-150.2793,0.2537,-71.6734,-189.6028,-458.7266,166.3936
-128.1441,-230.2788,-159.9800,-228.1673,-65.5210,-143.2601,210.0345,113.3813,-108.5131,-56.4173,-12.6575,-177.6633,2.3175,-192.7880,19.1579,-39.0932,-223.9373,-457.0395,176.3892
-139.4776,-332.4188,-155.5703,-273.6233,-153.2184,-178.9692,156.5066,96.0011,51.7216,102.7973,-28.5275,-236.9553,-50.3187,-215.6768,34.9365,-69.8930,-290.5515,-467.8010,146.8239
-127.0081,-252.6701,-217.2324,-315.7178,-259.6162,-241.4647,56.3204,77.8662,212.2690,97.3013,-44.0770,-275.6541,-112.9279,-177.3704,2.0301,-104.2800,-363.5664,-507.4998,85.9760
-107.9579,-101.7781,-289.6309,-356.1459,-362.9883,-303.3063,-19.1059,26.2960,166.8136,-56.3934,-67.1939,-290.6028,-186.7193,-174.8314,-84.5567,-159.6569,-408.5285,-519.6364,11.1291
-74.4387,-135.5761,-298.3788,-383.1345,-385.0490,-362.2801,-81.3005,-80.7111,2.7196,-158.2284,-102.8313,-336.3693,-230.5905,-245.6673,-145.3401,-213.2298,-413.6277,-471.1474,-85.4486
-56.7594,-252.9759,-264.5810,-391.5250,-300.8358,-396.5467,-126.3830,-171.8236,-34.2089,-111.5177,-128.3401,-384.9960,-205.2478,-246.8365,-123.3940,-195.5086,-388.3146,-343.4232,-155.3954
-134.9716,-235.3722,-240.1819,-358.0386,-191.0750,-361.8818,-94.9854,-177.2773,78.1039,3.9404,-129.4718,-355.6257,-141.4598,-146.2258,-56.1553,-134.3883,-342.8001,-154.7817,-144.4560
-268.4955,-174.7888,-209.7413,-265.1700,-106.4372,-282.0877,-16.0002,-162.0795,148.3543,15.2369,-114.7770,-277.3982,-89.0106,-109.8737,-4.4622,-145.9420,-262.0363,57.9729,-98.7465
-271.8781,-196.6375,-123.3671,-145.4946,-9.9440,-217.2709,32.3876,-193.8400,105.7178,-142.3723,-64.8465,-244.3210,-47.4259,-166.9894,23.7867,-229.4143,-113.6403,357.0454,-55.8033
-96.4599,-223.1233,19.3152,-50.1425,109.4984,-158.2066,62.8542,-207.2076,40.4690,-282.5801,45.9131,-271.7431,3.5925,-177.8171,64.8652,-226.2329,66.8407,735.0490,29.2686
77.1481,-225.8961,158.9482,-6.8629,202.4909,-86.6087,109.7851,-148.8934,9.4235,-231.6049,165.8090,-309.1367,62.1078,-127.3720,144.6409,-101.5470,163.2012,944.7034,129.7951
141.2777,-219.6939,255.9012,2.1784,235.1800,-37.4498,138.8776,-76.0185,20.3481,-117.9548,233.7039,-314.6158,117.9370,-85.1160,212.7430,-41.6342,144.6554,884.6621,138.3356
190.0170,-92.2463,340.7024,59.1172,214.5607,3.6233,105.2070,-28.6570,17.0962,-113.6515,284.4348,-281.8636,158.1354,-29.8183,174.6071,-109.7699,136.0697,819.3992,57.6117
290.4370,159.4892,432.2833,220.7051,179.5861,93.3054,23.3451,11.2679,-130.3328,-139.9714,341.0720,-243.8996,159.0558,27.9092,59.5146,-137.2021,222.1327,894.1530,-6.2903
400.6903,326.5363,471.6996,391.1738,169.6614,195.6793,-22.2892,40.1465,-346.2952,-93.9497,334.7398,-237.5717,120.1040,13.3566,23.1948,-65.4113,315.9188,944.5963,-5.7989
490.4188,318.9077,423.0595,423.7131,152.7652,246.4859,27.0263,58.1505,-339.5321,-36.6510,260.3424,-263.2291,89.9631,-23.8923,95.9234,11.1887,308.8299,910.7953,28.6608
525.1898,233.2014,348.6177,331.7577,77.4216,269.4192,97.0441,100.7909,-123.6073,-7.9539,207.2780,-295.5842,113.4360,13.3800,152.5339,88.2861,222.3328,885.1526,51.6067
447.2043,142.4461,300.7925,249.4719,9.0932,280.3903,102.1086,165.0076,-17.6638,36.0228,174.0242,-305.3827,169.2995,66.8669,169.2836,150.3654,147.0266,856.6670,42.2964
302.8137,119.8001,258.3246,245.9545,48.5956,253.9837,91.8107,207.8780,-36.9451,113.3343,97.5960,-282.0154,206.5974,54.6583,222.0781,104.0893,132.9464,821.3497,39.3710
225.0563,227.2960,221.5668,301.9672,161.9250,230.5616,120.6565,226.8118,50.4135,225.9113,28.1187,-249.1221,223.9544,32.0606,287.9287,46.9024,176.8107,847.3350,84.4756
242.3788,335.7055,232.4738,366.9956,263.7155,239.9819,152.1648,236.0993,176.3372,326.4633,33.6706,-219.0163,257.1086,49.3017,316.3152,137.0709,238.0190,863.4745,135.8714
257.5504,276.0786,282.5388,362.4007,350.4456,207.9698,175.9115,213.9451,136.9666,292.0912,62.2342,-176.5330,304.7372,62.7712,330.7587,221.8354,246.5746,762.6354,153.0098
202.8755,123.3734,316.2579,244.8286,424.2604,121.4360,209.3273,167.3669,44.7216,147.7773,66.7150,-149.0482,332.4076,55.6148,311.5377,136.5307,162.1947,634.0916,193.4241
108.7384,31.6990,298.3799,88.4609,445.4383,83.0774,228.5186,171.3293,100.2316,113.5604,73.2103,-175.1015,335.8477,58.2516,230.7040,69.5061,41.8028,573.4562,296.9117
38.4979,-19.8932,221.3311,1.3330,412.8659,111.3293,228.2761,258.6955,201.3936,251.4425,63.6694,-200.7307,328.3380,66.2068,177.1830,156.6575,-16.7341,518.4112,391.0786
6.8339,-98.0228,121.0979,-9.8529,351.1821,132.4294,207.3133,349.7674,154.7883,379.3086,2.6474,-169.8036,284.9277,60.5864,192.9154,212.0241,-4.9341,443.9126,413.4139
-16.6335,-163.2694,80.4912,-10.1375,252.6592,139.4975,134.8666,366.1655,51.8325,394.2282,-54.5812,-146.3868,183.4718,46.5668,184.4692,145.2475,-1.9563,404.7008,397.6803
-40.3227,-168.6210,118.7448,-32.1705,115.1385,152.6509,64.7384,338.6967,94.6851,357.4464,-58.2578,-183.6501,72.6574,24.6992,139.4203,97.7508,-45.2629,376.9912,379.1434
-52.6940,-134.9352,144.3778,-56.7011,-37.0252,154.0937,65.8846,330.3956,194.6924,322.4797,-62.0285,-211.0775,8.8770,-0.1573,120.2322,111.1236,-78.9962,321.4355,340.9104
-59.7264,-95.4076,106.9730,-40.5210,-174.8793,166.4036,49.5511,332.0551,154.1064,301.8957,-107.6231,-173.5223,-29.6272,-1.3878,82.3923,112.9738,-35.9824,287.1369,281.9171
-51.4511,-57.3085,65.5455,41.3540,-262.5431,216.4785,-44.2675,302.3855,73.6376,275.7753,-151.8747,-121.1159,-81.7134,9.8299,1.4354,105.2327,62.9349,292.5756,219.8339
-20.3649,-19.1430,40.9454,130.7896,-296.5366,239.0187,-113.4680,230.5513,73.9090,184.9561,-171.3586,-114.0333,-126.2183,-24.8707,-32.3893,105.5670,107.0144,270.5095,129.1845
-35.0667,-8.5454,-25.9750,115.6401,-320.0997,177.5299,-150.3504,117.6496,-34.2897,44.3305,-210.0541,-161.7625,-137.2476,-107.5181,-18.2461,99.6528,25.7759,200.9479,-6.2343
-142.9388,-77.4348,-129.2780,-10.4331,-316.6969,82.7813,-228.1572,-13.9385,-286.7324,-36.8421,-286.3618,-224.1115,-127.2847,-161.2700,-30.8335,105.2066,-99.6661,147.4974,-113.7849
-256.3786,-212.6394,-180.3354,-104.4201,-203.3878,20.6688,-245.1109,-92.4167,-373.4793,-19.0180,-340.7554,-227.5436,-89.6410,-149.3023,-30.1509,119.4848,-141.8032,144.8450,-127.1540
-301.4275,-310.0063,-150.0182,-72.7914,4.1682,1.5130,-129.2437,-75.9243,-243.1215,27.1408,-315.3925,-164.7220,-2.8372,-120.6276,16.8032,95.3166,-105.0351,158.4706,-96.0563
-321.1994,-310.4734,-101.5388,-1.4123,177.6851,7.2599,-39.2769,-27.0370,-141.0820,31.4264,-239.9562,-127.4760,92.1634,-110.5469,34.9538,42.4591,-80.1602,156.7339,-92.7435
-317.6292,-278.3678,-88.6740,8.0965,245.6077,3.4053,-49.4904,-27.7711,-99.4879,-14.9803,-187.0640,-148.4312,123.1357,-85.5969,28.7711,13.6629,-82.4511,145.8340,-114.0960
-241.6962,-277.0031,-96.5638,-4.3935,235.4947,-29.5006,-59.1969,-81.1359,-109.4987,-64.0061,-173.7340,-142.7725,85.1999,-14.1850,61.9502,3.3008,-58.8976,128.5658,-140.9103
-162.6296,-276.3008,-75.2738,28.8820,186.8802,-55.9010,-70.1592,-142.4665,-302.2686,-98.5293,-168.4887,-77.4274,32.9995,69.9943,72.7622,-31.8567,6.7349,97.8006,-158.2455
-166.6523,-253.9460,-10.8665,73.4509,121.5760,-35.6471,-120.5547,-171.1453,-510.9140,-182.5376,-154.1017,-24.7054,5.0216,103.4769,6.7354,-94.4277,79.2843,70.8470,-123.0322
-177.7026,-262.9258,45.7806,73.8469,53.8595,17.7242,-131.1906,-140.3552,-429.6216,-279.4850,-124.1607,-20.3161,-2.2216,74.5955,-42.4643,-133.1778,109.7095,56.6956,-37.1787
-121.1282,-318.3820,39.6396,30.2762,-15.4794,61.2094,-88.1039,-70.2233,-206.6077,-226.6757,-83.3191,-35.3378,-18.8776,38.7273,-15.1651,-101.6143,61.0949,17.6959,26.0067
-80.8826,-349.6916,-28.7766,-62.4399,-109.6748,55.5826,-76.0012,-39.2418,-123.7994,-89.0310,-82.2575,-68.0526,-76.3375,27.1079,20.4330,-42.0381,-58.2450,-67.0734,28.9463
-122.2366,-337.2343,-121.7641,-210.4691,-260.2131,-15.5253,-107.7068,-103.2091,-125.1214,-125.9102,-154.2467,-125.1121,-174.1192,-4.3636,7.7449,-53.6161,-186.4933,-165.1011,-19.7491
-180.6187,-345.0509,-193.9932,-338.2909,-424.8804,-123.9810,-166.2014,-222.1735,-121.3153,-276.1670,-234.0799,-165.2148,-268.9777,-73.4932,-41.9787,-148.4117,-256.6928,-248.8958,-120.3253
-210.4698,-372.5381,-217.5026,-350.7086,-471.4305,-220.7648,-238.5835,-309.4768,-142.0701,-262.5963,-256.9316,-157.5084,-301.9071,-115.9912,-87.1423,-235.5844,-253.4034,-300.7148,-223.9640
-239.2291,-351.5190,-225.1365,-270.6848,-349.3368,-276.4889,-250.6326,-330.4363,-165.2617,-165.9007,-264.8777,-131.8187,-247.5553,-113.7240,-93.4974,-247.7560,-222.3620,-286.3817,-247.7521
-273.0210,-295.2210,-272.8498,-204.1768,-170.9545,-282.2715,-198.8663,-309.0883,-224.9969,-226.5399,-300.0805,-122.7829,-147.8906,-139.6662,-92.8233,-198.1326,-216.6465,-211.7218,-206.7837
-298.6374,-266.3838,-332.4010,-192.4490,-25.5412,-251.3609,-184.5918,-259.2238,-319.3812,-314.5360,-307.6221,-124.4161,-67.3895,-203.4395,-136.7086,-151.4221,-229.9811,-130.4866,-170.6755
-317.6269,-251.3365,-317.8538,-181.8531,104.1527,-219.2666,-195.6657,-178.7933,-253.4132,-213.3228,-246.9342,-115.5228,-17.8059,-226.0934,-199.1543,-160.8990,-216.9081,-65.7627,-142.2135
-301.8163,-226.1518,-220.8725,-126.9249,197.4124,-206.5848,-156.2823,-103.9630,-78.9613,-52.6974,-174.6747,-92.5021,15.1801,-199.2882,-243.0738,-191.6763,-174.2637,-24.6579,-113.2756
-226.5798,-234.5139,-118.9912,-65.4581,192.2260,-202.0574,-119.5302,-81.7427,-123.9613,-19.4654,-146.9595,-77.3105,8.0856,-182.2924,-274.3043,-179.0195,-144.9793,-35.7827,-103.5422
-168.2867,-285.4955,-76.8277,-58.9112,102.3100,-182.8235,-130.9922,-96.3147,-287.7634,-56.2645,-153.6191,-89.9183,-57.8341,-165.5421,-264.9444,-160.8814,-148.1547,-77.0025,-100.2227
-214.9796,-314.6780,-106.4953,-91.1725,-28.3284,-127.2050,-139.0062,-99.6926,-213.6686,-57.4615,-175.5828,-108.0674,-149.2867,-109.3808,-209.5459,-190.6311,-164.7152,-85.1185,-95.4130
-294.1527,-300.9210,-177.0714,-112.3286,-176.3431,-44.4621,-151.4632,-78.2725,-26.6538,-14.9831,-211.9318,-99.8418,-232.1200,-52.3544,-199.0936,-196.1743,-189.4099,-74.0529,-102.0274
-273.3994,-292.3676,-236.9510,-148.2804,-281.4705,13.3234,-192.9210,-36.5528,2.6565,41.7104,-250.4639,-82.9120,-290.3361,-50.9972,-249.7950,-124.2651,-236.7643,-95.2525,-82.4960
-192.5773,-313.7437,-254.7133,-225.8197,-296.0378,25.5316,-201.7499,7.3884,-24.1961,49.5490,-273.6706,-78.0643,-295.7567,-86.9250,-251.8595,-63.5548,-278.3234,-125.7010,-35.4926
-195.3035,-342.7566,-226.8454,-257.7315,-265.5746,29.1837,-172.7575,-4.0558,-14.0189,-40.5939,-281.3459,-64.7828,-254.7727,-105.2914,-203.2227,-64.1563,-250.2455,-132.2918,-63.8489
-281.7662,-361.9676,-169.6402,-188.6697,-246.4992,23.2984,-176.5627,-92.9092,-50.9464,-173.7706,-274.7678,-59.6502,-228.6433,-92.6109,-208.8840,-66.0534,-174.2711,-143.1905,-175.0106
-323.3349,-373.0468,-130.6002,-137.8146,-235.3741,-39.5898,-203.2201,-179.9875,-119.3051,-261.0431,-238.2458,-110.0237,-229.8817,-91.6086,-245.5860,-74.6706,-168.0977,-171.2785,-243.7612
-276.8308,-352.7362,-136.6377,-192.9164,-206.0394,-143.7252,-203.5032,-200.3567,-209.4695,-281.7487,-166.1315,-158.3547,-202.0613,-137.5148,-221.0954,-138.8290,-256.0779,-186.7788,-264.0935
-223.2098,-251.6562,-137.4150,-230.6167,-127.5401,-217.7658,-175.0239,-198.1471,-344.6431,-270.2690,-99.8362,-104.9798,-134.8897,-185.5554,-171.1875,-187.1169,-309.1262,-175.5683,-330.9413
-219.3568,-109.8504,-102.5860,-138.0206,-7.7595,-238.5135,-126.2146,-228.9136,-379.0486,-283.6490,-96.6531,-9.6814,-75.4934,-175.4037,-172.1676,-142.5611,-255.9651,-133.2548,-422.2629
-232.9855,-87.3346,-85.7725,-15.0661,78.0162,-228.1945,-91.2529,-282.2841,-264.6689,-337.7414,-141.5990,-9.5584,-37.6625,-147.5861,-194.0291,-84.2875,-172.8373,-55.4639,-462.3404
-235.9829,-229.3441,-79.5572,12.2472,122.2901,-185.1938,-82.4139,-318.9658,-189.3123,-346.3691,-145.9414,-86.1352,-4.3869,-155.3806,-170.9245,-92.7678,-110.5649,31.8810,-427.7234
-263.4494,-339.5523,7.3164,-14.1734,219.1506,-75.3978,-12.5579,-279.0674,-169.2709,-245.4488,-75.9917,-112.0612,21.5883,-124.9792,-110.6060,-104.9060,-45.5765,108.4879,-293.7598
-319.8631,-281.6451,138.9648,-5.9571,346.5469,118.6475,120.9424,-124.1719,-103.1594,-121.8913,-6.1878,-46.5835,28.2390,6.9043,-70.1020,-57.4269,-3.8833,187.6775,-103.1179
-337.4555,-201.3205,166.0942,17.5661,364.5073,339.9189,165.6744,61.7036,-83.6841,-64.6281,1.8709,39.1314,5.7156,128.8061,-63.8185,12.0611,-22.8416,251.9278,22.4627
-307.2003,-245.2939,78.6560,-0.0291,283.5942,485.3033,119.1110,164.1133,-97.8042,-13.3468,-26.1948,60.0562,-52.9854,135.9639,-52.6456,73.5524,-41.1587,261.8212,97.0041
-279.6834,-312.8766,-7.3634,-31.4410,227.2636,529.4065,129.9716,222.3495,32.8353,92.9409,-56.7210,11.8234,-124.2211,118.8655,-39.8324,137.1029,0.7633,245.2573,210.6607
-206.2400,-270.2038,-58.8228,-12.5008,173.1582,534.1970,157.0003,312.5978,176.2868,167.3010,-90.6772,-24.8231,-172.3054,170.7631,-74.7136,164.3717,46.2641,246.6614,274.6398
-50.8712,-168.9855,-102.1111,35.7271,37.8441,511.2723,78.3123,355.0215,95.6364,116.9214,-111.6631,-15.7601,-205.8674,198.4341,-128.8155,105.5343,25.8704,227.0847,201.0665
20.4977,-118.4239,-116.1760,35.2494,-105.1863,414.8067,-14.7630,274.4423,-48.9634,15.6397,-92.3886,-16.2407,-244.3978,111.2232,-127.4365,7.2521,-41.3387,149.4245,120.9312
-81.7268,-116.6442,-103.8346,-9.6159,-136.1726,271.5890,-10.1258,168.0692,-36.2494,0.7078,-48.4318,-22.9393,-249.3745,5.8246,-96.0507,-43.6669,-108.7534,74.5680,109.8170
-132.2480,-90.1307,-115.6626,-18.4712,-66.1048,160.0017,30.2038,113.5145,38.8852,57.6346,-13.2384,25.6447,-175.7943,-4.1946,-97.4723,-45.6462,-150.3315,55.4782,65.1001
2.6522,-21.8653,-134.2188,28.1553,32.4021,81.3093,42.4914,44.0207,24.4035,47.1889,16.0494,84.3991,-66.2333,23.5925,-115.2467,-54.3639,-138.0830,51.1788,-19.6462
105.4076,18.9468,-90.9234,82.1257,123.2441,-16.2718,19.6243,-73.6431,-111.0924,-65.7227,63.5709,72.9307,-6.9595,-14.5395,-135.6863,-83.6683,-71.8382,27.5279,-76.6709
46.9825,-0.0028,-1.6336,122.2399,181.1850,-125.8870,-57.4201,-177.0401,-278.6176,-166.4074,120.6763,40.0539,-14.3954,-86.6697,-177.3247,-107.6230,-14.9098,11.3639,-157.1420
-3.3564,-5.6825,45.6834,138.8121,174.2055,-193.2437,-144.8752,-233.7015,-267.9551,-179.2150,133.9067,51.2380,-43.7581,-95.7835,-195.9680,-109.4307,-18.8595,-5.1064,-265.4832
36.5215,23.4310,14.3679,96.8292,98.1930,-204.4232,-172.3703,-248.9855,-79.0222,-144.3884,77.1747,70.8703,-75.4203,-45.7220,-160.5023,-88.2896,-50.0465,-73.3230,-286.4758
52.9565,-10.8847,-58.5507,4.7030,-3.1682,-185.1074,-177.4152,-224.0429,-31.3831,-117.3717,8.9052,72.1225,-115.8987,-16.1216,-159.3297,-59.2843,-62.9035,-166.1661,-229.8935
14.6837,-104.2673,-129.0038,-71.2460,-67.7440,-121.5598,-206.9514,-172.5822,-185.0882,-108.7810,-21.4117,74.6532,-163.4370,-9.6984,-248.5204,-43.0779,-80.6413,-180.2611,-179.7565
-16.2434,-117.4871,-177.4240,-101.1252,-82.2098,30.6178,-211.8160,-75.4133,-209.6877,-77.7581,-61.7995,76.4525,-230.7815,47.3793,-330.3810,-27.7010,-126.9346,-93.1007,-76.5657
-41.9065,-72.9153,-203.6269,-108.4058,-100.9581,227.7518,-168.1500,96.2782,-33.8384,33.8515,-138.6752,89.4242,-320.8185,141.3765,-317.7911,8.0763,-162.7378,-5.7564,100.5654
-83.5857,-121.6058,-223.4313,-103.0905,-162.3587,336.3836,-132.7222,236.4206,53.8532,167.8642,-174.4919,137.8336,-367.4459,154.8326,-268.0604,25.0864,-162.1671,-1.1378,185.8677
-114.5536,-193.8382,-249.8589,-83.8714,-228.0536,301.7905,-145.7267,202.8382,-50.3499,160.4911,-146.8685,178.9461,-327.0809,66.5494,-264.7786,-25.0304,-159.1466,-55.7583,106.0036
-105.0252,-125.7216,-270.2593,-80.5817,-247.2161,197.0172,-182.2677,60.2448,-174.4605,5.5225,-140.0802,164.5827,-275.0908,-3.2970,-282.0169,-94.2148,-173.7863,-118.0738,-2.1427
-64.1193,-39.7294,-264.6841,-130.9748,-221.4749,85.9094,-177.2497,-45.8574,-190.8381,-120.8652,-161.7950,120.0135,-264.7586,-12.9135,-246.4029,-110.3601,-184.8405,-179.9795,-46.8245
-48.5025,-131.5933,-235.8697,-223.0773,-170.0401,-21.1475,-117.0539,-128.7790,-134.9972,-173.6149,-147.0389,72.1049,-233.7374,-56.7282,-177.5480,-103.5499,-185.0868,-235.8568,-82.1150
-92.9655,-289.3046,-197.5878,-292.3007,-101.4565,-106.0837,-98.2388,-228.4514,-122.1681,-250.5836,-127.4724,26.7789,-175.4762,-150.8235,-156.1033,-123.4314,-188.6871,-262.7507,-169.8123
-130.2285,-332.5013,-165.2680,-297.7357,-45.9769,-176.4084,-179.6572,-290.9797,-201.7374,-323.4675,-153.4274,8.6637,-177.9758,-201.3899,-178.2434,-135.6453,-200.9785,-278.1131,-307.8025
-91.7629,-311.9256,-164.5027,-279.0181,-38.2579,-284.1239,-280.0182,-337.6238,-305.9187,-333.8261,-169.5167,7.0957,-232.6897,-202.5683,-190.2500,-128.2030,-211.9683,-326.4254,-443.4767
-18.3041,-291.2690,-190.4589,-284.7897,-63.6734,-415.5209,-345.2529,-445.9516,-371.2807,-377.5663,-151.5970,-9.8626,-264.4414,-219.4290,-209.9951,-158.1793,-196.6385,-385.4865,-521.7598
30.9875,-224.3906,-186.7093,-288.5137,-104.8000,-475.9148,-416.9028,-544.1022,-372.0841,-453.2328,-157.5745,-0.0883,-301.0606,-227.5602,-248.9028,-201.5727,-146.0471,-385.8742,-548.0961
40.6453,-164.9061,-132.7710,-252.6777,-191.2464,-427.4428,-488.0221,-520.5143,-291.6664,-387.2063,-162.8732,66.8715,-372.6859,-190.9980,-241.6663,-169.8673,-97.8809,-327.3592,-546.1756
7.2896,-198.1119,-83.1259,-207.2894,-306.3724,-323.0465,-513.0827,-428.3993,-216.0015,-238.5926,-102.4986,110.6598,-405.5642,-171.1319,-184.0970,-100.7333,-79.3671,-271.4511,-489.2695
-16.0728,-222.4791,-72.9710,-190.7558,-359.5039,-214.3914,-490.2233,-357.3041,-225.4891,-250.4215,-43.4499,83.9579,-383.5294,-194.2653,-147.8753,-88.8209,-68.1083,-239.9113,-366.0411
20.8883,-142.8486,-84.2059,-192.1484,-343.4874,-124.3028,-403.6350,-284.6868,-192.5927,-336.7921,-72.6871,57.6485,-383.6981,-192.6618,-129.0593,-88.5125,-59.3079,-215.8783,-229.9631
25.7033,-78.7186,-99.1613,-186.7706,-351.0354,-65.6019,-266.7169,-181.1707,-53.8707,-241.7072,-130.4293,76.2584,-401.0789,-155.1770,-100.5615,-27.8151,-69.2195,-197.0247,-127.2244
-61.3017,-117.2700,-88.7654,-158.2172,-386.8537,-28.2727,-194.7426,-84.4573,-7.4945,-62.9011,-121.9510,101.4745,-370.0372,-142.2495,-109.8043,28.5058,-66.9495,-175.7157,-70.4000
-78.9921,-125.9169,-21.5522,-104.2957,-366.1224,2.4441,-214.4816,-25.0703,-78.6415,-10.3357,-50.0653,104.0025,-294.4599,-164.9068,-147.1422,27.3508,-37.2516,-126.1704,-60.9269
66.8091,5.7651,56.4642,-55.4280,-271.9675,16.0145,-180.3411,15.1461,-41.0633,11.2252,29.5706,91.4322,-189.9872,-197.5004,-129.4599,30.2375,-38.3873,-40.6295,-53.5691
205.3073,174.6972,83.8890,-24.1188,-121.5234,20.5682,-33.8219,76.9227,52.9822,106.7710,73.7035,86.7997,-40.3851,-219.6623,-75.7427,59.2440,-68.5690,75.7047,23.4515
216.7041,239.4455,105.7154,37.7689,103.0078,69.5631,115.1975,175.6764,-15.1333,161.0629,85.7647,109.4077,117.1097,-188.0275,-47.3554,69.9902,-28.1189,219.1931,161.6953
194.2325,232.5670,178.0984,151.6223,346.8632,179.2486,195.0819,270.9991,-98.4416,149.0061,114.1896,148.2502,216.9773,-93.8655,0.4595,75.8127,97.3550,355.4117,273.2354
211.0547,271.3541,255.7247,262.5187,492.6200,280.1167,219.0233,317.4179,22.6387,173.5235,165.4603,198.6208,257.9631,-1.6632,85.6707,96.6247,204.6482,435.2315,300.7520
236.9701,320.6103,293.9034,327.6442,528.1501,305.5954,201.6808,315.5189,172.4647,208.3879,184.6841,285.2692,268.6302,68.3209,111.8042,92.1355,240.6425,450.6809,255.5188
237.4748,249.7063,306.3132,344.0800,509.2993,263.4933,156.5261,273.3697,140.0723,193.6339,166.7806,377.3433,253.1989,149.6125,49.5186,77.1765,232.9174,403.5517,170.0510
199.4269,128.3881,283.1104,303.5101,417.5541,190.8264,69.9935,194.4843,32.6591,165.8222,153.2019,395.3752,201.9946,200.8239,-14.5892,121.6637,204.4762,276.8519,66.5018
165.8518,153.2738,210.8300,226.5315,235.5253,119.6227,-79.8271,122.7552,-4.1663,129.6029,123.3123,344.2415,101.8758,178.9335,-37.2471,198.7501,167.5692,115.8969,-21.8931
195.9426,270.1258,123.9000,159.1853,45.1383,93.1783,-208.1159,115.5007,9.3899,99.7899,48.5318,292.4044,-24.2448,167.5228,-48.4776,233.9384,119.9847,24.4186,-32.4751
212.6925,256.9822,34.8966,80.2654,-79.1539,122.4436,-206.2046,180.8222,11.4237,160.1787,-13.1069,255.6616,-104.1260,222.3240,-68.3219,242.9682,30.6193,7.2540,60.9154
103.0297,127.0864,-71.9177,-46.7738,-164.0682,147.2399,-132.3524,279.2227,-15.0312,262.7965,-17.8966,230.1615,-120.0987,256.6792,-85.9199,254.5250,-91.0163,-39.1097,185.1381
-51.0850,51.9385,-168.7310,-155.9781,-265.7898,123.9125,-109.2819,353.1529,-10.5922,295.1012,-21.5001,234.1009,-141.2575,227.4267,-78.1352,236.4675,-182.0411,-136.8884,249.9372
-104.2973,39.9197,-226.4294,-182.1953,-377.2567,84.1020,-139.4690,365.8948,106.7605,332.6082,-62.9704,249.5534,-188.2568,199.1790,-42.4982,193.1772,-228.4949,-196.2769,244.3207
-72.5019,15.2026,-250.6213,-179.6563,-432.4578,45.9166,-173.1714,330.9617,276.0058,420.1827,-87.5161,241.9531,-196.6563,172.2587,-1.6064,162.8243,-259.9041,-184.9177,197.8020
-32.2596,-11.1050,-225.4178,-188.6428,-389.8640,-14.7833,-185.3609,276.3054,345.6368,414.2677,-55.9896,219.7225,-141.8223,103.7720,43.3945,125.6080,-250.6966,-153.4097,145.9977
-0.4850,-24.7440,-155.2549,-142.5774,-276.6738,-71.9456,-138.8275,222.6507,296.9366,343.3597,-22.0522,199.0878,-71.3038,53.8535,84.0910,77.6439,-161.1587,-108.5060,139.2693
17.2865,-42.7510,-111.1952,-15.9371,-126.1784,-73.8594,-39.4985,202.9723,211.1298,358.6689,-37.0051,184.5758,-16.4503,78.9038,63.1298,76.3482,-35.7348,-20.6713,166.1711
23.8141,-61.2478,-103.7777,102.2666,54.1479,-51.6009,37.8193,200.9805,129.6357,299.7538,-55.2069,186.8954,48.0586,99.3838,-7.7489,89.8171,51.2222,82.9009,144.7951
27.8276,-91.7587,-43.6437,146.5392,233.7489,-60.5694,81.9480,132.7028,94.7029,10.9685,-1.7382,193.1985,159.8597,47.6246,-13.3800,14.0112,102.1867,158.3696,74.9287
11.6709,-125.0900,98.0302,161.9774,376.8183,-72.6768,147.2872,3.6243,123.6120,-214.9765,116.5217,187.6806,292.0569,-9.3385,57.1390,-104.3471,173.7827,211.2103,29.6680
6.2180,-93.2082,253.9184,223.3911,476.6068,-46.7789,203.7497,-74.2034,118.6973,-159.7088,235.1820,201.9377,354.3260,-0.8388,85.9143,-129.2718,276.6895,237.9386,-8.6820
78.4453,-19.7666,367.3991,320.4518,496.9312,-14.2459,179.9924,-88.3879,32.7327,-74.6544,311.5628,240.9764,318.1743,42.5798,58.3722,-87.1218,349.2238,189.6835,-82.7784
174.4235,-14.1003,397.5270,351.0618,393.0243,-15.9193,107.5790,-123.1373,-15.6502,-143.4918,323.0291,245.3867,254.0344,64.0345,47.9225,-84.3912,339.5629,45.7936,-132.1310
198.1891,-44.0046,317.7256,260.2590,216.5752,-51.7589,48.1810,-181.8231,-7.3016,-246.0417,269.4138,210.2800,195.8738,53.4963,27.0812,-103.5151,276.0065,-144.2882,-138.5155
193.8233,-12.6071,187.7169,141.3906,51.6489,-115.7142,-22.0627,-234.4419,-111.0597,-339.2910,205.3544,190.2078,113.1216,37.1398,-45.3961,-106.4706,215.0435,-297.8368,-198.5172
205.0525,18.3250,105.4691,106.0596,-87.8128,-191.0901,-119.1662,-296.2475,-308.6932,-423.0205,175.6586,172.3865,32.0053,42.5770,-92.6822,-126.3700,165.7002,-352.2720,-310.7917
155.4569,-15.2544,82.6423,120.1447,-175.7974,-234.8663,-164.3172,-324.1716,-323.6543,-348.1133,146.4266,117.9741,16.1886,58.8876,-59.0700,-128.8414,112.2376,-324.1349,-346.8008
52.9873,-25.7702,53.4837,82.5822,-166.3193,-235.3946,-98.7778,-259.9037,-103.5415,-118.1418,86.1280,62.4795,48.2860,40.2671,-1.6515,-53.0518,43.7655,-299.7945,-276.2624
20.5670,18.3960,-30.4053,-17.9734,-128.2627,-231.3412,15.9647,-166.9048,65.4989,30.1061,30.5954,33.5064,61.9986,-17.7976,34.0068,20.4010,-67.2584,-322.3008,-177.6455
53.8149,27.4469,-144.2035,-127.3042,-166.0861,-239.3975,83.4839,-98.1727,58.7980,46.2540,7.7897,-9.0038,36.6223,-60.9705,59.5844,14.8871,-226.2737,-356.6383,-81.9565
42.5070,-14.7626,-213.5351,-215.5318,-240.5529,-243.5310,83.4933,6.6487,59.5656,101.8273,1.9337,-73.5181,-1.4792,-70.6429,69.7670,9.0877,-353.2795,-376.6708,10.2689
-20.6056,-46.4121,-211.6913,-256.9101,-260.6371,-253.3806,61.7829,137.0033,133.3473,220.4512,3.4783,-114.4908,-13.3482,-84.0202,46.2145,36.0975,-351.9966,-358.6035,65.4081
-68.8186,-33.1747,-173.8505,-189.3917,-225.1465,-267.9677,55.1147,189.6712,141.0742,272.1403,20.2102,-115.1287,12.9767,-93.6650,5.5820,19.7658,-220.1387,-233.0458,66.1520
-58.4667,46.4123,-87.4314,20.6438,-151.9832,-218.4308,50.2276,168.1487,91.1301,232.6705,77.6708,-77.3606,46.2364,-50.0332,-17.3530,-1.0251,-24.6806,-4.7120,33.4110
48.7319,167.0627,72.9727,282.1042,-40.7133,-75.0625,19.2567,139.9151,105.3558,185.3327,197.3908,14.8195,71.8536,29.7671,-20.5052,63.8909,165.4331,176.6156,-5.3245
216.9469,239.6106,204.5344,427.3315,53.6608,61.2265,-21.1614,97.3450,100.0225,165.2021,304.8040,132.2590,105.0698,94.0649,-40.2816,131.0866,283.8285,206.5000,-21.7044
286.7736,246.9918,197.7166,403.5915,63.9088,115.2081,-32.1179,58.5318,-41.3348,153.1849,283.9384,192.9436,117.3208,159.3770,-85.1743,114.1013,302.4009,156.1431,-1.4143
173.6112,249.7333,133.3170,337.4581,7.5457,164.3517,-19.9674,105.5248,-136.1727,169.2016,187.8572,186.2119,74.6982,241.2889,-110.6876,108.8246,277.0120,132.6334,40.4272
12.2520,246.8662,134.8422,343.0800,-46.7215,261.5143,-16.8241,212.9898,1.7164,243.7466,176.2864,189.8282,36.5457,278.5432,-104.4266,163.5588,273.4344,147.5223,81.0042
-25.1891,213.3351,169.7484,371.9792,-63.3641,298.4677,-20.4430,252.2648,178.8195,309.6286,234.7941,213.5861,73.9536,246.6228,-94.4734,170.5415,285.4167,146.4442,100.6889
71.6036,183.9020,168.4595,339.3505,-58.5151,196.6880,-5.1352,190.2993,181.7561,289.7689,230.9385,183.5908,157.7133,208.9866,-45.4253,113.8013,295.9517,85.3531,94.6785
200.0005,189.0963,155.9782,285.2820,-54.7588,52.7168,53.3808,115.8459,184.1080,255.4998,181.1185,117.6233,234.4031,191.5012,84.7119,100.2616,325.3889,-4.2548,91.4718
263.5754,227.2215,167.8700,294.7701,-38.8783,-31.4140,163.7806,83.6096,352.3145,275.3472,183.2285,101.5531,298.0905,160.4875,201.1135,126.4204,353.0346,-49.4692,101.6641
225.0729,270.8151,190.5504,333.6144,-2.1053,-92.8478,278.1962,48.7836,485.5983,259.7266,219.2168,88.0579,336.9523,113.6146,196.9834,94.6214,317.6443,-67.4260,89.2422
146.5148,247.6945,204.0088,300.3263,19.2843,-195.1570,332.0842,-27.3996,456.0115,197.9256,236.7158,-13.3371,329.1140,64.9236,146.5523,20.1087,242.4126,-125.0664,55.6186
146.0079,169.2568,201.4094,219.5202,11.6318,-305.0518,337.9487,-86.7390,457.8885,229.3458,248.3092,-107.8936,286.5556,21.7205,170.0246,12.2569,220.9715,-171.8733,41.4726
238.4454,180.2159,193.7632,215.4990,7.6749,-351.0746,323.6385,-76.3268,513.4261,286.5377,246.9546,-74.2760,231.4086,20.0947,232.6266,80.4121,259.9267,-133.7299,26.3000
298.4717,285.5483,194.5058,269.0346,-2.0028,-337.4101,256.4185,-67.9605,385.9322,134.2706,204.7886,-5.1564,174.2676,50.2355,235.7705,103.9827,268.8840,-93.0132,-19.3342
246.6988,305.4167,180.1220,221.8807,-49.2247,-332.5009,162.4769,-132.3731,135.0776,-154.4772,148.7797,-15.4949,128.4673,18.8609,173.2228,21.2016,208.4754,-135.1862,-38.6540
163.8189,227.5685,128.4865,68.5173,-96.9767,-348.3281,142.0198,-198.9364,59.4476,-280.3013,100.6092,-38.2408,95.8399,-69.7552,104.2974,-71.2987,135.5343,-186.4336,1.4997
146.3055,196.7606,70.8135,-26.7380,-115.1249,-317.2684,175.0506,-190.9908,133.1965,-203.6244,39.0775,-8.2534,66.7899,-72.0927,69.3228,-84.7136,104.0982,-187.9546,34.8884
155.0376,185.5973,35.8236,-18.4286,-147.2593,-217.1505,159.9649,-151.2480,132.2843,-94.2622,-11.3967,25.0019,53.9714,48.2944,67.8745,-60.2674,106.6478,-186.1904,28.2442
102.4469,106.7394,17.4006,3.3457,-182.6960,-102.3019,124.4637,-126.6812,73.8446,-13.6079,-5.9805,50.1413,77.1085,157.9953,81.8641,-36.5160,117.7769,-172.6812,22.5124
23.0139,49.5173,20.8710,22.7968,-131.6812,3.1324,140.1455,-96.6151,75.1475,41.9224,15.5429,90.1712,124.8025,172.7162,107.3988,13.9989,135.0609,-103.2101,34.0814
26.2506,79.4694,43.0273,61.9820,-0.5974,100.8204,172.7827,-44.4033,137.7702,63.9544,2.4545,83.9459,168.3796,137.6965,146.1585,67.4682,153.6325,-29.7085,65.7945
87.3369,112.6292,55.0422,76.0883,93.6752,146.2218,196.2785,26.0096,240.8221,104.3784,-3.2499,-9.7333,193.8906,123.5123,180.8415,77.2736,149.4325,3.7044,134.2679
72.8161,115.3755,78.0521,58.4405,106.5041,120.7390,228.8457,93.5122,299.9081,166.1011,41.2309,-103.1000,214.5530,154.7536,201.9915,79.0605,126.4234,38.7902,199.4548
6.8947,116.5147,144.8616,60.0778,103.1497,79.9186,230.9844,108.2830,196.6517,145.0887,86.5850,-116.2326,251.2359,180.2350,224.1671,96.0213,120.7020,71.3592,200.4272
39.4536,103.0756,172.4530,72.9414,118.5576,43.4723,199.0260,80.7619,74.0753,73.1180,65.7979,-89.9692,286.8894,128.4540,252.0762,76.3067,123.8675,62.4674,164.5244
125.8561,106.2006,72.6431,80.4557,109.1900,-20.3131,217.9114,96.9068,165.5883,113.6691,-13.5204,-93.5839,284.3035,28.9015,276.7301,13.7490,95.3783,58.5259,145.8256
98.7187,167.5492,-48.2803,117.7787,61.4699,-95.0939,267.6062,141.3071,302.4653,210.9077,-69.4604,-126.1287,258.0378,-43.2110,280.0238,-42.9774,65.9502,89.4603,124.3084
18.5837,204.1248,-18.8571,167.7900,41.1048,-146.4701,238.0462,96.8778,184.5782,154.3711,-24.0771,-140.1266,249.0368,-96.8937,229.6979,-77.5116,104.2540,86.4150,76.3975
46.9689,163.7213,133.6922,183.5807,68.1080,-177.6590,159.6791,-16.2455,-24.8866,1.6505,83.3845,-115.2462,247.9983,-137.9559,150.0660,-76.1407,187.5570,37.8689,46.4267
115.2811,145.9062,231.9507,195.5482,49.7088,-168.8679,130.9244,-55.2867,8.4826,-20.6042,115.8924,-87.8750,226.1432,-109.2524,131.2038,-37.5553,230.8909,13.5755,68.0406
95.9296,176.7449,192.5874,211.9621,-53.0468,-94.4117,124.2455,-14.7325,185.4171,41.0610,30.9859,-98.6912,187.5243,-43.5461,158.1979,-30.9700,211.7439,6.1916,90.5006
44.0580,146.0968,91.9321,174.9635,-123.4429,-1.6482,86.5994,-16.3810,191.0326,-19.0867,-63.1739,-129.4049,148.6220,-32.5746,109.2300,-81.1094,172.9865,-23.3838,44.6551
10.0109,52.8842,36.5962,123.8474,-69.7723,64.7419,53.1358,-76.7237,30.0133,-145.5438,-85.2512,-124.7876,137.9254,-26.9047,19.6277,-96.4188,158.1569,-27.2088,-40.0699
-56.1251,28.3159,52.5917,151.4126,44.8248,131.2551,57.9749,-93.8392,-52.6089,-131.2960,-56.5651,-66.1901,183.2166,53.6972,54.0404,-31.4233,181.2264,22.1612,-55.5594
-119.0810,121.5207,87.6449,211.0883,125.0409,198.5405,95.2962,-23.9461,36.2547,8.4937,-6.8803,4.5613,238.0970,124.2195,172.2674,50.5991,205.2572,65.2046,24.0987
-93.8617,247.5686,86.6974,214.8119,148.1781,219.6763,155.8613,63.8298,193.4243,97.8074,36.5083,40.7198,225.2789,97.9901,188.0092,91.9184,179.4646,85.3525,107.3361
-9.8153,303.0724,58.6646,189.8070,139.6365,194.6979,210.0698,91.4445,303.1389,80.8356,29.4763,50.4647,165.6781,40.2611,111.9225,68.4374,129.8509,118.5645,143.9525
61.5776,278.0877,59.2733,178.4570,139.3823,151.8360,220.2664,67.4903,283.6252,33.4929,-4.0450,64.8652,129.0425,13.3786,71.1832,5.1914,132.2345,144.6645,172.8328
98.2061,262.0479,103.5744,173.2327,147.3254,94.6278,180.4174,57.7974,115.6852,12.5621,12.5690,72.4669,115.5149,6.0389,47.5143,0.8802,186.6346,130.9485,199.8549
99.5116,293.5494,137.6824,177.7989,104.6012,42.5570,105.7628,78.8761,-54.7032,-7.1212,65.6029,52.2289,102.5012,25.4888,-2.3552,68.6986,218.9304,98.6556,184.9078
97.7882,289.8278,131.7074,179.3412,3.2199,6.7485,28.2611,75.5089,-61.4088,-77.3119,76.8966,27.5984,91.7984,54.8885,-9.7130,75.1559,201.1675,54.1848,120.8649
119.1708,215.3357,129.2454,150.6187,-87.8178,-69.0638,-27.2775,0.7657,1.0844,-179.2174,37.9421,17.7359,52.5679,27.8786,31.9615,-12.5046,172.3752,-27.2574,12.6501
111.4879,152.3254,144.8660,112.1694,-165.1874,-208.9100,-95.2419,-137.4655,-59.9090,-252.5730,-21.1889,2.6369,-48.5734,-32.2588,32.0256,-77.5770,143.1272,-136.8547,-129.4774
42.0956,137.7073,117.2327,56.4079,-295.9568,-319.3407,-200.0665,-279.3682,-183.5676,-305.5779,-94.9084,-23.8748,-173.6980,-31.4539,-5.8491,-98.1965,70.9712,-242.7434,-231.1321
-35.5316,121.5519,30.2218,-62.0552,-467.8774,-313.9152,-272.6100,-329.1477,-211.9678,-345.8960,-151.7337,-42.1210,-263.6518,17.4693,-14.5642,-123.1219,-41.8098,-311.7036,-226.9188
-88.8116,84.2306,-49.6768,-167.9941,-590.4370,-220.3926,-264.0045,-249.8461,-198.9252,-314.3993,-158.2004,-40.2826,-291.2973,40.7055,-16.7110,-108.6421,-112.4222,-307.5295,-170.6729
-112.6586,48.8329,-97.4517,-153.7118,-597.8910,-103.4230,-230.1034,-143.3691,-275.4857,-261.1641,-156.0157,-9.9001,-241.2295,61.3975,-49.7361,-49.8178,-104.9044,-250.4967,-145.4996
-94.4087,33.0617,-155.3092,-106.4868,-479.7301,6.3228,-214.2848,-118.2748,-436.0487,-307.7333,-188.1387,31.3556,-129.5962,123.4143,-76.4292,-40.8999,-98.0595,-213.5313,-141.3513
-91.9756,50.4909,-222.9334,-139.5840,-293.3672,93.8285,-179.0490,-114.0264,-550.3746,-357.9022,-212.3520,36.6923,-2.2226,180.7614,-65.1179,-62.8439,-146.5116,-190.3702,-106.1917
-143.3475,80.9699,-250.6223,-175.1144,-129.2486,146.1827,-83.5810,-16.9378,-464.4087,-275.2560,-184.3381,19.4036,121.8168,195.6749,-26.7967,-18.4887,-203.3959,-117.3967,-30.2427
-132.3873,89.8096,-225.6503,-144.7479,0.6655,161.5544,55.0891,124.8055,-235.4081,-225.9525,-125.3396,51.7327,223.9898,204.4840,20.3807,46.0355,-236.9481,-26.9175,51.5415
-12.6275,108.5050,-178.9149,-120.1708,135.1075,141.0622,155.6127,178.8714,-162.9950,-323.9294,-68.3397,121.9550,258.8399,214.3742,44.1381,48.0797,-261.3198,9.7187,90.0980
62.4775,169.2117,-141.8393,-116.9870,231.6440,86.5911,149.7703,145.7782,-286.4971,-319.8069,-33.6513,143.7987,235.4123,186.5773,33.2223,41.4805,-250.3790,9.4484,85.2489
39.8348,192.7766,-127.4734,-85.6215,234.2031,16.3676,98.2106,137.2239,-265.4920,-124.0607,-38.7023,107.7313,208.4509,129.8797,34.1160,74.7994,-192.1646,2.7506,105.5772
26.6271,104.5252,-115.1066,-70.0904,199.3409,-41.8400,100.6970,195.3774,-42.7165,-18.0851,-67.8508,61.1008,171.8903,73.3020,58.7689,94.2499,-158.6122,-19.4615,171.8334
23.9829,-4.3600,-71.7074,-103.5109,185.9281,-85.3080,123.4296,256.4123,68.0053,-60.2973,-80.9352,9.7684,111.1375,10.0686,57.5911,81.6637,-181.8411,-30.8735,198.1662
-5.5758,11.6491,-16.4534,-101.2700,145.4917,-137.2567,100.3354,261.9857,37.6285,-33.5019,-70.3251,-32.5483,81.0775,-35.7809,44.9577,78.2357,-197.4497,-17.2911,140.9232
3.8108,121.6350,-8.5883,-38.5271,46.2287,-193.2809,69.0227,230.2986,64.2958,40.9790,-59.4719,-23.0447,93.4429,-21.1173,79.6597,81.0980,-181.2849,-37.8310,85.6223
26.9630,142.2205,-53.2506,-14.7510,-40.6650,-202.9756,46.9566,219.2813,90.5881,51.3159,-61.7815,16.4720,77.6814,15.5404,125.5122,79.1021,-173.6790,-93.4868,97.2101
-33.8289,18.0988,-93.1615,-61.9893,-52.4024,-135.7574,-4.7178,247.0140,48.1865,110.4124,-70.8548,21.1666,26.1481,34.0402,121.9380,111.5532,-172.2022,-100.2438,117.5815
-94.7668,-81.9034,-103.2224,-103.3809,-12.6672,-25.9341,-41.5131,266.4079,72.1015,218.2727,-67.9008,-6.5990,0.9751,76.4804,112.5634,179.2618,-147.8550,-62.8436,86.3061
-58.2336,-53.2491,-113.0678,-100.4180,28.8219,75.8766,-8.7110,232.2421,141.3839,180.9347,-46.9757,-21.2868,10.7979,119.2741,143.5809,204.6676,-105.1269,-47.0735,38.9431
-41.2271,-22.5897,-125.9084,-67.8973,61.6144,156.8629,35.3846,171.9844,143.9377,63.0474,-36.1017,-15.6471,33.9206,82.5168,172.8212,158.8830,-40.2053,-17.7745,35.5062
-110.4629,-80.1078,-98.0886,5.2172,111.5658,224.1045,61.6222,157.4983,202.7810,103.3790,-49.5344,-7.1805,81.9971,52.6697,171.4423,119.7544,60.4104,62.7068,88.6359
-131.1664,-122.5518,-24.6839,110.6194,188.5982,258.0287,121.4445,214.5139,381.5952,283.7569,-49.5272,-1.4238,145.4828,135.0563,160.4696,141.7131,154.1315,107.1347,171.6456
-47.0824,-72.8966,36.9586,168.3416,247.7971,216.2076,180.5706,284.3579,496.2034,445.4973,-6.8478,5.7081,180.6115,175.3516,148.7965,176.3539,181.2242,62.5434,227.1653
38.1197,27.2370,64.6172,137.6165,238.4144,101.3322,165.6977,283.4871,496.6665,521.8911,56.8194,16.6420,172.7470,39.1082,156.3869,178.4957,156.2572,15.2951,203.1378
61.4087,126.1223,105.0465,94.4758,184.5933,-6.5416,122.2600,201.7831,478.1512,473.7734,113.1212,12.2442,135.8660,-101.3064,206.4859,179.5291,137.5713,25.8370,137.9485
48.8406,146.8103,168.7676,90.2341,154.1194,-38.2028,104.1897,124.9581,392.5740,361.9744,132.0042,-38.0845,81.4721,-103.0366,236.6645,209.5368,121.7140,39.1029,125.2998
41.6564,43.1886,186.8934,59.1889,150.5190,-23.7093,79.1299,126.4970,254.7162,354.1776,81.6328,-112.8589,27.0485,-73.9702,191.2055,238.3521,59.3845,4.8487,168.5580
57.8113,-68.1603,135.6983,-30.1322,113.2729,-44.6040,54.0456,160.5824,252.9895,414.1081,2.9370,-138.6330,-13.5926,-81.7891,152.3045,220.7179,-22.5102,-52.3070,178.7167
68.4796,-89.7375,108.9336,-88.0242,36.2246,-127.9297,64.3660,118.8610,352.2336,333.1479,-3.1249,-97.7588,-40.7534,-93.0444,176.0306,144.9288,-25.4772,-84.2270,121.2692
55.1013,-113.0062,177.9475,-70.3483,-1.2462,-221.4911,53.2614,-19.7134,298.8146,143.0811,71.1200,-60.6289,-47.1474,-142.2863,155.2725,56.6984,48.5657,-80.1387,47.3219
50.1213,-163.5185,256.3983,-53.9760,46.6039,-239.8369,-8.5966,-149.2629,120.1903,77.1060,124.7096,-63.6613,-21.7407,-194.9683,55.4768,41.3192,67.9291,-68.6106,6.3910
52.0092,-125.3893,220.9079,-87.3473,128.5125,-137.6114,-7.2943,-150.5848,117.1479,191.3429,117.4419,-60.6131,33.0825,-120.4680,35.2867,121.4606,-20.5604,-60.1490,19.0573
35.5745,-41.7060,109.1798,-133.6137,183.5659,34.1769,105.4984,-20.3054,329.9061,350.6145,105.0660,-44.9796,104.0576,22.7536,139.4258,212.5599,-112.4301,-29.9907,80.7265
37.8025,-33.3398,60.6387,-151.8105,209.1312,181.6038,186.5070,130.2939,430.2752,444.3429,109.9054,-68.6034,156.0838,65.7875,187.2558,233.0341,-126.3215,8.7450,137.4822
58.0314,-23.7607,95.3007,-131.2064,221.4937,256.7361,147.1682,190.7513,255.6567,459.7819,102.2450,-104.7043,150.6283,35.6899,112.8817,193.4971,-97.5458,2.0925,136.6892
36.3835,37.8279,117.1186,-95.8830,222.1680,242.7267,98.8677,138.0146,96.5252,427.2407,85.9721,-81.8317,111.6891,22.7102,70.7745,149.5145,-69.8239,-57.0234,86.5418
25.5759,24.7924,91.4692,-78.5266,192.1898,131.1841,97.9788,17.9517,171.7932,319.7675,81.5202,-43.0410,86.1453,-14.9976,106.3183,129.4020,-38.7539,-122.2142,0.1309
100.4742,-30.1298,57.5528,-52.3064,95.3429,-31.5670,17.0125,-112.5922,228.3739,108.0704,76.2735,-63.9731,46.7518,-102.7522,81.1658,98.5472,0.3006,-153.0999,-124.9418
163.9699,66.9213,29.0332,24.0614,-52.2607,-151.3880,-161.2279,-192.9029,76.3766,-41.8499,68.4650,-82.2293,-37.1081,-182.9379,-27.2377,12.2373,29.7623,-118.9958,-228.0311
141.0337,259.6188,6.8162,103.4553,-150.0033,-171.3360,-236.8073,-171.5780,-37.1919,49.6248,76.7031,-20.1180,-108.0110,-209.2526,-91.6940,-69.8130,32.2521,-23.4373,-229.3887
121.4585,316.6482,10.4313,131.3321,-146.1819,-114.3705,-148.2130,-85.7811,16.3263,192.9192,81.8677,61.6342,-130.1053,-142.9287,-83.3822,-48.3791,33.8705,59.5550,-163.9690
130.1058,233.3082,38.6548,146.0249,-123.3525,-56.9005,-86.0935,-60.0208,22.7702,103.3693,63.5454,100.7459,-155.5207,-14.6676,-73.1127,22.0326,90.5214,78.5360,-141.6516
119.1214,181.3996,79.7978,176.4548,-160.4490,-62.8241,-146.2582,-145.7228,-60.2423,-87.2612,69.2138,127.1493,-198.0534,33.7019,-77.9929,12.1296,181.7954,79.0873,-204.1635
161.2368,212.2094,143.7153,191.7846,-217.4636,-120.3812,-231.8838,-253.6894,-98.6804,-118.2680,138.1745,140.6256,-208.2335,-27.3819,-101.1072,-57.3965,223.1825,97.8498,-302.3302
279.7275,237.7388,213.7492,199.5331,-214.4489,-171.2055,-287.8199,-312.1834,-147.1940,-77.0869,211.1128,112.6777,-184.9805,-65.1415,-159.1738,-94.8045,225.5434,107.2669,-358.7122
321.1774,200.9263,232.4964,218.5694,-124.1613,-181.5385,-292.0412,-348.5656,-223.0017,-120.8090,208.5245,85.1555,-150.9990,-58.1057,-178.4059,-100.6758,254.9336,111.4391,-326.0492
240.5942,148.7648,177.8752,204.1588,25.0316,-133.7575,-166.5321,-362.1385,-164.7965,-158.5622,138.1432,84.5200,-81.5110,-83.3460,-80.4029,-80.9579,251.2310,138.6761,-229.8051
151.8696,130.7805,91.7563,132.3003,173.7367,-32.3287,41.6291,-307.6688,-26.7692,-131.9161,70.9843,53.9708,20.7136,-104.4483,38.4231,-18.2888,139.5554,145.4035,-136.8895
77.3336,108.4182,40.2771,39.9750,276.2771,42.9254,147.8584,-231.1036,-13.8762,-147.1427,64.2369,-24.9306,88.4057,-92.4779,46.8492,9.1645,22.0260,78.8634,-85.6953
12.3060,55.0455,66.3194,-44.3916,322.6436,34.9108,117.9852,-207.8034,-58.4252,-187.0494,118.2643,-95.4047,91.1350,-113.9743,0.0409,-62.4627,5.7312,-6.1036,-81.6932
34.1252,12.2843,134.7417,-77.3521,303.0449,43.4249,73.6267,-179.5710,-11.7779,-117.7532,180.5319,-115.2822,69.6966,-121.2689,13.7402,-119.1074,27.6271,-9.2653,-100.8753
106.7662,-31.1478,158.8261,-16.1283,221.3930,165.6288,53.2804,-83.0022,38.7064,7.3123,202.9266,-71.2147,63.0839,-12.8556,64.2434,-59.7710,34.5976,62.4161,-86.1835
111.4567,-90.5757,127.8043,55.2524,136.9772,290.6952,27.7625,-25.3614,1.1026,9.0989,186.8166,19.5056,67.2175,110.6231,69.9558,14.9042,79.1769,88.2326,-33.3923
93.0302,-58.6465,117.6297,20.1018,92.5701,271.8177,7.1775,-92.1376,-51.6499,-94.2658,159.1339,85.8189,50.0162,107.1734,35.8021,-2.8062,145.3564,4.3489,-19.7679
120.8413,80.4636,146.6167,-70.3183,47.1521,170.5101,-17.2376,-157.8250,-70.1154,-127.9243,135.0231,87.7099,-5.5936,46.6511,19.1964,-50.3855,141.5686,-90.5007,-58.1506
96.0147,122.4702,141.4560,-124.0133,-36.3030,129.6129,-70.5956,-114.0643,-88.0709,-76.7284,106.1348,71.4465,-71.5441,46.3802,34.4939,-47.5417,70.2149,-98.6517,-60.5844
-24.4158,-0.0593,66.9581,-173.4770,-119.1136,156.2601,-115.7992,-47.5301,-106.6740,-62.8130,50.7115,71.8585,-113.2022,87.9055,43.6401,-26.5680,4.9275,-76.3321,-2.9672
-123.6204,-101.5560,-21.6769,-233.7725,-155.4538,175.3429,-108.0777,-26.5045,-76.6095,-75.6957,-21.6539,58.8594,-130.0508,105.6669,24.6745,-28.9326,-27.7333,-80.3937,65.9146
-147.4741,-109.1524,-61.9554,-238.5553,-132.3164,180.4283,-46.1383,30.0016,6.6484,-39.8685,-53.2643,15.1803,-116.7729,80.3304,16.7500,-17.5752,-31.6544,-35.5167,156.1344
-132.3382,-120.5932,-57.9761,-201.8008,-46.6685,224.2446,57.2760,155.7173,35.9190,-35.0212,-26.4240,-28.2902,-59.9926,40.0980,50.5427,33.5938,-18.5983,83.9371,274.0097
-99.4137,-151.2240,-57.4184,-187.2050,71.0044,314.6653,155.6059,264.4700,-56.2156,-106.3522,-5.5570,-33.1762,8.0186,46.6318,86.9393,76.6266,-23.1586,178.2077,340.8425
-102.9905,-163.1712,-68.0463,-159.5976,161.7168,399.4205,195.1249,324.0305,-131.3541,-89.7157,-23.3074,-0.0231,49.2028,127.4254,94.4804,88.4431,-50.1466,226.5451,329.8864
-176.4707,-162.7621,-46.4187,-87.4652,212.1826,437.6542,204.9878,367.6774,-61.4262,47.4570,-21.8753,11.0487,82.4350,211.6363,101.4584,106.8879,-47.9207,280.2343,322.2268
-210.5917,-126.7767,18.9036,-45.5824,261.7356,419.2578,241.4248,363.6048,62.4511,94.3820,34.5491,-38.5485,125.7864,200.3252,123.0861,130.1467,9.4030,289.2714,349.7717
-134.7618,-51.5630,75.5456,-66.3663,318.2469,339.9883,279.2965,277.2883,147.8117,22.3074,86.2444,-88.5522,148.4183,92.1184,141.9714,120.2996,79.1955,212.6817,363.2544
-71.1200,-26.2749,72.9825,-93.5873,337.0262,221.1163,274.5617,168.1658,202.6532,7.7137,63.0938,-88.3112,134.1507,-0.6066,156.3042,94.5864,102.9733,138.3189,327.7709
-116.4196,-76.6042,-1.3234,-112.2834,279.4654,120.3478,231.4025,86.6800,177.2137,24.7439,-19.4529,-78.7301,105.2760,-0.7834,153.2148,63.6724,60.5974,108.1579,234.8492
-183.8870,-110.0169,-111.9851,-136.1717,172.8690,68.1901,175.0663,23.4977,86.3174,-36.2209,-76.8886,-70.0382,84.2338,20.3933,106.3747,-7.5971,-3.3915,80.8393,116.9081
-167.0010,-74.6614,-182.3085,-137.0183,93.7164,41.9209,146.6003,3.8983,68.7160,-75.0073,-67.1101,-24.1947,79.0597,-26.0942,43.4090,-86.1482,-25.4038,77.6549,62.1460
-80.8112,-5.7116,-180.7022,-117.3060,71.1276,19.1835,172.0810,50.3943,91.0459,-30.6431,-42.8351,14.6401,72.8532,-89.3755,13.1796,-107.7575,-25.6703,100.1692,98.7318
-29.1904,32.0237,-171.5359,-125.2796,53.4634,-4.3328,217.0397,99.9457,40.7283,-14.6112,-51.9069,-15.9938,42.8999,-91.5891,10.8809,-117.1764,-84.0895,64.3132,157.6559
-90.6210,-17.9685,-211.7092,-171.9554,14.3916,-23.5812,262.7141,121.9216,38.9094,-17.6455,-67.7020,-68.4176,22.8271,-68.0115,26.3615,-157.2003,-188.7361,-10.4281,210.3339
-204.6743,-114.9616,-272.7816,-270.5519,1.3607,-9.5377,332.0004,171.4368,143.4717,36.7591,-70.6839,-78.9035,56.8804,-66.3400,72.1988,-159.8818,-235.8927,-17.9073,262.4087
-255.5358,-136.6822,-296.9928,-463.1777,33.3363,47.4232,376.9911,220.8525,144.4321,41.6014,-73.9119,-55.2576,100.4395,-60.9641,115.3455,-115.0867,-194.2977,16.4243,251.5376
-262.4381,-70.1245,-248.3967,-689.9383,72.1039,93.2896,334.2116,174.5778,10.4919,-69.7953,-53.8086,-22.4287,102.0952,-34.4121,107.2092,-106.9481,-139.9212,19.6382,156.8202
-293.0084,-29.1334,-140.1011,-809.1714,109.8481,96.8129,262.0005,82.9055,-52.1488,-125.8347,4.3291,-16.5870,109.5797,-10.1237,72.8461,-126.0066,-130.0508,25.3728,70.9422
-286.3191,-58.7512,-47.3332,-813.7379,153.7935,97.7281,214.4257,62.3864,-4.0603,-10.5735,54.8240,-61.4870,156.4210,-4.5015,61.8766,-104.9363,-143.6329,41.4557,24.5280
-194.7376,-96.4001,-15.0228,-824.2324,160.1636,95.7314,142.2192,57.5303,91.0829,137.2238,86.8096,-94.3620,180.1862,-11.8327,68.2209,-68.7426,-137.8496,9.6657,-43.0131
-113.8708,-107.9543,-2.5168,-876.5033,109.2238,43.8964,65.2545,-39.6084,212.3614,129.5327,124.4909,-66.0130,150.2744,-6.0091,69.0014,-57.1734,-105.0415,-36.3004,-110.4679
-103.4088,-125.7356,3.6230,-901.0978,65.0896,-10.1974,73.0559,-155.6709,247.1371,-14.4424,115.3694,-43.0876,113.2099,22.7269,71.7328,-51.9309,-72.6514,-18.5568,-119.2351
-112.6867,-146.3439,-35.5018,-855.9401,56.6929,19.7838,111.4717,-168.5859,161.5744,-74.9849,14.4003,-54.5343,77.1837,33.4156,80.1288,-43.6040,-61.9518,35.6301,-115.5120
-113.5957,-90.6974,-87.5785,-766.6234,18.9160,62.4936,66.1376,-125.9713,98.2424,27.8274,-79.4469,-31.3798,11.7765,8.8089,71.0426,-24.8106,-66.6040,40.2523,-149.4859
-111.9966,39.7372,-101.4032,-701.6566,-83.7600,-17.8272,-28.6741,-128.9304,24.4844,73.1573,-67.3972,13.4169,-71.0681,-6.7103,25.4249,27.0701,-99.2476,-41.8001,-189.8759
-116.2142,76.0232,-123.7430,-725.2652,-196.7099,-171.9868,-81.4567,-143.8260,-112.6345,-14.5589,-6.2946,-8.5550,-134.6084,-10.0971,-23.2535,94.0314,-190.7469,-157.5976,-223.2075
-143.5890,-29.4783,-184.7899,-797.2509,-264.7003,-230.1438,-81.2525,-79.7442,-49.0959,31.3661,-8.2892,-62.5332,-166.9328,-26.7755,-18.4486,155.2428,-302.2476,-192.2990,-263.4474
-120.4832,-45.0704,-229.0630,-802.0304,-278.7318,-175.5260,-46.2068,33.9746,239.5044,249.1698,-107.2555,-20.1914,-174.9889,-15.3739,30.1651,208.7619,-332.9332,-132.1744,-278.4714
55.0810,138.5936,-262.8029,-713.0034,-247.8157,-136.1909,-3.6985,82.5077,296.3915,326.9447,-240.3789,146.0853,-167.2578,34.8769,55.1176,196.2345,-262.7482,-106.5286,-246.0848
246.4520,298.6829,-340.8165,-606.5506,-195.5398,-146.9253,5.2696,42.0834,35.6979,209.1118,-292.8958,311.8842,-139.2437,47.8930,29.7476,96.9598,-178.3912,-145.8603,-204.6393
234.4909,298.1814,-397.1759,-526.8716,-144.8359,-130.1430,-10.2694,-5.3184,-142.0390,86.1528,-213.0888,334.1483,-86.4036,28.9872,-26.5201,30.2727,-137.3605,-128.6940,-188.8056
113.8014,260.9977,-324.2726,-456.2272,-85.1798,-76.0946,-22.7937,-19.7545,-140.2872,-32.3144,-63.6710,249.0495,-38.4423,59.8747,-92.3698,41.7943,-115.8227,-38.8610,-191.4930
95.2558,250.6026,-160.0095,-372.4307,-14.2815,-37.4958,-48.8542,-21.2453,-95.3102,-111.5917,79.4174,251.8545,-24.7143,114.4627,-124.1523,16.1363,-78.9937,28.8184,-173.0825
137.0236,226.5970,-28.5046,-272.8627,21.2058,6.5513,-77.9460,10.3106,4.8984,-14.5171,158.7570,374.6024,-27.4968,123.7038,-92.9982,-45.5623,-18.8483,71.5436,-88.5943
150.0345,222.8966,9.7247,-197.9021,-0.0088,89.6767,-63.7573,92.2754,34.3006,94.7906,102.7549,400.9512,-35.3955,111.8483,-56.3499,-18.2200,36.3723,111.8753,39.3508
176.8191,255.6803,-30.7741,-202.1452,-30.1280,145.1095,-26.5060,166.3959,-109.4411,35.5892,-46.6334,244.8261,-69.0528,107.8551,-71.0128,52.9561,26.7612,103.9127,134.2979
183.9018,273.5459,-102.4603,-249.6671,-45.7859,118.6533,-17.1353,203.1559,-118.0123,60.7707,-94.6480,103.9665,-113.2519,101.9697,-103.9034,32.5546,-50.1862,63.6994,183.5361
128.0462,271.8049,-152.0695,-242.8095,-83.6598,69.4118,-33.6306,242.9193,98.5798,276.2506,31.7112,117.6649,-129.2813,100.0074,-122.3578,-38.3669,-105.6065,52.9147,214.1805
127.1719,241.9739,-156.8273,-181.5607,-145.1383,44.8778,-71.7892,263.1790,136.6746,333.3895,163.3394,184.0475,-121.4069,71.2592,-132.4482,-53.1208,-104.7739,39.7743,189.7990
194.4796,172.4299,-137.1855,-150.5053,-182.7401,13.5202,-134.9419,201.1614,-5.2289,182.2296,162.2576,166.1555,-104.3168,-14.1200,-108.2191,-26.0774,-126.0249,-7.0312,90.9328
166.8325,157.4792,-131.5801,-167.5501,-191.6065,-37.8121,-180.6613,97.9351,61.6939,137.4289,83.8712,52.7721,-83.7846,-69.9881,-47.5635,-8.6612,-195.3360,-41.9970,-3.5358
73.9242,211.8219,-154.3965,-190.6416,-204.7466,-95.7891,-185.4532,19.2263,198.6151,152.6735,24.1149,-57.8289,-90.4016,-40.3478,-23.5173,-4.9383,-231.8337,-78.5728,-43.0934
76.0691,174.8767,-175.6309,-207.5490,-218.0509,-164.2813,-192.2645,-58.7235,78.6240,20.1417,13.6583,-45.5056,-117.2921,-18.7599,-60.4121,-12.4114,-208.1214,-160.0436,-76.9303
104.9480,63.5455,-167.5492,-198.2947,-207.1013,-200.3842,-223.5547,-131.6978,-74.1568,-93.2827,55.1183,77.3279,-97.6981,-30.0260,-104.5945,-41.7492,-179.9799,-202.0647,-139.9211
47.7612,81.9919,-140.3895,-108.3443,-170.9184,-134.3294,-247.8694,-132.2281,-24.6717,-45.3987,124.8580,138.3987,-39.7800,15.7801,-132.0850,-97.1892,-150.2606,-113.0315,-197.3529
12.1503,193.1363,-99.4883,51.0095,-114.8120,-14.6768,-232.3996,-93.0146,19.1976,-28.4498,158.8230,41.1881,-26.2914,77.0967,-130.1279,-135.6015,-79.6384,21.6599,-214.7590
82.2113,226.1838,-44.6788,183.3627,-57.7364,35.0263,-175.9692,-119.4150,-80.0787,-132.8841,115.7934,-79.9642,-51.2617,46.8330,-77.1958,-93.3621,-1.4006,65.4071,-206.9158
167.4801,235.0856,-13.3989,238.0899,-47.3475,5.2413,-130.3460,-203.0538,-209.3595,-215.3019,50.4546,-63.6919,-50.1556,-9.9893,-30.5025,-28.0655,19.4851,26.8446,-214.0097
194.4622,265.6650,-18.9251,251.8217,-88.0476,-13.9961,-142.9025,-257.7459,-266.5549,-207.2271,57.2306,26.1364,-34.0149,3.7222,-47.3816,-72.1886,-6.0194,18.1377,-231.6608
157.8417,181.5524,-4.8065,253.8642,-107.9989,19.6700,-155.5773,-253.4260,-169.2021,-157.6065,124.1322,14.7319,-30.6107,35.6713,-54.9417,-169.1633,-21.0925,90.9807,-199.7037
73.3054,15.4698,39.7250,248.5710,-73.4950,86.7393,-100.3250,-188.0534,20.9218,-116.0726,143.9064,-74.0068,-26.3749,28.4121,-2.7707,-137.9655,-14.2834,180.6449,-112.2743
6.2396,-25.9930,37.9701,263.9098,-50.3363,149.7782,-41.5240,-70.8018,44.0036,-86.3659,89.1529,-57.0480,-44.0753,8.8670,22.5694,-16.9002,-17.6422,207.7466,-49.4334
-8.1834,48.8831,-35.8737,297.8280,-88.8272,154.5901,-46.6596,19.5093,-91.6181,-19.6502,27.5084,62.8213,-108.4101,-3.2442,-9.8975,9.7695,-41.0498,174.3593,-38.2698
-11.0729,83.8091,-112.8669,286.3178,-145.2392,88.2372,-63.3390,23.0689,-85.5807,58.6249,-14.7078,101.5070,-157.7012,7.0126,-16.3350,-39.2690,-57.3521,117.6148,-12.7330
-7.0105,56.1736,-132.6392,230.6881,-158.0557,30.3170,-48.1050,19.2486,51.6472,56.6882,-35.2312,34.6197,-135.3134,60.8537,20.3461,-13.3331,-52.2255,54.4774,61.3354
1.5625,-0.5875,-93.7917,221.2395,-119.5076,44.4741,-14.8562,96.8694,81.4561,44.2152,-6.1063,-19.0468,-73.3018,110.7684,51.2502,73.8003,-49.0416,13.5725,144.3997
-52.0778,-83.1100,-44.5981,251.9726,-57.7956,74.2454,42.3759,184.7795,49.8764,118.3690,28.1178,-61.7287,-13.1407,87.9112,73.5074,97.1890,-72.1964,14.2445,188.7659
-131.4541,-135.4678,-47.1047,216.0995,5.0180,54.5007,104.7332,176.4879,82.9738,141.2857,-12.1590,-124.0750,37.9310,17.8170,84.9109,50.2308,-117.0855,22.8251,184.7991
-112.8277,-123.7326,-96.2034,134.5633,79.1658,37.1615,141.0313,124.6378,102.3112,43.6743,-72.5009,-121.6825,77.4036,-20.0313,71.3210,25.7576,-153.3395,21.7324,173.2972
-46.5640,-112.7247,-118.3980,146.0523,181.4731,78.9483,197.6055,131.3966,78.9369,14.0294,-51.6332,-50.9279,117.1030,2.3863,63.0822,34.7499,-131.3514,35.6064,180.0812
-50.7388,-120.0552,-68.6476,264.8227,271.0032,107.3803,260.3981,138.3846,65.7179,65.0075,26.7422,-22.5026,162.6886,38.2132,53.1399,-8.4644,-24.9763,48.3073,142.7080
-51.2470,-69.5008,42.2366,379.6088,276.6384,46.6688,192.3371,32.3644,17.3929,-0.8295,107.4870,-20.3568,178.7915,19.7074,-23.9946,-113.5151,113.2552,38.2235,26.1897
30.3416,40.5888,171.6557,445.2271,213.0214,-25.8872,20.0482,-114.1307,-49.1417,-131.4507,195.7020,38.6300,155.1621,-41.6843,-126.3666,-175.6225,205.4864,65.4549,-61.1244
92.4335,101.7855,246.7154,489.6469,171.7043,-0.4245,-51.6337,-136.1367,-36.8133,-148.8706,271.5813,95.8824,137.8629,-57.9357,-131.3806,-158.8780,240.9958,168.4198,-33.5302
80.9062,65.8439,229.2157,509.7988,174.8881,92.6544,-13.3081,-45.7167,-2.6260,-108.3651,296.0749,77.8082,135.9499,-18.9134,-56.0540,-133.4586,237.6696,264.5227,33.7146
73.7953,16.5788,167.0671,485.1540,145.0158,158.6939,-22.2635,20.2471,-18.4302,-97.5625,266.7346,35.9856,106.9384,-6.6162,-16.0132,-107.8316,181.8392,275.9517,60.7178
79.8478,29.9081,106.2272,434.9803,39.0270,174.1610,-69.7777,37.9858,-21.5436,-81.1074,175.9337,19.5308,48.8453,-22.2915,-24.9929,-53.3088,95.1596,238.2498,69.9520
43.8427,67.0891,51.0255,408.4481,-74.6058,158.7400,-60.1673,70.8926,-39.5166,-76.1474,60.1024,13.6505,5.7673,3.7575,-32.4483,-37.1522,60.1346,216.4819,93.3479
-17.2319,66.2788,33.3510,430.6958,-97.3283,128.4165,-12.1734,116.4950,-116.8621,-85.9064,42.5406,9.3918,9.1122,54.5069,-39.0174,-94.2134,104.6367,218.7053,134.4793
-54.1736,31.9835,71.9264,466.5560,-13.8663,111.9029,48.1761,140.7020,-91.0959,-34.3820,136.2731,10.8145,64.7186,80.0718,-40.1656,-120.5029,166.5135,221.9297,175.1733
-42.7548,-10.2266,114.8699,470.3826,101.8357,119.0103,121.6830,133.7305,53.4370,8.4161,186.5661,40.4089,142.3796,107.1560,-0.7274,-71.7682,198.4100,217.6018,151.5087
20.8019,-21.3588,136.6350,458.3301,172.7972,119.3886,133.4016,69.2467,18.6175,-90.3643,147.4273,122.1760,176.7736,145.1347,39.9122,-32.3467,205.2313,209.0377,41.5452
91.0257,52.3002,161.3352,465.7604,174.6358,109.2797,45.7394,-35.2032,-222.6520,-221.9688,129.6725,203.9794,138.1183,156.4421,-11.0657,-9.6755,196.6142,188.1690,-58.1529
115.0452,150.2496,163.5186,478.9022,127.9743,114.2416,-46.4887,-68.2093,-319.3884,-218.2560,135.8732,226.7337,73.0245,178.5972,-128.8608,65.9441,181.8611,146.6322,-70.7762
110.1475,124.9165,116.3765,476.1417,86.7985,110.0868,-77.0405,-3.7700,-192.7472,-152.8183,78.9614,240.0220,39.7673,257.7957,-170.1038,150.4658,174.3827,96.7509,-48.8332
102.5235,8.2714,73.1142,462.6096,95.3237,54.0067,-87.2253,17.8864,-91.9130,-152.7669,13.0437,282.8677,45.5506,303.8341,-90.9789,145.2765,163.1701,42.0635,-76.7963
64.6586,-15.7930,61.9902,428.9673,114.1453,-32.8406,-130.1665,-73.2772,-99.1464,-173.6694,37.1559,288.7116,59.4604,231.7419,-18.2167,81.3814,117.1195,-34.7356,-181.6548
-9.6053,62.3759,38.7306,355.6779,72.4394,-112.0439,-221.8785,-177.4595,-159.9005,-156.8077,80.7615,228.7319,51.7301,121.4833,-36.0522,58.5000,24.2983,-117.7187,-320.7242
-62.7816,98.3468,1.2712,257.0453,5.2151,-180.2130,-315.4255,-228.1009,-279.1433,-171.5170,33.7993,151.5988,16.5021,59.7485,-64.9951,76.4359,-84.9799,-157.4989,-390.0740
-46.4602,65.3290,-8.5277,178.5426,4.9182,-212.6369,-321.4969,-244.6411,-345.7845,-250.1099,-42.0979,68.1775,-27.5673,8.6013,-31.9889,62.7527,-144.8976,-137.4606,-328.3382
10.3046,14.6151,9.2813,165.8465,65.0454,-173.6089,-243.2509,-207.7683,-214.8990,-260.9254,-31.2665,-22.0249,-55.9151,-61.4816,17.2698,19.9501,-114.4976,-78.1598,-198.9445
24.2541,-68.1814,36.9787,207.3776,117.8084,-108.6137,-177.3898,-116.4791,-30.1246,-132.3990,23.9626,-78.2903,-64.3334,-109.5624,36.2328,18.0903,-45.4745,-14.8642,-82.1411
-26.9399,-164.3713,64.0373,209.5490,149.6090,-96.7176,-142.8486,-56.9349,3.9363,-26.0529,9.3529,-90.6454,-72.4273,-120.4416,33.1853,51.4181,-26.5572,-2.3711,22.1410
-67.1232,-192.7056,61.4564,118.4976,165.1559,-125.7230,-74.8570,-47.3840,-3.0771,-42.0011,-53.8240,-84.7618,-84.3933,-101.7480,11.0988,52.4650,-67.1493,-60.9424,128.5284
-71.2309,-173.1004,25.1067,12.3691,151.1040,-133.7931,38.8511,2.3647,111.3552,-27.8607,-68.4128,-69.4939,-71.3535,-49.2565,-2.6796,42.7592,-112.4011,-134.9212,220.2437
-107.2438,-204.8023,-2.3227,-30.8677,126.8643,-124.0517,148.0760,101.6474,230.6170,75.6921,-47.1500,-57.3473,-30.4643,-5.4544,43.5276,84.6111,-132.3155,-178.2059,278.8226
-156.2570,-266.4487,-9.2170,-33.4982,117.8670,-132.8086,199.6831,164.2746,198.4548,123.3083,-67.4807,-53.6358,-9.8502,-21.1546,104.0424,131.5501,-129.6875,-196.9277,290.4615
-125.6266,-238.8804,-27.4264,-15.4815,110.8822,-146.7610,176.4562,173.4399,97.0536,120.4469,-127.6932,-36.9548,-24.4353,-46.4223,91.4535,125.9198,-116.3069,-179.3238,259.0153
-54.3233,-130.0514,-53.8953,36.4390,112.2652,-138.0329,130.6766,165.9759,90.7612,171.3997,-171.7657,-24.9963,-26.9449,-14.5755,63.9016,124.0018,-103.8358,-118.6037,209.3589
-38.4452,-90.3727,-41.5983,83.6174,143.2061,-129.9321,109.0281,118.2480,168.5951,177.6039,-157.5155,-61.8994,-1.6475,25.9079,116.2912,153.0240,-74.0327,-83.6545,140.3452
-43.3764,-169.9327,32.7052,75.7081,159.9685,-159.9240,65.7174,-4.3385,150.9158,56.4098,-66.7146,-128.5324,12.3361,2.8936,171.2386,131.4866,-9.3493,-133.6444,46.3610
-20.2564,-251.5200,119.5918,26.7791,112.2423,-207.9990,-24.3583,-147.8638,-40.9602,-60.2634,37.7366,-174.0627,-6.2986,-57.9910,134.4080,38.9781,32.3660,-227.3245,-17.4352
-21.5225,-274.6032,129.3794,-28.7815,32.1488,-217.3842,-85.0208,-205.2493,-188.1959,-77.6826,31.4259,-165.6399,-59.4827,-92.8211,82.6199,-34.9132,-3.3904,-301.5905,0.4861
-59.2100,-295.0130,46.9764,-66.4865,-38.2839,-176.6246,-88.2781,-144.1185,-62.2911,-3.1082,-90.3656,-79.8332,-155.1571,-80.3828,79.1155,-36.0651,-50.5355,-343.6579,53.4127
-66.8561,-297.4096,-31.5980,-66.2139,-105.6391,-132.3394,-108.6541,-70.8784,148.5754,120.4276,-188.9194,28.2819,-265.8440,-39.8359,38.8218,5.3179,-38.0381,-348.2820,53.6496
-25.4083,-220.9208,-28.1453,-43.4003,-158.0614,-116.5543,-172.1026,-96.9725,102.8529,131.0556,-190.2390,43.4422,-330.2106,-16.3803,-74.7603,29.8536,-6.5905,-292.8619,-9.0660
35.0507,-132.9692,37.0829,-10.4034,-158.2256,-106.5132,-218.7937,-160.4525,-89.5603,5.2190,-147.3236,-21.5748,-321.6250,-46.4092,-164.0522,1.2230,27.2904,-171.0797,-48.8846
76.2402,-118.6272,118.5156,76.5805,-116.5445,-70.9767,-207.7784,-134.5923,-66.8123,11.1636,-103.5514,-54.2922,-262.9960,-111.5198,-162.3876,-46.2218,124.4123,-15.7411,3.4907
50.0326,-128.2845,193.7180,221.7587,-84.0597,-22.0894,-155.0186,-58.2476,112.8441,151.3108,-55.3049,-52.3130,-196.6864,-162.5350,-92.1440,-55.6673,257.8160,113.0653,89.1447
-18.5435,-115.3649,243.3730,336.7449,-78.9588,3.2471,-100.8430,-37.8489,112.4054,130.1639,-21.1913,-72.6507,-157.1465,-177.2931,-5.4714,-42.1537,327.5604,176.4394,117.0454
-31.3390,-113.9944,256.3992,363.7983,-61.5558,1.2798,-57.7933,-31.2233,-45.4531,56.6697,-33.3298,-99.0309,-133.3284,-169.8952,34.2531,-40.3540,324.3978,193.0175,125.1888
11.4381,-115.5973,235.1327,320.3872,4.3824,1.9676,2.5339,33.0404,-79.5402,145.5575,-70.4699,-118.2978,-90.6977,-162.5928,17.0802,-42.1625,278.4857,196.2491,172.1647
22.5224,-85.7648,201.0781,235.6205,74.7274,3.9970,62.9584,87.9944,24.1559,108.3142,-59.3992,-128.2708,-45.5095,-154.2710,10.0958,-63.3787,194.9697,178.2445,193.0048
15.4846,-47.4259,210.3045,171.5318,77.6796,-20.5008,49.2517,79.7882,81.8556,-104.1970,29.3167,-77.3931,-35.9056,-125.1731,17.9647,-116.4837,157.7272,124.2531,153.4763
65.6402,-12.6138,276.4443,198.2864,34.0426,-42.8650,-37.6646,70.8361,43.0426,-32.4604,117.5728,1.9482,-49.2627,-86.2305,-30.5684,-140.7430,235.5156,67.6520,118.9835
154.7478,25.6268,310.8249,273.3260,13.2153,-14.9076,-119.5772,68.0494,-72.6753,150.4981,125.4130,-6.6359,-60.0636,-75.2299,-103.4306,-133.6132,302.0281,52.1395,69.1374
205.8371,23.5001,264.2589,294.5384,18.4254,14.0041,-161.1367,0.4384,-252.2245,-125.1734,86.6920,-60.7880,-66.2538,-96.4954,-107.2752,-181.9475,237.5412,54.5755,-43.8304
161.9920,-38.4832,214.4772,250.2482,33.2757,-20.3509,-145.1167,-86.1503,-353.2727,-478.1348,61.0826,-27.1302,-47.6075,-121.8263,-64.5189,-230.8544,145.2049,30.3949,-96.7814
23.9742,-94.6428,199.1222,177.0192,71.1256,-49.5969,-47.1997,-78.7945,-244.8263,-312.9925,26.9084,26.4269,6.8104,-125.3319,-17.1544,-139.1611,113.4403,5.4502,-7.5677
-86.2608,-82.7497,150.9781,100.9351,101.2968,6.3548,67.2266,-9.7463,-69.2994,-89.0172,-34.4757,-34.0342,54.1175,-74.7489,76.0508,9.5548,69.4257,30.6910,67.0811
-35.4120,10.4667,66.1652,83.8467,86.3968,78.9121,110.9679,17.1697,-16.0239,-236.1383,-66.3488,-131.7866,70.4870,18.6130,177.4831,32.4584,11.8243,83.8573,30.9028
106.6384,133.7521,20.8010,142.5867,76.9538,81.1850,117.2038,13.4667,-0.4624,-248.5819,-35.8358,-145.1453,78.2833,50.9576,174.1292,-24.9361,18.5341,113.5730,1.8967
180.1494,159.0614,19.8822,176.2255,97.4529,46.3909,118.0165,25.1817,96.6628,82.9983,-0.1236,-124.9423,69.3320,-24.7439,101.3468,-39.9096,37.0588,122.7050,19.4680
183.0067,53.1046,8.8077,143.6292,64.0268,25.7032,51.3788,18.4473,145.8347,235.1554,-15.0692,-143.7039,27.6032,-83.7705,69.2366,-46.7768,1.3566,123.8319,-6.2113
169.8190,-15.2751,-25.7419,133.9785,-46.7608,16.4097,-60.1428,-6.1468,44.8919,115.6617,-50.9704,-159.4243,-15.0671,-34.7366,48.0993,-59.1119,-17.0081,106.8069,-49.0727
111.2016,58.6072,-65.0733,161.3238,-138.5386,23.6725,-93.3137,32.8941,-28.1034,130.3824,-50.7464,-137.6360,-47.0170,20.2550,-15.0464,13.0503,10.2691,86.4892,-14.0522
31.8976,144.7667,-86.2043,152.2148,-158.8436,53.7986,-41.6655,137.5982,72.9507,296.3667,-33.7713,-124.7947,-88.3577,-7.4579,-63.6178,131.2251,12.8050,79.2695,70.9528
12.6835,141.0619,-70.2652,134.2947,-128.8712,82.1651,1.0772,207.2640,188.5427,358.0623,-60.8742,-144.4192,-106.8754,-33.6741,-76.5334,151.1143,6.5009,65.9321,124.5325
16.2719,135.0652,-36.4595,164.0686,-60.8537,98.6671,11.8499,201.6821,139.2855,296.5195,-116.2140,-145.9082,-72.0432,18.0405,-102.2289,89.6461,47.4056,49.1715,124.0699
-12.4623,195.4652,-22.8854,184.5042,1.7370,112.5044,0.2683,165.5325,18.8576,213.1615,-146.3851,-105.4551,-40.0077,84.6254,-126.8493,81.7295,80.7114,49.7245,66.4184
-7.4835,232.3062,-35.4083,163.4442,-12.8567,117.5022,-54.6772,125.5288,-9.2207,162.3509,-168.4820,-84.1661,-51.9932,103.5633,-123.3495,143.7280,49.3275,40.9551,-35.1966
42.9880,139.2192,-57.9486,159.3999,-81.7292,113.5934,-116.0406,85.6021,29.8025,162.8138,-196.7767,-122.6478,-68.8222,105.3461,-123.8966,188.3301,-3.5401,7.7114,-112.5564
42.8858,-15.4268,-61.6181,160.7223,-114.1451,107.9692,-105.8636,60.6308,37.2822,169.3107,-177.9796,-171.5211,-78.6248,115.6407,-123.3733,179.9252,-33.6001,-3.8108,-108.5623
-1.1907,-32.6067,-13.1780,124.9809,-100.6244,87.6383,-52.4252,55.8682,11.4202,168.5149,-117.0626,-188.7153,-112.4450,107.8553,-92.8604,156.0554,-43.6782,19.3856,-61.0224
-16.6244,107.8342,57.0560,118.8816,-104.5535,49.9223,-62.1126,63.5032,-15.0323,205.9663,-87.9370,-193.7743,-148.9946,76.9145,-75.8833,160.2221,-42.2831,37.6152,-52.8719
-34.7970,166.0188,77.3707,168.5221,-144.5669,12.5463,-135.2442,65.9922,-42.5521,220.8717,-84.9425,-196.2448,-147.1485,54.5138,-85.1871,195.7912,-32.5831,44.2248,-91.5236
-73.5085,48.2904,56.4685,169.8539,-180.3217,-23.2783,-159.1956,33.6087,-61.5882,141.7628,-69.9069,-191.7569,-125.3700,47.8735,-47.8752,224.8023,0.1280,50.9033,-106.8802
-68.0112,-38.0453,45.9922,112.3121,-189.7726,-52.9047,-104.2546,-23.7745,-56.7481,63.9566,-79.8189,-204.3084,-116.1575,38.4809,22.6024,211.0908,62.1900,46.6389,-72.5289
-35.5580,-14.1068,30.7161,92.4876,-197.2927,-58.3532,-64.2542,-53.0757,-44.3191,36.6155,-112.7162,-233.8542,-111.4760,22.7528,31.4407,155.4354,102.0141,34.5399,-34.5600
-31.2551,-40.3276,-0.4769,79.0046,-214.7235,-51.8643,-71.0365,-58.9039,-63.9026,-49.4972,-102.3473,-237.9967,-99.7203,5.6215,-6.0636,88.5389,83.1821,30.5854,-25.6418
-9.8740,-118.3313,-8.4989,0.6906,-213.2400,-37.8734,-66.6439,-94.2289,-151.1929,-186.7908,-79.9818,-210.5736,-99.1223,-3.0059,-23.9453,47.9304,50.3223,38.5918,-48.4516
29.3686,-109.4121,-15.3561,-51.3382,-187.2343,23.4958,-64.1495,-137.7790,-263.6792,-236.5946,-113.9340,-182.2025,-127.7522,23.6223,-51.1492,39.9246,37.5501,59.9791,-94.0854
-3.2292,-66.8460,-71.8783,-2.9643,-162.2254,120.2776,-99.8580,-132.5110,-273.5712,-215.4316,-147.2136,-160.3697,-156.2147,77.1520,-101.2651,19.1694,41.0942,70.8468,-116.2115
-66.8716,-88.7237,-120.0676,54.9314,-120.5565,173.2001,-103.5483,-107.4093,-188.2647,-252.3096,-123.0117,-146.3517,-129.9625,94.4807,-118.1292,-46.5812,81.6758,38.6273,-99.2827
-48.3109,-92.7746,-81.1321,71.8003,-40.8631,160.4914,-48.8078,-115.0139,-193.2208,-333.6554,-87.0560,-150.1916,-53.1869,61.2257,-115.7320,-115.0960,153.3817,-0.2612,-109.1539
17.3868,-48.7483,12.2562,93.8100,23.9455,109.7397,-42.6543,-130.8461,-301.3355,-334.9393,-50.2646,-162.8300,4.2244,41.8594,-150.2973,-128.2615,196.6180,-9.6884,-150.0488
61.4276,-61.8327,95.6176,98.2180,39.0878,31.1770,-97.3930,-118.9691,-316.3197,-252.8136,16.1606,-176.6583,11.5463,44.7256,-179.9722,-95.2468,197.3621,-32.5567,-136.7636
99.0911,-111.0951,143.4283,39.9771,50.2380,-34.4483,-105.0871,-110.9216,-254.3054,-222.8430,61.4331,-208.1944,8.2348,0.7944,-148.5336,-70.0655,162.9610,-68.5415,-98.2813
102.4034,-79.4743,136.3197,-30.4738,60.1324,-45.6093,-77.4214,-148.0499,-284.9686,-268.5088,39.4702,-250.1065,18.8545,-83.9721,-96.8151,-79.2649,59.9521,-55.5598,-134.3508
55.7000,-0.6806,91.8546,-67.7155,21.9916,-56.2580,-77.3291,-204.2456,-309.8244,-237.7807,-0.6862,-261.0307,29.8488,-122.0151,-74.2465,-101.5594,-72.1268,-29.4830,-179.2774
64.6017,11.2804,67.1279,-98.3836,-22.6634,-114.0803,-38.7540,-220.0400,-181.2766,-110.6954,-19.3016,-235.1600,37.9843,-103.5295,-76.7162,-110.9332,-126.2550,-49.8156,-123.7149
139.4129,-42.6441,66.8977,-132.8164,-2.1283,-151.2137,60.4415,-188.6949,-53.0670,-61.7220,-25.2075,-214.9109,49.9991,-105.8793,-78.9734,-119.9096,-113.6875,-44.9374,-33.5751
129.8610,-84.6837,54.1692,-146.7884,51.2092,-111.8672,113.9718,-143.5422,-23.5210,-91.6729,-14.6950,-213.9491,67.3741,-144.7005,-32.5486,-144.9464,-113.1507,34.4325,17.8150
22.7425,-76.6656,29.5856,-127.2512,87.7681,-35.3569,125.8925,-73.6230,51.3523,-23.5878,5.3650,-193.3551,101.1181,-143.8969,72.6121,-150.4943,-108.4728,111.6403,90.2857
-48.7596,-34.5263,9.7146,-78.1993,128.7219,41.1217,190.4487,47.8604,141.8733,105.2562,12.1109,-141.9381,157.9160,-67.6430,137.9285,-106.6396,-74.2550,154.4241,194.1921
-65.3761,10.1116,4.9092,-24.5946,179.1514,108.9393,257.4043,174.3947,97.5563,116.4802,19.3685,-107.2033,217.6051,12.3806,102.0195,-67.2024,-35.0888,191.8835,251.7789
-64.8452,32.7288,42.1912,18.7222,212.9442,155.4189,254.0991,243.0506,37.5902,34.0371,44.7567,-103.6870,255.6882,25.0013,52.6468,-85.4099,33.7688,205.0649,270.0341
-12.7628,16.7528,120.6638,76.8936,249.2407,200.3043,266.6004,269.4539,74.1312,-22.6079,79.2333,-82.9337,266.0828,-0.0114,46.4489,-111.3046,136.8929,207.6143,312.1651
70.9897,-7.1576,195.8578,136.7918,313.0365,268.0698,348.3795,296.8473,58.1576,-29.6261,129.6122,-38.1094,258.5187,-4.4336,30.4092,-79.7468,181.3076,249.8351,368.9781
114.7880,48.8367,247.4131,130.7443,369.9614,310.6950,406.5748,332.4903,7.9785,33.4914,182.7019,-24.6593,245.5757,3.9852,21.0041,-18.1293,143.1127,268.7644,400.3380
131.5197,167.7826,260.2746,68.4209,366.4801,269.3135,396.4807,363.6340,134.0199,161.0149,173.8842,-54.4973,218.0121,-4.7652,74.7979,17.2235,102.3939,182.4250,393.2659
129.8472,160.1239,192.1617,32.4946,284.4379,171.8365,363.3887,358.8620,316.7586,244.5256,99.6056,-84.5391,161.8828,-32.7980,107.2777,16.1833,69.7183,59.1003,338.6390
60.4939,-38.4100,65.7188,34.6988,158.0255,87.4995,293.9991,292.1301,272.9948,232.1743,35.4655,-97.0190,105.5856,-77.3883,31.9437,-18.3004,15.6585,-15.7301,236.6783
-33.4420,-192.3999,-33.5987,33.2140,47.0901,41.0820,150.1263,196.3872,95.0485,178.3678,-3.8079,-103.1535,71.8285,-112.4366,-57.0900,-74.0773,-20.1882,-63.3622,114.8300
-67.6294,-116.1816,-91.7084,22.1654,-36.4498,14.8696,-5.6966,116.2737,49.3429,112.0959,-52.7613,-104.2402,14.9761,-85.5339,-71.1881,-90.8054,-22.0784,-98.9167,12.1852
-82.8749,38.5077,-139.1930,-2.9986,-121.8725,-13.4601,-73.5470,46.4451,135.0795,65.7813,-85.4377,-93.0240,-84.1363,-18.1141,-74.6881,-24.9929,-37.5775,-100.1051,-48.4581
-121.9168,31.7119,-151.1790,-58.9549,-188.3836,-61.6353,-56.9401,-17.5933,173.8565,78.7188,-77.8233,-73.3382,-148.1605,-5.3580,-107.1488,61.2056,-84.2173,-93.9938,-84.7575
-121.4747,-134.1539,-124.3081,-135.3198,-191.2417,-131.6460,-42.2030,-56.6400,78.4361,80.8811,-73.7878,-77.8265,-135.1170,-62.3341,-104.9947,80.0421,-161.0612,-115.8127,-115.5474
-85.9842,-253.5516,-123.7923,-221.2112,-146.5757,-175.6241,-45.6103,-67.8362,-44.8719,22.8504,-89.9290,-129.8419,-98.8648,-108.6956,-49.2797,45.6915,-262.3611,-128.1136,-103.8755
-105.1617,-191.5541,-164.0232,-298.8251,-77.6615,-131.0516,22.9262,-48.9432,-4.6298,8.3895,-90.1583,-174.0835,-53.7882,-111.7872,14.4793,19.9852,-322.7646,-76.3234,-30.4467
-152.2672,-53.7405,-190.5233,-308.6255,25.8007,-29.9506,188.6875,-0.7735,166.1319,65.5240,-74.6789,-142.4707,38.4639,-101.7619,78.0465,0.0649,-298.4326,11.1797,37.7365
-134.9380,-28.0365,-180.2137,-236.5631,129.0235,31.2212,331.2155,38.5843,218.1984,74.5664,-65.3888,-66.2152,144.6400,-78.3009,156.2652,-34.0408,-243.8374,47.4337,61.8321
-85.8689,-105.8583,-139.5071,-154.5869,177.7825,45.3271,369.1198,49.6058,137.6807,40.2659,-45.0652,-3.1056,203.7538,-23.3744,222.0757,-42.4496,-192.5131,25.2841,84.4192
-75.0521,-135.1647,-71.8091,-88.9549,196.3422,66.0908,358.9358,56.8313,155.0130,75.0359,-0.2007,47.8586,231.0206,42.5719,228.2830,11.4839,-110.7282,33.9922,104.0152
-64.4652,-70.2591,-6.7694,1.9474,219.1086,78.0523,333.2039,53.4262,249.6528,137.0746,43.6477,78.9065,241.8898,92.5740,173.7659,94.6953,-9.8742,86.8826,73.1463
-19.5826,31.5275,21.0878,95.0793,209.1955,58.0091,249.7030,21.9843,184.6874,102.1377,62.0111,84.0866,199.4778,124.4498,113.9412,142.6853,51.3940,95.2472,10.5322
1.4237,117.3963,21.0908,120.4909,147.8566,37.9623,136.7686,-5.9959,-7.8056,-4.8031,49.8035,116.3857,121.5834,125.6824,85.3058,114.4071,52.1474,53.0769,-36.5120
-21.0001,118.7747,22.2823,87.5841,77.7955,10.6302,78.8687,-13.9617,-69.2375,-49.9683,14.4324,165.8877,79.9680,76.4644,60.6302,31.0532,17.5580,33.0291,-55.3584
-28.9041,20.5480,34.0823,56.4349,13.5117,-50.4604,75.2503,-19.7456,39.8503,4.7043,-17.7787,134.9135,60.5874,4.3052,23.0658,-35.3789,1.6353,17.9977,-30.0886
-20.4030,-53.8212,41.1867,36.5213,-67.1261,-104.0047,70.8225,-26.1853,97.4517,27.8025,-24.2747,44.3442,-12.4731,-44.2476,1.3055,-71.5734,46.2713,-46.4719,31.4626
-29.8856,-16.0989,17.7079,9.9458,-154.8718,-128.4216,49.6574,-54.2227,0.4491,-89.3800,-24.8360,15.7883,-126.2943,-83.9697,-8.6611,-137.9505,119.3165,-112.9557,65.8749
-10.9117,56.6394,-34.1385,1.9431,-215.6932,-148.1141,13.5768,-111.2128,-65.4820,-220.1231,-56.4347,43.0911,-198.9657,-140.7271,-33.5861,-207.7137,161.9043,-107.7482,49.8489
59.6687,79.8952,-75.7997,40.2539,-225.4418,-130.6739,-28.5440,-123.7826,26.6525,-193.4139,-106.7114,33.6689,-207.3448,-161.7150,-43.2646,-174.5303,165.9630,-48.3752,22.8956
75.2660,48.7555,-80.6285,77.5921,-178.5667,-63.8171,-47.7189,-79.4021,64.6067,-89.7695,-118.6438,-22.2037,-176.0509,-111.3440,-13.6900,-70.7531,143.0298,-5.2059,0.9244
-17.3972,-41.5519,-53.2180,64.4814,-95.2354,-23.4860,-42.7420,-70.9936,-110.3326,-53.3386,-78.7069,-82.9124,-103.6272,-63.8620,12.0971,-42.5376,108.8662,-3.8707,-7.2198
-113.1020,-165.4832,-21.4982,57.9972,3.5447,-14.4876,-27.5452,-74.5323,-249.6791,-41.3972,-47.0607,-108.7852,-0.2345,-60.6839,24.2557,-107.8183,105.8531,-1.3200,21.6559
-141.1181,-228.8872,-31.6956,102.5865,114.1824,19.6101,22.3764,-5.6069,-165.6079,-25.9245,-63.7730,-73.5096,74.1358,-38.4075,56.9848,-153.6358,137.4895,19.2543,52.8218
-137.1407,-191.3222,-81.6600,96.9816,199.4965,28.7061,85.5104,35.0811,-85.9462,-91.2499,-92.5438,-33.7886,84.7333,1.2519,69.8445,-117.3293,142.1587,-8.6077,35.6049
-118.1374,-134.6429,-90.5456,-17.8687,194.6486,-33.0430,59.9213,-45.4086,-155.0386,-188.4854,-92.6830,-60.3416,62.4607,-17.3609,4.3127,-41.7226,98.5238,-100.8728,-0.0086
-91.3923,-147.6496,-23.0874,-96.4507,111.8400,-95.6060,-52.6799,-123.7520,-177.5774,-181.3494,-62.3496,-89.1860,37.3575,-57.5012,-75.8343,-16.2677,68.2633,-167.8296,-19.7341
-85.6027,-200.0053,48.7374,-24.4920,34.0469,-140.5768,-114.4129,-131.4201,-84.8358,-110.0052,-11.3048,-41.2608,12.5356,-37.8855,-71.5788,-63.0113,104.4369,-190.5908,-49.9723
-82.7476,-189.2504,55.3543,78.1685,-13.0045,-214.4509,-85.9969,-161.5275,-41.1540,-88.6384,21.0902,12.5721,-2.1099,-15.3169,-3.9586,-79.6738,162.2945,-242.3626,-90.9122
-82.7681,-126.3165,-14.8467,55.8004,-62.3252,-286.2022,-52.7477,-223.8297,-70.8036,-106.7762,-9.0156,-4.9326,1.7423,-62.7576,40.7421,-18.4035,134.1021,-316.1323,-112.1306
-142.9194,-146.2774,-120.6336,-68.3683,-99.6375,-329.5568,-30.8087,-271.1037,-71.6079,-127.3173,-49.5854,-43.4932,22.5108,-123.6664,43.2073,-2.2628,12.4709,-357.6851,-137.9461
-207.9325,-258.0981,-151.9991,-171.1713,-84.1425,-371.2957,-4.5962,-333.8057,-57.1885,-171.9456,-21.8662,-55.0726,66.5320,-144.2027,47.6131,-85.3687,-73.4220,-373.5754,-206.6763
-170.7771,-304.8704,-64.2314,-192.4120,-47.6150,-372.4662,-35.9987,-396.2046,-102.4833,-239.5386,22.5331,-71.0574,112.0145,-149.5665,70.0377,-142.1405,-82.0916,-360.0608,-286.9659
-130.4668,-248.9957,-8.4637,-170.4908,-60.8512,-306.4223,-122.0507,-395.1534,-204.3596,-285.3389,-1.1241,-99.7476,97.9954,-145.3619,72.6139,-130.2917,-118.7514,-304.4340,-307.9007
-216.6998,-210.5738,-110.2882,-163.1362,-114.4605,-248.7802,-144.5442,-350.5234,-259.3881,-270.5023,-59.1389,-97.8144,25.9161,-126.0521,40.7139,-140.8432,-188.9921,-255.5524,-240.5212
-307.3991,-217.9961,-255.9396,-171.5464,-125.0715,-216.0912,-84.0547,-284.9911,-170.8274,-204.2358,-105.9676,-59.9136,-18.0127,-115.8512,18.3668,-170.9089,-195.4414,-222.8115,-147.4800
-274.9128,-203.0154,-297.5527,-161.0871,-72.1994,-149.2867,-54.1504,-198.9794,-59.5532,-158.9403,-150.4653,-25.3445,2.3254,-95.0057,18.6185,-158.4836,-159.2308,-154.4315,-126.6419
-202.2032,-157.5756,-245.3038,-112.9913,-37.0802,-63.0175,-99.1704,-159.8651,-149.1007,-184.8553,-146.3937,12.6791,33.2691,-35.5346,-9.1721,-132.9225,-132.4758,-78.3530,-169.2594
-148.3585,-103.3504,-161.6676,-40.8871,-65.2735,10.5691,-157.3216,-176.4240,-356.1872,-239.6942,-63.9377,85.7402,35.4813,-12.9915,-75.3952,-134.1941,-69.1429,-45.5386,-177.4073
-80.8975,-41.7402,-99.1863,7.5028,-97.3397,68.1004,-186.7697,-157.2838,-412.1247,-274.8935,-9.2039,137.2882,13.1532,-86.3439,-125.9489,-156.5542,11.3648,-20.6137,-139.0649
-35.8080,7.1939,-96.4005,11.2759,-94.2286,58.9364,-208.8091,-112.6245,-338.6653,-286.7299,-41.8034,101.3522,-28.0495,-154.3954,-139.6419,-193.2076,31.5695,4.1445,-115.8479
-33.0752,19.0572,-94.1505,21.1063,-104.6776,-10.8942,-253.9358,-98.3520,-306.2351,-253.8253,-61.7598,53.2805,-75.0823,-122.0379,-144.2099,-194.4949,33.0146,-17.2242,-94.9067
-21.7303,-26.2792,-21.3496,36.7957,-151.4792,-41.8982,-286.1957,-65.0696,-269.8198,-167.6194,-21.9883,64.4655,-107.3889,-61.7590,-155.5207,-117.6979,45.8535,-68.7602,-47.8593
-27.4313,-133.9424,49.0014,-24.2486,-190.8789,-54.0644,-236.7708,-30.1353,-171.3581,-96.2821,6.0665,45.8064,-121.4299,-68.3633,-169.7576,-49.1365,-1.0370,-126.4760,-41.2943
-77.4400,-215.8973,43.0554,-122.1448,-208.3937,-139.1579,-155.2410,-90.5989,-105.2971,-96.7056,4.8097,-47.3413,-117.9095,-119.4182,-170.2327,-72.6512,-65.8983,-204.2866,-112.4731
-86.6986,-175.6467,29.3533,-129.9341,-212.0754,-233.8630,-149.5628,-170.0372,-71.5818,-120.5000,10.1279,-105.5919,-93.3870,-150.9946,-135.2948,-118.0333,-50.8220,-255.9968,-164.9123
-43.7448,-89.7151,54.2388,-102.1430,-163.6272,-247.7686,-157.9654,-133.0122,-0.2218,-73.7088,19.3360,-94.2509,-53.1612,-130.8930,-88.6503,-101.3473,-33.2063,-226.1523,-115.4637
-33.3370,-82.4917,66.1393,-150.8018,-51.6968,-210.7462,-70.6923,-29.2579,42.8838,57.1249,34.1269,-85.8877,1.6906,-65.9168,-80.0848,-36.9324,-84.8130,-149.3475,-12.1900
-26.2376,-120.8459,47.8688,-189.1083,43.6616,-136.7490,12.9892,53.4344,28.6550,158.7569,56.2038,-85.5003,61.4559,-21.7409,-89.0053,32.0494,-111.2697,-67.3766,63.2055
17.8528,-134.7330,12.1638,-137.6793,60.4197,-33.2114,-15.0337,101.2695,61.2831,117.9794,45.9413,-80.6213,81.7167,-57.7114,-59.7738,53.9108,-79.0425,0.2669,91.1222
7.0096,-141.9880,-41.1827,-81.0362,33.8165,19.6611,-50.5971,71.9722,122.1476,-15.1951,11.5158,-92.3509,48.0399,-125.6956,-23.4781,1.3603,-50.3068,27.6625,73.1730
-64.1559,-164.3579,-60.4039,-40.6480,19.0115,19.8186,-30.5695,-27.6847,85.4324,-94.4341,13.5976,-79.2158,13.9714,-140.8847,-42.2687,-57.3162,-8.3188,58.1791,11.3511
-64.8598,-192.1029,-8.4793,29.9257,36.2018,59.0391,-39.3539,-84.1846,-20.5089,-79.1284,37.4133,-14.3433,7.4666,-101.6695,-72.4322,-58.7052,47.9460,148.4680,-38.5637
-2.9113,-190.9005,31.6412,65.8801,77.5204,128.2080,-60.8292,-57.5195,-88.5690,-62.0016,30.3264,34.4205,0.8767,-53.4096,-42.9049,-45.4122,39.4450,221.3658,-20.7033
3.3205,-90.7587,4.3716,51.3022,95.9713,158.3250,-35.3570,-18.4233,-114.4488,-144.5359,20.5972,60.0266,2.4838,-34.1432,0.6464,-63.1430,-0.2469,211.1783,11.3665
-19.5929,76.2489,0.4537,102.3414,58.3319,148.4690,-44.2238,-10.7308,-118.8339,-294.6673,56.9355,111.4554,50.9641,-58.4415,-6.0060,-83.0598,37.1493,196.6539,-14.7840
31.1069,138.5673,79.5588,207.4175,23.1090,118.7187,-105.2428,-19.6799,-95.2653,-319.0583,121.2424,148.4037,129.0158,-56.8606,-11.2530,-48.3097,123.4432,216.9214,-43.6493
127.5152,53.6345,151.6266,242.0601,53.5677,98.7858,-101.4225,-6.0367,-66.4290,-135.7240,162.6421,148.4541,180.6492,36.4595,29.9837,51.9410,166.2269,220.2738,-20.0909
157.9814,-12.3790,136.7973,221.0165,102.0575,112.4041,-69.0176,20.1969,-40.1018,21.6542,146.0140,170.4581,172.7410,106.8393,48.6409,111.0809,159.3492,214.3486,-30.6855
98.3559,47.7871,89.5310,216.6807,109.1868,94.1389,-133.6868,-32.7342,6.2825,-28.0194,86.3412,204.8797,111.3012,39.9336,14.4064,33.1796,135.0094,213.2502,-121.7490
47.2754,171.0769,84.2383,195.0174,107.1469,0.3717,-212.5409,-156.4388,61.2676,-97.1531,37.3023,216.7672,41.4437,-20.3264,6.4857,-46.0396,95.3109,162.9775,-185.4401
80.1034,254.7285,87.2748,123.5477,111.2847,-83.3236,-179.8050,-196.7754,113.3765,-19.9397,1.1993,234.1181,-2.9669,58.5914,39.1980,29.4408,23.4778,61.1433,-175.1755
124.0026,261.5237,33.1620,50.1307,64.6056,-111.1832,-109.8092,-138.9913,167.5321,59.1955,-55.9824,230.6023,-50.7317,126.6355,38.8454,118.6542,-56.8607,-20.6205,-155.5453
92.4041,252.8346,-32.4140,32.1223,-11.1961,-106.5578,-74.0478,-105.3437,172.6752,38.9262,-93.7451,188.4667,-106.6594,78.3735,6.2590,70.5167,-53.9661,-21.4812,-117.4316
35.8526,284.3318,-18.6940,79.8557,-6.5919,-29.8513,-11.1792,-81.9125,107.9956,13.9301,-54.6008,208.7594,-102.4236,60.5774,-14.0039,6.7637,59.9191,78.2685,-28.9962
29.3955,292.4402,64.4927,149.2304,81.7018,107.2019,79.4094,-16.6669,78.5915,15.0500,23.8671,295.5545,-32.6059,145.4042,-43.9290,9.3876,177.6860,218.1536,35.0108
74.9462,245.2249,157.0718,211.8377,152.3538,194.9788,115.3407,26.6145,123.4758,13.7897,82.5812,326.6781,20.9551,211.6191,-80.0244,-1.4561,245.2838,306.9270,42.7788
158.1983,228.3503,226.3409,288.4263,181.9324,230.0742,90.9540,58.7686,115.4138,50.8526,102.1583,322.6143,43.6994,202.0107,-62.0654,16.2003,295.0403,346.1764,70.9191
215.8045,239.0020,217.9062,325.7161,203.5852,258.2586,64.0990,145.5944,32.7996,106.8803,70.2311,342.6011,79.9913,162.7921,-5.4504,117.9772,271.2262,344.7517,119.8593
159.8300,200.3105,103.2484,224.6208,179.4979,212.2934,50.1845,206.0647,17.5936,106.9548,14.3668,302.6458,102.7182,123.5038,19.2722,164.8338,133.2247,247.9568,112.7516
63.5090,166.4188,-26.1812,56.8127,85.7572,86.8547,27.6039,173.2404,68.9703,91.5127,-13.7896,208.3778,77.2239,91.5436,11.8712,97.8732,3.2537,108.4364,62.8966
63.2943,168.8878,-81.6152,-27.3542,8.9371,-9.2360,2.4115,124.3216,63.2630,130.5268,-33.1837,170.1747,59.5069,45.1442,9.3388,57.5359,-46.1246,49.1534,34.9263
86.6284,110.4477,-92.6165,-42.3765,6.8092,-61.6143,12.2977,91.4407,44.7459,186.8529,-63.7512,143.6835,85.6891,-24.9080,16.9717,95.2676,-76.4821,42.2461,30.7880
19.8177,36.4023,-94.6529,-68.3185,17.0362,-102.7395,47.0092,51.1424,107.7730,207.2182,-47.5055,85.5431,88.9282,-45.4311,20.7145,142.7994,-81.2563,21.3591,22.6902
-24.9452,98.3850,-78.4408,-103.0791,-10.5546,-101.7872,31.1123,28.8239,157.6115,197.1861,7.9111,103.1264,13.3646,4.6069,-7.8215,171.7966,-36.9341,14.7069,-7.0337
54.6004,211.5807,-78.3343,-148.9982,-57.4292,-93.3444,-48.6476,-2.7861,112.3044,186.2481,-5.4581,169.9016,-105.1108,31.6190,-67.2337,158.3375,-26.3805,-5.5002,-64.1700
125.7049,185.6418,-133.4915,-200.2303,-121.8962,-116.0883,-106.5439,-82.8851,75.7601,191.2891,-99.4366,146.9513,-205.7176,38.6367,-88.4536,104.1417,-57.9587,-66.9852,-112.2176
79.1416,47.8186,-194.3925,-189.9644,-189.5467,-72.7543,-94.4248,-121.5188,112.1202,180.4496,-169.7242,88.4773,-263.2021,101.5711,-49.6396,79.6012,-28.7601,-57.7889,-103.1009
15.8630,-39.0258,-181.3915,-114.3436,-185.4252,67.7275,-40.0697,-59.3085,144.8525,125.7632,-166.6942,102.3980,-277.6710,151.1129,-31.6586,74.6743,62.0960,60.1746,-53.3496
40.5002,24.8159,-84.9865,-45.6038,-102.7332,180.2282,19.2348,16.2095,130.0972,79.0030,-125.8879,145.3827,-260.5916,117.3045,-63.6365,15.0493,142.0241,164.3754,-16.4062
110.6185,186.5101,30.3619,-21.2263,-42.0362,217.2786,31.1395,42.2316,93.5429,69.4222,-91.9697,167.9253,-236.0583,82.7532,-81.4490,-50.5664,193.5863,193.2991,-3.0823
139.8199,260.3143,92.0958,-53.1146,-40.2226,230.6562,-29.7510,46.0966,64.7959,50.0745,-89.3158,165.3672,-229.6498,72.3609,-76.6721,-40.2358,191.7977,167.3535,7.0071
97.2998,186.0864,82.7363,-103.3190,-50.9781,226.1774,-90.4209,71.5135,71.5194,38.3493,-114.4944,137.5052,-239.2359,26.6355,-108.5478,5.1587,119.7987,134.9065,2.6916
-1.7681,118.5220,28.4536,-82.1238,-87.4560,183.6646,-96.3927,128.1503,78.6414,94.1278,-148.7720,142.3020,-231.2323,-19.2915,-188.7906,14.0207,41.8044,162.3984,-50.4384
-113.2571,110.6309,-37.1635,-29.8523,-168.1428,83.0320,-98.3152,128.2704,26.2753,173.6349,-166.1279,178.4742,-188.3670,-39.8493,-261.7693,-37.4930,-1.3201,96.2187,-129.6619
-158.8642,80.3951,-64.0891,-69.7646,-209.4851,-64.7411,-106.2861,6.6863,-5.9605,189.0312,-134.0734,141.2555,-136.1405,-84.6175,-265.0989,-131.4516,-43.8479,-329.5664,-167.5462
-98.2460,61.2301,-45.3758,-165.7728,-163.8679,-167.6360,-61.8458,-117.8977,50.0096,75.7433,-74.4898,62.7183,-96.4461,-124.6036,-201.0364,-204.8301,-108.2385,-902.1249,-168.0315
-17.6806,63.3273,-74.8203,-259.9637,-116.3878,-211.6095,11.3788,-170.8834,9.7122,-179.2894,-67.3782,52.8188,-56.9231,-129.4944,-155.6777,-239.3761,-207.2551,-1132.5265,-190.1112
-35.0755,-19.0912,-200.6459,-412.9356,-131.7872,-301.9983,50.4026,-248.4526,-214.2821,-386.3709,-120.6269,48.6150,-14.5814,-159.3252,-171.6124,-274.9685,-338.8618,-1054.6827,-210.3912
-132.7378,-131.2870,-323.9625,-561.0754,-177.0010,-399.2731,74.6414,-308.9987,-299.0532,-301.8286,-171.8477,-2.1778,1.3972,-183.3057,-175.6822,-279.3690,-442.2489,-1013.9145,-178.3473
-222.5098,-162.6539,-378.7167,-568.6899,-222.7266,-378.8913,100.3724,-224.1319,-75.8558,-39.5343,-219.9402,-1.9935,-26.9618,-134.0865,-128.9973,-226.3633,-494.1480,-999.7590,-147.6072
-292.7842,-212.8738,-417.3858,-529.3913,-267.9620,-307.0119,89.9131,-112.0263,96.0542,112.9367,-272.7016,42.1336,-82.4134,-100.5728,-91.5104,-208.0371,-536.1131,-885.2769,-152.1543
-350.7646,-315.5042,-452.1105,-562.2712,-293.9962,-258.1353,60.9356,-97.1327,41.4211,165.3855,-268.0172,39.7597,-133.2545,-123.9574,-84.4722,-244.0895,-538.1702,-767.0318,-108.2640
-351.9417,-324.3484,-434.9758,-580.1288,-283.4547,-172.8449,66.3780,-76.7904,98.0135,204.6573,-194.0226,31.6650,-149.3005,-101.8022,-78.1668,-244.6566,-451.8681,-697.6898,-12.8987
-277.8627,-261.0745,-368.9287,-542.4044,-242.8158,-119.6919,67.7806,-57.9044,272.4053,86.2899,-119.0098,51.6240,-127.1973,-67.4994,-91.4414,-233.6220,-345.9268,-625.7723,-0.4830
-166.7713,-245.6665,-288.9672,-523.0823,-202.7072,-203.5871,-12.1354,-163.1027,69.7608,-210.7507,-79.9056,41.4231,-119.2490,-121.1180,-143.4988,-268.3104,-295.5156,-576.6066,-94.3456
-82.2114,-255.5840,-235.2554,-526.4572,-211.0103,-291.6420,-138.7448,-287.9058,-452.9863,-414.1068,-96.3073,1.0140,-179.3499,-177.1437,-193.3695,-288.9741,-294.9367,-547.5451,-161.9085
-94.1818,-296.9796,-245.6815,-549.8866,-260.3710,-280.2020,-193.3178,-286.9178,-621.7009,-383.9651,-166.0955,-43.7821,-267.9465,-168.9753,-213.2283,-285.0898,-329.8362,-476.8958,-135.3866
-179.9287,-369.4598,-262.6492,-579.6669,-260.3815,-264.8724,-144.3652,-218.6850,-342.2769,-265.0699,-188.0119,-68.6462,-290.3803,-174.7817,-223.8842,-292.3308,-349.4911,-379.2501,-63.6842
-209.1298,-312.1332,-190.3327,-502.3279,-176.5815,-245.5918,-79.9037,-138.5640,-152.8629,-193.0056,-102.0982,7.9496,-236.8651,-173.6965,-240.9475,-245.1864,-284.9220,-284.7678,0.1887
-145.8158,-145.6459,-75.1742,-338.9633,-96.4823,-162.2441,-47.7337,-60.0629,-155.5174,-160.1561,-12.2462,136.9793,-186.6317,-96.1889,-241.5698,-162.9671,-194.5357,-200.5257,33.7318
-84.7799,-107.0366,-15.5509,-269.6852,-70.5582,-110.7158,-2.7999,-56.6429,-78.2431,-119.7332,12.1097,130.5237,-170.4506,-29.7492,-186.8004,-177.2237,-174.1646,-161.1816,33.5771
-54.1961,-148.7286,4.9108,-275.8559,-35.8352,-134.9587,60.8159,-110.2294,-6.7037,-72.9231,24.1621,20.3349,-137.0349,-49.1766,-85.1293,-208.6000,-178.9941,-138.8148,14.7075
-27.1706,-81.5720,14.6188,-235.2916,39.1738,-128.8775,101.2157,-129.0075,-46.4831,-35.1677,31.3109,-10.3096,-62.1470,-83.8328,7.0156,-87.4137,-151.7556,-77.6281,-3.4115
-47.1624,-14.5522,-14.6604,-214.9103,84.9792,-60.5365,126.6874,-114.4906,50.8543,30.4686,5.3174,16.1525,4.3935,-72.4613,76.3530,92.2727,-148.3311,-28.2212,-11.6656
-130.6082,-60.8566,-68.5998,-246.4202,46.7972,31.2028,133.7902,-69.5017,277.1320,124.8360,-17.0388,8.7646,16.3490,-17.9046,143.6551,170.2034,-199.4109,-19.0537,-32.3791
-203.4313,-111.8466,-110.1367,-217.2066,-41.2126,117.4380,72.4314,-3.4295,288.7292,158.9931,-15.8666,3.8546,-9.2437,51.6654,184.6752,174.3040,-237.7968,-8.4953,-101.3060
-214.1911,-136.5294,-126.6982,-132.7268,-120.1960,136.2194,-27.5714,-24.1171,114.0020,140.7209,-13.7290,15.6448,-34.4215,93.1613,187.3245,161.0298,-195.9652,-28.9479,-191.3461
-156.9197,-146.0180,-88.4904,-41.3425,-178.4451,110.2977,-96.9940,-104.1832,21.4127,170.3890,-5.8740,43.7602,-59.4212,124.4895,176.3499,153.4031,-85.7074,-50.1811,-235.4051
-66.6209,-54.2135,-16.4601,102.1542,-235.1346,148.3381,-161.1497,-68.9962,-22.0031,209.4548,3.7805,134.6857,-98.2188,190.0813,115.6212,198.9677,-3.4601,62.6409,-225.5178
-45.2163,82.6778,-5.7005,229.8040,-287.1730,204.5451,-228.1795,49.7575,-69.3814,199.0953,8.6460,232.7274,-125.9959,245.2618,-6.1283,262.6906,-10.1460,213.5690,-169.9012
-99.4241,130.2101,-53.3521,221.4005,-311.7057,174.2172,-225.9644,119.4654,-6.6655,215.3260,46.3523,246.8276,-109.6137,253.2347,-58.4750,262.9298,-30.0073,191.0770,-50.8516
-72.0834,142.6846,-65.1695,143.2433,-308.0529,113.4192,-176.8139,170.3602,75.8838,227.2407,104.6755,202.4435,-64.1681,246.0580,17.5254,226.6648,-1.6970,94.7576,63.4152
67.0133,169.8791,-31.9977,86.5874,-291.1381,66.4679,-172.1608,190.1749,37.8715,136.9599,122.4269,117.3625,-23.7009,204.5398,82.8505,212.4402,12.8105,108.5548,68.5057
140.2644,153.1426,13.0295,48.3934,-255.6922,-6.5709,-193.5563,110.1292,12.3063,71.1138,123.9740,16.5245,7.0832,124.6667,55.0992,217.1554,-13.1610,170.1450,18.2720
81.1714,127.2146,63.6298,51.1052,-188.4199,-55.3570,-189.8719,40.5854,58.4080,111.9444,143.9222,16.6002,43.3131,88.3195,9.3548,216.1822,-40.4374,212.4301,19.7330
-2.3258,107.5222,63.6209,59.7104,-100.1042,-37.5069,-163.4045,54.4885,54.9774,95.8302,133.8811,81.1360,107.3363,80.2447,8.0784,172.6391,-93.5623,260.4325,34.2952
-55.0306,12.5656,-13.2151,-13.7962,-16.0095,-19.8127,-83.3626,45.8183,75.8697,26.7010,95.8881,31.7420,207.2171,23.2849,71.8453,103.4951,-182.7736,259.7547,13.8396
-85.4470,-93.6594,-75.2958,-108.3021,60.2714,-21.1506,49.8215,19.7572,213.4148,47.2186,83.7866,-102.2495,296.5073,-27.0462,191.5002,88.2156,-231.4718,190.2477,25.1619
-81.7044,-110.4006,-89.4586,-154.2523,146.4802,-28.9831,128.4785,44.9337,282.9689,48.2148,70.1011,-202.3721,319.3073,-34.6819,270.1913,87.2388,-218.8145,126.6682,90.1306
-58.0576,-114.1960,-123.7406,-207.8444,228.8661,-53.9152,107.5924,63.1568,168.4557,-28.8672,27.5288,-281.8026,289.6579,-67.5706,243.1088,18.8838,-192.0922,92.6548,139.6214
-41.7740,-123.8190,-151.4187,-216.8981,260.8740,-19.3233,61.8230,86.8063,-1.3176,-7.7126,-1.5654,-285.6217,247.9688,-92.8337,181.5331,-11.7644,-155.5644,112.9514,151.6301
-26.3984,-60.6377,-89.9918,-96.4225,245.8119,89.5139,33.3783,168.1869,-112.5718,29.1197,-6.4829,-169.9027,198.5242,-69.6017,145.3195,56.7511,-108.4689,193.1555,140.7366
-8.5264,6.4703,21.2741,16.5960,220.8519,104.3041,5.8455,182.6866,-114.9031,-132.2931,5.9058,-122.1468,144.5193,-96.6117,118.4708,68.2412,-66.9259,184.6136,84.1471
17.6750,-2.3711,80.3982,9.4790,147.0015,-8.6681,-65.2659,65.7455,-68.5436,-315.0892,36.6991,-213.3181,83.6496,-175.4577,86.2980,-8.8838,-21.4029,27.4425,-26.8377
60.3301,-52.3662,45.5017,-44.1294,-15.1009,-110.8741,-228.4239,-72.1480,-188.6736,-327.1618,21.4058,-259.4755,-18.2283,-204.4278,20.0865,-55.3221,5.3255,-106.7484,-143.7539
72.3365,-156.0210,-44.7609,-122.4584,-153.7888,-203.3820,-385.5423,-200.2873,-428.0698,-313.0861,-64.3561,-240.8194,-135.3801,-222.0657,-70.2821,-108.4616,-24.8549,-148.1014,-197.8153
19.8519,-279.0180,-95.1712,-215.3678,-149.0389,-304.1413,-353.2926,-296.5128,-414.2687,-320.7054,-122.7407,-272.4526,-160.4629,-258.8518,-75.3144,-186.0070,-74.0443,-162.0460,-161.5816
-48.5359,-299.1531,-76.2064,-240.7548,-68.8173,-313.2540,-183.4661,-283.8878,-125.9920,-264.6158,-123.2012,-329.2746,-65.9871,-249.7859,19.2626,-148.6944,-111.0944,-122.6116,-89.8761
-105.6936,-274.5207,-76.9763,-255.4130,-21.4443,-278.7270,-80.6214,-267.6456,60.6329,-239.8248,-120.2465,-401.0590,49.0023,-265.4132,81.1971,-40.0937,-152.9957,-54.6752,-45.6509
-151.4575,-307.2058,-126.6212,-325.5956,18.3739,-300.4978,-49.1139,-334.0099,37.8211,-275.1453,-95.0705,-480.9377,105.2498,-350.9384,89.3756,-29.2444,-153.4542,-42.1437,-2.9274
-132.0931,-300.9125,-137.6873,-306.6005,104.2514,-267.9793,15.5885,-310.2308,-4.1887,-232.8472,-51.7431,-430.3991,115.6184,-333.4738,115.2313,-69.8834,-68.6744,5.4552,81.0631
-59.3538,-246.6584,-84.1592,-159.6802,229.6454,-137.9652,101.1870,-165.0172,45.1345,-137.9810,-51.4257,-288.2695,133.2214,-199.3834,127.7060,-83.0698,39.2292,136.0744,178.7542
-37.1628,-249.2197,-21.6659,-54.3005,359.8879,-50.8666,171.5831,-84.6113,174.3576,-76.6249,-40.1427,-265.5822,177.0752,-158.5947,115.2611,-105.8076,120.6823,190.7867,248.7715
-47.5238,-223.1888,32.3641,-21.9988,420.3649,-14.5385,206.2030,-51.3458,231.5934,-19.8368,30.6894,-310.7867,188.0739,-210.9394,135.4841,-81.4187,167.8145,147.9633,271.3221
-0.2514,-141.5422,87.7775,-15.5210,366.5171,28.0180,164.5121,30.8678,70.3491,-14.5339,59.5455,-292.4362,117.9147,-220.2168,139.6783,22.0678,144.0393,123.1340,250.5078
55.0959,-165.0011,144.5920,-71.7250,291.9949,29.3154,116.2353,111.5930,-90.3268,-63.1128,28.4290,-294.4475,38.4306,-190.8694,99.0332,69.8963,85.8175,96.8831,254.0084
67.2948,-198.9617,197.4258,-110.1333,287.8671,26.0651,165.8971,211.1969,25.7215,7.9915,35.2305,-301.3835,25.3872,-120.6726,129.7574,46.0724,85.1145,85.6116,317.4569
101.0643,-64.0172,219.5155,-30.1815,298.5098,70.5024,222.0304,319.5466,215.9800,152.3211,63.6017,-210.3381,33.6237,-25.8609,205.0959,51.8333,111.7364,168.2025,339.3689
143.9141,38.8277,213.3180,48.3175,274.8647,54.4400,168.3344,268.2997,196.5485,120.2905,77.7631,-147.4003,20.8663,-63.9031,147.7909,36.5703,108.0480,219.7228,262.9366
132.2489,-37.5653,222.0841,31.3624,250.5314,-47.1267,81.5462,114.7964,75.6646,-36.3455,107.5972,-178.6480,10.6284,-213.0164,8.8044,-43.7469,103.7180,139.1953,195.2109
132.8361,-73.1012,212.0921,-17.7760,196.7801,-133.6814,31.4584,62.2184,22.2822,-102.5081,84.5799,-152.8747,-19.0825,-237.4222,-24.9696,-100.3256,77.7253,63.7389,181.1821
182.9972,5.4806,119.8785,-80.6842,68.6960,-216.7569,-26.0664,21.4088,31.4506,-98.9852,-23.6205,-92.3918,-83.8139,-142.6582,21.9625,-128.5770,3.9110,31.3672,128.1286
179.1553,39.6560,1.8850,-134.9702,-56.4832,-301.1803,-97.3332,-105.1448,50.5146,-137.0433,-77.8648,-120.1190,-104.0055,-124.2874,39.3953,-164.9395,-34.8448,-40.1309,20.5323
100.1258,1.7522,-76.5166,-134.8750,-109.6742,-331.7918,-168.2301,-190.7614,-6.4620,-234.0938,-64.9455,-170.2597,-56.2969,-193.7312,38.9612,-159.6078,-40.7504,-79.7624,-66.2106
24.4629,-87.7272,-148.3977,-147.2058,-139.0681,-370.9478,-242.9498,-236.5935,-102.4780,-320.0627,-109.5617,-189.7352,-31.8242,-252.9910,43.0584,-136.4181,-103.9509,-42.6402,-116.9736
-47.5845,-213.2114,-210.1381,-165.9149,-166.9436,-406.0095,-265.9240,-289.1066,-61.9944,-264.2914,-163.6972,-180.8938,-58.0101,-247.3121,24.5270,-162.8644,-149.9185,-15.5001,-152.5584
-115.3172,-246.0889,-217.9243,-88.4008,-146.0349,-297.8253,-219.5108,-245.1046,13.9509,-121.8270,-149.6545,-72.1853,-81.6969,-152.9992,-21.9100,-184.2780,-93.4571,6.5507,-173.1978
-123.2073,-173.0557,-196.7287,-19.2637,-85.2453,-141.3253,-184.3895,-163.6056,-81.4706,-128.0958,-140.3229,60.9389,-96.9948,-38.4113,-74.8450,-152.4002,-48.2731,43.0848,-181.9619
-106.6382,-124.4565,-157.6000,-55.0686,-41.0907,-78.4333,-164.4816,-152.7169,-146.1978,-231.3882,-135.6153,73.0448,-114.2085,26.2342,-95.3108,-93.6801,-75.0570,44.5633,-166.1694
-122.4602,-77.2189,-82.7156,-40.2203,-24.0433,12.5317,-120.3060,-77.8627,-47.9555,-197.6950,-85.8906,73.3566,-112.6148,83.3703,-72.8526,-23.5488,-93.5255,57.2011,-122.9577
-117.2827,3.6366,-37.9071,32.7135,-16.9591,114.1709,-126.8268,43.7081,-84.7048,-98.9657,-63.3879,143.1790,-98.1401,112.4004,-74.6663,-0.8231,-97.8768,97.4234,-103.8147
-84.9227,14.5977,-61.8914,32.8077,-17.5400,48.9856,-197.5959,39.8842,-206.5468,-49.7028,-74.4471,146.2985,-87.0114,50.1199,-124.2448,-43.4666,-96.7926,76.1842,-107.3903
-106.4858,-11.8413,-69.6245,81.1006,-18.9973,-28.9394,-186.2717,62.2432,-19.8188,65.0815,-40.6891,102.8391,-64.3534,-3.7080,-141.1596,-27.4748,-44.2652,65.1908,-50.0493
-142.6618,34.3403,-23.1711,213.9680,-3.4942,41.3117,-66.8408,195.6555,256.8023,197.2695,-5.5595,126.0634,-30.1579,16.8313,-109.8797,38.7374,5.8820,153.0048,49.5620
-98.9334,97.3124,30.1228,216.0717,26.3989,60.8596,11.8013,165.4875,180.4262,162.4285,13.1894,151.5151,-0.2720,22.7238,-92.9792,5.2053,-7.6483,204.4710,66.7278
-32.6691,133.6821,84.5345,158.8863,43.6605,-5.0743,-0.3057,-0.6959,-5.8979,37.1536,89.2694,173.3965,37.3229,32.5403,-72.7004,-50.9749,-18.5510,191.3979,-4.9846
-20.7966,155.3528,138.7728,226.1205,49.0610,17.8420,-14.3367,-23.1385,13.1006,-19.4832,157.7346,226.6057,93.0736,94.3455,-13.6218,0.0051,-4.8570,213.5263,-42.5678
-9.0438,128.9434,166.6426,257.0857,82.5785,47.3084,16.3358,5.9455,3.9988,14.3350,150.0440,176.0741,147.7926,95.2682,22.5781,37.0643,-6.7101,169.9414,-6.1061
32.9265,158.6844,185.5028,211.4081,136.9619,30.6577,41.1436,-31.8409,-137.5090,103.7380,167.8651,50.7596,181.2803,29.4995,-4.5846,14.7131,16.0360,57.6993,10.4721
51.0011,329.5605,212.9717,296.3780,153.3178,125.6018,0.9852,-27.4695,-130.6412,92.7096,225.7228,51.1371,198.4745,19.3492,-37.2390,43.1819,82.3121,109.8491,-50.5036
60.3107,411.7640,246.6117,408.3030,145.2289,250.6669,-68.8797,-59.0155,36.2563,-78.3429,240.2736,82.0919,227.8715,32.3094,-37.7135,48.0963,151.1451,254.8154,-107.3965
125.7584,317.9300,311.0758,388.1487,178.8940,270.3452,-79.8831,-138.9065,51.9758,-114.7147,245.6937,17.0331,271.8725,46.1050,-45.5597,-32.4642,234.4161,259.4524,-65.3631
213.1772,303.2823,387.8828,400.1290,230.1866,343.3274,-33.0212,-18.1106,-135.4811,69.4349,255.9561,9.2692,279.2752,135.4610,-85.8788,-40.2702,313.1442,248.2557,41.1068
242.3177,350.0260,434.8955,462.9134,235.8516,485.1084,24.7152,198.0434,-219.4110,140.2082,247.8543,49.2628,238.2862,204.6101,-103.1256,39.0931,342.7372,312.2876,133.9526
227.0093,243.3185,493.2489,436.9772,215.9478,502.6083,109.8525,223.9948,-35.7043,104.3634,297.0086,-2.8666,212.4543,172.5828,-45.9620,66.5246,393.0132,272.7996,202.6191
234.8252,131.1794,551.6622,433.0108,197.2441,446.1823,203.6062,213.4086,149.0219,229.8569,350.0509,-17.8650,221.8214,170.7746,28.9826,58.3319,470.2352,179.2012,234.5674
267.1344,176.8210,509.0881,495.2203,143.2106,412.4667,231.7476,286.4332,79.8282,338.4150,279.6506,38.8419,228.2900,179.4222,44.5958,38.7523,436.4219,195.0874,196.4922
262.3386,235.7562,408.3424,483.6279,41.8008,343.3789,216.9203,277.4039,-53.4933,255.8445,234.8980,-11.5312,228.8190,82.1161,27.7147,-17.8632,310.4208,216.9483,131.0221
200.0722,247.8046,343.2045,461.9057,-44.6284,300.4419,225.4428,260.3143,-19.7700,238.5753,284.7660,-68.2872,236.7253,18.3023,35.3602,-14.5630,224.1239,192.1161,103.9708
139.6937,248.2852,255.5877,471.3927,-26.2074,303.2156,258.9680,315.0761,68.5709,316.2352,217.4280,9.2306,274.2648,49.5864,83.6286,40.4617,164.3143,207.8568,112.8564
132.4528,204.2306,173.0814,384.8158,117.1738,206.5345,331.8292,258.5807,96.0457,259.6252,165.0876,50.2592,383.1900,16.6266,167.1855,-5.6245,134.0928,209.9268,148.0802
160.3483,209.7622,216.7784,304.4994,249.5120,86.0168,423.5565,155.1962,99.8515,161.5560,370.0363,5.6265,479.0099,-26.8997,211.0078,-86.5503,174.1428,176.9332,188.9902
184.2711,286.9835,239.1916,311.6472,212.1330,70.8445,408.7984,151.9788,69.4411,160.3804,423.5150,-12.9089,379.3606,10.8858,141.3664,-73.2986,146.4770,175.1242,160.4793
186.2937,238.3668,75.9306,203.9292,75.8969,20.5467,290.3192,78.3277,53.5135,158.5759,38.8810,-55.9329,136.0566,-26.3206,57.0643,-51.4192,5.6734,140.7033,62.8952
149.4075,145.0347,-84.8389,62.4693,16.7913,-60.8845,213.7753,-29.5367,88.6086,139.3119,-239.7653,-86.8801,-13.7161,-100.7120,44.3568,-48.5100,-51.0231,102.7956,-6.9643
89.5011,219.1770,-119.9773,107.4839,5.8443,-28.1477,154.2545,16.0696,-9.6495,106.1032,-122.5333,-28.8723,-40.4818,-30.2014,-4.2323,-18.9363,-20.0279,160.8463,-40.0209
76.4598,259.8380,-182.3755,121.4129,-84.3553,-14.4168,5.8742,3.0137,-223.7123,15.6490,-32.2068,-52.3517,-72.8438,19.0529,-99.6341,-16.9331,-70.1403,144.5224,-111.6560
99.1694,111.2899,-276.3146,-11.9344,-224.9414,-75.2577,-160.1459,-138.1241,-267.1923,-16.8156,-125.7677,-159.4362,-141.4219,-101.1172,-105.5101,14.7464,-160.4501,-14.8795,-232.3650
42.2358,-34.3075,-289.8070,-67.4586,-305.8222,-40.8595,-261.3653,-129.4339,-254.3098,8.8537,-205.6548,-157.0653,-239.9328,-183.0165,-61.7206,119.2355,-223.6452,-87.1758,-327.3890
-97.2638,-144.3406,-305.0522,-113.1705,-309.0517,7.7288,-319.1674,-57.4567,-416.4470,-39.0716,-280.6169,-156.0022,-363.9816,-109.8940,-72.5141,117.9438,-320.7857,-94.5777,-313.1289
-213.9061,-245.8866,-387.5012,-253.4680,-305.2262,-28.1677,-309.1140,-75.7290,-426.5244,23.4169,-340.0615,-205.3585,-437.4399,9.2515,-84.9553,67.8976,-405.9843,-163.7269,-212.0730
-300.9044,-171.1826,-425.4563,-243.2393,-323.7502,31.0796,-208.2322,38.7633,-114.9686,292.8704,-270.0876,-77.5497,-410.3165,93.4413,-77.4931,230.2535,-417.6634,-89.6535,-144.8709
-378.5577,19.4000,-371.8154,-78.9358,-299.5676,173.4055,-99.5681,248.3126,38.0033,424.7909,-183.6725,98.0391,-332.4207,140.9800,-65.2140,454.0030,-410.6635,150.4397,-125.5855
-375.4759,106.8419,-293.7090,7.9595,-223.7189,233.2564,-68.3505,317.4851,-118.6646,343.1666,-198.2161,89.1191,-278.3269,251.9023,10.5445,489.6928,-361.3448,251.8430,-77.4736
-289.8883,137.4969,-238.6923,66.7041,-190.8663,281.8785,-105.4174,376.2778,-165.1672,309.4924,-209.6857,123.8545,-280.2820,444.2498,82.9654,474.3849,-244.5944,217.2628,-33.7055
-231.9471,162.9371,-233.5096,128.5334,-211.1720,338.3684,-134.9321,459.7295,-58.8801,332.8220,-190.2580,277.7334,-297.5068,502.7179,21.1449,506.9965,-190.8936,222.7109,-46.0371
-253.7849,127.9924,-265.1091,96.6380,-230.8253,295.8364,-124.4875,393.2774,-109.2538,385.5687,-203.3076,280.4650,-286.3200,410.0648,-79.8356,490.6170,-224.0431,194.0865,-62.9533
-309.0111,136.6607,-258.9206,90.8375,-265.3059,251.6476,-122.0023,334.6247,-215.8874,493.4286,-182.0102,197.8183,-274.4649,407.1924,-84.0732,446.2582,-201.2459,130.3793,-57.8264
-317.9505,227.0505,-186.9073,159.3458,-284.4855,285.1759,-120.9961,392.4195,-103.5100,454.7343,-88.6104,221.4600,-263.2406,442.9968,-45.3023,403.4345,-111.5689,167.5742,-46.9646
-260.5109,230.2260,-96.6714,140.9971,-232.5939,275.4456,-81.1397,336.0901,50.7652,269.9733,-25.2890,231.7012,-212.9433,354.6686,-39.6140,329.9986,-49.9218,206.7414,-26.9406
-227.6695,116.1604,-18.2462,76.1028,-177.1841,210.5551,-65.1257,208.1501,-39.6333,197.9862,-26.2127,198.9335,-146.6131,280.0875,-66.6073,278.6522,-36.0126,133.4918,-14.7276
-260.9193,17.6005,23.4258,51.0025,-160.6701,182.6881,-83.1893,221.5444,-154.6899,195.5261,-35.2976,223.1641,-86.6758,282.0148,-80.5824,252.3834,-77.4258,90.7360,-0.9079
-271.7269,5.7899,-10.1110,-30.1269,-170.0638,183.1685,-45.2162,256.8442,27.0542,194.7013,-32.6872,218.5873,-34.7065,241.9285,-28.0627,195.1380,-156.4878,122.5985,41.1870
-218.8313,80.9533,-45.7339,-110.0620,-271.6694,174.4134,-8.7911,210.3619,235.6976,254.5812,28.8058,193.5808,-27.2549,207.4325,16.9406,144.7189,-158.5460,84.8354,54.5793
-125.8214,182.5171,43.6374,-57.9145,-403.5099,135.3350,-53.2616,168.9530,84.8774,157.4691,182.8159,289.4935,-15.1282,214.2212,-46.1450,105.4461,-57.7757,17.3812,16.7493
-10.2982,230.8462,174.2544,8.0983,-398.8139,55.0925,-74.3063,99.6247,-152.9257,-41.1622,260.0521,372.8729,61.4613,174.6278,-105.3374,48.0064,15.8439,38.6142,-8.2843
44.1076,222.2853,180.4406,4.3055,-339.4229,-17.4695,-38.3033,4.3410,-57.3962,81.0917,107.5368,287.2601,84.8092,143.4762,-41.5296,36.5104,54.8897,57.9979,-8.2264
17.2230,200.9114,139.8855,46.6461,-296.6779,-39.4071,-3.2859,2.6186,173.5813,260.1670,-87.2017,201.7369,20.8783,151.1057,35.5647,59.6305,174.5520,45.7147,40.0640
42.3022,195.8251,142.0072,134.9156,-104.8506,-32.4313,74.8280,38.8222,183.5304,128.5585,-119.3247,185.9172,4.7475,72.8370,17.2519,28.7440,283.7359,111.1851,142.3534
116.7276,174.9709,65.1616,162.6079,156.0582,-31.2204,135.4317,42.5509,89.1605,136.8818,-99.9707,67.9389,1.4277,-41.9022,-34.9060,-16.2015,227.4562,145.6133,158.8016
126.0292,118.2538,-63.8809,159.6647,223.2513,-31.2819,74.7793,106.4565,128.8746,277.7816,-119.4525,-75.1505,-34.9494,-47.3086,-20.2932,-18.8911,149.1602,52.0358,101.8155
135.8221,150.0690,-87.4595,167.1783,159.5256,-5.9237,58.9132,163.1230,204.7979,19.6969,-99.2145,-46.4400,25.9159,-7.5083,70.8619,1.8301,195.0431,24.2454,144.9993
188.8791,286.9285,-110.2477,107.7602,87.6677,-6.2343,166.3917,72.8831,151.0671,-135.9121,-82.4037,-2.4780,102.1599,-2.8941,138.4744,49.5785,218.9064,56.5362,157.2721
182.6047,302.3604,-202.3258,20.3912,-12.4250,-65.9173,197.9660,-3.0747,100.4122,202.7826,-132.5535,-86.5268,34.0253,13.9659,136.8755,87.4632,187.3007,-15.3973,15.4949
171.9082,192.9379,-181.0542,55.4171,-25.4688,-56.0605,162.6554,42.3471,229.9395,205.6653,-166.3147,-123.5020,-28.9594,28.4264,157.7792,64.1046,242.9914,-32.3021,-26.7619
244.7196,152.7462,-112.4788,120.1904,63.2974,17.7609,163.3811,20.6049,372.5207,-69.8877,-180.4210,-119.0397,-51.5180,15.6926,183.7947,43.9205,274.7662,12.0577,33.8343
263.4476,126.0377,-202.8449,76.5531,64.9927,3.8862,72.8746,5.5460,303.2783,207.6091,-224.9812,-217.5676,-171.8275,64.9410,112.6076,58.2000,176.0592,-83.5210,-12.9792
179.9302,76.6332,-260.8571,69.1397,76.4953,39.6059,7.0829,196.6306,204.8884,315.6187,-223.0620,-273.1470,-170.4124,156.2316,103.4604,28.9939,172.3846,-65.3519,65.0849
142.0912,68.5100,-162.9021,50.6841,220.8130,146.5074,178.6539,259.2923,255.3038,-135.5370,-217.5418,-248.1924,19.4294,159.7001,244.8687,22.8227,213.0420,97.1217,206.0481
111.0170,-197.5884,-221.5706,-284.2991,199.2652,-154.6900,125.8333,-74.2510,109.4047,259.6468,-345.3246,-335.3133,-91.5722,123.9859,129.2328,137.5801,-78.8288,-133.7423,-221.6629
-72.0762,-714.9879,-388.6071,-571.6492,-15.7633,-701.6464,-450.2695,-310.0872,-346.2593,945.2630,-342.2479,-293.1234,-423.4382,132.0229,-321.5350,162.0467,-388.5083,-445.8229,-800.0503
-309.5755,-636.8843,-182.5189,-129.7512,5.9103,-498.4472,-726.4661,-75.7538,-446.0965,-243.7953,103.1536,182.7300,-248.7950,85.1746,-402.0995,-62.1155,-63.8037,-139.8928,-429.3298
-335.9949,120.9600,266.8065,519.6715,199.4015,306.4384,-218.7691,204.3254,8.2344,-1832.8405,536.7158,565.8722,253.5219,-26.4907,33.3450,-232.8898,434.8731,150.1944,334.8623
-80.6974,387.8174,382.9292,362.8526,155.7762,445.8978,225.5532,132.4702,205.6989,-1043.7003,375.6068,291.1985,284.2232,-69.0698,178.5654,-128.7165,259.1212,-20.3776,258.3397
178.3420,-35.6928,212.7124,-173.2378,5.6616,-37.8263,103.6902,-80.4906,-79.4161,467.3096,1.8416,-165.5555,11.7281,-76.1884,-101.7449,-17.8028,-152.9700,296.6877,-145.6202
151.2844,-141.2546,168.4613,-142.5225,10.9203,-99.2547,-9.0234,-121.8134,-146.6625,245.7566,14.8018,-171.7287,17.7993,-120.4939,-132.7459,-73.9475,-63.8533,892.4205,-19.4987
23.6732,105.1434,227.8642,111.2867,37.9348,128.0206,102.4285,-20.8540,33.3415,-276.3805,142.8548,18.0022,112.1306,-92.6472,36.6022,-79.7653,105.3202,430.8585,102.6310
95.2620,63.9907,210.7124,35.3973,16.2704,50.9975,87.1324,22.7222,-38.0667,167.9079,30.1500,-7.3467,25.6009,2.2630,-53.8813,27.0311,-45.9508,-388.0846,-92.9329
161.1613,-30.6960,177.8796,4.9606,21.8548,-7.9079,9.3568,-16.0922,-131.3128,270.6773,-23.0008,-71.5731,-19.7960,-1.8178,-145.9635,41.5248,-65.6057,-221.7575,-78.9599
51.9094,74.8480,189.8136,134.0869,4.8598,107.2385,57.4967,-0.4454,2.3743,-111.7531,89.6712,-0.0119,29.6771,-53.6369,-22.3430,-26.0604,94.5419,69.9729,38.2006
62.4970,49.5339,212.5132,63.4218,-1.9776,34.1955,67.0311,49.0034,-7.7551,47.5307,57.6577,18.2887,23.0716,-24.7714,-23.8363,-12.7734,33.1004,-224.0464,-73.7934
173.3495,0.1343,227.6211,15.3230,54.8035,-28.2208,13.8105,21.6769,-119.1632,222.4994,-21.2817,-43.2577,23.2795,-15.3902,-105.6492,17.8367,-35.0594,-201.6069,-74.8619
88.1295,128.3345,213.3067,169.3104,38.9982,113.9868,32.7929,8.0493,-7.2223,-51.3513,66.9385,-12.4494,46.5047,-61.1852,-6.3447,-23.8581,94.1601,35.6286,49.8004
47.1827,88.3778,205.1505,124.7342,-19.0154,56.2849,40.3043,54.4657,33.6875,-18.5887,83.2326,21.4908,2.0022,-40.2055,15.5119,-32.6698,74.7737,-182.4058,-57.1890
191.8872,-50.8375,236.6753,-6.7134,28.5636,-107.2572,7.6581,17.9251,-99.8877,174.5916,-1.1490,-56.8957,-11.0383,-22.5019,-95.7622,-2.9002,-18.5422,-103.8364,-121.9207
125.0042,57.8257,211.1188,130.7057,35.3527,9.5082,37.6720,-33.6738,-14.8964,-47.2473,69.9391,-69.2339,50.2888,-85.6301,-14.5966,-41.5110,114.9386,364.7639,27.2679
6.1259,75.4776,167.3688,154.5734,-33.8362,51.0424,54.1376,41.5813,75.5060,-90.0759,97.1625,11.4617,43.9803,-68.2044,49.9659,-59.5905,147.7848,102.7020,-21.5722
199.8445,-64.2494,248.4362,4.7830,34.8520,-98.1512,18.8353,72.1650,-101.0128,175.6815,-40.8011,-11.7269,9.7859,3.1438,-97.5478,5.8486,-7.8169,-366.9498,-139.0536
178.5397,105.9941,249.5426,173.3498,77.1797,29.2671,34.2113,7.4748,-67.7566,16.4510,28.5820,-43.3689,34.9823,-55.2361,-35.7077,-2.9067,82.3568,-51.2490,21.8939
-108.7010,178.1814,90.7344,242.8924,-53.9938,110.0294,23.4465,43.7825,100.7692,-163.0868,146.1595,27.5512,2.0500,-69.4267,107.7716,-46.9487,179.7783,74.5290,39.1771
180.5883,-157.0182,228.4511,-93.2842,30.5987,-182.5534,-26.6999,69.3359,-133.1313,159.2623,-63.1792,-22.4358,-32.1717,44.5360,-128.1709,19.6365,-35.3625,-354.5043,-191.2976
415.1533,49.2384,427.1248,121.9465,205.6242,-47.6784,41.5433,-9.8895,-157.9498,84.6858,-38.1104,-94.1561,77.4931,-51.9273,-127.5931,-0.4929,40.3398,-104.8450,-39.1489
-651.8495,564.4286,-302.3229,605.4601,-268.1899,381.1148,-42.0496,69.3498,407.0437,-400.4370,365.4736,136.8426,-19.2716,-160.0761,411.2994,-73.3153,405.0247,422.3468,293.7835
-1688.2836,-218.2828,-1403.8988,-264.1921,-1041.2766,-236.3120,-533.6065,162.8928,361.0668,66.3013,74.7269,279.9336,-580.6317,307.3447,300.4007,267.0994,106.8512,-36.0286,34.5000
-907.9694,-1459.8585,-1109.3466,-1517.5334,-955.2371,-1246.7349,-759.0894,-43.7470,-445.7594,937.3185,-731.9456,-23.5247,-910.6166,794.4021,-541.0147,666.3887,-480.7808,-636.6740,-488.2957
348.7935,-911.7014,217.6305,-858.4128,-145.0637,-814.8001,-259.6660,-113.2266,-491.5391,454.8062,-542.8652,-139.9763,-419.1076,369.5992,-538.2382,277.6442,-168.9666,-353.3319,-464.2896
297.7022,408.7919,548.9651,505.0905,219.7080,215.1510,84.1605,116.9492,109.6438,-510.8407,219.6732,141.0817,122.3133,-257.7771,159.5262,-273.1387,457.2464,147.8833,-19.3834
-164.1148,256.1414,-33.1797,275.4684,-68.7435,33.4610,-219.6372,-12.7062,17.4570,-184.8617,48.8470,70.4710,-86.3655,-57.5163,49.9935,44.0016,302.3058,350.9508,202.4062
75.5447,-325.4516,106.3396,-289.7152,-172.8543,-412.6341,-234.3913,-210.8623,-236.8066,263.2037,-285.9536,-142.1646,-308.0280,196.9063,-303.3912,270.0390,54.2061,209.4172,-43.8890
463.4964,320.3978,737.0373,426.6448,326.1058,259.0180,353.2858,367.8210,235.8015,-715.4724,384.5064,337.0934,282.1460,-318.8137,279.7191,-590.9656,380.8166,-455.9105,-402.0394
612.8152,1105.0249,636.5428,1073.4094,863.6801,983.6500,561.9742,902.9016,519.0435,-1607.6659,876.3880,813.7360,905.2815,-697.9206,801.2511,-1196.2072,507.3757,-807.1957,-247.1286
768.9879,850.8063,179.8326,660.2763,761.3390,666.6760,211.6902,334.8045,123.1875,-882.3668,271.8817,317.2330,634.9965,-287.9516,333.4817,-525.4191,146.1798,-69.2712,303.4140
685.0752,205.4576,153.1292,199.5659,211.8698,53.8981,72.9242,-367.4822,-60.0686,128.5714,-256.9154,-302.3609,24.9707,95.6903,-142.3442,142.2836,-25.8754,543.0645,369.1605
217.6637,-135.8550,216.2350,120.9967,-96.0587,-116.2506,105.1500,-187.3016,66.4104,107.0146,-82.7951,-138.0458,-133.6151,10.6351,-61.3128,2.5587,95.2375,167.9354,-49.0547
-77.8707,-113.4326,111.7001,52.5332,-45.9686,-60.9008,-95.0677,136.2773,-32.6708,-167.3016,54.6940,134.6013,-47.9998,-46.9293,-26.9170,-94.6595,164.0704,-61.9051,-93.6992
10.8825,124.6688,119.2642,66.8626,1.8304,-26.3690,-180.2198,11.9447,-101.8006,-21.2171,-27.7123,3.1039,-55.4006,30.1170,-102.6839,99.5458,168.7208,241.9212,155.3573
73.3084,176.9099,151.8310,120.2819,-31.6002,-24.2654,-5.1200,-64.7341,24.1554,65.4749,-2.1004,-49.1911,-54.8111,0.3499,-22.3860,67.5503,153.7384,198.9583,82.8585
0.6957,17.5268,85.7702,38.7735,-24.7388,-39.5585,-4.4103,40.4601,-4.4315,-47.4497,19.6690,63.2895,-32.3180,-23.1065,-10.3652,-31.9564,128.1912,-18.2694,-49.3570
16.5631,66.5600,110.8320,46.3414,-3.8395,-18.2732,-104.3022,12.0906,-70.7571,-16.9878,-24.5720,15.2415,-50.7178,32.9980,-83.3932,47.5082,152.3370,135.0996,72.1015
75.0746,187.6022,145.6062,127.3885,-3.2299,25.6717,-9.1704,-38.1003,21.4630,63.6773,5.7586,-43.9759,-29.1721,23.4034,-26.4713,43.0049,143.1141,198.3830,100.6017
37.9863,78.9854,78.2655,56.4755,5.5458,27.3800,26.2360,25.0563,10.1311,7.3376,24.7296,22.8223,3.0511,-10.9064,-1.4236,-25.5382,86.4846,22.0936,0.3048
9.5255,39.8033,99.2114,20.2746,17.6423,5.9897,-72.6045,27.3780,-69.7331,-28.9429,-5.8588,20.1188,-18.8907,5.4708,-74.4913,33.2708,104.4475,70.1540,48.4209
56.7967,167.6727,134.7739,84.0244,36.3314,7.6760,-14.6659,-16.1018,10.4486,12.9167,20.1079,-17.5291,-5.8007,-3.7984,-42.3405,47.8606,114.3818,186.3370,103.6283
65.0011,146.9162,42.6310,44.3384,53.3931,37.3646,56.7806,18.6695,43.6741,23.5078,38.8454,11.7264,24.2018,-16.6793,1.9466,-12.8714,52.2978,72.5933,39.6297
22.4245,59.5937,60.0558,10.9656,30.7127,34.8055,-37.0684,20.5967,-36.8968,9.4742,12.5712,-3.7384,-8.1893,8.7372,-53.0413,27.6950,45.3687,2.6896,24.1274
27.4664,105.8788,158.4502,39.5140,14.5862,-21.8032,-28.4016,-45.7014,13.6072,-16.6082,35.6437,-9.0419,7.2859,-6.7765,-29.0831,50.6510,38.2958,92.7054,47.3244
64.1495,169.9012,82.9160,14.1756,46.8337,36.9522,70.0754,2.4078,87.1396,19.8957,67.1983,-30.3393,74.7992,-3.1799,41.1149,14.4259,-18.2846,96.5203,35.6031
70.0270,224.3428,59.6794,181.2964,20.6625,246.9551,9.4987,189.4027,41.6273,320.3211,56.5753,-406.0741,29.5353,133.9305,11.6841,161.8868,57.4257,-58.9622,58.5929
59.5721,248.8799,185.0199,511.1570,-78.6079,304.5811,-27.4086,308.6953,65.2973,643.9142,65.6568,-863.9299,-38.4770,229.3287,16.3304,359.9969,174.7726,-202.9846,75.4599
52.8170,101.3614,125.7609,411.0600,-59.4039,143.3170,50.1915,216.3977,89.0129,420.6130,57.6975,-651.3245,12.5361,113.9038,49.0837,256.7262,103.3548,-119.2938,39.7580
43.1703,-25.2656,31.7916,1.0974,62.8587,27.6668,-19.4536,11.3493,-51.8583,-104.7410,6.0939,-37.5777,20.4732,-21.2587,-46.9597,26.0696,25.7630,107.3796,33.3938
32.3031,90.4175,146.3719,-43.0906,42.3910,-18.3148,-77.1878,-59.8708,-60.0611,-127.4802,16.4958,108.4256,-27.7283,-16.5189,-65.5322,-12.4661,67.2589,124.4975,34.2853
61.0243,186.1173,58.8372,111.1541,3.7536,7.4314,183.7492,51.1219,170.1620,183.1291,58.2060,-82.2464,132.6481,-18.8966,100.9525,5.3067,14.6145,80.7821,43.4218
178.6429,134.2118,-294.2034,48.6986,276.7801,270.7238,482.6159,118.5650,257.1263,75.6059,23.9462,-86.7624,397.7503,-69.7067,111.5364,-54.5442,-95.2676,356.4205,210.6628
244.3525,152.9666,-423.0674,30.0773,586.6960,480.6600,579.3110,67.6673,200.5947,-217.6402,2.5941,-115.3547,390.6508,6.4574,-15.8025,-12.1435,-125.9285,500.5406,424.7439
21.5675,99.5121,-443.6981,94.0629,452.8183,290.4358,648.5312,51.3793,278.4675,-69.3163,45.0414,-316.8663,167.2749,143.1115,70.2305,129.0469,-233.3346,37.0574,347.3735
-303.1967,-240.7067,-592.2784,-82.7246,113.9023,111.0789,556.9070,74.6737,271.3052,210.2757,5.8436,-307.2007,16.5892,93.1285,148.4503,126.4091,-323.2489,-419.4046,21.8351
-293.5463,-466.0875,-438.3490,-222.1475,-34.5733,169.8585,87.2104,79.2983,-15.6383,144.4692,-105.1137,-54.0199,-72.2079,-52.8016,-81.6135,12.3030,-91.5536,-366.9458,-164.4931
-67.3518,-269.0228,45.7661,-30.6025,-131.7652,-52.9021,-293.1411,96.0544,-197.6847,-18.8838,-74.1165,78.2333,-145.7355,-63.0329,-213.3304,8.7021,166.8410,-219.0365,-133.1621
-79.8156,-79.8422,216.8114,47.7640,-196.7917,-466.8311,-120.6077,-27.8485,-55.6085,-110.8964,99.1861,36.4389,-84.3345,-40.8134,14.4874,71.8831,-3.1410,-165.7318,-151.8814
-243.6651,-205.4954,-26.2397,-140.4874,-24.7117,-331.3470,246.2935,-341.1768,127.5465,-299.4301,157.4844,-14.8791,56.2587,-86.9156,189.2117,49.7206,-327.9329,-82.6647,-179.5829
-162.1818,-253.4021,-264.6039,-81.7767,128.9925,216.7480,348.3947,-350.9132,192.1859,-339.9435,13.0112,-11.4392,131.4447,10.8119,142.2800,31.7738,-402.2523,-174.3714,110.0924
60.0102,-64.3196,-332.8326,160.8231,23.8015,387.6088,259.0383,63.8971,185.5568,-58.0166,-117.3928,15.4504,195.1137,212.0073,121.8515,89.4402,-370.4962,-291.0052,489.9390
42.8264,-90.4776,-222.7881,37.4960,-33.1049,90.5378,106.0865,187.8234,57.6464,18.0430,-84.6013,-14.5217,215.7265,172.5798,94.3035,76.2080,-337.5969,23.2698,337.4430
-162.0273,-325.2208,-29.9257,-217.2555,18.6601,-133.8021,-124.7654,-96.1649,-139.7781,-230.0376,-27.4401,-17.5298,26.1286,17.1369,-52.9306,-12.4980,-127.2652,328.0540,-153.4256
-213.8793,-269.6374,10.9459,-124.2285,-111.5307,-35.1248,-279.3151,-89.6744,-197.0817,-155.5555,-74.3929,143.7895,-209.0747,80.7967,-128.6470,-41.0727,100.1563,-63.7654,-217.6248
-93.4525,-77.7144,-49.3115,-12.7167,-257.3948,112.0953,-240.2569,169.8327,-118.5480,186.2764,-129.3947,267.0669,-205.4802,159.8459,-71.4374,-53.1419,41.0518,-626.7912,60.3796
-62.8217,-145.9560,-25.8931,-150.5829,-191.1161,56.9557,-190.2825,159.3125,-89.4038,145.0367,-114.9336,197.7270,-116.9767,68.5248,-59.7843,-62.0080,-82.8725,-525.5545,76.3509
-114.6197,-156.8657,1.8225,-149.6292,-140.1055,-18.7962,-222.6288,69.2053,-112.3909,-57.9920,-82.4757,167.8254,-142.9436,57.9521,-80.6781,-3.7200,20.1772,-120.5388,-52.0563
-33.6846,84.8388,29.5696,38.5100,-141.6399,66.0770,-175.1803,145.0701,-66.5264,76.8757,-38.2400,209.2439,-112.3504,120.8072,-20.6678,-35.6880,121.2235,-133.0573,36.2774
53.9156,141.0576,106.3262,42.6741,-59.3117,129.1143,-80.3283,160.1017,-5.1815,224.1557,-4.1358,158.0900,-19.9262,85.2160,24.2452,-168.6017,45.9163,-292.5611,136.3677
-45.3791,-11.5013,62.8216,-74.1560,-70.3846,104.7504,-123.5611,140.8804,-46.5622,128.0207,-44.7545,138.9113,-89.1766,111.0090,-34.9096,-138.4968,36.7114,-125.6580,58.7085
-68.6569,4.6269,14.0100,-72.8767,-135.8219,161.9212,-168.2560,209.9314,-80.1604,100.0998,-47.6544,145.6232,-149.7794,140.0841,-61.0216,-76.1258,138.8647,-11.1873,8.3009
93.1070,51.7966,162.6432,-38.1003,-28.0748,204.2890,-61.2586,178.9289,5.6187,142.2262,48.3028,2.0029,-12.8527,-50.0367,19.4070,-175.4940,109.4133,-196.5212,59.3668
83.3501,-77.5314,155.8262,-63.7393,-3.7926,96.9215,-39.0958,81.8081,11.3813,45.0346,23.0572,-49.2479,3.0515,-154.2857,26.1525,-121.8670,14.3266,-182.0273,51.8065
-11.8984,-110.4782,10.5924,-86.1265,-123.4042,62.1711,-142.0901,81.8097,-110.8546,-62.0724,-67.5387,103.4006,-137.2017,-54.1201,-75.0970,3.7245,101.6925,13.7056,-24.4291
137.5992,21.3651,239.2631,-51.6568,5.2580,142.6835,-52.0402,11.4809,-22.7588,-117.6310,70.6259,92.6510,-20.2513,-150.2965,-16.8305,-209.0128,190.9095,-45.3767,-21.2293
130.5232,-25.8772,265.9136,-28.6051,80.2671,9.9360,59.0596,-145.1502,175.3906,-152.8465,101.9997,6.7124,127.4360,-194.2709,140.0051,-218.8832,-92.3534,83.2533,45.9143
-211.8237,-274.8196,-507.1255,-198.0609,-267.6080,-295.4189,-207.4441,-161.8193,-45.6684,17.9040,-346.4021,148.4015,-155.1734,217.3250,-33.8584,337.6726,-561.7769,524.7726,11.6240
-160.9229,-405.5415,-869.1110,-485.9796,-311.3324,-395.0241,-421.9025,-134.6600,-435.4398,265.2141,-646.5115,140.9634,-388.1962,410.1274,-389.5378,444.1819,-693.3120,203.0587,-50.9999
175.4690,-434.2431,-301.5700,-571.2734,130.1250,-360.5353,-89.7361,-227.7964,-341.8629,181.0051,-393.3981,-165.7531,-151.1631,72.3441,-368.4604,-55.0546,-576.5633,-657.8746,9.7766
-193.1984,-569.0187,-362.7896,-507.5598,8.9249,-426.9690,206.3466,-308.2876,-86.4642,-42.8271,-291.0342,-165.0180,-55.8911,105.3232,-142.9376,136.7900,-645.0579,-399.4304,-54.3801
-806.1110,-529.0090,-1090.1913,-443.5270,-553.1740,-307.9265,-27.4553,-272.5713,-176.5030,-10.4063,-483.4620,225.3134,-309.4255,521.6517,-155.0749,763.9116,-614.4644,526.2936,-327.2158
-448.2996,-35.9981,-740.6628,-129.2132,-330.1024,123.9116,-171.4838,-158.5670,-168.8640,26.1735,-242.7498,417.2055,-208.5099,299.9460,-111.7056,354.6252,-90.4331,243.0697,-286.4434
325.0839,336.6497,243.9647,270.1172,386.3764,281.8540,130.1210,-62.1131,158.3482,-187.8275,218.9638,280.6334,230.0879,-322.9908,184.0104,-572.5234,342.4541,-688.7156,80.1621
380.7321,127.0134,273.7029,198.2867,476.5587,-4.2888,274.7825,-109.7184,223.2045,-357.0240,191.5054,104.6326,293.8258,-381.9810,249.4996,-611.3352,214.0268,-599.3309,94.0997
148.7393,-27.8408,-25.3593,-24.1259,206.3482,-65.7010,91.7305,-181.8745,20.0832,-334.2961,47.3640,35.9672,96.2944,-153.1167,55.2656,-211.9951,108.1186,-35.6754,-134.0070
289.6993,265.6672,237.4492,143.0182,262.3669,220.1883,99.3436,-73.5967,94.2896,-306.1100,240.4949,84.9465,160.6075,-252.0162,99.5203,-285.5360,284.9790,-119.5709,-2.9165
397.7137,390.2347,303.5517,267.2728,393.5910,285.6404,293.2218,43.7457,294.8672,-262.3509,336.7265,125.9784,295.3861,-369.1916,262.5907,-452.3547,238.0202,-324.4593,200.9659
248.6476,205.2397,16.6126,90.1243,341.1719,181.7812,315.0996,3.4261,261.7729,-131.7027,193.5135,60.4433,213.1198,-247.1142,177.4759,-341.5605,30.6513,-101.7351,124.9630
220.6646,217.0373,88.9684,83.0702,320.4666,270.1894,311.1873,-45.3746,211.6198,-63.4921,180.1880,34.7596,136.3426,-205.9859,70.9781,-288.3914,60.3123,57.0488,136.3270
296.5950,275.8788,233.1006,179.5133,326.3066,281.2072,412.4348,-130.4259,225.3191,-132.1539,221.3585,94.9453,169.5724,-310.2799,131.0995,-351.8931,81.5687,-47.9961,206.7856
219.8875,83.9455,56.9744,27.1997,226.4343,53.2062,330.5625,-350.9622,55.2586,-219.5167,137.6049,87.7738,144.0996,-320.6851,130.3586,-290.6228,-77.7246,-72.4367,-18.5474
124.0756,18.4714,35.3692,-71.8465,164.9184,-32.4172,112.2265,-455.3403,-136.5231,-246.2103,127.2150,43.3253,103.1481,-262.6335,73.8018,-167.6448,-126.1778,1.9832,-192.1688
133.0487,163.7629,192.0872,9.7916,218.5368,31.8626,105.6947,-363.6121,-49.7110,-187.0176,202.3506,34.6565,131.6587,-269.2648,124.0267,-153.4354,-114.8741,4.6407,-55.9501
126.2744,115.1816,119.9223,-64.7693,218.6211,-45.6272,186.3548,-349.8751,125.2363,-65.4735,178.8992,-7.8985,95.3557,-277.2781,147.5063,-219.7975,-232.5372,-13.5009,-30.4045
128.3511,-9.7333,45.6447,-174.7347,127.3411,-117.4816,128.2746,-397.5832,138.9609,-39.4880,138.4354,-23.8806,7.2355,-239.2668,80.5992,-272.0893,-269.2822,-14.0989,-144.2932
205.0720,70.2861,135.4291,-111.7149,96.4064,-53.7583,143.9623,-355.3069,96.4106,-149.2885,165.1186,51.6592,54.9751,-224.7835,80.4564,-271.3517,-195.4550,-36.4458,-71.0228
215.8399,141.3553,85.7491,-124.3093,148.0992,-65.8073,293.1323,-363.3419,116.6975,-181.9906,170.9676,93.2042,164.3858,-220.8498,103.9187,-251.7838,-239.4543,-28.3148,-0.4531
133.8792,128.4493,-13.5554,-193.3833,159.4297,-115.3580,305.1524,-417.4920,152.0547,-84.2054,174.2147,116.7807,156.1789,-165.1106,50.4557,-267.9263,-281.4197,28.6983,-85.7352
116.9403,187.0902,44.0510,-103.3281,106.8394,-39.6679,201.2524,-337.9006,135.2940,-44.4320,195.8896,206.6756,119.1825,-115.1603,33.2081,-287.8013,-198.3645,53.2871,-70.4522
132.8176,156.1133,-0.6443,-71.8676,63.8881,9.9799,149.3091,-249.9547,30.3180,-76.8951,158.0896,223.5409,139.6587,-130.6096,54.8250,-256.8870,-193.2592,45.4877,-4.1093
67.0758,8.0830,-165.4189,-158.4318,47.3280,1.7028,71.9046,-258.1663,-100.3031,-80.6453,121.6672,179.8784,111.6665,-138.9801,-3.9595,-211.7977,-236.3882,75.1268,-66.1391
18.4279,50.5031,-128.2994,-95.5374,50.3978,103.4575,7.7823,-205.8023,-105.5451,-117.1128,161.8613,256.2813,58.2976,-101.6538,-38.5542,-204.1312,-139.4551,115.3567,-57.7973
51.7802,192.6798,4.9813,-34.8490,80.1640,183.2846,111.4982,-144.7001,17.2319,-189.1886,171.8299,299.7540,94.6557,-82.0007,37.1783,-218.0291,-63.3778,102.7279,65.7999
53.3494,136.1107,-1.8532,-151.5638,84.3516,115.1060,210.8984,-183.8767,87.2907,-167.2740,126.9862,180.9749,128.4912,-68.6716,48.6933,-202.1293,-131.8274,81.4032,77.1639
18.5254,21.1073,-18.3795,-164.5579,30.1049,101.8158,132.7800,-160.7286,2.0304,-101.6364,122.7203,152.9777,68.9815,-17.9849,-59.0680,-132.3308,-162.2284,107.6721,30.6266
35.5181,15.7528,10.8787,-64.2755,-5.7567,158.4977,54.9353,-99.0599,-150.5021,-117.7618,113.8274,250.7198,23.7481,10.0077,-126.5314,-66.7992,-116.0855,133.9845,39.6842
70.2600,34.6993,-18.7675,-69.9571,13.9219,117.6663,72.8414,-185.3021,-206.7835,-148.7004,44.5356,267.5027,29.1991,5.6608,-115.9799,-77.3083,-74.4527,137.0367,-8.7728
85.6030,81.1607,-35.9663,-11.7399,18.2039,76.2750,66.3581,-268.3512,-103.2858,-140.9297,-9.0646,271.5970,0.9436,31.9069,-82.0207,-120.4397,18.9123,158.2893,-84.6327
111.0521,131.8315,-8.5123,135.4890,-18.8978,91.8774,32.6572,-227.1444,17.0943,-150.7140,-39.0008,279.1491,-37.9530,31.9089,-28.5404,-90.0307,109.4409,161.3142,-74.0915
119.5620,101.2182,-15.5071,105.5437,-42.5486,43.0239,21.0313,-219.9375,-9.9632,-134.1771,-77.3906,138.2623,-21.1181,-21.3906,-7.5678,38.1926,76.3931,125.7105,-61.0699
94.6611,108.2452,8.7676,32.0223,-20.4712,17.0060,10.3150,-217.4621,-114.8477,-69.9852,-55.5284,32.9651,25.2722,-9.6549,-45.6215,150.9966,29.4815,141.7083,-69.8113
87.4774,161.1648,64.5189,65.0241,21.1709,73.9735,22.4315,-157.0416,-154.5959,-77.0500,10.8385,130.4680,57.6559,49.2416,-59.0062,102.4215,36.4583,175.4722,-41.4390
110.0070,92.8543,13.6645,-10.6581,29.7999,40.5225,39.7570,-200.7995,-163.0456,-137.0763,5.7042,189.0626,56.3126,52.7958,-49.7693,-34.4098,-10.9430,113.2086,-58.6912
147.4398,44.9668,-52.8452,-100.2479,3.7520,-32.8528,-2.8881,-282.8020,-194.5297,-138.1755,-30.0297,146.3872,26.6015,62.2415,-90.8720,-35.4820,-50.3780,67.5826,-109.0091
182.0886,141.7893,10.2118,20.8679,10.6540,16.4735,-33.8790,-213.7590,-182.9104,-145.1235,1.2347,168.2310,7.2613,76.2188,-126.4327,48.0283,29.9469,160.3659,-56.8707
167.8248,163.7897,78.6656,138.8507,58.8553,77.4928,13.4447,-116.2842,-115.2636,-183.2724,39.0849,183.0395,-10.6635,6.0003,-101.6646,-1.1607,126.5425,263.1267,30.2467
133.5533,137.4379,76.8623,171.6458,81.9801,101.6293,61.2506,-59.2907,-65.5423,-152.1628,34.1173,158.9464,-52.7090,-35.7766,-85.4380,-117.2458,195.3854,294.3452,69.0929
136.9404,217.3190,100.3035,264.4687,90.9006,160.4687,92.3709,35.4550,-46.4986,-136.4825,53.4554,189.7866,-51.1699,-2.5367,-101.2563,-170.5869,295.5686,308.4940,131.7530
108.9477,181.4842,137.4397,265.3812,135.6611,143.8058,132.5769,40.3119,-41.0595,-224.6697,102.3374,166.9386,19.7111,-61.8649,-107.7684,-226.4399,333.9867,282.9735,154.9255
38.0130,25.1434,157.0484,169.7523,174.0000,73.7018,118.2085,-41.3240,-57.4317,-259.6282,114.7032,80.9703,62.4298,-133.8915,-101.4822,-246.9660,269.9896,233.9600,77.3858
46.0660,44.3402,193.4482,209.0048,174.0586,130.9786,75.0303,7.5119,-63.5445,-209.5312,86.5641,83.8987,64.8173,-26.0603,-73.8692,-171.2493,223.8623,229.6459,60.0292
77.0804,57.3265,178.2232,196.0210,182.8568,184.4088,84.3793,77.3610,-43.7791,-197.2109,50.3773,60.2418,91.4347,118.5288,-43.3318,-150.2386,168.9000,183.8940,86.5854
-6.2075,-130.7077,83.8277,0.4433,183.8867,104.3145,59.7054,4.3679,-64.8894,-160.1628,21.1600,-36.4400,89.5476,161.0068,-72.2494,-161.4867,40.4836,51.8543,-21.3069
-74.2287,-176.2584,21.5244,-59.0227,119.3457,66.1964,-30.1512,-48.0351,-127.6086,-97.6639,15.0952,14.0649,27.9345,167.2384,-102.9770,-32.3465,-38.6751,-45.5247,-139.1542
-12.2857,-36.8117,-17.1933,-19.1243,37.4287,71.8934,-36.6920,-47.5028,-127.3224,-134.2344,33.9464,116.3567,13.6629,123.0983,-49.5261,52.4074,-44.2622,-89.7559,-121.7126
8.5754,-41.0989,-87.7272,-115.1565,9.7662,24.2610,28.4374,-77.5679,-49.1987,-110.7332,57.0261,74.8170,66.3994,87.2287,-11.5780,-86.1356,-79.8599,-113.1609,-101.6804
-83.6160,-85.9249,-100.6889,-126.8610,22.0547,62.1497,37.7033,-17.0882,28.6425,80.2187,63.2448,57.0937,89.8600,169.6514,-38.0603,-188.1151,-97.4992,-71.2267,-92.3361
-138.0556,-36.3109,-70.3623,-31.6339,34.4448,134.4544,40.9441,76.1703,106.8219,160.8497,25.5584,75.3455,61.5900,172.6179,12.1052,-94.3184,-94.1061,-46.1971,-16.8601
-128.3139,-116.0346,-116.8718,-124.5281,5.5563,32.5555,74.7581,21.4333,198.8937,89.0035,-50.4606,-39.9823,-1.1655,7.1217,105.5951,16.3846,-185.4677,-132.4230,3.1325
-138.4747,-261.3195,-156.0387,-232.6178,-71.4608,-70.1849,68.8022,-9.5218,217.0954,97.3342,-83.5793,-110.2822,-72.5769,-33.0541,56.8411,46.1039,-259.3462,-209.2574,-18.4554
-169.9703,-220.1496,-101.6207,-163.0782,-99.7797,-15.8076,76.8751,78.5497,142.9865,104.4501,-32.0945,-32.6571,-71.0674,51.3720,-47.1741,25.7717,-185.0506,-210.8796,75.3612
-201.4394,-128.4116,-83.3882,-168.0448,-43.3858,-29.8235,121.9992,63.2457,117.6635,33.3816,7.2560,-34.3024,-24.6389,-19.7062,-17.0657,-1.4196,-134.2840,-224.5860,147.5124
-193.0773,-144.8989,-134.2455,-232.4154,-36.5457,-148.9534,71.8630,-17.8230,186.7166,54.4009,-38.9948,-100.4739,-60.3120,-155.5562,71.8390,23.5523,-179.0462,-234.5671,65.9450
-106.3132,-184.5654,-154.1157,-175.7259,-105.8950,-159.9202,-24.1748,2.5626,201.4702,85.2553,-81.9932,-108.0214,-105.5211,-166.1119,111.8535,41.0013,-197.2966,-197.1006,-2.6503
-55.6117,-238.1349,-176.9213,-201.1427,-103.7985,-101.0878,-8.2874,0.4140,112.1232,18.6314,-49.4949,-168.1562,-21.3757,-125.4154,154.5197,-14.5116,-261.4991,-167.3707,-27.0082
-153.7802,-301.3215,-239.3896,-339.3432,-38.5444,-88.9805,27.4305,-57.2797,75.3409,78.3259,-23.3965,-231.0075,77.0537,-77.4481,199.0932,-28.3225,-403.8865,-148.3432,-87.2098
-280.6633,-288.7702,-269.5334,-348.6944,-34.5689,-63.7769,-3.8516,-38.7919,146.2326,235.5382,-51.2170,-161.0694,68.5171,-36.8248,195.4754,27.4787,-435.6097,-113.6958,-68.7229
-303.8178,-271.0907,-264.3852,-342.4662,-49.5216,-38.9536,7.7657,-20.0283,169.1172,212.7390,-51.6827,-121.4858,43.9551,-77.2470,174.7704,39.4269,-401.6661,-116.3208,-1.5655
-278.8276,-324.7744,-244.2589,-434.5208,-30.2481,-79.9380,27.7552,-50.2530,97.6447,120.6352,-5.1842,-179.7920,34.6764,-121.3243,156.5705,32.9671,-462.1544,-163.8506,-54.0246
-274.5858,-352.7373,-193.9123,-428.8235,-47.4537,-96.9306,-48.4709,-14.2290,92.7613,145.3677,14.3765,-182.0615,-9.8999,-105.6341,142.0145,47.3774,-496.3922,-170.0374,-97.1776
-277.8051,-354.9007,-191.9532,-376.6986,-75.5812,-49.0584,-108.3259,31.0815,173.2571,176.8849,-8.2869,-190.6152,-33.2642,-122.0604,157.2760,33.9508,-460.1661,-118.7070,-42.6561
-260.3321,-420.9429,-267.2807,-413.4837,-49.2363,-53.4930,-107.4579,-1.2268,135.3631,173.8236,-57.3933,-268.0263,-35.8324,-132.0678,149.7182,56.9406,-457.4513,-107.1723,-75.2568
-197.8533,-458.2585,-285.0539,-349.1733,-48.5361,-109.5590,-165.6452,-12.4038,-53.2820,166.4907,-129.1410,-237.7108,-99.1719,-73.6088,78.4651,136.0567,-370.8810,-155.7795,-144.0794
-109.3150,-358.5651,-211.1860,-183.8194,-91.9190,-110.6839,-223.7543,1.7048,-167.6255,121.1151,-149.3669,-126.6457,-147.3798,-68.9515,44.3932,132.4055,-203.6208,-149.0614,-101.4729
-43.6735,-202.8232,-126.3420,-143.8454,-77.8005,-109.0253,-184.5548,-22.6010,-110.7446,115.4313,-72.8513,-121.4863,-103.7704,-125.5713,73.0486,76.8408,-187.3134,-80.8581,-88.7582
-3.8676,-79.7612,-42.2899,-142.1083,-35.7138,-161.2138,-152.4259,-4.5207,-11.7486,138.3655,-2.6892,-131.9386,-65.5292,-138.6507,64.7700,107.4304,-211.3938,-73.3854,-96.3824
6.4141,-17.7800,-26.6208,-113.3865,-38.6806,-160.8079,-159.4476,45.7200,43.9061,81.2653,-7.1317,-73.1933,-56.8518,-158.9604,41.3122,156.1466,-147.1501,-111.5345,11.3083
-27.4633,-68.9708,-141.7009,-218.4770,-47.1072,-132.6861,-142.5508,13.5823,75.1508,105.4022,-24.1456,-95.4174,-26.8351,-192.3851,61.9096,147.5843,-246.3436,-141.0449,17.6410
-64.4712,-186.9910,-227.9120,-313.5336,-75.3567,-193.6410,-163.2520,-47.3234,94.7887,217.0090,-24.4420,-177.2363,-40.7506,-161.9543,78.8465,150.0887,-410.3828,-196.8930,-132.8186
-86.9604,-236.4959,-192.4743,-239.0079,-140.8859,-214.2341,-195.0224,-102.6581,102.0449,90.1168,-26.2530,-173.9671,-93.4472,-149.5935,97.9218,158.5915,-314.8958,-196.1357,-138.2975
-106.1887,-211.2764,-165.4135,-226.5676,-125.9364,-140.7579,-107.2459,-207.9026,83.4721,-78.0589,-27.7716,-161.5263,-79.1790,-157.1205,127.8612,123.3080,-236.6776,-119.3121,-93.1123
-79.5491,-136.8549,-154.2723,-240.7135,-43.7447,-161.9567,-8.0159,-218.2950,48.7677,86.2584,-39.2507,-140.5070,-50.1031,-44.4690,92.6720,79.1480,-318.8629,-145.5249,-170.4811
-46.2255,0.7156,-100.9851,-67.2173,-46.4777,-191.9990,-28.5002,-104.2321,58.0970,162.5967,-27.3355,0.6090,-66.5028,32.3551,53.7429,29.6971,-174.3223,-178.6783,-111.3629
-73.4486,31.5111,-72.1857,2.2308,-56.4383,-93.9809,-46.2457,-142.8701,55.1307,-70.4190,48.8414,46.0460,-44.9776,-92.5864,68.2375,-18.6806,-4.4620,-64.5492,-31.8403
-45.0027,-98.5836,-13.4592,-60.4907,36.5952,-80.2832,-39.9775,-206.3887,-85.0180,-56.9267,87.8638,-92.9234,-1.9784,-107.8668,-25.1909,33.0331,-119.6715,-59.6925,-202.4899
4.6980,-88.1913,101.0334,149.7244,68.3917,-82.6603,-106.5241,-0.6373,-219.1949,58.7588,47.1497,-58.5621,17.8722,87.8314,-156.6965,111.5760,15.9735,-136.4056,-125.1363
-125.8191,-20.2493,68.4626,218.2126,27.5021,128.3076,-103.5865,71.9568,-180.9121,-206.4039,58.7856,40.7934,91.0343,113.0247,-87.1955,51.7494,290.1006,49.9660,196.3077
-135.2584,-301.4380,27.8944,-183.5090,115.9181,62.0378,3.1421,-133.1340,-227.8306,-141.8489,31.9251,-216.5945,95.7960,96.9881,-102.1387,75.0219,-61.6092,112.4573,-170.8007
290.7169,-354.9009,339.7702,63.0357,143.1341,-454.2760,-79.2178,138.0993,-469.3744,521.2750,-209.9742,-337.2708,-123.2372,462.2757,-415.8897,398.4774,-58.7530,-210.3521,-677.7416
582.3970,738.6788,684.4568,1261.4109,-116.6055,-313.8216,-262.1390,790.5511,-410.5214,495.6235,-332.5885,221.2651,-222.0678,759.8122,-408.3909,592.4727,1404.3553,25.0080,141.2591
351.6801,2067.4956,582.2042,1664.9258,-230.5648,746.6260,-93.3683,729.7468,77.3342,-297.0922,-24.7727,650.9389,71.2785,433.9138,139.5078,297.7384,2431.2576,909.6991,1313.6580
182.1754,1871.3883,319.2278,718.6119,64.2178,1163.9812,251.9128,132.0930,330.8429,-346.1145,249.5146,273.0512,296.2190,5.3965,376.8808,-36.0429,1295.7659,873.4634,964.4711
258.8855,532.3834,214.8044,40.7268,209.1818,390.6122,217.6031,61.2025,107.6455,238.8517,91.7419,-125.5865,110.6060,22.2800,36.4053,-6.1992,-97.5440,-150.5427,-26.6845
146.4232,-161.6644,113.0505,178.7639,-15.7010,-215.2616,-36.8448,284.2445,-63.2592,200.9196,-99.5717,-5.8452,-87.8648,111.4939,-142.4504,76.8733,17.0908,-310.9261,-59.9427
41.6265,-2.8957,66.1149,181.0598,-75.1928,-128.6643,-30.9145,127.0623,11.8613,-113.8158,-30.7699,26.4853,-33.5632,-21.8302,-2.6214,-31.6197,401.8239,522.4278,230.9780
200.0641,46.5534,174.3375,1.0190,86.8662,-94.2942,85.9857,-12.1354,43.8606,35.0848,19.1445,-170.8965,17.0875,-90.8397,6.0634,-95.7448,163.9272,738.6531,55.6166
197.6269,-45.8868,168.4294,129.0095,45.1421,-169.8462,21.4625,162.4261,0.3994,143.1136,-51.5667,-91.0170,-34.7434,2.3762,-63.1423,-10.5867,107.3602,187.8360,-14.7258
47.1105,85.8474,64.6258,246.0442,-57.7219,-31.6307,-40.2356,216.2960,0.3395,-2.1701,-62.4370,94.4097,-46.5123,55.1882,-21.5554,43.2908,272.4531,-124.2541,130.5164
151.3363,162.9708,137.8130,148.2071,44.5546,26.7335,20.3346,141.2910,-5.2377,52.7451,-28.3181,1.7776,-33.7715,34.9676,-24.8576,18.6072,157.3597,-93.9559,42.9529
220.9245,65.6929,202.6242,169.8221,81.7991,-78.9525,12.2154,207.1791,-14.2481,134.7065,-28.8074,-68.5797,-50.2561,21.5290,-62.5734,9.2563,111.9874,-60.3421,-31.4634
81.7832,82.2667,117.4792,244.0412,-18.2412,-54.7510,-48.0733,211.5912,5.2762,21.3119,-37.6336,38.5617,-53.0082,26.5687,-21.7764,24.2862,250.8681,-40.1723,82.3319
149.1812,143.5189,153.6353,175.5728,26.3835,-14.0075,-8.7734,114.0709,-11.1517,35.4019,-58.8685,11.6374,-45.0733,34.7659,-16.7948,23.2764,186.5574,-67.0572,52.6291
263.6517,90.6072,234.9218,176.8205,99.8187,-76.5888,25.0095,178.5631,-32.4013,116.1383,-68.3442,-70.0140,-41.3397,21.5055,-39.6800,10.1485,125.7321,-89.0053,-20.7557
110.2969,80.0324,137.8245,243.7869,12.3029,-55.9017,-22.7047,250.1378,-8.7650,29.4732,-38.5778,9.1885,-29.3530,4.0033,8.3709,8.2842,245.1295,-21.5690,61.1888
112.9125,119.8201,123.5129,184.2439,-2.9191,-17.2697,-10.9848,163.4735,-15.8960,28.2836,-41.6295,16.6904,-29.5933,16.8694,14.9135,11.5040,202.4193,-41.9889,48.2677
284.5920,100.9634,239.0462,178.4658,84.5606,-59.0064,41.7338,170.4741,-25.0371,115.4823,-55.4289,-83.5664,-27.5665,11.6123,-15.5938,-0.4786,107.9292,-110.4403,-25.4967
151.3430,103.5637,172.6010,268.4640,36.6682,-42.1388,1.4905,240.1020,17.8741,30.4618,-16.9170,-28.5685,-9.4627,-12.9245,32.9886,-4.8294,211.6511,-34.7862,51.3631
64.6994,117.6924,114.9934,204.3833,-6.7909,-41.7965,-30.9941,153.2450,-1.4177,-2.3712,-29.2368,29.6873,-27.6099,13.8025,33.2424,14.0583,208.2416,-41.3957,46.9096
273.6754,97.7964,251.9893,145.8722,84.4097,-103.5418,28.0228,129.0534,-40.0671,105.2221,-71.5650,-66.5388,-41.6534,25.9702,-20.9558,8.7944,101.0725,-152.9507,-53.2823
187.4006,134.1656,199.5010,253.4818,58.0518,-37.3418,20.5677,229.5192,29.6420,41.9173,-10.2189,-52.8705,-0.2572,-15.7179,44.2599,-7.6452,190.5503,-44.8300,33.6493
2.7903,135.8932,44.7602,215.8257,-25.4860,-3.9568,-50.0364,159.7382,23.3739,-20.5869,0.1433,25.3610,-19.1309,11.4104,60.3676,21.2086,210.3554,22.5202,74.9104
267.8602,66.6416,210.7429,111.4083,81.3365,-114.6674,-2.3726,93.2810,-81.7089,110.7373,-84.2196,-66.1139,-72.5385,41.1636,-52.1395,18.0860,80.2508,-151.4220,-66.2175
277.8106,130.4954,271.3663,247.5522,89.7702,-36.7579,47.4582,232.6862,-1.1831,60.7480,1.6074,-63.5546,2.7426,-42.1525,12.8664,-39.6609,175.7337,-69.9050,4.9039
-95.5526,142.4901,7.8512,238.4472,-90.7636,30.5501,-46.0017,191.8293,58.8088,-59.8132,67.9093,71.2690,34.6695,-19.5743,94.3806,5.6716,226.5165,84.5200,112.7472
250.1290,-21.1350,173.6213,29.1143,50.4702,-201.2453,-18.8203,44.5459,-135.4109,136.9907,-137.3427,-64.3874,-90.1344,95.7214,-93.8157,60.7853,13.5896,-207.9739,-98.8043
554.9834,141.2662,446.4348,259.6303,246.9697,-74.4294,127.1630,247.3101,-30.4246,106.1241,-65.3726,-157.7543,-15.0039,-59.1738,-18.4827,-82.0776,151.9845,-183.2617,-47.9368
-757.6750,331.2819,-414.5308,424.4094,-340.8633,331.5950,-177.3456,246.4941,374.4196,-350.4471,347.1501,276.2896,164.7050,-143.6741,407.3006,-35.8188,403.2200,499.4321,362.1653
-2035.7683,-385.2542,-1553.0863,-387.1577,-1116.8745,-199.3210,-841.1844,-448.3558,86.3247,-230.7758,105.2147,558.2216,-151.7601,397.7052,204.4023,516.6841,-146.7268,484.6622,132.1722
-1113.0262,-1121.6506,-1113.6686,-1042.5786,-838.2448,-1109.9707,-910.6123,-794.8650,-654.9021,445.4887,-631.5004,127.2383,-619.4717,853.6633,-500.9678,837.2695,-709.8749,-354.6137,-518.1435
352.2274,-434.8459,162.8891,-277.4628,-2.5842,-715.1959,-274.2725,-137.2925,-537.7173,456.2740,-542.7441,-236.3897,-401.3097,420.0025,-439.7581,376.7742,-136.0626,-403.0592,-339.5747
336.1562,569.7701,455.5151,634.5932,180.0958,220.3734,105.5888,441.9922,118.9339,-40.0753,110.8450,-69.3848,90.3214,-136.2548,168.3471,-82.1732,582.7233,266.8529,267.5501
-61.2812,414.9721,113.2227,450.7750,-53.6797,109.6090,-45.1900,288.7784,127.8853,-31.4939,117.3737,19.1095,62.8779,-37.2560,191.0612,41.2921,417.9904,294.0477,205.4546
161.8156,72.2976,162.8155,158.5507,-15.7095,-255.9286,-115.0866,131.2528,-134.3284,185.9984,-163.5217,-107.3665,-109.0318,138.4074,-65.0949,172.9243,195.5624,-3.9460,-39.7249
210.1640,361.4716,271.8333,400.3555,72.0026,28.8013,9.3571,269.3335,24.9247,67.2944,5.6739,-57.6364,20.3249,0.1682,61.4650,32.9850,379.5236,160.4683,141.6974
-5.0432,407.4463,123.0122,413.2845,-11.0290,121.8170,-6.1719,265.2982,111.6984,12.9459,117.2296,10.4682,69.6607,-16.6721,138.9638,32.4181,347.5363,254.6390,202.4904
89.9981,152.2163,108.7365,189.8774,-10.5208,-142.6531,-69.8342,158.5946,-58.0132,128.3860,-58.9481,-74.1537,-48.6625,90.9521,-11.6075,130.0383,182.0828,56.3522,27.8778
172.4682,278.8230,187.1250,281.5674,49.1541,-35.2191,-9.3785,198.6452,2.0156,65.4408,-7.5805,-56.7665,-4.4492,25.8432,39.1422,52.2388,268.4461,103.7600,84.3097
16.3235,365.1630,99.5707,347.6688,3.9151,112.6867,9.3621,216.0715,115.4766,5.2625,119.0903,11.7069,61.9143,-13.5735,126.9702,5.6540,277.8531,226.7578,160.6569
19.0864,148.7074,60.4689,175.0097,-7.8450,-66.6396,-39.3008,147.1037,-2.5252,103.9020,0.2593,-55.9505,-14.3802,76.2785,6.6704,88.2004,147.6436,108.2496,37.6600
108.2594,202.7679,136.0635,201.5815,44.5492,-48.8794,-6.2744,162.2062,-5.5347,83.4148,-13.4300,-74.1038,-4.4740,58.0392,9.8168,67.0053,197.2865,91.3073,50.7369
34.4421,335.1690,97.2413,304.6731,17.3222,97.8946,24.2313,188.0944,105.7455,3.5575,109.4307,-11.7811,61.3519,-2.3620,126.1491,3.1897,227.8271,197.9583,142.1239
19.0167,161.7990,39.3091,169.6688,-9.0631,-31.7201,-18.1912,125.2300,21.8203,71.0478,30.3708,-46.0925,5.9790,44.1631,47.9070,55.2061,110.0445,122.8585,59.1715
94.3439,164.6774,101.9651,131.5804,42.6250,-56.1781,0.1703,109.2596,-25.6972,94.7928,-39.9803,-54.1979,-2.0068,44.3609,-17.4365,77.4744,140.8062,28.4642,40.7052
51.4306,335.2196,104.6974,255.4068,40.6379,110.0988,45.7085,149.4020,87.5977,26.9206,66.5394,18.6081,76.6857,-6.9109,74.5201,29.1313,200.6576,18.0319,123.2903
12.8259,189.6730,33.1352,179.5532,-1.0185,15.8354,5.3526,119.0607,62.8729,55.3949,60.3342,-19.6193,49.2038,35.9877,66.8913,41.9491,64.0601,-68.3610,44.4636
71.0699,98.4200,68.8001,75.9157,34.8528,-99.9347,0.7586,77.1032,4.8121,75.7061,1.4559,-79.7950,16.3023,61.3143,18.4001,48.8181,20.9154,-62.0811,-16.5941
61.3421,265.6456,118.8347,161.1200,58.4394,37.7269,68.3567,96.1442,104.4838,6.7457,78.8153,-23.5488,79.5239,4.0997,81.8897,-0.7209,129.2920,94.9927,83.7038
15.7777,197.5289,60.4469,155.9608,9.5091,39.6440,54.5289,95.6939,105.8311,25.9986,67.8675,-14.7886,67.1249,19.2810,65.8553,15.9520,98.4595,84.3168,77.8954
42.1339,105.5741,38.6547,75.9114,8.3653,-59.9563,23.0090,69.8413,22.8081,83.4503,-14.8772,-52.3301,23.6026,70.8341,1.1710,60.2809,44.6377,-13.7860,14.9668
37.9511,281.3510,84.6723,148.6790,42.5904,40.5606,77.2839,77.3775,96.0925,31.6724,68.6407,-7.6135,82.0295,34.2136,66.2700,25.2524,110.7898,61.6276,82.3253
-14.7663,120.6057,52.4361,161.6929,4.3466,47.4716,53.7835,75.4198,100.8050,-3.3484,96.8773,-18.8835,61.4657,-0.2433,56.3180,-8.4122,74.1758,77.5492,57.0196
-24.4970,-335.8857,-19.0038,2.7874,-47.7537,-81.7150,-63.7235,53.2726,-66.9650,18.4293,-57.7519,-96.3386,-72.1425,5.8373,-84.3598,-5.6091,-43.1143,-105.2719,-85.1830
-40.7580,-369.1719,-37.6469,-131.3490,-57.9398,17.8421,-77.9561,81.8542,-94.8846,-16.1130,-99.4029,-51.8477,-98.0240,-21.1093,-95.4983,-20.4376,-59.0768,-235.5589,-86.7702
-82.9283,-266.5367,-64.3071,-284.0952,-85.1496,131.0997,-55.3696,131.7364,-49.7015,-20.6451,-68.1596,2.5854,-81.6365,-19.3400,-75.3619,-1.5628,-93.6372,-289.6079,-77.1106
-75.0060,-438.8498,-98.0279,-449.0679,-111.0793,59.3095,-124.9321,94.7043,-148.1807,43.1023,-162.9145,-44.6356,-155.6053,28.4553,-181.7465,38.1402,-172.1179,-373.1711,-182.1368
-73.4875,-478.7293,-95.8031,-441.9565,-111.2501,120.7402,-164.6301,-54.1162,-196.4739,16.6775,-206.9906,-16.3164,-191.0533,22.1956,-209.5267,14.3607,-177.8169,-413.4260,-200.0004
-127.1591,-448.7791,-122.2531,-444.4199,-150.2570,183.8503,-162.4948,-224.2605,-172.7034,-33.5292,-187.0036,58.4736,-195.9619,12.7410,-180.2691,6.2818,-230.8848,-447.9434,-201.8804
-113.4539,-618.9989,-141.0935,-568.6619,-170.8398,-9.0727,-204.5034,-294.4052,-256.3621,68.4634,-271.1796,33.4187,-263.8651,25.7543,-264.1730,27.1535,-324.5332,-505.0154,-312.4888
-6.7547,-503.6051,-51.5916,-493.5960,-74.8729,-64.4268,-157.1671,-272.2076,-258.2690,201.5800,-262.7778,30.2930,-242.9250,-80.5018,-250.1094,-47.5484,-257.1722,-421.4258,-282.9788
69.2291,-107.6840,45.7717,-287.1861,25.2651,97.0501,-8.9478,-292.7653,-102.8185,202.1625,-92.1362,54.2398,-114.7578,-224.5890,-91.6973,-99.6521,-156.1242,-261.6392,-138.3174
102.8535,-63.1083,73.8967,-287.6168,43.6100,91.6603,30.2468,-367.0159,-56.0106,92.3663,-44.8099,-29.4324,-69.9733,-218.1202,-71.8815,-25.6691,-166.4910,-203.2998,-151.1808
144.1146,-180.3499,121.0441,-296.8226,78.0720,86.9602,9.3594,-357.9961,-63.9057,-67.2454,-71.0248,-71.9713,-57.9607,-187.0724,-95.2605,-60.7539,-113.1902,-117.6317,-153.2668
166.8636,-135.6340,152.7096,-173.6320,127.3385,229.1382,68.8892,-271.9571,22.3389,-187.3610,7.0268,-9.5692,5.4727,-239.3006,12.4667,-225.6003,-26.2582,29.7415,-35.2887
178.1278,-227.2991,136.2114,-202.0954,123.6580,183.0548,91.8929,-248.4424,23.1014,-255.4514,20.4085,-41.4568,-5.7751,-245.3638,35.1589,-252.2550,-55.9642,48.4064,-51.6750
204.5879,-301.8000,195.0317,-298.7686,134.9478,85.3761,56.8882,-275.8895,-43.4114,-376.1968,-35.9861,-76.1260,-55.2601,-225.3486,-22.7091,-205.1909,-31.8411,13.6716,-104.5562
215.7854,-102.0796,196.0673,-234.5905,173.5848,206.0948,95.9615,-253.5897,15.2894,-457.6163,24.5515,51.9840,-9.0742,-266.4011,54.0434,-260.0720,36.9897,43.9692,-5.5371
238.3810,-78.9930,-80.6605,-200.8735,179.5041,214.2895,142.1816,-205.8667,78.4369,-383.3943,90.4997,129.7854,31.8576,-262.3480,98.6437,-289.5257,-110.0104,32.7526,20.1943
295.1792,-227.5052,-325.8780,-193.7215,243.5974,91.0737,152.2992,-173.5179,61.9206,-356.9035,104.3274,67.3735,30.5719,-186.2074,-2.4405,-234.7479,-284.1519,51.7481,8.6829
273.1480,-60.7267,-221.1737,-26.0321,407.5057,178.7673,283.2205,-122.4209,44.9945,-419.5515,201.8299,41.2704,163.8248,-122.8127,-48.7916,-173.1983,-221.2994,184.6276,205.5591
157.8704,127.0531,-68.8960,56.3249,492.2515,242.3361,485.5915,-67.4036,-50.1012,-307.4795,242.2937,25.2618,421.3334,-32.8184,-69.7586,-59.0594,-152.3888,222.7262,343.3522
96.5485,33.3559,-105.8172,-33.6628,400.4016,116.7315,505.6552,-45.3193,-118.0064,-91.6239,120.4585,-11.2466,567.9133,73.9622,-137.0808,44.6385,-181.5551,164.1628,234.0224
71.1795,-9.3297,-124.0191,-6.4066,239.7917,111.3423,338.7502,-39.2418,71.0935,-2.3046,65.2991,30.3635,500.6894,88.9030,-92.3484,2.4554,-151.3180,172.7055,154.4456
-21.0355,-52.7257,-91.2350,21.6773,133.1477,118.3637,203.2587,-45.9334,239.5811,69.8901,91.6947,23.6382,355.1581,53.3103,-28.8628,-40.7362,-175.4353,118.1325,112.9495
-80.8000,-191.9523,-132.7986,-88.2928,115.0077,-23.2260,189.2860,-36.8371,143.3547,178.9799,52.5194,-84.0773,300.9742,51.8782,-101.1499,47.2772,-267.1542,16.0307,21.5727
-29.2365,-32.6055,-145.2853,-52.8451,111.6656,-1.1870,205.8096,40.5284,114.9942,206.7414,58.9042,-68.4477,315.3918,57.6852,-111.4099,127.2773,-199.9923,71.4454,85.6609
35.3190,192.1024,-109.0529,19.4333,64.3343,91.3088,172.4027,103.2474,213.7783,222.9589,105.9310,-0.6100,275.4856,68.6862,-65.0296,137.7618,-137.2322,80.2473,186.1821
68.4289,-0.6541,-151.7272,-130.4450,41.0247,-35.5780,108.0586,72.3402,120.8137,236.4964,39.4241,-81.7654,209.3385,93.2686,-164.9629,147.4564,-251.9316,-74.7708,70.5098
81.8053,-139.7449,-188.8478,-170.8820,34.6582,-74.8639,39.1825,55.0822,-6.4226,148.1408,6.1265,-128.5647,179.4073,83.7943,-204.5170,145.4834,-265.2057,-87.3719,-15.3177
72.4959,44.8941,-137.4801,-58.9958,-43.8766,25.9884,-21.1326,87.8933,82.5009,128.9438,82.1509,-75.1293,121.8751,51.2592,-74.9979,134.2966,-183.1325,-37.8252,28.6339
105.1130,82.3286,-92.9861,-161.3727,-103.4787,-91.0355,-20.6895,73.4360,158.3173,252.3384,65.9955,-110.3410,38.3721,45.9115,-64.7983,127.9586,-241.0322,-156.3529,-34.6417
155.4878,67.6167,-28.8315,-206.0205,-71.0755,-200.5013,22.6816,39.0857,91.9323,259.0346,44.5835,-122.6550,12.7874,60.6728,-111.1503,78.4642,-227.7122,-168.7621,-80.5898
101.4599,193.8164,79.3717,-19.2464,-75.0167,-102.3082,22.9189,16.3065,-3.5968,158.4979,158.6447,-50.1367,22.6838,72.7077,-21.0760,31.5460,-116.9001,-57.3197,-9.2957
28.8679,45.0935,70.9605,-96.2587,-112.7314,-147.3909,12.2017,-52.8573,-124.8592,163.2384,142.6814,-106.4297,14.5009,65.6687,-25.9680,59.2938,-229.0570,-129.1947,-46.2457
46.2972,-221.0423,-34.2633,-302.4242,-101.7220,-254.2291,20.9191,-92.1273,-152.2613,178.3958,-46.6686,-127.7547,-24.8130,35.2653,-130.1905,68.5673,-337.3989,-171.1576,-79.6514
21.2820,-167.9088,-64.5422,-220.4203,-141.4075,-182.8780,-44.4230,-54.9320,6.1636,131.5927,-94.4919,82.8940,-104.1013,8.1194,-79.4617,4.9981,-215.0212,-71.0960,11.0880
-65.0677,-153.1874,-77.5270,-256.4221,-209.9838,-220.1406,-139.7044,-68.7412,84.5568,164.1597,-52.7044,193.3005,-150.6804,-8.6260,-46.4211,-21.9875,-230.8829,-164.3527,-48.2166
-87.3681,-233.3640,-137.4234,-431.7663,-175.8687,-298.5996,-136.1358,-115.2447,37.3417,230.3749,-96.0965,153.5572,-116.6990,-22.5302,-105.3054,3.6053,-321.2433,-260.7652,-150.4079
-127.6926,-58.1453,-149.3278,-248.6045,-172.9806,-148.5965,-118.6098,-124.8672,110.2959,223.7521,-67.2005,263.4978,-98.9562,-18.7602,-0.0540,-10.4041,-176.7390,-135.5068,-68.4466
-225.1556,-61.1065,-167.1103,-144.7069,-264.0025,-155.8176,-153.4321,-182.4031,146.6873,224.2680,16.5814,322.3858,-105.8089,-0.2761,68.1688,-23.7422,-179.4882,-207.6270,-120.4326
-230.2335,-316.1899,-245.5957,-373.8483,-258.6604,-321.4644,-123.5248,-194.7297,20.7222,214.9348,-22.1056,211.9890,-66.5491,8.9142,-69.6615,39.2257,-365.7206,-353.6068,-229.8186
-177.1271,-152.3571,-213.8083,-256.5575,-196.8941,-152.5092,-30.6858,-59.1372,50.6506,124.0562,-30.0888,249.6779,-45.3029,-17.9246,-20.4050,85.1470,-226.4855,-132.4669,-11.6420
-179.5798,52.0688,-110.1443,-58.2299,-203.3463,-36.2019,35.7838,8.3901,158.3666,119.9987,47.9163,265.8040,-27.2080,-41.8996,113.5010,65.6270,-94.1495,-67.4717,90.5849
-183.6689,-132.4498,-168.6603,-289.5502,-154.3579,-222.2531,104.9740,35.4525,66.0452,243.9995,19.3024,110.9196,82.7622,48.6759,-30.1415,83.5150,-271.2231,-342.1254,-68.1815
-170.2572,51.5880,-234.2345,-185.6560,-70.0616,-53.3594,177.1976,197.2355,113.0781,182.8227,20.5194,254.7366,134.2056,153.8271,2.1428,72.4237,-163.7130,-196.3276,155.2194
-165.6682,292.8962,-140.5188,96.3738,-122.1694,90.6412,184.4570,136.0710,300.3690,5.8369,133.9915,417.3838,21.0111,85.7827,246.6258,-29.2759,-6.5087,84.2439,287.3030
-174.7857,-319.5934,-212.9053,-447.0787,-216.9312,-475.2139,139.5305,-178.9626,49.8941,243.8382,53.1304,-75.9556,-23.5573,101.7753,-54.6499,81.8492,-439.0726,-211.7595,-331.6716
-269.6606,-582.9470,-433.2946,-627.8383,-211.3741,-515.9102,103.9595,-71.7039,-214.0066,597.9165,-43.3991,-443.4798,104.5688,345.9715,-384.4805,367.6045,-550.0091,-269.6607,-512.0078
-332.9817,305.1818,-210.7203,619.4941,-116.1154,587.0177,97.2923,285.4559,200.9478,99.1777,233.9369,61.9788,174.1609,245.6545,217.2662,191.7682,283.6706,438.2832,300.9059
-90.7136,698.7762,348.6705,1332.8794,81.9848,1073.1743,82.3891,155.6456,458.9949,-815.2671,369.9038,435.9085,74.4009,-255.1929,715.1412,-319.9361,897.8076,834.2020,606.7382
275.3167,218.4732,486.0077,515.1665,273.0981,463.2768,49.0051,-49.4228,-86.4519,-713.6822,-47.0666,122.2097,-10.2929,-310.9417,75.8162,-293.8009,796.8330,531.1120,142.3315
323.0503,140.4880,214.4028,-46.5418,246.7923,196.9848,50.7623,164.6557,-444.8404,68.5037,-335.9297,-56.1539,29.9600,50.9981,-534.3184,101.1437,652.5825,267.7854,73.7885
125.9418,91.7476,124.0495,104.1338,111.2108,213.3132,29.7858,206.1770,-210.6212,104.5193,-181.6183,-41.0664,14.5699,33.1569,-267.1453,60.8037,436.9863,110.8200,111.3756
48.8585,-349.7038,219.1015,-16.7015,93.1296,-166.9134,-76.0193,-29.0567,-137.2862,-267.2999,-102.3653,-297.6561,-120.9793,-161.5691,17.9499,-156.1134,73.1394,-152.7534,-262.1790
87.1368,-218.9644,168.3212,-107.4125,85.6848,-236.3166,-101.1663,21.9222,-196.0802,-43.3884,-127.5701,-371.1023,-131.0924,-27.8015,-69.1311,-36.7214,24.3403,-230.7585,-275.9334
39.5378,34.9172,45.3566,52.5802,-10.6785,21.1965,-44.4712,125.2861,-87.7199,174.8656,-72.8030,-132.7319,-53.6255,59.5351,-94.7418,63.1271,113.2261,-128.0462,-14.5158
-19.3277,-356.1743,109.7058,-43.4405,17.9504,-171.7324,-98.9267,7.8350,-167.4473,-165.2584,-143.3401,-202.6005,-123.6990,-79.2527,-40.4979,-69.1243,88.9515,-98.8039,-220.0271
53.1120,-216.9125,214.2728,-24.7028,128.0631,-243.7389,-96.8192,39.7909,-211.5359,-186.9880,-143.6751,-331.3603,-115.9718,-50.7255,-1.4871,-66.4789,148.1565,-89.0563,-264.6761
26.7634,242.1690,-103.7831,97.2115,-132.0567,103.4390,-41.8371,35.7090,76.4453,397.3644,54.6482,25.1169,-55.8838,147.5274,-53.3236,149.7347,-148.5112,-143.4238,193.6528
-238.8119,-515.3083,-639.2925,-386.8224,-612.6137,-26.7073,-344.0519,-284.0134,-28.7954,629.9698,-123.4242,383.0565,-415.7080,252.9012,-374.7196,282.5110,-776.4233,-298.6013,229.3614
-264.1814,-966.7330,-461.0333,-552.9767,-500.3060,-214.7597,-535.2230,-288.6956,-413.3677,198.5153,-435.9218,368.7955,-605.8903,145.1288,-460.0195,111.3972,-438.6060,-201.7009,-39.9544
93.3190,230.1514,290.6087,307.3578,76.6020,199.8402,-2.3583,133.7765,-99.8394,-203.5530,-99.8078,284.0493,53.6096,-128.2235,68.8430,-192.0835,610.8047,181.0176,91.8607
169.3634,551.1567,345.3119,524.8345,128.7166,40.4843,199.1751,210.2412,170.4292,-132.0138,118.6864,95.7049,270.7932,-129.0722,236.5019,-124.4391,626.0173,322.3886,63.7290
7.9403,-441.5465,-138.2773,-157.5096,-102.0972,-604.0553,-532.1836,-1.9768,-461.5411,166.6237,-452.4254,-143.2795,-648.1791,188.7490,-299.8610,166.7309,55.8821,68.9536,-213.9856
335.6810,191.8299,117.0687,169.6025,322.9631,65.8847,-633.5186,-17.5158,-620.5353,172.0529,-519.3190,80.9390,-832.5441,33.4717,-258.1030,-87.1408,364.4165,-104.0264,156.8628
681.6707,1571.2063,674.7307,937.6433,776.3844,1146.3254,265.0837,-92.9266,213.7952,-211.3866,279.3577,461.2065,219.6635,-492.0792,432.7249,-574.1147,750.8759,93.0515,622.6511
273.8151,847.6122,399.4677,453.9793,341.8158,620.1760,437.5179,-162.6067,411.2396,-366.1432,419.7131,212.7110,507.4746,-340.3962,430.8182,-336.0478,306.3220,246.8656,222.0324
-153.5189,-306.8130,-83.8576,-55.6935,-165.0637,-280.4707,-165.8928,229.1899,-133.4335,69.8177,-118.2288,-282.9089,-148.2479,171.3736,-60.6001,193.7512,-16.7371,-66.1827,-159.7080
-21.9054,-54.1798,-23.4379,251.2217,-58.2004,-169.4304,-217.6190,401.3474,-166.2509,351.7276,-150.6533,-270.4604,-242.7658,113.2413,-63.8380,165.1501,87.1312,-253.4091,33.2268
-12.2855,-231.6113,12.1818,-262.4006,-15.4258,-219.9447,-34.4113,-375.3167,-71.4526,-309.3883,-55.4223,7.5986,-12.5657,11.8369,-26.7902,-5.8506,-81.4020,441.2865,-139.5818
-162.0093,-902.0213,-74.4814,-1211.7583,-131.1686,-533.3411,-172.5553,-1040.6923,-340.0546,-1286.4623,-302.4698,122.5085,-105.9391,293.8575,-243.9120,63.4086,-162.9753,1213.5229,-511.3199
58.5294,-175.4131,168.6622,-615.8305,108.8934,-21.1884,-26.2725,-535.3558,-168.5595,-1267.7864,-147.9964,99.0559,33.3650,230.0552,-22.7162,-2.1864,218.1268,833.9294,-168.0275
202.0870,684.5192,290.0078,444.0741,251.1765,376.5819,227.0899,244.9241,241.9463,-276.1244,227.3301,-48.2001,248.7846,-90.7645,329.8821,-85.9348,310.4102,-66.5131,216.0415
-46.1680,69.9984,-4.0609,226.8367,-62.0725,-170.8428,-52.0259,278.6367,13.3063,362.6159,9.4628,-210.5680,-63.5738,30.5282,74.0698,92.1262,1.3875,-246.0909,-46.2570
-99.3800,-377.3041,-78.3747,-89.7437,-162.3484,-364.4344,-248.4556,77.2631,-236.0066,151.5356,-221.4771,-175.5455,-256.0417,165.3591,-152.3700,141.3387,-16.5899,-23.6675,-169.5368
60.1883,136.3917,114.4055,291.7562,62.4881,49.6215,7.9251,176.6083,38.9941,-62.1550,44.1006,-94.8133,24.4988,-48.8134,119.3352,-19.6358,125.1101,-84.4702,71.4262
-1.5843,123.6798,63.2532,246.0159,14.6883,-66.1541,3.8535,204.1263,59.8641,127.0732,62.2237,-145.4022,16.2728,-31.7591,134.9857,19.7473,29.7163,-164.1980,3.1174
-50.1926,-304.8184,-35.1147,-65.6620,-130.3119,-329.8368,-198.7481,85.5802,-202.5007,168.5048,-193.6655,-162.7000,-206.6940,138.7194,-127.4200,113.1043,-14.3410,-91.4799,-160.3094
60.6872,-19.7450,69.0508,220.6632,23.7172,-41.9419,-38.6722,150.0202,-38.4129,-34.1579,-33.3345,-110.0338,-38.9969,-27.8858,36.3212,2.4964,98.8505,-86.6574,14.0428
32.9725,238.4661,73.8494,331.0584,89.7156,14.2696,59.7519,189.9726,123.5741,24.8264,126.2504,-115.9370,65.3780,-99.1168,209.6514,-29.1542,64.5989,-106.3154,50.8386
6.9507,-237.1842,6.1409,-70.2367,-95.8796,-342.6340,-160.8923,47.7405,-171.3455,215.7609,-164.6301,-138.7278,-185.0620,108.7405,-106.8406,63.5258,-33.6929,-143.4623,-190.6096
100.8719,-246.4003,90.5391,106.9004,-44.0224,-194.0092,-95.7165,138.3277,-146.7123,23.0744,-140.0718,-133.8875,-109.9326,-4.9827,-90.3627,15.0676,61.5956,-180.9118,-100.0799
-104.4991,658.7005,19.7860,583.7066,180.6395,271.8152,157.1527,308.6034,377.4396,-233.8118,369.1510,-33.7357,226.7598,-206.2004,528.7685,-48.1686,168.5482,34.1756,251.1479
-510.0171,697.2179,-358.9639,41.5925,-29.0652,133.0018,-113.6549,-85.5587,338.0240,44.7457,302.7906,274.2342,-17.4860,118.7262,531.2358,-3.6009,-44.9519,139.0503,109.8557
-522.3490,-886.1160,-579.6201,-902.2313,-539.4449,-414.6783,-644.2087,-593.4417,-415.2013,444.7059,-449.4902,485.7950,-626.0591,405.8381,-348.5450,-46.4568,-427.1574,-348.3041,-472.5962
-252.0801,-1829.9515,-398.3478,-737.7776,-614.0318,-549.2273,-661.9108,-337.9514,-718.1750,273.8755,-719.5618,275.0276,-675.4756,120.6055,-716.3471,-114.0724,-397.6339,-604.4254,-588.3452
-102.8559,-614.9034,-84.7946,143.1656,-188.7027,-184.3983,-240.5753,191.6344,-218.3289,-104.5331,-222.1102,40.1505,-205.5377,-127.3440,-129.3560,-36.6541,117.9238,-44.7118,-37.6701
2.6631,621.9984,92.2917,437.5894,86.3158,83.8674,15.2389,169.5889,135.9709,-70.2630,104.6474,114.9596,44.2009,-12.0129,247.3796,9.7785,389.3317,205.4098,282.1855
54.5772,90.2003,50.5568,184.8301,-42.7492,-37.6334,-70.5116,-19.9802,-76.4766,90.8259,-84.4798,143.9934,-90.2673,30.9485,-16.0787,-46.6979,151.5792,-256.0888,17.5713
-58.9007,-464.1326,-60.7114,139.2303,-157.0035,-155.9460,-170.5934,75.9966,-196.4196,9.1573,-177.1492,28.2286,-178.2414,-47.7157,-125.2432,-30.1200,46.5577,-241.7642,-87.9004
-50.3782,219.3486,11.4036,259.9402,-15.3632,-36.1116,-52.4703,110.5938,33.5863,-25.4637,23.0755,56.9173,-37.0525,-13.4751,103.2889,16.3288,243.9122,248.0191,166.8133
123.5418,619.5198,158.0281,188.2807,100.7421,-6.1347,74.1674,11.5424,109.3073,95.4120,95.0292,103.9505,71.3962,22.8016,142.7035,-1.6610,260.2297,198.1460,186.0593
91.5196,245.1128,110.9139,111.7444,38.2056,-99.0865,18.8204,68.7992,-23.4491,80.4580,7.8745,21.2490,15.0273,-7.7750,44.9670,16.1471,151.0575,-24.9493,48.5785
-21.0986,277.5321,22.1753,190.0816,16.7394,-33.0692,-16.9198,125.5336,7.7034,1.1247,35.6215,28.2101,-14.5843,2.8421,104.6084,44.2418,205.0811,161.9297,150.9663
77.5353,495.6288,79.9792,180.3328,84.2963,25.4841,57.2282,48.9044,88.1684,61.2240,77.9288,85.5380,34.7638,15.3464,129.5074,-3.0772,210.2684,189.1848,195.6889
115.7424,266.2170,103.3470,99.8412,66.7565,-67.6312,43.5074,71.5527,26.8641,92.0639,18.8990,19.8321,24.9913,3.2061,51.6125,-13.9858,116.1771,-14.4247,62.9469
1.0886,243.4330,56.9049,153.9300,19.9853,-52.6617,-12.8944,132.4403,36.4324,35.3226,35.3250,-7.6962,1.1369,24.8870,93.7547,31.8150,150.6880,63.0886,92.1620
37.2839,467.5260,96.4921,177.4166,59.1390,13.1597,40.5226,54.6833,112.7456,65.6023,100.0209,34.3442,37.9760,32.2027,151.7522,17.8852,168.9655,115.7255,138.0424
104.7210,312.5199,113.1351,92.1112,65.4381,-58.6871,62.8722,31.7809,59.7323,104.1363,54.3830,-7.8185,30.7709,13.2164,83.7457,0.4202,79.2262,-51.4793,29.6612
21.2231,207.4115,46.2628,123.3943,20.5537,-45.5786,11.8382,101.3933,25.9032,47.4701,26.1493,-20.2298,-5.7963,25.3317,73.3468,29.7254,113.7274,15.8729,66.5072
33.6882,402.1591,68.0390,178.3018,53.1782,50.3161,43.0034,60.6882,86.5711,42.4832,75.4858,38.9530,31.4908,22.3858,122.4886,13.8875,175.1706,140.8284,161.7981
119.3679,314.9627,110.2592,94.0726,82.6864,-22.5187,68.8759,24.7781,54.8101,86.7866,49.0677,0.8056,47.6155,1.1149,74.9246,-7.6860,89.6527,-7.8743,56.6655
47.4537,162.6809,46.6145,90.0522,34.8064,-69.5051,4.4165,100.7097,11.0886,58.9490,11.1557,-43.0057,3.3459,25.3850,50.0192,28.7539,79.2963,-27.5157,28.8963
1.1107,329.2491,37.9631,164.0715,42.8353,30.3472,12.4930,92.8707,70.5595,49.4554,61.6354,13.0098,21.2280,35.2192,103.7596,30.0485,152.5157,105.5920,131.7880
71.5797,319.3029,98.1045,84.3919,86.7088,1.8365,64.5480,29.9565,62.1049,88.1395,57.8735,5.3794,53.1158,8.1578,81.5345,3.8282,90.9565,1.7331,64.9615
48.4809,135.2735,69.9342,38.4272,47.5139,-70.0577,19.5525,69.4551,11.8239,62.2040,4.0666,-44.9772,13.2290,20.7325,37.9514,24.8547,47.5798,-60.0988,8.6023
3.1779,175.7740,38.9656,147.2775,9.2382,6.7174,-11.1593,77.0360,56.7904,40.1086,26.8480,-10.3969,-11.5746,21.8000,55.6705,18.0074,105.6891,88.1551,102.6299
39.0226,48.2617,57.5056,113.5319,11.5080,-4.7198,9.6093,9.6765,29.4089,67.7274,11.1798,-22.4699,-20.5915,-26.9322,5.5957,-24.2730,40.6267,29.7154,31.9310
-9.0731,-303.8323,-4.0406,0.3805,-38.5732,-95.4273,-44.8523,16.5714,-86.2597,27.7432,-86.8898,-91.7255,-77.9664,-25.1620,-75.4257,-15.4939,-51.8163,-108.6356,-106.1851
-87.5242,-364.0191,-69.9024,76.0338,-87.7191,-36.2122,-100.8659,28.0929,-79.3712,-18.3347,-105.7779,-63.7633,-110.7378,-9.9271,-64.8206,-23.4150,-10.6428,-2.3085,-48.1888
-56.6942,-427.0880,-47.5325,90.6597,-83.3722,-37.0904,-88.3858,-23.5018,-70.2867,0.3125,-97.3759,-46.6106,-112.9864,-63.9593,-89.7567,-77.4800,-48.5214,15.4554,-65.5656
-72.4765,-711.6623,-80.4378,-101.2307,-120.2339,-130.3842,-127.8433,-35.6319,-178.1338,-30.0550,-168.1705,-106.2254,-163.5251,-59.1613,-178.6566,-59.8972,-161.2368,-131.3387,-210.7592
-132.2386,-649.7739,-140.9369,-173.5880,-167.1127,26.7575,-182.2424,-86.2116,-194.1438,4.7722,-191.8058,-88.8437,-198.1358,20.8581,-174.4398,-21.0905,-135.6248,-103.5752,-191.1119
-44.7930,-413.8829,-67.7597,-112.1028,-124.7014,244.3543,-139.2412,-221.2516,-132.8106,193.8934,-149.1903,-75.2328,-166.3787,-21.6912,-143.7657,-67.6250,-111.8637,-60.5637,-164.5217
64.5452,-503.9048,27.0970,-127.9849,-61.8003,208.8143,-91.4908,-213.0970,-143.8486,129.0149,-143.9688,-166.3442,-131.7067,-140.6825,-167.1130,-87.8403,-152.1889,-117.4096,-243.4691
66.8580,-497.6950,45.2031,-123.1534,-21.6275,192.2658,-71.8173,-74.4636,-95.2135,-310.4849,-109.5977,-173.6328,-80.2947,-130.4794,-114.8400,-47.6603,-68.4214,1.4479,-167.2758
109.2820,-319.6012,90.8220,-93.0694,35.6757,279.7184,-2.4361,-53.1087,-10.2748,-603.5220,-40.0340,-108.6403,-10.7708,-63.5648,-29.8210,-85.3546,-4.2785,113.1606,-86.4190
176.9636,-440.4900,122.1407,-172.8059,43.7425,251.3459,33.0201,-85.0856,-67.5264,-604.2418,-51.8136,-148.1448,-15.5650,-92.9212,-50.5734,-143.1333,-96.5758,5.7902,-202.5086
154.4565,-529.5854,81.9348,-234.2066,-8.9750,258.3389,-13.2904,-41.5266,-100.2903,-601.1400,-79.9699,-183.0359,-65.8562,-172.5100,-78.5791,-85.2817,-98.1859,28.2771,-212.1872
116.5207,-370.0069,104.5144,-243.2891,1.4902,339.0204,-8.3967,-21.2620,-25.8806,-546.2827,-49.4890,-172.8659,-66.0826,-240.2763,-48.5120,-18.8252,-32.1414,165.0014,-125.8656
38.0439,-427.4605,135.6337,-316.3846,71.4418,265.1285,63.7343,8.6101,-32.9946,-385.0116,-18.1991,-244.2810,-24.0814,-275.5767,-9.4476,-45.3619,-144.4834,120.5600,-188.5623
-152.6692,-477.1075,-1.9989,-281.8448,146.8180,241.7402,141.3007,124.5885,30.7746,-322.7269,70.1165,-247.7376,72.2238,-225.2832,74.6213,-69.4955,-304.3631,155.5978,-113.4366
-264.1141,-215.6800,-139.0755,-103.3812,289.6965,405.5034,298.5476,166.7545,286.0123,-328.9168,223.8631,-104.0160,249.3750,-124.8967,99.1245,-36.2013,-370.7958,328.3098,182.1276
-215.0241,-165.6916,-71.3595,-45.6903,427.1895,430.9945,540.4398,112.8935,334.2216,-356.5277,273.5546,-39.7607,445.8305,-53.8294,-63.1862,23.5733,-394.1474,286.9723,312.6278
-175.1757,-268.4241,40.5599,-5.6253,394.8073,401.9745,714.7900,120.3162,103.7968,-557.2732,254.8022,-17.7434,631.4536,12.7055,-173.3807,93.8740,-286.0017,257.9530,363.1875
-122.4487,-92.6793,45.1447,162.2953,293.5873,551.8365,733.0571,113.4455,1.6173,-721.5641,290.8819,92.0468,755.4646,72.7368,-117.8555,111.6648,-132.3096,439.1684,483.3542
-1.0193,-93.6191,6.6815,167.0736,269.6336,556.7346,603.8691,21.1724,3.9591,-582.2561,254.3754,98.7119,666.2554,65.9604,-163.5970,47.2660,-169.6318,396.7864,376.0768
19.1948,-326.3288,-31.1067,27.9046,229.1422,383.0057,418.5972,-15.3498,-88.2126,-435.7956,147.4169,23.1181,430.5790,36.6943,-252.3288,2.7959,-220.4374,201.3595,178.7412
-43.9771,-198.7452,-36.7350,47.5606,151.4075,392.0941,342.7332,-28.3043,-92.7537,-468.7285,161.6314,76.5967,325.3107,29.8444,-140.8211,14.9141,-157.1796,253.3035,217.8618
-17.9201,-85.1291,15.8802,53.5286,147.4640,399.5631,373.4491,-108.4168,13.6195,-437.9673,190.0986,77.3280,345.9074,-4.5382,-48.4895,16.2164,-218.5750,246.4777,190.4246
-1.4505,-320.0353,36.0362,-47.5319,150.7628,263.1375,345.9206,-114.2236,17.1399,-367.1431,105.8326,-61.7269,297.7845,-38.1553,-122.6446,30.4558,-280.3751,70.6226,29.5942
-68.9988,-287.8773,4.5686,-0.4288,89.3933,307.2148,266.0631,-52.1895,-31.6962,-377.1868,94.2024,-68.2864,219.8097,-7.0407,-129.9936,79.4026,-149.3933,141.4860,100.9700
-96.5983,-152.5101,9.3577,7.6077,63.5461,375.1430,230.8052,-69.9253,-52.6980,-290.5413,151.8021,-20.5174,200.7158,37.3376,-99.7298,87.4155,-181.1939,234.0642,191.7376
-154.2489,-428.0633,-18.6788,-205.5706,61.6580,225.6191,204.4214,-41.6298,-81.1422,-146.4261,86.8231,-113.7407,186.0493,65.4783,-141.8963,80.6715,-410.0418,59.8490,92.5892
-298.2822,-541.1841,-135.7021,-267.3970,14.7216,222.8262,200.9635,72.0109,-28.5788,-137.7440,-1.5783,-129.2361,195.3478,99.9281,-77.4465,122.9438,-416.3722,51.1262,154.6393
-312.7006,-392.1629,-180.3850,-178.7153,20.7396,320.3849,273.4227,48.4248,43.2984,-114.7505,-19.4086,-41.0691,244.4467,87.1271,4.4985,117.6367,-339.4711,190.4172,263.5951
-213.6632,-553.1066,-125.1980,-227.7394,66.9149,160.2914,294.0111,-35.3679,-28.2055,-27.2896,-62.3711,-58.9659,206.5145,18.8850,-90.6251,34.7602,-391.7495,69.1184,110.3460
-200.2306,-538.0128,-111.6620,-178.2856,14.2189,86.3417,203.6200,-15.7728,-60.8467,-58.6015,-41.2642,-30.4787,101.7116,-25.8413,-93.9286,0.6301,-299.1758,-11.6759,39.9352
-174.1975,-136.7746,-109.3973,-26.6237,-61.0928,212.7671,141.6878,-79.9761,19.1317,-86.7163,81.1778,91.5560,76.8063,-35.5226,53.2517,12.5462,-181.0655,84.9130,98.4772
-108.7990,-182.0584,-75.1755,-116.1006,-91.3634,97.1272,97.3611,-223.7579,-44.4201,-24.4632,90.6637,64.5574,67.9741,-2.6770,20.7389,1.7701,-279.0569,-34.7527,-68.6856
-133.1328,-388.3683,-61.8929,-155.8571,-161.2569,-37.9340,6.0297,-225.5391,-132.2979,-109.1707,28.9231,17.5434,7.6806,78.9658,-69.6620,8.7212,-228.2285,-145.1431,-177.4539
-98.6947,-139.8231,-24.6033,24.3694,-194.3241,69.1286,-9.2167,-226.1398,-24.5011,-225.7318,70.8804,90.5561,6.5325,108.2711,-26.0006,32.3782,-41.7987,-13.2491,-62.0574
9.2562,-142.3275,2.1699,-40.3503,-144.6479,-16.8759,26.4451,-296.1215,-28.9083,-79.1282,71.8706,49.3281,17.4529,74.4678,-96.8602,38.0539,-138.1136,-85.0637,-136.8145
-36.6290,-405.2422,-68.5304,-186.5855,-151.8734,-185.3896,-29.6001,-219.9124,-235.9372,55.7494,-12.8628,-25.8792,-63.1259,69.1343,-183.8329,37.9587,-210.6775,-244.1176,-238.9304
-85.1861,-189.3804,-100.4542,-42.5550,-168.5142,-40.9906,-55.5325,-143.9456,-263.3576,-64.3787,-3.1395,70.6934,-93.6911,54.2619,-11.9510,3.5352,-64.8561,-101.0012,-76.7058
-6.9474,-95.0380,-88.1076,-71.4389,-128.8220,-16.4717,-4.4213,-201.1691,-146.7053,-104.9564,1.0615,84.3106,-41.6318,48.1028,68.3367,-12.7055,-175.0004,-113.3701,-51.4891
-17.5500,-373.9579,-184.1570,-307.5195,-140.6183,-188.3980,-29.1571,-122.1105,-118.2525,27.8649,-88.9388,-24.8444,-45.4564,118.1259,-92.5034,80.3275,-365.9170,-332.5241,-140.1717
-42.7213,-178.1609,-217.0070,-224.4389,-107.2272,-23.0940,-8.3119,-62.1189,-27.5156,49.6316,-51.2246,5.7515,-23.5553,93.8548,-67.7747,129.6965,-261.8617,-152.5609,7.7756
-33.3891,-51.6934,-145.4313,-182.6849,-10.8734,110.3988,99.3402,-251.5009,79.3308,77.7505,44.3505,-2.4883,32.0857,-8.8707,40.0336,62.0959,-320.6007,15.8360,-18.9154
-190.6797,-511.1645,-222.6434,-398.5074,-83.7946,-142.0235,7.8621,-212.6647,5.2661,239.0482,-44.0028,-131.4644,-43.9341,58.4347,-78.5221,80.1991,-497.4705,-264.4464,-261.3937
-194.6694,-326.2307,-215.7260,-233.9328,-111.6292,-92.4832,-106.7041,-7.8517,18.2801,158.3470,-78.0832,-44.6184,-52.4894,45.0267,-72.7589,128.1907,-243.7624,-187.2965,-90.4788
-8.5176,135.1765,-23.0093,-61.7400,38.2227,86.9972,21.3662,-271.7839,135.6996,-11.4510,51.2577,56.5937,79.2988,-151.1456,81.9030,99.8570,-135.3585,182.7459,45.6755
-369.4301,-554.0974,-222.7516,-504.9585,-178.0166,-493.7415,-89.5554,-353.9589,-84.1864,469.4556,-54.5353,-181.5757,-116.5645,116.9113,-102.7852,251.0004,-529.2819,-214.6134,-423.7453
-754.8436,-722.8924,-475.7492,-410.6823,-472.8563,-934.6603,-438.4975,373.2455,-280.9523,1111.6061,-247.1509,-269.5317,-432.3101,563.7037,-239.9002,370.6972,-338.7796,-624.6834,-498.1030
30.3958,1005.4131,176.8878,776.9838,99.2825,-11.5599,-183.1655,643.1313,190.8388,630.3315,39.3453,103.3897,-101.4435,22.8142,254.2389,-120.2070,586.4320,196.8588,243.3906
989.1548,2021.9788,962.9800,1398.9637,813.4646,1028.3604,376.8059,-2.5356,662.6403,-429.8592,424.5975,331.8309,425.1235,-869.8025,679.4261,-727.7013,984.1840,992.7855,536.2921
727.9553,1050.6261,673.2225,832.6892,488.3557,674.9908,221.3143,-45.7353,339.0221,-468.5506,223.6359,130.9776,259.9550,-597.3360,381.8462,-558.4014,708.9001,486.8892,129.1274
167.4979,313.6192,81.9629,350.8714,-66.8575,-165.5447,-215.0569,527.4405,-119.5098,152.8917,-157.5544,-88.8856,-132.8897,149.3833,5.8209,-26.8022,534.3156,-29.8706,11.4494
221.6529,417.0757,126.3146,318.7148,32.7265,-205.3128,-146.1786,384.2967,-56.4082,119.8558,-138.4800,-120.4096,-138.6293,75.0615,29.2238,35.8095,490.3977,300.5371,111.7615
323.5246,393.4810,285.7051,319.4199,154.4382,159.5817,8.4413,106.8891,100.7897,-168.8226,22.7274,-41.5945,-74.4570,-192.5749,95.3570,-204.5008,446.4572,344.3914,0.7346
288.4230,557.2024,213.7216,424.1544,59.9772,95.3143,-36.6873,465.4738,85.4322,34.6038,60.6208,-18.0237,-60.9295,-0.7788,101.7403,-193.6899,462.8986,-15.1010,50.6093
229.8543,450.8096,123.1012,224.5982,58.4493,-345.8116,-76.2117,298.4752,6.0235,52.7616,-24.9182,-255.9406,-69.8999,57.4664,71.5007,185.4058,308.4016,305.8116,82.5293
-47.5023,-662.1993,-62.5053,-509.9821,-154.1029,-451.4200,-339.2545,-494.9519,-262.9780,-399.9857,-334.9319,-416.3673,-397.6092,-131.1453,-213.7499,501.2028,124.2930,801.6370,-318.0431
-150.4260,-1002.2222,-207.3720,-668.0459,-410.6150,85.1267,-627.1828,-438.6202,-444.4302,-371.9706,-541.1864,33.5876,-630.4956,-141.9484,-392.5179,214.8010,197.6876,361.6998,-386.1174
-67.7301,-91.8247,-194.3108,-173.9882,-197.4165,299.5850,-404.7426,81.3499,-194.6892,269.5575,-305.1899,559.2143,-288.4268,-33.5014,-83.2177,-226.0141,-49.6852,-312.8758,120.1405
-601.4295,-526.5253,-449.9298,-503.1493,-165.4794,-476.4377,-317.5557,-191.2561,-179.8700,592.2683,-275.8182,367.5543,-218.0781,168.3500,-11.0891,93.9778,-696.3414,-184.3419,82.6399
-1094.5551,-1811.2399,-718.1290,-1196.9590,-621.7654,-850.5749,-781.1537,-535.3063,-658.8258,406.2283,-706.7621,-23.0127,-733.1393,380.0177,-467.3033,597.6529,-601.2892,317.5644,-431.1229
-422.6641,-991.0922,-301.5996,-628.8632,-489.3279,-24.7729,-639.0708,-256.6705,-537.3793,221.0534,-559.9715,12.3406,-637.0275,107.8643,-354.8020,200.4515,122.0294,491.5517,-390.6347
224.1163,485.4946,158.6402,221.7973,209.8470,211.6268,242.0173,-145.2444,291.7397,65.5595,223.5262,-56.4908,64.6844,-354.5637,459.3658,-381.2225,87.0411,327.0844,-267.4931
-172.3962,160.1367,-51.4667,-78.5996,274.1229,-605.4108,388.9227,-143.4043,521.3420,-203.8197,367.8092,-376.0209,103.0047,-152.3794,676.7179,-148.1181,-309.8887,58.7246,-554.0579
-194.5242,110.3726,-57.8602,-296.6771,5.1968,-415.7495,-115.6425,402.8796,119.7085,-309.1624,-57.3796,-270.7405,-207.4493,296.3295,216.4104,169.2587,192.6133,-37.9385,-290.0483
580.3340,1373.6238,505.5559,365.8295,264.4214,593.4153,-8.5351,726.5527,107.7350,-104.4250,11.0758,31.2002,69.0147,148.9741,104.3624,-67.8726,802.7034,52.3793,404.7394
614.6790,1292.4974,561.0046,582.4751,402.6736,400.7203,311.1049,312.4217,290.6511,78.4632,271.7897,-99.4372,281.1957,-122.5155,243.2787,-199.7253,483.6306,16.6223,286.2802
59.9275,38.5909,117.4838,193.5605,42.7909,-262.0034,67.4959,134.0989,109.4791,-8.6196,81.4767,-233.1908,-34.1119,-24.4398,91.9639,-59.4369,146.1197,-92.2437,-146.2606
228.3735,167.0594,195.9463,279.4990,24.4883,-15.0686,-65.7420,388.0750,4.6414,-142.0792,-41.9854,-71.2493,-72.2334,-16.4441,10.7513,-145.0245,391.6494,-35.3823,82.5230
507.9182,799.8149,428.3733,502.3106,262.7992,116.0158,176.2883,313.4514,172.7001,-55.9808,152.9768,-100.7797,165.1083,-118.1220,175.2849,-211.1146,416.8389,-12.9252,220.4752
163.6539,271.6781,168.9893,227.0917,84.0206,-226.3921,101.4172,136.0667,135.1096,36.4993,115.2172,-226.7821,15.9319,-16.7681,138.9455,-52.4320,157.4948,-101.4266,-97.7959
194.9052,-43.5638,167.0462,87.2309,37.7184,-67.6312,-73.3317,272.8933,-18.1796,-109.5631,-73.7103,-116.2975,-95.7438,-72.5671,-4.6543,-175.2079,259.0728,-76.0840,-11.0993
576.8550,618.2003,500.7434,394.0350,339.5252,78.5235,145.5423,289.9504,109.1000,-136.7888,74.0447,-111.5122,158.8840,-215.2627,135.8763,-327.2475,418.6172,-55.6361,232.3168
-71.6355,565.5141,2.8561,441.6606,-45.9879,-311.9865,131.8904,124.5930,219.9035,180.1509,254.4324,-192.6285,7.3361,182.5245,262.7475,177.2234,133.8606,-113.0020,-188.6389
-1120.2002,-728.8424,-932.6625,-104.5868,-897.1230,-329.5566,-407.9471,94.0540,-59.5405,288.3264,-9.6749,17.3418,-598.3407,583.6700,8.6272,639.0244,-232.0147,27.4969,-688.8552
-880.0140,-1519.6455,-804.6501,-615.6825,-827.2246,-24.3836,-643.9165,2.2537,-373.4625,-12.1577,-379.3511,154.9587,-705.5162,217.4128,-254.1908,250.3240,-248.6431,246.1442,-539.0098
-7.4398,-680.9296,-24.2685,-339.8877,-123.5462,-98.1496,-317.6259,-117.2019,-268.4771,-93.4221,-323.0641,7.5384,-280.7679,-160.1794,-104.8294,-169.0450,22.4009,254.1961,-138.2784
104.9236,567.4996,140.4607,375.7934,44.5485,-106.4065,-70.5339,43.5252,29.0191,140.4497,-28.5885,40.8751,-64.8712,46.9858,177.6928,15.6384,301.5918,252.7221,67.2596
-86.0090,611.2937,-32.0889,468.2665,-94.3828,64.8530,-104.2556,137.2219,63.5489,154.7586,18.6801,158.1627,-122.8535,137.6345,176.3293,125.3973,312.0179,331.1928,79.6715
26.7535,56.6870,41.4325,89.2657,-13.7852,-73.6873,-136.2822,-33.4294,-65.0069,27.2820,-102.4069,30.7448,-127.2893,-36.8130,48.4390,-34.1244,151.9939,273.6775,-10.8198
35.7985,238.2086,64.7340,182.4460,2.7555,-122.5995,-102.9912,-2.7430,-27.9474,93.4831,-56.7671,0.6281,-90.0626,38.7996,86.7867,14.4262,175.4686,208.4352,-8.9484
-59.0857,541.0409,-12.3932,421.3799,-75.1089,89.5817,-77.4636,158.1559,51.5455,141.5055,21.9368,130.6691,-95.5446,124.3817,140.4180,93.7452,287.9618,290.9330,87.5753
23.3782,219.3280,44.2825,203.0170,-16.8578,0.7135,-70.2521,65.1287,-7.9426,64.5353,-55.0462,62.4703,-102.7887,-9.8383,68.1522,-19.5572,217.2409,286.7927,46.0139
35.2708,124.8950,61.5128,102.4613,0.8907,-138.8618,-74.2416,3.0469,-11.4158,81.6659,-64.0281,-21.1278,-87.2446,6.2280,68.9535,-18.5686,134.5766,133.7774,-40.7144
-44.6881,391.4012,6.9339,299.6305,-57.5069,15.2644,-60.4818,109.8856,74.9856,108.5875,36.2568,52.1389,-55.2062,93.9794,149.3524,55.3978,171.3410,59.6844,0.9252
15.2634,222.9840,49.0870,215.0017,-18.4478,0.6288,-45.9466,61.2331,33.2851,36.2666,-0.1780,24.1972,-55.1420,5.1713,102.1084,-12.6807,154.7467,109.0760,17.8978
28.9480,34.8004,45.0718,92.0667,-9.3691,-111.7906,-68.0271,-7.7733,-44.1094,42.8258,-73.5897,-21.8390,-100.1036,7.6070,25.7490,-18.9242,123.7957,169.3137,-11.9433
-57.4736,240.5711,-27.1960,267.9189,-69.9728,30.1002,-72.8765,86.5956,2.1455,86.1478,-11.7427,59.3337,-99.4948,99.1049,68.4878,51.3372,175.6691,174.4388,31.3976
-20.1028,155.3646,11.0141,256.7984,-40.2771,39.5873,-54.8113,62.9007,13.9338,18.2240,-5.2088,30.3368,-62.9830,19.2800,78.8500,-1.0698,158.3324,126.2769,29.8498
8.4301,-124.6800,23.8141,45.0596,-19.7473,-110.9449,-86.7408,-22.2712,-52.7462,-3.8554,-92.9627,-53.3374,-92.0350,-25.8695,4.9119,-23.5139,81.3450,97.7542,-37.9306
-68.3225,-20.4425,-54.0260,42.6076,-74.2183,-11.6307,-118.1747,78.8201,-44.0438,57.0376,-80.6967,9.7187,-132.1933,52.7531,-11.7862,47.7068,92.2058,104.8153,-22.5587
-42.1193,47.1653,-13.3415,25.7222,-51.7808,60.6171,-85.1949,113.6713,-6.5720,28.9785,-41.7923,13.6074,-109.6723,13.3379,10.0498,19.7768,94.5652,93.4824,-1.5318
13.1141,-53.7958,58.9314,-81.0246,-6.7106,-60.2953,-60.6096,9.6312,-18.1769,5.5833,-70.0972,-60.7504,-89.7110,-17.3848,3.2241,-17.0008,49.4048,89.8509,-37.0375
-36.8063,138.2959,9.5257,7.0528,-30.7851,-7.5682,-62.9725,70.1522,-8.8056,78.0906,-40.5974,13.1022,-84.8951,79.9734,12.4138,45.7386,89.8358,92.6456,-11.6611
-30.2859,264.4835,-0.3334,3.4349,-23.8233,77.1641,-47.4471,151.7460,-9.8222,72.5807,-6.4531,70.3205,-67.6622,70.0574,14.3245,57.4306,120.9719,23.0498,4.7034
23.3837,67.7653,46.3988,-250.3914,-6.3199,18.8650,-50.0231,28.1474,-66.5170,32.8118,-77.8926,-13.3991,-82.2260,12.9743,-29.2202,34.7692,28.1416,-78.0460,-75.2008
8.3213,113.6655,34.1597,-286.7223,-24.5992,167.5643,-62.9996,-56.5862,-75.5675,136.0741,-99.0053,-21.1817,-95.7953,53.4604,-48.9184,45.0565,-14.0285,-114.5365,-98.4372
62.1856,274.4231,80.6189,-160.8986,31.0682,358.7602,-19.9473,-50.3921,-36.6985,220.2424,-36.8562,-3.9920,-47.1290,-32.3359,-36.6888,-29.8937,30.9844,-103.4232,-66.3233
183.0284,65.8778,183.0055,-248.9310,114.4052,188.5137,33.2187,-152.6855,-44.2045,137.0091,-54.4071,-109.6379,-9.4084,-201.2874,-46.7469,-117.8373,-12.2180,-97.0170,-117.1035
175.1225,-81.9864,160.4959,-306.8336,98.0384,24.6794,25.7470,-226.9163,-60.2296,27.7927,-83.0591,-149.0299,-21.5033,-161.6955,-57.7650,-67.0187,-57.2369,-117.0603,-139.5845
134.5181,45.9917,130.1507,-235.8210,82.8104,88.2869,4.9887,-172.9494,-56.8545,-50.1560,-41.9319,-90.3761,-20.0117,-78.2617,-56.8383,-18.2667,15.4617,-162.2526,-87.0772
213.8654,-2.4856,223.7275,-359.2623,140.3848,3.4115,43.7118,-180.5846,-54.4535,-114.0972,-48.7034,-138.2688,2.8378,-155.9832,-40.3826,-67.0173,-23.8657,-214.3269,-111.8140
272.1605,-94.5545,225.1529,-495.7495,188.2780,-126.5123,126.7499,-201.3144,10.2694,-93.6697,-17.8169,-199.6508,58.6801,-206.2520,15.0832,-86.0409,-283.0463,-261.5935,-92.5497
234.7877,54.2511,70.4030,-368.2961,233.9054,-1.0059,158.4186,-94.1811,88.2748,-57.8290,180.0920,-114.5059,190.9355,-157.4209,-4.4187,-31.9081,-481.7581,-241.0436,112.1429
200.2025,122.5125,-13.6791,-258.4725,271.1609,93.4577,104.5489,-26.1489,56.7604,-72.5510,304.1722,-14.5327,330.4812,-113.8150,-168.6885,53.7477,-448.8322,-108.8140,240.3768
154.7821,85.5699,-2.7502,-258.5623,232.7004,30.3617,101.8991,-53.3902,55.4806,26.1377,212.3808,18.8372,398.5517,-63.7561,-244.7882,113.1169,-317.0942,-2.2291,186.7265
77.4537,200.1441,-19.1358,-172.1667,215.4814,80.2682,237.3138,-2.6367,206.9750,214.8222,136.9021,59.1872,429.0424,-42.2282,-117.9279,67.1214,-260.5441,-9.7791,190.8650
29.3516,217.1455,-51.8110,-170.1220,262.0273,147.3884,353.5381,72.6145,306.8247,254.7707,150.4379,67.2809,429.3304,-72.3046,-24.4916,8.4169,-342.4239,-14.0286,230.9462
-13.8841,35.0719,-93.5669,-329.2920,202.3313,64.7171,324.5266,62.0715,258.1520,222.2975,122.6406,3.8960,390.4908,-39.1279,-38.3974,72.0526,-451.7334,-9.6260,155.0033
-54.5332,-5.7087,-136.5127,-334.3097,75.9772,42.5231,243.4962,73.9510,207.9583,265.0863,91.4950,-36.5247,374.2668,4.7439,-17.3013,142.0358,-433.2943,-57.8178,83.3822
-17.4582,55.2976,-93.1741,-213.8483,81.0698,108.4620,180.9582,92.1265,161.6833,216.1270,113.4794,-30.9877,369.0451,-58.3881,0.9525,114.0361,-340.3984,-36.3635,61.6710
43.5345,60.2111,-8.6735,-219.1341,121.3027,86.9520,118.5309,8.4195,73.9243,75.3053,124.0097,-34.0368,316.5440,-76.9889,-15.8782,83.1846,-294.2928,42.1273,-8.9926
69.2582,197.5216,-0.7369,-226.7840,74.2005,67.7519,98.7693,-45.0978,21.2715,55.6913,115.5919,-10.7363,293.3587,20.6919,47.5612,78.1492,-271.2771,4.0475,-45.3487
117.5383,355.4524,-22.1659,-180.8330,53.6340,88.0043,104.8618,-24.3138,-29.5755,51.3224,105.7190,45.6696,330.9619,42.0533,123.1878,76.7294,-253.4298,-54.9771,-23.3754
134.4659,260.8447,-23.2817,-230.5476,45.4067,15.7353,16.2672,-104.8476,-140.8113,-60.4290,88.4039,53.4267,302.3221,-20.9467,84.2026,112.2906,-244.4903,-18.8417,-91.5522
76.2532,162.8448,-29.7261,-206.7410,-29.8600,-25.6866,-122.0941,-205.6432,-205.7625,-90.6532,104.8390,40.0140,220.1275,-21.0104,31.5927,113.3408,-170.4873,-9.8724,-180.8371
81.6222,229.0719,13.9164,-19.7110,-37.0661,57.8821,-148.3590,-162.2153,-198.3029,-35.2984,135.6034,78.7382,219.4015,-9.3451,21.3702,26.5879,-55.7943,12.5570,-142.3610
128.3524,233.4684,113.0929,40.0373,40.0814,64.1060,-96.7882,-124.8142,-212.3436,-35.6776,119.5724,107.2538,246.0832,-44.3052,-19.7650,-27.2513,2.1961,136.7174,-84.2646
98.5866,269.6657,181.0167,32.5219,51.6973,8.1064,-82.1238,-149.8890,-200.3552,18.9380,118.3399,98.7490,207.1166,-52.9383,-46.3643,-22.7677,58.6534,168.4955,-91.0592
130.0913,452.4938,235.2142,190.4843,52.0415,50.8571,-65.5768,-104.4728,-103.1733,113.1204,161.0859,123.7608,168.5248,-54.5129,-45.4440,-41.3008,150.4328,90.7740,-68.3930
244.1400,457.2790,288.2937,243.7107,94.2897,57.8438,-5.8128,-83.0266,-22.1187,77.7199,166.4239,151.4355,139.7838,-79.0206,-140.1223,-36.2443,181.8430,122.1753,-11.3766
239.5972,303.5820,305.0085,117.7479,87.9649,13.8766,48.6857,-117.8283,-22.5266,71.3120,173.8573,151.2102,78.5680,-54.8084,-300.6514,-12.7163,170.8694,178.5573,23.6471
199.8416,326.8862,360.7502,167.1618,101.9183,121.4641,79.7885,-20.4508,-28.8445,180.8514,240.8251,179.9302,63.4920,-15.9644,-379.8044,-63.7173,179.5912,141.4619,72.6765
230.8647,349.5100,412.1473,229.9706,165.9034,236.0319,86.5030,99.5874,54.0247,178.3883,246.5241,178.0126,98.4091,-20.6227,-367.2865,-85.1084,125.2652,148.3489,135.9764
159.6460,208.6027,303.1988,42.4305,128.9697,184.7409,89.3795,75.5823,187.9858,127.1098,160.3676,116.4455,81.7986,23.6197,-314.1751,-9.8660,14.0579,134.2188,153.0600
50.8904,156.4854,191.6065,-32.7265,72.7062,170.3539,147.1063,88.5449,177.8283,162.4744,120.4276,153.3799,59.9938,91.7430,-259.0888,-25.1935,-8.5163,-13.1015,141.5216
69.5471,130.7772,233.1484,69.3438,119.7241,205.7303,196.5844,129.5500,-0.7526,84.6625,128.8032,247.1813,78.1859,48.8133,-254.1684,-112.9385,32.1470,-64.7775,135.1647
68.1746,34.6190,222.3821,-1.3285,116.0181,121.2688,152.5950,35.6712,-71.4540,-33.1582,118.4717,195.2851,60.4279,-0.8261,-250.2237,-64.1123,10.3473,-1.9467,95.9804
73.1853,140.5059,123.7690,-65.8746,62.2640,62.0738,110.7228,11.2471,2.4302,27.2509,123.6604,112.5653,46.5937,62.7417,-177.6751,14.2488,-39.8845,-76.8828,32.0351
214.6948,239.9368,91.2299,5.1086,66.3055,86.1346,86.2173,99.1136,-63.2694,1.2961,112.6029,149.3451,69.8971,107.5589,-132.2533,-16.9906,-67.6906,-158.7985,8.9009
226.2401,-12.2734,14.5818,-112.7643,-3.9851,18.0137,-25.3356,29.5981,-192.1766,-162.8711,51.5592,151.4411,28.4640,90.4234,-162.1174,-11.7964,-123.2515,-106.3870,-6.1270
56.7350,-141.1906,-104.3926,-253.9450,-91.5060,-55.9042,-105.3081,-58.7620,-91.4376,-116.5185,51.9835,91.1939,-5.8563,112.2426,-142.3109,42.6175,-177.2911,-142.3577,-69.3906
37.7978,88.1115,-58.8813,-140.7090,2.2071,-43.7949,-55.8545,9.8562,70.1424,-34.4681,109.9596,112.0507,77.9305,113.8510,-69.5073,33.5297,-143.2596,-216.7508,-96.6776
67.5446,152.1404,-1.8367,-108.9856,57.1065,-80.5807,-53.8313,-7.9278,68.6954,-125.2545,97.8932,140.0083,108.0687,51.1477,-55.1834,42.4156,-75.0818,-158.6901,-45.6260
-47.2730,13.3810,-101.6406,-196.0495,-66.6047,-110.2763,-115.4340,-77.5788,80.3202,-47.8975,56.6128,107.3227,11.6023,42.6465,-71.8400,71.8439,-77.2234,-185.9603,-47.6209
-57.4155,-37.2798,-121.2078,-82.9783,-90.4738,-31.8597,-97.8096,5.9502,139.9839,77.2840,62.0991,117.4364,-9.1120,68.3056,-76.7828,4.9485,-98.6212,-264.9831,-104.8721
11.4249,-136.0448,-11.5380,22.8570,-18.0812,51.5166,-97.0609,44.4922,75.1379,-90.2220,70.8764,121.5560,57.7995,31.9290,-120.2058,-58.2948,-37.2550,-120.3180,-76.2335
-91.4291,-228.5794,30.4412,-3.5992,-39.4557,110.9991,-168.2016,18.7371,-0.7497,-112.7491,80.8691,35.2138,48.5405,18.7829,-167.3307,-39.6219,60.2152,-9.7633,-46.7765
-112.9517,-109.4209,59.6505,92.6314,-19.4590,126.7407,-170.7805,119.2649,38.4871,119.6170,89.1483,-13.4585,-4.3640,56.1061,-152.6984,-51.4465,92.9728,-101.9402,-127.2174
76.9463,3.5294,80.0066,131.6491,33.7878,91.5540,-153.9790,121.6709,77.9454,63.4960,39.4175,21.7474,-14.3584,34.1543,-125.1383,-53.0459,65.6979,-76.8591,-127.6154
85.2264,-65.0835,-64.3755,-34.3918,-73.5141,145.3057,-195.0473,-22.1769,127.1416,-18.3925,-44.3495,12.6854,-53.1958,11.4611,-119.2681,22.8018,3.6233,-46.8033,-22.9507
-66.6507,-288.3887,-181.8091,-72.3624,-136.1756,88.3189,-136.1768,-3.6966,217.4447,190.0209,-120.8705,-47.8050,-136.2839,59.0667,-105.9588,28.1011,-103.9445,-183.4330,-107.9839
-16.9527,-492.5605,-65.2731,-25.2700,5.6822,-238.7240,32.1488,20.8121,205.0730,106.5729,-143.7362,-84.3331,-121.6659,34.8029,-40.9128,-39.5498,-185.7587,-101.9554,-341.2536
33.8722,-187.4003,7.4200,-76.2186,34.0346,-191.9062,96.5147,-78.1408,130.1770,-60.2804,-50.9231,-124.9406,-52.6313,-59.3887,148.2215,-3.3557,-145.2035,5.3231,-397.0792
-131.1186,386.0052,-94.3909,-4.4835,-113.7133,304.7870,23.8350,8.5947,105.0753,309.1725,-22.6207,-169.5946,-180.1762,-51.8304,348.5023,76.8748,-40.9971,-327.1284,-289.0216
-139.1983,217.8052,-67.6526,9.9255,-109.3556,232.4012,-49.7485,49.0970,-14.6530,319.0276,-209.0089,-97.3560,-350.1533,-33.5236,273.4892,46.3049,-0.3647,-411.7436,-186.0788
13.6917,-402.4241,37.3552,-278.1891,-17.6570,-296.7612,-61.9195,-265.3527,-206.7769,-368.7514,-277.0682,65.0907,-151.9858,-99.0826,47.1474,-19.5588,-45.5662,51.4484,-138.6055
-184.2699,-415.4711,-115.9547,-264.0215,-106.7744,-267.2512,-35.5036,-343.2317,-219.3318,-284.8390,-75.9234,56.8612,141.6832,-15.9740,85.1279,-5.5231,-119.6167,-27.3809,-233.1452
-437.1739,-102.8453,-256.0133,231.7085,-141.1741,-24.8420,5.4035,25.0221,-142.4661,466.0984,-9.3924,-104.4827,61.2898,193.2085,225.5029,26.3917,-112.1478,-515.6699,-261.5189
-68.0340,58.1835,20.4162,420.9888,115.0170,-126.1059,70.8619,215.8120,-174.7493,329.4497,-116.3027,-28.8490,-18.4124,148.5469,49.7797,-31.2808,74.2713,-99.1471,190.2878
386.2033,327.7562,282.1088,236.4464,277.0809,-45.4202,128.2830,237.6770,-163.9380,-116.8521,-52.1351,221.9747,202.0465,-62.3702,-178.1049,-129.3398,283.7930,623.5074,702.3301
197.5554,354.8034,122.6898,209.5799,117.3852,133.8078,111.9792,320.5975,-38.9101,133.4011,51.7235,144.7276,229.4932,-51.9706,-78.5134,-110.1058,237.3308,395.0268,476.0556
-12.2156,-114.6083,20.7446,152.8005,45.4676,-90.3403,57.4488,100.3288,-53.2560,113.2846,-87.7824,-166.6789,-50.0643,40.4758,59.7192,13.0141,57.8625,30.8479,-81.8648
210.7763,-343.8461,196.5010,-21.7288,144.9361,-197.9963,-19.8854,-125.3412,-291.9050,-192.7643,-367.9394,-256.5942,-268.3003,-18.6508,-6.2891,60.9469,99.8536,268.2380,-120.2342
187.6019,-211.4894,155.5435,117.6313,29.5465,16.8055,-140.2568,227.2511,-432.0698,337.2523,-515.5113,-209.8030,-402.2720,-18.5720,-23.0473,19.1875,229.6836,204.4389,46.3232
-131.1795,-140.5888,-76.2329,263.6669,-150.2144,1.2130,-117.2778,374.6059,-165.1325,655.5615,-231.8053,-162.8833,-289.1377,59.9875,67.9460,4.4533,80.1672,-200.6909,-81.6816
-111.2329,27.8407,-70.4581,-38.8841,-51.5106,-36.5999,80.7709,-172.2697,214.8782,-177.7898,281.5377,13.1491,158.0686,-20.2264,56.2242,-1.1134,-148.3584,-62.7425,-125.9704
48.6808,89.3833,25.5859,-142.4592,59.8693,107.8549,88.0285,-241.6069,114.9757,-389.8113,222.4434,68.1594,214.3942,-80.1962,-11.1106,-38.0135,-70.1760,207.0228,40.1665
55.1540,-234.0105,56.1337,213.6373,39.0605,-103.3037,-71.8553,289.7133,-263.9333,319.7495,-292.6870,-162.6501,-211.1544,50.7663,-4.3641,-24.0581,113.6290,85.8005,12.3234
236.7875,-239.7240,210.8002,42.8669,165.6194,-397.5097,24.3996,-39.3780,-231.0201,-186.6627,-247.2163,-205.0221,-145.0060,31.8768,-2.2267,63.7683,73.0158,232.1993,-110.3381
437.0698,181.1947,326.1266,-645.3293,309.2846,-95.0042,210.5347,-911.1132,26.7447,-1361.9662,157.3312,32.4691,278.8914,-193.7722,-29.9392,114.4798,-29.7446,595.1226,-72.7909
218.4092,233.0265,177.9992,-557.5177,165.4089,266.7321,101.7934,-686.6753,-4.4767,-912.6763,71.2322,64.1045,154.6133,-193.5293,25.5905,63.6028,23.3517,338.7436,-29.3094
-74.8005,105.0346,8.1151,173.3639,-31.4226,129.6713,-33.0638,152.5114,-27.6568,270.7039,-77.7360,-52.7077,-103.8307,19.4556,101.8781,-12.9388,81.2467,-135.0117,9.2137
-28.5345,46.4002,7.6200,261.1568,-19.2701,-94.3826,8.0762,240.1017,46.7362,271.4067,38.0637,-36.3658,7.6843,55.5341,29.3670,-26.1779,27.5137,-44.5512,57.5480
136.5685,-395.6989,119.4054,-52.6390,63.4340,-200.5646,-51.1142,55.4017,-222.8741,-171.5701,-212.6190,-99.7157,-92.5719,-40.6902,-65.8405,-14.8192,34.0294,162.5372,-81.7277
110.2855,-346.7093,159.9320,143.0240,63.3127,-180.7692,-89.3920,197.1485,-286.9120,48.8295,-330.2713,-169.0641,-222.0952,-11.2836,35.2451,-13.7767,103.8884,6.4819,-119.5313
-216.6517,856.1149,-180.7317,303.7768,-80.1732,201.4172,139.1831,53.3717,490.7448,451.2845,522.5470,115.8698,290.0144,75.7804,134.0971,55.9094,-38.3923,-192.7444,251.3166
-586.3521,1108.0918,-625.7479,-74.7546,-297.3820,506.4860,198.2568,-194.1037,946.3366,508.5293,1058.0651,370.4891,601.9302,64.4354,-41.5855,124.2917,-305.1017,-317.2542,398.6623
-471.8626,-513.5280,-454.6053,-196.2417,-316.5975,166.5074,-147.8136,205.5983,174.0511,274.3553,197.2207,148.1271,-8.9654,22.8934,-269.7803,16.6555,-269.1377,-493.1130,-41.7000
-54.9274,-1406.7217,13.0505,125.5867,-148.5092,-216.8275,-358.3495,631.0334,-542.4198,12.3550,-586.8500,-82.3488,-482.0259,69.7122,-261.7025,-114.4815,-7.1252,-550.6212,-322.0259
0.7442,-611.0919,1.0350,154.1578,-101.3820,-77.6056,-225.1484,441.2422,-306.5239,62.2850,-304.6510,21.3065,-239.3851,135.9883,-146.9021,-58.5849,62.6103,-437.9322,-138.0060
-114.4947,-152.6640,-113.6174,10.4866,-117.8776,61.0077,-123.6226,328.4072,-51.0428,240.2301,-41.4504,59.8359,-83.2099,93.0353,-95.3851,7.9861,19.9630,-330.3451,-40.7617
22.5464,-425.4183,74.2787,122.3620,-27.3202,-79.4462,-135.6641,534.7491,-211.2348,167.7492,-227.2375,-61.9692,-192.2561,33.7982,-77.6535,-23.4819,87.3551,-283.2341,-107.6085
60.6779,-327.9326,62.6051,144.1897,-19.5702,-105.8664,-120.1739,492.6777,-212.0150,109.1180,-212.1960,-11.9817,-142.6647,96.3515,-82.5729,-2.5774,88.4202,-345.0453,-67.1198
-75.3578,-151.6776,-97.7339,39.9790,-85.2227,-45.5420,-107.5157,359.0864,-88.5940,214.4735,-86.5171,100.5748,-84.0034,146.9057,-88.9931,7.8360,5.5305,-408.9972,-38.4542
49.7621,-200.9476,75.9594,234.3256,34.3836,-158.2037,-53.5365,451.6920,-111.2175,206.0728,-118.1538,-15.8235,-95.0884,80.4538,-31.6152,-54.7644,79.3157,-149.6629,-45.6697
221.5533,116.8299,237.0870,510.5063,176.9055,-192.2793,86.3940,426.6298,-21.1527,205.4202,-20.3516,-154.1934,34.7274,32.1913,64.5764,-25.2444,220.7853,217.2228,85.2540
123.4326,503.5029,168.0951,501.5150,130.7032,73.9319,145.8964,218.8748,158.2654,143.3555,123.6065,-17.0950,109.0200,-26.9575,169.5800,-34.1610,262.0198,162.3322,212.0159
115.8941,328.0583,270.2293,294.0260,113.3490,288.6327,90.8679,37.9931,115.5903,-439.8053,52.4042,204.6352,30.6947,-200.2017,245.5579,-249.8386,268.5845,-10.9167,168.4833
253.9471,27.5836,374.4320,-36.8775,185.5940,129.7769,70.9677,-226.8604,-2.1020,-966.6354,5.6844,188.1052,80.0627,-249.9079,164.5835,-311.7920,188.6898,200.2767,71.4637
190.0693,17.3614,202.4018,-244.5148,157.2341,-120.4546,75.3453,-412.2006,-6.6992,-655.8046,50.0403,24.2954,146.8065,-71.9155,2.8714,-93.7825,31.8292,391.2536,16.3134
89.6256,56.3625,148.3662,-47.5087,96.5714,-57.8067,41.9200,-274.0222,-25.9419,-257.8329,-31.2134,-11.6177,20.4509,-3.8027,12.0593,-35.3078,49.7250,229.6559,16.8659
131.1098,23.7941,236.6707,84.3884,82.2779,138.9034,14.8997,-207.1600,-64.6706,-389.8503,-98.9399,43.5967,-51.8206,-101.4177,92.5616,-149.4742,137.0044,144.7414,36.2830
65.7743,-80.7744,105.7659,-167.6524,1.6789,70.4123,-24.2685,-366.5256,-75.3087,-300.3540,-66.3627,7.4164,-25.1336,-54.5083,-2.4012,-90.9581,6.0049,244.7786,-47.5195
-56.7842,-213.9946,-13.2798,-178.6792,-72.0033,-109.4432,-88.3331,-320.7126,-131.2248,154.2250,-133.9926,-55.2452,-119.9877,82.6061,-112.7264,12.3530,-107.3313,196.9970,-149.4663
-25.1029,-132.0946,60.8565,180.3120,-32.5361,-47.1169,-82.4786,-136.4372,-146.6240,251.7879,-191.3218,-21.5258,-174.2061,60.1569,-41.9022,-27.3098,13.7739,84.2306,-68.5489
-5.1901,62.1880,49.0261,260.2393,-19.7692,103.6034,-29.8634,-142.5746,-65.0913,105.2713,-91.7999,29.4936,-74.9685,-21.3869,39.0706,-42.5538,86.4126,71.6524,42.6698
-54.1866,33.3920,15.3943,93.1672,-66.9508,92.3139,-44.9167,-166.3492,-68.0460,117.4726,-75.0496,24.0902,-76.0140,-14.5114,14.0953,-2.3123,30.0460,13.2528,-4.6057
-12.2875,-3.8065,98.8082,74.4358,-47.7046,65.6910,-69.8563,-140.5778,-127.1622,63.5157,-154.6239,11.7278,-139.1372,3.5000,5.8464,9.9115,49.1411,-65.9935,-30.8904
19.2380,191.7767,88.6169,53.6572,-8.1538,110.4749,-22.8149,-249.6481,-56.8255,-73.5751,-92.2474,11.7260,-73.3925,-8.2463,38.7147,67.5206,85.3099,-57.0209,41.8456
-34.4060,304.4509,68.4318,-30.4178,-21.9559,64.0000,-4.8431,-355.0162,2.0827,-70.5491,-22.3319,16.4709,-53.6670,-24.0716,39.9482,121.0416,66.0773,-75.8197,37.9491
-4.9987,240.9784,178.7675,-13.6691,-10.0192,-29.7865,-58.5829,-341.2676,-77.0009,-80.7260,-87.5651,46.9557,-119.9940,-52.6130,33.4318,74.8074,74.8741,-102.0037,-12.9629
56.1402,213.2026,54.0641,-77.4573,27.9782,-69.5601,-48.0618,-375.2766,-76.4778,-173.1704,-78.7200,49.4492,-57.1178,-75.7280,52.3520,54.5522,3.7906,-49.5819,-5.6521
18.1606,124.9169,-309.0248,-266.8394,13.6067,-171.6143,62.1888,-420.9136,69.6187,-190.6944,46.1389,-9.9779,32.3030,-74.6156,46.3655,108.6921,-205.0269,-71.4493,-42.3506
2.6769,-36.5581,-387.5697,-298.9541,-40.8174,-279.3932,117.0268,-374.2623,167.3913,-192.1783,128.1660,-23.7660,-3.8355,-59.3902,-20.4944,112.6056,-319.7495,-150.7119,-128.3734
-2.0954,-76.5497,-259.2902,-261.6586,-111.0202,-231.3322,41.8418,-365.4981,213.2725,-186.9449,166.8209,12.3565,-15.0776,-35.0262,-90.7788,54.0583,-288.5293,-92.2281,-135.8544
-93.8978,-59.3869,-287.1218,-302.2084,-133.8188,-162.2159,-4.7063,-378.0451,308.1234,-58.5471,172.9582,5.0408,45.5768,-17.9187,-97.9899,9.2949,-264.8839,3.1500,-108.4003
-90.8274,-40.9219,-279.2412,-206.9261,-34.0629,-193.3768,76.9987,-320.7251,326.0798,-2.3553,136.4515,9.7952,76.7417,-18.0108,-101.0378,19.1209,-206.1113,-3.4375,-118.5277
24.4394,26.6328,-166.4389,-74.2070,53.0897,-232.8747,112.0938,-352.7495,125.1404,-158.1338,152.6187,31.1028,108.2545,-14.5655,-194.5373,76.7950,-89.3724,-31.4850,-110.0570
1.9754,19.3408,-213.4430,-149.7198,44.6980,-217.3526,50.3866,-418.8578,-119.5472,-214.9057,206.9865,-15.0340,182.2734,19.2142,-302.3161,106.8383,-68.6909,-40.5863,-65.1190
-103.6105,-31.3087,-289.3987,-179.5384,122.7452,-96.7395,120.2266,-253.0025,-125.2885,-50.8719,187.4837,-33.0677,271.3817,92.7275,-293.6826,89.3068,-121.7832,0.7134,13.0243
-142.6925,-1.9564,-232.5481,-85.9873,240.3620,83.2006,280.7151,-51.9230,43.0868,52.9311,133.2489,-1.5351,332.5231,158.5728,-224.0425,94.3914,-125.9100,93.4878,121.3830
-179.4171,-29.6413,-248.4710,-141.3993,174.4528,145.6795,273.2677,-65.9121,90.8565,49.1281,109.2322,-41.7266,305.6646,174.4562,-201.8643,108.5837,-132.1999,75.4453,143.4614
-147.7014,-61.2712,-300.8798,-171.9595,83.3424,144.6990,203.4855,-66.5873,17.3224,85.6643,95.3093,-28.8344,232.2161,185.9781,-198.1930,88.5290,-143.5468,-11.7446,53.0399
-13.9372,95.1638,-224.5844,-24.3813,123.4329,187.3441,233.2968,-7.3154,30.7903,96.1372,111.7879,91.2519,205.9939,192.1190,-183.7531,73.8770,-71.1424,35.1019,12.9779
37.0164,252.9276,-172.9019,7.5019,117.5720,128.4059,203.2815,-81.6079,91.5041,71.6856,159.6410,89.7792,200.8958,147.2806,-200.0078,85.3830,6.3181,88.5438,37.1196
71.7993,333.6876,-161.3365,10.1131,89.2541,25.9407,110.1892,-104.9540,73.4786,144.7014,170.0972,52.9933,208.9251,131.9674,-220.1789,114.0397,13.8974,39.3629,21.6838
207.3810,473.3162,-57.7665,200.4647,158.6189,71.4817,125.8484,11.6815,59.4341,216.9174,138.1661,167.2154,261.8542,153.5030,-198.7637,135.6995,48.6551,71.8552,30.5578
234.1687,479.2240,-10.3370,276.7713,157.7677,81.5991,160.1848,-6.4911,94.0145,187.1665,116.4007,204.7339,277.3472,71.3725,-195.3875,96.2355,112.0807,138.9867,75.6031
177.3222,365.2216,-42.5228,220.4428,94.9861,-17.6433,125.9138,-77.4626,84.6245,217.5172,131.2796,134.8509,244.9339,-24.9798,-242.5853,62.8301,106.8356,85.9070,28.4225
252.6369,488.7327,27.8533,316.4215,148.2331,8.9130,111.6127,-0.4999,59.0152,303.1008,176.3778,191.9317,266.2142,32.7453,-252.7627,131.8671,64.1316,38.4437,-41.3588
267.7936,644.6902,69.6899,312.5473,161.2784,64.6968,79.6063,9.0555,106.6197,269.8414,203.1780,222.0117,303.2023,100.2480,-189.1209,182.4216,23.8306,2.6218,-16.6991
142.3060,526.1018,-19.9938,112.3527,52.6795,-10.8779,20.5008,-79.1765,173.1623,212.2629,184.6343,149.9893,300.9912,72.1405,-140.2534,138.4181,-34.7391,-115.9162,-27.2709
166.2973,443.9204,-35.6381,121.3516,29.7327,-21.2934,48.7779,-62.2074,174.9877,236.7377,156.9338,233.2282,294.6360,61.8642,-161.8924,140.0219,-51.5971,-139.3189,-107.8483
253.9147,504.7319,-14.5530,221.3689,44.6091,65.6938,87.3436,-58.2747,146.1893,246.3891,119.6678,325.8033,242.1907,49.6085,-191.8494,193.4760,-12.9515,-39.0041,-74.1600
161.6436,476.9467,-104.0822,119.2852,4.0267,152.1550,68.7923,-74.2227,175.8193,282.2481,58.1486,217.0372,181.2047,36.1364,-150.4131,198.1623,-25.6685,-12.4771,63.8344
59.7102,462.0685,-141.0587,95.5488,78.8054,358.1563,131.3221,89.1547,279.7345,375.8410,29.0075,180.6731,242.4318,156.8560,-61.1387,202.4395,-72.4449,33.1151,147.7584
26.3947,470.2560,-91.4686,188.4122,197.2319,582.5302,222.4577,216.6319,358.0891,350.9482,40.8121,256.3253,298.4023,283.2599,-29.5562,211.8785,-57.2652,172.4027,187.5437
-66.3585,304.9659,-108.2083,118.5478,160.2676,585.6780,189.8001,146.6467,336.4779,253.0432,23.1495,214.1859,214.6554,241.4177,-80.3555,180.4157,-39.8462,186.3721,220.3087
-118.9846,166.7880,-95.8905,61.3355,132.1865,504.3474,142.3113,162.4584,284.8336,266.0575,-7.3255,182.8650,187.6698,196.0093,-109.5001,206.8022,-73.3989,98.2336,200.9047
-103.5039,228.1219,-10.3673,129.3164,206.4946,450.8503,146.9955,241.6458,265.4984,286.4822,18.2936,207.5798,291.7599,220.5097,-65.9532,293.5195,-69.4079,101.3271,155.1516
-143.8883,277.6762,-5.8407,115.5597,221.5411,334.2768,125.8813,177.3814,219.4922,258.7321,73.0696,121.5358,335.3251,179.5759,-31.1597,292.7368,-2.9294,125.5495,124.9221
-129.7709,285.9931,0.7675,158.9054,221.9150,278.9187,148.8628,170.5054,122.8153,308.2044,105.2005,105.1762,313.7901,137.6015,-60.4292,235.8440,62.4083,134.9957,93.2940
-33.8098,322.1289,114.9009,357.0694,274.6453,334.1266,222.8311,264.3654,54.3452,342.5528,130.7888,241.0437,327.2464,170.7594,-108.7287,220.3444,114.7865,212.2170,74.2585
-42.0702,273.6415,163.0576,403.2083,242.4312,274.8537,194.8852,213.3580,45.6844,271.2908,152.0854,233.2720,314.5594,165.0320,-122.7170,189.0380,152.0014,235.8309,57.1875
-27.4821,245.4682,129.0708,331.4113,161.9397,125.6117,129.7008,128.0489,48.0412,232.2381,135.7285,147.4561,265.3947,131.5025,-91.3063,138.6879,166.1078,144.0109,-9.4943
159.7194,365.6579,162.5634,376.4924,138.2013,48.8405,137.5748,129.9607,41.5823,207.0440,98.1934,212.7002,232.3892,142.1927,-49.5524,142.3348,180.3751,102.5781,-85.4340
243.9678,402.6349,183.7275,371.1076,67.5872,-19.0794,81.8949,37.0084,51.7599,117.3148,84.7383,228.0451,162.4707,122.9996,-38.5077,160.3545,183.0161,113.3283,-125.4788
134.1570,309.3083,140.7072,278.4297,-15.5562,-24.1622,-38.5567,-56.4439,79.2658,94.1608,89.7397,143.1764,69.6963,86.9977,-21.9290,145.8284,168.1438,82.5927,-162.5068
87.9418,296.7206,146.4653,286.0984,6.6350,139.7802,-62.7826,20.0799,73.5641,109.1926,78.8023,183.9964,21.8021,110.9234,32.0982,115.0610,178.1410,68.2365,-167.6159
112.5108,282.3395,145.1346,239.7353,-32.8690,254.4052,-74.7519,47.4516,15.4419,21.5207,54.6411,217.8852,-51.6317,138.3249,44.7769,73.5004,166.3522,35.7591,-125.2963
120.8293,184.7187,71.4246,78.4153,-189.5637,215.2370,-151.9195,-27.5155,-16.6742,-18.0518,40.2131,117.8102,-146.9293,172.6446,-4.1384,70.6657,74.0025,-94.2598,-143.6909
185.3673,162.8681,27.7400,53.0165,-252.9736,193.2636,-154.7000,-13.4168,16.3974,51.3655,13.9867,104.5885,-149.1767,248.3988,-11.8325,111.4839,13.9114,-203.6823,-219.0338
201.8113,164.8217,-12.5496,57.4121,-275.3075,122.4220,-118.7403,-16.0710,33.2721,31.1067,-49.2170,162.5522,-135.9104,239.1114,16.9213,79.8605,52.0995,-269.4518,-210.5542
89.3996,99.1576,-98.0684,-98.7468,-387.5616,-87.9101,-167.8592,-90.2869,25.8514,-1.8936,-93.4580,126.0101,-194.2129,136.9314,4.3147,13.6224,46.1486,-410.1249,-125.8901
52.0248,101.1109,-109.4160,-215.0775,-412.5506,-237.6018,-191.7600,-34.4935,72.9154,101.3000,-75.0138,86.0601,-197.9820,84.6395,3.6945,57.8451,-83.3733,-520.1761,-63.8356
80.1787,89.0868,-90.4650,-283.7276,-302.8645,-299.8268,-142.1608,57.0509,116.7420,139.1612,-62.3679,19.6829,-130.6943,29.0051,51.7930,94.1292,-252.0634,-482.8068,-24.3964
-24.4989,-89.9881,-167.5014,-454.4812,-216.6184,-403.6127,-116.2594,9.6037,80.6065,51.5647,-97.0097,-142.9520,-100.0772,-78.2593,75.7952,-16.1486,-375.0304,-424.4862,-1.5027
-137.9651,-195.8457,-204.1857,-493.7316,-92.1659,-444.8321,-55.7972,-24.7602,64.5961,36.7423,-121.8123,-158.8580,-48.5342,-108.3807,92.3613,-110.8066,-395.0997,-372.0655,-7.2143
-127.0752,-90.8961,-135.3312,-337.3098,104.3591,-419.7709,70.8390,-26.6725,105.6391,36.6136,-118.9026,-21.0483,50.2139,-106.8918,148.2141,-99.3900,-323.5968,-247.1464,-2.3110
-122.0377,-12.4489,-102.7271,-298.2755,199.6521,-483.6891,129.8285,-112.6308,74.8089,-52.2573,-104.3420,-48.0486,80.4353,-164.8136,161.5129,-106.2319,-263.8851,-155.3142,15.3232
-120.3678,-30.9284,-60.9410,-318.8817,206.8233,-487.9839,113.9322,-116.8015,-28.5475,-98.9246,-61.7789,-140.9384,60.3434,-141.7595,100.2836,-125.2769,-234.2950,-146.5509,17.5644
-53.4817,-55.8739,47.8568,-197.0072,210.0405,-282.2168,82.8282,21.9857,-85.0524,-96.7531,-34.5946,-63.0662,49.6988,-52.8158,56.3773,-92.3237,-178.4570,-86.5240,40.1773
-23.0133,-109.5617,72.8269,-116.0123,127.1333,-56.0250,15.7105,103.0752,-99.7140,-109.9363,-69.6508,-5.5144,-9.5594,-66.2452,66.2812,-76.2005,-139.1844,26.4374,85.5481
-14.0881,-117.1291,53.7484,-121.0183,27.9207,113.4010,-5.5737,151.4919,-108.8942,-52.5324,-84.9089,-47.1726,-83.7374,-61.5983,112.3464,-91.2997,-135.8687,101.0760,90.4083
63.4415,-0.2057,156.8208,-29.2467,40.5089,289.2181,56.0205,244.5476,-56.8987,12.9374,-33.4374,12.0782,-107.3122,40.9017,175.3369,-91.7427,-77.2950,155.4252,62.8757
128.7320,101.1988,283.8354,68.8089,28.6765,349.2541,33.0375,253.0650,52.2335,-23.4551,11.6774,104.3515,-154.8070,46.5667,184.6708,-98.1489,35.0366,196.5842,42.3219
176.8628,130.0866,341.9854,98.2659,-63.5049,282.3253,-77.7145,210.0302,97.4910,-15.1035,50.2509,92.2510,-229.3730,12.2012,111.8878,-84.4654,112.7766,207.2862,-6.9133
262.8492,146.2201,383.6867,170.3479,-111.8981,233.9336,-130.7853,192.7158,1.8213,36.5789,110.5152,77.4472,-275.1091,104.6637,38.2035,-31.8703,142.6439,208.0279,-108.7934
255.9429,91.6133,333.9206,178.8943,-172.8228,119.5315,-190.6285,55.2369,-147.8501,-67.3147,107.6713,68.5107,-359.3469,115.4559,29.2403,-23.0666,131.1266,161.6549,-215.0391
154.3938,24.8032,201.6521,65.8477,-258.1455,-103.3372,-272.1875,-127.4980,-192.8563,-181.4361,26.1210,16.4107,-426.9413,-42.9241,86.5905,-15.8278,91.9825,80.0094,-271.1521
129.4796,88.9212,177.1225,55.8445,-184.7943,-209.8141,-204.0511,-110.4426,-131.4370,-104.6901,-22.1827,29.2685,-317.7319,-94.1026,160.9239,93.2258,93.3846,82.7398,-249.7662
101.0616,129.3113,194.6459,126.3277,-33.6789,-189.2740,-56.7377,-25.2172,-102.1157,-25.5755,-27.7338,90.6330,-177.6495,-33.7904,168.5408,177.0556,116.8656,125.6353,-170.7047
0.7661,45.2030,86.8853,95.8521,-16.8634,-230.5930,-5.8828,-36.1361,-101.0562,-44.3088,-60.5781,83.3004,-208.2262,-51.3740,146.8499,136.4039,73.0485,79.7580,-101.3271
33.5534,84.7025,-5.4475,84.3435,-31.8757,-292.3835,51.3568,-10.8916,-18.2444,-34.7374,-92.5096,74.9322,-258.9357,-42.1540,216.2174,100.2449,13.1730,31.9777,-73.1361
147.6805,254.9747,15.9856,141.3633,9.0513,-289.5097,162.0496,30.8742,72.4109,-68.4929,-64.0357,104.5285,-205.4298,56.4376,294.8507,72.6557,28.5631,66.5956,-53.9957
100.9871,285.0802,35.3607,135.4413,4.7076,-226.0457,179.7726,14.8563,43.4469,-174.6534,17.6847,121.0196,-164.5769,103.8515,242.0391,-19.5609,75.5347,115.8369,-9.2836
41.3823,240.8834,74.8258,183.7444,11.7572,-5.8292,139.6655,128.3417,-24.5132,-150.5051,84.7793,199.4147,-147.5399,136.6563,167.8455,-31.5104,113.2343,195.1632,67.1863
126.4158,280.4811,158.2104,327.9379,68.1754,301.4167,131.6891,335.6539,-25.8126,-44.8918,56.4134,295.2578,-101.8900,194.9070,171.6205,53.9684,161.0606,280.9225,141.2451
167.5957,288.2687,164.3378,328.9310,28.0706,424.1619,97.1975,381.2828,8.7188,-43.6069,-0.7160,247.2498,-83.4553,167.9088,156.1874,23.8319,192.7511,244.2916,172.5682
157.5496,319.7372,158.5755,295.3503,-47.4266,446.1873,82.2539,419.0324,45.8619,0.3304,70.6526,234.3445,-63.5454,182.6439,134.3904,-34.5299,193.6840,235.3114,180.6614
244.0875,519.7635,243.9617,482.6093,-13.9737,609.5577,135.3004,622.1203,56.0496,161.2883,181.1642,413.4704,-2.5451,360.7384,179.2402,71.5650,196.6410,431.7188,186.6877
269.0357,575.3641,252.5633,589.9156,-7.1723,703.1045,101.8745,665.0999,-9.0708,150.9807,121.2403,430.0926,-19.2469,377.5914,164.6404,91.8116,185.4063,519.6724,155.0061
124.2298,244.7952,133.8577,335.6190,-72.7730,499.0534,-11.4947,416.4758,-93.3511,-77.8139,-11.7497,117.1066,-112.8766,84.2566,39.4752,-154.6269,123.0302,287.9070,99.7224
25.6370,-51.7982,94.4488,60.3679,-9.2681,277.4317,18.5723,265.7658,-97.5689,-172.7111,-11.7583,-100.8733,-110.8613,-104.4786,-6.7552,-305.0526,32.1333,132.2293,102.2362
63.6513,33.8280,146.5118,50.4770,163.5951,297.7757,184.7611,377.7797,-27.7899,-0.0033,49.1086,-11.2675,-3.8951,14.8279,100.8803,-147.9186,-33.2967,260.9827,154.1299
115.4637,224.2704,130.3647,141.3661,240.8589,395.4688,305.0386,492.3143,55.8921,174.6044,25.4890,115.7110,83.7670,152.0633,238.5718,1.6987,-41.8413,331.4323,154.9569
132.6263,237.2178,39.3734,182.2475,215.4324,378.8169,344.0034,449.7690,95.4199,139.4403,-45.6667,134.9488,112.3002,158.7590,325.8661,-49.3485,-15.8499,216.5955,91.2550
120.3814,183.9983,-44.9031,188.2028,196.6477,303.9879,353.8014,347.9506,64.9435,25.3947,-72.4564,140.0081,107.4860,162.5843,346.9340,-112.6624,7.6369,158.3754,62.2201
95.3742,207.5012,-73.1568,181.4991,222.3591,292.1679,371.5618,320.3069,34.7698,51.3537,-46.0081,172.2285,123.7334,205.7194,317.3493,-63.1391,31.3698,189.5117,101.9169
93.2775,266.4630,-54.8292,173.8648,247.7652,329.5474,393.9371,352.7735,61.2846,158.2328,-34.2680,206.6715,172.4560,230.2047,317.2189,12.1522,35.0327,156.6882,125.4361
75.8966,273.1029,-73.2179,131.0209,193.5195,302.2755,354.4446,325.3758,91.1132,173.7825,-69.4770,212.1521,163.8118,217.0838,375.6004,30.0765,-17.0445,61.2221,97.9050
28.3191,207.4063,-126.1979,50.1351,107.2542,204.8017,273.2360,255.0922,101.2694,151.6279,-67.1049,192.9804,105.2685,184.8662,410.2841,-3.0079,-53.6804,-10.7897,82.8583
17.9522,120.9601,-125.0517,28.9517,115.2977,143.8545,252.6996,248.6968,128.0407,186.2876,-1.7407,189.4507,127.7741,160.5859,371.3997,-30.9193,-10.4488,-38.5944,91.1912
8.4519,65.1250,-112.2881,44.5846,155.9415,114.1054,257.1560,249.6914,172.2370,215.4112,22.3409,158.7389,208.6798,137.4517,312.3077,1.0826,28.5190,-45.7805,96.0500
-50.4086,45.5687,-134.1252,-26.5334,115.5342,38.8452,221.6380,189.1943,229.4039,228.1304,9.5263,57.2585,231.1199,89.9678,293.9767,74.8594,3.5686,-75.4575,109.5183
-52.8185,56.3820,-99.5410,-102.8484,60.2858,-56.3590,201.3387,137.4243,250.5072,244.5631,24.2693,8.8693,209.7066,57.2606,303.0492,109.5305,-36.5902,-145.4260,68.9826
29.0179,83.3596,-39.8880,-65.2475,20.3561,-147.9290,174.1064,74.8284,149.7272,178.5755,-20.3678,89.6105,170.4273,84.1878,291.4768,68.0692,-62.5020,-215.0729,-78.4168
90.8677,94.9617,-78.0392,-32.4640,-72.0659,-247.4522,70.7523,-45.8302,25.4253,75.5666,-140.9079,177.6495,96.3435,120.5580,256.6990,2.0560,-38.7857,-239.7773,-153.1955
148.8241,73.9636,-132.5911,-93.4518,-146.0494,-269.3816,-16.1306,-84.5098,39.8293,97.8644,-187.3525,201.0286,58.8448,103.6527,217.6310,-24.3256,50.1566,-203.1178,-22.6991
223.8479,30.1183,-101.9961,-147.9537,-108.0160,-178.1722,-19.3201,0.3111,97.4959,186.9371,-172.6333,180.2530,96.3073,48.7584,173.9187,-9.1692,73.0476,-127.5837,96.9942
207.3789,27.8395,-64.2818,-148.7457,-22.6607,-105.9628,-22.0266,33.8277,76.7268,221.1601,-215.8416,104.5916,116.1902,2.0060,155.0536,10.8661,-33.9542,-74.3765,32.3324
129.0148,137.0168,-47.8465,-120.9638,57.5188,-98.5277,-48.0926,4.1694,48.2008,251.6937,-254.0449,55.2599,79.7066,-14.6156,180.1431,17.1556,-94.1972,-50.2571,-52.0891
140.7139,247.7331,-2.3512,-52.7451,145.7161,-61.8195,-75.5048,35.9572,-16.0160,274.7397,-226.0132,128.3000,40.3023,-7.2611,180.7078,12.9377,-9.8721,8.7078,-11.7589
207.6060,192.5430,41.3955,23.2558,208.7598,2.6553,-132.9973,89.9375,-169.6430,235.8883,-207.2429,193.7611,16.0179,16.5766,128.2177,3.8281,94.7354,92.4198,70.8526
224.6539,113.3359,56.9176,58.0589,207.8157,27.1563,-193.0332,101.9485,-217.8559,213.7388,-204.2665,141.6411,-16.3800,56.5778,91.9742,-12.7297,136.0052,116.9595,88.4243
238.6928,235.7767,46.3000,73.7883,112.0804,0.0238,-244.1382,89.9681,-113.5210,200.3132,-192.9155,107.7834,-92.3826,70.3187,66.5600,-51.4651,121.8998,73.3023,11.8010
282.7456,391.2705,-8.0152,75.0977,-72.4891,-91.4174,-351.7344,10.5364,-124.1069,86.5958,-220.9024,154.9722,-198.3514,6.9130,0.8692,-112.4689,69.1825,17.4781,-109.0925
267.5103,344.8695,-32.2514,50.4747,-187.6162,-212.8436,-439.9158,-128.1661,-259.0376,-39.1339,-254.7845,168.8617,-223.9185,-80.6139,-41.0548,-162.0786,47.2043,-15.4021,-182.8696
163.8519,252.8696,21.5885,38.1202,-140.2556,-262.1308,-407.4009,-204.1302,-288.8434,-81.8997,-225.9756,120.5370,-152.4790,-109.0466,-15.8716,-178.1131,65.7196,-20.6655,-216.8403
96.6582,284.1826,5.8529,23.0976,-131.6666,-270.1264,-410.3063,-221.1070,-263.6930,-141.4534,-189.4340,38.8725,-140.6787,-106.7745,-9.7488,-178.8337,10.8687,-43.4224,-277.7155
184.6541,323.2030,-114.6923,-39.7783,-274.8637,-350.7958,-544.2609,-252.8630,-290.1256,-193.4063,-171.7097,-70.6240,-218.4166,-124.3395,-51.6479,-182.3002,-111.2298,-120.0333,-330.1935
336.9147,323.3829,-156.0150,-79.6555,-362.1359,-436.3676,-618.6556,-236.1430,-266.4364,-116.8407,-110.9127,-118.8515,-240.8964,-143.5119,-88.2476,-179.1060,-175.1387,-164.1217,-335.5640
352.8254,364.8302,-124.9496,-39.6137,-301.0146,-395.1283,-588.0867,-147.6837,-235.9992,-18.8275,-32.6397,-63.9171,-195.5740,-153.3206,-129.8186,-138.2478,-196.0412,-84.5175,-345.9180
268.2768,393.4468,-161.4131,5.4576,-228.0311,-261.9848,-608.4947,-78.6827,-305.6749,13.3891,16.2633,-25.8131,-162.7732,-133.3795,-167.3679,-33.8040,-229.9467,52.9848,-347.3481
309.4054,384.7210,-175.7155,29.3553,-162.7046,-109.3668,-616.5360,3.8385,-300.7894,107.2793,81.6393,-45.1367,-114.8824,-30.6860,-121.4979,91.6298,-218.5174,160.6151,-262.9663
479.8175,473.4653,-84.8920,86.8430,-72.2000,56.8186,-470.0286,175.4959,-160.2274,248.2859,169.4594,-33.5801,-46.1434,104.8743,-22.4793,154.1216,-159.1784,252.7338,-125.1262
599.6076,649.0715,-5.2667,167.9410,-32.3668,199.7514,-283.8519,333.8311,-146.1691,282.9176,249.7927,17.8010,-12.0242,159.7241,13.3785,167.3030,-110.4262,341.3047,-22.6277
657.2066,718.8894,48.5603,250.3338,-37.6877,288.9924,-213.0468,386.2169,-267.8177,250.7360,340.9103,70.6535,12.5243,153.2496,-17.9674,210.5395,-57.4542,401.5708,14.8268
719.7644,625.2130,125.5492,335.0879,-28.5563,348.1043,-228.9437,393.9753,-237.2225,240.6331,390.6925,115.7020,35.6227,157.5325,-45.4294,251.2337,-12.9579,415.7629,-1.2695
716.5209,469.3746,132.1980,358.8558,-65.8037,349.7016,-249.7587,375.2579,-77.8393,217.5767,325.1146,105.8040,-9.3156,148.8672,-56.0082,209.4382,-23.5791,344.9578,-42.5124
560.3207,345.6210,65.6111,310.1151,-175.4247,268.2355,-257.5999,286.7185,-62.5540,193.6905,240.6580,40.5541,-95.1708,114.5757,-75.2425,142.9782,-42.8295,208.2660,-108.1069
292.3143,303.8789,47.0462,287.9286,-283.3978,180.3419,-303.4127,172.4010,-187.5143,196.3418,223.7135,9.1482,-154.8448,99.3191,-115.2434,152.5429,-57.2817,119.7764,-234.7063
70.6462,304.8396,39.7318,278.4591,-374.3230,104.6134,-407.4297,76.7644,-234.1235,144.1095,184.1042,13.1396,-204.8046,79.6021,-155.1910,199.2264,-128.7692,70.9385,-381.2177
29.4936,224.5666,-23.5894,185.2803,-438.4621,-53.6597,-469.5038,-39.2779,-187.7891,12.0619,99.1031,-17.4537,-229.6499,-3.9937,-175.2656,175.9377,-205.2302,-68.5940,-464.5959
57.0754,31.6724,-73.8622,84.2205,-439.6753,-250.8864,-442.1178,-162.7871,-238.0467,-109.0171,52.0582,-58.5906,-205.9353,-105.7002,-219.9448,67.5680,-214.5535,-228.0705,-500.3964
-45.0101,-137.3191,-103.2584,80.9595,-423.0357,-294.8017,-400.6106,-200.2812,-389.5408,-156.5705,14.1836,-63.1244,-195.1310,-105.2347,-288.6954,-36.8279,-212.2917,-213.9170,-477.5577
-181.3089,-141.9568,-140.7100,89.1441,-382.1090,-150.9948,-306.6285,-110.7580,-397.7478,-98.3067,-37.5825,-43.7170,-169.3054,28.2258,-257.6605,-44.9072,-215.2561,-86.1632,-301.4266
-207.8803,-27.4326,-128.6605,31.5668,-225.0174,32.6703,-93.3196,65.7026,-223.6901,60.5550,-21.7780,-0.2863,-44.2666,168.6828,-133.3271,33.5691,-198.0622,-24.5724,-42.4050
-278.1515,-6.4058,-107.5553,-26.0773,-31.9204,172.7766,96.9492,250.1907,-115.6409,210.0724,19.1914,56.2129,69.7171,197.2657,-88.4724,92.1749,-207.2175,-1.0812,123.4832
-433.2612,-156.2489,-162.1538,-50.0573,64.6651,275.8826,180.5599,348.6806,-103.3511,255.8906,-19.3871,76.7531,65.9673,168.6359,-87.1851,59.1055,-204.4734,61.4071,206.3819
-440.5513,-255.7474,-191.3644,-65.5365,143.6632,320.0576,265.2540,333.8322,-13.7100,217.4809,-61.9437,67.2234,56.4387,159.6005,18.4434,-19.4537,-118.3520,105.6095,262.5319
-316.0486,-175.8289,-124.8055,-72.2779,249.2782,292.2725,321.3688,282.0287,78.5310,147.9818,-24.5246,55.4534,92.2519,111.9001,92.6539,-44.7088,-57.5485,113.3929,244.8373
-249.9084,-136.9376,-61.1036,-74.4455,274.9749,248.4290,274.4266,262.9849,62.1047,110.7350,30.1767,13.3743,103.1593,23.3020,16.6167,15.8584,-54.8115,144.3878,209.6094
-186.6502,-244.3144,-9.4539,-43.6341,250.5828,246.8364,255.6791,273.0389,79.2717,137.5752,59.3560,-46.8588,120.8192,12.6373,-2.1248,89.7926,41.0650,189.0328,245.7516
-128.1644,-273.2118,73.1543,62.9641,255.8454,269.3660,312.9418,285.2622,178.6872,149.2340,63.7849,-70.4244,148.4756,55.9976,114.3994,97.5269,170.2488,201.9487,273.3627
-229.4115,-180.5087,121.8218,141.5837,219.4574,231.9357,344.4808,264.9323,259.3974,107.2990,46.3632,-89.6021,107.7883,20.6331,179.6091,56.6173,173.6084,152.7298,258.7007
-329.4969,-167.9350,141.3230,95.0438,133.3695,97.3230,380.6131,182.2966,343.3914,101.4408,71.7109,-131.6640,69.3817,-55.7616,187.0307,25.0839,170.5893,6.6286,260.3211
-219.2270,-205.0739,188.9826,62.1501,64.7725,-54.4753,409.5585,68.9938,390.4273,121.4757,127.6132,-122.9925,98.9781,-84.2235,229.4610,4.3273,232.5949,-181.4379,200.7414
-116.9062,-171.8429,195.7182,100.2277,-26.3824,-161.6667,325.3577,-25.7367,314.9963,64.7151,101.8594,-81.5515,91.3929,-128.6452,239.3050,-27.2659,194.3994,-299.7163,74.3312
-193.6281,-178.9001,135.6696,17.0238,-100.3113,-248.3259,269.5269,-88.8168,293.3379,-9.2892,50.2534,-119.7171,60.8158,-201.0538,212.8493,-51.0086,73.4320,-351.2777,70.0493
-284.3168,-257.7915,68.2099,-169.0463,-41.6022,-259.6171,354.0257,-80.9205,382.4602,-11.6523,64.9687,-190.7801,106.8090,-179.3943,207.2429,-41.4294,9.8634,-363.0031,175.4164
-308.6688,-280.8798,-30.8232,-215.7219,52.7633,-111.9677,368.5429,19.2504,343.5104,-21.3862,22.1358,-191.0470,143.6832,-74.8892,178.0720,-21.8247,-24.4680,-286.7827,239.5901
-278.2827,-280.8534,-99.6756,-135.2779,95.9086,85.7400,314.8871,117.8709,273.2758,-64.9009,-88.3284,-163.2435,140.7279,-11.6119,203.5654,-31.6565,9.6552,-159.1004,326.8462
-180.7203,-296.2346,-7.9702,-57.1080,197.3506,185.4205,403.7124,132.4056,379.3691,-77.3054,-71.3580,-124.2417,199.3559,7.6523,356.8590,-69.3334,182.2237,-73.6221,428.7800
-173.7021,-232.9206,99.3141,51.5146,306.9462,213.8733,472.7813,97.7050,347.5425,-121.2924,34.1845,-30.5873,242.7200,20.0814,389.7694,-109.4484,305.0927,-19.7465,377.0272
-279.0352,-155.5223,72.1674,127.0879,303.9542,213.8706,392.8450,60.7665,81.2145,-210.6761,73.4846,34.2506,218.0503,12.4554,220.3582,-126.6796,273.7960,11.3187,292.9382
-226.7043,-174.9869,81.6312,43.5801,324.2331,165.1777,428.7948,36.7348,63.3917,-203.3404,110.5568,5.3738,266.8113,17.2336,160.2140,-102.2936,241.0808,-13.8505,349.6086
-116.9473,-204.7565,153.7210,-77.3832,389.9819,102.1923,543.0532,27.0416,261.2035,-139.1598,149.1309,-36.0899,311.8671,37.6845,232.8915,-68.1906,204.6613,-35.9544,364.3108
-271.4492,-225.4241,91.9094,-100.4261,314.5246,47.5217,447.1826,-13.3244,218.4144,-146.6624,90.8729,-60.9670,198.5816,14.8053,202.9555,-68.1543,123.0133,-4.1462,254.0966
-414.1190,-287.8745,7.5779,-82.4378,208.7822,-38.7771,309.3786,-113.5319,131.4839,-126.9250,56.2482,-85.9284,124.0993,-19.8193,151.7103,-67.2382,158.5162,18.4954,178.6487
-209.8323,-257.4404,73.6224,-49.0667,234.0631,-149.6297,301.7153,-231.0432,282.2527,-66.3775,126.1101,-75.8705,176.4037,-41.1240,159.6694,-36.2152,254.1526,0.0634,90.2930
26.3670,-101.9573,116.7817,-24.9183,198.8269,-244.9311,214.6961,-318.7229,348.9252,-107.0021,139.0627,-63.9195,122.5514,-103.0274,104.7424,-15.1151,170.5821,-36.8754,-47.1415
45.6004,-40.3883,50.6944,-104.6562,79.3620,-294.4664,102.5585,-344.0300,241.1572,-132.2476,64.1487,-84.7196,8.2796,-134.6816,94.5305,-6.1939,15.6228,-89.1901,-47.2540
-16.0827,-124.3342,-8.0120,-214.3078,92.9970,-250.2793,150.7488,-308.7187,228.5019,-70.9807,-16.8239,-78.9176,9.7249,-81.7325,189.0465,-10.4893,-29.7770,-110.3576,30.0049
-150.9870,-195.5239,-85.9503,-213.5077,138.7122,-121.2853,154.7563,-268.0844,211.0465,-148.5532,-115.4275,-66.9942,-10.6138,-68.7746,147.9759,-59.3765,-46.8291,-48.1435,24.6639
-255.7209,-198.4059,-133.6077,-176.6363,129.8233,10.1252,90.8940,-218.3537,75.1756,-273.1207,-135.7602,-88.1979,-47.9225,-57.7785,49.8871,-69.7999,-37.7951,56.0735,90.2846
-109.7955,-186.8254,-21.3838,-189.1281,271.7902,102.0569,205.2754,-137.2540,15.0377,-198.4309,-33.9189,-72.6487,69.0481,47.2954,128.3118,-8.9948,11.7365,157.0738,218.4912
17.9157,-204.0243,51.4201,-185.5620,435.2694,160.6912,297.3553,-102.3624,18.7439,-143.8443,-17.3160,-40.8878,145.9447,44.3245,152.3164,-38.6890,-57.4432,234.8642,175.7210
-102.9528,-212.2489,-17.0095,-145.8760,371.8879,201.4404,168.6933,-97.7595,10.7451,-174.7457,-56.9132,-27.7602,73.6570,-58.1099,25.8375,-115.2633,-151.4397,169.0625,112.7082
-129.3391,-137.5328,62.7248,-93.9476,344.1870,228.1970,124.9389,-22.8464,91.8854,-18.2559,44.8599,63.1462,111.3908,49.0157,32.6775,-36.1401,-52.1266,-150.7583,190.9829
-46.2362,-48.2488,229.7869,-5.5140,452.5033,197.4664,204.3748,13.0682,141.6986,105.8291,94.8172,138.1377,175.4448,179.3707,68.5964,51.3709,41.3803,-520.5106,163.2744
-156.5813,-25.8996,180.6980,72.3196,380.0067,110.4743,177.9160,-70.7812,111.9972,11.6135,3.6353,47.1697,68.9570,47.8308,-15.1749,15.5646,-22.7389,-558.5446,30.6836
-174.7916,1.6910,118.7355,53.8112,249.2014,27.1438,203.0472,-124.1894,268.4068,83.3578,50.8583,-8.4241,67.0270,-21.1114,72.5999,64.9688,-34.3307,-310.9353,-0.1218
28.8307,15.5287,158.1510,-0.0826,252.7536,-86.9325,253.4968,-172.5107,437.3362,193.0974,72.3677,56.6182,156.9690,56.5765,207.9027,129.6446,-36.3105,-239.4826,-109.6080
-19.3947,-30.0201,-5.5007,16.6373,66.7811,-233.5625,33.1141,-295.6254,327.5012,12.2814,-180.1606,33.2475,-17.9999,-36.7484,44.2338,33.1716,-144.6494,-392.8227,-282.9593
-174.8676,-22.6355,-167.4947,29.9520,-187.6286,-278.5994,-114.0906,-296.8554,318.0535,47.2229,-262.6918,10.7483,-161.5151,-64.0338,-19.7730,69.2924,-107.1232,-373.7576,-171.5652
-77.0510,-64.8554,-31.1378,-57.9134,-73.5866,-208.2463,83.5672,-210.9335,423.1465,254.5321,-94.1488,65.4748,-11.0913,126.0128,184.9625,230.9629,-7.6662,-207.5896,-26.4430
-206.3462,-255.1533,-69.4185,-111.7546,-13.3866,-55.7738,74.4837,-250.9312,119.9619,-102.2814,-206.8668,-61.2861,-45.1338,63.0863,114.8282,89.7811,-189.3377,-192.3331,-149.9229
-476.1070,-242.1167,-307.7795,-87.0440,-211.9094,189.5639,-101.5249,-183.7642,-98.3665,-322.2402,-279.0050,-187.0884,-164.6426,-72.8467,-1.0525,-54.2983,-292.7056,-191.4617,-71.6026
-112.2377,-165.6040,-90.8765,-248.3954,29.9192,230.6731,161.6340,-17.4309,242.9468,261.0008,98.6766,-18.2846,102.0168,210.7002,266.9369,211.8815,-114.6793,-17.1133,135.0845
24.7507,-832.6796,49.1297,-560.9876,238.1312,-183.3271,183.5030,-421.9895,-57.1348,-31.9969,-90.1969,-169.8937,-67.9321,191.9517,-29.0177,193.5507,-409.6954,143.2401,-435.9837
-1303.8790,-1914.6414,-883.7823,-642.0527,-895.9593,-681.5514,-963.5007,-1341.8074,-1560.8333,-1943.5542,-1417.9688,-1059.0056,-1392.9209,-793.0297,-1460.1455,-675.3224,-1300.4266,19.4938,-1629.9011
-2828.4314,-2184.3640,-2176.8369,-703.0556,-2639.7378,-1095.0426,-2515.6833,-1837.3475,-2892.0300,-3170.1716,-2739.7051,-1886.9075,-2793.5586,-1901.2065,-2892.2583,-1739.1493,-2017.2896,-672.6097,-2533.7312
-3062.7698,-1902.7900,-2770.1340,-1305.3129,-3376.4231,-1846.0369,-3438.0908,-1812.6160,-3456.0068,-2629.3391,-3363.8545,-2153.5447,-3400.4573,-2360.0161,-3580.7927,-2293.6396,-2585.9443,-1806.9478,-3102.8794
-2804.5825,-2031.2672,-2831.2441,-1941.9059,-3298.1025,-2475.0212,-3549.5920,-1803.0765,-3540.5466,-1819.5948,-3368.6965,-2149.8408,-3460.2056,-2209.5193,-3504.9602,-2101.3936,-2997.9167,-2182.6836,-3123.2805
-2430.8206,-1860.8895,-2189.0464,-1468.8475,-2795.5312,-1754.0334,-2466.5879,-1468.4854,-2325.2520,-1051.9869,-2102.1753,-1565.0692,-2528.8198,-1240.5662,-2040.1481,-1030.2864,-2082.0735,-958.6605,-1766.2354
-994.9081,-599.3613,-440.1891,-64.4956,-1293.0258,-71.6651,-392.5361,-448.3327,17.2915,257.8581,184.7473,-188.1015,-423.2338,235.2038,331.4829,250.3990,53.4403,555.1929,201.6812
762.3389,557.2543,1133.3926,927.1347,475.7411,810.6009,1015.8324,458.4471,1227.1555,1069.3645,1457.3560,838.2664,1147.9567,913.3157,1496.2266,672.9868,1333.5536,802.0942,981.4037
1231.4479,603.7464,1286.5977,1015.8770,997.0601,582.1346,1102.5171,620.9567,931.7136,794.0045,1222.0300,808.8516,1211.1639,670.7468,1214.1110,539.0153,1211.2516,478.8957,752.4729
984.5474,390.4861,988.2994,852.8462,754.0267,395.4480,1059.6550,499.6281,1003.1362,598.1327,1099.4076,621.9229,1052.6707,686.5132,1179.3678,733.6758,1113.7209,775.2034,785.3257
1117.6158,550.6541,1143.2642,817.9516,873.0693,601.0545,1213.1344,472.7651,1361.4485,698.2164,1338.1039,766.9013,1275.5601,959.9194,1364.8787,851.0685,1279.3588,1139.8757,903.0386
1090.1824,555.9512,1073.8159,721.7154,945.2990,718.2794,869.6006,405.7198,816.4583,412.5385,1023.2104,690.9855,1099.3175,753.9889,850.2646,419.7185,1003.3904,884.9534,648.2569
644.0274,264.1283,703.3913,556.9498,702.2642,713.6761,486.1007,370.7366,312.2624,299.5247,681.2334,449.1223,747.1536,522.5220,479.0428,216.3554,746.7400,659.5552,618.9278
555.3788,95.3461,758.4073,487.4319,803.8370,778.7842,716.4505,455.0385,718.2832,688.8710,923.5090,490.8238,862.6022,726.8956,862.7274,527.9572,937.2350,860.5129,888.9886
707.6511,96.2318,815.5823,417.5112,976.7255,789.0978,810.2806,385.1427,800.9125,543.4929,856.6690,477.0072,827.3359,662.6789,861.8641,460.0612,797.9584,770.5980,665.8411
411.2943,149.8523,212.7730,203.8184,477.6637,627.7975,225.1905,104.3743,94.5398,-182.2496,159.4579,112.4178,231.9279,82.5979,164.8570,-99.6583,89.6126,83.9731,34.3849
-8.8216,258.6304,-336.7328,-30.2220,-124.2037,384.0420,-240.2300,-25.3130,-185.4880,-287.9283,-153.9708,-116.5237,-118.6537,-213.7733,-98.9440,-219.7250,-285.5606,-430.4050,-129.7255
35.3851,321.0774,-112.0567,-88.7556,-24.9030,254.7316,1.5309,158.4568,280.3075,273.1662,228.4581,67.4838,162.9768,95.0880,351.7608,275.1212,67.3056,-202.3631,327.7826
388.7838,360.1317,408.2248,43.7495,402.8441,404.8432,501.1549,437.3528,736.3437,600.0611,633.9321,337.3304,536.4234,510.0680,814.9139,659.8076,584.0890,309.8768,796.7821
721.9066,540.3632,646.8622,233.6626,575.6675,630.5330,686.4553,570.9270,872.4631,513.8776,729.9550,459.9941,655.6643,622.1339,934.4304,588.1451,747.7259,406.8563,822.3428
866.1345,720.8904,644.0120,340.2569,506.2350,519.8131,490.0641,512.0810,705.0941,325.1022,622.2718,432.6084,580.1356,430.6099,761.8784,335.6179,583.2682,130.1824,503.1587
731.6796,720.9160,595.6542,349.7600,368.4232,161.4974,241.7357,413.2591,373.0293,210.7952,487.4913,296.8836,448.0373,203.6786,541.4714,210.4931,443.3907,-19.0290,271.6971
546.1160,698.7464,616.2397,354.9613,307.4616,-14.4228,225.3327,419.1873,293.7324,258.6575,500.5281,207.8470,419.4204,162.8591,529.6299,250.2085,500.1585,40.0646,302.4473
570.7226,720.6099,675.4310,376.1397,361.9171,-2.4992,309.2015,444.5595,458.6020,321.6296,548.5695,238.2105,439.9512,172.2561,564.6326,291.4857,517.7900,33.6683,333.6459
646.4210,649.8383,602.8365,354.4006,340.5647,-49.3366,281.4955,379.5901,424.2207,238.7850,429.3753,238.4797,344.0483,73.3141,458.3037,236.9174,354.9608,-45.3419,237.4721
593.6183,561.1424,410.0917,306.1338,216.6109,-122.1460,239.1016,318.6714,237.8553,184.7789,300.7326,162.1711,246.6433,4.0487,413.4561,174.2594,216.1320,-49.0674,198.9255
501.1038,551.5463,273.5540,279.6428,206.3376,-132.0727,254.8731,316.4755,194.7268,216.1691,282.3371,124.2698,260.1975,18.1106,430.1971,164.5329,179.8988,-42.1822,243.7424
385.9504,500.3090,194.5967,249.7400,269.4353,-152.8729,215.1757,274.5298,191.9100,149.1548,198.0011,118.2548,234.4961,-16.3553,276.2608,143.5334,135.5878,-93.7440,224.5247
230.0725,415.4404,109.6478,206.7310,237.4268,-191.7345,150.7790,208.0905,130.9183,65.4070,78.4126,78.1926,150.2494,-71.1452,81.9166,87.9465,110.3085,-114.3175,158.1369
155.4461,409.6966,60.7953,184.5580,211.4678,-202.8511,170.8855,203.0211,120.9963,89.2062,85.3950,46.1420,125.4109,-66.7017,-5.6879,54.2118,113.2949,-97.1848,137.5464
131.9524,388.5821,27.6543,166.8373,276.2851,-210.6390,226.5945,191.2852,143.3613,66.8735,67.0502,43.1344,103.6948,-66.5111,-130.3625,50.8076,39.5200,-141.0155,149.0102
-9.5595,299.5186,-45.3156,132.0087,317.9811,-182.9670,256.3864,120.2924,179.3513,-12.3302,-101.6205,7.8004,55.8492,-102.3884,-245.9505,21.1917,-58.7460,-208.6821,149.7276
-182.2135,246.0053,-105.5061,91.8316,317.7731,-66.0393,257.5580,65.9440,246.0839,-31.7236,-234.9398,-71.4279,65.0841,-154.1153,-239.5369,-49.1318,-85.9653,-134.7871,116.4027
-200.4123,162.4419,-137.3469,7.5488,313.9238,65.4673,208.9308,1.2306,141.6589,-96.2436,-231.2710,-125.0056,66.5416,-206.0356,-273.6915,-106.7991,-134.9719,99.5049,47.3179
-146.8508,-46.7027,-199.2148,-144.7708,248.5502,117.2310,135.6136,-164.8165,-187.4665,-206.1557,-191.2232,-96.2001,-4.6274,-175.5957,-378.4945,-126.6623,-255.1716,258.3931,-25.1457
-172.7896,-240.8718,-254.7743,-282.0337,140.5505,78.8353,60.5446,-337.3943,-357.7708,-178.4831,-166.7120,-10.3520,-51.0295,-73.8146,-427.3497,-125.5752,-333.2017,186.0365,-98.9370
-234.7560,-365.7322,-257.9971,-385.0266,56.6735,-22.5944,-73.9670,-373.3372,-211.1920,-96.3396,-164.5788,56.3157,-88.8866,-45.0070,-530.9784,-101.6172,-335.2509,83.5668,-195.7674
-252.0813,-547.5768,-265.9049,-532.6308,-42.8726,-97.4125,-225.5841,-305.9656,-123.4651,-100.8326,-180.4006,86.5363,-200.9331,-58.4056,-686.0312,-84.9208,-328.9703,137.7370,-261.2675
-244.1386,-730.8104,-271.5428,-651.3038,-123.8676,-67.9086,-242.5404,-229.1698,-311.9587,-79.6354,-155.6178,119.4481,-256.3606,2.0557,-607.4416,-122.0050,-318.5432,193.7472,-223.2545
-220.6653,-741.8815,-193.0096,-581.7920,-69.6651,-6.1281,-126.2023,-179.0027,-546.0286,-43.4257,-98.9983,151.6497,-154.6114,62.9823,-348.4796,-181.7934,-271.1362,159.1962,-130.8369
-129.7768,-577.0190,-84.7318,-392.9531,38.7004,16.9354,-15.5790,-170.4439,-640.5551,-114.4910,-92.8767,170.8120,-45.2705,94.2000,-283.1013,-254.8976,-199.0027,210.3689,-95.2272
4.1736,-362.0546,-84.9835,-277.6003,51.6537,48.7223,23.9700,-173.9749,-620.4432,-142.8711,-136.0345,180.5632,-42.1541,144.4772,-478.5183,-333.3472,-147.9380,343.6317,-112.7514
19.6736,-284.1054,-198.8533,-268.0111,33.2898,75.5519,28.8140,-132.0791,-488.1343,-28.9807,-182.9709,126.9665,-89.8878,81.1190,-656.1724,-278.0459,-154.8967,379.6693,-79.2998
-147.7691,-413.3451,-328.9197,-266.2865,66.2446,80.4697,59.1484,-40.6956,-338.1418,10.3463,-231.7776,33.1261,-125.9607,-50.7152,-548.9421,-238.7671,-218.0232,408.7155,-23.3168
-323.3237,-483.2779,-466.8898,-204.0061,22.7704,186.9789,54.9133,66.3719,-459.8566,-109.9858,-317.1920,62.4953,-168.8215,61.0734,-303.6903,-701.4290,-352.7936,545.7449,-146.8432
-403.8010,-357.1988,-723.7836,-177.3337,-239.6113,311.5542,-182.5276,91.7151,-838.8032,-258.5432,-541.7020,120.8778,-353.9349,142.9218,-545.2490,-1315.5818,-604.1048,517.9303,-474.6404
-526.6813,-410.4540,-1112.3920,-407.6949,-622.8893,112.0955,-615.6549,-98.8973,-949.6071,-395.2679,-913.7739,-136.7352,-749.0974,-410.7262,-1350.1152,-966.0822,-868.8553,133.6184,-697.3500
-709.8460,-753.2940,-1397.2932,-807.4534,-840.3209,-302.9258,-832.7398,-357.1243,-548.7415,-431.2677,-1136.5897,-557.2265,-1049.6489,-1116.4827,-1660.0149,127.4798,-895.3705,-222.1137,-581.3549
-740.8198,-866.8413,-1348.9321,-889.9004,-731.3770,-368.2042,-605.9476,-284.2549,-98.8607,-213.8614,-957.8973,-558.1378,-905.7076,-933.5072,-872.2145,452.2329,-618.3753,-108.3941,-267.5975
-575.8124,-627.3813,-1061.9927,-530.1688,-478.9960,-42.3677,-226.5064,97.1033,29.2842,79.2645,-599.3863,-191.9257,-518.1284,-167.8739,17.6020,-119.7266,-269.9192,270.5776,-22.2775
-416.6427,-547.8768,-820.1713,-225.2778,-378.1309,140.0676,-82.0402,299.0324,21.3155,117.5446,-421.8890,-81.9768,-349.2212,45.3987,27.5255,-285.6181,-80.2182,382.3304,43.2677
-371.5581,-736.4324,-767.9524,-250.6158,-461.7824,36.2005,-218.4929,207.2026,54.6921,-49.7444,-441.1059,-285.9261,-445.0250,-282.8170,-417.9730,131.2617,-68.5538,205.4161,-18.7083
-393.0476,-841.6923,-858.0156,-355.0650,-563.8559,-46.1852,-392.1668,148.8515,36.9937,-184.9390,-506.5086,-381.9255,-554.1689,-370.6881,-582.1960,228.5221,-153.4551,160.4547,-129.1403
-487.7800,-821.4981,-989.6245,-389.2510,-650.0884,-48.5136,-459.9524,142.9240,-134.2239,-316.3618,-621.4869,-385.7265,-620.9423,-256.5448,-553.6563,-69.4616,-325.7576,265.5571,-341.2839
-707.0109,-797.8523,-1085.2654,-438.0334,-820.8593,-118.7612,-594.6790,-26.6711,-477.5415,-536.1502,-817.8853,-511.0961,-746.4260,-401.1109,-710.2068,-255.0044,-583.3886,154.6757,-682.1938
-928.5020,-730.6027,-1046.8538,-484.9899,-993.3284,-213.6099,-826.1194,-223.3869,-727.8207,-652.6541,-920.4514,-571.2948,-854.1165,-562.7866,-926.0058,-252.3321,-704.5571,-72.9661,-815.7778
-867.6364,-694.2349,-752.8100,-483.0859,-873.7952,-227.0750,-721.3721,-188.3461,-457.3538,-448.4689,-708.4494,-410.4521,-715.5613,-334.7774,-758.6663,-100.1323,-447.1234,21.5268,-432.3087
-492.5479,-779.1839,-295.3505,-442.2848,-433.6333,-161.2931,-165.7269,9.0206,52.9603,-112.1796,-318.7593,-259.1860,-348.7200,0.0813,-218.3168,133.2527,-57.8555,330.7879,78.3457
-182.8768,-824.2205,-30.3267,-338.5334,-79.1416,-49.4444,208.1579,166.5636,28.1996,-24.8981,-140.9747,-262.0851,-98.6428,25.6142,126.4143,132.2203,14.2421,410.3275,155.7851
-151.3512,-769.6786,-57.1833,-243.7614,-22.9997,36.5296,90.5606,211.5526,-335.2931,-160.0265,-195.9683,-289.2440,-105.8910,-100.5350,49.8786,-25.4164,-99.6171,305.9919,-1.9425
-109.9752,-756.1470,-18.7577,-268.0943,48.1792,35.9568,14.0229,181.2850,-169.1602,-133.9554,-119.8734,-258.0917,-73.9234,-57.3063,0.9262,124.0163,39.6115,337.4325,99.9661
147.4651,-725.2260,262.0271,-268.2130,336.9983,27.0416,307.1020,189.2277,429.6788,139.8285,166.6160,-173.8972,178.9062,106.9594,233.4684,458.1725,374.7054,481.4289,401.2258
401.6291,-564.4670,522.4048,-96.7348,591.1992,88.7450,641.7997,286.6544,784.4406,347.7045,401.1541,-26.2061,439.6093,206.7951,483.5656,531.8601,584.1017,554.7374,601.8225
459.8174,-420.9825,606.4884,50.3193,635.8039,153.7748,753.9448,349.6824,887.6449,317.6404,501.5146,130.2655,537.4013,232.3553,585.9621,446.2659,634.3960,550.0397,657.6024
381.5177,-398.7751,613.2318,1.2966,584.3885,151.6932,687.3699,292.0616,902.5898,199.5098,541.9691,211.3516,526.8332,224.7608,579.2200,410.8123,588.2749,505.0049,601.1405
291.4593,-370.2511,555.5179,-80.7937,492.3774,106.1448,529.1888,211.6665,708.9097,166.4651,483.9506,231.5168,444.6642,187.1214,465.5258,316.6549,467.0132,418.3793,478.9376
327.2127,-265.2373,428.2708,-44.4897,353.4205,57.4459,399.7427,187.4715,537.3453,223.0085,358.0469,244.6858,317.3024,178.0411,354.8677,223.1451,424.2504,334.4972,428.1820
491.0631,-154.7238,363.3404,37.0957,258.1621,23.5056,358.8362,163.8539,621.7883,237.8554,338.1609,264.1095,250.4195,222.2030,353.2720,276.1710,517.8867,290.1991,433.6201
548.6423,-113.7586,408.3397,67.8357,238.6264,-21.2305,312.5773,67.2277,560.5453,125.1936,452.5546,275.8707,274.0060,203.7172,327.6575,341.8404,561.5044,251.7500,347.5884
427.9683,-186.3479,462.8033,23.2775,224.8883,-124.4198,248.3634,-115.4462,201.6382,-18.0255,547.5612,227.2390,298.6107,57.9595,233.8056,401.5917,490.3440,167.7704,226.1785
354.3297,-319.5556,463.0878,-69.4930,202.6980,-241.7204,239.9162,-307.7820,71.3128,-91.2456,522.1216,97.8207,266.8654,-86.0152,222.6686,605.1671,426.5195,50.6921,209.8923
374.8092,-369.6086,410.6966,-128.9013,196.6592,-275.7491,238.4901,-381.9942,260.2195,-142.1794,428.2764,1.3239,209.2132,-111.4121,251.9286,776.6400,392.3990,2.0544,245.7531
337.0941,-281.1447,359.8376,-108.8643,219.3495,-223.6396,211.4192,-318.4473,278.5628,-186.4936,396.3154,26.5112,190.7861,-93.5836,198.5380,694.6454,350.2805,57.4527,241.5062
290.7553,-120.1347,411.6302,-37.0698,298.4420,-119.8715,227.8245,-226.8755,98.3933,-171.4268,462.3141,77.9552,236.2228,-143.4747,164.8279,530.9031,317.3104,79.8681,211.9623
341.6920,17.9518,556.3900,50.5733,411.5423,13.7397,269.7804,-185.9060,76.7113,-140.3529,520.3144,74.4994,307.8796,-209.4037,228.8821,455.0865,286.7146,14.9921,178.7840
393.8922,31.6752,647.3995,86.0100,479.5543,62.6580,289.0013,-201.4343,193.6933,-128.2326,519.7282,86.1242,381.6767,-179.1546,307.1004,408.0773,255.4451,14.5436,159.8848
369.3251,-77.1915,609.8765,9.7049,476.9566,-41.1233,317.1718,-241.5260,251.5636,-69.2537,509.8393,136.0582,439.6020,-83.5318,358.4862,389.6369,237.0122,105.0435,184.1343
307.9109,-161.4389,499.9254,-90.1669,425.3625,-119.9615,338.4027,-227.5665,298.0880,12.5982,474.1515,146.0014,409.1396,-35.1588,335.1042,411.7841,182.1105,131.7891,230.0719
222.7230,-153.8215,383.6143,-102.3828,350.3700,-32.6582,329.4707,-138.1470,358.6504,31.3101,395.0688,115.1698,292.9553,-48.2907,175.3323,390.2527,90.7540,93.9074,265.2824
147.8767,-114.5447,283.6447,-80.5150,298.3444,69.4653,346.7157,-73.0519,268.4018,36.6640,349.4375,113.9516,222.7769,-73.0430,17.9400,327.4614,56.8430,91.5296,288.0244
150.3282,-27.0257,195.5302,-82.9278,271.2393,51.8412,369.0512,-77.2042,34.9292,90.9702,336.7743,160.6892,230.3072,-93.7264,32.7917,257.9218,70.6830,84.9725,281.7653
217.7878,150.2163,139.0332,-56.9098,218.6687,4.5283,335.8103,-89.2231,-65.1776,132.6028,286.9943,224.6849,217.3043,-86.2050,138.9362,155.4415,57.4378,40.3398,242.1785
338.0784,354.2769,166.3143,-14.9623,160.3627,-3.4663,306.0300,-115.5588,54.6130,101.1214,253.1081,252.1794,178.2522,-23.4605,191.4485,111.0848,51.0655,17.8571,198.0621
544.3363,556.6923,252.2361,-17.2632,145.3772,-1.8727,293.4989,-189.7698,134.6428,-8.4334,287.5943,230.4534,164.0370,57.9569,182.1031,190.5735,78.9558,14.2894,151.5524
790.7988,793.5379,313.0530,-1.0087,145.3789,17.0693,228.6884,-235.1673,46.9270,-145.7217,310.9130,262.9706,150.5346,124.0667,157.8989,189.0529,103.3486,22.0073,100.2462
998.9955,1027.1675,372.0268,82.0390,141.0660,33.1316,172.9030,-218.9515,-38.3618,-187.9565,294.1621,392.9672,134.6887,178.1033,157.6872,2.4043,153.1855,95.8403,64.9007
1158.4060,1198.1129,487.2128,137.7550,156.9665,-21.2849,189.0276,-246.9607,-62.5687,-131.4723,287.7515,466.6643,145.0122,176.3062,157.3237,-120.4748,251.3183,199.1597,38.1964
1272.3345,1264.1261,588.7296,139.4221,184.2423,-94.2969,192.4396,-335.5320,-102.3192,-147.8179,277.2319,424.1486,150.9858,94.1089,83.7952,-50.4223,335.1984,265.9089,21.8388
1350.3677,1136.5233,602.4432,188.9162,230.7847,-71.5165,178.1194,-347.6682,-69.3189,-238.9854,246.7658,420.1710,155.4548,36.7854,-0.8422,12.6615,384.8093,333.4740,52.2047
1373.3096,835.8433,566.2336,289.2540,320.8645,37.3836,209.3612,-231.3241,81.6905,-203.2982,221.8069,452.2108,210.5247,96.3590,32.1118,-40.6262,411.7879,366.8896,102.7838
1222.1512,558.1591,522.6750,346.6869,387.1810,158.8952,210.3808,-85.4481,150.4449,-58.4115,180.4590,333.4884,267.0255,212.7656,106.5472,-93.3015,396.5164,256.7153,120.2729
904.2411,388.2600,480.7384,370.6877,370.6323,253.1797,136.4271,15.2992,41.9760,-30.5134,108.8157,105.8167,241.0200,287.5576,78.1742,-82.4457,386.6351,77.8740,136.0351
671.5226,252.8735,438.1522,424.2345,334.2997,278.4118,72.0400,96.4714,-99.0926,-116.0888,29.3694,-27.7853,160.6764,289.4073,4.8999,-71.5347,425.9857,-24.6835,179.9015
594.8831,161.2346,345.7054,472.6366,317.8772,230.5249,23.6302,192.0160,-148.5064,-84.1619,-85.2331,-71.8350,87.0319,230.4725,-2.5638,-105.3091,428.0427,-78.9364,214.6701
424.0974,139.8087,190.7555,464.8971,285.4466,175.8137,-33.1724,266.6490,-79.0869,109.9643,-215.1242,-125.0612,54.4537,150.9395,29.9824,-159.3454,356.7825,-135.4502,215.8430
74.0747,109.0294,56.1795,433.1220,234.2045,139.8907,-57.6333,262.6039,-2.9041,223.1862,-254.8362,-166.9656,89.8149,89.7096,29.5174,-197.2581,284.9067,-159.9727,158.9341
-268.5941,51.8076,-26.0197,400.7132,161.4168,91.4030,-89.2559,197.7851,-114.9876,99.9008,-236.3752,-192.3234,131.9306,47.3477,-18.0414,-224.8318,198.0610,-172.6390,37.0092
-519.4259,19.5760,-95.2431,337.9165,59.4074,39.1858,-148.6201,146.6850,-272.1763,-59.2064,-289.8522,-243.5652,78.1274,12.2790,-43.6090,-261.5600,73.7418,-210.1255,-44.2788
-722.9075,-18.1923,-150.6431,251.9082,-5.8810,7.3664,-116.9086,132.8288,-107.7862,-18.6598,-382.7334,-283.6736,-35.5163,-21.9945,19.9072,-286.6589,-3.5984,-234.3158,-22.5457
-874.1901,-57.4384,-219.1178,170.7579,-11.9690,-11.4356,-19.1215,123.4152,223.3128,100.6524,-418.6310,-278.4430,-101.1323,-54.5643,87.5233,-280.6246,-43.1839,-228.4132,-15.7176
-954.5099,-28.1509,-356.4547,61.4893,-48.0162,-13.3423,-31.0801,102.1797,229.6017,84.1272,-418.0392,-270.5104,-115.8579,-61.6602,25.9850,-262.6399,-142.2692,-214.5508,-86.9901
-965.6915,-17.0760,-488.8554,-82.6635,-136.1323,-4.1087,-137.3307,79.9371,-52.4966,1.9114,-402.9884,-272.7661,-139.7048,-49.0820,-125.4545,-240.8272,-262.4002,-198.0153,-157.2405
-940.5026,-164.2422,-518.9698,-171.3215,-221.5255,-28.7417,-239.2305,66.3318,-241.7781,-14.2770,-361.4392,-271.7536,-202.3941,-70.2013,-245.6097,-219.1728,-333.3477,-203.8811,-219.4970
-961.0719,-374.1133,-503.7020,-172.3311,-303.5094,-85.7294,-359.9322,61.8004,-288.7851,-11.1474,-337.1458,-284.1738,-288.3223,-114.0044,-297.8165,-227.7165,-380.5290,-232.1082,-289.0504
-1009.5040,-469.3249,-505.7169,-177.8660,-365.3673,-114.5952,-455.8132,64.6535,-329.2480,-25.9038,-348.9528,-293.7013,-334.4275,-115.2513,-298.3057,-248.1420,-398.2915,-222.7694,-277.6815
-977.3140,-467.1902,-507.6022,-230.8093,-368.9312,-102.9941,-450.4677,83.1324,-374.5871,-26.9819,-356.6007,-278.8395,-314.0289,-94.8334,-295.8463,-222.0044,-395.9899,-195.2432,-191.0068
-933.4597,-474.4590,-532.7063,-272.7565,-367.8770,-80.7159,-423.4660,125.1983,-404.1180,-20.8072,-356.0034,-277.5524,-285.4485,-101.9117,-318.8124,-191.5349,-460.0072,-214.2876,-152.3573
-1002.4478,-509.6896,-574.5067,-272.1519,-387.4031,-47.7584,-401.4135,184.1290,-365.4162,29.5561,-345.5739,-283.8140,-266.4348,-102.0101,-291.2589,-254.3511,-545.7656,-215.2545,-153.8019
-1058.5720,-539.5974,-551.2955,-249.0283,-364.4401,-14.0073,-308.9452,249.9575,-209.4522,159.8676,-308.6945,-248.6443,-229.0064,-75.5478,-207.4171,-371.3628,-533.6891,-148.9619,-127.2142
-972.8185,-538.4007,-497.1934,-229.3083,-339.7665,-11.9721,-235.3200,288.2413,-49.9306,249.3918,-285.0628,-217.2500,-228.8180,-57.0283,-206.8337,-410.7792,-500.0866,-123.2152,-126.4379
-853.1769,-488.4637,-510.8063,-236.4750,-385.7891,-17.6973,-277.8837,238.4853,13.0243,219.4120,-285.6437,-226.2001,-303.4990,-45.6899,-275.2629,-355.4015,-539.9413,-157.9162,-182.1752
-764.2872,-410.7967,-547.5216,-246.5025,-418.8859,15.0383,-314.9016,134.2200,51.8557,190.3988,-251.1121,-189.0152,-354.8250,-48.0752,-262.5496,-309.2045,-550.2512,-122.4021,-220.4504
-671.9227,-382.0730,-555.4700,-210.9169,-389.1801,53.3813,-264.6864,113.2248,85.3105,223.6559,-207.5184,-91.6415,-322.5259,-85.3094,-210.1829,-332.5600,-487.5743,-28.6542,-209.4283
-659.2872,-445.5870,-602.8259,-178.5237,-382.2875,40.4938,-190.5806,187.7258,55.2639,240.4312,-231.3660,-42.6998,-269.7081,-95.5150,-203.0071,-381.4962,-469.9315,-22.9430,-178.4679
-737.8944,-511.8730,-693.2620,-227.3328,-403.1350,-7.9695,-118.8883,210.5243,17.1710,231.2007,-281.7135,-37.6844,-233.7957,-52.1981,-152.7986,-392.7372,-506.7560,-115.0371,-160.8181
-723.9780,-466.2740,-734.1654,-293.0896,-411.1665,-55.4374,-96.6304,148.8136,24.4507,226.5641,-288.4763,9.9892,-216.2768,-59.5202,-67.9242,-355.4190,-496.8352,-205.3993,-197.6408
-590.5900,-359.7258,-702.7485,-281.5313,-463.8119,-108.9642,-191.8045,105.9979,22.4219,192.7647,-264.3883,55.5690,-249.7649,-122.0987,-89.8294,-298.0845,-449.3329,-266.6758,-286.5412
-500.8784,-309.6675,-642.3384,-245.5096,-558.2878,-175.1766,-322.7968,79.8973,-17.0276,125.2077,-235.1194,25.6667,-317.6245,-118.2569,-173.0927,-258.9110,-450.1895,-326.7260,-382.4444
-467.4819,-289.0175,-594.2236,-252.3498,-599.7658,-225.5484,-395.7251,8.5973,-78.9312,60.3303,-223.5769,-19.5216,-345.0167,-77.8267,-174.7720,-267.7871,-508.3792,-371.0479,-475.8201
-417.9924,-231.8542,-570.9703,-250.2084,-582.6735,-229.9925,-429.5098,-51.2100,-126.4794,14.4205,-227.8147,-13.2631,-310.1643,-102.5130,-100.1927,-306.1609,-547.8760,-350.1744,-540.9689
-398.8823,-180.4187,-515.7494,-208.4413,-537.4009,-193.6709,-401.0788,-48.9643,-99.7000,9.7049,-168.5135,-0.9303,-246.6029,-127.6433,-20.2682,-305.3934,-514.8713,-285.2704,-527.4706
-425.5560,-147.7292,-416.7708,-191.7295,-464.2187,-165.1542,-327.7224,-54.9214,-86.4169,29.3310,-56.1088,-48.2865,-193.6807,-94.4970,-12.0496,-235.2542,-462.8470,-289.4231,-490.5478
-419.9097,-70.1477,-392.9062,-219.1559,-424.2324,-188.3391,-344.0595,-98.3564,-225.8860,7.9312,-51.1038,-135.7373,-185.2836,-83.7903,-117.6718,-152.1756,-455.6004,-377.1555,-500.4843
-376.7689,32.2118,-458.6269,-231.3923,-431.7420,-231.9667,-406.7563,-115.6145,-351.0279,-37.2171,-164.7738,-176.1694,-214.1299,-120.0599,-206.5060,-127.2352,-447.8792,-402.1926,-490.5815
-351.2228,72.2634,-458.6504,-218.8999,-390.8593,-235.6549,-360.8231,-98.4383,-249.9982,-50.1794,-228.7336,-134.6738,-243.7842,-145.5907,-165.0547,-164.3917,-402.6096,-322.8984,-427.1115
-349.0450,29.7217,-377.6472,-226.0011,-320.8243,-214.3889,-300.4066,-103.4522,-128.0013,-63.2648,-215.3761,-87.6746,-265.8296,-148.4517,-117.2352,-209.1565,-377.2726,-262.9194,-406.4051
-344.0564,-59.1769,-351.4275,-250.9937,-335.3805,-224.7404,-342.7504,-142.6427,-223.7474,-90.8742,-216.5853,-103.5247,-289.9912,-129.8742,-156.1227,-220.5492,-396.4130,-252.9354,-456.3586
-316.9074,-108.7382,-400.9840,-253.2770,-418.4123,-252.9471,-388.8705,-181.2207,-392.6104,-104.0711,-250.0394,-151.2018,-348.1066,-128.3519,-230.6983,-223.4591,-451.6136,-238.3807,-532.2841
-308.7750,-47.2339,-493.7105,-236.7980,-535.4285,-267.2025,-452.4985,-207.8897,-501.8893,-162.0444,-350.5025,-198.6507,-503.0014,-246.6819,-392.0914,-272.1240,-580.7606,-276.1267,-667.7128
-421.8999,9.5178,-646.3509,-246.9144,-723.9112,-327.9083,-646.8690,-264.8329,-650.2936,-298.9854,-548.0903,-260.7820,-727.1964,-447.0895,-649.8629,-374.7617,-737.8279,-410.0684,-868.7456
-623.1146,-81.8066,-772.2302,-287.4645,-905.3002,-473.1773,-837.2679,-374.1558,-822.2564,-409.9300,-701.2026,-316.1105,-870.1065,-538.5192,-789.2141,-475.2934,-790.9047,-522.6181,-1023.0003
-708.2330,-188.0360,-756.7033,-306.7722,-960.2593,-579.3511,-873.7775,-446.3497,-874.2584,-440.9883,-689.5255,-338.4145,-856.7579,-486.1811,-730.8259,-505.7557,-749.0766,-523.5921,-1046.4073
-619.8958,-149.6635,-660.3488,-281.2492,-918.8951,-537.6342,-830.4166,-391.6145,-784.7324,-422.2930,-592.4077,-365.0970,-743.8762,-416.8617,-621.5461,-452.7010,-687.7027,-466.2409,-929.7014
-507.2726,-89.5691,-543.5858,-241.9597,-796.3922,-434.0080,-699.1310,-275.2372,-585.4433,-303.3344,-443.2667,-381.3174,-560.4517,-343.8479,-461.6889,-341.9115,-539.6448,-385.7507,-684.8842
-401.7408,-94.3638,-351.2455,-198.5245,-561.5569,-365.9114,-423.4234,-185.8592,-323.5263,-87.0555,-197.3940,-294.2214,-335.0536,-219.9146,-211.0303,-176.1236,-300.4819,-248.6611,-433.7647
-241.0699,-25.6095,-178.2392,-122.5997,-381.1869,-286.5123,-233.0750,-102.7183,-193.9666,27.4632,-24.3392,-147.3997,-219.8834,-138.2554,-79.4290,-16.5603,-196.2755,-104.7739,-390.7182
-162.4605,104.8597,-230.7427,-38.8950,-449.2229,-200.4107,-347.6126,-56.8446,-355.5455,-89.3407,-145.7633,-129.2798,-329.0982,-216.7751,-222.3418,-62.4679,-339.1484,-105.0488,-597.1689
-303.3023,88.5138,-422.9991,-28.4456,-626.1503,-243.4936,-563.6634,-151.0072,-611.8497,-290.5459,-392.1285,-271.5969,-513.9346,-396.8867,-433.7741,-367.6888,-485.1456,-275.2765,-796.8518
-437.8206,-72.5068,-429.2502,-78.4785,-620.9578,-399.1959,-550.9114,-305.8795,-591.5208,-339.5399,-368.8680,-377.0121,-502.0048,-488.5403,-401.6195,-586.0456,-362.6080,-387.4788,-711.6633
-272.2370,-146.1402,-155.5804,-51.7292,-376.6682,-424.8885,-290.0159,-312.6320,-252.5116,-168.8641,-26.3471,-312.7183,-242.5349,-375.6535,-78.0320,-399.9190,-53.0807,-246.9484,-400.7259
56.8483,-36.4602,150.7077,82.3379,-84.0959,-229.6766,-24.6169,-164.9153,73.8503,51.4211,291.9300,-182.2341,34.5547,-155.8354,251.3295,-31.2807,142.4530,-12.4179,-162.3011
202.3015,100.6916,265.8218,150.7677,73.1123,-38.1140,85.3276,-36.9839,198.2535,126.0617,360.0838,-148.4304,151.2164,-28.9974,317.3187,101.8108,128.5925,47.2597,-89.0627
118.9255,103.7127,228.9964,70.1917,112.4263,-24.4091,134.7198,1.6337,252.8007,91.6384,303.6864,-207.0558,186.6820,-38.8726,250.6162,-9.3419,74.2130,-33.1954,-35.5237
2.1373,23.9159,166.6739,-23.9058,151.0462,-95.0254,220.9904,-16.2424,273.2759,60.1548,276.3365,-241.8373,240.9467,-82.2061,294.6289,-109.1905,65.1417,-85.6004,7.8408
-48.8236,-24.0684,79.5724,-76.7569,165.0725,-153.2185,233.1880,-98.0190,152.5719,-23.6484,237.1551,-238.9660,249.2236,-128.3909,338.4872,-130.6653,18.3135,-132.4452,-55.5533
-38.8418,-86.0461,-46.8682,-163.6029,83.8443,-219.9859,135.1578,-202.9054,42.7390,-147.2112,150.2665,-266.0551,178.1608,-178.5086,233.3472,-153.7320,-62.1762,-212.6014,-135.3035
12.1792,-206.0271,-116.2953,-235.7391,-3.0241,-260.0792,90.9233,-218.9015,136.1157,-137.9271,88.4530,-307.4331,117.3189,-158.5383,147.5923,-190.0366,-97.7633,-252.7371,-132.1162
32.0297,-289.6729,-91.6270,-251.2831,-41.0066,-256.9839,89.8397,-192.4480,205.8187,-76.5102,71.9183,-340.2569,81.1618,-117.3865,163.5532,-234.5635,-121.4601,-306.6514,-167.5066
-17.4982,-335.3617,-73.1240,-321.9122,-137.6906,-323.6210,-36.6255,-278.3431,42.4487,-202.5386,59.0656,-417.4390,0.6169,-230.1781,120.7807,-296.8539,-158.5811,-462.1869,-301.7567
-55.1511,-419.8148,-93.6544,-394.1208,-279.1887,-438.4710,-203.5956,-394.4711,-90.4930,-367.8373,40.7189,-493.3435,-104.7873,-422.1705,26.6881,-324.1748,-146.2510,-547.6229,-389.9854
-45.4663,-437.8560,-93.4355,-300.3983,-324.1801,-420.8441,-224.7421,-348.8484,0.1490,-307.8204,7.9441,-451.9780,-159.7959,-431.7889,0.7812,-296.1409,-114.3189,-436.1791,-367.1598
-51.3288,-302.3947,-83.1112,-205.8988,-292.3271,-305.5169,-168.7826,-237.8030,54.4927,-198.4854,-31.4315,-362.9841,-146.2085,-286.9551,-38.6267,-304.7594,-151.5288,-351.2488,-310.3860
-68.3673,-185.1834,-95.4007,-332.4914,-265.4204,-279.4768,-158.5754,-256.7525,-103.2504,-280.0248,-7.9261,-378.5150,-86.4404,-235.3487,-142.2052,-393.9507,-211.0434,-445.2845,-250.0020
-55.3555,-218.4000,-95.6162,-494.6611,-207.1047,-319.7470,-167.1131,-331.3145,-266.2787,-416.2201,82.1793,-470.0850,-17.9451,-313.1226,-171.9622,-483.0021,-213.8036,-539.4410,-184.9843
-46.7381,-313.9076,-78.4487,-503.5079,-128.6543,-320.3799,-172.8701,-325.5377,-253.7018,-445.4553,143.1468,-531.5881,31.6514,-387.8221,-112.1641,-504.9315,-192.1833,-520.5637,-135.9542
-43.0738,-390.1597,-74.1594,-489.0111,-106.6562,-313.1705,-181.0863,-284.3747,-156.6036,-417.4368,148.8959,-540.4097,77.4348,-411.7067,-94.3766,-464.1822,-186.4644,-486.0747,-84.1674
6.1758,-432.7463,-63.1842,-512.0129,-111.7435,-318.4977,-160.5393,-264.5952,-132.8625,-399.0573,140.2348,-516.2772,105.8835,-402.8524,-126.4098,-408.3261,-185.5293,-477.3436,-21.8281
57.8694,-436.0321,-46.6653,-493.7542,-103.5672,-312.6644,-129.9659,-273.8271,-191.1915,-452.2683,109.5687,-510.6830,57.5734,-397.6151,-132.5209,-421.3720,-168.0301,-475.1388,3.3130
58.9188,-456.7991,-68.8605,-478.5803,-115.0715,-338.5913,-124.2744,-349.7990,-221.5334,-604.7500,69.6109,-562.9997,-33.6831,-449.0377,-107.5935,-527.5497,-98.4650,-508.6928,-10.3948
57.7582,-519.3967,-95.7632,-489.6750,-132.7218,-400.6763,-121.5380,-457.7689,-185.9414,-720.5712,73.1034,-612.9112,-61.8980,-537.2560,-79.8325,-638.7605,9.0670,-565.3994,-25.4283
60.2945,-523.5927,-64.2655,-443.9374,-139.3947,-431.1926,-135.6968,-503.7458,-148.7328,-701.0278,94.9710,-602.2140,-28.2287,-581.2330,-66.0014,-687.8954,68.9641,-585.2424,-50.4398
25.0194,-434.7031,-10.0885,-381.7442,-163.0030,-429.5122,-174.5641,-509.2460,-111.0741,-662.5181,89.4803,-559.1782,-5.3351,-568.3857,-62.7109,-689.7238,79.6283,-563.0703,-70.8101
16.1271,-361.5770,21.7486,-395.3819,-146.8758,-426.4023,-141.7722,-533.1451,-33.9328,-694.9505,90.7008,-509.0627,-3.8461,-556.3741,-49.2161,-670.6096,118.8109,-539.5135,-26.6727
80.3257,-364.4937,59.2134,-435.1389,-58.1853,-414.0717,-28.1337,-539.3474,10.2803,-734.5283,114.7018,-480.3889,-17.5209,-577.2531,-49.9180,-662.9435,164.1843,-546.4147,52.7238
128.3689,-408.1105,101.2725,-441.8509,-40.6371,-417.4018,6.3446,-521.6416,-79.8668,-741.3104,123.0834,-510.9118,-60.3694,-601.6873,-109.0324,-684.4200,151.1212,-565.5068,61.5388
133.3287,-444.3784,109.3045,-424.6423,-119.5684,-444.7419,-83.3830,-530.3315,-275.7401,-730.1263,120.3050,-518.6649,-103.5951,-569.7823,-185.2156,-685.1302,118.3525,-529.4123,-13.2493
167.6094,-420.5527,115.5962,-370.0010,-68.2739,-424.4427,-146.7010,-525.3533,-416.1944,-684.8158,134.5830,-411.8448,-104.0878,-471.0801,-196.6855,-635.5280,127.4370,-429.5675,-74.3253
196.5136,-349.2773,168.0399,-281.9680,155.7495,-342.9446,-109.5388,-445.7176,-345.7638,-598.4462,152.6125,-291.1973,-71.6427,-368.6990,-139.9275,-580.8107,177.6299,-334.6477,-63.0070
144.0592,-322.2273,206.8309,-196.9883,293.3999,-266.5056,-72.6571,-344.6992,-157.3300,-511.6232,144.3549,-245.9217,-39.0544,-290.4951,-87.0677,-525.7573,231.6949,-264.6505,-29.3925
75.2933,-324.7167,149.9038,-124.6587,245.9897,-203.0725,-114.1660,-280.9085,-121.0646,-466.4785,92.9024,-193.0649,-18.5118,-201.5670,-98.4236,-442.3716,229.6547,-204.9713,-24.4585
66.4194,-250.2166,50.4151,-87.2747,188.6340,-137.9929,-156.3106,-223.4813,-197.8607,-444.5191,32.5553,-133.1800,0.7186,-124.2246,-138.3376,-374.4825,174.7449,-173.3293,-0.3640
62.0666,-145.4516,37.3160,-77.2957,207.5031,-92.2577,-106.7243,-142.4029,-102.5400,-366.4533,40.1739,-168.5593,27.0290,-116.5128,-120.8078,-348.0631,175.2618,-143.7002,84.1818
13.2071,-143.5808,125.1497,-19.9134,205.4054,-59.2991,-45.4277,-67.8395,72.6629,-225.3042,92.5131,-238.9977,25.2297,-148.8370,-70.5761,-311.4103,249.7718,-96.8904,147.9187
-14.0489,-208.7946,193.1332,33.1397,125.7159,-62.7083,-84.9258,-58.8415,40.1424,-140.7324,72.0744,-248.3152,-42.3337,-175.4366,-78.4563,-272.8185,265.4727,-133.7673,117.3697
39.3106,-230.3260,153.4781,-58.3815,21.8975,-177.4062,-149.4117,-142.8259,-62.4584,-172.0596,-8.7166,-269.1577,-133.5241,-228.7973,-119.0827,-287.7629,174.4041,-282.9510,44.3809
103.7942,-232.5656,45.3973,-213.4673,-60.4167,-346.1873,-162.2510,-257.5807,-26.1058,-250.2169,-31.0999,-335.9364,-186.7634,-309.1972,-142.1629,-332.2055,61.8048,-389.2658,-26.2122
80.9341,-272.9673,-45.6716,-268.3124,-132.7972,-422.9151,-221.7064,-321.5871,-18.7554,-339.2961,-3.2661,-360.6704,-211.8280,-345.7825,-185.9774,-387.5286,-20.9574,-392.7927,-119.3174
16.3129,-302.3023,-82.6343,-280.3535,-196.1936,-420.7185,-330.0594,-353.3876,-106.7948,-437.5934,-8.5696,-345.5529,-228.6199,-336.3132,-219.6037,-487.2023,-53.0901,-395.9250,-198.7950
21.8230,-276.5149,-84.0010,-314.0302,-212.3098,-424.5246,-332.4524,-392.0942,-113.0553,-491.8373,-35.3787,-343.7424,-218.4498,-340.0076,-176.7464,-562.9135,-12.8271,-408.4122,-181.5495
68.9041,-248.0604,-87.0003,-285.8728,-173.7879,-395.9550,-254.5275,-390.0594,-111.8537,-495.9923,-44.7614,-315.1834,-182.0045,-343.5414,-157.8497,-507.9928,43.7063,-365.9516,-88.7578
64.7347,-253.8658,-109.8653,-222.7044,-131.0408,-309.8833,-242.0278,-332.6745,-253.4219,-509.2720,-41.8757,-255.2454,-141.5309,-306.6749,-228.5641,-404.6581,43.0458,-299.8125,-25.1354
40.7525,-260.8520,-135.2062,-236.2570,-118.3928,-253.5166,-245.4087,-310.5296,-370.8842,-533.4196,-14.9906,-242.4441,-96.2252,-266.0869,-226.3004,-405.8201,-3.1670,-270.8740,-39.4835
54.6708,-269.2955,-134.0027,-291.8714,-115.7017,-264.1060,-174.5959,-357.4468,-345.2944,-553.6043,49.1282,-272.1403,-35.2672,-256.8731,-88.6374,-470.9680,-65.1683,-290.8176,-90.1894
70.5191,-303.1837,-108.1767,-323.2684,-88.6547,-281.1178,-102.9582,-387.3586,-313.4262,-582.8351,118.8592,-270.2466,45.3236,-232.4959,4.9017,-459.9494,-117.6537,-325.9073,-111.0175
71.7481,-307.3078,-94.8439,-331.2791,-30.0486,-257.4836,-71.5475,-343.3273,-315.1419,-574.8464,153.4361,-233.2363,138.2889,-160.0674,-12.1602,-373.4641,-101.6210,-299.5790,-76.4391
85.2598,-253.4298,-105.6111,-288.3322,28.3953,-201.2066,-20.3517,-267.0715,-280.5347,-503.5803,143.2832,-207.2093,217.0272,-98.3780,-17.5831,-324.8846,-20.4606,-224.1101,-4.2564
93.8762,-246.0545,-83.1116,-222.9592,60.3792,-164.6759,55.5449,-225.1817,-209.6640,-463.7832,141.4461,-222.3123,271.1478,-113.6152,30.9428,-356.8507,39.4422,-219.0388,80.2391
95.2102,-316.1021,10.1377,-236.1968,90.9839,-191.4612,129.9788,-248.1504,-91.7563,-498.3505,214.0283,-289.1319,308.3095,-188.8210,72.3588,-403.8394,50.0333,-260.5101,139.5475
111.7281,-332.5874,94.1197,-292.4550,134.8432,-247.3949,195.9204,-304.0942,28.3940,-516.3594,295.3783,-372.4388,298.0322,-260.7834,76.7702,-412.7469,43.8605,-228.6247,142.3542
96.7066,-271.8528,84.6867,-288.4950,153.8862,-277.9896,225.5905,-314.8999,23.0670,-470.7080,263.1404,-401.8799,223.5205,-299.1440,69.4427,-404.7919,30.3410,-182.6708,134.8437
33.6743,-252.7770,39.5803,-264.1487,144.7965,-280.7112,236.5834,-251.8053,-31.0748,-405.3967,171.7435,-363.1895,148.8510,-315.7520,101.8172,-399.4740,29.0000,-195.6636,187.1203
16.0559,-278.6051,46.9085,-285.2238,144.6073,-260.8240,282.6196,-186.0176,50.4806,-358.6153,143.7742,-325.9243,103.0520,-327.3481,158.8259,-382.5995,54.1710,-197.9859,270.3260
59.1203,-288.3405,71.6396,-328.3409,132.2688,-236.4275,324.6365,-184.3394,191.7960,-337.9901,131.8663,-350.4825,19.4168,-344.1012,141.0002,-367.2581,59.5155,-229.6933,317.7715
74.1664,-319.0795,53.5450,-366.7976,75.9619,-261.5961,314.5933,-210.9032,244.3498,-311.2844,73.4574,-405.6128,-110.0916,-374.0399,55.5317,-370.1772,40.9183,-333.2853,332.8910
76.8387,-350.6514,35.2553,-364.0054,15.6092,-324.5638,303.3818,-204.5820,236.6608,-257.4654,55.1459,-415.0869,-199.7996,-404.7347,31.1875,-360.1492,70.2565,-340.6022,329.9192
127.5571,-286.1142,70.3847,-306.4774,-20.7006,-350.7644,301.4206,-186.3670,177.3399,-243.7433,110.5460,-365.3776,-225.7396,-400.8310,71.6048,-331.6360,124.2316,-371.0612,297.9034
161.5301,-197.7916,110.0184,-301.1722,-47.3026,-348.1266,262.0859,-201.3018,71.1617,-291.9939,147.1355,-307.1772,-230.9951,-351.4658,77.4196,-327.1436,87.6019,-868.1987,263.5020
119.4545,-233.2720,78.9753,-399.2901,-38.7354,-366.8367,235.7404,-223.8427,59.2093,-298.0007,144.0064,-279.3901,-210.5588,-300.4031,62.5899,-342.1975,-35.7482,-1619.5968,254.1577
53.6712,-335.4404,-2.6529,-473.7090,18.4266,-387.6716,280.7525,-213.3492,149.1704,-250.7778,147.3891,-294.3652,-143.3245,-295.2749,88.0377,-354.6328,-120.8064,-1850.7849,244.0865
0.2439,-363.0203,-59.1112,-464.3829,61.8663,-398.0252,325.6436,-190.4019,161.9602,-253.9209,139.2520,-337.4219,-71.6001,-318.1072,135.5379,-394.8464,-107.9367,-1529.8519,220.8855
-40.5793,-315.9990,-80.8280,-435.5712,62.8902,-419.5853,293.9971,-187.2262,84.7591,-281.5944,101.7465,-352.9011,-48.6124,-306.6810,167.1032,-444.7606,-44.1354,-1287.1473,197.4886
-28.2001,-255.2750,-96.1857,-372.7471,65.0559,-422.7657,200.8463,-199.7371,29.4341,-252.1768,83.6064,-310.1428,-59.9063,-249.3737,140.4121,-416.9156,15.3513,-1237.1877,157.3265
55.1401,-186.2101,-64.1357,-267.4987,83.3244,-386.6116,94.3112,-218.8323,-5.5943,-219.5091,116.4479,-245.8039,-58.0332,-209.1060,37.3005,-321.4565,53.3078,-1104.0321,100.5741
153.2724,-98.5786,40.2279,-228.4126,96.2086,-358.1251,27.0999,-242.2076,-24.6204,-235.9421,162.2285,-192.9704,-48.5490,-228.3164,-35.7131,-258.8875,64.9138,-957.3737,70.9636
201.0178,-21.2371,110.3432,-273.0002,86.1692,-350.8565,13.8986,-266.2111,-8.5096,-274.2360,157.2178,-170.1872,-75.8822,-268.1630,14.3049,-251.8947,48.4145,-917.9885,68.9940
173.1110,-8.7198,65.0079,-293.6862,26.1651,-341.5302,7.8420,-293.0235,-15.5843,-331.9610,86.1053,-203.6883,-135.6463,-278.0856,83.5971,-258.4818,22.7638,-844.2195,47.0753
105.9569,-56.9432,-17.0455,-271.1497,-77.6054,-344.4676,4.1007,-302.8699,-23.3872,-358.9316,8.5068,-242.5063,-186.0876,-254.7819,65.6272,-260.1598,5.5048,-722.0404,6.7498
67.3516,-91.2590,-57.3081,-252.3064,-159.8585,-348.0726,45.8144,-254.4637,61.3670,-273.1560,-27.6469,-199.8831,-218.4917,-206.7819,27.5006,-239.4444,-16.9971,-678.9536,-0.4768
52.0261,-103.0679,-67.5338,-231.1603,-194.9822,-312.4142,94.9705,-171.6115,145.5986,-175.0888,-43.4294,-136.3151,-236.2901,-150.0374,22.9946,-198.3537,-38.0982,-650.1110,33.5934
6.6688,-142.1843,-40.7474,-197.8875,-218.8194,-273.7712,76.3920,-138.0291,93.5351,-199.3230,-49.1030,-161.3574,-236.7683,-134.4004,5.4636,-185.4963,-9.8555,-536.9875,49.0095
-40.4453,-163.2753,15.4870,-156.1656,-229.1819,-266.4555,4.1224,-157.9011,-21.1446,-240.0257,-29.6882,-212.4473,-245.9811,-172.8280,-26.0839,-199.0837,54.1018,-402.6230,8.3687
-35.6613,-119.8497,21.1497,-103.8243,-189.2943,-224.6024,-63.4752,-144.2288,-83.5676,-178.7632,-10.5472,-193.2395,-260.0797,-191.4731,-39.1962,-180.0715,73.3453,-286.0475,-26.3294
-12.7737,-90.9594,-18.0903,-74.1624,-98.7553,-125.1949,-84.4263,-67.1432,-53.8759,-107.4056,0.6088,-159.5130,-208.1298,-148.3831,-50.9889,-148.4917,44.2489,-171.0433,19.2964
-11.4361,-98.1465,0.5533,-91.9045,13.9398,-58.3868,-28.1796,7.5980,86.5753,-93.9049,42.3445,-171.8159,-87.2195,-107.4906,-58.4027,-176.4341,29.7828,-108.4465,106.5879
-13.2099,-71.1112,56.3150,-123.7603,108.9534,-67.7528,82.2737,28.0109,221.1188,-75.4818,86.4335,-187.8666,7.3463,-118.1236,-28.7470,-237.7336,24.8732,-121.4542,153.7608
-18.9724,-68.5235,40.7752,-153.3523,139.1676,-105.7421,177.9996,6.4627,198.9561,-34.5162,65.7540,-180.2690,34.6199,-148.7483,10.8021,-245.2710,-9.3592,-155.8651,148.6580
-48.7221,-160.2478,-30.4686,-191.3498,88.6758,-154.8969,216.9178,-39.2460,125.1327,-7.1342,6.7203,-175.7921,17.5939,-172.2769,17.3480,-195.5214,-56.4128,-200.2583,94.6817
-78.5136,-222.8764,-83.2787,-235.4572,-15.8134,-247.5258,186.9444,-123.1103,137.7922,-8.6712,-33.9895,-199.3304,-33.0075,-187.1200,13.8655,-164.7826,-100.9345,-270.2028,-16.9250
-75.9933,-196.7845,-132.4484,-314.4037,-130.4501,-382.4021,111.5885,-239.8250,119.3794,-54.1206,-66.5335,-247.3720,-76.8917,-181.1338,21.5400,-193.4637,-160.3267,-335.0360,-131.0637
-47.1766,-215.8894,-202.9971,-432.4818,-207.7329,-488.9042,58.1854,-325.5379,13.7604,-124.0880,-103.3244,-268.4051,-77.5400,-166.7169,5.2713,-232.0724,-214.0951,-370.1892,-171.9666
-22.0664,-284.2056,-249.4291,-489.3968,-230.3093,-487.3556,37.4647,-330.9780,-20.5392,-175.6590,-129.9507,-242.1062,-81.3552,-177.0295,-41.3327,-219.0053,-216.3167,-370.0391,-142.6809
-25.0748,-273.5503,-225.2529,-445.6645,-221.1226,-395.0642,-3.2296,-295.7991,28.4847,-225.8096,-132.9519,-258.8481,-99.5170,-205.6006,-57.5314,-175.6750,-183.1280,-316.9460,-97.6259
-45.7092,-245.4018,-155.8544,-409.3718,-191.6483,-316.9033,-44.0063,-282.2275,22.5866,-282.0837,-86.5175,-349.8443,-69.3576,-244.5510,-17.8259,-158.4009,-182.9945,-238.5085,-92.5343
-66.7978,-332.0951,-128.3117,-435.8732,-151.5936,-309.4023,-36.6504,-295.0580,-26.6227,-299.7515,-15.1491,-389.2150,-27.1583,-310.5524,20.7148,-171.6750,-237.5039,-203.3475,-148.6501
-110.5669,-435.3587,-186.6306,-471.0180,-145.3045,-334.9592,-19.2610,-314.6248,-56.7900,-307.4734,-13.8973,-337.8680,-53.7659,-350.9274,13.6052,-206.6095,-279.0369,-198.8666,-191.7066
-164.3043,-387.9090,-254.2862,-471.5947,-170.5008,-324.7993,-18.8240,-319.2167,-109.2884,-347.1001,-78.8007,-311.3542,-91.4080,-280.8222,-34.0948,-255.2526,-247.3207,-133.2275,-147.7556
-159.3112,-252.0636,-256.3794,-393.9160,-148.8403,-225.3202,-4.2656,-267.6009,-176.0015,-342.4717,-94.0453,-320.7408,-68.4894,-161.9238,-120.0959,-259.7214,-180.0464,20.2198,-86.2658
-124.8087,-233.3462,-232.6006,-239.0296,-59.3783,-71.3301,14.3600,-166.1212,-191.0699,-272.7890,-53.6819,-282.9200,-22.8720,-142.6276,-205.2070,-209.4658,-130.5437,160.7438,-86.6946
-151.8131,-357.2202,-213.0993,-143.2301,36.3977,10.8448,35.0393,-102.7362,-184.4937,-261.2989,-43.1072,-228.0749,33.1724,-214.6418,-200.3152,-202.2070,-74.4324,185.9162,-81.3638
-172.8102,-414.8217,-148.9427,-184.3747,112.9224,-29.0158,96.1316,-132.5362,-205.5168,-331.3848,-44.6800,-218.5036,110.1702,-247.6022,-122.8726,-262.3062,5.0182,123.0578,-17.9469
-82.4876,-311.4104,-45.3898,-233.9953,172.7543,-102.1957,141.4290,-207.3844,-203.2878,-368.0499,-6.6776,-209.1489,140.3729,-209.0118,-97.3705,-295.1379,58.5216,81.3920,20.4474
9.0365,-234.5105,26.6685,-200.0497,181.3178,-150.1568,93.5460,-262.8156,-134.8425,-343.8499,31.0839,-159.6866,99.4448,-173.1516,-129.8749,-310.0196,62.7169,88.8847,-20.0859
-26.1473,-288.4730,50.5724,-165.4227,121.8280,-200.6385,21.6856,-298.0087,-76.9367,-326.6623,34.7967,-124.1967,51.5693,-190.8390,-132.4522,-383.1104,36.5866,72.7587,-88.3464
-88.9360,-313.0446,48.9751,-196.5356,21.8847,-259.4985,-18.5358,-344.6811,-124.8900,-335.4356,25.8430,-169.6954,-3.2681,-255.1977,-135.7341,-422.3599,-21.7818,1.6432,-143.5336
-69.8740,-253.3716,29.4727,-254.2571,-98.4956,-296.6942,-93.5843,-395.3292,-223.3688,-340.3022,3.0318,-270.0719,-91.7110,-320.4841,-195.2975,-317.1086,-96.2568,-46.9180,-183.8797
-26.1977,-267.5115,8.5206,-285.0775,-206.3868,-294.4919,-179.3392,-399.4539,-222.6679,-313.8993,-39.6365,-316.3504,-161.6358,-350.4113,-231.3206,-198.8713,-134.3303,-6.0371,-197.1913
-11.5968,-357.2188,-12.6830,-269.8801,-247.7888,-250.1199,-171.4585,-341.7250,-128.0184,-261.1361,-80.1351,-276.7091,-190.4314,-374.7934,-197.9209,-221.0789,-136.9646,73.7815,-171.8795
-17.3679,-345.5491,-65.4885,-245.7393,-235.8133,-195.5122,-112.1549,-275.2118,-98.7727,-234.0874,-112.7066,-254.4755,-209.1067,-429.9130,-194.8306,-297.6158,-158.1627,92.0043,-119.8917
-71.3646,-236.9087,-142.0929,-283.2408,-235.2759,-179.7369,-87.2047,-245.2815,-167.1002,-246.0007,-141.2296,-279.5594,-197.8988,-460.0657,-273.5642,-291.5987,-217.9113,37.0966,-69.2801
-179.2267,-217.2203,-195.8603,-380.3931,-233.0808,-185.9837,-53.7539,-241.4397,-210.8213,-240.1020,-161.4376,-259.0264,-168.8477,-404.0326,-347.3817,-220.5686,-291.5591,-9.9092,-33.7804
-269.7079,-351.0955,-210.5528,-460.6732,-155.7556,-169.4949,18.0156,-247.6815,-179.5535,-218.4142,-187.3790,-217.1605,-210.7148,-321.5083,-329.7425,-161.4086,-329.2388,1.1502,2.6898
-298.7758,-505.3693,-194.3994,-475.3775,-16.0252,-147.8270,64.5356,-264.5256,-110.6903,-244.7475,-216.6497,-247.7271,-308.1703,-291.4792,-235.1717,-154.0322,-284.2147,44.7152,28.1748
-284.8702,-524.6443,-164.0158,-420.4299,81.2933,-139.0101,52.4999,-277.2940,-44.2432,-309.4748,-213.0023,-264.0894,-347.8631,-280.1840,-169.5764,-204.5869,-187.4138,88.6515,-12.4821
-252.0473,-410.7400,-143.4691,-320.1958,79.7339,-119.6127,3.1054,-276.5056,-43.0393,-362.9169,-173.2093,-172.7348,-322.6143,-244.3554,-212.1956,-260.6103,-115.0716,124.5144,-98.8088
-208.6439,-297.7491,-113.7279,-223.8094,24.7799,-96.7067,-45.5174,-276.4103,-128.1158,-402.5005,-124.6076,-86.5070,-303.3921,-233.3414,-304.9807,-250.4048,-75.6263,150.7739,-139.6193
-148.9809,-246.0009,-44.9501,-151.7833,-31.3013,-97.6395,-50.1156,-280.0621,-213.2794,-417.4036,-72.2123,-81.3041,-296.8434,-269.9006,-353.0577,-196.1244,-42.9293,167.9454,-127.0116
-87.1640,-200.7322,18.4393,-93.5584,-84.7534,-111.1954,-39.6511,-272.4481,-251.6857,-389.1929,-32.5276,-71.7799,-278.1567,-275.5141,-359.8372,-186.3710,-35.8150,168.1283,-118.0754
-81.9875,-157.2635,28.2914,-70.9853,-134.8430,-128.4851,-97.1628,-262.3064,-300.8524,-364.9281,-32.5186,-48.7636,-248.6732,-227.6510,-353.4651,-235.1775,-65.5369,138.1699,-123.8002
-132.9571,-165.2731,6.3558,-111.4575,-176.4682,-155.3708,-201.0232,-280.6730,-368.3217,-381.7052,-46.4015,-84.2938,-217.9536,-236.0171,-330.4633,-266.6570,-112.9455,94.5523,-144.2708
-142.3143,-205.4619,-40.0971,-196.0902,-224.0122,-169.0099,-248.3953,-321.2395,-381.7012,-387.2382,-48.8358,-149.0463,-204.6452,-345.9573,-316.9259,-236.8132,-184.4674,68.3550,-172.1436
-95.0480,-223.8411,-120.5967,-289.6676,-267.9775,-158.6126,-225.4340,-329.3128,-314.1402,-345.5252,-70.7378,-180.3123,-220.4830,-427.4186,-322.1087,-193.9695,-274.4989,50.5952,-148.8425
-92.9916,-215.1559,-186.2430,-355.7787,-271.5573,-151.8075,-204.9162,-292.2063,-229.2010,-311.5002,-117.8992,-180.3488,-246.8465,-387.1866,-306.0309,-194.6209,-325.9572,13.7204,-88.0342
-150.8868,-217.1115,-213.5297,-363.8007,-247.5130,-154.0842,-242.9469,-285.1218,-229.2898,-332.6404,-158.4964,-161.9829,-272.0417,-325.8581,-290.3596,-214.1780,-308.4110,-28.4777,-102.0302
-195.6568,-276.7427,-239.6376,-331.5894,-229.1834,-155.5595,-332.1009,-353.0384,-327.2406,-372.4924,-192.3561,-144.5542,-297.3801,-346.5453,-326.3232,-198.3915,-245.9067,-37.6676,-181.0350
-222.5947,-366.8608,-235.8435,-294.3048,-194.4283,-162.9167,-392.4314,-428.8190,-393.1318,-383.5701,-208.4965,-142.4067,-303.9466,-381.8655,-373.7371,-165.4755,-163.6373,-8.9677,-208.4301
-233.9412,-374.6264,-163.5162,-252.5607,-138.6163,-150.9723,-369.3012,-446.8622,-375.6712,-387.8740,-174.6004,-115.7829,-285.9252,-345.2103,-389.4661,-172.6339,-95.0376,27.1817,-207.8741
-187.4822,-286.3690,-112.3342,-215.5050,-115.3402,-87.6883,-332.0215,-421.6891,-409.2706,-415.8838,-135.0815,-59.3636,-269.5025,-283.2974,-387.7973,-207.2567,-91.4935,52.5742,-271.8189
-137.9373,-226.3444,-157.9092,-209.5468,-118.6656,-22.8735,-336.3544,-372.1841,-515.3337,-422.8825,-152.9874,-38.6536,-253.3732,-264.1425,-338.8999,-203.9879,-168.3043,69.1121,-347.5708
-183.4194,-237.9905,-242.3255,-239.3404,-86.0296,-19.4502,-304.0185,-304.7689,-523.2815,-369.7160,-186.3327,-51.6843,-204.2600,-264.3588,-235.1484,-156.9962,-287.1569,52.9964,-341.6979
-276.9482,-271.2798,-328.6353,-316.0735,-33.9155,-48.4765,-199.3458,-250.6036,-412.3659,-309.8471,-192.5766,-51.7438,-122.5855,-241.0102,-181.7691,-127.4892,-392.4461,-22.4750,-274.8737
-335.7959,-336.1836,-423.9447,-421.5684,-19.1371,-60.5605,-128.8383,-213.8062,-323.0191,-283.4868,-213.0767,-70.1371,-49.5597,-197.9153,-206.6805,-134.6046,-439.0563,-99.3741,-210.2353
-374.5485,-410.5071,-446.9478,-443.6580,-22.5674,-65.8346,-142.8948,-176.6949,-269.6506,-255.6495,-234.0927,-110.7942,-12.2643,-159.8576,-192.2725,-127.4030,-407.6642,-90.8622,-178.4474
-364.4445,-383.2203,-347.7130,-325.8424,-10.6141,-80.9560,-160.0619,-171.6951,-223.7685,-231.7579,-185.9643,-91.1549,0.0590,-145.8762,-116.9062,-91.2771,-302.4008,-30.6612,-174.8511
-248.8537,-271.1104,-248.2234,-175.7674,-14.1758,-86.0327,-136.3692,-200.1582,-240.1922,-251.1642,-114.8642,-15.9685,-6.1617,-144.9383,-85.0637,-83.0295,-151.3763,-17.8231,-153.5322
-137.3710,-219.7051,-246.4522,-77.7160,-64.0588,-58.2027,-114.0464,-177.0122,-253.5188,-268.3542,-113.7082,21.7149,-55.6812,-124.3158,-112.6974,-123.1610,-23.5000,-51.8083,-86.8604
-153.9566,-238.0980,-267.0114,-7.6966,-130.8893,-5.5950,-110.4627,-93.2043,-139.3521,-221.9085,-143.8465,13.4371,-134.6017,-104.2469,-127.8708,-161.8806,23.9791,-67.4818,-8.4943
-202.8203,-217.8783,-234.0383,26.8048,-153.0235,41.0818,-95.7927,-39.8639,-17.7590,-137.8386,-144.6600,-1.9094,-162.6981,-140.7449,-113.1598,-169.8929,14.9770,-42.1951,55.0163
-178.4207,-161.7499,-186.3932,5.8768,-90.9573,72.0167,-57.9060,-19.3190,-51.2057,-58.1013,-178.0469,-40.2340,-115.8024,-204.2076,-106.9621,-154.0675,-15.2264,24.2072,107.0925
-164.0633,-162.2077,-155.8983,-31.9607,42.2874,103.3411,-10.2624,26.9666,-100.4475,-5.4834,-274.9186,-103.1399,-60.4669,-217.1611,-130.8954,-112.8670,-81.7129,115.3139,146.3384
-215.6142,-230.5506,-106.7476,-86.4454,202.8275,124.9569,49.2834,68.0480,11.3475,-8.3912,-326.1551,-142.3309,-27.2715,-196.2049,-149.6957,-62.8399,-157.9139,176.2570,185.6637
-250.4120,-284.7711,-37.3581,-163.0671,334.9286,116.8092,126.1369,70.1583,167.4687,-29.8870,-278.8652,-131.0031,-4.5885,-204.7057,-115.9744,-30.3357,-164.8073,186.7682,224.7945
-236.0626,-274.9928,-10.5047,-163.3627,369.4342,107.7213,175.1719,68.1174,183.6164,-0.7021,-230.4903,-88.0265,-4.8373,-262.6579,-75.2879,2.7311,-101.8750,184.4552,197.3577
-219.7935,-251.2097,-34.8261,-50.8398,298.2991,118.1247,136.0966,43.9514,71.3260,26.0114,-221.5854,-56.8747,1.8123,-400.1685,-110.3526,34.3338,-40.2316,180.5020,67.0008
-202.0043,-261.0916,-22.5461,41.3395,223.4145,110.6147,37.1942,-57.7039,-63.0290,-38.0627,-166.6966,-59.8774,63.9267,-601.4921,-173.7087,10.3409,-6.2260,169.1945,-81.7726
-161.5268,-247.3666,68.0769,42.8581,210.8972,84.2502,-26.6722,-213.5134,-137.2188,-130.3735,-61.0945,-56.3551,114.1103,-705.1117,-158.8777,-37.3741,15.9616,175.3723,-146.4931
-110.9798,-159.4428,153.9951,31.9722,194.4555,86.2244,-24.4648,-389.4521,-108.2745,-152.3362,-9.3697,-17.0074,79.5115,-627.3339,-81.8233,-13.3511,34.8998,183.4134,-118.7635
-69.2081,-67.3490,151.7846,35.4465,121.0076,88.6432,-9.3239,-596.8665,-38.6551,-129.0729,-26.2367,1.6386,29.1895,-540.7031,-25.5832,35.1415,34.5237,121.0626,-74.7204
-70.1292,-45.6586,59.0088,-9.9475,22.6292,18.4851,-23.1629,-800.8869,-57.0251,-107.3083,-48.6782,-48.0230,9.1953,-568.4962,-24.9848,-0.3053,-45.4865,-30.6979,-103.3228
-128.5405,-77.4871,-92.5221,-128.5594,-84.5274,-109.4913,-44.9879,-939.1614,-151.3723,-72.1915,-84.2254,-124.0223,-31.9013,-590.3277,-74.8839,-52.6858,-226.6577,-213.1685,-194.9916
-170.4984,-138.8985,-231.5172,-277.7155,-190.2280,-232.8433,-36.5022,-1020.0839,-167.8628,-29.8817,-138.5020,-166.3505,-65.9475,-542.3157,-121.6776,-7.9190,-396.4402,-355.2138,-248.1420
-155.7800,-231.1214,-270.6049,-382.4050,-244.7091,-333.5753,-22.1498,-1085.8922,-84.9632,-24.3620,-148.1053,-160.9260,-40.5749,-526.2142,-102.5425,70.5700,-445.7046,-405.7888,-250.4818
-184.9918,-317.8152,-237.5378,-388.4339,-239.1594,-399.6152,-61.4845,-1155.3735,-58.2510,-70.0129,-127.1769,-139.8352,-29.0663,-549.6012,-60.7521,75.6024,-411.2648,-365.5989,-290.7939
-295.6742,-346.9078,-238.4694,-324.2028,-200.8875,-402.1553,-120.6972,-1230.5056,-130.9590,-136.0753,-160.1557,-152.1888,-57.8226,-533.9296,-73.6648,29.4008,-354.5815,-290.3174,-362.5558
-347.3503,-328.5374,-266.0358,-258.1310,-120.2030,-344.1915,-108.2787,-1275.3037,-170.4279,-168.4463,-207.8933,-192.4432,-25.6267,-496.7553,-101.0935,1.3577,-280.2933,-225.9074,-377.3908
-276.9171,-326.0421,-237.2141,-227.3937,-24.9155,-253.3716,-50.8853,-1237.6560,-131.5346,-132.3224,-176.0769,-211.0652,56.0564,-452.8464,-76.1002,20.6641,-236.5739,-186.3039,-330.1839
-204.8740,-345.6211,-165.8178,-244.0390,7.2578,-151.9529,-38.3483,-1126.5247,-94.7034,-54.7046,-110.2156,-208.5456,65.1398,-352.2342,-26.4326,77.3533,-271.4199,-167.9758,-262.0996
-187.0624,-294.8079,-108.9325,-273.7767,-6.9785,-63.9320,-45.4690,-989.5817,-64.0472,7.6542,-83.5984,-196.1382,17.0880,-236.2109,4.9601,117.3409,-309.8481,-132.3087,-184.3298
-146.4034,-153.7552,-55.2733,-240.4814,1.3051,-1.9192,-23.5406,-856.9529,-14.0082,27.6903,-45.8080,-140.3939,12.1715,-187.6450,8.7996,103.6283,-265.3761,-54.8044,-131.1272
-70.4876,-68.2204,10.0920,-140.7697,8.7571,41.1579,-26.7165,-759.8478,-24.7693,17.3480,40.0079,-68.2907,41.1913,-167.7351,-29.3469,75.2453,-168.0368,13.5043,-126.6121
-22.1066,-98.1474,62.8576,-40.1132,-11.9373,60.8559,-72.7362,-711.4308,-117.3714,10.2821,99.5435,-48.7194,43.5994,-122.3035,-105.8381,69.2636,-64.3294,44.6739,-125.2175
1.9937,-99.3679,104.2556,59.2082,-15.2363,51.5948,-87.3727,-673.4655,-144.8174,20.0909,89.6391,-38.4855,22.1526,-84.6467,-198.4386,68.3368,61.2492,98.5780,-102.9448
48.7420,-20.6213,166.6693,181.1719,1.6066,40.0146,-60.2129,-619.8497,-35.8392,15.1200,75.4006,17.2925,17.4638,-61.8927,-291.0462,55.5429,206.1877,188.6237,-84.5854
121.8312,22.3536,257.0601,271.5061,-0.6924,40.2696,-40.8559,-564.0453,66.0632,-13.9629,115.3459,45.4770,49.1385,-28.8915,-330.9232,28.3862,308.2891,233.4380,-61.0818
191.3873,33.8090,329.6136,275.1436,-16.0826,9.3153,-25.9071,-505.6869,23.3730,-14.5417,167.8875,12.2314,85.6669,-20.2529,-271.5931,4.0445,312.4305,187.3825,-24.0078
210.5156,91.7396,316.0001,217.9022,-50.2236,-86.9192,-1.2577,-443.2400,-87.6669,41.0301,153.2319,-11.9151,83.6103,-58.9688,-176.4191,34.8116,234.7301,80.1792,1.2523
135.4977,101.8427,211.3449,142.3935,-120.4788,-204.7375,22.3154,-392.4588,-63.4311,112.0419,81.8909,-33.4730,63.1589,-98.1170,-125.0244,105.6412,139.3289,-44.3417,32.6673
8.5754,-16.7457,95.1454,46.6362,-164.5494,-278.4691,53.2565,-348.2551,134.8553,140.4859,44.8662,-92.0597,69.2474,-115.0663,-93.9014,102.5859,49.0712,-147.7188,85.6095
-45.4405,-119.2045,19.6765,-97.4625,-138.3680,-304.0946,72.8674,-315.8799,243.7883,77.1740,45.7682,-136.1725,93.3419,-134.3656,-61.0866,10.5846,-69.2452,-210.1935,87.2619
11.2727,-93.7344,-34.7840,-262.3478,-108.7102,-301.8310,27.4603,-317.7961,55.8348,-49.6531,-15.4994,-164.4570,113.3784,-149.3815,-60.8870,-39.1522,-204.4129,-217.1345,16.1080
50.0867,-65.6630,-69.8373,-326.3041,-89.7669,-235.2157,-49.2481,-289.2869,-179.5159,-83.6484,-133.4946,-230.7850,131.0405,-115.0482,-67.7254,9.3082,-272.3614,-126.1697,-10.7804
-28.6473,-170.0645,-54.8709,-235.9385,11.1301,-69.0676,-57.1184,-149.5588,-104.5596,51.5645,-168.5406,-257.4754,148.0517,-15.3196,-21.7811,86.4537,-221.3108,42.4625,64.8784
-111.2101,-315.4755,9.7662,-125.8518,190.5810,119.5630,8.1978,-1.1366,144.2146,183.5510,-82.9728,-179.5454,184.3382,84.1588,48.4923,140.8587,-95.0513,152.6999,142.7843
-45.4303,-294.7719,92.2199,-102.3576,308.1697,217.7632,56.1570,4.5350,190.5790,162.2553,-0.9101,-122.2507,246.4716,96.5343,85.7343,151.9917,11.2807,141.9483,138.0608
88.5448,-93.9734,143.0436,-84.6181,278.9637,237.8361,38.3743,-60.0361,67.0177,96.5542,4.0919,-139.8616,264.1109,60.4179,101.0882,115.2217,40.2457,115.8704,90.8321
117.5683,61.8208,137.6127,-6.5489,166.3260,268.0458,4.3792,-32.1700,67.3381,108.5542,3.8235,-94.3685,204.3613,98.6215,117.2566,89.5936,38.0369,144.4624,81.6035
73.5776,69.4966,147.6696,74.7412,86.0382,309.4597,27.0291,76.9636,184.5032,140.5845,63.5474,38.7386,157.1056,200.0899,109.1201,111.3534,82.8154,170.3383,128.8853
70.8320,84.7961,230.2931,128.8753,64.7241,296.9380,86.1139,171.0541,198.0609,149.5093,124.2267,121.9544,161.3208,246.2281,61.3210,121.5044,147.8159,153.6772,176.9513
64.5900,158.0515,275.4293,168.7054,25.1124,228.6062,97.5587,233.9676,114.4155,184.6759,97.7622,125.8992,142.5299,229.7388,25.6569,103.5052,154.5989,110.3062,178.4655
17.0121,147.2252,189.0854,175.1524,-56.3268,161.0100,69.5051,274.9960,104.4141,230.8335,13.0781,130.3973,97.5236,228.4357,57.7761,126.8945,124.7680,48.5845,165.3766
32.4053,73.4843,90.9032,156.7567,-86.3270,124.9043,73.5739,287.6904,157.3016,234.3721,-21.7072,153.5426,96.3573,257.9353,116.4867,194.2168,126.4144,-3.2571,184.2547
102.2576,92.2927,90.4309,149.8621,-22.4010,122.6579,91.2936,303.9610,126.2466,224.1111,22.3791,158.7070,128.9425,301.1976,120.3415,228.1078,141.4216,0.6188,213.5671
81.6072,174.9064,107.2574,139.8110,60.9575,164.4590,86.5551,360.7764,28.1261,232.8426,78.3702,124.4714,161.2245,346.1501,89.9643,196.5644,120.9559,51.3306,218.1865
14.6119,203.3121,80.1163,111.7033,116.7886,251.8479,107.0871,439.2588,21.1548,231.7407,96.9338,82.8098,214.6127,369.8488,103.1176,138.9613,80.4857,105.3284,216.3298
47.3837,174.1179,60.3051,91.3882,159.3852,353.5141,151.6650,504.2090,124.5671,225.1287,78.7964,108.0714,268.6183,397.7702,157.3933,128.6727,58.9942,149.9973,240.5788
95.3834,129.4078,59.7896,80.5451,183.2327,432.3628,153.2817,550.4939,215.2381,254.3422,45.2628,185.2061,266.7821,463.2791,206.7877,204.7536,63.1795,191.9052,289.6039
40.4388,128.4662,59.5145,66.2713,179.4828,469.2362,133.6934,583.6174,258.3033,294.5853,32.7795,196.2086,232.7915,485.9821,227.1096,284.2871,67.3801,220.5420,322.4624
10.3341,218.2591,73.5954,57.5040,148.3027,445.2720,121.2903,592.4960,288.7861,288.3094,54.2992,133.6007,214.7310,400.7952,186.5020,256.0794,39.5660,207.4871,281.7213
97.2858,305.4793,81.3535,58.5131,65.7054,355.3497,45.3751,552.1789,264.5256,250.8796,76.1740,112.3008,184.9328,311.9539,101.7796,164.6680,1.0746,147.0782,161.9268
169.5878,311.9255,67.5254,93.9880,-60.6359,242.0266,-81.1368,455.5269,181.6997,232.4445,79.9709,149.9772,105.8608,305.7056,68.0768,128.7746,28.3676,90.6951,36.0442
178.6839,348.5779,84.8280,200.3237,-171.8643,141.8706,-137.9285,339.1334,159.0049,221.4471,75.0943,187.8739,2.1262,308.6776,101.1180,142.3658,138.5901,77.4006,-40.1052
222.3726,439.9604,117.1882,322.4424,-256.0157,32.9654,-138.8118,252.2250,208.0395,174.8747,43.9007,228.6381,-81.1581,266.0202,112.9387,126.3814,239.4332,65.3888,-96.5614
262.5575,434.9993,81.8410,368.3809,-337.8811,-78.0419,-184.8106,214.2159,181.6096,111.4499,-19.0879,255.2185,-124.4806,226.1014,86.9591,78.5591,243.7878,28.3097,-160.1304
192.1566,367.3043,28.4300,347.1094,-388.0148,-113.2719,-242.2118,234.2330,71.2780,99.5404,-61.7399,215.0929,-133.4480,223.3296,63.6409,56.1544,163.5132,18.2485,-172.1033
73.3083,392.6008,39.9071,291.9812,-375.2021,-57.3078,-231.7439,327.6190,39.5007,157.1926,-65.3915,157.5033,-119.5333,248.6226,32.8542,88.5570,63.3921,42.8175,-79.1679
6.1067,420.2661,21.0579,188.1287,-315.6103,7.8489,-166.3555,470.2257,130.5173,228.1894,-80.4898,152.0675,-76.2143,270.5452,16.7033,150.0112,-14.0601,49.0564,62.9250
-31.5632,313.2345,-110.3748,76.3411,-191.9865,48.8993,-66.7442,591.0343,242.4337,271.8365,-119.9382,150.0148,14.0176,244.0121,66.8728,191.6731,-65.4509,63.9183,165.2589
-62.5160,188.3072,-234.6194,22.1765,20.0150,95.4886,51.8335,647.3687,304.3900,313.9338,-138.0886,116.1978,140.0283,193.2082,123.0919,199.6899,-107.9797,128.0913,214.1559
-67.5990,165.7276,-256.0667,-9.0874,229.6942,130.2966,122.5005,654.4097,293.1515,377.0719,-116.4241,100.1645,246.8371,186.7035,118.9447,197.6016,-156.5466,135.6942,223.2425
-78.3522,179.7453,-244.1639,-65.6046,302.0690,123.0334,120.9697,629.8052,251.5770,423.6313,-80.9301,84.5253,278.1194,188.3583,129.3027,197.4393,-204.3783,-10.4047,182.6590
-111.8789,166.2193,-244.3282,-113.1228,233.2634,98.2642,107.0280,577.6766,313.4046,415.2404,-62.3594,13.6965,241.9210,137.1546,193.9096,195.6190,-217.3071,-184.9964,127.5974
-99.6071,140.1154,-211.8162,-120.8239,130.8852,77.1133,99.9223,522.9133,464.4042,367.0783,-59.4706,-47.1550,198.9204,110.5343,211.6386,186.0267,-171.6318,-214.5133,109.2340
-12.0878,137.6334,-142.1742,-98.3857,51.5883,54.8142,51.3354,486.0104,451.5544,298.5110,-18.9987,-10.4652,168.1685,172.1645,148.8542,160.1191,-101.1850,-140.3109,75.1863
79.3816,196.6254,-80.0529,-58.9397,-40.6734,31.0742,-46.9557,442.3677,209.2177,204.8618,84.2672,79.2911,118.4026,222.0261,104.8357,137.6728,-58.9960,-117.0281,-34.6590
125.9313,284.8579,-43.5462,-27.6988,-160.0680,-24.2586,-132.2012,371.9106,32.4445,113.3799,153.9832,138.7864,52.9295,185.1155,122.5499,143.4057,-46.0885,-166.9476,-143.3218
152.2601,338.3878,-22.9632,-0.9335,-246.1633,-136.5254,-154.4426,306.9413,73.6581,73.8291,96.7719,158.4004,-0.3902,137.4250,137.5973,135.0915,-33.5428,-193.6708,-182.9594
168.7418,392.5439,2.1407,70.3468,-269.9870,-234.0462,-146.9474,276.4376,118.9848,66.6078,-0.3034,160.5344,-46.0206,147.6582,106.9799,72.3046,-6.2859,-155.0163,-216.2146
144.5947,452.9100,53.6564,166.5679,-277.9134,-247.0407,-165.9103,257.7201,28.3346,20.4308,12.4188,161.0000,-77.0820,178.8140,64.8397,9.5025,59.9374,-94.3386,-257.0795
92.2391,404.2822,129.7936,210.2113,-267.4084,-227.3904,-180.1826,226.2259,-77.5571,-65.9802,116.6462,170.8438,-61.5343,169.0613,55.0142,-0.6057,172.2701,-42.3864,-217.5432
87.7612,282.5042,192.0740,208.3104,-173.3143,-209.4413,-130.3472,209.9794,-107.3199,-114.7453,167.5515,179.6267,-12.6590,125.3225,65.4103,24.3690,248.4408,14.7893,-109.8950
149.7324,283.1905,176.2542,199.9486,-27.9386,-116.5272,-48.7754,258.2225,-79.8259,-81.6216,101.2151,170.3006,38.0857,141.9701,70.3111,69.4200,195.8694,75.4888,-40.9735
184.4376,369.1003,51.9345,147.5243,49.0692,64.6091,11.6923,358.2276,-15.4547,-7.5008,-13.7916,144.1660,96.2943,271.5922,90.2921,105.9015,56.3130,90.3243,-30.8037
131.9446,324.0680,-109.3464,37.1171,30.4197,215.9038,48.1215,417.4010,26.5664,41.2191,-97.1517,97.2248,132.0032,388.4375,127.5226,81.5219,-49.7643,15.1904,-38.4950
55.2041,168.7282,-201.2327,-64.7120,-16.4713,255.4811,33.9521,377.7642,19.1488,47.3814,-147.6985,28.3608,78.9373,347.1892,137.6973,39.9538,-83.2006,-114.9386,-53.9816
3.0461,78.8912,-218.8066,-127.0719,-61.3672,202.1133,-32.0669,302.1544,69.4985,44.5301,-194.5027,-17.2632,-29.8154,213.7153,132.1482,61.3043,-98.5234,-206.3670,-71.1424
-57.8732,60.5012,-231.9231,-174.2125,-117.8240,97.1569,-50.9862,266.3918,177.5412,52.0280,-213.1634,-1.1718,-81.2093,138.7252,148.2679,101.7403,-145.0254,-226.2261,-97.3274
-114.4277,46.3783,-264.7305,-208.4017,-181.6871,-20.0548,3.4636,251.1864,147.2848,52.9173,-171.1725,29.4153,-46.2576,134.6031,139.8133,111.1871,-208.0136,-240.4617,-151.4465
-102.2147,66.4037,-293.2549,-216.4341,-236.8828,-126.4502,18.9303,218.0482,-16.5733,43.9110,-120.6768,18.3014,-2.6554,138.7007,82.5417,117.8323,-226.8100,-297.7966,-192.1317
-39.0512,114.0311,-289.7439,-194.3658,-287.1717,-240.3049,-32.7500,164.4461,-70.3759,42.8240,-124.1990,5.0204,-23.8123,128.4787,50.9506,73.0108,-168.0552,-362.1605,-189.2279
17.7263,100.2424,-226.3848,-144.0918,-354.5478,-359.2792,-76.4576,80.6637,0.7066,48.2190,-129.9268,36.0692,-101.2035,102.4662,57.1939,-48.8979,-76.2709,-382.5776,-210.9293
76.6663,39.4462,-116.0487,-83.9803,-423.3144,-419.4417,-104.3705,2.0916,24.6399,54.0924,-62.3918,60.0922,-151.3961,97.0454,45.3824,-74.6498,-17.3469,-343.2547,-264.0233
136.0571,60.5627,-25.8887,-24.5891,-407.3446,-380.3480,-103.7601,28.6887,46.1354,67.6325,28.4108,44.3760,-110.8331,172.9950,51.5916,62.9363,6.1461,-259.6837,-234.8705
142.6152,192.3118,9.4109,46.9906,-266.1096,-277.9878,-10.4663,150.7283,137.1842,74.0833,55.8375,66.8721,-5.4037,290.2552,118.6466,154.9921,34.7201,-180.0600,-128.5558
106.0234,314.7207,22.9146,116.9032,-97.9623,-164.7662,113.0377,229.1515,133.0775,56.4008,50.9006,154.7425,114.6214,344.2718,190.1165,128.4855,76.8282,-132.9185,-88.7658
94.0978,339.9595,48.0375,155.7804,4.9716,-69.5303,145.6054,227.7819,-5.1627,41.7004,83.7005,205.4534,223.9377,348.2369,245.2255,136.8734,103.1079,-83.2099,-137.3405
115.6646,296.6242,83.3114,180.7300,69.4963,-14.4206,126.7588,224.4572,-55.7066,45.9774,124.8262,185.5081,284.0211,385.5800,306.2271,173.0150,100.5394,-22.4763,-182.7863
146.9059,240.0614,108.2568,210.3785,114.9331,-9.3841,127.5892,216.3798,18.3632,35.8736,120.5328,184.6496,282.5536,427.6080,328.6405,132.9851,91.5394,-10.7058,-208.8005
186.2655,197.9808,106.3660,212.3099,108.4962,-36.1713,100.4594,164.6196,42.0269,2.3063,108.4718,206.3547,270.9672,386.0039,304.6359,96.6915,96.9867,-53.7200,-226.4351
206.9838,183.0294,101.3586,171.5012,77.1034,-77.0033,38.7330,112.6042,15.3494,-25.1647,144.4473,170.4724,257.3153,273.5676,291.7983,117.8357,118.6481,-89.7358,-202.8824
200.4184,195.5603,135.8197,134.5927,57.5051,-146.2463,11.3471,85.3379,34.8126,-39.9279,198.9798,115.4169,188.0936,178.4222,257.5389,88.7928,161.2882,-114.6770,-156.1699
238.3351,242.1824,188.9218,151.1100,-3.0616,-246.9894,10.4047,52.7145,65.9732,-38.4396,205.5073,118.6349,79.7474,143.7982,177.1092,19.8249,222.5540,-150.8897,-136.9140
328.7727,313.0541,201.9353,216.0797,-130.5330,-316.9904,4.8712,34.0745,107.9160,0.3197,155.9728,115.0961,-3.6368,137.2957,163.4034,28.0852,267.4725,-160.4510,-125.1164
358.8125,328.6398,182.0803,263.0730,-253.0483,-313.0089,26.5944,41.6789,221.0782,52.6973,108.6725,45.4431,-61.5332,104.3751,227.2154,66.5778,264.3529,-145.1628,-99.6982
322.7044,258.2015,175.2212,228.9667,-334.7022,-324.3893,67.3765,10.0065,316.2537,68.7122,117.9572,0.8193,-97.4751,43.2387,212.9679,26.0264,225.7455,-194.6399,-100.7066
346.3218,226.1541,175.9234,144.3680,-404.9496,-446.5759,70.9062,-66.3693,295.7485,60.0555,164.0215,31.4612,-80.2768,12.0813,123.6281,-47.6526,180.6995,-316.2920,-126.2159
400.5178,281.5618,159.9427,95.8000,-452.5598,-573.1528,34.6213,-95.4202,261.2487,71.0238,181.2032,46.2201,-43.0921,40.5459,116.7443,-51.7651,149.5878,-377.7384,-111.3680
340.0496,271.3499,149.1277,108.1642,-428.6999,-512.5724,-2.0091,-44.7884,299.0650,109.1317,162.4902,9.3490,-38.8510,97.7562,194.6015,21.2556,150.6872,-291.5822,-30.5344
226.4219,154.1895,172.7569,139.0333,-303.6218,-267.5707,21.4239,48.8389,340.4662,163.4921,160.0316,-0.9228,-11.5264,171.7154,246.0106,97.1504,174.7151,-118.6639,96.1626
221.7211,83.8144,213.2066,145.6145,-75.3867,1.6928,165.3856,177.8781,349.8410,216.6794,189.2383,45.1908,110.6345,279.4807,252.8991,117.6570,187.9098,51.7689,249.8434
266.4438,81.9987,241.2330,123.9653,204.5218,214.0329,367.3951,318.9744,343.7639,231.6399,231.8964,98.0295,276.3600,382.9277,257.3989,121.9099,206.1715,213.3645,388.7639
238.5911,65.8043,273.8751,130.7059,446.3239,376.4858,473.6505,396.2117,290.5040,194.1277,287.5759,122.3696,384.2584,409.5983,286.0029,157.7010,286.6514,379.8376,450.5161
229.9336,105.5246,349.1407,224.4917,599.6579,459.3636,458.9573,379.5509,226.7194,140.4032,343.4115,117.5099,397.8354,365.1879,324.9035,161.4966,420.6830,499.4441,420.5211
338.3286,245.0959,453.6807,365.6182,647.1468,440.7079,410.2697,325.0923,253.3636,109.1742,381.4034,106.9802,350.0339,320.1205,299.0875,102.8243,533.1937,533.9137,342.9340
445.3592,343.5898,532.6664,473.1935,572.0329,392.6298,337.6851,293.5563,300.4701,99.9460,428.3510,124.1209,296.3450,294.5954,193.9061,86.3299,592.9518,539.8439,263.8340
445.6172,350.2059,569.5559,541.0215,419.4143,381.2019,221.6945,281.4555,211.6869,86.3364,487.8115,159.3436,248.6699,257.6608,127.7176,135.0831,634.4130,544.3696,204.7973
422.5467,356.5438,587.7399,580.5789,281.5620,344.8252,119.7686,240.0346,66.0562,63.0092,499.9536,169.8072,170.3174,217.4309,153.1126,144.3820,678.1246,465.5348,177.8529
444.6939,348.4367,591.5652,552.1262,182.8716,196.9580,74.2495,166.5407,73.4735,64.7670,468.1244,146.2462,75.4220,204.1795,177.8063,116.6226,694.7498,290.4594,192.9571
439.6130,265.7348,574.9523,450.2670,104.8703,1.2686,65.0682,129.8774,207.4398,98.1533,464.5696,104.0422,35.4971,184.8334,157.3508,121.6123,647.7608,155.1881,236.3966
353.8858,156.8661,545.7495,349.5071,66.7235,-92.2665,77.6524,151.7621,261.3713,107.7147,469.2105,58.2510,52.8875,114.2325,132.7167,112.1361,552.0496,136.2263,257.5335
250.6249,80.9993,501.8336,315.2361,59.2459,-53.2397,87.1597,167.0477,199.9691,78.6484,410.9232,41.5189,66.1903,50.5885,123.9522,50.3771,475.5320,162.1985,222.1705
202.6234,73.8496,440.9127,329.0902,27.8116,38.8562,57.4018,162.4553,161.3201,63.3283,326.0370,56.3015,73.0494,84.8505,146.6104,14.0286,454.8347,185.0930,177.1264
207.2678,163.8400,385.9201,321.4855,0.0248,168.1499,29.2268,205.5328,176.3802,68.6632,285.9715,47.3255,112.7666,183.7779,193.9999,42.5649,442.4562,247.1004,204.8085
235.9428,264.9921,345.4010,284.1552,72.6200,365.0019,78.7115,312.4356,176.9631,78.0276,279.8975,14.0048,181.4046,242.1115,198.0991,97.2741,392.5790,370.3363,313.0278
279.8778,277.9007,296.4673,292.3058,252.4396,558.2095,188.2708,436.6216,200.9371,136.2177,275.0232,27.3509,256.6527,243.9818,163.6863,134.8136,343.9222,510.5450,431.4826
313.5832,270.8513,238.7851,348.8420,453.0554,628.5905,293.0786,549.2753,286.5900,232.5344,253.9839,82.7215,328.3578,244.1014,188.2876,91.1802,342.7786,603.3412,512.1332
298.1782,286.5491,197.9259,347.7176,604.4684,566.5075,382.0060,621.7957,302.7477,253.7082,197.7524,110.8780,372.9197,249.2856,261.6117,-27.4924,347.4275,610.9357,558.1076
254.5922,224.9835,179.6536,268.4904,668.5788,439.2519,439.9588,620.0735,191.4743,197.6093,143.6511,104.8573,376.2946,220.5432,290.4407,-58.1315,294.1653,548.8475,564.9076
230.0794,115.1682,175.0535,192.9057,638.7450,286.4808,416.9902,565.5948,140.2351,189.8125,155.8112,66.1552,362.5712,143.7609,287.4389,75.5506,197.4614,470.5950,522.2688
193.0190,98.4700,169.3486,128.0077,571.2070,148.5703,336.1357,505.5467,239.6891,228.8680,196.4459,-32.1678,349.6685,52.7523,296.3564,193.2680,112.7994,423.3463,460.8366
108.2738,130.2596,134.0835,59.9294,519.9952,74.4635,279.2164,441.2188,313.7343,205.4671,187.2290,-113.9601,331.7552,1.1784,282.6323,148.5457,65.5210,407.9233,409.0478
58.3872,112.9053,71.7974,56.6210,457.1853,19.1990,232.9195,356.1936,267.2850,139.0788,155.4347,-68.3030,312.0220,-7.1513,245.5281,46.6842,53.8885,358.5006,333.5049
106.1388,119.1007,34.8323,109.2106,353.2260,-120.6665,134.5580,261.0925,211.8274,127.5205,162.7317,32.5593,293.2341,-27.9295,236.1643,20.5044,50.6544,218.3082,211.2375
151.6606,171.9680,45.2098,101.1939,273.2217,-301.2200,49.8562,182.1985,214.5787,164.0159,186.4248,52.2878,271.8932,-57.0425,244.7208,36.8335,8.1624,62.2435,104.1185
99.3190,149.8164,52.2945,24.8457,288.9108,-325.9459,76.8293,147.5912,260.2192,191.6163,174.4312,22.2633,272.1169,-10.3416,240.6969,29.2913,-69.3292,26.7853,75.1647
11.4985,51.3663,7.3316,-30.3452,365.8740,-113.4515,150.8703,177.6316,339.2777,212.3548,126.6818,17.5413,319.1661,103.9788,249.8984,31.7804,-114.9182,117.2768,117.0444
-23.5427,-3.6193,-65.9536,-47.5212,426.0849,195.3524,182.6639,279.9714,381.9832,243.7940,86.9742,4.7579,387.5396,170.1150,294.2577,87.0035,-109.3746,229.9977,217.4789
-6.8512,-4.3734,-97.5465,-42.9989,443.8070,439.7685,223.8039,443.0906,320.8354,270.7605,91.8926,-30.7797,436.0730,173.8751,341.0042,144.3400,-93.4959,304.5702,366.4618
42.3283,-8.4608,-56.3183,-13.4693,417.2526,572.6671,286.7397,591.8681,225.3980,275.2627,117.7375,-37.2959,436.5284,208.2912,330.4154,152.9624,-61.2013,324.5495,477.6041
112.8950,-14.6081,12.6269,10.5488,340.3360,585.1525,259.4979,613.6846,181.3369,263.0392,109.6081,-15.8221,347.5217,266.4179,236.7729,157.6431,16.5262,285.9173,462.6724
152.4297,-12.8153,62.6232,19.2592,254.8023,488.7281,146.8045,513.7378,197.7915,254.0378,77.6341,-0.8531,183.2673,254.6665,135.9099,184.9920,99.8625,238.0839,380.3412
115.9910,-11.5377,101.4669,47.4823,231.1973,360.9949,91.1025,430.7845,283.6913,257.8571,71.7564,7.6000,73.1877,173.0059,132.9977,168.1885,137.5420,222.3110,349.1722
46.5001,-14.0817,111.6322,59.6570,255.2538,262.5461,112.4433,427.0413,362.7034,268.9791,71.7972,-4.0275,86.0217,101.7518,195.9347,93.0628,129.2818,184.8221,356.9108
20.6400,-54.1226,26.4028,-11.2698,226.5479,164.6120,117.2614,420.6946,269.2160,275.0222,21.8463,-50.7270,97.5468,75.9482,212.1533,40.2372,71.0127,63.5440,308.5502
30.4365,-156.9933,-136.3323,-135.6279,90.6477,30.2097,80.3435,347.6432,58.3135,242.9062,-62.6662,-93.2615,3.0517,71.4908,174.3999,30.0489,-41.4115,-122.9625,183.4700
1.7203,-253.0340,-259.1672,-256.2640,-106.3115,-139.6063,2.8032,219.3621,-5.7980,145.3938,-115.0917,-104.4341,-112.6067,53.0823,138.9771,14.7447,-158.1919,-323.2713,23.6925
-66.4390,-267.6819,-294.3309,-358.5747,-282.3909,-332.8008,-129.9877,58.9242,121.0481,23.7876,-106.4035,-108.7859,-157.8784,17.9832,102.4680,-17.4995,-228.3777,-473.5561,-130.6089
-96.0430,-250.0045,-299.4504,-408.5380,-369.7204,-483.2101,-247.9298,-83.5873,218.7673,-62.2996,-75.4370,-115.9909,-168.7355,7.8965,52.3390,-68.5428,-249.2858,-496.8296,-221.9792
-76.2306,-272.4416,-306.1281,-386.3411,-329.0774,-487.4906,-253.5394,-136.5037,143.8470,-117.5221,-77.7054,-121.7232,-171.4669,29.4738,17.8158,-129.2601,-230.8866,-392.9101,-210.0920
-65.1781,-298.8520,-293.8537,-343.7646,-180.1752,-353.0040,-164.4682,-103.2412,-60.9620,-147.6773,-106.0422,-139.6705,-126.9523,15.2682,12.7030,-128.3618,-199.5190,-258.6214,-147.9205
-57.6865,-280.6127,-258.5875,-315.4419,1.2620,-198.6685,-60.3478,-57.4797,-247.6042,-133.8425,-104.3205,-162.9101,-34.1602,-53.7957,17.4280,-54.0228,-190.0402,-160.1282,-108.8455
-14.1572,-243.7477,-203.7272,-274.0043,152.4711,-94.3326,13.3312,-33.4036,-275.9900,-132.3896,-59.8540,-170.7974,64.4045,-103.3863,7.7548,-24.7118,-174.5279,-78.2777,-76.2586
39.6748,-174.9572,-116.0798,-192.1072,263.0103,-36.1242,41.1692,-8.4257,-191.5256,-205.2699,-2.4360,-165.6912,133.7282,-110.2296,-21.1002,-100.4781,-100.1550,14.1951,-11.6661
78.8320,-24.6850,1.3436,-61.9841,336.9120,-13.3626,52.9082,27.7953,-150.1389,-272.4459,58.2325,-136.8069,147.3045,-121.8659,-26.1703,-206.4131,20.7568,114.4941,59.3067
131.0248,109.6662,120.2319,88.8174,366.2819,7.2643,104.8554,54.5388,-137.2153,-251.7473,110.5016,-75.8004,122.6844,-114.7089,28.8528,-276.7112,156.4106,214.5930,118.6442
199.9795,88.5518,211.0906,195.7565,355.8426,61.3313,188.6290,68.7341,-42.6580,-202.3947,127.8151,-34.8218,116.3629,-33.0214,88.3076,-275.8078,285.8860,301.4593,201.9887
268.3800,16.9208,253.7099,241.6690,328.1325,122.4987,253.3615,112.6560,93.6746,-157.1197,117.8669,-41.1692,117.0440,67.5292,87.3774,-165.0217,349.3659,350.4207,309.4088
331.6570,79.1607,243.1486,256.4034,287.8748,143.2145,287.2788,201.6886,166.8125,-63.9866,92.6609,-28.0562,57.4448,104.7209,62.1444,-5.8580,323.0353,347.1939,364.6547
343.2762,198.7064,187.4316,236.4984,210.5358,101.6680,277.7590,254.2421,150.0408,36.1694,32.6432,35.5860,-55.0290,104.3275,63.1447,64.7707,285.1240,303.0778,307.5823
274.8615,215.0401,100.9861,202.4034,79.5530,-5.8434,199.9933,203.1659,83.6248,67.8966,-42.3280,78.1022,-157.9789,103.4916,68.5532,36.8861,278.0192,243.4963,185.7950
216.2706,163.1099,28.4113,215.8526,-68.0691,-112.1470,107.1803,133.1336,74.2829,86.9939,-75.0425,52.0797,-229.5999,71.8642,49.0299,29.0722,260.2188,189.6296,124.5277
221.8477,101.2747,37.7231,230.1915,-146.0180,-107.0410,82.6010,157.0672,156.4627,135.3623,-65.9250,-3.9623,-260.5442,27.1301,1.6132,80.9792,231.3315,144.3420,177.7656
197.2817,-3.0974,122.5617,141.4877,-112.1924,-9.1233,89.7451,231.3655,174.8265,133.9457,-52.0358,-37.5424,-242.0565,45.9804,-67.3762,101.8350,201.1357,95.3708,250.1281
109.9185,-87.8595,174.2641,8.2847,-38.1330,75.6049,34.5087,259.8438,88.0275,86.8140,-43.8872,-36.3447,-212.3732,120.5728,-107.2220,44.2974,128.1826,53.8210,258.6156
65.1750,-56.0620,137.2939,-31.7947,2.5397,163.3552,-37.7438,270.3269,96.2691,108.9613,-51.7347,-33.5710,-195.3415,173.3743,-62.9725,4.9544,50.7640,69.9581,268.9105
80.7981,22.0618,96.0043,14.7074,50.5995,294.0636,6.2662,315.1036,206.7084,183.0907,-78.9580,-59.8484,-159.0600,176.1362,15.7423,57.9958,66.4665,143.9645,320.8199
69.1308,49.9677,112.6769,56.0106,131.9662,339.9535,129.6118,315.6497,202.1150,169.8298,-100.3517,-84.3873,-121.3229,127.6215,33.3727,100.4037,128.8292,155.7424,294.9348
21.3483,49.1412,110.3668,52.0480,137.3820,196.3855,126.1863,173.8032,94.5307,40.9633,-123.7113,-73.5823,-152.8531,26.4313,-20.1271,25.9864,123.4148,5.4507,124.0780
-30.0853,17.5787,26.6440,-3.4766,1.8086,-27.9642,-62.6219,-56.3374,9.8070,-112.9219,-173.9960,-64.8565,-240.3044,-74.3924,-106.0463,-99.6355,62.6404,-213.7659,-81.2470
-99.7203,-79.6189,-64.0498,-96.0496,-166.6813,-207.1515,-260.6431,-245.5277,-109.2835,-236.5724,-210.2318,-95.6882,-309.9055,-139.9732,-201.7678,-209.6369,-7.1059,-323.0157,-233.5249
-158.9144,-163.4191,-89.0667,-176.8759,-283.4786,-338.8661,-355.8995,-359.4360,-238.4135,-327.9675,-196.3470,-143.5285,-356.6403,-228.1115,-267.4346,-332.9863,-92.5660,-286.8770,-355.9803
-153.3290,-128.3259,-83.7038,-201.7535,-397.3213,-425.1204,-420.3109,-439.4342,-266.6939,-378.1165,-171.0081,-177.2133,-407.5316,-341.5825,-283.8974,-422.1245,-146.9685,-217.5634,-446.4832
-129.5151,-19.4638,-80.8499,-163.7229,-514.9147,-476.5025,-484.0730,-499.2266,-336.7180,-372.3297,-151.5283,-177.7225,-437.2641,-385.9426,-307.8773,-401.8382,-122.5051,-217.6966,-485.4814
-155.1125,31.2284,-65.1342,-98.4204,-567.3176,-568.7097,-488.1544,-531.0699,-510.5134,-318.7118,-127.8942,-141.9441,-425.8258,-371.3429,-351.9137,-345.9377,-90.4742,-285.4143,-515.8744
-194.1731,-38.3199,-70.6805,-72.3837,-572.5200,-700.0530,-458.1231,-539.2711,-478.3983,-258.6376,-143.8754,-125.3423,-409.7195,-393.7730,-320.4774,-326.5179,-111.1813,-345.3338,-545.2753
-208.9567,-173.2550,-153.7165,-108.2354,-599.5764,-736.9056,-456.6335,-505.1727,-194.8778,-234.7798,-207.4521,-160.1162,-418.5741,-408.0278,-200.4250,-290.6244,-138.8900,-346.1476,-499.5784
-245.6591,-267.8590,-276.2400,-155.6749,-617.6545,-611.2181,-445.6098,-405.1393,-63.7314,-241.9645,-240.6207,-160.9630,-434.9138,-325.2011,-131.2624,-246.8106,-152.1366,-302.9572,-361.6876
-320.3341,-292.7945,-346.2613,-180.8423,-556.8683,-414.6298,-373.8196,-281.1544,-166.9503,-234.9114,-220.6048,-85.4785,-423.9009,-226.2584,-159.6971,-252.5142,-176.5293,-228.9453,-208.5071
-373.7541,-321.3159,-328.2946,-197.3391,-429.3806,-264.5235,-264.0576,-190.1964,-190.1263,-185.2683,-189.2604,-55.7787,-359.0830,-209.1253,-159.7052,-236.4670,-198.9694,-118.1985,-98.0449
-397.1147,-403.7339,-253.2453,-211.5924,-284.5438,-192.6658,-140.2974,-113.4430,-68.9659,-101.1466,-148.7859,-141.8705,-244.6568,-227.6294,-85.7094,-142.0738,-217.3098,-10.5242,-23.5476
-450.5254,-502.1083,-184.6305,-221.7152,-139.7434,-153.0815,-5.3943,-16.9598,47.9329,-1.7087,-114.1915,-223.0367,-126.6374,-236.3006,-33.5476,-50.3493,-254.7844,51.6651,51.2283
-521.7982,-559.2971,-164.8725,-221.7861,-1.2754,-91.7536,114.3718,65.6740,128.4099,87.5706,-118.6972,-200.5185,-42.1306,-243.2039,-13.1694,-1.5831,-264.2628,91.8272,137.5918
-530.2658,-559.2800,-155.0475,-186.4929,111.3613,-17.4274,181.0472,89.8210,131.4530,123.2372,-107.5822,-136.2027,21.1347,-215.8578,51.6940,14.1896,-192.5452,126.8933,177.6678
-489.5144,-524.3474,-98.6420,-117.7316,175.7021,24.1891,177.8158,60.5583,40.0875,80.4115,-38.5899,-105.3948,71.3572,-157.9021,124.6426,-40.5314,-97.1099,145.1814,122.8851
-472.0441,-477.0404,-20.0176,-53.3728,188.6481,35.2914,141.6785,8.5569,12.9111,-0.6928,11.6077,-92.3606,84.2462,-148.4232,127.5143,-104.9219,-40.4498,176.8112,44.8380
-433.2217,-428.9138,40.9648,-4.0490,176.6161,50.8290,144.6138,-30.2534,82.5555,-63.6920,22.7744,-68.4758,75.7824,-185.8252,112.4777,-60.5532,7.5174,224.7709,36.1970
-304.3740,-418.2063,102.2403,35.0647,171.5616,69.7757,183.5622,-29.1816,63.8165,-105.6748,77.4352,-48.6111,105.0325,-194.8620,146.2301,5.1769,67.3449,225.4804,68.5649
-183.6646,-457.6823,164.6285,59.9339,189.6228,79.2966,192.6413,2.1440,-42.7177,-133.6046,155.1672,-41.8204,163.9856,-172.4473,172.1720,-26.1891,106.2708,204.5199,82.6660
-191.3692,-447.9805,188.4867,94.4170,230.9408,100.6654,190.6346,38.6265,-90.5303,-125.0319,168.2008,-22.7590,185.3387,-137.7225,135.0507,-38.4293,116.3576,241.2189,93.9112
-269.0399,-330.3239,168.7107,139.1000,268.0186,148.1740,228.6656,70.5375,-132.5696,-95.4028,140.1033,14.8385,168.3078,-73.2882,86.4346,36.5604,103.1829,259.9860,108.9964
-313.1329,-236.6479,112.7943,127.6142,255.0380,187.4739,248.8702,86.9012,-224.8664,-90.5800,105.8332,37.0425,154.9730,-19.9006,85.0004,56.0973,40.5294,167.6832,85.5580
-316.8716,-250.0925,4.2368,55.6048,175.0257,183.8495,203.1603,77.3277,-231.8880,-90.1196,23.2004,32.6517,125.1326,-33.9947,111.2906,4.2566,-65.1868,70.1494,27.1245
-280.6125,-232.7268,-122.1275,11.8072,51.9918,154.5028,158.3897,47.0522,-149.7507,-60.2527,-79.2013,19.8746,61.0735,-71.9573,116.1019,3.8748,-139.5341,54.1625,-12.3701
-198.2027,-118.1895,-184.0573,16.8132,-64.5933,125.4752,141.7558,-15.4528,-145.9082,-54.4141,-106.2955,-12.0320,21.5300,-92.6658,93.3410,4.4651,-131.9935,19.2759,-24.8354
-132.5386,-56.8161,-164.3124,17.4343,-110.0454,83.4168,100.9286,-125.2686,-191.2410,-107.6076,-59.9717,-64.5273,34.6356,-128.2213,75.4906,-73.2476,-78.6120,-73.6398,-48.4276
-132.2516,-119.1470,-112.6564,1.7154,-76.6385,30.5626,38.2417,-226.7463,-141.7767,-141.7694,-11.7918,-83.5971,40.5612,-151.7227,56.5747,-103.1223,-52.5714,-123.7019,-85.1500
-153.5722,-189.2352,-77.4905,-34.5763,-56.4163,7.0434,-16.1168,-242.7112,-64.0244,-101.1160,-1.6124,-55.6728,-4.2914,-104.6589,-7.8110,-18.0701,-93.7390,-118.7475,-91.4779
-149.2352,-193.6882,-89.8363,-108.5940,-104.0136,-7.7536,-65.3357,-205.0984,-65.6617,-40.6786,-39.4266,-44.2366,-82.4726,-59.9159,-88.5025,29.5243,-179.4478,-129.4045,-58.9560
-127.1122,-180.5654,-129.3652,-180.1264,-150.8121,-78.1605,-92.9719,-204.9003,-66.4824,-17.2925,-89.8292,-71.5077,-158.7785,-106.5426,-109.5540,-29.9935,-246.8498,-146.3146,-43.7596
-113.9478,-202.1392,-127.3931,-201.8416,-153.9832,-151.5991,-105.0231,-229.3064,-30.8017,-20.3856,-92.3083,-97.7620,-193.8407,-160.0973,-104.8695,-71.3455,-259.8102,-136.4345,-70.2290
-127.6893,-238.7518,-83.0746,-184.8628,-158.4251,-117.4605,-152.7200,-189.9593,-80.2754,-13.0350,-67.7249,-102.3891,-178.8563,-118.5044,-154.4928,-35.5034,-244.3525,-117.4231,-76.6288
-153.2841,-223.8678,-72.7619,-145.2276,-156.8933,-21.0080,-193.8014,-92.0958,-197.0816,28.7193,-78.8023,-74.9115,-155.2247,-53.9707,-207.1163,-13.1127,-233.9088,-93.1481,-22.6876
-157.9769,-160.1855,-107.4080,-108.4214,-96.0454,19.0705,-137.0063,-29.2953,-203.0040,85.7148,-104.4861,-18.0502,-132.7667,-55.9529,-180.1453,-49.1520,-222.9358,-57.6164,46.9869
-152.9315,-134.1189,-142.6458,-123.7799,-10.7320,23.0022,-36.9202,-14.0880,-105.5111,113.7443,-117.6852,0.9979,-81.9927,-68.9633,-124.2753,-68.4298,-212.6830,-41.0998,96.2031
-159.4423,-142.4238,-195.6648,-167.1427,28.3553,54.3083,8.0274,30.7976,-60.9775,117.9410,-173.5334,-57.3700,-35.9577,-37.6029,-107.4485,-23.3384,-226.4710,-61.9236,128.3643
-149.7451,-102.6605,-274.9775,-160.7475,23.2620,74.9533,26.5378,93.7137,-51.1294,123.7030,-271.6635,-108.5598,-45.3731,-15.8247,-107.5379,19.6172,-242.0768,-91.4378,114.2660
-119.9776,-56.7664,-302.0533,-107.1476,0.1690,61.8337,42.9041,64.3019,3.9018,90.3890,-306.3059,-71.1958,-68.3791,-25.7322,-120.8961,-0.9874,-211.9640,-94.9075,28.4921
-112.3848,-84.7042,-250.5556,-60.3773,-27.6073,63.9090,5.7679,-58.1413,16.7003,-10.3922,-255.2754,14.3868,-59.0243,-8.4625,-172.4393,-44.1265,-164.4686,-74.0120,-73.2689
-114.4046,-122.3631,-206.4138,-46.1148,-33.4996,73.0306,-65.7075,-145.1077,-46.2211,-101.0528,-225.2023,73.8632,-62.0070,33.4229,-212.0077,-59.3628,-160.1554,-72.2412,-134.8153
-87.1379,-116.0533,-197.4423,-68.1613,-23.5989,33.3271,-109.6368,-164.0344,-65.8983,-125.1310,-250.1962,93.7919,-108.4600,42.5387,-191.6543,-64.4588,-171.0933,-114.3201,-186.4939
-58.6725,-113.4599,-147.7605,-78.4798,-46.9683,-41.6527,-150.6242,-210.9678,-74.7290,-152.3926,-238.7700,102.3331,-157.0864,34.6155,-175.1413,-76.3158,-141.4528,-151.0037,-265.9228
-55.6267,-92.0236,-49.3478,-24.1280,-101.9381,-92.8651,-218.7322,-303.3240,-196.2246,-229.0334,-167.9302,116.6416,-184.9402,48.3757,-228.5707,-76.7664,-100.8987,-131.3402,-335.8752
-45.9934,-9.2860,6.8922,36.8942,-130.4693,-76.8433,-261.4603,-344.0784,-317.7054,-263.5919,-139.6046,125.8328,-208.1130,64.5984,-310.3774,-61.3035,-84.3331,-74.9454,-339.3531
-12.8654,51.1577,-6.6155,60.1821,-114.8136,28.7701,-233.6235,-290.9390,-302.0493,-184.5872,-183.9144,137.0205,-225.0660,82.3944,-352.3820,-46.2946,-47.9225,-16.6299,-284.4294
28.4048,27.9632,-21.7102,115.0463,-91.2973,181.4122,-166.7965,-208.0291,-260.0384,-78.9646,-195.9824,177.3637,-219.7405,130.3754,-342.4459,-51.4786,21.2395,18.7063,-233.0184
54.2339,-45.7740,-12.2985,157.0813,-83.5630,285.4736,-120.4316,-164.3553,-261.0531,-51.8880,-143.3371,203.8153,-190.1677,192.4395,-299.6724,-78.9227,36.6175,-2.8709,-216.4806
21.5372,-155.8398,-33.8532,51.0143,-77.4829,309.8357,-107.8799,-161.6021,-224.0509,-68.4697,-135.5366,159.1233,-155.5901,248.2357,-253.5722,-80.6731,-57.1533,-54.7358,-210.9624
-53.5749,-218.7639,-113.2977,-90.8886,-55.1933,292.7804,-94.0606,-153.0390,-209.4446,-60.9268,-209.0076,122.0102,-139.4630,281.7047,-238.0521,-23.0667,-188.3711,-60.8788,-211.1629
-57.3400,-95.8250,-199.3586,-74.4940,-30.0737,240.1996,-89.7069,-121.2952,-311.1675,-64.4213,-255.4350,167.4939,-130.3824,229.3576,-253.6296,28.5383,-252.3101,-33.9456,-248.8497
43.7855,112.5713,-235.1381,6.1113,-22.7924,151.7624,-155.9708,-111.7030,-406.7772,-106.1485,-216.3485,197.1003,-104.3165,121.8034,-262.2402,17.3235,-227.1025,-22.6112,-309.5673
137.0289,186.0890,-206.3493,29.2110,-17.5192,90.8675,-253.4488,-148.0405,-401.4376,-114.3597,-145.9963,167.1382,-84.3309,124.2392,-242.8503,1.6808,-162.2978,25.7112,-336.5415
160.0498,173.8183,-126.4721,87.8130,2.1269,90.5897,-263.2547,-188.9943,-366.5914,-78.3778,-85.1403,193.5165,-90.6987,208.0122,-212.6377,16.3503,-104.5004,119.4317,-330.2734
158.5441,200.7939,-34.8743,164.6523,7.6430,64.4263,-196.5816,-221.5547,-302.6538,-103.9837,-36.6583,243.3085,-85.8683,145.8464,-184.9682,-11.5133,-64.0619,121.7920,-333.8564
153.5978,177.1880,21.4315,118.7731,-19.2658,-59.1346,-156.9194,-271.8000,-188.4346,-190.3145,-7.5562,165.1182,-59.7627,-18.0964,-158.8921,-94.0232,-30.2109,20.5674,-341.9673
141.4243,101.9263,46.0395,56.8156,-50.2905,-178.2917,-148.6569,-297.5257,-139.3922,-185.8964,21.2054,60.8469,-54.9947,-24.8612,-155.0952,-126.7053,5.5712,11.8366,-320.7176
146.6133,165.3041,86.8620,151.6049,-66.2018,-141.3323,-139.2883,-241.3704,-204.0086,-63.6411,73.9880,117.5671,-65.1384,80.9721,-197.0358,-72.7390,38.4392,144.3215,-270.8639
167.5876,321.8349,156.8127,275.1665,-70.2799,3.6314,-155.9382,-170.2374,-287.6056,4.8453,117.5433,212.3134,-57.1958,70.5467,-250.7894,-26.8464,62.3455,224.3696,-207.1249
177.3691,332.6016,218.5633,258.9945,-54.9392,79.1004,-179.8454,-169.2496,-325.0278,-59.8759,125.0295,157.8094,-51.9212,-2.1842,-256.2054,-48.8556,88.8116,177.4148,-126.3979
180.3053,239.5198,242.8410,190.5930,-19.4202,89.6620,-150.8606,-169.9616,-247.8680,-99.9011,140.5648,62.6125,-47.6015,38.2953,-220.2058,-61.3228,119.4905,154.2651,-31.2132
179.0014,252.3522,231.7969,193.8860,19.4809,194.4791,-100.4955,-72.2730,-33.6028,28.3529,183.8537,90.7759,8.9620,133.7383,-202.3369,19.3816,117.1351,225.9825,53.5567
160.8307,329.5788,202.9465,242.3964,56.1174,382.8776,-87.6080,80.2730,108.2555,235.1439,196.3034,183.9242,100.0280,155.4967,-209.1421,129.6400,67.4865,286.1230,105.4436
147.1196,314.3280,170.1730,268.9572,95.1118,494.6190,-76.9725,199.2643,46.2955,357.9034,150.7874,225.3066,153.1835,138.6640,-182.0928,157.5835,30.4015,275.0809,130.8338
159.3204,248.6795,127.3947,259.6056,146.4383,507.9919,-14.1370,273.1286,10.3222,382.8792,107.4479,218.4096,177.6581,160.7184,-97.2606,135.1867,58.8476,251.8626,152.8027
164.4661,239.9467,74.2171,261.2347,221.1840,507.0736,78.2999,298.4776,93.6621,359.0099,118.9356,225.3468,229.5476,204.9703,-15.3590,162.3539,124.7650,254.8329,168.3978
127.2796,242.1351,53.3520,316.7209,290.5347,489.4377,138.2342,260.3315,45.7051,268.3474,163.7485,262.6728,304.6296,220.3786,-2.5232,224.1447,173.8174,263.0151,152.0086
78.2786,176.8191,98.8750,359.8216,309.8949,429.8940,147.0840,200.2591,-102.4098,130.6397,195.3207,276.5347,361.0396,196.4449,-28.8171,257.2137,182.8064,249.2750,112.7273
87.0326,90.7868,161.2230,298.0851,287.3117,356.3650,146.2656,148.8775,-46.9360,33.5915,192.9717,224.2036,360.6652,154.6037,-9.5683,260.2480,147.2954,188.6274,78.7571
158.9791,48.6411,165.2476,180.2807,234.0771,267.9513,151.3297,62.1430,84.2207,-18.7329,157.3857,155.5366,284.2111,109.6026,57.2844,224.0346,82.5325,93.1831,31.8991
192.9871,11.1284,117.8461,107.6946,133.6929,161.7278,119.3515,-55.0169,-23.4875,-66.9491,110.9612,124.2089,179.5017,61.3267,92.4382,136.8385,25.3643,30.4999,-42.9207
122.2497,-57.2118,71.3886,74.3664,29.4915,98.1469,57.2057,-116.2728,-176.1396,-64.9073,90.8886,95.3518,113.3766,17.0225,66.5003,67.3569,-4.7256,19.0650,-90.3481
41.9540,-91.3509,26.6963,37.9130,-27.2515,98.4491,24.9979,-111.0257,-83.6587,-2.2448,93.3644,42.1844,54.0212,-10.2096,21.2658,58.9910,-14.8760,-2.3656,-75.3438
61.9329,-52.2723,-32.1066,11.0089,-91.5327,105.6786,13.1987,-102.0741,49.1199,27.7558,69.6006,2.9688,-59.0326,-19.9175,-10.3086,51.7096,-11.7747,-48.2512,-50.2627
131.4975,-12.2781,-64.6925,8.8248,-186.5436,105.8727,-12.6628,-87.4118,-13.7243,18.1764,19.7774,-8.0626,-169.8220,-15.2616,-16.4077,30.6572,-2.4406,-72.9375,-46.0760
148.4910,-22.0736,-38.9399,13.6094,-211.9634,132.3660,-25.0076,-51.5538,-116.5137,41.1658,-0.8202,-11.2271,-191.2402,-3.1290,5.6621,52.6696,-4.9174,-64.9890,-27.8633
101.0200,-41.5575,-11.8410,-5.4702,-148.2560,168.7049,-19.7360,-43.4316,-95.7290,64.6722,4.7067,-14.3810,-145.2441,-6.1445,35.4369,97.3640,-39.6072,-36.6487,2.0362
19.6359,-53.7986,-48.3050,-62.9867,-87.7829,180.0034,-12.8827,-61.3181,-2.0495,50.9140,-9.9450,-30.0756,-85.4673,-19.2141,60.4178,109.4652,-107.6784,-42.4961,7.5047
-59.1760,-94.8187,-117.5879,-118.7451,-28.4903,181.2839,40.4729,-33.9369,101.0520,68.5748,-25.6194,-49.4509,-13.6592,12.2901,84.5064,113.4951,-167.8158,-227.6611,11.1813
-83.3253,-146.1609,-155.7444,-123.0600,68.5922,189.8810,117.5302,22.1862,144.9525,117.8822,-15.6883,-26.6661,41.8646,96.0313,80.8656,124.1432,-171.1396,-603.7464,46.2917
-55.5059,-135.3124,-163.4475,-99.8193,129.8104,179.3085,97.9997,23.9328,48.1074,114.9352,-26.0965,20.9568,23.3190,140.0693,35.0826,101.7189,-142.2229,-839.8584,64.6244
-47.1950,-66.3180,-173.7935,-87.1126,102.8950,135.6202,0.8113,-18.1758,-99.5788,86.8969,-67.7859,25.2116,-45.3230,73.0571,-1.4841,68.9436,-146.5390,-607.8553,-3.9069
-86.3553,-34.4879,-187.5232,-63.7951,40.0242,104.4557,-42.9320,-33.4812,-129.2108,100.9467,-73.3791,10.8539,-88.1250,-56.4705,-6.8631,86.2860,-171.2991,-55.9221,-139.4254
-118.7609,-72.2630,-186.9835,-26.7221,-24.3876,125.0510,-43.1174,-18.8462,-81.2283,110.9251,-36.4718,45.4719,-96.7408,-150.1449,-30.0540,126.1599,-158.3340,355.0902,-243.2210
-87.9641,-92.6940,-166.8377,-11.2598,-78.7912,157.0986,-80.4993,-20.4820,-120.6992,75.0551,-23.1939,96.7452,-102.6578,-164.7756,-78.2750,120.9238,-115.6006,412.8456,-250.2131
1.9874,-38.9695,-127.8757,5.6521,-99.4154,154.5118,-135.9529,-49.4352,-239.4068,35.4900,-41.4008,106.3752,-100.2215,-133.4380,-112.2386,67.0047,-66.1553,323.7758,-191.3832
84.8220,40.7417,-73.2922,67.1154,-120.4840,160.8100,-176.6437,-66.6246,-268.5773,13.9625,-53.7994,95.2295,-94.1238,-117.7208,-142.2144,7.4259,8.2991,337.3970,-134.9876
99.2409,103.0296,-12.5343,131.9145,-175.2951,213.7216,-205.0047,-46.3456,-154.9766,-2.1338,-53.4569,100.0565,-126.1238,-133.5540,-186.7308,-15.6616,78.2395,410.6846,-112.7230
71.1783,133.8237,53.8835,149.4437,-197.3011,241.0299,-203.5627,-35.2735,-67.8479,-23.4393,-30.2115,120.3631,-184.0590,-145.0251,-216.0373,1.9850,85.9794,392.4908,-120.9933
67.2719,94.5168,131.1419,150.3210,-134.0118,195.9525,-178.5452,-76.7911,-142.5377,-67.7445,21.4774,140.5156,-192.4342,-134.4292,-218.3092,6.0003,78.2071,341.3334,-127.8672
87.2051,14.5726,191.9779,158.7180,-22.9820,167.2276,-136.7480,-108.1796,-232.6620,-105.0857,48.5043,145.0808,-127.9080,-104.4343,-201.4467,-33.5936,124.5313,366.9292,-79.4368
88.7532,7.6714,187.5733,130.3746,95.7898,209.8565,-29.3930,-62.2459,-147.2812,-82.0280,19.0015,144.5324,-38.1299,-42.2701,-141.3832,-56.1404,168.1759,378.3285,24.6669
73.0909,63.7909,130.3017,59.0920,187.6499,242.5545,111.5550,10.1793,-13.0934,-51.9211,-2.2762,164.1796,48.7531,29.9235,-50.5167,-18.7849,146.2296,321.3836,108.3317
74.2548,60.1168,108.2386,33.1989,229.0114,228.7048,163.6539,49.0725,-57.5783,-81.7241,38.3172,184.7213,132.1859,55.3391,-0.2880,20.5196,119.4375,333.1637,131.3902
102.4385,22.4127,165.2894,102.4292,270.5667,238.1295,135.6073,73.5974,-180.4268,-94.0432,92.6080,175.4228,186.0644,52.2929,4.3315,6.5427,138.4422,375.5949,132.9202
129.1593,78.6468,228.5853,184.2810,322.2909,256.7040,119.2069,90.3588,-130.5514,-23.2758,93.9327,157.1482,183.1101,84.5635,19.9057,-33.3117,151.0688,198.7957,138.1040
119.7867,205.5137,205.9695,190.1951,276.5820,182.7126,86.1432,87.2212,51.0089,58.2261,45.9659,142.0473,139.8869,121.1461,21.8164,-49.0904,110.3081,-142.7216,131.4257
77.9263,279.4869,94.0529,138.6474,124.6371,37.8059,10.0666,96.1980,134.8660,112.8254,-2.7617,97.5327,91.8969,96.2144,-43.2526,-25.7566,28.5582,-318.5734,113.4447
34.1925,247.4378,-38.5648,60.7792,-0.5459,-63.8273,-18.2822,115.6224,96.3585,169.1605,-28.5138,19.1045,56.1631,46.9463,-107.2477,16.5318,-65.0315,-310.0764,94.4769
-4.3909,124.0949,-123.4351,-55.2040,-83.9092,-118.1597,18.2262,90.3783,77.4718,181.1529,-59.3659,-59.1653,25.7806,31.1584,-84.5461,51.7610,-137.6891,-360.6896,63.6209
-47.7215,-2.9607,-145.5112,-158.0268,-201.7995,-172.4272,24.5612,48.9831,91.1183,132.2083,-114.5262,-103.0355,-16.4872,20.9635,-32.1114,87.3055,-174.5715,-445.4539,20.6051
-89.3916,-8.3302,-144.5118,-163.2787,-291.4589,-177.2113,-7.9749,73.5037,63.7203,129.1711,-145.6649,-84.7477,-64.3572,-9.6309,-25.7756,118.8470,-190.7248,-375.8469,-0.8652
-111.3400,78.8486,-143.5455,-111.6929,-259.5617,-119.3925,-2.7926,124.4408,49.1917,174.9662,-111.5344,-39.8457,-75.9464,-24.9677,-21.2501,66.4665,-178.4200,-239.5761,22.2259
-85.5999,94.6296,-114.0435,-104.5651,-155.3215,-131.4165,51.6343,93.9440,108.5381,115.7894,-57.9144,-61.6196,-23.0125,-7.0719,17.5678,-95.5619,-120.7729,-227.1209,59.5476
-3.9691,10.2549,-58.0390,-133.9271,-45.4053,-265.3029,101.3005,-4.5868,127.0132,-53.5783,-35.9212,-139.2145,64.8105,15.3255,38.2997,-216.0773,-63.9065,-251.0738,65.7026
65.3897,-57.6126,-32.9804,-134.6025,67.2652,-365.4767,119.0576,-69.6206,37.3276,-151.3822,-25.5041,-157.6763,127.4659,21.3795,37.1317,-183.6973,-52.5865,-148.7377,46.5782
51.5429,-55.9001,-42.3181,-100.5776,153.9635,-332.3133,131.5379,-88.9474,-10.9599,-128.7385,-10.2821,-107.9261,136.7338,20.0314,64.8647,-122.3642,-45.9484,-17.4017,26.4287
-1.9843,-6.6729,-25.6332,-59.9747,176.4042,-281.4155,149.2508,-144.8274,43.3837,-118.4340,-16.1289,-78.5415,122.8144,26.4687,89.5573,-151.7936,-6.1949,-11.3700,-18.8054
-19.2926,64.2580,20.1954,-27.0911,148.7497,-313.4690,119.6613,-253.1341,54.9914,-172.3900,-35.9899,-75.9793,126.9842,31.7541,65.3937,-183.4290,40.2460,-47.7751,-104.2400
-8.2853,109.8181,43.2975,11.3823,95.5893,-367.8379,23.1877,-331.6223,12.7007,-216.6042,-31.0708,-65.6445,130.5113,8.1946,46.0428,-144.3358,83.6163,0.4975,-187.9078
10.2346,110.8664,44.1503,81.2394,27.4674,-403.8409,-83.9602,-359.6542,40.5966,-216.6917,-1.5539,-72.0420,84.2376,-40.2190,57.2631,-113.3415,133.9363,51.0581,-260.6666
46.6264,109.5026,59.8423,143.4695,-40.8966,-483.8872,-193.6436,-409.2662,65.2994,-193.9978,26.0791,-95.1579,1.5183,-76.6321,35.8170,-118.6154,157.0029,-9.7182,-349.6333
71.2979,109.1713,75.5925,114.9821,-105.2107,-589.7482,-323.9294,-476.8215,-32.0719,-174.8223,30.6504,-94.5140,-67.7541,-92.5479,-13.3144,-103.2099,128.9848,-115.6251,-404.0412
57.5467,82.3526,52.2412,18.0967,-171.9301,-591.7428,-387.2090,-482.8280,-124.0320,-213.6589,-8.5918,-94.7115,-126.3627,-104.7911,-24.5033,-93.4262,87.3987,-168.2200,-358.0510
48.8566,65.3404,11.0561,-51.5552,-241.2488,-479.7071,-327.3809,-431.9504,-101.3536,-295.1529,-72.8674,-133.4608,-189.3636,-106.6403,-28.7148,-127.3393,61.4843,-184.3265,-260.6471
57.6494,66.8175,2.7011,-87.7896,-300.0752,-396.2879,-247.8777,-356.9345,-75.4463,-249.4552,-99.7000,-156.1351,-208.8953,-86.3010,-79.7456,-130.0410,46.4585,-184.2798,-171.1828
24.2243,8.4282,5.6020,-115.8692,-302.8509,-382.6251,-201.1093,-216.8508,-83.9158,-23.5379,-83.0987,-111.4844,-136.0276,-60.3486,-113.2322,-67.7136,41.1101,-124.4338,-65.1949
-55.2313,-89.0097,-42.0276,-92.1559,-208.3057,-329.7665,-116.9460,-44.2738,-20.4241,137.6342,-79.4427,-57.8646,-3.1721,-50.3992,-54.2237,-32.9219,33.9966,1.4648,40.7532
-109.8372,-81.7740,-102.3692,-14.0957,-54.5622,-215.4809,-8.3412,31.0278,105.2561,80.4354,-87.8667,-55.7617,115.2305,-50.6677,56.3536,-64.7453,21.5797,135.8112,75.3899
-108.5919,34.7918,-73.2684,54.0095,85.4688,-148.9639,55.9363,7.5582,188.1588,-6.9428,-64.2526,-50.5057,180.4718,-35.4934,130.6674,-102.4210,51.9240,238.4582,50.3324
-76.8140,112.9321,25.1156,112.7773,183.1259,-172.5751,82.3780,-22.4856,186.0539,15.7393,-21.3572,32.4940,201.8120,1.4534,127.3720,-119.5512,137.2750,304.7361,16.9375
-31.3848,133.6598,79.4720,184.9117,219.3928,-223.3056,60.6192,-72.6417,110.1119,43.9682,19.5982,144.3284,193.1827,30.6116,74.9240,-113.7703,187.3270,322.2192,-28.4238
33.3853,210.1337,72.1262,215.8891,175.3044,-257.4106,-27.7132,-147.9695,36.7219,38.0305,67.9366,185.1012,142.0935,35.8460,38.5509,-63.6215,151.8563,274.3850,-68.6408
115.5329,330.3009,53.6193,188.5471,80.4492,-272.4400,-107.3108,-151.9274,40.9007,52.2195,72.5594,181.8852,49.9172,40.0069,25.9841,-17.0866,111.7084,188.6182,-65.5120
173.4217,376.9566,23.4961,186.0152,-28.7463,-272.8335,-155.8985,-98.9419,30.6595,35.1295,-26.6015,235.7790,-32.2856,49.0428,-16.8202,-44.9509,135.3331,130.8794,-69.2710
155.6198,349.9468,-7.6390,241.5698,-138.9598,-272.6942,-247.3929,-107.7192,-85.0925,-15.2177,-143.2538,314.2870,-71.5915,50.3399,-80.0915,-76.4790,188.8100,121.2157,-137.1315
97.1732,329.3047,8.3575,285.4414,-213.3113,-271.1894,-334.9132,-153.5718,-169.9551,15.8970,-150.2077,296.0881,-100.7186,61.9733,-95.3731,-7.0706,225.6069,104.6871,-206.7205
98.7850,315.3343,44.3874,264.3802,-254.0441,-255.4493,-332.9462,-149.2891,-121.9687,85.4103,-83.9120,205.4514,-145.7802,85.7583,-74.4024,86.4369,229.1472,44.9567,-210.1559
163.9589,293.2128,34.4245,205.9372,-346.4628,-239.2072,-334.4453,-135.1862,-64.3376,64.8618,-56.5835,185.7595,-191.3440,87.9333,-84.6785,76.3707,188.7344,-18.9352,-183.0484
183.4911,306.5251,-1.4943,173.0853,-484.1423,-207.8356,-402.3223,-140.5898,-64.8314,27.7624,-78.3695,252.2131,-228.3898,86.5946,-123.4285,9.1807,126.5010,-34.7250,-165.4624
113.3124,337.7060,-23.9639,176.3124,-526.2718,-99.1173,-411.1226,-92.4637,-61.1210,68.6801,-102.4233,274.5836,-240.8997,120.9300,-141.9723,-9.6417,79.9082,7.0575,-136.6084
30.5929,304.1322,-60.4537,142.4681,-434.1616,61.1684,-313.0887,18.2825,-59.7760,107.6971,-119.6846,201.3123,-184.9238,165.3240,-119.2025,11.5897,30.0823,69.5200,-79.5473
-7.3434,222.5144,-128.0158,31.9604,-308.0163,159.8778,-202.1986,113.0784,-67.5888,112.5575,-141.8339,118.2963,-61.8127,201.5167,-51.8355,40.3166,-55.2157,88.7682,-9.9161
-41.4772,176.4345,-193.9045,-73.6619,-185.4840,183.1710,-87.1370,160.0379,-28.7593,146.5197,-172.0722,76.2965,61.1525,241.5045,39.0996,90.5956,-139.3882,48.6914,52.2745
-120.7684,158.9329,-233.4952,-104.0456,-50.6221,202.5147,62.4972,180.5161,28.0860,185.5769,-196.2267,27.2774,134.5109,246.2030,97.5953,133.3467,-184.5785,16.8548,93.3177
-212.7699,124.1174,-246.7376,-113.7877,52.2380,209.7320,175.6303,196.2653,62.5818,202.4131,-193.1810,-43.5895,155.2777,205.8856,102.7867,116.5052,-225.4941,27.8510,109.1329
-250.9779,95.4488,-251.7380,-164.5810,95.5929,166.2779,206.6436,216.6132,126.0856,245.2179,-177.6098,-73.1701,138.8629,197.4104,103.9468,70.6550,-283.0113,21.9246,110.5249
-228.6718,113.7565,-268.0738,-215.0566,108.9666,111.5388,206.4837,221.9269,194.3534,289.8114,-177.5652,-32.2970,110.4712,227.6848,134.3869,58.3198,-307.3575,-22.2859,111.5806
-181.8106,181.0441,-265.3369,-201.4264,88.1683,81.2041,200.9671,190.5521,197.2078,276.1561,-166.2607,37.9189,83.2078,234.2712,158.5637,78.1475,-268.5709,-46.4478,112.0136
-121.0912,254.6277,-201.3294,-136.6799,29.0618,61.8266,170.9194,140.4104,194.4113,236.0924,-112.2719,98.1287,56.8076,244.2546,145.8060,95.3417,-204.0967,-38.6652,98.2395
-65.6479,243.5673,-120.9017,-81.4634,-12.5963,74.5232,114.2308,107.5892,204.9274,201.1069,-54.2582,134.9586,51.1824,301.9311,118.8263,98.4176,-155.4947,-22.5656,72.7244
-66.5409,126.4852,-91.6357,-53.7453,-9.6212,151.0249,48.1171,125.8413,139.4177,173.7079,-25.7728,147.7229,77.0177,367.6736,91.7521,111.2497,-124.0485,33.6735,69.4632
-105.8237,42.0962,-82.6212,-17.2436,16.7795,254.5577,9.0675,203.0705,58.6934,193.8011,-0.8643,153.2493,105.0773,420.4568,48.4021,166.9024,-82.6595,137.1228,112.1273
-91.4270,85.0641,-34.1318,30.8208,77.0043,346.6329,31.0133,291.7683,73.3133,242.9262,26.9601,170.3277,128.3069,476.2638,11.3470,235.4982,-18.0726,224.4718,191.6245
-12.2184,146.9614,37.1764,40.9718,173.4600,450.7242,107.3439,371.3277,107.0199,255.1294,39.3202,203.9578,168.8015,521.9899,20.9221,248.5942,28.7139,282.8152,304.9804
44.8939,132.7488,83.3770,12.9757,252.1121,571.4551,209.2595,493.6266,125.5075,275.0152,54.5509,249.3890,204.4902,561.4617,42.0093,236.5743,14.3272,342.6244,440.2987
37.8526,110.3012,86.4175,7.2566,281.5400,657.6776,282.1268,634.6303,206.9524,342.8955,76.2627,277.7986,203.6170,604.9849,29.4547,276.1205,-19.6901,374.1355,532.8520
-1.2464,122.9609,63.6391,34.6449,275.5725,682.6984,259.9268,679.2382,263.3020,361.2366,64.5504,251.7631,188.6613,611.0558,30.2434,307.3423,-8.2499,355.9692,541.3716
-30.4513,114.8764,63.3115,53.2665,243.0040,658.2518,189.0623,617.7304,207.0434,296.5943,34.4238,184.4114,180.4854,562.2948,76.2871,239.1742,31.2293,326.0374,513.5123
-16.7798,90.1976,110.2216,62.6175,209.1766,583.2468,194.5653,528.8336,184.1116,243.1157,48.6189,127.8109,174.8803,492.1543,110.0541,140.8136,56.3415,288.8418,477.8241
28.5273,109.6158,168.0814,95.2001,204.2523,474.4929,259.6530,427.2057,231.8808,217.9644,92.8623,103.8734,185.0569,407.6611,118.6567,86.1002,74.8745,241.8395,395.2154
44.9988,155.8284,210.1640,150.9559,194.5752,392.5464,273.1789,328.1699,210.5371,185.7845,105.5096,94.0446,198.7397,321.0726,139.3212,27.6196,94.6208,232.6244,293.5702
27.0151,175.3160,240.9178,201.2870,145.4124,352.2902,245.4499,283.5218,195.5063,179.3077,90.8537,67.5018,163.6106,266.4990,125.7441,-2.8235,104.0277,244.5586,262.5034
35.2892,172.5469,231.4730,212.2689,111.3916,290.2115,231.8475,256.6175,315.0281,199.2839,81.0934,6.7251,92.7012,215.1732,46.8152,75.5322,108.8047,201.7892,281.8370
61.6099,156.0175,169.4983,158.9835,141.4324,187.9832,207.0839,188.9057,412.9433,196.4338,67.0988,-64.7580,59.6074,137.8894,-0.6924,126.3494,99.1527,139.1611,265.0755
30.6577,101.4878,120.6685,62.2290,179.8754,120.3177,163.2840,136.6025,370.1251,181.3950,38.3680,-109.5376,65.8096,91.8773,10.6847,12.0074,46.1232,139.0612,232.5058
-47.1361,34.3662,116.3188,-12.2735,162.5025,129.6219,123.8919,154.0856,307.2904,171.5598,10.5026,-120.7277,46.2469,104.5791,-25.8719,-70.1695,-15.6337,169.1022,243.8285
-70.7663,25.8120,105.5670,-21.9526,114.5337,175.9712,73.3039,203.7013,280.2806,145.7088,-1.9021,-96.7624,-19.3338,133.4996,-97.4104,56.2272,-17.4001,177.5130,263.7610
-4.4708,64.3931,76.4647,8.5447,77.9276,232.3513,22.7657,252.9411,267.5995,125.4240,8.6128,-48.4370,-98.2308,167.7443,-78.5833,185.8667,27.8153,182.9774,246.9274
71.9366,69.5675,60.6522,29.5425,34.9128,298.6343,4.2854,283.6685,299.0584,138.8591,34.2716,-32.1430,-157.0400,197.6153,4.2762,144.6531,63.8692,177.8889,218.2386
79.9869,46.0713,41.8066,36.8475,-28.6506,331.5608,-16.1003,263.0515,273.2569,152.7843,37.0224,-50.6103,-184.8058,196.5332,31.8267,93.3135,85.1582,137.0833,184.3560
34.6364,57.7284,-0.9395,61.6139,-73.2498,283.6680,-58.0185,204.5196,67.4361,141.2177,-10.7577,-21.2241,-201.7679,196.4957,5.8564,137.4802,89.3630,87.9654,110.1084
-6.4880,77.6276,-42.0003,87.2532,-87.4716,179.0489,-89.5748,132.2689,-142.9472,101.7378,-76.4353,32.4232,-228.4250,190.8924,-19.4095,159.9511,47.8316,37.0415,2.6312
-30.3557,47.1397,-59.1397,60.2752,-122.6206,70.8346,-134.5184,26.9381,-183.1736,19.1045,-95.7812,-8.4264,-246.4422,103.0573,-51.6750,139.3625,-13.3385,-37.5290,-97.6791
-58.6755,-7.2841,-36.5623,6.7932,-182.4465,-13.0922,-210.4286,-78.7530,-219.7659,-72.9306,-45.9663,-91.1459,-235.6120,14.9763,-96.7706,160.5164,-31.9286,-99.9254,-176.4991
-90.6106,-63.4445,29.1028,10.6403,-202.3671,-52.4457,-244.6522,-107.6984,-346.0845,-88.9568,22.2908,-70.5341,-217.1354,78.3992,-118.6753,194.7569,-21.5029,-126.7140,-230.3882
-97.4832,-134.4418,74.1487,58.5715,-175.4858,-41.2411,-210.3737,-79.5329,-311.1253,-5.3326,44.0870,-3.8520,-212.5653,175.1891,-77.6518,206.5491,-30.4702,-157.0953,-254.2569
-56.5353,-150.1663,60.5528,70.0930,-147.2445,-1.0303,-155.3288,-61.7313,-34.9807,99.9709,34.9976,-14.2631,-202.4053,131.9884,15.0539,250.0134,-30.8501,-163.1108,-263.6493
11.1591,-47.7352,71.6668,66.0125,-106.6403,60.7892,-99.2079,-43.5960,127.4507,122.9133,61.6020,-37.5367,-165.4318,87.8497,56.5151,302.6480,12.6697,-75.9762,-274.8328
49.3557,71.6127,144.6369,119.1183,-42.3144,143.8714,-83.4126,11.4013,-29.6020,69.8003,118.3484,13.5648,-124.7977,190.6968,-13.5638,284.3610,44.2817,38.0933,-277.7284
47.9182,98.0070,182.7462,183.3905,-13.6964,198.8965,-133.4761,87.1622,-171.8273,77.1588,139.2216,82.6595,-114.3312,285.8358,-62.2618,227.8452,22.7583,64.3269,-259.1354
47.6622,57.2633,166.0600,166.7244,-31.5152,182.1534,-132.3886,124.7544,18.1440,169.8620,115.3012,107.0613,-114.2612,242.5594,31.0751,203.4607,15.6800,33.5844,-215.8809
28.8475,-13.2540,179.1852,108.1711,-12.7184,146.4352,-15.6518,86.7445,292.3277,195.2034,87.3252,93.2821,-76.8329,178.3744,162.0699,216.2525,63.8687,42.8443,-144.5164
-65.9333,-87.6362,190.4432,101.4793,62.3267,167.7584,81.7073,54.0922,292.6313,155.1408,62.7228,72.3424,-14.0254,204.4732,219.4588,267.1390,86.1846,100.0136,-66.4189
-188.5903,-88.2906,115.5090,124.1827,110.7981,222.2540,103.0790,130.3985,149.7820,206.1971,34.3015,99.1062,19.4050,282.8893,242.6790,321.2517,36.9917,147.4620,-33.9993
-244.6411,-27.7009,31.2485,106.0824,92.8343,231.3205,139.9664,211.1393,134.0036,270.9181,22.3227,174.1900,16.6182,330.6645,236.5204,292.6722,5.1284,139.9398,-61.0282
-244.4965,-28.5120,44.6846,71.9541,56.9487,180.4833,172.7128,134.6199,171.6490,187.8726,47.0510,196.6062,4.8422,297.6496,174.6591,220.4575,52.2776,90.5308,-90.5890
-225.8869,-88.0849,111.4626,73.3983,49.0784,118.7459,139.8661,0.9554,128.9568,83.1701,109.7535,129.4375,-8.0760,214.4112,144.9548,232.6172,111.2969,65.7743,-77.0205
-159.0061,-103.4833,163.0505,86.3634,57.1337,78.4444,98.9619,-26.9321,66.5822,74.0072,183.6252,60.8786,-11.2969,153.2689,183.9706,277.6040,119.7735,83.6525,-49.9670
-59.2517,-89.2079,191.1988,87.2528,37.3401,53.2939,63.4359,-18.4760,18.9775,33.3504,204.3551,42.1954,-1.9731,117.0542,192.6107,213.3460,106.6668,81.9113,-55.3686
-18.1789,-90.4853,155.8135,105.4437,-20.8548,37.4770,3.3535,-47.6263,-13.8761,-33.3225,145.7810,55.6283,-17.5739,94.2069,171.7110,99.2509,103.0237,47.6995,-89.0952
-53.3712,-56.8625,42.6783,135.5701,-75.5220,37.7725,-6.9800,-37.6806,34.4107,14.2077,81.6664,87.0082,-59.8280,126.0068,193.4684,76.9388,91.2785,37.7893,-132.2343
-75.6993,6.8762,-42.1326,136.4108,-94.9188,41.4537,26.6381,-9.3873,114.0983,77.3993,80.3080,97.5047,-66.0541,169.9899,195.9828,130.2837,63.8188,45.0028,-189.4155
-20.1605,3.9685,-21.7135,117.5185,-85.8848,11.1747,-26.8155,-66.1829,112.4617,33.9982,111.9801,56.4296,-26.5173,116.8179,144.0798,188.1631,41.6618,14.6794,-246.8661
67.2658,-65.9557,39.1433,99.5180,-50.2995,-65.2369,-111.8903,-146.5305,105.5887,15.0190,135.2879,12.1733,10.6999,21.6689,137.3652,222.8805,33.0746,-33.4050,-251.7675
83.6707,-92.6497,75.5173,64.2927,11.3556,-140.2783,-74.9248,-137.2092,183.2999,88.3791,155.9549,6.8718,49.1663,31.4856,166.9962,177.4073,28.3211,-41.6034,-180.1959
12.1371,-27.9157,99.2255,30.4413,64.9630,-150.5994,-1.1948,-72.6486,267.9860,143.2966,161.2967,30.4678,93.3280,117.0980,137.4137,57.3850,27.8938,-9.1796,-83.9570
-51.0864,43.7397,110.7271,41.8920,74.0361,-95.9461,-32.8422,-28.5996,313.6631,156.7426,133.5058,84.3681,84.9791,155.9087,100.8027,9.0011,43.3886,21.1362,-29.7164
-59.3349,10.3950,107.4227,65.1366,35.6708,-44.3929,-100.8433,-12.2626,329.6336,155.0752,115.1083,130.8904,27.5290,148.7396,113.1138,89.1755,68.4445,10.0181,-17.2042
-60.8405,-100.8028,132.4275,53.7821,-25.7584,-40.4983,-98.7426,6.9451,293.7308,120.6661,143.7811,97.0830,10.7640,146.4368,99.9167,165.8721,78.6184,-32.8488,5.9054
-46.4833,-136.7325,189.4072,46.9770,-61.2904,-49.9895,-23.1759,57.5182,280.0638,105.2995,188.1206,32.0808,54.0547,129.5654,76.8429,168.8584,78.1826,-31.3314,50.5862
34.8366,-48.3183,211.4938,73.1013,-35.6426,-33.5945,79.6163,92.7745,318.6703,110.2725,216.4126,28.9977,103.7122,78.1548,128.6338,165.1935,103.9452,46.5555,52.8628
134.5101,46.2992,180.0356,89.2497,19.3923,-19.1833,115.3930,24.8036,213.3297,14.1834,228.3616,33.0656,145.6808,26.0239,176.2992,164.2724,152.7861,106.5170,-26.1306
177.9862,57.2024,142.7667,80.3497,51.5647,-45.6096,49.8990,-95.5632,-43.2863,-138.1780,209.5581,-10.7550,172.8546,9.0971,137.2763,116.9020,168.1515,76.4055,-117.3620
167.8776,3.1873,115.5074,73.4552,53.5780,-89.4641,-1.3543,-133.5695,-130.8164,-177.5227,166.2354,-21.9930,155.4048,31.1972,106.4005,54.9761,140.3132,31.7102,-131.5569
118.1229,-49.8237,99.7986,77.3451,38.1557,-98.0835,16.0602,-93.8586,-1.9671,-146.2387,159.2935,18.4901,121.4423,68.6381,135.6628,34.9683,139.2360,54.8573,-72.1496
60.5808,-22.4087,124.8048,101.4628,24.2417,-62.9601,17.6832,-53.6926,70.4438,-148.6699,199.8538,32.1698,124.1855,85.8234,151.7479,33.0554,194.0559,104.5996,7.6945
74.0317,73.6601,164.0377,140.8386,47.2159,-33.8082,7.7873,-12.3404,56.0942,-127.6806,206.6880,32.9408,141.8523,72.7222,141.8403,-2.3558,235.5981,112.3979,85.5310
153.2862,105.2051,144.1761,139.4496,107.8945,-58.6095,62.4637,19.5318,84.0644,-85.0863,153.2261,66.8659,139.5539,63.3042,130.9180,-74.0898,215.1181,83.5149,146.8259
209.8307,41.0784,83.8929,79.0636,165.3280,-115.9901,138.6659,-0.8690,101.9660,-107.7202,125.5337,85.3812,146.5382,84.3956,102.7905,-131.0307,169.9318,54.8141,163.6394
236.2329,-0.2253,50.2128,12.4992,209.0871,-144.1635,169.7740,-35.6394,64.9879,-138.1165,160.9942,54.9808,184.0032,102.1671,92.3754,-112.1511,118.7556,37.2417,141.1985
246.6208,-4.8752,14.1084,-49.8748,248.2057,-130.3446,182.5396,-37.0921,24.2443,-108.9572,171.2745,-1.7554,223.2842,76.9688,131.6224,-35.6955,27.8543,22.4118,122.7113
183.4188,-55.2682,-53.8800,-123.7355,267.5375,-103.7398,203.3049,-38.4326,-23.3605,-101.3979,102.2138,-77.2177,251.7741,47.0723,148.8368,-12.7533,-61.8162,12.5689,137.8216
83.4998,-112.0139,-65.2583,-156.2044,272.4804,-70.1757,227.7603,-57.1919,-35.2396,-157.4928,36.6052,-125.4478,280.7404,56.3396,119.4137,-106.6093,-39.2433,22.0046,179.2408
80.3750,-95.5309,16.8367,-121.9134,275.7103,-34.6280,240.7619,-70.4901,28.8282,-234.0916,48.3002,-86.5837,286.0228,50.4399,104.6439,-240.2656,87.9941,38.0704,212.9863
158.0502,-32.9061,75.0137,-86.5268,234.9249,-26.5369,198.5381,-84.8037,29.3093,-315.6653,76.6082,-20.7852,225.9201,-14.0502,79.8061,-298.3956,187.7030,22.7741,212.5479
193.0186,17.1510,43.8870,-71.8910,136.0558,-41.3731,115.6829,-92.4349,-55.0326,-349.3134,45.2464,-16.4113,117.9992,-60.3138,11.3516,-264.1031,200.6881,-21.7151,197.5187
164.6363,1.5583,-7.2460,-54.5378,49.8772,-43.6113,77.7908,-52.9572,-3.6741,-272.0649,-9.2820,-48.4383,33.9163,-32.1864,-11.3836,-213.8382,161.4255,-61.3074,206.2560
102.5439,-96.7645,-49.5710,-83.1575,-1.7761,-43.6768,82.6169,21.9782,155.9209,-154.9059,-32.3516,-78.8196,4.0574,12.5574,31.0558,-200.1824,78.8774,-102.5868,234.9529
22.3432,-159.8750,-109.8168,-171.4029,-69.7219,-77.0229,69.1574,74.0433,151.9404,-96.0477,-56.7998,-113.6112,-14.0440,28.4603,25.1217,-195.3885,-14.7547,-151.5174,251.2036
-5.2774,-95.5180,-136.8016,-192.8879,-121.2560,-124.5574,59.5331,71.6133,12.8499,-93.4097,-108.0099,-119.6880,-40.2977,15.1157,-30.5944,-181.5159,-14.6264,-145.4670,245.5811
47.3279,-30.1580,-78.2664,-82.1580,-63.7392,-124.2165,71.3154,35.7898,-35.3262,-125.9788,-128.3874,-75.2897,-23.0367,-43.4371,-41.9219,-201.7928,87.4466,-53.1166,235.7880
72.7235,-64.5525,-14.7964,35.3661,81.1456,-43.5831,68.6578,39.4666,9.6045,-154.7628,-91.6554,-30.6593,59.3055,-101.3456,-30.2221,-251.6317,144.4510,37.6672,252.7435
12.9313,-92.1498,-44.9261,42.1559,195.2097,72.8235,86.4986,124.6934,66.9569,-109.0556,-66.2773,-12.0189,135.3405,-67.0680,-37.4687,-257.4482,80.9876,47.4866,310.4448
-50.0237,-61.5040,-138.1422,-24.5870,216.9686,134.2200,152.8106,210.2420,157.1784,-24.9161,-98.7808,-3.0340,137.5773,7.6160,-11.1945,-224.6146,-6.0219,16.6196,355.7222
-64.7160,-55.8892,-205.8059,-79.5875,186.8526,109.0438,169.0668,201.5239,244.9162,-4.2298,-148.2985,-11.6825,82.9712,-4.8299,38.0982,-229.0994,-33.2307,1.9219,316.6614
-65.6054,-71.6878,-221.0770,-101.8198,169.4681,45.0644,86.7723,125.7125,229.8809,-26.1479,-170.3823,-32.6448,18.4058,-75.8448,19.3589,-257.2442,-44.4236,-19.9170,215.8057
-75.7365,-53.8677,-217.5523,-119.0277,152.7099,-31.8643,-5.6441,50.6857,107.7637,-15.5453,-169.7036,-33.3237,-44.6396,-114.5416,-59.9488,-245.4895,-99.8638,-74.1661,134.5319
-88.4162,-32.5056,-220.6877,-141.8635,69.7602,-112.0352,-68.7734,9.6929,-5.4993,13.0497,-153.7936,-16.1955,-110.6359,-144.5034,-126.8993,-219.1288,-164.4184,-110.2578,91.9631
-84.9774,-31.8643,-207.4184,-138.3936,-57.2081,-134.1187,-144.4905,25.6280,5.6095,8.5142,-108.8245,3.6705,-166.5044,-184.6717,-175.8278,-235.8058,-158.9002,-75.8342,57.0652
-47.6695,-28.9002,-156.2239,-93.4887,-132.9699,-96.3537,-231.9951,55.6530,86.5548,-49.7341,-41.1874,25.6797,-199.7036,-181.6601,-212.4889,-285.5125,-96.5561,-17.0610,11.3861
-3.3846,-9.3054,-116.2215,-47.4477,-163.9483,-109.5107,-300.5945,14.0692,61.9652,-133.4077,1.2814,29.5118,-220.9264,-150.9483,-208.4257,-314.4659,-79.9091,-18.5787,-64.7328
6.8268,51.3500,-130.9041,-14.4528,-213.0304,-181.6730,-338.8822,-64.5040,-91.0679,-180.3652,-11.5223,19.9246,-230.5266,-144.8707,-179.2352,-268.6618,-114.1743,-54.7066,-173.3189
2.3005,131.4132,-121.3103,53.7973,-215.9508,-178.4089,-338.1823,-89.6988,-251.8462,-204.3660,-32.7967,49.2889,-182.9134,-122.7205,-162.0301,-151.0959,-69.7461,-18.0357,-254.5810
16.1475,132.5972,0.9556,150.8274,-78.4769,-95.2772,-286.8356,-102.1681,-354.6086,-263.6790,-6.0504,106.8259,-45.6952,-58.7465,-131.4045,-54.8881,70.6182,85.8088,-256.6133
22.3748,54.6048,146.5248,176.3765,124.6432,-73.9442,-168.8907,-153.8578,-333.1378,-291.2328,34.3479,114.7098,120.2410,-37.2475,-59.5934,-32.7401,131.2336,125.5543,-209.5703
-19.7296,-8.3347,157.1428,82.8414,244.0947,-129.9884,-15.3549,-168.1448,-169.5707,-221.4010,25.0217,56.5753,211.5256,-97.7215,7.6489,-11.2234,24.5079,61.8599,-169.0851
-105.2208,-72.4936,43.7303,-48.3493,240.5801,-152.1786,51.2439,-114.2892,-54.8336,-167.6904,-14.7571,-22.0200,199.0536,-155.0023,27.3861,47.5920,-113.5592,4.6969,-151.8702
-183.6226,-161.8576,-54.4168,-116.5838,171.9848,-105.4046,-13.1599,-77.4774,-65.8131,-183.0537,-34.5295,-82.5047,135.9257,-137.6063,26.7000,74.3235,-152.6426,21.9253,-141.3697
-193.2505,-166.2804,-71.9698,-103.3910,103.0259,-26.1506,-69.0187,-72.5856,-2.5579,-145.9124,-36.6860,-92.8686,71.3692,-69.1276,23.0400,58.8768,-118.0516,61.1311,-115.2287
-123.2996,-79.2969,-42.3795,-56.9305,50.6497,56.8529,-58.2573,-46.3192,93.2045,-68.5186,-31.3773,-57.7246,5.5406,-11.8566,-21.2212,69.7848,-76.5827,70.5575,-90.0533
-30.8420,-49.7984,-6.2559,-37.5129,-24.7241,100.7960,-111.2330,-24.2128,-12.6761,-89.6429,-11.6555,-31.8741,-79.6060,-7.3655,-95.5025,100.4699,-56.2804,48.4199,-110.9511
18.6165,-71.3438,4.2264,-70.5005,-143.5900,83.9744,-238.2598,-39.1641,-124.4922,-157.4361,-6.9475,-35.0988,-179.8101,-46.7273,-113.9204,88.1440,-77.2960,-6.9960,-154.8097
-3.3641,-19.2121,-29.8899,-117.0985,-266.8200,51.1340,-290.0324,-39.6611,0.2056,-142.0787,-45.8915,-39.1099,-273.5573,-82.2665,-63.4321,32.5846,-127.1966,-83.7616,-151.2331
-62.1579,65.3472,-69.5591,-115.9415,-375.3006,20.2995,-275.2935,-16.0559,47.2416,-100.5742,-86.7676,-35.0852,-350.4158,-92.3344,-48.5089,-17.7760,-137.1567,-142.5892,-127.8993
-64.8806,78.2277,-54.2158,-71.4100,-478.0371,-67.1146,-342.1758,-57.2747,-183.2356,-137.6224,-87.6704,-22.8317,-405.8575,-108.2279,-132.9402,-35.7809,-70.8815,-181.0880,-163.2830
13.3189,43.0012,-1.8270,-54.5228,-528.4030,-230.0888,-492.9889,-188.6738,-326.1283,-235.6231,-82.4633,-7.5334,-426.4761,-160.9270,-259.7379,-48.4239,8.2468,-229.2810,-216.1128
47.7237,-4.4172,0.6510,-102.6241,-476.5795,-377.6397,-585.2610,-302.1781,-230.6943,-326.6475,-114.7483,-30.2746,-413.8081,-226.8696,-341.1693,-109.8962,16.1498,-258.9034,-201.8661
-57.8378,-80.7944,-79.1564,-173.8867,-357.4245,-400.9134,-519.4607,-311.4596,-168.2517,-353.5350,-163.7248,-91.7871,-378.9840,-232.0620,-329.1591,-200.7780,-45.7771,-208.0388,-147.3005
-211.4783,-159.2370,-164.6960,-209.3505,-201.1153,-284.7542,-320.9768,-252.4480,-175.7155,-309.5670,-172.5085,-118.0351,-290.5405,-129.4727,-235.5861,-226.9568,-106.7578,-93.8506,-93.3159
-287.2346,-196.5918,-169.3132,-189.3948,18.8744,-108.9277,-113.3687,-179.2554,-115.8327,-262.6966,-115.8898,-83.8169,-114.2467,13.3529,-136.2983,-167.4286,-120.7685,7.1393,-6.5036
-302.2560,-206.8787,-108.4454,-137.9299,257.2547,39.4557,10.1303,-87.5407,-69.6284,-245.3150,-32.2612,-35.3730,83.7913,74.7123,-88.0125,-91.1335,-106.8032,59.8290,89.3119
-326.7896,-217.3633,-66.5533,-102.5831,378.0392,126.1289,72.3951,0.9468,-94.9244,-225.4933,18.3986,6.2250,185.9311,50.5520,-68.2536,-37.9619,-103.5654,65.8542,94.3821
-339.9065,-215.8207,-74.4772,-97.6681,327.2300,155.2173,101.7785,19.8678,-107.8201,-227.3180,27.9949,31.3959,172.7590,52.6707,-63.2971,-19.6807,-105.0178,26.8768,14.3152
-278.1192,-173.3943,-82.7508,-75.4856,195.9897,152.7627,68.6252,-20.6458,-140.3310,-286.7344,29.1817,24.2547,115.5152,114.8192,-105.4260,-42.9724,-69.2728,-25.1884,-35.8451
-174.7928,-113.7837,-58.3101,-16.0052,88.4542,152.9603,-5.3896,-40.3705,-245.3446,-337.1392,28.4317,14.5901,50.8335,145.8537,-174.9143,-61.1069,-11.6347,-51.8345,-26.7635
-140.7330,-110.2974,-40.7043,11.5413,8.3073,147.2797,-48.1433,-30.3287,-313.9663,-310.8508,10.9278,18.7062,-30.5949,93.8433,-201.7944,-52.2639,-25.0874,-83.0721,-47.6834
-196.5533,-156.3793,-81.8378,-42.8932,-109.6321,88.2959,-59.4987,-48.3739,-250.8437,-240.4692,-28.6308,-4.6991,-115.9013,8.2108,-171.4561,-84.8185,-145.1481,-164.5652,-149.8541
-259.9779,-165.5988,-173.6672,-127.2680,-278.9494,-25.5158,-95.9756,-106.7603,-106.1243,-176.5949,-94.3804,-43.1497,-180.8205,-63.4153,-126.4184,-150.8194,-277.9526,-256.3053,-276.7117
-301.4463,-152.5092,-251.7403,-179.6847,-409.5840,-140.5740,-167.7267,-170.9385,-8.2320,-125.6452,-165.4830,-46.6801,-229.7852,-115.1516,-112.0112,-134.7368,-333.5182,-291.0305,-354.3869
-327.9967,-186.5805,-256.1142,-198.1848,-418.8650,-224.4038,-228.2784,-220.4309,-43.1491,-86.7321,-180.8187,-59.8231,-270.8449,-147.2938,-152.5548,-54.5596,-317.8516,-271.9151,-382.2618
-276.4570,-202.4845,-185.2739,-185.3026,-336.1289,-276.8113,-244.4065,-273.0755,-112.8089,-91.5184,-116.0495,-130.8800,-283.5690,-176.6970,-199.4541,-47.8370,-253.2936,-226.4992,-408.2465
-139.6662,-142.3513,-91.6420,-136.9155,-230.2546,-294.0914,-243.2308,-380.0909,-75.5238,-178.5430,-28.6099,-195.7861,-247.6867,-225.6114,-160.6576,-97.8412,-159.3697,-152.0292,-450.9465
-49.9834,-115.6273,-29.1557,-90.7146,-121.3555,-273.4341,-248.6242,-551.4750,-40.2402,-294.2567,13.1878,-204.9164,-186.2751,-262.2260,-59.0757,-73.6171,-99.9962,-61.8869,-482.4870
-65.1513,-166.6453,-9.3323,-84.9132,-22.6389,-215.3051,-209.8210,-694.1401,-163.3429,-324.9721,-7.7159,-185.7766,-149.6874,-234.6543,-24.1013,18.8725,-95.2192,8.2225,-471.2595
-102.2106,-178.6100,-2.6724,-89.7766,33.7820,-114.1630,-110.0993,-724.0836,-322.7209,-292.8446,-57.1243,-146.3836,-152.3214,-157.8603,-82.4777,75.4384,-77.0584,54.0993,-421.5753
-134.1442,-138.2494,17.1990,-63.3833,44.0690,18.8416,-48.6939,-684.3915,-378.1101,-310.8708,-76.9035,-100.1635,-155.8753,-81.8392,-133.6921,79.3540,-44.8709,82.2770,-377.4225
-182.6039,-154.7415,29.5190,-39.2314,21.9834,142.3221,-69.9123,-653.2497,-408.0353,-351.3557,-55.6569,-97.0721,-140.4254,-24.2483,-133.5706,72.0873,-81.5293,75.0747,-371.4684
-199.8031,-233.8190,-7.5744,-72.4711,-30.5724,213.0127,-82.1646,-634.8474,-446.9054,-340.3724,-51.4587,-115.8402,-147.7845,1.8446,-130.1928,42.5834,-155.0370,42.4225,-370.6438
-172.1689,-300.6039,-83.2225,-130.2425,-88.3098,218.1981,-46.7439,-608.3927,-417.8775,-335.0454,-88.3739,-88.7008,-206.0382,-17.3298,-148.6638,-19.8753,-146.3093,25.7370,-332.7822
-167.0158,-314.9216,-145.6199,-137.0954,-128.0271,178.2506,-41.6063,-583.0455,-389.6666,-353.1080,-117.9248,-37.0896,-273.0152,-45.8429,-179.8418,-42.4101,-79.7993,2.4537,-304.1992
-196.0048,-260.5250,-183.5872,-105.6527,-197.3422,104.8855,-112.6883,-581.0786,-540.2374,-309.5289,-119.5407,-19.3298,-309.1002,-48.4487,-232.0567,19.0883,-79.5307,-93.9712,-356.8974
-223.8716,-190.8293,-210.9517,-104.6475,-321.3517,-21.3118,-208.5423,-616.6354,-900.8480,-242.2153,-117.1538,-34.8468,-323.7088,-70.5081,-296.0954,50.9572,-146.1341,-223.7109,-454.5364
-252.2900,-211.9077,-201.8387,-128.3432,-390.6212,-181.4234,-230.0352,-664.2580,-1297.1833,-250.3116,-110.4381,-73.4713,-310.3690,-154.6321,-321.2946,-50.5843,-184.8955,-258.1121,-494.5350
-270.4396,-305.1860,-145.3743,-126.6397,-301.8394,-290.2145,-132.4195,-659.7803,-1512.8976,-267.8142,-100.4824,-126.4800,-242.2971,-237.4607,-295.9240,-177.1451,-176.6520,-178.1013,-441.2867
-264.5916,-363.8188,-109.5533,-119.1043,-119.9132,-315.2653,-6.2912,-580.3200,-1523.8324,-207.4346,-114.6837,-154.8331,-150.0042,-240.9668,-281.6344,-192.9580,-181.5076,-101.3679,-330.3694
-274.6444,-397.9627,-149.6627,-157.0784,32.1699,-318.7102,64.4141,-469.0366,-1495.0800,-130.3908,-143.7302,-153.1384,-91.1437,-192.7780,-304.6349,-154.6059,-233.1386,-97.1598,-198.5495
-310.9267,-464.8359,-221.5565,-224.8831,116.0447,-320.5510,143.9838,-357.5260,-1502.9398,-98.3947,-157.0356,-159.7165,-67.5169,-170.2926,-297.5932,-141.7050,-291.6397,-120.4850,-70.0629
-333.5996,-515.0145,-258.2626,-260.9942,133.0984,-263.1994,241.7674,-245.6034,-1493.1831,-93.7515,-171.6347,-172.0160,-66.4295,-199.1665,-224.1314,-126.0283,-285.8226,-121.3744,33.6198
-340.6306,-503.6883,-253.1523,-232.5687,93.5962,-129.6377,217.7592,-149.9264,-1472.7646,-105.1869,-201.2458,-167.4722,-103.1118,-252.2225,-160.6418,-131.1317,-202.8484,-90.3480,99.1465
-322.9572,-480.0073,-231.5900,-164.4768,51.5049,39.1948,76.0191,-97.2987,-1453.2410,-123.8668,-215.0332,-159.0975,-163.1473,-282.8128,-179.0741,-207.2364,-110.4772,-23.7993,117.5671
-253.9784,-463.4694,-214.6683,-107.4915,35.0517,201.8795,-18.7778,-90.0018,-1387.8458,-123.8262,-215.3077,-143.6256,-215.1698,-257.2490,-247.1038,-260.7765,-64.7285,58.9980,84.1582
-209.7524,-409.0872,-219.1304,-65.4992,-7.1846,301.8633,-57.8881,-108.6504,-1329.9178,-92.3256,-240.4391,-103.4045,-275.2488,-208.1327,-295.3766,-208.6978,-56.4625,100.5016,13.6852
-263.5191,-332.2948,-251.7273,-14.3840,-103.0180,290.7006,-129.4401,-127.0556,-1343.0928,-28.9304,-278.7472,-85.3288,-348.7844,-211.8763,-306.1158,-145.2997,-69.3863,56.0622,-52.5129
-310.9183,-323.7495,-304.0186,-9.0179,-204.1797,197.6402,-195.2701,-134.7430,-1317.7838,26.4259,-290.2930,-139.0210,-391.9546,-270.5613,-315.3268,-145.5671,-109.4625,-64.0568,-72.5906
-263.7846,-404.1459,-350.2848,-118.0175,-278.4696,78.8863,-225.3423,-153.9500,-1199.0485,7.1797,-279.1608,-204.0882,-408.4413,-306.4732,-354.4213,-153.7823,-173.5599,-199.6068,-67.8316
-221.8820,-465.6985,-359.1531,-261.1950,-340.5312,-55.6132,-276.1683,-205.0351,-1122.9762,-58.7005,-268.6068,-197.9232,-440.1939,-302.6638,-383.9497,-143.7479,-255.2443,-282.1574,-122.4276
-253.3004,-435.5844,-341.0080,-325.3005,-385.7024,-180.2787,-324.0357,-266.9199,-1141.7328,-85.2130,-261.5494,-161.8079,-449.8322,-319.5082,-339.4919,-135.4933,-358.8928,-296.0478,-245.2220
-285.1693,-403.8772,-347.6282,-361.2478,-374.8776,-221.5140,-307.2926,-304.1720,-1170.7933,-93.0753,-259.5941,-186.2247,-384.3895,-360.0345,-266.6098,-115.0951,-460.8549,-265.7810,-313.7429
-280.3596,-453.6684,-375.4896,-432.3456,-276.0892,-163.2094,-254.0214,-314.0743,-1173.8235,-149.4890,-264.9054,-241.2439,-293.2151,-367.3200,-275.6490,-111.0589,-492.9320,-184.3333,-263.1333
-258.5412,-492.1467,-346.5591,-440.1666,-106.5475,-84.5944,-198.7861,-317.7975,-1132.3593,-234.8587,-259.4650,-224.2764,-238.1226,-343.7025,-348.4201,-186.6084,-415.6698,-43.7284,-193.1528
-213.4860,-425.2641,-240.5803,-322.8118,58.7371,-37.3214,-155.1394,-310.3741,-1037.0389,-299.5275,-223.0564,-144.2225,-208.3695,-326.9140,-368.5621,-293.4905,-289.1773,97.9949,-168.6108
-172.2704,-336.7079,-144.1935,-201.4217,162.8368,31.5719,-150.0249,-254.0811,-950.6481,-315.3095,-168.2130,-95.9561,-188.2526,-289.0070,-316.9597,-326.1382,-213.1404,192.3642,-108.9062
-181.2026,-334.0558,-124.5657,-173.3535,226.1746,174.8958,-137.9378,-150.9907,-867.1779,-279.1465,-130.9776,-82.8978,-162.5696,-190.5812,-257.4496,-290.2394,-199.3648,258.1164,9.4573
-198.8757,-384.5127,-147.1221,-185.5615,266.4463,333.5863,-61.9578,-73.3976,-715.0813,-255.7628,-115.8925,-46.9449,-92.1783,-81.1925,-199.5850,-258.6377,-176.6969,283.7788,70.5787
-166.0376,-402.8388,-141.4176,-178.0031,246.6588,413.9324,-3.6574,-67.8646,-560.0408,-282.4459,-86.3590,-19.6488,-8.8481,-44.7370,-124.2045,-239.6967,-120.6633,226.0657,21.3632
-121.4123,-374.7100,-91.8556,-160.2009,164.9067,407.7431,-45.2763,-104.4023,-478.8009,-286.0006,-41.8731,-57.5288,-7.7487,-89.4207,-63.3368,-200.5058,-74.4243,126.2735,-69.2558
-126.1816,-348.4218,-45.8690,-143.1367,72.0160,338.4874,-137.5453,-167.4126,-409.4883,-262.7019,-35.3431,-111.6143,-82.1363,-152.4596,-62.3002,-155.0614,-50.2112,39.0021,-170.1910
-156.7576,-352.3590,-41.7215,-118.8857,-24.4393,194.1780,-232.1227,-272.8397,-362.4777,-305.7341,-75.2833,-112.0462,-142.3030,-186.1364,-119.2309,-154.6848,-30.1160,-86.6934,-299.1371
-147.0054,-352.8716,-64.5755,-87.5359,-140.0143,14.7654,-300.0208,-362.4904,-394.9036,-361.9787,-111.9444,-79.4680,-173.0542,-195.4267,-183.5525,-200.3610,-29.1869,-265.1049,-408.8444
-98.4065,-332.4210,-103.5124,-65.6400,-226.1377,-101.8998,-275.4722,-335.7606,-387.2587,-311.2855,-135.0405,-73.1049,-192.4310,-195.5049,-193.5095,-219.5824,-57.8927,-370.2548,-437.8699
-87.7617,-333.2031,-171.1694,-85.5465,-227.0233,-150.6676,-192.6828,-203.2146,-269.8848,-218.4262,-163.7844,-117.3093,-163.4038,-183.8186,-139.8728,-168.5214,-95.2259,-338.9953,-411.3002
-130.7453,-337.7212,-219.9798,-161.5810,-167.3401,-203.5195,-154.5188,-69.1054,-177.0137,-174.9187,-168.7716,-181.7655,-90.1410,-171.2612,-80.6750,-102.9175,-146.1916,-276.2410,-372.7934
-135.8778,-268.3791,-177.4289,-253.9634,-104.9350,-251.3015,-123.8539,18.0571,-134.9155,-131.8770,-127.2783,-207.6927,-52.4961,-182.6005,-64.4809,-94.6725,-224.4770,-257.5224,-311.3783
-75.6572,-174.6865,-94.2969,-309.6722,-59.5812,-243.2709,-44.2094,82.3545,-66.8224,-81.7072,-85.5054,-201.6662,-68.0306,-212.0333,-70.7996,-135.4850,-294.3371,-238.1616,-223.7004
-42.5302,-185.0074,-78.8260,-324.8459,-21.8346,-204.1915,5.0162,139.1647,-24.8998,-78.3512,-75.3949,-230.6330,-73.5865,-231.6162,-48.2394,-164.8740,-327.6021,-189.0345,-140.8209
-70.6479,-277.0780,-114.1107,-331.2042,9.2871,-160.8952,5.3111,188.7664,2.4946,-77.6544,-69.5967,-272.0505,-56.1355,-229.8114,5.4489,-152.2986,-336.9610,-136.9644,-65.5696
-99.2426,-337.4107,-121.9444,-334.9994,18.7776,-81.4264,33.5236,236.8747,122.2676,-37.7468,-54.4078,-241.7157,-62.1870,-211.9741,29.4394,-128.7270,-296.8919,-87.8216,17.2923
-104.1506,-342.5302,-96.5904,-297.9134,10.9730,30.5786,58.7431,267.3882,241.6826,-22.5757,-41.7553,-178.5679,-94.9758,-203.4265,-11.1419,-142.7620,-171.2768,-27.7140,79.2660
-90.4234,-309.6414,-34.3468,-193.5972,22.1960,132.1357,40.1972,259.8652,274.0979,-60.3745,-17.0183,-167.9445,-109.0061,-222.5428,-69.2499,-192.8671,-16.2236,47.2419,89.3533
-44.9294,-244.2032,90.3027,-61.8350,57.3072,234.0635,52.2790,253.4660,350.4166,-92.2636,38.5226,-156.5806,-88.5955,-212.7882,-99.9792,-222.2365,90.6405,134.7833,79.1720
9.7395,-190.6079,206.4231,34.1746,68.0423,348.9209,88.5241,296.5982,412.1856,-67.3812,94.8423,-83.6479,-61.9292,-117.6891,-114.5105,-180.3881,146.6817,195.8695,85.1926
42.1374,-170.2801,211.3245,73.7623,40.1855,406.4630,62.0754,339.0386,288.6464,10.8965,97.6828,-33.5109,-47.8522,-21.2157,-102.3348,-84.3510,152.1714,169.0693,86.8686
66.3820,-145.7244,139.2444,56.1492,12.9851,349.4469,28.6436,304.5853,232.4135,73.8368,35.0424,-68.6266,-48.5566,-31.5797,-40.5864,-18.0564,86.0703,76.3605,61.0198
71.4359,-123.8516,82.9953,-23.0243,-12.8848,220.6489,62.8205,227.2186,448.2717,73.4787,-47.2183,-120.3123,-83.2357,-103.3827,5.1674,-32.8529,-11.7185,-0.2393,18.5721
23.2764,-139.8136,43.7932,-127.2709,-70.7385,72.4437,79.1119,168.6828,531.6152,80.3224,-101.9361,-139.9446,-148.1423,-154.1286,-35.4375,-74.5736,-88.5185,-66.6615,-37.3874
-48.1650,-180.7621,-12.2190,-194.2524,-138.3800,-82.4298,33.2914,109.6968,302.2347,128.8199,-131.6564,-152.7163,-174.3833,-182.3199,-96.6879,-90.3938,-158.0651,-164.0297,-94.3847
-103.1525,-250.2354,-72.9885,-216.1489,-163.7634,-185.7877,27.4729,60.2703,291.0950,124.1525,-156.4948,-165.4118,-131.1611,-171.0593,-78.7845,-104.8448,-214.3800,-217.6056,-86.0551
-140.1433,-346.0826,-112.6754,-228.0705,-146.4584,-165.6191,96.3333,92.2804,672.6942,73.8585,-168.4278,-170.9180,-97.8430,-118.3910,3.6171,-100.8715,-204.8295,-162.2826,15.8326
-131.1167,-364.8392,-111.5313,-231.5080,-120.4648,-76.8128,147.1789,167.7374,866.3535,84.7472,-153.5850,-172.0225,-119.1320,-118.5368,68.0782,-35.7730,-143.6080,-92.5844,110.6176
-69.3814,-250.8100,-61.0332,-194.2341,-101.6083,-27.3845,111.8588,171.0909,597.9199,80.1566,-111.6489,-146.4274,-123.1416,-173.8984,50.4056,1.4280,-82.6020,-72.4724,100.1897
-19.0722,-114.4649,5.5048,-112.3292,-89.7263,12.2316,5.4433,122.0151,254.7035,-56.5270,-48.9455,-89.3337,-87.9441,-140.3975,-56.7353,-56.4035,-15.1135,-18.6004,37.4665
11.8647,-33.6388,41.5731,-38.5882,-89.8943,121.2296,-102.7817,117.6755,159.4495,-183.5045,0.7237,-47.4402,-97.8539,-15.6903,-167.8805,-67.0017,46.5851,72.8241,25.7849
65.5900,16.2371,50.0539,-29.2063,-110.7645,234.0449,-139.1232,155.0691,304.6006,-139.4357,0.6872,-28.8759,-161.7354,49.2585,-188.6013,42.5534,47.3122,92.8065,67.8847
90.6845,7.6781,67.8999,-56.6244,-142.8310,249.4258,-103.6627,192.7421,530.5355,-22.0316,-11.0165,6.1280,-187.7273,40.8079,-151.9036,105.4404,26.3908,62.5836,109.4974
51.9487,-57.6703,104.3912,-37.9182,-155.2336,202.2159,-64.5836,224.7042,577.1234,20.2677,31.8082,42.9023,-152.2976,41.6434,-139.9189,55.1273,68.4269,76.4532,124.5322
43.7355,-55.9536,118.8514,28.8990,-142.6599,153.5755,-66.5298,217.1517,377.2440,-12.4097,100.9919,45.4474,-108.3131,34.8043,-137.7421,22.6968,124.9637,92.4326,94.4866
87.1575,20.7816,75.6808,64.1326,-144.4279,87.4894,-93.1296,152.0726,244.1776,-52.3105,127.0181,43.0273,-75.1482,1.2481,-103.1562,34.4838,109.3537,57.7041,12.7888
81.5677,27.7390,23.2718,52.1648,-176.4505,6.8751,-100.4073,91.1808,362.1979,-48.5429,129.9676,58.2423,-45.8888,-12.2078,-60.9947,27.3641,63.4595,25.6325,-70.3296
30.6083,-30.0778,31.6237,51.5819,-198.6202,-68.6092,-75.6439,66.6523,493.9476,-10.8925,160.7131,57.5395,-17.8464,-14.2861,-37.8094,31.1745,41.4586,-1.8972,-105.4805
-0.6333,-41.5209,57.4715,73.7482,-178.3609,-181.4722,-52.0765,43.9184,480.6485,7.4448,188.8824,40.1117,26.1657,-37.2840,-25.8457,56.1042,8.5213,-71.2129,-109.4147
-57.7973,-51.2103,31.3413,83.3240,-118.4108,-314.8058,-20.7911,37.8116,473.0201,25.4706,169.0229,33.8399,82.7649,-53.2302,-19.2019,62.8067,-32.8757,-127.4797,-87.5235
-152.3862,-104.0172,15.1686,78.0980,-21.3962,-313.7812,86.5624,99.4362,557.7991,101.3945,134.8704,16.3554,117.6243,-49.4364,7.9348,96.9413,-24.0695,-106.9940,14.5351
-172.9015,-87.4049,66.9962,66.8242,102.4642,-108.9430,244.4834,212.1180,654.2219,190.3514,137.4104,-20.4400,136.6054,-32.9139,84.4184,178.1823,17.1617,-40.9545,190.0782
-105.4134,-1.4374,96.2536,32.4677,206.9743,149.4543,313.3970,315.5966,695.1895,221.3200,156.0713,-17.8765,164.2341,26.6003,150.6420,217.4801,26.9701,35.3953,321.5168
-63.4018,-2.0495,56.5913,-9.2050,247.5539,311.6500,252.6658,375.7523,644.5926,227.7870,144.7187,36.1598,171.0513,119.6846,112.4586,202.5676,15.7561,107.5990,344.1469
-64.6724,-63.5701,57.9509,7.6036,239.8054,400.8579,181.2215,398.2913,561.3726,263.1063,122.3451,77.4216,144.2444,187.6366,1.3256,197.4537,39.1170,172.7885,332.0594
-31.7261,-30.7718,146.2881,92.9106,242.6882,468.1091,180.8273,401.4193,602.8691,309.1310,141.0117,83.8189,142.3867,221.0164,-60.5587,189.6266,119.4067,255.0618,345.2667
44.9627,51.1227,231.5078,155.9583,270.0486,448.5842,195.1110,351.1669,723.8714,315.2451,185.0008,81.8827,177.3704,215.9550,-41.1726,168.0834,228.1508,276.4622,331.9048
107.6624,52.5955,260.6920,133.8432,248.7808,278.2202,144.7016,197.9933,708.2092,260.3633,187.8703,68.0390,170.3295,140.5915,-18.0969,166.1170,286.5234,126.3867,246.0095
115.3038,16.2903,230.5272,84.4372,122.3261,39.3493,43.8773,23.7088,607.3669,200.7602,142.1717,31.9890,89.8140,42.7971,-34.6322,153.6185,237.9958,-29.8614,130.6207
76.5382,20.9571,126.4203,75.6864,-31.0193,-132.2950,-22.9502,-29.4442,616.8102,204.0361,106.0472,-15.2151,10.3328,-1.2767,-41.8112,106.8108,138.1771,-57.2774,36.4100
46.7227,42.1959,-0.0587,79.3496,-86.2569,-218.9570,-17.7295,5.4193,639.4101,211.6428,111.2339,-71.6910,5.5059,-23.3665,3.5864,70.6068,67.8667,-346.6320,-38.3120
60.1492,56.0299,-69.0560,50.9079,-51.3588,-292.0099,1.7288,-15.6701,530.0165,130.8573,132.0092,-120.7419,59.0825,-61.2730,55.0415,40.2012,6.3113,-1127.8777,-110.5421
67.9667,35.7353,-112.7068,0.8193,-35.2979,-381.9131,-28.3687,-108.2880,412.0590,17.1544,125.2377,-127.5223,91.6219,-67.3234,42.2081,5.8755,-90.5143,-1729.0768,-186.4132
10.4199,-80.6736,-181.3300,-63.8697,-68.5391,-471.7016,-92.6785,-194.9904,365.8459,-28.0300,81.7700,-119.4558,69.1208,-26.6134,-8.1308,36.6978,-191.5753,-1573.2883,-252.6821
-84.5481,-239.3511,-216.9538,-152.5212,-85.6637,-540.5963,-130.0483,-242.6876,315.7325,-8.4302,51.7020,-156.6934,51.1444,15.9077,-3.9600,118.1707,-269.2072,-1148.5061,-270.3769
-143.3416,-298.9116,-194.8425,-244.9790,-63.5337,-550.2926,-113.2505,-232.0981,299.8135,38.7015,66.6934,-211.9415,68.0952,32.9989,54.0238,140.7258,-339.0544,-1013.2614,-223.9778
-151.0106,-275.5783,-194.6673,-314.8934,-48.3886,-463.2976,-73.1947,-150.4539,351.7737,91.9967,60.0466,-216.2453,51.6703,5.8855,70.0681,104.9053,-371.2598,-895.5043,-151.1438
-153.9790,-280.9221,-221.5135,-342.6926,-50.4498,-296.4539,-41.8816,-45.1822,355.6285,119.4382,-14.5978,-181.9156,-6.4208,-46.1904,28.1039,80.3319,-311.8593,-519.6405,-80.5875
-169.8920,-280.2589,-185.7254,-290.6685,-30.2563,-112.3416,-8.9802,30.7956,311.9840,123.2839,-64.3019,-153.6679,-5.3495,-39.6365,10.2480,86.1418,-194.4505,-176.5963,-12.2843
-162.9557,-193.7148,-89.7091,-166.8714,5.4522,24.9546,18.9840,75.8130,323.9346,128.2591,-17.5681,-113.4331,57.3458,32.8913,28.6175,135.4890,-102.1588,-55.9267,33.7118
-130.7328,-81.8166,-22.8913,-64.0480,4.8178,84.2614,3.3428,106.0324,344.3170,124.5930,39.1067,-35.4648,69.5719,72.8686,18.4074,175.6981,-62.3230,3.6002,52.6072
-114.0533,-17.7213,-3.8136,-40.9554,-29.7320,87.4446,-23.0527,137.5555,325.8129,109.2905,40.4646,35.5019,37.0617,56.0638,-14.8014,96.6278,-67.1131,60.0641,89.6921
-95.7922,33.3411,8.6673,-61.3407,-46.4564,69.6337,7.0921,171.5608,315.4318,89.7802,52.5159,40.1697,63.8943,39.2946,-15.7034,-31.1637,-119.1912,59.3887,139.2958
-32.4556,99.2306,14.1313,-79.3032,-33.2847,29.7913,40.3157,178.9673,279.0739,60.8178,95.2989,3.5559,139.5322,26.3581,6.4441,-45.1744,-190.9825,53.5272,130.5799
35.0530,144.1139,-5.4534,-70.5092,-15.0665,-33.1994,-10.8799,154.5454,222.4809,57.9184,93.8717,7.4355,181.9347,2.6531,9.4601,-0.9207,-217.5531,69.6912,71.1463
62.8361,153.9791,-33.2450,-23.6626,-8.3384,-87.6917,-108.1058,123.8055,217.6996,79.1311,41.6892,63.3610,177.0169,-10.7144,-26.4663,-25.9616,-174.5006,66.8336,28.0470
91.4626,164.9122,-50.6074,28.6740,-26.2617,-104.0272,-187.8790,83.0305,149.6914,28.5658,-3.0177,101.3558,132.9565,-5.3014,-98.0008,-89.7274,-102.6889,78.7170,-3.9710
118.2069,208.0443,-57.4838,63.3352,-56.9909,-67.6709,-231.9583,45.9996,33.0222,-45.8524,-38.3228,98.0228,61.8833,18.6179,-134.2019,-126.8369,-44.6486,146.9860,-33.4011
82.4093,262.9597,-49.2007,118.4482,-54.6271,10.4592,-193.5907,67.5504,197.0341,16.7182,-75.9996,97.2357,27.5168,54.4762,-62.4027,-85.2747,-10.9735,220.2259,-14.1165
47.9234,287.2235,-31.6893,187.3017,-25.4310,72.8427,-101.2954,124.1828,454.5833,119.2034,-80.0942,105.2453,49.7763,74.2688,20.3864,43.5234,-5.5535,245.1759,16.4339
127.9056,296.6962,-32.1622,193.1406,-30.6595,91.0777,-90.8916,151.0630,166.5225,131.4125,-41.8815,94.3642,58.7972,102.5587,-33.2985,85.1533,-28.8699,232.9082,-18.0998
245.1011,334.8036,-44.0171,141.3316,-50.8325,121.6737,-134.7360,196.4763,-361.2282,282.2000,-2.5423,77.9890,49.4337,183.5569,-145.7841,-25.6677,-52.4225,236.7844,-36.4925
249.9474,369.5975,-26.2894,115.5046,-4.1865,194.2460,-71.6253,301.7982,-230.9551,628.1836,20.5233,82.8732,93.6854,255.0789,-135.0866,-47.1762,-42.9430,306.5858,48.6821
171.7099,356.7758,3.7214,125.4092,76.5283,256.9782,42.3440,360.0046,266.6992,713.0574,37.9128,106.6838,168.1801,272.6738,-7.7374,-14.8818,-18.7578,387.7657,111.5987
124.9938,335.3109,-17.0653,123.3093,73.3435,267.5966,46.5964,307.8817,207.7383,391.6074,49.5992,133.9138,185.6950,297.9083,96.7806,-236.5237,-22.7374,342.7452,45.8078
127.6311,320.2630,-76.9312,97.6039,-16.1842,199.8147,-11.8768,220.9570,-197.1447,116.2848,50.5247,132.8293,151.8913,263.0563,81.1615,-427.3880,-39.7544,167.2709,-39.6308
143.8127,264.3719,-106.3848,63.1231,-76.8167,43.8969,-58.5179,123.8420,-251.8574,60.6941,36.4135,83.0017,118.0063,52.4804,-66.8226,-167.3095,-16.7803,31.6138,-65.5200
149.6878,215.9641,-89.7076,53.9389,-46.7461,-96.5526,-133.5173,8.4489,-118.2731,-32.5214,13.5127,29.1990,95.1599,-114.7803,-217.8734,1.0226,39.0331,39.5260,-79.8156
131.2927,272.4021,-45.8119,101.4526,36.0299,-108.3976,-157.6543,-18.0105,-131.1474,-162.0164,18.6383,16.0747,110.3651,12.5309,-199.0303,-425.7538,73.1914,117.6812,-43.9219
124.1920,374.0096,24.6971,157.9424,126.3016,-68.3808,-14.8967,98.2604,-74.0176,-147.5214,69.9859,12.0724,190.8649,178.3108,-59.5096,-657.7198,82.4112,170.1758,107.5149
180.0242,401.5901,87.4727,149.7137,204.7437,-96.9356,153.3312,209.6330,139.3998,-83.1392,106.4432,-22.0022,270.2313,56.9890,21.9701,-31.7712,95.6428,181.3615,256.0306
256.0948,383.3805,79.3293,89.7949,220.9290,-162.4487,151.1419,201.1127,245.7254,-89.6933,61.5803,-85.1078,260.1553,-133.4918,40.0229,658.6258,87.6650,147.8718,261.2526
273.4276,392.2354,7.0177,18.7845,111.3103,-221.6437,25.1297,153.7604,204.4415,-56.9708,-29.7885,-165.0235,181.7379,-68.0100,46.5496,621.0466,26.5892,51.5941,177.0043
254.7315,395.7026,-67.1607,-50.6502,-84.9938,-288.1985,-86.8867,165.3021,184.1202,88.6106,-85.1995,-214.1050,110.0332,131.0569,-17.9252,286.8409,-36.3621,-63.4607,108.5601
262.7120,353.2506,-117.8601,-61.6187,-236.6530,-305.8837,-126.0958,207.3203,238.1717,239.2001,-89.8860,-183.2612,60.9574,217.0482,-99.0485,229.1094,-29.1808,-109.5287,55.6581
282.6289,316.7555,-146.6411,30.2125,-288.7820,-239.5901,-87.4188,207.5879,335.9264,273.0093,-83.9048,-123.5774,17.3337,203.5125,-36.4176,335.2304,35.5581,-77.0613,-12.8417
279.8046,356.3852,-143.1113,142.5041,-298.5762,-171.8114,-35.7533,165.0212,409.1198,195.7707,-80.2497,-104.3404,-6.1219,192.0918,89.9411,409.4131,89.1707,-19.0848,-84.2585
266.4173,452.8313,-113.5873,184.6328,-296.6087,-117.4405,-36.3420,155.5635,406.9243,137.2749,-62.0984,-100.1751,14.6297,195.8980,91.9209,496.9613,91.4523,52.7790,-111.4523
236.0981,498.4873,-88.6571,181.2116,-256.0226,-13.1178,-35.7831,223.4612,409.9810,165.5658,-38.4907,-103.0042,67.8516,204.0166,48.2799,588.9697,56.4357,126.4102,-51.2647
155.1959,436.3376,-80.9740,174.8341,-170.9017,85.4799,12.5136,304.6634,467.1947,179.6481,-39.1442,-148.2953,126.1015,216.4230,107.1372,597.7342,38.3200,159.7140,67.2765
64.8734,359.6193,-73.1267,177.3706,-55.1042,114.4727,53.4189,328.3669,483.6475,136.0995,-51.9562,-162.9153,188.9291,230.6039,191.6419,520.5969,81.1003,191.9308,160.6600
57.8735,375.5671,-56.8457,226.4387,70.3578,153.6707,79.5169,323.8368,451.2395,141.2423,-31.7872,-59.6353,258.5603,250.8680,216.1317,467.5293,162.6813,284.5597,205.7055
125.7699,446.5742,-60.5442,322.3470,158.4205,226.8431,124.5895,340.3533,450.9331,198.0323,14.6636,71.4060,289.3132,281.6276,236.6929,554.2898,230.9962,354.9435,239.8226
168.2681,482.7351,-98.0140,385.9812,188.4553,236.5869,129.2333,363.0929,430.7234,204.0504,28.8739,123.1908,232.5123,318.7868,247.8344,688.1729,274.7463,324.1050,272.4127
162.8571,487.9236,-102.8501,391.5376,191.4548,193.3129,61.1174,377.3604,331.7798,182.4093,3.7816,151.8975,129.6514,351.1673,178.2365,630.8192,308.6885,290.0306,302.6125
171.9518,524.7529,-1.0936,411.7509,178.1999,199.2315,8.2380,409.5099,245.5385,199.1409,-0.6464,222.3536,75.1964,372.0231,73.6172,409.2082,343.2260,319.8528,351.1961
196.4519,614.4739,165.7811,483.8193,142.3053,255.4957,3.4926,461.4070,237.2541,227.6377,41.1677,292.1014,84.0548,400.4340,26.6258,305.9081,392.6114,330.3773,409.6431
197.0805,703.6745,299.4948,555.4493,108.5333,303.9388,-5.9056,485.9934,274.1821,262.3312,93.5367,316.5013,86.4412,446.3308,39.9004,369.5651,439.1399,298.4034,440.8303
214.4981,714.5441,368.4278,560.1007,74.8631,309.9959,-19.8709,443.4850,319.0054,306.0965,127.3013,302.8654,49.2048,466.9797,83.7406,375.3283,419.7241,275.3306,415.1656
288.6176,640.2156,374.7840,476.4187,6.3436,232.1700,-42.8197,333.5368,305.4346,282.4432,139.3547,280.1805,12.8363,431.0894,135.4915,250.5658,327.9338,232.5384,302.4871
348.4630,541.3055,318.6853,353.2024,-64.9588,82.3774,-128.6386,186.5840,204.9546,197.3204,134.9295,268.5014,16.1882,365.9349,148.7135,138.6234,237.8375,163.9103,123.3308
335.4446,456.5852,252.7450,280.9375,-80.0972,-34.9793,-227.7630,61.2239,132.0959,183.6714,131.9379,243.1477,56.9982,293.7041,118.3115,111.1941,174.5814,154.4589,-14.4259
299.5204,405.7845,228.7407,288.1651,-57.5000,-59.9335,-222.3978,11.9652,147.2626,250.8171,139.5319,189.0677,118.2081,220.7998,114.9827,101.8822,105.8490,207.3729,-55.6403
267.4560,397.5076,213.5526,309.8531,-27.5669,-36.3834,-140.2413,20.4685,136.9953,261.5563,138.4310,160.6204,186.6949,171.5537,165.8996,61.3909,57.8586,250.5667,-69.7595
190.4369,368.0686,185.4009,301.2244,23.6044,-5.9438,-94.1992,23.4900,68.0168,183.2296,130.1666,171.5720,255.1467,150.3918,209.8579,16.5130,75.2375,276.2710,-81.4532
83.7424,280.5407,190.9063,296.9509,81.8099,33.3427,-82.7195,29.2299,54.6977,120.8522,147.7990,156.9345,319.2845,154.6362,220.8041,-1.9695,126.0639,283.8112,-18.7677
35.6301,245.1842,213.2675,308.3077,113.2453,71.5050,-41.5794,85.0034,115.0794,135.6126,175.1859,124.0518,361.5992,211.8509,242.5057,-4.2035,169.9166,260.2981,111.9958
53.4472,313.7394,174.2717,274.3169,129.4263,69.9872,34.0580,145.2265,170.8564,191.7016,155.3346,135.6329,359.2625,284.3062,276.8678,3.4136,204.9495,230.9359,222.0364
56.5605,336.3602,104.9709,180.0297,148.5688,15.0676,125.5545,146.5214,213.8420,244.4187,98.3319,169.3216,319.0912,267.9250,270.5690,39.2515,204.5784,111.0489,298.9128
24.4272,247.5993,107.7126,102.7246,164.6881,-31.3980,210.9794,141.2422,244.1004,277.8216,67.6481,197.0636,267.8311,179.0568,216.4558,83.6318,160.4566,-245.7644,375.6693
30.0000,196.4960,176.4877,80.0438,176.9226,4.1903,251.2054,177.2225,219.3881,269.8266,78.0265,252.8756,221.4460,132.7459,163.2868,76.1282,141.0945,-670.3796,431.1408
103.8877,245.5506,230.4485,61.7141,181.6862,88.8389,267.9792,196.0414,178.4710,213.5841,100.2669,305.9336,198.1021,140.9933,143.3861,15.2082,167.0151,-809.0792,454.0854
165.4583,282.1821,252.9540,25.3114,177.9542,124.7531,321.9922,174.9492,201.3429,160.9308,115.9613,294.5516,208.2462,148.3889,152.1969,-31.8734,167.0711,-696.0223,472.9618
162.9983,256.7769,281.7558,2.6599,168.9931,82.8060,351.7031,157.4919,249.9070,135.1972,121.6105,266.9868,216.1775,145.5017,162.7600,-48.9474,141.6449,-644.2103,471.5229
180.5545,218.3008,345.0082,-0.9029,97.9391,-2.5053,259.0891,128.5847,257.1210,77.1924,142.3804,272.8974,201.5571,109.1343,153.6173,-94.3335,163.8854,-681.7561,421.0881
283.3320,194.3818,450.6256,4.2182,-75.7344,-92.7699,153.8043,77.8454,273.6920,-6.2097,215.0558,261.0390,228.2675,22.4097,147.3403,-159.6127,212.0490,-635.8694,370.3474
387.6762,199.7441,558.8852,23.9208,-211.0142,-141.2647,195.8447,72.1127,321.3544,-20.0345,298.7239,217.1899,329.0543,-42.1708,165.8719,-138.8141,213.2957,-525.4597,369.4463
422.7272,230.5956,586.3486,36.4465,-153.7264,-129.4759,284.0251,110.8326,272.6515,18.7663,306.5773,201.0062,411.6903,-36.0837,176.3012,-33.2127,180.5067,-448.7116,378.3665
437.7156,233.6708,512.6598,13.6017,-12.6621,-99.6831,259.3077,118.6144,86.0196,17.1689,254.0691,216.3249,408.3933,-8.2659,173.5146,-12.0247,138.4901,-367.4193,344.0487
441.3623,194.3812,423.7458,-14.0221,30.5125,-75.3774,213.4326,117.1264,-41.6461,20.3225,220.1802,213.1370,376.4343,16.2482,205.8801,-122.5767,65.1800,-228.0543,288.9824
373.2148,163.4183,388.9728,-8.0085,22.2844,-24.7019,258.8406,171.4578,60.3178,120.3408,195.7173,174.7696,358.3421,43.6447,252.3900,-170.8555,4.7573,-62.8845,277.5559
271.7309,147.4396,377.3842,10.7516,66.1343,52.0515,297.1082,237.4127,309.3185,251.2459,139.2114,116.4110,315.0783,29.9567,261.2187,-57.4091,36.6667,56.1006,329.3131
222.5073,106.8671,339.8570,-1.5590,85.2585,84.0591,253.1795,232.4781,510.8650,281.1158,86.3243,51.6427,232.9182,-44.5939,278.9756,47.8946,104.9414,47.3580,368.6843
199.9087,48.6782,281.6718,-60.8126,-16.7673,13.5587,194.0623,150.0366,570.8264,215.4815,62.7910,-15.1426,138.0771,-124.6293,322.1256,0.9607,87.5051,-78.9193,300.3775
156.4535,16.8013,220.1412,-131.2513,-178.0573,-109.5044,139.8825,52.6735,536.5838,196.6547,23.3436,-65.2689,34.1758,-169.1083,292.9354,-129.4688,0.9954,-172.1807,158.7341
119.1834,29.0712,156.6176,-148.6479,-295.5933,-172.0094,64.8935,9.5982,498.0457,284.0595,-49.3723,-56.3132,-72.3040,-186.0330,200.8268,-220.3253,-45.0764,-159.3867,69.7765
90.9153,64.0486,100.0917,-115.5236,-366.0362,-170.4820,-0.8439,-3.8060,458.0074,324.3442,-125.6638,0.8966,-164.0814,-204.2704,166.1314,-217.3368,-24.7581,-153.9034,48.2954
43.3367,88.5262,55.8175,-91.0741,-440.8430,-203.4885,-50.0719,-70.4111,380.0009,226.4701,-192.3546,33.7676,-249.0475,-240.7251,158.4886,-142.4443,17.0727,-207.9355,7.8069
11.8140,97.2450,17.8653,-59.8941,-507.9157,-245.8047,-93.8840,-145.3995,312.9164,152.3971,-226.5016,42.7881,-309.7583,-250.8113,96.2897,-88.5719,63.6973,-210.2826,-52.2086
31.8136,102.5857,-4.6406,20.0406,-483.7631,-187.0112,-86.5309,-131.6416,268.4210,138.9506,-201.4901,80.2709,-285.6256,-198.2256,72.6537,-111.2712,107.7524,-115.1991,-71.4290
56.8380,101.8953,-3.5493,95.5417,-339.7876,-84.6605,-22.6998,-88.8789,180.1147,30.7047,-159.6422,112.9277,-178.1164,-148.7706,155.7066,-141.2788,124.8730,-5.6081,-53.3243
39.6512,111.4357,15.2287,138.1396,-150.3232,-44.6139,58.9048,-65.6522,180.9933,6.5352,-143.2148,119.7343,-59.7821,-134.0261,236.3929,-103.5460,127.5478,77.7214,-1.5190
4.9809,155.8452,71.1046,205.1565,21.3719,0.0428,191.0358,30.2464,440.3326,297.0073,-101.8838,162.2341,35.6546,-85.2608,262.3267,-35.1067,153.4436,144.4605,102.8138
16.2272,183.0285,176.0117,249.3163,164.0619,71.2787,352.6498,135.0905,656.7570,451.7616,-6.0828,187.8334,114.9356,-42.4032,302.4379,-23.1541,179.3151,158.5885,178.7653
98.5611,131.5772,261.0847,162.5026,238.1593,35.7836,407.5034,52.7640,461.6507,53.3521,63.6741,77.1177,160.7872,-116.8533,362.3130,-90.9627,147.1474,97.2363,127.5816
179.1248,55.0072,250.7547,24.9438,201.5620,-77.6276,362.0376,-120.2594,156.4821,-349.4922,47.7263,-72.8640,155.9692,-211.8439,394.7450,-157.8788,71.3789,21.0357,25.0384
178.2357,16.3654,163.4466,-14.7054,95.1249,-91.2064,347.3585,-138.3764,187.4261,-213.8286,-8.8021,-91.6380,112.3131,-163.1528,392.1354,-140.7723,16.0239,4.1965,-2.5455
152.4486,-11.0176,55.2907,13.1245,-5.1644,-30.9619,327.3299,-54.6060,355.1290,56.1563,-50.2352,-29.6582,50.1952,-44.3618,360.8984,-88.1208,-4.7596,49.1431,12.9917
180.5818,-22.8153,-35.2692,18.1620,-66.9127,-35.0083,231.2059,-32.8572,325.2002,61.3152,-71.4987,2.3895,-4.1836,-2.7662,326.8646,-79.0952,-15.8198,82.0193,-6.1925
197.8031,18.5123,-82.7763,-9.4057,-103.3839,-87.0648,184.2810,-33.3536,243.5819,63.8351,-92.9105,11.9379,-35.8962,-29.1069,313.3409,-60.2046,-32.6594,48.7422,-32.5911
153.1638,57.4021,-120.0698,-71.1834,-160.8175,-135.0991,258.0729,-2.3422,318.6580,223.2050,-131.1634,-0.7130,-67.8042,-62.0436,278.4689,26.9869,-66.3273,41.0561,-24.5539
142.6736,54.2552,-183.8170,-132.0652,-261.1792,-174.3425,313.2209,7.4444,439.2709,323.4969,-167.5745,-32.0337,-118.5943,-61.6505,207.5514,114.6126,-94.4128,206.5319,-14.3218
202.9277,92.4626,-193.9651,-98.7817,-335.7505,-140.0617,263.5048,-17.3842,400.3732,256.5597,-171.9442,-1.4496,-169.6477,-3.8885,161.9587,140.7512,-58.6942,486.6355,-50.0162
225.9624,188.4243,-110.4479,8.7507,-307.5608,-23.3122,173.9182,-63.5117,172.2825,80.4780,-171.4443,87.8266,-200.7434,40.3456,147.4315,103.4886,19.2327,648.8134,-123.5467
166.1947,225.5784,-92.9789,59.8883,-205.6217,45.3375,113.0639,-120.3976,3.8869,-74.7274,-204.0041,129.6916,-198.8558,-1.4592,133.3640,6.7601,32.1838,616.2510,-166.8259
84.6782,177.1413,-208.5643,27.5345,-97.3290,22.9461,104.5390,-131.9798,113.9706,-55.7761,-230.0333,120.6639,-149.8002,-50.8238,144.3505,-73.4711,-26.1119,532.9682,-147.7083
19.0417,144.4150,-247.6303,-6.0630,18.1719,12.4962,121.3330,-111.2974,225.7621,37.1956,-204.2269,136.5245,-63.6947,-33.3130,155.9093,-66.2449,-42.9971,517.0633,-136.1382
-19.2409,169.0083,-114.5828,10.7764,170.7052,64.3115,130.5608,-136.1870,30.2441,17.1286,-158.2173,187.7094,42.4520,3.5748,119.9398,-61.0058,13.6142,562.1942,-160.7182
-17.0546,204.8368,-5.4523,78.6570,342.2890,147.1848,184.1265,-146.9726,-131.8061,22.7355,-119.1831,249.3447,166.0903,42.9350,113.1511,-91.0719,81.8583,614.3021,-127.7213
16.2469,230.6362,-10.6930,162.0132,463.3015,209.5185,283.1035,-74.2980,39.7853,135.9508,-63.0890,286.1891,262.7106,92.7245,165.6958,-13.0245,150.2295,610.0105,-41.4507
76.9940,275.3314,1.7966,217.4951,465.5585,182.1693,286.0732,-41.8447,147.1501,109.0727,10.9221,261.8874,271.1228,95.3192,166.0770,126.3473,221.2777,534.5071,-48.6722
162.4902,346.6160,61.3757,248.7589,361.6656,82.3835,191.5131,-109.3073,-13.6016,-32.4888,76.2037,225.0498,228.4626,71.8971,148.4210,102.3048,235.9550,455.0007,-134.4810
233.1979,372.6523,70.6035,248.6631,243.9511,27.9365,176.1024,-146.2564,-44.7861,-12.4151,119.9020,232.3517,205.4693,110.3081,232.1819,-3.0130,177.0735,406.0461,-133.5477
272.6541,290.9624,25.6255,174.0242,166.2111,38.0218,228.6228,-138.4097,108.9830,34.1007,120.5624,221.3206,172.6136,148.8519,301.4898,43.3392,115.7012,344.0254,-64.3670
291.0451,186.8637,-28.7555,73.8066,90.6389,24.3211,207.6984,-181.3468,122.6936,-96.2449,71.1796,159.2547,91.2400,109.7171,255.8356,131.2699,88.0338,259.0579,-63.9821
248.1540,176.1734,-99.0637,37.9617,-24.9105,-33.1827,151.1980,-232.3465,58.0732,-175.9157,24.8139,132.1517,2.6089,89.8817,241.2722,70.5053,58.0622,168.0875,-111.8574
155.9202,202.1837,-160.8978,13.2716,-158.8860,-108.4358,101.8062,-248.2663,62.7736,-109.8424,19.0300,146.7044,-80.0273,126.3338,256.7331,-14.6462,7.4162,52.7555,-136.8742
141.7451,166.4824,-161.4597,-69.4356,-249.4844,-187.9653,-12.1372,-291.6762,2.4641,-116.1375,24.2178,115.0920,-170.7497,109.3827,134.6191,18.3732,-38.0628,-36.3264,-160.6046
212.6430,122.1409,-123.5451,-122.1140,-246.7480,-213.2447,-99.4639,-325.4869,-38.7285,-151.5070,29.0321,52.3910,-201.2301,60.6152,-0.5367,78.1400,-55.4012,5.5067,-173.6562
208.4693,131.0770,-116.4322,-89.1551,-159.3144,-171.5921,-31.6981,-285.8969,104.1089,-96.2113,45.8822,37.0492,-129.3088,82.5879,50.6105,71.0039,-57.1300,114.3664,-154.1176
98.0638,137.7832,-166.7973,-63.0762,-50.1580,-167.9251,29.6811,-270.7083,153.6383,-137.0035,31.9690,67.7516,-47.4080,111.8601,142.6665,29.7080,-68.3413,124.5813,-165.6885
-5.8268,111.5872,-237.3114,-77.0366,38.3135,-217.5408,-49.3175,-317.4813,-41.6585,-287.3130,-32.9732,104.7215,-6.1173,81.9397,141.2341,12.9723,-63.2269,67.2434,-200.9470
-79.1336,95.6858,-247.7047,-58.7512,118.5561,-196.5066,-88.7581,-298.4883,-117.4445,-275.7062,-58.9671,124.1523,64.4865,73.4363,164.8724,34.9248,1.9482,91.8960,-158.7398
-121.5692,107.5830,-156.4117,3.9694,194.2814,-95.4376,5.3320,-204.8517,29.1348,-131.3227,17.8789,117.5744,159.3178,99.8011,209.8913,42.3923,74.9590,181.8105,-86.6610
-63.7765,152.4889,-27.8061,78.0637,221.3342,-20.3481,65.3700,-142.8844,57.1270,-73.6190,129.2737,115.8699,177.0378,85.9461,155.1211,13.2805,78.0114,235.7017,-110.3621
49.2980,238.0986,55.8666,180.6211,170.5564,35.0655,23.6512,-92.9626,-96.2289,-54.6892,197.8887,144.4702,115.0535,72.1398,72.2663,26.9783,75.3551,273.0684,-171.3219
77.6523,317.0049,105.7769,323.0667,91.0576,134.0591,-26.1165,-8.3406,-199.6207,5.0515,228.6586,175.2133,64.6715,124.6797,57.2081,71.1712,163.0780,340.4561,-153.7324
41.1003,350.2170,170.0593,448.5885,57.7711,232.8212,-46.1551,56.5000,-178.4284,17.5876,242.8461,193.1381,53.0360,180.6871,63.1846,18.8707,274.6178,393.1099,-82.7524
59.7520,368.2684,239.5034,486.5801,68.4637,272.2750,-39.4668,94.6774,-74.7473,-13.7310,249.0221,214.6425,38.1629,181.1189,75.4449,-67.0321,319.1638,394.9396,6.5348
136.9565,367.5821,283.4380,444.2587,60.5782,280.7994,-20.7894,154.3796,30.2373,-11.5515,267.7283,233.2433,-2.4469,149.6663,79.5917,-9.4440,348.1138,380.9478,123.1342
210.7730,307.0555,309.1038,403.6938,20.8164,288.8826,-58.5707,202.9576,2.1440,4.5434,293.2437,242.4890,-49.2386,88.6148,5.4650,125.6038,392.3657,377.0309,196.7278
249.1951,241.7674,324.7114,394.6695,-2.1036,282.1406,-143.4081,207.8279,-114.0509,24.1626,281.5453,244.5046,-70.3828,3.1863,-64.9742,185.7080,369.0287,371.7753,174.1341
222.7225,255.7807,303.2097,366.4648,25.1598,263.0862,-157.3841,215.9667,-125.5214,61.5954,230.1256,221.0769,-65.0537,-39.5238,-12.3851,210.1653,277.5627,367.9883,142.5157
152.7670,304.5730,243.3917,327.2214,98.8466,255.9014,-85.7121,236.8827,-39.6021,74.1193,200.3515,190.3479,-52.5528,-23.2137,37.5517,226.4993,234.1587,382.2011,168.9711
129.7918,310.5078,204.3296,324.7553,198.0784,254.7097,-21.3780,228.8036,-2.2099,75.3814,226.2231,195.9970,-6.2380,-19.0101,-16.2352,167.4642,258.5222,395.2463,205.4281
167.1832,301.7341,201.6840,304.9457,289.1522,235.3233,23.6986,206.7555,-27.6091,136.8555,260.5635,198.6548,103.8227,-41.6047,-22.9454,105.0145,247.8371,365.9701,221.6045
173.2042,307.7005,161.5347,220.1517,347.6417,210.2860,84.9968,213.1955,-43.2280,241.2104,242.5513,148.1880,209.9382,-29.3126,57.4772,144.0402,155.9058,305.5877,232.9114
112.8843,268.1876,66.7547,148.1062,369.9172,212.6121,134.6230,239.3331,6.1912,347.8102,179.8233,98.1992,235.0595,13.6123,70.1721,197.5764,43.7441,269.6433,226.2038
47.3239,168.4622,11.0116,125.5876,352.9668,230.6603,152.9531,256.3307,110.9483,457.9588,132.9659,94.2207,226.5757,10.3999,36.5132,180.3161,-12.2432,261.0811,195.6824
21.7085,117.2526,31.6733,108.8358,313.2073,227.3192,175.0204,256.5627,145.4795,512.9543,138.6745,109.2223,251.3490,-44.2655,76.6202,155.8161,10.0294,238.2484,168.7110
24.8265,183.1422,57.6692,124.0817,290.1672,208.5190,210.5309,243.4850,54.5426,460.5585,170.4191,134.7696,270.2990,-66.1227,105.4269,158.1672,63.2051,212.1680,154.4673
29.5909,279.8462,52.3727,167.9841,277.7584,202.1479,236.2385,223.3264,-7.9769,380.1471,172.9017,153.0822,241.3410,-19.6683,39.2803,161.5860,80.8701,205.3085,151.9776
19.5972,306.5443,43.9720,124.9182,234.0714,202.5848,256.1727,201.4973,26.6716,347.8378,132.3713,119.5430,197.0387,32.3085,1.7864,186.4697,55.3541,167.3403,156.1986
-2.1303,285.0568,49.4192,6.4664,168.3942,185.0099,265.1461,174.3925,2.4525,316.2758,99.6576,79.7397,151.7336,34.3196,52.8553,228.5738,31.9241,79.9253,118.4122
-15.2128,275.8264,87.4911,-39.8514,114.4588,134.1121,196.9171,131.7178,-141.7268,225.7768,120.0325,101.2287,88.5755,11.9122,58.0592,228.3204,41.4581,33.8849,17.2598
0.7999,268.3887,171.4593,-23.1460,72.7943,54.7616,31.1453,73.5635,-283.3344,107.8373,163.2664,127.1835,36.1390,18.7408,-50.4992,189.2968,71.7256,64.7105,-64.1421
49.0046,226.4982,241.9452,-59.0726,53.5291,-22.7472,-101.4873,23.8981,-354.5217,56.2516,169.9871,101.6693,22.1807,54.4206,-155.7710,172.0986,79.3522,74.3040,-65.9434
105.9056,161.4569,226.6389,-142.8317,64.3877,-83.6348,-83.7898,4.8616,-368.3681,112.5362,128.0841,63.1239,11.5313,61.5186,-132.5298,190.5165,29.3515,18.7704,-60.5886
127.0347,115.8199,143.7956,-224.5084,58.9777,-146.5824,-8.9866,0.8340,-339.3711,186.5029,55.3246,17.3642,-19.0437,13.1199,-8.0047,212.4201,-50.8039,-23.0689,-118.1674
84.5524,99.2068,62.0579,-284.9218,26.7359,-197.6469,-16.0516,-15.6292,-317.8474,186.9800,-22.8401,-43.5472,-38.2328,-32.1081,70.2158,216.4622,-92.4394,-25.5568,-188.8488
9.6272,57.4393,23.6453,-283.1171,30.1849,-202.8764,-60.6145,-39.5634,-322.4549,171.9138,-56.8817,-61.8145,-38.7339,-21.6009,21.1227,216.9217,-79.3261,-56.0679,-199.3625
-32.0136,-39.9469,26.6762,-246.4794,60.0640,-194.6393,-53.9127,-41.4022,-263.6777,226.5324,-33.6480,-38.7616,-58.0447,4.1488,-61.9244,241.8344,-57.2659,-121.9800,-146.1118
-16.0888,-95.8681,28.6380,-263.2215,39.4460,-204.6824,-29.4663,7.4678,-102.2811,313.9512,-21.3856,-44.8491,-104.1968,-0.7152,-67.7245,278.3106,-51.5964,-156.0390,-66.1594
28.6874,-18.6240,3.5852,-295.1177,-18.0248,-181.1174,-22.6090,97.1952,15.8093,347.5424,-50.6465,-65.0528,-143.4432,-7.3651,-34.1571,281.5686,-52.0225,-141.2258,-11.3699
67.3974,80.1482,-18.9011,-265.1409,-59.1055,-107.4022,-14.9475,158.8481,-52.8372,304.3500,-58.7330,-58.2767,-160.6896,15.1415,-37.4972,248.5300,-63.4598,-116.0364,-20.1863
44.0346,38.3553,-42.2600,-237.8198,-105.7352,-50.2690,-23.5534,162.4129,-178.7744,265.6026,-43.9937,-53.0413,-172.5757,59.4649,-44.7370,225.4159,-102.3416,-92.5807,-50.8950
-99.3156,-92.4540,-121.4870,-261.3871,-153.9588,-16.8205,-36.6197,183.9848,-98.3372,329.7717,-83.6148,-43.1616,-176.6352,116.7237,-3.1101,248.7082,-153.3468,-66.6448,-20.2324
-267.2609,-164.1651,-218.8668,-270.2294,-126.2583,31.8829,21.8343,245.1864,126.0564,402.4951,-134.5768,6.8093,-130.5470,158.0909,56.6385,298.5571,-170.5143,-60.6670,53.7538
-253.2704,-165.9445,-218.6660,-257.8682,-17.6475,50.3800,126.8368,227.2544,149.0112,289.6623,-71.1146,59.9769,-16.1192,150.9030,104.8336,304.1703,-127.7977,-87.0438,60.2431
-80.0801,-154.5667,-121.5927,-265.8884,89.0385,-5.5516,171.5439,94.5468,-32.9817,83.7860,62.8534,85.8556,105.4373,129.7305,168.1807,240.6922,-60.5707,-114.7487,-21.4999
-6.4867,-136.2668,-34.8457,-268.3822,160.7120,-69.1811,174.3156,-11.1064,-55.2340,43.5883,110.1918,97.3492,160.7731,131.0876,232.9474,185.6245,-30.0618,-112.9376,-79.4327
-83.6035,-127.2453,-0.5749,-261.5945,224.4676,-76.7684,217.6650,-13.6413,121.3465,113.0215,68.3844,68.1242,161.9306,118.6471,234.6428,187.0481,-36.4025,-84.2150,-44.9341
-100.5245,-158.4772,10.5573,-271.4832,287.0600,-52.8589,270.2563,0.8268,175.6421,76.2976,53.6343,6.7706,171.7950,86.8090,190.6288,186.1104,-28.9048,-45.5964,13.6033
-11.7600,-201.2509,15.5860,-257.2229,324.2486,-41.7067,273.0181,-31.7213,35.5414,-9.6248,82.8563,-7.3924,202.0582,78.9725,183.0256,151.2125,-13.7138,-22.3437,10.0755
28.6878,-208.9650,23.3691,-216.9570,309.4348,-65.7220,244.7411,-85.4209,-135.0341,-13.0667,90.6816,11.2467,208.8249,63.5113,194.0600,112.7610,-38.1648,-39.2738,-44.0889
9.3441,-188.4448,41.5467,-220.6383,237.9073,-114.5135,194.5823,-128.1184,-293.0507,-6.6901,63.9625,-16.9056,162.1610,3.8121,143.9739,58.1144,-72.4789,-76.6463,-80.6823
27.1664,-171.4076,55.9864,-238.2988,129.3610,-140.7030,102.4505,-145.8154,-400.7168,-49.4055,32.4828,-63.7078,75.6367,-30.7695,70.2296,-20.7589,-58.3029,-90.6513,-75.5285
57.5730,-164.0184,56.1936,-204.6560,3.1747,-129.7683,2.8758,-151.0882,-384.2049,-84.4786,18.2663,-77.7190,-12.6741,-18.5357,62.5136,-69.3297,-31.5031,-94.6843,-73.2845
57.8919,-138.4892,55.6666,-170.5083,-111.9873,-115.7448,-56.5327,-180.0550,-354.3973,-112.4688,39.0177,-82.7823,-71.0073,-47.6944,78.1508,-79.5759,-35.7917,-119.8755,-115.0968
84.9892,-77.3895,68.2089,-148.6678,-166.0288,-94.3757,-91.1413,-217.5591,-410.1088,-145.5791,86.7218,-75.2980,-92.4614,-113.7118,35.0722,-91.1437,-20.2147,-121.9309,-167.5782
138.1085,-30.3515,88.2552,-72.5947,-156.6972,-47.9438,-112.3232,-208.3163,-412.7491,-139.1391,115.1422,-44.2647,-88.7738,-122.7385,-7.5269,-94.5230,28.1218,-74.3968,-175.4324
116.3393,-56.6880,88.6776,-11.7561,-161.9523,-29.4208,-86.4264,-178.8180,-316.8529,-131.3509,98.4940,-44.6294,-86.5156,-89.9620,29.4954,-99.9444,20.6049,-74.0326,-170.1005
12.0146,-119.3957,58.3347,-66.2354,-230.3263,-79.1790,-44.3339,-218.3846,-309.9748,-207.0453,65.3830,-73.7652,-118.7287,-81.4383,70.7436,-155.5638,-51.3564,-176.5933,-224.9192
-57.6911,-144.2378,38.6942,-132.4001,-299.1978,-142.7881,-89.8608,-327.5076,-442.1586,-326.7882,44.1252,-60.0492,-175.3962,-74.3709,27.1482,-210.7080,-87.2797,-263.4242,-311.9655
-52.6511,-136.6349,43.1024,-113.7176,-272.5756,-166.7595,-206.4059,-403.6075,-558.3134,-397.4594,14.8209,-22.0799,-189.8188,-40.2162,-35.1150,-184.7827,-76.2378,-242.2102,-335.2454
-71.5988,-137.9752,-7.3133,-106.9140,-140.1861,-150.3161,-235.1765,-380.1176,-591.8521,-397.2505,-56.0315,-12.4284,-127.6723,-0.7604,-34.1054,-127.7848,-98.5010,-188.5724,-289.8975
-160.1785,-153.9558,-140.0330,-149.5277,9.9648,-91.3093,-136.8891,-300.5591,-600.8316,-345.0257,-152.6111,-4.7801,-39.4361,37.4533,-15.2610,-108.2755,-151.0465,-159.0938,-243.3768
-219.7631,-183.8805,-237.2173,-131.3571,104.3479,-31.0811,-41.0608,-238.0198,-608.2327,-282.0240,-207.8096,2.9634,17.9640,61.0857,-21.3161,-109.5078,-160.7992,-101.1940,-196.9497
-196.3517,-224.7300,-218.6599,-43.3749,167.4212,-86.4206,11.2196,-194.2170,-566.5736,-252.7961,-179.8487,-25.4050,38.6046,38.2034,-12.3949,-135.3849,-110.4953,-14.2363,-118.9334
-177.3389,-250.8857,-154.4272,18.8063,234.2879,-270.1664,81.5201,-130.4868,-441.2265,-231.1095,-115.5177,-47.5717,31.1995,4.4124,0.1517,-189.5747,-39.1239,43.1840,-47.2446
-200.6945,-256.4194,-107.6599,52.3476,271.8560,-388.6429,135.6435,-54.4128,-297.2265,-166.5466,-97.6840,-21.9220,6.6578,27.8795,-37.4314,-189.8873,13.7417,85.7275,-18.8955
-190.8170,-256.7766,-65.2311,94.7238,268.3008,-304.8654,126.1678,-6.6092,-228.9861,-96.5133,-135.0298,-1.9315,-13.1122,85.6502,-75.2602,-112.1917,32.9066,130.3135,-4.1189
-133.9001,-228.3794,-39.4995,107.1485,257.6135,-186.7646,112.2855,-12.5103,-232.3374,-97.9826,-153.6556,-14.2530,-29.3620,101.1614,-58.5800,-65.7915,34.6412,111.3494,-9.7136
-73.8619,-142.8878,-42.0890,69.4733,216.9852,-273.6389,94.8707,-80.8774,-290.8617,-167.5666,-107.3243,-17.7324,-61.3458,63.7439,-69.3397,-102.0197,24.2872,24.2529,-91.0956
4.8935,-57.4279,-18.6572,36.3930,119.9304,-503.8698,11.3662,-176.2387,-411.2096,-225.7393,-39.0519,-19.9482,-94.8727,25.8815,-145.2567,-146.7157,-22.9700,-37.6381,-203.0050
75.3237,-72.6967,42.2179,22.3299,38.8611,-630.1989,-63.0389,-220.8555,-455.7374,-225.4107,-4.7101,-62.0177,-105.2023,17.2201,-166.2174,-152.4646,-97.3820,-66.8419,-229.1717
33.0685,-196.0076,58.3813,-22.5329,17.0388,-598.6340,-48.0969,-196.7853,-317.8727,-209.3530,-0.5270,-122.2812,-104.3449,13.9826,-96.9493,-149.7165,-157.9326,-132.6730,-179.0262
-96.5855,-318.8953,-2.9492,-91.4281,-7.1222,-534.1844,-50.2780,-156.3685,-220.2516,-214.4461,-2.6598,-145.9117,-100.0879,3.4889,-64.1312,-165.5064,-200.1274,-202.4102,-156.4948
-165.4664,-354.3628,-74.9516,-114.6322,-29.8724,-471.2711,-131.6256,-109.5909,-341.8948,-193.3412,-6.6518,-124.3530,-69.9661,16.5859,-111.1650,-181.4598,-220.0570,-201.2096,-161.7016
-139.5503,-327.6815,-111.1750,-87.6929,29.8686,-369.1711,-179.4649,-35.2141,-452.7591,-134.5480,-5.5999,-104.7020,-23.1219,39.5356,-165.0586,-171.0117,-189.4586,-160.8584,-108.3649
-102.1667,-291.2774,-131.3106,-67.4320,144.4344,-257.2670,-148.2942,45.4485,-375.2129,-115.6400,-3.6938,-125.0918,-3.4813,8.6535,-202.1465,-159.1841,-130.2669,-125.1692,17.3197
-113.3792,-253.6574,-157.6260,-39.6685,219.2785,-160.5334,-85.0306,125.0229,-270.7987,-133.7852,-34.7590,-149.9667,-9.5341,-46.2088,-212.5390,-182.1308,-78.0543,-57.2454,154.4997
-193.1074,-237.7833,-180.6387,55.8375,251.7990,-39.6344,29.7404,226.9076,-228.9548,-103.0144,-90.4037,-125.5393,0.3275,-34.6938,-153.3034,-193.5555,-2.0870,43.2513,265.6246
-293.5910,-269.0632,-171.8305,178.2520,270.0931,92.8307,172.2242,322.9089,-195.5086,-48.7761,-99.2670,-76.8843,22.7416,8.0905,-68.9430,-155.6041,87.4266,109.3630,356.3401
-311.4407,-299.7343,-120.1723,225.1785,254.0389,166.5511,222.9350,372.7547,-218.9232,-46.9071,-46.4768,-58.5439,14.6790,-8.2647,-56.1286,-161.4458,106.6263,133.1584,433.6681
-251.8499,-289.4325,-52.1564,206.4965,215.6654,180.1475,181.8362,389.7958,-258.8294,-53.7236,4.6304,-65.6350,-21.6321,-48.1248,-98.7138,-260.5694,85.1019,157.2591,473.9133
-221.8921,-276.1984,12.1103,226.4819,205.6757,198.5968,162.1969,371.2831,-159.6639,-22.1057,36.2259,-70.5973,-40.1541,-41.4429,-126.5584,-308.9688,133.0678,176.0096,442.8189
-226.0191,-263.6068,76.4641,296.8310,216.0510,266.8046,177.8585,306.7915,-21.5199,-2.6662,71.7262,-69.1802,-35.2522,-9.5190,-144.3380,-209.4801,205.2232,168.7958,364.4749
-196.5778,-222.4665,118.0766,307.3548,191.9374,389.5332,170.0093,258.3936,-13.2815,-9.9461,86.7987,-66.4064,-44.7852,13.2275,-168.8087,-86.0497,189.1023,146.4459,311.9359
-160.0750,-220.5159,112.7305,215.3297,118.4178,524.4181,122.9233,254.0522,-8.1612,-15.3299,70.0676,-75.2650,-78.0103,17.1577,-175.8503,-60.3568,132.6245,108.0728,290.6800
-163.5310,-308.9972,101.7602,131.3573,34.1138,599.2272,39.1968,211.8738,56.0552,-55.3689,67.3498,-94.1029,-121.0889,-7.6170,-161.9344,-97.0642,126.4862,58.1372,234.5860
-170.5621,-384.2619,116.7731,131.6413,-11.3965,600.6450,-50.2011,119.2687,2.9556,-144.7623,66.9806,-92.5296,-178.3950,-22.4774,-145.7278,-132.1340,135.3567,47.5805,153.2900
-151.4060,-377.5875,106.0989,136.2777,13.5903,594.0100,-70.6453,86.7322,-106.0858,-202.9529,9.9545,-81.5707,-220.3177,13.3367,-131.3530,-134.7836,112.1749,95.0379,145.3524
-132.4857,-367.1490,43.3750,93.9187,120.3417,618.4829,-0.3731,142.8370,-63.0609,-192.2060,-59.5537,-109.5368,-171.9571,43.9163,-123.8181,-80.0876,80.8708,142.0046,230.3148
-142.4151,-386.9641,-21.6985,79.1980,280.4925,634.2537,101.5963,196.9402,-6.2484,-172.6467,-59.9889,-152.4995,-49.9957,15.6543,-125.1108,-20.4094,46.4009,155.4902,308.4783
-192.2701,-387.2123,-72.4536,96.2821,405.4080,597.5677,174.3404,204.5048,-100.2881,-181.4762,-31.8965,-153.3402,21.4780,-31.7402,-117.2787,-60.9885,-4.7134,170.4037,318.5923
-246.6754,-363.7531,-112.8781,59.7118,428.9438,531.0958,189.6830,191.9725,-155.3456,-192.6894,-36.2635,-137.9506,6.7276,-70.6187,-97.1992,-169.1877,-37.2124,207.8811,301.7259
-226.6494,-319.6168,-86.4726,10.7403,397.9397,487.0065,155.5676,173.1686,-86.0604,-190.8612,-26.0839,-140.3172,-12.2923,-110.8987,-95.9943,-193.9881,-14.7602,248.4294,280.8199
-125.9337,-242.2266,15.2677,47.0887,363.6204,465.3008,92.1111,139.8937,-91.3210,-200.0184,31.6765,-120.0667,-27.4090,-126.6316,-139.9282,-128.0784,36.7670,268.8947,212.4238
-40.2848,-192.4349,87.9335,117.2367,268.2871,420.6226,-12.9415,80.9732,-164.0553,-232.6981,77.6608,-68.0789,-102.3898,-109.9773,-216.0923,-126.4222,69.3614,254.2109,99.2391
-30.7687,-211.2116,91.2407,150.1143,88.3035,343.2115,-136.6928,-0.2935,-124.0025,-253.4019,85.1439,-39.9567,-202.4321,-99.2743,-279.7040,-227.3564,80.1249,208.3531,23.7882
-70.2810,-223.0758,105.3123,176.5049,-71.1745,264.5146,-183.9557,-68.1163,-47.8523,-241.1364,91.5583,-42.6214,-248.9917,-99.1780,-304.5533,-294.6724,97.4033,147.0341,17.2468
-125.0775,-204.1865,147.9292,172.5308,-163.6524,202.8445,-163.0103,-94.6614,-86.7479,-237.7619,93.6276,-43.9101,-273.8633,-101.7209,-318.4167,-263.9938,103.6426,63.8544,11.7229
-185.6335,-234.7141,145.2378,84.4787,-267.0514,177.7085,-208.8389,-93.3992,-146.4710,-253.0195,59.7519,-59.7440,-330.8915,-116.3105,-346.5459,-213.2538,47.8721,-35.0624,-31.9874
-233.5430,-311.2670,84.7204,-5.7776,-382.9999,214.1115,-318.3214,-80.8061,-119.1006,-231.8464,12.1842,-103.3201,-372.7805,-109.9563,-368.5377,-194.1713,-44.9118,-98.8638,-71.7168
-235.7830,-354.0565,26.5199,-29.8142,-410.8216,269.9663,-350.2460,-71.1893,-89.0605,-190.0273,-5.4034,-132.3942,-353.8926,-68.2192,-380.4733,-199.4925,-92.1338,-114.3183,-85.3798
-183.8218,-356.9377,3.8671,-58.0580,-334.5032,272.3279,-305.0340,-93.9268,-137.1865,-197.2391,4.8907,-132.0394,-316.5424,-57.2277,-399.4052,-227.4801,-86.1978,-113.3303,-101.3006
-136.4076,-350.6798,2.0774,-93.6414,-233.2218,252.8428,-291.9997,-134.9513,-198.1702,-209.5592,5.8452,-142.5436,-297.0306,-82.5534,-390.5900,-227.9606,-75.9180,-59.8923,-120.3891
-157.1222,-343.3315,-8.4753,-47.9034,-149.7392,297.5463,-317.4747,-129.1670,-167.3096,-150.5198,-28.4114,-162.9749,-278.6360,-73.0011,-328.2926,-137.4451,-61.8700,84.6838,-114.5413
-196.0046,-353.1066,-29.0164,45.5019,-77.3165,383.3125,-351.3522,-72.7071,-57.6869,-87.7819,-77.3567,-150.2924,-258.1266,-48.4936,-279.6860,-38.9684,-27.5561,221.7048,-91.0100
-162.6395,-365.9520,-16.2459,104.9169,-5.1576,426.2180,-404.8098,-33.5859,-2.5601,-102.6649,-86.1687,-122.9642,-241.4503,-57.4375,-278.3442,-62.1403,17.7939,263.7805,-73.9107
-99.4367,-327.3043,42.5793,169.2406,79.0426,427.2892,-410.1146,-22.0313,-38.3251,-134.0571,-43.3748,-125.9613,-195.7587,-51.9594,-237.2265,-145.7795,77.8103,290.1439,-45.2277
-105.9817,-251.6205,80.0651,264.9975,167.8127,423.2797,-277.4189,16.0543,-34.9550,-126.2093,-14.2610,-120.3610,-107.7035,-21.1090,-125.1698,-151.8159,143.0782,351.7791,22.5826
-150.3301,-206.5611,42.4445,315.3248,220.2330,384.2434,-98.1709,63.5962,21.8614,-145.6428,-43.7255,-64.5575,-38.8844,-15.3358,-50.4366,-101.6497,166.3676,344.3695,88.7666
-140.2939,-200.8599,-36.6100,279.3560,206.3326,269.9030,-54.3447,24.5471,-17.8065,-245.4609,-83.2394,-27.3870,-36.4929,2.1888,-64.7252,-74.8288,133.8853,217.3444,64.3705
-98.6497,-207.2428,-100.7723,187.1076,132.0312,97.7370,-164.6022,-124.5021,-124.5791,-371.1985,-79.4075,-62.2722,-54.9643,49.9134,-81.3540,-55.3996,64.3942,56.1778,-70.3313
-113.7753,-216.2067,-136.6218,65.9596,19.9116,-93.0777,-287.4106,-282.3770,-117.0789,-448.8160,-60.2194,-109.0947,-36.2147,27.1892,-46.4174,-37.6107,-45.6080,-91.3101,-219.2726
-193.8956,-220.5998,-165.9452,-57.3895,-94.9575,-261.9597,-314.5617,-356.5119,-38.8563,-477.3643,-65.6596,-137.8356,3.9346,-64.5334,-12.2954,-78.5531,-171.4988,-246.5282,-283.3183
-265.9672,-232.1179,-210.5815,-165.6008,-170.4165,-356.9236,-266.4078,-361.0668,-68.7144,-508.3426,-73.6994,-183.5398,21.5809,-97.1624,-22.0473,-162.8367,-253.2108,-392.4957,-272.2382
-274.2987,-270.4977,-254.6450,-256.0670,-193.4963,-356.6794,-235.0545,-350.5299,-183.3740,-554.8161,-58.6206,-207.2036,5.7822,-75.2716,-63.0917,-194.8165,-288.8438,-478.5383,-263.3652
-241.3914,-302.6144,-263.9965,-292.3113,-186.9782,-294.3320,-272.3593,-344.0971,-259.4801,-568.4785,-41.6352,-161.3244,-32.4991,-82.4813,-125.0625,-150.4900,-306.1117,-471.8117,-299.0225
-226.4524,-289.2976,-241.3492,-254.5810,-152.3569,-204.0398,-329.8043,-342.2877,-290.4030,-530.8098,-33.1912,-118.7839,-67.1421,-87.6558,-198.4756,-114.5155,-288.9514,-370.2096,-351.9014
-228.8737,-257.1177,-194.2827,-199.5826,-49.2573,-91.9798,-320.1278,-332.9229,-320.2408,-484.0966,-7.4937,-132.0204,-60.0126,-68.9170,-251.1432,-156.0125,-239.3517,-206.4118,-356.1269
-188.7292,-235.0145,-95.1965,-144.2869,124.2278,37.7841,-231.5993,-272.2177,-360.4136,-439.6239,38.7634,-137.3914,-9.0066,-80.3302,-274.3262,-218.0268,-186.8886,-4.9199,-272.3510
-100.2065,-205.2706,43.2616,-35.7613,288.8643,175.2555,-132.9218,-134.5943,-366.6828,-370.5849,79.1620,-112.6650,41.8325,-88.7408,-289.6859,-175.0486,-122.0087,226.6997,-134.0547
-39.8342,-157.9852,146.8478,82.4693,379.6164,294.0008,-65.0762,24.1108,-261.8322,-311.6136,107.9886,-108.6101,65.3751,-33.2231,-277.2381,-30.4078,-54.2359,405.9869,-6.8627
-43.8322,-114.2626,194.2461,97.4484,416.0888,331.9747,-5.5257,104.2842,-120.0168,-326.4330,136.7498,-118.4992,74.1650,19.2086,-197.2518,44.5294,-25.5563,418.7687,75.7996
-49.5063,-103.1795,229.9555,30.6516,431.4766,253.1400,52.8434,67.7941,-110.5961,-369.5099,158.4410,-105.1174,79.5401,5.0702,-94.8090,-32.7642,-0.6173,307.2326,107.2036
-10.2204,-129.7307,255.8960,-9.8707,416.0906,123.0052,89.1326,-9.6984,-103.6214,-322.2248,158.3976,-84.0579,78.6067,-32.2332,-47.3885,-114.9369,55.4470,218.7864,97.5378
31.3922,-142.1876,235.9467,-17.8098,355.9470,34.5748,112.5216,-27.5216,153.5607,-184.9022,143.4858,-84.0201,71.1437,-70.0612,-26.7383,-80.4765,56.3014,169.2142,80.4571
40.4974,-98.7001,172.7086,-50.9462,246.3507,-10.6126,113.6709,-5.3395,401.2382,-96.7318,131.9998,-109.5847,57.8034,-118.3759,24.9074,-27.9826,-30.7984,62.6940,55.2451
40.5745,-53.9465,96.2418,-106.3236,87.3624,-66.3897,20.9253,-45.6924,181.1994,-125.1514,118.2297,-141.6592,33.7598,-136.3044,47.0765,-55.0477,-96.1712,-105.6988,-29.9671
18.9182,-72.2637,25.9307,-154.1199,-78.9726,-148.2972,-166.2835,-149.5440,-278.0217,-168.0102,72.5098,-155.0859,-10.1104,-117.5893,-25.6933,-78.7805,-125.7769,-243.2854,-170.7878
-66.6414,-138.0818,-34.6342,-206.2250,-193.8349,-242.9794,-321.0326,-223.3363,-361.4295,-111.0419,-5.3685,-177.4458,-79.5027,-138.6025,-107.5173,-34.7231,-220.1536,-300.0114,-297.3510
-165.1631,-226.3832,-95.0702,-274.1531,-261.9931,-338.0694,-370.9070,-252.4406,-53.2789,44.7679,-74.0812,-241.3302,-162.3742,-218.1196,-101.2520,-5.4514,-342.0563,-311.7261,-405.5824
-196.6828,-313.4550,-152.9320,-320.8278,-326.8066,-402.3912,-383.2020,-292.4999,178.2267,225.4626,-123.6440,-282.1969,-244.9170,-278.4814,-65.8920,-31.4483,-372.0620,-334.9532,-529.5126
-200.6570,-332.8740,-186.2418,-313.0867,-388.7771,-400.7114,-418.6797,-336.3356,179.9694,340.4604,-181.3492,-254.3070,-331.0761,-276.5647,-87.3043,-42.0103,-326.9227,-375.2825,-602.5466
-237.6134,-277.4037,-195.4163,-271.7140,-413.6395,-335.6402,-455.2869,-332.0969,154.2308,345.2152,-227.1080,-232.1227,-397.8271,-243.0529,-131.3362,-17.3592,-275.4221,-381.0058,-542.5875
-264.0814,-232.5206,-200.1676,-216.8454,-380.6577,-233.3977,-455.4965,-264.9941,197.8213,311.7696,-222.4860,-238.6715,-383.2140,-200.2586,-140.7782,13.1731,-218.1221,-309.2712,-401.0576
-258.7524,-230.7023,-201.2741,-147.3895,-299.9230,-116.6161,-390.7907,-158.5762,249.9709,324.0600,-202.0284,-215.7684,-284.3733,-138.6796,-117.0430,72.7520,-173.3572,-184.0370,-257.5970
-282.7744,-244.3194,-206.8220,-111.7721,-212.4214,-16.9690,-235.2894,-58.3221,298.9745,339.9936,-207.8945,-199.7918,-181.2722,-67.0415,-48.1828,139.3231,-173.6103,-74.0378,-103.4791
-322.3304,-270.3453,-234.0769,-146.8768,-148.8198,38.5333,-7.2345,13.9146,383.8188,322.8329,-213.7520,-216.7169,-111.8991,-14.0127,76.0938,120.2466,-169.3792,-10.0860,59.8781
-291.5121,-271.6078,-252.0235,-160.0651,-92.4060,71.6500,210.6243,101.7172,484.0117,355.3978,-207.2780,-161.5478,-37.5144,20.6653,179.0507,60.1197,-111.4367,45.7697,180.5021
-207.9118,-203.1279,-230.4586,-85.7626,-35.4209,117.6775,326.6869,212.7604,527.9880,452.1132,-213.0699,-48.1412,52.5679,54.6305,191.6800,105.9046,-55.2727,100.3309,249.8229
-160.3986,-134.7022,-217.4326,-45.4895,-19.9488,142.6371,327.7762,249.0325,481.2169,489.7104,-212.8644,-35.0013,117.8863,73.0296,173.7041,211.2677,-69.1899,77.2812,274.4525
-155.0734,-131.7741,-251.1605,-116.4756,-69.4546,84.4443,279.6708,165.3422,383.2597,428.3786,-199.9440,-89.6924,125.7494,61.9174,188.8748,198.1955,-132.9880,-34.8548,209.9701
-144.0197,-129.5288,-287.4654,-169.0758,-150.5490,-26.8278,211.2736,49.9770,324.8566,351.9934,-230.6886,-59.9490,67.5090,55.5235,182.4939,89.9391,-176.9123,-129.4150,60.2960
-117.5823,-90.4825,-294.2623,-127.7171,-215.6028,-105.6366,94.3730,-43.5950,358.2635,288.5102,-293.5362,8.0222,-19.3439,72.0681,116.6457,59.9947,-154.6646,-173.1008,-78.7388
-87.3392,-55.2575,-289.8481,-89.7434,-226.2180,-155.5850,-31.9656,-150.9081,365.8576,198.4002,-302.7880,3.6040,-57.5234,64.9842,58.1843,118.0508,-80.3945,-232.9518,-163.3426
-58.8554,-1.5615,-273.3319,-98.3335,-182.8488,-239.4093,-94.4828,-261.7785,178.8953,81.0312,-271.6559,-37.2201,-46.3478,1.8715,33.5971,120.8647,-22.2638,-295.8665,-239.3787
-42.5639,91.9535,-242.6090,-103.5851,-163.3043,-332.5194,-144.5816,-322.4077,-76.2647,-13.4768,-270.2385,-63.7037,-84.1916,-81.1625,-19.4465,28.0320,-31.4294,-317.1872,-319.8672
-41.9909,157.0879,-227.9881,-101.3811,-241.6919,-351.0818,-266.1667,-332.2053,-108.2991,-32.8083,-266.0818,-73.5807,-193.9002,-128.9447,-109.4090,-53.9750,-71.3585,-337.3356,-372.0948
-38.3992,178.5119,-224.4209,-87.7961,-366.5446,-285.3964,-389.6833,-317.0301,-13.5271,2.2085,-214.4683,-49.6674,-269.9339,-114.9698,-172.2011,-60.5142,-62.8226,-345.1036,-390.7336
-9.0657,206.5802,-195.8320,-29.9845,-419.8264,-194.8427,-411.5174,-287.8146,-133.5258,2.9464,-170.2150,-21.4093,-253.6077,-60.0673,-190.7380,-62.4687,-2.3552,-271.3025,-383.0350
41.8733,220.0629,-165.8360,36.4208,-375.0889,-124.4943,-369.6931,-257.2932,-382.8256,-28.8972,-164.8587,-32.6006,-198.0952,-22.9636,-194.5314,-117.7928,34.4598,-179.8277,-348.8323
74.3869,201.2556,-175.4412,66.0957,-305.1003,-81.8320,-338.6127,-218.2463,-417.1300,1.3233,-142.7773,-39.4356,-144.5843,-30.5919,-180.5378,-144.0818,19.8742,-146.6954,-306.2137
50.2266,205.0807,-184.6707,90.9352,-253.6204,-46.1906,-298.2816,-145.1016,-282.6686,74.2840,-75.8939,-21.1132,-75.8615,-39.4010,-129.1612,-69.9603,9.1359,-87.9541,-255.9470
-17.9692,219.5484,-136.0228,117.2362,-188.0744,-1.2690,-200.0919,-50.6103,-212.2750,92.5417,-1.9529,-22.7537,20.5640,-1.3749,-55.6158,16.3157,32.8997,14.8642,-159.9297
-80.5165,177.3926,-57.9566,107.5741,-104.4372,30.5390,-63.0432,25.9066,-151.6980,80.0856,32.4626,-13.8137,124.4225,74.4295,2.9398,33.6532,60.8913,39.1928,-32.2638
-102.4943,105.5692,-12.7282,93.1211,-84.5163,30.1124,35.2799,58.2081,-14.6261,94.4697,10.8088,41.3575,196.4372,141.7786,34.5183,43.0441,72.6035,0.0300,38.2600
-81.3348,66.3941,-4.4546,112.5512,-160.0819,17.9377,57.5417,23.8637,72.1060,99.2851,-22.7122,66.1422,215.4993,169.8550,64.7688,76.0943,63.6632,3.5352,14.8296
-42.4953,54.2583,-11.1074,112.4757,-223.7236,0.9406,63.4046,-62.0387,45.4955,85.4109,-11.8831,30.9503,216.2206,175.9683,104.7844,72.3948,15.0463,1.5238,-36.3675
-26.2804,44.6779,-44.4230,42.6040,-191.5421,-36.3508,99.3099,-122.8766,-0.7516,89.3966,9.1840,-1.3902,237.2637,186.7022,121.1731,58.1799,-72.1514,-63.7229,-48.8194
-47.5727,22.6780,-111.2603,-75.0115,-128.5618,-85.5425,117.2348,-123.2606,3.9577,79.7129,-25.7567,-39.0078,246.8318,173.0919,106.1031,108.0762,-165.1584,-127.4701,-31.7177
-71.7249,-11.0599,-170.9372,-202.1009,-112.2205,-146.6797,92.0969,-119.5189,74.8555,34.6278,-85.1413,-102.9094,203.4035,105.8734,105.8880,160.1581,-234.4598,-186.4228,-33.2336
-56.4014,-14.7308,-190.9733,-292.0419,-124.3548,-234.5843,57.2192,-155.3721,140.3502,0.9312,-104.6819,-128.8719,134.3326,43.0980,115.9992,133.9288,-249.0998,-279.4423,-72.6809
-14.6759,17.2926,-188.7798,-292.9597,-139.4858,-300.9512,-10.1151,-218.8274,59.0285,-27.3195,-104.3286,-102.3864,69.0051,46.6603,59.3468,92.7695,-185.5894,-328.1315,-123.4208
-0.5181,30.2972,-170.8509,-205.5700,-164.3246,-280.9866,-117.8441,-288.0169,-129.1102,-84.8868,-123.3254,-75.0651,-3.2242,78.7434,-62.4212,88.0102,-69.6886,-280.1762,-149.7740
-15.9890,40.0782,-105.1413,-79.7635,-175.8687,-204.7892,-156.3649,-322.3259,-209.7324,-130.4301,-132.2009,-51.6675,-47.1433,80.7379,-126.6120,60.0408,50.3632,-215.2230,-134.3314
6.3077,107.9519,8.3891,27.2427,-139.7699,-132.4592,-85.7795,-289.9529,-149.4620,-134.9490,-83.2391,-45.2052,3.4079,56.6385,-60.2036,-0.1297,147.2449,-181.5375,-76.0309
89.4724,199.8512,113.3944,73.8271,-72.2576,-69.7243,-31.0305,-237.5893,-102.2154,-130.8863,8.4386,-72.3298,108.8101,29.8837,58.8612,-27.6485,193.9940,-161.8282,-7.1123
168.0862,263.1382,157.1667,80.0180,-27.7869,-22.2328,-55.3737,-207.9269,-114.5566,-117.6573,67.4143,-60.3286,154.5004,18.2681,119.1499,-19.2624,179.9695,-156.1038,19.3525
197.0349,312.2093,132.6084,102.8652,-40.1814,-0.2254,-96.5121,-151.2625,-114.8566,-85.1800,54.2275,4.8689,124.2162,35.6555,114.6196,-6.1044,151.4638,-146.7521,11.3497
195.4153,328.8026,80.4775,129.0652,-80.0124,16.7500,-141.0930,-54.4473,-63.7965,-69.3269,32.9561,10.4928,99.3757,51.8264,107.1869,9.5003,149.1163,-122.9994,28.0601
181.4774,287.7041,57.5017,108.1274,-91.5767,22.8766,-217.9535,-3.6459,10.7861,-77.4845,67.3113,-32.8682,112.7139,27.3874,109.8231,5.6489,151.8692,-129.0212,66.5504
179.6432,258.0644,78.5293,70.0552,-73.1659,2.4532,-288.2274,-11.2689,44.4566,-76.7734,113.5842,-5.4374,131.5777,1.1353,104.2925,-23.1580,142.7917,-147.5939,89.3230
228.8531,283.6162,119.7835,75.4807,-42.3403,1.5675,-290.5294,6.9603,37.6193,-68.3654,125.7127,51.4903,142.8979,24.7091,114.9243,-23.8911,152.7210,-94.0475,123.9166
300.9822,308.1735,171.1326,122.3637,36.4942,31.4939,-212.0580,41.2073,60.2811,-85.4018,143.2171,47.2577,152.5050,43.2760,140.4774,-2.5798,212.0341,11.5138,180.0967
328.9315,312.4577,214.2151,177.3443,158.6808,20.7892,-102.2010,13.3153,80.7646,-153.3294,168.4211,38.8994,143.0994,-23.5070,116.0993,-25.8123,301.1657,70.2294,186.1348
321.6216,325.1634,198.6797,202.0239,216.8164,-26.8092,-48.1475,-39.6988,40.3025,-239.3786,128.5882,52.1498,100.1217,-125.2228,57.6592,-70.7681,342.2624,58.1604,138.9138
316.4432,333.6756,126.8899,162.6391,165.4281,-39.5655,-62.5145,-36.5326,39.6443,-244.8263,29.3479,21.8289,43.8992,-136.2212,57.4500,-87.9846,271.8357,8.0947,126.0178
302.2636,330.1933,71.0421,83.8401,83.8144,-40.8214,-66.6420,-10.3960,97.0868,-162.7397,-40.1266,-14.4147,-2.7732,-44.1360,75.7957,-107.1473,143.9563,-52.9113,141.5162
289.2068,323.1171,49.6688,20.5675,6.9108,-68.1917,-51.5563,-12.4784,50.3328,-125.1537,-62.1917,8.3130,-49.8741,32.6863,10.9847,-99.4632,76.3033,-98.5336,121.6629
306.3657,292.7739,18.9526,-9.5820,-94.2894,-58.6206,-72.9991,-0.9738,-19.9014,-159.9396,-84.0164,32.2533,-115.6234,17.9868,-63.9640,2.7079,100.2069,-112.8488,112.9164
316.0533,267.5814,-4.7589,8.6478,-183.2158,10.8296,-100.2982,45.0989,97.7738,-154.1256,-97.1453,32.0615,-183.3200,-32.1637,-50.4138,83.7739,163.0666,-86.1405,155.5562
288.7645,305.8595,33.7086,82.5433,-211.7278,78.0266,-90.8911,70.1497,188.1839,-105.0689,-56.6758,75.2387,-210.3977,-30.4577,-41.6813,15.1340,214.8551,-22.8032,152.3609
268.7022,347.0775,106.3285,147.9124,-212.0997,135.4619,-95.3196,64.2800,-7.1992,-88.5529,18.2571,145.3066,-183.4166,26.9356,-108.8664,-59.4232,218.2591,32.0230,54.2136
258.2126,311.8413,132.5512,154.3748,-212.0283,195.6468,-127.9751,68.7166,-186.9255,-80.4014,51.8156,160.6046,-132.9722,70.3821,-140.6732,4.1691,166.7737,58.7796,-38.2805
209.8466,276.2938,90.8286,136.1209,-195.8778,204.3920,-126.3990,63.3075,-76.6572,-62.1440,10.7702,124.2731,-80.7142,52.1999,-73.6065,72.0237,93.6155,76.8295,-68.4435
143.5130,312.5866,17.2037,98.5673,-165.6374,146.5671,-73.4899,17.3762,56.3719,-65.2177,-53.4132,86.6178,-10.8821,15.8599,21.5727,26.4742,7.3123,59.6980,-77.6819
96.9155,346.1178,-39.6431,21.5494,-99.1616,93.1417,19.7586,-4.0944,46.4069,-44.0044,-73.2347,72.2998,83.8502,30.6022,103.4348,-34.3568,-78.1490,41.6955,-51.5986
57.3727,332.7522,-22.4734,-18.0989,60.5367,91.9729,147.5467,59.4852,112.1419,24.8888,-36.9852,95.9264,164.7678,68.0027,152.3440,-27.3499,-79.9880,135.1756,52.1408
49.5446,335.3752,83.4092,42.8115,264.9165,124.1711,243.8796,146.3376,280.4538,76.5635,23.7612,140.4969,186.8217,50.0126,132.4350,25.0879,15.1528,181.1840,168.8774
117.0119,363.6968,187.6755,120.6543,369.2357,131.7790,265.5854,180.0397,363.1089,137.9184,71.1954,153.2379,160.0580,-12.4463,103.6017,92.2917,78.3120,-106.0787,208.7937
205.7634,356.5775,191.2928,138.9715,340.0715,76.9837,273.0074,185.1842,364.3594,248.2283,83.6955,119.3634,137.3756,-68.6669,147.1611,128.6201,56.1393,-448.3609,195.2304
243.2452,313.5881,141.6926,130.8726,277.6937,18.2458,283.4947,200.1422,340.2106,281.9544,83.6931,82.8746,138.8664,-124.0850,192.7800,112.5747,45.0916,-303.4357,195.5250
246.2005,293.4222,152.5399,118.5401,223.9883,13.9773,253.4397,194.3435,266.9774,194.8188,102.9763,84.8533,128.5724,-161.0608,154.2756,78.8861,77.7797,135.6548,203.0119
236.4776,300.1908,196.0441,90.8348,120.4030,-6.1343,227.2402,149.0676,259.1440,140.8321,115.3704,115.7848,85.1912,-119.0323,94.8000,10.9938,90.4779,261.7769,173.2055
205.8523,264.9119,172.3760,66.5406,-38.5858,-70.2434,234.6972,111.1709,397.3811,149.1118,102.9308,135.5230,45.5704,-22.5832,82.3134,-87.0838,77.4184,93.4699,100.8357
192.9355,174.6667,138.7107,54.9536,-161.5768,-61.9724,177.4065,106.3099,469.3391,112.7701,130.9159,138.4040,45.7539,43.8721,74.2876,-71.5648,74.1248,14.9957,10.3293
235.8319,139.9283,216.5151,52.0381,-204.9745,-7.4532,50.9466,97.3617,352.6043,68.4773,216.0683,148.1553,72.4612,62.6662,27.8752,87.3376,87.4670,27.4771,-59.9359
288.3380,222.1161,328.6939,75.7380,-240.1124,-114.6819,17.1992,75.3063,283.4473,99.4846,243.6492,145.3544,99.1237,49.0416,-29.9737,188.7905,119.1955,4.1829,-54.8840
288.2869,305.5529,302.3850,107.3096,-305.7132,-361.6296,122.5846,87.9776,392.6164,167.8749,159.9202,106.8206,119.1552,9.8810,-44.1297,158.6330,139.1466,34.3826,32.2911
238.2895,291.0750,164.9498,99.7392,-300.3210,-467.0531,240.8772,139.5801,456.0886,237.3014,73.4725,75.7742,135.1174,-8.3442,5.3356,125.5275,93.6052,140.0012,121.6211
176.6546,249.2550,80.3284,70.6440,-131.1677,-334.5829,303.9124,179.8336,351.0883,308.4055,59.0055,64.5685,152.6151,19.7740,54.9946,124.1949,13.3219,226.5482,162.6091
126.6611,255.1317,76.2141,54.7622,115.8075,-141.9120,344.3368,215.3679,281.6794,363.6601,61.8489,19.7937,176.9265,36.6975,44.9374,120.8466,-28.5055,306.8817,206.4996
75.5998,271.9789,57.4934,43.3916,270.3279,-39.3065,377.0231,287.4450,369.8296,419.7409,43.0620,-21.0933,198.2683,15.4331,34.6450,142.9262,-48.8895,399.6495,269.3849
-10.2049,256.5760,4.9918,53.9649,277.8617,-38.1705,375.7105,344.3408,447.1400,477.9568,30.7438,34.5335,200.0751,14.7364,81.4331,167.6579,-91.4401,441.4006,267.0970
-129.9933,214.0349,-12.9401,99.3848,216.3244,-97.4767,316.1779,298.3491,402.4633,479.8233,42.6093,124.7931,186.0303,70.6207,120.5534,167.3021,-125.6734,418.8042,173.5738
-230.1329,167.4263,29.3874,103.4826,159.3740,-182.0374,226.8976,164.3790,354.9491,424.4945,83.3168,128.0661,176.8877,140.8677,121.7955,179.3648,-115.2255,333.6287,69.8188
-263.5607,138.2878,78.7136,22.0090,96.1572,-291.0444,182.0381,4.3039,377.5782,331.8681,146.2173,87.8715,177.2961,151.5573,155.3892,137.3146,-76.3173,153.2146,-4.0632
-248.9370,103.4573,68.8707,-67.0311,-16.7361,-412.0202,187.1298,-152.2338,397.7174,179.6586,169.1581,101.4518,160.3053,81.1281,213.5474,-6.2613,-53.1337,-55.2556,-74.1765
-254.6547,33.0287,-16.3804,-107.7195,-175.3356,-468.4144,156.0974,-249.6912,375.2483,61.7371,102.4619,140.7540,101.1559,16.7055,209.5918,-62.1983,-91.7124,-171.7987,-139.9950
-307.7996,-15.0730,-123.7601,-127.4626,-324.7780,-424.8205,58.0187,-245.3808,293.1378,88.1438,9.3020,149.4118,24.5879,38.9593,141.6287,28.6092,-176.4371,-204.6484,-190.7149
-348.8896,0.4381,-178.0013,-137.8560,-404.6029,-348.8796,-40.3922,-206.1238,127.8605,138.2511,-26.1141,140.3634,-15.1367,94.1708,69.2281,33.2587,-226.9303,-216.2679,-234.2576
-332.6056,-2.5150,-170.1093,-134.8405,-388.7357,-262.1057,-89.4670,-178.5252,-12.6395,121.1906,-28.0276,129.1723,-3.2064,126.7711,28.3182,-51.8734,-227.3009,-189.6779,-244.4148
-302.5994,-47.1643,-157.1235,-133.1595,-312.1027,-99.8765,-89.1799,-79.8635,-25.3735,156.9426,-50.7434,111.2051,25.0606,175.2306,29.3272,-6.9778,-231.5513,-98.6397,-179.4566
-295.9536,-27.8288,-156.7398,-117.2841,-228.4609,119.0450,-36.8493,117.8056,-22.4425,224.0018,-69.7736,93.0131,33.8471,215.3163,26.2805,89.3741,-226.1493,26.7746,-46.8353
-283.6552,55.4529,-123.0142,-58.5010,-115.6227,286.7202,73.0077,303.8112,-56.1349,203.9231,-51.2480,72.3018,26.3914,177.1273,-15.7265,68.7481,-165.5527,151.4484,120.3044
-246.6971,91.1771,-54.1648,18.6476,81.0043,375.8476,215.0401,421.7821,9.1606,219.6516,-25.3981,39.0555,48.0775,126.0244,-6.1256,49.9253,-93.9408,270.3368,281.8719
-190.2739,87.5292,-23.8443,65.3413,298.6392,439.4400,335.8115,514.4564,113.6037,340.0532,-20.3048,17.8621,127.9465,144.9024,96.9090,123.3021,-78.2802,383.7453,382.4487
-109.8139,115.3795,-69.6021,62.4495,412.2070,488.8500,419.3233,590.7247,90.3862,391.4962,-18.7640,52.1208,214.7801,184.2718,156.5737,198.3950,-112.6399,458.1749,412.4536
-32.4867,143.1096,-140.0418,25.2522,420.8118,492.7821,506.6977,622.4445,80.8895,368.9538,-16.3801,128.3754,240.7415,203.6795,144.4400,229.4372,-153.7700,443.5178,409.1239
8.0988,142.1935,-172.3665,-16.7425,397.7794,429.4340,572.2582,573.3002,196.6478,369.8506,-35.1804,158.7991,214.0569,199.7111,207.3602,157.4300,-161.8347,344.4141,360.8428
49.5049,169.8495,-159.6206,-59.3342,335.2286,299.8110,517.7714,410.4688,237.3647,308.0015,-69.9007,101.0371,157.6187,120.1311,306.8250,-28.2370,-135.1763,223.2145,251.7998
120.5119,251.9963,-137.0609,-104.7056,216.5956,156.9129,392.9089,228.1645,223.4092,238.6237,-82.1302,57.6272,66.1380,19.0049,277.1212,-114.8943,-128.0943,135.1289,156.3263
176.7072,344.0087,-126.6950,-108.6167,114.8306,75.9304,349.4584,183.6773,338.9442,285.3921,-46.1454,123.7120,2.7215,48.1548,193.8054,-70.3546,-157.2462,90.0819,114.4829
207.6831,391.2171,-114.0323,-63.7977,71.2637,41.3460,325.6139,211.1069,303.2675,206.8351,13.3623,200.4359,43.5309,140.8621,189.5390,-155.5752,-169.6028,37.2238,47.3621
234.6130,366.8303,-96.5316,-51.0992,22.8933,-22.0381,177.4852,142.5764,-77.3667,-22.8934,33.7207,161.6359,107.6125,101.6097,171.4695,-279.1842,-154.1398,-68.8940,-52.0030
219.0747,317.0496,-99.3724,-66.3081,-58.5937,-92.7531,41.8252,67.3942,-248.9578,77.3560,-0.6780,89.0800,82.5648,-23.2554,81.7455,-140.2673,-127.9312,-153.2170,-63.9039
170.3476,313.2805,-107.9046,-4.7939,-101.1664,-95.2686,96.3220,124.6786,90.3407,390.3408,-18.4882,106.4826,35.8095,-62.3324,19.2534,41.8921,-54.1144,-127.5757,23.0697
187.2739,329.4677,-81.9690,93.4177,-59.8598,-52.8254,201.5090,180.5416,346.6999,241.6660,22.8266,155.6456,64.7248,-0.4596,-15.9363,-48.6330,52.1985,-71.9214,83.8389
247.4941,312.4154,-47.1534,104.3745,5.3731,-14.1127,198.5068,141.0530,175.9116,-153.6008,59.3279,152.3362,112.5023,95.3007,-71.8899,-190.1944,96.4418,-71.6779,87.8945
231.9411,312.7779,-42.2196,96.7840,25.2528,53.0254,185.4006,168.4547,-20.5362,-102.5075,47.5824,140.9989,108.9273,148.5400,-84.8573,-119.8347,98.0443,-40.7205,112.7589
196.1406,371.5416,-29.8706,184.0731,21.6058,144.5515,239.1811,301.2300,-22.5458,143.5300,43.5554,146.0926,88.5557,85.3780,-51.6718,99.5350,157.4312,67.1998,171.1370
272.9846,418.4681,9.1205,267.5352,48.1133,183.7136,278.9163,371.8442,13.1385,78.1130,72.0717,115.3727,95.5425,3.1734,-47.3846,301.4907,228.7943,145.1250,209.6328
386.1579,406.1323,18.0737,239.6899,77.0615,167.5863,257.0686,363.2599,40.2586,-48.4689,70.9507,67.7695,121.9576,74.4952,-52.4788,217.5497,210.7528,143.1400,200.2986
384.6942,368.1439,-21.3707,174.0191,38.8625,141.4278,169.1605,366.7511,-2.7501,-15.5070,11.0029,59.9954,112.7395,206.9594,-81.9201,-156.6716,151.9242,105.2044,146.7020
300.7714,324.6146,-73.4520,138.5583,-55.6554,93.6859,29.0568,354.7698,-177.2221,-4.5805,-68.5354,49.9273,16.3852,188.1422,-205.9434,-207.2645,141.3411,62.4663,88.0918
245.5704,282.0768,-119.1209,123.6138,-125.9778,48.9868,-34.6944,320.6517,-224.0126,55.7242,-129.9706,-0.8366,-88.5716,59.7423,-279.8470,258.7325,175.3925,70.6444,77.5987
235.0714,255.9034,-119.9971,160.5365,-123.6601,62.5964,49.3830,319.8221,-23.5235,216.0864,-148.4567,-20.4222,-68.0795,-32.0019,-150.6270,461.5138,234.2838,141.0946,81.0925
230.9884,224.6388,-50.9433,253.2357,-69.2770,53.5724,102.9672,280.8285,57.8737,149.9748,-122.8836,21.4048,15.9524,-100.6180,-34.7601,138.7797,298.9738,150.5707,3.5788
206.4806,172.6228,5.1223,306.5745,-32.8802,-66.2000,-15.9457,130.2521,-108.6895,-135.3866,-107.0276,42.2147,5.8423,-170.7918,-145.8861,-15.8127,315.6165,59.9114,-142.1354
157.8719,142.0513,-4.0181,272.4548,-65.3507,-169.5369,-170.0328,-25.9231,-182.2833,-261.7598,-131.5093,14.2008,-54.7518,-176.9268,-301.8723,100.8318,283.5450,-1.0214,-237.4570
124.0337,153.7474,15.8423,211.1326,-104.5717,-106.7024,-207.0350,-95.2764,-95.1801,-246.3773,-135.6476,-0.2538,-42.0329,-126.2498,-319.6720,12.6878,267.9844,5.5634,-232.2894
142.1571,176.2702,87.8198,180.9784,-48.0863,74.7971,-175.7170,-104.0165,-105.8424,-282.8006,-84.9944,17.9381,3.6411,-102.1882,-305.4577,-73.0290,273.0661,14.7840,-186.0841
179.1764,183.4002,86.8649,188.1333,58.5405,277.3857,-178.5597,-50.6135,-236.8601,-269.1155,-55.0324,48.4130,3.6341,-110.1962,-356.4627,146.8778,252.2195,39.0924,-155.0795
175.6509,142.1086,6.6462,199.0258,81.6675,458.8739,-232.8963,66.1421,-342.2402,-184.6589,-98.5520,84.7894,-32.8969,-95.0737,-415.8589,276.2095,220.9649,74.1463,-122.3953
125.1622,34.0988,-14.2552,177.1064,35.3233,569.2599,-275.2114,192.1244,-364.6308,-150.3645,-157.3858,91.2249,-92.5131,-53.8273,-403.1592,177.0304,225.4836,68.1665,-29.3162
58.5493,-68.3299,49.2748,152.6059,41.8138,600.3435,-229.1512,334.6118,-281.1112,-74.8345,-178.5090,52.9114,-136.9726,-20.0496,-287.1373,224.8957,254.9528,62.1028,130.2336
-11.0673,-105.8045,95.8535,166.5743,97.4291,591.1308,-125.5841,495.0010,-182.3910,67.9805,-192.9541,41.8010,-108.9157,16.8687,-173.4228,362.8972,263.0933,59.0357,261.8058
-84.4342,-150.9406,62.9626,155.4726,82.8533,519.3689,-84.3572,541.5816,-219.9167,75.2958,-232.9053,69.4489,-85.0992,80.5766,-208.2190,353.9296,225.6743,-53.3072,277.3119
-140.7871,-255.8947,-40.1363,56.6947,-42.7815,365.8094,-141.3654,408.6686,-300.8987,-43.9599,-275.7315,34.4145,-175.1087,111.0192,-294.4435,383.8884,149.8870,-236.4923,195.9591
-159.3528,-339.6425,-147.6729,-53.6628,-203.7351,194.3610,-232.1559,219.1525,-267.6664,-118.2303,-295.7151,-65.1208,-289.1011,24.2491,-264.2378,461.3470,58.3782,-332.4872,72.8373
-160.9137,-343.2932,-180.8685,-91.8170,-306.3972,45.6040,-292.4365,69.8327,-204.5076,-157.3634,-292.7718,-118.2822,-286.6636,-128.7419,-225.7833,305.1697,-25.0334,-353.1783,-60.7183
-155.3083,-296.4545,-146.4613,-89.3971,-304.5173,-71.8446,-269.1873,-42.4646,-179.8176,-166.9941,-267.3333,-120.0290,-207.6708,-217.6810,-282.5942,58.9779,-81.4629,-359.1518,-163.2967
-88.9132,-220.7191,-98.2299,-87.9011,-220.9691,-128.7566,-185.8414,-125.7335,-180.2586,-135.3890,-220.2860,-138.9380,-153.5066,-228.9896,-280.8695,2.8794,-103.8321,-311.9607,-232.4518
50.8610,-148.8719,-41.0160,-83.8785,-125.4611,-167.9683,-178.7148,-230.1874,-359.9679,-260.9034,-168.3294,-168.1562,-144.4304,-246.8197,-201.7115,-9.4301,-105.0632,-260.7250,-325.3101
156.0693,-133.9923,4.0081,-89.0840,-64.2264,-235.0946,-268.8322,-388.0075,-679.2794,-542.0485,-135.2337,-190.8061,-161.6105,-286.7902,-239.3804,-82.7621,-106.1777,-271.1302,-419.9426
139.5872,-140.9595,-19.8307,-99.5446,-33.5424,-239.9579,-289.8568,-485.9768,-690.5869,-584.3615,-135.8718,-210.2851,-166.0621,-289.5898,-347.3311,-79.2722,-121.8989,-239.9229,-438.3966
48.2651,-114.7643,-93.6969,-80.2835,-32.0990,-206.1384,-221.6056,-465.5002,-332.4765,-361.9593,-158.1436,-188.2615,-137.0793,-248.3172,-311.4466,-92.4734,-160.5529,-153.0824,-446.2664
-43.8031,-124.3015,-161.4884,-53.3621,-88.8394,-361.6433,-250.9443,-467.7528,-167.0211,-345.1513,-164.5308,-137.2030,-143.9203,-236.6875,-185.6693,-271.8664,-205.7376,-174.6882,-545.6953
-123.3162,-225.8385,-223.2356,-67.3204,-214.0057,-661.2920,-404.4365,-536.4384,-409.2461,-584.4819,-158.0716,-140.3773,-251.5721,-284.4956,-185.0907,-423.4355,-226.2983,-280.1492,-633.3940
-198.7974,-340.0063,-275.8793,-96.8217,-363.5246,-751.9098,-524.7944,-515.7664,-651.1218,-650.0858,-206.9179,-187.4904,-413.1177,-316.9621,-342.8105,-362.7976,-248.5676,-299.5140,-581.2087
-288.9160,-428.4134,-310.5881,-120.3621,-481.6521,-599.3898,-576.7550,-380.1697,-647.4315,-475.3543,-317.9529,-212.5973,-548.9668,-299.3683,-488.3068,-191.6473,-337.0249,-281.6327,-482.4342
-415.0710,-552.7916,-367.9014,-192.2469,-555.2559,-508.6375,-617.5727,-276.6389,-551.1246,-354.9277,-384.7038,-235.2027,-619.4206,-302.9012,-452.5723,-31.2186,-469.0781,-352.7975,-450.0708
-550.5781,-697.0923,-443.0341,-308.6820,-603.2812,-546.6996,-623.2133,-236.3391,-504.8246,-327.5956,-370.4852,-267.8698,-622.0535,-333.4213,-322.1347,62.1794,-550.1437,-446.7529,-416.1693
-645.9039,-786.1356,-471.0433,-369.8411,-624.5906,-538.7098,-564.7586,-166.5143,-480.3787,-243.7817,-377.0125,-275.6419,-605.6618,-317.6423,-347.9514,25.7080,-550.5709,-456.4482,-293.6519
-692.0423,-830.1577,-467.4222,-357.1711,-577.4827,-440.0071,-446.3217,-44.5427,-356.5474,-136.8488,-428.0826,-289.9367,-597.6191,-281.9252,-463.2716,-88.6309,-501.0268,-379.8916,-107.8872
-698.7841,-863.4651,-460.4182,-351.2026,-430.3014,-324.8241,-253.2881,53.7585,-131.2462,-112.8465,-405.0413,-341.6229,-532.9092,-276.8305,-363.9299,-141.5025,-413.3683,-272.2886,54.2914
-677.2169,-879.1415,-373.4720,-357.7241,-235.3999,-255.6317,-60.2346,33.1283,-51.6649,-149.7603,-274.5615,-389.0294,-389.1382,-255.6234,-146.8283,-114.5951,-315.7420,-216.7863,91.6996
-660.1431,-887.9742,-202.2838,-317.8353,-102.4846,-265.7860,-9.5140,-113.3168,-187.5687,-184.8257,-152.6007,-420.9403,-265.7999,-228.5133,-138.0688,-112.1711,-261.4505,-213.7885,-6.9131
-653.6753,-883.0946,-87.5193,-249.3790,-66.2490,-294.9834,-61.2624,-257.7176,-208.1898,-212.4915,-109.4105,-419.8343,-219.8080,-247.5974,-213.8083,-210.9046,-245.1264,-146.4976,-105.6453
-616.4059,-830.4856,-80.5774,-216.4794,-56.3631,-275.8810,-60.3151,-317.7094,-66.4123,-264.8870,-96.0793,-328.3409,-196.4344,-249.1456,-104.9638,-373.3534,-230.1084,-27.2269,-126.7710
-546.4013,-782.8587,-96.9345,-232.9876,-27.9739,-279.8196,-30.7635,-379.6633,-164.4235,-361.5504,-44.8272,-205.7489,-144.2331,-240.6898,14.9105,-470.1748,-231.1920,-11.0358,-152.8173
-480.7719,-787.0435,-65.3487,-269.3830,-6.3036,-331.4926,-64.7846,-485.2541,-447.1760,-437.1220,69.6976,-116.7471,-55.9029,-326.0520,-51.2615,-426.7849,-244.7578,-66.4165,-191.4299
-397.6269,-727.1787,74.7381,-273.4514,15.1336,-296.1114,-74.5667,-519.7330,-391.6196,-385.6634,228.4545,38.4033,49.0735,-379.7787,-96.7745,-322.3901,-188.4823,-31.7337,-123.4701
-249.8911,-543.3746,334.3560,-219.7733,92.7991,-163.8832,42.6144,-443.7155,-32.9331,-253.3903,395.2182,243.0045,149.9667,-274.0037,47.2343,-280.7941,-21.5724,42.9958,53.4207
-65.6823,-400.8660,572.0898,-179.3216,247.7139,-79.6395,213.5153,-354.1963,148.4262,-207.0395,553.6538,382.7965,287.0710,-198.3580,238.3936,-321.6715,184.9216,23.9872,235.0723
91.5115,-387.2024,681.0012,-199.1754,441.8093,-22.2233,344.7507,-268.4491,147.4373,-239.9092,690.3654,657.9321,481.5803,-137.4506,349.4729,-343.2585,359.2710,-19.2511,410.4071
204.8673,-380.6408,760.0571,-177.8060,603.6841,123.7159,441.4370,-130.6302,227.2097,-187.6940,791.8395,1158.3431,618.6847,192.5646,408.5852,-249.8326,488.2754,7.1863,595.4219
287.8194,-355.2754,874.4185,-74.2111,670.8509,280.2114,522.1677,12.8195,313.3566,-54.1149,882.5621,1411.5817,633.0485,541.4786,462.9308,-105.4778,554.0435,25.0797,726.3167
347.5922,-401.0196,913.3027,-30.8467,670.6685,339.7644,594.1207,87.5322,318.9096,27.1324,959.3568,1310.9233,653.3104,507.9441,540.1594,-29.3484,545.1974,-2.7268,787.7408
381.3527,-465.2216,833.9049,-80.2502,690.2999,382.4238,666.8718,125.4495,396.9596,63.0301,940.4472,1421.7999,731.5502,446.3050,623.6491,20.4380,511.5506,28.0415,841.7468
374.4540,-474.2044,739.6719,-93.2776,725.6450,447.9992,713.2234,145.7056,525.7410,79.4924,826.6258,1576.2794,730.0317,541.6120,650.0765,82.4158,484.8313,101.0635,870.9888
316.3438,-526.8596,673.3579,-121.4394,707.1547,397.7316,709.9389,71.7851,529.1324,-18.5644,742.3747,942.6744,630.9978,123.9539,623.2112,7.4798,405.4037,49.3825,805.4535
220.2583,-662.3413,575.8234,-299.6038,651.9086,203.9096,687.1518,-96.9070,490.1918,-180.1994,678.2690,-120.4789,577.2489,-750.2183,612.9272,-213.1746,251.2711,-106.8508,682.3930
119.6773,-728.5805,418.7625,-471.9221,594.8693,63.4754,651.4441,-222.9995,542.1015,-202.8699,487.2348,-463.4018,567.9061,-946.6373,616.3521,-320.5189,135.8386,-155.0036,597.6808
59.3705,-661.1426,245.1858,-440.9306,467.8661,70.9007,565.7642,-236.2878,522.4112,-114.8931,213.6018,-184.2954,465.0696,-377.0311,559.5670,-260.6152,131.1126,-86.0720,552.2423
52.2732,-586.1959,109.4935,-341.8989,235.9255,80.0321,442.9738,-205.9803,315.0212,-79.9449,52.7054,-143.1612,242.4440,-165.5586,433.6055,-255.8988,126.6509,-86.4845,480.6246
31.0173,-595.7516,4.4903,-337.9429,2.9782,9.0233,330.8121,-178.4719,149.6888,-50.9019,3.4766,-321.8812,5.7588,-519.6304,327.5891,-343.0541,21.0338,-149.2091,371.4908
-66.5595,-659.9049,-122.7760,-352.7708,-136.9686,-42.1910,225.3100,-158.1090,198.5971,-2.5027,-67.9251,-394.0669,-141.2593,-708.3281,284.0307,-401.7903,-101.9049,-143.5046,257.9268
-170.1137,-717.4498,-251.3899,-352.0131,-182.9201,-64.2656,102.2103,-207.9825,260.9564,-125.6259,-143.1399,-601.9167,-191.1116,-649.4952,203.7640,-458.1755,-134.9263,-135.6910,142.4254
-176.4044,-727.3546,-296.4420,-408.1646,-155.4857,-162.5147,-26.8467,-345.6666,121.4634,-400.9534,-139.5255,-994.3526,-239.8897,-701.6843,33.2674,-521.6486,-121.9419,-208.9587,15.5267
-137.0388,-708.2460,-266.2273,-456.4080,-106.6418,-282.2290,-135.6944,-444.7690,-100.4555,-514.3258,-99.0134,-1175.4589,-341.2245,-782.7750,-83.5809,-493.8682,-145.0363,-240.6820,-95.3918
-164.1068,-719.1380,-241.7155,-408.1883,-113.0617,-286.1578,-195.4642,-421.0988,-182.9584,-397.2393,-92.0416,-1113.6665,-415.7012,-744.0151,-55.3172,-435.6873,-186.0878,-178.3538,-162.2248
-218.9590,-731.5892,-232.9199,-348.5667,-155.8323,-230.6396,-193.7673,-351.9012,-154.8671,-297.8480,-118.9771,-1075.6416,-420.1709,-678.2165,-18.0880,-486.8170,-199.0660,-158.9113,-197.4015
-197.2508,-645.4250,-221.3310,-356.4205,-146.9739,-238.8084,-180.6007,-317.4848,-194.5142,-327.5214,-171.2881,-1070.5930,-439.5201,-604.5097,-70.0647,-573.0966,-199.3911,-219.1646,-214.6893
-135.0636,-491.1258,-235.4682,-386.0209,-82.6621,-285.3138,-203.2073,-315.5852,-289.2712,-398.0170,-242.6526,-1049.6083,-508.2237,-529.7667,-150.7974,-555.1844,-212.7602,-266.3688,-202.7523
-139.9969,-434.2808,-274.0010,-404.0798,-15.4708,-312.9783,-208.8815,-326.6377,-255.0084,-455.1646,-307.1218,-1076.4412,-540.1722,-537.1981,-228.5264,-459.1977,-226.2205,-276.5027,-166.0006
-213.1277,-529.4832,-299.7450,-417.5952,48.5542,-322.4596,-142.5495,-319.3495,-105.5161,-482.8732,-360.1108,-1102.4611,-480.2191,-564.2563,-266.6605,-362.8673,-242.2349,-261.4377,-143.2403
-293.5526,-657.8381,-328.1816,-438.0475,96.3764,-310.4003,-74.0042,-281.6296,-84.4636,-449.5973,-416.9000,-1074.0725,-384.8971,-534.9650,-183.9674,-281.5915,-305.5514,-224.9323,-167.8431
-376.2246,-734.2411,-380.2588,-497.6894,78.7110,-308.6667,-86.3469,-274.1505,-215.0063,-362.9671,-468.8719,-1058.4432,-358.4180,-524.6428,-80.6169,-215.0385,-414.4888,-216.2290,-222.2470
-470.8766,-787.5762,-409.3776,-562.1830,9.8556,-353.1935,-137.7255,-319.8781,-221.7690,-289.3313,-492.5505,-1027.5730,-431.4123,-505.4907,-125.9290,-183.8582,-480.2945,-237.3651,-247.8528
-538.4846,-823.2485,-377.6227,-534.7823,-37.7404,-368.5290,-153.9473,-340.2692,-66.4173,-312.3386,-470.3013,-901.8687,-497.1783,-380.0743,-218.5235,-223.3353,-450.3916,-219.4036,-225.7506
-532.7173,-789.2545,-309.9569,-445.2488,-49.2068,-299.7114,-140.0465,-299.2918,-35.4840,-409.5303,-407.6632,-752.8464,-463.7318,-258.4953,-213.0283,-292.8742,-384.5222,-166.0033,-206.4806
-448.8322,-685.7405,-242.5341,-386.9641,-66.7393,-221.1393,-126.3238,-228.5546,-143.4110,-387.8243,-363.1946,-648.2063,-415.1088,-249.1255,-220.8062,-252.7641,-342.7426,-111.5719,-211.0484
-337.6546,-565.2214,-205.6843,-310.5201,-111.6319,-152.8674,-123.8631,-125.5521,-92.7028,-159.2219,-388.3643,-549.3171,-446.7192,-249.0251,-306.0029,-108.4378,-311.3329,-40.3240,-187.1230
-282.6094,-457.3341,-224.2913,-184.1893,-176.2141,-62.3050,-146.2108,-18.9260,92.7628,38.7783,-435.5228,-467.3544,-479.6160,-197.8356,-328.5691,-68.0059,-281.8905,-5.8503,-117.0291
-304.9457,-381.3603,-282.2272,-141.9295,-241.4768,-40.0262,-178.4607,12.3748,95.5557,11.6556,-441.5745,-425.1859,-426.9827,-152.1909,-263.6660,-161.3639,-276.6884,-76.5047,-60.2928
-325.3827,-337.7980,-338.1439,-207.4473,-279.6028,-121.0333,-177.5656,-1.6376,-73.7402,-57.0688,-437.5099,-363.9911,-344.8656,-103.2889,-217.1369,-176.9925,-283.7158,-150.1298,-60.8758
-283.0464,-269.0774,-365.0856,-213.0502,-277.1115,-142.5339,-155.5731,25.3424,-138.8726,34.5299,-441.3848,-274.0666,-283.9263,-32.9287,-203.5883,-80.2077,-269.1959,-111.9954,-104.0599
-202.4326,-162.4991,-331.0750,-124.7314,-237.1402,-46.8200,-153.0622,57.4335,-77.7743,162.7509,-379.8957,-205.5024,-205.4187,18.5546,-215.4701,-25.0721,-225.2946,-18.2781,-141.4663
-114.4691,-108.1316,-217.7317,-62.4905,-151.5629,42.7182,-140.0467,47.6689,-63.3573,160.3325,-245.4755,-135.4008,-99.4369,56.7302,-253.2463,-6.7668,-160.8906,70.3531,-124.3442
-50.8155,-123.5546,-92.1644,-33.2217,-28.1618,113.5605,-86.7492,51.7336,-123.0617,83.0682,-153.9419,-35.6595,-13.6336,103.8677,-234.5366,53.7075,-103.0259,167.1753,-73.1035
-73.1041,-117.0862,-43.2647,14.6138,76.6231,210.9202,-46.3585,74.0761,-172.5943,33.5791,-146.5803,40.9489,35.8080,139.0306,-147.3704,93.6486,-77.9266,234.7833,-57.7046
-152.5847,-99.1569,-36.4397,38.9533,126.3163,245.6126,-33.8530,48.1820,-172.8766,4.2421,-125.7232,63.5209,78.4540,166.9683,-96.3267,85.6605,-44.8927,237.4793,-63.7087
-153.9275,-144.4405,23.7195,34.0696,154.5824,193.1380,8.2090,-6.0809,-148.0468,-38.6188,-44.0271,73.8603,130.9285,192.5327,-59.9207,116.3271,52.0286,223.1210,-27.8350
-60.2794,-173.0668,111.6457,76.9149,185.0249,179.6216,50.5257,-30.1973,-154.9253,-76.1472,28.3086,119.2342,173.2956,185.5607,59.8107,161.2477,165.9702,224.4125,13.2762
-2.7403,-93.2430,134.2450,150.8435,188.5416,210.3916,18.8466,-37.4861,-192.9537,-62.8448,51.6131,200.0102,187.8336,172.1534,205.7193,100.7332,212.9050,212.7286,6.8050
-11.7303,-16.7928,115.2346,154.4903,166.2254,163.6816,-26.8661,-53.4053,-182.1752,-1.3044,73.6638,247.0966,188.9897,183.8596,283.6795,-51.9454,195.7525,141.2694,3.6540
8.2042,-50.1472,138.8029,74.7489,160.6784,34.3487,-11.0979,-85.1997,-111.7646,27.4386,118.7996,192.7034,182.6952,153.5305,289.5116,-158.0795,148.0053,-2.1194,22.2263
68.8050,-109.1061,180.9037,-17.8636,157.9041,-92.4590,-15.8018,-145.8139,-48.4883,-27.1749,140.6354,79.8881,149.2702,56.0544,212.9397,-117.0998,74.6132,-124.0224,-9.3534
98.6032,-113.4017,176.5952,-76.6100,100.9966,-178.3931,-109.3931,-209.8004,17.7535,-88.8369,119.9693,0.0039,105.4227,-18.7308,106.3559,39.3225,14.8311,-170.6732,-87.5519
93.0031,-86.8026,154.4350,-90.6272,3.0356,-211.6877,-208.3477,-235.5546,103.3650,-66.8723,112.9705,-17.4541,93.0897,-37.7720,110.9966,156.0656,14.6996,-321.6702,-141.1213
99.2422,-31.3553,157.8291,-61.5236,-63.6584,-195.0055,-256.1310,-228.8740,103.5150,7.1891,143.7243,26.7985,98.4579,-33.8937,184.7782,125.6350,42.8554,-658.8057,-172.6829
122.9533,49.9967,162.3335,1.4973,-68.1680,-148.6971,-301.1198,-193.7634,-26.9628,48.7563,146.8433,106.8827,89.8132,16.7289,130.0018,31.6941,64.4662,-846.1274,-200.0239
132.3037,100.6613,158.4285,87.4806,-34.9190,-65.4784,-345.0723,-127.2456,-142.8835,49.0561,97.6285,157.9530,86.4419,112.4131,-29.3058,-4.0644,116.8562,-644.1789,-186.2043
121.1276,131.9905,179.3610,170.4039,8.2155,45.7689,-326.1904,-79.9165,-136.2038,61.2369,81.8612,188.5795,101.6892,165.8211,-93.5282,15.5635,211.0287,-345.6946,-132.3944
132.8525,206.7925,223.5254,210.9883,53.9054,117.5033,-242.8488,-72.6431,-95.6565,101.4703,144.6228,256.7517,114.1765,149.7638,-42.6346,63.0847,268.9707,-243.1946,-88.5723
182.3130,270.6449,257.6556,204.3926,103.4974,130.6198,-167.7303,-42.0993,-121.0032,129.9094,206.9417,298.4193,129.8175,145.3892,-6.8162,124.7510,232.4770,-206.9826,-69.9034
196.2010,236.8237,266.7284,185.9597,140.2069,147.8619,-157.3038,27.9625,-136.8916,139.1316,200.9121,248.4898,162.0343,218.0493,-25.9562,116.3131,151.4463,-85.2683,-58.1449
141.5471,170.3331,248.8585,174.1647,138.3407,186.1580,-177.4952,87.9924,-21.3803,175.3387,145.4922,224.3882,177.7003,327.4790,-47.1349,20.1452,114.6308,39.1239,-24.6644
116.2934,167.8722,219.0275,162.4911,115.7194,198.2767,-150.2267,132.4551,144.7199,225.2190,80.8748,297.2430,151.1622,353.4533,-33.9718,4.2980,132.9004,100.3498,40.5590
168.6045,194.0139,204.7923,162.5654,113.1588,181.8416,-101.5620,159.8965,152.6797,216.0950,42.4429,336.3716,106.6870,257.8627,0.9493,155.1401,143.6091,136.1168,68.3513
198.7522,200.4813,195.8410,187.9077,109.1748,173.0078,-133.6856,130.6813,22.0973,173.7290,40.6567,290.7267,65.8211,184.0869,25.2931,297.3453,125.3299,153.7063,-3.2837
162.4772,230.6394,165.5008,199.6336,53.2367,145.3181,-209.4677,57.3657,7.8498,188.3958,27.4811,270.5801,23.8649,227.7609,44.3343,279.9013,114.8312,119.7030,-97.8381
142.1924,301.2639,130.9229,140.4057,-33.3944,32.9364,-194.2507,-10.3907,171.8428,229.1239,-11.4535,287.9776,-12.0110,254.2600,89.5232,194.0402,98.5279,26.4587,-135.3752
165.8180,355.3196,103.9053,36.6387,-98.3765,-125.5870,-119.0761,-65.1268,282.2697,222.9213,0.0870,273.8619,-4.8072,174.8820,148.7726,180.5354,32.6855,-60.5485,-178.9032
184.2995,370.8137,55.7179,-9.2419,-143.3622,-194.4548,-128.2337,-102.4434,215.9220,224.7042,74.4129,254.1198,70.1358,136.7770,184.0271,229.4164,-34.2098,-52.7947,-274.2518
186.7663,369.2248,-6.5849,31.5056,-183.4521,-156.0918,-213.2913,-117.1359,121.8222,284.6328,111.2123,246.8844,160.0665,217.1681,181.0761,233.2306,-36.3712,6.1727,-340.4822
174.2246,345.2528,-42.3150,59.2390,-209.0454,-141.6623,-243.6561,-129.9675,132.7847,334.4403,80.6291,205.8025,172.4429,272.5514,133.6845,154.0405,-33.9865,-6.5177,-324.0393
128.6161,298.1204,-58.7477,3.3556,-228.2543,-172.7220,-181.2390,-106.4480,190.5582,351.1020,48.8617,169.2580,104.6582,237.4876,53.9347,111.5771,-103.8000,-63.4252,-261.7605
72.8371,255.2670,-71.0032,-68.2602,-247.7902,-133.5737,-105.2496,5.2726,198.3677,374.6541,40.3403,196.6748,40.5054,222.7385,-2.0874,209.7191,-186.4133,-56.6317,-183.1550
49.4139,216.4961,-45.8454,-74.0911,-224.3508,-38.3262,-77.1264,127.1010,169.0018,352.7486,51.8663,216.7955,22.3099,269.3292,6.8477,302.0541,-191.2419,-10.2907,-94.6650
69.9248,183.8671,19.0317,-37.5267,-127.4612,-2.1260,-44.2992,169.5364,170.6546,253.2528,81.0703,181.0641,41.5400,301.1453,53.4371,204.4663,-131.4041,16.3142,0.0762
136.0682,213.4623,72.0324,-1.0935,1.2586,12.9860,84.3834,196.0314,224.1522,197.7173,71.6749,183.0793,95.4182,292.3953,83.1298,59.3594,-56.6829,55.2546,109.9744
223.4709,313.4856,106.5718,57.3494,110.0573,102.3978,257.2679,256.6805,301.6552,240.9658,14.8006,259.1885,155.9253,278.7786,83.3911,86.5141,27.5266,124.0096,205.5283
280.6990,401.3430,154.4881,151.3862,181.1253,203.2418,318.9183,278.9180,341.4427,268.0791,16.6158,310.5540,181.3040,271.3443,103.2671,169.3895,121.8486,192.2358,216.6226
311.6938,450.6325,194.6838,232.1799,194.8025,224.6850,251.2097,245.0514,260.7937,240.3414,85.7163,292.6052,179.7043,266.5928,170.5228,142.0349,195.4718,247.0981,142.2169
343.6762,502.6110,190.3870,254.6301,137.6739,204.3253,159.1930,219.0217,93.0342,232.0756,87.9034,253.1735,160.5335,268.7123,208.2906,139.7200,212.4513,273.2637,56.2855
337.1885,523.6078,176.7894,229.0742,50.6953,201.9162,68.9471,205.8392,22.1172,231.1879,19.3912,207.2892,105.4412,268.9940,154.2561,242.5434,174.0468,276.4904,2.9293
282.0256,471.5302,210.3804,198.6724,0.1374,216.8587,-25.9268,188.7493,91.0701,193.3612,9.6699,154.2485,54.0024,261.8849,96.0706,249.8019,126.7480,306.1102,-16.6426
256.5938,425.3651,268.7672,201.3962,3.0527,231.2086,-65.9832,186.9149,104.6369,164.6176,61.1157,134.3854,68.3849,266.2243,117.3124,121.1984,112.6520,340.8469,-11.9922
276.1827,449.1519,279.0510,233.4685,21.4664,222.8266,-54.1355,177.5611,-7.4226,158.8542,82.7167,154.9877,114.8940,279.9857,142.5481,86.8452,119.5353,305.2063,-24.3113
274.5186,478.1776,220.4659,242.7811,15.7273,173.6251,-74.2800,112.2878,-95.3887,122.9163,69.2028,162.8214,129.2884,256.1302,93.3694,163.0755,105.2377,225.4184,-94.8391
253.1545,457.8078,139.7372,190.7338,-18.3231,87.5792,-118.1837,9.3688,-106.1682,79.8359,63.0154,133.3044,123.6472,183.7863,28.2855,127.9110,56.9792,163.7943,-184.5538
248.2552,407.3199,82.2023,100.9134,-48.8057,-20.4003,-111.5349,-71.6346,-89.4942,77.1585,86.9405,90.9736,127.8741,133.2089,31.2085,-8.1098,-2.4350,98.4856,-212.2215
232.3804,336.1223,50.5980,19.2538,-42.6479,-110.4978,-70.2919,-94.9386,-43.0480,64.8304,134.5679,53.2620,134.7873,143.1241,95.8170,-16.3445,-55.7105,26.6979,-176.4870
184.8726,264.6590,17.1396,-28.5144,-9.3821,-130.7079,-53.7367,-62.4229,-31.9661,25.7008,134.7544,24.7122,139.4189,148.3237,141.7879,134.4217,-101.8531,7.7175,-148.3782
122.9721,249.6143,-35.5315,-21.8550,20.1255,-85.1335,-45.0785,4.1322,-104.5065,62.3802,52.7234,13.9991,152.4520,112.1154,110.5897,255.4135,-119.5199,60.3377,-139.4458
56.0168,296.1819,-67.5200,48.4303,55.4154,-8.3581,12.8558,93.5028,-99.9284,189.5270,-2.8828,30.3408,183.8286,113.5136,58.8265,233.6266,-75.4978,158.5235,-97.8615
27.7794,351.9209,-29.6024,132.6226,108.5376,77.4373,103.7593,165.0047,-1.8183,239.2214,28.0929,79.3657,215.3487,194.8192,62.5872,123.3743,-6.6190,235.5953,-57.2445
70.9385,373.3181,16.9164,143.3876,110.6865,98.3961,112.6461,130.6210,-80.6232,124.4413,32.8123,132.1463,182.7478,262.8539,57.3517,31.9578,-6.6907,191.4951,-114.9604
89.4830,333.3797,-30.1561,73.4867,-1.2977,4.8106,-21.2854,21.9649,-277.3935,9.8077,-34.1108,128.7414,65.7421,247.9203,-25.3987,24.8132,-75.4510,69.8069,-226.1814
12.0193,266.3032,-113.4353,34.8744,-148.0285,-76.0208,-162.3583,12.7422,-195.9009,55.7609,-67.3784,87.5306,-45.6396,212.4706,-86.8319,82.4368,-103.7099,50.1470,-239.6359
-38.8138,276.0923,-104.3196,97.1805,-211.9576,-35.5689,-144.3483,115.0769,102.0771,166.5152,-40.2316,108.6482,-82.9284,216.3267,-47.8680,113.5505,-60.9861,123.7583,-145.9137
24.0165,366.7363,-53.0289,152.6381,-209.4422,2.4311,-9.5863,154.1918,202.5631,187.0747,-23.5820,179.9088,-83.2267,215.9459,12.9117,65.8571,-50.0643,110.2970,-59.5494
72.5882,403.9299,-91.3056,75.6479,-216.8987,-50.9126,92.1586,120.8266,102.2307,163.4357,-36.4252,168.0580,-75.9060,160.6821,42.2251,23.4108,-135.1641,13.5395,-16.8242
15.5189,348.0215,-193.4867,-64.1384,-234.8604,-75.3703,115.1340,144.3375,41.0480,193.1105,-78.2303,70.2772,-53.4597,77.0943,63.7878,86.3152,-248.0099,-35.5812,9.9160
-46.2077,302.2147,-268.8424,-121.8535,-231.1136,-40.7257,101.4938,183.9385,13.5584,235.1867,-144.5990,18.2161,-43.6842,20.1413,51.7340,158.0135,-287.1454,-50.4635,22.2086
-25.5649,299.0629,-310.6602,-99.4275,-203.5436,-59.8156,98.6498,150.9288,0.6778,243.0714,-158.0270,26.8221,-59.4672,9.6653,-12.3968,60.7813,-230.4172,-71.9121,35.5005
34.4474,277.5896,-308.0273,-70.0825,-159.7854,-99.1083,121.7313,121.8053,108.0162,241.9462,-83.4093,14.3336,-65.8727,25.5608,-69.7966,-127.6251,-146.9682,-47.4662,61.9136
58.9061,226.1717,-242.5067,-37.4097,-117.5024,-67.9770,120.9748,145.6752,271.2719,224.3124,-18.8509,-10.7800,-56.6506,38.0246,-84.3771,-159.5632,-121.0658,-4.8183,60.0624
8.9992,170.2269,-191.7482,-13.1626,-90.1549,-41.4144,71.8090,151.1268,334.0926,206.8488,-16.7773,-11.5477,-33.3501,49.7919,-66.3129,-35.8715,-160.9527,-27.6243,29.2024
-80.8314,117.2887,-208.5979,-43.4731,-51.9877,-57.4545,53.6809,138.2463,310.8931,266.0385,-9.2922,-7.7693,26.4056,90.8592,-34.8423,29.7566,-202.0489,-57.5054,36.0633
-114.9152,91.8211,-209.7750,-83.6537,3.0455,-11.2718,96.4669,152.3799,271.4535,350.7753,26.5302,16.2998,81.6368,149.7269,-37.0331,0.9352,-188.6861,-6.5843,78.2503
-71.8724,116.4314,-150.5683,-43.7426,24.8342,86.8289,115.2332,156.3330,222.8378,338.8817,45.9109,80.6550,71.8527,166.1986,-67.7308,-10.1681,-120.0645,68.6840,85.1819
-34.6816,169.6547,-100.9363,61.2035,2.7477,132.1196,91.0464,140.2418,182.7079,289.6009,50.0322,114.2151,43.8145,128.3918,-41.4774,-12.7369,-31.8130,109.5077,51.7121
-26.8712,228.0281,-69.1919,173.2912,-15.6227,156.5426,76.6461,154.6943,163.9595,286.8964,69.7707,88.1674,50.7261,102.0040,21.2114,-36.1455,60.3961,170.9776,30.5549
15.0519,283.4435,8.2227,290.5053,-17.0926,200.5604,56.3932,168.4533,146.5217,227.5445,112.7121,86.0912,54.5436,122.6392,7.7152,6.9881,181.4745,276.8852,39.3478
90.2231,314.5005,104.1160,387.2861,-8.9228,189.1922,27.9058,112.8473,109.5370,87.9568,169.0557,121.6440,49.7426,141.9516,-42.2287,106.9731,313.5023,344.8983,51.8494
134.3209,313.7091,136.9255,400.3291,23.2501,146.3393,58.9928,15.1105,50.2335,35.1610,198.3800,124.9215,69.6569,123.5927,-13.2544,109.6480,369.0987,319.7126,44.4722
144.3904,300.0005,107.7422,342.8956,51.1795,184.7085,130.3975,-59.1182,47.6371,84.7201,164.2610,115.4314,67.6179,111.3069,52.1975,16.7792,336.7165,243.7424,32.9510
161.3476,278.2215,68.1188,283.2624,24.4092,245.2749,146.1431,-91.9759,177.7635,85.5387,106.3652,145.2488,10.1786,149.7755,67.9523,-6.7057,309.0777,167.3061,41.7080
185.1715,259.2779,44.3291,242.1193,-17.9297,216.2591,103.8098,-99.2160,288.1948,38.5191,81.2561,172.4153,-31.9715,200.4023,54.6520,51.1188,298.6202,104.5187,37.7850
196.9947,284.3121,54.6514,218.2251,2.4321,174.8957,70.4882,-109.3647,192.6673,35.9493,82.2182,165.1520,-19.9920,199.4042,37.4767,63.3689,238.7305,90.7891,-11.8807
205.7620,349.3906,108.9607,222.1400,80.2595,197.2673,75.3772,-130.0982,27.8487,46.2361,104.5108,166.0063,18.5771,162.6123,17.3857,33.3948,163.1751,148.3512,-57.6169
220.0541,389.0344,167.1030,225.7333,153.9487,192.5762,89.4889,-137.2953,-14.7617,12.4335,168.9429,186.9532,85.2050,159.6050,21.2785,53.3851,135.6686,198.6233,-71.5869
218.0212,393.7682,172.8243,190.7438,178.5967,135.0080,41.6231,-133.0489,-19.5769,-40.7290,237.4958,205.2160,155.8123,206.6021,34.7062,104.3460,112.5899,171.6939,-107.4998
186.6441,422.0311,140.3595,156.2774,141.4182,136.3139,-69.2009,-129.4728,-65.0231,-67.0752,248.5761,223.8636,158.4561,262.6252,21.8693,116.6053,81.1845,141.5452,-149.2046
158.3481,459.1018,133.1884,187.7086,68.0510,204.9230,-126.5444,-84.7587,-87.8779,-28.2882,216.4821,235.1112,103.0869,306.6635,12.2654,102.5050,110.6806,175.5655,-109.5745
157.9936,423.0433,146.4436,258.6016,0.1893,249.2482,-104.4035,20.9431,-111.2517,62.9543,182.1664,226.6175,58.4318,345.6642,18.3505,108.8152,163.0672,207.9864,-10.7693
149.2638,335.9470,110.7297,282.5139,-33.3035,278.5223,-106.6074,118.0644,-125.1116,123.1474,141.7676,230.4607,33.5225,382.8239,8.2762,148.8028,136.8450,215.8878,59.9716
103.2844,305.1997,29.1936,242.0402,-13.6748,333.3480,-117.2054,156.2649,-8.3102,131.1365,92.0928,256.8504,28.8309,425.4917,17.7431,194.4829,74.0096,265.5737,100.0005
65.8582,329.0585,-16.0138,201.6640,22.3240,352.7030,-63.5034,165.9145,126.7874,147.0052,58.1925,258.8787,61.2423,469.7230,69.4302,174.2744,63.4805,313.8112,123.3673
78.2147,325.7697,0.3716,206.7971,-18.6115,303.9464,-49.4176,168.1217,40.9030,147.2072,61.0024,230.7496,78.2734,476.5190,67.4676,69.4459,84.2476,275.6658,95.2953
113.8566,316.7528,37.0743,244.6165,-121.0187,263.5359,-141.6721,137.5484,-173.6822,62.0148,109.4575,221.0966,32.9940,432.6463,-17.1846,3.1568,110.0466,228.8356,20.9310
145.7892,352.9213,72.7775,278.2979,-136.6065,260.9914,-177.3895,62.8247,-278.5046,-49.7628,175.6086,239.9763,-8.9502,382.2458,-61.3878,62.7831,150.8054,245.2471,-39.5183
164.1582,357.9972,88.3911,254.8993,-29.3646,232.4542,-59.5062,-9.1413,-224.4565,-65.7559,184.9593,254.7008,10.2311,340.4879,-8.6219,124.6781,153.9549,224.3448,-28.6134
132.6301,272.4379,57.1186,147.1274,89.3233,163.6865,108.6831,0.7915,-26.4990,24.0397,126.2090,239.3473,57.5309,279.0307,66.9826,65.3234,82.3435,133.8056,74.6288
49.1027,190.6198,12.5987,37.3540,190.3092,115.7967,238.3062,98.0951,186.3741,108.4554,98.2349,187.1636,118.2491,217.7063,106.1473,-16.3896,11.3228,109.1986,190.7328
-17.7130,176.6003,2.5034,38.7591,308.8578,119.3758,284.6964,175.9855,143.4263,94.3819,147.8498,129.2261,209.0295,197.0181,95.6420,10.9126,0.9798,178.4919,200.0256
-40.7907,161.9285,-3.8253,113.9007,383.2002,146.9137,230.0274,167.7728,-73.1697,35.8176,194.1759,111.6755,285.5454,185.5998,56.6720,95.3249,15.2438,216.0782,136.7403
-60.2572,119.5028,-36.2999,136.1461,362.3378,156.5259,184.7142,133.9662,-86.5724,31.9948,189.9427,117.0114,284.7400,140.0989,50.2312,121.0906,23.4037,183.6655,122.2925
-73.3176,95.2037,-48.5367,96.4150,306.2376,126.3053,220.1141,118.4737,40.0322,17.1530,185.1039,84.1176,214.7541,80.8430,74.7772,65.9893,38.7097,138.9986,135.9948
-55.8123,65.4466,-18.5265,67.1033,239.4430,77.4339,203.5029,84.9088,-0.7851,-91.6057,195.0563,8.6527,127.3783,25.0474,53.4407,-18.3655,63.7916,93.6983,103.7637
-46.9105,-12.2525,5.4806,55.7273,128.4231,46.3826,74.5474,35.3102,-72.9128,-142.8745,181.8229,-52.9211,55.8228,-36.1152,-7.0987,-61.0202,83.5462,48.2613,68.3065
-77.2259,-74.1138,2.8673,52.2396,16.6450,30.6154,-25.3476,15.2850,-3.9559,-15.5927,148.8794,-53.7602,-0.9492,-66.1306,-32.0061,-28.3144,82.9225,37.1902,64.9697
-119.6145,-46.5429,2.1887,83.1617,-36.4205,14.0721,-40.8154,23.6550,-18.7000,109.0616,119.5414,-2.9552,-56.6989,-24.8689,-29.3959,28.6526,62.8888,60.9858,58.2729
-164.5677,20.1885,17.1055,126.0969,-67.1856,13.1014,-34.8070,43.7943,-124.4805,85.5731,95.2797,25.7835,-98.0043,38.4665,-32.4838,49.9107,50.5702,88.6047,74.0736
-201.2735,24.0758,39.8042,121.2031,-109.4151,30.4622,-0.8287,76.2369,-37.5379,27.2425,96.1561,-27.8795,-95.9625,50.7600,-17.2733,53.0081,54.8297,110.4903,133.0660
-176.9902,-41.5204,61.1956,80.5356,-115.2431,23.9017,40.1606,84.8576,80.5189,-3.0293,131.9188,-112.6014,-58.8533,17.9869,-1.5279,64.9655,48.3929,120.4861,137.5145
-113.2474,-87.9579,75.1100,57.9758,-41.6457,-21.9007,4.8113,31.1805,-73.2347,-65.7446,151.7785,-140.3205,-16.2371,-16.4393,-26.1926,60.3836,32.3483,114.1669,50.2841
-115.2134,-73.4068,82.5367,63.4377,92.7150,-59.8040,-36.9330,-41.1296,-193.9157,-115.1082,126.0857,-120.0445,21.2805,-40.1412,-25.5865,33.4384,37.2678,115.7584,-8.4886
-175.4015,-55.3733,75.2114,90.1113,232.7296,-51.2230,53.9187,-63.1920,4.0504,-99.1738,96.9153,-96.3193,39.6229,-52.4814,59.9067,24.1847,59.9032,134.7775,20.8614
-175.4923,-62.6544,41.7536,138.1770,317.4679,-23.4643,200.5755,-51.6472,105.1360,-109.9376,93.5052,-57.8731,25.4224,-56.3356,133.3060,31.1166,84.6088,134.2111,51.6175
-104.2314,-49.3104,14.5897,172.8541,328.5220,-43.0752,225.0267,-86.5820,-165.7954,-193.0358,105.7124,-19.0127,12.7430,-83.6801,106.5130,3.3892,114.5521,86.4256,24.6526
-57.3922,-13.7514,33.1280,145.0816,305.9239,-133.0974,135.6162,-189.9657,-364.6563,-268.8373,123.5164,-37.4885,41.3999,-146.4653,55.5924,-49.1058,125.1796,12.0003,-22.5214
-61.8999,5.9222,59.7072,64.7789,275.2111,-214.4643,64.0555,-277.2326,-228.7287,-293.6864,121.5737,-82.1413,80.8948,-172.3266,58.9152,-51.2005,79.2495,-39.5230,-48.8844
-67.5797,27.8065,44.5318,-4.6954,211.2825,-191.8423,38.0952,-268.4361,-108.7979,-277.7257,91.2950,-61.0166,75.1474,-90.5049,72.6144,-7.1207,4.8819,-29.1470,-59.0891
-44.5592,48.9152,27.2107,-25.6165,113.6953,-105.1442,-7.3043,-203.6520,-165.0852,-234.1795,85.6104,13.4538,24.5819,36.9122,57.9022,-5.7806,-33.8318,19.6676,-76.9240
-6.1930,3.1764,54.3330,-18.6599,41.5105,-74.7565,-59.3651,-169.8663,-171.0504,-208.3147,111.6531,64.6949,-34.3747,87.9092,47.2028,-37.8195,-22.6581,45.4542,-103.8080
8.7493,-85.4344,91.7534,-7.3962,24.7046,-104.3648,-37.3669,-175.4733,-136.8630,-218.8177,95.0104,92.1910,-81.0369,53.8570,53.9926,-13.3314,7.5491,54.1395,-112.4549
-20.9760,-117.3387,115.1045,22.5739,17.6706,-105.6570,31.2486,-179.8671,-194.7569,-210.5179,51.1084,113.5274,-104.2915,13.9350,61.4726,21.3242,36.3509,93.7586,-90.1552
-56.5535,-95.8554,162.5376,83.4352,1.3411,-74.4364,40.4776,-153.7270,-181.2174,-160.1682,79.4941,89.7948,-90.5470,-5.2194,71.4169,-35.2381,76.5793,140.4931,-48.4998
-56.9267,-70.7763,235.2943,161.1854,35.5163,-49.3477,-0.6034,-63.1350,-67.5343,-110.5330,151.5809,30.7473,-45.7048,-22.8547,74.7039,-103.0241,142.3037,170.0890,12.2190
-52.4946,-26.1522,269.5822,242.9415,132.9572,9.7021,-19.2171,89.6020,-142.0849,-83.9547,156.3557,14.8488,2.4636,-40.0166,54.2936,-89.0369,201.0963,242.1391,97.4524
-86.0499,14.9320,240.8600,302.8775,218.4190,115.7013,-16.2144,224.5643,-317.5236,-68.5859,107.1871,41.3189,45.6566,-65.0978,44.0794,-98.1403,211.8742,345.6983,197.8881
-133.4269,-10.4475,195.0841,296.9587,280.2461,175.5418,27.4118,291.2935,-216.4364,-46.4924,81.1535,40.8055,103.9383,-102.1289,70.1733,-172.7155,192.7998,362.2596,297.7129
-146.3517,-60.5965,164.9632,231.6556,371.9775,155.8470,152.7250,333.1984,-13.7544,2.2035,77.4496,22.3833,171.1756,-100.9955,82.9834,-164.9991,164.5695,291.3810,370.4379
-128.2100,-75.0569,133.8692,153.0990,443.7508,131.2057,268.7920,369.5646,-77.4305,71.7473,68.3928,26.1041,201.4698,-38.8630,65.4366,-74.5170,96.3378,232.4599,387.2705
-121.2075,-100.3361,87.6224,65.8304,404.4252,111.1702,275.2730,344.0733,-144.5019,130.2394,44.1245,14.2348,175.7700,4.9633,79.5697,-65.5397,8.3475,162.8336,350.1241
-128.7672,-148.7021,42.4195,-9.1589,300.7862,49.3581,222.5443,234.8184,65.9037,151.0202,-7.1485,-28.3671,125.2687,-26.8978,116.8458,-111.4893,-4.4392,47.5343,273.7127
-108.0958,-139.5823,10.8305,3.8607,213.9199,-17.4318,145.3141,93.3488,190.0023,113.6218,-61.0163,-36.2408,74.1342,-76.2214,87.9961,-85.2044,59.4061,-13.9256,165.3542
-74.6241,-75.2913,-19.8823,68.1169,113.6076,-59.2189,29.2137,-29.2081,-4.3762,29.0887,-83.0588,-9.2822,19.4545,-87.4541,-2.0038,-47.8523,82.6087,-18.7843,62.8035
-109.9775,-52.5335,-69.3393,31.1979,-23.9878,-138.5232,-36.2128,-113.4999,-187.9395,-52.2479,-103.6208,-19.0299,-35.7724,-92.3971,-62.2980,-75.5694,17.4897,-108.8884,5.4937
-202.6886,-98.3415,-143.3765,-99.4766,-146.1621,-247.6522,-32.2315,-165.2384,-214.6593,-124.3709,-141.6827,-48.7581,-81.9309,-123.8618,-66.6715,-101.8367,-61.0093,-251.2428,-37.0115
-236.5664,-149.2126,-209.0798,-155.1202,-227.3182,-283.8029,-113.2389,-218.8388,-268.3409,-221.8004,-144.0109,-34.9434,-115.5419,-157.9309,-45.8885,-116.6894,-86.2335,-283.0578,-101.5494
-187.1117,-140.2348,-198.6122,-111.0904,-262.7041,-249.1436,-265.3961,-298.2582,-329.8134,-315.2007,-107.1190,-3.1663,-132.5195,-169.2445,-24.3047,-158.8843,-71.3944,-232.0869,-162.6579
-145.0798,-71.3584,-108.8874,-92.1053,-229.4235,-228.2682,-304.1583,-367.4993,-313.4494,-347.5322,-102.5927,4.6277,-137.0604,-168.5587,-31.8970,-149.2307,-77.6828,-203.6263,-209.9941
-154.3772,-30.6203,-57.4225,-128.2395,-168.1769,-221.8885,-266.0322,-371.1454,-323.8549,-316.6577,-136.0117,4.6890,-135.8285,-168.9057,-62.1343,-52.4454,-146.0030,-167.9079,-263.1624
-192.6840,-84.1047,-123.3552,-163.4687,-142.8801,-213.4393,-279.3447,-313.5573,-347.9910,-243.3687,-145.3877,-9.6354,-101.4243,-154.6991,-51.6467,12.3509,-231.7242,-119.0892,-285.5146
-221.7166,-150.7430,-199.1802,-182.2867,-103.7407,-242.5269,-246.1812,-249.0049,-256.9085,-180.2338,-109.4550,-58.5586,-5.2407,-115.3238,2.3841,5.3254,-237.2691,-112.9638,-233.1472
-172.1433,-127.9089,-138.5843,-169.2199,18.8564,-287.9568,-98.0077,-202.1036,-145.3791,-193.4340,-46.2355,-98.3092,104.3184,-86.0452,17.6965,4.9542,-127.9197,-84.0167,-141.3876
-38.8853,-67.9434,29.2371,-99.0191,163.9888,-276.4698,15.9835,-141.2971,-163.4487,-215.7139,17.9795,-87.4951,149.4802,-89.2673,-31.8128,8.9634,29.7858,30.2427,-49.0455
49.8807,-63.4095,160.9901,-13.9047,239.3879,-209.2830,35.2085,-33.7747,-232.1301,-134.2655,50.7697,-41.1109,137.1562,-66.8422,-84.1352,-12.2593,134.3243,121.4172,51.2880
33.7850,-75.4814,189.8262,26.0351,232.8677,-117.7342,53.6912,102.5487,-221.0704,-39.3222,53.4230,27.5742,115.9586,22.3184,-94.5598,-1.8382,135.7246,119.8441,142.7028
19.2162,-31.6400,154.7879,28.3917,154.6591,-11.7439,84.3340,217.0720,-134.6258,-47.4350,45.4753,94.5750,63.5027,97.8765,-74.8863,51.9891,89.0571,100.7507,202.0443
49.7433,30.0655,101.6846,25.0808,26.1799,59.8966,98.5041,290.4608,-46.7052,-31.7354,-0.2785,113.6768,-54.1546,84.6240,-61.6221,73.6005,84.2038,90.1130,258.8598
40.0360,41.3110,32.0494,27.3564,-85.2293,75.6894,128.9261,349.7308,0.2706,101.3781,-93.6774,108.8410,-172.2789,46.3366,-74.2313,46.7179,108.2648,57.9375,323.9134
-8.2729,21.1901,-40.0522,41.3785,-151.4650,102.6443,157.3406,394.9984,43.3543,170.7249,-150.5060,133.0773,-214.7131,57.5997,-86.6571,18.6924,95.4389,27.9286,345.1835
0.4418,10.0885,-39.1211,56.7141,-236.1674,135.7868,108.8597,367.6626,80.2460,55.6412,-107.1495,138.1672,-223.9841,70.5471,-83.6869,2.5979,83.0288,-8.6690,295.9657
67.7044,-13.2621,67.2520,50.8431,-370.1288,79.1871,-13.8557,252.6505,-9.9960,-88.8266,-21.5056,74.6548,-270.1036,27.5442,-103.6785,-17.5750,130.7712,-88.8590,209.1765
106.6244,-52.6952,161.1443,29.3494,-464.1536,-33.3347,-123.8370,132.1621,-187.1852,-116.0347,22.7782,11.0503,-309.1898,-37.3270,-145.3229,-52.4759,159.0315,-138.8547,115.1855
66.3680,-52.5123,123.2041,7.6792,-423.2779,-75.8843,-146.0770,65.8343,-193.8079,-70.7577,8.7589,-7.7581,-265.1591,-92.6136,-150.3016,-84.3592,76.9450,-83.0987,23.6848
-32.0098,-19.9779,22.3818,-19.6019,-271.4369,-56.8905,-97.4763,28.6929,-28.1982,-44.1059,-35.3180,-28.4477,-165.1081,-157.1404,-131.8627,-58.5916,-41.0118,3.2949,-45.5015
-114.6988,-30.1952,-18.2642,-47.1581,-93.0043,-44.8738,-58.5172,15.5210,38.0017,-43.3016,-69.1254,-48.0748,-76.8348,-209.6660,-136.8956,25.4381,-88.0863,46.9015,-62.0855
-126.0179,-62.8009,-28.9352,-56.2625,74.6549,-15.0758,-33.6897,57.3997,-11.8592,-16.6977,-78.8154,-25.0250,-5.0280,-196.1783,-106.1888,74.4809,-88.2643,86.0423,-24.0585
-93.3176,-40.7214,-84.9866,-57.3059,206.5534,41.1108,33.1218,119.0162,3.0742,40.2483,-99.5817,9.5273,59.0969,-140.3879,5.8297,49.0727,-101.5400,124.9596,13.8729
-58.3764,-3.9054,-141.6375,-69.1068,238.4187,61.7045,93.2379,132.0173,52.7380,56.3665,-142.1319,19.7887,83.2090,-110.3366,83.4237,18.8553,-121.6234,100.5143,-5.1634
-11.9670,-14.1400,-131.8680,-75.0793,158.6539,51.3632,63.8938,111.9657,40.6436,22.1776,-147.8219,22.4453,57.5413,-90.3399,31.5643,25.3122,-132.0641,18.3374,-46.7894
37.5464,-8.0854,-88.4109,-59.2423,51.3531,74.0411,-4.5847,131.2185,8.9738,35.9864,-96.6479,18.4672,19.5414,-22.8789,-64.6745,60.8199,-144.1789,-55.2092,-25.9076
46.6091,50.7618,-78.7437,-52.5303,-41.4486,124.1705,-42.0328,213.3123,4.6058,130.8751,-66.9814,14.1028,-23.3784,59.4069,-102.8857,136.7999,-173.7939,-109.0341,51.6137
17.0965,72.2849,-123.7339,-94.9738,-168.3041,143.9132,-68.7492,298.0193,74.7715,214.9871,-107.6936,42.3646,-98.9954,79.3387,-90.8507,206.7288,-237.3265,-178.2035,88.7168
-16.6291,18.8536,-196.7217,-171.3087,-329.7712,109.3656,-84.5877,297.9552,232.0896,223.0787,-159.2830,70.0970,-177.1138,43.8252,-59.9319,165.8199,-320.8304,-252.5132,44.4785
-51.2164,-36.0823,-239.2419,-214.8163,-439.9171,48.7724,-58.1255,220.0946,307.1004,191.2962,-163.9112,45.6523,-175.9940,14.5235,-25.4482,56.0693,-350.9714,-273.2489,-15.0494
-85.6020,-50.8185,-207.1429,-179.6400,-444.6310,18.8201,-10.5900,173.4208,220.2510,181.9405,-143.8324,20.6971,-92.2736,9.5069,-16.8533,58.0063,-279.5328,-221.8569,-35.9159
-89.1575,-39.7184,-118.2990,-93.6076,-369.5431,37.8979,21.9096,179.8112,162.8438,190.3084,-126.2706,33.3102,-21.2079,6.3286,-35.5124,191.2314,-160.6843,-150.3968,-61.6374
-41.5084,-16.8287,-17.6412,-20.3132,-266.3167,57.6298,16.2936,141.2027,174.6430,152.4911,-95.7430,16.8860,-9.3054,-16.2085,-40.2866,261.1354,-70.4760,-96.2739,-130.2973
28.6619,2.9824,66.4320,16.3430,-168.3639,61.2144,-22.2503,72.2502,125.1932,90.4243,-58.0225,-27.7123,0.4145,-57.3370,-19.0387,166.8378,-19.3038,-36.0416,-163.8861
62.0461,34.2617,104.7329,42.4939,-80.0163,104.1711,-4.4064,101.4574,138.0652,128.8716,-53.5855,-13.4185,38.0389,-79.8321,-0.5793,42.0811,8.1370,43.6630,-92.2103
41.3736,111.9615,78.1597,78.1475,-0.1850,193.4294,109.8674,204.9021,300.6269,267.1483,-79.8297,31.0604,55.5270,-59.1945,10.6041,28.3909,7.9573,106.2995,-4.4917
18.1877,191.9959,13.4399,95.8563,58.6547,247.2804,194.0497,243.2696,375.8359,364.1440,-89.2168,16.5060,43.8047,-35.1387,49.3453,90.8387,-20.5613,117.0080,0.7163
24.3619,191.9391,-45.6189,53.5694,99.6607,220.2551,199.3555,215.6957,361.1547,396.3845,-69.2629,-16.3023,58.1808,-32.8435,126.6559,131.5794,-60.5063,81.5308,-5.0493
32.8199,132.1714,-72.0912,-32.3211,135.5678,162.0231,237.2928,200.4445,484.8601,422.5870,-41.2928,-4.7113,98.8347,-17.3813,176.9498,136.7914,-86.4806,35.3491,51.8668
42.8749,93.1623,-45.6932,-87.0570,145.2788,137.5255,271.5174,188.1851,539.4145,397.4914,-3.0560,-2.7054,102.9890,-0.4711,127.3829,135.6611,-76.4483,7.0705,86.7475
75.4375,98.3043,19.0373,-68.0697,117.8671,155.5151,180.1741,172.9297,286.2006,324.3933,45.1834,-38.1384,62.6499,-30.3545,34.9409,139.1123,-33.3763,-2.7844,44.3067
90.6491,129.1375,50.8047,-1.6465,90.8510,183.9336,80.5068,197.0406,85.6345,313.9053,63.3331,-28.6543,29.6720,-56.9433,32.4854,157.8222,23.5651,11.1716,5.5823
61.6057,158.9449,17.6453,77.4405,67.1082,202.4359,95.4265,209.8287,179.2647,303.9527,39.4664,60.4448,19.0847,-15.4989,105.6244,168.2334,90.3392,52.4182,-14.3572
51.2845,165.6930,-10.8082,147.8485,5.4093,201.6949,73.2773,111.8506,220.2132,136.6781,29.5012,145.0799,4.8490,34.5852,107.0089,109.2792,148.7917,58.2153,-108.3653
86.5873,176.9860,11.4488,175.4467,-67.6284,153.2944,-66.2883,-53.7546,44.9483,-66.5510,59.1882,154.3204,-6.3353,44.2157,17.9472,20.0450,146.4124,-21.9260,-267.1082
95.2649,218.5428,16.0264,141.7152,-80.1312,57.2781,-147.0379,-158.7949,-115.2551,-70.7800,67.5186,117.2171,28.9484,49.0778,-29.6546,22.7373,77.7419,-103.6332,-374.1445
43.7034,226.9345,-52.8025,66.7716,-33.3217,-35.0856,-92.7302,-191.7780,-173.5818,46.7016,11.9142,85.1602,115.8293,18.8269,11.9982,92.3209,8.0009,-113.9157,-392.7963
-10.7159,154.3091,-134.7298,-31.0714,21.5478,-137.0694,-18.8154,-237.4268,-121.8912,45.3276,-55.4033,40.2719,188.1499,-65.5240,74.5244,101.0338,-39.5412,-139.7166,-375.8219
-23.7920,73.9474,-166.2130,-133.4755,49.3225,-326.3015,7.9604,-310.5661,74.8007,-74.8205,-79.6437,-50.6969,181.0900,-61.8406,113.8844,83.0435,-105.5623,-230.3495,-364.8929
-16.5915,44.5958,-178.3039,-196.2853,26.9722,-543.8303,-9.7387,-351.9425,181.7193,-129.7357,-85.3079,-139.9100,116.0389,55.4498,106.0963,124.1452,-178.8489,-276.9511,-380.0215
-25.6945,17.6345,-197.1272,-204.5172,-16.5280,-615.4205,-45.5061,-355.9450,23.0844,-72.0113,-101.4187,-168.0073,72.8480,49.8391,32.8769,121.9712,-190.7819,-228.7490,-410.8838
-37.9470,-24.6000,-169.4636,-187.6669,-4.1845,-525.1371,-31.5760,-362.1425,-109.8664,-11.4230,-98.5256,-171.3541,84.1315,-123.9247,-40.3968,6.4870,-129.6743,-154.5358,-403.4362
-2.7127,-17.0019,-74.8406,-139.3459,45.1875,-418.7926,11.3725,-338.2918,-18.0404,21.1814,-64.9257,-191.2586,96.0537,-184.1377,-47.7371,-60.3441,-52.9402,-83.2888,-337.0486
66.8954,41.3975,2.9972,-53.5196,16.9022,-359.6897,-25.8484,-231.8795,79.6262,88.4829,-49.5652,-183.3724,45.5677,-55.5131,-45.9539,2.1232,-5.8808,-32.5797,-258.1655
89.9877,56.7226,-2.8098,-17.8927,-93.5151,-304.9555,-105.5791,-102.5325,86.8117,145.2800,-73.4786,-130.3616,-43.5079,30.9252,-70.8662,39.2812,9.2085,-50.8796,-188.7526
49.2664,-0.0451,-50.6688,-83.0712,-167.3727,-229.2567,-96.9367,-25.1865,117.6685,113.2905,-95.1086,-88.7011,-85.2341,26.6464,-46.8433,-4.6492,15.1044,-85.2715,-105.8504
-5.3760,-40.6652,-78.1091,-130.0951,-171.1915,-132.9560,-40.4821,41.7855,136.3324,89.4361,-97.3374,-63.4652,-66.0042,78.1184,5.2424,-4.4925,32.5005,-48.8656,-29.2440
-54.9626,-7.1560,-79.6797,-65.1261,-176.0755,-47.9236,-55.8023,115.9079,108.5137,149.1970,-103.8381,-11.8447,-64.4967,158.8696,-42.3466,52.7871,57.4900,-3.8995,-15.0882
-71.8297,46.7809,-62.1785,16.9618,-196.6562,-36.5137,-118.2185,99.4116,116.6799,151.3029,-101.4302,43.2332,-97.4878,164.8551,-150.4973,69.1599,70.0641,-20.3037,-77.0250
-14.3755,60.1606,-25.2908,24.6811,-194.4204,-78.8229,-149.2956,-22.5630,108.3552,45.1227,-58.7366,58.4475,-86.0806,148.2315,-162.9186,58.3948,54.0368,-30.5132,-189.5829
48.1150,35.5318,1.2345,9.0373,-187.6426,-86.4626,-149.8987,-123.1096,32.2770,1.1870,-6.9191,52.1318,-18.7187,158.2627,-87.9512,85.2869,11.3848,-13.1530,-305.3647
18.0069,-9.6228,-9.2584,14.8759,-207.0751,-71.6795,-136.6953,-148.0186,33.4983,49.7054,1.2256,43.3095,22.8546,135.9283,-34.3070,111.2732,-19.4310,-41.0963,-348.4551
-41.2404,-45.2462,-28.5239,19.0415,-208.8166,-100.9849,-104.1841,-155.6856,118.3698,53.1675,-22.9804,15.8435,15.6593,78.4678,-21.3484,68.2460,0.4375,-83.4275,-297.5359
-32.3687,-24.9895,-25.1996,26.9580,-151.2895,-131.7269,-69.4939,-164.4039,88.5153,23.5397,-41.8186,-27.8132,7.0584,43.6881,-35.1100,-19.9583,35.5097,-54.6690,-239.4876
-2.4622,19.4942,-21.5075,41.8334,-81.7723,-108.0651,-59.5044,-157.2725,-40.1759,28.4509,-58.0242,-67.1551,11.8370,24.8123,-55.2786,-56.6485,23.1631,0.0505,-233.8981
-6.3888,6.5448,-40.5317,15.2838,-49.4027,-81.0873,-66.3853,-154.7806,-84.9509,-5.8980,-82.3340,-90.0028,22.5620,-1.2711,-18.1895,6.4614,-13.5059,0.2748,-242.3654
-10.0080,-27.8550,-59.4177,-45.9541,-31.7116,-81.2027,-63.2370,-171.8427,-71.0728,-100.4476,-103.5487,-82.7386,34.2300,-19.4297,42.8235,77.7056,-19.0763,-28.8335,-272.5065
-11.9804,5.5837,-57.0605,-56.9378,-22.4771,-66.2133,-59.1094,-202.5634,-123.3046,-149.3707,-118.5410,-48.9527,16.2662,-37.4717,3.5177,43.9120,-9.9904,-35.8412,-376.0614
-34.5737,61.3531,-40.1950,8.0180,-55.9325,-41.7632,-87.9962,-242.6497,-195.0702,-143.8906,-120.4087,-18.9625,-23.2532,-65.4021,-87.0482,-37.8165,-5.5773,-11.6575,-459.7329
-32.0437,69.8309,-5.8209,85.8392,-98.5621,-24.2238,-121.9792,-246.9552,-171.9952,-170.7748,-81.6528,-2.1345,-7.4751,-55.5148,-72.5321,-45.7458,27.0197,42.3011,-374.0033
20.0784,91.5266,46.1661,119.4218,-85.7406,51.0516,-81.7985,-167.6871,-67.2869,-235.3773,-20.0223,18.4822,64.5472,21.3178,2.3354,-19.3765,73.9028,94.8329,-178.6482
65.1876,162.4511,68.2343,92.5448,-69.6390,200.0881,29.0736,-71.5190,-2.3528,-280.2392,-3.7798,43.4756,89.5038,95.5293,9.3548,-58.2085,67.6726,72.8145,-54.6312
76.5999,205.9917,20.6101,23.9599,-146.5860,305.2939,110.9225,-64.7689,-44.2063,-284.7709,-32.8002,56.3033,42.0069,80.6282,-7.3064,-114.2871,5.2443,-57.0664,-40.5799
87.6229,201.6709,-47.9982,-41.4804,-275.4888,285.8906,109.3034,-115.7642,-98.9499,-265.7505,-35.5437,39.0337,-0.5380,-1.0719,22.5224,-82.5170,-66.6084,-228.9902,-59.3193
101.5803,200.0090,-67.7657,-82.8693,-338.8101,202.8186,68.7655,-113.9824,-42.8081,-229.4498,-11.7592,-7.8734,-11.6760,-44.7164,56.3989,18.5608,-139.9304,-327.7213,-61.0101
84.6854,188.1635,-52.7257,-111.6764,-312.4979,150.1954,55.4847,-52.3562,83.3839,-165.2335,-21.7639,-34.6808,-19.1133,-16.1182,72.3864,70.5476,-210.9728,-292.0017,-31.5335
39.4135,148.7038,-50.3452,-117.5560,-246.6578,172.1991,85.8419,1.5631,145.9410,-99.9044,-52.2847,-0.9792,-19.3726,14.7997,81.3829,11.7858,-244.6280,-164.3518,10.4471
21.4150,145.1852,-62.8771,-80.8920,-163.3801,263.1108,121.9164,50.2589,118.9643,-56.5527,-58.0526,46.5225,-3.3304,23.4642,72.9703,-49.2112,-228.6510,-27.4256,43.2985
66.6818,211.2015,-81.6935,-19.4161,-54.4490,359.5144,145.9196,137.3509,102.2291,32.9653,-59.3944,64.3213,32.2430,61.6444,102.2350,41.1762,-171.7339,79.4184,117.3975
134.2745,269.5271,-90.1411,42.1487,77.7139,380.9568,198.9155,220.0997,175.3064,156.7712,-55.7255,88.2089,116.4546,104.6476,210.8732,202.4958,-62.4832,145.2469,260.7769
175.8447,224.7063,-25.4555,98.4866,203.5172,313.7812,277.7144,212.3429,278.3313,126.5291,19.8707,113.3848,239.3598,75.4588,284.9319,207.9554,88.4586,148.2043,375.2478
209.2965,90.2048,119.7853,136.2882,272.5675,214.9981,301.9144,137.3237,295.4370,-57.8631,149.9369,78.1944,312.4680,24.3198,256.2340,94.7149,216.0511,93.3357,400.6415
244.2733,5.7313,223.0326,142.9518,249.9334,145.9599,250.0501,97.0361,245.4431,-138.5558,212.5034,22.1802,278.8535,58.1465,225.5833,107.8864,262.7964,33.2390,393.0836
239.1080,68.4129,208.8231,124.1848,147.3031,119.5339,170.5234,99.5107,214.6034,-91.6375,180.4123,34.6055,181.7539,147.4863,205.0792,238.8310,224.2760,-11.1462,340.8353
192.9050,173.8145,154.0652,70.9743,7.5908,86.3630,70.5639,62.7467,166.9106,-90.0512,148.4026,80.7907,90.4334,191.3531,113.0659,257.9282,125.2864,-88.9854,198.6431
148.9429,171.9998,102.8211,-33.2999,-131.2673,-10.1645,-35.7312,-27.1342,75.5168,-52.4611,137.0525,82.5046,28.4003,155.3224,36.8021,141.1754,-0.4593,-214.4527,71.8026
126.9383,93.9276,6.7076,-155.8253,-258.9633,-153.9913,-87.4325,-100.2859,48.6170,110.5964,73.3380,38.5594,-26.4845,48.4698,73.2151,71.5986,-110.6451,-307.6289,49.8009
161.1969,49.3263,-94.3891,-230.5482,-377.6798,-275.2783,-96.8845,-114.2629,98.8688,224.9087,-26.6796,-40.4942,-94.9997,-75.4367,91.4823,121.5495,-168.7137,-321.4460,47.6574
274.8674,61.1015,-103.1865,-230.4668,-453.6385,-328.8312,-117.8895,-78.8174,115.4551,285.6187,-55.7821,-120.1542,-148.2915,-109.1775,4.2552,191.0034,-170.9327,-312.2225,34.2291
367.6998,112.7118,-64.3214,-186.4859,-430.2220,-310.1752,-117.1587,-21.4403,126.3422,440.5549,-8.8330,-104.8218,-154.9423,-43.0219,-71.4233,170.2204,-156.0482,-311.5409,80.1488
328.0266,156.4702,-86.6722,-148.7895,-318.7746,-252.6470,-82.6238,17.8443,189.3445,510.1152,7.0099,-8.6461,-151.7592,-4.2522,-99.1209,75.2711,-162.5731,-288.1587,123.7699
211.9283,103.8839,-145.9617,-141.4160,-202.4967,-224.4691,-87.8223,17.8368,191.2261,353.5938,-34.0169,20.8965,-167.4265,-41.8129,-149.4325,34.0946,-180.1747,-256.0616,89.0605
128.6938,4.1198,-151.4160,-155.3316,-130.1773,-250.1436,-115.3634,13.7341,100.8073,269.1489,-58.1977,-35.7126,-158.1069,-70.1222,-176.5979,87.0542,-188.6068,-231.9414,95.9426
96.5116,37.7685,-102.0741,-181.0548,-88.5989,-280.7254,-83.4982,52.0444,63.9137,378.9295,-65.6866,-64.6782,-132.4939,-59.1085,-139.2935,113.3924,-207.5473,-169.5226,204.6506
110.7624,192.4140,-64.0427,-203.5541,-67.9369,-317.7281,-41.0069,119.6501,79.9794,409.3305,-124.2415,-56.4376,-184.6842,-62.0485,-131.9235,69.5490,-230.2187,-89.0083,259.2888
157.4329,260.3401,-61.7215,-172.8449,-70.6549,-433.3734,-59.3780,156.7759,23.7239,323.3879,-199.1962,-61.6359,-300.3344,-90.8938,-167.4719,65.8019,-179.3672,-55.3037,208.0515
181.4241,205.5945,-38.7506,-65.6222,-87.6623,-595.0043,-82.3540,144.8878,-57.9935,296.5108,-181.8511,-60.7700,-336.4737,-134.3284,-140.6846,117.2162,-38.8065,-7.8890,191.6201
190.2925,174.0641,49.8178,45.4460,-123.9234,-655.8507,-74.0806,152.1126,-54.9888,288.6209,-77.7760,-65.6996,-261.2528,-199.9547,-64.2510,120.7207,62.7055,54.2519,248.2475
233.8852,195.1105,122.6963,81.3277,-191.2790,-570.0995,-71.7167,238.4279,-4.6379,290.3043,-12.2051,-109.1078,-191.2208,-245.8788,-28.5820,84.1427,22.5307,-65.1681,289.8009
242.9137,196.6222,71.3236,59.8990,-249.7802,-438.0861,-45.7045,340.3836,38.8492,423.0225,-56.4655,-119.4284,-171.7549,-213.3320,-6.0398,92.0829,-84.9500,-312.7017,296.3365
133.0941,189.4477,-59.3421,26.8972,-236.4605,-348.0094,31.9723,350.8292,123.1426,556.4156,-145.8821,-61.3246,-131.5388,-144.1723,71.0615,129.1254,-141.3730,-284.5235,284.6440
-3.2815,209.6583,-154.9546,-16.2280,-157.5575,-309.6630,77.7087,277.8264,274.2504,486.5586,-177.7402,-28.2254,-42.1571,-116.5688,170.2927,131.4252,-146.4822,61.7729,228.3760
-51.4822,223.2028,-200.5270,-52.4798,-72.6314,-286.1417,40.1373,200.6133,369.5316,323.9441,-152.1718,-26.5974,42.0974,-113.1001,211.4290,93.8050,-151.5188,279.8601,121.0198
-52.3155,193.4117,-228.2282,-44.9451,-12.5297,-234.9332,-30.1345,130.7511,243.3819,219.7190,-157.4948,18.5629,78.8655,-90.7603,166.7654,59.5949,-161.1035,209.5468,-4.0062
-56.6722,123.3187,-262.5923,-33.6380,13.9786,-189.0342,-107.9841,39.2078,-21.1064,120.8248,-210.2771,37.9176,72.7895,-90.8155,98.8344,73.1560,-175.5027,102.6474,-106.8038
-25.4096,36.8264,-350.0552,-96.1888,-4.4929,-230.7075,-188.3400,-54.8632,-126.0993,-5.3523,-231.1060,-35.7232,47.4955,-146.5190,90.9199,103.0294,-206.5045,41.1175,-147.1371
33.5192,-7.0808,-446.3774,-187.4925,-31.2420,-313.3708,-218.6635,-105.4656,-29.5527,-90.3969,-197.1124,-70.7800,28.7896,-176.4475,112.2073,71.9406,-214.9828,-36.8938,-125.6280
37.8015,39.4079,-401.2635,-175.5677,-1.1166,-287.5781,-191.9735,-89.4250,19.5296,-74.9620,-162.1788,3.8915,22.3787,-103.8575,68.0678,27.4651,-146.7682,-26.2952,-92.3791
-14.3236,125.0545,-222.9527,-58.7333,67.7356,-157.9074,-175.4963,-24.2297,-23.7259,34.1210,-138.1046,64.4941,3.9716,-4.9335,-14.4393,58.1345,-23.5379,93.2889,-70.3302
-10.3270,168.1114,-89.6293,28.6182,101.9619,-79.6644,-180.2011,32.2183,-21.8568,110.3267,-103.7879,75.3049,-31.4657,1.6898,-36.7421,54.7439,89.0341,136.9565,-50.8137
111.9557,191.4924,-31.8704,43.7330,96.4021,-94.0867,-153.2047,46.8197,-11.3818,64.8273,-64.3063,109.1430,-41.6566,-53.9394,-6.2458,-76.9907,158.0922,82.7562,-40.8873
255.6192,260.3985,56.9001,70.2433,81.8023,-108.8788,-88.0166,58.3454,-12.3265,34.0052,-8.3148,110.5437,-5.1646,-71.2829,11.6394,-140.5668,185.7310,73.4665,-24.9798
299.9570,334.3617,161.3215,125.1677,59.7443,-96.1932,-15.0890,88.0124,82.4459,102.4089,73.3995,18.2188,39.2996,-73.6396,5.3105,-15.3893,197.5641,91.5498,27.3645
274.8760,328.5443,203.8961,146.1528,70.0438,-96.0134,64.3152,85.1516,163.6470,114.6993,124.1773,-54.5098,72.7466,-133.2235,-4.9116,60.3654,220.7438,50.0915,72.5006
270.2429,268.3377,193.3058,134.7080,161.9440,-94.6294,155.0795,37.0035,90.5430,30.8950,108.7917,-36.2521,130.6567,-197.0707,26.7147,-46.5541,225.2337,-7.3948,52.3069
265.5548,231.0264,143.0136,110.4723,266.1488,-55.0711,237.6310,12.9198,64.9947,2.9134,78.9521,-25.6360,215.2787,-192.4014,136.1329,-126.3861,155.6017,-51.7877,22.3941
222.1781,203.1524,57.8655,27.8382,299.3102,8.8711,301.5626,52.6563,183.3222,38.0468,69.9952,-72.5426,282.7363,-170.4366,238.5455,-84.1226,40.1414,-129.7570,73.1694
202.3284,146.9340,-5.3375,-102.0854,321.0653,78.5566,363.5018,132.1970,190.5120,46.2751,68.9778,-112.9680,324.1155,-165.6051,229.1706,-65.2187,-41.1601,-207.8909,186.2591
225.1937,107.7426,-36.7686,-179.6397,381.4346,169.5752,423.7228,232.7827,81.6804,41.0890,75.9237,-126.4338,339.7107,-111.3011,187.3255,-82.7664,-73.3349,-222.7728,288.5341
202.3102,113.1202,-80.8837,-188.7561,392.9279,269.5281,438.7816,333.6082,115.1188,45.8355,68.7168,-136.8255,289.8024,-22.9320,229.2939,-38.1982,-80.4346,-234.8458,361.1111
136.1758,103.0600,-103.7013,-187.5834,308.4715,313.0183,369.1165,377.2120,211.2941,76.5129,6.2276,-129.7744,180.2152,-8.7963,265.9453,13.5754,-54.1439,-333.5386,400.8063
140.4678,72.6579,-71.4810,-151.2075,192.0502,269.4206,234.9625,322.9955,165.1838,133.1962,-71.2703,-93.7809,81.4375,-48.0981,178.4432,-9.6567,11.3696,-489.8690,365.5814
211.2623,103.8252,-51.2518,-49.4567,71.3013,185.6417,102.8233,195.9787,93.8743,75.1483,-92.8808,-51.4813,9.8203,-32.2621,66.2435,-52.1486,96.7758,-622.8215,249.9063
234.3230,189.4904,-58.2725,31.4008,-48.6957,96.3742,31.7584,54.0094,102.1095,-116.0155,-72.5530,-15.4412,-53.2631,19.7990,76.4413,-56.5537,184.2196,-711.9584,135.1087
210.8031,232.1124,-23.5437,36.9921,-110.9791,-17.8865,27.3103,-62.1533,77.5859,-152.0930,-40.9074,19.5123,-67.0200,30.7192,151.9564,-36.2075,244.8300,-767.4863,71.2054
239.1584,226.1944,43.4416,50.4366,-118.8203,-139.9060,23.9519,-153.0736,11.3214,0.6150,15.1746,54.2080,-33.2303,11.3971,138.1818,-11.4378,261.6884,-759.5413,-5.9887
323.1926,246.5063,110.6368,132.8771,-145.9358,-194.7303,-50.3939,-245.3116,-20.6633,-30.8917,85.3657,83.3201,-55.4263,-15.0684,29.5329,-16.1898,283.6513,-648.5320,-139.9550
384.2291,297.3876,223.5160,232.5578,-171.2658,-152.7180,-170.2628,-330.7450,-53.6485,-274.4460,153.3376,100.6876,-149.5512,-44.6824,-39.3163,-59.3055,341.9219,-462.5675,-248.4951
384.7511,312.3847,349.2780,287.2558,-118.6642,-52.6804,-236.0136,-344.2067,-91.3299,-352.5414,228.7809,107.9050,-196.9389,-21.9178,-8.9963,-70.4715,362.2318,-293.1334,-242.7663
323.8159,235.8987,361.2817,274.3006,-13.0694,65.6127,-198.3068,-239.1023,-58.9648,-201.3369,268.9853,109.2335,-152.9010,74.6839,44.5400,-13.0206,291.3155,-210.3586,-125.1753
211.2222,81.4365,268.7376,191.6808,89.3335,175.8403,-84.8721,-53.0336,36.6108,-27.1098,225.1686,101.9557,-83.7189,175.4461,74.0592,54.7935,195.6805,-197.3764,54.0493
104.3457,-16.2060,192.0982,84.9822,199.8260,264.4510,57.6884,136.9946,123.5493,127.2163,168.7159,102.6129,-20.2233,251.6539,116.7126,87.6254,133.1636,-178.3445,217.0767
76.0437,79.8595,151.3741,26.7250,315.2695,343.3943,179.3306,283.9515,157.9444,217.7443,170.2877,137.9788,40.7068,303.0280,172.5263,64.1551,85.2944,-124.1560,298.1768
138.3694,282.3878,101.4375,26.1346,386.4763,407.0266,238.5924,362.1583,158.3758,151.0779,159.1934,178.6145,70.5190,253.9435,200.2406,-35.7431,59.9796,-85.9482,328.6950
246.8026,394.0770,55.5448,38.2737,394.4436,423.9549,238.7956,346.2362,180.5778,54.6756,87.3567,176.9930,50.0644,118.7241,203.5173,-127.1948,91.8530,-84.8111,353.9556
325.2141,418.8405,41.2331,55.0672,342.6100,398.9908,203.4811,248.7365,167.7176,61.1054,42.3430,161.4598,-10.1485,75.5919,185.8799,-92.6441,145.6812,-75.8176,317.0635
302.8675,462.5495,45.8863,86.1963,222.4518,338.9172,126.7689,125.6354,24.3777,54.9262,71.2767,157.3784,-92.8507,145.3677,126.8624,-3.5199,150.3931,-68.7967,192.5782
223.8561,465.7470,37.1293,79.7439,61.9579,203.6761,1.2415,9.3890,-100.0312,-23.4166,107.0338,100.4010,-161.5209,124.5178,67.3082,-0.2052,95.2326,-114.0211,74.1311
215.5967,353.6891,-3.5747,-7.4635,-69.4062,18.2192,-128.5573,-95.6360,-59.8470,-67.0255,115.6129,-16.7095,-187.5205,-21.7270,62.6940,-48.5475,35.7498,-159.8021,8.4469
263.8346,231.7268,-32.7138,-90.9427,-141.0722,-97.5303,-187.4211,-156.5445,-72.4492,-82.0371,131.9062,-65.5506,-187.5622,-104.1576,79.7620,-88.2633,43.8402,-132.8914,-31.1382
242.2849,203.9644,18.5880,-58.3931,-182.1193,-107.3707,-158.1991,-157.8192,-251.7689,-154.4863,165.9361,8.1425,-177.2690,-72.1990,69.6788,-184.1773,131.4503,-83.9291,-28.1851
199.4176,262.2158,124.9919,56.5074,-211.3334,-86.4471,-125.8109,-163.8236,-301.6296,-252.4926,204.0687,87.8577,-152.1270,-36.7255,31.5671,-313.1941,217.3335,-53.5615,-9.8993
288.4121,396.0849,209.0982,153.7391,-193.3015,-56.9353,-162.0490,-213.6637,-146.1477,-302.6789,258.6614,95.9129,-118.5011,-14.5780,-34.3407,-324.4898,243.0147,33.0896,-63.8586
449.2469,534.5963,278.5337,231.5146,-87.5275,15.6223,-189.5290,-234.1025,-76.3299,-282.8255,334.4511,101.4995,-63.4870,39.7963,-90.7046,-223.9695,260.6057,194.0519,-123.7447
513.2158,523.6155,362.5866,315.2005,82.6302,127.9153,-92.5598,-157.4877,-108.2025,-198.4418,393.3456,160.4921,36.8112,103.3351,-57.3747,-163.2651,304.7587,332.7986,-40.1783
486.4991,372.4126,402.7087,342.6461,249.3427,257.5163,88.3853,-13.2460,-30.3730,-87.8449,406.3919,208.3170,144.6976,158.3967,51.7423,-156.9201,301.7281,393.2645,135.7216
440.9169,248.1768,346.8583,256.5979,370.1693,357.7244,244.2174,136.2077,117.7272,4.6322,397.4735,159.6389,220.3032,214.5275,142.2312,-110.9699,206.6813,377.5474,253.5640
367.3846,176.7137,240.4467,105.7905,439.9835,351.2000,370.7235,230.1406,212.3012,59.4140,394.4582,31.5118,298.9468,223.9115,190.2222,-38.1385,85.8971,297.3047,291.1177
301.5973,83.8937,149.9531,-10.5976,460.8169,262.3466,474.0188,229.9944,233.4794,69.3589,386.7227,-73.1120,380.6738,153.9166,211.7174,-13.2934,4.4272,230.6549,267.5496
301.1775,11.8521,94.9228,-30.8236,427.4371,219.2353,471.6347,197.9910,138.3147,78.1009,364.4904,-84.9445,386.8252,84.9399,198.7201,-28.0870,-30.3599,252.8259,196.5526
298.2387,6.2890,62.4279,19.9902,329.6918,244.1552,347.7208,228.4859,11.3321,134.4361,331.4478,-30.3214,304.2985,93.4882,182.6613,-28.0563,-21.9168,295.8483,170.2253
233.4325,19.3404,31.9586,52.6014,185.8310,249.2357,215.7033,285.0531,44.6498,174.1895,269.9077,24.6931,201.0485,134.3158,181.3236,2.4400,4.2152,271.6960,220.6815
173.4435,41.7106,3.8804,35.1400,61.1285,217.2031,142.4437,283.5515,153.2382,148.3427,183.6279,34.6251,122.0592,132.7794,131.4981,49.1440,-3.4236,229.6658,237.8639
133.5207,70.4294,-5.6188,20.9727,-14.2421,171.9028,98.2709,250.0992,158.1772,147.5153,135.2436,-10.7992,92.6309,91.7963,41.6280,83.0139,-41.4000,218.1250,195.4815
59.8747,41.7303,0.1681,20.5735,-95.0870,82.7796,73.4862,208.2510,171.0881,181.7533,151.9239,-69.5708,103.3493,44.5003,15.2499,53.1280,-30.9926,170.9908,187.8093
26.6620,-8.3134,27.6851,0.6956,-196.9361,-49.5310,74.2591,84.5747,267.8891,125.8270,180.6559,-78.9116,77.6852,-8.7562,34.1479,-60.0977,82.0016,68.2474,203.1453
134.0286,26.6356,108.9234,0.9792,-226.8313,-156.9118,58.0394,-119.7905,282.2360,-3.5263,181.7495,-39.8755,4.3498,-56.2909,-13.6997,-185.3094,244.7508,22.6080,150.8408
277.6948,93.8730,218.5704,68.4235,-126.6472,-187.9485,-3.7612,-270.8869,185.9090,-84.2032,159.9870,-3.0832,-19.3272,-42.0755,-111.0698,-240.1961,342.2137,111.7566,50.6416
296.5905,90.9812,280.3668,149.2798,49.5487,-117.3217,-53.3302,-287.7720,93.0921,-125.6354,130.9676,22.4992,30.2854,48.3160,-152.6376,-245.0018,331.0761,270.7456,0.7041
217.1663,59.2499,294.4042,186.5396,239.9498,48.4979,-4.0637,-203.0137,7.8034,-149.2006,133.4966,52.7205,99.7095,133.6283,-103.6765,-239.0957,288.1232,410.3698,61.8829
153.1227,29.3821,318.2923,193.9599,414.2107,233.2703,146.1628,-60.7048,-24.0871,-84.2683,178.2382,57.8902,204.6627,153.0566,-4.4731,-171.4729,283.3595,529.4846,217.4043
108.4735,-47.8375,337.8171,181.2829,529.6191,372.3665,289.4823,105.0107,72.1565,40.5479,192.2035,3.5176,338.0414,157.5697,59.3973,-38.4630,286.3093,648.9871,367.8318
24.4614,-133.8261,304.1534,156.3858,570.5472,473.3966,338.2864,250.9687,158.0261,115.1454,147.5251,-73.2990,404.5262,198.2083,31.7511,29.1790,256.3849,730.5343,435.4517
-75.5260,-166.9186,240.5489,158.3434,576.1387,528.5053,348.9897,353.8542,128.2790,152.4263,124.8455,-95.5924,405.4461,227.6981,-3.4866,-10.2256,208.0264,744.7969,462.5059
-111.5156,-201.0282,198.8171,180.9683,572.6147,516.2172,414.8642,414.8329,139.3921,226.8754,144.3019,-49.3998,426.7361,201.2190,63.3540,-26.5844,157.7245,732.9641,502.9669
-94.4017,-262.6722,192.2401,180.1947,550.3961,478.9147,499.6536,440.7715,269.2084,325.6397,148.0438,-13.9509,444.2695,158.5273,180.6539,30.4920,130.8720,719.7607,526.1907
-123.1868,-280.5475,217.2506,178.2072,489.1180,438.2747,505.7679,428.7068,369.3796,370.3167,159.9533,-46.5206,407.3891,134.8072,232.4835,74.6464,169.7084,665.7705,491.2773
-205.0932,-234.5826,254.0381,216.3716,356.6546,346.7998,419.0023,353.4986,337.4679,298.1565,216.6779,-82.7982,362.4641,109.7479,203.5277,82.1212,239.0561,563.4899,387.6664
-227.7357,-170.2172,264.3216,267.8033,173.9673,226.7374,293.6193,222.6988,202.1258,154.1220,251.5724,-54.5853,326.7169,79.0087,146.3243,82.4108,264.0909,476.2781,239.0396
-159.5312,-122.2675,260.4218,312.1665,74.3484,169.3201,188.0038,119.8554,47.8454,58.7091,242.2790,-20.9802,275.9961,53.1502,107.1200,55.0056,290.3847,461.7544,136.7627
-101.8619,-110.4845,313.2758,388.0569,156.6331,181.7775,131.2809,97.0238,-42.4059,6.1355,266.1682,-26.6785,259.4696,2.3748,80.3632,7.6018,406.4397,535.9641,138.8344
-104.8876,-89.1814,438.7300,516.4691,342.0476,225.5542,94.3248,110.0123,-84.3520,-86.3064,324.9308,26.4054,302.3208,-60.6346,8.2801,-20.1200,562.5609,684.7803,177.1243
-109.8835,13.8847,553.4234,662.7119,514.4816,324.6745,54.2271,143.2185,-110.2407,-130.2788,350.7130,185.1476,340.6548,-15.2966,-84.9608,-46.4870,659.3901,850.4350,211.6092
-82.2478,118.9350,576.2462,751.4814,657.9993,483.6990,57.1590,233.3035,-68.6739,-34.2324,340.7674,307.4005,358.2791,175.4415,-85.5305,-65.9636,672.3236,938.7894,294.8432
-51.8934,77.1031,505.2332,692.4577,737.6248,612.7443,105.8169,327.3875,-7.5622,29.2685,303.6001,275.3449,366.3542,319.3656,-16.4267,-27.3584,580.4611,877.1946,391.6535
-37.6134,-80.0481,390.3782,481.8893,667.1257,621.6420,126.4622,327.0572,-24.7168,-73.0517,219.1249,158.1389,311.4216,251.6997,-3.9291,20.0344,392.2266,684.0118,407.1120
-33.8175,-225.4138,285.9445,250.5586,486.1469,516.2047,134.4715,259.9081,0.1930,-162.1080,125.7022,69.7224,198.7580,102.3567,-12.1671,13.0641,231.4317,476.8047,374.4085
-45.1504,-331.5923,212.3232,113.2438,322.4665,381.0420,189.2399,216.8024,121.8878,-107.1336,70.9424,27.5814,112.4873,80.3758,49.8377,28.1789,168.9002,347.6088,352.7733
-81.2850,-410.7642,133.0771,43.0329,174.8104,273.3859,206.2355,194.9170,87.4550,-68.9835,19.7959,-14.7155,47.8905,147.6372,99.8057,82.8441,103.5582,252.1584,295.3115
-145.5624,-474.6009,8.4075,-41.1680,-10.2409,154.7836,118.8557,150.9654,-126.3613,-157.3803,-59.3247,-91.0121,-37.5508,136.7172,67.7773,48.4964,-20.1170,125.9428,208.0804
-235.3082,-573.0894,-125.1240,-153.4666,-158.9930,-1.9892,60.4974,108.7124,-170.8271,-227.9103,-135.2274,-178.1524,-112.5508,34.8710,41.5157,-49.2199,-111.2936,20.7493,191.1555
-322.8220,-683.4695,-199.2492,-242.7793,-232.8702,-125.5973,90.2317,103.0536,-2.5226,-177.4303,-189.5137,-227.0407,-198.4516,-62.5597,46.3025,-36.5100,-132.9454,-13.9012,219.5413
-363.8486,-705.5479,-218.4010,-260.0065,-358.6082,-190.0055,37.1199,85.1128,77.3467,-146.6338,-231.2284,-244.0651,-364.3912,-138.7230,-1.8748,50.5041,-143.8785,-41.2188,143.0466
-366.6083,-659.8146,-225.0988,-215.2094,-562.4626,-275.5180,-159.3347,-29.5362,5.2435,-279.3343,-259.6332,-267.4565,-528.9420,-220.8577,-96.8124,29.6777,-155.0292,-98.7249,-63.0222
-403.1682,-654.8564,-216.0272,-172.4367,-657.1943,-376.5496,-317.5905,-221.0994,-103.5648,-474.4466,-277.2694,-286.4927,-550.8255,-279.8212,-160.5433,-94.1433,-155.7622,-121.3334,-250.1669
-489.4430,-685.8688,-195.1836,-179.4405,-551.4575,-382.3844,-325.5814,-358.1000,-236.0979,-553.7985,-286.6852,-285.3706,-449.4669,-287.7526,-169.1288,-185.1021,-188.1594,-78.5234,-303.5604
-521.1237,-676.8763,-212.7938,-225.8071,-357.3211,-282.8901,-245.5409,-371.5200,-315.2366,-521.4044,-279.1491,-288.9426,-316.7032,-273.8371,-132.3594,-189.7387,-265.7733,-18.7936,-266.0170
-417.4820,-605.4725,-259.3838,-272.5373,-147.9706,-153.0449,-130.9906,-331.0846,-251.6360,-463.5715,-252.5939,-286.7896,-179.5019,-247.9574,-84.9855,-136.6452,-337.8748,28.0935,-230.3964
-252.3965,-492.2507,-256.9930,-297.5984,78.7156,-9.2020,7.3181,-303.7216,-200.6917,-391.3437,-203.9981,-241.3328,-58.0890,-176.1307,-81.7018,-96.0871,-373.7956,59.7720,-201.5145
-153.2296,-406.6077,-214.4895,-310.1432,252.7905,131.4652,132.3920,-270.0535,-311.0183,-337.5935,-151.2791,-189.4896,13.9954,-78.8244,-105.8285,-118.3517,-385.4144,68.6442,-145.2031
-150.0112,-427.9713,-223.1388,-311.7450,306.2229,210.6408,204.3260,-203.1582,-427.8022,-347.7348,-165.1517,-185.0911,28.8769,-34.0294,-92.0257,-129.1510,-379.2709,75.6073,-84.5027
-187.8634,-507.4948,-279.2919,-269.5282,279.6920,230.9727,209.7729,-118.8476,-371.8475,-357.1523,-253.8725,-199.2666,-15.1419,-56.4073,-50.1444,-51.3416,-340.5877,97.8000,-43.3048
-210.9692,-525.8779,-290.2413,-191.0083,215.7911,213.6674,167.9545,-66.7896,-244.0320,-344.2685,-296.3452,-206.6668,-94.9168,-95.6390,-39.7769,11.3778,-261.1674,72.7500,-3.3735
-202.8341,-489.7392,-236.6693,-161.0020,102.9363,110.9290,125.1869,-87.7529,-225.5629,-381.6596,-243.7231,-237.1293,-160.6418,-139.6854,-72.5163,-54.5620,-183.6027,-52.1679,25.0174
-192.1888,-484.2837,-177.6257,-209.1620,-35.1930,-69.1980,90.6439,-123.4449,-257.8334,-359.0029,-208.2939,-268.7581,-223.0606,-196.5952,-117.8288,-161.4690,-179.1664,-191.2428,22.0905
-209.6139,-511.3455,-143.5405,-254.9794,-139.2595,-206.7027,28.6123,-84.4569,-174.1949,-137.8284,-232.8453,-252.5112,-312.9017,-236.5806,-145.5039,-189.3679,-241.2395,-238.6378,19.6405
-238.6356,-527.9490,-124.5986,-261.1683,-188.1173,-261.0038,-48.8984,-48.2745,-76.4376,24.6764,-227.9353,-243.4885,-371.6118,-257.4106,-150.2273,-170.1355,-278.8969,-247.0335,20.7776
-260.0838,-544.0413,-107.9102,-271.5614,-209.6550,-332.9747,-101.7570,-145.4117,-182.4712,-141.2484,-183.5814,-306.0463,-365.9410,-302.7401,-158.1581,-170.9000,-251.7378,-316.3529,-30.9451
-296.7693,-588.7445,-83.8010,-271.6586,-257.2264,-467.7399,-163.0264,-287.2162,-364.2770,-359.8570,-175.3769,-356.7756,-386.4270,-356.8575,-187.7044,-187.7834,-207.1041,-400.2158,-136.9661
-349.3851,-643.4609,-58.3538,-217.0290,-349.9212,-553.4726,-264.3618,-321.7920,-374.8164,-307.0750,-201.3862,-300.7936,-459.6690,-354.2188,-223.8678,-212.8110,-182.2857,-401.4495,-230.8599
-372.7414,-660.5214,-51.1635,-166.8267,-412.9588,-463.1422,-314.3369,-299.6216,-305.1366,-183.7426,-217.9438,-213.2896,-465.3874,-295.2016,-229.0036,-254.8141,-173.4731,-341.8919,-253.4838
-363.9017,-643.9296,-66.0587,-198.9605,-365.2708,-213.6090,-221.3043,-292.6692,-276.1505,-226.2643,-231.5580,-211.0567,-359.3222,-231.2950,-165.4894,-276.3086,-181.2153,-277.7584,-175.7068
-371.4898,-650.4707,-98.7241,-271.5588,-245.1481,61.6445,-74.8011,-230.1624,-181.5077,-253.6580,-250.2394,-266.4977,-258.2675,-183.4345,-75.8580,-212.7204,-213.5709,-183.4835,-54.4477
-402.3409,-676.9577,-144.6870,-293.0526,-133.2277,274.2869,-21.7691,-99.1531,-77.3657,-96.4947,-256.8441,-281.2086,-241.3571,-143.5743,-72.4477,-78.5283,-255.2188,-35.2540,-4.3404
-421.0528,-658.7988,-169.8109,-235.5606,-22.6039,439.6932,-17.9019,10.8113,-125.9445,82.3514,-244.4893,-233.0222,-248.9456,-93.5695,-133.6799,14.7762,-263.4620,119.2121,-8.7048
-422.0157,-605.9012,-148.4618,-140.8370,115.5190,569.2140,68.2592,75.2059,-195.2269,94.5707,-214.7288,-170.3596,-209.6038,-28.7577,-116.8540,-1.3914,-213.3857,221.8311,34.5583
-417.3766,-585.7948,-129.3797,-81.4377,234.1023,627.2295,164.0760,93.7374,-176.7754,-26.9296,-181.6497,-142.1228,-147.5539,6.2377,-55.4283,-58.0414,-140.9224,257.0045,79.2997
-409.8271,-604.1125,-153.6784,-81.1502,283.8333,621.0432,120.6966,48.1022,-225.3979,-131.6914,-170.5500,-155.4739,-125.6015,-15.9402,-94.2887,-63.9343,-89.4958,268.7648,54.1490
-426.7433,-638.0877,-157.1938,-73.1401,298.1243,610.0530,39.0851,10.2193,-319.7437,-130.0278,-166.9505,-165.0881,-143.4601,-35.0300,-163.8037,-29.8650,-39.7993,318.9771,54.2145
-480.7096,-673.6050,-86.1345,-15.8401,320.6404,607.0070,78.0934,29.8225,-321.4507,-81.2063,-134.4516,-137.8733,-162.2847,-8.5991,-143.1850,-8.9208,27.1223,370.0465,99.6530
-482.4305,-649.5005,-11.0538,32.6379,320.3830,558.2265,116.6361,-9.9591,-361.1717,-101.3118,-90.7510,-109.3590,-189.1812,14.3376,-144.4705,-17.1311,75.1427,320.9207,36.5154
-343.8014,-530.5930,11.0874,45.1722,267.8589,430.7603,18.5084,-167.7237,-484.6921,-193.2449,-71.0086,-95.0249,-233.0671,10.1136,-248.6788,-52.7016,101.2398,202.3241,-124.9653
-164.7575,-395.5309,39.6261,80.7848,224.0735,279.4914,-77.7610,-303.1576,-487.9110,-270.9439,-60.7254,-29.8365,-234.8003,23.9359,-314.9780,-95.8383,141.7283,144.3393,-209.3392
-132.4319,-327.4737,85.9389,139.0924,236.0674,201.7334,-76.6867,-321.8574,-431.6610,-303.4458,-46.5249,91.0958,-161.0610,68.1985,-280.8223,-100.7468,152.5840,165.2224,-218.6987
-254.3416,-352.4660,38.3155,128.4326,233.6564,209.0748,-95.3631,-281.1979,-515.3802,-322.1429,-56.7344,143.2739,-85.9676,100.2834,-236.4562,-61.4481,55.3167,188.1360,-250.9542
-388.7069,-492.3662,-131.3530,10.6020,164.4791,200.8573,-132.3250,-238.6526,-597.3834,-337.7686,-109.9027,52.4216,-83.0301,72.9673,-192.7359,-29.9449,-118.4203,168.9969,-259.2992
-479.8655,-692.8355,-294.4501,-154.9657,93.1197,117.8610,-66.3153,-215.3926,-530.3456,-311.8555,-191.8628,-102.3605,-131.9120,-20.8036,-131.4717,-29.0585,-278.8419,89.7889,-204.5359
-561.3130,-809.3609,-382.5417,-288.5265,41.9070,34.7465,26.0910,-205.3766,-433.3926,-206.5391,-275.8931,-217.9073,-184.0316,-102.7880,-110.1751,-26.5045,-390.5829,-16.1556,-162.6048
-618.4202,-797.7285,-451.2879,-336.1427,-54.9530,31.8166,6.4086,-147.3110,-349.3138,-64.0211,-324.8701,-260.1292,-227.9313,-105.4892,-120.8236,-9.2501,-440.8497,-43.7316,-147.1778
-632.8749,-738.6917,-489.1594,-298.6789,-154.2742,71.8967,-48.0659,-35.3874,-263.3646,24.5075,-317.4116,-244.6609,-268.2731,-112.4588,-98.9502,0.0163,-418.4751,31.3798,-100.4163
-657.5323,-681.3441,-415.9883,-234.6073,-137.0068,76.0440,-20.6963,37.0838,-249.5386,44.5230,-280.6637,-223.0051,-295.4680,-196.1901,-68.9658,3.8659,-352.0076,116.3550,-28.4363
-709.8173,-643.5478,-280.2116,-181.9067,-58.0269,49.0450,36.7729,47.6299,-212.8954,47.1019,-246.4726,-220.8483,-290.2162,-237.7017,-67.7274,25.0890,-270.9164,165.5565,25.3678
-706.3979,-634.0010,-210.0545,-125.3383,-72.6853,52.0348,19.6794,53.6766,-44.5057,50.0162,-207.2601,-185.1693,-262.3002,-166.0670,-83.5995,35.5539,-178.3987,175.0847,28.4738
-598.3121,-591.7204,-200.8804,-69.0265,-171.1512,83.1802,-97.5919,42.4524,40.6638,58.9639,-162.4597,-97.6524,-260.2543,-113.4273,-148.5183,-14.8682,-96.8957,114.2181,-32.9872
-460.7242,-487.4378,-159.4407,-39.2260,-229.5928,87.1021,-242.8881,-10.7451,-80.7249,73.9851,-138.8768,-45.2091,-292.5244,-123.2282,-266.8747,-87.2266,-38.1463,49.5760,-100.7051
-374.8779,-395.5842,-73.3408,-9.0563,-203.8323,75.0793,-304.9453,-65.2806,-181.5587,33.4613,-118.6568,-63.8955,-289.5174,-89.0965,-330.8402,-91.9177,38.7442,104.6969,-120.8938
-310.2451,-325.1956,20.9593,64.1331,-117.0097,94.1111,-274.7442,-125.9818,-163.8324,-75.6398,-40.6159,-70.3313,-207.7296,-52.2446,-296.4674,-41.9996,137.6651,216.5606,-166.1787
-210.5990,-226.4943,111.3507,147.8561,-6.5250,100.9762,-243.9316,-225.5667,-138.0731,-144.3474,78.4391,-21.8681,-97.6882,-116.2379,-267.4354,-27.1943,187.3790,233.2241,-292.6498
-127.5732,-171.3710,161.0050,183.7005,65.9907,50.4065,-240.8193,-303.8755,-122.9309,-169.8260,136.9845,36.0849,-19.8559,-166.3349,-299.8609,-61.7309,163.1161,190.7943,-402.8834
-133.1801,-202.9001,129.0592,181.3740,82.3893,24.1331,-231.6249,-307.7264,-150.5508,-316.9068,103.8411,89.7144,22.6792,-83.1183,-318.0916,-94.7066,123.0980,203.4577,-423.1886
-157.0943,-173.3038,55.7022,179.4630,92.5705,72.3316,-223.1827,-291.9030,-251.1327,-591.1873,46.6682,150.1937,41.1216,2.1385,-265.8822,-104.7414,100.1254,228.8913,-413.5557
-88.8522,-26.7208,11.9047,168.0840,98.8587,88.0108,-223.9462,-302.7990,-268.6397,-786.3680,0.4626,169.5766,28.3679,-38.3452,-194.1957,-94.0663,81.3760,156.3758,-405.5646
26.3677,58.6368,16.6872,116.7962,49.4735,4.2574,-219.3956,-326.8814,-158.6974,-835.7490,-40.3742,104.2969,-10.4934,-117.3954,-158.6914,-79.9237,73.6024,-0.3375,-356.6322
71.1563,-11.1133,53.4260,34.2940,-37.3219,-99.4083,-216.4317,-355.2029,-92.7067,-855.6431,-47.8643,11.0249,-42.1104,-128.6418,-119.2737,-90.9506,77.3112,-113.8930,-288.3384
22.3478,-125.6374,75.0040,-44.3075,-97.7328,-164.5442,-210.9939,-371.2717,-62.1458,-864.0685,-23.6027,-21.4974,-41.0652,-95.1789,-36.5821,-94.1101,47.8731,-124.6783,-280.2392
-95.5352,-200.1166,19.7901,-95.7460,-139.2180,-209.6992,-197.7121,-360.4722,6.6131,-784.9957,-31.8387,-2.1996,-26.8744,-86.0196,9.2310,-35.9416,-26.1912,-130.7697,-331.0962
-250.5450,-243.5858,-90.7265,-106.1819,-208.0582,-242.3945,-211.4289,-348.6200,-22.4878,-639.4965,-80.3926,-9.9167,-38.8860,-119.9971,-36.2921,25.6341,-76.4595,-192.1501,-348.6691
-346.0192,-269.8757,-166.2098,-70.2475,-304.3225,-262.2814,-232.5795,-323.6953,-127.7758,-498.8598,-120.7157,-43.7870,-83.4173,-137.7934,-70.2824,21.9776,-71.0368,-209.6341,-291.8423
-326.6927,-294.6425,-189.8632,-26.4364,-396.4004,-266.9880,-204.5377,-237.7382,-97.1890,-376.6380,-156.2811,-27.9843,-133.2669,-89.6126,-39.1051,21.3591,-85.6087,-178.5069,-242.6122
-290.5950,-326.9471,-199.0235,-44.5744,-442.9485,-240.5290,-200.8052,-154.6499,-20.0836,-291.2575,-180.2972,17.5704,-152.1265,-49.0459,-46.8874,64.7980,-162.9814,-225.6642,-268.9120
-313.6475,-347.3082,-173.2616,-136.4144,-403.9323,-220.5074,-300.9118,-185.9817,-75.3413,-290.6902,-133.9045,-5.7432,-113.2479,-95.0052,-118.8501,53.3827,-225.2897,-281.3921,-303.7594
-320.1268,-344.3018,-108.5681,-238.9502,-312.8224,-257.8479,-394.3737,-288.8709,-111.4469,-341.4501,-63.5016,-76.4205,-53.7539,-151.2272,-156.8013,-29.7247,-234.4733,-245.8697,-275.4966
-261.4385,-313.2269,-93.8798,-315.3847,-279.1695,-307.2926,-390.6924,-339.8560,-1.1742,-308.2779,-96.6420,-95.2853,-72.1487,-143.0509,-152.4736,-55.5343,-281.0017,-347.5822,-230.2510
-216.2722,-249.0784,-178.9837,-381.7372,-346.1865,-350.1665,-372.3964,-312.8405,126.2528,-120.0800,-209.0760,-83.7464,-183.4082,-149.7950,-166.1651,11.5615,-401.8751,-656.2524,-212.4821
-237.5481,-191.4707,-291.5030,-421.1550,-435.4912,-469.9888,-377.9049,-243.4151,187.4310,99.0668,-274.1355,-106.1802,-270.2030,-212.7885,-196.8263,76.6818,-492.4612,-722.2402,-196.3097
-278.2162,-180.0466,-348.5543,-393.5815,-481.4471,-610.9920,-369.9048,-167.8577,183.5538,166.0811,-286.2486,-114.2858,-272.8954,-230.9850,-228.1539,85.4289,-486.5790,-395.0865,-191.2944
-281.3212,-185.4377,-342.6106,-328.7054,-508.2341,-578.8771,-383.8174,-138.8658,133.1967,93.0598,-305.2563,-67.0029,-277.0410,-179.5076,-235.7244,43.3710,-438.8418,-193.7413,-228.2914
-241.8228,-187.9903,-316.4378,-293.8330,-543.8446,-411.6363,-415.2161,-175.4374,142.8169,45.5769,-323.2185,-31.2693,-328.6623,-168.9946,-179.2418,-21.3122,-398.1256,-344.3814,-275.4495
-204.7934,-214.7137,-316.3722,-303.7275,-573.7193,-350.8439,-387.5617,-260.2355,190.3262,42.3764,-331.2253,-50.3446,-348.6648,-229.3600,-113.5425,-51.6738,-371.5840,-469.0070,-316.8391
-216.8747,-244.1979,-346.7347,-340.4976,-595.5403,-438.3520,-358.9330,-414.3456,90.2328,-49.7005,-345.7792,-87.9206,-294.8333,-267.2551,-115.2557,-44.4626,-381.2838,-437.8620,-385.2300
-265.8421,-239.0900,-376.5352,-384.9592,-626.1604,-526.8724,-427.6623,-610.5914,-92.3343,-188.8006,-348.8953,-106.4266,-237.1274,-233.4379,-122.9436,-57.5841,-423.3101,-484.0406,-447.5974
-318.9529,-238.8469,-402.7437,-396.4569,-657.9364,-572.2832,-507.1152,-690.2267,-132.6794,-161.9863,-344.3149,-79.0424,-237.1992,-165.0904,-97.1090,-66.6960,-443.6369,-588.3347,-437.6543
-375.8772,-264.0109,-437.6188,-359.8448,-665.0673,-613.4852,-495.3619,-585.1516,-68.3139,15.5185,-377.5624,-10.1592,-273.0128,-107.5738,-121.3275,-13.0136,-420.0738,-595.2032,-390.3567
-412.4788,-254.3297,-456.1264,-323.5858,-631.0275,-627.9993,-451.4683,-470.6724,-24.4231,80.2603,-427.6038,31.2096,-288.9195,-86.9770,-179.3937,32.4014,-378.7444,-561.3641,-389.5747
-390.0481,-203.4863,-446.4103,-299.4507,-551.4267,-573.5831,-442.1412,-490.4646,-24.8136,-24.3809,-429.1813,16.7514,-258.1126,-101.3150,-181.6122,-5.3440,-332.8765,-508.1833,-449.4637
-360.1441,-176.4781,-444.3839,-224.1161,-444.1549,-452.4755,-456.2065,-540.8772,-143.4739,-78.8367,-391.6049,9.8413,-204.1095,-113.8674,-185.9457,-51.9600,-287.7166,-352.3254,-524.7586
-385.9036,-163.1601,-446.5253,-97.7241,-348.6588,-311.8010,-474.5642,-497.2045,-319.1570,-27.0180,-357.0513,27.4672,-173.0655,-103.3552,-243.1094,-57.3119,-257.1913,-187.9393,-554.6834
-392.7961,-93.6832,-394.5087,-15.7582,-281.7939,-211.8756,-472.6978,-402.6593,-318.9401,-32.5750,-319.5157,26.5607,-171.5110,-89.1374,-259.3509,-78.5101,-233.4112,-133.0763,-496.3040
-305.0175,24.0282,-291.2632,-9.7481,-216.7276,-144.6701,-433.0500,-294.7795,-210.2665,-64.5990,-271.9119,29.4196,-153.4866,-79.4877,-222.9475,-87.3951,-207.8978,-83.0171,-363.1277
-210.1861,120.0807,-213.4130,-5.2485,-124.2179,-51.1031,-354.8436,-107.1486,-200.3602,79.9687,-229.3218,65.6889,-88.4186,-58.7261,-208.0887,-8.5814,-197.7454,34.7246,-188.6755
-176.8742,163.3681,-182.2220,41.2177,-10.6140,50.8039,-214.7574,143.2667,-142.3984,331.1106,-186.8535,89.9482,-10.3897,-23.8032,-179.1883,69.5012,-184.1237,111.1190,12.8956
-103.5913,155.4765,-137.2636,88.8875,83.5504,97.1505,-52.3310,318.0327,42.4666,418.1891,-140.1742,100.6346,26.3622,31.0383,-122.0255,46.9913,-118.9200,109.4889,191.4633
58.9485,90.5696,-61.6075,95.6655,108.3376,98.9405,6.7069,373.7100,90.2149,346.8339,-105.1081,147.6987,17.1250,114.3041,-115.4673,29.1397,-39.7966,102.9742,270.0204
172.1680,0.5557,-15.3526,73.2806,42.5866,81.8754,-24.4436,390.4465,25.9284,335.9665,-71.7844,178.3467,-1.3811,174.3249,-117.2733,101.3898,-33.0932,82.6430,250.5139
153.4546,-27.4667,-2.9070,63.9886,-85.5029,15.4817,-4.2828,390.7721,114.0428,394.5312,-9.8990,117.7806,-4.2165,147.9755,-46.1249,143.8453,-68.0518,-0.5733,200.5479
113.8071,28.2288,54.8377,85.4356,-216.9179,-104.6638,42.2028,346.8473,209.6279,382.6043,72.0530,37.9783,19.4337,89.4930,13.7996,91.4569,-48.5638,-123.8320,149.2889
138.3096,68.4919,149.9944,95.2015,-293.5789,-240.0943,5.7077,290.4579,115.9721,316.7497,129.8318,26.2688,78.7825,95.8118,6.3968,57.2906,-4.7808,-253.7689,85.6335
156.3600,47.1620,163.1593,39.7767,-289.2966,-365.6910,-35.1593,232.7212,44.0747,278.5349,130.0997,50.4040,147.9922,137.9075,8.2620,71.8753,-33.2552,-371.4547,7.8693
100.5593,63.5268,70.6351,-53.9572,-230.2168,-430.2771,13.4582,120.9143,82.5153,240.2376,71.9416,88.9890,173.4507,137.0725,14.0469,45.7343,-102.7775,-419.3237,-75.9074
5.8450,159.8780,-24.7190,-96.3003,-163.7207,-364.4555,54.8104,-9.8631,52.1589,197.4205,-4.0786,158.8612,152.7557,116.3668,-19.8459,9.9920,-109.8193,-350.8077,-147.7840
-65.4216,229.9098,-69.5425,-58.9175,-102.1742,-194.5067,13.9276,-45.4031,17.5997,219.5984,-30.5412,189.3618,139.1259,122.9253,-27.5212,62.4178,-53.6939,-206.7453,-179.6001
-68.3172,236.4988,-61.4299,-9.8049,-31.1559,-28.1584,-32.2309,10.6842,110.9596,269.6137,23.1935,129.5168,152.5343,129.1454,3.4103,141.6657,-8.3914,-74.0420,-164.6120
2.8540,274.5114,30.5208,2.7357,44.1646,73.2570,-22.6277,61.7685,174.6259,237.1161,114.5173,86.6471,167.7957,109.4922,5.3954,132.2890,1.8248,6.8962,-125.2376
72.9503,360.3743,171.3293,20.5985,105.7534,129.0471,15.0619,94.2600,126.3980,158.1833,182.9651,124.7436,182.5536,83.8847,10.8069,74.7624,7.8257,71.5741,-80.5671
76.0002,409.4287,253.3872,82.2123,150.6440,185.2756,27.6669,146.6751,114.1522,155.0072,216.4236,129.7061,212.0167,65.2961,38.8988,76.8940,43.2534,160.5506,-28.2184
80.0834,413.3386,271.6997,144.9607,180.9340,242.6128,-10.0519,200.8789,153.4135,206.2549,241.1411,57.7074,236.7093,59.7401,6.8425,141.1886,114.8880,236.6745,35.3714
172.1798,434.8053,308.6320,169.9540,190.2121,236.0993,-50.8437,226.2911,136.9330,193.7547,273.8067,39.1423,224.3354,75.1284,-46.5740,185.1269,187.6180,242.1942,81.7163
296.3755,487.1402,368.5287,193.1552,165.4947,151.3208,-43.5199,235.7486,63.6971,124.5701,298.1417,118.1171,179.5003,103.2877,-8.8845,158.2411,222.2128,204.8374,77.8714
359.2807,537.5109,392.4178,233.3113,89.8121,81.1848,-29.8232,250.3866,-4.4773,125.8993,274.0356,182.9738,127.0172,145.3378,50.9462,110.8720,221.0578,166.3570,53.8997
359.0454,549.2089,340.8163,229.5687,-28.5652,54.6657,-42.9842,266.6297,17.9120,228.7086,190.1769,190.3996,78.7037,195.3092,38.8821,130.6596,190.9663,78.4908,53.5870
308.6507,503.9890,212.5703,152.4170,-123.1830,-19.7765,-34.5646,255.3476,176.9895,295.8912,117.0672,190.8733,54.0372,190.9402,18.5252,192.8689,122.0039,-71.2822,34.8082
217.6213,447.6756,90.2908,69.5270,-121.1276,-137.0445,-5.4884,198.0698,317.6090,221.1071,134.9901,179.7371,90.1362,114.1177,17.7950,190.6825,44.9696,-153.0805,-40.9153
174.4093,452.3102,73.7790,31.7432,-29.7661,-158.7168,-4.0791,139.8423,275.9861,109.3893,204.6136,139.1753,183.5936,79.0525,-4.4637,139.5961,13.9061,-89.2682,-85.0285
241.1336,508.0421,116.1089,7.9614,87.2539,-46.0794,13.9381,147.5767,175.0529,143.2274,221.8294,123.9438,266.8803,159.6652,-3.2862,154.6935,17.4076,5.2118,-21.1524
322.4681,547.8350,113.3979,-16.9634,194.1198,101.2163,102.0787,212.2041,185.9550,303.2736,181.7627,161.9517,290.2313,253.5766,33.5810,223.5469,10.8265,22.6041,65.4966
326.4719,556.7342,95.4740,-4.6853,272.8492,208.5869,188.8577,261.3485,231.4176,378.9691,153.9330,197.5428,274.2465,251.1333,27.1864,231.3678,9.1141,2.5801,77.5028
318.2850,562.4214,120.9320,40.1570,282.5697,253.0056,194.2423,248.4543,194.1088,278.8628,147.5239,199.0474,248.9426,183.8160,12.0372,175.3755,50.2162,-11.4074,54.3945
360.1689,569.3244,151.3958,61.8659,217.9663,225.4872,154.6788,196.3098,141.2684,157.6094,131.1209,194.6015,218.8836,133.7292,75.6639,146.5807,114.5355,-32.2613,63.7594
390.4927,568.6278,164.7243,56.8838,153.2102,167.1326,149.0598,185.3869,188.3898,164.5418,109.4005,184.6306,203.1870,132.8753,159.7958,167.1025,150.8136,-30.2970,103.8181
375.8401,558.7623,184.3129,63.1638,145.3883,138.6989,190.8943,269.9133,319.7465,249.4000,94.2187,126.6934,217.2885,162.0456,204.1686,196.3328,147.4146,22.5329,167.2948
381.7273,533.6216,200.4885,69.9982,152.8227,142.9594,225.1788,387.5298,419.9417,316.6670,87.2133,23.3996,227.4607,177.4365,247.5181,219.9891,148.7710,62.5945,260.2355
424.5710,502.4009,221.0264,60.5900,103.5005,133.4857,208.6413,429.8798,430.2911,362.2669,106.6933,-42.4629,201.0651,159.9516,259.4966,237.7280,197.3735,24.2111,332.1736
439.7878,507.7732,263.1101,80.6708,-15.0060,50.5489,150.7043,374.5960,379.5647,355.5189,150.5872,-3.6149,157.2845,130.9205,190.8657,218.5452,264.0936,-78.3238,296.6039
419.6839,566.9094,269.4497,150.4758,-141.8537,-127.6498,67.8317,261.4556,268.3484,236.0668,176.8026,90.9128,131.9596,105.5502,129.1899,136.7383,287.5773,-189.2284,155.8127
415.6237,620.3808,224.8850,202.8133,-174.1207,-307.3588,2.5917,125.5162,123.6936,93.1634,170.3277,138.7397,154.5613,92.8415,137.9959,40.5329,272.5729,-232.8084,29.4016
419.6390,607.8083,218.8567,190.8211,-62.6914,-356.8231,45.9548,16.7331,95.3102,65.9961,160.5426,124.4980,237.4071,118.2064,152.3180,11.2695,260.2661,-172.0192,4.4068
395.1974,562.2263,246.1540,144.4959,101.5730,-281.0323,172.1946,-18.4390,204.9542,90.6319,161.5608,112.2589,328.5855,175.2818,149.5372,33.3637,240.5115,-89.8827,32.7913
375.5958,549.1230,207.9524,97.5703,188.4723,-164.7889,214.5074,18.6125,232.2072,43.3421,155.3149,134.7514,352.4422,215.6463,155.6073,18.6741,198.4966,-68.8033,50.6961
397.0570,561.2872,138.8063,76.4358,194.7193,-8.6725,168.6611,109.7101,126.2131,-7.5014,129.1806,168.3128,322.8743,217.2960,141.9311,-21.4718,179.4477,-47.3063,88.7211
417.7582,568.0654,146.3517,119.9824,206.5113,194.6967,209.6865,223.3363,109.7681,27.4184,112.6466,177.6444,308.5614,193.1153,128.3322,-5.5433,222.1871,42.8429,177.8701
424.8299,597.5594,231.7257,215.1754,263.1164,355.2109,336.2410,299.2716,224.3475,72.3218,162.5228,156.1586,317.6590,163.9378,190.7119,33.0166,305.1021,152.4499,275.5331
496.5704,670.9374,351.1699,294.3670,333.8567,410.2135,394.8377,327.9741,292.3236,72.3573,264.2744,146.8808,321.4305,163.5464,277.9514,13.7282,378.1039,232.4928,336.0692
635.1155,734.9899,449.9017,326.6745,345.8614,392.6945,374.5611,352.7554,290.0182,86.7696,301.4058,183.6524,306.2131,193.7670,272.9648,-16.5138,391.2576,269.9445,345.3420
696.5747,737.5708,436.8614,319.8524,245.1797,320.3965,336.4866,344.5633,297.5769,109.2444,222.4415,223.5981,245.9553,195.3774,198.6541,-9.2787,349.3386,220.6853,311.3142
613.4484,697.6149,340.0059,285.0303,98.3044,195.3095,279.2171,242.0274,280.7216,44.0421,136.2534,221.5619,139.6121,136.2443,146.3708,-55.6995,340.0749,101.8943,269.7706
512.2126,665.8669,303.9667,269.7758,10.0825,68.9196,225.2732,88.6800,191.4372,-132.3716,129.0735,204.0687,55.9043,49.0747,116.0776,-188.8083,395.5267,14.1932,212.4355
499.5384,670.0536,325.6624,309.7572,-59.6241,-42.3516,168.2941,-38.4068,55.9485,-310.7026,138.8669,193.1976,32.5602,-34.3542,61.3803,-265.3878,412.6030,-37.9110,72.7597
520.7799,700.3061,301.5005,342.6027,-175.1224,-185.2546,48.3556,-132.0947,-55.2213,-341.1525,113.7505,172.0757,26.7654,-83.7014,-17.6196,-218.0174,352.6082,-127.3193,-108.3072
520.4243,722.3019,281.6697,309.6929,-232.9484,-336.5301,-52.0237,-198.8431,-40.1891,-236.5904,114.6915,141.1950,24.6101,-69.6883,-68.7744,-182.1169,336.3885,-222.7214,-190.4704
532.8334,700.3376,332.5591,254.8172,-166.0571,-409.4246,-32.8609,-242.9237,67.0118,-213.7053,167.8068,97.4727,50.2723,-27.4613,-46.1757,-244.3579,397.9724,-253.6589,-175.2938
539.5222,607.4774,342.4122,199.6624,-106.3142,-384.2913,-29.4890,-272.3901,53.3889,-328.4758,187.0760,44.4671,77.4302,6.7197,6.2173,-290.8606,392.7697,-231.4632,-163.8331
458.6228,457.4867,235.0961,93.4961,-100.6886,-276.5167,-106.4138,-225.7022,-116.2728,-322.0980,126.0084,61.9235,83.5749,75.2342,4.5444,-206.8334,260.6208,-163.5021,-117.6990
321.3691,335.4070,105.9753,-40.2489,-10.8054,-76.8850,-63.0858,-61.3788,-226.2809,-116.5379,60.5617,173.5118,111.7310,164.3210,-21.4500,-60.3362,115.6506,-40.1357,30.6370
239.9433,304.2052,21.6236,-109.9001,166.1037,158.5936,113.6758,99.0560,-207.3276,2.7527,53.0859,228.7224,178.6640,171.7195,20.5523,2.7078,30.2663,76.9904,188.6105
207.1129,303.8009,-45.1280,-113.7620,274.4563,308.0059,197.4533,157.6034,-161.3956,-46.9777,55.8675,147.8463,240.6522,121.0074,107.6638,-42.4505,-32.8374,128.7304,264.7957
141.8334,263.4799,-99.5347,-124.2400,292.5925,322.7565,211.4342,199.4623,-81.8275,-15.3594,10.6675,59.9456,265.0187,124.8701,152.3869,-90.3296,-94.1445,116.3798,287.9276
72.6292,221.1424,-139.5599,-174.1398,288.7897,243.8153,301.8376,262.8748,40.1558,148.8976,-55.8660,21.5186,234.0625,134.9917,149.8218,-64.7859,-144.8169,25.1574,275.3160
73.4058,215.4005,-183.6275,-252.9176,236.3556,131.9038,343.3591,259.7167,92.1137,270.2344,-84.6697,-54.3090,153.4851,60.1707,142.1184,2.0289,-203.6004,-118.2067,221.9371
108.9968,216.8962,-212.2507,-323.6657,123.9215,59.2804,238.5511,211.6938,56.8843,316.5443,-62.5071,-132.5170,92.7804,-5.1671,147.0582,47.2992,-277.5779,-198.6296,161.3049
99.3643,218.5311,-211.0793,-336.7351,19.4277,50.2219,159.6163,199.5130,32.4140,308.3545,-34.1419,-111.5272,88.3828,21.8769,165.2603,41.7302,-328.0886,-217.7737,88.9550
39.7704,220.0159,-226.6973,-298.9992,-63.1073,23.3492,173.5967,158.2711,36.0299,206.4136,-55.9398,-56.2525,75.4750,41.8824,173.1024,-8.0905,-312.8127,-313.0557,-12.2386
-14.0955,190.4686,-262.5493,-256.7768,-131.2911,-75.6978,157.5009,38.6386,35.3849,104.6858,-102.6370,-48.6659,41.1193,8.7358,157.2631,-41.8110,-222.7960,-451.9078,-89.0437
1.5005,174.6644,-236.7014,-192.8334,-137.1637,-170.5057,102.8813,-65.1602,12.1292,94.2743,-76.4921,-17.2022,62.0093,13.4959,156.4147,-2.7985,-91.4036,-446.5613,-147.3202
104.0618,248.3502,-125.8756,-65.5714,-93.9065,-191.2224,60.2470,-120.9890,-70.8309,56.3664,20.9864,83.7810,120.8181,57.0689,165.2577,37.1467,29.8269,-293.5385,-269.9001
212.9793,345.3002,-16.4756,82.5619,-69.8320,-167.9733,-3.0644,-177.9258,-183.3807,-47.1664,68.4308,179.0620,133.9896,63.0662,108.6344,-31.6503,121.3625,-145.5690,-391.4964
226.9228,374.9482,25.6292,179.5162,-36.3744,-129.0940,-58.1530,-196.0504,-239.2177,-88.6308,36.4836,218.4127,128.6205,64.0078,9.7671,-134.2279,185.4084,-39.9458,-371.3387
161.0488,387.0689,17.1851,218.1710,43.4136,-64.7892,-38.7292,-147.9041,-249.9123,-106.0069,11.0718,216.2826,146.9761,103.1883,-12.4516,-110.4056,202.9074,51.5850,-268.2073
116.4243,403.6951,-12.7589,213.6458,82.1515,3.3619,-2.3684,-118.0210,-242.6035,-175.9755,6.3798,189.3887,123.0838,98.0010,46.3047,11.0789,167.2200,83.1500,-218.1564
143.6948,347.4091,-58.8724,157.7061,20.7854,38.0328,-17.9815,-131.3366,-180.0055,-160.9389,-12.0427,153.9784,34.3578,7.2051,82.4962,87.7568,110.5951,44.8234,-210.7093
206.2385,245.0197,-112.8248,69.5438,-70.6714,44.7889,-66.2219,-124.7212,-131.6073,-52.3638,-14.3929,124.7392,-41.3485,-41.0043,56.3061,85.3536,53.0925,19.6357,-210.4145
233.8534,191.7849,-157.4911,15.6900,-128.3708,61.8580,-124.4362,-87.8448,-172.6189,-43.2462,-2.3080,123.8642,-79.0890,64.7663,7.2755,22.4479,12.8128,49.6265,-217.2726
192.4321,164.4389,-172.5563,37.6650,-130.7720,116.6989,-130.4643,-21.9532,-150.0569,-53.5622,-30.2842,184.4292,-95.8436,240.8763,-1.2905,-87.9484,40.3178,96.8582,-153.2148
123.7782,123.8954,-145.2880,94.5482,-60.3792,183.8000,-6.9064,86.2269,7.7112,95.2386,-67.2166,266.6079,-68.8056,315.8467,55.9489,-142.1445,116.6457,116.9598,-1.5126
82.8011,107.4973,-107.8179,112.8388,9.8252,196.5971,129.9044,161.3022,79.3466,208.0317,-59.5424,270.8518,-22.8865,250.8726,83.8888,-67.1858,122.3887,85.0515,77.3639
57.1746,103.2125,-110.8229,77.9569,-28.2761,145.4563,106.9381,148.5921,32.3637,144.0970,-41.6441,204.4927,-9.3454,172.3126,13.5334,12.7264,29.3146,17.3937,24.4090
19.3935,80.8828,-129.5116,26.1591,-99.4307,99.7735,33.4434,148.1544,105.2025,162.4499,-9.5711,164.2010,37.7360,174.8997,-7.0733,1.2419,-51.4350,-21.7540,-6.6155
-7.1773,82.7019,-98.0922,-25.3298,-32.2911,92.4263,93.9718,211.1889,221.2740,314.9211,90.2183,159.8755,179.2503,192.4262,118.9792,-0.2458,-73.0342,3.6422,46.1580
-15.4326,88.5630,-38.9515,-63.2389,149.3627,92.3791,185.2807,232.9273,112.8940,313.3593,188.8136,143.9862,305.3448,145.6345,196.9311,45.7114,-84.9389,70.7720,81.8736
-56.6788,11.7158,-18.1791,-50.7857,285.6505,100.2883,162.7896,192.2188,-53.0392,184.9859,193.8510,122.0323,325.7686,95.9071,130.9094,30.6526,-82.3829,157.6500,83.7886
-139.4059,-103.7321,-22.2099,2.1448,345.9099,143.6168,138.0723,188.5643,4.9736,180.5596,170.8108,98.9311,323.0426,121.0936,131.7706,-22.8994,-44.7376,246.8634,122.2947
-184.1588,-152.4809,-22.7541,27.5225,397.8004,203.9289,211.6264,223.8622,92.4766,237.6190,184.2547,54.3879,348.1432,159.4017,238.9075,12.2754,-35.2418,306.6366,187.6974
-153.1357,-154.2981,-52.9226,5.8216,427.9671,248.9621,276.4306,242.4648,-7.8061,254.2134,175.4291,3.6882,322.7408,108.0495,226.7316,98.8170,-94.9680,337.4230,232.8445
-127.1377,-163.3474,-112.6361,-25.1031,386.2369,271.9322,273.4727,271.0625,-53.6214,344.7508,128.5678,-38.1772,228.8445,-20.8361,116.2431,112.1418,-161.4912,360.2697,258.4980
-164.8102,-171.3834,-150.2476,-52.1804,303.2415,248.0875,279.5122,303.6421,127.3644,422.3301,96.5434,-83.9990,142.4842,-125.2333,118.7272,47.5167,-170.3047,348.4203,263.4976
-189.9574,-177.6049,-161.4784,-68.2413,232.1747,148.3595,290.1457,257.8141,274.2373,275.8142,69.7680,-114.3956,74.9388,-130.0256,166.6425,-32.0614,-122.0276,271.0103,235.3710
-142.0396,-190.8730,-160.6766,-52.4781,154.7370,10.0537,227.9709,147.4577,221.3317,85.9116,31.5758,-109.1954,-15.5423,-65.6261,104.2322,-77.0852,-59.1907,155.0473,191.2867
-105.0522,-220.5655,-130.7733,-37.7337,27.6357,-102.2535,122.0361,68.4392,165.9348,122.9881,23.1139,-101.5379,-103.7031,-42.2894,40.7582,-56.8439,-37.8343,27.4205,148.3463
-138.0416,-300.3341,-94.4601,-66.0886,-130.2053,-184.8007,61.2988,34.8575,234.6622,246.4846,45.5671,-104.8835,-131.6604,-99.5787,77.0938,-17.1754,-66.7234,-100.7177,105.7397
-163.3081,-383.2980,-86.2855,-85.9869,-238.8936,-256.5004,63.7003,20.6171,310.0065,257.9351,56.6738,-93.1887,-97.2956,-143.6251,106.1267,-35.0232,-89.9973,-173.0165,73.7055
-151.9637,-349.7865,-53.0504,-46.0730,-220.3335,-287.3748,93.9930,38.7909,309.6147,225.4195,60.9151,-81.1528,-29.1971,-118.9086,86.8127,-79.1661,-78.9942,-146.3824,48.1382
-172.6742,-235.6670,45.7564,1.1473,-72.8267,-260.8057,103.9112,58.0790,247.3376,190.4366,79.0983,-96.7110,55.4382,-95.5302,84.1499,-66.6744,-61.2820,-69.5601,-10.0179
-199.4547,-188.3685,135.7337,25.7198,98.8002,-237.3698,58.1696,15.6711,119.7533,104.5897,105.5376,-110.1741,133.7322,-93.3463,74.0429,-9.6565,-45.1057,9.4051,-101.5208
-157.8619,-203.3949,169.9173,88.6275,189.4516,-257.6129,1.8451,-55.3113,-21.5991,32.5360,144.3589,-82.6080,185.9173,-38.5278,40.1045,18.8616,-8.3487,110.8578,-162.1270
-110.2250,-203.7727,207.7139,192.1371,226.2664,-268.8619,11.7920,-87.3425,-78.4292,19.2846,193.9151,-26.7303,220.0573,43.8729,47.1558,4.2777,63.5691,228.9193,-160.9584
-126.0126,-217.1077,268.9944,253.6637,281.8112,-234.4892,58.5979,-103.2814,-82.6141,0.6033,214.9876,5.3148,230.4836,49.1572,62.0126,22.2206,167.8234,306.9290,-137.4719
-136.9570,-249.5762,290.3374,257.3673,302.2467,-198.8426,62.4112,-131.9078,-121.0765,-11.4606,182.1156,-31.6794,180.2177,-3.7629,3.2952,122.3612,256.3982,340.5660,-115.0287
-107.7378,-243.6044,254.9222,255.0634,197.8587,-189.8128,41.0282,-135.0115,-139.2256,16.8104,126.3479,-111.3540,80.8786,-31.7364,-58.4460,181.2233,266.8221,381.3540,-83.6485
-102.6932,-224.5508,222.5293,253.3222,30.5691,-197.9695,42.2204,-117.0321,-75.3001,9.5094,96.7635,-157.4713,-5.8095,-54.3943,-39.1751,75.1298,225.7168,429.9703,-69.7214
-123.7588,-243.0240,223.3661,230.5366,-82.9167,-250.3143,24.0965,-139.7794,-19.4930,-41.0430,92.4571,-165.4760,-87.5832,-109.2577,-16.8708,-24.8769,201.2577,411.9977,-107.3077
-130.6098,-275.7343,208.1894,185.7124,-154.6378,-358.8121,-61.8315,-199.7542,-43.3914,-47.0014,58.4540,-189.1485,-220.6140,-155.7576,-62.7436,67.7225,169.1042,275.8354,-166.1085
-149.0259,-315.2407,127.6945,105.7020,-259.2651,-454.6344,-180.7178,-253.6457,-104.5176,-48.1747,-15.3871,-215.3909,-367.3111,-169.4752,-115.6907,137.3053,77.6849,79.2097,-212.0883
-187.7287,-365.9322,21.8452,-13.5659,-405.5190,-476.5144,-282.6703,-308.7128,-169.4660,-123.3452,-53.7307,-208.7118,-445.3096,-166.0174,-126.7770,-27.6626,-33.8259,-60.6939,-260.3368
-204.1969,-384.7310,-24.6133,-110.3698,-536.3391,-422.1494,-348.9608,-346.5011,-195.4327,-193.0304,-25.7996,-208.5341,-459.2259,-138.8346,-134.9854,-172.8667,-99.3279,-90.8022,-280.8685
-205.2650,-384.3351,4.8176,-124.3312,-541.0201,-299.8526,-345.8490,-284.3159,-131.8776,-180.5114,-6.1758,-239.7566,-426.5049,-107.0237,-174.3428,-89.4539,-97.1005,-37.6838,-193.0815
-218.3046,-417.7636,55.2719,-79.9308,-322.9946,-149.1391,-227.3370,-120.9961,-95.3688,-142.8647,-38.4698,-242.6515,-305.2049,-114.5167,-214.4500,-16.5434,-33.8974,58.7861,-22.7081
-225.5083,-432.0938,75.3162,-24.6086,44.1189,-36.0437,-12.9084,29.4736,-218.4833,-126.6071,-75.8427,-174.6126,-116.4213,-115.5194,-198.1824,-96.8502,43.1146,149.6883,102.5213
-222.8115,-370.9496,52.9549,39.1352,362.2907,41.0218,176.5779,96.6309,-325.2896,-119.0193,-78.6456,-71.5251,33.5245,-35.6909,-128.8811,-137.0467,82.3889,189.7351,142.3365
-216.0076,-303.2567,28.4579,98.8447,548.0563,107.3441,226.2760,106.3589,-194.0340,-101.7262,-51.1970,-3.4008,107.1393,64.6090,-75.9179,-99.6108,102.7426,199.3107,166.2493
-179.3961,-281.1357,51.1683,108.3705,651.3608,119.6821,183.6327,94.8560,20.0122,-49.2162,-16.0021,-21.0405,148.5161,74.5812,-47.7529,-121.0185,128.1761,224.0905,203.1572
-148.3692,-276.9271,88.9507,76.0525,688.7280,79.7330,193.0728,79.1569,45.2356,-11.2856,-3.2579,-89.9271,173.1927,7.2297,9.1076,-135.7137,131.8307,257.6213,215.1129
-218.1452,-290.5261,77.3029,68.9762,648.1644,79.2262,260.5167,65.9059,-85.1975,-97.4385,-10.8043,-109.8486,169.7496,-58.8614,49.7383,-55.2023,121.8004,284.0762,194.9489
-362.6114,-329.5283,31.7114,75.1386,561.8289,104.2777,264.8652,43.3342,-144.4496,-210.0995,-15.6328,-70.9778,131.5487,-101.8601,2.6729,6.9658,112.2318,283.5962,182.7243
-444.5627,-375.4541,-28.2490,-6.7271,440.2462,37.7452,190.6694,10.0055,-11.7724,-84.3577,-45.7390,-73.2343,38.1084,-123.9325,-34.1864,13.6866,32.2528,181.0736,182.4828
-433.0385,-429.9071,-146.5545,-174.3500,254.0911,-94.9621,119.1650,-15.9141,173.9284,243.3104,-128.3029,-141.6641,-104.4362,-108.5756,31.6813,52.9917,-131.7034,-21.5854,122.9756
-423.9858,-461.8729,-294.3274,-277.4242,30.3859,-149.2762,42.9611,-45.3525,112.4744,376.5689,-214.4697,-185.1064,-231.0078,-69.3663,72.6487,59.4939,-244.2146,-153.8170,-41.8777
-458.9197,-427.6778,-362.4282,-247.9633,-152.2887,-100.6980,-87.8753,-106.1289,-206.0800,92.4595,-267.0989,-160.3441,-299.5225,-64.9298,-3.8135,-60.5373,-240.9802,-131.5802,-227.3252
-477.7422,-409.5780,-345.0800,-205.7951,-256.5776,-44.8012,-236.2325,-180.2913,-390.0177,-380.1690,-300.3553,-136.2701,-341.3520,-128.1864,-75.0861,-185.8143,-220.5764,-102.3574,-317.6797
-446.2802,-485.5428,-314.7085,-252.7354,-292.4104,-33.4594,-346.3449,-214.3158,-296.5916,-662.9703,-292.9182,-182.8621,-390.7317,-209.5923,-94.9307,-187.6171,-241.9801,-153.3957,-318.7501
-417.1888,-543.4691,-276.2082,-327.2389,-271.0435,-33.5771,-409.7037,-164.9354,-239.2853,-599.5186,-231.0152,-260.7480,-429.2533,-223.9901,-172.6796,-115.1894,-263.5204,-160.4401,-288.8401
-428.0679,-490.4399,-222.4364,-327.0153,-201.6709,12.6925,-419.5104,-32.4753,-304.5544,-324.0576,-177.3681,-251.5047,-420.0977,-159.2312,-271.8948,-40.4759,-253.9017,-55.2622,-234.9450
-427.9219,-412.4374,-183.9244,-239.5608,-108.5524,107.4399,-394.6100,98.1277,-248.3984,-81.1672,-159.2111,-129.9498,-363.5591,-97.7069,-252.8557,8.8885,-198.0826,48.9903,-188.1503
-377.0444,-369.9745,-153.6566,-122.2314,-32.3470,173.8347,-395.6766,113.6631,-103.6134,-0.3189,-137.8085,-28.9652,-300.9296,-109.7312,-169.7956,-2.2846,-94.9414,69.8559,-206.9575
-321.4931,-343.3955,-125.9645,-37.1795,2.8039,169.0201,-419.5489,24.2186,-72.0960,-17.3848,-125.4597,-28.0043,-262.6586,-171.4939,-158.9239,-44.3883,-2.4594,65.8003,-248.9585
-298.7215,-353.6071,-137.2712,-1.2275,25.2534,156.9095,-388.6101,-49.2777,-67.9380,5.9768,-144.0838,-21.7202,-240.5305,-212.7125,-187.4276,-39.6106,27.3485,106.8824,-230.4626
-296.4046,-373.3441,-161.6932,16.1271,72.0061,186.4751,-281.0609,-49.9804,10.4512,100.8954,-146.9316,65.9644,-216.0668,-207.1078,-167.5757,-4.3564,8.0246,168.9617,-172.9854
-322.6476,-317.5067,-146.3539,25.6163,109.9352,205.2418,-162.7950,-14.0669,51.8807,171.3844,-128.2081,140.9057,-179.3331,-187.2580,-120.6411,7.9833,-47.7076,183.1178,-133.1905
-374.6197,-241.0447,-145.1643,7.8024,61.1696,166.4652,-117.2281,30.8431,49.2447,167.3778,-147.2315,129.8494,-144.3643,-185.8613,-100.9450,29.8960,-135.8832,140.9879,-122.5461
-393.9984,-262.3438,-197.9939,-12.3952,-83.8801,113.1137,-181.0764,62.5178,77.9306,149.5608,-191.2864,85.0606,-159.8895,-200.3284,-109.1556,77.9132,-201.9458,98.7564,-162.4393
-364.0974,-342.2278,-205.8378,2.6200,-218.0055,101.4474,-273.1160,37.4140,66.8452,135.5280,-196.6579,37.8016,-227.1872,-225.7577,-106.5551,87.1286,-196.5028,83.9422,-231.2541
-331.9574,-393.4387,-120.5804,-0.1118,-217.5989,119.6394,-253.8010,-34.7807,12.7846,76.4158,-162.1105,-36.0779,-248.3984,-269.9148,-67.1603,50.9885,-155.1422,75.5032,-213.2951
-305.2134,-441.6085,-53.8342,-89.7217,-93.4635,133.5792,-132.4939,-75.4585,37.3575,6.6252,-115.9693,-111.8528,-173.2806,-313.6378,-24.6035,33.8500,-145.5408,69.4190,-79.9324
-272.7542,-526.1584,-76.8964,-204.1199,23.6531,161.3881,-45.6818,-43.0645,93.1130,-6.2086,-77.1663,-147.0447,-89.1597,-323.3283,-16.1289,26.2397,-175.0083,87.0884,40.7456
-258.6185,-602.3460,-117.5121,-218.3899,65.2853,221.2118,-11.8738,17.1773,60.7437,4.3072,-73.9900,-149.7760,-60.0520,-310.9814,-17.9067,-20.4980,-182.6457,136.7844,82.0224
-242.3388,-584.0488,-92.1650,-115.7070,83.6909,255.3241,42.2791,39.0263,-19.7142,-0.4856,-90.4852,-124.7261,-46.2309,-316.8903,-26.9216,-73.0537,-120.0882,200.3869,100.9089
-172.9743,-450.8958,-3.3391,11.0385,118.2333,221.3971,76.2058,6.3047,-94.6735,-0.0865,-65.3200,-69.8221,-31.1554,-358.9771,-64.0830,-91.1150,-23.2912,236.5206,115.6100
-94.3886,-331.5872,79.3092,77.1299,142.6154,174.6821,20.8630,-40.9410,-139.5766,-19.6222,-9.1247,-40.0263,-42.1676,-437.0472,-59.2941,-109.2113,41.9069,221.2543,104.0897
-83.2178,-353.3978,94.9511,70.9403,135.6642,152.0085,-64.9866,-56.4194,-80.7627,-77.5545,3.8843,-69.5316,-75.6411,-519.6172,12.5325,-130.7839,70.8985,188.0609,96.2844
-114.0082,-424.4718,75.0822,42.6717,100.5566,127.7449,-103.6513,-31.6855,21.9992,-90.8396,-27.0369,-86.5409,-123.4790,-539.9813,-3.9434,-90.0275,91.0585,173.5263,125.3146
-120.2433,-402.4507,105.6749,41.8067,63.7292,120.3863,-77.3029,13.1615,20.6037,-21.8979,-28.7125,-46.5872,-169.6574,-499.3970,-133.4861,9.4745,104.3951,163.8156,184.9868
-91.2412,-348.3263,192.3183,47.2594,66.2718,124.0418,23.1150,53.3384,-15.9322,45.9822,24.9181,-29.8852,-159.5091,-488.0827,-143.0070,67.1128,99.1967,129.7371,257.5780
-51.7981,-360.3940,247.5574,-10.0440,75.0829,37.2367,128.1110,72.5987,34.0104,60.7455,84.5329,-84.8132,-101.6738,-511.3408,2.6404,35.7548,55.9751,49.8052,307.0129
-32.5239,-399.6234,211.2169,-137.9655,7.8258,-99.5637,112.5679,83.3940,89.4099,42.4168,104.3768,-140.0676,-75.0389,-466.4478,53.6205,-14.1151,-28.5977,-66.1772,317.1230
-44.9383,-433.9247,114.2729,-250.3609,-86.5788,-68.4393,31.8443,110.2519,98.1854,21.7630,89.8665,-153.7782,-61.2503,-366.1568,-18.1664,-2.7110,-95.6321,-142.0350,339.5657
-62.8215,-466.3145,32.6519,-278.1313,-81.5830,122.2332,67.6575,139.6926,126.0728,44.9424,59.8831,-165.8303,8.1863,-345.1577,-5.4627,49.0390,-98.0845,-140.5105,393.4558
-75.0756,-432.4029,9.6861,-253.6318,-5.3334,201.9268,212.5393,141.4672,169.8442,109.9011,18.9030,-176.0253,76.0066,-397.0429,86.5210,53.7751,-81.5155,-137.8167,413.5958
-95.4751,-320.4508,31.1723,-231.4781,42.1826,107.1770,321.2826,125.1323,222.6278,132.6456,-3.9103,-145.7555,81.4958,-372.1203,113.9680,7.2760,-81.3208,-143.7530,385.1802
-99.5019,-241.8447,71.6166,-198.0757,90.9904,36.0327,360.2072,109.2938,255.2485,90.8554,30.8469,-93.5652,100.0386,-253.7999,100.5702,24.2253,-61.9951,-65.5527,355.2875
-71.2380,-241.6056,119.8266,-129.0412,170.2072,58.3759,344.6416,83.6223,111.5005,49.7743,94.4885,-53.0435,161.2072,-174.8749,98.7480,134.5744,-17.6048,46.0340,306.0533
-55.2020,-240.9784,155.1145,-47.3941,194.2843,78.4192,266.8030,53.2533,-125.9286,32.4183,129.7908,-6.2078,169.9139,-164.0029,63.6344,167.7809,35.4894,63.5481,221.4443
-41.3533,-191.0828,165.4199,34.7422,147.4174,71.4974,201.3970,39.8551,-120.0650,21.2395,144.7424,58.3560,104.2137,-117.4893,15.6043,14.5323,118.7573,54.9012,172.9527
48.2596,-127.0491,174.2008,122.8920,109.0936,69.6781,189.2493,14.2348,7.4891,-26.4496,162.6537,108.0837,38.7155,-19.4637,9.4281,-140.9863,198.2249,95.9851,158.8523
183.9499,-102.2326,187.8093,166.4785,64.8426,42.9553,103.1997,-81.5539,-143.5307,-181.6503,163.3810,119.9124,-11.8772,16.9784,-7.8223,-91.6664,190.5531,60.3437,64.0942
245.9135,-116.4535,167.6134,109.3855,-40.8787,-54.0114,-94.1861,-246.0026,-361.7127,-361.1464,142.8185,106.5319,-77.2057,-54.4763,-73.2304,37.7074,124.6422,-79.2261,-104.1491
215.0715,-107.5598,98.2842,0.1092,-161.2058,-188.2464,-228.0624,-411.7403,-261.7859,-351.0695,116.7238,93.6223,-150.7626,-133.4501,-112.0767,4.6642,81.2505,-177.1139,-198.7764
155.6363,-67.5915,11.0055,-72.9295,-256.3943,-252.3006,-233.4153,-500.3332,-102.6053,-184.3405,69.9236,92.5058,-224.2859,-117.7491,-86.3471,-126.1423,31.1490,-292.0146,-180.1055
94.1065,-78.4743,-70.9212,-109.3510,-361.0862,-186.9986,-234.8819,-475.1728,-119.6134,-86.0989,5.4242,86.1084,-294.2946,-19.0873,-60.2139,-133.6876,-65.7822,-579.6783,-126.3350
41.4230,-150.2138,-137.2693,-165.9258,-447.2309,-76.3996,-264.3551,-385.9471,-25.1571,-51.1058,-37.0114,62.6045,-331.2715,79.6127,-90.6967,-69.2711,-158.6633,-850.4341,-60.9358
4.2229,-192.6848,-172.4532,-247.7061,-439.6169,-18.9502,-265.4666,-326.9183,183.1503,27.1248,-65.2837,43.2778,-325.2256,105.1801,-157.4209,-104.4435,-215.5347,-787.3632,11.0437
-52.0011,-173.3936,-190.5330,-295.7949,-364.1737,7.0798,-267.5610,-323.1474,159.7529,60.7512,-114.9008,24.5228,-302.8968,39.5981,-183.8221,-131.9228,-247.2618,-451.8568,26.0829
-128.5794,-117.1971,-231.4689,-275.4291,-287.2321,20.4975,-274.0552,-328.2143,27.8955,18.5529,-161.6110,-36.6662,-262.1365,-58.4222,-125.7873,-1.6872,-239.1393,-159.9509,-25.6072
-157.0535,-37.3785,-285.2912,-232.8622,-194.5295,-30.3030,-209.1400,-327.3045,74.1719,23.1786,-168.0557,-117.8141,-177.8067,-96.3837,-45.0235,101.3099,-205.9935,-52.6002,-76.1842
-114.8584,16.1200,-296.8230,-211.6832,-80.0831,-113.8817,-121.7497,-344.2618,106.7222,38.0694,-147.4093,-130.4882,-85.6719,-39.6499,-22.5493,7.3155,-196.2995,-34.0958,-121.6832
-53.6971,11.5029,-268.9054,-170.7448,-24.5781,-138.3671,-148.6602,-371.8704,-24.6708,-24.4071,-123.3486,-71.9646,-68.3946,59.7636,-41.2170,-85.1938,-190.9181,5.8031,-198.0904
-5.0014,16.0371,-261.4502,-94.7023,-69.7914,-131.9853,-258.1813,-389.1407,-90.1741,-55.0511,-109.5678,-36.3701,-135.2492,113.0547,-49.1056,-43.9730,-152.1665,50.2893,-257.9844
22.8278,60.9634,-269.8707,-65.4985,-142.0506,-172.7569,-319.7104,-412.6746,-54.8766,-40.5816,-117.9211,-54.7577,-198.7491,65.3152,-56.7412,-76.4306,-114.6682,46.0446,-269.9582
14.1871,95.7731,-229.0411,-83.2751,-175.3436,-239.0090,-342.9507,-465.6705,-118.2065,-159.9357,-128.2578,-63.0213,-204.5343,-38.7999,-91.7305,-238.5754,-95.3164,50.5543,-318.7859
-6.0967,133.0437,-148.7818,-20.8680,-187.6819,-278.4752,-399.0055,-530.9115,-231.5145,-359.6371,-103.3020,-35.0225,-189.0740,-82.8940,-138.7971,-279.8984,-45.1464,141.7350,-429.6136
7.7975,186.2405,-107.1907,117.0113,-200.4726,-272.7842,-447.9808,-563.2939,-262.6403,-387.9157,-54.0450,-28.1087,-183.2511,-26.0949,-168.3416,-155.6685,29.1512,251.2666,-480.5046
41.5816,166.8344,-122.2481,162.5732,-212.8679,-207.8536,-439.8541,-525.1943,-278.2331,-250.9429,-34.1756,-71.6962,-186.7219,51.1493,-172.3198,-82.1799,46.5312,262.5489,-412.9473
56.4361,77.1017,-154.4109,81.0090,-255.1221,-113.1511,-421.1050,-417.9159,-274.4188,-150.9286,-68.8697,-100.1422,-227.5285,90.0400,-159.4170,-91.1796,-6.9892,179.5209,-307.1496
54.2552,66.5911,-178.8707,9.6162,-334.7729,-45.1929,-410.9554,-289.5495,-134.1251,-133.4219,-116.7700,-57.1005,-297.4353,118.4482,-139.6037,-61.2411,-44.3250,86.9548,-210.9335
40.8733,166.2532,-175.5522,10.7230,-376.4086,11.7004,-352.6653,-184.8698,28.2530,-107.6948,-122.5490,1.9670,-305.2407,154.0806,-119.7802,-16.3297,-18.7357,46.2731,-114.6858
13.0937,246.7921,-146.8791,25.6886,-327.5904,85.3878,-255.8594,-98.2597,5.1269,-32.8989,-109.3059,2.4347,-229.4288,178.4834,-100.2289,-3.5314,1.3206,49.9840,-40.9794
0.4079,238.8519,-141.9167,12.7216,-223.9641,126.8004,-187.3291,-10.4953,-67.8430,52.5331,-140.3596,-28.1702,-161.3031,189.5037,-68.2109,49.5888,-32.7087,36.6964,12.1043
27.1220,179.8834,-163.2469,-12.2695,-96.2000,111.5312,-119.5545,64.5581,80.9387,107.1461,-189.5371,-31.4431,-125.4638,182.2356,-24.0190,140.7552,-55.3373,-1.9245,84.2955
60.0017,131.6994,-166.4794,-15.4129,32.8606,85.6906,-5.8757,110.4068,324.5433,150.5715,-195.8578,-15.7807,-72.8858,148.8798,4.6003,162.2268,-40.1060,-2.7058,142.4463
59.6158,130.4005,-189.8704,2.0492,90.6136,62.9053,75.5374,139.9567,326.9226,189.9701,-200.4554,-4.6459,-29.8531,132.0468,26.1561,120.2380,-72.5168,31.2901,138.4877
28.1900,136.1705,-267.1445,-9.1346,62.9915,34.7755,67.8807,165.3322,141.2433,158.3473,-248.8638,6.0610,-35.0885,169.3573,76.7213,110.5421,-153.5897,44.1986,127.2740
-10.1162,102.5188,-289.4808,-53.0058,43.4799,25.1751,60.4647,176.0007,76.5338,80.6134,-275.0411,14.2726,-39.2283,217.1033,102.2858,130.2811,-174.6764,50.4946,154.3981
-18.3913,94.1889,-208.4290,-64.9056,62.8537,22.2350,100.5582,160.8135,139.7703,97.9107,-239.1961,23.2757,-21.0190,229.0772,36.5779,128.5830,-136.8297,62.9090,169.6055
22.2442,174.8814,-158.4199,-34.7911,56.2669,-8.8395,110.4578,126.5459,138.5863,181.6585,-204.9845,44.6277,-33.2910,223.4210,-18.7654,127.1720,-109.6623,45.2782,149.0474
61.1720,270.8512,-181.2596,-2.4780,16.8068,-23.9832,71.8476,95.8934,73.2780,153.4192,-201.3324,54.4031,-72.3998,220.8852,42.4976,134.4735,-54.2163,30.5956,120.3680
45.5307,290.0011,-169.2354,41.9882,-16.4505,30.3283,44.3238,84.6872,29.0993,25.2713,-199.5677,37.0256,-79.1063,226.4678,119.5314,87.6688,42.5778,54.2481,79.0712
15.9381,233.1015,-142.9707,78.9203,-44.0990,110.4591,25.2465,75.3085,35.6734,-48.1939,-206.8525,32.8060,-50.6319,252.6639,124.0652,-1.6939,69.8327,37.2311,36.7386
21.8223,142.4628,-195.5999,21.5726,-49.2174,156.8651,-5.8316,49.3878,141.0742,-45.9576,-229.9301,43.7439,-24.9538,275.6935,135.3744,-14.4041,-4.6424,-39.3420,36.9135
18.5408,63.7259,-263.9620,-114.3293,0.0615,166.5904,-13.8684,39.2297,248.0725,-21.4734,-236.2458,6.0950,-10.6215,253.8779,161.8886,69.3992,-112.3930,-67.7402,55.1995
-37.4340,8.9846,-275.8938,-219.3409,78.9212,145.7948,18.2249,79.5120,152.6451,20.4062,-215.8369,-76.6394,16.3731,212.7668,131.9886,124.1829,-243.7570,-32.2906,54.2895
-98.6035,-57.1808,-277.2917,-272.4854,175.1115,109.3908,80.4079,141.8607,0.1711,63.1220,-181.7098,-129.2733,81.3319,196.0281,117.6505,106.5030,-360.8465,5.9112,82.9041
-106.7644,-103.7386,-253.5713,-289.3722,309.2362,90.9908,175.3485,191.3259,90.5899,93.8946,-133.4174,-139.6543,162.7427,187.0390,177.5565,111.8974,-349.3918,75.5023,160.3795
-50.5119,-40.2820,-139.9356,-229.2013,419.7331,80.4944,266.0318,234.1015,258.5396,125.2322,-72.8599,-145.2295,199.8030,173.3720,193.9944,174.5071,-227.6811,180.7282,218.8572
65.4342,93.3805,11.3127,-118.3612,426.4778,43.4820,297.0456,255.8549,211.0838,120.2680,5.3665,-136.1633,186.2407,171.0911,143.6982,211.7474,-119.4697,233.5806,240.7877
208.7490,183.4736,132.2271,-39.9586,371.7647,10.4364,289.1618,231.7356,96.1170,67.9913,109.1578,-81.5658,177.9560,167.2481,155.7532,158.4492,-26.8049,225.1257,259.3268
317.0330,258.9062,235.6828,31.9102,319.5658,28.1632,284.0114,209.1665,81.1973,50.9914,198.7878,16.8882,190.7897,170.8367,209.5118,38.5076,87.7526,218.1024,250.4381
365.4718,385.0695,299.6986,148.0656,250.4564,49.8647,259.9430,233.1886,38.5864,70.8059,243.2083,129.4935,190.9665,226.5546,184.9116,-39.1851,165.0870,208.0258,188.0302
384.5995,483.3252,302.5218,245.5372,145.1809,-20.1201,188.4320,232.3720,-38.0079,34.1180,291.4630,203.3783,162.3191,284.3095,112.0580,23.7968,187.2482,163.2281,98.2159
404.9888,474.0591,318.1934,272.0993,11.5046,-190.0883,84.5087,135.2644,-46.5047,-21.6411,369.1172,206.5119,112.8120,255.4050,68.6657,139.7793,202.2945,85.6463,-3.2758
428.1581,405.1866,367.8616,255.0135,-133.5757,-348.8071,3.2614,21.3160,-69.1780,6.3351,419.4985,182.1629,76.8596,210.3403,59.2638,125.5273,179.4440,-6.7257,-87.9930
429.0252,330.1538,363.4270,189.2088,-211.5317,-373.1505,12.1149,13.4640,-115.5176,53.2797,419.9580,181.8430,109.1737,260.7693,94.7142,18.1774,83.8699,-68.1401,-91.5620
375.8181,247.7533,293.7457,69.3966,-158.3501,-245.2422,76.5062,104.5722,-80.4939,10.9425,397.0409,186.6544,198.7169,339.9224,145.0585,6.2584,-4.6691,-56.3790,-22.1296
275.3222,180.5788,228.1223,-27.4582,-35.2748,-44.1540,76.0394,206.3659,-67.3301,-45.4893,345.0680,170.0386,264.2797,352.4984,125.2361,84.8974,-22.8062,12.3217,54.9475
172.7555,167.7667,171.7945,-50.6276,93.0711,141.6034,42.9389,293.9925,-116.7465,24.7701,271.7264,150.4638,277.5047,343.9843,69.3175,118.4449,-16.7278,95.8249,146.3904
101.2402,189.9396,119.2156,-37.1401,233.9398,245.1015,123.7378,383.0763,-10.1562,197.2931,225.5846,138.8994,266.6876,341.5575,74.6701,99.0158,-24.0538,154.6344,258.7072
80.7364,196.4518,116.5053,-11.8230,330.1029,222.4522,255.9199,414.7756,187.1553,300.7016,210.3732,127.6258,228.1725,292.4663,106.4710,71.8088,-12.7960,159.3578,298.1027
128.2413,202.1850,161.3981,27.9549,297.0828,90.3065,250.0184,307.5961,165.4805,221.0508,198.3336,119.5720,161.3818,218.0506,106.7554,29.3528,37.1966,128.7574,210.3547
211.6643,256.0295,203.3494,58.6458,184.5670,-82.6366,127.3233,104.7663,36.0864,19.4068,196.4810,98.7763,96.6464,156.0119,102.5361,-7.7068,90.9013,89.1688,72.8273
262.9869,310.0224,242.1860,59.8024,72.0030,-244.0494,19.9701,-73.7629,65.3207,-163.1849,202.8806,34.2461,21.3397,43.2085,73.3043,-30.3764,114.3052,15.8389,-29.0317
273.0686,284.3984,295.9395,43.1816,-57.5288,-369.6783,-66.0355,-186.3636,110.4579,-250.6777,203.9925,-45.6709,-82.4974,-110.1593,-12.3620,-81.6706,133.7117,-89.8252,-69.5528
292.7878,247.2829,347.4755,46.7451,-200.1591,-436.7755,-147.7396,-241.2631,28.8437,-253.2188,230.4666,-63.3222,-158.6892,-155.3736,-74.6429,-124.1939,193.8849,-159.1690,-60.5407
339.9347,311.9360,386.6354,124.7544,-309.2784,-443.8509,-200.2641,-214.5108,-36.3167,-221.1768,284.1925,5.2610,-179.4100,-68.9160,-80.8771,-95.3830,268.6191,-158.0087,-66.1482
380.5252,435.2129,419.1718,277.1318,-402.4555,-412.4927,-254.5614,-127.3990,-78.9501,-191.5085,294.4949,96.3700,-205.0159,7.6398,-117.4919,-74.8682,299.6883,-119.2611,-137.8028
385.5989,514.8180,442.4798,415.8236,-481.1422,-354.3191,-317.6718,-77.6678,-174.7426,-152.8669,250.2996,128.2357,-244.7513,18.9480,-181.1493,-126.7561,308.4700,-78.7776,-217.8431
366.9276,525.4886,457.8776,463.8016,-479.7169,-302.4618,-322.0327,-114.0317,-175.4380,-109.7531,224.6742,77.9268,-232.2839,0.9465,-179.1169,-149.3638,351.7997,-66.3130,-235.8692
366.4212,470.7844,463.4571,411.6974,-427.2477,-323.2249,-283.1674,-201.9629,-62.1816,-120.0514,234.0528,-6.9913,-165.4843,-57.8573,-118.3315,-86.9555,403.4250,-102.8855,-231.4495
397.9573,391.7527,451.1558,296.2631,-418.4068,-392.9762,-276.5561,-299.2171,-69.6782,-173.8015,236.5103,-65.5280,-104.5487,-132.8951,-63.8427,-29.0741,402.7753,-151.3557,-264.0033
421.4965,358.2171,436.3757,208.9168,-407.1725,-372.1387,-278.8057,-355.6344,-161.8165,-171.1353,225.4909,-80.4174,-69.0236,-136.6915,-32.4420,-18.1389,364.7600,-140.5995,-307.8007
412.7117,335.7632,417.5338,200.7173,-305.7420,-221.5547,-257.7889,-328.7622,-91.0555,-96.0890,194.8245,-77.1191,-48.9770,-86.0568,-29.6898,-6.7205,324.8149,-69.1225,-316.1611
376.0595,256.2767,336.8744,166.2053,-180.5049,-86.8531,-265.6892,-270.8918,40.7857,-39.8418,113.7882,-89.3569,-47.1112,-68.9097,-43.1443,25.8348,249.6522,-10.7634,-291.9932
277.4457,172.6005,181.2164,26.7145,-105.0026,-62.5759,-285.4243,-266.6547,-7.4230,-42.1589,10.8866,-125.9790,-48.4366,-70.9109,-22.2610,67.2283,112.0370,0.8638,-250.6786
117.4893,118.9551,33.7967,-98.6603,-17.7003,-69.8159,-199.1577,-273.4753,-87.0370,-54.0742,-43.8689,-162.0169,-4.9912,-43.9193,40.5651,105.1472,-26.2318,7.7121,-176.2162
10.7907,33.0370,-46.2310,-119.0733,120.6396,-29.9056,7.8070,-186.3239,34.3878,-18.9942,-50.2573,-175.2983,105.5411,-16.7095,100.5593,129.9689,-95.0155,45.9495,-48.8894
-3.5595,-74.1256,-75.1081,-102.4160,264.4703,40.6343,193.3223,-33.5117,171.3371,54.0233,-55.1396,-168.9217,209.1770,-2.4912,130.6940,138.7789,-91.3756,106.1624,101.1192
-65.0728,-172.5664,-74.8785,-54.2087,406.6443,106.5277,239.1815,52.9046,60.2650,68.9609,-66.3253,-127.8041,185.7685,22.2806,111.5610,95.2799,-20.3076,135.1015,208.2139
-219.3000,-324.4822,-73.5740,80.7907,543.2264,142.9673,179.7731,28.9621,-139.4228,-32.0933,-86.1786,-20.0660,40.0091,19.2236,27.5096,-43.7117,117.2699,75.7591,245.7006
-315.2765,-476.3600,-120.1460,194.9326,589.2184,151.0937,131.8224,-20.1438,-156.6843,-154.4951,-152.0857,107.6792,-74.0580,-40.5633,-73.9694,-196.1698,227.4900,-27.8197,241.8287
-310.6779,-472.6911,-212.2680,147.2380,504.9275,180.3976,147.0477,-8.6984,-79.7275,-188.6493,-249.9244,140.1741,-59.3953,-77.1406,-103.8177,-218.4046,177.2685,-56.6622,233.9120
-343.5664,-384.7519,-277.5973,10.5769,386.8009,235.8513,184.2297,55.4830,-89.7741,-139.2815,-266.0445,60.7965,27.4576,-38.9002,-35.6057,-136.2085,0.4339,-5.6816,244.4219
-432.7908,-380.8604,-256.4069,-68.5809,325.0845,246.3080,197.6769,111.5051,-97.8016,-34.6263,-127.1578,-15.0440,111.6652,-2.0889,51.3352,-100.9958,-129.3587,20.8443,262.6482
-430.2886,-385.2679,-152.1211,-83.2894,299.9627,219.0831,181.0666,138.0465,6.2638,96.5139,71.6566,-24.6119,171.5372,-18.5397,63.1604,-137.9167,-152.2816,13.9426,247.8439
-285.4972,-283.4406,-23.0650,-98.7593,264.2174,242.1442,156.8082,155.1411,141.3102,172.2580,176.8476,-31.1475,185.0589,-39.4582,22.2766,-136.6991,-153.0452,45.1324,197.7074
-116.7635,-169.4101,55.1341,-136.6918,207.9338,290.6456,155.0840,151.9553,236.1936,159.8904,160.5698,-72.8382,142.2330,-51.0683,17.7389,-42.2870,-166.2554,86.0434,151.7557
-30.5755,-127.4948,57.7997,-173.1010,124.6786,266.0189,147.2555,101.2002,252.0727,112.6172,98.4915,-95.0129,72.5437,-94.6301,37.8444,82.2494,-152.6981,58.7086,100.9262
-12.6159,-125.0530,22.5472,-171.6370,5.5680,188.5692,52.0350,36.9225,104.2650,56.1842,25.8951,-71.9246,-7.4556,-135.9639,13.9971,145.4970,-118.8943,-6.5984,14.6313
-3.8901,-149.7651,-23.1992,-133.5563,-121.1744,132.4416,-118.7041,23.7715,-119.5637,18.1370,-66.5138,-53.3703,-103.0375,-102.5472,-32.6574,119.7406,-105.8001,-31.0012,-63.2594
-10.2873,-154.5027,-81.8207,-102.1271,-203.5118,87.9048,-243.5596,69.4924,-193.2116,51.2633,-145.6751,-59.2971,-189.8883,-28.3539,-61.5901,47.6552,-121.1635,-15.4760,-83.1102
-70.7936,-49.2053,-141.3360,-95.3432,-236.2591,34.1756,-258.1310,132.6843,-130.3122,92.3765,-171.3414,-46.0684,-231.4313,4.6086,-79.4937,-17.3856,-153.5115,-9.3701,-73.4075
-146.6657,89.3114,-188.9209,-103.7071,-282.2470,-16.0677,-194.4543,167.9786,-86.5845,48.9163,-178.9894,-0.8369,-226.9270,2.8015,-47.7673,-38.1282,-189.1847,-33.2014,-65.4436
-156.4559,99.4014,-242.8965,-139.1663,-394.5485,-87.3631,-108.5429,141.1964,-37.2469,8.8322,-216.7477,23.0006,-200.0579,-1.6787,44.6081,8.4077,-215.9937,-79.6649,-68.7398
-105.7649,31.7580,-315.5648,-197.4297,-541.3787,-198.5148,-79.4428,59.7538,34.3866,51.9825,-253.1304,-2.5414,-177.9275,-33.9481,75.2862,90.5361,-239.7326,-137.0787,-126.2623
-66.2225,48.4986,-381.6111,-223.1614,-646.6097,-302.8138,-147.2295,-32.8064,5.2137,52.1010,-248.8051,-16.5207,-183.0316,-78.8345,-6.4946,122.0076,-254.6442,-193.6004,-245.4058
-55.3692,140.3290,-404.8776,-178.0918,-675.2851,-365.0839,-226.3765,-112.5802,-92.7757,-42.2277,-230.5954,46.5063,-194.8532,-52.1653,-83.1667,61.0627,-224.1171,-230.0064,-341.9426
-26.1071,212.2538,-358.0282,-84.6110,-619.5938,-378.7414,-215.6971,-155.1922,-95.6746,-56.0293,-199.2837,147.4404,-140.1644,45.1906,-109.1530,-28.5931,-145.1028,-212.4321,-345.7831
48.6093,274.7552,-230.9138,10.7045,-450.2487,-303.3321,-105.8933,-112.3169,-14.7977,68.2736,-99.9616,198.7400,19.2803,111.2471,-128.4704,-42.1452,-67.4685,-121.7928,-260.6286
127.7864,341.9323,-56.5653,68.4779,-179.8858,-126.0618,76.2285,-8.1719,37.9005,142.3852,44.8743,192.8178,217.9582,118.8196,-91.1416,46.0629,-20.1748,3.6858,-126.6466
154.8510,332.7689,96.5351,77.6474,80.2010,80.0806,257.2328,67.3114,48.9738,91.9651,143.2025,171.9917,361.4854,134.8603,25.0748,141.2078,8.2957,105.2682,-14.6160
150.0316,247.8368,179.5044,71.8550,234.5092,254.8759,320.7664,126.6492,73.7777,95.8934,183.6275,134.3391,425.6889,172.9125,106.1497,161.3700,34.5331,179.3881,32.0652
185.4244,246.8936,198.0412,94.1227,306.4835,396.7858,284.8325,239.8133,169.3554,222.4978,199.3258,83.4979,428.0474,190.5686,115.6582,158.5538,79.6116,251.3710,62.0776
263.3095,382.6042,193.2594,145.2319,341.7380,489.5036,279.9485,338.1934,285.2947,260.9440,165.3252,66.9818,373.6686,190.9703,126.5230,188.7705,145.0536,300.5445,103.2306
318.7468,479.6377,195.1545,193.0465,322.6720,511.7812,304.9047,332.6244,266.8633,134.0172,94.2767,74.4517,290.3779,195.8501,133.8062,199.2421,184.4270,300.0444,101.7642
327.3698,441.6333,203.2489,220.5910,257.1065,493.2535,289.6946,317.1153,160.4658,104.8253,71.7892,48.9236,233.8490,186.9703,121.8816,183.2451,175.4809,286.1440,78.4617
304.3868,399.4403,210.7173,229.1926,212.0871,463.1266,292.2861,380.2608,183.9008,267.5668,93.3769,23.7289,212.0480,158.4073,145.6735,210.8211,166.4200,289.4468,125.4797
255.9913,422.5670,211.3754,203.4687,200.7408,405.0817,349.0135,419.1227,274.0203,320.1278,76.6166,56.7714,186.5939,143.0597,172.9409,231.7283,180.8977,270.4391,208.2270
221.4712,418.3306,187.8899,140.7306,167.9380,315.9849,356.0015,364.2437,219.8676,157.2331,44.4080,88.6241,150.0968,146.1940,120.3748,162.6635,175.7914,213.8533,213.3977
265.8928,375.0370,154.1190,102.3399,103.5792,229.0435,271.7799,304.0491,116.6561,57.6497,79.3883,62.6424,122.0209,128.2406,50.3332,101.9622,140.1091,171.5742,138.0291
365.7462,365.5714,170.6267,121.7829,50.0061,149.6007,168.8597,252.5371,96.0313,89.4444,159.6495,37.7184,103.5206,62.7833,52.7673,122.6895,119.2010,148.6102,44.0927
408.1115,367.4358,231.6387,112.9927,13.1887,48.4512,79.7844,127.5858,39.4760,52.7520,198.0130,27.8268,93.4197,-25.1979,72.2707,95.2326,119.0708,97.4380,-35.2718
343.8370,342.5193,228.3455,27.6474,-26.5782,-58.6701,24.4707,-9.4877,-38.7163,-21.4284,155.1973,-43.0726,98.7886,-71.9852,51.3346,-11.3284,93.7522,46.5659,-62.5793
244.1333,318.8684,122.0364,-31.7289,-42.4641,-106.8844,49.9161,-28.6069,25.2722,11.6569,59.3762,-146.8673,112.8143,-47.5474,36.6218,-36.3906,26.2721,65.7606,-36.2257
179.4415,279.9690,15.9883,-24.3591,1.1466,-80.8200,109.0296,24.7475,122.4072,76.3239,-13.8255,-177.8195,123.1190,-10.2886,61.8819,31.4304,-52.2200,120.9632,-23.9453
135.5206,206.8634,-14.2513,-49.9664,67.7098,-24.2418,108.5140,39.8176,89.7033,93.4126,-16.1545,-156.2968,119.5681,-15.4822,104.4044,57.2451,-95.8566,139.9366,-32.3630
88.6043,171.3889,0.4256,-93.3074,105.9227,53.5844,84.7226,37.1656,48.4140,96.8610,5.0494,-152.3240,88.1342,-20.4861,133.1478,53.5881,-62.7888,155.1831,11.1078
75.6986,199.4680,29.0934,-26.5030,145.4944,162.3270,115.4949,62.3559,75.5841,55.5096,-5.7678,-124.2550,42.3935,11.8662,118.7349,86.7798,44.0590,214.5519,96.8464
119.2714,224.1583,68.2706,110.0400,211.5601,250.3460,130.1763,88.7139,59.0623,-9.8324,-26.9908,-49.2951,14.6571,24.1600,70.9879,99.7230,147.4361,271.8424,138.3078
154.2031,226.2182,90.9229,172.0458,214.3878,263.3420,8.4101,114.0531,-1.4890,18.0859,-38.0767,-28.5838,-16.6755,-19.7480,41.4724,76.0623,169.7117,283.8168,118.9568
119.9324,214.9116,79.7920,153.4095,88.3546,216.7291,-189.6861,154.2042,-54.4162,82.5514,-49.9682,-99.2979,-88.5320,-69.6866,34.0676,82.8296,125.1616,259.4698,88.6324
63.2338,171.4332,61.4923,119.2013,-62.4077,141.9512,-273.3616,160.7168,-159.8703,56.2474,-34.6185,-142.7290,-155.5076,-78.8741,9.6526,80.2475,88.6272,202.6774,73.5281
59.9916,132.2402,67.2590,102.8177,-131.8421,72.3143,-210.6249,104.6513,-296.6831,2.5398,27.1031,-78.4605,-163.4720,-28.6970,-24.2437,-0.3100,100.2037,151.7098,59.3216
96.3833,143.2924,108.3107,141.9060,-166.0047,63.8707,-174.8459,43.8162,-364.2257,-24.9733,78.5856,23.9318,-146.8127,67.0531,-39.5863,-74.8856,133.9584,158.7853,16.3865
106.8370,169.0624,168.6596,197.1649,-202.1246,106.9949,-235.5993,16.5466,-382.0509,-75.1280,82.8549,69.5853,-135.5841,105.8922,-44.4425,-61.3494,141.6900,167.9981,-48.1765
72.3979,193.2289,199.3829,161.3475,-180.7306,119.2252,-251.6912,4.7453,-371.5821,-87.2628,71.9091,47.7237,-95.7845,20.4985,-40.2101,-35.6873,114.7905,118.5630,-74.0080
14.8864,218.2203,164.8197,78.8380,-112.3439,94.4072,-165.5000,12.5413,-293.1780,-35.1995,53.1351,5.1112,-24.2487,-60.0123,-11.7152,-68.0527,85.8038,88.2804,-47.8674
-50.1781,170.8784,85.2147,80.0228,-69.5172,96.2097,-109.8435,44.4398,-236.4598,-60.8236,15.4313,-14.2358,49.9710,-9.4515,23.5772,-107.7573,65.4643,130.8158,-39.6047
-91.7208,68.3814,12.8282,122.7884,-12.1166,126.2356,-153.5654,58.0807,-295.7909,-145.9201,7.6336,4.9541,138.4431,73.6200,40.2549,-102.6185,38.4693,184.9249,-66.4933
-62.0777,72.7976,-1.7053,115.8890,120.5488,160.0168,-217.6240,41.9259,-335.9765,-116.4437,60.9293,51.1565,229.4099,76.9790,46.3743,-61.0536,25.1257,237.2267,-57.7502
13.6401,178.8964,52.3245,112.2377,247.7343,204.5826,-236.1189,46.5233,-232.3363,-29.0997,105.2598,93.3507,251.9075,66.3005,45.3941,-10.2272,54.5994,307.4015,4.3238
35.4511,205.4959,106.5349,139.9758,282.1397,234.0568,-205.4152,83.2921,-107.9617,-38.0014,79.6931,93.6716,193.6233,94.3008,14.7902,4.1425,90.5497,350.3447,57.3083
-17.8725,136.3531,84.8148,135.0595,250.9821,226.4686,-152.3541,105.4640,-82.9342,-76.6365,23.8655,51.5558,117.3382,101.0976,-43.4928,-32.5020,87.3778,371.7940,73.2949
-57.3787,76.9205,17.8914,123.1940,187.5376,228.9819,-127.1749,105.0310,-73.2863,-40.1112,-8.8396,25.7959,51.1392,74.9195,-85.9256,-34.5354,73.8199,419.8488,75.2953
-55.8218,26.2532,-17.1585,152.4121,94.0009,235.4919,-143.6162,108.2601,-16.4348,26.4992,-17.3460,51.9111,-7.6947,63.0343,-89.8516,42.8914,82.5472,428.4136,58.7042
-78.7180,-14.8786,-27.3303,135.1578,-11.1915,154.3942,-180.6851,79.6223,-46.1196,29.6367,-9.0984,73.6366,-50.8338,55.1175,-93.7817,72.5580,76.9421,327.3547,-17.9297
-118.2064,3.6423,-55.6327,24.3900,-132.5912,0.0713,-259.8909,-36.4626,-242.5473,-100.1309,4.9922,43.1568,-104.1798,21.7998,-140.5933,-15.3963,30.7252,163.4046,-156.3653
-95.0025,24.9502,-78.5726,-54.8966,-257.1421,-90.9288,-368.7965,-170.7016,-388.2668,-295.2844,-6.6152,22.1755,-186.6716,-10.3130,-207.2573,-62.9510,-7.6080,-33.6645,-261.4555
-19.9474,-13.5773,-53.3515,-19.1565,-276.6087,-57.2183,-383.3885,-173.6128,-272.7876,-328.5674,-32.9707,74.9583,-218.6503,7.8494,-234.7675,1.7337,11.8003,-227.5739,-219.3619
24.9889,-41.6693,5.5356,53.0251,-141.8710,44.1629,-248.7302,-40.3050,-94.0471,-166.0071,-16.8691,142.6775,-133.9483,83.7770,-212.9941,-6.3688,71.2963,-275.6156,-59.0262
22.3432,-30.8395,50.2727,75.6544,18.8046,128.8646,-97.3353,68.7800,-144.5715,-72.9516,27.2569,133.4662,-15.5437,151.3179,-185.2090,-136.1273,116.6908,-162.3919,64.4150
9.9770,-51.2308,50.0800,46.8998,96.4728,139.1016,-49.8558,75.2633,-286.9761,-154.8928,25.8984,65.0252,38.7237,146.5018,-165.4498,-172.2271,112.5067,-84.5943,85.9154
0.9247,-96.8176,16.6097,-5.5422,123.6253,99.2805,-59.0335,66.5319,-223.8219,-223.0331,1.1004,31.4711,62.0525,121.3645,-105.8864,-90.7736,65.1913,-101.9232,94.5331
-23.2386,-120.5627,0.5778,-54.4049,140.5930,82.7300,-29.4112,96.9147,-29.3071,-180.4576,34.7853,69.5172,107.9343,140.3233,12.0241,-113.8216,16.8694,-86.5963,151.9973
-81.3523,-145.9748,30.5870,-75.0530,151.1838,80.3424,37.9112,115.7799,44.8148,-111.2873,98.6505,112.6868,146.4230,130.0666,102.3315,-225.9086,3.0868,-44.4992,204.9939
-154.2282,-165.5368,71.3532,-57.5590,166.5148,59.8657,80.4958,118.7799,1.0673,-58.4015,113.5375,94.2528,150.0519,42.0841,81.2079,-201.6711,12.5498,-55.1434,212.3470
-180.7037,-117.7574,87.1796,1.2114,154.0001,92.2202,96.4277,167.3106,1.2357,3.1687,103.1819,59.7258,142.0197,-9.6647,7.0771,-68.5428,15.8310,-44.4148,214.2784
-145.3349,-28.2114,88.4592,91.0892,68.4765,174.5312,137.8678,249.2943,92.7306,86.9202,113.2686,85.6448,130.1278,24.1999,-7.3091,-21.6868,20.6618,-21.2026,236.2967
-124.7566,3.4472,74.7973,160.5623,-36.6769,130.4111,182.9750,277.6644,204.0943,167.9099,104.1791,124.7404,95.6446,28.8360,33.0439,-54.0955,54.0877,-204.8625,244.2863
-174.0898,-62.2257,16.7491,148.7225,-82.9409,-53.5346,166.6245,216.2490,265.2382,183.7285,47.3728,89.3072,37.1353,-32.3329,50.1293,-72.4242,101.6500,-556.6921,227.2156
-236.2587,-166.0379,-73.2091,66.8139,-86.3823,-137.4740,124.4461,113.0551,263.2863,126.3671,-14.8686,23.5882,-22.7372,-73.3046,31.0692,-109.0151,121.4131,-651.1216,211.3329
-237.1912,-208.4324,-133.2105,4.9317,-88.0470,-68.3470,103.5917,25.7129,202.8082,59.0677,-48.7362,15.6840,-49.6704,-75.8497,10.5109,-173.5051,113.5355,-322.3929,170.7820
-203.9924,-158.9586,-136.2054,31.7834,-80.0919,-50.5660,39.5738,-38.9811,83.6059,-23.2914,-51.5528,52.4709,-29.6929,-70.6329,-2.8905,-187.5064,114.6003,69.1441,56.8552
-202.5215,-83.2776,-113.7801,120.0828,-50.9348,-112.3341,-68.6239,-100.9654,-19.4872,-150.4497,-27.1474,101.6880,-1.6887,-37.4617,-19.3481,-146.7904,135.7284,224.0735,-74.0673
-197.8095,-12.8024,-82.0313,200.5684,-5.1620,-112.6776,-100.3862,-149.3416,-26.7206,-234.9722,5.2792,172.9717,-4.4071,22.9118,-49.5286,-108.3792,171.5892,245.9370,-122.9696
-99.7062,70.9386,-9.9080,250.3100,44.5076,-84.9804,-70.1573,-170.2771,-51.9986,-221.3335,40.7018,237.5495,-12.3115,60.7960,-91.2501,-84.0487,233.0450,288.2332,-120.3632
54.3928,102.0018,104.5531,282.1111,64.9292,-111.0333,-101.9280,-202.2564,-220.9521,-212.9792,96.0280,255.9078,6.4362,54.8009,-109.0232,-91.6337,297.3612,320.9200,-157.1870
121.4697,18.7611,188.3356,288.1708,31.3873,-136.0658,-153.2720,-266.0435,-359.4482,-268.1232,138.4681,239.4403,24.4551,14.1482,-82.7334,-149.1709,295.6680,300.1927,-207.1144
70.7561,-69.3059,187.4464,252.8887,-41.0253,-233.8956,-127.4219,-296.5133,-270.0110,-292.5885,116.0697,184.0727,6.7522,-37.6573,-56.4808,-179.9270,224.6729,260.8763,-192.8569
4.0762,-56.3472,150.9721,197.5682,-112.4782,-579.3292,-87.7528,-244.9795,-90.4262,-207.5121,65.1723,93.3506,-42.4346,-56.2290,-64.8731,-125.1607,171.3506,247.8737,-130.1830
-24.7431,-19.8908,145.0063,164.3919,-132.9522,-992.1358,-79.1836,-163.1709,1.5311,-63.1431,49.5105,53.6086,-105.5989,-35.6116,-73.8038,-91.9719,174.7461,274.2661,-74.7478
-42.0332,-35.2959,146.6026,155.8037,-98.3176,-1097.3558,-36.9582,-120.1415,63.1287,6.5938,46.0249,81.7015,-165.9184,-27.9987,-54.5764,-177.9721,182.2412,294.3753,-46.5374
-72.3605,-58.7370,101.9608,118.9311,-109.6748,-926.3594,3.4858,-128.3142,126.2263,-52.7318,6.3844,42.9794,-215.8604,-58.5867,-33.3857,-274.7497,151.1409,252.6755,-60.5594
-134.9561,-82.2419,31.3959,22.2907,-235.9938,-775.8497,-37.6807,-155.8505,110.2985,-100.8248,-50.4920,-94.3987,-263.2628,-92.4971,-33.9689,-257.6137,83.3920,194.9617,-102.6394
-211.1547,-134.9557,8.2759,-74.2579,-341.5750,-681.2883,-59.2655,-147.4056,54.1096,-29.3311,-67.3287,-177.7353,-279.1987,-86.0055,-44.6589,-212.7741,-0.2008,205.9384,-100.8025
-213.1221,-158.5144,53.8059,-98.7241,-253.2537,-539.6304,68.5469,-80.0904,52.0669,22.7570,-18.0140,-150.1199,-202.0969,-39.4427,-48.6910,-259.3541,-56.0200,266.2587,-27.1879
-121.8982,-117.1712,92.9611,-86.4968,-31.4843,-407.3102,272.4811,5.0191,83.1073,-42.2875,46.9114,-112.6259,-55.2559,-9.8575,-36.8001,-315.6710,-68.0007,305.4275,63.5050
-55.2294,-111.8394,46.4340,-113.1183,137.7704,-316.5507,409.4247,91.8405,123.6524,-77.0015,41.3017,-97.9291,58.3909,-16.5784,3.6483,-267.1387,-92.3889,302.0921,148.9154
-78.8266,-202.1169,-50.0899,-159.1979,216.1606,-185.8309,453.5875,211.0912,189.6741,-16.2295,-29.6901,-55.2210,110.8973,24.3097,77.7470,-189.3981,-156.5734,273.4002,252.5605
-115.9690,-274.2844,-96.4628,-167.7172,292.0792,-53.6659,458.4105,321.9022,222.9443,17.4135,-71.4041,3.3860,152.4967,133.2165,154.4617,-185.0302,-199.1428,274.1296,341.7932
-108.5503,-227.0289,-74.7121,-156.3929,398.5542,-24.6738,470.9521,340.3500,180.2406,17.5256,-47.1909,33.0316,191.5455,177.9698,181.1467,-193.8438,-184.5257,327.6632,358.8692
-87.7915,-143.1760,-35.4252,-153.9485,491.3352,-43.5005,499.2365,293.5219,132.6587,65.7577,2.2460,45.2082,216.1506,116.5302,155.3070,-158.2472,-143.6390,304.7982,316.4910
-75.1551,-151.5834,-1.2300,-127.8469,524.9528,-26.4326,505.1070,263.3892,114.9358,114.2496,36.2535,67.8597,240.2278,76.6852,130.1842,-152.7811,-89.6960,97.8772,251.4974
-49.8871,-214.3084,0.6553,-64.1835,477.1694,-24.6963,446.3506,236.0880,65.1758,105.4550,8.3937,82.4294,230.3753,85.1375,118.1687,-201.8742,-30.7113,-134.8027,162.2784
-0.7205,-188.1463,-74.1364,-12.2744,355.7718,-73.7900,324.0071,157.9931,-26.1998,62.1881,-88.6595,49.4444,133.1378,38.0000,80.0155,-210.2185,-4.9216,-203.0119,60.3740
46.1915,-65.6039,-183.0110,-8.1554,202.8583,-122.4212,172.7442,43.1124,-95.0748,-18.8657,-156.0620,-16.0889,-1.5764,-58.6529,17.5533,-157.3476,-11.1028,-181.3791,-15.5624
48.8990,6.6989,-222.5078,-34.3094,68.1945,-151.9998,29.4964,-54.5627,-107.2442,-98.6488,-126.7635,-41.2449,-80.2240,-114.0199,-41.6834,-124.7749,-8.4857,-180.9679,-60.5705
8.4188,-26.0904,-172.6990,-45.3472,-1.8679,-149.4849,-73.2808,-83.6786,-82.6793,-78.6135,-67.5972,0.2043,-88.6888,-106.7286,-106.4076,-118.8129,1.1333,-121.7564,-88.5793
-31.9811,-48.7807,-87.1918,-5.5588,33.8349,-53.1536,-98.5386,-24.4254,-93.9647,-7.9166,-23.8685,48.1852,-40.1876,-48.1597,-154.1245,-81.3988,-0.0097,37.1643,-85.0261
-65.8099,-7.5648,-8.5752,53.4915,151.7086,115.2754,-30.9212,69.4446,-198.3398,-4.6197,25.6117,51.2606,58.6274,24.3523,-122.1020,-36.5489,0.9849,162.1082,-44.3464
-115.1173,-10.4481,24.2107,55.9982,245.4767,228.0662,78.2399,127.2560,-269.7424,-6.1314,35.8632,15.1576,135.0867,26.0779,-44.4929,-46.5967,4.7165,174.5750,6.5889
-152.2492,-99.9270,4.3406,14.5735,258.2710,236.8308,166.2194,145.4739,-112.0751,71.9874,-22.0549,-24.9648,127.9108,-33.8080,-15.7539,-74.7393,7.2177,158.2161,54.0081
-134.9728,-145.2669,-5.1693,19.0078,254.3740,205.2393,241.7093,136.2549,155.2754,135.7179,-48.8642,-18.5534,111.5430,-49.7477,-13.4149,-27.7582,29.4795,188.2024,82.8721
-76.7497,-74.6027,23.0362,63.5145,271.1501,169.7328,300.7654,82.5059,206.5775,110.6622,-5.3864,32.3411,161.2097,-22.8675,23.2142,86.4025,58.6660,221.4429,40.8762
-15.7741,1.1243,34.2047,64.8453,244.7125,122.4193,263.8760,-2.0009,73.8092,56.0892,7.9906,38.5486,204.4977,-26.8458,31.4606,139.3558,63.6021,194.6058,-81.5495
23.7161,-4.4284,22.8457,40.4482,165.0393,70.9001,134.1003,-88.5665,70.7779,8.5337,-23.1110,-16.7173,161.8961,-45.3559,-31.3440,57.1710,87.2547,152.3618,-202.1039
43.5357,-26.6491,51.7511,75.6643,118.2957,22.8062,34.0582,-191.7036,177.3378,-29.9992,-4.9085,-15.0729,78.3157,-52.3703,-57.6842,-51.8936,175.3855,182.8239,-261.1792
75.8378,0.5450,120.7169,165.8333,125.2882,-14.2119,-1.6360,-296.7482,143.7328,-36.9848,51.2640,74.2009,14.1390,-71.6773,2.9841,-48.7117,265.2666,245.2290,-280.9293
110.8140,46.2506,157.7223,234.1288,111.7595,-18.8636,-37.7757,-329.6469,46.2414,-41.9401,51.7011,128.2533,-41.1720,-78.5272,32.6883,17.5631,278.3977,204.2063,-273.2834
83.8687,68.3626,113.6953,227.2325,19.6288,-18.4959,-75.4379,-284.6727,75.5020,-60.5854,-9.3109,99.2549,-117.8137,-61.9890,-28.3332,11.8563,223.9525,10.8952,-231.6900
18.5169,70.7501,11.2597,145.0437,-161.6515,-78.0040,-112.0786,-245.5106,105.2932,-4.0590,-69.4630,60.1500,-236.3971,-91.9647,-94.2808,-42.1909,144.9719,-255.7710,-212.4039
11.4458,62.7204,-52.9643,53.3349,-371.7604,-163.2342,-208.3072,-257.2811,18.8732,100.2811,-91.6670,33.5369,-383.0722,-147.9795,-128.1790,-42.8911,75.3951,-422.5065,-270.5089
40.0905,26.4713,-6.9128,19.9157,-471.8658,-155.0376,-328.9424,-299.8733,-38.8423,35.5602,-71.3097,-10.0294,-470.0587,-111.8152,-169.1405,-26.0362,42.6036,-330.7823,-342.6916
15.0461,-51.2049,74.7408,16.9216,-403.3860,-27.7217,-344.2196,-326.0857,-43.0366,-196.0107,-29.9535,-49.1595,-422.2529,-4.1673,-180.9827,-53.5048,37.3647,-138.0085,-316.8676
-43.5029,-122.6109,79.9467,2.7039,-256.1561,142.0883,-231.7934,-253.5943,-117.5817,-269.3745,-0.2928,-40.0837,-286.5992,51.8323,-110.0490,-44.5503,33.0726,-266.2542,-172.0333
-84.8046,-123.3426,32.2609,15.4151,-80.1904,309.5084,-70.2073,-54.2948,-175.8214,-78.0918,5.8412,11.3904,-155.4141,56.7006,-26.1955,48.9278,27.6978,-740.2781,18.2806
-109.1384,-86.2700,-7.3776,44.3401,136.6456,447.4173,80.4544,144.2335,-101.5891,75.6965,-7.8149,47.1556,-58.9612,82.9440,-9.7871,112.5668,9.1377,-1036.5968,165.6048
-90.1737,-82.7022,-55.2996,2.3171,289.7293,489.3563,177.6253,211.8199,-17.5210,6.5257,-28.1928,23.3209,2.9526,124.2265,-8.4704,92.8426,-37.8157,-890.2010,226.9942
-38.7908,-79.7625,-92.7385,-75.2626,273.8819,423.4786,221.6738,190.5598,-2.2475,-115.2711,-28.1668,-14.0422,37.6141,143.1510,42.8000,84.5137,-67.7780,-628.7296,222.1480
-39.7357,-37.4113,-59.6340,-66.8569,194.1716,331.7375,257.3445,162.4681,10.9217,-141.3771,-1.2812,9.3089,80.4752,139.5917,95.9969,107.1294,-34.2920,-518.3661,184.5071
-52.9130,-26.2610,-2.1183,6.5464,171.9863,262.8119,255.3347,102.1099,-22.7056,-134.9203,26.7455,70.1289,142.1432,127.5924,91.9035,86.4459,25.7403,-459.9090,108.0179
37.4766,-58.9231,3.5517,62.9899,150.8500,194.8206,168.5045,-8.4275,-138.6973,-166.1143,44.8915,104.8533,189.1803,116.6857,60.0863,45.0054,71.6613,-370.1605,-8.5524
148.6273,-25.2019,4.7875,136.0381,96.1316,133.3280,96.6566,-97.0557,-181.3155,-204.3749,61.2822,116.6407,216.3857,94.7609,54.1679,46.0668,122.4762,-283.2021,-99.3824
149.9580,74.6535,49.9892,234.4610,77.6860,108.6374,136.4753,-111.8243,-84.7389,-172.4306,66.8914,108.6585,219.2227,36.4161,70.5111,55.4528,164.4209,-194.7302,-94.2707
124.8877,119.5081,64.1106,242.9944,62.1902,93.0141,192.0448,-77.7232,18.3994,-44.0675,47.8032,47.5951,136.9291,-42.8620,61.3357,40.7536,128.6606,-150.0813,-21.4103
146.9877,103.2928,-3.9407,119.4243,-43.7421,36.5370,167.2886,-47.7893,74.2626,42.6767,10.5399,-45.7586,-23.1787,-104.1212,12.6968,37.9511,18.6081,-213.5374,27.5617
123.5211,98.0468,-81.6924,-22.7460,-169.6729,-29.2629,120.4561,-64.4867,114.1812,-57.9600,-27.3109,-111.3230,-125.3959,-143.3381,-14.5357,51.8323,-58.7992,-263.4369,21.2242
49.2473,96.3752,-102.1858,-73.6000,-188.1409,-5.6853,89.7156,-105.5449,89.3117,-201.4155,-46.4880,-129.0051,-106.5940,-158.7764,18.5294,59.4393,-37.9122,-168.7506,4.3687
24.3186,92.3650,-82.5629,-20.0006,-125.7773,141.9442,35.7166,-89.5391,-20.7536,-158.7923,-37.2918,-98.0349,-60.2709,-128.0078,41.0215,67.2819,20.5076,-51.8150,1.1383
34.6453,117.2174,-46.6497,79.1001,-61.6418,321.5129,-5.6700,-11.7464,-109.4485,-17.6806,-12.9811,-29.4374,-45.4062,-61.8629,5.6661,67.5884,50.2363,-46.9146,-3.9021
37.1758,126.6954,9.2346,151.1703,16.1699,428.9312,50.3996,44.2313,-59.0919,40.1114,8.8372,37.7646,-17.3828,6.9825,3.7883,59.3315,92.8261,-46.1103,10.0457
70.5724,79.0526,63.4375,193.2882,122.4945,470.2552,186.5872,76.0735,137.1986,82.0086,30.2456,94.8557,43.9852,79.5778,85.6119,95.1132,187.4096,60.5481,80.3096
121.7557,65.5467,82.0809,248.4539,206.8730,493.3679,302.4329,146.8384,315.6394,176.6513,67.9723,158.6195,115.1109,162.5843,137.0265,172.7822,257.5814,180.8472,163.3836
138.0715,164.2740,86.3900,287.2668,237.9249,479.0579,330.9903,210.4939,279.7165,210.0595,127.0997,195.2222,180.9027,226.0388,90.0406,207.8237,237.3489,222.8466,177.1825
136.4299,276.9299,109.1718,246.5178,236.8151,402.7766,285.0965,184.9099,115.3462,168.0623,171.1994,167.2718,213.8513,223.7820,41.5186,192.5420,182.4654,235.6569,136.6900
126.9111,258.1519,112.8428,160.0936,220.3423,316.5910,229.6487,128.5047,113.7361,179.6899,153.2331,99.6904,201.7307,141.6212,59.3583,194.2646,153.3140,246.1617,130.7587
111.9097,129.0343,67.8184,106.0857,185.6981,276.5547,202.2386,131.6905,293.1032,250.2592,97.3045,28.1325,183.1717,38.9759,89.0666,208.1447,132.3616,177.9902,171.0280
154.7472,48.3489,37.0319,83.3362,130.3767,263.7336,162.6592,151.4373,374.6636,273.3560,73.4129,-16.7799,162.1494,-3.2779,85.8293,190.0937,101.7850,25.3005,177.8239
231.7365,69.7888,59.0475,48.6116,58.4897,229.1141,70.6223,115.1920,271.5097,210.8425,85.8461,-2.6176,103.7059,-3.1140,62.8398,147.1431,69.4175,-68.1442,123.6091
221.4764,76.2126,78.4806,1.5748,-4.3914,166.9444,-19.2071,53.8569,202.4879,116.8848,88.7166,35.3213,51.1838,-32.7791,39.0610,97.3367,37.8924,-15.4802,80.1606
157.8509,28.5642,74.9205,-31.2158,-22.4494,128.0811,-29.4117,27.4820,279.7996,77.7008,74.8793,26.6459,59.6604,-71.6528,37.2174,54.6357,20.1344,76.5577,86.8127
152.4814,32.0351,79.9201,-36.0783,-0.4718,166.0058,5.7769,31.0939,314.6065,93.0649,58.5908,-16.0622,70.0989,-65.3443,66.5912,44.0936,25.6336,107.8408,85.9725
145.3141,70.3216,76.4776,-3.8929,39.1070,268.2860,6.4090,31.8204,152.7402,48.7297,53.2978,-41.6714,54.0658,-45.4290,96.8382,52.6591,47.4385,156.4755,53.0135
88.6666,27.9672,70.1996,70.6716,121.3910,377.9132,7.6515,31.2230,-40.3292,-64.0773,94.0610,-41.0517,105.9130,-43.1578,109.6356,48.0111,98.1791,296.7120,52.2027
92.6766,-24.9570,125.4989,152.7584,247.0985,463.3858,73.9557,54.3913,-58.1148,-99.9363,169.0339,-3.1684,215.0692,-31.2954,119.2613,44.6641,162.2764,428.1845,91.6358
152.4772,20.9635,197.1411,179.0842,309.6608,497.0564,126.5310,98.0384,8.0790,-30.0219,189.3451,66.6863,223.9669,-15.9894,120.9829,61.7270,162.7479,441.0844,89.6744
150.9312,46.5047,170.6881,143.5235,234.7604,423.2427,81.6246,115.7834,3.2251,31.9489,134.2533,99.7457,118.5269,-17.7107,101.1441,89.6115,110.1070,374.8273,28.8683
152.0139,-38.8778,102.7475,106.6919,111.9310,240.2511,25.9138,58.3640,-14.3420,40.5365,99.5242,67.0510,46.8103,-10.1611,72.4893,120.3365,131.6705,308.2401,-34.3130
247.0594,-85.8118,127.1755,102.2840,57.3961,41.0028,42.6826,-78.9781,9.9434,2.4760,136.6751,28.1652,53.2325,-1.7440,44.8368,114.1846,247.6449,260.4096,-90.0696
308.8829,-11.5134,204.0692,126.6332,73.0671,-90.4263,77.3617,-232.5078,20.0371,-67.7766,187.0299,17.1026,81.1217,-29.2675,26.2485,24.2860,339.5822,239.6837,-146.0957
254.9565,60.5905,223.5335,183.9968,104.8953,-145.5585,95.6473,-303.6750,49.0959,-89.5015,190.7555,12.1069,118.7717,-48.6625,47.0725,-85.9289,354.5758,248.5519,-175.6448
214.1743,54.2767,194.3504,235.3505,99.0489,-154.7314,104.2902,-271.2727,116.3180,-44.9630,156.9999,-2.1823,137.2828,-23.9062,96.1231,-117.7722,318.7776,255.0312,-193.2381
244.2376,6.7486,168.4608,207.4599,25.1389,-173.0695,55.5309,-242.0997,103.7111,-33.6480,133.9026,-29.5862,89.8161,-27.3797,104.6798,-98.1504,243.9961,238.4057,-232.4903
253.3914,-51.8340,155.1879,113.1834,-54.3633,-264.7391,-12.8218,-317.2573,36.9447,-62.3161,135.0117,-66.0350,50.2240,-94.1071,71.0098,-91.8232,159.0303,199.1478,-249.8240
210.4095,-97.6749,139.7538,4.7393,-57.6725,-411.4723,32.3797,-457.0168,64.1496,-65.6195,105.3917,-110.4978,104.8276,-158.9985,78.4163,-90.6697,72.0833,123.8563,-207.6739
142.0764,-115.9821,72.6522,-132.2701,-35.1371,-480.8207,146.7795,-540.5845,108.6859,-62.0213,14.8587,-172.2780,172.9395,-191.4718,145.9323,-98.8223,-78.5672,41.4181,-148.0752
45.7269,-120.9930,-71.2468,-261.4986,-56.4673,-363.0229,187.8214,-504.4890,68.9891,-28.7311,-70.1357,-193.2190,171.3615,-186.9398,204.1919,-132.3693,-265.9697,47.2482,-74.9109
-42.7360,-103.4100,-200.4577,-272.5674,-48.1230,-106.6232,215.9188,-392.7642,86.9246,79.3958,-90.3084,-90.3162,172.1292,-104.2986,223.2349,-136.2908,-340.2097,163.1151,61.1420
-65.4624,-73.6518,-212.6082,-205.0818,45.6771,141.7483,317.1187,-302.1916,197.0085,131.8882,-70.2994,41.5175,216.2341,22.5769,231.1163,-78.8633,-271.0356,276.0790,227.8725
-45.3031,-109.9037,-139.2053,-205.7894,115.5857,291.4095,365.4448,-282.1873,231.6338,55.4674,-48.8465,33.1405,213.3445,87.8969,232.3332,-21.1914,-177.8670,291.1745,326.9147
-27.8609,-203.3060,-75.1634,-255.4491,66.7934,334.6321,271.0631,-321.3638,197.1654,20.3891,-44.9917,-47.5141,122.3173,98.0424,209.4294,8.6060,-114.7347,232.0087,295.1283
0.1834,-214.9641,-63.4115,-247.7041,-46.4412,282.9256,124.6129,-424.5940,169.8502,69.8118,-72.0293,-28.9330,4.4582,134.6943,165.9572,54.3803,-72.4678,173.1734,122.3877
40.0822,-104.4278,-103.6831,-207.4277,-141.4366,176.3197,-5.9189,-577.5894,77.1450,62.3255,-117.1301,46.3402,-96.6468,175.3655,116.7554,130.6406,-89.0652,168.6129,-106.7832
35.5143,2.0547,-180.8173,-187.8313,-201.3553,94.7518,-94.2195,-672.6020,-22.9879,44.0712,-169.8861,60.2179,-164.4911,159.3664,77.2402,204.4450,-171.7497,214.6265,-237.6328
-41.8094,11.8544,-260.8634,-164.5453,-246.1004,65.7594,-103.2634,-654.5405,4.8465,104.7272,-235.4136,40.5387,-184.9627,123.5752,59.3044,236.8161,-251.7376,241.3701,-245.4903
-131.2554,-24.4472,-294.3577,-135.4906,-288.9995,27.9396,-107.0015,-633.5068,23.2737,135.0279,-261.9012,37.1810,-184.4748,118.9337,44.7486,213.4061,-285.6438,204.4617,-251.2221
-154.5341,-11.9128,-251.6080,-122.7135,-305.1153,-64.3845,-182.7974,-671.9495,-54.7439,130.1982,-201.0009,32.2586,-179.6181,115.8903,6.6995,179.2418,-283.6994,149.6569,-273.7050
-125.4643,32.6805,-186.4066,-121.4526,-269.4017,-186.6160,-215.9426,-670.4464,-23.3505,197.6059,-135.9020,18.6529,-126.7154,81.1825,-32.9176,175.5523,-272.9530,111.2662,-224.6783
-125.4305,-9.3065,-198.5724,-150.1147,-223.5929,-291.8428,-122.3961,-594.0090,85.8822,206.5455,-155.9903,-6.9908,-30.6058,46.8803,-36.2781,145.2861,-289.6448,59.8946,-129.0717
-169.8495,-125.0695,-281.7289,-208.2665,-207.1406,-319.9969,-21.5164,-527.1042,-0.5392,49.9924,-213.1973,-41.1079,18.8015,52.3575,-18.7933,34.4787,-332.0582,23.0252,-68.5536
-191.7230,-132.0008,-327.9227,-217.2522,-171.5945,-209.5190,21.0634,-465.0691,-170.9442,-51.8083,-248.1036,-30.3656,3.5897,83.5920,-10.9777,-72.4658,-339.3741,94.0894,-5.0629
-156.4272,0.9010,-300.9826,-145.7224,-75.2898,1.2965,60.6176,-346.9969,-161.4626,11.9619,-256.4804,35.5867,11.6139,116.3197,-7.5216,-71.9236,-281.2989,265.8580,102.5542
-99.5088,89.9290,-252.1590,-58.6431,30.5572,152.2553,67.0261,-234.7921,-103.9924,37.7567,-208.0062,93.1927,67.4263,165.7640,-11.8689,-16.5486,-198.5258,419.3801,168.4633
-68.5795,75.0441,-201.5618,11.9063,92.6923,149.2119,12.6771,-213.9175,-134.3955,-65.7316,-115.7738,136.1702,96.5248,220.7820,-42.0075,-32.8719,-127.6110,495.3425,137.7247
-78.5570,69.5894,-139.8444,75.0969,126.9884,118.8711,1.6804,-242.1153,-102.8275,-175.8307,-64.9072,188.7911,74.7420,203.8966,-67.7412,-115.3872,-65.5829,534.4997,94.0818
-89.1274,106.0100,-74.1744,118.8399,157.6730,243.2570,66.3111,-240.9584,-44.3261,-191.0154,-47.7449,195.1554,61.3803,106.1254,-41.8294,-133.4221,-6.3013,572.8079,110.7130
-44.7780,139.2399,-12.6144,153.8959,166.4926,474.4207,104.4109,-196.3083,-127.6547,-76.5233,-2.4149,129.3103,76.2677,43.4124,23.1752,-47.2949,41.6708,608.4880,155.1154
29.8595,163.0568,29.5784,195.8714,132.4773,593.7815,91.2018,-132.4219,-169.5249,66.5790,21.2321,79.0750,72.0600,60.9941,81.1568,27.4486,71.4443,628.5360,182.5398
59.9516,162.9987,47.7301,208.4952,94.7723,535.8035,81.4869,-93.2092,12.6987,35.2316,-9.9277,96.8647,40.9563,55.1487,98.9455,11.8072,96.8546,612.5917,192.2899
50.7214,135.2403,89.0585,187.4543,119.3783,432.1131,75.1635,-102.1037,143.3128,-123.3302,-8.2000,129.4606,38.3046,-16.2741,57.4504,-50.0226,131.4240,571.2732,187.6172
69.9233,126.9531,169.5191,184.4292,191.4517,369.2145,66.5246,-97.1809,20.5142,-142.1619,40.7641,127.2154,83.3682,-65.0218,-15.0456,-101.9656,147.2016,554.2700,183.4566
127.8704,127.3598,208.1140,184.6617,243.8178,329.1989,95.2040,-1.0486,-72.0737,3.7381,49.2946,95.3801,140.5617,-67.2450,-42.0902,-96.7445,106.4940,538.1069,229.2830
166.8729,82.1229,153.3768,117.8792,283.0904,295.1855,183.7931,149.7265,81.1672,136.9537,13.3112,57.6217,203.9325,-94.9888,8.4457,0.8605,22.9632,424.3465,335.9370
132.0444,22.2056,61.7988,-16.5499,333.6400,248.2580,311.6159,242.9633,276.2365,215.9629,-11.4211,29.7113,285.6400,-143.9739,91.0481,102.3717,-61.7018,238.9267,426.1524
37.9555,-14.1451,0.0992,-139.6470,333.1623,178.9503,401.3911,231.6584,310.2479,228.0434,-12.8187,14.6807,330.3642,-140.0935,137.3112,90.6855,-113.9142,119.6733,426.1769
-14.5663,-46.4342,-11.5230,-156.0066,253.0040,146.6623,349.1439,163.0372,216.1740,99.2172,6.9191,16.0243,267.5373,-86.8399,92.1156,23.5593,-89.3804,54.9057,348.1132
44.0543,-29.6132,23.0130,-29.1409,176.7810,189.1582,182.6075,97.7232,55.1895,-71.4174,25.5363,33.7734,135.6043,-40.2871,-24.8438,-15.2590,39.0716,-57.0853,252.1360
139.8352,80.7319,88.4773,159.5776,150.2265,257.8373,75.2249,53.4408,-105.4284,-97.9002,19.6191,51.0723,42.1382,-8.6241,-96.6213,-74.8737,220.7399,-131.9655,191.3949
170.8642,172.2608,183.9595,306.5523,144.8048,332.9379,101.1231,19.6025,-133.8471,-13.3972,46.8558,71.0103,21.1169,2.3683,-66.5605,-129.6262,364.7924,-46.3617,182.7929
153.4247,159.5640,292.9755,412.0803,163.5665,427.6019,156.8096,0.4472,-26.2640,55.5031,131.9797,120.2172,16.9888,-40.9414,-14.0499,-67.1924,430.3962,125.2549,189.3716
147.7444,150.7410,336.1645,499.7277,190.4774,490.5161,163.4496,27.0530,76.7849,127.0059,164.5008,179.3631,-12.1107,-95.2423,23.5670,37.5551,442.8777,333.0773,175.2946
160.4245,210.8467,299.0645,521.6895,152.2501,484.2508,143.1921,105.4528,151.1701,238.0510,110.1690,198.9062,-43.9435,-60.7919,85.4663,38.3063,431.2101,627.2256,159.7949
179.1233,223.9668,305.3323,446.0942,55.3402,438.1010,110.8896,171.4395,238.4768,324.0418,86.4692,177.4528,-44.0659,34.2242,121.4266,-10.4908,373.9916,838.0887,151.3529
189.3129,131.1319,387.2332,322.5314,-12.8715,345.7964,58.6233,165.2932,248.1984,353.6783,119.9924,144.0324,-17.3404,59.8348,75.9124,-8.4385,253.2540,741.5933,117.3082
159.3060,33.1108,398.0363,220.8900,-26.9256,204.8937,5.6500,129.9197,167.3373,379.0081,130.2481,117.8419,16.5645,5.9558,43.9089,30.8520,133.7897,519.3896,68.7557
79.4880,-4.3890,278.8985,162.7112,-7.0311,89.0037,-30.0789,129.3185,164.1240,399.7967,112.0106,104.1368,57.6281,-35.6779,83.0790,90.8970,74.9757,454.4513,45.9607
-9.0340,-21.1820,137.3512,104.5677,42.7317,13.5246,-52.5928,127.5852,224.8599,342.9182,87.8420,71.8698,100.4752,-62.1061,97.7428,138.7781,24.4765,444.9576,37.3216
-39.8217,-40.1108,42.5752,10.6605,89.5474,-79.6817,-55.2480,83.5874,171.0261,216.1776,47.5384,1.8124,118.0643,-120.7489,64.9780,99.9468,-61.7004,329.1906,38.1555
15.2929,-46.5352,-9.4105,-74.7573,95.0142,-160.2630,-34.7301,52.7121,89.3689,136.8814,27.7850,-48.1287,99.2259,-178.1552,62.3607,5.1113,-121.7420,216.2481,81.8817
88.9073,-47.6050,-21.8073,-113.5456,71.4488,-165.4332,-30.1005,68.6838,152.4599,154.4715,45.2238,-43.8406,57.7559,-187.7149,66.1691,-58.3969,-125.8918,184.5082,133.9523
98.0253,-32.5253,-31.4474,-140.9687,27.5953,-125.3509,-81.3005,85.6209,216.9276,190.0435,32.6090,-36.1705,0.8394,-172.3643,26.0359,-86.6451,-131.4572,156.5694,121.5525
69.9635,26.8458,-73.2558,-168.5217,-45.1655,-88.6122,-160.0852,90.2736,146.7829,188.5574,-15.5909,-39.5239,-66.8210,-171.1922,-8.3716,-67.5864,-158.5995,104.0171,60.0104
56.6604,63.6978,-114.4033,-178.8053,-124.6524,-93.4854,-210.4438,85.4183,82.2847,176.0336,-31.2593,-32.7656,-131.7664,-198.6854,-34.0040,3.8739,-182.1758,22.4169,-13.3883
30.0441,-8.7040,-129.2698,-193.4565,-198.9870,-172.7634,-248.5520,22.1654,66.4576,168.6355,-16.9711,-42.5219,-193.3953,-236.1561,-105.6507,18.4125,-184.7002,-83.2178,-112.8815
0.9356,-98.5873,-120.0940,-186.9826,-275.3291,-248.4344,-331.8961,-89.9514,22.4427,146.1536,-5.8930,-53.6285,-254.9720,-241.2412,-158.1111,-42.8546,-129.8780,-110.5647,-204.6457
19.4757,-82.7173,-70.0024,-112.3836,-314.7756,-238.8793,-434.9973,-164.8013,56.8862,78.9127,3.9107,-24.7284,-294.8755,-228.1733,-115.3986,-45.0437,-32.8186,-58.5569,-226.0012
10.1790,-50.7122,-18.8760,-73.0073,-290.9489,-246.1080,-478.0423,-195.3242,155.0003,-24.2134,-6.8236,-34.3217,-290.7773,-245.7398,-70.0527,-7.0256,-12.2101,-76.9953,-215.6026
-85.5311,-90.8939,-45.5495,-167.2712,-249.7639,-335.3029,-468.0759,-223.2550,36.6085,-51.4588,-27.7627,-128.2675,-248.9461,-244.2570,-102.0089,-27.2050,-106.6475,-139.4681,-230.4138
-131.3009,-92.9114,-106.7874,-274.8196,-203.5123,-377.3961,-459.7357,-224.6135,-200.5489,74.6799,3.5377,-186.8667,-187.5819,-174.7896,-122.5532,-0.5395,-208.4700,-152.9851,-228.0399
-71.7890,-36.6655,-113.4475,-299.8315,-111.9126,-349.1588,-410.5794,-191.4742,-111.4497,202.2005,55.0364,-193.0466,-120.6168,-153.6984,-59.8941,107.6303,-266.5699,-290.9235,-174.6926
-62.8026,-68.3113,-92.0651,-322.9391,4.0634,-365.4781,-261.6734,-150.6005,206.6452,173.2478,53.9928,-268.0504,-49.9489,-246.4359,16.3888,97.7557,-302.7529,-611.7720,-110.4024
-115.6357,-152.9462,-60.8758,-336.8095,96.1931,-370.6927,-96.4044,-60.4742,262.3700,114.2980,69.2293,-355.0030,37.3983,-284.8694,30.3172,-12.4015,-269.0412,-734.6305,-45.6263
-70.2285,-129.0582,42.3907,-253.9343,164.8467,-267.0170,-17.5074,93.1613,100.7024,165.8804,164.0108,-324.8551,131.1232,-177.6136,0.0583,27.1520,-144.6371,-436.6716,42.4257
50.1310,-36.3715,194.1694,-148.4502,195.2392,-158.9530,23.5990,212.9294,86.9685,205.1846,238.5544,-254.6562,186.1713,-86.6422,-17.0687,171.8538,-18.2924,-28.9738,132.0270
125.6872,24.2798,314.3430,-95.9103,174.1258,-115.3511,88.4639,264.3230,160.2125,139.6985,241.4364,-217.8777,196.4034,-87.2080,-1.2084,184.0410,82.8442,175.8879,194.8020
189.4122,79.4866,413.3598,-8.0539,164.9186,-41.0731,110.9705,311.7923,118.8344,85.1035,257.0732,-140.2697,208.2517,-29.6998,22.9666,99.6843,212.4348,211.2351,234.2041
246.4784,108.6087,480.3070,134.2731,183.4488,74.6799,47.4086,347.8007,76.7459,78.1896,289.2484,-41.2572,227.2084,140.7592,39.4877,69.6254,336.9650,198.8145,236.2599
213.3960,71.6570,434.4745,230.7139,130.8531,142.6373,-33.1385,326.6296,122.6672,33.6003,268.0446,-6.8044,212.2290,274.3431,62.2178,52.7865,391.0024,181.0920,179.5625
167.2546,78.9196,325.5598,275.4348,3.3607,136.9329,-89.4430,266.2453,133.9196,-18.6957,232.5315,8.8476,166.7343,270.6527,93.1691,-9.9994,407.4668,171.0846,92.8318
226.8685,179.0872,297.8336,308.4831,-57.9968,67.1869,-140.6590,172.3071,92.0649,-20.3398,251.3032,37.5287,130.9519,198.0270,110.7558,-52.5685,418.8922,160.7451,20.0544
284.6505,237.3825,334.0707,289.7735,-18.5917,-33.6096,-176.1200,49.5780,57.1799,-41.7129,280.0662,7.5194,113.7840,150.8147,97.2001,-45.4213,374.8042,120.0528,-40.1800
219.0978,208.0775,299.2659,197.2497,9.4232,-102.9071,-184.9291,-26.3573,-30.3738,-101.1775,250.9595,-76.8710,114.2460,124.4659,60.4624,-47.2980,246.5862,18.5063,-97.2855
109.5130,161.7660,171.2253,69.4228,-7.0001,-161.5130,-174.1272,-31.9123,-152.5946,-103.0081,176.1589,-151.8584,151.2770,66.5429,58.1665,-70.8729,87.4399,-116.4433,-122.4965
32.5315,91.2828,37.5759,-53.7639,-2.4781,-246.8356,-115.6503,-31.5125,-145.3736,-60.4714,103.1392,-213.4632,214.9743,-0.1685,142.1322,-46.1047,-38.6365,-175.9112,-107.1431
-38.1780,12.7266,-50.7960,-123.3804,25.7064,-268.3961,-23.4831,-15.4552,0.6422,-56.6782,48.0381,-246.3918,253.0578,4.3725,243.6500,62.5070,-118.5224,-142.7079,-101.7366
-102.0154,11.3684,-118.9300,-129.3906,37.0276,-179.0647,10.7059,53.0648,127.2190,-38.0582,-11.4818,-226.7231,240.5209,73.9793,247.0714,173.0087,-168.6692,-162.8368,-120.2501
-145.5410,27.0363,-191.8866,-141.9272,46.7049,-94.4655,-20.4190,89.6775,156.6505,21.7234,-81.4062,-203.4549,213.1097,105.7955,171.3326,181.6374,-171.2045,-277.3255,-96.6584
-169.9046,-64.9179,-220.7357,-185.5177,71.5637,-79.9095,-49.4081,31.1206,89.2820,-28.3111,-104.4722,-206.9432,210.5797,49.0862,109.4884,102.6735,-86.8820,-353.0190,-14.7479
-118.0824,-185.5473,-142.8812,-188.9323,79.4607,-84.8877,-110.2554,-23.7836,-33.3273,-188.6089,-34.9596,-195.7770,218.6402,-26.1753,78.7063,35.4167,54.1702,-352.9481,48.2737
28.7542,-174.3662,-7.8208,-108.1981,59.1651,-82.8836,-235.2494,26.2788,-69.7028,-208.5210,65.5386,-148.6870,196.1516,-22.9127,75.3543,31.5838,168.7463,-333.7763,63.7333
144.3628,-42.9637,67.7795,23.7873,26.8962,-65.0685,-315.6848,149.0930,15.8978,-68.9445,95.2508,-72.3081,142.6796,53.8476,104.8432,51.5992,224.1228,-282.7908,74.6912
135.5130,74.9346,51.2093,133.2093,-34.3180,-32.7091,-301.1711,248.9548,17.2199,-49.1781,41.4586,18.3542,93.4024,94.4908,100.2900,38.0036,229.9744,-232.4545,72.2596
77.4884,92.1020,-2.8809,152.2797,-121.9362,-50.4677,-289.6249,251.9256,-134.9473,-183.1987,-24.1314,80.9988,57.5354,36.3023,19.4127,9.9532,186.5663,-267.3479,14.3763
57.3880,40.3954,-44.5192,93.6145,-170.2239,-148.7551,-325.4567,147.3868,-202.4110,-255.6219,-45.8563,100.6146,13.6468,-60.1515,-50.2357,9.3808,112.8235,-334.7637,-79.5411
56.3174,20.6039,-53.0920,15.4910,-161.7566,-272.0289,-381.1015,4.6619,-112.4656,-261.1449,-34.2995,84.1449,-45.4919,-123.4964,-54.7863,-24.8468,46.3190,-352.6043,-162.3968
29.1454,62.4080,-32.1200,-64.4505,-150.2289,-376.5830,-445.5020,-77.8513,-105.8989,-268.9063,-29.0367,10.6752,-100.1139,-139.3005,-59.9566,-128.6094,5.4530,-348.9332,-202.7736
-30.4280,108.1370,-10.2151,-97.6875,-124.6800,-418.5946,-448.3568,-51.9042,-222.1842,-166.0985,-46.4610,-58.5016,-120.1390,-117.4171,-92.4159,-158.5578,0.7876,-306.7151,-176.7411
-96.9258,129.9536,-17.2783,-18.0919,-37.8879,-348.8419,-335.2936,45.1475,-191.2258,0.6776,-75.4450,-11.2273,-92.5236,-108.3740,-108.7636,-53.5415,18.6527,-185.5574,-101.3979
-129.8515,120.3942,-58.4406,76.9818,52.3777,-216.2735,-215.1750,135.8417,26.3494,-7.1783,-95.5208,60.5015,-50.0498,-145.5069,-98.4516,8.0435,2.5300,-86.5193,-21.8050
-113.9397,55.4247,-101.5856,43.3548,69.3682,-89.3245,-161.8486,194.9910,124.8732,-114.8111,-89.6702,-3.5103,-38.6424,-136.7250,-69.2994,-19.7346,-53.3242,-107.6528,56.6788
-82.9238,-14.9076,-104.8693,-45.1710,45.8264,44.4451,-86.7881,252.2336,9.8032,-66.8025,-73.2112,-84.7992,-54.9839,-17.9791,-27.9806,42.1276,-78.6495,-225.1741,129.0705
-78.0905,-11.6190,-89.9137,-57.5041,13.0072,143.9588,12.8358,316.4418,-9.8115,68.2930,-93.2830,-16.0057,-76.1968,89.2383,3.0953,186.0835,-63.0471,-399.1093,152.9974
-96.7465,19.5192,-115.8892,-38.5926,-67.3542,133.0964,36.4642,373.2199,213.3803,122.6783,-154.2490,74.1103,-110.7925,102.0853,41.7231,244.8086,-60.5153,-538.8386,130.2704
-98.8402,2.0312,-155.0451,-43.8580,-175.8119,77.1819,5.8963,401.8067,330.4569,143.8170,-189.8362,42.3888,-150.3938,108.9111,104.2420,244.7202,-50.5126,-526.1444,100.9843
-68.8911,-11.6984,-131.7854,-11.7588,-233.7068,60.2373,-31.1248,368.2467,57.7444,142.6795,-154.3590,9.7508,-156.4048,139.2963,103.7416,261.7744,24.6960,-420.3642,59.2054
-37.5589,63.0692,-71.7314,88.9783,-241.2543,49.6121,-112.3800,300.0096,-311.7854,62.9709,-83.1805,95.1165,-146.7802,141.2896,-7.3548,223.2878,123.3893,-343.0890,-0.2659
-9.6657,207.8487,-44.7620,194.2585,-266.4124,36.4158,-197.4570,272.3311,-389.3989,-8.8360,-34.7718,206.7845,-175.7767,150.3524,-108.6545,135.2902,147.7892,-272.7296,-54.7967
47.8187,323.1690,-33.8537,212.6372,-331.1266,27.3666,-220.1458,235.0914,-277.7465,-42.1724,-23.2220,219.9131,-216.1953,166.9482,-113.3504,107.2588,73.1639,-216.7002,-130.4619
99.4094,324.5827,-8.3978,116.0561,-379.5138,-40.6137,-242.6598,92.5851,-226.1938,-133.4497,-24.5641,153.0146,-199.0909,101.6833,-84.9907,109.4364,-31.3955,-225.7245,-239.6378
70.0395,258.6929,-2.3445,22.8388,-329.3444,-137.1025,-268.3055,-51.5274,-182.0180,-204.7903,-25.0718,126.3929,-137.1619,15.2946,-72.4245,53.5412,-78.0812,-183.2501,-295.4110
9.0107,266.6754,-30.7005,58.1527,-168.9444,-149.8306,-186.5211,-52.9420,-84.0410,-137.9982,-40.4885,196.2697,-83.3209,45.7199,-67.8301,-21.9463,-55.4022,-23.3291,-246.5657
16.3615,349.7770,-67.0324,138.3341,12.7582,-106.1708,-31.8883,24.5150,-73.5839,-61.2773,-76.8862,283.0645,-34.6669,125.5674,-73.4376,-36.7672,-35.8927,88.9365,-151.8208
38.9462,362.4771,-108.6395,124.8236,146.1910,-59.1558,76.8410,95.8899,-155.6313,-58.9715,-103.7833,307.2223,35.4099,136.0360,-51.1332,18.1217,-63.4584,106.0997,-48.9969
-11.7564,290.8189,-152.2856,53.8918,240.4687,45.0473,158.0482,185.6297,-152.2320,-13.6824,-96.8461,277.0625,123.0793,124.4666,25.8965,70.0074,-98.1499,149.7482,62.0113
-60.5540,258.1782,-169.9356,3.6693,284.9382,171.3598,235.6162,253.3993,-40.2211,55.6659,-71.0656,216.0726,200.6729,138.5233,69.6049,42.5121,-95.7307,182.3710,151.2942
-34.8318,271.3723,-162.0567,-28.9157,251.3796,230.8879,264.6958,251.4142,65.8218,31.8454,-47.1447,166.0000,226.8974,153.5361,29.6098,-2.6356,-61.0384,134.4084,215.2405
-22.1765,239.3207,-147.7578,-36.1553,185.9513,283.3404,269.7869,260.1267,109.2928,-8.1484,-26.6075,184.3321,180.1259,193.8072,-14.8475,22.7042,-22.2211,99.9644,262.7819
-63.7613,161.9947,-125.9541,-19.3586,134.3504,352.1444,254.6814,295.3770,42.0324,12.3268,-12.6246,221.8076,97.6382,256.1591,-44.5054,20.2123,-2.9462,92.9733,236.6304
-60.4910,103.8843,-118.0237,-28.0699,55.6030,319.3201,157.3532,264.2959,-118.6484,4.2166,-20.4068,192.3452,24.5556,258.7007,-100.0076,-64.5474,-3.9439,26.6861,127.9818
2.2191,92.8987,-159.9054,-58.3081,-74.5534,193.7153,58.2868,195.2392,-171.6272,-20.2640,-50.6030,142.3685,-46.0646,196.0886,-113.0698,-47.4557,-14.8753,-60.0842,39.1724
28.3177,130.2885,-215.4687,-77.8892,-207.5679,90.1040,59.7659,162.1725,-33.9901,43.2569,-68.1350,124.4128,-124.8105,129.9617,-43.4763,111.8602,-47.2188,-122.6799,-5.7026
17.2762,192.5714,-215.3538,-115.9007,-309.5713,-4.7175,34.0074,101.7494,45.1097,95.3768,-44.9150,90.2353,-187.0676,64.0331,-11.7717,180.1525,-98.2358,-196.4067,-88.7189
30.7284,221.6129,-174.2532,-171.0294,-372.4602,-117.0154,-105.0463,-29.0787,-74.7414,-20.0245,-16.9920,56.5839,-220.6197,1.8739,-68.0724,90.2724,-113.3415,-223.8032,-205.2892
38.8803,183.9629,-162.7053,-178.5960,-373.8681,-179.1708,-200.3572,-154.2041,-166.8452,-191.6904,-38.1003,86.9141,-238.2169,-17.9908,-100.3735,-15.9965,-73.5017,-148.6413,-287.2767
-7.2262,106.4092,-208.9239,-137.4823,-318.3770,-180.8627,-189.3668,-222.1583,-118.8828,-215.6741,-102.1150,117.7517,-242.4838,-7.6633,-68.9792,-102.7735,-56.5219,-62.3225,-336.6452
-84.2893,32.1687,-292.9968,-117.0182,-244.3304,-167.0129,-177.8356,-224.4409,-133.1704,-123.4601,-176.1268,74.2246,-231.1901,-10.8538,-55.7856,-151.4169,-123.6350,-16.6369,-355.4248
-159.6974,-5.0064,-370.2722,-149.6732,-165.3805,-138.3652,-147.0020,-150.4322,-226.9166,-55.1769,-241.3185,12.0242,-211.7315,-39.9722,-95.3535,-83.4234,-220.0992,41.3316,-302.4203
-209.7416,31.6750,-387.2079,-179.3590,-76.8514,-80.5601,-34.4148,-21.9077,-156.3566,12.2924,-263.8737,5.1477,-188.0594,-71.0673,-126.8472,-2.3666,-249.3764,124.9059,-186.8011
-196.4102,145.8337,-330.3714,-116.9401,15.2720,34.3172,93.1874,140.3522,55.2685,131.4147,-225.0843,61.2836,-148.4994,-39.8534,-62.7552,-66.7709,-187.9940,223.0583,-42.0091
-113.8548,266.2429,-222.8170,4.7029,110.1979,201.7518,214.6555,307.9200,157.8527,183.9303,-149.9212,125.7094,-65.0531,67.5037,84.8445,-148.3054,-92.9588,314.5855,126.8282
21.2933,335.3071,-64.2871,56.7307,197.8764,306.6897,359.8374,397.2016,177.8640,126.6221,-31.0294,123.1866,56.3267,143.5890,153.5688,-46.9631,-20.3358,344.1654,264.0442
213.1274,404.3789,128.6268,70.8515,236.5325,295.9113,432.3031,412.1488,268.4516,150.5664,132.7471,101.5125,115.2856,140.8115,81.3853,145.6264,30.5212,333.1751,301.3661
428.8398,523.4410,266.3157,167.9931,202.2800,269.4469,381.0433,462.0125,322.4529,294.7090,223.8257,167.3248,24.9805,153.9456,54.1792,215.6231,84.5776,330.5171,296.0652
608.3958,640.2609,303.8623,264.9940,133.1027,243.5013,339.7231,516.8417,253.1764,330.0301,176.3483,237.8625,-119.6271,200.0386,152.7268,152.1538,149.2096,297.8485,329.4642
767.6078,728.9339,325.4242,262.4066,86.8556,163.8776,362.7456,486.1613,211.7495,230.8699,144.2277,200.4253,-151.3784,210.7535,205.1520,109.4693,217.9579,295.0825,349.4879
921.4551,821.9424,388.7947,274.2960,82.4105,112.2009,354.2162,467.6280,204.0854,205.1964,229.8436,160.5812,-62.7766,227.3796,193.9955,143.1839,263.5567,442.0739,300.9022
973.8622,850.7669,425.7391,322.7240,102.7889,119.7011,306.4413,523.5245,80.9964,241.6718,290.7585,164.2071,44.5073,281.1926,270.2606,129.1821,249.0853,580.9042,243.9194
868.8100,731.6998,385.7063,277.9719,141.3394,64.0196,275.3826,506.9500,-32.1627,205.1327,233.5229,77.9104,129.1939,267.0722,324.2303,16.6462,197.7276,526.9172,209.7430
699.6686,564.9426,321.4588,216.9783,214.4015,-28.6419,241.3313,392.9355,67.0250,173.0782,166.1322,-46.0648,194.8990,160.1978,191.4359,-7.3882,180.4762,468.8572,155.7906
546.2467,464.4277,288.5938,271.5845,318.0849,-24.1728,221.8836,341.6335,217.1787,218.9544,149.5076,-41.8989,244.5415,68.0227,82.5931,172.0011,202.2784,565.4766,112.1721
403.0907,375.2370,284.7440,322.7191,415.1412,35.1846,288.5659,371.7845,187.6265,231.9401,135.4070,12.3744,296.9817,41.8029,176.0789,325.1140,204.7252,647.8644,142.3480
287.7655,260.7173,284.5568,295.5330,484.5733,93.6401,388.1461,397.6845,63.6161,177.7003,129.2004,12.4692,339.7822,93.0518,237.9985,204.4894,178.2255,653.6790,205.7337
218.3339,175.3426,276.1327,299.8896,535.0087,209.7027,413.6359,427.9527,15.8615,142.8162,148.4291,32.1086,330.1005,202.6306,138.9026,-47.1979,168.0763,696.5126,257.5691
145.5737,93.7772,280.8056,326.3498,562.4050,336.3901,402.5147,461.0335,71.6481,143.3882,137.4748,52.3184,284.8936,224.5340,101.2483,-96.4509,198.7671,721.9426,337.2041
40.5603,-34.1069,306.4037,318.8305,543.4763,391.5855,425.1127,451.0904,182.5455,160.3393,71.2286,-1.6196,236.8876,102.6879,165.4928,109.8164,252.2503,661.8759,422.8278
-59.9476,-161.8748,295.6100,349.9150,468.9263,438.3050,420.6889,422.5300,240.4116,187.1948,2.6827,-38.8144,158.2550,26.6648,133.0146,321.8257,291.0217,607.5280,430.3187
-140.6185,-272.7205,227.5345,383.5108,355.6722,492.3763,338.8489,413.5143,167.4160,178.9099,-25.9125,-37.9733,56.6536,88.0122,53.1833,349.3527,295.4362,561.8095,401.0072
-222.1592,-403.2550,185.8207,307.0713,228.8058,482.1627,256.6065,436.1260,80.9190,136.6702,-18.7101,-108.2286,-8.5450,168.7577,93.1174,212.5640,279.0796,459.1173,425.8935
-288.4931,-502.8513,203.2029,218.6124,101.0337,446.9672,212.5966,512.0820,126.2643,122.9946,-5.4362,-175.5098,-61.1353,245.2052,128.2382,47.6612,251.5800,351.2050,450.0798
-307.2350,-526.6514,199.3763,205.2196,-19.6330,407.4724,125.1396,564.5981,217.4082,118.7265,-27.5695,-150.2364,-158.3796,295.7274,-8.2938,71.8304,208.1704,252.2666,387.3190
-323.1912,-565.3075,144.3718,132.7115,-100.7192,262.7220,-14.8059,460.8906,182.2233,66.9525,-98.8527,-200.2411,-243.8162,157.3301,-176.2397,371.9001,157.2510,109.4850,277.3166
-411.8827,-675.3476,70.2566,-40.2611,-101.5767,42.9357,-74.8239,270.9029,37.5531,-0.7995,-179.4451,-388.0569,-229.0112,-80.5764,-172.8881,608.4691,81.1234,-16.4011,180.1410
-521.5037,-766.4578,-53.9258,-189.5901,-38.0554,-105.2998,-13.9249,175.0129,-61.8575,-41.3163,-225.6141,-517.9309,-140.7423,-118.1982,-58.5979,433.2097,-78.8609,-72.3416,86.7843
-536.1039,-778.7861,-227.7703,-286.5019,20.6738,-183.5826,23.3458,154.2915,-62.0896,-67.6209,-242.6249,-562.7330,-82.0937,-56.9654,-37.3887,114.2837,-288.6071,-116.1103,-16.7892
-512.8273,-788.7607,-319.9614,-341.3795,38.8434,-256.2580,-46.8714,85.7690,-42.6406,-93.6418,-255.9435,-657.5129,-106.2067,-170.9206,-136.3064,60.9617,-383.8671,-136.9921,-117.2980
-586.1339,-874.4164,-261.2896,-311.0109,37.6034,-291.3463,-129.6466,-18.5095,-32.3879,-132.6346,-263.9969,-752.2493,-162.5925,-303.2984,-168.6097,121.3038,-292.8316,-88.6984,-185.6287
-664.8882,-986.0486,-152.3045,-238.9314,35.8422,-264.9843,-157.9756,-88.8600,-10.1866,-208.4695,-254.7589,-760.6514,-177.4230,-292.1173,-67.8837,45.5447,-141.3059,-32.2175,-190.3434
-597.0521,-1023.7827,-65.2822,-192.3048,39.9740,-198.0174,-167.4729,-112.3063,-61.6841,-302.7474,-222.3792,-736.4663,-163.3997,-323.7625,-24.2056,-32.9809,-30.8885,4.8835,-126.1148
-502.0558,-999.3571,31.8037,-125.1130,69.0158,-89.4177,-135.9846,-68.1161,-181.8297,-324.2222,-152.8827,-658.2325,-160.4718,-345.4998,-117.0397,-30.0888,81.8115,88.3647,-0.1980
-499.6603,-961.5502,127.4916,-7.3489,122.7183,52.0967,-8.2310,76.8256,-101.8750,-186.0618,-65.4042,-462.7784,-139.5044,-141.6572,-162.3327,-56.1461,211.4168,209.8107,165.2379
-407.3683,-832.7902,164.7670,92.3775,157.5116,182.9597,146.0606,256.6847,181.6406,-0.6824,-25.1047,-263.2509,-98.0697,30.0021,-98.9759,-117.4628,282.2328,272.0422,284.0410
-153.1383,-611.2784,145.8135,94.1075,127.8888,241.3433,215.3431,321.5117,185.5665,-48.3305,-33.4129,-159.1228,-112.3569,4.7298,-87.8977,-204.5014,268.0285,205.2277,286.6538
-8.0882,-519.5208,97.7596,-11.0056,19.0504,199.4769,204.6276,253.6611,-165.3689,-307.8754,-29.1158,-81.7689,-185.5760,169.3545,-142.5471,-263.7239,207.7097,48.6097,233.3401
-60.8771,-599.5084,34.9102,-94.4066,-145.2313,135.8409,170.7921,218.3544,-267.6857,-380.9218,-32.4717,-53.0715,-236.4220,390.8615,-112.8459,-109.2131,144.9442,-54.3996,202.3034
-82.9425,-610.3285,-4.5785,-47.7185,-289.7544,92.8698,119.5651,240.1496,15.4343,-200.7771,-86.2675,-197.8920,-267.7369,-50.7649,-19.6462,58.4653,142.1587,-66.6596,176.9875
-36.9871,-556.0018,1.5192,-13.8709,-315.4238,-39.4260,54.6229,131.5325,108.1019,-159.5657,-120.2246,-413.6715,-327.9589,-866.3859,-21.5401,-195.2206,206.1402,-115.2756,150.0665
-52.1059,-619.8135,26.4925,-111.4471,-175.7372,-220.5213,36.9565,-57.6495,-87.3998,-289.3971,-101.8143,-459.9689,-355.9525,-1006.6253,-107.7828,-542.1915,225.4709,-164.1150,158.6971
-78.7696,-647.0917,52.5528,-168.0922,69.8790,-203.9429,127.4628,-40.5466,-105.5771,-239.0130,-127.4476,-355.7868,-275.2165,-543.7579,-110.5793,-419.3450,145.9037,-43.4120,187.1931
-101.0420,-483.2318,67.7639,-116.4707,292.2276,-32.2834,285.0592,127.3631,36.2072,-79.8383,-184.3314,-304.4782,-142.7016,-336.0442,-1.8541,-220.2902,68.4702,125.8439,200.2584
-206.9761,-377.1674,38.6630,-129.1516,405.9065,3.9677,376.8219,142.3629,12.6085,-120.7881,-137.2671,-339.6241,-52.3415,-409.1700,46.7244,-374.6569,55.6985,118.6669,197.9462
-247.5114,-433.8288,-40.3330,-183.7427,414.2043,-81.1351,325.1996,34.0064,-41.7409,-228.0545,-38.0873,-365.0896,-29.6079,-353.3718,-35.9042,-405.8660,36.0735,35.6012,144.9227
-87.7101,-418.3885,-144.0487,-168.4795,340.8282,-109.2426,195.0791,-26.9696,41.5058,-210.8503,-66.5858,-364.9231,-81.8666,-282.3180,-81.4725,-177.9364,-47.5420,15.2295,7.3671
25.4532,-336.7382,-241.6496,-216.2053,228.8935,-129.0830,98.7586,-131.4504,46.7668,-271.3968,-184.6404,-348.8457,-176.3018,-317.4578,16.6727,-252.8599,-148.2454,-33.5993,-132.4010
-56.6681,-392.7831,-276.7041,-364.0523,167.9480,-186.6200,66.5808,-326.8570,-58.2392,-481.3409,-217.9698,-304.8930,-201.7168,-295.2678,114.1478,-495.1727,-178.6778,-122.4567,-180.3065
-109.5748,-518.4340,-228.3426,-406.4233,179.8964,-196.4495,49.9706,-435.6951,-53.1637,-564.6505,-161.5759,-266.2632,-126.4038,-266.2509,82.2065,-338.7671,-114.6699,-142.3792,-170.0828
-37.1791,-510.8630,-152.6681,-304.2549,191.2927,-160.8036,23.5461,-390.1783,-8.8913,-445.3837,-108.5337,-212.6575,-65.8172,-294.4413,-3.7261,-50.2280,-25.8510,-99.2969,-157.8502
33.5512,-310.6742,-75.1980,-158.5657,181.6420,-90.8428,11.9990,-281.6605,-79.3916,-325.3637,-63.9229,-65.3008,-79.9618,-195.2061,-49.6872,-82.8854,25.4645,-30.9311,-133.3064
71.2821,-20.8608,8.8378,6.6330,161.6137,34.1004,5.0091,-172.8734,-111.7108,-246.5949,-17.2330,87.7640,-101.5861,-14.4867,-68.3169,-217.6570,46.5541,39.7710,-105.7218
80.4658,153.5851,58.9886,107.9937,96.4810,108.0886,-31.2928,-92.8754,-0.8367,-79.2918,5.5223,125.3476,-82.9958,32.8258,-79.2645,-202.4497,47.4755,47.7524,-88.3719
65.9929,196.1842,83.1464,109.4905,36.7259,99.3386,-55.6043,-15.8246,97.1305,152.0846,17.1733,177.0487,-32.2489,36.5011,-75.0179,-84.3507,32.7805,38.2625,-36.1386
115.3059,326.0598,118.1699,150.1409,65.5523,131.5685,-25.8184,86.9726,93.3897,253.5024,34.6115,318.0623,28.1149,85.9846,-61.8993,94.6900,30.4317,88.3426,32.4671
191.8274,529.1234,84.1348,222.1144,86.4158,159.8407,3.5144,127.7583,56.9703,194.3238,34.9385,358.8673,69.2122,102.1998,-36.0621,200.2832,33.3155,105.5078,14.1991
168.9340,604.2219,-48.3843,209.2498,9.3988,98.3108,-0.8097,90.7252,43.5684,197.5602,17.3718,291.8040,105.8469,197.3310,2.3800,143.0577,11.0922,75.9043,-73.4509
130.7138,631.7915,-118.8721,214.5937,-44.6995,85.3641,4.0108,113.7739,68.1171,346.0138,-2.3812,321.0280,166.0265,381.5603,24.9924,138.8389,-4.4620,131.8196,-95.8327
172.9616,728.0126,-63.2802,301.6392,-18.5688,157.9456,21.8588,194.7788,106.1066,445.6274,-29.4470,398.8541,197.3698,374.5245,44.0500,259.2415,14.7319,211.2728,-35.3959
191.8917,740.0965,0.9074,324.3495,-26.3339,166.0173,20.5113,216.4956,102.3098,414.3437,-40.0118,384.1104,168.8707,264.0556,76.6744,275.8969,18.4754,187.5712,-3.6333
180.7392,639.4337,43.7421,282.8007,-85.6552,126.3596,-20.0674,194.2748,50.6913,352.2191,3.9502,344.0273,157.5518,348.5108,46.5664,185.1431,-13.2424,138.5141,-51.0753
220.8273,586.2421,90.1181,272.8842,-139.4224,116.0013,-127.3508,158.3036,-19.6776,282.0869,70.9273,302.2534,179.5340,411.4264,-56.1029,181.2334,-31.2217,113.6406,-116.0846
214.3847,530.9182,88.6786,223.8616,-204.6261,76.3973,-248.4670,88.7059,-92.7341,215.3090,102.7163,230.9042,159.3077,256.5645,-78.7121,264.7752,-36.4685,71.2103,-122.4182
122.7933,374.7531,69.4531,118.3881,-244.2614,20.1870,-252.3962,51.3007,-121.1456,204.0646,106.2441,268.3288,120.8229,191.4724,0.5899,319.0482,-72.6411,50.5976,-59.9706
85.0660,260.1224,91.7822,57.9777,-211.1312,4.2317,-167.2632,70.6301,-59.8460,217.9996,118.9860,424.7099,125.2239,288.2651,23.1424,273.1443,-123.4804,41.3124,11.2783
61.3948,252.0424,55.0424,19.0250,-215.5613,-37.3170,-159.1926,50.4988,23.3758,247.7816,130.9305,437.6898,98.9217,284.7042,3.9123,164.4796,-150.9117,-11.0379,19.4521
-62.1663,192.4268,-57.9321,-27.5729,-287.7725,-108.5560,-228.8687,-25.6674,11.7002,277.4003,106.6478,207.0398,-1.5798,211.5433,63.7718,156.6161,-149.0679,-29.2605,-46.5179
-143.6029,82.8034,-61.2508,4.2130,-258.8508,-105.2309,-238.4664,-82.5964,-75.0802,180.3297,72.5972,-62.2525,-47.8429,173.2218,99.6891,257.9671,-105.0828,16.8384,-107.5043
-98.8661,62.0878,45.8257,76.3346,-140.0240,-34.8682,-166.0799,-77.1602,-89.4123,60.7508,98.8843,-161.0269,15.7279,95.6975,5.8227,256.2109,-38.3905,38.1645,-77.0901
-102.1603,29.7772,61.9271,55.7253,-136.4080,15.3667,-87.4667,-4.4386,19.3890,170.6220,159.1001,-74.6938,47.8021,59.7122,-61.7388,143.3660,-40.3935,28.9400,6.0651
-177.4308,-133.1703,-17.0377,-29.4075,-216.2024,20.4588,-45.5422,70.0802,118.5127,299.6557,147.5340,16.5676,-14.0481,145.0753,4.0483,128.1297,-136.2647,-10.7234,33.4069
-171.2211,-236.0179,-67.9403,-91.3970,-199.3627,-4.5653,-44.2683,70.8569,81.5559,167.5767,83.2090,-29.6985,-46.0187,190.2655,67.2273,221.2901,-227.9110,-119.9264,6.1747
-100.0375,-155.1546,-89.3421,-133.7256,-125.9114,-24.5522,-39.9062,51.4337,-55.6800,49.6745,86.1457,-101.9271,2.5057,141.4596,25.2525,255.1046,-246.7961,-209.4542,2.9581
-43.4253,-42.7382,-77.9002,-143.2921,-103.4538,-9.7166,33.8573,69.8755,-152.0438,96.6489,142.8113,-67.8759,35.1033,106.1646,-46.9476,157.1180,-198.5137,-207.6659,36.6782
-1.2122,20.7295,-19.9808,-118.8216,-91.8418,8.2591,152.9259,64.2413,-107.2874,-0.2462,146.3656,-0.0000,19.4879,105.9725,-41.6186,10.5595,-113.3276,-182.7224,71.7459
-29.2946,-3.9700,-11.8687,-152.9483,-62.4164,-5.0782,213.8031,7.0874,2.2003,-200.8474,102.3203,40.2326,19.0205,146.5775,42.1705,-36.2757,-77.9433,-156.6047,66.0391
-102.7191,-184.7092,-51.8492,-228.0206,-35.9884,-15.9814,185.5966,-43.3511,-7.1262,-206.2112,71.4971,115.3625,57.6904,197.0049,91.1338,30.2349,-120.2176,-144.4415,1.1786
-73.0975,-315.4329,6.8824,-197.7552,11.4231,12.7839,141.4368,-59.2305,-139.1487,-154.8276,52.8942,232.6929,112.5803,155.5779,52.0224,77.6412,-97.9938,-177.7970,-37.4251
-17.3635,-257.7218,149.7123,-107.7799,55.5813,55.4234,130.7592,-54.6897,-218.6168,-233.5786,46.4704,299.8890,143.7474,79.7476,30.2052,91.5317,28.0221,-133.0343,10.0264
-77.5912,-275.3378,256.1647,-100.3436,60.3112,84.1125,120.2024,-57.9457,-199.8717,-302.1093,60.3542,269.2642,107.5786,68.8832,71.9368,115.3119,87.3348,6.8068,20.8692
-112.5464,-361.7646,321.5787,-106.7653,112.3588,112.2315,79.9856,-93.5136,-169.6435,-305.9742,76.5621,264.8886,29.5722,58.9198,70.2312,62.9084,57.8295,13.9790,-61.8357
-99.2558,-314.3120,324.2795,-91.7209,240.2582,109.7209,45.3798,-153.6763,-159.6796,-292.5826,117.3181,424.2235,-29.2321,59.3465,12.9437,-20.8013,49.1602,-82.5212,-110.0558
-203.9800,-392.6227,247.3802,-152.9970,327.3799,57.0861,64.3677,-205.9904,-169.0518,-223.3708,172.3077,552.6138,-62.4713,83.8082,26.6916,37.2598,0.7355,-75.8471,-119.6151
-258.6113,-555.2583,210.1773,-182.4535,354.1422,71.8902,135.4032,-198.5548,-146.5979,-160.5979,123.7818,380.0412,-52.3634,-27.4253,121.8831,118.4616,-90.7107,-94.7426,-143.1688
-181.9899,-411.0208,208.6485,-140.8482,376.4811,150.3796,208.5729,-141.0708,-43.2950,-134.9924,37.2174,180.4413,19.4004,-114.9479,144.9469,87.2075,-88.8818,-149.5165,-76.0670
-262.6884,-451.3680,195.4581,-226.9235,389.9753,78.7530,225.1103,-159.9897,-64.4391,-43.0474,213.0548,361.7826,91.0885,182.6821,0.9306,160.0063,-120.1357,124.8438,-64.1142
-147.8001,-764.6982,413.8433,-166.2229,431.8282,-69.2621,124.2219,-296.2425,-382.9528,-96.3710,569.9840,544.3360,175.6699,401.0805,-200.5615,198.7536,-286.5010,470.9735,-450.0333
665.8047,81.2997,729.5771,372.2063,383.5424,-43.0661,-157.1262,-423.4747,-648.0305,-549.3298,495.2305,69.1710,301.1087,-236.1673,-278.3961,-365.4595,-241.5293,126.6708,-895.6232
1185.1796,1781.7914,376.6421,644.7767,-61.1849,-61.2012,-491.5579,-457.7705,-481.8313,-854.2018,-173.0732,-718.1975,235.2987,-1112.4907,-185.2735,-1100.4305,99.2379,-514.0177,-674.1240
429.8103,1586.9733,-488.0130,83.5903,-616.3901,-327.9667,-487.1093,-335.4745,-111.0373,-341.8032,-646.7410,-821.2542,-111.9150,-884.6167,6.7330,-777.8951,224.4401,-273.7852,5.6632
-397.3371,-540.8221,-607.7761,-293.8261,-524.9046,-391.4383,-69.9236,7.0680,93.1727,437.1768,-356.1628,-194.0208,-300.6783,160.1812,156.0321,305.6653,0.3048,547.5815,265.1605
-75.5764,-1394.2915,60.4499,187.1293,35.7217,-47.5793,186.9788,326.7376,114.5942,474.0745,96.7354,145.1546,-107.7856,463.0302,66.8638,517.5256,-129.8369,561.2101,6.8101
422.3499,-354.8593,205.6691,492.8963,152.8924,130.3861,-30.6850,295.9218,68.4647,-27.8136,-11.1360,-254.4669,34.9618,-193.2351,-220.8872,-216.0858,-57.1541,-162.6076,-133.0277
139.9694,153.9471,-313.2419,70.2005,-143.9424,-60.2450,-208.3975,115.9894,72.5053,-140.8424,-331.1851,-665.1725,-85.7460,-521.6687,-330.1154,-389.0495,-25.2059,-331.0005,50.9663
-209.7139,-384.8978,-431.5205,-163.4733,-121.1675,-94.3236,3.0533,182.3291,227.2861,215.5969,-227.2645,-509.6119,-131.4719,-62.5949,-125.3393,236.5752,-14.8086,185.1725,230.1655
-66.4542,-529.0717,-50.7841,161.9970,195.2763,174.9805,205.3549,391.5627,397.0698,439.7076,95.4887,-173.4728,8.1930,333.7037,42.2485,505.5211,78.8815,435.7778,251.5537
105.6483,-197.5351,93.6197,356.3298,316.6470,328.8726,142.6683,457.0333,409.3433,393.8859,140.6862,-102.8750,83.2399,246.7544,-18.5413,188.5809,127.9833,238.0339,237.5424
58.4656,-155.1224,-29.1483,214.1272,268.5884,239.9758,87.5752,426.5785,401.7471,402.8759,31.5638,-113.7774,57.6704,151.7525,-75.1470,49.4688,58.8325,145.8118,240.8639
46.2374,-199.4816,10.6404,165.9893,270.7991,154.0964,140.6356,425.4376,447.0192,534.8563,123.8007,37.9123,74.0801,270.4151,-13.8219,230.6519,0.5904,261.2581,191.6618
140.3524,-25.1944,166.4271,275.9663,241.2434,128.0267,67.0373,357.6704,286.7939,519.5482,296.2826,188.4593,81.2063,299.3276,-15.4501,255.0152,4.9366,250.5758,30.4557
158.8296,36.0561,139.4016,259.0925,70.1919,9.8846,-180.1313,123.8918,-54.5213,247.8716,227.0851,147.6624,-41.3252,142.6259,-144.5480,1.5513,-25.2583,23.0655,-199.9035
8.4467,-75.7194,-41.4913,107.3150,-133.6467,-150.5960,-349.7514,-113.5666,-117.5298,26.3029,13.7761,51.2018,-189.4566,48.7430,-217.6243,-226.5714,-87.5245,-162.6310,-314.1683
-137.1811,-22.3860,-85.3426,80.4944,-168.8566,-107.3729,-248.7605,-84.3538,156.2670,138.3754,8.7647,117.6699,-144.3692,151.7436,-109.9997,-187.6624,-44.0417,-69.7079,-172.3914
-38.8184,196.8048,129.9397,253.5317,32.5482,146.9523,30.1016,186.3227,315.1799,373.6723,239.7967,328.0038,101.7094,352.9907,57.9305,59.9823,117.7368,202.5609,80.8736
226.1615,354.2485,423.7745,431.2527,290.3962,332.3806,240.7551,386.9211,235.1490,404.1559,441.9457,513.7739,328.1608,520.8611,114.6096,261.4227,232.8308,364.5696,189.2342
356.5680,380.9644,569.3126,446.8761,351.7249,286.5498,232.4921,341.5627,113.3077,250.2022,459.8141,541.9537,355.0450,516.2603,32.4951,226.2198,185.1418,277.3831,90.0705
229.4734,244.3210,459.3151,264.6381,151.0406,67.1142,16.6840,113.8051,-95.5012,9.8751,286.5272,348.4836,172.9354,242.1539,-147.5596,-23.2492,5.3170,-15.5677,-109.0176
-2.3252,53.7048,168.9238,-11.5566,-127.6124,-176.1472,-214.1710,-121.2432,-320.7783,-214.4346,43.7131,95.1962,-58.0052,-52.1124,-303.8384,-235.5823,-148.1686,-289.2370,-229.3097
-42.9853,150.1678,27.7426,-63.6528,-198.4715,-212.7711,-175.4973,-113.2655,-194.5638,-130.9915,15.0823,124.6460,-85.2668,56.4444,-200.0506,-137.4355,-68.1388,-226.6068,-131.0259
222.3941,517.9018,222.5188,241.0295,-24.8623,0.1848,89.6811,140.7895,135.0239,212.1504,251.9560,391.9810,108.9159,429.5388,126.5793,145.0076,201.5360,60.0237,44.5501
476.3030,706.1096,416.7404,501.5175,84.3179,148.0974,197.6579,261.7546,152.1697,314.6716,410.8046,462.5430,233.3899,526.6126,271.6666,244.3851,343.0387,98.7003,38.0421
446.0036,658.1782,342.6012,434.8225,-12.6020,75.7574,89.5827,123.9568,3.8211,174.2898,360.4041,323.1500,184.5538,363.6971,142.4283,199.9557,273.9903,-90.3945,-68.7340
358.9038,713.0486,252.4031,315.2232,-84.5303,2.2092,55.5455,32.3391,61.8416,205.0717,330.0635,339.0322,160.4176,340.6470,81.5017,249.9560,216.1905,-139.7668,-60.9129
415.2107,846.0960,272.0031,296.8549,-55.1891,-8.1112,93.6415,52.5784,104.6522,280.8989,341.5808,468.8597,193.6989,396.4357,157.0719,256.0304,196.6423,-138.7195,-22.4254
431.2185,835.1511,186.6693,201.6950,-93.3752,-82.9960,61.6213,25.1004,37.4211,179.6731,267.9534,481.1953,169.1331,319.6266,165.5863,127.0101,99.3449,-258.3224,-41.9774
348.5201,759.5120,57.2353,90.1664,-161.5578,-152.9031,96.4181,39.4159,181.2875,192.8062,216.4792,489.0186,140.0231,259.0175,162.5014,138.6360,33.4759,-278.0792,6.9539
347.1164,734.9709,95.6962,133.6289,-123.5384,-135.2308,230.5731,135.0390,369.6097,340.0413,252.2155,558.1011,155.5724,279.9637,247.4711,304.9325,110.6024,-165.0926,100.6370
423.9821,729.6404,169.2009,209.1818,-52.3641,-116.4677,261.2560,120.7135,232.4704,261.8843,256.6098,526.7184,153.7800,228.1721,285.9392,325.7006,205.8968,-135.5376,96.2419
458.8612,761.5697,141.2300,211.8036,-6.2623,-80.9111,239.2660,51.6633,78.9306,113.9750,257.4961,448.8094,186.8291,159.4677,258.6118,208.1648,218.3382,-99.7336,83.3203
448.4587,809.1633,137.2348,235.3461,71.0701,44.8225,339.2482,143.8491,248.5137,229.8593,317.9107,471.6140,310.7567,196.3309,297.8338,146.0117,189.2863,53.3408,182.4237
401.6144,766.7933,177.5522,273.9270,131.7348,154.2332,447.1494,300.6580,461.1768,395.4088,326.9190,504.8186,407.3230,246.8503,355.3543,121.7929,161.1587,128.7642,295.3871
343.2712,698.0844,171.0045,267.7619,120.9313,162.8046,440.2787,346.4828,474.5413,412.8220,281.2048,499.6574,415.9667,254.5867,348.9182,77.5961,162.9168,83.2200,321.1511
349.5473,732.0530,158.5859,261.6258,100.9390,139.7167,403.6900,322.6570,370.9583,439.4707,294.5780,539.5646,405.6861,272.4440,362.3779,22.1186,188.6574,73.5321,264.9254
379.8195,797.9162,164.5382,251.0319,79.1053,104.0296,364.7307,262.5959,223.7356,451.5211,313.2966,557.1469,383.4942,281.1027,401.2562,-52.1656,190.0969,79.2037,169.8293
353.8441,810.8835,142.8294,220.5616,32.9648,58.6944,285.0824,171.4339,178.0411,349.3062,276.4727,493.6063,335.6619,285.1206,333.5652,-68.5491,201.7453,67.1184,132.1870
331.7617,794.4147,126.7901,246.4260,22.9181,78.4950,188.6908,136.3799,332.7558,291.6120,259.2687,470.3383,273.4044,319.9930,158.1571,43.0325,259.0736,92.9812,163.4337
343.1467,689.2424,125.6232,276.8322,26.4154,108.9549,66.5150,115.5871,423.3437,287.8463,249.2472,482.1982,157.5848,285.2829,23.4409,178.5237,250.5393,51.1947,126.9245
314.4685,494.7523,81.3955,171.8135,-52.5622,19.6718,-68.0768,-13.9172,268.2354,150.7204,177.7086,395.6330,21.2299,129.6114,8.8846,263.2705,127.6097,-113.6793,15.6717
265.3606,446.7156,23.7302,15.3110,-151.4930,-108.3681,-115.3239,-153.5837,109.6624,-5.1309,89.4950,274.8192,-19.0280,20.4772,55.9352,319.7313,23.6457,-205.4081,-31.7979
252.9483,615.6400,-6.6882,-38.4838,-159.3029,-122.3089,-85.2129,-158.5649,113.6233,34.7460,26.9088,248.8598,7.7594,67.6348,93.8351,295.9578,3.4877,-173.8244,-10.1107
242.2420,722.1187,-45.1776,-32.7165,-116.7785,-50.2232,-69.7233,-87.7464,192.6793,154.9981,-12.7486,262.5925,14.1795,166.5437,131.0625,206.4054,13.1065,-177.8259,28.2988
234.1809,637.7518,-62.0961,-39.9352,-76.8154,25.6093,-38.0236,-17.5181,308.3046,198.0759,1.5151,236.5294,59.0906,193.7418,164.6767,164.8594,40.1147,-206.0228,108.7574
264.5940,548.7585,-15.1758,-41.5508,-12.1139,86.9019,44.4335,47.3918,408.2659,227.7734,53.8412,194.9764,170.6018,143.5474,144.3757,113.7614,66.1509,-167.1054,174.9857
269.6282,548.5155,-0.7928,-22.0008,56.1925,137.0962,107.3090,85.5942,392.6542,308.8785,83.9839,173.1826,251.0431,117.8796,117.5140,16.9470,37.7976,-102.7806,142.5656
206.0728,553.0989,-78.1932,30.1575,66.1746,204.2740,121.2730,121.8993,327.9962,391.7910,93.3832,172.2633,277.7804,184.4739,166.8363,76.0593,-18.1209,-42.8560,82.5218
152.3677,523.0654,-130.5748,78.1473,23.8893,256.3748,93.1370,159.2928,310.5636,388.1732,89.7393,143.7618,285.7812,218.1633,198.3445,263.6257,-41.4267,-9.6645,52.3223
150.0684,480.8768,-81.9741,38.0490,-23.7355,189.7718,-0.1197,93.8494,282.4044,257.2081,64.9584,44.3735,239.6371,107.0321,104.6554,266.2817,-34.4572,-64.9972,-7.7456
160.0665,471.8836,-15.4473,-21.2901,-51.2105,62.7764,-106.7386,-41.4382,204.3684,100.9013,59.3679,-51.4048,145.0211,-4.9895,-9.0331,114.4119,-5.6944,-120.7326,-77.3853
176.5195,535.3329,4.5055,25.3217,-53.7577,32.9464,-139.7848,-83.2966,119.1156,30.1299,83.7830,-73.4226,87.3320,-7.6406,-32.7982,65.2333,46.7523,-65.7904,-80.7445
209.0199,611.1883,14.9445,86.7680,-48.6861,48.8971,-126.2750,-76.2760,58.0762,-26.9931,91.1551,-83.8140,80.1072,-25.9224,-7.8350,55.6183,94.9621,-16.0743,-58.7879
244.3813,630.1642,39.3830,74.3888,-71.0404,12.2926,-125.8858,-129.2151,46.0972,-130.9104,82.3254,-93.5769,60.0037,-85.5015,30.5444,-17.6289,113.9101,-45.1672,-71.2449
289.9407,641.4384,53.3928,100.3034,-127.2824,22.8504,-118.5989,-138.3465,52.0471,-174.3372,75.1495,-43.6322,9.5797,-63.9958,65.9783,-14.8308,102.7924,-27.7411,-80.7673
335.4156,664.6314,67.4876,169.4589,-157.6731,134.0332,-61.6041,-51.3396,26.3751,-116.0736,58.8229,-18.8398,-15.2592,-10.7386,56.6962,64.2969,85.2323,46.2385,-37.6102
331.9051,624.9245,113.2029,152.3002,-88.8438,239.6848,48.9467,17.6202,43.8989,-36.9334,66.4436,-93.0157,40.1023,-19.2982,56.0326,71.4399,107.3245,84.5313,53.0725
301.2353,529.6014,155.6968,94.7334,53.3218,302.4140,152.3428,65.5564,133.1071,47.4632,113.9276,-126.7484,135.9784,8.6941,129.0931,60.1361,153.5339,126.9059,136.7525
312.6182,452.7686,139.4999,90.9480,145.8196,347.4761,173.4633,136.7721,167.3993,126.5539,118.3073,-49.7518,174.0973,114.3092,184.2344,120.4536,136.5317,185.5706,156.3938
314.7009,387.8329,82.6251,78.6180,120.9356,359.4826,155.2475,158.2152,171.4088,132.8068,44.1264,2.8926,154.5238,163.9659,163.9219,163.8543,52.9546,164.1333,136.9468
203.8172,306.0091,25.3685,29.8398,45.6562,345.3190,193.6584,126.9636,264.7013,108.8416,-18.8713,-10.4865,167.5032,131.1269,173.7761,126.6713,-2.7002,78.5871,138.0142
46.6741,247.5579,-26.8685,8.6080,22.6303,307.0870,248.7548,117.3059,314.6901,157.0274,-9.2835,-2.7374,225.7516,118.6880,243.6730,64.9815,-0.7459,35.1177,126.2876
4.2375,267.6151,-53.6868,27.4022,66.5233,237.9765,226.3503,89.1173,218.3158,215.7109,29.3677,21.2607,259.7809,127.1092,279.3883,52.5376,16.1213,65.3333,43.6513
77.3451,351.2798,-38.8439,73.8825,97.6936,196.3827,137.1404,4.7728,161.7672,156.6612,31.8164,11.6376,242.6899,78.2786,261.2056,119.1233,27.6798,127.0778,-63.1590
134.9374,407.4569,-28.4232,113.4451,55.6637,152.4887,35.4702,-67.9398,182.7205,30.3768,-13.2162,-10.7099,207.7184,-18.1114,217.8769,174.6440,20.2096,127.2827,-118.0630
136.9601,394.6808,-40.3930,76.4786,-8.6940,-35.7754,-25.3958,-110.1165,115.6320,1.9024,-48.3413,-10.9008,198.3253,-77.6739,157.4108,102.7418,-5.9092,28.0273,-118.8585
151.8571,392.1102,-18.0042,14.3852,-24.2119,-290.8263,-0.9549,-153.6155,25.7493,83.6043,-25.8396,24.3931,223.0634,-71.9509,139.0346,-24.6720,3.9762,-54.5151,-100.1632
195.4141,427.1022,29.6774,41.7333,-23.5286,-373.9387,40.1484,-189.1677,19.7477,107.9201,12.5517,76.5476,231.6338,-50.7969,177.6390,-73.7114,66.1992,-60.0686,-87.7594
198.7097,413.4163,27.2253,108.2909,-51.5220,-292.1739,7.2161,-213.0727,-14.2136,20.3044,21.3860,92.0837,192.4409,-18.0273,165.3016,-63.9278,114.7633,-76.4398,-80.3285
131.9228,358.4771,3.3003,125.2080,-64.9025,-188.5194,-25.2325,-209.5887,-54.7394,-21.2991,30.6016,79.2738,146.0380,76.3194,89.4026,-48.5438,128.2665,-84.6573,-45.7717
60.4604,339.7431,33.5658,130.4576,-50.7677,-56.4933,6.5052,-147.3216,13.0063,30.4440,51.8589,103.0159,106.0435,173.2886,67.8122,-34.6196,148.7091,-11.2772,9.6030
51.3333,304.3202,65.3912,140.1819,-70.3672,95.8959,-6.3208,-97.1009,19.6031,17.1680,50.5267,141.8450,43.4839,160.2372,91.3571,-54.6145,167.4507,42.2980,19.1964
80.4242,212.0935,19.9101,135.1169,-112.3210,169.2552,-93.2019,-134.9121,-139.8224,-73.9501,38.7074,137.6835,-0.8130,90.5289,73.0361,-80.5182,150.5042,24.0304,-36.2753
86.8154,182.3927,-40.4387,167.2838,-103.7455,169.1783,-117.0418,-179.3020,-215.7576,-80.5314,55.0603,129.3120,33.9052,83.0458,69.5777,-40.9372,125.3366,54.3081,-97.8914
77.9689,254.7141,-22.8423,226.7316,-52.4108,148.8510,-41.9082,-164.3914,-123.6126,-3.8069,93.8565,151.2673,115.4533,106.8863,132.1416,4.9629,123.8550,112.1991,-127.3117
84.6379,294.0528,34.3222,222.4812,-5.4313,94.5615,31.9886,-151.8950,-75.5150,37.3983,127.9231,145.5755,186.9420,87.9096,153.7830,-4.7480,119.7790,79.5294,-125.1899
62.3782,222.7378,37.4681,173.9914,44.4767,43.4062,58.5976,-144.2395,-100.8482,50.0003,133.3580,89.1338,229.5499,42.2053,94.3387,7.9082,90.3047,35.0669,-80.1185
-23.0081,91.4418,-5.5821,140.4065,113.6097,55.0833,72.6969,-95.2242,-93.5647,63.0567,107.5290,32.8450,235.1877,1.1357,71.4300,36.1898,57.3929,66.8044,-0.1569
-91.0817,-14.9072,-7.2706,84.8481,195.2502,80.9299,122.8257,-61.3607,-94.6855,40.4890,92.0705,-10.2990,242.3784,-17.9660,124.1657,-32.4428,33.9220,86.4898,61.3825
-76.7495,-29.6655,48.3605,7.5753,277.2676,74.7653,202.7920,-77.3077,-108.5959,10.2213,104.5965,-55.0950,301.4770,0.1508,172.6312,-129.6787,5.4888,70.7705,78.6827
-35.0703,18.7761,88.0754,-11.9817,329.1492,73.5911,227.6909,-69.4539,-52.9055,18.0433,103.8428,-59.8797,354.8924,31.1591,198.9105,-104.9263,-5.8148,103.5923,85.6284
-4.6519,46.9128,89.3092,49.2164,333.3582,82.2091,185.3086,-25.3167,26.2160,33.7833,84.2436,7.4676,331.7849,50.3772,228.0135,-17.7895,49.8236,165.1480,106.7136
38.5243,59.7615,91.4861,138.7174,313.7131,69.0848,180.8920,-9.0069,74.9054,58.8368,69.8003,66.5357,287.2304,48.3420,222.5853,4.4272,131.2198,175.0540,130.5705
50.2505,65.8942,78.2206,167.3345,276.7032,56.5371,216.9985,-10.0654,159.6478,128.7677,35.7411,24.9755,269.7995,-7.4775,168.3882,-7.3058,124.1825,128.8914,160.5921
-23.7375,-4.6925,24.6732,86.0844,221.9037,105.2353,205.0535,34.4634,258.3034,200.6754,-10.7871,-56.5179,238.8933,-70.0682,134.5649,5.1744,34.0825,84.8371,210.6482
-103.5951,-105.9786,-6.2065,-0.2200,202.9904,251.8003,193.5027,134.1273,281.7515,227.0419,-4.1454,-58.2117,203.8156,-16.1340,160.2963,3.5565,-9.4030,109.3538,256.5330
-99.5145,-91.2978,21.9731,19.5649,246.1989,446.4507,259.1251,240.8437,307.0015,235.4023,35.7094,-1.3112,207.4651,115.6331,218.3342,-18.5955,31.5533,178.2125,269.3711
-53.2128,10.4015,44.5717,67.4408,289.3631,551.7534,330.0802,287.7427,400.8662,237.6395,31.7653,28.9614,206.1716,171.0209,284.5551,4.0018,78.1473,173.8024,253.8781
-28.8831,62.0662,25.9288,63.0978,288.0974,482.9157,342.5573,231.0767,374.3074,183.4862,-5.2407,37.5043,163.4953,136.6894,315.7467,28.8644,93.4883,82.6759,192.3308
-37.4131,52.6705,-11.8962,58.3936,252.5112,298.1550,309.4338,85.3742,87.9508,21.9345,-38.5827,26.9369,124.8923,49.5023,251.1266,-75.4564,81.0129,17.2075,59.6303
-86.9896,29.9046,-66.0727,62.6938,193.4287,126.6141,214.3038,-62.4231,-224.2101,-196.7717,-64.0404,-42.6111,113.5394,-92.8807,132.7168,-214.6564,30.0426,35.8950,-64.0798
-144.6694,13.4525,-95.1581,72.6743,159.3780,85.0140,102.7740,-81.2839,-288.1422,-282.6705,-32.5097,-107.0372,127.8344,-162.2651,73.3320,-126.9899,-10.4338,140.3700,-58.4284
-133.0388,20.5343,-25.7510,155.5003,210.2029,174.2184,101.4130,49.4367,-199.0006,-148.6594,69.0174,-72.8369,185.1797,-64.3270,73.5031,102.6483,34.0315,278.0661,50.1785
-72.7829,1.4182,83.2053,231.1050,286.8451,224.0382,190.9527,138.6635,-158.9094,-16.6117,117.7506,-9.3807,225.6895,15.1949,51.4042,105.4844,121.3856,279.8637,134.8508
-81.4078,-104.5071,94.9366,139.3783,274.4114,114.9939,223.8461,28.9366,-117.3837,-72.0730,32.9886,-22.8630,140.2075,-45.6582,5.6602,-107.9862,160.8320,104.2296,145.9877
-196.1913,-227.3156,15.5609,-14.0124,170.6956,-33.7758,152.0838,-164.2059,-16.4237,-156.3999,-105.3434,-85.2903,-44.5579,-91.8497,-27.6715,-193.6026,155.9383,-21.0890,101.9240
-339.9469,-298.7460,-51.3863,-50.9930,49.6892,-84.0357,28.7167,-266.4211,10.0305,-132.9954,-208.3204,-135.9684,-206.2446,-84.5486,-70.3768,-115.0194,140.2950,1.4315,18.4185
-433.0133,-348.5030,-75.7437,-46.6295,-41.4436,-76.8365,-76.9995,-283.2867,-45.7554,-130.4785,-254.0954,-153.3967,-307.0808,-144.8022,-131.7698,-90.5255,107.1153,3.1496,-62.7901
-449.3984,-350.3102,-72.5943,-77.7642,-83.8793,-83.1566,-109.3265,-273.4810,-41.9232,-184.0880,-238.5768,-117.9845,-367.3426,-198.3496,-172.6073,-150.2132,71.5144,-52.9081,-98.2637
-415.6235,-292.0505,-51.0433,-72.3107,-99.8522,-85.3051,-110.2005,-247.7935,-46.8000,-161.0609,-200.3086,-66.7545,-381.2030,-135.5297,-179.7931,-215.2098,48.5009,-68.8914,-104.7415
-388.2907,-304.6346,-55.8887,-66.1168,-134.6971,-47.8476,-161.3673,-229.6064,-177.4873,-89.5732,-202.3199,-82.6505,-365.3231,-85.4479,-175.2014,-244.3078,-7.1714,-98.0616,-107.3199
-405.4893,-406.1994,-117.9462,-140.4957,-167.1759,12.2135,-219.5496,-204.9320,-283.8172,-73.7923,-244.2510,-167.2769,-355.9785,-143.1677,-174.1854,-166.3270,-103.9729,-168.1511,-91.0448
-463.9294,-439.3489,-186.8027,-209.6228,-142.6561,14.0111,-215.1324,-118.3458,-260.3711,-61.9196,-290.8785,-249.5657,-337.4537,-197.0110,-174.3862,-42.2607,-162.2666,-155.7120,-52.3782
-525.3516,-412.3008,-213.5229,-209.7934,-82.9734,-60.6682,-193.3185,-14.8512,-239.9760,-41.6254,-330.8349,-275.3953,-290.2602,-177.2322,-153.1069,-67.7310,-152.8900,-84.5980,-14.2943
-538.3691,-444.2550,-215.0384,-213.0094,-44.5332,-57.0022,-189.1468,11.2342,-247.1739,-105.9570,-344.8409,-230.3059,-255.8780,-132.7847,-113.0855,-174.6403,-138.4865,-93.5929,15.0099
-497.4925,-463.5256,-204.5920,-226.5041,-30.3124,105.0002,-173.0560,-10.9477,-193.2730,-170.8395,-308.4653,-159.6057,-257.3440,-99.2241,-117.5793,-112.7532,-140.2291,-127.6897,41.1154
-449.7108,-390.8312,-160.8024,-191.3000,-15.1151,234.8562,-153.4162,2.8871,-135.9354,-59.4450,-228.9271,-117.0994,-243.7979,-74.9934,-187.2992,53.8297,-116.9293,-85.3745,64.0934
-411.7905,-325.6002,-85.8234,-123.9221,9.7493,206.3694,-146.6183,43.9238,-114.0986,144.7321,-127.6095,-76.2129,-187.0024,-28.9526,-239.8992,81.2520,-65.8813,-39.9217,72.2469
-367.1759,-305.3781,-18.0525,-67.6102,22.5774,154.1304,-149.9587,44.7726,-65.2506,214.2260,-39.2649,-25.4300,-137.1914,53.2657,-220.1333,-11.7931,-21.6460,-49.6834,38.6254
-330.3940,-270.8474,12.3501,-39.1667,-17.0436,139.1894,-189.5781,-24.5161,-48.9138,121.6323,-12.7204,-30.2915,-131.4655,90.1290,-167.6861,-66.6704,1.9238,-73.9095,-45.1221
-302.2898,-270.3398,-0.5362,-57.4394,-104.6825,63.7196,-238.9329,-121.6765,-110.6330,-2.3339,-51.6028,-70.8699,-146.1668,25.1365,-131.8423,-59.0568,-1.2424,-127.8707,-135.9700
-242.6275,-349.4229,-48.2709,-120.8539,-185.3128,-49.0803,-226.6104,-177.8034,-120.8866,-85.0007,-111.0898,-63.4168,-170.3850,-48.4450,-135.3154,-36.7543,-35.1444,-214.9850,-181.6393
-180.6221,-410.8499,-105.1198,-204.2537,-232.1244,-93.2982,-205.5828,-191.1644,-77.8627,-129.5107,-160.5428,-57.0047,-220.3793,-54.7728,-169.0143,-36.0330,-81.0698,-240.1916,-175.0992
-212.8164,-381.6801,-142.6746,-274.0852,-241.1250,-60.0547,-251.4457,-199.4968,-125.5141,-146.5997,-188.0875,-121.3013,-271.5770,-47.3649,-179.3585,-67.5954,-130.7543,-226.0274,-148.1744
-337.5456,-301.3656,-168.5037,-285.6676,-191.8587,31.4363,-278.3341,-176.0708,-203.9239,-130.4858,-197.7541,-185.3230,-276.9533,-54.7081,-150.7279,-73.4685,-190.4552,-364.2854,-129.9972
-439.9326,-226.1103,-205.3281,-252.1688,-103.3869,144.4837,-225.5032,-96.2051,-180.6752,-70.7646,-223.0336,-189.9060,-238.6491,-32.5630,-129.5473,-13.3563,-221.4201,-664.7848,-113.4751
-450.4307,-196.3676,-225.9433,-238.4040,-27.4557,193.9642,-180.4415,-24.5045,-130.3958,-8.7533,-266.2024,-152.3431,-190.4215,13.9001,-111.2642,43.9931,-187.4062,-836.1666,-78.7351
-411.8064,-213.4325,-189.7367,-226.4068,31.5348,198.0117,-168.1026,0.8879,-138.4277,-17.8901,-278.8975,-79.3963,-154.0593,30.3087,-70.2379,44.6746,-152.5200,-706.2118,-48.0251
-397.6563,-220.7345,-134.9409,-171.8090,63.8811,243.8091,-136.6990,23.9062,-158.8272,-66.5994,-257.8885,-40.9538,-145.5787,-0.7324,-50.3415,32.1657,-179.7776,-492.9839,-50.6892
-401.2586,-181.8934,-123.7437,-128.3986,20.9286,275.1621,-118.1451,45.8461,-147.0949,-46.0379,-239.2963,-103.6604,-164.3333,-56.7649,-40.5809,31.5107,-188.7457,-446.7944,-53.4599
-337.7088,-107.4422,-128.1747,-109.4330,-60.7277,208.0733,-134.4843,23.6889,-74.8822,17.8457,-202.0256,-134.0651,-179.0629,-110.7590,37.7947,4.4750,-83.7052,-495.9382,-21.0933
-197.1081,-20.2281,-85.3484,-41.5868,-86.2551,106.0961,-122.9600,-24.3675,40.8709,3.6489,-117.7422,-33.8507,-163.3034,-132.5382,112.6772,-49.3983,71.4245,-483.6459,8.6680
-82.8069,32.8798,-0.4650,41.8819,-76.6048,19.6317,-75.5100,-60.5991,99.3564,-60.1264,-26.5219,35.4394,-113.7109,-87.2458,62.7022,-61.9065,159.1311,-450.8577,-7.9585
-20.3155,46.4758,94.5200,68.4169,-104.3511,-85.8497,-43.3913,-102.6202,99.8549,-70.5337,40.7023,13.3063,-39.2100,11.5629,-4.7786,-4.0206,172.2328,-453.8966,-66.3994
67.1374,102.7938,188.4356,92.6653,-141.2691,-179.6962,-41.5897,-170.7376,119.6812,-78.5446,104.1351,67.9428,32.0592,75.3975,43.7414,41.5556,162.1314,-425.2050,-149.1880
143.3523,196.5721,244.5482,122.6671,-149.1261,-197.9747,-71.9423,-234.0504,90.9492,-144.8412,158.1110,176.3895,71.6997,67.7937,98.7309,7.0797,137.5779,-361.7459,-219.9258
95.2950,194.4580,208.8859,66.3428,-166.9378,-142.1302,-118.8445,-241.2870,2.0999,-161.9355,158.8799,158.6837,75.2087,76.6900,61.5415,-15.0340,86.6555,-335.5757,-230.7628
-31.0616,93.2246,93.7695,-23.0718,-205.0101,-26.3497,-141.7513,-184.9798,21.0357,-78.6564,92.4002,76.2818,32.3103,137.4421,29.8016,78.7829,30.0245,-307.5483,-205.4997
-103.0388,35.5618,-13.8114,-24.3959,-209.6931,116.5291,-160.1878,-125.7209,68.6480,-33.4545,4.8408,75.7375,-53.2756,159.5338,40.5183,179.9637,10.0282,-209.4775,-216.7287
-101.9275,48.7500,-38.5033,7.7261,-151.8145,214.9626,-206.4821,-109.4807,-97.1670,-100.1836,-30.4616,108.5029,-102.6831,117.3753,2.7449,123.5264,32.5125,-103.5882,-260.5499
-58.8266,59.6432,8.6857,-2.0207,-53.3611,254.3963,-222.9010,-89.9771,-267.2509,-169.9677,2.2974,111.8899,-50.4825,74.6062,-77.4399,-6.4281,45.4450,-62.6402,-264.1343
10.9704,68.1290,46.6992,-2.0162,38.4103,253.2552,-173.8739,-16.7595,-83.9119,-117.4789,30.0989,101.3198,38.4993,44.0073,-115.9701,19.8519,15.5706,-56.6225,-198.6797
33.1875,89.2266,18.9264,15.0437,88.8068,180.1688,-112.3530,66.7355,249.0756,82.3179,1.2747,58.7266,75.6845,36.4491,-100.8258,205.4504,-14.8137,-49.9778,-110.1828
-34.6840,87.0448,-55.3368,-0.6908,108.9199,54.1002,-58.7190,91.5120,347.3621,297.5775,-47.4307,25.5183,74.0606,75.0894,-41.6219,309.9941,-10.4393,-55.0054,-70.0290
-89.9604,60.0649,-127.9980,-20.2791,99.0757,-41.4273,-21.7846,42.4403,258.7936,305.2408,-82.1129,86.2590,66.4622,79.0387,54.2758,230.7545,-6.6505,-78.7458,-107.9848
-52.5881,51.8210,-163.6554,-13.2312,18.1407,-110.7701,-56.3505,-54.1860,153.0827,96.1309,-109.7404,158.7090,40.2253,3.6119,102.0837,123.5507,-26.8083,-103.7095,-176.1933
15.4719,90.5414,-141.7985,1.6962,-103.1004,-190.6180,-123.0118,-141.1964,18.5572,-71.2246,-115.8350,140.2521,2.0623,-26.6830,36.8823,70.7338,-30.5835,-96.3064,-210.4049
67.8543,171.6738,-74.4883,53.1198,-160.4795,-238.5323,-109.4396,-166.8683,-83.3399,-64.9724,-79.3433,135.0290,-15.4672,20.6592,-41.5884,-9.4142,12.4912,-43.7428,-209.0318
136.6346,246.7857,4.6563,154.4278,-154.3497,-265.4984,-58.1930,-156.0901,-29.2879,-5.8639,-13.8579,220.9277,-2.8537,9.1475,-7.5922,-57.5181,74.6299,0.3415,-212.3370
214.5207,274.8837,84.8807,215.4688,-174.3822,-343.4183,-99.1879,-168.4177,91.3068,19.1457,57.9428,282.4463,34.3225,-54.6396,82.3819,53.1809,103.3114,-10.3001,-243.5362
259.8671,294.0186,161.5191,177.8902,-205.6813,-403.0001,-205.4173,-191.7196,99.1931,18.1881,103.9791,254.6912,86.9946,-31.8124,95.4651,173.6963,68.2285,-18.4386,-277.8243
265.3564,330.2368,203.2419,99.1248,-156.7707,-319.1945,-248.9359,-166.0332,10.7029,-9.0173,87.8571,205.4915,142.7617,74.8104,52.2805,131.6261,-9.4167,46.5313,-244.8306
221.3692,317.3397,185.4052,41.9895,-26.4289,-138.1795,-186.7120,-78.2147,-8.3653,-6.6080,30.3922,169.4059,200.5415,174.6985,67.9956,91.9602,-79.0976,153.1339,-115.2818
120.4605,234.0495,109.9208,16.3403,112.7385,32.0783,-67.3020,29.4226,98.1416,76.4712,-23.5983,146.6645,246.7395,221.2482,134.6255,188.8166,-117.2245,242.6409,19.8797
19.9496,172.4551,-3.1550,17.0741,204.4811,176.5770,30.1533,104.5700,169.3631,144.8634,-82.8160,150.1299,245.9703,175.3631,147.4017,246.1863,-125.5128,312.8907,48.4852
-2.2925,188.5038,-90.8143,40.4541,211.1656,268.5802,35.9962,118.3721,59.0644,125.4313,-135.5884,156.9553,200.6560,68.5479,88.2111,183.8531,-102.4408,359.9532,-24.5432
71.6167,243.1261,-84.0906,85.6075,131.1812,247.9702,-54.9440,87.1071,-98.7229,96.5694,-112.6548,148.7114,142.5329,-0.0964,26.3703,137.8238,-57.9896,352.8422,-113.6081
195.0950,299.8239,-5.9995,151.6127,21.8970,153.8865,-166.1498,59.2806,-77.4016,102.4044,-31.6553,140.5602,67.4736,-33.8118,3.7961,118.1363,-1.2824,300.0145,-149.1313
281.0751,353.5131,62.8764,228.4240,-66.4760,81.2163,-196.1942,68.8806,82.8562,120.1513,-4.5284,113.9087,-19.5306,-57.6818,12.8377,72.9210,79.3631,246.8529,-101.5155
272.4300,392.4462,87.1547,291.0643,-136.0611,51.0599,-118.4464,113.7393,180.1181,174.8046,-51.8070,75.7186,-64.2132,8.8263,18.7075,80.3499,150.4110,210.5996,11.4929
224.4803,398.3586,63.1759,290.5573,-189.0989,41.8525,-13.9133,175.9555,177.2771,234.1543,-90.1891,108.7969,-56.3582,133.0704,-3.6678,129.2559,136.2154,181.0627,141.1746
226.3425,371.4292,9.7045,210.5156,-213.6272,37.7515,44.3530,235.2943,163.7177,206.7337,-80.9083,198.9297,-57.0247,142.5696,-17.5934,91.5217,66.1529,152.9359,251.2998
267.3102,349.8250,3.5198,145.8109,-241.6101,0.6279,57.3702,259.6446,146.1715,154.3190,-52.7519,217.3115,-101.4442,54.0178,6.8716,6.6120,63.9782,119.6487,311.9756
298.7893,371.4400,73.6415,186.1861,-323.8831,-80.4063,8.2607,229.3851,93.7311,192.7885,-44.2509,167.8191,-175.7783,27.8515,-3.3011,-0.5990,141.5299,79.3780,307.0359
331.2831,399.0102,115.4635,249.0580,-415.7417,-120.9638,-105.8457,191.7271,66.2586,254.3498,-75.7508,166.4938,-249.8423,69.0561,-103.0496,47.0217,191.6228,60.5919,295.8450
358.6680,364.9543,67.0320,218.5435,-382.0834,-31.4425,-154.8005,230.2610,130.8906,245.6583,-110.1450,193.5645,-263.1053,121.4000,-194.7309,94.0059,181.3768,100.1671,369.5935
324.1652,285.6308,24.4551,149.2091,-164.3136,160.9158,-35.4190,355.8206,235.0498,236.1250,-82.5434,161.0596,-157.5930,204.8659,-168.2926,149.1422,160.9395,198.2436,516.9250
230.1144,223.9215,49.5608,136.0207,135.9099,351.2999,144.0237,487.8506,290.3284,292.3420,-8.3865,111.4656,42.5702,267.1772,-60.1044,177.0629,136.7851,315.2851,627.6238
145.2414,184.6566,62.6927,144.7406,373.7722,465.5250,243.7453,542.4480,296.0654,350.4243,36.3219,113.6047,239.0585,217.9794,29.4646,128.6644,96.6093,402.3033,622.1307
99.5981,147.5631,13.5382,123.0257,486.1763,485.7589,258.8540,489.7545,278.9730,332.5260,35.4174,124.9881,342.5279,115.7245,63.3043,48.8383,69.5389,435.4765,517.0809
79.7125,132.9951,-36.4507,101.1875,490.7150,423.9075,217.3758,363.1548,245.4779,258.0761,32.6011,90.5139,346.2607,60.3648,76.5360,25.4760,61.1938,423.0718,389.4786
74.6464,160.7973,-40.5600,100.9176,431.5679,303.9296,150.8331,237.7810,243.9008,217.6455,51.3176,25.8763,319.7365,32.4987,118.1424,77.8673,38.5002,368.5769,293.9506
66.5403,202.0253,-30.9938,95.2605,328.7324,151.4901,118.9871,154.8055,280.1905,230.5129,72.9500,-22.6809,295.1876,-10.7659,171.0642,122.1437,14.9106,265.8065,215.9211
55.8358,216.0358,-46.0644,81.4112,172.9995,-0.9478,103.2405,95.1921,231.6815,198.0670,60.3118,-12.9413,230.0372,-38.0079,158.7844,77.4950,26.6070,144.3518,130.8863
92.6172,209.2288,-72.6322,84.9493,-3.9929,-111.6989,43.5185,55.5408,70.6757,108.6681,9.2301,48.0014,136.5368,-8.6972,74.4711,-4.4047,38.0226,48.6678,64.9074
194.3933,219.7073,-70.5051,98.3457,-120.5244,-164.2187,-6.2952,64.8802,-26.4520,87.3379,-24.3600,91.2060,93.9948,39.2765,15.7956,-43.9547,9.1637,-13.3034,51.6890
288.6401,245.8242,-25.3399,96.8173,-156.5907,-185.0432,15.9785,117.1977,9.3007,115.9824,-3.3668,87.3624,93.3438,16.9763,39.2162,-70.4957,5.2981,-30.3217,83.1410
318.3773,251.6479,44.7328,103.2277,-178.3304,-204.2162,36.4969,166.2009,25.8793,43.5425,34.6280,78.0361,61.8769,-67.7150,71.8851,-95.5945,86.6945,11.5564,115.0327
321.5225,246.7951,116.4328,146.8849,-220.9830,-230.4695,-7.5275,167.7447,-48.7020,-79.9515,55.6822,73.4666,12.6925,-93.9888,29.8423,-72.4882,170.2309,45.6264,96.0695
338.2252,270.5076,153.9224,175.3974,-246.9044,-269.8949,-47.8818,115.5466,-112.9638,-81.8079,64.0126,52.6911,-2.0182,-36.5674,-30.9992,-48.8376,157.6150,7.5592,34.5812
333.4604,306.9423,115.6846,130.2399,-209.4197,-328.2438,-3.6573,76.2957,-87.3358,5.5999,46.3700,35.0372,23.8012,13.6845,11.5502,-62.0412,91.1571,-26.2517,11.7597
274.1983,300.3376,19.6678,60.1718,-98.0114,-387.6813,114.7327,121.6581,10.9188,47.7291,2.4337,30.6912,94.9592,59.7392,119.2541,-18.1984,40.3195,22.0851,60.8497
197.9118,224.3322,-63.7991,18.5801,39.4184,-388.9724,231.1954,216.3548,93.4546,56.4300,-19.7540,15.0473,185.8137,145.0970,131.2908,63.1692,-17.9738,93.9737,127.1449
148.3929,111.9677,-105.6351,-30.7879,133.6748,-260.5169,292.5363,300.9052,78.9914,111.2394,-9.7225,2.1837,212.4932,192.2486,64.5103,39.5836,-90.7720,157.0757,191.6822
116.1403,48.2969,-123.7622,-83.6517,187.6851,-22.3364,316.4132,401.1465,39.8304,200.6309,-7.6599,15.7003,179.1175,169.6641,86.0492,-17.2118,-112.1281,258.3713,278.6553
86.9265,70.3196,-124.5726,-69.8803,238.3586,180.1425,306.6440,508.4909,102.1247,230.8255,-6.4455,30.4993,182.7632,178.4676,176.5349,43.5931,-66.8167,342.9327,351.2226
82.8724,92.0192,-115.3750,-18.0747,245.8852,243.4498,233.9226,537.8402,199.4810,163.2087,21.6265,38.6124,206.9400,208.9952,183.3172,111.3771,-19.6480,318.7463,364.4105
119.1540,67.4245,-113.0489,-13.8334,174.4144,227.0961,165.4670,507.3341,211.0532,125.5430,45.5264,51.2263,158.9000,159.8800,141.3965,71.8762,-12.0101,252.8144,350.8960
174.3909,103.2857,-102.6201,-32.5268,96.8751,215.4236,174.8093,516.9681,208.7892,222.8963,43.5436,42.9116,81.2202,104.8758,172.5517,63.7991,-29.2331,236.1712,348.7364
222.2904,231.6489,-58.0311,-16.6850,73.3303,195.9175,144.2638,547.8798,271.4818,301.5096,52.8204,37.3894,77.0835,163.8465,218.6110,149.6267,-27.3262,212.3527,351.1647
256.6017,308.6941,14.2547,10.7859,70.0100,144.8245,-16.5602,519.3450,300.5836,222.3929,89.6082,103.6385,134.5286,246.0572,175.9610,165.6673,39.2412,124.7448,348.5032
289.8374,283.5656,106.6878,37.6657,77.7680,90.4445,-133.1688,449.6804,245.4598,156.7403,139.6831,184.0656,197.4071,240.0218,105.7057,62.5547,156.5020,54.6454,332.2292
335.3354,261.7976,224.6605,98.9759,132.8913,72.6265,-69.3780,399.2027,222.8319,235.7988,215.8390,186.6747,261.2729,227.8137,124.3381,12.4413,253.3488,112.9968,305.7274
374.0126,270.7841,346.0714,185.3786,218.2731,118.7858,44.7176,381.9419,276.3895,287.5838,313.3228,189.6319,326.1284,286.2044,230.8892,122.5781,294.9305,260.6529,303.5788
373.2339,268.8091,424.4411,243.2722,290.9180,208.0982,89.0534,382.4647,288.0940,213.8961,368.5172,250.9427,379.3679,326.3333,315.1257,274.7820,293.3256,275.8134,330.7516
356.2891,283.2056,424.4431,242.9323,350.2547,271.3848,97.5185,378.8623,234.8606,166.8969,342.8764,250.2661,414.7218,273.0952,298.6027,300.0989,258.9962,35.8455,357.6475
378.2411,312.6548,354.2594,206.2034,406.4679,298.2986,106.6042,382.8198,294.8717,235.7651,285.5821,165.6623,417.6156,190.6341,246.7191,217.0450,225.8233,-209.4659,392.1951
423.8364,294.7380,292.4005,191.4506,445.9983,331.9978,140.8588,419.9097,527.9051,352.8417,271.0311,131.1564,385.0389,146.7398,260.5154,157.3141,230.6373,-173.1504,421.8454
427.6542,259.0123,312.2979,213.0348,432.0836,339.1529,211.2088,428.2332,681.8393,438.5587,309.0117,130.2932,334.9104,119.7431,310.7069,124.2399,240.0573,-4.6345,373.3774
385.1913,276.2263,364.8770,214.3355,337.2942,275.0439,230.8120,344.9952,585.0500,441.1202,336.1850,61.8689,259.8625,91.8808,326.3427,83.7926,223.0310,9.2908,264.8161
342.9977,304.5731,355.5654,190.0203,206.6310,201.2672,140.5559,260.5471,444.3371,401.4541,301.4181,4.2322,150.7449,94.1437,314.1193,129.3664,224.6447,-71.2583,202.0351
311.6617,286.7372,294.2223,205.9689,98.1121,151.2128,20.9666,245.8154,437.8086,419.3791,233.8023,44.3076,50.6203,118.4393,278.4676,244.2392,246.1904,-90.4191,163.1910
280.4969,267.4560,230.6889,247.8080,-36.3918,57.4945,-80.5547,189.8996,405.9503,424.0603,186.6728,94.3391,-10.1311,107.2599,219.4978,226.1619,214.4092,-121.6339,46.0094
278.6370,293.7122,161.9162,232.0808,-233.4224,-80.3679,-209.4306,29.8013,232.6754,263.3169,167.6660,85.3747,-66.9725,56.4933,189.3296,73.4839,144.8587,-220.7117,-114.0323
342.8533,338.3735,119.6567,164.4721,-367.5654,-190.1476,-350.2919,-133.3900,77.9257,21.1402,175.2618,55.7870,-136.3023,30.3086,173.3867,-15.9386,130.1143,-279.5648,-225.4276
440.7155,361.9149,170.0210,124.3339,-334.6949,-273.2575,-444.3610,-260.6932,53.5838,-129.1039,218.4100,37.9445,-172.6515,55.5792,103.1556,-43.5962,168.6481,-254.0316,-312.9943
480.9781,353.5841,262.8657,140.4701,-220.3263,-354.1728,-487.5703,-407.4039,54.8114,-219.5519,258.6583,49.4086,-152.2358,61.7481,40.1444,-109.4812,189.7539,-204.6371,-429.1244
413.7996,318.1274,273.5847,166.0169,-126.4324,-398.9924,-487.4497,-547.5215,-46.6597,-314.8225,230.4742,64.4353,-110.9356,-20.1182,48.0693,-132.3796,168.2104,-158.1261,-539.2272
292.2710,269.5992,189.0503,140.6611,-49.1034,-373.0541,-442.4577,-600.1335,-232.3394,-337.5203,138.1790,3.6440,-78.7128,-107.5897,29.0704,-55.9535,111.9780,-103.6458,-569.2009
209.5236,234.2522,94.7785,85.6395,23.6518,-249.6022,-354.8985,-531.6873,-332.8263,-262.2124,51.0436,-84.7973,-35.6142,-68.6692,-25.2035,25.5062,54.9968,-18.1590,-484.0085
189.2077,231.8528,38.9510,90.3805,94.3677,-38.4734,-209.4289,-371.1736,-248.8410,-184.8792,8.1058,-64.7958,42.8014,11.6831,33.1962,83.7493,52.9523,101.6891,-344.7550
171.7346,238.9482,16.2490,151.0286,173.9237,135.2911,-41.1978,-227.2977,-122.9754,-140.7410,-8.9728,3.9252,125.7908,-28.5507,172.7349,127.7328,90.4041,189.3142,-265.1699
116.8823,221.7422,13.7114,181.7505,216.4283,185.3062,50.9975,-180.7811,-68.7314,-75.9740,-21.2163,-5.8802,157.4931,-64.7100,222.6884,89.9713,99.7328,218.8608,-249.5473
78.0793,213.9866,15.2340,198.2206,177.9660,209.9853,65.0087,-150.2007,0.9146,14.0490,-24.9165,-14.0715,133.9720,68.3553,192.6221,4.1534,92.0016,269.0764,-200.7243
116.4966,253.7994,6.9999,247.6645,116.2275,264.7225,87.6995,-63.5347,64.6050,58.6740,-20.5096,36.6326,97.0639,160.3402,173.0378,5.1973,114.1980,336.3086,-110.0719
181.3689,276.8445,3.7579,265.4376,88.7849,252.2752,123.7806,-7.8760,16.8761,34.7448,-11.9770,26.7228,75.6864,23.6125,158.6353,75.8575,151.7224,329.4768,-44.6395
191.9945,228.0243,52.6784,239.1811,75.2865,177.2787,144.7381,-21.4616,-4.7903,16.1725,34.2300,-21.6775,82.0102,-92.9749,156.7964,95.3565,195.8716,294.8555,-2.1215
190.4189,188.0603,172.1834,265.6549,68.7967,134.3406,178.0441,-24.9521,88.9454,26.3101,144.7026,43.2288,119.5143,-5.5801,171.5107,46.7221,253.2368,318.3799,30.3300
257.0429,245.5175,287.1121,321.5115,81.5230,71.0559,200.5086,-29.0356,80.2153,-14.7837,253.1081,153.1298,166.7990,80.1854,139.1933,-21.3465,269.1027,314.3804,7.9216
357.7168,368.0603,309.1702,314.6171,90.9068,-67.0411,155.5254,-83.3176,-64.9950,-89.6421,282.4194,158.0596,203.3805,49.3156,79.1088,-77.9268,225.1069,222.8737,-57.2426
423.2683,459.4071,269.7094,293.1526,99.0789,-167.3627,91.6868,-114.8966,-118.9981,-78.1318,270.5422,109.3625,237.4331,16.4061,58.8152,-105.8702,197.0571,178.6184,-84.8468
441.1663,444.6196,245.4171,288.8388,139.5199,-172.3840,87.7328,-69.7271,-118.7646,-8.6774,269.9590,78.4914,273.4585,0.1723,34.3240,-117.4572,181.7241,272.9114,-50.1947
385.9113,353.1403,214.7520,217.4949,200.8615,-139.3578,142.0566,6.3662,-193.2375,7.5621,234.7295,40.4158,299.2724,1.7799,10.0287,-112.1838,106.3292,421.5796,28.9989
253.3053,310.4143,137.8254,117.2038,258.3677,-37.7429,218.5489,110.8454,-169.8203,12.4890,143.3943,34.7912,305.8297,77.5085,83.8965,-46.6353,34.7813,536.7753,150.5150
142.0904,321.4671,62.2195,108.8509,307.3756,160.4921,263.0045,248.8783,36.1730,73.6147,64.9409,87.3651,274.2525,106.9565,180.1194,64.9115,58.1586,607.9372,273.9898
103.6316,243.3668,19.6417,136.1810,308.0504,332.8120,231.3130,341.5830,206.8601,150.7668,21.4307,93.1736,187.4993,8.2261,161.5381,149.4573,87.7434,646.8132,323.6222
61.5445,93.8679,-31.7231,106.4206,224.4191,391.7392,167.1414,351.3362,214.3466,227.6514,-22.6310,20.2048,76.9439,-9.1068,112.4036,187.4396,43.6932,657.0135,282.1862
13.3733,48.0252,-92.7819,88.1418,100.4537,365.5620,117.9979,316.9160,96.8963,277.7114,-47.0559,-26.2506,-13.0962,96.5566,105.1863,176.1005,21.6622,615.4124,206.7932
41.7226,104.0691,-108.3885,127.7245,-2.9976,255.5014,64.5193,250.9841,-41.4570,216.0331,-31.7983,-15.6476,-91.6203,64.5186,45.2023,96.6537,75.7637,518.5822,169.7166
100.8764,144.6395,-71.2295,156.3167,-71.6616,92.6665,39.0365,185.9511,-13.1826,116.5033,-27.5050,-7.1473,-186.0196,-74.6381,-27.2849,13.8903,123.4286,431.5780,189.6926
105.8551,179.7616,-24.9052,148.9136,-124.0637,-8.5194,78.8534,173.9533,127.0767,126.3839,-49.8503,-20.8493,-286.2328,-63.2977,4.3819,9.4616,126.9655,376.9612,189.1987
122.3638,213.6401,-4.0910,127.3867,-206.8100,-49.0288,85.1530,158.6897,69.9003,150.5694,-47.1171,-47.8199,-357.8377,2.4120,18.9730,28.1205,103.9642,287.6663,89.0220
197.0226,178.0877,-19.5569,82.7546,-322.9349,-141.4599,7.1912,76.0965,-92.8920,76.5088,-11.0684,-70.4675,-368.1426,-76.1081,-97.3384,-11.2077,33.9864,166.8280,-52.8851
222.8783,122.2642,-52.4738,20.1039,-369.0222,-275.9952,-34.1733,-0.9065,-21.7132,34.4979,14.8525,-73.0652,-312.3460,-161.0667,-192.1225,-62.6317,-62.6580,91.1095,-121.7906
149.9554,112.9448,-75.0878,-48.0691,-284.8897,-369.0822,3.9618,-29.9488,99.1362,52.9427,7.3747,-90.5731,-227.5779,-123.3885,-165.8823,-44.4105,-118.7471,44.8477,-119.6338
70.6016,71.3419,-94.1898,-134.4079,-161.2013,-425.2319,44.1568,-82.0434,-16.5597,-26.3713,-35.1980,-128.3447,-144.9600,-77.5137,-113.0020,43.8416,-155.0020,-9.7631,-123.2860
35.2576,-19.3072,-127.0485,-220.2659,-73.4934,-443.9971,101.1861,-149.5510,-91.3501,-139.2008,-97.2825,-109.2028,-65.5742,-75.4494,-56.3166,129.9920,-228.3512,-0.4988,-149.2045
1.4281,-60.0489,-162.3654,-272.0985,6.6847,-373.1856,205.0200,-158.4687,63.7565,-109.4846,-140.9886,-42.7777,-8.4446,-59.0149,36.9575,144.7570,-293.3477,107.7662,-157.3492
-52.7602,-67.3151,-190.2798,-294.2290,89.6808,-231.1152,291.4155,-130.4109,129.8348,-33.5472,-153.2683,-34.1751,2.7576,-24.4965,96.7729,125.1032,-282.4933,216.2350,-112.9088
-89.0004,-97.0102,-211.2688,-275.4433,150.6427,-76.2985,352.4467,-93.0091,0.5123,-51.3272,-158.0729,-70.2116,-9.2806,25.4015,90.4442,167.4287,-222.5054,265.5726,-23.1705
-65.2369,-93.6596,-208.2729,-204.8039,181.3312,76.8825,411.0170,-10.9314,-47.0330,-82.7792,-165.4762,-83.3781,-27.7322,70.0410,96.1214,235.2821,-170.8062,302.8308,37.5857
-15.3700,-65.4185,-178.1556,-141.3802,152.1315,191.1165,396.3993,70.9237,61.9478,-66.6341,-165.2034,-116.0752,-78.6234,50.1674,140.0832,206.1370,-134.8323,347.5809,7.7121
-24.1294,-89.6746,-152.5316,-117.6729,64.8831,217.5979,313.0050,70.2268,155.2112,-60.2840,-152.0165,-160.7456,-153.5065,25.0207,169.4916,108.8148,-91.5885,359.8965,-43.5136
-77.8687,-109.9821,-144.0286,-90.1512,16.7417,187.5078,283.7956,37.0683,117.2128,-68.6045,-129.9910,-116.8638,-202.3440,77.7731,151.1272,76.3509,-44.6661,315.8955,-13.3431
-82.0381,-71.6708,-140.1520,-73.3920,38.3127,133.2708,303.1345,43.3540,-29.9669,-60.0114,-118.8908,-46.5424,-218.0105,92.4361,97.8774,119.0751,-45.8825,228.9488,43.4071
-54.6236,-68.6195,-146.7291,-113.5685,19.1697,26.5182,273.9915,42.4440,-118.8225,-38.9359,-131.7666,-95.2687,-225.0287,-21.7971,63.1804,141.1911,-113.3263,137.5236,0.6748
-82.3477,-120.5929,-159.3192,-145.0423,-74.5453,-111.2427,214.0848,6.5919,-36.1707,-14.0188,-137.3705,-189.3074,-221.7611,-129.6213,76.5864,101.4485,-157.7442,80.5996,-105.0217
-124.0357,-122.6523,-135.5434,-96.5975,-130.0708,-210.4670,169.6637,0.4279,73.1624,-11.8918,-105.5253,-181.8893,-196.3301,-158.2362,80.9964,46.7619,-111.3677,61.0332,-121.6660
-94.8064,-68.3188,-65.5894,-32.7970,-88.6663,-257.6855,144.2723,38.1178,71.5982,-50.1705,-60.2485,-123.5684,-145.3213,-202.0480,44.1384,27.4758,-55.5953,61.6286,-24.4021
-31.3902,-25.5351,-5.9114,-33.2774,-8.5010,-245.1220,174.3792,68.7552,18.2799,-82.7547,-24.3449,-120.6608,-79.7248,-256.3003,27.7494,15.3027,-70.8295,81.0410,71.3000
6.3920,-1.8699,9.5119,-75.8784,48.1688,-143.8061,231.9654,101.0829,-22.6146,-73.6363,15.9904,-159.7377,-48.0361,-232.2260,39.3634,-39.7435,-96.1576,115.8299,108.1003
36.3527,4.0966,18.1138,-104.0176,55.8628,-7.3132,206.5713,171.9132,14.7170,-16.8123,49.5355,-184.0984,-93.4189,-154.1118,9.5937,-82.0870,-74.4509,140.9492,131.9135
68.7902,-13.9513,44.8584,-103.2675,19.7481,83.9349,125.4327,234.6788,169.4117,103.1862,40.5399,-160.3176,-186.5091,-92.8526,-40.9729,-29.0104,-55.7103,133.2701,160.4785
72.4093,-38.1969,49.7440,-103.7577,-23.4199,138.2191,101.7794,212.5035,236.8467,205.7587,2.8799,-103.1410,-265.4255,-72.5234,-34.4092,65.5772,-68.5655,99.9472,152.4286
39.6307,-67.4620,12.2698,-119.1501,-48.5844,140.8417,103.5603,121.2521,86.9396,155.9279,-14.9474,-84.3099,-298.2642,-94.6355,1.0076,97.8836,-67.4836,77.2092,98.9186
2.1714,-80.7956,-17.6590,-94.5829,-64.3681,19.7843,73.2069,48.2549,-11.7748,11.6829,-8.4457,-101.5857,-280.3276,-106.7876,-15.6557,59.3985,-26.1015,84.3255,44.9521
-9.1930,-32.7867,-8.9554,2.7211,-79.2676,-151.7145,75.4399,36.4551,66.9056,-65.7112,-16.3710,-51.1862,-242.5426,-49.3728,-76.0518,-6.3426,47.6287,97.0040,30.7507
-3.2455,24.5434,13.4685,106.4499,-89.2337,-193.2557,128.1347,54.3210,77.4373,-80.9575,-49.6272,58.1827,-236.3228,26.8155,-105.8345,-46.5909,138.8975,110.9885,53.2165
6.0180,36.6282,50.0949,171.4087,-88.0003,-102.8239,146.7724,56.3404,-18.6203,-107.6869,-68.2344,98.4097,-258.5918,48.8724,-76.7885,-31.5557,203.8210,160.3341,57.8436
66.5239,102.5973,111.1301,223.9602,-74.4271,-44.0474,105.9444,18.6186,-89.1912,-144.3246,-47.3557,61.2961,-261.3021,36.3707,-43.5736,-37.1294,202.3225,211.6426,-9.9921
190.0587,244.3474,135.5463,235.5322,-55.4477,-101.5306,62.3258,-55.5435,-216.8696,-188.5683,-23.9616,27.4472,-224.1437,6.6137,-52.9397,-109.0247,142.9988,176.5258,-111.4074
233.5514,275.6572,69.0388,147.4459,-22.9708,-222.2599,76.7390,-120.8304,-339.2351,-207.6599,-35.9647,-18.8133,-140.3929,-58.5904,-55.1074,-107.5367,27.6057,75.1902,-151.7263
97.7804,149.1277,-43.2154,-3.5651,42.6759,-282.9766,161.9701,-124.0684,-219.2880,-144.6183,-61.6882,-94.0120,-11.2108,-113.3951,3.8393,12.9195,-153.5371,7.8137,-124.7788
-74.5836,41.9436,-139.4714,-154.8717,118.0958,-179.0450,237.2375,-82.0144,-50.7730,-78.3357,-61.7694,-119.1790,102.4416,-99.1770,63.2787,39.0832,-332.3707,-28.2686,-94.3719
-130.0370,-2.2888,-205.2465,-297.8568,149.0520,26.6254,221.2754,-68.9810,-146.9812,-97.1398,-35.6578,-93.3813,132.7813,-62.8278,42.4852,-79.6340,-414.3382,-101.0054,-66.7623
-127.5430,-94.1027,-239.9781,-405.7163,112.9447,149.7074,152.9855,-113.8765,-295.8124,-121.0342,-23.0570,-130.6350,83.0957,-86.7979,-37.1659,-103.3876,-412.9064,-191.9598,-36.8906
-162.3756,-216.1037,-273.0636,-430.0154,10.2030,158.9330,79.8406,-167.8561,-252.1506,-127.9133,-69.9349,-234.6276,-24.8405,-148.4846,-106.0199,4.4435,-390.0246,-236.8742,-79.1994
-210.9007,-252.3999,-328.8220,-363.0075,-127.9273,186.7648,-20.6283,-181.8988,-190.1072,-206.1903,-159.1340,-270.7452,-161.6676,-142.9275,-123.7036,18.8598,-335.2041,-218.2724,-232.3191
-221.2224,-181.4589,-332.1292,-230.5831,-206.5235,255.6983,-111.2519,-168.7085,-221.7900,-281.8541,-203.9353,-193.0316,-236.8340,-51.9983,-102.9114,-83.0727,-231.7494,-156.0464,-391.9286
-175.5217,-86.0097,-226.7545,-102.0026,-186.7247,259.8234,-123.6705,-168.4851,-241.4371,-255.3604,-172.0343,-94.9362,-204.9558,1.2277,-110.4401,-138.5940,-130.3921,-109.5102,-437.2834
-91.8820,-50.6953,-119.8554,-56.3685,-178.8164,183.0323,-99.1797,-181.5761,-241.8200,-232.6823,-118.1362,-36.8940,-154.8160,-44.1715,-165.2355,-134.0411,-72.0688,-144.2218,-374.3530
-19.5745,-54.1841,-96.5627,-67.3574,-260.1972,107.0183,-104.6839,-179.4079,-250.9322,-257.6802,-57.9633,-5.1392,-149.0530,-73.6479,-180.3077,-128.4295,-54.2803,-225.6128,-301.6753
39.2006,-8.6107,-74.7549,-73.7916,-347.6468,58.3277,-154.9413,-171.8315,-256.0471,-245.0459,22.2732,-19.3909,-139.0207,-24.4972,-126.8865,-103.8431,-80.4563,-265.2819,-299.2275
117.3625,58.0808,-10.2109,-118.4336,-360.6122,-8.7542,-269.1785,-197.7247,-306.9470,-263.9229,62.5528,-94.7558,-112.3889,0.9041,-101.5547,-84.3977,-135.4453,-266.3398,-360.1778
166.3821,57.3354,17.2782,-204.6155,-313.4533,-121.2000,-390.8290,-256.8788,-371.7091,-362.2570,29.4805,-139.0782,-106.1687,-37.5748,-130.4732,-119.6370,-170.0894,-265.7094,-416.7281
136.7805,43.2518,-9.2018,-209.8974,-216.4302,-236.3851,-378.6584,-317.0497,-336.3962,-367.0107,3.6494,-84.0720,-80.2557,-65.8016,-131.6194,-151.0865,-171.9037,-225.4587,-430.7562
97.5005,83.5680,-29.8638,-117.2584,-75.6967,-273.3712,-249.6232,-353.9970,-261.4320,-262.8676,16.7411,-25.6570,9.5517,-79.9834,-98.6712,-122.8355,-156.0449,-127.8026,-415.4189
87.8769,101.9234,-33.9780,-35.3528,48.6298,-195.4092,-174.1104,-337.3180,-263.9771,-241.9396,-0.4961,-43.7642,90.1261,-94.7100,-96.1282,-92.0250,-101.2192,-32.1855,-377.5654
52.1723,76.9051,-20.9246,32.8414,107.4085,-44.5455,-188.5504,-251.6945,-297.7102,-265.5581,-44.2594,-57.9499,83.8598,-42.4225,-120.7620,-95.5814,-0.5548,35.0484,-304.3022
23.1590,88.7815,34.5155,110.9376,115.7095,105.1472,-194.8714,-151.2184,-284.9193,-199.2459,-41.1012,-22.5427,31.2197,55.6531,-125.7060,-86.6474,102.0572,82.2173,-184.3122
87.7034,93.5735,109.7545,102.9774,106.5238,195.1222,-154.7579,-96.2026,-199.6686,-160.8875,3.9655,-22.0577,4.0224,67.8442,-100.1994,-52.6679,182.1101,73.4034,-24.8962
182.0847,9.2093,151.1540,-6.2287,83.8115,208.1748,-99.8602,-65.3804,-76.1832,-221.6241,39.9800,-80.4371,-1.3434,-8.3775,-73.6572,-37.7494,215.5545,4.4852,105.5867
184.0067,-84.0657,128.5044,-91.2221,14.2780,171.9563,-85.4800,-26.3756,-66.5397,-221.6884,47.2017,-125.1003,-30.1676,-69.1682,-82.9276,-46.4412,138.1701,-49.2755,121.9468
96.1264,-113.3160,35.6793,-125.7409,-118.8579,108.2817,-133.4266,-9.9185,-186.7819,-140.5948,11.6175,-127.7689,-88.0922,-102.4307,-96.1937,-36.9771,-19.3739,-64.2234,60.7395
-13.5275,-137.4908,-73.1357,-160.8959,-261.3862,10.7015,-156.5930,-36.5168,-199.0701,-118.2509,-49.2246,-96.8280,-141.1239,-122.6665,-35.1917,-4.8534,-99.7627,-97.1851,24.8133
-88.3304,-175.7519,-111.7586,-154.5082,-365.4347,-101.1976,-117.2589,-82.6826,-74.3763,-134.5451,-70.3182,-40.3129,-184.4219,-90.3094,49.4050,-1.1069,-47.7644,-156.3357,-5.3125
-79.8076,-176.7894,-80.9923,-79.3179,-445.9632,-189.3187,-155.1886,-150.7882,-46.6721,-112.6021,-36.8921,0.7080,-238.9312,-42.3585,14.3281,-57.9072,39.2312,-191.7451,-92.6423
-10.9673,-132.9287,-25.9735,12.0515,-469.3474,-259.5721,-304.1035,-247.2393,-113.4032,-117.0909,6.6265,22.8475,-267.9778,-78.6461,-116.1115,-144.5526,119.9705,-175.6566,-169.5764
33.4028,-66.7262,67.8631,125.1182,-352.6209,-320.3575,-375.9819,-317.0796,-140.7313,-179.6045,50.5850,71.4693,-209.2545,-180.5092,-186.5329,-206.9451,222.1452,-95.5823,-166.2672
38.2441,-11.7832,181.4451,268.6819,-138.7959,-337.6270,-320.5957,-322.5338,-184.9315,-205.7780,96.9640,93.2012,-97.9836,-240.4843,-169.0939,-210.7691,302.6146,33.9178,-146.4238
59.5759,2.5738,225.1709,337.8793,26.9211,-312.7621,-281.2513,-312.1122,-222.6157,-148.2689,109.4286,9.5895,-19.9946,-222.7898,-134.5589,-160.9941,297.5451,120.2395,-155.6264
108.1501,19.6014,187.9914,263.9577,88.0806,-293.3103,-269.8928,-307.7153,-142.7031,-52.0951,80.1363,-83.8323,28.6879,-158.8249,-95.5722,-104.8088,200.8343,85.8361,-141.2654
129.6541,57.9644,122.3398,108.2387,86.4964,-266.0539,-210.3302,-241.0441,-69.2126,42.4133,47.8173,-81.0302,85.3578,-73.1672,-46.1821,-68.7096,28.7102,-8.7546,-76.6267
79.1156,15.7753,25.3309,-64.1571,72.0405,-174.3168,-146.5563,-97.5387,-72.2148,111.3814,21.9748,-66.5973,97.6176,6.6005,2.1923,-19.3722,-141.1653,-57.5592,17.5398
-9.0828,-119.7997,-84.4240,-198.9527,80.3490,-34.7895,-118.3466,12.6079,14.8346,126.1454,-16.6790,-101.8942,8.9855,46.2636,46.5167,38.5516,-181.3066,-49.9290,118.5633
-46.2203,-191.8652,-137.8558,-215.9855,103.6895,83.2130,-92.4444,17.6514,142.4797,86.7668,-61.4401,-85.5795,-111.3912,53.1057,44.9389,37.2952,-100.5566,-20.9882,180.2893
-19.0258,-152.4934,-148.7655,-129.1004,113.9709,152.1081,-84.5200,-9.6658,149.9281,39.4935,-90.6724,18.1799,-148.9821,76.3173,-29.4061,-3.8310,-27.3305,19.9875,192.9174
-8.5824,-112.0019,-163.4863,-53.9205,133.5773,173.2755,-100.2582,13.5164,184.4621,26.0382,-106.0129,112.6372,-97.6901,134.2164,-83.7322,5.6962,24.4936,33.7798,226.3866
-48.8754,-109.4470,-139.2186,-33.7609,165.0312,129.5217,-90.7750,55.8822,298.4053,36.1820,-123.7097,152.3417,-51.4014,178.8728,-56.9690,33.0733,112.3723,-36.2352,286.8221
-106.3453,-125.1007,-60.6624,-27.0335,142.9675,22.2492,-82.8274,51.2211,245.4021,41.6197,-132.9306,157.6027,-65.4640,161.4353,-47.0688,-11.8443,176.0844,-137.2913,281.8160
-165.4713,-169.1834,1.4229,-18.2261,85.0585,-82.0755,-114.2421,8.1093,64.1323,38.5005,-93.0389,139.1664,-80.4779,96.4607,-98.9747,-72.4525,154.5063,-140.0851,199.5723
-189.9502,-191.2393,41.9746,-3.2946,101.8236,-113.0031,-111.0159,-24.6609,7.0866,24.1500,3.2788,130.2417,-6.1279,32.5152,-103.6827,-57.6971,114.5674,-34.9488,120.5462
-127.5857,-137.6391,102.0122,20.1883,198.2202,-93.9663,-40.3272,-42.6223,1.9845,-4.5246,106.4213,143.0436,146.9467,-5.6858,-25.2650,-19.0639,77.8658,53.1097,70.9781
-41.2973,-91.1507,126.0023,-11.5093,285.9337,-102.8504,36.1293,-73.6992,-51.8214,-22.9135,171.9398,98.2960,278.3849,-32.6033,43.4036,-19.4858,-45.6673,52.2364,46.3128
-40.7122,-134.2254,48.4337,-158.0530,336.3607,-152.5842,129.0202,-104.9486,-6.3902,-16.7324,183.9444,-49.6451,336.4515,-82.2744,73.6880,-22.2881,-255.0141,-2.7274,80.2802
-99.9386,-220.9769,-82.0662,-349.9163,347.4018,-207.9981,255.5996,-89.6690,107.3333,-5.6577,136.3859,-202.7470,363.7372,-158.8619,118.1400,-22.1129,-413.4855,-78.2258,173.5705
-135.5144,-287.3397,-176.6063,-456.1725,304.8270,-262.0460,312.8770,-34.5914,104.3508,7.1779,67.0689,-246.5209,386.5012,-215.2079,170.4927,-73.7774,-423.7391,-149.9945,262.9499
-139.7442,-286.0952,-180.6277,-415.9687,245.0153,-283.9920,251.8618,1.5083,49.3448,34.8556,40.5851,-187.8410,353.6357,-219.2114,155.7701,-147.1573,-295.3146,-148.4957,286.6804
-111.9054,-168.9908,-84.6145,-234.2517,205.1627,-203.4291,161.7059,9.2073,55.0652,71.8395,51.5989,-109.3092,245.3055,-192.8129,48.6636,-134.1347,-82.5173,-37.1692,230.2618
-43.0882,-2.4335,48.2856,40.2350,173.4573,-37.9460,97.7365,29.3689,77.8232,107.1677,48.1118,-58.3421,154.2473,-147.6041,-50.2416,-23.8880,154.5079,107.1630,157.0044
14.2165,74.8914,151.2182,293.3354,166.8571,108.5113,67.5195,68.3020,132.0685,118.7051,30.1622,-14.1240,163.0497,-69.1824,-30.4370,49.3968,365.5803,191.8507,158.5514
34.5844,72.6498,255.3638,425.2288,205.4517,193.9389,102.0176,121.9089,211.9289,92.7299,28.1926,49.9827,215.5913,15.4627,37.4514,-11.6966,519.8808,214.5346,215.5729
79.2801,102.5836,398.6482,461.4089,233.0157,227.8738,162.0295,207.9267,182.5043,90.6500,57.2889,105.8644,220.2059,53.8448,3.7025,-111.3955,602.6591,206.5042,224.9725
158.9444,162.3022,511.0773,482.0022,212.2724,188.2111,163.0915,275.0602,85.4205,161.8072,121.2592,113.9536,199.4486,46.1685,-90.0566,-103.9914,619.5292,162.6852,173.6170
202.3902,171.7314,518.5413,488.5893,185.2004,92.7729,136.2662,230.3255,103.0179,220.8581,172.6420,89.0057,219.7131,34.5352,-99.6643,-25.6815,584.2584,90.4930,115.7878
186.1986,126.3507,453.8660,444.1744,174.1730,24.4223,151.1988,112.7616,190.1695,189.7916,150.6277,66.1307,267.7099,40.7482,-42.9760,-2.5581,496.7064,42.7375,45.5891
134.7762,77.0285,386.4084,362.6308,181.9706,9.5524,180.3141,40.8278,225.4536,130.3219,116.2256,47.7595,317.2093,53.5718,-3.8814,-34.1516,369.2275,39.9310,-36.9749
44.5581,30.5063,344.4189,267.7610,249.6242,14.6504,203.8946,15.3623,241.4780,98.2280,169.2542,28.7954,406.8613,56.9734,47.8341,-68.7712,247.1040,36.9047,-61.5090
-79.0282,-58.5525,324.7533,157.7346,376.1687,44.1461,258.4771,-17.6510,192.0470,61.6998,249.3944,22.7872,535.0644,58.7142,128.6805,-116.5514,158.1876,21.4040,-10.7379
-191.6576,-188.4572,300.1151,53.4121,486.8206,116.6263,320.6277,-27.6810,1.5574,7.1516,239.6481,32.7064,602.0563,79.5119,166.9270,-130.5394,84.4432,53.5698,48.5999
-262.5677,-256.0662,241.7177,-17.1604,543.8340,221.3932,358.3738,18.3399,-100.7287,-27.3092,165.4197,42.8420,561.8411,115.7604,157.1746,-28.0921,8.9134,152.7181,107.5327
-287.1207,-204.6445,176.2069,-67.7224,574.4713,349.5907,431.8384,100.4024,91.8998,9.6547,114.3577,56.6672,499.0201,147.0164,163.1935,103.2660,-56.5517,255.0535,218.7029
-260.2888,-142.3278,157.5190,-110.4552,592.8188,464.8211,544.1700,205.6299,280.6800,103.5659,108.4417,83.7233,472.5309,157.8870,183.9413,111.9454,-101.2552,316.9567,350.6053
-186.7345,-160.2728,165.1521,-135.7690,569.3314,484.2648,568.0758,284.5641,138.0090,121.6275,124.6906,78.8283,429.3674,127.1901,187.2280,47.9891,-135.7815,335.0362,406.2555
-95.3342,-191.8344,123.1541,-161.3415,471.6903,394.2840,483.5799,267.6131,-65.4985,43.1285,110.8586,-2.6129,332.7216,58.2546,182.7547,49.3299,-169.6462,288.0105,391.4691
-28.8843,-186.8753,29.6522,-191.4825,322.7658,287.8866,435.3262,220.8072,33.8843,78.7025,31.4016,-83.4837,222.7654,5.0408,169.0862,98.8363,-187.7033,195.0131,394.6819
-22.4615,-182.8783,-39.7186,-168.0180,174.0893,222.5554,437.9532,251.1032,181.9658,235.0761,-53.3477,-63.1642,119.9823,-14.1391,116.0074,103.8298,-172.2075,136.8742,396.1947
-70.4231,-147.3168,-55.1019,-75.0022,15.9928,160.8782,340.7022,284.9396,18.6192,223.5613,-84.0048,-12.4589,11.9655,-46.0001,21.4505,55.3782,-136.6706,110.0954,302.5066
-115.7996,-40.8874,-48.5540,10.4835,-159.0327,70.9052,157.8043,220.6405,-189.3012,80.8699,-106.8500,-46.7864,-68.4217,-85.3145,-84.3385,-0.3779,-98.4128,31.1308,166.7905
-103.2267,22.3636,-33.4805,46.9529,-246.8543,-20.5906,80.1816,139.8420,-97.4804,115.9936,-142.8107,-96.1364,-70.7894,-78.4725,-169.7509,-27.2846,-47.9423,-70.5248,125.4894
-54.3629,-42.6510,-14.4991,57.9086,-184.5708,-69.0764,133.6329,129.3753,32.3552,201.1546,-132.8794,-62.6541,-6.4449,-46.3745,-217.7389,-29.8352,-6.2268,-96.8815,154.5695
-59.1961,-128.4798,-27.0474,21.3097,-81.5241,-49.1769,181.9301,142.2710,-62.8138,53.0158,-96.8824,-34.0083,72.0258,-30.6352,-235.5170,-50.0514,-45.8324,-78.5107,158.4137
-154.0257,-162.8129,-85.0521,-93.3129,-8.6928,35.0789,220.6751,161.2888,-109.6085,-91.0434,-114.2491,-91.3423,132.6357,7.0324,-236.8742,-69.4071,-175.1532,-85.8359,184.3021
-255.0347,-226.0656,-152.1170,-215.4357,99.8753,161.2615,329.0242,234.2961,54.8641,42.3424,-154.4779,-139.3837,174.0030,89.9142,-223.7023,-4.8277,-292.0347,-78.3235,292.8424
-282.0101,-321.4916,-193.5956,-264.9113,224.3736,297.6068,446.2178,337.7050,159.7770,212.1617,-140.2233,-101.7985,191.8787,161.7092,-209.5847,103.5131,-326.2297,-39.1161,400.0534
-268.4932,-337.3433,-197.4879,-280.6712,248.7645,383.3552,471.2115,393.6188,110.5837,181.8128,-93.3407,-38.1822,152.1128,177.9856,-224.6280,101.0875,-321.5193,-50.2145,423.9651
-262.3512,-273.1766,-170.0079,-326.7894,178.1052,353.5134,422.3959,357.4052,79.0654,66.2283,-69.4993,-4.9899,40.4674,136.1897,-272.9777,-6.9526,-321.8022,-116.8045,377.3539
-233.6450,-232.3722,-141.0482,-361.3853,90.3358,223.7926,337.0754,236.1528,53.2080,-17.7599,-62.7801,-2.8926,-77.8187,55.9451,-319.9641,-61.7640,-294.8786,-151.8502,272.0433
-163.7374,-237.4739,-121.4840,-314.2973,-22.7287,77.8053,200.0692,97.0483,-37.4518,-59.5128,-51.6876,-24.9560,-149.5564,-3.7442,-336.5821,-48.0384,-220.2040,-158.7118,126.8496
-96.6502,-251.8936,-86.4081,-216.3284,-185.6976,-50.2475,33.1227,-0.2256,-88.6679,-60.7842,-48.0547,-48.2996,-228.4655,-18.2040,-342.3989,-80.0717,-145.3020,-221.7419,7.0925
-61.8200,-277.8311,-51.7925,-147.1870,-366.6096,-187.7558,-102.2805,-79.6037,-66.7661,-83.8098,-67.6392,-56.9740,-351.1835,-55.6783,-385.0926,-145.0722,-109.6767,-360.2528,-63.2883
-53.3569,-300.9274,-71.2574,-113.3657,-536.8774,-330.0958,-186.5452,-156.0956,-60.0009,-133.1752,-90.8609,-67.0524,-447.0971,-142.6078,-467.4383,-160.3187,-96.2598,-520.0442,-124.1753
-57.4614,-255.0087,-129.4599,-72.9100,-681.1770,-438.9736,-245.1805,-195.8713,-74.1901,-130.4908,-83.6279,-73.9630,-486.9751,-204.8529,-531.6001,-173.9438,-86.9321,-635.4692,-208.6129
-39.2366,-125.4230,-163.5491,-34.0112,-776.9319,-510.8006,-303.1251,-241.9751,-93.6733,-144.5285,-63.3928,-67.0761,-529.0704,-220.3958,-537.4274,-251.4379,-91.3815,-667.0213,-327.9263
15.3691,-5.6883,-169.6088,-37.8583,-806.2077,-559.4586,-354.8817,-354.8582,-144.1579,-260.0417,-79.4658,-76.7593,-559.1613,-237.6933,-506.3073,-310.3083,-108.2458,-635.7362,-447.2234
46.0796,6.4919,-178.0303,-81.7224,-742.8738,-554.7123,-372.3103,-447.4638,-222.4731,-350.5390,-115.9565,-99.5139,-502.0505,-237.7076,-479.3170,-261.8148,-128.3868,-581.6934,-479.7737
3.7866,-62.4270,-189.4177,-128.8393,-580.3440,-440.0208,-338.4793,-415.7221,-336.6902,-344.4762,-120.2994,-90.8004,-372.6720,-170.0566,-466.4148,-166.9957,-161.2974,-491.0340,-398.5885
-74.3855,-104.4482,-196.2472,-159.1184,-377.8004,-214.0380,-233.7325,-299.8202,-418.8831,-320.1050,-105.5365,-84.4924,-240.0863,-69.0985,-421.9491,-127.4180,-193.3528,-345.4422,-264.5662
-146.4387,-104.9606,-192.1932,-169.0120,-190.6199,31.9138,-46.7040,-168.5224,-273.6340,-243.3732,-102.3689,-134.2239,-136.5712,7.5636,-302.1240,-140.6910,-177.8755,-189.3645,-125.2618
-213.7512,-156.7091,-165.4025,-153.6042,-24.6269,194.8594,128.5241,-55.9174,31.6682,-109.6988,-85.2896,-176.9583,-85.3076,69.0736,-175.0237,-127.9612,-119.5748,-80.3960,-16.1568
-262.1779,-271.3313,-134.6901,-117.7141,86.6759,270.8727,165.8756,-14.8312,136.7160,-78.1340,-48.5900,-149.8653,-87.9021,134.8077,-142.8762,-43.7264,-76.5396,-37.0547,26.8383
-270.2402,-345.1092,-138.8398,-95.6276,97.4574,311.3244,124.4146,-29.7211,31.1142,-122.7539,-43.1029,-113.4319,-101.6264,166.2495,-150.4886,61.2605,-61.5979,-35.5846,41.5993
-257.6837,-337.4202,-179.5683,-126.3188,36.3437,300.7379,136.9551,-19.3382,31.3976,-91.2812,-82.2205,-120.9271,-117.8446,122.8261,-90.3425,93.2613,-54.7735,-38.0199,61.2484
-249.2947,-308.4209,-230.0852,-186.2532,-48.4257,207.5480,141.8844,-14.7383,112.7862,-84.4718,-119.4765,-143.4872,-159.1851,53.4089,-23.4926,34.5947,-73.8118,-106.6518,17.3394
-244.6527,-293.9625,-262.0261,-196.1488,-148.3551,97.9124,43.0406,-86.9427,69.1949,-172.2191,-114.8252,-161.7315,-194.7398,46.9775,-34.2156,-43.0923,-111.7799,-391.6413,-97.2010
-243.6397,-274.3312,-242.6552,-127.6438,-243.6351,44.9016,-60.7540,-164.4662,-13.6360,-163.0479,-57.8213,-161.1866,-197.6977,79.4009,-56.2121,-78.4754,-96.2373,-822.9837,-181.6286
-239.1131,-213.4950,-173.0117,-28.4480,-317.2212,16.1504,-100.4184,-178.7657,-90.7133,-74.3975,24.2709,-102.7466,-210.4645,33.3169,-66.7045,-65.5659,-11.4266,-1045.9540,-237.7697
-216.7991,-102.3790,-104.8338,62.6726,-379.1335,-20.6702,-165.8672,-184.0676,-278.8321,-130.7345,71.4909,-16.3312,-244.5647,-96.5901,-142.3117,-30.5501,64.5531,-903.5673,-305.7682
-196.3206,-28.0406,-65.2406,124.5836,-379.6833,-20.2177,-231.1844,-178.4246,-378.9121,-230.3598,63.6239,6.0584,-238.9800,-173.7981,-214.7549,-15.0715,97.8236,-659.2552,-276.7653
-191.9918,-85.5090,-30.7319,125.3547,-242.0610,31.2223,-164.1549,-108.6010,-168.5228,-163.0681,52.3444,-45.7310,-160.5270,-125.7969,-157.5388,-39.2799,128.8302,-546.2325,-119.9484
-150.5207,-190.6646,5.5073,81.5703,-30.2562,83.5026,-43.3763,-52.8071,7.3260,-67.8183,83.4918,-101.5305,-43.1097,-34.6699,-66.9538,-77.4156,153.1382,-495.4411,-26.5712
-49.8793,-209.6255,21.7216,50.0537,101.2277,121.9288,-45.3034,-76.8496,-156.8977,-91.6546,141.5559,-126.6462,51.7125,-1.8409,-77.6722,-96.5574,118.0329,-410.0342,-59.4754
12.2319,-200.5132,15.7924,30.7374,123.1956,176.7980,-112.8408,-60.0352,-293.4950,-94.4993,183.2876,-127.6348,83.2782,-17.0665,-96.7959,-70.5877,38.2608,-303.5264,-52.4326
-25.7860,-246.1965,9.7195,7.3577,133.7565,260.1156,-90.6933,65.9670,-91.1908,3.6248,183.6411,-113.1335,81.4100,3.0993,-22.0320,19.0721,-6.4695,-172.6132,33.3282
-70.2884,-261.5024,17.9768,12.4767,181.7808,339.6397,-8.3752,163.9311,133.0332,102.9104,149.1030,-103.2141,96.3219,70.5871,59.1625,119.4783,4.9731,-40.7731,78.1165
-57.3971,-216.0310,23.2354,27.9703,212.1296,340.1226,32.7318,158.1927,109.5671,187.5653,100.2604,-106.2980,104.0111,102.9075,68.0842,140.8904,7.4043,-3.8231,76.8573
-82.0035,-224.8212,-11.8203,-17.0231,165.9687,224.9885,49.3545,153.7789,33.6547,293.1472,45.2471,-97.2798,65.9282,77.7553,53.4097,107.9340,-39.1987,-69.2980,93.7149
-197.4631,-289.6079,-90.4089,-88.1473,56.9233,85.9663,79.6100,198.7974,53.2466,324.9669,-19.0925,-71.6054,7.2538,68.3903,58.8840,111.8043,-91.4136,-141.5170,103.6952
-288.8224,-302.9899,-171.3604,-90.8783,-64.3310,21.8413,79.9564,213.2374,61.0882,201.9712,-90.1315,-58.4845,-51.2622,87.5395,72.2752,132.9009,-100.7263,-174.8604,79.3185
-271.4722,-266.3522,-221.3958,-34.6325,-161.2131,-15.6144,27.1528,166.2661,18.4258,46.4555,-148.8583,-54.5207,-107.5987,72.1909,67.4210,101.6389,-69.2898,-165.2954,41.6270
-219.1846,-220.9612,-221.4926,25.6708,-199.1450,-100.5988,-29.3911,92.7341,-39.0171,8.4848,-160.0365,-35.4541,-121.6524,4.3544,14.6973,31.6066,-13.5840,-102.7229,-19.1695
-215.9840,-157.4007,-163.1977,80.5496,-160.7268,-185.2383,-71.7875,-2.8060,-142.8793,21.9624,-120.3428,-27.1423,-82.9780,-100.2262,-62.4007,-40.1393,38.6571,-29.7088,-105.7409
-248.0866,-125.5570,-101.0149,106.0617,-88.6995,-195.7658,-118.9051,-86.3128,-228.5657,-24.8095,-95.5950,-62.3746,-38.2948,-203.3732,-62.3949,-79.7446,34.5291,4.7419,-152.3881
-265.5552,-173.6160,-110.4193,74.3547,-25.0442,-128.9027,-122.7982,-75.9997,-151.8379,-31.5792,-126.8979,-105.5622,14.5363,-196.3992,50.4392,-32.7847,-36.2091,25.7302,-113.8032
-242.9499,-221.0450,-166.0878,7.6644,43.9636,-16.1401,-35.0117,3.9457,16.6157,97.3991,-152.7207,-115.3268,88.6289,-55.9250,152.6459,49.9024,-120.3091,54.9109,-34.9936
-200.4286,-204.6735,-195.7534,-73.5682,103.4532,94.6705,69.4466,45.5935,104.9420,222.7601,-132.9827,-110.9292,118.2869,41.5035,137.6333,40.6097,-190.0651,82.5437,17.2878
-187.7139,-175.0743,-211.1310,-139.8976,100.9804,170.1850,102.9835,52.8526,150.9779,239.7199,-137.1523,-106.8568,80.7961,-1.8324,90.3823,-8.6431,-239.0808,131.7254,25.2046
-200.0864,-167.3888,-239.7593,-121.6742,60.4290,223.1275,79.2536,73.5331,203.8184,218.9501,-198.6603,-82.3950,46.5237,-41.9484,131.4974,45.1390,-210.1816,190.1312,5.2306
-175.0315,-182.1102,-235.9572,-42.8528,34.8857,231.6880,6.6342,37.9023,130.6138,161.2360,-243.3569,-48.3362,18.5423,13.4517,191.4382,134.0140,-85.9578,184.7085,-28.6936
-116.4305,-220.0833,-180.2178,-19.9596,-11.0706,137.3853,-127.3659,-74.8847,-47.3618,48.2397,-238.9843,-30.4531,-60.3063,69.4826,142.9679,135.4828,25.4329,130.6232,-70.0031
-89.3596,-215.9016,-126.1195,-28.7531,-108.5775,-14.6941,-249.1317,-129.3541,-115.0225,-1.2080,-230.8770,-5.5304,-169.7605,63.6202,36.9356,118.2585,49.7980,112.3849,-117.8359
-81.1771,-123.5430,-91.1832,54.6116,-197.6772,-122.0887,-302.4617,-96.8634,-117.9306,10.3677,-213.2737,41.7836,-262.2924,12.8312,-23.5264,124.3407,59.1449,127.4887,-178.6135
-36.2397,-40.2551,-45.3035,184.9583,-244.8427,-183.7411,-345.2754,-109.6363,-243.4642,-60.5247,-150.4125,68.7859,-321.6450,-77.1558,-67.2167,57.9082,107.3612,143.4006,-233.6032
4.9357,-44.1740,-0.8905,221.4090,-292.7815,-230.8512,-379.9091,-174.3805,-334.9232,-139.4389,-88.8902,57.3373,-314.3467,-147.4577,-106.6535,-47.9757,129.1030,167.7439,-239.1825
-31.7758,-77.1461,7.6232,167.4673,-359.8706,-250.4792,-339.5983,-191.8168,-196.1344,-95.7832,-91.6562,49.5274,-258.6833,-132.5477,-69.3292,-59.1486,85.3659,161.4943,-215.8538
-114.3107,-100.0579,-3.1198,116.3150,-407.9918,-277.1644,-290.4659,-188.5183,-68.1473,-67.9622,-128.4585,70.4925,-252.2748,-118.6052,-5.0107,-16.2325,46.1172,111.9069,-234.5583
-161.8999,-127.1784,6.1960,114.9632,-376.2408,-331.8682,-318.3418,-215.3568,-182.7522,-147.0415,-143.9695,102.9650,-285.3575,-191.7999,-30.4573,-27.6413,77.0451,131.7994,-256.9628
-175.2633,-132.4411,30.7400,165.6092,-217.5878,-311.2776,-306.1014,-209.8126,-308.3719,-182.2654,-146.3814,123.6251,-223.0978,-226.3643,-70.1381,-49.9916,150.2076,253.6808,-166.8399
-204.7119,-114.8888,27.8331,215.5793,33.2823,-158.6012,-134.3524,-139.7820,-210.7804,-130.2864,-150.2984,121.3986,-33.5750,-93.9864,4.3273,-12.3329,187.5546,344.8635,11.6537
-236.2080,-110.0268,-18.2045,196.8538,280.2590,34.6649,95.3175,-44.4653,-39.1201,-74.3908,-125.9888,115.2979,184.0944,89.5586,122.8660,52.7308,152.4881,367.6808,146.7905
-210.3189,-85.1207,-60.9349,141.5983,478.9370,216.4278,248.8457,72.5035,42.3916,11.2289,-63.9507,132.4534,356.8783,153.1886,189.9293,102.4438,91.0644,407.3785,218.1755
-144.7809,-31.8202,-44.6718,122.7464,622.1038,396.5923,327.3603,189.1223,114.9491,119.0760,-7.1272,149.8737,456.8845,127.9997,254.8310,142.3227,71.4578,447.2127,288.2856
-118.3105,-48.4070,21.4882,117.6693,664.0164,501.2391,354.0509,232.5329,229.3034,147.8627,13.8517,141.6444,465.3849,148.8420,335.9312,183.9668,98.2726,418.8399,345.1617
-120.2848,-143.4618,78.3555,74.9167,587.0706,468.3601,307.0295,196.3144,263.3842,110.1107,5.8248,151.0896,403.2002,231.9200,355.2693,211.0091,123.6205,335.8513,339.6901
-76.7076,-185.1899,88.2797,8.3162,450.2671,370.9203,188.8190,135.9220,173.4091,65.0110,-23.2666,195.3750,317.3689,283.3737,299.0826,185.9960,110.9370,210.0653,276.9838
-21.4170,-140.0459,62.3506,-48.9894,298.3242,287.7470,52.5162,81.3381,94.1819,1.0706,-56.5747,196.2498,239.2210,263.6531,228.3460,118.3361,61.7307,58.1169,189.9432
-34.0302,-104.8205,35.1011,-64.8969,135.4364,214.9839,-44.8085,38.4288,71.4103,-48.8320,-63.6264,124.3681,176.6016,222.2832,171.2182,66.5263,21.4145,-27.5891,97.9145
-59.5760,-110.5985,26.1735,-16.6873,-9.5617,137.9435,-103.3555,-22.2329,-28.8185,-62.9408,-55.5214,66.3367,111.9119,185.0921,111.7892,26.6596,41.1967,-21.3795,5.9847
-18.7617,-106.6787,25.3951,43.3934,-89.7868,66.2673,-165.6983,-128.0919,-196.2961,-106.3685,-65.6757,71.0812,40.9605,129.6216,32.6946,-31.3043,92.4514,-1.4394,-73.6133
17.9550,-82.2785,25.0733,41.5411,-85.2551,30.6906,-224.7916,-200.5977,-221.9302,-155.6848,-67.0053,91.0522,4.2997,67.9047,-38.8092,-43.8626,91.3335,34.5342,-103.2605
-26.2768,-81.5810,42.9490,-2.6333,-12.1141,52.6907,-235.7782,-167.3603,-124.0077,-148.2247,-27.7327,95.1468,14.6942,32.5366,-46.0469,13.6794,35.8295,124.1963,-67.0690
-87.3237,-130.2900,80.8863,-39.2612,80.6873,89.2807,-204.0761,-106.0877,-143.9487,-151.9720,-4.4900,97.7479,33.7127,7.7313,-8.6930,25.8214,-4.0118,195.5701,-7.1953
-102.5366,-184.5575,100.6665,-72.8797,146.8672,106.4987,-152.9967,-69.0990,-236.8714,-170.4578,-41.5113,98.6310,61.7156,-19.8477,-0.3163,-39.3420,-30.4408,213.7319,39.2369
-106.8316,-181.0500,83.9213,-95.8880,183.5923,154.1208,-88.2278,1.6863,-175.7087,-108.3854,-72.2837,89.8167,118.7562,-8.4634,-9.2953,-70.1917,-92.1121,260.1110,66.9420
-119.4836,-130.9662,71.3443,-78.9227,211.9946,236.8939,-45.2374,77.4270,-78.8488,-50.2237,-45.1355,87.7116,163.2427,55.0210,3.8565,-50.5515,-144.8361,345.0322,73.9687
-113.0779,-84.2678,97.4026,-45.0324,248.9334,279.6071,-22.6763,101.3309,-158.4716,-88.3642,-15.3608,113.7482,164.7973,111.2005,9.5258,-48.0702,-111.6065,406.7797,100.4690
-91.0929,-39.7756,130.6749,-24.3316,288.2859,287.9435,61.2239,151.5919,-224.7608,-73.0465,-28.0068,157.1027,156.2543,124.5766,26.7593,-50.0076,-35.8315,454.0778,181.7576
-66.9770,16.3581,125.7191,1.4533,272.2575,306.1913,181.1064,226.2780,-78.4250,34.9140,-47.3274,168.0941,136.7093,126.2746,105.9508,-52.1066,-23.5593,485.9220,215.5813
-17.7314,69.8668,91.4470,26.6515,159.3086,288.4023,183.8921,187.3706,56.9780,44.2953,-39.1080,115.8542,76.6242,135.8815,152.1499,-86.5961,-86.1290,443.8410,106.7418
58.5075,117.3127,57.5783,9.4038,21.5372,226.1429,69.1441,83.5693,-8.9874,-39.8438,-16.9610,49.7189,12.0638,130.2964,89.0383,-95.4360,-149.5070,349.0597,-23.9068
102.7154,143.3872,22.3111,-35.6734,-67.1191,175.7960,-18.7391,58.2222,-97.7287,-57.2324,-7.3254,38.8311,-21.3559,92.1060,53.6631,-59.3784,-163.7286,261.7257,-70.6033
76.7917,116.5082,-12.0316,-47.0550,-166.0017,69.4382,-86.0591,15.3110,-80.2618,-46.5639,-14.9407,65.2393,-66.5593,26.4691,98.6265,-100.1859,-139.0300,147.4792,-158.3461
33.8029,69.8758,-18.7368,-18.9179,-320.2502,-170.7013,-234.8614,-147.2529,-81.8236,-85.8533,-15.3813,55.5012,-146.0780,-46.8337,46.0269,-214.5186,-123.7714,-14.5017,-345.2390
31.3777,45.2785,-10.7683,-20.2301,-426.5239,-404.2524,-396.2990,-281.2314,-154.6912,-111.2260,-2.6298,-15.0509,-205.6501,-93.6282,-111.7923,-229.1052,-166.0520,-141.3094,-459.3006
17.8310,-9.7574,-38.2232,-108.3219,-398.2125,-472.8440,-420.5039,-286.2737,-200.0485,-99.1931,-28.5400,-111.3866,-214.8343,-106.0867,-148.3097,-128.2740,-257.8527,-182.5411,-420.1357
-79.5812,-117.2697,-99.9392,-238.3698,-290.1563,-411.5886,-323.4987,-232.7727,-196.4329,-79.3016,-118.3152,-180.4947,-210.4454,-118.9933,-48.3900,-53.3931,-332.4619,-167.6487,-337.3927
-200.8265,-185.1160,-152.2810,-292.3634,-185.1756,-285.4832,-240.6961,-127.1494,-192.8914,-49.4580,-197.7820,-176.9230,-219.6286,-125.7566,-12.3795,-41.1303,-341.0078,-107.1888,-254.6340
-239.9823,-176.2126,-182.1262,-231.8006,-120.2831,-114.4831,-220.2617,30.7761,-167.5133,-44.4494,-201.5079,-107.3269,-226.9918,-72.7741,-66.5811,-54.7810,-292.7295,-5.6319,-133.9996
-205.9571,-154.5057,-184.5047,-145.2546,-108.8333,21.9608,-193.8275,131.9711,-91.8165,-43.4275,-162.1587,-43.7405,-225.1323,9.7817,-91.6434,-80.0501,-213.4805,82.5686,-6.9613
-145.4555,-134.6162,-137.3687,-94.5194,-119.0247,63.2396,-131.4504,148.4574,-38.2512,53.2457,-117.3171,-35.4130,-225.1040,34.7467,-76.5300,-72.5948,-121.8787,116.2247,65.2714
-54.1867,-82.1046,-57.4111,-37.8344,-104.8915,44.9869,-105.4400,141.7824,-85.1277,149.8440,-57.1755,-39.6611,-209.8379,24.2238,-76.9534,-33.8671,-40.6504,121.2665,55.0133
18.8218,4.2544,8.6936,47.9052,-90.1259,-2.1845,-145.8760,90.6167,-165.5456,77.5250,-4.9848,5.5500,-164.4672,48.2425,-102.3217,-46.9402,23.9156,127.0450,-27.3867
-7.6804,108.8083,49.8179,112.9654,-120.1016,-61.4143,-179.9560,-1.6432,-132.4819,-20.4870,-10.7978,80.0068,-149.5125,72.7586,-132.8153,-96.8867,83.3672,101.0995,-102.7024
-69.3810,183.3827,63.5654,124.7298,-180.1157,-98.9255,-187.6431,-53.5321,16.0069,24.5334,-55.5481,107.0992,-218.3453,50.7677,-132.7406,-108.1554,112.2984,2.3016,-117.0721
-36.8123,163.3558,34.4382,93.8152,-249.6023,-148.3334,-228.0972,-103.5773,92.6371,36.8795,-67.1684,57.5128,-298.2152,-0.8168,-99.7492,-140.2106,70.2460,-123.0660,-150.2077
58.8882,97.2303,0.0694,43.3045,-332.9490,-251.1346,-292.9567,-230.0767,-45.7610,-107.6260,-16.8658,-15.9948,-302.4030,-86.6992,-99.3025,-236.8486,-0.2988,-183.8515,-258.9631
96.5444,98.7205,21.3162,23.4912,-386.0886,-322.5387,-329.5944,-339.0070,-303.2975,-244.1994,55.3858,-41.5373,-262.0370,-166.2440,-135.1882,-272.8622,-18.2361,-169.4000,-354.1867
57.9405,148.6008,62.0315,59.9214,-343.2428,-296.2776,-330.2405,-340.1173,-438.7301,-308.3194,89.6096,-7.6154,-217.4339,-119.5259,-118.8138,-202.1246,-9.3577,-130.4515,-365.5453
-2.2785,140.2274,34.9404,71.5754,-225.5028,-259.8885,-271.7029,-299.9296,-334.7278,-354.8019,75.3354,24.0625,-144.5902,-4.7648,-59.9568,-151.7868,-58.3168,-108.1211,-318.4459
-47.5469,54.3946,-43.1631,-12.4099,-102.1090,-264.3137,-148.0280,-250.8045,-136.2421,-291.3868,70.4414,3.2289,-59.6559,-17.0615,-52.7385,-160.5254,-140.1155,-177.8199,-228.7144
-57.8362,-48.4043,-74.1339,-105.0482,8.6649,-224.3040,-62.7750,-158.4767,-59.8170,-124.1571,110.4122,-22.9881,-14.4010,-75.9973,-64.2417,-152.9292,-160.2721,-382.3975,-123.9887
-45.5976,-97.7850,-32.1389,-101.8731,94.0061,-107.1715,-68.5954,-74.0838,-108.5642,-80.9258,143.6475,19.0090,-9.0304,23.5368,-19.7690,-124.6688,-114.2553,-561.8908,-66.9382
-47.4996,-65.7182,14.3181,-57.2125,98.2237,4.4510,-67.0696,-50.2126,-142.4428,-172.8490,127.7715,83.9505,-38.0956,121.1686,0.8346,-96.3602,-70.2641,-526.5923,-47.2677
-54.0545,-32.6562,17.3659,-60.3165,12.5976,54.4224,-38.7814,-47.0568,-158.5060,-185.9196,108.7468,62.2812,-110.1525,-17.7990,-75.7695,-45.7911,-59.2463,-370.1267,-22.3226
-31.5317,-79.3861,7.9570,-85.8673,-93.1307,67.2948,-87.7555,-50.6821,-234.5284,-141.3074,131.0366,-22.3051,-182.1614,-183.4326,-145.3260,0.9814,-62.5858,-280.9434,-22.4325
6.3200,-127.0204,38.0930,-70.1037,-167.8306,100.3033,-184.2931,-71.4017,-303.1475,-169.2125,167.5241,-33.3049,-209.3964,-101.5032,-128.1423,11.7903,-40.2205,-201.6489,-41.8664
36.7945,-78.9947,116.5485,16.4243,-194.5826,192.2127,-190.2126,-48.2677,-271.2910,-144.5131,185.5198,59.4654,-198.0157,68.8157,-106.4547,35.8603,38.6493,-21.0505,-1.7401
66.3635,20.2973,210.8872,171.9236,-153.0245,310.0978,-105.0470,43.7403,-196.2567,32.9516,188.2508,152.1137,-142.0756,98.1350,-133.5953,86.1899,140.6713,150.0701,72.2741
83.4937,125.5975,276.8743,312.2999,-89.7408,370.8643,-37.2962,112.2786,-129.8035,173.7087,185.9245,188.8927,-55.5953,86.3176,-151.4027,97.2655,200.6094,184.7037,75.1463
68.3947,235.1868,287.4895,331.4865,-109.7514,344.3429,-47.2086,95.5913,-43.9741,162.3941,193.5028,212.1688,-22.2207,172.1490,-138.3292,81.8713,221.4680,140.8065,18.4951
36.9424,252.2927,259.1863,269.2516,-200.7231,274.7455,-120.4488,38.8607,0.7220,132.8712,218.9801,238.2028,-59.5416,253.4838,-125.4334,113.5778,238.7980,93.6757,-18.5752
4.2287,114.5777,227.7715,221.3879,-238.6243,200.6324,-164.4025,-7.0531,-60.1180,139.1676,233.1033,216.5066,-80.7669,209.0923,-99.4322,160.1343,224.1830,31.8576,-19.9532
-25.1037,-27.8936,191.0807,146.3574,-197.1660,127.5726,-88.7097,-31.3647,-96.8205,102.4488,212.0167,125.6268,-62.6182,115.1845,-52.0345,140.9609,144.7662,-39.3122,14.3774
-20.0840,-41.7386,121.5114,6.0425,-143.4664,72.1863,33.1233,-33.4411,5.6660,51.6037,175.0422,25.6111,-45.9078,85.0914,-29.2767,78.1933,46.9666,-80.7577,78.9137
21.3900,-6.6656,28.0422,-78.4024,-72.5572,66.0242,69.6174,-13.5899,134.4238,64.9955,129.9426,-7.1930,-9.7301,77.1865,-22.5598,39.8116,-10.5241,-49.2686,121.8703
36.5785,-2.2650,-45.0318,-35.9678,48.9498,111.6332,71.8625,40.2767,185.4352,132.5228,67.3014,35.5181,65.6497,28.0046,42.2899,35.7870,-24.7282,116.8320,132.6627
3.2231,22.1035,-65.6113,33.4344,168.8343,178.8781,149.4233,138.6679,225.4296,246.7632,23.6050,83.5064,127.2786,11.6113,144.3454,56.0202,-15.1253,388.6985,160.7087
-29.7613,72.6384,-38.6807,64.6614,223.6231,237.1140,232.7229,234.2681,299.2806,390.5298,34.6770,58.5287,138.5562,61.0291,181.7909,108.6295,0.4167,566.9486,192.1016
-52.1976,62.1987,-11.0777,81.3979,218.7864,251.4623,218.9626,251.1147,362.5201,448.1587,60.0107,-33.2844,116.5098,53.7859,168.8663,175.0831,2.7665,511.0476,174.0334
-93.1076,-26.2018,-33.8661,62.6541,180.1926,188.1903,166.4905,185.9611,383.2872,362.3055,61.7517,-98.8566,97.6637,-27.7349,206.4044,198.4319,-12.8515,340.8509,118.7286
-131.8208,-91.7888,-96.3983,0.0657,119.4662,71.2252,145.3642,102.1410,333.2628,225.7450,76.0703,-80.3781,126.3832,-47.6649,270.6689,144.7614,-38.0522,229.9821,45.7017
-132.5369,-61.4828,-142.7266,-32.2115,45.6414,-37.6676,111.6878,35.1083,225.1127,108.9532,127.0222,-30.8327,192.4144,-21.7430,258.5142,51.8530,-59.6073,168.3764,-45.6474
-105.6771,-8.4503,-147.3156,-14.7951,-22.9546,-131.2850,50.2277,-18.9711,170.6561,34.7919,173.5311,-16.4028,225.8805,-57.7671,197.5926,0.2172,-60.6824,84.1200,-98.8940
-70.2403,-40.4129,-117.9606,-13.7537,-43.9795,-220.8359,31.3213,-52.9270,198.8823,56.3611,180.0142,-25.8196,224.7950,-75.2013,190.6221,29.7386,-53.0438,10.0039,-76.0858
-30.1057,-88.0280,-60.3496,-39.7814,13.5671,-251.2327,83.1507,-59.1493,183.1297,126.4649,159.2773,-28.4500,248.2304,-1.9468,225.5434,95.4517,-68.7202,2.5634,-45.7035
21.9134,7.0096,14.2762,-51.0586,120.9564,-188.9200,176.9054,-52.7692,112.8902,104.6913,146.2759,-21.8067,288.4302,18.9947,235.0772,120.3263,-81.5104,45.3003,-37.8198
123.6606,191.5929,85.0995,-44.0615,234.8816,-98.2710,299.6625,-33.5719,127.5791,10.7526,158.4901,-0.9524,312.4476,-65.6996,247.1814,81.1661,-31.3102,96.7050,21.9527
288.2426,273.1702,132.2351,-21.8456,331.8586,-23.1292,413.5088,20.0749,217.2018,-21.7411,169.7450,29.5736,332.9048,-90.9803,317.5537,30.4390,63.5145,141.9092,137.4924
431.1052,270.8115,138.6958,39.1638,364.6793,67.7506,438.7871,90.7602,251.1241,8.5232,152.1865,54.2491,337.2051,11.4098,401.9604,37.6615,141.2259,193.2671,210.0470
469.3779,351.1145,123.5355,138.6311,303.5141,172.3422,362.6540,134.9109,245.2194,41.9932,132.9780,98.8712,300.2062,128.8017,411.1917,107.7465,201.6891,268.1527,202.4075
441.5897,475.5728,143.3212,231.4081,208.0026,237.9940,251.4405,160.1064,281.5864,91.6421,134.9683,173.8530,253.4932,159.9751,341.0757,164.4291,256.3765,335.1053,160.8037
418.4288,461.2833,193.8805,252.8904,138.4839,236.7904,141.1835,193.4419,312.2266,150.7678,116.2165,195.0091,208.2703,88.0714,273.1011,144.8234,266.0843,323.1058,128.1482
386.6043,303.8147,190.5950,165.6899,77.5522,175.0463,35.2721,208.9084,268.3031,185.2157,53.1592,109.9339,133.0251,4.0801,251.0332,99.9206,214.6995,228.8671,136.3305
302.5711,150.1906,104.9406,17.6390,13.8633,90.6710,-37.7797,190.6214,199.6500,207.3005,-11.9258,-1.1671,51.8427,35.5581,218.7759,127.9649,136.3745,130.5937,185.7773
176.1284,61.3912,10.3320,-87.5477,-35.5016,34.2759,-74.8310,185.1503,177.4890,206.5822,-54.3537,-71.9327,-7.4301,123.3184,129.9821,203.7548,56.3094,73.2488,210.4164
63.8669,4.0976,-25.4951,-94.1780,-99.7742,-11.2462,-133.0454,194.8231,179.3005,151.6828,-82.8076,-122.3722,-89.2184,96.9203,45.3547,196.9177,9.0035,37.7819,155.7883
14.1842,-40.6913,7.4761,-23.7103,-209.0916,-103.6232,-243.4558,147.5729,149.7269,94.8152,-88.3096,-141.1025,-191.1066,-11.8543,25.5533,91.0481,47.8913,1.8350,56.1103
8.8359,-86.5705,74.4211,56.1656,-312.1700,-217.6278,-352.5140,45.7021,108.5121,94.0525,-78.4698,-105.5029,-228.1376,-63.5241,18.2921,18.7922,138.9445,-50.6422,-17.5735
-19.4392,-158.8201,95.1069,57.2896,-338.7771,-276.7628,-380.3043,-11.3052,95.0229,109.1687,-94.2067,-77.9721,-183.2155,-83.2044,-38.8899,31.7349,151.1966,-120.7082,-31.6882
-90.8501,-240.4522,14.8044,-47.8911,-288.6484,-260.6305,-313.3250,11.1629,69.6706,100.2897,-142.9068,-103.9054,-128.4837,-126.6938,-96.8819,28.2247,32.6011,-162.1586,-5.9866
-167.5742,-275.7435,-111.7378,-171.7708,-215.4408,-184.6781,-217.8296,51.5903,37.7972,96.8803,-200.9985,-131.1883,-110.3394,-121.9653,-67.3962,-52.9988,-114.9356,-137.2387,14.2400
-229.9096,-249.0938,-198.3621,-228.3555,-157.4413,-79.2254,-139.7577,67.5745,119.1173,117.0809,-261.5385,-131.4209,-113.6190,-50.0937,42.4847,-146.3789,-191.5237,-84.8142,15.2176
-270.0467,-203.4886,-243.7060,-246.9791,-100.5315,-11.0873,-58.6884,50.8781,281.6273,121.3102,-310.2602,-146.7532,-95.1307,-21.7015,125.1128,-149.5409,-221.8745,-60.2762,21.5568
-261.0624,-177.6853,-287.6943,-287.3797,-25.3139,-7.1219,10.5506,-6.4906,312.0004,65.3057,-325.3698,-193.3356,-43.7439,-91.5866,112.4210,-2.8828,-260.7295,-57.7864,38.4533
-211.7390,-177.1052,-318.8444,-331.0704,42.8235,-15.2161,18.6040,-70.0585,208.9068,-28.0341,-317.8628,-239.8289,-10.2114,-179.8186,78.7970,189.4939,-270.8084,-38.9375,53.2351
-169.3487,-204.4522,-294.3969,-327.2064,92.8136,-13.4011,9.2948,-87.4875,153.1376,-98.7452,-298.9645,-249.9154,-21.2735,-183.0855,98.3102,160.5142,-191.1577,3.9562,69.7288
-144.6458,-255.7565,-227.9409,-275.0892,151.4834,-35.8571,32.4955,-81.2405,125.1540,-147.6040,-264.6895,-210.0538,-47.8086,-103.4768,81.2379,-122.8541,-71.1816,32.6860,69.2199
-126.7404,-281.1440,-202.4140,-216.4603,186.3574,-84.8608,6.6678,-96.4650,66.9949,-176.4261,-244.8390,-165.5646,-100.1311,-55.7449,-36.7107,-275.2121,-22.8359,11.0581,11.9743
-124.9412,-222.1514,-243.6729,-176.8152,135.4386,-146.6308,-99.8459,-114.4986,91.8138,-125.0609,-256.2191,-178.6811,-184.7232,-114.5566,-110.7258,-85.6292,-59.0264,-40.3391,-83.4523
-122.3326,-101.4924,-241.0315,-138.5135,47.6482,-242.2750,-173.0986,-140.9259,123.8652,-57.0398,-246.0186,-227.5486,-213.8628,-224.8961,-63.6878,105.5671,-82.7471,-85.2176,-173.1636
-84.9885,-8.0404,-127.0748,-81.4231,8.3587,-371.3165,-200.4921,-233.3607,-38.3079,-129.3753,-202.7601,-245.5672,-161.8080,-303.8968,-61.8201,28.4462,-40.0897,-136.3992,-269.3530
-42.5838,12.1466,-43.0569,-37.0735,-9.7177,-474.8391,-267.5009,-342.4068,-187.4415,-239.7538,-207.3841,-229.8050,-143.2065,-302.6002,-164.1851,-89.6198,-3.3718,-205.9964,-363.9350
-46.6100,-13.4494,-131.5915,-66.9538,-53.0662,-489.5777,-306.0761,-340.0526,-66.4800,-182.3125,-279.8188,-217.8979,-182.5843,-206.7340,-193.5833,-62.1534,-65.9997,-264.8130,-371.2578
-82.5935,-54.7125,-300.0638,-182.2723,-81.2393,-398.4903,-229.7150,-238.6832,31.6895,-88.4916,-335.2372,-229.3804,-169.3949,-105.0661,-108.0591,-46.5271,-200.7661,-297.8336,-260.8333
-120.3438,-111.3723,-389.1615,-310.5006,-59.4202,-240.9489,-125.9972,-132.7987,-136.4761,-127.1535,-331.3039,-262.6473,-88.3555,-100.4676,-51.1754,-104.3144,-294.9174,-288.5149,-114.3350
-169.1622,-166.7442,-396.3282,-360.9108,-3.6792,-75.1804,-30.5721,-5.4208,-232.0287,-126.3528,-304.1016,-277.7989,-16.8260,-122.5364,-32.3865,-92.0350,-306.3481,-192.1300,9.2817
-219.0037,-172.0274,-378.8477,-323.0800,70.0778,72.0652,120.4406,153.3645,-36.1605,1.5201,-285.4440,-235.0025,26.8656,-79.9525,25.8368,-22.2601,-283.5244,-55.1713,116.0887
-223.9012,-115.1806,-341.0328,-265.0515,120.3141,182.9078,231.3470,230.8037,179.4143,69.0259,-291.9093,-177.4387,32.9374,-60.5147,70.8741,-40.6537,-251.9915,-5.9569,182.2501
-175.5650,-60.8917,-298.5077,-228.6558,91.2092,223.3330,187.1447,196.0622,246.3056,59.6497,-321.9994,-164.0437,-25.7940,-110.9328,48.8108,-140.0592,-207.3203,-31.8427,165.2104
-121.8788,-62.4904,-275.6605,-199.4392,9.5083,194.4967,103.3359,153.3324,225.5727,79.9433,-332.1061,-173.4734,-97.5287,-121.0161,17.8026,-178.3571,-180.7294,-13.7060,92.8331
-107.2537,-75.0767,-251.2096,-176.8528,-55.5675,131.8192,75.2692,118.3338,102.3618,60.7015,-303.6149,-187.6224,-124.1079,-99.1114,5.7851,-73.7046,-185.0570,20.2775,32.5834
-123.2691,-28.8251,-216.0811,-163.0296,-109.1003,46.4439,24.6482,39.3442,-26.5660,15.0768,-284.2102,-221.8622,-151.7267,-156.1674,-21.7819,68.4983,-159.4859,-25.6130,-2.7442
-109.8174,68.8932,-179.5726,-107.4259,-182.8914,-48.6607,-45.2161,-36.5611,51.5952,57.9567,-278.5217,-214.3524,-218.2005,-219.5152,-75.9742,39.6481,-62.9949,-95.1540,-51.9510
-19.1187,177.9976,-92.7498,11.3358,-241.9167,-124.1398,-70.8610,-78.5041,187.0253,50.7988,-211.5057,-102.9917,-266.8118,-174.3072,-143.5007,-136.0668,55.9804,-111.5431,-138.5562
104.3633,280.7630,62.5863,109.9583,-238.4655,-196.2170,-130.4011,-157.7154,34.8864,-109.0837,-80.0189,16.7617,-257.3653,-110.1288,-179.4500,-178.2859,129.5952,-126.0492,-250.5744
153.6294,334.5648,168.2677,121.8300,-190.8432,-279.2418,-260.9136,-271.8744,-285.8891,-188.6594,0.5640,37.6986,-229.8753,-119.9153,-152.2111,-43.7747,141.0201,-166.5373,-357.5000
98.4541,297.2278,143.8833,95.8816,-149.8125,-311.7502,-336.3562,-336.3560,-359.6571,-123.0569,-25.6757,16.4300,-232.7665,-146.9601,-156.9678,0.0042,118.3811,-181.3478,-421.3964
30.2360,226.0734,87.7535,87.2384,-132.1125,-270.3750,-322.9514,-352.3330,-184.4492,-141.6088,-70.2126,24.9421,-262.5493,-161.2472,-270.9827,-101.6540,91.6245,-175.1835,-423.8976
21.2992,207.0015,79.3762,72.2101,-117.0781,-228.2060,-315.6797,-351.3859,-139.8063,-232.2331,-54.8437,34.6810,-273.3164,-177.8933,-345.5471,-144.2449,55.5184,-179.8698,-384.0994
26.0911,214.4732,53.1760,36.5720,-82.6006,-199.3823,-308.0521,-291.6460,-322.6909,-214.8876,-16.8244,50.4642,-233.8985,-151.2223,-248.8066,-75.0893,3.0616,-158.5655,-312.3084
-2.8004,191.9260,-6.2500,30.1415,-20.0958,-122.5031,-225.5504,-159.1598,-424.9742,-121.8897,-2.6410,120.1104,-162.3736,-79.1125,-127.6548,19.8984,-21.8473,-92.2537,-190.2349
-8.0876,183.9594,2.9526,79.9182,61.2756,-22.8570,-94.5359,-19.4329,-327.8914,-26.7657,14.3434,190.7848,-90.0540,-39.4873,-133.1194,80.6787,14.4229,-40.3235,-45.6972
64.0312,244.8514,94.9472,134.8332,121.0855,19.9210,-3.1618,62.9314,-277.9488,41.2652,57.3392,175.4286,-39.6172,-41.4824,-181.3130,16.2245,66.8692,-44.8354,46.9288
163.5884,326.7993,166.4034,139.6252,120.6265,13.0554,15.6242,60.7537,-304.3959,-11.9147,96.3774,110.0926,-34.4658,-51.8781,-180.9348,-128.2641,88.2653,-87.4382,81.0688
220.5244,357.9786,172.6850,105.2427,74.6642,-6.4257,17.1648,14.2372,-142.2435,-98.4928,102.9129,75.7823,-64.0744,-95.1435,-169.7710,-94.4751,87.7197,-146.6225,103.3222
213.8488,319.9704,134.7401,69.9864,10.9968,-58.7653,60.8447,12.2332,95.2266,-11.6020,77.1944,67.0245,-85.4107,-151.1171,-167.1876,125.7764,70.5569,-219.0331,97.9707
151.4229,223.0355,57.0512,43.2961,-71.2292,-144.6289,86.7605,50.4135,13.0867,102.5735,37.3357,53.9270,-93.1644,-132.9292,-158.8965,219.4477,39.5429,-285.6307,40.4268
87.1370,117.7573,-14.2689,26.9702,-135.1369,-196.8942,13.7630,44.5868,-265.7025,5.4785,21.7093,51.2960,-101.4667,-50.9277,-161.5894,136.4342,42.5727,-296.0770,-9.6682
86.0935,97.4363,5.1366,40.8205,-109.1696,-165.9507,-62.5013,14.8533,-306.3861,-124.8484,53.9704,61.6425,-84.0765,14.3673,-150.5045,96.5817,104.8399,-221.4901,-5.0859
113.9386,183.2211,99.0600,92.7758,-6.8533,-77.6619,-11.9914,37.0899,-147.6188,-80.9475,109.3741,71.6490,-31.7313,73.1218,-72.9690,99.9754,177.1866,-107.6524,18.3210
103.1647,270.4972,170.4241,159.8991,87.4414,13.1535,82.8596,81.8116,-69.6348,4.1516,163.9136,112.6794,16.3262,167.7718,17.8046,53.4267,215.8359,-20.7104,31.0392
103.7401,266.4175,189.6603,196.6105,136.7028,77.9884,78.2643,101.3287,-43.7558,31.5656,217.9046,195.6193,53.3673,256.8017,14.8867,44.8773,214.4212,16.5440,38.1199
175.9855,195.2812,185.7714,151.1263,142.8915,103.9391,10.2856,113.4626,33.7437,72.6561,247.8763,228.5177,98.6085,280.9927,-58.0731,97.9671,163.4801,-3.8025,48.5581
236.7677,121.0254,168.3953,38.3535,109.6050,85.4143,-2.3039,117.1697,126.0033,129.1989,232.7620,148.3982,124.0129,240.0109,-65.6028,126.5674,84.2181,-56.6227,101.8420
197.3625,69.7895,143.9623,-27.7488,68.6887,72.3311,60.4110,123.7296,245.8333,192.8193,203.1928,59.6617,96.8142,181.3948,28.7801,179.5812,35.8336,-53.0445,208.0190
109.8671,57.0741,107.8331,8.5264,35.6461,132.9498,124.2895,189.8769,365.7268,284.3650,174.2179,81.5705,32.8577,171.3308,102.5401,276.9458,19.5446,21.6632,279.2416
62.4245,83.9065,34.3462,37.2670,-14.1492,218.6962,134.4814,274.6532,343.4371,323.3242,123.6514,156.2668,-36.6848,207.9411,79.3824,259.3750,-12.2127,55.7982,283.5479
72.7144,102.7923,-31.6717,-23.2498,-54.9713,215.0260,138.7207,276.1634,230.8267,269.4533,87.6896,156.4070,-74.5290,190.2739,48.4113,95.1841,-42.7813,24.4907,318.6758
109.5150,80.7788,3.0906,-85.3536,-45.0770,138.4555,195.7065,224.0699,222.5723,203.7922,124.8763,71.8667,-47.0906,82.6900,80.8088,-43.8022,-31.6184,18.7391,390.4182
122.3559,49.6560,99.1800,-88.6420,-35.7614,89.3932,232.9182,190.3653,265.4252,129.3293,186.6829,-19.1485,21.2077,-16.2630,111.3552,-58.2356,-23.9386,21.4196,385.0169
87.2857,24.2400,118.7660,-107.7121,-53.8863,75.0023,177.8061,162.6019,194.2163,36.1634,190.0646,-52.8612,79.2730,-50.6854,97.2440,26.9977,-67.4659,-25.9615,330.1684
39.1848,-17.1130,58.5364,-151.6522,-5.7676,74.9628,126.7694,170.4056,80.7250,29.8428,161.1529,-10.3481,124.2236,-46.0138,81.8165,116.9437,-99.1896,-28.0454,350.6145
9.4221,-38.7799,34.7445,-126.3816,128.4595,126.1198,161.2447,252.7499,75.8998,93.8104,169.9416,58.6751,165.0866,13.8974,71.7850,80.8511,-53.9441,71.8790,398.3481
-1.4781,3.1274,80.9662,-43.1653,227.7232,196.6233,199.3645,293.9014,142.5634,73.8019,216.6164,73.1070,185.4288,104.8167,55.0744,-27.4878,21.4934,141.5709,348.7545
26.3400,53.2066,146.6739,7.0710,255.0139,189.7291,191.8644,204.7864,145.2962,-6.0444,263.7494,40.0282,193.1642,101.1607,68.1613,2.9336,72.3380,128.5649,232.0992
97.8055,68.7958,200.6414,40.2942,286.2214,115.3385,187.2706,93.8549,50.4570,-22.6606,287.3369,35.8516,214.4180,2.9872,110.5991,140.5523,118.6450,132.8570,131.0508
154.8733,103.3882,217.7466,95.7836,313.7686,45.1021,171.2445,36.5505,-31.1439,-8.7845,276.2375,57.9907,240.6368,-38.1449,143.2669,161.5494,159.7484,138.7598,49.5690
152.5884,147.0380,186.7648,106.4627,271.1669,-23.3847,121.8904,-20.0056,-4.4485,-21.3817,241.0749,46.9160,252.0697,-9.0815,177.4215,64.2489,152.1518,57.8407,0.2538
110.2441,123.4850,162.2098,49.5116,189.0670,-96.0596,117.2954,-68.3454,57.0718,-26.7085,204.0696,20.2230,246.1880,-14.9428,206.7175,-12.4541,117.1915,-39.8522,3.5167
72.1225,88.1471,180.9019,22.6386,135.4816,-134.8978,181.6330,-80.1627,79.9651,-19.6161,169.8823,20.0760,214.2643,-33.6786,191.8692,-38.1370,111.4447,-60.7010,3.7965
83.3812,127.5539,175.8919,47.5298,84.8209,-147.6196,218.9524,-107.1357,170.8842,-5.0679,134.4973,7.0584,146.9516,-13.3717,191.9047,21.3633,112.0167,-62.5728,-32.7056
138.2265,153.6827,92.6514,34.7934,-18.9644,-164.5171,193.5028,-128.1146,362.6778,51.7149,97.5404,-47.1890,62.9151,-13.9826,264.1783,173.7285,77.0156,-101.6878,-42.4602
151.1608,91.8247,-2.0327,-18.7360,-131.5748,-176.6659,169.7318,-65.9162,429.5199,123.8416,58.3908,-81.1145,8.0327,-44.6046,301.6978,242.3493,37.2550,-140.2271,-6.8175
93.5800,39.0798,-26.4800,-36.8016,-154.2925,-198.2345,171.1569,6.1534,242.2180,139.1539,29.1707,-68.8292,26.2388,-37.8853,239.0782,134.2826,16.4077,-158.9910,0.2083
54.7623,31.9479,0.4491,-24.3711,-90.7445,-243.0354,155.6589,-2.7321,30.1781,102.8105,24.0467,-73.3683,102.6829,-14.9101,199.7437,29.6342,-14.9371,-157.0608,-29.0076
61.3153,-3.1047,23.6355,-19.5074,-33.5044,-230.6262,111.2087,1.3344,58.2245,84.7374,32.1487,-95.1971,163.8683,-2.9536,242.8410,41.5930,-49.0280,-98.0908,-15.3950
39.7814,-20.3073,45.0514,3.9254,1.9905,-106.8981,93.1036,90.9165,253.1255,128.4091,48.3450,-41.6656,188.7111,62.6897,276.3850,71.7523,-44.7481,10.0013,43.7080
1.6967,44.9861,86.7296,44.7567,65.6185,20.8674,133.6987,157.0082,323.0767,178.7099,84.9074,87.6270,229.7638,165.6850,269.1869,75.6076,-23.7720,89.7118,56.8661
16.6397,80.3678,118.6003,42.3634,119.1904,42.9666,149.4097,118.9774,172.7885,126.9328,115.5446,164.9043,280.3015,189.2973,243.1290,99.0932,-36.9469,103.5496,-14.1842
49.7876,30.3213,102.6254,6.4525,96.2069,5.3350,56.0630,33.4712,15.7525,8.6026,105.8213,142.4803,278.6891,133.4275,173.0121,132.3694,-62.0505,90.4932,-111.6422
39.5969,28.1607,80.0509,10.8682,48.7537,-7.5947,-63.8751,-40.1546,-3.3154,-14.1410,96.8373,119.5464,251.8960,104.8291,95.5453,141.4552,-32.2718,91.3045,-168.5608
5.7671,83.1756,114.0930,55.9529,48.0751,6.0310,-87.7919,-77.2759,-18.9386,57.9544,128.0166,148.5959,263.4470,140.7129,84.2157,106.4291,50.2659,106.3517,-156.5202
-33.2046,48.3174,162.7076,88.0413,58.2832,22.7471,-46.2113,-48.4406,-100.8515,87.5449,133.5323,158.2431,266.5816,190.9444,80.9723,33.0200,102.3999,124.8158,-83.4357
-80.2797,-27.9206,134.1882,105.7492,29.9531,41.7634,-17.8000,27.4717,-98.2508,80.3856,56.6191,121.6003,192.0877,182.2212,19.4869,8.8148,88.0687,144.6822,-5.3765
-100.4892,30.8297,46.8788,127.3965,-35.0467,45.4224,-6.2673,62.3431,-2.8378,96.6283,-27.0623,113.2293,91.8148,89.4918,-14.6274,69.7862,79.5627,133.1270,2.6906
-80.5622,159.9990,-7.0879,122.4484,-137.5768,-5.2358,-19.6159,-2.8921,-2.5287,64.3553,-27.2640,148.6447,52.9875,-4.2209,31.0937,77.3373,112.7804,33.2799,-64.2248
-53.9175,174.2809,-13.6102,64.2344,-242.5629,-103.6114,-59.8640,-112.3225,-104.1447,-37.9399,19.0013,151.7680,70.0234,-15.4650,62.0832,-24.5752,110.4922,-113.9056,-121.7925
-15.9997,118.7547,-17.3306,1.9339,-245.5365,-161.7265,-51.7908,-150.3574,-138.1491,-85.4623,20.3807,112.7083,88.8231,22.4303,32.7213,-71.6182,59.4053,-159.4879,-99.2766
44.0185,141.7629,-22.4494,13.8731,-104.4967,-97.1961,33.5519,-93.6872,-69.2637,-41.6954,-29.9266,101.7824,100.0022,65.4821,11.1483,-8.7232,62.4970,-55.3815,-21.0654
74.7647,193.9510,-19.6555,88.3008,87.1904,45.4217,109.0934,-37.2676,0.9439,-27.3787,-63.0797,126.0336,131.9984,116.1871,26.4536,5.3226,120.1340,65.5684,40.3636
55.1705,147.7713,-22.0078,108.9723,215.1028,132.6308,120.2161,-42.3099,-5.6435,-120.3616,-48.6864,130.4726,172.0193,123.6047,39.2556,-68.9528,117.2297,83.5650,48.0848
48.1115,51.5770,-14.0160,20.4125,236.8189,101.3531,84.6325,-81.4110,-79.6517,-241.2685,-25.1384,111.3886,149.2066,54.2888,27.0365,-97.1643,60.6941,15.0648,7.8145
99.0232,36.3457,44.7820,-60.4595,173.2928,7.2491,2.4304,-139.8230,-113.9569,-259.5450,-5.8485,98.3137,49.1477,1.3527,2.3397,-49.5139,61.2018,-55.6441,-67.9263
194.8663,98.9053,151.5074,-11.3738,84.6332,-64.5755,-111.9700,-217.9630,-62.6121,-200.0019,50.8688,80.5421,-26.3835,25.7553,-15.1444,-27.1648,126.7149,-49.5270,-163.9854
296.7851,136.3166,258.5984,102.8076,21.8638,-74.9367,-201.4304,-273.8859,-61.1009,-217.1562,141.0119,48.6972,-13.2639,60.6682,-30.1577,-72.4159,184.5867,36.2322,-245.1735
334.7620,98.4811,317.4594,146.8557,-22.4370,-46.3340,-243.5051,-285.2830,-155.5367,-288.3658,194.3566,38.1493,9.5173,67.6712,-68.9782,-125.3055,200.5271,102.8456,-265.6601
268.9589,19.1097,306.1346,120.1262,-75.4915,-27.0836,-249.1639,-278.9046,-169.1228,-240.7068,186.4791,63.7611,-23.5058,65.8182,-112.5831,-108.4741,177.6704,98.2976,-215.8732
176.0632,-33.2147,253.4932,103.9655,-124.5889,-23.5586,-226.0439,-260.0890,-72.9004,-139.8684,160.1123,82.5914,-60.5868,31.3141,-101.3217,-16.7153,151.3632,96.6213,-154.0048
143.9942,-14.7547,211.2885,120.2057,-154.5186,-7.7205,-211.2969,-224.0526,-47.9643,-172.2497,141.1190,71.1637,-79.0174,-41.9798,-49.0183,58.2023,161.9702,130.7966,-143.1297
135.8783,42.8966,186.4845,155.6370,-194.0553,9.4702,-224.9194,-187.1699,-69.6155,-212.5398,131.7168,74.1258,-135.0028,-85.8479,-38.9497,33.3816,181.5623,135.8772,-155.7935
97.9402,76.4999,161.8705,206.2113,-251.2072,0.5317,-212.4960,-144.0807,10.4267,-78.7008,137.2099,120.2483,-207.4959,-56.2438,-80.1423,-62.2002,170.6367,101.6634,-130.5430
87.9439,75.0693,149.7061,228.4033,-264.6112,-6.6871,-164.4686,-101.1642,47.4446,37.3588,134.1034,150.7700,-208.9202,17.9879,-100.9304,-131.0469,155.6684,69.3665,-104.3781
156.6226,54.6627,145.4926,173.3124,-203.9940,24.0691,-163.7721,-102.3972,-129.9108,-56.7986,90.2517,114.5934,-160.3563,77.3261,-92.9763,-94.8588,143.3862,32.1453,-139.9238
230.5738,19.6589,106.3672,91.1998,-134.5965,72.4936,-216.6386,-113.1369,-285.2180,-154.7590,31.7809,73.5895,-147.3926,80.5644,-123.5231,39.2672,107.1872,2.6818,-176.7118
232.0797,14.1180,41.3466,76.8329,-92.5856,111.7932,-225.0994,-53.6085,-169.3633,-63.6893,9.0365,102.4903,-150.3441,66.9828,-189.7291,141.0650,95.7659,28.7594,-141.1725
197.5542,99.3148,22.4746,133.7113,-17.7210,144.0603,-155.9516,16.2095,2.8074,44.0665,30.0719,162.1696,-102.1322,110.6601,-199.2762,87.4255,160.8233,79.6814,-88.2150
198.9238,250.2890,78.8451,204.4353,109.8088,161.7826,-56.9100,6.7313,-47.1881,-5.0400,84.1991,191.8819,-21.8012,179.8789,-136.3197,-45.6930,242.7394,102.8426,-61.0129
251.8126,378.9483,169.9981,265.3494,217.8155,151.3709,36.8371,-3.7327,-178.8464,-79.4352,161.2752,210.9979,43.1961,181.6799,-99.3115,-84.7604,283.1744,122.2621,-11.0969
328.5701,425.0199,240.6624,298.8405,268.9874,111.0783,86.9823,41.8876,-147.7342,-6.2456,224.7809,225.8838,89.4251,115.2254,-116.5818,-21.4385,292.7308,128.6449,30.4395
375.9142,378.0522,247.9534,274.9338,282.1663,25.9147,62.0617,28.8753,-16.5569,134.2018,242.9425,192.0770,112.7304,38.7322,-104.0720,9.2344,255.0801,55.8379,-27.0546
351.3893,296.0010,193.8316,211.6248,251.0385,-105.7643,6.6101,-79.6870,53.1360,139.2693,230.1777,125.1760,110.4002,-14.2631,-56.3849,-58.2107,159.4197,-64.0553,-132.4330
296.7398,258.1502,131.9115,145.4255,172.5984,-226.4474,-23.9001,-161.2823,61.9021,-6.8537,197.2158,76.0859,106.5020,-22.7812,-55.1906,-168.8755,69.5679,-141.9734,-184.8932
279.5273,230.7113,83.4036,67.9524,80.6194,-279.9969,-39.3337,-176.5775,53.4069,-98.1445,120.1364,21.5212,89.4822,-21.3274,-72.0206,-222.4286,12.7305,-176.7359,-205.4371
256.5993,136.0765,6.5277,-12.5750,-8.8822,-271.8860,-34.2584,-172.0417,63.8718,6.5409,8.3111,-58.6036,23.6976,-95.1711,-13.4058,-163.2600,-63.2777,-181.6928,-213.2192
153.1719,40.5464,-111.5734,-54.1788,-86.2806,-225.7793,22.8137,-125.5603,167.0661,182.0529,-75.5499,-107.2097,-45.9660,-214.4257,80.2939,-76.1546,-167.0339,-130.6083,-168.9252
31.6829,28.0221,-225.1445,-76.4553,-113.0485,-161.0799,78.1886,-47.1094,277.1812,214.1904,-104.6926,-110.6899,-47.9857,-248.2574,111.0192,-92.4716,-246.2773,-61.9382,-125.1803
-7.1575,18.1698,-297.0392,-110.7048,-82.1253,-104.2648,60.0071,-34.1490,177.3298,102.4662,-121.9986,-119.3124,-11.8412,-196.3607,87.4141,-158.4745,-265.7833,-27.3927,-156.1319
-1.0500,-43.3466,-311.5582,-93.2676,-22.9265,-39.1392,31.8599,-80.8484,-30.5995,39.1791,-150.9349,-109.0578,3.9157,-161.8639,56.2449,-127.7803,-221.6976,25.7697,-195.8829
-34.4672,-65.9113,-258.1331,4.3878,68.4578,88.0404,87.0724,-70.4162,-14.0622,92.9804,-149.5262,-27.2309,21.2992,-122.3440,30.4394,-53.7703,-147.1645,130.1995,-169.3654
-92.8936,-41.1897,-161.4537,75.2789,189.4213,254.0655,180.2212,12.2939,165.4971,114.3493,-94.2717,64.0171,72.4325,6.6562,43.9287,-62.6799,-89.9885,198.7454,-107.7692
-124.7206,-59.6371,-74.9953,66.3182,283.7927,352.8519,231.0725,72.9370,185.6194,27.1201,-33.5816,81.8806,134.4083,155.5725,112.9416,-70.1138,-45.7914,179.9650,-37.4131
-129.6924,-87.1445,-27.9971,61.4116,321.3604,335.7495,258.4401,79.0551,99.5313,-28.4714,-5.1371,72.3246,182.0475,194.6042,176.3150,14.1789,3.9315,135.8179,30.8037
-130.5549,-42.9068,-14.5554,99.8610,323.0128,264.8516,291.5502,93.1753,143.3767,45.2481,26.0329,122.1041,212.1100,159.6158,187.1709,54.2800,36.1607,119.6681,53.9088
-127.4554,32.2764,-8.0344,138.9037,298.1743,218.9307,302.0652,154.9524,238.6847,147.3102,89.3384,213.0721,226.6689,168.2306,166.0828,-19.0182,59.0338,121.8155,51.8843
-92.1382,99.1851,15.9705,164.3831,254.5430,196.7419,279.4022,204.5865,236.4614,163.3676,140.6363,247.8731,232.6387,195.8556,132.0294,-51.4980,98.5883,103.8196,80.2251
-16.3971,179.7502,30.1774,158.3012,202.9916,128.6818,240.0548,169.0398,183.2217,102.2268,130.3750,177.5564,220.7960,152.0271,90.0085,-12.4824,94.7667,19.7073,88.7171
37.4770,230.3838,-16.7508,89.2085,111.3265,-5.3257,180.7736,85.3265,95.9226,29.6530,79.7413,73.2016,169.3992,81.7228,50.0867,-54.9503,15.0731,-120.0217,19.3640
24.1582,203.3788,-86.1909,20.0718,-33.4041,-122.5625,117.3468,24.0631,-18.8133,-14.4647,43.0321,38.3693,92.2501,55.8977,8.0879,-156.4063,-20.2900,-219.4155,-66.3233
16.7141,159.6856,-74.3698,40.1381,-147.0399,-157.4350,95.2165,-35.2599,-20.8729,-47.0681,34.6350,55.2698,21.7295,8.3603,-20.6478,-146.6708,61.0890,-205.5461,-108.3079
77.1743,143.2843,15.3268,108.1005,-141.1979,-131.0074,119.2207,-95.4099,85.1676,-83.6661,23.4519,25.5951,-26.3335,-82.7798,4.0743,-44.5318,137.7080,-101.8053,-107.0809
120.6565,106.1789,61.6041,126.6425,-22.6363,-54.4469,168.3131,-65.1278,106.8410,-66.7359,-14.3485,-49.9717,-17.2131,-85.8522,60.4467,-2.8929,99.7466,27.5419,-46.5747
66.7838,30.7258,7.4236,72.3125,134.6238,72.9001,249.2381,53.4557,63.2053,21.5106,-56.2250,-96.2836,69.4140,16.2211,99.5006,-42.0638,-13.7488,114.1744,45.9640
-14.0025,-46.7349,-79.8200,-33.3962,230.7068,165.1461,334.0416,123.5142,106.4221,75.7596,-64.0796,-122.5377,153.0660,63.0152,147.7806,-63.2194,-136.0585,101.4714,74.5791
-36.1688,-119.5268,-131.1894,-148.2854,203.1123,139.0690,334.8229,99.1820,156.3840,51.9215,-46.5719,-173.8424,142.4030,17.1238,210.9650,-9.8038,-233.9344,14.2131,28.8357
-32.5372,-199.3245,-142.7026,-205.4995,106.9300,50.5343,231.9299,51.9292,99.0725,22.5329,-48.0560,-202.4133,69.3545,-11.0707,200.9667,61.3526,-266.5539,-46.8805,-10.5582
-65.7511,-271.6936,-124.7427,-182.8295,38.0418,-6.2197,112.4162,11.1156,17.3649,-18.7450,-70.8270,-154.9677,4.9525,1.6756,105.8265,42.9260,-211.6176,-36.2783,-16.7051
-116.4171,-310.8687,-75.2938,-119.5622,-1.5653,-27.9442,30.3557,-21.4580,-54.7420,-108.0868,-67.4563,-93.1239,-51.3235,7.0674,30.0119,-48.3984,-93.0279,-17.7287,-4.3490
-114.6519,-312.2828,-7.6396,-53.4833,-47.8437,-55.0785,-36.4609,-29.2183,-144.7939,-155.3140,-28.0784,-96.4525,-109.8871,-10.8207,7.4831,-67.4855,44.5511,-58.2733,34.8632
-52.7438,-305.4991,39.2015,-16.7593,-82.9134,-107.1810,-77.7148,-35.5723,-116.5348,-122.1536,-9.0808,-139.4320,-145.6444,-61.5687,-5.1099,0.3376,142.1813,-138.9580,96.9712
-21.9111,-311.2512,24.7038,-36.7437,-107.3431,-169.3100,-55.5462,-42.7111,71.7580,-110.2905,-45.6099,-153.4493,-150.4959,-102.4818,-17.1236,9.0683,142.4485,-206.5722,158.6767
-85.5415,-304.8437,-54.2947,-98.8331,-172.3277,-205.1960,-18.9904,-2.3346,143.9440,-124.8635,-101.5468,-134.7787,-144.0218,-61.9545,-50.1610,-55.5038,47.7667,-260.3500,188.4896
-172.5983,-282.3566,-148.2661,-174.7906,-263.6140,-228.9953,-49.5943,34.1575,-30.0932,-93.2726,-136.9445,-129.9492,-143.1393,-16.6730,-120.8152,-58.6278,-64.1957,-321.9904,148.2889
-191.1905,-279.8062,-205.2324,-247.7093,-283.0685,-277.2052,-100.8271,-22.7915,-166.1514,-63.0204,-151.9135,-153.4402,-144.5100,-75.1313,-140.6836,9.3164,-115.7500,-352.0735,78.2774
-157.4593,-273.0156,-222.5130,-276.0339,-190.5697,-269.6648,-58.2911,-70.5794,-64.9914,-61.0125,-141.9083,-160.6619,-119.2280,-125.9930,-58.6455,37.3265,-112.8356,-291.7939,89.5099
-121.3429,-213.5548,-212.7492,-241.0718,-57.4584,-111.6556,62.5832,29.1808,89.3099,0.0426,-99.2865,-111.9037,-59.1441,-46.1713,14.0990,6.1864,-115.1337,-171.9945,178.9854
-83.2640,-156.8676,-170.2473,-202.4128,44.4778,85.2294,146.4306,176.2215,108.1141,92.5673,-63.7307,-47.9962,-7.1033,52.2087,14.0027,-19.9098,-125.9341,-79.6314,236.3762
-37.3533,-162.0571,-112.4821,-191.7175,109.7653,158.5776,161.7196,227.4392,51.4909,91.4462,-71.0836,-47.5796,13.4988,62.5068,14.6164,-20.1172,-96.1435,-34.4869,248.7060
12.9607,-162.0965,-68.4505,-152.0413,137.4281,146.4645,161.3931,228.9894,22.2676,16.7859,-76.2536,-97.0695,21.0814,33.1132,25.2893,-28.3083,-28.3709,8.9984,269.1255
76.4805,-105.6835,-4.5138,-56.6570,111.0339,134.0464,164.9586,223.1483,17.3611,-48.1795,-24.6895,-99.2498,10.0270,-30.9559,7.6267,-82.1047,42.1481,61.2155,263.0269
144.0945,-53.0406,120.9345,47.1464,57.5018,81.7189,148.8185,139.9872,-1.9746,-120.7049,55.1250,-40.7695,-19.8029,-138.0233,21.4866,-166.5377,127.5997,77.7367,186.9101
195.9131,-32.9864,252.4675,124.5387,15.0978,-25.2084,84.5760,-0.0445,-51.1329,-205.9330,109.1543,-9.3254,-26.7293,-168.7110,80.6597,-208.0996,230.1072,36.2406,88.3379
245.4563,-12.8166,314.6499,171.3337,-36.1921,-119.2720,-35.7140,-86.0903,-93.8642,-235.8758,130.1917,-14.9043,-26.9942,-81.1323,78.0054,-179.4943,288.5052,-25.3313,18.7447
294.0868,-14.6256,310.9478,177.7297,-113.6884,-191.2896,-154.3660,-121.4709,-62.6784,-189.4788,126.8646,13.6713,-88.8683,-30.5466,12.4405,-150.8081,260.3794,-80.0206,-28.2388
291.9627,-72.6207,250.6740,122.6198,-191.7537,-284.1697,-201.7789,-184.8176,22.3873,-122.0533,99.8941,45.7715,-184.9729,-99.7063,-9.5682,-174.3097,163.9983,-169.2707,-83.0798
217.1640,-138.4249,128.6227,-9.2045,-280.6748,-408.4109,-215.4302,-274.8160,61.0506,-91.2507,60.9339,-9.1421,-234.3013,-185.0196,1.4812,-211.9192,37.8100,-312.8016,-174.9933
108.1487,-165.4670,13.1163,-171.0897,-391.3087,-549.8265,-264.1077,-354.2697,43.6072,-97.8865,21.2035,-112.6569,-236.2014,-205.7167,-8.5819,-214.4416,-73.5393,-426.2564,-294.4999
-15.4832,-200.3266,-39.5180,-264.4224,-444.5289,-652.8438,-302.7166,-418.3717,25.2320,-87.3793,-25.8987,-172.8724,-211.7795,-190.0887,7.3357,-177.1872,-153.5851,-434.4155,-381.2835
-159.9824,-295.3603,-111.2794,-278.4642,-393.3872,-634.2530,-261.5371,-428.6011,-17.5590,-43.8837,-94.4260,-204.3700,-160.4505,-168.2317,51.3547,-110.3786,-232.2062,-375.7026,-380.4352
-290.0573,-392.9170,-263.8882,-297.2800,-306.1724,-488.6936,-159.2175,-315.3523,-64.5661,-18.7759,-185.3853,-239.7641,-121.3094,-125.8338,42.6688,-35.0495,-299.5756,-298.1035,-271.6341
-360.5161,-394.3730,-385.3781,-333.2450,-197.6202,-274.9793,-21.0534,-103.0079,12.2843,-19.4652,-258.7279,-250.3120,-90.9295,-53.9688,13.0216,2.2087,-304.8608,-178.0207,-78.8637
-390.7548,-332.2922,-368.5432,-336.8820,-8.1894,-29.9313,141.5357,88.4899,160.4744,-5.5020,-258.0546,-239.1824,12.0982,18.2513,56.3451,-14.1044,-272.3120,-6.8318,116.3200
-417.0320,-327.9865,-266.3492,-316.1605,209.3220,192.2425,257.6026,206.7440,156.1070,17.1358,-201.2228,-224.3975,140.1640,65.0573,122.4969,-11.7341,-247.5874,172.1584,254.4127
-408.9442,-354.1416,-159.9092,-269.3558,339.5212,321.4438,274.0329,305.5075,37.5748,32.0664,-162.2426,-168.7442,129.0137,93.1865,109.0166,68.8039,-181.8099,315.7224,349.6940
-312.7814,-259.6611,-53.6147,-152.9825,369.8518,360.2791,230.3098,385.4479,41.4323,42.8260,-137.6644,-84.7687,4.0948,84.8867,44.9088,137.3678,-46.9565,379.7562,387.5049
-139.6135,-59.3419,53.3026,-8.4429,329.1833,335.4502,166.8592,363.6341,127.4232,20.7702,-65.7583,-48.8008,-52.0386,16.5690,15.8586,77.0906,76.1109,344.8120,324.8697
46.9008,69.7408,134.2688,81.0861,233.1256,246.5537,94.6055,250.0404,99.3915,-31.4859,34.4682,-37.9441,-19.6781,-37.0661,26.9077,-33.9640,141.0989,272.4977,225.1959
187.3936,75.4159,178.7688,117.8047,135.7946,146.7876,35.6716,159.6147,13.5126,-47.0389,99.7776,10.3750,-12.5433,-2.1404,22.9528,-43.2877,177.0247,215.4899,179.8403
247.8446,58.3450,196.9957,116.0613,52.4543,84.5421,-19.7927,118.6941,14.7698,-25.8779,133.6324,31.7983,-36.8957,34.1471,-19.1485,10.9517,181.0940,129.8118,152.8118
242.6031,73.0628,197.7858,73.3882,-60.8411,-9.9294,-82.7578,61.7856,67.0936,-20.8039,152.2619,-26.0995,-23.8486,-17.6470,-47.4435,0.1084,147.4971,-2.0408,90.3179
225.7373,85.7462,176.1879,43.1079,-156.2437,-173.1932,-94.0523,-4.5851,106.8245,-16.1025,138.0353,-81.8037,28.1127,-82.5912,-11.7903,-61.0080,101.5059,-107.7221,28.7470
205.2558,45.6057,121.0331,14.5834,-153.4937,-298.3180,-50.1814,-24.8198,142.0909,2.6854,115.2015,-111.0254,75.1760,-91.7893,31.9892,-95.3346,14.7754,-166.7767,-3.3656
135.0023,-68.5006,45.4184,-122.8082,-104.9508,-311.3840,-44.8867,0.1158,159.9386,11.4519,122.2383,-177.7148,98.9271,-79.3422,14.0935,-99.0666,-140.0448,-219.6402,2.8411
29.9994,-206.9656,-25.5671,-322.4531,-61.7047,-233.2308,-57.6498,62.5020,162.3226,35.2519,113.7765,-230.6693,113.9170,-50.8579,-2.0114,-65.4096,-275.2459,-235.6355,86.5608
-38.8306,-299.7472,-97.7572,-405.9705,22.4360,-76.6919,10.6183,175.4257,172.9518,68.6229,40.3659,-196.6910,127.5773,-9.1832,55.8700,22.4446,-312.4778,-179.8007,219.7788
-77.9135,-350.3419,-173.2723,-390.2924,104.3674,95.3714,89.3670,292.9112,172.9043,47.4068,-44.8262,-175.9615,102.3738,-15.7658,106.9980,96.0999,-306.9294,-124.3905,302.8512
-147.1646,-382.0595,-215.8586,-404.0367,75.8660,162.5465,76.0654,341.9508,199.0614,34.4378,-82.7279,-240.7599,9.4015,-50.0181,79.7099,91.5767,-317.9474,-119.0671,320.8363
-233.6688,-379.7680,-224.3501,-401.4747,-15.4746,131.4637,61.7782,324.5978,320.8752,126.8940,-101.0128,-261.5762,-105.4287,-22.6979,61.2674,67.9113,-311.0931,-98.9609,327.8434
-287.8979,-364.7664,-248.3854,-303.1656,-59.1019,106.2199,114.3589,287.0417,412.0152,214.1484,-128.3100,-159.5769,-182.1255,37.9262,105.0415,88.2651,-246.9330,-25.8516,329.5230
-313.4543,-362.4993,-277.8200,-174.4794,-54.7879,99.3585,133.5738,254.2963,291.2479,179.2859,-134.5557,-46.3502,-200.7112,60.4915,108.5155,110.5230,-140.3801,56.8527,322.0475
-322.4326,-298.3845,-242.6563,-62.5094,-17.2087,93.5673,92.9045,245.9583,74.5125,112.1960,-100.0913,4.3984,-149.1105,72.6165,22.7906,96.2854,-30.7235,134.3130,324.8871
-289.4157,-127.7728,-136.8117,61.4121,56.2716,128.6853,73.2570,267.2698,-0.1671,81.1561,-46.0588,42.0378,-58.9054,90.1775,-52.0783,80.5681,53.7417,217.9290,322.1685
-201.1933,31.7634,-18.0181,167.4416,95.7033,178.2874,58.8946,273.3965,34.2892,43.7351,14.1106,86.7414,-17.2348,71.1142,-65.2045,74.5879,114.8811,267.6805,287.6089
-95.2174,79.9964,76.7445,201.0035,55.4319,153.7866,-0.2847,213.2755,-14.3499,18.7607,77.9575,107.1119,-30.9280,19.9339,-86.2243,44.6034,146.5159,237.5661,224.4197
-34.7094,72.2911,120.7590,166.3288,-10.2980,49.2140,-72.0036,97.1171,-150.2800,22.5699,118.2564,86.3015,-26.8269,-50.1536,-145.0780,8.7882,106.4493,140.0922,131.6329
-40.0274,66.7625,86.9703,92.0631,-71.6623,-96.3748,-140.8963,-16.4630,-189.9914,-1.3412,107.6909,18.5742,-20.6012,-146.1537,-183.6594,10.1521,4.7632,25.4932,24.4737
-49.7978,42.4497,8.6063,29.7012,-123.6539,-253.8857,-202.1065,-80.4389,-60.8359,-37.7702,68.8283,-52.8246,-61.7127,-197.3011,-166.5256,10.6910,-66.1246,-34.7222,-39.8124
-10.3898,10.8766,-35.6403,32.6252,-91.8460,-317.6801,-176.5455,-80.0338,62.5278,-39.1361,49.6556,-38.3277,-74.8897,-135.7742,-119.1300,-30.7575,-62.5358,23.8769,-20.8521
37.4818,12.4935,-10.1926,76.0418,64.7071,-180.2901,-42.5538,-8.2332,35.6760,-35.6316,62.2573,39.8346,10.8262,-40.3096,-82.2886,-40.5692,-20.7645,178.0758,80.2538
50.9649,13.0964,63.0395,112.8980,263.7066,72.6596,86.3362,118.7937,-25.1620,-26.5465,83.8994,47.1657,114.3851,-4.5718,-79.4676,42.8434,46.7695,321.5635,214.1141
66.8411,-37.9303,142.4297,149.3973,401.3462,249.1527,127.4945,216.7666,-22.0043,12.3982,95.5466,-19.8917,139.1011,3.6747,-89.7844,139.0830,130.4859,379.7994,264.9118
109.6359,-91.0892,181.6559,169.6230,411.4867,295.3415,99.1701,211.6105,-52.6394,35.5567,86.2429,-23.7952,83.2082,46.8945,-70.1069,163.2997,170.5988,356.5327,189.9653
146.0149,-71.7438,158.3557,145.9412,276.7903,295.6393,36.2927,166.5244,-79.6119,49.4265,51.7029,50.0140,-17.0694,130.7776,-40.3646,137.2477,155.9241,285.6843,125.1888
160.2063,-12.3634,103.4066,130.3678,93.3486,302.9061,-26.8591,183.4742,42.7015,82.2508,14.4791,86.2187,-101.8581,205.3402,-69.4222,98.9203,148.9371,210.5322,155.8818
160.3396,15.7735,69.9686,158.1757,-2.0797,297.1440,-62.7578,225.1134,144.0581,32.4737,11.9143,69.7581,-114.9159,195.2816,-145.6387,74.2020,162.2439,178.5710,180.2845
149.2227,25.2786,81.9190,175.2374,5.1972,277.4539,-70.9154,216.3343,24.3260,-75.7995,45.1136,72.8886,-88.3728,122.6171,-174.7684,103.6156,166.2007,199.6008,164.3405
140.4625,42.8185,115.6048,169.6376,37.5245,288.2462,-45.5915,203.1987,-79.8038,-2.9226,64.5416,90.8767,-90.0400,108.9455,-134.5567,163.3172,177.9367,226.4913,190.1502
122.2184,34.2963,118.5052,181.3609,32.0529,319.1577,-14.7299,217.8999,-0.3461,199.5221,27.0385,85.8321,-124.9711,152.0062,-113.8000,174.0613,201.6304,196.2250,187.9140
50.5906,3.3291,74.1014,194.1697,-45.6424,274.1166,-67.9491,165.6724,-7.3776,185.2250,-40.3231,83.5382,-174.7615,124.3053,-166.5602,124.2873,191.9874,91.8806,38.4445
-47.6739,-4.9299,40.3611,196.1111,-155.5394,124.7914,-190.0913,12.5374,-163.0839,-38.4788,-65.2126,103.7325,-215.2264,26.5611,-227.4425,50.8671,156.3363,-23.5925,-133.3429
-100.8498,-29.3875,65.3826,209.7794,-183.7322,-8.2600,-228.3219,-116.6806,-187.8746,-157.0069,-25.5753,109.8493,-187.5325,-36.8665,-220.0934,-16.7873,139.6747,-59.1208,-162.4346
-129.2555,-104.3769,103.8503,189.1385,-107.8544,-24.5074,-148.9740,-130.6942,-147.4544,-114.8090,26.2168,84.3222,-85.4829,-51.2202,-174.2092,-24.0446,109.1654,0.4176,-122.3273
-176.5554,-129.1983,92.7833,98.1574,-20.3602,31.7197,-61.3107,-75.6299,-276.1617,-46.8800,41.8524,59.9146,16.1114,-36.4172,-151.9871,30.7736,18.3867,91.3835,-107.4595
-189.6550,-55.8392,48.0995,25.6877,62.9099,96.6400,23.5730,-20.1976,-337.6053,9.4021,27.1964,59.0032,91.5480,7.5491,-125.8300,52.1058,-77.0693,172.4893,-61.0184
-132.6354,-4.7018,22.5020,29.0187,194.8063,185.1151,134.3732,13.8892,-108.4133,22.3824,22.4103,55.7192,160.4027,16.0488,-61.6502,34.8086,-106.7013,246.5779,12.5641
-61.6687,-24.2196,39.1241,45.1115,320.1777,291.1232,166.2491,24.5239,45.2071,-18.7338,65.1497,16.8318,184.6463,-42.4462,-40.7956,70.6217,-89.7476,295.6473,5.1077
-2.9322,-22.2079,86.6224,48.3103,341.8845,339.7382,64.6616,17.6070,-164.6183,-26.5894,135.4984,-31.2174,146.9176,-67.9430,-121.4360,114.3418,-69.7264,286.3422,-78.9947
57.8807,12.5608,118.0487,65.0390,289.9518,299.5813,-36.1824,-5.4150,-400.8626,-17.2880,155.3330,-31.0553,113.5935,-21.6499,-193.2689,64.0737,-51.9349,223.3480,-136.2407
95.5865,17.2256,94.8273,66.1642,251.3487,220.8844,-43.1136,-54.2033,-335.8661,-89.0416,111.8433,-2.0152,111.8488,-0.2895,-157.2741,-21.5919,-39.3800,140.7867,-135.9162
112.3073,4.0296,55.8062,34.6671,237.8298,134.2248,-16.4082,-111.0315,-165.8686,-165.5138,93.8570,-11.8909,110.3513,-27.8555,-97.4773,-71.0656,-46.3585,68.3479,-111.6008
157.2745,-4.5558,45.2806,17.3458,214.9105,27.1782,-11.2940,-133.3303,-191.3215,-147.1105,127.2847,-45.1466,110.0010,-37.0292,-122.7534,-125.0911,-75.0123,15.4468,-93.2639
203.0341,-17.4485,16.6233,28.6228,159.9795,-81.3452,-32.8289,-123.8284,-370.8726,-124.1294,129.9719,-55.8831,92.8828,-38.4372,-212.3374,-178.1262,-110.4492,-35.6739,-112.0194
177.7685,-3.9730,-54.3117,44.6114,77.0846,-160.0301,-83.3029,-131.9891,-463.4033,-155.1942,83.8623,-92.3613,8.1234,-93.0066,-294.7931,-186.4002,-122.0894,-89.6300,-166.9722
104.0227,25.3807,-82.4741,54.7789,13.9403,-221.9965,-126.9095,-169.5084,-376.1155,-162.9866,55.5317,-181.5543,-95.5838,-194.7244,-325.3400,-178.4492,-95.8147,-101.8104,-208.2426
38.0575,-26.3313,-46.2959,31.2873,12.4120,-258.0138,-122.9173,-192.3655,-260.8954,-135.1179,42.4302,-221.0666,-119.3745,-275.4550,-298.5028,-150.8360,-80.7181,-49.6857,-205.5166
-40.7125,-180.0513,-62.0100,-44.6288,37.7745,-198.2397,-95.0256,-166.9310,-268.9408,-110.2831,-8.2915,-164.2186,-85.1469,-257.1632,-266.6974,-66.9524,-132.5683,23.0242,-150.7352
-166.2837,-354.6881,-175.2839,-126.5373,50.5768,-24.7863,-55.6572,-84.3598,-302.1072,-59.3025,-84.4900,-116.8067,-54.8042,-136.1232,-261.5744,13.3610,-215.8386,110.9027,-12.6237
-324.3952,-489.6713,-289.2638,-165.1747,94.4623,197.0720,37.0456,72.2306,-180.3922,37.3926,-154.3961,-119.7333,-1.5651,-19.1544,-227.4311,46.6384,-250.8594,269.1145,192.3131
-486.5531,-539.3763,-332.7619,-146.2995,197.9758,422.4033,174.4340,286.3145,17.2247,151.0977,-218.7683,-75.4545,73.7260,27.1970,-148.3186,79.6863,-216.5388,460.9996,358.1624
-605.5180,-506.7292,-304.2574,-66.5236,289.8202,612.6142,282.4354,453.4079,55.1075,232.9275,-248.6308,33.4458,90.3186,58.7736,-104.9362,91.4578,-130.8333,555.6099,425.2471
-621.3805,-517.4694,-205.8768,16.9732,319.7387,674.3122,317.1854,467.2089,-66.5165,198.1417,-200.9656,92.8613,46.8033,90.0563,-116.6902,51.9331,-12.7541,524.9857,441.7173
-554.1618,-618.0243,-83.0627,25.9677,326.6035,579.1911,280.8279,349.5188,-144.0490,56.9471,-109.4715,61.4268,27.9819,57.1030,-119.0643,45.8860,89.8247,467.8424,433.8515
-508.5529,-638.6624,-14.9326,17.3450,312.6284,446.8261,206.5222,218.1875,-142.3038,-14.2742,-54.6341,31.7288,39.6531,-12.4909,-103.5959,77.8545,136.6062,435.1864,366.5195
-519.0090,-497.5565,4.8845,96.8052,224.7477,378.1378,151.7539,146.5288,-181.9959,31.5302,-58.6284,65.3668,19.4419,-34.8085,-99.5216,49.3573,162.5222,391.5617,245.3005
-481.0922,-353.4218,46.8740,211.1361,97.4390,324.3511,106.8828,101.9024,-255.1613,-4.6276,-66.0379,101.2305,-34.8142,-41.4109,-107.2176,3.2301,219.3500,317.5640,111.4293
-312.0385,-293.3730,123.1315,264.9065,27.4060,198.3203,-15.6948,7.2756,-306.4240,-184.3066,-19.7680,68.2264,-84.4171,-110.8288,-148.7009,-4.7969,289.5007,228.8676,-33.4069
-97.5395,-219.1261,196.0036,298.9501,11.8746,13.2532,-194.0791,-144.5766,-396.6084,-299.8244,57.3679,3.0028,-121.1344,-219.9178,-224.7679,-83.1034,312.3810,127.9498,-187.9922
22.2367,-106.9137,229.5993,337.0031,-28.0961,-136.8447,-271.2739,-256.8738,-489.8681,-256.4385,84.7749,-26.6981,-142.5624,-288.6024,-248.0039,-211.6017,241.9119,3.7341,-301.2059
43.1725,-73.2633,179.7873,274.9243,-112.3904,-194.0084,-216.3271,-255.8183,-430.9417,-197.7105,38.0591,-51.3878,-141.9331,-278.2575,-189.5802,-199.3113,82.6463,-134.6650,-324.6144
48.8204,-173.0128,42.0581,84.1092,-196.9888,-191.4414,-174.9596,-193.6774,-309.3585,-196.3039,-29.8543,-129.0648,-144.1912,-211.4830,-151.9245,-87.7803,-88.3478,-242.0075,-264.6269
44.8997,-305.8712,-101.0745,-98.8443,-241.0145,-169.6143,-196.7215,-149.1026,-354.6436,-167.3014,-89.5278,-212.7117,-172.1813,-148.2765,-181.4617,-72.6252,-191.7189,-278.1429,-179.3939
-11.9206,-342.3174,-183.4943,-177.1962,-248.0880,-114.1309,-187.6172,-128.5538,-472.3151,-108.0066,-159.5760,-225.1261,-203.8479,-126.1899,-214.7333,-113.0547,-236.0816,-270.6208,-141.6496
-93.9713,-301.4382,-240.7585,-201.1195,-273.0693,-41.8339,-145.6967,-131.2539,-435.1508,-132.1655,-238.6356,-183.2679,-228.4388,-135.0886,-224.4302,-88.1266,-254.9768,-270.5900,-165.6605
-146.7178,-302.3385,-311.3110,-222.9056,-332.1064,-23.9792,-152.0951,-169.3908,-339.1274,-232.4252,-301.7018,-142.2502,-271.3424,-158.7766,-218.5102,-69.4458,-228.3901,-254.1517,-195.4254
-183.0294,-329.5193,-357.3640,-204.5613,-341.7650,-63.4501,-173.3044,-201.3081,-370.7750,-258.5337,-341.8553,-119.1205,-315.4346,-173.7089,-179.5511,-140.9564,-170.6207,-180.0754,-201.1219
-243.8146,-291.7935,-356.6572,-142.9917,-269.4951,-99.8552,-140.9699,-187.3506,-445.6104,-180.1918,-364.8630,-124.6117,-304.3399,-147.8900,-132.0489,-252.6099,-174.5593,-108.6752,-207.7711
-329.0630,-282.2471,-361.5229,-151.8853,-227.1827,-135.6879,-111.5456,-165.8251,-413.7470,-126.2379,-371.8416,-161.3038,-246.9357,-114.5369,-125.0993,-329.6111,-271.0912,-119.4333,-217.1654
-403.9905,-406.8896,-398.3513,-282.7319,-282.0152,-203.8984,-140.0718,-168.5972,-305.9026,-132.8468,-361.8581,-183.7486,-211.6411,-136.7504,-136.1714,-321.8092,-366.8763,-172.5434,-214.9666
-432.3856,-500.6790,-408.5318,-386.1395,-359.6877,-276.2065,-189.7602,-174.8439,-261.8759,-122.3753,-332.6422,-146.4710,-233.2749,-181.4979,-141.9334,-235.1669,-375.9254,-187.9277,-233.1857
-419.5650,-423.1290,-349.0435,-327.0022,-406.6110,-320.4378,-272.0631,-196.9692,-385.2044,-114.8922,-283.6273,-78.0529,-295.8495,-197.2556,-186.8517,-158.7588,-314.5128,-170.7839,-300.1393
-421.0634,-342.8819,-262.7622,-201.6926,-419.9127,-356.1875,-405.1442,-271.7597,-580.8204,-184.4071,-220.6524,-59.3797,-342.4234,-238.4500,-265.7557,-138.6808,-255.9278,-157.6248,-379.9482
-447.1557,-389.1161,-207.1292,-166.2079,-346.1526,-404.7479,-448.4680,-374.3067,-602.1983,-274.6140,-158.9287,-122.1630,-294.5412,-322.7420,-293.4237,-137.5216,-252.4970,-148.0561,-426.1854
-417.6983,-429.5049,-196.4327,-209.4115,-176.9743,-449.0867,-297.8040,-446.1025,-442.8451,-282.9888,-128.0636,-189.0334,-160.8470,-340.6093,-251.5459,-155.8564,-298.9740,-143.6305,-430.5692
-312.6606,-393.3515,-226.7531,-243.8232,-30.3172,-433.7067,-115.6103,-453.9759,-373.6369,-223.3419,-145.0634,-175.5932,-60.9006,-264.4536,-213.3830,-194.2947,-360.2917,-153.5992,-403.2717
-248.8057,-384.7948,-280.9224,-269.6680,13.0312,-320.2782,-70.5707,-393.3281,-448.6773,-179.4830,-180.4473,-131.9031,-56.5902,-206.1073,-211.2151,-183.3724,-424.9591,-169.5945,-363.8707
-282.2815,-432.3314,-326.5147,-339.5721,-19.1526,-176.0735,-89.0639,-308.6606,-450.0695,-192.4711,-200.4186,-153.7171,-97.5437,-191.4753,-200.2723,-126.9209,-493.0573,-199.1486,-337.6327
-306.5993,-464.0325,-354.4779,-440.4984,-103.9464,-101.1622,-86.1834,-262.0427,-340.9781,-220.1940,-217.6853,-204.2207,-157.2698,-143.3167,-159.1256,-122.1368,-533.6860,-247.8716,-325.4183
-265.3938,-454.5492,-377.0692,-482.6656,-211.1503,-70.3168,-117.5646,-232.7564,-274.8896,-188.9669,-252.6998,-198.1837,-237.5352,-67.0584,-142.1777,-158.7776,-516.7535,-252.4093,-298.5369
-241.2179,-420.1284,-397.1394,-427.7704,-261.6384,-7.0906,-175.1566,-158.4559,-274.3364,-119.6537,-303.2100,-157.9671,-288.9057,-16.3113,-187.2049,-131.0823,-462.6286,-161.6308,-239.4757
-249.8696,-383.0591,-425.5632,-361.9936,-250.1577,67.8851,-164.9598,-65.9850,-269.5956,-103.4550,-368.8635,-116.5422,-296.5514,25.2899,-229.3036,-31.5633,-409.4564,-49.9801,-173.4381
-218.6818,-356.6331,-459.3170,-340.3386,-263.5046,113.3559,-102.9769,-19.3761,-248.5965,-114.7272,-423.3447,-35.8646,-320.8259,65.3439,-201.3956,57.2098,-361.4262,-10.0017,-136.1115
-187.0137,-307.0302,-432.1876,-287.2017,-320.3860,132.6822,-67.0279,-2.6526,-207.8796,-58.9893,-396.8429,53.6029,-360.4118,58.2759,-149.7127,94.2513,-310.8694,-24.2129,-119.1553
-232.5911,-224.1864,-309.3842,-191.3227,-360.4948,97.1210,-53.3070,14.1758,-162.2445,5.5559,-275.7575,47.0427,-349.4735,10.2364,-131.9944,93.0687,-283.8297,-46.3489,-107.3250
-270.2397,-173.2984,-178.7261,-165.8726,-357.4579,-1.5792,-50.7861,-4.5608,-170.9485,-33.9213,-143.9842,-40.2269,-288.5590,-25.5412,-121.6417,62.9231,-307.4349,-63.4315,-142.7251
-206.7821,-156.3945,-113.0291,-194.8921,-307.1776,-77.0953,-81.7399,-74.2414,-225.6218,-111.9868,-64.1749,-82.7616,-212.6061,-37.5331,-110.2974,-5.9496,-341.2625,-43.0817,-239.5721
-136.9767,-98.7124,-69.6178,-144.0660,-196.9412,-84.8081,-98.3996,-133.9016,-249.4267,-111.2022,-22.4101,-45.6342,-112.6548,-32.9616,-127.2259,-91.8809,-320.4606,17.1669,-299.1516
-162.9181,-37.4603,-26.5929,-52.1372,-53.6565,-71.2812,-33.5295,-138.0924,-226.5227,-70.6438,-5.9885,-5.3304,7.7851,-19.8475,-126.9449,-119.5145,-261.5593,49.8719,-249.3994
-233.9649,-71.1842,-27.1715,-47.7732,79.8639,-34.9097,63.2626,-111.3917,-193.8173,-67.0147,-19.3750,-9.2836,113.4787,-39.3740,-70.1937,-63.4129,-221.3190,54.6389,-155.9555
-280.5350,-150.3404,-47.4734,-79.7120,201.3561,50.0277,101.1781,-79.2370,-164.0338,-65.1546,-38.0123,-27.6492,181.9600,-83.6071,-48.3829,-12.7987,-184.5061,107.6598,-83.2545
-281.6225,-172.7837,-23.5365,-55.6686,298.0625,136.7282,80.6259,-23.7328,-134.3042,-18.5678,-40.2248,-16.6750,181.8801,-51.9034,-122.1376,-35.0022,-116.2815,183.2302,-10.9228
-211.7473,-163.9414,20.6538,-22.5053,316.0140,201.5636,44.2340,61.1465,-110.9027,36.4097,-45.5085,25.8127,94.3984,70.6118,-193.6563,-68.8269,-48.3716,199.1420,60.3731
-102.5207,-168.8389,35.0334,-1.7825,241.6434,269.2462,3.6336,131.2485,-114.5630,55.5945,-60.6511,71.0081,-16.9697,147.3581,-188.4647,-35.9303,-7.8015,180.3106,92.4451
-43.0678,-152.9000,40.6284,46.3872,128.9610,292.0801,-32.3705,143.1391,-149.8839,42.3461,-53.0512,95.7293,-84.9800,116.3474,-157.2326,37.9183,15.6293,150.9380,77.5061
-31.4268,-117.3239,62.6542,57.2434,14.3211,220.3692,-58.7661,97.0250,-161.9287,2.2534,-22.6561,80.5710,-141.6896,77.7048,-137.9491,63.0665,-3.1397,53.4145,15.6122
7.0856,-115.4616,79.9092,-19.0815,-120.1630,118.7425,-109.7654,8.8753,-126.6173,-71.1641,-17.5383,22.1714,-231.3620,92.4039,-119.6648,2.9077,-64.8150,-69.9188,-85.9022
70.8528,-130.0060,85.0665,-61.0372,-270.9002,36.8599,-210.7805,-108.0870,-137.7638,-157.0940,-36.3333,-20.2935,-315.6465,97.7619,-114.3471,-76.9017,-74.5724,-100.5635,-180.9190
112.6931,-94.7893,103.1520,-2.7260,-359.3752,-62.8559,-315.8521,-225.7098,-234.1832,-222.5350,-14.1859,8.4402,-331.5662,42.5305,-116.9538,-105.2108,3.9591,-82.1291,-251.6871
132.6603,-6.7918,143.4477,35.3629,-316.1732,-176.6641,-353.4892,-317.3598,-286.9489,-270.0273,54.4805,41.0553,-259.5887,-41.3009,-82.8399,-108.2684,68.2190,-126.7417,-322.8323
139.2576,76.3485,183.9125,-1.6319,-190.9621,-268.3561,-309.7653,-390.8204,-237.7217,-319.4089,94.6514,-13.9091,-129.7959,-96.0479,-14.3170,-134.1059,59.8568,-197.0899,-374.6309
119.8823,91.4581,198.3229,-29.8478,-86.8312,-358.6988,-225.8803,-466.4497,-206.7061,-373.3129,80.3593,-98.2641,2.9402,-108.4340,38.1450,-167.4176,32.2810,-236.6600,-382.0156
73.9163,11.1316,179.5728,-38.9339,-13.4665,-437.4032,-134.2600,-529.5939,-231.5367,-420.8468,62.7945,-101.8568,112.4669,-117.3253,61.6683,-195.5224,13.6236,-291.4892,-371.7088
13.1052,-99.3337,138.4427,-83.6922,68.4388,-434.9704,-38.0281,-532.1721,-194.3005,-429.2478,67.0684,-46.0742,196.8020,-132.8671,79.8728,-215.7468,-5.0985,-362.0261,-329.2559
-39.6470,-125.2573,97.4059,-133.1310,112.5980,-365.2300,40.0752,-455.3412,-78.1415,-372.4022,69.0452,-20.1747,219.7611,-105.9757,97.5024,-180.2420,-4.5213,-389.1382,-219.4431
-58.1839,-66.1645,84.3322,-143.2001,58.7918,-303.6045,40.6251,-350.5226,-10.8885,-299.8372,43.6417,-39.3086,157.5235,-38.1053,95.3301,-96.3150,15.5059,-378.8268,-110.5766
-59.3685,-40.5989,92.5320,-144.2248,-33.0678,-244.1756,-47.7333,-268.8088,-27.9285,-266.0186,-22.5561,-57.3737,67.6385,-3.9435,67.1106,-63.7658,25.3327,-344.0159,-63.6330
-77.5408,-92.1621,63.5663,-153.7140,-77.1112,-162.6642,-139.6457,-185.9464,-34.6259,-224.1319,-106.0589,-45.7997,4.4910,-31.5758,49.2989,-90.7355,16.5061,-267.0697,-20.7113
-94.4541,-149.8060,-27.2656,-159.9304,-96.6175,-119.6108,-166.9084,-85.8962,-13.9465,-145.0490,-145.3684,-32.5429,-48.5722,-102.4048,74.5146,-91.3415,-24.1010,-206.0482,29.6173
-82.0360,-171.5787,-114.3659,-178.1892,-146.6906,-159.2888,-168.5619,-39.7580,-39.3611,-99.1272,-131.0678,-60.4180,-105.6791,-203.1686,91.3220,-91.3057,-93.4286,-227.4588,17.8081
-59.9931,-152.7831,-132.5002,-189.8653,-224.3003,-235.8450,-191.1294,-84.6904,-53.4517,-85.7994,-121.3520,-89.1333,-166.2308,-260.0563,27.5777,-163.6456,-107.4511,-272.6422,-28.1397
-43.8459,-67.8073,-91.7244,-136.7819,-324.0521,-305.6102,-216.6141,-142.1005,85.6123,-31.4734,-130.9114,-39.4787,-261.0980,-204.6278,-73.1196,-232.1438,-26.3868,-273.7612,-49.6034
-18.9995,42.4306,-39.6759,-52.0264,-440.7600,-360.7809,-249.3983,-155.6083,272.8575,13.6618,-117.5746,43.6604,-375.8663,-133.9887,-110.1589,-188.5521,33.4146,-257.4911,-100.7517
16.4398,81.1296,-24.7576,-25.5868,-501.7598,-375.2462,-316.3522,-167.8060,231.2382,-28.6007,-69.5146,55.9100,-409.8362,-157.9946,-82.5337,-83.3359,-9.1204,-237.2292,-205.8270
49.7221,81.4937,-57.3141,-38.8382,-443.3725,-341.0199,-365.1473,-219.3677,-14.7077,-101.2440,-5.8675,38.8118,-316.4986,-206.0672,-60.5485,-38.9817,-60.3093,-192.9758,-293.3265
67.2852,153.1662,-69.0532,-15.1281,-318.1255,-317.0583,-339.6965,-306.6356,-159.6669,-171.0020,54.4990,95.5620,-172.1513,-205.2566,-73.6985,-84.9906,-34.7270,-158.6236,-357.2854
63.0712,252.1285,-6.2431,37.2037,-203.6027,-337.5865,-299.9951,-404.9100,-116.5604,-268.5211,85.8566,186.3598,-54.3264,-180.1763,-106.1270,-140.4479,25.4315,-167.4802,-426.7222
68.8043,268.6243,69.7161,79.5758,-97.6686,-331.6103,-300.9824,-449.9936,-68.5010,-315.6169,92.0546,217.9650,34.3660,-89.2969,-117.2602,-114.9841,68.5086,-177.3757,-448.3911
111.6183,239.2537,89.8954,117.7666,4.1050,-227.7944,-288.0317,-394.0688,-110.7303,-255.8684,111.9709,204.3406,107.4537,77.7871,-64.5726,-24.0007,91.2360,-142.7811,-403.8226
140.9529,240.0464,78.8820,143.1070,57.9737,-81.4688,-233.6732,-289.5493,-175.9886,-192.2192,137.9429,194.6526,144.0011,154.2159,18.5158,42.3190,95.6234,-89.3912,-354.5417
106.2172,246.2564,64.8709,132.4317,55.6797,-2.2033,-190.8922,-207.6014,-167.2077,-144.6158,128.8654,186.2459,116.7202,84.1174,41.3563,61.9486,93.1432,-84.0803,-296.2496
49.0175,236.6905,37.8993,105.5259,34.7822,5.0082,-165.3036,-144.2990,-37.0398,-31.2240,101.5248,167.0873,51.0530,44.2950,-2.9457,77.7110,95.2974,-140.9716,-198.6618
22.6118,238.4839,12.3764,83.8083,4.8460,28.1767,-125.2156,-83.6463,110.3305,75.4678,89.9960,135.2759,16.9161,85.0599,-29.5103,94.4380,85.3434,-172.9628,-123.2251
24.3548,245.9302,-1.8430,58.8778,-43.6365,92.7351,-98.0164,-35.0207,123.9405,102.3071,73.0229,90.8894,27.2936,87.6613,5.9258,105.8408,55.0241,-120.3394,-110.1912
34.8897,242.7474,-27.2170,36.4511,-102.6044,118.8716,-110.6458,3.7593,88.7816,152.1568,31.7279,52.3992,11.4759,62.6320,71.8059,135.5324,20.8320,-77.0044,-114.1376
18.0966,227.2580,-52.4466,17.2621,-161.6988,51.6109,-138.9125,14.0551,167.5402,212.6411,-8.3920,33.9938,-57.0783,59.3769,115.9113,175.8241,-15.8233,-132.6420,-140.8349
-50.0671,173.4231,-52.1009,-29.0694,-199.2047,-57.4599,-177.2453,-42.5129,250.0471,150.2272,-25.7407,24.1911,-105.6443,4.4411,107.2225,190.5320,-60.9678,-212.0865,-232.0225
-100.8888,92.2917,-52.1856,-99.0556,-179.7581,-131.9131,-223.9914,-125.1899,203.1706,67.8424,-18.8017,14.0778,-85.8175,-76.6222,84.4176,176.2475,-109.1950,-234.9471,-316.9173
-68.3838,58.5712,-73.7712,-154.7906,-113.3006,-155.6041,-221.0426,-138.6544,183.5623,122.5076,3.5612,-7.9134,-34.5053,-44.2668,122.9524,149.6672,-165.7102,-239.3645,-288.5127
-27.1593,75.5375,-98.0336,-201.2424,-53.6180,-148.8803,-134.1157,-77.8996,292.8546,194.3697,19.1066,-62.9376,20.5891,56.5919,200.2212,138.7852,-225.9977,-252.1475,-182.7704
-60.6981,68.8467,-123.7175,-254.4389,-26.6364,-132.2124,-24.4150,-29.7160,372.1338,183.4919,20.1687,-126.2834,91.2442,75.2457,218.4182,179.8766,-253.6585,-262.5182,-122.5686
-113.0310,39.9247,-150.5825,-281.7535,-30.1941,-126.5331,37.5942,-37.2742,383.9361,208.4399,21.7207,-136.0990,150.6371,37.4057,182.1578,237.1068,-239.1029,-302.3647,-130.8022
-107.8988,52.3303,-153.3189,-262.9472,-63.4868,-134.8078,56.2001,-50.4623,449.8431,283.7941,21.9507,-81.3354,147.7588,41.0438,178.2305,219.1096,-214.9484,-361.4669,-123.8418
-58.7258,114.6023,-146.4059,-226.9506,-106.6619,-136.1987,75.8171,-18.3196,483.6953,290.1867,5.0049,-3.8635,103.3485,68.2574,207.1165,138.3812,-188.3589,-357.9327,-73.8342
-8.0261,194.5115,-158.2350,-183.6265,-130.4358,-116.4027,107.1607,27.9143,343.3531,248.1871,-27.9719,58.1710,84.1019,75.2135,207.7843,104.2310,-143.3872,-279.3574,-48.6393
11.0184,265.6858,-135.0397,-101.0895,-126.2799,-61.7029,111.4003,52.1574,177.7746,245.8988,-54.6710,82.1527,94.8282,83.1847,173.0734,145.8470,-90.5984,-166.3221,-66.7748
-10.0343,313.2377,-20.4886,30.2014,-99.9906,38.5560,64.9614,110.4242,166.1797,278.6457,-29.9071,78.7197,92.5546,124.4604,123.5069,196.7003,-42.0470,-25.7034,-64.2636
-16.0506,348.0279,122.7452,150.7450,-88.5387,124.0939,2.8664,218.0833,221.8382,318.7832,69.5434,88.7794,76.9862,186.1732,80.7074,216.6541,17.3653,73.2819,-37.2079
44.4559,373.7020,203.4749,185.6308,-135.3062,105.8250,-35.8905,226.9362,245.6432,331.9951,182.7422,112.9087,80.9512,206.3091,96.2293,215.9340,100.3858,39.8666,-44.1123
132.1117,376.8284,227.5165,165.2103,-177.3508,29.4066,-44.1390,56.4626,275.7013,277.2483,243.6824,115.9879,109.2717,155.8728,173.5195,213.5414,198.9462,-22.2629,-70.4622
188.0670,401.5272,238.7479,198.8251,-104.6509,31.0372,-20.5308,-116.7637,258.3752,198.0248,271.7080,108.6296,144.2990,110.4058,210.0300,215.8739,282.6969,47.2375,-62.4734
216.3506,488.7133,224.5064,278.0321,31.7120,116.4100,15.3485,-125.2675,97.9440,157.6628,277.0094,122.8558,173.2158,134.6626,139.9752,199.1138,306.7543,168.0742,-35.1787
234.4869,550.8177,159.4767,285.3483,96.8308,182.4147,35.4254,-42.4585,-65.9698,147.6488,229.1273,149.5882,196.3687,173.7694,44.1577,144.6511,258.5982,187.8105,-21.5567
224.2102,513.5842,86.8152,226.1014,104.3295,206.7773,68.5528,9.9612,-32.8746,171.7734,183.8888,165.0552,230.1039,167.5163,31.4835,98.2840,175.2727,156.2243,-28.3580
166.9394,458.2206,68.8326,198.3985,120.3137,214.5654,121.8666,18.8272,105.3015,215.4767,211.9538,143.5791,265.2386,138.1734,101.3509,110.1478,99.0260,153.6949,-87.1909
97.1670,439.9142,82.8949,181.2653,98.8786,167.8936,97.1706,-22.5963,142.0388,175.6613,235.4439,70.7169,244.2627,111.0528,170.6816,138.8097,63.7876,119.8386,-206.7921
88.0705,409.8990,67.0405,124.6696,17.9859,55.4389,-20.9823,-112.2573,117.1962,66.7304,180.6319,14.0819,158.9850,90.4864,185.8955,119.5185,85.0432,30.3256,-304.7062
148.5594,393.5761,33.4427,94.5181,-60.4534,-47.0650,-72.5378,-154.7917,177.9834,67.6605,132.7342,49.1289,93.9016,93.3399,178.9433,85.5998,107.1285,-43.7832,-308.3803
191.8969,433.5237,17.2213,105.1962,-145.8865,-98.3176,-5.6151,-85.5481,271.8500,189.2952,140.1384,100.7054,81.3195,108.4191,194.3046,115.2502,53.2584,-102.9170,-246.7232
170.2568,435.8657,-12.5868,53.5100,-272.5682,-138.7229,29.4265,3.1785,261.3325,243.5288,117.9557,65.5405,47.4700,94.8796,195.3518,198.3096,-44.6048,-191.6235,-179.9182
133.7686,364.6436,-73.0615,-59.9665,-372.7138,-204.4398,-23.0491,2.4433,180.9220,187.4670,47.7908,9.6731,-34.8730,51.8094,134.6834,247.9816,-88.8038,-269.2358,-132.4514
119.0547,353.3156,-109.7044,-118.5154,-414.0590,-295.8173,-68.5336,-52.4656,171.2325,147.7932,1.2977,21.6192,-116.4257,13.8090,67.1875,216.7846,-60.2293,-297.0788,-102.0908
124.1344,425.4044,-91.2058,-98.1255,-465.5543,-381.6938,-87.9552,-64.9471,277.2601,171.3922,-16.6214,51.3688,-192.9711,-0.2923,67.8354,141.8117,2.3185,-310.1811,-67.5718
156.7803,433.4321,-42.9921,-58.2333,-510.0034,-383.9045,-111.5749,-24.3510,414.7620,198.8222,-29.9598,62.4564,-265.7470,13.9916,107.4311,99.4385,77.4823,-290.0457,-14.2806
175.2231,348.1326,7.5859,-16.0836,-446.7170,-243.2440,-100.8580,32.1117,447.4164,192.1387,-13.5993,96.9247,-252.0537,67.0357,116.4808,133.5650,124.8279,-163.0036,37.3704
116.0947,283.8610,30.1583,28.9273,-281.5641,-16.4621,-50.6094,124.1790,300.9229,192.0047,26.5723,130.5619,-108.1304,163.1235,90.8430,202.9419,101.5767,25.2869,74.4912
43.5749,282.5356,11.0205,62.6238,-91.8677,173.6240,-3.3721,266.1806,85.3829,263.0010,50.5116,121.0172,74.8682,263.2837,81.2241,227.3640,54.7584,148.7132,123.2413
60.9529,318.1253,0.2180,93.5834,97.2235,273.9460,70.7714,374.8510,25.9739,352.8784,70.6127,137.7689,208.1870,303.3447,134.7916,206.0471,65.7445,208.5420,188.5270
121.4276,394.6247,42.6837,146.6946,264.1073,320.5890,192.3902,384.0645,176.3709,323.1054,99.6893,228.4651,295.4384,293.8682,228.2415,210.6770,129.5481,292.4574,226.2256
146.8320,490.2043,110.3060,229.2630,365.1547,340.8744,280.4068,354.7960,321.9631,197.4415,89.4617,304.0539,343.7933,307.1387,265.3086,252.3338,199.5627,379.3176,221.8312
172.6083,529.6116,160.7011,306.2032,400.2967,308.1353,298.4334,348.1344,284.4471,152.5333,27.6975,294.4397,334.0296,321.0995,219.8016,271.7253,262.5568,380.0722,223.0773
211.3065,482.5654,169.5606,306.0220,385.5973,210.7525,300.8638,329.7444,179.2570,228.4330,-15.1724,240.3991,282.7955,246.2721,189.0278,252.8237,282.9833,297.1954,245.7165
205.2366,407.3318,134.3281,214.3139,312.4352,98.3829,287.8501,272.0276,217.1303,313.6976,-0.4368,179.9675,225.1764,112.4923,213.9015,231.9417,206.5239,193.5396,233.6396
172.9767,369.7005,130.2679,112.3079,208.5520,7.9958,229.5418,191.0186,378.0829,350.5976,27.3970,108.7439,163.1891,24.5100,224.7631,224.7461,82.4593,89.7626,169.3361
169.8705,364.3163,223.4501,47.2121,137.1532,-94.1807,173.2679,89.0094,458.1030,329.1983,32.8497,50.6597,96.1252,-6.0826,212.2616,216.3144,25.7958,-20.9753,112.1015
166.4062,350.5746,301.0793,-16.1121,94.4157,-230.8372,151.6214,-4.6641,369.6926,233.9811,32.6985,44.9939,49.0290,-20.5734,218.3114,183.0574,28.3840,-132.0720,75.1019
138.3700,328.9909,216.2382,-76.4293,14.5039,-334.0059,119.8460,-24.4482,247.2759,133.6754,29.7193,76.0268,28.0879,-24.0720,200.7548,121.7905,-10.1216,-214.8048,15.8656
125.7497,315.3430,52.7973,-94.5023,-96.3046,-317.0766,79.4004,24.8302,244.0869,136.3227,-0.3755,87.2184,7.2972,-8.1362,138.1969,81.8745,-74.0063,-221.3555,-29.5617
127.7144,290.4799,-11.0840,-95.6357,-135.6720,-185.7920,85.7360,78.0677,313.1746,209.0508,-39.5289,58.0145,-10.0129,34.5580,117.0503,105.2352,-73.7390,-149.6508,8.7107
118.1746,250.2146,15.8281,-127.9270,-64.7292,-30.2078,110.1005,116.0910,297.5298,212.6499,-39.7073,21.5977,15.8015,73.5870,146.1374,149.2881,-47.6490,-78.2712,83.8157
133.9422,228.3805,25.3882,-172.1935,19.9535,69.7480,75.8571,146.4152,205.0887,115.8222,-8.3713,9.7104,80.8007,32.7909,128.3289,157.2790,-75.4483,-49.4906,110.0526
192.5832,234.6747,20.4168,-169.6936,52.2486,105.1216,7.6914,154.1874,172.6302,33.4186,9.5829,28.0826,130.6541,-55.2431,81.5127,131.0467,-84.6264,-5.8321,97.8651
231.6280,261.9352,58.6268,-86.4626,93.8457,113.3606,-13.3673,136.9024,175.2032,31.6136,15.3295,72.1353,153.1325,-53.1897,105.4151,73.3026,11.5376,79.0661,81.4431
230.6774,319.7236,134.6461,46.5865,181.2667,112.0626,14.0344,102.6754,99.3591,31.9620,43.7845,110.7991,188.3618,14.9239,172.4104,-11.0937,129.8614,145.0149,58.3911
250.5697,384.5095,219.3075,147.4385,253.8511,82.3633,48.6621,53.4646,31.7427,-15.8268,97.7549,105.7102,241.2025,6.3468,200.9172,-56.0861,174.6055,161.9608,48.7864
306.6508,415.2965,289.8917,179.6080,287.5016,26.2368,99.1486,27.9274,95.4055,-34.6169,135.6583,90.1496,275.4728,-37.4328,206.2046,-27.2834,183.6581,156.6246,74.3182
345.6059,435.6143,293.3276,179.2007,312.9930,-5.8087,175.6072,72.0761,194.7504,-0.4421,113.2466,122.2833,286.1097,4.8520,216.0745,-3.1001,195.8336,138.1454,120.2252
354.0973,476.2666,205.5178,166.8368,322.1162,7.3767,237.2820,147.2260,243.3085,1.5693,50.3804,160.8081,298.3778,78.4274,210.4160,-37.6618,193.3910,108.3425,179.1814
365.5067,499.5327,114.2550,144.7923,303.5956,-0.2711,255.0030,168.1794,281.0800,-24.3754,25.3735,145.9872,312.8866,103.5601,202.0184,-66.1330,197.7628,80.6021,223.1020
368.5281,478.4123,111.6023,138.9895,264.5919,-80.7856,234.2334,115.5374,224.4863,1.1830,52.5871,134.9473,302.0181,123.9425,213.9585,-29.1092,221.1339,38.2491,183.8715
321.7303,434.7792,149.9122,133.8310,164.2985,-168.2717,169.0171,44.4487,21.8563,42.9417,57.9910,176.1488,250.6466,161.9251,210.5331,34.2398,204.2012,-38.5925,86.0272
252.2057,376.7577,141.0853,78.5362,2.9697,-179.0681,78.9759,20.1068,-56.0768,39.5111,25.4262,189.4538,185.3336,191.9905,168.6267,61.2777,141.2892,-116.1494,52.7780
232.1491,321.5598,112.4857,3.8931,-88.8976,-132.1443,46.0869,66.1197,136.4129,46.4954,19.4253,127.7931,154.4153,221.6175,130.8160,56.4264,110.4575,-151.1060,117.5152
263.7678,313.6379,130.2392,-19.4490,-40.3252,-63.6061,105.9321,151.9208,269.0276,97.5364,52.8809,70.6669,168.3006,237.8314,122.8464,76.2294,126.2346,-144.0089,212.0598
288.4264,333.5597,181.1997,4.7714,43.3603,46.6283,176.7932,236.5832,139.7350,131.3260,89.5410,64.3531,191.9983,224.0680,116.0171,131.8081,142.9763,-116.3768,299.1143
280.7511,306.6492,228.0748,49.4695,84.2233,171.2475,178.3179,307.8761,32.0475,131.9446,123.3844,67.6719,211.9808,218.8319,99.5611,152.8972,170.9882,-85.7337,366.3792
247.6422,227.7242,269.4348,111.0826,135.3745,228.1129,133.2024,360.3125,136.9736,134.9243,147.4151,71.7680,252.4277,212.3409,103.8986,97.8614,235.4650,-54.4746,407.3941
209.2384,175.9011,318.5135,164.7653,229.6012,219.5235,98.5318,376.9004,275.2193,135.2818,154.0557,101.5768,312.7350,152.5510,128.5254,25.8775,309.4909,-3.1509,446.8635
232.7864,228.5955,390.9789,206.4691,316.8160,206.4882,68.8367,345.4256,302.1107,125.7766,180.3043,140.8850,352.5842,88.8009,119.5611,-3.7985,373.9953,72.2948,459.6374
351.1289,379.2422,465.4701,278.1973,340.6073,184.9916,-3.9628,271.7094,247.9604,123.0128,229.1015,168.7926,344.9000,83.7976,59.0943,-15.5364,436.4174,139.7265,379.8429
449.9860,504.4948,479.9550,368.6338,287.9571,135.5634,-112.6258,189.6778,158.5565,120.1128,237.4644,194.5314,300.5430,98.1534,5.4197,-53.4039,480.6445,175.2045,263.4672
417.5415,497.3850,453.8547,420.0271,209.5414,79.0495,-175.9925,140.4953,111.5233,104.8861,203.3624,206.6649,246.4589,108.9777,-1.6238,-99.1483,488.9472,173.7740,217.6960
331.4455,426.9504,465.6443,423.0741,162.0120,-4.7888,-162.3423,118.1200,166.6575,82.1425,178.3773,176.1520,197.9042,115.3335,14.4431,-87.3366,467.8273,119.9296,200.5547
301.3024,407.9506,451.1675,376.2405,107.0597,-154.4480,-149.6258,85.3780,227.4019,48.2269,141.5060,123.3086,148.0990,54.6869,37.2009,-16.6201,408.3705,16.4618,133.6044
281.5706,409.1197,296.2070,264.9314,-9.2598,-309.2156,-185.7713,42.0111,183.7775,6.2488,68.4725,101.8772,90.4994,-45.8674,56.3884,-4.8672,299.5889,-85.7914,68.2485
220.3677,374.5797,107.3382,151.0435,-117.5616,-363.9945,-202.7313,14.7463,96.2710,-19.1677,29.3397,115.1104,45.0101,-48.6218,33.5824,-113.5289,183.0976,-138.0502,64.4423
181.2366,352.3932,53.9322,112.0386,-129.3102,-296.7849,-146.8104,20.8549,76.0926,-7.9164,57.8557,117.5843,40.1227,30.6985,-11.4586,-199.2878,111.7959,-137.3630,104.0237
188.8016,354.9263,66.4461,109.3896,-81.5638,-156.3150,-66.2357,75.5996,118.6825,41.5248,71.1386,101.2290,75.5126,67.0876,3.0844,-138.8525,74.8661,-105.3048,169.6534
176.4114,317.0627,9.1422,80.6851,-42.5560,3.6808,-17.0101,168.5388,134.3922,94.0214,22.0942,103.3869,119.8661,94.8944,59.5433,-43.7613,34.4250,-52.3719,235.3180
131.1528,254.3251,-58.7329,61.3859,-1.3433,156.2838,11.6394,252.5897,89.6234,104.9282,-14.6677,123.5073,145.7858,190.0028,67.4169,-36.5789,4.5320,29.0436,257.6967
99.1896,241.1546,-35.5162,91.5202,69.5655,300.5060,53.6447,305.5216,74.3971,104.1835,27.1029,120.2891,158.7396,267.1469,52.6586,-48.8353,20.4893,121.1184,254.1427
87.5385,256.5409,30.3113,125.9049,146.0599,401.3736,100.7217,325.2050,149.8064,130.8974,89.9857,94.0449,174.3976,248.5492,91.3119,-7.1649,55.6072,155.7778,250.3404
82.7872,233.3684,41.8593,113.1192,175.8906,392.1939,104.4052,280.4812,204.1934,116.5850,74.9557,81.6256,175.3202,196.3191,138.6884,43.7329,56.4192,109.9262,204.7763
74.5607,195.1497,1.6953,77.0316,139.5256,293.4557,64.8945,178.1255,143.4230,28.9432,0.4424,85.1713,138.7917,163.1226,128.4444,69.0596,41.2189,67.9230,112.5972
37.5883,208.7158,-8.1914,74.4535,85.9365,200.8882,65.6298,97.8308,74.9997,-20.1080,-25.1703,79.0874,95.4283,123.2552,97.1112,74.8733,60.6449,85.1003,46.2773
-11.5455,253.4141,38.4885,104.6705,67.4158,139.8445,143.6329,82.6371,109.0312,12.0047,12.4567,53.0401,85.8601,66.6298,88.0915,57.7577,94.6068,103.3545,43.4114
-18.6865,249.0277,60.7342,118.8912,59.9571,84.8982,220.4727,110.1595,184.0060,44.9966,26.9635,13.8239,81.8877,24.5096,85.5370,43.9946,100.1173,93.0756,84.3592
-4.4344,204.8529,23.6043,114.8547,26.2063,42.0148,234.2632,152.2642,213.6091,83.0458,-2.0345,-17.0103,32.8069,2.8016,68.7272,64.1692,95.1190,100.5153,126.3310
-18.6979,205.6840,18.6310,118.7506,-12.9053,-20.3545,207.3987,160.4615,217.8034,152.9529,-19.5336,-25.5597,-42.5467,-41.2319,35.8302,83.4869,98.3583,110.2924,117.7181
-16.4075,226.4462,80.9499,98.8045,-34.2855,-143.8310,171.0954,117.0692,274.4771,178.8076,-3.0761,-44.4613,-80.6353,-109.4127,17.3039,70.8888,87.5501,77.7802,92.7660
38.7372,167.1447,124.2319,41.5315,-29.8891,-230.0940,155.2497,120.5385,390.8326,179.7315,36.9881,-102.6510,-57.3031,-115.8157,52.0220,60.0320,66.2855,66.1540,153.1380
65.9686,80.8333,119.7050,21.8162,29.4224,-155.1219,181.6048,228.1936,407.0988,267.0517,74.7784,-151.1329,-0.7494,-36.4997,94.3472,84.0010,52.7348,133.4350,261.6478
17.6436,71.4132,109.6616,53.6574,128.1392,14.5201,201.7317,325.0173,207.2309,349.6147,66.2326,-130.8654,57.7274,21.8445,74.5309,134.9488,25.0753,199.9447,290.9806
-33.3508,37.5801,92.4284,47.2082,193.7894,148.7350,185.6404,339.4229,19.2266,271.9122,29.2281,-70.3268,117.0678,16.4878,53.4319,169.3884,-12.9156,209.6679,281.4888
-32.4149,-111.2472,78.6456,2.9671,226.8421,251.0588,210.4872,355.7239,97.7826,142.2821,41.8774,-32.9592,181.2448,20.4921,107.4983,135.0788,-9.9208,234.0189,334.8439
-4.3633,-186.6856,102.5147,13.4490,274.9111,352.8603,280.2496,390.0899,215.5761,118.1340,99.5210,-25.6761,211.5844,45.7538,149.0413,64.6060,19.2493,291.0191,362.8670
5.1844,-67.9762,112.2835,66.7981,281.0106,404.8461,250.2739,351.7645,37.7083,132.6393,119.4575,-12.9988,150.6596,68.3518,88.2826,59.7865,2.1580,290.8555,255.1995
-44.8731,19.8482,53.2220,78.9951,176.4930,379.6924,94.6595,251.1465,-228.1598,114.5905,76.7401,22.2403,13.5464,125.9074,8.1122,118.8678,-54.9540,223.8224,109.4896
-128.8947,-66.7047,-17.8106,47.7365,51.2079,321.8298,-18.2024,179.7366,-176.5145,127.8262,9.4122,56.0753,-97.1585,184.1122,1.2795,143.1737,-77.5151,177.1142,69.4708
-132.6182,-123.7170,-42.6293,16.0850,22.3427,270.3590,-1.4075,144.1833,85.8937,153.6849,-25.8064,54.7541,-107.2231,145.5096,23.8067,108.4728,-31.3573,162.1416,126.8057
-18.7826,-28.2295,-16.4254,-5.0872,51.4142,218.7794,59.4490,86.8124,136.5814,72.8641,24.2113,24.7583,-64.4426,60.6248,-1.1700,46.5505,52.4229,115.8171,176.6941
99.8471,50.4522,54.7928,-20.4318,35.2089,130.0935,74.2832,-10.8944,-82.9690,-81.3917,110.4614,5.9242,-69.7904,36.2617,-76.6039,-32.1934,91.4646,37.5000,136.7177
140.6531,22.5692,87.0305,-38.6861,-50.2707,-4.9340,28.1958,-91.2374,-228.4483,-117.3047,110.1009,20.7538,-141.5321,37.4749,-135.6109,-68.0970,17.3030,-9.1751,27.2268
130.7802,8.4767,-2.2441,-49.7617,-152.5606,-109.0476,-25.0124,-69.3372,-112.2015,12.6897,37.8265,58.6018,-204.8189,15.2950,-110.3719,-3.2496,-104.6584,13.1060,-38.8299
96.3086,49.3577,-100.4665,-19.2747,-184.7455,-104.4267,1.5460,29.3318,53.0354,112.3613,12.3083,81.6550,-195.0114,-2.0523,-28.8157,71.8590,-141.6208,81.1243,-12.1083
40.4478,51.1495,-89.8935,22.7496,-96.9223,-36.5019,113.1395,77.9723,68.6287,65.8792,21.4579,49.1301,-116.4327,-25.0981,21.5123,52.5737,-104.2854,129.5611,37.0265
-18.5133,-14.2631,-84.3148,-2.2509,33.8704,16.0568,227.3183,71.8464,69.9964,36.4329,-13.9917,-11.4086,-28.3383,-54.0827,37.5937,8.4103,-102.5683,113.2924,73.7097
-68.5930,-89.0517,-166.6337,-58.7253,82.1845,75.1587,308.7537,125.9784,191.4355,146.4414,-55.5418,-10.1205,-0.0319,-17.3674,77.1717,33.5055,-134.3615,69.2105,129.8587
-85.9169,-119.1439,-216.1290,-34.8398,51.2762,171.1244,359.1515,213.9672,279.6587,259.0212,-46.2818,66.4751,-31.0967,73.3888,134.6553,80.5482,-127.1708,64.2743,164.9330
-38.6935,-52.0211,-180.8989,54.7651,35.9681,242.8365,332.9196,194.0762,207.7025,275.6100,-14.3248,121.8921,-45.8507,126.4549,168.2766,83.8967,-89.5739,97.3606,107.3109
29.5940,114.5684,-108.7052,110.3721,45.5737,242.9856,225.8354,62.9196,89.1303,275.8520,22.1355,102.1300,-27.1715,136.8981,159.2136,62.3602,-56.7991,120.4806,10.1153
47.9624,251.6476,46.4235,130.0542,20.9856,205.3027,130.1261,-71.9861,38.4156,269.8890,61.1676,64.5309,-41.8097,134.6375,98.9654,36.3736,-16.8385,112.0623,-17.8391
36.1386,224.9807,247.7930,170.1546,-27.5889,154.1225,101.3783,-167.1488,68.4939,204.2476,68.0468,66.7546,-77.4820,110.6001,30.9076,-0.5583,30.9512,74.9729,18.3002
35.4855,88.5817,281.8738,214.8387,-50.2967,82.0110,102.1549,-232.0522,155.2908,136.9619,58.6347,82.9762,-50.5683,94.4837,35.8021,-19.9074,64.4283,20.0270,31.8884
30.8828,10.6030,124.9068,210.8720,-69.2887,5.3857,81.7561,-281.6092,170.0545,108.2320,89.3318,58.6114,-1.0976,94.0155,86.5534,11.6867,72.2694,-35.6206,-8.7265
27.4288,48.5041,-5.5909,159.2835,-141.6443,-72.0461,7.5068,-346.9209,12.3370,61.1983,119.6350,10.2410,-41.9588,32.7445,73.2344,45.9441,40.8661,-97.2698,-72.4863
45.5718,116.3546,-47.9700,115.1831,-252.1091,-181.4688,-116.3900,-432.5582,-152.8857,-1.6123,74.2131,12.3586,-140.9154,-79.0637,-4.1856,-0.4816,-7.1468,-169.8541,-140.4191
61.8230,131.3127,-97.6642,127.2459,-314.2946,-299.5763,-216.1917,-502.9701,-150.0769,-44.0253,-0.4299,58.5428,-175.1251,-133.3910,-54.8221,-104.7382,-0.5199,-196.9240,-204.3369
85.7316,103.3099,-125.6671,177.7407,-264.6682,-351.8538,-220.7723,-531.0122,-95.3739,-72.5775,-20.2656,51.0580,-123.2916,-132.0784,-58.6407,-154.5040,42.3513,-135.2969,-220.9549
151.7515,91.5700,-91.7143,187.9845,-138.0293,-327.3198,-145.9571,-489.8460,-111.5665,-45.3919,-14.6474,-12.5703,-49.9408,-134.7595,-52.2670,-116.9365,8.3536,-61.4254,-150.3859
192.4859,113.1667,-107.3030,114.2617,-31.6912,-254.4682,-49.1599,-362.6696,-101.6530,45.4095,-55.6271,-25.4705,0.8996,-100.3521,-41.2545,-48.5626,-88.6998,-60.2470,-28.4716
135.4201,125.5234,-215.2022,17.3005,23.0985,-110.1932,34.0815,-206.0312,-20.6360,81.9004,-128.1488,16.0486,32.4088,3.8153,-15.9991,40.2440,-109.8307,-80.3017,74.8615
54.8697,108.2875,-278.4907,-10.4548,89.8441,105.9380,89.4773,-94.9736,33.0250,57.0774,-170.7995,22.2223,79.7266,126.4668,16.8492,150.9694,-38.8740,-39.5246,151.8514
31.7296,92.6662,-226.0843,29.8809,196.0913,308.3340,121.8016,-26.0425,46.6829,96.7641,-182.0911,14.3127,147.5427,242.0992,39.4715,205.2688,29.4955,31.8333,240.1714
30.6818,78.3891,-151.1669,59.8663,285.2101,441.4067,142.1540,26.4647,79.9187,156.8241,-198.5821,70.2299,181.4412,334.7150,41.9267,167.0414,89.8850,72.0270,334.2390
26.9220,32.4140,-114.8803,68.0077,325.8253,522.4293,147.3724,47.9678,116.2807,123.4609,-202.7284,148.6855,171.0419,345.2009,47.0534,120.3937,185.8918,98.4039,382.3385
59.5319,0.4493,-59.1849,132.9295,343.1122,543.0021,145.1416,38.6873,132.2701,75.8205,-148.2426,175.0709,180.1342,279.0753,75.1537,107.4975,299.0096,146.5560,367.7542
154.9457,74.9296,63.3512,269.4978,345.7605,487.2499,158.8060,23.4608,147.7092,82.8210,-51.3427,173.5271,219.7812,215.6254,94.7123,71.9804,414.1891,185.2025,339.2086
315.1214,227.9916,210.6406,378.0256,327.2951,400.7420,175.5392,5.6319,138.1705,64.1029,38.0123,182.5219,242.2539,171.6737,80.8785,-3.9802,527.5239,164.5437,336.8492
484.4406,320.9548,320.6965,393.6053,297.4053,314.3146,159.1234,-8.5908,82.9736,15.2790,107.3741,179.4010,248.9221,110.9787,63.9264,-81.0412,581.0303,110.2359,338.1004
542.5275,288.8511,383.6183,366.5185,265.6468,214.1452,125.2284,9.7864,77.0271,3.8378,154.3505,150.8760,259.4888,38.4532,63.9011,-128.0207,560.4929,98.9902,327.7064
473.1185,197.2907,423.9530,362.0367,257.9445,137.3689,126.3385,69.4149,186.2614,18.2138,170.3566,129.2986,261.7181,-16.4180,68.7310,-112.4281,547.1093,139.1055,345.0721
407.7339,126.8321,446.8119,375.3524,310.6682,133.8430,167.2567,147.2574,247.7438,47.1739,175.8291,133.9767,273.1711,-34.4052,73.8842,-46.7860,551.7059,162.3930,388.9187
403.3994,97.9508,429.6336,363.7449,391.8232,161.6535,208.6437,208.5544,86.6449,75.6646,186.6116,133.3910,324.5654,-8.0418,72.8225,-25.4482,499.5274,154.3907,390.6618
386.8687,105.7128,375.8073,315.8399,438.8682,175.7735,247.6957,220.9184,-123.2593,31.1310,189.1290,90.7760,393.9430,36.8748,79.5292,-77.5705,419.8116,178.5542,349.9667
328.2400,147.2141,341.5865,276.7367,477.0225,222.4530,323.3805,201.4512,-79.4027,-35.4135,194.4898,31.1049,460.5655,64.9765,147.0030,-101.2314,407.8307,257.6086,344.4476
262.9600,193.3840,353.2461,299.9444,540.3781,339.0572,429.1328,231.2870,154.6141,26.1918,212.5915,18.0425,520.7194,90.9561,251.1295,-32.8532,439.2765,357.1752,378.9395
220.8526,206.9403,348.0597,386.0631,550.7767,483.4597,489.5437,354.0981,304.1624,186.2704,198.4811,73.2045,521.4120,156.5018,285.1891,85.6934,442.6985,465.9799,394.0401
247.8801,221.2654,292.5918,488.1975,450.7696,593.3152,448.9772,490.4716,340.9818,309.4087,144.9402,165.6327,430.7127,256.4752,260.9760,199.6637,442.1013,568.0836,386.2652
346.5156,299.5535,264.3331,546.6479,329.5584,619.8242,327.0363,517.3546,367.2115,359.2440,119.8798,238.0309,322.6356,327.4702,290.9152,247.2342,461.5070,595.0664,372.5570
398.0835,381.6595,294.5852,514.8634,275.5627,553.1589,188.6425,420.9541,381.7804,329.5670,133.0786,227.9085,266.7065,317.5392,362.3096,189.7364,440.2938,513.8291,335.8350
320.8325,332.9131,283.9670,405.5204,244.6053,453.9812,104.4950,312.5962,421.0495,260.6409,132.3445,153.6783,241.4555,258.1484,380.0647,113.8459,349.3644,387.6390,286.9863
207.7952,186.9645,194.4195,297.2273,159.8242,369.4300,91.6641,269.4508,484.4871,262.5157,124.7535,129.2395,202.8990,220.6967,333.1207,118.5900,254.4787,287.0547,243.6745
161.1377,130.8578,126.3014,257.4824,34.8737,260.8453,78.3062,237.4502,390.6323,285.6889,126.3118,182.3282,126.3606,208.8761,239.7675,146.9961,214.8159,224.7686,162.6828
143.5634,201.3847,125.0162,283.9074,-48.0419,112.1444,12.7031,153.6546,163.8898,189.2307,94.6481,193.0292,23.7074,176.4899,119.8248,123.8741,205.9305,195.1005,32.6921
100.1334,225.3909,124.9495,303.5229,-52.1594,-5.7869,-52.0001,46.4363,92.0442,33.2293,40.7847,99.6956,-29.6104,109.2615,55.5113,81.0922,156.3910,179.3899,-70.6225
68.8573,113.2132,98.6517,214.3461,-41.0320,-60.4998,-82.3652,-56.8274,103.2870,-105.3725,36.3596,-23.8555,5.1295,4.8987,64.5131,10.8908,35.4880,123.3596,-119.3250
89.8094,-12.0564,71.3365,12.5727,-68.8376,-103.1936,-123.3834,-160.4050,-97.8075,-274.1848,62.7593,-114.3172,45.8481,-127.2658,44.1205,-123.3706,-99.8727,16.8105,-159.6499
122.5536,-40.6852,33.4228,-154.6628,-83.0855,-147.6765,-157.4234,-212.9088,-305.0036,-357.8249,39.8643,-160.9805,33.7812,-210.4014,-9.5658,-210.5270,-178.1896,-50.1000,-180.3651
113.5864,-32.3393,-31.6418,-195.4502,-35.3655,-148.2720,-112.9730,-181.3329,-191.3996,-229.2915,-30.1745,-168.8857,33.6588,-189.3133,10.0734,-146.8897,-216.6944,-36.2637,-133.3201
68.7500,-70.3733,-102.7082,-213.2916,31.7297,-104.7517,-10.4592,-153.5901,7.5158,-79.4142,-91.2823,-180.8361,93.0013,-128.4481,86.8154,-43.5720,-274.1676,-47.2230,-43.4903
19.9803,-135.0096,-150.4933,-293.9897,91.8263,-69.8816,96.1828,-189.1464,29.5509,-37.2274,-117.8202,-216.6882,163.7545,-86.3934,133.1231,-0.2578,-329.5251,-124.7661,35.3022
-14.1281,-198.8745,-156.9672,-355.1303,153.0876,-64.9292,198.5968,-225.2402,42.6327,22.6023,-106.0371,-220.4040,197.6096,-38.8344,161.4592,63.1595,-310.3139,-145.7647,87.8195
-15.0123,-282.8861,-129.2916,-335.0428,158.0005,-65.6779,244.5674,-238.7314,104.3628,64.4170,-73.6486,-184.1943,183.8594,3.4077,180.7091,173.8085,-219.6757,-122.2370,107.3333
13.3508,-362.4164,-107.3563,-296.5330,69.6461,-49.5490,199.8667,-269.7033,78.6451,46.3724,-53.1604,-174.2777,127.8685,11.1813,143.2509,242.7832,-139.8190,-269.9749,93.7659
12.2442,-383.2281,-110.2022,-279.6489,-20.9165,-19.5326,170.2738,-296.2011,76.1887,183.9859,-38.6713,-183.3780,65.4545,34.9186,85.9782,257.0833,-119.2674,-572.3298,64.1802
-59.7653,-368.0504,-117.7772,-261.3758,-44.9479,-7.6028,211.8882,-322.5302,197.7823,389.4300,-14.6550,-164.7654,29.4744,78.8764,79.3442,236.4044,-123.9757,-709.3940,20.8863
-149.5902,-353.0395,-125.2785,-238.4619,-45.2484,-48.4494,219.4823,-427.8282,277.1998,305.7010,-14.7628,-150.2952,6.9376,43.4260,90.0421,165.4846,-96.1548,-577.9886,-23.9319
-173.5936,-315.2201,-124.6532,-201.4188,-28.4810,-118.1857,175.2557,-557.1993,276.9409,119.0834,-45.9993,-153.6663,-8.9965,-60.6441,77.2971,126.8515,-20.3140,-402.8444,-32.5251
-127.8831,-290.4602,-71.3191,-121.4759,45.0290,-147.9369,171.9304,-566.1572,279.9719,139.4773,-39.4767,-126.4763,2.9606,-101.9697,72.8931,166.4035,65.7347,-302.4238,-17.2001
-99.4966,-366.6031,21.9917,-42.3651,135.9532,-130.1875,180.4561,-511.8643,192.1822,31.8056,21.6706,-96.4889,33.1782,-79.0203,92.0837,89.9426,105.0909,-212.7755,-6.4230
-163.9935,-479.4663,57.8893,-51.2948,201.4665,-121.0561,169.4729,-522.6478,52.3059,-350.8263,48.2877,-126.9095,57.0035,-91.6572,122.8174,-178.2835,74.0123,-126.9350,56.9261
-268.8194,-475.8467,4.0640,-130.5424,272.9411,-123.7814,241.1884,-510.1980,80.7443,-481.3915,-8.9047,-173.6911,82.6532,-133.1152,153.4500,-344.4987,3.3657,-41.6968,183.5672
-294.3941,-389.5825,-72.3848,-176.4258,314.8444,-103.0724,338.5206,-395.3641,127.8987,-298.5738,-96.3765,-182.5113,93.1304,-160.9888,128.4648,-261.0404,-61.4118,100.7698,224.0437
-248.9897,-379.5645,-143.6302,-165.5614,228.4511,-95.7184,239.2894,-338.3329,-98.6003,-333.6758,-174.7353,-193.6818,25.4583,-211.0284,18.4291,-180.4230,-101.4515,233.5576,116.0561
-241.6355,-441.6006,-228.6937,-161.3618,63.9443,-148.1701,13.5437,-427.4098,-363.9263,-537.5790,-259.2170,-228.7755,-114.9634,-272.9775,-84.3815,-228.0845,-113.0157,232.4050,16.9390
-276.2365,-432.4935,-298.5979,-165.7284,-33.3816,-202.2175,-46.0999,-496.2920,-305.4514,-483.7773,-332.7484,-241.4661,-229.5315,-263.0747,-94.9707,-239.3503,-102.5683,154.6790,7.8706
-295.3656,-326.5842,-324.4424,-129.8245,-72.9540,-189.9916,54.4834,-437.6539,-86.7518,-303.9610,-347.7782,-213.9405,-265.3707,-191.5884,-55.2416,-178.2787,-105.4601,116.1797,-16.0250
-333.3008,-246.6583,-335.4908,-96.2371,-163.0318,-146.5617,82.3865,-343.1781,-34.2457,-284.6919,-314.2643,-169.5776,-268.5866,-152.7392,-34.0088,-139.7138,-143.4850,86.1519,-73.8233
-395.1428,-243.7529,-335.1100,-129.4125,-291.9219,-124.0260,11.4607,-282.9773,-143.6618,-312.3430,-280.2804,-122.2104,-284.5597,-150.7453,-53.5333,-92.5365,-172.8413,20.0751,-69.8785
-378.4844,-222.0875,-293.9338,-159.8745,-374.0143,-112.0519,-32.7839,-234.4202,-239.3038,-272.5309,-247.7452,-80.2032,-307.7127,-107.0432,-112.5720,-23.6927,-160.3612,-28.6370,-27.0062
-293.3044,-163.8439,-247.5808,-130.8419,-395.5551,-99.0617,-36.7792,-195.4748,-215.8657,-224.2832,-200.2094,-61.5134,-323.4427,-20.1966,-167.9237,-23.2049,-171.3358,-35.4135,-49.7612
-291.7312,-210.0704,-216.6138,-155.0207,-382.6450,-111.4111,-53.5537,-192.0295,-100.4190,-170.9873,-167.1279,-87.0273,-323.5250,10.4855,-177.0503,-66.0878,-269.7914,-38.3781,-137.6201
-386.1957,-348.2159,-87.9093,-274.2948,-347.3898,-171.2112,-90.3191,-220.2637,-26.0782,-132.9630,-169.6785,-144.4529,-300.9415,-54.2319,-179.9675,-63.3975,-382.9554,-42.4369,-216.9834
-416.2976,-338.4399,181.7904,-313.9804,-309.8748,-261.0861,-136.3113,-249.5093,-70.8373,-149.7816,-164.7140,-160.6433,-265.2841,-105.5971,-218.7323,-61.1695,-386.8784,-28.8652,-258.4053
-319.8635,-152.2083,364.2792,-199.3866,-273.7776,-335.3186,-192.5666,-269.6722,-218.1774,-162.7390,-124.8123,-91.7404,-233.1980,-57.7773,-262.6287,-111.2291,-287.0860,-10.9774,-300.2995
-223.0153,-45.0911,251.8164,-88.5648,-221.3120,-369.3899,-261.7321,-305.2827,-425.5988,-170.3463,-97.9161,-12.3930,-209.0976,-3.5613,-297.1341,-149.5267,-205.5979,-7.6508,-388.8018
-247.2780,-69.6077,-1.9237,-64.6264,-186.4479,-377.0210,-314.8477,-336.3929,-523.9682,-212.8444,-113.7149,-0.4997,-198.8180,-39.0877,-324.2497,-140.6562,-210.8846,-11.7574,-469.6874
-328.0993,-54.5522,-125.3061,-59.5153,-220.9437,-366.6671,-294.5647,-292.5542,-367.0503,-208.2735,-115.6232,-21.7136,-203.2654,-94.7500,-295.9488,-135.0634,-254.7306,-22.3679,-441.3300
-300.0802,-26.7747,-127.2420,-77.5115,-287.2593,-350.7695,-225.1748,-216.1400,-196.2295,-174.0275,-61.2606,-30.2428,-200.7415,-119.0779,-221.5516,-173.9718,-275.7439,-72.7116,-358.9624
-169.5775,-93.5847,-176.4706,-152.7208,-324.7421,-370.2780,-214.5855,-224.3077,-277.5150,-236.2704,-8.3030,-42.0531,-186.4707,-173.1622,-185.9695,-236.9130,-270.6062,-162.9799,-345.3844
-117.4680,-132.4447,-273.9387,-191.1591,-351.0291,-395.7775,-255.9968,-235.8914,-350.6880,-249.1380,-11.8990,-47.4768,-183.9357,-208.1987,-166.5190,-242.6725,-236.4155,-189.1988,-325.0934
-171.7067,-48.5941,-287.3868,-102.7900,-370.7787,-309.2734,-229.0216,-77.9683,-162.4292,-48.0934,-11.0992,-0.1787,-183.1807,-100.8125,-108.9115,-155.3499,-142.1021,-64.8551,-185.6217
-171.2009,26.1044,-180.4804,58.0770,-332.8187,-109.2605,-142.5085,152.8159,-15.2616,116.5960,66.0184,89.3209,-157.1588,62.0234,-117.9592,-74.1890,-4.7739,114.2974,-47.6664
-89.7798,23.3056,-56.1487,192.5680,-265.2684,52.1900,-111.8112,256.6347,-108.6285,70.8997,150.3559,153.3955,-130.1184,126.3819,-223.3057,-52.8745,98.3745,197.8758,-26.8493
-50.2566,14.1595,-22.4193,255.9025,-252.8955,119.1818,-129.9939,295.9881,-138.1766,66.5932,138.4355,159.5330,-124.6927,167.8407,-219.8982,14.8517,129.6537,205.0420,-16.6646
-63.5737,3.0228,-57.3504,252.6374,-263.0394,173.9604,-118.6266,387.3008,-3.0128,180.1205,87.1063,151.1544,-110.4489,270.6564,-70.0018,137.0741,117.4821,234.0958,37.8387
-63.4452,-27.1697,-40.7491,214.0592,-208.9832,220.2806,-93.4610,435.1750,-6.4975,163.4506,114.4880,163.5228,-81.3888,298.5790,-13.2607,152.0025,89.7692,266.1499,36.2743
-62.4987,-36.7987,44.7241,161.1006,-117.9954,188.3683,-89.5603,384.5233,-179.6500,32.5516,180.9178,140.1347,-58.8215,189.2898,-70.1239,45.2944,66.8658,241.9083,-5.2320
-77.4924,-29.8410,72.5977,113.6786,-41.4078,114.3095,-66.5368,356.2793,-212.0050,16.9000,176.3910,50.3520,-9.3040,107.3654,-18.4548,-21.0969,80.7864,207.5710,25.0786
-80.5943,-22.4329,11.9486,120.5053,59.0781,92.6269,14.9894,380.3166,-36.5820,75.7548,134.1160,2.9226,89.0888,121.9515,110.4175,-2.8972,128.5018,229.4961,92.0980
-70.7093,0.9243,2.9863,176.4595,188.9481,110.5545,133.7719,355.2081,85.0056,40.2853,155.7433,48.0543,172.0363,104.7507,118.8960,16.8543,166.7944,261.8135,108.9239
-37.7595,-8.3953,109.7747,194.6834,269.8357,86.8994,238.8127,273.8187,11.7583,-60.9852,234.0642,56.9028,203.7477,10.8742,62.1736,1.0477,193.0694,228.2699,120.6069
61.6571,-65.8968,231.9037,159.3023,289.3268,25.4914,306.0637,222.9669,-62.4123,-112.1921,304.6367,-3.4476,229.2450,-50.9001,89.4240,-45.2285,250.7504,169.2836,200.2209
210.9908,-48.9226,302.9050,136.3606,312.5678,4.9951,376.2575,234.0817,68.1882,-85.1110,341.1013,1.3590,262.2787,-28.7826,173.1012,-101.2376,338.3273,166.3829,325.5437
338.0809,52.4948,347.4744,114.2816,336.0343,36.3589,472.2858,264.8697,255.4564,-32.0517,317.2406,64.2033,276.2438,2.6006,259.5631,-121.7070,396.0846,179.1264,424.8837
395.7288,64.9067,361.6594,60.2690,303.2426,65.8257,505.9765,267.4109,249.5378,-9.3187,228.4632,73.6741,276.3072,-13.3532,331.5017,-109.0890,392.1699,141.4362,448.1943
365.6001,-31.0922,325.7687,37.9670,233.7381,104.5383,421.4410,251.8255,143.2935,-0.3381,159.4006,84.4865,273.4459,-29.3302,320.4454,-112.0325,356.8670,123.8932,413.9725
282.2863,-77.7104,270.5849,60.6073,198.0319,180.6588,335.7600,269.6996,144.7792,35.2932,177.5731,140.9068,270.3547,1.0153,238.3178,-123.8665,326.1477,184.2519,390.3589
242.3436,-45.0766,221.6262,40.9900,205.1423,228.6391,336.8931,320.1250,199.2119,73.4830,220.7511,120.1012,280.9066,36.5516,187.2687,-96.1491,301.6673,232.8344,387.6668
276.1934,-23.4764,176.7247,-3.7102,207.6741,217.5552,305.7232,356.1548,193.1584,83.4787,215.6763,32.5377,278.1624,47.8698,160.2948,-30.1325,277.8487,230.7402,344.2789
302.2582,-57.3801,156.6169,9.6026,189.0330,217.7367,142.9075,359.8342,117.8702,58.5678,189.6403,28.1399,222.2405,60.0589,127.2335,15.7269,263.4959,251.2960,247.1226
265.1842,-137.5175,161.4847,23.9216,193.6104,214.1598,-20.4837,324.2715,-38.2513,-6.3283,171.4229,55.3097,171.0950,44.0591,139.2415,3.0102,251.2589,274.3816,168.7942
185.0275,-178.9308,127.5923,-28.2790,272.5255,150.1606,-14.1155,264.8976,-139.0586,-36.7604,121.2313,3.1002,197.3817,-24.0314,141.5333,-22.4359,205.6044,245.6159,166.2339
87.4958,-102.8891,29.4415,-70.5853,414.6407,113.4202,137.2439,252.7097,-2.0137,31.2480,16.4491,-38.4570,254.4967,-50.5043,79.6462,-14.8298,114.2250,242.6211,199.5502
-0.2554,-26.7230,-63.6773,-69.5041,553.1235,111.9527,297.6304,287.6826,133.1809,69.0954,-99.8576,-37.0439,287.1277,-12.8626,128.7385,-27.1849,22.7759,294.6464,191.8017
-51.0329,-81.0101,-96.2491,-88.1228,641.2791,-37.6910,413.8031,279.1486,-1.9894,6.8319,-168.4309,-99.8740,318.1196,-41.7232,311.6120,-58.4586,-6.0990,295.0985,167.9773
-74.0695,-140.1880,-95.8960,-89.5647,669.7961,-267.0760,511.1039,255.5542,-50.7425,33.8243,-173.3804,-159.7238,322.0882,-128.5123,306.8853,5.4607,41.4786,238.3319,219.3087
-83.2376,-88.1576,-114.8723,-15.9068,610.7749,-251.1334,563.6938,308.8705,229.9795,171.0110,-176.7202,-108.6638,227.5715,-127.0017,77.2592,90.2693,109.2483,202.3973,299.8644
-75.6470,-46.8487,-168.8466,33.6231,446.1750,-23.5232,507.2809,359.4836,316.2548,151.1170,-249.2111,-90.5415,69.0946,-81.4035,-39.5944,-9.9680,125.9732,158.3689,276.0283
-67.9261,-76.3684,-221.4206,-6.3180,251.9995,93.6606,372.8115,322.1904,-11.3790,-19.0126,-340.4517,-183.2788,-62.7068,-110.4765,-41.1781,-142.2846,90.6803,98.2069,182.7658
-67.3372,-74.4026,-224.7287,-25.8062,122.5782,96.9698,257.9365,297.2837,-147.2764,-59.9816,-351.1487,-196.0133,-161.9018,-137.7322,-156.9842,-4.0871,63.1408,101.6529,140.3246
-48.7942,-46.8401,-202.4732,23.0287,36.7723,161.4381,169.9881,316.8313,82.5410,8.3616,-326.0864,-93.2068,-253.2240,-109.8699,-243.6780,205.8093,68.0517,129.3553,106.3361
-27.7964,-69.9611,-223.9210,46.1738,-58.7986,224.3654,53.7752,270.0754,113.0293,-16.2500,-368.4823,-76.4578,-311.2233,-116.2606,-160.4371,112.1627,83.3886,92.4766,14.8247
-52.7874,-108.8422,-279.5429,31.2490,-125.1247,218.8932,-72.2815,202.3986,-134.4196,-75.5155,-433.5034,-145.9033,-326.2073,-108.8651,-174.9432,-118.4284,104.8409,66.2862,-46.7917
-112.1785,-129.3472,-308.3661,55.2337,-135.1430,255.4046,-160.9573,258.1324,-182.0892,-42.3029,-442.8716,-124.6222,-338.5605,20.5557,-362.4797,-96.3288,125.3225,123.2084,-35.8039
-162.8235,-151.8802,-323.5219,95.6587,-146.2544,335.4706,-222.3385,383.8480,-16.4199,24.4363,-454.2269,-40.7282,-352.5240,138.5094,-415.1235,150.1772,95.5348,173.7746,-39.4797
-199.6214,-154.9391,-366.9276,58.4344,-163.3110,340.3688,-257.0620,443.2165,-0.0271,55.8421,-509.9663,-52.0402,-313.4190,101.0920,-302.7312,333.5802,-10.1306,146.3666,-71.2235
-226.7237,-142.4286,-424.5600,-67.8765,-138.4404,268.3865,-241.3222,433.9779,-176.1623,51.5400,-544.1052,-152.5018,-226.9260,38.4202,-267.9433,310.9819,-155.0208,68.8359,-86.0496
-249.9523,-164.8622,-487.7048,-200.3615,-120.2317,170.9389,-213.4526,393.7423,-376.7871,-2.8523,-556.7110,-221.9643,-195.0055,74.0589,-293.3917,154.8356,-294.7382,-21.7491,-125.4554
-294.3104,-198.7174,-548.9747,-260.1031,-160.1053,53.5310,-213.3761,316.1996,-502.7585,-98.3170,-602.7734,-219.7041,-236.7525,91.1705,-256.8982,58.2289,-384.5472,-77.2956,-201.0721
-348.6963,-212.1535,-537.0154,-256.8453,-169.2464,-41.1867,-184.3780,212.9109,-451.7491,-202.2406,-619.8724,-199.0016,-223.0035,-25.2803,-221.6590,93.4536,-383.7039,-71.4454,-227.0653
-368.1839,-239.1533,-451.9106,-257.3974,-97.8965,-66.4041,-99.9097,122.6196,-246.9665,-287.9108,-555.9202,-196.6167,-127.1997,-182.5182,-216.2767,96.1125,-337.4224,-55.3928,-196.7070
-358.1627,-253.6849,-438.7927,-265.1830,-58.3905,-52.9265,-62.8935,82.5421,-137.3471,-310.0717,-523.7319,-176.1418,-114.8375,-224.3233,-198.4602,-15.3429,-335.8996,-63.5573,-192.6090
-344.0367,-210.3279,-531.8144,-237.3729,-111.7980,-49.1000,-122.5919,83.7582,-232.2210,-297.4462,-582.2365,-118.1626,-233.5399,-158.5053,-221.4703,-89.0416,-359.1665,-85.0865,-225.1474
-304.6401,-174.2141,-569.5542,-209.8952,-185.3573,-69.8735,-169.7809,54.4461,-324.9235,-350.2649,-607.0478,-89.4609,-315.2610,-133.6889,-265.7890,-69.0758,-342.3535,-139.4598,-259.8441
-240.8478,-175.1801,-496.5407,-242.9158,-244.0125,-97.3924,-146.6697,-11.7293,-273.0524,-412.5059,-532.2656,-118.9163,-294.6814,-189.9907,-215.4840,-74.5022,-340.6920,-212.1958,-299.9765
-203.3544,-150.6447,-430.4507,-299.4747,-295.4012,-97.4519,-146.4119,-16.9834,-207.3117,-349.4612,-441.7437,-128.3651,-288.8271,-226.1097,-157.5967,-129.6282,-404.2853,-237.4261,-318.0710
-194.4522,-124.2795,-405.5486,-322.0705,-301.6302,-82.7842,-204.3190,52.7373,-236.2489,-241.0423,-386.1360,-86.3444,-336.4253,-235.5057,-248.2172,-161.8979,-426.6297,-227.5738,-259.0876
-173.9738,-129.5331,-366.2764,-314.0558,-271.1230,-80.0194,-238.4556,111.6301,-265.8114,-222.8752,-347.6784,-61.6524,-362.0920,-270.3598,-359.6754,-151.1145,-342.7015,-225.2695,-167.4715
-149.4399,-96.3503,-323.6740,-279.2534,-280.9352,-55.6376,-255.0997,139.4291,-244.0824,-237.2198,-307.1958,-81.7189,-336.0331,-244.4281,-318.6349,-112.2689,-272.7298,-211.4867,-158.9382
-135.2264,-71.8355,-288.2584,-227.4293,-329.0396,-27.7197,-334.2176,138.5005,-289.1923,-217.0588,-225.3681,-106.5898,-275.9216,-121.6108,-245.4412,-78.4667,-290.3501,-212.0436,-241.6007
-101.7481,-181.5903,-230.5369,-205.9096,-343.3356,-76.0795,-408.8039,86.9548,-392.6710,-179.1813,-120.7044,-110.6804,-214.8076,-57.1473,-276.5040,-65.9113,-297.5358,-256.3545,-292.7528
-63.0069,-294.1329,-195.6675,-211.1573,-313.6883,-125.7931,-354.6525,59.0556,-315.5321,-85.1616,-120.8316,-77.3747,-209.6438,-80.8562,-268.9434,-11.5390,-242.8591,-244.2504,-243.6073
-91.0881,-225.2153,-236.3581,-190.6821,-273.7928,-55.8251,-232.1904,120.5761,-29.3324,45.8593,-232.6637,-7.5902,-250.2062,-52.4323,-101.2453,89.3589,-206.2870,-148.8004,-170.0305
-179.2056,-117.1115,-281.5874,-163.4647,-232.6523,8.1587,-162.4411,163.0483,112.0601,73.1223,-262.7973,33.4172,-255.4427,-19.5376,23.5635,111.0988,-216.0378,-125.9256,-142.6902
-231.0793,-141.9589,-255.8681,-170.4064,-189.7851,-79.1407,-116.8744,112.8822,-66.8061,-6.6188,-148.8791,-6.3669,-233.1779,-120.5230,-99.5104,26.3472,-207.6870,-198.6056,-122.2046
-223.4956,-191.7113,-195.3003,-164.0858,-147.0924,-181.9305,-54.3895,66.0163,-256.2376,-47.8197,-63.3686,-71.0657,-255.5727,-242.4372,-278.1977,-44.4074,-174.1326,-207.2384,-89.9296
-241.0565,-175.2845,-160.1732,-101.8646,-121.0960,-162.4503,-43.3275,58.7840,-212.4222,-11.2859,-85.3298,-71.3887,-296.3830,-224.3748,-242.9352,-47.2449,-186.0743,-133.6051,-126.3962
-325.9823,-170.7750,-176.3719,-40.3194,-153.3052,-108.6077,-113.2679,22.6404,-157.3444,35.0674,-115.1778,-4.5555,-308.5776,-151.2496,-158.2888,-9.7768,-268.5315,-88.0476,-265.7286
-415.3835,-188.8630,-242.4786,-45.9502,-241.0556,-96.5688,-221.6386,-45.7247,-326.0411,31.1314,-121.4759,53.5290,-357.4006,-153.4688,-306.4189,24.5302,-364.4008,-85.0357,-418.1669
-450.8199,-180.3797,-316.7257,-108.5004,-320.1615,-88.6629,-365.2673,-112.1068,-545.5578,-37.4715,-164.3332,54.2132,-487.2447,-195.4640,-521.1768,-39.7912,-422.9373,-89.8076,-498.7267
-455.9774,-180.2472,-373.5684,-163.2982,-372.9055,-72.6397,-525.0779,-161.0205,-578.6903,-89.7139,-236.2874,32.8512,-603.6503,-193.2809,-525.5187,-211.7771,-457.1580,-98.6014,-527.9099
-475.5628,-211.8870,-426.3114,-164.3060,-432.3400,-68.4287,-633.8511,-176.2128,-530.4549,-82.8480,-274.9582,23.1548,-618.1797,-149.1498,-460.6974,-300.1092,-486.4235,-109.7085,-580.9429
-497.8022,-239.8143,-429.5699,-140.7327,-479.9036,-95.5566,-709.5450,-209.8639,-588.7592,-124.7540,-244.9870,-12.5254,-574.6370,-128.0179,-513.3957,-159.8738,-480.8395,-142.4724,-675.9039
-479.4791,-255.0506,-332.2217,-134.3292,-485.2470,-158.7267,-806.8563,-300.7263,-655.2414,-185.6397,-159.3659,-76.4023,-560.5207,-142.6315,-527.6215,97.4596,-425.6099,-186.8996,-738.3579
-421.3366,-243.4376,-219.7275,-114.7569,-488.8160,-184.4611,-867.8096,-319.8233,-585.7056,-86.0260,-90.0247,-91.2846,-587.0684,-113.1524,-436.7005,218.0501,-376.8612,-176.2985,-718.3395
-367.1658,-184.8468,-179.8703,-70.8514,-523.2450,-124.1881,-853.2500,-201.4592,-527.1530,28.6835,-91.3786,-64.4252,-598.4668,-21.2055,-468.1252,53.9012,-369.6011,-145.1440,-661.9416
-335.8871,-144.1085,-153.0947,-70.5824,-541.7318,-71.1086,-841.5107,-107.0347,-623.9061,-110.0261,-110.2244,-99.4847,-557.9253,25.3492,-635.5339,-202.1938,-345.3837,-181.9824,-572.4008
-311.5462,-179.4944,-94.5796,-103.0775,-489.5822,-64.0025,-817.7607,-85.6204,-680.9817,-280.7475,-84.5814,-188.3415,-481.1995,-7.3988,-646.8040,-190.2034,-255.5829,-196.3203,-388.9429
-284.8953,-212.9465,-40.3705,-56.7727,-375.4612,-5.9265,-669.9445,-7.9576,-541.5153,-192.9490,-39.1780,-223.8036,-385.6555,-19.2413,-436.4559,30.5491,-152.6717,-85.4369,-203.3705
-245.7976,-162.1024,36.8838,60.3663,-258.8540,72.9371,-461.4341,64.2402,-429.5303,-90.4024,12.4844,-204.0392,-263.6377,29.6270,-251.6420,59.2292,-102.5061,12.3057,-181.3310
-176.9254,-86.9739,131.4556,111.1684,-180.2631,30.8599,-333.6159,-11.3775,-478.9522,-178.3416,93.3923,-199.4779,-126.4877,75.3435,-203.2963,-80.7254,-82.2059,-30.3762,-218.5185
-98.8218,-80.9893,102.8669,60.5834,-105.0516,-85.9782,-211.4995,-107.6142,-409.1425,-196.0864,168.5585,-192.6053,-12.6069,79.1598,-154.9863,-29.1482,-32.1086,-110.2304,-87.3876
-43.9638,-121.0877,-21.1764,14.9933,2.5393,-119.6884,9.5663,-73.5366,-105.9215,-42.9918,211.8671,-130.2791,70.2932,71.9530,-33.6517,147.9241,52.5826,-126.4552,128.5572
16.8134,-118.6685,45.6181,53.1200,92.2076,-75.4014,189.6942,-17.6345,94.6396,48.4908,287.8482,-44.8781,157.7840,105.7162,73.3740,143.3417,148.9680,-112.7835,203.6191
116.6174,-65.5043,366.1983,139.5772,129.5146,-60.1767,194.5257,-42.2518,86.7678,57.5069,412.5985,-1.9267,261.4589,155.6970,133.8013,36.6631,263.7994,-103.3647,195.6425
209.3662,-28.5374,606.8665,188.0899,166.4465,-89.3446,128.3773,-75.6190,187.2998,98.0925,490.0898,10.4933,328.2119,129.2137,210.3047,30.7093,375.3874,-91.5528,261.3253
248.2039,-18.0560,549.8724,174.9268,201.5309,-90.4979,89.1912,-69.7303,377.6382,73.2434,478.7507,52.1095,312.6893,74.3555,267.7673,52.7524,401.9975,-58.1300,321.4577
263.8200,6.3620,404.5190,163.7407,173.3046,-24.8641,33.3579,-52.4953,288.9556,-32.3571,454.1264,117.0035,269.0821,147.4915,225.6837,33.6371,348.2874,10.4058,283.1289
310.6648,43.4635,459.2169,200.5239,136.6665,53.5802,-14.2606,-23.9095,54.6299,-7.6744,489.5712,154.8826,289.8198,281.6347,185.8048,67.4707,355.6043,73.6230,269.9306
421.5970,103.9112,693.9528,248.3194,193.8182,90.1710,36.5671,17.2988,130.7993,147.8437,592.4850,185.3195,369.8563,284.9313,281.3115,154.1185,478.7392,92.4064,366.9703
580.8033,215.6426,875.9918,250.4264,305.3484,113.6287,139.9853,28.3585,376.0450,174.5846,715.1906,240.7096,438.0017,225.1539,401.6558,170.2856,600.3713,99.8481,465.1344
685.5775,292.4944,904.1790,213.0695,389.1692,145.5396,195.2698,-8.5643,362.4210,21.0516,780.5168,268.1859,480.9022,258.5820,398.4795,90.7784,652.4900,118.6497,492.9160
656.7987,247.4639,879.7808,215.3667,444.0296,165.1850,213.2673,-24.3923,228.0171,-87.4644,759.7695,252.6004,523.9947,313.4357,353.1483,39.0566,673.8646,137.3992,501.4147
582.8732,187.9488,865.7741,288.5929,460.4278,189.1345,233.2401,42.0227,286.1648,-45.5796,721.0698,253.6472,565.3002,302.3033,376.4466,97.0772,649.7145,161.4848,500.8305
585.4168,213.0333,815.4451,317.7967,431.8017,200.4435,254.7400,106.5724,389.8728,12.2497,740.2867,231.8601,601.3820,278.8658,423.8068,149.6116,563.3585,160.3078,455.0406
616.8378,246.8526,741.4450,244.8985,421.7915,138.6565,292.2395,72.1062,348.9920,3.3640,767.5306,145.0522,617.2732,260.8802,431.5773,83.2409,491.4887,122.5110,377.0480
558.2063,260.6710,686.9377,221.5516,436.7820,84.4412,331.5509,39.5999,263.6084,8.9947,661.4608,121.0010,564.0786,252.9258,381.9730,25.0532,439.7993,144.6149,297.2836
412.7428,277.4742,598.2744,278.3383,421.2262,130.7948,330.5496,114.6746,177.7760,40.9298,433.6902,168.1979,459.4847,292.7509,286.9279,84.3909,322.1560,221.9583,249.7569
285.4852,200.8165,467.8201,200.7825,421.2447,140.1641,335.2017,184.5329,77.8358,18.4520,321.1194,76.8956,399.1341,290.3834,237.8345,122.0957,186.4099,206.6065,277.3480
242.7997,59.8737,397.9911,11.8934,439.3388,33.6339,384.2960,173.0072,84.1128,0.1237,413.9849,-97.5337,382.5253,158.3638,285.7263,71.7089,143.0248,139.3686,323.6562
235.9888,77.4203,367.5790,-7.9604,287.0596,-16.4456,375.4377,183.0390,173.8035,69.8778,448.3322,-80.2759,315.0159,36.4359,323.2122,61.2293,133.7152,163.6202,271.2736
171.4629,190.2656,251.3321,93.5221,-60.5020,12.2726,270.0620,218.6705,160.0928,100.5310,256.5570,6.4849,197.3064,32.8412,284.6236,91.7091,67.4647,176.6622,157.9412
57.1609,102.4000,83.0250,48.4077,-314.3274,-48.1975,191.6335,182.2706,76.3995,-4.1312,56.6583,-144.3134,95.7387,15.2293,240.6810,69.3487,-15.7645,71.3043,96.5957
-16.4107,-115.8221,-38.5410,-85.5398,-348.9792,-145.8297,154.7871,107.4049,42.3268,-102.6598,9.9152,-380.3587,3.1687,-103.7330,207.9739,33.1188,-93.6157,-20.3948,41.5572
-33.0140,-164.3303,-145.5316,-135.8456,-347.7398,-137.1043,64.9856,59.1155,-13.3041,-93.1250,-27.0848,-400.2108,-90.5356,-198.6228,162.1905,24.9824,-194.7484,-45.0694,-65.2702
-52.0684,-63.2999,-256.0948,-160.1811,-386.7381,-88.0656,-27.3796,30.8874,-84.4243,-34.8356,-133.2695,-294.7420,-156.8846,-158.8644,132.4175,19.7735,-279.5661,-86.3900,-135.8307
-109.5135,-25.0406,-316.8630,-205.8335,-393.5045,-85.2688,-68.2159,31.2324,-38.2841,23.5835,-208.8311,-268.6031,-230.8552,-88.6441,67.3926,15.1024,-328.5019,-130.2356,-151.8106
-199.3096,-103.1305,-350.4653,-238.5054,-387.1943,-131.4159,-144.1163,17.6760,48.5247,47.0709,-223.8479,-305.7181,-327.7396,-173.5522,-81.1577,-22.3962,-383.9298,-170.6538,-188.6635
-257.7720,-209.7614,-374.6812,-284.9017,-355.2133,-207.6355,-209.0809,-41.1958,35.6832,35.9455,-209.1402,-308.7556,-341.5779,-338.4975,-156.6060,-60.3915,-415.1594,-202.9567,-194.1833
-233.0924,-239.1667,-352.3764,-301.6223,-220.7052,-183.9078,-133.6701,-6.3609,-14.8927,68.3946,-190.3625,-253.3823,-262.6785,-343.5869,-96.1301,11.7363,-402.4787,-112.8822,-131.6061
-229.5338,-237.3842,-362.3736,-270.7869,-84.5877,-46.8596,-44.3090,117.9159,-40.6288,98.0361,-230.2453,-238.0705,-242.0488,-302.3804,-98.2361,25.6163,-420.0952,-6.3952,-103.5816
-324.1504,-339.0366,-434.8374,-315.3417,-51.6568,-29.1787,-52.9321,123.3372,-27.2854,77.7927,-264.8961,-303.1846,-272.8842,-410.6870,-155.5345,-166.6137,-426.6030,-66.5008,-82.7472
-359.3558,-336.3497,-371.4147,-275.2062,-13.3528,-26.2312,-21.2315,167.1474,31.4648,234.0655,-182.4088,-177.1757,-245.6322,-319.9879,-114.0180,-116.0897,-377.9134,29.4675,-54.7355
-346.6367,2.8119,-242.4989,53.0146,-57.3897,245.2526,-95.6456,431.5967,-167.1806,460.4691,-257.0016,182.1553,-357.7566,54.5230,-280.3656,302.7680,-560.7915,382.3121,-358.5765
-635.4710,110.9812,-519.4716,86.5342,-498.5341,265.6032,-635.6013,326.1817,-871.2448,78.9044,-791.0284,79.5720,-833.1960,-153.5896,-922.1506,176.2551,-1121.6056,163.1521,-1056.7092
-1144.5364,-573.7053,-1135.8748,-670.5790,-1092.3385,-522.2282,-1240.1315,-494.3492,-1411.3256,-782.4949,-1303.2314,-740.8141,-1293.0699,-1111.0146,-1379.9476,-730.4369,-1477.1395,-807.0178,-1395.9886
-1209.3735,-1252.9313,-1280.2622,-1292.8718,-1104.8245,-1231.2119,-1054.5587,-1028.8148,-951.8347,-916.4938,-1085.6075,-1193.2037,-1159.0646,-1440.7413,-943.9437,-1107.7904,-1075.8740,-1209.3253,-876.0107
-695.3423,-941.1198,-658.9567,-834.7589,-472.6576,-831.1458,-231.6132,-518.9184,-11.9370,-111.0830,-373.1516,-571.4278,-563.5707,-595.2599,-132.6293,-386.5811,-346.0242,-499.9133,-140.9667
-236.3046,-220.0038,33.5138,-56.3047,80.1894,-39.8380,251.0725,164.5929,305.1856,418.1478,90.3896,124.0030,-130.2117,89.7437,159.6417,269.3250,-9.4569,96.4398,74.1654
-101.3757,-73.4437,246.1586,44.5140,179.9762,51.4456,146.3306,161.8448,116.3526,229.0849,193.1861,-40.9099,-64.2505,-116.8606,51.9725,179.4276,-29.9484,-74.7478,-40.9139
24.3328,-261.0711,170.7257,-163.5109,110.5757,-226.3829,13.2814,-82.4797,187.0405,79.5758,253.4246,-513.8298,-110.9900,-361.3938,99.4907,-11.4446,-12.3086,-252.5695,-56.9953
170.3320,-271.2491,85.3992,-137.1324,86.4511,-218.2312,61.0212,-75.5196,401.1469,195.0509,306.2569,-607.5314,-128.5996,-212.8723,231.8741,52.9173,30.9356,-104.2078,-16.6838
99.5755,-292.2318,-14.5175,-106.8326,52.6487,-99.0248,59.2120,-23.2596,290.8601,192.5385,263.7355,-501.6268,-147.0866,-144.4674,184.6770,67.9318,-53.4802,-57.2852,-45.9654
-69.2097,-400.2065,-118.6530,-183.4946,39.6732,-79.2711,8.4967,-23.9000,101.7475,146.5826,214.4990,-426.7664,-124.3054,-189.9245,109.3776,-14.8281,-138.3160,-107.4966,-54.1611
-88.6943,-335.4507,-142.4906,-154.1668,132.5063,-13.2744,60.6677,48.1620,189.0846,228.3286,225.2465,-323.1239,-26.3071,-67.8542,146.1331,-38.9932,-93.9282,-24.3911,7.4438
-26.1186,-220.1052,-110.9777,-103.0093,264.7649,60.6415,145.0071,102.2468,340.8182,234.4750,240.7330,-250.9673,65.6691,47.9477,153.2431,8.3860,-29.2812,33.5585,74.8303
-20.2747,-290.6941,-103.4118,-154.4809,332.5879,38.5819,153.0519,90.6241,345.3662,160.6983,229.1121,-238.4611,103.2180,-4.5914,109.9220,133.0912,-48.5034,-13.2832,123.2340
-35.0902,-363.1594,-113.7757,-164.5521,332.0866,30.8355,146.5679,137.9566,308.6971,204.4364,217.7625,-159.9602,127.8636,-39.8036,143.3974,230.7652,-88.7279,-2.3825,161.5256
-16.6231,-274.3292,-80.9022,-93.2812,299.4966,73.5148,173.3354,208.8317,227.4962,251.8142,245.5733,-59.5343,147.1604,14.2517,189.9454,124.6889,-63.9834,44.9446,182.7661
26.3356,-159.9674,0.8849,-25.4913,256.1152,89.8105,178.5845,204.1166,41.1489,172.6913,303.9833,-54.8654,125.5992,55.9294,128.2732,-34.3553,22.3159,37.8670,187.9029
69.5857,-98.1518,52.2070,43.2512,205.5002,85.3143,154.3126,169.4086,-52.6086,121.9607,306.2373,-72.2699,68.8618,47.5359,47.6634,-3.2835,106.5654,19.8932,186.2704
67.2836,-69.9276,16.6345,55.4276,132.3385,36.8389,142.2701,117.6158,84.0309,167.6399,217.2740,-38.4139,4.5118,-15.3070,63.2689,102.4656,126.5787,-22.3290,166.2410
7.5707,-87.3596,-55.8731,-32.5296,37.1130,-82.6691,114.4556,19.3605,255.6282,202.6578,133.0499,12.5282,-59.2150,-79.4204,126.4264,117.9331,75.9126,-115.3788,90.5577
-38.6991,-99.6587,-104.9815,-78.6540,-55.1311,-160.8359,27.0989,-67.9961,282.7581,174.2294,112.2772,73.3751,-103.6796,-69.1409,156.2206,83.3842,3.3513,-187.7173,-40.8339
-22.3696,-98.7558,-140.5790,-68.9029,-139.0099,-157.6910,-68.8569,-129.0934,189.4026,56.3760,101.9725,118.5218,-106.2926,-56.5356,137.0491,-0.8528,-53.1370,-245.4781,-138.2425
7.4411,-174.2431,-171.5125,-150.0644,-212.9336,-162.5829,-99.6624,-182.2678,21.4892,-91.5264,81.1192,121.2703,-86.0158,-83.0541,97.0500,-114.2050,-93.7169,-308.3006,-129.9648
-6.2287,-227.8481,-182.2664,-219.0337,-233.3604,-117.7492,-66.2910,-134.8955,-116.6830,-82.2384,79.5510,157.2769,-69.4840,-26.3157,99.6178,-108.4228,-112.5064,-248.7803,-62.8231
-23.6377,-87.1569,-166.6469,-109.9369,-157.4331,60.9936,9.8011,29.8150,-47.5752,55.1338,94.8181,227.3184,-37.6223,82.2042,161.0649,-17.1178,-75.3690,-49.9102,15.3031
32.5417,87.2575,-87.2884,30.1405,0.8324,220.8461,121.9631,144.1667,170.3188,67.2622,127.9743,225.3374,29.9374,84.0623,206.0182,-16.4461,37.7402,108.1017,116.1644
119.7032,62.0730,77.6825,77.0241,188.5712,239.1675,216.7661,136.9858,239.4608,-58.3759,188.1432,217.4555,107.0347,58.9583,199.5098,-55.0214,182.7972,180.2665,185.8597
115.3284,-47.2767,224.4252,144.3317,346.0052,236.1815,234.3126,102.9187,59.7763,-144.8882,230.2549,313.7046,167.9680,119.6471,182.3981,-24.2248,273.9595,255.7289,159.4985
44.3068,-64.3409,258.0415,229.5050,437.9174,292.5128,216.1495,93.0310,-155.5174,-191.9288,224.9870,373.7033,221.8836,137.3454,155.7671,-24.4287,281.6325,315.8669,119.7886
45.4941,-35.9235,262.0296,225.5455,485.5375,333.6541,236.4645,105.6879,-207.1230,-240.1492,230.1908,297.1843,270.3188,73.7150,110.7159,-100.9352,266.1552,333.9151,149.8416
115.5449,3.2040,332.0145,203.1307,515.2074,331.7229,265.3282,132.6060,-123.2446,-218.8846,287.9799,259.1965,289.3785,75.8113,88.1763,-127.8381,271.2304,353.0959,171.6976
157.1048,82.8438,413.8726,229.0920,490.1426,312.9265,233.4477,113.0431,-65.6756,-145.8245,350.0318,337.2846,266.3790,108.0326,83.4501,-91.8304,264.8315,330.8345,132.5984
178.8793,112.0935,446.5518,207.8438,384.8075,258.5639,166.1978,31.4429,-105.1351,-103.5451,355.2551,367.0561,221.4790,36.9816,58.3622,-93.9236,234.0857,215.1571,112.9505
199.8088,24.6998,444.2574,118.6754,268.0392,169.8079,132.3146,-31.7033,-145.2205,-74.1278,304.6609,279.8438,194.9501,-50.4224,46.3833,-115.4384,217.4948,95.7215,130.6381
170.4862,-52.3458,406.3623,58.2280,198.4449,92.4308,129.1832,-63.7179,-110.7290,-45.3365,251.1814,178.1065,200.7023,-35.7021,64.2247,-86.3040,211.7631,38.3092,99.0203
132.3547,-16.4131,346.2136,52.5707,125.7566,39.0992,112.8638,-122.9578,-45.2257,-52.3768,236.5583,140.2213,189.5880,10.5967,60.1376,-65.4470,186.2993,-16.5773,8.9168
172.3367,47.7397,320.5424,63.5184,-1.8935,0.6889,73.1960,-193.3295,18.5598,-72.7017,237.3693,168.6109,118.1624,14.3102,53.7167,-132.0114,163.6162,-91.0013,-66.9597
224.6880,31.1480,305.1364,48.4289,-140.1029,-19.5682,14.7238,-249.3046,42.7732,-102.1488,204.5187,196.5613,33.3349,6.4327,91.6312,-206.2742,147.8687,-151.7446,-111.5897
181.0842,-61.2527,219.2854,-38.8314,-220.1244,-47.2533,-59.7216,-325.3274,-39.2937,-174.3008,144.2429,150.4656,0.2036,5.3642,101.0230,-181.5482,80.8737,-212.6327,-149.6191
71.7251,-155.2033,106.0466,-162.0828,-209.8705,-107.1001,-106.2103,-395.3032,-107.9847,-220.7496,113.5328,88.0398,12.3270,-2.0022,30.2629,-137.6590,-17.5793,-256.8323,-164.5039
-19.1263,-184.6618,80.3782,-208.8678,-100.3173,-139.5346,-73.0116,-390.9853,4.6784,-178.9044,152.5141,108.4317,53.2260,-6.4998,-37.7573,-176.2533,-39.0502,-200.5251,-137.9988
-50.2650,-148.4093,136.0435,-150.2916,69.2496,-86.4485,7.4998,-345.9400,100.3721,-142.2540,230.9532,167.5259,123.2441,1.9127,-63.0139,-194.1063,26.7650,-59.5499,-106.5780
-21.8496,-112.7701,177.2928,-57.4129,217.5074,-21.4560,64.4318,-320.0852,-44.2254,-166.9244,259.0449,193.0925,172.9111,12.8183,-84.7025,-115.4242,96.0815,35.2360,-91.1830
11.1359,-121.3970,172.8273,13.4843,313.0194,-18.5800,104.1833,-273.1311,-140.8564,-157.7745,200.3312,217.7504,166.8048,25.3837,-77.7060,-77.3217,154.3312,50.0744,-38.1911
6.9829,-138.3241,167.9337,48.9872,379.6342,3.0690,169.3866,-163.0339,76.6558,-61.6899,136.6821,249.1580,166.4218,64.2449,-19.9221,-114.2000,220.0682,78.2012,76.3599
-1.8281,-127.3158,199.8341,60.3304,411.5463,97.5410,240.6380,-42.4499,309.5509,71.8989,138.9657,228.0535,206.0437,124.8689,21.1884,-67.4958,248.1174,138.8805,169.4917
-9.8287,-120.9901,256.2343,64.6671,388.1987,147.3251,277.9319,24.3298,315.5362,187.4271,170.9682,156.5320,223.8206,135.8029,21.5333,46.4379,218.7854,146.7898,175.1837
-41.9635,-147.5438,302.0771,54.0347,328.8424,97.9494,282.8212,30.0495,304.6486,223.4418,191.1467,95.0778,201.5390,63.5916,37.9803,59.1520,182.9843,86.6606,131.9565
-42.4360,-163.9213,312.2484,26.0000,247.2362,62.4103,268.5155,-3.9414,357.6196,161.4049,199.4335,79.5262,179.1604,-11.3199,87.2261,-7.0287,149.3396,33.2250,83.4649
13.2330,-132.8084,261.1479,7.2876,130.4433,71.5519,246.8540,-45.1992,300.2714,92.5438,167.5886,101.3712,135.9344,-32.2744,135.8996,-50.4603,80.5801,9.5213,30.5575
22.4155,-90.5141,147.1149,-8.4094,-0.6012,44.5733,230.7132,-68.6515,183.9156,68.6418,87.9661,105.1684,46.5411,-47.1254,148.2446,-128.5374,3.0408,-24.6649,-17.1921
-34.8355,-83.7791,54.9602,-51.8171,-103.5012,-0.5321,190.9542,-101.4629,163.9209,5.4180,36.6887,56.9706,-40.2234,-70.6591,98.9608,-303.8116,-19.0482,-83.4994,-66.3305
-50.7367,-114.9258,66.7021,-100.4396,-176.4535,-2.4987,83.0607,-182.2022,154.0891,-128.6634,54.8534,12.0572,-97.6902,-54.5124,18.9081,-514.9085,6.7188,-146.7329,-139.5039
-32.6495,-167.4330,103.9000,-119.6424,-228.7936,15.6377,-54.6975,-261.9593,61.9930,-221.4982,73.3715,1.2904,-143.0401,-16.9749,-32.9972,-688.6303,11.9776,-177.8309,-192.3221
-74.8693,-216.4092,37.4997,-123.8799,-234.8249,40.6863,-120.7315,-258.0283,-16.1552,-204.9896,31.7484,-34.8565,-152.4519,-22.1817,-58.9793,-803.6248,-32.3272,-138.3717,-169.3236
-149.1488,-229.1378,-90.2146,-121.6237,-167.7764,76.6619,-66.8466,-195.7242,-2.4191,-144.9232,-39.6599,-98.0377,-109.3183,-69.7852,-69.3496,-886.6299,-80.9892,-50.9643,-116.5297
-181.0800,-194.3065,-150.8616,-95.1817,-37.9200,73.9087,62.4768,-157.1863,76.1784,-103.5683,-80.9358,-117.1149,-56.7240,-119.3582,-32.1742,-963.4023,-82.6946,12.4520,-101.9176
-167.4166,-126.7288,-136.9098,-49.4651,109.7712,39.0154,173.4381,-145.1678,136.3025,-73.1586,-79.9098,-98.9971,-18.1826,-150.8632,26.9794,-985.0010,-45.5546,37.4382,-125.7803
-105.4860,-61.1784,-112.3374,2.6993,217.6694,41.1868,192.8310,-137.9700,65.7916,-61.8984,-79.2130,-86.4132,5.9328,-161.6098,39.1691,-935.0316,-4.0289,58.2166,-169.8840
-10.4626,-48.9453,-88.2676,61.5574,262.3664,53.5235,140.0441,-156.0866,-92.7446,-97.2306,-103.1421,-61.4802,-6.8559,-155.4163,18.1243,-898.4811,37.5034,71.8261,-195.1210
39.6244,-94.4473,-56.4878,111.2737,272.4861,32.4796,111.8062,-171.2817,-103.8679,-133.1883,-110.0970,-28.4424,-26.6514,-133.4575,9.6879,-861.4489,85.4468,66.8032,-139.2697
24.1118,-134.2235,-24.9113,129.4113,274.1000,33.1455,173.4738,-131.4399,81.1955,-112.5088,-72.5702,-19.3689,19.7061,-102.3979,6.1802,-743.7521,127.3456,56.4967,-29.2547
0.4234,-151.6147,6.9123,107.8053,255.8272,52.8128,294.5331,-91.0541,181.6638,-95.9462,-28.6506,-14.3366,102.2334,-83.0788,4.2331,-660.5027,145.4591,28.4182,44.9893
-17.5831,-199.6817,27.9569,42.2270,203.8036,21.6407,382.3568,-106.3757,41.1394,-139.2866,-2.4719,-24.1334,127.1547,-62.2321,10.7653,-711.9191,125.7676,-29.9976,84.5616
-33.3556,-264.4074,18.6123,-35.1015,129.1612,-4.3754,361.0439,-100.7466,-106.4659,-150.3107,12.4472,-95.9704,94.6218,0.8494,5.0149,-720.3382,73.4519,-66.8408,122.5209
-18.7647,-271.5404,3.5564,-47.3866,57.5626,59.1420,237.1189,-32.9678,-53.3782,-90.0200,0.0546,-148.5601,52.3733,75.4214,-11.1554,-605.8384,30.5279,-31.5520,108.3270
0.9685,-226.9187,22.2294,22.8525,11.0289,144.2307,79.8935,-8.8893,9.2632,-102.0695,-24.3119,-79.1671,0.2335,83.6633,-29.7687,-571.1532,26.6079,45.6402,22.3486
-24.2840,-191.6740,59.8417,94.6270,-3.6921,163.7176,-58.2601,-80.1899,-169.1077,-232.7803,-1.1384,4.9592,-46.9282,24.0185,-84.2053,-640.5721,34.2669,102.3120,-57.6059
-65.3641,-181.3840,75.6536,104.4190,16.1710,133.2972,-152.8681,-147.1476,-442.3965,-317.3387,47.7380,-24.5952,-41.4566,-38.1334,-151.7905,-599.9078,15.2924,114.3271,-90.1586
-92.9396,-188.9663,55.4910,67.2901,69.9566,95.9272,-175.3264,-131.3173,-518.1847,-274.9075,41.9233,-79.4477,7.1647,-52.3783,-155.7012,-443.3074,-47.0326,94.7417,-104.9565
-139.0830,-207.2104,0.4363,10.0464,113.2252,76.3360,-132.0739,-78.5899,-421.0586,-206.8826,-3.5632,-69.0700,38.0689,-28.7467,-128.3855,-352.0583,-153.8678,55.3869,-124.5380
-188.6720,-207.7505,-76.6402,-57.6238,81.9875,49.6634,-94.9216,-78.2983,-330.2519,-191.4417,-26.1417,-65.5323,17.8493,-50.8689,-144.4489,-365.8398,-251.2508,-6.2197,-163.1988
-189.6586,-182.5465,-131.5654,-107.8785,-5.6684,-40.4944,-122.7213,-151.3013,-261.5498,-220.6309,-39.5756,-97.4577,-46.0886,-147.5296,-156.5438,-381.6106,-258.4704,-68.9815,-217.4706
-172.8857,-161.2300,-126.1079,-109.8368,-73.0068,-134.9137,-192.0249,-224.9496,-218.1689,-252.9785,-71.8458,-93.8654,-125.4820,-190.5707,-134.3667,-292.7286,-195.8808,-92.6625,-244.1444
-188.4132,-158.6873,-95.0256,-82.9425,-118.6063,-121.5638,-247.7964,-244.1081,-274.3778,-236.3695,-109.0539,-56.7184,-188.3569,-121.2971,-164.9553,-107.8069,-164.5974,-96.9562,-237.6944
-202.6163,-171.0611,-127.8255,-90.2734,-200.3726,-70.3649,-280.1239,-251.4655,-353.4518,-192.5429,-157.3364,-33.7812,-221.7169,-86.8654,-237.3077,-6.4175,-202.1838,-142.5137,-244.7156
-186.5282,-192.2166,-260.1530,-172.5796,-314.3504,-101.0191,-301.3770,-278.6620,-321.6829,-195.6222,-229.3228,-20.6715,-225.3302,-136.7384,-210.9982,-76.3412,-285.5353,-222.9071,-259.3696
-188.0958,-206.7086,-418.4016,-305.8340,-410.9654,-147.2879,-292.4768,-284.9398,-254.7126,-215.4008,-295.5926,-30.2791,-203.0863,-129.4393,-90.7752,-135.7907,-392.6513,-288.2861,-244.3385
-240.1830,-222.0737,-501.2952,-418.1442,-474.8051,-137.2686,-259.6508,-266.8454,-267.6761,-187.4252,-332.2177,-78.6371,-186.2049,-54.3720,-49.1531,-77.0023,-470.0860,-320.3820,-220.6327
-298.7639,-253.9735,-481.0132,-443.6498,-508.9661,-124.2399,-282.1401,-251.5852,-288.4119,-160.9114,-343.3516,-92.7963,-216.8591,-27.1588,-152.3600,-26.9928,-474.7682,-298.6233,-203.9651
-305.9913,-251.8348,-405.8908,-386.5133,-513.6414,-101.4014,-377.0384,-201.7292,-235.7725,-162.1550,-331.3262,-30.5458,-290.5939,-33.9326,-283.0157,-14.3382,-455.4966,-222.5203,-162.3823
-252.6809,-172.4927,-346.4798,-325.9218,-504.1047,-38.8036,-435.9538,-109.1222,-181.5957,-129.2451,-312.9029,11.2396,-360.6698,-38.9855,-332.2663,50.7777,-454.5648,-177.4685,-116.1912
-168.8645,-88.1529,-335.4189,-314.8829,-481.5109,-30.5979,-426.0179,-61.3503,-212.7507,-90.4814,-304.4463,-32.3499,-391.3185,-95.6386,-320.8798,114.8213,-427.1619,-207.4182,-123.2019
-93.3742,-69.0613,-332.9060,-308.9861,-411.1656,-103.9962,-439.0972,-79.9566,-285.7524,-107.9370,-275.9811,-84.7614,-372.7267,-170.8013,-312.1561,113.5730,-361.9948,-214.0921,-153.3866
-65.8374,-82.1634,-291.5779,-253.4916,-280.6773,-131.5612,-461.9689,-80.8675,-282.0978,-109.2099,-212.9048,-85.3152,-308.1077,-191.9161,-312.3375,119.1989,-315.6923,-138.7855,-138.3796
-101.7038,-102.0238,-239.7020,-180.1022,-135.5780,-90.5516,-405.1253,-46.1955,-187.8909,-49.0331,-167.3281,-77.9245,-216.0377,-210.9742,-310.0373,144.8043,-295.4495,-70.2411,-98.1012
-146.1187,-135.2339,-217.3076,-158.5215,-31.6701,-88.5357,-334.0700,-38.8712,-113.6089,-9.5297,-164.3919,-102.9518,-134.9525,-248.6516,-312.2884,146.4633,-275.8709,-75.5291,-82.1064
-122.8880,-137.5408,-195.9153,-207.0611,14.4249,-132.8203,-335.5605,-66.7368,-66.3595,5.1714,-162.0885,-133.8399,-100.0005,-228.1101,-296.4884,176.8642,-275.5873,-113.5673,-68.4806
-54.1284,-89.7461,-155.0957,-276.1407,27.3311,-143.1831,-320.7462,-76.1921,63.6970,61.6075,-140.3320,-131.1929,-102.4032,-169.4311,-245.9607,241.5751,-297.3439,-130.8914,-29.7356
-24.7151,-50.2810,-125.7211,-298.7473,41.8609,-99.8747,-236.2042,-43.2101,211.9073,107.4373,-116.1351,-95.7695,-97.3242,-137.2547,-208.4263,247.2155,-304.1395,-111.2130,-11.2017
-32.0324,-32.4892,-99.8089,-273.0100,61.7126,-45.7175,-187.4047,-16.9504,177.1479,61.9606,-92.8804,-57.0559,-73.9359,-93.4381,-199.9424,220.6937,-286.6382,-81.1022,-59.0252
-10.6274,-5.8798,-41.0552,-252.3294,54.6132,-29.1076,-219.2635,-74.0564,-41.0541,-54.5785,-74.2410,-20.7383,-72.1456,-29.6227,-181.9274,248.0969,-237.5949,-93.6112,-143.2474
34.6420,0.2681,23.0711,-221.9518,2.9738,-46.8410,-281.8625,-205.3500,-265.6441,-203.1395,-64.2240,25.9736,-103.4106,-12.8717,-190.5796,265.9802,-127.9267,-134.3302,-214.7045
60.1398,-26.0574,53.4589,-117.4032,-54.7454,-44.8927,-360.7755,-313.7308,-386.4682,-337.3663,-38.9972,48.8650,-117.6643,-40.9538,-257.6628,208.2328,4.5587,-121.3576,-271.1192
68.8387,-25.0631,65.2830,12.3142,-58.2050,-26.5904,-407.1602,-362.4217,-393.8694,-378.2451,2.8300,5.7142,-76.9248,-71.2177,-263.7244,156.5055,72.7700,-45.1815,-312.2028
60.3098,5.4682,61.7215,57.7407,3.0872,-38.5508,-335.7177,-382.2037,-339.8075,-319.9233,13.4560,-49.8149,-3.3581,-83.0534,-135.1092,177.0863,73.6199,22.7038,-298.5761
8.9654,10.9708,26.3275,39.3850,84.4641,-42.3759,-183.1593,-344.9644,-273.3683,-224.9402,-19.3104,-37.0111,64.7013,-44.8308,2.1368,232.6057,62.6868,47.3877,-220.8831
-58.4424,4.2329,-15.6198,35.6554,148.4032,-2.6935,-55.4727,-234.1927,-164.7457,-126.9552,-54.1857,7.2661,112.3057,-2.5073,49.0540,270.8276,36.4486,34.8491,-155.6872
-98.0313,3.4142,-49.8715,21.6104,180.4109,-8.5864,-3.0494,-159.5800,-52.4214,-77.1330,-84.9375,-11.6017,125.6640,-60.9668,33.4560,250.4231,-33.7798,-9.3610,-182.3826
-149.9794,-46.5333,-110.3655,-40.3380,160.7625,-108.6910,-57.1501,-202.4536,-71.3836,-127.0356,-137.3945,-93.6582,87.4567,-165.7022,-31.1495,171.0022,-112.9263,-56.5073,-273.0375
-255.3569,-148.3551,-185.5659,-96.2011,94.7822,-213.2132,-185.2362,-289.9099,-148.0701,-214.3724,-193.1835,-158.8486,26.2283,-203.5588,-104.0369,112.2906,-130.3890,-79.0626,-330.3401
-329.2395,-201.5819,-211.4695,-95.3902,31.6274,-268.5099,-268.4118,-344.9135,-113.7160,-265.7053,-209.7968,-162.4653,-3.5585,-240.1201,-103.2024,123.1143,-62.2905,-94.0205,-320.1582
-278.9109,-155.8140,-177.4092,-54.8168,-15.8412,-300.0994,-301.2320,-369.6491,-110.9946,-298.4427,-183.7243,-132.8803,-27.7200,-315.2082,-91.3833,141.4450,32.5618,-116.9491,-289.6402
-177.6496,-80.0822,-131.1799,-17.3496,-89.9697,-293.6089,-372.3275,-348.4729,-271.8139,-287.6823,-146.1397,-116.9522,-119.9025,-296.0948,-173.3882,115.0748,61.8408,-139.6425,-259.6677
-161.1100,-55.2405,-115.5156,-25.1412,-187.7143,-233.2757,-418.7326,-264.1115,-331.2567,-194.0382,-132.4843,-117.0222,-238.6642,-176.8719,-255.0477,82.1733,10.7970,-173.1512,-200.0992
-220.1735,-80.6580,-143.5556,-72.0857,-260.9835,-167.2589,-358.0528,-173.3216,-162.2042,-119.1916,-152.9275,-102.9675,-274.9299,-107.3189,-240.8735,84.3997,-33.1964,-219.8743,-114.2465
-243.1693,-96.9788,-172.8113,-82.7061,-310.2572,-125.8478,-303.9865,-127.8874,-59.5226,-141.8984,-168.0238,-67.8726,-249.2475,-84.6741,-225.9856,104.1729,3.4826,-228.4746,-41.7555
-195.9557,-71.8893,-138.4204,-18.9993,-341.9330,-89.8488,-322.7223,-109.5102,-142.5130,-177.3588,-137.2172,-22.2975,-243.9075,-19.7840,-252.0936,111.8471,100.9693,-167.1394,6.3644
-130.6246,-27.9868,-61.7544,61.2081,-301.2713,-59.5060,-303.0787,-106.8303,-232.9053,-191.2003,-89.2061,28.8266,-219.9944,51.2561,-242.3665,116.3222,186.7379,-93.3616,23.4209
-79.9299,19.5915,-24.5802,100.7698,-177.3262,-66.5966,-243.4025,-139.5632,-284.1709,-231.4900,-70.8229,61.0236,-123.6445,79.5920,-227.8809,133.7865,200.3696,-75.3995,-16.0673
-46.1554,78.1092,-30.2436,102.5155,-55.8102,-125.2133,-256.9904,-187.1489,-285.2277,-226.5981,-60.5500,51.3096,-23.8947,70.3518,-257.2752,135.8303,151.3405,-90.3272,-78.8650
-32.8894,125.0089,-23.4495,101.4893,22.5211,-194.5178,-299.9139,-194.7541,-138.1712,-111.6949,-22.9607,27.5356,21.5829,3.3055,-235.9524,102.3138,130.5896,-69.4668,-79.6329
-21.7435,143.2095,-4.7920,139.9912,98.4483,-213.2254,-259.1604,-151.1756,37.6744,-5.1571,13.4960,21.7103,40.8529,-89.9479,-140.5326,84.6489,188.1495,-18.2281,-18.1242
16.5528,178.1713,-1.3378,209.6311,153.0581,-196.1202,-172.9309,-104.7304,46.0544,13.7426,19.6030,28.7820,30.7237,-130.5414,-99.7148,108.4336,237.0828,-12.0119,10.1094
60.4035,250.9722,6.7836,232.3274,116.5988,-217.8858,-135.8521,-106.1969,-5.0744,27.1264,21.0365,46.6630,-23.1823,-153.1839,-131.0709,107.6513,192.2088,-74.2763,-35.6423
64.0110,292.2023,41.7173,179.6386,17.4013,-277.3799,-155.9157,-157.0552,49.2961,55.3365,29.4102,59.2871,-64.1410,-212.9815,-125.0503,66.3451,117.2708,-142.1254,-94.3682
49.6080,262.1340,79.4440,122.4609,-60.5604,-300.3857,-191.8134,-221.5207,142.2509,18.3508,25.9169,29.7552,-67.2696,-231.8426,-78.3457,65.0760,108.7189,-159.9865,-121.0362
84.0760,226.9581,97.6599,107.8092,-125.5215,-256.5808,-230.6507,-277.5130,156.3608,-81.4248,37.6964,0.7754,-81.2479,-156.6261,-76.3885,115.0845,145.8341,-132.2087,-148.8106
156.5554,233.1144,112.2599,110.9548,-215.3867,-159.3492,-298.3641,-314.3035,42.7797,-161.9160,99.4347,47.2633,-94.5847,-58.7797,-123.5917,143.4400,155.3579,-89.7289,-195.2869
171.9643,223.8186,123.2597,101.8784,-277.1253,-34.7841,-363.0912,-298.7545,-132.5468,-177.4074,154.3419,107.6843,-50.8203,13.2364,-139.0422,140.0404,111.0568,-66.0084,-199.8986
99.4536,154.1039,83.5237,55.8380,-264.9294,47.2545,-309.1476,-224.2160,-155.0807,-144.2044,137.2538,92.6020,23.5253,66.9571,-68.4043,138.7281,27.8862,-83.9539,-139.9509
38.6356,87.5969,-9.6710,-23.1765,-236.9581,36.5500,-149.9315,-160.5699,-5.9150,-115.5236,100.2020,65.0912,76.3143,106.1714,28.8984,136.2347,-45.3029,-124.3104,-108.3948
69.9159,102.0215,-62.3803,-56.9160,-232.3729,-13.3927,-66.7411,-158.9346,46.8979,-110.9109,115.0308,80.3642,119.3018,147.2010,47.0895,143.8642,-50.2550,-134.5740,-155.3340
126.0801,169.1656,-22.8798,1.0229,-208.2749,-36.2464,-87.7301,-171.7191,20.5155,-82.2454,148.2556,70.5577,157.7322,166.5977,20.7571,183.0574,-1.3065,-96.2877,-190.9801
115.7118,211.1214,23.4682,68.3209,-166.1653,-50.0706,-65.2063,-157.1074,192.0197,-18.4677,152.6558,38.6341,165.5324,100.4032,75.9196,211.9296,25.2953,-57.0956,-170.1573
78.2802,224.5108,-4.4946,70.4555,-157.2544,-95.8520,-12.6658,-148.9877,397.6367,19.7187,147.3951,55.5172,155.8842,5.9992,174.1108,197.5448,-1.7097,-71.1669,-174.4083
82.4817,252.6174,-78.3842,41.0225,-162.2158,-179.2061,-44.1436,-155.9964,277.7874,20.6488,122.4527,66.8912,150.6719,-2.7432,177.8163,186.3796,-57.6493,-136.9014,-217.2346
82.5364,275.4150,-146.6554,4.5636,-143.4126,-287.0876,-94.1288,-141.0958,9.9065,26.3657,34.7108,19.6118,125.4222,9.7068,120.6091,203.8800,-118.7292,-223.7362,-208.4327
27.8822,238.2390,-180.5940,-60.6016,-133.4836,-386.5539,-73.9708,-120.6926,-74.8356,36.2010,-60.5363,-2.1903,74.5247,-64.6305,97.2902,220.2042,-159.9768,-305.3048,-145.6304
-14.9847,161.9458,-162.2896,-123.1169,-132.7534,-434.0665,-43.3703,-127.5600,-70.3692,45.6256,-67.1203,-3.9359,44.4039,-138.2473,46.9611,246.3274,-169.2949,-330.2957,-108.0021
1.3033,118.0103,-135.7766,-136.1243,-75.2211,-419.7239,-12.2078,-127.1100,-83.0602,86.9038,-25.4629,-105.4242,56.4732,-110.9945,-57.4692,304.7684,-185.1573,-261.9547,-101.0619
-0.4126,115.7884,-158.7124,-132.4229,20.6399,-366.5096,77.9566,-100.2536,17.7261,142.7991,-38.7665,-233.8192,85.1355,-63.6896,-75.4992,332.8078,-237.5975,-170.8467,-83.9436
-61.7677,107.3611,-184.2638,-156.0660,53.6803,-291.6077,163.4706,-87.2401,177.5422,148.2149,-85.7343,-205.5600,108.7220,-78.0502,21.0185,264.2706,-283.4594,-147.4583,-49.6232
-88.9624,82.3019,-151.5205,-181.9300,13.9171,-200.5269,175.0394,-81.9854,218.3525,99.4457,-81.4327,-75.6543,113.2532,-98.3527,76.0165,157.9814,-265.3796,-150.6049,5.1471
-13.7340,75.9196,-99.4569,-170.0702,-7.7292,-105.5418,177.6082,-48.9537,216.0202,50.2908,-24.4734,-6.6405,93.2978,-37.4155,53.2720,127.1345,-177.2603,-102.9916,63.5802
99.7110,101.7704,-50.0066,-115.3478,41.0243,-23.2218,191.6425,-28.1376,250.5220,29.3225,43.5658,43.3212,94.5811,122.0579,43.1424,178.3078,-55.2752,-33.5070,59.4434
164.5270,139.8909,36.3826,-32.9084,128.7789,45.5913,153.5078,-59.0096,184.2048,31.0959,109.2033,164.7340,173.9987,287.1273,26.3331,214.0756,45.2673,14.1227,-17.9466
165.2791,174.9400,135.3510,51.3785,203.5053,103.6703,106.0899,-91.5744,42.9788,50.1319,158.8930,262.9355,291.0655,322.7175,-18.2084,194.9521,99.0170,51.5097,-75.4240
135.3754,206.5870,194.7846,119.9138,249.0123,125.5754,130.6775,-82.1307,58.9821,89.2496,180.9408,240.1216,337.8272,256.0058,19.1199,202.0787,137.9509,64.0470,-61.6231
116.1162,238.9967,220.1370,173.2480,264.3996,90.7940,161.4496,-51.7224,197.9241,140.8214,180.2746,184.7343,283.9061,255.2149,132.4248,283.2694,165.6352,34.0545,-44.9462
115.5075,270.0409,190.1014,191.8586,217.5838,27.8955,117.7666,-31.7661,230.2796,171.8099,143.3057,197.7805,196.9426,325.6318,156.2868,343.2231,126.8816,-4.6945,-81.7960
101.9096,283.0593,84.9669,149.0337,106.8961,-47.1361,75.2971,-55.9016,195.8714,155.2138,68.3061,218.6497,135.2750,291.1612,97.2199,287.2524,34.8576,-56.8068,-121.4073
75.2951,273.1079,1.2134,80.1302,19.4352,-167.2648,116.3731,-133.8524,248.6126,105.6342,9.5211,153.8540,98.9742,111.7562,101.1637,171.0555,-16.4517,-155.1467,-102.9540
80.9441,268.3599,-0.0103,44.4127,-3.9336,-312.5965,168.9224,-197.4426,287.7201,56.0085,-11.1430,38.4275,60.9619,-58.5975,135.0123,105.8358,-5.1694,-236.8449,-52.9691
118.3919,280.6312,-5.4304,37.5916,-47.0418,-386.3212,137.0274,-185.5352,198.7929,31.8262,-40.2318,-28.6017,7.4167,-110.2442,101.0610,108.0324,10.2219,-230.6652,-21.4153
139.2846,286.3219,-39.0111,37.2221,-142.1256,-343.7784,56.6414,-125.1188,95.0754,49.6415,-72.3882,-12.8797,-35.8722,-69.6253,60.1895,118.2986,6.1128,-189.7210,-2.6295
135.7353,294.2805,-22.8337,54.1063,-209.8838,-229.2117,11.9370,-45.4855,44.0677,93.0971,-59.7150,47.3167,-40.9402,-12.5230,52.6644,101.9631,-7.8214,-176.0124,19.8925
126.2605,327.9326,12.0458,63.2343,-232.1285,-96.7656,11.1749,45.1986,-0.5362,119.6415,-40.7225,90.3749,-36.7828,14.5301,23.5071,86.4468,-21.7945,-168.9822,34.3791
109.4999,338.4495,-3.6381,17.8917,-254.6793,11.4754,24.3947,92.2150,24.9314,114.2524,-66.2006,82.4387,-57.8326,28.5787,13.9807,114.8353,-9.3296,-156.6211,39.6957
105.4738,282.8395,-11.5891,-35.3772,-260.4302,65.7042,32.7133,68.0215,124.0278,85.9148,-84.2404,63.7588,-77.2069,58.8277,61.9764,175.8779,29.9384,-148.7719,38.2998
138.5242,231.2670,24.6818,-15.4394,-226.5370,71.3435,8.6427,26.0110,111.2953,46.1499,-64.0152,89.9198,-71.1699,83.7252,57.8358,217.2401,57.4321,-129.4725,14.3953
160.8924,239.5824,44.1660,46.1924,-175.3907,51.4373,-36.7506,-15.3324,15.9489,37.6341,-63.9655,124.3296,-49.6926,102.8575,-0.2064,225.2427,69.1624,-99.7568,-11.0406
118.2967,235.7872,54.5089,64.6500,-95.5308,32.8515,-25.5710,-65.4868,86.3956,92.3122,-83.7956,105.6772,14.0782,172.2961,46.3400,223.2875,67.3936,-76.7101,12.6345
52.8426,166.9964,97.3701,33.7028,18.5145,45.5151,63.7431,-57.0670,240.9401,156.9458,-61.5799,79.1402,132.7245,273.6866,168.9536,218.2583,18.3936,-46.7667,77.6282
34.4089,108.6571,124.3830,4.4123,106.3707,78.2821,151.5937,38.1911,204.5473,176.8857,-16.4427,111.4483,223.0744,309.6944,203.0588,224.5193,-33.6132,-5.7572,140.4518
65.2964,142.7694,119.6063,24.3631,140.1686,92.0716,184.6154,113.8407,74.4340,187.7958,2.4757,158.2103,235.9198,276.1451,187.5248,273.8385,10.4764,31.8471,183.3602
107.2985,248.2540,141.4665,107.4585,133.0303,89.8308,163.8280,118.3384,71.4926,222.8902,12.5334,151.5851,232.4841,252.5193,220.4343,342.7975,92.8501,76.7883,184.1589
126.5762,338.4910,167.3794,195.0132,62.0395,77.8681,93.0339,136.5861,108.7643,252.9544,11.6848,116.4060,218.7073,251.2590,220.1382,364.4705,82.9167,114.5627,146.8799
118.5196,357.9156,149.6153,221.1176,-49.1724,29.7426,29.3612,198.6573,102.2894,264.6568,-36.7064,110.7643,124.9184,233.6793,147.8216,326.1729,40.5311,95.6277,147.7662
122.0949,339.1509,146.3339,214.0915,-120.5114,-25.4360,37.9944,231.6603,160.8276,263.8689,-88.7147,140.1567,-11.6129,184.1660,120.9473,261.9081,79.2525,46.6115,206.5400
154.5118,332.9195,176.7144,205.7825,-174.3336,-18.3282,49.3191,215.9207,254.5343,241.2985,-79.7927,160.8494,-89.7716,102.5828,158.6870,194.4860,113.2641,42.0970,237.9457
166.6698,322.5303,139.0621,144.2765,-272.2240,44.7624,-22.9170,216.1290,254.3687,232.6113,-61.1569,127.2575,-117.5905,39.0326,159.5068,157.7172,31.3906,66.1383,225.7275
135.6631,301.2396,6.9961,30.6611,-361.9770,118.3452,-108.7213,269.0567,206.0495,284.8222,-105.6659,48.9496,-146.0837,71.6882,108.8352,184.6052,-94.3709,52.7907,226.2110
107.7671,315.9564,-116.9028,-43.5321,-409.5068,172.7222,-153.2713,323.4716,145.4979,329.7976,-171.6361,-15.2753,-162.1319,150.5213,48.7537,236.6265,-164.6402,1.4875,213.2174
105.8897,343.1732,-167.9010,-64.1370,-458.7871,158.1133,-228.4142,304.5058,-2.8638,275.4161,-188.4378,-36.3251,-154.6435,147.2628,-22.1047,239.3000,-178.7006,-40.5458,162.7681
113.8087,314.5345,-157.5185,-74.1205,-447.2563,88.6874,-298.4476,230.5134,-127.0767,185.9186,-165.6668,-25.7636,-130.6620,101.4411,-77.1944,181.8195,-144.3706,-36.0461,153.3059
130.9663,272.2617,-111.0717,-36.2915,-282.9434,77.7860,-217.1690,193.4025,-38.0524,172.6253,-138.1333,16.9841,-63.2410,155.2433,-62.9468,120.7306,-69.8094,10.4035,198.0400
135.6801,276.6542,-76.1205,63.0730,-69.0081,127.6082,-43.5868,206.7819,99.6891,199.2648,-108.5132,83.3720,46.2222,274.9159,-7.0883,114.4913,-6.0331,46.5774,203.5849
88.8522,283.7042,-92.6056,128.5327,51.9565,113.0694,21.8921,208.0959,20.3113,183.3070,-87.7668,127.1221,130.4304,307.0556,19.1562,157.1422,24.2854,48.3550,160.0448
38.3971,285.0801,-123.4092,123.1521,99.9452,35.4285,-9.3084,197.4553,-97.7767,166.3602,-102.8066,123.2967,150.0467,228.3820,17.5028,166.3410,42.6016,57.5162,134.9693
73.4743,325.7871,-106.2212,113.6196,115.9613,-8.3813,11.2027,215.1629,46.0158,216.2969,-138.8804,101.9318,122.4299,140.5459,38.1082,107.6740,45.8590,93.1360,137.3554
166.8326,346.0346,-48.7733,117.0728,79.9549,-21.4605,65.4364,246.9560,247.8059,281.4216,-148.9997,100.9950,61.7970,122.4291,81.2129,82.0861,37.5527,127.4988,156.4213
220.2646,296.5600,-3.6351,102.0861,23.2408,-25.4864,56.4367,267.8903,162.4532,280.1119,-131.9649,120.5905,-17.9654,169.8950,97.8757,149.7191,53.6731,147.9627,200.3786
222.8987,276.0172,10.3820,67.5871,-7.5315,2.8242,24.2283,273.5983,-19.6608,232.4643,-126.2204,116.6866,-83.5634,197.5221,70.9306,192.0206,70.0611,141.9720,239.2866
226.0642,317.1160,11.8179,6.1002,-33.6741,29.0445,38.4043,247.6538,46.2810,203.7954,-131.6680,57.5408,-114.5033,139.8498,38.2381,128.5607,15.7334,98.7727,242.6888
233.4101,313.5575,11.9943,-74.8448,-68.7530,39.3960,66.6549,206.5059,215.4805,205.2105,-119.6420,-13.1291,-114.4772,73.2339,33.3421,74.0766,-74.2206,62.9432,236.0373
227.5393,259.7950,16.9662,-104.3624,-82.6735,101.2664,85.5644,194.9657,232.5770,207.9116,-91.3745,-45.0607,-92.6045,97.4899,48.1063,102.0720,-72.5267,64.7453,249.2398
236.0886,243.5983,56.8019,-56.5231,-59.0628,184.9075,117.3982,185.2132,198.5081,188.5092,-52.0297,-64.4395,-63.4879,148.0935,52.0826,100.8927,50.2944,63.9907,274.0030
281.9101,266.2155,142.8665,11.5290,-3.7305,197.1550,119.8465,135.1194,193.1693,151.6934,7.4932,-74.1330,-47.4597,119.8889,25.4448,13.7555,182.5295,63.4302,267.5274
319.9936,306.6379,214.1225,89.5115,56.0334,187.8423,53.4834,105.7101,114.3418,139.3286,55.0568,1.0716,-51.1571,67.8651,-7.4182,-36.4443,228.7681,115.8856,194.8043
304.5333,365.8247,216.0607,192.5550,89.6917,223.4160,5.9549,144.1317,56.5785,169.2825,46.0299,147.4716,-48.8812,91.1628,0.8802,31.3713,212.8129,190.7305,114.7322
272.7499,380.3723,189.5481,252.2702,129.2503,235.8552,49.1019,175.3217,153.0318,183.6690,14.1813,223.4576,-2.3758,155.5134,41.0756,128.6692,206.9885,223.7203,118.8707
270.1594,326.5802,184.9268,227.3096,219.8484,195.0536,110.6642,152.5793,242.6185,147.5668,16.5932,169.9637,79.0601,180.7018,72.8936,151.6930,224.3855,234.3404,161.1577
253.3682,289.2231,176.8092,203.6670,316.3976,154.8119,139.7563,145.4174,229.5505,123.4218,33.0022,75.2695,138.0846,161.6166,121.5418,111.7823,228.1112,254.1930,147.5899
181.9709,275.5747,152.9377,249.2912,361.5095,108.0689,189.2552,193.5564,250.0874,149.5683,28.5021,30.8644,155.7132,116.6276,201.4724,77.5580,219.5527,269.1054,123.8161
119.2760,224.5554,159.0320,324.1279,374.5852,44.1741,253.8834,232.6814,259.6238,168.1690,29.8957,68.4130,164.3893,56.7435,219.4350,68.1886,240.2057,276.0162,141.7144
116.7251,195.0436,190.5874,378.1670,370.4911,10.1596,266.1827,205.2644,123.0545,142.7122,58.8909,164.1136,171.9740,38.0186,133.0051,51.8398,282.0926,279.0860,130.8664
111.1221,231.6798,181.8135,393.7059,341.7243,10.0768,250.1790,148.1148,-9.7590,112.0893,83.5998,231.8885,171.7577,106.8811,61.1938,37.9820,287.6073,277.2437,91.0757
45.2145,207.7583,128.5887,357.4738,328.9658,41.6378,277.2777,147.5984,31.9641,115.4657,77.9006,214.6028,190.9688,200.1685,92.9245,83.5142,250.8272,282.4419,138.6345
-32.2926,69.2919,93.5086,282.1850,350.1266,144.0829,346.7139,227.5657,178.4424,162.2375,58.7369,161.0084,235.2311,231.0469,179.1725,169.7025,220.1049,264.0077,266.2710
-58.4963,-26.6962,96.5161,203.0034,336.5415,268.5328,413.4484,308.0887,326.9749,228.3271,55.0355,128.8303,256.8875,228.7697,263.3787,201.9140,197.6436,177.0384,328.2209
-36.7499,16.7211,103.1152,137.5729,255.4492,326.2841,426.3079,305.1094,381.1351,251.2274,74.3153,114.6152,238.0242,262.5102,315.4387,174.0104,146.7563,96.9159,265.3346
7.6962,98.2952,102.6516,96.9717,179.9283,356.3209,363.0649,233.2064,266.7641,206.8694,106.8268,118.6787,225.1548,307.0719,295.9318,167.8245,91.0564,124.3357,161.1021
67.1912,120.8809,125.9700,99.1718,187.9270,400.2914,302.8515,174.9513,147.3724,154.6279,158.5713,146.8604,264.3222,311.0172,237.0616,184.3412,93.3644,200.2262,120.4967
127.1593,118.7095,184.7623,143.6354,279.0959,391.7144,326.5091,186.1759,191.1537,150.0568,239.2598,164.5238,345.7087,297.5848,218.9381,165.9610,147.2935,229.7930,158.0666
152.9266,147.2687,233.2702,202.6533,378.6168,325.2444,364.5445,245.4029,252.7265,188.1649,303.9964,155.0859,400.8418,300.2418,222.9176,140.5128,188.3476,233.0723,196.0891
136.7353,175.8127,225.5093,234.1814,406.1828,268.9062,339.1443,290.7632,227.7710,231.7339,296.0949,154.4201,373.4597,301.8581,190.0804,159.0315,200.2125,232.3237,208.7022
133.3411,157.8831,193.0972,216.2779,373.2554,214.2834,311.1837,308.9045,234.2060,231.4306,253.1986,169.7908,296.2070,281.4955,154.5292,178.3073,226.0020,215.2980,266.2046
182.9956,140.6968,195.3751,186.6753,344.5938,145.5062,299.4755,327.1478,230.8379,173.6890,246.2546,158.8772,218.6733,235.3998,144.3250,144.4997,271.1304,215.0375,350.3683
228.7702,179.5780,207.0693,186.2398,294.4982,93.5675,206.1003,320.6733,118.1568,113.9789,245.1946,107.1077,110.1645,163.9832,97.2439,89.3363,270.8861,220.6491,342.5512
207.1969,212.1524,158.9876,174.0956,140.4648,23.5797,40.7735,253.4396,58.1411,88.3995,180.3292,49.5730,-51.5236,81.7110,-2.3452,69.1982,196.2257,156.0404,255.0786
160.9359,178.6534,72.5648,109.3496,-86.6521,-92.0789,-70.3211,173.6015,120.1078,65.2643,67.9494,19.5333,-204.3145,3.5112,-76.7332,87.4124,126.5630,64.5550,203.4623
152.9344,141.8409,35.2122,56.8255,-248.1308,-152.6206,-104.7415,128.9792,101.9866,31.4330,-28.2554,12.1966,-307.8424,-54.5874,-96.3126,93.7388,139.0642,68.1946,193.2130
162.5622,138.0759,60.8659,75.4858,-267.9467,-89.1346,-111.4710,98.8853,-1.8693,9.9468,-72.8082,0.7560,-379.6650,-46.4367,-101.4513,49.2831,191.6010,138.6876,190.7939
155.2482,104.1060,84.5581,105.0022,-216.9899,29.9205,-72.8053,102.9874,25.0358,6.8474,-60.8255,-13.9541,-410.8833,35.9278,-91.7472,-0.0290,208.7651,157.5334,233.4469
144.3998,42.3423,75.4712,85.2225,-217.3925,138.6757,-0.4323,179.5585,192.2538,29.4299,-28.1093,-0.8018,-392.3723,105.7819,-44.3710,9.7385,193.7970,112.6737,277.1394
137.1207,34.0797,65.6924,57.1728,-276.1132,215.4058,12.8197,242.3840,310.3636,73.9153,-22.9932,36.8730,-352.7894,116.9910,-3.2429,38.9638,170.2100,66.4597,195.7823
112.0173,76.7763,78.3483,62.7456,-270.4182,232.5289,-37.0915,201.6608,240.1526,91.6069,-27.3192,55.4186,-276.4763,128.8527,-10.6665,33.2295,129.2522,57.0503,28.4200
57.6332,100.2430,90.5789,78.9483,-137.8739,207.3813,-37.0607,142.6868,30.8343,78.6189,4.0362,41.9958,-126.2936,146.6553,-5.6184,34.5381,85.2505,88.3681,-52.5122
-3.3422,99.3343,75.3076,89.5491,32.5400,186.1088,52.2356,164.8853,-40.2939,101.2375,48.0746,18.9339,38.5577,114.9083,78.5506,51.8111,64.2934,125.2898,-16.4714
-16.2910,128.1976,42.1080,105.0571,152.0981,164.5313,153.8664,219.2591,168.3178,162.6613,66.5213,-4.5278,130.6982,80.4475,191.6780,33.0982,48.9287,134.8154,33.3447
36.9468,195.9020,8.7686,108.3007,224.8339,139.2240,220.8212,252.5912,345.8602,208.6802,72.6687,-23.3575,160.6300,102.0774,259.7064,47.7390,24.8184,131.6886,70.8383
73.9391,217.9391,-37.1443,70.4636,262.8130,129.4954,270.2982,288.0620,243.9651,235.6701,71.5932,-32.9763,175.5120,95.6740,285.9864,174.5626,12.2580,109.6266,138.8403
22.3843,122.6391,-97.2010,13.8008,263.2003,98.0158,294.9633,311.5495,102.9477,239.0516,52.3002,-57.1651,183.0347,9.2645,275.7985,264.2219,16.3619,37.5080,219.3858
-50.3105,-2.3253,-118.9579,0.0716,258.3408,12.9522,277.9059,296.6137,132.9573,198.1482,47.1493,-99.5326,193.9647,-47.2787,222.2415,185.8666,37.7329,-23.1117,273.3909
-50.2509,-23.3756,-62.4306,54.8593,277.2050,-53.9718,272.9607,299.3337,201.1107,176.9051,79.0992,-102.3278,231.9497,-16.3441,197.2285,90.7750,87.9697,13.6192,323.3318
-0.6015,14.7251,34.9070,127.8712,302.6748,-39.7199,345.7556,352.5624,239.3185,226.6361,114.9015,-46.7078,294.2646,18.5307,266.7801,102.1586,128.0629,85.0195,382.5438
41.8329,3.9822,118.8764,143.7061,312.6971,18.8002,453.6521,378.2747,321.1279,259.6630,147.3964,-3.3745,356.0989,30.2422,358.6266,111.8768,105.4875,90.3502,398.4325
77.7424,-14.9648,177.3833,90.3920,299.8445,87.5905,488.3451,329.4158,406.1866,222.1575,195.7375,-2.9632,388.7752,81.6452,385.8090,86.7304,52.2093,73.5919,344.2962
109.2304,3.1522,201.1609,22.4870,255.9710,167.2924,416.1708,269.1619,430.5806,195.2240,216.1487,8.2344,383.2028,163.2673,382.9310,128.0648,11.2449,91.5574,259.7549
120.2991,-25.7038,175.6586,-36.8885,189.1712,204.4326,298.6037,224.8689,395.8950,200.8693,170.7028,32.7022,373.6038,191.8047,400.8339,190.9106,-41.7903,68.2147,170.9070
111.2316,-126.4921,129.8146,-127.8908,126.8942,136.8735,199.3618,132.3315,291.0113,163.5566,119.3829,3.5552,391.6684,141.7381,422.3399,162.8416,-99.6952,-42.8720,86.1119
78.0081,-203.1781,110.0623,-243.9280,85.6423,16.5488,130.4415,-5.7646,184.3078,82.3785,107.7620,-75.7788,418.1845,75.7804,427.6716,104.0444,-103.9527,-137.3218,33.1054
22.9032,-211.9045,117.2258,-281.5231,65.1978,-46.2490,81.7793,-81.8532,177.5216,23.3587,95.0796,-123.0075,426.1843,62.2808,410.5610,111.0313,-55.1117,-126.3543,-0.0282
-4.0859,-165.2528,129.4174,-178.2197,59.1555,-34.1426,60.7204,-59.8738,193.3255,12.4683,73.6835,-102.3498,411.8009,93.6575,361.0495,147.3036,11.0789,-52.5130,-51.6698
33.4011,-62.1757,150.0306,-16.8697,60.6970,-15.1386,72.9423,-13.6068,144.9475,44.8492,85.3894,-53.9697,370.8395,109.9170,298.6402,150.7766,86.5217,17.2871,-79.0324
95.8684,38.9656,186.5415,81.0205,66.6419,-30.3637,82.9245,22.1586,112.7250,85.7009,103.4076,-30.3695,311.2449,94.5493,246.0538,117.7550,134.9677,52.7280,-37.8222
135.4504,64.4686,211.6610,85.7295,54.8982,-84.3597,45.8367,53.1796,96.3702,70.8275,72.1675,-55.4772,250.6120,71.6041,189.7941,73.4960,114.7487,15.8958,-8.3633
149.1506,64.3433,178.3357,35.0366,-17.2777,-176.1897,-20.2682,38.3615,22.2167,3.3109,17.4629,-107.7729,174.1598,33.9345,142.3255,52.0824,54.5740,-90.9901,-39.5777
143.2162,102.0296,80.4944,-36.4738,-139.8000,-254.7154,-43.5223,-18.8556,13.2728,-36.2875,-18.0690,-139.7427,74.9659,-18.7704,147.4710,47.6269,-18.6916,-176.1538,-27.4935
130.0117,112.8236,-16.5888,-103.0434,-236.5663,-246.0182,1.6626,-30.0955,136.1201,-18.9417,-49.5695,-133.0599,-4.9490,-37.2686,174.8431,20.4379,-103.2561,-179.9763,68.6712
138.4677,55.2657,-45.7874,-132.6503,-279.2088,-168.7930,33.2829,4.4816,153.4582,3.3323,-77.2639,-100.4225,-55.8038,-14.2326,138.3986,-15.1076,-128.8494,-155.6830,121.7679
164.7951,22.9057,-16.8120,-99.2730,-308.5365,-91.0870,-34.2686,3.3973,-11.7286,1.9197,-60.6538,-49.7614,-106.2840,-7.0407,42.1038,-32.8529,-49.3098,-144.7236,77.2327
165.7964,67.9182,28.6378,-22.3836,-317.2962,-20.5828,-126.0396,6.7467,-70.8287,12.1212,-4.5173,-1.4907,-118.9651,-20.7668,-13.4046,-64.7728,33.5866,-112.9054,46.3105
129.3937,101.3344,82.9928,24.6063,-262.3289,18.3420,-95.0138,93.3694,52.2775,54.0033,32.9528,7.4968,-59.0277,-12.4962,15.9250,-98.8752,39.3076,-61.1299,91.2883
90.4832,58.5124,133.7343,4.1486,-181.5091,-42.0568,14.8386,179.7284,58.5721,76.4322,26.0693,-15.9415,-10.5184,-2.6965,51.1989,-78.5915,29.3111,-36.6263,142.2258
77.8862,6.8568,147.2298,-18.1674,-129.0304,-142.9540,44.3141,169.5272,-132.6138,37.4620,10.5230,-22.7767,-17.9662,-30.2643,15.7488,-57.8031,46.4483,-18.2981,151.9500
98.4053,26.1409,137.1781,24.5947,-57.3588,-137.7151,31.4303,130.3082,-242.8754,-15.3422,27.8065,3.2688,31.4926,-53.1033,-44.0293,-115.8847,68.5891,59.2371,155.4901
154.3560,94.3930,149.4936,101.3623,68.9692,-40.5022,106.5734,131.1251,-155.5652,-31.7291,66.4798,35.9744,175.5499,-28.0089,-42.6699,-184.7225,106.8943,180.1243,159.9123
227.1819,142.5141,169.7780,155.9747,158.2064,11.1895,186.8481,124.0699,-39.5545,-35.6350,75.3843,48.8683,265.1054,-3.3446,4.1700,-190.7887,143.6875,257.6895,120.7389
256.2159,146.5282,144.6860,176.9058,143.8590,-20.9383,154.7951,73.1604,18.9342,-38.3224,40.1465,34.4285,233.4057,-26.9427,29.4719,-190.0501,120.9578,254.2947,58.1639
189.9648,131.7537,77.1773,172.8652,101.4992,-76.8728,119.0422,9.9076,55.7610,-11.8252,-0.6420,23.5709,198.4804,-60.4042,26.4225,-213.3442,91.4381,228.1721,52.6857
75.6092,138.3826,20.0829,184.0229,94.7661,-87.3164,164.2113,-27.6734,31.2343,30.9078,-27.8713,60.5611,216.3955,-62.3796,15.3999,-214.9348,138.9373,250.8713,87.1670
30.4910,185.4016,-2.2271,254.8475,77.1651,-1.4610,166.7293,-12.2555,-42.2578,66.3333,-54.1086,118.6799,211.3494,-58.5283,-2.2122,-211.2789,186.6225,306.1913,66.5479
78.7763,231.9402,-9.8368,328.1941,26.0583,136.8936,73.4732,44.3244,-28.7948,95.9986,-66.2371,128.6011,170.0204,-71.8345,-8.0519,-248.3227,150.7065,330.0863,12.7105
112.1262,214.8641,-8.7267,314.8441,2.3194,221.5456,-1.3492,86.6202,42.1589,85.0699,-42.0816,97.7583,162.1134,-73.1620,13.7400,-281.4392,120.6656,327.7447,32.0090
79.0317,142.4072,33.9973,253.8429,30.7186,254.1231,-16.2877,103.9661,7.3990,22.1829,2.5888,70.1584,186.9872,-42.9116,30.0262,-240.2236,159.5113,335.7393,115.4877
70.3848,80.4819,116.3770,203.2076,60.5608,296.1111,-19.8251,132.0874,-64.6860,-10.8495,44.7951,21.3548,179.6183,-8.4564,12.2866,-135.0065,162.1745,310.6344,179.6772
131.1864,58.5164,157.1772,99.2376,56.9233,309.0331,-7.3130,162.5690,-24.5879,10.3764,72.7570,-59.0367,132.9216,2.1427,-16.2679,-34.0662,62.2105,206.5511,217.1524
166.9901,56.3410,96.5898,-71.2098,33.6652,259.0396,23.8358,171.0775,15.6638,7.9067,58.1468,-99.1477,97.5119,-11.6726,-34.6068,8.1731,-62.5755,93.3298,241.8600
126.3746,44.3759,-19.8229,-180.8107,13.4848,219.2722,23.9439,168.3645,-55.0910,-22.6064,-3.8036,-79.7213,93.0402,-38.2577,-55.2561,-12.7026,-144.4495,55.8916,227.4425
81.6371,7.4464,-108.2556,-180.8344,21.7387,215.5098,-6.6433,145.8662,-107.7541,-31.7758,-53.3661,-69.1721,95.5504,-55.8301,-74.5916,-63.7529,-175.7494,74.8899,193.4564
69.2895,-29.4060,-116.4881,-140.3683,86.2436,185.6688,-3.2049,90.9638,-79.2451,-38.4750,-48.3563,-71.1250,98.0168,-40.4360,-55.3569,-96.5679,-126.8546,103.1845,198.6338
46.4716,-34.6227,-32.8854,-64.0433,188.9689,127.0175,53.9118,47.7510,-64.1975,-38.4219,-25.8128,-35.0379,118.9447,-2.7524,-0.5009,-63.4429,10.7772,142.8339,228.9598
13.2470,-43.9925,82.5387,50.2314,256.8688,77.6595,96.3072,37.3356,-68.1808,4.8384,-26.2557,2.7894,144.6547,8.6003,11.5454,9.7638,149.1138,194.2147,216.9488
2.9278,-106.0686,139.2817,101.8928,257.8040,21.3518,62.6721,11.4704,-45.5273,37.6866,-34.7926,-15.9402,140.9475,-32.7897,-46.0936,15.6728,206.0415,228.2814,151.8133
-0.6372,-182.5721,137.3857,65.6140,248.7783,-56.4270,12.9643,-39.5463,-5.5690,30.3140,-28.7835,-43.2926,125.7331,-85.2246,-64.5973,-46.0421,218.0676,223.3796,92.1610
-15.0272,-208.0483,130.5866,53.9472,251.0834,-132.0547,38.0856,-78.4677,55.1623,53.8528,-24.1484,-14.5126,122.0483,-85.0774,13.0128,-28.6301,241.3015,175.0352,75.7246
-26.5612,-178.8237,101.0789,78.3410,177.4100,-190.8423,68.3858,-115.5461,83.7610,80.3124,-56.1586,39.6317,74.4124,-32.6095,59.4982,78.2977,228.0211,91.5049,56.1908
-49.6917,-125.6956,14.3953,24.0616,-0.3164,-213.3029,-17.1168,-170.1246,-5.9392,13.9737,-125.9907,59.6486,-42.0996,14.5743,-8.6688,105.5951,112.4395,7.1788,-25.8720
-95.3370,-86.2202,-96.7532,-116.8223,-149.8434,-172.5606,-149.3239,-216.2320,-123.6369,-86.1992,-176.7268,38.1589,-121.4749,26.8488,-85.5212,32.8419,-69.2833,-33.8849,-136.2771
-116.3349,-89.6813,-191.5225,-243.1513,-174.1420,-85.4020,-198.0530,-247.7136,-174.0858,-136.9889,-154.4947,4.9471,-92.9600,13.0161,-97.3703,5.7859,-225.8757,-24.0397,-199.8277
-97.0269,-114.4150,-231.3564,-302.3252,-135.4948,16.0675,-195.9331,-273.7382,-268.4883,-174.3963,-77.4241,-9.1563,-36.1870,-26.6285,-102.6566,44.5136,-286.8265,13.4690,-209.1720
-95.2291,-125.9428,-164.0654,-268.5164,-87.5932,129.7700,-203.2899,-252.7676,-393.4906,-175.3813,1.4399,-3.9903,-10.6358,-66.6965,-117.1252,76.3172,-214.7001,79.5842,-186.8148
-126.7027,-126.0956,-28.5510,-109.5087,10.3972,238.7091,-173.2982,-164.9191,-339.7622,-82.2505,56.9869,-9.6490,25.3793,-40.5580,-98.9262,112.2043,-42.8237,182.4498,-133.8251
-138.2959,-91.1582,73.7676,114.2021,154.8193,296.7472,-87.0570,-81.8799,-157.1370,5.3509,84.1274,-30.1547,75.9087,41.9830,-60.6948,145.3431,132.3962,264.9006,-76.9444
-108.1696,6.4964,158.3979,272.6436,267.9430,286.2835,3.1515,-56.8151,-81.0494,0.6051,90.7950,-33.1840,102.6935,68.3990,-27.8113,113.5528,251.9504,267.8177,-49.7194
-64.2479,85.0611,264.7556,318.4520,319.1364,237.1745,75.2410,-41.8292,-103.6169,-6.5435,98.9436,-12.2368,123.2857,6.3984,0.4102,57.3249,302.5351,249.1459,-30.0331
-31.9816,53.1372,281.2051,287.7063,340.3737,202.0204,138.8948,15.6479,-94.6468,49.1091,99.5284,4.4672,148.5750,-33.1986,23.4203,61.6399,255.8953,273.1384,4.5553
-16.9703,-30.0238,155.5663,197.4344,350.3867,205.4129,214.4983,82.6952,-8.0901,120.2776,59.0728,-4.8578,139.9741,6.5075,73.6811,100.1641,123.6812,262.4174,20.6456
-13.7044,-77.3593,52.0609,53.5842,332.9530,185.7822,317.4492,93.2295,159.7211,162.1242,-4.7197,-48.9892,108.9335,33.3684,162.2568,123.3083,-21.1769,159.3619,-11.3443
-35.8791,-117.1839,52.1640,-104.3204,269.4597,61.8227,388.7913,46.1073,244.5875,142.1057,-43.9048,-111.2660,104.2736,-26.0809,194.4413,136.7116,-154.9066,50.1041,-63.0010
-106.2072,-181.0894,28.1907,-227.7783,187.6202,-115.3280,372.0975,12.7216,72.9263,89.6539,-60.3070,-144.2106,111.5339,-117.2926,135.9050,121.8233,-280.5444,-56.7424,-68.3302
-181.5973,-215.2956,-49.8052,-269.4744,154.0766,-189.9261,350.3579,44.6104,-91.5364,124.7089,-73.5533,-137.9105,96.7131,-167.0778,112.6181,66.6395,-318.5319,-255.6440,5.4307
-203.5665,-172.4059,-59.7958,-190.3698,183.8085,-99.4577,403.2789,115.8636,65.4176,242.9729,-70.2457,-135.5598,74.3343,-170.0572,167.1181,31.9906,-221.8363,-416.2369,95.3122
-223.4338,-86.9225,-4.0500,-34.3710,221.5280,59.1243,449.9771,179.9512,289.7758,300.3746,-48.5845,-138.2290,68.2376,-135.1580,185.9037,53.2682,-100.0081,-271.8094,119.1763
-287.7329,-46.0330,3.9403,76.7500,228.9074,170.1722,407.9438,222.8445,284.8268,295.9889,-32.7056,-106.6051,84.8708,-69.4803,140.5366,89.9768,-53.0883,92.7593,99.5902
-298.6917,-86.4950,-33.6027,98.5083,199.7183,231.6425,308.6563,238.0958,245.8344,314.8249,-27.1817,-55.2600,100.8990,-22.6043,96.1622,111.6519,-36.0736,316.7863,95.2656
-207.5109,-126.3465,-31.9989,106.1439,127.9818,308.3548,194.2128,223.5159,314.1598,306.4456,-21.4515,-9.2786,52.8844,-22.0361,52.7799,113.7789,11.5538,303.3898,94.8463
-129.7401,-83.8456,18.8584,136.8821,39.6564,384.6065,93.5803,205.7695,326.7594,249.5578,-8.3109,63.4651,-66.9318,-2.3217,5.8491,94.6519,69.3433,240.7314,85.1602
-105.2429,-9.9464,67.1032,139.5992,-31.0980,362.8358,28.6530,197.7533,277.8610,226.2720,20.9799,154.4792,-162.8516,71.4714,-19.2104,81.7624,103.1415,206.3735,78.0116
-47.7042,15.4617,83.9164,109.0428,-100.9314,230.9543,-41.8326,164.0612,263.3734,184.8913,53.5148,188.2267,-186.1756,118.7245,-57.2768,91.2641,117.8123,143.2515,48.0053
33.9341,10.2243,92.7198,111.1077,-162.9645,94.6761,-118.8439,92.3477,199.6953,39.2874,67.0019,169.2214,-198.4907,105.3336,-114.0476,82.9352,148.7243,87.3650,0.1906
80.9781,35.0252,142.2469,164.5008,-150.6617,11.4232,-93.8769,30.5047,60.9471,-95.9696,88.3262,172.8403,-228.0265,102.1302,-103.6454,42.4655,216.7032,116.3772,-7.1109
130.7079,114.7724,232.5693,221.0962,-70.7307,-55.4461,28.1326,-3.9708,-60.8069,-137.3560,145.7142,184.9165,-232.6821,99.1094,-34.8242,12.7649,275.2584,179.8276,-5.2636
182.0071,190.4612,288.6237,240.8455,-14.4177,-119.4855,81.7555,-57.2219,-166.8358,-188.4603,184.9946,144.6452,-200.5168,16.3300,-19.1509,-3.7642,259.8596,168.6150,-73.6001
153.6036,143.0063,246.6677,214.3697,-11.8495,-167.8272,44.2696,-137.0483,-203.4803,-262.0714,150.6455,85.7718,-153.1181,-90.0390,-42.5138,-41.3632,180.8363,76.1218,-171.2373
62.0717,2.1954,128.6085,159.6493,-31.3554,-233.8145,59.7218,-192.5364,-60.8739,-251.2833,80.2631,69.2784,-104.5180,-106.2841,-1.0206,-77.6075,90.1272,-20.2669,-233.8380
-18.1081,-23.4676,4.6252,112.2288,-55.8179,-329.0117,142.9246,-217.8375,97.0791,-179.4737,24.9359,76.3024,-69.4395,-66.0515,87.0101,-74.7445,7.8263,-81.0614,-287.2080
-95.0602,86.3199,-87.0805,68.0519,-65.7313,-368.9011,183.3261,-239.9136,63.6047,-126.7624,-19.0623,69.6242,-54.4180,-50.6201,131.4642,-60.6538,-69.4728,-123.2972,-316.1085
-181.6806,95.1908,-169.3459,-19.1846,-69.1043,-277.4957,169.7888,-217.8065,11.2918,-66.3404,-56.9093,50.1241,-66.3161,-42.1678,135.2538,-64.3924,-152.6236,-154.2104,-263.6013
-254.5720,-47.1156,-267.7522,-133.7494,-122.4251,-91.8527,164.6187,-112.9287,126.0466,16.0238,-81.4003,22.8290,-121.9196,-10.6302,161.7431,-49.8911,-233.1622,-156.6415,-183.8488
-317.8814,-131.7734,-338.3596,-174.5974,-206.1543,102.2854,164.5188,-2.2242,216.3046,57.2446,-103.0109,-1.0500,-181.4682,25.7172,210.0283,4.4248,-242.0927,-116.7041,-157.8822
-341.5622,-88.8546,-317.8747,-88.1054,-231.4306,253.4092,129.5640,38.4456,121.1914,39.9432,-121.4435,3.2999,-175.9357,50.8554,212.6811,40.3394,-129.5227,-37.5357,-157.3627
-271.6314,-30.7027,-228.6719,59.5207,-214.4039,330.0889,65.6631,58.3181,31.3238,24.7438,-113.3524,31.3210,-143.2850,55.0726,152.7011,11.6782,39.7308,41.0584,-132.2264
-170.8873,2.0205,-139.6055,184.0233,-219.2522,319.4511,19.6184,113.6698,111.1281,74.7171,-73.9994,62.9665,-161.5822,55.6728,97.9638,-25.2022,181.7226,66.9563,-73.0100
-124.6078,46.3574,-57.9675,280.6317,-206.1884,264.9635,14.7913,177.9389,195.9602,175.4299,-20.0296,117.3031,-195.2310,100.9306,69.5226,-2.3179,288.6613,60.2516,19.3030
-79.2608,133.5562,41.2619,376.7800,-161.3358,223.2074,13.5403,234.5458,87.6130,213.3211,36.2657,207.4162,-203.3024,152.9753,3.3436,35.3168,360.3098,83.9409,97.4408
21.5174,272.9772,137.9310,456.7715,-179.1701,181.2393,-21.9267,285.6502,-98.1392,120.1809,86.5275,275.9771,-243.6003,108.0779,-96.4860,8.5835,387.3518,118.1266,102.5487
125.9010,385.1833,198.4944,491.2101,-255.5326,98.7474,-64.6967,281.9384,-140.9137,-1.0844,123.9983,271.9978,-320.5274,2.1066,-140.6022,-51.0742,393.4048,109.2568,55.7658
182.6960,374.2607,208.1188,478.3116,-265.4077,10.3165,-83.5596,203.6856,-116.8962,-25.3002,137.6886,244.3390,-349.5126,-26.6734,-113.9989,-69.4497,358.5600,97.1062,-6.7045
162.9464,285.7915,137.0599,400.7736,-198.5237,-16.1683,-97.8093,122.6574,-213.5612,22.5315,110.6697,257.0975,-315.3735,27.4303,-78.3015,-73.3937,219.5108,112.6182,-81.7335
58.8632,192.9780,-18.1614,228.6603,-148.8275,-12.3607,-108.8569,65.7200,-309.7971,33.8319,56.3128,264.1360,-261.1750,58.0534,-57.3230,-131.5228,34.0635,67.4853,-130.4745
-29.4241,79.2787,-162.5750,19.0933,-123.3199,-86.7411,-85.8286,-40.0368,-222.0633,-58.0351,19.3862,190.4456,-195.9835,22.9430,-44.7261,-227.4829,-52.3218,-74.4006,-146.1864
-16.7923,-12.4602,-195.8661,-102.1251,-77.6971,-232.3538,-57.6226,-208.2050,-110.7877,-217.0464,13.7693,90.6354,-136.0782,-33.2955,-39.7315,-296.5403,-31.8488,-184.3188,-210.1670
8.8238,-4.9306,-149.1267,-104.0266,-31.2937,-271.3055,-81.7742,-328.8284,-160.9507,-318.4713,21.0766,76.7168,-98.6603,-37.5255,-31.4544,-310.3851,-15.9963,-169.4111,-309.1724
-18.9442,22.9161,-112.3551,-74.6188,-15.2745,-101.8935,-119.4116,-324.2485,-236.4766,-312.0057,37.1097,127.8506,-55.9643,32.4114,-17.7200,-280.7252,-30.0991,-106.8858,-316.1340
-17.3559,-20.2002,-91.9789,-72.6085,-21.5048,105.1872,-105.1925,-263.1540,-216.2506,-303.6902,51.3782,133.5746,-13.4144,87.4647,-11.6263,-251.4651,-16.6093,-98.8663,-240.3549
27.2928,-63.0786,-54.5300,-80.5230,-46.6612,137.9466,-98.6977,-254.3020,-216.9238,-347.3458,44.1378,81.0577,-11.2774,59.4803,-20.5211,-268.1784,18.1940,-145.0837,-204.1818
37.1991,-60.3535,-22.7757,-87.2417,-90.0088,54.2662,-162.2384,-282.2921,-278.5829,-343.8896,44.5252,42.0131,-8.6549,23.1322,-54.2757,-304.3219,13.9883,-187.3834,-198.5624
41.5110,-73.3342,-29.3964,-106.1024,-122.4599,30.8106,-188.4782,-252.0656,-261.8461,-256.9668,85.3492,28.3371,49.5959,30.4052,-91.7371,-292.7216,-29.6773,-196.0019,-145.2998
85.3590,-95.9314,-64.8437,-134.9875,-139.4843,47.8464,-103.3954,-174.9365,-128.8860,-177.4988,110.1718,-4.5469,97.6184,12.1439,-69.9833,-244.2412,-63.2671,-211.1723,-86.0660
91.2024,-86.2553,-120.0297,-163.0773,-199.7905,-16.8512,-69.7690,-154.5177,-17.6406,-143.3032,52.2049,-64.0081,45.5392,-46.1056,-8.3115,-225.1022,-84.1496,-285.1562,-100.9984
28.4929,-77.0096,-183.8671,-177.6781,-320.0249,-134.5793,-207.9968,-199.9546,-31.6048,-131.4481,-43.8451,-116.5949,-79.9419,-86.4209,-13.4843,-241.1543,-108.7153,-362.3344,-173.3652
-8.0904,-64.5076,-200.3897,-137.7784,-386.3687,-185.7021,-362.8113,-230.2406,-122.4319,-156.6009,-83.7931,-129.3365,-169.9456,-125.0858,-90.9049,-251.2516,-82.4754,-316.3076,-237.5130
21.9820,6.1698,-134.1706,-11.2875,-295.3684,-139.7498,-393.6586,-225.1028,-196.7501,-207.2027,-45.4041,-84.5492,-141.0871,-173.0462,-149.3376,-239.1122,22.2467,-144.6996,-271.3325
54.8388,84.6416,-52.7867,132.9954,-126.1938,-60.4955,-377.7792,-220.4014,-254.2939,-228.6158,13.3240,-2.8228,-31.8244,-158.1277,-167.4662,-209.0179,86.4978,7.5621,-312.1545
36.4761,70.5725,-48.2059,164.7213,-28.4122,-25.5160,-378.0549,-231.2557,-334.3571,-236.9242,20.1586,51.1660,20.2904,-83.6908,-161.0116,-184.1850,22.9970,51.4412,-388.1087
-25.4054,-11.6974,-107.6970,68.3924,-18.4333,-47.0079,-353.7369,-257.5233,-391.5742,-278.3354,-36.7924,32.1650,-30.1322,-34.9341,-121.8794,-203.0335,-57.5498,40.0269,-443.4344
-71.5637,-59.2780,-142.9540,-33.4079,-28.8324,-48.1598,-313.0990,-272.1865,-359.8359,-307.5369,-92.4401,-23.2688,-85.5193,-8.8649,-93.3003,-245.5356,-54.3026,35.2654,-405.2870
-48.6834,-38.7179,-123.5451,-71.4884,-46.6164,16.0664,-280.2767,-230.5289,-269.1451,-267.2559,-92.6711,-34.6962,-100.9793,29.6248,-110.4740,-237.4228,-35.3733,23.9188,-305.3246
15.8860,-5.0499,-101.6054,-89.3342,-88.9428,79.7676,-239.9163,-162.3488,-214.0071,-197.8317,-62.9628,23.8193,-132.4683,42.9783,-116.4401,-170.9462,-45.2296,-14.4564,-234.4744
50.5997,-16.4794,-104.2427,-98.8418,-151.4118,93.7008,-230.5477,-137.9382,-273.4761,-154.1637,-52.7868,96.1036,-188.2840,38.7572,-105.2049,-109.3824,-27.0080,-56.1126,-218.0093
24.6159,-64.6434,-97.7490,-76.1862,-220.4653,99.7296,-272.7970,-133.8094,-415.5930,-131.5098,-67.5815,115.5824,-226.0360,86.6940,-152.7676,-81.4862,5.0269,-64.5692,-210.2868
-42.0334,-110.9539,-79.4198,-72.2399,-262.2417,126.1182,-274.1963,-91.5162,-467.7861,-125.2101,-79.7897,69.1734,-233.0518,157.5586,-225.5636,-80.2013,-13.6916,-27.9702,-164.9204
-96.5450,-156.9922,-87.5165,-125.8179,-252.2028,149.1334,-209.5540,-39.0811,-371.1618,-139.6062,-71.2940,-7.6181,-204.4413,161.8233,-215.1405,-99.4004,-49.4737,18.8817,-91.4409
-104.9567,-204.0593,-109.8142,-164.0297,-241.0904,134.4069,-178.8480,-22.4604,-334.9287,-144.5702,-56.8669,-65.5649,-150.0857,107.4895,-140.5678,-111.8210,-50.1935,2.3169,-68.3439
-98.7807,-204.8431,-115.5813,-146.6329,-275.4126,28.0915,-198.3774,-53.5933,-447.6847,-134.9787,-52.7065,-83.7606,-118.3880,47.3289,-107.3132,-108.6178,-49.0111,-111.1445,-155.8518
-86.3853,-142.2996,-141.6537,-143.2691,-288.3718,-180.4836,-204.2197,-168.0147,-458.5621,-163.0962,-37.6352,-92.3892,-125.8497,-22.8606,-148.2292,-132.0987,-77.0913,-251.1268,-293.9867
-21.7910,-84.5688,-211.9817,-184.1344,-204.9080,-366.8810,-193.7862,-352.4219,-267.9159,-219.3828,-11.2366,-127.8489,-144.0877,-98.5851,-194.5854,-173.4012,-120.9678,-313.5824,-359.2491
37.9128,-106.7439,-265.7216,-228.8770,-71.7884,-394.5081,-160.8985,-467.9123,-159.1746,-216.6374,-32.4649,-179.0052,-155.7610,-122.9673,-148.6019,-159.8054,-181.1695,-272.3632,-308.9880
-22.3166,-200.0656,-265.1815,-276.2677,31.2198,-291.8369,-77.2474,-424.9315,-273.7995,-159.0209,-105.4648,-209.8056,-134.5015,-80.0096,-20.9418,-98.8443,-251.9354,-180.4519,-202.5363
-131.8731,-272.6646,-238.5476,-333.9050,112.3582,-178.2707,11.6962,-314.2771,-378.7537,-137.2917,-145.0981,-199.5468,-72.3387,-28.4131,48.8584,-54.3206,-287.6726,-90.5556,-92.6979
-146.0647,-262.8416,-193.2451,-360.9543,215.4301,-87.4265,67.9586,-230.4045,-307.4983,-138.6664,-134.3258,-151.2065,-43.2451,1.9967,5.3231,-2.7689,-260.7566,-4.1160,29.5675
-110.7045,-235.6578,-136.5002,-344.1645,313.8962,33.6938,115.7747,-133.2464,-169.2672,-92.4164,-143.1347,-102.8479,-76.5363,53.2382,-46.7930,85.8664,-201.9075,95.0258,157.6591
-110.2057,-265.7265,-115.2589,-321.1284,328.4931,186.4438,125.6767,6.5033,-88.5962,-57.3722,-174.4561,-94.7950,-79.2691,132.1596,-38.3172,122.3525,-159.4597,166.1492,228.3080
-83.0723,-293.7446,-123.1627,-309.8155,246.4353,269.3019,72.6352,99.3374,-69.3877,-115.7188,-182.3520,-98.9821,-35.7948,165.0056,1.7379,32.3090,-142.1447,149.1625,232.7390
-5.0925,-252.5251,-98.1314,-301.2421,156.9689,227.3559,41.7852,88.3644,-72.9053,-184.0767,-175.8756,-64.1146,-48.5690,118.9554,41.6795,-100.7723,-112.2237,87.5428,260.1078
41.8867,-196.8368,-43.4894,-278.1787,123.5136,163.5416,68.5197,62.9964,-45.9448,-153.7100,-157.4868,-17.1110,-113.4194,53.7621,49.2987,-140.0778,-45.7695,68.8146,343.1385
43.7432,-174.3398,-4.3671,-211.4749,92.9632,156.0209,73.7538,97.1726,54.1443,-74.1268,-103.7416,-12.3481,-146.8545,7.6998,16.7942,-62.2054,36.0221,54.9634,392.9777
34.8092,-150.1138,24.3143,-101.9579,-10.2005,106.5135,32.9704,112.4487,186.2471,-32.7664,-60.1729,-44.1422,-175.0356,-45.4842,-10.8373,19.6027,116.9624,-31.6023,343.2891
9.5393,-110.1496,57.5234,-16.4821,-174.4746,-53.9065,-28.7310,35.6832,251.0776,-16.8802,-73.6124,-97.7166,-230.7554,-123.2433,-45.9026,-6.7298,182.4841,-136.4576,223.1565
0.0149,-74.3588,79.7358,-44.6792,-312.6105,-221.0825,-107.7715,-64.2244,215.0431,3.5727,-86.5346,-175.8740,-234.4590,-221.3757,-122.2873,-93.9767,173.0985,-190.4469,98.1776
42.9137,-47.5324,71.7320,-206.8853,-323.6232,-302.3084,-129.0422,-108.6011,138.2411,7.0733,-56.6129,-234.9590,-148.1571,-325.6142,-148.0721,-108.1130,73.7245,-214.5293,39.8314
69.4862,-31.1149,15.8032,-375.4580,-174.8261,-287.7417,-20.4792,-91.1548,67.6907,-12.4937,-41.1358,-222.2708,-42.5291,-383.3875,-73.9143,-45.3366,-5.9301,-168.7407,72.2468
16.2681,-4.1548,-61.5984,-375.0853,43.5664,-154.8656,108.5461,4.5443,-9.2764,-21.4916,-76.2333,-164.0633,29.2291,-351.5201,-26.7245,-0.9561,10.8053,8.4448,120.5902
-76.0726,47.0189,-79.3546,-248.6159,203.9083,37.9040,126.5540,157.8505,-91.7907,-10.5337,-134.3355,-121.0726,61.7896,-269.2554,-39.3755,22.1096,32.0190,180.0791,125.4152
-159.5159,52.4640,-46.1944,-232.3012,269.1021,129.3797,87.9393,255.9137,-145.3029,-6.9198,-194.3134,-110.7485,64.5631,-200.6458,-8.6204,72.3870,-46.1291,185.5041,143.4861
-205.8582,-19.6357,-74.2957,-374.8662,282.8019,114.4785,101.9176,272.0855,-151.7991,-10.8724,-236.6407,-111.4263,68.7904,-147.9953,23.9837,123.4674,-170.0797,130.8672,224.5628
-191.9433,-69.9727,-160.0381,-470.7954,288.1894,150.1293,175.2010,316.0358,-103.8814,14.0404,-244.6115,-89.4556,82.8642,-68.6473,-8.9992,141.5673,-219.8868,172.0332,314.5381
-175.6497,-77.7302,-181.0734,-422.0143,295.7182,251.5770,239.0414,403.1108,-5.2583,60.8647,-233.7252,-40.5202,81.0130,53.9346,12.7143,144.2234,-170.8202,239.3647,355.9462
-218.0346,-132.6837,-120.9840,-339.6578,286.6465,294.5096,228.6044,432.3714,86.6401,70.7933,-201.5404,-9.0643,73.1119,150.3836,127.7812,140.3710,-99.8344,225.2355,356.6057
-236.4521,-176.6326,-58.2442,-304.3464,243.2911,245.6374,179.2055,394.9962,113.6296,51.7566,-135.4297,-13.0357,76.0233,121.3253,182.4400,140.8110,-81.2292,155.0598,337.3672
-155.3710,-104.2117,-22.7061,-301.7236,175.1310,145.8917,184.0770,351.4010,88.5957,91.3400,-89.2523,-16.3385,63.8088,3.1659,135.4215,173.7343,-118.7522,58.9985,294.4193
-63.6277,-32.6164,-20.8154,-322.8089,92.3486,13.2176,200.7439,287.5458,32.0193,179.9202,-96.0973,-25.2526,43.5335,-66.5691,57.9166,208.9287,-179.2377,-66.3623,205.8222
-32.3992,-71.9488,-44.9572,-361.8166,-1.1572,-125.5251,122.5963,171.6177,-56.1786,176.6886,-85.3080,-79.8733,51.1917,-85.3919,-45.0787,184.6541,-241.1383,-185.8817,69.8560
-6.4002,-90.4623,-39.6141,-383.4606,-72.6249,-242.7690,20.1259,44.3963,-112.0005,54.3699,-32.7035,-138.5781,61.3533,-143.7793,-116.1454,114.9273,-273.0650,-259.9323,-53.9910
32.7627,0.4202,-2.5023,-335.1180,-78.6905,-315.4268,15.3003,-16.4161,-56.6558,-10.2833,-3.6715,-132.2894,64.4140,-183.3633,-75.9210,56.1280,-233.4205,-258.4594,-95.9865
45.7989,83.7547,7.2725,-200.6816,-5.5852,-285.8526,58.1936,22.0848,47.8045,74.6359,13.5153,-92.3394,118.0060,-108.2262,-34.1108,36.5055,-144.4321,-166.7610,-65.0161
49.5027,77.4691,8.0088,-82.3382,120.5444,-168.2864,63.6008,79.2490,58.9997,152.4961,58.7667,-78.2904,184.6411,-20.5910,-98.8197,65.8764,-91.7237,-71.5117,-29.7489
58.1087,27.2303,37.7961,-94.5834,217.2308,-95.8698,46.2031,51.9900,-4.1370,112.2810,63.8142,-64.5827,150.9252,-45.6868,-161.7483,105.5242,-102.9079,-63.0138,-26.3627
40.8249,5.4955,55.7719,-138.8708,219.4839,-84.9060,43.5464,14.3032,57.2616,97.8343,15.4824,-11.0836,69.0123,-105.1323,-130.7760,83.2568,-101.3897,-41.2628,-12.0796
20.7750,58.5411,70.2210,-41.6918,206.4603,10.9733,99.4535,107.8074,293.6189,216.7661,30.6560,46.9672,88.2677,-83.5985,-50.9606,32.2279,-25.9879,104.5139,74.4147
31.9559,126.9148,137.2905,127.7888,275.8083,190.0777,219.4279,255.8072,434.4767,315.0873,104.0651,57.4290,186.8618,-11.0800,45.5188,56.4212,70.7527,250.6122,191.1395
17.7505,99.4479,194.6175,203.5007,333.7704,286.5737,285.8203,298.8452,289.7047,263.6682,107.6198,36.4946,243.3106,39.0575,110.0903,125.7334,105.6372,275.3264,224.8347
-41.5226,42.3984,177.5073,222.8506,265.0991,293.9506,234.3858,286.4400,105.5817,181.5419,68.3013,41.2661,245.3357,59.5799,82.3803,130.6273,95.5433,284.1695,187.2479
-45.8102,106.8046,168.8484,278.8443,162.5900,334.7097,186.0354,319.8373,152.4875,180.5214,95.4756,79.4407,235.5985,73.3579,53.3710,90.2053,117.5185,348.1407,197.2024
30.9026,224.4926,209.1432,325.7547,137.3912,378.7961,203.8816,337.0997,267.5870,181.5310,146.0569,100.1549,224.2559,75.2829,113.1311,73.9565,175.8359,353.3428,249.5043
77.1520,243.6921,223.2223,327.5500,145.3613,327.9706,204.6728,285.4742,224.9908,126.7879,152.0000,81.1724,231.9171,33.1359,142.4900,49.2787,208.2099,263.8049,243.9504
63.9561,212.2654,209.5347,325.9710,148.6738,232.8630,179.2097,229.4191,142.9642,96.7682,160.5648,58.0308,253.4596,-44.4143,59.1461,-6.3280,186.1429,188.2902,186.3043
89.2576,216.8048,202.8868,311.2239,160.8920,169.0466,166.8519,189.1873,157.0117,126.0821,183.1247,51.7552,225.6688,-87.8908,-21.0832,-28.1968,125.9122,140.6410,127.3140
168.8610,190.8661,156.4780,240.0465,140.3968,89.7895,121.3599,123.8895,160.6801,132.9545,166.1543,38.4430,155.2051,-73.5875,-43.0747,-6.4974,42.6436,32.0370,54.9828
204.2856,87.3197,76.2727,120.8408,83.0480,-30.0591,52.0908,54.8114,100.3986,87.0207,133.7372,-0.3593,138.8612,-51.6485,-73.2626,-5.0538,-55.9750,-127.8776,-2.2337
156.0765,-10.8133,39.3696,-3.2811,66.8004,-107.8667,48.0856,31.1883,92.9839,72.5797,134.0008,-40.8993,188.8705,-34.0508,-101.5116,-20.3221,-144.5037,-234.0348,10.6526
80.6636,-36.6139,33.7005,-52.3030,89.3688,-100.0614,80.6916,42.4835,169.1611,127.5240,137.8362,-33.5569,215.4693,-1.3477,-83.4306,-1.3518,-156.8177,-228.6961,31.5203
19.1768,-17.9438,26.8673,41.3459,93.2392,-50.7626,74.7437,48.9567,218.5352,164.1953,121.3814,34.0927,188.1718,21.4114,-50.9672,41.0627,-48.1791,-128.4069,-11.6099
-39.9087,-3.6804,55.6018,197.1727,106.8683,20.8595,83.2226,52.2244,201.8389,142.7869,103.9140,97.2002,147.5607,39.2847,-20.0633,75.6204,87.1659,17.3945,-43.5488
-105.1745,-1.7094,94.3816,261.4078,146.1812,116.9207,152.3758,95.5775,225.3721,157.2032,90.1286,92.8780,104.4926,99.4290,36.7308,106.3297,101.0246,138.9107,9.6168
-144.0603,7.1325,78.8295,220.9624,142.7257,182.1564,204.2738,173.6207,325.2094,217.3049,95.9864,45.8285,52.8273,152.1267,103.5762,120.0090,17.3944,180.9449,76.3326
-118.6632,20.4406,40.9658,164.1739,82.1555,170.6985,184.4301,201.7912,317.6148,185.6458,133.9918,6.6948,1.7489,109.8028,139.6270,88.5186,-31.8835,162.7480,80.0434
-60.4334,18.2269,-1.9870,122.4477,12.9449,130.0438,138.7138,156.8532,121.5224,65.7847,129.7254,-17.0546,-66.4021,21.3080,134.8773,33.6820,-42.3730,158.8385,64.1145
-56.8103,0.2381,-91.6417,97.3028,-54.6926,118.3652,110.7741,122.0392,17.6903,21.2515,26.4953,-26.9298,-167.6351,-21.4727,108.7122,-2.8286,-70.7227,194.3162,81.9672
-134.6020,-34.9033,-161.0578,106.0850,-109.6814,115.2467,80.9251,111.9843,153.3057,41.0812,-75.4192,-32.3199,-240.8918,-26.3906,95.1563,-16.4807,-85.7987,214.5427,74.9630
-219.0200,-88.0762,-124.0754,126.9789,-122.2833,71.9347,17.4481,52.9374,204.5567,-11.8539,-66.2770,-61.3225,-209.1588,-17.0272,97.5159,-14.5479,-77.0238,183.8476,-28.0892
-224.5949,-114.1210,-60.0235,116.4935,-99.3255,-26.2136,-43.8310,-46.9213,26.1669,-88.5089,12.7154,-90.4594,-89.3617,6.3948,82.5149,-7.5205,-88.5037,128.9526,-145.2104
-139.4247,-92.8340,-42.6128,75.2357,-36.8932,-162.8570,-31.1623,-135.8226,-36.5743,-93.9887,86.5741,-66.3239,42.3135,-1.2285,69.1273,-31.3172,-83.0393,62.4941,-145.3766
-34.1749,-91.2551,-13.6301,36.2832,80.6819,-292.4835,35.1527,-240.4811,128.9566,-121.4596,150.0312,-26.3213,144.4174,-65.1005,116.5749,-93.9446,-12.2289,-23.7355,-85.2021
10.8237,-126.2342,37.2073,36.1825,180.7494,-358.3368,62.1522,-367.6846,192.8616,-238.8107,194.6120,-45.1872,208.3145,-138.4696,189.3911,-144.4973,65.2382,-89.6260,-116.8632
21.2101,-112.5723,62.7208,86.8660,177.4497,-354.8686,20.1648,-454.2357,26.3347,-357.5713,200.3214,-98.4162,215.1541,-194.9561,175.8239,-163.6597,107.1031,-97.1977,-225.3210
88.1107,-39.2058,91.9019,132.5304,106.7189,-331.3716,-66.1022,-484.4135,-187.3499,-434.1083,189.3812,-123.1058,149.5800,-231.5337,53.3169,-190.2514,128.5676,-87.9515,-290.1411
176.5180,0.8153,127.2646,103.6051,38.6630,-306.3345,-164.7852,-469.2069,-305.3981,-476.3426,177.9332,-124.5030,40.8687,-219.6631,-72.1802,-217.1191,94.7918,-90.6940,-280.9498
156.4377,-25.8371,98.8557,32.7736,-13.7290,-244.3934,-204.4386,-381.3414,-264.7697,-439.0199,148.6914,-131.5643,-48.6246,-179.1456,-94.6156,-189.1627,12.3518,-45.4853,-226.2897
47.1135,-64.4534,41.6958,26.7701,-39.7039,-145.3025,-164.1633,-252.0825,-148.6342,-347.2488,114.8912,-143.5606,-96.0873,-167.1846,-31.8202,-120.4558,-2.5145,78.0603,-161.9238
-5.2893,-53.2386,59.0132,130.3367,-40.5396,-66.0302,-148.4822,-164.0204,-174.8191,-294.7877,111.6466,-144.0025,-140.5919,-163.5862,9.6889,-86.9183,81.0576,206.8888,-139.8111
32.3881,30.0445,126.0778,291.6198,-56.4923,-21.5808,-199.0062,-111.3785,-277.9127,-261.7414,133.0809,-118.6182,-195.7338,-138.5962,-3.5865,-110.0272,177.6141,272.4228,-135.0716
85.9522,123.8196,156.0133,427.7414,-97.9632,21.0028,-221.4974,-54.2572,-198.4049,-200.4457,152.9204,-81.8530,-213.6820,-136.5412,-5.3372,-141.1861,261.7057,268.6640,-73.2719
123.2152,144.1428,146.2397,471.8033,-152.4013,32.8701,-203.2419,-27.8955,-64.9898,-171.2285,165.2608,-64.6077,-183.6903,-149.4628,20.5946,-134.6085,316.7290,197.3166,-10.8918
132.8312,115.2766,131.8524,401.0915,-225.1188,-36.5826,-222.2131,-54.1090,-136.5110,-192.7709,175.3637,-63.6663,-153.8283,-104.4153,19.0467,-82.6735,259.2910,78.9811,-47.8436
94.9374,92.6233,126.0912,264.9466,-270.6993,-128.3709,-253.1532,-90.4531,-254.1206,-196.2615,191.6584,-74.3803,-121.6568,-28.0388,-15.7613,-8.8308,112.3145,-19.0293,-126.9054
47.6147,39.2902,130.6753,149.4716,-223.2766,-163.7122,-232.1530,-119.4561,-228.7180,-177.8151,210.0601,-116.3600,-45.9075,-0.5202,-44.5483,52.8123,13.0447,-69.5397,-158.0916
44.5311,-54.5140,128.7039,86.0576,-126.1824,-179.8235,-186.2508,-146.6644,-168.8167,-159.7299,198.7839,-150.6398,40.2864,-7.5425,-47.3576,82.4780,-7.5111,-124.2759,-151.8075
68.1570,-106.6157,113.6028,40.0566,-50.7981,-205.0055,-137.5691,-147.7362,-104.8699,-112.1887,153.8365,-111.0935,83.0629,-6.5735,-9.8469,80.7331,-6.1737,-194.1486,-97.7920
81.5789,-97.7937,112.8803,-0.0827,24.4218,-173.3328,-73.2703,-111.5399,-1.9440,-56.5405,124.9771,-42.2274,111.0215,0.5016,50.3511,61.0755,13.5698,-210.8600,23.0109
79.9246,-83.6862,112.1946,-7.5675,91.6628,-90.3311,-37.3250,-65.4896,7.3285,-39.7081,112.3263,-23.4003,141.7028,14.1758,70.4665,43.4224,36.7745,-168.5842,119.4816
53.6009,-71.0834,35.9169,5.0407,60.6582,-48.6717,-71.1943,-31.3587,-58.2329,-7.2161,36.3589,-25.6327,107.2778,14.2807,47.6034,40.3677,9.5238,-155.0719,119.5962
-2.0747,-52.4638,-129.7301,1.8740,-68.8249,-43.9088,-136.2076,-5.2662,-10.0684,87.5279,-110.5368,-8.2047,-7.2928,-29.4787,35.4860,53.1679,-45.8142,-183.2814,82.6068
-53.3520,-48.8442,-280.3252,-0.5523,-181.9896,-13.1024,-183.4868,32.5308,72.9454,177.1726,-213.5319,-6.3491,-100.6395,-65.2786,24.0036,79.8817,-62.3529,-158.5311,66.3102
-67.5442,-43.4364,-317.5487,22.6484,-208.0793,18.1703,-188.6433,85.6428,52.1187,222.8001,-206.8057,-33.5150,-109.8257,-57.4120,0.1501,105.4300,-46.8392,-68.0308,66.8475
-53.7614,-10.8669,-286.0141,49.1259,-174.7605,5.5821,-142.1674,112.4687,56.1977,267.8306,-162.4665,-63.8732,-92.2375,-91.7847,32.4637,105.8883,-44.3477,-26.1329,67.2798
-40.8531,23.2296,-310.9432,70.7249,-172.8930,-39.8940,-97.5677,78.0549,102.2336,305.0093,-158.3441,-95.9912,-120.8136,-176.8259,116.7339,85.0922,-61.3703,-85.3425,20.1060
-35.9684,39.4098,-396.8692,101.5846,-285.0743,-102.3153,-134.0517,9.0342,16.1520,276.2691,-182.3056,-119.9076,-199.5468,-176.1549,120.5416,61.5833,-80.8057,-173.8959,-92.0109
-20.1751,44.1068,-418.6614,110.4793,-447.8017,-148.8348,-235.6371,-48.7129,-133.0364,194.3357,-197.3930,-110.3097,-275.0310,-89.1922,10.7210,24.6858,-93.3088,-231.5476,-177.0483
3.6175,36.0659,-332.6935,76.5473,-476.2939,-146.9939,-306.7750,-63.4103,-183.2575,139.1296,-186.5373,-73.7722,-274.4160,-59.4936,-79.5179,-25.6796,-98.4723,-243.6936,-165.0345
1.8992,27.6278,-210.2605,53.8061,-308.0587,-132.4837,-290.7086,-15.6913,-206.2685,144.5288,-123.2780,-25.2773,-164.1186,-75.5036,-73.4977,-39.9982,-91.8209,-183.4806,-99.5297
-19.4827,16.0465,-85.1102,57.1928,-66.4269,-99.0812,-206.9289,59.5885,-242.8995,153.1447,-9.6963,13.0760,8.8875,-25.1736,-42.3003,-4.9999,-71.8894,-68.4187,-20.6165
-25.3071,-42.6344,22.5910,13.9296,131.7050,25.6443,-101.3832,97.2266,-201.4513,116.5920,69.3182,1.9089,161.5578,54.5290,-47.1870,9.6142,-68.1823,17.0880,55.9058
-30.9233,-119.1926,48.3449,-73.9460,256.4771,118.1667,4.9056,100.9899,-101.8270,95.1425,49.7104,-26.1429,246.6854,82.8435,-41.7105,-24.9459,-94.0197,53.4997,83.2641
-48.4420,-118.6663,18.5318,-92.4749,303.7807,-62.1620,104.6324,110.6129,24.9947,159.2560,2.1911,-1.0145,263.7981,99.3511,22.4201,-22.9733,-87.0218,98.7844,69.6624
-36.2237,-76.1867,30.0788,-13.5947,295.9728,-402.9186,164.2235,112.3313,206.2461,249.3826,7.3993,23.3129,233.6462,141.5361,84.8715,75.3929,-15.8894,145.6775,73.3954
-12.7368,-100.5886,49.3803,49.7396,274.5739,-543.4746,167.8021,84.4109,317.9352,262.5585,11.5960,-22.4898,185.6687,158.0507,70.6414,172.7210,37.8735,144.3508,65.2520
-32.6638,-128.7932,6.1434,35.0546,242.1175,-455.8185,166.7596,32.6186,268.9771,193.8784,-38.4000,-46.0047,150.2926,107.4184,29.8105,128.0562,32.6490,119.7250,0.4003
-19.1528,-21.4373,-27.4463,6.6416,188.3407,-395.4952,190.1560,-44.7251,220.7092,96.2579,-63.8190,15.2531,141.7177,17.6279,46.7163,-31.4855,31.2806,101.1387,-52.2804
107.3967,168.3506,-13.1134,3.1608,136.2786,-416.7168,185.9619,-111.4433,235.9215,14.1594,-19.6018,54.6633,143.8750,-47.2236,99.0977,-131.0360,36.7317,54.2901,-36.7309
224.8440,273.3128,-50.3990,-25.7923,89.9324,-411.4740,130.1084,-102.8729,191.7908,-11.8276,-6.3468,31.3918,120.6122,-67.4108,138.0266,-95.3977,-9.0422,-12.1678,-8.7905
219.3293,260.3122,-141.3292,-89.7130,15.8572,-400.5168,71.9931,-61.2418,149.0791,11.4277,-80.2998,29.6895,53.0522,-96.6683,160.3356,-34.5605,-77.9714,-46.5953,-19.0259
176.9011,219.0478,-177.1811,-127.8800,-83.1364,-435.3834,34.3714,-79.4619,180.0180,13.7082,-157.4419,44.8446,-30.5449,-124.6074,133.7753,-33.8725,-128.8065,-76.0911,-60.0488
149.7320,189.5568,-178.9275,-144.3966,-154.3769,-447.6797,-2.4964,-113.8564,90.9819,-32.1671,-183.9097,19.9445,-71.9092,-49.6993,52.0424,-35.5721,-205.1130,-138.9960,-104.5295
58.7344,138.5351,-225.9852,-200.7064,-146.7905,-381.5407,-20.0758,-72.5406,-114.1616,-67.5227,-189.9816,-3.0132,-37.2597,79.4459,24.1351,-0.4343,-303.0515,-172.8942,-96.6395
-60.3992,73.8797,-255.7594,-264.6583,-39.4810,-277.1465,21.8651,6.2415,-102.5436,-62.6933,-172.0325,18.6743,45.3658,93.8352,88.9260,3.2466,-332.9607,-127.6689,-21.1302
-60.6382,56.3924,-193.0687,-243.9342,115.4434,-169.1063,92.0434,50.0407,91.2757,-74.9003,-116.7114,53.4863,112.3620,53.0333,102.9529,-49.9612,-276.3220,-51.4993,27.8604
57.8235,83.8837,-106.1700,-144.8068,195.2712,-50.0869,99.4886,73.9589,69.8578,-124.8490,-81.6292,86.8730,126.5866,131.4681,3.7259,-68.9216,-196.4536,15.1498,-3.1782
156.9539,96.0739,-74.8147,-48.4306,152.0562,64.7199,33.8028,106.4051,-119.6589,-116.9797,-100.1595,125.3969,93.7873,228.5135,-69.6804,8.9828,-124.3446,69.6323,-20.4003
165.6398,100.0400,-62.1517,8.0184,83.4135,130.5716,8.2495,137.1424,-84.4202,-7.5470,-110.6660,158.3632,30.8565,188.3182,-46.2535,108.0690,-56.1737,84.8575,41.1119
128.8270,137.3795,2.4067,34.3599,62.1553,129.7568,70.8004,142.9953,128.0968,62.1997,-76.7450,183.1825,-46.2925,143.1137,-32.4776,106.3603,10.6880,57.0933,101.8795
117.1655,171.4821,99.5568,52.0188,29.4174,86.9092,92.0384,95.8937,175.8568,-3.0034,-51.6847,179.1749,-121.9206,191.2583,-97.7213,-0.0117,66.2724,34.9634,84.8484
132.7147,165.8477,129.9998,79.1010,-66.4891,31.1390,-23.8714,18.0895,73.9572,-55.5754,-70.0133,121.6864,-195.9229,175.6151,-188.0766,-81.4741,63.0277,31.0814,16.5443
113.7103,174.9393,53.8898,99.3463,-187.5131,-18.2295,-178.0328,-1.5024,35.5835,21.7322,-92.1348,79.7448,-269.4253,72.4783,-250.2145,-51.8753,-17.7556,19.4806,-46.0318
54.9626,232.9709,-37.4478,93.3611,-291.9581,-43.8567,-242.8679,53.4990,46.8329,93.5632,-84.4127,129.7069,-314.3799,55.5463,-279.8006,15.8753,-79.9200,10.4426,-73.5825
24.2259,278.0679,-51.6231,96.1138,-361.4427,-52.0427,-213.3154,80.8161,43.4490,37.4872,-68.7006,191.4678,-308.5379,96.0066,-278.3362,21.2029,-40.1927,22.2374,-72.8469
25.6314,254.9073,-10.9816,139.0839,-377.3275,-67.0260,-155.8121,23.6753,68.0069,-76.2029,-71.0006,155.6143,-273.9730,42.3757,-249.8045,-24.4672,28.0312,41.1659,-93.1551
-1.4060,191.0207,24.5593,194.7774,-347.8417,-75.6817,-136.2455,-60.2183,63.3399,-172.4133,-73.0631,76.6230,-231.2803,-28.3173,-213.9351,-67.3379,34.8283,63.9485,-161.2381
-52.7990,145.8072,39.8982,238.7713,-277.6744,-39.8272,-141.1264,-105.3810,-32.3483,-228.7470,-49.0123,65.6597,-174.1757,21.0993,-188.3685,-88.6418,26.2779,96.5021,-204.2172
-72.0965,124.7433,41.6032,266.7449,-138.7311,38.2533,-68.7616,-92.2586,-67.9610,-203.7364,-18.3065,122.1483,-111.0386,126.8402,-172.3266,-67.8383,61.3050,113.9239,-139.0807
-44.5368,79.9310,43.7363,251.1653,31.5639,127.8484,79.7568,-33.7040,27.8297,-133.8443,-10.4538,179.2592,-50.5830,198.7135,-163.5975,-5.6180,90.7688,93.7754,-18.7673
-7.8427,23.3194,55.3801,186.5563,132.0954,209.0664,166.7598,30.6323,69.8880,-103.4412,-6.5326,203.7784,26.3002,262.5800,-167.9459,43.7713,60.7396,53.5310,44.3804
-22.9008,32.6820,53.0082,119.9777,155.3990,259.8382,180.7459,79.7270,18.5091,-63.7784,18.6084,200.4680,101.4139,329.0174,-162.4263,80.8630,3.1328,15.0866,58.7067
-103.0103,76.3542,25.0088,78.4534,151.6567,260.6757,222.1909,126.8619,44.3058,43.3727,36.7545,179.1543,113.0661,354.1769,-104.6602,170.6036,-28.7497,-29.4441,93.9671
-155.0891,33.2999,6.1701,56.6160,87.1551,219.5825,235.1875,153.1217,118.4306,119.6156,19.2957,146.6836,67.2076,328.1084,-23.2129,260.1190,-17.1394,-95.4702,118.5683
-103.5280,-63.2305,8.4365,58.5752,-45.6624,161.5914,134.0827,123.0926,101.3658,115.1731,-5.0597,115.9483,22.4654,291.5121,-4.6516,221.4993,24.4135,-164.7283,77.4747
-23.9109,-74.6953,-1.9991,62.4056,-142.7834,110.3433,29.6175,69.5106,61.3841,125.9613,-6.6154,89.5553,-29.5858,293.7847,-58.7153,111.3481,41.7486,-201.3126,18.2943
-14.1524,-23.4333,-35.7682,16.7765,-181.8990,61.8071,3.3419,36.2191,60.8204,162.3116,-5.3100,49.1870,-113.4955,322.2983,-117.9921,79.8470,-24.2105,-218.8956,-16.6455
-48.3218,-27.3877,-72.1096,-75.9194,-252.2553,-15.8214,-27.5888,-12.8083,22.7923,135.8526,-20.2064,4.1199,-174.2262,289.5862,-154.1230,68.4432,-139.6389,-251.8951,-62.4543
-68.3200,-82.0699,-90.9720,-152.4958,-325.4435,-92.7617,-57.3378,-104.5609,-4.3028,54.5991,-25.2602,-11.1482,-170.3069,174.4841,-165.7585,-44.4504,-190.9075,-250.7283,-104.5527
-76.2058,-123.9619,-66.0794,-158.6832,-274.8376,-76.4680,1.2205,-171.4300,57.3616,-10.5821,9.8898,-20.4587,-132.1936,78.6529,-129.4817,-143.9955,-131.7861,-146.9355,-80.5232
-88.5795,-144.6668,4.5100,-87.2995,-96.1859,23.5926,85.0067,-151.3151,88.4062,-28.7348,67.6332,-65.1919,-57.4750,61.0206,-61.4028,-100.5959,-34.6603,-3.2533,-15.8653
-112.6560,-140.6191,67.9103,6.9016,109.3241,106.6309,114.7155,-68.6437,51.7666,11.3624,105.6401,-95.7429,79.2664,78.8718,-13.6511,-47.5537,19.9993,73.9157,34.3805
-153.0026,-111.6984,89.4839,50.5598,270.3334,168.3051,161.5803,22.5426,86.3980,72.2929,122.1663,-62.2542,214.8122,103.8055,5.4889,-99.8515,24.8762,95.6854,84.1458
-199.9228,-103.3431,93.6956,41.9829,350.9482,239.4786,245.9142,75.5471,139.8410,73.7057,145.8594,-25.9602,264.1578,117.8333,-4.2667,-132.1433,14.2985,107.6401,120.9351
-245.2741,-146.8336,88.7287,22.4694,346.2610,249.5718,265.2857,56.3869,55.9142,13.0637,161.1619,-41.7280,238.2956,80.3302,-56.6134,-91.3610,9.4213,85.7184,95.6921
-278.2253,-214.9607,57.0258,-9.5805,295.3416,185.8682,215.2047,-5.8847,-66.6685,-49.4418,129.2059,-75.4001,187.9306,24.0388,-92.9998,-119.5249,9.7903,24.7125,57.6692
-268.7983,-256.8018,32.0694,-41.5057,229.6055,160.2121,187.4519,-41.1673,-84.4703,-92.0104,78.9108,-95.6486,131.2460,21.6142,-52.2195,-216.4351,30.7601,-22.4708,80.8902
-230.2247,-238.5744,59.0474,-4.3996,147.5368,187.7491,169.0271,-39.5717,-56.0730,-98.4621,62.6439,-90.1702,68.0792,40.0521,-16.6582,-212.1773,102.9965,-30.0633,108.2197
-216.3526,-187.6175,92.8677,101.3082,39.7496,191.3925,75.4808,-35.4303,-30.2679,-60.2542,53.1883,-40.7135,-19.3732,19.3303,-82.2402,-106.0683,196.8477,-21.4727,73.0832
-197.0562,-169.5881,63.6158,169.3533,-91.8018,179.9247,-70.8770,-33.5088,1.7877,-44.0552,12.0043,8.8342,-129.9526,-6.8566,-185.5222,-49.0440,228.6538,-43.0067,35.8740
-111.0683,-190.9259,5.7335,131.9224,-198.1478,152.6197,-151.3097,-53.8981,-19.0887,-86.6369,-20.3024,-8.1551,-191.4483,-25.3393,-232.9174,-70.9766,182.1204,-129.8899,45.2762
-38.6075,-219.1527,-15.6460,21.7067,-215.0650,42.3235,-112.7230,-134.0431,-61.5596,-104.1970,-20.2507,-64.4194,-160.9020,-87.8412,-223.6102,-101.3244,109.4263,-232.5039,54.4898
-81.5541,-268.7560,-45.0333,-94.3837,-175.8843,-92.0770,-23.1196,-211.7149,9.3041,-48.4204,-46.8378,-112.3024,-116.7367,-171.7223,-165.5420,-106.2000,25.1274,-255.7204,55.0880
-162.5958,-340.7571,-140.1766,-166.1705,-161.8914,-118.7946,43.4055,-184.6821,140.8203,5.1263,-125.4390,-165.7868,-125.3147,-210.3374,-79.9722,-80.7531,-64.8608,-211.4760,92.8327
-179.2752,-380.2148,-221.0977,-195.0284,-147.9682,-65.6207,84.8483,-102.4898,154.0584,-3.6592,-199.4057,-204.3994,-141.7625,-222.3813,-49.9732,-64.9967,-116.8770,-190.2626,137.8324
-176.6378,-383.8566,-200.1207,-227.5414,-78.1437,-28.7154,104.7320,-90.0052,50.4316,-52.8699,-226.7319,-184.1689,-126.9617,-237.0413,-88.5385,-119.8519,-138.9189,-201.3649,114.0871
-188.9440,-398.7422,-141.6900,-271.3438,-3.2802,-10.8297,81.3989,-142.6040,-40.7781,-107.0392,-206.5359,-155.2665,-103.4789,-220.8272,-104.0813,-185.3465,-170.4575,-191.3947,30.2664
-152.0873,-405.4521,-118.2073,-276.7710,29.5529,2.7667,26.7917,-192.4515,-63.0585,-144.9401,-141.3015,-169.3087,-79.1309,-177.9531,-80.7976,-155.9521,-164.0760,-150.7601,-40.8720
-68.9181,-363.1941,-86.6801,-225.7504,66.4017,19.1808,-28.3440,-240.7073,-46.8508,-161.4868,-63.2322,-171.3580,-54.5436,-162.7401,-81.0325,-96.3864,-83.6282,-102.2887,-61.4167
-22.5597,-315.7104,-37.7743,-156.4864,120.8195,72.8766,-74.1122,-280.1613,-61.6788,-173.8136,-32.1215,-137.7233,-52.9159,-178.0955,-90.6340,-115.7113,-13.7214,-62.6003,-37.7065
-29.7822,-328.9812,-36.6517,-105.0507,139.4245,139.8122,-87.4928,-265.0855,-123.8292,-192.0795,-57.3206,-135.8802,-68.6758,-187.3509,-72.7806,-154.3762,-6.3819,-38.3077,6.6979
-60.0569,-384.4749,-60.2889,-84.0403,110.5973,158.9610,-60.7837,-224.5996,-149.7423,-209.1224,-84.9803,-167.4701,-80.2305,-175.2437,-68.0851,-150.9997,-13.1371,-28.3615,32.9207
-96.3003,-398.2617,-28.6002,-91.7040,59.1670,144.8696,-60.0678,-235.1397,-129.3877,-225.6080,-71.9943,-159.0167,-104.4957,-149.2904,-104.7717,-181.0131,-24.7755,-55.1823,8.5720
-85.8283,-330.8307,40.1254,-109.5219,-22.6688,114.9743,-132.6761,-292.7350,-180.9368,-251.4189,-31.7858,-111.9416,-149.4363,-148.3066,-155.4915,-260.1207,-49.6604,-136.5751,-61.6177
-1.3356,-246.8150,87.5353,-109.6351,-141.0122,50.4128,-221.4010,-335.8813,-302.0274,-289.6936,-6.7266,-88.6242,-180.4942,-204.0150,-201.5459,-297.4354,-33.5021,-204.8259,-139.1518
53.1078,-223.2189,109.9202,-82.4513,-241.3094,3.3873,-252.8674,-337.8409,-338.2728,-324.4755,-5.8519,-104.6818,-173.6969,-261.7340,-214.4133,-280.5027,14.2807,-193.0745,-175.3822
-11.4212,-254.0446,107.8296,-66.2466,-240.0664,12.9927,-212.2222,-320.8369,-255.7542,-332.4523,3.8620,-141.3015,-119.8732,-257.9841,-164.0306,-258.0279,1.7805,-162.8704,-149.0507
-107.4158,-311.9888,85.9615,-112.9556,-125.5568,-0.0704,-122.2051,-322.1621,-174.8838,-327.9380,26.7755,-175.3926,-15.6541,-242.9829,-95.1787,-239.1655,-67.5830,-170.6545,-93.4946
-131.6211,-380.1493,72.6943,-191.5211,11.3908,-44.2298,-36.1684,-328.2913,-171.5460,-336.0172,22.0095,-163.1221,85.9885,-277.0212,-59.2098,-243.0141,-124.0861,-137.4640,-47.5018
-131.4107,-395.5546,42.2071,-211.0809,101.9239,-5.7205,-1.0046,-260.3745,-218.5478,-312.5205,-18.5412,-95.1638,114.1910,-303.9383,-35.7260,-262.7478,-174.3988,-8.6804,2.1219
-175.6973,-341.1677,-44.7073,-173.3968,171.4341,103.8442,-4.5273,-105.6353,-245.0097,-223.5532,-63.6903,-43.4785,82.4003,-261.8029,-32.6834,-219.4353,-235.9188,135.1739,57.1949
-237.0542,-316.1601,-123.0884,-163.6329,215.6056,159.0189,-32.0933,18.4642,-222.7174,-160.3495,-111.7772,-54.1681,41.4561,-193.4709,-89.4910,-140.4365,-282.5026,203.2718,56.5240
-276.5793,-349.0176,-139.4480,-194.7535,164.6918,147.2150,-108.1291,32.2289,-230.3693,-190.9085,-174.3347,-70.6512,-16.6934,-167.0671,-156.0265,-163.7980,-324.4558,174.7149,-9.5285
-293.3401,-352.0315,-170.1226,-227.4043,32.9790,119.5025,-213.7793,2.0152,-318.7510,-212.6916,-232.7581,-56.0139,-113.1758,-190.9660,-185.8608,-250.3007,-372.9290,84.5310,-44.5299
-283.9213,-332.1305,-245.2997,-271.7650,-73.8112,72.5016,-268.0254,5.8845,-349.7015,-134.8006,-269.0960,-67.6471,-217.1964,-223.3859,-236.7135,-231.2603,-373.8203,8.0521,-0.0243
-252.4097,-355.6862,-262.3238,-319.7493,-96.1104,24.3972,-227.4401,28.8159,-184.7076,-42.7676,-273.3171,-126.2410,-279.6303,-225.4397,-299.2998,-124.7231,-299.1284,-25.5597,59.1480
-216.6387,-380.9653,-193.5222,-316.0351,-52.3143,6.1267,-145.9652,21.9434,22.4367,-57.0377,-233.3183,-164.1547,-288.6994,-223.6755,-279.4373,-56.9365,-198.5839,-69.4246,79.7809
-175.5831,-375.1696,-142.7527,-280.5007,-31.5597,-21.2449,-141.0946,-41.2064,-32.0260,-173.4288,-189.8492,-154.9587,-295.9244,-265.1688,-227.8685,-44.5810,-134.2419,-140.4302,48.1738
-136.8866,-373.0083,-160.9836,-273.9919,-147.1369,-69.4545,-265.9335,-140.9099,-342.7611,-272.9685,-215.3032,-130.7532,-361.0404,-297.3576,-261.6207,-94.2831,-152.0655,-188.7196,-59.3300
-139.5768,-331.3230,-202.4656,-250.1955,-342.6959,-60.0317,-397.2675,-191.5095,-519.4026,-238.6837,-284.1796,-83.2271,-432.6728,-242.0799,-320.0791,-214.1822,-247.1652,-187.7584,-198.1592
-187.8961,-230.8801,-218.8821,-149.1097,-393.0966,31.4651,-379.4206,-135.6357,-365.0428,-133.9302,-293.6054,-7.6202,-389.8868,-165.5978,-303.8411,-266.8267,-327.1515,-139.6918,-254.9225
-231.0717,-199.2592,-186.7239,-58.7656,-233.9394,111.4622,-254.6560,-62.6031,-246.1073,-161.7728,-226.8159,30.1551,-240.6743,-172.9218,-254.1034,-151.1309,-315.9590,-80.7074,-224.2116
-231.7072,-269.9229,-125.4712,-79.0120,-31.0676,104.3125,-160.3378,-88.5397,-456.3361,-305.3096,-162.6908,-1.0791,-112.7871,-213.5512,-196.7079,2.4979,-253.1037,-81.8765,-201.7834
-191.1492,-308.4350,-95.9388,-126.1672,119.2663,56.8058,-101.1714,-149.6871,-639.2446,-289.0615,-144.4410,-34.8753,-46.3248,-191.6503,-102.6663,65.7094,-213.8660,-96.2321,-201.0713
-131.0331,-273.6272,-100.3291,-57.8681,250.2253,67.5035,-30.1659,-109.9660,-484.8420,-73.5568,-141.3178,-12.9711,14.2902,-137.8419,-46.9413,52.1383,-208.9806,12.1447,-185.6177
-85.0459,-211.9264,-66.0206,90.3757,346.9880,135.5481,5.1300,-21.7223,-347.0608,28.1106,-118.0023,51.7520,65.8549,-121.9952,-98.8079,-33.0354,-190.9290,160.0735,-187.3990
-72.5310,-113.6637,15.3094,158.9846,371.0305,153.9697,-35.7757,-41.8490,-454.6210,-111.1051,-91.7312,111.2687,58.3645,-138.7345,-158.3070,-141.1451,-122.6370,131.7430,-214.2448
-86.8368,-27.7828,62.9988,105.2727,345.9859,85.0742,-92.1832,-153.1077,-429.9751,-252.6936,-99.5956,120.8736,4.1532,-150.7795,-136.5061,-137.2652,-49.7029,-4.5020,-203.9717
-117.1429,-41.6769,46.3302,28.6747,296.8285,16.0704,-95.8701,-219.4032,-182.5063,-253.7539,-114.2958,88.0893,-41.8382,-140.1097,-97.0903,-57.6849,-46.0202,-28.9790,-165.9038
-139.8017,-95.5136,14.3026,-12.1877,225.9915,0.4328,-61.2373,-227.7545,-143.8008,-238.9834,-80.2000,69.1724,-68.2520,-117.7107,-102.7564,-65.7154,-78.0592,13.8059,-171.0842
-132.1724,-123.0068,-10.4972,-37.8252,137.0296,-1.8103,-60.0749,-248.1708,-337.3290,-280.5744,-38.7969,75.0481,-118.0424,-111.9251,-138.5312,-115.6561,-70.3728,-24.9833,-208.4059
-131.0387,-192.4514,-54.6032,-45.2005,15.3621,-20.0579,-127.1504,-277.2831,-395.7072,-303.1906,-70.2277,65.1788,-219.7802,-110.1775,-186.5009,-97.8618,-56.4333,-92.5117,-232.1032
-173.2447,-286.4020,-114.5013,-21.6164,-126.8588,-36.9675,-206.1124,-281.6249,-336.5887,-268.3494,-131.0643,40.2145,-330.4779,-73.0930,-222.3951,-99.7219,-78.6938,-96.1428,-258.7655
-199.9606,-275.8607,-134.2904,11.1124,-217.5491,-24.9861,-240.3671,-257.9744,-318.3715,-188.6605,-125.2617,27.7576,-387.0576,-33.0344,-221.9882,-137.9542,-83.5195,-57.6426,-297.1668
-172.9562,-184.7243,-83.7979,47.5046,-229.4545,16.8120,-260.8160,-210.8032,-235.7367,-84.7102,-70.6089,15.0175,-389.7671,-51.3340,-217.3452,-68.1912,-70.2129,-6.4640,-322.5570
-180.8390,-149.9651,-23.8335,72.2717,-213.6717,22.6991,-296.5374,-189.2879,-166.3173,-45.6278,-44.5034,-18.3496,-365.7150,-100.0818,-236.8560,41.8100,-122.3744,23.9033,-350.8444
-266.2564,-197.8016,-46.1356,19.2582,-193.0981,-58.4615,-309.1263,-246.8211,-309.5191,-126.0711,-62.9528,-62.4546,-310.0500,-125.9089,-250.1881,0.7080,-218.7939,-11.3496,-388.7423
-322.1607,-264.0000,-141.3421,-89.9216,-140.8180,-139.6006,-279.6938,-304.9914,-406.8742,-198.3863,-92.2851,-97.8989,-229.9265,-143.0618,-245.4371,-105.3570,-244.3307,-57.0973,-364.7983
-286.3491,-297.8566,-193.9808,-122.6715,-38.9334,-130.4317,-224.3483,-262.6217,-195.9938,-146.1179,-91.5990,-116.1928,-155.2802,-167.8589,-231.0035,-120.1279,-173.8868,-36.6156,-248.0422
-238.8648,-303.2650,-145.7365,-72.1886,93.6873,-110.0719,-141.1847,-189.8087,4.3094,-61.1573,-50.9748,-142.6660,-87.8469,-185.7845,-172.3457,-120.7876,-86.3970,4.4410,-136.9223
-243.2482,-336.7952,-72.6404,-64.1213,181.3911,-150.0954,-69.6903,-171.6078,-68.7731,-31.9597,-18.6475,-200.7078,-40.2326,-191.7092,-79.5539,-152.4002,-61.6389,16.7586,-119.0637
-265.5185,-386.9873,-46.1277,-105.9030,154.1667,-154.2429,-88.8342,-135.4163,-187.5294,11.2030,-27.0003,-228.0841,-65.0452,-163.4816,-52.8200,-112.5773,-111.3329,31.3927,-142.9477
-258.3407,-366.2077,-42.8337,-126.2506,58.3525,-66.1234,-163.7085,-39.5951,-184.5754,90.9920,-44.5699,-168.8489,-151.2835,-93.2343,-103.5938,-35.3419,-165.2910,38.2084,-115.2736
-223.9932,-320.6369,-56.4524,-159.3792,-21.0458,13.1015,-173.5359,24.3667,-105.9293,123.7734,-58.2119,-123.2851,-208.5340,-62.0655,-111.4317,-30.9538,-175.2139,4.7691,-52.8541
-208.7768,-374.2809,-135.3032,-228.0365,-93.3509,25.1488,-133.8203,18.9001,26.8254,104.6984,-72.7429,-187.6163,-206.6335,-106.4621,-54.3506,-39.5894,-189.6727,-26.4605,-47.5963
-238.3763,-459.8578,-237.3338,-251.5063,-173.0728,24.2988,-172.1114,-7.3527,50.1808,84.7064,-40.5599,-253.4063,-194.7298,-108.5925,-47.0297,9.2352,-224.4143,-34.2433,-101.7780
-254.4350,-450.3018,-235.4931,-223.0944,-203.0291,38.0226,-270.2983,-36.9551,-157.1995,50.5305,42.1436,-202.9549,-192.0055,-10.6142,-99.9150,45.5841,-206.6572,-62.1400,-115.5826
-194.4276,-405.5759,-127.9125,-219.4856,-173.8658,51.4081,-270.4930,-52.2453,-274.4736,3.5972,76.2045,-114.6665,-184.2569,74.6195,-102.1115,38.6927,-134.5006,-96.4314,-68.6261
-113.2113,-398.3169,-57.0978,-219.0050,-147.7492,67.3233,-162.4477,-25.0909,-110.4451,-12.4352,26.0565,-84.9100,-178.8934,95.0988,-54.2402,37.3394,-90.3598,-88.6202,-61.5405
-107.5685,-374.6044,-97.4235,-163.1064,-146.7116,77.4102,-116.4939,2.1398,-45.2097,-12.8913,-39.1290,-73.9410,-183.4263,111.3507,-57.9861,29.3600,-91.3334,-68.5499,-118.8638
-153.3118,-326.4131,-179.1194,-112.3807,-147.6096,56.4027,-176.0359,-20.7681,-205.0203,-29.8626,-89.6511,-39.3861,-179.9585,104.6834,-102.7380,-17.4515,-105.2403,-87.2710,-136.5873
-133.1291,-302.4772,-202.9766,-148.8983,-121.2505,2.1435,-189.1535,-76.0203,-189.2432,-45.2203,-110.6021,-20.2834,-146.6968,35.9267,-103.3346,-75.1386,-120.5741,-131.5987,-87.9757
-19.2252,-289.0017,-135.7803,-230.1076,-41.6663,-70.5084,-116.1487,-153.2937,23.0481,-61.6612,-50.8624,-44.4357,-87.5775,-14.7704,-74.1323,-110.7922,-101.3204,-157.3591,-75.6541
68.8919,-276.7242,-36.9257,-246.0135,52.3413,-134.2157,-90.7618,-252.7840,73.5020,-93.5816,40.6247,-78.0120,-47.1072,-2.6422,-59.2207,-108.8784,-21.4957,-136.5343,-132.5355
46.8479,-277.4314,3.5883,-162.6016,76.3657,-153.4238,-126.3272,-322.1521,17.2598,-103.7239,50.7395,-83.6841,-63.4191,-8.1019,-22.9554,-70.3756,65.7771,-93.1911,-171.7139
20.3710,-240.2535,1.0252,-61.3245,31.1446,-136.2103,-106.0706,-325.5725,73.0624,-77.5202,23.0923,-76.1370,-103.2316,-49.7499,34.9296,-47.5857,126.6512,-93.1924,-147.0750
118.7585,-137.5687,57.2006,-19.0958,-17.8505,-123.9660,-48.5126,-282.7331,115.2947,-50.3518,69.4258,-80.8135,-114.9523,-52.2036,40.4471,-81.2597,197.5603,-135.0182,-90.6059
266.4317,-35.1577,163.5624,-7.2902,-56.9690,-114.5069,-50.3134,-202.3362,72.4923,-26.3352,139.7426,-68.2200,-110.8619,-15.4004,9.1930,-125.5197,265.7572,-144.2739,-15.5948
311.4954,7.6173,183.6164,5.7133,-96.0360,-83.1908,-73.5336,-104.2307,91.3961,-2.4499,134.3072,-23.7238,-112.8761,-5.6735,36.0299,-119.6643,268.9544,-120.5549,80.7087
256.0953,-32.9229,71.0982,-20.0610,-125.4019,-39.9792,-53.6776,-29.3240,134.8149,9.9972,80.4474,-18.1056,-101.9064,-31.3143,108.4345,-52.5675,219.8176,-116.1501,162.6542
181.2989,-141.6772,-50.0775,-65.9201,-146.6078,10.9993,-32.4895,45.5883,100.1498,48.0859,40.8099,-78.0887,-78.1579,-45.9527,136.6186,53.4802,182.1976,-92.3647,193.9756
111.9346,-216.2237,-51.5682,-57.6671,-137.8855,74.5034,-30.9511,141.3902,93.5947,113.8362,32.5962,-117.5943,-59.1723,-12.3242,116.2093,129.3226,167.1692,-9.6527,183.8356
60.1440,-205.3945,47.1398,-37.2650,-63.8083,103.2097,-6.0052,179.7956,158.0348,109.3746,64.7041,-99.2148,-23.7308,55.1965,99.6500,109.8703,146.7470,44.2899,164.1792
23.7696,-214.2499,115.1984,-71.9722,26.4340,70.2278,36.9694,143.2980,171.4908,36.7112,103.0761,-72.5352,35.6898,95.7559,103.0140,52.0580,120.5132,13.5509,167.0222
-47.2366,-273.8440,80.6544,-81.6069,68.1623,54.4728,68.7026,151.2418,124.8008,43.4607,78.8555,-44.6296,75.4185,96.5066,129.0280,60.8591,117.3952,-13.0730,208.4991
-139.3511,-265.1635,15.0055,-16.5755,99.6019,99.7654,104.9282,230.5563,110.0581,154.1814,10.3626,-14.9228,80.1642,110.5893,172.8623,118.6371,142.1136,10.5855,260.2763
-158.5424,-199.8891,6.7506,1.6385,144.3082,104.8786,139.7604,256.9131,152.2506,232.6055,-17.2765,-36.4782,69.8613,124.1340,189.9548,143.9471,148.7069,-2.1556,271.8138
-105.3445,-224.2326,50.4612,-93.9194,128.6839,-5.7867,108.5376,170.9235,212.4149,207.6401,2.1739,-109.3800,26.9366,64.9945,149.1183,128.6188,101.1113,-102.2136,221.9179
-76.2946,-331.2975,120.3886,-215.9044,26.3834,-161.7636,-29.8889,26.6163,200.6116,109.0971,7.5837,-181.2946,-65.8738,-35.9481,88.7833,92.3317,27.1872,-242.8541,110.9517
-84.5876,-387.3255,196.9791,-304.9179,-109.4261,-285.3740,-223.7072,-116.6474,83.1641,-8.1548,-17.2370,-250.5524,-164.9891,-92.9433,64.6283,34.0779,-35.0360,-381.4963,-47.1978
-64.5427,-346.1942,198.4230,-362.9705,-253.5235,-370.3406,-359.8804,-210.4985,-9.7555,-71.2109,-44.2607,-305.0617,-224.4901,-119.9037,76.3151,-4.9235,-84.2198,-488.5075,-185.7286
-10.3598,-249.4933,83.6004,-371.4080,-381.9673,-399.9380,-385.0477,-235.7237,-10.5250,-64.6656,-60.2852,-293.5582,-246.4836,-155.1123,71.4807,26.9726,-120.4273,-518.9938,-228.3686
16.8128,-155.7103,-31.0635,-332.9315,-454.7298,-359.1436,-362.3350,-229.6391,-22.7595,-60.4455,-73.5579,-238.2503,-255.0545,-166.5096,17.3919,81.0232,-135.3680,-478.1991,-199.5793
-17.9601,-109.5021,-45.1127,-272.2325,-501.8687,-294.3274,-349.0371,-219.0113,-44.2341,-96.2299,-94.7383,-192.4934,-273.7796,-151.1337,-38.8823,59.6341,-124.9508,-425.3707,-181.6646
-69.3057,-92.6909,-16.7892,-183.8303,-552.3239,-241.5744,-319.8490,-206.7723,-12.0679,-159.6858,-121.6453,-147.7304,-296.7278,-151.2229,-25.3433,-27.4895,-73.0515,-374.7357,-176.9585
-63.4796,-69.7617,-2.4267,-92.9234,-522.5741,-176.1810,-273.6531,-214.8414,-63.8595,-242.4340,-131.4447,-113.4383,-272.3444,-140.7129,40.5860,-71.2613,15.2517,-289.5800,-137.6423
-15.9778,-54.4428,29.5830,-50.9263,-355.9891,-83.8950,-249.1054,-215.5004,-262.5710,-278.6485,-100.6170,-103.3646,-170.7753,-71.4797,71.1151,-25.1611,82.1174,-161.4191,-83.3051
-17.3367,-43.8657,74.7613,-24.3715,-142.2534,10.7695,-221.1705,-139.9682,-381.7239,-208.6038,-40.3514,-47.9381,-30.5432,14.8803,37.7132,42.9318,99.1210,-15.4840,-69.8722
-74.1399,-12.8707,104.2783,42.7175,28.3749,77.6890,-161.9851,-42.4965,-337.5473,-129.4204,12.5438,58.2953,103.9898,59.7912,-0.6939,76.1733,109.1498,117.8487,-94.6668
-94.6166,6.2688,155.4121,109.7077,164.7439,90.9295,-122.8292,-34.3335,-331.0054,-135.3661,52.5223,95.9156,221.8918,79.7385,7.1836,101.9504,128.5769,199.3340,-106.8921
-52.3118,-4.3431,239.4566,126.1046,272.3681,62.1200,-114.1444,-53.0053,-397.0917,-128.6529,103.3014,58.4546,305.7127,98.4084,46.7316,146.1265,113.7860,211.4121,-73.7531
-30.4719,11.8224,282.0141,110.4019,305.4519,45.6775,-68.5380,23.5887,-336.3963,-18.5814,138.4913,55.4509,325.7693,89.0405,83.0283,176.7660,48.3859,188.6984,-20.0823
-82.7501,64.3122,250.2987,81.2473,245.3919,46.3202,10.4582,126.2164,-95.2581,110.4645,100.0286,73.4405,279.1385,42.2765,122.2076,174.0900,-25.1270,165.4587,-7.8492
-130.2426,104.0384,198.2668,48.1134,138.9177,16.1515,51.4467,135.7446,137.0639,161.2157,22.6922,50.1076,204.0551,11.2405,183.1729,177.8350,-53.7760,137.3141,-45.4709
-57.3323,132.3390,167.8288,37.1507,46.6370,-26.2913,41.9192,109.9509,153.0628,137.5276,-2.3823,37.6151,153.8889,33.1604,229.7097,237.0146,-29.9423,103.9974,-66.7271
83.8941,153.4267,147.4907,39.2324,-21.8023,-24.4983,2.7039,136.9883,-39.6526,102.4082,6.6601,65.4261,140.6416,64.2961,209.0047,345.6144,-15.7860,79.3883,-47.0889
107.6797,142.5385,102.0103,23.4997,-102.5347,-3.3697,-60.2909,162.1894,-196.1371,141.8330,-28.3005,82.4368,124.2529,66.6818,141.9718,430.4097,-67.1725,53.4897,-32.8400
4.6289,148.0314,15.1044,2.3343,-209.4352,-9.8652,-103.8054,127.9324,-146.3396,263.1742,-80.5994,99.6774,88.6048,89.6859,87.5108,418.7038,-144.4829,9.7961,-32.4768
-30.0872,225.1858,-73.9537,-6.0124,-309.5023,-22.8547,-82.7430,97.6413,-9.5209,357.0686,-91.0332,145.3087,63.5032,161.4677,58.1892,335.5038,-182.5294,-33.4912,-17.2078
47.1462,306.7332,-117.3391,-4.9838,-351.9698,-11.4311,-29.1269,147.0011,68.3167,382.3892,-92.2118,169.9912,56.0772,208.6730,49.3089,279.3242,-183.4549,-34.4067,16.2547
82.7401,330.6873,-119.9833,20.9613,-285.3944,41.6399,20.4435,274.4158,137.2481,418.2096,-106.0496,163.1360,62.4107,199.3594,72.7034,285.1712,-159.1308,36.5530,96.7864
50.9563,342.7025,-89.1296,75.0502,-107.4068,160.0843,86.7212,428.5553,251.0501,468.1458,-79.6141,183.8271,116.1694,206.1296,106.5459,296.2141,-96.6364,155.6860,245.5047
53.6596,360.8629,-23.1554,116.9518,77.4600,289.3722,152.4050,529.7795,310.6222,463.2344,-20.4218,227.4054,210.8842,242.1994,102.8580,284.2238,-31.4085,233.4141,350.7669
75.1403,349.7786,11.4902,120.8721,155.2853,307.1219,150.1876,529.0070,222.7797,440.6230,-13.6729,243.8897,263.8260,237.3127,63.4307,295.1676,-25.1069,199.5940,322.8120
57.7312,325.0423,-36.2627,82.2010,160.1374,209.9424,113.3291,489.6052,98.3070,481.0557,-63.7149,241.5868,252.0898,195.7983,33.9481,345.2112,-62.0863,98.3802,300.9542
52.6800,299.6523,-74.3143,0.5841,203.2009,117.2748,159.4622,492.8492,150.8672,546.5687,-81.0508,242.0776,247.9464,168.3290,38.8391,367.7340,-71.1663,29.0946,397.7704
96.6374,247.4597,-16.2549,-63.5172,272.4892,71.0421,263.8714,487.5903,343.0361,544.2580,-29.9146,217.5424,270.1449,130.4656,65.3705,320.1409,-26.6006,14.6183,440.4420
148.6876,220.2194,63.6162,-40.6569,254.8098,19.6251,257.1485,395.0744,395.7522,468.0580,28.9921,150.1550,254.4782,62.7872,85.7007,261.0218,30.9931,-3.6765,285.4781
199.3073,295.0049,81.6669,13.1685,131.9579,-43.9512,107.4292,273.1370,286.5354,394.1914,41.7986,92.4605,183.9484,26.2259,90.8115,246.0539,52.8954,-60.9976,93.0424
252.9758,393.1629,66.4366,3.9468,8.4191,-83.0255,-25.0749,204.9584,278.1949,367.9574,33.6409,106.2162,121.3254,52.4214,113.0898,235.9599,40.2648,-117.4964,28.9071
271.0296,384.4163,53.6665,-39.8736,-55.3974,-91.4653,-52.3454,155.5279,383.7059,334.9795,46.8088,153.5002,111.8428,92.4181,176.5709,192.3273,29.5238,-126.5106,22.7315
247.4565,314.7664,50.9635,-52.7317,-109.5810,-88.8059,-41.0497,65.1405,395.3471,233.1971,61.4310,143.2682,124.1650,100.9595,237.4259,156.7853,27.3335,-112.1372,-27.3205
225.9734,311.5623,79.1488,-46.3077,-189.6312,-93.6577,-47.8199,-53.9093,298.1861,111.6039,54.1051,94.6212,106.3602,81.5342,235.2981,160.5507,13.9172,-114.8152,-103.9568
221.7029,355.1830,113.8151,-41.6281,-234.4405,-105.2566,-78.9036,-152.0504,135.1629,52.1768,68.2012,101.6670,81.8564,70.7541,176.1833,169.7098,-3.9755,-103.2909,-158.9944
226.9124,343.2896,100.6743,-37.1579,-171.9077,-94.9198,-120.5838,-171.9947,-102.0458,42.8048,119.8895,152.7299,126.2353,93.1597,113.2120,155.3180,-10.5201,-47.6740,-160.0317
240.3810,286.9651,60.1194,-56.8411,-13.9660,-52.5428,-95.2466,-106.2201,-220.2249,35.5044,136.9896,168.3742,233.6924,113.9784,82.5139,126.1327,-20.6402,-9.3799,-108.7627
240.7387,266.6718,25.6745,-108.7019,152.1098,-15.4217,36.8559,-44.7680,-82.3339,37.2927,93.5111,146.3514,312.0828,101.5642,90.4651,109.5772,-52.2456,-33.7585,-70.4995
211.3534,277.5968,-32.1916,-147.1122,230.1182,-14.5169,151.0855,-42.2038,75.0878,65.0817,62.2455,120.0014,324.2261,102.1206,129.0510,131.1752,-90.3922,-63.6025,-83.4520
185.8850,272.2656,-92.1211,-138.8479,201.3992,-44.5441,146.6107,-34.7046,108.2788,87.6568,72.3189,97.7505,313.0978,141.3699,180.6436,162.7492,-95.3687,-59.1212,-101.5681
201.5566,274.2948,-70.0869,-95.0811,151.5156,-88.7604,104.8706,-3.5518,148.3278,62.1147,82.5736,97.7247,306.3929,155.4490,221.1771,152.6527,-45.0379,-52.4598,-106.8028
241.8851,322.3201,19.3794,-32.4141,151.6946,-118.0950,92.9014,-2.3540,143.3647,8.9596,96.8806,116.9328,301.4333,119.2729,226.3727,137.5559,22.6106,-42.2976,-131.2627
271.7796,387.5676,93.0879,41.4009,162.7890,-106.7464,75.4269,16.0905,17.2813,-1.4086,148.0783,129.0986,297.9333,94.7465,185.2331,163.1915,64.4016,-7.6191,-142.6962
297.6110,429.7829,147.4129,115.1297,135.9776,-79.7815,83.4539,113.5026,-12.6573,25.0112,218.3048,163.9504,288.4290,113.5774,124.6478,146.5405,118.8606,7.7254,-81.2099
339.9884,443.2536,195.3569,167.1752,100.4926,-70.7769,166.9732,194.2158,83.7698,5.4167,276.3037,239.3568,265.3090,151.8348,104.9425,45.9411,218.0993,-15.6635,19.4731
363.6951,424.9449,189.7975,182.6693,77.4094,-41.6915,249.9012,190.7855,70.0747,-36.7883,315.1602,282.5920,241.2945,177.6999,155.1532,-0.7663,287.0222,-2.7712,88.1659
330.5498,384.0000,140.3656,185.2108,47.3042,50.7272,271.1939,202.9260,29.4924,3.6200,328.3524,268.8211,235.5419,150.1099,222.3513,69.2456,285.1698,75.8557,121.4020
305.7111,357.5248,132.6074,204.9483,29.4085,142.0357,282.3622,266.7682,149.5916,87.0290,321.9160,259.5958,254.1481,72.7424,234.1427,129.5390,295.2325,136.4125,149.7235
359.7224,365.5386,175.1042,225.7030,47.6630,137.9225,293.4321,284.1874,276.8752,100.1433,312.3997,253.7802,269.0809,29.9472,201.0988,130.2591,345.3129,127.3640,179.5004
419.6303,400.9207,200.6920,237.7893,64.6369,75.5557,262.6298,243.5574,340.3529,76.4695,286.2662,234.6836,233.5230,65.1474,187.9210,137.1950,368.1982,106.1825,199.3161
405.2917,457.9804,208.8690,277.3137,74.2238,76.1943,221.1881,223.2042,439.9178,84.9114,241.1091,265.5432,175.9825,122.2174,199.4138,134.0023,373.9551,135.7928,196.5509
379.8473,515.2039,250.5944,334.6880,140.2870,149.5681,215.3155,231.0193,399.4832,91.7160,225.1443,331.3852,190.5385,145.8685,186.5496,105.6632,402.0766,198.0605,173.5812
389.6115,532.6794,305.9107,340.9042,254.0968,184.1341,240.6445,237.5728,164.7583,96.8806,247.3037,313.0290,268.0115,114.9855,152.2357,133.3975,380.6632,225.2287,155.9969
377.5098,499.2316,303.6437,286.2104,319.6506,136.0142,309.8798,243.6438,148.1357,142.1252,250.7246,219.1532,304.2858,38.1693,153.3048,197.8351,273.4376,182.8014,165.8620
351.2962,441.1033,235.9764,218.2044,316.3875,79.4084,410.6241,240.1628,420.2658,169.5355,229.6533,165.6261,291.4187,-4.6832,191.8399,177.9331,187.3552,109.4018,194.1218
359.3222,392.8329,160.8463,147.9919,295.4483,61.5328,432.4797,219.8295,495.9168,124.2899,231.4511,156.7615,284.4332,38.1127,193.5972,90.9596,169.0092,62.8469,207.6245
335.9495,371.6471,108.3489,71.1963,243.2500,58.1376,315.3858,201.4470,284.2496,72.0452,245.2034,127.2561,260.2914,76.1399,129.2726,36.9245,130.3068,52.9203,182.6424
245.8347,356.3074,62.7974,7.7566,128.6226,59.4315,171.7275,188.4597,192.4494,65.6405,235.5713,80.5801,214.9279,33.1693,74.8589,22.2103,50.8136,57.5746,135.9952
210.3025,326.1696,32.4690,-27.6244,11.9058,60.6657,118.6326,170.3592,315.3020,84.1833,230.0497,52.7983,213.3050,-27.2536,80.3918,39.0023,17.0699,56.4886,96.9743
278.3350,312.4810,54.5394,-22.5008,-52.0478,19.4258,101.7160,140.4648,368.0573,104.8256,250.3476,58.7352,216.7662,-50.1243,72.9530,90.2004,48.1159,22.2863,47.7014
328.9565,331.5965,112.8050,23.7946,-119.6421,-65.0268,11.3309,81.3923,211.2161,90.7857,254.5141,80.6921,125.2361,-46.5941,-0.3669,95.6620,66.2014,-55.6908,-38.5173
308.6460,339.0020,129.8192,55.0873,-240.9458,-120.2865,-106.6704,8.9155,13.8636,31.5997,224.7287,67.1766,0.7637,-7.4748,-54.6228,27.0547,29.4655,-128.7429,-114.9028
290.1057,328.1632,80.7202,28.6986,-348.2802,-117.4687,-109.0769,-19.5279,21.5989,7.3141,199.5710,17.0687,-27.0562,32.6825,-15.9834,5.8697,-16.3656,-138.9218,-119.3283
286.9446,335.2784,47.4997,1.4762,-353.5884,-104.5942,5.1426,-7.0853,203.5450,49.1585,191.6594,0.7077,25.7432,-8.5196,62.3026,76.7604,-13.2123,-101.8380,-77.3635
240.7796,328.1116,90.6051,29.7715,-258.9210,-107.8947,101.7115,-3.8724,288.6630,76.0408,172.2628,22.3878,84.9340,-82.7966,114.7640,131.4497,31.5869,-77.6626,-50.4573
155.9316,274.7042,124.7031,70.1207,-125.1310,-119.3358,138.3046,2.9699,260.0566,71.2609,129.2899,15.7689,136.4979,-74.2705,126.7395,131.0802,64.4338,-87.2856,-41.6619
106.4521,245.1957,42.4181,64.9971,-6.7162,-149.7630,175.1213,33.1909,315.7879,86.9394,79.0648,-9.9234,164.1903,-20.5787,91.6613,124.6593,65.1481,-109.3241,-19.7884
129.5476,275.2657,-86.9816,30.4498,72.7427,-189.8621,219.5758,49.1245,358.7812,103.7765,45.3157,-1.2394,155.3559,-12.6059,55.2365,100.9496,59.8592,-123.7255,26.7322
168.2571,298.5154,-108.1279,23.7265,121.1936,-182.0815,252.0604,57.9707,244.0034,114.6620,46.8386,26.5950,148.9910,-24.3273,94.0465,51.2913,65.0463,-116.0708,85.0497
153.3439,300.9782,-16.3269,72.9401,143.3960,-109.1863,282.2811,102.9909,219.3276,176.3628,79.8713,46.4054,156.4332,-22.1358,171.2377,34.8109,76.0659,-78.9024,124.7344
118.2043,319.5855,75.3003,136.5985,118.8669,-36.7393,274.0687,141.3019,418.6205,253.4413,116.5662,71.5266,139.1858,-24.4675,191.7827,58.7590,103.3182,-38.6146,128.0510
134.4496,324.2016,123.7008,166.8494,47.2208,-19.0842,192.8813,125.1327,510.1498,256.7091,129.8796,94.4824,98.9316,-11.7241,169.8327,72.9601,167.5562,-31.4621,113.3564
174.4263,309.8679,147.1600,206.0273,-38.8469,-33.4744,102.1993,102.7458,316.3893,211.1746,108.0621,92.0578,59.1000,23.8999,153.7152,78.8682,251.2452,-37.7648,82.8696
175.4078,352.3735,139.9671,299.7076,-134.1882,-38.7592,38.9560,92.2516,90.3660,170.0487,62.5532,80.3072,2.8509,36.3327,125.2490,79.6862,297.9034,-9.8823,9.2938
161.4228,440.7321,108.8360,365.9580,-246.1256,-42.1300,-39.3973,43.5227,38.8262,117.0271,30.1570,87.6686,-69.4459,29.6723,94.1306,30.2858,292.3288,32.7725,-66.7238
178.2024,472.0646,88.4465,320.6180,-315.4723,-69.2748,-86.4169,-19.5421,125.6307,61.4038,36.6628,111.2594,-106.7358,29.5375,95.9891,-43.7717,296.1519,31.9806,-44.9469
214.7350,435.1371,96.0123,230.0430,-271.2004,-95.8423,-16.1658,-32.2079,228.5481,34.5529,65.9993,127.2244,-78.8552,3.0222,100.0408,-46.1563,346.3941,8.7869,67.7596
244.6587,395.1406,130.6792,188.6989,-153.6700,-65.4092,92.0272,-18.0349,244.3601,21.6676,89.0210,123.8855,-10.1543,-25.0728,87.8971,12.1117,381.6154,41.2854,147.4639
245.9016,374.6587,162.8594,185.1008,-61.0926,18.6476,120.9845,-7.7699,220.6715,29.0040,98.9144,119.7686,57.0134,36.8492,98.4628,30.3216,342.9466,131.6309,152.1207
211.2265,374.0131,153.1083,176.8740,3.7012,91.8850,120.3361,44.4004,272.0962,77.7820,106.8308,129.5598,99.7710,145.3924,124.5997,13.6144,266.0172,206.3336,163.4543
182.4173,379.8933,158.3351,160.9416,111.9563,131.4933,171.0687,147.8719,305.9632,119.5811,117.1195,130.1628,130.8667,161.6677,145.8853,41.0628,206.9397,232.2754,215.7343
181.0129,345.0887,262.0406,148.3132,261.0176,162.4626,252.9820,234.5942,210.2526,127.7386,104.6781,106.6140,175.4765,83.9262,199.9566,80.5616,172.3943,230.6194,263.7296
156.7408,281.7326,358.5939,152.3725,369.0850,171.1326,348.0119,283.0985,163.4649,161.6170,42.6810,86.8069,237.0991,16.7590,274.8115,47.7915,159.6853,207.9532,308.9137
114.9762,276.7594,284.3619,176.5929,402.5838,143.3542,453.1339,336.5262,292.7463,227.5365,-26.8061,95.7375,299.6862,5.8787,298.1302,-20.7394,176.4339,165.4562,379.2272
142.8385,334.8631,123.1103,199.4264,394.5064,138.0148,499.7977,387.9953,371.6605,262.5726,-27.4953,125.4335,330.2551,39.7365,273.7661,-44.7778,204.9660,130.3617,425.9788
218.0834,355.3077,49.7174,198.3079,350.0263,172.8676,443.8143,378.5766,255.2324,273.7903,18.8377,141.6382,290.6923,85.5767,245.4869,-41.0351,201.9874,102.5803,396.7284
209.0682,293.3505,24.8163,158.3483,249.2659,149.0415,358.7137,310.3837,163.7032,307.6168,14.6222,109.8470,194.1938,95.0830,214.6723,-33.7032,142.8049,31.9491,330.4746
103.1610,205.7444,-51.0813,69.0048,117.9602,31.0497,317.3210,242.1003,257.4432,336.9802,-54.7600,59.5907,94.2284,67.4706,196.2014,16.9010,52.2862,-95.0801,263.6889
8.7989,141.0230,-130.7385,-48.6437,-16.1268,-75.9214,276.2800,171.4501,372.6988,302.7797,-124.3344,50.4911,-5.1054,50.2429,191.5691,88.3723,-26.0854,-222.7425,165.3621
-37.4619,84.5347,-171.1431,-153.3123,-177.1849,-127.0148,167.1516,55.6729,352.4944,202.0462,-171.7239,44.0921,-124.6001,54.6625,144.6995,88.9281,-93.5923,-306.5801,34.2059
-68.8154,19.6822,-210.8743,-221.3167,-352.0671,-188.5438,26.8863,-64.1817,259.2905,93.9559,-204.8762,-20.2121,-221.3535,54.4947,59.6516,21.7153,-173.1404,-342.4884,-82.2263
-77.3246,-11.5464,-236.9339,-231.3009,-442.0356,-257.5658,-51.5815,-121.0207,161.2830,35.8673,-202.1115,-66.5426,-241.8748,31.3217,3.6028,-27.7305,-225.9180,-323.5591,-166.1432
-51.8474,32.6946,-212.6751,-174.6198,-381.5352,-265.1248,-54.0060,-148.2759,56.5629,10.1069,-154.9543,-29.8920,-197.2818,-21.0067,-17.6234,-35.2971,-192.5467,-247.4897,-203.2729
-28.8857,101.4212,-167.7212,-95.2299,-208.4301,-219.6966,-31.4825,-176.2758,27.8851,-28.5062,-88.1434,-1.1393,-113.4140,-70.7006,-5.6473,-28.6275,-103.0458,-140.7798,-159.7335
-22.4667,120.8182,-116.0160,-35.5756,2.7037,-172.0998,-0.9943,-141.0984,101.2066,-57.5180,-16.8757,-19.3542,-5.5988,-62.5060,53.2354,-32.1738,-34.5300,-40.2814,-70.3966
-3.0442,113.0700,-37.3605,10.4635,179.5517,-139.0825,29.4808,-58.9061,77.3366,-58.5521,38.9743,3.5962,85.7536,-15.4857,77.1932,-74.0795,-0.8388,16.2364,-21.2799
23.2647,122.1920,22.6005,46.9776,258.3481,-131.9317,16.6196,-60.2370,-89.9953,-75.9659,43.7422,53.0840,127.5474,-5.2085,26.7929,-112.5127,28.6913,19.0851,-24.4741
16.6633,120.3564,5.2843,84.7919,239.1245,-133.7469,-35.6407,-132.7317,-118.9329,-87.1242,6.5076,43.2044,125.4845,-27.1118,27.7777,-38.5990,66.7856,33.0190,-38.5809
-10.7989,103.2637,-45.4361,163.9742,188.7478,-90.4751,-59.5021,-122.4120,28.7486,-22.6157,-18.1661,25.7231,91.9299,-0.8108,85.4154,92.8615,118.3716,111.9853,-48.1152
-4.9401,130.5204,-47.8503,255.5338,149.5963,-18.5490,-36.3020,-27.3570,54.6104,43.5430,-5.7050,62.9385,52.0902,92.7607,35.1511,65.9649,185.6925,186.0623,-34.2638
40.1733,192.4651,0.9249,266.0586,98.2217,4.9825,-5.5987,18.8541,-20.4288,3.7560,22.0644,79.0566,43.4624,164.4847,-73.6506,-106.7385,234.2858,174.0037,8.2079
72.7564,198.7464,37.3752,194.1911,7.6732,-24.1947,18.6610,4.4360,31.4897,-56.9506,34.6018,33.5366,52.4163,121.4051,-47.3934,-147.7242,209.0666,115.1609,21.6796
52.2189,126.9768,14.1436,112.1259,-95.9302,-60.1841,49.2024,10.4356,52.5830,-24.7998,18.0238,-7.4741,37.5213,11.3890,52.8996,-4.4414,115.3572,58.0832,-8.9003
-12.7576,48.2352,-54.9822,42.7583,-174.1411,-90.2986,91.0024,39.3497,-95.9953,33.2481,-9.4313,-25.7500,11.6694,-9.9232,66.8296,55.9307,42.8084,-13.6030,-5.7350
-74.4307,16.8696,-117.8205,-0.0032,-244.4483,-101.2516,123.4987,58.4360,-111.7843,31.4840,-17.3006,-54.3068,0.6003,80.7394,34.1405,-49.9535,51.7318,-73.5342,42.4572
-89.9149,15.4102,-130.4014,2.2873,-322.0526,-87.7508,98.6410,77.7352,99.1188,1.3365,-5.8630,-86.0834,-9.5742,126.8933,22.1238,-92.3536,81.0688,-75.3435,58.6552
-69.8354,-3.6445,-80.9504,0.2196,-324.8193,-85.1291,27.6731,96.7743,199.7231,-27.8159,9.4303,-98.9028,-11.9981,63.3415,12.2030,10.7951,63.0073,-52.8802,48.9318
-48.8268,-40.3870,-10.8119,-28.5987,-186.0506,-80.5202,14.0834,91.8510,107.3335,-66.4660,29.2260,-71.3321,21.5577,-5.3989,30.4940,55.3321,47.2367,-23.8093,78.5041
-23.3335,-37.1242,7.1391,-13.7498,-0.8514,-17.4948,83.7506,69.8037,38.4710,-93.3481,44.6999,10.7788,69.9296,-21.4297,77.5617,-62.9825,87.0774,59.7246,127.2890
14.3875,24.0925,-22.9559,44.0489,123.5659,68.9175,137.8565,60.4663,55.8176,-79.9092,44.0725,85.8784,106.6429,0.0777,83.7790,-205.9595,128.3997,167.0050,151.7857
34.5761,80.4667,-7.4149,65.1053,228.5308,110.2590,153.2148,70.2763,132.9845,-33.0176,55.4573,69.8715,155.9136,66.7477,75.3062,-260.4583,128.2307,212.7480,164.7841
29.3118,87.7524,73.0147,74.6231,340.4530,132.2968,182.5893,69.7642,202.4224,8.8533,95.1038,-0.9468,214.2041,113.9434,108.1647,-252.0231,135.5081,219.1857,160.7160
29.3485,72.8634,131.1482,137.6915,376.9685,163.5532,183.5750,36.2677,110.3820,-2.7959,113.2310,-20.1689,223.8117,51.3367,114.8418,-213.4332,190.1748,254.6572,131.7316
36.3719,72.0477,148.1207,211.4066,344.3481,185.7623,122.2798,15.5839,-11.7476,-44.5999,88.4511,32.0929,180.2838,-2.7021,64.8539,-154.6473,270.6424,317.8817,139.3139
35.6451,97.9890,190.2083,259.6347,347.2711,236.0823,94.1126,77.3126,130.7778,-22.4386,87.7353,91.5409,150.0651,112.3294,42.1881,-109.3373,333.9683,393.5960,203.6818
40.5442,144.2946,248.3378,320.1029,370.4363,337.0264,138.2123,190.1752,332.9636,54.0456,138.0510,110.2657,159.5660,261.4750,65.1882,-79.6976,340.3080,464.5475,235.4680
48.6599,176.2238,246.5008,373.2592,327.8752,391.5825,179.6709,248.0981,241.5253,61.1936,157.2440,98.3997,171.4085,239.8673,98.4003,-23.3911,296.5166,473.9687,194.5530
37.8648,164.1752,181.9919,357.1346,249.5510,341.1382,204.1981,219.8262,58.1811,-20.1270,98.9460,95.5862,172.6205,134.1507,145.1154,37.7871,258.8421,409.1404,145.2340
15.6656,123.8143,121.4326,289.8489,192.8945,264.6697,214.4007,160.0438,2.8369,-96.7707,35.1104,111.0408,179.6824,115.3215,149.1302,26.0579,236.3276,331.5470,111.5523
-17.4500,85.4153,99.7496,232.4423,129.1177,229.4112,145.7914,116.7024,-116.7799,-136.3957,24.2330,112.1823,160.1941,156.9759,51.2310,-30.0570,192.3036,285.3385,66.6065
-75.4445,61.8947,99.0344,205.4045,56.4538,230.0742,41.0418,108.2678,-249.8580,-145.5432,31.4291,85.7298,83.9055,180.1521,-41.5796,-7.2564,142.3741,276.2399,29.6167
-117.2736,46.6170,94.4873,184.2952,37.5219,243.9130,30.5508,110.1168,-140.0557,-113.4298,28.2642,58.5704,31.3303,185.8982,-24.7134,82.3242,111.3309,273.6672,10.2202
-110.2961,9.8292,79.8415,132.3904,76.5797,224.8099,68.9189,56.6720,-28.7994,-82.8129,33.9886,45.3143,60.1622,164.7809,21.2008,76.2606,70.8545,221.4024,-42.5692
-109.0077,-49.9788,49.3585,70.2539,116.7000,160.5163,35.1275,-43.4779,-194.0328,-84.8331,30.0759,23.2948,27.2518,97.7298,17.6021,-41.3685,21.6193,159.1187,-129.8401
-132.6599,-68.5108,-2.6695,61.1179,134.3457,115.3825,-8.7978,-87.1786,-324.5695,-57.9892,-22.7639,-26.0137,-189.5357,20.1314,-1.3536,-81.8384,-4.5745,176.8945,-184.1570
-126.4482,-26.7197,-48.0352,78.7856,139.0099,79.4805,15.8697,-63.3673,-202.9097,-11.1264,-83.6225,-72.5392,-420.7770,-21.6426,-29.4701,5.8653,-31.6570,195.6154,-197.7542
-111.9399,-11.5566,-62.3222,42.0837,131.1778,-46.2396,21.5010,-82.2273,-96.1477,-47.5967,-87.4936,-74.1719,-464.7780,-12.5716,-77.2088,40.9122,-73.4899,119.8580,-211.7119
-139.5975,-57.2763,-73.0520,-19.5724,104.6029,-219.1558,-27.8763,-160.3054,-59.3344,-130.5840,-58.4441,-53.4255,-402.2224,22.6106,-85.4231,-42.2594,-78.6211,76.8537,-209.7437
-144.7361,-80.0248,-57.2351,-25.5175,55.9678,-280.8462,-24.3668,-199.4312,100.0973,-144.9017,-49.5466,-52.0651,-372.3867,21.4141,-37.6777,-101.7017,-42.6617,86.6521,-175.9695
-87.8984,-48.3917,77.9544,18.1021,-10.5610,-218.3546,43.9920,-180.6950,192.5669,-141.7053,-56.1930,-38.0769,-342.4005,-21.7395,-14.8183,-97.2071,-12.1903,-84.4607,-164.8229
-58.8015,-28.4076,257.6483,79.9865,-79.5939,-133.9254,66.2629,-160.2637,-47.1980,-190.6246,-59.8202,16.4765,-292.4717,-17.6061,-47.2953,-128.6279,21.0162,-347.2162,-187.1912
-83.6621,-38.0116,238.8083,147.9934,-139.0093,-54.4970,26.8475,-132.7842,-337.2746,-203.4644,-52.7068,62.8705,-282.0743,55.0953,-69.3173,-186.0269,67.4018,-278.4353,-170.3647
-84.6375,-39.5794,8.8568,185.9525,-192.5534,37.4193,1.3040,-72.1383,-284.8103,-156.2920,-18.7479,89.6048,-273.2672,94.3650,-42.0490,-188.7628,91.2042,64.5393,-104.7114
-63.5555,-38.6953,-163.8169,194.9020,-240.6781,130.4182,0.1491,-3.7247,-34.6190,-155.6268,14.2488,108.8921,-205.3284,63.0359,-6.0903,-168.6385,100.3229,207.5191,-49.9422
-81.8506,-53.9197,-175.8483,213.2599,-247.6931,213.7801,-2.3771,61.6655,39.9348,-182.8580,-17.6325,21.7328,-145.6966,41.4215,-8.3950,-175.5933,115.7421,128.3642,10.7859
-134.7794,-66.3588,-181.3003,198.9050,-161.1759,265.3295,20.9833,144.2804,-68.9008,-137.9528,-91.4611,-203.7828,-133.8128,64.9528,-38.1659,-170.0177,85.9863,145.6012,120.5103
-192.3538,-76.0421,-239.2151,104.8007,-4.5662,259.7928,77.7115,219.9736,-104.7173,-74.1823,-119.3378,-362.0820,-97.1819,83.0395,-54.6318,-132.8376,-4.4884,219.4074,207.2845
-235.8347,-119.9796,-272.2471,5.2257,105.8824,226.9605,89.7295,233.4813,-22.0136,-84.6908,-102.9928,-339.9323,-42.5692,57.3559,-52.4035,-106.0986,-76.4001,152.2265,186.4568
-241.4354,-198.9557,-297.7465,-40.8477,110.2303,193.0657,12.3959,170.2869,-16.1803,-136.1131,-114.3749,-309.9482,-62.4748,-2.4316,-60.6309,-111.6756,-103.4386,37.9615,101.5452
-229.0303,-252.9879,-373.0135,-79.1266,79.8720,126.9044,-72.4668,66.7537,-133.4837,-176.9778,-158.3497,-357.0730,-139.0363,-54.1440,-93.3099,-145.0234,-141.4593,3.1791,26.9204
-231.8980,-234.0163,-429.8584,-119.9498,75.0596,41.9069,-83.4952,-12.8440,-188.0531,-195.6151,-172.9787,-351.1561,-171.2452,-59.7470,-133.4514,-182.3619,-197.8457,-2.7481,-24.2540
-218.4766,-174.7149,-375.2144,-123.7168,64.9960,10.4909,-60.0937,-24.9923,-127.2429,-181.2243,-121.0226,-285.2794,-143.2701,-44.2132,-153.9208,-186.5980,-225.4830,11.6090,-40.1966
-174.2410,-145.1956,-240.4053,-100.9604,30.7938,33.7865,-64.9805,-8.3120,-130.5659,-183.2575,-37.1788,-271.8598,-126.2388,-59.7046,-151.2910,-190.6627,-204.9068,64.8681,-22.8578
-149.4373,-150.3279,-131.5628,-76.3660,-10.2134,51.4883,-82.8670,-34.3433,-233.5829,-254.0968,-7.3837,-272.1782,-173.7070,-90.1262,-154.0496,-258.6986,-163.5334,58.5659,-32.7028
-156.6849,-152.0816,-112.4863,-69.4282,-78.9891,48.4116,-93.5083,-89.1707,-231.2304,-308.2474,-67.4507,-212.9779,-259.5744,-84.4293,-167.2895,-321.3025,-157.7821,-50.5406,-80.6857
-186.7442,-177.7119,-158.6513,-118.1871,-190.3671,41.8117,-122.8863,-96.1011,-90.4703,-265.3715,-138.0736,-165.9596,-305.3186,-49.7031,-155.2632,-263.1572,-203.6429,-143.0864,-84.0884
-257.6877,-270.3026,-193.8059,-177.3781,-281.8919,49.4612,-171.7697,-43.5524,-51.5268,-209.4298,-135.0713,-175.2572,-285.6377,-27.8493,-122.8092,-149.1472,-220.5900,-122.0696,-26.8918
-308.2515,-362.5984,-170.8085,-128.1528,-287.2766,102.9097,-199.0697,5.1736,-178.2159,-200.3062,-80.1052,-166.6538,-248.2494,-25.9005,-120.8272,-118.3666,-137.8679,-9.6316,3.9035
-246.2070,-360.5774,-104.2097,13.5582,-219.6625,194.4783,-189.0393,15.7232,-241.5839,-166.0713,-34.3132,-119.6403,-211.5478,-17.0713,-153.5802,-148.3305,-10.7866,112.1190,-14.9627
-143.3064,-300.6105,-38.5547,102.4846,-140.5273,245.9249,-163.9579,15.1092,-162.0450,-98.6979,-20.5209,-104.0253,-170.2618,8.8924,-193.9547,-137.5194,57.0859,154.1515,-27.5416
-118.9097,-278.6771,-13.5313,75.8967,-83.8199,202.3363,-140.6531,16.1952,-109.9912,-83.3313,-36.5702,-143.7175,-165.2760,11.8047,-234.5455,-87.8600,38.2844,106.8089,-29.8240
-141.1667,-306.2777,-27.0703,-13.1959,-13.4157,105.7205,-108.5614,-17.6392,-133.2489,-129.2764,-57.6186,-186.4889,-188.5341,-40.9601,-231.9832,-60.2678,-9.2887,65.5098,-44.9663
-169.0935,-345.3726,-33.8264,-78.8376,118.0415,55.7959,-50.9016,-88.1280,-132.7580,-178.4949,-54.4487,-192.6079,-137.4711,-85.6594,-141.2031,-65.0127,-16.1888,102.3199,-46.6135
-239.5569,-378.9055,-23.6351,-50.6392,257.1868,115.2230,12.6595,-118.5655,-121.8963,-190.2113,-43.7129,-180.9969,-8.3526,-46.7221,-40.8908,-62.9312,0.4483,195.1849,-38.4906
-295.5077,-380.2904,-39.4589,36.5597,296.0523,220.6942,31.3997,-80.3372,-150.0233,-144.4859,-48.5844,-173.4934,52.8219,8.8126,-46.3591,-26.0692,-38.0379,278.9710,-82.3027
-232.8299,-329.1528,-71.0635,62.7851,236.4330,230.0229,-7.2885,-65.9250,-180.5827,-89.3993,-40.8087,-155.9012,-14.0448,-28.5938,-135.2772,10.0527,-109.0247,271.0907,-160.1608
-105.2515,-284.8611,-54.2606,-5.4947,168.1826,105.5986,-56.4917,-130.3802,-210.3463,-111.2683,-5.5743,-145.7466,-112.1086,-117.5439,-208.2046,-11.3187,-120.9944,129.3343,-174.2426
-42.6825,-326.9287,-12.6705,-115.1157,108.3571,-49.1759,-72.7619,-194.4279,-218.3068,-172.3005,11.0292,-186.8142,-174.0196,-156.7241,-221.6538,-63.4504,-123.1520,-57.3222,-128.4467
-82.2838,-421.9068,-37.8953,-234.6648,17.5359,-148.5164,-59.3127,-198.7308,-110.4272,-165.0918,-22.1266,-229.9039,-215.1226,-158.5717,-189.1287,-83.1167,-218.4264,-148.3626,-126.4959
-186.5860,-468.4615,-120.8159,-304.6320,-78.4656,-179.0570,-49.4635,-181.7614,9.1686,-121.0318,-78.1064,-205.2698,-235.1279,-174.1476,-160.9731,-108.3101,-327.6330,-119.5586,-178.8350
-283.0061,-456.1732,-173.1217,-264.7719,-126.6786,-141.8229,-64.8384,-153.3062,-88.4812,-131.9975,-112.6117,-189.3999,-221.9921,-185.1371,-180.6708,-197.1472,-332.2626,-60.8119,-191.8705
-311.3323,-453.9802,-183.4645,-204.7865,-145.9321,-76.8897,-88.4112,-84.6211,-288.5041,-171.1457,-101.5489,-259.4253,-198.2984,-170.8060,-215.1623,-257.8787,-302.8322,-51.0821,-140.1911
-310.1780,-470.9342,-197.3615,-236.5484,-184.1606,-50.8773,-107.8354,-15.6031,-334.4526,-182.1615,-71.3365,-309.0320,-187.7262,-150.0416,-236.0587,-175.2787,-338.8970,-78.5096,-91.9378
-338.9272,-460.1606,-207.7637,-288.7646,-228.0227,-43.7356,-150.3453,11.5502,-346.9980,-172.9656,-79.9994,-243.4509,-191.2603,-136.1123,-302.8420,-43.6060,-394.1581,-61.7396,-74.2298
-358.9068,-430.5420,-187.4837,-277.6594,-220.1023,14.0669,-204.6090,49.6078,-482.1701,-139.9637,-129.0938,-155.7630,-202.0231,-146.5065,-409.7969,-44.0984,-413.1703,25.1027,-35.7164
-334.8713,-434.5390,-150.7704,-275.7048,-135.6514,95.9999,-213.3621,129.1705,-518.9078,-82.8531,-162.1636,-151.6013,-198.4406,-195.6335,-420.5826,-150.7608,-422.1341,89.3751,51.0004
-312.1964,-471.7427,-114.3976,-322.4894,-7.4852,127.6221,-213.2963,177.4888,-342.6067,-45.2586,-163.4661,-202.5565,-156.8407,-225.7505,-304.5789,-185.2773,-433.5212,68.6191,127.6322
-305.6218,-489.6096,-81.4598,-328.0271,109.3956,116.5534,-284.3972,158.9005,-198.4879,-13.1800,-163.9353,-222.2645,-96.1589,-169.3007,-215.6263,-114.3447,-422.5368,40.9904,130.1409
-283.1761,-460.6030,-71.3165,-256.6017,183.5044,106.0603,-342.2200,136.5667,-173.4147,60.9130,-173.9080,-167.7002,-60.5255,-91.2246,-240.0868,-65.8343,-374.0814,76.3560,91.2712
-255.7516,-415.2346,-87.2359,-180.8144,222.5330,95.3023,-262.1986,135.6227,-126.9895,103.5626,-190.4860,-93.8317,-55.5657,-111.7426,-294.0714,-84.6099,-288.6678,116.3056,81.4777
-246.7565,-389.8965,-91.0878,-140.2333,239.1417,82.9748,-138.8966,108.7316,-108.2873,29.0460,-216.6975,-79.6642,-55.8965,-201.4971,-302.7880,-91.2033,-190.3550,104.0873,78.6256
-236.8891,-351.6418,-62.1884,-87.2917,214.4715,93.8066,-114.0629,59.7495,-215.7693,-68.3123,-238.3627,-73.4770,-62.8091,-220.0601,-286.6331,-59.1272,-105.8253,89.8312,25.8856
-198.7445,-244.8972,-24.5238,23.5356,133.1924,129.3212,-134.2719,45.4751,-306.9951,-73.2974,-242.2079,4.0716,-98.2580,-137.5891,-274.6307,-42.1636,-21.4874,118.6760,-30.8272
-130.7599,-122.6123,0.9284,139.3326,32.9819,156.1066,-134.0517,57.3747,-261.7896,-43.8163,-236.3257,64.9010,-150.9372,-60.9019,-263.7742,-51.4459,65.3425,135.7202,-23.4494
-69.8204,-89.3106,18.8992,164.3957,-37.6271,148.5573,-166.0268,42.0606,-183.9994,-59.5031,-219.5597,35.4984,-182.3466,-57.0763,-249.1863,-51.1341,103.3084,93.0555,0.4647
-57.8637,-115.9917,43.1104,124.4152,-73.0231,121.2523,-212.1031,10.1614,-196.9118,-89.0907,-189.5721,26.9866,-187.3375,-88.8123,-235.6662,-38.0894,77.3670,56.2954,-27.6302
-63.8131,-108.7373,73.5693,122.9268,-85.1378,110.2679,-202.4454,-2.2035,-313.5028,-105.6206,-170.5651,70.0007,-201.6517,-112.3003,-235.8541,-28.8689,41.6306,89.5813,-81.7020
-42.9375,-99.4789,77.3397,137.8866,-103.0555,111.3348,-198.6508,-21.4588,-428.3353,-117.8675,-174.7242,36.3835,-243.1299,-126.1708,-261.7745,-16.3774,20.4279,125.4308,-129.1001
-45.2305,-137.6087,37.3785,95.3611,-178.3688,75.4890,-256.5035,-78.6467,-381.9602,-105.2947,-182.6850,-33.6621,-284.0273,-130.2332,-299.1233,-0.3879,3.3695,92.4200,-195.4032
-88.3625,-139.6199,16.3978,60.5936,-274.5717,-7.7093,-292.0046,-156.6987,-256.3857,-100.2114,-185.2002,23.1760,-296.4758,-118.5112,-321.5502,-11.8173,11.8518,49.8255,-292.9901
-61.6173,-72.5149,62.6765,89.7479,-261.9146,-91.3248,-282.6112,-257.3481,-363.0909,-185.1918,-182.6705,133.8718,-294.7309,-106.0886,-341.1497,-58.2064,43.7093,44.9681,-395.2263
54.8420,-58.9874,97.8022,82.9680,-137.8725,-143.4811,-298.6374,-376.4417,-651.0836,-284.9711,-165.7660,119.2695,-296.8225,-108.9869,-372.1421,-89.0223,36.4683,19.6973,-457.9986
108.1716,-135.1202,46.0484,5.7683,-35.8687,-159.4417,-282.1037,-415.2103,-651.7346,-226.9308,-143.6481,27.7242,-268.4531,-115.1756,-358.8765,-71.9215,-20.9950,-26.3802,-426.3893
37.1916,-188.1738,-19.8125,-28.9605,37.9574,-137.5196,-145.7945,-311.1615,-294.5133,-68.7819,-132.9910,-10.9641,-174.5209,-116.1134,-262.6866,-52.7723,-62.0971,-20.6955,-304.4344
-47.2541,-195.6669,-12.9403,-18.7051,161.1757,-108.6940,-5.7782,-186.3305,-82.6140,-30.1864,-116.0043,-19.9111,-73.9565,-137.7563,-172.6987,-67.6634,-74.1294,1.0752,-189.2324
-68.4002,-217.2090,17.0110,-78.5157,241.2553,-113.6671,-1.3989,-157.9959,-252.3063,-116.9736,-85.3230,-41.9456,-62.5409,-189.9709,-180.7977,-78.9623,-110.3728,-42.1829,-143.9333
-46.1961,-211.1412,-5.7837,-182.3104,171.5484,-129.9594,-66.4902,-151.7474,-484.8857,-165.8067,-81.7293,-24.6288,-124.7417,-218.9999,-240.6304,-76.0895,-157.3344,-100.8462,-123.8192
-21.9105,-155.5639,-52.6120,-205.5064,80.2976,-116.8050,-89.8581,-85.8423,-522.1348,-157.4465,-117.2361,49.6697,-156.3407,-183.3168,-277.1897,-105.2311,-142.1164,-95.5832,-79.5172
-34.6888,-168.5084,-59.9534,-149.9574,101.3675,-87.5250,-75.2621,-23.0719,-419.5409,-160.7088,-140.4806,103.6648,-119.9187,-131.8638,-282.2755,-143.9227,-70.9985,-49.3459,-16.7495
-74.4640,-259.0123,-36.6759,-107.3587,146.0045,-58.4084,-49.1999,-7.0685,-268.6107,-140.3238,-121.4266,74.3002,-68.0406,-115.8599,-247.1871,-124.2075,-31.4884,-13.2030,38.3228
-85.8537,-257.0211,-40.0577,-121.9313,107.8417,-31.2718,-22.1023,6.6009,-150.9014,-78.8534,-84.3904,-9.3662,-46.6158,-105.6459,-184.8815,-80.2541,-69.7735,-27.2265,41.9492
-83.3950,-177.6594,-77.0547,-193.1820,18.6128,-49.4765,-31.1772,-0.8363,-173.3628,-83.8625,-43.6918,-66.3990,-56.8106,-94.6438,-160.2011,-87.4944,-149.1490,-119.4893,-29.4451
-119.6591,-252.6252,-88.4632,-284.6676,-62.2374,-130.5035,-79.1094,-97.9839,-305.9582,-212.6078,11.5245,-60.7705,-69.5987,-143.2396,-163.4053,-131.4391,-199.5739,-221.3615,-122.8082
-145.0005,-461.4407,-52.6990,-319.7341,-100.7111,-195.3356,-118.9398,-250.0624,-436.0235,-374.6728,62.9435,-37.0942,-56.0770,-226.9096,-140.3255,-176.0218,-177.6774,-233.7379,-189.5618
-87.8263,-501.3208,-28.0372,-266.7926,-90.5502,-194.7297,-148.8853,-355.1855,-549.8939,-455.6761,58.4576,-45.5301,-39.7974,-238.5195,-151.6892,-215.3147,-121.2308,-191.0874,-256.3331
-8.4525,-316.3269,-58.1138,-186.6870,-77.1198,-181.6289,-182.5671,-376.4279,-603.5778,-405.1218,-17.3717,-78.6662,-63.7488,-190.1869,-225.3787,-207.8721,-116.2835,-163.2612,-321.7633
-14.3143,-172.5717,-123.1879,-147.5709,-58.5867,-181.3205,-156.7556,-342.1248,-470.3680,-248.5918,-98.1702,-107.9492,-87.3509,-180.4703,-217.3323,-132.9126,-165.3187,-119.7013,-318.3351
-107.7924,-186.5243,-176.9354,-151.7785,40.2411,-159.3128,-33.9002,-289.9111,-213.4811,-88.5518,-102.2759,-124.9044,-41.5704,-190.1925,-94.2318,-58.9279,-181.8952,-62.2104,-241.2679
-205.6272,-239.0632,-166.9688,-161.9398,176.8938,-126.7196,81.9122,-239.1088,-55.8082,-15.1254,-45.6172,-126.8118,28.9343,-145.1321,-29.8989,-25.2641,-151.4231,-67.0032,-162.9563
-249.3057,-285.0797,-101.2682,-161.5540,202.8078,-116.9617,88.9400,-175.5027,-32.6988,-14.6643,-28.3548,-108.2103,45.4709,-77.8883,-56.7772,2.4668,-152.0523,-117.7788,-106.2398
-264.1010,-346.6963,-90.3454,-178.1986,120.8968,-115.8453,35.9049,-93.9749,-27.9709,-36.5465,-86.8128,-76.7248,50.6437,-46.0802,-40.4286,13.3528,-198.8088,-143.4521,-39.5022
-296.4391,-355.3838,-179.6446,-227.6901,58.6948,-112.6918,-0.8657,-40.9950,-31.9358,-74.3494,-132.2630,-50.3970,105.7181,-38.1570,12.0036,-25.1275,-223.7807,-160.7154,31.4961
-313.7733,-288.1680,-251.6679,-253.4310,32.3988,-110.7631,-36.8948,-33.2282,-79.2647,-109.1306,-88.1562,-35.5808,145.3500,-39.7198,17.3973,-57.9337,-207.4723,-176.4575,70.0014
-270.0053,-242.6617,-233.9209,-196.7264,-17.7581,-69.2846,-75.7615,5.4763,-126.6696,-75.6997,-16.0290,-21.9798,98.9528,-39.2331,11.0872,-19.1373,-195.7913,-125.9966,75.8833
-225.0339,-247.2750,-179.9881,-96.8300,-79.6981,37.1164,-61.5139,123.6795,-129.0105,38.8487,-15.9489,-4.1431,24.1139,0.4790,21.4357,60.3025,-197.4442,-24.0541,87.9527
-243.9484,-242.3073,-115.8263,-23.5493,-120.0008,143.8128,-5.9421,242.5441,-74.6787,145.4410,-59.4219,3.5536,-6.5784,60.6073,19.9536,108.7115,-161.9000,37.7161,122.5970
-266.6466,-223.9567,-99.1894,25.6847,-146.0047,177.3439,9.9542,267.3083,21.2003,167.6013,-40.9904,-13.5649,-14.3357,66.3182,35.8916,100.9597,-76.0585,45.1295,141.4093
-229.1465,-200.8786,-250.0310,63.5236,-160.2224,141.3729,-21.1118,209.5414,86.2755,133.0630,42.6017,-42.9236,-26.1008,14.2143,69.4879,67.7300,-22.7208,35.2966,108.7774
-190.2899,-150.3483,-432.8928,55.3779,-153.3703,91.4328,-49.1716,137.1047,73.3242,91.3415,97.5054,-54.4759,-7.3127,-27.0722,50.9881,45.4681,-63.2709,14.8738,54.4687
-214.7215,-110.3618,-325.1940,16.6693,-119.3835,91.3214,-76.6127,86.7859,32.4912,41.3531,91.9837,-41.0823,59.4534,-19.0208,17.5997,26.2542,-105.3574,7.2439,29.6859
-246.5214,-116.4909,1.8552,26.9794,-45.0694,157.0555,-113.1873,60.7154,6.2121,6.7895,82.5178,-33.5716,129.9340,22.9135,54.6194,3.1672,-45.5577,37.5287,34.7139
-197.0980,-108.8596,151.6900,72.8469,55.8472,205.6350,-120.7130,44.3684,-14.7463,36.7514,100.1694,-63.6205,169.0936,45.6975,97.0306,14.3561,21.5977,51.0051,38.5593
-100.7359,-85.6447,69.8793,36.2617,126.5466,145.9028,-97.8303,15.9689,-16.0628,83.2579,113.7124,-127.0485,185.3135,6.4309,64.4449,49.0842,-42.3485,-18.0617,27.7766
-86.6190,-141.2951,14.1497,-104.8991,128.4151,13.9772,-106.9665,-31.2073,14.3848,68.7282,89.2879,-192.0458,167.6243,-50.1639,12.5929,33.7754,-168.4231,-136.8997,2.5031
-171.1366,-238.4709,39.1685,-223.6777,65.1518,-93.3800,-176.8965,-85.7106,46.7438,50.2598,32.0177,-215.3136,78.1869,-53.4553,-15.3524,-14.8224,-208.4891,-227.9357,-34.4096
-206.2888,-235.4388,54.0334,-231.1427,-45.0414,-167.5126,-268.0127,-134.6597,59.7194,88.3441,-17.5000,-166.5522,-54.6225,-34.0500,-44.2596,-16.8523,-158.1655,-265.4422,-69.7335
-121.9067,-154.3141,83.0254,-179.0056,-161.2205,-244.5201,-325.2797,-162.3905,48.8730,86.8084,-23.8882,-88.8737,-132.2367,-53.5173,-60.2428,-0.5009,-90.1239,-265.5781,-86.8246
-32.9188,-123.9822,138.5293,-146.3068,-226.6685,-292.6529,-324.5199,-158.7172,25.0903,-3.3412,-0.5076,-79.4268,-119.9207,-86.9504,-54.6699,-26.4675,-44.4512,-240.4745,-86.2602
-10.8790,-132.0155,159.8810,-131.7602,-230.4558,-271.2648,-297.6245,-141.4108,21.9347,-56.2429,17.8811,-144.0981,-84.8817,-90.6247,-64.4235,-57.5650,-40.4265,-198.1548,-91.2419
12.2074,-73.2903,145.8167,-89.8048,-220.6215,-220.4697,-295.2549,-132.2712,18.1443,-22.4914,34.3775,-170.7639,-70.3206,-64.6425,-74.3575,-74.0978,-48.2788,-157.9921,-119.0556
57.9247,55.5085,114.7552,-12.5438,-239.2240,-190.4780,-313.6595,-132.1569,-40.1666,-18.8984,70.0689,-105.3904,-47.9107,-18.2893,-47.0562,-115.5084,-13.3173,-143.0561,-158.4017
68.2296,150.3410,79.8161,51.2553,-275.3076,-177.1308,-327.5367,-160.0115,-104.6304,-98.2523,116.5827,-25.6752,-10.4001,6.1000,-17.8169,-145.6734,32.3546,-168.5373,-199.3970
52.3442,135.7050,129.9533,49.6046,-288.8850,-186.3358,-351.9373,-241.8093,-110.2014,-192.2152,163.5481,-6.8550,13.1087,-42.0450,-14.2941,-108.3642,36.9102,-232.9238,-240.8112
67.8897,68.9662,285.3282,-6.2400,-265.0964,-232.3011,-374.2319,-323.3257,-95.0783,-233.0775,217.6824,-34.5780,29.8343,-93.7307,-1.7958,-50.6678,45.7198,-288.9386,-241.7121
108.4606,70.9051,382.0455,-53.4992,-218.6309,-255.0051,-323.6430,-310.7874,-64.0411,-177.1570,253.4775,-53.8569,63.5405,-30.6261,24.1005,-5.2728,73.8910,-265.6248,-161.9290
118.8199,128.9380,328.2686,-74.7468,-149.9862,-198.2293,-193.8027,-217.9693,15.3445,-47.5479,225.9158,-39.9326,98.1842,99.4303,33.8566,77.1560,32.1235,-185.0025,-62.9036
67.5070,109.1582,239.3904,-129.8890,-55.2942,-135.3184,-70.0653,-150.9441,71.0983,38.4215,159.2827,-29.8068,117.3231,142.4734,35.1269,174.6513,-88.0384,-165.3650,-38.9084
-4.3791,-0.6709,201.8838,-242.0169,27.0002,-155.5674,-2.5588,-177.8563,89.3250,30.8121,128.6387,-65.8247,128.0320,73.3284,46.6740,191.9757,-178.1388,-233.7697,-80.4408
-5.3141,-68.4172,176.0409,-330.2509,48.8783,-222.4401,20.6741,-315.4145,173.2542,-0.1620,138.5225,-122.5314,105.4285,-10.7941,67.3942,139.9715,-199.9686,-290.3750,-137.0247
75.6432,-48.6740,139.0944,-331.8427,10.9080,-275.6828,3.1401,-544.4617,250.8272,-30.4707,122.4566,-166.4574,19.2325,-57.3278,94.1995,127.6222,-197.1722,-303.2265,-211.9762
138.7271,-25.4398,116.6864,-290.9618,-57.1766,-320.0593,-51.1270,-761.8569,199.0278,-72.9966,68.8195,-204.1710,-76.7670,-89.8429,101.6045,192.6102,-180.4473,-324.7971,-288.6956
140.3922,-47.6450,124.6793,-252.8542,-128.5804,-339.6260,-115.7138,-850.2664,171.0204,-78.9444,40.6818,-195.7544,-107.6415,-135.7317,56.8375,263.2667,-147.0624,-333.8337,-310.8172
143.9529,-74.1276,161.1945,-197.0405,-184.5774,-296.8360,-176.4058,-818.1488,260.2773,-57.1741,65.0741,-102.7279,-106.2518,-187.5321,-2.1411,271.3717,-104.6653,-288.0425,-278.8503
179.3717,-43.6248,198.7594,-122.6702,-237.9879,-216.6460,-228.2493,-741.2605,275.0510,-77.0472,92.7320,-27.3500,-155.2518,-207.1111,-4.4378,238.8334,-38.7692,-236.0423,-228.5089
212.0711,58.3656,206.3233,-54.1706,-316.4487,-139.1851,-253.6597,-628.4633,215.8217,-72.4373,75.9865,-48.6167,-246.9761,-160.4485,34.2424,236.1572,40.0120,-203.2848,-159.5815
219.8419,174.0006,195.4314,30.6774,-389.8634,-63.6036,-244.9939,-476.4298,264.0699,36.7208,33.8781,-43.3224,-300.0670,-67.4497,41.5264,282.4796,82.4878,-137.5694,-84.2136
203.1299,236.8385,194.4143,133.2257,-384.6389,-1.1113,-209.3789,-354.5316,277.2445,114.2027,32.9606,63.9289,-260.4201,-1.2354,4.6931,324.3361,91.9852,-49.1244,-37.9913
193.3178,254.0766,220.8988,177.8049,-278.5819,22.0945,-147.2171,-324.7534,84.4632,38.5318,110.9620,140.0912,-132.6436,1.7915,-36.8089,297.0342,117.0338,-8.4166,-8.1383
235.5992,267.5619,282.6751,147.6115,-118.6016,7.7455,-57.4407,-359.2159,-80.0115,-60.8245,215.9387,133.1882,30.3332,9.3992,-53.6709,199.8186,162.2540,-15.1693,32.8504
289.3538,287.9341,330.8443,134.6266,29.9558,-25.5379,56.1644,-384.1136,-46.0887,-55.7109,252.0489,160.1339,159.1137,93.4732,-16.3455,130.5488,204.1183,-15.7516,60.7589
277.0909,316.4587,293.9603,178.5432,119.2780,-36.3396,173.6466,-354.7471,11.7759,-14.5024,198.6542,227.6743,228.7176,202.0138,86.9826,174.2896,229.9201,21.9150,53.2922
246.9392,348.7604,200.5393,218.9655,146.1760,10.3323,232.3706,-295.6617,15.3883,-16.8613,128.0098,232.1965,258.4025,243.5682,181.0111,247.2688,218.2336,89.8271,30.0014
283.7400,355.6411,126.0454,216.1262,142.2547,45.3674,186.9764,-279.3549,74.5405,-32.1569,96.5209,186.8210,252.4817,222.4009,177.0173,218.0800,169.0818,119.4915,7.5525
339.7612,340.3857,74.0967,181.7970,118.1353,-18.1036,102.1301,-329.8481,208.8330,-5.7871,92.1334,170.8260,204.5343,179.7766,123.7487,144.0549,130.3330,61.6671,-18.1312
352.8395,353.6217,52.4025,144.9598,56.6423,-105.5582,58.5246,-378.9688,320.3985,59.0601,98.8739,189.9416,132.6056,131.8468,119.2592,148.1960,129.0305,0.3414,-67.9188
363.3894,396.3762,99.9537,154.5773,-36.1997,-116.0057,8.1932,-369.3589,248.7084,84.0435,134.7843,223.5816,55.2975,117.0503,119.9377,180.6643,148.7008,20.4135,-170.2417
387.4420,411.6967,157.7216,217.1438,-119.2927,-121.0927,-110.6886,-350.2149,-26.6792,18.1586,191.1021,257.3151,-22.0186,133.6184,45.6840,148.4820,181.9737,49.6957,-303.9147
384.3189,392.0011,132.1187,247.1990,-159.9771,-196.0081,-212.8667,-410.1863,-176.5551,-53.8672,195.4611,255.6500,-83.0257,89.4381,-31.7880,88.9708,214.8802,12.1346,-391.8152
366.0684,382.0944,53.1627,188.3199,-180.4077,-261.9488,-206.9329,-542.9897,-22.2265,-52.5041,104.6982,204.4077,-118.8708,-18.5088,-24.4769,45.4426,206.0808,-41.1775,-393.7896
354.5804,388.0859,-13.4136,105.2747,-239.3644,-253.5829,-163.3684,-635.2099,86.2766,-29.3754,-1.9101,142.6213,-148.2511,-58.7199,10.6218,3.0976,157.8309,-65.6377,-340.3774
327.4333,382.7732,-43.4247,81.9940,-329.7281,-198.0069,-168.6074,-601.7963,21.3183,4.9991,-16.1198,137.6599,-179.4487,-0.6638,17.9591,-12.6814,133.3075,-68.6987,-279.0378
305.7024,373.8742,25.7126,126.0572,-361.0659,-110.5906,-175.7202,-491.6804,147.3923,109.0866,41.2600,233.1205,-200.1607,66.5138,36.5122,10.7877,162.2688,-35.1470,-251.6730
329.4217,388.0324,189.9774,189.7313,-308.4254,-23.0435,-137.7077,-414.2556,381.8457,186.7548,73.8426,366.6982,-202.8317,129.0109,62.6714,10.7845,202.1472,5.1709,-274.8545
354.9354,412.3564,265.1235,210.1735,-245.7465,2.3199,-97.4689,-397.5909,246.8536,103.0598,73.7783,413.8452,-167.7464,198.7771,52.7375,-25.1430,198.1877,-22.5095,-305.6523
337.2519,414.9597,149.0529,165.1350,-183.9842,-4.8842,-57.2216,-379.3291,-80.5357,-29.9868,86.6225,368.3604,-71.6218,226.6283,45.2651,-35.7907,141.3597,-74.8196,-285.6610
314.8730,407.8439,12.2736,111.4717,-67.6419,27.4752,37.3003,-307.9308,-86.1321,-37.7668,86.1150,330.8541,55.2307,240.5164,91.4444,-12.8956,86.0172,-48.8651,-205.0889
319.6347,430.0499,16.9998,108.2200,69.9161,71.8649,155.0077,-197.0493,142.1810,45.2513,37.4292,329.3994,155.8973,313.3949,160.8501,14.0159,96.1832,24.6969,-94.8685
337.2861,479.7250,78.0849,136.8017,148.6142,82.0917,214.9015,-88.8511,293.1192,133.7494,-6.6673,328.6461,218.3679,369.4124,208.8371,46.6881,142.0440,67.5026,-8.2811
352.0045,520.7253,38.2587,149.6003,167.6971,79.6871,222.9842,5.5404,358.7502,232.6237,-0.5379,324.1178,250.7494,313.5817,211.4590,76.9407,120.4613,92.3129,11.6438
327.0444,535.3710,-103.2522,131.8542,148.8481,71.4386,219.3247,103.9930,336.6505,323.0993,8.5742,304.7287,249.7579,228.9270,164.3732,93.1921,17.6590,109.4622,-0.8436
247.3841,523.9294,-219.8036,99.7527,97.7184,50.6318,197.8070,190.9347,251.0721,369.7988,-20.2513,262.6803,239.1169,201.0347,139.1798,116.0312,-57.8760,95.2036,26.0516
203.2023,492.5282,-241.7912,89.9009,60.9746,50.4023,171.9696,219.1726,303.1282,387.6790,-47.0125,242.9055,244.1973,169.7853,196.2924,129.8013,-47.9677,90.1349,79.9165
261.6004,464.1002,-229.1948,120.7342,52.9532,75.9015,170.9918,200.7406,425.5062,371.7772,-33.7935,252.9230,228.2310,102.7127,243.3606,94.1484,-16.2307,137.8541,102.6399
333.2890,451.8686,-221.3989,157.5818,14.3203,105.4677,167.2832,215.9803,340.2393,323.0253,-2.4468,237.7021,160.7299,72.5961,198.8616,61.2144,-4.1996,195.4112,121.1456
332.0467,441.8655,-161.0947,172.4657,-32.5485,165.2460,151.4144,301.2636,192.2681,315.6300,21.2615,197.1078,104.8313,103.7453,171.4787,102.5135,31.1076,227.9436,192.7279
302.3201,440.8838,-62.6491,189.1514,2.4145,249.6902,178.3998,399.4000,285.3322,366.6041,39.8792,167.8895,132.9453,129.5162,245.8460,154.2408,93.5586,250.7135,274.4382
281.9624,469.5923,-30.4386,215.2692,72.3677,281.5891,244.2398,439.4683,477.0473,395.9410,49.7881,146.8965,214.9594,113.9879,319.6152,128.8437,117.6613,243.2088,290.9178
244.8103,492.3003,-55.9369,216.4969,74.9865,257.8094,284.8183,425.0143,531.6064,400.4298,41.1735,146.5960,274.3518,109.1440,326.4977,85.9896,96.6231,178.9076,278.0623
207.0870,459.7830,-61.2420,186.3660,63.9581,247.4319,303.7529,429.1463,516.3995,437.0806,28.9847,184.0517,300.2599,169.3861,330.5730,114.4929,99.5449,103.6492,327.0106
204.8956,401.8317,-67.9223,159.4120,120.0970,247.1122,323.2647,489.1839,495.4503,465.5876,26.4275,210.7421,331.2829,253.7529,329.1556,164.6855,147.4121,70.2738,418.0376
214.1216,373.1645,-83.5278,164.0182,187.1051,236.8729,313.0018,539.5101,432.8040,429.8370,20.1603,199.7569,372.1141,283.3104,266.0986,151.1883,191.6166,72.7885,444.8674
205.7932,366.8557,-42.5510,198.1285,224.4838,258.4895,296.6524,522.3045,403.5594,380.6918,22.1201,183.2851,405.0990,262.8458,207.5361,107.8436,199.6783,87.5498,396.4503
182.1546,351.3904,5.8298,211.8712,285.1329,284.6931,331.7738,487.2589,451.1075,373.4475,61.3093,145.5114,442.3055,236.7835,238.9245,111.6871,170.5137,87.4474,363.4503
135.4193,312.5573,-41.9030,145.3624,347.3188,209.2641,352.9485,470.9196,455.7542,385.9784,87.4027,73.4698,473.8439,196.1070,293.4379,146.8431,105.4433,30.6532,363.7250
70.0810,245.4699,-131.4704,27.2273,314.2309,39.2264,271.4176,415.6418,352.8913,387.4792,26.7161,35.2074,430.8556,134.4514,266.3309,147.0036,21.5881,-83.9447,326.3474
17.4023,179.9693,-176.6012,-53.2597,193.0617,-113.1458,149.9206,311.7852,220.6056,373.3503,-58.1816,32.7041,306.7928,81.7136,170.7492,98.4506,-47.9965,-192.0550,233.9873
-15.6451,160.6541,-191.0043,-81.5530,80.7555,-207.2049,74.6152,228.6670,145.8724,339.3914,-57.3563,-16.6344,206.4103,38.4020,89.5784,33.6681,-86.2986,-242.8420,128.5671
-31.0455,157.7234,-172.1264,-101.2807,10.7096,-266.3380,21.7927,163.6492,153.3393,278.3269,-17.9624,-84.7095,173.9608,-4.1737,71.6109,-14.4965,-98.8631,-253.1847,34.7111
-9.4007,110.8929,-155.3861,-108.7775,-56.0586,-281.0051,-22.3442,84.3811,185.8412,196.4689,-41.0363,-84.8083,136.8545,-31.1668,98.4633,-27.5277,-100.8017,-263.4011,-9.9254
31.5780,57.3384,-265.4627,-98.0682,-129.5126,-243.8971,-11.7149,64.4178,174.1482,124.3515,-82.1037,-53.8223,84.0636,-58.5595,125.7013,-13.4776,-101.9840,-280.2003,38.8080
35.0117,64.2632,-421.8417,-111.1099,-159.0687,-185.3152,47.5551,154.5117,170.1547,83.2471,-63.0507,-59.5639,92.5045,-95.0022,153.0163,11.0871,-83.1934,-268.9142,140.0890
-13.1403,97.5666,-353.1346,-126.4964,-99.7366,-115.9357,101.0662,261.1900,243.0920,54.6761,-26.1259,-86.1811,158.5830,-89.5930,192.3073,43.3952,-13.0063,-182.0858,214.7921
-85.9096,115.0783,-86.6675,-47.4595,22.9378,-18.1332,137.1098,317.4304,289.6523,41.0850,-24.3795,-114.1000,205.2693,-46.9155,196.4374,53.2278,86.8348,-18.3058,263.1720
-150.9605,156.3638,81.9143,104.0150,142.3479,95.8214,185.4885,376.1219,207.8311,88.8536,-26.6091,-134.5216,226.5009,-32.2815,158.5899,9.4470,145.0927,135.6784,323.5132
-163.3628,201.4246,105.6661,163.9332,223.9829,175.8007,272.4331,457.6969,140.8806,186.8084,-1.4038,-115.3365,272.5782,-11.7184,184.3558,-5.1986,136.6138,180.8965,387.8339
-117.4050,152.0318,151.9474,79.8641,266.1658,177.4177,381.6682,506.2532,243.9526,259.1598,38.8603,-69.1789,346.7383,72.8643,295.3643,111.8367,117.6176,136.6291,429.3805
-67.1739,55.2467,229.7115,-8.1435,265.9675,103.0941,444.0817,495.1695,362.1012,276.5341,69.9220,-44.5044,396.0403,149.8400,353.3302,265.7389,138.3896,104.2354,437.5325
-23.3875,66.5128,257.9157,-7.8341,229.6718,19.4223,419.6949,441.1804,285.3023,255.0282,65.0074,-39.2238,370.7872,166.6437,319.8633,288.1062,171.0803,108.1315,407.1598
41.1382,151.8221,249.6226,14.4570,176.6372,-16.1279,351.8193,370.8182,152.6305,212.2806,32.2372,-32.3688,292.9503,177.6067,311.4772,210.0162,163.1447,97.6391,335.0293
89.4398,149.1927,234.2881,9.6794,113.1427,-76.5532,275.6027,309.4449,190.8217,184.6414,28.2509,-30.2288,246.8001,160.9171,330.6566,155.3069,116.9769,62.6158,219.9262
98.6162,79.5078,214.9261,4.3593,33.8176,-276.3017,169.9039,245.3660,267.5786,170.1660,63.9860,-42.0345,247.6227,51.2760,271.2779,118.2511,60.7815,9.5106,89.6215
125.3607,70.4358,181.0483,-26.8664,-54.6706,-507.0291,50.1191,168.1144,189.7417,117.4694,80.0287,-77.5903,208.2282,-64.1016,163.7859,59.9192,-9.3035,-77.3240,22.2841
153.4064,106.1412,84.5628,-112.4884,-122.8621,-505.5697,-22.6582,143.9338,112.3557,62.7382,60.1198,-112.0190,105.6413,-80.7096,104.2619,19.4187,-91.2190,-142.5957,53.3970
100.6149,120.2392,-39.6398,-161.3990,-132.4076,-270.2448,-50.1557,217.3894,154.2001,80.4224,53.5959,-73.9919,37.5556,-56.3472,65.8006,12.2764,-140.7789,-102.0362,111.4498
21.8660,128.9937,-42.0202,-110.8519,-87.9292,-81.2961,-81.4540,316.3254,125.1255,112.7843,74.7353,12.6061,50.0032,-50.4868,13.6947,9.8433,-136.6497,-19.6204,149.1278
22.8447,120.8366,71.5274,-65.8963,-55.1123,-40.4534,-102.6338,391.1827,28.0512,107.4512,83.8852,23.5170,61.0167,-24.3139,1.5395,13.5829,-116.9298,-15.6030,213.8731
54.5118,60.7485,116.9229,-108.5544,-68.4636,12.6051,-70.7211,483.3547,135.7794,147.9777,61.5297,-33.9554,7.8858,11.0141,23.4582,21.5544,-116.0303,-49.7334,310.2014
39.9016,13.2263,62.8801,-165.5149,-75.8670,117.1284,-13.1234,575.5370,411.3589,243.6450,30.9750,-39.9834,-48.7942,-3.5658,7.9147,16.2000,-131.2687,-36.3588,369.4169
12.6298,37.6539,19.5417,-176.2324,-44.2470,148.7795,33.1718,593.9724,601.9243,304.3942,5.1490,-6.7439,-27.7746,-30.4528,-15.6296,18.9346,-145.1607,-26.6626,378.7789
-1.2767,75.8269,-21.7252,-167.5029,-26.1068,100.6363,100.3756,553.1335,717.6046,351.5561,-39.9807,-12.2677,31.7491,6.2679,33.4850,42.5598,-131.2224,-70.1219,363.6621
-8.7093,76.6319,-83.2742,-144.7787,-59.4269,50.5578,175.5970,497.0062,787.3499,398.7682,-96.5277,-21.3022,28.3000,71.7749,118.0107,53.8750,-80.0959,-103.3673,301.6667
24.4752,57.9817,-56.8842,-106.4324,-105.6907,-5.4075,154.5235,408.8988,692.4979,336.8236,-85.3264,0.2455,-20.1707,81.7776,148.8376,53.3537,-25.0733,-98.7255,201.4508
94.4934,34.0609,86.6205,-88.8914,-119.3241,-62.3022,55.2995,312.4125,592.4998,196.6038,16.8547,9.8319,-3.2876,59.0132,145.2259,63.0309,14.5853,-104.5693,141.3951
139.0822,23.3203,216.6625,-78.3251,-96.4250,-67.1880,48.0565,271.4247,723.2665,126.1420,99.9738,17.8610,77.9693,86.3688,185.3130,45.3351,65.4582,-122.6257,136.2113
149.2428,36.9013,253.6893,-23.8383,-61.1924,-49.5756,136.9066,248.7861,805.7110,71.1208,93.2898,62.4646,124.8690,134.5753,260.0080,-25.0009,128.7517,-120.3453,111.9715
139.4483,36.0301,214.6629,39.5804,-47.1734,-66.5015,128.1700,169.7169,504.3048,-65.6832,65.4001,101.3498,116.6421,112.8827,283.3436,-90.2878,166.8773,-93.5440,45.1289
98.8259,29.1530,127.8450,54.6639,-54.5586,-68.8593,0.7642,75.6088,104.2649,-167.6770,57.4532,91.7935,87.8271,68.0849,218.9421,-103.7544,179.6806,-26.8671,-2.1196
67.7166,80.0059,68.3561,66.9300,-25.5694,8.5958,-58.2702,55.5269,15.9363,-143.2099,27.7853,60.6470,41.6172,108.9340,123.2416,-72.0751,198.9232,92.5322,22.9193
77.9900,147.4750,106.5709,128.6578,80.3032,145.4838,8.4285,124.9376,140.2589,-39.0234,-8.0447,45.7575,14.0986,191.6511,72.2526,1.6414,223.3959,215.4344,112.1093
64.8237,156.9413,166.4643,182.4322,212.5440,289.0404,102.3474,236.5216,178.5143,122.2339,-4.7440,66.1975,53.2411,218.1538,87.5701,86.5241,224.4807,280.3688,209.1414
14.9159,152.6205,131.3138,160.2684,289.2728,382.8393,178.7584,305.6507,61.7556,214.2697,8.0322,100.3312,102.3965,208.9907,120.8525,102.4136,184.7499,277.5884,237.9341
4.8639,144.0108,57.7422,107.4639,300.8822,384.6057,218.8292,262.7369,-120.3919,33.9275,19.8675,87.4825,93.7814,189.1192,105.7168,34.5692,132.2285,242.2094,162.6616
27.9891,77.3729,98.0822,123.2156,300.7931,330.7186,171.9667,153.0130,-286.9110,-266.1802,76.7204,36.6086,73.2098,121.2733,49.6363,-29.4797,143.4443,238.5897,35.4279
56.6387,66.9083,247.0900,212.9002,302.7815,279.1859,60.7089,84.6211,-410.4013,-325.9339,137.3480,30.3109,69.8472,44.7856,22.9231,-29.7825,229.0562,288.8998,-58.5974
156.4189,216.7128,327.2688,269.2345,249.6614,208.9560,-36.4398,74.2672,-466.0829,-172.8763,112.8522,74.8092,16.6954,40.3238,31.9170,0.8322,267.6628,309.6621,-98.0198
286.3779,321.6798,252.3874,228.8673,119.9909,100.6534,-91.1560,64.3283,-378.5371,-66.9387,42.9657,106.1803,-94.0008,81.2107,21.2056,4.8624,196.6623,244.3209,-107.1701
277.9230,229.9621,157.5111,163.7127,0.8920,14.5908,-90.2779,35.0217,-161.2088,-35.3107,28.3584,107.4113,-166.5403,98.8579,10.3381,-41.8970,140.1880,179.6555,-68.5453
149.8114,157.6110,157.3973,149.0915,-18.5511,-14.9385,-15.7234,1.8512,4.6002,-34.2198,69.7686,88.7836,-143.6052,84.2797,62.8889,-109.8724,183.3011,185.7302,33.5291
71.2837,244.0547,152.4150,159.6116,30.3754,-32.0311,90.2143,-22.8389,25.5385,-105.5965,105.0377,63.0726,-56.0450,60.3616,148.6474,-124.2081,222.5930,202.4035,115.6495
51.9725,298.1356,61.2721,164.3685,59.5626,-61.9176,164.8642,-28.8393,16.3150,-170.2875,98.3473,66.3707,36.9998,67.4401,204.4863,-53.4678,184.5811,193.6929,98.5466
10.7769,197.1328,12.5030,176.4858,52.1887,-79.6048,196.4544,-24.0617,47.7287,-140.0647,54.6485,83.2932,95.6751,118.0605,242.1895,22.3961,141.0654,204.7127,49.3502
-33.9032,38.2070,83.2320,179.7597,52.9898,-63.7922,193.4774,-23.8326,52.6387,-119.5373,17.3060,57.4707,128.0412,139.7016,266.5904,18.1803,122.4665,231.0742,57.6855
-51.8006,-82.1681,130.4731,155.7156,83.8892,-4.1779,171.6241,-7.5351,4.5646,-155.4312,14.8413,27.1732,162.0823,96.8517,232.7475,-24.5449,73.1119,237.0694,91.2601
-50.5999,-97.4193,63.8004,139.8694,134.9970,103.1755,164.5328,58.6548,-33.9894,-126.6134,17.2270,52.0938,187.3481,73.8862,154.5591,-18.4491,3.8014,251.5095,123.8292
-23.4842,7.4616,-14.2863,136.7879,206.0206,233.0658,185.6518,177.5464,-10.2991,-20.0830,13.5722,74.0664,183.8857,118.4036,103.9048,20.4302,-26.6696,292.3597,217.4760
-11.7972,103.2902,-25.2766,100.3773,299.1103,340.2216,227.7512,325.0259,49.8287,64.6546,34.9125,50.0319,167.2848,177.2928,96.5826,27.5725,-29.1201,313.6436,355.4272
-68.1843,105.1431,-0.4763,54.5038,379.5964,396.1566,271.4870,443.2325,60.0520,111.3067,54.4391,39.4839,149.9601,199.3118,90.7562,18.4612,-35.8089,299.9117,415.6548
-119.2730,100.5657,30.4120,59.7115,397.9026,403.8468,251.0488,465.1107,10.6514,120.0325,26.4071,51.1195,125.6221,145.7575,57.0465,40.6822,-29.7604,273.2788,377.4406
-86.5980,119.6736,46.9527,72.1344,347.8021,378.5084,126.3680,406.9667,-3.9999,57.7738,-1.7866,39.5772,90.6278,33.8357,-7.7104,73.9514,-2.4538,217.0234,332.4819
-39.4374,96.0358,32.0339,24.7707,248.7458,317.0219,-19.9851,346.4814,17.7047,-29.2266,12.0841,27.9271,19.8933,1.0560,-86.7247,73.5264,18.1844,118.2817,297.7749
-44.0102,64.9688,21.3260,-28.1864,100.8366,208.0447,-97.2462,289.5755,-23.5224,-70.7282,6.5308,39.6430,-102.6445,90.8466,-146.9823,43.8163,15.3833,23.7280,217.4960
-61.0783,82.9125,24.2820,-22.4222,-72.7320,70.5130,-124.8161,194.1093,-122.7580,-77.0835,-49.0393,53.6130,-203.0640,132.1178,-160.5264,10.3546,-13.3434,-31.7892,100.0637
-67.4816,105.5013,-23.3322,-12.2842,-195.2424,-58.2004,-133.6527,90.4208,-208.0090,-62.0576,-85.7302,93.8757,-193.8821,61.8600,-126.7921,-27.1066,-65.3487,-70.3981,10.0044
-79.0573,106.8395,-102.5756,-52.6577,-221.1881,-151.8162,-105.5400,35.6327,-245.6638,-9.4702,-71.0165,161.9719,-113.2215,28.4313,-82.6786,-76.6898,-114.5692,-106.4005,-15.3182
-96.4785,75.9439,-107.6118,-104.8056,-180.9208,-177.8957,-46.3150,22.6277,-160.8105,65.8727,-52.7591,162.7173,-54.7299,63.0781,-61.4390,-107.8027,-145.3783,-113.2913,22.8087
-136.9536,-32.9629,-75.3130,-145.0861,-103.8375,-110.0551,24.1419,32.0213,52.7113,144.9841,-71.6689,73.8630,-21.6203,78.0404,-31.7092,-63.8249,-188.2054,-71.2761,89.4887
-205.2165,-143.3434,-145.6654,-205.0863,9.8141,22.8834,110.1454,74.2195,191.1301,220.9856,-130.1353,2.0409,37.1270,116.1555,44.1747,43.5017,-256.8087,1.3013,125.3179
-250.5782,-129.2811,-279.4722,-267.3613,136.4063,167.5136,193.8811,138.3652,144.1004,254.5469,-183.6451,-12.2495,122.2730,209.8242,118.8349,117.6380,-309.4394,68.4363,101.0573
-261.1271,-84.3818,-308.6215,-274.7747,230.7382,294.3541,235.6491,186.1133,55.7209,218.4961,-161.4217,-25.7006,187.8772,233.3529,136.6113,122.6270,-322.4944,104.8105,39.6060
-278.5706,-135.8436,-225.6555,-230.7962,262.9533,363.0605,221.4508,191.5161,-19.9648,151.3694,-87.2778,-48.4439,196.9710,145.6556,121.4332,131.7717,-311.2977,105.6887,-25.5276
-282.1960,-171.8468,-163.0412,-169.3276,227.7243,335.9174,166.1312,155.9011,-143.7221,98.3599,-81.4966,-51.3722,151.0551,65.3776,104.5945,167.6508,-267.6570,86.0865,-69.0062
-229.8588,-105.7988,-171.0806,-95.4443,154.0651,254.1525,109.2128,116.6433,-200.9218,68.0663,-163.9477,-49.7825,78.2213,39.7950,87.0412,165.9944,-189.2323,65.1767,-74.9761
-166.5353,-56.3057,-206.1782,-32.8263,83.7490,184.2214,72.9012,115.2134,-109.1451,57.6206,-221.5819,-78.6965,-8.8423,14.0273,82.6159,129.2981,-125.8675,41.5191,-54.1198
-147.3493,-71.0050,-229.2408,-13.1677,18.8243,124.7218,18.1548,136.7433,-49.2070,59.2936,-207.8463,-133.8079,-111.8466,-41.6076,79.5917,111.9970,-90.9757,12.1112,-16.7401
-153.5841,-84.9154,-210.6630,1.8101,-53.8294,72.1786,-54.9002,150.7996,-117.9132,62.1892,-182.0229,-167.3060,-195.4916,-120.5061,43.2920,85.8013,-31.0416,11.4809,57.5425
-146.3600,-113.4470,-139.5271,55.9291,-107.4353,60.3476,-61.3876,177.2096,-178.1706,66.9644,-162.2913,-150.8149,-201.4294,-190.2790,5.9662,15.2236,47.7819,59.4267,149.1487
-102.0618,-141.2168,-49.7642,106.6077,-115.6994,50.8841,-8.1605,211.4619,-175.9515,76.6374,-114.6694,-124.8967,-130.3045,-214.3057,-0.4559,-42.8024,78.1696,89.5993,162.1457
-18.3632,-76.0599,27.3009,112.5349,-94.5802,-42.1877,-2.5441,182.0509,-177.8653,84.2496,-41.9239,-123.0871,-43.9912,-201.1126,-27.4513,-58.8677,67.9997,38.0854,67.5735
53.9245,1.3449,79.2211,97.9553,-63.1761,-171.4752,-26.6451,90.4720,-204.5698,75.9185,23.1244,-116.9046,17.0354,-153.3626,-70.4524,-73.4094,59.9121,-41.0725,-13.5431
50.2655,-72.4569,63.7128,64.1133,-30.8675,-184.1223,16.7371,56.2817,-270.0995,45.0388,44.5012,-110.6089,55.6224,-56.4490,-47.0623,-56.1750,21.5703,-67.2178,18.6594
-23.2259,-210.8323,-40.3238,-11.4340,-6.5549,-44.6309,96.8133,131.3958,-339.6151,12.5832,-8.0213,-140.9343,74.1465,21.8758,10.2376,49.6887,-56.5824,-62.7868,107.8349
-94.7620,-229.2980,-161.0730,-90.3571,26.7239,122.1361,146.1073,215.1898,-288.4985,-3.4737,-95.1036,-158.0539,72.9576,17.9935,9.5977,150.0706,-95.7285,-81.8505,157.5555
-101.3085,-162.2148,-231.6334,-124.7571,80.9389,204.5129,181.6827,212.3250,-144.4425,-36.2270,-114.8267,-101.4615,70.8413,20.7247,-10.7900,109.0241,-71.4628,-97.4667,154.0814
-49.1968,-119.3506,-262.7169,-117.1653,121.5769,218.6440,208.1570,144.2951,-91.6657,-115.5964,-42.1778,-23.7019,80.3890,102.1507,1.0073,-14.8462,-30.4373,-44.5398,131.4980
6.6023,-82.3798,-229.3100,-54.5174,143.2272,241.2392,217.6887,75.4068,-140.5101,-204.3514,45.8691,26.1829,96.9564,159.9699,-3.0107,-64.2119,55.7685,76.6276,120.6531
67.6888,-24.4945,-63.4655,86.5449,192.9155,278.4743,244.7344,30.5097,-166.5164,-260.8666,112.5909,75.2636,123.7932,115.5235,-18.6600,-36.3471,233.4522,177.4972,131.6581
182.7386,17.4136,167.9939,255.0274,248.4755,261.1978,259.7072,2.9681,-170.1482,-291.7963,184.6486,117.7771,146.5537,42.8667,9.1179,-41.8951,415.9515,174.4972,131.0892
292.7173,46.4737,294.3090,373.1361,236.8857,177.5792,192.8166,-18.3394,-192.9867,-308.4318,245.2259,137.7688,119.4395,14.2105,35.7197,-95.6623,493.2186,111.9245,86.0746
280.2466,100.9113,294.5502,432.1827,195.2092,112.2705,103.2946,-38.6302,-212.9411,-313.7994,258.1162,172.6870,60.1696,24.0242,24.3795,-124.9511,498.2300,118.2133,34.0841
198.4413,170.1375,305.8154,469.7993,208.4729,111.9845,88.2286,-53.0260,-227.1137,-320.5884,254.7885,207.6510,59.3746,55.2780,53.8275,-113.8911,521.0138,211.4839,25.0516
201.9895,208.5017,374.5025,505.9315,224.6512,113.3922,106.2458,-68.3355,-217.1930,-339.6131,271.7941,187.8101,117.4826,90.9496,138.9200,-96.3005,564.9006,256.8450,23.0562
276.2749,185.4558,401.4317,507.3888,140.3845,40.2332,67.1379,-125.2798,-163.5262,-382.7247,274.2574,148.0824,132.8780,100.0645,170.7890,-72.7985,563.6868,148.7365,-46.2836
281.3584,104.1611,326.2251,408.6720,-5.8941,-96.8982,-41.1176,-241.5264,-154.0105,-438.5068,226.6970,113.0735,89.6083,55.8877,111.3871,-41.6269,466.2794,-51.6037,-170.5760
189.5306,0.1537,204.5893,221.2803,-97.0843,-200.9057,-156.2576,-335.4688,-207.9761,-441.0347,149.6642,17.0267,58.7211,-22.8064,35.1784,-37.2150,293.7138,-181.6519,-237.5593
83.8509,-97.0570,98.9952,49.9366,-102.7867,-178.3801,-187.6656,-304.0668,-196.1999,-368.3452,61.4038,-118.0318,41.7793,-53.5505,-7.8518,-62.7079,133.6538,-161.3507,-171.8348
13.9712,-187.1799,3.7518,-60.8863,-64.9307,-58.7523,-139.5036,-178.8317,-176.7276,-297.5623,-39.8082,-185.7348,5.4610,-4.5542,-24.5325,-59.7066,46.0044,-92.1653,-51.3132
-32.4295,-259.6022,-98.6584,-148.5851,-13.1997,31.4345,-128.2320,-84.6743,-327.8471,-262.6636,-124.5602,-198.1145,-26.1439,21.5558,-28.4319,1.6834,-4.9021,-107.5667,-9.4907
-83.2565,-289.6209,-184.5828,-204.1503,20.4872,43.4307,-160.9602,-63.1143,-480.1466,-232.8283,-154.1305,-212.8910,-43.5620,-36.1945,-24.8918,62.5630,-80.8805,-181.3584,-47.9565
-143.4723,-295.8566,-238.9997,-219.8357,-8.6094,37.5529,-129.6227,-73.7197,-364.5158,-236.5161,-145.6458,-206.1109,-75.9982,-93.2468,-8.5245,52.2796,-181.7819,-224.8951,-76.8540
-194.1885,-323.2924,-299.1813,-267.7163,-89.4018,30.4574,-76.4967,-114.8502,-142.0399,-264.0350,-152.9183,-204.3189,-121.3425,-114.8739,24.5848,-2.6384,-269.6007,-257.5517,-95.5304
-236.2544,-352.9573,-386.4887,-352.0758,-161.7199,-28.3369,-113.7104,-192.9767,-58.6583,-195.3566,-200.9692,-270.2742,-180.0381,-156.6938,53.2028,-11.0964,-330.1376,-313.3306,-161.9286
-281.5643,-312.9090,-452.9332,-373.3406,-224.8713,-133.8025,-162.4536,-250.1218,-20.9275,-50.2439,-270.4151,-320.8432,-268.2912,-198.5779,42.3648,32.6930,-370.5181,-347.0989,-251.1278
-305.2948,-205.7609,-455.6813,-325.9720,-319.4964,-222.3791,-126.3210,-248.2415,23.3056,-7.3071,-315.9424,-262.4245,-334.6058,-211.4971,-13.5973,34.7714,-378.9918,-348.1583,-299.9576
-295.5602,-138.4351,-408.9972,-282.5710,-397.7229,-268.8048,-94.0619,-232.0807,-87.7155,-64.9106,-288.2238,-177.6261,-322.4489,-231.8378,-61.7700,-28.3954,-327.5790,-347.7579,-303.6395
-294.0394,-167.4565,-325.8505,-222.2623,-379.9688,-303.3452,-122.9346,-236.9496,-292.2211,-78.8953,-183.7201,-141.8483,-280.8902,-209.3481,-46.1760,-69.0851,-229.3572,-309.8076,-283.0386
-289.7835,-205.5307,-208.1043,-122.9180,-306.0272,-357.0518,-131.6282,-244.2962,-332.4052,-68.7036,-76.5043,-110.0120,-253.3680,-97.3676,-7.4797,-51.8922,-148.5157,-209.4453,-251.0274
-196.9320,-178.2608,-104.2369,-69.9105,-241.3287,-404.9067,-98.8658,-245.3323,-202.3709,-94.2463,-44.3831,-93.2292,-192.2398,-42.8235,-27.5623,-34.4971,-117.7732,-113.8569,-218.9991
-36.2498,-163.8164,-70.2558,-92.4559,-138.4227,-372.0621,-82.3345,-239.9037,-73.1248,-57.8878,-70.1096,-144.0304,-89.5844,-108.4059,-77.0607,-44.4313,-99.4902,-49.1801,-174.2410
29.6421,-239.9866,-84.6468,-107.1234,33.2385,-242.0623,-77.0090,-200.9318,14.6204,76.7445,-78.8172,-192.2712,-5.1002,-104.1344,-66.2807,-63.9479,-59.5431,31.7076,-102.2905
-66.4831,-327.7237,-87.3996,-96.2655,187.6915,-105.8139,-33.9079,-125.0632,82.8995,170.7562,-50.8931,-162.6182,53.3298,0.6330,2.0758,-90.9367,-12.0963,107.6186,-28.4737
-189.0421,-338.1816,-66.9304,-117.0444,269.1426,-35.6021,55.4939,-53.9805,130.6402,160.9849,-24.2929,-119.9945,108.1556,2.5691,75.7623,-115.7606,34.1931,117.3366,39.8971
-194.4631,-310.7643,-49.4150,-150.2086,310.4724,-0.7778,144.1712,2.7678,199.2560,147.7582,-21.6948,-119.6431,138.1313,-73.9979,134.3158,-114.0926,101.8418,92.0830,134.0316
-96.6225,-283.0250,-53.5787,-127.5093,323.1198,41.3313,165.2817,69.2522,265.3480,199.7309,-45.7207,-111.7080,121.4049,-40.3513,142.0264,-91.9254,185.7331,95.0117,221.9144
-3.5649,-224.4019,-88.4510,-60.1883,287.5502,72.8747,111.6167,113.1584,196.8146,253.1711,-89.9466,-82.5184,60.5460,18.2637,75.5198,-72.1349,223.8717,100.2014,220.5627
2.2552,-165.2109,-149.0977,-26.2496,197.6904,57.2951,41.3550,79.0338,26.4778,218.8334,-114.2681,-81.4759,-29.3744,-72.3570,-5.5989,-73.8785,165.6838,39.1828,138.2652
-86.5506,-170.2594,-206.7875,-66.4552,53.4940,-5.6912,-4.8443,6.5172,-9.6065,123.8568,-92.0401,-93.5344,-96.9814,-197.3204,-42.1667,-116.4315,46.0559,-81.4734,66.1611
-189.8563,-195.3149,-234.5705,-146.4572,-93.2383,-74.6769,-8.2868,-24.2672,119.8668,71.8220,-77.3227,-70.5344,-108.1656,-183.4483,-38.9758,-170.2009,-55.0734,-179.2558,38.1067
-207.5879,-179.8195,-239.2438,-219.7256,-157.7526,-138.3680,24.7681,-43.6610,160.2598,63.5247,-122.9402,-47.8433,-116.4106,-107.8597,-12.7337,-168.8846,-117.6673,-222.1304,0.9379
-152.6244,-180.7959,-246.7419,-278.2994,-166.5064,-257.8076,16.2139,-135.4255,44.8490,24.8338,-174.6406,-71.0868,-157.9436,-112.8502,-0.0651,-130.1952,-174.9431,-269.5834,-88.6669
-131.4079,-236.8531,-253.4785,-302.0986,-201.5263,-423.2715,-58.6742,-261.9416,8.1746,-22.8375,-151.4725,-88.4206,-163.6613,-169.9887,-42.9143,-136.2235,-216.9676,-318.2048,-185.8310
-171.2543,-266.9724,-220.4851,-244.8748,-216.3766,-479.2376,-84.5313,-306.6428,83.5286,-41.2506,-68.1458,-53.7327,-92.0309,-182.0017,-101.4503,-189.7422,-205.5995,-266.5777,-207.3520
-203.3065,-231.3835,-142.9486,-133.4341,-148.7030,-368.5109,-35.9726,-253.4606,16.6188,-83.3513,2.9043,-26.7167,-21.4992,-161.8856,-129.2675,-235.1967,-162.2983,-129.9011,-163.6002
-203.1233,-204.9624,-83.1648,-58.3421,-84.4331,-246.4794,-39.7074,-182.6894,-183.3168,-142.7391,21.9307,-53.4351,-26.4948,-181.6284,-169.4526,-254.2833,-127.7360,-45.0981,-147.2332
-189.8425,-217.9854,-76.6679,-26.8475,-86.3540,-188.0343,-90.3328,-138.5477,-220.0081,-144.5673,-3.1035,-73.2703,-74.2531,-204.1054,-223.4988,-233.7030,-80.6717,-8.4466,-174.4349
-147.2072,-188.6272,-71.2896,30.6506,-81.9518,-80.7301,-75.8432,-105.1259,-117.7566,-124.6558,-37.0162,-31.8299,-97.6396,-140.1274,-231.4286,-162.5022,-6.5993,91.7837,-188.6615
-85.1956,-65.2220,-37.1537,116.5191,-49.1169,95.8691,-46.9121,-57.4789,-174.5367,-131.2753,-55.0643,32.5099,-102.0304,-51.7599,-247.7710,-95.2956,33.1432,225.8876,-196.9307
-65.1679,64.9610,-25.9178,166.9865,-42.8251,224.8962,-80.9185,8.3776,-344.7109,-103.3207,-67.4383,63.0268,-136.8504,-60.2607,-336.9866,-83.3487,11.1546,301.7687,-220.0044
-84.1575,80.2565,-33.9474,162.9218,-34.9734,278.6952,-90.8910,50.5719,-366.0809,-60.2916,-67.8234,64.1528,-178.5060,-104.6550,-382.3789,-89.7836,12.8450,342.6311,-203.5122
-82.6944,10.8950,30.6475,155.8472,18.3763,305.8223,-39.9868,26.6265,-309.5869,-98.6784,-5.0952,91.5541,-148.0152,-64.4160,-304.3138,-75.9259,98.6079,371.8615,-137.0176
-64.3984,-9.4847,163.3359,204.4141,53.6742,305.9933,-25.9472,-10.5187,-370.5448,-153.1015,120.9104,169.5187,-58.5170,1.0762,-227.7646,-74.8756,186.4464,344.6334,-103.4079
-65.1327,14.0618,240.2836,285.0857,22.2138,276.7960,-63.9692,13.7871,-460.2192,-124.8751,213.7098,219.7041,-2.9871,-14.6198,-221.9594,-120.3126,172.9054,275.0099,-129.7158
-71.8132,-31.4735,231.4491,292.4613,-22.1927,214.4845,-91.6303,36.7087,-464.0868,-92.2137,212.8138,157.3768,-3.7844,-70.8219,-207.4285,-179.6253,84.5593,201.3450,-169.5347
-64.8037,-105.2039,224.9525,194.5311,-44.0218,74.0362,-105.4501,-41.9782,-454.2545,-114.3934,173.4054,46.1348,-27.2113,-93.1840,-183.5392,-180.9393,13.4031,93.0457,-213.0795
-52.6092,-85.7204,234.0649,97.3826,-75.9805,-105.5142,-105.4416,-160.5537,-442.8763,-127.2158,144.9585,12.2305,-71.6877,-101.6342,-208.9060,-108.1521,-20.7737,-27.8046,-255.8710
-49.1423,-27.6323,195.5709,74.5542,-124.3042,-178.8573,-70.3035,-201.2624,-389.5645,-125.6001,97.1947,60.1450,-112.4957,-136.8392,-233.3230,-56.0721,-52.7406,-48.4249,-257.8958
-78.2062,-35.0409,123.1500,79.3843,-144.9360,-106.3797,-21.2142,-182.4749,-378.0812,-127.3270,26.4828,112.6223,-99.1561,-177.1641,-209.9054,-99.5013,-90.4252,42.8924,-227.0247
-144.5272,-62.6945,77.6223,72.9404,-121.0127,7.0796,15.7557,-166.6453,-418.3315,-70.6979,-6.7197,120.2135,-64.0196,-161.9455,-205.3799,-155.5589,-128.5520,129.1044,-211.3456
-198.9465,-69.6651,56.9609,67.3293,-96.0818,91.6966,29.5938,-136.3195,-378.3186,27.7857,3.1657,57.0124,-69.1550,-83.5687,-255.1710,-130.4797,-173.1483,154.6173,-203.8408
-209.6380,-92.8926,43.9651,55.3778,-112.3611,148.9685,6.0148,-85.4347,-280.9857,69.3748,-0.5250,-46.2458,-90.6351,-28.5447,-294.1021,-84.1672,-197.6440,165.2477,-168.5530
-195.7869,-97.8884,68.0481,40.1601,-146.7262,181.6630,-9.4402,-59.8412,-242.2076,72.7710,-4.4346,-95.7264,-94.8763,-51.4628,-275.7121,-79.2908,-146.4550,185.9132,-104.8403
-153.8942,-58.2711,140.9684,61.3457,-142.7929,201.9733,39.9745,-60.5965,-198.8018,98.2282,46.3427,-80.3312,-102.3122,-83.7081,-226.2971,-60.9655,-17.2746,195.7663,-31.8354
-73.5648,-56.2291,217.2065,117.5381,-87.4915,219.0636,97.0124,-58.5543,-96.7807,104.1452,108.3912,-80.6797,-103.8993,-75.5901,-184.8040,-21.2041,123.4067,192.9244,24.7211
6.7191,-76.1700,252.7985,164.5527,-30.2836,206.0446,102.8591,-64.2952,-35.4299,80.5391,109.7655,-89.2827,-79.1067,-74.9944,-157.2922,-44.2284,214.1325,192.5264,44.1763
63.8690,-6.6545,248.1268,191.0467,-47.8262,154.3797,100.0816,-71.3530,-9.5309,97.8730,90.0882,-35.0481,-81.9743,-80.8391,-136.4553,-117.8259,240.0683,179.6166,39.9739
106.0194,74.8232,227.4119,205.0478,-159.7943,101.6454,85.8589,-34.6821,39.1768,152.8265,104.5450,51.5353,-148.6358,-38.3856,-136.1909,-133.1364,215.3746,126.6999,28.9631
103.0284,23.1003,196.2420,191.2384,-254.7236,59.9553,23.0903,28.8878,-5.4610,179.1535,112.7978,91.9646,-192.5854,-1.5443,-155.5670,-75.3458,158.0389,45.4900,7.1825
49.1060,-66.7376,133.7011,137.7831,-200.5222,-3.1296,1.8852,46.9022,-141.6410,165.9053,93.3163,82.8373,-114.8864,-55.7690,-138.7501,-26.0938,80.9284,-21.8740,-2.7389
16.5292,-49.0929,46.0383,66.2658,-34.9892,-88.0568,95.9440,12.5155,-121.3405,139.6494,98.4221,62.0806,54.0623,-127.0104,-62.0144,-18.4871,1.8277,-38.2939,22.6266
22.8766,11.9826,-21.5532,16.5354,97.2601,-137.5589,199.1339,-22.9360,44.5683,121.1737,118.3983,52.5616,187.6806,-91.5928,3.5545,-24.4110,-59.6642,2.9298,38.4544
7.6077,15.6920,-67.7665,-4.3223,143.2271,-124.6775,217.1507,-50.3872,80.0581,121.7773,79.4984,45.8828,205.8571,8.7670,12.9127,-31.7992,-112.4994,31.4083,11.0498
-22.7093,-33.6630,-137.9900,-51.2343,124.3006,-109.3440,184.8101,-90.3709,27.9917,123.1030,-7.9275,9.2063,151.1162,32.3730,11.3148,-39.5981,-179.0840,-51.2210,-5.8853
-21.7777,-114.2375,-210.8088,-152.5769,47.4255,-130.4402,134.0647,-123.7039,103.1618,105.9721,-66.2853,-42.8978,99.3346,-56.3760,8.5830,-21.6059,-230.8579,-193.1138,26.0620
-6.2544,-171.5068,-207.6353,-223.8756,-43.7828,-111.0315,84.8130,-113.9328,175.8762,88.9137,-73.5413,-54.2143,46.0881,-150.1464,-46.8164,24.7846,-208.4507,-214.1660,74.1117
11.1208,-126.4080,-122.6421,-181.1130,-85.5827,11.1153,79.1160,-63.4957,89.4385,84.6448,-50.9103,-33.0376,-33.6873,-137.0002,-135.9884,40.8881,-114.6813,-70.5348,117.1409
42.1868,-23.9290,-14.5855,-66.3961,-94.6668,159.6377,88.2237,-8.0474,30.5128,73.4714,-1.4257,-7.7821,-92.6227,-29.9256,-176.6549,8.8300,-3.8593,108.7554,149.6921
55.7995,21.5824,84.4411,37.8930,-109.9246,236.5893,54.9712,12.5101,97.4122,31.7854,64.8679,49.3765,-89.4249,58.3446,-156.8103,10.6207,92.9085,230.5207,138.2460
55.7216,13.9434,148.4870,101.0661,-110.1447,231.9006,14.4953,-21.6699,103.3020,-43.8020,113.7028,109.9562,-62.5674,60.7103,-124.4035,69.7627,147.3732,270.1386,83.7602
107.9603,21.8271,153.0771,113.6545,-85.8552,183.5758,17.8045,-68.3203,17.3897,-98.0680,137.9602,102.8841,-41.2937,22.0296,-81.9070,77.3080,123.1726,229.4995,48.8199
177.6706,50.2820,146.9055,102.5009,-60.1140,160.8288,59.5798,-40.0594,-4.7823,-54.3127,172.2281,88.9293,2.1901,6.3978,-13.2781,3.0137,68.4793,203.5295,66.9750
166.5219,75.7365,193.0435,133.2799,-21.0722,200.4701,128.4989,65.2968,22.1986,43.1770,222.0158,136.8553,69.7739,7.9000,38.6192,-31.2579,96.0597,265.3577,109.0903
119.8082,84.3490,255.2594,194.7415,39.7920,194.7598,171.6084,119.8358,0.9269,61.7521,230.6062,145.3308,112.6284,-16.2822,39.6820,12.0907,205.0501,301.2982,133.8102
127.7583,65.3577,273.8748,202.0759,89.0120,53.1031,108.7589,52.9753,-20.3080,-6.0149,173.8253,65.0335,107.1617,-74.9947,42.7980,42.8859,270.7249,224.8036,123.7065
132.0746,33.7569,267.6816,151.7793,128.4031,-74.8396,1.5253,-13.3457,33.9338,-37.8083,122.5084,15.0083,96.2577,-126.3221,89.5887,67.2622,238.0283,166.5154,114.1762
60.3464,0.8547,259.8067,106.2825,198.8769,-16.5749,-1.9908,57.2938,142.7843,27.8852,124.1657,12.7492,136.4000,-110.6179,134.1616,160.3594,162.4725,218.4489,166.8611
-33.9521,-56.4403,230.4884,58.2098,295.2838,147.2840,87.1589,215.4543,228.1211,134.9113,122.7552,-37.5469,209.1866,-17.9157,153.1983,257.0490,81.4317,275.4133,271.2151
-94.8766,-130.5579,184.1232,-35.5636,375.6799,259.2451,155.8163,328.5555,220.5123,192.1531,83.9831,-96.5916,230.0164,70.6646,177.7305,246.1461,-3.5032,250.2638,354.0405
-133.2328,-181.2722,132.8248,-165.1112,412.7023,290.5849,200.7981,363.8102,170.7742,179.1226,55.2067,-83.8007,179.5903,72.4174,179.2240,175.3743,-80.3239,166.7051,392.0545
-157.1365,-221.3775,54.1288,-298.3459,397.7255,259.6618,262.2337,362.0720,190.7897,178.6522,47.6473,-55.1791,140.8212,27.2968,130.3620,151.8268,-159.6500,61.5709,397.8428
-173.5692,-287.4135,-37.2386,-401.9988,351.8560,188.8498,299.2570,339.9435,215.3188,220.3226,23.1117,-62.8635,150.2080,27.5828,119.7724,167.6636,-252.6127,-26.2536,349.8540
-195.2022,-349.1190,-84.9425,-431.4119,303.2546,121.3338,280.2979,301.0582,131.0856,206.4307,-9.1457,-74.3093,137.6821,61.0973,185.5330,160.9631,-301.7025,-83.9639,262.8612
-195.6147,-332.8924,-97.2323,-390.0664,231.1834,53.7127,239.8100,266.6543,59.2571,134.1792,-21.1285,-83.9030,67.8874,55.1251,206.8234,127.4054,-268.4095,-159.0450,214.1248
-152.7029,-208.8973,-121.9092,-343.1826,110.9038,-33.5265,187.9824,239.5138,86.5893,115.3934,-27.1676,-97.6192,-3.5377,4.0803,127.6285,89.1117,-224.4686,-252.7356,200.5534
-111.2191,-45.5207,-146.3089,-316.7297,-13.4433,-122.5228,105.9687,186.7867,40.1258,106.0379,-41.2828,-80.6466,-46.5771,-52.5805,35.4709,36.1508,-218.9302,-305.9850,134.0827
-129.3009,35.0077,-142.9191,-265.5573,-83.1667,-243.6514,29.9181,103.3569,-80.3231,23.9994,-58.3262,-19.2356,-86.0731,-78.3535,-20.5396,-35.7581,-188.1293,-317.2970,30.4086
-205.0819,5.4489,-131.9031,-165.9906,-90.5045,-418.3242,16.5425,51.2788,-24.4273,6.7718,-72.6211,61.3697,-109.2843,-46.3164,-27.8542,-65.6254,-103.4333,-301.8001,2.8570
-268.3973,-42.4130,-133.9562,-66.0717,-56.2762,-518.7325,38.4267,70.9945,129.3719,103.9420,-71.6238,113.8388,-77.9110,-4.2709,36.4570,1.8332,-40.2424,-242.2754,52.8472
-248.8310,-68.2253,-159.0681,-28.8528,-17.7164,-450.7966,15.5594,101.8499,64.8034,91.8590,-74.1984,87.2091,-22.8597,-27.3935,71.2408,87.6538,-43.1226,-188.2491,74.6244
-186.2118,-112.7954,-213.8967,-59.0644,-9.2658,-318.6257,-52.1704,88.5075,-116.0892,-56.4333,-122.4460,19.9506,-7.9196,-49.8490,-30.6085,75.0152,-68.8428,-184.8447,64.6595
-183.3223,-161.2496,-244.9844,-98.9715,-6.6488,-199.2509,-78.0237,92.1386,-102.3040,-100.3068,-173.2849,2.1718,-22.8347,22.0063,-122.2183,23.0708,-65.9924,-138.8334,119.6905
-223.2035,-178.3745,-192.0646,-95.1697,29.1376,-53.2365,-31.6311,172.1330,5.4816,-50.4249,-153.4172,2.3751,-22.1623,82.7863,-60.3550,47.7345,-23.6279,-3.2047,231.8157
-217.1475,-205.8324,-109.5970,-50.5930,61.0907,73.0348,2.1980,261.7065,-49.8005,-92.4598,-110.9523,-44.9594,-27.0732,27.0344,-18.7628,61.4239,27.0985,90.8052,283.0604
-197.7191,-269.4040,-73.5775,-5.2142,37.9702,99.7264,-44.7857,284.6241,-176.1416,-140.1901,-107.9443,-73.9810,-74.8192,-23.5809,-133.5437,-43.0195,44.1003,71.1157,248.7907
-229.7259,-331.8275,-51.2612,9.7089,-5.4015,85.5513,-98.1182,274.5269,-142.4512,-50.3913,-90.4414,-51.3377,-117.1364,17.6531,-204.6536,-112.5199,35.6909,29.5520,229.3940
-261.6922,-387.0727,-16.8488,-2.9648,-8.5056,95.7449,-30.0118,283.6216,41.7809,52.7007,-33.8021,-54.9123,-85.2836,43.9349,-89.2694,-17.7397,41.3808,24.5601,266.4569
-257.2256,-431.7595,-17.0028,-13.4806,15.6317,95.1399,127.4362,288.3916,171.3282,25.4778,11.4776,-52.9338,-11.6076,25.1267,36.3039,53.2667,61.9279,21.6607,288.6232
-229.3546,-405.6902,-22.4597,-4.3301,10.5053,73.2563,184.2937,251.1199,97.6667,-94.3052,60.4090,39.0157,17.0985,40.0573,20.7599,-43.6134,82.3469,-0.7457,260.8647
-96.4579,-299.4927,48.8809,11.8079,-31.5370,66.2983,73.3356,198.9512,-81.9231,-202.5176,127.9791,125.1371,-12.9704,57.9323,-42.8177,-127.8083,98.2096,-19.8719,237.7997
155.0264,-192.0592,159.4993,21.2815,-47.7195,81.6792,-44.5862,186.0351,-127.4361,-201.6201,162.1717,107.9804,-43.8880,41.6282,-45.5755,-65.0890,80.9538,0.3383,240.7995
309.4820,-127.0886,232.3845,17.6976,16.5714,107.6994,-53.5290,191.1941,-10.2896,-118.9429,197.2663,78.5022,-38.7809,59.6786,-45.9979,21.3022,28.7140,43.8702,218.4369
289.9077,-81.6274,283.7563,-11.0713,137.7775,119.7674,-23.7897,135.2827,56.1181,-135.9520,277.2118,95.2774,-2.9287,89.6989,-151.5639,46.0490,14.6454,42.9229,169.3298
350.7984,-20.7598,313.4961,-53.7990,266.1212,119.0113,11.2104,39.5557,-17.4868,-254.8111,278.9474,99.7932,63.5176,54.1877,-315.3908,31.8415,67.4759,25.1832,178.9256
594.9454,77.0588,278.8849,-67.9232,387.5950,184.1715,115.9293,20.2092,-89.5055,-246.2517,168.7522,103.8189,156.0337,48.9546,-363.8123,-33.8299,119.7244,90.3084,263.5335
768.9285,169.4607,233.9053,-38.2359,471.5978,322.9654,232.7738,68.7475,-21.8065,-104.0930,134.3226,147.8450,221.3148,151.3635,-264.3237,-62.5217,146.5385,177.7243,298.2701
726.3857,183.4176,249.2182,7.7307,463.8701,383.9330,230.4690,59.0982,181.5484,-42.6226,187.6685,176.5302,213.9983,198.0355,-183.0706,90.4226,185.4771,152.8815,207.6595
591.4251,160.6346,259.9525,43.7556,384.5134,304.9752,161.3032,-9.0641,374.8233,-57.9626,139.4348,148.4007,176.2070,86.0675,-196.6101,258.2148,223.8291,81.6203,101.0013
450.9439,189.8757,205.1081,57.8554,300.8593,212.6075,160.0247,-44.3603,393.5766,-26.6387,37.8693,94.9566,158.7125,-17.7029,-200.1213,168.2728,233.9102,85.8683,82.2314
321.7324,197.0935,146.3961,53.4509,207.2485,171.7320,181.9574,-68.4113,273.0936,2.9746,42.1387,37.5903,124.1061,4.8679,-151.3660,-20.1774,229.7508,107.0289,78.6754
261.7938,67.0193,114.5491,47.1284,77.4306,131.3016,120.1807,-120.2447,181.3457,9.5589,41.2672,-12.4711,38.1446,30.9145,-130.6227,-20.4271,191.2536,72.6798,15.8212
226.0182,-100.4898,57.1025,27.3458,-39.1788,81.9582,34.2692,-126.8891,155.2982,85.3491,-79.1491,-50.6300,-54.6853,-44.2993,-164.5653,35.1708,88.6114,25.6466,-31.2822
96.1582,-139.2480,-26.3357,-25.3134,-119.5878,27.2926,13.8482,-68.0391,164.3376,178.7121,-178.8935,-101.3816,-143.1151,-128.8153,-207.2493,-17.7498,-15.3178,-18.9893,-22.9625
-44.6687,-95.4632,-86.1933,-60.9191,-234.6315,-47.9200,-25.2645,-40.8330,229.8847,174.4011,-180.4640,-145.8999,-275.4233,-109.7823,-240.7977,19.9335,-53.1434,-77.2581,-63.5954
-21.3729,-107.2126,-105.2092,-30.3738,-393.0104,-94.0394,-184.4065,-79.8855,256.0260,123.5299,-174.0983,-135.2948,-417.8343,-43.1811,-284.7896,197.1653,-68.2405,-110.2699,-195.1429
97.5050,-149.6230,-82.2159,-0.0305,-479.0269,-78.0229,-366.7413,-132.4345,108.9484,92.1809,-169.0840,-106.3943,-468.4904,-57.3254,-350.5956,194.0267,-123.8135,-100.9365,-316.4398
117.4341,-116.3433,-40.5099,-38.0495,-425.5608,-65.4767,-417.5374,-173.1708,-82.4134,50.5943,-143.6305,-106.6510,-411.3022,-140.2186,-389.2601,-47.1151,-206.3148,-76.4655,-368.3668
34.7861,-40.9707,-43.5428,-85.4412,-295.2987,-84.5864,-351.9284,-203.2657,-134.4197,14.5534,-161.7249,-93.6620,-305.4938,-173.7556,-326.2864,-191.2748,-269.2390,-44.2799,-386.7937
-30.0662,-26.0661,-101.2474,-77.4791,-170.9823,-95.2324,-277.9644,-232.9303,-125.9579,20.1859,-222.1751,-56.6329,-194.8231,-138.5073,-210.9172,-120.9650,-291.9625,-28.4229,-394.2235
-45.4661,-10.8439,-153.0571,-38.7460,-101.1881,-95.7486,-231.5663,-271.2106,-161.5905,47.2671,-261.6039,-38.4971,-122.7131,-105.2354,-179.5686,-34.2997,-301.3727,-47.2234,-400.4098
-41.4157,144.2426,-183.4114,13.1118,-116.3044,-77.7249,-217.5406,-262.3805,-201.1345,101.5317,-290.9391,-3.4297,-119.8841,-82.6050,-226.1891,-18.5452,-330.4584,-39.1739,-420.1988
-23.2606,355.7419,-214.4204,83.3245,-184.0557,-10.9142,-254.3569,-164.7741,-246.9691,168.3286,-312.9321,74.5831,-148.2249,-39.3363,-243.0674,-11.8868,-334.0473,15.6722,-418.8764
-13.4758,402.3983,-230.1138,130.2436,-230.2879,44.6599,-305.3322,-73.1103,-283.6779,152.1667,-310.7362,101.4154,-172.5950,11.9719,-241.6875,-2.4277,-257.2096,22.9841,-374.1636
-65.8337,298.2161,-237.1960,124.8109,-264.8571,22.9080,-323.4244,-66.5559,-217.2549,58.2797,-358.6662,49.4863,-226.5509,53.2256,-275.5797,8.8338,-171.7824,-39.4505,-352.4749
-171.5552,231.6425,-275.2251,109.7029,-348.9160,-8.3685,-342.7520,-86.9983,-152.7834,3.7646,-460.8622,38.4015,-303.9830,82.1820,-303.2856,29.6788,-159.8697,-69.3913,-386.8949
-237.8411,214.5377,-304.0257,131.4398,-435.2992,19.0516,-394.0069,-118.8426,-273.9596,-12.8841,-463.1897,111.9897,-319.8532,89.1107,-313.5437,-1.8577,-154.9303,-22.2045,-422.4479
-220.4775,169.4448,-258.7562,201.3490,-430.7870,61.3723,-439.1655,-196.8504,-428.0117,-56.7301,-358.3675,178.9655,-265.5164,91.3282,-340.8406,-116.4543,-93.4112,48.6055,-465.9333
-190.3368,179.8323,-192.3154,298.1960,-371.9780,74.7268,-466.6927,-200.5945,-414.2871,-95.5689,-320.1198,190.1570,-241.1754,119.5294,-328.8106,-208.3409,-42.6698,93.3933,-566.2011
-202.5323,291.5121,-176.9525,354.9254,-339.0309,58.8515,-502.7419,-16.0010,-403.3586,-127.4412,-346.6115,178.9053,-272.8150,140.3041,-258.1905,-188.6316,-31.2448,103.8021,-644.4199
-215.1366,342.4675,-166.3151,335.1158,-290.9865,17.2439,-531.7899,197.4775,-535.4554,-202.8129,-298.8830,173.0833,-265.2344,99.7859,-260.9248,-117.1479,4.8231,113.3439,-605.3759
-199.2484,258.0580,-110.1432,298.4640,-167.5694,-12.6099,-528.5519,247.4598,-602.9874,-254.3954,-206.6245,169.9405,-175.1802,31.4021,-357.0132,-84.3151,47.4944,148.0079,-527.6129
-178.7119,169.9785,-51.7046,281.9258,-21.8853,3.1989,-488.1266,194.8965,-476.6367,-212.9428,-154.5633,147.6841,-66.0027,21.6237,-354.3667,-89.4660,22.8512,158.8264,-503.3647
-142.0480,120.7274,-18.8477,235.3140,69.2879,20.3460,-398.2300,158.4165,-316.5061,-169.4090,-97.6239,94.4361,17.7154,85.4251,-185.3028,-88.7693,-40.0323,102.1640,-482.1545
-87.1535,36.6577,8.8025,158.0206,86.3644,-6.0223,-310.2548,119.1329,-272.6955,-191.2566,-31.2491,46.3827,72.0784,144.2234,-24.8193,-67.1493,-83.1964,25.5744,-451.5357
-81.8293,-22.0686,11.3107,119.3213,31.2395,-49.6341,-332.4706,48.3263,-350.7010,-229.1533,-33.8572,49.8576,71.3908,138.9097,9.7462,-44.4946,-126.3252,-27.5235,-494.0082
-114.2476,41.3993,-30.2671,114.7955,-62.0977,-85.0852,-426.6528,-21.9415,-456.2840,-275.4824,-67.6065,89.8363,28.1879,100.3555,-11.5049,-69.3285,-171.0736,-74.3532,-563.2140
-59.1364,133.9559,-62.1890,84.0868,-128.9291,-123.9901,-429.6515,-79.2689,-462.5699,-342.2348,-41.5446,105.6865,19.3135,63.8566,-12.9272,-167.6148,-170.9015,-115.8910,-521.4576
79.2110,141.7760,-57.0343,35.8185,-157.7993,-169.3671,-343.9107,-128.5458,-400.6307,-376.3552,-0.0695,73.9373,49.2665,23.7046,-1.1307,-248.8399,-145.1716,-130.5711,-415.8617
146.2106,133.3037,-71.3479,20.8027,-182.3405,-202.4741,-319.9556,-158.8461,-405.5068,-372.5601,-9.4029,41.8254,50.9842,14.1373,19.9906,-186.4424,-146.1458,-121.4926,-399.6854
121.3535,187.4134,-112.8437,46.9646,-194.6555,-206.8033,-363.4550,-177.1529,-409.7785,-379.2775,-15.3030,44.5507,51.7449,49.3229,67.4741,-58.5249,-136.9554,-114.2132,-443.6270
129.7964,243.7215,-103.9675,79.7755,-178.0108,-200.8006,-365.9885,-212.4483,-292.2679,-384.2197,27.1310,32.9529,109.4860,26.2002,105.9533,-80.1308,-70.1948,-134.1890,-420.9932
184.3670,253.3008,-38.4817,85.9780,-168.8309,-214.5002,-353.4507,-266.9592,-206.6224,-369.4458,61.1106,-13.1979,145.7459,-60.2188,69.9671,-212.7781,-5.5588,-148.8167,-356.5208
195.3782,268.0558,-4.3760,81.9131,-194.5947,-209.8512,-418.2603,-300.0271,-286.5814,-342.2702,48.8440,-0.1322,88.3532,-26.2305,-22.7250,-195.2487,1.9121,-95.8119,-339.2580
162.1587,310.3457,-21.9453,108.5436,-223.8729,-145.7529,-499.9611,-288.8275,-337.9334,-268.7196,29.4980,88.9841,24.8447,110.8213,-90.2074,-43.7275,9.5335,-47.0317,-343.8920
144.0749,329.9096,-20.1039,136.7202,-222.6929,-107.6499,-475.0080,-287.0847,-219.2581,-176.3245,32.5158,111.7430,22.4473,88.5780,-110.8216,-42.9123,57.8356,-110.9380,-325.0577
148.8577,319.3474,28.5233,116.6767,-198.1523,-164.6568,-376.6347,-340.2482,-92.0613,-170.9859,50.3239,39.7363,27.9272,-70.0583,-101.3827,-188.9624,87.3950,-171.5208,-317.7623
164.5295,326.9602,86.4711,102.8532,-173.0752,-207.8478,-321.1213,-375.2643,-59.1856,-199.1828,86.5604,17.6116,34.2756,-81.1975,-37.0506,-203.8797,78.5771,-139.0898,-327.3044
188.0969,345.1132,131.6729,142.4322,-149.5091,-162.2642,-300.1783,-324.3141,-18.9195,-117.7246,138.0407,55.7723,84.7306,40.9213,69.7004,-84.3118,89.6817,-249.2747,-301.1783
191.2727,310.9607,149.7362,141.6775,-116.9844,-131.6288,-244.2899,-272.7888,42.8810,-9.0922,155.7817,32.6439,136.4928,88.6526,132.5788,-51.5656,108.1607,-578.8676,-255.8210
158.5339,221.6786,111.7356,43.3785,-89.0417,-159.4198,-185.5268,-295.8753,28.9727,-21.2997,114.7824,-23.2812,142.9323,96.6093,139.7283,-79.9028,70.6493,-749.5538,-240.9777
133.8103,137.3264,38.6650,-54.2915,-77.6399,-161.6641,-154.1504,-309.6571,-19.2132,-68.0689,78.3309,-20.0654,149.0122,131.7923,177.9017,-18.1141,12.7648,-616.2453,-210.9851
150.9232,79.9521,0.0206,-96.9523,-48.6989,-153.5094,-76.8568,-267.7750,20.4053,-53.2046,94.0653,-13.4355,177.4099,72.5720,267.2114,51.9348,-2.1099,-515.9895,-128.0122
172.5876,34.6676,5.4177,-140.2576,3.5968,-216.7294,33.1323,-276.6093,100.5344,-62.2183,100.2969,-56.5699,188.6809,-76.0433,327.3158,18.1941,-10.0194,-528.8093,-87.6311
157.9676,16.6494,3.2897,-183.7315,4.1636,-310.5260,27.5376,-374.9077,101.8219,-101.3126,49.1022,-90.4478,171.0939,-143.0856,301.3545,-17.8609,-42.0967,-386.2831,-152.5355
130.3877,43.0650,-1.4460,-187.4738,-68.6386,-363.1794,-93.7263,-454.6884,106.1939,-53.7581,17.1790,-101.4480,130.1612,-122.6645,234.9479,15.5018,-48.2968,-151.4651,-225.1720
126.3909,87.2571,43.4963,-183.8988,-127.9937,-398.1847,-162.6171,-476.8975,238.3088,34.4961,70.0585,-114.7084,69.3133,-121.0425,236.1351,32.9555,-19.9771,-114.3269,-241.1705
135.3127,112.5224,113.4451,-204.1601,-138.0607,-445.6874,-164.3623,-523.7015,329.4201,11.9161,146.6146,-88.0750,42.9414,-145.6519,314.6842,14.7842,-7.3753,-223.3381,-271.3681
144.6239,96.4476,134.9500,-228.0309,-139.2240,-494.6219,-228.8252,-612.1411,184.9947,-90.0161,189.5527,-31.3390,92.3251,-183.8872,329.8729,11.5970,-1.3101,-275.8888,-326.8870
182.9872,43.8435,128.1871,-246.0757,-120.8367,-534.7892,-331.8025,-654.5311,39.0671,-120.2500,232.9778,-35.4988,148.2830,-222.1078,248.0282,-15.9742,38.1232,-278.4825,-313.8080
258.9523,25.8715,177.2523,-236.6248,-66.9034,-533.2070,-332.6210,-609.9407,190.2955,-59.0349,286.6583,-73.6622,137.7269,-188.5188,253.8663,-87.7544,96.1307,-269.7529,-223.9854
326.5819,101.5243,279.0616,-170.1030,-17.3420,-457.1346,-221.4981,-536.9864,422.2578,-15.3242,307.7962,-35.3940,108.0947,-108.1672,402.6832,-117.6342,154.4133,-226.0355,-137.2451
357.5724,184.7822,351.9604,-101.7170,34.3853,-372.7676,-96.2183,-492.4732,383.3821,-43.7076,309.1058,53.1883,134.1616,-105.5299,491.7307,-100.6440,224.3538,-201.3582,-66.4403
372.4525,168.1104,363.1563,-88.6657,102.3365,-386.7137,-1.8505,-460.6379,209.5252,-82.7143,328.2586,95.2080,200.1881,-146.0666,444.1149,-126.5450,294.1988,-217.9666,20.8789
383.5276,124.0231,345.2225,-62.1593,103.7086,-450.2393,89.6678,-383.0062,201.2624,-72.7420,332.3722,104.3908,252.1909,-81.6807,411.2834,-156.6850,343.6651,-168.4600,120.1936
384.5543,157.6568,332.8998,34.4338,41.8707,-363.8876,224.1571,-219.8666,279.0678,-36.2887,294.9626,137.8017,286.5602,71.9628,447.8422,-75.3788,385.4108,-17.6704,227.9323
383.5461,193.0855,345.6020,124.4083,80.6089,-69.6468,400.5250,-8.7306,239.3868,-3.2381,262.9872,178.2474,324.4311,165.3651,484.1709,56.8084,422.8108,119.9607,341.8918
378.3542,137.6418,371.6078,141.2134,220.9433,200.9226,536.8807,140.6531,169.5887,30.3094,247.5177,173.4779,343.6492,124.7307,529.1310,74.1783,425.3130,162.9628,427.0048
341.0724,68.0543,357.5290,116.7314,267.0164,249.2054,574.0809,185.4135,249.0979,57.8475,197.5707,104.4760,307.4380,20.7634,611.3100,0.1912,382.4880,157.8982,487.1698
274.0135,70.8805,275.7984,99.4282,210.1540,208.6782,575.9440,223.0621,425.6467,88.6026,121.0116,12.1083,238.6768,-0.6096,690.2986,23.0732,330.9355,193.7230,565.4655
231.0242,104.0315,169.5518,115.8242,200.3837,265.4150,606.7559,296.1309,516.8742,130.7854,69.5333,-32.4936,184.0042,81.9855,732.8030,160.2553,313.3135,268.7072,617.1922
249.5391,106.9196,85.2661,148.3744,203.7040,329.8810,601.0795,280.6916,464.4802,95.2637,31.8109,-27.7250,135.8351,85.5207,722.1722,202.3994,322.7064,281.3883,563.9340
283.9997,67.6822,21.0418,127.1058,128.4565,284.7547,498.5842,148.9290,362.5710,-65.3347,-21.2644,-43.3577,71.2902,-67.7080,661.6246,89.3104,297.9398,219.9449,460.7360
246.4525,-5.8645,-33.1772,53.8337,80.9384,237.4007,384.3955,83.2797,314.1151,-184.8916,-63.3621,-86.0219,5.8141,-175.4822,614.2839,29.3377,212.5891,218.4010,410.0996
145.6275,-56.3979,-61.6458,31.8217,151.6381,263.7311,345.1840,142.8669,330.3335,-157.2472,-74.5783,-94.4902,-53.9875,-119.9033,583.5096,87.4039,142.3689,301.4740,395.9254
118.8035,-2.2364,-40.8809,75.9497,240.4137,251.6496,327.4113,154.6674,352.5153,-154.2798,-83.2466,-64.7489,-119.1793,-52.2374,481.8648,69.6071,166.0045,313.8450,372.1013
233.1192,141.6907,24.9180,84.3824,278.6095,153.4025,275.4257,67.1269,335.0511,-272.6772,-114.0157,-28.3048,-160.5183,-46.3226,344.8909,-33.6040,239.3681,203.7218,372.8689
352.5856,254.6325,80.0254,27.7896,315.2787,73.2183,240.6355,40.2506,289.0161,-340.4566,-166.5302,29.2976,-144.7475,2.6778,283.8850,-14.1948,255.7952,94.7675,426.3948
325.1162,233.9589,64.2310,-35.3804,357.2042,75.0130,254.0936,147.4035,257.6271,-263.1960,-227.8914,97.1185,-102.5480,80.5947,238.6094,95.7098,189.2368,60.0931,512.8307
176.5263,93.6713,-0.9992,-77.1042,381.1816,128.6676,287.5245,314.0222,293.1468,-131.7277,-277.6195,106.2436,-78.8766,71.6880,140.0030,106.0095,106.8290,73.7074,623.6389
22.9285,-40.6323,-42.3881,-91.7436,418.4865,185.4998,358.7340,475.5006,434.0912,4.5104,-310.1588,57.2741,-70.9938,11.9301,111.1754,77.8170,77.8607,105.2318,731.5989
-60.9448,-63.6394,-48.0716,-78.2168,470.6490,208.3986,460.7373,577.1089,602.1121,106.3025,-332.5026,30.9361,-56.2359,3.6503,190.4371,137.5291,109.9493,109.5991,772.8107
-63.4349,-20.7867,-69.5050,-70.6400,477.2208,205.9457,482.0785,582.4655,604.5920,105.3773,-340.1075,34.0514,-34.3043,28.5538,222.5915,199.2800,145.0200,59.5597,745.4308
-58.3491,-20.5898,-123.6752,-85.2319,424.7614,216.9481,407.9289,567.5424,441.4206,93.2353,-334.6613,-4.2136,-34.4794,51.1519,189.6349,198.9988,121.4402,13.3107,723.3334
-126.4725,-63.9115,-159.9071,-94.3241,368.2825,233.3336,397.0003,620.7630,406.6543,207.8909,-320.8802,-78.5255,-78.8815,110.3168,210.5717,186.5035,59.0652,19.4315,749.2142
-204.0676,-82.9052,-139.8727,-97.9929,348.2231,233.2861,500.6109,702.7780,599.7161,369.9145,-286.5068,-106.7157,-127.7712,185.5920,248.7180,154.1943,25.9871,41.2643,803.9987
-202.8895,-64.3401,-128.5543,-114.4001,347.2337,245.3456,582.0981,757.3316,734.7003,475.0412,-264.0255,-83.5147,-118.9404,168.1929,228.5368,159.2836,6.7562,49.9430,848.4905
-216.4454,-33.9853,-225.1275,-129.4001,312.3546,277.6673,577.2004,805.8856,727.9991,589.2914,-316.1940,-94.9867,-68.4594,54.6953,237.1653,326.8502,-73.7696,54.7391,844.9005
-327.2478,-15.6107,-368.4650,-137.5975,228.6049,284.9098,543.2573,833.4774,822.9930,708.3561,-375.7498,-161.0273,-43.8560,9.3474,312.6743,515.9325,-170.8996,46.3195,786.6422
-389.0339,-28.4243,-373.0110,-143.2395,156.6507,255.5028,488.2302,765.0989,928.1826,706.0993,-308.5730,-189.3267,-61.8348,134.7850,324.2749,487.0241,-153.1622,27.1155,693.2566
-294.6177,-37.6292,-226.0001,-114.0354,133.3723,211.3831,385.7661,599.3256,710.9031,609.8642,-173.0938,-130.6820,-97.8132,302.2821,221.4334,340.8884,-41.2537,21.6760,557.0028
-179.6393,21.4115,-108.6722,-39.7962,107.3778,141.4140,269.7672,419.3701,372.7317,554.6265,-122.3981,-60.1521,-131.6265,334.1753,119.6501,257.2740,22.1205,11.1075,378.1183
-137.6034,108.9409,-78.3114,27.0105,57.4495,41.5060,189.5878,274.7794,357.4058,531.3803,-120.8509,-42.0316,-135.0348,246.5164,89.2299,162.6938,24.5076,-33.8674,220.1837
-81.9753,120.5539,-31.4031,51.6094,42.4675,-38.4899,156.1049,151.0059,522.2649,459.5765,-74.9057,-33.0663,-97.4067,165.8343,81.4990,54.3634,46.0034,-87.8336,125.3260
7.2318,83.0084,38.3662,46.5216,68.7981,-56.9089,151.5676,43.0652,500.7592,362.9460,-39.3303,15.9297,-55.4936,127.6001,67.0207,89.8889,65.4306,-119.5916,66.4454
55.4326,110.5339,59.2194,34.1246,75.3586,-36.5521,151.0661,-18.4311,377.1108,308.5227,-34.2159,73.6658,-31.4849,110.8462,75.5299,203.0601,50.6379,-124.0639,40.6334
86.6808,180.1113,66.4732,40.6365,64.0138,-29.0189,146.4946,-38.0674,311.3185,285.4203,35.0519,93.0883,-7.0099,132.5318,90.4523,198.3032,63.1652,-103.5280,57.1027
152.5558,171.3244,111.7058,56.9608,70.7375,-49.9160,126.9521,-76.2048,192.8187,221.7975,139.3911,73.4707,9.7200,169.6144,62.9304,107.2118,98.6305,-96.8568,53.4231
192.3886,98.9307,136.2374,31.5119,61.0473,-71.7449,76.2740,-139.5412,55.5103,108.1998,150.1545,38.2597,-6.2818,136.4024,46.8876,50.1522,73.6299,-137.0320,-0.8973
157.5337,94.9866,94.7773,-15.0316,12.1666,-74.0357,52.3506,-149.1488,90.9135,49.0590,87.5717,12.0615,-23.5469,32.8606,117.2012,44.0705,22.4270,-155.8991,-27.2052
105.2198,187.8453,30.8479,3.0244,-18.1272,-53.4284,122.0576,-79.7590,180.0909,111.7179,44.2069,14.4228,-4.9992,-36.1928,169.1752,99.4297,20.7506,-92.1019,-1.6578
77.3411,269.3725,-27.6952,66.4515,-23.1164,1.1158,189.9409,2.3535,98.6618,220.2132,3.2015,40.3125,-0.1639,-26.5748,85.9440,197.9608,3.7928,-30.6300,-3.3602
41.9920,260.0748,-92.4919,73.7715,-82.2418,60.7895,143.1080,60.9684,0.5061,294.0786,-61.0588,53.8217,-72.5205,8.3645,6.7824,249.0728,-79.5301,-54.0758,-38.7780
-19.9322,196.7499,-148.9389,15.2840,-194.9705,44.9092,81.8194,93.5117,113.2772,321.7097,-94.5999,21.1284,-172.2902,35.1525,80.4686,232.3945,-130.0858,-100.4139,-44.0065
-69.5188,163.1726,-167.5692,-40.8924,-261.1572,-41.2378,109.6949,67.2360,272.5595,277.7727,-65.6394,-41.1344,-190.8974,58.6058,166.8711,198.2445,-93.7647,-104.7016,-30.8187
-70.8074,166.3288,-148.6345,-56.7353,-250.6675,-81.9217,119.2565,-3.0260,240.8974,187.8719,-4.5304,-74.8156,-119.5957,62.1762,119.0997,169.3855,-52.2631,-88.2382,-44.4157
-62.2985,115.6179,-117.0072,-32.2982,-225.2208,-47.6765,42.3573,-38.0626,141.2458,167.1136,44.3152,-63.3203,-50.8815,39.8811,45.3140,183.6706,-52.5477,-60.1209,-78.3140
-105.1203,-7.4166,-91.4754,-0.3813,-211.9498,-34.1607,-7.8764,-36.6046,165.2050,211.2275,47.6155,-52.0520,-38.7499,25.9838,48.9582,237.9595,-64.3577,-21.6732,-122.3291
-164.5148,-54.3283,-72.4966,-0.6705,-198.3133,-74.7558,9.9368,-63.9046,195.8682,188.0101,20.8486,-57.4963,-58.1559,21.5684,59.5899,212.4672,-78.4601,-24.1453,-168.4899
-158.6601,55.9221,-61.3136,-12.8472,-199.3167,-110.9940,3.5854,-111.3198,97.3517,101.4770,24.6881,-47.2183,-72.7214,-15.3597,20.7759,79.2019,-98.1373,-78.9119,-191.1031
-93.8165,177.7136,-54.0751,0.0594,-215.2455,-113.3205,-46.0856,-138.8305,15.2837,53.5605,84.9866,-16.2258,-54.1300,-70.8045,-41.5799,-19.4177,-106.9449,-108.9840,-209.6403
-7.3893,203.3975,-8.9196,21.0826,-191.8644,-84.4202,-69.1610,-159.6541,45.4136,27.7618,176.6057,22.4406,9.6391,-86.5498,-95.4786,-33.7805,-99.5433,-64.9461,-254.9737
111.7127,220.2975,94.6738,40.7449,-110.6567,-38.6955,-37.5775,-173.8356,29.6131,-13.6458,264.1656,71.5155,73.0241,-71.3064,-101.6984,-51.1849,-77.8063,5.9745,-278.1180
214.7377,256.6525,180.6877,73.1291,-44.4362,-26.2321,3.8883,-165.9154,-62.7336,-22.7827,303.2179,98.0207,84.7365,-60.4683,-60.7493,-97.1502,-37.4283,31.8684,-247.3594
205.3781,220.8922,186.8324,89.4102,-47.0331,-49.7746,0.2179,-164.6317,-60.9826,2.1843,274.9271,77.2790,78.3931,-9.4600,-35.9942,-133.8081,7.0632,14.8876,-215.2887
122.6040,133.2609,166.6984,71.3675,-63.6780,-26.7344,-11.4687,-154.7475,7.8425,24.9122,220.2188,83.6802,107.4947,110.6386,-25.1931,-120.8445,24.7626,30.0423,-174.5572
71.6276,72.3721,159.1225,54.9240,-28.7264,50.7682,69.1000,-59.6623,4.3705,77.3489,169.8668,149.3523,149.7510,197.7151,27.7128,-19.3164,6.7369,94.4767,-64.0914
36.0022,23.2536,131.3007,45.1445,30.1059,87.1100,208.0979,81.3701,26.8451,162.7139,126.8393,159.3920,171.9786,172.5539,84.5668,112.6344,-7.2966,127.4866,56.2007
-19.3381,14.6658,122.4056,37.3932,64.9438,76.3548,259.0411,139.0558,154.3820,214.6236,135.1942,87.7851,191.3222,127.5948,92.8699,160.5774,40.0588,118.0620,84.5756
-34.7398,98.9507,198.4812,76.3207,92.0666,97.7048,215.0479,123.0324,200.2101,225.6568,214.9909,82.1816,217.1280,161.8517,104.6084,139.0085,126.3752,150.7408,55.0720
6.9934,147.6690,275.7176,137.1181,126.3998,131.4277,181.0435,137.3002,94.1072,219.3038,278.6663,161.5390,234.5765,218.4092,141.5993,116.7981,145.4337,207.7145,39.9078
44.7162,65.5448,238.9218,123.5105,132.9242,113.6742,156.0867,175.1766,4.1264,170.3818,261.0566,172.7708,244.4956,218.1173,137.9613,89.5789,72.8236,205.1222,32.9882
65.3458,23.2058,138.5764,67.4371,104.7141,91.0524,94.1874,176.7017,-46.0955,98.9573,217.6812,102.5367,249.7787,188.2936,93.5575,85.0517,11.0029,192.5395,26.7564
86.9363,120.5546,78.9192,76.3384,87.5407,122.2912,37.1174,152.9753,-140.0488,68.6804,202.2879,78.0662,246.8534,170.6448,73.2342,123.6872,8.9731,234.1269,28.3247
99.4135,205.4156,67.6654,121.8957,98.9836,157.0050,24.9164,113.9233,-188.8850,59.7159,196.6864,119.5056,247.0633,160.8851,76.7924,110.4877,14.8552,250.9552,17.5563
107.4737,217.4046,73.6311,127.6369,111.5051,144.3165,29.9965,36.6985,-144.8409,26.7768,177.4924,167.1846,247.1729,162.7354,60.2848,45.8300,12.8450,206.3071,-0.0839
114.7500,236.7910,72.6273,112.8574,103.0232,112.5106,12.1639,-53.1287,-171.1833,-6.6798,132.2095,204.2177,212.4251,168.8412,9.5568,63.5475,24.2169,182.5004,-8.7052
105.4615,236.4538,37.8880,96.1468,70.3589,81.0408,-50.0767,-115.0437,-315.4306,-31.8014,62.0394,214.9362,136.1822,135.9281,-54.4460,112.4031,37.9772,179.2239,-45.1012
103.9121,193.1210,-10.9015,55.7996,31.5615,33.8764,-127.9136,-163.3103,-393.4709,-74.0606,9.5558,189.3068,59.3841,67.8007,-81.3331,42.3804,56.4483,139.0127,-109.0434
120.7156,189.4338,-19.1223,5.4365,18.0878,-12.5316,-164.3906,-203.3779,-305.3460,-108.1251,7.4269,153.1980,19.1024,26.1489,-45.1470,-61.8440,83.0827,110.4380,-128.6199
99.1804,202.3466,17.7567,-48.0680,23.4906,-21.6063,-177.5930,-195.2148,-169.3728,-101.4194,41.4235,97.7400,23.4048,31.6182,-0.2732,-65.7802,57.7418,129.9144,-110.5220
53.4285,149.9694,58.0636,-125.3448,5.3596,-1.7866,-217.7437,-135.9604,-143.5772,-79.2654,95.2326,17.4710,50.1033,59.4456,-11.4522,-30.4283,-42.2251,123.0062,-131.7677
70.2308,92.2204,67.3155,-199.7246,-38.3711,1.5259,-242.6641,-79.3046,-220.6148,-61.3738,138.2486,-11.2788,58.1819,82.6712,-69.5430,-15.1294,-126.5358,66.9343,-169.8612
113.7275,70.7974,34.0989,-239.9231,-66.5201,-29.2651,-194.0121,-49.1033,-207.1135,-33.7452,123.6649,23.6581,39.3000,48.7607,-113.2654,5.9657,-139.7808,33.6143,-152.6935
90.2300,20.3884,-14.8068,-265.2063,-59.1307,-52.9708,-106.4963,-13.1191,-21.8665,2.0102,86.5904,12.0851,30.0208,-59.8749,-87.3532,13.8025,-131.3224,50.2064,-108.2819
36.2814,-24.2281,-39.8942,-270.7440,-25.5736,-27.8032,-44.5754,41.0596,110.9473,25.5800,99.4651,-54.7054,48.5589,-143.8139,-10.9762,8.9059,-131.5321,82.3057,-94.8896
4.5843,1.7857,-49.0375,-243.5492,9.0556,14.3402,-36.9192,69.7314,43.9861,19.1919,115.1553,-76.4154,72.7904,-135.7902,20.5170,33.3650,-128.5347,100.2213,-91.6709
-38.9545,8.9726,-64.5101,-240.0430,13.2690,22.1009,-54.9427,55.1279,-22.8568,-11.7990,68.1686,-81.4892,82.3243,-127.0443,-11.1664,56.5886,-141.5309,98.3881,-55.7629
-83.0992,-45.1930,-74.8897,-290.6062,-2.5349,21.1713,-25.3701,57.5591,32.0343,-16.0486,35.5480,-152.3011,74.0843,-174.6343,-6.7065,60.5066,-185.3710,102.3881,2.8038
-88.5635,-45.1759,-85.1006,-325.3233,4.4118,52.0208,34.9604,109.2192,44.0786,43.8082,71.1153,-212.4538,60.3227,-185.8774,50.4950,94.6175,-223.0234,127.2416,39.8610
-89.7177,28.5613,-106.3205,-290.0219,30.8304,83.8994,24.4695,142.1746,-7.7576,115.6006,84.7515,-172.0899,71.7270,-118.3731,68.6088,131.2027,-213.4613,144.7202,38.6407
-81.9872,69.8629,-90.3047,-211.6237,51.7461,94.9408,-17.2899,112.8242,29.2680,131.9209,53.0542,-98.8988,118.1268,-44.7206,43.3479,117.8339,-155.3239,148.2926,36.5531
-10.7651,60.0002,-17.9305,-145.4162,79.4260,118.2148,23.3984,83.7194,83.5496,118.2332,69.1645,-62.0474,156.7721,7.7668,31.4465,101.8463,-87.7945,150.6016,68.8125
60.6313,41.3919,24.1165,-139.8459,101.7064,148.6644,84.0045,109.5177,39.4876,140.4249,117.3735,-31.4551,147.9356,44.5524,17.4823,107.5419,-65.9649,123.8581,119.3098
41.3464,12.5997,-9.4883,-190.3601,78.1565,152.6786,89.5270,163.2899,43.4293,188.8340,103.5209,-3.0965,113.4751,27.2094,-2.7347,109.5616,-100.9146,82.9330,157.9864
-11.8961,-17.1698,-40.0695,-229.5975,45.1102,150.8195,118.6119,190.9348,142.6317,183.5066,69.4480,-18.3471,99.4712,-24.2917,1.0479,131.8331,-144.5884,99.8063,152.7379
-28.6093,-20.9386,-17.0166,-226.0695,52.4698,154.7421,142.7686,146.9800,128.1291,94.7693,99.5073,-67.3088,105.0039,-40.2838,-23.0463,141.0257,-157.8947,136.9702,63.8320
-29.9735,6.1944,13.2658,-208.4020,43.9042,129.1102,41.4101,39.9726,6.3392,6.4130,141.3666,-101.9559,86.4247,-49.1964,-103.3076,61.2364,-145.9809,101.0507,-64.2401
-11.3870,79.1079,14.7522,-187.9521,-14.4928,91.2958,-68.9525,-32.9154,-11.2751,-2.8023,129.6986,-95.1077,29.9996,-89.7160,-130.4024,-16.9188,-132.3006,38.8075,-114.1504
39.2527,189.9309,-9.6686,-168.6792,-43.9712,81.9844,-44.2511,-18.5745,14.7619,22.5300,107.8157,-51.7185,-22.6496,-87.7032,-68.5366,6.4168,-138.5330,17.5440,-92.7952
68.4609,251.7872,-67.7722,-158.2522,-33.2384,63.6998,-29.8985,-1.4065,-76.9153,18.4943,101.3927,-15.6740,-38.2377,-25.8447,-36.5618,19.4805,-158.2844,-8.2470,-113.5886
80.0291,198.3943,-153.9377,-118.1381,-68.6559,20.4044,-113.4577,-31.0699,-159.4406,12.5953,65.2629,-25.5055,-30.8856,-9.6507,-60.4950,-42.9126,-152.4725,-28.1390,-162.9350
148.4555,93.1144,-219.0623,-39.9880,-133.6527,18.4340,-117.0658,-35.1288,-108.2835,21.2385,8.6704,-41.7828,-20.2183,-46.3738,-54.6853,-66.0065,-111.8296,17.6937,-146.3551
245.6294,60.6823,-214.2660,-11.6678,-146.0612,46.7746,-9.9481,-2.2052,-57.2741,-1.8350,-5.0989,-12.8375,-13.1083,-46.2450,-40.1504,-34.1678,-79.4210,42.2067,-92.8968
272.6251,135.2479,-147.7755,-63.0468,-137.3646,16.1393,21.9927,-11.0275,-75.7065,-47.5010,14.0477,14.4452,-29.5270,-37.4355,-86.8489,-44.6578,-78.0092,-33.1852,-66.9541
227.8127,215.1989,-81.1907,-99.5601,-152.0438,-44.8277,-26.6795,-50.4916,-49.4006,-60.5675,9.9668,-13.6901,-71.4251,-84.2184,-138.3697,-101.4554,-72.7859,-80.0947,-30.1782
175.4523,209.9110,-49.6230,-66.3737,-121.9432,-26.9211,-5.8951,-48.8356,52.5095,-56.5545,4.1499,-24.3003,-86.2157,-109.8967,-115.6373,-169.2903,-24.6012,3.0488,38.9437
139.4392,173.3804,-14.4100,5.9056,-23.2300,67.9862,72.2943,-22.6708,144.2620,-71.7801,58.6964,58.0992,-39.1784,-52.1772,-69.5956,-228.2622,53.7104,117.6762,79.0622
112.3678,172.1588,47.9224,80.5034,43.9211,149.4264,79.5268,-17.9559,146.7598,-82.4721,149.5186,149.6259,14.7788,-7.9604,-95.9752,-225.1436,100.5819,160.4766,71.9751
84.5739,143.4565,77.8241,99.5495,35.6056,166.1385,-2.4745,-21.6483,4.9736,-78.0840,185.0487,145.2601,4.0714,-46.2489,-181.9941,-173.4312,81.7437,136.0675,71.0290
47.7856,43.4093,40.0088,34.9590,27.2488,136.8051,-66.3929,-18.0134,-196.0490,-91.4439,132.7688,98.8683,-50.7349,-79.6706,-210.6939,-155.2651,53.8876,89.8855,110.7395
-4.1813,-48.7090,-5.4730,-15.7807,63.7686,127.0058,-35.4853,-7.8594,-210.1218,-115.0227,47.0738,97.9357,-72.1385,-32.7895,-121.7989,-169.5874,79.9992,82.8346,174.1680
-84.4441,-87.8216,-22.2772,20.7167,103.9679,168.4899,17.9476,16.9643,23.7556,-100.1185,-18.1740,108.8451,-51.9352,37.0254,-16.0194,-185.5940,117.2616,125.2136,214.7383
-176.4434,-113.8498,-53.1910,51.2348,112.4037,192.3052,-16.1567,34.5840,234.5763,-35.5622,-54.4963,88.6225,-57.5466,55.9072,-13.1284,-198.2546,100.2246,132.0790,205.1991
-209.7529,-135.6606,-101.6116,0.9955,102.5749,134.6879,-101.6238,6.5790,223.2869,41.7475,-58.0554,75.0998,-102.1362,40.3975,-77.7658,-134.2487,61.1407,64.9821,173.6953
-160.6468,-142.0234,-110.4861,-56.3397,97.0111,46.1346,-146.8150,-45.4751,131.3515,98.4590,-19.4716,76.0719,-113.2424,31.8558,-108.5605,17.4639,49.9300,3.0764,155.0683
-112.8499,-152.5031,-88.5700,-66.0024,98.7573,1.7265,-165.6058,-68.3246,148.7482,131.1703,24.6698,50.6525,-71.0647,16.8986,-97.3272,99.2649,37.9838,4.4241,145.6903
-137.8728,-171.4836,-105.1467,-65.0197,93.5752,9.0928,-188.9000,-57.1463,219.7642,135.0305,11.3894,12.3826,-58.1181,-21.6454,-91.1857,53.4709,2.9150,38.5730,131.6639
-194.8008,-182.7416,-141.4403,-53.6220,59.3202,39.5671,-197.8793,-46.7224,198.6863,84.2306,-39.9306,-10.4551,-112.7597,-50.2160,-104.9340,-10.6797,-2.9969,52.3986,96.5047
-191.4957,-171.8869,-99.5017,9.7542,-9.9225,45.3808,-206.8460,-65.2256,98.0983,-8.7503,-36.2675,-41.7615,-161.7779,-53.7064,-128.3584,-61.8859,52.7352,22.3604,26.3375
-92.1595,-125.3247,19.1815,101.1943,-80.1257,-12.9898,-224.5215,-111.9008,7.3866,-75.9463,35.6840,-72.9374,-160.6970,-77.4878,-142.0945,-96.6265,122.1253,-16.0176,-46.7681
43.9406,-71.6127,100.0012,161.3891,-110.2107,-97.1095,-212.3308,-158.5150,-68.0802,-97.6117,87.1642,-57.2919,-171.2784,-137.1710,-134.1201,-60.2439,163.6096,-11.2813,-87.9355
132.3693,-43.0332,106.2145,201.0008,-111.5448,-134.0794,-194.8430,-188.1730,-119.6746,-125.9245,80.3668,-29.3630,-232.2266,-179.8411,-127.6139,-41.0644,196.4844,17.4185,-125.0938
162.3411,15.7596,120.0768,267.4706,-119.3405,-114.5221,-218.4264,-208.2334,-99.2327,-171.3338,68.0891,-53.9999,-273.3440,-169.4011,-133.5195,-139.1674,226.8724,36.7085,-168.0398
164.2546,118.3720,171.6553,327.3340,-118.1159,-65.3822,-210.7783,-205.8284,-70.8789,-189.9994,78.4588,-97.0638,-237.0406,-123.6005,-103.3853,-199.0084,212.2892,73.2205,-163.4062
131.5683,136.9481,198.9263,300.6776,-70.3930,-4.2598,-101.7889,-156.4426,-102.8644,-172.3811,88.5656,-104.5423,-169.6136,-73.1240,-13.7569,-109.8586,145.5842,119.2463,-100.9022
66.4835,37.3659,179.3206,206.1713,11.3503,39.7479,39.0604,-79.2163,-74.7214,-142.2421,89.1204,-103.3537,-108.4929,-42.9567,59.0369,-44.6327,71.2905,115.9901,-30.4681
-4.0396,-54.1046,132.1915,123.2392,82.9542,49.2601,131.8039,-15.8304,48.4334,-121.0547,76.4255,-119.2183,-19.9480,-38.5352,39.9742,-102.9831,-11.0529,77.5448,12.7511
-103.8161,-128.2515,39.9030,47.1196,112.9347,38.6101,177.1871,16.4856,63.8496,-125.8903,34.7165,-128.4958,72.6879,-38.1025,-13.5199,-165.0036,-121.5359,49.5693,7.3976
-243.2068,-264.5294,-84.1542,-42.5588,93.5182,5.7378,188.5016,13.2088,-35.4710,-145.1410,-17.2035,-129.0791,85.9572,-36.0896,13.0802,-161.2378,-188.5957,8.8626,-27.2636
-328.9521,-382.9170,-155.1904,-80.4948,61.6345,-52.5141,179.3597,-22.5908,-32.5786,-165.9711,-35.7901,-145.1443,54.5511,-54.4875,96.0226,-122.0820,-142.1323,-53.8916,-7.6723
-308.9626,-396.4204,-150.5986,-54.8022,73.6948,-89.5969,176.7619,-67.7067,10.3794,-226.2590,-26.6312,-181.1506,84.5926,-96.1197,100.3581,-88.8409,-60.5650,-95.7528,73.6945
-273.2794,-394.4478,-141.4676,-56.3211,119.6019,-68.1619,191.0036,-97.9621,-83.2399,-322.0402,-36.1533,-225.0324,136.8237,-142.7430,20.4569,-111.4907,-43.2770,-105.0800,106.7092
-281.6726,-420.6879,-151.4621,-81.7337,135.6579,-14.2509,215.7629,-100.9619,-162.5140,-355.2573,-69.6076,-248.0992,109.8013,-168.6961,-13.6885,-171.0423,-54.1123,-82.5982,55.3484
-277.4264,-388.0509,-142.7252,-41.9267,101.9645,32.0085,220.9485,-81.4320,-111.0676,-309.8687,-79.4706,-226.7855,47.8693,-140.8152,10.8849,-216.5246,-45.5205,-29.7992,-17.4875
-239.3566,-303.8702,-121.0760,25.3728,38.9954,43.2494,164.6572,-76.5363,-119.5822,-302.7679,-44.8929,-204.7869,28.0175,-88.7690,-9.1898,-297.1367,-63.0508,-20.1139,-97.2035
-228.2559,-263.4451,-113.7041,22.6272,-41.0699,6.9765,77.5729,-106.1320,-237.7664,-364.7931,-11.0740,-236.5245,5.8028,-106.7745,-70.7601,-410.7659,-116.1655,-99.5808,-171.6523
-254.9890,-266.1826,-102.8986,-7.9909,-108.6911,-38.2007,27.8553,-120.4811,-335.0909,-392.1222,-14.1929,-269.9512,-58.1077,-178.1692,-119.4630,-432.5677,-131.7333,-164.8628,-182.1560
-240.0097,-253.7111,-64.1614,27.8247,-122.6739,-38.9523,-0.6072,-89.1034,-431.1974,-342.3576,-12.0642,-225.5565,-116.4764,-172.3032,-199.5097,-382.6859,-75.8956,-126.6649,-151.0300
-131.4815,-224.3141,6.2360,117.5178,-88.2090,-5.7230,-31.9253,-71.9716,-489.7053,-287.0044,44.3061,-135.9066,-140.9128,-96.1003,-305.1850,-382.8535,26.8089,-43.7373,-146.8185
-3.1841,-215.0174,101.2722,198.9831,-39.5369,26.6607,-20.9575,-105.9692,-391.0479,-289.2941,113.7325,-69.3507,-139.0393,-80.4017,-316.8462,-375.3824,150.6880,18.3902,-144.1308
26.4121,-239.3394,174.2714,249.0186,8.4843,58.1186,9.8961,-135.2837,-319.7752,-324.9051,121.0489,-29.8069,-115.0661,-111.8467,-239.0378,-280.9052,242.1910,62.0347,-115.2113
-41.4269,-263.7662,169.9395,260.1849,45.8914,80.6995,-15.3539,-129.6596,-428.0455,-313.4068,64.8613,-30.0980,-108.8234,-93.6537,-210.3472,-190.8266,232.4689,75.4353,-105.2636
-103.4604,-267.7846,117.1108,216.9129,55.7304,74.2421,-52.8532,-145.5527,-434.6895,-254.1262,5.2701,-98.6693,-157.5463,-70.8451,-248.4303,-181.0959,139.6626,46.7775,-114.2880
-118.2253,-297.1797,86.8144,126.9240,37.8363,65.9864,-41.1621,-222.7873,-270.6229,-267.6368,-17.4419,-168.5438,-217.2480,-103.3133,-266.7815,-239.1665,60.6866,9.5796,-108.8298
-134.3298,-362.6967,79.2772,48.2956,17.3061,93.3051,-39.1226,-313.5944,-300.6507,-380.7968,-25.7674,-144.2812,-237.2504,-116.0834,-254.1121,-323.5770,42.9287,-3.7090,-108.6706
-187.3183,-394.4995,64.8140,39.7115,32.6570,134.7457,-56.2080,-337.7068,-495.4860,-437.9991,-67.0335,-65.6094,-228.2575,-75.0424,-237.4230,-345.7031,52.6577,18.5272,-104.9853
-245.4760,-394.6780,62.6705,80.3107,97.8539,162.4564,-18.5567,-273.1572,-484.6440,-373.9665,-122.1003,-37.4187,-199.7466,-58.9895,-229.4109,-324.1135,59.6372,82.6948,-58.1475
-242.8436,-432.8675,79.6926,105.0979,173.2519,196.2748,21.5732,-179.7309,-380.9210,-316.8545,-121.4453,-64.7855,-154.5173,-88.3499,-270.8890,-369.4441,64.0834,170.8177,-14.0481
-185.7735,-474.5159,64.6508,93.5562,219.1210,236.9195,-28.4045,-126.0025,-483.3287,-329.5928,-86.0866,-87.5556,-126.2415,-116.7537,-349.7126,-355.9691,43.2123,238.0723,-28.0098
-183.9283,-462.3466,-16.7837,49.7388,229.9588,231.0297,-94.8927,-124.4109,-635.0562,-345.5066,-108.9847,-85.3004,-129.3197,-133.3565,-365.6551,-183.7554,-35.1610,236.2990,-73.9204
-269.1974,-462.0358,-127.1736,-14.6403,178.8534,164.2953,-107.6482,-157.3127,-631.7029,-348.1927,-171.8967,-69.4528,-149.7057,-127.6978,-304.5052,-183.1616,-126.2780,151.4411,-141.3341
-341.0544,-518.1767,-182.5447,-38.0932,53.0467,96.8754,-155.7858,-206.8437,-594.0298,-355.6520,-177.6920,-55.2369,-198.2928,-100.7117,-269.4041,-453.5516,-143.6230,49.3281,-236.8283
-386.3539,-561.7130,-133.6300,11.9103,-59.2197,54.1179,-284.2760,-250.5488,-647.6382,-335.3111,-134.9931,-58.8652,-268.1200,-123.9282,-304.2516,-489.3244,-106.7532,11.9541,-316.2759
-426.1310,-545.1149,-58.1475,61.4698,-83.8111,-5.8367,-398.5594,-282.2260,-801.7206,-290.8862,-102.4494,-73.6400,-299.0523,-217.0893,-376.9305,-184.7717,-120.2896,21.6245,-374.8662
-300.2458,-470.9498,-85.2331,57.5509,-76.6663,-78.7963,-438.9451,-303.1336,-985.7347,-274.4492,-63.4595,-82.1005,-267.8066,-281.6814,-467.9436,-61.6052,-190.6373,24.5061,-435.8204
-10.2036,-365.6131,-180.3314,35.4436,-74.9955,-106.2566,-417.6857,-279.8492,-978.4211,-281.2077,-21.3494,-88.3809,-216.7179,-271.7736,-526.4511,-199.3438,-219.6913,35.3374,-420.7468
29.4865,-342.2027,-185.3538,12.1300,-27.1150,-87.2230,-327.5447,-202.2366,-740.5118,-279.7130,-35.2881,-85.2370,-173.8459,-233.6127,-482.7297,-298.9763,-180.3705,62.9087,-292.0529
-309.0565,-474.9098,-103.2393,-2.6106,35.1112,-56.5139,-196.9693,-143.3150,-622.7957,-278.3403,-84.9991,-56.2556,-140.1413,-175.5687,-385.4521,-460.8549,-141.7870,74.2858,-189.6691
-492.1427,-613.1608,-85.9829,29.5444,21.1706,-4.2062,-136.2814,-145.9652,-764.0159,-275.8967,-102.8970,-49.8555,-124.5930,-118.4234,-365.4246,-665.2907,-135.4021,77.5149,-180.6978
-232.3890,-587.0212,-147.3816,54.1476,-19.3226,64.4858,-192.5037,-147.1708,-831.0612,-257.1017,-110.2192,-120.2777,-137.8042,-142.8418,-450.3419,-462.3203,-127.6835,86.6712,-148.9449
17.7662,-484.5976,-168.8854,-12.6997,9.3325,108.7102,-260.3151,-110.3123,-681.7467,-245.2634,-149.0906,-192.6815,-184.2979,-207.0528,-540.4602,10.5706,-99.4407,81.3965,-68.1191
-77.4118,-485.2721,-136.3801,-76.1403,62.2199,144.0794,-237.4003,-89.2861,-564.0028,-266.5241,-191.6408,-164.7684,-248.4067,-163.3501,-547.0662,64.7697,-68.8195,92.0063,-44.7058
-259.9886,-585.2072,-126.1021,-29.4062,70.9767,189.4364,-171.4307,-111.9220,-563.9233,-310.9436,-210.4720,-103.7599,-282.8114,-54.4764,-489.2376,-267.3286,-62.7936,141.5229,-88.1550
-298.8071,-670.4568,-143.0113,5.3679,75.9037,175.4589,-152.5531,-148.6365,-533.4876,-364.7673,-201.9946,-146.2466,-265.6751,-75.2330,-450.8323,-392.3507,-93.2096,141.0795,-126.9661
-295.7798,-714.5387,-139.4314,-83.4564,118.5847,82.0804,-161.9514,-187.6573,-465.0356,-415.4056,-154.3158,-272.4326,-235.1151,-218.7786,-458.0438,-266.7104,-135.3943,63.7396,-149.3917
-318.1570,-760.3192,-103.3878,-176.7160,166.6319,12.7640,-150.4083,-225.1174,-460.6548,-446.2453,-95.7296,-361.6484,-221.7121,-287.4997,-470.2311,-218.2533,-138.6281,34.8077,-167.4545
-304.1761,-788.7215,-55.5716,-164.8806,181.4010,3.9735,-157.1522,-237.1425,-523.1870,-465.7589,-74.9624,-390.7910,-218.5933,-228.9405,-494.5377,-268.0930,-86.6193,82.6241,-181.3672
-273.1396,-751.5707,-23.1430,-103.8724,162.7074,-21.0483,-219.9696,-222.9545,-592.4124,-478.9576,-71.3093,-426.2117,-226.5494,-185.2106,-560.2010,-305.9022,-31.0247,92.6711,-197.9255
-294.4884,-702.7231,-16.3832,-52.9403,141.5379,-70.0687,-277.4422,-201.5076,-599.0370,-444.7551,-53.9245,-477.3995,-249.4384,-244.1308,-595.4886,-326.9762,-29.0800,50.7266,-189.0765
-343.3158,-720.4724,-22.7276,-20.8600,137.8198,-83.3503,-265.6189,-170.2165,-508.0343,-356.2574,-61.0894,-475.3336,-274.9577,-338.2230,-529.5522,-292.8072,-65.5759,22.1021,-129.3170
-344.0008,-747.0867,-49.2374,-26.1837,121.7781,-71.0657,-211.1290,-136.1351,-431.5044,-301.4052,-112.4012,-391.4066,-299.1750,-376.5810,-439.4596,-198.6628,-85.6192,-10.9232,-79.9053
-299.3304,-712.1400,-106.0676,-55.0690,82.3169,-70.1712,-168.6880,-128.9348,-493.8606,-333.2615,-160.4329,-301.6234,-319.1459,-355.0575,-402.9443,-159.8422,-83.4656,-57.4681,-95.0253
-291.4955,-688.8722,-143.6026,-66.3217,72.8210,-61.1606,-156.0460,-136.2338,-568.4680,-374.6100,-174.4532,-284.6505,-324.4508,-313.5567,-378.3174,-211.1926,-90.5980,-61.5545,-126.6920
-347.1466,-730.0055,-123.1335,-66.4664,99.3283,-25.5868,-171.6048,-116.8896,-485.2355,-358.1260,-165.0357,-304.6039,-328.8842,-258.8803,-365.4709,-253.5589,-104.5996,-35.3911,-129.3148
-397.2963,-770.3885,-104.9889,-82.0299,98.5737,10.3326,-203.1462,-89.1559,-391.0440,-331.2379,-159.6023,-279.5652,-343.0309,-193.1794,-423.2634,-242.1277,-111.7928,-37.6544,-122.2289
-410.7832,-808.9989,-142.4463,-113.1194,72.9687,16.4298,-218.2694,-96.4269,-468.0788,-325.7668,-194.7299,-225.0013,-342.0724,-163.2393,-479.7958,-221.3420,-134.4274,-61.1222,-110.6386
-427.3139,-897.3579,-185.5265,-155.7111,63.9160,-10.4308,-199.6398,-111.8857,-547.9520,-296.2594,-248.9265,-222.7488,-335.5894,-193.4577,-424.9623,-197.5376,-180.8218,-88.7281,-85.0159
-452.6770,-962.5662,-186.1660,-201.9640,32.8219,-53.2600,-179.9001,-94.3535,-480.7689,-257.4314,-245.0595,-281.3904,-370.3774,-227.4323,-335.8853,-123.7914,-218.2566,-128.2101,-72.6756
-475.7289,-933.5583,-177.7087,-235.8513,-46.1643,-109.8149,-192.2948,-79.2420,-443.1760,-268.4233,-196.4411,-329.0721,-416.9287,-219.9691,-334.8919,-18.9785,-238.0285,-151.4907,-88.8764
-514.7407,-905.9086,-204.8473,-258.2168,-102.8183,-201.6437,-212.5935,-107.5969,-471.2254,-279.6868,-193.3181,-327.7429,-403.0804,-211.8060,-375.7943,16.5263,-265.8041,-149.2252,-112.7193
-545.6210,-965.1830,-273.6615,-284.1425,-112.3804,-320.2921,-215.9040,-160.0323,-356.6510,-240.0555,-229.0108,-317.4111,-356.0632,-241.9446,-375.8158,-32.9776,-303.8011,-180.7262,-156.5194
-532.7155,-1045.7365,-355.6632,-330.8052,-138.7280,-420.3386,-235.7342,-229.5456,-215.0134,-241.9484,-242.8712,-340.5323,-350.4172,-274.3217,-353.2228,-58.0250,-331.9229,-256.9208,-248.2304
-528.5538,-1067.0350,-396.7692,-398.2491,-192.6072,-480.1483,-293.4844,-321.7264,-309.3438,-313.4667,-257.4628,-375.6278,-376.3148,-274.5823,-336.1816,-23.3320,-344.4547,-298.6326,-342.9120
-574.6956,-1032.9474,-374.5812,-438.1310,-230.8095,-498.6071,-362.4528,-372.0125,-424.4823,-307.3325,-282.4328,-381.7185,-392.1008,-274.9437,-330.7121,-14.2120,-356.2436,-274.2351,-372.4624
-613.9740,-992.1605,-330.6568,-428.1342,-259.2728,-480.0823,-440.7245,-335.7278,-293.9022,-197.0118,-252.7513,-371.0216,-409.3955,-304.2006,-359.1059,-49.8375,-398.4419,-254.3028,-359.1608
-613.7045,-990.3845,-301.8411,-453.7672,-302.3784,-477.6402,-528.6414,-304.1856,-164.7925,-149.7074,-186.5726,-378.2198,-439.0953,-324.0406,-401.7859,-62.6751,-477.7986,-298.3094,-364.7982
-598.1252,-1024.4211,-283.4675,-560.8815,-346.4318,-534.9300,-564.4792,-356.4196,-245.1760,-208.5658,-177.8463,-391.0647,-452.9486,-294.2704,-411.8013,-38.8740,-534.2061,-371.6429,-379.3893
-560.2294,-1052.9197,-278.7410,-638.5031,-373.4898,-583.5613,-523.3986,-420.6615,-350.1214,-259.3258,-214.9620,-377.7445,-445.5039,-246.9871,-414.1607,-21.4965,-525.1832,-409.1591,-373.0900
-515.9989,-1060.0930,-306.0511,-615.6865,-379.5805,-546.9188,-465.2499,-424.5363,-394.7559,-272.2635,-232.4883,-346.2404,-447.0038,-234.5142,-437.8924,-42.8285,-508.3140,-415.9222,-372.8542
-526.7449,-1039.0286,-351.8845,-575.4916,-360.0927,-475.7207,-398.0269,-410.5018,-421.2898,-281.2177,-247.3118,-326.2327,-446.6201,-251.5149,-432.1026,-106.2027,-523.5499,-432.6829,-387.1972
-566.0042,-976.4082,-367.1659,-563.5042,-315.0955,-444.4002,-296.2847,-415.6004,-347.7591,-273.1830,-268.8832,-329.1547,-388.4049,-263.2172,-388.4331,-163.9711,-504.4571,-431.3234,-369.5228
-545.5322,-915.5928,-319.3122,-526.3448,-249.4137,-426.9542,-236.3643,-403.4435,-281.8349,-255.9061,-247.2812,-341.4648,-283.0128,-254.2819,-374.6890,-153.9462,-422.6346,-364.1345,-313.0951
-472.0776,-911.2209,-244.3888,-457.5973,-180.3175,-363.7360,-265.1385,-343.3834,-425.7548,-247.3673,-201.9696,-334.8484,-230.9931,-217.2306,-378.4598,-98.0877,-361.7257,-274.8343,-257.2777
-414.1631,-926.6427,-214.1956,-395.0844,-146.6301,-253.5568,-270.4285,-253.9315,-535.3555,-214.8292,-204.0175,-306.5912,-272.1382,-162.7921,-337.5931,-89.8621,-360.4673,-225.4006,-210.8255
-392.7887,-905.6593,-226.9441,-341.4508,-152.4290,-150.9561,-190.0723,-183.2489,-357.3581,-168.7101,-231.6974,-296.3690,-313.6973,-138.5997,-292.1481,-166.7167,-352.7404,-191.1589,-178.8412
-393.3020,-853.9161,-211.6096,-296.9212,-136.1514,-107.3316,-117.7061,-167.0281,-211.7582,-167.6931,-219.7998,-308.0182,-277.7169,-163.2284,-293.1389,-247.8156,-299.5540,-143.1500,-190.1721
-385.0730,-772.8134,-154.3959,-258.3067,-68.1650,-108.4866,-99.3449,-190.5053,-327.9418,-192.9939,-173.8354,-276.1940,-205.7960,-186.0439,-290.4206,-239.9916,-225.0849,-117.3471,-235.6774
-337.3297,-666.3337,-97.3699,-191.3039,-13.8215,-101.3813,-96.3805,-226.6996,-399.1597,-200.5563,-124.9066,-183.9993,-167.3899,-167.9488,-264.5441,-181.4706,-141.7846,-125.8314,-281.7317
-281.6450,-607.5883,-47.6537,-97.4512,-35.9038,-69.5352,-123.9337,-265.5416,-288.0413,-198.7381,-92.5211,-113.2805,-173.6025,-119.2331,-270.5493,-152.9050,-65.0578,-125.7242,-324.2501
-279.6558,-640.6819,-15.6117,-32.4808,-101.9725,-20.7948,-188.4382,-263.2933,-236.0860,-159.5829,-110.6348,-111.5799,-195.6595,-48.9837,-289.9909,-101.7052,-49.4213,-107.3618,-350.4995
-323.1055,-693.0425,-40.3654,-35.3989,-139.9077,20.9766,-222.0090,-198.1960,-289.4003,-59.7338,-166.8734,-128.4102,-199.1622,15.6351,-265.4165,2.9512,-116.5575,-112.4104,-347.4057
-355.6686,-691.2413,-89.2934,-104.4581,-143.4311,-14.8967,-216.2827,-162.2039,-290.5346,9.2781,-182.3869,-120.0358,-181.2238,14.9394,-234.8627,17.3529,-194.9574,-172.1925,-347.9214
-356.0292,-652.9832,-90.3892,-186.1815,-168.7827,-135.8251,-226.3485,-203.7804,-211.2952,-1.7372,-144.5738,-101.5349,-177.2711,-38.8391,-232.8026,-71.4063,-204.7815,-286.1682,-348.5557
-352.5003,-620.7999,-80.3682,-203.6875,-230.1150,-211.0680,-230.0177,-211.0435,-96.4367,3.9344,-134.6294,-92.0011,-193.1224,-61.2480,-207.6096,-49.2676,-177.0192,-429.2814,-299.9457
-382.4031,-597.8373,-136.2160,-180.3009,-272.0781,-179.6576,-190.2060,-142.5082,-5.7572,60.8909,-178.1507,-94.9053,-195.0867,-52.7367,-169.4157,78.5291,-206.8809,-548.6238,-252.6260
-424.0336,-563.2532,-215.1939,-203.5083,-278.4359,-151.7244,-179.1598,-114.4927,-22.6093,87.5695,-212.5326,-110.2195,-196.7426,-86.8686,-200.2507,83.5002,-292.9881,-587.3394,-289.7693
-405.3773,-518.5797,-226.5627,-234.1619,-305.3893,-178.3316,-261.1473,-140.7433,-119.0003,70.4252,-196.4429,-123.3467,-241.3184,-148.4572,-271.1985,0.9367,-333.9393,-545.0800,-338.8592
-330.9482,-497.9659,-168.5058,-188.9711,-365.0499,-191.3275,-358.4695,-121.4486,-208.7448,47.8718,-139.9140,-120.3556,-301.3366,-168.7806,-286.4189,13.1409,-298.6698,-494.2163,-308.8729
-285.7762,-504.5728,-98.5292,-140.0981,-401.1231,-196.8494,-371.6393,-83.1707,-259.0221,14.4676,-77.8159,-116.9767,-323.6632,-162.6638,-262.1228,49.1789,-262.7209,-495.8948,-271.2068
-276.7695,-487.8133,-56.6143,-161.7347,-395.4404,-244.8602,-334.5008,-104.9739,-190.5178,1.6526,-52.8212,-128.7919,-320.0179,-178.5269,-254.7197,7.0231,-259.7288,-523.5240,-287.6525
-243.2014,-434.9953,-39.1879,-168.9081,-373.7584,-294.0628,-334.3223,-144.9517,-6.7801,48.7254,-56.2830,-130.1722,-306.8452,-205.4983,-243.1562,-24.2221,-241.0801,-521.8015,-292.8655
-196.1633,-392.6352,-4.8211,-115.5291,-339.4702,-310.4543,-352.7567,-162.7734,54.0209,73.8418,-32.6115,-82.9984,-260.0003,-209.7894,-218.9904,-14.1651,-180.1886,-497.1459,-259.3147
-162.5649,-356.3209,67.4893,-76.2234,-296.5005,-323.1778,-309.3732,-192.0556,-62.0758,14.7740,11.1260,8.1331,-198.1746,-169.6737,-207.2131,-13.6421,-104.2572,-483.4199,-232.3926
-109.2585,-264.0854,134.5200,-58.5556,-265.8770,-313.0754,-213.8912,-218.6766,-49.0083,-21.1826,17.7517,98.5454,-177.3637,-83.0202,-167.0997,12.3995,-53.5374,-477.6920,-217.1212
-59.4511,-128.9232,140.9439,-24.6587,-241.7777,-254.8041,-142.2154,-210.2530,170.2224,35.6049,-1.4876,154.1714,-173.9380,-2.6076,-72.1538,53.9507,-57.5692,-471.2455,-207.7935
-93.0545,-63.9631,75.4506,-28.4303,-216.8040,-219.3139,-112.1833,-205.2707,301.0431,71.2544,-11.9026,168.1696,-123.5543,9.5273,-7.2287,43.9064,-104.9474,-480.1845,-225.9756
-185.0241,-137.3158,-30.3623,-104.9667,-219.7084,-261.5917,-104.6033,-231.2689,240.1292,9.2075,-45.8122,136.3795,-66.9413,-27.1640,-14.7473,38.9310,-152.0059,-501.9458,-260.9305
-250.7884,-262.2043,-115.4478,-185.0410,-251.7320,-318.7329,-121.4444,-261.2906,135.9461,-61.7973,-112.0411,77.0660,-91.5853,-55.3780,-12.9279,80.4244,-188.6825,-493.8488,-285.8754
-290.6688,-288.6095,-143.8281,-221.1157,-271.0912,-318.5282,-141.4835,-273.8665,31.9860,-73.9318,-153.0239,58.8429,-166.1301,-64.5229,27.9080,83.4478,-231.1051,-429.2502,-298.5524
-313.8564,-192.8190,-154.7722,-222.0153,-277.8418,-278.1055,-137.8026,-251.2044,-61.7199,-69.3698,-162.1320,115.4992,-196.9953,-70.4620,41.1756,58.3754,-264.6263,-347.9742,-291.4770
-275.0947,-90.1038,-183.8481,-191.2178,-299.8389,-249.3461,-149.2275,-191.8393,-59.6382,-65.8369,-173.5914,171.3153,-181.5179,-91.1476,11.2067,81.3185,-274.7112,-304.5825,-271.3571
-204.9620,-54.3715,-189.8413,-154.4025,-313.0256,-233.0644,-206.2393,-143.3954,-7.4496,-31.2235,-161.4625,158.5064,-160.2208,-137.7827,-28.4768,92.7994,-274.8561,-280.3058,-273.7198
-195.4917,-45.5611,-149.3621,-147.1733,-293.1610,-200.1114,-256.3996,-123.8136,-38.9965,10.8301,-110.6020,120.8213,-125.1318,-169.7057,-62.9938,61.0479,-262.7627,-234.0293,-288.1080
-220.6068,-22.1130,-121.4790,-154.2884,-284.3717,-184.3009,-268.7120,-97.3877,-103.1004,21.7026,-83.8819,97.7528,-85.6406,-148.8721,-58.0708,79.5606,-242.8445,-213.2252,-276.2238
-196.3692,-0.5937,-141.8115,-160.6493,-317.6700,-241.8980,-278.5050,-78.1071,-44.6015,48.2740,-106.2532,56.0890,-84.9960,-138.1104,-10.3698,145.9578,-257.0615,-269.8208,-257.6852
-168.9332,-1.3491,-166.4127,-186.5048,-348.5262,-315.3470,-275.3726,-102.6434,104.5320,122.6367,-124.6119,11.7974,-107.9303,-189.0088,-15.5791,181.6210,-302.4835,-331.2111,-253.0482
-210.7896,-15.5573,-165.7206,-227.9218,-345.6949,-315.9861,-216.5105,-134.0305,153.2879,162.8288,-118.9477,28.6129,-118.1749,-213.7234,-103.1646,192.7272,-323.5315,-329.2898,-226.7957
-239.1927,-14.9194,-167.7773,-264.2086,-338.8430,-286.4595,-141.2106,-121.1699,64.7184,133.9182,-111.3234,80.7667,-130.7191,-134.9966,-142.4013,183.2814,-316.2530,-321.0438,-163.3096
-168.4053,27.3358,-183.8681,-278.3223,-334.5179,-266.0698,-105.9851,-49.9895,36.6069,147.2213,-93.4744,110.5130,-129.1536,-12.5218,-67.2439,154.9174,-298.2293,-319.6513,-88.1182
-99.4629,105.0002,-170.8103,-222.5059,-295.5592,-169.4787,-80.0210,80.1189,159.3323,249.9630,-44.5484,147.2085,-61.5547,90.2337,19.0011,192.0184,-237.6573,-229.6959,-24.3935
-136.7617,177.1135,-91.4968,-99.7858,-226.8095,-6.4127,-40.4782,198.3605,239.1819,325.0916,26.9991,203.4118,30.2191,168.6847,37.3792,282.5316,-144.1039,-70.0703,-0.4837
-182.2574,205.6304,24.3567,-29.8070,-178.1508,55.7642,-42.7943,199.1338,163.6036,313.7093,83.3610,207.6285,63.7363,186.9327,13.9983,290.5749,-87.1578,7.2482,-12.3758
-113.8331,192.7397,108.4263,-63.0347,-161.9990,-15.2097,-91.4954,122.7373,120.3435,307.3335,81.5913,150.8421,50.9328,119.9161,-0.6342,243.8479,-64.3233,-29.5100,4.2501
5.0095,187.1540,127.5268,-85.5506,-156.1647,-72.9566,-105.9871,91.3250,234.5722,353.3025,39.1895,110.4126,29.2856,31.2691,47.6891,277.2068,-35.2070,-67.2705,48.3264
54.1754,226.3682,100.1778,-41.0257,-159.5696,-56.6163,-85.5391,92.9190,346.3776,382.0482,33.0269,103.8132,2.9579,-9.4634,155.1960,342.7282,-34.4997,-49.0325,26.1431
29.1436,278.0160,61.6560,-12.9970,-173.5734,-23.7587,-115.8752,61.6496,310.3402,349.7798,66.9690,95.9952,6.0921,13.9979,212.6868,329.9317,-77.8845,-17.9610,-62.1075
-18.8136,301.6853,37.4128,-33.7074,-183.9342,-8.1724,-185.5485,30.6605,207.1115,293.4502,50.3510,92.7005,36.8201,89.3539,179.1083,279.9835,-101.8428,-22.3279,-108.1298
-59.1771,328.1367,28.6265,-47.4933,-195.6822,-17.2327,-202.7317,30.5928,183.7085,255.1206,-34.7455,105.4225,14.1440,152.4248,167.8670,265.3785,-87.6096,-61.1190,-85.2055
-53.2430,393.0982,24.3489,-29.4076,-212.0887,-45.2028,-166.4462,31.1229,265.2387,245.6796,-94.4593,124.9736,-46.5788,130.5197,225.2871,275.2159,-63.8543,-86.6963,-52.6889
16.4326,461.1096,36.4217,12.6790,-201.2082,-52.6512,-130.5750,32.1112,346.1731,256.7234,-73.3555,155.4119,-30.1180,61.4312,260.3908,269.1593,-20.2788,-74.0345,-32.8759
92.5592,480.6917,80.6427,53.6912,-156.3590,-28.8502,-92.2534,37.9717,334.0589,260.9043,-7.6012,180.2640,53.8498,34.4196,256.6271,221.9022,27.6812,-61.2442,-26.5263
120.6269,452.7955,123.5556,45.8773,-117.4423,-5.8046,-56.7292,19.0408,262.5148,229.0265,41.5805,168.8459,109.8230,54.2289,281.2144,167.0294,24.7848,-59.9750,-48.6655
133.7121,433.6015,109.2289,7.9792,-93.2959,7.8995,-54.7551,-9.5877,209.7008,183.2962,31.4893,157.3682,144.2098,92.0274,318.1061,179.2793,-8.3238,-33.7359,-85.3886
180.9825,484.3411,32.2876,12.8673,-69.1868,1.1592,-40.8243,-14.3995,202.9125,192.5800,-18.4001,186.4421,188.6149,145.2936,324.0164,258.5318,-22.2837,-10.4728,-108.6609
235.9993,582.6722,-50.4305,36.9689,-69.9861,-59.9295,27.3065,-27.2941,235.0390,256.8552,-28.4569,205.3059,213.6641,175.7455,331.5585,327.7872,-37.9241,-43.2882,-124.7428
251.5996,646.4122,-59.9168,24.2080,-97.7157,-145.5463,69.8501,-66.0709,253.7695,278.0397,31.6159,187.7296,230.8705,154.6204,354.2085,322.3760,-46.5860,-76.9049,-145.2306
245.6390,669.6418,28.7313,41.3078,-87.4784,-178.6657,47.0955,-74.8619,221.1229,233.9293,101.3378,203.2218,276.5587,151.7499,351.9306,225.4558,13.6220,-40.6416,-146.9666
262.0473,694.9158,126.8602,136.4027,-17.6817,-151.7590,70.7866,-17.3633,236.8566,230.3187,127.7766,263.1130,326.2466,222.1711,343.3554,123.6493,109.9076,20.5297,-94.0588
297.2784,699.3870,131.4250,207.5818,52.3893,-107.4374,191.2094,80.3886,368.2488,283.1877,112.3560,292.4648,367.4269,302.0613,388.7032,143.8004,151.0765,48.0040,5.3630
313.8990,674.9078,71.1565,193.2283,84.9723,-59.2080,298.5449,168.8300,457.9783,287.2858,77.8844,285.1415,415.5833,331.2843,463.1759,230.4762,135.4298,50.9742,87.7955
288.7910,673.0455,37.8808,159.9671,91.0865,-7.6784,331.5876,214.2355,410.8154,267.9931,66.0752,286.7850,436.6515,343.4881,485.5455,242.7240,103.0922,38.2013,129.5014
239.9234,677.9286,42.6171,134.6870,89.6511,47.9626,355.3228,259.6527,386.9655,350.0280,103.2211,281.9747,420.2366,368.2149,455.2294,245.6888,65.5382,28.6645,196.5445
230.6178,664.9096,56.3276,102.5538,107.8650,127.9172,395.6631,373.9305,477.0799,478.8474,145.0474,256.9387,427.4621,370.8323,439.3116,327.8840,55.2397,74.0467,312.7105
302.8624,712.9642,86.4850,116.5721,158.4469,235.3219,396.0504,497.2828,591.5527,508.6251,148.3771,259.9092,465.7862,335.6848,426.2574,357.3983,104.4731,157.9611,395.8062
396.2777,807.4413,140.4176,199.0114,217.0512,335.2216,351.5463,518.3963,679.4100,461.1232,154.1827,310.5587,489.2181,324.0411,334.7843,292.8540,191.8406,209.2557,409.2782
421.4221,792.3540,212.5343,273.8188,269.9435,392.2016,332.9111,473.4328,678.8361,411.2616,206.2677,367.1859,509.4041,384.5601,200.6499,321.0461,283.5067,237.3345,407.3445
390.0677,691.5722,293.9878,299.3794,312.0045,389.5145,351.1857,444.6677,538.4237,333.4583,272.8569,393.7378,543.0361,446.5294,167.7256,449.1725,340.4200,277.3756,395.5368
367.8430,686.7440,335.6900,295.4087,301.2764,335.7598,327.4790,399.0836,458.1468,251.8619,311.9913,383.5025,560.5773,418.7974,243.8704,471.3901,316.9632,275.0990,332.2304
370.5364,768.4872,298.2074,263.2823,224.6808,268.0920,242.9393,311.2501,580.6342,253.9772,320.9131,360.0114,563.1732,362.4609,291.7374,382.1919,247.9024,199.5347,227.4346
391.9118,815.9146,235.2077,228.2039,139.3035,202.8895,164.3982,225.4589,617.0164,290.5186,305.5876,365.1066,561.0095,380.6679,274.6326,342.5298,216.3565,129.0763,100.3743
431.7262,848.4199,212.0239,239.5352,68.2336,111.9534,90.2291,133.2771,404.8693,257.2804,283.4052,393.2288,522.5878,410.2054,268.3151,350.3516,216.0855,99.8511,-34.0174
468.7660,898.9348,219.2901,264.0693,-14.2580,-8.0957,-16.4633,36.3275,289.0011,201.6280,280.4539,389.8434,455.1833,360.9694,277.1394,300.2989,209.5001,50.5829,-89.3271
491.5624,924.1403,235.9614,251.5717,-87.3473,-101.8679,-82.2455,35.5834,407.3335,200.0256,273.3986,344.2448,397.9471,319.6154,253.4182,213.5817,233.4366,-16.9721,-3.2838
511.0096,948.7538,251.5048,262.7668,-119.8365,-116.4227,-58.4300,151.2270,434.2263,213.6857,217.9406,302.9813,332.1126,369.9124,210.9867,203.8233,301.4799,-17.3594,140.9549
520.9105,1015.7358,239.3208,346.5312,-128.5814,-46.3725,-38.0122,267.0018,333.0548,224.6505,151.4806,299.5944,254.9919,424.3835,192.0640,292.5326,359.7354,55.7924,252.5106
538.8290,1077.1140,223.0501,416.4373,-108.2815,70.7283,-36.6910,343.0689,404.1031,281.0785,149.2448,331.8557,229.5337,426.5876,213.0569,356.3919,395.7903,114.5240,343.3524
607.0761,1100.7605,259.9726,403.7512,-44.8656,173.7043,34.5440,412.7027,585.2318,355.0663,191.2873,365.1049,257.3261,454.8865,253.8230,306.7704,420.3632,116.8367,404.4684
666.2763,1097.9082,306.5123,368.8265,0.0366,221.8568,110.1294,423.0555,600.3187,376.2787,205.9376,352.8026,281.2584,519.2300,253.8192,235.2273,408.2845,95.1882,390.7287
615.5147,1059.4684,281.0434,365.8708,-13.1465,223.6432,91.2700,341.6401,531.8802,359.4244,204.4699,308.9301,310.3612,526.4171,202.7303,242.0659,383.8252,79.0454,353.5052
520.3508,1031.0059,224.8544,360.6933,-13.1651,202.9241,98.0325,265.1589,555.5276,347.6555,230.9042,295.4644,364.1767,464.4386,187.7799,276.1996,402.9870,83.9234,366.3528
512.8632,1074.8038,209.5919,328.5544,37.8625,172.5176,202.7989,255.5809,571.2606,353.3622,244.2520,303.5049,400.1823,404.0221,237.7541,284.5980,426.0208,124.1469,382.0194
564.2626,1115.0759,203.0900,302.4067,73.0641,154.2596,243.7690,269.2188,537.5131,402.8741,191.0262,272.2904,406.0886,371.4557,276.0349,286.1034,397.3754,171.5188,338.9129
582.9872,1069.0067,168.4039,303.1655,54.6078,167.0166,170.6660,279.2021,608.4797,483.9282,115.0450,222.1832,404.8535,352.1650,295.0278,255.9009,363.0593,173.3169,269.1880
571.9400,1021.8256,140.2707,311.0872,11.0773,182.7152,124.4447,280.3488,738.1719,512.4672,86.5352,217.4541,374.4663,335.5013,345.7347,194.7287,359.7703,144.6052,200.3258
557.6241,1059.1196,141.1122,316.0936,-33.0913,150.3653,123.8451,249.1770,723.3091,479.8064,106.1915,240.6043,320.1080,306.1683,383.6663,203.3657,351.2683,146.5710,129.6992
549.8849,1125.6016,152.9092,328.5967,-45.0495,67.5704,114.1451,205.0664,639.3357,466.5807,136.6076,235.5200,321.1433,258.7276,367.7733,284.0283,337.5079,168.5145,112.5385
566.1182,1142.2152,156.8778,330.3168,11.5319,-19.8675,153.5200,181.8916,685.0306,456.1103,145.6961,198.9090,397.4927,207.8713,380.9349,295.3512,347.5798,152.1717,186.8314
569.9990,1075.6146,131.3076,288.7079,104.3039,-75.5356,238.6227,156.9580,745.5037,373.2739,110.3442,148.0224,470.8342,163.5562,466.2831,198.6398,348.8755,116.9198,267.4525
517.3922,943.0590,73.1117,229.4736,162.5846,-77.4282,259.0054,138.0076,622.5545,277.5110,49.6053,95.1714,495.9143,141.7309,542.9225,102.4447,301.7209,130.0544,281.5480
465.1561,837.7602,22.0760,198.1633,171.6774,-1.5998,235.3851,192.3114,456.2199,268.0546,26.4104,75.5721,505.3766,167.1643,569.3298,88.6479,225.8953,182.3301,296.7978
449.7195,815.8193,3.0031,163.9185,172.2708,128.5646,273.7264,306.7351,474.5194,311.8883,64.6836,103.4414,538.6600,218.0577,585.4201,157.1395,152.9929,209.8805,388.2280
403.0504,811.9423,-2.5830,89.9061,203.4787,224.2917,359.4041,402.1356,610.5494,352.0980,107.2801,134.6269,595.3274,240.2963,604.6885,244.1295,100.7411,202.8293,510.3318
339.5072,794.4548,-4.3320,47.6580,255.1418,235.0872,420.8060,478.2673,678.6270,399.4513,88.7143,149.9578,630.8997,242.8063,609.5624,265.1369,89.0642,202.7551,577.7057
376.6397,828.5635,11.0763,113.8287,262.2038,210.7611,427.6108,556.0456,634.8252,427.5384,27.7702,193.4421,604.5045,279.1878,590.7959,230.8347,128.4634,224.8861,565.4505
508.8404,915.5031,58.5794,233.0461,197.1492,203.3658,373.7173,574.7353,521.4836,388.7080,17.1068,270.3189,545.2202,327.2350,543.6466,227.4350,210.3797,241.7478,508.1832
610.4113,971.4382,143.5045,308.6935,132.9188,187.0338,311.7885,504.7471,414.8753,324.1386,96.0262,317.8741,513.1588,306.6395,490.7291,256.8694,299.7467,230.2333,460.6318
624.5718,964.0791,233.0719,329.8484,137.3184,132.7629,315.5252,426.5648,413.4949,294.6393,181.7005,315.6606,512.6638,226.9604,475.0233,256.3763,344.4018,209.0041,447.7921
585.9727,931.4324,276.7337,329.7510,184.0188,87.8832,361.7029,404.8305,505.8691,292.2617,192.8774,304.7038,516.2654,187.5118,490.6177,234.9632,338.6819,218.2826,445.4943
550.9778,912.3016,287.1610,321.3243,224.2950,104.0752,385.1739,403.7777,565.5092,291.0496,165.6888,289.0910,523.5042,206.5040,486.4170,239.1889,329.9654,255.7868,423.8089
551.3220,905.3119,319.0894,309.7694,246.1617,126.4116,375.0794,353.8339,524.4152,266.4081,165.7740,248.2592,532.0561,194.3028,445.9799,256.4683,336.3349,267.0441,374.4398
557.0768,878.4844,374.3396,303.8010,251.1470,67.2206,337.1757,244.0283,423.8186,203.9727,188.1092,228.6916,516.6155,140.0918,411.6264,251.4562,352.9842,236.6058,310.8347
541.5538,849.3789,420.3755,317.1669,257.1062,-8.6653,303.9122,160.4712,355.1445,171.1895,204.7053,287.0490,479.1913,158.2919,424.3392,234.2185,401.1693,237.6889,284.6606
526.9078,887.6807,435.9424,362.2213,280.8344,54.5223,325.0444,197.6910,379.5920,236.3884,198.1821,374.0790,447.9286,276.5579,446.8898,229.7699,448.3127,323.4221,322.0807
481.2547,979.2428,378.5331,413.1224,280.5011,229.9094,324.6736,309.7890,391.0780,315.4838,144.8146,398.5319,410.1400,359.2467,394.3620,219.2279,399.7208,424.7724,336.0789
368.2241,1029.2778,234.9589,421.0384,204.4983,330.6947,181.6398,365.7643,216.6771,304.8108,61.2031,358.0893,333.3971,330.0825,276.6982,186.0746,270.4645,447.5767,252.5237
307.2221,1015.7704,96.1558,387.4088,86.4348,317.4393,-4.6897,348.4271,-34.1468,275.3380,-1.3463,308.3540,249.6379,282.0866,198.1025,183.4320,180.3203,408.5901,165.1172
382.1745,978.6250,25.9058,349.9487,-2.9502,304.5949,-34.4912,338.1714,-56.9584,322.3781,-55.8334,271.5164,214.8541,283.7883,182.8872,230.8573,147.6728,370.8423,176.1770
425.6469,925.7507,-44.9727,308.5025,-50.0058,303.1971,64.3951,348.8957,147.8191,381.9964,-142.8977,250.3452,204.4421,272.7941,164.2922,229.6823,101.7211,326.6111,212.3242
316.8463,872.5554,-145.0764,252.6599,-77.9929,242.0294,120.9832,341.8341,281.7864,372.5656,-207.6874,256.2912,165.8761,218.5069,121.9982,147.3848,50.5226,256.8574,177.1945
218.7235,849.5891,-175.0184,221.9490,-95.4903,151.5091,95.7397,323.9341,230.0302,335.4854,-173.9175,277.7063,129.1036,198.4227,67.6654,110.0703,41.9024,202.0944,112.0950
261.4955,835.2389,-119.4005,244.9292,-101.0000,101.4601,57.5891,314.8635,131.8834,318.6499,-93.1910,285.4068,137.6675,238.7495,1.6386,157.6244,53.1777,168.8552,82.8474
339.5021,799.4724,-98.5553,265.6343,-94.9232,77.7250,42.4100,294.8124,76.6112,288.7360,-68.7283,276.5126,151.9080,251.2961,-16.0002,175.4942,49.2999,92.1802,77.1791
352.6038,760.5940,-130.1642,222.6405,-79.8737,35.9650,39.5174,234.6486,43.6925,222.2543,-89.6758,261.2858,134.9420,193.9486,60.1759,141.9701,45.3778,-24.7550,46.1068
333.2755,742.0614,-101.9238,164.0829,-61.7547,-32.0538,14.4770,128.5403,15.0150,152.1527,-64.7664,237.2600,124.1328,146.1482,128.5394,135.8021,69.0985,-78.1848,-50.6901
340.4270,754.1215,6.5805,184.4780,-37.9702,-95.0188,-42.8003,8.5938,-30.2714,95.5408,24.1656,215.2599,147.0178,166.2860,111.4486,145.9291,135.8032,-27.2993,-175.8012
407.5465,779.2339,111.9046,270.2376,2.0091,-101.1536,-58.4671,-65.4542,-102.6471,36.0745,100.6736,216.0865,184.3508,196.0327,116.7053,127.4948,230.3546,55.1612,-203.2892
498.6877,751.1090,182.8821,331.3460,55.4524,-49.2405,42.4497,-64.5382,-119.2936,-2.9229,120.2163,222.3549,228.2592,171.7886,218.1191,103.1309,301.2281,118.9103,-91.4913
518.9080,668.8506,232.6368,360.4288,117.1140,14.2078,208.8590,-6.5591,21.8377,35.0495,129.6705,205.1714,280.2001,141.7577,310.0379,94.0955,329.0394,185.8566,50.6922
477.3632,645.1962,256.6598,401.3976,199.6622,96.5281,335.9197,86.4779,241.1927,133.2133,168.7496,195.1482,325.2929,190.7177,322.9488,113.5584,342.4372,261.1429,150.6915
479.6639,705.6120,274.8241,415.9248,300.1868,209.6176,415.0134,182.7690,327.8307,206.5175,204.9467,241.0863,355.1085,295.1261,328.3112,173.9395,336.9827,308.8782,227.1425
515.3491,739.7709,308.4709,363.5174,372.0428,268.9286,492.8375,237.8774,267.5966,229.6398,205.0343,309.2161,367.0723,344.5171,372.8908,209.0142,296.2719,311.2831,267.8034
503.0911,725.5274,311.7601,310.5191,380.4547,227.9353,550.8431,258.6118,273.5449,239.9015,183.3809,314.3239,365.0584,299.9311,417.0551,163.1886,272.0627,278.8196,276.4363
486.5139,737.2338,260.0244,301.3816,358.2965,175.8334,553.8978,286.1494,382.4925,233.1177,170.7013,248.7345,385.3886,236.6010,424.2935,117.4775,303.4096,229.1836,322.9049
525.5077,768.3875,229.4997,288.3921,350.7094,166.9267,540.1688,306.2776,389.8140,193.8018,189.1444,199.6934,434.2253,216.2790,394.2165,132.1154,332.8806,192.9532,385.2135
549.9083,787.4363,269.4389,274.6024,340.0604,157.3701,541.0342,294.5769,294.3335,171.9986,221.0353,222.7880,432.1575,218.3637,357.4657,139.5446,314.9099,186.5211,371.2370
521.0405,823.7177,316.4250,303.6297,295.2003,141.0311,513.1282,303.4268,315.8174,205.1650,215.8147,262.4089,345.5977,213.4281,359.6112,115.2203,281.0908,178.0523,334.3658
528.4338,859.2346,320.8284,323.1748,248.1745,141.5279,439.9111,373.0477,414.4361,249.7463,197.4218,245.0165,277.9264,204.2663,398.1360,111.4031,254.4725,151.2477,364.5100
615.2024,841.9322,327.1554,288.9999,237.5296,135.5913,362.7517,429.2218,360.2412,262.9362,249.8763,203.2386,300.7049,187.7336,415.8798,115.1207,247.5291,153.6852,361.7498
704.3273,809.0079,371.3179,279.5963,231.2973,102.1428,277.5506,379.3861,222.9705,248.1303,327.7763,217.8002,325.1942,161.0390,385.9510,83.3960,299.9670,199.4353,226.4233
723.2964,807.9535,404.2896,331.6227,190.9740,38.7382,167.5150,251.2425,220.7106,212.6439,299.7643,267.3054,258.4028,148.3734,347.2156,37.7141,381.2723,231.0647,77.2816
666.1093,804.5942,361.3984,363.9865,137.9927,-45.2269,95.1661,164.0288,268.5623,175.0709,197.4678,257.0317,159.1095,155.1009,339.1244,19.3380,378.6006,246.9531,41.9775
574.4550,775.2230,251.5140,339.3802,86.1110,-73.0824,104.8433,180.7391,196.6405,169.3538,145.1382,178.7967,133.9014,141.4095,341.1077,45.7169,282.1810,301.2071,85.9414
523.3691,739.4627,146.6139,288.5117,8.2201,16.1836,156.1823,242.4355,140.4830,191.6771,125.2863,118.1943,170.0891,98.2538,314.0742,100.4264,211.4069,360.4203,169.1339
542.4046,702.4286,99.2990,222.4809,-78.2343,147.0364,235.6091,279.3843,272.1976,215.3564,82.7435,119.4140,179.2927,85.3363,285.3618,130.2628,211.9782,362.5179,295.0939
554.2471,672.2031,104.5707,180.0056,-103.4520,244.7113,347.2797,310.2151,435.1415,241.9960,76.1845,146.0504,161.2126,133.0328,308.8376,115.0900,223.8426,352.3390,397.0385
494.4751,651.5179,137.4279,221.1884,-54.2931,340.7127,415.3665,354.5003,408.6115,260.0773,127.5142,158.9146,190.7998,176.2853,350.0947,86.3658,240.4348,373.1437,414.7292
421.8315,608.8547,173.1915,314.4976,2.5885,422.9403,391.6833,366.6908,287.5815,228.9978,158.5141,162.6051,257.1693,166.8011,341.1127,52.4834,303.5171,377.7746,405.2767
394.8189,560.9780,182.2093,384.0865,18.1189,427.0532,352.3825,341.7553,298.8563,166.4557,154.2284,173.9903,277.6890,171.7409,313.4014,22.2580,378.3369,349.9492,423.5084
364.5472,561.2005,162.2182,407.5611,6.2862,376.4708,350.9727,327.6120,420.7197,140.7347,158.2263,177.3239,249.0565,239.4410,321.4716,32.7591,393.0782,303.2427,430.6792
307.2949,555.2025,149.8784,376.9914,-9.5365,300.4804,338.7386,299.9832,451.1320,152.2129,160.5621,151.1856,220.8875,274.6924,325.2099,61.1588,356.6744,201.4761,393.3670
294.1257,470.9155,170.8608,313.7249,-27.3268,166.2847,286.1439,211.1669,329.7076,141.6865,157.8037,125.2863,193.4549,218.2653,286.9257,65.5927,329.6770,82.1266,323.6631
332.6514,395.8214,215.4968,295.6234,-34.1942,23.7173,221.3179,110.2108,159.3355,93.8120,181.2438,123.3309,170.7970,192.4123,244.7583,87.2994,326.9543,49.9041,224.4485
343.0151,405.2794,253.2612,312.5680,-8.1251,-35.0129,160.0125,37.2972,22.6787,26.1173,204.4939,91.7185,184.7920,261.4468,227.1791,125.0999,321.9591,38.8911,112.5759
323.2386,395.0610,245.3124,258.8391,32.2682,-48.1406,101.7933,-63.3918,-39.3394,-60.7082,184.3989,13.0987,207.2516,268.1947,246.4241,83.4912,303.7072,-74.1917,28.0920
317.4276,314.8132,189.4109,159.3929,46.6691,-73.6233,53.0203,-195.0301,-11.9198,-139.5449,148.6699,-17.9711,192.3441,117.7316,316.5111,-20.9733,277.8343,-173.3417,-34.4071
284.7720,280.4786,135.8784,134.2894,39.4028,-62.3719,18.4141,-259.1817,20.4672,-154.7474,120.8265,28.7917,166.1379,-45.2312,357.9581,-70.9890,239.0501,-119.5964,-92.0531
200.5703,299.4975,95.2378,148.0987,26.3180,-2.5554,-0.6846,-220.7282,-30.7936,-112.5314,72.1594,50.0381,142.4250,-97.5008,272.9557,-70.3047,176.2356,-40.7468,-95.3167
125.0107,231.2839,18.9432,84.5961,-15.3125,32.5346,-0.7612,-150.8720,-75.9011,-75.5081,11.2147,6.4262,85.6366,-91.0076,162.8237,-81.0679,92.0637,-62.9900,-15.1696
47.5233,84.0609,-73.0797,-32.3224,-70.4362,27.0590,27.1897,-105.3471,14.8385,-59.7049,-7.7214,-40.5501,21.6564,-84.6368,186.6856,-70.8091,4.7824,-91.6118,77.1759
-94.5799,6.8020,-101.4914,-105.5725,-63.7034,33.3905,77.3225,-67.5698,152.1841,-33.4297,18.9652,-76.4896,5.4742,-65.0773,262.8101,-19.7607,-55.0122,-55.1031,133.7068
-223.0550,8.8189,-83.2162,-104.2817,5.8791,88.2551,108.4020,10.3928,158.0977,-0.9691,34.3320,-99.0619,12.7359,-6.5573,236.6957,6.6951,-60.0153,-16.2607,197.5304
-214.8631,-15.1829,-98.8219,-58.7474,50.5730,181.0381,109.9304,128.4438,61.7316,-4.2813,6.1134,-70.7619,20.5615,103.5520,175.5414,-24.6375,-25.9885,-12.0436,274.3866
-109.7281,-54.8038,-133.5214,-32.3092,51.3615,241.8907,140.4264,210.3767,23.9959,-47.2754,-18.5149,-35.3117,71.3309,199.6042,193.3150,-63.8110,-3.5547,-25.0413,308.9857
-15.7212,-16.9772,-111.9728,-49.5928,70.3266,227.7414,202.6317,222.1672,55.1709,-70.3305,30.6524,-55.5676,163.3985,160.0933,233.1075,-45.8616,-7.7572,-22.6674,310.0249
26.8420,77.5038,-38.6761,-50.2810,114.7533,205.0725,213.1848,229.4853,38.2158,-33.7300,128.4845,-67.5183,232.6448,18.0069,235.4681,9.8541,-14.4760,20.5603,319.9822
10.0961,107.2227,6.0275,-31.0372,128.6618,194.6919,170.0070,230.9462,-21.5958,-2.5048,168.2056,-41.3528,243.7395,-63.1680,234.1086,-7.9880,-27.0258,33.4823,295.0198
-17.3344,41.5487,-22.9612,-79.7777,85.3123,87.8896,134.3123,126.3972,-2.0904,-55.3656,118.4465,-75.3873,184.6891,-75.5935,199.3426,-104.8378,-58.1124,-54.8273,177.5711
44.3335,-12.1925,-68.5975,-159.5253,15.8235,-107.8080,71.3072,-50.5840,105.8313,-130.4593,58.5336,-149.4406,68.4165,-116.6975,86.1872,-122.1759,-70.0335,-121.1633,23.7138
163.4409,9.6736,-46.8840,-141.6185,-20.1108,-208.3098,-36.7191,-136.6277,204.8970,-118.5889,44.9856,-128.6944,-17.5302,-142.8158,5.0003,-39.1064,-42.3620,-50.4034,-66.6127
177.9294,30.2304,-2.7886,-80.4512,-3.8317,-155.9167,-77.2189,-109.2222,277.4417,-51.1757,49.7100,-55.8825,-11.6750,-107.1048,70.1901,-18.0479,-48.0300,28.4947,-73.0989
52.1567,4.3164,-62.0546,-117.3587,3.7167,-70.1392,-15.1141,-65.6762,327.3630,-4.4545,26.0387,-59.8365,15.7540,-103.6443,193.0628,-48.6702,-143.2370,15.8590,-32.7345
-85.5003,11.1953,-193.2349,-206.0063,-31.2807,8.6501,40.9873,-8.0595,270.2335,40.2850,-26.3544,-95.2775,-3.5058,-128.9526,229.1112,6.0776,-249.4360,28.9666,30.2655
-142.2416,56.6005,-228.2221,-232.2865,-28.6191,129.0492,57.4325,82.1859,130.1713,67.4801,-44.7609,-86.0571,-12.9657,-60.3888,180.2894,65.2322,-252.2048,119.1677,110.9856
-121.0928,15.7789,-133.6398,-213.2451,84.0400,257.4521,92.7942,127.6778,113.8167,3.2127,28.8801,-83.0647,54.6162,45.4548,135.0446,4.9575,-154.5434,194.3913,210.4890
-72.1070,-114.1031,-30.8041,-189.2560,252.7159,317.6940,159.5191,115.5468,258.9224,-81.4925,135.8713,-103.7683,161.8237,50.1313,144.8861,-62.5602,-54.7789,242.6292,319.7344
-61.4261,-172.8762,10.0255,-140.6282,371.6209,313.5868,239.7008,146.3638,330.2061,-54.5278,155.1657,-85.0243,217.8400,32.5908,190.5960,-48.2167,-17.3667,294.6660,393.6367
-87.0038,-107.1072,-0.8667,-68.8167,384.2272,294.8947,294.8354,220.4839,226.4905,18.7050,90.3718,-21.1425,179.0474,101.4930,191.0118,-46.3878,-18.2174,307.9614,374.6948
-69.1504,-14.3488,-41.1583,1.8177,307.4624,262.4492,265.0620,222.5155,118.3516,16.2581,57.7675,45.7790,99.2604,151.3240,100.7454,-72.7637,0.7120,269.4399,269.4872
6.2043,52.9735,-54.8577,57.5325,221.4255,173.9115,188.7522,133.7591,115.9540,-9.7995,89.2965,86.8352,71.2576,102.6419,8.4182,-49.5499,56.4846,208.9521,155.6836
60.0949,89.7149,-5.7388,80.8053,180.5102,44.7581,149.1516,37.8930,155.4449,-0.2308,106.0211,71.2738,93.9404,64.3519,15.8049,-15.9444,115.7042,127.9661,79.3302
55.0375,53.2932,35.9072,86.8519,137.8975,-33.1391,97.9226,-40.7514,170.3667,-29.3968,79.7097,11.4370,82.5776,80.8938,70.1565,-35.3221,149.0494,64.0580,0.3637
29.0171,-36.4805,12.6385,119.0479,47.9694,-32.0334,-10.6239,-134.6649,107.7980,-130.9166,73.4074,-24.9507,26.8749,48.3173,60.2030,-62.4257,167.1561,62.9107,-120.0405
24.9164,-62.2897,-1.2236,165.4049,-34.2388,-33.6971,-80.8131,-234.8076,-60.6088,-223.7352,111.1127,-18.8268,-1.3699,-42.0437,-8.9610,-65.0380,194.1709,76.5784,-234.6376
51.0304,2.3005,54.6625,188.2733,-48.5857,-72.4146,-77.8674,-297.0577,-193.4720,-235.1130,124.6833,-12.5739,6.5176,-66.2115,-55.5991,-75.3355,229.3184,75.8899,-260.6599
59.0631,19.9785,99.4059,192.3023,-15.8024,-83.0588,-69.9514,-288.6984,-124.3895,-162.8030,68.8923,-30.9474,-3.3656,0.5401,-43.3281,-98.7025,249.1467,111.1322,-181.7465
-7.1783,-107.1627,60.9718,175.2323,27.9323,-23.5227,-36.5319,-197.9924,19.1575,-77.3651,7.0711,-70.4949,-24.6877,40.9250,5.7083,-112.9252,237.3989,165.8397,-59.5339
-104.4145,-278.9162,11.7513,130.0580,79.5729,87.7051,43.3617,-54.6220,5.8921,-58.7795,16.3262,-101.1552,-5.6245,-2.3178,53.1914,-113.4977,198.5223,193.0765,43.4527
-146.0636,-332.9313,31.2972,101.0861,132.3386,204.2903,82.6400,67.7786,-73.9242,-73.7297,65.1429,-79.2876,41.0596,-56.6892,80.2104,-118.5152,152.3924,231.2776,120.8205
-149.5759,-271.9181,58.9712,106.3894,156.8833,264.4314,81.3103,126.8540,3.4196,-36.9673,67.5899,-23.1113,51.4556,-66.4403,94.7629,-150.0734,126.7335,276.3984,198.5506
-182.2692,-240.3956,3.9399,97.1334,133.3403,271.7878,125.7274,167.3247,145.2520,33.1164,12.8717,7.1298,13.5486,-57.6426,88.5821,-182.6272,122.0266,256.6156,283.9046
-237.1180,-307.1109,-98.1198,64.2607,93.8305,302.3524,182.2975,241.8673,124.2836,82.9395,-33.2209,9.5637,-20.0737,-46.8686,35.9602,-170.0590,86.1913,203.9052,351.5287
-276.4719,-404.4780,-146.4170,32.9165,100.0812,339.6674,194.2728,304.6077,-5.3150,112.7784,-18.3485,8.3144,-11.3773,-27.1398,-42.3585,-148.0379,-10.9952,181.0078,346.4034
-288.7423,-460.1863,-112.8498,-13.4312,145.1576,283.9891,184.3941,263.1580,-76.1369,100.0864,49.5796,-10.1189,23.6621,-26.7511,-104.2804,-166.4944,-105.1896,145.2758,220.9704
-264.5430,-472.9226,-42.8443,-68.1462,152.0224,154.6327,114.4603,122.3214,-114.9125,33.7890,119.0765,-51.4911,48.1153,-60.1580,-153.1370,-172.9337,-129.2032,82.2445,36.1688
-223.6036,-492.4066,7.2772,-94.3965,104.2645,52.6137,-27.0172,-15.4797,-161.7574,-19.9585,141.9287,-102.3022,36.0267,-89.2979,-181.4579,-140.5167,-113.8587,51.8344,-60.4998
-215.5602,-559.1596,8.7314,-110.3198,60.4502,-2.3633,-93.3745,-90.1174,-130.0135,-57.0576,116.0655,-148.8474,-17.9412,-101.6021,-151.4999,-150.4076,-99.8182,74.1921,-58.1652
-231.7793,-618.9574,-8.6927,-108.6671,36.3520,-9.7700,-58.5308,-132.8756,-75.1313,-146.6551,79.0604,-156.2993,-88.6075,-108.2369,-116.4469,-203.2304,-61.6055,162.9509,-116.4508
-234.2446,-593.9894,-7.5440,-26.9116,5.3936,50.7680,-99.7247,-178.8218,-203.5931,-250.9194,56.4077,-133.7491,-137.6834,-85.5541,-181.6637,-198.2029,-3.4334,296.2176,-267.8862
-259.3645,-568.4468,-27.1421,66.1630,-19.9666,112.9634,-211.2887,-215.5039,-464.0518,-297.1814,34.8756,-161.8178,-152.0798,-56.4179,-295.2534,-156.3241,15.3402,336.2888,-336.8692
-345.6729,-677.0072,-103.8541,28.3228,-11.6510,111.2132,-197.9361,-218.5746,-544.8401,-323.8732,-3.5245,-227.1074,-140.4191,-105.9913,-303.5628,-186.4364,-12.5409,278.0800,-248.3676
-437.0487,-840.4923,-168.4899,-81.5445,32.2495,122.7829,-61.3325,-177.3693,-368.6229,-344.9890,-39.8611,-218.0002,-106.7655,-200.2504,-212.1155,-265.7297,-47.7548,302.1225,-119.9254
-480.6754,-909.3135,-158.3021,-115.6515,112.8719,218.0640,53.9932,-92.2368,-199.1557,-307.6424,-39.9281,-155.1937,-58.9504,-195.6398,-155.9908,-289.3405,-80.4088,297.9759,-10.9109
-501.2938,-931.5000,-111.1268,-111.7613,218.1504,322.6779,132.3555,14.9741,-210.3367,-249.9825,-8.4300,-158.9467,-19.8986,-89.5803,-170.5028,-242.6807,-102.5577,-53.0719,118.5784
-508.7923,-994.5569,-60.2337,-163.6088,292.8228,350.4023,191.0277,103.5970,-294.0591,-235.9075,26.4349,-228.4055,-7.9045,-25.2870,-195.0609,-178.6960,-101.3025,-554.8919,241.0935
-470.8516,-1049.4764,-3.2052,-234.2566,296.3657,305.6510,186.6693,155.1667,-324.9646,-236.3123,60.7976,-289.2516,-23.9264,-55.1129,-207.5905,-133.6632,-108.9892,-682.2361,305.9053
-406.4246,-1076.4098,23.7365,-271.2895,267.7216,244.5488,157.9342,193.6311,-318.1404,-235.2999,89.4177,-307.0370,-54.4179,-102.5085,-211.2963,-127.4023,-140.9903,-456.2592,348.8233
-381.2848,-1118.1814,9.1695,-276.6236,278.7751,229.2453,192.8652,235.6685,-284.9867,-238.7039,86.9452,-261.6074,-71.1375,-113.4729,-193.9012,-164.7360,-143.7333,-301.8495,400.9790
-409.5281,-1126.4945,6.0036,-258.2671,328.9638,237.8551,261.3589,238.0072,-186.2496,-205.0672,55.7542,-214.6849,-58.3382,-122.5674,-170.8759,-218.1310,-113.0777,-310.0600,414.8551
-450.3610,-1064.2598,4.8195,-271.2185,335.8463,154.9266,273.2762,142.9354,-72.9591,-169.5657,5.0960,-293.7160,-50.7921,-187.6094,-169.1645,-239.2450,-123.2988,-332.6376,350.1191
-483.7334,-1029.1655,-55.1731,-359.7914,262.9481,-26.2123,218.7560,-26.3029,-56.9965,-220.7358,-99.0545,-447.7960,-98.7286,-281.9441,-168.7755,-205.7830,-173.8883,-365.0287,227.4530
-521.1932,-1078.1876,-147.2639,-426.2510,179.0249,-154.9586,142.6985,-179.1588,-125.5503,-291.5420,-242.0846,-497.1754,-187.6331,-310.8848,-152.2600,-167.6391,-185.1118,-394.4394,87.6377
-558.7258,-1138.3278,-215.4255,-374.0421,129.9016,-172.4102,64.9595,-272.5507,-183.8530,-292.2263,-314.1161,-454.6576,-248.3606,-285.9656,-160.8426,-198.3792,-147.9007,-331.3887,-48.2945
-576.7565,-1148.4291,-269.8578,-284.4539,74.4579,-174.2182,-21.4305,-343.7519,-242.6512,-315.0223,-289.9017,-455.3622,-264.5377,-327.8882,-224.3407,-281.0623,-118.3963,-231.1397,-178.7518
-580.5142,-1103.5791,-298.0240,-257.3360,2.2176,-203.4380,-104.5308,-423.7194,-351.5438,-408.6101,-284.2673,-488.1384,-302.2560,-434.2784,-305.4208,-326.3846,-114.2222,-207.0682,-274.8819
-596.1447,-1037.8064,-252.7861,-263.5836,-41.1059,-208.6420,-138.6880,-483.1685,-426.3637,-445.5800,-328.2311,-477.6606,-392.5660,-476.1678,-361.1489,-305.3616,-121.4174,-221.2610,-279.4560
-637.2050,-1041.9025,-173.1787,-263.3983,-50.2056,-158.9197,-108.9497,-479.8329,-370.6566,-389.6516,-328.5484,-428.6617,-467.6586,-434.4415,-387.5521,-266.6882,-134.3938,-193.1236,-216.2955
-697.3136,-1139.7966,-144.9001,-271.0362,-37.1979,-64.2354,-80.2221,-427.6573,-288.3109,-359.1487,-286.0425,-371.9962,-474.1842,-390.2255,-388.3457,-255.3697,-155.3663,-131.7874,-199.2846
-754.8306,-1212.8823,-178.7884,-297.4408,4.9803,27.9965,-112.4804,-393.9982,-358.6074,-411.0339,-291.3780,-348.7846,-454.2795,-364.6288,-370.2864,-293.1652,-203.2911,-83.9932,-250.1131
-786.8958,-1205.4071,-233.9003,-352.3685,32.9539,60.5243,-152.8122,-402.4847,-543.2117,-498.8720,-336.6852,-380.3295,-451.6313,-360.8047,-356.3601,-370.8277,-280.9594,-76.5208,-243.3048
-795.0802,-1214.4622,-271.5388,-421.0331,14.7501,76.7095,-90.7170,-371.9348,-609.6669,-544.8993,-354.3932,-394.5417,-440.1106,-394.2673,-354.7187,-421.0914,-331.2652,-69.2157,-103.4559
-794.4147,-1274.8595,-269.9937,-437.1732,37.0581,164.1991,73.7238,-237.2540,-472.9103,-494.4998,-343.9866,-355.4672,-391.3711,-405.3099,-358.5069,-393.6468,-318.6385,16.6707,71.4999
-789.0751,-1297.2844,-254.8497,-394.8469,145.8945,257.7596,197.6943,-85.6140,-337.7036,-407.6566,-317.2224,-349.8828,-321.0722,-349.3892,-381.9488,-345.8107,-297.9302,139.4993,136.7935
-790.8566,-1250.0256,-251.3136,-373.6357,224.6270,229.8470,183.7136,-46.3092,-395.4234,-393.6109,-263.4662,-392.6901,-260.5347,-312.3897,-424.6749,-350.9475,-305.8956,173.5820,69.7450
-804.8241,-1193.4613,-216.7572,-375.7205,206.4866,128.0891,104.7857,-106.3350,-551.3095,-437.5154,-217.7583,-406.4347,-240.5023,-352.0444,-439.5417,-373.1331,-296.2419,142.1350,-29.1830
-787.4634,-1159.7556,-134.1315,-336.4453,174.3382,69.7128,61.1652,-164.6030,-612.0856,-461.9218,-213.8122,-416.3882,-268.4474,-398.6376,-409.2135,-348.4716,-258.4217,155.0743,-81.5670
-725.8904,-1133.9191,-85.0527,-296.7030,157.3866,31.5235,43.5495,-185.9854,-565.6373,-454.0634,-217.8396,-467.0032,-313.0321,-420.3363,-375.1555,-310.3795,-258.7401,179.4631,-115.4026
-698.8821,-1118.8838,-118.8634,-332.7204,95.7769,-41.7817,17.4414,-198.4537,-507.6071,-421.6121,-217.3270,-496.6970,-354.3068,-462.5403,-347.7456,-317.1853,-315.9102,139.5603,-176.7905
-723.2059,-1141.8806,-179.6412,-391.5228,-2.1931,-109.1044,-21.0681,-232.4343,-471.9971,-401.3992,-249.0900,-505.0316,-402.0821,-515.9232,-305.9960,-341.5251,-370.3315,83.4061,-262.8638
-697.2747,-1184.5020,-219.9502,-393.5993,-92.0481,-149.1534,-108.7119,-318.7960,-462.7185,-468.0620,-289.0884,-551.4864,-450.5481,-548.0015,-285.4111,-339.5644,-378.7555,59.3162,-382.1395
-611.9376,-1162.6062,-238.8167,-356.3839,-179.3270,-201.9760,-260.5478,-458.7655,-498.5816,-579.9335,-276.8328,-555.8033,-497.4521,-579.0682,-328.7417,-343.2635,-331.0667,40.6201,-536.6469
-570.9047,-1051.6558,-214.3477,-297.5301,-244.7218,-249.5227,-386.3032,-589.6011,-573.9509,-616.5975,-242.0554,-442.7134,-566.1370,-596.3427,-392.5169,-386.0676,-223.8195,36.1238,-641.0876
-566.5030,-954.2448,-136.6956,-202.4960,-235.6105,-233.9545,-398.3678,-639.7186,-652.0476,-596.4789,-250.0414,-339.7814,-629.2711,-545.6478,-417.3991,-418.0357,-104.6866,72.9821,-613.9841
-527.5333,-940.2617,-69.6379,-128.9706,-164.6062,-165.7776,-317.0977,-590.9776,-670.2516,-586.2923,-280.0888,-350.4686,-621.3203,-465.2277,-419.1261,-385.0839,-69.0321,123.1499,-497.2849
-512.4509,-952.8980,-80.5013,-152.6662,-87.4357,-88.6084,-219.0309,-473.4456,-590.8624,-537.5451,-285.0440,-383.7439,-569.0222,-451.6384,-442.6689,-328.1116,-143.8018,165.6537,-374.2481
-577.7249,-948.8293,-145.0586,-228.7210,-26.3132,-12.0887,-175.6740,-343.1076,-509.2639,-439.3215,-277.5225,-359.0905,-554.9459,-489.7806,-493.0864,-316.7177,-242.5641,201.6566,-276.6027
-630.9361,-951.0848,-183.9864,-265.3153,18.6415,53.2960,-203.2698,-250.8865,-547.4001,-378.3695,-272.7149,-323.2695,-569.9316,-488.3806,-529.5861,-328.8809,-281.2771,207.8000,-219.6870
-604.3143,-953.3294,-167.0335,-267.7274,57.1291,80.5966,-232.1087,-205.5642,-620.0335,-362.1542,-244.5310,-329.0996,-550.5054,-449.7398,-507.2792,-291.4736,-275.3859,191.1184,-201.7097
-552.9969,-944.7054,-124.4134,-287.8564,106.8446,66.2614,-217.9685,-183.9830,-580.0797,-335.6606,-183.8443,-359.2225,-491.4073,-433.0107,-451.4815,-216.8851,-283.5009,192.2141,-185.8711
-524.9356,-953.4108,-77.0607,-317.8276,150.3999,26.5921,-218.2997,-165.7976,-506.3294,-297.6037,-122.6253,-355.0540,-426.7938,-407.0464,-449.7097,-187.1163,-307.5273,190.6088,-166.7966
-518.5067,-957.6893,-26.9647,-322.6920,154.4106,-26.4682,-256.3234,-143.4655,-519.3012,-252.9051,-80.0409,-299.2200,-381.7631,-329.0739,-516.1199,-208.7131,-303.2464,148.4949,-176.2313
-511.2889,-900.3809,7.2911,-305.6329,133.6502,-77.4576,-276.2450,-121.9806,-538.9963,-210.0026,-39.8596,-260.0128,-363.3592,-290.3710,-556.4231,-210.3956,-272.1830,93.7917,-207.0141
-459.9601,-807.7964,17.4336,-287.6976,108.5751,-108.6217,-287.0392,-102.5082,-507.5141,-208.4761,3.3848,-274.8221,-357.3444,-367.0128,-517.6420,-176.8853,-270.4291,50.8776,-223.9307
-375.2679,-738.8293,26.5200,-276.0620,59.2869,-117.4468,-329.3684,-72.2600,-498.5556,-230.9271,20.1714,-277.8839,-362.3695,-439.1837,-453.7957,-156.5098,-310.0590,14.4753,-213.1316
-325.9020,-694.7097,35.8996,-282.6263,2.1448,-118.6926,-338.9736,-53.1705,-476.5092,-241.3485,-4.0905,-243.3281,-390.3044,-385.6815,-416.5547,-164.5765,-338.9653,1.5230,-178.8061
-310.1426,-675.7385,16.7978,-328.7016,1.4653,-131.9403,-258.3835,-101.5954,-372.9669,-283.5694,-38.2673,-226.5703,-403.0875,-293.1581,-392.7438,-183.9569,-343.3149,2.8386,-153.0395
-304.2505,-679.8417,-40.1106,-395.8532,54.1466,-153.2199,-157.5651,-196.7859,-317.1828,-347.8541,-67.8563,-219.2427,-367.7533,-272.6009,-362.6573,-204.9055,-361.9445,-4.4888,-176.9881
-365.0026,-641.6696,-120.2151,-410.0837,100.7597,-143.5703,-93.8236,-242.9520,-382.9694,-331.8878,-118.1826,-172.1998,-347.7963,-277.5759,-338.1337,-209.8075,-377.6089,40.0129,-221.4713
-464.8586,-542.0108,-175.4700,-329.8115,154.2429,-80.8015,-33.7065,-221.0022,-408.7472,-251.7045,-165.9820,-118.5271,-390.4560,-237.8525,-322.9821,-189.8674,-323.0455,164.4167,-215.6147
-457.7845,-484.2932,-135.1227,-217.7388,254.1597,2.9131,17.4281,-188.0807,-359.0546,-212.3753,-151.1724,-100.8017,-452.4547,-164.7862,-291.8826,-167.1094,-211.5858,257.8759,-162.0809
-363.2439,-510.7980,-33.2893,-156.7101,333.2432,67.5634,1.8169,-152.7616,-398.1617,-211.7898,-110.3088,-92.5058,-542.0417,-91.0403,-247.8255,-146.6937,-127.8893,266.0928,-117.9725
-333.5132,-507.1963,-11.0746,-136.8162,304.1944,94.4072,-64.6631,-108.4069,-499.5838,-222.7682,-124.8892,-81.1634,-702.3983,-56.6782,-243.7690,-119.1900,-95.3628,249.7313,-112.6698
-344.6187,-411.7350,-83.5139,-101.5214,203.1211,64.3450,-115.6783,-97.1368,-501.6956,-267.8193,-155.7522,-89.9819,-851.4960,-84.3598,-290.3311,-114.1871,-78.3982,203.7798,-159.1908
-308.9042,-330.0679,-120.3755,-49.3587,100.3421,-12.6798,-148.3713,-122.6352,-445.8060,-289.9896,-132.2787,-104.9326,-901.4313,-117.1199,-326.8477,-144.4830,-78.3262,130.0573,-246.5042
-307.2386,-351.7138,-106.7255,-26.5613,-0.8143,-83.2222,-183.6521,-132.4744,-425.8171,-221.9211,-109.6811,-92.4362,-909.1087,-110.8529,-331.2091,-155.8398,-111.7629,96.1336,-301.6386
-379.6541,-427.4930,-133.4481,-71.9694,-75.4985,-138.0589,-182.3532,-121.1940,-390.7369,-138.2566,-131.5209,-71.7503,-914.5068,-120.3582,-325.4279,-127.0831,-146.6781,-16.8380,-270.8569
-406.0273,-490.1570,-177.7286,-187.0400,-78.5209,-225.1991,-131.3010,-116.2338,-336.6278,-114.4830,-117.2158,-105.1230,-882.6769,-171.9385,-280.8622,-106.5149,-164.0736,-340.1432,-207.0636
-378.7347,-544.0459,-187.8656,-319.4678,-82.4901,-333.1193,-121.2637,-111.6754,-311.5381,-104.1885,-58.7152,-200.0769,-871.3475,-210.8748,-192.6019,-105.5831,-220.9097,-550.6900,-187.1304
-412.7705,-587.9272,-226.8638,-404.7839,-189.0278,-387.7019,-194.1968,-101.4358,-238.8840,-61.0122,-77.4849,-256.2651,-952.7382,-222.0749,-152.3285,-90.1845,-345.0471,-303.8637,-199.0143
-473.1450,-577.9133,-308.5463,-430.1869,-330.9670,-369.9696,-248.3720,-85.0147,-107.7579,-4.9266,-178.0049,-197.5662,-1053.5575,-216.2787,-188.2697,-63.5804,-438.7614,78.9815,-181.3749
-447.5285,-508.6643,-334.1592,-407.2036,-392.4715,-319.1790,-242.3566,-49.3844,-88.2106,14.7681,-221.5824,-109.3120,-1107.9900,-163.0611,-220.1096,-55.8226,-413.1782,140.2384,-132.8245
-368.4965,-438.2655,-295.9943,-347.7662,-406.6979,-262.3111,-276.9231,-30.7741,-185.8391,-39.8352,-178.7379,-100.6165,-1150.5100,-87.7624,-244.5718,-75.4865,-346.5302,23.6519,-117.3110
-315.4923,-410.5768,-284.3307,-319.3257,-434.7173,-219.3123,-357.3503,-89.6329,-196.9730,-108.6010,-157.5612,-134.2078,-1166.3298,-74.0507,-311.6702,-95.3161,-360.9081,22.4007,-161.7943
-282.5740,-403.9203,-310.3278,-380.6158,-433.4715,-206.8351,-369.2445,-192.3219,-116.9187,-89.4215,-200.2717,-137.7216,-1124.8126,-104.6791,-359.2028,-54.7379,-418.0916,57.8521,-218.5928
-254.0045,-356.5041,-328.0637,-444.3058,-380.8331,-211.6580,-328.3209,-271.7330,-116.2167,-32.3349,-237.6732,-119.4949,-1093.6182,-98.5332,-322.0429,48.7435,-402.6711,32.2513,-260.4987
-225.5618,-238.8147,-324.0938,-390.2686,-331.5966,-217.5351,-331.3294,-346.4788,-165.3567,-46.9641,-211.3555,-89.1993,-1099.2240,-69.8033,-266.5175,92.2678,-317.5764,35.5688,-318.5976
-161.2941,-104.6939,-274.0519,-259.9713,-304.6508,-221.4032,-352.1454,-427.8191,-125.7851,-79.1737,-138.9208,-40.5845,-1069.0192,-70.3670,-259.5825,2.6937,-237.3326,74.7091,-393.6460
-74.1385,-24.2690,-159.3925,-151.7198,-288.1869,-208.3271,-367.8468,-448.7343,-58.6307,-49.9633,-79.3185,2.1044,-1001.7216,-75.9383,-291.2856,-92.5379,-172.2084,76.1993,-445.4336
-47.1031,13.2503,-41.3732,-62.5891,-302.3193,-184.8024,-443.2697,-391.9382,-101.5699,-29.4858,-63.1790,38.8447,-944.7957,-46.9605,-334.8490,-62.7450,-99.8980,29.6428,-463.6306
-72.5542,47.5338,13.6128,19.8326,-332.1386,-198.5314,-515.4347,-324.1924,-211.0891,-65.8444,-68.7671,86.3897,-861.1469,3.8491,-335.9158,30.3690,-28.8965,-63.7173,-445.6594
-30.5730,73.2060,26.2190,57.7922,-314.9980,-254.8834,-445.6613,-279.2770,-241.4518,-86.3458,-69.6249,112.0762,-731.3936,51.3281,-267.7916,77.8171,26.7382,-151.3685,-374.8939
99.1442,105.0943,42.7098,61.9828,-247.1761,-298.3820,-304.6621,-244.5554,-159.9539,-53.6967,-56.7633,115.7706,-619.6625,95.4584,-216.2325,85.5669,56.2043,-135.8715,-285.7424
188.7670,177.0106,62.4212,68.8306,-176.8864,-313.3298,-242.9354,-219.9448,-83.9588,-18.2783,-17.9188,156.3987,-535.6537,142.6718,-228.3252,97.5916,49.1083,-79.0579,-236.2508
177.7816,230.3479,63.0434,56.8536,-116.5799,-331.9622,-229.9203,-206.0842,-128.1614,-28.8896,41.8732,210.9617,-436.7888,166.8184,-224.9948,110.6410,27.0060,-101.7341,-208.5381
139.7358,191.3438,43.9348,17.6339,-65.0212,-342.4716,-204.2577,-183.1750,-231.7974,-66.3389,85.0870,210.2016,-341.4172,130.9724,-190.8385,118.4621,18.7852,-118.7415,-151.3385
111.5238,123.9729,25.4857,-3.5075,-39.4203,-295.0780,-203.9450,-119.2203,-214.8343,-43.3070,86.7719,180.6767,-275.6185,71.6516,-171.6548,145.2197,13.9775,-28.9056,-67.7566
65.1273,113.9593,14.8193,3.1414,-25.5675,-183.2488,-200.0778,1.1676,-40.8673,54.8085,54.1621,152.4045,-220.8403,69.1151,-111.5079,196.4747,4.6948,74.1713,18.3650
26.1497,123.4964,-1.8004,7.2840,8.3651,-50.4294,-121.4366,127.0484,121.4388,100.9535,10.0956,93.0659,-182.5236,114.8165,-15.5803,219.4219,6.4903,130.3628,95.2732
30.4581,109.0121,-11.3726,4.5791,40.0424,58.9910,-42.4053,181.3676,149.9706,64.0970,-5.9001,47.0226,-173.3257,139.3623,-44.1407,174.3201,5.4463,181.1064,136.5168
52.5077,105.2699,18.5526,-3.0224,20.2089,111.8690,-76.1584,167.0765,90.4079,79.9873,21.2078,84.5817,-173.2126,133.9245,-186.5742,125.4445,-22.2174,163.7969,110.4590
90.9974,124.5617,50.0248,-32.4499,-65.7465,73.6117,-198.8894,129.8725,-8.3308,140.9712,29.7118,128.4503,-206.4136,114.4697,-231.0149,153.9606,-64.8943,16.3667,9.3503
164.7923,145.6263,3.4306,-91.2053,-204.6050,-52.0352,-325.7432,74.6851,-128.4818,113.2677,-35.7273,82.4594,-311.6470,81.8709,-151.4776,218.4192,-120.0260,-151.4688,-122.4730
221.3803,175.7516,-93.1599,-164.5749,-346.9757,-174.5087,-390.1227,26.9727,-153.9925,73.3958,-121.2772,-2.2225,-402.7652,86.8241,-93.6885,235.1363,-188.7347,-244.9569,-187.0925
235.7036,208.5523,-126.1209,-205.5717,-406.7505,-205.3589,-349.5985,32.5015,-15.3839,149.6064,-144.0823,-48.2983,-363.5396,161.5145,-83.1290,211.9604,-206.0444,-298.2414,-153.0860
270.3127,215.2769,-73.2503,-155.7670,-365.0976,-186.4662,-262.7712,46.2759,112.6032,211.2904,-113.0023,-43.0299,-248.8180,218.1554,-86.9044,188.1232,-117.5328,-324.0495,-129.1551
301.9988,211.5513,-9.0872,-34.0397,-307.3992,-204.5585,-240.8711,10.4670,93.5571,146.3789,-92.7363,12.6465,-182.1266,190.5455,-109.3457,170.8726,10.1316,-296.5481,-183.7200
249.4741,231.6548,40.6558,72.6362,-273.9992,-241.5244,-262.4272,-24.2527,84.3084,89.3542,-102.5136,75.6959,-141.0358,145.2454,-86.4385,176.3125,91.2165,-242.6650,-232.3606
198.1719,280.4950,100.5660,138.7180,-208.8879,-249.0669,-233.4688,-27.4874,172.7628,104.2917,-99.9579,86.0668,-45.9364,137.3099,7.7345,195.9538,133.1236,-204.4691,-227.9171
263.3726,359.6635,139.4243,198.5860,-113.8555,-236.9818,-182.7000,-43.6002,167.1153,93.3079,-55.6282,87.3454,54.2403,149.9190,49.1705,181.4128,155.2319,-185.0924,-225.1902
343.7914,449.5718,105.2597,242.3490,-61.7477,-184.0480,-171.7550,-28.0450,27.0063,73.0165,-8.9034,145.3130,82.5585,192.5417,8.5819,153.7842,145.9981,-154.0411,-198.9998
320.6154,491.2159,35.2415,247.3914,-40.0087,-60.4668,-151.4985,87.3126,-31.3094,113.8831,-3.3227,205.2811,99.3454,261.2153,14.8831,168.6664,138.1424,-84.5541,-87.5725
269.2711,476.8569,13.4373,244.8163,9.9377,49.0147,-96.6585,199.3445,19.8100,148.8944,-9.4133,206.3003,181.0997,283.7169,64.7735,172.2927,169.6698,-28.1454,25.6358
265.2672,467.4577,43.3455,252.6963,42.9070,63.6503,-85.9901,194.2918,31.9854,133.6620,-0.1130,181.9543,257.7776,239.0181,44.8337,106.3414,184.3942,-68.2030,37.6978
253.9857,471.2615,51.3988,227.0982,-10.8423,37.5971,-142.7263,142.2275,25.2415,131.1494,-21.1965,145.6288,243.1488,187.3558,-6.8752,47.6909,110.6576,-175.7847,-2.8691
196.6974,438.6426,2.7653,139.5864,-112.5919,4.8844,-203.4371,119.9554,63.9921,142.5519,-83.5814,78.1529,195.7281,148.4719,4.9218,54.3075,-6.2042,-269.9048,-19.6440
130.4350,378.7738,-56.1427,43.2565,-192.8502,-77.8978,-248.5836,94.6766,92.1685,139.7284,-114.9895,30.4023,196.7452,107.8407,44.3364,75.1736,-67.7141,-351.6505,-12.1602
103.9333,347.7544,-71.3342,18.7790,-241.7204,-164.2747,-280.5283,79.5737,105.9941,177.5919,-93.3874,44.1236,215.3761,85.9806,60.7750,105.0503,-65.1074,-419.4670,23.0460
139.6262,351.3959,-44.4834,60.5247,-266.7458,-170.6013,-254.0397,132.9639,138.8325,261.8923,-73.7082,50.5203,215.6257,76.6724,83.6075,169.4118,-59.1916,-421.1408,95.9679
196.5891,359.6581,-5.7857,79.9882,-266.8979,-145.2575,-164.7539,212.0030,160.6825,309.5161,-70.6189,-7.4082,235.7231,29.3457,122.3605,195.0544,-65.2524,-375.8173,165.1138
219.9598,367.0530,38.9317,59.3119,-243.5866,-155.9155,-87.9711,229.5100,197.2454,318.5060,-59.2370,-70.4990,283.8683,-41.0946,145.9308,148.1672,-52.8558,-344.7305,174.8401
234.1448,366.4330,97.7284,73.6051,-199.0203,-170.6499,-64.4655,178.2445,240.6566,340.7407,-44.5079,-72.3043,311.1777,-57.9963,150.4544,133.1468,-24.6881,-317.1769,109.3615
256.3068,326.3739,158.1528,124.8700,-153.8234,-165.5613,-46.7728,112.6985,181.7815,352.2434,-29.2041,-37.5946,323.0444,-7.4372,166.7284,173.7652,4.3549,-266.7738,24.5843
236.2921,268.4225,213.4866,157.4035,-114.4163,-140.9151,43.9286,96.4143,158.2558,339.7196,7.1524,-12.4399,383.4587,59.8457,231.2834,162.1269,65.9628,-190.3593,30.8672
212.2191,291.3508,282.4274,214.0348,-25.7707,-59.6577,226.6940,149.7647,389.5362,346.6927,54.3689,18.7137,497.0421,124.0595,330.4890,101.1207,174.4991,-76.8238,143.8914
288.6047,422.8424,353.8982,331.1031,121.1169,58.3621,391.3625,218.1902,576.4944,358.3880,72.1343,85.3407,587.8372,192.6492,386.6267,97.7819,272.7174,26.7114,242.2593
412.1786,540.3002,377.6888,406.9542,217.7477,129.5978,418.3929,265.7545,394.3449,347.6579,41.3036,152.0001,604.7317,238.1135,381.8389,145.4240,326.6261,44.7248,286.3979
454.0038,551.3736,342.7636,397.3569,213.2325,158.8508,378.2108,328.2854,220.9810,367.4182,-13.7327,172.3445,583.3756,230.4207,402.4345,168.1936,369.2031,16.8992,361.5013
435.1639,527.4814,288.4284,403.1884,190.1239,196.2023,400.0447,392.1903,357.8970,414.2472,-30.2502,185.0158,584.5956,203.0082,464.0962,164.1030,402.9291,8.8212,431.5430
426.8607,550.1128,244.8316,438.2727,182.5375,204.5002,418.8399,382.3124,413.2219,392.5450,27.7011,240.8375,612.7899,211.9536,465.6888,147.9400,399.7426,-21.7211,374.0128
414.2480,585.5098,233.9090,422.2848,151.0725,150.4281,341.4609,316.3629,240.5648,320.9025,98.9503,286.4264,634.4362,260.3474,396.2418,120.5019,394.0655,-88.5042,258.5139
389.3672,592.0382,263.3080,388.1393,111.3393,83.0525,270.0382,277.5494,212.1831,308.0052,101.9415,258.6499,639.7213,312.5582,362.2015,124.3034,413.6631,-131.5207,233.9492
363.5245,589.1025,269.7274,385.8084,56.5348,31.3198,270.2337,256.9853,289.2880,327.3654,53.0056,216.4626,629.7462,334.0797,361.6011,163.6597,384.0094,-178.8009,238.9743
313.2115,593.0433,186.2352,339.4156,-90.1574,-20.8377,222.3490,196.8825,189.3638,288.4837,17.9412,236.9599,588.4919,299.0290,282.8289,162.8645,264.2139,-288.3487,148.7911
262.4218,602.5132,67.3003,229.5620,-284.7780,-83.7400,96.6249,108.8867,115.1861,220.9346,12.0837,280.3080,523.8654,225.6778,142.4181,114.8127,152.9907,-394.3426,24.9652
262.5415,613.2120,12.2818,163.7608,-368.3847,-179.9293,16.4736,41.9776,218.4970,184.9456,20.0917,280.6771,484.3498,189.5510,72.8967,89.1087,120.9027,-411.1912,-16.2771
269.1088,601.1818,29.4525,163.8615,-308.5449,-293.0764,19.3529,33.9000,229.4608,180.6284,37.7084,260.4858,495.3422,231.4554,86.6957,79.7450,104.8607,-338.7404,30.8994
240.6568,558.2460,85.0321,154.8019,-194.6982,-317.1661,74.3437,104.8499,166.0293,218.4453,60.8508,261.1417,529.7311,291.9773,84.4037,61.3254,68.0915,-209.9837,131.9787
239.4025,519.5072,164.3416,139.7058,-78.7090,-217.3812,181.5297,206.6484,274.3487,278.0089,89.1640,265.4968,556.6418,286.4899,49.9015,90.2115,71.6183,-86.8095,240.9352
268.5408,510.2763,223.1533,165.6626,7.3851,-113.7300,260.5253,244.8724,352.8665,266.9517,123.4505,251.7889,570.9653,203.4987,23.6336,152.0241,125.7276,-26.9584,277.5385
237.8624,537.9416,217.7197,215.6609,41.5134,-68.7094,228.5433,207.7529,177.8336,185.1690,143.1185,238.5669,577.4783,112.3436,-21.4153,122.8409,164.8183,1.3307,237.7376
175.2615,609.5773,180.7642,256.8052,77.3480,-3.4508,196.7714,168.3565,17.1203,148.3134,132.8249,235.4335,579.8052,79.2749,-88.6385,16.1976,181.6074,40.5759,217.7453
208.1145,668.1830,156.2438,282.4341,142.9913,96.0358,262.2120,153.6382,59.1822,169.2105,107.3845,213.5765,571.0419,74.5330,-90.8696,-13.4430,205.8880,64.6423,237.8155
330.6506,624.0391,130.4527,281.3033,149.0027,134.7530,299.3911,126.5079,137.6621,150.6105,73.6884,160.3412,531.3091,31.2148,-9.1385,39.9695,199.4282,58.4407,214.7688
408.1218,519.9970,93.5334,247.2079,48.3880,94.9065,231.4256,72.5726,188.6727,75.1328,24.2215,114.7773,465.2915,-17.2950,62.5686,35.6600,136.3849,20.5593,136.0863
374.8819,499.3376,69.8828,204.0160,-57.6872,54.7645,166.3617,12.2791,234.4980,-8.5701,-18.5639,107.3735,422.0055,-5.6156,79.1955,-51.5446,93.6886,-43.5242,72.7132
304.4763,585.7811,71.5409,192.2824,-74.3181,49.5328,120.7500,-38.4904,150.0265,-86.9624,-20.5515,109.2320,426.0091,23.6263,62.9125,-117.7200,121.7971,-42.3954,33.3421
299.5408,665.7194,84.6948,217.5228,-39.5391,57.6216,1.4388,-71.8552,-60.6651,-136.1241,2.4755,97.4665,421.6248,23.9899,7.7999,-114.6223,148.2983,8.3179,-36.7948
345.2817,663.7407,77.5498,199.1180,-44.8464,58.0770,-140.6792,-94.0490,-163.9285,-117.9716,1.4919,113.4108,357.7013,30.1914,-69.6338,-85.1435,116.6315,-175.3273,-145.2251
330.7123,600.4647,28.3867,52.5312,-102.3593,24.5429,-190.6600,-142.0713,-70.1132,-72.9322,-34.2595,173.5723,284.4612,1.8971,-102.4879,-67.7409,78.5274,-649.3539,-242.9051
244.9714,523.9899,-19.9036,-162.9197,-133.7233,-49.7605,-186.7614,-241.5913,47.0313,-81.9916,-65.4260,201.6569,278.5166,-142.2757,-88.3480,-44.6826,74.1702,-943.9606,-289.7607
208.9460,463.8093,-12.0487,-321.9524,-93.6199,-103.2718,-206.4262,-340.1803,24.3613,-135.3075,-66.1781,153.4489,325.5889,-282.9168,-85.2632,19.8386,58.5539,-784.4238,-284.4111
256.4915,414.6783,6.6368,-420.4700,-42.4127,-85.1937,-213.1654,-346.4747,-72.1319,-137.9355,-67.8544,103.8971,361.4696,-243.4756,-98.6647,111.2980,-3.4976,-532.8199,-251.4723
285.3244,347.8488,-33.8053,-509.4710,-41.8044,-53.0633,-170.7861,-255.3908,-43.4779,-54.7291,-102.3892,101.9413,365.5328,-115.9708,-102.3715,176.5963,-72.0744,-499.3101,-202.4886
264.3709,265.8905,-83.4895,-562.1340,-67.6153,-80.2428,-135.3784,-163.6751,111.9073,15.7790,-132.4285,79.2471,351.1872,-96.6763,-96.6292,188.0913,-95.0220,-532.6049,-127.8904
269.4402,230.9956,-67.8945,-569.9279,-87.9431,-136.0268,-145.8674,-138.4021,166.1026,-19.7291,-107.3899,2.3572,332.1926,-162.9252,-78.7522,141.0374,-78.1743,-507.2187,-53.7900
313.6353,294.5353,-28.7216,-592.3277,-115.9999,-161.4026,-151.6111,-151.7884,71.0240,-88.0170,-49.8729,-52.2181,327.8752,-186.0901,-49.2574,55.6702,-64.9463,-501.6482,-39.0825
339.6277,398.1425,-21.1653,-618.4673,-145.2717,-160.0996,-103.0933,-159.7951,27.5954,-66.3851,-11.1111,-49.5598,339.7155,-147.6544,-29.1241,11.8079,-70.1418,-502.9939,-76.3629
337.3997,424.9726,-10.2780,-577.9863,-136.9152,-140.2573,-21.1227,-150.8424,97.5220,10.9977,0.1106,-46.0953,336.2081,-86.8384,-3.6027,52.2741,-70.5897,-489.3371,-87.5674
321.0396,374.8496,20.5546,-487.9887,-86.8774,-91.2851,67.8183,-117.0507,180.9547,40.4677,-14.1880,-57.0170,310.4173,-31.5282,60.4633,91.1102,-59.2995,-576.1886,-47.5262
271.1739,353.8534,13.9696,-413.6368,-37.3719,-41.0202,162.0653,-67.4030,247.8220,24.9465,-53.8847,-42.8706,308.9132,-12.3712,122.4662,67.2932,-53.1112,-740.5923,-15.4120
207.7233,370.7752,-33.2253,-352.3585,-16.1617,-16.9884,214.2256,-46.7477,254.0799,5.3107,-66.5302,-13.0701,365.4185,-18.8511,120.5106,47.6840,-37.9252,-766.8481,-33.9540
201.3928,346.3151,-37.7120,-273.9870,-6.7836,3.8559,169.6213,-71.3177,149.2841,-25.9376,0.6967,-1.6964,438.2814,-0.1661,87.6630,59.1631,18.1505,-618.0082,-79.6167
231.9581,305.5945,18.8626,-185.9467,-2.1659,30.9561,90.5533,-88.6125,69.8882,-47.0894,89.1431,13.4114,445.4690,48.0284,94.7447,50.5416,88.6321,-478.1806,-102.5402
183.5060,317.5676,42.7035,-112.4610,-34.3468,51.7013,83.0074,-43.5022,117.4043,-6.0196,105.3491,68.0721,377.5788,86.2124,132.8121,52.7284,105.5390,-418.7669,-67.2271
39.4030,324.1889,-17.6714,-72.4726,-90.5906,93.7230,137.5920,62.2145,141.9933,86.8337,78.6082,138.6017,341.3688,106.6483,153.6333,106.4908,55.9583,-352.3139,26.3043
-80.9500,259.0036,-86.8843,-70.6133,-87.7268,172.9823,191.1330,185.7410,100.4612,182.2116,98.7908,164.9155,415.6890,142.3526,174.1768,123.0412,-6.7678,-248.5027,147.2349
-109.4711,185.1333,-89.9465,-92.6985,-10.3289,250.1626,235.4588,283.6410,163.3151,255.7298,156.0533,124.2200,515.1705,213.1379,234.1824,61.9194,-50.9521,-148.7238,258.5481
-93.5893,158.9652,-64.2062,-123.8816,55.2007,315.5273,258.2252,346.2917,277.8287,296.2974,183.4357,71.1412,520.4794,276.2108,279.7045,41.4840,-100.1665,-56.6213,323.1884
-78.8668,150.9012,-73.6173,-145.2202,78.0657,381.0319,232.6829,396.7958,233.8994,305.9080,186.6181,80.9515,467.1129,263.0731,231.5170,104.3110,-161.2505,30.0051,321.1369
-61.4968,152.9250,-94.8295,-132.9155,107.7392,398.5097,196.7363,438.5188,123.7645,303.6385,211.5938,137.6845,460.3335,191.6015,151.1078,140.2472,-185.4994,80.3631,288.8036
-18.9115,180.6190,-61.3683,-96.7978,147.6237,346.6357,194.4998,441.2516,141.5177,291.8038,262.1833,157.5150,499.8327,156.4394,153.3194,110.3175,-140.0429,105.3494,284.2600
80.1241,212.4234,34.5092,-54.7966,164.0677,297.4102,197.0430,395.2864,193.5671,262.0221,317.6516,140.8978,510.9180,184.2120,202.0624,88.0429,-56.5336,150.4273,292.8370
226.5902,240.4147,132.1680,19.3140,151.8389,271.6797,174.6463,311.8737,164.8213,219.5715,349.8746,168.5886,457.4788,215.7825,202.7566,97.3081,26.5351,184.8835,241.3678
347.5635,277.5766,169.7491,116.7960,104.7682,198.9463,139.3971,177.9698,140.1469,162.2656,325.3900,235.6530,369.2766,215.2974,178.7906,101.7170,99.9373,142.4866,117.1718
400.9125,301.2245,146.5410,154.4728,37.3159,72.8674,99.4722,-0.7046,117.5335,87.2048,266.2107,254.0698,321.4688,185.2360,167.7185,90.9538,151.3740,66.1512,-3.4240
414.8485,301.8828,121.1263,134.1366,22.6713,-30.4048,71.5521,-151.0097,12.7578,21.5848,244.5598,217.9642,362.5772,137.2193,144.9200,83.2586,185.8827,62.5742,-53.8715
412.5016,314.1435,138.9555,169.4578,92.9685,-63.5008,81.3104,-216.5535,-50.3690,-6.9527,269.0055,196.9989,438.0421,106.7695,145.8033,105.4259,246.9472,148.9355,-41.3095
404.1848,331.4429,177.9846,267.1493,186.8968,-20.6248,105.2078,-214.1409,41.1586,7.6399,282.6235,192.9855,463.6234,116.2339,207.9245,170.9230,330.0206,265.2412,10.3251
407.8004,319.2935,193.5987,315.6886,256.9326,80.7585,113.0960,-141.4994,119.8458,76.1230,276.0448,166.7061,450.6070,146.9858,245.5511,244.1450,365.5872,374.7801,119.5627
397.0146,313.5955,188.0920,315.2628,309.8428,195.0317,137.3433,35.5042,86.5943,192.4142,275.3194,153.6548,454.8304,197.5161,213.8095,277.9947,349.8521,470.7505,280.2362
342.2857,365.0553,195.0432,360.7214,348.5861,294.4518,194.5415,252.3256,84.8335,302.0929,270.3751,200.8156,470.4849,267.9247,193.9036,273.2231,351.8210,542.6629,403.1562
305.7132,432.0761,221.8533,432.8509,370.2590,378.3335,234.2204,373.6869,119.9612,353.4395,262.3957,256.7559,475.0598,304.8966,198.7574,242.6071,372.1750,578.9824,433.6022
337.5665,439.6501,245.6082,436.7807,379.1014,428.2032,239.3626,380.5206,83.3728,347.1021,279.1292,251.2940,487.4774,292.7348,189.9390,186.6557,357.6660,584.7281,432.6943
366.0368,387.3573,251.1601,377.7939,379.3510,437.4769,257.2916,361.4710,96.2471,317.5801,295.9954,209.5287,508.1837,296.5409,225.5222,151.2419,323.7673,582.9621,437.0418
332.2544,333.3688,245.0768,340.5091,380.1970,429.5855,297.2035,347.2985,233.4539,299.1874,275.3674,197.9438,493.2896,316.9541,300.1278,192.4886,315.9527,575.0975,392.9693
281.7805,312.8472,237.0329,365.7116,359.9823,394.3692,309.0395,313.9842,277.4058,298.3101,257.7598,229.3947,429.2919,284.1473,289.6691,252.4923,327.3932,522.2871,306.4859
252.6223,310.5742,225.2026,419.0088,270.3526,311.2109,275.9811,269.2642,209.0525,286.8094,278.7921,263.8073,356.3165,222.3507,231.2423,217.9816,344.7264,415.0681,243.7225
241.8389,304.0094,196.6031,435.6099,139.2493,209.0812,236.5942,206.0365,271.8144,237.4856,285.6826,254.2581,302.6722,197.5502,264.6722,114.8677,364.7343,295.3796,164.8600
263.8758,298.2209,144.4263,397.8675,45.1950,99.1415,206.3634,89.2768,374.3372,159.7587,248.2459,203.2217,263.6688,152.7655,308.2828,70.3900,353.0927,175.5856,2.1090
310.1903,298.9006,92.9082,360.8545,-11.1943,-40.4261,161.3629,-44.0796,295.9298,99.6912,220.8359,172.6976,241.6633,0.8753,230.6874,90.1785,298.5441,56.3770,-163.4849
329.2198,289.3012,74.6908,352.4050,-39.9054,-162.9980,109.7614,-125.3006,256.2068,91.3380,224.7695,182.2177,240.8387,-214.7388,146.2992,69.1435,252.8573,1.8926,-231.5096
305.4463,256.0638,78.0092,316.8879,11.6527,-202.5329,76.3245,-187.2529,400.0151,86.8737,214.8856,165.2854,234.3333,-386.1785,171.5833,-6.5447,235.6369,44.5943,-246.6777
273.0038,204.2264,72.3276,227.0062,102.9811,-190.0553,19.2347,-282.7303,371.2216,12.9759,182.5661,101.4412,198.1472,-466.6445,204.6201,-63.9098,199.4609,109.0988,-267.9229
265.1269,153.3687,72.8460,145.3859,108.6647,-161.8609,-88.8387,-334.4585,99.9084,-74.1288,164.6389,55.5081,161.2064,-478.7515,166.4815,-79.9364,127.9610,156.9322,-257.6233
287.2147,133.6084,95.3651,120.7438,58.3905,-75.4452,-144.4097,-249.1005,27.7629,-50.9514,166.3707,39.8661,169.5672,-461.8424,123.4559,-53.3494,57.3685,242.5943,-196.5318
295.4807,147.3847,91.3549,136.9420,73.9723,62.1324,-72.4847,-94.3308,188.0336,54.2082,161.1346,19.9737,219.6300,-417.4506,117.5397,30.4974,10.9562,354.1408,-131.8826
249.3754,156.0484,31.3206,173.3485,129.3134,152.1962,21.1600,2.7332,200.1778,116.5406,131.5531,27.1097,264.7495,-330.9938,140.5043,103.2366,0.9808,395.7654,-74.8978
195.6144,144.7546,-29.4168,209.8625,146.7717,158.6947,53.3467,45.0448,132.5591,118.0514,73.9821,76.8888,272.9489,-252.5614,193.3339,60.5217,39.7225,353.6537,10.7919
181.5723,136.6365,-56.1104,219.4223,150.1638,148.7190,99.7425,106.8295,270.9485,96.3925,9.7729,103.1244,258.5711,-234.1091,233.3783,-62.5111,99.0883,310.1300,107.9105
160.1590,133.3785,-80.2066,229.5518,145.9586,158.8481,173.1070,162.0658,413.5092,48.0040,-12.1002,106.3924,250.9889,-209.5987,204.4967,-144.7375,130.3907,294.6649,124.8250
114.2911,127.2808,-97.0451,285.2447,85.3232,135.7511,153.6422,121.7619,281.1661,3.9498,23.5278,150.1288,237.5438,-120.1908,135.6174,-155.2066,123.8179,236.5536,13.7602
107.1313,125.4325,-72.9678,324.6742,-8.6621,29.1115,27.9263,2.3008,69.0809,2.2867,64.9871,180.3159,184.9557,-59.5337,91.8456,-127.1594,87.7156,91.5728,-136.6177
124.9729,102.0888,-46.1588,249.7661,-73.8176,-114.8957,-81.9037,-90.8869,25.6372,-5.4550,63.0576,116.0949,115.7680,-92.9059,84.0315,-74.2305,16.4822,-51.3013,-210.0356
97.9127,40.4590,-67.3106,105.9271,-102.0103,-199.5642,-119.1747,-123.3862,67.7778,-41.4981,30.9398,34.3895,83.2934,-116.8483,80.3044,-24.6287,-73.2715,-81.6288,-220.9479
63.7128,8.8873,-95.4705,19.4932,-95.1110,-198.3313,-116.0716,-132.6574,72.1504,-40.9561,12.5865,26.4262,86.6748,-73.7563,52.3820,-13.0216,-138.7926,-32.1723,-239.7206
86.2088,37.7969,-78.4055,12.2576,-51.4867,-160.1570,-104.2033,-115.5869,57.2510,-4.1409,27.2445,49.9343,92.3924,-57.2284,19.1802,-24.0826,-160.6035,12.9200,-238.0497
123.8245,35.7550,-44.5267,29.1854,-1.3235,-118.6272,-97.5205,-58.1728,36.5353,5.0587,52.0215,64.6579,91.2413,-94.4369,35.8386,-30.8285,-139.0699,72.4531,-158.9286
131.9720,-19.7316,-30.8604,54.7657,36.8097,-79.6228,-74.0995,-2.1751,16.1810,-4.3632,45.5866,87.9142,77.9562,-94.3826,90.4701,-32.7877,-75.2189,164.0144,-42.2732
129.2448,-22.2851,-25.2122,92.4120,61.7601,-51.3568,-17.0496,29.9313,48.7575,-3.2454,3.8474,97.1220,49.9049,-36.0703,104.9840,-24.7797,-0.0316,216.4225,43.8636
123.0622,36.5277,-22.1283,133.4111,48.3968,-16.7422,7.7731,75.5633,126.0061,-1.2274,-22.3143,78.3689,35.7288,29.4041,88.7535,-6.3890,42.8946,224.0651,98.6890
112.7055,52.7994,-39.8282,188.8106,12.1823,60.3134,-24.3596,151.3931,167.1654,31.0499,1.1504,83.7324,57.3707,95.4332,130.0309,3.5448,64.4809,279.4185,153.8039
102.5855,29.4135,-62.6935,263.9091,38.7715,172.0755,13.8026,240.4608,162.6308,111.9820,43.6861,125.8328,108.6211,151.6032,218.6992,13.1808,103.5556,386.6595,221.8572
62.4335,39.0851,-49.5718,321.7213,140.5278,261.2253,170.7554,325.3273,170.4554,164.8544,67.4858,154.6848,184.1764,155.6616,260.9988,45.5749,136.5740,436.7114,280.3806
-7.2747,55.2762,-15.3126,320.9897,195.8159,266.7675,274.4131,358.9548,191.9668,145.6719,72.1804,145.2377,246.2605,135.5555,241.4962,76.3938,91.6834,370.4897,279.7343
-33.0013,34.1966,-23.8537,247.6333,116.3563,176.4626,219.2226,307.3601,181.7057,111.5726,66.5069,89.6631,228.8961,155.5607,213.7351,72.4921,-47.9954,251.8618,197.8258
-1.4561,14.2163,-82.6685,126.2875,-32.6642,59.6642,112.5305,219.7241,112.1411,85.6169,54.0823,-13.4916,148.3111,176.5213,189.4370,51.1453,-206.2634,179.0914,55.1975
10.2149,14.2027,-135.5463,34.3451,-146.9621,-18.5687,17.2352,124.3872,-18.5587,34.3450,44.3403,-112.9404,76.0547,108.4672,144.4203,29.4361,-288.0422,136.3007,-127.7504
-14.5476,1.2276,-167.5947,26.9437,-228.3154,-103.6812,-126.2179,-27.3980,-130.2671,-34.8537,41.2799,-161.5194,1.4051,-34.1863,75.6447,-6.5491,-278.9852,20.3506,-305.8394
-17.2023,-23.9228,-200.5581,58.2680,-325.2949,-238.0291,-287.9655,-196.6688,-100.2701,-89.0490,39.0256,-179.6729,-105.1490,-148.2293,4.1586,-41.7686,-242.4835,-120.7727,-389.0553
25.2156,-44.4370,-195.7808,75.3407,-386.8869,-324.1128,-348.2659,-257.3646,5.0791,-113.3161,37.9935,-180.4287,-175.4859,-172.1480,-41.1345,-44.0567,-209.7277,-111.4126,-346.1323
87.2503,-60.8755,-107.4366,102.9734,-311.4962,-279.2400,-283.3045,-226.6978,-24.4513,-107.7979,46.0148,-143.5264,-156.3220,-135.5228,-52.1746,-45.4548,-144.8692,20.6650,-253.4825
129.0432,-38.4660,1.5657,152.9434,-121.4572,-185.8012,-174.3995,-232.0512,-169.3960,-108.9569,68.5706,-86.5455,-104.0373,-95.4648,-65.8372,-89.7273,-38.1375,93.1944,-188.5083
131.7868,48.0985,42.1547,192.0228,51.2859,-132.2029,-101.3225,-272.9197,-213.5084,-149.1878,93.2093,-41.7977,-78.3635,-64.0318,-113.2030,-118.7372,64.0152,116.4686,-160.9483
139.6634,120.3994,35.2037,222.0372,129.1391,-89.2562,-88.9954,-261.1994,-138.2006,-184.3111,88.3172,-6.7326,-78.0055,-29.2103,-155.3538,-62.0377,129.4274,185.3219,-139.3472
187.9395,105.9656,52.4442,245.5514,130.0631,-37.1409,-91.6439,-193.8709,-82.9271,-167.0707,60.2378,17.8353,-76.3700,-2.5484,-133.9138,10.8488,154.2521,219.8706,-87.0161
222.3613,75.1340,96.9390,228.4247,89.5697,-19.3454,-59.9909,-113.8831,-66.9535,-121.5599,61.1435,31.5621,-48.8012,26.5716,-71.5343,6.9061,139.3831,163.5788,-23.1900
202.9071,110.7624,115.0476,201.8106,13.4108,-39.8846,-38.0249,-38.0950,-50.7484,-65.3297,77.3741,64.7516,-28.2752,107.7985,-49.0906,-20.4975,114.7259,114.1436,-19.3504
169.7838,160.9708,80.9150,238.0859,-102.2103,-61.8768,-85.0051,8.6501,-11.9779,2.5067,35.1519,114.4714,-86.5161,215.5919,-82.4038,-9.1317,115.6115,83.8965,-77.0184
134.7349,158.2396,31.6631,294.3094,-216.1302,-88.3322,-151.7628,4.1391,89.7624,28.6245,-35.5351,129.4474,-187.1372,245.3133,-100.8726,-25.6990,115.4499,4.3595,-137.1879
86.6845,131.8561,8.9907,275.8633,-261.4858,-147.9404,-176.4547,-48.5466,147.5805,-21.9771,-36.5161,103.2517,-210.6331,190.0985,-70.7969,-91.6724,70.3677,-76.6818,-219.6654
78.2892,105.5539,-9.0560,194.6788,-252.1996,-238.6219,-203.1390,-147.3555,-28.3131,-98.4604,4.1039,68.2472,-151.8228,146.8481,-57.8830,-111.9270,-5.7638,-113.1374,-353.4749
121.7221,58.5345,-53.8540,99.6122,-260.7163,-331.1156,-276.2827,-261.2055,-298.1565,-171.9834,-6.5581,18.9018,-103.1334,124.8603,-114.6866,-87.9436,-86.7167,-164.7745,-438.8268
133.7931,24.3561,-97.3956,-12.5275,-280.7421,-401.3748,-337.8579,-315.9891,-335.9997,-257.5224,-53.3288,-49.6546,-101.2409,51.2123,-180.5837,-116.8398,-174.3922,-231.8806,-392.8049
98.3132,41.4120,-133.9860,-124.5731,-270.2596,-438.4256,-324.4662,-289.4102,-181.3300,-310.8416,-88.6783,-105.8769,-139.5344,-55.9563,-178.1059,-172.9751,-255.4953,-246.8518,-294.3542
76.6986,43.6447,-205.8234,-191.0963,-259.2042,-428.5475,-264.5325,-233.1196,-111.7664,-289.4716,-119.7137,-150.2475,-200.1068,-108.2571,-142.9698,-169.3885,-301.9992,-205.7853,-228.5125
61.8225,-20.8819,-259.8777,-205.2655,-248.5027,-364.0043,-222.7309,-182.8794,-168.6717,-256.2602,-124.7870,-205.3220,-225.1965,-95.3610,-151.2850,-131.4055,-306.8079,-124.6346,-173.5063
33.9780,-77.9952,-190.6297,-173.1026,-167.5874,-275.8454,-202.4187,-143.1192,-209.5900,-263.0167,-79.8915,-229.2410,-197.1963,-77.5857,-183.5369,-105.1533,-267.0890,-12.2693,-105.2640
44.9859,-74.7040,-61.3051,-101.8110,-39.7755,-206.0659,-139.8578,-109.6904,-158.5715,-253.0193,-40.0238,-169.3248,-170.7961,-78.4365,-183.3010,-74.3069,-187.1532,75.3233,-31.3893
90.1430,-64.1746,-20.0358,-40.1031,33.7552,-150.9860,-14.7493,-50.4786,-69.4679,-188.4353,-33.6460,-71.9951,-154.6285,-63.5030,-175.0227,-49.4273,-109.9484,112.7269,51.7758
89.4143,-64.0225,-39.5763,-17.7032,55.4564,-97.5315,80.5323,46.0416,-85.4492,-122.9320,-10.8360,-17.5748,-123.9613,-4.8545,-191.8516,-49.2405,-69.1513,139.3018,122.3551
64.9032,-23.0538,2.5679,12.6219,79.7832,-68.5840,77.8541,122.5714,-203.2402,-89.0942,33.7677,-0.7243,-110.5333,71.4014,-184.2023,-36.2428,-35.9818,158.6714,140.1833
116.1943,59.4854,103.8911,87.3648,89.9159,-60.4693,54.0262,144.6719,-214.0088,-57.9312,68.5694,21.6181,-111.6902,122.4471,-124.0084,0.9603,23.0078,167.5889,117.7661
220.2926,133.4266,194.6858,173.0629,82.3015,-23.0616,82.3976,152.1397,-110.4095,-23.1813,116.1556,43.0902,-54.2826,150.0834,-76.1998,26.0007,88.6394,207.7175,98.9758
249.6651,160.4709,257.5298,227.8147,108.6448,40.7054,112.7792,170.4523,-98.2197,-4.2588,178.8033,56.0441,54.6036,173.0592,-82.3741,39.2933,125.1250,264.1916,106.6760
163.0212,113.8809,286.9102,243.1064,174.0592,69.1899,119.1369,193.1952,-116.5432,18.2854,196.7571,85.4216,135.7738,182.6631,-107.2393,56.4476,123.2019,276.9200,145.3700
43.3426,12.8032,273.6227,234.8941,238.7925,60.8596,154.5541,235.2918,-14.9376,69.8652,160.1661,108.6008,181.1484,184.1259,-113.7850,70.4209,95.2772,259.8875,193.1244
-37.6647,-71.3955,236.1200,224.0177,285.7420,74.9322,197.3443,293.8497,30.4212,118.4407,119.5351,68.2245,214.4545,205.3740,-77.9771,85.6640,58.1048,247.9608,226.5359
-91.4103,-114.3780,193.3831,210.5642,312.9834,120.8911,188.1258,333.0289,-63.4956,131.2713,102.9685,-0.6842,220.3080,235.8459,3.0410,88.1361,31.3032,238.8040,280.5709
-132.1797,-141.8483,158.2645,195.1506,327.4385,163.8099,181.6303,361.9495,-43.5550,145.0238,111.9893,-7.3166,208.1529,248.5081,61.5340,52.9840,35.7810,255.8531,379.4107
-131.4636,-145.5064,140.3735,201.2098,334.5903,203.7802,226.4616,407.8477,102.9335,194.6215,118.0176,37.9080,208.2641,249.5873,52.6342,43.5714,62.0822,299.9696,453.3632
-101.2135,-132.7762,106.9321,209.4719,315.3940,244.6477,244.4128,425.7707,133.4353,234.2829,70.7357,53.6849,207.0476,229.1447,53.0619,117.2801,58.9546,300.9772,455.6489
-103.3314,-154.3750,31.1165,154.2288,278.5331,239.5957,203.0411,369.4261,106.8013,214.6919,-10.7436,24.0497,180.8300,167.3380,100.0374,162.4076,9.9724,242.5806,439.7636
-132.9679,-182.5775,-27.6794,53.5646,262.8058,164.7887,176.0269,287.5680,181.8421,168.7368,-50.9386,-8.9942,128.4749,121.6365,98.3678,73.4769,-18.4973,180.1803,422.4729
-124.5022,-147.4200,-17.5728,13.6861,236.2313,80.5793,158.6739,232.4669,217.8107,134.5758,-46.0878,-9.7396,57.1500,151.5246,36.8184,-37.7756,23.1620,132.8524,346.7998
-74.9294,-100.6712,11.2024,69.1752,154.5327,44.7275,88.1292,173.6315,87.6896,77.5420,-44.6959,34.5435,1.3523,198.3070,33.0823,-39.5782,95.5848,117.0770,224.8870
-31.3367,-122.0838,18.6953,150.6175,95.7093,50.1002,23.0145,96.7028,-88.5850,-18.8699,-46.6871,86.3620,-3.1198,202.1852,91.0426,-0.7699,155.2202,156.4481,142.3679
-4.1836,-158.9981,45.1041,193.3284,126.1866,79.1468,55.7867,56.2949,-166.0694,-88.8759,-35.0809,89.9111,17.5532,206.4222,109.8584,-38.4039,205.3116,188.6898,128.1364
14.4231,-147.3866,101.3828,186.7354,150.2567,103.5116,127.9122,43.0399,-104.6449,-110.3780,-21.8966,59.6580,18.2820,218.1124,92.0584,-127.8454,241.5058,165.7082,132.6013
16.2718,-122.9946,134.7936,159.6830,79.8864,55.6391,122.0524,-43.1952,-10.8702,-153.8199,-22.9019,36.0501,-2.9323,172.9950,87.6081,-175.4217,243.8145,169.9444,92.9224
-15.4404,-115.2286,112.2009,140.9262,-24.3944,-64.1239,51.8462,-192.7237,-27.5498,-202.7231,-53.5647,3.1686,-28.4779,103.9276,87.2956,-149.1486,201.5372,239.6237,2.5846
-106.4182,-119.4691,43.9057,114.2887,-81.6198,-142.7680,31.4254,-245.6838,-34.4002,-129.6724,-104.4265,-37.0708,-31.0684,109.3298,114.5576,-70.8852,108.6326,271.3099,-50.6391
-245.5423,-164.2736,-39.2563,58.0344,-85.1710,-133.3186,94.6059,-153.0366,127.9100,43.4142,-122.6595,-39.0576,4.8350,164.3854,186.6420,26.6459,-7.1091,206.1623,0.2841
-343.7389,-249.1121,-104.0554,-3.9351,-70.4068,-118.8293,149.5742,-62.0481,240.9247,131.4119,-99.0491,-26.4958,26.6943,173.1028,200.8848,71.0145,-83.5409,99.1510,74.5881
-331.4665,-302.5480,-144.7115,-60.5891,-84.8658,-133.9911,148.0251,-58.3847,139.8277,104.2253,-88.9658,-60.5434,-13.6458,126.2748,117.3052,-4.5904,-114.2900,11.9841,84.7491
-256.1591,-296.4956,-171.1966,-131.7843,-127.8856,-129.9448,157.9581,-69.1513,60.0957,94.3967,-105.2074,-121.0525,-65.0731,67.7234,78.9327,-101.9165,-148.0793,-21.5979,89.3198
-210.3791,-292.2597,-175.5934,-192.2915,-136.4728,-114.5819,186.0011,-62.7423,68.8404,102.7017,-122.4359,-166.3752,-82.3018,29.8132,143.0380,-47.0025,-180.3122,-17.4045,136.2472
-221.5418,-330.7393,-157.5943,-207.2926,-100.4313,-129.9219,152.5725,-87.6034,20.6060,57.1264,-140.9513,-192.8801,-106.4066,44.6248,182.3424,81.8845,-171.6505,-43.5948,151.6300
-236.2094,-356.3753,-128.7718,-203.0340,-80.1570,-156.4472,107.4865,-130.3792,90.2039,40.5759,-131.9540,-170.3044,-154.8547,88.4468,159.3950,54.1607,-130.9839,-105.0537,110.2479
-187.8101,-293.8339,-74.2676,-190.6578,-88.9005,-172.7837,145.8319,-160.1918,307.3560,113.9515,-64.5664,-91.4010,-200.0467,72.6483,156.4130,-69.0647,-77.2945,-132.6322,69.0857
-104.7690,-186.2039,-2.2013,-149.0200,-103.5544,-199.2117,141.5925,-222.5366,191.2298,140.6519,-18.1937,-43.2966,-259.6528,-9.8067,142.3227,-58.3993,-19.6185,-123.9951,8.6350
-87.9500,-157.5181,21.8202,-120.6306,-134.2355,-230.5251,-32.9887,-321.4967,-235.6774,49.4766,-65.0386,-69.1366,-345.9460,-58.2158,49.0231,13.5983,0.4378,-124.9308,-93.8066
-134.3807,-201.8534,-16.1448,-140.9598,-170.5956,-233.8484,-199.9716,-359.7462,-287.9070,-33.7918,-128.8718,-95.3072,-404.6181,-35.9867,-28.7033,-54.2922,-22.2029,-113.8571,-137.1553
-145.2223,-193.9785,-54.2118,-148.5091,-176.7386,-199.1671,-191.1477,-300.9027,19.0414,-47.0376,-141.9902,-83.6968,-403.8871,-11.8052,6.3778,-168.5295,-7.9341,-56.4416,-78.6224
-123.1480,-139.3213,-78.4355,-151.4802,-164.3899,-133.3951,-135.5256,-223.1177,17.6113,-53.6798,-147.9463,-75.3656,-362.7834,-20.6177,70.5490,-142.4245,67.9237,19.7217,-31.2657
-139.0282,-147.4231,-112.2960,-289.9889,-143.7604,-51.2987,-123.5798,-172.6975,-222.2238,-54.2746,-156.3915,-80.6747,-280.8327,-15.0610,78.5330,-22.8974,117.4714,78.5901,-30.5807
-158.6166,-187.0051,-124.4824,-577.1307,-75.9842,17.2444,-42.9123,-125.0621,-156.5784,-21.9813,-129.6140,-74.4369,-160.5202,47.8930,89.0630,57.2180,92.6623,106.6413,14.2641
-125.9206,-167.9121,-99.7833,-835.8497,27.9861,34.9977,94.5523,-83.8950,67.3013,-11.7951,-94.9341,-48.1009,-58.6006,129.9188,135.8942,53.0778,35.8369,96.9968,93.4627
-95.0170,-149.9651,-94.2001,-978.3350,90.2567,-27.2748,143.4091,-79.4560,46.2409,-50.1157,-85.5173,-12.7567,-35.9413,143.0848,143.1762,-24.4997,-26.0661,58.9492,118.7983
-116.0198,-203.8107,-121.9427,-1075.8936,89.8580,-130.9044,121.7739,-90.6549,-49.3969,-83.2554,-75.8195,-3.1635,-88.3805,83.3798,94.8446,-99.5274,-85.8275,11.6946,109.3447
-148.4971,-252.4534,-126.8656,-1144.4312,74.4870,-155.6102,114.1235,-83.1680,1.8459,-104.3715,-55.8714,-33.1489,-153.6660,49.7463,62.2820,-94.3871,-102.8469,-25.1844,101.5495
-153.7790,-226.3162,-81.0029,-1119.4191,66.3286,-67.3966,67.2768,-93.3128,-23.4118,-155.8053,-28.0401,-50.4706,-187.0901,66.4344,38.5776,-67.5931,-56.7555,-30.3765,37.3614
-127.4943,-172.1757,6.8611,-1018.6877,58.2713,2.0856,-38.5762,-164.9339,-233.3414,-217.4214,36.8099,-31.5687,-207.6039,54.1307,-25.9071,-110.1817,14.4389,-12.7068,-84.2380
-60.1688,-141.0432,114.9738,-923.4710,56.5732,-19.9466,-97.5416,-244.1182,-338.6836,-231.7653,124.6165,-25.1421,-232.0679,13.9724,-68.3954,-178.9697,82.7663,-3.6521,-168.4535
37.7745,-120.8571,187.4341,-837.9411,56.9577,-41.4579,-89.7173,-253.6021,-212.4067,-194.7423,166.5949,-28.5289,-240.9509,0.7950,-23.1311,-182.7977,153.6287,-1.5475,-211.0049
114.6239,-80.3156,189.1502,-729.4971,16.7796,-24.4850,-104.3836,-218.1266,-117.2748,-143.9722,147.1429,1.2241,-262.6754,-30.8237,27.3169,-108.0729,197.3969,-4.1070,-283.6374
122.1379,-27.0748,154.4893,-650.0900,-86.5687,-46.3036,-149.7193,-203.4354,-209.3022,-109.7426,111.1253,20.9206,-338.2700,-102.8460,5.0162,-10.0039,160.5841,-46.5640,-348.6014
73.3791,-25.4508,112.7469,-656.3923,-178.1049,-102.1751,-161.7442,-203.3514,-299.6786,-108.6925,87.2374,-19.1673,-390.7522,-123.9711,-44.3246,36.0471,75.2059,-115.1520,-308.3189
30.5028,-103.0717,62.0816,-676.3385,-150.0742,-95.3282,-131.5762,-168.5932,-245.8002,-128.9111,69.5115,-72.5022,-341.3113,-94.3350,-96.2953,20.4358,39.4148,-127.4608,-174.7062
-0.7581,-180.0527,21.6250,-624.6700,-12.9162,-5.3127,-78.6058,-65.2979,-152.4329,-106.9130,35.4948,-96.4165,-268.7843,-97.6873,-153.4561,17.6434,54.6988,-56.7309,-27.1242
-76.2676,-190.1392,-3.2543,-558.0809,127.7605,85.9038,9.2112,106.1543,-82.5976,2.0554,-13.2919,-96.0060,-243.5793,-87.7225,-120.2486,54.5611,27.7515,39.4778,100.7050
-153.5042,-166.1837,-32.0996,-542.5349,225.4115,96.8299,120.5923,275.4900,24.4169,128.8162,-25.8049,-74.8277,-198.9271,-19.6117,34.5802,89.6601,-38.6844,109.2123,200.7729
-130.0499,-141.7487,-26.0134,-508.2415,294.3416,48.5820,200.1700,357.0782,145.9189,189.5117,21.4029,-71.3925,-107.8902,7.4567,147.9683,122.6832,-44.1242,139.5980,263.3796
-75.4562,-123.3608,48.8730,-403.6884,324.4473,52.8064,243.5958,371.4889,247.4472,236.2555,70.0156,-109.6018,-35.6087,-19.1244,149.4430,153.2443,14.5020,139.4432,300.2867
-115.1735,-136.2056,102.7962,-311.9699,312.3782,127.3672,305.7012,378.6699,377.7077,312.4323,72.5551,-113.1020,1.9231,-11.9863,178.6216,138.4815,52.6314,116.6188,315.7777
-160.1648,-159.4675,60.5363,-285.4775,278.9407,146.3103,350.8978,345.9698,434.1641,288.6277,44.1775,-70.4818,4.7467,-10.2335,253.6584,93.2531,59.4238,62.2562,279.6453
-111.0484,-133.6891,-0.0980,-261.1287,210.2727,74.5875,259.6574,247.9887,233.9893,111.4759,1.9856,-86.3866,-59.9520,-19.9608,222.4485,43.0292,66.2094,-10.1456,184.2893
-88.6291,-82.3764,-3.5575,-203.1008,98.9208,17.7744,62.9418,154.5315,-65.8041,-22.5321,-32.2773,-110.7292,-142.7603,67.9249,98.7960,-51.6835,59.3765,-57.6616,69.0686
-144.4766,-65.0491,13.9000,-151.5881,-7.6395,-9.8811,-73.4786,85.4555,-153.8657,-16.0506,-23.6074,-21.5152,-168.7281,124.6538,40.0815,-136.2953,42.0925,-87.7059,-42.9792
-129.8542,-73.0549,21.7078,-128.0425,-92.0807,-74.4411,-143.7003,-14.4386,-89.3321,-33.2123,-0.7911,27.7559,-193.1504,-52.7674,50.8295,-97.9218,39.3563,-140.2390,-152.6628
-35.8398,-90.9491,23.8003,-116.3897,-175.8265,-138.2336,-249.6763,-113.0175,-99.2317,-122.4389,-23.5888,-109.7386,-264.5479,-226.9193,27.1363,-37.9387,25.4099,-185.2232,-232.9446
-21.6078,-116.4375,-6.2384,-95.3152,-227.8186,-141.4957,-318.1958,-141.2034,-140.1886,-141.7812,-61.9622,-187.7378,-299.0380,-128.1143,-50.1823,-106.1077,-4.4314,-169.9263,-259.4185
-104.0960,-121.0478,-63.2774,-38.6245,-214.4333,-106.2750,-262.2083,-142.6035,-105.5695,-107.2903,-58.3075,-34.4197,-271.7987,-5.7871,-130.0952,-177.4162,16.3740,-111.3222,-250.3013
-196.7415,-133.9199,-85.5501,46.4590,-163.4578,-36.8476,-211.3524,-163.3299,-57.2327,-127.4728,-47.0800,77.7869,-267.0241,-60.2904,-134.5684,-113.5396,79.7112,-40.9295,-199.9280
-276.9305,-207.4092,-59.8584,95.7647,-72.2744,69.5290,-212.4979,-142.3919,-1.6863,-122.8666,-65.0403,-1.0690,-257.9482,-57.7989,-11.4656,-37.9536,85.6343,39.5510,-66.6739
-295.1064,-251.3814,-19.0054,79.5734,85.2232,151.2368,-88.8990,-48.7774,129.3846,-26.3569,-56.0435,-24.6863,-144.4110,18.8339,127.0018,-39.4661,35.2866,119.4495,112.0079
-206.4207,-176.3116,33.8239,64.2064,231.0460,194.5007,137.9575,59.0721,255.9950,36.4765,17.2251,80.5684,7.0396,-91.0095,103.3493,-20.7978,26.8473,189.2614,231.7685
-110.7215,-94.2293,93.5390,113.1009,268.8930,253.8202,222.9475,150.5276,285.1061,26.7981,96.3971,100.3188,54.8092,-236.5735,-22.2962,33.4604,74.4890,246.0535,280.4502
-77.4646,-90.2121,143.3172,193.5483,248.5039,308.0345,189.8138,224.8439,295.3577,44.6372,130.8498,40.8124,33.3906,-119.8742,-26.1789,37.4251,128.9676,262.7990,317.8554
-13.4087,-63.8904,195.0220,247.9499,256.7939,306.1131,247.9013,244.8378,325.1089,44.7662,139.7945,92.7860,62.4221,44.7544,105.9952,-2.9258,187.4391,230.1294,323.3073
88.3534,3.6116,223.7766,290.5560,255.1346,280.7818,314.8665,204.2379,264.6712,-64.4901,141.8592,218.1676,109.1096,-11.4732,173.4461,-32.3989,231.7972,181.2600,248.0770
74.1791,-7.2376,154.9104,354.7585,166.6199,259.2886,196.9661,165.6862,106.7951,-164.2417,116.5206,261.8808,54.1675,-94.0463,89.5061,-30.5307,200.9692,128.4238,143.2332
-73.8673,-90.4967,22.2882,403.1932,14.9037,212.2964,10.1170,150.3580,14.8865,-141.6080,60.1125,230.3499,-85.2144,-49.1774,-15.1401,1.5333,119.1354,57.0379,74.5556
-177.1882,-141.6010,-31.8494,380.5942,-111.9022,129.4501,-39.7326,94.8906,66.8898,-121.0977,19.6650,179.9803,-178.2243,-50.1216,-4.0412,7.5568,87.2015,-39.5353,17.9738
-138.0721,-158.1380,22.0484,304.9915,-175.6922,15.1771,-18.2770,-37.2195,120.6633,-220.5812,34.7873,107.1719,-181.6026,-131.1024,67.5856,-53.9233,111.3028,-160.3903,-60.0204
-43.9418,-184.0942,72.0902,225.7724,-215.4279,-101.6847,-97.5452,-181.3093,7.0948,-346.1722,69.9028,45.8877,-170.9480,-125.0765,26.9385,-96.1941,97.5373,-251.2562,-138.0565
-9.9063,-216.0184,47.8017,154.9066,-258.7184,-130.7560,-253.4025,-239.4250,-185.6375,-364.1038,48.0660,39.8112,-198.8592,-57.7325,-133.2425,-57.3367,8.6690,-238.5190,-187.7649
-66.2922,-238.4371,-31.3297,101.2371,-258.2361,-53.5644,-310.2401,-186.4406,-181.6009,-265.7431,-41.6385,48.7943,-235.6105,-78.7004,-198.7972,-24.3892,-96.9769,-196.7373,-186.0187
-178.4250,-235.5565,-124.6901,85.1071,-174.8281,18.5609,-200.0504,-83.9192,32.5764,-128.8989,-123.1316,33.7031,-235.6441,-158.8294,-83.0860,-38.9151,-159.6814,-258.8892,-114.0978
-287.2420,-224.7624,-191.4141,81.0054,-59.7198,51.4887,-58.2425,3.9499,152.1602,-15.0448,-143.1550,30.3946,-196.3486,-185.6105,8.2244,-28.8709,-180.7107,-345.7480,0.1894
-330.2395,-256.7535,-215.7124,49.7833,22.9264,120.8538,2.7067,71.0578,104.8494,95.8422,-132.1454,57.0573,-151.4434,-164.7238,-55.0206,5.1934,-201.3550,-308.5562,102.8747
-291.9538,-280.7025,-221.3833,29.4396,71.5793,199.4834,64.6901,127.6115,122.1784,226.7525,-126.2800,68.0387,-119.5831,-154.9827,-107.6538,-2.3340,-233.3910,-227.2189,165.6241
-242.1965,-202.1886,-212.4869,76.5441,96.9242,194.9782,178.8880,150.6544,184.0355,291.3862,-111.3954,48.3360,-76.4437,-158.9886,-30.8210,-37.1957,-234.4926,-232.0872,174.4725
-242.1600,-118.0588,-163.5372,148.1415,97.8679,146.2960,221.7136,130.8424,112.7800,232.0067,-69.8658,48.6806,-5.0749,-157.2643,43.5738,-38.8985,-192.4007,-260.3959,142.6065
-236.4250,-168.7036,-86.3978,168.5423,94.1223,148.5691,167.4423,117.3477,66.5217,169.2442,-5.5869,86.1117,66.1282,-148.3389,31.1673,18.6657,-161.6899,-240.6593,128.8087
-152.6488,-243.5891,-21.1454,160.0459,94.2284,188.2183,156.8709,139.4517,152.7578,181.7506,70.7498,104.0722,112.4579,-123.3772,34.4277,103.3070,-156.3798,-237.9556,143.5128
-45.7130,-197.6906,17.0236,179.1652,70.1323,187.9792,192.7961,143.2806,68.8592,146.2493,118.5452,77.9127,136.9927,-85.0738,84.0947,118.8297,-131.1891,-291.7942,117.5140
-8.2877,-125.8872,30.4701,206.4634,23.7833,130.0061,163.7687,92.9752,-193.8061,23.4507,96.6219,61.4928,136.4604,-85.9793,82.5887,27.4875,-92.4916,-342.0699,49.6813
-17.8706,-117.0808,40.6591,225.1624,-1.2902,81.5029,106.0004,35.6229,-205.4056,-31.0522,51.5256,77.2510,108.8727,-142.8637,26.5280,-66.2366,-62.1227,-334.7484,14.7595
5.0740,-75.1044,85.9746,281.5719,-20.9050,90.2309,69.6125,-22.6221,-42.2780,-7.5265,55.6473,71.5274,61.3728,-170.7122,-8.3199,-96.9646,1.4286,-289.3737,-22.5310
57.0893,27.9575,147.1048,354.8535,-108.9609,87.8419,-34.9348,-140.3860,-158.4971,-65.3638,79.5586,25.1138,-11.3866,-134.4907,-36.0911,-119.2772,72.6477,-267.9612,-155.9808
63.4226,74.4432,146.7115,342.9358,-238.4991,20.1835,-191.8107,-269.0942,-370.2163,-161.6850,66.9236,-8.2893,-87.3568,-134.2971,-89.9585,-128.8131,32.0729,-266.4781,-308.1122
6.0068,34.9942,70.4882,255.7480,-263.8488,-16.4500,-235.6826,-286.3940,-263.9859,-121.7890,35.5977,-0.3238,-109.6738,-203.6653,-123.5101,-88.2844,-96.7566,-205.6129,-325.7366
-35.2671,-8.0436,-19.2207,206.8183,-141.5593,34.3902,-154.3518,-223.7879,-80.3581,0.4395,-11.7369,15.2212,-88.9774,-227.2591,-117.1288,-73.7405,-160.3784,-101.5468,-242.1706
-20.9384,-28.7277,-92.2761,203.6817,-6.9486,58.8103,-74.2924,-197.0931,-100.5406,55.5711,-105.2456,9.6900,-84.0417,-155.0099,-102.5022,-113.2860,-156.4489,-59.4163,-189.4756
-43.0507,-50.6530,-157.0148,178.1302,56.4254,16.5670,-7.1421,-177.1640,-77.8477,75.7870,-188.4940,0.8350,-62.6745,-67.0171,-53.8969,-103.2810,-181.2057,-66.7699,-164.1412
-156.6494,-52.4903,-203.6791,140.7990,112.6651,15.9805,99.5513,-94.5364,67.9735,108.2266,-192.8127,15.8004,27.8482,-16.5093,52.2191,-49.6722,-210.9346,-59.7097,-100.6123
-251.2003,-12.8275,-235.8130,105.3736,164.5829,55.7524,199.8810,-16.8948,81.5289,90.2799,-180.7877,27.0651,109.1250,-6.2455,136.6881,-41.5761,-217.2132,-86.6995,-38.6937
-235.9373,11.4651,-274.8936,37.9382,115.6077,37.2828,199.5303,-12.0874,2.2909,40.6919,-215.6442,-22.4717,87.1845,-35.6113,136.0759,-18.4146,-249.1263,-150.4541,-48.5529
-174.5950,-37.6030,-285.7331,-5.1770,-18.6080,-12.8730,61.7175,-42.1254,-14.0254,26.3205,-235.6103,-99.4840,-2.8353,-54.3393,81.0281,47.8374,-252.5203,-153.7911,-115.5993
-123.3658,-89.0474,-206.5570,62.7921,-130.6048,-30.1460,-138.7878,-80.5399,-102.6478,-11.7857,-199.2426,-99.6315,-91.2883,-6.1810,-14.7055,-0.3032,-149.3402,-137.6285,-182.6885
-56.0092,-31.5653,-72.9575,160.3571,-211.0201,-45.7967,-251.7339,-111.6408,-266.9099,-90.1453,-162.8918,-35.9677,-151.2495,64.6424,-144.3309,-151.7908,-66.1489,-207.3632,-202.6825
0.2817,76.3463,-3.8080,156.0578,-292.7989,-61.8630,-238.5238,-69.3068,-259.1542,-78.9187,-163.3392,-32.9712,-162.5948,81.9910,-206.7542,-164.7509,-122.2230,-282.5600,-153.4193
-15.2199,85.0863,-38.6382,87.7233,-340.7700,-36.3385,-223.5227,32.2215,-123.7571,17.9809,-188.1633,-101.2266,-143.2910,53.0438,-135.4941,-36.0373,-180.7189,-266.8726,-79.5943
-59.4458,14.6907,-74.8148,66.9087,-340.9390,-11.8866,-266.0239,71.9201,-123.3211,29.0933,-222.6772,-127.5011,-146.8621,26.2827,-49.4881,-2.2541,-104.9119,-221.0871,-55.4477
-56.5442,-5.5985,-16.9728,115.3813,-320.7051,-27.5102,-288.6831,28.5967,-242.1725,-63.1250,-237.8066,-81.4413,-164.9269,10.4854,-78.8178,-77.2912,23.2514,-162.7219,-67.5312
-29.1502,19.4834,75.3843,186.2823,-263.0850,-15.2626,-263.4058,-7.6009,-297.3216,-136.1635,-224.6695,-42.2117,-156.0869,-21.9495,-154.2836,-97.9087,98.0033,-46.7184,-44.9485
-29.3571,7.3953,78.7657,211.4803,-168.3453,53.8742,-226.6602,-16.8853,-243.4935,-177.7413,-230.2258,-62.9987,-134.8287,-79.9323,-136.4134,-73.8758,110.0300,47.0758,7.5543
-36.9754,-33.1446,-3.0828,151.4352,-86.1371,105.3519,-155.8662,-21.9421,-134.3876,-210.5395,-261.5945,-122.0499,-104.4624,-121.6906,-39.3127,-100.0691,59.9798,43.7676,48.5776
-19.3604,-66.0826,-66.0798,60.6323,5.5062,108.0110,-24.7750,13.1985,-47.7171,-176.1132,-258.4603,-161.0448,-19.0019,-118.4401,21.9725,-146.6160,-31.9199,26.4694,105.7963
-15.8895,-96.1494,-81.6367,12.3351,151.1782,99.6619,111.7842,91.7213,-20.2451,-85.2084,-219.8753,-162.8617,108.0551,-109.1293,30.1593,-150.0697,-106.5592,50.1713,199.1132
-77.4994,-101.8634,-99.4510,-1.7718,277.0150,82.7960,188.5986,147.4888,14.0573,-27.1164,-207.1776,-186.4492,204.1539,-113.4252,62.4077,-107.9603,-140.2094,56.1150,261.7005
-164.1129,-71.3600,-127.5452,-5.6329,310.7889,38.4966,198.5642,162.8232,61.7805,-2.2537,-218.0057,-236.9671,255.3672,-91.5237,117.5755,-53.8551,-137.9640,24.0625,248.3265
-198.0348,-64.6613,-140.3065,8.6440,302.0471,-8.6090,182.0837,161.7721,19.0661,16.2000,-199.0336,-206.3791,299.3874,-53.7631,118.1849,-48.5869,-96.3518,-10.5720,202.4425
-189.2107,-98.8522,-137.2234,28.1635,287.4330,-20.0705,181.3911,130.8760,-79.1713,-21.5750,-143.4215,-84.5955,343.4746,-54.0635,78.9616,-99.1533,-49.4926,-22.6054,162.3676
-188.1492,-96.2808,-111.9885,49.6806,251.0185,8.9257,185.9441,83.0816,-90.4545,-107.4225,-81.8919,-16.8746,364.7892,-70.6331,81.0019,-114.9790,-43.6956,7.4410,124.6431
-168.3966,-34.9308,-51.7144,104.2488,229.3969,48.0870,170.6572,78.6625,-42.5935,-143.8469,-35.8099,-35.7615,352.1211,-53.2496,108.9965,-77.3532,-51.7513,44.6340,92.5330
-104.5103,9.0586,7.3593,168.3052,238.0460,51.9397,159.5116,95.2940,-31.8484,-126.7016,-18.9108,-27.2946,325.2463,-18.4969,107.4648,-83.3390,-23.1076,16.3636,55.1636
-68.9107,-5.5439,30.1406,185.7021,216.0611,12.0948,146.1867,40.4401,-19.9698,-142.2130,-23.8906,19.9451,315.6439,4.1196,99.9523,-131.1553,31.6298,-32.1829,-24.1047
-98.3739,-48.3296,64.0927,181.2984,185.5086,-13.3252,68.0121,-79.1690,5.8030,-203.0876,-7.4121,36.2763,316.4132,6.5416,86.0474,-119.9670,76.7876,15.7911,-140.4063
-105.5200,-72.4618,153.6029,203.3700,231.0235,13.8670,-47.0090,-173.0753,-44.4618,-260.4432,51.7577,33.4255,289.3241,-17.8081,5.6121,-60.3833,99.9390,132.2202,-248.4073
-41.2730,-26.4878,235.0401,231.4836,295.5436,38.6379,-98.7080,-222.6778,-154.6560,-301.5203,97.7621,21.9666,227.5446,-33.0088,-90.6269,-26.6536,106.1790,197.4915,-321.9052
19.0095,85.2419,230.7529,239.9504,272.7623,23.3481,-93.3270,-260.3860,-217.2686,-342.3502,68.2955,-28.2979,155.8008,3.5755,-93.4610,-15.0503,104.4399,205.5991,-336.7639
20.0722,148.4802,171.2859,230.1211,214.9205,43.2055,-86.7120,-261.2255,-244.6806,-386.5295,6.8703,-70.5756,101.4303,48.6687,-57.3260,-25.8338,82.0728,220.7910,-262.5871
2.9162,89.3418,130.2128,185.5634,212.2113,141.5273,-42.9790,-186.4323,-291.7657,-395.4602,12.3681,-56.3949,96.7179,51.5037,-75.1218,-78.2147,12.7048,245.0268,-128.3680
10.4772,3.4277,117.1941,110.0579,234.1782,224.1673,65.4051,-60.4054,-268.8627,-312.9499,80.7146,-43.0626,132.4446,38.2716,-60.4044,-98.2576,-76.5040,257.1831,-5.5522
31.1112,-18.6477,104.8612,51.3869,232.7426,228.4160,164.1136,64.9934,-97.6104,-187.6340,116.2542,-64.0652,137.8165,23.4014,48.3248,-35.5706,-115.7808,255.6989,81.0746
31.0855,-37.6937,79.9744,22.1064,202.1084,209.9270,170.5969,150.6124,69.3041,-154.6419,86.6452,-87.5599,92.0630,-2.4875,99.4770,1.6819,-104.2046,212.4884,133.0113
-12.7208,-92.3752,31.0943,-9.6426,112.3782,182.3238,73.7171,178.1103,63.0280,-206.5097,41.1862,-114.7366,53.2463,5.0181,6.4888,-47.5080,-113.0908,114.2086,130.0259
-83.2783,-97.1429,-32.5648,-45.6389,-33.2256,109.3309,-46.2265,175.6503,-18.7308,-205.9999,17.3228,-120.4465,27.7070,64.8289,-84.0589,-57.4884,-159.7281,33.2806,84.2747
-122.0594,-37.0038,-61.0762,-63.2855,-156.3429,44.6682,-87.4582,173.2700,-50.4896,-174.0342,26.5918,-63.8288,-27.6359,106.4492,-90.7336,34.4142,-184.1745,19.9396,39.9422
-100.5050,-27.0377,-37.3363,-65.6943,-234.4495,33.3843,-96.4658,123.8340,-135.6191,-247.7745,64.9612,-32.7106,-85.8332,89.9623,-121.3643,79.8106,-161.2890,-3.7876,-16.9868
-64.1226,-96.9066,-8.4835,-68.2063,-313.7020,-0.5739,-189.4855,-20.1052,-291.6113,-381.0060,95.5387,-73.8046,-104.4845,55.3418,-195.9790,-29.3618,-132.1610,-88.9927,-127.6162
-51.8279,-132.1171,8.4371,-62.2742,-356.2259,-79.5317,-290.6668,-197.7180,-307.8906,-434.2707,97.1467,-47.6396,-115.8425,50.2427,-209.3226,-167.0129,-112.1762,-135.5198,-259.9062
-26.6425,-64.6748,40.2213,-26.0344,-275.9704,-113.0543,-280.8282,-330.4656,-199.4457,-437.9716,96.5355,-20.8103,-136.6369,98.2049,-193.5541,-164.9424,-74.6716,-83.7532,-357.6141
35.8305,41.2379,55.7659,26.8921,-109.3350,-94.5310,-270.6779,-419.5343,-219.7190,-458.0114,91.0630,-342.9017,-131.1116,152.0697,-261.4607,-63.9289,-38.9566,-29.4909,-417.9816
68.6487,100.2361,-3.7062,45.1044,28.8688,-91.2943,-335.7636,-462.5144,-319.0416,-420.9162,40.7615,-961.2682,-112.7185,107.6488,-340.9034,-20.8742,-58.0724,-19.0395,-428.5009
18.1382,97.5554,-109.2317,12.0539,94.1565,-89.9375,-308.1012,-415.4021,-266.0707,-293.8645,-38.9951,-1321.9624,-126.6509,-16.6828,-303.4939,-39.4140,-125.9557,14.0645,-346.2324
-71.4798,57.0852,-192.7032,-38.3942,96.8579,-67.6559,-154.9155,-285.2499,-149.9707,-165.7717,-98.4728,-1225.2167,-159.3542,-73.2564,-227.3297,1.4239,-203.3607,61.5547,-203.7597
-147.5872,-15.2149,-240.1587,-90.2148,50.4852,-59.1376,-81.3805,-135.8503,-129.3731,-53.3264,-133.4480,-1045.3231,-181.2766,-37.7681,-225.5041,88.1843,-273.8050,64.8204,-98.2566
-196.7218,-98.5875,-255.7061,-138.5325,0.1564,-56.9019,-106.7625,-12.0264,-94.3054,99.2805,-153.1617,-1010.1728,-198.1836,-26.0819,-217.9394,96.8552,-299.8158,62.0925,-48.1718
-193.3089,-126.3769,-246.2391,-148.1198,-13.6163,-35.7863,-65.2383,72.6136,1.7535,252.8392,-153.4061,-972.6315,-208.2858,-64.3271,-129.4860,40.7599,-249.9976,84.5293,6.6308
-150.7503,-92.9161,-251.0979,-113.5322,-23.9483,-28.5443,25.2376,117.9250,34.3009,322.2148,-158.7422,-847.9991,-204.8905,-91.0975,-64.2952,35.5674,-188.6144,72.3216,59.2063
-156.6749,-96.9862,-274.6840,-79.4912,-84.8592,-44.6611,27.6674,113.8507,24.8924,294.7673,-185.7170,-720.7114,-212.9262,-104.2969,-102.1741,83.3995,-178.6857,10.8285,23.4817
-221.4688,-156.4354,-256.6825,-56.3370,-192.0563,-59.4059,-67.6462,36.1646,33.1125,208.3808,-187.4566,-639.6428,-249.5453,-127.1141,-170.8802,110.4174,-164.3972,-53.8350,-102.3349
-246.0811,-159.6301,-182.1044,-29.0454,-295.6616,-86.8578,-183.0270,-67.4003,-27.4814,139.6995,-135.6348,-612.7654,-291.8049,-143.4576,-203.9617,110.3459,-102.3930,-107.6329,-181.7258
-215.8847,-104.9603,-105.7250,-12.2866,-337.0953,-109.8504,-233.8808,-84.6393,-119.1986,171.5610,-84.0828,-628.3459,-307.5690,-138.6905,-213.1889,102.8805,-52.8726,-123.6852,-132.9651
-202.2050,-121.1132,-64.8004,3.2547,-292.2094,-75.5676,-181.9581,-35.5500,-78.4149,265.7460,-73.6416,-598.5006,-276.8545,-115.9907,-209.8707,78.1544,-41.0065,-73.2104,-70.7532
-189.7300,-203.8431,-73.9960,48.0564,-207.4753,-29.8262,-117.2798,-54.8740,36.8331,304.2476,-69.1277,-469.6172,-205.4326,-85.5956,-197.9189,46.7529,-20.6311,-16.1681,-117.7171
-142.1315,-235.7676,-117.9680,94.1511,-123.8643,-31.6712,-119.5142,-120.2682,58.5471,279.6058,-36.6935,-335.4458,-125.4910,-68.8116,-192.7921,29.8755,18.2304,8.9933,-192.0929
-123.8498,-219.4986,-108.0521,120.4454,-8.2650,-10.5307,-112.4559,-102.7012,-5.9022,261.2409,2.1476,-286.9141,-50.4137,-79.2634,-198.0331,10.8033,66.1624,75.1961,-169.1134
-161.6624,-220.6965,-4.5987,174.5409,136.0857,75.7258,-51.8259,-42.0935,-82.0171,251.9610,16.6514,-264.9066,22.0944,-109.5197,-201.8050,-19.2998,132.9257,194.7900,-97.2563
-172.5859,-225.6593,76.7633,246.8116,217.7487,144.5266,-10.6213,-35.7320,-114.9255,241.4312,6.7962,-190.7202,53.4276,-129.7149,-168.3821,-24.7983,178.3633,266.5922,-57.4825
-141.5426,-234.1939,43.1257,239.8485,202.4451,158.1684,6.6003,-25.3861,-42.1889,250.4435,-15.8652,-132.8527,13.2223,-103.7224,-71.0701,6.0459,127.5904,252.0520,-15.4338
-151.4489,-282.5660,-47.4028,128.2110,131.9694,140.7730,16.7571,35.7626,56.2604,248.6532,-50.8418,-203.9323,-48.4410,-66.5033,10.7481,27.5888,-20.3868,200.8708,35.0534
-208.4757,-317.2533,-129.1010,-1.5196,5.7920,83.0002,-56.8427,80.3165,27.0401,201.3685,-100.1801,-346.2184,-101.4980,-101.4599,-27.7854,16.2438,-177.0170,153.6726,25.5334
-233.4817,-265.2847,-181.2180,-58.1085,-146.4914,19.8772,-186.3158,95.9234,-61.8452,151.5286,-144.8322,-385.2285,-207.2740,-162.9672,-118.5309,8.9646,-234.1015,131.4486,-28.6366
-199.7567,-183.6682,-153.6172,-22.0455,-201.9876,6.9805,-217.4368,86.9049,-67.3769,122.9857,-143.1396,-294.8402,-365.1269,-122.2400,-134.8887,19.4584,-163.7813,114.1447,-56.1784
-155.8174,-174.1095,-57.2091,29.2339,-151.2165,-18.6636,-154.1971,-25.1051,-51.4519,87.3190,-82.9939,-215.5557,-449.9740,-23.6771,-128.3240,2.4952,-66.1855,49.3349,-59.8328
-149.9146,-247.0470,4.1335,13.4724,-143.2646,-97.1127,-113.4537,-199.1688,-79.0635,60.3523,-19.8235,-197.8479,-406.7719,-7.3008,-178.2317,-50.3764,-27.9750,-42.3684,-54.1817
-170.9161,-339.4005,25.3235,-21.3927,-210.1901,-118.9769,-100.0207,-264.8141,-80.1261,43.7480,-0.2172,-156.2034,-324.5153,-45.2985,-205.1577,-87.6363,-4.5587,-99.8999,-38.2465
-155.7325,-368.6973,96.9503,-0.9305,-231.2626,-64.0339,-107.1456,-244.0435,-78.4744,-31.8197,21.4297,-80.1183,-265.9685,-43.1689,-171.4556,-104.1494,39.4000,-139.1698,-71.4609
-84.2556,-293.6120,203.0327,20.6617,-172.6090,-65.4101,-166.6082,-291.3152,-155.5710,-143.5728,99.3577,-47.2385,-206.9390,-15.8314,-174.3472,-136.8042,55.0538,-174.9733,-164.5248
-30.5610,-186.2615,268.3636,3.3266,-89.6976,-123.1154,-199.1774,-362.2088,-230.5716,-169.0840,189.2399,-44.5890,-144.7936,20.4150,-217.3745,-161.6436,50.4554,-154.2045,-207.6761
-51.0008,-164.3472,296.1283,24.2252,9.7206,-108.0522,-133.2991,-339.3542,-196.1497,-116.2218,231.2831,6.4364,-102.7341,74.6092,-208.9739,-141.5107,70.1838,-81.8236,-178.3266
-89.7001,-233.2157,282.0344,83.8357,112.9068,-31.7049,-50.5067,-286.6236,-85.6667,-95.5876,232.0883,90.4142,-64.9162,85.7597,-157.6172,-117.4579,74.3772,-32.1184,-168.9671
-69.8578,-289.4356,190.3395,79.1369,161.4463,-2.3122,5.1042,-275.1723,21.7642,-101.9424,174.7659,125.1987,-32.1412,34.9574,-110.9480,-131.9898,49.8400,-21.2926,-155.3466
0.3234,-265.9793,82.2571,24.6509,143.5785,-20.4297,70.8437,-234.5583,57.2333,-61.5386,28.0864,87.7686,-60.2820,3.1077,-65.9949,-155.3236,67.8657,-16.9735,-60.8348
60.7173,-196.5391,49.1842,23.4553,96.5940,-14.0398,94.3252,-127.7288,8.8123,26.3929,-110.2890,20.4402,-150.1350,-2.2476,-64.1691,-144.1432,113.7814,4.3394,43.6616
66.0878,-152.8956,63.7694,66.8294,42.4929,42.0365,50.1809,-11.6935,4.3974,128.1646,-112.7653,-21.7472,-213.0331,-35.1948,-140.1638,-83.6667,106.4457,51.7924,97.9554
11.4942,-165.0168,61.8020,69.9823,-11.9328,108.9260,41.0300,77.3555,112.0528,201.2959,-43.7805,-5.6323,-221.1094,-63.3298,-214.3754,1.8841,59.8971,70.5055,171.5536
-56.5458,-203.0875,41.2133,5.4659,-82.2703,122.1452,57.8757,128.6863,166.8023,197.0884,-47.2478,41.4511,-254.2579,-52.3199,-241.7578,40.2836,7.9661,-10.5096,252.5558
-78.9348,-216.7711,12.0876,-87.0004,-185.7775,73.8540,-6.5391,141.7102,84.5875,157.9550,-107.6681,63.7085,-329.5630,-38.8494,-275.7205,1.2499,-62.3913,-129.1614,245.1918
-63.2844,-188.1874,-6.3713,-138.5551,-264.2948,39.2175,-79.3397,153.5778,34.6326,169.8858,-129.0743,75.3944,-347.2473,-26.9263,-293.5110,-44.1068,-105.1453,-170.6396,189.9164
-71.9656,-164.7821,18.2442,-120.9421,-241.0046,66.5704,-48.5167,178.9067,75.6493,198.8096,-113.1323,134.4252,-268.1858,-4.0207,-239.4193,-41.2974,-79.9975,-152.6190,181.1223
-126.5198,-219.3626,38.4945,-93.8710,-148.8089,119.5174,2.6996,190.3533,79.1923,182.3965,-118.8203,217.8331,-165.9753,12.3669,-180.8221,-6.9419,-64.3914,-145.8600,198.6697
-204.6669,-334.5885,-40.0303,-107.0672,-71.5955,152.1010,15.0766,198.7115,77.0381,170.1173,-170.2300,252.2330,-75.1237,56.6418,-158.3261,55.5067,-99.6152,-145.5932,200.9882
-302.0821,-385.7491,-189.2836,-120.7038,-24.3468,149.5808,62.2311,212.1834,168.1315,174.1936,-240.9632,243.5385,24.0236,145.2049,-90.5626,125.1476,-114.0663,-132.1036,173.8104
-397.3041,-315.2307,-280.5999,-96.3928,19.2198,119.1761,110.5262,168.1634,210.3156,106.3476,-257.5564,244.6035,98.3433,168.4666,8.3901,124.6972,-96.9485,-95.6014,79.2407
-428.9385,-232.1144,-269.3309,-61.4829,74.3873,93.7486,69.4343,54.6107,88.4979,-16.7778,-176.8792,250.8993,119.9496,82.0518,23.8747,53.7789,-107.6327,-10.2949,-45.6589
-395.7683,-241.0356,-220.9307,-50.5625,135.9560,87.0090,10.2339,-29.7917,-17.8568,-80.8835,-75.1058,237.2202,133.8320,4.0066,-21.0772,0.1381,-136.0215,90.8856,-92.7427
-357.9469,-283.5100,-193.4946,-68.2886,151.3696,55.8444,-1.9560,-39.5662,-17.2384,-94.2443,-61.6563,214.6742,137.8381,-27.7003,-34.5918,-23.8437,-150.6214,119.2525,-82.7287
-308.6177,-253.9360,-193.2183,-97.2753,72.1373,-25.7508,-46.6480,-39.6822,-94.3018,-139.4149,-133.0951,193.2314,74.3554,-90.5062,-46.6780,-54.0052,-168.7583,59.0394,-108.3512
-223.5699,-173.4080,-210.7287,-112.7973,-47.7085,-109.2959,-113.8205,-62.7770,-252.2941,-192.7672,-200.7768,181.1881,-11.9007,-162.3981,-94.3181,-64.8313,-184.6091,-16.5063,-125.5361
-182.3541,-143.3289,-241.8314,-107.8295,-117.5136,-136.9480,-85.2619,-64.0312,-234.6758,-188.4467,-218.0695,209.6951,-46.7609,-173.9151,-123.3356,-55.9208,-167.5597,-36.4081,-64.7317
-222.9953,-181.3725,-276.8791,-84.9058,-145.5182,-108.5135,-10.4474,-2.5740,-58.9240,-140.8694,-218.0501,269.8715,-92.7869,-156.3624,-113.8586,-75.0602,-131.4045,-0.5956,15.0555
-229.2806,-202.3808,-300.5367,-51.9528,-209.1211,-66.8419,-36.2901,125.1133,-22.7992,-98.4837,-247.8850,293.5145,-197.4526,-146.5710,-92.4234,-89.2940,-114.2065,1.8061,61.6292
-150.8801,-157.8393,-308.7014,-53.9206,-331.2834,-44.3466,-116.9517,279.2810,-130.2164,-69.7296,-295.2516,254.1014,-252.9594,-125.5449,-51.1689,-38.7492,-132.1836,-92.5760,102.1248
-89.7684,-101.3639,-295.6590,-116.0105,-433.5814,-28.2560,-102.0706,379.9590,-115.8070,-32.5956,-301.3049,199.9214,-202.8931,-90.0170,-6.9245,34.4739,-168.8664,-195.6725,134.3536
-73.7688,-87.5124,-236.4384,-167.3384,-407.1411,11.7083,4.2318,386.2177,9.6401,11.0763,-241.3475,186.7006,-132.0063,-30.4649,-10.2338,75.6868,-179.0164,-196.7856,145.2787
-40.2668,-97.6537,-129.5154,-142.9311,-235.0653,78.0685,103.3588,354.9620,15.0904,18.5188,-148.4946,242.8674,-57.4231,68.8177,-36.7214,100.8731,-133.9738,-120.4007,171.6539
-12.3024,-107.1974,-24.5187,-82.1868,0.8806,148.8745,183.0627,354.1844,-84.4532,-15.4521,-72.7247,338.2094,78.6120,149.3127,-25.2604,118.9441,-53.5707,-27.4658,213.9022
-18.1216,-135.5223,39.7089,-37.9291,228.9902,181.4360,266.3683,352.3182,-112.7746,-31.0824,-43.9968,377.9420,229.5852,152.9606,16.7903,119.8327,27.7879,55.1194,212.0135
8.0397,-189.9012,72.1417,-21.6961,396.3195,124.3943,303.1195,265.7568,-67.5729,-29.7143,-38.7064,326.0169,310.6082,121.4308,61.1089,118.2214,80.1396,72.9420,143.5919
65.5048,-238.0371,84.0289,-42.9423,436.0031,-0.7481,250.5965,97.6037,-10.2799,-85.3746,-8.1785,260.6048,327.9212,91.7963,101.9241,115.2476,91.8356,26.5626,38.3608
68.9050,-258.7080,78.2555,-68.9492,372.0858,-92.6850,168.9595,-52.6932,76.9102,-170.1902,26.9129,222.9528,301.3139,39.1639,116.2750,96.6076,105.9019,17.7091,-62.1785
36.1246,-252.7277,74.9402,-33.8423,325.4731,-112.2830,124.0324,-125.4261,123.3145,-176.5968,7.9679,174.5302,227.8461,-22.0528,92.5082,76.0862,163.8904,69.5721,-114.1909
41.9950,-199.8356,89.5025,52.0366,315.6675,-116.6783,84.6830,-155.5287,31.7752,-120.6164,-32.7130,142.2674,146.4212,-48.3172,59.3923,60.0426,233.0024,112.7538,-116.1226
61.5986,-85.2749,116.8979,130.7101,253.8494,-130.0778,14.5197,-179.7009,-65.9731,-100.1246,-22.8326,186.2239,87.5320,-56.4661,32.5599,32.3574,272.9696,147.6771,-123.3692
42.7657,23.2177,139.0070,171.2519,126.7162,-134.5056,-50.6872,-193.9111,-18.7746,-114.1636,11.3495,247.2540,26.3257,-82.4903,11.2252,8.7767,273.6463,163.9277,-160.3440
-1.2274,31.9529,107.5560,126.5004,-35.1496,-158.1674,-97.8100,-200.1824,43.4437,-103.7033,2.2568,239.3876,-44.6698,-122.0387,9.6472,18.3644,202.2449,62.9026,-180.0863
-32.9373,-32.6812,-15.8674,-12.8045,-254.0213,-220.3670,-163.7814,-192.1438,-1.4070,-64.1138,-52.5562,197.2725,-110.0926,-157.5178,22.5029,50.4751,63.3350,-127.7852,-141.5735
-13.5055,-65.7094,-171.9749,-137.3399,-485.9479,-253.4672,-225.6458,-131.9179,-18.6710,-18.3438,-118.7105,177.0442,-170.5053,-165.3778,25.3614,77.0192,-56.8171,-238.8851,-65.8965
53.3378,-53.9510,-249.9447,-185.6398,-587.4678,-194.2256,-219.1060,-23.0967,54.7252,22.4989,-145.9827,159.5665,-194.8371,-115.7243,20.6239,79.5519,-124.4138,-243.5292,-2.5728
76.8105,-49.7216,-220.6902,-232.2205,-506.0042,-87.4209,-163.2064,63.9488,88.1538,55.7970,-89.2989,130.8999,-146.1601,-25.9724,10.6753,54.3213,-180.9277,-252.7101,26.0291
17.7392,-44.8415,-142.1382,-286.2111,-340.2795,-27.0331,-131.4444,81.5535,66.0082,80.6408,1.5710,113.5052,-73.4699,34.9778,-15.2164,29.1245,-210.3137,-283.7597,28.0972
-23.5653,-24.0588,-73.7774,-267.6260,-205.7597,-29.1656,-145.6538,41.7456,29.4642,61.4727,32.7901,116.4341,-36.6896,35.9362,-40.4267,36.6146,-176.1120,-279.8125,-1.9131
3.3072,-13.2103,-34.0627,-184.6840,-138.1880,-24.9524,-182.2244,-23.1551,-115.6086,-38.2893,24.0799,146.5937,-11.5972,27.1459,-55.6777,70.9081,-104.9278,-222.8036,-74.1796
30.5396,21.2301,9.2816,-78.3315,-90.4018,8.6249,-209.1315,-74.6331,-289.5685,-152.3521,54.4624,205.8455,23.0606,56.2266,-70.7620,103.5380,-7.8676,-115.5401,-148.3776
59.0004,127.1730,92.6272,58.5202,-20.1158,3.1599,-203.0079,-95.7412,-223.3026,-190.2121,112.3777,250.1051,36.7821,82.8191,-42.8889,104.3949,108.7720,-1.7925,-179.7573
135.7489,219.1657,177.7807,157.9070,22.6875,-67.7020,-191.2454,-121.1690,-40.9719,-198.0543,139.6797,240.2949,24.2455,44.5993,51.5236,62.7681,169.0186,33.2402,-188.5364
181.9901,196.7742,199.4388,131.5272,-6.9428,-143.4327,-215.1998,-171.7826,-106.5627,-248.2165,120.6870,204.4998,2.6258,-36.6999,112.9593,26.9797,147.9847,-3.1174,-190.0239
116.9954,119.9247,166.0892,52.0079,-46.4192,-199.5786,-237.6761,-204.1913,-267.8245,-274.8935,71.4737,175.2926,-23.1827,-107.9192,75.8729,43.0629,119.9035,-6.1214,-154.2768
25.7321,82.1509,117.6534,28.1301,-49.9411,-249.1509,-200.7724,-185.4692,-162.3957,-211.9602,37.7777,133.6464,-27.6950,-164.7210,22.9239,66.8293,97.1405,54.9787,-95.6295
-1.3235,69.1911,63.6183,34.6278,-63.0365,-256.3621,-135.4677,-135.9324,21.1196,-128.6638,54.9943,66.1569,-9.5174,-192.3299,1.2461,59.4251,51.0575,109.3066,-61.4809
-0.4345,55.3411,28.2116,31.5782,-104.0221,-212.0233,-101.9816,-78.2167,-20.2556,-86.7848,75.6104,13.3042,-38.4367,-156.8359,-35.2884,68.9089,42.9160,105.2180,-40.9733
7.9786,72.6581,38.2801,52.5222,-152.7783,-173.8174,-105.8670,-30.9811,-95.1124,-49.7602,52.2473,26.3510,-126.5701,-99.0252,-65.6654,99.1952,110.6948,56.0884,-15.8145
69.3544,139.9275,58.0007,109.8064,-216.9927,-133.2539,-136.3465,-16.1920,-17.3423,-6.2923,29.9392,97.9972,-175.7074,-75.5323,-51.9256,79.2579,180.7228,16.0642,-3.9697
157.7803,216.6409,54.1656,163.1302,-260.5614,-31.8207,-182.8223,-10.9982,46.5970,-12.5219,43.3318,158.4997,-145.6437,-52.1170,-58.5849,21.8726,204.9658,33.1307,17.0935
184.7689,224.2975,64.6596,165.6554,-206.4891,92.5426,-216.3648,23.7050,20.4207,-83.4978,65.8318,160.3319,-94.6406,-7.0816,-115.5563,-2.4696,190.8380,85.6314,67.8186
139.5061,135.0476,110.8243,110.7704,-68.8072,169.7919,-225.4179,57.6773,-31.8816,-155.4249,102.0149,137.9352,-36.1606,13.2471,-140.9920,-14.7691,135.2726,111.8985,83.7516
86.2757,48.5644,145.6924,66.4844,86.8760,206.0842,-201.4615,46.5061,-142.2578,-161.0384,156.8147,143.9292,49.7429,35.4931,-87.7953,-51.4958,77.4912,107.7106,43.7311
57.5502,66.3169,130.4810,79.7560,236.1808,207.5894,-112.6836,27.8296,-214.5292,-97.1604,170.9335,177.8345,115.2678,119.1300,5.6627,-56.5630,64.4583,105.7833,32.9884
38.0079,133.8280,72.2699,77.8129,327.0610,169.3287,-1.4367,53.2756,-84.1942,-20.8030,131.2680,216.8745,118.0018,183.7691,72.8566,7.2105,46.0222,93.1143,76.2330
20.1437,160.2667,5.2233,5.2630,308.4172,147.5841,27.2275,101.8940,69.4746,12.3685,109.2863,245.7581,101.2217,140.3632,56.1821,82.5036,-14.2435,50.6098,119.8523
11.4702,162.1177,-24.5113,-70.9023,253.4915,168.5556,4.4597,135.0180,41.4361,7.7004,128.3019,239.3587,108.7386,76.8748,1.2395,121.5213,-52.8939,13.3846,166.2345
-0.9278,149.9116,-11.8839,-110.6364,242.5954,159.4381,55.2453,148.9436,28.9662,29.8474,147.8933,188.9783,129.4729,81.7660,32.9409,141.8282,-62.9157,-4.0706,217.7887
-44.9106,68.9765,-13.1204,-157.8344,218.0551,73.0473,150.4547,144.2195,175.5423,127.9028,141.1973,127.7465,145.3832,82.8762,137.0563,158.8414,-120.5689,-63.6733,217.3858
-109.0151,-54.8616,-55.3004,-215.2632,123.6730,-58.1974,190.1443,121.7285,321.2698,258.9300,90.6510,78.1147,142.3598,24.8600,188.8050,147.1444,-219.9590,-192.0604,182.2914
-133.8620,-108.7921,-96.9885,-256.7027,15.8177,-177.5764,224.4288,107.6594,440.2892,328.4543,14.1457,25.0691,110.5760,-23.1275,193.9021,98.5890,-293.6898,-298.7125,195.7715
-91.3452,-67.5211,-116.5243,-300.3628,-49.5901,-202.9239,298.7231,130.2220,566.5062,312.8293,-17.8109,-31.8031,82.2959,-20.6365,208.7815,70.8291,-336.0458,-298.7919,243.5741
-29.8233,-21.9577,-137.5404,-342.1275,-69.0806,-90.5121,303.7600,183.4933,503.0790,269.7862,-0.2796,-56.8951,96.0911,-9.3777,175.2894,99.6863,-357.0578,-223.6401,263.4597
-4.0706,-30.4685,-155.6026,-332.4485,-37.6001,73.3230,210.5745,233.0461,251.3769,236.2228,-2.4691,-19.8759,122.3006,2.8881,85.6651,109.8123,-329.2666,-127.3127,263.6809
-14.0512,-46.2901,-135.9173,-261.0815,43.8894,192.6576,156.2804,248.6351,124.4086,203.9267,-9.9314,61.6269,120.4948,50.4452,43.0975,45.0951,-250.8534,-10.0633,254.2183
-37.1803,-21.8779,-78.3381,-173.8596,152.3695,274.5901,179.7187,232.1293,132.9227,170.1380,38.0857,117.5126,130.0038,113.9879,50.0780,-2.1324,-172.7688,100.7734,214.1231
-54.3500,-1.8280,-24.6957,-124.3779,251.9577,312.2202,185.4736,206.2796,70.4089,148.6610,95.1607,102.9985,187.5860,134.5927,36.3121,46.5740,-144.5531,152.4385,155.5146
-36.3743,-12.6089,-4.2598,-112.7081,295.0931,262.4529,160.9049,170.7194,53.7512,157.7294,103.4556,84.1994,228.4560,116.4621,27.5087,113.9589,-149.4745,176.9448,81.5378
21.4527,39.2209,6.7204,-59.3644,272.5917,172.2531,151.1742,94.5327,169.4489,181.5026,112.4991,143.9361,195.0568,119.6349,44.9240,120.4235,-112.3970,228.5897,-39.0720
70.4814,195.3601,54.1931,66.4715,231.9549,103.8483,123.6614,-37.5682,130.1203,141.0082,155.1360,222.7108,150.4985,139.7523,35.1688,85.3307,-10.7320,247.3042,-177.8730
85.2290,317.2864,135.0697,153.4473,186.0274,16.0755,58.4624,-194.1517,-110.2981,10.8887,188.9198,208.8358,161.9464,97.8367,11.8448,23.5406,88.6149,158.1267,-263.2405
108.9817,301.0781,195.9831,129.7199,102.6495,-114.0275,18.2763,-321.6974,-178.7316,-91.7444,203.8623,129.9507,179.4195,-18.5715,37.2757,-59.4774,142.8159,16.2160,-288.2316
162.5857,228.1482,202.9595,78.2657,-3.5271,-230.4073,22.0584,-392.4286,-7.1191,-90.9510,210.5894,79.1699,139.5276,-113.1793,96.5208,-107.0274,157.1479,-97.6825,-285.0847
195.7140,183.4165,158.5286,42.7522,-107.1988,-331.3646,11.5480,-416.5995,95.1098,-69.6757,175.8504,50.6740,72.6825,-117.6093,149.1471,-95.1983,103.3805,-204.6814,-275.6019
171.8400,150.0213,72.0348,-36.8506,-244.5038,-450.8936,-31.9032,-408.0903,88.4095,-64.5266,97.0139,12.5646,22.6126,-68.9444,186.7642,-75.8377,-22.6338,-339.7912,-297.7779
124.5303,138.3651,-21.6434,-131.7332,-418.9927,-529.0082,-71.9743,-370.7916,178.8145,-3.4105,35.8210,7.2688,-21.7154,-26.7300,204.0882,-73.7032,-127.7901,-446.4887,-362.6860
113.5273,199.6220,-61.1298,-134.8423,-534.8076,-484.7062,-96.8962,-325.4444,297.9868,84.7437,23.4066,49.6335,-57.9856,1.9061,213.8616,-59.8570,-142.6771,-431.8668,-411.8158
156.4967,285.1965,-35.7763,-58.8760,-504.4380,-341.0431,-118.0375,-288.6496,209.8778,112.9968,32.9740,68.7046,-41.3811,37.1671,219.4381,-12.7203,-110.1260,-281.7464,-397.6669
187.5910,260.8810,-8.9126,-20.5608,-342.7554,-172.5608,-118.5115,-216.5804,6.0522,141.3701,30.3996,25.8104,35.2477,76.5632,183.3323,67.0104,-101.7945,-94.4396,-311.6761
118.6990,107.5408,-34.3887,-76.9522,-148.9655,-21.6806,-64.0617,-50.7983,19.7110,249.8561,-7.7680,-29.3629,107.6013,96.4350,133.8662,144.3572,-147.6675,18.9328,-134.8505
-15.6129,-8.7155,-97.6629,-174.4822,-19.7537,100.1776,42.5892,170.9212,261.8789,358.6981,-69.1420,-39.8931,124.5367,98.9060,151.2800,166.0341,-213.2026,62.2338,96.9692
-82.0072,31.2270,-140.7455,-214.8449,46.9880,189.9915,139.1274,326.0392,368.3533,364.6213,-97.1467,-7.8872,116.0919,113.0474,184.0727,142.8838,-211.5662,116.4922,251.8542
-55.0932,121.4873,-114.2735,-159.7946,112.2191,230.7420,159.6717,342.6443,218.7493,273.9502,-58.8162,14.9133,131.5984,129.6214,134.2944,126.0471,-118.8413,197.6192,272.4853
-26.0221,142.6146,-20.3690,-63.6157,169.4240,203.2964,132.6232,278.7104,131.8518,155.7941,20.3943,0.4076,156.1337,103.2936,71.8959,99.9104,-18.1985,256.2185,267.8292
0.1749,152.2299,80.9834,17.6991,180.3723,136.2525,158.4846,241.5082,235.4407,89.0159,94.7912,-3.4284,151.9630,39.5974,85.8313,36.3489,36.9465,275.6722,319.5356
94.8586,204.6900,123.5901,70.4570,166.7361,80.0933,238.4548,244.1375,216.2207,82.1854,119.6758,38.6100,127.4975,-6.5570,102.9299,-12.2706,64.6914,261.4404,350.0396
219.9051,260.0132,91.8996,75.8226,132.7319,25.7902,239.4451,210.7172,-46.8456,50.8740,81.5685,70.2175,94.3400,-23.0022,64.0343,-13.0883,53.6065,191.7629,278.3612
275.1748,324.8388,27.6958,43.0905,36.9741,-71.7128,111.6417,132.3473,-232.4690,-18.2132,39.6994,66.5135,37.7467,-40.7634,24.7422,-23.9553,1.8987,62.1643,162.2541
273.0256,383.9256,-4.4832,47.8356,-79.5255,-198.4027,-21.5460,87.6526,-187.3076,-46.3872,55.3219,103.0400,-17.9542,-54.5339,-5.5279,-68.5891,-2.5071,-76.4905,95.8740
272.4691,355.7089,19.8456,124.2446,-128.9297,-269.2963,-79.7935,92.2863,-151.5618,-47.9007,91.9677,194.5502,-25.8902,-19.9151,-71.6855,-92.3750,90.2910,-159.3054,80.6337
244.9763,315.5653,49.2970,205.7958,-127.4660,-205.8220,-116.7905,101.4223,-216.5319,-58.6968,87.1131,262.0164,-2.9845,79.1944,-139.2018,-82.2354,182.9247,-146.7865,81.9379
171.4410,327.5752,23.4647,229.8730,-125.5294,-18.3156,-138.7926,138.8452,-173.8931,7.9802,61.1246,301.2591,14.4627,200.0531,-137.7815,-77.9362,164.7737,-41.9981,110.0806
133.4210,93.7342,-39.8398,199.0660,-93.2216,193.0072,-92.4801,233.3414,-8.7460,150.9323,56.4997,350.2442,40.7981,278.2914,-73.7090,-68.2744,64.3028,100.4872,166.6594
167.8022,-543.6363,-75.8326,143.7956,-4.4530,346.8604,-20.7751,317.9969,40.3295,213.9816,58.1074,353.6590,81.1457,291.0166,-4.6340,-8.0898,-0.4432,223.0459,210.6559
185.0453,-1069.5018,-63.0796,103.8770,108.2343,446.7655,22.3635,352.1294,-38.2891,202.3571,44.4308,285.6057,109.2521,270.8016,41.3716,83.5448,21.4174,321.2176,224.4393
142.6924,-1032.0394,-36.8722,108.0320,212.9103,498.8393,88.2097,382.9403,-29.6823,254.6237,30.6608,240.3144,131.0060,250.6141,81.9970,143.8698,63.9284,399.8168,219.6188
128.1839,-744.1009,-38.6639,136.0575,267.4591,464.0445,167.3132,408.4169,60.1979,315.0990,26.0716,240.8212,154.6232,224.1957,121.9728,158.1007,60.0290,418.4273,189.2712
183.4997,-626.4022,-64.7745,143.2591,224.7475,345.6305,148.8496,382.8386,55.9026,267.3070,21.8971,194.9085,152.4586,177.1810,126.2847,152.6452,34.3015,357.3648,141.0313
234.4122,-592.5213,-50.6027,123.8998,132.8381,215.2819,59.1637,335.5474,-17.5827,194.3852,30.1102,103.1169,137.1179,128.6478,99.9454,131.0859,38.8725,281.5132,113.8548
246.4484,-473.9021,49.7653,112.2655,100.5526,120.3744,42.7531,302.4490,-23.4549,181.2078,70.7985,56.3891,153.0069,110.1408,100.5640,90.2755,74.5104,254.2570,113.2318
268.4474,-334.6322,170.7751,112.3085,137.2206,46.9470,106.9065,255.6232,46.4396,170.9160,124.7184,54.8165,173.8703,108.7089,124.8529,60.8466,104.2633,232.5470,119.3530
312.2828,-234.1462,214.9910,71.4752,150.1450,-41.5223,155.2320,192.6012,132.2770,144.5737,155.4580,33.2048,154.9343,77.6593,119.8069,61.8933,90.0532,121.4075,127.5796
340.8298,-165.2607,188.1295,-22.2280,72.9587,-170.6304,155.4454,127.7024,144.4830,125.8851,167.5478,-11.3701,128.8676,24.5715,93.7415,64.7295,36.7525,-87.9817,104.5186
345.9596,-122.4574,140.6810,-90.6156,-76.9301,-300.8824,107.8143,38.0022,14.0542,85.6019,181.5761,-33.1728,132.5941,19.7406,80.4295,57.2920,-0.6050,-284.8896,26.8779
338.8947,-45.4007,59.2228,-104.5784,-215.7093,-313.8491,32.7170,-27.6627,-103.1768,44.0456,171.0677,-9.9562,146.5858,83.1770,76.5165,72.1456,-14.3336,-346.9824,-18.8212
313.3275,92.0427,-59.1450,-132.3949,-248.5795,-138.9386,13.5779,36.7658,-33.4048,58.6875,110.8944,30.9632,162.3153,153.8515,83.2941,107.9576,-51.6090,-252.2870,51.5574
265.3530,202.7598,-126.3203,-153.7765,-141.7520,142.6720,89.1191,187.8006,45.2750,91.5714,62.0898,54.3254,198.1810,191.1860,92.3890,111.6017,-67.0868,-61.6623,177.2086
218.3183,259.7864,-67.4532,-53.5105,67.4790,389.3350,200.6352,285.1021,-28.4504,110.2078,97.0980,90.3061,252.5756,208.7339,73.3217,71.0064,33.1291,165.8003,271.3332
220.2747,337.6868,72.0742,137.2491,300.4640,532.4614,297.7580,314.4928,-59.2729,153.3959,177.3959,179.9611,306.3596,221.6415,58.5116,39.9836,189.4481,376.7464,324.4765
287.2350,441.9854,178.2439,266.7285,450.4531,584.9432,335.6868,326.3910,-0.6331,175.7996,213.4741,257.3104,330.2369,235.7258,90.0598,44.0519,274.4842,502.3405,323.9398
346.9317,524.4444,192.7880,316.4659,454.5607,585.9960,267.9829,308.7322,-39.4396,112.6726,196.1737,244.7983,297.6734,242.7327,107.1632,37.9056,307.8979,522.5862,274.1230
336.2508,601.9244,177.8689,368.8900,376.1844,552.4672,172.6007,276.9405,-35.3186,62.2413,182.8147,201.0175,231.1619,213.5985,78.2206,-6.8923,358.3154,489.7933,243.4729
310.3039,701.2378,217.7883,416.1536,312.9435,467.9406,154.8423,278.8362,150.3883,108.9502,199.6079,202.2445,174.6024,160.7462,79.1161,-41.3427,383.3744,435.2808,228.4658
321.1949,772.7849,267.4927,405.6345,261.4375,342.2432,136.7978,278.8257,174.5453,151.4635,215.2079,212.6072,132.8641,142.5025,107.4077,-24.9018,342.0036,348.1977,155.3463
323.6082,746.1572,244.0408,352.5233,186.1621,220.4496,44.6399,216.8678,-32.6977,110.5629,198.5924,191.7959,110.1772,143.5477,84.2503,0.0654,294.0276,243.3923,65.0801
318.9414,661.8541,225.3526,302.5023,115.8216,76.7243,-0.5294,90.0887,-17.2774,46.0428,180.2816,156.0464,120.6662,74.5010,39.1419,-3.4566,297.4602,130.1174,26.8673
372.0936,673.1837,322.2362,277.9295,61.7801,-157.7064,38.4524,-97.1320,181.4415,-1.1375,208.7747,104.7344,124.0129,-67.7990,31.0586,-2.0223,330.6573,-15.0852,-38.4963
436.8982,806.3170,436.1991,266.1680,-19.2922,-397.0006,10.7322,-297.5620,121.5112,-47.1026,240.2968,45.6047,83.6638,-167.7373,38.8373,2.6591,332.6411,-143.6195,-179.4647
420.3326,859.8494,406.9717,232.4284,-107.7242,-444.1555,-82.4407,-394.2921,-32.5971,-90.7911,188.2555,27.3077,54.8574,-134.0459,73.9464,-49.6993,282.8109,-155.8717,-267.9520
356.5889,729.3636,269.8096,182.4916,-117.7014,-280.3003,-87.0086,-364.9085,42.3282,-125.5914,86.9331,47.9271,82.0656,-12.4032,146.8831,-120.2531,238.4647,-78.9320,-222.8911
304.3704,573.2886,150.6614,152.5019,-39.6709,-77.0326,-28.8991,-309.6504,91.1282,-135.5078,38.9776,43.7682,114.7608,48.1691,161.4608,-87.8078,240.8029,-24.8287,-122.9549
246.1306,499.4449,78.3158,112.3608,52.2388,65.1325,-23.7534,-257.6542,-33.5201,-99.2082,34.6372,-7.6357,110.6835,-15.9081,89.5322,23.5264,226.9655,-0.6197,-36.2186
191.8765,454.6531,24.9104,17.4608,110.9519,161.0518,-29.1938,-168.5941,-63.8155,-58.5959,3.0190,-66.4599,81.9563,-65.1098,29.4949,56.6441,148.3878,40.3379,27.7270
166.0838,462.3675,-27.3823,-57.2191,126.2149,205.1779,-3.9769,-80.7983,-15.8955,-65.1766,-44.7750,-79.4634,32.0759,16.0808,-18.9015,-21.3922,82.4920,66.5149,47.2465
132.8235,562.9343,-81.0185,-10.9227,80.2905,179.4435,-32.9646,-62.6567,-69.2806,-89.4668,-75.9790,-27.4301,-37.0743,91.2683,-104.7552,-89.0776,104.1520,37.7008,13.1942
90.5307,624.1570,-106.5181,96.5563,-40.3521,90.4476,-135.0768,-126.4312,-91.9523,-109.8203,-111.2586,34.9640,-120.8031,16.8171,-139.9138,-80.9262,163.4852,-37.8593,-67.8841
77.1137,543.7146,-92.7752,122.9210,-222.7316,-70.9897,-235.6965,-262.3391,-21.4035,-146.6341,-147.6269,40.5993,-237.2823,-90.7380,-82.2588,-56.0566,175.1215,-154.0960,-196.9634
56.8972,422.5418,-81.6695,60.9141,-406.8838,-278.1743,-322.1751,-422.6632,28.5996,-157.3098,-144.6127,5.6010,-354.0784,-100.7274,-49.9947,-83.6520,127.4017,-272.1278,-334.2801
12.1569,361.9443,-72.5450,25.3569,-499.0156,-427.1096,-401.6837,-522.0950,125.1516,-108.4360,-104.0348,-27.8891,-383.3847,-103.3329,-77.1048,-151.7676,72.2519,-318.3634,-423.0965
17.3959,347.8747,-24.0160,50.2486,-486.6258,-474.0343,-430.4989,-542.8111,220.1409,-82.6856,-58.4498,-65.5591,-342.9101,-177.6627,-91.9196,-173.7834,52.9731,-315.8305,-467.9530
60.4487,359.9966,20.4778,52.7450,-472.7332,-493.4514,-410.5272,-526.5186,60.6530,-125.0341,-30.6456,-106.8914,-336.0523,-234.5097,-113.1355,-95.1913,48.4471,-352.5678,-481.8593
32.0916,381.3490,-2.1473,2.7591,-486.7442,-525.3545,-384.0722,-488.6798,-191.4332,-168.5622,-45.9875,-140.9959,-344.7660,-220.5579,-155.9201,6.2830,15.4616,-403.2833,-444.8136
-62.1832,355.7466,-50.9479,-48.7292,-419.6468,-517.2784,-319.9056,-454.9069,-183.9138,-197.7432,-104.7428,-185.7943,-276.6594,-197.0270,-137.2547,14.5348,-39.4655,-376.2830,-374.8625
-139.5245,255.0826,-90.4898,-111.6950,-256.4849,-433.7576,-172.3978,-449.0600,-75.4015,-233.7378,-157.9502,-217.5413,-160.2320,-181.8516,-51.4014,-53.5439,-97.6332,-280.7166,-295.3369
-192.0787,138.0120,-150.2132,-213.1612,-133.9394,-296.9554,11.9467,-402.2438,-88.6209,-210.0785,-167.5900,-179.3949,-72.1972,-130.3078,26.8997,-83.7343,-159.9332,-183.7753,-171.8124
-221.1227,97.0656,-191.0484,-261.3962,-92.8670,-142.4279,164.8746,-258.1366,-21.9237,-98.3591,-140.0988,-116.8928,-1.5074,-44.0022,98.3114,-21.4263,-186.1465,-94.2059,-19.2438
-200.8876,143.2999,-143.3694,-187.9842,-40.1849,8.3931,274.0677,-98.4398,188.8469,3.9378,-91.4063,-115.1963,70.5871,37.8234,168.0793,90.3061,-129.4555,10.9364,77.5705
-162.8856,186.7708,-54.4476,-95.7204,40.6173,153.4066,341.1229,-2.1870,297.1942,44.8793,-37.2044,-132.5356,123.9696,107.6388,189.9973,157.3142,-37.8807,114.1003,117.1980
-150.4952,186.3615,-0.8528,-63.7304,78.7702,267.3464,363.8108,54.7608,257.6535,71.5022,5.8010,-85.5320,169.1644,177.3694,188.8909,112.0779,15.5637,151.3002,149.9164
-150.4672,201.1660,24.0692,-22.3290,52.8128,284.0976,363.1017,84.7581,172.9632,102.2407,32.1998,5.8629,205.4939,230.2292,212.9836,18.0953,40.1833,85.5337,143.5432
-142.9503,235.3164,30.8635,51.7286,-12.3005,200.3317,350.1205,66.0615,36.7042,110.7582,32.1444,75.5743,182.4187,228.4294,215.3225,0.4287,62.3211,-15.8537,78.1890
-109.2594,242.5463,17.3583,81.6766,-82.2640,104.4228,301.0712,14.9347,-74.4911,78.0336,6.5666,85.7358,119.9655,167.4234,176.4853,34.9585,71.2482,-64.9046,25.7951
-30.4047,273.8985,30.9784,65.8209,-114.0756,27.4727,222.9663,-42.6314,-21.3915,19.6869,5.3512,35.0038,113.2358,86.1025,168.6822,11.9268,67.6867,-92.7189,9.0922
50.9446,364.2231,92.4718,61.7271,-117.1471,-83.2813,178.5055,-84.1203,137.4870,11.0346,56.9803,-26.2819,155.0539,13.8347,194.8885,-21.5144,48.1729,-165.0617,-25.4710
78.9614,397.4400,139.6197,45.8606,-141.3130,-219.2823,186.3084,-84.4779,225.1190,81.1249,101.4498,-67.1077,151.1623,-49.8756,185.1098,32.8672,-20.4654,-238.3138,-80.7579
58.6561,304.4230,125.6989,-31.5042,-164.1587,-308.1642,170.6095,-84.9051,143.5231,119.0267,92.7105,-135.0156,109.5533,-105.7119,144.8838,91.2144,-126.9459,-243.5526,-128.2731
-4.0976,186.4007,69.7055,-123.1466,-126.1406,-312.3989,83.4142,-129.6629,-9.9480,74.6313,75.8019,-222.1912,106.2366,-142.3018,123.8643,61.4937,-185.6602,-187.2197,-154.5474
-78.7908,144.7883,15.9737,-123.7927,-44.9656,-218.1623,5.0163,-130.4494,22.0948,68.7780,88.8436,-215.7896,114.5249,-139.8290,118.3606,47.4806,-128.0787,-89.9577,-102.4856
-58.9470,194.9641,1.5467,-11.9698,28.0600,-41.8021,25.2151,-13.2520,221.6188,128.7360,97.6966,-99.3543,59.0355,-86.7153,101.9379,129.6900,7.7746,32.1324,51.9590
48.3796,293.2486,11.6680,107.3329,79.1599,133.5946,94.4521,125.7132,212.2191,145.1617,61.8639,-0.5858,-35.6807,-9.4492,68.3831,213.4402,100.4092,144.9425,194.6912
70.2863,338.8687,-0.8853,155.6798,108.7910,257.8116,112.4412,217.7094,-1.9006,151.3354,-10.8319,19.6514,-94.8456,59.0066,35.0538,238.4184,94.3971,244.1094,239.7250
-19.6765,298.4683,-12.4380,188.1896,128.3874,345.7942,88.2850,310.6536,23.8912,230.8677,-64.0266,24.4050,-103.9661,124.4949,32.0873,242.7668,89.7361,302.5249,253.5065
-60.9395,260.4936,32.2591,227.1607,141.0591,329.0345,77.4235,340.4583,246.5199,254.4916,-43.1558,53.9257,-90.4102,169.3902,45.9838,202.5459,170.9173,200.4127,261.2224
-39.6587,221.2169,82.7712,166.5036,93.7118,110.6050,46.4798,174.2177,210.9172,104.0421,11.0138,72.3051,-88.6826,130.9315,27.0732,80.7600,240.5817,-78.9776,172.8221
-78.5707,85.7087,56.7791,-2.0255,-34.9705,-195.3202,-50.3576,-92.3386,-12.6245,-82.5282,-2.4394,36.9325,-133.8177,25.2528,-4.8231,-42.6164,188.5281,-321.4785,2.6763
-153.8229,-53.5065,-7.8931,-117.3399,-161.1529,-366.7560,-152.5500,-229.2506,-51.8821,-152.5067,-76.6897,-41.9301,-208.3517,-53.7626,8.7532,-82.5906,77.6501,-371.8787,-111.4142
-158.7523,-25.4538,-30.7576,-110.9765,-240.4420,-394.0695,-188.5008,-200.3071,17.7552,-126.1921,-104.0657,-105.9297,-246.1361,-90.4606,34.0151,-67.3153,7.6290,-337.2385,-139.8270
-112.7828,90.5541,-19.3429,-70.4237,-317.7201,-431.9328,-180.5049,-138.4552,-18.1877,-69.6230,-61.0237,-119.7163,-228.6856,-124.1935,16.5084,-58.4464,-29.6317,-345.5387,-164.8068
-100.1652,114.9106,-21.8692,-50.6352,-359.5888,-514.4773,-153.7985,-115.7934,-69.5560,-35.6348,-25.4236,-106.2465,-187.3027,-135.0303,5.0267,-72.3775,-67.7262,-359.6919,-195.8622
-134.6601,65.6220,-39.7560,-53.1807,-281.6629,-539.4608,-85.3714,-103.8265,-43.0846,-55.4867,-23.3728,-88.5670,-128.9519,-115.9698,36.8856,-90.2480,-97.6611,-316.3246,-179.0241
-158.5992,43.6412,-36.3941,-83.5129,-136.1729,-452.6314,-11.6669,-69.2240,-12.7762,-82.5804,-5.3313,-69.2659,-67.4768,-115.8689,42.8546,-87.1211,-107.7965,-229.1567,-117.0054
-128.7790,53.4263,-6.4222,-111.5766,-38.0739,-299.0347,-15.0130,-25.0705,-14.3699,-80.8152,41.6219,-68.2435,-51.8819,-123.9916,-0.6092,-66.9301,-102.9702,-135.4715,-48.9938
-99.2384,61.9028,-10.0277,-121.0107,6.7663,-142.2073,-55.5786,3.8229,6.9965,-78.2376,65.8734,-92.1047,-75.2556,-85.1157,-0.0426,-42.8774,-101.8526,-64.0691,21.1854
-143.3165,46.3260,-85.8333,-157.3734,41.8775,-14.7549,-2.7768,39.4479,130.8318,-36.7664,34.3754,-99.0541,-72.1544,-10.0509,81.7068,7.7656,-118.1090,-28.4139,105.0913
-206.5386,-15.2024,-162.7266,-204.7557,65.9479,64.2036,132.0960,112.1789,328.7831,90.0383,-17.1843,-62.2954,-40.8156,60.1228,150.0716,83.5898,-118.0673,-21.7973,179.2458
-199.8775,-96.4920,-155.4815,-177.2104,56.4653,70.7648,183.3454,179.7381,390.5684,191.5229,-35.5552,-14.0238,-43.9140,95.5391,131.0581,122.2054,-57.9991,-47.7327,188.4451
-153.3485,-123.0570,-82.4778,-80.5657,-18.6948,-0.2722,80.4221,174.2123,251.4487,171.8526,-17.4203,13.0625,-111.5532,68.4311,63.2881,111.0934,44.2668,-116.1764,104.8851
-103.5625,-49.9023,-0.7137,14.6182,-161.6607,-110.0497,-68.4732,98.9589,156.7061,116.1376,6.4140,42.9712,-221.4640,31.7321,12.8653,104.7504,148.8600,-200.9601,-24.5181
-10.1609,85.3961,65.4639,99.4562,-288.6093,-197.1721,-169.2876,11.7129,182.2411,84.5822,19.6387,118.0160,-309.6476,76.7373,-6.1837,102.3189,234.9225,-255.1550,-126.6913
101.2950,183.8367,87.5680,165.1763,-328.2229,-226.8256,-239.6523,-39.6918,114.0848,31.0808,22.2263,210.0047,-303.7888,143.8559,-5.4821,74.5156,257.0746,-257.1664,-178.8167
134.8811,196.1358,50.1505,157.2193,-313.8436,-220.1279,-280.8412,-40.1621,-24.8792,-12.9532,20.3574,235.4346,-224.5011,118.5558,17.7801,55.2906,175.7896,-216.9766,-191.0183
78.6448,188.0663,-5.5540,81.9812,-284.2301,-225.8140,-239.3807,-9.3741,-16.9556,13.3197,21.6636,186.1958,-171.5676,55.7538,59.0614,59.7409,39.5033,-163.9346,-168.3078
4.4436,214.6421,-35.1577,13.7458,-238.4435,-257.0257,-135.6497,18.8936,59.8815,45.4844,16.9219,136.7917,-161.8772,31.4473,87.5689,45.6448,-64.5918,-130.0341,-130.7305
-11.9764,223.3022,-40.9850,-22.8296,-217.0150,-291.9777,-66.3857,20.4400,7.7075,11.9781,-8.3982,105.0260,-125.5921,-24.7276,83.0900,24.0330,-114.8037,-133.4708,-103.2885
57.1502,178.7750,-54.4876,-70.6260,-243.7755,-321.1435,-71.3565,-11.5605,-122.1551,-50.1756,-37.2476,53.5682,-58.8115,-126.7260,53.2880,30.3673,-150.5002,-169.8040,-77.9043
128.6368,147.6030,-96.7108,-145.8392,-229.7621,-317.5315,-112.2579,-39.3444,-195.4665,-81.2387,-35.4631,0.3837,-14.3237,-159.4254,6.2016,25.2530,-195.2773,-185.1242,-44.9281
109.4147,182.4311,-126.4064,-185.6875,-96.2300,-216.4659,-130.6106,-3.2434,-164.8085,-58.7859,-1.6183,-13.6479,12.4872,-103.6132,-42.8697,-9.5085,-207.4727,-98.7507,-19.4646
72.0182,237.1733,-80.8996,-127.7482,105.0392,-22.7116,-73.5723,80.4150,-52.9625,-9.6314,25.7712,13.7558,61.4037,-38.6799,-61.1484,-8.5979,-123.6357,81.7731,7.3091
112.5602,233.2265,-1.7185,-15.3804,289.7323,165.1086,37.7523,143.5527,-4.8661,2.2196,17.6235,71.3697,134.3921,19.6829,-53.0759,37.8384,34.5044,258.5467,66.5244
153.1257,170.3875,33.3666,72.5057,433.9866,306.0020,100.5204,193.2369,-101.7293,-7.7870,9.8981,115.1362,199.1552,76.4703,-59.0053,66.5433,171.5079,392.9750,153.3912
122.0594,147.5800,75.2014,148.2860,532.9099,437.4814,95.4722,272.1740,-154.7522,50.8643,56.3315,101.6380,215.9884,112.8871,-61.9433,81.0273,252.3307,499.7646,242.0905
88.6571,214.4454,167.7854,236.0286,567.4313,537.1498,113.1300,349.8279,-52.9559,150.0843,105.6211,99.8998,170.7096,150.1652,-17.3806,122.2270,313.4123,531.1296,314.8535
69.5316,269.4931,195.1143,287.8043,528.4230,556.8022,153.6562,376.8527,2.2380,171.4994,71.9756,175.1058,101.3186,201.4301,32.8779,158.6320,369.3456,476.4328,338.8671
13.8175,236.8262,117.6275,306.5824,441.0763,539.5455,136.9127,337.0356,-85.7508,122.5095,32.6824,230.9278,59.2494,237.1926,37.1288,153.9050,416.4713,443.2185,290.8126
-18.8522,193.8143,86.1479,350.3355,347.5801,517.3969,84.9049,214.8696,-138.5792,86.0937,99.7726,204.2411,57.2793,257.5684,47.2220,136.6331,447.2248,437.6972,199.7513
33.5314,186.6873,129.8564,360.2548,250.7798,413.1385,48.1080,53.1398,-66.5804,57.2135,155.9910,175.9077,72.9434,246.6081,95.0493,119.8165,408.4112,310.1877,106.2258
77.7639,148.6279,100.3618,239.8514,130.2409,203.4047,-2.6892,-40.3556,37.7998,12.2965,54.7998,128.0225,74.4496,150.4500,106.6987,81.4967,266.3294,75.5801,28.5084
24.1201,72.2309,-2.4441,64.2010,44.0661,28.0765,-34.8658,-52.1563,96.3928,-8.5911,-69.8219,-13.7846,63.3688,31.3259,69.1684,46.4679,96.6322,-39.2199,-12.6948
-81.0317,12.3627,-40.6343,-30.6326,93.0759,10.5583,43.8170,-59.6739,108.0494,17.3034,-40.1599,-112.6673,93.6811,6.3116,79.4925,47.2041,-6.5130,37.1136,-9.0308
-155.5215,-34.6902,-17.9503,-44.7110,242.0492,100.7715,179.9159,-61.9886,143.5581,48.8574,57.2289,-50.4675,182.0604,20.9085,156.9231,25.5013,-34.0673,137.2487,16.1079
-154.6984,-59.5236,-20.2854,-36.5544,334.1494,182.0064,245.5717,-21.2079,220.9776,33.5192,73.0840,8.3191,245.5561,-13.5387,217.8743,-74.9179,-16.9490,157.3654,42.7153
-88.4852,-20.7632,-36.1797,-17.0897,308.1215,227.5544,241.8591,25.3547,207.6312,-19.1524,21.2292,-41.0759,215.3662,-22.4952,230.0305,-157.0447,6.1181,154.3575,56.7696
-33.5677,24.8530,-43.1597,0.3635,243.6856,271.6339,227.5893,51.9027,131.9690,-25.5153,-35.2075,-55.6999,133.6086,21.0322,217.6440,-82.6554,-8.7649,169.5018,44.8021
-24.1532,15.9200,-65.1313,-12.1667,200.6960,294.6720,212.2625,74.8006,237.6729,27.3963,-69.7551,0.7861,73.5628,6.8490,182.1041,88.6020,-46.6892,166.4557,26.0048
5.9884,36.1707,-79.1136,-50.1308,154.3316,243.2094,183.6239,58.2379,374.0346,8.8254,-70.2344,8.0580,42.2937,-47.4475,117.5045,145.1696,-57.0310,125.5633,2.6524
65.6951,136.9048,-55.9053,-76.7736,79.2068,152.1476,93.7537,-17.2493,101.6113,-115.1602,-69.8703,-7.1337,-11.1068,-25.0828,33.9537,14.3872,-51.0005,94.9473,-74.9245
67.4123,211.4336,-36.9834,-43.6015,3.0628,131.6927,-67.0328,-63.5707,-367.9940,-166.2597,-97.7482,54.0083,-114.5519,31.1634,-45.7228,-138.0927,-43.9707,133.1727,-166.4540
21.3124,203.7627,-32.4440,57.7426,-26.5641,197.5775,-148.7006,-14.4384,-417.7022,-65.7662,-102.1320,125.8121,-192.3767,29.6135,-89.0354,-130.6852,14.8880,209.6461,-129.2565
42.7653,181.4457,37.8901,140.9527,10.6338,221.9998,-48.1125,76.2353,-127.5702,31.4793,-36.6582,84.2653,-137.8452,5.6909,-101.9853,12.6812,114.2017,218.9396,24.8455
135.1479,163.3555,211.7496,115.8132,97.1428,123.7690,81.1392,127.0825,23.2768,36.9958,85.9542,-68.7827,8.9736,-8.2077,-115.6627,112.3143,139.6026,141.7676,115.0452
185.2747,124.7458,402.6460,24.6941,198.4106,16.8417,103.2456,118.8162,69.4212,28.1792,251.9255,-202.8528,114.2885,-8.4760,-85.6569,50.7793,69.4852,89.7767,101.8030
161.6240,94.2987,493.2234,-28.1776,287.8246,54.5704,114.6562,105.3789,170.9213,31.6786,402.6048,-185.2702,165.1503,70.7464,27.9386,-114.1922,11.8924,126.6200,110.4780
121.7719,71.2455,448.8802,-35.8834,357.8069,191.8364,186.2683,150.7995,118.5766,19.5211,433.0500,-67.3855,219.6884,197.0330,111.7172,-222.0397,-1.9213,183.9350,165.0352
67.2426,11.5038,333.2748,-57.1418,408.3118,267.5850,244.0302,219.1673,-104.8443,47.3706,355.4989,-32.6779,241.0973,198.5275,78.9031,-151.5300,-48.1082,211.6783,179.8161
-32.6634,-38.4981,232.3467,-87.9990,424.9768,269.6487,263.6227,221.1476,-161.6404,151.1901,280.4902,-92.8232,195.7538,72.5416,44.0594,47.1755,-127.6845,249.3239,137.4642
-117.7272,-1.9516,182.0136,-73.5587,399.9792,303.5060,267.4764,171.4512,18.8641,219.6431,242.2846,-109.5172,156.8817,3.4741,67.2118,158.3613,-132.5343,305.1772,95.8469
-93.5266,71.6647,188.7191,-1.5265,372.4181,357.6667,224.2688,141.5545,201.2847,141.5584,237.6116,-94.4556,162.2944,25.7074,31.3265,69.9675,-2.6977,326.1107,107.1839
22.5777,102.6169,257.4001,92.8533,378.3105,337.3899,151.0708,129.6120,265.7177,-12.6484,283.0836,-131.1248,156.6689,26.5499,-44.8910,-45.9469,183.3471,307.2122,173.9343
133.4556,110.0660,342.8085,175.6881,379.5682,259.9564,131.0913,125.1356,225.0126,-86.7106,317.6159,-151.5595,121.6284,-8.8154,-8.2342,-36.0305,297.1283,295.7943,233.0570
188.1751,107.6110,355.3527,215.5254,329.1855,209.6204,158.4337,152.2622,133.9387,-69.7155,277.9905,-109.8815,83.7916,-46.0110,59.9813,-27.9818,300.5199,297.0481,231.1038
188.1721,59.5946,270.5253,187.1447,242.6049,182.4727,136.0888,175.4888,69.3431,-83.4113,228.2458,-113.8618,30.0419,-103.2966,-26.6791,-112.5548,249.9223,269.1204,187.4378
144.5955,7.6897,149.2152,115.3095,125.8919,105.4261,23.3215,136.1017,6.8707,-147.0368,200.8655,-187.8533,-57.4027,-155.1780,-166.2751,-133.1303,179.6952,174.3429,116.5703
80.2469,21.0301,36.1920,52.4478,-43.2217,-62.3578,-103.0029,50.2750,-86.0376,-162.3229,121.7137,-212.7067,-153.0554,-164.0538,-184.4424,-58.4465,82.4749,1.7091,3.6880
10.5639,39.7343,-64.5168,-2.7026,-207.7566,-270.2475,-142.5943,-49.8827,-115.4802,-129.6299,8.5552,-165.1986,-225.3470,-190.8086,-179.5204,-75.7430,-16.5451,-200.9444,-112.8150
-64.7608,-20.6434,-144.1016,-93.1688,-270.0894,-391.1843,-125.3747,-148.0624,-98.3997,-134.9710,-57.4976,-152.4822,-260.1883,-255.7214,-256.7973,-167.1845,-101.4329,-337.8313,-183.9897
-126.2058,-113.3867,-211.4485,-219.0513,-241.4797,-354.5828,-157.4336,-192.6268,-177.3955,-173.5658,-108.8153,-218.8105,-251.8920,-238.8147,-293.1379,-148.0811,-214.1919,-360.3192,-219.7540
-168.0077,-175.5847,-293.3518,-322.3097,-179.5584,-214.1523,-187.2940,-162.7967,-289.5262,-205.7544,-169.6439,-281.4058,-199.0879,-93.9004,-231.7097,-83.0587,-336.8963,-285.0993,-213.8536
-243.9494,-233.8973,-366.3632,-344.4588,-62.5025,-21.5415,-90.0406,-115.4203,-316.3973,-248.6518,-184.7757,-253.5292,-111.0126,42.3264,-199.5782,-133.9862,-379.1951,-131.9477,-154.0710
-365.5592,-300.5287,-388.6549,-293.6658,101.0729,195.6158,42.0062,-85.5839,-342.5960,-276.2742,-197.8128,-167.0775,-30.2085,57.4138,-222.4836,-219.9090,-359.2616,34.1271,-117.1973
-431.1287,-335.0600,-379.4137,-247.8177,189.8667,312.9792,52.5847,-76.6990,-363.6881,-238.4579,-266.5697,-117.6650,-13.0713,-12.2439,-216.6947,-222.5934,-362.4180,90.8760,-158.9434
-370.1008,-317.4752,-357.7356,-236.6700,143.2499,238.8024,11.6944,-111.1119,-267.4488,-185.1526,-275.8234,-111.3098,-63.8605,-83.5502,-219.6952,-189.2557,-331.6443,33.8664,-197.4693
-250.2313,-251.0047,-296.7861,-185.8785,44.1056,106.3809,14.0782,-151.3260,-176.0616,-164.2527,-170.6179,-93.0060,-149.4468,-112.4839,-284.1542,-157.4307,-188.7896,3.6436,-165.0592
-172.8132,-172.9105,-225.4180,-76.8040,-47.7976,57.8497,-16.9179,-122.7353,-179.6043,-139.6354,-112.3424,-78.6771,-255.9037,-110.7840,-311.4078,-138.3373,-49.1740,41.1277,-119.1255
-170.1378,-156.9696,-215.0928,-10.2559,-159.2556,15.0305,-109.4570,-80.7303,-119.7890,-139.6499,-161.1509,-96.1669,-351.6240,-131.5559,-254.9295,-210.8490,-26.5319,48.4403,-116.1295
-220.1809,-186.1718,-236.3598,-13.3740,-277.3052,-95.8127,-184.5880,-122.6478,-62.2315,-226.6468,-179.6695,-103.8264,-386.5573,-184.0068,-238.3989,-344.9324,-35.7628,16.2509,-129.4974
-280.0204,-169.7014,-217.4430,-7.9032,-333.6217,-168.0461,-242.5327,-174.6749,-188.8078,-311.9555,-136.6252,-94.3121,-385.6117,-209.4934,-305.9708,-368.7601,-4.7252,17.3134,-109.2485
-305.5846,-161.9996,-182.8076,-1.2431,-321.8199,-141.8293,-308.2546,-128.5018,-265.4445,-299.4425,-120.7748,-120.8488,-405.6241,-208.1697,-349.6661,-267.7564,-4.0117,22.0731,-55.4496
-275.0476,-275.8985,-170.7329,-51.5206,-313.6951,-129.7295,-347.0987,-70.3771,-169.6819,-294.0251,-130.1496,-180.9025,-421.0820,-267.3812,-351.3875,-216.9560,-67.5317,-30.1425,-57.4541
-219.2356,-402.7716,-167.0890,-109.6087,-349.3840,-217.0384,-370.2076,-139.6976,-295.8165,-404.9877,-135.4242,-225.7826,-394.4765,-393.3380,-388.8428,-287.0074,-151.7934,-78.8000,-190.6616
-228.5974,-394.4794,-200.4868,-117.9787,-362.9035,-330.2274,-379.0561,-291.8561,-640.3643,-538.9005,-166.2934,-235.5844,-347.2005,-464.6714,-419.7562,-369.6544,-239.8160,-37.9440,-346.6692
-350.8259,-367.6411,-295.1888,-119.1708,-253.5723,-333.1516,-286.7737,-363.9727,-651.8489,-565.1169,-205.1603,-206.9378,-271.0284,-412.6901,-349.3091,-359.4373,-301.3284,67.8888,-346.2870
-483.9183,-453.7766,-363.2052,-145.2948,-31.8308,-179.0397,-108.7975,-284.9888,-355.2310,-494.2804,-205.9675,-166.3088,-145.1910,-311.7251,-231.3082,-273.3089,-294.6044,149.1021,-210.6692
-508.7501,-534.4733,-345.3379,-176.2655,174.7532,32.2319,16.4870,-135.9784,-245.8713,-416.5210,-195.0229,-168.9328,-41.1293,-255.2970,-172.7841,-204.1664,-272.7134,157.6023,-104.1405
-473.2170,-524.1475,-318.8911,-208.1860,278.7192,171.3879,74.2987,-29.3140,-266.9445,-383.3244,-198.3632,-204.9093,-22.1382,-241.3241,-157.0171,-172.0169,-300.1387,125.7973,-74.2644
-469.3261,-548.5226,-334.4900,-238.0086,296.4916,223.3867,137.5687,25.0493,-137.7181,-362.5431,-197.7655,-219.0394,-31.2589,-208.3243,-116.4769,-105.7196,-332.6359,98.8468,-42.2725
-465.9373,-657.6035,-353.2440,-267.6356,251.5727,227.7066,179.3509,84.9926,-30.8128,-301.7376,-209.6299,-222.3480,-24.6138,-146.0476,-58.6138,-32.9155,-334.0110,44.7030,37.2098
-431.7679,-730.7604,-366.6227,-331.1041,146.6190,174.5107,171.4591,152.1119,-87.3672,-231.7101,-243.9247,-238.1221,-56.5411,-122.8837,-26.1178,-77.2811,-339.0244,-70.6978,141.0063
-422.7585,-732.9413,-382.7910,-410.0742,23.7247,78.4167,167.0562,186.9612,-108.1440,-210.4375,-248.5243,-229.6089,-151.0874,-171.4329,-29.3574,-196.2660,-336.3045,-170.6583,237.0348
-442.1617,-748.4711,-375.7637,-433.0838,-70.7974,18.3391,167.2326,193.2921,-27.1972,-205.3601,-217.2291,-190.3120,-254.1663,-223.2086,-66.0811,-220.0998,-291.8740,-194.7727,305.2540
-427.4534,-774.6289,-349.5365,-407.2634,-150.4921,7.6379,115.6539,173.1485,27.6962,-182.4274,-201.4503,-168.8747,-332.8806,-234.4972,-145.0578,-161.0340,-244.8962,-219.6443,307.6558
-380.7981,-729.6928,-315.7660,-379.9206,-237.4277,-33.0135,3.3576,81.1925,6.0205,-203.2434,-182.0354,-183.1080,-400.1059,-254.3417,-257.5503,-162.5107,-225.7715,-282.9322,197.6642
-329.2603,-632.9595,-236.2288,-331.2078,-301.5512,-126.5089,-141.2800,-77.0297,-102.6069,-285.2127,-117.8655,-219.4312,-450.2979,-285.1761,-353.1860,-222.9901,-202.2570,-286.8795,17.3264
-247.4422,-594.4486,-117.4598,-262.5149,-296.1652,-195.7366,-269.7557,-206.7104,-255.5613,-337.3044,-64.8177,-251.3282,-448.7791,-260.6666,-384.4426,-251.6905,-170.7261,-208.5548,-107.3365
-149.9328,-639.4215,-37.7731,-241.9418,-217.2748,-187.3348,-330.5005,-252.8258,-341.6787,-326.8897,-78.0739,-232.8844,-394.5698,-210.1636,-363.2260,-246.5580,-160.1109,-161.0778,-139.6458
-119.5960,-678.2158,-20.9258,-285.6806,-112.3535,-130.1164,-334.9410,-249.9288,-385.0791,-303.4677,-107.4675,-173.8634,-337.9474,-215.7562,-329.7690,-228.1381,-173.4239,-179.0765,-146.2848
-175.3359,-655.1300,-33.5532,-348.4247,-25.4326,-57.6393,-304.4470,-217.3133,-446.5148,-256.8154,-95.5625,-144.0984,-293.0031,-230.5803,-301.9279,-181.9630,-210.3672,-177.8474,-127.0428
-238.3474,-613.6144,-60.9862,-389.6309,55.3688,31.8995,-206.6486,-145.5382,-402.7576,-163.9278,-58.1435,-146.8892,-216.5734,-175.2548,-287.5141,-144.4227,-252.5138,-127.0745,-50.5649
-248.2739,-610.8444,-81.8239,-370.5390,136.9076,114.9177,-76.2758,-86.4878,-219.4760,-95.5810,-42.3795,-139.3670,-140.7069,-103.8139,-277.4625,-159.8839,-240.1325,-81.8354,9.2678
-233.6802,-657.9471,-87.9106,-302.9361,151.9281,144.6842,-24.5764,-102.9406,-110.3648,-101.5255,-86.6331,-134.7323,-169.2668,-84.0273,-237.6996,-168.6349,-170.8625,-68.3391,-6.4524
-253.5780,-720.0212,-121.1265,-254.5191,74.4007,145.6139,-45.5300,-149.5100,-172.3077,-126.8800,-173.3308,-126.8115,-272.2497,-92.2754,-184.3999,-107.5700,-117.0309,-47.9336,-28.2625
-302.7211,-734.2029,-172.0825,-216.6722,12.4352,180.0292,-37.4289,-144.9478,-274.0751,-134.5128,-220.9574,-69.7320,-304.6161,-118.0259,-176.1691,-48.5132,-96.4853,13.8286,-7.5374
-327.4660,-685.0900,-179.9805,-143.5637,30.3397,209.7632,9.4645,-105.1462,-295.7648,-129.6815,-210.0962,-21.3059,-254.1006,-163.9404,-180.2841,-83.4345,-84.8425,78.5105,10.3707
-330.3678,-632.6802,-181.6362,-105.2502,23.4190,145.3280,41.2333,-89.8617,-197.0943,-74.5088,-226.0356,-77.4627,-228.7432,-180.9543,-126.9256,-165.7850,-117.8556,73.4971,-11.1289
-361.6003,-611.8876,-247.1384,-163.2720,-86.4901,6.7999,30.1600,-113.4287,-78.1686,18.0512,-292.4392,-186.0229,-254.1222,-180.1245,-81.6495,-198.2859,-217.2855,0.7916,-88.3013
-410.2468,-610.4601,-322.6890,-236.4956,-212.1293,-120.2920,-51.0494,-175.9986,-158.4211,22.4066,-325.6298,-247.5654,-283.1241,-240.9552,-124.0450,-181.5829,-314.8976,-74.3615,-223.0007
-423.5744,-643.7130,-339.5109,-270.7287,-254.2716,-214.6714,-182.8109,-265.3770,-395.6017,-77.8941,-304.0423,-267.2288,-287.7750,-318.7971,-171.5356,-171.1417,-360.7237,-125.1683,-344.6974
-402.1186,-693.7221,-328.8005,-300.5417,-216.8865,-279.5240,-270.9874,-323.3185,-466.8874,-127.0768,-291.6756,-261.9330,-245.6707,-301.1984,-159.7520,-177.6550,-377.6811,-148.6133,-386.3436
-370.0473,-671.5587,-318.1283,-308.0302,-144.4438,-287.8692,-295.2988,-321.1204,-347.0438,-94.9633,-300.3892,-219.5106,-175.1503,-235.8815,-176.5750,-178.2489,-385.6864,-126.1276,-386.5645
-326.9107,-582.6329,-311.8985,-278.4902,-87.5162,-248.5215,-348.6570,-310.6629,-352.2390,-125.2880,-304.5498,-182.7516,-153.0541,-228.6717,-255.2133,-161.1732,-394.7016,-93.4135,-398.9955
-289.5396,-531.1898,-351.8238,-270.8006,-87.6873,-207.9571,-458.0190,-322.4637,-534.8964,-216.2215,-321.9192,-175.4204,-191.0958,-235.3299,-315.4263,-144.5751,-417.1369,-107.1351,-407.6059
-276.7965,-511.2523,-416.7052,-265.2346,-112.9856,-161.5334,-521.7110,-309.4862,-609.8558,-216.2250,-354.6967,-130.2119,-223.9003,-176.7576,-346.8138,-168.8125,-410.0740,-102.7807,-383.9408
-248.8849,-460.8214,-397.1733,-177.5821,-93.9778,-70.2901,-469.2403,-233.9461,-464.4651,-126.8512,-355.3196,-32.5223,-242.6832,-84.2197,-377.1174,-226.7761,-313.6874,8.3935,-323.4779
-169.5037,-440.4945,-278.7735,-47.0126,-39.2554,39.9607,-383.0364,-130.1102,-312.2021,-63.9753,-308.7713,31.7023,-273.3742,-11.2156,-356.3798,-243.2393,-173.8633,134.3664,-254.5237
-91.3811,-495.8265,-175.0469,27.8163,-19.5525,91.1056,-391.6077,-65.9748,-326.9117,-22.6917,-254.9359,36.6104,-293.3430,23.9264,-274.8827,-193.4009,-101.3911,137.6939,-234.9829
-82.1409,-538.3258,-150.4171,38.0380,-60.5308,73.1117,-463.3894,-56.2358,-356.0214,49.0634,-227.5651,36.9607,-295.5820,6.5037,-210.5777,-132.8449,-108.8740,83.6799,-246.5201
-109.5958,-528.2395,-149.1482,26.9532,-118.9093,67.4256,-454.1425,-28.4291,-183.6260,114.8685,-219.9592,37.5114,-304.3826,-36.6200,-189.7878,-69.5938,-99.2732,118.0863,-183.1347
-87.9463,-515.7255,-83.8199,55.2673,-137.5652,107.0680,-375.2023,58.7433,13.6646,141.1523,-187.8568,9.6574,-303.1461,-47.0196,-202.9031,18.5581,-10.8364,219.4062,-44.3460
-10.0884,-478.2473,57.4817,160.5995,-101.7066,114.9688,-358.6189,124.8883,-84.4718,147.2705,-103.6914,-16.9481,-280.7359,-31.2642,-269.7060,67.0653,108.3222,264.1920,49.4448
47.4279,-375.4892,173.7529,251.6554,-52.9800,57.8758,-368.2968,122.2118,-298.1417,153.0947,-27.9533,-10.0536,-266.0746,-39.2257,-333.7725,26.3344,169.1546,219.8078,79.9697
45.9562,-279.0172,162.1337,224.8086,-32.1831,26.6690,-272.3632,145.3992,-198.1706,200.3318,-41.4167,-9.8806,-236.9946,-62.0625,-291.7631,-19.1222,139.1872,148.8809,138.1108
25.0795,-272.0008,60.3918,150.7328,-17.2785,76.3466,-111.5273,243.6010,120.5231,311.2898,-110.1768,-56.4689,-148.5207,-47.0807,-184.1664,12.9793,62.6531,113.4998,225.2837
13.4279,-346.2506,-10.1047,112.9418,40.4332,138.7156,-0.9463,314.5974,220.5258,395.0468,-138.4196,-118.1998,-45.2392,15.9980,-121.9795,96.1617,-1.3786,121.3931,249.7304
-7.5031,-446.2993,-4.3266,51.7552,130.0640,146.8628,47.8367,288.4304,69.2788,368.7040,-115.0471,-158.4131,13.1626,74.0577,-87.5398,173.8713,-44.2347,115.7229,176.1586
-49.1038,-515.2169,18.9214,-51.7244,171.4980,101.1188,40.1542,213.9003,-11.1960,287.6862,-95.7915,-188.9772,44.0333,75.2085,-21.4764,196.4799,-96.0472,43.2383,62.5311
-100.1783,-536.6753,-15.6386,-117.9209,109.9974,19.8387,-19.8112,141.1946,81.3697,206.2326,-105.3189,-208.2979,61.1097,47.9810,41.2408,143.3201,-159.8816,-56.2433,-20.0566
-140.3811,-543.8094,-110.2694,-141.4180,0.7009,-71.1012,-60.0583,75.8732,136.3928,99.6352,-132.9548,-189.3518,49.2579,63.7514,61.0452,83.7025,-202.7105,-106.9383,-77.1992
-145.1612,-531.7353,-187.2012,-155.0625,-62.9993,-151.8507,-64.0307,3.8884,-11.9915,-4.2893,-162.0688,-160.7237,30.0697,113.7437,48.2993,78.5997,-210.4686,-118.0443,-171.6836
-123.0193,-458.3911,-187.0431,-123.2295,-81.2547,-226.4615,-100.1519,-89.9697,-247.9402,-50.0307,-168.4460,-170.2335,21.4507,127.4949,3.5302,76.9385,-186.1947,-131.4552,-282.1705
-106.0594,-349.5783,-116.0788,-37.2097,-98.1044,-261.8148,-140.7167,-162.0937,-330.9780,-72.7411,-129.3634,-168.7869,4.1181,104.0255,-56.0743,56.2008,-110.3676,-106.2139,-302.6257
-72.8647,-255.9581,11.9131,61.7741,-87.5838,-204.1124,-119.3301,-148.7217,-235.7260,-102.3237,-45.1856,-82.3870,-11.7423,102.5811,-85.3907,75.3081,13.9544,-4.8127,-237.0528
10.4996,-171.6439,160.8439,163.3695,-40.9492,-110.5543,-108.1978,-103.1608,-165.7159,-103.0191,46.6103,34.9101,-6.7418,134.2206,-96.3868,102.8135,112.1170,79.4525,-213.3370
83.6602,-117.5804,237.0028,225.1454,-48.1485,-102.3618,-173.3185,-124.8676,-225.7561,-101.5560,86.0416,67.6671,-12.0073,155.3307,-123.9411,57.3805,112.6145,46.4651,-270.9089
72.9360,-150.7119,206.6270,169.1314,-140.9783,-181.3369,-229.6824,-194.0275,-296.1294,-153.1515,60.2389,0.2330,-36.5364,133.3110,-125.9433,-13.0685,26.4001,-45.7839,-324.3269
13.4141,-238.1754,147.2687,32.0998,-223.3950,-265.4401,-211.9183,-266.6787,-246.2013,-205.8576,27.3684,-93.5793,-41.9700,82.3561,-68.5996,-43.7328,-88.1319,-98.2988,-332.8791
-34.9708,-298.2314,98.8839,-73.5346,-250.8696,-337.8776,-168.0048,-382.7315,-120.7573,-205.3520,17.3901,-150.3029,-42.7926,44.4976,-19.3917,-79.3381,-175.2517,-139.8602,-341.0629
-69.6220,-315.1449,35.3319,-115.8340,-269.0651,-404.9024,-133.1015,-515.7798,-67.6090,-192.5306,-11.4351,-157.5309,-75.3995,29.3770,-22.7733,-119.1129,-195.1590,-221.8556,-366.7628
-87.5874,-287.6891,-18.8638,-109.3914,-272.0880,-416.6714,-100.2243,-535.9843,-111.5056,-178.3151,-71.3267,-149.0854,-99.7070,18.5468,-26.7972,-87.6190,-153.9521,-282.5107,-367.4227
-87.0955,-208.3053,-30.3628,-69.7840,-235.4923,-348.5310,-81.4504,-420.1545,-136.1112,-136.5616,-114.0357,-154.1041,-88.9963,36.1206,-16.8080,-13.3548,-102.0210,-270.1620,-312.5698
-95.9919,-141.5447,-35.6807,-61.1233,-206.7093,-257.4087,-92.2958,-279.5272,-132.0288,-112.4832,-125.5857,-149.2087,-103.1786,104.2105,-47.5146,20.7635,-77.6477,-244.8694,-218.4848
-103.8997,-154.0827,-57.2344,-110.1832,-204.5527,-189.1728,-121.6116,-167.8241,-174.6607,-114.5143,-138.3948,-109.2388,-151.4575,168.1559,-103.9728,40.4210,-84.5878,-227.0844,-102.8544
-74.3269,-200.9143,-68.9203,-127.9611,-174.8735,-114.6226,-126.5311,-47.0588,-160.5887,-40.4391,-155.3204,-56.6374,-149.4159,196.7756,-104.3282,92.6317,-105.1455,-137.1320,25.9512
-37.5200,-207.0564,-73.3825,-65.8431,-124.1000,-16.6998,-68.7710,82.3706,-9.5356,110.5922,-156.9506,-13.8089,-84.2395,224.3858,-48.1055,134.3225,-111.9149,5.8099,112.6550
-28.4436,-169.4795,-90.8491,-8.2266,-128.5160,26.7521,-0.9962,146.1315,55.7960,193.4081,-154.2200,15.2693,-42.4321,215.2355,-12.0545,128.1174,-102.7487,48.0802,96.6206
-6.5221,-120.8733,-112.8008,-18.8445,-197.1143,-47.5945,-10.1946,101.2795,-54.0701,183.3635,-168.9330,20.4867,-51.2948,125.2625,-16.6007,105.3027,-107.6728,-43.2968,34.9653
38.0089,-87.7028,-130.4832,-52.6216,-257.7495,-148.8691,-41.2122,24.5795,-20.5872,208.4470,-193.6625,21.8098,-51.7935,69.0080,-18.7284,95.0659,-126.8012,-119.2587,41.2893
39.9895,-80.6342,-137.3762,-52.9445,-253.5073,-160.8951,27.4165,21.5668,258.3057,290.5843,-198.9695,48.4041,-12.6192,124.9886,-2.2728,102.6789,-118.9922,-100.4853,99.8962
-5.8395,-82.7899,-111.0385,-27.8723,-191.2415,-145.6554,144.4541,51.0698,409.7776,306.6060,-169.3728,38.7390,44.9024,141.3340,18.9579,137.7637,-75.4387,-69.7608,92.6060
-26.1129,-76.3463,-46.1115,-23.4339,-123.3944,-218.8649,161.7144,-19.4950,261.2818,200.2990,-125.6913,-75.2318,104.0520,24.4209,48.4177,184.8514,-34.2415,-89.7344,-13.5125
0.8375,-56.2770,35.7987,-48.0107,-78.5066,-322.7391,91.9678,-177.1324,93.9126,64.6310,-94.5575,-197.3626,165.1749,-68.2459,89.9280,189.7030,-22.8932,-118.2868,-135.2212
24.4230,-10.7477,107.6244,-43.2596,-26.5186,-335.8297,62.3527,-275.8712,96.0689,4.7758,-63.3670,-192.8380,223.0515,-40.1551,119.1873,136.0370,-34.1620,-110.2300,-205.5197
18.2918,45.8166,151.9903,21.0264,45.2567,-282.2502,87.6594,-285.2487,119.5349,-4.2071,-4.5569,-108.9764,267.3432,-12.4649,117.1754,83.7057,-37.8534,-79.1277,-248.3134
20.4146,70.0828,191.7894,75.1043,97.3237,-247.3831,79.1540,-306.6682,2.7056,-57.8622,67.7749,-64.2369,298.9595,-53.3521,96.7294,75.2403,-18.3834,-63.8459,-306.5969
70.6143,75.7427,248.7358,54.7964,117.4587,-219.2587,19.3022,-348.8570,-179.8114,-135.4234,106.8599,-48.7685,323.1463,-67.0400,76.3715,80.5092,-12.7882,-82.0744,-339.6019
139.5989,103.9322,259.7978,-4.8200,123.5602,-150.6087,-16.2223,-308.8956,-230.0161,-122.8893,84.7415,-3.5349,322.8640,13.5632,75.1470,87.4976,-52.7299,-109.6512,-275.0313
164.8067,114.4597,176.8415,-46.5514,94.2719,-69.4896,8.4400,-180.9408,-102.0231,-30.0796,15.3593,51.7517,277.5092,129.6578,120.3710,127.7491,-87.9502,-114.7690,-149.7326
143.1840,77.2926,92.6519,-54.8079,19.9763,-32.4111,48.3741,-80.9176,64.6829,26.3871,-50.1469,78.4185,223.8899,190.2474,193.0927,176.8382,-56.3948,-102.7114,-61.2662
117.6321,75.6849,92.3930,-22.7971,-39.4570,-28.4851,72.1871,-51.2626,164.0508,26.6090,-59.6283,84.9653,226.1207,186.5611,211.2411,186.3765,19.2988,-90.6922,-16.4611
109.3201,139.3302,125.1396,33.4777,-52.2299,0.1993,83.8707,-19.2863,152.7944,20.8494,-16.4088,92.1691,261.6482,193.4396,151.8725,193.5804,77.6135,-79.4618,27.5241
136.4401,163.9894,151.5486,53.3878,-66.9844,66.1046,65.6476,55.6594,22.6274,13.7925,26.4994,102.4622,245.5666,241.2649,110.4198,237.0598,86.3883,-81.6545,72.1039
211.1849,128.2775,196.1489,6.7481,-109.8058,123.4234,18.7585,149.1692,-39.6508,31.0955,32.9224,103.1997,182.2964,269.6830,149.8609,265.6930,42.9265,-114.8837,125.6270
273.3263,128.9833,223.7102,-63.1204,-143.9904,129.7748,0.1476,235.3766,131.6742,111.6421,11.4492,87.8747,156.7019,255.5361,213.8371,251.4554,-14.9880,-165.2272,191.1604
249.8398,155.9685,188.9485,-109.1869,-149.0073,67.6766,14.8053,262.4633,270.2209,182.7239,-9.7685,74.5088,176.4336,240.3932,253.5650,231.3481,-37.0648,-214.9533,196.6098
171.4270,127.9002,125.1778,-126.5907,-150.3229,-49.8533,-12.3135,180.5299,99.4863,159.6690,-13.6735,68.7186,170.0310,212.5326,274.5341,213.1027,-46.5993,-267.0612,98.4580
117.0119,95.7882,58.1602,-130.4852,-169.3320,-161.5947,-88.4844,59.3703,-106.0428,100.5458,-15.0160,40.7119,126.2007,130.5674,249.4658,205.4410,-100.3376,-315.0928,-25.9266
106.5898,127.8053,-0.2827,-143.1706,-183.5206,-226.7590,-122.4522,4.5060,-39.2426,82.7482,-42.2525,-8.7738,100.1014,28.0818,173.5705,240.3069,-159.4731,-349.5469,-102.1830
123.8704,145.9441,10.6469,-168.0018,-145.6065,-289.7477,-67.9330,-26.6883,123.3706,80.8822,-80.6271,-32.4282,111.1795,-35.4726,137.2400,259.3260,-126.5711,-374.3563,-135.8578
163.2925,105.5877,100.3469,-160.2993,-51.9526,-373.4820,20.8146,-118.0150,174.3950,54.8995,-77.6387,-22.3939,135.9797,-52.6592,172.3671,183.3973,4.6815,-371.3931,-140.6445
220.2101,108.9086,191.9728,-96.0322,33.2168,-407.7449,69.9897,-204.2572,152.7571,2.3696,-30.4240,-17.6865,154.9702,-49.0704,184.3899,90.8105,135.1389,-320.6118,-121.5388
277.4595,193.1934,256.7328,-36.1999,58.5380,-360.3372,72.1877,-184.9485,103.3721,-47.7073,2.1354,-29.8448,146.1290,-59.4434,156.7386,85.8847,178.2740,-256.2902,-82.9298
299.8984,258.0696,296.6997,-25.8224,40.9657,-289.0810,82.4328,-95.0583,106.5981,-30.2080,-5.0371,-42.9512,89.3901,-95.9211,179.4915,107.5514,144.1265,-209.1189,-18.9255
267.1383,253.1995,266.8613,-12.8577,0.7399,-228.1444,100.5925,-35.1794,221.8382,39.4533,-16.3090,-42.2630,8.4375,-119.3889,228.4719,65.5666,110.5572,-160.9684,30.1283
223.7794,223.9648,179.2659,34.0833,-77.7641,-179.6313,48.8939,-42.5825,260.1892,31.5919,-10.5700,-15.3454,-39.2143,-102.8590,203.3982,-7.5813,119.2074,-128.2598,10.4427
219.4688,218.2292,113.9627,62.5620,-172.6781,-159.9773,-47.7870,-67.3147,147.0811,-58.3932,-2.0664,13.1146,-22.2873,-69.5838,147.3649,-39.7598,131.5193,-145.7600,-13.6884
234.1734,279.2713,85.6451,65.6057,-197.4238,-139.2484,-50.2850,-34.4814,149.5973,-71.3571,10.9620,4.4340,43.9711,-25.7774,155.5869,-8.3185,114.4218,-150.5114,46.9630
257.3639,406.6471,91.9304,98.1242,-108.7081,-69.8070,47.5434,44.9479,298.1239,12.0558,42.6378,0.5839,124.4991,35.0345,182.9249,47.8044,101.2015,-75.1198,129.0988
323.3655,494.7558,166.1057,135.9096,19.5624,-4.3305,118.5441,80.2326,325.4711,49.2042,76.7172,54.9854,190.9353,72.4105,159.5583,59.3566,121.0549,-6.6755,143.3279
397.7995,464.8074,243.3924,108.5534,94.6727,-15.7294,142.4341,51.4608,261.0557,11.9530,88.5764,102.6686,237.5442,55.4942,134.1628,25.5361,142.6990,-51.8359,125.6069
406.3948,392.7870,218.0846,45.5392,117.1560,-63.6605,169.8085,24.3473,255.8566,-19.0771,81.7387,88.9873,275.4103,13.8680,154.4301,3.4482,131.4593,-151.9082,109.6083
382.2268,379.3421,153.5030,26.4507,124.4530,-86.3244,170.6178,20.6890,208.7325,-26.4185,70.4998,92.4799,305.0262,-20.8502,173.9721,-16.6788,105.8848,-203.5352,61.8555
394.4382,414.8080,166.0255,55.9454,109.9470,-103.6486,136.9489,10.9487,132.4135,-35.2687,69.0782,142.5971,312.8151,-38.0189,158.6061,-60.8615,100.2623,-222.9993,-15.7132
407.6473,440.6550,215.9787,88.2202,79.2789,-147.6481,124.0008,-27.4693,163.9678,-71.3315,96.4187,172.3377,299.6095,-35.5878,146.5332,-85.4688,112.0925,-261.9748,-100.3176
378.7266,435.8469,235.4348,101.7885,75.8733,-201.2956,111.1194,-103.4584,168.7002,-146.6148,143.9068,260.3131,286.3760,-33.8829,165.2399,-95.2540,129.9669,-289.3448,-179.3938
357.4784,436.2572,256.2528,122.4974,83.9489,-216.6179,63.5560,-163.8704,77.9897,-185.8664,167.0222,540.2291,283.8856,-32.0098,178.8314,-135.9474,167.8015,-249.2252,-199.3753
375.1122,488.4068,280.5729,192.1374,39.4097,-156.4115,48.9533,-123.8374,112.4935,-117.3408,145.1902,845.6274,279.2602,11.3116,156.4293,-132.6803,213.9357,-160.7562,-147.2436
377.3131,548.6848,243.0659,277.2079,-44.2990,-60.4525,94.2597,-29.2351,245.9593,-21.5407,99.9513,888.7698,258.0029,79.9152,142.0410,-30.1660,213.8908,-97.2177,-112.3379
328.3423,528.4362,140.4880,281.1765,-104.8918,-16.5553,115.6772,1.8774,260.2117,18.1439,48.5954,726.1578,222.5287,106.6156,177.7128,36.9342,169.6907,-85.1830,-113.7080
272.6674,463.6703,46.0505,211.5700,-135.7784,-18.3032,85.9941,7.6394,225.3765,52.3285,6.4783,616.5635,188.8123,104.3958,198.3637,-1.9366,153.5470,-72.8978,-52.1520
260.7844,445.4557,17.8689,174.7984,-139.8244,26.2996,65.4033,102.3974,214.3183,106.9433,2.7506,584.4383,174.8286,132.0715,141.4839,-9.5529,173.7747,-11.4304,90.0084
278.7137,444.9315,58.9626,182.7316,-87.4519,132.6400,90.3839,254.7618,154.3033,148.8850,36.5296,508.2980,194.3317,177.0498,101.1981,71.4066,172.2565,81.7079,229.7280
295.6306,436.5904,128.9981,174.7554,8.2757,223.7552,166.9416,357.4107,187.5921,202.3387,75.8624,415.8730,252.4060,197.4632,178.4514,133.4980,157.4676,154.1105,324.0096
327.1487,497.6163,177.2597,160.9747,91.3985,241.2755,257.0377,365.9573,330.9362,245.9700,108.5488,383.1905,324.3381,181.3004,274.5275,128.4492,170.9991,161.6964,344.5366
370.4928,595.9683,177.1250,153.9313,128.5948,179.2636,257.1693,281.0254,239.5951,191.8377,122.5677,366.5578,348.3468,134.0076,254.4415,84.6538,183.3996,92.1907,257.6437
365.5264,592.5711,137.2782,128.9413,100.4614,75.7446,136.6737,159.6576,-12.4158,104.0428,87.7981,326.4162,287.5120,101.1880,167.7850,21.8225,172.6651,-4.4156,123.9347
327.7851,530.4030,98.5084,142.3146,22.6316,-2.9088,3.3285,96.8977,15.3510,109.7217,28.0662,313.7078,189.9094,124.5567,106.4852,-7.0227,192.0240,-52.3083,37.2373
363.4454,561.9850,103.4547,252.5193,-16.2978,-28.3932,-68.8589,88.1844,151.7381,141.2142,20.4616,350.0856,127.2571,148.3264,47.0686,27.4751,267.5688,-44.3850,-24.9920
459.5902,656.3154,151.8035,370.5723,21.2180,-32.4925,-120.5682,48.0921,21.2705,109.0472,76.8105,385.7628,100.0275,113.9075,-19.5132,60.0856,357.5393,-30.2012,-132.2205
491.8043,695.3077,213.1639,411.5952,41.7971,-43.0451,-180.5584,-25.8739,-93.7768,97.6511,128.6641,384.3065,73.3878,74.2472,-33.6512,62.2866,425.4851,-18.7185,-248.7952
457.8012,680.4423,258.4005,414.0444,-0.0089,-46.5005,-206.1869,-60.5787,50.8948,148.2335,129.8794,348.0408,53.4827,76.8559,-10.0741,84.3661,444.3701,17.4895,-261.7469
431.6273,647.4906,248.7886,380.2277,-14.7789,-5.3726,-155.5640,-16.0297,152.4079,184.3248,90.9675,299.3951,54.7636,90.0161,-12.7866,122.4444,387.7386,71.2870,-121.5023
390.1651,599.2538,171.2818,267.1704,33.8247,97.2206,-46.9060,89.8929,138.2182,214.4315,50.2865,275.2776,62.1814,101.9802,-12.7290,132.7409,282.3420,116.1266,87.8090
324.2455,565.7632,85.2578,140.7189,66.5737,212.4138,60.0519,189.9995,226.1738,281.4432,41.5479,281.4050,74.4480,112.7159,38.6196,115.8180,186.8355,152.6712,236.0002
302.3848,555.6076,44.4123,88.0245,54.1144,273.4777,142.9790,229.0035,319.3145,328.7656,49.5177,267.8586,111.3164,84.7742,96.0083,80.5809,126.2367,184.9654,292.4790
303.0090,533.7923,32.9292,91.5582,50.4058,281.0955,221.9251,235.1396,330.4847,332.9155,40.7509,201.0523,166.9776,30.7513,113.0520,48.6639,110.7551,196.6254,307.6762
269.0290,515.8502,39.9713,130.1600,73.5510,259.8680,259.1313,241.2635,432.5649,350.1701,47.9944,113.3223,213.4227,8.2236,106.2419,65.7917,148.1113,182.8144,292.2124
278.5677,536.8233,83.7457,207.6044,93.7516,201.9888,199.5159,224.4070,532.5392,374.5900,117.3996,57.5514,232.9751,11.7593,81.6837,105.6841,205.6592,162.8248,239.2854
370.0782,566.3050,144.8871,266.1020,98.4550,130.3664,114.5914,202.6878,402.2513,362.3722,202.2126,60.3057,229.4273,23.7976,43.2633,99.7527,234.5125,147.5030,188.0938
404.4097,575.1290,184.7711,263.2722,100.8142,97.0081,106.5364,221.7798,205.7318,328.6420,236.3474,107.6834,236.2005,67.2320,38.6052,67.6214,221.7662,131.2366,169.5221
324.8838,579.8261,192.2120,246.4350,124.1260,97.0028,145.7940,259.1805,166.5742,301.5177,234.3040,151.0090,279.7372,112.7230,83.0478,55.5819,185.6336,115.6491,183.6946
263.5960,583.2634,163.5327,246.6714,173.1762,95.9063,177.3853,296.2635,215.7574,285.5372,222.5748,158.8961,315.8340,104.8515,119.6156,56.8123,163.6365,102.0264,215.6180
295.7630,584.4053,124.8025,251.0622,197.1644,71.0872,197.2064,314.1154,249.0347,263.7124,200.9470,147.8969,285.2456,64.3397,109.3654,76.2738,194.1945,73.2367,183.5623
369.7034,599.2592,144.5833,278.6274,139.1751,-18.5624,141.1483,176.4629,203.5352,192.1315,201.3212,130.5160,218.7217,13.7028,70.5135,97.2164,263.3337,31.3963,19.6756
434.5630,610.6271,226.4109,332.8271,35.3357,-147.6577,-18.0942,-159.2072,82.8555,94.1508,239.0357,100.4215,181.5445,-56.2544,36.5755,59.9110,313.4180,20.5173,-145.2578
448.0792,590.2408,278.7576,347.7376,-16.0166,-168.4248,-113.6526,-426.5488,93.5057,82.9449,253.8650,81.0355,168.0424,-79.8383,32.2214,28.0532,310.9720,52.2322,-123.0173
389.1321,556.4369,251.9833,274.8760,3.3775,-23.7377,-30.0418,-415.5316,253.5826,173.5423,216.6689,90.9882,143.6112,2.7110,44.3879,128.6594,250.9058,69.5051,33.0205
312.5522,525.3062,194.5666,147.7979,15.7445,152.6467,91.2558,-276.4277,235.8557,264.1451,181.9622,88.9537,114.2290,104.7681,43.5592,283.6046,143.8432,54.1051,156.8307
251.2127,472.9766,155.9671,42.4521,-5.6933,280.3644,145.1232,-176.3658,87.2286,341.5253,169.8947,50.6781,100.4099,143.9246,72.1843,340.1259,42.2116,82.6165,258.0682
158.3474,390.4765,120.2827,16.0827,8.4908,416.3632,239.0098,-67.9172,216.0526,446.0916,143.7059,29.9554,112.0519,174.4073,183.4813,336.1212,2.7294,199.6674,395.6771
43.7382,309.0372,54.1490,61.6776,89.3478,545.6965,408.1258,50.8720,496.5794,512.3738,115.1418,66.9248,154.1292,225.7342,299.1779,325.3133,18.2457,337.3421,482.3216
-18.2663,268.6450,-5.7402,126.8562,183.2924,571.3134,511.9845,79.9315,521.3698,487.0059,130.6630,123.3941,214.7460,232.8858,319.5903,247.9481,53.9500,422.9230,447.3194
-30.0094,279.4990,29.8628,188.1247,264.8692,490.7838,484.7036,27.9877,423.7865,438.4001,187.3522,149.5752,273.4445,191.5156,289.9566,161.1422,111.1169,461.8711,361.6902
-23.6609,301.0406,162.4799,258.4099,352.2048,377.1438,399.0471,-29.9904,428.1988,410.4633,256.3914,142.5033,320.3320,165.5041,269.5120,194.6032,201.6659,481.1812,282.8989
39.8716,300.9899,288.8668,343.0702,417.8555,270.4597,316.0264,-77.8230,353.6200,374.3341,324.3091,130.2386,342.8059,155.3800,219.5654,274.5571,310.7087,487.5775,202.5696
166.5194,322.4124,366.8209,439.8223,421.8572,186.4582,252.7505,-103.6847,180.4573,333.5162,373.6809,136.9345,331.3718,129.2821,151.4447,265.2830,413.2249,483.4234,144.9331
264.7731,406.6838,439.9409,535.3849,377.4726,120.3937,200.0044,-115.7962,136.4478,292.9708,389.0725,167.5006,290.8959,110.8895,132.2151,197.3288,496.8616,454.0042,112.4364
283.4873,507.0461,501.9394,594.4144,297.5223,35.2633,113.7527,-192.1840,160.2936,214.0377,383.7761,221.5254,214.9026,116.8836,121.7800,109.1031,567.1736,377.4236,38.7478
277.7947,563.7738,518.9691,601.3782,191.0477,-68.9755,-1.5373,-340.7729,125.5471,101.7723,384.7398,282.3058,113.6905,104.7223,60.3962,-23.3140,628.2053,290.2177,-60.3325
299.9263,579.6556,517.5976,574.2010,119.7321,-129.7774,-67.9945,-439.3250,135.5458,8.5919,406.0808,282.6188,56.6935,60.4135,12.1423,-124.1663,655.6649,264.6186,-82.3802
330.1107,576.4889,510.9946,522.1525,108.7798,-112.0139,-76.3693,-421.9911,138.8808,-49.1211,435.8722,177.9189,74.8227,28.1384,27.3679,-116.0140,620.7525,290.6730,-47.4004
325.7468,549.6403,457.2127,444.6836,79.6754,-57.7372,-100.6310,-356.5498,9.0349,-70.3192,431.4534,43.9091,87.4248,10.4115,50.6973,-83.0260,521.9870,275.4018,-57.5740
272.9662,470.4275,345.4011,333.5208,1.1238,-23.0620,-133.9807,-297.2269,-38.0977,-39.1451,359.9117,-30.7023,44.6607,-21.6568,53.8642,-88.3020,362.6518,174.4463,-68.5311
177.8680,330.2419,204.0573,156.9642,-44.2789,-5.8180,-96.4903,-216.8972,144.9119,28.4803,250.6348,-76.9399,17.5699,-15.2695,71.5909,-51.6740,151.2702,39.5753,22.5978
49.9854,196.0765,54.0427,-71.8287,-17.8096,35.5832,8.3178,-96.6462,298.7879,98.4331,164.0079,-139.7910,58.3342,81.8147,127.1390,54.7769,-61.0750,-58.8828,158.4730
-71.4556,137.2448,-76.4400,-252.2763,33.4613,101.4582,119.3479,28.3375,315.7336,168.9751,122.5751,-183.8683,128.1750,174.5076,223.1208,144.6071,-213.5758,-92.0430,238.7707
-127.9420,105.8960,-166.4498,-319.0667,85.7602,144.5716,228.4004,126.5679,382.8204,234.1964,107.4273,-196.0857,191.2260,164.6342,303.9486,170.2316,-294.7526,-78.8957,287.7504
-129.4567,35.5318,-230.0481,-319.9300,128.0080,147.4538,321.7159,203.7159,458.5524,255.6173,90.4272,-207.1754,232.7354,116.8952,272.8665,141.9864,-319.7428,-72.8519,336.6739
-145.2459,-16.9961,-272.7087,-319.5168,121.3474,130.0477,330.1647,255.8483,389.4249,226.7306,55.9217,-203.8777,223.4073,100.0179,171.8998,78.3478,-303.9475,-112.0922,347.7422
-176.3287,15.9794,-289.9634,-328.5846,62.8606,95.8505,240.9167,255.9790,320.4763,202.5795,20.1205,-170.6761,166.8785,78.1253,154.1000,41.3730,-285.7672,-176.6725,315.4399
-167.5449,97.8746,-301.6570,-322.9737,-15.2558,45.6253,130.9523,217.1208,381.9377,221.1523,16.3774,-135.5564,105.4183,58.1226,202.3626,79.5609,-296.5576,-224.1078,256.2360
-133.0926,180.1873,-303.5148,-279.0537,-102.6033,-4.8992,48.9128,181.2195,404.0656,237.0595,40.2374,-101.9869,46.2638,71.6797,157.4310,122.4770,-304.1324,-242.3378,153.7065
-118.7198,238.8789,-262.8094,-225.7655,-174.0435,-59.0081,-15.3261,129.2041,292.4263,184.7729,49.8200,-66.2165,-26.4526,50.4620,11.0549,85.1264,-249.8742,-238.5504,35.8346
-104.7131,229.4064,-196.4278,-208.5785,-187.1149,-106.8073,-63.2428,24.1054,201.8885,88.6496,36.2556,-64.5600,-89.0996,-23.0787,-105.5058,16.2456,-131.3563,-210.5399,-31.9818
-82.0741,156.8019,-148.2698,-183.5633,-166.2691,-82.4936,-93.8958,-66.9671,202.8799,30.1172,32.7398,-92.0280,-113.6193,-39.3964,-126.3186,-0.2087,-21.2095,-155.1311,-58.1736
-108.9286,90.7753,-131.4943,-105.7737,-162.4472,41.4148,-115.2669,-43.1189,184.8256,17.2648,47.8001,-99.0061,-115.1027,6.5698,-60.0831,12.2832,-1.4442,-85.6351,-69.6405
-195.3840,43.6595,-153.2458,-65.2825,-146.6503,183.7023,-88.9459,68.4831,120.4319,-1.9714,56.0249,-97.6796,-100.9712,20.4501,52.7535,1.7007,-70.8653,-21.6496,-27.6166
-267.2855,-14.3722,-194.2554,-121.3679,-75.1884,264.0673,27.9199,162.6618,120.6864,-19.9249,48.8371,-120.8256,-38.3878,34.1665,131.6390,-9.9833,-149.1171,39.0673,71.3056
-285.7162,-53.1511,-195.1629,-164.7459,16.2123,293.1210,170.6494,213.5448,184.4991,5.2120,38.1123,-149.5321,71.3465,88.3001,141.8712,1.4319,-186.9122,116.6771,157.7440
-290.0549,-46.7777,-162.3244,-132.3909,89.9422,301.7466,237.1996,257.2827,142.6987,40.7106,29.0178,-175.4521,154.3604,79.8249,133.4922,9.0070,-198.6158,200.6361,204.8881
-316.7621,-36.0125,-150.8483,-101.1769,171.7931,273.8028,245.4359,288.7769,-20.5070,25.5134,31.8975,-187.7604,165.8738,-7.6828,136.1895,10.8040,-183.6721,239.8178,233.2934
-337.3962,-39.0040,-123.6238,-81.2568,266.7730,196.1792,270.2667,287.7496,-70.1047,-22.6006,62.9360,-137.1703,156.4254,-40.5877,143.9572,32.4374,-127.9433,209.8477,236.9275
-296.1209,-31.6766,-39.2244,-18.8430,312.6322,118.7071,287.8767,277.6022,52.1379,-48.5617,105.4231,-70.8829,168.9137,-15.6260,172.8990,38.7089,-70.2546,151.4700,208.7785
-208.4120,-22.0413,23.6576,33.9218,272.9615,97.0483,242.7983,271.8281,90.5046,-55.7715,129.1498,-114.9844,176.5061,-50.5377,210.1855,-16.7735,-56.4660,118.6019,161.1062
-157.3300,-27.4309,37.2700,17.8760,199.4183,83.8370,177.7075,236.8196,-35.2833,-89.3179,149.4322,-226.1034,173.1313,-141.8265,198.8560,-80.4736,-59.8580,117.6681,91.0746
-154.2310,-29.2531,101.3471,1.7373,151.9935,-14.4102,139.1381,165.1290,-112.3828,-158.7654,190.9262,-244.1166,176.8852,-205.2261,137.6833,-83.4626,-17.5082,112.4094,8.8382
-130.3392,-21.5766,220.8124,52.8566,119.6881,-144.9755,79.9373,105.7268,-95.1792,-213.9955,225.1231,-169.2261,143.6446,-201.2187,86.4825,-65.2268,90.9374,89.7315,-33.4462
-99.1394,-37.2172,276.2150,131.4395,71.9790,-138.3277,-6.6547,99.0500,-118.2034,-196.8156,226.6050,-100.0555,49.3154,-110.4492,71.2672,-74.0057,210.2928,89.7147,1.4391
-138.0106,-99.3773,235.0336,157.9557,21.6787,27.6858,-22.1827,151.0492,-139.7023,-118.2966,226.4299,-46.9707,-19.5808,30.2179,67.2590,-60.2979,238.5580,112.5392,92.9560
-217.9459,-198.8649,159.6397,75.3203,-20.2564,192.5757,58.2091,245.6668,-77.5109,-55.3104,229.3949,-9.8135,-14.6410,121.4560,50.9253,4.8838,131.7341,77.5117,186.6133
-261.9703,-313.1089,77.7191,-97.6614,-67.1225,267.6913,135.5900,340.3390,-29.1385,-38.9171,177.4463,-16.4754,-1.8427,149.4189,35.9334,52.5979,-29.7311,-14.4267,246.2435
-294.5613,-410.6269,-14.0523,-240.8013,-86.3206,309.6201,171.5327,407.3972,-35.2920,-11.9831,67.7085,-27.4246,7.4748,174.5865,54.0224,54.3384,-136.6271,-39.7471,289.2523
-354.7151,-456.8861,-116.3111,-264.8141,-22.0010,334.1754,209.7219,460.7932,-12.8227,43.2094,-16.4824,-20.4249,72.3364,180.6760,89.3794,68.0658,-172.3490,7.0713,331.5865
-396.4299,-457.4874,-225.5031,-235.3891,91.0221,269.6413,232.1764,483.2603,11.4119,46.0441,-44.2326,-64.7409,156.6372,132.0757,98.9049,88.2077,-194.1693,-10.3190,328.8189
-384.0996,-468.7276,-314.1472,-266.5049,164.4483,104.4098,202.4587,431.4250,-16.9396,-27.5620,-79.6430,-158.6853,179.3031,67.0778,99.0938,44.7821,-248.9542,-92.8894,256.7274
-342.2173,-503.1889,-368.3644,-347.4639,182.7598,-79.3284,159.1069,337.9852,-40.3315,-80.1240,-156.8909,-202.8399,155.5315,7.7953,106.4040,-24.9855,-319.6174,-125.4411,164.8708
-289.0351,-480.3611,-407.0406,-358.3163,176.2940,-211.7713,116.7157,253.0365,-72.0038,-75.5921,-220.5544,-185.2391,121.5854,-53.4724,62.9489,-16.9147,-328.3839,-102.7508,76.7391
-229.3006,-365.5883,-397.5015,-243.0175,141.4957,-270.7417,33.0454,146.3207,-185.7206,-104.4386,-208.9597,-168.9418,53.7466,-87.7981,-34.2312,34.9697,-231.7193,-46.3691,-26.9702
-165.5199,-254.4663,-277.8722,-90.6852,81.7976,-263.6799,-70.3590,18.2483,-300.2150,-191.8340,-128.0275,-151.0754,-53.8384,-108.6064,-94.4324,7.0144,-86.5906,41.8966,-120.7135
-79.4419,-211.4018,-89.5738,9.1913,36.2067,-262.3617,-145.5491,-67.9802,-326.4652,-255.4031,-32.3350,-112.3848,-159.3690,-184.5568,-115.6072,-96.5946,39.0535,-1.2551,-188.1183
23.7127,-179.0336,59.5049,83.7249,10.1590,-357.9631,-227.6184,-140.7644,-347.8625,-284.6817,34.8825,-88.3500,-227.9982,-285.2061,-172.0452,-168.9892,130.8291,-258.9861,-269.6271
93.7310,-131.5584,125.0530,144.7702,-37.4330,-492.1328,-330.2787,-239.8199,-406.1436,-330.2025,70.5093,-90.0811,-249.6683,-306.5722,-238.0836,-177.6289,156.5888,-392.0560,-327.4916
105.2123,-134.3627,121.7085,113.0270,-121.0859,-473.0654,-363.7146,-240.9565,-407.9316,-343.4367,83.7502,-80.1310,-245.2159,-241.2062,-263.7199,-165.1954,82.7084,-139.9341,-248.8645
71.0097,-206.9197,86.3278,-4.7960,-199.9127,-243.1270,-279.4209,-57.7836,-322.1896,-253.8302,73.8696,-50.9796,-245.3571,-148.6621,-278.6190,-153.6553,-17.7007,170.1847,-43.9724
16.0389,-276.9848,71.2691,-77.9252,-212.3774,43.2318,-142.9518,172.8688,-196.7177,-123.8875,54.9262,-29.4808,-230.5749,-55.3811,-262.5186,-132.3919,-39.8179,209.7354,165.1052
-5.0404,-275.8668,82.4279,-64.3767,-123.9166,254.4420,-28.2145,328.2922,-67.2794,-43.1202,50.5780,-21.9727,-162.0280,13.8356,-161.6085,-81.8176,1.4116,178.4391,317.1096
24.4191,-217.3934,78.7748,-42.3775,40.6177,394.8490,45.7871,436.3024,22.9060,8.6749,49.8393,-12.8732,-55.0348,41.7311,-51.4278,-13.4831,39.2735,283.4014,412.7115
14.5414,-192.6398,57.4195,-45.2349,217.1546,480.4648,110.6273,500.9474,80.3056,61.2709,24.2362,2.3630,56.6163,60.4291,-20.7893,1.9089,72.2812,372.5899,454.9670
-71.8676,-249.3258,31.2826,-54.2980,352.7721,492.5479,207.4795,496.6932,167.5760,65.8159,-19.7940,7.2249,158.6114,76.6798,-28.3135,-58.2454,100.4651,343.7296,471.6681
-118.2182,-309.7366,-16.3127,-74.7481,424.6474,437.8778,302.8434,467.3083,240.8183,2.9375,-53.8976,-15.5543,226.4211,46.0308,-44.9708,-85.3540,85.9535,296.4482,480.4191
-77.5101,-311.0603,-60.3363,-97.5687,443.2782,347.7904,331.5672,426.6082,212.9469,-51.3993,-63.8686,-59.4293,251.0847,-21.6517,-88.9602,-11.6101,47.4069,267.2419,447.6797
-61.5927,-290.0533,-42.3147,-80.3667,449.9545,255.3471,326.2999,343.8550,148.6917,-35.8134,-46.7515,-95.9747,261.0656,-65.6658,-95.2467,59.6260,56.3744,241.7948,363.5307
-82.7887,-223.8068,23.0069,-9.0939,466.1529,174.4749,337.5067,268.0538,129.9741,9.3951,-11.5022,-98.8252,258.3824,-80.6248,-29.1664,39.9411,119.9903,249.8309,271.0167
-8.5836,-43.7073,88.1567,81.8929,458.0593,69.2875,312.1115,238.3824,125.9667,7.6616,23.8865,-66.3505,224.9807,-96.3411,-3.3129,-15.9573,186.2126,263.3451,192.8008
167.9015,147.8905,156.1028,143.0951,402.9395,-72.9831,229.5414,178.5405,135.2363,-60.3486,62.7379,-22.2239,186.6199,-103.4109,-75.9234,-59.4939,233.0773,237.8057,119.2505
298.5495,189.3606,203.5925,144.7006,338.6862,-166.0749,168.3476,62.1822,138.8102,-157.5432,108.1813,21.2353,165.0705,-81.1259,-163.7716,-107.4776,245.4021,206.6751,52.7853
300.8896,113.1037,157.9899,86.2455,293.0822,-154.9550,135.7141,-6.4835,23.9636,-231.0239,121.6322,84.4692,143.3100,-34.5201,-219.0846,-134.7966,179.7964,171.5902,23.8913
206.6825,10.3299,37.5946,-23.7728,243.5272,-117.7782,93.1513,37.9488,-130.7397,-231.5675,85.4959,166.9726,131.9145,20.4074,-248.3624,-103.4822,53.8757,100.9822,77.0229
84.2114,-131.8828,-37.9010,-150.0311,188.4568,-112.0590,107.7501,148.1072,-88.6882,-156.0819,55.5881,212.2099,143.4681,58.1106,-239.1291,-50.9702,-30.1210,61.3249,201.4624
17.4266,-269.6444,-16.6377,-206.2957,167.3966,-84.6435,200.1691,248.5532,64.5397,-77.6141,66.8553,183.2847,130.5593,56.7698,-227.4823,-25.9794,-26.9876,119.1069,302.2121
39.0643,-291.1272,37.4736,-150.5880,187.9343,-5.7503,235.3990,302.3920,68.3304,-62.8363,75.2544,120.6064,74.2914,33.7487,-260.4445,-25.5203,7.1117,219.4920,333.7622
76.0859,-226.2184,70.6574,-55.6759,221.1602,88.8129,182.8393,341.8694,8.8106,-80.9459,55.1098,79.7773,36.3760,24.3177,-276.9596,-35.9249,43.1055,300.9786,376.6765
65.8990,-177.7529,98.4055,8.3213,262.1822,182.0486,184.4317,414.7811,43.6401,-68.8507,42.4254,73.9873,48.9186,34.3571,-225.2628,-49.8337,93.8272,350.7876,473.4651
38.3934,-145.6185,122.5851,48.5681,308.1579,253.6609,254.6356,481.5632,5.8088,-34.0510,52.9622,91.2475,71.9475,49.6884,-180.3362,-59.7388,117.3880,344.2239,529.5668
15.8217,-128.7381,98.8571,65.6743,316.4052,245.5017,254.1140,466.6166,-161.0115,-23.1415,66.2071,102.7471,69.7187,57.2406,-201.0182,-69.6807,84.2488,292.6109,469.0427
-19.0360,-177.8201,36.1957,47.4994,270.3152,142.5096,162.2162,372.6076,-196.0964,-53.1108,75.9927,71.7168,40.4138,41.8570,-253.6924,-74.9996,65.8388,249.3801,334.2694
-32.2585,-237.7368,17.3015,26.0896,222.4604,11.0281,79.1643,242.3158,-99.8541,-113.2000,76.6994,17.5571,0.9224,6.2220,-304.7141,-60.3392,101.2309,204.8386,189.6483
14.3693,-204.8059,58.6130,22.1860,198.1718,-70.9950,41.1221,107.5002,-186.5575,-175.4860,49.5938,19.2595,-35.3918,-16.6235,-315.1743,-41.3788,115.5281,123.7377,60.4592
52.7511,-142.4478,74.4793,11.4258,146.2986,-81.2814,30.1068,13.3211,-434.2258,-205.9563,3.8765,85.2967,-81.1246,-6.1318,-237.0610,-43.6690,72.2880,40.7291,-34.0224
9.2763,-176.6588,26.2275,-13.8115,52.6515,-56.5403,51.9990,-21.0774,-486.8773,-202.5279,-25.9368,107.1102,-125.0578,24.1207,-117.0549,-56.5868,25.8081,-3.6812,-76.8242
-66.0581,-261.3970,-34.6743,-45.0696,-13.0108,-25.5280,101.8267,-20.9201,-279.8244,-187.9232,-30.5557,30.1132,-113.4467,54.2632,-49.7883,-61.4758,-9.2704,-22.8428,-76.4347
-111.5620,-290.6610,-81.1847,-85.6335,-27.8938,27.4215,132.3293,13.1962,-88.8228,-163.8473,-31.7278,-49.3004,-63.5114,57.2345,-28.8781,-51.5849,-60.4941,-45.7926,-62.6032
-147.8600,-301.4951,-124.5012,-124.2643,-58.5282,82.9443,100.8918,68.7003,-49.6869,-131.0886,-48.7570,-57.8159,-55.1202,1.8371,2.6323,-21.5987,-109.0487,-95.6155,-65.0292
-163.3289,-344.4167,-150.9287,-146.1573,-118.5135,76.9790,32.7789,66.7179,-65.7958,-124.3985,-84.6078,-56.9218,-69.0916,-85.9292,33.2217,3.1912,-128.2874,-153.8822,-95.0140
-110.9957,-340.7091,-168.7427,-147.7623,-134.8658,31.1545,9.2676,-5.4695,-89.8485,-151.4122,-142.0813,-86.6133,-44.6197,-129.1389,31.2016,-11.2853,-126.6879,-159.9614,-135.3752
-55.7230,-267.2222,-244.6676,-118.1685,-94.3150,25.5989,55.8925,-44.0472,-137.0074,-149.6953,-238.3596,-94.4211,-42.3155,-114.0101,20.1967,-38.0988,-112.5330,-127.7817,-151.2952
-88.0187,-241.0453,-393.5445,-84.1885,-64.1414,33.0200,96.7631,-17.8206,-125.0088,-92.8834,-359.4927,-75.4422,-115.2962,-106.5780,36.2670,-44.0370,-97.6615,-135.2861,-133.8980
-133.8785,-263.9534,-501.8556,-94.6247,-50.5392,-16.4274,72.2683,-21.2361,-38.4781,-66.6048,-404.9679,-72.6822,-170.9785,-134.7291,54.3234,-54.5305,-88.7129,-154.9667,-131.1873
-82.6206,-190.9736,-445.4683,-94.1477,-2.5535,-79.3592,6.2108,-99.2909,-63.6694,-129.7266,-285.8599,-61.6554,-149.2268,-157.4909,6.4374,-70.2580,-51.5922,-108.5526,-190.2079
23.8297,-39.4468,-244.7775,-2.7777,50.9292,-98.7839,-68.8220,-195.8348,-228.1770,-198.1826,-76.9299,-21.1419,-118.2921,-143.0558,-97.4107,-62.8296,20.6962,-46.4642,-280.9713
108.7815,21.2307,-30.5325,101.0007,31.0722,-115.4162,-139.8058,-264.4178,-297.1997,-207.1723,74.4197,-2.9392,-111.8177,-96.0585,-152.2542,-83.5238,73.0131,-47.7219,-351.7594
169.2087,-23.6994,117.7308,119.7050,-56.4522,-153.3397,-194.8982,-311.3644,-296.9100,-242.3430,153.1406,-12.4980,-105.5389,-44.7143,-140.6684,-175.0780,102.7544,-77.7277,-407.2714
181.5396,-66.6155,207.4457,108.5558,-148.1422,-161.7770,-241.1196,-343.5385,-445.4252,-328.0674,220.2891,2.1829,-121.2185,-26.5574,-154.4878,-238.6033,151.1578,-99.7294,-439.4387
113.5916,-101.0787,229.2568,108.6997,-225.9204,-113.9258,-260.8132,-326.8849,-480.1725,-300.0928,238.5660,27.4388,-171.7525,-33.1925,-169.0031,-193.8543,165.3298,-137.7050,-391.6893
11.3164,-163.1245,147.4519,70.3006,-307.1469,-38.8509,-198.1098,-231.0650,-71.2005,-102.1007,149.8414,28.5161,-219.2297,-17.1867,-83.5034,-119.1864,85.8635,-192.0517,-272.7000
-74.1834,-206.5288,-7.2958,13.4531,-396.9732,15.4728,-99.7767,-107.0169,317.5040,68.2014,23.4812,24.3051,-260.4579,-1.9289,23.1774,-82.0883,-8.3263,-255.0475,-164.9891
-137.7566,-172.7750,-154.0167,-11.7578,-481.4190,12.6051,-99.1320,-28.3496,176.6269,102.1126,-50.0242,9.4716,-300.6283,-60.8647,27.5813,-44.1866,-47.6385,-321.4327,-105.6669
-169.2704,-102.5140,-250.7415,-24.8695,-517.6438,-14.2492,-171.4026,24.7416,-68.7945,132.2153,-94.9888,-34.9946,-283.7686,-163.9476,14.5505,-1.8169,-84.3168,-322.1870,-92.8749
-193.7894,-160.0366,-294.4872,-1.6207,-470.2397,8.2342,-173.0648,91.3778,23.4962,214.8889,-154.0219,-68.9220,-201.9424,-214.5475,64.4542,-2.9334,-125.4033,-229.2713,-132.8509
-258.2064,-455.7519,-292.2427,87.4257,-381.5448,58.9910,-120.0072,121.1443,91.6772,242.3305,-190.5411,-91.3152,-151.0860,-216.4756,74.5525,-35.3120,-95.1078,-163.5306,-177.1214
-291.2641,-798.7055,-265.4438,128.0877,-313.1696,50.7290,-101.4573,80.4705,-34.2378,215.5325,-169.9302,-160.8499,-162.1264,-234.2293,31.4196,-57.7132,-8.5227,-197.8372,-155.4839
-206.3357,-904.0497,-229.2659,51.4676,-243.1537,-11.1557,-58.1649,24.3344,77.9464,229.6219,-121.1656,-229.2272,-146.8145,-263.6623,62.5986,-71.4672,44.5848,-229.4045,-110.3414
-109.5051,-819.5146,-183.9025,-14.4832,-143.2871,-61.7775,31.1571,-35.4643,371.8818,235.3951,-83.0871,-198.4000,-87.8557,-273.0662,125.2351,-79.6089,50.3557,-199.9165,-137.5076
-115.6387,-740.8241,-145.2006,-6.0853,-81.3337,-108.6726,10.1659,-147.8215,298.8361,135.7570,-72.6439,-128.9614,-95.3755,-266.6722,74.2815,-67.8759,41.3364,-195.8134,-235.5788
-137.4260,-640.4276,-127.7758,-25.6833,-122.7271,-178.7609,-155.4345,-283.5388,-55.7838,-3.1618,-88.5266,-135.7358,-207.3513,-246.6230,-22.3282,-47.4274,7.3726,-255.4357,-345.3898
-114.0971,-511.2204,-115.0103,-102.7147,-225.7717,-228.4027,-278.2350,-367.2790,-176.3173,-72.0023,-99.1496,-183.4906,-306.0617,-213.7974,-14.5544,-46.1543,-69.5457,-315.2014,-439.5153
-147.5570,-514.4760,-100.7841,-164.7363,-315.2426,-218.4178,-276.4931,-406.5696,-69.3851,-89.1314,-84.0504,-176.4091,-306.0826,-191.6673,58.3150,-68.8909,-160.5809,-337.9412,-498.2702
-244.5725,-581.1980,-103.1908,-173.6712,-364.2893,-178.1746,-248.9543,-439.9448,-12.9393,-108.1965,-78.5801,-104.7460,-271.4039,-178.5764,93.3299,-92.5114,-195.6360,-325.9365,-500.8289
-263.8548,-472.5380,-112.2831,-107.4374,-381.6641,-135.8858,-237.4415,-443.9933,17.8150,-113.7351,-97.1466,-23.0309,-271.1985,-140.5224,99.9992,-87.7179,-132.3957,-282.8311,-461.4446
-171.7905,-279.0297,-105.1171,8.9859,-394.0288,-83.7951,-222.0170,-389.6253,81.3623,-81.3587,-84.4792,6.0521,-269.8308,-71.9611,108.4860,-52.7864,-41.5098,-245.4255,-407.5957
-74.6914,-247.4608,-93.2688,48.5748,-414.0467,-35.9525,-222.5869,-294.6551,86.4041,-22.9250,-28.5320,-28.5791,-227.5227,5.4387,105.4933,-14.0845,-37.6965,-255.1312,-336.4589
-50.9064,-331.5592,-89.5788,-38.8131,-401.7645,-29.0292,-206.5211,-182.3350,62.9759,46.0406,-2.4896,-55.2513,-170.8593,72.3650,104.3350,17.8310,-113.6197,-290.7622,-234.3087
-93.3223,-357.3584,-83.6687,-134.1736,-321.5651,-56.1858,-105.2597,-78.0987,100.0696,114.4348,-28.3465,-20.3558,-124.6258,104.4766,136.2194,47.6505,-175.0299,-305.2767,-130.6973
-120.2713,-273.4500,-74.4146,-158.7876,-212.5128,-77.1865,13.7776,-32.8873,144.8366,164.3146,-44.0481,44.6966,-87.6341,97.6873,181.8063,62.0630,-203.7511,-282.7480,-90.3166
-63.4930,-99.9024,-65.0315,-160.6447,-131.7996,-86.2171,35.2829,-57.9006,155.3832,184.3943,-32.4031,104.9284,-64.9963,89.0100,192.4222,63.2161,-239.6525,-225.4489,-117.2060
-1.5281,41.8938,-54.9236,-181.8662,-78.5054,-98.6305,4.2716,-81.8611,161.5195,180.1099,-37.4799,147.9842,-45.3820,99.3069,167.1449,89.4490,-284.1046,-150.2061,-131.5893
-39.6268,23.8245,-76.3743,-228.3651,-27.2593,-102.0362,20.8143,-60.1188,126.6687,166.3878,-72.9156,147.7919,-4.2098,105.8954,157.6545,138.5760,-329.0663,-91.2318,-102.3130
-91.9854,-30.0810,-153.7988,-286.3428,13.2754,-86.1842,55.3021,-45.3671,53.0445,159.4210,-116.3468,117.9234,38.9547,88.9514,182.3227,149.4822,-366.9161,-58.2424,-87.4896
-33.1468,49.8706,-216.4001,-288.8499,12.0172,-67.9462,41.3853,-71.5404,50.2564,158.4505,-141.1440,117.1651,42.2726,47.8263,189.8567,105.8614,-348.5562,-27.7376,-101.2394
55.2498,152.1878,-181.7741,-207.3103,-35.0119,-44.9036,-1.9926,-85.7832,95.5334,138.5813,-126.4413,150.8454,7.3426,4.0211,149.3421,67.1681,-265.5811,11.0962,-100.8112
39.9671,148.6097,-101.2493,-133.7046,-79.6959,6.8328,-32.1642,-50.2901,77.8429,97.5071,-89.4305,179.6024,-23.7259,14.1415,110.0823,77.7069,-205.5729,54.2009,-84.5506
-33.5161,128.3185,-65.1051,-124.2302,-65.3954,80.2652,-29.1238,18.6857,97.6810,80.3907,-60.6631,196.4181,-2.2757,96.9903,119.9350,118.3094,-196.1989,103.6162,-53.5543
-49.9845,146.7939,-30.7519,-87.6770,-6.7106,139.4077,12.0214,101.0325,226.0506,100.6512,-20.7268,209.5028,72.4001,171.8833,149.9516,143.8723,-133.4890,136.0588,7.4122
3.5842,167.2019,70.9677,44.5547,13.6484,150.2367,38.1630,152.4755,185.2870,101.1916,34.3458,222.7046,110.6155,173.8768,144.2260,135.9090,14.9517,107.0197,38.1438
58.5116,218.0428,152.6108,179.6013,-51.9832,102.2647,-19.5614,137.8629,-130.5832,63.7943,35.8045,238.2974,48.3472,150.8613,104.2044,124.2355,108.1975,34.7096,-6.4112
50.7699,280.5167,101.6289,193.4197,-148.2144,40.0761,-105.0865,127.3980,-288.0345,44.5762,-23.0858,220.5542,-19.2097,153.1831,91.7968,134.5075,48.4174,-5.1191,-22.7935
-8.5219,266.9027,-11.8806,93.7608,-174.4421,14.7481,-88.8709,179.6661,-82.4035,44.5711,-45.4793,143.4552,12.6996,148.5963,134.3918,128.3788,-69.2569,-1.8867,51.3881
-38.1175,225.3820,-57.9364,-15.1676,-101.3381,-11.2367,16.3886,203.9463,58.6144,19.5168,-13.4235,75.7907,74.4462,114.7442,165.8506,72.7335,-117.6608,-13.9148,101.8903
-11.9097,240.7430,-38.6318,-54.8194,7.2737,-82.9307,69.8537,149.3538,-42.0515,27.6312,-1.2567,86.9277,79.2482,88.6089,140.8594,21.0639,-91.2589,-32.5229,81.2267
4.3519,253.5401,-1.0291,-8.7139,96.1424,-126.2788,29.6806,121.1685,-16.1713,126.8506,-2.4069,138.8735,82.7687,94.0439,124.1715,19.5726,-30.7856,13.8043,88.8417
-3.3954,235.5214,62.7795,93.3399,170.6470,-68.5640,-15.6325,143.8514,149.6487,187.5742,31.3909,169.5459,116.1128,122.1250,145.0201,25.7318,57.9933,113.2433,125.2484
30.7362,261.6549,132.6182,181.7736,227.3078,36.4169,-23.2765,118.8067,86.5034,88.4665,60.2043,153.1184,97.3592,160.0302,118.6042,18.1451,155.4526,183.3714,107.9326
97.4992,301.3863,159.5919,202.2616,232.5550,135.4465,-34.9937,64.1005,-77.1414,-44.5343,44.3172,78.5347,17.2881,171.9424,40.0818,37.5118,217.1025,209.2658,87.6174
110.3382,255.5471,153.2746,175.9618,192.4577,235.3267,-59.0576,60.7089,13.5738,-62.8502,22.7484,12.7599,-32.8339,131.7991,38.5564,59.5982,235.9548,221.9119,138.0437
73.7540,164.2782,129.5553,147.4546,145.8526,290.9785,-58.6120,63.3339,146.8907,-39.8265,18.1430,62.7319,-39.6311,106.4621,140.5356,23.0764,233.3762,205.9009,176.5840
79.8647,137.4068,83.9237,124.6456,99.9515,261.0787,-48.9567,29.0564,30.9430,-77.1008,23.7523,175.1748,-55.0615,171.8835,213.5053,-16.7864,217.1373,156.2014,123.6644
139.3938,178.0858,84.6877,115.4289,48.6593,213.0044,-87.5775,9.1748,-109.8188,-124.9846,67.8972,196.3766,-67.3738,254.1715,176.9480,28.4846,202.2529,115.5794,43.1981
165.4332,206.4898,181.7039,124.7169,-2.0822,179.6772,-169.2503,-7.9338,-102.4312,-128.8993,146.4249,141.2045,-53.7858,241.1513,76.4611,108.6384,209.0053,68.8330,-7.3278
128.5897,193.0451,247.4017,116.5548,-64.5341,83.8311,-228.2327,-78.2391,-122.9905,-122.7744,176.6699,131.8218,-51.4559,192.3949,-7.8081,125.6730,218.3630,-49.7077,-67.1759
99.7514,195.8268,152.3936,77.5082,-147.9726,-74.6567,-245.5164,-164.6711,-180.6367,-141.5474,112.8711,150.0191,-76.2934,202.2501,-18.4326,82.0392,188.1593,-207.7873,-156.4050
109.3660,237.7454,-20.7467,40.6427,-218.2659,-186.3875,-259.7888,-219.5944,-143.6320,-185.1759,11.1270,110.7235,-90.3040,188.4919,31.5429,30.9063,99.8404,-300.8767,-225.1015
82.5425,236.3395,-137.4216,-4.7954,-238.6709,-219.7288,-265.4903,-247.2242,-102.3971,-216.2696,-52.7985,41.2363,-76.7973,83.8929,67.4055,10.0513,-33.1083,-308.8275,-235.6285
-27.3897,156.2850,-193.6300,-86.9303,-206.4189,-227.3846,-213.6601,-225.3651,-111.2974,-166.6206,-65.3347,-9.4470,-52.9155,15.2706,67.8321,37.4671,-160.2650,-280.6362,-201.5973
-146.5775,85.4499,-223.9080,-155.2281,-132.1781,-216.9982,-129.9531,-157.6692,-55.4045,-46.6394,-71.0322,-71.3788,-34.8252,42.8994,73.7288,73.5536,-216.0478,-227.5798,-146.1553
-186.7536,82.8472,-227.7074,-155.1264,-41.3015,-168.1274,-96.8879,-112.3266,5.5374,34.2441,-103.3127,-146.8651,-41.8550,30.6593,79.1235,62.9185,-190.9657,-136.2250,-81.9819
-142.0270,140.9585,-212.6579,-105.1943,23.9961,-90.1451,-107.3787,-85.7665,-43.0866,42.4276,-136.7463,-170.3085,-77.2557,-52.7296,57.6901,33.2377,-128.9866,-16.2614,-26.3092
-38.7483,252.5653,-174.5236,-24.9531,41.6934,5.6864,-86.0224,-22.1139,-73.1598,50.7393,-134.5048,-128.8285,-104.4732,-75.3616,38.9087,28.8945,-52.2708,99.8269,11.3298
87.6037,341.7130,-100.1662,67.5249,17.7193,104.1889,-45.4304,40.4939,-19.4133,69.0887,-102.1337,-84.0134,-109.2958,-39.0773,36.1171,27.1964,25.7298,156.4248,38.4273
153.9358,315.5679,-36.2096,106.3901,-30.3046,150.1075,-58.5213,52.0249,-28.1640,48.1142,-64.1115,-68.8818,-133.5070,-62.5547,15.2311,27.6791,58.7365,113.2332,43.3225
106.2923,245.0636,-39.2541,65.7518,-82.5631,79.1815,-117.4077,41.3226,-90.7213,6.2910,-47.4409,-73.4070,-191.2911,-142.7570,-17.0972,55.8198,25.1085,-1.2696,-5.5612
15.6126,237.9187,-85.6271,5.4404,-161.0642,-108.0212,-176.5610,-1.0020,-90.5110,-23.7192,-75.2038,-96.9651,-244.2757,-216.8715,-36.4335,53.5483,-37.5821,-138.7924,-102.1509
-16.0645,257.6853,-119.1970,-30.1796,-310.1571,-313.9026,-246.1917,-112.7710,-101.7439,-69.2558,-115.4035,-124.6240,-282.0513,-278.4971,-70.7572,-20.8468,-83.9107,-276.3941,-203.7496
24.3802,279.8813,-110.4736,-36.2251,-462.6599,-416.2431,-313.6588,-233.0918,-179.1977,-137.3608,-106.9451,-116.7730,-309.9409,-299.1735,-127.6152,-79.9318,-79.8033,-355.1076,-279.7068
107.8832,344.4274,-38.3262,1.4182,-462.1194,-395.6284,-309.8827,-287.5487,-223.8000,-191.8023,-52.1230,-80.0233,-277.0500,-254.7498,-159.5577,-79.2597,-10.0347,-309.6987,-299.4740
208.7212,395.7468,89.4597,79.3820,-288.3249,-332.2888,-237.7813,-283.3626,-254.9058,-217.8060,19.9973,-54.5806,-150.8173,-198.9825,-163.3297,-88.7047,80.5926,-194.7200,-234.6046
265.7330,385.5811,205.7350,159.6616,-83.4168,-273.3487,-170.8367,-222.1028,-319.2191,-201.4174,110.3284,-29.3377,-7.6740,-154.9067,-170.3740,-100.6637,129.4078,-114.4914,-117.0294
236.6906,383.2353,249.2559,200.7243,74.7718,-197.3746,-105.3183,-108.1396,-256.7163,-122.5662,176.2679,11.4067,78.1640,-97.3604,-145.4633,-50.4878,147.2717,-50.9893,-0.7368
172.2024,382.9169,235.9347,181.8284,231.0941,-82.5493,7.1640,-13.2916,-26.4680,-21.4804,152.8970,23.7866,136.7991,-62.3443,-51.0058,1.0865,182.8473,71.9511,121.1005
120.5511,315.5878,225.7156,150.2275,389.5580,76.8760,122.5164,42.3802,131.3210,52.0571,85.2513,2.5427,185.2234,-60.1774,43.5639,-19.1488,236.2257,225.9099,256.1256
63.4458,246.8585,238.5891,181.3634,464.4542,254.0952,173.5588,126.3789,150.1378,124.4329,55.5917,3.4155,151.7395,-23.7874,62.5375,-38.0406,267.9630,317.9073,345.7879
21.1086,234.4728,231.8564,226.7903,402.7316,360.2101,186.9833,218.2003,195.1165,202.2747,37.9173,2.8519,16.8167,4.7834,50.7540,13.9581,240.0673,317.0098,346.0990
49.6326,214.7710,177.9054,176.9400,265.9774,346.0119,197.1270,220.3950,235.1886,207.8681,-2.0861,-60.4564,-116.2826,-81.5115,77.7996,81.5616,152.6240,269.3062,281.1410
111.1694,210.1541,125.2606,80.3255,160.9335,287.3635,169.4297,145.1004,154.2590,125.4260,-10.5547,-123.3292,-166.2335,-210.3044,110.1768,94.9381,75.0769,233.6021,189.8279
132.5680,280.8477,127.7236,54.7078,104.1663,227.6354,88.4235,74.4355,77.4646,51.9544,34.7690,-105.6364,-165.3161,-255.0273,82.4462,43.2378,74.9276,206.8022,104.8557
136.5991,323.0449,171.3439,79.6697,25.4647,66.9145,-15.1030,14.4677,78.1171,29.9917,85.2756,-68.0143,-171.6082,-261.4122,3.4552,-33.3654,118.8096,129.0931,41.2038
153.1674,276.6430,223.2372,99.2663,-83.9397,-225.9536,-131.7103,-59.7916,-37.0364,-3.8420,120.8722,-70.8272,-192.8085,-299.2785,-86.5667,-59.2871,134.5827,7.1800,-35.3946
145.7078,271.1622,272.0942,130.2601,-146.6241,-468.5702,-231.8049,-129.1300,-285.5898,-72.8765,145.9148,-64.2719,-209.3382,-346.0688,-163.8333,-24.2658,119.8241,-53.9975,-134.1064
135.3689,347.0027,297.5048,157.8954,-127.8990,-504.9148,-229.8112,-166.7909,-372.9490,-110.3908,150.8486,-30.7553,-208.8595,-401.4010,-186.1920,-17.4727,107.6983,-8.2752,-173.5299
191.2354,396.8775,280.2289,161.0186,-57.8477,-418.1624,-122.8385,-155.8407,-226.5605,-70.9188,144.8746,-17.5166,-192.0777,-436.3409,-129.2176,-63.3527,106.7057,63.6952,-111.3500
263.8170,408.3157,231.8983,186.4864,42.5950,-360.2235,-28.9525,-87.5386,-126.0162,6.0653,136.2970,-9.5064,-153.6429,-349.6985,-54.5787,-71.0823,112.1857,88.8457,-26.6489
243.4829,432.0095,167.9116,212.2422,146.8826,-329.0330,7.3646,9.1765,-188.6945,58.7108,105.6588,34.9793,-70.3061,-185.8374,-29.0274,-12.5373,102.4491,82.2391,30.1854
139.1799,421.2393,102.8317,148.3634,209.3358,-237.1532,59.2333,100.2474,-222.0121,83.2196,66.1878,77.2467,50.0507,-112.2555,-24.4705,34.4963,55.4079,85.9160,112.7888
34.9995,309.3914,75.6969,47.9130,230.0945,-74.9652,139.7871,196.1873,-118.6737,119.1334,58.4069,56.3878,132.2846,-117.7334,12.1200,38.2543,12.3604,121.7455,243.0825
-22.8667,138.6584,102.2981,29.7551,242.4421,91.3436,197.5779,294.6788,11.1240,165.8169,71.6088,-20.0498,114.1909,-85.3494,66.5546,42.9165,35.0957,186.4635,360.6913
-17.7272,52.7501,128.3535,56.6240,236.4185,206.2638,237.4812,343.5884,84.5015,179.5267,73.1187,-88.8956,20.8341,-51.7919,85.7185,65.7911,91.6858,247.7819,418.5803
22.5313,139.4284,94.1110,46.8230,179.7724,255.7326,251.8284,327.5080,120.6917,164.0999,59.8605,-93.6236,-97.9890,-73.1592,42.0631,83.5470,89.5058,267.1736,408.1040
22.3025,259.6692,9.1146,27.9097,80.4261,255.2017,185.0004,294.5012,129.6715,172.6786,22.0181,-51.6557,-220.9337,-76.0231,-18.5756,94.5782,9.7147,224.4005,340.6340
-20.5592,223.1514,-68.1025,22.7402,-24.1851,221.0538,95.8910,258.8234,125.0100,199.0592,-43.6400,-36.6364,-309.8113,-42.7402,-5.6991,110.0251,-70.0317,118.6796,267.3775
-32.1585,104.9685,-97.3185,1.0278,-112.6287,142.5909,104.2224,178.4062,154.1845,170.4474,-91.0411,-64.2438,-325.7930,-50.1952,72.2745,95.9300,-76.6899,-21.2246,220.4844
-25.2700,77.4288,-89.2725,-25.4041,-188.0879,9.4248,152.2173,42.7101,207.6744,71.9481,-90.0067,-89.9200,-294.0731,-85.9959,102.8718,17.4377,-32.4507,-144.4790,145.5533
-72.8164,94.7172,-76.4867,-43.0875,-234.4210,-142.3261,123.0200,-97.6386,217.1588,-20.8134,-73.9357,-114.2259,-248.0852,-100.4006,82.1806,-59.6595,-30.4095,-218.5000,8.5654
-147.3031,67.8434,-73.1453,-88.4714,-200.8622,-259.8931,84.0135,-188.9655,185.4815,-55.9394,-70.5531,-145.4330,-170.7206,-135.1793,118.5507,-46.9439,-101.7970,-236.3823,-117.2675
-182.2125,56.6878,-77.9385,-140.0484,-88.4215,-325.9411,120.0492,-224.8821,181.2525,-69.5163,-69.4468,-123.6585,-75.2932,-195.2123,188.2966,1.2320,-157.3212,-202.6798,-182.9643
-194.8661,80.2104,-82.3979,-107.9405,19.2569,-339.2302,152.8745,-243.8027,193.4897,-113.5063,-67.4616,-35.9667,-26.7247,-178.6533,167.4040,-21.0672,-115.3251,-145.5500,-228.4355
-200.9498,69.5839,-64.6262,5.0395,92.1621,-286.8459,137.6158,-264.8021,143.1231,-174.3577,-70.6542,20.3527,-21.6677,-55.4290,79.0196,-81.2718,-14.5828,-95.4231,-237.4088
-159.7395,30.8279,-16.4949,87.0695,192.3095,-164.3416,150.4309,-236.2775,51.3439,-187.6046,-61.9909,5.2677,12.2228,72.9362,33.7055,-99.0271,56.9553,-31.5583,-140.1081
-78.2864,7.3758,41.0076,93.0613,315.8679,16.4481,208.1349,-110.5362,31.3264,-118.4230,-11.3353,-3.0512,82.7854,132.4313,24.6213,-88.0358,72.1246,85.8202,17.8247
-8.9844,12.3065,98.2537,95.6820,383.3545,234.5447,271.0821,63.8826,87.5798,-14.8427,74.7084,27.3625,136.7348,147.9181,-4.2399,-65.2323,65.3638,232.6295,137.2074
35.1448,59.2008,146.4009,136.6913,391.5081,438.0000,330.4566,205.2752,107.5900,39.4968,123.0566,34.8809,161.4626,158.0963,-33.9113,-15.6059,71.2304,334.9853,220.3448
43.3074,100.6718,143.1480,165.2546,380.1771,549.9666,314.2522,283.0660,75.2419,29.3535,74.2673,-9.7608,171.8129,156.0557,-32.1704,14.9336,82.4276,349.7961,269.0401
-1.0245,77.6844,92.5668,149.6007,324.7732,535.6063,147.1156,284.1676,71.1259,14.3424,-6.0527,-71.3714,161.2070,117.9997,-6.9212,-5.0464,65.6950,283.3288,224.6577
-45.3984,70.7046,76.6638,112.4275,218.8812,436.0666,-41.9072,219.8715,80.2904,23.2302,-9.8268,-113.4703,136.7662,54.3612,20.0893,-20.6833,20.8359,163.8217,146.9798
-44.8016,126.7534,110.9663,65.0086,131.1306,322.4219,-71.7566,172.0361,64.3195,24.6370,41.4019,-113.3012,132.6156,9.1932,21.4145,-34.5867,-2.5508,49.7646,167.2541
-55.2841,108.2319,118.3181,42.4187,97.5377,236.2117,-1.7052,180.7587,100.4846,6.5127,51.6952,-71.0747,155.9546,1.7271,-12.5184,-107.7412,37.1258,19.3979,224.0106
-90.8674,4.3214,94.0973,115.0247,92.3682,176.0242,-2.6038,161.3751,164.3274,-14.3782,20.6469,-25.5269,173.8616,9.3166,-49.7678,-183.8776,122.8358,71.7887,170.3734
-62.4703,12.7676,98.5752,235.9812,90.5403,126.6470,-88.1096,73.7827,61.2226,-42.4928,8.7385,-4.0947,154.2436,29.0572,-57.1774,-175.5204,185.5951,98.0245,57.6067
0.8767,120.0296,97.7713,248.2915,59.5537,78.7993,-164.9815,3.7808,-160.2290,-67.4108,5.5837,11.6409,91.1013,92.5760,-34.4089,-137.9108,158.3094,39.1681,4.5541
-60.9290,96.9745,20.3577,131.5692,-20.6342,15.0203,-190.7396,-21.0937,-186.3755,-41.8614,-41.1068,36.6932,11.5710,189.7103,-8.7208,-134.0433,50.1349,-41.1601,-23.7728
-236.6142,-50.4977,-93.8640,24.6605,-98.6246,-75.1676,-181.7751,-63.4160,-15.6393,24.4652,-123.9308,63.2946,-32.7908,251.5457,-20.5735,-115.8930,-52.4347,-108.0802,-80.3273
-336.9203,-111.1161,-170.2037,-4.6582,-122.1586,-142.3883,-157.6100,-102.9247,38.4860,61.0979,-183.9221,88.9620,-11.9890,249.8002,-64.6215,-66.8300,-88.8139,-169.1824,-109.8260
-313.1849,-53.3745,-214.6120,-3.6350,-115.0663,-106.9133,-106.8885,-70.1947,-33.1620,73.4873,-190.3617,94.5107,43.7556,240.7487,-70.9877,-29.9658,-83.6423,-141.5076,-69.7726
-276.8220,-8.9987,-242.7574,-18.7614,-102.0315,28.6113,-25.8717,5.7301,14.6657,127.8536,-165.3573,48.3762,77.7232,266.3821,-21.1538,12.7236,-82.3614,-29.0435,5.9633
-242.8044,-14.4435,-213.9277,-67.9170,-70.8766,164.9148,12.3878,54.4789,115.8571,187.2894,-128.5813,-14.6711,76.4146,285.1356,11.4148,77.7402,-88.2473,-99.8821,54.5646
-140.5793,-5.3361,-117.3391,-125.0869,-45.7917,224.5860,-64.6990,47.8258,30.2307,143.9314,-73.0046,-29.3708,70.2069,248.9474,-6.6434,91.0307,-85.1925,-461.4936,16.5670
-21.0676,28.9726,-36.8924,-124.1911,-70.9312,224.5366,-199.5156,-23.6691,-157.8221,14.8674,-18.2391,-24.1144,69.9576,183.6549,-33.6604,19.3394,-73.5890,-743.9426,-83.0666
-7.0440,24.3990,-51.8797,-65.1196,-129.2728,220.2202,-279.8232,-111.8276,-208.6951,-66.5832,-8.7788,-57.5738,60.2775,142.6082,-52.8085,-49.8447,-65.6939,-657.2754,-132.3400
-82.2960,-37.9543,-121.1346,-23.1309,-172.6831,222.2460,-281.2710,-128.4374,-148.6816,-55.5218,-44.7534,-90.9636,48.3494,125.1228,-72.0470,-55.8148,-71.0875,-440.7492,-115.9588
-123.0887,-95.6523,-152.3518,-26.5562,-184.0289,193.6203,-235.3011,-107.1922,-143.7882,-38.3893,-97.4750,-87.6143,53.7161,90.4851,-68.7700,-50.4834,-92.5494,-379.1452,-133.6285
-108.6080,-119.4482,-147.9002,-48.2927,-162.4447,120.7258,-155.9464,-158.2035,-179.0963,-63.2397,-159.2921,-102.2947,68.6486,38.9368,-25.0343,-76.9530,-123.2624,-393.3124,-188.2454
-123.2902,-129.9044,-172.4743,-68.7539,-119.2862,37.9719,-61.2785,-245.3826,-141.0260,-74.6912,-208.3259,-137.6961,78.1870,27.9403,36.0409,-85.4270,-147.6494,-365.8782,-200.6123
-166.0610,-105.6318,-228.3947,-76.5523,-95.5743,-40.2053,11.6682,-264.8272,-72.8300,-50.9812,-213.8672,-117.2922,77.5918,83.2201,77.9873,-36.4005,-164.3656,-358.0855,-196.5407
-162.1112,-60.6225,-283.7526,-99.4056,-115.5384,-131.9845,34.8582,-259.9415,-104.5226,-58.6528,-210.0996,-61.9523,56.3677,147.6865,87.1073,11.8112,-201.9008,-386.5130,-233.6074
-150.2535,-107.2866,-338.0838,-182.7993,-142.6511,-195.9435,20.0481,-298.7768,-189.8168,-117.6873,-241.4843,-51.7167,27.3054,173.6310,86.1860,7.6228,-261.8094,-371.6775,-256.8979
-215.4201,-245.6175,-361.6458,-256.7555,-132.0638,-147.1489,25.4627,-301.4513,-179.4202,-154.6082,-265.6362,-51.2453,31.2683,192.8246,87.7041,0.3378,-273.4069,-291.4087,-212.2219
-284.0550,-302.4227,-298.2519,-202.5784,-90.3941,-9.1570,81.8157,-202.3398,-112.2984,-128.6217,-232.7158,-3.9499,58.6074,229.9105,56.0989,28.8905,-191.4692,-179.4647,-144.4603
-248.0007,-211.1822,-177.0280,-71.8852,-44.1810,98.7531,131.4736,-86.5876,-118.2077,-73.7741,-170.9990,34.5088,69.6032,251.3528,-4.1960,45.1220,-85.1567,-65.6061,-93.5777
-174.9328,-85.5659,-81.3003,-4.0851,2.1575,150.9697,117.5419,-33.2927,-151.9410,-21.8289,-113.9401,22.8957,96.4346,253.3167,-20.5439,36.4042,-33.0879,28.3240,-51.5836
-153.5784,-7.5541,-23.9735,-1.2287,42.5439,220.7956,65.3507,-7.9511,-144.6761,18.4554,-57.0373,6.3558,163.4547,267.4644,6.2308,54.8556,-16.6839,103.3153,-16.2218
-127.8909,18.5222,26.1603,9.7916,57.8539,304.5477,21.9465,36.1873,-150.2373,53.5554,-8.5327,1.2123,178.0684,264.0117,10.2333,80.8555,6.2673,162.4707,25.9291
-68.2218,5.3482,61.3131,44.3649,47.7993,325.6062,6.6168,85.9589,-126.9518,102.1112,10.4791,-7.6631,89.8640,198.3844,15.2683,53.3161,36.1785,191.1631,86.4209
-50.8805,-0.1925,58.8918,97.3620,22.2787,276.5970,10.1687,100.1623,-6.9814,133.2433,-1.0038,-4.8476,13.8208,118.3827,54.2516,12.2145,67.7661,196.3877,101.9865
-83.0187,14.4481,15.8214,146.1788,-32.2471,189.2730,-20.9420,49.2814,19.0480,86.1731,-27.6765,-4.7407,22.5043,81.3519,49.0259,18.8008,77.9531,174.7872,7.3391
-103.3555,-8.5309,-57.2883,137.8300,-126.3777,44.9876,-112.0189,-56.1479,-178.3073,2.4647,-42.9689,-39.7225,19.4261,58.2271,-23.9839,26.5234,27.3164,78.6017,-131.9120
-114.8693,-51.2566,-116.6140,83.9235,-227.3367,-144.9153,-185.9448,-173.5450,-334.5438,-31.5396,-28.7551,-60.2775,-51.7863,32.0398,-73.0420,-11.0126,-45.1533,-66.5656,-205.2810
-123.4294,-35.9197,-100.6236,46.0294,-278.2902,-291.2731,-196.5246,-276.4583,-281.8047,-56.7153,-3.4175,-15.9993,-100.4111,43.2341,-95.2063,-46.2806,-53.1358,-149.5266,-218.1210
-93.7339,-6.1815,-8.4639,20.5246,-245.7852,-351.0292,-215.0858,-353.6403,-248.9707,-132.8253,12.6221,35.0485,-69.5256,72.9912,-152.2489,-52.2018,-11.4427,-155.2345,-224.0282
-57.9443,-39.0832,84.5680,-6.5823,-160.3412,-358.4056,-261.1201,-373.4752,-331.3884,-178.6066,23.7231,43.8139,-22.2297,66.1908,-190.6593,-66.7436,3.9853,-150.6259,-197.6780
-71.3764,-75.9437,107.9025,4.9500,-101.0833,-320.2022,-254.6795,-317.1237,-328.6138,-135.4202,20.8937,52.2241,-9.1551,72.7458,-153.5940,-84.9842,-6.1011,-121.5051,-112.1557
-88.1037,-59.4751,68.6692,37.0272,-87.9441,-228.7298,-192.8627,-221.9980,-222.7013,-88.1257,-5.0243,71.2559,-0.3502,157.3169,-105.5634,-64.4592,-12.9437,-40.7900,-24.8700
-65.1877,-51.0754,32.1688,9.5215,-56.7296,-121.4558,-152.0200,-139.1298,-186.6034,-90.9359,-25.3093,50.2041,22.0444,227.0984,-95.3601,-26.3657,-33.1987,35.4985,18.3715
-57.5501,-86.8981,27.5863,-62.5288,-8.9285,-13.5305,-155.8773,-86.0054,-221.9433,-106.6820,-26.2308,-8.1144,9.6669,169.7960,-107.6045,-19.5749,-53.2401,83.4063,41.0212
-86.2861,-131.0857,15.2648,-92.2439,-34.0247,108.2978,-198.3065,-62.4980,-231.6757,-126.3584,-35.4628,-51.3291,-62.7869,56.4096,-143.9619,-33.5051,-28.1692,134.0870,50.7620
-98.8959,-187.1142,-24.1332,-74.6981,-123.9060,182.9706,-276.0146,-63.2458,-217.1961,-149.5008,-54.6456,-68.2528,-134.0191,6.1877,-181.1816,-43.4338,11.6352,165.8432,29.3339
-86.7159,-262.4106,-47.7281,-67.4560,-172.8716,139.0215,-343.3484,-76.2347,-197.6869,-146.0821,-57.6985,-76.6201,-155.7637,1.4254,-176.9440,-59.1927,0.7018,152.5791,-5.5322
-68.1750,-284.3687,-41.1142,-85.4627,-171.3024,31.6623,-365.4253,-103.1104,-163.6720,-135.0426,-51.6135,-82.0499,-170.1717,-8.8879,-174.6072,-65.8226,-46.6403,128.6594,-41.6810
-31.8893,-210.4608,-51.9680,-106.7556,-184.1761,-50.6343,-363.2448,-148.8239,-131.7688,-146.2166,-60.8580,-98.9301,-205.8660,-9.1398,-221.0406,-26.3072,-75.6530,104.0856,-97.2335
-12.3692,-136.6534,-102.6093,-116.4070,-207.3924,-114.5774,-341.0892,-185.7517,-136.0338,-144.8124,-91.1253,-142.7166,-216.2607,-14.1846,-254.4628,24.5787,-83.5986,58.4986,-146.5395
-69.3621,-161.7191,-162.6803,-111.7908,-220.1419,-180.7997,-300.4510,-190.8503,-193.1000,-132.9321,-133.5163,-185.9841,-186.7080,-65.7617,-227.9285,12.4794,-104.3331,13.2089,-153.4566
-149.5845,-227.2211,-200.2826,-108.5804,-240.1983,-227.3196,-289.0100,-198.4233,-231.5625,-171.3398,-155.3677,-184.7120,-154.5636,-115.6543,-188.7841,-51.5957,-147.3703,-14.3493,-155.5529
-155.4626,-233.4682,-195.2836,-132.3296,-241.1487,-264.0091,-302.5031,-238.2308,-140.3776,-235.1266,-127.4351,-146.0983,-113.8081,-100.9419,-174.7487,-96.4754,-180.8638,-36.2532,-176.0760
-114.6358,-216.4129,-149.0820,-169.4441,-184.0997,-306.0887,-273.8921,-263.5349,-21.6561,-242.2546,-83.5315,-112.6758,-54.9871,-67.4838,-186.2953,-102.6483,-172.4275,-27.8874,-161.0665
-97.9925,-236.0666,-103.8825,-159.2837,-112.5620,-295.3539,-222.0444,-217.8585,-93.3753,-190.3248,-72.6898,-89.6677,-32.8674,-63.9339,-219.3774,-93.2265,-145.2116,38.9703,-102.0966
-79.1723,-227.9527,-85.9981,-83.8442,-68.6946,-180.9239,-209.6944,-119.6736,-242.1522,-113.0491,-74.4032,-50.3107,-58.6134,-47.4699,-236.7833,-78.8288,-141.3739,133.4882,-46.7154
-32.7940,-151.2117,-46.7870,-10.6306,-10.5468,-10.7636,-183.0553,-14.9632,-178.9593,-18.6889,-37.6152,2.0745,-47.9725,3.9619,-201.4526,-66.0676,-125.4619,230.3636,30.5687
-18.5793,-90.7341,64.0999,27.1515,92.1830,150.1906,-69.3985,98.6891,17.4777,64.2057,42.6087,41.9499,28.7134,51.5398,-136.9922,-53.7870,-29.7709,345.1101,164.8591
-51.9660,-77.3125,197.7112,95.5389,190.3164,309.4462,60.3161,241.2804,93.9473,114.2801,120.6392,69.1053,87.9798,100.9062,-79.8107,-24.2651,107.4484,469.7723,285.4069
-57.3879,-52.9765,254.6501,206.9395,226.4764,481.2927,110.3236,383.2464,84.3616,153.4967,142.4273,93.2915,75.3766,175.1348,-39.3163,15.0608,182.3551,568.9193,334.8790
-16.7444,-39.5012,214.1037,260.5842,205.9098,596.0834,115.6050,463.7155,99.9513,176.3431,110.9456,105.5579,40.8082,207.9306,-19.2221,34.7511,187.8669,622.0463,350.7751
4.6243,-74.7078,150.1005,243.6730,178.9175,566.2833,140.7977,461.9423,100.3635,158.4085,86.8120,101.7757,45.0265,131.3645,-4.0996,38.4320,209.0386,618.0946,342.1787
5.0391,-78.5534,124.4960,276.1949,158.9338,426.2496,149.6218,403.9365,85.5896,129.2134,80.6001,94.2043,67.8671,18.1654,21.1116,40.7605,276.1708,558.3387,273.8135
53.0428,2.0372,123.9112,370.2900,104.7281,293.9706,90.9306,310.1857,60.1413,112.0974,48.2365,87.5434,46.8525,-12.6889,23.5059,26.3886,320.9294,475.3943,167.2187
137.9287,92.7004,114.7401,393.0902,31.0458,197.3483,12.7176,193.2135,-34.3332,81.9489,19.2461,76.3432,-9.9801,21.7304,-13.0318,-6.6877,270.9782,408.9617,59.9419
156.4424,125.1838,90.4154,302.8419,19.5192,82.6777,-23.9191,82.7723,-42.1185,48.2072,50.2577,56.3856,-20.1505,12.6493,-42.5592,-33.2594,139.2846,367.1972,-50.2455
70.4585,87.8597,43.4434,183.4359,63.2528,-31.2830,-48.2920,-7.7595,250.1380,41.9720,79.9435,27.4613,38.5565,-53.5813,-44.2565,-50.5440,15.4225,319.4026,-132.9297
-24.4347,-4.7597,-31.8693,71.9390,78.9671,-78.9524,-84.7850,-88.8765,618.9138,44.4715,32.7330,1.7750,84.3950,-81.4957,-35.7057,-60.0887,-38.6429,237.4822,-137.0050
-37.0337,-90.7326,-95.5511,-49.1894,69.4129,-74.6008,-85.1160,-133.6123,721.8651,51.6595,-28.5194,-8.0094,55.1937,-27.1398,-9.1574,-37.2762,-64.1379,144.8784,-94.5726
-13.3457,-147.6954,-95.0233,-155.2210,71.0586,-71.9040,-52.6657,-112.1648,663.2030,93.7610,-19.8051,-18.2585,-20.3056,39.4902,26.9387,8.8228,-127.3777,70.1623,-81.2045
-46.9160,-243.1717,-48.5014,-215.5014,36.7451,-79.7931,-61.6836,-85.8840,632.2789,129.2860,23.5315,-52.6091,-86.3580,39.5905,25.9990,26.1936,-214.8949,-11.9654,-114.4908
-118.2146,-345.6231,-34.2503,-250.0884,-53.6717,-85.8064,-107.3834,-122.0757,518.6400,99.8534,21.8993,-92.9232,-116.7818,-18.8085,-10.7776,13.4355,-281.1534,-93.6075,-170.9895
-138.6296,-314.5727,-83.1040,-271.9983,-124.5004,-71.9451,-121.6925,-167.7050,328.6395,63.9738,-34.2110,-99.2687,-111.9779,-61.9871,-34.1507,18.4818,-319.6367,-93.8648,-223.7413
-93.0549,-182.1950,-126.2357,-253.5132,-134.7893,-29.5728,-98.3024,-159.9354,296.3301,77.5979,-73.9755,-75.7712,-83.5553,-49.1233,-21.1096,35.0712,-309.6830,-21.7440,-234.5825
-23.8952,-124.1081,-87.7302,-198.4806,-110.6882,-11.3961,-52.8465,-147.1017,388.1765,58.9913,-31.0384,-72.1102,-45.4402,-23.1267,20.2692,12.3258,-213.9696,-0.1501,-185.1676
44.3448,-156.5141,-2.7183,-169.8409,-72.1708,-65.7220,13.5953,-168.9377,362.0664,-44.5952,48.7649,-103.5295,-21.0952,-21.6925,52.6772,-42.4659,-91.4571,-51.4583,-114.3484
86.8724,-174.1921,32.9253,-190.1275,-44.0942,-131.6601,50.4511,-174.8805,237.7079,-134.1423,66.7388,-110.2295,-26.7881,-5.2484,37.8015,-73.6994,-47.5639,-88.3566,-80.5334
90.3377,-164.4430,16.4462,-184.9064,-39.4088,-135.5445,31.5939,-147.2357,167.3307,-143.4053,38.6599,-49.3731,-25.7818,33.3857,21.5293,-73.7912,-45.6897,-102.5279,-103.1588
92.8652,-148.2937,29.0385,-90.5297,-15.6346,-111.0818,28.6973,-145.3016,109.6684,-142.5336,45.6633,23.3341,25.4374,20.2911,58.1806,-81.9725,30.2596,-110.9569,-162.1074
121.4361,-85.3155,93.1611,52.0115,46.3478,-113.7929,60.8262,-196.4466,1.9235,-175.7900,78.5188,51.6813,84.8430,-30.9028,68.7660,-103.3156,153.8797,-21.1788,-238.6577
157.3125,32.0712,163.0807,163.7464,111.5522,-139.9584,53.8314,-263.6866,-76.9424,-199.5069,94.8781,72.4365,90.4469,-10.0774,-12.6273,-104.1571,214.8640,211.4225,-320.4073
197.1042,124.6433,214.1764,208.0690,186.1901,-170.6547,24.5643,-301.9106,-88.2293,-199.9255,104.0501,109.4348,72.6307,63.8476,-74.7929,-71.7371,223.5424,439.3002,-349.0336
229.9640,111.6693,238.2558,184.8260,292.8897,-168.2866,68.2801,-279.7745,-78.9897,-193.4875,101.0268,107.7575,82.9095,75.6861,-29.0904,-17.2400,252.6742,518.9847,-244.0955
209.0050,13.4313,218.6846,128.0596,382.3582,-68.2822,170.4140,-187.6716,-51.1395,-153.2961,75.2825,54.4927,99.0179,51.0882,38.1491,55.0194,281.1809,502.3590,-44.0095
156.8795,-52.8239,178.7903,94.8091,404.1046,127.0975,235.7000,-47.6941,3.9476,-65.1356,68.7232,7.3473,89.2515,85.6761,61.5356,135.7323,259.5287,505.0473,102.4286
147.9886,-39.8189,175.1440,95.0829,374.3649,324.0705,239.9887,102.7386,61.4908,32.0546,92.0392,-14.7826,65.2067,150.1828,88.7892,198.6591,213.3257,516.7527,155.4531
146.7316,-48.5691,207.5146,78.9141,317.4184,441.0336,235.8567,220.3580,136.4587,112.7208,100.0399,-26.1529,39.2885,175.7806,129.9592,222.6219,174.8393,457.6517,211.3314
90.2868,-118.7136,206.4814,15.4999,243.4284,453.5961,265.7651,258.6784,222.6959,158.1925,94.7045,-22.3292,17.3175,159.1237,148.9994,206.0267,119.0813,330.2755,270.8131
56.9688,-134.1471,123.7144,-70.5330,156.7479,358.6240,290.8067,199.6395,213.3067,127.6163,84.3377,-20.4707,5.2905,97.7230,153.7897,167.1640,28.6817,191.5360,227.8233
112.0357,-59.9863,-10.8529,-130.8423,41.6728,176.1860,228.9364,79.8130,79.2943,47.4023,18.1187,-37.3863,-9.5256,3.2870,143.7328,126.7430,-52.5537,44.4344,104.6122
161.4910,-5.0754,-134.9399,-133.5378,-84.1719,-28.3495,111.7912,-28.8429,-22.9587,9.1446,-88.9594,-40.5939,-24.4813,-68.5503,91.9198,71.7269,-79.8097,-111.9363,34.2208
129.0852,-3.6362,-229.0020,-101.8314,-159.1417,-179.5703,70.2514,-76.1953,16.0999,20.8147,-139.2799,-31.9662,-4.8415,-115.4416,35.0815,-15.0541,-87.5205,-214.3177,34.1817
62.2116,-9.4402,-293.8201,-93.6302,-179.3869,-262.7178,111.4038,-84.2041,114.1086,24.5093,-119.7037,-58.2719,44.3252,-170.4733,32.7532,-83.7034,-138.8691,-234.6543,28.9575
16.2186,-30.9179,-281.9811,-118.8994,-178.8763,-318.6454,120.8616,-110.0228,156.9012,22.9144,-82.4197,-86.2248,70.9225,-193.9470,49.6611,-76.8133,-199.4464,-219.8491,9.3278
17.8582,-56.3892,-159.1769,-126.3645,-133.5070,-348.7066,84.7658,-159.2586,121.5029,25.7969,-19.1054,-51.1422,61.8453,-155.2138,16.0178,-36.9086,-166.2683,-175.5471,-4.6800
73.2985,-21.4162,6.1997,-68.0929,-37.2423,-320.0027,83.3142,-199.4980,55.5807,0.1202,70.5780,14.1047,50.2679,-108.8772,-41.9809,-31.6436,-28.1900,-79.4863,-31.9712
128.2267,43.6631,134.6083,58.5796,46.7419,-283.4441,124.5651,-225.4527,28.1145,-30.8978,123.8964,66.5967,54.3692,-79.0951,-52.1917,-41.8316,124.1539,14.5628,-64.9292
146.0966,49.2146,230.3016,187.5047,105.1196,-303.1889,154.7187,-225.3802,31.5188,-16.9329,126.2042,123.7512,66.9185,-38.2958,-23.4377,-26.8692,223.5432,60.0609,-61.1361
167.1238,11.6503,284.9007,211.6761,167.3667,-278.8445,151.8600,-156.7218,-14.1549,11.4350,119.6641,155.2797,72.0221,1.5390,-10.0726,10.6811,240.4902,103.2780,-12.9958
182.4853,-7.7015,235.8869,108.1910,201.7100,-94.6984,140.1438,-30.0056,-83.0354,33.7138,100.3701,103.5853,59.6330,31.3411,3.9278,71.7062,153.1997,161.1824,60.6486
130.6121,-28.7795,93.4447,-25.6936,185.1425,125.2152,156.6265,77.0965,-57.9083,98.2239,37.5953,2.1614,34.7541,68.5740,64.7452,147.7197,7.0578,165.6535,130.6366
43.9883,-89.8915,-54.2130,-114.2151,145.9832,191.3322,183.2215,116.5519,48.5631,181.9178,-54.5659,-86.8443,-13.8316,71.2205,131.7395,189.3766,-101.4076,86.1071,145.3000
-11.7659,-161.7022,-159.3697,-167.9709,72.4233,137.1771,158.0792,100.3897,126.7450,200.6690,-126.4865,-145.4556,-104.8804,1.9576,135.2245,183.1204,-143.4210,-26.6387,104.9181
-55.2162,-181.4707,-207.8522,-201.3655,-28.2558,95.7007,110.3361,69.6794,148.5830,171.6643,-137.7526,-150.6366,-183.4312,-65.4825,106.9822,172.8548,-164.3902,-110.4680,83.3828
-93.5883,-136.9806,-194.2615,-215.2443,-61.6189,80.6690,129.6689,69.6933,125.2056,167.3577,-101.9901,-102.9964,-159.0759,-65.8295,114.7119,170.8103,-198.3988,-143.5603,87.5156
-87.5191,-106.7280,-176.3188,-225.1433,-11.0515,57.5283,178.1972,90.7659,63.6049,183.7729,-69.8269,-55.7293,-52.6860,-41.0445,120.6880,153.8748,-240.3724,-156.0444,49.4599
-55.5051,-159.0917,-195.9329,-221.6190,26.7332,49.2952,146.7502,73.3644,17.8709,177.0167,-40.0790,-17.8156,28.0653,-32.4826,36.3627,119.2017,-247.5164,-164.9359,-8.9939
-24.2930,-214.7968,-167.4799,-171.5769,38.3087,86.2969,46.2805,24.3000,-11.0282,125.4499,25.8406,36.4112,46.2806,-25.9769,-118.5176,70.5365,-170.0773,-119.0871,-18.7030
47.4513,-149.2645,-29.8945,-79.4511,72.1720,150.4426,-50.2845,4.8629,-102.5840,38.0330,100.7634,74.3411,47.9106,-9.6306,-218.3783,20.1313,-37.2439,-14.2582,-27.6175
152.7545,-6.4532,96.9445,14.3622,84.4723,180.3953,-122.1156,-5.9206,-228.8126,-33.8410,129.7213,77.7068,61.1019,17.6763,-199.6226,5.7297,53.6363,37.6792,-101.0100
195.9394,61.3455,94.1697,64.0727,32.9603,132.9597,-145.1248,-64.9818,-280.4036,-58.6672,123.2521,89.4180,63.9036,51.7309,-143.7243,25.2688,63.6002,-16.6468,-169.5125
140.6152,13.3121,33.7744,38.9761,-32.3285,57.6283,-104.4267,-131.0913,-257.7023,-79.1133,108.7873,103.7253,18.3274,83.8606,-143.7147,17.7824,35.9744,-91.1490,-156.1700
62.4500,-64.3203,35.8440,-29.3030,-83.5984,39.5015,-66.0217,-133.1682,-216.1273,-114.1279,90.7489,92.0488,-67.4272,134.1017,-167.1225,-33.2338,14.0416,-122.7140,-93.4775
45.6556,-94.6975,83.5729,-71.9651,-121.7609,84.1656,-67.7745,-69.3979,-179.7599,-112.6886,89.3001,93.4553,-108.7939,205.1556,-138.1077,-64.4038,9.9961,-121.9929,-13.8463
84.5523,-75.4449,87.7989,-84.5876,-95.1017,151.8617,-35.5227,43.5725,-178.1220,-62.1529,98.0309,104.5779,-43.2981,219.0177,-67.0099,-24.1216,8.3860,-88.1950,98.3713
94.4694,-49.3765,31.4588,-103.6930,10.1082,220.4836,70.4754,177.4030,-174.8791,-10.5771,69.2581,51.4706,70.3278,129.8600,-4.5239,59.2440,-16.3145,-39.1415,215.6931
47.8883,-41.8574,-30.5929,-119.2559,105.0850,239.8086,169.2171,251.6966,-104.5569,5.1054,18.0269,-35.0980,132.2755,20.8792,35.1986,105.5156,-56.3406,-34.2153,267.1601
21.7047,-41.2116,-73.6793,-124.5068,119.4840,158.7167,194.6380,225.8490,-49.3862,-24.1414,-3.7701,-60.8009,123.1620,-26.5574,55.4535,82.1774,-99.3837,-94.2547,222.0803
30.2311,-42.0109,-130.6944,-157.6242,66.9385,21.5530,186.1261,157.2308,-76.2651,-62.1693,-25.4669,-58.8399,89.6075,-40.0717,73.6651,52.1424,-180.8000,-198.2747,112.2157
-9.6962,-47.8783,-212.1154,-219.3820,-12.0382,-96.9443,188.4422,79.5003,-82.1311,-58.7767,-79.7937,-101.8203,68.9870,-79.4159,115.1924,56.1046,-307.4166,-317.6753,-11.6192
-76.0544,-42.9319,-273.5782,-268.0456,-86.4742,-199.6901,167.1814,-46.7088,-83.2582,-63.5466,-108.9338,-151.0487,54.2047,-164.6481,156.2861,28.4457,-401.5156,-399.7422,-132.8273
-59.8674,-32.7443,-280.6763,-293.1662,-154.1924,-300.5039,93.0405,-219.7942,-196.2575,-155.5299,-82.1957,-159.8046,13.4843,-263.4729,154.4595,-65.6952,-409.2738,-422.0116,-259.4363
8.2482,-48.6810,-238.7812,-291.0184,-238.8507,-351.7274,10.7104,-366.6700,-281.6691,-261.8901,-53.0745,-154.0062,-53.0858,-293.7749,125.0299,-144.3525,-356.4077,-429.3408,-351.8004
14.8824,-65.8898,-175.5035,-249.7674,-332.2409,-318.0494,-59.0135,-428.7006,-214.6493,-268.6594,-56.3785,-146.4060,-111.3611,-210.3559,94.5295,-144.6562,-280.3441,-432.6719,-345.9830
-34.6778,-41.5469,-145.0249,-215.9501,-385.4266,-235.5784,-145.2950,-396.1824,-184.2655,-212.4607,-96.9277,-119.2117,-148.1947,-80.8738,58.7585,-94.6937,-219.7457,-398.4810,-263.7342
-64.4645,-19.5292,-169.0883,-238.6636,-358.9786,-161.6553,-189.6895,-303.0078,-218.2335,-165.9536,-164.0246,-70.4070,-153.5845,3.4927,40.0712,-39.0387,-198.6611,-347.3773,-182.7621
-42.4829,-44.7667,-160.8642,-253.5495,-248.2020,-118.7097,-108.4292,-219.8231,-118.8107,-121.4214,-174.3426,-6.6621,-96.7140,30.4707,61.5082,-14.1056,-165.5510,-306.3595,-124.2102
20.6060,-60.9722,-52.8690,-180.9256,-118.2261,-98.5416,1.1440,-181.6606,-25.1745,-84.5184,-75.5434,48.0897,-10.9560,28.5026,88.4066,-31.0120,-83.4815,-251.8168,-72.8068
73.8342,-26.2691,50.7179,-81.5839,-81.1535,-91.0881,13.6185,-133.4887,-117.6147,-70.8546,14.7370,55.0336,16.1520,10.4754,107.8743,-40.6897,-30.0422,-191.1472,-25.4980
75.7385,7.2401,33.3781,-58.7113,-134.3616,-86.7223,20.0950,-25.3205,-108.0100,-40.7746,-11.3277,22.2759,2.4611,-18.2703,150.8887,-22.0172,-54.0495,-145.9888,31.5305
63.1963,1.0405,-40.6905,-86.5255,-137.1763,-70.5103,106.7560,89.2358,126.1200,14.5025,-63.8239,-6.5550,44.2201,-45.5583,189.5653,-29.8188,-81.5851,-96.4595,89.9058
60.3718,-27.3036,-73.9481,-83.2050,-43.7259,-53.6660,151.0417,129.5756,207.9425,50.9139,-47.5534,-24.6212,122.9698,-55.8525,180.3881,-57.3680,-74.5247,-75.3998,95.4454
22.0617,-64.3160,-102.6741,-64.2233,32.5510,-81.1893,91.4806,93.1534,64.7176,65.4162,-30.7627,-42.3496,140.8556,-59.1552,162.8402,-28.2438,-73.5473,-125.1771,46.8707
-29.8749,-94.2156,-160.6516,-71.2268,40.7954,-164.7852,40.9120,20.9371,23.4193,65.8521,-66.5201,-49.1820,100.0204,-101.9422,163.1579,30.5703,-58.7352,-138.6343,12.2162
-11.2060,-92.2964,-169.3226,-48.4177,51.3619,-250.2298,20.0867,-56.7581,80.4024,32.0597,-82.7610,-47.6543,64.7564,-184.2608,128.3514,27.8881,15.0003,-34.5383,7.3408
54.1063,-69.6246,-84.3157,37.2990,85.3642,-270.9337,-40.4145,-103.4015,34.0627,-11.2032,-41.2936,-47.8961,29.2534,-204.7210,44.5751,-11.7825,97.6689,49.2339,2.8491
81.0945,-56.2763,11.3119,71.7327,86.4485,-197.8909,-91.2328,-91.1726,-40.7465,-20.3813,-3.9442,-29.6464,-44.5610,-92.2224,-33.2538,-4.5449,115.4741,20.6437,20.1770
62.8702,-63.1799,33.3583,-26.7181,36.5549,-65.8974,-72.1081,-36.7341,-46.0527,-2.3672,-13.5209,12.5149,-136.1821,65.4064,-73.8826,47.0032,65.5374,-8.6970,81.3122
19.9907,-95.9337,10.6585,-154.2281,-19.2216,40.0990,-37.9947,33.9518,-17.3830,42.8509,-40.8595,34.6878,-180.4467,137.5057,-74.3266,88.0313,-13.3990,-0.8477,147.0499
-24.7781,-143.6354,27.4959,-207.9939,-30.8412,83.0676,-9.8013,107.5488,67.0990,110.6204,-39.0104,16.5153,-139.6433,125.0889,-40.8725,88.0133,-67.9373,-36.4994,186.5034
3.1246,-159.6614,100.3464,-219.5615,-2.0329,107.3103,46.4203,153.1524,145.1838,124.7635,9.8054,2.3047,-52.9758,112.3988,-8.9701,47.3463,-51.6548,-80.3036,205.1223
121.4692,-105.2649,168.6795,-199.7228,3.4514,118.4362,87.1389,156.8733,62.7681,63.3632,84.7054,27.8999,5.9657,113.4419,0.5735,-0.5817,23.7799,-65.8233,193.5054
219.9230,10.5640,200.7461,-103.1926,-40.6392,54.8967,71.1177,157.6686,-78.4692,31.6989,151.5724,67.4833,30.6714,73.8367,4.8070,-21.7283,101.2272,-57.6244,139.4919
224.8724,129.3065,221.5567,21.1025,-60.2773,-79.0518,62.7341,174.8205,-61.6619,75.3557,192.9606,84.5275,76.3868,-17.1119,4.4790,-29.9846,136.6909,-90.6170,70.3206
178.5600,175.8697,230.8131,89.5744,7.4157,-195.5291,110.5233,188.9303,57.0325,123.0760,199.9582,87.4177,153.5455,-107.4882,2.3552,-51.3398,127.5121,-93.2756,36.0296
126.5206,161.6547,210.5141,137.6767,122.6697,-240.7918,169.4404,214.0068,105.0496,145.4526,173.9836,101.1048,215.3679,-153.0895,33.9082,-71.7587,122.7452,-42.8248,59.9653
97.1280,196.0756,202.6004,218.6396,227.8848,-234.6784,191.8765,249.4558,58.7700,151.5813,152.1458,120.6953,241.0755,-155.6391,85.7952,-67.4392,168.6134,27.5059,98.0990
126.1455,291.2822,243.8418,274.8469,309.7856,-235.4631,180.5849,218.3151,0.7255,105.3852,164.9539,127.5654,250.1249,-160.6904,90.1842,-55.1281,223.7130,101.5108,79.7604
179.9239,305.0767,273.9783,250.1979,345.5890,-276.4438,167.1979,103.3884,43.3077,17.1691,179.0889,120.0082,248.6191,-210.3584,51.1264,-80.7322,232.2272,146.1469,24.0424
175.4539,177.8082,234.6597,196.5342,306.0028,-292.2490,175.8151,11.2529,182.2596,-19.4684,156.3304,103.9383,212.7029,-254.4051,41.5815,-141.8242,237.6453,152.3873,18.7395
112.7478,30.2869,169.2166,185.8842,211.4207,-197.9236,175.0517,-8.8528,235.0406,30.4712,120.1620,81.5442,125.4877,-193.2674,75.7678,-153.4826,283.5979,178.7251,61.5416
59.6537,9.0405,137.5141,209.4295,107.4362,-39.5391,118.9307,-18.3187,174.9707,102.6766,98.4140,54.3579,18.6664,-56.4736,99.8372,-73.9854,313.9596,230.4232,81.8453
40.7263,207.4805,140.1552,208.5435,20.6190,91.7417,50.1629,-20.2145,210.0574,147.0822,77.0283,27.1534,-52.6654,23.1982,73.8921,-1.4915,287.3054,244.5320,100.3631
42.0573,601.6676,161.0139,172.5915,-34.4196,212.5755,47.8737,53.3545,327.3511,179.8008,55.6813,26.4765,-86.0432,31.8592,6.7473,-15.3364,238.6710,225.9893,178.1633
64.0546,941.5718,187.9229,151.5134,-66.4376,345.7956,86.0081,192.5396,302.2935,222.5802,61.3008,82.6658,-120.0173,56.9639,-52.7780,-42.6520,185.9367,208.8933,271.1165
109.3724,970.9534,200.1732,148.9966,-115.4838,422.0936,79.2435,308.7640,184.6842,244.5508,92.0669,154.5427,-143.1582,93.3988,-60.2561,-17.1928,127.8311,161.3313,311.4850
165.6633,782.5130,193.7777,99.1031,-182.0549,405.7007,41.4726,351.4481,187.1476,208.2034,126.1723,153.0234,-105.8324,88.6926,-18.6727,10.4802,94.3386,76.4163,338.2218
212.7522,648.0866,180.0859,-1.0594,-192.9459,347.5643,64.7021,348.4629,260.3319,153.4673,154.1288,77.3211,-18.5261,68.7901,44.2163,11.5223,85.9127,9.3415,403.0437
225.8403,620.2466,151.5626,-66.8881,-100.5369,287.2768,159.1650,353.0258,245.4003,142.3059,151.5052,16.5095,56.9295,58.9096,103.1255,21.7876,60.2550,-24.3720,454.7255
193.5643,602.9208,104.0941,-64.0467,45.4071,236.9457,238.2047,363.9743,177.5521,149.9239,99.3093,13.1255,99.6382,35.1916,129.9706,31.6775,23.2520,-36.2234,426.4184
140.1038,584.4243,66.9208,-27.9725,169.3933,204.8112,256.6668,329.5375,157.1204,128.4377,48.9413,42.3750,135.1284,5.0018,120.4197,10.8630,22.5576,-10.7567,345.4590
103.8146,568.5814,67.4304,31.6338,249.5524,175.6364,252.3255,251.8856,158.6088,106.7957,60.6860,78.7257,175.3308,-12.7119,103.7378,-11.2527,65.8643,39.3184,275.7371
90.0046,515.3148,95.8639,111.9821,297.7798,143.3747,254.7238,196.0887,114.6148,122.1761,97.7190,86.8602,208.3839,-31.3319,87.6453,3.5498,113.6755,77.5241,220.8583
73.7077,437.5127,115.4986,161.0774,310.8226,124.2233,252.4207,173.7397,68.8596,150.6911,93.6874,30.1386,223.3779,-43.3622,61.0053,53.5898,114.7893,97.8751,155.5254
60.0574,369.4695,94.5084,132.4904,267.0401,100.4306,230.7928,137.4208,111.9027,157.3428,64.2674,-64.2585,212.0838,-39.3775,50.6501,117.1086,46.3525,77.3015,91.9438
80.1530,295.6633,37.9815,40.2313,164.9221,55.0285,172.1231,78.2258,180.0803,133.3596,46.7008,-135.4781,167.5545,-53.3325,80.4104,157.3264,-54.6594,-10.1416,41.1589
100.6572,214.9854,-19.9928,-58.6698,56.7277,27.8052,78.2583,27.4304,151.3918,104.6434,27.0799,-165.8146,111.8408,-88.6727,116.7657,154.8283,-134.1119,-91.8435,-20.4608
46.8497,149.8259,-57.7998,-100.6460,6.2456,32.8261,14.9425,9.6778,119.2901,122.2142,4.6470,-162.6271,97.2441,-115.2841,135.7130,141.7524,-175.7245,-88.4457,-84.7227
-54.0879,95.8986,-67.4441,-74.0716,-0.3641,21.4200,30.6010,36.2924,202.7586,180.9794,7.3175,-131.4216,129.5412,-145.7633,161.1970,144.4323,-179.5015,-66.9112,-105.9115
-99.9945,70.2777,-39.4583,-41.0768,-34.9415,-23.3208,66.9162,87.4782,239.2009,214.7172,13.9427,-97.3408,135.2608,-167.9920,187.8649,153.1777,-154.8058,-115.4085,-87.2050
-86.9823,92.5698,3.3166,-45.9970,-102.6302,-72.7729,59.5030,132.5523,105.7671,221.6675,-14.4575,-79.5641,79.8869,-125.6999,167.3256,169.5364,-136.6576,-175.1775,-61.7071
-85.6600,87.7246,10.8111,-48.9736,-121.2182,-103.8983,37.7919,192.6023,16.9425,255.4382,-49.7815,-57.1654,44.6933,-63.0956,106.9617,185.9801,-126.4455,-154.0941,-18.3330
-96.8338,1.2907,-19.2874,-6.8291,-43.6878,-95.4236,45.1507,287.8185,119.4096,295.3384,-56.5443,-14.7861,90.1078,-66.2917,85.1076,167.3743,-83.6942,-74.4267,39.4382
-97.6618,-56.7690,-51.6475,50.3692,70.5601,-61.6914,67.8382,350.8020,221.5667,286.9119,-63.9429,26.2354,145.8560,-78.8467,125.2208,131.5380,-28.0596,-5.3473,52.9855
-113.7895,0.8372,-88.2417,77.2915,130.2636,-60.0015,72.7568,317.9762,146.6761,243.5822,-89.7088,57.6871,138.3833,-19.1159,146.9709,131.6915,-11.0945,43.6613,18.6447
-126.4661,66.5402,-136.8396,88.6910,118.8738,-68.1774,36.8623,239.8360,-24.8337,190.2724,-100.7193,103.9577,101.4863,61.9494,101.9179,142.4552,1.4790,114.9859,5.5509
-79.7797,49.1451,-157.5291,125.8349,95.3672,8.4501,-38.8740,198.1167,-112.2822,116.9938,-92.8132,165.0782,79.7821,110.7189,49.8317,110.7834,55.2091,233.4947,28.3981
-15.6993,37.7846,-126.6780,177.0300,93.6990,152.1059,-124.1488,198.2470,-71.1418,25.3706,-89.0067,198.2022,51.9840,137.4366,18.4184,59.0448,102.7016,346.3756,40.9314
-7.4414,90.7591,-87.2700,187.0804,72.3940,247.2769,-206.8346,197.4175,-97.4078,-73.8200,-80.5158,184.5906,-10.3238,121.9870,-65.7025,17.8849,108.9384,355.8541,25.8611
-18.0700,96.8357,-91.7404,141.2623,-9.4721,261.6783,-295.6564,169.3676,-335.4106,-159.2880,-76.0624,155.2545,-107.8528,66.4497,-208.1097,-17.7903,108.9285,243.0444,-13.4587
-8.0534,-18.0479,-153.0968,73.6138,-133.4980,230.7557,-364.8658,126.9852,-528.3953,-175.0321,-116.8710,116.2690,-219.8831,32.3061,-294.7017,-24.0382,90.9674,95.5817,-74.4292
-38.8095,-150.5115,-236.4305,-1.8183,-261.0067,155.3483,-389.4582,102.2572,-401.5423,-119.5403,-166.9804,38.7464,-288.7704,15.5027,-284.4888,7.9072,9.6185,-19.1228,-121.2466
-121.5273,-186.8190,-266.1628,-88.5946,-347.3690,45.4392,-387.6439,97.1246,-170.0393,-92.5738,-140.0024,-41.4204,-265.4473,-21.8033,-250.3118,13.1201,-89.7609,-114.0051,-122.3008
-154.1392,-153.8938,-209.3727,-161.2231,-337.7828,-49.9891,-355.3688,84.0603,-128.6914,-134.8029,-63.8563,-51.4296,-182.2568,-36.9797,-215.7003,-31.7632,-134.0491,-194.0584,-108.8775
-97.6600,-131.8985,-137.2341,-192.1643,-238.0999,-110.2948,-270.5300,62.0107,-163.9729,-157.1498,-30.7757,-27.4582,-95.7484,-13.4897,-150.3138,-59.0663,-140.7375,-220.4878,-118.9170
-29.4599,-128.7322,-110.1063,-182.3519,-124.9342,-154.8202,-173.5926,50.7392,-109.2427,-114.4109,-20.4857,-55.2289,-6.5068,-17.0093,-81.8539,-50.6628,-147.6419,-188.0299,-144.3174
-4.0444,-100.2963,-75.0645,-130.9808,-32.9312,-198.9293,-112.5137,30.3079,-47.1567,-85.2253,28.7840,-90.2238,82.6327,-51.2071,-55.3383,-71.3250,-123.5642,-141.5847,-179.5146
-7.8568,-39.5158,21.1882,-35.6660,58.0583,-233.0627,-73.4412,-47.2642,-51.0429,-133.2003,73.1180,-35.2720,131.0785,-68.8961,-53.8772,-135.4143,-27.9696,-99.4752,-240.0360
-23.0292,-4.2686,120.2429,75.1422,130.4622,-226.1334,-52.6831,-176.2945,-90.4909,-220.4945,58.8109,71.8464,139.1274,-83.2014,-48.4402,-173.1021,110.3024,-36.0207,-312.1169
-42.5943,-39.7741,144.6019,157.3396,159.0813,-168.8176,-62.8715,-267.9406,-143.1086,-270.8480,31.4324,126.9952,140.3221,-95.5500,-52.2776,-133.2637,212.4435,53.0321,-344.5975
-50.8367,-78.1138,112.7409,184.4947,172.4823,-96.4200,-65.4551,-238.9257,-155.3510,-246.8760,37.5703,121.2991,115.1917,-63.5366,-89.1450,-50.3272,234.3187,131.1150,-301.9846
-23.5733,-4.0854,95.4081,166.7757,178.0356,-21.4465,-45.3467,-121.0469,-106.8367,-170.1065,55.4260,111.9416,38.2049,-7.0265,-141.9493,1.7289,217.6373,177.8267,-203.3744
39.0145,142.0774,108.5839,151.3742,140.6108,89.3784,-50.9436,-14.6696,-91.7978,-89.3352,57.4352,118.0220,-42.8608,23.7978,-150.6108,9.4065,218.6380,215.8395,-95.7452
68.5716,176.4181,94.3233,156.4769,76.7772,225.2633,-63.3536,59.4770,-124.8033,-33.1737,28.8613,107.4015,-82.6522,26.9222,-92.1598,19.3808,210.9851,251.6387,5.8185
1.4291,52.7332,15.9792,128.1251,29.7202,309.9586,-12.8118,152.9212,-93.0893,5.1899,-32.3486,56.8772,-99.9744,-0.0675,-34.4651,30.1494,144.1920,230.5317,113.4130
-82.0510,-58.8671,-68.2459,42.5065,-16.8417,295.8050,60.0010,252.9690,1.1637,39.7095,-77.6088,5.8407,-102.6926,-45.7304,-36.4708,7.0052,48.2761,119.0717,201.7191
-58.9627,-49.0710,-96.0931,-27.7218,-76.5538,212.4058,67.2766,284.8187,35.7426,51.6496,-71.4533,2.2522,-72.5099,-55.1407,-58.1348,-5.6004,-15.5601,-1.6638,217.6091
6.3151,-6.2728,-101.0120,-29.5618,-98.8360,120.8113,37.2413,230.7590,-18.7708,11.5802,-69.0361,12.1091,-32.9564,-44.5638,-42.1942,34.7147,-35.1924,-31.4386,162.0991
-26.6302,-10.7182,-117.0471,3.0973,-51.5824,41.0263,48.3232,145.8665,-73.3550,-47.7088,-104.5697,-9.4842,-16.2478,-81.5182,5.1383,39.8475,-22.5464,-2.6181,91.4756
-102.0761,-11.7176,-100.4071,34.6853,26.2248,-58.5618,101.0524,77.2181,-50.4826,-65.8260,-107.1955,-18.6168,-4.9470,-114.4826,48.8509,-55.9137,-1.5698,-14.6519,41.6393
-79.5107,33.9182,-52.0671,54.6806,81.2598,-177.0877,143.2080,19.3947,-1.7617,-70.1715,-46.1671,14.6856,10.0001,-70.4941,55.4742,-145.6692,-18.3632,-78.9962,0.7077
8.1464,78.7390,-42.3375,45.4440,94.4963,-264.7708,131.9297,-63.5009,-50.9770,-123.7383,4.0076,29.8491,-1.3132,-32.3130,14.2698,-133.8454,-65.4328,-145.3162,-65.5365
59.3249,72.1806,-35.1845,27.2508,88.9155,-330.7684,63.3288,-186.7157,-149.5641,-194.2603,27.2560,8.2669,-32.8089,-72.9781,-26.7256,-92.0822,-52.9065,-187.6326,-177.2164
94.1939,19.2980,77.7246,55.7554,97.4998,-415.2740,-20.9149,-330.1001,-136.8402,-234.4387,91.0595,8.2652,-41.5245,-107.3631,-26.9756,-101.8069,58.1170,-180.4343,-307.0063
152.8798,-38.2305,237.0418,123.2030,106.9862,-444.5849,-89.7953,-464.2219,-96.2752,-281.8972,169.9095,30.1950,-31.5173,-69.1928,-35.5060,-126.7250,186.5601,-101.8425,-394.6198
197.4839,-47.2283,278.0744,170.5530,90.1803,-315.9830,-143.2659,-541.6139,-204.7419,-337.5947,163.2486,30.8865,-35.8314,-6.5999,-93.6016,-110.8020,250.0204,11.8193,-398.6166
209.3244,-4.0153,204.8699,187.1808,81.3900,-78.6170,-146.8464,-498.2016,-324.6534,-321.3904,88.9280,27.1152,-37.2382,36.0481,-134.9736,-61.8344,246.6249,108.3083,-309.7379
203.5729,4.5047,143.8697,188.5056,116.5009,143.0214,-62.1389,-334.9892,-270.0156,-225.3797,56.2653,35.2428,1.2201,50.1658,-94.3543,-21.6330,204.7177,168.0120,-142.4702
156.0041,-82.4883,114.7775,150.2912,142.1049,279.9505,53.7414,-140.9891,-164.6380,-120.8203,71.6001,18.9614,55.3433,41.6971,-15.2359,-18.2434,148.4825,164.2860,43.5550
67.8953,-171.8123,71.5109,65.7649,91.6141,298.4986,116.8756,1.8299,-116.4035,-38.3993,46.7518,-14.2354,67.8590,49.1299,34.4865,-32.9176,110.4270,86.2950,157.7321
18.2748,-144.3820,44.8236,3.4017,-4.0390,230.0242,142.7053,62.1666,-36.0690,8.2817,-26.9676,-6.0588,46.2049,78.3258,64.3384,-28.2445,112.1751,0.4457,162.2677
28.3656,-64.1884,66.2487,19.4133,-53.9095,180.9601,181.6554,42.5364,42.0017,0.4590,-65.4757,31.2045,62.3303,76.2447,110.7695,-24.3165,129.6801,-19.8126,108.8857
8.4180,-81.3984,76.7580,65.1444,-7.3542,175.9828,221.0480,-4.8368,24.7367,-13.7186,-37.7206,23.1145,144.0928,46.6170,150.7610,-67.5702,107.2518,24.2133,70.5731
-67.1588,-177.8160,28.7717,62.4029,103.2126,147.8334,246.6499,-24.6447,34.3827,16.1982,-0.6469,-36.4066,234.3686,42.6264,149.0542,-121.3186,25.9900,88.0164,66.0697
-103.5912,-208.0750,-31.3471,22.5297,192.3138,94.3441,282.8788,-39.8843,142.3723,38.2744,8.9225,-75.2801,276.0528,45.1298,146.0787,-104.9634,-52.3762,104.8052,62.3770
-71.9699,-146.0807,-46.7864,1.3988,204.5913,19.4446,310.2742,-90.1709,178.1748,-3.4171,17.1244,-62.0827,261.9883,17.5948,180.2941,-36.7982,-59.1119,18.5751,24.2326
-53.1503,-98.9048,-29.5145,-5.7153,154.8625,-135.1116,259.0494,-160.5305,79.5722,-76.8614,43.4788,-46.0070,192.4816,-10.5499,175.1736,-17.0524,-22.7083,-111.0238,-62.5646
-54.8415,-120.1558,-12.7682,-22.2595,78.4517,-301.4480,116.1957,-245.8601,-14.4283,-140.5269,75.1572,-64.9226,77.8782,-27.7188,64.6655,-71.8732,-12.2432,-153.1054,-182.1882
-5.8724,-165.8887,14.0344,-22.7668,6.7047,-327.7707,-43.1591,-337.9222,-62.0385,-178.5688,105.4628,-90.6107,-25.6051,-46.6634,-59.4044,-120.3804,-13.2751,-88.7784,-259.1273
60.3221,-193.3304,63.4275,1.8366,-20.4437,-289.1277,-128.6243,-338.0081,-100.2999,-161.9179,119.1834,-88.6040,-77.8492,-20.2340,-98.3509,-103.2937,21.8793,3.9494,-194.7599
50.5298,-199.7001,84.6255,12.9002,-6.9236,-357.8958,-99.2537,-169.2609,-72.0454,-76.8135,76.0018,-63.1842,-108.9022,66.7177,-90.9012,-47.9994,58.6843,87.9384,-0.9162
-6.3765,-205.1660,23.6423,-2.3108,-29.1200,-444.0168,-0.0583,71.5843,34.9718,48.6242,-18.2430,-36.8953,-142.2815,116.9098,-75.6968,6.0886,30.4004,136.2111,175.6180
-40.0559,-238.4711,-83.8964,-38.0244,-131.4474,-383.2817,64.5985,224.6252,109.7824,169.8636,-92.3408,-39.5368,-152.8723,84.9569,-22.2017,45.6395,-60.1518,98.5025,229.0660
-82.9655,-295.1900,-165.8064,-113.2845,-248.2720,-270.3094,62.5940,244.3171,132.6912,239.1225,-117.8770,-84.1384,-137.9054,57.6073,42.6507,45.8585,-162.5372,6.3954,202.4874
-164.0362,-328.6413,-211.8853,-207.5717,-287.2988,-253.7778,74.7799,197.7890,198.0011,238.8816,-140.2052,-130.1567,-121.4170,81.1761,52.9486,8.7942,-238.9504,-44.2311,175.9428
-227.1442,-329.9679,-245.2013,-253.7793,-232.6872,-282.0295,128.4009,168.2293,265.6081,207.6656,-174.5577,-134.4334,-92.1529,94.4564,23.5142,5.7971,-277.5675,-38.1452,162.5678
-247.0879,-351.8178,-265.6257,-249.4280,-129.8712,-276.7302,143.8072,168.1217,189.4389,177.7229,-189.9424,-111.6915,-38.4972,57.7087,4.4285,61.0528,-297.3049,-28.6959,142.6794
-253.8348,-399.5096,-265.6404,-245.3015,-16.4652,-277.4167,117.8798,143.6200,33.8919,145.4539,-183.0336,-81.5607,5.0625,-0.8634,14.9951,82.7311,-321.5867,-30.2925,109.1255
-244.8801,-397.4158,-227.0636,-234.8702,92.6742,-304.8755,132.1543,90.3640,29.0743,115.9485,-152.8769,-42.0120,20.6880,-42.0166,61.0601,22.8249,-325.6649,-18.5502,72.2366
-207.0953,-320.1942,-123.8061,-177.7935,168.2694,-302.9669,149.1764,58.9513,153.3041,76.0135,-75.6284,-21.3853,30.5309,-41.1211,93.5607,-38.3406,-263.5646,19.1259,46.4977
-150.6187,-238.6785,9.9603,-82.7867,174.9357,-257.1484,74.7473,24.7528,143.8767,-11.5792,13.5416,-38.1147,30.2969,-10.3985,34.2949,-47.2905,-147.6459,56.2256,14.0493
-74.8428,-195.1303,102.5407,1.6336,128.8283,-231.9985,-30.8192,-68.3054,-28.4576,-105.5984,47.3876,-49.6805,0.2628,-2.7431,-68.7911,-47.8786,-44.2912,39.7805,-61.8563
-2.6663,-170.5043,158.9505,35.1206,72.9709,-255.6956,-76.8306,-169.7379,-133.7640,-130.3826,59.4154,-37.3851,-38.4702,-33.3736,-91.0679,-66.8999,7.3269,-19.4458,-157.7267
12.8583,-175.3719,228.7278,36.5681,10.1083,-242.6002,-114.0734,-209.3423,-115.6126,-125.7267,117.3062,-24.2664,-61.6367,-41.2941,-43.4457,-76.2856,38.7809,-19.7663,-200.3293
-8.0444,-215.7369,295.0031,86.1518,-49.0906,-113.0037,-167.0065,-202.2356,-99.4892,-148.5998,174.9308,14.6025,-75.7617,14.4801,-22.5433,-54.4277,106.5882,80.6446,-172.5944
6.1457,-217.5540,321.0170,206.6513,-57.9158,60.7920,-157.4358,-155.3479,-89.7207,-132.7742,171.0752,95.8480,-77.1018,89.3574,-26.1857,-6.3230,212.2937,182.7823,-121.7762
46.7819,-142.7554,317.7131,309.5473,-60.8164,159.7878,-113.8582,-57.9160,-47.0678,-45.0512,143.4188,148.9946,-67.7907,134.6495,-6.5151,39.1065,293.2784,194.8254,-82.1358
53.0506,-76.2803,279.0339,334.5759,-178.4896,193.1267,-148.0056,28.7452,-37.3140,27.7421,101.8002,138.7573,-93.4402,168.6218,18.5263,57.9127,299.7748,144.5329,-60.7285
6.8331,-75.6428,180.1246,317.2001,-357.1707,218.3391,-213.1057,67.3997,-50.9578,71.9229,-2.8009,119.1700,-156.9717,211.4135,27.9626,81.0136,247.0203,102.3912,-42.9902
-78.1250,-96.6711,65.3239,281.3674,-371.1433,219.3467,-167.8747,122.3000,11.9935,150.8527,-116.2301,98.8837,-171.2363,222.1496,44.8458,136.1308,183.6467,96.0026,19.8957
-156.5634,-128.6266,7.5365,212.5782,-161.3789,191.3865,2.1916,205.3010,113.7904,210.1055,-137.6351,42.5651,-95.5128,172.5023,81.9755,163.7235,142.3786,110.3181,155.8924
-160.3143,-204.6129,10.8306,122.7732,89.8946,176.5476,216.0759,240.7287,168.3145,170.7650,-111.9484,-20.3397,-1.4790,114.5870,128.2816,111.6551,121.3202,114.7603,311.2913
-107.8338,-288.8785,31.9291,40.9185,243.9009,156.4912,398.4208,227.0346,228.1831,112.2401,-133.0897,-57.2161,53.2310,91.1376,163.0191,44.6826,98.7517,97.0693,405.8555
-97.3858,-328.0854,31.9789,-4.0485,312.4630,88.7540,475.1133,218.5559,305.1996,117.7407,-171.7753,-99.3058,77.9616,56.8053,152.7086,45.6120,72.1969,77.8608,414.7661
-140.5152,-329.2490,-6.3002,12.9087,323.1696,23.8489,425.3623,198.6466,286.4085,118.5433,-180.4744,-149.6336,72.8456,-18.8581,80.5433,88.4664,61.5603,81.3611,362.6051
-156.3053,-292.9455,-54.0981,56.4788,289.3699,32.8369,317.1010,139.1711,189.4488,54.6908,-194.2703,-158.5065,35.4266,-69.7635,-34.9366,82.1128,71.7958,104.3014,286.5497
-119.8536,-216.4862,-66.8981,61.4734,250.3100,93.9704,205.4057,69.2655,138.0557,-12.2878,-221.1337,-114.8039,1.8746,-51.0934,-168.2727,-6.0506,91.3939,113.1079,218.3344
-80.7142,-160.9142,-48.0336,39.2208,218.9507,141.0879,99.8045,7.1511,87.8535,-25.9605,-213.2254,-61.0957,-10.2524,-23.5763,-287.8075,-97.8774,102.8096,69.3118,162.9034
-76.1745,-161.2761,-19.7813,23.7554,164.7758,146.2763,32.9598,-44.1253,-39.9708,-9.8259,-168.8479,-40.3386,-22.2850,-32.0536,-348.5541,-102.8534,71.8933,-27.9532,97.7390
-96.6378,-168.7503,10.7024,-12.4021,75.2238,134.4151,13.8215,-56.9860,-138.1712,-8.2256,-126.9690,-56.9529,-35.3046,-28.0926,-347.4679,-59.3611,-6.2570,-134.4421,8.3483
-106.8413,-169.6062,14.2102,-58.6568,-33.5443,152.0688,-25.5958,-41.7472,-164.6354,-43.2807,-101.7880,-66.7332,-41.7426,14.4341,-343.6639,-73.1292,-64.7798,-197.2027,-81.4511
-94.3740,-185.7928,-19.4613,-43.3693,-125.5426,197.8398,-101.7998,-48.3733,-256.2383,-96.8198,-85.4737,-39.9577,-49.5120,38.0786,-368.3737,-140.9266,-62.2045,-181.3624,-122.4814
-83.8130,-178.7364,-27.2790,11.2117,-141.8893,214.3505,-120.5292,-58.2048,-371.7500,-117.8148,-60.6032,-14.7065,-37.6737,9.1660,-376.4451,-176.4762,-57.2767,-97.5092,-100.0335
-85.1626,-149.7481,11.4542,7.4845,-72.7440,183.9570,-50.0690,-13.7835,-313.0004,-83.2886,-21.7246,-22.3443,12.2941,-32.5348,-334.5858,-146.6823,-98.6315,-20.1468,-62.0189
-93.0802,-190.7443,10.8457,-63.7136,-1.4838,144.9422,10.9992,55.8559,-154.6867,-21.2376,-11.3132,-37.5228,48.9231,-62.5593,-285.4776,-80.9486,-159.2893,-15.0015,-50.7480
-126.8765,-282.2981,-69.0170,-147.4422,7.6842,95.4081,12.2911,73.0533,-117.8803,30.5029,-62.0455,-48.3416,35.0812,-105.7881,-270.5663,-47.1900,-223.8908,-60.9255,-58.9331
-176.6637,-289.4911,-158.0204,-209.5910,-12.8594,-7.5693,10.0630,17.2246,-174.2144,39.4029,-117.0866,-63.3023,25.4802,-163.8566,-261.7380,-108.3432,-283.0519,-103.5126,-96.4435
-182.6207,-215.4464,-198.3673,-193.1247,-23.9289,-149.8858,2.1283,-88.0690,-238.3401,-8.4396,-109.3585,-58.8930,58.9096,-194.3137,-234.3320,-199.8345,-263.6773,-112.8376,-197.0144
-139.7997,-160.8479,-182.0929,-50.2023,-30.6013,-241.2172,-83.3663,-198.1899,-366.6227,-71.3426,-71.5097,-24.6863,89.6443,-173.0386,-227.3079,-197.9570,-124.3592,-57.9114,-313.5659
-90.8668,-100.1889,-117.4556,142.1619,-27.5232,-200.4140,-206.6554,-242.9077,-477.3661,-102.3341,-70.5532,5.5526,70.8046,-119.7974,-263.6186,-151.9486,50.4402,52.6749,-349.2639
-22.6087,8.9210,-57.2155,250.4076,-15.9619,-53.0529,-253.5293,-210.1184,-419.0068,-131.5341,-95.2309,20.6140,-3.4643,-59.9911,-304.7438,-185.5056,161.8636,124.6914,-314.0104
64.6429,67.2252,-47.7389,250.3474,-43.7750,81.0682,-247.6275,-179.4356,-329.1870,-190.0159,-85.3890,39.9238,-104.7713,1.8866,-327.1260,-233.6827,200.7353,100.0519,-291.3048
80.6711,9.2102,-47.7500,211.2656,-128.7425,139.9960,-292.1147,-179.2937,-357.7899,-207.6222,-37.0643,67.5838,-166.5401,64.3456,-341.4793,-188.8173,188.9158,35.8844,-283.4434
-4.6536,-81.3295,-32.2233,166.4396,-215.3661,176.6239,-362.8398,-144.5056,-341.9893,-124.8268,-16.7969,101.4742,-164.4495,102.2126,-339.4348,-132.5561,128.1883,-23.2582,-251.4802
-84.9565,-127.0051,-70.1140,94.3802,-265.6733,209.1468,-383.3701,-79.8454,-218.3748,-25.3876,-64.6823,125.5584,-163.2576,81.5356,-317.6546,-153.0206,32.1427,-96.7095,-227.5057
-100.7383,-118.7740,-186.6770,-1.0785,-300.1094,174.1716,-388.5301,-71.2000,-200.9998,-14.8175,-145.5694,97.4854,-191.3009,11.7976,-302.1140,-176.8555,-63.6772,-167.8299,-244.1242
-123.5928,-66.8292,-316.3070,-76.8154,-332.8718,75.3356,-424.6719,-107.5739,-299.7995,-54.4313,-226.0477,23.8955,-200.9789,-48.0511,-283.3731,-142.4337,-136.8883,-204.9188,-253.9259
-188.1111,-42.8797,-428.9149,-127.6150,-351.0568,-6.3907,-438.7347,-103.5235,-303.5563,-46.9314,-311.2303,-28.6553,-196.8608,-62.9371,-227.0639,-94.5034,-202.9199,-228.4253,-217.8797
-212.7846,-118.9303,-521.4346,-192.6561,-340.2289,-42.4425,-388.6670,-67.5131,-223.6382,-1.6668,-372.9592,-51.9537,-212.8934,-63.4397,-162.9506,-73.8654,-282.1722,-227.8696,-163.1599
-151.8754,-208.8455,-537.3521,-260.6782,-283.4413,-49.2474,-311.6493,-56.2969,-199.5251,3.3082,-360.0310,-97.8559,-206.2936,-90.0661,-144.4479,-85.9724,-341.0545,-150.6533,-110.2590
-75.8223,-181.1783,-452.4365,-273.3707,-184.0578,-44.6998,-247.8217,-55.4659,-202.5765,-42.1465,-292.7780,-155.2184,-155.4073,-143.1374,-158.1777,-119.4856,-322.6820,-41.2111,-55.8737
-29.6599,-74.5652,-329.3661,-231.1254,-88.3103,-81.8832,-209.5011,-47.1284,-177.3926,-78.8276,-225.1783,-164.7397,-118.4409,-198.9106,-164.0980,-133.5907,-237.6023,1.5315,-19.2123
29.5229,1.3016,-207.9269,-182.5125,-21.4472,-171.9075,-185.2618,-59.1123,-158.4178,-76.3063,-155.6181,-130.7818,-89.5309,-227.2675,-146.9898,-116.0726,-150.3058,7.0158,-4.0549
85.7390,31.5306,-83.9107,-141.5237,47.9418,-205.1416,-137.7657,-75.6066,-152.5120,-59.9573,-77.9988,-107.7041,-15.7354,-202.7748,-99.7654,-111.7607,-92.9860,65.5678,34.1782
71.2133,26.4558,12.2173,-107.9518,119.0242,-115.3043,-74.2513,-46.9312,-143.5589,-52.6028,-26.0934,-109.2296,45.6694,-137.1035,-46.3134,-129.0170,-55.4720,134.7821,103.0803
45.2347,-22.8006,48.7790,-98.3403,123.2100,0.1024,-63.3376,12.4449,-124.7504,-43.9050,-11.4209,-104.7119,16.8018,-74.5453,-43.8009,-121.6507,-25.1617,113.7309,141.9843
87.6675,-81.4370,44.5129,-109.0839,40.1322,53.5932,-106.0471,60.3415,-68.4807,-24.9040,-17.2832,-86.7999,-47.1772,-36.7715,-88.5783,-85.0272,0.9429,30.5579,137.0630
99.7647,-122.6151,23.2877,-121.7128,-40.2729,91.3794,-116.5984,100.8530,-2.8314,-11.7564,-35.2657,-83.4879,-56.4929,-9.4824,-104.2606,-62.8774,20.0973,-11.2550,145.3929
14.6202,-159.3980,2.1719,-122.3722,-28.2046,166.2148,-72.0836,135.5106,2.2233,-12.6215,-41.9305,-90.0985,-1.3003,22.3724,-56.3281,-65.6383,40.9373,5.0533,163.0530
-29.5146,-152.9654,4.8503,-80.6710,58.4479,242.3851,-24.1462,132.9998,-17.2715,-3.4352,-22.0365,-64.8178,83.6668,63.2289,22.1686,-56.5587,80.8225,24.1604,125.1440
17.9426,-77.7707,3.7907,-0.1990,132.2631,264.2019,18.9571,103.6170,8.1756,31.4577,-21.3950,-24.4275,144.0150,103.7534,99.5167,-16.9975,111.7285,23.5930,55.8349
15.6766,-39.7037,-64.9556,32.7556,138.7098,235.0698,73.6062,113.4022,50.7978,68.2968,-71.6928,-31.4408,143.2283,111.3746,156.6573,19.9757,72.4780,15.0556,43.7839
-62.0179,-100.5151,-178.0428,-32.2693,92.0886,202.6808,112.0415,180.0010,86.1892,84.4764,-130.8860,-71.3936,118.3260,64.0529,182.9398,27.3496,-34.3718,-5.0213,72.0965
-114.5084,-145.0835,-245.1348,-128.2596,24.2808,165.5247,108.2767,220.4443,116.8082,79.7811,-176.9114,-91.1150,95.7839,-14.1053,196.8872,25.6377,-146.3190,-48.7014,45.4771
-137.4632,-114.5896,-257.2890,-193.3073,-59.6302,54.8088,67.1706,152.3214,91.5461,35.4291,-228.3010,-113.2799,34.5235,-87.0106,213.7771,21.7829,-222.9415,-110.1731,-42.8233
-147.4945,-104.6098,-277.7457,-237.8639,-151.2042,-126.4695,-11.9627,3.2021,21.9061,-66.7805,-259.6338,-155.2489,-47.6887,-142.0815,213.4119,-5.6778,-248.4729,-165.3160,-128.9024
-129.2635,-132.0496,-317.2482,-258.1677,-215.7794,-262.4371,-117.4317,-139.3957,6.0748,-170.4840,-247.8553,-158.8301,-76.1306,-169.9476,189.1894,-35.7502,-229.6328,-187.9777,-204.5724
-154.6835,-122.5628,-329.0649,-234.9825,-245.6414,-295.7908,-206.4072,-236.2952,23.8910,-198.6340,-234.1614,-127.5617,-80.5990,-164.1805,169.0612,-44.1876,-221.5507,-175.9109,-289.5052
-236.9199,-103.7787,-284.9232,-202.8794,-278.2870,-276.2786,-259.7915,-282.9532,-12.4312,-174.6613,-226.5859,-142.7579,-128.1159,-145.2097,155.0521,-65.4264,-252.3685,-148.1114,-343.8233
-218.1069,-116.8612,-195.0257,-198.1949,-310.9482,-213.5552,-290.5151,-259.5901,-57.5387,-164.8251,-174.3369,-182.4008,-165.0495,-125.8676,118.0646,-89.9558,-262.2733,-100.4954,-310.2029
-65.2019,-98.2058,-91.4331,-189.0330,-275.0195,-79.5440,-288.4621,-172.5778,-58.5870,-154.7028,-85.3729,-149.1598,-135.5093,-82.6624,64.6353,-49.2307,-210.9820,-17.1829,-198.2322
54.0167,-56.0556,-9.7436,-139.1480,-153.7514,71.5129,-238.1879,-75.1236,-81.6883,-119.2319,-16.1833,-67.5189,-96.2188,-19.3055,36.5307,26.9917,-144.5221,60.5710,-75.3742
81.7872,-91.2795,32.6916,-80.9276,-29.9215,160.7672,-165.6737,-9.5996,-135.9352,-109.8933,26.1606,-40.9160,-77.4455,8.2150,43.5411,56.0646,-106.4563,73.3248,-0.7438
80.6104,-158.6920,36.4508,-63.5804,39.1021,192.6028,-100.3632,10.6862,-135.6373,-147.3763,48.8312,-72.1032,-36.9398,-11.0750,51.0941,57.8975,-95.8626,51.1949,15.3550
49.6184,-132.3801,13.9024,-72.2743,87.1317,203.3857,-33.7690,-8.2970,-87.7352,-167.0197,36.6338,-85.5975,13.1185,-16.8420,40.4484,55.9016,-100.7800,59.7771,4.5946
1.7070,-62.8127,-10.7260,-68.9059,137.0388,196.7088,49.1955,-23.3049,-77.0774,-142.7236,9.2950,-60.0608,25.4372,-1.0542,40.3910,10.1075,-107.2138,73.4108,8.6303
-22.0921,-61.7109,-32.0488,-78.5722,149.2009,165.2321,141.3025,4.7625,-90.2238,-105.5310,-2.8757,-39.3646,7.2479,-29.8394,69.9579,-30.9742,-114.7257,38.5987,54.7845
-54.7679,-84.6017,-60.5947,-122.2055,111.5104,107.2124,219.4547,48.4515,-29.4648,-53.9257,-14.1976,-48.6613,-28.8786,-96.8343,84.7929,9.8642,-117.6785,-6.1207,136.0878
-78.3105,-63.8910,-57.4410,-119.4291,71.0876,28.9393,247.9971,65.0002,92.1340,-7.0674,-23.3984,-55.8998,-89.3807,-113.3850,36.9193,54.5803,-63.7802,-9.0035,194.4953
-9.2144,-40.9241,22.0727,-27.6240,47.9896,-47.6391,202.2937,53.7995,111.1225,-36.5027,-1.6938,-32.1387,-141.6528,-77.9986,-39.4256,20.4001,50.4296,-14.6489,172.4411
73.7854,-36.0904,103.1068,29.1307,9.9554,-95.8044,113.3099,18.0527,-11.3033,-111.9099,16.1714,-7.9550,-154.3622,-80.7573,-72.2542,-20.8045,108.1667,-71.4636,103.3613
43.2069,-18.9540,74.5700,-33.9673,-60.7118,-90.3599,46.5655,-34.3274,-54.3587,-102.1900,-29.6051,-16.7095,-159.4362,-127.3959,-55.9601,-10.6084,51.7183,-121.3817,73.4859
-14.9255,-20.1767,-18.4723,-108.4589,-144.6832,-22.4818,28.1670,-59.9128,93.8857,-1.0110,-102.9941,-39.1943,-185.9327,-130.8237,-38.9516,19.9570,-22.2760,-94.2691,85.3428
2.6587,-69.9298,-55.4474,-119.4676,-215.4429,63.1293,33.3439,-49.2593,223.1299,68.2627,-126.1128,-59.1113,-210.7967,-64.1854,-41.3116,58.7098,-58.5449,-32.3236,68.6288
18.7606,-109.5946,-41.9513,-146.7361,-242.9837,103.3255,35.2231,-56.4795,204.1583,58.6998,-97.1478,-79.7451,-208.8427,17.9180,-46.5169,71.8731,-96.8999,-12.3426,22.6792
-16.0552,-109.9857,-44.9008,-201.8671,-197.2904,101.2531,26.5724,-92.2786,175.9236,7.7846,-53.5787,-65.3932,-171.0369,67.7520,-41.3900,-0.9987,-114.3070,-11.7182,11.8773
-51.3943,-127.6781,-44.6375,-181.9693,-86.3368,105.6115,12.9022,-103.6274,174.3443,-60.0049,-3.2804,6.6259,-95.4330,68.2834,-30.1457,-91.1244,-67.9803,34.2617,36.7494
-83.0490,-166.7017,2.2197,-82.4578,42.0339,137.3534,11.9453,-74.5557,95.7439,-95.5779,53.0541,68.3039,-12.6679,35.8163,-27.4563,-68.2391,-7.5684,106.6859,56.4394
-103.9456,-165.1956,74.6700,3.8096,154.3120,191.7359,40.7582,-26.9801,9.9743,-52.5965,104.2350,65.6261,34.3086,21.5146,-34.1595,39.6311,31.1085,150.0031,91.1726
-71.3803,-133.0573,131.5159,44.6463,241.9846,245.0661,89.1384,31.2786,14.9200,0.2559,143.2272,53.3846,45.6855,42.7775,-22.3877,100.0935,73.2825,164.8274,157.7644
-25.7525,-123.6461,154.6517,52.1206,279.3859,247.0546,123.8803,69.8145,-1.8598,-20.2562,165.1980,79.4430,40.4104,49.0633,18.4607,60.3365,94.7633,158.7961,187.0695
-17.2020,-108.3611,152.2888,29.3364,237.6726,177.2409,121.2848,40.2449,-98.0723,-62.3039,171.7047,99.0324,10.3878,5.9722,48.5412,-31.0520,58.8582,115.2778,129.7084
3.8002,-38.8494,150.5503,9.6480,141.6514,72.2889,83.0716,-43.2882,-126.4674,-64.5182,171.9901,77.4777,-45.4684,-54.4564,45.5705,-92.5727,11.7949,63.3128,36.1984
47.2797,36.3140,141.9140,20.2656,46.3744,-35.1524,27.4887,-127.2885,-40.0767,-79.6273,153.1320,50.0301,-99.6556,-90.0374,43.4986,-95.3910,-2.7039,46.6545,-42.9279
42.6413,47.3191,87.5851,23.9108,-31.7881,-125.1387,-26.4658,-194.0124,5.1870,-131.0222,90.2928,39.1024,-146.2113,-90.6892,51.3525,-88.2747,-12.7677,35.4376,-104.1828
-0.0451,15.3714,17.0162,-7.8366,-99.4837,-150.7686,-71.6699,-229.0862,-81.8258,-139.4746,6.6056,16.9458,-204.8390,-69.5949,30.6382,-88.8662,-36.7992,0.1173,-125.6502
-14.8955,-11.6773,17.0156,-36.5600,-140.9939,-79.5798,-116.2048,-201.7178,-200.2389,-86.9004,-38.5734,-28.0379,-261.4556,-47.1958,-19.4592,-67.3613,-36.1392,-6.4651,-94.9368
-12.0645,-45.7775,96.2161,-16.9826,-143.9948,58.2323,-161.9028,-134.9007,-220.9902,-57.6404,-23.4258,-56.1970,-270.0551,-26.0382,-58.3318,-59.1984,33.6224,55.3356,-55.9414
-23.0480,-85.0511,175.7531,54.2291,-118.7480,204.4984,-172.1320,-83.2419,-159.2412,-69.2167,22.4925,-29.5603,-214.2209,6.3916,-64.6428,-93.2296,143.2129,147.8263,-28.6575
-32.9303,-53.8591,192.5378,137.8134,-70.4332,309.6113,-103.1352,-36.2426,-98.0922,-39.8423,52.8757,30.1243,-122.2509,32.3734,-26.5492,-90.0154,180.3847,226.0741,12.6045
-32.1373,64.1643,134.1975,169.8197,-7.8717,350.4127,11.6496,35.0874,-9.1247,49.4191,37.9637,63.7952,-34.1284,17.8053,45.0512,-23.7256,99.3608,265.9272,50.6184
-36.1550,134.9150,29.9876,121.9298,42.0935,349.9907,80.5904,86.0213,129.0784,110.6727,0.1959,45.2855,19.3868,-13.5322,69.7635,20.0430,3.3062,252.1431,50.6750
-60.4128,61.4237,-65.9000,28.5675,71.3624,334.5960,80.6256,70.2155,157.8505,97.2748,-9.7561,-1.0733,30.3493,2.9571,3.1968,34.4641,-44.1608,195.2200,37.0748
-107.8257,-52.4366,-127.4015,-74.9249,89.0840,275.9832,68.3380,20.1935,25.2713,66.4838,-3.2571,-42.2115,23.1057,57.5616,-53.3426,62.5937,-115.3634,105.8210,30.2061
-162.7313,-82.5170,-169.3460,-175.3716,83.8923,145.4534,62.7393,-21.5364,-19.0665,59.0616,-44.1887,-60.9375,22.3614,51.4164,-15.4436,54.9865,-222.3717,-5.0763,7.4743
-215.8329,-74.4469,-201.0385,-234.5881,60.2627,-2.8792,38.9159,-44.7056,122.7123,44.4083,-122.8185,-49.4386,15.7342,-46.3180,25.3934,9.1859,-268.4684,-64.5440,-19.7989
-266.5052,-102.2443,-212.4903,-211.1023,57.0677,-79.2032,8.5384,-36.1554,178.6814,10.9122,-149.4910,-13.3508,-16.7130,-119.0601,-32.0683,17.9599,-230.7408,-22.2213,-25.9072
-275.9608,-129.3616,-180.0582,-130.5647,73.8071,-73.3319,-3.2256,-20.5279,25.3046,-27.3924,-91.7859,17.0175,-52.3546,-90.6066,-123.6467,42.6700,-154.2446,24.4265,-36.0135
-207.7219,-127.4899,-82.9429,-63.7110,85.2912,-53.8573,9.5836,-68.3285,-102.3106,-101.9745,-7.1219,7.3858,-52.8663,-69.7496,-139.3591,-28.4544,-38.5322,-13.8658,-52.8628
-103.7002,-133.5702,34.3577,-41.5052,117.5855,-45.4400,60.7112,-162.8461,-68.0285,-217.2493,52.9934,-32.2123,-29.7247,-138.4592,-85.0376,-110.1381,98.3755,-58.1287,-32.9857
-15.8877,-143.1147,93.6569,-29.3554,163.2040,5.1754,114.6744,-193.5363,-4.5210,-272.6656,79.4905,-46.6327,-30.7460,-173.9101,-45.7048,-51.9892,190.4232,-40.4937,3.9780
50.3009,-122.8567,110.5727,12.8965,123.2523,104.6560,70.9566,-135.8726,-6.2816,-204.3337,73.3714,-14.7535,-68.8299,-88.9280,-63.7516,80.7887,216.7421,-18.5075,-2.1270
60.9141,-92.4078,137.8867,60.7153,-7.9467,174.6963,-59.4705,-73.2465,-17.4442,-93.3511,39.9031,14.8492,-115.6212,-8.0667,-93.6118,124.8145,187.7673,-3.3779,-40.1257
-14.2580,-79.6124,124.5780,53.2651,-74.6203,178.1034,-130.7744,-57.0453,16.8562,-31.1650,-8.1144,6.0306,-151.8116,-21.4231,-80.0646,63.2669,105.7772,44.0876,-79.0484
-101.9314,-86.1337,27.7881,-5.3294,-3.7436,140.3079,-111.0150,-90.7379,69.8580,-17.6974,-61.3539,-23.6307,-172.6840,-61.5311,-49.6105,-4.4027,13.2486,64.6515,-136.6243
-133.2692,-112.2753,-60.7367,-45.6384,92.3396,59.6955,-103.2893,-166.1244,85.3717,-25.4982,-106.5755,-69.1498,-167.1962,-113.1576,-42.8566,-22.8404,-44.4417,16.6932,-211.0993
-157.0591,-122.8706,-72.5704,-40.4258,117.0728,-52.5436,-116.2594,-240.0094,71.7197,-35.5940,-125.4539,-132.5814,-144.1724,-215.9000,-18.5545,-26.1827,-85.0715,-12.4211,-276.8574
-210.7211,-80.4445,-64.0917,-23.9876,84.7327,-136.5690,-104.7054,-291.6969,82.9205,-35.8611,-120.4188,-160.5084,-145.6949,-293.1704,46.0838,-51.6205,-120.4946,0.6245,-347.9461
-230.6312,-46.2888,-74.0188,-13.5697,25.3285,-194.4630,-126.5657,-358.4320,103.7847,-38.0063,-110.6715,-124.2074,-185.0406,-280.9164,76.5618,-70.9037,-132.0488,-33.7442,-423.2282
-178.5211,-79.3530,-78.1701,-5.1820,-43.8628,-278.7949,-201.7896,-415.3466,90.7942,-36.0636,-102.8958,-102.4190,-219.5538,-274.4937,44.2911,-56.0447,-142.4217,-108.3280,-453.0265
-112.2177,-98.1380,-75.9618,-18.5185,-101.2337,-366.0490,-225.3417,-387.8896,71.0477,-5.6125,-92.7190,-144.8305,-220.0923,-323.9766,20.1786,-35.7877,-171.5382,-147.3808,-431.8185
-84.5340,-33.4875,-75.0534,-64.1025,-145.2482,-412.4964,-172.7955,-313.7019,41.7426,6.8306,-74.0296,-165.1980,-203.3249,-312.6645,19.5559,-27.5510,-182.3578,-175.1776,-394.4108
-75.9748,34.6013,-68.4193,-111.8507,-176.9831,-421.1152,-126.9674,-259.5459,-56.7361,-42.8530,-39.6722,-90.5301,-180.5369,-173.9297,-9.2577,-13.6489,-169.8176,-219.3417,-323.6210
-57.7835,33.4689,-67.7281,-144.6827,-183.9588,-354.8490,-87.2282,-167.2180,-157.1759,-59.6353,-4.7957,20.8008,-147.8103,-4.8516,-50.5244,8.4380,-173.2940,-226.6979,-200.1304
-48.7662,-6.1085,-69.0898,-175.6822,-191.3437,-198.7604,-21.7413,-14.5688,-143.7270,19.3952,-3.9376,85.8226,-126.8558,92.7488,-67.2405,41.1546,-176.9299,-206.1430,-86.8174
-57.1756,-46.4853,-46.0362,-185.6793,-239.2923,-68.0931,0.8853,82.8200,-117.9711,63.7396,-23.6364,98.8564,-139.7504,132.8437,-100.7812,81.6310,-135.9861,-217.3399,-45.3942
-41.1542,-61.6516,-18.2358,-136.5906,-283.8535,-20.3063,-45.3441,98.9458,-221.5303,4.5266,-3.0602,106.9079,-150.4113,186.2682,-170.4213,84.5723,-67.6547,-214.0520,-40.1243
-10.5399,-29.7940,-24.2943,-63.1816,-241.6097,32.5137,-56.9746,143.0658,-316.6363,-19.9519,50.9472,151.8066,-105.3357,259.1761,-201.8295,53.6064,-31.0414,-138.1924,-4.7332
-41.8313,8.4743,-64.6373,-45.0885,-132.7690,73.8582,3.8858,224.7168,-235.7511,41.5172,55.0477,209.6066,-25.1143,274.6179,-155.2217,73.5081,-64.4936,-68.1990,53.3558
-110.7655,11.8204,-138.8417,-82.2457,-56.8137,-2.9214,42.1783,259.9840,-118.9411,69.2439,-3.2295,201.8049,17.1202,198.1371,-89.0334,139.8428,-150.1431,-81.1003,74.3250
-113.7007,15.1045,-224.8148,-106.3557,-40.5527,-117.4672,19.7980,257.3985,-130.0271,58.0384,-38.5869,125.0957,9.2308,96.6537,-51.0981,158.3916,-219.4630,-120.8147,50.0298
-80.2977,34.6692,-236.5437,-97.0315,-25.3943,-123.8332,9.6562,276.0106,-155.7713,108.0020,-7.4336,75.0307,12.6496,28.6275,-28.1554,138.5372,-235.4933,-117.1924,37.5135
-99.5899,49.5659,-145.6453,-78.8551,4.0938,-71.6975,31.0360,307.8897,-116.8314,172.3639,55.0145,82.9563,45.7633,-9.8486,-13.1660,132.1278,-230.0628,-82.0405,48.4930
-104.5249,99.9403,-41.3883,-45.2704,-1.4622,-55.5254,9.9252,313.7605,-164.7120,145.9584,119.7264,84.0249,53.4120,-23.6572,-15.1141,89.0518,-214.3769,-47.4382,28.8242
-13.5724,198.4162,21.6015,17.8755,-38.7572,-56.0342,-57.3706,275.6017,-292.3625,73.2811,168.4795,72.3006,21.2525,-13.1846,-8.6801,4.3529,-155.1950,-19.0647,-15.6566
72.7111,240.7787,68.7058,88.5908,-39.2374,-57.4940,-64.3401,209.8679,-250.1691,39.1242,166.1962,104.8075,5.9714,13.8710,31.6046,-20.2770,-55.5982,13.7831,-7.1936
59.6096,189.0293,103.1026,145.9055,6.6370,-48.2705,21.8778,172.1843,-30.7721,30.7887,120.9822,164.6115,28.3551,68.2715,72.6091,9.4777,49.1773,62.4389,73.0271
33.2526,146.9131,127.1561,177.9292,36.5759,41.3872,101.7559,193.5278,123.1284,25.8771,102.5535,182.9838,51.6247,140.3100,84.1638,-2.4590,134.0421,107.1039,179.4663
88.2480,155.3512,184.1969,146.7986,29.8450,200.2047,125.5345,239.1933,189.8049,42.3530,155.3086,154.3452,64.4755,188.3711,99.8913,-21.6871,163.8748,100.2600,294.0319
174.4237,148.6950,271.0336,37.9410,21.7029,312.2993,142.3682,279.1650,257.0890,66.4762,248.8336,124.0381,82.5292,219.3587,124.5601,32.0241,124.3702,37.7443,400.2631
193.9519,111.9002,314.2267,-73.1752,36.0359,345.8757,149.8691,317.5218,193.1240,63.4918,309.1999,120.4538,102.4055,255.9646,83.6727,95.0175,74.3777,-15.1420,450.4234
142.6060,86.3840,267.8587,-86.2616,88.1518,360.2512,120.6590,351.5272,-13.5007,53.0823,286.7223,139.2074,130.0006,263.7387,-29.5091,80.2930,79.8462,-4.3902,448.5184
113.9775,86.5784,168.7142,-0.9299,186.5452,368.9957,126.1653,384.0298,-64.3241,87.9047,221.4394,150.5889,186.6453,250.1351,-93.7198,39.8846,131.9620,35.6901,456.5306
150.9725,94.5060,97.8582,66.3262,283.8558,346.1270,203.3035,420.1378,100.3295,166.9635,190.8322,134.2978,248.2677,277.3005,-45.6498,70.8251,162.9746,23.0240,478.2714
150.4222,60.7214,76.6468,12.3399,303.2274,278.9458,231.0788,417.9708,185.9511,223.4122,181.9564,106.4126,257.5671,295.4044,20.0749,161.6301,107.1504,-60.0431,442.2478
40.8406,-37.8211,32.3957,-108.6536,218.1014,164.5503,125.0618,332.7321,106.1234,205.6404,135.7379,74.4810,200.5404,212.9603,10.4933,195.7949,-12.5946,-149.2040,305.0245
-50.8233,-102.0622,-45.6214,-144.8981,61.7034,14.2285,-33.0564,186.5396,36.0992,135.4248,85.1602,23.2379,113.2568,102.3482,-33.3023,104.7482,-74.0788,-204.8061,104.5649
-6.0712,-33.9837,-49.8160,-70.4017,-104.7985,-158.9681,-155.0969,28.9979,44.6282,69.6852,89.9658,-22.7041,35.8067,70.4621,-21.2023,-12.3602,-30.0591,-251.9131,-81.4376
71.2688,70.6239,29.6224,-10.9965,-229.6293,-334.5948,-235.4480,-105.5656,106.4343,34.1683,124.2526,-21.4581,-13.7167,73.3127,47.0073,-19.1739,10.6806,-304.3930,-205.5691
57.7292,66.0595,69.0773,-27.5866,-318.0468,-451.4772,-283.0062,-202.2371,156.0697,2.8240,152.0488,-3.2355,-48.5009,47.6800,86.7604,48.3662,-18.1726,-353.5562,-283.5750
21.7958,3.8805,44.7629,-57.3418,-411.7614,-488.2363,-326.3418,-293.7130,38.3674,-70.6561,165.2043,-30.4340,-97.9016,7.4594,52.6762,62.7667,-48.0041,-410.7696,-356.8917
48.0586,17.6258,21.3184,-67.1141,-510.0741,-513.3206,-407.0799,-408.3407,-204.2390,-180.4267,129.3951,-98.7101,-166.5058,-42.3299,-7.7830,17.2518,-41.1994,-455.9804,-426.2656
72.5296,79.2287,-7.3123,-77.8336,-567.4048,-521.0829,-485.3047,-473.8310,-265.2620,-249.6024,61.0312,-153.2431,-222.9631,-82.1161,-39.1894,-12.5087,-30.7754,-413.8685,-439.2935
41.1681,73.0497,-28.5610,-75.4463,-552.7803,-406.6718,-478.2832,-409.9886,-103.0664,-231.4329,38.8030,-152.2796,-235.2428,-55.6432,-40.7039,-11.0248,-10.1010,-269.2876,-359.1681
21.5639,13.8192,18.3958,-37.5659,-470.6465,-199.2510,-399.6938,-274.1044,-19.3343,-165.5452,38.0242,-97.0224,-208.1843,17.2004,-36.7843,2.3313,32.4736,-103.1373,-239.2565
45.7900,11.8155,85.7871,21.5284,-350.9445,-45.6718,-333.8836,-174.5260,-96.0944,-93.4951,3.5453,-36.6788,-177.6278,71.5967,-58.1656,27.6342,63.0969,27.4211,-172.6542
46.3290,86.5524,114.8959,94.4846,-211.5155,35.3236,-305.4947,-128.8905,-135.2785,-23.4818,38.3180,3.8445,-149.4953,118.1046,-107.6780,53.3080,93.8507,133.0913,-156.0252
25.8335,177.4767,181.3143,187.8366,-30.4921,110.8477,-267.6867,-95.8746,-80.5175,19.7824,176.7709,79.5793,-81.9822,169.5192,-114.5784,66.5718,174.2676,230.0448,-115.3752
73.6033,277.4083,285.4406,288.2693,172.4209,167.4666,-194.7961,-50.8248,-43.9034,29.5333,206.8982,204.0195,23.2296,188.3400,-41.1158,86.3598,264.2013,315.4724,-68.6339
168.9799,379.8382,295.6921,365.5026,292.4854,176.5690,-129.2481,-12.7164,-84.1847,43.3964,67.7839,276.0779,97.7225,193.3830,13.3363,119.9806,272.6524,360.2390,-90.8019
198.1894,383.2981,236.7829,372.7077,294.2225,144.1202,-115.3856,-36.8060,-163.2387,53.6922,14.5944,254.2130,130.3255,230.9425,-16.6151,140.9534,200.8905,316.1116,-147.2547
167.0004,250.8600,247.6077,285.6466,275.6386,51.6009,-117.8166,-122.0286,-171.3887,20.2247,132.3916,227.0125,177.3752,262.6794,-25.6574,145.9949,133.7726,190.2033,-150.3145
170.0770,138.1956,292.9091,177.2601,276.4613,-88.1953,-74.1408,-173.6099,-39.8193,-15.7639,199.4686,225.9593,218.2511,234.6191,56.5890,157.2560,118.2575,54.5451,-107.5895
204.2134,167.9123,274.4382,132.8015,220.2806,-206.5680,-3.5747,-159.5301,112.6037,-0.5449,136.6608,199.6274,179.3259,155.4449,128.4107,150.9400,109.8197,-52.5726,-69.6405
212.5165,248.2659,238.3969,109.2649,103.4646,-275.1409,30.4512,-165.9426,123.2291,19.5178,88.3072,172.1698,92.8946,56.5863,109.0126,77.3667,47.8961,-130.3200,-49.6798
209.7686,263.8408,234.4097,46.4671,16.3235,-278.4132,21.9061,-204.7739,27.9385,9.5595,102.2015,177.5822,45.7501,-7.5761,53.4976,-28.0433,-35.9118,-151.9913,-54.3842
223.5049,241.6583,219.2034,10.4313,-25.8950,-180.8494,0.4141,-178.6624,-12.0136,26.5253,110.2815,144.0185,31.9345,8.0876,33.9726,-56.0441,-48.2104,-129.2453,-60.9338
230.8019,236.5035,182.7557,51.2950,-78.1428,-52.8835,-22.8945,-89.9502,75.6361,84.3985,89.4108,58.7673,16.3037,38.4390,63.2317,21.2702,25.3573,-139.3993,-14.5627
207.0132,236.6537,158.4577,95.1689,-131.8186,-16.0933,-33.1005,-43.5750,213.8844,117.7725,53.9966,38.2395,33.6304,2.4391,102.3797,110.0339,104.0169,-170.9345,56.0068
147.3913,220.1303,148.5788,102.0997,-114.0204,-26.9411,-9.1169,-41.6078,276.5435,118.4847,35.1010,95.7614,106.7331,-27.2040,95.7169,144.8538,135.7644,-106.9887,73.2031
68.5274,187.3274,138.7901,125.1656,9.3996,19.7896,36.4685,-1.1674,253.4397,139.6823,57.2894,120.5198,184.5805,42.9851,56.6390,163.7991,144.4068,53.8634,68.7442
23.0978,149.9761,111.8718,174.0676,175.7456,72.4236,70.3717,67.5617,250.1890,179.5347,71.8038,126.1316,226.5648,139.3291,53.9753,195.9820,172.3705,169.4410,104.8421
50.8820,134.7824,78.0338,207.3480,287.3657,57.0671,87.9111,90.1756,294.8258,190.5415,50.5789,209.0170,247.7230,165.4856,89.3152,200.4532,232.9764,190.9301,132.3075
129.2323,163.6841,103.0597,218.7518,326.8523,30.2896,109.1923,71.9022,312.1000,169.5616,69.2696,307.9178,257.1185,167.9949,114.3116,160.5531,287.5916,199.1840,109.7267
207.6502,219.8178,186.8368,211.5262,328.7555,24.6272,127.6423,68.4777,274.0639,155.6155,133.8691,296.9076,233.5721,205.3166,117.0361,127.2608,277.3670,199.5528,88.0690
248.6604,251.5573,214.5058,173.0862,269.9185,-25.8672,103.0327,66.5292,209.2628,154.6695,137.6929,210.1969,176.5600,229.3083,77.7398,135.2941,209.7051,122.3659,70.1892
250.2554,222.1580,156.6705,113.2484,141.5087,-133.7538,28.7356,0.0109,155.7249,118.9339,87.5372,149.2323,120.3551,197.3208,-26.1216,163.2584,150.7504,3.7690,-0.3370
247.8575,162.7512,114.8769,48.4593,35.5295,-232.6644,-43.4440,-134.7371,154.6902,25.7456,87.3412,113.1054,81.1276,144.1788,-123.8000,183.2704,113.1698,-71.2543,-100.5673
236.4248,134.7404,98.7260,-24.0467,-17.8067,-291.8704,-80.2576,-252.6376,164.4633,-61.9747,113.0061,70.7276,42.9833,93.3882,-127.5994,180.2357,46.5789,-141.4070,-165.0599
162.3991,135.0946,19.8949,-96.3645,-121.4327,-315.5698,-94.5547,-275.8774,112.5927,-69.6930,81.0385,45.2604,11.0841,36.9333,-62.8308,146.2376,-53.7787,-264.6279,-185.1120
68.5067,122.2275,-99.5585,-149.7319,-284.2066,-284.0592,-86.5729,-212.2046,79.7934,-9.9343,23.0007,39.4904,6.1823,5.2337,-2.3787,110.2827,-134.3567,-366.7778,-169.8711
66.5321,104.0363,-160.9691,-183.7525,-376.9519,-193.8169,-62.6597,-120.8171,146.6390,51.4461,-3.1748,10.3465,3.7299,22.8945,18.3527,117.5423,-178.8513,-387.2854,-127.7863
120.4499,95.0017,-160.5829,-206.0911,-364.8814,-98.5887,-58.3053,-33.3301,199.5239,87.5596,-8.9661,-45.7466,-19.7718,41.0799,-0.8332,148.2628,-219.3106,-383.8413,-84.3430
102.6838,69.8312,-152.0227,-212.9080,-302.6566,-31.7834,-39.5345,62.3635,189.8039,114.8357,-8.8817,-82.5108,-9.1518,33.8622,-12.7408,147.6785,-254.6198,-356.7460,-19.0481
38.5589,40.6804,-134.0653,-190.0733,-158.4110,55.4750,74.1182,175.6381,219.8468,133.9152,-3.5896,-79.4060,80.7497,47.1004,16.2221,134.3381,-238.4751,-224.2603,119.7670
39.4004,49.0453,-83.9499,-135.8788,88.3667,188.5634,231.9864,283.1855,233.8722,124.4732,-7.4966,-56.1075,183.2513,67.4869,34.3180,157.8311,-154.4743,-30.5925,290.8466
83.2762,69.9523,-36.3988,-82.2446,304.7348,281.3623,319.2050,351.1319,150.7654,109.9605,-26.0337,-27.1613,214.8690,43.0265,31.1666,187.9493,-44.9316,94.8686,394.2276
69.8539,74.5206,-47.6214,-38.7075,369.2884,272.5480,369.3440,369.8918,158.0372,154.6142,-56.3844,9.5716,187.6953,46.6549,95.8860,177.6329,44.2953,148.2515,415.7733
-3.1367,110.5243,-80.3288,47.8341,323.7738,227.8933,448.3280,356.5236,332.5457,242.4022,-79.3456,52.2120,156.6796,143.7828,209.6121,158.7772,104.2250,189.4058,398.9002
-29.8742,195.5435,-12.8830,173.4952,247.1823,192.2827,459.9436,326.1518,404.1909,265.6053,-23.8576,86.7908,138.7326,195.2573,226.6621,163.2488,146.4671,199.3430,342.3059
77.0155,271.7872,182.6824,235.4566,148.8356,125.1512,322.1041,271.4627,277.6191,202.1667,152.4221,96.5214,115.5529,100.0829,130.4456,156.6728,177.8362,159.2826,236.2031
258.6250,321.2431,379.1091,222.7270,37.8428,57.0669,139.6177,183.4077,174.6199,150.4460,359.9805,83.6178,70.3902,11.0338,35.9225,120.9171,189.7411,115.9054,122.0163
359.7214,365.4274,467.5938,238.4091,-50.9036,79.5783,26.8370,90.3918,153.5970,147.4548,470.5158,79.2244,22.2680,41.0496,-9.4583,92.5323,168.4324,104.4544,53.9354
338.6376,382.2274,455.4408,272.1536,-125.0239,167.5601,-26.8597,44.8222,103.8858,142.6593,453.3388,99.2118,7.0534,80.4092,-9.8770,96.7250,119.9365,109.3444,42.9749
282.8616,353.9527,372.2455,228.0078,-222.9789,219.0375,-54.8920,53.4511,61.5895,131.4661,357.6530,102.7257,14.5248,64.9899,39.3616,112.9389,70.0979,71.8335,50.7367
223.2489,308.5181,244.5278,138.3812,-327.8050,197.2753,-65.0358,55.4919,87.0269,125.2467,258.0129,52.2980,12.0466,53.9655,84.6706,92.3540,39.4232,-61.7814,31.9477
139.1284,253.3187,143.0316,78.2143,-373.2401,107.0652,-74.9419,-2.5383,113.3186,81.3936,220.9615,-15.7159,13.4525,24.5228,61.0684,11.7284,33.5848,-229.8112,-14.3680
74.2445,183.2577,112.7239,26.4217,-324.7701,-16.5580,-84.1495,-89.8902,96.0900,7.1809,242.3906,-55.4556,41.0138,-65.1408,5.9717,-67.7004,44.4593,-295.2266,-49.4488
59.3493,141.5783,110.4488,-4.8294,-188.0182,-66.7054,-57.0035,-115.4558,58.2958,-16.8092,251.5928,-86.2945,81.4300,-122.1698,0.0591,-72.2121,53.4500,-219.6363,-36.0690
51.0926,168.8249,91.1625,42.5483,13.7979,14.4706,33.9957,-37.8031,26.7526,16.4749,203.9651,-118.8685,131.9531,-75.5415,56.1888,-37.8620,58.4181,-55.6634,38.5342
37.2057,239.1766,69.2611,110.3896,205.5188,133.0973,169.0723,71.9627,35.1493,45.0812,122.4050,-102.6426,188.9582,0.3473,114.1335,-34.3831,75.0129,118.0920,139.0498
36.4109,301.3308,55.4287,116.4158,289.5216,182.4552,269.9059,122.2620,80.2877,79.4963,60.5162,-35.5348,203.7954,25.0719,108.5875,-37.8403,87.8338,135.9640,189.8319
22.6898,327.7204,20.3311,109.4022,261.3704,157.2812,270.0416,119.9500,131.0269,168.9718,46.4550,-2.0771,163.8718,-8.8993,67.7260,-8.6520,64.3022,-105.4478,165.1653
-10.1871,312.3369,-49.8577,131.4539,191.7343,89.5031,211.8510,111.2447,183.9541,264.9080,46.7151,-31.5858,129.4089,-69.0139,85.7836,30.4985,23.0995,-395.7296,117.5271
-23.8757,260.2558,-114.2474,124.6092,101.3859,14.1121,169.7273,67.9251,172.1605,260.7445,23.1703,-59.1743,107.7958,-79.2761,144.5203,60.1832,4.7963,-452.6960,67.2622
-23.8635,191.4888,-115.5725,73.3442,-15.0766,-24.0736,118.5057,-42.8172,29.0417,152.8132,13.3428,-55.2124,43.4757,-7.2207,129.8001,51.1884,6.5852,-305.2521,-23.5486
-33.3769,149.2289,-48.3110,35.8113,-113.3947,-26.1355,17.2475,-160.6383,-90.8671,50.8215,52.1957,-41.9510,-47.4594,34.0810,43.5713,-62.0442,14.3363,-124.8442,-143.5034
-36.6110,166.8577,23.8514,41.1282,-175.0806,-36.1322,-81.4398,-223.9161,-50.1959,11.9919,77.3047,-5.8454,-102.4016,-52.8620,-18.5952,-233.0932,29.3229,43.5616,-233.6978
-42.7000,211.2483,36.6310,80.6535,-239.4205,-57.4863,-126.0359,-249.9077,-24.6559,-20.2868,42.9874,56.0396,-120.6583,-166.8939,-32.4407,-292.0809,38.0176,170.4755,-281.8341
-76.3931,225.8201,4.6261,124.2567,-290.8335,-56.3663,-137.7218,-257.1935,-122.0810,-76.4009,13.3074,73.7251,-116.7720,-174.7369,-10.2365,-212.1232,36.6334,207.4583,-301.2815
-93.6651,225.9595,-1.9331,131.2679,-267.3045,-32.2306,-138.4368,-241.0098,-164.1400,-109.1687,32.6102,19.5184,-76.0612,-126.0110,37.6435,-153.0713,49.6799,213.2224,-282.2132
-55.6917,251.2468,35.2845,117.8934,-183.6019,-16.4274,-128.8002,-221.4719,-145.1046,-109.4550,50.9058,-23.2383,-17.3604,-125.8765,40.4029,-174.5527,68.1957,246.9057,-238.3833
-20.4549,266.0443,54.6787,138.8523,-97.7714,-12.0523,-113.2653,-192.9114,-223.9006,-100.8586,34.6956,0.9694,33.3398,-140.8424,-24.5227,-169.9098,65.5215,278.7335,-205.2432
-40.9961,226.0087,21.1294,194.2123,-9.8318,26.3402,-79.0971,-108.0242,-268.2849,-57.4438,4.4679,44.1485,105.9725,-93.9622,-37.0157,-101.2665,72.0941,322.7497,-170.9570
-76.0560,176.3579,-21.3534,255.3076,92.3054,123.7222,-15.7334,8.4372,-146.6256,13.1606,-37.8506,65.8589,198.0261,-20.8068,55.5668,-56.7892,115.7230,397.5095,-106.5239
-68.4918,185.5427,-36.6444,312.0183,170.6050,219.5999,49.6201,78.8769,-94.6532,36.2580,-93.8628,84.4356,229.0883,17.8222,124.3438,-71.3069,162.4239,415.5248,-28.7686
-29.9234,241.9284,-37.7781,334.6935,185.5692,249.3789,83.3419,115.6490,-213.8822,12.2061,-122.2793,102.7307,180.3953,54.3626,83.0265,-75.0421,192.1925,354.4604,29.6884
-20.0471,271.5591,-38.7321,300.3299,136.8915,242.9367,58.4749,166.8011,-275.4389,-0.6066,-97.5379,98.3806,132.9991,114.3918,5.1912,-33.2276,197.0766,313.5475,47.4023
-58.5358,236.3729,-61.8536,236.1890,52.8556,234.8362,-25.7273,190.4988,-253.7247,-13.6024,-63.6268,85.8585,121.8710,138.2832,-17.1900,-0.8269,123.2345,284.6688,10.3904
-85.8991,190.1946,-132.4921,163.1578,-20.7278,182.5545,-83.2374,152.3330,-281.1046,-29.5449,-72.4923,105.3902,111.3594,109.5730,28.4170,-5.8146,-18.3583,189.3627,-50.3464
-61.1922,196.3297,-191.3256,99.4862,-56.5876,83.2762,-40.9936,115.3523,-256.3452,3.5584,-103.2925,149.2493,104.8379,92.6676,85.9855,-0.1941,-103.1392,93.8059,-77.7041
-34.3433,219.2060,-147.5886,95.3877,-80.3193,10.7204,10.1519,113.7570,-140.1041,53.2892,-92.4157,152.1868,118.8565,83.4555,93.6807,24.8097,-95.6448,75.3723,-85.2989
-45.2074,204.4197,-49.0530,127.9928,-123.4848,-29.1123,-24.5572,99.3366,-108.5204,52.4849,-38.9642,85.0331,104.8664,25.6534,77.4286,16.8625,-93.7934,65.5705,-122.5650
-57.6392,190.3735,-9.6183,105.9018,-152.3562,-85.4151,-54.1533,64.9758,-108.7378,47.6511,-13.7288,20.6725,45.3252,-33.0975,101.6260,-5.2701,-102.5131,33.7993,-147.3140
-46.8178,196.5822,-12.7493,60.7739,-100.2933,-123.3807,1.7917,61.6072,24.1832,71.4835,-44.9938,31.8687,24.4809,-21.1852,124.8713,26.7867,-30.7722,55.8724,-83.1704
-26.6312,156.1376,12.3087,90.9427,22.7092,-91.7495,58.1369,95.7058,132.5119,58.1876,-80.0322,68.2169,74.4911,7.2492,77.2223,76.7393,85.1255,121.5142,32.9649
-2.2765,90.5794,37.1551,136.7661,118.7018,-37.8625,69.1786,126.8407,88.7669,17.5547,-80.7420,50.7474,101.6372,-5.9029,20.1416,62.8494,111.3596,142.1090,98.6986
4.4509,114.9855,16.1905,89.2734,133.7227,-12.4728,91.6010,129.1702,79.0181,23.3420,-65.6878,12.0107,68.9909,-11.7438,34.2170,17.3965,26.9564,119.2463,84.4660
-27.5651,200.3122,-30.8534,-0.4547,120.2510,-2.7139,104.6834,101.8024,130.9753,48.9508,-53.2779,9.2404,61.0593,11.6408,70.4982,18.1662,-67.7874,104.7629,38.2440
-46.2327,211.6512,-85.4704,-38.1115,118.7809,-18.2986,60.5746,61.7293,83.7966,56.0913,-48.0538,16.5126,93.7730,19.0544,63.7831,56.6584,-85.4917,86.6857,12.3602
-3.7896,155.3183,-128.0680,-26.3307,92.9441,-80.0715,12.8936,23.4115,37.7173,73.1585,-58.1832,8.3375,78.9092,18.9645,34.3260,77.7951,-15.9111,37.6523,16.9299
55.9692,122.1756,-105.4458,9.0505,33.8242,-140.2725,-18.1719,-26.1918,102.2433,59.8214,-67.7362,-2.8259,13.4781,30.1385,2.4618,53.6502,79.8243,-14.1273,13.1802
100.5924,111.3489,-25.3694,49.4224,-14.7324,-149.6162,-99.1155,-82.7137,77.5712,-41.5705,-45.8871,-38.6715,-12.6810,0.9255,-38.1124,3.8650,129.2540,-28.3097,-25.4035
154.4380,105.7858,23.3518,61.8780,-53.5100,-130.5851,-196.5315,-92.5246,-69.0706,-139.4844,-5.8043,-94.7831,15.0988,-62.9121,-55.0659,-12.1323,126.5351,-22.5560,-56.9500
194.5219,135.3118,9.6577,48.7434,-106.6410,-117.0269,-190.2384,-44.4154,-62.5015,-131.9350,9.8219,-91.9640,41.5435,-66.6334,-22.7641,9.3904,107.6170,-58.9423,-42.4716
179.6500,178.4389,-16.3452,26.4812,-143.6008,-120.2333,-89.9580,-12.6989,98.9188,-71.8882,-3.1838,-35.6270,53.8887,-11.6667,2.4005,-14.1910,75.4682,-146.0529,-18.7085
148.4921,189.0156,-29.3219,-13.9030,-131.5523,-143.1476,-21.2480,-31.8012,140.5412,-38.3490,-8.7662,-33.3859,65.3763,16.3390,-37.3687,-76.1747,31.4358,-190.1433,-19.9167
138.3158,185.8571,-32.9259,-29.9903,-78.9925,-147.8799,-27.2902,-42.4178,41.2699,-29.6900,11.1454,-75.6055,68.0485,26.0667,-92.8185,-57.5692,26.5706,-111.8755,-15.0042
117.6524,184.3039,-20.9809,32.4453,3.6213,-99.5071,-29.3511,-18.0994,-0.3977,-16.2038,23.4508,-64.9794,59.7929,48.6616,-70.9087,20.4557,82.6846,12.3509,11.8971
80.4200,158.4021,-20.8442,85.6014,76.0973,-69.8779,30.7112,-12.0321,103.5569,33.3270,-19.3468,-45.8989,45.9826,13.0614,24.9697,11.9688,112.3997,30.7352,17.7197
58.8614,112.0803,-80.7327,14.8096,66.9845,-140.6808,88.2009,-45.4611,294.2895,104.4168,-101.7777,-115.3835,22.0253,-96.0943,97.4813,-54.4555,27.0220,-63.0621,-20.0085
44.1237,55.1069,-169.6822,-104.0569,0.7271,-234.5543,61.5188,-73.6860,407.3061,111.2210,-146.8180,-215.3530,1.1099,-155.9985,95.2076,-38.1438,-109.9136,-123.0272,-64.9835
18.7758,-25.3415,-200.8200,-135.6343,-18.1030,-232.4852,8.2405,-72.8532,324.7090,43.9519,-129.3208,-254.0754,7.9259,-120.7579,79.8752,26.2907,-159.3365,-87.6670,-84.7151
5.6223,-82.7924,-160.0786,-99.9008,13.3764,-171.2121,18.5808,-66.4027,203.4822,16.1056,-105.8081,-256.8137,35.6289,-80.1226,130.3466,36.9766,-108.5692,-48.3825,-86.4725
19.6404,-52.6757,-101.2138,-80.3857,23.0204,-142.1977,35.0371,-73.8672,232.8440,50.9783,-91.4008,-251.1562,66.1066,-62.0143,224.5343,33.8605,-60.3608,-45.8813,-80.6511
43.7418,17.1958,-49.5404,-93.2898,20.1346,-131.9994,-14.9390,-91.5287,269.8574,37.6705,-37.4604,-204.8685,90.5079,-22.1836,260.0105,48.9150,-57.9879,-26.9436,-60.9269
49.6943,47.6524,-15.0424,-132.7351,26.0104,-108.1232,-65.2416,-107.2825,138.0572,-40.6417,32.1794,-127.2007,66.8988,11.2754,193.8570,21.3895,-66.1279,-23.4943,-39.7538
11.2588,46.8963,-29.1519,-179.5095,-23.5131,-101.7227,-79.7253,-110.3715,-6.7457,-82.6533,26.0200,-71.1589,-45.7871,-6.3847,109.7158,-18.2321,-70.0203,-108.1879,-51.1118
-49.8730,19.1579,-78.6150,-171.4659,-139.4486,-114.9878,-123.0703,-99.7171,22.6171,-69.2644,-43.4945,-52.7929,-171.3165,-27.2873,99.9928,10.6245,-60.9858,-207.1553,-79.6445
-66.1859,-66.4811,-98.1829,-92.3519,-206.9383,-100.5900,-158.0550,-84.6103,136.1863,-63.5346,-67.0304,-42.8225,-166.4350,-0.8131,137.7904,46.5270,-7.8415,-212.7614,-63.4489
-36.8401,-157.5593,-78.4309,-20.7429,-157.2639,-60.1793,-94.2775,-77.3332,173.9065,-64.5486,-30.7874,-2.5898,-34.7336,33.3076,136.4095,14.8425,66.2585,-161.1279,-14.5532
-31.5749,-169.4467,-61.9206,-10.4758,-54.1294,-36.1064,-18.0860,-86.4989,140.5453,-39.0984,-23.0463,56.5522,62.8198,22.5453,80.3880,-20.1106,95.6871,-112.2868,-6.4259
-51.1049,-125.5847,-43.7733,-20.0307,33.1360,-23.1967,-37.5441,-94.2683,145.3845,-14.0560,-58.8297,54.4385,55.5321,-13.4556,25.9173,-18.2136,90.2749,-64.2296,-2.9763
-36.5774,-86.9986,-5.9945,-9.0486,111.4997,20.0389,-43.0471,-46.8307,215.3996,0.5205,-73.3807,-33.1299,43.4387,-21.8854,20.4297,-20.2413,103.4914,-60.8382,111.6873
4.1307,-58.7007,14.4816,-10.8882,206.9395,96.6224,90.5352,88.0684,254.6867,69.9692,-60.9635,-107.3380,90.5865,-2.0979,66.8823,5.4754,107.9286,-131.2875,316.1761
21.2648,-60.9237,-12.0913,-66.6226,302.8215,157.9400,280.7705,270.4315,262.9666,203.7372,-67.8882,-108.6888,138.2121,-2.2556,128.4421,87.8251,43.7489,-173.5374,479.8742
2.9417,-129.9739,-66.5985,-146.6651,355.7214,167.4558,403.6281,434.7062,378.2296,300.5257,-89.8687,-100.7437,154.9018,-19.6985,161.1339,129.5292,-52.6215,-123.2867,575.5934
-40.7310,-217.9669,-114.7103,-181.2410,353.0144,151.6229,447.0909,542.2276,531.9380,303.6141,-86.4041,-118.8276,168.6809,5.3585,154.8532,94.8803,-84.0966,-73.3670,646.1812
-70.0073,-240.7955,-100.0990,-142.0696,320.3817,145.9339,418.3212,564.3438,462.3927,254.0095,-41.3321,-114.0406,153.8952,59.9605,119.1202,82.0704,-18.0741,-80.0517,653.8512
-20.8456,-197.8751,15.7168,-56.1447,273.8323,131.5337,306.3162,495.7708,194.2312,176.7655,39.1604,-65.0736,76.3147,63.5657,55.7806,86.7401,88.7717,-79.3934,562.3801
80.5742,-142.3222,159.1853,34.7288,212.5735,99.0293,153.9055,392.8144,-4.5972,85.7447,117.3680,-0.5647,-7.8935,22.9081,-13.4443,18.2456,156.6714,-58.9175,439.8192
139.3475,-93.9442,224.7734,83.3389,141.0050,83.4014,39.6196,307.4955,-66.3571,29.5880,136.9203,45.1104,-45.2843,5.7665,-45.3672,-66.0016,150.6748,-96.6727,345.4461
171.7354,-50.7927,222.2909,48.6589,50.8764,64.4254,3.9092,215.9601,-63.6743,-7.1083,114.7644,37.2604,-65.2041,-3.5358,-34.9535,-77.9703,101.4407,-208.8781,256.6374
237.0328,-38.8456,209.1303,-38.6482,-62.6447,-4.8537,25.8365,97.2648,-20.3408,-90.7430,128.8371,-10.8681,-83.4833,-41.8280,-16.6592,-99.1053,63.6841,-290.2659,158.5285
243.2816,-86.7127,188.9041,-73.1785,-142.2532,-51.2528,42.1863,-3.5566,-5.3349,-182.2355,174.1020,-26.0483,-68.1810,-65.3588,-4.9807,-185.6552,61.4491,-232.4497,66.1546
118.9037,-151.4839,164.3077,-9.1997,-119.5575,7.8135,8.1145,-68.9109,-9.3267,-212.1312,173.0732,8.9011,-22.4720,-55.2439,1.1421,-220.1706,79.3540,-75.3589,-30.6881
27.9478,-147.5601,143.5414,64.8634,-13.6981,78.4969,-44.5495,-142.9132,83.9908,-227.0331,126.8294,30.6665,27.5014,-68.4732,-9.7235,-145.3647,88.8403,28.5144,-127.0402
97.8795,-88.3876,99.6006,56.7649,114.6090,66.0922,-46.7757,-220.3123,112.6806,-253.5916,93.4855,14.1056,88.0468,-109.5480,-19.6144,-84.0597,71.7944,33.9520,-160.9841
164.7630,-82.9125,37.0972,-4.4703,238.5806,56.2695,14.6542,-237.8234,-135.1791,-219.0493,66.4185,-17.4447,151.9530,-120.5095,23.1290,-125.1059,33.5147,42.8466,-96.9847
76.6403,-144.6043,2.5609,-39.7690,332.5756,110.7026,90.8071,-185.3181,-315.2401,-127.1175,20.8328,-60.0449,178.8654,-98.2926,103.0925,-188.1135,0.1286,96.8897,17.7348
-41.1614,-173.3410,-6.2563,-34.0493,373.6906,147.6623,144.5556,-97.3017,-84.2968,-63.0216,-8.8461,-101.8202,166.9903,-85.2753,119.5514,-151.5907,-10.5088,142.2831,125.4998
-51.3096,-150.3424,-8.5777,-27.3137,386.6054,142.4544,179.6946,23.3815,166.6461,-32.6068,3.1028,-117.9728,160.0284,-88.2586,42.8196,-30.6147,-12.7527,178.2572,214.8818
-26.1537,-148.5336,13.7571,-52.7363,384.7178,154.9826,202.5406,161.2416,89.2180,4.1538,29.6903,-125.1997,167.3218,-78.7922,-14.1511,31.1482,-27.2346,224.6715,275.4805
-53.0594,-169.6010,38.3309,-97.9587,325.0869,160.4512,194.3313,240.4677,22.1773,51.1231,45.7023,-137.8728,135.8947,-34.6665,23.6968,-19.0303,-38.7432,236.0150,262.2108
-84.1003,-161.6161,18.6324,-104.8309,192.7444,97.5828,124.9635,202.7637,139.5310,87.8725,46.4402,-125.7264,25.7386,17.2496,66.3846,-47.5766,-14.0150,190.1541,154.9230
-54.1699,-136.2446,-9.1997,-51.5685,33.5794,-13.9192,-7.1623,65.3360,97.0911,40.1132,34.2389,-95.5100,-105.8632,6.6184,31.1694,20.2372,39.7303,112.5402,16.0631
23.2074,-134.7081,4.7664,-13.5262,-104.6331,-131.1568,-133.4414,-120.6386,-125.1623,-137.2117,24.7416,-95.8643,-154.3684,-79.4939,-8.4342,48.6269,81.4379,1.4888,-72.2077
83.1431,-152.7691,46.6243,-41.8884,-176.6761,-216.7894,-162.3642,-302.3705,-177.0236,-309.3653,30.5329,-112.6294,-114.2587,-168.3381,16.5027,-61.1180,103.4858,-102.5319,-112.6181
72.5706,-146.4588,117.7144,-54.3791,-159.2747,-224.6507,-119.4062,-429.2000,-84.5598,-346.7206,48.7486,-97.7345,-76.6796,-215.5142,27.7006,-194.4487,132.7068,-98.2274,-169.7900
29.9540,-69.4849,211.9699,15.8476,-107.8296,-179.0760,-124.9012,-475.1969,-118.5291,-333.8039,78.8742,-70.0542,-68.7797,-220.0215,-34.7195,-216.4496,162.3484,-4.7588,-251.2286
49.8800,42.4989,238.6703,77.7567,-74.7710,-150.4100,-166.1017,-448.0308,-239.7476,-341.8907,102.5070,-74.0027,-33.4608,-155.5401,-73.4794,-142.2657,146.0154,44.8150,-288.3997
105.2370,47.5262,155.1221,34.9271,-18.3390,-132.2630,-97.8623,-375.3171,-252.2496,-299.5697,74.9191,-107.5301,35.8193,-56.5306,-2.2043,-63.3490,71.6238,19.0276,-237.7790
54.6825,-112.4707,47.0528,-56.1963,81.9956,-107.5686,71.3040,-294.4789,-127.7479,-225.6275,-6.1498,-146.5613,84.4880,-51.3135,100.8084,-33.8763,-7.8356,-26.2965,-130.1964
-111.0837,-290.9415,-40.3918,-103.7696,151.9849,-120.8659,173.9498,-223.5864,29.4600,-199.7709,-94.8500,-166.1120,85.7526,-146.5081,122.6250,-37.6936,-40.5418,-79.8410,-17.4025
-229.5740,-349.5309,-147.8523,-116.2964,161.2734,-136.4060,180.9500,-131.5140,83.4202,-160.4071,-170.9932,-145.3436,41.9983,-182.8141,76.1744,-35.4401,-40.6011,-108.5532,87.3139
-215.0371,-325.8384,-254.1848,-132.6955,167.7698,-43.8535,208.2920,28.0568,16.2483,-62.8172,-222.1731,-103.7354,-26.1998,-109.2504,42.9859,-31.0146,-54.4113,-44.9353,213.8878
-155.6114,-287.1481,-286.7461,-137.4575,194.3011,118.2195,282.1361,246.2730,16.9184,9.7805,-210.9466,-83.9283,-60.1795,-40.5944,48.7425,-35.1422,-80.5014,66.2063,376.7418
-148.4843,-241.9699,-228.2902,-106.9642,215.5165,198.2245,342.1328,436.2704,167.3684,42.0514,-149.1502,-90.5001,-29.8748,-23.5742,66.3025,-16.4882,-71.8791,118.0085,507.2508
-188.2111,-243.0227,-106.7228,-66.1229,221.6841,164.4431,353.7873,492.6479,214.3382,66.7769,-100.0917,-104.1617,8.3823,-16.7656,76.3381,24.8983,-21.3755,110.8654,504.9716
-214.7252,-334.7452,15.9692,-58.6063,191.6783,85.5136,291.3204,395.6412,-2.5386,41.5906,-75.5668,-116.8743,2.8411,-35.4842,73.4126,38.4184,14.5935,84.8343,376.7444
-189.6162,-408.0529,51.5256,-90.0678,89.8099,-7.1857,167.3611,233.6431,-204.4863,-10.6844,-55.6494,-111.4976,-29.0468,-93.5439,49.7988,14.4042,-7.2126,17.2196,225.0309
-137.7189,-330.4172,-4.0105,-126.3600,-69.1756,-96.4828,53.0833,87.9205,-153.2503,-26.1028,-59.1363,-76.0416,-73.7191,-131.2659,-9.6688,-32.7087,-65.6549,-73.5758,92.2208
-114.6594,-168.4537,-43.0633,-134.2134,-212.3748,-152.2230,-49.8383,-37.8198,-103.2834,-79.3235,-77.8109,-40.0847,-139.8114,-126.4128,-121.4516,-108.3770,-104.4838,-100.7129,-42.7731
-116.7001,-98.2358,-0.2304,-99.3180,-254.6115,-172.6300,-185.3019,-134.7027,-308.3208,-173.9714,-59.4221,-21.7854,-195.6695,-115.2711,-252.9702,-167.2959,-85.6059,-52.2122,-142.9413
-86.3854,-158.4152,66.0490,-25.3466,-165.9381,-165.5799,-266.9688,-153.4987,-471.9628,-117.8292,-17.9588,14.9940,-199.1087,-95.0913,-299.6926,-157.9720,-27.0001,4.0777,-155.4392
-23.3995,-229.6971,74.1538,53.7862,-23.5275,-133.3974,-186.5406,-99.9048,-256.9075,78.4548,-11.3659,80.4992,-154.5994,-65.6238,-209.4908,-143.8339,12.6202,45.4451,-120.6325
5.0206,-215.2952,24.1738,89.1187,77.1138,-102.2520,-31.1210,-51.6377,46.6445,139.6677,-28.1480,116.7900,-76.3198,-77.3058,-84.3654,-183.6953,9.6702,89.1506,-101.5683
-23.1110,-149.9496,-19.9491,68.6480,140.6945,-86.3879,52.4944,-54.3777,1.2498,15.5881,-32.8630,94.2734,25.6956,-117.8893,-29.9200,-210.6199,-2.5056,121.5486,-86.5912
-61.6732,-133.6170,-31.8348,24.3268,195.1135,-54.3587,75.2225,-71.6618,-219.4542,-75.3246,-41.9690,60.2104,104.4138,-105.9010,-2.9260,-186.9102,-12.1222,131.9147,-39.2026
-88.3170,-192.1282,-53.0608,-7.9177,216.0645,11.0608,123.5297,-30.7555,-199.5623,-46.9729,-63.0844,56.0206,124.7049,-43.8671,53.3618,-163.5643,-39.1812,157.1299,49.2878
-114.5893,-235.4404,-90.2896,-6.0058,229.7098,88.2081,205.2037,92.4525,-12.6559,17.7695,-64.7806,72.0217,128.7771,-1.2767,82.6150,-136.4785,-51.6662,230.8977,160.6014
-115.3125,-188.2320,-88.2072,26.0372,289.0009,158.7518,256.6102,219.5256,10.5495,62.0265,-44.9145,89.1329,156.3773,16.9399,53.1736,-83.4120,-8.4938,321.9120,238.6670
-58.3047,-115.3282,-50.6961,46.2685,321.4644,200.8422,241.1571,258.4577,-98.4057,74.1530,-39.3932,87.9679,173.0014,25.8771,41.6945,-58.2523,27.5236,357.1781,246.3889
13.8957,-123.6754,-42.7894,20.2004,234.3087,176.0454,209.6072,227.4133,-64.1136,71.0039,-64.7462,35.3449,148.7430,-11.8578,87.1793,-71.6940,-17.0336,304.0291,220.9182
35.8792,-192.9602,-62.2020,-30.6488,85.7194,75.6346,195.1385,173.5712,106.4005,63.4341,-95.9500,-69.8715,104.1836,-101.2428,118.5516,-65.3165,-80.6544,202.8456,167.7508
16.6363,-234.6608,-61.5903,-64.8654,-35.7285,-58.2218,110.5152,63.0841,129.3990,4.5466,-92.5712,-168.3297,51.8849,-176.4460,74.6190,-54.7576,-80.6168,110.6129,26.9991
-5.1074,-247.9278,-52.6602,-74.0167,-116.6369,-166.4373,-67.1265,-94.1195,-54.0202,-86.6320,-57.5216,-210.0646,-2.8648,-189.3421,-6.8578,-81.6348,-57.8807,52.6222,-149.4770
-31.2606,-269.2914,-62.4340,-71.9177,-128.5388,-213.8442,-170.8278,-176.9264,-144.7370,-81.7503,-47.8073,-211.3083,-34.6649,-146.6497,-39.2347,-99.3338,-63.7874,31.4066,-212.0607
-58.5513,-271.8665,-71.3599,-68.7880,-65.2192,-222.5866,-132.6590,-154.9941,4.3238,10.5545,-80.8109,-205.7939,-50.6854,-92.2265,2.6336,-72.9377,-66.4278,25.3862,-175.1283
-62.6891,-249.5564,-71.0124,-74.3154,-24.1620,-248.2588,-123.5227,-146.6653,112.4161,21.4940,-99.8971,-192.2511,-88.3906,-86.2588,42.2158,-50.9360,-67.0201,-6.7918,-198.3419
-55.0749,-259.6089,-91.3001,-102.3304,-62.7620,-297.2318,-224.2941,-192.4935,-39.7482,-66.8520,-80.0073,-162.0232,-129.8950,-128.6334,10.7137,-73.7505,-116.7295,-69.4452,-301.3426
-52.8787,-297.2062,-142.0481,-156.4198,-119.0077,-323.5345,-304.1382,-203.6385,-241.1421,-114.5383,-62.8445,-131.0815,-130.2996,-147.2317,-51.5175,-133.7354,-183.7890,-121.1925,-349.6141
-36.1720,-299.4622,-184.2113,-208.9009,-146.9922,-311.8931,-288.2388,-151.8230,-241.9247,-100.6618,-64.5985,-116.1500,-103.7602,-129.2057,-72.0298,-191.2189,-182.8038,-141.1013,-275.9323
-10.2176,-279.8510,-163.7843,-213.4006,-145.1717,-280.3806,-218.0836,-96.6395,-113.9183,-105.0107,-60.5373,-111.1306,-82.3742,-134.9757,-43.6052,-192.8213,-107.1718,-126.9083,-137.5981
-2.8582,-278.3026,-83.0661,-156.4708,-105.3316,-219.0318,-115.6176,-50.9835,-17.0043,-118.3316,-51.0043,-102.1543,-68.5105,-146.0520,8.2348,-150.2296,-8.3976,-57.8604,-15.7717
13.8392,-249.3973,-27.3767,-72.3930,-65.8149,-111.6753,1.5717,22.1365,44.3693,-86.9981,-53.0164,-76.3809,-69.7224,-84.5825,63.6118,-130.1346,76.0615,46.6655,63.4270
54.7558,-157.7129,-56.2792,-2.1489,-77.0873,3.9127,107.5097,112.9587,106.7430,-32.5280,-61.5014,-18.4645,-82.5297,13.4657,100.2293,-127.2705,114.6613,107.4397,121.7382
52.2552,-66.0356,-104.6448,31.7213,-107.4887,60.1350,196.8885,159.0139,132.8622,-8.4586,-62.0278,57.1073,-75.9410,36.9052,109.9050,-98.3080,99.5172,102.8980,144.2843
-3.3810,-34.6526,-79.4611,31.5408,-124.5293,36.9133,220.8941,128.8758,98.0740,-18.2319,-42.5781,87.1759,-57.5272,-18.0277,100.5101,-76.3025,74.0215,101.8562,85.0161
-24.0492,-57.5381,3.3709,26.8228,-137.6634,-13.5961,143.3786,66.2980,65.5285,-37.1635,-2.3626,41.0693,-53.4864,-62.8061,80.1454,-90.9899,73.2400,140.8897,-8.8389
-10.0783,-107.6069,58.7486,29.5314,-94.6362,-33.6313,64.6178,22.7691,82.1448,-70.5168,28.1588,-11.6157,-30.0937,-63.0695,77.6900,-95.4649,80.8769,177.0234,-43.7903
-47.3313,-152.6254,46.6664,6.1834,39.8378,-37.1459,64.0532,-14.2624,83.6955,-120.9417,16.5096,0.2487,27.9034,-50.4566,113.9033,-64.1723,68.1354,162.9691,-52.3201
-117.4209,-179.4969,-6.3995,-50.8781,155.7731,-74.6618,59.0306,-68.5678,44.2150,-128.6962,-23.5289,42.2074,53.1523,-37.6605,141.8662,-16.8669,30.3921,99.5300,-109.8299
-134.9521,-220.9136,-53.1892,-89.1162,171.1929,-135.4811,2.9558,-115.5803,71.9374,-51.9844,-55.0361,55.5748,22.6231,-14.6315,122.5339,40.3391,-1.2614,35.4560,-168.6724
-99.3506,-278.9372,-68.1581,-86.5807,151.6750,-161.6479,-37.9240,-140.7207,168.1760,38.9170,-69.6655,50.8413,-10.7164,0.2917,101.7241,84.6558,5.0092,14.7404,-175.9472
-57.7520,-289.3098,-62.0305,-85.6744,122.4253,-143.0803,-64.8526,-165.9438,169.5328,72.0034,-78.6711,45.1236,-42.3767,-11.5825,107.9515,84.8219,10.2498,3.5220,-183.0512
-32.0041,-230.7522,-58.2110,-105.5142,29.0634,-117.3045,-115.8412,-182.7329,85.9114,80.8083,-73.6075,22.2764,-91.4022,-14.7373,98.6019,73.9999,-42.8942,-53.3222,-212.5267
-27.1575,-159.7546,-57.0300,-112.1887,-92.4840,-99.1055,-149.9108,-164.0063,80.2289,99.0618,-33.1951,-12.5387,-119.0494,19.6839,68.5281,96.8056,-100.1380,-112.8001,-221.7450
-11.1344,-124.1231,-28.8032,-82.2186,-158.0652,-75.8190,-160.2490,-129.4908,97.1062,94.3092,31.7802,-42.1717,-109.3920,46.3864,63.0590,130.5549,-70.7529,-102.0651,-207.4223
51.8610,-134.3021,42.6238,-30.9162,-170.7284,-42.7393,-188.0949,-109.7743,5.7939,59.3028,75.5442,-61.8029,-98.9912,33.8770,85.9719,138.4717,12.0162,-50.3255,-180.5674
115.2873,-148.4303,117.5831,28.2576,-165.7399,-3.5984,-179.1191,-101.3261,-62.0064,26.3607,82.9621,-32.9064,-84.9962,32.6914,112.4108,126.3831,83.3008,-13.0216,-132.9921
127.3939,-70.3424,157.4103,124.6252,-146.6988,38.4951,-77.8863,-102.1515,23.4488,-0.0875,98.5171,69.6360,-44.1131,74.3347,132.7508,127.7371,180.7821,32.3154,-97.1278
136.0591,93.8974,198.7369,278.0976,-109.8632,77.4887,30.1250,-115.9359,116.5916,-30.6941,155.0333,165.0876,14.3995,125.1392,139.3810,156.3036,321.6866,99.5364,-94.0939
185.3347,184.3343,274.1336,399.5260,-46.5746,107.0527,63.5970,-123.0250,97.7881,-56.3186,221.3903,179.5772,91.1470,169.3157,147.8586,159.0105,408.5067,131.2419,-72.9940
225.9716,153.4697,315.3582,368.9027,18.8814,117.4460,54.5028,-108.9463,57.9126,-59.5087,244.1165,168.2015,167.7536,196.6269,182.4741,97.3850,367.4750,97.1878,-29.0874
203.2553,137.3100,255.6938,232.4334,20.6931,87.8653,35.2261,-89.6528,66.1483,-37.3402,202.1902,177.3934,174.7817,161.4057,203.7179,62.7899,239.6069,40.1307,-32.5041
117.9229,146.2361,140.4820,136.2085,-17.5796,12.7163,4.7153,-88.4363,89.5026,-25.4738,126.6395,152.7693,120.0651,82.4219,177.1603,127.5496,111.6160,-4.3729,-82.7142
9.6864,52.0517,38.3836,89.3802,7.1864,-65.5719,-14.8888,-122.2322,103.1986,-59.8418,74.4725,88.9408,98.6073,55.5423,168.3208,181.8838,44.5465,-45.2836,-119.9759
-56.2961,-88.9361,-34.7481,24.1404,76.1301,-89.9895,-9.3553,-184.9639,92.9708,-100.3509,57.3766,67.0845,110.3403,93.5167,210.4741,139.0676,36.6188,-85.1117,-145.0467
-57.4787,-108.4457,-67.6040,-15.5253,90.1048,-57.6045,7.7578,-231.3379,61.1803,-94.1702,34.0049,102.8185,83.9584,121.1698,213.1914,94.9958,36.5354,-97.1272,-174.3775
-50.5979,-35.7457,-71.9251,10.2464,74.2022,-17.6587,32.2413,-223.2930,56.0190,-71.1608,-1.3296,132.5782,41.4658,128.1366,141.2754,119.3404,19.1185,-80.1404,-174.4266
-66.2885,7.2449,-112.3900,6.6003,92.9590,0.2494,68.8031,-167.7743,85.7308,-53.9468,-11.0025,122.9837,30.5022,158.8527,89.5265,156.6185,-9.4906,-81.9890,-116.0970
-67.6752,9.2478,-193.5199,-76.2040,104.2987,17.2920,120.4448,-75.3604,88.0131,-3.9475,-3.1646,88.5915,24.4181,199.8857,99.1095,169.8746,-57.2835,-116.4927,2.9317
-46.1456,-31.5002,-216.7953,-145.6392,83.1916,60.0483,182.5029,55.4872,68.5452,63.1055,-11.5549,63.8289,19.1032,198.2828,113.1766,157.7499,-103.3863,-125.7516,168.9053
-30.3961,-118.8234,-140.6260,-148.6060,77.1346,119.6369,225.8727,198.7296,135.7799,96.1709,-19.4855,73.4992,48.5561,145.1282,117.8113,135.6752,-104.4893,-80.6931,317.5662
-27.9005,-143.6632,-55.5627,-125.9353,71.3725,167.5934,240.0009,307.0123,286.5847,122.1149,-8.0587,91.3302,87.9034,96.2082,135.4221,166.3530,-94.1355,-18.1838,373.8491
-33.5753,-41.9224,-39.0838,-82.3106,39.6095,190.9807,273.9883,352.4476,320.2253,162.1333,4.0341,88.0394,112.1552,111.2551,143.3192,221.4184,-113.8030,42.6771,354.3067
-30.0441,74.4309,-54.0439,-3.7218,65.7874,197.4586,354.4822,344.4111,181.3008,175.5567,20.5165,94.4543,162.2237,158.3923,136.2577,173.8395,-98.3642,98.3905,344.1090
2.8861,125.4912,-36.6311,59.1498,191.9575,195.1618,426.2131,327.2564,152.3407,181.9992,53.9430,128.7285,238.3849,149.3037,162.1904,86.3586,-15.4174,124.0850,382.6528
30.9982,139.5288,3.6136,71.9904,295.3821,185.6458,437.5876,327.1548,340.2982,216.3006,72.5636,160.0727,273.2543,92.6810,216.9432,136.4066,43.0007,130.6699,420.4219
20.6608,102.1592,18.2185,78.2704,280.4057,174.0020,401.1705,303.9671,374.1580,204.5583,62.7737,189.1666,252.4203,74.4525,226.1010,234.0048,39.3551,116.8680,382.3690
16.1701,30.4700,-1.4491,96.1054,212.4171,168.0759,352.0827,237.8785,100.7043,123.1337,56.1036,212.4262,226.0322,97.4341,167.7398,192.6582,22.3172,-21.0818,280.6484
26.2227,47.3712,-31.1719,79.5093,173.4946,170.1016,311.6791,202.1620,-59.5858,95.5740,43.2017,161.8183,217.2536,102.5956,99.8134,103.5356,-23.7349,-286.8112,215.7303
-6.8083,150.7020,-48.1321,33.0687,156.5293,174.7404,272.6250,225.2753,69.9486,150.7943,6.8440,52.1203,211.4094,85.1806,63.8577,101.0593,-86.9474,-446.2940,207.0856
-24.2507,192.9521,-14.8546,35.2473,134.8667,161.6740,208.7932,199.9263,121.1943,160.4084,16.4708,29.9928,195.9840,66.8463,51.2396,102.9431,-36.6066,-388.6561,145.2404
83.7866,167.9774,78.8909,98.5739,101.2220,107.3611,131.5856,70.3135,-5.6630,93.1111,107.4421,133.9593,163.6817,55.8533,41.0162,52.9785,126.2705,-334.1508,6.2081
220.4291,165.8200,136.7482,123.0910,40.2735,35.6843,99.3687,-38.8536,-17.8516,47.1580,160.3356,222.4423,107.7263,68.8400,21.1703,18.5709,195.0738,-426.5092,-62.1741
212.9998,141.7558,59.3520,39.6037,-48.2303,11.6490,143.1655,-6.3663,86.1866,61.1056,81.6596,207.4355,37.2094,89.0075,8.5492,13.3061,90.5128,-512.6483,22.4337
104.1626,60.8888,-88.9661,-98.3524,-124.3404,48.2582,219.5371,113.8671,114.6687,110.0988,-33.6658,142.3162,-14.9864,72.2758,38.0482,41.8593,-48.5528,-483.3136,138.8500
34.3087,30.5925,-173.9834,-202.2039,-157.7994,91.6292,245.2540,194.1637,129.8671,177.5308,-65.7535,87.9458,-31.0550,47.2473,84.9899,136.1991,-133.0818,-412.2060,158.1155
13.0525,66.8773,-177.2477,-238.5307,-163.8951,115.1191,180.3306,195.0367,173.8347,215.0377,-36.2838,53.6052,-49.4826,62.8528,75.2412,206.0437,-181.7830,-332.9314,111.7617
-8.7110,54.2627,-144.5198,-212.9972,-153.3542,133.6238,86.2353,167.7708,123.3210,180.6513,-9.2758,28.9221,-98.8258,70.7436,26.8276,148.1170,-188.7321,-233.3724,88.2682
-28.6594,11.6673,-81.4728,-151.6275,-101.8034,133.5133,55.9942,156.1476,47.7039,131.1495,13.4502,9.1312,-118.3754,27.9289,38.1974,42.5766,-161.5277,-176.2549,87.7139
-30.3676,60.1445,-11.5217,-108.7150,-15.0159,80.0973,88.8742,141.5373,77.1449,134.9306,34.5981,10.0408,-59.4645,-4.2716,92.7757,-15.1208,-162.0628,-196.7738,55.8131
-2.6391,174.7064,13.7529,-119.8516,36.9002,-23.7537,112.0039,89.3334,83.5168,156.9009,38.8316,28.5441,-0.8702,0.0456,73.9598,-50.8840,-194.4020,-231.2100,-9.6063
61.4768,244.8484,7.7734,-142.8240,4.4957,-128.8170,86.6901,13.4514,2.3913,144.6737,41.8858,19.0087,-26.6581,-32.0890,-11.8360,-62.9514,-193.9826,-225.7779,-67.8275
139.2383,267.5220,19.1172,-102.6575,-76.6588,-174.0949,14.8910,-56.2753,10.9860,120.1227,56.8532,-22.0301,-88.5644,-119.5200,-49.4961,-27.6237,-140.6343,-179.6209,-120.4904
197.0173,295.9718,35.3148,0.4174,-152.5558,-153.4657,-87.1991,-133.3486,104.7954,95.8809,50.1040,-43.0455,-115.3582,-187.8686,-29.3394,-13.2014,-68.3010,-114.2068,-201.3039
214.2709,308.5436,24.2105,85.0239,-223.5356,-130.1516,-171.8942,-221.7366,79.4863,32.4645,9.7956,-42.6578,-131.1928,-196.1379,-34.6986,-56.5816,-7.6645,-70.9703,-278.7728
178.8978,242.4923,11.4826,102.4515,-299.2867,-120.2999,-186.2219,-249.5156,-26.4067,-51.6612,-14.2498,-42.5204,-161.6963,-165.4850,-67.5152,-85.4560,16.2746,-69.0560,-260.0241
107.0856,120.6448,30.3694,80.9428,-338.8555,-62.9177,-129.2728,-155.1766,-20.8355,-68.4955,5.1637,-5.1877,-158.5206,-116.1042,-67.0003,-64.7795,-11.7697,-84.3944,-127.6766
39.7260,69.8586,47.8400,44.4610,-301.2403,22.4704,-49.2853,5.2058,58.5989,-2.7433,31.3304,72.4641,-96.3347,-58.8285,-37.9026,-25.1970,-66.7625,-104.7169,17.3850
2.5095,152.0363,16.7404,-5.3596,-213.7667,46.0360,8.3308,134.1634,76.1554,69.8695,28.9062,114.8479,-24.1739,-3.5497,-25.3746,23.6782,-95.5334,-115.0087,101.9182
8.8729,246.7192,-35.6682,-30.3664,-127.1186,44.0268,45.5062,214.7507,54.1909,102.2037,-0.7906,105.9602,27.5588,54.4058,-27.2628,59.7244,-73.1164,-68.1905,162.7068
53.8894,228.6581,-56.1756,-9.4798,-40.4097,108.3394,95.6560,268.8409,33.8206,98.0875,-37.4402,100.3111,83.5173,115.0441,-19.0752,42.2166,-36.0502,28.3079,229.4115
78.2128,154.8817,-73.6109,-8.7355,64.3227,188.2509,161.5653,284.5482,-1.0442,79.8895,-61.7843,106.3105,141.8054,148.8923,-1.8303,3.7621,-42.0994,108.3275,265.2017
31.3382,129.6540,-141.3944,-68.0573,152.4292,212.9167,216.4962,265.7368,40.1957,100.6923,-82.6372,115.3205,161.9261,138.9530,30.5332,23.1013,-85.9319,167.5417,267.6993
-37.5394,137.8054,-207.4146,-109.4877,171.7809,226.4805,238.7604,242.3121,210.5142,163.5815,-117.0905,146.2303,138.0964,123.0707,89.6186,102.4667,-91.2962,232.1395,255.5554
-47.4791,135.6782,-188.8894,-59.0194,126.3738,232.3643,181.7044,183.7628,263.7041,150.0953,-135.1285,178.6401,82.1518,132.6396,116.2401,150.6792,-7.7501,266.3879,168.1186
4.9804,145.5361,-112.8171,57.9297,63.6352,177.6429,16.3996,43.0972,-1.0612,8.9044,-105.2314,181.4569,-21.3441,132.3291,30.9584,96.8662,131.1551,262.9320,-14.0187
73.2565,193.0027,-36.4445,175.8084,15.8294,122.5579,-160.4536,-111.7417,-312.5160,-107.4221,-68.6338,179.4043,-144.9555,99.5515,-104.2911,5.9860,250.7009,279.7243,-158.4150
136.9452,268.1899,55.1152,236.2428,-21.3592,131.5399,-242.5752,-179.3385,-341.7252,-95.0858,-64.4838,175.4866,-205.9902,84.0688,-148.3437,1.7937,296.8725,297.5000,-201.2971
206.2374,337.9996,153.5383,224.9189,-71.8838,121.0300,-281.0844,-195.7351,-229.6917,-77.0749,-59.9372,134.8863,-196.3861,100.1234,-114.0703,50.2991,276.6466,241.1911,-261.8882
270.2816,351.2264,187.3315,214.6816,-148.3776,50.6421,-336.3880,-249.1786,-245.2114,-145.9657,-39.4508,86.0393,-184.4804,89.1040,-127.1203,4.1549,252.0082,144.2894,-375.4810
289.3785,305.6800,154.4372,259.5943,-235.0255,22.4686,-349.6613,-303.4050,-326.2792,-193.2919,-33.0148,70.8022,-179.6485,58.2795,-180.8272,-109.8269,255.8987,83.0404,-411.2553
268.4970,279.9483,132.6986,274.8566,-304.7530,62.8722,-311.6762,-270.1409,-310.4621,-144.4318,-30.8724,51.7566,-152.3942,73.1971,-165.2564,-114.9695,234.0065,30.4058,-329.7475
247.0028,303.2260,136.4625,172.4407,-331.4014,85.3773,-284.3614,-162.1995,-231.7124,-93.7269,-13.8838,8.7507,-114.8341,101.7020,-80.2048,2.7305,132.3094,-43.1676,-207.2530
193.6210,295.6491,114.5972,29.1627,-272.6671,86.0433,-224.3805,-40.7908,-197.4040,-90.4452,-7.7473,-5.7597,-52.9445,83.2840,-10.1408,89.1240,5.3894,-54.9584,-54.0064
86.6552,222.7340,69.0095,-22.7458,-100.1499,136.4086,-72.7573,86.1367,-208.9357,-38.2148,-5.4419,23.5694,69.5182,77.5632,30.0303,89.2232,-43.2982,58.4139,116.9627
40.8164,159.7658,46.1628,26.4771,118.9399,226.6080,86.1152,205.1168,-166.2089,91.4493,26.6267,55.3685,187.1716,131.5122,74.1451,81.4301,0.1743,211.8697,196.1737
103.1262,143.5328,50.1206,91.1621,248.6489,262.6147,155.8795,240.1586,-49.1051,165.4872,45.7028,63.9064,207.7657,160.0409,112.1161,101.0101,59.1146,278.5536,139.1699
116.4453,127.8776,60.3484,121.1487,244.1037,191.8457,130.4865,155.8113,-31.5343,115.7029,10.5849,39.9558,172.3988,121.6303,107.0555,96.9395,88.8808,250.5825,35.9458
39.5924,117.0696,91.1641,140.2386,198.9835,82.2065,33.7747,35.6414,-170.4785,58.2087,-13.0066,-1.5293,163.2210,97.1082,63.3915,48.5413,117.5994,214.1606,-36.6284
41.0122,168.0751,150.7184,163.2826,180.3012,36.1702,-58.8602,-25.7350,-198.5437,84.6829,15.8834,-13.0457,162.2094,113.4278,35.0643,26.7201,153.5745,205.3098,-73.4567
112.1214,244.1636,189.8036,150.7096,135.7233,36.8872,-60.0531,-35.0150,-1.9083,138.5990,32.4567,7.6505,124.1565,117.1133,61.2641,79.8855,157.7843,186.7996,-92.6042
81.2579,238.3656,176.3327,108.6269,38.5017,6.7435,-10.9178,-49.0249,142.7415,163.0096,14.0033,15.3318,60.6119,112.9900,115.7015,128.6984,140.6351,158.0324,-121.9471
12.4573,155.1551,159.2616,116.1094,-34.2703,-24.9394,-1.4538,-98.6097,107.3304,159.5119,13.3209,11.2354,-1.7438,132.8000,141.5517,104.6313,154.1835,160.5222,-176.5404
75.3417,111.3102,181.8050,165.5023,-56.8019,2.4320,-33.5343,-183.4026,64.2400,113.7167,33.0027,12.9530,-54.5438,145.0670,111.6496,87.5502,167.2701,172.6719,-235.5430
188.4459,150.3790,218.4543,154.6162,-105.3245,46.1842,-92.9991,-249.4387,60.2301,45.5304,47.5639,-1.6603,-96.8681,124.0820,48.8427,128.9454,111.7599,138.4947,-260.3329
200.0939,194.2190,247.9584,87.5617,-182.4308,63.7871,-153.2307,-212.3168,51.9660,21.6979,88.5437,-19.2849,-109.6975,93.7849,15.6150,120.7773,39.7936,83.4944,-201.8830
141.7655,176.1500,274.8734,59.9066,-188.3640,87.0784,-122.2654,-82.8199,95.7829,25.0810,171.3939,-1.1919,-48.1419,59.5251,41.5453,20.7510,47.0233,80.3571,-41.8730
83.0555,120.9335,273.9613,75.9349,-101.4095,127.4634,-10.1866,43.3915,147.5866,9.4554,230.4359,14.5141,77.4867,20.3042,61.1844,-40.5181,96.9087,143.5904,149.0959
33.6322,104.4354,235.6259,89.0857,2.2496,171.6059,45.2806,155.0639,137.0551,37.0027,212.6220,-9.0488,166.0877,19.8663,26.5303,-2.5599,99.6022,224.4615,294.8019
22.5216,166.5756,207.4314,96.8855,87.1747,212.9915,45.5912,298.7668,155.5256,127.4671,151.4939,-16.8650,170.6264,71.3985,5.3524,46.1656,57.7160,253.4134,400.5706
63.6266,242.2917,196.2170,77.7827,162.8932,201.7592,98.9008,415.5178,166.5081,159.8371,105.3908,12.7638,160.8764,110.9121,29.1173,60.6025,15.8291,204.1823,458.7638
116.7917,235.1830,158.9819,29.6333,223.5124,120.6185,159.4610,427.2864,47.9034,106.7619,88.8041,25.4882,173.2670,110.7771,17.8612,63.8966,8.9650,158.9903,425.0385
143.2925,181.7251,123.8725,45.6421,273.8779,67.2923,135.2280,388.3279,-18.0943,82.1900,91.1606,27.1204,169.1423,119.2220,-33.2696,41.3294,74.4383,207.9239,341.3368
128.0715,199.2881,146.9708,145.2218,320.8872,87.9391,77.7670,361.1401,74.9534,98.9819,108.5337,60.7057,146.3318,137.6127,-41.7074,-10.0579,168.4623,287.0313,283.3485
104.0636,265.1996,185.6414,191.9419,327.8265,103.2993,49.7744,310.1831,53.3483,81.4283,117.6066,91.7875,120.8436,111.2850,-20.4957,-32.2883,172.3954,281.6364,235.8081
121.6706,253.2647,171.3888,126.7590,266.7197,100.8357,44.5472,233.7418,-62.4277,50.0528,74.3850,84.0489,68.3323,60.4471,-9.7304,1.7889,88.5712,220.3538,194.8343
122.6309,169.8072,110.0228,40.9104,174.4575,147.7146,76.7885,194.8068,67.7344,64.6692,-9.9660,70.2155,-0.4512,54.9601,38.0320,48.2692,35.6604,186.8924,220.1483
26.7022,128.7346,20.1700,-15.7480,99.1326,224.1081,137.9532,187.3731,273.0850,108.2627,-69.3090,57.8947,-33.6753,74.6121,96.1156,54.7305,25.7875,172.5957,268.5513
-66.3217,141.8688,-85.5990,-50.2948,41.9976,266.3098,148.3318,156.4933,190.4590,122.3936,-89.8219,16.1372,-43.8921,50.6003,56.9954,8.7649,-8.4358,152.1964,221.1230
-44.9467,132.4477,-151.9909,-35.5089,-27.3388,261.1811,69.8499,112.9390,43.2719,71.6259,-109.2767,-34.4498,-84.3352,-6.8969,-30.6152,-41.8238,-41.5023,138.7947,106.2100
-8.6532,90.8802,-153.8089,14.9937,-111.6517,201.9834,-39.8651,103.5298,72.7909,-2.7579,-122.2296,-48.3213,-143.7867,-43.4499,-47.3973,-29.6784,-37.1957,117.3109,55.0251
-46.8340,75.7807,-145.3777,35.4099,-140.1225,116.3630,-86.4323,135.3223,34.7762,-20.8085,-105.7077,-30.3142,-154.4742,-39.7981,-35.8438,30.5507,-44.0198,80.1835,91.1550
-81.2226,113.0897,-150.3233,31.0660,-48.3228,84.0139,-22.4852,183.8670,-123.7957,-1.6730,-81.4702,-10.8856,-72.0318,4.2122,-45.9910,55.1882,-71.7645,70.3720,146.0806
-86.8396,168.9743,-127.2325,47.1211,96.7166,102.6929,82.1172,228.2264,-113.8565,5.2850,-58.6518,5.7803,70.6265,72.3765,6.1167,32.4594,-65.2482,87.4096,188.3655
-107.4661,204.6647,-59.4478,77.0285,189.2831,95.2335,139.0520,262.1884,55.6989,60.8989,-6.9882,43.4732,186.8788,120.1976,114.9451,38.1649,-16.7633,90.8745,217.7432
-69.5048,227.5253,40.5551,118.6288,247.4547,47.6933,177.7630,258.8947,141.2090,142.2097,67.0613,106.4898,233.9529,127.2085,136.4016,91.7900,49.6637,103.6649,201.8235
71.0915,256.7715,150.5259,172.6390,304.8796,-34.8629,210.3777,157.2962,101.0468,79.0882,111.2700,135.9018,229.9578,111.7491,51.7369,116.4870,106.6800,136.5800,105.9006
163.1396,256.9328,189.8109,156.2205,281.5913,-160.2306,150.3674,-23.4145,11.7526,-70.0966,86.9847,84.0543,169.9162,82.8853,-14.0241,72.7435,81.5679,112.4065,-17.4410
95.8979,187.0931,92.6469,14.0343,147.9562,-234.4457,39.5188,-137.9863,-66.7779,-63.3795,-1.2357,19.6105,52.0050,55.3577,-11.7407,31.6964,-33.8961,23.1178,-52.5890
-27.8942,90.2117,-47.4979,-132.8549,15.8752,-159.4117,24.9971,-120.5203,-84.2977,19.2235,-84.4547,27.8161,-52.2279,67.6422,8.5424,60.1561,-97.3870,-21.3894,10.0453
-79.6536,31.8320,-85.1804,-146.3542,-66.5525,-18.9918,49.0198,-86.9025,-83.6811,-55.3092,-81.6650,52.5650,-101.7899,115.0055,7.5289,109.0056,-31.3908,7.2122,42.9476
-51.3529,10.7150,-39.9523,-80.5116,-172.1555,67.1419,-35.6643,-113.2072,-100.9641,-146.3528,-24.1898,-3.2305,-154.9569,139.5508,-17.6015,103.6457,43.6144,26.3984,-11.9800
10.6479,23.1382,-27.4700,-65.6791,-297.1972,109.9503,-149.9068,-128.7417,-49.7641,-25.4914,-12.8819,-99.8004,-227.6460,112.5533,-38.7317,78.6343,20.5566,12.4482,-70.9124
62.7143,104.4496,-65.6404,-108.4116,-352.1716,122.0568,-160.8246,-99.6480,68.7856,158.7892,-52.0507,-130.5296,-251.4055,53.2455,-23.4522,101.4303,-64.9867,-9.9520,-81.2916
69.4536,223.2020,-112.0864,-140.9853,-327.7883,64.0802,-124.1305,-83.0873,115.8940,193.7997,-85.2488,-85.5077,-213.0559,-14.6052,6.8710,129.4998,-151.8542,-65.3050,-77.3744
34.2921,269.6740,-174.3348,-150.5077,-273.3322,-42.3908,-108.1472,-90.3300,53.3729,136.3117,-122.6194,-44.9222,-158.3513,-78.4777,6.1737,84.6691,-212.4530,-147.5275,-76.5826
0.9293,217.4176,-249.7236,-149.4617,-189.3139,-140.1817,-66.2516,-75.8805,-40.9090,104.1572,-165.8568,-59.5333,-88.7909,-127.7439,-9.8667,6.1902,-236.3672,-166.8448,-70.2145
-21.7989,165.2317,-276.3307,-115.2512,-76.1110,-196.1745,16.7824,-14.4924,-82.5346,133.1247,-144.5083,-82.2757,0.4330,-126.6887,4.3083,-6.6189,-245.8194,-85.8762,-55.7768
-84.3089,182.1326,-226.1639,-40.9607,14.2759,-178.3828,73.2795,80.3114,-13.4627,208.6050,-58.1321,-33.4141,60.5067,-38.3665,24.9126,44.4780,-243.1492,6.8208,-25.4922
-161.7046,237.7960,-130.0970,33.5178,56.3039,-128.5532,54.3444,131.3285,93.6693,219.2325,-1.8236,69.6075,65.5228,69.2033,-3.4742,64.1252,-168.0541,18.0246,-9.3488
-106.7834,297.3617,7.4822,92.5948,85.7949,-170.4396,-8.7089,39.2485,98.6552,88.9659,20.2470,130.8654,62.7661,65.4352,-55.2782,8.1772,2.0697,-26.6304,-74.9816
107.9178,356.2691,193.9023,170.9665,124.1346,-292.8704,-46.9668,-167.2110,15.7220,-61.4507,105.7582,131.5095,90.0119,-24.3646,-72.6777,-63.7031,200.4388,-16.4750,-204.5195
279.0687,378.0212,367.6169,272.9704,148.7288,-315.3981,-62.0925,-337.8784,-71.3842,-126.8465,242.3619,134.1218,105.5585,-44.8713,-88.4461,-91.1156,353.6487,99.9376,-289.2305
268.2073,321.2619,440.7352,337.5479,141.0268,-157.6826,-103.1711,-384.9625,-111.9361,-150.0596,281.2449,149.0667,49.2088,27.8999,-143.6193,-88.4635,419.5768,246.1343,-271.3562
165.9992,228.2862,393.7373,319.8447,100.7381,77.1161,-123.4218,-326.2076,14.4110,-108.0414,173.0081,144.9021,-54.7418,101.1740,-160.6421,-64.3458,386.7227,324.6761,-177.5170
72.7926,175.1832,269.0592,245.0059,22.1770,274.7649,-79.0357,-209.9286,234.8832,33.2198,54.9644,132.6443,-128.2206,158.9815,-96.1958,24.6733,289.5678,320.3112,-80.2592
1.1725,154.0630,117.6134,144.6905,-103.1459,372.9510,-101.0526,-122.1143,144.5354,98.8918,27.1942,119.1468,-162.8877,201.1413,-71.8662,139.7543,161.4810,247.8845,-78.6723
-25.4499,113.5525,-16.4075,17.2546,-263.4635,344.1227,-254.4648,-132.1924,-263.2105,-1.3446,13.8399,78.0202,-204.9828,168.7203,-138.1443,139.2984,19.3144,119.9914,-165.9506
-23.2383,71.6842,-103.8774,-96.3366,-405.0755,247.7639,-329.6889,-157.2502,-375.9931,-13.6380,-54.0164,25.1778,-240.5446,83.5215,-144.6107,20.1547,-72.3972,12.8918,-164.9447
-65.9756,68.8101,-152.2278,-110.8639,-440.6572,183.3857,-191.5308,-61.7324,-15.1435,191.4459,-110.3074,-3.5744,-223.8891,23.4258,-32.0934,-35.6047,-74.4527,1.8668,9.7660
-146.7535,60.0857,-208.6507,-55.3382,-345.1442,141.1488,-18.1948,104.8585,249.3341,320.4257,-117.3162,-35.1669,-175.4750,-44.7844,45.6926,30.5159,-90.0975,8.7245,177.5096
-214.3746,-12.9626,-308.4417,-77.2526,-229.4688,27.1426,34.2844,181.9677,140.5615,207.3976,-138.7221,-91.5343,-143.5129,-154.8421,9.0860,68.0932,-212.6286,-100.2129,178.1627
-271.0012,-84.7575,-394.5374,-195.8335,-197.9057,-162.3603,43.1486,158.4064,-3.0405,118.2668,-169.2411,-119.6841,-130.9304,-212.8920,-46.8438,12.9418,-351.2454,-277.2246,108.5034
-272.1386,-39.5333,-357.9088,-257.2309,-187.9041,-329.1884,85.6425,140.4042,28.9321,193.2356,-127.9537,-96.8372,-119.5049,-190.5180,-67.8501,-36.2203,-381.8448,-352.9469,99.7291
-151.9862,100.8001,-208.1402,-202.3640,-110.5991,-424.0785,113.4445,140.8087,106.8138,193.5043,-37.5908,-82.5068,-101.0491,-192.5965,-94.6355,-48.5235,-314.8156,-293.2934,110.4124
4.4437,199.7496,-88.1925,-134.3942,-21.5202,-464.2357,89.7539,101.5905,117.7217,37.4505,14.3824,-94.3090,-71.1274,-221.8405,-133.1963,-79.7387,-216.9476,-200.7371,71.8806
75.4075,198.1513,-70.3527,-104.1829,21.8510,-418.4854,50.7583,36.9244,45.8362,-36.7474,34.1920,-72.0139,-27.8169,-170.9588,-141.4831,-113.5448,-131.1963,-113.6146,21.6638
76.9662,152.1260,-81.8880,-68.7519,81.4856,-240.1555,32.4714,-2.3596,-57.1127,26.8571,64.0307,-2.1439,29.4404,-52.7843,-102.7371,-103.0741,-79.6779,11.4447,11.2717
37.2695,110.6230,-55.1356,-18.7178,176.9485,6.0066,20.9305,-14.1871,-85.0385,35.0371,80.4174,51.3060,80.2497,26.1571,-50.2840,-65.6488,-40.8863,162.1905,26.6367
-53.0575,81.0741,-5.9936,32.6829,222.3294,206.2197,-9.0397,-6.5358,-65.1933,-32.5938,60.6387,52.2770,74.6397,48.0429,-31.3997,-30.2999,17.5787,264.1832,34.8522
-114.0425,73.3960,22.5022,95.9008,189.2899,332.7737,-35.3197,23.9126,-141.4489,-57.0034,22.9843,31.1892,13.2878,63.0744,-44.9010,-19.5137,78.0156,288.5612,33.4923
-85.0001,80.6751,-3.5375,161.5462,134.2272,403.3677,-30.6460,50.2836,-267.8592,-65.0769,-28.7513,25.1778,-18.6753,90.3402,-58.2031,-60.3010,124.6326,276.4436,36.8931
-52.2741,73.8694,-73.5325,210.9070,93.0170,415.4180,-27.9719,50.1674,-256.3903,-95.8078,-86.9040,39.7782,21.7595,112.5178,-79.2881,-101.2878,169.6308,267.8750,31.3348
-66.6048,56.9106,-119.7208,241.2827,74.9823,379.8944,-64.0007,46.0327,-148.8231,-78.5663,-110.4324,53.6131,72.4885,96.1433,-116.5808,-54.0501,177.2884,253.8483,-24.1533
-69.7742,54.0862,-121.3173,224.4230,72.7668,308.3671,-117.4408,46.8223,-160.2619,-30.7227,-99.0439,40.7114,80.5048,38.4037,-122.5103,28.2972,105.8457,208.0622,-111.5341
-72.1899,54.5861,-145.7731,143.0933,62.4067,199.5213,-139.9625,37.9769,-276.0600,-33.3701,-108.3293,5.9936,63.7649,-4.6330,-79.0617,15.9476,5.9088,144.7052,-133.6551
-130.3790,34.7033,-209.0264,51.3874,69.8084,98.7626,-89.5925,43.6118,-291.9429,-49.4851,-138.7128,-20.2488,56.1470,-15.7105,-35.8993,-81.2476,-67.7495,102.6687,-61.7122
-194.1984,-3.7173,-225.0480,-4.8849,138.8670,46.4813,23.2037,85.8227,-198.7074,-42.6818,-119.3400,-38.9487,80.0388,-57.5009,-16.5947,-161.3444,-136.2305,87.0596,2.4216
-185.1430,-39.4368,-144.2878,-29.6587,223.8255,-7.3765,109.4874,122.6186,-138.4426,-51.5538,-43.6267,-79.5053,130.3789,-129.7170,-16.1255,-186.9262,-180.5932,91.3334,-3.8792
-115.5065,-39.3562,-15.5657,-5.2225,267.3279,-84.2817,116.9041,119.9962,-107.1275,-38.7938,-1.7639,-126.2367,158.7540,-143.4809,-48.1739,-160.3003,-120.1523,130.6214,-14.2388
-36.5447,1.2944,90.6669,59.5414,290.6339,-107.4727,89.6292,102.3259,-71.1854,19.7127,-32.8610,-128.3452,133.2880,-88.7394,-87.4516,-95.5705,16.0156,175.5840,24.2703
10.7581,17.0949,131.6590,68.5781,276.9434,-58.2015,38.0114,94.2117,-116.2650,8.3973,-71.4779,-95.5216,72.5578,-33.4511,-85.5453,-49.7493,82.6591,157.2953,76.3955
-0.3204,-43.4605,108.9736,-5.5412,171.7306,10.4619,-55.2444,109.7250,-191.1825,-85.1255,-81.2650,-86.6985,-6.4433,21.3442,-70.8377,-46.4478,40.2011,106.6791,111.6102
-48.2872,-128.9472,75.6824,-46.9028,49.0779,105.6394,-103.7794,160.6365,-128.9843,-103.2264,-99.3266,-103.6546,-84.0200,89.2377,-85.0447,-46.0767,11.8977,125.9346,135.5407
-83.5287,-169.8139,73.8061,0.4413,19.9638,215.7281,-43.7923,201.3408,-29.6543,-37.3625,-125.7519,-101.9643,-114.4642,107.1948,-97.9167,-53.8922,66.4792,189.8333,146.6643
-94.3579,-167.4391,76.1364,40.9356,35.6180,245.2932,25.8875,164.6411,-84.8537,-26.6050,-125.0660,-88.1214,-99.3135,62.0594,-97.2116,-95.2807,104.3606,181.9596,133.8432
-104.8105,-149.6570,30.0789,2.2710,6.6612,187.0521,20.6524,65.5639,-176.8536,-78.0302,-126.1955,-98.9796,-98.2315,38.0244,-111.5403,-118.6678,45.6326,109.0246,70.9643
-127.5202,-144.2422,-63.9956,-66.1615,-37.3658,131.8390,-31.7092,-45.7671,-173.4119,-134.5914,-165.5060,-123.7806,-120.5974,43.5899,-118.8085,-99.2930,-17.4154,70.4983,-56.0342
-143.0227,-182.9653,-136.1903,-88.6913,-46.9784,93.3264,-118.0491,-156.5674,-211.6052,-224.1342,-193.0435,-137.2554,-125.5004,6.9958,-104.6154,-109.0895,16.7803,83.0423,-169.8936
-127.6799,-244.3605,-122.9532,-52.8112,-37.2514,52.8633,-218.7568,-222.2073,-323.0017,-319.1983,-165.0995,-147.5853,-117.7362,-41.8519,-131.6614,-163.1672,87.5416,94.1378,-175.5146
-98.7725,-258.3856,-55.9989,3.6684,-35.6597,31.4864,-258.2355,-186.5817,-330.2228,-321.3874,-116.5500,-153.0814,-130.7745,-20.0135,-215.9278,-187.3078,105.4922,72.3608,-124.6917
-85.9120,-207.5173,-4.9044,51.8076,-55.7650,-31.6683,-241.4038,-124.2178,-258.4813,-268.3107,-66.7146,-139.5605,-165.0743,24.9423,-293.7440,-168.5876,103.8013,8.2275,-134.3840
-68.6485,-150.0894,47.2466,88.5109,-78.7229,-203.5133,-242.7455,-161.3430,-320.2959,-292.2167,6.1236,-134.4234,-200.3330,-1.3700,-357.5481,-156.6822,135.0510,-76.1218,-194.2759
-26.7065,-161.2348,135.5694,102.4998,-56.2998,-342.1506,-247.0154,-261.3453,-514.2289,-380.0363,78.9328,-157.8775,-208.2117,-57.1043,-428.4790,-170.9033,170.6884,-122.2681,-226.2106
-10.9430,-276.8082,178.3583,79.6471,-1.8225,-274.3949,-218.6967,-290.9808,-596.4249,-392.2672,93.1816,-160.5398,-171.6120,-46.3635,-451.3185,-210.2645,173.2161,-110.1885,-222.6216
-65.1929,-437.0208,94.3009,30.9536,14.0600,-88.7827,-207.6058,-243.7641,-416.9151,-307.2553,30.7501,-121.5863,-132.8539,5.6844,-403.2384,-253.1368,139.4479,-84.4846,-207.9330
-145.6858,-527.8549,-32.3003,-35.5471,-13.8709,21.9058,-239.6064,-212.6061,-157.7722,-262.3708,-68.9054,-120.0207,-149.0544,3.3876,-380.6716,-253.8798,69.6732,-78.7429,-193.9137
-192.2899,-522.8116,-77.1673,-114.0505,-43.4210,41.7293,-273.6324,-212.4606,-127.6037,-311.0725,-125.7148,-200.7989,-196.5811,-55.2301,-434.4221,-224.5098,-11.2910,-74.7146,-199.7272
-205.5410,-484.6899,-52.9052,-158.1879,-72.8910,63.7102,-283.9011,-188.5369,-291.7392,-335.4312,-90.6601,-282.9879,-216.6009,-83.5148,-472.1560,-214.0750,-53.7911,-38.2514,-213.8379
-221.3345,-451.7162,-43.5086,-141.1489,-98.1924,103.9917,-256.7969,-140.2421,-328.8070,-283.3298,-37.0955,-284.5617,-222.0298,-59.7853,-423.7951,-206.5133,-54.3848,27.8407,-186.9939
-252.1723,-439.8103,-86.3158,-117.4348,-94.7849,115.4950,-189.3417,-99.3976,-179.1503,-240.8836,-71.0148,-230.2402,-258.3641,-59.6305,-359.0182,-189.8072,-52.0129,71.4095,-97.5845
-263.7187,-465.6526,-170.9109,-125.9738,-78.6880,108.0442,-120.7805,-34.3883,-69.6954,-216.4156,-157.8175,-192.5808,-304.0644,-109.9659,-366.4920,-209.0460,-55.8221,62.6250,39.4667
-233.4971,-502.1102,-254.1798,-131.8712,-67.7754,147.2475,-73.9361,84.8852,-81.2021,-154.5371,-189.8353,-205.5477,-300.0030,-142.6131,-416.5322,-230.8313,-52.0369,45.5092,180.5741
-214.3649,-527.2917,-282.4804,-116.8437,-38.0784,211.8829,-34.1205,172.6225,-117.5276,-111.8320,-164.7520,-242.9630,-247.7124,-135.3166,-411.6262,-183.4564,-50.8558,56.3059,248.1768
-253.9850,-566.9003,-261.3939,-103.1479,3.7816,175.8970,-14.2263,122.0353,-119.9651,-142.2176,-146.6449,-254.1395,-209.3153,-151.2840,-338.3554,-159.6288,-71.0675,64.4192,208.7529
-297.8065,-597.3710,-248.5383,-98.2361,18.5878,11.6670,-31.5512,-38.6836,-111.3637,-195.4496,-141.2012,-232.6549,-217.0019,-211.6171,-297.1537,-282.6572,-104.4873,45.9168,111.3954
-280.9572,-565.3165,-246.1605,-104.6373,17.8719,-150.9172,-68.7745,-205.5186,-173.9463,-268.6250,-118.6458,-219.5166,-235.8318,-274.3812,-356.3206,-451.3822,-121.3712,16.1840,-3.1604
-232.9374,-507.9646,-191.6481,-122.9275,40.4305,-224.0614,-111.3068,-326.0999,-301.4710,-376.0246,-72.1716,-226.4501,-219.6860,-315.1132,-446.6546,-505.7478,-105.0670,-14.1115,-108.0976
-198.4331,-468.6791,-81.3837,-134.3375,90.1897,-217.9792,-130.0545,-385.0910,-336.4236,-432.3239,-14.3590,-227.7833,-161.8704,-308.3537,-458.1856,-470.2752,-80.7494,-25.3150,-141.9246
-164.6880,-422.4434,-3.6548,-146.1595,149.8032,-124.2464,-84.7919,-378.5007,-274.6197,-417.2209,19.2908,-220.7467,-95.6853,-223.3139,-378.4279,-418.1619,-90.1115,9.6957,-109.6471
-122.8977,-405.4163,-5.1526,-178.7764,199.5761,39.1603,-9.0424,-347.7957,-269.1679,-411.5562,-0.6020,-213.3043,-62.4469,-113.6823,-274.4123,-329.8173,-121.4353,64.3897,-100.7909
-102.5454,-477.9585,-20.1873,-195.6646,236.9183,165.4432,44.4836,-345.1850,-262.6410,-408.1478,-31.6564,-194.6718,-55.7922,-77.5208,-203.4904,-220.6757,-113.8554,97.6196,-119.4420
-125.6737,-570.2501,8.8917,-169.8544,285.5747,197.4975,95.4175,-369.1025,-186.1812,-400.4197,-9.9067,-176.5274,-27.6083,-118.0396,-185.7735,-181.0929,-56.0847,128.9131,-101.3639
-171.5959,-607.5663,43.9728,-143.0390,334.7002,184.8665,141.9776,-380.1737,-183.6275,-452.6990,38.8903,-187.6253,15.8241,-177.4804,-195.5826,-222.9393,-6.3519,175.2048,-66.0501
-188.2745,-617.8391,46.5548,-121.5299,336.4619,159.5324,143.5250,-352.2377,-177.6172,-487.4570,43.5536,-208.6103,10.5622,-242.0504,-182.8040,-256.8111,8.5295,196.8165,-48.8573
-157.6773,-591.2406,44.2944,-77.0590,301.1125,116.2210,126.6486,-304.6820,-34.8051,-422.4243,10.4820,-200.5842,-43.9386,-301.1923,-163.7704,-237.8154,17.3532,170.3579,-23.4622
-138.4342,-521.1479,47.2655,-61.5147,268.4219,72.3288,104.7269,-276.4670,-96.3420,-408.9637,-4.5695,-178.6867,-88.4981,-314.6806,-206.9281,-213.5363,12.8872,121.0272,0.5184
-181.2210,-511.8681,17.3319,-115.1687,213.2693,25.3045,29.6509,-253.8730,-428.8958,-470.5049,-3.8413,-180.5112,-117.7886,-290.1167,-280.7309,-220.5337,-39.2742,77.6536,-11.2700
-237.0359,-561.8084,-37.7699,-150.8165,121.1817,-67.0905,-44.3185,-218.0765,-416.3320,-400.6697,-22.8299,-202.9356,-153.0448,-285.7062,-285.0369,-228.5122,-93.4093,53.1740,-48.1488
-233.2045,-529.2712,-53.4427,-106.7072,45.4003,-214.6627,-34.9362,-246.5182,-85.9625,-300.6022,-46.2707,-225.6936,-175.2227,-330.4489,-253.3241,-214.8546,-80.7226,28.7456,-128.2288
-191.5070,-464.5816,-23.6138,-58.9923,-13.3251,-373.4925,-39.6774,-374.8454,-196.2993,-410.8785,-47.2811,-258.2129,-188.6886,-415.4757,-293.0865,-211.9467,-62.9567,-37.4306,-260.5718
-185.8100,-532.1979,-28.3129,-93.4082,-110.8659,-481.3296,-138.8975,-454.5989,-608.3379,-505.7921,-56.3902,-317.1448,-225.1553,-511.5233,-362.0479,-245.3378,-153.3845,-135.1980,-332.1143
-227.6087,-652.2476,-107.6388,-212.8704,-219.6170,-483.1627,-209.4346,-380.8105,-605.7830,-345.7172,-100.2852,-368.6405,-257.2212,-552.6429,-352.6007,-294.7368,-316.3824,-192.4297,-269.4438
-268.8237,-671.4951,-183.8479,-344.6553,-262.1160,-360.0873,-175.3260,-250.3656,-348.6823,-191.0438,-134.7538,-349.1289,-253.0050,-480.0836,-289.3356,-317.6255,-410.2396,-159.4374,-160.3049
-284.6953,-646.2924,-167.4533,-373.0970,-241.1678,-146.2263,-119.8832,-126.7404,-220.0714,-193.4639,-119.7459,-269.8152,-261.7540,-331.5297,-247.6469,-272.0305,-377.3100,-51.1320,-61.5242
-281.5331,-646.7853,-84.8910,-284.5469,-216.6399,71.3037,-101.2577,11.0474,-80.4500,-185.5990,-84.0246,-217.0734,-324.5285,-224.5164,-251.6894,-186.2941,-274.8381,52.9114,31.2707
-257.3438,-639.2147,-28.7204,-227.4382,-222.1013,178.7904,-143.5463,61.6516,-114.2024,-291.3926,-65.4187,-210.5410,-401.1834,-224.7376,-327.5766,-185.9612,-196.5986,53.5657,43.7522
-239.7226,-650.0538,-44.5431,-290.0933,-239.7883,143.7629,-245.9010,-37.4185,-562.0713,-652.4872,-82.1391,-190.7133,-440.9532,-272.6339,-445.1178,-306.0541,-220.0962,-36.8701,-27.9998
-289.7088,-708.2900,-126.3798,-384.6263,-211.7988,71.2026,-275.7535,-91.7418,-794.1196,-833.2164,-149.0870,-164.9899,-422.2485,-280.3883,-470.3107,-381.4557,-334.3920,-96.0488,-26.6932
-377.4651,-748.0700,-231.3207,-434.4181,-107.6324,53.5027,-145.6637,28.7322,-407.0856,-508.5565,-221.2459,-190.6596,-344.2270,-258.0226,-369.1878,-302.5156,-425.5873,-87.4801,82.2963
-404.9244,-757.6967,-285.8474,-443.1898,27.7261,56.9063,-1.6589,163.6953,-59.7209,-85.6412,-219.2057,-234.8272,-246.0956,-263.2511,-277.2673,-181.4687,-421.2794,-81.7108,155.2392
-408.1481,-779.8285,-285.0274,-395.3723,137.7820,32.2002,40.9910,189.5517,-104.0245,33.8015,-182.0410,-235.1685,-173.4783,-286.1403,-251.4112,-120.8546,-388.9013,-97.2245,142.8031
-485.7530,-778.7121,-309.5689,-322.3441,196.2038,-24.4307,57.2708,155.8264,-116.1193,-28.4364,-205.8564,-227.4535,-129.1883,-300.8676,-211.9297,-94.5684,-415.5842,-129.5295,83.2680
-538.9881,-737.0397,-344.6003,-339.7964,186.1898,-137.1895,62.7643,55.3612,-31.2571,-97.5628,-227.5026,-261.9312,-108.0978,-344.3867,-150.2335,-113.5968,-467.4752,-213.8680,-31.7063
-417.4824,-708.6642,-269.0251,-441.3945,143.2655,-293.8570,-11.3344,-124.1794,-100.9519,-140.9686,-136.6567,-308.5630,-108.5039,-423.1324,-131.1590,-201.8223,-449.2843,-293.4120,-152.8299
-237.0090,-692.1782,-100.5417,-465.8401,143.2752,-390.6828,-110.8697,-246.9539,-194.8786,-74.9187,-13.4024,-333.9653,-99.5341,-461.5134,-143.4491,-261.5670,-361.5407,-253.0883,-195.0322
-209.3770,-685.2714,8.8048,-365.3992,170.9027,-376.0581,-150.5058,-235.3024,-171.1692,75.2106,33.1095,-343.1457,-69.7391,-429.3474,-136.1517,-227.1642,-305.8485,-142.0261,-207.1504
-308.0109,-745.3943,26.0582,-265.4271,143.1562,-308.8815,-170.1990,-197.1042,-145.0412,106.0094,53.0624,-327.4857,-64.8211,-382.2252,-112.1903,-194.4624,-325.2740,-87.9036,-249.9002
-369.5619,-821.8423,21.7319,-232.9519,67.7510,-216.7780,-218.1914,-196.0830,-132.2144,-3.6682,60.7023,-280.3933,-110.0575,-347.1296,-92.0663,-219.4648,-346.4132,-66.3834,-245.1400
-350.5129,-802.4580,3.9535,-210.0520,10.4907,-74.3751,-249.5698,-151.9851,-84.3607,-16.6654,-11.3762,-229.0588,-169.6227,-296.2067,-68.5615,-205.4958,-318.1466,0.3401,-146.3097
-334.0793,-749.6736,-23.3258,-157.7531,-23.2721,93.7287,-206.4569,-10.1921,-24.8282,171.0691,-77.8460,-186.3933,-204.4659,-209.7179,-31.0311,-96.3495,-277.4842,87.9030,-32.3757
-395.4310,-763.1157,-23.2752,-95.4341,-44.9543,235.1001,-112.6866,171.3259,44.7253,365.2648,-39.7876,-131.7869,-210.8940,-94.6019,4.5080,16.9026,-246.3475,155.7048,38.1428
-491.1407,-763.0414,-41.8998,-39.6754,-46.9051,329.3610,-70.0429,296.0470,44.7994,378.1225,-46.3060,-65.8409,-218.3770,-1.3713,6.3060,44.4757,-214.7628,196.0892,59.9510
-510.3152,-684.1734,-132.5307,-7.8896,-58.5507,361.7897,-122.3273,324.0420,-85.7214,282.2738,-181.9931,-28.7278,-250.0170,2.6403,-24.6600,28.3721,-210.5135,185.8851,30.7153
-475.4716,-616.2031,-201.4781,-22.4609,-103.6636,326.8006,-181.2392,298.0168,-170.3866,228.0555,-223.7412,-46.0470,-268.6882,-52.5011,-52.6581,66.6624,-239.3820,129.2141,-10.8259
-506.6927,-608.4099,-155.0249,-61.3557,-145.0042,255.2138,-193.4994,267.0811,-144.8804,190.8250,-92.4576,-79.7903,-238.4110,-66.2185,-70.8621,156.9922,-238.1225,65.5289,-20.9815
-551.6648,-608.1269,-68.2868,-69.0050,-162.9422,175.7440,-212.9590,232.2020,-186.0258,103.5094,-39.0867,-62.3480,-208.0351,-32.9707,-93.9069,208.1600,-187.7031,2.5609,-32.6831
-463.2552,-591.5922,-37.9902,-25.8102,-181.7728,92.7578,-231.6863,188.2427,-242.6663,32.8066,-128.3015,11.2282,-211.1435,-7.4527,-106.5466,197.8302,-142.6471,-47.4565,-93.9978
-318.3754,-567.6958,-38.0680,41.5677,-196.3326,17.1188,-207.4163,131.4058,-198.0632,18.9868,-134.4736,71.1295,-191.6183,25.6234,-110.1153,181.3081,-120.9886,-49.8678,-193.1088
-303.4254,-540.5247,-9.7641,86.2382,-187.7873,-36.4736,-206.8279,47.7738,-247.7834,-8.4242,-25.5257,69.5830,-139.0062,56.0835,-139.5401,164.3927,-108.9191,-39.8358,-287.9217
-388.5598,-527.6731,47.2033,57.6754,-173.6888,-75.9744,-251.2552,-33.4379,-400.3704,-52.4364,17.3991,29.8382,-120.4013,0.5374,-177.9179,123.9762,-129.4825,-78.2906,-343.7936
-415.6960,-523.6938,89.3818,-35.3143,-173.8530,-120.5064,-241.6812,-70.6515,-359.8569,-55.8842,-36.6563,-2.9847,-136.2065,-97.4788,-180.4558,91.6729,-189.1638,-125.4535,-361.4735
-353.1879,-499.8973,70.1472,-99.7459,-197.1624,-163.5396,-194.8789,-96.3913,-206.6765,-45.1308,-106.0617,-5.8824,-144.5545,-88.0192,-164.0381,90.9073,-238.4346,-116.2277,-372.7609
-279.7020,-474.0984,-1.0960,-85.4556,-252.7013,-165.9729,-206.8826,-136.7797,-197.9192,-51.7796,-166.0464,9.7287,-166.3006,2.9650,-149.1590,95.0231,-236.9962,-74.9934,-366.2793
-254.1793,-478.7387,-50.7829,-58.5078,-301.4724,-115.1092,-210.3053,-139.7696,-177.6106,-45.1568,-174.6981,9.8761,-200.6471,22.1075,-117.8097,98.9513,-188.9686,-49.6940,-301.2077
-267.9165,-497.9788,-44.3784,-70.8191,-282.7082,-65.2678,-134.1342,-99.7002,-38.1378,-33.0058,-115.4718,-10.5458,-195.5541,-38.5495,-98.7160,115.4687,-138.2566,-49.0800,-219.8066
-267.6913,-495.8815,-38.7112,-88.0656,-231.2962,-61.2197,-89.0406,-83.2186,-14.6214,-46.8612,-96.0525,-15.6008,-176.6116,-99.7755,-131.8053,127.6577,-143.1499,-76.7582,-200.2474
-235.8146,-429.5122,-84.8569,-94.5272,-233.8231,-83.5873,-126.0960,-94.7408,-134.6191,-71.2860,-159.0124,8.3118,-199.1221,-157.8993,-167.2596,127.7480,-195.5198,-133.7911,-221.6324
-208.7589,-282.3495,-152.3239,-123.5542,-276.5540,-126.4471,-145.8251,-99.3250,-237.2511,-96.0856,-187.4972,33.7377,-214.2007,-199.5030,-163.0296,129.5626,-226.2212,-205.0282,-224.7323
-189.6550,-153.7166,-183.1177,-173.6252,-289.5844,-205.3744,-144.0202,-111.7849,-336.8600,-116.5720,-136.8533,41.8818,-175.2890,-182.7187,-172.7652,129.5133,-222.4364,-267.2454,-227.2717
-143.8893,-159.1224,-166.7142,-200.9292,-284.8522,-267.0025,-204.9588,-135.7797,-381.6079,-108.1033,-90.8448,38.5108,-145.3819,-153.5579,-225.5462,123.4894,-214.3727,-291.7783,-271.6937
-80.1526,-227.4121,-132.5749,-175.6568,-305.6682,-256.2671,-307.0734,-152.0470,-282.6683,-103.5048,-78.1775,38.9499,-166.5837,-161.2363,-269.1309,114.6423,-185.0545,-289.1721,-349.7815
-37.2302,-209.9593,-89.3167,-117.7684,-323.7035,-232.8565,-375.3187,-188.7051,-254.9433,-152.2631,-69.5877,54.2629,-188.4349,-161.7419,-268.8364,92.1339,-142.6904,-318.7276,-423.8845
-31.4935,-123.2235,-17.4736,-93.2749,-301.5727,-261.3522,-390.7113,-256.4533,-411.4094,-196.4346,-65.1096,68.8910,-174.8593,-149.0597,-239.4570,65.8065,-160.8889,-364.9181,-466.4355
-49.0966,-65.8909,60.7282,-118.5757,-258.2401,-292.0187,-358.5991,-291.9814,-467.6821,-162.2339,-55.2290,68.7210,-135.1014,-158.4013,-200.1436,63.8654,-229.3327,-321.5815,-480.8896
-43.7887,-27.0452,67.4688,-108.1773,-201.2191,-261.1709,-297.4762,-261.5670,-334.0037,-76.1881,-31.4962,86.3140,-69.5699,-124.1746,-155.3124,76.2701,-246.9803,-182.4044,-485.9324
-2.7705,40.1384,-24.1416,-32.0741,-108.0765,-180.1973,-232.5693,-202.8300,-255.5161,5.5952,-29.3624,132.4253,14.2133,-8.5545,-95.7385,97.8635,-204.4572,-66.5413,-467.3918
-8.9351,89.7100,-128.5634,1.3095,-8.1769,-96.9253,-152.6325,-151.0331,-265.5166,37.7115,-47.6001,141.0018,77.9226,59.2278,-27.9902,158.6700,-181.4606,-27.7670,-396.8515
-104.9122,54.4749,-165.3613,-61.5107,29.6177,-64.4585,-56.7737,-113.7976,-217.7206,4.1492,-43.2574,91.1166,89.4657,16.3909,18.9506,227.1632,-205.5946,-34.3673,-297.5056
-183.3161,-34.9116,-182.1223,-135.2661,-1.0153,-90.5160,4.3090,-73.3295,-123.4549,-6.9231,-41.6489,71.4647,57.5339,-7.9921,54.6445,236.0415,-251.5869,-77.0112,-220.3135
-166.4150,-72.0726,-255.9879,-161.8510,-37.8988,-98.7847,14.1461,-7.2077,-23.6036,76.7765,-82.2831,127.8944,25.7248,45.2095,104.1971,216.2376,-288.1086,-127.5042,-177.8872
-134.6136,-5.0884,-330.3610,-152.5429,-35.6796,-48.1881,16.0042,46.6168,84.4141,156.5730,-110.6154,192.3896,27.6177,81.5834,123.8693,221.9897,-278.1690,-125.6360,-155.5153
-150.0151,96.2646,-304.1326,-107.1596,-14.4374,-17.8266,20.5467,34.3109,111.5447,142.3934,-76.3715,219.9441,47.6444,72.1771,81.8076,218.2053,-225.4980,-103.1564,-153.0524
-151.3750,140.6571,-230.3067,-49.3333,-37.0072,-65.3057,-6.3042,-5.3541,8.9743,99.6441,-26.1773,243.3736,51.3361,71.9866,40.4626,192.2066,-183.2301,-143.8411,-182.9452
-106.4371,135.7882,-228.3554,-20.9652,-124.9789,-133.4239,-59.5124,-9.6791,-96.9649,82.2067,-7.3914,270.8182,34.9059,74.5072,36.3422,197.8514,-170.3423,-216.3794,-229.8918
-82.8866,146.0965,-269.0403,-3.0705,-206.3533,-163.3723,-75.7223,-1.4457,-79.8647,72.2608,-9.8734,255.6157,14.9465,44.4925,44.7668,222.4963,-167.2763,-235.4928,-246.9603
-113.8697,182.5010,-264.3721,8.2548,-226.3206,-169.3574,-29.7651,-27.7147,5.1177,60.8779,-24.1037,181.6543,-1.9988,-8.1552,80.0353,204.3932,-173.3068,-226.5741,-243.8546
-129.7864,197.8485,-250.1110,-41.2684,-256.4819,-192.8847,-5.2721,-93.7398,-8.1620,14.3546,-48.1659,102.6107,-25.9715,-61.0786,119.5770,153.4371,-183.5564,-259.3626,-303.3375
-85.9143,162.8104,-272.6402,-113.4161,-358.2290,-254.5140,-73.3029,-172.8681,-100.7223,-48.9946,-64.2868,71.1459,-72.5512,-84.5695,63.6137,121.9480,-183.3702,-305.5414,-413.7212
-54.9265,109.6878,-269.5272,-107.2109,-433.4635,-316.7606,-149.1009,-203.8124,-2.0601,13.4080,-66.1381,68.1253,-125.2158,-47.3492,-50.6675,139.7866,-189.7461,-292.7225,-432.5800
-89.7713,91.2769,-209.3393,-68.3215,-367.4720,-310.4646,-130.4723,-156.0388,307.4216,182.7432,-64.6480,53.0033,-132.8862,24.9208,-72.3763,200.5347,-206.1172,-217.8286,-323.7712
-108.5278,112.1734,-149.3646,-101.3690,-208.7997,-238.8555,-84.6976,-93.4896,413.7079,219.0327,-60.7303,47.4971,-89.9097,82.6068,-36.1480,239.7096,-191.1668,-129.5253,-216.9536
-49.9751,146.0112,-108.2598,-154.0539,-85.0808,-174.3304,-101.9833,-62.4761,180.5109,118.8704,-49.5743,85.4182,-51.1516,124.5959,-69.5493,210.3697,-144.8584,-74.5488,-171.0555
15.8099,188.4819,-75.5741,-141.0517,-53.0183,-151.9716,-121.3839,-38.4070,-0.1228,116.2839,-37.1581,131.1343,-35.9897,146.1448,-102.2616,172.7764,-121.4463,-91.6662,-131.5611
38.1105,228.9127,-87.2255,-122.9147,-92.7935,-167.1975,-79.3123,-48.3684,48.4472,171.9650,-33.9260,140.7051,-19.4207,111.2934,-38.2313,172.5925,-131.4368,-173.9560,-100.1770
37.5378,238.6654,-143.1075,-165.8252,-152.4198,-217.9951,-28.6502,-129.3108,116.5764,84.7087,-42.0604,130.5355,-7.6255,46.5589,26.8925,151.9426,-139.9857,-242.0158,-110.7131
4.5014,226.1832,-184.0242,-210.8380,-184.9628,-280.0711,-10.2436,-203.4444,183.8577,-45.6768,-53.7520,119.8171,-17.5683,27.2607,30.1846,102.3156,-136.8214,-255.6546,-132.9574
-34.4891,205.2487,-203.0844,-206.0704,-191.8207,-329.7765,-6.4335,-218.2662,340.4605,-36.3305,-58.8823,105.2177,-40.3000,53.4224,53.2943,93.3750,-121.0143,-296.1495,-146.7025
2.4297,155.7579,-217.1672,-186.5293,-209.6885,-372.7320,-24.9008,-243.4617,421.0556,20.0434,-49.7250,117.6152,-85.5301,75.8642,99.2812,96.8584,-66.4336,-404.6930,-175.1960
65.1967,128.6289,-181.5486,-152.5419,-254.7966,-373.1167,-76.4998,-291.9836,313.8398,-1.6136,-20.4859,191.5939,-156.4243,97.9197,91.7453,21.0429,43.2782,-465.1807,-215.1893
63.6823,235.2049,-78.5146,-50.4122,-307.5244,-283.5256,-135.8559,-304.8489,163.3171,-44.1681,22.5967,282.4349,-189.2926,128.0682,51.0332,-102.4797,168.3995,-413.9061,-257.7424
106.7798,434.5110,24.0318,76.1227,-339.9389,-179.2842,-199.7875,-311.6858,43.0997,-54.7683,59.4809,310.9215,-151.2174,130.5738,17.3056,-157.7804,230.9083,-366.1737,-314.6092
268.7172,556.4100,87.1008,118.5991,-344.9855,-163.3681,-289.6780,-341.2812,-62.9699,-46.4105,89.8426,274.0140,-115.1058,120.3158,-33.7913,-103.1646,216.0168,-369.0841,-356.6620
378.6373,563.6387,149.2796,116.7569,-325.5476,-183.2416,-386.2446,-319.3586,-68.3359,-4.0563,139.0849,235.4984,-121.8805,163.0168,-76.8975,4.6906,214.7403,-305.2401,-336.5004
372.9474,546.1327,237.8025,181.1991,-261.5083,-160.9729,-444.7373,-242.9491,43.1115,56.9249,200.0610,223.4087,-114.8851,219.8229,-64.5987,78.8351,269.7066,-171.9195,-269.1631
392.9572,522.2252,311.4843,228.8132,-148.7101,-161.8899,-446.8970,-214.3991,146.4169,73.3371,215.8478,206.8715,-77.5206,182.7856,-45.5070,79.8476,278.2892,-122.5841,-193.5826
382.6348,457.3059,286.9185,121.2097,-48.6877,-231.0023,-394.5046,-235.8327,210.9299,46.9459,150.7729,167.2718,-57.2972,88.1349,-48.7348,39.0583,181.4026,-172.0509,-113.2155
188.2035,363.3138,141.3179,-42.5650,-6.0584,-272.7616,-299.0827,-224.5490,275.3302,25.1491,43.0361,113.3339,-51.7637,63.0110,-4.6653,-10.8589,81.8407,-202.3624,-26.9552
-19.5817,269.0695,-2.8592,-114.5323,10.2496,-247.4951,-203.3167,-185.7185,282.5670,7.7058,-33.8389,35.7924,-43.4029,83.5450,80.6865,-59.9153,51.6311,-213.2035,44.9047
-17.2234,203.9129,-16.0972,-149.8991,3.3354,-250.2120,-166.2812,-171.8114,209.1074,-8.2342,-52.4137,-59.5812,-76.5728,41.3322,111.0748,-72.2362,37.7190,-257.9787,77.5951
70.1870,193.2102,47.6118,-192.7234,-56.1423,-307.1593,-184.1777,-174.4222,175.5962,18.0868,-51.4786,-110.7363,-149.2892,-31.1211,106.1419,-31.7668,22.7575,-285.3853,70.7383
83.7129,202.2585,76.8692,-160.0379,-104.8254,-329.1233,-164.2751,-163.4272,271.0621,88.0080,-62.2125,-89.1749,-155.2166,-48.2127,152.6852,1.4791,44.3532,-274.1896,67.2948
102.1911,184.7099,105.6371,-85.6778,-64.1723,-291.3981,-44.6561,-135.4260,418.7340,132.9551,-59.1851,-50.6987,-42.8471,-35.1261,209.1482,-11.5294,72.6048,-298.4700,105.4893
159.5301,168.4583,184.2012,-83.6531,24.4843,-247.3894,116.1053,-93.7158,483.6353,123.9351,-18.7417,-25.9572,115.6691,-12.0767,212.2149,-23.8888,67.7267,-347.2592,164.3960
156.6652,180.0580,222.9971,-105.6388,112.3543,-191.0881,244.3464,-36.7481,439.7785,116.5757,35.1695,12.7889,257.0681,72.0760,224.0665,0.9001,65.6493,-339.7204,217.0546
106.9947,194.6219,157.1061,-73.2122,209.4794,-90.9307,345.5881,30.4937,389.5339,148.4801,79.1997,57.0980,376.2081,183.3643,281.3864,34.5744,90.2412,-306.2738,269.1933
105.2125,221.0573,77.9673,-36.9617,270.7213,-4.3079,415.6155,77.9282,420.4980,190.4656,119.3827,75.6210,457.3080,215.9781,313.8968,47.3833,116.9679,-308.4924,288.0071
133.8380,275.1843,74.0694,0.0116,259.4554,-13.1744,392.8039,66.1046,501.9394,222.8641,158.3960,81.7947,485.8983,169.9227,310.3091,52.3374,147.3084,-294.6831,217.1327
121.1719,303.7465,113.5703,105.7551,254.0400,-103.3857,278.9401,15.6038,555.0635,262.8138,184.8655,88.2488,486.3251,117.3679,329.0918,81.8891,188.9442,-218.2388,101.0485
73.6156,290.5231,136.9955,230.3131,287.8169,-187.7822,188.1729,5.4893,558.0842,314.6478,189.0861,84.7964,483.5713,83.3045,352.3512,126.6166,217.9919,-127.4259,56.8085
61.7650,311.7494,140.6946,282.9669,300.2714,-199.9747,210.3261,59.4463,544.9644,360.7726,184.4646,89.9239,493.7596,85.8963,339.9339,123.4416,243.9672,-56.1290,116.0388
136.2663,383.1344,163.1592,283.9413,315.0190,-158.6603,289.8075,109.3837,531.3273,371.5243,214.3979,118.6851,530.8522,146.6056,327.4336,59.6186,299.0919,-10.1464,203.3566
258.5323,419.8944,233.2507,260.5605,355.8389,-155.3831,294.6193,105.3987,488.3119,323.3298,284.5955,141.0664,549.1969,219.7613,330.9040,14.6732,344.3020,-35.0927,252.9041
340.8358,387.3892,314.6584,193.9141,299.9469,-219.5970,199.4610,82.7855,425.6345,252.0751,320.4728,138.2502,474.5729,246.4367,312.6140,32.3354,319.4748,-129.8119,266.0756
363.0647,350.6409,331.2759,118.3505,112.7651,-254.8419,111.0981,82.8959,403.5724,211.5946,276.1026,116.9709,336.9368,227.7641,280.2913,71.1948,248.5168,-191.9171,254.2054
359.7468,377.8093,270.1064,84.3408,-41.9697,-219.0827,77.3833,75.4618,391.2619,174.7111,205.9576,75.7725,233.2825,173.9990,264.6803,101.9928,183.2821,-171.9890,197.6830
335.5255,448.5047,194.8535,67.1107,-100.9133,-210.6947,27.1222,24.1562,300.5235,108.6677,161.0396,31.5867,172.8451,97.2665,252.6853,112.9919,121.6768,-148.7564,108.9894
296.5985,454.5515,153.5663,24.2703,-161.5211,-248.7956,-60.6551,-27.8148,185.7691,65.4467,135.9909,9.2615,109.6421,57.4087,235.0444,78.0907,57.6271,-178.6518,54.1125
270.9623,345.6884,143.0022,-26.6922,-240.8376,-214.9820,-124.4215,-29.5660,145.8413,67.0605,129.7951,-6.6474,57.6557,89.9479,215.4605,32.0002,23.1509,-207.3445,45.0733
255.0569,240.6676,146.5943,-27.8550,-288.8565,-104.7684,-148.6882,-11.6440,129.0726,65.6725,132.0000,-16.9943,47.3347,138.3135,176.7754,40.1529,36.4688,-188.1614,21.2979
260.8683,267.1273,156.8978,43.1952,-304.1010,-45.5756,-149.8047,-16.8171,87.8706,52.5676,112.7178,18.2787,64.8450,144.6942,135.2204,57.1661,79.6427,-177.5552,-35.4142
340.0321,380.9878,176.3856,125.4577,-264.8919,-62.6762,-130.2170,-54.3034,64.1725,13.0687,90.5836,82.6818,95.9493,124.0740,133.8849,3.6138,133.0340,-228.9288,-114.8180
439.4005,478.8344,200.8790,158.1447,-156.7645,-103.8674,-138.6124,-157.5017,13.1906,-101.4977,87.9528,111.9974,138.5097,102.4692,147.4832,-63.9110,183.7819,-271.7594,-236.5452
423.5943,545.2217,208.9915,173.3537,-54.6697,-178.6682,-197.8836,-312.3474,-85.5987,-214.1156,67.1674,104.2411,181.6627,74.6667,131.7720,-51.0602,218.6785,-226.4614,-336.3503
316.5058,585.9648,198.8299,196.3913,4.6487,-256.1706,-209.3676,-370.6326,-82.2549,-193.3258,30.2764,93.4035,222.2835,55.2438,111.9105,10.9232,223.2634,-150.9534,-281.4827
259.6230,568.9902,192.1513,165.6349,71.5436,-228.4397,-121.7036,-237.0416,47.4674,-83.1559,23.8765,85.9470,254.1493,93.1776,115.6709,50.4737,174.4322,-99.8088,-103.0855
249.7368,484.6717,175.0506,69.2527,137.6396,-95.3106,-23.0220,-24.1874,151.2029,18.1250,13.3649,90.4140,258.4995,188.0020,144.9961,82.7181,75.6610,-8.8905,51.3830
202.2293,367.0435,123.6580,3.8331,159.2726,32.2393,51.1623,133.6693,239.7319,117.0433,-30.8304,103.8550,244.9943,258.3419,214.5763,151.9340,6.2133,64.7013,166.9658
162.9271,266.6680,82.4338,29.6988,165.7818,115.6864,138.0939,239.1829,355.4506,192.1848,-28.8676,100.8840,234.8031,267.0811,283.8591,238.9889,39.1854,-104.0409,284.8685
198.5193,235.5160,92.3745,103.5994,178.7926,192.7537,193.9255,326.6549,366.1629,210.8676,32.4717,110.2158,215.1255,284.8932,280.6924,282.0263,113.6015,-469.1242,353.1751
245.3312,294.3831,98.3215,144.5745,167.3071,267.9196,179.2954,379.7458,315.0820,234.7415,54.6722,171.2191,183.1838,331.9974,257.8843,254.0425,121.3629,-656.1849,359.0232
251.6662,411.1418,54.4273,110.0648,124.1006,312.3683,146.4021,375.2967,378.2371,255.3559,38.2307,217.5068,155.9475,307.5450,297.9732,197.2889,80.1659,-553.3823,353.7165
270.9106,516.1755,4.1245,50.5635,40.0831,306.5405,96.3404,331.6946,421.5697,219.0525,41.2894,179.9923,111.8521,187.5357,330.2104,170.0864,57.6657,-453.3170,312.1990
313.9666,541.3346,-32.9967,35.0190,-96.3982,262.5462,4.6678,327.7768,385.4309,253.4251,18.5431,116.4223,48.3431,101.1883,299.4711,171.4433,21.4155,-501.4018,229.3360
307.2180,500.5092,-90.1742,21.9150,-197.6246,222.3371,-38.0516,403.5251,582.2733,411.9645,-41.1489,93.6851,28.7356,120.6685,294.6195,156.5090,-64.0426,-542.2128,185.2860
240.4449,491.5564,-143.4716,-45.0321,-170.5054,188.0141,4.5532,431.7190,842.7668,445.2401,-52.8425,92.3819,51.9856,167.6424,310.6197,111.6970,-132.2540,-511.8748,133.0429
206.0203,526.8289,-140.9579,-106.3052,-83.5793,103.0204,-4.2640,271.2186,493.1603,251.3320,-28.5181,90.7390,41.3061,164.2720,229.2164,59.8908,-144.6324,-496.8959,-48.5200
265.0587,493.1193,-105.9999,-117.5858,-35.2434,-27.6203,-95.0479,15.6054,-236.7227,74.5396,-39.6462,92.4241,15.9326,124.9753,115.3935,11.4159,-152.5593,-483.6799,-243.8358
354.9640,387.6548,-78.5839,-116.0367,17.6261,-94.8207,-85.4144,-115.0445,-292.8949,71.2627,-46.8997,99.7444,59.5017,110.1134,149.7613,-17.4435,-154.4787,-394.5777,-231.5717
370.9260,369.8276,-33.4507,-80.2900,140.5237,-32.6295,104.0912,-49.1848,414.5922,189.8005,-5.9047,136.2932,159.6406,154.2478,307.5825,31.2349,-81.7873,-246.9306,-50.9891
313.6692,474.0909,54.2004,18.8857,284.0254,81.6710,304.8579,97.2396,833.2698,320.0170,43.6357,198.1048,252.9621,211.8373,411.0284,167.0499,54.5892,-103.7629,86.9238
277.6566,537.3286,141.9854,102.2390,357.0215,136.6003,343.6869,170.7434,436.3008,275.2213,84.5510,211.3623,299.1974,210.5225,377.9780,274.8989,170.8384,6.5760,111.3375
297.1122,486.9629,168.8109,140.0071,335.5624,145.5436,262.2191,156.3799,-155.6761,65.8612,107.5373,152.9587,257.1214,169.1014,264.3470,263.8455,232.5082,82.4993,114.0711
329.6064,449.6294,133.3710,205.5579,268.8806,211.0419,242.5768,193.7839,-204.6306,40.6012,82.8755,103.5945,161.5747,163.7921,193.3912,204.8055,262.9348,131.0407,182.1216
371.4289,519.3080,96.9525,269.5018,203.2541,329.1119,346.3839,318.3557,220.3133,249.0157,66.0726,111.7250,129.0150,210.5048,236.1739,187.1015,284.4524,133.9813,281.2084
430.9356,608.6453,91.5977,241.1581,126.7787,370.1303,423.4174,358.5768,476.7171,308.7837,115.4883,140.3201,154.6960,270.0277,303.4080,191.7515,295.5282,64.2004,291.0634
456.7516,596.2866,80.0541,172.1006,44.0420,286.2308,366.6572,243.0377,284.6599,199.1365,163.6592,148.2760,135.8351,292.3148,292.8146,200.5995,275.9318,-23.3633,179.5724
436.6551,512.8657,60.7042,155.8386,34.1552,151.7677,283.5834,103.1055,15.3469,185.4269,184.4416,128.3975,109.0068,240.1429,272.1894,212.2259,229.5729,-31.5748,44.3031
434.5641,480.8977,92.2252,185.5925,128.1254,6.8223,277.3746,-9.2838,-50.9933,100.6093,232.7948,111.5595,159.1653,156.0472,319.2487,140.0476,210.6107,20.9395,-53.2274
449.7749,515.2773,151.8159,237.0803,239.8029,-134.1029,294.8957,-137.3889,-63.0752,-213.7591,227.4355,133.1416,214.8781,114.2960,366.1799,-52.2792,252.9843,24.9070,-131.1768
420.1802,522.9639,143.0689,288.1519,300.4043,-216.4160,286.3940,-227.5904,-68.7825,-371.3681,81.0546,146.3725,202.8356,72.0887,361.3501,-210.6736,313.6126,-33.6994,-189.2415
360.9416,482.3012,72.6027,288.0662,325.1107,-251.1063,270.0800,-236.5994,41.1119,-184.7741,-42.4826,78.9659,180.3819,-40.1721,345.7179,-213.7528,333.0534,-44.9761,-216.7058
322.0954,459.8635,26.7806,245.8590,328.4708,-302.1517,240.6376,-218.8665,147.4421,-8.5532,1.7591,-18.6111,172.0558,-145.6715,324.0405,-151.9940,292.6649,48.3529,-214.7229
291.9564,466.3806,9.0017,204.7247,301.3933,-333.3436,201.1873,-175.4799,149.0595,16.4740,74.1461,-54.7377,139.4181,-165.7169,279.6199,-141.8663,204.1494,131.4187,-157.3690
261.4226,441.8698,-30.1686,136.8728,249.1945,-298.7596,196.3883,-92.1200,198.2541,68.2988,45.6131,-53.4190,107.1917,-164.1917,234.3225,-181.0362,112.1359,64.2051,-41.4300
250.1893,363.8113,-89.0270,41.2274,193.8008,-263.2285,234.4150,-36.6718,316.5750,124.2555,-2.4727,-64.4815,105.0163,-179.6389,170.5222,-232.8537,78.8648,-78.7008,86.4601
244.6021,283.4938,-138.6515,-2.0379,173.3640,-238.4409,291.5455,-7.4259,365.2129,97.1871,-1.0130,-68.5559,106.5406,-169.6147,76.4557,-285.0266,112.3704,-93.7430,213.3028
233.1970,261.8354,-152.8532,11.4655,198.5465,-150.1523,344.6053,56.6449,376.9616,66.6909,22.6638,-67.1552,108.3891,-165.5335,46.7597,-346.7245,151.9385,29.4097,320.1202
232.3837,291.4633,-113.7849,16.9765,189.2403,-36.3333,326.3170,86.1445,389.6212,54.2324,57.9061,-78.5376,95.3162,-205.8013,109.7859,-422.3057,152.5302,122.5617,321.0586
227.9856,319.9200,-46.2887,30.8354,79.3535,26.4595,202.6296,24.4620,311.5168,32.0917,95.1237,-57.3856,8.9080,-208.9607,120.0369,-443.1042,144.4673,142.2491,228.5569
211.8510,350.4462,16.3494,88.0212,-35.0388,96.7017,82.1086,-8.3222,195.6450,51.6884,108.2118,7.1728,-92.6543,-129.3942,23.3722,-342.9934,186.8409,174.2116,197.9969
215.5494,404.6402,79.7018,153.1564,-9.8641,211.7648,72.6401,60.0123,161.0320,93.2098,111.5828,37.4959,-52.8110,-42.7972,-30.0396,-211.1082,279.2204,221.5944,279.1089
213.7031,412.5899,131.8994,201.9735,144.2146,281.0925,140.8439,144.7982,172.4472,109.5259,125.4897,25.4744,114.3464,12.5324,37.0316,-159.5341,351.0455,230.6973,365.6707
160.6173,329.8251,142.1510,225.6562,301.0459,257.0301,220.9400,178.9347,218.9846,160.4751,138.5342,47.6449,226.0708,49.6740,113.8367,-128.7617,349.6808,196.3359,389.6122
129.6530,273.0984,142.1367,192.6278,376.6237,172.4594,274.5514,138.8643,292.3076,216.3771,149.5855,94.5774,211.3314,42.6626,103.3927,-47.9011,301.7971,128.8012,339.4232
187.7502,328.7426,175.6596,147.5565,375.5314,64.3003,242.7592,32.7362,238.0650,169.7656,160.0547,103.5579,163.9514,11.7057,27.5958,11.6417,268.6223,77.7843,219.7394
236.1189,395.1380,224.5057,191.6492,355.7939,13.4336,137.0694,-24.5094,82.6107,109.0991,165.7154,109.5945,165.3132,46.5209,-40.4782,15.8391,280.0889,140.3723,122.9639
191.1234,380.0472,282.8575,298.3451,368.2309,71.4173,75.1435,37.2439,43.9591,147.4585,194.8989,167.9353,210.9222,149.3266,-51.3862,52.4484,315.1672,292.2263,136.6868
124.4864,331.7681,358.1184,349.8294,398.7301,144.3322,100.2321,113.8088,45.1376,192.5102,250.2758,222.2887,256.9496,228.8886,-33.2049,153.2131,324.3905,385.0735,205.1088
94.6575,304.7766,385.6187,330.8258,401.3259,160.2077,148.9478,155.0646,-38.7251,202.5527,262.3192,196.2964,271.0706,239.2725,-34.0048,246.2170,300.1696,393.8007,275.5201
75.8827,301.7875,329.4902,303.8305,379.4457,188.6825,207.4629,237.5602,25.1232,261.3616,208.8650,118.2711,261.7895,195.4018,-10.7852,279.4015,297.3889,421.9511,387.3991
66.3487,312.0523,275.9788,278.6876,364.3488,260.6184,274.7926,327.9479,238.7139,317.0456,158.6618,66.5585,250.1459,135.6468,70.4057,268.3809,330.4579,475.5409,493.9167
69.8111,291.4504,277.2917,235.0975,331.5284,324.1027,264.7594,331.9207,215.1446,270.1815,140.5041,57.8973,222.3345,112.4185,109.9537,268.6483,335.9930,477.8149,492.5162
54.0118,217.9102,274.0263,182.6570,225.7143,374.5337,145.5332,305.7027,23.4824,182.2772,115.8788,39.2035,157.7006,127.9071,56.1684,318.2686,287.4995,425.9424,442.2219
25.6963,157.4444,234.7975,133.3268,80.8470,405.5152,30.3170,327.4598,40.7089,133.9090,74.7448,-20.6001,88.4929,129.9619,28.3040,375.3524,223.7872,361.8514,452.2929
20.0121,150.2227,186.0123,77.5265,29.3086,378.0998,9.2279,350.6659,105.4724,119.5883,42.6570,-67.4419,80.9986,111.9898,79.5955,368.2091,159.6446,303.1198,474.1954
30.4657,147.1893,140.0927,18.2624,132.1714,332.7963,45.3253,336.2437,-23.0642,126.0635,36.3206,-46.4246,149.0416,103.1169,104.9202,304.6580,101.9423,263.0884,442.3237
56.7334,129.1670,124.3637,-8.1606,278.2757,316.5151,74.4465,313.1167,-67.2337,123.4600,57.1587,-8.9241,220.4368,91.2115,78.0874,263.7524,89.1668,232.4370,412.2104
115.2494,121.3610,165.4902,10.4073,331.6111,275.5284,82.1092,287.3164,80.3718,89.3501,81.1667,-30.3862,220.9112,68.7140,73.1560,291.4916,107.0231,175.4703,406.2890
159.0697,105.0872,215.2424,18.0222,292.9644,202.0688,85.1726,238.9945,118.4470,69.3166,82.2559,-76.2060,162.6220,62.4417,71.8915,332.7104,91.7197,107.5879,356.4371
132.9730,59.3252,228.9702,-16.0788,239.9894,172.7125,94.1517,171.0931,48.5222,76.7145,83.4062,-72.7622,109.4536,65.6321,31.6569,300.1088,58.2794,90.4276,261.0659
80.3597,13.7292,243.4486,-25.9552,204.2637,176.8378,85.8158,118.1023,67.9829,67.8430,117.3019,-33.5569,100.9471,61.8254,12.6892,232.6685,67.6767,135.4254,196.1112
71.6505,2.3034,277.2552,24.6658,169.8070,163.7672,38.6970,118.2562,76.0684,61.8066,165.1996,-3.3042,137.5489,80.2436,43.5369,256.2277,98.8240,195.9335,179.9771
97.0453,47.5129,286.9690,64.0084,115.4616,175.1385,-14.0309,154.0101,11.0313,91.4637,195.9216,22.7246,170.9508,120.0806,55.4401,350.1752,91.2988,238.9272,172.1617
105.3772,151.1552,253.9661,60.3198,35.0055,230.7561,-36.2509,187.3559,-13.8877,134.0519,202.5036,48.6527,129.5246,134.2952,28.2885,382.1955,40.7349,273.0841,169.3673
84.6701,255.5308,195.5550,76.4589,-48.2336,274.8392,-41.4762,253.3497,-63.7003,204.7715,177.6332,53.7172,30.6236,137.1646,4.8132,356.3726,-19.8347,314.6599,214.1973
64.9001,287.3649,127.4476,110.7871,-110.8698,303.0073,-36.2534,370.8900,-141.7796,312.2005,129.8909,41.2034,-25.1848,166.8410,-10.5451,346.1628,-56.3528,336.3744,322.1722
59.5323,216.8095,76.0846,79.9189,-160.0243,327.3307,-13.0336,448.9671,-42.7058,362.5206,108.9413,24.6081,-19.6678,172.8058,-19.5368,315.0426,-57.6694,286.8652,436.7788
35.8193,55.4173,52.2259,-19.2363,-183.9908,297.0785,-6.5190,446.4931,126.6085,321.6344,136.3752,-2.1454,-13.9460,108.8667,7.8396,258.5222,-65.0228,190.6165,482.2755
-20.5114,-98.7686,25.1465,-97.1322,-135.2401,222.9653,-22.3219,449.9527,122.2981,301.9927,150.1100,-26.9779,9.5980,42.8908,72.6347,272.9871,-111.7527,148.2267,462.8620
-64.7737,-94.3876,-7.8570,-91.2039,-16.9610,205.4706,21.8999,503.0529,144.1286,369.1080,95.7751,-21.1893,99.1451,42.5163,143.3917,338.2658,-148.9915,195.6408,444.5629
-78.9547,56.3412,-3.9901,3.2591,96.6636,259.1548,139.1166,563.1537,313.6144,456.1658,28.1536,10.8672,197.8308,79.3108,191.9029,340.3704,-116.8172,261.6833,429.2457
-89.7763,164.3681,40.3923,149.4341,159.3979,292.9400,204.4350,588.2815,284.9399,463.4698,36.4861,55.2864,240.6548,113.9149,191.6342,294.8653,-28.2845,283.4453,361.9780
-60.9427,148.5566,87.0470,270.3970,189.2271,262.1862,170.9633,526.6883,61.9148,343.3994,106.2237,119.2056,257.4214,146.1963,159.7403,268.3468,67.7405,270.7965,264.6102
57.1273,101.6591,123.5567,311.7726,203.2919,212.8721,148.7439,372.4883,55.7855,172.8083,155.8690,184.2056,264.1773,176.3776,165.4137,237.5147,133.6269,267.6456,210.5203
179.8671,92.1570,157.1014,307.8602,194.5720,210.7080,188.3851,241.5165,148.6511,88.2503,174.7065,208.7514,226.3215,211.4305,210.7151,197.7727,161.2708,307.4470,188.1826
200.9351,126.1566,186.1298,325.6213,163.4630,264.7926,214.0422,208.3229,11.7143,89.7469,200.3821,198.3550,167.9763,259.2244,212.0823,183.5192,187.7681,375.0422,147.7291
180.4470,201.8222,212.8079,367.2778,118.1770,307.8767,198.1053,201.1787,-61.8675,84.5714,209.6933,189.0872,149.9291,282.3030,163.0994,162.3345,240.3456,407.0433,119.3597
219.4737,266.4479,232.9212,382.2698,59.5992,287.1222,191.6366,173.3910,155.1566,71.1817,165.0161,181.2758,161.9983,248.0865,156.8073,119.6368,279.3731,370.5283,134.2751
271.4832,267.1599,222.5953,352.5039,-11.4543,232.1879,194.5842,152.0076,215.1908,77.0727,106.1703,162.1372,151.8931,198.0172,208.4484,124.4659,266.3711,298.7284,132.1264
250.0576,245.6464,180.8411,310.1617,-96.3646,173.1875,154.9139,117.2922,-57.3257,72.4557,88.6779,150.1380,104.9972,169.2566,222.6190,169.6950,225.7698,219.6108,66.8242
182.7169,241.9386,146.3960,276.8616,-205.1150,91.3984,62.5021,44.1404,-187.1816,47.3787,99.9704,163.1667,45.9002,136.6653,157.6030,147.4501,190.7949,128.3884,-21.1157
139.0535,220.3278,136.2090,242.8429,-318.2612,0.8946,-40.6121,-32.5064,-42.0286,5.3289,97.7385,183.5737,9.4336,113.0881,82.7019,51.8845,169.0512,43.9278,-87.1777
131.1510,185.2304,118.3050,204.9656,-370.4131,-40.5758,-106.1398,-79.7514,-11.8065,-51.1695,64.8055,185.9825,8.7106,156.4689,53.8092,7.6067,154.8122,1.9419,-111.6754
141.0108,200.9072,69.6436,164.8301,-341.3464,-21.3730,-117.9451,-69.9661,-163.7467,-61.7967,5.3296,173.8798,26.6744,225.1725,42.2968,69.1913,116.2575,-4.1965,-74.3466
153.6737,260.2389,6.3107,108.6816,-301.9473,18.3644,-96.2863,13.0680,-201.1844,-10.4318,-63.2949,165.2390,61.0614,218.4887,24.9565,148.4869,33.7217,3.8272,3.8067
148.1693,282.7220,-59.9315,47.0428,-287.2498,57.9264,-48.5063,108.0615,-59.5157,41.3280,-116.0692,154.6234,117.1086,168.3561,45.6183,168.6184,-45.2667,44.6704,68.8898
109.1346,234.3978,-133.0344,24.4090,-246.4408,110.7334,32.9825,162.6682,83.1951,139.6683,-140.7084,130.1903,148.5334,183.5374,122.2070,160.6378,-75.1268,127.3829,109.1991
44.3949,158.9847,-190.6839,41.3366,-201.5736,174.7354,97.3870,208.8668,112.7220,308.5902,-148.4000,118.2088,120.1188,249.8543,186.6025,148.6005,-81.9614,197.5609,125.3857
-27.2517,107.3764,-204.1466,42.9967,-268.2259,207.1403,75.4903,231.0670,40.0584,328.4388,-151.9596,142.0741,91.4183,279.8017,186.5880,85.5962,-99.6079,216.8216,87.6272
-88.8959,83.5839,-187.4883,17.7690,-447.3956,188.5653,10.9975,186.3417,-32.3250,125.5134,-124.5910,164.1745,111.2797,267.8669,158.6346,-9.0922,-122.3379,234.7950,16.9360
-121.4889,74.6167,-153.9742,18.9622,-612.9399,182.9667,-1.7222,162.5811,-28.8808,10.1191,-30.5219,156.4709,127.4769,251.1628,150.9583,-36.9108,-135.9765,300.2009,-12.7385
-102.7447,99.3689,-86.3791,72.0198,-723.0632,246.5914,10.3180,222.7072,-35.2306,97.6213,70.2631,164.8085,103.0776,242.1474,155.8276,-0.1806,-119.8473,371.2198,-3.3645
-18.2636,170.0415,-16.4786,138.5161,-830.0776,321.7444,-33.1038,246.6870,-134.8308,110.0865,62.1286,210.1395,76.2614,265.0565,144.1306,23.7032,-61.0353,391.4036,-18.7336
110.2216,246.3904,-15.7454,175.9865,-935.9111,327.9624,-96.8075,171.2090,-230.5968,-24.2670,-35.8660,228.0373,56.4673,318.5591,113.5225,35.6756,5.7568,377.2407,-57.3463
210.1836,292.9236,-55.8178,182.4289,-1016.3530,282.1823,-112.7478,97.5240,-234.9913,-85.9615,-84.2718,188.5926,18.2080,330.5443,86.4255,34.3957,49.9540,361.6364,-75.2969
213.0546,316.5844,-38.9993,180.0167,-1087.7142,231.8950,-122.5571,58.9660,-212.4632,-40.8355,-53.8312,152.8377,-26.4092,273.9968,61.1055,-26.3428,82.0355,325.5717,-82.1670
124.1368,319.3045,8.8372,171.4518,-1146.7604,170.4067,-169.5183,8.7807,-195.6936,-6.1802,-47.8469,154.8238,-61.9512,221.9066,2.0780,-80.7812,71.9368,251.5294,-110.0134
3.0450,296.1013,-28.1153,129.5803,-1140.9896,92.5820,-167.0863,-21.4265,-114.1053,21.2638,-99.0115,152.3989,-72.3044,212.2875,-64.0127,-50.7028,-20.2567,195.9609,-134.3569
-92.6339,263.3133,-126.2104,56.8355,-1015.7028,46.8742,-25.6957,-3.1192,32.6806,66.5782,-130.3130,121.8605,11.4300,204.2815,-43.5267,-49.2806,-103.0402,232.6160,-96.6306
-112.3453,237.6316,-136.6737,24.7188,-756.4318,81.4431,182.2644,22.8490,129.9615,97.2468,-94.9208,92.5726,197.7190,173.8142,43.2809,-146.0450,-53.1954,311.0701,1.6528
-43.7431,233.9843,-36.5080,88.7183,-449.5982,171.7299,310.5124,57.8601,112.5651,110.9382,-27.6648,77.7590,349.9758,119.8466,67.0660,-173.3305,68.1864,260.7581,80.6847
27.9461,256.4773,31.5868,198.7934,-255.9163,234.8300,336.8044,125.2142,83.3626,130.3632,15.9678,59.2210,390.8836,46.8166,53.5548,-58.7788,125.9726,20.7812,101.7917
5.6407,251.3484,-4.7937,274.5627,-222.0889,238.3948,362.1995,191.9536,182.4238,191.0680,21.0583,45.5429,410.2183,12.5248,155.2140,25.7491,147.5851,-230.6429,127.3983
-75.8846,176.2879,-51.4741,315.4814,-237.8951,243.6631,423.9742,235.9860,315.7909,282.9171,17.6196,67.3187,439.1270,60.4795,317.7411,0.8920,226.7240,-299.7402,178.5786
-120.8114,96.4352,-28.7634,351.9445,-245.0044,282.5943,434.6318,257.0629,231.9071,262.1638,25.4681,110.0931,387.1712,123.2443,328.8328,-39.8786,325.6621,-216.2721,177.8869
-121.0271,67.2456,20.9096,368.2529,-290.0028,297.0431,357.0810,230.9875,-18.7702,84.4588,31.8771,130.1145,269.3723,143.9266,192.7810,-63.7793,371.3441,-126.1253,130.5170
-106.0623,47.0706,47.4856,359.9241,-355.7225,269.1537,294.2482,185.8931,-79.3336,-19.3248,32.5186,132.9387,199.5714,177.8495,102.4827,-82.1985,403.1081,-85.3060,146.4145
-60.8275,46.0788,62.5198,373.1487,-368.0901,263.0056,309.1461,196.1359,114.7682,60.7501,34.3037,154.2165,178.0936,247.9327,107.4083,-55.8211,473.4583,-66.3249,216.9404
7.7497,126.9846,76.2201,416.0254,-346.2744,294.3618,319.5336,237.2844,234.0013,116.3072,34.5364,183.5383,139.0549,282.1032,111.8596,6.3204,535.6389,-38.4698,227.4623
56.7467,216.0417,85.0071,429.5638,-353.3509,316.8605,276.8964,227.3727,151.3523,58.0488,48.0668,186.3745,101.7591,262.1640,90.0406,43.7106,531.6773,15.6333,191.3105
98.3506,203.4984,98.5610,386.9612,-355.1432,317.9955,264.8093,181.8469,85.5418,23.7120,95.8636,164.9954,104.1109,242.5523,79.2409,36.7107,480.0328,79.5703,209.0338
172.0664,157.3665,113.8659,324.1842,-271.5058,297.2536,326.4322,166.8036,129.9928,28.6634,152.1796,144.8500,134.2800,233.4449,76.4781,-28.7095,421.0328,112.5954,265.3460
246.6275,168.2644,127.3692,266.1914,-108.8405,235.7359,390.4836,186.7985,157.7612,12.2287,183.6458,139.5378,189.1255,216.9590,72.0822,-136.0293,365.4033,113.7568,288.0516
261.4048,168.1088,161.7793,207.8837,49.9374,163.1823,415.9701,206.7359,132.0117,16.9994,196.4597,134.7952,252.0770,196.5691,78.6407,-166.0521,311.1312,117.2030,282.5881
222.9786,94.5593,199.6629,151.4898,145.2244,127.8649,411.6480,194.3546,111.3979,21.3869,184.6171,90.5882,257.4513,156.0463,76.2415,-69.6171,254.3627,127.9911,263.6244
188.3125,0.3808,183.6334,102.9577,177.5264,98.6992,339.4980,137.8295,75.5900,-41.8506,131.0339,0.7536,190.0198,84.3167,30.5046,7.7030,198.2496,124.2271,209.5703
175.6973,-72.7572,134.9081,54.6938,169.6545,34.3572,197.6127,73.9834,-3.0937,-87.6513,72.1375,-79.6827,112.3717,24.6756,-30.5868,-26.8080,156.7420,99.5348,146.3215
143.1059,-111.5062,123.6328,2.6282,140.4550,-13.4372,102.7406,54.9817,-66.9160,-54.7441,52.6239,-121.0697,52.5554,0.1697,-47.7454,-62.5387,114.8287,72.2959,126.0472
78.0463,-76.8120,133.5567,-43.7015,108.7920,10.0517,112.4602,82.1621,-78.3121,-42.6153,54.3208,-144.3098,-6.9050,-20.7118,-20.2966,-14.5888,31.4320,66.8765,126.6912
43.6594,5.1547,111.8237,-79.2409,77.9468,57.4978,117.4029,111.6625,-76.8960,-71.2750,42.2809,-140.5728,-58.7928,-39.3124,11.3017,49.4942,-73.0098,78.3686,94.9810
70.5605,35.1013,81.7155,-103.5886,28.8927,57.0755,49.7155,101.5385,-75.6542,-59.8028,24.3375,-100.2334,-94.3248,-33.3267,38.8840,65.1453,-117.3399,76.2654,42.1323
111.2427,9.4088,90.6969,-99.7497,-42.4368,12.5579,-6.3190,46.4552,-42.6385,-41.0685,38.7055,-76.0836,-127.9997,-27.7690,66.6361,45.2953,-88.0691,60.8865,-3.5126
163.9656,28.5237,134.3310,-57.6529,-121.2812,-35.0767,-14.2196,-19.4611,-33.4325,-82.7817,100.7892,-90.1292,-159.6082,-43.7554,64.3854,17.6914,-62.3895,48.6548,-67.7929
266.9357,115.2779,165.7941,-23.1392,-207.5092,-80.4659,-55.0170,-68.3908,-152.1330,-145.4803,151.4566,-97.7759,-188.5109,-51.3747,19.8577,12.0197,-85.3872,18.9779,-160.3180
351.4913,187.4562,129.2320,-44.6568,-285.7403,-134.2552,-123.0185,-96.4496,-298.1322,-173.9226,121.2205,-103.9107,-227.8420,-43.6023,-7.6541,47.7440,-122.1551,-20.1564,-208.5678
324.6097,202.2104,37.5164,-71.4817,-291.7967,-170.2529,-96.2258,-89.6791,-239.2328,-153.9137,60.6769,-140.9049,-240.4095,-51.7321,41.0097,92.9688,-124.7510,-1.2122,-162.0385
240.8299,187.0691,-7.1441,-25.4703,-191.4985,-156.0211,36.1741,-56.3363,-50.2022,-105.6165,65.3366,-167.1174,-167.4946,-73.4646,125.6712,102.5309,-81.7292,65.1250,-90.5049
191.1948,146.8487,32.6414,53.5307,-50.5673,-119.2991,137.8256,-57.7937,-51.1493,-95.6712,105.9363,-145.8140,-59.7054,-85.1794,147.0981,80.0674,-18.5316,82.1291,-72.4101
172.3589,70.1615,64.2848,80.6322,36.7718,-117.4799,142.8396,-99.7544,-210.4218,-125.8949,106.7803,-109.2251,-33.2942,-93.8650,90.7509,57.2359,24.7687,46.4786,-71.5559
178.0061,11.7919,30.2777,63.3873,38.0069,-160.4679,113.4706,-94.3739,-186.9382,-105.6957,77.8271,-82.4015,-93.1239,-108.0809,50.6260,51.7911,24.8100,28.4912,-38.0372
205.5345,35.9474,-21.1278,35.1997,-20.3917,-218.0924,86.8329,-21.4236,2.2936,-47.3238,41.8937,-90.9495,-147.3444,-110.0014,73.5937,60.4710,-11.1762,19.5106,-12.7199
179.8447,87.1443,-44.5495,-8.3307,-87.1065,-260.4823,44.0962,34.2243,35.2018,-43.3922,4.7133,-169.4589,-161.5933,-91.3264,90.7387,64.2262,-52.1493,0.7902,-17.7677
75.7699,47.5859,-37.9199,-43.3476,-117.0319,-262.7630,7.4352,44.0108,-68.1120,-49.8191,9.1541,-253.6871,-165.3859,-71.9866,64.2610,55.4300,-71.2220,14.2093,6.4484
-10.4156,-91.7170,-26.5484,-61.4176,-110.4590,-233.9382,17.7769,47.1203,-29.3262,12.2012,41.2454,-252.3169,-169.2539,-74.3232,56.1319,53.3084,-89.9993,39.1189,58.4407
-43.9682,-233.5044,-61.1055,-124.8797,-113.4700,-222.9361,48.7403,34.8202,132.3239,76.8191,7.1722,-223.2539,-175.1382,-99.7717,90.0817,56.3604,-150.2555,32.9969,45.8874
-97.7386,-313.2852,-138.4268,-217.9759,-152.9995,-227.1714,42.7730,0.2841,200.1825,87.1077,-77.9898,-245.9022,-189.4202,-127.4221,112.6951,30.4154,-219.7495,90.2522,-32.8846
-178.0387,-337.8289,-178.6075,-226.9950,-184.1040,-178.4663,-7.0220,4.6479,168.1285,95.2925,-104.8458,-260.8359,-186.5752,-136.7460,109.4414,-11.9461,-230.4932,278.5598,-71.3808
-220.3272,-329.1812,-163.2278,-166.9371,-139.0518,-80.4526,-55.1651,56.8659,150.3280,119.2686,-82.4276,-228.7037,-151.9139,-129.9612,104.3253,-8.0443,-211.4193,444.5922,-48.0967
-219.3590,-307.1430,-160.0890,-161.9893,-20.7543,-21.7674,-48.4973,69.3623,148.0927,129.3678,-88.2685,-209.3048,-126.5702,-120.1704,95.8544,45.0136,-237.5925,447.0483,-41.5554
-216.0798,-294.6009,-190.9420,-211.6467,108.2091,-22.3698,12.2145,13.3201,118.8727,123.1122,-111.3982,-208.7298,-118.2824,-114.8096,91.7264,81.4282,-290.5237,373.8544,-68.6248
-223.6769,-287.6097,-226.2584,-239.1456,215.1977,-25.6483,49.8936,-40.6306,67.6260,81.3944,-123.3866,-194.8153,-67.5093,-118.1131,101.0467,75.3301,-310.0468,347.2885,-85.2635
-223.9086,-248.4183,-251.9724,-240.4539,301.9810,-17.9395,17.1876,-58.3325,14.0643,-0.4562,-131.4598,-190.4183,26.8044,-122.7505,86.5563,58.9019,-294.8469,360.2966,-96.8952
-200.5935,-173.1095,-243.3730,-205.1365,356.5906,-10.1843,-24.4354,-64.5273,-13.9174,-40.3439,-108.4907,-181.3111,90.1408,-107.7652,42.6278,51.4682,-253.2312,385.3452,-127.9526
-173.3801,-115.1601,-175.9269,-98.3841,381.7927,12.4448,-23.3637,-61.1831,5.6321,5.1075,-41.5328,-113.6339,100.9066,-73.8996,28.8240,44.9154,-166.9536,420.9373,-154.8630
-156.4333,-82.7768,-75.8163,24.3208,403.6120,22.9208,-25.4152,-60.8633,39.5882,39.6361,13.3239,-31.0137,81.4335,-56.7567,44.6188,27.6254,-44.3083,430.9878,-159.7795
-92.9570,-17.5395,18.9837,86.3239,403.7675,-32.8253,-58.5960,-121.0366,23.4382,-30.1746,27.3173,-11.9081,20.9269,-79.0340,27.3527,-7.6227,77.4334,383.4462,-165.9722
42.3343,49.4157,82.4134,102.1507,351.5679,-120.8739,-77.5291,-229.3866,-59.2167,-162.2349,23.9902,-34.1355,-53.7837,-120.8980,-17.3925,-50.3697,160.5407,303.3750,-181.8175
137.0720,5.9362,83.4033,105.5659,283.2533,-160.0773,-69.3442,-275.8360,-141.1858,-233.9941,7.4650,-36.7918,-68.9059,-155.9796,-44.2399,-77.2237,176.9838,239.5123,-190.7735
111.3050,-106.7711,48.5017,106.9892,213.0435,-136.9243,-79.5080,-226.6918,-132.4111,-184.5367,-6.7450,-7.0248,-52.5817,-186.0072,-60.0280,-80.3868,146.6177,226.3040,-196.9776
59.1083,-136.2410,55.3867,117.6478,66.1891,-77.6921,-146.9266,-180.7325,-56.4237,-103.3659,23.7249,23.4932,-104.7356,-224.6383,-88.0240,-71.2346,114.1804,256.7845,-225.1672
62.2560,-104.0948,92.8586,105.4223,-144.1141,-7.3880,-273.6674,-195.9878,-57.7959,-112.0220,74.3853,9.9416,-198.8284,-263.2082,-130.4629,-76.9720,68.2473,288.7633,-280.7475
54.8644,-124.5372,79.5755,47.7815,-223.7727,35.5477,-372.5119,-206.3789,-174.8260,-162.0872,69.9329,-22.1374,-208.6630,-268.0469,-166.6888,-124.9564,-0.8819,327.1230,-320.5215
-24.0188,-144.5784,21.1444,31.3949,-34.5408,63.0913,-299.1416,-140.3353,-246.6293,-128.0343,12.3947,5.9514,-97.8504,-219.8622,-148.7588,-178.5533,-21.0801,423.1785,-274.6919
-125.8605,-102.1929,-7.7152,112.4578,321.8981,147.0540,-67.4568,-12.9986,-186.8344,-49.5842,-17.5403,57.4981,64.6851,-148.3145,-82.4154,-153.1927,40.4794,541.3537,-132.7384
-178.7037,-111.8016,22.5269,189.4009,653.9368,268.9577,128.2880,105.2771,-137.6611,-43.7883,17.8807,37.0957,203.8777,-104.7464,-49.2003,-60.0209,101.7553,572.6066,19.4687
-172.3812,-213.1571,87.5329,177.2524,871.0020,315.0058,203.8835,155.1883,-181.0371,-85.7313,61.9898,7.2048,277.7901,-97.2089,-47.4323,-12.0729,115.6395,506.9946,94.7259
-155.6286,-261.4262,136.6907,122.3318,966.0018,257.1201,243.3600,120.1260,-164.2619,-110.6885,54.3444,54.6564,292.6947,-86.2992,0.8954,-40.5149,127.0243,422.5914,84.2912
-153.8559,-223.5665,131.5534,73.4674,934.0542,147.6334,244.4233,3.3229,-18.4180,-175.6884,24.9117,82.1561,279.6602,-60.6706,41.2737,-63.9717,151.9284,329.2556,12.7247
-114.6234,-216.6511,97.3044,32.5724,779.0319,-10.4298,116.8981,-182.2933,53.4805,-322.9808,25.1083,19.7670,224.9742,-64.7562,-32.0734,-55.3242,163.8973,189.6780,-101.1787
-16.1582,-238.3167,72.8268,1.0113,546.8536,-201.8971,-91.9474,-369.7651,-66.5780,-454.9160,24.4109,-23.8933,94.2216,-121.6905,-147.2097,-77.9134,155.7080,30.3427,-220.7140
59.3689,-198.7615,50.9670,-45.1730,304.7582,-338.2677,-241.4427,-472.9691,-202.9552,-487.2260,-10.3930,-9.7757,-77.5701,-193.4717,-197.5918,-157.6780,118.5693,-95.0142,-304.1626
72.1097,-125.3716,38.3269,-123.3205,104.0669,-387.5929,-303.2154,-501.4173,-241.1502,-469.2579,-38.7882,-34.7464,-211.7164,-245.5589,-233.9821,-236.0924,50.7009,-173.2647,-342.9196
74.2428,-97.3537,47.6349,-180.6592,-28.8837,-411.3058,-351.8002,-524.9568,-296.0435,-462.8718,-61.3597,-104.2079,-283.6639,-278.7288,-300.4116,-258.0774,-9.4180,-207.2614,-360.8765
55.1645,-121.6053,18.9271,-175.4551,-99.0583,-438.5504,-416.7803,-543.3147,-376.7136,-449.9198,-139.0251,-140.1159,-328.3905,-296.8235,-333.4436,-248.8734,-35.0997,-204.6380,-387.1173
-25.9854,-172.4768,-79.4121,-138.8622,-138.3906,-444.7551,-435.7916,-522.6362,-348.7267,-419.8657,-238.1964,-140.5487,-371.4590,-315.6939,-319.8258,-262.1356,-31.6727,-185.9062,-412.1212
-97.3522,-215.6220,-156.0745,-95.9375,-162.2257,-410.7030,-363.4408,-476.8494,-271.9578,-398.7410,-270.6460,-135.8997,-393.6487,-352.1931,-311.0132,-284.9542,0.3311,-149.2183,-377.5339
-108.4499,-207.6837,-155.7379,-44.3641,-151.7414,-320.3696,-273.8156,-399.8495,-271.9361,-351.4293,-261.0657,-110.2661,-362.4983,-353.0414,-302.8756,-284.6154,33.2649,-77.8993,-255.8466
-147.5801,-159.2361,-146.1736,-4.0889,-99.3389,-180.0098,-237.3388,-251.1704,-223.2670,-221.3335,-276.6612,-41.0813,-286.7416,-257.9737,-271.9740,-285.9394,19.8182,4.0965,-100.1819
-233.7839,-128.8270,-166.8982,6.3424,-19.7462,-39.1992,-170.3071,-62.9644,-50.1093,-69.8489,-296.0299,58.9324,-212.8150,-139.5618,-238.6018,-278.9091,-13.7787,60.6654,36.9847
-244.2778,-147.9174,-181.0874,-2.2453,87.2201,75.1758,-5.3001,90.3745,46.1237,6.5669,-280.0602,124.7544,-165.5595,-97.1505,-211.0025,-190.9347,-11.8360,105.1436,159.5423
-163.7361,-213.3765,-167.8014,-14.2506,219.0230,174.5383,137.0538,205.1358,38.3291,39.7427,-235.1539,95.9794,-129.0785,-77.7566,-163.6808,-61.8064,4.6220,158.3408,264.9431
-117.4048,-282.6378,-117.7419,-18.9551,337.2639,236.6157,153.6727,293.5799,133.2012,85.8235,-167.4747,26.0443,-83.9266,-14.0317,-95.1940,-22.5063,10.9819,192.9958,308.5694
-126.8739,-266.3279,-31.2775,-16.7350,402.3816,222.8002,101.0892,303.0389,221.5820,86.5810,-97.0010,2.4784,-41.6647,8.9917,-55.2341,-65.4646,35.8471,180.9739,249.2549
-100.7129,-148.0346,26.2138,-16.4632,403.4048,145.4904,18.9419,197.7161,55.1341,-4.5825,-73.4939,-10.0745,-40.8096,-71.9236,-85.9919,-94.1190,65.3752,136.7633,101.2368
-26.5280,-53.5317,12.3561,-8.6029,352.9665,39.7081,-87.2283,28.3979,-163.0732,-125.6027,-101.9524,-60.4552,-86.1051,-166.7016,-139.7586,-114.3836,61.1210,72.7986,-51.0632
33.5139,-68.0531,4.1124,5.5019,295.2722,-76.0040,-127.1616,-133.4386,-164.3255,-220.8724,-128.9704,-83.7619,-112.7126,-212.1918,-136.9800,-160.9854,52.0614,-25.3045,-130.3675
56.5050,-109.4827,53.8279,-12.9639,277.0273,-178.8774,-72.1637,-251.8605,-125.2361,-277.6286,-122.2957,-53.8732,-76.3860,-240.9317,-101.1501,-215.1280,50.4677,-147.2599,-158.0323
38.6065,-104.3541,66.0271,-71.5884,290.1826,-242.0410,-28.6231,-307.0459,-167.6851,-266.6339,-107.9892,-47.5967,-27.1616,-233.7843,-93.3832,-270.2870,-5.1183,-242.0759,-180.6995
-34.7304,-115.2513,-45.9713,-141.9877,296.6576,-256.4744,-16.2889,-293.5060,-107.4045,-204.7783,-137.4332,-78.0860,-15.5730,-152.9452,-82.3852,-277.3509,-118.5904,-286.0145,-172.2317
-125.2641,-187.7341,-206.6201,-229.4446,283.6795,-232.7184,27.7804,-251.0518,0.4166,-175.9992,-213.5114,-99.4277,-15.1602,-74.0193,-40.7354,-154.8193,-209.5334,-310.7102,-126.0067
-161.0266,-259.5949,-288.9576,-316.4149,254.4140,-195.4288,56.3619,-238.8347,-43.0469,-190.6779,-257.2710,-134.4116,5.0339,-79.5817,-13.0238,-1.4182,-243.4146,-333.3300,-109.2153
-154.0856,-294.9354,-282.5536,-333.0917,223.6106,-160.6243,26.1047,-253.6302,-81.8482,-174.8293,-214.7803,-198.1535,36.5039,-120.4301,11.3265,-2.4497,-246.5876,-325.5411,-126.9295
-186.7805,-329.2765,-270.3215,-296.1751,218.5001,-125.0701,11.2267,-232.8602,-9.8768,-127.8336,-154.8885,-223.3345,59.6751,-112.6942,66.0550,-112.0785,-238.1087,-283.4673,-107.4419
-270.3563,-360.4803,-299.7595,-291.5565,225.7472,-104.4975,21.7989,-161.9064,-66.9791,-121.9679,-165.4144,-183.4841,35.1692,-60.1176,81.3783,-172.8004,-228.6076,-256.1881,-44.1633
-322.8174,-354.2113,-343.2149,-303.9399,203.0887,-125.1175,-0.0744,-95.3070,-207.0643,-155.2650,-223.6141,-144.4522,-56.0944,-21.0959,20.9795,-178.8089,-223.3642,-274.7639,19.0081
-293.5509,-323.9744,-355.5800,-284.2117,163.8516,-159.5117,-13.1004,-57.0166,-121.9822,-149.7822,-251.9745,-157.3448,-140.5741,-32.9244,-31.1205,-152.2814,-220.6029,-305.8735,73.1293
-226.7088,-285.0262,-318.9000,-263.0594,148.2560,-155.8066,11.3647,-15.8579,15.5778,-81.7404,-221.1037,-201.7999,-147.9760,-71.5393,-54.4928,-73.5438,-223.2413,-290.8985,107.5562
-185.5853,-221.5403,-247.2594,-230.6849,148.1754,-120.5263,-0.3979,38.1478,-101.2645,-25.2428,-156.6573,-220.1990,-130.0142,-75.4808,-89.9951,-31.5212,-211.0020,-225.3556,106.0837
-167.4829,-168.7424,-181.2488,-148.9594,137.6267,-112.4164,-48.6156,59.0159,-230.3377,-64.6790,-104.3016,-183.5553,-152.0370,-43.1915,-91.8268,-101.7085,-168.1040,-203.6217,78.2028
-132.8230,-188.6176,-153.9782,-114.5225,95.8567,-188.7166,-77.9049,-15.2352,-156.7077,-186.7593,-83.5797,-139.4843,-175.6665,-50.7716,-53.1669,-184.1554,-167.4325,-310.8669,5.4423
-100.2253,-252.0796,-158.0836,-210.4279,9.0618,-337.6584,-121.3186,-168.7386,-136.0558,-277.7958,-69.7058,-152.9016,-150.7054,-127.1450,-70.3166,-203.6678,-275.0441,-448.7493,-117.2600
-130.1169,-285.0015,-174.4996,-323.5302,-55.6465,-425.1024,-156.3359,-260.2947,-218.8125,-250.6417,-52.8423,-214.6874,-100.8767,-199.8841,-122.0351,-201.4378,-396.9022,-428.1148,-172.6715
-197.9186,-278.8911,-196.0140,-355.9776,5.5758,-325.4069,-61.4793,-185.8039,-146.5387,-147.1692,-63.5076,-268.4917,-65.8540,-198.2175,-101.3278,-166.4308,-409.9271,-249.4316,-65.5268
-208.2376,-260.1320,-193.3770,-356.3996,155.1415,-112.0614,113.8567,-44.6353,1.5986,-69.3679,-97.2770,-272.9580,-45.1989,-128.0567,-49.5625,-89.0542,-340.8561,-72.8647,92.3783
-152.9701,-248.7007,-124.0439,-328.5952,273.6622,56.7304,185.6402,26.6031,1.7412,-45.5866,-92.1823,-213.6078,-10.7609,-44.1281,-40.1113,-56.7040,-259.9630,47.9812,149.9854
-106.4114,-267.5431,-1.6263,-236.0062,360.2703,158.9909,147.9188,52.5025,-29.6825,-37.9692,-23.6413,-130.0664,44.5274,-5.5371,-20.6821,-74.8652,-179.6781,152.7022,123.9930
-81.3690,-289.3653,100.5097,-154.1182,447.7445,226.9430,105.0175,73.7985,20.9278,-41.6298,43.6559,-94.2122,73.8637,-30.4947,16.6603,-54.6691,-126.8429,209.1505,93.2682
-38.1228,-245.1196,123.5900,-132.0133,465.9252,224.4692,50.2027,37.5603,41.7982,-71.1228,39.5866,-102.9167,41.1451,-68.5326,6.9367,-28.8918,-108.4167,192.9656,65.5839
17.8370,-153.4464,71.4004,-80.3563,390.0709,160.4546,-27.1516,-36.7866,26.4587,-89.3685,-11.5415,-88.2055,-9.6938,-59.0422,-6.2738,-75.2476,-52.3774,170.0755,27.7180
53.8090,-102.2287,6.8865,26.6946,319.9586,115.2050,-54.8026,-55.9985,35.6225,-66.6596,-22.7510,-41.1460,-23.6200,-11.6395,38.2006,-129.0423,52.3107,163.6875,-1.0210
56.3398,-96.6853,8.0297,90.1943,301.6588,101.0192,-25.6742,-37.1697,17.8477,-47.9078,29.6402,-4.8385,-9.4994,14.1005,67.2036,-115.3661,105.9194,130.3929,-0.1523
32.0253,-78.0178,83.5292,85.3008,275.2782,71.6092,-7.5285,-47.0301,9.8684,-58.4151,80.3518,10.1261,0.8380,-10.2149,29.7517,-80.1281,79.6421,79.9725,8.5594
19.0636,-35.5397,150.2649,84.1852,210.2515,8.6734,-13.3457,-68.5172,82.5964,-56.7589,88.2164,8.8303,-10.8929,-52.2159,-1.7602,-69.3884,59.5602,37.2211,-16.3750
44.7539,-2.8493,145.4284,107.8546,139.0022,-91.1392,-21.6874,-92.3867,102.8111,-53.2661,82.6846,-7.8396,-44.8652,-59.5935,10.5729,-67.3960,92.3026,-27.0932,-54.3762
61.6626,-26.2401,113.8718,115.1499,99.1842,-186.8992,-39.5323,-148.3712,6.2314,-105.8950,84.6006,-12.9154,-63.1885,-18.2839,13.7946,-64.6985,138.1913,-111.2097,-46.6786
25.0507,-126.2894,114.8568,78.2928,104.2622,-181.3536,-60.9840,-198.7764,-23.1998,-176.7944,76.3638,10.6225,-40.9204,37.0157,-23.2469,-62.6713,141.6632,-164.4301,-17.2279
-21.9629,-223.9019,112.1341,6.3751,124.4804,-70.9574,-53.6946,-192.2576,62.8547,-184.1091,54.5096,35.9501,-23.2972,77.1122,-67.7269,-52.7542,84.9916,-175.1486,-23.8167
-27.5176,-219.2736,63.0427,-58.1778,119.5214,29.1958,-11.8470,-147.9294,97.2373,-149.0636,43.6363,51.7508,-40.5012,115.6371,-71.9138,-32.6071,15.6850,-158.4099,-32.5737
0.1567,-153.2519,32.4409,-81.8185,99.3749,84.4987,22.2733,-74.0903,40.4340,-128.4744,59.4673,73.6367,-56.6682,163.7739,-36.9165,-11.5455,-13.1281,-117.6103,-10.2054
29.7727,-126.9055,80.3909,-86.6806,98.2821,158.9616,2.4504,31.3110,-16.5265,-113.0097,87.6534,84.7166,-62.8038,184.9363,-16.4122,-11.7208,-25.6699,-71.9580,-2.1045
31.6702,-140.3503,136.4756,-102.9160,126.3409,233.6540,-44.5933,95.7663,-32.5257,-86.3359,102.6054,62.5802,-75.8882,141.2054,-21.7552,-46.8200,-54.0274,-36.4691,-3.0637
3.9340,-158.9371,125.0082,-111.1449,170.5174,228.3623,-36.7938,76.6429,-5.8231,-45.9575,102.0209,32.1944,-65.5995,60.0748,-10.1236,-83.8654,-67.9816,-11.5339,37.6797
-17.9782,-189.7270,93.6429,-90.7819,194.1002,170.4347,27.7017,66.8948,17.9681,34.1446,102.8599,11.4364,-25.3986,6.5532,-0.5897,-84.2875,-66.3701,-27.5399,94.4984
-44.5974,-219.5847,98.8625,-67.2490,181.0370,162.0291,64.1822,153.6312,2.0394,145.1678,102.3235,-25.0968,-11.3000,-3.1031,-42.5712,-64.8515,-91.4949,-81.4802,155.2858
-118.4588,-232.4233,99.3922,-63.1214,181.0084,205.5265,62.2870,293.6716,44.3868,236.5600,83.1135,-72.0321,-25.4090,-10.6230,-81.5597,-54.5232,-116.9294,-90.2745,261.7177
-174.0938,-250.5638,52.2496,-58.2030,196.9418,183.5730,86.7820,389.5320,188.0696,304.4811,52.7120,-77.0720,-20.6209,-39.2986,-43.9245,-47.8000,-93.7369,-49.4942,336.6667
-122.0276,-262.0939,-4.6190,-36.3514,126.6407,26.9856,119.1564,377.0166,269.9602,341.7209,35.4690,-40.4735,-17.2252,-73.7794,17.1852,-40.3203,-62.3542,-71.0682,261.5009
-43.3259,-233.2354,-18.8022,-30.1374,-31.2128,-172.5868,95.0368,256.6197,223.5034,272.7388,38.1709,-32.9414,-51.0620,-115.8218,25.9772,-46.1298,-73.8997,-165.3820,118.9861
-64.7129,-198.9115,-9.8960,-81.9631,-112.4246,-266.3715,59.7612,113.1035,162.2550,102.4744,33.5768,-80.8748,-86.0386,-168.1301,14.2757,-68.9801,-119.0159,-223.5368,54.6300
-162.4797,-203.7151,-58.8732,-184.2918,-59.0800,-203.3862,93.2326,50.5318,83.0282,-22.0745,-22.9660,-127.8496,-88.7800,-172.9360,30.9232,-84.1202,-197.9569,-220.9738,53.2920
-254.9846,-238.7217,-187.4910,-288.6893,9.1405,-31.9357,155.7234,87.5574,-33.6850,-17.8531,-117.7023,-133.3262,-74.2014,-86.7025,47.3237,-48.6448,-302.6547,-195.8586,77.6752
-304.0377,-295.9015,-285.8046,-348.7724,44.7893,172.6817,176.3043,169.4345,-19.3374,48.5980,-161.4070,-115.0453,-51.5796,20.0104,23.0749,36.9092,-354.3888,-124.0280,158.4200
-281.9101,-338.4274,-255.6056,-325.2563,113.9618,347.3231,187.9241,251.3361,144.0442,108.2801,-124.7545,-81.5504,-27.9574,71.9434,-25.0558,97.7890,-294.1801,-1.4695,243.7362
-202.7769,-287.4353,-147.2968,-197.4908,213.9697,465.5988,224.6036,308.7108,190.2501,141.2804,-80.1426,-21.3110,-22.7143,109.6827,-64.8035,88.6173,-154.4074,101.9849,234.2730
-113.9110,-177.8628,-36.0010,-19.4462,268.3773,499.1992,208.8873,302.2699,43.1179,126.5606,-41.2079,39.4630,-30.5217,164.1003,-106.0641,60.0871,9.2259,141.1336,146.4040
-9.9489,-130.8035,88.4779,93.7002,238.3020,375.4030,91.7754,206.1950,-70.8131,73.6004,50.7291,57.2651,-37.0720,158.3125,-156.9422,56.0942,148.9062,105.2928,53.4507
94.5188,-122.1099,201.0912,97.0325,133.5566,98.6118,-29.4366,64.1281,-48.1671,28.3178,152.7911,37.9148,-58.3132,57.7717,-168.2775,56.2339,218.7785,-1.5981,-27.5281
114.2716,-63.6551,213.7127,74.6380,-7.1103,-166.9335,-77.3550,-49.6251,-11.2027,4.1208,164.6282,21.6319,-106.3002,-55.0716,-121.4525,43.5597,223.6135,-101.6168,-100.8828
53.6390,-33.1206,133.5908,100.3944,-128.0027,-296.1062,-121.0495,-118.9173,-51.0703,-13.7607,107.5463,21.3355,-160.5516,-124.2288,-98.8320,21.5801,196.8820,-120.5240,-160.9143
4.7279,-116.2159,54.9849,119.1212,-204.0573,-352.2639,-211.7008,-170.9010,-139.6157,-27.3927,54.4489,4.8910,-199.5736,-171.5750,-142.3746,-0.9943,130.7017,-125.4772,-217.4221
-30.3218,-207.3951,7.1078,62.9467,-263.0108,-433.4395,-278.1518,-211.1080,-202.1048,-43.1718,1.0514,-59.4342,-223.4734,-214.3199,-169.5105,-1.6536,35.0470,-204.5023,-285.3262
-82.6920,-211.4974,-38.3776,-10.3371,-350.9311,-543.5118,-280.5227,-238.1140,-186.5908,-67.4841,-62.5795,-133.8661,-249.1674,-256.7037,-144.7585,2.7357,-17.8024,-299.5671,-343.7800
-123.8532,-197.7932,-81.7546,-26.3014,-467.5314,-635.5234,-273.7470,-251.5457,-123.2753,-80.3866,-109.0101,-137.1982,-287.0299,-288.2059,-143.5463,-39.2830,-10.7980,-319.0225,-328.7032
-173.8730,-220.9024,-107.5787,-34.1619,-525.4299,-637.8868,-276.6386,-218.8552,-104.8825,-69.6709,-136.9329,-74.9998,-315.8092,-254.7414,-175.5488,-83.8456,-22.4862,-276.9020,-217.5375
-257.7856,-238.8787,-117.5157,-99.6786,-448.2104,-505.8824,-252.8943,-128.1307,-170.0643,-49.1054,-155.0766,-41.1256,-311.8698,-149.5520,-168.5529,-38.9935,-93.2403,-217.1617,-97.8915
-284.5418,-243.1478,-127.2662,-181.6739,-291.1729,-296.1379,-199.6987,-29.6190,-217.2177,-16.6466,-152.1029,-56.0131,-278.7672,-56.2270,-122.0497,40.3080,-171.8779,-138.8620,-36.2378
-230.3533,-277.5119,-150.8900,-231.9856,-131.1090,-81.2797,-135.9544,53.6609,-128.2947,31.5301,-135.2665,-55.0661,-210.6532,6.1989,-79.9608,37.4986,-210.3940,-44.9007,26.1317
-231.9719,-347.3812,-177.0500,-274.9353,61.2360,125.5000,-75.9897,133.7253,3.2697,60.8036,-120.2562,-39.8588,-101.2558,97.7000,-37.9117,-3.0706,-218.6213,31.7940,106.3911
-315.8522,-405.2331,-181.8574,-310.4634,278.1479,278.4596,-43.1728,169.6003,28.0935,60.5439,-102.5074,-60.4623,-2.7645,172.1564,0.4284,30.6430,-219.5524,69.3850,123.9802
-350.9639,-396.4281,-154.6086,-285.8589,399.6857,322.3800,-20.9705,146.4052,87.2949,88.5891,-79.8822,-86.3653,29.5402,134.9550,5.8751,107.3220,-199.3494,87.7579,108.1635
-304.0156,-313.2206,-75.5028,-195.8241,393.8686,310.6037,34.8518,145.7204,301.3788,157.0372,-40.4521,-59.2956,21.4401,48.2036,-10.7510,108.7821,-128.7720,120.9321,154.0193
-229.2755,-214.9330,51.4353,-97.7067,348.4038,298.3109,72.8709,179.6269,337.8110,169.2066,27.2649,0.2558,11.7163,20.1306,-32.6613,11.6066,-34.4467,149.9856,188.3450
-115.9330,-156.2689,131.1014,-41.1049,275.6227,238.3047,-2.7608,156.1499,-3.3151,78.7066,63.8613,46.1830,-16.3151,17.9329,-74.4257,-81.8850,8.0757,107.2568,110.6496
35.6772,-122.3996,96.1837,-39.9666,146.9429,125.4534,-143.8662,80.2252,-276.8842,-14.2856,14.5028,68.4568,-66.3594,-13.2396,-126.2129,-84.8815,-28.1313,-11.0417,5.1655
148.9633,-84.9592,36.3671,-76.7368,28.8431,35.3284,-223.4305,26.6852,-176.3467,-36.9143,-49.1187,62.2568,-102.2789,-42.3548,-164.0923,-57.2456,-105.1503,-108.1769,-50.2818
165.2508,-60.1548,30.3389,-123.7747,-36.9414,-19.9502,-237.9160,-29.6895,-19.5818,-48.0612,-56.1601,28.1454,-116.2303,-64.9632,-187.4840,-97.6616,-189.5768,-122.0399,-106.2066
98.3334,-57.9173,4.4762,-175.3090,-111.9717,-69.2302,-253.8486,-114.8627,-16.7286,-75.9894,-64.5468,-5.4000,-131.7365,-114.5469,-176.5056,-152.5654,-259.0316,-107.7607,-159.8469
23.0229,-41.4510,-88.8427,-226.8368,-202.0232,-90.3050,-268.5539,-161.8520,-69.9280,-72.8920,-117.7860,-9.3681,-158.9772,-154.1025,-130.7678,-127.2821,-292.7070,-116.5723,-169.2362
3.0561,6.8898,-176.4306,-249.9254,-233.0157,-57.5983,-265.5485,-153.8600,-245.3686,-78.5377,-167.1593,26.2960,-196.8222,-120.4168,-126.3591,-82.1532,-306.7065,-93.7741,-184.9784
-10.0158,29.8501,-224.8510,-237.3577,-197.6866,40.0926,-266.2650,-132.4570,-466.3132,-155.6129,-197.2282,86.2745,-236.3396,-31.0334,-171.3409,-91.4820,-318.2702,5.3048,-216.1079
-80.3294,-27.5204,-261.4348,-214.6659,-144.5151,195.7283,-264.6541,-84.6932,-359.7422,-194.2498,-225.1890,115.5070,-255.5667,37.6172,-156.3410,-98.0209,-284.3127,97.2333,-172.6772
-134.1635,-114.1220,-260.2719,-184.5687,-89.2171,307.4718,-239.6136,-23.8650,-51.6417,-91.1097,-223.4375,73.9572,-248.5099,35.2708,-87.3744,-83.3207,-180.3723,98.6998,-72.3430
-102.1343,-131.5636,-201.0904,-138.6766,-42.1217,279.2759,-212.3357,-23.6227,-45.0603,6.4482,-190.6593,4.8169,-235.2953,-10.4983,-89.1818,-112.2429,-80.0502,69.4613,-38.6893
-56.6232,-77.6386,-135.7430,-101.4592,-21.3232,189.9400,-201.8098,-75.3991,-222.5550,-57.8806,-165.5284,-31.3290,-225.7665,-39.2679,-122.2148,-142.8653,-53.1989,80.6822,-91.1101
-45.9392,-36.6893,-92.0533,-93.9449,-25.8415,136.3088,-202.9776,-126.3438,-201.9416,-177.6641,-132.2888,-46.3769,-217.7466,-69.7570,-60.9102,-101.3889,-73.9402,79.6220,-160.7150
-37.2282,-46.9155,-57.4435,-110.9962,-74.7900,64.8181,-235.4742,-196.8095,-151.5624,-199.5781,-76.6679,-74.1368,-232.8167,-155.7255,15.8171,-78.8126,-95.4479,33.3121,-218.4543
-49.4326,-59.9895,-56.1931,-151.9394,-195.9750,-47.4956,-304.9518,-277.4267,-213.0086,-154.0688,-54.3218,-103.7259,-294.9935,-233.3840,-15.5861,-155.5444,-117.7629,20.4693,-263.3892
-84.6512,-18.0751,-101.3037,-194.7817,-340.5946,-123.1559,-361.7535,-304.4900,-124.5923,-127.2895,-76.2957,-118.0736,-373.2758,-215.9475,-77.7695,-211.4997,-151.0777,54.8012,-308.9930
-65.5984,66.4080,-148.1776,-186.7075,-424.8542,-182.6622,-391.7946,-307.5038,40.3181,-135.7223,-84.5362,-125.1706,-403.0728,-181.8234,-92.6600,-155.2121,-188.5919,31.0199,-380.2069
-21.9719,106.2872,-193.7716,-143.7639,-442.7838,-298.4632,-430.5463,-337.3940,-32.5213,-161.8918,-85.2543,-127.4746,-365.0599,-232.7604,-113.9949,-95.5612,-226.3230,-83.6404,-437.0603
-75.6579,43.0848,-291.1190,-160.0023,-440.2207,-406.8192,-444.6514,-333.2298,-156.9973,-168.5003,-124.3782,-115.0938,-291.7781,-298.3232,-123.4908,-113.2797,-267.3383,-206.0424,-403.7436
-187.3983,-61.2676,-406.8162,-246.6759,-429.8382,-422.2782,-375.1662,-259.5646,-69.4172,-123.1423,-170.9910,-92.7739,-217.0169,-282.7437,-56.9703,-121.9684,-300.9420,-269.4033,-295.6959
-220.7100,-112.2484,-421.5209,-294.4028,-391.0486,-368.2412,-279.4418,-169.7967,32.6200,-42.7983,-179.1251,-84.5090,-172.2565,-213.9884,-6.2225,-63.7262,-297.8318,-248.0303,-181.7968
-184.8830,-111.1190,-312.2540,-243.1411,-300.6476,-264.0622,-236.1552,-62.2107,31.0190,42.1979,-168.7152,-100.6530,-176.0055,-134.8445,-59.1977,-11.3261,-240.0526,-139.6112,-73.9567
-161.9132,-101.3446,-182.1768,-146.4587,-158.5864,-103.6422,-196.9080,72.3108,60.9275,99.0833,-160.6040,-105.9656,-182.2020,-51.2684,-110.4923,-18.4023,-145.9322,6.1516,24.3019
-140.2949,-72.3260,-92.3546,-44.3978,-13.1629,58.7854,-106.8398,143.2484,34.1040,76.8711,-143.9477,-58.0516,-133.2330,9.9730,-76.7349,-45.6882,-42.4553,142.6579,75.0561
-82.8017,-6.9996,-12.6492,75.5494,80.1010,177.1306,-23.7504,116.3423,-116.4776,3.6328,-121.5919,14.8824,-65.0410,47.4850,-38.1987,-52.8348,62.6073,266.2564,93.5844
-24.6206,53.9128,59.4511,178.0964,120.5006,257.0771,6.9303,83.0273,-107.5585,-13.1105,-103.1397,42.6599,-39.3109,91.4698,-37.0613,-45.3150,149.8211,336.9389,137.8804
-21.9122,54.6298,82.4093,195.0136,134.8567,277.9118,24.6562,83.1978,127.8682,24.6910,-84.8787,24.1131,-30.1028,114.3713,-11.2156,-39.0415,182.8626,311.6277,198.0710
-60.3151,-8.1991,62.2606,145.3380,130.4523,239.4924,53.2591,91.7293,238.1876,30.0741,-73.0570,19.8028,2.7864,92.8429,39.6980,-34.1406,166.6078,259.0290,235.7496
-72.7931,-83.4887,30.6662,100.9027,103.1072,211.9496,71.6108,124.8552,116.1867,34.5658,-81.9682,43.5404,28.8835,90.2872,44.1211,-9.5625,144.2337,246.7082,267.9751
-67.1069,-129.1657,-17.9136,65.0825,43.2447,189.8997,62.6940,162.9109,32.3787,98.1969,-108.5259,56.0094,8.9255,123.6742,-3.5840,38.9278,127.2578,205.2547,288.2538
-127.0003,-151.7836,-74.3792,13.6235,-48.0031,78.8106,21.5145,127.7694,113.8361,142.4004,-137.9702,41.9424,-57.3545,116.6097,-35.6023,50.7239,93.4567,84.9731,233.3745
-229.8088,-160.8137,-99.5202,-26.7224,-120.3107,-91.4672,-20.5700,36.0745,227.8469,112.0602,-156.3025,17.2750,-128.6412,81.1503,-20.9926,-15.5125,36.9803,-26.7749,123.0363
-257.8926,-158.9318,-107.3034,-48.7741,-118.3493,-173.5374,-2.6898,-16.0035,220.9478,87.0745,-159.2718,-4.2222,-120.5747,114.1434,0.8218,-68.5216,-31.7274,-68.7785,63.1178
-224.8951,-196.7526,-144.1181,-96.0598,-59.4854,-132.5257,66.0883,-5.6667,69.7361,100.4099,-166.7446,-7.0551,-15.5658,195.4038,8.5181,-9.9557,-100.2115,-88.0377,75.9529
-223.5319,-299.7411,-189.1012,-163.3586,13.3718,-58.4629,117.3454,31.4573,-52.3162,96.8986,-188.7909,20.1370,71.5477,230.3731,39.2449,81.9103,-141.4088,-121.3133,109.5419
-204.8805,-370.7320,-185.4385,-196.7342,93.1623,-4.9696,147.9751,75.0645,0.1223,70.7179,-178.9819,56.5561,80.2375,232.2540,86.5794,74.6304,-135.5180,-153.9452,154.6115
-99.4823,-333.3058,-130.0430,-183.1593,158.1805,34.8232,185.3887,102.4949,42.7781,36.8340,-97.1152,66.7367,97.5987,257.4587,80.8220,-4.3886,-101.2158,-159.7772,187.6032
4.7493,-257.5143,-60.1180,-134.3428,176.8699,70.2376,198.0018,97.4047,-126.5214,-22.7768,-3.2905,48.5988,155.3854,271.1788,31.0864,-39.7092,-61.3339,-113.8826,148.8453
33.9276,-207.7646,-7.7641,-61.4743,180.7444,101.6255,181.1369,70.6079,-313.9509,-82.5412,7.8329,32.6015,175.4076,224.1357,11.0518,-6.2041,-15.5812,-37.1391,78.6374
36.0669,-163.4215,12.5912,-8.0881,207.2268,117.0975,198.4061,31.9025,-297.3851,-97.7563,-42.8000,36.2551,153.0101,151.3619,8.1393,37.1101,25.7053,14.7753,74.8943
21.7434,-132.6259,21.3962,9.2575,233.5374,111.5241,267.2442,4.5173,-213.7504,-87.4172,-37.4608,41.4354,154.4268,106.4822,-9.7641,45.6327,44.8063,57.7373,124.3556
-25.2390,-120.4249,57.5787,45.0374,260.1975,111.9396,350.3826,29.8814,-193.1574,-70.9619,63.3790,18.8219,186.5345,79.0102,4.5496,29.5684,58.6308,135.4886,171.3193
-20.1044,-71.6289,116.7757,107.7846,312.7136,128.9764,423.8798,91.7458,-131.5927,-34.8080,164.4508,-31.1070,223.3961,34.6298,42.9212,21.7852,82.2970,189.0700,218.9908
81.1633,-6.6987,139.2936,137.2613,327.8727,127.3653,443.4817,126.1616,-38.2594,-11.0562,176.9007,-66.8695,243.2996,-0.7367,32.7334,14.2438,80.9190,158.7093,227.5210
155.1027,0.2487,84.5481,141.8476,242.2200,93.2591,377.7505,119.3133,-61.8259,-43.4432,132.0739,-48.3042,220.5762,27.9413,14.4666,-21.7875,40.7520,110.7666,140.3073
110.3794,1.8941,4.5571,168.5622,153.5544,55.0492,304.9067,95.3696,-165.3008,-99.2224,115.4888,9.0898,193.8933,83.2553,47.2834,-54.6338,14.4402,97.8894,38.4231
19.9009,58.0232,-7.0101,178.8479,180.0900,35.1925,299.4553,69.3938,-224.9359,-123.7954,151.0375,49.6395,233.9340,72.3733,48.0049,-42.8791,18.3212,74.5836,25.2180
-32.5249,76.8896,47.0161,140.1089,263.1452,56.0226,302.2649,77.3541,-259.6447,-105.0155,201.3084,50.6632,305.3614,31.5821,-16.8569,-27.7860,4.2548,37.1439,61.5930
-46.3379,9.7448,76.5440,113.3404,285.9875,128.9208,261.7326,143.6945,-273.1046,-42.2334,234.4200,35.9877,327.9808,76.8878,-40.9225,-45.0766,-19.6573,31.4738,95.2086
-40.8365,-62.9723,72.4623,123.3648,249.3713,204.3531,229.1153,224.2977,-190.6020,54.4917,242.3322,23.5006,305.8438,166.8783,-27.4296,-38.7073,2.2456,41.8566,147.8656
-33.9751,-123.2279,110.6731,119.0909,208.4602,244.1578,211.5253,277.0201,-73.1428,136.3878,232.4987,19.8557,259.2625,166.3808,-84.9438,29.2019,41.5209,53.7170,190.4067
-35.6543,-180.9125,179.0844,94.3621,159.4452,286.1570,136.4708,297.6818,-56.0147,150.1336,229.0225,36.4128,181.6744,92.4972,-181.2274,101.1694,31.8990,96.0254,153.9393
-12.6695,-158.7656,190.1299,70.4733,72.8932,315.8298,2.5199,255.8269,-110.3281,94.2403,240.6349,49.6614,109.8369,41.7544,-216.1754,108.8925,-6.9430,126.0058,60.8035
46.7634,-74.3900,140.2481,21.5732,-20.7131,251.0998,-100.2360,150.2521,-139.8389,26.8873,232.0526,15.3471,72.7577,6.0998,-202.4177,43.2767,-34.4788,82.3063,-9.8279
69.7471,-70.4899,93.2352,-37.0457,-52.3285,148.2359,-117.2589,72.6782,-159.4955,4.7339,187.8585,-38.4617,32.7524,-39.2656,-186.7732,-46.1956,-46.4463,40.2361,-24.0472
29.8252,-131.8117,90.7491,-5.0994,-35.0072,150.5305,-94.2743,58.1258,-186.4682,9.9728,163.9411,-41.4478,-27.7126,-63.2023,-185.8948,-93.1561,19.2110,85.4580,-12.7446
37.6954,-105.1212,164.9905,157.0468,-72.4379,213.2162,-123.3087,13.2464,-160.2709,-12.4545,190.1781,4.7043,-91.3913,-73.7240,-220.1614,-94.5983,222.4303,143.8691,-43.6165
150.2401,17.9745,295.7090,350.2239,-183.6705,191.9964,-220.8930,-93.3569,-88.9715,-55.3168,199.5151,66.3004,-159.2462,-73.2934,-259.8150,-97.7597,439.9343,121.3068,-128.3338
229.4838,126.1852,360.8530,452.3918,-245.1364,120.0013,-282.2654,-159.6009,-74.9132,-64.3667,147.2748,141.2713,-195.2714,-7.2031,-251.7716,-99.2399,490.3219,43.6819,-172.9198
148.5378,172.0752,299.0811,442.9523,-170.6301,108.4004,-214.3306,-119.4506,-120.7623,-23.5680,97.4483,176.7470,-134.0934,77.2345,-222.5383,-76.3172,410.3205,-40.3154,-111.9191
-0.0848,168.3157,232.0932,393.6720,-4.0219,139.9800,-55.0803,-19.3655,-93.7232,31.7526,112.7342,103.0795,6.9597,65.9890,-190.1242,-63.0907,367.8070,-120.2566,-11.2330
-48.2990,144.1387,262.0607,363.3821,164.6909,155.0008,88.1534,57.2811,33.1051,49.1343,164.9392,1.5730,151.9802,30.1031,-112.8464,-69.2569,379.0650,-177.6598,24.5639
5.3469,135.8056,299.5079,343.7994,241.7365,147.9153,139.2825,57.7116,93.3422,13.7054,198.1084,2.2971,245.5526,105.2453,-37.0502,-46.2271,336.4160,-202.9830,-49.1643
30.1796,146.0549,245.7189,325.2043,176.3433,118.9712,89.2457,7.6475,6.9333,-16.5430,193.6122,57.3215,245.4657,215.8869,-42.2403,0.1194,231.1592,-208.2982,-193.9108
-19.1227,159.5265,173.0341,326.5672,43.8844,76.2669,-4.2171,-27.3128,-76.3098,-1.9284,169.5518,60.5225,171.6140,259.9175,-60.2949,27.1127,159.2922,-197.3482,-303.7249
-47.8077,163.9330,177.6114,320.0334,-46.5087,27.5630,-78.4218,-64.8641,-62.8184,1.0945,163.0663,49.8010,123.8915,320.9027,-22.0878,53.5909,157.7481,-201.9171,-320.3145
2.4235,121.7897,204.5545,245.8743,-94.3008,-59.1525,-124.2437,-163.5472,-73.3262,-51.5173,183.2031,89.0618,127.8533,433.2007,-10.1766,86.0017,164.1872,-274.9720,-304.7997
51.5013,38.5503,159.5852,128.8572,-136.9978,-161.9986,-150.8780,-267.9611,-182.5589,-126.5775,191.1030,148.0707,107.9576,471.5286,-57.1163,72.4438,118.3375,-378.7624,-313.1736
25.8453,-3.4980,73.1618,49.5986,-181.8157,-182.4743,-165.7702,-284.7877,-286.6637,-196.5593,168.2043,193.2214,52.9052,402.7432,-67.1486,26.9588,22.7767,-413.1002,-327.3029
-33.4060,-4.3119,20.8317,15.1890,-261.8093,-133.6386,-190.4486,-249.9248,-287.8809,-219.2060,141.2566,208.5239,7.8696,321.4440,-29.0660,20.1802,-84.3313,-379.8029,-344.4243
-71.9077,-44.5141,-6.4244,-21.5907,-363.8407,-143.7994,-202.5880,-250.6108,-190.9498,-134.1083,116.6525,174.3695,-30.9971,255.7557,-20.0641,32.0794,-160.1239,-366.8758,-373.5867
-75.0067,-77.9807,-35.1395,-66.5760,-376.1571,-235.6436,-148.5563,-297.2568,-80.5998,-42.0145,80.6236,140.0067,-60.3444,175.0318,-33.3143,-1.4519,-179.9571,-387.5360,-391.8599
-19.9448,-18.9070,-32.0631,-93.2909,-279.4809,-319.4090,-71.2581,-359.7155,-72.1697,-110.7148,56.4079,153.6019,-50.3072,82.0709,-18.2666,-46.0371,-159.0035,-365.7764,-391.9555
59.7024,40.5930,18.0996,-85.9264,-178.2320,-328.7322,-42.2030,-382.8789,-118.0471,-218.1767,74.0843,135.4231,-16.5582,-3.5594,17.6383,-27.2053,-120.8818,-255.3044,-348.4204
61.6037,-1.4816,67.5211,-47.0157,-77.8235,-228.4206,0.1128,-289.1458,-24.8803,-118.3452,115.4588,35.1624,28.5318,-51.9257,46.4154,36.3616,-66.5125,-104.0722,-201.0332
3.3919,-63.8382,78.5273,-8.3861,64.6128,-52.7497,108.0965,-105.4241,147.8746,87.4333,144.8252,-42.8057,96.3240,-49.8517,48.5178,67.9510,-19.7579,-5.4405,-16.4022
19.3359,-62.7804,64.0636,-3.5625,148.5676,67.8465,172.1126,32.7234,124.4653,137.8780,152.9313,-53.0206,130.1691,-49.8009,16.2340,53.3535,-24.3257,14.7373,51.3264
104.2998,-31.6607,65.6218,-12.9438,101.9921,88.2174,131.8616,85.4096,-31.0364,75.3805,157.4143,-80.1417,85.3192,-82.2147,-14.1730,42.1052,-47.5460,23.0540,33.2572
134.8623,4.5617,115.5440,-0.4190,43.9770,100.4608,101.5972,126.6988,-1.9349,74.0864,183.4113,-122.7577,46.5606,-98.3720,-5.6433,45.6743,-15.3313,52.3945,66.2148
110.5573,37.8142,178.1991,14.4854,52.4057,113.8176,137.0030,155.5046,153.4391,98.3847,216.5680,-115.6602,68.5241,-91.1234,12.0316,26.0512,44.7757,44.5065,110.0592
106.3696,22.8109,170.4239,-9.0292,40.1269,48.1881,146.9956,107.7782,132.3293,50.6667,198.1367,-105.1423,69.0793,-107.0798,-2.4007,-12.5176,52.3141,-34.5588,68.0105
105.9822,-40.7367,78.3673,-68.2932,-46.8992,-67.5302,88.2963,7.0058,-19.0957,-36.6961,118.4119,-138.0914,11.8320,-133.4730,-27.1305,-30.3211,11.3930,-136.9147,-8.7214
65.6473,-95.8128,-34.0550,-130.9515,-163.2695,-147.0553,17.5346,-75.4595,-41.3472,-98.0181,45.5928,-155.5734,-38.2953,-144.1571,-16.4240,-34.9157,-40.1527,-205.3844,-58.1032
-2.6398,-122.3421,-117.2136,-166.3187,-258.2194,-180.1572,-25.1394,-126.0452,59.2243,-114.3666,13.5426,-145.6038,-71.9053,-162.1646,21.9486,-44.9216,-95.9118,-208.3959,-96.1925
-65.3477,-134.6732,-143.9242,-160.7163,-281.8225,-181.3895,-49.4739,-164.3170,91.5418,-110.0436,-19.6975,-164.3643,-128.5324,-200.8951,20.8812,-41.4653,-123.7121,-148.5222,-123.3881
-85.1874,-142.8276,-111.6845,-132.9703,-216.0423,-181.3298,-76.2671,-207.9125,18.6255,-133.1961,-73.3575,-190.9436,-181.4016,-304.3837,-50.0667,-36.4094,-101.9919,-84.6447,-152.1334
-71.6432,-158.2204,-88.9304,-107.8800,-124.6602,-236.3754,-96.3503,-266.3710,-16.1707,-158.6576,-115.8420,-178.3138,-180.1235,-555.9794,-111.8609,-58.3193,-88.5180,-57.0562,-213.7690
-109.0941,-178.7901,-133.9517,-87.6048,-55.6535,-299.9073,-70.1590,-304.1274,87.6503,-99.7043,-141.0503,-158.5586,-136.3038,-872.1024,-88.2946,-59.0046,-116.5639,-23.8764,-250.3087
-210.2334,-204.7713,-196.0060,-90.0600,11.9507,-261.4948,-4.7716,-273.5295,233.9516,18.5878,-170.8940,-166.2194,-96.8070,-1019.8250,-27.9726,0.9176,-146.8279,23.8459,-197.7603
-270.3618,-257.9531,-223.5588,-147.4460,59.7490,-162.3991,33.8724,-202.7984,263.5179,78.6121,-199.6629,-190.2835,-86.7944,-955.6761,-0.9023,44.0244,-183.9995,7.0096,-126.3703
-257.7094,-303.0772,-253.7892,-224.6044,30.2801,-127.0638,18.8678,-162.2408,172.0660,47.6071,-210.6967,-219.8026,-97.1488,-859.4365,4.1589,7.7505,-244.2729,-83.5993,-118.7777
-234.2756,-262.5280,-297.2509,-239.8212,-55.4633,-154.0273,-33.5644,-173.4680,45.0752,-36.6370,-209.4454,-230.6094,-109.5403,-837.1027,-6.7948,-44.6149,-249.8301,-144.7300,-154.4456
-207.1040,-175.6449,-297.2056,-183.2880,-125.3816,-183.0871,-121.4613,-215.3255,-72.2560,-134.8192,-196.2090,-201.8117,-122.4716,-850.9553,-50.9028,-44.3637,-162.9028,-132.7480,-194.3539
-170.8088,-147.6724,-242.4979,-111.7006,-160.8654,-205.8410,-209.7636,-249.6614,-107.9475,-169.3768,-158.6441,-174.6263,-140.7337,-843.8858,-86.0417,-9.4553,-84.8838,-108.5042,-217.9900
-150.4974,-144.7558,-173.1381,-57.9550,-193.2447,-214.9526,-237.9775,-231.3965,-30.1026,-105.2165,-111.2013,-182.8232,-162.6222,-780.8344,-84.5318,16.4725,-74.8034,-116.4731,-209.3504
-99.1791,-71.2119,-102.5652,-28.7294,-248.6873,-218.1163,-222.6232,-170.8011,12.6196,-38.8021,-81.1190,-185.7552,-178.0995,-682.4804,-94.2587,19.7547,-66.6198,-155.7410,-193.8703
3.7942,25.5351,-37.7503,-21.9537,-315.1782,-254.6048,-202.2628,-134.1917,-73.0012,-42.6762,-64.6655,-163.2020,-155.7557,-620.3028,-98.7495,20.9468,-25.0922,-216.7558,-191.8211
22.2729,30.3161,-17.0462,-14.8836,-351.4796,-295.1695,-149.0087,-134.5565,-130.3605,-66.4961,-61.0166,-157.5878,-84.2041,-608.8076,-20.8001,43.0505,6.5176,-269.2885,-168.6656
-90.6994,-55.6132,-62.2364,-9.1616,-344.0519,-281.3049,-69.2475,-123.4889,-54.6660,-70.2894,-92.4285,-187.8701,-23.3890,-595.2153,83.9283,65.7280,-3.1311,-282.5125,-124.3602
-150.0446,-124.3207,-128.7377,-42.0794,-307.8492,-251.9689,-27.8834,-95.4584,29.3296,-61.9489,-130.3064,-242.2068,-13.2639,-543.1087,95.7048,61.3479,-52.4644,-261.2103,-110.3304
-70.3711,-98.7874,-143.0972,-94.5245,-222.5190,-250.5019,-15.4481,-84.1373,23.0616,-36.2867,-106.9035,-315.2159,7.4392,-446.8520,48.5655,49.6264,-110.6846,-211.4857,-124.4175
-5.3697,-32.6184,-88.3367,-99.1815,-63.5540,-225.4046,22.0691,-86.1516,-20.8229,-16.8727,-38.5143,-369.4972,79.2045,-351.3549,39.0105,45.2362,-123.9269,-129.1657,-116.6737
-37.1622,-40.5458,-12.4780,-60.1512,117.8859,-143.6595,81.5456,-69.0003,-11.7737,-25.2529,-1.3164,-349.6159,143.6770,-324.0750,57.0486,28.0545,-81.7605,-40.2473,-57.7822
-71.6349,-107.9229,51.1144,-24.4961,242.9368,-27.9351,162.2374,-10.5837,90.7649,-2.4832,4.8536,-262.7897,165.8759,-303.2285,84.2281,3.7424,-17.6253,26.9499,54.1714
-54.8690,-114.8684,95.6380,17.4026,287.5193,118.4860,263.7201,78.9985,194.9180,57.3065,20.7210,-165.1517,177.1309,-170.6972,148.0575,-3.4862,57.2398,82.0429,167.7992
-30.4002,-69.5184,96.5367,66.9005,264.3755,255.5905,300.6252,145.0566,157.7023,52.9025,28.6845,-98.7409,184.6153,-18.1104,190.7560,13.1800,120.5138,124.1046,209.1847
-30.3652,-77.4535,67.8234,68.7976,200.4660,296.5751,219.2928,156.5426,31.1180,4.3577,22.7377,-80.1229,174.4707,-16.5851,123.9199,70.5156,122.4152,134.5032,203.1606
-42.4435,-104.2791,87.2436,29.3889,140.7572,261.5236,100.6516,168.8676,-26.3234,37.5843,55.3210,-89.7231,149.9711,-103.0326,4.0781,146.7291,87.3265,141.6817,230.2008
-28.2512,-48.8901,168.2362,26.4696,102.5976,251.4298,-1.4642,220.8803,-28.5681,96.4752,132.4565,-83.1843,101.3664,-137.0315,-65.9184,141.1375,95.0389,174.9072,282.8806
35.0324,30.5610,242.0269,60.9063,49.5897,251.8831,-125.1500,250.1577,-65.7622,38.3085,190.3313,-59.1579,19.4630,-149.4396,-106.6574,34.0732,142.7198,177.6149,310.6664
105.1011,22.7764,284.5295,63.9716,-50.9466,166.4529,-252.7221,203.9282,-129.8475,-68.3907,183.8219,-58.5199,-78.5259,-189.1405,-158.7567,-57.4719,175.3714,96.6361,295.8865
126.6127,-32.2923,294.1441,30.6282,-172.4347,-1.4312,-318.3525,115.4839,-165.2463,-78.8635,115.1576,-87.2062,-178.9162,-222.4481,-176.9324,-92.3967,185.4685,-8.9602,219.1336
105.1077,-42.7820,234.2879,-0.1702,-244.3584,-159.2499,-321.8975,34.1776,-73.7223,-15.0803,30.9053,-117.6685,-250.9433,-256.6018,-150.1065,-128.9344,164.0888,-62.9386,105.7973
61.3988,-23.6295,141.0442,-27.5756,-226.6672,-250.1503,-288.5128,-9.3604,149.3215,38.9786,-0.5599,-138.5285,-234.3272,-288.7270,-140.9272,-135.0019,91.7519,-79.9693,42.2346
-4.7747,-24.1658,107.6302,-53.7142,-160.4120,-286.2971,-222.7140,-15.4856,228.1075,48.7132,16.9938,-142.7692,-137.3407,-256.2722,-146.9055,-68.8880,19.0706,-97.3092,20.6580
-62.0197,-31.8257,105.3263,-67.9044,-104.2129,-311.6662,-149.6673,-42.6236,46.3164,-4.5624,10.1263,-124.0334,-48.6451,-195.8470,-99.7503,-21.8882,-9.0735,-106.6473,-38.7841
-59.9707,-33.2417,43.9846,-99.3614,-54.1380,-337.7926,-94.5904,-108.6147,-13.8889,-68.9275,-29.5143,-107.4159,-10.3773,-191.2537,-3.3722,-27.2823,-44.1447,-98.2077,-90.1196
-11.3810,-62.3422,-46.6797,-169.0161,6.4301,-305.2372,-57.2442,-129.3706,193.9971,-60.9497,-55.0491,-116.5784,-1.8924,-172.2824,67.7533,21.8659,-104.1302,-78.6688,-58.5016
18.6583,-122.7309,-97.9138,-216.2839,50.4247,-169.5231,-47.4704,-93.8197,231.7810,-42.3236,-79.9381,-122.2838,-13.9756,-57.1470,72.8816,115.7388,-117.2689,-45.8679,-27.6240
0.9667,-148.5991,-121.2366,-193.1665,64.4342,-6.2778,-66.9798,-110.9581,-5.0788,-115.0192,-125.6145,-85.7720,-36.8058,58.8891,28.7846,114.4760,-87.4693,-11.5355,-71.2249
-32.4262,-101.3831,-133.1365,-157.4056,61.7778,68.1741,-94.8701,-180.3317,-96.7591,-206.8671,-149.7727,-22.9566,-52.6219,81.2654,-21.8656,15.5384,-96.3972,-9.0024,-109.1419
-38.6034,-25.4781,-121.9628,-164.6710,24.0774,53.2834,-137.2649,-190.0555,-19.2534,-222.5590,-132.5286,25.8619,-71.9803,61.6592,-44.7846,-71.4481,-125.0234,-43.1883,-93.3119
-6.6013,33.7870,-99.2788,-177.8134,-61.9044,35.7874,-198.4789,-153.3590,-76.2643,-209.9984,-107.8396,55.6125,-108.6521,61.8312,-54.4594,-120.0369,-102.3594,-86.7140,-82.8098
42.8591,69.3050,-80.5604,-164.1319,-156.4484,42.2180,-239.2625,-155.6333,-183.5805,-200.1963,-96.3776,75.9141,-158.6413,66.8417,-89.9719,-146.0018,-64.5910,-122.8489,-92.9067
80.8318,56.2080,-77.1917,-152.1533,-232.8369,28.5070,-250.0987,-166.8933,-180.1754,-155.5666,-110.2844,62.1461,-215.7555,37.5675,-132.3559,-146.6851,-75.4127,-146.8834,-90.9320
91.0736,-17.8257,-113.4692,-156.2948,-302.0501,-27.1594,-254.2084,-144.2584,-177.9514,-107.2065,-155.2344,-5.6870,-248.2577,-36.8412,-117.6867,-163.6089,-123.3322,-166.2980,-90.3593
75.3132,-79.6868,-174.9168,-174.9590,-356.8701,-118.5015,-224.8322,-138.9235,-138.0871,-86.9839,-191.8561,-74.2534,-224.8278,-95.0229,-43.7772,-223.9572,-201.8080,-217.8668,-109.6781
40.3661,-60.3247,-219.6205,-233.8564,-384.7805,-236.5441,-142.0408,-166.8914,32.6735,-52.5960,-196.9193,-75.7186,-180.9643,-64.7556,18.6050,-267.6621,-314.0308,-308.6011,-121.5497
-11.7158,-12.0643,-262.8174,-319.3196,-385.9879,-333.3215,-46.6155,-166.3396,101.3048,-23.9071,-204.6213,-40.4817,-144.2134,-2.1274,36.0054,-257.0427,-392.8940,-361.8912,-88.3759
-67.8463,-15.1988,-320.7035,-361.6671,-326.9062,-349.0688,57.3338,-106.8412,-13.1158,-45.1401,-211.6439,-47.6431,-65.4089,-12.0275,52.3343,-221.6561,-392.1439,-320.9684,-1.7631
-98.3500,-44.2852,-336.1750,-353.0778,-184.3584,-297.3146,176.6397,-14.3436,-34.9988,-34.8995,-181.1822,-89.3416,54.1509,-49.1144,83.8215,-169.1756,-373.8529,-241.4056,87.1162
-83.5601,-40.1428,-285.2067,-342.3932,-26.8782,-219.2323,225.7343,62.2372,13.0671,53.3297,-142.8940,-94.8876,124.3381,0.3682,72.5741,-110.5127,-373.3671,-179.4287,110.5833
-27.3460,-26.7648,-228.8320,-314.2671,74.2858,-102.0803,172.1900,93.9052,-99.0855,110.5128,-126.0399,-52.3189,129.8927,106.8820,16.5082,-92.5435,-331.3858,-95.8079,101.2475
41.4930,-43.8380,-196.2855,-233.5833,140.5474,51.1482,137.5598,125.3233,-179.4421,96.1774,-86.3276,-4.5149,142.9792,155.8013,13.7612,-102.3824,-229.7921,29.3794,143.4509
73.0073,-41.3941,-158.7709,-141.4920,196.7880,176.9455,173.7996,187.1725,-22.7574,80.6891,-21.9567,35.9652,178.8562,139.2795,83.7588,-95.9737,-123.7186,119.9324,199.6684
50.2320,34.6375,-111.0775,-78.2033,213.2160,244.5234,192.3749,195.2849,98.7694,47.4181,-1.1146,88.3797,198.6859,149.9213,119.6715,-106.6673,-44.1267,132.0897,172.5224
21.1934,117.3324,-68.8228,-27.3685,184.3678,264.5256,180.1971,110.1839,35.1693,-21.4181,-23.5301,149.8810,190.4469,229.3508,95.6512,-139.9760,6.7840,120.8382,95.0587
21.2641,117.0933,-29.2787,7.2890,135.9660,217.7342,181.3899,40.8497,30.1605,-32.9301,-25.6893,192.1165,164.0717,308.6700,90.9455,-115.2649,32.5062,111.4842,51.3439
27.4506,74.1813,7.4724,1.9636,64.9946,102.5241,134.1235,27.4072,91.6023,1.2397,-3.8639,198.6051,135.7428,298.8709,86.3667,-63.9347,49.8863,48.6985,11.0424
22.1206,66.7226,12.9470,-34.3149,-22.7252,-26.6241,11.4150,-12.4770,-15.4227,-36.6868,-6.1237,174.6285,117.5124,198.0031,13.6255,-112.2990,28.6283,-75.4047,-62.4379
1.4689,64.5770,-54.5564,-99.4499,-85.3452,-143.1977,-62.3738,-52.3956,-174.7109,-81.1048,-59.0923,120.6777,92.4149,91.0600,-50.2386,-204.8774,-98.1144,-183.4025,-96.8773
-49.1439,21.5859,-185.5978,-198.5832,-125.4162,-256.7020,-45.0427,-8.4421,-107.9328,2.8261,-144.1603,35.6462,39.9213,67.2250,-16.4640,-181.6993,-276.1650,-244.3739,-63.3168
-87.3437,-13.3740,-274.6699,-279.9774,-188.9063,-340.6721,-59.7723,38.6358,78.1477,111.0466,-195.6330,-37.4732,-35.9365,130.9602,29.1045,-84.1304,-345.7108,-304.9547,-49.8340
-41.3593,0.0661,-228.9233,-287.2392,-251.0223,-358.4535,-129.9044,-5.6242,123.9973,84.9479,-163.9804,-34.5470,-118.2303,184.2953,-4.5584,-62.3694,-261.3685,-356.2411,-77.7020
44.2535,22.9733,-103.0287,-230.9716,-229.5757,-300.9603,-127.4479,-58.1919,70.1639,-13.2929,-90.1482,30.5488,-162.7719,154.4369,-60.5310,-112.4894,-116.5177,-314.8059,-62.3435
76.1309,39.0445,-12.9641,-134.1914,-125.6189,-168.4145,-36.1817,-49.7291,60.5377,-68.7536,-43.8757,76.3863,-133.9659,105.9198,-80.4551,-136.9350,11.8717,-169.4838,-10.6287
74.9699,79.0473,19.2441,-13.5366,-33.6050,-5.6074,6.5073,-47.3493,28.5457,-92.4886,-39.0232,83.3010,-92.1375,111.6379,-84.2113,-106.0087,86.1243,-14.9763,-21.5776
80.4434,129.0907,34.3483,73.3741,-10.4493,99.9938,-51.2721,-79.6290,-96.1061,-121.0834,-61.0163,98.8945,-108.5839,120.2130,-70.3042,-57.9948,85.6065,75.0092,-88.8194
54.9634,146.8139,41.8951,79.3286,-31.1681,121.7455,-115.6941,-102.3674,-171.2910,-153.2225,-87.4444,117.7082,-131.0035,95.9505,-25.1138,-47.0473,48.9625,97.4082,-130.1880
9.7753,149.9836,25.8457,30.0596,-55.4358,92.3333,-121.8573,-119.2264,-93.3439,-166.7777,-84.4889,99.5611,-97.1311,108.0197,15.6990,-67.0487,22.4014,72.3176,-144.7521
0.7205,183.9639,-16.2082,-19.2154,-52.9218,28.8953,-87.3344,-135.0469,19.8485,-114.3552,-66.9016,86.2582,-50.0064,165.7764,30.4826,-39.4301,-1.3369,46.6223,-144.3352
-1.7134,225.7814,-52.9769,-16.8922,4.2389,-23.0491,-18.1326,-105.0949,67.4821,-11.5258,-81.4008,142.0778,-14.9935,195.6454,39.1805,24.8995,3.9460,84.2567,-74.3018
-14.2496,213.0626,-33.0310,68.9292,106.7379,-0.1623,79.0824,-37.9571,98.4433,33.8948,-88.6609,214.9410,43.9074,205.9925,41.2253,14.1592,101.4011,178.1931,50.9488
36.0255,169.4236,49.2664,196.4850,200.3354,46.6986,139.0436,6.5948,151.7712,9.2971,-17.7080,206.8396,107.7083,239.9057,34.8910,-39.8047,241.4368,247.9986,119.2017
133.3010,198.1854,136.1893,288.1898,240.9848,13.6670,121.4564,26.3010,216.8106,27.4472,76.1137,134.4239,130.9050,249.4462,50.8780,3.4061,302.4107,244.3739,96.6989
168.6192,305.0854,181.4728,325.5370,217.1590,-80.4995,69.5730,38.4628,258.1345,85.3247,97.8303,93.2792,122.4820,202.8882,75.1509,94.2690,286.7019,171.2352,51.4137
150.4145,354.5151,181.8419,313.6032,129.8928,-159.4926,8.9092,18.1009,166.1189,62.2098,79.6154,113.6422,83.9124,161.0627,43.2863,83.8995,284.2250,47.1035,25.0808
154.9586,284.9380,147.3858,245.2266,5.7075,-205.9905,-71.8372,-15.8731,-50.1671,-17.4006,80.6043,144.6636,4.9804,159.4791,-21.2536,25.5965,299.1251,-67.6105,24.0009
153.7637,214.2596,99.1621,178.9756,-97.9812,-189.3982,-120.1679,12.0083,-117.2270,-10.4371,58.3224,142.8559,-62.1503,176.1064,-16.0352,48.5867,278.4783,-89.3354,43.5479
103.5017,244.5187,60.8216,196.5803,-145.0773,-68.5665,-78.0244,96.0392,71.5448,83.0584,-3.6880,127.6078,-69.5684,198.1386,45.8620,104.3816,236.5984,-24.4881,46.5020
64.7462,327.0908,42.7350,261.8539,-149.0892,92.5806,-3.1360,145.5787,200.1122,138.5990,-17.5550,157.6844,-51.9979,214.7836,41.4304,98.6710,231.9051,39.1336,28.1284
104.1143,378.3724,58.9872,289.5688,-140.5763,191.6960,23.1988,129.4122,85.8474,122.0756,36.5808,243.4488,-52.8403,225.4716,-34.0328,75.1923,273.5894,69.7413,37.3862
189.5027,382.9967,106.0601,296.2110,-137.4401,215.7334,16.0314,85.8395,-7.2586,94.6342,59.9960,308.7720,-63.0176,261.8698,-61.3238,105.0680,313.4687,99.1427,48.3332
223.2985,365.5019,134.6760,332.1646,-136.7241,187.2610,11.6780,23.0748,97.3013,78.7609,28.7193,300.4690,-51.4946,310.7398,-22.5776,152.3658,305.5400,121.3891,-23.6670
155.3914,350.3436,121.6262,369.4059,-120.9044,110.7870,-13.8978,-66.3287,187.7918,52.3873,22.2453,272.0965,-4.2768,305.6807,-5.8588,143.0024,254.3087,110.2399,-145.3089
59.6517,342.3711,103.6759,364.5757,-83.0115,22.4844,-92.6621,-142.2182,78.5707,22.9302,46.9017,269.3656,46.9648,249.5353,-22.8138,92.3875,206.5263,89.9713,-206.3258
29.2780,337.5216,89.9931,328.8454,-35.7252,-35.6188,-191.7017,-162.5116,-107.3328,25.7137,47.4252,240.3173,59.2529,205.9183,-31.3108,84.9413,191.4267,82.5589,-196.9364
41.2828,354.7433,65.5005,282.3651,8.7990,-78.3288,-217.9245,-143.5310,-165.8884,67.6095,49.5703,164.0490,57.5268,181.3165,-42.9916,125.2676,183.3547,48.1028,-169.4658
49.5129,386.9861,64.0500,220.7007,47.0045,-134.4093,-130.7815,-121.6148,-94.4721,111.9382,93.0525,122.4039,94.1180,149.2202,-53.2480,129.5244,140.7477,-32.3077,-131.0637
76.8326,361.6985,95.1097,152.4484,78.6172,-199.3172,-27.5695,-98.1269,-51.5366,127.5702,121.9037,143.9350,155.2385,130.0870,-16.9697,94.3797,69.8480,-89.1960,-83.2518
104.7988,267.1640,101.7938,115.2931,102.6109,-258.5625,3.2964,-49.5100,-77.8195,129.7795,96.3682,147.1923,197.2172,154.5999,40.5073,95.6330,20.6835,-69.6713,-38.6537
81.1710,201.9856,89.7116,113.3023,99.3732,-290.0904,23.5085,33.6562,-60.0095,143.9752,71.6106,108.3849,194.0537,205.6012,63.5983,121.4250,15.0538,-33.0277,21.0676
56.9882,190.2252,117.8158,83.0059,45.0446,-243.5662,80.2028,137.6006,-6.7996,162.4205,81.1824,99.3007,124.9334,238.5029,80.5813,119.8645,19.0153,-45.1490,104.3815
87.6961,153.8035,149.1782,2.0674,-29.8851,-78.1380,103.9509,248.2822,-16.5773,172.9415,95.8447,128.2638,26.7206,243.0890,122.3785,134.8893,8.1166,-59.2345,178.3960
106.2250,125.0794,122.7648,-31.2791,-67.4091,161.3964,99.6294,341.6428,-12.6668,174.2669,105.1903,135.9181,-13.7957,261.9055,143.6750,199.3384,18.3404,-7.3162,214.7171
81.9181,206.2632,100.8233,57.2011,-77.0728,348.7181,140.9547,349.7116,65.9991,145.0757,121.7505,142.3809,-1.4719,303.1576,121.3276,239.5766,96.9110,83.3071,194.8159
89.1577,330.0273,152.2800,188.3458,-104.5969,401.1888,158.4680,226.0927,62.4929,78.4847,147.6896,207.8260,-14.0468,288.2979,89.2672,206.6120,215.6152,163.1302,107.1611
122.8231,359.0238,213.6118,258.5109,-136.2621,354.6269,68.2258,48.0219,-32.9789,21.2161,177.4522,282.0091,-43.9796,187.5825,67.5864,137.4976,275.5740,228.8862,-7.4513
109.2510,329.7701,202.2482,267.4951,-141.7710,263.3469,-27.7230,-70.7830,-15.6627,-11.1371,178.1704,270.6912,-40.5539,103.9440,65.9965,74.8594,230.7470,250.2719,-93.8929
83.6813,332.8867,141.7923,244.6964,-138.8851,127.6674,-59.4091,-142.6671,40.5711,-68.9834,122.8000,200.2157,-18.5834,110.4196,82.3746,50.5756,158.0633,181.7153,-162.5690
113.3924,322.4929,103.9022,198.1269,-126.4322,-27.3670,-120.7693,-247.1002,-94.3483,-150.7564,70.1930,168.3268,9.9160,154.0847,70.3037,77.0328,133.6486,74.9841,-229.3371
141.0538,253.4999,106.4894,152.4369,-63.1202,-150.2651,-214.0675,-386.1272,-252.6404,-194.1095,80.4114,189.7206,57.3088,180.2980,24.4695,113.0846,113.1613,18.9329,-248.3521
88.1776,207.7796,97.6844,115.9423,31.1781,-258.7857,-224.3148,-516.7438,-161.5769,-187.0575,89.8584,198.9545,83.7518,181.9306,25.3225,127.9243,40.4974,-3.1556,-195.0018
7.3380,248.4846,35.8890,61.0133,78.4981,-383.1850,-165.5248,-621.1775,3.0378,-137.5248,32.2266,157.3820,68.0797,147.7235,85.6167,140.2071,-32.3235,-51.9856,-115.6157
10.2829,319.4100,-32.9566,-1.8605,62.3356,-474.2318,-131.2445,-686.1061,-30.2524,-41.2993,-30.6548,98.1701,70.9304,104.3503,100.1084,140.2221,-44.3772,-114.2698,-50.2553
103.4640,341.3867,-34.3002,-24.9357,31.5045,-488.5954,-117.0299,-704.3263,-130.7559,31.2521,-27.5026,89.8268,105.1869,113.5648,29.3519,97.2103,-12.1516,-150.6801,12.7084
175.8002,298.3491,27.3825,1.4410,6.3070,-430.1206,-81.8975,-670.8373,-43.3261,36.3170,22.6936,155.4121,106.6511,161.4160,-33.8654,45.9299,41.1663,-150.7661,107.8297
157.6062,236.9151,84.8536,54.6313,-27.9853,-269.5516,-13.4603,-553.7862,197.6963,92.1649,70.9931,231.0623,76.4166,189.8288,-14.1617,53.4057,98.5871,-104.9302,242.7319
116.0891,218.6290,85.6180,109.8885,-66.3287,-10.3148,86.5926,-381.8901,366.5504,236.8985,70.4608,243.9816,71.1040,209.5791,68.0264,137.2459,117.6152,-26.9480,348.3963
134.8118,249.7092,26.0637,142.5478,-92.3699,220.3316,149.7954,-294.6333,358.2851,300.0803,8.8061,195.9025,82.5820,242.1744,150.9061,251.9790,111.0225,32.4837,329.4924
194.9720,295.9082,-33.7029,174.2793,-117.1199,322.1389,105.3410,-359.4939,284.3877,260.4742,-32.8074,130.7186,76.7733,249.9899,181.4751,311.4789,152.0861,65.0015,196.2930
243.1833,352.7865,-23.4257,255.7018,-152.3609,337.9690,20.9277,-481.6217,271.6032,293.4995,11.1687,90.8353,77.5100,217.1082,152.0152,276.8529,223.9979,111.2218,45.8432
261.2326,399.1337,23.8536,338.8963,-162.7085,323.1915,-13.2742,-581.9233,271.2963,358.0442,63.1646,106.3346,113.4087,175.5261,116.2539,227.6129,226.6444,169.0665,-75.1953
237.4104,362.8136,9.2017,311.5421,-104.8482,274.4453,-22.2886,-659.3666,199.9693,287.6454,38.1086,138.1501,158.6573,136.8745,131.2045,243.1819,146.2700,196.8308,-162.8835
171.1895,260.5273,-72.8122,190.1960,-5.5657,200.4794,-13.6709,-687.9182,133.8701,188.7726,-22.7046,97.9482,178.8665,103.1826,190.3193,274.5792,51.3529,183.1689,-188.0749
90.3482,213.0119,-141.0828,90.5788,67.0682,111.5687,59.3591,-655.6100,181.6081,222.0237,-56.2117,-3.3523,182.5265,90.4669,245.6281,240.2792,-30.5174,138.2082,-149.7007
20.2478,225.4289,-159.4169,26.2054,92.2208,-1.1183,144.9516,-605.7393,289.7356,294.2665,-51.3906,-68.9953,189.9538,82.6904,267.0251,152.0405,-106.8498,68.9369,-88.7744
-16.2549,181.6895,-148.6129,-62.1007,84.4032,-105.6866,155.3882,-533.7896,311.5569,320.2709,-20.2450,-91.2570,175.8487,48.4087,247.2718,80.8040,-167.6828,-2.4970,-8.2955
-0.0528,86.8167,-128.2055,-142.6724,46.5590,-156.6785,126.7756,-410.6800,218.9719,362.5177,-20.8098,-112.1844,101.5743,4.9555,195.4911,73.8027,-189.0892,-49.1217,103.5455
38.3140,53.8719,-105.9244,-143.5200,1.7602,-165.8403,129.9321,-282.1979,162.7706,412.9504,-91.4580,-87.1337,2.1566,-11.9925,155.4086,111.0564,-146.3297,-66.4866,208.3851
55.5542,94.6664,-71.8655,-85.3238,-18.0339,-148.1000,151.6564,-182.0672,231.9669,427.7477,-132.1056,-1.7078,-44.6474,2.1357,160.1660,131.4968,-62.5500,-69.4918,272.9120
66.5479,142.1427,-19.9497,-41.6345,-45.4685,-82.1507,152.0395,-81.9883,262.1949,428.6900,-58.3640,42.5859,-38.0663,40.9664,164.0371,122.4673,-31.3934,-79.4645,306.9255
79.4747,166.9286,0.2143,-50.4801,-118.9377,25.1717,124.9895,1.1026,140.9723,380.5515,10.2119,20.4168,-43.4480,91.0016,123.9885,119.1325,-91.5406,-94.1983,320.5564
57.3043,155.1169,-55.1725,-102.7852,-178.4645,147.7003,109.1288,44.6843,83.3461,279.5704,-42.2429,27.8877,-65.4442,126.6868,104.8034,120.8098,-146.9113,-68.7332,335.3875
24.2378,114.9569,-121.9962,-137.3502,-167.6708,292.7165,154.4141,103.3305,229.8031,263.1685,-113.3018,79.9378,-39.6478,152.4566,158.5418,112.5350,-117.8628,18.1496,367.8379
55.6493,100.4767,-114.2643,-86.4282,-151.7553,432.6630,212.7591,165.6582,325.2732,315.4377,-84.3530,115.1604,43.8273,190.1639,203.4061,104.6501,-46.6756,107.7624,343.7524
142.4453,122.8763,-57.5220,16.8797,-175.1745,466.4492,172.3835,113.3738,158.1113,231.7240,-11.8858,145.7217,110.9680,213.9529,170.5930,81.2982,25.6875,147.0925,190.0933
213.5057,148.6377,-22.6816,79.8720,-135.4089,362.7750,64.7011,-50.1852,-107.8819,44.9606,6.5322,191.6342,126.0053,196.2447,115.5843,34.6492,123.6945,177.6650,12.5825
224.9674,188.8141,-18.6134,110.7726,53.5533,250.8385,46.1511,-156.8607,-226.0294,-19.1171,-39.8677,205.0755,155.4485,187.8743,98.6715,29.6848,230.8883,267.0302,-21.8768
139.6100,226.3410,-23.7661,181.4308,316.2387,262.4488,162.4184,-102.3078,-114.8843,42.7314,-96.6167,174.1162,257.3755,238.1016,130.5530,98.6713,276.3155,403.5165,75.1411
-30.8987,181.8458,-19.9391,265.3062,533.2695,355.0163,314.7916,55.6019,122.4226,97.8430,-75.5817,138.6950,383.5908,299.6957,212.1461,180.8885,253.7238,508.4070,176.9612
-147.3512,91.7408,29.1734,291.9449,662.0126,386.7708,403.7755,197.9069,240.6727,122.9321,57.1387,110.0020,455.5548,312.6128,292.3037,229.5692,236.7388,523.4565,231.8507
-95.6481,86.6979,134.3467,282.4138,693.2487,304.2037,393.8350,245.6896,161.0142,109.8262,196.8004,96.8381,462.1612,287.2221,309.4047,226.1429,260.4526,457.9764,240.7891
36.0923,148.4699,236.4996,275.4678,621.5269,153.9961,319.3307,198.8403,117.5215,60.7199,232.9403,111.3660,434.1725,244.1237,297.1834,155.7863,277.1499,349.3279,185.1022
97.8348,161.9700,281.1675,242.7155,485.4627,-12.3497,242.6999,118.4943,206.4988,60.2001,210.5320,115.6796,392.3999,188.1989,276.7033,85.3466,250.3995,217.7594,97.0387
74.7082,126.2819,281.2208,176.2875,348.8432,-126.7929,183.0072,93.0119,224.5854,105.7075,215.1823,95.7148,338.4137,160.0613,186.6339,90.6766,213.4793,94.7322,97.5798
28.2958,80.5744,259.8462,115.1927,239.6106,-99.2646,164.4640,200.8956,157.7451,115.8568,213.2509,106.9311,261.2711,197.8835,76.9501,118.5998,194.2512,26.6440,263.4979
-17.6917,4.8227,201.1041,59.9509,148.3506,59.4996,243.6390,415.1489,226.4525,147.4244,141.5536,143.4365,174.2776,268.1621,86.2786,121.2488,161.7205,6.4269,490.3516
-66.7137,-69.6744,91.0256,0.7249,69.9761,228.7265,364.7370,582.2227,425.1761,260.3406,34.8563,138.5270,123.3363,315.1149,168.7893,149.0343,102.6776,-0.9283,583.6953
-116.8263,-66.4417,-31.8338,-21.4117,26.7195,347.9501,382.8288,608.7261,558.9680,348.9279,-34.6815,119.2810,112.5462,319.9364,185.1640,191.7883,63.4863,32.6903,500.3372
-148.4187,-7.0837,-89.1294,6.0167,47.3214,441.1326,302.7126,563.8975,553.8764,362.2047,-42.6093,137.9916,101.5163,285.0151,169.0725,208.9634,65.1825,123.8385,375.1951
-127.6487,20.6909,-39.0005,26.5438,124.7965,485.9130,252.9281,507.8727,444.1100,357.5864,9.1616,128.5415,108.1786,243.1283,204.6179,249.8666,71.8069,179.3255,296.9604
-61.6441,-5.6390,58.5468,12.8924,209.7043,434.5836,264.1697,407.0796,336.1211,299.3247,96.2962,45.2032,171.7264,244.3177,252.5907,282.7141,58.7045,132.6470,234.0474
-8.2421,-22.1446,100.4822,-11.7633,242.3624,311.8161,284.3604,282.8731,348.0337,174.1386,146.1369,-21.1442,220.9021,257.5569,267.5609,197.0579,21.5354,56.1156,175.2575
11.0612,43.3173,70.3659,-46.9442,190.1302,173.4983,279.8985,223.4319,386.6735,116.8233,112.3467,-26.5381,162.6161,191.6782,255.7559,93.2864,-48.3390,15.9714,147.0364
21.4453,153.0901,34.6157,-96.7657,84.6674,51.9449,224.6113,217.4198,296.6755,148.1034,55.1720,-54.9475,54.3976,60.8834,216.2382,123.8025,-121.9961,-17.2119,127.2287
21.3680,179.0115,26.5632,-122.4306,3.0941,-35.9360,142.8052,170.3377,190.1359,120.9747,53.0908,-124.5364,13.6600,-23.5010,175.1371,160.6525,-140.0321,-62.9082,85.7159
6.8110,118.2282,26.6815,-101.4883,-41.6507,-115.4112,102.1688,69.6939,189.3524,17.6434,85.6253,-145.6057,31.5151,-30.9398,155.8658,74.0736,-105.8011,-109.2147,32.2505
6.1796,106.7944,18.4104,-76.8187,-128.2520,-224.9912,70.7890,-16.3727,157.2787,-52.6628,87.6832,-104.6541,13.4300,-19.8516,121.9410,-1.8012,-79.6945,-178.5242,-20.0488
5.4301,145.6616,-14.9117,-91.5729,-283.6000,-317.0178,-21.4118,-51.5921,55.0187,-68.7696,47.1649,-83.9355,-69.7597,-10.3617,90.9198,12.5730,-87.2033,-284.2873,-43.6501
-47.8152,101.5672,-89.2460,-133.8124,-433.4866,-315.9893,-103.7371,-38.9247,59.7486,-51.4837,-16.2755,-108.2178,-163.3326,14.0232,123.3484,25.7791,-123.5482,-383.5635,-9.3940
-130.0607,-1.7864,-168.6093,-171.4238,-539.9597,-250.8131,-95.5875,14.5409,170.0397,15.2938,-79.0085,-125.4744,-215.7365,49.8885,142.1135,35.2191,-181.5790,-425.8610,35.1978
-166.9694,-13.9907,-185.4293,-184.1100,-617.6461,-184.1721,-75.0896,75.6524,220.2214,92.9334,-93.2861,-96.9627,-227.8421,95.0639,52.6514,67.6717,-207.7122,-386.4844,24.0721
-149.9149,76.3602,-131.1314,-150.9525,-614.5201,-102.8951,-118.2275,94.6069,186.5669,104.9071,-42.9688,-13.8526,-218.5321,142.9851,-42.2292,47.2413,-145.7010,-277.2577,-17.6238
-112.1977,159.3113,-61.6527,-69.5715,-467.8571,7.7507,-162.2002,70.6669,116.5751,63.7423,2.9813,105.4794,-181.8054,155.2598,-28.9112,-11.4026,-48.7295,-149.4976,-38.1258
-63.7871,174.4900,-20.2890,5.0164,-235.6509,109.4789,-120.4787,63.2347,43.7465,46.7003,-8.2946,192.5349,-114.4125,123.6143,26.0511,-1.6392,-12.7791,-26.7879,-22.8173
-16.2041,146.3507,-5.5807,12.2578,-17.3798,182.4683,14.2197,121.3773,70.9935,73.7377,-32.1573,185.1288,-46.7148,110.5210,49.0067,58.8850,-26.8374,109.7531,50.8336
17.7795,144.9377,2.9779,-25.8566,161.0231,224.0983,159.5082,210.9203,196.1418,99.1342,-28.5746,106.0761,-2.5917,155.8077,65.3526,115.5507,-25.0136,215.1685,159.7167
47.8896,158.0249,20.1605,-50.9496,283.9484,188.1096,195.7532,225.9102,216.7130,107.5436,-28.4670,18.6319,22.0095,200.1785,83.9563,185.2807,-14.3562,196.7349,193.0164
72.1824,16.7375,44.2013,-67.4267,305.0355,39.5272,114.9971,105.4011,80.8103,129.9138,-41.7820,-43.9225,25.5152,157.1684,74.9693,215.5396,-29.4388,72.0612,115.1237
87.5531,-316.6098,55.6188,-95.2870,227.6015,-156.7219,35.3988,-83.9470,-6.7326,145.3738,-38.6472,-64.9603,4.8912,32.6422,23.7751,138.8639,-50.3314,-41.1213,21.6696
133.4198,-542.4208,37.3161,-94.9396,110.1865,-286.8900,-2.0732,-233.9671,20.4167,89.7829,-30.7538,-51.5607,-24.6060,-67.3649,-51.0932,43.1776,-48.4436,-86.0839,-46.7079
214.5046,-448.2357,2.1555,-47.1264,-8.7853,-321.3328,-72.5563,-319.8660,-13.3476,-12.2805,-38.9550,-51.5013,-58.4709,-69.4985,-84.0541,17.6989,-34.7097,-100.8518,-144.2007
244.3397,-254.9277,-21.4097,-10.1959,-120.4461,-332.3244,-195.5781,-381.5632,-172.0831,-78.3448,-33.5050,-66.9662,-106.5118,-36.2601,-52.2143,5.9286,-28.6124,-134.4684,-272.2605
188.6522,-212.5144,-28.1266,-9.4895,-221.2619,-356.1087,-318.2385,-436.1555,-302.9669,-114.1009,-5.0898,-25.9265,-154.6193,-63.9062,-55.1571,-42.9172,-29.9551,-190.2282,-374.2156
143.7704,-239.3528,-28.1272,6.6203,-310.7984,-328.1874,-413.9090,-464.2519,-325.0682,-174.4943,2.7416,68.9823,-183.4686,-131.6724,-149.9247,-100.6512,-23.5890,-222.1938,-427.8007
164.6547,-191.7459,-22.3107,49.6313,-372.9994,-224.1767,-469.1089,-443.1747,-347.8831,-245.6620,-17.9083,106.3082,-203.3616,-162.7516,-239.4310,-143.0006,0.6632,-198.9508,-435.7997
178.9687,-81.8771,-14.1357,74.4199,-374.8061,-131.2132,-460.5842,-359.0422,-428.0788,-269.5100,-19.9013,60.3682,-214.0835,-158.9586,-251.9372,-152.7099,24.7249,-151.6384,-392.4798
144.1362,51.5414,-3.5836,92.3329,-313.4337,-87.4036,-392.3449,-213.0005,-449.0444,-217.5493,25.1461,45.7152,-181.0930,-155.8909,-229.1477,-132.6545,24.5147,-98.0836,-300.5507
108.0951,161.5354,32.1000,152.6946,-217.8520,-18.0691,-293.3421,-41.2817,-356.8627,-125.6361,94.1274,122.4532,-92.4355,-136.8669,-205.5496,-135.1634,20.4597,0.9500,-183.6046
87.5188,166.0055,92.8777,228.2054,-88.1446,99.1248,-189.7422,97.4056,-260.3528,-63.2996,131.0566,208.0643,18.7198,-86.7823,-180.4107,-164.1341,49.5521,146.2576,-77.2212
56.4607,87.4891,136.2668,250.8595,101.5735,196.3301,-78.9722,190.0336,-192.8417,-19.9117,110.2402,211.7603,130.4221,-28.6995,-134.3875,-144.1419,93.6931,280.1489,9.8332
29.9485,31.7905,153.9452,218.0875,328.0313,258.5749,81.1248,281.5113,-69.7149,69.1945,92.1645,146.7372,254.4091,39.5098,-16.4281,-54.3642,103.9642,373.8279,111.1934
21.2969,9.9357,169.2727,159.2526,500.6244,312.5137,283.9100,378.2827,77.6196,149.9958,127.0238,92.4540,375.8210,129.8415,142.9614,46.5069,78.4152,410.1039,216.1693
5.0922,-7.3482,158.4193,80.5112,541.1142,320.0192,414.2768,422.5079,127.1435,139.4693,149.1246,86.0101,425.2437,188.9830,210.9760,124.3134,60.0470,357.0656,241.8214
6.9714,15.8883,110.9040,25.0635,467.1409,257.3398,396.6945,399.5401,79.5270,120.8919,105.9371,77.4948,369.4738,159.5993,172.9752,185.3013,75.6676,268.3728,177.4030
74.2579,70.5694,89.1407,61.9515,374.1448,203.9022,304.2660,364.0179,24.8926,162.2907,70.0139,23.7465,283.9791,82.5175,147.4493,227.6313,108.6476,256.4034,122.1077
140.0291,89.1217,102.5311,151.3821,329.1531,217.0139,229.1068,346.8383,12.6408,161.1629,87.3436,-24.4566,252.3056,33.0208,155.7684,225.9392,124.9434,305.7563,117.9165
118.6206,94.0884,79.1995,173.8826,311.5220,242.1155,186.0226,330.9142,37.9127,89.9019,91.0713,-13.8630,245.6123,13.2832,140.6559,157.9140,111.9942,306.1198,110.3743
75.9359,146.1703,22.8934,121.4132,272.0654,231.1839,166.3127,296.5698,55.9420,48.7416,52.2387,7.3725,199.6297,-10.5344,125.1125,62.0139,84.2783,252.0388,78.1816
91.4850,204.2002,-1.0263,87.4783,210.9034,213.1400,151.5247,241.9316,57.2030,28.4891,29.2447,-17.7915,140.1178,-39.3729,145.1221,14.1661,58.9910,212.4461,41.5575
95.6856,204.8684,-1.2603,87.4042,167.9990,208.2494,111.1629,195.4057,98.4433,-15.2480,51.1245,-49.7246,127.4059,-67.2663,163.4236,20.2025,50.6771,188.8463,4.7626
44.1243,159.6437,0.5198,70.9968,168.1221,202.6123,53.7090,195.6499,140.0151,-23.0137,97.9727,-32.7624,153.7845,-96.2230,139.8359,29.5046,75.2423,162.8904,5.8668
35.6120,106.3134,36.6333,53.4632,201.5279,205.0703,13.9375,242.0343,65.4900,-10.7876,145.7747,10.0086,173.2578,-97.8229,80.0832,22.3012,121.4750,154.0144,98.9367
98.7002,100.2652,89.0089,71.1204,238.3035,227.1035,8.5971,316.1103,-49.2936,-52.6781,155.8125,29.5889,161.5479,-39.0599,31.1340,-10.6561,146.9682,149.9249,231.9549
125.7024,193.9484,100.3884,93.5346,251.9035,250.9696,49.1864,414.9167,-33.6051,-66.1497,109.3919,26.0240,121.6486,51.0552,36.3474,-59.4124,137.4733,133.7784,297.1729
101.1120,310.2283,92.9533,91.5950,251.4960,275.6459,125.6761,507.1994,67.4765,15.5090,59.5484,33.1188,93.2252,111.2904,58.3387,-50.7705,132.1697,161.5750,296.7112
109.5458,303.8453,108.4769,97.6897,287.4203,311.2017,204.0375,540.2679,147.1735,76.8901,64.1664,66.9088,134.6637,132.4753,63.2899,21.2223,169.5696,252.3246,305.2004
123.2295,208.6394,122.0915,139.7478,377.5605,323.0327,295.1063,515.3131,251.7213,78.6611,99.6392,99.1018,238.7575,152.8943,133.7601,42.4706,234.2875,307.9673,318.0599
69.7706,189.5980,111.2432,192.7759,440.3804,287.3899,409.4637,471.0704,368.2808,108.8335,103.1657,86.9272,318.0457,182.0771,289.6004,4.8086,265.3523,283.8988,280.0840
30.5140,259.1049,82.0626,215.9792,392.0078,253.8423,467.9796,418.3378,367.5673,135.2124,71.7966,46.8939,325.2701,179.8173,376.7587,23.8723,223.0778,271.2414,198.7178
96.9918,291.4649,31.1306,200.2609,287.3783,253.9117,422.1732,342.4624,245.3741,85.0480,65.2196,52.1526,315.2453,124.9383,330.5681,71.3095,143.2027,310.1647,108.0379
163.2071,255.6659,-13.0560,177.7175,237.3428,245.0589,346.5332,233.7058,105.5748,21.6285,106.9314,113.5370,335.9596,68.8946,265.2343,35.4637,92.4317,320.7682,3.5738
106.8039,220.9362,4.8294,181.0133,235.2385,206.8825,289.1105,121.4502,32.5956,3.4926,145.5003,139.9259,345.1877,64.6488,225.8142,-18.0706,91.1857,267.4387,-93.2773
13.5220,218.1895,74.2557,197.2329,208.4094,163.1106,220.8258,68.7970,90.2260,3.1789,147.5016,80.1698,295.4923,65.6852,170.1138,11.1829,120.6868,195.1851,-119.1546
10.5713,233.4131,133.1091,189.1782,154.3133,102.8737,151.8038,75.1398,182.0529,1.7921,142.9663,9.0731,217.2046,-3.3907,120.8939,43.4383,150.1624,112.3884,-85.3437
44.6143,258.3049,142.8020,146.2743,98.0867,12.7521,100.5802,65.0133,88.2683,-14.5024,142.0115,-1.7946,157.6447,-97.8346,90.3822,5.2602,135.3186,8.8422,-68.2256
10.4560,282.2424,96.3664,90.1855,33.2456,-61.4399,40.7566,35.4638,-115.8366,-37.9957,121.5122,8.9666,116.6605,-107.9668,44.4338,-25.0444,78.5955,-69.7292,-56.6560
-48.2732,275.5762,30.8163,49.1512,-20.4038,-84.9841,-7.5166,60.3176,-120.4946,-13.3508,94.6118,-12.8423,83.2191,-38.3818,21.1887,-5.7547,55.3377,-92.7845,18.1713
-33.3885,210.8003,0.7134,28.1772,-25.1928,-86.0780,-2.9737,133.4482,56.1953,34.0867,74.6028,-47.1802,64.0335,7.4004,57.4146,-11.2724,86.5596,-100.4229,129.8679
32.6948,122.2531,-7.6133,5.2855,10.2343,-91.3523,22.1886,193.6807,146.2465,34.4580,41.0608,-61.5941,62.0971,-9.5015,90.4760,-63.5177,99.9676,-118.0363,210.6738
63.7750,107.4800,-22.5749,-21.8826,63.0467,-89.5358,55.3325,244.0632,138.8761,67.7687,17.5701,-65.6918,72.6542,-33.7201,91.6431,-81.2191,77.5846,-119.9600,263.8617
47.6853,189.2180,1.7959,-23.8972,112.6782,-62.4448,134.9162,295.6348,184.0253,211.9306,42.7291,-78.0234,85.1136,-19.9607,99.3568,-23.2602,71.9213,-98.6227,294.4612
28.0115,252.2775,66.8871,-2.0409,109.6408,-16.7085,212.2424,314.6721,283.4792,326.7648,67.4559,-109.4142,78.8885,5.3522,102.2087,43.1990,80.6387,-73.5196,277.2114
24.2332,217.0797,77.2941,5.1403,46.3531,1.6379,202.7512,287.4223,371.9442,281.1438,46.5957,-163.4266,48.8553,-19.3955,88.0963,52.1668,76.3228,-47.3175,234.3754
34.8920,148.3742,30.3325,-14.7071,-4.9949,-36.1774,138.7354,222.4959,389.2811,155.3060,35.6857,-208.9605,17.4486,-94.4667,100.3049,32.4327,77.1523,-21.1103,189.1033
58.3925,116.7237,23.8966,-48.3927,-20.4904,-69.2528,87.4974,137.9967,286.7108,64.7702,60.0189,-202.8005,1.1907,-128.7985,134.0507,33.6274,76.1983,-11.9428,108.7805
73.7685,117.8840,47.7767,-82.4882,-54.5419,-38.7591,48.5357,80.9607,150.6558,21.9574,60.3157,-160.6948,-0.2856,-72.3043,140.1832,41.2597,48.8116,-22.7657,5.8249
49.8876,151.8081,23.7780,-87.5664,-110.1301,-11.4397,11.1373,41.0185,71.8305,-28.3572,31.6719,-141.0389,7.9675,-11.5543,115.0927,27.1954,34.7613,-43.4975,-65.6635
-7.2719,215.2682,-28.0626,-57.4718,-145.2427,-67.4230,-37.5599,-56.8593,-44.5559,-133.1416,20.3071,-154.9784,7.8276,-33.0305,64.0876,-10.3059,44.8540,-73.6513,-133.1076
-47.7423,252.2443,-61.1096,-42.5573,-161.7056,-151.5653,-112.3885,-167.5488,-210.8490,-215.6597,18.4698,-154.6195,-7.1291,-91.9076,-5.1604,-67.1437,5.3566,-97.6352,-221.9098
-34.5954,238.6508,-80.9178,-52.7152,-153.5271,-174.0753,-154.1203,-170.7571,-247.7915,-168.0556,18.4809,-106.8345,1.2698,-113.0565,-36.4609,-100.5529,-69.7503,-78.7031,-252.1290
10.3187,239.7109,-70.0084,-20.2420,-82.5155,-143.3955,-104.2574,-119.7766,-172.5397,-87.6145,52.4014,-29.3268,54.2610,-92.7852,-15.7795,-58.9172,-57.6078,-11.8137,-200.9765
54.1264,303.6693,-2.8453,75.6345,34.2874,-96.2598,-25.7630,-130.1419,-160.1679,-104.2088,105.4872,45.9291,106.1759,-33.7634,-8.5159,3.6966,60.5524,79.0258,-160.6032
121.4280,372.8478,92.6441,178.8379,144.8106,-12.1005,18.6038,-130.9863,-142.1326,-108.2504,133.5831,104.4472,121.9884,81.5231,-26.8382,7.2494,184.4739,193.8111,-134.5706
233.4421,358.3241,185.7046,253.1801,240.0307,124.3791,69.4824,-29.4128,-12.6282,-12.4011,144.1257,138.7931,129.0130,220.9838,-20.8609,1.0121,262.2593,317.5067,-42.7156
310.3986,274.5815,245.6054,282.9656,312.4966,244.8608,145.9511,97.7250,81.0316,49.1615,148.4010,143.6205,153.3656,315.0999,21.8577,45.7540,290.6760,371.8601,74.4572
258.1568,229.0719,211.1323,244.0107,329.8772,253.5849,207.0142,173.9349,85.0725,31.3212,126.0175,129.0466,181.3489,334.4137,99.8067,84.9111,249.8849,320.1100,120.4791
124.7170,253.5231,100.5990,162.0905,293.6349,163.6384,249.7806,223.9891,146.1621,46.1495,82.7297,108.0607,183.8983,304.5479,204.5299,81.9667,159.4066,246.6291,126.4783
35.5191,258.4724,36.7459,105.5484,227.3055,99.7387,285.2295,259.9603,215.4558,98.2434,33.6519,80.0732,133.7812,271.0614,264.7972,81.5435,85.4323,227.4854,164.2388
10.1597,201.1620,55.8060,96.7638,133.7391,125.1191,289.4801,285.3470,154.5528,140.0335,-30.7402,49.5992,37.3064,246.9619,237.0431,99.2183,50.7940,225.9998,209.7252
-18.6570,137.3716,69.2319,99.0238,27.8477,168.8547,259.2944,318.9991,87.6963,178.1817,-81.3204,18.6927,-48.3242,185.6298,188.3549,129.9903,26.6601,183.2936,213.0823
-48.2710,90.0498,42.5075,54.9292,-61.9200,150.0508,207.7786,297.7251,124.1163,142.9192,-65.9943,-41.5513,-82.4715,61.3448,176.6717,159.1014,-3.9081,83.4118,166.2128
-11.6759,47.7723,21.7753,-61.2343,-134.3226,48.2200,124.5644,135.4988,128.8675,-2.7370,-13.5629,-132.3524,-86.4477,-53.9405,183.8475,102.1334,-31.5391,-72.9510,67.4063
76.8564,39.2884,18.1004,-174.6623,-185.3490,-113.7632,26.8273,-101.0990,67.6716,-117.1485,12.0503,-178.2936,-87.1618,-92.2127,188.0147,-49.0063,-45.8236,-225.2727,-67.4984
115.5207,63.9931,11.6330,-179.3204,-185.4218,-245.5039,-42.6127,-261.6975,38.1440,-146.2456,19.9290,-144.4497,-84.2319,-97.8710,161.1412,-125.5640,-47.2733,-266.0182,-178.9071
72.5127,75.0253,5.6575,-105.0553,-138.0010,-267.4225,-95.9384,-310.7661,-37.1074,-200.5973,36.2375,-112.0130,-82.5430,-125.5658,73.2980,-67.7515,-41.3767,-207.9327,-225.0680
26.4007,81.7496,2.3610,-68.6365,-95.1567,-251.3720,-161.6526,-322.1266,-187.8817,-254.7623,32.3974,-123.8240,-92.7798,-133.9830,-16.6454,-45.8869,-33.0497,-179.1487,-229.9300
27.2604,111.5482,-3.2094,-80.4511,-89.0684,-290.4016,-197.8004,-341.4074,-174.6983,-223.6345,-0.6068,-100.5152,-108.3938,-86.9995,-21.8054,-123.6832,-22.0510,-198.3883,-233.3771
49.4115,137.9500,6.3807,-62.4580,-101.3692,-314.3798,-166.6744,-356.3618,25.5168,-217.9295,-14.9119,-16.8270,-117.5899,-47.5061,11.4170,-167.1158,10.2891,-175.5626,-252.6164
83.6774,167.9604,45.2080,3.3055,-112.7279,-266.6238,-143.3639,-373.8286,48.4915,-317.4341,7.2300,21.5971,-118.1025,-72.7217,-28.8002,-150.5286,82.2909,-121.7922,-299.4193
137.8791,238.2332,87.2897,65.4659,-135.5236,-249.9535,-216.7261,-418.9175,-193.1950,-387.7784,30.2361,-31.5303,-112.2647,-112.5654,-129.9600,-182.6501,152.8902,-115.8961,-351.2118
176.7467,294.9725,90.5068,73.5973,-164.2213,-290.8737,-315.6723,-431.3685,-332.5374,-354.2999,35.3317,-83.4414,-106.7503,-103.9080,-186.2139,-265.4405,146.8602,-129.6515,-317.8958
172.7529,268.0736,44.6296,19.4589,-149.6793,-262.1665,-291.4142,-307.1829,-218.0047,-294.8651,35.0768,-78.0616,-109.3798,-89.2592,-167.6078,-314.8012,73.4743,-91.7749,-149.6028
137.8148,191.8680,-6.6110,-40.7568,-93.7611,-154.8666,-164.2955,-96.5330,-96.5083,-235.4030,36.7356,-74.7600,-120.3370,-138.4577,-135.5388,-334.1193,25.6526,-14.3887,47.5203
65.8335,124.6146,0.0225,-31.7467,-77.6376,-86.3282,-91.5463,32.3578,-106.6823,-161.3695,38.6918,-102.5532,-135.9936,-212.2349,-127.1315,-389.2491,52.5059,74.9850,135.7637
-21.7935,93.7370,69.6189,59.2465,-99.1052,-37.9746,-95.5127,54.8488,-155.4526,-113.2221,37.9508,-98.4846,-147.7413,-226.7573,-127.2345,-474.7819,129.7166,187.6636,140.4390
-32.7987,127.0107,132.7372,177.4455,-40.7082,89.7293,-60.8015,89.4131,-184.0965,-96.1809,28.5054,-44.2851,-130.6561,-194.5300,-131.8339,-505.8524,208.8868,296.6581,174.7976
35.4166,184.5123,137.3097,242.2876,107.1952,247.3293,35.5166,163.9700,-161.0181,-57.6104,16.9469,-14.0900,-58.8618,-165.8646,-134.5563,-451.7267,223.4523,336.4483,242.8433
43.0550,171.8156,106.6814,200.2751,211.6042,317.0156,122.5527,203.0747,-29.4426,9.9587,16.1081,-27.0763,52.2061,-119.8769,-90.6476,-394.3972,137.6394,296.7941,262.8647
-56.8371,108.2974,67.1315,98.1348,226.0480,296.7763,163.6137,179.4438,124.6267,72.2941,7.0376,-1.2283,138.3173,-46.1595,-9.6295,-386.6286,19.0652,224.0742,214.3688
-136.6081,97.9772,2.2850,45.4702,211.5346,244.8682,131.4567,119.5465,128.1515,115.1093,-36.6458,86.7989,145.8034,-3.4993,10.8234,-378.3282,-34.2268,145.9748,142.0405
-113.6557,139.8790,-75.6745,59.5317,165.9902,169.9692,22.8373,34.5466,8.9440,131.8716,-92.8026,145.2015,79.4850,1.9115,-48.9709,-352.2786,-22.0050,56.2192,62.1288
-56.8749,154.5002,-125.4595,53.9876,50.2881,64.2295,-71.5832,-75.9087,-39.2567,104.7315,-131.0568,119.0264,-31.0252,33.8518,-89.2994,-338.1957,-24.3050,-50.6858,-48.4995
-66.2861,127.6785,-175.4298,-13.3248,-110.2542,-50.0156,-98.4983,-190.7936,37.5858,31.6076,-170.0862,61.0090,-164.4548,84.8766,-81.6529,-292.8491,-93.5344,-164.9762,-176.8627
-158.1408,98.9055,-277.6179,-103.2285,-275.9065,-145.1028,-136.0784,-256.3408,97.9588,-47.8623,-227.0750,26.7575,-278.1080,87.1958,-95.5680,-198.1679,-198.5121,-257.8750,-246.0397
-245.3041,82.6947,-375.4337,-173.3385,-410.9932,-198.9692,-204.9025,-223.8864,51.8710,-81.0034,-276.2113,8.7707,-317.0309,37.1531,-123.4960,-159.9967,-265.1889,-282.5088,-195.8257
-246.5387,55.6289,-391.7722,-208.4841,-448.7753,-179.0265,-202.4592,-101.0607,4.6652,-59.4896,-305.3146,-24.8881,-285.7448,-23.2910,-85.5727,-203.3315,-278.9609,-219.6070,-58.6677
-220.4153,-0.9620,-384.1505,-218.0216,-386.2651,-76.3202,-119.1766,70.1244,52.5409,-7.8135,-333.4215,-85.3219,-245.3015,-67.2211,21.2782,-198.0759,-293.0515,-118.7254,83.1543
-255.6459,-54.5256,-423.9212,-220.3089,-328.2762,56.1935,-69.0152,245.4615,76.7976,64.9808,-354.0226,-144.3003,-231.7950,-64.2225,122.3357,-108.8773,-310.5598,-30.4043,184.4139
-293.9900,-62.9359,-438.7133,-205.5597,-319.8419,169.2621,-78.1341,372.5835,-13.0042,144.8769,-337.1089,-162.7508,-227.2053,-10.3433,155.6100,-43.0683,-274.9800,70.0270,260.3514
-258.5165,-39.7142,-350.3606,-162.1467,-270.5143,278.9742,-53.0650,440.2168,-33.9815,194.5423,-279.2469,-145.2037,-193.5306,36.9416,114.6595,-36.8660,-193.7555,198.1164,351.0453
-209.5456,-6.8291,-231.3070,-126.4632,-122.3917,381.4052,49.6719,484.5055,103.4368,184.7200,-209.5969,-122.2438,-118.5891,38.4336,58.0826,-36.0040,-138.4957,280.0132,444.4205
-207.3131,27.9154,-190.4733,-126.3938,49.1011,403.6442,155.6192,474.6289,134.9852,103.3482,-165.3719,-97.8994,-37.2561,14.3129,55.0737,-27.3420,-131.9745,275.8662,454.2898
-222.1638,14.1299,-216.0186,-122.1609,162.2732,335.0221,180.7912,358.9105,-37.7532,-2.8148,-153.8857,-69.4068,22.7593,-16.5926,96.9300,-38.5436,-128.7221,266.5858,356.9817
-241.4676,-60.7786,-213.4835,-71.0130,236.4595,266.2187,139.3179,227.8690,-111.7092,-11.7336,-132.8548,-46.1151,82.5980,-32.8743,109.6179,-75.7640,-80.7280,306.6127,260.7254
-257.3876,-90.2355,-141.6115,10.0683,309.8100,228.0657,90.6706,172.2652,-2.6282,82.1213,-71.8757,-14.5468,138.7722,9.8347,51.9876,-112.0129,5.3605,328.2358,217.6323
-212.8561,-27.1076,-55.5028,72.0421,351.2183,159.0088,33.3746,92.6374,10.0675,86.0129,-8.6505,37.9700,142.7808,93.1083,-33.6551,-116.2897,67.2380,268.6415,134.5042
-117.1485,9.9873,-9.3374,79.8483,332.4535,49.3279,-51.0611,-78.2198,-92.6325,-60.5028,13.0350,76.4080,110.0674,124.1914,-76.4584,-96.3235,79.7566,166.1608,-11.1427
-66.4264,-52.4571,18.4976,48.6289,295.9843,-44.3611,-119.6290,-207.6955,-71.1346,-148.8340,6.0738,77.0797,108.8857,82.2128,-73.2122,-78.9000,99.0855,95.4102,-101.3788
-90.4788,-129.1902,40.7439,34.4811,267.9402,-95.3812,-138.1939,-223.2916,22.1676,-102.7351,-8.0686,68.6612,129.3008,52.5247,-76.3083,-76.4770,141.2447,75.6014,-104.5796
-135.4335,-135.6180,3.4946,49.6892,201.9736,-107.5647,-140.0918,-219.4071,-34.4937,-102.8689,-37.3523,49.0352,111.5000,72.4524,-85.6974,-116.5102,136.6505,50.7659,-113.3931
-156.1039,-96.2330,-102.2851,37.2407,74.3047,-84.8360,-155.9560,-222.1224,-202.1480,-170.7610,-80.9904,-29.1854,54.4925,74.9261,-65.1510,-185.6738,60.1320,-21.4408,-142.1163
-133.2104,-95.7735,-198.3909,-33.4305,-63.0162,-42.4418,-174.4767,-160.8522,-297.5846,-122.8410,-115.3961,-147.4886,-8.6011,21.5161,-40.7778,-170.7797,-46.2281,-80.9050,-126.0329
-91.7164,-172.5677,-230.5094,-123.8172,-142.6003,6.2585,-167.1120,-50.2729,-256.9465,2.1786,-122.3814,-224.5629,-53.2220,-35.7602,-41.9815,-52.1046,-160.7021,-63.8478,-82.2393
-95.6455,-253.7203,-204.1352,-194.6865,-130.7215,55.8661,-110.6010,19.0539,-160.4367,-24.3251,-107.4184,-247.3601,-59.6993,-66.3072,-28.1235,10.7267,-259.9117,-15.4134,-81.1515
-147.9959,-271.1884,-151.9506,-236.0798,-49.3665,98.0780,-22.0543,17.0718,-135.5735,-151.3308,-98.5182,-265.8966,-41.8446,-97.5285,23.1749,-19.4296,-299.4286,30.1337,-101.1891
-183.9128,-281.9055,-133.1318,-237.2326,44.6878,148.6789,70.4925,20.2588,-132.8092,-92.9351,-112.4729,-270.8605,-22.0251,-105.2235,87.9825,3.3125,-277.6632,116.8027,-45.9611
-181.8932,-330.4182,-159.3427,-194.2014,137.4609,219.2211,185.5207,113.2960,21.4700,137.0358,-125.3073,-227.2603,13.1044,-45.8473,149.5872,79.5487,-216.1326,202.4893,91.2199
-169.3744,-349.8766,-149.3903,-135.4475,232.8930,246.7910,296.4908,222.3100,178.5039,205.0404,-114.1334,-194.5208,40.8117,1.0498,156.2362,100.4096,-126.4069,178.7913,186.0203
-163.4552,-311.7352,-77.4637,-97.5481,263.7867,186.7873,296.0124,192.5181,45.9389,38.0480,-100.6780,-237.7311,7.4301,-46.1828,68.5979,113.5321,-61.0777,99.3693,170.1464
-173.9514,-265.1311,-24.5749,-82.1309,191.2453,127.2371,195.4480,71.0383,-141.4536,-73.2587,-103.8135,-278.3407,-37.3177,-80.3805,-10.9009,162.9325,-54.6236,98.9527,136.9866
-186.4796,-237.3036,-1.8931,-63.6173,116.7559,142.9789,142.6406,23.2889,2.0161,-36.6570,-93.6011,-227.4028,-12.3727,0.4187,7.4505,152.5382,-33.3692,140.8916,155.2340
-160.3414,-255.1876,53.1845,-36.2680,119.0327,160.2341,161.5139,15.7187,205.8241,-60.3574,-47.0180,-165.4225,26.4611,85.9048,17.1272,83.9017,48.2028,117.4151,154.8224
-103.3422,-313.6513,113.3876,-18.1393,127.0494,120.6706,148.1482,-51.1990,70.7060,-160.4124,0.7999,-185.1695,4.6499,85.1187,-75.8033,36.9416,105.9568,57.2246,102.1967
-63.0187,-320.3410,128.1299,-14.0310,73.4564,92.6260,84.8177,-94.8633,-166.1332,-182.0684,17.1703,-211.5294,-30.2869,80.5607,-190.4002,-33.3365,87.6071,27.6776,57.7330
-45.8165,-283.0445,141.8372,-18.6053,-6.6747,111.1683,19.2500,-71.1524,-187.5477,-193.7642,33.2942,-166.3418,-30.1872,93.5753,-245.2509,-123.6175,54.8396,13.8448,24.3201
-33.6313,-323.4560,179.3112,-30.4563,-45.8231,121.3300,-25.5805,-96.6715,-128.6828,-275.1495,78.7564,-116.4195,-6.3516,44.4386,-230.4368,-110.1833,59.1315,7.2726,-15.8908
-14.6192,-375.4624,191.4069,-29.9169,13.8128,119.6523,-26.8398,-159.1757,-146.8866,-268.8248,106.2393,-127.1418,40.2994,-32.6465,-178.7510,-37.8396,91.1263,37.2080,-1.6068
26.0248,-304.7125,170.2487,-3.0594,152.6750,148.3956,-9.4845,-129.6539,-240.5970,-188.7827,67.2889,-170.3998,76.4191,-62.6283,-224.8883,-55.5950,122.9825,77.2210,72.6907
59.2634,-251.4905,140.1725,12.0059,246.7928,180.2040,-16.4519,-54.8731,-413.3140,-279.7067,-0.7622,-214.9474,49.3312,-91.6694,-411.4403,-127.7461,129.3637,69.4583,123.0927
34.6501,-345.3444,89.5561,-10.0039,261.0797,182.7995,35.0020,-34.7258,-492.5543,-452.3738,-46.9172,-239.4464,9.8863,-147.4407,-500.8279,-185.2229,122.2089,48.3102,164.3045
-6.2039,-417.1980,34.5031,-20.3536,316.8693,213.1009,207.7385,4.8036,-288.3424,-395.4240,-70.3340,-216.0984,25.9782,-163.7072,-377.0690,-263.8766,135.1190,112.9911,265.8481
-4.5251,-404.8902,25.9880,8.1124,429.2499,299.4871,353.3795,115.1225,-45.5324,-193.7453,-73.0790,-187.2772,34.2331,-140.8922,-298.5348,-290.2380,151.8240,246.8503,364.5865
-14.6990,-488.7914,53.3407,20.5860,453.5098,342.7060,351.4146,181.7693,-58.9216,-119.1241,-69.6398,-236.1423,-40.0933,-153.7408,-390.2707,-147.2388,146.5620,294.5745,372.3906
-69.4247,-642.3117,65.7499,-18.3731,358.3995,261.4851,278.7273,137.1610,-180.0246,-124.1087,-104.8818,-346.7358,-153.9513,-221.3865,-449.1656,46.3344,139.8415,199.4128,318.9384
-98.0802,-677.4188,46.9690,-78.6797,244.9916,120.7886,182.2028,46.1363,-262.9056,-109.5165,-161.8619,-421.3482,-234.6318,-303.8502,-439.5977,77.5134,121.3671,97.0756,237.2624
-109.2852,-656.6497,-6.8965,-136.6844,139.6485,13.9202,45.5727,-44.6827,-393.0641,-191.3647,-181.7259,-419.6853,-268.3689,-350.3480,-509.6602,-72.8119,47.1012,64.6598,125.0855
-180.7662,-729.7014,-95.4000,-193.2125,14.3356,-61.4483,-55.4146,-137.7430,-461.2547,-348.7531,-200.8927,-397.1353,-302.0171,-354.1843,-570.1302,-236.9179,-57.0180,8.5452,33.6589
-260.5975,-830.8046,-181.1485,-238.4130,-119.9253,-132.5157,-95.2459,-212.5623,-346.3936,-362.9774,-271.1526,-421.1968,-393.0302,-387.3018,-487.4186,-217.8228,-125.5811,-93.0562,-12.2511
-271.8004,-859.4276,-225.8407,-252.5646,-256.5312,-182.8136,-179.0849,-244.1706,-297.1991,-237.4838,-331.1614,-468.8218,-512.2176,-462.7284,-439.1263,-10.3510,-139.7084,-123.3639,-75.6455
-294.7205,-852.6782,-239.5370,-230.1148,-374.3217,-209.9639,-312.3029,-241.8691,-445.7398,-175.0692,-349.8105,-452.9233,-579.8484,-471.8611,-602.1829,128.4334,-121.1502,-69.4035,-163.4756
-403.8350,-872.2631,-257.8531,-209.2104,-399.9844,-241.1915,-383.4714,-226.0703,-539.0680,-201.0722,-393.6078,-387.4991,-596.9765,-413.2885,-808.8760,30.1902,-132.0216,-48.3208,-210.0249
-516.7739,-924.0920,-303.4129,-249.1447,-318.9011,-275.5693,-362.4957,-211.9515,-501.9268,-235.5706,-453.7747,-392.1556,-584.2563,-422.5580,-805.4487,-162.6029,-225.8428,-96.9088,-232.6195
-547.4677,-968.0711,-374.8085,-334.0413,-218.1091,-291.9854,-300.3681,-224.0501,-514.5437,-344.2783,-461.9814,-481.9595,-507.5612,-485.4624,-619.1513,-299.7324,-335.5293,-153.9938,-291.6774
-521.7488,-971.3277,-441.0131,-379.6786,-150.5319,-279.4436,-254.7447,-263.3369,-577.6064,-542.5687,-426.8976,-549.5618,-403.9713,-477.8761,-503.6465,-368.9565,-364.3358,-171.7272,-337.5273
-509.7694,-970.3343,-453.1490,-366.5019,-83.1728,-216.0551,-247.8841,-251.7783,-621.0756,-607.6229,-371.1099,-555.7341,-366.6330,-440.6282,-575.0923,-319.1243,-353.2491,-128.0435,-284.0885
-560.9781,-992.9570,-407.3146,-342.8749,-7.0434,-95.2484,-208.9036,-122.8657,-667.8847,-421.0756,-328.9498,-528.0349,-383.0211,-472.3382,-649.3556,-162.7040,-370.0264,-51.9484,-169.0538
-666.2804,-1004.2736,-395.4600,-325.5404,4.6674,18.0599,-114.7097,21.7846,-627.3342,-214.3186,-410.9120,-461.0804,-418.1047,-538.1221,-573.9641,-78.7298,-390.6685,-35.8322,-112.2231
-756.4480,-1018.8054,-493.3947,-321.4346,-103.8214,46.2712,-109.3740,26.5499,-474.3639,-193.5552,-599.3019,-380.0644,-506.3414,-589.4608,-501.6759,-124.5266,-418.3184,-102.4784,-161.8252
-777.5486,-1057.8263,-592.0792,-345.7902,-261.7329,-1.3249,-229.2218,-55.7789,-454.7531,-239.1422,-687.6809,-340.1732,-607.9745,-612.0276,-585.2967,-166.5918,-482.4907,-156.5367,-252.6439
-737.1344,-1033.7408,-547.7551,-352.1393,-365.7209,-53.5750,-304.1519,-49.3637,-614.0906,-189.1441,-644.4624,-313.5352,-648.6174,-555.1682,-704.8215,-139.5933,-529.7565,-151.2959,-309.2574
-689.4461,-940.0889,-484.3297,-300.0985,-451.8239,-71.7616,-318.8597,47.2619,-674.0538,-89.6655,-661.7104,-261.7278,-694.3642,-441.7288,-723.9164,-50.1134,-535.4213,-156.9345,-341.5445
-707.8131,-934.3440,-606.6712,-263.8817,-599.9097,-84.4186,-411.7088,92.5177,-624.1092,-41.0833,-772.0109,-231.2295,-802.3988,-380.4761,-689.1647,72.9433,-564.3422,-221.3707,-393.1514
-800.3503,-1030.1580,-780.5364,-310.1013,-731.3699,-140.5705,-523.2349,41.6470,-679.5173,-70.0667,-829.6976,-230.7451,-874.8032,-391.5555,-683.6939,84.5661,-605.5789,-297.3880,-442.7740
-874.3401,-1067.4359,-729.3365,-375.6853,-719.6868,-226.0011,-531.6624,-39.6963,-752.3523,-156.7336,-778.1430,-207.8309,-847.7385,-443.5601,-735.5793,-59.4536,-593.7000,-313.6814,-446.6805
-878.4865,-1029.1744,-512.8606,-380.1953,-598.3348,-258.2336,-521.5316,-104.1191,-721.8740,-233.2352,-664.2870,-194.2710,-779.0771,-532.0557,-814.6973,-128.3082,-566.9993,-243.6889,-441.5208
-870.8168,-1001.8389,-380.9305,-323.8274,-479.1943,-204.8517,-574.1373,-152.7621,-794.4225,-248.5802,-577.9650,-236.3686,-723.5433,-565.3954,-839.2910,-26.0800,-575.3356,-129.7844,-490.1140
-875.5396,-962.6600,-360.3636,-249.4575,-406.2790,-136.5978,-621.9869,-194.8725,-1008.3630,-237.3795,-596.7335,-258.5558,-705.3071,-467.9019,-816.2364,26.6196,-577.8104,-51.5903,-549.4544
-854.4335,-897.7443,-331.6611,-204.5667,-382.6171,-109.9108,-620.6880,-209.7913,-1041.7233,-214.0709,-637.1216,-213.8129,-705.9832,-373.6686,-842.2166,-40.4998,-546.6346,-38.6661,-519.6297
-821.1093,-875.4195,-262.3771,-188.5503,-395.2779,-92.7728,-572.0903,-169.9243,-832.7734,-148.5678,-564.4113,-192.8342,-652.0794,-379.8994,-870.2812,-40.9833,-489.1617,-51.3723,-416.4376
-798.7040,-885.7928,-161.6663,-145.0960,-404.4084,-55.5925,-481.3665,-117.9893,-687.9279,-106.1653,-436.3968,-245.2324,-548.6373,-357.9930,-781.7897,48.3295,-415.8985,-62.0025,-360.8837
-759.1301,-872.4203,-48.2603,-92.2334,-393.8866,-30.7861,-416.2697,-127.1081,-731.5170,-177.7535,-353.9240,-308.1862,-480.7079,-266.2781,-659.9506,64.1643,-401.5020,-83.0239,-380.8526
-717.3425,-868.4952,-10.9823,-123.8952,-382.2418,-39.3348,-408.2877,-168.7132,-816.0215,-292.7744,-295.6883,-337.5658,-436.3185,-236.2701,-626.4127,-17.8646,-490.6378,-115.9891,-363.6389
-708.4305,-904.6801,-95.5196,-216.5844,-377.9064,-49.2179,-377.6460,-156.6056,-804.3051,-312.1495,-266.1085,-316.2040,-358.9305,-262.9629,-604.0983,-61.2355,-562.7899,-147.3152,-248.1314
-669.0894,-917.7434,-179.8624,-253.7388,-376.1451,-41.9033,-303.7946,-104.1151,-645.7864,-226.5545,-252.4601,-219.7414,-277.6986,-242.8990,-550.3054,16.1503,-518.9913,-177.2631,-129.0717
-548.7808,-854.7214,-120.7044,-232.9263,-360.5721,-45.7805,-253.3304,-96.6623,-453.6809,-152.0346,-148.7843,-103.7519,-213.2479,-206.7156,-598.6809,126.7675,-439.6929,-198.7324,-108.5009
-426.8346,-753.9160,43.9267,-216.0159,-310.1935,-69.8056,-227.0664,-144.6284,-449.5796,-185.7054,-4.8044,-58.6950,-145.3852,-200.9804,-764.3117,130.6851,-382.5828,-187.6683,-144.6856
-349.3339,-686.2157,167.5183,-182.1459,-232.6820,-74.3771,-176.7268,-176.4180,-553.2033,-270.8942,56.3112,-45.3004,-77.7899,-192.1678,-846.0998,60.9198,-285.0988,-149.0755,-124.6875
-255.3556,-668.1655,211.1720,-123.8869,-145.4251,-54.5154,-88.7276,-168.6662,-442.4495,-268.8818,135.8572,18.4068,-1.2453,-196.6658,-744.3805,44.8303,-151.9201,-127.8461,-49.1360
-151.3901,-664.2161,234.6447,-118.0942,-68.4656,-74.5874,-17.0821,-200.6141,-201.5452,-196.8197,240.1225,85.9084,43.0737,-226.2369,-626.5907,42.6618,-79.3619,-158.2709,-42.5054
-106.5111,-660.3235,230.8807,-184.5470,-54.7718,-156.1224,-77.8602,-317.2090,-213.2241,-176.7282,177.1763,115.0095,-27.5693,-201.3027,-664.3115,-12.1772,-92.0575,-219.7535,-138.6935
-80.7571,-666.9730,184.3911,-238.4378,-79.2509,-216.2294,-231.8333,-418.1413,-396.4736,-190.2486,170.4766,190.1027,-40.2529,-112.4102,-739.5126,-14.8246,-111.3748,-239.4048,-195.9841
8.0414,-679.5790,205.9825,-211.4113,15.7293,-192.2916,-215.3483,-422.5329,-385.3058,-192.8127,594.3210,318.6517,268.1820,-51.1309,-626.0392,35.5151,-43.1808,-174.5441,-133.5205
126.1431,-708.0087,349.6366,-118.1267,245.9350,-145.8721,4.5086,-425.2286,-251.9381,-256.2010,1074.1714,364.5927,668.1294,-45.0286,-408.8256,-37.4455,118.2405,-100.3141,-71.4452
198.9373,-745.3397,458.2234,-34.3958,393.1150,-169.2785,115.2867,-507.5761,-235.7550,-331.0918,1048.6296,312.4440,737.9951,-80.7640,-339.7187,-190.3727,247.0154,-114.6130,-100.7508
221.0495,-719.8564,409.6273,-36.5901,366.5363,-254.1042,39.8839,-578.3728,-214.7852,-283.8725,704.7834,282.4330,558.5331,-174.6380,-353.0638,-216.3890,227.7770,-180.3708,-145.1278
199.5461,-651.1922,241.0963,-131.4845,269.3087,-323.1506,-21.6286,-573.9194,-130.3701,-254.5455,303.1389,254.1308,319.2046,-297.0982,-275.7253,-165.1696,98.5049,-226.5929,-168.8660
121.3202,-677.5548,-37.8145,-267.1769,86.6290,-354.9400,-115.1193,-581.2616,-263.6479,-431.9372,-316.9964,120.7058,-143.2178,-410.1289,-301.5225,-210.8430,-41.0362,-301.6534,-246.4842
16.8479,-765.2251,-370.4629,-381.8481,-199.0789,-392.6820,-335.9464,-644.5587,-602.9077,-625.8987,-899.1232,-63.9713,-742.8212,-538.4029,-588.4921,-334.0418,-132.3812,-412.0331,-351.8160
-52.9892,-753.1216,-520.5278,-403.3304,-359.4039,-426.4788,-441.4917,-670.4953,-710.0982,-578.7637,-889.4396,-213.2207,-1009.9385,-636.8805,-771.5299,-432.8233,-131.1646,-414.4035,-356.1975
-84.7895,-714.0040,-415.4838,-314.3119,-260.8026,-380.5729,-310.2885,-585.8568,-480.7324,-373.4925,-536.7835,-384.7216,-903.1957,-594.5231,-555.5612,-445.8297,-66.4263,-283.8301,-266.8483
-135.7647,-785.1758,-320.9890,-237.1165,-127.2827,-269.1388,-221.8809,-459.3625,-301.9542,-225.9341,-487.8982,-582.9329,-802.9379,-478.0911,-289.5311,-366.3550,-79.8938,-202.5355,-237.5155
-223.5397,-822.8513,-391.9518,-283.4579,-147.1235,-221.9842,-325.5579,-429.5254,-394.5324,-237.2805,-678.1779,-667.0705,-810.9768,-474.4671,-369.5429,-332.1085,-222.1499,-241.2898,-338.1661
-270.6894,-687.2644,-473.3538,-361.5203,-225.4542,-277.4632,-462.7794,-511.2099,-590.8325,-369.6365,-694.4131,-600.9321,-820.1096,-557.7973,-610.6682,-425.5671,-349.2916,-279.9438,-471.7546
-207.6531,-497.4642,-447.2832,-328.2983,-252.0215,-315.6253,-533.7975,-555.8060,-695.4576,-434.3308,-544.3475,-497.0736,-820.6080,-526.6906,-655.3282,-442.7316,-351.6504,-266.6583,-522.8820
-97.5153,-345.4675,-356.8111,-226.2938,-242.5877,-271.7147,-540.6436,-507.5928,-664.9779,-323.4706,-421.9155,-397.6086,-748.8813,-358.5083,-534.7888,-280.0132,-286.9798,-256.0993,-494.1747
-55.7881,-226.6702,-254.3387,-174.1135,-232.4873,-232.9796,-481.9779,-504.1620,-540.1183,-221.1155,-356.3288,-277.7281,-577.1839,-242.2562,-490.1461,-196.1160,-227.7379,-268.5278,-462.6368
-77.1625,-211.9090,-187.9738,-158.1928,-241.5343,-258.3375,-420.8509,-578.9136,-411.4919,-266.4163,-303.0052,-181.9749,-473.8362,-258.7507,-545.0452,-309.4379,-176.6274,-288.0108,-454.8077
-70.3879,-283.5486,-160.6705,-102.9850,-256.3786,-279.7532,-388.4333,-580.3548,-369.7355,-311.0168,-213.0082,-159.5625,-467.0481,-273.3894,-531.3431,-401.1980,-137.6609,-275.0286,-439.3051
-24.1226,-294.7362,-84.4214,-24.5957,-227.7599,-243.2279,-314.4589,-484.3317,-407.9004,-263.7671,-83.9893,-176.3176,-386.9517,-201.4467,-410.0933,-391.7788,-115.7585,-190.5497,-402.5119
-5.7877,-258.8995,43.5743,14.1969,-161.7070,-199.3565,-220.1320,-413.6187,-417.4610,-224.8251,11.8086,-180.5523,-265.4861,-153.4554,-316.3767,-390.3741,-85.1075,-109.7524,-345.5226
-46.5772,-272.5065,108.2202,5.9524,-115.0450,-195.4511,-204.4353,-373.1834,-339.2569,-210.8501,57.9359,-156.2664,-243.7409,-205.1537,-309.3346,-363.1211,-58.2834,-135.4417,-267.3020
-122.6744,-285.6745,97.2022,-30.9454,-98.3601,-193.0471,-245.0038,-304.1717,-271.5808,-167.6589,83.0799,-102.2457,-257.3391,-250.1823,-316.8705,-262.4977,-100.6517,-196.2391,-206.5430
-190.9804,-284.3613,77.6529,-95.2627,-96.5316,-155.1207,-274.1383,-245.9907,-289.7460,-126.4182,62.2082,-24.6339,-231.1034,-210.0747,-305.7397,-199.4577,-199.1587,-186.2939,-208.7259
-213.1394,-334.6656,40.1559,-147.7182,-113.2017,-118.7513,-298.9732,-225.2079,-262.1333,-99.2371,30.3392,57.3973,-220.7282,-156.7366,-285.0634,-218.1329,-235.0843,-165.7767,-245.6356
-199.5478,-346.2468,-2.5250,-116.8814,-141.6181,-110.6185,-323.9979,-196.8924,-97.7190,-48.5711,71.4861,117.3104,-217.1914,-138.2223,-225.2547,-248.5679,-168.6475,-195.2828,-260.1873
-196.5522,-239.7536,8.9088,-36.1716,-176.0071,-91.0644,-335.5939,-154.2736,33.0806,3.9319,126.4021,140.4880,-189.4215,-111.2500,-140.7872,-283.1612,-120.7782,-221.8042,-246.2695
-197.8093,-167.9758,22.8315,-42.8198,-218.1273,-56.4407,-329.0882,-124.7592,31.1609,28.3218,117.4654,140.1373,-192.8416,-64.0266,-97.1962,-308.1183,-179.4359,-239.1727,-226.6161
-149.1125,-204.1238,-24.9195,-156.5507,-244.3865,-75.3319,-285.6095,-130.3566,59.3486,34.2651,116.0765,132.0391,-210.1999,-28.6748,-70.1776,-239.8065,-258.0399,-283.4197,-228.8493
-52.7381,-188.7545,-54.6328,-221.1024,-248.2518,-149.7534,-240.8423,-196.6089,138.1911,15.5345,141.4639,123.3792,-172.9251,-14.5218,1.3715,-96.7752,-238.4042,-300.8230,-278.4417
21.8700,-66.9813,-7.1313,-141.2544,-247.8550,-173.7045,-257.6587,-274.0437,77.3749,-15.9594,112.1911,146.7194,-132.6679,-1.9275,72.2244,-15.1337,-132.3558,-231.4301,-337.0645
26.4936,34.6603,54.0060,-2.4657,-208.0920,-95.8717,-257.1257,-257.4558,-60.6471,-22.2997,66.6021,218.7883,-123.4201,54.5837,88.1129,-42.1772,-30.2389,-115.1367,-322.7344
-15.0634,61.5184,93.4324,92.9248,-111.5811,-5.8739,-144.7246,-172.4517,-42.7891,-12.7229,86.3219,282.2961,-62.1983,160.8080,96.7804,-68.0069,23.8715,-42.2503,-237.9887
-29.4037,66.8728,129.6583,140.2587,-52.0739,-3.1683,-26.1850,-131.5463,69.8295,4.5745,129.0866,302.5414,47.2826,213.0170,144.8337,19.7936,56.6547,-72.7813,-161.6835
15.0973,96.3464,152.7417,162.7810,-80.1009,-61.7916,-2.9755,-119.0529,116.7448,57.2505,158.5597,324.4272,103.4833,159.4034,214.3187,162.6414,92.1570,-145.2452,-118.5310
46.5532,145.6133,156.5619,156.6773,-111.1006,-84.4687,0.3051,-62.2376,175.1465,120.5097,192.6140,343.4524,100.8279,134.0802,292.8896,200.9357,96.8776,-128.0944,-77.6145
12.0848,161.5484,149.0976,113.6470,-98.5805,-54.0767,18.1783,-6.3445,270.3470,151.8260,192.3201,307.2190,88.0367,211.5537,382.8601,137.5791,44.8400,-58.0453,-36.9408
2.8649,127.4126,127.5140,45.9201,-85.8696,-39.7182,-1.9959,-15.0537,269.9106,178.3323,141.3000,263.7775,61.4820,256.8644,464.1813,124.3927,-6.2664,-74.5886,-11.4748
101.0896,108.9326,122.0881,-4.9194,-76.1504,-50.1131,-16.2741,-37.1915,272.1329,227.2552,112.4105,280.7370,35.2872,217.8481,512.6190,186.6189,2.3929,-108.2401,12.3690
208.8088,124.2794,156.3641,-8.3877,-43.2714,-22.4768,29.1810,-4.0298,472.3599,284.2916,131.7299,301.8647,51.0538,223.2421,521.1301,251.1145,29.1506,-48.3831,47.2859
209.6277,117.1993,175.2951,-3.3190,-1.7337,26.4145,71.1073,46.0478,691.0278,330.7498,153.2148,279.3021,100.5391,278.7746,509.5208,331.8844,7.9620,-60.3051,67.8419
158.5357,98.0140,142.5111,-46.1362,27.0006,16.3565,72.3768,26.9423,658.6037,330.7661,151.6911,268.4573,150.1216,259.2521,520.2582,401.8384,-56.0068,-268.9156,40.3978
147.5864,122.1538,93.4771,-114.3824,23.3678,-41.8958,71.1730,-49.4114,509.2317,286.1700,123.5942,286.0632,176.9949,189.3995,551.0377,344.5167,-123.3388,-457.8358,-23.1213
152.8947,177.1158,44.7187,-147.2229,-22.2630,-87.4581,62.8228,-89.9701,483.6014,268.8890,92.3875,286.3008,160.3959,170.7234,532.0150,214.2211,-158.4792,-451.0521,-73.6927
141.9111,219.0868,18.0782,-137.2281,-56.5613,-127.7941,27.5211,-92.8754,526.3670,269.1476,101.4033,269.7519,119.6303,170.9880,443.5991,186.6277,-134.3444,-368.4621,-92.2712
157.0353,229.5327,66.4533,-105.9523,-30.9917,-173.2718,-1.3106,-132.5971,512.7505,214.6687,128.1839,251.9484,110.9310,147.9794,379.3812,249.5551,-70.3783,-332.3989,-101.3048
206.5743,230.0481,143.2789,-56.8429,8.5147,-186.8384,2.0562,-174.1300,481.9864,169.6087,127.8997,220.5166,139.3347,145.7425,407.6830,290.2511,-11.9191,-313.5699,-106.3508
233.5658,286.4849,153.1148,3.3056,17.3497,-165.7929,16.0674,-134.4130,482.0983,208.3638,130.7861,193.1439,158.9583,152.8329,456.7707,309.6602,47.1466,-257.3258,-86.9176
236.8021,394.0549,147.7136,67.4597,32.6948,-125.4838,17.4190,-54.2673,478.1275,250.1790,156.3908,208.9066,167.6334,140.2517,437.3976,318.0213,135.8324,-159.9933,-35.9377
263.6736,435.4532,207.3977,142.2032,82.1581,-46.6147,27.3648,13.2895,452.0789,276.2659,171.4450,279.6941,206.8932,185.5536,395.5713,298.9706,222.4680,-135.6592,28.5674
284.1176,393.9099,249.3214,200.6609,121.5373,35.2881,83.2445,94.0119,442.9997,361.2847,185.3008,383.3738,267.2233,296.9514,410.8068,319.7825,245.6526,-327.5709,65.7037
253.5276,395.3257,194.9443,192.3832,90.0152,30.3442,140.2345,142.9170,483.8557,417.4339,203.5756,445.9459,279.7708,317.4687,427.5222,400.7292,201.4840,-613.0860,44.6493
237.9808,446.8720,121.6678,139.7499,-4.3036,-43.6719,115.9929,93.6122,527.9590,348.4886,189.0635,410.2377,230.7526,209.3264,370.9529,421.1496,152.8789,-694.2645,14.7118
267.7538,425.1110,114.4366,122.7882,-47.8380,-75.7136,80.0202,44.8504,521.0323,294.5399,198.9095,345.9282,208.6843,136.0957,337.5353,344.0903,167.4767,-541.3749,68.6955
230.8669,330.1448,171.7181,160.0367,51.0634,-32.9778,171.6160,96.3691,551.1544,347.1028,303.2812,331.2935,272.4005,155.6933,433.5124,278.2466,253.8788,-372.7501,198.2706
141.7359,286.0607,254.6120,206.7506,203.8479,29.3473,320.7146,151.7075,674.3069,365.8853,371.2569,318.1323,349.7960,172.0274,537.2861,259.1018,360.8745,-287.7289,287.7133
214.2664,338.7845,303.5266,238.2959,261.5720,60.2540,340.8122,110.5559,665.9308,276.6860,281.6683,283.3242,353.9254,177.1075,489.4525,236.5443,426.6149,-252.3474,265.5411
440.3006,408.8817,297.1192,245.8539,219.8077,33.9867,225.7464,24.1539,393.1439,167.8686,185.8799,287.8352,310.0309,203.0022,375.1335,221.7421,405.1524,-253.6232,169.5014
531.1606,414.7623,288.1989,204.4631,152.6467,-38.8677,104.1766,-47.0773,197.4382,89.7189,233.4965,296.3393,289.1552,161.6234,357.9960,238.1768,296.8171,-271.0525,78.4784
436.0844,396.5336,279.7736,109.6240,89.7265,-117.4588,49.4473,-113.1741,342.7372,34.0695,308.9787,238.6946,298.6182,25.4482,409.7674,237.7947,175.7610,-277.6066,30.0511
381.3797,439.5683,206.0476,11.1459,45.3004,-180.4189,57.1276,-182.8065,524.0729,9.4412,271.0797,188.9207,284.8799,-42.3356,429.6148,189.1409,110.2093,-280.1674,-8.4804
384.6193,484.4500,95.2346,-11.1669,14.1915,-209.4025,58.9628,-230.8043,459.5624,30.7456,160.0677,207.7503,207.0039,47.6265,433.9337,148.0422,92.4040,-259.4392,-67.9851
312.6025,434.4737,43.3757,75.5988,-35.1077,-176.5615,-6.6877,-226.2688,341.8339,89.5914,68.3817,221.9960,104.3100,160.9985,447.3426,170.2309,123.1347,-195.6579,-103.3702
263.2064,383.5273,53.9482,185.5132,-71.6686,-131.6858,-73.0747,-198.1411,348.1687,113.4324,46.5344,213.4390,66.2866,175.1623,417.3331,210.8051,226.7985,-154.5938,-73.0587
356.4576,424.8962,90.9484,192.1312,-40.6675,-167.1929,-48.0932,-226.7773,401.1736,47.6379,114.7769,230.5685,106.7386,130.4247,361.6855,184.8431,324.9982,-190.9354,-21.0798
441.0225,438.3699,159.1029,100.7599,11.9467,-244.1805,16.0496,-296.8508,469.9793,-7.2221,212.5443,238.7322,149.7947,107.0529,369.3953,107.7875,306.4332,-238.4427,7.3445
391.6666,365.6974,216.3550,24.9235,23.8914,-236.4823,34.6602,-300.9560,515.7687,30.7417,235.5132,227.3616,165.2707,132.8696,398.0835,65.0934,217.8466,-202.9110,23.7028
316.0060,354.5515,198.4138,9.3344,31.8859,-137.2606,25.5712,-233.1536,417.5792,58.9378,191.4310,266.3854,189.5518,199.4335,334.7668,75.0050,165.8493,-82.6194,38.6978
281.0990,442.9286,150.5496,19.3051,80.5180,-38.5097,31.9776,-163.4447,285.8967,55.3423,185.9750,310.4390,219.9306,266.8681,246.1583,123.1791,143.9124,39.1706,70.0629
234.3808,492.2165,150.3067,36.2427,155.5047,21.7014,71.7722,-89.1975,329.0724,138.6829,242.1666,247.9400,237.1152,286.1928,271.3678,223.0890,134.8156,93.2315,148.6807
205.8556,463.5410,171.2950,47.5843,234.7191,54.7312,143.5638,-20.7787,425.3730,231.4934,279.1683,135.4229,282.0782,253.5904,351.7044,300.2248,178.6780,112.5388,228.0580
260.2321,449.3362,165.0907,51.8450,290.3815,71.9931,200.5327,-12.9662,408.7104,184.8365,265.0806,100.5741,368.7631,223.9707,370.8613,236.0799,241.5624,167.7569,231.8446
343.5165,511.8181,144.7416,94.8227,288.7238,99.4037,217.7932,-9.2145,412.9804,124.6177,242.8622,148.2207,404.3973,256.4081,383.4274,116.6719,237.5967,238.3372,194.7245
370.8337,621.6142,108.2462,170.5618,227.6803,136.6378,231.5654,61.7340,486.8545,167.9799,219.9648,221.8401,320.2116,319.7223,438.0472,127.0001,179.4622,254.1087,176.4118
336.8782,669.7692,38.0849,183.7298,127.3105,123.3965,225.6705,99.8459,462.2104,165.6030,176.0833,262.0290,186.4111,291.5984,445.1694,212.1443,135.2746,204.9549,139.7691
272.8102,598.7450,-14.7309,118.7537,29.6450,28.1916,154.6319,17.8737,368.7191,55.8065,138.6288,203.2421,100.2179,141.7086,395.8996,197.1187,113.9362,139.1364,66.1042
204.9700,506.6146,-3.8630,64.4866,-9.0193,-89.3979,75.2891,-90.3985,352.2522,-16.5696,131.3055,82.2131,65.0750,30.2518,393.4077,121.2262,90.7545,142.5396,10.3629
158.9944,468.4485,9.2118,45.2701,-9.9957,-149.1554,51.1015,-129.8940,345.5382,-8.9086,128.9340,24.4823,55.2174,81.6489,429.5264,118.8584,61.7068,274.4282,-22.4338
154.7481,439.9508,-28.4091,36.0252,-44.4093,-132.8179,48.9837,-114.7129,290.3969,-0.5709,129.0219,51.3529,81.2980,189.0108,436.1392,157.2271,48.8442,430.9622,-56.3518
195.7926,450.9654,-44.4662,55.2084,-77.9270,-92.1152,52.3432,-89.9733,278.2475,-40.9527,149.4012,83.5457,129.1156,202.0129,447.4932,147.3022,72.7901,442.0562,-58.1336
241.8263,556.8544,15.9613,78.0478,-44.7192,-85.5456,66.9302,-98.9596,273.3235,-139.4706,156.8950,96.2528,147.8223,152.9980,478.8359,116.4231,95.6819,346.3252,-32.1961
229.5695,627.9016,65.7719,47.6835,-10.1714,-97.8411,43.8229,-126.6989,189.3349,-208.7470,125.1589,106.0171,134.0707,149.9650,466.1084,118.8024,64.8755,318.5086,-44.1188
179.1389,558.4819,29.5163,25.5014,-33.7375,-72.9962,-5.6553,-97.0668,143.7608,-135.8812,94.8091,108.7895,125.4777,191.1878,428.7183,130.1736,30.5703,370.7810,-81.2611
182.9573,472.9817,-24.2349,92.0438,-36.9151,-23.9366,0.4716,-38.2182,216.7789,3.8487,94.7677,112.4269,129.8293,209.8258,429.2325,106.4861,74.4100,400.5944,-83.1155
238.6469,459.0127,-8.7837,184.4585,35.2644,7.7014,32.8556,-35.1270,261.8997,86.7090,118.8775,124.8525,156.7169,210.4368,423.0358,76.9230,158.5594,421.4876,-62.0415
243.3070,450.9207,61.8264,240.3290,138.6988,66.9285,24.3667,-3.1430,201.8774,152.0121,173.8581,134.4303,241.5382,263.8786,375.3110,126.2400,207.8391,502.1324,-35.5168
180.0137,459.6264,131.7556,296.0889,242.5737,193.9896,38.4930,148.1980,154.8585,210.5898,229.4063,163.7982,356.0003,384.3564,355.6645,247.6689,235.6191,583.3882,24.4284
132.8449,526.9141,161.1783,322.1555,320.9995,286.4927,120.4437,268.7466,206.7098,183.9531,208.6617,236.1022,406.3842,480.5898,380.8273,289.1863,257.3802,534.5703,96.8034
109.0981,544.0285,124.1364,228.8619,323.7565,237.0283,191.3189,228.1639,322.0327,127.3060,110.5286,283.2241,371.3120,467.8197,382.6926,182.0197,225.3504,351.5537,127.7013
28.2626,429.2459,36.3215,60.1302,267.8675,112.6513,213.7121,138.4709,412.1627,132.3232,23.6523,227.6620,329.8646,376.9751,355.8707,98.4485,122.0543,181.4351,118.5271
-108.6324,289.9388,-46.5355,-60.2960,215.2339,33.2808,209.6436,100.1755,392.7863,150.0584,1.0147,118.4185,335.9273,295.6777,342.0365,178.5601,-8.4167,115.8203,81.9006
-204.9450,229.9859,-93.5789,-114.4503,161.7518,-6.4183,151.6681,80.4560,294.1405,162.8992,18.4787,61.4639,352.8874,256.7491,338.9804,280.8336,-120.0889,71.5336,22.3283
-224.3192,206.4068,-114.4780,-159.0765,76.5516,-61.4087,49.0156,84.9442,266.1326,232.0202,30.1960,67.2035,321.7049,240.5681,337.9530,242.6851,-185.0605,-30.5021,-6.4983
-216.4382,153.3784,-122.4413,-206.2783,-26.8333,-111.7732,-16.7904,137.0165,353.6562,331.0360,23.1331,58.5885,248.2608,231.6612,327.7103,159.8329,-202.9633,-117.7635,23.6512
-196.9835,96.7958,-120.1664,-223.3591,-112.3995,-115.7546,-43.9232,187.4098,389.0899,393.3023,34.9941,-1.8904,195.8777,223.9840,262.6689,163.9171,-199.4974,-119.0564,47.6266
-143.1012,92.1344,-100.4012,-197.4504,-143.4210,-90.0326,-91.4076,213.3038,242.0196,381.6780,83.3007,-59.8494,186.5833,201.4448,160.6753,180.9096,-182.0400,-94.3481,38.5764
-89.6491,124.8813,-63.8330,-164.4736,-123.7947,-72.7919,-126.5192,242.2448,71.8727,280.2294,112.9659,-53.6148,171.1378,158.7256,130.7413,131.3013,-144.6332,-111.4020,66.6594
-91.6672,156.7106,-40.4640,-153.8184,-114.0816,-59.1727,-78.7860,279.2068,128.8024,221.4052,98.2416,-5.0576,134.0026,141.2874,189.4668,103.2973,-112.4863,-139.1696,154.3774
-125.2438,205.7189,-50.1711,-137.1449,-113.7431,-18.4058,26.1830,334.2410,332.9662,358.0258,92.7365,17.4665,135.0362,197.9438,215.5774,153.8133,-110.8032,-119.8954,230.5442
-138.2288,259.0255,-66.4953,-99.5072,-34.7048,37.4746,111.7984,403.4916,384.1597,521.1006,113.6338,-2.3095,207.7126,273.6883,174.1444,193.5962,-115.6137,-57.3046,249.7784
-135.2964,245.0583,-62.8943,-74.9449,128.1992,65.4015,170.2220,428.2497,308.4137,483.7178,127.1418,-18.0721,311.0693,265.2997,182.0463,170.2307,-83.8023,6.7033,249.5063
-129.3326,213.2346,-33.2624,-46.4396,279.0898,88.1997,263.7486,421.0218,394.5120,404.1164,144.4427,5.0086,393.7538,201.7915,274.0307,135.9007,-5.0641,71.5236,295.9618
-88.1596,287.5361,39.0961,31.3421,378.1779,167.7626,405.7456,472.6582,586.7072,477.5047,184.8201,43.6694,433.9528,199.5416,324.8238,121.2255,83.0062,155.7413,392.0217
3.6250,393.8542,137.7545,102.2562,429.2102,256.7690,502.3387,542.4762,578.6898,553.8950,216.9012,51.0009,433.5604,253.9003,285.9451,126.2142,128.9871,202.5803,441.8870
91.0533,374.2728,189.5527,100.0800,406.6893,248.5465,486.5511,508.7204,432.2556,505.8133,221.4817,22.5357,408.9706,278.1828,281.2359,168.9588,135.6417,155.5301,384.6332
110.8380,290.3475,174.5559,78.5247,333.5557,175.8502,426.1339,406.6828,432.7789,451.1749,203.3989,-2.5574,365.8781,270.3498,375.9686,223.0148,143.6028,89.8304,299.0674
75.4636,272.1784,149.6360,74.3884,271.7615,148.4111,388.5484,330.0233,529.6562,436.6707,153.8824,-4.6324,295.4243,256.1352,460.1496,220.8605,138.8398,81.3660,245.1550
43.7387,280.5924,129.2772,34.2095,209.8903,147.5614,338.1030,244.0716,507.7791,372.1137,102.6594,-0.5706,218.2560,216.5332,456.6248,163.8811,86.0095,77.7275,164.5714
22.2321,259.8667,95.0981,-30.7715,128.7408,92.5043,267.2941,127.7997,414.4616,252.6989,109.2103,-6.8795,188.5287,173.4298,443.3533,118.0488,22.5256,52.7945,61.4856
-23.6786,244.4734,78.9526,-65.8992,77.2262,-8.0711,239.9786,68.2232,395.2769,166.9538,152.5889,-31.7419,221.6057,149.7799,476.4034,125.7705,-17.5583,47.0050,26.4793
-70.0236,235.6619,84.6725,-116.7695,51.3973,-117.4641,246.0841,83.2083,419.7234,180.4132,157.3758,-69.1761,251.9665,79.7103,478.0795,175.3008,-83.9950,17.5941,29.5278
-62.1721,221.3220,46.7403,-209.3598,-15.8509,-215.3654,216.9366,89.8272,390.8207,257.1985,111.5993,-78.9244,212.0926,-31.3319,392.1987,195.2964,-185.4999,-60.7194,-12.3287
-20.1999,237.7990,-24.7051,-240.2384,-84.5378,-242.0939,180.7794,66.0322,311.4548,275.7913,65.0016,-39.4797,147.4348,-36.4447,302.2232,130.2510,-226.6609,-78.7989,-32.6126
2.5033,269.9713,-32.7264,-170.8967,-48.2696,-177.1151,209.4491,58.8405,287.6443,226.8502,63.9236,-7.5728,163.8726,82.2741,299.7859,70.5032,-169.7903,-8.4961,39.0322
11.2874,261.3458,31.7901,-102.9580,70.8440,-99.6557,267.6630,91.9221,394.1277,244.3625,114.9417,-33.0147,250.0611,150.8342,334.8325,132.5144,-89.8417,46.4808,124.0415
38.6535,238.4700,95.1710,-68.1021,175.2105,-48.5466,284.4942,155.8001,492.1480,316.5905,173.0900,-65.8239,298.4651,108.9101,299.9100,216.6053,-19.7019,89.9421,171.2787
92.2713,255.9988,142.3548,1.8600,257.7029,13.7580,279.4206,212.2754,371.3802,287.4663,197.2408,-46.5573,296.5476,66.5835,204.3284,159.1320,73.3074,185.0216,213.8075
153.1265,298.4898,190.2807,92.2561,346.3850,76.7716,284.6364,229.3840,147.9397,188.1101,206.4935,-6.5659,303.7456,65.5975,149.4458,41.3142,156.5211,279.3074,224.8038
178.6072,342.3576,221.3632,128.1987,400.2145,115.5816,263.8810,251.1192,143.3125,170.7331,227.1486,8.3778,295.1597,63.1752,163.8957,29.4198,166.9553,336.0984,191.5052
161.9003,398.2625,241.4074,122.8742,378.4517,156.8198,200.3969,313.2949,315.2926,193.5606,245.3598,14.9587,230.3976,57.5100,187.5551,69.5579,147.1528,381.1357,199.4982
166.8561,442.4740,261.9433,116.7444,301.6455,170.9103,137.6665,330.6393,317.5881,140.3866,241.1191,28.2852,159.8052,44.2078,195.4781,38.4374,162.8656,347.7093,254.1203
199.9579,404.8363,210.8291,66.4903,189.5038,86.2980,94.5747,251.9011,146.1741,93.6774,194.5481,20.4297,112.7991,-5.8038,212.9823,-8.6886,150.1337,188.9227,257.7833
169.2554,274.6974,41.7833,-52.9134,39.9816,-46.3419,59.3202,192.5361,154.9355,194.4537,100.0007,-16.1255,55.3585,-58.8485,233.9779,27.8054,38.6235,26.1844,209.1847
71.5609,155.8814,-118.7734,-151.8600,-132.6248,-123.8535,34.2676,209.7947,390.8193,358.8278,19.3246,-49.8398,6.8755,-67.3584,227.6154,99.4689,-76.2011,-49.7787,157.8993
10.9502,127.0399,-137.5886,-161.7981,-311.5413,-158.3346,-6.7339,170.1490,469.5152,357.2642,18.0602,-68.1886,0.4800,-68.4332,194.9129,91.1188,-85.5097,-88.9538,73.8642
5.1750,130.4421,-84.6736,-138.9061,-467.4744,-193.5041,-90.7369,24.7830,225.3701,161.6965,62.1595,-81.8384,-11.5032,-98.2993,164.0286,-16.5951,-46.3436,-113.0879,-25.1855
16.1423,134.1096,-80.5136,-133.0109,-513.5865,-200.8333,-132.2051,-64.6500,7.5173,15.3545,82.7131,-83.5854,-47.2743,-110.5790,164.9222,-112.8627,-36.4752,-87.2501,-36.7808
71.6411,213.0251,-87.2660,-108.7819,-393.5823,-167.0571,-30.9407,-11.0358,115.5685,60.7669,68.7209,-63.1667,-34.0242,-76.2109,209.0480,-79.6635,-24.6195,-21.5151,38.2126
149.3679,316.8652,-36.3477,-63.6092,-192.4079,-130.4323,136.0985,71.8819,321.5543,134.1781,44.7973,-35.4413,49.1639,-46.1454,253.3823,35.5293,1.6415,42.8508,102.3716
159.6347,292.2890,26.4666,-43.3116,-25.3016,-105.5787,225.7906,92.6626,274.3055,82.9427,54.3958,-13.9438,133.8052,-52.9293,229.7504,70.3454,8.4347,73.5245,124.4591
144.8679,227.2408,78.7935,-18.6440,102.8499,-71.1738,250.3445,91.5504,76.1673,1.5647,132.3012,11.0901,184.0708,-46.5344,154.2259,7.5500,41.8570,72.2415,133.7738
207.6582,327.2193,183.1144,71.4557,217.9442,-5.8325,301.7744,120.8740,37.3660,9.5867,224.1801,53.9659,214.0316,27.9834,125.1270,-7.0809,152.8915,81.6832,155.2826
293.1464,508.5568,309.9750,192.1466,293.1386,80.5734,369.1839,173.6533,129.2178,70.8352,245.7685,115.2324,218.2414,144.1022,173.2844,59.1695,274.3229,106.4498,197.7061
327.3846,577.2886,345.9780,277.4101,316.6214,131.3088,380.9208,212.2077,160.0662,105.3189,223.8588,165.7514,182.2224,217.2868,226.2524,78.7997,344.4091,121.6357,218.3041
364.2435,566.1976,304.8059,318.1027,299.9011,102.5166,334.5421,206.9434,177.3384,86.6723,229.9256,155.4644,126.8924,194.2249,240.6978,15.0760,381.5341,137.9114,167.9440
397.4800,542.0813,284.5614,297.6526,219.2659,9.6439,283.5410,159.4966,230.6213,36.6350,250.0553,85.4744,94.8550,104.4975,238.9906,-29.1166,363.3102,56.8277,84.5027
344.9038,472.7313,271.4789,196.2295,68.1871,-117.9996,242.7920,87.7902,176.1863,6.6117,244.2942,29.3963,93.3876,35.5660,227.5064,-6.1312,252.4840,-294.5901,15.4758
276.8895,432.4057,205.0327,90.4811,-94.2923,-225.7746,183.5272,18.1391,70.8852,30.8913,214.3533,29.6760,76.0862,48.5098,211.3793,46.9161,116.5160,-740.4024,-65.9345
309.7601,505.3044,117.5870,78.9305,-219.6532,-226.1076,110.9294,-7.5048,139.7650,87.5213,158.7089,51.8820,14.7181,96.2388,221.7892,109.8411,30.5263,-858.0374,-165.3213
365.8893,574.8621,52.1452,117.5981,-314.9350,-158.4447,53.7158,-7.0934,206.7708,96.2421,79.3658,69.4183,-52.1046,67.6885,223.1251,137.2669,-21.2219,-669.8871,-240.7195
350.8482,559.0983,2.1835,89.7812,-389.2906,-185.9684,-4.4561,-80.6838,-35.9323,-22.1243,24.7222,87.8170,-80.8065,-46.9403,145.1760,50.1376,-41.1389,-570.4382,-281.0983
345.5580,566.2952,-3.7870,11.0372,-411.3852,-290.6296,-57.7094,-221.1167,-312.2051,-202.0058,44.8888,100.4352,-59.9412,-124.8369,56.6767,-94.0541,2.4478,-589.5281,-266.8224
395.8355,622.6464,63.6494,7.7471,-327.4239,-267.5806,-26.1987,-255.6559,-208.6570,-255.0408,128.6608,118.3496,21.6524,-90.7005,80.6766,-124.2153,75.9191,-457.6840,-154.8117
407.6095,623.3245,146.9727,105.4966,-126.8195,-90.7231,96.8272,-113.8870,57.9898,-147.2291,210.3500,176.0698,151.4262,4.4154,170.4845,-33.6904,129.4834,-199.9994,12.1733
366.5833,579.8126,197.5897,201.2301,116.4693,74.0838,208.2429,67.1833,111.3930,-43.5265,240.0184,248.7316,273.1766,106.0319,209.1281,21.5388,175.6454,-25.8585,133.2296
362.4775,576.3960,251.3649,251.0924,310.2257,168.6590,268.0961,174.4707,38.6694,-20.2905,250.9167,272.6021,353.2550,194.9556,200.2666,13.4325,222.4644,69.4023,182.9015
396.7308,588.9119,319.3313,302.9883,418.3848,228.1357,299.3089,212.8739,32.4449,-10.4289,295.4079,254.6917,388.2820,226.2425,178.5382,32.2300,255.2704,174.4729,200.3819
415.4495,576.0781,358.2955,348.7688,440.1254,241.1809,286.1834,199.3083,90.7381,8.6405,332.5683,254.7086,356.5609,189.7715,137.5782,50.9763,299.7410,257.6891,219.9934
441.6390,583.0546,377.4935,355.0910,398.1559,241.4897,257.6841,158.4608,188.4675,11.5352,314.8282,297.4200,272.6558,155.1726,114.6413,-1.7265,378.0305,289.6039,242.7157
501.5273,638.1254,416.1525,384.6660,339.7640,294.9710,264.3469,124.7342,215.4178,-3.7178,306.8797,358.0476,214.7154,150.7036,136.6671,-61.0376,453.7751,309.3949,213.2607
550.5471,695.2676,447.1641,475.6790,266.5872,343.7446,231.5772,84.2847,38.9397,-28.6510,347.7973,375.3436,208.2092,136.0243,158.7460,-52.0086,499.0839,319.4867,105.2394
552.3984,710.6555,430.0051,535.5346,142.7946,307.7037,117.5781,35.0144,-155.6662,-31.5801,346.2205,306.4043,198.3995,116.3813,174.0038,-17.8975,520.4481,282.8139,3.6303
513.8533,684.2203,382.8678,515.4517,4.6520,237.7822,39.0891,15.5106,-129.8946,-8.6768,263.5640,211.6237,164.0336,110.6732,195.1664,5.3948,500.4998,214.0148,-36.4024
460.8663,642.4149,332.1196,481.3913,-77.9660,193.5450,18.8099,5.6363,3.4016,-12.3548,198.9778,182.3734,138.4736,79.7406,175.7141,42.8098,423.7391,161.8633,-59.2757
440.8911,623.0995,284.4440,446.9573,-105.7682,161.4201,-18.5429,-17.7901,132.9054,1.5401,197.0913,193.0474,143.4404,32.6561,142.8800,83.9264,333.8699,129.3809,-50.9393
454.5472,642.3881,254.4284,376.1335,-87.9285,147.8263,2.5672,7.6794,286.3925,100.5226,184.5037,170.8567,174.7957,44.4380,173.9974,98.6204,278.8105,122.9128,20.4117
417.4332,657.4042,231.7092,304.5087,-11.6150,155.7804,104.4609,69.0296,246.9749,132.1306,127.5866,141.7579,207.4719,107.7607,180.0399,95.7106,243.3011,180.9496,53.8322
309.2917,611.4808,169.2150,264.0613,67.0656,143.0150,106.3011,54.4648,-76.4599,0.9736,73.2700,164.7392,215.0585,171.2334,85.1203,83.9959,191.6277,166.6861,2.6200
229.9424,531.6351,75.7486,232.7840,98.3970,130.2804,39.7216,4.7602,-208.3608,-48.3350,55.4913,224.6632,223.4241,251.9688,57.7473,67.4152,140.9700,-201.6142,-3.8811
219.0081,502.6431,34.9745,237.0053,156.4437,184.8747,133.7239,50.0675,57.7334,87.3191,74.3672,271.6922,281.9678,319.0514,167.7003,69.7759,144.0148,-800.9395,60.8226
222.2942,526.1376,75.4761,301.7209,281.8377,272.2878,279.1380,128.9070,189.3331,143.6085,115.5407,272.4306,369.7909,283.3420,204.7997,91.2631,202.7104,-1052.8167,73.7902
238.3062,517.4065,119.2434,343.9029,364.9128,314.1472,228.0615,126.9446,-39.6864,64.1929,138.7258,229.1853,414.3637,218.0105,113.2637,117.2560,249.1649,-787.4825,47.7919
270.8665,455.5286,95.9940,298.0990,333.9531,323.5865,111.0128,108.7688,-175.9035,52.8576,102.2474,198.2612,387.3040,265.1599,72.0872,165.3736,232.5593,-501.6938,69.4170
251.2818,409.6133,19.7102,219.3339,253.7031,340.0646,111.1534,135.6546,-71.3361,48.9864,19.2587,215.6561,324.3140,341.9184,97.9833,210.6717,172.5570,-482.3320,78.5283
189.3896,408.0991,-63.5981,158.2785,177.5246,345.5551,107.7987,134.9883,-47.0448,-88.9837,-51.3989,224.6548,276.4901,297.5170,88.5077,167.2037,106.4794,-484.8998,20.3740
177.8416,394.6109,-127.4075,93.1406,93.5560,297.8934,34.7005,85.3751,-134.5728,-190.9047,-77.1987,172.8153,259.4309,199.3963,73.4163,59.7917,43.0325,-393.1870,-29.7436
179.6098,335.0780,-156.9763,12.3105,4.7939,162.3027,10.0306,56.0412,-118.6080,-108.1716,-77.8342,94.5842,247.0947,159.3916,88.5219,37.4913,-23.7295,-366.7011,-37.9306
104.4067,288.5371,-152.3135,-54.8282,-62.2858,-31.4530,35.5803,69.2797,-20.1924,38.9419,-77.9872,27.5864,222.9576,142.0214,114.6793,128.2105,-95.4014,-392.1449,-39.8769
28.7721,305.0928,-140.8835,-75.3998,-87.3035,-154.0835,40.8418,100.8400,33.0335,135.8617,-78.5387,-28.5663,204.9221,121.5452,185.9813,190.5103,-142.8995,-344.1214,-21.3256
50.1431,317.3456,-145.0652,-41.0027,-61.2347,-132.7601,49.9471,132.4054,38.9966,171.0749,-79.4829,-49.8551,211.8990,136.9545,270.5973,160.4296,-112.6724,-265.4491,38.2178
91.8927,270.2303,-155.0534,25.6943,-5.2134,-57.9633,73.9883,163.5788,46.3149,169.6906,-87.8469,-5.5270,243.1250,168.2119,269.1644,132.2124,-19.0093,-209.6481,117.9304
63.9066,258.0558,-161.1593,97.7891,38.9642,-5.6574,92.3221,231.6620,92.4314,197.1340,-100.7075,75.6798,266.5628,180.8515,237.8770,158.6420,39.2500,-128.9468,206.6279
-0.0529,324.4488,-171.8957,149.4651,50.0253,54.7120,107.9456,341.1094,126.4137,224.4029,-111.3420,122.2601,226.3177,187.1409,252.7109,170.2111,21.1961,-37.9102,288.4647
-50.4724,323.4498,-181.2978,142.5712,32.6361,97.4113,82.0632,416.2466,26.5741,165.7823,-119.0860,81.8347,132.5187,172.7961,222.3046,139.8431,-7.4491,-0.8631,347.9606
-66.3390,211.8535,-169.5323,86.0885,10.2941,50.2249,22.3482,437.5810,-105.0319,116.3489,-119.3422,-23.9835,82.1970,120.1059,154.4837,140.8035,-5.0916,-19.1886,413.0892
-26.4056,160.2139,-141.4070,46.4167,14.1552,-23.3317,47.7173,457.5261,1.2370,147.8826,-104.3037,-102.7357,105.6753,62.4853,191.3688,174.3475,-0.4897,-69.7675,471.6070
34.0888,204.0277,-112.8121,33.2119,40.3429,-3.7096,140.8451,442.6817,257.3182,113.0033,-71.8951,-102.1295,126.9632,17.3958,256.1461,144.5055,-9.3180,-101.9315,447.9047
42.9491,194.0347,-79.1172,13.1251,50.0219,89.9403,132.4277,356.5201,282.6565,29.6474,-36.2944,-72.8400,121.5845,-15.2491,183.4102,72.6497,-17.8536,-29.5552,352.9281
8.1277,125.2322,-38.4847,25.1022,34.3555,165.6674,29.2986,294.4015,58.1867,83.4211,-32.0087,-60.1513,130.2845,-17.0194,67.8218,79.2902,-11.1642,125.2538,274.9008
2.3578,110.4536,-0.2400,96.7326,29.2275,202.6403,-18.8820,295.9955,-78.4544,147.8685,-65.0480,-40.1266,145.0313,-19.0508,47.7564,117.5206,28.2067,231.9237,230.8071
48.0121,149.0249,37.5454,153.1972,49.7834,232.7042,0.0209,276.2982,-19.8859,55.1005,-84.3522,-18.7845,144.2536,-58.9428,70.5598,49.8232,82.0759,249.9632,207.8269
100.9549,195.5553,61.4504,155.4772,52.8645,277.6122,19.1616,251.9092,64.4756,27.6989,-66.8717,-52.6188,140.4285,-77.6090,85.6238,-42.1986,95.9835,234.5917,231.3793
130.1902,235.3130,45.4994,151.9325,5.7723,329.1306,32.6308,291.4760,88.2782,161.0149,-47.9160,-119.7934,124.0125,-44.5597,93.0096,4.3063,80.8140,222.2231,276.4680
166.6183,240.4175,35.6970,168.6330,-24.0762,369.6900,40.0068,326.8772,60.1687,168.7288,-10.9409,-104.7022,99.7071,-10.8493,50.3598,101.8777,110.5052,275.5614,292.0485
248.9319,259.2438,117.1593,223.7023,55.9062,422.6633,39.8723,330.2408,-13.5662,33.0966,95.1364,33.1045,119.8516,63.4639,-2.7886,79.3079,191.1779,449.1534,317.2409
342.0723,363.2769,252.2833,327.6559,195.5343,506.1047,44.6488,399.4281,-40.6168,40.5396,205.5213,174.4521,162.4547,217.0695,28.6271,-6.2956,261.2846,626.5311,393.2761
371.7393,434.8231,304.9209,390.6226,263.1973,548.2336,43.2185,494.8872,52.5067,169.8067,206.8112,200.6886,143.9279,307.4969,96.4925,-12.5797,296.5875,647.4398,459.5280
314.7343,347.7222,238.0017,342.6526,253.6695,492.2664,58.1618,483.6796,146.5526,226.5947,118.0618,154.2553,89.5272,262.5576,121.9168,45.1934,301.6988,561.5082,463.1707
213.2438,240.0817,132.6940,269.9587,239.1332,403.8259,118.4553,408.3423,155.3008,250.8649,31.1310,128.3739,77.4727,211.9666,135.3932,72.0718,269.1332,497.3950,421.9338
173.7980,283.9235,57.1126,251.0973,199.7331,336.4315,124.4059,349.4160,186.2320,276.4856,-12.4663,108.4570,86.5082,177.2150,131.6466,41.2006,219.4749,448.6693,335.3658
311.7263,458.4737,40.0766,278.5541,99.8158,263.2949,-2.3607,268.9915,222.0684,186.1374,9.8756,74.7738,76.5847,94.7592,72.9051,-3.0924,199.6025,401.6315,195.2832
569.8996,687.5795,79.5750,367.8911,-3.2066,205.2308,-123.5067,199.3827,74.3609,12.6913,92.6324,97.6073,73.3061,73.5570,19.7975,-8.7735,220.9932,407.1031,72.6806
732.6610,866.2283,109.9089,467.0841,-58.0734,197.8697,-118.7486,215.5214,-190.2121,-77.3547,158.9611,173.4930,88.4834,145.3124,1.2979,11.8238,247.6179,422.7710,44.9619
722.7885,863.6697,72.7112,443.0114,-87.4220,190.5033,-90.8355,240.0057,-297.6975,-64.1532,157.6441,188.0867,98.6042,128.0623,-44.0418,0.3036,229.3622,389.3174,69.8889
652.8425,743.6044,17.0574,347.2736,-122.4603,177.9321,-132.6648,231.6866,-199.0495,-11.2275,123.2332,137.3152,83.4086,54.8089,-73.8879,-34.2754,161.2862,393.0880,72.8629
582.4155,674.6531,21.6011,335.0397,-162.4384,234.2855,-169.3172,308.9007,-6.3560,109.5528,91.7413,119.9233,29.2546,134.4351,3.0802,-22.4134,115.0338,473.8942,99.1212
504.3341,615.8722,70.7244,349.4033,-173.2237,313.3997,-133.3102,456.1971,184.6640,291.3419,71.3027,123.9399,-28.7505,257.0117,98.2162,48.9437,137.6251,518.9451,207.7439
446.7143,477.7714,92.0011,301.2528,-134.0647,302.4222,-75.0268,515.0569,186.3154,375.2530,60.1666,89.3712,-37.2677,210.3713,59.4504,126.6269,165.8966,516.2680,313.2800
372.8065,349.1227,57.1340,274.8133,-98.0547,238.2185,-51.7011,500.3774,-12.0796,306.8148,31.0448,59.6775,-42.2519,124.3108,-70.5304,143.4303,148.7256,541.2070,348.7633
225.6379,263.3851,6.0526,257.9660,-89.0485,200.6587,-8.9939,514.9375,-14.4096,311.4869,-5.5957,67.9725,-88.4974,165.0456,-99.0174,60.3154,139.7508,523.3477,415.9498
121.5699,147.7303,-0.9709,150.4172,-21.7988,171.2153,125.7838,512.8988,290.0133,462.2730,21.7461,68.8405,-79.3493,243.4138,40.8177,-45.7330,171.2364,437.2334,540.1382
180.5439,90.7719,47.4625,81.4593,108.5946,163.2633,244.7752,449.5203,394.0713,388.9327,104.5829,66.7753,20.5740,275.7509,146.8776,-28.6127,203.5737,459.0404,564.9922
299.6696,219.1061,114.1452,179.6142,184.6658,223.6246,211.1066,394.5536,110.0622,-62.1865,158.1735,97.0264,80.5495,267.1689,40.9300,95.4961,235.3121,604.2866,489.4772
360.7676,415.0859,175.7547,263.5826,218.1796,283.6827,176.1484,375.7005,-98.0487,-375.0805,186.1417,115.9454,91.0499,206.3876,-69.0177,147.2612,276.7614,658.0378,497.4915
376.6702,479.6660,212.9971,196.3898,289.5738,265.7038,306.8941,362.8799,-31.7254,-178.2612,216.9256,84.1850,173.2283,178.5091,72.6591,65.7885,270.8626,596.7787,557.1811
327.5654,381.5190,183.8980,117.7750,291.5973,213.9174,377.2653,347.9793,51.4938,143.4635,186.8497,46.0928,252.8355,272.3249,230.1217,-20.0766,198.4485,560.1180,472.2119
202.0784,229.4884,105.5076,108.4250,136.4867,155.4063,182.9429,298.6206,100.0280,166.5151,95.2517,34.9171,184.9433,340.0237,93.7276,-2.3648,135.5297,515.9897,289.3412
117.8324,155.7603,74.1885,88.5430,-12.6422,50.6496,-16.9787,195.7385,209.6046,24.3725,61.0977,21.1732,85.8290,237.4409,-89.0632,79.7565,122.8660,409.3883,199.7057
120.6035,187.6318,123.3887,48.2489,-37.4406,-57.4264,10.0872,109.6648,278.4025,-18.4798,109.1679,-27.2669,111.3487,97.1681,-1.0996,115.2141,128.9732,353.1823,196.4061
108.2313,232.6471,184.1617,47.2190,-28.4824,-63.8081,84.7578,88.1498,239.7943,51.4097,149.3389,-96.9145,179.3905,68.4377,145.0301,79.3931,138.5770,408.9665,165.0430
69.3951,253.5717,211.6750,106.9999,-20.9036,38.7151,55.1902,92.7938,148.0084,118.3346,149.4169,-127.2106,223.2906,112.1820,117.4079,49.2879,153.6261,504.2577,96.3331
75.7505,271.5851,213.4761,198.2186,38.0112,146.0679,21.2059,88.9922,17.8633,81.4556,127.6985,-86.2582,338.6576,157.2234,93.1558,-6.3344,170.9548,572.3635,39.1138
100.6450,232.1395,189.3081,226.9976,114.5413,156.9209,19.6014,43.4708,-50.5604,-44.4474,95.0938,-44.4705,503.3598,163.6882,149.5474,-195.0092,204.2485,556.7492,13.1883
103.7881,138.7095,150.1825,150.0727,156.7188,73.7413,-25.1308,-74.0504,14.5405,-143.9447,78.0337,-80.7268,537.4036,98.7425,76.3647,-330.3761,240.2713,461.7776,-15.3540
98.3671,104.6753,122.2223,82.1649,150.4762,-14.9542,-122.2989,-196.6708,-6.9256,-192.1487,62.5333,-167.3202,403.7366,-0.1200,-111.8725,-107.0383,228.6942,402.5899,-104.8359
51.6514,92.7015,95.1040,93.7154,59.3346,-64.0280,-232.0127,-241.5723,-206.8018,-227.9160,1.1438,-233.8414,255.0639,-64.6774,-176.4856,244.8796,183.5023,396.1449,-215.4572
-34.0219,1.7118,47.5668,103.0947,-79.3937,-93.2158,-301.5191,-237.0747,-291.6154,-215.9384,-61.4228,-244.5054,195.6153,-70.6987,-138.9012,220.7011,167.5983,342.6635,-238.5081
-55.3244,-31.9789,-2.4401,94.2245,-152.8663,-97.1507,-290.4212,-210.7552,-214.1958,-178.5190,-69.8623,-194.9744,177.8541,-10.3755,-187.0821,-64.5389,168.6580,285.8813,-190.7464
-18.7258,92.2476,-28.5559,109.0658,-174.2842,-86.8366,-255.1420,-143.4178,-268.9749,-197.7847,-105.9061,-137.2344,113.0089,72.2657,-285.2337,-123.4650,131.7264,300.3377,-162.7731
-62.8711,165.7109,-36.0213,72.9119,-230.8993,-124.2879,-261.5390,-93.3012,-400.5210,-207.1693,-233.0236,-133.8196,-1.2709,88.1414,-308.7791,-4.4462,51.7409,272.4513,-152.3294
-198.0948,69.4052,-67.6756,-44.7014,-314.3525,-191.3101,-283.1413,-113.8470,-345.0985,-140.7461,-371.4608,-161.2951,-96.0204,48.4007,-310.7124,-44.6358,-69.2410,152.5832,-166.1094
-318.7841,-47.6851,-175.0858,-139.8694,-430.8057,-223.9817,-329.7412,-143.3528,-235.1508,-107.6010,-472.2786,-200.8769,-158.9277,10.1841,-363.6834,-150.9541,-235.1546,60.0812,-263.0081
-404.2327,-144.4402,-330.2901,-217.2643,-613.3213,-278.8215,-435.5374,-166.3653,-273.5241,-138.3149,-568.2853,-299.6979,-242.9471,-66.1114,-402.4831,-118.8789,-385.5140,-8.0077,-374.6394
-471.0982,-273.3245,-430.7599,-340.9392,-737.7633,-388.1222,-499.4129,-236.8424,-336.2622,-139.2537,-643.2972,-393.4491,-337.1143,-174.7757,-400.6323,-97.4850,-452.6057,-103.9146,-397.4073
-489.9740,-316.9507,-457.3364,-401.1730,-680.1481,-415.3078,-450.5163,-295.3119,-343.1256,-134.0725,-675.3178,-351.3922,-373.7578,-218.3506,-447.1066,-184.9498,-456.6512,-118.7248,-404.8394
-463.8927,-224.3502,-480.7463,-326.7122,-553.7011,-322.7328,-412.2381,-275.8304,-386.3305,-162.9919,-692.7974,-259.1351,-356.4071,-231.6105,-549.1636,-198.2870,-437.6980,-45.5130,-461.6529
-431.9050,-169.4920,-496.0164,-260.9737,-488.7621,-270.3909,-452.2860,-261.2172,-455.5829,-185.6395,-686.9301,-268.4166,-348.2758,-296.3233,-606.4784,-121.8826,-400.4776,-43.6335,-474.3855
-403.5214,-193.7173,-446.8113,-251.1575,-434.3937,-280.4287,-461.8238,-263.9782,-512.6281,-229.4735,-642.1432,-270.7086,-368.3620,-310.2734,-595.4848,-142.4288,-365.4749,-68.1876,-408.9633
-385.7979,-149.5686,-370.8220,-172.2671,-357.5246,-206.8983,-396.5235,-148.8694,-547.8202,-232.3255,-615.4230,-140.0043,-395.0202,-208.5231,-563.1976,-201.0479,-348.2929,27.9644,-322.4282
-384.8407,-59.3658,-338.1848,-56.2816,-330.6201,-73.0957,-331.4786,61.3495,-421.1320,-10.5298,-632.3575,-27.7963,-416.2557,-137.4742,-510.1993,-110.0907,-317.1513,124.3109,-203.4185
-358.0204,-70.6914,-331.4289,-51.1049,-368.3003,-45.4601,-303.9770,154.8085,-122.2834,249.7409,-631.1865,-64.9312,-422.1882,-159.5414,-443.2860,7.3003,-257.6165,59.2003,-91.0430
-277.1273,-148.3896,-303.5327,-112.2663,-420.5568,-143.8962,-317.1863,49.9334,-9.3337,146.0008,-581.7301,-138.9789,-411.9060,-167.6437,-415.9411,-77.3133,-205.1452,-68.7782,-130.1912
-200.2630,-158.0733,-254.0498,-102.1094,-477.4249,-254.2097,-381.7608,-126.2157,-293.7509,-159.4463,-514.5366,-153.1980,-414.2637,-137.0010,-429.2612,-247.4211,-186.2587,-128.0020,-302.2977
-187.4394,-96.0252,-204.9932,-38.9015,-542.6708,-298.6163,-459.3267,-222.0928,-623.4703,-191.8935,-450.0007,-131.2248,-434.9243,-99.6488,-428.1684,-239.1913,-201.5901,-132.9893,-415.5457
-214.3290,-39.4198,-177.0077,-7.9349,-595.9377,-268.0175,-485.3669,-194.6392,-566.5869,-3.3132,-400.5614,-75.0616,-422.1610,-16.7883,-394.3783,-85.5432,-238.1959,-126.0059,-413.0562
-223.2964,-18.2567,-171.4850,-3.7839,-620.8505,-196.3887,-445.1342,-128.9714,-218.7110,56.4808,-371.9442,-10.2213,-350.1618,92.5489,-337.0528,-3.3763,-261.4247,-136.4491,-387.0821
-195.7081,-18.8290,-161.4079,3.6992,-602.2319,-115.8968,-373.1695,-111.1396,-66.4412,-45.2020,-340.8546,-14.6027,-266.8259,135.2943,-260.2105,-22.3660,-257.9623,-168.1035,-371.3291
-159.3903,-30.1117,-151.3908,-15.0580,-526.3423,-19.7114,-320.3837,-99.8818,-319.6341,-153.0085,-301.1237,-62.5374,-211.0322,111.0559,-190.4921,-18.1921,-273.9852,-159.5263,-342.2144
-152.9819,-60.5497,-188.2685,-85.0642,-409.5306,77.6099,-296.3389,-45.7060,-582.7564,-167.7077,-275.2379,-58.6293,-167.1187,86.6094,-151.4015,32.0329,-340.3127,-92.2976,-301.3564
-171.2484,-112.4709,-256.8078,-155.0662,-275.4939,119.0626,-242.4828,-7.0990,-443.0576,-63.1064,-248.7267,-10.6174,-122.4208,83.3308,-130.0807,53.3660,-405.6177,-33.9476,-259.5908
-169.2244,-152.8884,-275.4035,-163.0469,-125.7629,98.0615,-149.5012,-17.2227,-165.6836,20.0956,-192.6301,18.0911,-92.2251,81.8458,-127.0483,29.3499,-409.4259,-8.2707,-233.8087
-148.2851,-155.8419,-230.4984,-137.5884,14.4205,59.1938,-116.1240,-30.5306,-226.7850,-40.6953,-137.4974,11.2392,-92.7710,40.1945,-150.2841,4.2021,-377.3914,-3.2528,-242.8930
-165.5343,-146.6641,-189.6854,-147.2962,79.8775,18.6189,-168.4651,-37.5479,-438.9506,-67.1331,-124.8103,-27.1320,-125.6874,-39.6461,-144.0257,-8.3942,-378.6442,-44.4289,-265.2951
-222.7357,-154.1874,-184.2303,-179.5597,62.2153,-11.5456,-177.6924,-44.4445,-342.4408,76.2016,-129.7951,-64.9947,-162.1205,-60.6858,-56.2324,-34.3498,-410.4308,-110.4135,-272.7674
-252.1129,-172.3352,-193.3595,-170.1012,46.3938,-2.2739,-85.9332,-34.8049,-103.5379,160.7763,-104.5834,-47.6356,-161.4351,-4.2706,41.9952,-82.5114,-399.3248,-129.9364,-285.8504
-236.9712,-196.8250,-204.2752,-111.0728,71.8710,25.6171,-21.5486,-49.6794,-149.1470,30.2907,-45.3710,6.0774,-133.8231,-7.7245,46.8869,-119.9758,-318.2382,-102.3200,-312.2182
-223.5027,-228.5849,-203.0349,-43.8920,65.2132,23.1232,-69.0970,-117.5464,-345.3326,-120.1652,16.0937,36.2329,-121.2806,-99.7843,-16.8640,-115.7024,-220.3490,-64.0057,-296.5754
-214.0817,-239.6783,-171.7729,3.4879,0.2227,5.5528,-117.0078,-146.8397,-324.9864,-129.8008,48.9433,57.8919,-117.0563,-131.3938,-52.4881,-86.2083,-150.0443,-19.7756,-204.3899
-174.7303,-206.5253,-133.8629,26.1480,-31.8787,25.9615,-45.3997,-76.8920,-128.6653,-57.0982,50.1167,101.7843,-87.6844,-58.7722,-35.8054,-64.5640,-107.2910,12.6370,-79.3706
-122.7451,-150.7767,-119.0871,38.8672,0.0297,88.5374,98.0151,29.7865,43.8254,37.8203,52.2872,142.9337,-37.2219,24.7352,0.2084,-54.2048,-88.2226,28.6129,24.7603
-94.7294,-90.0899,-90.7307,71.9074,14.9296,155.5108,196.9688,133.8338,164.4152,139.3573,91.8182,186.1611,15.4423,100.4989,41.7107,-50.4241,-72.1827,67.3696,97.5560
-74.1578,-12.5887,-9.7817,136.0959,-9.0502,207.2003,207.0909,228.7148,196.3393,201.5643,158.1942,258.9411,53.8812,181.4249,73.6943,-61.8173,-12.0249,120.9912,140.7676
-36.2442,50.0639,64.9818,200.3164,-13.5840,248.7686,155.2411,254.4899,132.7368,201.6738,190.7722,299.7261,47.4928,198.7540,58.3152,-84.0238,87.1015,153.6755,154.2524
0.5377,32.7489,66.7423,225.3352,26.8205,269.0896,114.5065,198.6889,143.0849,167.2583,159.1165,242.0157,2.8653,128.8776,-11.7277,-91.3130,154.6921,197.3713,155.2892
16.4963,-35.7916,49.8794,221.2745,124.2077,249.8557,152.1946,134.1762,228.2328,120.7663,128.5118,163.3832,-18.0795,58.6201,-91.2406,-61.9107,168.5218,265.0601,155.0525
7.4950,-61.0385,80.8224,246.0637,274.2686,224.4435,216.5117,86.6044,141.7506,60.3665,165.2262,168.8396,-3.6913,36.1112,-139.4571,-7.8582,179.0490,307.6714,139.7811
-31.3273,-53.8634,105.2240,313.3709,394.3421,240.8797,209.9878,45.8712,-55.3173,-6.1885,217.0838,202.1009,-9.6608,7.2113,-159.6698,20.6837,205.5457,343.3257,121.4197
-73.7888,-92.9559,69.0714,340.8646,431.6486,260.6966,180.8105,29.0700,-57.1786,-37.6090,201.9724,141.6370,-49.4620,-75.2908,-184.6365,-1.1336,206.0419,379.6724,128.1954
-80.7440,-157.8714,16.8786,252.1982,426.6866,211.0110,206.2353,4.5150,27.5637,-19.3004,137.9100,17.0343,-101.3312,-171.2024,-228.0656,-32.8910,144.0699,255.6184,121.6889
-84.1792,-196.0063,-39.1936,84.8949,356.4660,110.2643,198.0456,-71.2684,-69.9125,-12.7804,64.3985,-39.5613,-188.1273,-206.3443,-245.0802,-55.6049,24.0846,-114.2839,50.5270
-142.5739,-250.5583,-140.2342,-58.2503,164.9665,22.2619,96.7674,-144.7165,-135.7274,-50.0001,-34.1254,-19.2487,-322.6041,-181.3496,-199.0985,-107.3806,-103.9056,-484.1499,-35.0366
-217.5638,-352.9953,-225.0309,-118.7896,-38.7343,-44.6681,29.3508,-177.2772,62.5834,-78.0166,-124.1795,-29.0342,-436.4822,-175.7735,-150.3641,-171.4279,-159.6059,-575.8033,-65.3516
-235.3656,-438.2606,-202.8772,-116.4827,-123.2939,-101.6810,60.5343,-218.5428,221.0058,-84.1743,-127.3799,-80.9430,-457.1413,-232.0356,-154.6626,-177.7374,-119.6526,-436.2980,-68.4967
-220.6385,-464.2074,-137.1964,-102.8012,-142.8378,-130.8954,107.8825,-259.5509,102.3292,-106.8994,-75.3849,-97.7548,-394.1441,-303.7544,-141.1633,-135.9876,-58.5722,-271.0726,-83.9348
-229.3666,-455.4489,-114.6911,-90.9470,-151.9128,-118.3156,152.7099,-248.4865,-34.0355,-139.2560,-59.0890,-94.9126,-312.7824,-329.3917,-63.5945,-109.1128,-29.0603,-151.1698,-93.0774
-237.7685,-423.1456,-88.3510,-57.9965,-95.0565,-83.0340,190.2668,-236.2292,-11.9793,-184.3154,-68.5018,-130.4110,-268.8224,-299.5313,-31.3767,-113.4891,8.6588,-53.5757,-95.4016
-205.2590,-381.5598,-41.4424,-19.3859,5.4964,-74.2794,136.3831,-276.7201,6.4153,-263.9544,-71.0921,-151.0677,-268.7685,-265.1992,-100.6633,-151.5121,64.9094,17.5380,-104.3826
-148.1805,-386.3437,-66.4955,-22.0459,87.1044,-121.5651,49.7293,-319.7978,-69.4335,-319.5098,-112.0404,-104.4906,-277.3460,-299.3844,-153.7157,-213.1288,71.3023,77.3723,-95.9662
-102.6398,-457.1097,-174.7061,-57.3066,196.5280,-169.9316,94.3438,-335.6634,-184.3475,-312.3071,-188.1269,-65.1635,-275.2666,-409.8900,-135.5280,-230.7861,18.7038,176.1331,-71.2973
-95.0520,-532.0133,-274.5295,-75.6404,332.5085,-146.9869,199.1974,-334.4009,-279.4807,-294.5974,-216.8177,-83.3435,-286.1239,-510.8135,-129.5027,-173.8027,-19.5117,298.8998,-58.5007
-137.0744,-553.7299,-331.6249,-74.8237,387.5245,-82.5804,196.6854,-273.3257,-238.0452,-240.5738,-211.5482,-104.6057,-332.1883,-532.1431,-141.1327,-105.5208,-29.6015,365.5525,-26.3096
-198.8265,-543.5962,-356.0139,-95.3488,370.6710,-51.9426,155.8329,-157.6622,-46.9477,-115.5310,-270.1534,-120.9336,-403.3925,-518.4551,-109.1022,-74.9053,-61.8547,342.8747,45.5127
-230.1618,-546.4146,-342.8467,-155.2283,360.5801,-69.4143,177.7171,-92.4779,77.6220,-56.5500,-380.4650,-170.7253,-477.8050,-559.9742,-73.0197,-90.5801,-115.0086,259.4771,85.0338
-218.9812,-544.6884,-333.3596,-222.9489,298.4873,-119.0631,182.3431,-97.7480,65.6442,-101.9096,-443.1049,-199.5386,-542.0249,-642.3760,-69.9582,-156.9027,-149.4287,151.6330,62.9374
-188.7002,-507.3125,-377.5369,-242.1231,135.3591,-173.3376,138.4747,-88.4553,94.6710,-61.2990,-442.9432,-147.4553,-589.7695,-648.1600,-33.7733,-217.5844,-157.8100,73.2104,54.5047
-167.1447,-478.5974,-431.2726,-200.7406,-20.7527,-175.6976,115.8617,-58.3370,158.2036,52.5303,-431.5348,-86.0874,-608.1273,-549.7253,35.0403,-212.2505,-142.4484,72.0750,91.5920
-171.4296,-490.5120,-422.2712,-146.7652,-93.9988,-120.0904,94.1024,-55.4143,109.6625,13.7181,-407.9988,-89.3009,-568.6954,-472.0324,39.3437,-191.7201,-96.4452,115.0928,130.6206
-181.8318,-468.1123,-341.2008,-95.7605,-116.9336,-67.0912,47.0181,-54.4239,39.7657,-118.1205,-337.4987,-107.8693,-456.6176,-463.2147,-20.9018,-188.1093,-30.6706,139.8150,152.0074
-159.1013,-373.4510,-213.4023,-15.9106,-101.1005,-27.8378,32.2503,-23.8901,57.4041,-113.9814,-228.7710,-78.9462,-315.1699,-399.0869,-65.2310,-139.2890,37.4876,151.1254,153.8562
-108.7869,-299.9236,-89.8847,64.9555,-66.7865,25.9362,33.0832,10.2674,44.4243,-17.0952,-125.6336,-11.0518,-225.2274,-243.7760,-89.1883,-89.9003,90.8944,168.9782,127.1744
-63.0809,-294.9158,-33.9793,76.7331,-80.3804,65.5468,-7.4052,34.3113,-18.6874,34.5227,-56.8894,62.1403,-215.3337,-144.7443,-122.5163,-153.6256,95.1042,172.2182,91.2976
-23.3959,-280.5550,-32.6365,30.5274,-116.6029,58.5842,-25.9690,50.6533,10.0486,73.6394,-21.1594,95.7065,-220.2197,-159.3784,-146.8697,-245.0724,39.3153,159.8176,71.1875
-3.7170,-219.4950,-18.9561,-7.7736,-68.5715,31.5500,40.3016,50.3822,105.8784,135.9109,-10.7782,57.8235,-172.9644,-176.3167,-141.7296,-217.4595,-34.6053,162.0370,73.1816
-51.0908,-169.5727,-1.0744,-18.8193,63.8418,14.8973,140.7206,58.6000,165.3318,187.8800,-31.4890,-1.2624,-106.4298,-149.4052,-98.2663,-143.6971,-94.7096,179.1228,101.5831
-145.8715,-178.7529,-33.2744,-24.7572,171.2121,20.2580,220.4219,91.1761,195.1647,206.2272,-72.9920,-18.4098,-82.7540,-140.0156,-15.4138,-141.5321,-147.3477,180.2028,110.0715
-205.3025,-250.1947,-94.4128,-58.5979,195.3527,38.0192,242.5475,71.6387,143.9827,144.8160,-86.4371,-37.6860,-74.7378,-164.8107,40.9709,-163.5430,-191.4796,136.9722,21.9688
-218.5043,-336.8094,-116.9224,-132.5134,175.7559,21.5731,179.1559,-42.9240,-15.0121,39.1584,-45.5957,-104.5008,-38.1834,-191.1541,-3.7581,-148.4931,-213.5711,56.7369,-110.0621
-228.2191,-352.7102,-85.4517,-183.8172,165.3456,-23.6132,108.7587,-131.1909,-77.6414,53.4948,0.9880,-131.7400,-21.0964,-190.4299,-92.5699,-106.6778,-207.0418,0.5457,-138.9914
-216.1075,-290.8081,-46.0982,-151.2746,151.3483,-10.6720,117.1694,-81.3970,30.2780,169.7081,-4.8030,-54.7903,-67.2616,-129.6135,-114.4139,-33.7378,-167.3860,-2.2895,-52.9514
-161.1937,-245.7818,-47.7255,-95.0873,92.9474,55.4899,132.7207,22.7053,62.3330,172.4003,-48.9577,21.0497,-119.4454,-32.2587,-80.9573,41.9782,-111.2922,-14.7304,30.4142
-113.9882,-239.1103,-72.4397,-87.1260,25.9758,53.0210,89.9870,40.3658,-36.5629,63.6925,-66.1777,3.2018,-119.0210,2.1906,-71.3579,41.0074,-75.2048,-66.4377,43.4866
-95.9589,-191.3102,-47.2759,-82.9609,9.5233,-40.2456,49.6832,-34.7605,-62.7160,2.2823,-12.5675,-36.2678,-81.4359,-43.6161,-97.7022,-30.7853,-59.4085,-98.7216,-10.0083
-67.5073,-117.2411,36.6315,-55.1161,-11.0726,-115.3215,13.3009,-120.0062,-59.7006,-64.1269,84.1808,-29.7795,-42.3262,-56.6586,-138.9184,-93.9530,-39.1021,-96.4233,-85.3523
-42.4208,-120.6378,97.6045,-55.3386,-100.2267,-106.6696,-67.3009,-153.2941,-164.3770,-206.5365,137.6140,-21.4829,-29.7795,15.9931,-179.5209,-123.5964,-14.8800,-79.2023,-100.1618
-71.3549,-177.4833,102.2607,-46.1349,-157.2170,-32.6543,-112.9448,-117.9801,-211.9209,-267.8692,107.5257,-16.7327,-42.4140,95.2315,-172.8016,-125.9079,26.0516,-2.7088,-44.6315
-126.7279,-164.5717,109.8496,59.1609,-69.2813,61.2682,-65.8758,-58.3713,-105.1804,-183.9890,67.0209,38.5509,-19.6412,133.3698,-105.7316,-93.6602,111.5985,124.8680,-13.1214
-142.0058,-85.2148,148.0093,179.4211,73.2064,124.8658,-28.8588,-51.5967,-44.4511,-134.3458,86.5515,98.3995,60.9534,174.9457,-58.6046,-56.2047,191.2736,189.3674,-45.5743
-105.7619,-40.0706,179.3004,186.0444,136.6749,146.8129,-35.4102,-100.1216,-73.2922,-193.2616,121.3859,75.9649,118.5448,224.5277,-72.3222,-48.1279,181.8403,180.1422,-97.6895
-40.9014,-27.5866,193.0613,148.0903,166.9978,155.1234,9.7158,-120.9472,-61.1277,-241.3762,115.3645,25.3365,116.7486,224.7469,-76.3840,-35.3629,112.4186,196.2714,-146.9783
28.1686,19.0191,203.8792,174.3449,243.4527,156.8230,83.9803,-78.4405,-88.7867,-230.5631,105.7507,41.9591,121.5246,188.9218,-36.8939,21.3235,64.1149,207.4046,-171.4253
69.3723,76.3554,184.9334,185.0688,282.7588,142.7294,84.8310,-34.2996,-234.6876,-217.9835,122.8651,77.8615,144.8474,178.7186,-0.8026,81.4240,25.7673,106.7314,-146.0722
67.9175,93.0610,115.9216,89.8674,191.3506,96.7094,49.4017,-36.8889,-317.8726,-208.2049,121.8151,50.8542,139.4252,161.4065,29.4083,91.0288,-33.1638,-56.7904,-115.4775
45.8898,106.4425,55.0548,-15.7652,53.2517,-4.5049,52.4391,-44.2567,-237.4637,-150.3483,87.6561,8.8679,127.2004,99.4787,72.6579,85.0415,-57.6405,-151.0003,-96.4060
41.3288,158.9530,59.9737,-25.0486,-15.2242,-92.2380,51.5801,3.7970,-108.5627,-41.7654,66.0724,31.8453,140.2761,100.0580,87.7938,127.4404,-10.7618,-153.4055,-20.2502
79.8360,213.9544,91.2679,12.5261,-44.8603,-41.1836,10.3696,80.8277,-14.1296,35.6906,68.2323,96.6157,151.4636,221.8480,77.5503,171.3050,39.9253,-131.2802,73.2250
134.9258,226.5746,91.5854,19.3211,-100.9592,85.7540,-29.3762,96.4002,-5.2918,0.9389,72.7289,132.7083,164.3154,304.2634,105.9672,110.9010,33.9297,-146.0885,45.4045
140.5192,190.0263,88.0198,7.0446,-158.3279,96.6316,-66.6895,22.6419,-101.3354,-104.3491,88.1354,110.2801,189.0484,245.6441,124.5967,-23.2570,10.3148,-209.4592,-69.0012
101.6054,123.5037,123.7369,11.3938,-190.1034,5.3608,-143.3071,-67.0970,-148.4030,-150.8785,118.0266,46.8356,166.2252,185.0972,38.9656,-85.7463,29.4164,-262.8424,-117.9164
99.3204,79.6471,170.6455,42.8923,-207.8231,-29.6785,-229.1856,-97.7582,-58.8886,-82.9769,132.4053,-2.7171,104.1849,210.9176,-65.4645,-33.3683,79.3769,-239.5315,-92.2671
131.6679,83.8074,183.0739,98.0260,-183.3133,0.1506,-246.8735,-58.7595,-8.6971,42.7829,124.2122,7.7368,123.0662,226.7887,-60.2099,41.1703,106.5548,-156.9861,-53.2059
111.9007,79.8210,158.8856,135.3698,-96.0348,24.0758,-181.4543,17.7906,-71.3532,145.7847,116.5301,40.5263,230.0613,190.0132,-12.0243,65.2696,89.9839,-91.5301,6.2588
40.8826,37.2537,110.3182,97.9017,-12.3518,40.5287,-87.5510,71.4982,-97.7655,179.6123,110.5659,16.7153,294.9790,149.0801,-18.6162,52.8807,44.0522,-89.7672,62.6998
-12.2633,1.0738,41.4492,6.6665,14.2785,34.8989,-15.0976,54.5658,-73.8549,157.9001,91.9247,-51.5549,277.7281,106.8013,-25.8690,49.3548,-17.7432,-132.4004,63.9043
-49.4581,-29.2638,-42.0477,-54.8185,21.6707,2.9188,29.4600,5.4993,-80.6256,134.3585,57.6866,-75.8845,237.6101,78.8547,9.5895,58.7845,-76.1437,-161.1279,45.4824
-91.6478,-86.8020,-134.3894,-64.9183,41.0059,14.3536,55.1082,-3.8398,-61.9728,121.4778,4.5968,-47.0737,191.5943,94.7871,35.2540,38.6570,-95.2983,-155.9744,56.3615
-112.6577,-131.4708,-215.2873,-74.3317,42.2341,58.7653,56.3020,13.8648,-16.8730,93.7195,-59.0229,-51.2185,136.2302,78.8997,42.2508,3.5885,-66.6983,-159.6045,72.1863
-127.4311,-139.1949,-242.9335,-98.3057,8.2919,49.4336,31.1702,10.5350,-44.0312,66.9908,-92.0598,-114.7694,83.8616,-8.8766,60.0396,33.4335,-30.4142,-180.4756,74.5750
-168.9775,-154.9245,-206.0450,-99.0433,-31.3148,33.7157,-5.0956,3.5383,-81.6530,59.4335,-71.6911,-160.8941,23.5775,-42.3452,66.9822,99.6647,-20.5947,-169.0943,74.9667
-178.4873,-168.1034,-156.2283,-75.3149,-52.0458,87.2861,-43.3993,17.3577,-34.0630,29.3677,-43.0480,-142.7075,-35.8992,22.9678,48.6215,82.1287,-32.0577,-137.6658,70.8358
-110.4789,-150.0914,-146.7228,-74.7122,-71.5426,118.0985,-79.1427,27.8127,10.4088,-26.4655,-51.6796,-101.2321,-45.9022,52.8237,20.4579,4.4573,-45.5291,-151.1335,70.3351
-44.7499,-150.6526,-155.7515,-98.6452,-99.6671,61.6926,-92.7420,29.0016,-13.1837,-28.7325,-58.5339,-78.0331,-6.9834,13.9864,-28.1469,-10.1607,-40.8044,-179.2520,85.6858
-43.2705,-162.7441,-118.6572,-90.7382,-79.5060,16.5998,-80.4194,39.3097,-52.1922,35.9137,-9.9602,-77.0416,31.7398,1.0211,-86.3414,25.2455,-15.0208,-137.3575,96.9687
-60.8515,-112.4116,-45.8772,-53.9781,29.5996,24.8139,-64.2737,44.5940,-84.1064,82.0496,47.3881,-99.9922,59.2466,7.4850,-98.8253,26.8741,-15.1998,-54.4341,96.8576
-69.2485,-54.5187,-29.5696,-63.0736,155.7854,28.9006,-32.0568,39.5184,-65.0605,85.6697,35.7772,-127.6450,92.5522,-11.5772,-65.4539,8.6023,-81.0822,-19.7840,104.1249
-92.1076,-66.7506,-86.4905,-112.6839,231.8244,47.1906,44.3176,63.4898,35.6524,102.7878,-19.4311,-109.6442,128.9110,-6.5117,-40.4602,20.6467,-148.3805,-15.6627,118.8381
-116.7434,-63.9674,-111.0217,-98.5554,298.2041,118.0680,117.8666,127.1948,79.1363,139.4795,-46.5465,-43.9567,152.4385,35.5509,-35.5574,83.7337,-116.8436,32.3570,143.8358
-104.0798,-3.2455,-48.8832,2.3716,359.6387,192.8236,117.8816,188.5724,-0.6170,160.3688,-44.4342,3.5578,143.9322,57.5689,-33.7507,188.6030,-9.9057,106.2280,180.9415
-45.7010,17.4250,28.8801,93.6469,334.0247,240.5792,66.9532,223.6360,-38.2258,172.7993,-37.3955,1.2556,98.7637,79.2157,-35.1335,242.0151,55.7365,137.6574,183.9602
27.4348,1.3889,59.1382,118.6434,233.1156,282.9890,28.6065,248.3638,-6.7918,192.1875,-21.5119,-12.1078,37.3648,143.7347,-31.6406,167.6035,41.8516,129.2756,144.3721
44.2335,19.6677,37.8508,104.3489,158.4826,303.3421,11.1803,278.7420,-41.7455,203.4878,-16.7197,-6.7624,-33.2660,199.0698,-10.7866,78.0534,10.8191,114.0432,145.4839
-33.6859,15.5705,-29.1695,73.7063,116.2771,276.0414,2.3143,302.4844,-60.5927,206.5238,-46.3860,3.3454,-111.1654,196.6454,16.6269,113.5161,-0.3930,66.3175,193.6591
-115.6406,-36.3611,-102.8147,32.6923,43.1960,214.2254,-10.1066,283.8409,42.2398,213.8031,-76.0642,-4.1373,-157.9379,160.6828,24.1627,211.5439,-22.4569,-43.6192,171.5086
-94.0716,-44.5010,-133.4961,-16.1211,-74.9803,118.9280,-59.9836,213.8281,91.7111,207.0451,-82.5001,-40.9374,-163.8746,104.1317,-22.3022,243.0553,-85.0075,-180.7794,56.9545
-24.9992,-23.8919,-150.5501,-98.9484,-225.8912,-11.0116,-133.2162,137.3730,-5.5070,163.2845,-96.2930,-99.2123,-183.9732,28.3497,-123.3131,186.1636,-187.4226,-301.8194,-40.4282
-31.8346,-62.1601,-203.3402,-228.6122,-373.0009,-137.9945,-159.6029,83.5383,-87.0656,101.5170,-110.8604,-151.6185,-221.0050,-31.9662,-199.4496,73.9884,-321.0195,-393.7139,-85.0145
-99.4870,-124.7716,-262.6241,-346.2689,-439.7969,-231.0851,-154.2703,27.8839,-100.6089,73.7311,-82.0225,-189.2289,-209.1249,-65.0483,-187.8044,-18.2941,-455.1314,-427.1876,-129.3300
-128.1729,-164.1294,-287.0979,-382.0471,-409.4664,-284.4669,-203.3286,-41.6601,-122.5805,106.5454,-31.5883,-230.7625,-155.9870,-98.8859,-159.1906,11.1607,-529.0312,-375.8410,-173.7751
-108.7029,-191.7896,-282.1666,-336.4106,-346.2999,-297.4135,-286.9987,-126.0817,-145.6076,146.4956,-27.0595,-270.0012,-139.5952,-137.2823,-213.3645,122.0348,-514.7283,-287.2924,-192.1233
-99.9391,-160.9611,-260.7531,-264.4210,-288.1844,-306.9326,-316.6036,-267.6147,-174.0616,126.0591,-89.0324,-268.3701,-184.0361,-164.3013,-316.8540,145.8160,-455.9006,-245.3344,-207.5245
-107.9640,-59.6587,-255.7749,-223.9939,-256.1391,-354.6924,-311.9256,-465.6595,-210.2057,89.3435,-188.7642,-220.2243,-270.8333,-180.1975,-361.9628,51.4020,-411.6152,-275.9795,-241.7108
-107.5057,2.0112,-303.4813,-241.3148,-295.4897,-394.6589,-353.0137,-615.7959,-145.2194,110.3382,-278.8888,-172.0995,-390.0867,-187.0329,-327.6906,-24.0773,-407.1392,-339.2911,-285.3439
-120.0550,-21.2571,-354.0141,-297.3262,-384.8062,-361.5614,-423.9178,-662.1776,15.8472,127.7514,-315.6856,-163.5298,-499.6575,-186.9031,-294.9997,-23.1931,-440.8372,-380.1932,-343.1280
-168.5041,-79.4952,-338.1104,-347.1615,-444.2910,-286.3936,-456.0944,-679.3694,91.4017,65.1458,-301.9482,-181.7731,-546.0097,-182.5145,-324.4277,-25.2457,-478.1838,-374.7229,-418.5675
-212.4391,-155.7554,-297.0670,-351.3014,-475.7253,-221.1583,-463.2751,-716.0810,5.5461,-16.9428,-287.7651,-183.4808,-554.6738,-157.3701,-382.0213,-67.0232,-468.5158,-347.2486,-479.5537
-213.2601,-191.3394,-295.4907,-303.9825,-531.3812,-160.3793,-514.6324,-731.5713,-203.1152,-88.6963,-313.2528,-148.5580,-593.9162,-113.8778,-414.4976,-102.7543,-412.9838,-323.4426,-507.8460
-191.7131,-108.8800,-302.0278,-234.0066,-588.9481,-111.6075,-596.2762,-718.0149,-459.6535,-212.5761,-361.8933,-96.9961,-651.5159,-98.6837,-428.5952,-133.2011,-347.8119,-282.3600,-528.4877
-171.2784,-0.4079,-254.9491,-145.5333,-597.2849,-97.9463,-608.2975,-707.9706,-566.4885,-316.3582,-361.0699,-54.6883,-643.6389,-118.6260,-436.9501,-192.6658,-264.3688,-204.5617,-550.5657
-156.6156,24.2196,-134.4350,-12.2025,-559.9972,-87.3997,-522.2957,-686.6395,-460.9140,-269.7704,-260.5959,-33.5486,-548.0463,-119.2786,-416.5903,-225.5508,-149.5912,-128.6692,-548.8380
-158.2234,49.6018,25.6924,125.3923,-501.6995,-52.1155,-419.4366,-635.0055,-391.7918,-174.1112,-123.8871,-40.6127,-442.0641,-94.6004,-372.0766,-168.5890,-54.5382,-97.2585,-523.6393
-155.9265,131.9012,122.0950,188.7959,-440.0495,-25.3322,-346.0620,-580.0331,-438.4500,-183.4379,-66.7950,-65.6591,-385.7705,-92.5530,-337.2252,-94.7909,-18.9629,-84.1568,-503.3179
-127.3574,157.5165,84.8551,206.4875,-383.8481,-15.1395,-277.4458,-525.5921,-414.9606,-215.2377,-103.3911,-78.2018,-342.4236,-105.8480,-306.5965,-79.4779,-13.3898,-33.4940,-481.1495
-140.0221,75.9217,-1.5977,236.3161,-304.1821,9.8117,-212.3782,-449.2406,-383.9170,-165.6924,-140.5999,-69.0847,-252.3693,-87.7822,-259.1718,-70.1425,-24.3413,51.7396,-434.6299
-245.5908,-32.6084,-33.6099,217.2754,-178.9098,31.8323,-162.4062,-378.0946,-456.5669,-102.0363,-115.7643,-53.4073,-133.1608,-42.9634,-211.6798,-41.0372,-82.8129,112.2858,-397.7715
-338.7860,-96.2356,-41.3809,122.4397,-60.6142,27.2141,-106.5716,-346.8427,-392.5106,-69.9763,-69.5483,-28.7385,-67.6519,-4.4126,-181.3439,-39.1067,-166.9712,115.6577,-410.6723
-332.7179,-79.6143,-75.6167,72.9207,-7.7966,36.3934,-47.0704,-332.8221,-182.9926,-64.4523,-87.1084,6.4447,-106.1812,19.5071,-156.1645,-39.6386,-194.4113,74.2201,-431.0106
-315.0755,-17.8226,-121.8299,109.3213,-12.3985,67.2706,-16.4682,-323.9384,-240.7182,-139.3342,-183.2965,25.3005,-197.7119,30.6548,-130.3526,-19.1826,-146.2614,-9.3390,-409.3782
-339.7305,-16.7065,-180.7059,113.8982,-55.7908,59.9211,-13.6288,-340.8649,-498.2237,-243.8889,-266.6112,19.0910,-244.9884,32.3255,-118.5249,-31.5808,-107.1188,-122.9737,-382.3884
-329.4244,-88.3707,-258.7623,39.7241,-138.0472,12.2475,-28.6714,-359.5548,-459.9969,-227.6785,-263.7168,0.8345,-230.2311,26.9998,-135.8493,-37.2160,-146.1374,-210.9620,-395.4477
-292.8866,-153.8870,-323.2853,-59.0737,-236.1774,-36.5155,-79.1224,-361.1497,-236.5471,-175.4140,-217.1649,-45.4468,-215.2041,-5.9576,-170.8893,23.2693,-223.7505,-266.9473,-439.0898
-311.6735,-205.2247,-363.0522,-159.9859,-326.0471,-124.0413,-168.5048,-407.2069,-280.6111,-287.7800,-188.3255,-113.4451,-224.5253,-78.8007,-184.2375,10.3431,-268.6060,-357.7245,-508.7536
-331.4405,-229.0294,-380.5728,-220.9417,-415.0485,-266.3126,-282.1094,-497.0387,-441.5238,-435.0100,-170.6134,-128.3373,-236.2047,-143.6734,-178.7744,-141.5614,-288.8347,-459.9649,-592.1468
-285.1064,-155.7834,-341.5402,-182.7240,-487.1719,-349.3712,-390.9820,-494.4147,-391.3919,-375.6120,-147.5417,-73.3122,-246.8026,-147.4547,-219.9702,-213.6134,-326.5256,-458.9543,-614.6118
-269.1496,-63.1803,-255.2211,-115.2417,-477.5750,-309.9278,-424.7250,-361.3910,-342.2463,-253.4148,-115.9759,-47.2299,-241.7666,-120.7983,-309.4307,-138.1448,-361.9390,-361.5387,-534.4824
-343.6018,-104.5547,-196.8410,-123.3391,-353.0177,-256.9526,-357.6869,-247.3493,-504.8985,-308.2764,-71.4587,-91.8126,-194.1729,-134.4756,-350.0716,-138.8769,-358.9544,-272.7548,-423.1360
-403.2595,-208.8982,-190.9271,-150.9887,-172.7244,-270.0977,-283.8152,-219.9570,-590.0852,-382.0979,-56.6407,-120.9636,-149.3537,-184.0390,-312.0926,-240.1692,-336.5470,-184.0816,-353.6847
-389.7386,-209.6625,-205.1587,-92.2749,-29.1014,-267.2203,-260.0800,-171.5707,-399.0790,-252.6819,-105.4983,-84.6801,-165.2524,-194.0673,-276.9504,-244.4596,-302.5026,-24.6910,-305.4259
-357.1448,-131.2224,-212.1449,34.0558,58.8151,-159.1273,-210.0480,-59.2401,-222.8436,-93.9394,-126.1218,-30.4952,-189.2655,-139.6009,-282.8187,-160.4037,-210.7536,169.7632,-223.1706
-317.4874,-77.7806,-171.5555,142.2462,138.5261,21.3244,-102.6271,28.5232,-296.5098,-126.5181,-38.3686,7.0979,-158.0735,-83.5872,-291.3320,-120.6783,-68.0660,312.4339,-96.4318
-265.7570,-78.7287,-76.9855,173.3185,205.0958,178.6332,-20.9538,52.4298,-397.0322,-213.7138,55.9726,26.4778,-115.8008,-63.8337,-281.7767,-111.3826,31.1702,361.9023,25.3064
-266.7223,-149.6931,-12.9691,119.1053,186.9700,257.6389,-4.1753,58.9873,-289.0750,-188.7277,50.8219,7.0905,-112.5229,-36.5843,-260.0767,-96.8854,34.7768,310.7672,77.7513
-339.7545,-267.1324,-38.1302,29.3521,69.8843,279.1805,-33.6269,80.1403,-160.1539,-153.0215,-0.1568,-51.9286,-151.4003,20.2863,-243.6737,-95.7894,-19.0110,193.2267,61.2829
-394.8063,-339.2209,-112.8081,-55.5355,-89.8965,276.7922,-126.3535,121.0717,-243.5182,-184.2525,-47.9576,-102.7480,-261.1680,57.2711,-264.9698,-87.4461,-97.6617,57.9118,33.1547
-387.3662,-345.4461,-196.0866,-145.6844,-275.5061,223.6579,-277.1591,171.1781,-364.9052,-192.5503,-124.2855,-113.6793,-432.4412,46.2234,-316.1542,-88.4095,-199.0510,-98.2110,-0.4875
-393.1906,-345.9672,-260.6543,-220.2596,-490.1714,88.2160,-426.9955,177.9342,-324.6283,-191.5826,-191.2390,-100.1742,-551.7412,9.4481,-354.9675,-153.0574,-290.6874,-269.3471,-101.8666
-462.4248,-348.1232,-267.8540,-239.3652,-665.6586,-99.8512,-561.9828,82.2803,-343.7532,-293.7669,-177.0531,-85.7547,-553.5668,-49.1006,-395.8547,-230.0062,-336.8290,-399.4972,-295.5400
-528.4193,-340.2992,-262.7231,-250.5602,-737.6194,-306.3962,-696.2242,-107.4712,-605.7020,-449.3438,-137.2058,-83.6282,-511.8895,-132.2096,-466.3074,-261.8603,-367.0459,-490.6324,-511.6270
-533.4560,-350.9863,-337.7298,-313.2554,-745.4295,-500.8199,-769.6740,-300.9742,-795.6413,-512.6781,-166.8743,-97.6107,-505.6152,-204.2308,-509.8250,-297.8904,-431.5953,-586.7663,-639.5425
-535.8470,-363.6020,-454.6585,-384.7304,-738.3560,-614.3956,-713.6953,-394.2469,-623.2573,-454.8399,-242.7491,-118.8623,-531.0044,-249.2480,-480.0308,-342.2215,-518.5893,-652.0784,-631.4359
-587.9417,-333.0143,-506.6784,-422.7975,-679.3632,-651.1131,-576.6600,-379.0565,-331.5794,-347.5474,-290.2308,-144.3434,-546.9776,-308.2822,-429.8544,-350.7315,-576.5306,-649.8416,-548.8911
-614.9874,-297.2261,-501.0970,-459.5377,-534.4659,-718.0525,-463.3000,-339.4857,-218.0320,-268.2815,-300.6470,-179.9634,-518.1001,-391.8059,-399.2248,-369.4518,-591.0754,-618.2966,-465.1179
-550.9691,-314.7508,-498.5107,-495.2081,-358.2088,-788.7744,-388.4492,-300.5228,-144.5034,-220.3807,-303.9966,-203.7501,-454.1481,-431.1380,-364.8177,-405.0867,-587.6926,-545.4363,-367.4901
-460.8654,-353.4520,-490.2764,-481.9586,-218.3391,-682.6707,-297.7355,-208.9355,44.7048,-135.2316,-299.4167,-179.4890,-406.6920,-371.4695,-342.7910,-355.2377,-560.6353,-388.0123,-241.0167
-394.1865,-358.6019,-449.2732,-418.8501,-117.4097,-384.5010,-212.3460,-100.2741,109.1246,-73.3402,-266.8296,-127.9143,-386.7371,-260.1104,-375.1189,-246.2570,-456.7729,-214.2777,-151.0604
-298.9012,-341.5973,-384.3979,-337.1597,-40.0803,-75.9524,-212.8501,-79.1343,-132.6963,-190.5005,-222.8930,-111.8421,-358.9261,-185.6635,-423.0589,-222.2156,-268.7621,-92.9086,-136.0551
-182.9358,-330.7987,-309.5116,-247.7486,-4.5753,138.6060,-271.5780,-117.4064,-392.4260,-362.4407,-202.6051,-139.9827,-320.1447,-151.2289,-415.7793,-256.4016,-85.0956,16.1414,-131.9422
-145.8075,-316.3587,-229.9098,-170.0974,-20.9237,244.9384,-284.5887,-95.8013,-408.2965,-334.9235,-188.3020,-164.0686,-294.6079,-86.4525,-370.5265,-213.0887,14.7591,98.1139,-83.2926
-188.4431,-289.9481,-153.8569,-133.1924,-60.5085,218.0003,-263.9683,-10.9848,-365.5254,-246.6234,-145.1131,-159.5841,-291.9226,12.8047,-357.0085,-112.7778,43.6689,62.7767,-24.4620
-196.7008,-278.8198,-104.2535,-136.8720,-108.8111,119.9026,-287.7688,48.6673,-409.2233,-331.1522,-104.6901,-137.1231,-310.8738,66.9459,-375.9089,-55.9938,28.2641,-70.3507,-21.4176
-126.9425,-291.0345,-100.9392,-169.7942,-187.2603,51.2925,-331.3897,44.5255,-335.9019,-382.0880,-99.0240,-111.6884,-318.3591,50.5600,-361.9903,-40.4430,-35.8941,-222.3294,-101.4595
-43.7278,-278.3269,-103.9247,-223.7257,-287.6104,-35.1319,-353.3001,-19.6754,-126.1498,-227.1151,-79.8257,-105.2949,-266.3128,23.0532,-302.5136,-43.6601,-104.5748,-384.1729,-236.8743
-0.0113,-223.1394,-59.7783,-265.3552,-356.6481,-196.6829,-402.4932,-135.6001,-112.4410,-155.3960,-20.4731,-118.0922,-182.2647,8.3495,-266.7611,-101.5342,-114.5379,-517.1976,-379.3423
3.6417,-194.6824,-20.1603,-265.2756,-366.6321,-327.6656,-480.9535,-259.5649,-359.9918,-299.2518,20.0902,-107.9211,-130.1742,-36.4703,-283.1402,-187.2704,-107.9640,-541.6910,-490.0706
-21.6631,-226.2479,-61.7433,-258.3647,-323.8842,-367.0832,-477.8282,-318.1159,-501.9788,-353.2467,9.9040,-77.1719,-95.5970,-123.2656,-281.3522,-203.0593,-172.8515,-490.9288,-510.1733
-56.9060,-236.9109,-137.4981,-302.8868,-226.3082,-410.5896,-336.5753,-265.8341,-316.7725,-204.0758,-18.5993,-92.3451,-51.9703,-197.8430,-223.5471,-156.9937,-298.8194,-455.3926,-399.2705
-70.0390,-183.5720,-185.4588,-389.8594,-98.4330,-487.3355,-156.3177,-149.6737,-42.5833,-90.4732,-43.6557,-142.5903,-37.1334,-225.1281,-187.0431,-144.2935,-415.2083,-435.1479,-260.9694
-72.0786,-161.2697,-248.8417,-453.7630,-13.1585,-515.2584,-95.5692,-101.2002,-65.6654,-136.3296,-53.6550,-144.4695,-53.4132,-242.8161,-233.4640,-145.4990,-475.9507,-391.4544,-249.9702
-127.4795,-230.0919,-330.8358,-447.7397,5.3634,-451.6612,-195.7285,-165.0832,-397.8431,-244.8224,-40.9742,-119.9209,-60.0706,-269.1008,-295.6056,-82.4627,-440.4457,-302.5970,-311.8019
-217.4503,-281.1439,-333.0438,-365.5887,16.6129,-274.5931,-310.6342,-194.6806,-573.5109,-270.8106,-38.9648,-145.0779,-86.5225,-223.9413,-279.7888,-12.3373,-312.1923,-142.1719,-268.0061
-200.6535,-207.5509,-243.0788,-238.0362,43.3463,15.5998,-315.0921,-77.0412,-324.7096,-137.9908,-57.3584,-165.4881,-160.9593,-65.7624,-204.1369,-12.8081,-192.5938,54.3712,-141.8097
-47.1437,-81.9209,-168.0603,-129.5314,33.6044,290.3585,-305.7797,79.0769,-45.9559,28.5505,-32.8596,-106.1784,-208.1771,83.0944,-157.5522,-17.6434,-148.8470,184.4057,-98.6775
65.6508,-31.2540,-150.6854,-72.0589,-31.9951,414.2323,-389.5139,146.9718,-83.0470,63.7569,40.7394,-36.1113,-190.7367,111.3860,-171.2499,35.5314,-112.0583,211.2328,-149.0665
39.9213,-46.2396,-135.3281,-15.8242,-122.3096,414.6989,-461.8799,156.8489,-172.1347,60.7514,70.2847,-16.2463,-193.2432,91.0885,-191.7045,103.0501,-23.5419,169.3829,-192.1170
-10.2766,-41.6958,-93.3046,74.2768,-219.9279,363.1994,-428.4444,154.5560,-116.8805,142.4187,38.5974,13.6799,-249.0895,128.0348,-159.8105,146.6299,60.8146,83.9036,-213.3084
-20.0532,-10.0236,-55.4893,133.9732,-290.7122,272.4743,-371.9733,130.8764,-130.6340,195.0751,33.8728,71.2846,-273.9359,203.1604,-88.5073,145.4772,81.1363,3.2723,-239.4098
-57.0639,-1.8252,-53.9576,96.4075,-276.4543,170.2535,-356.2802,98.7330,-195.5831,164.5713,65.5216,86.0148,-230.0435,235.0890,-53.3953,104.7652,38.9412,-29.8895,-271.6147
-118.8491,-31.3138,-93.6239,-11.5574,-209.6804,58.8276,-370.1586,38.5220,-113.3636,151.9410,48.7806,44.8236,-187.0910,163.7109,-90.4563,119.8245,-49.6691,-74.4462,-344.5302
-144.0214,-76.1250,-151.2194,-118.6693,-198.7666,-107.8629,-445.9365,-102.5210,-95.7704,111.1276,-22.9505,-4.8338,-196.9455,28.7494,-141.9260,184.0559,-141.5998,-173.0638,-460.3977
-144.8739,-114.7074,-178.6976,-172.7892,-241.4164,-260.5180,-559.1315,-243.7278,-326.6932,-19.6577,-63.0547,-33.3205,-227.2026,-10.4065,-161.9503,125.2127,-171.5416,-232.9893,-502.1443
-133.5803,-138.3576,-151.0556,-171.8468,-227.1036,-271.0795,-577.9656,-246.8885,-454.6494,-73.9121,-45.5994,-20.3024,-233.6841,65.8435,-187.9635,10.9028,-153.7056,-207.3181,-401.2375
-95.7811,-156.0313,-124.5118,-179.7851,-142.3408,-208.0466,-473.8290,-157.4107,-253.7543,40.7596,-38.6209,12.0972,-218.7036,24.6217,-212.9032,108.1423,-175.5243,-204.3267,-268.0823
-89.1482,-179.4118,-173.4568,-247.0714,-86.9311,-220.7485,-348.1947,-96.7952,-19.5518,175.6227,-77.1521,-20.0217,-192.7583,-180.2758,-148.6757,283.1003,-261.8593,-280.1856,-209.1969
-155.5955,-210.7908,-264.9378,-340.6195,-102.9723,-262.8553,-255.5751,-47.5669,45.1964,240.7016,-111.9687,-128.6065,-148.9999,-249.0098,-18.9125,204.3484,-361.7851,-348.0195,-197.5871
-223.3011,-255.2020,-312.5956,-420.1705,-147.3105,-225.4464,-209.2321,21.4693,49.2917,270.2692,-109.9750,-209.9097,-109.6709,-102.7484,47.7887,37.8350,-444.3653,-346.4490,-203.8932
-250.2952,-298.8854,-328.0480,-468.0801,-188.1958,-146.7199,-223.2976,50.8306,39.3263,269.4166,-106.3822,-203.2559,-113.9651,-26.6733,57.6250,87.8986,-493.2636,-291.3992,-240.7461
-270.9700,-293.4691,-357.3267,-425.0077,-214.3767,-79.4591,-240.5469,50.3924,14.0549,253.7865,-115.7256,-146.2376,-135.8244,-76.0614,91.8046,175.3197,-461.4685,-188.9854,-261.9706
-265.4965,-228.1674,-349.0658,-277.5609,-209.4695,9.1835,-205.0093,92.0299,57.2136,248.2173,-96.5754,-75.6618,-118.3755,-27.8284,88.8130,111.7871,-332.1819,-56.7735,-222.2442
-210.9337,-159.5645,-256.2908,-134.1775,-181.4046,110.1852,-174.3345,137.3214,141.4800,226.1468,-41.6579,-4.2791,-76.1305,92.3962,0.1783,107.3007,-163.9392,43.8863,-178.0032
-165.0016,-112.9296,-128.6282,-36.2403,-155.3942,162.9128,-199.3811,127.2934,120.0691,197.8154,12.8835,59.2171,-51.4448,102.7545,-49.7139,241.7641,-15.7856,95.1264,-178.9766
-138.0850,-49.5573,-2.9614,103.8314,-129.0388,163.4234,-230.2275,118.7359,-32.3255,183.6012,67.0189,128.4052,-35.5913,74.6255,-14.8302,298.4585,95.1681,145.8695,-200.8686
-79.1493,34.1471,111.5190,261.7996,-94.4000,131.7185,-224.3939,131.7628,-212.8421,121.6880,126.1796,202.6840,-18.6683,129.0571,-12.0114,240.4506,148.6891,196.9970,-249.5936
-18.5029,73.7694,162.4429,302.0508,-77.9555,53.9828,-189.7904,81.9752,-329.2255,25.4540,144.7678,235.8390,-15.2767,174.3924,-46.6891,203.9650,132.0385,174.9845,-330.0216
2.9729,32.0947,151.4058,241.8715,-104.3900,-46.8337,-139.2908,-6.7357,-330.3696,16.5624,108.5803,212.6147,-14.5640,155.4350,-45.7902,198.7061,85.7836,67.4843,-349.6042
43.1968,-17.9160,162.8145,204.5371,-147.2290,-83.4373,-106.7823,10.4725,-236.8090,76.1487,82.6427,186.6479,-2.2575,165.4774,-77.3724,209.9069,58.6889,-24.6389,-265.5514
121.3972,39.9306,200.7207,194.1942,-151.7735,-22.0336,-116.0416,130.3739,-183.6830,73.9905,105.9718,195.0332,12.2966,203.9099,-164.3364,267.2232,54.2885,-29.8257,-190.2611
165.2673,183.5201,215.7243,163.9633,-98.0406,46.9223,-117.9206,186.0303,-282.8753,6.3034,149.2543,211.1785,40.8906,178.9824,-150.5431,301.2618,63.7694,3.0553,-189.2653
164.5441,253.2594,244.6770,146.0339,-27.7154,34.2153,-70.4765,126.9453,-389.2424,-39.6918,183.6201,209.0735,87.6335,116.4610,-26.2882,243.4805,80.5950,14.1301,-195.2452
161.8250,213.2387,289.9494,166.5123,-5.3173,-15.1631,-24.4242,74.0656,-243.1837,-1.3902,177.2067,214.4981,96.1890,101.0751,7.6948,168.3500,81.8504,14.2173,-187.3402
146.1406,208.7894,258.6547,194.2446,-48.0538,-24.8848,-32.2084,92.1039,49.1075,125.1100,95.3709,251.2604,45.0507,104.3605,-68.5877,158.2869,73.6347,6.7240,-191.8197
127.6840,291.1999,184.3454,210.2380,-105.6218,-33.6016,-53.6576,121.0314,114.9051,219.4000,-0.4303,269.7238,9.7891,46.7457,-73.0929,203.6465,102.8118,-32.6058,-151.0824
167.8571,354.3188,207.1130,218.4888,-118.0087,-80.1286,-24.0552,131.4256,-6.3110,174.2544,5.5415,212.8646,42.6366,-48.6038,16.0570,259.6952,170.4642,-64.1110,-30.4751
242.4218,351.6704,301.3247,224.5666,-73.3434,-80.5349,45.9235,163.9070,30.2177,94.3605,88.2407,129.9226,108.9575,-89.4563,66.2804,277.5236,228.1703,-17.7633,81.6432
254.6325,317.2749,340.5322,237.2929,-8.6063,3.8157,97.1445,223.1695,153.6389,86.5431,112.7926,100.8006,162.7007,-64.9614,60.3309,246.5701,262.9608,75.6366,131.2234
202.7158,271.4099,326.8693,252.3568,23.7477,70.2048,118.2429,278.6009,140.3727,87.1058,65.5352,107.8505,177.8969,-39.8408,70.0588,218.4599,289.0020,121.3269,172.4072
182.6991,261.0845,306.1026,266.6255,3.2736,79.5917,137.6102,329.5223,189.4498,96.3595,46.7999,119.6418,145.5748,-12.7124,80.5979,223.0703,308.0844,104.2102,230.0816
238.9200,303.8391,257.5519,299.8603,-30.9831,111.3087,133.2945,362.8037,353.0118,168.6743,66.5602,166.5285,90.7330,66.9099,30.0920,238.8543,331.3512,80.8495,256.1136
304.9868,314.3242,210.9450,342.3892,-28.9645,168.7991,70.0575,335.7834,232.8274,194.5324,51.0046,218.7571,39.3655,159.0418,-54.9189,244.4265,349.1953,78.7931,218.0372
303.4928,289.9765,246.2022,349.9701,4.2364,192.6601,1.3147,272.6299,-115.3549,127.2092,2.8105,195.8687,3.2950,177.9552,-87.1517,227.3534,311.4653,96.5551,143.3650
277.1886,348.8451,343.2709,331.1525,36.9270,208.4169,-8.0333,252.7911,-149.1128,125.7636,-7.9049,144.8415,18.0433,131.2008,-55.7229,225.6227,232.9133,133.2938,95.9707
335.6373,455.0135,410.6028,328.6472,64.0005,242.5284,4.2290,282.2537,109.3741,200.1501,31.0701,167.8708,86.2066,85.1582,-20.6372,311.7178,189.2286,154.1109,97.4147
443.9685,462.6678,415.4271,324.3846,76.5211,242.1545,-9.0425,309.0354,222.4632,205.8205,61.5985,222.1368,133.4935,78.7093,30.3138,396.3477,163.4673,121.6656,88.5044
446.8017,421.0877,388.6078,290.2305,58.2700,208.3239,-2.9309,328.9045,184.7093,194.3902,52.5495,222.5762,149.0273,120.9625,142.9075,289.5529,102.3276,93.4096,47.8169
349.8613,458.4769,371.1522,276.9034,45.9515,206.9785,60.7957,361.2101,176.7722,274.7646,46.6667,212.4019,210.4668,164.5701,210.9905,96.9997,76.1350,151.0775,50.0853
317.0444,522.9942,380.1636,335.0343,73.5666,225.7570,120.2871,394.1548,219.3381,370.0635,80.9820,254.7316,281.9550,128.9511,104.2878,116.9812,152.2593,237.0125,109.1100
366.2701,523.2038,386.9646,414.0493,75.7915,212.8647,103.0740,409.1274,402.2413,402.5365,111.5873,315.4833,250.8897,38.1373,-33.2915,264.5089,244.6688,243.0590,126.1816
371.3316,485.5611,352.9565,430.1357,-10.7869,177.7307,38.9333,376.9516,585.6913,365.7868,93.1088,344.0973,167.2671,-7.6296,22.8849,202.7079,267.6520,215.5101,57.6497
329.4500,457.1562,287.4363,386.7498,-133.6184,121.5166,2.8472,267.9970,326.1837,244.6998,63.9790,334.0225,134.6387,-26.4149,151.3574,29.4799,251.6272,257.6559,-34.4143
322.0081,466.0886,224.5405,355.6880,-235.1495,23.6512,-23.2774,136.7687,-172.0354,128.7661,50.5870,293.9235,84.7660,-100.5636,81.3406,98.2517,234.6536,324.4019,-91.4010
318.1583,522.3856,162.1735,360.7021,-326.5815,-57.3762,-107.7364,77.2269,-155.4084,88.3118,4.0404,243.5221,-36.5533,-158.2157,-105.8361,266.0535,227.8396,316.7073,-100.6847
278.4717,554.7773,71.9541,354.6052,-390.0602,-58.2584,-205.0200,67.7558,271.5057,-43.6985,-73.2243,208.0872,-101.0388,-73.1561,-140.9592,146.3176,244.2205,240.1490,-91.6758
265.1666,501.9373,-39.9208,309.7615,-402.5943,-40.5840,-222.3465,33.9683,324.2908,-285.8160,-111.0377,193.2576,-51.6138,81.0126,-59.9604,-81.5925,239.2384,139.9384,-108.8309
273.4981,434.1047,-119.1194,253.8289,-415.4185,-61.5135,-185.5098,26.9530,24.2542,-274.5620,-122.7713,193.3509,-3.6730,145.0113,-51.6321,8.1586,160.0164,52.9252,-120.2786
212.3331,429.2875,-127.9055,217.6544,-426.3540,-41.2878,-125.1413,132.6552,-7.7509,89.0027,-167.7812,205.0097,19.9044,149.9867,-41.3006,236.3864,70.2098,39.1232,-54.7781
122.4373,454.1927,-95.7603,205.6656,-345.3299,62.9351,6.8040,277.0331,216.7216,366.8824,-202.5881,221.1921,98.8554,213.3501,95.8736,171.0037,53.4854,78.5822,40.7349
123.0088,445.6890,-68.2947,187.7167,-207.8873,119.2116,130.7737,310.8635,288.8537,290.9509,-168.7108,229.5481,181.8084,271.5501,191.5916,-39.0581,70.8912,40.7626,59.4395
179.0081,377.6392,-46.2822,103.7069,-152.8507,20.2471,94.6368,211.9487,235.3687,61.8945,-117.3020,207.2363,175.0194,189.7766,100.7174,-21.1647,49.6029,-102.9379,8.6918
195.5728,267.9745,-21.0487,-51.7421,-169.3156,-144.6205,-5.3684,75.5410,249.4555,-128.9379,-94.0620,130.8684,143.2525,25.6806,21.6633,87.8633,-6.4352,-227.3930,-45.5326
208.0554,184.6702,-13.6722,-175.6349,-159.5832,-243.6333,14.5851,-21.7194,246.3090,-241.2605,-58.2555,16.7447,172.7229,-69.4227,119.6718,-8.9063,-45.8673,-266.4433,-88.0033
266.5677,175.4371,-34.8829,-170.0762,-143.5616,-270.3159,78.5151,-67.8858,194.5340,-178.9494,-0.2402,-73.1695,216.6187,-85.0818,222.0897,-187.2507,-10.3052,-254.1634,-104.3568
325.5864,224.0313,-53.8248,-49.6604,-153.5462,-268.0580,68.8443,-74.6590,275.4184,53.2703,23.3168,-80.9639,218.6110,-92.1203,186.3157,-204.9843,109.9139,-200.8569,-83.5424
350.1640,303.9619,-37.1223,105.4755,-143.7109,-246.2209,55.2737,-56.4339,427.2860,188.0915,-5.0498,-17.8060,194.3508,-116.8883,146.6622,-119.3841,223.5380,-122.2027,-80.2457
341.2529,369.1596,7.6004,220.1599,-140.3846,-235.9184,42.3676,-52.1744,336.4978,34.5385,-40.7006,9.7408,151.0000,-189.1990,187.8198,-97.4196,249.2806,-79.5090,-125.4912
290.8483,363.3116,44.0444,256.5587,-214.7210,-280.6302,-51.5710,-101.5450,66.9657,-219.3589,-50.3838,-86.8727,84.4324,-318.5546,181.3281,-159.6897,233.0587,-79.0438,-150.3760
243.3916,339.6619,53.0596,243.0610,-310.2138,-336.0286,-133.3087,-165.0001,35.2957,-280.4885,-50.3217,-220.5317,22.8208,-405.7644,76.7178,-221.2329,243.5863,-63.9994,-96.9732
254.5865,389.1132,49.9172,231.0896,-338.8027,-310.7428,-100.9432,-153.3415,253.2476,-150.3491,-65.8748,-236.3511,-9.4987,-365.6555,23.4916,-211.6117,265.0578,-23.2013,3.1943
259.5402,434.7345,50.7978,222.7640,-321.8295,-205.9078,-60.1324,-68.8049,350.8338,-30.1956,-76.0755,-157.5383,-5.3790,-258.8000,118.7961,-145.3003,261.6570,5.3516,90.4240
184.7032,355.8675,44.9237,196.1870,-277.9704,-102.0815,-63.9424,0.8815,304.4605,9.2040,-53.3171,-112.0092,48.9085,-164.0891,251.2350,-70.6765,222.3217,-1.1558,138.2300
107.0784,220.6124,14.7331,137.3704,-167.2610,-42.6806,-0.8708,30.9076,331.2126,21.2373,-38.3594,-107.5763,144.0059,-71.6410,270.5632,16.8160,142.1687,-42.4075,172.1694
109.1826,143.7716,-33.9508,21.7021,-10.4440,-20.8523,145.5273,61.0700,345.6559,14.1977,-74.5094,-99.1059,237.3687,22.3318,199.2189,94.8370,47.7411,-104.2088,235.5706
144.1015,100.0640,-66.6682,-129.4803,122.0622,-24.2464,283.6976,90.0885,260.8425,2.2960,-114.0495,-107.7135,301.5765,74.0873,174.5493,95.1039,-16.3285,-163.9260,313.9105
165.2082,50.5264,-48.8586,-217.4179,212.8408,-35.7907,372.1879,97.0208,286.8575,39.1939,-104.0942,-122.8366,326.3168,65.8777,225.3920,75.0817,-48.8317,-201.8375,350.9451
194.8777,35.3912,8.7566,-205.4737,260.1072,-53.6319,375.5052,86.3018,433.6128,100.2902,-70.9903,-100.5780,300.1840,25.5669,253.3824,135.4320,-64.7230,-208.4517,330.4880
235.7810,68.0323,62.7344,-178.0157,230.6471,-108.9591,282.4051,41.8417,434.1874,126.9263,-39.0885,-77.1323,243.3265,-6.7538,221.5968,183.1632,-57.2648,-199.3270,261.1686
257.0668,113.1670,95.6197,-178.9989,130.6810,-191.6733,190.4334,-45.0721,307.7226,127.3604,1.6108,-79.8943,197.7167,-16.9220,189.4129,117.4000,-42.3040,-189.1241,147.0987
234.1227,158.0127,111.8345,-148.4048,35.9056,-222.9616,160.4804,-111.2779,282.1353,86.2153,35.8002,-48.9847,167.9476,-30.7970,186.4726,57.7301,-37.2568,-140.5678,36.9313
167.9283,200.5410,107.8306,-56.8324,5.5750,-182.6335,135.6040,-113.0378,329.3603,-20.5196,53.8636,18.2330,138.8823,-49.0729,201.4486,94.4586,0.7490,-34.7196,-14.3196
108.1407,222.1378,95.2800,52.1826,9.4504,-147.3248,95.3514,-96.7411,292.5132,-75.8923,76.2085,54.8540,120.1787,-26.3656,236.1279,136.7116,91.9994,55.1304,-40.8923
85.7870,224.8898,88.4838,156.6878,-29.7482,-132.7533,61.4109,-83.6246,160.3183,35.1632,85.0571,74.1458,112.7304,17.7342,277.4444,140.8870,158.9905,98.6648,-94.6981
39.4875,243.1564,64.2925,270.1532,-130.9036,-64.0558,6.7779,-34.3987,34.4876,200.9463,53.4828,117.1384,91.9083,-1.8221,290.4769,145.1626,151.1927,173.1020,-139.4229
-55.9816,282.2502,25.4666,368.8892,-225.0811,53.2433,-51.7376,32.2397,54.7039,247.4034,31.9158,153.3328,68.7518,-77.3832,272.5808,150.0711,130.9720,271.2508,-122.2907
-107.0261,289.1920,29.0161,389.2263,-225.9535,129.7056,-34.7973,64.1674,209.8976,189.0957,74.4462,168.7343,99.3820,-120.4747,254.5423,189.8559,139.0847,291.6616,-50.7490
-84.3280,237.4149,58.1494,310.8748,-96.3393,161.2122,60.0589,92.9770,258.9099,161.4807,136.6851,175.1132,203.8887,-116.6756,252.4219,286.8219,114.0783,259.7667,60.1152
-79.5387,186.1174,25.1143,195.6109,125.9783,209.6354,186.7083,168.7751,158.3458,225.1362,140.8029,128.0781,335.5093,-102.0383,259.0241,325.6786,27.8022,269.1935,209.4702
-112.7725,177.6165,-45.1000,110.4144,344.2261,268.4140,336.9242,260.5702,193.4388,312.3372,78.7218,22.6431,443.9735,-66.5127,284.2166,261.3914,-40.2772,289.9619,358.5228
-118.3936,168.4070,-45.4936,58.7063,486.7274,297.4167,459.5781,319.9561,389.8224,347.8096,15.8769,-45.8763,513.2506,-3.4767,354.2802,243.1829,-36.1264,267.0681,438.4373
-77.9088,140.1180,15.6828,21.6147,552.0847,284.3716,463.6417,329.1678,426.4261,351.4526,14.1176,-40.3384,526.3542,50.2358,416.7652,318.5401,-16.0684,204.1841,419.8629
4.5994,140.6213,52.0596,-9.6563,538.2977,202.3494,362.6196,265.3416,252.3969,319.9055,47.1341,-21.7254,460.7097,70.1049,350.3899,349.6793,-42.4978,78.7345,339.2445
116.4879,167.4784,48.0179,-63.2285,434.8876,50.5505,259.0374,135.6914,120.0481,172.2326,45.0505,-14.7791,347.8313,56.3378,187.0302,286.6002,-98.6318,-70.7263,251.1385
182.0157,158.3785,26.3381,-154.2413,300.3512,-95.5800,198.0586,5.0830,107.2838,-23.3844,15.8883,-10.6601,261.4066,20.4182,117.5486,203.1961,-149.6513,-138.1659,168.8799
176.6991,102.8334,-14.1801,-239.5213,197.1966,-211.4284,134.0006,-92.9514,112.5022,-81.0421,6.8962,-22.5985,214.0682,-2.5257,158.2845,145.9265,-197.5264,-231.6640,76.6948
192.8817,60.9559,-68.2702,-282.9764,92.2109,-350.9922,23.6281,-185.1608,81.0026,-56.8682,5.9304,-28.7254,154.3789,6.2502,145.8461,121.2282,-246.3782,-530.5617,-23.5677
243.2905,82.3812,-121.0223,-296.9124,-43.7445,-456.7104,-92.2435,-274.5046,1.9554,-140.1776,9.0636,8.3259,77.8936,16.6214,89.0278,83.6528,-279.1000,-790.4362,-125.4876
225.3023,128.5923,-145.4129,-277.3532,-150.0263,-391.4290,-144.6762,-329.9508,-90.1518,-252.9190,59.1659,55.2690,41.2080,15.5233,97.8010,-26.2665,-275.4056,-627.1683,-225.0600
141.2783,103.1611,-97.7109,-212.2175,-168.9646,-198.5159,-140.6205,-338.2960,-123.6863,-233.1992,130.8605,70.1191,75.1194,29.6710,105.9387,-126.7087,-234.9435,-213.5158,-269.0986
80.2496,8.1908,-11.8503,-150.4718,-88.8102,-48.9415,-96.2102,-288.3132,-87.9534,-157.5208,145.5893,75.2336,168.0231,57.6758,84.0949,-105.1963,-194.3572,1.4601,-182.7246
32.2404,-41.5812,-3.8169,-136.2387,85.1947,38.0962,39.7782,-157.1235,1.5216,-91.9773,110.4444,91.0497,295.7744,88.2161,177.8302,-65.3697,-178.8409,19.3187,22.5400
-33.9259,-14.3424,-75.6816,-115.1421,288.7196,158.2023,240.4418,36.8535,142.5813,71.4282,86.7261,112.6989,409.0657,158.9022,336.7335,-138.4767,-124.8931,106.4012,249.1257
-47.4970,33.9199,-87.9623,-17.0813,428.0078,293.5105,362.1494,206.2214,263.6940,275.4503,92.2423,159.2855,450.0894,267.1003,322.3022,-207.7135,36.1834,252.1693,403.0897
30.3489,118.2106,5.0536,124.1709,483.7131,337.1161,361.9395,248.5334,289.6632,227.0757,118.4438,232.5663,410.9769,301.2017,169.6087,-125.4632,219.7053,315.3276,431.2479
107.7142,240.9828,98.1447,221.2655,464.4077,268.1483,311.7408,160.3261,254.7372,-114.2730,133.5817,275.2415,330.6098,219.4559,92.2577,43.8032,283.6835,327.6670,354.8329
104.8452,313.3407,122.8333,256.7254,355.8063,176.4549,229.4571,93.2097,217.1421,-271.0516,87.8574,250.6232,243.8823,175.4774,89.3259,182.8643,248.1604,343.2446,288.4370
69.9725,330.7663,97.8573,272.6501,210.2406,141.9158,132.4241,176.3347,199.1857,168.5346,-0.1018,187.1358,154.5837,267.0973,76.0475,248.2309,214.1246,309.8843,301.5099
87.9999,347.1584,35.1012,256.1235,102.1837,125.1626,69.2531,287.6552,204.7296,757.7764,-62.1096,106.2050,38.8330,318.6751,68.1406,210.1688,156.7411,204.4388,298.3076
153.7417,300.5842,-47.7936,142.2076,-7.4385,13.5836,-23.9492,211.9130,193.5624,647.3248,-92.5314,-7.7062,-113.2370,151.1675,41.8925,116.6367,15.2034,59.5417,178.4242
202.8958,191.3861,-91.1689,-50.4801,-174.2343,-206.9316,-210.4905,-5.2174,172.0790,-41.3244,-116.4421,-141.1519,-266.3287,-115.8021,-26.4956,103.6710,-146.2554,-115.7908,14.3718
219.9620,171.1048,-78.2631,-216.5729,-353.2548,-421.9177,-367.7365,-142.3470,211.6497,-344.2555,-124.2784,-230.2982,-385.3250,-275.3394,-65.1477,145.6454,-253.7747,-299.3086,-78.5582
216.3544,205.8522,-78.9736,-325.0835,-490.3155,-544.6188,-398.5732,-163.1274,223.4366,-67.8428,-126.0670,-244.1533,-456.0288,-329.6307,-85.3804,40.9837,-344.6028,-429.9217,-100.7591
160.8657,98.8440,-130.7604,-434.0916,-532.8398,-550.6339,-365.6132,-166.2802,83.4205,113.5751,-143.3932,-235.8792,-428.7378,-355.0287,-154.2757,-169.6991,-443.3412,-462.8474,-63.8863
56.3196,-92.8737,-157.0475,-535.0979,-381.4910,-381.7286,-260.2677,-103.8534,-18.5369,60.2446,-146.8760,-259.1745,-262.6746,-310.1039,-178.3936,-143.1779,-487.1026,-362.7534,81.2885
-23.1059,-174.9732,-88.0329,-551.1241,-54.9055,-22.6045,-22.5139,106.1223,85.9791,146.7183,-119.2490,-287.2796,-39.5755,-161.0009,-82.5929,167.7642,-452.0823,-114.9860,303.5108
-70.6962,-192.5586,23.2672,-482.9238,262.7754,369.6784,250.8232,342.0324,177.0960,286.8942,-87.8525,-274.7371,130.9830,4.7934,28.8693,332.8765,-395.3019,181.6232,487.5209
-150.8794,-266.7645,94.1772,-397.5181,482.1950,615.9238,472.5685,463.7438,168.9209,281.0990,-46.3662,-231.4481,274.0984,98.0524,137.9836,169.0755,-338.2165,389.2697,614.4259
-235.4261,-343.9904,117.6720,-285.5488,652.1511,723.9760,688.1915,544.1192,308.8378,341.3878,18.4777,-178.1082,438.0359,132.5542,315.3025,57.7121,-235.4821,523.7625,721.5381
-242.1517,-331.9099,109.5277,-71.4172,747.3093,788.2166,843.8304,664.0658,512.2550,485.9276,72.7350,-101.8884,548.4419,180.6922,433.8462,208.1509,-59.3883,667.3986,741.5120
-183.6341,-209.0386,83.0015,230.1458,717.3295,802.4442,830.5831,714.9269,438.8246,433.0320,111.3646,5.2650,547.8962,275.9532,363.8996,311.0216,165.3863,760.8373,628.2721
-106.3382,0.9582,94.2796,490.1985,630.0578,722.1710,742.0869,619.9895,231.0083,275.4306,155.5558,117.6032,499.5954,367.8257,256.1451,219.8321,389.2479,725.6627,498.7621
-12.2049,213.9028,165.3593,629.9100,537.6499,582.8088,690.7545,495.3069,229.1938,272.2871,164.6851,186.6629,432.2906,401.1647,248.6765,203.5289,555.7699,628.3389,420.3476
73.8993,363.8614,211.5473,692.6244,391.9452,428.3936,584.2621,414.9988,312.8681,300.2788,118.8907,176.1507,299.9305,406.4489,246.9775,329.5563,626.4476,502.9485,284.4149
119.8799,457.3441,176.2668,711.1191,184.1665,235.7580,363.8385,275.1317,243.6903,189.9655,89.1474,123.2388,137.3669,428.1038,186.9358,338.7925,609.8965,277.3329,57.0230
147.7289,462.9885,112.0209,647.5228,-37.0723,-7.8317,132.9066,26.5459,76.1463,17.9712,89.1287,114.0447,26.3989,436.6225,119.1267,178.3939,541.5061,1.9473,-135.7286
161.2174,362.6495,52.7015,516.6978,-244.4485,-243.4505,-52.1190,-195.1148,-116.6559,-153.7902,48.5848,151.2739,-52.0272,402.4899,35.0848,60.0115,446.6981,-201.6604,-241.6140
123.6197,271.8874,-15.8812,408.4683,-386.2014,-390.6194,-195.5978,-267.9683,-321.2252,-274.9411,-14.6629,155.9926,-131.4333,356.9924,-73.5877,75.1522,345.4635,-401.2870,-304.4693
41.5683,250.8372,-61.9661,346.9184,-402.3330,-403.8792,-243.9827,-224.5580,-397.1813,-239.1649,-25.7229,126.4339,-150.9704,327.1784,-120.5665,125.3594,256.3208,-666.9759,-296.5415
-49.7977,193.3159,-64.4956,267.3750,-334.1083,-305.3750,-181.4691,-151.6997,-247.3399,-114.2703,-10.4264,136.6939,-87.2915,302.4850,-66.0165,94.2742,169.9346,-809.0618,-184.0891
-123.5688,64.5314,-92.2651,130.0233,-265.8949,-185.2481,-88.0569,-91.5586,-13.4338,-59.0931,-31.4407,180.2968,-31.0566,265.8212,6.5755,-35.7584,54.2378,-687.1321,-43.0357
-129.1506,-42.5282,-193.4473,-36.6191,-209.2555,-111.3669,-21.6244,-49.9135,60.0532,-68.3521,-81.1462,182.1322,-39.7619,213.9542,8.2772,-143.9709,-90.0509,-478.4232,53.4491
-57.5308,-83.0242,-307.6674,-168.9413,-143.4175,-58.6952,17.9101,-12.4250,-115.3833,-96.8534,-134.9884,132.8047,-67.2514,172.3444,-45.5467,-125.0896,-213.1786,-350.1544,117.1995
1.0004,-53.0044,-349.7225,-218.6110,-64.0905,11.6647,45.8512,38.5396,-297.7472,-116.3066,-173.3694,80.4142,-60.0308,167.7893,-49.1377,-61.7659,-274.9833,-232.0061,166.3828
1.8754,33.2222,-293.2509,-202.2734,31.3178,79.6736,80.4182,89.6067,-192.4232,-33.5082,-158.8945,52.7937,-14.8902,178.4683,41.2455,-65.4087,-278.2870,-71.8046,201.6579
18.0274,80.5297,-179.7308,-167.6562,116.0022,116.7657,106.5179,106.5204,27.5844,84.4684,-107.2348,61.8961,30.1729,169.8574,112.6549,-92.0161,-232.4341,40.8393,232.6001
82.4476,42.2244,-86.2371,-125.8078,146.9679,109.5888,90.0896,85.9114,17.4432,41.7027,-88.1661,108.4196,31.0873,137.8481,77.1404,-80.3272,-143.8293,53.2426,251.2627
137.2400,7.8957,-46.0107,-82.0369,137.9140,46.4751,49.8242,65.4360,-55.1180,-49.0095,-104.0087,159.3655,4.3318,87.1455,14.6620,-53.1590,-56.9402,7.1042,237.3112
155.1779,34.9064,-26.9132,-55.8492,124.5298,-22.9393,9.5150,77.2897,70.9271,43.6295,-106.2570,179.1073,0.1874,64.3473,-7.6663,-16.3900,-25.1016,-32.3561,200.3784
169.9035,104.6137,-7.9414,-25.6937,109.6768,-2.4253,-46.6532,116.3034,115.8516,170.1661,-102.4703,165.9194,5.3088,140.8266,-26.7652,36.1508,-26.4671,-7.4636,175.3431
216.0045,197.1364,7.5341,22.2403,120.9231,97.2655,-78.1475,158.3291,-87.1358,129.8677,-108.6151,131.4006,-7.6443,241.4135,-29.0549,67.0639,-3.6816,66.4499,183.8801
286.0737,237.4593,34.4574,26.4833,193.2061,155.8550,-28.1576,182.7488,-123.4427,71.8039,-94.5405,78.4886,-3.4535,200.4619,6.3067,58.5593,28.3177,92.1407,200.8087
325.1989,188.6680,71.9577,-28.7820,275.8086,136.4645,27.3496,178.0777,138.7723,110.6100,-68.6566,5.8503,19.7460,71.3661,-12.8129,24.8985,29.5583,46.5861,184.5755
319.0641,182.9691,92.7193,-53.2668,313.1355,129.2691,6.7066,161.7790,275.7457,139.9430,-76.9921,-76.8746,13.1995,48.4482,-98.2425,-10.3443,35.8529,30.8227,169.8591
344.2480,265.2551,115.9524,-14.8466,349.3413,191.0084,-7.2337,172.7735,215.0994,174.2059,-96.9408,-129.5682,7.1793,97.2104,-102.8547,25.4319,92.3483,95.0106,232.2459
422.7923,278.7082,184.7258,20.2153,413.5779,269.3230,53.4653,206.0163,294.6375,290.1154,-85.6763,-117.9609,33.8368,49.6332,-23.0065,149.6307,166.5920,174.5084,337.2081
461.3881,231.1070,271.9129,37.9511,447.4289,299.2833,109.3038,220.9165,480.2819,382.2800,-76.9200,-84.0052,4.6127,-58.1900,-22.8759,209.7699,217.6166,243.4283,389.0198
433.6454,294.0042,324.1054,84.0983,434.6044,300.6810,129.4697,240.9792,489.6762,380.1550,-85.8056,-92.0821,-86.5474,-86.5450,-83.5012,121.0841,252.6629,362.8185,397.8492
411.3444,395.9268,352.9670,165.1438,419.8395,332.6745,176.2923,317.7018,355.8781,367.0111,-45.0908,-111.6397,-72.2054,-35.3410,-35.0775,46.5613,278.1596,530.7746,409.4241
390.4964,364.2271,390.5990,254.5764,392.9434,371.0740,218.1654,391.2693,245.4936,337.6731,55.8475,-76.7773,76.9628,22.4845,102.8387,85.2048,293.6945,631.5870,386.1555
322.8486,288.9759,415.1761,314.8513,322.3955,327.8476,183.6394,353.2431,171.3093,204.9195,131.0215,-17.7913,187.1846,51.8291,181.8559,81.9761,308.0562,592.5767,301.0216
246.2222,292.9066,373.7904,309.0523,217.1509,201.8505,114.6099,215.3978,107.0905,-6.9526,142.8708,6.7949,196.6523,49.6256,189.0591,-44.1427,298.9337,473.8848,179.1097
192.6118,291.9268,252.6088,265.0196,59.7605,78.6907,53.5193,65.8827,3.9142,-194.6309,128.6457,25.7817,176.3368,59.1695,191.4184,-142.2468,243.0752,351.7806,28.5211
112.2049,236.3920,115.7899,243.3965,-145.8415,-6.6911,-26.6760,-53.9332,-179.8043,-256.7665,105.6353,73.0542,131.9176,119.6743,200.7418,-123.6755,183.7208,234.0947,-110.3459
-8.6495,197.2894,46.2738,233.4747,-265.2080,-69.6858,-89.2033,-133.4861,-293.9966,-159.9502,77.9396,104.5950,76.6016,183.9899,215.0854,-79.8469,153.4173,131.3246,-183.6930
-110.7869,172.0318,30.8408,200.7469,-207.4062,-106.8588,-91.6787,-184.0359,-202.5347,-54.7917,63.9846,93.7000,78.9786,196.2231,215.5823,-78.4400,103.7085,77.7240,-268.1749
-163.4641,105.2794,-17.6237,154.8609,-105.7101,-136.2047,-127.7777,-264.5295,-92.2318,-111.0167,49.7669,78.5302,101.3196,166.2182,143.1989,-100.0870,14.8092,53.4154,-442.1817
-192.9864,9.8864,-110.4405,80.6551,-91.3450,-191.3158,-245.0813,-393.5757,-154.5370,-226.8253,9.7303,63.4488,63.4675,106.0477,19.0532,-131.2539,-54.3312,6.0750,-582.5634
-232.4713,-69.0893,-177.1708,-44.3459,-92.2599,-234.9607,-316.0812,-498.9135,-252.1442,-229.6515,-39.5130,3.9909,9.3940,25.8946,-44.3771,-158.9226,-88.2085,-50.2746,-578.9138
-277.9497,-100.8867,-201.1256,-150.0604,-45.2974,-209.2334,-295.2824,-525.3008,-220.4856,-197.1564,-86.6870,-90.2336,-24.2788,-34.1600,-20.6874,-153.8547,-129.6064,-53.1648,-518.0124
-285.7906,-90.6916,-218.4893,-163.7734,-22.9476,-132.9622,-282.0401,-476.0413,-84.7293,-216.6559,-144.6129,-149.1159,-91.7690,-69.1897,29.5168,-119.8236,-165.6810,12.9198,-434.7750
-242.8313,-85.4854,-220.3877,-133.3707,-38.1950,-52.0652,-246.9227,-355.8526,123.8835,-142.0640,-189.7712,-146.4836,-174.6349,-103.9900,99.6508,-80.1330,-154.6122,94.9714,-244.5208
-198.6005,-93.6229,-188.7688,-134.4270,-26.8779,10.1866,-99.8251,-193.9792,343.7344,85.8495,-192.4661,-132.4242,-201.5025,-118.9133,184.2159,-47.4217,-130.1371,127.8431,-8.0598
-188.0957,-91.2155,-162.5778,-173.9968,-20.4749,28.6451,43.5450,-49.8699,416.6641,256.6932,-178.2074,-152.8006,-192.7166,-109.5350,210.0658,-64.4044,-155.4995,104.5022,132.6639
-201.0636,-119.2565,-163.7696,-229.6304,-61.9485,16.4405,58.1965,67.9743,358.4070,247.6005,-166.7243,-190.3680,-174.8072,-119.1146,170.0965,-160.4973,-215.2187,88.5581,210.4686
-213.1338,-189.8994,-143.0426,-262.6812,-70.3747,37.7250,36.6678,176.9218,364.6800,183.6943,-128.7648,-205.3954,-117.1672,-133.1534,149.4864,-236.7971,-231.7848,133.7908,301.2201
-180.6441,-206.9087,-71.2943,-231.4225,-5.2306,101.4051,36.1752,232.2221,434.0173,145.1646,-56.9419,-187.0881,-45.8601,-109.6682,159.2223,-174.5225,-168.8844,219.9314,338.8694
-97.6297,-162.1292,10.4029,-154.4995,36.4572,152.1708,-20.8664,180.7552,399.0762,62.9367,13.0078,-133.1136,-11.6134,-82.8973,136.6762,-57.1993,-69.7443,296.2823,263.8316
-48.2503,-166.0786,69.4836,-73.0291,19.1536,182.3201,-88.1227,50.7320,236.1866,-74.6451,59.5739,-43.3777,16.4589,-64.0902,79.8794,-59.8848,11.2236,339.7856,126.2889
-64.9047,-193.7141,112.1605,23.7091,34.5134,223.3092,-76.2412,-68.0395,16.8686,-172.2197,92.6139,33.7852,76.5903,14.2307,27.7436,-158.6136,68.3315,354.5857,-3.3770
-62.4254,-133.8400,136.2670,134.1453,127.9752,266.8190,-77.2358,-94.3844,-166.2059,-166.7993,133.7766,47.0310,164.4162,134.1000,-0.0321,-198.9535,112.1550,360.9746,-63.2252
-23.8331,-45.8794,144.3179,202.1502,254.9645,288.7492,-131.6871,-41.8807,-158.9793,-100.6884,183.3892,39.9900,276.3329,185.4135,8.8229,-175.8362,138.1393,372.7231,-39.5271
-8.8042,-31.2857,165.7277,209.6516,369.6447,281.3079,-102.4460,-24.4613,-28.5582,-88.4983,201.2724,72.7989,361.5275,160.3556,23.9044,-200.4585,154.6984,362.2364,-24.2749
24.1447,-22.4422,192.5950,192.9374,433.5525,237.6073,3.4273,-82.6690,-92.4045,-175.5043,166.1898,92.1378,341.0206,137.7687,-6.7631,-276.6674,168.5935,299.3819,-68.0379
105.4009,47.8918,162.1081,163.0286,415.1960,178.1415,40.5502,-104.3847,-293.9965,-223.2961,107.1192,40.7925,241.2655,112.7845,-42.5572,-305.2581,148.0365,225.2142,-77.0901
123.7937,120.7160,62.8212,123.8059,326.6504,150.3662,42.2148,-30.3815,-222.6789,-109.5888,27.2883,-7.9846,132.2843,24.8451,-24.2654,-242.6486,83.7452,203.4121,-16.2331
61.1078,166.4816,-23.5366,112.2646,199.5637,150.7470,81.5539,41.9352,32.9067,29.7476,-86.7630,7.3028,-1.2500,-98.8390,-27.7597,-155.6125,30.8684,210.6453,9.3811
50.3651,195.6093,-32.1812,131.5626,62.2053,129.7295,60.0895,50.4549,15.4891,29.1734,-174.8704,15.2218,-147.8505,-151.1762,-125.7700,-148.3144,13.0743,178.4773,-17.3065
81.5987,151.4909,0.6009,120.5835,-39.5403,83.7274,-32.2897,55.1199,-174.3697,-19.3356,-185.2370,-32.3676,-210.1136,-93.0311,-222.9884,-231.7669,-27.6097,120.6900,2.9468
23.5436,27.2724,-10.3735,34.5915,-90.4398,41.2923,-47.6479,90.5247,-142.8867,9.1675,-180.6333,-75.6597,-182.8700,-28.1400,-220.9448,-287.9851,-132.7551,91.5566,62.9333
-107.0413,-61.8646,-92.7143,-105.4674,-150.0909,-7.7943,-0.0934,115.4021,-8.1590,66.0985,-207.4682,-92.1739,-168.6361,-61.2252,-156.8893,-237.7317,-267.7146,55.5416,75.8479
-224.4519,-82.8496,-183.0693,-246.4485,-257.9974,-66.8993,-21.1940,109.6315,-19.3644,128.3931,-211.3642,-120.9792,-189.5108,-139.5400,-88.5946,-162.0169,-388.4540,-39.9800,49.9579
-338.4273,-148.4211,-223.4319,-354.9394,-360.6240,-89.0726,-82.4181,93.0311,-58.6832,198.6125,-179.5068,-144.7843,-181.0935,-168.8317,-44.4094,-158.0341,-502.6912,-123.8177,13.1517
-446.8398,-300.8305,-249.9489,-446.9244,-386.8020,-73.8550,-102.6539,58.5299,-96.5438,125.8049,-163.2168,-137.9388,-123.2160,-176.4736,-50.9593,-198.1175,-637.7750,-114.1588,-80.1943
-504.7505,-440.7999,-310.3494,-544.6092,-321.8572,-93.0746,-99.7967,-27.0908,-269.9758,-125.2615,-155.8431,-146.3262,-50.7723,-186.3716,-65.0411,-211.6806,-765.5779,-63.9125,-222.4424
-531.2358,-472.8456,-362.8769,-594.6933,-205.3155,-134.7313,-72.5697,-136.9180,-388.3707,-275.8489,-132.3557,-167.5988,5.9066,-114.0966,-21.0356,-184.7825,-795.2142,-23.6292,-318.4081
-554.9012,-385.5627,-357.8468,-515.2021,-102.1943,-87.6582,5.4883,-174.0742,-236.9977,-189.0628,-118.7089,-116.0344,46.2744,45.9366,19.2352,-148.8005,-672.4549,59.3059,-319.1512
-544.5042,-249.4676,-317.9939,-338.0250,-42.5247,43.1071,96.3952,-109.0677,-59.5896,-78.7048,-113.0483,-8.7729,77.4864,159.9979,-29.4995,-141.3599,-446.4780,171.1434,-229.1623
-465.7489,-163.0777,-258.3021,-183.2575,-3.7073,117.4854,169.1179,-34.8662,-80.6106,-63.8194,-82.9806,28.7690,71.1350,174.5476,-101.6395,-156.1060,-206.0829,194.7449,-73.8227
-298.6116,-124.7865,-165.3514,-90.8238,1.6159,92.1230,198.2495,-27.7308,-175.9621,-76.9756,-50.8395,-17.8496,0.1833,147.4474,-118.4251,-150.5169,-7.3369,106.3922,25.3222
-68.5043,-50.7000,-77.7744,-10.1253,-78.8288,36.7283,104.6633,-78.7010,-291.7945,-160.6642,-41.2552,-50.1291,-95.0596,91.4174,-135.0273,-146.2910,136.3786,-9.1639,-37.6663
104.9638,51.1772,-31.5718,74.0986,-209.0861,-33.4071,-77.1914,-153.4994,-432.5423,-305.4769,-25.4709,-32.6783,-177.9152,26.5326,-194.1970,-201.9337,250.6728,-96.1167,-128.9720
153.6189,117.0323,14.8495,131.0743,-290.1478,-118.0124,-156.7222,-185.1838,-392.0529,-310.6479,-2.8959,13.7485,-273.9803,39.9667,-233.7665,-274.0351,350.2929,-137.4905,-59.6572
178.1526,168.7262,71.3761,138.0048,-320.0521,-176.6443,-90.9596,-129.1091,-157.8070,-205.1678,-5.8543,70.5871,-364.8451,100.9268,-220.0871,-299.6755,384.4361,-164.1888,83.8467
252.1883,202.1548,73.5040,72.1743,-363.6783,-258.8346,-39.2359,-97.3645,-53.5408,-263.9409,-19.4984,72.5453,-382.2110,49.4755,-190.4246,-343.5726,314.3678,-264.3796,111.9651
288.6970,138.9828,27.1423,-45.2937,-422.4939,-426.9489,-52.7764,-188.0397,-94.0154,-417.3221,-18.9028,-5.7919,-348.7749,-114.1292,-150.2084,-436.5881,203.2075,-418.6374,50.5296
221.4111,36.2593,13.8404,-108.3023,-466.0610,-536.5924,-29.2749,-246.9261,39.2655,-325.2074,-17.6659,-44.2041,-327.9907,-205.9599,-73.6099,-446.9538,130.3884,-465.4812,16.9360
119.7792,17.4515,42.2329,-76.9125,-475.0063,-439.8345,55.8843,-144.6573,294.5330,-46.2345,-14.7019,11.4898,-286.9273,-159.1638,7.0835,-325.1635,93.0239,-345.5176,11.9241
70.5525,7.8927,60.9550,-66.4392,-399.0657,-273.7285,115.2758,-61.0168,295.1813,37.2988,2.3124,15.2935,-190.7812,-81.5385,20.4898,-221.6928,47.4519,-150.2116,-20.5117
58.4530,-91.1732,49.2105,-134.2352,-233.9170,-202.1959,75.7130,-142.7083,-29.4672,-140.2737,0.9163,-84.2777,-98.7076,-49.6958,-36.8706,-215.5272,-47.1722,36.0557,-124.1538
-22.0414,-181.5689,-5.6725,-174.0608,-88.7255,-139.5864,-31.8381,-230.4629,-369.5669,-279.8736,-39.1438,-131.2283,-40.3788,-52.1213,-82.3022,-206.8737,-198.3454,109.9860,-268.3532
-204.1236,-212.3876,-84.2922,-137.3182,-0.1232,6.3925,-39.3745,-169.3673,-385.9807,-166.3144,-55.2543,-81.4438,42.2368,-53.6314,-48.2265,-130.4215,-312.5885,2.5249,-263.9420
-336.4063,-258.2837,-92.6652,-105.4863,156.3325,155.9578,186.2573,-9.8408,-34.1340,129.3319,15.7374,-48.6955,178.0876,-11.4726,47.8410,-29.1367,-277.9773,-106.4081,4.3452
-288.1784,-267.6333,-6.8405,-104.5023,402.9702,242.4320,500.8793,153.2143,309.4964,370.6562,133.7030,-35.7461,317.6759,67.3088,147.9352,48.8953,-143.5707,-20.9467,311.0128
-148.7919,-193.3804,53.5326,-98.7858,558.9172,264.2976,641.1021,230.9424,303.2192,388.5010,209.0957,3.2075,395.1778,96.8246,212.6116,71.8025,-39.5793,92.3812,403.4881
-40.5661,-192.3926,35.5398,-101.2989,537.3663,203.7210,587.8249,161.3196,154.9094,251.5004,229.5335,3.0883,393.7308,53.3284,229.1671,37.1083,35.0655,30.3900,367.6622
44.3992,-291.8694,34.1581,-99.3993,466.2718,106.5277,504.7203,35.4989,197.1518,147.5189,258.0498,-24.9311,367.3811,39.9950,216.5259,8.3560,147.8920,-54.2680,356.5679
104.3447,-271.6736,79.6456,-34.4562,427.4934,56.8476,433.0866,-23.9530,304.5101,120.3457,304.2682,41.8024,356.3492,112.3381,206.5076,27.0605,263.1873,-29.3273,308.7281
105.8436,-96.9271,92.9521,65.0305,344.7690,1.2423,312.2597,-66.0086,254.6006,77.1060,297.7422,161.5212,303.5699,188.2960,192.6212,42.6874,316.3629,-56.0752,166.6753
92.2898,44.8379,65.1862,133.1894,182.2231,-152.0203,164.7888,-165.3716,118.4259,-9.0661,218.8608,192.2890,167.1499,189.1423,146.4869,19.9766,331.0528,-186.1757,4.3919
90.1186,100.7930,47.0165,190.3887,35.1283,-327.5023,59.5330,-274.0326,-22.8599,-83.6230,138.5420,170.4563,37.2391,125.4689,78.7485,-4.0848,350.3033,-256.1711,-127.5110
64.7796,103.0152,28.6395,237.7576,-12.3583,-408.8604,3.0357,-356.7788,-159.7888,-144.2726,104.9142,177.7075,8.2790,37.9104,17.7888,-20.4960,368.9169,-262.9409,-209.6274
44.3988,26.9723,2.0974,211.2339,18.9043,-406.0919,-35.1327,-423.9847,-193.9743,-239.1550,103.6418,150.7603,45.9697,-37.4404,-35.3359,-65.3488,375.1410,-302.6977,-216.5821
51.6293,-48.6135,17.4965,154.6761,74.5726,-342.6107,-64.7081,-427.2686,-136.3584,-337.2730,120.6251,74.7791,79.7566,-63.1750,-70.6981,-117.4179,381.5793,-274.7033,-194.5111
29.7280,-3.5181,93.1027,194.8274,144.0703,-187.6945,-68.6132,-336.4102,-120.8243,-324.7850,153.5459,68.3991,102.9152,-21.4532,-58.2077,-100.1367,407.1346,-84.7123,-202.6643
16.6309,96.2720,194.9780,315.2912,219.6537,12.9954,-46.3948,-232.3878,-135.4139,-200.0389,196.4234,158.5854,122.3918,55.3905,-25.5947,-6.6201,440.6292,114.4084,-230.4515
101.3674,136.0075,291.9247,380.1894,247.7279,129.5000,-59.3296,-211.4166,-201.1658,-146.3462,250.1727,247.1407,115.6689,83.3502,-55.3776,55.5864,430.9151,167.0523,-281.5736
177.3040,115.4078,346.3811,334.2857,210.0755,117.6368,-146.7429,-281.8690,-431.1439,-255.1596,300.0127,282.3963,80.0688,11.2330,-148.7364,-1.1783,360.0343,138.5043,-345.7139
106.6004,37.4325,341.7022,237.4323,191.0015,85.8434,-203.1397,-344.4153,-573.0313,-333.8326,314.7909,272.6425,71.3301,-75.5219,-186.0600,-101.0448,289.9893,176.9988,-306.8785
-21.0707,-83.6680,329.4337,181.4192,258.3051,160.7497,-99.8090,-258.9921,-300.7237,-209.7805,305.9801,231.3816,139.5984,-55.0510,-92.9500,-106.7476,260.0113,331.7572,-117.2545
-97.6819,-159.7719,329.6272,203.3866,348.7258,319.7126,90.8295,-26.8240,32.9451,-12.4735,299.4852,192.4353,225.2865,27.1987,37.3509,-46.5448,227.3420,508.6413,89.2021
-158.6189,-185.6472,277.9012,230.6333,361.4518,406.6517,181.1170,172.7247,-50.1790,90.5483,264.0484,172.2755,206.2371,36.2352,76.7695,-48.0227,184.2918,555.3059,213.4774
-195.2880,-245.0279,179.0982,183.5597,281.8829,331.2991,131.2531,230.7852,-278.3723,155.0157,187.0182,139.1389,79.1003,-14.4432,34.9550,-73.5985,179.6324,444.7990,282.2363
-162.5183,-299.0551,126.8513,106.8994,166.0750,159.8904,61.4534,237.9164,-241.9977,238.1570,138.2616,87.1476,-27.2340,-9.0123,-0.5638,4.2381,177.4450,302.6179,312.9180
-127.6674,-249.0881,109.5144,59.6093,78.5787,-31.1484,69.7465,293.3968,-97.4051,247.7040,135.9076,53.4155,-40.0193,65.9368,-1.0426,116.5676,85.7402,200.0756,315.8136
-147.7234,-145.9054,23.1627,-10.2771,36.8064,-244.0101,136.9655,360.5125,-63.8199,172.4603,88.1691,36.5167,-7.2054,132.5645,15.6280,109.8614,-74.9892,81.2885,313.3920
-180.9447,-96.6121,-124.4239,-125.6505,-4.4672,-437.1681,172.6228,365.5606,-82.8321,147.8624,-25.6377,-0.6749,21.2661,144.7978,37.3107,49.5134,-202.8856,-69.6302,274.4413
-206.2318,-87.9744,-225.3694,-193.9810,-52.0881,-486.0143,150.1802,326.5400,-99.5227,220.1712,-92.7732,-48.8854,45.1989,112.4340,53.0837,84.0016,-250.4725,-172.4847,209.4422
-212.6078,-57.8790,-226.8280,-177.3493,-35.0673,-363.2575,146.1012,314.4754,-64.3864,287.6612,-61.8290,-61.9178,59.6445,76.1204,68.5718,155.3740,-219.4643,-191.1511,208.5946
-159.9041,-31.8708,-149.1514,-149.4180,34.4288,-220.6959,155.9744,312.7152,33.8017,264.6474,-16.1384,-48.4803,38.8635,55.5344,90.9635,141.5076,-143.4090,-191.1343,230.1702
-84.5738,-73.6784,-49.9949,-144.3755,27.7236,-198.1641,50.6795,234.1080,2.0270,167.2042,-15.8985,-75.7865,-28.5313,8.9705,67.6964,88.0031,-106.0166,-235.2061,141.1189
-54.7042,-135.1592,-2.6169,-136.9602,-78.6760,-255.0229,-144.9531,102.2779,-180.8870,76.7981,-31.6396,-155.0133,-115.4729,-78.0496,-35.7051,72.0101,-138.6093,-302.7066,5.2177
-48.0233,-99.9101,-16.9583,-138.4053,-167.1866,-269.4210,-227.9449,30.7226,-222.1942,41.8424,-36.4701,-208.5229,-174.6685,-126.2909,-117.7861,66.5829,-170.6687,-334.6722,-31.6068
-52.2965,-9.2761,-32.9374,-158.4508,-193.8564,-214.1055,-167.7762,23.9482,-116.7793,21.0449,-31.8475,-193.2345,-188.1010,-91.6763,-75.4246,62.4960,-173.5078,-310.4228,-12.7034
-89.3371,-17.7686,-22.6773,-143.5587,-202.2277,-145.9644,-105.8213,23.4839,-113.8232,-13.6678,-4.9898,-147.6220,-174.4146,-40.8032,24.4035,80.0262,-171.0533,-239.9882,-10.8733
-79.9365,-94.6578,4.7364,-57.9097,-184.0752,-86.3854,-54.5503,49.9755,-147.3018,-26.0841,43.1831,-95.9752,-150.1712,-23.7357,66.7489,59.6231,-108.2746,-123.7428,25.0715
18.6011,-88.8559,56.5447,47.6574,-131.1864,-8.9972,17.3127,95.1665,-128.4752,-37.5746,74.7288,-41.9735,-122.7665,-20.4394,54.0285,-19.9366,38.0319,16.3222,85.8937
51.6936,-45.6036,108.7503,99.7843,-95.3676,76.4147,28.1704,84.5075,-206.7808,-83.9424,74.7688,-27.0556,-95.3779,-29.4564,49.3649,-32.1175,125.6045,112.8058,93.6634
-68.7276,-103.7306,101.7463,79.0061,-82.8786,109.3746,-2.7756,53.2047,-236.8994,-74.1104,65.1656,-61.2684,-55.6494,-68.4267,87.0324,75.7415,69.2765,126.8630,76.1597
-191.4180,-217.8551,43.5447,20.2692,-49.1920,65.1694,53.6886,88.8959,2.9878,28.1504,48.2808,-83.1220,-3.5050,-111.7426,155.2186,157.6753,-16.6917,93.8605,77.8230
-199.3946,-274.0268,3.4401,-28.8048,-1.5119,6.7745,153.3826,144.9197,150.5321,73.2989,19.9539,-70.5701,29.9734,-117.8593,184.6248,127.1902,-57.4041,62.6142,52.4979
-149.8516,-274.0580,6.7269,-50.0681,35.7493,13.0068,182.5715,155.9601,-62.7945,32.6108,8.9867,-60.9815,34.1239,-81.3994,129.2750,84.9163,-102.9412,53.0689,-3.2937
-104.7774,-250.6357,25.5950,-57.9178,74.4716,77.6481,185.8573,156.1883,-193.4981,63.4507,21.3448,-58.0993,24.8898,-39.9139,63.5473,96.1714,-144.6304,66.2915,-32.8107
-84.4176,-207.9257,20.1433,-62.0140,101.8600,120.3151,188.7705,144.2699,-17.8550,137.7878,2.5526,-51.2652,-6.9364,-47.6882,61.8321,102.4374,-143.7810,70.6666,-47.3310
-104.7065,-170.9811,-39.0238,-56.5892,86.8291,88.4618,134.5496,77.5017,64.3238,91.3826,-75.1807,-56.7500,-65.5193,-105.8369,65.4947,76.6650,-141.3768,17.7972,-76.4063
-129.1934,-170.5492,-122.2028,-50.3108,45.3750,15.0544,88.5833,0.6420,-69.2120,-16.7972,-158.4300,-65.0656,-121.2917,-145.0220,17.1758,42.8689,-144.0212,-79.7804,-84.9876
-121.0620,-208.3275,-157.0497,-61.6255,-0.4140,-28.7507,112.9116,-20.7672,-147.9632,-51.1262,-183.1840,-57.2455,-173.2672,-134.0190,-27.3007,-7.9935,-111.1889,-152.7822,-47.9994
-109.9864,-232.9608,-128.3063,-82.3738,-55.5317,-26.0937,106.8082,10.0691,-120.0665,-42.9008,-138.0004,-60.1817,-223.6744,-128.6458,-33.6697,-54.3531,-93.3220,-181.0845,12.2884
-99.7995,-173.0568,-80.3109,-94.9760,-106.3424,-35.4661,60.9776,64.1931,-48.0894,-10.7522,-61.1277,-85.0927,-207.9483,-168.0914,-47.4656,-16.4903,-135.7748,-212.0864,63.3101
-64.9687,-88.1665,-40.1387,-103.9619,-133.8397,-90.5783,92.1617,87.1119,52.0344,61.4375,-3.8044,-96.0823,-103.3008,-219.3788,-65.1001,83.0913,-154.6351,-258.2410,71.3631
-46.7988,-121.5649,-10.7675,-93.6527,-135.2728,-126.3661,146.9933,41.2722,33.8631,56.0206,36.7550,-86.6909,-1.6569,-235.2064,-40.4361,92.9052,-92.2933,-260.0924,45.9680
-58.5316,-210.6327,18.1870,-15.2778,-85.3283,-76.8536,111.0393,6.9809,-102.8461,-59.3313,112.5599,-79.3320,52.2710,-192.0361,-11.5852,-33.0056,2.7458,-177.3359,49.1266
-22.0147,-179.7883,62.8218,108.2387,25.2579,17.3367,61.5687,56.9583,-110.6605,-97.2979,199.2994,-70.8754,114.0387,-109.3327,-36.7259,-143.6175,87.8180,-52.5256,85.9809
36.3230,-123.5025,78.7480,158.2584,132.7617,83.3573,74.7365,106.5965,-17.2319,-15.9366,184.3322,-59.6078,180.4955,-60.0973,-61.2677,-122.6857,110.6982,45.6424,96.3316
-21.8501,-243.7966,-7.4469,87.9104,187.5420,111.2985,81.0673,77.6649,-36.8232,9.6882,60.2430,-61.1332,195.7371,-82.1596,-17.7123,-48.2475,20.6363,89.9543,71.8373
-158.3579,-428.4932,-142.2594,-1.3162,208.0164,109.7649,41.9825,9.4021,-66.7712,-55.7259,-24.5294,-74.2432,176.2716,-104.1624,30.4724,-35.3236,-77.1752,84.6914,29.4571
-178.8806,-444.7851,-186.3257,-22.0411,195.0761,73.8422,-25.7545,-88.0889,-2.3891,-125.1717,6.3006,-84.7790,147.8271,-63.9653,-5.1689,-70.3771,-37.0471,46.7537,-56.0502
-65.3151,-335.2339,-123.1645,-5.0799,134.5087,29.5002,-113.4259,-224.3935,-17.2533,-200.5358,54.0398,-75.7534,79.0243,-29.2364,-90.9600,-85.2624,69.5675,7.2542,-156.1814
13.9173,-278.1653,-50.1027,2.2333,59.0267,9.9735,-170.0244,-311.3054,-102.5264,-252.4089,31.4615,-38.9133,-25.5674,-83.8927,-152.3577,-70.1449,88.8412,-19.7012,-189.5462
-15.6781,-290.2143,-25.6481,4.0567,-21.9609,8.0759,-187.1153,-289.0841,-85.1225,-199.9324,-27.8461,-9.6834,-120.4454,-180.4963,-182.5061,-50.6267,22.4655,-46.2222,-181.6196
-76.9207,-271.8003,-64.3814,3.8542,-139.7978,16.5013,-226.9227,-225.2283,-65.9773,-109.5865,-81.7268,-16.5991,-200.9989,-218.6072,-187.5653,-44.4769,-66.9202,-65.0458,-204.7819
-93.7008,-199.7490,-157.4158,-13.4958,-255.7602,31.7847,-224.8448,-173.4225,-137.9282,-88.2496,-135.4037,-18.2576,-267.9409,-192.8224,-156.3020,-56.6946,-146.9801,-78.8524,-198.9287
-59.4643,-165.5612,-223.5314,-50.7900,-312.1745,-0.8306,-96.3206,-129.5735,-111.1165,-96.0296,-164.8631,-2.3072,-295.4324,-169.5137,-106.1242,-58.9761,-154.2108,-150.8106,-96.0068
-15.6628,-215.9574,-181.9629,-88.4855,-356.3168,-115.7179,1.2714,-116.5725,50.1110,-95.6516,-123.5495,-30.8637,-288.3470,-184.6848,-45.2536,-21.3110,-77.6240,-282.4989,-11.0731
-5.6698,-241.5921,-70.2712,-83.6162,-418.0613,-225.2134,-65.2104,-147.4798,124.7609,-135.9967,-34.5648,-89.4202,-265.4023,-226.1686,41.8572,5.2243,-11.9434,-335.1889,-71.4643
-10.8223,-155.6398,25.8958,-5.3826,-387.8583,-226.1444,-138.3800,-180.6697,38.3373,-200.4862,28.4039,-83.8921,-215.5492,-248.7944,95.1096,-55.2237,15.2236,-239.9567,-189.0764
19.2391,-42.5814,83.0417,103.8455,-190.5639,-135.6688,-98.3801,-173.0751,-120.7815,-216.2833,40.1558,-17.4155,-149.4980,-191.5450,27.2766,-148.0738,66.6265,-108.8384,-199.7040
57.3187,25.4148,107.7014,173.6590,75.8250,-9.4843,-29.2277,-97.9394,-243.9724,-160.2029,27.1279,34.0363,-107.3575,-60.4431,-91.4735,-128.0295,131.3990,-6.1773,-98.8886
38.2938,83.0707,105.0355,206.1004,278.9633,150.4797,51.3892,42.8714,-170.8507,-40.2081,5.6750,48.0129,-96.9681,41.5863,-109.4697,28.4488,162.4418,124.5986,7.2617
5.5654,112.6661,109.5196,240.4413,379.7862,316.7782,168.1559,177.8222,87.2086,82.0972,-15.4885,18.9739,-113.1183,58.9199,-34.8566,177.9148,189.1828,249.5183,66.7817
56.3996,88.1138,151.5185,269.4508,392.9679,406.1566,218.7002,222.9652,216.5946,97.4831,-17.7120,-42.9381,-167.2200,62.0317,10.4533,199.0962,234.7997,269.6544,80.0024
152.2692,100.1570,194.8774,278.9827,335.2798,386.3323,157.8245,170.3553,60.3527,25.6726,-17.2495,-52.8361,-245.9035,92.5713,-0.2207,128.2181,261.5125,218.3253,34.4688
167.0298,175.3403,177.0931,291.1924,221.7547,299.3413,87.0811,71.4970,-117.6857,9.7241,-58.8517,27.3603,-315.0304,81.8565,-10.2208,72.8568,256.8847,167.3168,-54.4370
102.8001,190.1873,100.4674,309.4287,76.9721,184.4008,62.9418,-12.8720,-65.2874,62.6067,-119.5317,103.1425,-361.4668,-1.3919,0.7160,69.4074,241.1554,93.6282,-122.0569
67.8552,108.1552,26.9377,300.8524,-60.2010,67.5068,75.7132,-56.6660,114.4217,68.4222,-125.6738,108.7220,-388.9114,-89.5275,20.0778,85.3412,212.0110,2.5958,-143.5992
77.2509,28.3903,-13.8463,250.7996,-170.2618,-23.1005,109.3842,-92.2694,188.9931,15.8755,-91.3243,83.8386,-420.5371,-130.2563,40.1096,96.6516,161.1175,-53.8473,-153.1754
53.2883,7.8835,-51.5470,178.8793,-268.6332,-88.6910,95.5619,-134.2756,126.7951,-21.0500,-93.3857,61.3504,-483.1463,-124.3491,42.2256,83.4618,90.3909,-111.0949,-155.7852
-19.9979,41.3878,-98.5777,116.3999,-351.9308,-146.7224,8.1438,-136.0754,68.1716,-49.4314,-110.5795,47.1734,-535.5244,-91.1987,5.7823,18.5341,8.3319,-208.4601,-131.0433
-76.3632,91.7205,-116.4113,80.3060,-383.3407,-188.0536,-58.7315,-95.9380,50.7348,-106.8939,-68.5124,53.1772,-504.7055,-78.6712,-49.5104,-67.8311,-50.9601,-277.4207,-99.6846
-63.3250,90.4088,-85.8112,55.0958,-350.2906,-203.7797,-63.5333,-74.7155,-24.7175,-156.6856,-9.5683,64.3608,-409.1719,-106.1094,-78.2522,-103.1894,-53.9416,-270.5135,-87.2062
0.8928,59.7551,-45.0650,37.7842,-269.4166,-196.1688,-67.1436,-77.8360,-140.7685,-158.3962,-18.2123,75.2379,-316.2021,-90.9614,-80.5565,-85.0768,-16.3651,-212.3785,-88.3250
40.4639,105.4911,-38.3213,71.8861,-153.1404,-137.6325,-88.5342,-74.0670,-172.6388,-138.1238,-57.2098,120.7254,-232.7188,29.5865,-97.0605,-61.1783,22.5670,-99.1146,-114.2804
11.3962,203.9775,-63.0962,154.0963,-19.7344,-14.7021,-116.0372,-72.6132,-139.4802,-121.6115,-59.0629,178.0751,-158.2198,166.7313,-110.5471,-24.5612,48.2357,49.6715,-161.7599
-30.9622,233.4609,-68.7982,192.5727,108.6438,117.5172,-145.4739,-63.8735,-139.8962,-88.8536,-51.9424,170.1982,-126.7434,212.2103,-62.8916,47.1467,67.5262,147.6197,-164.0610
-40.0280,178.6494,-23.7223,152.5960,212.9814,223.8804,-137.5905,-19.4087,-161.7192,-33.8201,-67.4055,106.7018,-131.6642,196.8546,5.9041,121.0767,81.5190,185.6585,-109.2548
-70.2199,89.1922,14.8666,109.3070,252.1790,330.6299,-107.1457,18.8592,-158.1574,7.0288,-77.9310,70.4818,-137.6390,196.5859,4.8748,163.3405,73.0824,226.9182,-90.4023
-129.7664,2.2900,-17.8104,92.9680,213.1989,409.1776,-125.6376,8.5379,-101.1125,12.1812,-76.7984,90.7834,-141.9183,194.0456,-31.6222,167.3360,37.3036,253.8924,-120.9856
-116.2182,-0.5204,-67.3677,54.6133,174.5378,388.2378,-138.5546,2.2180,35.8249,8.7854,-76.1505,133.2263,-132.7159,138.7280,-11.6735,125.4736,9.7158,233.7346,-92.4569
-31.1165,101.4533,-56.0973,1.4458,186.7486,307.1429,-59.9002,51.5072,160.6988,39.5618,-62.9861,151.5660,-92.6987,66.6952,49.0871,71.4025,7.0015,213.1542,11.5194
-7.5082,170.3731,-34.3588,-11.6730,167.1353,263.2830,18.2168,120.4036,154.6763,112.2218,-53.9228,124.0579,-69.6798,62.2243,96.0920,65.3981,-11.0444,188.2133,82.6234
-49.2383,131.0413,-70.9761,1.8713,55.5851,246.6087,15.3007,140.0915,115.7171,176.7742,-81.1257,86.8817,-107.0943,122.0049,120.6079,76.4685,-47.8849,89.4666,85.9975
-47.5174,90.4461,-111.9656,-2.8879,-64.6767,203.4534,15.6388,82.2430,173.0742,185.6437,-103.5488,90.4484,-154.9704,150.5536,100.3194,30.8788,-49.1591,-35.7702,80.5283
-27.1056,116.8819,-90.9890,-9.3381,-108.0770,161.6049,35.3465,-3.1157,239.6248,170.8138,-71.7540,127.3087,-156.7749,105.8534,34.5109,-30.5341,-19.9895,-65.9614,79.1862
-50.4408,157.4542,-33.8289,12.8451,-81.5331,152.9970,-12.8594,-50.0893,223.5063,165.8342,-15.0216,156.0238,-117.5149,49.4815,-8.2763,-30.2951,-11.8933,-17.6892,51.8956
-28.1450,179.7619,14.0088,24.5584,-14.6608,135.5803,-103.6364,-97.2199,141.5391,109.5726,33.8025,138.5182,-54.5671,30.5747,-19.7073,-12.2618,-21.3431,-7.2941,2.1710
78.8284,177.0047,26.0380,-30.9184,55.7301,79.0895,-158.0393,-200.1826,-11.1992,-14.7778,67.7798,58.7459,4.9732,34.5671,-61.7576,-41.0024,-38.2704,-50.2131,-45.8366
122.2502,126.4987,-9.6145,-112.1167,93.3346,35.0791,-170.4486,-270.6651,-144.6216,-84.6311,52.6271,-19.7483,29.8884,54.3307,-101.0910,-62.8604,-72.7554,-47.7539,-70.5036
46.5875,64.3508,-42.1399,-105.8166,132.0131,81.7053,-132.8595,-222.4815,-97.4307,-45.4813,-0.9783,-8.9308,47.8176,102.1194,-64.0123,-8.8415,-62.5654,55.5211,-49.0694
-2.1800,57.8915,-4.1308,5.2626,214.6615,225.9830,-56.4793,-133.6721,35.6462,13.4876,-2.2841,60.0140,88.8427,164.2389,7.7679,85.4223,47.4711,191.7116,11.8004
42.7394,87.9698,70.6284,107.9155,278.6887,367.7237,-20.1762,-75.8996,62.1660,63.4765,60.1207,104.5512,96.3796,211.8410,46.3229,142.7165,155.9291,263.0969,57.8953
83.6623,94.5885,93.2627,126.5247,247.7868,395.0971,-32.0229,-31.0840,44.2695,118.0397,86.3362,123.8711,36.3420,221.1587,55.2018,133.4218,153.0610,251.3711,42.6283
70.8078,72.4624,44.9300,88.0186,152.5404,309.2221,-24.3245,-43.1567,59.8415,96.3678,37.7731,102.2606,-16.6840,174.1294,48.7655,82.8423,100.2022,183.1489,-12.0564
55.1721,30.8977,-28.9908,18.1937,50.0398,187.7242,-3.6202,-149.2973,65.8488,6.6872,-33.4954,-11.3945,-22.5934,89.6958,51.3987,46.1509,87.0930,68.3999,-46.1798
69.2688,-21.2979,-74.5526,-60.5703,-54.6748,69.1893,-6.0380,-242.4464,153.3304,10.2724,-82.6845,-125.8142,-41.5106,24.8936,86.2896,58.8757,92.4317,-65.7296,-59.2026
93.1174,-25.7918,-66.1764,-87.3428,-163.8130,-51.0404,-34.0532,-258.8235,308.1495,95.3067,-86.9341,-105.3818,-95.6313,7.3759,85.7348,92.0505,71.0247,-180.2028,-121.6559
81.7306,40.7346,-56.3929,-70.5659,-267.7011,-177.3743,-117.0712,-285.1303,223.3198,83.1006,-66.2524,-29.5403,-131.5222,7.8321,-5.3172,88.5583,2.0381,-284.1059,-244.5399
6.8253,82.0379,-116.9365,-105.9265,-342.7540,-305.4031,-215.7362,-337.8651,-60.9773,4.0251,-85.6319,-45.9253,-115.8763,-15.2794,-87.6017,39.4438,-122.9430,-381.0150,-321.0076
-82.2823,50.1596,-204.3447,-191.5355,-337.0364,-394.2470,-186.8272,-320.7531,-93.2328,19.4377,-133.2360,-108.1599,-56.0694,-66.7223,-84.9961,-12.7228,-238.0429,-407.7364,-280.0914
-96.0237,59.4193,-213.8156,-216.6042,-241.1677,-380.2640,-60.0547,-223.7957,89.9723,90.0051,-122.7109,-106.2025,15.7078,-93.6143,-82.5122,-30.8663,-247.3760,-329.5955,-197.8121
-23.4599,144.2730,-143.0331,-164.7570,-129.5378,-268.5003,-52.5369,-121.9213,39.1343,95.9031,-66.5596,-50.2927,43.7066,-44.9304,-129.4909,-7.2432,-182.0266,-200.9189,-165.5742
55.7241,136.3893,-68.6487,-131.7343,-48.7671,-129.6659,-178.1710,-43.0833,-194.2079,56.0224,-46.6207,-2.0854,20.8086,33.3601,-160.2301,48.4520,-154.5110,-75.3646,-148.0184
69.6148,-17.7818,-25.1481,-158.7208,26.2616,5.2094,-226.1175,28.7345,-246.1888,23.3196,-53.5125,-0.8021,17.7731,59.5648,-159.3418,109.7574,-178.1476,37.0403,-60.0864
20.6240,-123.3923,-7.9777,-189.9419,84.4163,144.1556,-148.1804,103.0979,-144.5473,9.2285,-56.2744,-37.6660,56.0579,54.9724,-167.6467,144.2225,-186.9044,123.6071,77.7199
-27.8579,-75.8926,-13.7761,-161.2757,74.9697,258.1782,-99.2393,157.5318,-91.7322,23.1849,-86.9470,-32.7997,61.1953,76.5318,-175.5893,142.6226,-162.8565,166.4930,150.8241
-30.9775,10.6699,-23.4930,-75.5822,14.8549,305.2308,-139.4830,149.2748,-109.5718,24.6484,-121.5649,35.1335,12.7793,85.4652,-163.2782,110.0556,-125.6898,175.1329,118.8414
-23.6448,57.1473,-10.6826,2.5586,-26.0951,295.2469,-174.6288,108.1426,-170.7438,-23.7458,-86.7968,52.6182,-9.3143,45.1808,-150.8648,48.8203,-78.6556,188.8233,86.4543
-46.4426,68.3441,32.7946,42.4140,-17.7626,273.2824,-139.1161,126.5215,-186.9669,-41.9468,-13.9499,-15.0759,18.2346,18.6287,-160.9400,-5.0580,-26.8005,230.1621,145.6558
-53.0828,23.8885,102.2846,76.6940,3.8630,257.4108,-75.5845,191.0242,-69.2237,12.1772,20.6526,-45.1576,14.8170,31.1014,-198.1201,0.7589,17.6881,245.3987,229.1691
5.4486,-28.8660,169.8309,100.5857,-37.2929,212.2835,-58.2349,192.1928,-22.6547,10.8867,31.9683,-3.4075,-56.6012,11.7229,-234.3676,31.1937,53.6526,164.0625,211.4571
67.4069,14.2968,180.1434,76.7478,-173.1507,96.3956,-119.0973,110.1770,-226.0775,-103.5804,46.7492,16.8342,-134.2821,-49.4647,-220.6638,0.5180,65.2417,22.5758,74.7326
49.6484,108.8859,112.9371,36.1733,-320.3064,-73.7462,-240.7144,6.0036,-365.2765,-178.7471,30.1237,7.2592,-169.9433,-81.1874,-167.4154,-64.7977,18.2089,-101.8775,-99.4492
-6.9309,137.4971,25.3348,6.7604,-378.9970,-248.2921,-352.8380,-95.3228,-186.9890,-119.3497,-19.7766,15.9386,-172.7905,-81.1860,-140.5601,-76.2208,-74.6885,-215.4017,-225.9297
-3.7865,119.2705,-18.2303,-60.4660,-355.0511,-392.4185,-362.1476,-175.3308,-22.9270,-41.8801,-56.4381,12.4684,-145.3282,-106.4405,-155.6908,-69.8423,-149.9034,-305.7657,-275.5863
38.1486,100.7907,-33.6277,-153.4800,-286.4924,-454.0034,-270.6657,-208.0861,-109.6337,-48.7809,-83.6853,-21.1960,-85.8856,-151.0697,-162.7573,-125.4022,-184.8044,-288.3312,-286.8579
6.8065,43.5693,-83.8239,-187.7275,-174.9300,-384.3304,-189.9782,-221.8322,-136.1369,-81.5751,-139.5446,-45.4904,-30.2494,-176.7609,-121.0854,-171.6260,-215.1788,-195.7627,-300.8892
-99.5720,-36.3090,-172.9826,-189.6921,-70.2091,-245.4316,-173.0361,-246.1850,31.6809,-84.6335,-203.7277,-68.0983,-4.8215,-197.1676,-56.8125,-105.9532,-249.8367,-170.2527,-305.1733
-159.6605,-61.8960,-229.1242,-233.3202,-47.4666,-149.6176,-174.5711,-247.4201,55.5988,-106.6432,-216.7459,-93.4495,11.2326,-229.3141,-46.2572,-9.3240,-249.8543,-205.4951,-286.4138
-127.5444,-37.9115,-195.8855,-255.3263,-73.0186,-85.6471,-180.9053,-201.7754,-127.5899,-157.1361,-166.7612,-54.4084,22.4327,-238.6343,-88.8435,-20.7888,-192.3719,-175.2502,-258.2618
-64.2753,-9.4985,-92.5576,-179.6172,-72.3110,14.4262,-202.4032,-142.2505,-157.8356,-158.9780,-93.4824,40.8286,-1.8567,-207.5567,-81.5917,-98.0886,-92.1845,-72.8781,-212.7697
11.9911,22.3303,19.5272,-59.4264,-73.0038,99.6797,-211.1871,-106.1508,1.0962,-105.7412,-28.7261,84.3247,-54.6053,-186.9752,-28.0387,-98.8077,13.5897,18.9595,-157.8109
105.8624,57.5460,85.6282,51.5769,-123.3322,88.6604,-207.8023,-96.0279,15.7208,-58.9938,10.8263,69.3625,-94.0857,-217.1424,-49.8784,-21.6065,67.0720,71.5564,-146.6618
140.6983,89.6589,89.0491,140.9494,-186.0898,22.7553,-205.7095,-68.5692,-109.9235,5.2231,10.7730,82.6159,-110.1652,-258.7317,-110.5725,14.8516,32.7729,78.7181,-157.8637
67.9901,117.0688,68.4911,146.6318,-221.4637,-33.6430,-162.0614,20.8137,-68.6460,116.4683,-4.5365,119.9250,-106.0880,-260.4823,-82.6165,-13.0125,-50.2545,33.8512,-105.5110
-27.1365,107.8347,70.5781,60.3292,-243.4964,-103.4617,-90.0239,122.9126,113.9698,180.4662,7.4900,123.0308,-70.0447,-232.8793,-37.3728,-22.5567,-110.6960,-27.2505,-29.0177
-57.3443,48.7759,85.8724,3.8556,-255.1621,-197.6921,-78.9130,137.6260,167.9932,141.6456,22.5159,99.3689,-19.9383,-199.3622,-58.1782,-1.2963,-117.1478,-67.9532,-35.5010
-40.8401,-10.1066,79.5306,31.2858,-244.0893,-263.5244,-107.0640,66.7058,87.3459,79.1263,0.4017,75.5935,9.1644,-149.8612,-25.0785,-3.0411,-85.8056,-85.0426,-90.3185
-33.3272,-36.1858,51.9083,53.0243,-222.3988,-284.3880,-90.1089,-0.5414,16.7442,32.7356,-5.9382,71.4011,38.0785,-85.2635,72.8500,-5.4765,-60.3004,-73.5386,-111.5440
-56.1872,-27.4322,22.5224,27.8218,-193.4640,-284.0461,-62.5562,-15.6875,-37.0740,-7.8582,48.7975,125.4049,104.0983,-22.0489,63.2024,38.3182,-76.8827,-34.4895,-126.3514
-80.4218,28.4439,-1.3082,4.3398,-136.5434,-241.2485,-55.0928,19.7910,-48.0410,15.9188,87.9628,204.7825,174.8107,56.1878,-16.1371,85.1283,-116.7926,14.3051,-142.8022
-61.9540,76.2965,-15.4201,-16.6973,-51.8207,-137.1047,7.2113,95.2328,70.1807,110.3161,58.4083,201.0866,202.4265,155.8460,15.4180,98.9296,-130.7299,65.1421,-83.7109
-26.9757,15.3416,-20.2057,-72.0030,40.1803,-29.4935,122.7697,187.3783,228.1687,165.1357,26.9472,117.8193,203.4172,212.5020,104.3366,124.4710,-112.7404,100.7877,59.5142
-38.0230,-119.4675,-25.4608,-143.7854,125.1198,40.2633,198.5872,281.1382,270.0147,158.0670,27.9899,69.2330,200.4317,173.4263,119.6212,162.8475,-90.1817,95.3613,214.1741
-65.6946,-199.6023,-30.5933,-189.3560,178.4886,121.1230,215.4904,369.5216,234.4446,166.9983,15.5712,65.8638,170.8581,86.5365,97.9210,156.5963,-70.1657,75.8879,328.8495
-47.3736,-199.1057,-27.1325,-188.3689,173.3551,238.8413,180.2001,413.8615,209.3861,176.3042,-12.4447,34.6476,116.0199,30.7102,70.4213,119.4419,-45.7903,89.4297,361.2575
-9.8935,-153.6985,-12.0338,-125.6788,134.1592,336.1210,83.0767,390.1552,144.3712,125.9131,-14.2605,4.0944,91.2221,27.8522,17.5950,100.5468,-9.2931,124.4646,312.8183
11.2509,-62.8021,25.0296,-12.7771,124.3397,383.9005,10.9173,348.7002,9.3044,54.4914,22.0453,40.2133,120.8667,59.3682,-7.9957,84.6251,43.0499,146.7852,284.8650
28.4432,34.9562,84.9466,75.6774,154.9987,399.7956,43.4706,339.1669,-69.1627,34.8706,84.7775,92.9369,159.4766,95.1699,-10.0728,57.5693,78.8490,133.4501,319.9002
24.7548,71.7830,131.4469,73.4425,163.2775,349.7278,85.1344,340.3243,31.1617,78.4036,139.3970,83.9183,164.6720,104.1143,-67.5002,42.1314,58.6460,60.5468,310.2731
5.8606,65.6429,141.9025,20.2631,117.1326,205.9847,37.0695,314.0823,199.4075,124.5691,155.5476,36.8015,153.1918,87.4869,-130.1418,14.9762,13.1931,-28.2969,214.7675
43.0062,70.6653,155.6383,5.2787,87.1165,65.8160,-31.1317,260.7866,170.9571,89.9173,176.2523,16.8540,172.4268,74.3710,-120.2422,-57.6955,5.3382,-30.2997,149.6957
110.8425,79.2500,206.1741,36.1776,144.1882,38.9333,-29.2487,217.9406,-65.0517,-1.3582,232.8553,38.0150,240.1011,66.5997,-95.1849,-120.8530,34.4085,43.3238,175.5055
95.7436,67.7649,250.5694,61.9811,230.8560,84.9487,27.8090,230.9308,-185.5372,-27.0701,244.4452,71.5671,306.3499,42.6960,-63.5386,-103.0560,61.7779,74.0358,226.3757
19.8068,46.1322,224.8556,84.0300,239.0139,104.0862,87.8251,290.6199,-51.6719,27.8236,169.5027,88.0401,292.0631,11.7324,32.6808,-29.6464,73.8725,47.7756,262.6789
-15.1586,32.1680,131.5265,123.6505,176.3748,98.0729,127.1948,331.1423,100.3180,78.5785,95.6882,79.7726,195.3606,6.5076,103.5373,25.1050,63.7110,53.0970,300.0163
-19.5637,30.5330,35.3848,138.2916,137.4868,129.5759,164.2151,328.8743,131.8063,120.3704,60.9254,51.7978,115.3549,36.8512,68.8094,37.3646,24.5240,105.6205,333.8979
-19.1744,27.6478,-9.2068,87.3765,152.5135,196.9493,218.7797,322.3519,123.7649,166.7442,21.1417,-1.1082,118.0465,75.7166,49.7710,36.4205,-24.4408,149.3361,348.4427
19.9798,17.0699,-11.9583,12.6410,169.4886,228.3322,242.1725,317.8705,65.8173,170.8502,-5.7078,-74.0204,142.9171,74.2389,101.7877,42.5739,-58.5525,151.1213,333.9295
58.5407,23.8623,-23.8924,-20.9245,141.8755,175.9408,177.6031,278.6313,-18.1175,154.0233,-9.1707,-128.0636,108.7918,11.8437,107.4854,41.7142,-66.8356,106.1552,271.6740
35.6097,41.3378,-75.3660,0.7089,58.2964,68.0495,65.7844,197.2326,58.2883,157.3665,-65.7792,-140.4518,32.0016,-54.5577,49.0964,24.7816,-47.7292,33.4829,158.8272
9.8242,11.5813,-157.3452,35.3014,-74.2934,-59.7639,-30.4572,94.4140,222.3180,97.8340,-164.5232,-142.2056,-29.9805,-58.2102,-0.6909,6.2320,-31.0022,-41.8282,20.6499
36.1132,-48.1654,-237.4192,18.1780,-228.4113,-240.4501,-121.9258,-26.8963,145.0475,-59.1224,-183.6822,-159.6368,-67.6261,-37.2893,-56.1427,-9.2419,-56.4632,-136.3445,-131.1681
65.0564,-30.1842,-270.1957,-50.7875,-351.4385,-501.4278,-223.6664,-175.9793,-143.8658,-182.7524,-118.9073,-166.3488,-91.4766,-73.0144,-104.3838,-24.6217,-100.2869,-254.9498,-300.0004
68.4123,89.8922,-228.5172,-79.3649,-388.4532,-754.8922,-300.7847,-333.0874,-291.9131,-206.0867,-75.0169,-125.7624,-91.4867,-137.7503,-85.4875,-38.3370,-105.7939,-328.0813,-452.9799
67.0721,208.9226,-144.4033,-27.0728,-338.6478,-868.0231,-327.5986,-432.7851,-228.5995,-199.8544,-67.3034,-46.9833,-69.0390,-144.1605,-81.9322,-77.5046,-85.0865,-315.5593,-524.4176
57.1348,233.1317,-83.5735,14.6577,-271.9792,-809.2382,-320.6992,-415.5996,-183.6999,-208.6987,-45.4652,14.2350,-47.0482,-97.0928,-182.0080,-152.9788,-93.8747,-277.7148,-477.7816
45.1813,147.8849,-74.2631,-30.5317,-229.3374,-639.6934,-293.0116,-288.2173,-277.0315,-235.5404,-11.1874,5.2693,-26.6846,-54.9800,-250.6637,-180.5770,-148.3002,-254.6305,-327.9830
41.2249,5.9600,-97.7937,-129.7999,-163.6360,-416.0612,-208.6420,-91.6916,-395.6397,-253.8316,3.5367,-62.9757,7.4742,-14.7152,-161.9132,-101.6578,-241.6268,-207.4829,-119.4948
4.4631,-92.6534,-137.6451,-231.6805,-65.0036,-183.2552,-41.0093,129.8309,-346.4744,-175.1833,-23.2409,-121.5547,38.6349,45.7466,-33.2786,-10.2809,-351.2643,-126.3202,71.6823
-68.4431,-91.2822,-189.3320,-318.2240,-21.2559,-7.4910,121.1443,281.3580,-126.5517,-9.9063,-86.9934,-128.8382,34.7426,100.3390,3.8134,10.8776,-388.9733,-61.4437,150.5490
-113.3468,-52.8525,-229.3064,-391.5941,-56.7001,70.5822,160.4604,272.6009,5.2751,72.4705,-134.8896,-119.7466,4.3670,125.4747,-1.2644,18.7055,-274.3921,-34.3413,96.3970
-126.7499,-66.8064,-228.3407,-490.2170,-79.4143,90.0337,119.9875,158.0730,-69.1633,12.2808,-133.6998,-142.6655,-22.7881,123.8085,21.5891,41.5335,-74.5119,-15.2882,5.9074
-137.1089,-111.5706,-196.8762,-631.1502,-54.5850,106.4077,109.3303,56.9631,-136.7005,-70.4118,-128.9333,-181.2537,-46.7608,82.8256,39.2529,14.3686,69.4678,20.4023,-34.5778
-86.3378,-84.9097,-155.1339,-724.8898,-36.1866,107.6530,107.0437,-19.8045,-84.8021,-110.4793,-139.8812,-184.3001,-65.1066,8.0103,10.0233,-56.3596,142.9010,69.8033,-45.3729
60.1420,48.1701,-74.9641,-677.9399,-29.3702,69.3990,72.3709,-82.1266,-42.3611,-117.4455,-106.6108,-160.0071,-41.4414,-37.8891,-38.4999,-89.3824,232.3047,115.6275,-58.8635
204.4468,202.3140,56.7334,-548.6785,-15.4949,27.7520,62.7602,-57.0934,-23.0772,-72.8101,-29.0863,-178.2380,16.1731,-25.1377,-56.7440,-65.5618,333.5138,126.0243,-46.7326
259.3531,272.6122,161.8008,-481.0705,-34.3508,-3.8277,74.9757,42.9561,30.6984,-18.3841,-6.4182,-265.7781,24.6683,-24.0543,-46.6125,-25.3988,357.9877,62.8286,-0.2100
244.3502,231.3826,166.5914,-533.7960,-89.3720,-92.9924,25.3527,66.4673,14.8134,-49.1090,-75.5436,-368.0467,-41.0540,-95.0470,-56.0133,-23.1697,291.7077,-65.8347,29.7067
193.2113,128.3943,102.2983,-649.6108,-104.5415,-252.7144,-53.5189,-24.5821,-84.7132,-133.2983,-145.7923,-427.0703,-82.2883,-183.2959,-93.6352,-99.9375,187.2582,-174.9443,15.4030
120.8854,59.8981,34.2740,-743.2313,-46.6020,-362.7148,-45.1520,-81.6977,-72.0861,-144.9918,-126.5762,-421.0179,-18.8871,-203.7806,-102.9920,-191.9021,61.0212,-176.6818,4.3415
64.8525,84.1363,2.3794,-774.4677,58.7613,-312.9471,61.0314,-14.1930,76.0331,-63.7534,-30.2664,-343.9058,111.4225,-155.9739,-56.1830,-171.1383,-60.9898,-73.5117,63.7385
56.5441,111.7421,44.0581,-751.8774,203.7568,-114.3616,175.2950,111.6707,141.3341,6.9596,71.5628,-237.6637,243.3551,-73.6425,3.1043,-46.8910,-97.9161,59.0857,194.8518
82.6453,18.4582,133.6382,-700.1776,351.2440,150.3499,226.9075,220.5471,46.6673,-4.1947,138.6154,-190.0501,349.7776,45.3555,42.8687,46.0870,-37.0846,148.6348,323.6530
103.3559,-121.0852,162.4118,-646.0726,408.9464,380.8699,230.2299,298.3262,-37.6034,-37.6434,173.4068,-204.5800,395.6374,171.2125,76.4352,54.6033,25.7953,168.3955,389.9357
90.5378,-139.4970,108.6079,-601.8643,345.0892,499.7310,245.7512,334.7635,31.1177,-1.6834,173.6045,-173.3609,348.9902,227.8520,94.6214,42.8472,41.4106,149.5999,390.7839
60.4951,-53.3747,79.6937,-543.0309,212.8741,506.1968,235.0406,308.6266,153.4153,69.4109,135.4545,-68.4721,240.6690,227.5345,68.8613,82.1118,58.9566,136.8944,321.8257
60.0111,25.3791,115.9748,-450.3929,58.6680,443.2271,91.1206,218.7146,125.6726,86.6854,96.1021,-3.6911,125.1821,256.5330,26.3654,173.6137,112.2678,117.0817,187.3464
99.6617,88.2945,152.8172,-355.2074,-81.1940,334.1676,-118.9470,93.2225,-19.7934,64.5364,100.2957,-20.3633,13.9296,291.4189,11.0798,225.0510,180.9107,59.6058,55.3315
135.3236,128.2475,163.4958,-280.8054,-171.5092,209.7590,-217.1876,-20.7787,-65.6451,37.2655,130.4585,-13.2140,-87.2481,249.3231,-0.6276,172.2394,228.2413,-9.4818,-28.6200
130.3586,95.4908,148.0250,-213.7626,-243.0008,105.9137,-215.2772,-88.6614,-20.5381,-30.7066,132.0628,46.6605,-133.3046,179.6256,-30.1224,111.0672,204.9035,-78.1080,-109.0668
93.6033,47.2622,80.0154,-179.3500,-349.7662,-8.1628,-226.1910,-129.4173,-49.3413,-123.6714,95.1727,39.1666,-100.2402,147.2405,-31.8369,120.9875,89.7532,-189.9303,-208.8626
47.5131,59.0555,-9.6784,-216.6055,-450.4857,-181.7503,-230.5012,-198.4663,-80.0848,-175.4393,66.8067,-78.1488,-35.3656,65.9733,-5.1991,94.4893,-58.9217,-313.8949,-292.1133
-3.5771,63.3316,-54.3568,-275.6246,-458.2480,-364.1913,-207.4944,-303.1172,19.5122,-199.4429,82.1318,-189.5988,7.5881,-100.0506,-16.9790,-18.1368,-172.1214,-339.0011,-357.6119
-51.0643,16.0937,-76.7486,-291.8430,-368.8052,-449.6469,-213.7810,-375.9720,137.4802,-222.6045,108.5845,-215.8347,32.5788,-203.5989,-43.8490,-69.6816,-242.3382,-265.2740,-395.8061
-58.2701,-0.8168,-118.9941,-305.0717,-239.9796,-408.9782,-204.5421,-371.1210,175.2645,-223.8754,94.8138,-196.9451,58.7387,-174.0548,-0.6984,-23.7946,-282.4130,-203.1936,-339.5700
-16.9313,15.8335,-135.2512,-367.4465,-118.2658,-300.1747,-110.3372,-326.7879,196.8873,-227.3365,60.8460,-179.4878,66.2349,-123.1683,77.8055,-24.2808,-304.9651,-181.4721,-206.9239
11.7388,-21.2881,-95.7513,-432.9385,-34.4413,-183.8370,-17.0024,-278.6113,211.6152,-238.0247,65.8541,-165.8541,31.8911,-106.0995,113.2126,-65.8842,-330.9507,-139.7570,-108.6432
-2.8735,-87.7592,-48.5518,-430.2247,11.3154,-66.9561,8.5571,-196.8497,230.4500,-176.4051,99.6989,-138.6135,-19.0098,-64.0243,138.8826,-12.7738,-333.1843,-54.7422,-52.6228
-0.8003,-106.6429,-15.9491,-349.8755,56.6702,65.4255,33.6931,-78.9847,320.9192,-78.0065,103.4061,-72.4480,-37.3263,8.8478,181.3658,89.4798,-257.3358,45.8977,23.0384
41.2646,-102.1477,13.3379,-233.7172,113.4659,173.1998,76.5111,-0.3628,372.4060,-90.3812,72.2178,9.2860,-6.0441,57.7940,182.6185,96.9024,-141.4558,113.0169,76.3627
57.0504,-101.5013,14.1290,-132.2842,146.4245,189.6977,102.3706,-1.1429,269.1074,-181.0850,42.5577,29.1340,46.1241,58.7424,154.0563,37.7656,-68.9726,107.2076,43.5865
27.5765,-53.3675,-24.1547,-49.2224,134.6612,136.2736,139.8077,-27.1386,180.8117,-197.0148,27.2438,-13.9350,78.0000,27.3456,166.0319,33.5933,-27.7558,65.0005,-40.9086
5.2228,45.6325,-55.0784,50.2669,81.7774,87.3497,169.5725,-35.3166,170.3720,-146.7126,28.9310,-35.9110,78.2912,-0.0350,187.7685,95.6228,11.7106,43.2008,-136.5782
-6.4418,99.9404,-59.0393,137.8746,-16.3718,30.8812,117.6525,-55.5634,33.5792,-122.9737,42.7198,-28.0718,65.8829,-18.8783,162.9879,130.6570,-8.0750,1.7816,-233.5941
-29.4090,60.0611,-71.8978,144.8761,-132.9564,-89.8606,48.3662,-110.6144,-125.3596,-136.1875,33.8816,-36.7951,52.9061,-70.3064,135.8166,59.6407,-85.6140,-94.3352,-290.6599
-27.9437,24.9361,-100.5585,115.7734,-188.5906,-238.1739,68.5549,-166.7512,-3.3198,-171.6814,-3.7217,-31.3528,39.8546,-124.1039,143.5768,-74.2125,-99.8267,-153.5813,-295.0165
16.9301,108.5563,-95.7264,162.3940,-140.8371,-320.9306,107.0771,-191.1884,200.1536,-196.4977,-13.3516,2.8060,41.4262,-98.1603,141.0327,-122.7398,-24.6383,-112.7128,-285.6281
58.3872,229.8521,-28.6747,267.2710,-28.2888,-295.8330,74.8389,-178.6602,148.6025,-154.7224,27.6015,-10.3056,73.5767,-48.6503,92.5926,-32.7448,29.9959,-36.2705,-236.0450
79.4237,204.5265,56.8801,326.7452,112.7366,-168.1724,56.2102,-112.2283,57.9578,-84.4195,67.4222,-56.2045,123.1378,-77.0785,16.6127,73.4290,46.2668,43.4276,-87.8479
112.6293,64.6845,113.8506,344.0557,280.3252,25.6068,123.1830,13.4063,174.3695,-51.6902,85.5741,-14.5258,161.5709,-97.3825,-30.9328,100.4972,115.1071,154.6596,101.6733
153.3903,24.9678,173.9712,392.5017,433.0968,209.9817,190.1451,138.7038,262.2356,-2.4383,121.0097,99.5209,167.1191,-6.2932,1.2977,88.5738,228.6017,260.6500,226.5808
161.9398,108.5568,271.0390,456.4063,494.4960,331.4579,183.9361,215.5629,183.9065,98.4957,180.0491,159.2066,132.0518,104.0168,56.0832,74.8399,287.8440,322.3297,289.6378
138.7191,127.7800,344.7630,472.2927,457.4625,402.9890,149.7662,289.0707,157.8063,161.0164,230.7243,162.4971,82.3604,156.8217,20.9423,51.0059,284.5702,368.8574,357.4159
131.6280,35.3316,350.7030,460.9445,392.0965,436.2585,130.1081,375.2003,220.4150,138.7852,265.8389,183.9501,59.1380,205.1756,-61.3161,46.7067,304.8789,386.3823,432.2451
179.2872,-17.7162,357.7416,488.4555,343.3117,403.9470,106.7934,374.3310,205.6329,76.2297,287.9062,210.8788,60.0481,232.5434,-57.7528,80.1867,389.1652,339.6567,456.2628
263.7591,45.5275,402.4808,545.8649,300.2448,310.0175,85.2593,259.8499,164.5632,15.4347,280.5201,215.1519,57.7990,191.2336,6.0872,99.6290,477.0240,271.8781,403.1168
323.4330,130.5593,405.8579,567.4102,244.9333,207.8215,100.8013,163.0426,221.4053,12.4536,238.2898,224.8257,58.7988,159.3052,26.9743,82.5760,482.2617,159.4917,312.6496
325.8102,133.6338,331.2054,531.1578,158.5350,109.5601,132.3059,120.8607,277.5901,61.1724,180.8156,239.0252,68.6296,170.9534,24.1749,64.3948,402.7753,-118.1237,214.7082
291.2108,75.2299,239.5747,462.4349,19.3904,-34.5770,123.0406,-1.2761,193.7143,17.4248,136.1494,226.4151,58.3949,129.5618,33.4200,32.1259,313.3312,-470.8229,76.0632
227.5812,45.2052,172.2516,381.4552,-134.0078,-223.0136,85.9996,-213.2928,5.3389,-138.6667,128.7776,196.0217,36.2214,36.8522,18.6654,-41.4875,243.0168,-610.3955,-89.7288
125.1620,56.4055,144.8452,312.6230,-189.2437,-357.5429,89.9687,-328.5146,-146.8263,-194.3163,147.4215,158.7578,60.2433,-6.7846,3.6445,-88.6706,161.4940,-485.4506,-162.5383
34.5700,49.3971,169.5023,285.7614,-89.7750,-364.8781,151.5502,-269.1379,-168.3112,-86.0703,141.4183,96.6767,134.2079,-12.6284,33.6409,-54.8018,79.3945,-317.0068,-103.7036
30.1050,41.2624,178.2145,285.9849,69.7120,-272.7820,216.7093,-153.5048,-107.9645,8.9801,92.9849,28.1156,191.3417,-30.8349,43.4810,-19.5955,21.5124,-217.9375,-46.9475
72.7647,106.5704,91.7056,273.1019,158.1330,-131.1151,231.8570,-59.0519,-62.1236,51.8800,31.7069,1.0467,189.2530,-21.0789,-1.0987,-34.4075,-44.0620,-142.1079,-63.3065
57.7220,213.1342,-19.6857,251.3712,165.4485,24.9918,201.4554,37.9453,6.0393,132.0722,-34.5709,9.6673,143.2898,27.0149,-6.6645,-15.5158,-105.5419,-95.0924,-45.7033
8.2330,253.6842,-36.9093,247.0422,162.6883,128.8690,182.8475,106.1875,131.6550,168.7246,-99.6487,14.2454,96.0594,46.4351,42.6948,35.1788,-67.2410,-104.4926,58.4703
28.6789,208.2437,20.5435,262.3434,168.6696,142.0943,197.3269,73.3267,156.4055,73.4778,-109.1549,22.4890,85.9139,14.3742,44.9439,-32.3381,70.2991,-114.4064,135.6459
79.7362,151.3163,73.9666,305.5687,155.2511,133.8520,180.3625,-18.2539,-4.3694,-21.0888,-46.4545,58.6392,99.5696,-35.4107,-2.7602,-196.8571,175.0238,-69.4961,107.4763
45.5894,156.9429,109.9507,380.8476,120.7418,169.3634,96.7827,-49.7403,-150.8791,-14.4193,15.6838,86.4375,75.7110,-73.0975,-29.9151,-213.5479,188.0064,-1.9621,35.8423
-23.0221,227.3784,122.1016,434.6873,67.1642,195.9341,18.5156,-10.8225,-132.8295,10.3189,31.1288,63.8739,-0.7381,-79.5130,-61.5691,-26.9242,169.2850,8.0190,0.1320
-4.8738,269.6263,89.8259,416.7607,-23.0865,143.3845,6.3500,8.5177,-31.6269,30.0901,25.4118,33.2674,-65.5311,-63.4796,-106.2972,117.3192,151.5237,-78.4272,13.0150
48.2440,208.0962,43.6525,360.4236,-133.1192,28.3446,36.2642,-10.1641,91.9401,104.6480,6.7576,45.2540,-66.3166,-54.0572,-62.0708,75.6554,112.2795,-195.5582,32.3215
26.3327,104.4319,30.4223,316.2509,-215.2204,-95.0930,72.6508,-19.5166,204.3339,161.6762,-21.2255,57.8448,-20.7010,-51.3288,74.8839,-18.1088,43.2457,-238.4494,-0.3338
-32.6758,35.4421,51.5971,277.7932,-247.8982,-179.4165,90.4067,-39.8153,178.4288,109.1077,-4.4064,27.6600,28.9559,-41.5063,159.3378,-29.7749,-42.5884,-196.5782,-76.1879
-63.7210,-38.0031,90.2205,226.7716,-209.2131,-184.4829,79.5081,-95.0549,58.4137,55.6948,74.2129,1.5098,74.1036,-13.6526,157.2174,15.7068,-112.4449,-126.0438,-102.2010
-104.4934,-135.6221,130.4460,177.6062,-57.8530,-111.5668,109.3433,-100.1013,102.8427,135.4828,143.1825,16.6952,146.6085,59.4673,181.7808,66.6858,-119.6762,-30.7505,-28.9822
-170.2982,-180.2279,152.5596,159.8762,181.0951,4.7888,246.1907,-0.7622,303.2550,272.5553,151.7671,37.7638,259.6869,158.1541,253.2682,125.9514,-62.3681,106.4804,90.8014
-192.2697,-157.3943,161.1307,187.6436,405.2444,143.9972,402.7029,114.6785,366.3672,331.8533,127.2870,44.4593,355.5888,201.7626,285.7399,192.1659,9.5535,243.9192,205.0676
-134.4810,-140.7311,180.6017,229.2637,544.1351,276.6072,460.6664,187.9102,263.0179,329.8598,112.5406,50.4446,370.6375,194.0853,274.1813,233.3804,63.1002,329.8007,304.6219
-43.2652,-141.8483,215.8635,241.8766,586.7214,359.7447,463.9527,273.2660,240.1181,346.2171,122.3899,52.4008,329.4578,225.7362,286.0925,232.3407,109.5863,368.5826,379.2599
14.8286,-117.9371,262.6625,258.7180,549.4443,405.3761,504.3283,372.2798,352.5868,378.1145,136.0051,62.4322,299.2910,292.1360,327.8894,214.6803,178.3837,395.1785,437.1601
21.9475,-67.3836,313.6425,335.8221,495.3781,445.1989,544.5711,407.9403,437.7935,381.7426,116.0303,112.1726,290.7986,306.7090,338.1545,203.2904,272.0170,415.8400,493.9036
30.3860,-5.6117,331.1187,418.9237,474.6452,439.2005,501.1127,368.7847,399.1969,357.8857,72.9986,183.8537,270.8851,262.0186,268.7764,178.5990,336.0674,394.0005,503.0705
76.0682,57.0150,287.6276,425.5110,423.6043,353.2508,382.1241,303.3569,268.7058,335.5270,54.9354,233.1546,220.9158,211.9046,150.8033,140.6328,328.9042,318.3189,421.8001
103.8002,95.6492,218.0232,402.8505,266.0157,244.6918,245.9587,231.9167,143.4562,312.3466,52.7110,247.1711,141.5632,176.1682,77.8972,141.7654,302.4362,244.2368,298.9338
79.1784,122.5096,166.2350,428.4601,63.3641,147.2319,105.7313,151.8557,85.8481,256.3897,26.3152,222.8433,53.1109,144.7507,78.2769,180.9058,312.3237,195.8591,173.0405
70.6701,188.9470,128.9552,464.6226,-78.4715,16.1593,-43.6116,44.3270,29.7892,174.6299,2.6408,175.9369,-0.9942,101.3183,70.8126,174.1033,314.9211,122.6757,21.9106
106.3861,269.7561,83.3502,455.6456,-145.8439,-132.7239,-145.5697,-114.9594,-79.0449,120.8661,18.3944,153.3973,9.8237,49.9400,21.1356,92.1037,260.6405,26.1982,-105.9670
110.1466,267.4736,10.6767,412.9904,-164.2820,-216.4673,-139.5967,-289.5372,-156.4071,95.8245,30.3341,148.8972,68.8454,22.1384,2.9181,-3.8962,169.9378,-32.2448,-125.5409
56.3956,175.4845,-101.7069,325.8689,-147.3504,-234.8127,-86.3437,-410.1603,-172.4528,39.4955,-7.2872,109.6794,122.4978,5.7909,38.8386,-69.8019,46.6527,-64.2634,-89.6599
11.6008,104.0277,-232.8670,171.5416,-125.7041,-234.4374,-91.6450,-467.6415,-212.1107,-33.1737,-58.6290,58.5369,126.3164,-33.2227,57.0462,-94.9360,-128.0342,-94.9396,-95.3192
-1.6731,107.1633,-331.2268,19.4901,-104.0986,-180.2908,-137.7365,-476.3281,-253.6175,-37.1919,-72.9476,48.2799,94.6239,-34.6983,28.4593,-69.3405,-299.6830,-55.4963,-101.7370
-28.9574,110.3248,-364.3333,-46.5154,-36.5829,-38.9486,-143.2314,-427.9791,-218.2295,25.3487,-58.8278,54.3141,82.0912,66.4820,-8.0567,-23.9474,-379.0920,75.5042,-42.3352
-80.4484,59.6331,-339.2779,-46.1023,75.5216,117.4093,-97.7730,-359.0889,-156.2295,79.0332,-50.3971,64.5624,101.5012,186.2849,-18.8829,-9.7260,-347.9832,193.4317,31.8497
-115.5176,13.5454,-290.7646,-22.7142,152.4698,213.2799,-24.5319,-336.0056,-112.5763,102.5497,-51.0677,116.8198,113.5651,219.2779,10.5823,-22.1467,-256.2712,234.8996,48.4148
-127.2594,10.3520,-254.7650,23.9215,141.6618,239.3403,50.5393,-355.5233,-56.7192,106.0138,-41.1417,158.6756,104.3890,183.3498,58.5722,-37.2232,-174.8047,213.9271,11.6049
-159.8169,-13.0991,-231.3176,57.4877,70.7074,182.2933,78.7739,-375.1692,-22.4203,92.7827,-31.9544,92.7590,96.1843,121.5089,73.7263,-53.9277,-155.7650,119.1257,-29.0359
-212.5405,-79.5191,-207.1211,20.1825,-10.6758,47.5520,72.5614,-381.9369,8.1689,108.6173,-71.5734,-35.1850,89.2545,52.5507,67.5827,-40.6950,-184.0412,-25.6033,-27.2849
-214.0695,-102.9282,-206.3143,-47.0386,-88.6564,-79.2229,95.0977,-365.5674,157.2248,173.8764,-163.1218,-102.6011,66.3811,19.2135,98.0609,37.9510,-199.4620,-125.2053,1.8520
-153.6087,-37.6251,-242.6020,-52.1845,-177.2791,-144.4170,95.0377,-335.2027,307.8629,201.2638,-233.6500,-83.8047,29.0379,15.9489,136.6542,121.0415,-172.8031,-153.6180,-22.5806
-107.6786,57.9764,-264.4156,3.9214,-263.8011,-210.0578,-30.4066,-355.9805,182.7355,139.4086,-231.2526,-23.2049,-12.2197,-23.3457,107.5407,104.2240,-112.3547,-168.9755,-130.1765
-85.2749,127.3265,-236.5772,51.7577,-311.1678,-322.0482,-226.4338,-448.9491,-105.0005,71.1473,-188.5778,29.6660,-49.2703,-100.8422,22.4039,-11.8442,-50.8608,-202.9255,-257.5526
-42.7463,150.3637,-207.1935,54.8220,-339.6259,-436.9582,-368.3135,-527.1814,-209.5122,52.6851,-158.8511,17.7972,-79.6144,-179.4132,-60.2924,-114.4640,-57.0472,-261.7390,-351.8328
-33.7739,119.3249,-226.1988,10.8939,-404.4801,-522.7220,-439.2374,-522.1178,-156.3669,38.9804,-154.3737,-57.5254,-118.4493,-261.8811,-112.0021,-120.4762,-158.2810,-317.8636,-397.4432
-100.1790,77.6064,-275.4533,-57.2420,-471.2839,-569.3866,-460.8658,-466.8243,-146.2558,16.3311,-163.4879,-110.8828,-169.2585,-312.4826,-112.5153,-82.1175,-257.2014,-275.1807,-374.4621
-129.0716,90.7128,-304.2311,-83.5349,-452.7921,-526.0215,-426.9105,-412.0138,-102.0588,16.2437,-175.2388,-93.6066,-192.3727,-268.8463,-76.6883,-99.3814,-241.4689,-112.3663,-290.2731
-49.8231,135.5131,-277.4154,-30.9625,-352.1051,-379.8815,-358.7139,-363.8972,31.1548,11.9438,-181.1407,-45.4010,-165.1846,-172.9532,-63.9836,-145.7701,-141.2297,39.7300,-189.3736
24.8471,128.9571,-207.0684,36.1767,-234.8546,-215.8300,-284.0444,-308.9198,29.7021,-33.4122,-177.7107,-6.9131,-131.5719,-100.2944,-75.7301,-120.4687,-71.4285,106.6883,-107.1682
6.2117,68.8862,-144.3661,46.3591,-137.6247,-94.8818,-216.0814,-236.6247,-162.3187,-69.3419,-163.4023,14.3279,-128.9708,-36.1493,-67.5506,-51.2146,-65.8560,152.3312,-61.9924
-54.3122,37.9240,-111.6441,22.2310,-94.1678,-2.3892,-195.9428,-161.8033,-266.5748,-48.5576,-136.3198,12.9489,-139.5792,34.6806,-68.2765,-39.8562,-65.9846,191.7276,-44.0428
-92.7953,68.2997,-90.7600,9.4029,-122.5489,54.8529,-238.1107,-128.3068,-169.0750,-41.2658,-102.4060,-1.5375,-152.9220,70.9417,-110.8653,-69.2359,-36.1249,174.2635,-21.8409
-86.2581,95.4874,-78.2976,4.7334,-163.5659,58.4577,-283.1559,-139.5996,-67.5770,-111.1643,-72.2754,0.4504,-181.0079,69.3347,-126.2472,-74.2584,4.3156,129.8687,-24.9329
-43.2716,74.2841,-70.6623,12.0046,-169.2993,48.7537,-294.4907,-126.2351,-64.0791,-163.0454,-49.6913,20.4944,-202.8954,69.3565,-74.3614,-72.5290,47.2651,117.1129,-112.9038
-14.3735,55.0967,-40.7840,57.1637,-181.3098,45.9267,-291.5685,-57.0967,-88.2264,-103.1433,-31.0230,23.1698,-186.9144,79.7735,-35.2797,-74.2752,102.5126,117.3793,-233.8850
-8.3916,77.6369,5.1796,121.2588,-207.3569,3.5774,-277.5675,-14.2497,-156.3388,-35.8271,-11.2719,-3.0287,-146.7196,68.5860,-60.1577,-54.0070,137.1835,109.0621,-295.1520
24.2929,93.0412,37.4895,153.2573,-171.1724,-65.2276,-243.4855,-57.8424,-268.4278,-66.5024,9.5852,-27.1610,-106.2970,-8.5181,-97.0442,-47.8848,100.5835,118.6509,-312.0584
54.6729,78.7810,68.1317,134.0760,-61.6708,-75.5752,-190.2663,-102.9319,-243.9040,-91.7948,21.8201,-48.8154,-59.9008,-140.1734,-96.0873,-74.9970,6.9757,149.0754,-306.2523
7.8901,88.9687,97.1628,68.9039,35.6368,-34.5074,-115.1047,-53.3500,-54.8816,-21.5277,9.8965,-116.9787,-13.0290,-235.3923,-54.5491,-63.4222,-84.2146,168.3130,-230.9547
-76.7831,122.0281,81.3505,-19.6748,82.7940,-30.8971,-38.5038,49.4530,30.5309,65.4164,-28.4264,-220.6571,6.2094,-251.7061,9.2354,-12.2691,-143.1362,167.0579,-107.7987
-116.2319,104.3847,31.5539,-75.1069,121.2191,-53.5401,15.6821,138.2349,-49.4379,133.7499,-66.1839,-268.0909,0.9576,-242.5123,51.4179,-12.7324,-178.7912,165.1269,-12.2422
-105.0588,23.8573,-8.5943,-75.3469,169.7789,-11.5902,65.2064,228.9603,-37.4835,203.8400,-70.6656,-241.0632,0.4142,-224.8160,40.2441,-48.7905,-212.5761,175.4376,60.4728
-54.3371,-55.1825,-52.9896,-75.8786,196.6885,81.1034,97.1245,303.5262,84.4381,179.9907,-47.6953,-221.1474,2.7383,-186.6092,12.7776,-41.3313,-238.1713,184.5954,123.4856
8.7684,-65.0961,-80.3374,-91.6390,180.0823,121.7923,66.6444,281.2443,83.8159,44.0174,-33.2434,-219.9861,-14.9170,-171.6768,18.5562,-27.1817,-198.8839,176.3329,137.6035
7.1226,17.4019,-13.8252,-49.2054,137.6001,94.5725,25.7420,183.6639,-10.1677,-15.6385,-40.8292,-168.1817,-49.9366,-156.1037,39.1949,-50.7919,-76.4951,162.5794,117.9009
-38.5865,112.4670,87.5913,56.1954,93.8324,76.5283,46.8838,113.4366,-24.0929,40.4643,-60.8330,-71.1059,-85.7366,-37.5436,33.8295,-49.4011,35.0624,153.4720,105.7826
-5.0399,110.0371,80.7882,119.0075,47.0538,94.6217,71.9425,76.4378,2.3369,34.5308,-93.0571,9.1965,-116.4785,126.3941,10.4579,-11.4956,61.2885,128.0135,79.3985
85.3003,58.5427,5.6426,103.1728,-7.8681,107.0642,52.4201,35.6476,16.6723,-31.5243,-123.6609,68.1384,-131.2269,177.1506,-8.8112,-14.7952,56.8636,89.3603,44.1506
93.4131,79.7393,2.4673,83.1865,-49.0063,99.6524,49.0765,37.8435,50.4182,-16.3827,-118.4275,108.7090,-119.5407,137.9873,-37.9414,-47.2972,69.3180,80.3569,44.5650
39.7039,134.9541,54.7072,89.5396,-55.7830,89.8450,63.0865,101.4741,27.0716,25.1057,-83.2164,92.4376,-99.1572,115.8170,-81.9913,-33.3927,54.2760,99.3773,45.5191
42.4885,132.7660,76.9796,89.2750,-34.0228,65.6942,43.4744,138.1104,-41.1938,-5.8874,-52.2683,28.6599,-86.1886,90.6829,-100.3417,-4.8307,8.0408,99.4636,1.9416
76.9871,104.2924,87.3336,85.7831,8.2073,6.9989,31.3318,100.9554,6.3022,-43.3663,-12.7759,-21.7205,-61.5993,39.2245,-81.1040,-44.4673,-2.2351,74.8476,-44.5984
59.9330,65.9561,127.9066,90.3021,67.1049,-64.5680,48.3280,44.1899,56.8940,-57.9700,55.5841,-52.9416,-19.7841,1.5259,-74.9005,-136.2084,30.4973,44.8098,-67.1939
20.5246,-19.5377,184.0242,69.3109,127.3819,-102.3017,40.4785,15.0167,-82.2681,-96.6742,102.8988,-100.8813,1.7828,-51.5393,-90.5652,-188.6178,46.0340,9.2175,-73.1545
1.4537,-79.1733,216.8932,22.6659,175.1626,-68.2621,50.7976,28.0326,-165.5791,-98.0900,80.2720,-152.0309,-6.8887,-145.2168,-66.8719,-138.5997,20.5287,-0.6077,-25.2827
-36.8187,-36.6760,188.1983,9.7560,208.6955,37.5057,152.8551,92.9394,4.2957,-20.4050,28.9477,-166.7969,1.4009,-192.5518,0.4635,-18.9909,-13.6538,55.3913,78.0710
-96.1515,12.8172,120.3637,37.5435,224.7431,143.7469,262.2362,178.5616,105.3212,11.9285,11.6540,-154.8681,43.7931,-160.6594,35.0533,40.7878,-17.3162,118.5243,166.7810
-87.3784,-22.2089,108.5634,43.5177,223.1149,169.1730,283.1922,228.3711,-16.9304,-61.5293,26.9890,-156.0886,73.6646,-138.2947,9.1859,-37.5065,16.7163,107.3722,224.5349
9.2879,-96.7760,177.1362,25.0463,219.5643,143.0657,258.5328,235.4625,-72.6825,-112.2945,45.5072,-170.9253,69.5066,-152.0450,-29.4325,-141.3250,67.9043,81.7565,268.5862
69.3753,-163.9941,249.6398,61.3630,232.7457,160.3324,239.4473,237.4645,-33.3582,-57.2567,64.6370,-163.1799,68.9665,-138.0009,-44.8549,-121.9443,135.3000,142.7385,269.7312
18.5655,-199.4524,300.4211,168.8869,259.3009,218.3343,234.9764,257.5431,-100.4449,5.4072,90.0021,-125.3086,89.0885,-83.9367,-31.6777,-36.1479,227.4188,226.4793,244.2385
-37.3825,-166.4725,346.5354,244.1421,259.8820,221.2011,251.5173,273.0755,-144.7819,-43.4088,97.1227,-85.6670,95.1094,-39.4268,-3.7519,-46.6699,301.6665,190.7983,240.4272
-16.3295,-120.2091,347.9271,207.1344,199.1140,123.6531,234.6500,225.7428,-42.7672,-164.8661,55.5773,-51.9652,69.2380,-28.6235,-2.0331,-150.8613,314.9249,39.8823,207.0889
-22.7721,-162.6827,293.3718,111.7887,116.9852,-26.3370,148.0678,103.5014,-2.2391,-223.1126,-11.6421,-21.3229,41.2474,-21.1937,-37.1822,-204.5886,294.5969,-100.7118,111.7566
-139.8933,-273.8035,243.2806,43.9335,87.0388,-147.6574,95.4241,-0.8319,-66.0152,-210.2110,-48.8944,-27.5182,37.6403,14.7403,-55.4400,-162.7976,259.7696,-164.1292,67.3309
-258.8030,-370.0845,203.1776,-2.0978,106.0339,-182.2177,151.5750,-0.7078,-56.7264,-242.4254,-49.8347,-83.3285,54.7445,40.4931,-30.3153,-125.6320,179.7805,-172.4101,135.0259
-283.5051,-424.1118,132.7704,-65.0322,130.6705,-133.3811,240.0229,67.8145,-42.7129,-307.6552,-58.6826,-128.3808,76.6588,2.9807,-1.9767,-162.8363,66.4217,-150.3413,214.7543
-291.5970,-446.9800,50.8870,-130.2105,163.6900,-49.1781,301.5472,131.9289,-135.1194,-283.7345,-105.5332,-131.9181,76.4181,-53.3340,14.7320,-215.4829,-35.0379,-107.8021,236.0989
-353.2987,-491.7889,-10.1227,-183.1421,194.4829,35.9021,335.9981,179.3669,-174.7840,-198.5455,-180.4626,-154.9606,28.1171,-73.4639,40.1529,-200.8753,-125.0994,-73.0904,228.8637
-395.9802,-586.5182,-47.9944,-250.8347,180.0977,98.0949,306.3310,197.9960,-110.2997,-174.8209,-230.1240,-229.6831,-47.6210,-102.8028,43.3526,-147.0025,-194.4637,-75.1665,210.7562
-343.5671,-614.7663,-44.7282,-323.1047,150.2540,106.0324,223.0469,156.4085,-133.6072,-216.4425,-194.6375,-295.9269,-98.7935,-160.5889,-19.0075,-150.2886,-189.5298,-96.8927,179.9738
-238.9381,-510.8750,-1.4624,-331.8896,160.9186,64.4646,159.3745,85.8586,-247.3757,-272.2122,-109.2766,-310.0154,-120.5811,-187.2214,-104.1782,-224.9880,-106.4390,-90.3212,153.4419
-179.3175,-446.9696,41.9356,-252.9861,172.3571,16.9740,99.9919,52.8941,-240.5599,-313.2211,-73.0765,-297.7477,-144.3492,-196.4959,-144.0231,-288.9995,3.6423,-47.3508,142.9422
-203.3720,-510.6201,88.6187,-144.6210,142.3244,-7.3223,8.6640,63.4508,-65.6881,-274.4728,-72.6309,-281.4019,-157.3142,-233.0367,-147.6112,-282.8750,100.9809,-8.4966,149.3827
-254.6815,-519.5414,150.4846,-67.6161,99.7282,6.0919,-50.5444,89.8722,118.6716,-151.8802,-21.7026,-253.1159,-140.7056,-229.8182,-150.1627,-217.8263,141.6502,5.6232,153.3409
-249.5341,-415.0491,170.2973,-26.5342,25.9881,47.4866,-61.5605,119.6596,164.8304,-60.6055,38.6895,-212.4801,-145.7013,-149.5279,-141.3896,-149.6810,111.9418,3.0782,113.6330
-184.1397,-372.7163,125.2236,5.4824,-104.6960,46.8382,-98.8423,117.6335,65.6105,-39.5642,18.4033,-167.5519,-199.8494,-88.2876,-120.6447,-151.5894,89.6780,-25.5738,32.7135
-136.4935,-408.5265,80.5907,37.2803,-182.3111,-37.5152,-146.9399,49.8944,-53.2786,-27.7180,-29.9848,-122.7756,-216.9702,-84.7559,-129.8239,-226.1665,126.1411,-73.5715,-44.7019
-154.4928,-377.7439,59.2163,53.7989,-118.1612,-135.7133,-143.0241,-41.5397,-89.5425,-47.5465,-22.0821,-94.6655,-140.0621,-82.4718,-171.6099,-268.6310,157.4630,-92.3170,-111.8294
-203.8592,-314.4079,26.2505,53.6464,-11.3014,-192.7307,-123.4130,-101.8190,-73.5340,-132.9355,0.5827,-106.8750,-60.5704,-94.8124,-189.6340,-229.4661,142.0595,-86.3797,-168.1946
-232.2853,-345.4578,-13.7458,48.0953,44.6822,-238.5712,-119.0523,-138.9742,-57.3075,-196.3771,-24.2962,-157.1639,-63.1021,-144.4870,-160.5747,-190.5593,110.7301,-117.8422,-167.4423
-226.2871,-436.9336,-54.7811,12.7652,89.0004,-243.7466,-89.9128,-130.2684,-37.9740,-184.4715,-83.6349,-216.6512,-95.0892,-157.3980,-120.2942,-178.6772,44.9697,-156.6220,-103.3325
-208.5677,-502.3297,-125.4097,-82.5810,130.5844,-121.3180,-51.7061,1.6353,-19.6860,-157.9664,-143.1151,-259.5225,-96.3874,-105.0150,-101.6248,-125.4473,-85.0853,-107.0698,-36.5018
-212.6855,-548.2822,-203.4773,-191.4418,125.0634,89.9292,-50.0678,217.0600,-8.0202,-132.5844,-162.6744,-270.3266,-96.6865,-58.3730,-110.6834,-58.7125,-205.9839,-1.1208,7.1481
-239.6042,-582.8246,-230.0968,-245.5193,93.6090,253.0208,-56.6970,348.2502,-7.0702,-73.7126,-119.3886,-245.8114,-123.6311,-41.2722,-140.4262,-63.6281,-244.0731,36.8660,33.3878
-240.3705,-567.2413,-212.3208,-267.8978,52.4657,300.2689,-69.1400,321.8618,-73.1665,-24.0252,-75.4294,-218.5354,-167.6411,-34.7501,-175.5597,-105.7943,-238.3586,-18.5527,11.3996
-192.1396,-504.1972,-197.6507,-304.7636,-46.1667,239.8483,-161.4118,209.3259,-223.4199,-48.7548,-104.8443,-234.1862,-240.7645,-66.6007,-209.5115,-130.1950,-246.7578,-98.9324,-83.6466
-153.9185,-455.6738,-199.6677,-314.7154,-190.5745,112.1854,-327.0379,74.4322,-350.6647,-118.7358,-178.8201,-274.6196,-349.5437,-136.7754,-245.4553,-162.3191,-262.8333,-151.1885,-225.3495
-158.3999,-454.2755,-206.3015,-260.1196,-306.3927,-14.3429,-453.2132,-55.7682,-369.4965,-153.9802,-230.6950,-269.9866,-458.0074,-182.0685,-270.3490,-176.7902,-253.5389,-162.7679,-362.8847
-130.6681,-462.5194,-203.7829,-200.4245,-385.7526,-113.3554,-493.3008,-147.6892,-305.7782,-143.6432,-245.2434,-209.1046,-540.2309,-195.3858,-279.2271,-130.6882,-197.7746,-170.6194,-442.8916
-38.0086,-442.6398,-189.2765,-178.6803,-458.8724,-210.3708,-511.0303,-208.5465,-205.4738,-157.3506,-230.4560,-150.3878,-584.9558,-234.4661,-304.7236,-111.0168,-118.6472,-218.2738,-454.0182
5.9201,-402.0794,-178.7454,-153.0286,-503.5173,-286.8858,-545.9913,-266.3745,-139.5157,-208.7026,-206.2968,-121.6143,-562.9561,-300.9450,-354.7767,-165.8250,-94.5633,-256.7144,-455.9125
-77.0095,-351.7090,-183.4143,-115.1700,-485.4312,-308.1763,-545.0353,-283.2762,-210.7908,-203.9569,-209.0844,-102.1371,-483.3734,-333.9073,-373.0544,-167.5425,-168.9192,-212.7370,-477.8308
-192.3497,-317.4185,-202.6823,-118.5352,-402.6627,-297.8320,-444.7077,-221.1249,-376.7101,-125.1853,-235.2302,-81.7855,-395.2234,-304.2973,-316.0975,-65.8175,-273.8007,-132.9881,-449.5845
-231.1666,-365.4725,-241.3089,-161.8417,-270.8579,-263.1768,-272.4278,-133.0950,-429.0955,-89.2897,-246.7527,-65.3156,-292.4011,-238.2601,-217.6175,15.2447,-317.7361,-97.3264,-331.1245
-212.1742,-482.9417,-288.5590,-194.0494,-133.4149,-176.2163,-134.6828,-72.3105,-278.7962,-106.9491,-243.6320,-57.3035,-169.8519,-165.0518,-157.0900,31.4370,-304.0993,-83.6171,-202.6028
-197.0570,-545.2307,-314.9461,-209.4868,-41.6143,-65.9253,-105.0293,-10.3926,-87.6504,-48.6281,-246.3575,-66.3340,-118.5613,-89.2387,-179.5717,54.6296,-299.7983,-46.0993,-139.5250
-199.1938,-529.5218,-318.3852,-225.4902,4.1658,33.5352,-151.8618,83.3328,-43.4876,78.3168,-247.0012,-83.7445,-172.4219,-18.8614,-233.7492,95.4356,-329.4131,6.9392,-112.7667
-205.5300,-551.2898,-313.3699,-235.9047,36.0849,153.4198,-193.2952,181.0779,-132.1448,132.8862,-236.9037,-86.7732,-210.7265,21.3522,-235.1539,135.0180,-356.4486,59.2766,-73.7011
-210.2165,-619.5480,-299.4592,-244.6944,62.2760,283.8262,-197.7061,234.1259,-207.0878,98.4159,-226.7862,-82.7005,-179.3199,30.3524,-202.9560,183.9185,-351.1664,93.5259,-42.6781
-224.7333,-625.6741,-293.5715,-254.0959,70.8207,352.6146,-191.9914,215.4965,-216.1023,59.9197,-223.3064,-88.0015,-171.4585,35.4653,-211.4513,196.8290,-322.2489,88.2486,-54.2207
-257.3418,-566.8940,-310.9496,-233.1442,48.0854,341.7622,-184.6130,145.4215,-208.0608,46.3628,-221.1503,-87.9466,-205.6077,36.5317,-228.7931,130.8778,-285.3887,50.7070,-84.6319
-278.7995,-532.3320,-311.2639,-189.0043,-20.4811,262.6270,-160.4728,72.1831,-159.7603,57.3656,-204.4337,-83.3358,-214.6894,6.1799,-190.3209,61.9941,-255.5003,-21.0224,-111.0131
-256.2911,-538.0754,-270.7691,-184.3028,-132.0863,109.9532,-158.4562,1.0568,-73.5972,61.3119,-160.1454,-105.0190,-229.3093,-56.9005,-157.6518,54.0021,-254.4184,-147.2581,-177.5594
-206.4990,-535.5424,-244.3952,-221.6306,-257.8686,-54.7755,-242.1636,-101.4643,-151.1586,-36.2312,-113.9543,-144.2226,-296.2127,-135.4612,-211.0413,35.4403,-280.7217,-280.0092,-303.6894
-165.1487,-501.9602,-269.4456,-244.4880,-358.3543,-147.0998,-381.0938,-218.1280,-458.2267,-220.9321,-110.4320,-165.2027,-348.7245,-216.4232,-301.2894,-54.0536,-305.5144,-338.7688,-404.0592
-147.8879,-465.1572,-304.6919,-252.6394,-390.0551,-184.9882,-471.9615,-280.4722,-645.9413,-309.6731,-139.5192,-172.8425,-346.6970,-267.7767,-346.9381,-142.2956,-312.7372,-326.7389,-408.6312
-156.6719,-459.7093,-297.7767,-263.2385,-338.0564,-212.3372,-474.9874,-265.0648,-499.2250,-229.1259,-148.5284,-183.7038,-343.1640,-265.9854,-349.6848,-140.3910,-302.3267,-285.4677,-367.4334
-167.0300,-450.7312,-241.2500,-233.4938,-258.9988,-217.3298,-437.3510,-214.2670,-327.9254,-114.4263,-132.0161,-188.8529,-343.0154,-245.4902,-348.0679,-78.6875,-280.2215,-226.8918,-339.9741
-146.7590,-383.3546,-186.9448,-166.5439,-213.4973,-200.3140,-392.2380,-157.1208,-330.1299,-40.6533,-134.1082,-178.0952,-299.5551,-233.7254,-346.1252,-59.9500,-270.9915,-171.9531,-290.8790
-124.2170,-312.6416,-194.3536,-156.4258,-164.3224,-153.4826,-308.1968,-78.4592,-243.7081,44.3016,-153.9646,-135.8993,-218.5679,-193.9083,-308.5671,-102.5998,-278.5307,-126.5640,-179.3312
-147.6609,-319.0946,-215.4823,-223.2267,-56.3173,-37.1557,-171.2136,7.7464,-17.2777,101.2963,-129.1789,-63.5338,-138.6712,-119.4598,-227.1781,-108.1311,-261.4326,-59.3321,-62.7244
-185.6529,-362.8650,-155.4290,-274.2977,40.3569,92.1001,-71.7955,29.9199,21.0508,32.3906,-50.4653,-35.0118,-97.6380,-76.8556,-173.6080,-25.2036,-221.9116,10.9581,-34.6115
-172.2552,-391.0658,-58.4300,-268.9199,25.2439,127.0124,-93.1769,-30.6060,-137.2026,-94.8873,-0.4087,-98.3527,-116.5631,-81.2704,-188.2424,62.2243,-210.4780,42.5976,-86.3775
-98.8440,-419.2156,-15.1289,-248.9759,-43.5752,111.7156,-142.0450,-91.1847,-188.3546,-141.6434,-14.2602,-156.9111,-138.2063,-69.4034,-183.7299,79.6216,-194.3193,69.2775,-113.0098
-5.2585,-421.9394,27.4168,-229.9872,-45.1393,141.3462,-93.7700,-110.0244,-146.0112,-136.6180,-25.7541,-120.9043,-105.2055,-29.7430,-105.6821,61.7103,-104.6775,101.2863,-86.5542
51.2064,-374.6588,116.3075,-203.6116,-16.4529,164.5312,-31.5516,-147.4465,-190.3526,-178.5226,-10.9269,-61.9339,-92.9630,-6.0493,-35.8534,50.9057,0.5641,66.1069,-99.0109
43.3786,-345.5056,151.5761,-186.0654,-71.5310,114.8020,-75.8853,-220.1210,-230.3986,-234.2582,-25.0853,-62.1981,-167.4536,3.2149,-18.0063,28.0370,32.9333,-26.6457,-172.1784
27.6460,-348.3181,87.9856,-176.1553,-176.3914,43.2657,-140.7168,-258.3706,-170.1972,-227.8819,-73.4968,-82.6749,-234.0103,7.8511,-4.6821,-21.7861,34.5143,-76.0667,-207.5069
51.3932,-312.7779,20.1620,-142.0614,-201.3891,-3.0594,-124.3271,-239.2474,-123.7977,-175.1421,-114.1143,-74.4815,-219.3979,-15.4715,2.9307,-64.2964,61.3067,-67.7914,-184.9453
53.5699,-275.6664,-5.5109,-88.9719,-121.7876,-34.3316,-94.9459,-214.6631,-138.0463,-131.3537,-143.9661,-50.3852,-189.8796,-37.8447,-14.5224,-57.6679,71.1977,-53.0993,-201.4056
1.1245,-299.9558,-16.9976,-69.2137,-24.8709,-60.3015,-111.9471,-229.6723,-180.8443,-152.1820,-153.9076,-35.5439,-183.2235,-20.6858,-29.2294,-16.5101,35.0388,-45.2362,-290.0790
-20.1576,-291.2301,-20.4335,-111.4048,4.5316,-105.7932,-152.6827,-293.5971,-296.0719,-268.6157,-125.3969,-53.1800,-176.2030,-45.7283,-68.6714,-11.5967,-31.4324,-66.8191,-391.4037
10.7824,-192.8728,-41.2058,-185.8317,-52.6590,-178.9055,-231.4140,-363.9262,-440.3494,-383.1316,-115.9221,-96.0168,-195.2576,-169.5816,-173.0261,-70.9895,-140.5173,-141.3529,-453.9951
-6.1875,-140.4353,-105.7356,-243.9641,-128.0844,-217.2059,-317.0106,-358.5062,-473.9036,-342.6946,-169.8754,-104.0050,-238.0884,-253.2068,-246.0488,-123.2161,-261.1274,-209.8168,-432.3501
-83.5693,-208.0480,-153.7721,-257.0102,-136.3905,-182.3546,-286.8973,-249.4697,-376.0992,-162.5322,-211.6366,-57.0359,-227.1518,-192.2103,-195.0585,-100.4373,-278.9619,-192.3596,-297.7241
-114.6857,-276.1290,-130.3721,-202.6989,-100.7519,-107.8847,-154.2006,-85.8107,-185.6745,13.5591,-182.7778,-5.5422,-168.4182,-103.0831,-99.1198,-33.3865,-154.8444,-86.1600,-113.6409
-63.5829,-255.4411,-70.1821,-73.9227,-104.2035,-10.4308,-80.4875,74.9418,16.2141,103.2679,-127.1003,32.6466,-151.2996,-68.2017,-54.0708,12.4478,12.2209,42.8199,21.4061
-1.5971,-209.0515,-6.4594,58.1833,-145.0853,94.5736,-101.1032,177.2471,12.3357,92.2665,-72.5910,68.8070,-176.0992,-5.8181,-44.4970,21.3705,123.1045,108.0480,97.5723
17.0141,-209.5976,50.3399,87.2796,-177.2732,152.6996,-110.3930,197.7523,-177.0896,26.1583,-15.1126,84.6338,-177.6846,85.0585,-37.9735,12.6156,157.6600,91.6487,160.7132
11.2255,-210.5332,72.9091,27.8717,-208.1800,158.7525,-71.4166,194.7707,-171.1700,7.2451,26.4963,98.2005,-155.2146,101.5319,-32.9085,-1.6959,138.7570,68.6590,199.8309
25.8666,-128.2666,78.3684,-10.7931,-251.4636,139.6692,-41.5514,189.1401,24.7580,21.8804,68.9028,152.7117,-145.3800,64.6445,-40.7899,-19.5425,99.1400,51.0127,153.3099
60.6023,-21.1576,103.5236,-23.5942,-305.0274,55.6388,-71.6678,93.9188,-42.5730,-39.8434,135.4375,198.9486,-152.4132,58.3732,-78.2709,-30.4081,50.0904,-42.5025,15.7292
75.3210,-27.4642,103.5894,-88.1717,-390.7286,-102.7180,-154.4922,-88.7382,-287.1967,-117.7212,161.2234,170.4129,-153.4717,53.2526,-105.9939,-24.0100,-18.5837,-187.5182,-129.4973
71.3469,-111.7987,53.5545,-168.7340,-472.2490,-239.7143,-227.6942,-220.6835,-205.7444,-95.6812,112.1609,110.4548,-120.5277,8.6208,-59.9442,-24.0781,-79.9649,-270.6057,-216.6783
77.9470,-127.0243,43.0126,-165.8604,-426.6797,-305.5708,-251.2555,-265.0296,41.8635,-75.5637,78.5180,70.9209,-54.8377,-35.4755,16.6510,-58.6094,-81.7034,-292.5242,-264.8106
71.6711,-88.7390,107.9229,-104.6167,-237.5177,-338.9988,-242.3517,-298.1143,-37.3298,-144.5946,109.4164,35.7981,5.7882,-66.2645,47.7781,-93.0083,-31.8324,-311.6572,-286.6596
37.0343,-90.1323,156.4595,-77.9749,-52.2104,-347.7915,-198.0450,-324.5101,-251.6089,-193.6726,150.6637,6.9062,48.7853,-110.1714,63.0327,-80.9125,12.8529,-312.0638,-248.7483
38.3383,-95.6059,150.0698,-95.1802,41.9545,-328.5646,-116.6321,-322.4309,-182.6565,-210.1954,177.5072,-4.7055,97.9374,-146.2793,79.7945,-56.0449,35.6507,-278.5046,-168.0926
112.1493,-62.9845,160.6110,-107.8824,109.5293,-307.8918,-58.5799,-313.0208,-5.6936,-258.1463,202.9910,-13.8964,154.9876,-133.6859,43.9263,-62.6812,67.9872,-210.0531,-100.0243
196.4614,-22.6934,234.4010,-77.0863,204.3161,-260.2430,-25.4350,-263.7405,-35.2354,-215.7121,230.7482,9.6795,199.7881,-67.7283,-3.4406,-58.1914,123.0802,-71.2220,-40.1789
226.1381,47.4757,331.3292,13.2278,282.5912,-145.9459,56.7415,-145.6657,-149.1641,-56.3190,280.8997,87.0993,216.4079,19.1811,34.0572,4.1882,165.5282,91.6479,26.6375
199.1843,147.4070,374.8897,109.1602,284.3947,-24.9249,139.3508,-39.6010,-98.5139,-9.4457,327.8825,137.1351,189.2221,70.5895,117.9213,81.3744,153.4834,157.5725,71.5115
161.0276,171.7350,330.1810,117.2992,208.7241,24.3687,117.5308,9.2253,104.3899,-75.2489,283.7180,124.0830,131.2401,75.3004,160.1190,120.1698,96.1662,139.9400,90.7922
164.6697,112.5594,250.4577,50.2538,107.7112,13.2861,56.4594,47.4888,235.4847,-21.7784,172.9905,130.8700,85.9908,99.7658,161.2929,144.5563,47.8029,133.4936,93.8634
200.7078,81.8798,206.4384,13.6353,16.1513,-21.5933,42.9198,40.0115,146.4681,63.4116,128.7083,169.6932,54.3008,160.8035,134.2760,182.2128,48.9228,108.1630,42.4105
222.1570,87.9309,199.8835,27.2987,-92.2022,-81.7919,2.1911,-86.4965,-2.4442,-35.4039,164.0134,177.4903,4.8511,176.6677,86.7237,173.8730,95.2789,-0.4428,-69.3684
255.7349,91.1999,207.7146,17.5872,-222.2324,-182.7534,-95.2762,-258.1445,9.2839,-159.6764,192.0470,179.6696,-37.7693,123.3117,80.2723,72.6931,141.3504,-152.1845,-172.8164
330.5275,130.3698,220.8014,-35.3950,-290.6924,-317.0099,-139.4647,-348.1591,74.7599,-104.2987,198.9898,202.4083,-28.4941,77.0843,137.8970,-9.9962,123.5352,-287.9539,-223.7784
357.4325,182.2077,207.9506,-88.2768,-234.2772,-416.8652,-98.8182,-338.7557,48.0396,5.0266,187.4104,187.1152,17.7532,73.6827,200.3559,56.5492,27.9473,-369.9760,-228.9421
282.7566,184.3348,147.5979,-124.4311,-108.8050,-409.1945,-45.8663,-280.1666,97.6227,30.9820,116.0162,143.7882,67.8340,74.9754,243.8586,173.6508,-85.2975,-359.4555,-220.6882
199.7268,200.3379,63.5915,-157.2694,-8.0285,-344.6705,-20.4251,-233.4462,271.0334,24.4390,13.6096,131.7274,111.9099,49.6349,276.3577,155.7859,-171.9075,-297.9637,-254.3534
155.9333,246.8537,-19.0378,-193.8273,36.4034,-331.3087,-38.0101,-229.3952,273.6865,39.9509,-29.0303,107.1325,134.6908,4.8095,262.9842,51.5115,-240.1743,-271.9555,-297.7675
104.1768,197.4595,-59.7975,-228.1753,40.9375,-344.7879,-73.5606,-200.7070,83.9744,98.6441,11.0574,48.0434,132.6302,-17.2361,205.8367,32.0811,-270.9286,-251.6612,-215.5632
85.3830,94.0240,9.9990,-230.4335,29.1266,-287.5985,-46.3422,-77.8737,47.7373,183.2089,96.9987,44.5676,133.6228,13.6285,176.0021,93.6924,-219.1835,-155.4966,-14.9341
167.9949,135.7031,172.5222,-157.3405,15.3369,-169.4442,15.2395,75.1618,169.8895,202.5642,197.2646,101.0958,140.0552,55.5107,185.3430,135.4852,-96.4065,-15.4368,133.7150
272.5163,289.0249,316.3777,-1.9410,-7.6778,-60.1463,-10.5523,176.0490,145.0381,176.5692,281.9529,129.1717,115.8729,68.1355,179.2445,144.4015,53.6595,95.1447,200.3770
302.4659,375.3174,398.2018,180.9276,-53.1960,25.5500,-75.1450,243.8726,60.7575,228.5717,329.9014,140.5280,59.6414,88.8978,163.9259,134.2353,204.6154,173.9975,279.8207
304.0104,410.6852,446.8872,293.2667,-114.9585,80.5541,-39.6398,278.6309,205.0618,271.6265,337.7144,169.6117,17.3632,124.0679,182.4859,101.9316,303.9828,214.0209,321.2297
346.7990,465.8860,456.3148,266.2626,-184.4919,63.4867,13.0280,208.5769,375.8475,138.0809,308.4354,162.6445,6.5948,111.6919,195.0313,78.8230,301.9390,162.8040,232.3514
408.7512,482.4836,436.7336,166.1966,-263.6117,-26.8340,-79.9850,43.6437,241.9745,-34.0822,267.1126,132.7982,-12.5692,72.4509,137.2044,77.3368,262.3445,36.5932,99.4129
435.8817,462.3958,441.1030,151.5453,-330.6599,-116.2870,-227.3008,-85.1336,62.2568,-32.9119,240.6002,172.6956,-63.9585,86.6582,67.9967,65.2275,306.6377,-54.3069,41.1271
423.6309,494.9298,460.0700,261.9557,-338.1513,-135.8291,-226.2607,-93.9196,206.6623,44.4115,220.0690,261.9233,-94.7670,121.9168,102.1907,40.9734,446.1339,-56.1369,51.3007
434.2368,558.3250,461.2448,380.5568,-270.3467,-106.6241,-95.9764,-49.1397,408.4347,34.7489,212.0323,315.0980,-46.5132,110.5438,207.0809,21.7180,581.6029,-34.7817,83.5750
509.9872,588.4858,486.4529,434.1029,-158.3910,-100.8677,-16.0848,-50.5412,293.1400,-4.4815,248.2982,342.3229,49.2779,103.7889,245.1741,13.6505,638.2954,-33.9334,104.9407
577.9292,614.5022,545.5232,444.3201,-26.1031,-121.5456,-37.9138,-75.5065,94.0915,13.5512,295.0196,381.7595,126.7669,148.1554,213.4504,45.7059,621.9410,-9.0490,104.6320
555.5363,641.5742,550.9478,404.8085,117.5372,-103.5247,-44.6512,-39.9805,137.0649,53.9088,287.2939,412.8236,181.5577,168.9641,226.3498,110.2618,568.8809,43.5923,129.8954
488.2276,610.3949,467.3216,316.1481,233.5503,-32.6366,30.1147,41.3640,259.6025,80.1809,247.4128,412.5842,234.0079,122.5969,288.5555,137.0044,497.4719,69.0722,209.5786
442.7445,534.6677,362.6104,260.2509,284.9074,50.0229,112.4089,109.7548,258.7220,106.5291,226.8769,384.4686,278.4242,82.2577,317.0312,128.0777,414.6727,87.4300,296.9688
401.5656,492.4672,283.9139,267.1610,301.7389,136.6612,153.3429,190.8584,254.8296,153.7479,211.2073,347.0584,316.1217,92.2480,323.0288,143.8764,336.5189,147.9639,372.5736
360.9513,513.1786,219.8845,252.6802,332.1810,230.9066,210.3856,301.3369,351.4667,239.6215,185.5443,328.8661,359.2329,103.5144,361.5695,157.7072,270.5417,200.9351,455.3661
346.9114,559.1100,154.5342,185.3640,366.7420,291.8533,308.9408,365.5860,474.9470,350.4796,169.8690,323.5614,401.8528,81.1438,398.0835,140.0367,207.2143,191.5838,507.9754
323.5120,560.3080,88.2444,133.6444,381.1287,288.1920,400.3712,356.0775,554.2319,437.3966,157.2998,306.3279,434.3153,49.7681,384.5991,152.1171,156.8264,157.6774,495.3896
260.0771,502.7202,44.0426,126.5052,383.7710,252.5226,462.7818,345.6125,560.5261,482.9958,130.6781,307.4490,444.5422,35.0507,360.0138,206.6040,137.1571,135.0459,455.4016
200.2473,480.9352,36.6163,125.1488,373.2296,238.6966,489.2912,369.5467,516.2217,507.1668,101.4287,346.4863,415.5920,39.8885,370.5389,254.0208,119.6855,117.8545,421.9910
162.9541,527.4765,32.0526,95.8743,342.0195,253.5914,468.7678,398.5362,484.2818,508.8469,75.8402,355.7622,373.3989,61.8127,384.8981,299.4194,76.2043,103.2558,411.1050
124.3069,509.4228,9.7196,35.8106,332.3789,246.8866,467.2602,417.7369,445.9217,480.7499,50.6607,305.2857,367.1519,89.6348,361.0688,322.1973,45.6770,76.9136,447.1471
102.1657,380.8580,11.5831,-8.1011,385.2245,191.6239,541.6962,423.1675,388.5255,445.9688,33.9911,273.6567,386.1021,107.3927,329.8275,264.1209,69.4719,44.8245,489.1363
118.8696,299.5282,53.6880,22.7988,457.8390,144.6551,586.5984,403.9401,398.5145,405.5100,24.3032,300.0833,396.6805,118.8009,329.1579,198.5233,131.2342,46.2106,462.6788
152.2556,333.5324,86.3230,91.2388,477.8579,143.8207,502.3148,354.4178,416.4601,314.1849,13.8484,326.2319,410.0658,135.0520,308.3409,221.8844,204.7217,37.6240,392.4881
190.0075,363.7721,90.3981,113.9159,437.5392,121.6163,396.0331,267.4201,297.0895,184.6161,8.7744,315.0549,423.0808,143.0696,225.7131,252.8479,267.2732,-46.9257,340.2467
223.8708,340.4654,99.5121,105.8358,378.5703,37.5977,388.5339,166.8572,191.2641,112.9154,0.5813,284.7003,399.1719,124.0860,169.6157,220.5989,278.7391,-112.9782,292.0813
220.6976,329.5679,113.3456,114.8047,324.3640,-28.7721,413.7678,121.9201,280.2893,124.7228,-33.1471,251.8089,347.5425,89.0775,213.7063,211.2937,233.0827,-69.0260,238.5507
188.0655,361.1898,87.1605,110.9228,267.9998,-10.0270,387.2858,155.6220,376.1811,150.7786,-85.2404,234.3364,308.5353,72.0620,275.1759,249.5682,167.0663,-12.4075,217.5439
161.2682,440.0247,6.1432,85.4231,211.0276,75.5692,357.9846,226.3129,342.4738,197.0684,-129.8232,255.7054,291.3729,105.9157,276.3455,243.7715,87.4173,11.9688,225.2251
122.4306,550.7599,-75.9655,95.6856,175.7145,194.4379,376.2838,313.4869,345.5172,308.5068,-142.6538,303.0466,295.9881,187.4053,260.9477,183.9725,-0.6105,92.5240,227.4780
80.1665,600.1788,-84.0122,132.8003,158.4295,293.3601,393.5977,386.6880,404.0643,388.4812,-100.9751,325.3764,310.0156,244.9100,250.4877,146.6770,-34.9862,165.3384,221.7481
117.7303,543.5985,-19.3113,130.2323,116.6344,302.0174,362.5154,373.3746,401.1200,338.5608,-27.7638,289.7529,288.2124,208.8522,210.7637,168.6345,9.5846,105.3019,215.1103
216.4591,474.8909,37.4430,102.8999,47.0089,247.5107,322.7801,297.6153,407.7759,255.6288,19.2675,229.1793,230.6317,126.9006,173.0634,209.8091,65.7953,24.1199,227.3389
233.7372,464.6343,60.6327,114.7899,10.6489,229.5603,331.6552,280.2472,405.7076,230.9001,47.5786,215.8613,201.6628,100.9434,179.3929,180.9441,91.1384,44.9658,282.6811
158.2690,494.3824,111.3297,162.4847,34.0045,251.7270,362.0511,323.5306,227.4480,201.9201,104.4968,268.3672,217.4055,131.7190,182.8371,87.1709,110.0977,60.9237,333.3581
130.7621,542.1752,186.8276,193.9341,68.9130,242.9330,345.0937,327.0802,26.3497,167.6115,160.9046,327.0382,232.4374,157.9226,143.0249,89.7007,121.7586,13.6964,314.2306
172.5629,556.4104,197.5399,190.9572,80.2849,210.1724,290.2406,301.6852,64.6741,204.9069,162.1399,348.2511,229.5242,185.7828,100.6795,235.0388,112.3426,19.5199,265.8001
175.8514,504.7790,146.9214,199.5910,90.5364,213.2959,259.0580,312.7375,192.6348,245.5442,136.8853,353.3199,222.3464,243.7371,105.3037,339.6655,132.7919,104.0713,247.2863
146.6539,501.1650,149.6817,270.7136,126.4266,242.2859,249.1288,302.2263,194.8700,180.0472,133.4516,361.5003,223.9793,287.8251,158.6990,317.8886,225.7802,171.4233,226.2061
183.6250,613.7831,224.9783,354.5713,180.6207,233.1015,229.3729,197.5020,172.9937,65.9099,138.8566,354.4782,251.3720,264.7907,213.0316,278.0536,321.0420,188.7032,182.2041
267.8210,683.3610,262.2259,349.6495,225.8363,176.6687,231.3413,70.0797,205.6362,-8.7612,132.4688,323.2665,297.4649,204.9683,215.6722,250.2446,318.0906,188.4626,151.2893
301.9318,618.2420,222.9127,283.5868,243.3676,145.5437,273.9432,14.6903,207.0679,-50.7084,127.2299,289.0782,323.9990,179.2404,194.3796,198.4369,236.3633,208.2385,117.2489
277.5791,560.9111,187.7275,273.8061,240.5006,192.2049,292.0865,5.5051,193.7484,-61.0603,133.5829,268.1488,316.8301,196.4078,223.0102,180.3871,182.1227,261.5221,49.7262
234.7253,568.9418,180.1171,307.1444,230.8248,260.2261,250.3127,-20.9990,239.5266,-31.2223,136.5866,247.4326,290.4429,196.4008,285.1617,211.0234,175.7889,287.1034,-7.0691
168.6186,535.0744,127.3529,273.2024,198.4323,262.3936,204.2748,-63.6056,283.3508,12.9593,112.8251,207.0409,250.7807,155.9466,296.2699,211.4984,133.1700,231.2679,-37.2550
92.4399,456.9081,23.9252,181.9462,114.8393,211.1245,184.8286,-85.9313,238.8670,81.3716,68.0884,153.7080,200.5096,130.6168,250.0264,188.8109,42.1768,163.4689,-82.9839
53.8135,412.3612,-37.2874,138.7074,-1.6313,183.7968,165.1535,-49.4060,197.3232,183.8617,43.9651,108.7135,145.2813,139.1010,226.2332,187.7617,0.1474,162.2021,-89.3540
38.0097,392.3127,-20.4671,156.8288,-78.1386,195.9651,158.2057,68.0405,339.7960,241.5952,59.3147,72.4896,100.6506,113.7863,263.7869,156.3391,30.6261,182.1597,38.8742
-0.0772,375.7896,4.8442,151.3564,-73.3389,180.6936,190.0033,201.2771,552.2917,198.6536,83.6370,26.6251,101.6859,33.1096,288.9284,73.6948,36.4849,133.8010,210.7776
-38.0078,352.9324,-23.3415,70.5803,-45.9177,76.8330,209.2444,230.8579,457.6805,124.0929,93.2019,-41.9890,145.3121,-32.8746,216.9263,21.7613,-34.9126,1.5436,255.2867
-55.8730,267.4961,-92.3856,-50.4228,-64.3197,-75.9423,183.2080,169.8988,131.3418,120.2411,93.9408,-117.0793,175.4476,-43.3894,117.1424,39.2836,-143.7397,-119.8610,202.3467
-100.9338,142.7684,-156.4186,-139.2618,-88.4293,-152.4648,185.5462,167.6643,115.8053,228.6062,84.2697,-141.5151,181.1203,-17.8338,123.6147,76.8223,-252.3534,-107.7839,180.5977
-177.2098,92.6459,-193.3081,-152.4603,-57.7469,-103.9816,233.3471,252.2264,401.2142,386.5433,61.7480,-86.4306,187.0345,25.8159,183.5748,78.7103,-325.2917,4.5745,154.5986
-220.3605,117.2450,-207.7599,-93.6187,-16.9088,-29.5996,214.6948,277.1518,439.9537,439.3248,53.7315,-26.9614,169.3560,62.8158,155.1024,38.5122,-307.6205,73.4458,39.6726
-225.4556,138.8043,-190.5504,5.7125,-8.0913,0.6454,124.7196,184.9345,258.4328,319.2816,88.8096,-35.8203,143.2896,73.7812,94.3432,15.0267,-204.7999,113.0463,-72.2702
-226.9571,163.5629,-129.1299,94.2216,34.2729,54.2909,127.0238,97.0646,295.1851,159.3966,147.2617,-52.7152,189.9889,90.2760,131.7576,45.2844,-98.4072,231.2389,-49.4547
-191.7010,188.3369,-70.3895,123.3377,140.8201,171.2921,255.7200,103.3208,446.0527,101.4519,169.1546,-11.1238,262.1440,128.4074,209.3728,66.7260,-49.0002,356.7922,62.5541
-103.6444,160.4807,-67.5456,102.6796,217.9435,272.7448,340.6593,156.0951,392.1158,125.3271,132.0504,25.8431,225.4902,149.6930,218.2423,43.9301,-47.7526,376.7133,137.4331
-44.5879,128.6929,-78.7535,96.9313,195.4249,312.2187,304.6888,184.2816,202.7663,142.1505,94.3150,9.9255,125.2237,160.7237,183.3048,41.5083,-39.9155,361.3792,140.2563
-53.2447,167.8759,-85.7684,140.9040,111.4671,333.2837,248.5547,178.7293,2.6300,111.2108,104.1644,6.6080,92.4029,202.5836,156.3670,74.7563,21.7637,373.2410,105.1130
-58.7515,212.3685,-224.4363,199.5215,33.1565,346.1708,228.3436,163.4717,-135.3752,55.2033,123.9469,40.1506,97.1863,236.2542,143.0881,92.0840,99.6069,343.4700,62.3457
-41.0270,191.2080,-569.0076,224.7473,-5.2424,312.7168,194.1329,142.0176,-52.5328,24.5494,115.4444,45.3594,70.9270,210.5963,136.8259,99.0450,94.0611,273.4060,15.6515
-73.0675,152.1898,-942.5539,210.2086,-23.8910,241.8780,120.2714,91.6779,96.4584,11.9497,96.8386,9.6157,44.8703,166.7226,98.3067,107.7373,-4.3557,231.0672,-59.9623
-150.6716,115.9804,-1174.2056,169.1875,-64.9863,171.0941,49.3803,13.2559,-2.4186,-41.0657,73.7915,-19.6413,24.3249,141.5725,23.6325,85.5572,-84.0425,175.5717,-153.4855
-174.4034,23.8481,-1334.6691,99.2026,-92.0847,93.2023,45.7012,-58.2713,-126.4681,-114.9973,44.0179,-31.8617,-15.1114,112.6373,1.8529,41.0250,-70.8237,60.8566,-186.4687
-137.4682,-119.0891,-1526.5758,20.1669,-31.7418,-5.4611,121.3612,-109.0956,28.9921,-132.4265,37.4429,-39.7577,-37.8544,88.5708,43.0821,-9.3026,-5.2021,-35.2313,-139.9029
-144.1740,-222.6218,-1686.4989,-3.1907,60.0923,-92.3326,178.4837,-148.2104,146.4810,-108.8490,35.9413,-50.9070,-48.7591,79.3824,28.0449,-85.4949,45.4492,-60.4317,-108.3761
-213.0973,-232.1836,-1734.7831,37.4277,59.4025,-143.8073,114.5524,-169.0232,-42.0981,-127.9183,-17.4674,-86.4014,-103.7109,23.8196,-62.5942,-142.4956,55.9712,-76.0743,-131.3029
-247.0067,-182.2382,-1713.9098,49.8255,-20.5311,-182.1069,-11.2164,-171.5700,-234.7173,-197.7773,-78.5791,-144.9843,-164.5037,-90.3658,-126.4497,-130.7678,34.5068,-113.9869,-122.5381
-217.9886,-145.3072,-1688.6057,-5.4619,-75.5017,-200.3147,-58.0629,-159.3429,-227.8072,-228.3185,-72.8215,-184.5334,-176.7856,-154.8679,-143.4190,-126.1377,4.6645,-111.7395,-30.9447
-198.2959,-165.2643,-1657.0488,-41.6808,-80.5013,-140.2841,-5.0260,-95.3623,-157.7864,-144.6056,-54.7308,-186.2927,-190.8858,-110.5344,-159.1753,-164.2107,-5.4267,-31.9529,94.5920
-206.0208,-236.0484,-1608.1013,-8.6982,-74.7333,-6.6151,68.6528,25.4622,-59.6889,-24.1692,-91.1434,-171.4953,-227.2252,-42.7427,-166.0393,-155.9612,17.0892,56.7401,203.6783
-199.5354,-307.9205,-1564.6013,21.3209,-84.4054,98.6716,111.5312,106.0155,74.2889,-29.0118,-134.4963,-158.0911,-236.8566,-32.8138,-147.9417,-109.2469,44.6431,68.6799,270.0172
-194.1241,-318.7371,-1537.0516,-19.2170,-114.6199,121.3690,102.4803,89.0416,122.9317,-126.9986,-147.0979,-155.9111,-244.1156,-43.1341,-118.4424,-99.7487,19.8136,26.4834,272.1362
-220.2260,-276.9537,-1484.2681,-107.8016,-143.5082,127.2846,38.2785,63.2158,76.2014,-119.0211,-150.1534,-163.4055,-283.9601,-7.9650,-88.9673,-62.3506,-68.8946,15.7634,228.3312
-241.8705,-276.2407,-1373.0698,-177.2046,-145.4438,168.3172,-21.7495,91.6509,39.6802,-22.7146,-129.4573,-159.9334,-284.5543,38.3420,-76.1559,37.6072,-151.2751,45.3603,175.3067
-240.3041,-355.4847,-1244.6012,-186.6318,-121.3462,191.9640,-3.8929,89.3789,14.9703,-51.8000,-79.0614,-145.6104,-198.7092,0.0916,-84.3296,59.0419,-171.9333,63.4252,110.5607
-257.8459,-432.2315,-1143.5421,-157.4539,-56.5329,157.8741,67.2033,4.2928,-38.1238,-190.3344,-50.2523,-137.8254,-88.2573,-114.9184,-90.9685,-34.6790,-159.5963,72.5705,34.3835
-283.4212,-417.0287,-1029.3125,-113.0237,72.0204,133.3986,97.0492,-54.6317,-101.9264,-230.2868,-48.1776,-115.7762,-3.7206,-173.4624,-101.5820,-95.5788,-147.0188,112.1281,-17.4737
-245.1776,-291.2034,-860.3225,-32.7016,211.4260,164.4879,56.9673,-18.8211,-165.3983,-172.3328,-31.0885,-72.7405,52.7738,-117.5561,-135.0010,-74.7121,-124.4006,157.7126,-50.5918
-152.2912,-124.0442,-693.7922,38.1649,272.3589,155.4016,-2.8435,-13.5562,-250.9554,-177.8955,-13.9114,-76.8816,72.9133,-55.3539,-165.8736,-49.1714,-98.7769,134.8564,-114.5207
-101.9212,-65.4681,-593.7338,3.3350,238.1104,37.1171,-62.9822,-126.6347,-361.8553,-246.2570,-28.2668,-140.6740,53.1896,-72.3093,-181.4448,-46.5584,-79.7163,45.8725,-193.7049
-134.5072,-156.3483,-528.8790,-54.2848,143.7890,-62.1929,-152.0329,-217.8037,-412.2093,-256.4348,-58.2916,-142.5481,-3.0972,-108.2804,-214.2593,-60.8816,-26.8873,-0.1308,-219.8173
-182.7016,-225.5344,-446.0067,28.1888,30.5032,-28.0318,-255.5879,-179.1325,-316.0279,-210.9298,-85.2292,-34.2484,-88.1227,-96.2198,-269.2596,-80.1044,70.2077,35.6216,-187.0085
-181.6274,-196.4016,-357.2780,139.7944,-44.7532,29.6315,-310.0614,-134.9561,-199.2563,-220.8056,-98.3303,44.1427,-152.4907,-57.1182,-322.1339,-65.1227,122.6069,41.5550,-134.8318
-173.6441,-210.8164,-304.0560,73.9773,-63.2540,20.3098,-287.4767,-151.8214,-223.0019,-291.6337,-89.2077,12.3509,-151.8154,-9.5098,-351.5938,-47.6673,57.6315,-5.5407,-62.1820
-231.3569,-263.1659,-297.4519,-60.3019,-80.5580,60.1473,-216.3054,-90.1805,-264.4494,-293.2011,-93.9234,-7.8382,-118.3310,51.3010,-321.5605,-103.9505,-71.6277,38.1720,31.8015
-301.1657,-192.9787,-311.3982,-70.2452,-135.8734,179.1167,-145.1111,61.1093,-213.7226,-191.7667,-145.0301,49.1626,-100.9900,78.7601,-239.6241,-171.3844,-164.5043,162.9124,98.3107
-275.2553,-94.2966,-299.7330,-36.2648,-193.1483,218.8593,-106.9859,123.4427,-223.3865,-114.6616,-188.6378,56.9984,-102.0461,41.2097,-184.0965,-135.3335,-184.7187,184.2237,121.8021
-205.8198,-169.1802,-233.9067,-60.0102,-182.2495,177.8632,-77.0599,87.5785,-278.0704,-102.5281,-160.2884,-35.3638,-99.0378,11.0591,-173.0565,-50.8698,-158.4811,131.9743,146.8178
-227.8844,-324.2907,-139.6953,-67.8312,-55.0581,182.1943,-12.3361,84.5118,-187.7082,-82.4974,-85.5710,-95.0070,-50.5185,30.6689,-153.0828,-38.0240,-122.3019,169.5868,169.3653
-307.9555,-396.7824,-72.3377,-62.3350,144.8919,115.1790,46.4528,74.8044,-91.5816,-99.8518,-35.2638,-81.1166,59.0444,14.5700,-133.4400,-82.4717,-94.1713,201.0376,135.1548
-324.6562,-426.8700,-52.1672,-117.1375,290.9886,-165.9472,36.4082,-17.5947,-173.9819,-204.2140,-47.3897,-109.9478,146.9250,-56.2496,-148.1861,-105.4442,-68.7385,95.4971,56.2587
-298.5518,-431.4021,-42.2193,-135.8815,334.2848,-408.8683,3.2514,-81.7920,-244.6410,-243.8510,-93.0081,-173.6934,138.6054,-51.2994,-171.5954,-89.5270,-28.1938,37.4659,-5.1690
-298.4663,-375.6358,3.3438,-18.2610,354.4410,-327.5463,2.6599,-35.0646,-229.8057,-152.2721,-94.9697,-136.1685,94.2698,39.7110,-195.1160,-70.2473,33.7106,175.0671,-33.9860
-289.9684,-374.0633,73.8738,113.3632,391.4918,-97.8115,-19.5788,30.7390,-317.6067,-113.2625,-34.3103,-28.4624,80.2072,39.4245,-233.6908,-94.0055,94.3007,320.9802,-34.9054
-257.8798,-477.0473,114.9462,131.2460,390.5547,-17.5308,-82.9387,61.5092,-401.3696,-161.1017,12.7258,-12.6260,56.6337,-75.4803,-257.5595,-155.5825,122.9380,317.8255,10.7770
-269.1788,-506.5766,107.4450,92.9294,327.6770,-40.3510,-94.8104,113.2379,-283.0778,-89.0027,1.3885,-83.8115,-5.0963,-106.9991,-267.9437,-165.8645,118.1347,258.7964,89.6043
-329.0965,-410.2969,77.3655,79.3376,233.9943,6.7698,-37.9112,196.6490,-145.3951,123.4058,-32.7719,-102.7406,-80.6103,-3.5765,-313.1606,-78.0473,96.2093,226.2250,153.0132
-377.9206,-382.0146,30.8242,72.7270,126.0245,102.5997,-14.9716,244.6171,-123.5258,265.6729,-72.1264,-46.5807,-178.1891,63.0046,-366.6866,-0.0283,53.1831,187.0766,180.4531
-414.2826,-493.4977,-40.7519,33.9638,-1.6195,138.9213,-69.8642,199.2769,-79.5328,231.7965,-126.4013,-3.0673,-294.1970,15.7519,-374.1250,-53.2856,-15.7082,123.6033,162.7051
-465.0962,-604.9623,-106.4229,-33.1892,-150.4409,97.4165,-157.1502,80.2863,-51.7199,87.9705,-169.7628,-14.7362,-360.4659,-53.9325,-358.8142,-176.1203,-80.7548,54.5507,83.2103
-515.7908,-637.6879,-127.9612,-94.5530,-276.2279,43.7255,-237.3299,-10.2834,-150.7222,-24.6808,-173.9442,-64.4419,-346.7063,-85.2753,-341.5165,-203.8332,-117.1899,13.2301,-18.5007
-544.6335,-637.0002,-111.6298,-124.4295,-282.3360,52.5362,-272.5213,-8.6808,-230.9517,8.7147,-147.7232,-116.8781,-296.0493,-82.1365,-312.3386,-117.4052,-139.1199,37.1369,-60.6139
-537.0775,-632.9877,-80.5930,-122.2947,-145.3642,118.7283,-231.5806,18.9938,-228.3524,89.2310,-113.7661,-130.6498,-241.5806,-55.1162,-302.9044,-67.9888,-154.6830,106.5131,-42.9400
-493.7072,-614.1767,-52.4979,-93.0185,18.2297,153.4158,-159.7868,-9.0797,-295.8153,10.2311,-105.1112,-108.1239,-200.5148,-53.8838,-319.0237,-131.8313,-151.8224,161.7001,-60.5481
-472.0910,-588.7429,-49.2015,-57.6809,107.5899,113.2560,-136.5619,-82.3272,-423.5534,-156.0582,-142.2413,-99.4149,-190.4584,-112.9708,-307.5263,-203.7003,-146.5443,178.7931,-157.6091
-517.8229,-576.4020,-77.5619,-57.3775,130.5085,45.2378,-162.9750,-152.6365,-483.4436,-162.9808,-195.3038,-111.0145,-193.3962,-161.6144,-282.1754,-205.4064,-174.9312,154.7940,-264.1709
-570.5875,-537.1686,-117.7910,-79.3035,103.6118,-18.7707,-184.4079,-196.5860,-487.4988,-50.3750,-234.9437,-100.7848,-194.0906,-139.7698,-304.2862,-208.8555,-228.9525,95.5832,-330.8903
-560.5117,-413.1332,-134.7615,-63.8225,28.2206,-93.3158,-209.1770,-239.2749,-477.2517,-56.2297,-264.5109,-77.4365,-227.8356,-111.2474,-362.8646,-248.9634,-252.5627,35.6230,-420.0101
-516.4499,-283.4670,-87.9802,-23.9599,-62.6953,-174.8139,-310.5512,-336.4350,-480.1135,-192.3161,-261.5939,-85.2282,-305.2253,-129.3095,-430.8791,-238.9306,-213.6702,-14.5203,-567.4040
-484.4074,-294.5475,10.3130,-21.1772,-152.0943,-236.7438,-477.3220,-461.1749,-563.2386,-284.8441,-210.3520,-103.2797,-374.5487,-141.0861,-510.9133,-183.8939,-155.7988,-77.8238,-676.8527
-459.0244,-402.9092,67.1003,-48.5815,-243.1662,-261.3710,-570.5461,-510.6093,-665.6068,-280.6985,-179.3033,-86.2453,-411.3620,-122.9889,-562.2488,-225.0127,-141.8237,-143.6902,-677.1211
-433.5629,-444.0811,45.8856,-70.0139,-313.2628,-248.0731,-530.6392,-490.1238,-637.3628,-257.1655,-216.5028,-64.0926,-449.1517,-134.3184,-546.6671,-367.1354,-145.8190,-193.0484,-632.0894
-397.4663,-409.1031,54.1101,-74.0083,-388.0518,-219.3486,-486.7104,-478.1058,-508.7306,-241.3293,-243.6533,-84.1517,-511.8505,-174.5438,-504.1258,-433.9365,-94.1986,-226.2412,-590.9873
-320.3202,-376.1578,162.1872,-33.8022,-548.9451,-192.8432,-528.8112,-424.1048,-406.5049,-172.0890,-197.7114,-122.3391,-584.2637,-165.2370,-479.8371,-373.7292,-32.7945,-209.1799,-523.2767
-234.6494,-331.4926,261.9468,32.6308,-748.5168,-147.8309,-557.9847,-255.5920,-342.7460,-29.1140,-152.5511,-146.5746,-619.4766,-102.0120,-478.6863,-330.9081,-87.9293,-130.5848,-433.6809
-239.7851,-282.8745,230.8342,18.4302,-795.7164,-79.9869,-477.7854,-69.1207,-291.3939,88.7395,-184.4767,-173.3822,-556.5692,-59.7144,-483.2375,-367.5322,-243.2509,-66.4555,-340.5958
-349.6844,-303.6305,109.4016,-101.0019,-602.7623,-40.3372,-332.2345,27.2846,-259.3997,99.3545,-247.5692,-199.0885,-388.4607,-54.0736,-433.9583,-387.2526,-361.5948,-41.9523,-213.2147
-443.3598,-360.4708,30.8160,-199.6434,-280.5846,-43.3784,-193.4433,73.8626,-231.8684,77.7717,-258.4432,-188.7853,-198.1337,-52.1433,-306.6508,-348.6530,-403.7805,12.1786,-75.3075
-422.6943,-352.2751,66.0947,-202.0032,15.9938,-28.9388,-81.4013,122.8902,-185.8026,124.1455,-205.7697,-157.5143,-72.6723,-73.3894,-210.4198,-322.2795,-410.6785,86.0394,-1.4509
-332.4792,-275.6931,182.8230,-160.1825,207.3321,17.5559,2.5629,147.9681,-115.1618,188.5503,-136.2486,-145.9205,-14.6906,-129.3535,-234.5583,-354.1920,-356.2526,96.0986,22.7112
-272.2732,-172.4226,311.0993,-109.2627,281.0303,27.9605,45.7489,124.3814,-41.1006,169.7952,-93.5820,-134.8188,14.0557,-147.1072,-292.2542,-417.2737,-215.1456,48.5482,24.4207
-245.7267,-68.2648,419.6738,-25.2027,251.6476,-24.6075,9.6546,56.7239,-19.4437,75.0650,-84.4516,-87.7681,7.1763,-89.3123,-281.7947,-452.6425,-47.0961,2.8540,-54.6647
-168.9332,-17.9078,528.2117,93.9963,148.9470,-88.8731,-112.0114,-43.1372,-70.3320,-34.9983,-70.5961,-28.5640,-58.4054,-31.4376,-250.8105,-429.2417,105.2158,-25.7212,-199.2450
-27.1878,-26.0074,659.1379,209.0403,30.7524,-125.0958,-229.5878,-151.8718,-173.0843,-148.2029,-13.1348,-0.0373,-144.3830,-22.9135,-288.8680,-400.0461,245.5224,-26.0111,-298.9851
71.7218,-1.3541,787.9148,282.4129,-53.5016,-122.8760,-284.7274,-234.3119,-313.5387,-253.3263,57.9932,4.3675,-192.4775,-19.8507,-390.8700,-408.5937,340.7054,8.6967,-350.6488
63.2246,76.1025,853.5776,316.5366,-125.1253,-75.2726,-353.7319,-249.7538,-401.0604,-293.5371,78.3394,20.8079,-219.9505,-4.2264,-476.0938,-370.2265,359.6551,31.5936,-410.2950
34.6203,110.1328,828.2748,320.7955,-234.6130,-27.9790,-477.3407,-210.1331,-354.3279,-260.8968,53.9267,40.7720,-281.2147,-20.9648,-487.1067,-246.5003,316.9442,-10.1623,-445.7594
67.7653,72.0759,750.7843,248.3745,-374.4113,-64.6546,-569.1726,-215.2862,-312.0490,-232.6006,36.7253,-4.1984,-365.0088,-85.4695,-454.1768,-192.1172,204.8731,-109.2843,-450.7472
102.2286,51.7851,689.9679,90.8348,-491.7297,-164.0571,-585.6769,-291.9622,-364.5602,-224.3648,23.9403,-123.4650,-412.1645,-149.3521,-439.4342,-271.4501,37.8950,-183.8362,-475.7612
66.3836,108.5841,713.2161,-6.2220,-541.3347,-189.8632,-565.9990,-300.7938,-321.6211,-156.4633,-1.7954,-188.6787,-398.1721,-144.4131,-443.9781,-299.0172,-65.9885,-133.3449,-471.5844
-2.6166,184.5739,824.7885,62.2666,-508.1463,-89.8002,-516.1723,-181.6234,-181.2621,-40.0168,-9.3970,-116.7277,-350.8017,-67.6251,-433.5154,-188.1085,-47.4582,13.4483,-378.0132
-60.1481,185.9250,885.1774,152.8753,-431.7191,20.7537,-442.2652,-74.1768,-225.8650,9.5726,-2.6439,-35.9926,-318.3509,-37.4164,-404.1367,-98.2514,-31.2628,95.1658,-277.4897
-115.3500,120.2381,747.2731,99.1340,-369.2795,29.3643,-387.9149,-54.5125,-392.8995,-25.6268,-35.0746,-76.2117,-315.8847,-142.4017,-374.7807,-121.7603,-113.4009,49.2315,-233.6344
-155.4250,80.1933,499.7213,-37.2788,-314.4889,-37.4191,-346.0510,-39.4868,-382.0500,-65.8937,-94.0738,-149.4046,-301.1070,-259.3740,-362.1823,-189.0462,-214.6421,-36.0688,-185.3350
-163.8176,77.9561,353.7895,-136.5744,-238.3613,-96.7943,-273.3654,15.6643,-261.8845,-62.5366,-129.3353,-137.2308,-253.9045,-236.4780,-344.8293,-239.3616,-258.6270,-117.9325,-102.4793
-178.9509,44.8267,328.7344,-198.7083,-171.9469,-126.0584,-170.9821,88.1800,-176.2433,13.0264,-153.3037,-89.4735,-230.1039,-153.9635,-262.1732,-217.3411,-279.3382,-204.1838,-27.2394
-216.8599,-1.7834,299.1083,-233.1964,-157.1909,-148.3346,-81.7865,148.3812,-36.3981,113.9166,-177.3393,-86.9007,-265.6245,-149.0199,-143.1732,-93.7990,-309.6705,-248.1745,-9.4147
-239.1718,11.5081,234.8127,-212.9593,-189.7678,-176.4584,-93.4376,110.4893,16.0970,72.5987,-173.0941,-115.6849,-317.7574,-172.4476,-122.6057,13.9056,-331.2485,-252.4546,-113.6060
-246.8822,62.1501,179.0425,-171.3732,-244.4574,-210.1644,-254.3308,-63.1276,-231.1420,-120.8579,-159.8963,-134.2573,-345.0003,-146.4567,-205.9459,-3.5528,-319.8853,-297.2793,-321.7600
-256.3880,87.0426,146.2831,-163.2953,-282.0437,-237.1730,-413.7375,-231.9334,-435.0108,-220.7841,-172.0789,-106.8890,-336.9610,-113.2545,-233.2629,-76.6939,-270.1564,-364.6754,-466.9599
-216.6844,91.8099,152.4760,-167.1598,-274.8550,-218.8348,-393.5185,-270.7921,-228.6225,-143.2310,-175.9574,-22.8155,-281.8096,-92.1388,-155.6378,-134.6822,-219.8265,-367.4837,-457.2098
-114.7310,105.6068,189.8280,-143.2628,-258.8879,-133.4482,-291.0964,-231.3174,48.8922,-86.3867,-149.5000,42.7882,-199.9510,-48.1661,-80.1624,-185.2802,-225.2433,-329.5820,-395.3593
-54.7745,138.0996,192.8075,-125.6371,-263.4568,-40.3527,-279.1852,-188.0434,-38.6774,-129.1307,-124.2191,19.6392,-137.3750,-7.9483,-52.3394,-168.4234,-278.0807,-328.1850,-360.1235
-94.6700,179.3059,142.6427,-171.6174,-237.2139,-22.6870,-287.6920,-149.3325,-316.8446,-154.7439,-103.6219,-22.0378,-89.6081,-0.5906,-35.7682,-57.0264,-330.7611,-354.1038,-315.8406
-160.1888,181.4117,92.1736,-255.2294,-156.4533,-62.6107,-207.1740,-113.1864,-386.4673,-106.4912,-84.4137,13.0008,-34.5621,6.9094,-17.8314,12.7895,-381.9771,-344.0724,-250.4967
-191.4047,131.1686,62.3892,-290.1175,-84.8285,-67.7296,-105.1958,-48.7012,-190.6926,3.3559,-90.5077,80.7808,10.5534,17.5234,4.5647,-29.6740,-432.6090,-261.4483,-183.5701
-197.3577,104.8675,50.7382,-264.9501,-52.1137,-23.1826,-37.1021,53.9539,7.8733,124.9613,-96.2645,84.4385,50.3736,15.3639,30.2994,-74.8447,-440.9744,-148.4574,-114.8888
-165.9825,127.5645,74.3030,-255.3993,-22.7241,-13.8238,29.1629,102.4281,16.3688,137.6465,-69.2881,13.2539,106.5641,32.5046,45.3354,-61.0980,-395.5797,-116.9770,-61.2032
-76.6902,119.2549,115.3889,-285.5229,15.5394,-90.0375,80.4847,48.7421,-24.5101,35.9606,-69.4669,-75.9965,135.2085,52.9378,77.9333,-46.2164,-328.9224,-202.6337,-28.8860
35.5961,77.8355,138.8004,-312.2390,47.3215,-202.8208,101.8613,-13.5132,66.8315,-25.4527,-127.0133,-120.3762,100.7470,11.6651,145.1449,-68.4793,-264.0426,-302.3794,5.8396
121.5112,101.1832,162.9570,-325.2680,57.8790,-272.1303,119.4212,-19.4244,151.1034,4.5932,-149.8099,-88.1551,60.6732,-33.5185,170.1045,-106.3113,-223.4877,-339.7289,21.1760
165.3585,186.9466,208.0572,-315.5854,30.7557,-261.2496,108.0505,2.0777,73.2455,63.0630,-93.8263,-15.5217,47.5207,23.0794,113.2761,-96.4836,-208.0948,-343.7414,-16.1482
174.3548,228.9117,253.2085,-245.2968,-19.3989,-203.7078,46.3939,11.2567,-45.0968,93.9528,-40.7423,26.3808,10.7429,108.7381,62.8246,-4.4791,-159.3467,-348.7409,-77.0411
178.7832,194.1090,292.7922,-168.6749,-59.9046,-174.0812,-13.2320,-64.6270,-127.4453,-38.9632,-40.0760,17.3327,-55.8604,88.1094,66.1686,72.6474,-70.7123,-373.3326,-154.8008
207.8202,139.4597,323.7130,-200.1454,-100.1579,-189.1086,-68.6633,-255.5620,-249.0029,-358.0579,-51.5190,-3.3712,-94.6500,3.4487,53.0118,43.9153,-52.6146,-429.7798,-270.5691
234.7553,106.0287,311.8322,-309.0611,-144.1336,-171.1634,-161.7285,-397.6506,-360.6152,-533.6320,-42.8148,-2.1477,-83.4862,-21.0518,-0.6704,-0.9824,-154.5079,-469.0653,-344.1842
209.2375,87.6931,256.7812,-372.5795,-152.4432,-77.8889,-230.0377,-332.5424,-368.3211,-385.8986,-33.5991,13.3146,-35.4935,30.0070,-10.6398,18.9113,-278.3739,-440.5933,-286.4792
136.4069,69.2522,196.9957,-385.3029,-137.4197,15.4944,-200.3372,-159.8423,-289.5151,-218.7654,-56.8612,17.5799,26.9092,107.1741,68.4344,33.4737,-350.3936,-373.6229,-169.2775
62.9683,72.1330,144.9697,-396.9872,-155.4976,44.0826,-127.7234,-36.9288,-129.0085,-178.3313,-97.5996,9.8924,62.5602,182.6492,157.6187,33.2154,-389.6922,-288.2881,-94.6438
18.4848,136.3743,117.3126,-383.2973,-183.6304,34.7935,-68.7260,36.7607,70.2391,-24.9467,-98.4886,13.3792,63.0197,223.4128,169.5342,88.3012,-401.7132,-175.9519,-42.6179
12.6812,229.5736,145.9651,-342.6746,-163.9538,-2.9259,5.1075,81.9872,191.6944,223.5716,-62.0415,26.5216,67.4768,193.1614,140.8128,137.8230,-372.9099,-107.8613,24.2912
47.9043,255.4825,197.9067,-339.0063,-115.0052,-98.8886,92.9552,71.1963,278.8871,304.7272,-53.9923,17.7066,80.0851,110.1604,152.4334,98.4643,-327.4988,-152.0217,84.1836
104.8907,199.1151,206.6523,-379.7798,-88.0883,-214.2222,143.0463,21.7782,417.0529,262.0356,-82.9672,-19.3431,67.1672,35.0722,181.6810,38.0288,-297.1471,-238.0597,110.6245
146.3989,160.4734,176.7078,-415.0626,-110.5690,-291.3628,147.0025,-43.9937,492.6473,247.5013,-110.4290,-58.6484,26.4295,-9.4669,180.0761,16.3812,-292.4045,-282.3353,84.9565
153.5616,209.7794,151.9231,-422.7876,-182.0662,-361.8105,138.2106,-128.9639,487.8801,201.0009,-129.9998,-94.2065,-20.3224,-57.1482,182.9558,3.8723,-298.9125,-297.5966,8.2375
150.2035,304.3062,153.0603,-382.7664,-243.3342,-446.4778,117.2713,-198.1470,528.3971,121.2171,-113.0880,-133.2286,-44.0223,-115.6779,191.6593,6.9810,-256.1671,-293.3389,-79.3567
174.5451,369.4212,194.1266,-264.5583,-235.1981,-476.9189,44.2849,-243.4957,458.7517,79.6618,-17.0412,-141.2591,-8.5885,-132.8435,142.7066,33.7645,-117.8075,-259.6265,-160.7260
218.7142,390.6091,262.8352,-98.3230,-199.2254,-423.9232,-76.0787,-313.8904,117.0341,-13.1817,92.6178,-75.6804,72.4514,-88.8885,80.2260,42.3064,56.7491,-236.0011,-243.2923
235.1727,395.1009,313.7161,33.8319,-181.8597,-337.8551,-153.1227,-374.6650,-168.7709,-161.7112,121.5751,23.0126,145.1224,-33.2258,106.8485,45.5195,168.0302,-244.1261,-284.9510
218.1804,384.6648,342.3686,81.2134,-137.0679,-245.9558,-136.4829,-346.4404,-110.7656,-182.4584,101.5810,63.9999,197.3752,10.3952,180.9834,85.1603,192.7151,-246.3348,-262.4060
208.0509,351.5072,371.8056,59.5383,-57.3587,-170.2150,-99.2329,-275.8920,65.3866,-87.9907,93.9014,38.3655,221.9355,63.2754,203.7686,145.6073,166.9702,-236.2040,-233.4831
207.9377,337.2610,379.2914,25.5377,-17.3869,-158.1824,-87.3410,-237.2978,150.8374,-48.8560,88.7611,14.6955,188.5091,104.4794,189.2807,232.9554,131.2404,-240.0834,-208.2355
191.0656,370.5252,359.2152,8.3862,-20.8795,-188.5096,-50.9455,-203.3907,207.7203,-51.9597,92.9236,1.0036,151.2967,81.7455,187.7261,361.3350,113.0130,-239.9047,-141.4486
175.6231,383.0033,371.7126,-19.8127,-9.7232,-195.2377,0.5232,-174.6099,229.3977,-34.9682,127.1120,-53.3636,191.9523,1.3398,206.0442,452.8421,103.2686,-197.4509,-86.0276
188.0491,324.7756,421.2505,-63.2309,7.2847,-187.0856,2.7341,-200.4832,223.4674,-34.0324,148.1102,-118.0634,241.7857,-72.0593,243.8507,464.7626,78.3360,-113.0426,-106.2546
197.8315,279.1143,417.2522,-76.7217,2.8800,-188.3838,-17.4767,-232.2542,309.5550,-15.1283,126.5207,-103.0584,210.9321,-85.3266,272.8668,469.3468,58.9044,-32.7779,-117.5461
185.7207,306.0106,328.9117,-67.1294,1.8269,-176.1217,-9.9642,-204.2592,386.4193,42.8661,104.7765,-23.7104,181.1222,-49.4122,255.1231,477.3273,79.3520,-22.7916,-43.3649
193.4804,310.0703,245.5381,-85.3364,13.1566,-177.5832,11.1119,-166.0133,291.2386,32.6286,107.4904,5.0560,227.1345,-30.6237,230.9921,439.3954,120.6186,-94.9980,53.4120
238.3150,223.2457,245.3945,-119.4202,20.0137,-244.5822,59.6367,-140.6585,222.2800,-19.0239,123.6650,-58.0774,272.2249,-57.5751,261.7738,405.7965,139.6015,-183.3700,141.3282
287.5762,143.6596,307.5795,-140.4365,36.6231,-321.3258,151.0309,-51.9543,350.8260,47.1890,158.6602,-136.4910,278.4161,-78.7062,318.0310,422.8871,122.2348,-241.8604,262.7205
332.1043,156.1936,369.5240,-165.6165,69.7364,-314.4088,207.7952,101.4108,436.7297,187.0159,202.2621,-162.5733,300.1199,-64.9340,330.3132,432.1117,85.0581,-267.9971,376.0829
371.1065,202.7385,407.9764,-166.3110,88.4701,-207.7935,193.6914,224.6878,353.8522,272.0080,219.8343,-146.7816,321.5692,-47.7137,288.2933,429.6566,71.7333,-232.2993,421.2642
377.2141,223.1599,441.1347,-85.8605,87.7746,-24.9826,187.0085,289.6832,354.4462,345.4081,212.3972,-108.8293,291.9032,-21.3142,247.7599,477.8404,120.1289,-138.7101,447.4201
375.0178,246.2370,485.6015,20.3216,96.4672,173.0987,209.1083,327.0771,504.5524,385.3499,215.0841,-31.4107,236.6658,45.3721,266.3709,540.1371,208.9366,-75.7228,474.1715
437.3138,288.7819,549.9597,72.7931,116.7512,287.1190,205.8204,319.9737,545.4493,237.3635,253.1988,70.9370,194.5614,115.7678,319.9428,539.3734,288.5933,-64.1138,424.5656
532.0074,310.7209,635.4232,114.8939,125.8060,302.7986,180.2870,250.4759,417.2828,11.3113,318.0381,118.0610,184.4861,143.7919,335.2119,492.2903,339.5813,-24.2375,313.5135
537.5818,299.6151,697.3224,178.6802,121.8607,285.0948,154.1601,182.6145,338.7249,23.3224,357.6071,75.5288,231.0575,151.7232,325.4798,461.5072,349.7798,34.2076,260.0038
449.6280,303.8771,663.8323,182.1421,121.1540,230.5015,121.5221,187.4129,393.1202,247.9427,330.9053,20.3382,291.1267,159.7440,355.5923,483.1075,304.8805,26.1421,275.3172
394.2785,350.5123,534.5274,93.7421,115.2208,106.3596,103.4494,210.4831,431.0582,326.1061,269.2966,17.2055,272.0374,140.8438,392.1653,526.0953,236.3011,-29.5876,266.0815
425.1884,370.8340,391.2257,-6.5468,72.5549,-43.0753,95.8160,134.2044,338.4123,147.1877,216.8440,25.3297,182.9815,73.1643,367.3831,490.6673,193.3134,-65.0248,220.5660
459.0553,274.6156,299.4635,-61.7173,2.9769,-158.5701,58.8827,2.4182,216.2467,8.9400,170.0577,-3.3254,111.8201,-28.6056,322.3275,368.5135,173.5022,-72.0570,211.4521
421.7430,118.6482,278.8203,-59.6385,-27.5000,-208.0782,39.7010,-10.3718,260.2148,121.8021,140.0788,-38.1890,92.4260,-100.9288,337.1368,306.9654,164.1618,-30.9381,255.5612
357.5060,84.5926,340.4298,7.3795,13.8114,-184.8448,83.1496,73.1272,435.6149,267.1800,164.0250,-34.6122,113.7285,-75.7196,395.4491,362.2419,198.8504,66.7527,281.5782
354.7794,223.5357,459.0283,106.4493,84.0409,-160.6381,86.4644,45.0400,449.8363,166.8256,219.6596,5.4930,157.8448,5.9123,402.6883,399.4496,296.1602,134.0163,234.6358
403.9458,381.5869,551.7480,202.9879,151.7048,-173.2445,11.6056,-69.2735,253.7228,-29.2386,246.6980,63.1630,207.3601,50.5175,326.0721,338.0107,407.3229,147.2259,175.3374
407.7285,436.4241,564.5029,308.4274,244.4992,-96.5253,15.7265,-28.8126,212.1069,0.9387,244.5188,128.9498,295.3329,93.3999,279.9202,249.8340,471.4209,220.5296,211.1056
342.2950,412.1394,536.9316,380.3790,374.8530,114.6450,148.9766,148.2436,449.4071,176.4289,256.8977,193.8141,443.2859,208.8478,366.6706,208.5967,473.2687,342.2519,322.2299
293.9996,353.8924,525.3495,335.0857,488.1272,272.2637,254.8367,212.2733,571.1052,181.8837,286.3267,248.0914,545.1799,315.7654,473.8564,225.5562,441.2913,346.4455,382.9964
304.7501,298.5188,510.5565,242.6459,515.8804,303.2337,270.4221,145.6787,400.8640,53.2638,284.2644,290.0885,508.7149,324.4974,448.3641,261.6119,428.3997,254.9842,369.4431
312.8444,309.0449,454.3797,279.1928,459.2106,367.3949,281.2546,137.6701,295.0886,66.9015,231.2288,324.9788,425.3073,315.0637,368.5405,254.6482,477.0340,264.2901,375.8919
275.0095,370.9142,402.6765,444.3278,394.0232,488.0683,308.1357,222.7045,410.9005,209.7657,187.9459,350.8566,401.1325,352.2226,375.5991,218.1448,568.0065,373.9221,427.4984
233.0443,388.5946,427.3032,556.4835,372.1336,515.8069,304.7025,300.9770,450.0047,264.0822,212.8343,346.2485,396.7434,349.7329,431.0856,214.6751,624.8492,409.1061,457.0683
240.3788,359.2712,495.4044,520.2678,357.2973,435.0208,264.1181,337.6992,325.6433,241.5668,262.6488,285.6559,367.9878,259.2084,454.7356,219.5458,591.6683,340.4220,442.4619
284.7824,357.0137,509.6190,409.3800,300.2855,322.0063,208.3912,338.0141,302.8828,293.9214,260.6557,178.3860,345.9521,160.4637,447.8022,198.5295,490.5841,260.8235,419.5898
312.3259,373.3481,449.9184,315.1450,212.3474,179.5154,177.6830,299.6589,419.7900,371.0625,217.3268,76.5477,337.5659,107.0118,406.2596,208.2347,390.8595,184.5728,401.4871
322.1873,364.1689,379.3343,247.4042,130.9633,33.0754,201.0543,239.3691,439.0296,329.1777,198.7443,21.5043,327.3076,63.8868,340.9640,234.7992,333.2408,99.6269,369.7050
368.6714,348.1610,354.3422,184.3614,88.4357,-63.9818,229.1566,160.1953,323.7435,212.4301,229.4853,3.8877,324.7820,2.6135,302.9973,168.7599,304.9023,52.5442,306.9026
440.6335,350.2811,390.3639,150.1893,108.2317,-148.1125,210.0841,55.6656,252.4697,145.7605,269.2618,16.2196,320.6683,-46.9184,276.1541,40.1019,289.3795,49.1898,211.3559
465.8003,389.7719,455.2539,194.5318,166.8491,-252.0843,181.7383,-42.7553,248.8895,109.2257,249.1549,88.4085,300.5830,-41.2145,222.3609,-13.2439,306.6220,30.8800,102.6476
457.1001,499.0434,490.0457,305.9221,213.6634,-316.3887,176.6235,-108.5194,182.2895,41.1057,160.6686,192.7138,299.7836,10.8096,195.8683,17.5415,374.8350,-6.4098,15.6567
478.5890,621.5200,485.4532,407.7166,246.9189,-297.0669,171.7467,-141.1958,77.6967,-7.0039,100.2978,216.9435,341.0131,61.7435,233.3800,58.3093,453.4377,-7.7716,-22.3834
502.6809,634.6835,479.0574,443.7344,276.3581,-201.0998,168.0109,-126.2188,74.2885,3.0194,137.6723,142.4855,380.4314,110.5821,275.9108,93.5512,471.2764,32.3834,-22.8774
491.1618,542.5565,462.5444,417.8226,260.7361,-46.7067,160.3810,-76.6932,104.2757,3.3172,202.3577,91.8105,376.3261,186.0957,284.6616,120.1938,414.3090,65.6521,-26.5763
491.8401,446.3624,408.0146,361.3409,190.0798,107.0326,115.5706,-35.1797,21.9839,-22.2672,204.3419,105.0042,340.1174,246.1680,270.9484,129.2239,341.2122,70.7718,-24.6796
512.3009,374.0918,365.9982,301.1133,131.0420,204.0584,86.4101,18.3382,-39.1672,-9.6390,167.7028,95.8213,307.3950,227.4286,247.2275,131.3973,302.9880,69.5069,39.3504
494.8134,330.4445,390.3760,250.9014,108.7534,260.1278,137.1375,94.5912,45.1589,6.0246,156.4997,65.0290,289.9803,167.7377,230.6412,104.6765,283.9411,84.4597,121.9894
449.1611,354.9907,408.0396,214.4634,63.5363,287.7668,155.3883,103.7906,36.0980,-49.1192,159.3056,78.2169,249.6632,138.6209,202.4100,47.3499,236.1487,112.6509,100.3763
403.3303,400.6828,314.0826,176.7481,-35.8823,266.5425,36.4658,38.8243,-153.8592,-78.3765,117.2246,83.0384,154.6510,122.1875,130.4763,52.4779,145.7483,123.8811,15.4235
328.3282,363.3942,146.4220,96.3837,-149.1356,220.3682,-72.3589,39.2966,-167.3432,28.2213,33.0464,18.2112,50.4999,79.0556,85.9494,142.2452,44.3652,88.1226,31.7512
259.0593,258.7875,27.9354,-40.0772,-238.7303,176.4969,-25.3461,110.6851,81.2522,142.4816,-11.8576,-46.7803,-10.0125,42.1029,143.0325,190.6561,-34.3913,12.3871,125.2343
268.3614,172.4070,-19.2858,-180.2435,-307.9970,97.9299,53.7217,86.2304,202.4291,105.5211,6.6828,-71.9529,-54.1656,33.4097,209.0126,150.7206,-93.4759,-81.1859,127.0497
288.9526,110.1927,-72.6946,-289.3760,-369.8114,-41.8117,9.8534,-61.4994,57.1070,-5.8327,-2.1166,-110.0888,-114.6412,-3.8161,168.0251,97.9728,-161.7698,-197.0725,29.4787
228.8206,56.5521,-153.7514,-382.9309,-409.1626,-201.9776,-105.2248,-179.4391,-152.4461,-61.0695,-72.6625,-139.9180,-161.3256,-83.5482,51.6978,32.7651,-245.2426,-317.0095,-45.1171
158.8319,51.1422,-211.4754,-424.9825,-385.5528,-304.4023,-170.5987,-172.6242,-310.4711,-71.1096,-120.1906,-106.5047,-169.8411,-105.1246,-47.8202,-59.5091,-306.3865,-359.8506,-48.6083
159.1498,95.0825,-242.1569,-364.2599,-284.5204,-275.6145,-135.4041,-72.6486,-308.2877,-58.0990,-129.1316,-70.8062,-151.2050,-22.1843,-65.3852,-70.0469,-312.0205,-294.9720,5.6353
183.1562,105.6738,-279.1940,-271.5338,-146.8455,-127.9706,-14.6343,38.7352,-113.9215,8.1988,-163.0458,-85.4514,-102.2867,55.2395,-6.5051,43.1607,-286.5119,-207.4997,77.0385
186.4420,45.4282,-296.1836,-231.5899,-23.7271,32.3795,110.7972,102.5830,-20.0559,109.6443,-180.7952,-80.9954,-14.6319,54.4622,21.1411,130.8051,-280.1824,-152.9110,89.2488
172.3751,-2.6583,-257.1755,-201.3916,73.2095,135.2512,185.3795,139.2317,-112.8236,191.2956,-113.5711,-25.7533,93.7074,49.8970,-11.9923,84.6697,-293.9308,-98.4480,50.0385
135.8494,29.0629,-195.6106,-168.2080,156.5814,163.5568,265.6816,168.6569,-38.1539,195.7845,-33.4168,4.0451,190.8752,64.4929,25.2368,-29.7620,-288.4207,-65.6540,53.3789
110.9941,77.5169,-141.7962,-207.8771,215.2494,83.0808,366.9666,135.1552,169.7842,79.8053,-19.0059,-25.0485,245.2123,15.4646,133.8656,-108.4587,-252.2710,-106.3129,94.6459
145.4149,81.0024,-78.7277,-254.2643,217.7503,-69.0755,389.7358,57.5915,119.5745,-44.7620,-26.4373,-55.1386,246.4294,-64.6817,151.4294,-90.6440,-199.4109,-140.2142,104.5188
199.3356,94.7208,-14.6783,-159.1288,172.9262,-175.1927,341.5803,55.1039,-2.8053,20.1499,-13.7595,-32.1211,216.0145,-49.4661,98.7063,18.9146,-134.8001,-82.5540,100.1295
229.6345,145.6481,23.1544,-9.0827,126.2057,-232.5031,352.4902,98.2368,150.4918,192.4190,3.9224,39.2453,162.4020,31.3278,118.9432,107.8077,-82.1014,-44.2359,89.5257
271.5742,167.3105,38.8997,0.8964,66.7908,-329.3001,404.8282,38.6634,257.9996,190.1388,19.2560,94.6256,82.2303,44.5216,175.4330,74.3853,-87.0927,-140.6799,12.6752
320.5034,166.3800,20.1869,-88.8908,-55.9624,-456.6529,375.7182,-95.8204,82.1378,38.3981,15.6177,69.6103,24.7857,-17.1552,191.8638,-16.5816,-146.5939,-272.0344,-100.8757
318.3912,192.6087,-52.5478,-135.0385,-193.7352,-579.1146,290.2704,-167.8026,31.2015,-10.8244,-16.1087,-2.7514,42.9531,-71.1805,199.8582,-50.4782,-202.9436,-313.6362,-156.9342
280.6339,168.1473,-122.8346,-161.8664,-234.7189,-709.3318,220.5921,-182.7425,228.5782,19.6682,-31.8687,-30.8776,89.3995,-84.8912,163.9494,-35.0912,-220.1588,-311.3546,-167.6880
249.3425,47.6419,-130.0780,-222.9281,-185.5585,-774.3621,115.9185,-207.9390,257.1994,-45.1791,-26.2382,-7.5415,86.8171,-66.5486,48.5258,-18.3295,-193.7314,-340.7209,-182.6941
207.8927,-15.9609,-110.0520,-230.3866,-136.5337,-682.5153,-24.7268,-217.8871,54.1243,-118.9644,-54.0399,6.1402,51.2033,-27.7183,-15.7348,13.5860,-121.7323,-360.4872,-170.7098
171.5359,67.3596,-99.5560,-109.8306,-86.8005,-496.4447,-74.6241,-159.1461,-47.6021,-38.3883,-90.9417,18.0778,44.0640,31.8364,31.6418,56.9097,-25.2588,-281.3661,-97.1876
202.5691,164.9880,-66.9631,60.6276,20.9350,-290.3649,-7.4540,-27.8433,11.9938,96.7970,-62.7034,86.1334,76.8933,125.6207,65.0198,64.4260,63.3067,-95.0746,22.4753
278.8282,166.4303,-7.4953,154.2754,163.3131,-44.7169,66.2048,111.1049,57.7121,103.6031,5.8582,184.0418,117.2747,213.5276,52.3769,37.6964,141.6895,80.1811,152.4199
321.3989,105.2154,41.8317,143.9920,260.7809,179.0447,101.9224,163.2365,64.9190,20.8806,52.3501,222.6071,131.5963,221.4449,73.1420,20.8370,209.0906,128.9692,239.5844
344.7702,62.4383,79.3113,118.5469,274.7160,272.2001,136.8642,150.4870,129.2730,15.8576,77.8280,187.0973,117.7158,172.6497,95.6890,22.0612,249.0679,111.5531,262.9859
416.1393,129.8346,113.1828,152.6909,232.8243,277.3842,170.2441,174.2528,224.9426,78.2426,82.0924,133.5472,106.9171,130.3569,64.6919,17.9724,273.7280,152.3807,254.8853
495.8071,293.0807,127.5825,196.5899,193.7958,281.7407,178.3908,181.5426,171.6611,18.5856,56.5235,85.2900,111.3293,62.8629,45.1341,-14.6905,294.4945,216.7083,213.3046
471.1150,365.2379,121.7284,180.6641,176.9369,274.9925,169.5380,67.3178,-34.7321,-157.0969,43.9064,47.7974,108.6405,-33.2025,90.4235,-84.4662,275.6665,223.4046,127.2116
353.2537,280.6461,101.4047,157.2347,149.4505,258.3189,163.5741,-54.2548,-79.3216,-182.1067,68.3054,56.9212,95.9301,-57.9074,150.4104,-148.9740,220.7510,230.7311,70.3252
287.0604,222.6738,68.8821,195.4641,108.0427,253.0514,170.7217,-46.6525,128.8479,-23.8996,86.2556,109.1057,88.8742,-17.2482,162.8945,-149.0890,205.4598,285.3484,89.9377
312.0749,264.7590,58.7751,239.2728,84.4202,204.4862,190.1661,-11.4668,232.3266,28.9065,76.7617,142.9107,82.1058,-31.1599,128.9793,-112.7014,237.2960,302.5304,118.1106
301.1506,277.5521,81.8615,210.8244,74.9467,82.2456,218.0283,-46.8911,127.5987,-62.7515,65.9865,140.9922,78.6649,-85.5444,112.3714,-113.5550,230.0089,239.3067,117.2331
211.7198,236.1995,69.2631,133.8353,79.5854,-43.9572,253.5730,-72.6148,134.2436,-59.1169,55.6842,124.3677,100.8512,-82.5913,159.6228,-129.6848,156.6264,156.8409,114.7115
152.6805,201.2822,-7.7918,66.7108,135.5347,-112.4060,273.2886,-49.8981,268.3399,27.4953,22.8203,84.1858,134.9726,-47.3904,222.3055,-84.7990,82.7311,98.9180,95.0609
149.0414,149.9658,-69.0940,42.0284,223.2018,-87.5329,255.8767,-16.0481,262.4609,52.3486,-25.3149,47.3924,151.8149,-25.8913,233.7636,1.5653,65.2741,94.1419,70.5994
128.0412,120.9887,-64.0097,85.1971,281.5553,67.2933,254.6709,68.0601,183.3891,110.8951,-42.4434,75.4853,170.5614,27.0588,201.6103,38.4992,108.1257,170.7341,121.8962
127.3103,204.4673,-26.5222,173.6405,333.9361,291.1599,318.2907,209.0727,212.5639,232.7974,10.2157,124.6535,218.3380,108.4474,160.7862,-0.7153,164.3298,274.3396,227.8600
222.4715,310.3763,32.6708,230.9410,419.3610,447.0589,368.9153,301.4082,251.9158,241.9908,107.8882,115.2754,275.8934,144.0497,135.6196,-52.2761,180.1481,328.6820,278.0851
336.0870,321.0537,127.6239,245.4717,472.8123,495.3341,337.8708,314.1064,251.5345,199.2970,182.6160,101.9944,313.2731,127.9480,145.8654,-47.7703,186.2084,345.7990,272.2982
366.0894,306.0690,216.6822,276.7322,439.4246,478.5078,308.2546,313.9309,323.9904,297.5718,204.1857,133.7827,310.3362,100.1209,180.0301,4.9213,241.8972,340.7631,279.1199
345.6284,296.5242,232.7844,300.7643,358.4779,393.2314,333.8152,304.5672,415.5448,397.5396,180.7437,113.4897,238.9977,63.2710,220.4564,46.4671,276.0411,280.6668,289.1779
315.8427,208.1326,150.5226,224.8783,244.3018,245.6266,320.3565,265.2545,414.8700,327.3812,114.2782,14.9428,104.8135,27.1011,269.5622,67.3163,177.8261,189.7322,276.1364
240.6121,101.0636,0.3853,73.3150,81.2882,125.8199,240.1162,234.9116,381.6999,249.1642,25.8506,-30.0312,-17.9058,16.3921,294.3158,98.4633,13.8929,129.7185,261.7605
126.1071,87.3058,-139.0325,-32.3039,-65.2730,88.4986,198.7544,220.9211,340.7055,274.4873,-43.5937,0.0719,-64.2802,11.8715,268.7956,115.7255,-69.7999,98.1462,249.0011
44.4482,80.3370,-202.2639,-59.3477,-125.1063,61.2979,211.4205,176.8652,233.4562,276.2291,-87.1499,-20.1591,-60.6326,-17.5482,251.3023,91.7132,-76.0487,79.1011,208.0070
23.5787,4.3746,-203.2680,-59.0045,-133.2063,-30.1080,183.7541,104.0285,143.3137,228.9740,-109.4292,-94.1594,-72.0050,-56.8380,259.8900,76.7474,-84.1060,88.7663,127.8390
36.2716,-17.4582,-179.2970,-38.3590,-130.2355,-135.5521,110.1745,48.5884,175.2223,206.2304,-89.2706,-105.5021,-95.3284,-69.5840,222.4000,88.8953,-78.7472,111.4318,43.7543
65.0796,81.5836,-123.5219,15.9236,-83.8460,-166.9373,66.9293,33.5472,222.9967,177.6120,-34.0426,-49.1737,-70.9656,-40.3699,155.3572,72.3184,-22.6161,117.7831,18.4320
93.2173,185.5318,-49.7299,68.4428,9.8449,-126.9827,71.7483,55.3243,149.6866,143.0358,7.4567,-13.6658,1.9341,11.9197,144.4035,43.2246,30.6229,121.4995,55.1877
80.8461,200.4836,-19.1554,87.3731,84.5470,-56.5981,95.5069,97.8826,35.7493,163.2472,19.8244,-7.4620,52.0141,56.5421,169.8021,59.7330,28.6573,130.1098,86.3809
22.0696,143.8799,-36.2448,87.3056,104.6439,45.3654,125.8336,144.5202,46.1476,184.8254,30.3491,21.3065,56.6613,96.5067,183.0508,77.6250,19.1109,126.9798,106.3905
-16.5131,85.3701,-35.2358,89.7452,104.8050,155.3139,149.5383,186.9566,156.9926,146.7913,59.0369,65.7077,67.7306,145.3142,189.1529,55.2409,59.5806,123.6536,158.9642
18.7480,101.8274,5.0466,105.1012,121.4563,205.6529,144.1706,203.8105,193.0527,114.1376,106.8107,83.8373,100.4905,166.0786,147.1908,38.5296,117.6652,134.1040,187.2696
88.8173,181.2034,47.8076,132.0855,150.8739,197.1390,104.7961,183.0214,118.3327,118.5559,154.3381,86.4402,115.1206,133.6505,36.5557,12.3031,143.3277,136.6662,140.3391
138.7467,219.0316,84.9133,148.5796,174.3911,199.8125,51.7145,181.5867,68.2269,117.3842,173.7640,103.1917,102.2140,118.2819,-39.2623,-55.8895,159.4486,124.2365,136.3961
179.4564,198.1033,129.7639,150.4554,179.7598,240.1922,14.9696,261.0176,74.3849,122.3372,164.3555,111.0973,73.7187,171.4734,-20.2407,-57.1127,193.3523,122.3945,251.6679
217.6529,206.9641,158.9258,168.8488,150.4956,285.8241,-1.1665,366.1440,46.3110,144.1806,143.5741,86.7397,13.3589,202.1385,30.6072,53.2267,206.9992,133.7430,344.0668
219.3900,245.2048,151.0382,194.6532,75.1357,285.9967,-26.6016,384.8635,5.7509,133.4271,120.6336,60.7216,-70.0337,121.1157,70.8349,110.6910,175.3756,123.3687,302.5453
195.9074,221.1987,129.6902,169.9027,-19.0873,206.7531,-70.9640,309.7903,20.4258,92.0253,103.1148,48.0674,-120.3824,12.4268,81.0414,60.4232,131.9344,71.6242,212.7830
182.4415,138.7086,103.2650,101.5568,-76.3199,98.7016,-101.6538,239.8387,24.3356,75.7685,81.2399,28.2231,-123.5558,0.2803,41.5169,49.7480,92.1902,17.9739,168.0576
137.9091,93.9582,41.3476,62.9155,-65.2768,50.2960,-94.5590,235.9442,-22.6639,83.9097,26.3024,12.0246,-118.8287,51.4593,23.8956,95.9136,40.4591,13.8660,162.2500
29.1972,100.2992,-47.8099,55.3958,-6.1317,45.5637,-52.7547,254.5469,-25.3644,80.7786,-45.6667,2.7867,-110.5031,68.4539,85.1107,93.6003,-13.5154,31.2474,170.7738
-52.3130,67.3852,-109.5547,17.7434,53.0328,28.2870,10.1426,239.1100,31.7805,70.9275,-82.7728,-34.9737,-76.0442,64.5169,142.0274,77.1054,-51.5129,14.6471,172.9600
-25.7075,-28.5646,-125.7983,-23.9222,88.1035,35.5017,58.1194,202.8192,55.1459,76.6511,-87.2832,-64.5600,-39.3238,89.3803,153.7921,99.9724,-67.5359,4.6394,151.0808
33.6874,-81.0449,-114.9601,10.9870,121.1647,87.1379,62.8528,164.1078,62.3565,82.4159,-91.6726,-16.2346,-32.5282,103.3346,185.6637,87.3810,-38.9449,49.5263,117.4027
24.1473,-28.9627,-80.8495,87.5830,163.8153,119.5791,64.6871,97.0053,123.0856,48.5783,-84.0784,33.9043,-26.7816,70.3015,214.4402,30.5571,39.4611,82.9864,89.8958
-28.0609,36.4224,-34.8765,113.0025,182.9080,137.3559,109.4184,29.7166,152.0240,-10.8949,-50.9984,-9.9796,15.1213,54.4118,174.2775,18.4914,129.9822,77.4320,89.5332
-43.3769,44.3219,7.7714,129.4357,183.7383,190.3279,154.9974,55.7755,55.3299,-34.1058,-9.8930,-37.4078,69.8904,113.9216,110.9892,41.8367,226.7920,135.0598,155.9512
-10.8788,53.5524,70.8615,230.1510,228.9510,231.7544,155.6578,172.0616,-49.6452,-15.5987,33.1158,73.1568,96.3216,208.0486,69.8148,41.9552,341.4118,270.3311,268.7006
29.0513,92.0325,146.9063,351.9865,303.0878,233.2912,158.8924,277.4348,-12.9864,28.7092,69.4482,211.6217,96.1666,264.9581,37.6085,33.3962,411.3781,362.1071,336.7500
57.2442,104.7536,161.4911,387.3087,309.9788,264.2564,203.4406,342.4585,114.5380,137.8332,77.5522,240.8595,100.8190,257.5876,41.2413,18.1162,393.8311,386.3007,340.5789
84.8436,106.7013,123.5457,384.3079,246.8481,315.5561,230.8885,385.9537,198.9701,247.9234,75.9455,211.2585,129.9645,209.0367,77.3925,-28.5525,370.9684,415.4158,336.4091
105.1794,148.3163,136.3907,415.0731,201.2452,313.8482,198.4621,369.1537,174.3393,187.3099,93.4206,213.2073,167.1384,166.6509,72.7441,-66.9387,390.5963,443.0280,317.8327
72.9448,163.0490,178.2468,421.6252,194.7175,296.5779,157.0581,294.3635,26.4053,23.4604,101.3660,231.9635,169.8894,143.4355,35.5225,-53.6663,367.0640,437.0124,251.3194
-27.8587,73.5234,128.7155,364.5856,201.2706,299.9654,143.3814,235.3989,-140.0479,-3.2707,71.7643,210.8074,131.2359,104.9226,30.5935,-16.6886,277.1981,416.6351,183.3059
-119.1464,-52.6799,25.7202,307.7086,233.9296,249.3172,122.2288,171.6852,-137.8868,38.8292,31.8480,133.7974,105.7350,49.8841,41.6895,-6.5120,227.8133,374.7682,156.4572
-119.0976,-115.8943,-0.3679,272.4330,283.7444,152.6649,84.7745,41.3499,-12.0140,-62.7886,5.5298,59.6839,119.4844,27.5806,46.1719,-59.0696,249.0502,308.6784,126.9598
-76.8585,-114.3401,26.6368,229.3069,298.5860,121.9573,81.7366,-65.8438,26.3054,-157.7527,-11.2063,74.7881,116.9315,51.0890,76.8057,-150.7697,257.7240,274.3500,61.0320
-98.4694,-87.3883,15.1268,203.2787,272.1095,143.5459,121.8762,-58.8241,37.3522,-40.6595,-25.2082,160.8975,66.6201,83.5817,131.7620,-180.7436,228.0740,262.6643,-13.2533
-174.9975,-65.7526,-17.7097,204.0771,226.6867,121.9210,135.7876,-42.9218,138.1916,75.5847,-51.5640,201.5143,22.2862,95.2207,172.8470,-130.5719,195.6820,196.0954,-82.8530
-228.0285,-80.4678,-32.0651,174.1588,146.1607,69.8774,68.1556,-108.0064,75.7998,-29.1007,-86.7607,149.9698,13.1300,64.6714,170.6448,-121.9898,157.3528,96.9827,-159.1376
-267.2834,-132.6756,-41.5396,109.9979,23.0247,33.2006,-58.0291,-165.5555,-240.1907,-178.2754,-93.9859,56.4202,-7.5929,-14.4400,108.4505,-183.4714,105.8624,43.2736,-222.1807
-343.4663,-186.1395,-58.1247,74.1070,-106.2425,7.3726,-174.2356,-162.0834,-361.9861,-191.9170,-78.8431,-41.7207,-61.0139,-93.9029,38.1204,-201.6803,62.5134,31.1868,-242.0192
-422.4938,-205.0481,-111.3009,74.1136,-212.5791,22.5592,-226.5773,-153.0205,-161.7480,-162.6275,-96.0422,-118.7157,-116.9682,-119.0461,26.9744,-171.2543,17.2978,41.3615,-223.2545
-453.2391,-174.3445,-217.8977,66.8337,-298.4315,87.2639,-216.5899,-136.4955,-123.1937,-173.5772,-149.8290,-133.6313,-175.1280,-111.1781,14.9292,-196.6411,-47.7165,58.8508,-183.7402
-463.0327,-132.7190,-267.3259,26.5790,-381.4755,88.5151,-183.6652,-105.2486,-328.4780,-187.0584,-189.6594,-107.8280,-240.1462,-132.3987,-55.6136,-273.3940,-96.5194,-0.5789,-133.1945
-483.0073,-161.3088,-168.6433,-49.3312,-454.6736,-31.0374,-129.1014,-135.4652,-327.5295,-201.8513,-182.0241,-117.9579,-243.6532,-198.2252,-83.0331,-320.3506,-109.8018,-139.2738,-86.7216
-482.3613,-247.3738,-67.4493,-118.1964,-441.8118,-128.0290,-11.8289,-200.8655,-95.9107,-222.7636,-120.5995,-153.7479,-120.8163,-256.6205,-19.9281,-316.5800,-128.4538,-179.4001,-49.0696
-431.5240,-264.5794,-122.0533,-112.3889,-291.4213,-76.1498,146.3662,-162.4136,14.9919,-194.2800,-38.4003,-114.1118,64.5582,-234.2771,12.7589,-269.7082,-150.5777,-58.6393,-1.1228
-357.1428,-198.7076,-227.4067,-57.6031,-113.6512,32.7956,243.4968,-56.6083,-12.7446,-117.5655,-7.4472,9.9926,175.5991,-130.4747,-27.5695,-200.2095,-128.6341,25.2855,51.6423
-309.4487,-196.2943,-240.6782,-63.6070,-45.0706,47.1675,231.0981,-50.5782,-27.1298,-79.0744,-34.3367,84.9515,167.0219,-51.9544,-55.6695,-162.3626,-98.7158,-49.2376,68.1871
-288.0539,-285.0926,-217.1931,-154.0732,-40.2834,-31.3644,166.2776,-124.3737,-45.4663,-105.0318,-31.8296,30.3638,117.4945,-74.7355,-54.1237,-160.0606,-136.8895,-155.6239,41.2284
-232.5128,-320.1453,-209.5524,-228.6729,-0.0354,-97.2514,106.8818,-145.2465,-74.0232,-127.4781,39.5518,-56.3897,100.5620,-124.7806,-61.0348,-141.7313,-202.3355,-180.5801,2.5915
-141.3115,-276.4816,-144.3553,-208.4705,46.6343,-96.4454,54.9540,-126.2324,-106.3963,-113.7899,122.6285,-51.0707,98.2818,-107.5119,-80.2404,-120.4566,-198.7346,-154.3091,-40.7214
-110.0199,-267.1053,-20.5107,-123.0334,58.2732,-56.2032,-5.2459,-131.2385,-203.7834,-101.9972,172.1645,29.2281,69.3363,-60.1226,-121.2906,-145.3049,-130.4079,-107.1918,-92.8411
-140.8017,-266.9447,57.7927,-42.2297,62.5264,-23.1361,-90.6460,-133.2287,-299.0521,-93.2256,189.8298,83.4371,26.5394,-52.2790,-180.8812,-183.6198,-57.1685,-44.7642,-135.7741
-97.5998,-180.0829,56.4005,14.7567,37.4506,-20.0957,-199.2320,-130.7145,-285.5546,-52.0659,170.5185,59.3893,-9.1758,-62.7947,-217.1569,-175.9582,1.0650,-16.6223,-177.3570
28.1483,-94.5081,7.5989,59.0787,-59.7982,-37.2291,-278.4370,-171.7780,-230.8835,-16.6481,108.2915,-14.0958,-57.5747,-64.7198,-220.7401,-145.2335,32.9842,-45.3531,-241.4739
78.6793,-114.7988,-74.2955,69.4995,-169.4019,-55.3419,-285.0435,-224.9109,-161.5766,-39.9769,34.6158,-67.7497,-121.4473,-90.6152,-203.3119,-156.3943,24.3242,-75.1872,-290.3824
16.7459,-141.0622,-155.4440,34.0034,-220.2083,-81.2508,-252.9679,-226.3842,-23.7641,-67.1515,-6.9766,-72.9751,-155.5921,-140.3122,-166.6872,-214.9805,-11.6318,-71.9221,-275.9989
-59.1791,-111.0426,-196.5504,-0.5599,-219.9773,-117.8480,-213.6464,-186.5225,63.1851,-38.0005,-18.3477,-84.2254,-130.2936,-164.0706,-152.4750,-251.6539,-60.6876,-53.5812,-218.8766
-133.7691,-142.3165,-217.0722,-3.6793,-155.2425,-109.9670,-120.7964,-120.9606,35.7428,11.0290,-36.6179,-137.4108,-52.1209,-152.7767,-167.9837,-213.1095,-102.5087,-4.3277,-135.2561
-226.6009,-242.1473,-235.3230,3.3402,4.0509,-14.2099,47.6996,-14.6956,74.4638,51.3264,-61.2089,-170.0320,67.6768,-122.8469,-129.0674,-144.2182,-88.2258,93.2454,-10.5621
-281.9912,-277.8509,-234.8017,13.3534,182.0329,99.3503,206.5417,89.9529,151.4086,75.9925,-60.3427,-134.2104,186.8404,-70.1885,-51.9039,-114.1471,-32.2065,165.3933,104.8286
-286.0392,-271.7864,-238.4034,13.1579,269.0690,139.1292,270.4402,121.2267,26.4741,38.4392,-51.0167,-76.7432,227.2939,-27.3195,-74.1822,-98.8240,-29.2898,150.2706,141.7410
-284.9669,-315.3721,-257.6262,-32.1620,271.6171,136.0902,259.9744,94.9101,-152.2033,-20.9501,-53.9255,-36.8877,177.6925,-36.9136,-174.5461,-42.9656,-75.9070,123.4312,135.0383
-262.5193,-341.6010,-211.1843,-70.7504,260.8850,157.1893,236.4612,79.9801,-65.1560,11.9738,-13.1702,-1.3571,121.7760,-41.8134,-200.4408,23.8995,-55.6065,158.2092,138.3902
-191.6585,-310.4804,-75.5007,-13.7039,249.7336,162.3839,198.7902,78.0239,92.0031,68.3992,87.2588,26.1617,106.3368,25.5635,-164.1958,41.0416,41.0618,186.6911,112.2698
-97.3301,-298.8215,25.5551,81.5067,196.7624,100.5342,112.2683,37.1832,-43.0156,3.9368,151.8133,37.2413,90.9638,107.2289,-174.4612,16.8720,106.9819,146.4839,26.9442
17.8859,-258.5830,29.8826,106.4490,89.3350,38.6575,11.1218,-36.9807,-291.0056,-87.0293,147.8299,55.3201,55.3443,145.6132,-202.4188,7.2618,108.5939,90.7500,-58.8973
129.9323,-111.5962,17.7380,89.7443,-14.4080,45.8633,-18.3920,-78.2702,-270.7823,-71.8400,145.4325,85.4961,22.7682,185.6696,-179.4500,41.6849,84.2631,49.5903,-102.8747
151.7624,0.2916,16.1839,88.0121,-66.6012,62.1162,18.7376,-79.4045,-78.6685,-52.4052,142.3839,105.6239,-20.4064,226.8104,-150.3002,84.3947,45.9704,-12.3079,-143.3112
104.9555,-22.5689,-16.5619,83.5504,-131.0469,12.1831,4.8839,-117.4897,-71.7889,-107.5877,107.5579,109.9784,-95.0452,202.5628,-172.3015,65.9421,13.6737,-67.3099,-223.9890
118.1177,-31.2948,-36.0772,91.5273,-273.2499,-56.5268,-111.5228,-212.8043,-255.1811,-146.4616,113.7396,92.9833,-159.0937,148.9778,-203.2879,-9.0020,21.0675,-52.8282,-318.6649
176.5137,31.2584,3.8267,142.1443,-399.3162,-52.3535,-234.1175,-261.9210,-343.1579,-147.2796,171.5565,53.8789,-185.0524,155.5941,-175.4029,-29.3503,46.7424,14.9004,-351.8113
163.8549,41.5991,17.3529,190.9986,-391.4330,32.1513,-269.9718,-168.9202,-260.5882,-126.2254,143.3309,41.3348,-216.9592,207.1954,-118.8324,73.9188,50.5111,91.0022,-286.1161
106.2595,20.4609,-60.5293,205.4152,-287.8581,136.7412,-225.1583,39.9538,-169.2916,-8.7172,10.6147,82.9948,-251.5131,248.3011,-122.4812,206.1885,34.0786,154.8232,-152.2760
84.6115,59.7413,-150.9977,193.8325,-152.1409,212.4301,-120.2443,254.5515,-121.4631,141.1309,-68.8867,105.0631,-203.9717,267.4470,-161.7007,216.2256,3.7950,168.1822,10.7942
54.7467,74.0245,-179.1723,138.7060,28.3768,249.8230,35.9694,372.0515,-60.6463,143.5495,-46.7193,51.0298,-73.6901,253.4047,-115.1572,88.0716,-36.9500,126.9001,157.6683
-26.5375,8.2345,-161.4440,79.7178,193.5581,266.3357,173.2885,368.8297,2.8670,89.9554,-17.5258,-2.0095,20.1467,218.9207,9.1201,-39.6762,-53.0330,111.2480,202.3139
-95.3762,-23.2037,-113.1947,119.4758,235.3310,278.0352,198.3122,309.8869,78.6510,197.1133,-7.3229,27.8845,22.8147,215.8770,74.6685,-44.6088,-14.3733,160.2755,127.6359
-116.8577,-3.4755,-37.0394,227.5299,202.4900,285.9292,120.1029,260.7645,180.7943,365.6617,16.3009,86.0745,5.5459,235.3524,45.8600,44.2397,56.3943,205.0569,60.8210
-140.2066,-43.4768,19.1347,266.2559,203.7898,290.4504,43.0923,224.3388,177.5354,372.5270,32.4558,82.5935,22.5212,226.9994,-3.6890,109.0341,99.0983,194.4903,85.8891
-179.2802,-128.4369,17.9706,206.5439,200.8150,288.4174,25.2829,187.2087,34.7445,242.5760,30.1873,35.2656,48.4005,208.1866,-37.5036,92.2725,70.2629,156.6997,119.1575
-182.2914,-150.4206,0.9092,116.2378,134.7092,261.4308,14.2012,148.3702,-3.2204,105.0866,53.7673,8.0592,55.0831,201.0737,-48.5761,45.0540,8.2849,128.8792,88.1680
-141.6901,-101.4912,22.3608,57.6025,67.1156,210.8979,-44.2397,96.1028,137.8494,17.1463,111.9212,-4.9901,47.1973,164.6390,-32.4750,48.1643,2.5420,120.5812,42.1207
-128.6303,-53.1566,68.0807,81.7898,42.0219,175.9417,-95.2874,35.6037,179.3166,23.5106,152.2648,-29.5565,39.9931,99.9604,-17.0308,99.9647,56.5861,119.9079,22.7980
-168.9549,-36.1832,92.3345,168.0428,25.1629,180.7194,-63.3800,9.4022,18.3569,97.4278,141.6271,-25.1892,47.4206,79.9313,-10.7983,116.3917,91.4671,118.7716,11.5050
-175.6811,5.2445,95.6610,230.7322,11.4449,211.1057,0.1044,38.3976,-130.3670,128.5880,106.1995,38.5114,60.7793,129.7896,2.0684,70.6961,96.4248,142.7381,4.2532
-90.4604,121.4591,111.4913,251.9548,10.2177,241.3297,-3.5548,84.8657,-174.9304,106.9713,88.5854,89.8474,46.5495,181.1276,-13.9899,31.2289,111.2361,185.4678,9.3234
16.4998,212.5443,133.2131,235.6979,3.1387,234.3463,-44.7551,85.2499,-187.3330,89.4729,86.6605,49.6477,1.3386,147.9189,-78.5120,22.8308,106.9600,161.0217,15.2773
82.7914,158.0412,116.3861,141.2712,8.4420,176.1622,-32.6177,13.1070,-159.7708,44.4414,56.2962,-38.6474,-37.0881,39.5794,-126.1737,21.8041,53.3834,52.3635,11.2704
135.5402,66.1615,43.7933,35.2226,36.4942,130.3711,4.3835,-67.6071,-106.0158,-30.5557,-23.8073,-72.8671,-65.6338,-25.3062,-137.9628,60.6444,-11.0619,-17.9146,-18.4773
171.1385,86.8861,-62.3176,29.3386,12.7118,144.6821,-30.4924,-75.6095,-126.4224,-51.5199,-121.8014,-44.8419,-124.9570,2.2935,-168.6652,117.9996,-79.4651,-3.4852,-92.6349
142.9161,118.2832,-159.7010,30.7482,-85.5235,145.3511,-131.1953,-54.6541,-205.0556,-43.6955,-186.7114,-34.9844,-208.4964,21.0929,-196.0096,64.3039,-177.6702,-20.5964,-188.4802
73.8025,36.5356,-200.9410,-70.7757,-159.8398,69.1683,-208.4083,-94.5191,-237.7874,-97.5045,-195.5818,-69.8632,-260.8074,-9.3732,-167.2776,-69.3313,-260.2834,-113.4045,-262.7318
10.1608,-58.0092,-191.0752,-142.0487,-178.6447,-9.6581,-223.2807,-145.3870,-221.2532,-152.0132,-180.3357,-89.7184,-274.2215,-2.7273,-137.8396,-79.3095,-278.7197,-168.0460,-301.2221
-60.8462,-81.1386,-191.3167,-87.9967,-209.7416,-15.6920,-200.0621,-121.8909,-184.1464,-117.4630,-190.5636,-74.2799,-281.3264,35.0129,-156.6158,21.5481,-265.8490,-118.0727,-293.1542
-133.6244,-97.0115,-193.8725,-40.5150,-235.9498,21.4828,-158.5385,-78.1565,-107.3451,-58.1688,-207.3990,-74.3577,-270.1854,15.5975,-152.9909,24.6253,-234.1275,-28.5586,-223.7007
-164.9520,-120.1846,-116.9776,-59.3502,-192.7920,66.6092,-110.4615,-67.5566,-47.4994,-44.8407,-161.9552,-94.2891,-216.2696,-33.2515,-85.4131,-70.6569,-159.8804,36.0135,-124.1308
-184.4018,-120.3796,2.9632,-67.2888,-134.7822,115.9631,-88.5337,-27.3423,-116.0639,-50.9736,-69.4084,-100.7964,-156.7035,-52.3786,-42.2726,-110.6473,-111.6438,75.0861,-50.9766
-262.6710,-136.7327,15.7660,-75.5805,-137.1512,144.8181,-113.6002,48.7712,-277.6308,-72.9156,-36.0219,-133.5387,-131.5024,-75.4612,-103.4813,-98.9167,-172.5807,77.1532,-14.5733
-373.2920,-170.3591,-94.8813,-113.7079,-146.4715,152.0041,-143.6005,81.9119,-374.8773,-117.6225,-100.4598,-217.3955,-112.7395,-101.7170,-219.2651,-111.5546,-265.6893,-10.2237,19.8464
-432.8600,-166.6340,-201.5485,-122.4893,-88.9978,185.1613,-112.1098,100.8157,-347.2179,-102.9330,-180.9380,-254.8333,-67.7233,-73.4734,-277.3055,-125.0198,-282.2608,-172.2267,84.0643
-442.5330,-147.5986,-261.6476,-109.5417,4.1573,251.7852,-19.6003,193.8338,-256.2110,29.1283,-206.3723,-202.0539,-17.8853,-12.7346,-236.9750,-103.5184,-286.7899,-271.5314,164.0679
-468.1984,-148.2266,-328.6951,-148.1905,57.4156,293.3593,55.1104,305.7472,-176.2418,169.7829,-210.1279,-178.1171,3.2148,8.7028,-162.1924,-68.9936,-375.8860,-239.3682,186.4372
-516.2007,-140.3154,-400.4747,-218.8404,35.6684,259.3741,36.7910,307.2012,-193.7783,162.7998,-257.2457,-239.3018,-15.1695,-36.9840,-128.4032,-71.4285,-471.0749,-211.1104,106.5005
-535.1926,-147.1115,-437.5583,-265.7718,-36.1977,160.6877,-71.7052,193.4400,-337.9042,23.9985,-334.1205,-284.0327,-66.6679,-123.6331,-147.1918,-134.3555,-463.0816,-278.3993,-3.3314
-518.3667,-211.3375,-443.4154,-280.9357,-97.3063,67.4482,-194.6919,70.4929,-433.3026,-74.2864,-370.8115,-263.7303,-132.2632,-162.4825,-195.8457,-165.0286,-398.6454,-307.5606,-59.8685
-490.2457,-249.9492,-421.4164,-245.5863,-120.2651,27.5615,-259.7092,-1.3043,-312.6411,-57.2515,-344.1969,-232.9818,-198.3555,-110.5884,-252.6723,-71.0002,-333.8400,-222.2807,-99.1366
-423.0790,-184.4684,-346.9951,-161.1329,-130.4309,-15.8147,-259.6830,-77.5078,-155.4938,-53.1509,-282.2433,-206.6224,-256.4812,-94.2577,-293.8283,18.3578,-217.5861,-171.4212,-177.1214
-302.3835,-109.6568,-225.9978,-105.4455,-137.8137,-131.1729,-229.3011,-225.3924,-213.1215,-155.4712,-202.6295,-180.2442,-275.2441,-204.8148,-311.5421,-41.9024,-87.7115,-230.6500,-255.2926
-209.8275,-136.8294,-118.2385,-140.7478,-134.9706,-266.4627,-199.3078,-378.9475,-341.8156,-257.3722,-135.9813,-197.2443,-248.4911,-315.7235,-319.7476,-129.5446,-102.8717,-273.5106,-294.2039
-197.6252,-223.5780,-88.4504,-242.1169,-156.2353,-330.2188,-204.1430,-409.8330,-275.2556,-252.5657,-133.8739,-268.2580,-249.9447,-329.3017,-320.0526,-128.4373,-247.4365,-228.2964,-315.9791
-198.0130,-282.5918,-133.3733,-332.4084,-224.0597,-315.2995,-269.2192,-329.5468,-116.0038,-198.1135,-166.5465,-343.7551,-319.4745,-320.9872,-309.0542,-138.1811,-326.4154,-152.2995,-316.9065
-176.3522,-313.5947,-177.6164,-345.8667,-273.7846,-256.5359,-362.0775,-257.2605,-133.3930,-175.4481,-143.7570,-385.7603,-371.5653,-312.5942,-314.8063,-168.7153,-303.8937,-75.9641,-278.6888
-203.6267,-346.5073,-187.1408,-300.5450,-240.9647,-177.5995,-423.4927,-225.4328,-324.4061,-176.9707,-89.1081,-371.1693,-342.9656,-245.5157,-354.0892,-112.3307,-297.5787,1.5691,-242.6498
-299.3326,-356.8099,-210.7764,-261.1924,-155.9676,-104.3959,-433.0412,-189.5073,-452.9193,-168.2878,-107.1008,-293.8772,-292.1043,-163.6859,-370.1779,-49.2952,-296.4975,60.1863,-222.8710
-384.2201,-313.5984,-250.6439,-215.2335,-72.6017,-50.2265,-390.3605,-155.3656,-381.4634,-147.7388,-176.5813,-206.2482,-260.0034,-141.6178,-307.5103,-95.1096,-223.2122,103.6261,-156.8129
-407.4445,-243.1898,-243.4176,-120.4702,8.6899,-8.3127,-297.0732,-142.4693,-237.9096,-149.6400,-186.8306,-155.9898,-212.9253,-151.5720,-222.4172,-144.7631,-128.0734,155.9069,-47.7481
-381.2946,-171.9093,-198.7017,-13.5009,87.5089,37.7062,-191.9952,-104.3798,-197.9114,-182.1051,-130.0969,-114.6928,-159.6667,-138.2310,-199.9306,-108.5175,-72.9064,216.3216,21.1833
-326.6812,-100.8346,-141.8448,65.2836,115.2082,109.3751,-133.1690,-9.2605,-202.7245,-179.3179,-72.0564,-64.1288,-152.1347,-93.4654,-212.0793,-60.0513,-28.8678,248.8095,42.0598
-262.9503,-89.4197,14.5418,106.4962,52.2845,162.9999,-151.5764,67.8564,-187.3180,-144.6862,-26.9706,-54.9992,-193.5801,-60.8764,-212.2940,-41.6483,-0.8475,189.8687,46.4964
-213.7420,-182.6495,266.4698,70.7727,-70.9139,100.6965,-243.4601,44.5610,-324.7474,-201.5004,4.2319,-95.9696,-256.5515,-87.6659,-257.0661,-42.3381,-29.1842,60.1678,-1.8510
-197.2005,-245.3556,372.0180,-3.1747,-182.1223,-20.9917,-338.6617,-18.1827,-563.9611,-299.8446,1.9727,-99.8400,-308.9732,-105.8543,-343.1388,-56.6963,-77.0764,28.8112,-89.3861
-199.5205,-137.5107,215.7104,20.9099,-239.9572,-17.9999,-338.1954,-7.8030,-500.7041,-217.4672,-2.8062,-17.3756,-304.0284,-24.2897,-331.8323,-23.0651,-95.4184,154.9053,-126.5328
-166.7472,10.2070,32.0454,112.0272,-268.7170,67.6861,-288.3720,19.6541,-199.4410,-38.6753,32.3828,68.7174,-254.9580,42.3950,-228.6513,58.8540,-109.1703,225.4112,-155.2787
-93.1947,-6.6810,-0.6992,83.9352,-320.4731,9.1743,-348.5005,-81.5298,-213.6265,-83.8826,62.8430,59.8299,-251.7528,-45.7252,-224.9111,51.5806,-143.1065,105.6978,-289.7443
-70.2883,-153.0494,-15.3237,-66.1367,-406.7846,-172.7514,-504.3394,-273.2958,-508.3592,-297.4868,26.5569,-17.7579,-317.1756,-168.0090,-332.9901,-61.7219,-176.8739,-38.7065,-452.5925
-135.7560,-283.2129,-118.3620,-181.6055,-481.5585,-259.1811,-586.8217,-392.6404,-544.0192,-365.8470,-45.2220,-71.5493,-373.3547,-187.6054,-369.3034,-134.0163,-193.4736,-62.7941,-497.6464
-196.4410,-352.7635,-216.3416,-223.1162,-492.9837,-222.0060,-579.0944,-409.3192,-349.6535,-300.5304,-91.0641,-76.3980,-377.9727,-180.2273,-306.1364,-132.9280,-200.0434,-5.9708,-463.1003
-204.8829,-366.5970,-271.9606,-231.3729,-433.3196,-157.2460,-572.6011,-374.5749,-306.9919,-265.7550,-115.3246,-59.6741,-348.9458,-174.4069,-248.7846,-116.7383,-222.9259,110.6052,-424.2159
-221.9371,-348.4305,-346.6950,-209.2365,-332.0006,-65.0188,-524.1780,-275.9079,-318.5964,-190.0266,-151.1362,-34.1432,-289.5852,-94.7191,-200.4913,-68.5058,-278.3035,265.1394,-340.1927
-267.6200,-366.9783,-411.1557,-187.2605,-220.8668,19.1578,-383.8257,-148.8909,-171.8363,-41.3103,-199.8282,-21.4467,-210.9142,-20.3331,-154.4012,-7.9071,-323.3700,326.3514,-219.4148
-312.4616,-431.1880,-409.8459,-197.9475,-112.2335,-3.4214,-260.7122,-101.8155,-54.9299,1.6664,-236.7630,-43.4162,-157.8695,-60.7297,-165.6599,-2.6956,-296.6137,252.0598,-140.8424
-353.0930,-461.1107,-382.2914,-207.1392,-5.0273,-81.5735,-222.5102,-120.7087,-123.1807,-98.1412,-239.5444,-65.9289,-152.3797,-119.8814,-192.2552,-14.8087,-209.4397,167.6255,-86.1842
-363.9861,-426.6239,-355.2054,-201.9768,73.7558,-97.6920,-194.9548,-99.3333,-213.1950,-180.7224,-227.1043,-57.0678,-180.8868,-109.4915,-157.4584,-0.6379,-133.9152,122.3142,-9.8646
-323.3000,-380.1473,-316.3145,-208.5204,63.7926,-91.2965,-151.1385,-37.4873,-168.7082,-171.5773,-256.1508,-51.7226,-223.7049,-106.9961,-115.2980,-8.0212,-120.6863,47.3748,48.3163
-294.2385,-368.0649,-319.6971,-213.2003,-34.9925,-138.6093,-124.2110,10.0538,-19.6667,-97.7755,-327.5975,-72.4468,-253.4402,-144.1662,-113.7725,-32.0868,-154.8549,-56.8215,72.3332
-309.2774,-397.3820,-403.0169,-210.7805,-122.4319,-197.2374,-90.7781,46.9254,98.0485,-2.4459,-365.1794,-91.6116,-262.4443,-154.6395,-100.0961,-41.8166,-169.2249,-127.4999,85.9865
-297.3458,-441.7336,-482.6966,-226.9352,-127.3187,-224.0175,-51.0036,59.3111,111.5997,50.9944,-342.8612,-104.0222,-277.5958,-141.0380,-77.3889,-87.9790,-127.9066,-152.3266,62.2711
-248.3972,-475.6330,-482.3035,-243.1665,-80.7119,-238.9787,-49.7372,15.0868,162.9711,73.1055,-312.5844,-120.6199,-283.5237,-159.1010,-93.5440,-146.3339,-84.3878,-156.1689,17.4536
-243.1376,-519.7151,-417.1435,-250.2553,-4.8015,-238.0593,-32.4452,-32.8245,365.5770,129.2287,-275.8709,-130.3148,-215.9922,-203.3406,-102.4421,-109.2216,-90.9783,-153.5611,39.7343
-290.4506,-588.5418,-319.4180,-292.8567,113.4588,-205.8464,72.9842,-28.4953,519.2603,162.0567,-198.9263,-142.5630,-91.4994,-224.0199,-56.6573,-38.7504,-122.0342,-133.3445,94.9503
-327.0555,-637.6640,-238.8623,-346.9948,213.5593,-166.4794,175.9784,-27.8054,447.2161,94.2356,-136.7887,-168.5993,-16.5323,-198.0168,-3.8723,-75.5746,-144.4650,-83.9844,67.0747
-310.3386,-635.7277,-225.6285,-341.9842,222.2288,-140.2632,182.8620,-81.0478,310.9685,9.0608,-148.2049,-167.8796,-26.9710,-161.2489,22.1346,-160.4114,-148.7027,-50.9721,10.5024
-228.7529,-600.9055,-220.0421,-313.8452,189.0419,-128.4869,176.1904,-128.4716,276.1223,-27.8996,-167.4085,-128.0102,-54.8885,-169.9206,36.5138,-175.6432,-109.6402,-76.3618,52.3099
-133.1521,-547.2383,-144.6045,-309.4213,179.5827,-137.2711,214.4204,-120.4502,269.9004,-81.2065,-132.6198,-99.7465,-64.4027,-213.9689,36.5156,-166.2573,-32.1199,-95.4492,123.5807
-97.5781,-490.7657,-76.4768,-254.9980,155.0266,-149.6701,194.7036,-110.7031,187.2345,-146.2706,-103.5916,-83.5410,-88.9461,-228.4135,30.2463,-192.7377,33.4591,-49.6786,80.4763
-84.8154,-463.6538,-106.5151,-127.7327,94.1780,-139.1490,84.3177,-155.9527,23.7741,-155.8426,-134.1899,-48.3975,-140.1011,-197.5844,44.2894,-202.6992,75.6280,-13.5929,-32.7449
-28.6121,-472.9029,-176.3819,-58.0721,44.9292,-142.5032,17.4893,-224.4055,-112.2805,-160.4748,-190.4809,-46.1395,-190.1035,-179.6036,56.4111,-160.8477,101.0247,-56.8682,-77.7304
5.3644,-509.8223,-233.1642,-115.0274,-10.1554,-219.5485,44.6157,-262.0082,-73.0805,-221.4867,-236.2739,-118.9048,-234.9266,-235.3763,30.9095,-122.2915,71.3330,-134.2744,-59.8844
-37.5678,-556.8330,-304.0300,-196.4177,-123.6792,-335.8622,51.9205,-276.7605,70.8504,-276.8160,-253.1373,-194.0301,-286.2216,-349.6645,-4.0343,-141.0560,-0.9179,-196.2058,-82.6085
-75.9185,-557.6022,-343.6194,-203.6106,-235.7602,-392.9958,1.4930,-298.2496,94.2990,-287.6742,-215.2768,-212.7014,-317.7460,-423.7699,-1.7719,-195.2591,-19.1100,-236.3981,-147.2852
-73.5543,-499.3625,-279.7513,-156.3745,-249.4381,-365.9709,-11.7290,-316.5538,10.9201,-310.9113,-143.7325,-204.2846,-299.5656,-400.3368,24.6009,-223.2176,37.5338,-239.2563,-174.9573
-91.7993,-464.6462,-162.4872,-112.4839,-175.7766,-312.5918,20.1876,-320.5329,-31.3595,-357.4216,-91.9954,-185.9213,-257.3116,-351.0907,17.2798,-211.3549,83.8753,-206.6591,-171.2153
-128.3422,-481.2308,-57.7073,-94.1475,-82.6009,-267.6819,4.7597,-318.5056,-62.9785,-356.3596,-56.0090,-164.9632,-227.2504,-354.8315,-48.1600,-193.1254,76.6425,-166.1572,-177.2733
-145.8042,-485.0098,47.7548,-103.3140,-1.7130,-214.8937,-31.1451,-277.3056,-65.8519,-264.8493,-4.9183,-183.5926,-196.0458,-384.6591,-115.9707,-170.8432,49.8294,-120.2784,-122.9953
-155.6508,-478.6086,139.9935,-126.8226,72.3998,-135.6162,30.0402,-155.1328,92.1953,-122.2770,49.8612,-216.4635,-138.3437,-376.8595,-114.6569,-126.6862,46.4889,-66.2375,46.2468
-141.2457,-502.1716,182.4652,-123.0861,159.4523,-29.2270,158.3601,-14.8977,252.3714,-15.5960,91.6140,-171.2335,-63.3310,-309.9417,-55.5993,-75.0874,83.4775,-16.5334,205.4696
-83.9194,-511.3252,198.6163,-76.7613,242.2840,76.4522,219.6666,38.9768,166.7870,-2.2724,115.7285,-72.7274,-4.9849,-226.0050,-0.5134,-30.5713,123.8819,28.7790,239.8678
-48.7396,-483.9954,193.8640,-49.1026,252.6855,130.5782,210.2897,26.0387,36.6055,-46.9621,100.1575,-45.5689,-4.6331,-202.8040,27.7013,1.7144,109.5608,59.5042,222.1215
-68.8808,-485.4810,139.3226,-86.4716,187.7089,129.5060,218.0032,39.9200,127.3637,-60.9797,54.5258,-96.1924,-58.9262,-225.5108,32.5944,-4.1610,59.7541,54.4278,230.6138
-83.2414,-528.6769,89.5183,-138.9205,152.5031,123.6359,240.4922,76.2572,224.9310,-27.4251,41.3398,-121.9358,-77.3728,-204.2783,14.9322,-43.7560,41.9543,31.5688,227.5378
-70.9666,-563.8549,103.6328,-169.4240,190.0527,108.9551,231.6917,60.5610,112.4575,-33.5479,69.5814,-101.9681,-5.8967,-203.9666,-5.0752,-65.1965,47.4754,4.3174,193.1510
-60.3184,-576.2738,104.8265,-224.6486,198.6447,42.7736,207.3440,-2.9628,16.1293,-109.0471,68.7473,-91.2288,54.5237,-361.8850,-4.6618,-55.4480,14.1394,-52.4077,146.7185
-45.9974,-557.3633,25.8843,-303.9372,101.8569,-29.0701,181.7537,-45.5345,90.6254,-133.5160,13.7135,-91.6279,12.1556,-567.0919,9.6011,-45.2370,-61.7304,-115.6277,67.7885
-40.8070,-502.8679,-51.7906,-322.3618,-31.9952,-53.1526,132.0830,-58.5105,95.0594,-58.8714,-30.6329,-79.2518,-50.7858,-629.1219,23.7563,-51.5269,-125.0298,-139.0081,-38.4619
-70.7806,-458.8631,-52.8075,-267.8144,-94.7621,-103.6799,75.0672,-90.0647,-74.1969,-40.1632,-4.3025,-82.5637,-38.2234,-631.5817,34.7908,-84.5287,-139.8769,-158.0682,-117.8272
-96.6754,-446.6187,-21.2760,-228.7771,-62.9096,-215.6825,53.4378,-140.0345,-149.0532,-135.3886,71.7653,-128.1630,14.0561,-713.4102,47.2822,-127.5908,-130.7192,-197.0515,-163.1702
-104.2611,-445.9206,-12.7023,-247.9302,19.6448,-244.3003,57.7597,-155.3996,-52.0403,-179.1732,117.1805,-179.4150,63.8833,-781.7509,70.2331,-127.4333,-143.2959,-188.3060,-188.7159
-157.8052,-484.4040,-25.5872,-282.3478,121.2533,-101.1114,58.2637,-117.2792,-78.1186,-130.9877,89.8702,-189.8306,119.4955,-736.8600,83.6728,-91.3564,-173.9229,-118.2245,-174.8709
-247.0974,-567.3629,-40.6356,-292.0951,227.4403,83.4564,58.0024,-56.7966,-268.8680,-118.9213,50.4529,-159.7961,140.7749,-640.3479,46.3280,-74.7330,-188.4583,-64.8158,-141.5907
-279.6160,-608.5146,-40.0295,-281.2514,291.2163,174.6168,58.5847,-9.7316,-270.4205,-107.4479,69.3871,-117.1720,88.7573,-553.3668,-14.7631,-56.5360,-190.5606,-52.8378,-132.9130
-251.7063,-580.4888,-22.4744,-272.0154,268.3254,181.9318,46.3879,-3.6846,-53.9658,-20.9472,108.0668,-87.1218,21.3904,-491.4190,-26.4709,-14.7678,-193.8035,-51.6821,-116.6874
-229.4285,-554.5957,-8.6626,-276.9885,198.8580,151.1582,31.3034,-35.8747,-9.9241,-0.8177,97.7970,-82.8308,-0.4973,-467.5221,-7.2382,-22.5702,-185.0723,-51.2727,-50.7514
-224.2838,-555.4108,2.8779,-292.8327,152.9083,102.2726,34.0773,-49.6877,-156.5533,-89.9941,67.2965,-101.5190,3.2338,-448.9569,-30.4684,-82.8405,-175.3133,-45.9680,24.8957
-222.7325,-566.3423,29.6017,-308.8816,113.3344,46.2733,40.0868,-12.6303,-130.2935,-84.0669,65.9270,-131.8669,-13.0794,-418.7547,-73.2070,-81.4251,-186.7847,-56.7006,56.3851
-226.2351,-578.7094,47.1771,-307.7866,14.9067,-28.4540,14.6472,15.8945,29.5953,34.7315,56.8548,-156.9608,-81.7963,-416.8107,-65.4391,-22.3045,-187.7870,-128.8971,28.4757
-218.6060,-537.1937,24.2031,-271.9235,-141.6965,-117.8385,-46.6378,-19.8665,0.1985,68.2091,0.2908,-152.6286,-190.6193,-423.8241,-26.7917,-39.1406,-152.6896,-225.6044,-57.1139
-188.0226,-429.2610,-12.2284,-209.5146,-296.5339,-190.1403,-112.2961,-93.4117,-126.4137,12.1887,-61.2224,-120.8445,-258.1266,-407.7099,-16.5939,-146.0005,-116.5959,-277.7285,-170.7442
-145.4185,-364.2189,-22.8092,-152.4508,-397.4790,-274.4011,-149.1889,-177.8400,-79.3574,-30.4682,-72.9395,-110.3937,-239.6610,-433.2366,-26.8764,-224.0019,-95.4841,-319.3072,-274.7653
-95.4312,-368.6543,-9.4835,-122.8088,-417.2556,-406.0984,-145.7538,-277.9698,46.9078,-94.2689,-29.3542,-153.2857,-185.2936,-496.8246,-14.1910,-219.2701,-70.1704,-374.4638,-353.7926
-57.3700,-329.7545,25.0057,-116.6842,-344.2393,-479.0627,-105.9805,-346.6257,66.4757,-154.6912,48.1253,-208.8450,-106.7670,-471.9307,26.0589,-184.8365,-51.1899,-358.2392,-369.0948
-66.7778,-249.2470,82.0804,-108.7139,-183.6397,-377.0557,-41.4269,-312.6970,21.1234,-99.2652,112.5850,-216.4008,22.7374,-355.8739,52.1796,-169.3104,-51.3360,-248.9548,-296.8292
-106.4319,-231.8827,113.0072,-85.0880,14.0723,-179.0456,16.9676,-200.6490,-56.0536,-3.9924,111.0071,-167.4550,115.3938,-255.0126,19.8557,-154.6895,-55.2646,-138.9924,-218.8500
-119.7211,-249.6989,74.1339,-78.3214,153.0630,-16.7222,27.9473,-107.1582,-193.3896,-20.3922,66.2449,-100.6642,81.6645,-161.4892,-54.8288,-111.9085,-53.4138,-69.5616,-197.4597
-90.7506,-227.5302,28.3986,-111.8390,199.4040,102.8665,-7.4360,-82.6682,-273.8824,-98.2323,59.6161,-53.6673,19.4074,-53.2098,-95.1355,-72.3001,-24.5788,-24.7815,-156.8945
-35.1125,-203.0959,63.2203,-137.2986,235.2945,183.8479,-31.5886,-107.7602,-177.2072,-119.1349,104.3496,-24.6068,32.8128,-12.2686,-61.7212,-75.4716,52.2677,-2.9420,-63.1356
31.8595,-199.1282,143.8779,-115.1555,299.3452,191.6803,-10.1650,-144.7005,-14.0754,-92.6854,140.4549,11.3333,50.3591,-43.3619,-8.7986,-97.2068,118.8871,32.8988,-15.7708
73.0830,-173.1696,181.3102,-79.5548,298.9459,169.3858,8.3185,-171.9524,22.1325,-86.8098,144.8585,38.4220,12.5915,-53.8950,-6.9995,-111.6654,112.0925,112.2464,-44.2128
59.3132,-146.2078,176.2134,-52.3419,200.2295,173.2574,-26.9951,-190.0972,-87.2131,-125.4770,140.2536,17.7877,-18.1398,-38.6526,-56.0829,-126.7053,87.9157,171.2015,-68.0224
25.3413,-147.3330,165.9606,-19.6784,104.2021,164.2641,-78.8156,-202.8419,-192.1155,-161.7008,127.9639,-17.5174,-29.9941,-25.1187,-107.7553,-122.8455,108.5486,164.7745,-79.9251
26.5140,-117.9784,137.6715,0.7820,38.9604,113.7239,-103.1529,-204.9553,-198.9573,-144.3042,98.4099,3.5722,-84.3330,23.4548,-136.4275,-97.9531,127.6574,131.5558,-131.4637
64.1101,-39.1927,106.2888,2.3791,-75.1574,32.3877,-149.4060,-207.5183,-202.9027,-132.6946,71.4114,58.7479,-163.7126,76.6722,-149.4415,-118.2544,108.7744,68.7604,-208.1257
98.1250,17.4364,132.2290,14.7979,-218.9575,-121.6775,-255.3233,-237.4483,-296.6873,-189.6396,77.4836,66.1014,-189.7407,42.1970,-153.1419,-192.3775,83.7133,-50.6361,-268.4449
109.2483,33.3950,190.1391,14.4707,-292.5372,-317.7388,-336.9420,-278.8483,-379.5668,-217.1148,117.0665,21.9680,-141.0664,-33.5982,-152.2866,-232.3584,56.9477,-157.3707,-284.5859
107.2169,37.8663,185.6655,-36.5041,-306.6212,-376.5943,-319.0065,-261.1483,-351.0856,-135.1521,140.9140,-18.7795,-66.1249,-13.9427,-163.5457,-205.7850,7.9594,-177.2220,-215.0292
76.9706,-7.1421,116.8893,-92.9031,-320.3385,-242.1333,-244.3811,-138.3823,-274.2122,-31.1082,95.1512,-38.8844,-23.8863,104.6975,-178.0715,-156.0079,-54.1775,-141.2481,-57.9184
-9.9837,-116.4575,61.7099,-122.8555,-275.6580,-56.8769,-142.2882,55.1337,-181.3908,49.0292,11.8772,-41.8179,-8.4656,216.6192,-144.0350,-97.9688,-117.2406,-91.1787,120.8189
-98.5514,-176.8232,42.1813,-159.5973,-101.3009,109.8424,15.0966,234.1550,-58.3812,141.0569,-23.8318,-22.9289,41.8912,281.7425,-54.6589,-33.7562,-163.2372,-24.3249,260.5013
-87.1790,-112.4736,28.5964,-176.2296,114.4099,239.3585,153.2874,317.7623,-36.8161,176.8320,-12.5365,-6.0503,111.8887,329.8174,2.8968,12.7935,-154.9870,38.6010,319.5501
-2.0795,-19.3257,16.0604,-121.0473,219.9690,207.4102,145.0094,283.6149,-168.2666,111.8747,-15.3432,-17.1591,110.2959,367.2202,-35.8027,28.7276,-97.7768,69.9108,271.1850
35.6044,14.8206,21.2298,-44.5289,199.3092,48.6612,39.5246,199.5222,-205.6127,69.7586,-16.9314,-16.3874,47.6025,386.8159,-118.7915,6.2300,-34.3636,86.6182,179.1385
22.0132,49.5994,50.0081,0.3053,159.3453,33.4324,-8.3062,154.3499,-48.3551,95.2573,22.2806,46.0289,16.5392,401.1691,-162.8405,-45.3493,29.2438,102.0323,160.0455
41.5091,125.6952,77.8162,39.4800,163.5558,177.3930,16.8326,145.4108,27.9092,79.1225,50.8436,122.4796,9.7912,393.8109,-149.7821,-70.7340,94.3219,96.5090,214.3861
82.0350,171.7530,62.1927,69.8065,173.1407,193.0479,29.7812,108.4125,-77.0720,19.1830,23.0729,121.2422,-29.3022,329.7106,-106.3988,-45.8745,129.3948,72.8556,232.7643
92.0639,175.5489,14.9336,68.1461,143.0160,52.4726,4.8382,44.4026,-132.8279,-7.1124,-3.3819,53.9512,-71.6085,252.6217,-75.9265,-16.7346,127.1995,67.6036,172.0763
105.4629,216.3167,-0.1126,76.3228,87.7634,-11.4804,-51.0001,14.9919,-109.6262,-27.6546,17.1940,22.8033,-85.8645,234.2727,-101.1277,-9.4751,113.3125,91.4164,97.1934
142.1144,287.4823,14.8613,118.3861,32.4068,3.6272,-133.7108,33.7903,-163.2472,-49.6911,39.6433,64.8287,-99.4419,230.2322,-163.5099,-18.4614,96.7012,105.2908,59.8876
144.4835,312.4008,-5.3681,152.3136,-36.2166,-62.9829,-202.1804,46.8422,-227.2029,-20.2499,22.4903,119.7487,-110.0998,158.9803,-201.6258,-47.1870,80.3238,59.0663,23.7995
113.1184,293.0721,-56.8074,149.8342,-137.4809,-195.5172,-232.8251,-2.2753,-226.5766,-26.1666,-11.5005,149.2021,-104.3414,63.8816,-223.0966,-66.9957,70.5349,-63.5037,-64.7951
123.3279,260.1507,-89.4773,96.1386,-245.1956,-298.5847,-259.2104,-105.5471,-259.1870,-152.5767,-27.1482,168.7132,-109.8974,27.4137,-278.0482,-45.2516,49.8463,-213.7543,-164.0978
165.7168,201.4527,-119.3465,-9.3486,-286.2824,-337.5975,-276.7383,-166.3410,-231.6340,-217.8921,-25.5927,170.5281,-106.8334,41.4829,-329.9090,-11.1381,0.0847,-286.9247,-171.6146
153.0198,146.0171,-163.9441,-95.9972,-197.2012,-264.0135,-225.7126,-106.1582,-11.7457,-67.2044,-25.9959,132.7837,-28.7917,75.4591,-301.3401,24.6373,-61.3751,-222.9652,-76.0663
88.5702,144.9157,-167.5237,-114.1884,3.2711,-83.5365,-94.3394,6.8111,115.5016,102.0404,-15.4441,85.6412,103.2085,121.0870,-204.0536,86.9520,-97.3638,-95.2596,31.7795
59.5517,165.6474,-107.0169,-113.1592,213.3278,91.2595,65.5766,65.0401,-48.1972,86.9078,35.1990,74.8564,215.6498,149.0083,-98.7341,127.0106,-76.6041,-5.1728,98.6204
81.0977,169.0583,-32.9379,-100.6993,347.6172,217.0099,189.6727,93.6795,-142.2488,14.9418,101.3081,96.3692,298.9807,161.0290,-13.0601,102.6372,-3.2990,69.3816,143.1796
100.4334,190.4798,41.7946,-16.5747,408.8660,330.7960,227.6028,154.9023,26.1296,49.8997,140.2803,127.6059,355.4902,216.9582,32.6924,90.8026,77.7081,185.5146,179.4628
124.0093,247.1145,135.0508,113.3512,432.5402,393.3544,197.7251,216.2353,136.6136,143.4640,172.9420,173.2857,358.1016,321.3100,31.2030,135.0809,144.8916,287.5979,201.8700
188.1826,324.5266,194.8039,215.5832,413.3020,360.3449,179.0676,248.4011,106.8811,225.8586,207.7136,236.0056,323.8243,396.0484,20.1236,172.7294,209.3810,300.6841,207.4428
250.9376,435.6992,162.6174,283.4553,341.5049,284.2370,187.4172,273.1186,149.4371,282.3125,184.7583,279.0681,289.0090,389.8677,27.3127,187.6936,246.5883,250.8789,200.8764
260.5093,528.6555,92.4859,310.6200,263.0061,206.3525,175.8573,269.3835,161.3077,260.5385,117.5947,264.4668,245.0654,320.5653,49.5354,204.5608,235.5417,190.5581,203.1128
249.5438,493.8196,77.8327,287.7431,221.0005,123.4403,156.7448,215.9794,28.0197,183.4509,107.3701,225.2335,202.6531,237.0335,90.4131,197.0859,224.9565,137.7389,209.5782
239.7966,391.3351,113.6519,279.5822,176.1667,55.2951,157.9213,162.5677,15.2731,170.9595,148.3760,238.7130,204.7442,184.3732,124.1390,168.1313,236.9643,101.3230,160.6774
188.1627,394.4019,125.6817,310.4417,74.8673,1.2774,128.0967,134.0123,186.2492,206.9398,143.6846,295.3604,224.9181,173.7052,100.9194,157.0329,212.4392,56.3692,52.4982
110.1484,456.0389,87.1408,294.1464,-44.0446,-56.5813,36.8169,108.5202,222.6368,187.0256,87.1060,290.1651,199.3009,187.0071,50.4253,151.5590,133.8878,-25.9098,-11.6041
91.7925,395.9654,28.8170,212.3685,-101.0125,-69.6840,-51.7190,107.5246,78.0445,163.2283,22.3216,198.1762,148.5938,199.3794,36.1721,159.8996,54.7704,-85.4162,9.3212
145.1356,279.4313,-33.6062,156.3191,-88.1165,0.4667,-87.9928,143.4352,6.2051,209.0368,-54.0229,121.8637,131.0987,181.2894,31.9977,226.6265,-3.2394,-53.5371,25.7135
197.9564,302.8662,-95.6922,153.5709,-52.1666,95.4913,-84.9439,168.2094,64.4311,247.5144,-109.2095,113.9157,136.8112,143.9448,5.5877,297.9463,-43.3746,21.7590,-3.2766
197.0249,414.3489,-113.9308,153.8871,-20.2487,165.1041,-63.6770,175.8991,135.8946,249.2564,-81.3477,117.4281,130.0984,156.9999,-0.5886,293.4196,-51.4584,70.0355,-17.8351
137.9917,436.0975,-75.8447,137.7441,-0.2666,216.6863,-58.3988,202.3956,136.3139,278.0136,-13.1480,107.0620,112.7057,236.7629,20.8410,250.5303,-42.7478,96.5656,0.5606
74.6830,392.8802,-70.9664,117.6378,0.3471,240.0520,-93.6488,233.8561,64.2772,296.4886,8.9812,120.8505,88.6826,317.3003,40.2897,217.5751,-44.0853,115.5902,23.5447
91.5241,396.6670,-132.0784,118.8467,-11.2712,229.3690,-122.6691,258.2159,75.3375,262.4033,1.9314,157.9989,48.7372,374.7807,81.0841,187.6782,-26.9329,135.2316,56.3573
180.9134,421.5938,-107.5098,177.1685,-17.3697,221.0577,-102.0157,293.1537,249.3061,254.0263,32.0260,184.3631,8.0328,415.6492,127.5676,190.5746,43.7421,186.7990,100.7440
247.1225,420.4773,99.5523,280.6031,-6.7272,226.0416,-68.3205,308.2264,338.8332,282.7387,100.3406,202.9646,-8.8398,396.6390,104.8732,229.2949,146.8072,254.8846,139.9379
265.1861,436.0990,322.2401,365.1069,20.0760,212.3879,-44.0874,278.4151,204.1936,277.1137,158.1269,229.8414,-14.3012,333.3329,58.6299,223.9155,238.2384,277.0858,176.1087
276.1535,482.8261,386.5897,397.1383,35.5443,152.9109,-4.1117,242.0268,100.2102,255.8672,179.0539,253.7258,-30.7672,320.5028,96.5611,168.3245,277.6437,245.1735,169.4302
273.7353,514.0793,355.0468,389.6997,-8.7947,32.9395,13.0064,184.3525,147.1206,226.4901,180.7014,259.4135,-44.4253,338.1451,163.3340,141.5504,234.0416,182.9382,44.0395
255.5717,509.1201,315.2091,351.5297,-121.3713,-124.4325,-62.7936,50.8769,160.5383,134.3376,169.9187,245.6068,-41.1386,297.4596,153.9372,143.7328,123.4544,82.9935,-145.7573
256.3553,466.3441,215.5369,273.1431,-242.8314,-251.5404,-183.8912,-94.6611,118.4473,48.7910,111.3968,218.9692,-41.7260,260.1273,125.9714,130.5527,4.5966,-42.0334,-240.0824
241.3961,387.7420,62.8468,147.5723,-316.1584,-319.8608,-236.7609,-150.1986,122.1618,48.9909,13.9991,189.8931,-51.1526,319.0604,171.7229,114.7784,-78.6782,-156.9487,-206.8295
166.4449,306.0310,-23.4464,-2.2612,-344.1303,-346.7997,-213.2282,-135.2553,105.3817,33.8582,-41.6636,157.1186,-41.2373,400.1751,256.5143,108.2086,-121.3620,-261.5353,-138.2391
118.2609,237.9136,-25.4387,-123.8696,-343.9779,-312.8234,-196.1161,-103.8821,57.3476,-32.5922,-38.2352,110.1417,-18.1561,413.6716,305.7149,103.1321,-145.3517,-338.8677,-68.1342
166.3890,170.6604,-21.7587,-183.3610,-298.7414,-207.2237,-210.1563,-60.0742,103.9696,-26.1920,-35.7519,64.9615,-12.1160,388.8059,299.6833,114.3077,-164.1857,-333.3614,4.4114
207.1727,129.4763,-9.8095,-188.3255,-200.2509,-101.5939,-191.8364,-26.7598,206.6204,34.0791,-29.6354,53.8726,-0.2556,358.1614,263.2071,135.3949,-150.1447,-257.0780,37.6268
153.6538,129.5139,36.5634,-160.6428,-96.7389,-58.1522,-109.6891,-29.5569,232.7978,26.0673,14.7786,66.5141,44.0055,330.4451,241.1140,134.6171,-85.1225,-183.7606,37.3650
84.6237,116.5669,62.1074,-119.8366,-41.3933,-60.6442,-28.5933,-42.9061,222.7989,-8.7525,55.6603,58.3302,77.0967,336.8906,262.4499,112.8101,-13.8012,-130.7941,61.5031
83.3823,80.2762,52.6529,-74.4131,-27.2121,-81.7469,-6.9950,-55.5330,279.0296,-0.4003,68.3266,18.5731,69.1855,347.0998,317.7508,83.2827,28.9986,-79.9703,87.6717
127.8573,77.6126,82.8853,-25.5167,-29.4466,-108.0437,-16.6804,-93.5228,381.5640,7.8088,89.6357,-28.5050,55.3106,293.6490,369.3790,51.4474,66.4806,-56.4462,55.1114
169.1680,92.6311,148.0904,0.2201,-69.2644,-127.4963,-21.2645,-152.3206,433.8261,6.9070,100.7488,-72.2677,40.5902,225.6582,375.5891,30.3221,96.9233,-89.1955,-1.7928
173.1677,72.4934,150.3969,-23.6635,-170.1383,-171.4913,-23.8963,-198.8929,398.6868,7.3670,67.8691,-106.1583,-0.5024,222.9518,350.9543,7.9614,85.9212,-169.6009,-24.7505
137.2067,50.8240,92.9117,-59.8697,-289.3019,-280.8206,-10.5673,-219.9999,359.8636,-38.9281,49.5875,-104.7729,-38.7118,232.0344,354.8759,-26.7255,62.7246,-272.2348,-41.1402
114.1414,61.2590,85.5024,-59.1397,-353.3899,-403.4910,18.0907,-224.9588,363.4568,-102.4002,79.6595,-71.1763,-48.8333,203.9874,356.8684,-23.0954,76.8785,-346.2004,-84.7799
114.2334,66.2129,138.4466,-38.5835,-340.8140,-443.1635,-0.4030,-220.4822,318.0424,-94.7473,87.3044,-53.4173,-64.9145,222.3671,277.9966,36.0993,85.0931,-335.6490,-116.3189
56.4911,52.2634,141.7633,-33.2937,-284.9823,-390.5912,-64.0096,-186.6232,243.7618,-39.1191,43.4559,-58.2966,-76.6701,310.2121,190.4466,73.9041,29.0123,-260.5768,-86.7771
-54.1911,35.6679,67.3554,-49.8899,-204.5306,-295.6217,-59.8623,-108.3617,273.8069,-1.8621,6.7238,-32.8405,-23.7415,341.8669,204.6691,59.6487,-35.9177,-190.7997,3.2335
-73.2444,14.1619,15.9940,-78.9111,-71.8744,-161.4577,41.1301,-23.5184,295.9855,4.5886,11.0827,25.3910,84.5542,287.3520,237.4097,41.6556,-17.5910,-129.0147,122.8853
39.6281,20.3289,44.1907,-72.1380,122.2372,20.5520,134.9515,42.2966,154.7998,-18.4641,48.2328,59.3959,200.5683,289.8744,188.3934,27.1843,73.1229,-30.6886,232.9794
138.7491,94.1173,96.3793,12.0822,302.6184,184.7975,178.8371,120.9480,60.3049,-27.0474,100.4566,75.6502,309.7635,397.1857,140.2224,3.6949,154.5605,75.8885,295.4046
135.5991,196.7204,113.0536,110.8903,372.9316,253.9459,226.8044,195.5910,191.9813,-1.4228,134.7145,129.9191,373.8588,460.9108,167.5810,-8.6911,188.4176,108.3920,296.9598
100.3963,276.1612,80.6159,143.5577,329.9763,237.0376,287.9254,196.9746,332.1378,-83.8772,135.8803,195.1867,362.8917,374.6239,222.5141,-16.4433,191.2842,46.8030,255.6166
91.2872,316.0943,3.7583,131.4742,238.6529,167.9406,305.2505,134.5607,270.1526,-359.0204,122.1731,190.3508,335.2845,209.4691,254.2438,-22.2257,176.6060,-61.7119,185.2428
83.9444,282.9243,-83.7024,101.7510,125.4378,43.1600,229.6922,54.3203,23.1321,-647.0883,102.7746,112.4066,311.9766,79.0472,211.9301,8.2308,137.8015,-167.3657,76.9402
63.4227,185.0187,-144.0934,33.0831,-7.5536,-91.0744,82.6281,-45.9234,-270.8719,-802.4194,82.8141,32.7565,225.4908,15.3965,78.2251,23.4668,69.5617,-227.6644,-52.0500
40.8569,111.3541,-190.9828,-42.8928,-104.7157,-157.4597,-13.6708,-130.2691,-307.9085,-883.9600,74.8612,6.6049,125.7052,-16.6596,-13.1528,-64.0978,-11.2769,-230.0508,-136.2837
10.0507,94.8940,-240.6165,-80.3265,-110.8482,-205.1885,23.5654,-149.8030,-4.8393,-897.3026,65.5690,30.9808,147.1250,-54.0541,32.5770,-156.0306,-65.7028,-221.2588,-156.0449
-39.4024,97.5980,-272.0283,-96.3913,-72.0934,-308.3774,80.6376,-152.0628,167.5064,-801.7283,46.0773,61.2021,227.3509,-76.9536,82.1645,-94.0658,-75.7951,-220.9097,-180.9677
-105.5907,126.7030,-290.6771,-74.9692,-67.9661,-348.8661,36.1336,-149.3990,-5.6697,-717.7567,48.6709,78.7272,207.9666,-44.2651,44.7365,38.2455,-78.4723,-167.1224,-246.0223
-179.4843,180.5456,-310.7781,9.3689,-80.8925,-216.7829,-24.3847,-70.3499,-73.9196,-743.4042,83.6841,111.0633,133.8924,1.2627,24.7834,59.1277,-109.0166,-60.1504,-296.7229
-224.3673,198.2283,-291.6570,50.4659,-47.6490,-75.7418,-14.0466,18.6165,63.0194,-763.3228,127.2263,144.9410,125.7247,-19.5238,55.9620,14.6882,-139.5718,-16.9884,-299.4466
-186.3031,175.3160,-227.7979,-38.2673,13.0064,-84.3130,-5.2095,-8.2617,-8.5388,-677.9019,172.5503,139.4236,150.1909,-82.2351,63.0517,61.6471,-135.3014,-68.6618,-263.8894
-71.8251,159.3164,-189.8613,-139.5786,41.3076,-107.9362,-12.7135,-53.0842,-192.4303,-570.2606,191.5894,139.2584,150.9908,-126.0260,61.6394,153.5601,-117.2995,-98.9284,-179.7028
33.2388,151.9147,-180.9494,-138.6639,44.3354,-10.3628,42.6861,18.1144,-103.8044,-537.0860,145.4682,182.3027,158.2913,-180.4083,87.2240,121.5960,-111.0978,-55.1662,-73.8653
61.8951,152.7634,-143.5781,-97.3929,56.4444,92.1951,113.3309,101.3356,75.6250,-552.0410,88.0081,184.6630,167.5766,-264.4823,102.0775,-10.3094,-101.0232,-8.9934,-32.8280
44.0254,179.6199,-108.8687,-74.9074,57.3478,80.2098,103.6859,80.0541,71.7725,-546.3236,85.8184,140.6792,136.8714,-315.0860,104.1226,-49.5259,-69.9452,-9.9836,-63.1958
54.4048,220.9195,-122.1627,-38.6878,9.8819,7.3779,55.2929,21.0078,34.9227,-500.2800,82.9378,188.1566,77.3837,-324.0947,102.4326,50.9282,-29.2018,-53.6446,-80.7017
105.1701,287.4201,-129.0989,2.2930,-72.3029,-60.9279,17.6817,0.4358,59.3769,-395.1100,37.7294,299.4865,13.6594,-335.4715,60.2386,149.1068,-1.2552,-115.6694,-63.8743
134.8476,390.5272,-94.6205,11.0934,-129.4442,-113.8258,-25.6920,12.4208,46.1380,-217.1815,34.2911,311.7614,-37.0617,-307.8616,18.2325,168.7252,10.5566,-131.3812,-62.7541
109.4027,449.9811,-55.4335,24.0630,-119.1996,-129.3709,-42.8023,15.3458,-24.5784,-108.2809,97.4554,288.4620,-43.7449,-228.9554,29.0506,162.4670,31.2763,-77.3653,-104.5914
77.9246,429.1161,-17.2419,75.2171,-88.8361,-121.4846,-37.0953,-48.5065,-154.3814,-219.8654,127.4049,349.5048,-34.3740,-229.5217,-37.3676,171.2875,61.0448,-45.8488,-178.0945
93.2353,418.4640,15.0656,112.1551,-125.9719,-136.0713,-100.0713,-131.4185,-244.9599,-341.4484,95.0214,347.7568,-69.4818,-328.7268,-284.1347,203.0026,40.5030,-81.8328,-225.0224
123.5791,412.5717,-5.8949,83.9736,-202.5746,-131.4999,-180.6037,-85.6285,-105.6115,-182.4524,63.7424,221.6685,-96.5911,-324.7673,-510.1123,252.8954,-56.0931,-87.2181,-181.8034
100.6457,314.3586,-63.6966,20.7138,-201.7353,-37.7438,-112.9426,61.8712,104.0522,52.2228,40.4213,226.2983,-31.0187,-158.2677,-486.0276,275.1715,-154.9807,-25.4650,-92.8253
35.9488,208.7075,-88.4471,-26.0073,-117.8645,84.0819,65.2960,134.6446,108.0594,48.9243,-1.7676,412.7628,63.6981,-34.1852,-329.4765,255.4120,-186.4354,0.9552,-37.4656
15.9506,243.0088,-73.5598,-42.5252,-40.0021,137.4306,185.6773,138.7328,93.1282,5.3897,-33.2876,486.3468,88.8586,-29.2756,-304.4832,244.2878,-158.8338,-26.8525,23.3126
65.3705,344.2035,-30.7606,-22.9309,25.6280,163.3632,232.6163,191.7897,210.6003,162.1423,-14.7259,382.8871,83.6367,16.0558,-403.3058,242.3565,-100.4517,-0.5694,120.8068
103.9791,379.8517,56.0019,42.3966,110.0306,231.1124,260.7489,249.9709,195.5542,313.9768,45.6505,336.8074,121.6549,141.3499,-408.9751,228.8152,-35.0176,89.8414,164.0797
89.7438,368.5601,154.0933,123.7042,168.5724,288.9197,263.8226,240.3172,85.1131,304.7375,103.0732,398.4828,184.4537,210.4001,-282.8914,265.6955,13.8206,135.5086,137.2099
91.0149,360.0577,214.0178,169.2046,173.6327,284.5786,266.0945,217.6700,197.1961,281.1889,106.8691,428.4586,221.2523,194.4963,-186.9473,355.6663,51.5802,118.0179,133.2413
148.5980,367.2905,244.6031,168.7198,159.8408,269.7962,280.8800,204.0034,333.9819,283.4424,59.3332,384.9657,213.5147,169.7290,-158.8869,372.6821,76.2882,123.8619,123.2918
208.3633,410.4282,257.1324,147.7849,127.9847,273.3773,235.5286,151.1683,179.4522,233.7980,28.9429,303.7669,176.9651,147.4863,-97.6827,295.8267,57.6543,172.6727,25.2105
242.2596,452.4462,252.0128,138.0204,75.4410,248.5673,137.7633,77.7941,-10.4263,174.0172,48.3750,238.3733,159.0079,126.4004,-15.0948,239.4001,33.1327,201.5360,-81.7347
283.3828,441.4054,256.8716,171.2466,52.0318,191.5705,103.1787,30.8640,40.7775,155.7789,68.7080,259.8533,190.0216,119.7583,23.2669,219.2915,82.4062,187.3003,-102.1148
333.9249,443.3849,270.2224,230.9093,61.5172,148.2761,132.4797,9.3679,173.6102,200.5062,62.8232,323.0825,230.6928,74.6221,59.5428,177.3418,167.1703,165.2258,-83.0164
361.3332,521.9155,272.1951,253.2189,53.2715,125.8899,121.2502,9.7305,205.5170,318.8261,66.1649,305.5882,215.8079,-14.6691,102.3608,141.2257,191.3617,162.0804,-68.6844
341.7760,590.3046,296.3064,240.8996,36.9445,111.8084,58.1888,26.1752,143.2844,360.2404,82.7350,228.8406,141.9117,-35.4044,79.4148,149.4122,174.4445,180.7779,-40.9348
265.8024,561.8472,340.4850,256.8709,46.1363,108.9847,13.3281,38.9527,91.7717,228.8096,73.2270,185.4259,84.0483,18.6235,23.2474,168.2401,177.9240,217.4584,-9.3016
187.2832,480.4726,339.1115,292.3524,64.3795,116.4153,28.7130,60.5204,155.1474,168.1063,49.8311,162.7261,106.3139,19.1393,20.0058,164.8035,187.7750,257.5786,27.0372
194.9463,414.4115,313.8324,293.0602,86.9036,139.0502,98.8708,98.3191,217.5252,319.8064,51.1734,131.1060,164.0244,-37.8562,55.1655,151.8932,184.5517,269.2704,88.5914
245.5349,376.6429,317.4388,245.7148,122.3722,164.6278,166.4733,104.8083,131.5300,409.5156,38.8574,79.9252,169.9411,-77.7296,96.9083,172.1169,170.5154,221.0350,129.0501
207.5329,353.5679,289.7154,140.9062,142.0049,141.7893,175.7480,64.7309,85.3632,282.9027,-28.9286,-47.3350,146.9075,-133.6697,128.7946,234.2481,118.4428,141.9883,113.8651
99.1496,312.8042,215.1714,10.1286,149.2516,103.8603,158.1887,53.6360,198.4538,171.8753,-76.7170,-205.8862,183.3241,-189.5138,108.2696,269.6466,27.0671,143.3405,117.4047
32.4599,233.7510,206.6345,-26.3440,192.1887,183.3010,180.3247,145.8803,240.6583,259.0867,-30.5988,-235.0910,273.6476,-123.1798,94.1975,282.3876,-41.0103,274.5807,203.3794
1.9093,167.1957,290.0536,47.2089,257.9557,360.9950,259.1535,310.2452,200.2599,459.5996,48.3400,-178.1567,347.9254,22.2210,188.3076,402.3053,-44.1873,398.6187,332.3898
-27.0561,176.3993,386.7871,72.8864,300.0827,445.8555,372.2355,417.0885,272.9301,575.7311,99.9372,-270.8638,386.4495,83.9399,292.8397,589.5131,-1.1750,373.0265,431.2112
-6.4301,214.7204,457.9577,10.6586,323.7422,393.2070,460.9833,387.5697,334.7985,507.9201,166.0996,-523.0968,404.1308,78.3371,296.5380,619.0733,55.4906,270.2268,462.0741
60.3585,188.5258,448.9923,7.5550,338.0951,332.6039,471.9691,316.9796,321.0655,424.4765,247.1153,-682.8820,417.8519,104.7238,324.7029,509.6661,117.7051,227.2845,462.5578
118.6877,138.8018,340.7419,100.9383,344.5480,297.7743,448.1736,325.0207,467.9823,513.9854,277.5988,-608.6726,456.8520,152.6631,441.3487,485.2129,208.8304,226.6485,511.3653
205.7321,176.7578,304.1430,177.6402,388.3625,242.9207,455.4943,363.0282,644.0616,622.6829,287.4165,-389.7848,521.5375,241.6996,493.7471,532.1350,328.8856,216.2101,593.2832
348.0558,257.7326,448.5701,205.0947,482.0180,210.5976,461.6623,342.1048,504.3351,555.3051,350.7113,-170.6446,571.5618,442.9948,457.7752,506.9178,415.8410,245.7068,607.5294
447.6940,265.5782,588.4194,245.0904,553.0120,240.2354,424.9778,289.7817,246.0530,410.5064,420.8054,-36.3511,594.2094,668.2485,461.1413,451.8563,441.3111,323.7686,531.7697
450.7569,243.9620,584.1502,313.4420,568.5304,269.0037,372.8688,236.5679,196.0793,303.1713,428.7169,-9.0128,616.0766,744.2961,491.1113,424.7176,460.1669,356.6956,433.6430
437.6783,275.4254,563.5741,366.5219,588.3805,249.3475,336.5932,171.9494,280.1898,274.4257,427.7340,-54.1118,655.0841,686.0414,478.9008,386.6671,502.3214,326.2710,378.8625
480.9820,307.0359,612.5166,372.6477,654.6047,215.7621,357.0256,145.3168,418.9957,390.4476,472.6886,-90.2891,697.3482,661.6177,463.6040,363.2747,546.4566,309.8992,403.0595
561.4708,291.9406,639.0974,350.6027,727.5450,194.9818,457.8489,168.3287,546.3279,467.0832,500.1013,-60.5861,692.9927,714.1677,470.2339,343.2020,581.4660,289.3068,450.6528
584.8035,240.1261,574.9382,321.6187,734.4479,151.9970,532.9129,131.2295,428.7924,282.0601,448.6912,-20.5523,617.5117,696.3422,473.3768,221.1230,571.9882,171.5886,407.9234
465.5927,116.4511,433.6807,255.6982,654.8013,59.2794,485.5645,13.5132,187.4978,117.0637,364.8956,-56.0139,534.8135,539.9327,461.6145,54.5087,477.1997,6.4312,299.6137
283.9786,-29.0368,260.6866,143.8637,540.2030,-29.9701,408.8755,-63.9217,202.0900,174.2533,294.2445,-130.7976,480.1864,397.3971,412.0919,-24.0462,350.4892,-73.1369,245.1145
213.9869,-55.8155,111.8115,27.6222,422.9577,-66.2527,382.7016,-90.2017,342.1606,77.6633,189.8365,-184.0119,371.3443,343.8147,349.5957,-70.7409,260.7011,-109.4207,232.6316
239.8187,-35.4019,-17.6099,-102.5334,292.0732,-106.2334,334.3045,-152.7223,315.9875,-179.7544,43.4236,-257.8360,189.0345,238.1883,342.0473,-113.8932,183.7046,-220.0944,196.3265
213.5212,-129.6441,-158.7927,-241.8067,179.2411,-174.3813,243.6372,-207.7763,261.5855,-117.4528,-28.5343,-334.4948,52.9600,84.6429,332.5526,-86.2833,103.5376,-313.0127,148.0033
148.3376,-222.8790,-267.7167,-274.7616,104.9677,-173.0986,156.1801,-186.9251,218.8783,30.4925,5.1266,-298.5731,-3.0849,54.4686,244.5905,-145.5682,54.5761,-264.3323,62.2423
131.8135,-183.2180,-315.9023,-201.6974,4.0970,-114.9685,39.7994,-187.6893,22.2871,-240.3305,-10.4115,-192.2416,-75.8441,56.2402,160.1731,-401.8559,20.3254,-212.0404,-82.4184
112.7249,-152.4221,-347.9870,-198.8478,-117.9403,-153.5862,-93.2322,-282.5059,-101.1156,-468.8967,-124.0226,-165.7927,-188.4285,-87.9719,99.4542,-520.8851,-31.7312,-277.7416,-184.7529
50.2688,-176.5171,-362.9875,-264.9024,-163.5220,-263.9688,-162.6160,-359.8255,53.9593,-211.3940,-186.1353,-187.5952,-287.0894,-206.0038,-35.1794,-315.3310,-90.3577,-305.4089,-227.1823
26.4258,-110.9138,-355.8911,-247.2251,-173.3509,-297.3102,-207.1964,-348.0524,126.1822,-57.6987,-178.8534,-152.8701,-355.0940,-157.4079,-154.0128,-155.2470,-163.5808,-225.5910,-316.7516
52.5639,-27.6291,-393.4356,-210.9227,-244.5605,-304.8646,-271.1422,-330.8626,-89.9228,-334.5683,-233.7212,-104.8661,-377.1349,-160.5018,-115.7279,-250.1642,-247.9752,-212.1840,-391.2353
35.6367,-79.2584,-453.0860,-267.7973,-293.0515,-373.4993,-276.0691,-337.8444,-257.0014,-490.4353,-309.8676,-84.5580,-344.6357,-273.6514,-46.7536,-364.6668,-281.6842,-262.0010,-338.3404
-24.3927,-130.8580,-420.9575,-283.8714,-254.7128,-388.5481,-255.1518,-302.6511,-217.3058,-367.2291,-284.8738,-35.5625,-309.0180,-281.3467,-84.7656,-431.7121,-251.1650,-191.7339,-283.3885
-40.4175,-48.6533,-312.6532,-175.5411,-250.1125,-295.2152,-336.3464,-250.0071,-193.7937,-354.5354,-219.9699,37.9710,-297.5020,-217.8933,-183.7920,-552.3646,-193.3036,-63.1489,-314.9371
-11.3450,45.9887,-219.2290,-73.8017,-299.8541,-202.1319,-448.6378,-244.1448,-284.2903,-425.3608,-198.5776,97.1088,-284.6181,-228.2145,-332.4973,-592.0036,-106.2108,-37.3551,-296.0469
-11.9790,72.2533,-144.1908,-9.5959,-284.9954,-107.4349,-452.5128,-194.8634,-355.6426,-334.3327,-181.8280,185.4279,-270.9174,-185.8857,-452.7962,-463.7660,-27.1980,-15.7351,-193.6215
-52.0792,81.7452,-89.6067,101.2758,-238.3795,46.8038,-374.2324,11.6479,-295.4117,-161.7494,-176.1942,312.9977,-247.0224,-48.7593,-337.7705,-323.7209,-19.3158,111.1426,-108.4369
-84.5623,76.1423,-91.8706,219.9568,-269.1982,166.1301,-285.7924,260.7389,-203.6611,-49.7028,-227.7352,381.7001,-202.7707,-30.0761,-133.4249,-233.9221,-23.5294,213.3284,-43.9578
-131.7950,49.2302,-143.4076,258.9785,-353.8846,181.5356,-272.2016,337.6515,-303.8192,-70.2782,-300.3026,330.3388,-232.6285,-152.3089,-232.4166,-214.1726,-5.0825,193.5564,-37.7370
-247.5673,17.2580,-242.1874,208.7075,-444.6269,172.2067,-411.6998,250.4623,-509.8119,-227.8883,-366.1385,221.6546,-377.2800,-231.9232,-502.6585,-359.6183,-81.3524,143.5195,-153.5590
-361.0377,-38.7051,-370.8030,115.1417,-511.6984,186.7935,-525.9984,213.9804,-475.8844,-228.3385,-424.4368,168.6553,-455.1216,-210.2141,-504.1271,-465.0876,-241.6376,151.5225,-229.8005
-371.9285,-75.7567,-430.3157,67.1723,-489.7457,207.2364,-393.6118,313.1815,-276.6095,104.7507,-430.3093,205.4252,-355.6389,-114.1172,-317.3830,-230.6063,-314.3885,187.7610,-150.2085
-357.1034,-46.7652,-410.5326,66.6807,-424.4569,210.0522,-219.0032,375.7672,-300.5743,344.4842,-409.3829,236.5323,-252.5869,-4.2979,-275.4902,78.4077,-317.9441,148.0340,-112.6531
-430.5291,-67.0273,-434.0641,-14.6740,-446.0733,131.3910,-266.6945,277.3631,-482.4418,207.6531,-456.0730,189.5709,-293.2402,-2.2015,-329.5710,81.0143,-394.0881,-6.5291,-208.3603
-549.6719,-201.4995,-522.4410,-162.1601,-538.8976,-63.2062,-379.2630,155.9892,-501.7656,85.9123,-550.6743,122.9325,-408.2021,-95.7678,-341.8907,-12.8471,-519.3382,-153.0871,-282.0995
-674.7453,-312.2960,-615.0076,-231.1172,-633.3093,-326.2816,-404.7280,122.9017,-407.3755,178.7687,-629.8054,58.7440,-506.3008,-178.8966,-388.5501,26.9623,-617.4414,-218.9695,-331.0768
-821.2777,-337.0714,-707.7454,-254.4375,-737.9005,-593.1801,-455.4663,63.1443,-371.7380,168.0884,-696.1320,-46.5367,-557.7499,-260.7814,-459.5104,21.7526,-658.6143,-307.8000,-414.4041
-877.9006,-321.7893,-735.3262,-266.9887,-794.9568,-699.3889,-512.6673,-36.0922,-406.3347,42.3322,-709.6233,-95.9810,-564.7823,-277.0224,-466.2725,1.9089,-596.6797,-387.8919,-431.7094
-794.7830,-240.9704,-649.6189,-142.6482,-773.7944,-478.5173,-513.9482,-15.7441,-573.4880,67.1539,-681.8312,-10.7560,-609.6836,-128.4652,-510.2376,146.7118,-535.7065,-305.5924,-441.1779
-816.8927,-190.4479,-637.5580,-17.5043,-840.8355,-177.7767,-630.7292,23.0106,-856.8768,76.1446,-781.4183,-9.6967,-767.6891,-87.4150,-680.2341,169.3853,-671.1746,-228.3697,-610.9590
-1062.6169,-367.1619,-811.8992,-192.2386,-1030.2880,-210.7781,-857.8069,-150.5371,-991.6962,-164.6938,-985.7792,-245.7801,-988.5620,-392.6228,-838.5651,-134.3986,-874.5053,-393.9764,-759.6910
-1228.3186,-632.1338,-933.1252,-454.0349,-1084.6724,-413.0403,-884.6609,-340.7863,-848.5867,-369.9967,-997.9720,-439.1117,-1186.7577,-655.3954,-858.6041,-340.4895,-848.7554,-551.2533,-646.9109
-1108.5150,-690.3126,-822.1394,-386.5444,-910.5543,-339.3862,-668.3685,-244.1492,-590.5426,-262.7576,-759.0755,-342.9753,-1292.1973,-537.5165,-774.6913,-220.6611,-638.1422,-414.4815,-437.3246
-901.7004,-618.8651,-608.3051,-157.3725,-703.2440,-101.5549,-467.6413,-61.2318,-381.2591,-43.9051,-508.3132,-149.4741,-1238.0863,-364.9464,-649.3192,-115.0162,-473.2346,-234.8296,-327.3180
-776.5079,-612.2610,-410.0868,-134.9784,-560.9782,-53.3717,-370.0591,-74.5165,-296.1417,52.9507,-320.8984,-85.1990,-1097.2024,-392.4165,-511.4503,-149.0352,-411.2103,-257.4468,-250.8968
-672.9810,-574.9652,-241.1519,-215.4953,-442.7341,-103.1326,-306.5521,-116.7656,-289.8581,72.8749,-127.3893,-94.5756,-1029.7440,-401.8524,-376.0742,-149.0596,-422.1971,-279.0067,-177.7350
-563.3050,-411.4548,-133.5197,-164.9884,-351.8025,-35.6573,-244.3706,-3.4974,-189.9947,134.1364,24.6961,-89.9854,-996.3459,-319.6343,-266.4201,-135.0148,-437.8875,-166.4231,-137.3561
-473.7713,-253.3551,-43.4596,-48.4838,-265.6646,59.1364,-147.5300,115.9422,-39.8707,277.7836,120.7034,-74.1926,-855.4814,-294.9228,-234.8294,-118.7521,-335.3286,-100.3809,-64.8334
-360.6921,-207.9805,93.0534,0.6021,-136.1255,54.7791,-32.5545,106.4713,-78.2579,383.9335,243.6476,-30.5944,-668.9712,-295.3963,-259.8537,-34.5718,-148.4039,-160.4188,23.0316
-212.6881,-241.4701,192.6679,-8.7695,-16.4806,-25.9600,21.1110,7.9484,-212.9120,226.7100,358.1949,22.6164,-559.7734,-271.4942,-226.6171,-86.1589,-15.1708,-230.9951,26.1623
-102.3520,-281.1747,216.4154,-2.7598,22.4070,-132.4897,8.9112,-127.9471,-210.6170,-138.6068,381.8894,32.4844,-501.4677,-292.2796,-165.2726,-366.5637,84.3497,-249.5779,-26.2341
-66.7938,-274.2265,263.6479,54.3754,-14.2626,-194.3308,-64.6148,-227.9504,-221.9087,-337.3182,350.4460,50.0009,-470.6016,-289.9272,-225.0237,-521.0043,168.3960,-238.9006,-78.1515
-82.1884,-242.5670,299.5627,94.2141,-88.7639,-168.8016,-201.5637,-228.0863,-337.1307,-238.7818,293.0338,127.0971,-476.2563,-177.1851,-317.0875,-419.1614,129.1679,-230.4737,-126.9117
-115.2577,-246.1890,218.3864,46.1066,-114.8707,-119.0487,-243.5075,-188.6528,-249.2941,-89.1886,213.7601,157.2397,-424.4677,-82.5016,-232.4753,-346.0560,23.2869,-231.0262,-93.5638
-127.0041,-266.2043,137.7267,-12.7883,-27.1610,-84.7113,-85.1090,-170.8888,19.6401,-49.2443,204.5861,59.3884,-270.0635,-94.5574,-64.2551,-339.1838,32.4256,-206.6674,39.5252
-84.6009,-256.3074,211.6757,4.9617,87.6810,-42.3722,84.0584,-151.4622,33.1723,-111.4468,301.4822,-51.3538,-116.0091,-109.3813,9.4003,-265.2016,137.6382,-160.2430,126.4440
6.1371,-237.6095,364.7890,44.9058,147.2688,-23.6615,148.3271,-146.3401,-138.4773,-267.6353,390.1063,-67.5058,9.0320,-81.2359,108.6592,-229.6214,234.7818,-155.2300,137.4702
87.8494,-250.7868,462.3316,43.1638,210.2422,-52.0330,242.7548,-174.3903,-33.7161,-356.2903,402.9105,-65.8494,150.1396,-72.4352,327.1463,-247.3924,321.3296,-199.0193,178.1066
106.8747,-308.9442,485.2961,20.8196,284.2678,-80.4998,362.3206,-180.3431,269.2910,-191.7901,395.1556,-133.3626,248.7674,-81.3266,463.8673,-193.5439,382.9889,-237.3763,222.8605
113.9057,-374.8276,489.9888,19.0254,309.8536,-108.2934,384.9292,-181.1030,373.4325,-7.5449,430.7166,-211.5394,295.5818,-71.7503,442.1608,-197.4220,422.6862,-247.9903,217.8001
194.3087,-390.0127,544.5880,43.6386,348.9321,-167.9319,394.2393,-266.8730,320.7066,-129.5208,522.9230,-251.5889,412.0910,-77.1788,469.7621,-312.1900,502.0043,-243.5786,234.0683
286.1431,-412.5362,629.3246,21.4679,456.1476,-228.8996,480.2113,-394.6524,356.7069,-335.1494,607.2696,-310.9507,578.1740,-130.5369,621.0438,-249.3554,560.1127,-245.5991,289.0316
284.7836,-521.4922,654.1627,-82.3216,544.9986,-245.8581,551.7671,-435.9170,437.6362,-268.1891,616.7047,-355.6528,655.6838,-167.5741,752.6490,-4.7912,517.8760,-237.0479,318.5742
262.8692,-576.7162,640.3594,-104.3295,581.2004,-205.4717,562.2864,-393.2987,421.8767,-118.4134,615.2587,-265.6846,676.4272,-121.5747,790.6918,55.8959,505.6942,-162.5745,320.3058
325.0753,-464.8746,657.6473,42.5319,604.5794,-152.4036,528.7255,-376.7518,347.3691,-189.0084,664.4194,-142.4312,722.0444,-56.8891,758.5823,-94.7002,619.7676,-86.9782,307.4685
423.5052,-360.4691,664.5648,165.1644,594.9515,-170.9970,450.1064,-401.3131,337.0512,-285.8766,688.7454,-164.6734,738.4592,-15.7740,705.7413,-150.5716,749.4074,-108.0165,295.6974
506.1907,-317.2068,660.5464,244.3398,580.8626,-184.2795,409.0167,-339.0397,381.3288,-124.8900,665.5513,-164.5271,716.8019,118.5866,705.2930,-8.4554,836.5492,-54.0211,311.2300
553.7762,-162.4561,690.8732,491.1995,604.5370,-35.4692,391.2401,-179.8848,260.1521,94.5111,620.6790,34.2884,685.5062,280.9590,682.6434,154.7150,875.4745,184.4053,239.8918
458.5083,-57.7807,616.8616,693.4257,529.8905,73.2681,189.6190,-200.8384,-134.9695,-17.6141,451.5540,105.6625,539.3090,121.5783,446.5510,68.0325,770.9590,212.7024,-4.4750
234.0936,-294.7811,376.7869,467.5024,318.4234,-169.8570,-98.9161,-526.5929,-446.2553,-391.2762,211.4129,-201.4109,311.3338,-312.5924,118.4971,-305.0439,607.7939,-180.1911,-149.5112
155.7617,-572.6752,277.9958,140.5713,250.7237,-484.5653,-70.4974,-751.7813,-283.5892,-523.5575,228.3091,-447.8230,303.7576,-433.4215,92.2295,-539.3379,668.8949,-447.3626,61.2040
347.8248,-452.4746,487.1929,255.5504,440.5483,-387.6530,235.9691,-537.7332,139.3620,-232.0212,512.4131,-212.3151,560.8016,-73.8524,405.2728,-337.0734,932.9648,-228.2589,381.5162
562.3463,-144.5736,699.6456,586.9541,609.4927,-50.9595,399.3530,-193.3537,365.2091,43.9250,672.1878,192.7031,739.6545,247.7486,680.8375,-55.8653,1084.1984,37.0807,481.1490
594.2766,-19.5869,716.0537,674.9856,608.0514,73.1301,369.0858,-106.3734,340.0708,-8.4469,624.8595,291.2606,720.3304,253.2220,720.3901,-47.6322,1049.9999,30.5613,417.5570
534.7803,-1.6175,699.5621,622.9536,575.6278,-9.4003,367.0587,-174.2088,237.2615,-120.2968,613.5882,111.9397,705.0566,164.8300,650.5303,-150.9061,1009.2581,-17.1107,346.9871
516.0201,29.8300,710.9036,639.4202,567.4752,-91.6077,403.8728,-207.6308,160.1224,-89.3221,628.1829,-56.9813,724.0637,94.3070,593.3046,-231.5519,1017.1241,-10.1400,300.2473
527.0851,-19.4987,654.5748,631.3887,549.9147,-132.0646,435.3459,-231.6244,223.4437,-94.3113,532.3279,-95.0605,667.9777,7.4185,572.3080,-344.6837,1013.2234,-50.5611,326.2400
503.7984,-129.5987,589.1046,571.1067,575.9991,-96.3056,478.1506,-234.8529,377.9706,-151.8040,415.2873,-74.1646,607.2554,4.0820,566.1611,-363.6896,986.3443,-43.1955,404.5092
438.6251,-168.7146,593.1622,546.3834,645.1182,10.2509,426.2172,-192.8017,351.8322,-108.2724,365.7235,-93.4760,613.7275,85.1677,505.5717,-219.8818,935.8621,50.3582,392.8031
391.1321,-146.2484,589.1022,507.3958,671.4130,50.9779,252.6054,-199.0404,176.6545,-71.2915,333.6256,-152.1647,593.3193,69.7760,408.4800,-119.8158,849.2108,76.0778,294.8531
377.3251,-147.3849,526.1581,402.6730,646.3085,21.7095,152.4088,-244.7565,158.4493,-144.6209,302.8293,-194.6847,515.0077,-62.2274,402.3416,-131.9738,736.2550,52.9192,238.6696
311.6429,-197.8498,428.3562,295.8209,587.3077,54.6454,164.7147,-213.8223,211.4876,-173.2314,248.1391,-238.0846,439.6016,-165.6778,456.2799,-148.1922,597.9525,96.4037,208.6826
168.5171,-266.6144,281.6481,215.4985,480.5186,117.8834,133.2380,-139.8344,106.0923,-122.0250,117.6552,-320.9520,346.1241,-194.5701,397.0056,-193.1034,435.7121,134.0390,152.9782
50.9809,-296.8381,110.3875,145.7746,383.7163,114.5603,101.3214,-99.8503,87.1494,-94.6647,-5.9624,-399.4216,237.7630,-198.1056,252.1178,-262.8627,285.2509,107.2579,143.3751
0.3305,-292.2830,-1.2105,74.7485,348.2051,100.2123,196.3579,-49.0761,298.6778,-41.6311,-34.3165,-413.7119,209.2560,-218.3888,190.6943,-246.8080,159.1984,83.8976,186.5364
-43.8814,-319.3611,-60.2549,-40.7994,298.5430,120.4770,279.1249,9.3558,280.5597,15.9459,-52.4358,-367.4706,231.8790,-269.5546,187.3050,-194.6545,22.8026,52.7536,171.2433
-87.5631,-369.2543,-133.2356,-197.3519,189.9693,115.4495,185.5074,4.7506,-145.2940,-76.5002,-126.6491,-321.9430,176.2096,-330.2133,120.3653,-187.6535,-135.7616,-19.9172,85.9569
-114.9393,-389.4328,-203.0469,-317.9649,91.2643,76.0781,47.2502,-27.5171,-418.6096,-223.0631,-208.5331,-355.5711,61.0369,-403.8681,35.2602,-155.4664,-292.1440,-72.7734,14.7027
-173.3022,-402.7858,-228.0867,-387.2856,18.2003,41.8456,28.0123,-37.5018,-227.0199,-264.8856,-289.5561,-442.6627,-18.1403,-501.8783,8.5257,-134.5745,-420.7831,-98.8534,-36.1034
-254.5137,-421.5852,-235.4899,-433.9196,-73.8390,-2.2096,32.9021,-78.7078,2.3666,-340.6998,-357.6310,-438.7002,-73.8003,-535.8074,-39.0763,-233.2649,-483.0968,-151.4356,-109.5593
-267.3498,-406.9669,-252.5832,-441.0992,-154.9084,-77.4333,-71.9627,-169.3691,-102.7077,-485.6313,-340.1969,-309.7082,-128.0253,-466.5305,-184.6566,-332.1350,-451.4484,-198.8228,-186.4602
-195.0643,-378.3901,-248.8558,-422.8371,-172.0740,-143.8830,-201.9633,-235.7446,-332.1669,-457.2482,-266.7924,-181.6614,-142.6794,-444.5828,-334.9811,-307.0295,-377.1608,-184.9671,-208.9559
-109.0638,-363.0761,-193.2610,-422.5535,-135.5416,-126.8821,-227.1118,-231.3969,-340.7370,-292.7254,-231.0628,-105.2119,-133.1244,-523.8936,-353.3698,-260.2102,-344.6133,-109.1364,-166.9384
-58.7357,-327.1002,-109.9452,-417.6770,-70.7427,-14.7079,-199.8288,-181.7939,-184.9798,-278.6906,-203.3009,-48.1470,-145.7754,-538.6863,-254.1945,-251.8340,-355.7832,-1.8065,-116.4956
-53.9697,-284.1546,-60.1370,-402.8810,-15.0377,69.7416,-208.3740,-143.0693,-176.9321,-357.9899,-144.5929,-44.3455,-161.5651,-440.4543,-170.9381,-232.3872,-370.1937,52.6386,-107.1290
-81.4738,-272.7974,-97.4140,-443.1776,-39.7390,15.1900,-208.8422,-135.6138,-336.3184,-285.6555,-138.2999,-89.5083,-161.1270,-352.2601,-173.8043,-225.8275,-426.0099,-3.0301,-126.0710
-113.6805,-243.1387,-231.4854,-528.1368,-147.8156,-94.3649,-177.2685,-112.1898,-377.1555,-133.5950,-217.6892,-92.6676,-165.1087,-316.4634,-218.6308,-231.3980,-554.3038,-70.6640,-136.3361
-145.9037,-173.7237,-385.4622,-554.4122,-221.7505,-123.2431,-175.3255,-50.1637,-235.1920,-109.7028,-282.4721,-62.0550,-161.3980,-330.0515,-252.6664,-189.7765,-632.2148,-40.6566,-109.4277
-189.1944,-142.9203,-425.2858,-475.5982,-170.6843,-80.4253,-174.6061,10.5523,-102.0825,-188.0003,-264.7278,-68.6546,-128.5712,-383.6765,-264.4720,-153.6292,-548.9944,55.4311,-30.9631
-242.1674,-168.2236,-327.4695,-346.4570,-50.7132,-13.7169,-110.6727,71.4532,-52.9535,-217.4557,-204.7154,-78.8040,-99.4685,-347.9438,-263.4921,-180.2661,-428.7708,166.4206,51.7405
-306.2106,-193.5355,-234.9408,-266.5034,29.9560,80.1381,-60.3233,148.3585,-116.9149,-169.9108,-166.6853,-64.1222,-103.7793,-194.5128,-279.9000,-198.3920,-434.8443,277.3154,68.5115
-362.0499,-209.7054,-219.7938,-280.1380,59.1864,178.4631,-80.3487,191.1234,-309.5770,-131.2258,-154.1337,-69.0218,-112.2234,-136.9490,-309.4073,-172.6234,-492.6103,341.1748,61.2115
-348.3043,-209.0780,-162.3999,-294.6539,99.0246,267.0921,-77.4329,205.9779,-363.3067,-131.2205,-107.9684,-56.7241,-81.6146,-209.9267,-282.6422,-133.5631,-450.8102,350.7105,116.2616
-244.1964,-162.5830,-11.2288,-221.7208,148.1950,361.3662,-39.3953,257.1845,-127.7590,-126.9459,-17.6244,25.7191,-20.6023,-189.9770,-210.1984,-81.7115,-332.5941,344.2472,175.5561
-98.7108,-110.4405,94.3062,-151.2163,131.6583,388.5703,-70.9530,261.2635,-17.6723,-161.1370,39.3922,87.8964,1.6094,-97.0774,-210.4503,-71.8076,-236.8682,283.0871,133.8356
47.9950,-104.7125,88.3133,-185.4805,40.5536,277.9303,-134.7686,113.2549,-227.0377,-279.1385,48.9942,69.4740,-51.4731,-130.6893,-270.9033,-155.9062,-186.6317,151.1749,45.6266
166.6903,-116.7306,77.1405,-248.8611,-29.1331,145.3812,-110.2035,-42.1144,-258.2011,-315.2119,89.8174,72.8024,-104.4791,-201.2753,-245.9003,-220.8169,-167.8532,66.2501,23.9015
223.3231,-120.4075,110.8579,-256.6026,-13.2183,112.8457,-35.2537,-47.6554,44.0640,-158.6316,153.6008,135.9698,-94.8948,-160.4250,-156.3577,-174.7447,-162.6407,62.1348,47.6044
236.1843,-138.2238,119.9053,-270.2195,35.0859,89.1228,-12.7627,-30.9995,172.2663,-42.2835,155.3588,137.1206,-98.6815,-156.5049,-153.9890,-107.6068,-154.3471,3.6122,17.0522
237.3629,-166.8038,73.3852,-345.0158,29.9297,-27.6978,-44.3435,-124.8518,36.4518,-105.4441,115.1071,30.2176,-173.3974,-276.6299,-217.9877,-80.9795,-167.3355,-129.6711,-101.1266
204.3558,-175.1389,5.7354,-406.8702,-37.5474,-146.8914,-102.3754,-204.2105,21.7733,-94.1283,108.3438,-55.0925,-229.0429,-326.1691,-232.9340,-57.0660,-217.6407,-182.8894,-250.7521
138.4397,-151.8576,-69.0919,-367.1715,-110.2357,-154.9746,-177.7793,-157.1771,76.0342,92.4022,109.8033,-11.3369,-211.6225,-226.2423,-231.4680,-28.3855,-256.8728,-110.5424,-357.3481
74.9110,-111.3669,-157.9563,-263.2903,-152.9074,-87.0187,-228.1558,-89.9611,-52.3424,167.5147,60.2673,89.9006,-206.3109,-126.0472,-265.4754,12.2324,-266.7320,-27.9955,-408.4792
-16.6221,-93.5797,-240.1443,-217.8504,-173.7787,-34.6211,-215.3483,-101.4300,-182.7394,24.6941,-11.7861,111.4153,-254.2473,-86.7890,-254.5206,52.3504,-295.7574,16.4758,-440.0814
-143.8430,-121.1387,-262.0052,-258.6578,-161.6282,-15.2183,-156.6808,-127.1197,-141.2252,-107.6145,-35.8559,61.1705,-286.5731,-64.9596,-168.6161,1.8265,-339.2690,84.3198,-451.1212
-208.7070,-159.7753,-199.8092,-281.3379,-88.9963,12.4139,-88.7551,-97.4507,-109.4911,-113.7442,1.2392,53.7960,-274.6040,-73.6590,-120.8585,-109.0556,-345.8546,180.9939,-423.6466
-197.0053,-195.1684,-125.7408,-248.0707,-0.6976,53.9941,-35.5341,-48.4604,-167.1958,-55.0031,40.5793,87.8441,-264.3730,-94.6358,-169.4957,-111.4109,-339.9714,223.0588,-392.9869
-208.1881,-262.2555,-119.9746,-251.5590,13.9702,64.4875,-6.0439,-18.4376,-167.6602,51.1027,36.9687,76.0457,-277.3634,-50.6465,-235.4516,-6.9546,-368.1917,177.6276,-387.8727
-215.1648,-325.5211,-126.1476,-317.8902,-40.5044,35.9028,5.0757,13.1072,-70.1152,165.2283,33.7469,51.4026,-287.8214,19.8069,-247.4306,83.0785,-387.5224,112.6006,-379.8243
-122.0369,-284.1221,-48.1833,-356.2217,-78.2209,15.4113,11.7382,41.9343,54.3230,192.7688,78.0978,93.3669,-272.2142,10.6472,-217.3556,160.1258,-345.6445,85.1346,-359.9188
0.0110,-145.2341,53.1893,-324.1063,-73.5991,17.8105,41.7484,27.2144,154.0373,151.5202,115.6599,158.1447,-241.8406,-28.1375,-175.5032,179.7542,-278.5169,79.6426,-354.8346
43.5599,-28.6066,49.4655,-258.9907,-65.3490,17.1092,106.2967,-20.7240,160.4875,131.3457,89.9228,195.0507,-227.9439,28.1013,-125.0229,22.7101,-241.2672,72.9349,-368.5584
44.9057,9.3529,-39.8423,-198.1386,-62.0059,9.0801,146.6788,-64.6774,44.3276,123.4446,53.1762,237.1626,-231.1389,126.8374,-70.3330,-173.8523,-239.3008,66.6626,-402.8096
42.2221,6.2152,-100.7886,-182.5713,-59.4163,-8.7487,99.6426,-118.1809,-82.9179,81.1328,54.3730,252.6942,-229.7812,114.4917,-54.1701,-183.2504,-267.7178,51.1000,-461.9812
10.9587,-26.7660,-111.8516,-238.7620,-84.9674,-56.4625,-2.8392,-190.6337,-61.4111,48.6610,42.7103,169.8136,-241.1890,0.7095,-114.8043,-113.6212,-327.2044,10.0732,-501.0549
-23.1225,-99.1498,-134.1358,-319.1934,-140.2861,-107.0668,-94.7422,-240.4784,114.6697,86.9912,-22.9429,66.2161,-288.7522,-73.9675,-199.9625,-156.2424,-390.9963,-43.4605,-490.0606
-38.4652,-138.4727,-194.3568,-356.6979,-185.9427,-103.1424,-155.2534,-250.4292,230.9457,146.2253,-97.5656,54.4623,-330.6879,-69.0635,-218.4150,-227.1500,-428.1673,-78.8115,-486.3369
-75.5532,-75.5150,-267.4088,-351.3136,-215.8912,-68.7604,-161.2334,-246.8425,120.6232,130.6234,-129.2970,67.4914,-313.4350,-58.4309,-182.4786,-216.2949,-439.1991,-94.8052,-514.2264
-118.9725,-12.5141,-315.2263,-346.4263,-245.2906,-82.0272,-86.8971,-243.2654,-42.1928,61.8227,-115.8736,8.5526,-248.6325,-80.3354,-159.4170,-179.5992,-422.3466,-128.2615,-496.0446
-122.4042,-81.8192,-310.1078,-361.4630,-243.7820,-128.5706,31.7759,-236.6834,-12.0605,44.0921,-76.8280,-50.3701,-178.1574,-105.2261,-119.7578,-164.8091,-363.0275,-184.5012,-401.6989
-132.5319,-196.4494,-263.1227,-369.0579,-187.5812,-119.4026,137.4164,-205.2282,110.4794,86.8899,-34.8756,-17.3126,-125.4588,-97.6717,-24.8517,-185.9868,-290.3178,-201.0129,-301.3379
-186.0763,-211.4703,-227.4256,-336.4175,-124.6932,-53.5753,209.9616,-111.0865,133.2559,128.2136,-21.2654,55.1798,-104.0774,-54.5926,34.9092,-250.4867,-263.0483,-148.1262,-228.6188
-217.7774,-188.8600,-240.4460,-284.8756,-101.7652,-10.8318,243.1323,22.3689,145.0362,160.1026,-53.5703,71.5070,-121.9612,-15.7752,7.5743,-258.5394,-283.3264,-88.2311,-163.4660
-200.5631,-219.5466,-278.0321,-256.4106,-108.4121,0.7423,232.7866,107.4203,229.3194,151.1953,-97.9672,6.2260,-175.2374,-18.2135,-1.9728,-145.5215,-306.2073,-68.9430,-138.5881
-190.1106,-225.4428,-291.3381,-242.4702,-145.9774,14.4165,169.3547,97.9653,219.8575,31.0768,-99.4165,-98.8757,-251.3998,-42.1925,26.1788,-55.6435,-314.4525,-81.9194,-202.1900
-204.7635,-171.1790,-273.7571,-228.8770,-238.4937,-18.1130,42.4921,14.9297,57.5815,-98.1217,-73.3641,-149.8987,-330.2719,-62.0763,-26.9924,-75.4941,-315.5247,-131.3017,-299.1639
-231.6866,-163.3459,-265.2352,-240.6225,-347.9311,-114.3643,-74.7858,-74.4430,-39.8367,-41.8401,-95.1367,-94.5279,-390.7762,-88.5096,-109.3344,-44.2261,-312.1875,-182.3655,-318.7370
-281.9411,-211.5959,-284.0434,-254.5868,-392.5336,-141.5435,-64.7071,-65.8246,48.0378,130.2338,-160.1897,-24.5592,-410.9686,-96.1109,-48.3374,127.2367,-301.8403,-134.4009,-246.6273
-333.6630,-203.2752,-288.1883,-192.1148,-353.6087,-20.9513,34.2997,51.1972,155.8051,184.4636,-167.0528,-33.3984,-370.0258,-37.2317,72.8744,275.5514,-267.9263,5.9440,-176.1957
-338.7629,-132.6313,-247.9499,-74.7524,-277.4707,113.4673,77.9704,126.2411,112.6391,113.7859,-86.7574,-55.2731,-293.3195,37.1763,52.6783,273.0219,-212.2107,98.7009,-168.3500
-303.8867,-110.2667,-203.2455,-30.9915,-199.2420,128.4637,67.4032,71.4935,-19.2958,57.9320,-9.6401,-33.9159,-247.7899,40.9051,-40.6482,198.2593,-187.6003,94.9124,-187.1159
-255.2470,-178.6261,-174.0304,-82.8654,-132.1409,70.3914,83.6686,-8.0833,-75.0402,37.0666,16.3071,-45.6788,-236.7648,12.6518,-50.9255,162.8908,-205.6395,79.3648,-191.4973
-184.4645,-242.1944,-108.0425,-94.8994,-86.3624,42.7063,93.3000,-17.2531,-36.2337,46.2798,44.6289,-81.9777,-196.7852,32.5394,-39.7687,184.5580,-188.4259,106.6887,-188.0194
-106.2919,-182.5294,-11.3502,-8.5062,-47.3087,76.0542,70.6541,12.0342,-13.3842,109.0939,96.9037,-21.9021,-126.7761,65.7657,-79.4805,235.8523,-118.5712,165.2817,-171.0934
-79.6229,-38.8820,18.7386,57.6129,13.1802,134.9729,91.6599,34.4828,-47.3429,122.2100,114.3430,88.9652,-78.7510,58.5774,-86.6342,289.5806,-83.0381,229.4247,-125.5514
-125.9552,27.9455,-14.4057,46.9828,80.8636,173.2893,155.9699,52.4945,-99.8571,12.9144,81.3028,110.1398,-42.8416,68.0899,-37.5221,316.6872,-92.0771,280.3056,-78.0344
-190.2129,-1.5006,13.6869,85.9085,117.8096,202.1516,181.0707,97.3712,-151.4943,-38.9014,65.8317,98.3939,5.9831,145.6370,-20.3696,292.4301,-54.9524,334.0323,-40.6426
-196.0951,1.7320,111.0832,223.0709,132.6995,249.6490,176.8017,184.7540,-163.0912,86.4792,92.3170,146.2506,27.5124,203.3199,-59.4810,217.8415,48.1725,392.1300,26.1105
-120.1430,57.9343,152.1162,312.7458,156.3016,260.4376,193.9111,251.3519,-85.5997,189.6821,101.3029,150.5862,4.0035,133.6030,-108.9517,139.8147,148.4059,393.5804,117.4257
-14.8887,103.6777,111.6104,296.0337,175.9517,208.1012,215.2892,252.8152,33.0856,138.0549,77.0566,61.2848,-11.8216,-3.1300,-125.8728,129.1983,195.6414,345.5651,179.6900
48.7633,161.3402,79.4641,294.5488,175.0626,210.1689,226.0327,282.5905,100.0844,104.1185,74.6003,23.5414,7.3654,-45.5719,-84.2149,195.9604,187.8347,349.0659,220.8391
52.2541,219.8880,79.6957,342.7082,175.6197,308.4102,222.6348,384.7164,61.1752,180.7168,91.5245,82.2811,40.0128,27.8793,-29.2377,245.2043,158.4045,390.7129,261.8541
27.8653,188.3337,67.0746,340.3451,174.8731,356.2194,162.6356,430.4750,-112.6459,219.0783,74.5092,112.4329,70.6188,91.2787,-34.7407,188.5126,133.1946,368.8008,248.1428
24.8353,114.9552,41.3177,266.1295,142.7757,304.7271,54.3860,375.1703,-311.5505,157.9897,52.0607,75.6454,79.8846,116.5429,-66.5640,77.3751,89.2241,317.0255,171.9480
75.2353,124.7543,40.4663,179.7407,105.5932,268.4737,-27.1050,322.0576,-303.3940,84.8061,82.7207,37.3783,47.3868,188.2421,-61.2897,27.8670,34.5270,301.6120,123.5517
143.0285,150.6649,66.2965,104.4122,98.5868,247.7622,-77.0104,264.3550,-122.3599,24.0444,118.9549,21.8232,4.3466,258.2062,-55.8915,53.6929,33.5530,249.9825,114.7964
144.1107,62.7346,68.0998,53.1577,81.4256,170.2623,-132.0888,148.9076,-68.8453,-0.7837,92.3810,29.4132,-1.4557,203.3993,-69.9771,93.7434,56.8962,138.1171,77.9321
57.9277,-73.8314,5.9942,35.5590,33.6268,118.4285,-149.9555,86.2286,-148.4667,87.0054,41.4853,52.4372,12.9432,114.2736,-49.3319,128.3253,12.3486,83.6606,47.0823
-49.5111,-138.6979,-73.4738,15.5732,11.3973,161.2358,-92.5365,144.9511,-97.8306,204.8377,26.0256,42.1810,4.3601,155.0639,-5.1288,146.9548,-49.4071,101.3452,86.8475
-125.1883,-170.3408,-94.7780,-36.8837,18.4391,171.3097,-23.0908,189.6664,30.2222,177.8302,31.9924,-18.2662,-10.9496,224.4549,8.8564,118.2581,-40.6026,64.0813,136.3739
-165.0277,-262.6960,-80.3794,-114.2535,2.1341,68.7571,-7.5143,144.3676,5.5525,78.0279,28.5850,-79.1943,7.4716,152.1942,3.6321,80.1392,-36.8234,-46.6974,146.7264
-174.2712,-386.0017,-98.9711,-195.0415,-15.0417,-22.8565,-26.2203,105.9531,-56.3474,114.6866,6.8671,-104.1788,35.6450,54.1370,-19.5005,108.0971,-94.3868,-104.6820,185.7602
-171.2845,-421.4971,-134.4114,-224.4612,2.5994,-8.3686,-18.4731,131.2491,44.5579,260.3995,-37.8858,-90.6280,17.6343,101.2925,-81.9263,170.3633,-112.3615,-47.2702,261.7334
-177.4685,-329.6276,-138.0388,-162.3956,11.2627,47.6864,40.2342,175.2333,186.1605,342.5056,-81.2681,-48.2987,-26.4643,182.3974,-117.6886,187.8658,-61.0898,44.1273,277.4455
-166.4239,-191.9954,-124.3971,-62.4742,2.6311,70.4701,86.7770,188.9395,217.0204,330.2474,-83.2446,-5.4169,-26.7488,128.2845,-70.1942,182.9644,-27.8877,77.1275,208.2973
-98.8730,-73.4128,-125.6725,14.0784,17.9841,56.9910,26.9710,140.2852,177.4078,266.2059,-54.6811,25.1389,4.6436,1.4674,-39.5510,191.3314,-4.6389,57.6520,119.1706
4.4567,25.7702,-144.7245,61.4044,11.6954,15.3503,-123.8728,37.3124,70.9092,144.7505,-31.2744,49.1819,-8.4769,-61.4784,-137.9484,151.5730,51.5001,20.7155,49.3784
98.6725,77.2126,-163.9061,48.6911,-59.6544,-42.0976,-253.3903,-55.3159,-112.4733,2.2482,-11.5656,42.8969,-63.7753,-44.1426,-301.9997,48.4443,69.7528,-34.4301,11.2846
172.0520,66.7399,-142.1564,-28.3892,-98.8293,-73.2499,-299.6555,-97.0571,-235.0914,-93.1306,11.6088,3.9424,-87.4349,3.1093,-368.8850,-0.7650,18.7980,-68.4676,5.0149
219.3963,61.7038,-70.4710,-79.8398,-36.2812,-69.9018,-278.2717,-119.1041,-221.6495,-153.0102,27.2589,-10.9033,-62.3529,15.4184,-284.2841,58.6440,-14.3217,-33.6434,-11.6649
229.8979,79.3709,-14.2717,-82.7072,37.9279,-95.7784,-239.9630,-177.4127,-194.0830,-211.4222,45.2747,11.1457,-34.6238,-47.9343,-189.3959,117.3698,-5.0972,-7.0590,-79.2402
216.4050,71.7558,-0.9008,-98.9304,40.6404,-171.6530,-262.8508,-287.5414,-243.3590,-252.8987,77.4668,34.3535,-26.6536,-110.2619,-233.8951,95.7127,-10.2000,-59.8415,-180.8553
189.9959,84.5808,23.9410,-87.0298,-4.5704,-216.2704,-351.4702,-378.3127,-316.3452,-264.6963,94.9467,67.6552,-22.5484,-64.3078,-322.4058,63.5383,-32.6881,-98.4083,-260.0268
132.8392,146.4713,58.6288,-14.9809,-48.8546,-199.0112,-384.9531,-365.4128,-315.6938,-231.6614,80.0659,102.4811,-7.6566,38.7645,-263.4754,103.8415,-57.3239,-77.6640,-262.6679
41.5696,116.1388,46.9025,-23.6473,-57.4355,-203.1468,-326.3257,-302.8400,-207.3137,-149.0723,62.3456,87.3644,9.5999,77.9441,-125.5300,198.2575,-109.1810,-105.4066,-210.7801
-60.7924,-64.4096,8.2062,-160.7395,-38.9354,-250.0734,-309.9572,-315.0792,-117.4231,-127.1357,51.7047,64.0349,10.4472,62.6750,-114.0170,272.5855,-175.6175,-172.0596,-205.2155
-163.4415,-227.8841,-17.0812,-248.6263,-49.5436,-250.0396,-365.9213,-378.2483,-180.1864,-253.3588,28.4817,106.7157,8.5208,63.6837,-192.3770,277.0537,-202.3154,-152.3558,-251.6326
-249.0998,-281.2701,-50.6828,-212.6789,-77.8511,-170.2254,-346.4278,-365.1061,-261.2714,-361.3036,16.2622,157.6566,40.9851,78.9805,-188.7577,237.2552,-189.2500,-84.1188,-232.0407
-274.3060,-297.5029,-90.3129,-171.6678,-60.9707,-70.2943,-238.8867,-272.2804,-205.3892,-283.8853,50.7262,158.5440,94.8278,92.4788,-124.6381,223.7366,-185.0538,-79.7570,-150.2952
-238.9896,-289.7514,-109.9215,-183.6408,-52.4422,-5.0526,-198.1212,-212.4812,-166.6749,-171.8926,87.2679,170.1466,118.1230,111.0588,-118.4494,236.0610,-206.6926,-119.7224,-131.8971
-209.9166,-225.1911,-142.8939,-215.0636,-130.9986,-7.2839,-230.6401,-222.7301,-209.1698,-176.6933,62.3481,208.1960,104.4933,108.2667,-143.4746,214.3544,-218.2611,-160.9224,-147.7740
-217.5880,-143.4412,-185.6633,-232.1275,-208.0821,-63.1081,-210.9969,-226.5945,-94.7918,-171.7453,14.6240,219.9158,74.5984,72.1716,-114.8697,189.4443,-175.3849,-191.0336,-87.9693
-214.9202,-76.3000,-154.4171,-183.9996,-193.7063,-95.0428,-164.1296,-173.4845,118.4774,-100.5424,17.6079,228.2547,21.4304,58.3757,-59.4179,236.1467,-90.7345,-158.7241,-16.4026
-171.4160,-25.8172,-66.9292,-81.6149,-168.6443,-80.4268,-196.9466,-105.6946,85.2774,-81.7646,42.4128,263.3104,-37.7441,96.1689,-50.2207,298.4371,-27.1176,-81.0103,-9.4159
-112.7527,-0.0729,-34.6271,-19.1408,-183.2814,-75.5245,-260.9792,-62.1768,-88.7170,-72.5936,16.3618,294.9044,-48.8488,141.9207,-85.0993,283.1495,4.8138,-44.3889,15.6378
-60.0000,56.7650,-40.9381,9.8179,-159.8330,-75.8537,-255.1479,-30.6422,-78.4196,-18.2942,-40.0762,339.3884,-19.4011,165.9972,-119.9527,228.8225,57.6058,-27.0455,63.7088
-14.4103,188.1198,7.5238,83.2641,-95.5273,-46.9327,-210.8754,-26.1865,-10.2671,-79.5438,-49.9224,408.0414,-4.2001,183.4502,-136.4974,197.1165,120.0376,10.2911,20.7208
16.3714,300.5639,75.5053,150.5733,-76.0890,-35.3900,-188.3663,-55.0936,-45.2632,-182.8898,-2.9522,425.0820,9.9018,209.4289,-120.7612,179.5776,112.9312,-2.9038,-59.3911
32.1837,337.9999,78.6864,139.7488,-98.1354,-62.4057,-167.2758,-28.7516,-15.2287,-16.8744,42.9561,390.2788,61.1145,242.1703,-71.1546,195.0236,44.7006,-58.6381,-33.6751
35.0718,362.0959,43.7355,104.7583,-96.9751,-71.5794,-137.7253,70.8100,47.3950,213.2621,48.7490,381.5564,107.3621,254.9509,-48.5650,255.3926,9.1077,-56.4729,41.7024
1.4492,331.8769,33.9349,73.2188,-65.6939,-71.0265,-119.5023,91.0590,-8.5620,60.9149,30.3963,342.7262,108.3002,230.8587,-85.1886,287.8581,11.7884,-36.9125,55.6238
-61.5640,187.6149,50.6786,7.0628,-34.2594,-97.6594,-79.8426,1.5869,54.5939,-175.7593,21.7084,208.1102,118.7851,233.0479,-94.4448,271.3513,-23.8949,-81.2109,56.0318
-79.1816,92.4284,70.8889,-49.2120,-26.9331,-95.0668,0.9910,-13.7037,323.8283,23.1242,24.9105,113.5252,171.9880,315.4081,-40.6979,265.8577,-94.2762,-117.8749,79.4626
-34.7440,149.0765,74.4014,-50.7335,-51.0643,-42.5777,46.6842,75.9286,380.1164,345.4979,18.2377,150.4124,196.6438,377.2361,-31.2228,248.9698,-139.9617,-98.9681,57.1860
-26.3390,161.8953,43.5528,-67.3255,-73.6881,-23.3731,10.3857,102.5018,163.6249,317.5579,5.4922,177.6113,157.8282,312.9024,-78.6857,189.2097,-177.2289,-93.3374,2.9593
-90.3874,50.3970,-5.7975,-124.5763,-58.4705,-38.0993,-30.8754,69.1511,119.0101,213.1167,6.5600,109.8394,129.5329,220.6756,-66.6049,186.7649,-234.2064,-90.6458,16.8180
-131.6867,23.3592,-30.4935,-135.0563,-13.4705,3.9061,-7.1215,121.6594,267.5197,345.6108,12.5532,60.2884,150.9477,215.2608,-21.3383,285.6236,-254.7137,-15.3645,97.8752
-110.0458,124.0139,-10.0325,-74.4716,43.2347,99.2648,45.3617,227.2754,263.0579,448.5505,10.1968,91.7338,166.7514,207.6663,-42.4642,357.4560,-206.6292,92.5358,155.0112
-91.7478,160.8315,38.8474,-16.6366,96.2006,176.2777,60.2487,252.6740,128.9543,322.4229,7.2275,131.8728,145.6127,120.5754,-51.6175,322.7622,-141.8951,138.3955,154.4406
-82.7310,121.1268,86.5353,12.5293,114.7028,215.3538,29.6433,207.5873,94.3727,173.8885,-8.3781,144.0544,113.6783,68.4244,24.2814,240.4539,-71.8131,125.1411,140.4915
-29.8118,140.9807,113.5041,58.2510,95.5761,212.3374,15.0612,177.8436,168.3188,160.6802,-56.1495,166.5878,74.6830,117.8280,73.5660,179.1649,25.8580,123.1237,137.4465
44.1952,214.0659,112.7501,135.7027,58.2236,160.4125,61.3033,175.2898,215.8246,241.7112,-99.5640,213.7552,11.5338,171.4543,47.2316,194.8938,84.6826,145.0431,93.0247
99.3203,301.6308,82.8966,203.4708,-15.5618,107.2075,84.7592,161.2200,87.1276,331.7726,-87.2438,257.1963,-60.1635,201.9479,32.6217,313.9066,53.0910,131.1634,-28.3985
175.9165,449.1694,50.2256,240.4944,-113.8642,106.4233,-9.6339,124.8077,-161.2518,332.6778,-26.2311,284.3335,-99.5051,278.6230,35.7990,450.3089,33.9685,85.4662,-138.4953
311.8453,610.3966,82.2927,282.6104,-137.0298,134.6530,-106.0402,91.5533,-184.9878,237.3695,60.5818,309.2705,-69.8482,361.0617,27.3455,489.2200,124.0448,88.8776,-143.2937
490.0746,696.2689,209.5534,347.5337,-52.2075,133.0766,-43.6424,63.3490,52.7930,145.4514,171.2923,326.4231,29.5760,368.3985,50.9611,422.6548,256.6153,107.5788,-103.5657
679.1391,779.7175,352.5786,402.8719,28.8303,95.3632,73.7972,18.3829,116.4265,86.5974,277.8093,324.0958,146.7798,349.4774,91.9032,323.4532,335.7814,53.1544,-104.5941
800.9667,909.5423,405.4961,439.0969,31.4527,65.9148,83.2003,-0.2410,-58.6525,68.2679,333.3137,330.8533,236.2201,348.0390,101.1995,277.5136,351.5554,17.5121,-94.2891
760.7722,922.8798,355.1104,460.3579,3.3393,63.2726,77.6642,65.3798,-66.4214,153.4919,328.5808,344.5359,295.6923,298.9220,124.6278,311.7044,311.9463,49.9568,-14.4145
599.7108,751.5510,262.5346,427.9785,-14.0274,63.8784,167.1584,162.7871,121.6234,279.8184,286.6341,296.8529,307.6836,212.2240,168.8106,335.3908,229.9760,-56.8413,92.5251
449.0565,586.2089,183.9777,338.3830,-26.1761,70.8211,240.4636,235.7628,208.7425,323.7594,233.3726,203.2667,253.2582,196.6169,163.3991,276.5841,154.0298,-301.6674,199.9777
333.4450,515.9592,138.5363,253.2577,-26.4594,102.5239,225.7617,322.3552,187.2328,340.3094,179.4112,161.4857,188.2417,227.6455,146.6131,211.0245,101.4487,-317.1599,316.6008
217.7881,417.3578,110.7734,183.3381,-7.7432,126.6942,214.6805,404.0428,178.0197,386.2023,111.1451,143.0714,168.8091,171.3587,179.8682,204.9334,47.5406,-43.7104,402.7703
137.9012,291.2746,86.4011,115.7639,28.6233,133.8299,232.1067,423.2408,195.0596,387.3288,36.5579,68.9347,161.2133,37.0624,198.4663,209.3900,12.5525,161.9987,441.9035
100.6786,257.8352,82.5569,112.6642,91.6056,187.3547,234.6291,460.8140,281.4210,393.1354,-1.7137,21.1724,136.5583,-41.8839,196.4606,198.9358,36.4512,205.5576,487.1486
37.4077,266.8111,99.6790,188.6929,157.8737,279.1752,255.5564,573.1506,398.6956,505.8723,-19.5321,64.5108,126.2698,-24.1696,262.9712,201.4344,89.6703,267.6477,544.4863
-39.9123,227.3853,94.0046,250.1053,176.9731,319.3818,312.5458,639.0997,474.5199,613.2039,-70.8532,88.8758,138.9997,35.7229,358.9546,223.7119,124.7085,329.3136,574.6524
-51.6025,225.6689,64.9820,273.5841,164.4003,321.8809,367.0729,624.3561,628.5200,619.5770,-99.5717,72.6045,167.0970,114.6652,400.9819,277.8470,151.4579,312.1483,590.1846
-20.3459,302.0989,74.3569,301.9008,170.7906,351.0104,412.1443,629.6130,766.4058,603.3359,-22.3427,131.1510,217.3080,209.5207,419.8559,335.6161,175.9151,286.6150,579.4150
-21.6462,336.6454,121.0302,290.0685,167.1886,350.6541,392.3097,603.4955,511.0318,539.7948,77.9057,219.9137,244.5912,276.5421,402.5755,299.0515,163.9839,248.7946,467.0892
-42.2489,316.5116,133.7212,220.0368,104.5369,276.7883,231.4370,456.8102,75.9568,370.4052,91.7281,213.6134,212.1584,277.9572,302.6364,192.9235,123.5696,164.9288,274.3130
-35.7308,345.3777,113.6684,200.8071,32.7714,217.0471,59.3043,305.3022,66.1966,233.1119,84.0533,178.8996,206.6924,240.4398,234.1909,168.9722,115.1435,145.6490,121.3329
-3.0573,400.2847,125.3511,264.9772,26.9981,209.8512,49.0748,228.7467,267.2161,179.2080,127.8893,209.1662,294.1506,211.8686,280.5168,230.5633,153.7659,202.4752,42.9721
38.4159,410.4769,155.4743,318.8115,61.3914,193.6540,81.3111,144.7607,95.1032,71.4968,149.6696,238.8683,376.7009,197.9303,301.1682,259.1644,199.8564,196.6017,2.9397
61.1282,419.0223,140.8003,346.5741,52.9648,174.7058,-12.4446,83.3201,-182.9198,-40.5731,99.8486,226.2140,359.4755,188.9696,217.5776,231.2133,241.0732,158.2755,9.2373
39.3092,458.7432,96.7248,399.1200,-16.8760,202.9936,-118.4112,133.3855,-103.3862,-13.7940,41.4031,222.0126,278.7068,199.9167,154.9493,156.8351,285.2757,203.3580,45.8728
9.2242,491.8258,80.3935,448.1753,-79.9573,250.8227,-114.7252,194.8815,54.4559,49.5718,8.6214,231.0095,194.1935,216.8005,175.1445,53.2992,300.7559,268.5576,44.0150
21.4411,505.1365,84.7988,442.3858,-70.2783,271.5336,-93.5923,176.5614,15.2393,60.1105,-17.9645,228.0230,134.5077,174.7076,203.5276,40.5510,255.6880,275.4780,14.0597
44.0556,472.2581,67.2284,381.4442,-10.6082,258.4610,-101.6240,164.4773,4.5392,115.0874,-31.7807,203.7734,112.9072,69.0377,181.0364,134.7384,174.5752,254.0740,23.2459
18.4107,354.8574,20.6101,277.4827,19.4361,210.5257,-73.8245,179.1544,64.9151,146.4704,-27.4878,134.9556,100.9757,-9.4802,102.9341,132.7701,93.0839,195.5566,48.6868
-56.7956,221.5901,-34.8245,161.6558,-9.6809,151.6496,-41.1024,138.4281,17.0967,-9.3736,-26.5797,55.7720,86.2261,-17.1687,42.1150,-19.9513,16.7967,106.7204,31.9201
-161.8786,149.3326,-81.2319,76.9109,-56.6218,138.8737,-61.6210,78.1096,-28.8869,-190.2991,-34.9747,45.6241,110.8782,-5.5489,88.8177,-115.0720,-44.0796,79.1027,1.2878
-261.6820,105.3068,-106.2307,26.1652,-79.4731,187.3989,-85.3456,78.4721,46.8261,-129.2300,-45.6650,71.4952,153.9339,4.8625,153.7672,-53.0451,-65.0688,103.3148,2.4463
-273.3808,121.4806,-104.9029,19.3244,-77.3630,226.3547,-75.7857,106.6226,101.1414,99.8801,-54.0869,68.0498,147.1928,52.5760,102.8719,60.6222,-41.8019,80.5125,17.1535
-162.0313,288.4654,-80.7914,81.7033,-77.4629,147.1703,-49.8617,121.5417,116.5224,245.4324,-40.8702,95.1207,139.8161,136.0247,70.2405,118.0268,13.6479,18.0874,34.1901
-13.3134,470.6603,-37.1538,141.1261,-87.6509,-51.2657,18.8269,131.5080,200.9662,207.6526,8.0127,166.5446,209.2240,197.0948,203.6017,66.7809,92.7594,-42.7126,86.8643
89.8390,455.3390,25.7088,103.5227,-67.4202,-177.2026,121.6383,115.4603,255.0625,45.1760,71.1237,157.5574,278.8804,179.7795,290.9268,-37.6821,178.6915,-116.4642,170.5259
156.8867,357.5439,100.3457,51.5358,-4.3554,-80.4619,159.6578,70.6936,236.5584,-98.3074,111.4439,67.5388,255.1611,82.4691,139.6950,-40.8513,245.1273,-159.4347,217.6351
209.3610,414.7728,158.8248,116.5528,25.0661,86.5095,114.2084,52.7896,343.9228,-84.3337,104.3622,48.8462,196.3561,-13.7374,-15.9198,59.1754,276.8187,-122.9294,189.0709
247.7043,547.2426,160.0707,224.6003,-19.0364,97.7887,80.3419,60.7866,506.2251,55.1467,60.8733,107.9992,185.4173,-34.9775,55.6537,90.0143,273.9175,-87.3781,125.3421
293.0260,551.2515,91.5546,226.6938,-56.3730,-4.8038,78.7125,31.5613,366.1473,130.2888,27.6276,107.6436,203.5329,-28.3587,183.4177,2.6256,244.7430,-121.6980,83.0216
335.7575,475.6792,-3.8384,149.4532,-47.8606,-66.8760,44.4854,-20.3053,23.0019,36.2955,22.0934,24.8565,197.1779,-56.3722,167.8241,-104.3907,199.1865,-172.5053,71.2050
316.1799,457.6532,-57.4650,95.7513,-64.2729,-93.5836,-18.4457,-29.2738,-42.5485,-107.1751,17.8755,-45.0799,147.5019,-77.9319,95.0894,-158.4517,148.4991,-208.9610,66.2895
252.1511,449.6198,-29.2946,61.0506,-111.2866,-155.7101,-62.8015,-35.7196,148.7746,-133.6774,23.0967,-57.3675,70.8746,-90.2753,60.8232,-128.9622,115.7941,-258.9002,37.8250
238.7943,366.2831,49.8083,20.4592,-116.6704,-236.8423,-113.4898,-127.9912,186.5431,-78.3439,57.0036,-54.1368,-3.7461,-174.9050,2.7225,-76.2631,123.2056,-285.2180,-28.1267
261.4820,282.1856,97.3523,27.8450,-91.8193,-269.0073,-193.9050,-239.7772,109.6578,-77.3259,67.0017,-82.9969,-60.5308,-278.3546,-82.6291,-123.4152,156.8913,-217.9062,-80.0089
210.4965,294.0220,84.2834,99.4225,-75.8354,-205.8211,-228.0039,-221.8447,183.9841,-94.1928,16.9703,-112.1890,-82.7986,-252.8764,-100.1264,-210.1226,179.6094,-83.3739,-48.5228
100.6212,335.2887,76.6621,153.9387,-32.3811,-92.7512,-170.9459,-111.6430,244.8689,-33.4694,-24.7371,-71.6292,-55.6805,-149.2782,-45.6651,-187.2279,179.0280,7.9161,19.7508
48.2111,276.7248,106.1750,140.4563,21.0987,-54.7727,-124.6446,-81.5703,132.9679,16.0399,-17.2467,-5.8994,-18.2699,-131.9314,12.7975,-134.8288,162.1021,-13.0626,18.2581
50.2660,120.8435,98.0977,77.2268,-6.0782,-123.5496,-171.2374,-145.7458,125.0425,-13.2736,-22.9132,-37.7610,-20.0192,-186.5161,67.6354,-151.5203,118.2601,-102.8655,-31.2579
10.8512,-30.4485,18.0358,-34.3257,-80.0054,-193.7069,-226.6706,-184.9325,300.6102,7.6391,-64.7497,-147.3795,-26.0654,-209.7468,120.7476,-126.1913,35.4339,-173.4886,-32.7925
-68.0630,-128.5952,-46.1643,-172.5094,-75.8673,-204.5238,-195.8538,-175.0748,354.3042,96.6202,-80.2563,-200.4516,16.9097,-205.5812,127.6372,-76.0946,-58.8704,-190.5814,3.0765
-106.3838,-170.8757,-34.1217,-234.6185,5.7830,-183.0605,-115.7029,-148.5620,278.5621,86.5322,-46.6411,-179.5009,84.3863,-190.7947,84.5769,-163.2105,-104.2218,-157.1482,18.5794
-77.4960,-119.7104,2.7156,-167.2504,71.6422,-134.7769,-50.4256,-88.4594,274.5718,-16.9180,-2.2402,-161.1827,132.9612,-133.9291,50.6870,-268.9830,-68.4072,-81.5121,21.9853
-12.3179,31.0766,13.3229,-53.1956,84.6488,-71.3598,-9.2968,-26.6004,201.8400,-76.3255,32.6907,-144.9122,150.3346,-69.6346,66.8205,-203.1131,8.9040,-19.8362,13.2233
47.9023,177.8049,13.8630,26.1849,61.4874,-54.1136,7.0483,-46.0175,-31.7818,-134.1559,61.4519,-99.6845,137.9233,-64.9382,125.3691,-114.8826,72.1894,-41.2400,-32.1137
81.0508,216.9463,30.6407,67.3824,42.7202,-102.4161,9.5670,-135.2219,-140.9149,-250.1021,81.5861,-64.1867,132.3797,-93.3551,170.4313,-146.5984,120.4600,-131.3793,-78.4060
111.9071,182.1686,53.0533,61.8905,58.2425,-174.4748,19.0654,-220.1394,-55.8814,-299.1501,84.9471,-72.8509,157.4236,-91.5638,133.7994,-170.6547,152.3991,-231.9660,-94.0221
158.2949,179.0388,43.1915,-3.4886,55.3161,-250.0820,14.4972,-277.8076,-19.0841,-234.8660,60.7223,-101.5646,145.2811,-72.9665,47.1689,-160.3185,119.5551,-322.9126,-115.4174
172.2738,220.0789,-8.2350,-90.0350,-18.9902,-329.6205,-16.8263,-309.5007,-14.4242,-197.7611,13.4884,-132.2244,58.7780,-96.3055,19.1680,-216.1409,30.6518,-392.6490,-146.4189
135.5789,217.5663,-48.8647,-148.0376,-95.5143,-386.5282,-33.2995,-315.2021,64.9760,-243.2383,-25.4040,-165.7155,-8.7097,-166.0126,53.5451,-254.2748,-20.1009,-417.8704,-150.3335
112.3320,139.8126,-55.4253,-161.3721,-117.4884,-385.5179,-33.1690,-310.2415,29.5106,-297.7815,-42.7369,-185.1861,-14.4987,-215.7460,60.2205,-200.8089,-13.7920,-399.2916,-149.4133
114.5068,69.4834,-94.1310,-151.4465,-155.5790,-333.1206,-53.5343,-295.6283,-180.9836,-335.2913,-62.7903,-183.7023,-47.0407,-201.7685,26.0482,-199.8100,-29.5826,-357.7668,-168.3008
91.8737,63.3724,-172.1638,-179.4235,-230.1408,-285.2117,-61.5371,-280.6155,-285.2970,-356.7342,-83.4122,-184.6750,-113.3478,-162.6210,-2.9862,-291.8459,-67.0236,-320.0506,-165.8911
73.4142,60.7984,-166.7677,-271.2370,-241.3924,-276.6656,-28.9773,-307.1540,-198.8752,-337.6354,-62.6455,-196.0551,-102.7157,-145.1203,-13.2067,-310.2579,-44.6152,-302.1570,-135.1527
93.4940,-0.9794,-41.8555,-355.9322,-162.5810,-268.5762,-14.2150,-350.2198,-127.7562,-299.7898,-2.1976,-198.9471,-3.8034,-148.8386,14.2766,-216.1469,32.0706,-264.7155,-120.0467
73.5179,-76.5288,63.7840,-370.6393,-60.5437,-214.3166,-11.4839,-313.3777,-115.0199,-277.0887,42.9911,-189.7342,89.6187,-164.8567,83.9355,-137.9492,87.2870,-155.1478,-98.6318
-5.7767,-90.8955,79.5819,-335.9069,57.0695,-116.8168,70.4208,-182.4213,-51.2311,-230.4959,61.5413,-181.9346,160.3544,-173.8509,127.3411,-118.5734,110.4174,-8.3116,-1.2672
-28.5355,-60.0829,99.4346,-284.1049,201.2641,-11.9255,201.1705,-27.6697,35.9444,-131.4624,93.0613,-180.3860,245.9948,-154.1367,106.8233,-106.0293,131.8805,91.0775,171.5059
11.9983,-62.5738,164.2455,-252.2626,298.6770,12.0543,257.7842,106.1806,60.9152,-43.0102,123.6451,-190.3190,293.5448,-149.6212,73.8371,-94.2123,135.4925,113.6375,329.8656
0.5696,-119.8163,184.2257,-287.4084,280.8137,-110.6737,228.5354,184.5192,36.3293,-17.1724,93.3744,-216.7448,218.9820,-189.0580,57.7514,-108.3215,100.5601,89.0294,373.2387
-30.2829,-171.2979,113.9477,-334.8156,184.6410,-242.3298,173.5215,181.5181,4.2495,-18.7014,17.3709,-233.9548,78.9129,-182.6774,51.3211,-128.5074,75.0896,68.3720,303.4711
35.8269,-160.1882,17.0883,-282.4681,96.6404,-190.6272,118.6105,140.7607,-16.5589,-23.7427,-34.4279,-204.1643,9.6898,-92.3343,62.4057,-122.8409,125.1562,80.8432,235.0864
135.8874,-73.0235,-42.0515,-154.4721,58.4371,-44.4047,103.2544,110.6437,-8.6195,-63.5843,-60.9511,-134.3037,6.4000,-18.6232,61.8588,-112.1164,228.4922,94.6008,224.6726
134.1759,68.7595,-52.2570,-52.1263,47.0727,-3.8819,143.8813,89.2709,8.1988,-98.5164,-99.3179,-71.3774,-39.9728,28.2699,16.6917,-114.3264,288.5091,90.3674,209.1568
49.0720,170.1642,-29.1813,7.2410,37.3651,-16.9683,159.7050,95.7202,-13.9474,-27.9934,-127.5360,-45.1094,-106.9458,127.1628,-12.7401,-83.3761,268.3884,115.6212,182.9058
-17.9092,127.2884,2.5230,21.7657,55.4487,41.9504,109.2963,142.0161,-43.5293,89.6266,-109.6329,-43.5585,-87.7427,205.4980,24.1369,-16.7648,228.5567,163.0610,213.6373
-16.5739,17.7282,24.0660,-25.5156,112.9839,101.0562,68.3578,158.9557,-10.4148,74.5159,-52.2236,-48.7187,-16.3361,162.6145,70.7771,-1.7750,207.0658,147.6501,248.4842
44.0900,17.5400,36.0675,-70.3965,142.3809,69.2380,56.7863,93.9529,15.9945,-53.7523,33.2038,-80.2740,9.9598,70.4754,82.9257,-47.1249,175.7948,67.5193,170.2181
101.7814,89.0821,47.2372,-66.4879,89.0090,-28.1448,-1.2736,-20.1694,-70.5324,-118.0080,118.8150,-155.5007,6.3848,-7.5353,74.2140,-71.5943,130.4032,-9.7566,10.7960
103.4351,57.1589,57.2138,-82.6572,-5.7819,-157.2123,-99.9600,-144.9647,-164.9944,-137.2218,143.6117,-209.9543,1.9253,-81.9354,41.4554,-84.5116,97.7802,-77.5546,-116.0183
82.9663,-53.1513,55.5186,-139.5552,-78.0300,-265.2779,-149.2757,-245.3445,-161.9537,-242.4919,105.0624,-180.0596,-33.9135,-87.6193,-1.9704,-122.1551,61.0925,-137.2029,-176.8703
70.4031,-106.9599,32.5970,-175.7346,-109.7915,-295.6212,-132.2784,-271.9985,-219.0704,-337.6185,66.9013,-153.4496,-78.7272,-38.4192,-26.9860,-115.5372,-11.8591,-166.5211,-174.3170
17.0276,-136.0095,-5.3756,-209.4454,-106.2878,-301.3498,-97.1407,-232.4497,-363.3642,-254.1090,36.8977,-236.4618,-91.4320,-95.8703,-61.7822,-49.7106,-96.1774,-198.3131,-102.8852
-81.9428,-217.0990,-42.2752,-272.0350,-83.6078,-313.4147,-62.2809,-172.5182,-303.1400,-82.6564,-23.3690,-328.0807,-110.4187,-217.2478,-105.3018,-19.6273,-148.5655,-236.6844,-13.9744
-154.2762,-298.9834,-83.3079,-298.8363,-72.5139,-240.2320,-43.7987,-105.5809,-78.1101,-15.2524,-99.3001,-284.5060,-156.7318,-193.1949,-89.9130,-25.9162,-176.9126,-212.3028,11.0597
-181.9686,-327.2463,-150.2129,-282.1526,-96.9955,-113.9926,-75.5273,-62.0518,-118.8063,-50.4983,-156.2734,-181.1636,-193.8006,-79.8524,-47.2343,-6.1197,-212.3510,-166.9864,-34.3454
-198.4548,-319.7809,-227.5845,-302.4237,-155.6849,-101.6169,-129.5753,-79.8107,-372.2950,-65.8938,-190.1114,-150.5715,-224.5580,-48.5504,-61.9084,7.9589,-244.3516,-204.0457,-76.8472
-210.0188,-311.8201,-260.4287,-335.9867,-209.6204,-173.1311,-129.7584,-107.1389,-373.8242,-15.2572,-197.5276,-160.2529,-246.7250,-18.7268,-69.6768,8.8412,-232.2138,-235.3751,-58.2655
-236.2259,-349.1353,-233.5055,-287.6352,-205.9630,-155.9884,-78.5136,-76.0256,-160.5075,39.2718,-195.9389,-142.5377,-216.4978,91.6813,1.4670,57.6934,-175.5552,-131.4322,-2.8752
-305.9931,-406.7434,-202.4901,-166.6985,-154.4012,-47.6897,-45.0218,-5.0596,-66.6102,30.3952,-229.0729,-106.6309,-175.6512,147.1109,49.5087,105.7777,-117.9663,15.6469,44.5946
-381.8738,-369.7558,-208.0795,-46.0194,-113.6930,48.7045,-22.8576,77.5486,-15.5700,10.9567,-280.4153,-62.0652,-195.2407,89.3443,8.2779,72.8562,-69.0070,83.7557,110.0052
-417.0791,-261.1962,-217.0230,34.9310,-82.5862,98.2955,49.7565,158.1063,113.5545,84.4254,-293.9577,-40.5542,-207.7439,25.1622,-25.3627,31.1177,-9.4209,106.7136,206.2506
-424.7296,-233.2271,-197.6319,60.0016,-30.0613,85.0382,142.4030,181.3058,119.0409,187.5726,-281.3656,-95.2199,-150.1268,1.8691,0.5858,45.4439,22.3632,108.4627,237.1044
-408.9409,-254.9764,-179.7644,46.5694,-1.7816,16.0465,170.8764,135.0963,-10.5563,168.1013,-271.2796,-163.6471,-107.0849,-0.4643,33.6145,45.2010,-18.8042,66.8756,151.7077
-352.3390,-204.6005,-173.9973,38.5386,-32.4142,-40.9188,142.6026,89.0103,-29.6183,68.5037,-232.5626,-148.8085,-113.1037,-1.2966,44.5192,8.0890,-63.5304,33.8607,59.0466
-278.0280,-158.6997,-120.8599,51.7204,-44.9618,-57.7778,109.1332,61.9781,24.3334,34.6813,-158.0082,-104.2286,-88.2988,-33.2516,20.4700,-1.7794,-19.3636,45.9657,30.5507
-207.5745,-183.6705,-8.3935,88.2712,1.4266,-54.8983,51.7755,16.7540,-61.4561,35.4428,-99.8862,-95.6451,-49.9753,-66.5150,-50.8417,-1.1030,59.4314,57.6266,-13.6125
-129.3674,-166.1194,62.4195,143.6697,15.8975,-28.1092,-51.1906,-38.5402,-235.3002,-24.3410,-74.2456,-72.4097,-77.1520,-50.6187,-119.3904,-42.9349,62.2687,57.6674,-110.1850
-57.6079,-116.0424,36.9225,168.8356,-41.5645,-7.5997,-139.7774,-82.0076,-315.2043,-91.4767,-49.3010,-48.9321,-120.3684,-57.5497,-126.4010,-76.3645,8.1554,58.8470,-172.9720
-11.6562,-159.0598,9.4487,139.4664,-75.7924,-48.3832,-158.8926,-103.6170,-279.8188,-103.7386,-17.6325,-102.1569,-112.8088,-127.1690,-87.9564,-42.2636,-20.4958,30.8294,-165.3955
27.4150,-209.9198,49.5134,111.3853,-42.1429,-105.5123,-142.1639,-74.7181,-238.1987,-107.6452,-0.3138,-155.7378,-106.5906,-135.0647,-57.5947,-12.7988,-33.5633,-13.6855,-149.6932
51.1615,-160.4473,72.4413,108.1162,-18.1744,-101.0072,-145.3658,-24.0666,-259.2729,-118.2720,-12.6328,-109.4101,-126.7223,-51.2998,-73.8692,-80.2410,-77.0011,-19.6804,-157.3820
16.9671,-148.7493,4.8993,90.3294,-47.1865,-52.5680,-169.3172,-35.6779,-263.9494,-99.5911,-46.3827,-58.2421,-105.5972,-9.9250,-119.2514,-173.9326,-118.8328,-1.2999,-161.5250
-65.1653,-249.9402,-80.9530,69.2131,-77.5611,-2.3859,-188.6231,-88.0386,-183.8916,-70.4550,-68.7427,-98.9787,-35.4770,-22.3744,-111.9772,-158.1759,-112.1921,7.2711,-155.7391
-147.4099,-317.4691,-106.0361,79.4083,-64.1559,40.7359,-197.3764,-89.3094,-161.2327,-45.7892,-64.0949,-148.8885,16.2598,9.4100,-39.9224,-78.7405,-83.1745,20.7111,-153.8286
-198.8389,-306.5458,-96.7483,92.7568,-13.7477,58.5547,-184.1805,-49.8434,-276.3398,-0.4264,-56.5549,-122.4897,38.0377,67.3147,-10.1446,-79.4016,-68.5347,38.6592,-132.9113
-200.6040,-309.9958,-92.5760,88.5257,48.2938,56.0847,-117.7574,-20.9741,-318.6603,23.3132,-63.0178,-56.7599,65.3072,89.7344,-43.3402,-116.9118,-60.6390,54.2434,-68.4609
-184.4500,-328.7024,-89.9486,85.7134,95.5593,63.7916,-13.3334,11.7458,-183.2597,-26.7550,-74.6598,-31.7961,92.8419,83.2325,-24.3270,-67.0157,-65.8437,81.1686,-4.8756
-212.5903,-330.4530,-88.3475,62.1702,123.5517,59.5620,59.2856,48.6309,-49.2670,-76.2754,-78.5618,-98.0546,105.3009,47.9946,62.4217,-8.5956,-112.2879,66.8332,9.4054
-237.5404,-332.4409,-85.1610,-12.2661,154.0070,16.3781,84.1242,61.5317,5.9756,-51.6397,-58.8716,-208.6130,124.1828,-11.7921,107.7881,-64.0671,-190.6288,-51.3236,8.4207
-163.3974,-318.6465,-71.0336,-101.4816,173.6453,-25.0434,104.7027,68.8599,26.8278,-12.6053,-26.6238,-242.8624,148.3122,-50.2377,89.0260,-147.6184,-277.2814,-189.8859,24.3955
-54.2208,-303.8456,-67.7984,-173.0052,137.0434,-40.1341,107.7037,78.9965,-28.7778,-24.9728,-32.2696,-195.8071,128.3687,-59.0943,71.4788,-152.2528,-360.8847,-244.2066,26.7452
-27.6257,-362.0189,-85.2777,-247.5930,70.4017,-60.7325,52.3717,53.7704,-84.8869,-82.6008,-77.5553,-180.8648,54.5305,-61.8096,74.8852,-121.9059,-392.9988,-260.1618,29.4405
-34.3608,-439.0044,-79.5963,-317.4609,54.2001,-82.4254,-16.0487,11.5798,3.3015,-143.9430,-99.5320,-198.1293,-19.6263,-54.9262,82.3509,-89.6898,-340.3054,-279.9632,83.2943
8.4417,-390.1236,-43.8074,-319.6692,81.6763,-47.0762,-38.0437,31.9797,89.5463,-107.3182,-87.5776,-149.7063,-72.0101,-51.8953,71.6153,-41.4255,-281.4448,-231.8760,139.5261
53.0033,-232.3203,-34.0976,-229.5538,75.9461,67.8105,-46.2901,127.8843,28.7072,35.4379,-82.7437,-48.2555,-129.3811,-65.9922,16.2795,-42.6008,-279.3964,-113.8725,127.8836
63.7928,-103.5877,-54.9366,-113.0170,28.1688,189.1081,-88.3330,210.2475,6.1879,31.5207,-87.3974,27.1560,-190.3825,-57.4096,-51.7684,-138.2506,-249.9685,-37.8997,94.1533
90.8612,-56.8005,-62.1836,-45.9572,-19.3485,210.5113,-148.1768,194.1494,62.2386,-221.3960,-104.8317,69.3404,-233.8118,-23.1359,-73.4625,-222.9128,-135.4290,-33.3748,86.8750
137.8960,-61.2636,-59.8259,-16.4183,-55.4987,147.9047,-183.5266,110.9805,-35.1987,-354.5273,-147.4477,93.9539,-260.3893,-15.1966,-80.0529,-193.1506,-29.4354,-20.6745,72.9067
157.6889,-85.1831,-57.6675,25.3473,-64.5126,123.1478,-162.2472,58.2300,-219.7044,-186.9578,-149.0557,98.2899,-255.0012,-14.3872,-118.1795,-114.5054,-1.3894,35.5160,34.9632
135.6279,-107.7632,-29.3453,62.4568,-23.2103,139.9980,-98.4511,31.3713,-230.5253,-122.5235,-62.7108,97.4783,-198.9997,31.5936,-126.1580,-126.1760,-17.2785,95.6472,-25.7819
76.3887,-109.4589,9.0846,66.1909,29.4200,100.3491,-50.1875,-38.6202,-134.4211,-303.0344,15.8090,94.0439,-136.1136,81.1381,-66.2043,-230.8919,-55.7934,125.2465,-103.8628
10.2059,-62.5962,19.8991,74.8462,44.1723,43.9072,-14.0244,-93.5935,-91.2633,-285.9681,25.5186,70.0291,-109.1164,63.2111,-29.1772,-269.8248,-94.7047,125.9824,-113.0317
-3.2875,16.6377,34.7205,103.8366,47.9902,68.4019,68.6821,-45.3523,-43.0333,-20.0087,55.7332,35.6579,-75.4502,-12.3935,-47.8619,-159.6760,-76.2594,118.0662,-8.0350
27.1821,34.9067,83.9757,108.0443,84.4585,119.8401,169.1242,24.7394,42.5770,30.1898,133.0859,11.9806,8.5374,-63.4244,-18.1402,-27.2552,-22.3167,124.3865,81.4542
25.1378,-32.9021,122.0372,98.6122,150.2420,144.7590,226.5725,40.2481,117.4672,-95.5264,159.6182,20.1382,105.8678,-3.9880,79.8278,14.8391,-9.5918,159.8702,92.2254
-21.3174,-79.6500,119.7804,126.3057,224.3635,211.0404,280.7485,95.0535,190.8755,23.5155,123.1430,86.2445,163.2342,139.8739,131.1727,17.3180,-15.2703,211.2326,150.7393
-59.4222,-63.0932,106.8497,160.5886,278.4778,307.2053,344.6170,216.6153,229.7098,235.3900,97.5493,152.1840,169.5010,219.1583,118.2364,14.7846,15.0992,236.8358,269.1244
-63.7268,-47.3523,101.1485,153.0737,297.8316,345.8320,341.3834,275.4573,224.5844,164.1508,84.4976,113.8785,151.2036,174.0804,146.7209,-2.3583,51.8700,233.1477,313.5781
-36.2306,-28.5720,107.1748,135.9918,320.8106,371.9127,301.6172,253.8011,277.8747,-0.7903,64.4038,41.4753,151.4138,124.0904,223.7607,58.0640,76.9701,257.7908,306.5318
1.6164,18.6704,127.6644,140.6450,356.6382,448.1543,322.3322,259.5183,308.5078,34.9677,66.8650,94.8707,163.0276,157.9428,244.3680,212.1137,115.4700,306.5004,337.0922
19.8131,47.3112,126.0542,142.1062,326.4920,479.6326,341.5008,278.1853,135.1824,125.2746,80.5914,204.0205,124.6527,213.0504,185.4756,250.9328,141.7941,279.9615,334.1490
50.7128,79.0306,77.0071,130.9984,213.3408,389.7899,282.9496,221.4288,-36.0975,110.6085,60.0477,192.3359,45.9829,195.4855,125.7803,107.7091,137.5240,179.5711,262.0327
140.2494,175.6060,31.1276,131.2686,124.4265,260.2702,242.9465,128.8218,83.4658,80.4104,30.8897,125.6615,12.4974,95.6152,106.6610,30.5743,152.9181,146.2302,231.9238
230.4753,248.0419,38.6992,156.7590,104.1463,186.8831,264.0570,98.9769,274.0294,76.3764,43.6138,160.9468,27.6454,6.2645,98.3563,130.0707,193.5070,205.9341,249.2580
261.2213,224.2914,85.5197,209.5011,75.4939,176.4287,231.2212,129.7672,219.3973,66.2633,79.7420,240.0210,19.0115,23.5677,65.8279,205.4173,219.1078,231.6617,204.9894
286.1400,234.3040,145.9686,295.5374,11.4308,190.8141,132.8694,149.3420,46.0876,74.4944,100.9229,252.6143,-13.5440,99.6417,12.7142,162.0634,264.5655,205.7329,119.2642
324.9368,332.8757,202.6540,410.6371,-22.8163,196.1212,83.0205,127.2070,-23.2890,84.8812,111.1617,249.3060,-17.7318,114.6948,-19.9006,124.2517,356.8774,218.8153,90.8712
304.0911,357.5887,222.1386,493.1436,0.2617,176.4579,87.9465,84.8034,-3.3904,54.4434,125.9235,281.0935,9.8100,65.3949,-2.3429,110.5993,404.0989,229.8067,101.5371
239.9152,251.3154,185.3647,444.4377,25.5793,110.3769,68.1399,27.0338,25.7832,17.6252,141.6054,288.3138,45.8174,17.3869,43.4637,30.8830,338.1506,144.7528,62.1702
213.6662,172.3222,110.8970,291.0569,-6.6298,2.6332,6.9896,-48.7780,13.3172,13.3587,141.2560,245.6761,71.3545,-0.8600,78.0594,-54.0449,226.4959,52.4666,-36.4426
179.2740,217.6734,38.0284,209.7607,-72.6959,-38.8913,-57.9799,-77.5525,-33.7897,62.3107,113.4994,204.2609,62.0060,43.6533,84.6560,-8.1007,156.7770,86.9303,-98.0862
71.4133,302.4045,10.7928,248.0880,-82.6905,55.8603,-66.9773,-11.6226,-5.2847,177.7036,77.9649,180.8118,27.9991,129.5970,69.4502,134.1330,143.7506,178.3518,-45.4509
-20.6601,296.6879,28.1442,235.0620,-28.6004,137.4277,12.9493,42.8525,114.8699,242.8326,65.2642,144.9237,13.3239,129.4691,70.5541,222.9230,144.9633,183.2890,54.7919
-19.2421,172.7982,23.4516,103.7356,-12.4786,74.4326,107.3676,-7.1079,199.0018,131.9890,62.3311,88.1600,25.2327,28.4772,128.1879,210.4182,92.1946,126.5812,95.7289
-3.6972,38.6020,-35.1153,-0.3474,-50.4853,7.0173,137.1876,-44.5320,240.6384,-9.5718,36.5394,42.0339,44.6830,-13.7500,207.7554,173.5712,-22.0147,129.0204,101.4228
-34.1567,-0.4708,-83.7112,0.2590,-34.3242,66.2949,149.0151,27.5950,291.3990,16.8931,12.4764,43.1902,73.0259,50.0607,236.2457,171.5923,-87.4665,204.8881,123.4938
-42.5961,35.9432,-59.5458,46.3562,48.3119,134.3375,180.2064,68.6669,239.5779,107.2293,37.9873,86.2950,100.2807,104.1194,210.2166,175.2639,-13.2523,266.4687,103.8189
15.4816,105.4450,16.4868,117.4259,88.0294,99.0805,161.8438,-28.4485,42.4353,91.1165,84.5247,131.2709,103.3751,103.4473,167.5253,149.8874,127.0858,270.9499,14.3844
80.9624,213.2641,76.4714,212.3694,66.7325,-0.7434,86.6334,-124.2601,-110.3319,38.7610,89.7218,167.3025,98.3191,90.2001,120.5146,137.0564,193.2928,258.6900,-56.6279
95.7876,302.2849,79.5336,263.0230,67.7069,-135.3903,53.6087,-106.2032,-98.3270,48.1115,75.9695,201.8222,112.1848,92.2548,93.3383,172.0216,154.8685,242.7209,-63.9281
78.3931,285.9900,58.4984,216.4079,108.4838,-269.4253,93.2210,-90.5420,0.2345,51.3691,106.0975,201.5144,143.9515,138.9245,113.6822,179.2038,90.8073,165.0400,-60.0335
91.9550,209.5095,71.7038,108.1265,144.7798,-301.3280,146.0094,-188.7454,85.5497,-8.3406,160.2295,156.4174,203.6636,213.1715,152.1842,91.6272,73.0545,29.3571,-80.2042
166.6055,191.9424,97.9796,39.1620,167.9485,-226.6166,180.9097,-309.6509,112.6197,-57.5108,174.9464,141.4086,290.3072,220.7667,174.7157,15.4517,112.4354,-47.7853,-106.3696
251.3772,254.1740,80.5289,89.8398,180.4579,-160.7086,195.7901,-325.1165,118.7639,-17.1007,149.7509,184.9727,324.7242,139.6151,187.5664,87.5808,182.9070,-22.1334,-111.2998
278.7995,304.1846,50.2965,188.5228,151.2510,-148.2738,170.8119,-270.4831,169.1973,67.8465,118.8270,194.8714,236.8248,61.3430,175.5026,226.0672,237.4516,3.5071,-102.1158
264.6084,250.9792,60.3516,183.7379,72.0291,-143.7099,100.6556,-246.0814,190.1097,87.1504,93.5814,130.9356,99.2219,48.1688,130.1310,233.9116,220.7222,-11.2129,-117.2244
264.2154,134.2872,81.7694,97.3790,6.4770,-109.4484,33.8027,-223.7270,117.8915,54.4028,86.0411,80.2010,49.4011,88.0051,119.4651,109.0953,129.5793,23.5678,-130.4563
261.8946,97.4570,82.8363,62.0726,9.3793,-34.0997,31.1336,-122.1504,110.3948,92.8531,96.4812,77.9313,100.7274,129.6847,171.7701,44.0705,38.1499,110.3964,-59.8409
211.3832,167.8838,71.2390,58.2812,25.1521,40.9108,70.7480,4.8297,228.6848,190.8924,82.5843,56.3904,132.7994,109.2126,194.6175,122.9666,9.9301,139.1346,56.5957
140.6007,224.7860,27.0080,16.8276,-26.3344,52.9785,68.8448,55.2104,269.8417,213.0251,29.8473,0.4069,73.6581,34.6967,142.9504,196.7833,25.2888,115.4134,101.0652
101.0085,220.9632,-44.6306,0.1809,-94.2545,36.7657,43.3221,59.8333,207.2057,151.5746,-4.4478,-40.3049,4.9642,-12.6723,103.0532,121.7862,28.4155,144.0414,104.6193
78.3037,193.3316,-68.2503,31.5385,-76.4716,67.5447,99.9169,94.8052,218.6767,97.0164,17.5083,-53.3501,28.2730,-0.4214,120.6944,-7.1554,-4.4586,211.5098,164.4978
56.8705,131.9931,-27.2528,33.6600,3.9837,125.9312,206.3322,146.0020,230.3508,69.9576,60.5270,-31.0884,105.8306,52.3008,125.0475,-12.5098,-46.8157,242.5552,226.5177
80.5733,75.8520,19.7829,37.8203,65.0219,178.5663,222.5322,182.3026,87.8218,82.2835,83.5605,47.2043,144.6064,122.8030,77.8359,66.4381,-45.8244,270.8158,211.9047
153.9537,113.6964,68.6554,112.4565,102.7536,244.5604,163.1541,212.2218,-34.3849,153.4206,82.5380,120.1276,149.6326,147.6492,43.3411,70.6479,-2.3288,322.4883,178.9555
188.1502,169.6650,124.7463,159.8704,134.1522,288.4235,157.4840,234.3053,62.4832,218.4099,69.1132,104.1066,163.3537,101.6860,71.2971,31.6981,12.9749,303.1505,189.6100
131.9270,117.6709,135.6966,99.5850,147.7579,260.9731,216.0670,249.1682,253.7697,231.2959,57.3513,55.9557,172.8631,83.2438,125.1429,76.2104,-2.2240,196.2846,220.1195
56.4116,44.3766,119.5119,51.9082,163.3797,228.6640,253.7551,263.1494,330.5603,222.3455,56.6204,83.0969,184.3530,138.2191,153.1023,137.8898,49.2354,150.3891,234.3359
42.7418,64.1994,162.8873,120.5029,202.4220,255.8834,216.4337,238.9528,251.3164,171.7222,69.0999,152.5655,233.7025,175.9975,140.6019,91.8447,175.3060,228.7394,200.1073
71.1366,108.5553,242.7735,233.6045,243.0608,281.4403,107.7252,157.0395,141.9548,99.2830,94.9434,166.5079,277.1276,162.0735,90.4086,8.4868,261.0432,330.8337,119.8055
74.5652,119.3119,271.8970,297.5054,279.8002,253.5060,24.6537,81.5914,175.6989,137.9327,114.2334,128.9767,251.1035,130.4657,45.8817,-1.5225,267.8381,405.5126,73.3151
48.3608,132.4209,253.0832,304.9508,308.7385,216.7691,68.4961,58.5073,311.8844,231.6946,94.7528,102.2698,206.7824,53.7829,85.7888,20.6371,254.0165,443.0485,97.8247
47.6040,129.8457,207.7827,276.3294,274.4702,207.7489,148.4162,55.7448,307.5533,146.7784,44.0275,86.8306,203.4043,-55.9214,180.1295,16.3294,216.0048,334.9671,119.9676
81.2424,88.4333,108.7978,207.8287,168.7583,206.1451,115.7023,54.0730,132.1437,-42.9548,-5.7711,25.8958,181.5430,-111.0416,177.2304,6.6976,109.2987,86.3331,108.2442
84.0825,53.6028,-16.8655,81.8505,74.4685,179.4923,39.0436,70.6102,7.0246,-41.4719,-51.5289,-106.5598,100.7589,-127.8530,51.3327,0.2331,-38.5751,-29.5531,113.2012
29.5643,30.8831,-94.2402,-76.5858,31.9041,110.3463,41.9279,105.1799,16.7440,110.3218,-83.8722,-248.7041,37.8763,-175.0759,-44.1487,-15.9422,-164.1231,119.0698,135.2534
-22.6854,1.5494,-112.6830,-178.5746,21.7208,21.4724,70.2483,151.0274,83.5409,158.9578,-71.7095,-305.8745,39.7620,-200.3322,-36.3340,-33.0159,-227.3366,268.6950,146.1925
-39.9019,0.3794,-109.8018,-169.0212,53.0448,-33.2634,82.5757,210.3693,167.4454,131.1407,-47.5359,-266.8271,56.3804,-148.3901,5.9728,-56.2512,-212.8862,219.3608,177.0359
-58.5800,22.3943,-111.4608,-102.2388,107.0997,-30.9953,150.1865,275.6062,213.4213,189.2812,-75.0832,-205.1233,65.3802,-79.1384,41.7403,-93.8709,-157.2045,127.5993,243.8025
-76.4621,18.7553,-125.9692,-66.6993,116.2417,9.5778,238.0353,331.0606,165.2006,269.0113,-107.7814,-175.5492,98.3556,-49.1007,63.2674,-114.9559,-124.6931,122.9531,299.9348
-42.7001,10.6412,-129.9809,-87.8809,90.1575,66.9903,243.2027,354.8594,98.4621,224.3887,-61.3807,-174.9111,144.1609,-54.1626,58.5420,-96.7584,-124.5705,109.0805,319.8810
28.6012,34.8359,-103.7071,-115.2093,90.9016,130.1371,214.2518,345.6061,104.0858,107.0198,9.3552,-160.3856,157.9807,-53.6439,75.7598,-56.5273,-125.2935,57.6468,317.7539
65.3804,83.6492,-83.2176,-82.5976,99.5575,197.9061,227.2713,354.2706,144.9081,72.3777,8.6647,-79.8449,143.5597,17.2939,131.1637,-21.9531,-110.3950,57.2040,289.6270
47.8061,157.4481,-77.6239,-6.2299,74.7317,252.1671,222.1717,384.8325,137.0588,113.4481,-16.8440,42.0760,137.8062,120.2277,120.1550,-34.3288,-62.1904,87.2825,216.8345
30.0616,214.8243,-14.2299,34.0891,46.1728,236.9528,162.8062,331.8953,45.2203,78.2285,24.3233,94.6758,143.6613,112.1878,19.7605,-126.1816,18.2596,74.4765,109.3769
72.3622,185.8963,120.4693,37.6424,42.8165,146.3460,120.8114,181.6062,-70.3201,-29.2778,109.1748,40.1763,136.1617,16.5121,-46.0393,-258.3767,71.7396,37.0690,19.2733
161.3270,134.2492,223.8624,64.7169,49.0474,79.8573,124.2814,105.7467,-98.6862,-31.5731,169.6097,-29.4762,115.5879,8.7093,-53.3506,-352.5624,64.2654,1.6234,11.2570
199.4270,153.4594,234.2587,91.2639,57.1439,104.5136,137.3133,189.0795,-50.1057,62.6843,192.3067,-45.6869,108.4733,74.0285,-78.9290,-372.2637,45.2470,-21.2834,100.9408
141.2157,173.3990,189.4602,71.4266,76.0402,166.5885,164.4769,305.7588,-5.0324,66.9221,184.6591,-32.5519,121.8915,57.2873,-92.4056,-338.6212,51.7751,25.1196,229.5927
86.6639,147.3823,123.5179,50.1268,117.4557,206.3000,232.0676,360.3262,70.2630,1.8028,150.3984,-31.2830,140.4718,-19.9203,-44.1496,-320.9808,59.4850,134.4484,319.8151
108.0246,156.4330,37.9132,39.6965,179.1167,220.9990,314.9740,382.2798,158.2218,11.5562,101.2182,-70.9935,156.7330,-50.1826,5.5871,-372.4838,39.2966,203.6852,342.6335
114.8736,159.3724,-56.8882,-23.2321,213.9247,224.4806,342.0122,389.3308,110.0890,34.2159,41.2251,-147.1303,161.6045,-60.7629,18.7915,-427.3481,-20.6021,224.3056,324.9153
50.5973,55.7569,-136.9995,-97.4039,192.5066,254.3507,267.0317,375.9358,-23.5913,-24.1981,-11.9764,-191.2148,139.7292,-103.5793,9.1433,-386.3337,-94.5805,270.5998,293.1883
7.1186,-43.1603,-174.2493,-80.9078,164.5583,320.9929,132.8780,348.3568,-66.3441,-80.0910,-20.8867,-164.7083,102.5788,-159.6380,-56.0124,-298.4018,-111.0745,288.8955,227.6342
6.2006,-28.7769,-168.7404,-29.0999,147.3483,335.2859,20.0225,280.3413,-87.9069,-77.7379,-14.5858,-127.6093,65.1410,-228.6437,-160.3518,-270.2901,-63.4639,178.1267,112.8197
-49.9081,-15.4725,-172.3619,-41.6243,78.2608,250.4947,-56.3273,165.0494,-146.2831,-57.7001,-71.4521,-124.1455,0.6104,-303.3154,-197.9095,-275.3124,-44.1141,9.7091,-11.3021
-135.3063,-60.6605,-205.6362,-49.5865,-33.6960,155.5770,-115.9020,58.6842,-82.9508,-41.6273,-158.0462,-123.8927,-96.6350,-322.1026,-163.8610,-252.7749,-64.3365,-81.5714,-115.6451
-122.1388,-76.4152,-200.2468,25.2676,-104.6457,58.5669,-153.4579,-33.4058,19.6723,-88.5462,-162.2390,-111.2187,-166.1980,-289.7604,-161.9946,-247.6600,-21.3773,-105.5701,-215.1781
-37.2313,-84.5210,-117.8937,92.4901,-138.3083,-165.3834,-190.4308,-158.3159,-71.7816,-209.8834,-94.8463,-99.0565,-183.5540,-300.7724,-201.4585,-282.0248,79.8296,-143.5987,-292.6363
-1.7554,-136.7381,-27.0533,67.7941,-184.2769,-482.4891,-251.9533,-280.8497,-167.5661,-239.2906,-46.5958,-86.6285,-193.5490,-379.5606,-201.2768,-280.9004,109.9490,-209.6277,-316.0755
-12.0722,-142.5526,15.0466,8.5901,-219.9205,-684.4445,-278.2609,-337.5008,-46.0742,-140.9378,-18.4795,-84.4699,-205.5504,-447.7572,-149.8012,-238.9169,44.0599,-281.8752,-322.7058
-18.4557,-83.4638,31.2126,-30.2816,-233.0401,-704.1801,-233.3262,-352.7485,25.0489,-131.8496,6.5418,-103.3254,-205.2088,-449.9332,-114.3780,-246.2024,-24.0753,-344.8307,-346.4542
-53.2130,-92.8596,42.5054,-71.3817,-257.7184,-641.1906,-206.8750,-358.6626,-106.2310,-233.5773,-15.2605,-125.8400,-229.6119,-405.4619,-133.9834,-287.6295,-58.2940,-358.8359,-341.0117
-120.7594,-196.8358,38.1276,-114.9879,-260.6668,-548.5203,-234.3281,-341.6519,-160.2504,-246.7386,-59.9264,-154.0029,-276.2886,-373.3557,-168.7038,-244.9395,-85.7338,-282.6214,-282.6666
-147.9946,-291.2475,20.5277,-125.8973,-178.6897,-434.4695,-208.4916,-316.8152,-86.8169,-196.3351,-44.8872,-191.3898,-258.4964,-403.8913,-171.9910,-137.1281,-102.7651,-134.1161,-219.3590
-114.3389,-328.8094,-2.4761,-106.2124,-46.7893,-336.3619,-106.7281,-302.5386,-120.2379,-217.9478,0.6884,-189.6385,-171.8232,-465.6584,-178.3913,-117.0992,-96.3652,23.8760,-178.0742
-75.0180,-318.6708,-35.6331,-84.1774,52.9042,-260.6025,-60.5615,-272.2177,-228.0192,-251.7738,-4.1898,-144.7843,-124.2970,-448.4448,-222.7748,-187.7353,-82.4334,136.6373,-151.1178
-69.1326,-293.3418,-73.5811,-73.3174,95.1233,-178.5184,-109.8269,-223.9347,-244.6692,-253.6949,-39.7018,-129.8929,-138.3752,-315.0019,-231.7519,-175.8363,-78.4066,172.9872,-132.7775
-111.1739,-332.4550,-112.8913,-91.2618,103.1824,-89.3377,-125.7937,-178.9829,-203.5247,-280.1107,-66.8521,-138.5902,-126.6607,-173.1421,-150.9016,-41.5787,-100.9381,134.7198,-96.4678
-207.4660,-448.4138,-170.3809,-159.8310,111.0810,-4.1684,-35.2620,-111.1264,-178.3492,-275.3421,-102.1975,-107.8648,-66.8204,-114.9477,-67.5046,48.6609,-168.0590,66.4882,-26.5100
-318.1756,-525.5812,-229.0971,-254.0133,128.1264,69.2074,69.0522,-3.5769,-185.8383,-188.1447,-126.9108,-87.6775,-20.2253,-103.1091,-61.8780,18.4478,-250.8588,14.8414,37.1628
-365.7839,-503.0148,-222.9347,-305.9790,125.8420,109.8518,92.0227,100.4569,-197.5293,-85.9667,-106.3616,-137.7042,-12.2785,-86.9246,-97.3238,-4.6851,-277.4501,-17.7200,71.7390
-309.5999,-475.6742,-139.6002,-289.6083,100.2156,113.2671,71.0161,165.0946,-92.7033,15.8111,-83.2219,-184.5558,-18.6050,-78.8019,-130.0411,63.0655,-227.8329,-48.8294,98.1447
-201.5616,-526.2668,-66.2480,-250.3789,81.9335,95.4627,72.8257,169.3946,87.4880,66.0001,-105.8648,-182.3490,-30.9585,-75.9453,-158.3190,118.7717,-164.4640,-78.6852,98.1381
-152.1545,-583.4350,-69.1362,-218.3464,59.1019,65.0426,72.8826,96.1952,69.7876,-72.0250,-147.9161,-186.3457,-64.1012,-58.9849,-173.6499,58.6524,-132.5648,-96.7637,41.8504
-190.6623,-534.9404,-97.6927,-161.4036,10.6699,42.2278,43.3699,2.2761,-129.9059,-267.3105,-161.9279,-187.2215,-106.7907,-57.2482,-184.4910,-49.3458,-100.4215,-96.0622,-33.0802
-210.7288,-413.8595,-64.8347,-77.9812,-18.2764,28.0431,30.4762,-45.0656,-181.4268,-256.1765,-125.1293,-143.2727,-115.4905,-102.0653,-217.4460,-84.9239,-40.6693,-90.4865,-90.2142
-151.3192,-342.0743,36.7713,-38.5755,-2.5283,-37.1085,42.6480,-98.0213,-57.3807,-168.2975,-57.5407,-118.8730,-89.7615,-172.8764,-250.4886,-63.2503,9.3508,-113.8832,-142.0894
-105.3445,-329.3322,138.2548,-66.8403,7.1863,-141.3956,29.3077,-190.2452,13.7072,-239.0029,-28.5306,-162.3898,-94.6239,-227.7843,-236.5427,-62.0472,15.8528,-146.2382,-169.4017
-130.0102,-326.7232,173.6302,-94.3727,1.6711,-144.7883,12.4248,-205.3468,4.6379,-330.4693,-59.7830,-212.8114,-143.9032,-224.9882,-183.3659,-59.9752,1.4176,-99.2726,-131.2826
-149.9220,-387.0020,142.2794,-79.7010,39.3430,-15.0865,45.4593,-99.8661,-37.5992,-307.2158,-74.0370,-240.7263,-154.1259,-168.3996,-144.8887,-27.5027,-3.0077,41.1509,-54.5462
-143.4168,-506.8289,102.7199,-41.1533,126.8251,105.4206,91.1289,-10.9430,-114.5813,-267.2993,-35.4285,-261.9574,-83.6887,-133.7435,-152.4139,-35.9769,7.6369,176.2581,7.1410
-171.9751,-512.1055,93.2336,15.6670,207.1076,168.2904,107.1664,8.2870,-109.9324,-188.1632,-6.6732,-234.0209,3.1128,-130.0222,-175.9397,-91.9063,29.3562,252.7762,43.9788
-198.8529,-373.2176,88.9217,61.5754,235.8425,238.6523,108.4057,37.9473,-21.4932,-57.6545,-10.7928,-151.3904,47.1117,-67.5444,-173.1484,-87.2038,42.5221,283.1788,43.2967
-149.8321,-308.5701,63.4468,25.0081,196.9626,265.4207,71.1883,48.2043,-74.5312,-102.8089,-8.0615,-116.2559,45.7368,9.6324,-167.8859,-39.2732,13.6958,235.6326,-25.2333
-97.3406,-384.7284,24.0828,-65.2542,112.7440,187.1137,-17.1089,-38.3328,-247.2818,-305.9569,-8.6197,-161.7789,5.5780,-48.5714,-199.6241,-67.5220,-55.2802,119.6051,-134.2441
-140.7880,-434.0828,-35.0802,-83.0611,38.9369,125.0961,-77.0557,-135.6472,-299.6352,-325.9805,-56.3756,-185.0972,-65.6729,-173.0470,-238.1868,-121.4217,-113.4907,52.6281,-218.0602
-216.4211,-416.1715,-111.2658,-21.9349,-9.9311,160.2875,-94.0097,-160.5547,-287.7521,-161.3218,-133.8275,-137.0590,-151.7359,-172.4715,-262.4156,-86.4097,-108.9931,50.6430,-276.0067
-206.3989,-430.6881,-137.6710,0.7374,-68.4399,162.9485,-157.4865,-210.3226,-334.5799,-108.5547,-169.8735,-98.6537,-232.5027,-98.4919,-312.2946,-35.7417,-39.8325,-22.9778,-350.7678
-119.5429,-473.5174,-77.3042,-58.1818,-139.4206,46.9550,-259.9932,-350.7837,-270.8150,-188.5349,-122.2391,-131.8119,-278.8716,-118.1594,-373.6390,-71.9959,26.0722,-195.5460,-423.1033
-53.9212,-505.5428,-13.6329,-164.4132,-199.6253,-101.7447,-333.8336,-485.0071,-93.5082,-278.3564,-41.3791,-192.4628,-293.0393,-208.4613,-388.6465,-146.9025,8.8500,-349.3181,-443.7650
-58.5988,-549.5252,-31.2519,-283.5902,-255.1970,-213.3862,-418.1903,-543.0240,-115.0839,-378.5920,-29.7045,-219.4570,-326.1365,-268.5394,-395.6522,-200.5511,-77.1429,-431.6381,-438.5432
-97.5537,-570.4502,-103.2929,-330.6604,-304.3196,-277.6215,-518.8223,-551.0992,-343.2208,-404.1111,-102.6465,-221.2981,-378.9775,-282.1496,-451.3332,-214.8127,-138.6357,-450.9700,-454.8344
-135.5254,-515.7977,-164.6481,-247.7906,-305.5053,-269.5931,-521.1255,-518.9671,-456.2680,-274.1825,-169.2178,-234.1221,-387.5165,-258.0598,-490.3040,-155.8608,-138.9226,-390.9300,-458.6595
-193.2457,-450.6888,-181.9911,-148.0754,-243.9920,-221.5901,-427.8986,-456.1022,-389.8441,-172.4793,-178.7837,-248.7624,-358.3121,-226.9693,-441.6285,-78.9834,-121.7026,-280.1118,-412.4458
-266.2792,-448.6934,-148.2580,-136.3961,-162.2397,-207.9043,-374.5265,-412.0003,-312.2989,-225.8727,-161.4563,-231.4710,-348.6238,-228.5567,-351.1140,-98.2218,-107.0805,-168.7393,-359.7318
-288.1442,-482.8844,-101.1433,-117.0721,-93.2170,-198.3817,-364.3350,-391.2381,-263.3544,-269.0416,-135.3055,-174.4700,-331.3842,-215.9959,-290.6870,-161.1881,-71.1943,-37.5811,-326.8730
-246.6036,-502.2732,-83.1762,-10.9316,-24.5640,-123.8102,-309.5371,-347.7604,-234.8486,-209.9211,-98.7954,-89.9088,-268.3552,-143.9075,-279.5869,-133.8380,-7.5898,107.6807,-277.4344
-200.1913,-461.7595,-52.5482,87.8875,50.1471,-20.2630,-247.2570,-276.2119,-278.3260,-160.3807,-59.4894,-4.4907,-210.7272,-70.4873,-304.7312,-50.9504,67.3817,198.1689,-224.2050
-164.3208,-346.3672,40.7449,129.8682,97.5588,58.3960,-257.8247,-207.5958,-363.7350,-165.7818,-6.4066,42.5178,-188.7672,-26.2420,-340.6699,-14.5190,133.8167,237.7583,-225.2544
-141.7236,-255.3815,128.9932,171.0232,94.4244,114.1063,-314.8654,-168.1539,-408.3088,-194.2643,56.4589,51.4820,-174.6191,15.3745,-373.9581,-12.4500,161.6869,261.5160,-266.5903
-176.1042,-288.8941,122.9263,177.0274,58.6625,115.9360,-354.8622,-179.4944,-407.2977,-238.8634,62.9366,62.5851,-191.8134,27.3291,-398.8467,-14.7394,126.8502,221.2129,-299.9494
-231.6212,-377.9532,47.2904,84.3522,-5.6724,43.2559,-365.1815,-221.6070,-380.3683,-244.9156,-22.9436,72.7344,-266.7093,15.8164,-390.1992,-40.1257,45.8655,120.1600,-339.6350
-212.0972,-422.3109,-21.5138,-17.9724,-113.5281,-20.9082,-377.6670,-242.8475,-350.6334,-182.4529,-123.0753,50.9543,-338.1556,50.7383,-359.4202,-66.8537,-27.6055,65.1396,-411.6753
-168.6733,-447.7791,-49.3929,-33.4661,-225.8975,-30.7373,-433.4889,-261.9063,-407.1066,-160.9630,-145.6599,24.7044,-366.6597,79.8054,-370.5141,-56.0706,-56.9026,56.7086,-491.5997
-221.1777,-485.3887,-52.9419,-32.7993,-285.6467,-60.6195,-513.8052,-332.6714,-564.5621,-247.1418,-113.1072,27.1363,-389.8220,9.8012,-409.9202,-35.9008,-74.4754,-2.4598,-538.4919
-313.1711,-512.1830,-94.2085,-103.5169,-312.9858,-123.1926,-539.5906,-403.5776,-628.3755,-336.0737,-119.6212,16.5445,-411.6714,-72.8031,-383.5157,-48.5334,-142.8446,-89.8202,-527.0950
-329.7307,-540.7914,-207.5647,-198.5245,-343.6057,-137.4720,-490.6563,-384.3325,-470.4526,-329.1002,-185.0114,-33.9386,-403.2526,-77.2151,-292.3054,-72.7669,-248.7452,-121.1981,-467.3450
-317.8363,-561.1293,-314.5932,-236.1316,-347.1849,-113.0734,-424.5723,-304.3767,-317.8977,-248.1658,-229.4882,-64.1826,-375.9572,-80.1388,-232.3128,-63.3213,-311.2428,-115.9472,-412.0954
-352.5227,-505.1108,-339.9671,-224.5685,-311.4090,-120.5623,-370.8141,-247.9374,-429.2511,-166.2030,-223.1985,-41.0729,-338.9419,-113.2936,-234.9484,-31.8771,-315.8487,-119.8037,-393.8840
-377.7267,-407.5616,-346.3857,-238.9301,-278.2808,-144.8782,-324.9440,-226.7731,-625.6974,-144.4831,-238.8900,-29.1967,-287.7940,-108.9429,-252.3187,-28.9658,-333.5215,-129.7612,-382.9254
-336.1770,-388.6985,-395.0587,-312.6618,-250.0313,-156.9811,-300.4434,-217.6183,-567.1693,-171.2617,-290.7365,-69.6163,-255.7220,-90.8674,-244.5985,-41.6256,-386.9157,-148.3752,-348.5974
-280.1900,-441.1979,-413.7680,-375.3401,-207.5412,-176.2378,-301.7507,-209.6570,-346.4246,-167.2164,-291.6239,-96.5465,-252.1586,-99.9986,-222.1720,-9.8616,-410.5567,-162.2481,-297.9677
-273.3306,-467.4655,-349.9982,-348.2926,-182.5977,-176.7085,-313.4169,-184.1108,-311.9642,-132.7306,-223.1396,-52.3347,-223.8240,-71.0991,-234.4617,40.5503,-365.0410,-142.3142,-246.1592
-296.9514,-453.1978,-275.8192,-274.4304,-188.4312,-131.2194,-321.8955,-142.8143,-453.0706,-153.2335,-161.8721,-2.9780,-173.1922,0.6973,-277.1518,36.5772,-299.7325,-133.2315,-212.4965
-296.9467,-428.9891,-245.1206,-242.3384,-192.2876,-108.6934,-293.8430,-123.5232,-472.7639,-205.8464,-144.9653,-42.6679,-179.4328,16.2046,-254.0474,6.5351,-262.5097,-180.2498,-211.6429
-273.7801,-408.5033,-220.7929,-231.6774,-210.2003,-143.0211,-214.3754,-138.9298,-319.6783,-189.3568,-159.1047,-130.6619,-257.6841,-29.7581,-144.8523,10.0323,-211.0496,-209.7594,-223.8095
-265.4365,-418.9828,-175.0352,-166.7626,-280.0200,-157.3534,-169.9534,-168.7169,-205.9919,-142.2503,-180.1265,-140.8530,-341.0274,-50.1372,-83.4531,9.7889,-95.4450,-162.9241,-235.7977
-253.5987,-433.6504,-124.2574,-57.5484,-364.9715,-135.7731,-251.5094,-203.3426,-231.0591,-164.5792,-161.4390,-56.6657,-386.8893,-24.9741,-141.0017,-34.6163,13.9311,-109.1920,-277.5224
-206.6268,-371.0172,-85.5359,20.4967,-406.4796,-152.1470,-387.3044,-233.2194,-290.4398,-196.3826,-108.3012,6.8720,-393.5974,1.7593,-204.3993,-85.9855,9.8549,-99.0137,-349.3817
-193.0882,-276.3089,-76.8522,19.8363,-388.8674,-201.0773,-426.4817,-241.3857,-269.9608,-133.2532,-103.1729,-21.2831,-364.8720,1.6689,-157.5280,-105.6891,-79.1029,-96.4982,-384.7430
-276.4910,-286.4825,-111.4380,-57.8001,-308.4826,-211.1533,-343.7747,-221.7016,-182.6351,-31.2247,-152.6436,-83.7027,-314.9536,-17.1402,-32.1292,-74.5255,-155.6880,-93.0619,-336.9002
-370.8188,-386.7913,-174.8840,-173.9931,-194.9662,-174.8539,-232.9165,-154.1028,-119.3900,16.5264,-181.3300,-107.4197,-259.3125,-20.1818,54.8585,6.4560,-223.7920,-105.2615,-235.3162
-379.1478,-453.1690,-246.1643,-275.8097,-123.0272,-132.9982,-161.2909,-30.9157,-95.0998,36.1250,-197.6072,-105.6687,-198.0916,2.9802,50.9399,62.5420,-319.0963,-119.1162,-142.5076
-335.3587,-452.2956,-306.5145,-328.4103,-107.5460,-121.2303,-127.2126,59.4131,-56.2876,63.8054,-241.5594,-117.6027,-138.8861,18.7900,25.8095,33.1549,-376.4524,-141.8119,-103.1220
-287.2328,-402.5908,-322.1260,-317.9403,-85.3733,-148.8410,-108.8973,20.9882,-45.7685,60.2334,-256.5742,-124.2405,-100.7668,13.3313,25.7316,-19.3781,-329.0900,-184.9702,-114.6304
-221.8686,-318.9288,-280.3398,-258.7516,-36.2946,-161.2770,-97.1803,-80.4369,-113.9656,-3.3851,-204.1074,-100.7768,-82.3506,4.4581,-27.1108,-32.9763,-230.4654,-207.2161,-127.1637
-147.0577,-273.3810,-216.0441,-215.0424,-8.2039,-115.5254,-103.9371,-118.4379,-128.0090,-102.2061,-139.4894,-78.4602,-70.8467,-1.9900,-140.7342,-34.4156,-168.2161,-213.4778,-106.6371
-91.9436,-292.0830,-153.3358,-238.3941,-36.4719,-83.5819,-143.7056,-107.3455,-23.0632,-167.6807,-87.9154,-71.9536,-75.4050,4.0164,-175.4544,-29.3385,-154.4302,-283.6345,-84.8414
-70.5898,-268.1251,-89.7870,-287.7280,-109.8728,-127.5307,-193.9093,-118.7151,-30.2505,-124.8666,-37.8825,-44.8543,-104.9633,33.2486,-117.9853,-5.4302,-160.9545,-395.2118,-110.5603
-102.4257,-161.5723,-55.2335,-299.3779,-184.1798,-187.5788,-216.5095,-136.1046,-241.0034,-42.4585,-19.9442,-6.6228,-134.9872,53.7161,-113.1825,-13.6044,-182.4163,-429.3621,-184.8225
-160.4560,-82.5148,-73.9062,-279.4461,-227.6295,-234.8115,-230.6223,-151.5697,-345.6017,-100.8379,-36.9229,-5.7654,-145.6291,34.1155,-167.9324,-66.6828,-209.1674,-389.2727,-276.5616
-155.9371,-82.6249,-82.4039,-246.9274,-262.4395,-320.1761,-283.1785,-218.4690,-209.9960,-250.9963,-36.3857,-26.7512,-161.5810,-15.5477,-194.5748,-86.9058,-191.1507,-372.2217,-357.7194
-87.4779,-109.8117,-15.2126,-193.6819,-303.8224,-408.0211,-343.0634,-308.1444,-143.9135,-248.4421,-13.2186,-52.5592,-200.4393,-86.8387,-227.3404,-54.3498,-108.7151,-376.4735,-394.7943
-59.1433,-137.9989,73.2179,-148.5374,-309.5877,-429.5031,-339.4336,-325.5051,-277.5035,-147.3009,-4.1880,-135.6358,-232.6463,-154.3670,-272.9339,-38.7742,-40.6478,-349.8941,-368.4651
-90.3976,-143.4670,92.7102,-146.2071,-273.4344,-449.4865,-293.6061,-286.4985,-337.8283,-212.9452,-18.2962,-253.1130,-245.4270,-158.7786,-238.0902,-68.3006,-49.0314,-306.6439,-322.7713
-92.6703,-85.4201,54.5620,-141.8497,-245.0587,-515.3276,-272.1897,-268.5916,-217.6820,-339.6526,-54.1876,-275.1254,-258.3793,-113.3977,-164.5476,-94.6381,-63.6719,-252.2548,-306.4814
-37.0899,0.7615,23.3762,-89.4913,-202.7951,-505.9129,-257.4065,-250.8534,-119.7843,-251.3154,-96.9001,-188.7574,-242.9678,-100.5925,-149.9244,-69.3503,-19.7545,-158.6378,-279.5774
9.7956,47.4131,7.6515,-35.5102,-88.6977,-355.7769,-213.3320,-195.1554,-130.5396,-95.5107,-105.0597,-129.1050,-161.3873,-122.5368,-112.9722,-22.2702,14.5655,-73.6064,-205.7052
-8.1110,45.5690,-24.0781,-38.8783,34.6825,-207.3295,-178.6673,-155.3460,-143.1160,-105.9863,-80.1826,-159.5996,-75.2348,-134.9429,-5.1653,-40.1501,-27.5975,-84.3787,-161.5421
-76.0785,-4.9911,-76.3429,-106.2972,64.2538,-184.3480,-160.4041,-158.2765,-62.1425,-93.1363,-62.2279,-227.6333,-46.1041,-161.8348,50.0683,-106.2427,-119.5184,-176.5157,-186.5989
-136.7724,-90.5580,-120.7317,-222.2172,28.1843,-223.9209,-94.4027,-141.5862,137.7764,89.0806,-38.2370,-278.8159,-5.2912,-198.1898,60.5200,-95.6027,-224.9205,-263.6533,-175.3597
-162.4395,-139.4411,-133.2576,-321.2585,2.4532,-218.3168,-10.1741,-89.8472,318.3866,193.7506,16.3882,-284.5927,91.7335,-167.5161,144.9937,-24.7304,-296.3061,-313.5732,-95.6525
-167.3490,-132.2496,-121.7023,-304.3608,-32.4395,-166.3470,-33.4128,-62.3578,234.9538,118.5607,61.6020,-259.0044,132.8058,-94.4026,194.6223,-37.8332,-262.8754,-359.7116,-81.2922
-144.7418,-127.1398,-99.7848,-187.0609,-114.4999,-134.3088,-165.6633,-74.5410,-59.2838,57.4851,75.1628,-257.7840,50.0095,-90.3858,66.3012,-100.9438,-153.7874,-430.8762,-163.9568
-86.8058,-116.7583,-48.5823,-92.0949,-201.3132,-146.9929,-270.2383,-93.1773,-216.4608,25.8098,102.6645,-272.8021,-45.9824,-143.0249,-81.1209,-70.5427,-66.0545,-509.6350,-201.4302
-39.5263,-59.2249,41.0018,-47.7823,-245.2957,-163.4298,-285.7118,-102.4378,-141.8928,-40.5502,156.2913,-239.8864,-64.9174,-147.9933,-79.7204,6.2222,9.8485,-553.2115,-142.9879
-19.5810,15.6925,115.7110,16.6150,-272.4213,-154.9776,-264.7120,-92.2248,-37.3370,15.1682,182.4972,-179.2127,-59.9411,-94.1941,-38.5158,17.4479,107.7115,-557.9127,-79.5291
19.6479,89.8000,124.3257,86.1645,-322.4689,-156.1470,-240.4515,-61.7248,41.9829,194.2743,152.1102,-147.3844,-85.8831,-43.6168,-65.1222,7.5469,143.4182,-571.6002,-47.3666
61.4433,169.7243,85.0347,79.0752,-375.0303,-199.1348,-211.0500,-43.3361,152.5912,241.1566,95.7658,-112.4091,-121.3001,-23.1425,-97.6237,23.5888,71.4003,-609.4490,-13.9400
47.4159,203.7328,27.1456,12.0013,-387.4677,-248.1779,-199.4697,-46.8475,220.6113,198.4944,52.2417,-52.3347,-142.1358,-19.9568,-102.7055,26.1324,-14.2534,-613.9716,14.7502
18.2878,195.5859,-53.0908,-28.6845,-361.4195,-247.4103,-220.8090,-43.6465,202.7145,299.3238,28.4847,-29.0688,-144.2173,-3.6510,-97.0908,29.0310,-54.0450,-549.2587,12.8126
22.9373,222.1463,-142.5655,-35.1198,-317.8290,-196.5739,-242.3736,-42.8457,166.0721,393.5768,13.5084,-52.1700,-122.2904,34.2118,-46.9611,59.2507,-79.5316,-466.0265,-12.5017
1.6897,210.6534,-203.6330,-67.7376,-253.8412,-136.5350,-228.8657,-68.7485,124.4661,271.0194,10.2394,-61.1424,-85.2426,40.5839,31.3998,74.2654,-98.1906,-410.8064,-26.2987
-66.8684,59.4119,-214.2333,-130.2605,-178.5460,-75.4564,-180.8485,-86.2719,99.1722,127.9305,25.0671,-60.7886,-41.9109,-11.9132,59.5204,72.6633,-97.8776,-348.1361,-2.0487
-107.8320,-59.7760,-172.2887,-156.3616,-129.9273,21.3262,-119.2183,-70.4441,145.1414,114.2572,36.4617,-90.8331,19.1863,-50.8112,64.1208,84.6961,-92.4235,-249.1336,29.1394
-113.5753,30.0350,-103.8136,-116.0689,-109.6010,152.1789,-64.7678,-61.3741,176.4476,89.7756,24.9794,-119.7938,84.7738,-28.9883,124.9852,70.4088,-84.2538,-169.0903,22.0317
-122.1489,166.8233,-45.5927,-52.2273,-70.2884,249.1400,-22.9782,-69.8995,128.5035,65.7315,22.9922,-100.8031,110.9546,-7.2280,198.6000,27.5939,-65.0729,-151.4276,9.7885
-86.3153,169.4353,22.0419,-8.3471,0.9798,258.8893,9.4581,-70.4950,137.6030,130.3821,79.5237,-49.3652,102.4183,-28.4912,207.6622,30.0119,-43.4597,-160.2359,20.6274
11.7969,121.0992,121.5719,-2.4055,55.2687,188.7276,9.4358,-94.4439,196.2048,126.6610,181.7693,-11.4156,110.8712,-67.5263,191.4620,65.4356,-39.2934,-179.7207,-16.3557
69.8984,95.2896,163.7365,-51.3788,52.8736,62.6388,-51.2015,-171.5042,113.6302,26.9313,248.3596,-17.9963,132.9852,-123.9789,207.4487,74.0375,-78.9049,-242.3777,-119.5903
41.5314,46.4642,75.6847,-124.8042,10.3471,-84.2583,-132.4506,-250.3273,13.8696,58.1034,222.2691,-55.7246,114.9659,-199.3923,223.5605,71.9293,-135.5163,-313.1414,-182.6203
2.4880,35.3730,-25.4769,-126.7421,-35.3107,-180.8200,-157.5985,-290.0532,148.5321,161.2355,154.5810,-57.6490,61.3532,-234.1499,205.8600,51.2209,-107.9238,-298.1207,-171.8290
-3.9873,174.2128,-5.9821,-12.3922,-74.9512,-178.3627,-122.1706,-288.5113,312.0759,119.7696,132.3702,26.0560,25.1751,-198.9198,183.3712,-6.0816,13.8607,-183.0759,-157.4474
16.9433,412.0133,80.6009,154.1818,-110.7226,-121.8815,-77.1051,-206.9102,236.4785,89.0091,146.1907,153.7190,9.1132,-144.5144,178.1217,8.9716,109.1508,-52.8460,-131.2710
99.1227,587.5678,141.7232,290.9801,-114.0935,-106.7542,-29.4871,-63.1108,149.1353,216.3522,137.1324,230.2730,-9.9856,-101.0636,174.6857,131.0513,163.2795,-0.5974,-42.5571
234.5770,578.3568,182.9295,348.3823,-57.8364,-160.8458,48.8489,8.1741,267.7257,271.2964,111.0003,208.8965,-5.2648,-47.2476,178.6014,177.4532,267.6328,-44.9459,78.5049
317.0353,399.7730,195.8897,303.8070,34.8240,-186.3626,167.1284,-4.1147,397.6572,196.2900,78.3392,144.5768,50.6900,38.6157,220.6492,112.5965,360.9257,-90.9223,215.2959
299.5679,250.3880,142.1842,194.3730,136.9148,-64.5444,324.5043,87.6319,417.5754,243.1291,1.7363,132.8344,129.3952,170.3226,282.6095,156.8055,310.5749,-44.1010,399.5403
260.0468,291.4809,54.1313,83.4119,253.6696,172.6489,497.7026,331.1451,429.8584,392.7442,-94.1893,181.6922,209.6679,316.2534,300.7414,333.2293,163.0565,32.2887,580.2306
242.5450,387.2031,-23.0228,-20.1276,356.2325,372.3476,620.2675,533.1376,406.4772,429.6555,-128.8139,205.1703,309.7441,391.2524,276.4959,418.0988,31.4625,34.6383,666.9815
215.0075,327.1998,-98.4956,-120.4636,376.7580,456.8610,648.7744,596.6769,318.4947,394.2652,-118.5794,163.1395,413.7675,384.7381,279.6474,377.4235,-68.6972,-0.8615,669.2484
198.3833,188.7328,-154.8666,-182.1397,308.4373,446.4508,604.4571,608.5510,309.2365,393.5681,-134.5264,109.3106,455.4579,372.0413,304.6176,354.5266,-123.1687,-28.5285,634.9848
237.4683,174.4762,-137.9124,-184.3522,213.5336,345.2211,514.4784,583.1712,352.2407,378.9352,-151.8982,97.2832,405.6233,351.3397,268.6838,353.9617,-93.8344,-82.3649,558.3372
275.2508,263.4236,-42.9015,-117.9455,137.4268,184.2552,391.4821,463.8784,265.2651,330.5940,-112.5138,138.2290,319.7069,279.2017,181.9044,318.5406,4.5518,-98.2638,430.9044
247.8173,310.4554,91.7840,45.0292,87.7894,76.3416,262.6300,314.4373,143.6855,271.3336,-36.9051,213.8154,270.2128,212.2835,138.6847,288.3757,142.6954,19.5725,281.5771
213.0901,325.7830,222.2084,248.4225,48.3348,63.6115,142.1422,233.2415,172.7663,210.8243,27.1630,261.1253,243.2654,185.8242,135.0021,286.5288,270.3498,149.5863,153.4517
226.7359,403.4161,299.0144,343.1541,-17.3910,43.6330,22.0330,194.3060,201.5633,219.0721,53.3790,228.0107,158.2330,128.5387,90.5260,285.3679,294.1813,141.8535,80.9650
237.0646,495.8636,309.4977,291.5710,-108.9685,-46.1077,-67.8965,146.9216,60.2062,264.1612,21.1978,171.7058,21.3481,50.7180,27.2388,291.1998,224.5938,92.4161,63.6373
207.0765,487.5948,282.2204,209.7749,-163.6737,-123.8785,-60.7991,126.2516,-54.3678,197.8677,-50.7856,197.5158,-47.1536,44.6890,39.9410,299.7683,178.7814,116.2192,92.4978
178.5520,415.3659,220.7721,173.3712,-146.0017,-108.2805,68.6576,173.9255,66.1966,137.6574,-101.0607,310.1562,2.3836,92.0427,128.9038,297.5583,163.5946,150.7848,187.0299
184.5522,402.4263,129.2280,159.1611,-94.4344,-34.1585,257.4474,260.5101,269.1990,301.1839,-107.6673,419.5716,84.0281,155.3179,201.8782,333.7690,112.8921,161.7166,306.0692
223.5443,441.9144,62.3084,142.6945,-46.7595,27.2403,389.8558,308.3413,287.9727,468.7725,-105.8694,464.0322,140.6352,291.0862,214.1980,410.3962,68.1273,193.3416,323.7239
280.3717,450.9707,41.5321,118.2579,3.9845,78.3682,419.1708,259.8043,106.3993,345.4003,-120.0891,464.9299,203.0590,461.5994,221.3008,419.1969,67.8401,212.3460,223.0409
327.6437,450.2707,15.3581,83.9912,65.3469,157.1711,426.7073,151.0161,-55.5710,133.8176,-144.5913,477.5168,276.1482,533.5161,275.5749,338.9110,56.4183,180.2178,135.2876
373.9110,509.4728,-31.9081,60.0501,112.7615,234.5419,464.0025,72.9796,-40.9828,76.3351,-170.0309,511.2617,324.0613,526.3765,319.5507,280.3860,46.5858,140.3113,107.9186
443.6797,619.8326,-55.3317,72.4350,117.1383,254.3626,445.6385,38.7513,35.9781,20.8425,-186.4267,520.6970,339.3848,538.7881,264.5915,275.2063,109.2241,107.9591,69.2863
479.0190,728.9669,-35.7932,131.5251,92.1272,241.3199,334.4896,1.9213,-4.2937,-109.6982,-178.5256,492.5911,327.4079,546.1939,144.3518,260.5374,208.9953,68.2946,16.3426
439.9763,800.1605,23.3440,224.0746,81.2893,240.5954,237.4922,-21.3759,-90.7404,-117.3794,-133.9878,484.3956,286.0430,519.1240,61.5228,228.1270,278.4198,44.5135,-6.5708
440.8542,822.7245,130.7660,292.6419,84.4346,219.2385,197.0967,-1.3396,-72.4256,22.4070,-54.2630,532.0895,232.4535,501.1578,31.1131,193.3747,322.6732,36.5453,-23.5001
543.0682,818.8069,259.1761,285.6640,64.4471,158.0550,142.3503,25.5723,-29.1628,116.2907,40.4404,586.4088,189.6670,478.1852,14.9810,144.3282,332.7891,33.5581,-34.8366
586.6245,778.9852,338.3062,230.6395,38.6433,119.0960,87.2391,55.4923,-44.8646,110.2767,117.1176,578.1031,169.0316,417.9571,22.7487,115.8656,272.4580,68.8078,21.1114
464.4026,643.5707,332.8541,167.3033,52.9859,119.4849,103.5765,133.0132,20.0445,96.5000,147.8238,493.0194,180.1903,352.7021,63.4453,146.6074,153.3856,110.1408,112.7482
305.2828,456.2274,271.9383,78.0493,73.9931,94.9248,151.4552,205.2025,160.7850,109.2294,137.0833,369.6620,207.9467,280.0509,102.4487,179.3891,4.8656,67.5999,128.0270
216.7419,363.4375,198.1496,-36.4928,37.3659,36.0692,164.5793,181.9986,114.8695,120.3254,123.8869,256.7245,216.1463,188.1438,123.0819,163.5527,-149.6406,-17.7078,72.5761
137.2995,360.0362,125.1699,-138.0488,-21.3504,14.0867,184.5681,134.2986,-62.8363,141.7590,129.9542,183.9731,212.7739,153.7371,149.1901,155.5850,-267.1342,-30.3554,72.8147
29.4590,294.8396,56.1231,-224.1189,-5.4561,75.2266,272.6545,200.4167,30.9223,229.6161,130.2247,173.8714,237.1522,203.5240,203.8648,204.8606,-327.3994,33.1010,191.3450
-36.5671,168.3793,15.9051,-287.5702,96.8623,193.2213,403.4577,356.3191,359.8265,359.0527,105.9832,240.1017,283.2595,258.7691,271.6753,269.6266,-338.4890,115.1903,349.5171
-18.6080,129.1087,21.0565,-279.0899,196.9550,291.4009,490.4297,460.0470,431.8530,389.6111,80.8290,326.3406,317.2190,308.7195,303.2907,298.0551,-286.3875,174.0483,416.1122
38.2710,203.6275,41.8045,-205.0017,237.3133,315.4889,475.0643,440.5357,218.8541,273.1625,79.7712,329.9109,337.0449,375.5173,297.5943,289.3864,-177.1801,185.2018,349.3733
84.2129,296.0197,58.6134,-114.3549,267.6044,306.7515,403.8406,344.7440,191.5448,149.9867,102.1104,266.4740,362.5860,398.9966,315.2322,277.9605,-51.0830,208.5786,248.0060
132.4604,375.3755,106.4245,11.1053,339.0692,321.3241,354.6695,256.0502,378.7531,109.1835,125.5470,275.6232,396.8262,380.2490,333.4591,289.5441,90.3332,264.6785,205.4947
215.4234,469.5354,192.3778,168.0499,391.7173,306.7437,293.3561,184.5495,325.4966,55.0241,117.9400,383.1292,402.4376,389.4211,257.2084,279.0021,230.7382,163.6307,163.2428
315.2305,563.5488,253.4837,250.0485,351.7060,194.4117,167.4094,68.9791,-15.6875,-87.4895,98.4715,452.0540,339.1378,373.9227,129.6192,170.8411,284.5366,-146.6433,33.9638
401.6860,627.0485,252.3593,232.9969,260.6796,40.3419,57.4136,-69.0162,-221.9695,-220.8050,136.5461,424.3329,254.6862,281.5266,69.5360,4.8685,243.2114,-312.1602,-120.9136
467.4556,674.0842,223.5717,230.3554,188.5544,-62.6681,25.6226,-118.9871,-155.7219,-220.3491,215.1050,376.5483,235.6045,207.9988,46.5059,-88.8973,209.3236,-143.2031,-196.2110
469.8586,709.5814,203.8274,248.4506,127.3187,-129.3165,-4.9261,-94.1585,-51.6444,-140.5600,232.7847,329.9601,243.4711,156.6442,4.7714,-77.2797,210.6974,23.2531,-207.3979
381.7919,664.9806,187.5288,175.2494,59.8743,-247.2286,-60.5892,-110.8911,-3.1014,-134.2390,191.4621,248.6250,181.9277,17.4781,12.4363,-26.2535,192.7386,-54.9884,-205.7832
291.8280,508.4440,151.2176,52.8453,5.0225,-439.8339,-64.1066,-135.5405,70.9869,-159.1215,177.4214,171.7309,100.9256,-120.8630,70.9661,38.4279,154.9915,-189.5343,-168.4532
258.4194,375.8657,92.4668,25.4203,-33.6647,-586.6255,-18.8899,-44.5704,151.4348,-30.7314,177.3259,132.5190,108.2578,-113.6987,93.2192,116.3283,102.8674,-259.5019,-76.3129
199.7634,388.6187,34.6487,40.2449,-53.0284,-517.4078,21.7464,125.2029,189.4363,201.7829,133.3345,68.9635,170.9253,-77.9766,120.3149,181.9923,2.7542,-336.7046,46.6221
101.8960,408.6216,-17.8636,-53.0940,-27.1283,-228.5291,93.7830,270.7153,236.0553,336.4818,73.9440,-21.2016,206.7007,-118.4244,214.9698,252.6488,-107.0351,-336.3335,208.9384
44.1941,263.9044,-81.9142,-186.1507,42.6319,91.7537,230.9671,411.2483,336.1220,409.7203,27.3430,-24.6264,220.0561,-91.6864,295.0323,358.4505,-148.3696,-160.6548,414.3006
-40.8381,91.4002,-129.1099,-186.8123,139.3737,303.8925,395.1569,563.5357,490.2555,539.2156,-19.0481,76.7076,224.6879,44.1843,331.8605,438.4118,-140.8896,40.8837,581.6485
-221.9382,106.9832,-114.2879,-83.0092,270.3235,436.3446,562.7164,643.8242,674.2449,613.3975,-29.7045,159.1841,192.2895,126.0685,394.7580,432.7625,-128.3495,156.4518,637.1335
-309.7167,229.0025,-63.4412,4.5876,403.1676,531.6367,688.8486,610.5745,750.9988,531.0775,14.8112,179.2729,96.7516,131.9706,423.7238,385.2817,-61.5326,263.6928,599.4600
-173.6508,284.7304,-6.7033,95.2864,456.2688,542.1910,666.9354,497.0513,600.4303,385.8428,52.2635,210.9855,-83.6481,150.1289,338.1894,329.1225,99.1315,338.7850,495.9529
2.1788,338.0339,85.9206,224.5865,410.9547,430.4231,490.1934,321.0745,388.4570,249.6883,69.9251,256.5552,-323.6204,142.4086,240.4681,254.6926,274.2144,279.4261,328.9276
106.5919,496.8268,182.1122,309.1640,320.5568,268.0401,289.8162,132.2570,339.0979,143.1820,117.8461,261.4934,-516.8707,118.3372,208.6848,213.0764,360.5526,187.1059,149.9884
260.9270,665.7214,188.7056,320.7965,217.1500,168.2935,134.4183,25.9931,332.8388,97.7983,166.6411,287.6377,-614.7050,199.0753,163.1881,212.0421,362.4482,203.7258,22.9313
436.6193,729.2051,145.2509,353.7655,104.2953,135.3654,-16.6668,0.3721,166.0403,41.7135,164.0951,409.2586,-696.7190,295.0626,65.3871,129.0360,362.3646,237.4955,-61.6066
464.0877,733.8819,170.5243,423.7315,-11.2714,72.0919,-171.3334,-40.1306,-43.7959,-69.5269,154.9165,490.2693,-807.8403,196.9842,-45.2570,-34.6351,393.7638,175.8862,-132.6203
400.5374,747.5482,237.8250,439.9278,-120.4115,-34.2369,-284.0536,-113.1153,-119.1499,-104.5041,178.5651,360.7878,-896.9874,10.0440,-142.5955,-81.0665,410.0523,115.6896,-180.8553
406.1252,745.0324,254.2729,383.8848,-191.9142,-82.7711,-324.5383,-152.5769,-92.7051,-36.1838,194.9727,148.5185,-934.5779,-17.1192,-156.2298,27.8974,376.7330,150.0106,-194.0987
435.8288,686.5740,243.6819,308.0060,-190.2769,-43.9741,-280.0707,-134.9703,32.1098,11.8406,190.8168,104.7203,-918.7266,61.8632,-37.6709,111.3799,307.5054,199.1072,-155.0901
393.7248,559.0408,246.4142,220.1030,-137.9078,27.3845,-166.3410,-72.3412,258.0762,72.9999,201.4259,191.7869,-836.5995,85.0052,94.3113,120.7578,216.6514,199.7961,-43.1919
324.1053,378.5191,220.7925,121.6022,-76.7844,140.1841,-49.7190,44.7854,318.9377,184.1056,221.7850,197.7725,-723.1807,115.8616,117.4037,146.7569,129.3883,212.2979,88.5406
265.2623,243.5559,154.8755,59.4701,-1.9244,299.6874,18.2048,172.9218,57.2807,186.8857,205.7591,128.2903,-633.4655,207.8615,89.0126,156.0863,86.7834,260.0870,144.3331
180.3763,250.2202,85.6889,48.5223,81.6038,390.5926,64.1556,168.6680,-139.7609,90.8736,136.1887,127.4275,-557.0778,217.1335,108.3642,83.5360,69.3857,276.4460,125.8877
89.3419,312.2732,12.8822,44.6891,129.6566,337.4610,133.4137,-36.2147,85.1089,109.4699,57.4718,176.0940,-478.8363,97.7591,185.8142,12.0233,23.2156,241.7629,107.8843
63.1214,277.4604,-54.5798,34.4609,138.9391,229.1932,200.4874,-278.5764,436.2386,213.3770,28.8331,176.0974,-429.6851,1.2808,274.0623,9.3428,-22.8814,207.1984,98.4165
109.7777,198.6046,-66.8175,54.2493,137.7766,151.4229,192.3474,-359.4581,447.7397,217.5744,44.0892,145.4749,-412.3271,-12.4740,291.9624,0.9857,-13.2072,185.0041,55.7408
180.6400,218.8269,-38.1461,98.3713,107.4130,82.6132,87.3826,-319.0942,142.0404,116.7703,59.9534,126.8681,-403.6702,-24.9678,205.1720,-66.8938,10.2418,143.2092,-15.0349
226.8285,286.7228,-32.3080,109.1065,29.8259,5.9699,-54.0572,-297.5347,-137.9454,-16.6636,85.4635,99.9554,-411.1315,-50.8311,101.5245,-136.2023,0.1807,92.5454,-70.9869
221.0330,277.7560,-24.1445,97.9880,-43.1362,-49.9618,-155.3733,-254.5943,-168.5335,-106.5169,132.5639,70.7138,-430.2451,-48.4344,66.6337,-161.3744,24.6894,83.6163,-79.7377
197.6994,241.3024,48.1780,154.8593,-63.6757,-74.3722,-183.7239,-106.3423,7.3671,-69.1520,152.1519,75.2144,-436.1320,-47.9957,76.5495,-187.6440,142.2650,124.9197,-42.6870
231.0938,284.2386,128.4553,278.3438,-59.4160,-68.7782,-156.6658,46.0249,151.0726,-0.6733,133.1047,107.5760,-434.9059,-85.9451,79.9483,-250.0428,262.3076,168.0655,-2.0585
303.6803,387.5381,121.5387,351.9125,-75.7681,-25.3673,-125.7060,103.7333,99.4745,-21.9627,129.4441,145.1148,-428.3503,-102.9666,55.3733,-273.3362,263.1235,179.0569,13.9004
306.4127,457.9935,63.2890,331.2389,-118.1052,42.3766,-135.9581,147.0296,-36.3610,-17.9680,136.5294,166.2177,-405.9933,-33.6573,11.7734,-197.8785,172.0880,168.6517,39.2994
233.2220,412.8917,44.5846,269.0253,-170.3245,95.8149,-172.2346,216.1867,-88.0859,30.1173,113.6203,133.2370,-401.9572,49.8845,-0.9381,-136.7773,114.7109,142.9846,102.5992
193.7902,252.0800,49.2563,175.2667,-202.6880,111.8521,-167.4820,210.4850,-50.5574,-50.3848,88.7285,59.0432,-412.0420,15.1834,20.7135,-194.6397,128.2750,99.1308,171.5688
198.9108,114.2294,20.5882,61.4184,-162.3729,110.3151,-89.9002,120.6229,30.3966,-156.6339,89.4734,27.2614,-337.8315,-92.6390,4.9667,-257.9759,149.4939,78.3080,221.9632
182.1429,103.3894,-8.9596,22.8352,-33.4681,131.8923,-0.6683,65.7093,97.4874,-93.5583,89.0430,64.6634,-177.6957,-87.2842,-40.7053,-220.3206,162.2851,128.7441,267.3420
199.1284,136.8905,13.6382,94.8471,101.0184,175.1820,11.6748,80.3359,38.0482,-22.0943,91.5845,97.0497,-78.2152,27.5224,-45.9273,-173.5271,208.3214,220.8141,291.7641
311.8548,162.7256,71.1384,185.0749,148.9545,181.6466,-51.6783,95.5190,-111.9780,-52.8296,119.4099,79.1520,-80.9039,61.5730,-50.9540,-165.9782,274.9459,284.2765,257.8448
404.6773,261.3062,130.2447,232.5590,130.5705,110.0234,-109.7813,69.0003,-139.2643,-25.2307,138.4789,56.6839,-85.1374,3.7546,-103.7359,-122.8924,320.7197,287.6452,187.5192
389.7641,368.9905,168.4421,247.7442,103.7399,-9.7924,-129.3191,9.3295,-11.1398,35.8337,120.2417,64.5360,-73.4601,-7.1467,-114.5534,-78.1493,356.1068,235.6696,147.1310
355.2937,316.2033,149.2367,233.6246,49.4197,-107.8939,-143.1625,-39.9205,102.0437,46.0897,90.8718,57.8309,-90.5351,-16.4793,-35.4254,-99.7196,384.7182,170.0635,147.7829
327.0192,192.4243,89.4204,225.7956,-48.2393,-138.9281,-153.5960,-40.0465,160.0998,125.3792,74.3000,2.9683,-94.0021,-131.3453,42.5272,-111.1646,372.9069,157.9996,119.4274
229.3837,202.9965,76.2525,275.2284,-131.6642,-132.9976,-141.4092,-41.3080,193.2488,147.5030,86.5076,-38.7120,-50.3078,-243.3514,69.6763,-91.8268,336.9520,194.4112,15.7177
137.9695,271.5567,125.8233,323.7221,-178.2457,-156.7710,-134.4883,-112.9279,114.0062,-120.4107,138.6438,-23.3924,-11.5743,-236.5197,74.2549,-141.2498,317.3928,199.3763,-95.5151
179.4278,223.2140,148.4232,281.4838,-230.6512,-190.7239,-155.1164,-189.5510,-51.2978,-356.7693,183.9217,-28.2916,10.2096,-186.2000,65.7192,-213.4894,280.7412,157.1697,-120.0940
255.4881,120.0327,98.1248,183.5975,-280.4263,-139.8383,-165.9488,-166.7662,-98.1514,-234.2632,167.0100,-90.8185,52.9056,-142.5564,66.5284,-190.5719,189.3245,127.8110,-75.9900
206.5540,77.1657,20.5234,101.0136,-276.2495,4.6812,-135.9001,-82.1547,-19.0025,-82.4901,116.6952,-100.1104,101.9561,-55.6022,100.0694,-141.0836,92.3174,138.1778,-37.2050
74.1135,42.3038,-41.1668,34.2142,-226.2914,157.1042,-79.8950,-16.9632,-4.5110,-125.3700,81.1328,-21.5525,138.3802,50.0178,121.9849,-151.0142,41.5195,175.2073,-1.7293
-26.6433,-40.4375,-85.2587,-7.0486,-172.3626,265.7913,-26.5603,55.5000,-48.6278,-82.7318,44.9504,10.8670,186.7439,112.4072,104.9428,-151.7868,16.6474,209.7531,62.7346
-78.6167,-107.0090,-130.3748,0.6451,-123.7468,294.0327,-2.2905,164.6483,-4.7705,68.4969,-13.2155,-34.3600,239.0164,140.2089,83.1532,-117.1083,-15.5243,191.3579,129.8524
-96.6375,-97.2632,-189.5627,9.3356,-72.8140,185.1210,-6.8167,237.3944,85.5519,86.8792,-71.8279,-37.8651,269.3525,144.8417,51.0697,-109.0967,-54.3780,117.1922,167.3838
-73.8875,-44.5492,-242.3701,-27.7019,-15.8869,-14.4895,-9.5859,219.2139,105.5253,70.7652,-103.3527,-5.7550,297.5295,129.1431,-5.9309,-115.2582,-82.2780,43.4695,178.9791
-22.8237,-19.2706,-255.4004,-61.6067,42.8927,-168.4024,-8.5128,164.3312,97.1063,164.0536,-98.5427,-47.0112,324.9662,111.1067,-24.9477,-97.9493,-79.7443,-10.5709,168.7652
25.4165,-29.2624,-217.9652,-36.7605,90.9846,-244.1336,-15.2677,128.0107,107.5115,191.4501,-72.4570,-128.4805,320.2538,49.3196,27.1259,-83.7309,-45.3556,-33.7356,152.7974
48.2497,-5.2656,-137.1230,21.7000,126.9951,-293.9074,-4.0616,92.5145,54.2457,66.4006,-64.1948,-164.1148,305.7810,-83.0343,74.3855,-93.0218,-10.6988,13.0548,153.3091
48.7470,84.8064,-58.2021,67.5889,145.7676,-301.4167,14.8155,57.0192,-72.4643,-31.7680,-89.3014,-196.9587,312.1641,-174.1402,55.7340,-121.9415,-7.5001,77.8059,141.6112
59.8172,178.4433,-47.7347,95.1950,125.1240,-253.6862,-8.2541,71.3380,-133.9094,8.2412,-103.9725,-268.9723,311.7369,-152.0261,10.4855,-155.7898,-23.1570,92.2073,92.4317
101.1320,218.1230,-69.4150,120.1968,92.4608,-224.1834,-22.5179,118.5061,-90.0656,87.9929,-55.8704,-313.1055,318.1670,-115.4308,8.3526,-158.9666,-13.0137,136.3675,53.3813
139.0524,204.3907,-22.5715,155.7803,103.9296,-226.5290,41.8692,112.9172,-74.1327,52.5334,32.5297,-291.8564,384.9799,-110.3840,52.3612,-152.6816,29.7388,174.0779,37.1147
118.2638,154.8620,41.0809,208.3182,118.7959,-162.9312,95.8733,71.5826,-149.6041,-62.0247,65.2862,-248.1615,459.8969,-56.6041,78.8787,-183.0212,55.4863,-76.2190,-16.8608
30.6841,109.1293,-0.0745,261.9969,92.7499,7.7123,85.1444,102.0110,-209.0611,-39.4146,2.7103,-195.3905,473.9510,37.9045,83.5651,-176.5826,57.0815,-563.7664,-67.8833
-57.3662,100.1273,-69.9542,278.0084,143.9967,212.5683,168.4135,190.0619,-138.3779,98.0313,-58.0398,-117.3005,506.5663,86.6683,153.1409,-82.9493,96.1193,-761.8535,13.6442
-84.6829,82.1670,-41.1774,236.3885,345.6247,364.0795,406.1474,219.3996,56.6110,93.0738,-32.8405,-60.4384,615.9366,102.3652,278.4897,-25.1578,153.6653,-515.9494,197.3194
-87.7209,10.2336,-3.8693,153.4105,515.1783,412.2296,582.1398,189.1495,240.8270,-0.9709,11.1553,-97.7675,690.1877,139.0534,325.1748,-30.0391,118.6772,-291.8839,318.4936
-120.4746,-67.8445,-69.4123,47.5102,505.8961,369.7028,565.8214,192.8042,257.1337,54.8935,3.3737,-195.5909,669.7974,168.3720,280.2573,42.7638,7.4088,-324.2831,353.5763
-148.0708,-123.1868,-146.5397,-47.6553,450.0125,315.5449,499.5888,239.8304,156.1160,144.1366,5.5700,-235.2905,655.8057,135.6273,269.4239,133.3530,-29.2317,-350.7063,407.5855
-150.5279,-202.3444,-140.7605,-67.6803,475.1877,289.3707,500.1389,268.2169,153.2350,74.9114,61.0677,-215.5921,682.8569,48.4157,302.5697,55.2581,33.2125,-259.7241,477.9265
-179.0665,-290.8065,-98.2218,-20.8092,489.9903,237.1494,494.9310,255.0845,247.6763,-13.3104,98.5054,-272.7526,666.3790,-22.2429,277.8383,-81.0717,74.0533,-219.9980,473.4321
-202.9913,-302.7412,-59.9970,-3.0013,403.5274,138.9598,411.3062,234.9244,251.8731,19.1297,81.6429,-412.9943,585.7000,-20.8761,194.5743,-58.0651,58.9992,-242.3244,399.8317
-141.7469,-227.5044,-21.6487,-10.1485,270.1439,62.7755,297.8010,249.1038,193.1318,102.1511,61.2702,-463.5513,484.2842,2.9602,136.4862,44.0027,57.2321,-210.6295,326.0311
-59.4198,-148.4691,-2.3099,47.0631,154.3551,19.6405,215.0305,256.5769,185.2595,154.7747,57.4411,-390.7726,371.3716,-34.7274,118.6120,57.8336,85.0835,-173.8349,248.1460
-57.6633,-149.2054,-0.6834,102.3646,57.7364,-66.6990,140.8999,160.2676,161.4318,138.7776,50.9686,-366.8433,267.1013,-101.2453,88.7681,22.2257,98.0405,-221.8770,148.4987
-98.3723,-237.5324,9.0624,37.7662,-19.5789,-174.7301,59.5228,15.3599,189.0886,121.8891,49.3355,-449.4898,216.3502,-95.9922,35.6596,31.0112,76.7183,-269.9833,93.8435
-125.8589,-315.4821,13.3683,-45.4701,-46.2806,-158.8479,47.0864,1.6010,419.3433,214.8048,60.7790,-510.0153,223.8557,-10.4918,27.7336,93.5547,51.4139,-198.5390,135.1634
-135.5554,-297.3613,4.4792,-29.4350,15.4994,10.1446,140.6427,97.5865,531.2443,230.5140,66.9417,-492.4237,282.8239,63.4878,107.2793,184.4345,63.5614,-56.5163,212.5627
-95.1333,-257.0222,9.7908,-22.7047,156.0732,177.3326,249.8522,126.8511,216.2442,-28.2802,57.8878,-470.1286,397.0096,53.5042,196.8357,255.3733,96.2407,31.3784,265.6779
-38.2436,-303.8167,20.7821,-86.4902,303.9117,250.9866,331.6589,117.2610,-49.8123,-227.2587,49.1510,-478.9557,519.1769,13.0635,220.7937,275.6940,89.0940,63.2246,308.2527
-62.6080,-388.8507,20.2902,-92.8909,403.5593,288.1012,433.5322,182.8963,133.4632,-86.2018,67.3228,-477.1512,587.6016,61.0939,223.6921,274.8720,54.4895,105.9584,332.3553
-111.0791,-402.9231,50.3521,-27.2569,459.1965,289.7524,502.8570,217.4642,303.9427,64.1788,117.2610,-430.2470,612.1917,150.6744,245.2090,272.3548,60.5238,127.8656,295.5753
-85.4609,-337.2524,126.1987,5.0726,471.0718,188.4515,453.4971,119.7137,186.8229,25.3299,149.5903,-363.8029,619.1423,93.9618,244.0694,270.4631,95.8241,84.1532,203.8515
-81.4752,-247.1766,181.4689,42.2308,414.9350,35.8542,355.1310,0.0500,158.8054,18.6130,116.8869,-339.0662,590.9459,-79.3819,215.7890,287.6804,113.9965,47.8583,73.5424
-143.0961,-188.7958,189.3217,136.8459,306.6682,-79.6160,277.6848,-98.9138,187.7347,-0.7140,65.1601,-361.3105,528.6279,-141.2219,194.3670,275.8036,142.6745,54.2847,-95.2165
-126.1897,-182.2441,208.9854,179.9126,202.7005,-196.1840,173.7861,-249.8344,-57.0222,-169.9538,75.8063,-361.9153,469.3914,-91.8858,169.3767,167.5313,188.8902,18.4809,-236.9176
-51.9167,-177.1237,266.7137,124.4664,121.9994,-321.6683,69.9299,-376.8799,-275.2812,-258.1793,130.3766,-315.1375,421.8264,-119.9477,140.6229,48.2026,184.6542,-55.4127,-292.5893
-77.2398,-155.8702,308.2499,75.0923,25.6477,-369.5017,39.1675,-392.1578,-185.7940,-215.1416,134.7436,-268.8056,360.0006,-217.1862,124.6255,29.6555,132.6506,-67.1162,-334.7562
-116.3913,-185.9221,287.5492,68.0919,-108.1054,-407.8414,20.9590,-398.1754,-135.5525,-273.6444,63.3999,-242.0930,273.7667,-261.5433,85.2306,44.2666,112.6142,-42.2701,-410.2118
-48.4702,-235.1798,224.0670,58.3248,-227.8670,-582.6620,-17.5352,-434.0016,-189.2265,-323.4209,-9.0568,-222.3697,197.8544,-264.2216,15.8774,2.5210,118.8388,-60.4387,-421.2133
-24.0446,-190.2152,159.9900,43.1295,-275.3043,-753.9561,14.7454,-389.1871,-64.1391,-228.8243,-28.6418,-226.3001,182.0652,-262.0171,-15.1432,-52.3609,83.3133,-80.9359,-336.1170
-124.5202,-133.4348,107.3315,9.6377,-268.2835,-659.2216,99.2854,-273.8326,24.5285,-218.4932,-40.4217,-250.5522,213.4131,-247.0752,12.5988,-76.7119,7.7126,-70.6032,-238.6671
-190.7710,-216.8263,56.9552,-70.0501,-244.0362,-348.8441,140.6151,-160.6009,-76.2419,-249.2174,-100.9521,-247.6229,224.3519,-226.3162,66.3395,-70.1095,-77.0717,-74.3879,-118.1368
-193.3211,-324.6279,6.2879,-152.9908,-184.3707,-64.4610,176.2692,-3.5666,39.4975,-68.5127,-173.8493,-212.6436,211.3418,-136.9180,118.9531,-19.3328,-174.7890,-69.2227,53.5531
-237.2702,-293.2394,-44.4028,-201.6844,-80.2432,98.7646,226.2504,163.4700,282.3188,49.6315,-190.7705,-188.2668,231.4080,53.9726,107.1690,23.1959,-259.1033,-17.4338,160.0602
-265.0372,-236.3941,-92.6263,-250.9245,17.3296,152.1375,203.9184,194.5538,92.8113,-144.3519,-166.4025,-181.6555,268.9673,147.0761,20.8485,-13.3954,-276.7252,2.8750,158.8932
-205.8223,-280.4976,-121.7272,-300.9456,66.3689,121.8332,140.5507,134.7847,-268.7664,-253.6605,-162.3152,-169.3460,257.7314,27.5724,-20.1383,-48.9725,-248.0396,-54.4102,179.7304
-162.5892,-332.3916,-117.5124,-305.4146,66.5663,86.7046,124.6201,133.8381,-212.5623,-85.0032,-179.5790,-149.3091,207.9270,-62.3721,-1.2154,9.0462,-240.7845,-103.7918,231.8698
-189.4216,-329.1083,-81.5907,-275.3533,32.8746,79.0080,89.2445,141.1234,13.0651,-8.7745,-169.0598,-134.2300,174.0412,13.3711,-58.6818,63.0224,-248.0900,-89.6460,192.8098
-201.5446,-324.5890,-15.0820,-245.6221,3.7397,42.3810,-8.0591,61.6914,33.1633,-123.0131,-116.6200,-131.7184,161.0531,51.0045,-158.0655,15.4308,-205.2623,-41.1314,89.3802
-161.0694,-297.5796,67.7373,-198.8940,4.9114,-15.5797,-69.5098,-29.4095,19.6377,-188.2618,-58.4439,-140.2925,141.6666,-10.0918,-157.1295,-47.5643,-112.7984,21.2316,26.3932
-101.0374,-204.6605,129.1452,-119.1362,-8.2786,-48.8499,-86.0292,-53.9499,-0.5293,-170.7452,-21.2804,-141.5777,96.3006,-16.1602,-133.3663,-42.7618,-36.7317,78.5696,-4.6225
-47.6837,-112.6766,162.9874,-39.4286,-73.4534,-90.7274,-125.6001,-30.4985,-148.6589,-119.2482,8.7511,-115.6749,30.4364,-5.5586,-194.3319,-29.5477,-2.2147,106.8035,-19.5998
-18.5674,-90.8311,200.1002,8.2316,-147.1977,-124.6490,-148.0908,9.4836,-181.2965,-60.9932,42.6280,-71.9114,-17.6184,-76.4620,-230.4398,-88.4548,18.9566,126.9144,-6.9800
17.2673,-124.6719,232.5873,36.0312,-191.6767,-49.4736,-123.6528,5.6601,-28.0058,-124.3252,59.7477,-45.0751,-31.2015,-114.4018,-181.1033,-231.7944,42.4243,158.9232,-24.4186
104.9947,-159.9499,221.9648,68.6490,-217.0390,93.3693,-115.0903,-69.2494,-30.6161,-222.4423,50.3310,-63.0428,-38.8298,-62.0870,-145.3777,-415.5831,61.3146,182.5699,-78.3510
168.2404,-143.9841,169.1266,87.1958,-208.8481,156.5523,-118.5191,-93.4502,-173.4776,-103.7517,31.6908,-118.2201,-38.6851,-34.3616,-127.9482,-567.3444,53.0314,198.8014,-69.5768
102.9674,-105.1304,98.2645,52.8984,-146.5651,152.9312,-83.8211,11.9273,-124.2400,57.9316,11.3132,-164.8513,-6.5607,-42.0178,-66.2191,-663.2441,-15.1738,222.9092,3.8331
-17.1741,-127.6370,29.0255,-8.4854,-60.0142,195.3975,-35.2726,121.0690,65.8064,-38.8779,-1.6365,-163.1438,29.0632,-26.4021,4.2102,-742.3580,-104.3180,239.4123,62.5603
-49.1320,-161.2245,-1.7412,-27.3901,26.7803,280.0139,5.4699,152.6485,156.2394,-159.2432,23.6047,-135.1554,55.8383,-24.3873,52.4344,-797.5957,-97.1600,247.8260,127.3391
11.7144,-84.7236,22.4610,8.8455,117.6974,330.8408,52.3789,189.7126,144.6042,-33.5776,79.8703,-144.8159,119.9568,-36.0205,94.8699,-782.8328,15.3422,264.2733,208.4194
104.1908,48.6736,59.9806,69.6544,182.2615,320.6288,89.8809,241.3928,105.5816,81.1604,111.7596,-193.4034,191.3544,-17.5604,113.3385,-733.8802,94.6169,272.0138,214.5930
230.4574,145.1284,84.2388,150.4536,185.8554,283.1645,121.6945,236.9788,91.0153,-2.5275,109.8729,-179.8667,182.7166,-8.6852,121.6410,-709.5096,95.0282,282.5356,148.1102
395.9430,277.0675,118.2134,249.5774,157.8227,292.0034,163.4767,226.2729,129.8587,-32.3974,121.0946,-43.5583,141.9429,0.4359,157.0128,-677.6855,118.7681,357.9616,110.7110
558.2825,477.6184,170.6465,346.7880,151.5993,359.3454,165.2371,267.9259,133.3195,103.1263,167.6751,108.9356,184.3515,74.1501,168.8011,-628.3342,199.3408,483.6095,107.3627
702.9587,646.1039,237.0047,424.8812,191.5983,372.9581,118.1439,273.3775,94.3024,173.5889,241.2268,149.5138,278.0731,105.1708,127.3609,-642.4410,280.6757,562.9996,98.6879
862.3207,770.0087,325.1552,453.6292,266.0881,274.5044,103.4022,187.3541,151.1897,91.1385,321.5632,122.5548,315.2888,-2.7827,101.6191,-707.4803,358.3188,568.0977,104.6615
1013.7305,863.9326,402.5922,412.9923,314.5702,180.5806,115.4509,104.1856,223.6789,15.6263,355.3388,134.8804,282.2755,-68.4042,98.3935,-693.8562,427.1309,544.7663,112.3173
1053.4561,820.3682,403.3522,345.4090,269.1428,187.3789,70.0734,87.7546,131.0244,7.5619,298.6801,171.6748,209.5340,31.8180,58.6677,-594.7681,417.3316,503.4724,87.9674
935.7175,646.8175,311.7936,277.6286,139.8783,234.4916,-20.6998,92.7038,8.9736,-9.2699,178.1943,176.3861,99.3558,125.9092,-14.0827,-515.2675,311.6850,427.0089,68.6444
742.0499,510.7657,158.2234,162.3468,4.5389,245.3419,-96.3172,89.7103,17.6285,-17.0329,47.3752,164.2681,-20.1642,126.7175,-98.5260,-450.1027,172.3613,338.0779,68.6426
540.6342,401.7947,-11.2306,7.6978,-68.1559,223.7562,-139.5598,91.1828,37.2767,36.5200,-58.5837,154.9346,-88.8936,155.7272,-163.6283,-367.3086,44.7956,285.5737,43.5104
305.5265,191.2757,-114.0499,-90.8455,-54.0878,190.7443,-138.1227,75.9713,6.0180,55.0214,-106.5926,135.8696,-87.6397,204.1076,-146.0946,-354.0058,-39.1052,280.3616,12.7280
38.0024,-64.7242,-106.1819,-118.8289,12.0097,147.2723,-126.6340,17.7188,-22.7238,-24.9318,-97.6532,101.0949,-60.6130,153.3428,-113.8798,-407.2604,-62.1270,277.9495,17.2724
-182.9726,-276.3515,-65.1975,-150.8293,67.5140,86.1989,-167.0035,-47.1028,-94.8761,-67.1166,-85.6440,34.1667,-55.9201,38.8890,-203.2129,-365.6987,-77.3828,248.3561,22.4590
-301.8729,-473.8572,-64.1417,-199.1624,103.3495,1.5141,-193.8853,-71.2033,-140.1484,-32.9564,-91.3752,-55.7133,-57.0335,-46.2436,-314.6575,-232.8706,-129.7559,218.7243,10.5578
-328.7553,-607.2552,-67.6773,-230.0995,141.2818,-92.1253,-133.6644,-73.9556,-8.3438,-73.7414,-80.8752,-75.7411,-20.3015,-100.9181,-285.8785,-181.7116,-177.7019,198.7279,5.8053
-324.8147,-596.5930,-58.3577,-238.4769,149.1603,-154.9958,-94.6607,-80.7254,124.6381,-132.0318,-58.5817,17.4193,22.7988,-119.5640,-220.2229,-198.3256,-187.8722,168.9528,-6.6489
-383.1862,-543.2921,-80.4043,-197.5348,105.4873,-149.2393,-131.6066,-47.4569,48.1250,-17.5857,-69.9855,111.9970,7.4673,-78.2693,-223.0914,-155.4997,-169.3615,173.5121,-6.9749
-513.5364,-538.2873,-109.6371,-87.5256,70.4343,-83.3047,-103.7383,50.1442,-56.8012,110.7553,-113.9380,120.3339,-39.4765,-20.8172,-196.4291,-111.9403,-112.3311,243.4061,73.4464
-596.0663,-518.7949,-93.5325,4.7038,64.9845,-36.6959,-3.4750,143.6590,-49.1762,23.2594,-149.0153,109.5316,-53.2410,-2.8553,-155.3064,-143.3438,-49.6211,271.0510,182.1627
-576.4470,-500.2108,-85.3913,-11.0126,17.1949,-77.3267,0.4108,190.7935,-76.7063,-63.8897,-165.1424,153.6547,-51.2338,-14.5588,-215.9698,-155.7439,-64.2654,188.6744,209.3552
-558.0624,-568.9933,-139.3851,-80.7766,-77.3961,-157.5789,-70.5493,231.6919,-130.1189,82.4128,-182.6747,225.0478,-72.0101,-7.6433,-271.0528,-125.8282,-130.6652,119.5301,198.6192
-600.3176,-660.0449,-191.9362,-117.1902,-119.8864,-197.8646,-56.1545,258.2374,-67.0617,222.9916,-201.3545,264.7419,-87.6965,44.1182,-214.4427,-139.2078,-154.6959,143.9641,219.0762
-632.8647,-684.6409,-195.7516,-145.3798,-81.5479,-209.8924,7.1957,211.0951,14.9892,112.9625,-194.7312,243.4050,-64.6809,95.8556,-228.9386,-126.5175,-162.7239,168.7771,200.1788
-610.9133,-686.4632,-191.4813,-215.3355,-38.9816,-219.6031,-9.6237,125.8672,-8.8446,-66.2109,-159.9933,179.3037,-21.5036,90.0213,-431.4107,11.3662,-212.3808,143.4268,117.5605
-560.4106,-678.3059,-182.6241,-300.2260,-36.7594,-207.9824,-75.0822,84.9741,-57.7810,-60.3806,-139.9192,136.0147,4.8889,74.4484,-633.7173,139.9432,-253.5542,103.7467,66.9058
-508.6571,-613.0843,-148.2456,-365.7578,-49.6352,-202.5890,-90.9841,68.1186,-62.3887,87.7912,-164.4678,158.9300,3.9415,118.0097,-681.6512,128.0202,-270.8801,28.8912,47.6480
-503.0778,-540.2662,-152.3689,-417.1715,-45.4097,-240.8211,-48.1460,18.3586,-21.0623,162.6048,-211.3877,228.8828,7.6573,163.6979,-641.1161,86.7616,-330.8177,-73.6334,-21.8806
-585.0107,-531.1530,-238.4960,-439.9329,-7.8920,-268.7393,2.6614,-46.1843,60.2510,75.1915,-253.1615,287.2815,47.8983,149.0137,-605.6880,123.0278,-398.5557,-103.7670,-108.2392
-683.5082,-553.3563,-312.1728,-407.9185,57.5696,-259.7576,13.5553,-100.6065,57.5003,-36.3816,-276.3498,281.2473,99.1152,120.4159,-593.6405,171.5342,-376.6395,-49.2958,-148.5698
-686.9838,-563.7709,-287.9597,-350.7506,117.8926,-291.5659,-20.7603,-167.1248,-125.3648,-48.0947,-256.5775,222.7491,122.2668,90.7132,-591.2039,169.9819,-296.3049,-3.0190,-191.5934
-615.0018,-568.7055,-212.1643,-312.4842,145.2681,-374.4086,-58.3324,-250.8938,-322.7339,-57.6728,-196.1266,188.6570,123.4003,18.4151,-579.4754,126.5106,-238.4319,-11.9219,-271.1702
-564.1406,-562.2919,-146.8064,-280.1043,140.8871,-417.2067,-73.4651,-328.7652,-360.4309,-173.0860,-142.7598,207.1245,105.8842,-46.9760,-558.1055,62.3659,-192.2553,-106.2171,-331.0554
-540.5081,-521.3966,-93.5032,-236.0252,108.2133,-403.3591,-90.3498,-394.2279,-322.1630,-323.8961,-114.1768,230.8403,52.3533,-54.8266,-546.4858,46.1536,-140.7986,-291.0373,-354.3716
-492.6070,-435.9818,-62.6650,-210.3154,39.4493,-380.6314,-144.3860,-442.2498,-348.3383,-429.7708,-91.3174,240.4544,-21.8041,-71.6513,-558.8315,124.0061,-117.6023,-413.2773,-375.0840
-432.0958,-339.3587,-71.7143,-221.3630,-52.6543,-329.9471,-233.4078,-444.7882,-426.6141,-471.1980,-86.0198,231.3623,-93.6542,-111.3608,-585.6838,196.8606,-128.1077,-321.5983,-369.6306
-386.3852,-319.4652,-86.8579,-244.6474,-113.7676,-213.0549,-289.3460,-384.3508,-428.2784,-399.4462,-97.0924,169.8963,-159.3102,-81.8123,-577.0681,176.1815,-148.1224,-107.6036,-296.8154
-317.5531,-394.3783,-65.7053,-253.5923,-91.7277,-55.2025,-250.0559,-293.4456,-251.6881,-217.3410,-70.2072,99.5830,-180.3220,-1.1191,-505.1291,149.1543,-164.8360,75.5746,-193.4394
-216.1222,-427.6761,-24.6339,-226.6757,-14.8448,95.6826,-180.6611,-238.1341,-12.2754,-8.4990,-13.0066,109.5308,-129.8361,8.4163,-440.8062,193.3095,-163.7961,218.2712,-126.0034
-169.8402,-327.1651,-11.5677,-159.7792,24.6789,203.0649,-182.1069,-243.8009,61.3609,165.9238,-11.2859,141.3564,-71.3983,-59.0726,-429.1940,235.5947,-152.5153,307.1246,-107.5417
-218.6185,-211.5929,-40.1438,-106.8329,3.1346,236.5264,-207.7744,-254.2990,3.1901,220.7076,-64.4490,87.7666,-52.0785,-111.5141,-385.7771,230.0235,-170.5435,281.9273,-114.0458
-274.9315,-228.9013,-74.2010,-125.3493,-2.6706,183.3162,-174.3403,-210.8410,2.0580,92.4334,-82.5413,12.3675,-31.3906,-123.5265,-283.7280,220.1094,-213.1172,185.9771,-129.1278
-281.7499,-336.9407,-75.7697,-191.4093,45.6331,56.6981,-139.8658,-137.6901,-15.9698,-72.3755,-47.4544,7.4987,-2.8383,-133.2403,-233.2700,188.5598,-236.2617,101.0353,-149.3943
-282.6524,-371.1163,-52.3733,-244.3391,100.5417,-86.7352,-163.8190,-89.3072,-177.6736,-101.2629,-6.5107,26.2162,-1.1259,-153.3251,-257.9115,111.5123,-244.7802,41.4154,-176.0922
-284.9723,-267.4363,-25.6585,-248.9518,143.1750,-158.3947,-178.4422,-63.9199,-290.1612,-52.8799,30.1526,38.5831,6.4867,-148.0148,-262.7421,94.7546,-252.1848,42.0381,-206.1095
-238.3780,-147.6788,10.7062,-181.4172,193.5178,-134.6393,-148.0201,-30.4679,-202.0891,-18.4685,57.1144,90.7054,43.7012,-85.3626,-229.8555,203.8052,-216.5725,130.4733,-227.3397
-150.3656,-127.1869,48.3499,-58.5747,218.9327,-81.2256,-134.7893,10.9330,-143.9381,2.7607,47.2052,154.3759,47.0439,-11.7766,-199.5665,306.3120,-127.0375,221.4514,-222.2931
-68.1160,-130.6209,50.8410,42.4562,188.9209,-31.8383,-142.2389,47.7015,-296.5215,-22.4205,21.5009,168.6162,1.1908,-4.3256,-159.8162,291.0879,-42.0662,250.1082,-167.0248
-7.2854,-74.5684,31.3683,80.4581,155.3970,37.8153,-99.8847,93.5902,-460.9036,-37.4193,23.1601,159.9034,-24.4118,-34.8725,-99.5655,241.5120,10.6862,261.4397,-56.0199
17.3451,-49.7428,43.5904,85.5407,146.7683,108.0502,-9.3031,158.1909,-433.4544,80.1425,32.5439,162.2965,-22.2665,-6.5860,-36.0052,248.2159,45.0670,258.8593,46.6616
6.9391,-86.7642,83.0538,79.6113,107.2533,137.1399,42.2241,200.9999,-325.9923,175.4799,22.4698,165.0492,-46.0475,86.1813,19.3404,278.1766,54.2729,207.4018,53.2056
25.3115,-47.4765,113.6775,79.1434,32.5172,154.4815,8.7896,180.6074,-317.5038,54.8913,28.2628,182.0345,-92.1284,162.5087,44.0769,307.0265,57.4941,169.3713,-11.3184
102.5289,66.7080,155.5606,124.0033,4.8256,205.7722,-46.5259,135.7209,-341.3076,-68.3557,72.2847,225.8311,-110.2362,176.7211,46.6756,364.1322,115.9802,199.0126,-33.5640
165.6749,104.3640,224.6808,202.7894,48.2486,263.2355,-40.1230,130.5177,-218.8051,14.0798,108.8886,256.2653,-77.3680,155.6452,83.9698,425.9597,216.6339,233.5962,-2.0741
168.1044,89.7609,254.2780,251.7749,103.3002,273.6825,9.4971,148.2507,6.4099,134.5670,99.0646,242.7217,-19.6611,154.4567,150.3797,433.9285,266.0161,229.7824,-2.6851
164.4718,130.5526,185.2463,250.5048,138.6858,235.3700,35.0759,144.0956,110.3837,182.3501,57.6502,210.8926,13.7418,179.7614,201.3324,391.8330,228.6584,209.1949,-29.3160
189.2725,167.0288,65.0764,205.3265,167.6516,176.3533,45.6467,135.8933,39.8664,207.0087,16.5933,207.3749,25.3339,167.1598,257.6396,340.2372,147.6369,158.4210,-15.2257
195.0995,148.1373,-12.2458,118.7788,197.4645,101.9329,62.2079,135.8147,-41.2329,128.1543,8.2032,240.3725,70.1640,96.3903,297.3992,292.7809,64.2006,76.6228,1.1687
155.5309,133.7005,-10.9494,51.2291,227.8771,10.5203,35.2730,101.6857,-34.3592,-11.5826,53.8108,250.8659,130.7288,40.8627,238.5194,252.4659,9.7238,22.1111,-40.9909
117.9583,95.4883,29.5911,59.0553,243.9011,-64.5252,-31.9811,35.1677,1.1896,8.4104,120.3354,206.1482,120.6156,30.0937,152.6887,231.1126,-1.3342,-1.3861,-90.3082
113.3001,8.1620,44.9057,82.7552,209.7212,-89.6297,-45.0233,-3.7613,-6.7399,86.2854,142.2771,185.8823,46.2505,18.4205,179.0761,227.5217,-8.9844,-39.2200,-97.1010
96.9020,8.8563,0.2888,65.1698,123.2032,-81.3344,7.9030,-1.8413,-39.3759,15.4130,110.7296,229.4254,-5.5955,8.7362,253.1170,223.1856,-47.8009,-62.3646,-89.0018
44.0457,122.4244,-80.6764,57.5478,39.1609,-52.7809,47.8408,14.7406,-1.0339,-8.6549,76.8744,220.2036,-19.4750,27.4934,250.5892,214.4321,-80.4730,-21.2706,-60.2024
22.8414,162.0919,-133.8372,76.6802,0.1671,25.9971,65.2560,47.1779,116.1905,123.6244,62.8606,102.2920,-36.8542,41.9636,199.1870,226.7860,-77.7012,49.1181,1.9668
67.6636,90.2544,-123.3347,63.3741,-13.5811,141.8419,83.0607,86.2891,140.2409,131.0145,37.6514,8.9430,-68.3332,33.7861,136.4163,262.8133,-77.4856,88.3194,21.7940
89.1907,51.6267,-91.0658,32.0627,-42.7796,215.3333,65.6565,97.1740,26.6657,19.6378,-13.6172,31.2425,-111.6908,21.7122,68.3010,266.6398,-100.9459,79.0731,-26.7917
38.2897,67.5751,-92.6636,36.2873,-86.4613,216.4317,21.0272,88.5665,29.3297,102.3106,-53.7948,94.3542,-160.7147,-3.3586,69.2695,221.7424,-117.8399,43.7080,-41.6306
7.5468,85.7501,-103.2122,46.6738,-105.3495,194.6358,15.9723,99.3164,207.3154,280.9685,-43.5061,120.8943,-187.6314,-20.0813,126.6928,219.7454,-116.3204,40.6492,-1.6264
52.7451,137.1600,-69.8011,44.4188,-84.1292,190.2688,22.2959,122.1934,220.7618,260.7794,1.9910,113.7607,-189.9287,22.6753,103.0018,298.0639,-108.6143,99.7008,-13.2933
97.2323,200.7753,-17.6301,77.5891,-49.7868,200.1055,-32.1803,122.2293,-8.4137,147.9761,33.2354,103.5337,-190.6995,70.7193,17.8493,329.6603,-88.8113,155.2848,-79.6645
88.6402,191.5649,7.6002,129.4032,-15.5141,193.7870,-83.6544,92.0776,-113.0357,134.0228,39.5666,117.7114,-170.4606,52.1066,16.0334,245.0385,-53.4243,138.4948,-105.7601
71.0282,135.1882,30.4485,133.6507,25.6313,132.2295,-43.3956,33.8926,-24.9766,113.3688,53.7874,131.6643,-105.8711,32.2350,72.1812,172.3636,-23.5442,69.2738,-123.8069
82.6675,105.1270,68.7066,111.0012,49.6696,16.9516,3.2626,-70.2467,-68.0382,-16.8776,76.2785,82.6712,-47.3432,43.5537,82.8281,183.4033,-16.4148,-10.1192,-236.7205
105.1214,94.6909,73.4763,100.0562,35.8171,-100.9914,-52.0454,-223.8550,-235.8152,-154.8011,66.1238,3.6128,-47.3770,-7.5694,78.4792,165.9804,-34.1788,-77.3611,-405.4422
88.2171,88.2159,22.7572,59.0831,17.8142,-177.8238,-125.4728,-367.5103,-247.3859,-196.1935,20.3363,-1.5199,-72.2786,-100.0493,104.7610,89.0708,-79.1621,-103.2068,-510.4982
3.6022,82.8753,-50.6161,-25.8740,13.5922,-192.4116,-97.9222,-412.6288,-158.9097,-170.3710,-19.6446,49.5620,-73.1652,-105.0452,135.7586,74.9837,-151.5508,-95.0884,-515.9544
-91.6515,42.3466,-138.3334,-93.7174,-11.3126,-140.1138,-23.9672,-339.7609,-151.7351,-156.2825,-45.5128,41.2384,-74.9197,-46.6998,171.8780,135.9945,-232.8945,-93.3525,-436.8369
-124.7065,-31.2341,-231.6407,-123.6237,-51.3635,-49.3355,5.7641,-210.3417,-104.5143,-130.9652,-81.0327,-35.7430,-120.1258,-7.3104,214.8880,170.6431,-278.9529,-75.8204,-283.9001
-135.4620,-86.4433,-270.0150,-138.3119,-60.8668,50.8521,16.4733,-76.8746,49.3804,-23.2917,-112.5188,-86.0414,-180.0688,55.6393,220.8240,186.3830,-261.8170,-14.2264,-121.4371
-188.1454,-118.0496,-241.3111,-135.7472,-63.4639,144.9982,17.9490,32.5644,83.7470,73.0850,-107.2497,-79.3657,-199.5071,131.1417,185.9757,219.2589,-231.5557,10.4954,-46.8237
-230.5506,-142.5887,-231.0804,-141.4450,-118.6641,179.4198,-44.9977,70.1305,-58.9272,40.3414,-85.8243,-72.8530,-195.6926,103.8520,159.0496,192.7838,-259.8781,-64.2417,-73.6500
-212.7643,-158.2355,-275.9021,-199.8053,-204.1057,126.2488,-125.8383,30.5701,-141.0069,8.3752,-97.6351,-86.3626,-226.8936,5.6564,166.4472,108.2800,-319.6523,-144.6359,-131.9143
-209.6692,-191.2992,-304.2347,-250.2870,-249.5637,79.9532,-116.1591,2.1389,-73.8044,93.2889,-135.3496,-76.5777,-286.4057,-22.6385,200.3084,111.5200,-332.3784,-136.0469,-165.2402
-277.8127,-238.6713,-278.1443,-203.6998,-234.8194,111.0297,-46.9876,40.0152,1.0454,145.0138,-139.9132,-56.3665,-313.5877,12.5967,225.7289,210.1573,-303.1659,-91.3758,-154.9996
-348.8222,-230.2896,-235.3283,-129.1102,-188.0523,130.7226,-6.0960,77.0688,6.5172,75.7460,-87.5630,-107.1627,-282.0237,14.6470,207.4444,245.4870,-279.8489,-97.3596,-106.6319
-354.7198,-178.6743,-166.3153,-134.1414,-139.0264,68.9730,30.8198,47.6401,-22.9128,-4.0925,-12.0566,-211.2843,-209.9650,-27.2825,163.8968,185.3033,-249.4603,-155.0265,-61.1731
-321.8263,-177.1180,-22.5900,-151.5155,-90.9823,-5.0620,81.9707,-13.0653,-56.2757,-69.1047,55.5202,-249.0450,-128.7061,-74.1500,126.4386,123.3988,-192.1963,-212.7350,-61.2584
-298.5597,-210.5425,138.4813,-87.7100,-31.8278,-47.6973,70.2292,-57.5080,-93.0853,-144.0929,106.1332,-217.2376,-77.0741,-109.4538,88.5102,70.5837,-140.5442,-226.4018,-102.6192
-273.2077,-212.5280,184.5752,-20.0769,11.1541,-100.3338,-15.0888,-98.5812,-152.3477,-160.8918,124.0228,-215.0337,-78.4459,-137.5011,66.2214,14.0283,-112.5051,-199.3905,-157.6394
-204.8222,-211.7653,92.7744,-23.8187,-12.5361,-157.4541,-84.6383,-135.6228,-192.9768,-120.1027,99.8007,-223.6362,-120.6523,-163.4878,90.6097,11.0605,-88.1674,-177.1963,-194.6480
-117.8863,-208.2775,-32.2855,-22.7827,-76.0069,-162.7485,-102.5816,-113.6756,-107.4031,-73.7946,53.3150,-175.5178,-176.1771,-156.7096,128.0429,56.2218,-65.9823,-171.0712,-170.7431
-85.9179,-129.1593,-105.0727,19.1521,-97.8537,-104.1150,-89.8129,-33.3762,60.8521,7.1130,6.8253,-134.0925,-212.8139,-105.0385,137.2739,62.4446,-59.0190,-145.0299,-95.7617
-99.1701,-17.8535,-120.0469,16.1877,-73.9390,-17.1249,-47.6183,1.7516,118.0291,74.5507,-27.4794,-146.9888,-210.3903,-87.1646,132.3867,21.1150,-60.1788,-95.8884,-50.1394
-81.7350,14.4836,-113.7916,-36.8656,-64.0697,54.0177,3.8892,-48.0183,59.4199,33.0907,-36.8562,-128.1099,-202.3504,-123.5433,122.5230,-1.3040,-55.9736,-51.9459,-54.8578
-51.3711,-4.8469,-137.8487,-46.2620,-89.9632,89.7546,12.8325,-75.5517,31.7613,-32.6861,-39.2614,-60.7711,-241.9257,-97.4086,104.2416,22.0823,-42.2731,-17.0393,-51.6288
-78.2005,0.7405,-203.6795,-10.9580,-147.1645,107.0862,-44.8401,-29.1720,-14.8243,-47.2340,-70.6393,-42.6263,-318.8636,-5.9677,84.9379,71.5556,-19.7043,2.2312,-41.8996
-115.1442,19.9982,-236.5422,3.6362,-224.7261,111.0242,-140.7141,-4.6043,-140.0263,-75.5898,-96.0351,-68.5508,-378.6232,3.1702,52.5334,102.9812,4.4231,-8.6313,-56.4383
-71.0398,46.6043,-175.3795,11.0087,-267.1887,89.1523,-192.3613,-28.8681,-112.2655,-51.4238,-45.8010,-48.8206,-389.3761,-52.4828,29.0638,79.1991,20.5907,-15.8859,-45.7060
22.5934,91.6071,-83.7154,44.4205,-234.9952,65.1224,-139.6462,-16.2945,143.4478,100.3364,45.8220,5.7006,-342.9991,-36.6631,75.7104,39.6071,26.7616,12.8289,-1.4446
77.3699,97.4565,-53.4286,69.9840,-179.1991,48.5125,-72.7377,4.0812,211.2906,168.9009,84.5467,32.5115,-263.7995,-6.1179,128.2563,41.0381,26.3579,30.4618,-27.1635
77.9911,36.7580,-68.6214,57.8997,-149.6626,-13.8908,-114.4752,-72.3966,-128.8898,22.6066,67.6711,32.0640,-216.8125,-67.1859,74.5469,38.9168,26.7977,-9.3123,-128.3624
63.8120,-6.3060,-64.9588,24.6657,-117.3717,-122.2094,-181.7121,-180.2790,-407.1661,-130.0314,52.2104,21.5841,-222.6471,-126.9484,17.4997,-20.1443,32.8421,-66.7932,-172.6814
69.4891,30.1672,-35.9572,-7.9870,-62.7424,-188.6443,-136.2279,-182.9058,-222.7407,-147.1241,49.0180,7.8483,-217.7514,-98.3576,88.3507,-70.9545,39.3836,-85.5254,-134.9789
96.1469,113.6470,-4.7779,-16.5409,-20.5415,-184.8008,-69.5280,-119.6551,64.0461,-97.6785,48.4838,14.3097,-163.3188,-54.1796,151.6163,-45.2545,48.1726,-68.2769,-115.6945
112.9223,189.2755,18.9675,9.3687,-6.8398,-157.4951,-114.4357,-105.1517,-4.8975,-34.7978,47.8059,39.6382,-107.1771,-40.8570,92.8590,11.5735,67.4622,-54.4356,-129.9335
120.2522,214.0219,18.0600,37.7847,-5.7420,-111.1202,-166.3932,-121.6131,-167.5133,-3.1465,23.2350,55.2581,-103.4345,-31.2133,67.6850,40.1235,89.9351,-61.5068,-102.7052
159.5863,184.3118,-10.7924,52.1059,-3.8768,-27.6038,-91.6784,-86.7419,17.8139,-0.9036,-24.9492,73.0509,-142.7963,-25.1071,158.8103,52.4400,114.7516,-54.3963,-13.3389
210.7591,150.9274,-26.6961,77.2023,20.9778,60.6610,24.4442,-16.9142,285.9492,57.2778,-48.5370,111.2444,-167.3580,-18.0579,215.8807,64.8861,157.7268,-12.2962,78.6755
195.1755,129.0463,-13.3416,95.2111,81.5407,102.6278,58.2699,-10.6617,147.0083,75.6410,-38.7913,125.6652,-128.4346,-6.9068,171.5852,49.1595,200.0524,-5.7477,111.2913
117.1550,84.6016,-19.5536,60.6483,141.7456,77.1847,47.9540,-85.6538,-155.7012,-65.4077,-40.9271,83.6826,-40.7585,-27.9205,114.4113,-3.9940,201.2132,-74.5973,108.2515
64.1523,54.1236,-63.2170,10.2594,161.3219,22.9057,75.8931,-115.7083,-79.0625,-104.8678,-64.9655,41.6260,39.7204,-56.7822,97.0412,-35.4811,169.8664,-103.9599,145.9124
61.9657,107.9426,-88.0821,9.0350,142.7263,18.7016,114.7085,-28.0080,228.5109,101.4568,-81.6603,56.8214,85.9496,-37.0393,130.7603,-11.1415,131.2802,-21.1293,183.9196
55.9530,200.5528,-73.5536,30.1609,92.7386,56.6847,75.3752,49.5832,250.2999,160.8071,-81.3484,89.7911,97.0734,-34.9763,189.8574,-9.7874,72.2495,38.8089,101.9531
27.5231,234.9394,-70.5123,21.9798,10.9780,30.2343,-47.3671,19.0028,-8.6770,-52.8898,-75.6089,69.4105,66.8576,-106.3639,171.6384,-81.0220,-5.0274,-22.7505,-39.4197
28.1455,214.7561,-88.7672,3.5357,-68.2052,-67.4255,-139.8262,-6.4747,-172.0898,-108.7075,-84.2403,4.9738,11.8256,-142.2415,66.0345,-118.5740,-62.3485,-94.6803,-60.4672
79.8286,194.8800,-75.6912,-1.2622,-102.0045,-129.1418,-122.8706,39.4585,-107.8006,55.7132,-117.1733,-37.0798,-26.2082,-97.0755,18.1417,-63.4506,-79.8648,-102.3086,12.5197
120.5203,167.6065,-19.3289,-15.1225,-96.6703,-156.8324,-71.6476,23.4051,41.1934,72.1953,-134.0634,-42.8864,-30.9055,-95.9872,61.8008,-37.2656,-52.6666,-136.0509,11.6486
105.4088,94.6158,38.7251,-47.4139,-86.1056,-240.1590,-88.5670,-108.0519,94.5477,-62.9048,-90.2635,-63.4424,-20.1598,-166.0767,58.4717,-84.8838,3.0365,-225.6724,-70.7760
81.6981,0.5947,72.8883,-76.9432,-88.8855,-339.6890,-155.1922,-222.7958,-0.1753,-157.3505,-27.5343,-117.6798,-22.7119,-198.0668,-25.2941,-80.4130,20.9173,-277.4848,-131.1075
83.6459,-36.3337,79.3657,-98.1146,-107.9156,-349.2299,-207.0419,-254.0851,-81.9122,-260.2447,-20.0317,-161.1154,-57.7791,-183.1733,-70.3825,-14.4654,-16.2227,-269.4490,-146.4785
73.3230,-2.1762,58.9321,-120.5379,-130.1455,-287.8008,-234.9069,-255.2827,-36.6082,-321.7832,-65.7576,-168.0556,-102.5343,-184.4130,-42.8412,-23.2009,-23.3194,-264.5144,-137.7220
58.5566,27.5097,32.3858,-131.9402,-129.3604,-226.6581,-241.0694,-241.8786,-32.3489,-193.7570,-116.2590,-168.8152,-112.9837,-182.3052,-38.9120,-109.2589,24.2255,-259.2627,-108.3720
94.0734,36.0819,23.2772,-97.4013,-100.0372,-156.9932,-213.2628,-204.3555,-159.0877,-52.4105,-148.9131,-182.8728,-94.1653,-149.9235,-97.6291,-155.5972,47.6326,-202.8723,-72.3964
135.8482,89.0638,24.7420,-10.8506,-63.8757,-66.2690,-168.1296,-167.5371,-196.4687,-85.1773,-164.6624,-190.5049,-78.5891,-124.1627,-128.6615,-135.1579,39.5642,-115.4342,-24.1951
102.3626,148.2386,16.3262,65.4332,-26.4409,0.7929,-120.2167,-125.4478,-48.0099,-118.6502,-178.2219,-191.8472,-59.4018,-126.9586,-56.6390,-92.5894,58.2387,-58.8666,63.8321
31.6896,99.5673,-9.5965,66.0670,27.2932,33.5750,-37.4025,-50.7493,98.3187,-30.7171,-205.7586,-212.7751,-22.6330,-143.0870,55.2787,-53.4047,85.8948,-34.0676,164.9251
-7.3306,-7.9335,-42.0273,17.9638,80.0953,65.7664,75.4612,23.1979,155.5947,40.1582,-227.2121,-235.5499,14.0444,-156.7036,96.3191,-31.4236,84.3829,-5.8937,214.1808
-23.1008,-32.4874,-58.5642,-13.8769,78.0746,71.5151,115.2305,44.5928,173.4079,33.1708,-216.4194,-220.3548,28.4214,-155.4012,53.2508,-27.9095,63.8977,1.4012,193.3303
-14.5811,8.9813,-62.1599,-37.2827,5.4422,-0.3368,19.2753,24.1926,121.9235,8.5481,-206.9203,-196.9237,-4.2993,-142.7815,-12.5415,-51.2793,18.9738,-60.7998,139.7373
25.9481,21.1969,-82.5651,-79.5370,-74.7025,-102.6404,-107.4455,5.5941,21.3223,-14.9072,-239.8567,-214.5727,-84.6208,-133.7453,-52.0404,-121.8166,-34.7527,-156.6684,100.5434
27.6564,10.1298,-108.6313,-99.6255,-90.0399,-156.6189,-136.8921,-1.5501,-10.8992,-10.1645,-272.6173,-229.6607,-131.6333,-132.1464,-51.2691,-186.0375,-29.8293,-208.9456,81.0158
-40.2995,0.0528,-94.2728,-70.8194,-46.1276,-184.5962,-102.5934,-23.1626,16.8860,33.0533,-232.9453,-187.1956,-84.1560,-148.9725,-43.2637,-161.7236,10.9518,-215.2583,46.5996
-83.5129,-27.0631,-47.3551,-52.2711,-4.7419,-224.0106,-97.2413,-65.5163,29.4775,48.0174,-140.3123,-147.0956,-25.7438,-185.0271,-68.9816,-94.9797,-10.7354,-210.9766,4.9985
-62.3633,-50.5360,-14.5915,-80.1784,7.2624,-225.6935,-104.4396,-89.5227,56.8814,33.6773,-87.3391,-172.3171,-37.9269,-193.9483,-96.3412,-80.2577,-68.8093,-193.2316,3.6775
-54.5674,-54.4273,-3.2643,-93.9104,20.0913,-164.7163,-73.7525,-65.2585,104.8715,66.5493,-99.2681,-198.3513,-49.1267,-159.1583,-77.1118,-100.8985,-63.3008,-166.5012,28.6910
-82.9046,-84.1762,-4.1187,-46.9884,52.1013,-89.8542,-28.1911,-9.4372,105.9279,124.1474,-103.5071,-162.4772,-1.7669,-138.6963,-40.7417,-107.1620,-10.3717,-153.8091,44.0270
-102.0842,-139.7952,-20.0177,4.8801,74.0486,-9.3485,4.4481,50.5571,78.6763,118.8337,-72.6056,-122.4473,20.5473,-149.9272,-16.7043,-92.0889,22.6626,-133.9133,84.4398
-111.8538,-153.6236,-31.4157,-3.5521,70.6616,89.6368,36.1721,88.1784,79.9522,47.9230,-78.5653,-125.8051,-31.5937,-141.8591,7.0467,-51.8914,44.7343,-80.9691,159.5991
-115.6798,-108.6799,-25.2713,-34.6960,77.0964,157.2884,65.5560,78.6676,74.1327,-26.0082,-139.9971,-119.6234,-81.4634,-103.2387,-5.1195,-24.2135,84.3443,-26.7593,197.4574
-93.5670,-47.2441,-25.0512,-7.9267,104.4006,172.6291,85.9522,52.8169,18.7447,-49.5786,-164.4807,-76.4759,-78.6416,-58.5209,-70.3662,-46.4108,130.4086,-0.1694,188.1381
-82.6823,-8.1372,-24.0314,62.4615,104.8236,177.8636,105.7563,68.3046,-53.6255,-9.8516,-116.1303,-55.7607,-60.1955,-21.5873,-93.0941,-43.6999,155.4191,7.7769,191.4995
-114.3857,-19.1411,4.8763,85.0940,67.1484,156.2840,108.6813,99.2886,-85.8345,45.9749,-73.7510,-86.4499,-57.6558,-29.0916,-38.3177,11.3851,137.5022,-6.7361,186.3208
-119.2382,-70.5881,19.6610,32.9708,38.2648,68.8544,72.3463,79.1989,-49.9799,59.8432,-82.1667,-125.9200,-74.2976,-90.6143,-17.5909,-2.5115,88.0126,-50.9877,116.8899
-66.4160,-113.3319,-29.0727,-32.6389,8.1446,-35.2985,10.0329,18.2979,9.8703,32.6186,-107.0547,-159.1743,-116.5668,-140.7148,-62.3895,-73.2467,45.6892,-108.2520,20.0160
-47.7013,-125.8607,-93.6734,-54.7385,-75.2019,-114.3891,-63.6389,-51.3412,16.9900,-3.9772,-117.2358,-211.8666,-170.1316,-166.9143,-69.6189,-43.2696,29.8441,-168.5988,-56.7008
-90.6960,-108.8895,-108.8123,-17.7610,-178.5182,-197.6625,-136.2612,-150.8635,-31.7307,-53.7443,-92.0692,-259.8866,-193.7849,-228.6999,-25.4803,28.0281,43.0647,-217.5659,-147.3952
-103.2325,-59.7025,-82.5287,49.7600,-256.3489,-274.9955,-176.2326,-275.8579,-108.9245,-138.2287,-20.6327,-250.7814,-171.7729,-283.9949,-31.2540,-24.8801,74.3113,-221.6514,-274.4191
-68.3903,-34.2835,-40.7969,75.4713,-374.4328,-302.5734,-192.6973,-362.8914,-217.7802,-218.6039,60.1051,-203.9182,-133.6259,-231.4801,-120.2118,-115.8836,79.3611,-196.6756,-370.5573
-63.0534,-96.0778,10.4195,26.6242,-569.2992,-292.4429,-230.2324,-380.7534,-287.6050,-224.5529,115.9568,-172.5970,-115.6671,-108.1941,-210.9848,-111.0527,47.4652,-202.9946,-363.1035
-94.7144,-173.6165,53.8802,-46.0983,-737.6383,-265.7390,-258.2891,-359.2519,-208.9392,-182.2292,162.5330,-156.2166,-120.6623,-29.9015,-207.3203,-81.4952,25.5433,-245.5367,-274.1202
-124.3230,-167.1487,63.0888,-119.5434,-815.7647,-218.1782,-205.6648,-323.5368,-17.7504,-152.3900,194.9562,-154.6400,-109.9214,-32.2771,-112.9817,-76.3042,-1.3555,-283.1046,-176.8332
-163.2655,-133.3186,18.5806,-216.8900,-863.6075,-155.0318,-87.6459,-249.5493,158.3434,-77.8306,180.6467,-198.0067,-46.4957,-81.1277,-46.2184,-44.2472,-83.8184,-290.3952,-82.9882
-200.9098,-157.2920,-73.8679,-277.0408,-909.3857,-60.4150,28.4249,-104.8076,220.2061,37.7180,133.6354,-241.7512,36.3111,-106.1248,-64.2808,-21.2423,-152.9981,-236.9226,30.4399
-187.9900,-190.9381,-158.7943,-216.1101,-935.3223,67.2032,100.7750,55.6744,85.3975,-3.9415,74.2752,-205.7791,53.1395,-56.1956,-69.4326,-56.1402,-123.0718,-122.7753,117.4862
-154.7789,-176.7890,-181.6400,-101.1277,-973.4292,127.4870,104.7960,116.5896,-164.3801,-204.8174,-8.1608,-142.6799,-8.4037,-13.0627,-16.5793,-112.0059,-55.1234,-44.3500,129.8227
-155.0022,-143.2977,-154.3016,-43.9423,-1028.3771,52.7459,65.1146,75.4293,-249.8136,-263.3454,-69.2996,-149.8173,-56.6374,-79.8944,-13.9614,-185.4702,-22.5952,-68.3599,117.6664
-134.6372,-106.8382,-107.9234,-27.1085,-1035.3839,-54.1469,58.7244,41.7135,-106.3663,-149.3457,-41.8486,-173.2294,-39.2819,-163.1984,-93.3688,-268.0742,-2.0375,-112.3940,129.7243
-58.1605,-58.7516,-48.0872,-8.8070,-991.6284,-95.4443,105.5638,41.7888,32.4011,-158.5874,29.3791,-124.9554,-6.9945,-124.5851,-138.2434,-278.2763,11.9217,-103.2572,137.8694
-23.2187,-31.2206,1.0617,-20.7002,-966.0903,-120.1103,151.9171,16.6523,88.5166,-291.6227,58.6477,-57.1766,-0.7572,-40.1680,-115.3968,-239.2803,-3.7347,-111.2699,117.5730
-67.7588,-44.8093,15.0023,-64.8115,-982.9498,-194.6136,152.7251,-40.7858,127.0811,-311.3036,61.7996,-41.8376,-15.7651,-44.6197,-116.5674,-264.3692,-26.6620,-198.3088,49.1075
-75.2261,-66.5216,30.6468,-104.8323,-1018.0027,-321.3787,83.4658,-129.4123,52.2648,-273.2606,86.2108,-65.3839,-61.9757,-106.0885,-157.9049,-322.0611,-41.3047,-297.8178,-96.0528
0.8598,-84.2806,82.6443,-146.3918,-1034.3025,-462.9826,-28.3543,-277.3641,-129.1328,-346.6663,114.3968,-116.1296,-118.4276,-154.2415,-169.3183,-327.8671,-45.3026,-334.3680,-250.5149
60.4093,-123.7355,127.9265,-177.8587,-992.2262,-523.1222,-80.8353,-424.5483,-193.6656,-454.0960,113.9799,-177.7975,-117.8826,-205.8441,-152.7372,-329.2060,-9.5870,-316.1937,-305.1322
48.5835,-180.9138,113.7962,-151.5484,-910.4767,-421.9397,-46.0684,-462.3976,-151.8474,-475.3804,74.7549,-186.7917,-84.1989,-250.8768,-161.5210,-360.4799,39.6993,-267.5999,-278.6029
0.6244,-227.8556,53.6963,-94.0152,-840.2722,-206.1846,-13.1403,-389.9729,-140.9314,-389.6959,9.3985,-145.7141,-110.7519,-213.7347,-163.4725,-355.7824,40.4261,-189.4829,-225.1706
-61.5132,-262.9832,-2.2716,-65.3907,-761.7647,35.2354,4.4127,-261.1400,-16.1688,-185.9147,-26.2508,-125.1487,-163.2321,-73.2412,-92.3018,-291.3023,28.7786,-103.5934,-127.5251
-124.1439,-289.8117,-28.6697,-44.7180,-663.1820,248.6594,54.6452,-105.1215,218.9054,24.6899,-0.6889,-107.5361,-133.7087,91.0606,-1.4716,-206.1724,46.2926,-48.4903,-38.0249
-174.5582,-286.3375,-48.0967,-13.7690,-621.1333,358.1812,86.1115,7.8509,207.6081,60.1986,25.8257,-46.6833,-44.7597,173.4237,11.4942,-151.4180,37.7575,-24.4428,-33.8916
-236.2368,-250.1616,-85.4037,-17.4496,-634.4182,335.0014,85.6158,22.9768,8.5219,-28.2675,8.6337,-5.8271,18.3260,146.5218,-8.0744,-186.3040,16.9163,2.7731,-21.8602
-288.0568,-220.6052,-106.1941,-33.2485,-593.4483,282.0898,156.3789,7.3978,52.1351,-57.7062,-0.8033,-18.1182,49.9656,98.4078,33.4318,-275.3366,69.9640,48.1239,70.0393
-242.2262,-205.2823,-67.5809,21.6313,-503.8714,266.2054,258.3774,21.2714,212.1472,-15.1810,36.5403,5.3460,55.7441,108.1376,79.2479,-289.3538,136.5231,93.5096,94.5639
-121.2614,-165.5268,-10.9856,114.5174,-459.0708,215.8645,244.3384,19.5250,129.2165,14.1139,86.7884,68.1748,21.9271,118.9647,43.2539,-222.6934,106.2101,114.0849,-18.1565
-63.1658,-120.3871,-3.8878,135.9825,-431.0533,99.0500,179.5917,-13.3090,53.7672,-10.9411,120.8752,53.0500,-6.1401,56.7139,-8.6966,-182.5282,42.8479,101.5251,-105.4306
-80.5283,-138.3596,-28.2552,88.5368,-364.0552,-7.5533,189.7318,-38.6073,212.5105,-78.7877,136.4846,-26.7476,7.9312,-14.3521,-5.0745,-169.6909,39.6811,75.2452,-100.7177
-63.1483,-191.2319,-25.5581,60.3779,-319.2640,-70.4518,173.9176,-84.2244,209.3239,-86.9982,126.9722,-30.4258,5.8805,-20.3786,-5.5745,-136.5867,54.6183,54.1828,-130.8674
-7.9090,-182.5506,4.4821,71.6149,-333.7673,-140.7600,54.0589,-187.9397,-92.9386,-3.0202,99.6196,45.3298,-51.5797,-27.2523,-48.8029,-136.3509,41.2966,16.1359,-238.8198
12.8064,-126.7066,21.1958,70.1898,-350.2335,-243.9458,-41.4267,-289.0653,-252.7620,-23.7173,70.4005,65.0125,-109.1969,-81.1366,-79.2164,-205.9667,12.4882,-56.9191,-331.2141
21.1693,-125.7794,0.4590,21.8529,-348.2319,-318.7479,-68.9981,-306.0459,-172.3636,-202.3223,29.7862,-14.9018,-122.7889,-80.8903,-77.9449,-271.4447,-41.2662,-118.2631,-339.1749
45.6009,-212.7459,-60.5602,-62.8705,-342.6624,-270.6369,-121.8578,-220.2855,-131.8711,-219.8695,-33.6317,-108.5388,-113.5782,15.4239,-75.6744,-258.8182,-126.0199,-123.7638,-251.2831
6.7482,-349.4243,-147.6830,-151.5345,-305.4364,-92.5703,-170.1079,-58.9905,-80.3494,51.8745,-102.6555,-143.6038,-104.8210,81.0880,-73.4369,-176.0072,-207.8808,-96.2456,-95.9842
-133.4413,-480.0949,-222.3576,-212.3889,-221.1557,109.4288,-138.0899,105.3685,73.6788,260.6963,-146.5339,-119.7901,-90.0831,64.1460,-72.9114,-97.5837,-257.0120,-57.5498,58.9732
-268.4262,-538.6267,-249.3347,-232.3500,-125.0415,256.5974,-95.9809,189.5539,75.9363,179.8492,-146.6537,-71.9182,-57.5504,76.7732,-87.9955,-89.7820,-252.6707,-4.6561,158.0988
-305.8784,-522.7764,-242.5756,-216.4221,-51.1805,361.2770,-107.5354,194.5277,-84.5065,37.6373,-126.7105,-37.3852,-13.7234,148.4486,-82.3985,-118.7849,-193.7147,36.8334,183.7251
-283.2830,-501.3602,-240.5320,-166.7661,-10.2325,422.4598,-116.6060,188.5548,-61.5489,50.9148,-137.5943,-28.4081,21.1459,172.6543,-15.6830,-115.1568,-130.1649,63.1325,144.3303
-263.0387,-466.4883,-231.5285,-84.5737,14.2558,404.1000,-103.1583,192.6860,105.3322,123.6296,-167.1590,-20.6116,40.3676,121.1883,53.9434,-94.8370,-99.3680,118.7822,83.0162
-229.0030,-354.0757,-171.8090,-4.6275,47.7990,317.7845,-119.8842,170.8103,53.3994,99.5876,-138.3873,7.2582,49.5513,54.7601,25.8349,-90.5259,-78.0225,173.9370,47.6875
-139.1889,-221.6622,-79.2626,20.8543,74.2790,215.6668,-164.5508,122.0758,-167.7238,-3.5298,-47.2200,38.0186,45.0469,-9.5561,-91.7685,-91.8920,-49.5294,149.6005,50.1515
-15.5314,-165.3897,-12.5139,11.9404,78.1128,141.4060,-181.9197,102.4686,-207.5714,-62.4253,18.4673,52.5462,31.7152,-51.1917,-173.6985,-118.0027,-12.1841,98.4214,80.6941
78.8653,-130.9715,39.7588,64.3723,111.1812,113.3363,-155.0116,126.0641,-31.0442,-30.4048,32.9783,69.9189,28.9097,-24.5099,-143.6504,-163.2263,71.3446,129.3675,98.7001
129.6727,-24.7765,135.6102,208.9778,203.0599,94.2940,-123.7155,101.7812,84.4355,-5.2485,61.0687,109.2498,32.9516,20.1678,-77.3128,-157.6314,218.9711,203.2244,38.4788
173.3106,130.7450,254.5300,360.5063,291.4958,35.5818,-144.1174,-48.1475,-37.5938,-92.4412,117.4277,154.5858,28.6467,-4.4856,-76.5965,-137.5917,373.7418,218.9745,-87.6542
218.6679,267.7250,297.6942,443.8005,326.1678,-20.8615,-222.8218,-246.7196,-253.8028,-238.1612,135.7279,192.9613,24.2533,-58.4550,-121.3681,-197.4283,465.4535,176.5485,-180.2725
233.9436,323.5273,217.0872,450.5892,324.7277,4.8275,-286.4130,-348.7125,-259.2737,-273.6330,86.2050,224.7481,26.7418,-52.9387,-138.6629,-236.2584,473.2763,116.0281,-182.8338
195.4848,248.4236,85.1924,372.6569,320.2114,109.6200,-260.2587,-313.1501,-25.0055,-133.0703,17.9581,224.3724,33.2237,20.2974,-123.2219,-122.5564,422.3400,55.0718,-105.4504
104.8818,107.6534,5.2431,217.7890,335.9062,236.9442,-173.7489,-194.4456,110.3789,34.1203,-31.1707,175.4123,43.7944,142.7816,-103.3778,22.4994,344.2084,14.4501,20.5784
1.5489,25.3736,-22.9860,57.4487,346.0226,328.7444,-134.8425,-60.7343,-29.8470,50.3041,-87.2377,124.4398,24.9192,273.2164,-83.9304,69.7864,244.5806,-21.0043,120.0181
-47.2836,-15.6070,-69.3154,-52.1828,280.3807,319.0386,-186.6400,15.8512,-205.6090,-39.0831,-170.2739,112.1000,-60.9029,299.3454,-72.0103,116.2873,139.9261,-90.1843,132.3765
-42.1250,-90.2003,-124.0363,-120.1990,166.6120,207.1745,-249.5979,7.2811,-192.5253,-62.7860,-233.0351,114.9404,-159.4540,186.4638,-82.7238,211.5188,82.2080,-160.3100,102.1650
-59.9143,-140.2365,-116.5548,-144.3438,128.8591,87.9504,-252.5004,-22.1206,-46.3106,-1.3641,-217.8201,117.7799,-188.6209,79.7154,-109.1525,229.5108,76.6901,-174.7688,81.1111
-104.3810,-113.0616,-60.3710,-112.3662,174.6526,12.4533,-236.0002,-13.8866,84.8317,44.7599,-138.0171,126.8762,-163.0296,86.5834,-126.0323,153.8627,60.0138,-150.3690,44.8583
-111.0283,-99.3364,-32.5109,-79.6058,203.9750,-52.0006,-248.8026,6.0778,86.6122,53.6578,-65.1784,96.2615,-126.2526,116.3794,-110.4714,144.5766,4.9951,-122.5791,0.1937
-115.4148,-155.9798,-54.5200,-111.8656,215.1160,-101.1516,-254.9683,15.5496,-35.3104,53.8951,-51.6469,-2.1391,-72.4828,63.1041,-62.4720,262.5908,-64.6749,-108.6841,4.7920
-187.5398,-223.7111,-99.4232,-187.8564,259.0261,-114.5166,-220.5524,35.8227,-96.1712,36.9011,-78.6682,-77.3451,-19.1038,-25.5586,-18.8225,352.4896,-130.2490,-144.4950,51.1200
-263.4877,-268.3345,-139.4877,-244.1885,292.0859,-151.3170,-165.9381,45.1372,-10.5119,5.2192,-91.9043,-52.0102,-7.0423,-55.8067,-18.5981,266.6631,-154.2914,-219.7540,78.1461
-277.4056,-291.4279,-154.6336,-250.1833,260.5411,-249.3487,-115.1190,-6.5404,49.0497,-17.9595,-96.7911,0.5538,-29.6091,-33.1651,-55.1920,116.8986,-117.1796,-253.5014,54.9962
-287.4040,-272.7281,-160.4178,-216.2150,188.5616,-322.8862,-106.8512,-93.1833,10.9662,-29.3177,-145.5145,-12.1702,-74.7304,-27.1310,-85.9940,132.6876,-88.3037,-235.5333,-12.5656
-290.4571,-229.0741,-175.4489,-193.8801,114.0949,-296.1170,-181.4384,-149.3619,9.0760,-35.0495,-202.9862,-62.1588,-140.3333,-56.7233,-85.8523,274.8561,-109.3033,-239.6384,-83.2368
-189.1750,-190.3013,-157.5237,-224.4028,72.1271,-210.7307,-280.5902,-171.7337,24.0945,-57.1021,-168.3060,-73.5055,-173.8264,-71.5825,-86.8505,299.6275,-114.2425,-260.2736,-101.5606
-23.5071,-124.2292,-85.3116,-260.6288,106.0304,-106.3303,-295.5023,-168.5594,-48.9356,-102.8816,-56.9134,-20.2381,-138.7993,-31.9140,-129.1657,195.9725,-86.6829,-221.5430,-54.5431
73.5337,-38.7885,-28.1843,-242.7911,204.4668,48.7025,-221.3835,-90.8564,-84.2335,-95.1540,10.5855,53.3144,-85.1393,36.2516,-160.6981,155.0273,-92.4643,-138.3027,38.2338
99.9108,-18.2510,-28.8736,-214.9077,294.3655,216.1935,-130.3296,54.6298,24.5805,12.7495,-8.2907,59.1594,-49.4030,67.2796,-97.3647,195.4478,-118.3170,-109.2032,139.4564
106.6257,-46.4785,-57.4374,-230.1389,319.8250,254.9614,-69.5802,131.4704,109.8364,101.7066,-63.8336,-13.1274,-20.5824,20.5698,5.2488,207.4305,-107.3948,-168.8351,171.4681
67.4573,-20.4006,-114.1415,-244.2211,282.4089,131.6555,-78.1589,55.4157,63.7895,71.6419,-118.3903,-46.3959,-21.3363,-68.2473,17.4430,182.8127,-93.9002,-248.5751,93.5528
-13.8343,36.7616,-203.9389,-228.8426,222.5850,-19.9096,-168.8997,-76.7308,7.2675,10.6160,-150.6811,8.0827,-65.0677,-118.0307,-50.9161,157.5493,-122.4996,-283.8026,-25.1663
-72.1420,32.3139,-262.5835,-229.5640,170.3192,-119.5535,-264.1927,-155.5772,5.1779,6.2800,-149.8208,36.9590,-104.1645,-112.3560,-99.7738,152.9269,-158.2963,-287.1430,-106.6609
-83.1785,8.1980,-246.6934,-229.8021,128.8217,-195.5073,-279.2164,-186.3373,1.2051,9.3310,-138.5202,-1.8716,-116.0271,-111.3240,-113.4412,192.0524,-153.1822,-272.0214,-136.9117
-49.3845,55.7930,-187.1654,-154.7393,129.2070,-224.8566,-237.4155,-188.2780,-40.8127,-30.8683,-122.3876,0.5830,-105.3509,-129.5705,-124.2089,204.3961,-90.6268,-199.5026,-128.8188
14.3435,142.1690,-119.7650,-36.6462,194.9616,-198.7585,-224.5655,-178.7627,-154.4040,-106.1742,-80.4863,55.6910,-42.3573,-132.8384,-137.3569,111.9873,-2.5360,-99.2508,-142.8749
39.8243,182.7005,-82.9336,15.2935,235.5374,-240.8322,-276.6385,-230.2894,-321.5289,-195.0817,-42.3774,49.7430,51.7296,-152.3745,-154.2653,29.7308,23.8831,-97.1356,-235.2441
-6.6260,161.3055,-111.4177,-17.4487,161.9273,-373.3038,-334.7910,-332.7682,-397.3266,-241.2419,-52.2076,-7.2952,78.1335,-219.9034,-148.5281,63.6753,-37.8246,-199.3344,-318.2122
-75.9996,101.8176,-159.4442,-65.4418,55.9160,-392.4597,-320.3915,-348.8030,-323.3545,-207.1147,-79.0999,-3.8493,16.6049,-236.4222,-96.7682,89.4728,-87.7358,-242.7736,-284.9144
-147.1964,29.9404,-150.3580,-70.3714,20.5547,-209.8119,-269.1507,-264.6159,-248.2631,-157.1919,-74.7464,50.5008,-54.3128,-116.8503,-79.0662,34.4801,-51.9562,-147.8008,-211.1432
-213.3875,-15.9150,-88.3779,-17.2778,28.3659,9.2711,-276.6519,-214.7163,-266.6760,-141.8594,-44.1998,65.6564,-93.6585,26.0726,-156.8119,34.2108,18.5418,-0.5651,-193.7952
-215.1283,-6.7010,-20.9505,50.7190,68.5305,158.5824,-296.2675,-204.6071,-295.4674,-108.2554,-6.7407,31.5393,-103.3505,47.5664,-218.7428,125.6129,54.4026,121.7104,-185.3628
-160.3767,43.1694,25.8995,67.0706,180.3759,265.6584,-208.6797,-154.4711,-267.1503,-45.4671,18.1821,-9.0208,-76.4056,-9.4436,-174.5792,186.4232,53.4963,194.5718,-162.8611
-131.9952,88.3580,40.6162,45.9940,295.2986,284.8199,-73.3757,-127.1655,-207.5288,-28.1805,6.2507,-26.0656,-34.2992,-32.9790,-113.0467,188.9530,58.0818,186.3313,-182.3343
-110.9888,99.9711,41.2434,61.4644,327.7031,167.7457,-40.0890,-170.5913,-152.7024,-48.7119,-23.4584,1.8655,-12.8473,-23.7537,-91.9543,180.0536,99.5211,113.0786,-212.9621
-48.7761,89.5989,49.4353,108.2405,331.7701,8.0436,-82.8563,-171.5799,-118.3592,-17.0867,-31.7418,51.6381,-2.2282,-26.4305,-47.7539,145.1139,143.1195,47.1895,-178.6326
-19.9897,71.4612,34.9532,116.4626,357.0005,-108.8151,-74.3616,-115.8837,-78.5593,66.1367,-31.0028,57.1404,18.7522,-37.2464,10.1303,83.7148,130.9840,10.1747,-90.0974
-61.4448,36.9878,-9.1737,82.4921,358.5888,-201.4915,-3.1972,-140.2492,12.1354,122.6460,-43.5289,13.5590,43.1020,-63.5081,4.1304,37.0475,88.4582,-25.2775,13.4763
-87.7018,5.0336,-17.9235,59.7222,342.8544,-274.4950,60.6316,-226.2727,108.2077,128.9819,-50.5726,-11.2871,62.8812,-131.0134,-37.8257,2.9372,81.7599,-50.0446,103.7371
-80.3867,26.5208,27.7636,71.3685,354.0544,-312.6098,83.4136,-234.4790,112.8756,104.2370,-33.4708,6.6562,77.5702,-201.2955,-37.5536,-45.2277,106.0725,-40.6990,136.9087
-75.0811,93.7556,75.1718,111.4732,349.1219,-347.2010,64.6091,-178.4949,57.1836,63.7974,11.4137,21.7020,86.5671,-208.8940,-10.9842,-112.1668,122.0638,-19.4242,118.0695
-28.9395,139.5861,100.2884,162.3492,282.3948,-390.0895,15.9607,-130.6135,54.4285,46.2030,69.8857,6.4255,85.5370,-164.2336,-25.7371,-181.2577,130.6653,-28.1111,96.5577
49.9936,144.6539,100.3533,186.3962,193.8242,-397.4944,-41.6894,-60.6681,84.8113,55.3064,81.2569,-15.5888,43.2750,-119.4126,-93.2846,-215.5246,150.7752,-65.9318,75.5778
51.5200,136.0345,65.5433,165.3970,108.3393,-333.9636,-101.9198,22.1100,21.8849,13.4990,13.4235,-16.3926,-66.1318,-89.3562,-165.5692,-224.1120,180.6229,-81.6707,53.6520
-30.8075,104.7559,15.8187,124.6611,0.8726,-194.5753,-163.4435,46.8728,-120.4309,-73.9182,-60.4965,4.0534,-192.4600,-67.7511,-205.0824,-271.0205,181.7893,-49.9560,62.4714
-94.0886,33.8179,-38.0030,75.4885,-100.0616,-17.2918,-196.8035,47.0797,-145.0733,-70.3875,-81.6343,25.8413,-255.8929,-43.2278,-213.3128,-322.6711,113.9235,-16.1782,85.3531
-105.4493,-42.1994,-103.0838,0.2177,-94.8281,117.5838,-165.0827,77.7710,35.0647,22.8963,-88.1851,32.2642,-238.7549,5.2402,-186.5340,-278.2087,30.0360,2.8932,87.6540
-93.6685,-81.1513,-121.8513,-71.5656,67.2107,189.3950,-80.5444,83.5690,202.0296,33.3096,-93.0387,31.4333,-160.0139,56.3034,-124.1249,-195.8746,37.1238,68.9670,94.5860
-80.6285,-82.4459,-53.7075,-64.9842,287.1346,260.7957,-4.6335,53.1664,136.1011,-46.4251,-61.1234,48.0985,-42.6535,54.9133,-74.0730,-207.6350,121.6837,174.6646,111.7965
-90.9127,-65.9344,17.9300,19.4190,406.5374,339.4604,40.1487,78.3429,3.4448,-52.4585,-22.4926,76.4375,62.0215,22.2146,-42.7314,-270.0290,178.4546,211.7337,112.4843
-113.7480,-47.0871,46.9300,85.6284,418.5949,368.8951,107.1282,154.1884,107.2686,24.3431,-16.9292,69.5860,122.4968,30.2781,42.8899,-278.5681,192.2878,175.0564,133.0367
-111.8625,-31.6868,99.9000,87.7387,445.8096,353.6688,194.6251,179.3661,336.7753,76.1854,-1.6535,16.0080,164.7127,58.2553,136.8644,-259.9803,205.8671,171.6333,186.3626
-93.9167,-17.8906,160.0111,78.9748,484.6293,316.0025,188.7757,151.2671,314.7961,106.8295,39.8705,-28.4566,178.2726,32.2037,85.2044,-263.5344,191.8363,191.4743,180.7621
-74.2594,-4.2166,132.4158,76.3113,404.5429,211.1458,71.4550,134.2198,49.9689,144.1583,44.0642,-39.9214,99.7703,-28.2510,-51.8209,-277.5197,115.6236,135.1115,99.2100
-54.4982,15.0512,45.0526,33.8998,217.6577,45.6327,6.9641,119.7729,-76.3930,148.4774,4.9246,-65.2136,-45.3536,-53.7092,-58.7255,-290.9901,27.5699,33.7849,58.2355
-83.0517,31.1502,-2.7477,-26.2839,84.4163,-69.2174,64.7319,71.7888,32.1142,109.2610,-8.5432,-113.9598,-139.3164,-48.0161,42.2046,-264.2779,-7.5614,-22.0908,82.1687
-159.4645,-11.4473,0.4518,-49.7663,47.1154,-92.7952,90.1987,-0.7802,92.5068,32.4154,2.1489,-143.5068,-151.1077,-55.8556,75.3989,-157.2929,-12.1563,-68.3975,62.4369
-181.4750,-126.2603,-3.8280,-78.8850,-2.1751,-98.7542,0.2503,-62.6978,33.5089,-48.9810,-26.5030,-156.9621,-154.2956,-76.7865,62.2891,-59.4871,-61.3501,-148.3834,-14.7542
-143.5453,-182.5042,-73.4505,-137.7793,-92.8332,-97.5369,-55.4358,-56.6365,102.3879,0.3611,-71.1094,-167.9242,-156.4632,-78.5349,103.5642,-75.9288,-142.3058,-168.7045,-32.7545
-140.5927,-73.4246,-188.4821,-121.9203,-119.1769,-22.6177,32.5185,41.9094,306.9784,184.7458,-40.6406,-135.9175,-90.4246,-55.1029,143.2417,-130.3796,-140.9288,-70.9950,35.9971
-137.8844,77.0383,-222.2245,-5.4209,-36.4998,98.9199,135.6583,129.7606,329.5219,246.4505,52.3401,-65.3324,20.0770,-33.6428,116.8112,-107.7989,-39.4069,32.4318,61.4759
-65.3848,102.5074,-126.0695,66.8454,57.5574,155.2740,100.1609,84.3950,88.7834,98.7840,89.2932,-22.1926,71.8735,-23.7107,71.0176,-59.1380,37.4542,44.8006,-30.5595
-12.5907,61.1317,-31.9509,41.5830,104.6329,117.3331,-10.3126,-45.6218,-137.0934,-29.0576,39.2331,8.1072,64.1347,-0.0363,31.2832,-90.4047,53.1123,24.4404,-119.6413
-41.8943,82.1671,-30.4069,26.0125,175.5345,52.5780,-28.8723,-129.3953,-172.3364,-69.4965,-3.1151,80.2970,83.7911,37.0010,-20.6447,-194.3893,93.1918,33.9015,-80.7785
-63.1609,129.7246,-63.5822,52.8497,285.0010,10.5347,53.6916,-150.9325,-74.6330,-137.9712,4.5318,148.8367,128.6437,54.0366,-58.3229,-281.7411,160.0503,33.1742,19.9750
-24.8029,119.3436,-69.1175,74.3289,323.6108,-10.2380,100.7462,-164.7224,86.5018,-137.7595,19.1828,167.6099,126.8342,54.9343,-53.8098,-284.8274,208.7573,-2.3939,58.0334
47.7779,77.1632,-10.2617,116.8304,254.0067,-36.3009,41.9351,-188.3155,205.9112,17.6398,42.9443,187.8042,73.4851,58.4220,-44.0967,-215.2262,274.6723,-27.2294,22.4938
137.3288,66.8671,106.7940,196.4789,154.8903,-97.0466,-75.3497,-230.8723,140.1159,104.7696,89.6093,226.2717,4.4395,47.3034,-73.3143,-135.4437,344.2930,-25.7016,-38.4985
178.4460,114.9486,151.6752,237.1469,74.3441,-169.4762,-166.2891,-270.9079,-12.6572,12.4614,96.7131,239.3969,-55.6494,37.5012,-108.2207,-70.3010,320.0705,-21.6189,-69.1054
122.3720,209.8384,61.2296,204.2846,33.7278,-184.3811,-144.0881,-214.1611,13.3930,-33.4272,42.4710,237.2462,-56.4208,67.4837,-71.8420,-5.7417,208.3848,-8.6216,-6.7918
56.8432,275.5064,-3.8757,138.5179,56.6215,-142.9739,-11.5453,-42.3263,186.7382,76.7806,13.2945,222.7143,13.1849,76.1195,20.3041,42.4268,100.0329,7.2204,114.7326
42.2077,239.0100,36.9055,62.7551,78.3391,-118.1974,80.0880,99.7422,223.5930,188.3909,48.7638,141.5242,61.4791,4.1203,58.5898,56.1516,30.0248,-20.1222,179.3701
27.1070,154.9052,52.9778,7.9679,34.4038,-107.1975,47.7078,118.1518,86.1951,205.0859,91.9350,31.4259,47.2496,-40.4252,32.5560,62.1282,17.0333,-68.4110,172.8660
36.4809,124.2380,29.1689,16.5785,12.3259,-46.5958,24.9021,99.9176,-6.9964,158.0151,109.4247,2.2374,50.3284,29.7213,46.6568,77.0845,49.4878,-47.0835,154.9939
119.2167,135.7009,69.1221,48.2801,76.0339,32.4614,98.9148,122.2180,16.0423,89.0023,104.0800,33.9505,88.4809,100.5531,99.6585,83.3426,30.6821,39.2687,110.3447
