Fp1,Fp2,F3,F4,C3,C4,P3,P4,O1,O2,F7,F8,T7,T8,P7,P8,Fz,Cz,Pz
272.5364,21.6467,236.0498,0.4979,324.4327,0.8505,402.8269,-45.4101,340.3612,-27.3814,323.6320,19.8262,255.0820,1.6284,292.2105,-74.0649,299.1710,-27.1857,248.4113
167.4102,28.9707,352.8221,-16.1522,353.4155,-45.4385,412.7847,-39.5444,330.4131,124.6814,277.9388,14.9356,222.5219,-46.4148,221.2557,-61.9801,163.4835,-30.1106,143.9495
162.6042,24.5040,338.1422,-36.0657,376.6056,-63.0963,412.3499,23.4430,339.2846,220.2185,260.0692,33.5244,223.4231,-44.6646,120.6231,5.2428,113.8478,-14.7804,213.8735
282.9051,1.0158,256.3685,-43.7517,383.6044,-44.2750,404.3588,100.3347,316.3519,212.4422,277.2530,22.1672,247.4292,-14.7393,112.9109,85.6823,120.4788,36.5091,311.8425
283.4606,-38.1557,273.7007,-60.2224,350.7671,-53.2978,391.2103,116.0970,235.6307,230.8481,257.1685,-32.5212,221.1622,-31.4823,161.6997,112.0350,89.0686,47.9477,279.8788
181.1314,-49.7004,303.3809,-66.1051,316.9512,-62.1534,377.2621,120.6479,209.7599,324.8833,218.8406,-54.0944,171.5504,-52.4923,204.6811,126.5518,87.2227,22.6999,261.5780
204.3102,-1.5289,263.0857,-18.7828,325.6358,-10.3147,381.6738,145.2472,255.2482,333.7439,236.6054,-10.7684,171.5111,-20.3470,237.6680,132.4623,145.4247,46.7465,282.3729
273.0815,58.1003,259.8722,40.2723,338.0154,41.0602,393.1113,117.4722,229.2051,199.8772,254.1334,34.8978,203.6510,15.4062,223.1046,81.7964,158.5329,96.1072,205.7455
244.6922,77.0401,289.0343,57.3813,342.0170,43.4489,389.6362,69.7952,152.3890,135.4337,215.1885,52.4897,235.9602,28.6221,175.8823,67.6264,144.0447,98.8338,136.4921
245.1645,73.9792,275.2541,57.2952,355.4760,53.3106,390.5711,94.3450,140.5717,244.0471,192.0913,65.0551,253.4616,47.1582,170.0349,156.6301,178.0252,79.4140,169.1665
296.3515,78.9773,281.6146,61.8788,321.4980,77.9778,394.1287,125.3723,109.5256,315.4868,192.2339,73.7290,210.5820,61.8939,173.0608,206.4595,182.0489,71.8360,145.6243
254.4689,89.7479,291.2286,65.7514,240.4577,78.1801,370.6860,96.3650,7.7642,214.4580,152.2580,77.6497,137.4648,79.9905,141.7953,153.6922,119.6889,70.3435,64.1580
162.5891,89.3889,211.9010,77.9154,200.9383,80.0896,352.7470,78.3646,-29.9462,98.7816,115.7359,86.7306,116.6559,115.6120,132.4478,112.4293,73.1998,89.0627,54.1344
106.2411,68.5874,137.4748,77.1644,163.6559,95.5238,370.0207,85.0556,-12.3171,99.8205,103.4827,94.4947,97.1338,113.4642,131.5109,97.7098,27.5647,119.8205,33.3573
41.4477,58.4900,119.3422,44.1377,71.7329,88.3809,375.6041,81.0321,-48.7945,149.7295,39.1789,110.2472,24.9787,71.8172,88.2493,71.5748,-42.6993,131.8688,-12.8734
-13.2839,84.1515,42.9030,26.9950,32.4058,68.1889,363.2761,120.8984,-67.8281,190.1214,-38.3304,130.7507,-0.1408,63.0874,71.2829,93.1442,-77.2951,143.3523,43.8549
-39.0450,89.5774,-27.3274,36.0914,57.1080,51.6063,374.8309,184.2026,-22.7150,243.2901,-41.0197,97.3747,38.0340,56.4228,98.9989,138.1053,-115.8232,153.4815,80.9472
-91.4986,40.9134,16.4859,18.3382,23.0185,22.5177,383.9868,146.4950,-0.9616,269.4546,-22.1631,26.1392,31.0409,12.1659,89.6300,114.4108,-194.5562,113.6758,-29.2374
-115.1042,5.4490,30.3829,-11.2640,-17.9948,-3.3337,372.3508,37.1135,8.3090,190.4729,-12.1432,28.8436,15.2062,13.9700,73.7880,84.8809,-197.2058,48.4122,-107.3824
-79.9519,5.0648,-25.7233,-17.1802,7.4023,-11.5440,381.4887,-18.4808,14.0033,67.9627,34.4166,96.3802,68.2617,63.4995,93.0341,127.7728,-127.9725,26.8737,-92.4410
-94.9098,-1.5168,-0.4509,-20.9761,2.7478,-9.2423,387.0838,-17.1416,-56.5537,69.2754,57.6727,120.6143,114.6720,73.3895,66.7813,183.7922,-101.1526,48.4056,-105.8534
-101.2463,27.0628,55.9904,6.6641,0.6894,39.7260,352.6579,8.6559,-105.0971,188.9449,17.0078,117.7194,124.7176,93.1181,6.2355,214.9515,-52.2484,95.2874,-99.7313
8.5951,119.5558,67.2490,98.2905,100.7900,127.1034,340.5003,56.7601,-34.1551,212.4737,4.9671,150.3230,155.2671,160.2178,3.3740,225.7919,38.2022,166.8147,-67.4823
76.2263,181.8130,132.3371,161.9445,158.4173,158.9616,364.3227,85.0109,-9.5579,92.5716,28.9382,178.9194,168.5508,170.7074,26.4609,199.4088,29.8234,227.4058,-105.2367
29.2422,173.4656,185.8904,149.7541,111.6052,140.3843,358.1912,91.2544,-92.3435,63.3727,28.7565,173.1690,151.7078,134.8724,43.5025,187.0617,-5.9614,254.9218,-88.3002
12.9837,158.2349,135.8438,145.2472,135.8374,153.2689,347.3871,123.5219,-129.6714,204.6620,41.9247,159.4716,171.5884,149.3404,74.0353,224.3306,52.1393,270.1898,29.3038
6.3428,156.1900,149.1619,161.5243,194.4131,174.3108,369.4012,154.2524,-133.8437,285.2124,59.6968,152.2998,190.8430,169.7264,56.0359,229.1383,50.6304,280.5012,37.8694
-8.8666,165.7573,213.0612,149.2409,154.0419,171.0971,368.7213,147.7646,-154.6491,185.8286,31.6064,177.5665,181.9511,175.2307,7.4297,197.4766,-35.0141,286.8951,-4.8194
82.5500,180.0690,133.2520,128.8405,127.2651,167.1543,352.8183,130.1098,-99.9043,66.5365,36.8026,219.7593,212.7807,220.6956,49.3373,210.4135,-24.8681,271.3834,64.5351
122.4777,137.1806,53.2509,103.4577,122.2359,126.7892,373.3274,106.9154,-24.8164,73.0317,89.1872,197.5193,212.3263,229.8781,109.7372,235.5159,1.9261,193.5750,68.9132
-14.5251,73.2059,88.4838,65.3731,20.1116,67.1202,379.8034,103.6690,-7.7174,186.2432,78.3851,149.0629,111.1912,168.7206,74.9097,240.9911,-52.3719,117.5034,-19.8931
-52.3552,101.3601,36.5259,69.1476,-28.7618,83.5313,358.3525,147.6481,63.9803,286.3924,54.4297,172.1125,65.4850,154.8324,38.3051,257.8991,-54.1466,136.8124,-14.9695
-4.5953,137.2043,-36.4187,86.1758,29.0985,97.6209,376.1284,142.8589,118.8591,279.5287,81.2672,186.8681,95.5507,153.0046,26.1359,230.4913,-75.9152,158.0498,-67.3793
-139.3773,75.9910,25.3832,48.7589,-40.3857,20.0200,392.2494,70.8239,15.0223,259.1900,41.2307,133.9707,37.6941,86.3618,-19.2715,178.8272,-218.3943,100.8183,-217.6057
-198.4534,48.7666,-14.1120,32.6809,-166.2889,2.2558,358.6314,86.4063,-46.8246,336.3970,-46.6408,120.1049,-34.5544,84.7557,-9.8450,224.6454,-243.0250,87.6947,-170.8269
-59.6733,75.4293,-142.2389,47.5784,-183.0541,64.6017,355.5612,152.0430,-33.0016,349.6670,-83.6497,118.4612,-48.8770,142.1411,9.5660,244.3436,-170.4752,126.1866,-99.0130
-157.0616,17.9257,-93.9030,-4.6149,-290.5584,31.6646,381.0754,124.8943,-178.2052,200.7249,-184.6536,64.3415,-156.0128,111.5548,-104.2867,124.4217,-263.9198,93.2800,-231.1227
-318.3821,11.5904,-130.2436,-4.3126,-414.9853,6.8758,354.6830,139.3107,-256.2363,145.8026,-303.1244,114.0689,-239.4068,113.8045,-158.0386,113.3714,-305.5869,77.7658,-187.1512
-161.1535,150.5656,-317.9222,117.7071,-283.8940,97.5683,335.8396,219.1628,-121.8438,235.7806,-250.3209,219.4929,-147.3329,186.3124,-91.4400,227.2142,-214.4175,126.8525,-80.5723
-235.0832,154.1198,-167.7817,107.5129,-268.6879,71.8611,366.0542,131.1504,-254.6256,197.5570,-278.5811,121.9713,-207.7371,109.0450,-224.5620,170.0091,-369.1754,75.3323,-364.9215
-476.8995,94.5523,-74.1333,59.8399,-460.8683,44.3425,359.0763,117.0125,-396.3716,194.1831,-461.2882,100.0470,-354.9289,118.6358,-264.0584,193.9403,-336.4659,90.7559,-227.6483
249.2237,415.5014,-674.3378,410.1701,-23.6461,429.8268,338.4658,563.3846,320.9834,568.1851,-139.7709,526.4240,96.6277,559.1718,367.5273,632.5272,528.3978,458.1841,864.5330
1341.2393,820.3636,-892.0271,843.4163,877.8569,852.4261,369.8801,940.8497,1155.5319,883.8187,648.8694,858.3655,844.8129,874.9026,976.9160,889.0707,1203.2490,765.6917,1297.1340
962.5232,642.3976,161.4106,676.4236,846.6613,647.6502,371.6703,629.4281,702.0082,589.2064,767.4453,530.6683,760.9399,526.1322,580.2590,494.3216,598.7005,546.2548,216.7419
-272.6797,182.4942,998.3334,224.1751,-48.5550,195.4678,341.2495,166.8639,-311.9109,134.1222,68.3579,89.8791,23.3092,111.0933,-156.4824,130.4441,-234.2257,230.4623,-617.5662
-480.9600,113.1310,515.3213,174.1249,-388.7429,160.9180,374.2827,197.9009,-439.1763,135.2801,-323.4431,120.1276,-258.8345,171.0180,-209.5951,285.8683,-185.3215,273.9146,-290.8887
-25.2854,270.3832,-53.3812,323.7658,-105.5120,304.5836,356.4096,376.6031,-125.4319,320.7047,-151.4221,277.4016,-84.2250,293.9882,11.1962,461.4782,38.8125,361.7663,-57.4035
-52.2053,266.9031,97.0511,274.1186,-88.8569,255.5362,141.2396,319.5325,-248.9687,276.6299,-106.5785,229.7081,-90.1207,214.2606,-104.7746,376.5782,-143.9720,268.1856,-347.4636
-217.3926,214.7020,208.7074,206.7110,-270.5666,192.6041,-141.7708,223.0292,-457.6398,162.5777,-257.5483,167.5878,-208.6561,185.6205,-259.6490,305.3864,-265.2144,227.3949,-425.5072
-161.5287,212.0831,45.8475,239.0789,-270.7178,212.6288,-316.9432,196.0242,-431.0987,154.8089,-288.0750,161.7888,-213.6342,217.6077,-232.9484,294.0410,-229.3653,256.3758,-328.4431
-215.7293,181.2684,-2.3228,228.2168,-257.8399,213.0872,-366.8727,167.8599,-418.2379,145.6029,-278.1389,129.0974,-228.7781,202.2530,-223.2185,269.9319,-255.6653,225.6525,-351.8827
-266.8164,182.7771,-27.2442,222.4592,-285.3573,242.2685,-369.5210,175.9706,-420.2975,86.4350,-297.4360,118.8685,-253.7365,214.6190,-256.5981,302.0864,-207.1773,220.3862,-333.5930
-201.3533,211.0293,-76.4426,250.0562,-295.8617,263.5064,-475.2779,159.7506,-417.2857,24.5382,-306.0586,101.7412,-264.5065,179.1088,-316.5833,293.1522,-168.4605,224.1301,-395.3399
-302.2858,172.3183,-54.6384,201.9875,-428.4552,185.0559,-690.4846,68.3123,-513.0511,0.5180,-400.2479,40.9596,-375.3272,53.6969,-424.0110,183.9334,-290.2849,144.4031,-585.9073
-394.9674,175.1608,-214.8215,176.3886,-546.7153,158.2499,-784.9295,61.1546,-492.5744,69.0313,-484.2042,73.4205,-472.1115,52.7786,-418.2314,164.0816,-284.4001,117.1646,-541.3943
-294.4928,265.6273,-485.7736,251.7956,-474.0618,226.8455,-750.9834,125.3954,-329.9594,172.6320,-406.1844,182.6552,-442.0786,143.9238,-318.4180,213.4605,-186.0672,171.8449,-428.3137
-345.1212,279.9290,-487.7006,270.7814,-468.6425,218.9029,-814.7523,107.8500,-369.0721,193.7147,-374.4770,212.4347,-454.3699,124.2927,-347.4734,172.3366,-333.0893,148.4942,-573.7325
-458.0435,236.9015,-437.6156,238.6614,-583.9389,190.4196,-910.6412,110.1053,-512.9214,176.9169,-471.6351,207.4053,-502.6905,103.1268,-436.7065,141.8158,-467.5674,116.5044,-656.3194
-396.1974,206.5635,-489.1930,221.4874,-623.5198,187.1482,-997.3730,118.0874,-600.7214,133.0071,-518.1002,154.0929,-514.7935,84.9390,-548.1094,110.8986,-455.0590,124.6160,-732.7007
-684.3048,24.3464,-268.1354,30.9275,-850.8098,-20.1523,-1407.4327,-124.0761,-995.2949,-82.8025,-697.1082,-99.8854,-767.4639,-153.8481,-917.1979,-104.8345,-799.0864,-38.0049,-1259.9717
-1339.3333,-250.8477,-80.5493,-274.8382,-1345.3328,-321.8989,-1989.6842,-411.9850,-1537.1746,-359.2781,-1144.3558,-350.1819,-1228.5569,-386.2674,-1335.1251,-287.3600,-1330.4720,-266.0736,-1675.3424
-1428.2179,-282.6563,-531.5375,-307.5559,-1487.2861,-313.9599,-2040.1630,-325.5215,-1499.7458,-375.7101,-1370.5686,-301.1000,-1343.6702,-282.6878,-1319.1976,-178.3787,-1330.4832,-222.8718,-1347.7981
-990.1069,-133.8153,-1040.8318,-128.0222,-1181.7471,-128.0655,-1662.0269,-99.7464,-1117.5973,-198.2896,-1168.3191,-169.5678,-1100.7333,-138.8534,-1079.4648,-68.9396,-1053.2833,-86.7013,-996.8090
-905.8602,-120.7499,-941.6520,-106.7101,-1070.6948,-130.5203,-1612.5925,-124.0590,-1141.0001,-145.7831,-1017.2414,-201.6066,-1018.2255,-208.2255,-1070.4750,-159.2922,-1080.2363,-169.2535,-1145.5970
-1049.6477,-185.3232,-774.7505,-180.0835,-1196.5067,-194.2828,-1833.1329,-203.3846,-1344.5300,-201.4900,-1057.1365,-214.6985,-1084.2137,-222.2858,-1148.3744,-180.3228,-1140.3451,-264.7645,-1194.4486
-931.9138,-173.1481,-927.3342,-162.1500,-1148.8768,-153.2464,-1800.7863,-142.9843,-1263.0154,-175.3681,-1003.0895,-138.4789,-1009.0206,-131.3849,-1106.9803,-74.2167,-1015.6533,-210.3389,-994.5959
-859.3234,-186.2059,-977.0165,-175.3090,-1046.8602,-173.0826,-1671.1802,-122.1344,-1149.6964,-113.8184,-926.2516,-148.2702,-934.2136,-152.7024,-1090.0355,-47.9122,-1013.4283,-220.4215,-991.7763
-980.8934,-239.3579,-887.1285,-236.5215,-1074.5729,-251.4595,-1730.2205,-170.1124,-1168.0267,-134.6688,-972.7326,-193.4815,-976.7876,-177.3579,-1099.6597,-70.4803,-1085.6715,-292.8028,-1052.0189
-953.8549,-221.9718,-928.3331,-204.0291,-1041.5477,-230.9046,-1773.0157,-167.0878,-1114.7495,-208.1912,-971.6972,-156.6632,-952.1177,-100.4700,-1015.8328,-73.6456,-1016.1177,-238.3137,-958.0708
-830.0667,-196.9868,-932.9292,-163.0540,-945.3267,-203.1866,-1715.2308,-177.7119,-1051.6537,-249.4040,-899.4689,-138.1261,-854.2747,-110.5874,-914.9763,-125.5984,-983.4843,-161.8348,-952.4800
-808.3318,-223.5679,-829.6827,-206.2719,-926.2786,-248.9524,-1721.7427,-224.4935,-1074.4482,-206.0456,-897.6959,-163.3206,-806.7917,-193.9686,-843.9744,-143.4285,-1023.9793,-184.3787,-1012.5186
-774.4541,-204.8671,-828.9528,-204.0621,-877.4769,-238.9088,-1745.6890,-205.5688,-1043.9889,-111.0906,-895.3271,-145.6001,-769.6996,-176.0308,-778.6904,-61.4713,-943.0377,-183.2270,-928.0149
-742.3052,-144.9769,-847.2807,-129.3693,-785.3907,-164.5943,-1731.0372,-159.9109,-993.5897,-70.3951,-851.9379,-140.8811,-746.8773,-143.9165,-812.2815,-48.1923,-857.1091,-135.0425,-859.3766
-788.9144,-137.9426,-784.9119,-100.2791,-810.8931,-137.7581,-1773.1588,-158.6937,-1003.9490,-92.2576,-888.2903,-184.1890,-802.9639,-186.7962,-921.1677,-135.7675,-901.4996,-135.0015,-898.9428
-778.9283,-153.5342,-824.0049,-108.6606,-895.0371,-141.1360,-1811.0183,-155.9077,-927.5375,-97.4678,-964.9879,-190.0896,-863.6943,-202.6378,-930.3358,-171.0703,-937.4641,-144.9263,-897.7558
-766.4600,-143.5417,-945.1252,-94.1624,-937.1619,-126.6615,-1781.9303,-154.6738,-784.6860,-111.9970,-992.2906,-192.1377,-900.6467,-192.7721,-872.9423,-180.5517,-958.6021,-136.4153,-911.2074
-915.0972,-139.4477,-990.1875,-72.2567,-1029.9086,-108.5530,-1836.7538,-180.1326,-777.8728,-175.8329,-1045.7386,-257.1297,-1000.8751,-213.9680,-885.3883,-234.3226,-1059.8867,-168.4378,-1011.3993
-1069.7633,-141.1408,-1056.0778,-55.3734,-1163.8098,-86.9055,-1985.3496,-179.4297,-855.1457,-197.1069,-1140.5293,-293.8893,-1128.0841,-209.3651,-937.3156,-233.2952,-1175.4078,-201.4783,-1088.7869
-1127.4003,-134.9514,-1193.0049,-55.7412,-1226.5217,-83.4211,-2071.2883,-168.4229,-909.5383,-138.3390,-1216.0804,-263.1971,-1207.6669,-186.8274,-1005.1978,-160.7679,-1304.1145,-183.0756,-1179.1969
-1223.1510,-144.3277,-1282.9620,-76.3875,-1271.9357,-117.2810,-2143.5608,-193.1685,-1035.8151,-87.5596,-1319.1589,-251.3900,-1294.2798,-198.8798,-1129.9205,-127.9984,-1476.7660,-174.7499,-1341.3207
-1307.3077,-151.3634,-1362.2511,-60.5481,-1367.3798,-125.2579,-2299.0874,-176.1268,-1230.0887,-51.7341,-1444.6414,-250.2564,-1409.8243,-187.5490,-1258.4956,-139.2869,-1543.9895,-182.3728,-1430.6968
-1303.3036,-126.6281,-1476.3431,-18.2282,-1449.2087,-87.1716,-2429.9873,-88.4253,-1355.9589,16.1729,-1504.4528,-207.1922,-1502.8206,-143.4143,-1348.9088,-133.6705,-1490.9747,-141.4761,-1420.8275
-1346.0410,-110.0019,-1522.6622,-36.7860,-1489.5853,-70.4079,-2458.5083,-27.8776,-1395.3512,65.6425,-1544.8156,-164.2148,-1567.1718,-129.9852,-1416.9657,-88.0591,-1495.0985,-91.2653,-1406.7804
-1394.9731,-128.9597,-1511.0962,-80.7469,-1497.8027,-74.4025,-2425.7617,-3.6038,-1371.4532,64.9479,-1597.8428,-137.7994,-1569.0076,-107.4338,-1402.0353,2.6148,-1508.3431,-90.2394,-1326.3192
-1296.2712,-137.5143,-1492.1650,-56.7049,-1429.9650,-55.0887,-2327.2493,35.7281,-1282.6566,72.7856,-1528.3571,-88.1045,-1448.9691,-49.4143,-1286.5872,64.2457,-1386.2815,-78.7043,-1165.7825
-1152.5121,-90.9059,-1373.5968,5.4360,-1267.5652,-21.1273,-2169.4863,59.0129,-1174.6873,103.6171,-1312.5011,-27.6177,-1260.3135,-18.5596,-1171.1277,28.8309,-1200.5195,-2.1004,-1024.2393
-1016.1055,-2.3352,-1162.4993,62.3798,-1045.9980,32.3839,-1996.8760,71.5307,-1036.1731,138.5263,-1093.9546,23.9583,-1083.1565,12.4592,-1059.8511,12.9731,-1013.2634,87.1586,-850.5548
-777.2916,69.2904,-982.9648,128.0103,-824.0562,106.8938,-1788.4540,133.7040,-825.2051,201.0884,-909.2460,75.7220,-912.0247,85.9741,-887.6443,117.5524,-794.4125,131.1553,-620.8018
-559.1981,92.1944,-826.4174,175.4391,-669.6233,152.0919,-1555.3364,219.1752,-628.1932,278.2671,-717.7397,105.0107,-741.4449,128.5001,-697.7946,227.9719,-605.1586,159.3000,-467.3318
-496.4444,120.5986,-667.0850,202.7338,-563.2940,181.3562,-1380.7301,292.4124,-509.3138,322.1668,-564.4575,106.5968,-588.3913,135.9819,-529.3572,268.9454,-476.3056,235.3605,-365.4068
-419.3315,199.2587,-558.4027,269.7199,-429.6463,253.7436,-1257.4369,377.0735,-407.3531,336.2932,-489.6392,125.6715,-458.5263,188.0072,-374.8763,324.2170,-363.7350,349.9549,-229.2005
-275.3032,276.0135,-474.2922,353.3944,-306.6988,335.4439,-1139.9852,431.5905,-323.7644,320.2126,-457.8205,170.9040,-375.2001,258.0682,-301.9708,395.4163,-314.5240,438.1215,-168.8975
-238.2719,309.7079,-386.8864,395.1706,-254.6147,389.4956,-1064.6316,405.1152,-289.0959,266.3154,-420.8560,225.4242,-326.9364,307.3280,-320.4799,400.7856,-330.4857,497.0506,-191.9100
-286.4846,330.0349,-341.0349,428.8781,-205.4379,444.3038,-1018.0428,374.2927,-235.0717,255.9928,-351.9342,293.9690,-257.8957,365.2904,-302.7042,366.2231,-299.9215,561.7164,-137.1630
-283.0021,346.0465,-288.0013,466.0563,-116.8697,470.4869,-925.8655,407.2777,-152.3727,343.0620,-272.5375,340.4973,-187.8817,392.9102,-220.9251,363.4160,-244.0897,598.8076,-44.0517
-226.8662,349.8296,-175.5779,459.2744,-44.7795,440.0796,-817.3411,450.6369,-107.1511,428.4997,-214.7012,321.6096,-153.3327,361.5840,-166.3084,390.4472,-229.2583,571.9608,-15.9862
-127.0844,362.2019,-90.1646,438.3848,6.0215,428.5052,-748.3224,459.5103,-66.8166,447.1631,-139.9801,290.7302,-96.8494,355.1444,-137.5938,412.1928,-165.1930,521.7391,34.1649
-12.4239,372.8718,-45.2171,446.1219,56.2276,446.4570,-686.1589,454.2694,-1.4621,468.8576,-32.7221,304.0800,-9.1233,378.1134,-81.3056,399.0695,-39.3384,478.0972,118.6235
30.4756,354.3607,32.0452,437.6703,78.0734,412.5724,-619.2460,441.6784,30.8789,505.7977,27.6091,310.1023,38.2618,348.0053,3.3875,344.7815,23.7194,426.3234,133.5534
49.8119,330.5469,81.8731,395.1846,81.8845,355.6501,-572.0117,410.3252,50.5897,489.3129,28.9247,259.7804,67.0147,294.0210,103.1378,287.6358,38.2196,375.3293,125.4406
102.9086,312.5005,57.7071,355.4831,90.1432,344.3400,-515.9929,372.7240,112.6951,436.8288,51.7986,194.2907,114.5669,263.5203,165.0292,261.8297,72.5534,340.2894,152.5142
75.8998,276.7835,50.5583,317.4873,72.0630,328.2422,-438.9232,360.2295,156.2355,407.9114,88.7796,157.8300,112.0518,216.5111,131.2582,262.9189,73.4753,316.4468,140.9315
-7.7591,249.1238,64.2924,279.0692,44.9528,273.5050,-385.9815,375.1236,128.6901,392.2134,77.7925,139.7584,57.9458,170.4376,69.3587,274.1029,38.5213,305.1425,89.3156
31.6026,246.9691,35.6639,253.5315,54.8069,229.2181,-379.4828,365.4148,62.4298,374.5874,35.9298,117.9570,37.0572,165.6174,53.8358,268.9240,28.5613,283.4279,55.1124
104.7592,211.9424,11.6585,214.0984,57.3932,193.3958,-412.2109,309.1081,-18.7958,361.0933,-4.4830,92.7436,23.2072,140.5834,18.9473,229.6685,1.6587,221.6605,10.1315
17.5479,134.9390,7.2613,158.8074,16.9821,141.2798,-453.5927,262.7259,-76.7685,314.3125,-39.3890,76.8796,-32.4661,77.4626,-60.6018,173.8914,-73.9053,162.7159,-48.6367
-119.7400,83.2776,-41.6666,125.1852,-28.5108,98.4820,-451.2527,231.3748,-80.3717,204.5516,-48.3992,67.6243,-66.0966,50.1182,-85.5890,110.1715,-138.3668,138.7961,-86.6949
-161.4806,58.2273,-101.8497,83.9321,-85.9695,62.0414,-425.3829,147.9834,-100.6853,80.3265,-47.6122,43.9460,-61.7618,49.7815,-45.9788,40.0597,-179.9103,88.3353,-136.2099
-193.1320,10.6902,-125.4164,3.3671,-167.2656,7.9245,-440.1272,47.7907,-168.3950,0.6142,-85.7620,-0.1856,-84.1063,26.6376,-39.2988,2.6772,-215.9865,-1.6380,-186.3824
-255.0685,-53.9848,-156.1983,-58.1268,-207.2334,-43.6028,-456.6481,20.6985,-187.5487,-39.9589,-138.1962,-46.1880,-115.6481,9.5678,-81.4892,-9.1063,-231.2184,-57.4849,-169.6628
-256.8127,-107.3033,-186.8499,-81.8326,-194.6514,-88.6622,-412.3306,12.3240,-149.2278,-87.1866,-156.4830,-70.4289,-118.2508,6.9037,-113.5469,-74.3044,-248.4548,-86.4471,-126.8298
-195.8954,-135.9405,-180.4841,-122.7196,-194.7127,-142.4996,-352.0355,-65.4229,-136.3714,-154.7999,-160.8350,-65.6007,-131.9323,-22.6176,-111.2271,-176.3296,-271.1549,-148.8992,-123.7818
-147.2430,-144.0195,-181.8365,-173.0796,-209.1589,-179.6682,-316.2864,-155.1850,-120.2140,-189.2195,-168.3673,-70.4426,-162.7739,-70.8484,-88.1959,-213.3326,-240.5058,-219.2500,-120.6329
-141.7138,-175.8197,-196.0689,-203.8929,-213.7017,-201.1558,-275.8034,-190.4334,-58.9017,-161.9179,-156.7516,-131.8790,-166.4464,-113.4877,-69.1825,-203.2173,-175.8095,-264.7542,-96.6161
-159.6212,-243.0305,-171.8887,-245.5011,-222.9214,-247.0334,-231.7190,-215.3514,-19.5003,-163.0403,-126.9184,-210.6657,-146.7595,-152.4061,-57.2791,-228.7806,-132.0434,-306.2767,-89.4135
-150.8018,-276.2283,-129.8543,-289.4193,-212.1795,-293.2039,-204.4255,-264.9311,-15.0556,-264.1295,-88.9684,-235.5905,-113.2365,-175.7946,-25.9385,-256.8984,-68.3086,-321.6833,-88.4333
-100.9828,-263.3093,-83.0114,-290.5036,-143.1217,-295.2142,-167.5789,-305.9917,7.0755,-363.6427,-36.2427,-236.4622,-45.4833,-188.5430,7.9229,-233.9226,20.5347,-281.8191,-59.9231
-54.4425,-274.2078,7.2736,-279.0070,-39.2980,-277.4964,-95.2572,-310.1667,19.9116,-348.9277,21.9697,-277.7044,39.6739,-219.0872,-1.6022,-209.7775,63.4401,-241.8372,9.3534
-7.1603,-302.9214,103.7219,-297.3775,69.0582,-269.9569,3.9311,-288.4243,15.7366,-287.0313,77.5293,-337.5718,109.2613,-256.0756,-9.7628,-229.0700,85.9020,-249.1838,123.0203
76.8629,-305.6421,155.8781,-320.1494,159.2574,-277.2533,113.4830,-278.2029,78.8386,-286.1744,145.4848,-370.6273,166.2072,-280.7651,65.7309,-260.7647,144.8957,-277.0903,233.0309
149.2990,-312.6404,205.2921,-324.2316,203.3154,-307.9283,217.6715,-296.8744,208.7272,-328.2499,220.8558,-365.9619,216.8822,-297.9968,193.1307,-284.0296,208.0787,-301.8894,287.3714
170.2019,-317.6711,272.8063,-309.7443,241.7439,-329.1115,308.4028,-312.1764,310.0441,-360.8257,273.5025,-318.0753,268.0363,-290.1219,290.7209,-316.5662,285.8035,-321.3226,323.8245
217.6132,-268.0385,335.4440,-275.2611,322.8026,-301.5336,384.0446,-310.1575,367.9174,-392.4479,293.6085,-266.7526,336.6120,-263.2439,362.1479,-350.7485,417.3109,-327.1206,375.0455
350.8933,-229.8583,405.9339,-256.8361,387.6862,-276.1915,439.4151,-316.9363,426.1235,-428.3998,309.2617,-279.7907,409.1746,-268.9416,437.8726,-339.7226,520.0305,-328.9518,408.8077
503.4615,-284.1911,476.6925,-289.9297,408.0258,-304.0957,487.3349,-314.9511,484.4200,-431.5035,364.9452,-327.8916,465.0990,-291.6360,492.3812,-271.1189,533.9289,-337.4539,442.7768
584.4754,-344.9629,536.8531,-333.2603,468.0247,-338.6570,550.4950,-269.9517,531.7831,-372.7895,457.3661,-338.0530,521.0183,-281.8401,508.0779,-208.4119,542.6494,-333.7788,513.7043
591.4349,-330.8724,635.3390,-338.4118,577.5477,-340.4066,617.9631,-219.1870,572.3897,-277.5304,520.0803,-331.7600,582.3297,-275.4474,523.3871,-203.1994,592.9194,-314.3926,574.1146
602.1298,-305.0020,747.7776,-321.2396,655.0097,-329.6217,663.4226,-210.7764,604.4846,-218.7581,531.1605,-333.8848,626.0823,-296.1218,565.3264,-227.7372,652.6838,-308.7674,589.2682
662.0112,-297.0622,782.1293,-307.9712,686.9031,-315.6147,679.5570,-239.2205,631.2835,-235.2621,539.7478,-287.5988,646.8362,-290.6789,603.8365,-250.9695,728.7449,-334.0006,591.3486
716.5435,-263.3968,777.8131,-305.9720,687.8378,-308.0884,674.1149,-280.4721,657.7664,-260.8240,547.2205,-195.0690,647.7365,-267.3420,612.2197,-265.7262,806.8534,-378.8307,592.7858
713.4740,-243.0369,803.4002,-320.8189,652.6757,-329.1128,680.2989,-290.9680,686.4040,-215.1637,517.9222,-149.1720,638.2963,-281.6533,622.2383,-232.0598,823.6564,-410.6548,607.1194
674.3861,-292.7220,798.0652,-342.2090,633.4498,-354.6708,731.5108,-241.4402,730.3054,-136.1941,484.7123,-166.6569,654.3178,-304.7320,669.0382,-151.2813,786.2449,-397.1021,664.6163
620.4475,-348.0797,759.6085,-351.3690,663.9532,-348.7491,796.6180,-193.3695,774.6605,-115.9045,490.0154,-175.0180,700.4396,-291.6148,726.1250,-116.0931,744.9432,-348.9850,726.4228
570.8048,-331.9261,783.1483,-336.1412,688.3500,-321.0010,820.3851,-196.7129,767.1068,-154.8793,514.2904,-151.4654,733.6651,-260.6077,753.8694,-148.2114,700.8799,-295.9694,736.5133
569.1873,-271.5464,836.7692,-281.9826,694.4639,-278.6565,804.5226,-186.5366,703.4552,-182.8934,541.7332,-136.7994,743.6118,-228.2671,760.1178,-161.6468,650.3489,-227.9621,711.1284
583.2380,-225.0106,838.7366,-210.8665,716.0573,-221.4233,773.1453,-129.5129,636.7428,-169.4465,563.8469,-156.7204,739.5613,-207.9613,757.0272,-143.7090,603.6991,-133.9065,672.2769
532.6569,-208.8114,827.4727,-185.8226,717.2839,-183.4157,733.6367,-87.1422,588.5621,-137.3969,544.6590,-197.6947,701.9086,-222.8324,721.5865,-144.8938,557.6597,-47.0327,638.8704
460.3339,-208.9494,822.1909,-204.6224,686.0007,-176.1937,703.7846,-65.8088,544.6258,-107.5474,492.8032,-220.6381,647.9549,-242.0113,646.3955,-142.5909,521.5733,5.7582,655.9382
455.6907,-207.0745,775.9991,-200.9868,680.5372,-164.4276,692.2066,-35.4428,502.1424,-79.7101,462.3640,-196.7438,630.0519,-227.7114,569.3251,-117.2763,492.4423,25.6782,689.3402
478.7945,-210.5460,714.0894,-178.6749,680.5643,-148.1730,680.2359,-34.9277,470.9285,-60.3918,459.6945,-150.8072,638.2002,-209.7268,521.9989,-121.1973,438.8009,14.0010,662.0053
454.0314,-228.4413,676.2869,-184.5733,633.0424,-152.1822,667.6670,-70.2934,480.2086,-72.4286,470.2474,-125.7471,637.4763,-199.9327,497.5726,-159.6653,385.6554,-7.3385,618.8141
400.2053,-220.3276,645.6746,-189.9819,593.1170,-152.9463,665.6893,-77.7655,561.5522,-99.9779,501.0020,-104.9895,638.9185,-164.8928,484.5559,-173.8347,383.5461,-4.4903,617.1590
379.7134,-164.8797,634.8060,-158.6326,607.0429,-125.8834,664.2832,-57.8107,681.1826,-63.0413,530.5003,-47.6580,646.8883,-117.1139,490.4586,-143.2344,396.5963,6.0326,602.2097
427.7132,-124.0494,653.7319,-129.0133,626.8930,-94.9325,668.3083,-47.2126,758.7804,69.0056,540.4409,15.7023,648.7396,-78.9409,520.8354,-81.1774,388.6129,-8.3809,575.4786
508.6692,-119.4155,658.2880,-115.2729,633.5079,-72.4765,689.2249,-30.7459,770.6183,190.1288,565.1728,27.9245,654.6021,-27.5334,570.8996,-4.4848,419.8271,-21.7995,607.3884
550.5540,-77.3885,652.2043,-70.8474,640.8930,-39.2869,695.1325,-20.7283,762.3841,195.3611,615.0903,12.9545,659.9274,23.2093,633.0201,50.2822,524.3149,-0.9215,650.0885
579.1739,0.3598,672.7068,-4.1316,627.0912,2.4875,670.0186,-54.6620,767.8568,126.1557,664.3023,19.2706,652.4933,32.7743,677.1625,63.5460,639.7883,27.8832,641.8510
664.1380,12.9430,695.9403,20.5668,606.8470,29.9409,664.0448,-89.1631,768.1171,66.1190,717.5237,20.0518,661.3942,32.4022,670.7064,54.2294,714.1103,33.0227,655.4424
743.1392,-34.8896,710.8219,3.8528,636.8487,39.8642,709.4136,-73.8400,735.3771,14.9072,759.8146,-7.0338,694.2160,61.6429,648.7502,38.6844,756.7576,31.6897,725.5601
752.1837,-27.1276,741.6779,9.8695,712.9103,50.9068,780.8782,-40.9325,689.5168,-37.9814,751.1069,-2.2558,720.2407,91.3614,666.6363,31.0625,798.8766,45.5646,772.8378
782.8649,59.3205,768.4226,60.7643,796.7988,77.0104,844.5049,-19.0860,659.6785,-67.0501,742.4291,63.0411,762.3636,106.5178,688.9666,44.0257,852.3401,57.1643,762.5848
874.2112,136.8001,795.4704,117.1372,871.5839,109.9717,866.0186,-2.6194,612.4105,-87.4137,807.1625,120.7631,842.4843,136.9904,670.3356,58.5812,885.6971,42.8743,722.3047
925.2471,156.0497,858.9763,146.8155,904.3497,135.9360,850.0555,3.1868,527.1534,-116.7206,885.0807,125.3983,891.0496,182.0765,670.4290,66.7631,873.3417,17.1804,683.9643
911.2227,144.0508,887.2001,154.0938,878.4052,154.8765,874.3934,17.1895,486.8520,-100.1143,889.7725,110.3015,867.9763,209.1356,729.2636,98.1387,845.5096,6.8106,693.2984
868.0541,134.3316,812.0269,144.1803,839.4333,156.6992,951.1990,61.7560,544.2686,-33.5324,853.0971,100.3151,828.9597,199.4703,776.3388,144.0324,823.6270,4.4373,735.9843
768.7026,123.0153,733.4575,111.7967,811.2668,122.8485,971.9875,96.8984,607.4036,-24.9632,827.5518,79.7418,796.9297,160.7904,772.7394,163.9434,783.9207,-2.8260,730.9035
659.5971,95.9908,717.2125,77.1465,761.9451,82.2013,918.5400,102.3373,601.2463,-92.3716,795.7497,50.2703,747.6782,132.5211,747.9321,166.6846,717.0814,2.8290,685.5254
647.1800,80.0868,671.1368,76.4331,692.9594,84.3871,896.6334,123.3692,581.7388,-109.0883,733.8601,45.3126,691.2637,144.2940,692.9211,169.4426,628.7042,25.1764,671.5949
665.7404,98.0103,571.0143,100.1089,639.9782,109.2622,904.7565,154.6354,582.3753,-36.3460,652.6923,70.1019,628.3634,161.5028,603.5962,155.0778,520.2328,38.9084,670.3948
589.5803,95.7567,496.0527,102.1206,594.4066,106.8579,854.5045,147.9179,536.7337,29.5110,576.8826,73.2518,537.1754,141.5157,523.6881,138.8390,428.1475,50.9863,638.4175
478.4957,42.0368,446.4842,76.7039,528.3187,91.6279,764.9116,124.2709,420.4035,49.0001,520.7089,32.1149,445.7233,102.1703,448.2022,150.5838,384.6600,87.3308,595.5995
429.3262,19.1304,391.5868,60.1077,463.3629,91.2151,687.5593,113.2904,304.8778,53.1665,471.3641,11.4311,384.5467,72.4137,356.3854,156.6971,354.3388,128.9131,535.3652
399.4928,66.1714,359.3069,63.5989,437.5443,83.6152,599.2374,79.9376,245.8799,31.7423,415.7964,41.2529,329.1167,50.4344,297.0470,119.9762,306.3120,153.8000,425.6639
345.8506,95.1568,345.3005,69.6007,430.9698,68.0724,502.6010,14.1236,224.8363,-20.9435,361.6887,44.8935,277.7626,35.5519,275.8150,71.5093,260.1429,181.5703,296.5424
304.8794,80.1578,315.9536,78.4830,388.9389,84.2514,431.4759,-39.1679,195.3837,-46.6473,306.5092,0.5058,257.9630,29.4822,220.0629,53.8949,221.6126,204.6948,189.7200
282.1925,96.9688,280.8133,98.4186,307.8166,116.5367,365.3204,-54.5257,143.7425,-1.5178,251.6067,-8.1978,241.7548,21.3941,133.8784,65.5695,182.7715,177.1293,108.6831
237.4439,136.3977,237.4036,108.9781,227.2223,106.4973,293.5731,-34.2508,103.2578,77.2817,222.4167,24.7661,186.1458,11.6429,73.5483,70.3686,143.5350,110.8474,52.8650
176.9077,131.5261,170.4767,92.7121,154.5571,66.1442,242.8342,4.1849,91.5472,100.8906,202.4723,29.9369,109.3138,14.1415,15.1745,40.9544,81.5945,73.3922,5.4861
151.2511,108.5417,116.6049,75.8088,81.1070,55.2780,193.9164,25.4457,59.4212,31.0227,142.4360,22.5105,45.6921,29.7120,-67.9418,11.2658,-0.4442,78.9554,-49.7067
142.8451,106.9559,86.1678,81.9164,19.2163,72.0721,128.5772,24.9210,-24.6848,-41.0817,61.6333,33.1558,-7.7044,45.0590,-128.4203,24.1904,-43.2444,72.5573,-80.8990
60.4712,98.3837,23.2892,86.7615,-48.3790,74.8302,79.5712,25.3581,-94.4094,-31.1287,8.7496,24.0063,-74.8246,46.0941,-137.0696,34.7611,-39.0488,20.1417,-92.8157
-74.9452,82.5920,-66.8184,66.3895,-152.0000,61.4568,30.6163,8.8123,-102.8146,-32.7632,-25.7271,11.5594,-160.4185,28.3959,-124.5746,-4.2989,-52.0235,-45.4426,-163.0541
-111.1045,78.2560,-118.7829,31.3537,-245.4931,40.1711,-56.5995,-41.2068,-128.6843,-128.7872,-52.6108,41.2705,-221.3714,1.6363,-141.4398,-36.2266,-105.2889,-74.9744,-280.7409
-44.9812,45.8691,-140.2801,-11.7781,-270.6700,-6.7364,-116.3144,-78.6782,-226.9883,-176.8363,-63.8194,48.5388,-219.4998,-29.4126,-209.5908,-24.8693,-176.9310,-66.4177,-333.2417
-48.4878,-16.7258,-174.1379,-55.6135,-263.2788,-65.2183,-90.6483,-81.4399,-306.8250,-77.4189,-90.9686,-11.5079,-203.1656,-69.3761,-259.4765,-36.4225,-242.0226,-54.2828,-311.8346
-136.1659,-32.4443,-199.5448,-62.9435,-269.8741,-81.6997,-62.1748,-94.8547,-299.4074,-0.7178,-143.3548,-52.9759,-238.0330,-102.4190,-216.7714,-94.7445,-256.1052,-54.7387,-312.5959
-171.6772,2.5716,-197.1665,-31.8063,-273.7770,-54.2759,-100.9893,-125.8198,-274.1810,-62.7529,-169.4356,-43.5683,-295.3009,-104.1233,-160.7256,-138.1749,-225.2776,-55.8495,-346.8686
-178.6871,0.7648,-203.4088,-31.4438,-272.2039,-42.8787,-149.0435,-121.3259,-279.7664,-124.1112,-167.9946,-51.7798,-318.7017,-88.1103,-190.2907,-139.8596,-238.2350,-50.0259,-349.7600
-256.9333,-59.7850,-231.9557,-92.0521,-287.5127,-73.8815,-154.5712,-74.5793,-278.0900,-108.5666,-185.3395,-79.5997,-316.1667,-87.6455,-236.2956,-113.1254,-306.9233,-51.8292,-322.5908
-335.8583,-118.3891,-250.6951,-152.1525,-313.3149,-113.9734,-151.1742,-43.2346,-278.3448,-119.2284,-211.8982,-89.0701,-310.7960,-104.0967,-229.2097,-62.1839,-340.4869,-81.3887,-320.9814
-325.3651,-134.4520,-260.8216,-163.8887,-346.6418,-129.6175,-167.6818,-58.7779,-313.6477,-158.3649,-230.2331,-95.8459,-305.8265,-115.9152,-230.5689,-20.0053,-328.9065,-117.9911,-349.5726
-288.9731,-107.9182,-297.7685,-140.2124,-387.4750,-116.0341,-175.0491,-85.6140,-333.6493,-131.2710,-265.3691,-96.6531,-308.9898,-114.8089,-259.0616,-30.2599,-336.5114,-101.5259,-363.3319
-298.2572,-60.3777,-349.9080,-97.4353,-398.1799,-88.3275,-142.1933,-84.4115,-313.4940,-95.8270,-311.7246,-68.2738,-317.1462,-104.6968,-264.3413,-73.5026,-350.2162,-38.2387,-355.8838
-333.6775,-30.8160,-375.1491,-54.4666,-380.0641,-68.3969,-105.8381,-78.0725,-326.0717,-155.9208,-342.2707,-35.1412,-327.1250,-83.5580,-267.9821,-95.3031,-328.9174,-27.8433,-374.2494
-356.8865,-35.2461,-386.0094,-45.1670,-401.3633,-65.9579,-136.2721,-105.3276,-386.4954,-225.2914,-363.3175,-5.3394,-364.9463,-50.4968,-300.6490,-77.1850,-308.8310,-96.9208,-431.0755
-347.9821,-41.2012,-416.2199,-62.2600,-459.1226,-77.1023,-212.9134,-142.5599,-427.4839,-194.6922,-370.3708,38.5184,-419.4887,-25.6472,-335.3564,-50.9520,-332.3749,-136.1870,-475.6069
-329.7610,-20.7775,-440.3170,-64.6841,-475.9289,-93.5316,-238.9210,-151.6870,-448.3911,-163.2557,-356.9518,60.8924,-427.3238,-26.9542,-376.5824,-64.7737,-372.0190,-94.0651,-480.3878
-360.1539,-1.1991,-432.4843,-57.1988,-464.0301,-95.3540,-215.0322,-150.8423,-486.0609,-239.9114,-366.8656,49.0914,-400.4720,-25.5756,-427.3695,-107.1305,-385.4981,-60.1676,-473.5910
-424.0998,-23.6613,-435.7831,-69.7646,-502.5715,-72.1585,-233.6975,-160.4415,-513.4136,-309.7295,-417.4973,61.1605,-423.5526,11.8056,-436.5763,-105.9509,-383.8817,-87.4979,-473.3244
-439.7961,-69.0331,-478.7125,-87.6143,-578.6724,-57.1305,-291.3979,-167.5959,-510.6001,-249.4726,-464.4021,87.7197,-493.2708,42.4070,-421.6869,-65.6529,-406.2166,-113.7622,-476.2204
-413.6929,-79.2800,-523.3906,-87.1439,-614.6423,-76.8456,-302.0647,-177.9967,-501.3843,-163.2417,-499.9956,61.1226,-533.1718,4.8691,-458.8807,-82.3604,-445.4062,-96.4797,-486.7293
-436.1221,-54.8548,-549.8130,-83.6347,-598.1759,-96.7697,-260.8042,-193.9268,-474.7579,-168.0179,-543.0750,2.7251,-536.9534,-65.2997,-518.1324,-159.6567,-469.8311,-74.8087,-491.1594
-529.7434,-58.9706,-575.9030,-92.2644,-581.1141,-92.6219,-222.7435,-177.0331,-421.6792,-186.1953,-563.9277,-36.4834,-541.3350,-88.5163,-521.8456,-185.0595,-505.2779,-85.4874,-463.5237
-621.5812,-115.5023,-598.1011,-111.2934,-593.1082,-101.7943,-201.9467,-131.8237,-404.4469,-141.3307,-545.2791,-75.3153,-537.6062,-72.3051,-495.3737,-123.9891,-572.1472,-109.3432,-427.3767
-634.3321,-178.6943,-605.8105,-147.9888,-608.8423,-135.5208,-204.8938,-121.8726,-467.4371,-93.2917,-520.7747,-127.4779,-517.4301,-89.6397,-503.3650,-63.7802,-603.7117,-106.0993,-431.1443
-565.6172,-204.1714,-602.3649,-190.6003,-598.9044,-147.5473,-252.9072,-148.3993,-556.8344,-85.0063,-506.6295,-178.1417,-503.8877,-160.1328,-543.6254,-71.8147,-568.3995,-72.1538,-464.5569
-499.0715,-188.3613,-574.1006,-193.3945,-583.4659,-129.7370,-319.1711,-153.5125,-588.3984,-108.4276,-501.3499,-225.2659,-497.2276,-222.6571,-559.0428,-131.2883,-535.9262,-46.5176,-480.2273
-508.4893,-152.8420,-514.1165,-150.7467,-587.2404,-121.1343,-347.3327,-132.5927,-534.8010,-167.1560,-514.2672,-236.1638,-487.1459,-218.3437,-499.0331,-180.0184,-534.9201,-52.6050,-471.6731
-558.2069,-128.6252,-457.6453,-120.9688,-576.6822,-126.4657,-326.0656,-108.8384,-439.9531,-188.8585,-531.4307,-185.9673,-489.0051,-165.9544,-398.2762,-162.9563,-537.0609,-73.7290,-457.9132
-554.2550,-137.1922,-430.1257,-136.7172,-524.1277,-131.2072,-278.8523,-72.5182,-370.6297,-91.3739,-525.1505,-144.9534,-494.1233,-128.1542,-357.7139,-91.3662,-549.3026,-95.6463,-435.4446
-458.6618,-159.0308,-413.3811,-162.5117,-474.7294,-144.7037,-235.9397,-38.8104,-358.5147,4.0375,-483.4923,-156.9649,-464.0058,-121.2108,-404.4217,-40.8374,-534.6617,-115.7010,-411.3885
-312.6459,-132.1098,-387.4178,-154.5971,-461.2240,-151.5718,-236.7235,-50.6980,-402.9762,-52.7047,-396.9427,-149.2169,-409.6674,-118.8063,-479.4057,-56.4377,-416.5736,-119.3054,-425.9061
-193.6356,-33.6372,-348.0527,-109.5949,-443.3466,-114.2074,-281.0306,-89.5596,-484.8729,-153.1554,-298.7825,-109.1377,-376.6282,-123.6445,-546.4642,-101.4868,-268.0288,-103.3949,-477.7759
-153.8407,43.4320,-300.1248,-62.0264,-403.6664,-62.1757,-305.5746,-101.1387,-549.4591,-147.7017,-266.1737,-135.7380,-362.4493,-157.1685,-587.4990,-126.1825,-224.8293,-91.1424,-500.2657
-169.6501,8.4153,-262.4048,-50.1307,-387.3149,-59.8776,-284.9984,-89.9769,-560.9820,-106.4981,-285.1562,-231.1886,-344.4775,-208.0760,-580.2648,-138.2524,-244.7559,-92.7139,-470.9181
-177.5081,-60.2311,-244.3406,-67.7186,-399.9256,-90.1965,-275.4951,-90.9520,-556.2439,-124.4081,-258.1736,-280.3158,-332.6223,-247.5755,-542.4173,-164.9908,-230.0706,-97.5980,-447.3805
-160.2344,-51.8294,-232.6299,-81.1894,-388.4865,-97.7733,-290.9043,-97.9642,-543.9965,-167.7413,-189.7755,-251.0420,-322.3878,-257.0047,-484.5320,-179.9046,-217.0722,-105.7525,-449.2279
-154.5686,-36.1969,-220.5852,-98.9173,-342.0211,-100.6328,-264.3024,-87.1102,-468.4947,-193.1627,-164.9894,-216.9684,-282.0291,-231.3036,-387.5443,-138.1640,-246.2547,-125.5227,-429.3479
-176.3002,-101.5342,-207.1488,-144.4404,-295.9573,-135.7501,-184.3529,-61.8091,-357.6441,-173.9896,-175.3546,-215.1491,-218.5298,-193.1565,-301.0192,-69.4379,-272.5123,-154.5898,-375.9377
-179.9937,-158.3923,-179.9488,-181.2911,-250.9286,-170.1218,-117.3091,-46.1966,-307.6114,-110.5250,-157.1587,-218.8307,-166.9038,-172.8166,-283.3177,-51.5125,-263.9777,-174.4941,-316.3697
-124.9163,-130.9389,-141.6707,-166.9244,-193.6933,-162.6207,-80.6149,-65.1823,-302.5928,-119.9489,-111.0952,-213.4080,-129.3150,-164.8097,-265.3289,-111.9838,-207.9890,-157.7551,-253.4528
-52.2848,-94.2189,-113.0022,-130.2708,-147.2302,-128.8532,-41.3273,-120.2163,-273.4979,-278.2905,-62.2322,-217.0284,-88.7984,-158.7028,-182.0677,-220.5685,-106.3706,-104.3217,-188.2247
-29.2114,-94.8331,-92.1153,-114.0784,-109.3420,-101.4126,4.7977,-162.7359,-239.5293,-415.1302,-15.4799,-235.2788,-37.0672,-175.2164,-102.7236,-323.0915,-38.2265,-58.0689,-122.8073
-48.3079,-104.2503,-61.7925,-120.2847,-33.9019,-101.2518,66.0258,-137.0534,-195.4878,-340.4551,10.9200,-238.1741,22.9852,-212.1487,-81.1530,-356.8583,-55.8877,-49.4334,-19.6808
-64.9758,-127.5636,-25.4403,-141.7043,62.1122,-130.0552,163.3232,-74.8379,-68.1321,-138.4173,2.0652,-199.9339,56.6356,-226.5508,-82.5017,-312.5018,-77.4387,-63.1212,115.1592
-72.2577,-151.8572,2.0153,-163.4426,98.9401,-152.8008,252.0106,-68.7338,89.1436,-13.3618,-13.6959,-142.3477,33.8581,-209.9128,-89.4566,-249.8181,-43.6561,-90.3389,169.8522
-66.7963,-141.8839,14.0415,-167.9039,69.1803,-153.0888,273.7030,-118.4633,136.6798,1.4589,11.8100,-116.9845,2.2418,-196.9304,-87.8361,-189.4765,-7.6281,-141.8849,98.1853
-31.0548,-146.2418,16.4674,-181.9795,36.7291,-172.4023,260.6281,-123.0127,105.6834,17.5871,87.6469,-144.0624,19.6310,-196.4196,-29.3112,-100.4097,20.8916,-192.2901,26.9746
22.9982,-189.9836,28.1987,-221.3440,28.1178,-206.8176,253.4342,-65.0030,120.4721,53.1715,161.2023,-176.2031,57.1543,-190.8669,77.3562,-21.2271,95.5840,-185.6192,57.7510
77.0015,-183.3709,62.2202,-219.1099,50.0789,-184.1244,228.7150,-37.8872,148.3252,-8.4788,196.6863,-155.4702,83.3215,-179.6030,166.7948,-23.0593,190.8419,-111.9029,125.6474
128.1455,-116.5717,113.8748,-145.1144,129.0166,-116.0405,202.2009,-59.8945,108.2971,-159.1545,246.9113,-105.5062,131.2151,-166.1143,214.1788,-67.5969,238.1777,-33.3078,151.7394
156.5439,-87.4013,175.4567,-85.8670,235.1846,-88.7682,236.3141,-58.0959,81.4122,-201.7592,344.7383,-82.7200,201.5135,-139.2971,238.2122,-70.2125,250.5421,-15.9961,166.9184
174.9071,-88.4887,231.3512,-87.4771,287.9965,-95.4143,322.3126,-33.1599,161.8956,-103.0713,410.5203,-61.3469,256.2263,-103.5444,272.4101,-36.2875,274.8477,-49.1260,219.9743
252.6931,-61.7457,261.6421,-91.9962,290.0341,-85.9109,418.0583,-36.0047,263.8480,-56.5929,404.9039,-7.9157,316.1504,-89.7305,340.5481,-15.1851,307.8141,-68.9845,299.3394
375.9373,-47.9603,283.4636,-82.7782,329.3098,-93.9343,536.0289,-39.3384,283.2282,-74.8147,417.9801,10.2281,405.8351,-106.9356,410.7281,-23.0942,338.0201,-58.9760,382.4283
437.5417,-64.1818,334.0171,-92.9509,431.0350,-132.1302,671.5229,-10.0771,288.9478,-11.4242,488.2044,-42.8802,475.2447,-119.8576,456.6888,-62.5668,382.3774,-52.8806,471.1646
436.1710,-61.0886,402.0404,-99.4672,518.2163,-132.4751,771.2486,7.7264,381.4336,47.6457,538.3607,-83.5616,494.1332,-108.6430,527.2052,-115.4816,433.6917,-55.1274,562.5653
459.8906,-58.9589,447.9098,-82.7850,531.2591,-94.5593,826.6053,1.4106,510.2188,-25.3011,544.3601,-82.4742,503.3803,-104.0239,627.0097,-135.9752,450.8326,-52.6290,633.0240
491.2082,-80.2211,469.2256,-83.2996,508.5059,-84.4874,865.4910,19.8722,573.7303,-78.5333,556.2067,-98.0468,528.2012,-114.1958,668.0981,-120.8821,438.8631,-58.8444,661.4713
477.6425,-59.4323,484.9304,-92.3075,519.3406,-89.0589,885.6983,51.1250,578.1876,-25.3234,573.8867,-92.2929,557.6340,-88.7518,638.1592,-113.1311,456.7039,-66.6539,654.7336
477.2903,9.8656,499.1089,-51.5944,562.8553,-62.2849,893.3058,41.3023,593.7948,-29.1524,566.8320,6.9794,581.3073,-20.8337,621.0978,-112.3486,509.3708,-47.1040,642.9496
520.2820,48.3312,505.4258,9.8152,588.9917,-26.2387,916.0098,8.7576,641.8549,-90.0604,548.4825,114.3184,585.9194,14.4328,639.7418,-88.6675,536.1951,-21.2595,644.5779
526.4499,49.1867,498.4158,17.8858,593.0734,-5.3981,943.7658,-4.3423,674.3356,-54.6403,548.3986,121.7804,582.8391,-8.2656,655.7380,-66.0462,526.8078,-14.4995,641.4943
495.3850,59.3230,499.8038,-4.1482,610.1279,11.7016,942.4388,-11.5359,621.0192,-8.1780,577.2385,83.7400,611.0610,-15.5379,645.1936,-75.6926,528.2722,7.9759,606.6949
526.6763,74.3961,544.2184,6.6471,635.2060,22.9181,893.2927,-19.8164,477.2310,-73.0979,620.3852,75.7746,651.5796,26.1066,587.5477,-74.0192,547.8337,48.2070,552.8510
596.5933,71.3783,594.7708,31.6786,627.9574,31.3121,789.5109,1.2519,339.6946,-109.7646,630.1473,70.2818,638.9810,56.7468,497.2304,-17.8600,557.5488,49.7250,520.0375
580.8802,50.5927,573.6178,31.3177,582.7869,57.0768,672.6418,46.7907,284.1058,-35.1206,571.3184,54.2529,574.2744,50.6160,435.0546,45.7544,551.4716,26.8982,516.4808
493.1922,36.9482,502.8069,32.4380,540.7561,86.1712,623.9371,77.5246,269.4534,15.1898,475.9356,64.0138,511.2960,62.3684,411.2171,66.3068,530.8629,40.5666,512.7341
448.0547,62.4746,464.0596,60.0651,532.1920,90.8350,641.7155,89.2780,252.8549,20.2030,410.1997,82.5048,478.8850,107.3614,393.8276,78.6876,492.2518,65.5505,494.8005
442.9130,90.6068,453.4832,73.8296,536.7949,76.3945,645.8408,100.8406,280.1359,92.7839,408.0933,68.5718,486.0117,120.5277,391.1714,113.5083,444.5111,61.9199,481.1085
407.9768,55.7332,438.4784,45.8320,522.8046,51.4125,622.2373,105.1151,378.6797,206.3355,442.1481,49.6571,506.3864,75.5538,395.8033,125.5476,398.1147,63.4448,479.4000
376.9259,10.9590,443.3463,14.7150,497.3151,18.7742,601.5577,90.2463,501.7719,270.6141,445.5373,72.3976,470.9121,34.6570,371.7141,89.4008,368.0326,66.4642,464.7753
399.5034,34.7957,454.2929,11.7503,469.3099,-1.1986,566.0695,71.3709,614.4137,302.9443,393.2130,120.0997,375.0731,40.4734,353.9327,54.7479,375.1432,22.5810,422.6991
411.4791,61.2877,415.6271,20.8345,415.6153,2.4044,528.2828,63.0444,695.0240,320.3866,333.5022,145.6421,297.5657,63.1700,379.1716,61.5782,401.2939,-17.8105,382.1213
371.8759,34.8680,357.0309,33.9011,347.2489,23.4591,546.9612,55.6970,694.4628,279.9827,300.0392,140.7547,268.9009,84.0097,385.7813,97.1309,404.4560,16.5646,366.4496
364.4631,37.8095,337.0148,57.5941,322.7076,59.9439,585.8396,44.8415,617.2535,196.7987,276.5125,138.1600,266.3292,122.9471,348.2769,131.9486,384.3719,59.5679,342.3563
417.5456,95.9343,328.6841,80.8682,346.6307,92.4921,562.9918,43.3492,536.5116,139.8488,270.6878,164.3287,292.5215,170.2040,324.0804,136.8727,357.2713,45.3109,276.5038
425.1313,132.0560,306.0449,107.4412,361.5048,104.1700,509.4450,44.0387,455.4862,110.6977,296.0643,205.5398,320.7613,191.6006,289.1660,113.0034,321.8286,49.7885,199.0095
339.8349,143.7419,292.4393,154.0100,334.8324,124.7159,468.6109,25.6388,324.8053,62.7786,287.5699,223.2389,283.0756,187.2853,183.5245,108.3415,284.0575,120.5287,138.9669
220.6440,158.4364,255.2462,181.8493,259.6183,157.1161,386.1547,13.6607,205.8269,34.8068,172.4743,199.2304,185.0985,171.3969,79.8712,139.3450,214.7562,170.7519,69.0255
69.0788,127.2799,136.9941,143.4050,136.3553,143.2892,261.7393,54.0792,182.2815,112.6486,-9.6072,154.4834,82.4442,144.9215,51.3814,158.5516,48.6775,152.3333,-23.8317
-139.8612,56.9046,-22.6429,87.4028,1.9214,93.9491,179.6257,113.8096,159.1020,221.5293,-165.9777,124.2073,-24.7810,127.9526,12.9651,144.3956,-158.7069,124.4668,-110.0783
-304.7764,45.8797,-152.8362,90.0804,-113.7307,93.6264,128.2484,114.7171,24.6093,184.9064,-270.2055,122.9557,-137.1237,144.1709,-102.0701,119.5418,-252.1519,114.9393,-183.9217
-329.3878,103.4912,-250.6491,132.4469,-221.5455,138.3355,44.5810,68.2822,-107.7620,60.7828,-347.0334,129.8332,-213.4548,168.8367,-202.0334,93.6079,-235.3986,92.6492,-252.0985
-321.5432,133.9664,-320.5148,149.4911,-300.9703,153.5697,-32.0640,53.7164,-109.7129,80.5896,-403.4600,113.7961,-262.2555,163.4533,-213.9725,84.1909,-256.1201,59.3958,-290.5307
-409.4812,100.9829,-345.3604,128.9655,-319.9682,133.9191,-73.1849,79.7877,-93.6058,208.8751,-438.5739,85.7764,-329.3069,135.9248,-216.0268,108.3684,-334.9378,47.4820,-306.4969
-496.4752,63.8548,-351.5150,105.6935,-331.9070,115.0223,-147.9055,95.6138,-189.8289,206.6189,-482.1391,90.1392,-403.8036,116.9649,-301.2584,117.3450,-378.5086,66.5471,-358.3878
-462.6271,73.4380,-386.6993,113.3896,-395.0679,107.2460,-261.6826,99.6789,-323.2776,94.9370,-560.7614,117.3906,-461.1791,115.3604,-438.5611,78.2452,-379.9075,98.2821,-456.8770
-428.4927,104.4110,-449.5420,141.8440,-478.1307,120.4049,-348.4676,115.9723,-407.0765,66.8196,-641.6550,104.1599,-521.3876,118.5804,-535.4740,58.8068,-397.7599,104.4141,-558.3177
-533.2075,106.0275,-516.1453,140.0922,-566.3451,143.0661,-434.6921,119.0801,-476.0252,89.1945,-679.0864,60.8626,-596.4196,113.8360,-569.7990,88.9763,-454.1765,64.9934,-646.7459
-667.9213,92.1649,-591.1326,105.4349,-692.0104,137.3083,-564.3761,91.6741,-548.6816,53.2871,-704.3737,69.1871,-673.5561,107.3704,-596.5477,100.8136,-541.2390,29.2509,-712.5012
-705.5617,108.0213,-684.9794,103.0202,-811.4096,120.6755,-668.0189,82.7490,-614.5994,61.2195,-782.6227,116.3836,-748.4112,113.4800,-656.3649,90.6528,-623.6418,52.3010,-725.8376
-728.7202,134.0916,-780.5361,138.1208,-851.5525,133.6887,-700.9998,113.1315,-702.3613,181.8219,-891.5377,109.8223,-809.5690,117.2527,-740.2234,113.6750,-668.8563,90.8535,-717.4280
-804.4451,119.1550,-848.9036,128.8755,-849.0630,133.0697,-735.3866,108.6770,-797.7004,235.4568,-941.5347,57.7444,-845.8750,87.9404,-825.5004,126.5301,-719.7328,63.2172,-774.6192
-850.4645,55.7236,-885.0896,51.3509,-884.4373,61.9468,-816.9440,15.9590,-857.2269,101.7525,-913.9589,32.0417,-883.1739,30.1914,-895.1396,65.0978,-820.5242,-26.1239,-906.1374
-861.7955,-37.5542,-917.5284,-30.9773,-964.9550,-45.2250,-911.0693,-100.9294,-912.3835,-60.1528,-892.9078,9.3557,-947.1520,-27.6400,-940.4247,-17.6466,-918.1243,-119.1021,-1017.3509
-940.5687,-137.2399,-973.5393,-97.7871,-1053.9000,-133.4641,-982.4788,-156.6511,-962.6317,-84.4738,-945.4877,-58.2105,-1022.3912,-75.1571,-967.8013,-54.9462,-979.2426,-195.3526,-1043.1198
-1075.3734,-226.8382,-1040.4634,-188.6540,-1119.6285,-196.1443,-1007.6104,-160.0864,-924.9913,-39.5182,-1026.5823,-132.0261,-1081.5106,-108.0876,-980.1141,-62.6674,-1070.0743,-250.5201,-1024.2694
-1175.3998,-322.6442,-1077.1770,-289.2102,-1141.6569,-237.5999,-989.6762,-171.2018,-831.5043,-58.1759,-1040.5537,-180.9544,-1098.6306,-119.4734,-959.6269,-68.0269,-1205.0375,-261.1834,-1034.5135
-1241.0188,-412.0917,-1064.3525,-326.4671,-1122.3718,-261.2179,-975.7245,-204.2114,-796.6591,-109.8292,-972.2451,-227.6347,-1054.0624,-124.9564,-894.2263,-71.3945,-1297.1449,-230.1903,-1072.9454
-1301.5063,-419.6552,-1031.8578,-285.5721,-1075.1327,-269.1621,-956.5046,-219.2426,-786.4768,-75.9664,-895.1283,-255.2964,-974.9929,-139.8202,-804.5020,-60.6507,-1308.1879,-193.6503,-1064.3838
-1321.3065,-341.2781,-1018.1539,-230.2531,-1012.5177,-238.8676,-861.2779,-179.8348,-733.4637,44.7239,-859.0449,-229.5326,-915.4118,-135.4503,-731.2127,-14.5915,-1274.0510,-153.8003,-967.1193
-1265.0475,-272.2054,-1009.4604,-192.5757,-955.0320,-163.1661,-725.2517,-97.5404,-705.6053,139.1537,-842.3898,-177.4384,-882.2929,-81.8618,-690.3219,49.3093,-1210.0927,-79.3253,-827.2454
-1155.7261,-241.0746,-963.2339,-143.4714,-900.7592,-86.4992,-653.4093,-20.4336,-712.7697,152.1039,-807.1245,-134.2105,-842.2496,-10.2981,-643.9078,79.3662,-1131.6597,19.0735,-709.8347
-1063.8265,-201.5734,-880.3417,-84.4981,-819.6932,-37.9093,-616.7216,19.3377,-657.1097,134.2191,-740.4252,-95.6191,-772.4570,33.8862,-564.5435,79.1659,-1077.6001,95.0400,-634.0428
-1028.3599,-147.2546,-791.3522,-45.3490,-716.7947,9.7034,-529.6434,30.9825,-576.9080,126.9996,-656.5410,-56.7688,-670.7641,68.5250,-510.0531,85.4984,-1026.9628,147.6873,-579.7743
-968.4781,-80.4220,-700.9374,-1.4154,-623.2397,78.7993,-438.8283,49.8325,-581.9706,123.6179,-587.0240,-14.9490,-567.5609,127.9666,-526.9011,97.5134,-923.1923,205.0771,-511.2320
-817.4951,-1.1035,-613.2568,68.5053,-536.5184,147.0042,-404.1722,118.5497,-608.8324,150.6682,-548.9432,33.0327,-510.7301,177.6056,-532.7717,126.0218,-802.8253,241.5067,-408.4518
-688.5345,35.9734,-553.1230,110.0482,-457.4797,175.9574,-357.5114,237.8440,-541.4362,250.0700,-526.0637,66.4033,-491.5544,170.5609,-450.0458,182.6313,-740.6677,219.5723,-300.1426
-654.1553,28.2353,-509.6350,107.8280,-416.8544,158.1226,-259.8763,319.6074,-406.2414,362.7484,-493.0544,81.0918,-454.8655,147.7151,-356.3790,200.6250,-693.1622,179.6453,-237.7446
-567.9910,75.2017,-446.8287,135.0759,-403.1192,138.7054,-195.6416,283.2177,-274.4409,390.6407,-436.2200,113.2761,-398.6489,172.2716,-328.4663,150.8712,-570.4467,173.0033,-232.6604
-393.3935,182.8734,-379.1324,201.6283,-365.8872,164.6944,-194.0236,198.3636,-154.6407,369.8220,-365.2969,163.0332,-363.1709,217.4242,-283.5310,136.8192,-412.5474,175.7711,-247.2853
-328.6787,242.7759,-332.8669,237.4417,-303.5152,217.8490,-165.4510,197.0207,-31.4383,385.5133,-317.2742,187.9428,-342.1526,229.3095,-148.1989,207.3688,-318.3111,168.9002,-237.3063
-377.2168,241.6300,-278.5190,242.0326,-252.4389,251.6056,-79.2493,271.9524,82.9758,387.5677,-300.1922,188.8741,-299.5835,228.5503,-16.3901,280.3706,-267.8731,186.0520,-180.8435
-307.9144,244.5800,-195.5006,260.6575,-215.7076,260.9496,-10.7862,319.6591,122.9709,334.1735,-257.8627,197.8371,-230.3505,250.9023,11.2502,324.4917,-183.4443,215.5341,-79.7867
-131.3293,252.0787,-119.0350,275.4651,-160.9825,263.5321,28.7369,324.6977,62.6866,350.8506,-160.8274,211.1933,-149.2156,274.1411,-3.1844,364.0497,-85.5660,209.6871,44.2392
-57.5517,249.1615,-62.8000,263.0471,-67.9605,263.6644,127.0250,344.1997,30.2724,480.4039,-59.8017,208.3091,-68.3764,272.0714,60.9048,362.5064,-39.1578,204.0327,152.3812
-59.3844,247.5636,4.9883,247.4419,38.7598,259.9873,287.6467,379.0710,125.7741,540.2451,19.4628,185.8255,9.6101,254.1272,209.5062,314.7897,-24.6682,259.1407,215.9458
26.8695,236.1172,93.2978,237.9949,125.8308,248.4948,394.2451,386.3728,228.2136,453.4299,120.4314,152.0318,103.2659,226.3635,345.0403,287.1925,17.9939,332.6266,253.2552
163.5912,221.8468,182.5741,228.8575,211.5185,234.6617,415.0665,358.6223,232.4124,374.3407,245.8331,126.1198,215.6388,192.4186,404.0762,279.8535,91.3458,352.9896,298.3304
230.0011,232.8789,262.3691,232.4811,313.8402,245.8120,447.9538,318.2208,235.3230,361.2721,331.7546,127.2385,301.9593,182.5244,416.8482,264.7013,168.5825,326.6355,340.4286
251.6618,235.3627,328.7030,242.1136,386.7284,281.3145,513.7654,278.0274,282.8778,312.6769,354.4799,155.5540,342.0128,213.2827,426.0314,277.7725,249.4334,287.8355,354.4317
321.7914,202.0176,384.2551,238.0160,412.8696,293.5166,527.2838,235.9708,277.3812,234.4593,359.1517,198.9354,386.3666,244.4641,424.5128,294.0893,337.9731,252.7562,358.7932
449.2567,195.1049,434.8629,234.8099,449.0362,271.2657,500.6397,189.9843,233.2390,216.1806,386.7567,236.8114,461.0331,231.5293,419.4853,232.5940,423.3479,236.4039,382.1656
543.2142,242.5059,466.9437,245.1202,501.7533,258.5999,537.3318,151.4924,268.0445,233.9033,434.3610,248.9763,515.7512,193.2950,460.2575,150.4711,498.6599,230.7539,419.9313
536.2339,281.0090,478.0254,250.9666,522.9846,263.4267,625.8566,132.4177,370.4710,221.4890,478.3976,246.5149,522.5030,177.0820,534.8093,146.9800,560.6763,211.7227,454.2320
520.1432,282.8537,504.5782,248.6725,527.7057,251.2257,661.9312,120.9915,450.8319,190.9042,515.3403,254.4851,523.4307,182.4680,555.6174,161.2641,607.6821,189.6372,467.6826
609.4341,274.1286,553.9065,244.7538,542.8157,221.4270,637.4808,100.2623,500.4056,172.9247,561.4947,266.7169,543.1539,173.6550,509.8952,126.0381,654.5143,175.2168,457.5025
705.5643,255.2013,579.6816,223.9056,537.0852,198.2115,625.7319,78.5204,553.1496,175.1536,605.9870,261.6338,552.2932,142.5534,490.2380,110.7586,705.5455,144.4982,460.8712
671.9501,217.6011,574.7726,182.5834,516.7705,180.0810,640.2695,69.8168,613.0781,193.3654,617.8691,227.2813,541.2297,107.0381,537.3021,147.3152,723.6502,105.6795,498.5679
615.5907,172.9700,579.1228,146.7436,525.8691,157.7656,642.9977,71.5352,656.1569,197.4418,610.3989,169.4056,541.4559,81.2200,596.7215,165.9349,693.6856,100.1063,524.4761
672.5081,138.9917,583.0767,136.3972,541.8055,141.4763,637.1651,81.1804,665.3393,177.7461,617.1817,136.5690,558.8239,80.9506,642.4321,140.6798,670.0302,115.4321,515.6956
740.8801,141.3574,552.7372,151.7007,537.2075,144.4384,659.8321,98.9069,682.6013,180.8409,618.1970,163.6258,564.6500,107.4707,695.3382,101.3678,684.0441,113.3289,513.7761
711.3669,177.3739,526.8005,172.4895,550.7712,159.2568,708.3013,113.3268,748.8910,219.7711,586.1771,187.0790,563.4083,126.8464,731.3860,76.9546,688.6262,104.1339,518.3337
666.0903,191.7423,563.7694,166.4015,591.9985,153.8363,733.9847,119.2045,794.4497,247.8694,557.8051,152.6535,589.5291,120.6928,704.1818,104.3020,654.5479,100.0582,487.1405
667.9927,164.7565,631.2091,132.4847,619.2390,109.5791,708.7073,126.2952,755.2416,259.2108,566.6786,126.2416,630.0987,113.3735,635.1002,167.5906,614.7526,81.6323,442.7029
657.9717,144.5676,647.3898,103.4817,621.1649,68.9459,656.3727,127.8777,709.9102,274.6143,578.5967,148.9872,634.9971,115.1481,580.7280,187.1152,593.0244,63.3121,427.8625
615.5112,144.3602,607.6937,91.8288,603.1339,86.8597,611.4943,108.2409,707.0898,251.1781,559.0410,157.2752,602.9307,114.7950,544.3719,161.7211,584.8105,88.2303,423.0170
579.5381,128.9341,585.7892,89.4620,570.4921,134.2883,583.6111,90.5096,653.1763,165.6483,526.1779,139.3448,575.5342,119.3853,494.4387,161.3815,575.9162,142.3021,413.9565
555.2403,105.3777,603.3804,97.5346,557.0305,137.3276,564.8410,105.6467,526.9078,115.5167,504.8692,141.1970,559.9513,125.7183,437.3588,171.6086,534.8582,161.6762,419.6182
524.7857,113.0232,589.0732,110.6159,560.0775,103.2350,542.0330,119.6173,439.3011,164.1205,493.6674,139.3940,528.2889,114.4503,402.6758,140.3029,469.7733,126.7108,420.2011
468.5333,151.3412,509.5423,120.2214,521.6142,101.3608,511.4466,85.4590,414.0317,194.1913,480.5980,119.5508,471.4311,106.9689,376.3971,95.7925,452.4656,90.7803,389.3798
383.4065,185.1043,431.1193,137.5889,448.9772,131.4773,483.0588,43.9716,377.7442,112.5237,449.6690,132.9562,403.0468,128.1879,331.8740,74.7577,480.2589,95.7453,351.7595
331.1011,190.9836,387.1893,161.5059,403.5327,130.7643,451.6949,57.9968,333.9000,45.2477,390.3336,156.4305,335.4815,144.3160,312.2404,72.5790,452.9147,100.2717,319.5924
353.4963,176.6398,323.9991,164.4665,368.8726,101.6482,402.8678,90.0797,319.8524,89.4383,319.2112,118.9127,277.6755,131.6213,358.5954,96.7327,369.6024,59.8469,270.1437
370.1206,163.0112,236.0215,143.6229,296.9612,104.4871,351.7093,66.9222,287.9123,92.9800,263.1775,58.5916,234.9877,115.4224,375.5575,121.9185,340.4455,25.8491,206.0830
321.6132,160.0946,192.5460,128.8423,219.6161,134.9677,304.7946,-0.7103,187.8964,-39.0643,223.0753,49.9361,200.9611,103.5377,249.1655,75.8810,379.2386,48.0378,136.8189
280.8975,176.1261,199.5039,135.6841,187.3917,138.6578,223.0584,-65.8485,63.9359,-131.0402,185.5085,91.1090,160.6562,94.3816,60.8836,-28.9157,400.6593,66.2898,45.9418
283.3407,214.5174,185.8376,150.0280,182.5300,119.4716,108.1010,-117.7082,-15.9140,-99.5636,149.8601,157.2354,107.6367,103.2152,-33.3744,-99.4387,377.5165,34.4123,-54.0329
261.4070,240.7398,121.2447,149.0949,153.2793,111.7762,29.3093,-139.9313,-44.4137,-115.8956,108.9693,201.5869,50.8099,104.0957,-49.8682,-108.0150,337.8821,14.0252,-117.6405
206.0383,219.1949,42.8960,132.4682,82.2850,104.2499,-2.6279,-107.7307,-50.7236,-209.9783,40.1130,155.7556,-6.4581,67.1931,-80.2181,-82.2094,289.4615,36.3677,-133.9502
162.1395,172.1879,-8.8560,123.4378,8.3084,87.6149,-45.0420,-44.0618,-51.0280,-196.7549,-43.7496,54.5905,-71.4940,36.3717,-106.9156,-34.4763,217.6054,46.2854,-122.8214
109.2714,124.6066,-35.4273,115.3785,-34.3462,82.2644,-93.1116,14.0030,-62.9114,-69.4636,-88.4458,-2.2197,-126.6373,25.9411,-113.8330,-1.7998,101.6367,26.5759,-103.1363
26.8944,61.5371,-74.1554,74.8836,-84.7774,72.5725,-107.5574,61.4792,-118.0718,0.1362,-88.6471,-23.9668,-143.0536,-20.2279,-167.3043,-16.2439,-35.6902,4.6364,-102.2663
-45.1626,2.3720,-140.6897,26.4335,-177.6404,34.5379,-117.6395,86.1256,-200.0980,-22.3010,-111.4024,-60.5346,-149.9266,-69.4418,-254.3383,-31.7273,-116.5734,-21.0254,-131.0954
-94.3580,-0.3688,-203.5529,26.0286,-252.6714,9.3114,-153.8972,70.2742,-237.5349,-65.9057,-189.0521,-73.7203,-201.7750,-38.3633,-283.9677,-23.5312,-128.2572,-38.3544,-162.2290
-139.9786,42.9833,-250.3660,55.1155,-267.4008,31.7968,-191.5598,36.3647,-229.5920,-106.5159,-270.1837,-39.7524,-279.1614,16.6118,-290.4041,-53.9826,-139.3264,-21.6844,-187.4273
-176.1123,75.8854,-303.8170,65.6694,-290.2705,61.7110,-235.9964,10.3353,-268.1529,-120.2689,-308.4638,-4.1667,-330.3184,12.0181,-381.8994,-120.4796,-161.4336,-7.5193,-236.9193
-210.7985,76.5598,-351.5916,66.8264,-364.6023,61.6143,-314.1282,-11.0737,-369.7159,-106.5864,-322.1757,22.1195,-362.8713,4.7119,-518.4874,-124.8159,-181.3306,-27.7628,-311.2285
-265.6369,59.0955,-368.0125,68.0707,-422.1902,40.2516,-384.9583,-24.7803,-441.7599,-126.1204,-345.9692,56.7105,-389.8200,36.7299,-567.5829,-67.4450,-245.6111,-35.0507,-377.1178
-320.9245,49.7478,-374.1674,50.8506,-413.4672,9.7516,-414.4076,-37.6921,-464.6088,-178.8399,-381.8203,84.2328,-389.2376,48.7007,-521.6130,-55.8662,-324.7377,-12.4051,-435.6367
-351.5370,61.2224,-379.1348,31.1199,-389.0359,-10.7239,-464.1303,-80.6828,-520.4442,-218.3824,-406.4933,92.2312,-385.0950,41.2694,-490.2432,-100.6065,-312.7385,-11.6012,-506.4477
-351.8097,61.1554,-358.6202,25.0116,-407.2887,-5.7916,-567.4001,-129.4669,-610.3239,-262.7802,-404.7368,77.4522,-423.7930,55.6343,-526.9863,-113.0820,-264.1337,-30.4011,-559.4344
-315.5900,20.9689,-342.5766,-0.0453,-454.4718,-10.1295,-632.6005,-119.6267,-628.8099,-286.2685,-393.6652,28.3805,-466.1821,39.6679,-574.1779,-84.3623,-315.5499,-23.6620,-544.4728
-287.6907,-30.3656,-381.7516,-46.8557,-481.7414,-48.2931,-583.0217,-72.7555,-544.4587,-207.1195,-396.9322,-34.5611,-450.6435,-38.4806,-561.6209,-82.7931,-414.4319,-7.3252,-475.5455
-331.4382,-63.2266,-437.4417,-69.4441,-475.4797,-76.0242,-479.2023,-57.7619,-450.9733,-101.3509,-395.7977,-79.7093,-400.6023,-94.0951,-494.1065,-110.9294,-443.6570,-12.9783,-415.7939
-391.8930,-80.2934,-444.4875,-64.9042,-457.2119,-71.0406,-414.7960,-56.1887,-417.5511,-96.6623,-353.7737,-106.9988,-358.6632,-79.2186,-425.6266,-105.9210,-426.2886,-30.6955,-380.6225
-382.8070,-79.4094,-410.6459,-65.3551,-430.5688,-69.7254,-380.7834,-17.0447,-411.2758,-106.4692,-289.1967,-100.0747,-323.0009,-47.3324,-388.7025,-50.3747,-395.6519,-54.1344,-323.1987
-351.7848,-74.0384,-360.2539,-68.2662,-384.0469,-75.2516,-317.7875,31.0667,-389.2375,-35.7029,-263.7727,-45.2051,-297.1321,-32.4140,-375.0654,6.3334,-336.2183,-72.4328,-231.9893
-342.9453,-90.6550,-300.7271,-61.3795,-333.2821,-66.0290,-240.8990,37.0269,-356.8701,-10.7636,-292.0787,-0.6066,-288.7342,-17.5930,-348.3824,18.1147,-292.4974,-57.7136,-165.9387
-287.0984,-100.5100,-271.2928,-57.1595,-301.5089,-62.1204,-209.4039,10.7838,-317.5879,-88.3111,-313.1833,-2.9362,-276.6578,3.2740,-276.5721,-5.5465,-285.2465,-39.1027,-156.6484
-187.7791,-69.9005,-293.1096,-65.0827,-283.3865,-73.7786,-208.5109,-9.9175,-270.1677,-100.1072,-269.9191,-1.1099,-250.3546,13.1553,-194.3301,-16.1685,-246.4679,-71.5217,-155.4716
-137.1524,-37.8232,-304.2023,-73.3926,-258.3579,-75.0007,-178.6524,-20.3253,-246.5037,2.5290,-184.2176,17.7587,-218.5459,-4.3117,-178.4976,4.9970,-169.6123,-122.2078,-124.9056
-118.9108,-26.6347,-249.4222,-60.8467,-209.4751,-68.8438,-132.4123,-49.5896,-253.0801,42.2852,-123.3631,19.5138,-174.5032,-29.7200,-217.2944,21.2278,-104.4109,-135.8232,-97.0978
-76.4561,-2.3758,-169.9844,-29.0142,-144.1563,-69.5682,-117.2233,-97.8207,-235.3551,-49.2902,-109.1824,37.7334,-120.6778,-20.6732,-214.3079,9.9156,-37.9490,-136.3886,-89.6935
-55.7309,19.0290,-133.1519,-17.7754,-102.6576,-59.3729,-106.4321,-105.6149,-182.3533,-131.1760,-106.3024,86.2720,-77.1239,2.2184,-151.1034,-3.0270,13.1409,-138.8710,-62.2341
-74.0798,-3.2024,-136.5643,-41.6248,-93.0845,-40.6726,-51.7702,-51.4937,-147.6427,-118.3303,-87.2358,74.9760,-40.2037,-23.3818,-98.0885,-12.2441,-17.9817,-101.3999,-5.0603
-60.6270,-39.0640,-127.9174,-54.5454,-63.6096,-36.0531,20.4703,-8.9687,-124.0475,-93.7998,-55.9115,-17.5096,-2.8527,-72.4569,-63.8550,-42.2532,-75.2755,-31.1598,39.7293
-10.0816,-58.8804,-79.7635,-37.9565,1.2477,-28.1417,69.1631,-18.9170,-59.1209,-126.4918,-22.0694,-81.3648,27.0181,-75.2189,7.0268,-74.2310,-51.4099,17.3620,72.5472
22.8897,-78.2600,-10.2141,-30.1286,60.3822,-6.9057,110.9643,-29.5812,23.6921,-153.8309,11.7445,-64.3310,74.1377,-55.0948,108.8056,-76.0267,12.8594,34.8863,126.6835
46.0112,-79.0197,57.7002,-40.6938,114.3237,-10.4301,163.3808,-20.5956,78.7877,-114.2215,57.3953,-21.2693,158.6176,-63.4627,180.6857,-72.1113,42.6062,33.3014,178.4952
97.8203,-46.7400,118.2592,-50.2074,184.9873,-41.2958,211.5638,-21.0371,127.7478,-63.1816,127.8137,4.4698,223.7969,-74.4556,204.7293,-82.3960,76.5464,13.1538,203.9700
186.8680,-34.2220,163.9334,-59.4606,237.5231,-52.3269,266.1260,-16.4658,188.9591,-59.2468,193.9736,3.1174,225.4208,-66.1459,215.4211,-82.6181,146.9301,-3.3398,253.8206
293.7249,-55.1308,193.1091,-58.5996,249.5031,-37.8739,346.0391,1.0799,246.2832,-66.9424,213.6660,-17.6760,212.3190,-67.2282,243.2202,-80.0658,213.3680,-10.9695,338.4896
363.1866,-53.0959,229.8100,-41.1722,268.0522,-31.0120,405.0259,-12.8776,306.2493,-63.4109,215.4771,-20.0748,230.2970,-71.9331,285.8209,-95.6106,262.8918,-41.1887,375.8757
364.6091,-34.0649,289.4720,-45.0574,325.8340,-37.0052,393.1143,-48.9441,359.0948,-87.4170,254.4901,5.5774,274.9188,-52.5488,321.6290,-94.3375,317.8595,-71.1672,353.9233
357.4690,-50.1031,354.2840,-67.2396,398.7943,-38.2016,357.5824,-50.8041,360.8789,-132.0544,307.6323,14.4569,347.8018,-34.5773,337.3927,-64.9092,377.2485,-49.7327,356.1535
396.5257,-72.1663,408.9828,-46.7877,457.1288,-22.7041,367.8664,-32.8219,337.1830,-137.8086,336.1649,-7.9147,425.4041,-44.1992,331.6572,-52.7886,425.5125,-18.8624,392.0143
453.3893,-49.2892,456.0565,-5.7364,495.1028,2.2240,407.6308,-20.9306,356.4078,-90.8085,372.7791,-33.9209,451.2654,-52.8167,305.4544,-45.7531,451.4095,-33.2784,409.0608
493.7236,-20.7511,492.5081,-15.6486,527.4097,8.8342,438.4293,18.0651,395.0560,-34.4306,425.7859,-60.4108,442.3721,-44.2799,281.0432,-15.5508,460.8580,-37.5922,425.4931
508.7872,-33.8445,510.4976,-36.2134,555.5643,-4.0791,471.0700,59.9058,395.8430,-22.5324,434.0729,-84.6377,457.5244,-48.3217,301.6789,-28.1461,475.8904,12.6386,467.3349
479.2357,-45.0085,507.4367,-3.8956,546.6489,0.0693,506.3598,27.9479,380.9160,-71.4475,407.9565,-77.2903,469.4923,-73.2649,373.2779,-95.0742,488.7849,50.9781,492.4984
417.4791,-13.3458,485.4553,26.1757,500.3420,15.9087,519.4571,-34.1865,376.5854,-124.8974,434.8878,-48.2946,442.8361,-85.1856,444.7909,-92.5572,478.6309,31.8344,492.0910
383.1865,4.1187,463.9596,2.1626,469.3542,0.2698,520.1603,-24.1465,357.8570,-124.6008,500.3513,-42.9869,434.6685,-73.3728,471.8999,-12.0285,474.5747,2.7966,506.5025
406.7845,-36.8450,467.1639,-28.1649,462.8376,-25.6671,525.4552,23.1845,329.9801,-89.4003,500.9547,-53.9181,469.9492,-72.2887,460.9705,-5.1397,499.3604,8.3361,517.6505
464.8690,-64.8373,482.0341,-30.7673,456.3515,-10.7390,517.4787,19.3661,326.7688,-45.4393,436.0034,-41.4755,483.9295,-92.3159,446.6661,-79.5641,512.7961,38.9401,480.8354
512.4385,-29.0822,477.8318,-28.2582,471.7124,14.6273,491.5546,-7.4484,335.4315,9.2644,402.1659,-17.0112,461.0065,-89.3553,448.6938,-82.8341,501.6783,50.4922,410.4145
513.7188,-6.0904,460.0565,-32.8018,502.4276,-5.5711,460.0194,0.6918,325.5364,33.3788,428.6917,-11.7987,448.0519,-49.0708,444.2469,12.0884,500.4585,2.9475,338.2755
482.1215,-42.9240,452.7526,-46.6094,491.1663,-50.8091,417.2492,17.6673,299.3205,9.3984,459.2176,-17.3471,448.2172,-31.3867,401.5385,100.8082,490.8861,-70.4771,280.5953
452.7080,-75.0463,453.0908,-73.7506,463.8161,-81.1810,386.4497,16.8910,267.9595,20.0846,454.6266,-23.3486,446.8388,-69.6349,346.5909,139.5137,436.1855,-99.2259,257.8260
412.1324,-83.6757,434.6641,-103.0249,469.0895,-107.6899,406.2986,23.1928,239.5923,80.2023,424.4495,-42.6820,449.3788,-109.0628,333.2733,146.7386,369.0250,-99.7998,259.2581
336.0016,-111.0885,373.8013,-127.1313,429.9647,-139.4402,427.7144,30.3032,229.6017,69.5127,385.5539,-59.8503,425.7392,-102.3024,351.8593,130.2991,316.0851,-123.7940,245.4397
248.0057,-122.6655,277.2444,-138.6243,299.2801,-147.4092,386.3156,-1.9200,246.7958,-35.8218,337.6642,-36.3353,349.8958,-72.3818,353.9055,89.9293,251.1485,-137.1794,224.6316
182.8319,-82.9955,190.2221,-119.8703,189.1242,-124.8420,340.1520,-58.4586,278.7093,-104.4414,281.9510,14.9339,272.3534,-50.9948,332.1960,23.6884,184.0184,-114.6804,226.6623
157.7302,-66.5385,145.7138,-102.9850,161.7661,-117.0877,349.3223,-83.7322,286.3736,-69.6921,240.0108,38.0768,229.2267,-45.9646,293.0249,-40.4501,146.4969,-112.4138,228.8853
155.3244,-115.1827,121.5120,-143.2622,144.1148,-148.0053,352.0700,-66.2009,235.4641,3.3733,221.1193,14.3090,184.3366,-65.4012,226.1773,-44.6790,109.3493,-124.1841,209.4417
104.5745,-157.3615,88.6592,-190.8636,109.1600,-166.2162,311.0804,-32.7249,158.9392,33.1279,191.9652,-27.9684,136.6684,-101.4641,153.8032,-9.8043,50.8041,-74.9870,190.2923
2.4227,-147.5585,63.0648,-151.7469,92.9822,-126.0476,276.0783,-1.9279,117.1106,-7.0748,129.6071,-58.3189,126.3554,-120.3460,103.0259,-20.5408,21.5264,3.8337,164.5023
-23.6945,-111.7260,69.3234,-66.6900,83.8341,-75.7399,234.3726,5.3796,87.5768,-61.2469,67.1017,-58.5887,120.8577,-108.5838,41.7873,-60.5499,38.2800,16.6572,90.4394
49.1046,-79.5713,91.2883,-48.6190,47.7558,-82.2550,128.1680,-34.7811,17.4760,-62.0413,38.9377,-26.1561,60.8551,-87.9146,-41.3063,-60.5752,37.3671,-34.0144,-25.1975
64.3263,-77.9238,82.3519,-101.6548,-29.0614,-123.7962,-5.0267,-109.9620,-53.5977,-58.7595,33.3358,15.0014,-26.3636,-77.7487,-82.2376,-61.4339,-4.9952,-94.0986,-130.0421
-18.4342,-104.5085,13.6762,-149.4837,-132.8145,-144.5255,-93.5813,-174.6511,-71.7761,-123.4599,15.2751,28.2157,-90.9115,-81.4182,-74.3413,-108.3153,-42.4847,-139.5840,-189.0934
-85.3509,-110.6112,-92.3980,-157.5803,-203.7737,-144.1337,-141.0768,-192.7136,-81.0864,-193.1552,-47.5196,-2.8623,-147.4661,-96.2045,-103.9082,-135.8370,-66.9300,-145.4785,-199.0583
-124.6014,-88.4155,-187.1513,-142.6899,-222.1937,-144.3631,-184.4928,-162.5745,-134.7957,-201.3893,-145.3946,-55.1575,-216.6254,-116.4107,-186.0370,-130.1788,-111.5896,-116.1980,-189.3347
-171.4397,-76.7612,-241.8703,-132.3171,-256.9576,-144.9126,-248.4039,-127.2102,-218.1289,-198.1048,-206.7134,-90.0182,-278.6389,-140.9023,-255.5647,-171.8728,-161.2488,-103.2904,-209.7254
-168.8227,-67.8133,-252.6723,-133.5832,-316.6506,-142.0278,-325.2363,-131.1388,-310.3550,-199.6954,-204.7320,-108.4860,-315.3603,-169.0351,-318.9508,-243.3597,-183.9455,-101.8291,-266.0385
-135.7817,-41.3674,-238.3941,-119.2858,-335.9019,-126.8923,-354.5319,-144.5630,-396.4462,-168.2834,-225.5011,-140.8159,-328.4785,-183.6814,-409.2162,-257.3615,-206.6102,-65.5182,-308.9467
-174.3344,-17.8486,-243.1284,-74.2566,-345.8856,-83.6879,-322.8065,-117.2049,-443.5695,-154.2868,-311.0212,-167.9662,-330.8166,-170.6607,-463.9947,-240.2148,-248.0206,-28.6135,-322.3532
-238.2646,11.9248,-280.1045,-27.1825,-396.9902,-28.5123,-326.4716,-96.7618,-458.5223,-200.7507,-372.4190,-140.5051,-343.2932,-145.6285,-438.4006,-254.3458,-261.7950,-37.3258,-351.4411
-226.0301,74.8989,-296.5629,4.8867,-408.1480,-0.1749,-405.5172,-149.3360,-493.4413,-233.9060,-370.3518,-71.0001,-370.3219,-121.2978,-414.7216,-266.2523,-234.3750,-42.9243,-421.3105
-178.2436,137.0183,-265.5704,41.8435,-339.3992,2.7470,-477.2492,-221.3964,-566.4620,-235.4623,-380.2805,-0.8786,-400.0603,-82.8999,-463.3202,-252.2968,-212.1686,-6.3644,-503.8783
-143.5901,168.9146,-238.3636,91.1263,-297.7909,20.5554,-525.8574,-245.8929,-663.3838,-289.2061,-424.0888,65.2535,-441.0760,-38.8837,-546.5443,-265.8764,-188.6979,33.3964,-573.0497
-103.5388,197.7331,-243.6110,139.8579,-326.8356,66.9719,-619.9040,-266.8541,-779.2927,-392.8244,-461.1414,99.3588,-501.1367,-33.5443,-624.9017,-326.4456,-128.3849,54.9565,-624.0887
-97.7038,218.9520,-251.1715,174.5903,-356.5966,105.3929,-725.6827,-316.5535,-886.9442,-475.7942,-505.0991,49.6633,-549.7338,-70.4214,-700.6180,-392.6603,-90.4139,61.1263,-646.7705
-166.5867,186.4520,-262.8880,163.9591,-372.1398,96.6426,-756.3016,-338.8320,-932.2002,-530.1596,-556.4138,-52.6896,-565.9241,-107.4587,-753.2101,-434.1336,-151.3887,26.5493,-636.3293
-268.0337,96.8622,-307.0445,89.2027,-403.4054,50.3348,-742.8470,-322.7455,-898.4104,-546.0651,-557.6601,-138.9126,-570.6223,-144.2579,-760.9357,-434.7927,-258.4550,-37.6732,-609.7580
-374.0783,-6.0083,-357.7607,2.5634,-437.4298,1.9836,-751.3591,-325.5128,-828.0714,-499.5683,-525.0454,-210.9058,-575.3731,-205.0987,-745.6605,-392.6488,-314.5688,-73.5322,-578.9501
-455.6887,-77.0184,-375.6304,-41.2356,-458.8999,-48.4509,-749.4383,-340.8600,-774.0478,-454.3073,-524.6076,-266.0809,-572.3229,-250.9737,-721.4512,-346.6694,-327.6790,-85.3495,-537.0865
-444.7013,-111.2852,-381.2667,-77.5965,-460.2335,-120.0343,-684.5941,-313.8239,-730.9610,-465.6660,-528.3592,-253.6342,-565.3888,-235.9162,-665.7804,-328.9760,-355.5225,-122.4971,-475.2445
-388.3670,-150.2885,-406.6581,-145.4775,-422.7908,-188.6993,-579.3013,-263.2627,-636.8263,-481.2025,-495.5583,-195.3972,-548.6979,-200.1262,-576.3273,-323.8884,-383.1803,-170.8128,-392.9658
-395.2425,-191.8839,-432.0515,-187.5486,-365.8310,-210.1628,-493.8735,-261.5896,-489.3264,-485.0453,-466.8271,-169.4688,-504.5052,-187.2483,-495.9213,-319.9286,-351.6932,-187.9658,-310.0321
-395.3013,-179.6067,-418.3029,-156.9245,-321.2401,-184.7087,-450.2524,-314.4999,-375.8098,-516.5900,-441.9592,-178.8969,-440.5984,-169.5420,-461.1070,-322.3275,-274.2457,-182.2084,-252.2355
-303.6896,-147.4456,-360.8192,-119.4747,-268.7272,-149.4912,-400.3141,-340.8191,-317.7741,-517.1115,-372.4222,-198.6100,-363.1844,-144.5175,-447.7637,-312.7522,-232.7616,-175.3806,-199.5704
-248.5930,-179.6144,-292.6934,-137.1503,-200.0920,-132.9630,-296.4081,-292.6855,-250.3835,-441.0708,-292.5419,-241.1632,-260.7832,-153.8672,-395.0134,-284.0517,-236.4133,-169.1940,-118.6990
-283.8942,-222.9778,-239.8067,-165.7259,-155.8135,-137.2709,-188.6433,-243.5899,-196.0688,-396.8711,-241.1577,-270.9432,-167.5540,-166.9176,-302.2390,-262.9686,-200.2479,-174.8012,-58.0800
-229.9897,-195.9581,-185.2350,-158.6806,-133.7498,-150.8135,-152.0643,-272.6115,-217.3856,-418.6667,-166.7746,-225.4986,-134.3743,-125.9439,-235.1735,-238.9699,-114.8032,-203.8896,-79.5351
-64.0091,-171.9654,-109.9534,-153.9971,-87.7900,-176.9048,-151.4014,-319.4156,-232.7184,-371.8212,-68.0843,-150.3621,-126.7624,-77.2936,-190.1989,-174.4089,-72.4421,-241.0804,-125.9151
-9.9129,-218.2430,-41.8932,-191.7224,-25.7123,-221.9827,-114.1930,-292.2073,-147.0252,-255.6130,-19.2823,-140.6187,-84.6130,-81.0936,-90.5518,-103.5709,-88.1233,-266.6219,-117.5662
-96.6965,-264.6630,-10.7552,-243.9416,3.5428,-252.0859,-55.9939,-229.1560,-29.7332,-217.8708,-2.9577,-184.2405,-29.3015,-97.0196,31.8575,-91.0051,-93.0693,-278.0431,-82.0737
-101.6936,-265.8708,2.0615,-263.9582,-4.9711,-239.2027,-8.2534,-204.0767,52.6855,-225.6996,45.0235,-195.2716,3.4607,-97.2281,61.5815,-118.9377,-84.7241,-280.1168,-54.0836
17.8527,-253.8396,17.2801,-243.0645,-13.2437,-228.5381,50.6100,-202.7880,138.5669,-145.4595,88.8250,-153.6669,25.7933,-120.6672,30.0014,-134.7038,-84.9123,-278.5156,-10.5716
65.3833,-239.2366,21.3957,-210.1552,-3.8136,-251.8235,108.8985,-199.0526,194.9291,-52.8203,87.9987,-131.1648,34.3419,-143.5651,61.9508,-135.7410,-55.3374,-269.4117,35.6242
-17.5063,-234.9147,12.4072,-199.2753,4.9627,-254.8252,109.3831,-198.6413,145.6579,-70.1788,90.1094,-177.3675,22.1852,-103.4177,130.2681,-129.5690,-3.6211,-234.1016,61.0795
-71.1927,-254.5964,14.8759,-211.7722,15.7737,-217.6365,59.1408,-180.5853,70.6219,-110.6345,116.8721,-225.6527,39.3238,-45.8081,134.6503,-112.5257,2.3484,-176.3913,96.9356
-30.0304,-251.9273,34.2034,-220.3439,68.5999,-204.0608,34.0669,-134.1112,89.5823,-74.0449,124.9314,-196.5774,114.7387,-49.6033,111.4704,-103.4792,-24.6624,-137.5397,133.5416
-17.8567,-215.9740,52.9818,-214.8116,157.2525,-223.9892,78.3951,-94.3560,163.0951,-7.7453,98.9551,-148.3463,190.2666,-86.6419,130.6363,-97.0533,-35.5879,-130.6884,128.4405
-86.9895,-217.0972,62.8671,-212.6760,215.1049,-223.4344,167.2432,-59.5405,209.1994,59.8512,68.5743,-170.8496,216.4281,-104.7124,162.9080,-45.4311,-60.9154,-114.2115,138.3329
-121.1913,-257.6239,63.9108,-223.4838,223.3696,-206.8444,233.5924,-2.6449,221.5012,120.6672,73.6904,-213.9767,216.3763,-113.3663,189.9962,30.9471,-103.0582,-73.4565,208.8449
-50.5132,-262.9319,58.6957,-225.2115,219.6900,-196.6427,217.3455,27.0909,185.7521,61.3292,135.3194,-194.2091,222.3204,-106.5902,225.8560,40.3063,-65.6537,-47.2817,241.5964
66.9116,-210.7135,63.2263,-177.7764,207.8625,-150.4167,135.8355,-27.5763,92.3132,-144.4859,210.5354,-140.4146,234.5346,-59.0195,214.1727,-22.0154,81.4715,-34.7374,187.1147
184.7130,-116.0203,94.9431,-74.2807,182.7973,-52.1894,73.5215,-114.3976,7.7405,-291.0122,240.4830,-103.2296,240.3846,-9.0119,125.0885,-65.9481,233.9092,16.3434,145.0377
291.6047,-8.5112,148.6904,26.5096,181.4350,32.8161,58.8465,-151.8497,-22.5864,-249.9067,247.0531,-77.7396,228.4600,-4.4595,53.2029,-65.7973,302.4272,95.8619,152.4432
347.9502,35.2123,202.2038,64.3307,210.3243,60.0314,30.5318,-139.6980,-31.0141,-172.4979,268.4726,-64.7887,195.3850,-20.1610,58.6037,-75.2136,296.7187,128.9642,146.3144
340.4719,-0.3244,229.9834,51.4997,217.0849,49.4304,-29.4998,-117.7875,-23.0829,-209.0153,272.6923,-70.6804,148.7580,-25.4948,89.0139,-107.6100,269.1387,105.8738,129.5423
307.7036,-24.0311,214.5881,33.7372,182.4506,33.2939,-46.4648,-106.9293,20.6847,-296.8493,244.2248,-82.4026,110.5070,-36.3288,115.7136,-129.4590,256.8247,91.5643,138.0995
266.6490,-5.1323,175.2835,33.3154,149.1424,33.9179,7.9706,-116.0053,59.3530,-326.9877,222.8123,-106.1773,110.9095,-53.0323,145.9094,-142.2192,258.9778,101.0756,150.4986
226.1562,8.0409,156.2904,55.7849,146.6188,48.7434,61.6345,-145.6507,61.7650,-304.3979,211.6218,-134.1019,138.7089,-52.5913,152.1896,-176.8296,251.4779,78.7073,154.4334
219.5069,18.9088,158.1169,74.3584,143.2736,42.3218,73.4751,-181.1787,70.9112,-291.5795,197.0286,-111.8018,130.8338,-41.4555,134.8350,-219.1211,225.3680,3.2291,159.4502
230.3164,30.3476,142.3357,38.6064,95.2493,1.3631,70.7317,-196.6617,103.3930,-300.5431,204.3006,-51.0903,72.7648,-36.5416,126.1552,-212.1316,190.2409,-77.4483,150.3627
199.9626,-2.0637,112.3975,-31.0896,28.9460,-41.1035,52.4791,-171.4493,127.8660,-274.5846,214.6654,-45.6721,28.0400,-35.9649,109.6046,-152.5276,152.8173,-125.7990,130.7473
142.7355,-55.9518,95.5358,-63.5957,1.4041,-69.4518,19.3498,-119.8478,162.6272,-181.6426,168.6637,-96.8594,18.7211,-49.5099,84.3853,-113.0780,108.6185,-163.2160,117.2873
119.5365,-80.4720,67.0498,-78.0214,-16.9517,-109.1446,36.6353,-81.0740,234.3049,-77.1638,99.9145,-107.2552,2.0203,-93.2243,101.2669,-122.1621,45.2726,-217.9489,86.2057
118.8684,-109.5390,0.1861,-136.6328,-81.6948,-170.1222,104.4491,-64.3301,295.2167,-4.3462,82.8090,-68.0364,-28.0733,-148.9112,138.1380,-118.4408,-30.9129,-275.0835,28.5867
76.6515,-156.8538,-67.9558,-197.6511,-148.1291,-220.7133,103.6278,-50.8882,313.7417,62.6337,85.1033,-56.4095,-52.5916,-183.9986,135.8183,-79.6285,-83.3214,-310.3490,-26.5769
-16.0356,-163.6564,-111.5437,-201.5756,-172.9973,-229.4496,9.0661,-38.8165,319.8562,98.1837,44.5567,-79.1327,-84.3107,-184.7062,128.2070,-58.1226,-99.5849,-320.3227,-73.4959
-91.8698,-139.7349,-150.9227,-191.4608,-200.6101,-207.5445,-54.5110,-30.7580,285.6314,32.1536,-12.7449,-90.2478,-111.0477,-151.8339,129.0350,-54.0345,-116.4174,-292.0342,-103.6073
-101.7968,-142.0214,-163.9257,-197.4356,-217.1433,-188.3749,-53.8159,-20.5844,150.7971,-73.8349,-44.7293,-94.5137,-93.8843,-109.8821,68.0892,-21.7593,-151.8553,-217.6236,-99.5697
-99.4429,-146.7961,-109.0737,-171.3647,-151.4758,-172.1183,-86.6069,-19.1577,-14.9366,-87.2186,-53.6532,-104.7226,-55.0471,-94.1034,-22.2829,8.8001,-184.2175,-145.7316,-106.0496
-159.9355,-121.9530,-37.2507,-114.1857,-61.5137,-137.8806,-164.7348,-28.3373,-85.8742,-32.9165,-47.6361,-91.4512,-41.4397,-91.7992,-39.7562,-11.5999,-213.5851,-123.9450,-149.8576
-242.3528,-99.3949,-34.2253,-82.0883,-55.5652,-99.4049,-204.0986,-16.6645,-66.8979,-31.1249,-56.8508,-63.0219,-43.3882,-66.9889,-24.6561,-41.4099,-260.0265,-118.0707,-161.4174
-265.2998,-91.6118,-95.9398,-73.1670,-100.4714,-79.4111,-181.1440,16.0824,-30.9592,-69.6444,-132.3089,-82.8113,-41.5210,-45.7303,-47.0913,-28.0716,-313.7115,-81.7380,-128.3149
-263.0468,-86.8881,-160.8565,-62.2082,-114.8952,-63.1655,-126.8307,33.6244,1.0694,-30.8926,-247.6449,-151.6312,-39.2245,-70.2905,-57.4333,10.5594,-347.9344,-37.3246,-124.5137
-305.2785,-105.6772,-190.0838,-66.0172,-95.6412,-43.8722,-70.5280,47.6014,7.8479,112.5256,-302.3972,-197.6341,-26.9705,-106.5975,-48.4151,48.2750,-353.0999,-15.5245,-130.7079
-360.7274,-151.3005,-178.3508,-82.0391,-69.5688,-44.4238,-57.7106,85.2659,-25.4896,243.6190,-267.0300,-204.7383,-14.4819,-108.7550,-68.5311,75.1526,-340.3486,-4.7644,-96.2002
-376.4557,-184.8568,-162.8474,-79.9821,-77.2797,-54.8190,-89.6289,113.2147,-28.2713,252.8827,-219.3207,-215.6659,-35.9826,-96.4557,-54.8754,75.7129,-330.9081,5.2482,-77.1185
-367.3245,-180.6808,-191.2126,-70.6975,-137.9645,-43.6538,-84.2731,117.9923,40.0382,219.3972,-218.6012,-223.4681,-67.3131,-87.8114,18.2945,67.9780,-327.8036,5.0840,-82.7094
-359.0975,-134.8951,-235.2535,-71.4586,-170.3064,-29.6732,-18.1797,150.7065,83.7548,310.2931,-234.7473,-189.7427,-62.8736,-66.4106,13.8714,83.6942,-311.7361,-14.6294,-37.1009
-352.7792,-67.6960,-226.7604,-59.6454,-125.6128,-45.4252,18.2453,204.0110,48.7833,468.5194,-224.3858,-124.1645,-58.0688,-45.5724,-81.9076,98.7708,-286.3173,-49.7685,11.7271
-337.0308,-37.9188,-181.8481,-42.1751,-111.3773,-71.0100,-15.7682,207.7234,30.1893,469.9466,-209.1629,-61.8682,-94.9783,-50.2604,-95.6377,94.4843,-279.1087,-67.0952,-32.2245
-283.6575,-65.6024,-174.1221,-60.9644,-181.2068,-74.7038,-56.9653,165.6155,79.1601,324.8146,-221.2797,-28.7993,-131.6580,-58.5760,-12.1547,108.1319,-290.5049,-43.5951,-107.2032
-198.7833,-83.9014,-212.9087,-91.0863,-226.3767,-60.5449,-68.1312,126.4156,116.3775,251.5256,-222.3599,-38.2322,-128.7165,-47.9220,19.4096,132.2041,-301.6046,-23.2966,-136.5045
-156.8805,-52.5060,-247.0324,-73.4763,-211.1691,-45.3256,-69.1992,84.3301,99.2330,279.1133,-173.4726,-56.9067,-107.9731,-32.1041,-11.3596,120.4981,-309.9425,-44.9111,-157.0094
-190.7730,-23.3464,-248.8526,-40.5203,-221.0784,-37.9284,-69.0060,40.3826,75.6493,276.7403,-130.2177,-35.9436,-91.7996,-15.8087,-14.5591,111.9967,-314.9054,-65.5629,-180.1458
-230.6820,-33.7927,-228.4568,-55.8194,-256.8803,-38.3932,-76.5142,28.7778,63.7016,249.4406,-147.2546,5.8581,-90.2797,0.9516,3.7257,147.4198,-310.8602,-54.1104,-191.2751
-225.9471,-42.0615,-198.8921,-79.5745,-252.5314,-36.1025,-113.4699,27.0815,34.8796,255.3344,-170.3742,31.9701,-113.5582,-5.5532,-1.1441,152.1860,-295.1490,-44.3779,-226.0659
-204.5057,-6.4980,-167.0593,-48.3856,-217.4284,-24.4692,-159.9079,-0.8385,2.0307,240.5156,-141.3783,62.0906,-143.7266,-27.9152,-19.1941,98.0878,-254.9571,-40.2853,-258.9480
-176.7437,50.6679,-144.4028,-4.9289,-192.4357,-10.4932,-171.2929,-16.8753,12.8376,175.6049,-95.8683,102.1834,-161.1767,-14.9014,-18.6751,84.4990,-193.6339,-21.3627,-227.1189
-114.5970,81.1335,-138.6774,-6.6667,-180.6015,-1.2899,-151.3161,2.9456,62.2593,126.8799,-71.5136,121.7792,-169.5637,35.0515,17.6841,127.5122,-155.2099,-13.7324,-182.1624
-43.6489,68.3912,-129.7506,-15.3363,-162.1533,4.7270,-118.9242,24.5851,89.9581,135.3230,-54.5129,120.9044,-143.6833,65.3623,63.0717,139.7351,-159.9038,-14.6628,-157.6709
-37.1018,35.8028,-88.1529,11.7897,-105.8979,22.4973,-49.4005,58.3967,79.7231,181.9850,-46.6973,94.3551,-61.9437,67.0174,78.2581,134.4465,-175.1615,30.4080,-67.7260
-94.7665,18.6678,-32.7753,43.2020,-20.7912,64.4795,53.9452,122.5181,86.1943,202.4965,-55.8439,33.4849,7.7855,87.6982,102.5606,158.1741,-180.2040,93.0283,64.8056
-134.9044,27.6343,-18.2391,47.2313,22.6824,94.6535,107.7696,150.0218,133.1083,142.3016,-52.9554,24.6545,2.6608,129.3494,181.5126,148.6656,-171.4090,85.5526,104.5527
-134.8380,28.4358,-53.3056,30.5654,8.3361,59.3187,77.6685,119.7323,178.6328,111.0559,-29.2922,124.3271,-20.7951,134.6145,243.8087,109.8081,-135.1489,21.7865,84.6987
-146.1827,-13.0006,-85.6301,-2.0131,5.3731,-10.1060,54.1610,136.2885,198.4112,263.5326,-14.1495,193.2834,-1.2137,86.5110,226.8044,163.4895,-91.4944,-16.8746,128.1089
-148.0303,-62.8704,-69.6422,-40.6141,32.0829,-32.1447,94.2626,234.4369,201.0172,467.1417,-9.7105,125.7727,27.8049,39.6979,197.9404,273.9984,-76.7154,-2.8630,200.7619
-82.0687,-67.3824,-20.8344,-58.5812,39.1459,-10.2298,136.2970,307.1475,197.2439,481.7614,-4.4014,45.5206,40.1349,33.0640,221.1986,279.9226,-71.1891,49.0416,238.2755
-27.1011,-49.0135,-1.2692,-47.8987,18.6827,-0.8390,157.9526,303.5498,229.1341,389.3453,-10.2600,46.9201,62.4422,45.8605,278.1222,224.7109,-57.5674,102.1415,275.7807
-73.8970,-49.9818,-37.9088,-22.1737,0.6085,3.8463,217.6786,288.1879,320.3900,384.9221,-15.4785,50.6780,91.0537,60.7031,341.5516,264.0540,-64.1843,104.3740,303.3868
-113.5218,-40.6813,-70.7162,5.9094,0.3146,35.0262,290.3068,296.3765,386.1791,403.1263,9.7717,30.1148,98.9314,86.7756,374.5552,345.3251,-62.8423,68.4865,277.8522
-50.2795,7.2098,-38.5612,31.6206,29.4483,79.0804,297.3916,297.5977,356.3139,348.4008,46.1364,52.3898,94.7679,114.6802,343.8638,332.6225,11.9612,65.5854,261.0038
-6.7705,61.9750,25.2428,72.3162,83.6810,129.2632,285.8546,271.4590,309.2736,301.2013,66.2189,116.2466,94.3715,134.7711,290.1296,260.9681,118.6693,107.1056,298.4832
-37.7716,107.0260,63.6418,137.4276,130.3343,189.0193,335.3992,232.3540,322.0225,291.4592,83.5257,181.2878,94.7447,166.1389,257.4600,215.6306,166.7141,148.6680,312.2712
5.1736,144.5352,86.0911,177.8577,158.1560,217.0761,386.2080,211.3248,360.8932,281.2563,93.4079,224.2263,98.4607,194.5787,236.8577,186.2899,162.6769,170.7697,271.9451
128.8258,148.7990,116.7322,161.4954,182.3005,192.1543,368.7820,220.4723,412.7568,311.6126,83.2846,197.2756,106.4021,174.5455,255.5959,161.5267,159.4429,167.4100,254.8853
170.6090,132.4990,144.2699,152.2801,198.1912,176.5067,338.1791,231.1160,494.7897,354.3318,99.7434,111.7523,107.9275,135.7471,332.3729,159.8856,178.8074,143.6508,285.3034
164.5629,147.1695,164.5975,190.2711,202.2925,209.4387,345.3171,221.3241,549.9445,305.5832,167.2673,76.4569,105.1524,143.7995,386.2758,162.5733,234.1706,136.9776,315.9003
249.0140,166.8465,197.0234,207.0400,221.1155,232.2564,365.6937,207.1770,538.4094,241.6506,223.0479,121.9958,115.4074,166.3282,388.0588,159.1619,305.3200,149.0677,334.6403
334.3682,142.6945,247.7405,166.7975,266.5721,196.1653,391.0802,198.9284,508.8499,291.5786,248.7922,167.8164,161.4861,144.3716,410.5620,181.8346,343.8532,132.9891,352.0535
300.7945,124.7478,299.5576,130.2578,312.3861,141.2316,418.6739,190.7383,468.7781,369.9193,307.1000,177.9323,252.7458,116.1746,425.9319,224.8942,365.9392,100.5248,356.6577
268.9945,155.4165,331.5023,132.4221,337.6582,122.3960,401.2757,187.4958,385.4029,374.3204,381.0540,169.7654,332.4272,125.0212,358.0602,242.6248,414.6438,105.6335,349.0564
360.5417,181.0338,344.0116,153.5866,350.2721,139.7384,329.3227,185.2308,304.9348,355.0387,382.9849,161.6490,316.7948,139.2714,286.3456,233.3264,458.3507,129.4946,345.9716
486.8628,180.6854,359.8033,176.4227,359.8640,159.2858,268.3206,170.6122,273.7823,324.9682,328.5048,189.9597,237.9946,144.5135,289.5616,226.8962,461.0055,126.8404,343.4704
525.9417,194.3964,374.4021,174.6579,365.0869,156.8595,269.1197,156.7453,260.6902,261.0252,308.7079,238.1055,216.6854,160.2254,300.8192,224.4787,451.4036,120.1357,332.0689
463.4973,203.1608,352.3292,135.6275,369.7525,138.3971,314.8482,155.4448,254.9813,239.5136,336.5869,222.8497,266.2971,167.5391,302.8922,216.6407,437.1215,136.4326,320.4296
365.5694,164.9501,306.3014,102.5888,371.6925,126.5064,339.8009,150.7897,253.3410,275.1346,361.0950,167.3882,291.9824,156.3476,340.1488,214.0902,392.3549,150.6336,315.0957
333.0872,120.7387,289.7490,109.1079,349.1929,133.3237,296.7879,141.7942,190.7493,246.5029,361.8912,184.5662,269.0977,171.2531,335.9457,218.7919,347.5966,151.8108,308.4740
373.4776,136.5219,299.8745,144.6567,308.0617,164.5124,233.6725,136.6458,67.9468,129.6703,348.8995,255.4861,251.6143,224.7190,233.6182,201.7778,355.4293,166.1233,294.0549
360.4160,209.5932,296.4839,207.3482,294.7703,225.4524,223.4266,121.2254,-9.1193,38.5136,323.7964,275.9537,251.8951,267.5120,147.1069,142.0772,398.1846,197.6457,274.3582
261.7396,277.9005,282.1543,274.8437,308.7544,285.1765,239.7942,106.5566,-12.8602,33.3862,276.9002,249.1704,243.6198,269.6935,146.2778,68.1426,409.7162,223.8406,254.6208
210.3394,277.1512,268.1896,284.2076,293.3144,283.3690,238.6848,127.3220,-2.5435,74.6288,211.1502,228.6873,221.0815,246.2030,167.4247,33.7437,348.0104,238.3773,234.0526
244.4750,209.7402,232.7920,235.7432,246.1096,223.2382,253.0501,164.7624,19.3953,93.8786,160.8570,220.2994,191.4425,222.5176,183.7497,63.7269,241.1191,245.3871,212.3797
257.9573,153.6431,175.8891,197.5449,211.6225,186.3511,270.5042,181.2455,51.6414,77.3281,152.7135,226.3859,162.7198,207.0355,187.8899,132.1460,174.5105,235.1788,200.0008
224.4611,162.2458,138.7509,192.6742,183.8013,210.8878,212.3466,187.3817,28.8962,93.5697,156.1192,229.7732,141.1178,178.1781,124.4669,173.4528,191.0096,209.7234,193.9007
199.4539,208.3804,141.5429,209.7915,146.8637,247.1623,109.7457,186.0559,-47.4696,132.7061,129.2505,187.9286,117.9062,133.3715,19.1874,140.2831,236.2309,202.6130,160.9772
177.8351,249.2961,154.9028,247.8796,127.2484,256.2544,59.8473,158.0097,-96.2396,65.2336,84.8146,140.1934,89.2934,123.6852,-37.7614,75.4725,244.0955,224.0631,87.5585
138.6809,269.4757,139.4930,273.1300,121.2726,247.9106,36.3295,126.0478,-109.1348,-73.7806,54.0236,157.8608,69.2445,157.6586,-57.7866,54.2411,206.5907,230.0741,13.1219
99.4032,263.0544,96.6409,257.4547,102.0389,229.0112,-24.0039,113.2492,-135.1666,-84.4399,31.9318,187.3857,55.1068,165.1888,-87.4655,58.4357,146.7841,201.7601,-27.4555
63.6612,234.6018,68.9174,238.8170,88.6065,208.6073,-79.1115,103.4225,-164.8195,19.7431,-0.5895,147.0663,30.2736,136.7262,-102.6466,39.6807,91.9706,182.5862,-45.9086
43.8879,202.2982,74.2004,235.3970,82.5779,209.7044,-94.7498,113.4407,-171.9752,64.9929,-33.4939,86.2343,2.2547,138.8493,-109.4070,42.4046,57.6274,189.8681,-56.6857
63.2780,180.2017,79.4609,216.7826,44.4299,219.4718,-111.2536,163.0801,-181.7165,60.5087,-34.4498,70.4328,-13.2577,161.0090,-151.2233,90.5073,32.6874,193.9322,-57.9835
64.4455,167.2012,66.5074,196.2814,-4.4306,207.6982,-128.3781,189.6494,-210.2095,63.5967,-11.2531,62.4411,-16.7563,142.4973,-195.5027,94.5115,9.4921,199.2559,-64.4035
-14.1452,151.1810,51.5788,197.7322,-17.9151,196.0102,-109.0189,151.6719,-224.5302,-1.3877,-29.9648,32.1954,-9.9677,112.4481,-198.7552,35.6708,-9.3951,223.6159,-93.8939
-94.6685,132.4965,32.9251,190.6635,-28.0084,206.9481,-80.4751,110.0114,-208.1469,-89.3657,-102.6778,19.9202,-3.2496,121.1858,-189.2237,22.8138,-47.6972,228.6362,-140.8148
-96.4045,126.4558,-2.0357,168.3965,-68.0602,196.9134,-91.8956,100.4361,-190.9013,-35.3927,-132.7250,41.0431,-19.9563,133.0710,-170.8193,70.4425,-118.5957,182.8588,-200.3528
-91.1546,117.5598,-43.7797,152.1516,-112.7947,134.7018,-128.2239,92.3666,-184.7921,91.5041,-78.6234,61.2686,-55.5304,110.1302,-112.1391,84.1930,-182.6113,123.6001,-272.0203
-138.3542,80.5456,-81.3844,114.1052,-149.2294,63.4000,-148.8145,86.7656,-172.0861,91.8334,-36.2834,69.1538,-79.2116,76.3159,-65.1465,58.4451,-211.9884,90.5675,-326.7108
-157.5417,58.9280,-100.8507,58.1172,-162.9531,33.3241,-158.7051,94.0949,-181.2499,-0.7960,-58.3939,83.6489,-83.2870,55.2589,-117.7126,45.3543,-217.3477,87.4675,-330.2706
-104.2394,93.4303,-74.2494,60.2709,-123.6427,55.6453,-190.2118,91.3675,-252.9433,-32.0129,-91.6237,96.2505,-85.2643,47.3811,-243.4975,40.0361,-199.8035,113.3726,-295.2387
-64.5392,113.4137,-17.9033,113.6430,-78.1612,109.9544,-232.0851,86.6291,-316.8757,-2.2003,-128.1466,66.4100,-101.7220,48.2583,-329.7980,46.9039,-174.2784,154.8763,-263.1240
-89.6987,65.1851,6.2559,129.3203,-90.6703,145.6607,-238.6147,96.9167,-284.0946,6.8658,-182.7831,-5.3607,-129.0843,45.1167,-322.3630,77.3432,-176.5096,186.8471,-256.4723
-119.3344,34.4394,-9.3986,111.1160,-107.6823,137.2455,-219.4230,81.7716,-231.9638,-13.5968,-186.1107,-42.3245,-130.3988,39.4425,-265.2505,65.7796,-184.8356,206.0627,-269.0443
-107.9294,86.1541,-23.8169,119.9320,-76.8598,129.1929,-217.8088,24.0773,-264.0528,-32.6016,-117.9808,10.8225,-91.1303,47.8712,-218.9791,-16.4795,-156.6871,208.5608,-275.5433
-87.7830,150.0694,-40.3526,140.6809,-62.2403,145.3638,-207.2605,-22.3986,-303.4765,-49.4750,-78.1355,86.3769,-72.3804,54.9258,-200.0404,-74.1231,-126.7034,175.8594,-250.4253
-87.7830,158.1473,-76.2035,136.5324,-96.4520,134.8018,-154.4245,-27.8225,-268.9889,-66.0175,-90.5798,77.7996,-109.1621,38.2001,-206.9366,-56.5303,-135.7194,126.6888,-189.8903
-93.2893,119.7220,-104.9783,108.4594,-123.9512,77.4546,-113.0861,-5.5189,-235.3701,-29.4591,-83.0798,-5.1340,-135.1324,20.2875,-230.4631,-29.6091,-163.0640,95.8069,-113.2182
-107.0987,54.5845,-121.5376,54.9061,-137.5130,20.6503,-112.6138,34.8530,-234.5911,85.0726,-74.4114,-65.0821,-117.1689,20.7521,-225.3076,-30.8363,-199.7823,65.0418,-56.1248
-155.4321,-10.3167,-164.3960,-2.5973,-168.5537,-9.6084,-105.4310,63.8889,-200.5609,148.9550,-115.1436,-64.8949,-111.7936,27.5841,-171.6391,-35.2700,-231.8957,19.4688,-52.6321
-207.9318,-34.7837,-222.3362,-10.2463,-186.9063,-11.7413,-101.2442,53.8757,-174.0451,45.0042,-144.7732,-47.2305,-122.0132,45.0537,-139.3908,-31.1246,-201.0750,9.6462,-94.1728
-199.6121,-16.4127,-229.7899,25.4157,-151.7655,26.9833,-142.7192,36.3887,-228.8720,-96.3906,-122.9315,-42.2044,-100.1837,70.7288,-174.5699,-21.8859,-130.4583,55.1492,-130.1116
-148.3449,18.7965,-177.8466,48.2178,-86.0263,80.0930,-179.3715,38.3754,-275.1528,-98.8764,-115.5615,-41.7126,-76.8287,67.8315,-217.4778,-23.5625,-112.3230,83.3270,-127.5786
-131.2561,45.3197,-130.4617,52.2386,-45.6169,90.0816,-165.9052,28.6628,-222.2074,-28.4882,-137.7852,-34.3086,-88.7108,46.8948,-235.0021,-50.0706,-112.8972,42.8164,-99.5873
-158.6300,27.8861,-123.5590,50.8369,-56.6946,54.9327,-145.4383,-9.8310,-135.0153,-16.5168,-130.7916,-9.5393,-88.1840,62.7843,-264.5200,-54.9641,-61.6116,-23.7516,-81.1661
-185.1659,-29.8608,-128.2241,18.9425,-83.4373,9.5814,-133.2804,-59.0639,-68.7535,-40.9352,-101.6950,36.7189,-65.2891,90.7856,-283.7098,-4.6606,-50.9295,-63.8018,-100.5646
-188.4640,-62.0340,-120.2083,-40.3561,-88.4948,-38.3458,-122.2597,-111.2963,-16.9989,-68.6585,-92.0324,79.0886,-80.1777,60.4098,-248.6677,18.2992,-142.5607,-81.1737,-142.8919
-154.3631,-54.5950,-114.5949,-77.2343,-105.7529,-86.9232,-154.8773,-149.9612,-27.1058,-127.8523,-76.3866,83.7716,-117.0576,-7.3161,-216.9079,-41.3362,-197.3998,-99.2922,-159.3626
-78.8770,-77.6397,-112.6851,-91.0883,-154.6759,-131.2371,-210.7717,-150.0925,-110.9455,-169.0638,-24.6880,48.0112,-107.9515,-49.7127,-235.7475,-88.2801,-147.0024,-128.3106,-146.5738
-3.7780,-144.3021,-90.3140,-131.2454,-170.8449,-182.6492,-205.8534,-129.4843,-165.1431,-114.1728,30.1323,0.4660,-76.7759,-74.0293,-239.7876,-63.6746,-108.5673,-173.8416,-139.1704
43.2175,-177.9183,-58.5902,-190.3923,-136.4603,-227.7350,-163.6062,-126.0155,-143.1400,-24.9150,45.5338,-12.6679,-86.9955,-102.6011,-193.1409,-53.1487,-108.4520,-228.1414,-126.0567
78.9817,-148.6940,-51.2378,-210.8282,-121.5441,-235.0211,-144.6970,-151.2761,-113.7617,-29.3203,16.2435,32.5636,-121.1372,-113.1258,-154.2923,-91.8287,-59.0309,-264.8830,-94.2890
88.8571,-120.7398,-57.6224,-197.9248,-134.1684,-234.2915,-110.4732,-193.2964,-110.6117,-115.5499,-28.5892,79.7128,-125.5859,-100.7432,-149.0392,-95.7057,6.4730,-278.5168,-83.4435
51.7364,-150.6643,-53.0838,-214.3272,-120.9950,-271.0289,-59.1018,-212.2650,-112.2064,-149.6259,-43.0002,54.0236,-95.2746,-97.1974,-143.1194,-48.7510,4.7171,-290.7589,-88.6599
17.8035,-208.9483,-48.4889,-254.8130,-87.1942,-300.8272,-63.4945,-181.5755,-110.4886,-116.8199,-9.7531,-4.4506,-58.9512,-106.9745,-117.3478,-46.0606,-13.9283,-294.4326,-62.0628
21.7730,-222.9635,-42.3783,-247.1703,-58.8437,-263.0556,-99.8057,-151.8299,-94.0885,-156.7037,36.1136,-6.4262,-33.9438,-102.9534,-75.5546,-116.3704,19.2914,-262.3392,-37.3463
23.5757,-181.8281,-11.5260,-188.7215,-31.8809,-196.8174,-100.8009,-156.8214,-70.0442,-256.4688,50.0320,17.7930,-21.4007,-80.0261,-36.8673,-155.7858,64.0516,-217.1913,-42.3305
22.4604,-149.4642,17.9178,-152.0058,-18.7260,-165.9278,-80.9339,-123.6455,-76.8103,-212.6481,21.9953,-12.6835,-23.6719,-61.3998,-22.4375,-86.6732,73.6528,-195.1320,11.0603
54.9514,-160.5732,4.7745,-153.5370,-19.6494,-155.1271,-36.7193,-26.1872,-87.0970,-36.2839,-18.8642,-68.8493,-38.6156,-62.3645,-13.1554,11.5497,66.1381,-171.1500,136.9209
79.6249,-178.5249,-14.5964,-149.0039,3.6448,-128.5635,44.4668,35.3365,-36.5368,39.3729,-27.8231,-81.7871,-44.9617,-76.5416,8.7979,22.1183,69.6778,-124.3863,209.2837
57.8269,-168.9172,13.7990,-134.5437,50.6218,-103.8462,84.7285,27.8246,36.9165,10.4878,5.7095,-61.6176,-29.9310,-91.1589,11.0499,-24.1904,93.2416,-91.9091,219.7269
50.6859,-137.9762,65.1750,-130.5409,91.7305,-101.0962,78.5112,30.6732,73.9756,40.6214,42.7467,-43.1428,-2.9034,-96.7000,-1.7931,-24.5487,128.2118,-73.7169,279.7451
90.1032,-103.8636,96.3511,-115.0121,138.1179,-88.3140,141.4481,54.6898,121.9886,89.4495,61.3275,-33.3722,49.8514,-86.0989,30.2214,15.0222,159.7959,-21.5299,363.6092
125.1839,-80.3363,125.1425,-71.4905,193.6160,-40.2955,239.6702,50.4039,200.3576,95.6819,95.9527,-38.6664,143.6173,-64.4138,93.4320,35.6323,196.4326,39.7905,368.9675
153.9396,-62.0633,181.7066,-33.5895,235.2538,4.0035,232.6527,28.9866,226.3586,150.2625,171.1136,-46.3800,223.2931,-49.0103,126.8061,37.8218,256.2636,49.1666,313.4132
218.2151,-14.7690,251.5035,-10.9609,282.0857,16.8284,179.3190,-0.0383,199.1283,176.4315,250.3353,-21.8598,239.1336,-42.3778,159.1452,8.9295,333.2470,48.2087,256.7258
295.7406,76.5022,308.5147,40.7189,354.8608,46.6661,208.9895,-61.0718,223.6273,12.0658,289.6494,25.2579,247.8319,-30.4015,239.9367,-80.1322,405.3669,107.1100,221.6362
341.6048,156.4474,350.0269,114.7041,413.5160,112.4240,263.5098,-109.4811,314.3908,-160.3990,299.0369,46.6969,305.9196,-16.2473,331.7467,-150.6506,438.2876,178.8492,244.7826
354.3731,148.8179,374.3251,124.7110,429.5486,134.7160,269.8364,-82.6206,388.4695,-104.6359,318.3159,31.9498,369.6758,-16.8577,395.7560,-108.4262,404.3210,185.7612,313.6152
346.1286,72.4950,369.0298,57.0496,421.0035,86.5366,284.2529,-27.5337,404.3051,7.2642,353.6091,17.5368,394.6454,-27.8283,434.7582,-29.3235,352.7765,160.5390,343.4054
341.6962,48.4179,341.7610,25.2208,398.3989,67.6219,321.0117,-18.4318,367.2615,-40.9460,370.1699,36.4812,392.3692,-27.5054,426.3842,-38.7610,368.2349,171.3450,320.5886
370.0127,123.7949,325.5848,78.7064,365.4354,118.4005,321.6437,-42.5701,303.5218,-135.4209,345.1894,76.3136,365.2371,-5.7152,368.5800,-106.9676,419.4560,194.8857,300.9179
397.2903,179.0055,332.9094,115.4832,326.3679,143.7341,287.3555,-60.2442,283.0237,-140.0094,294.4606,87.1483,317.8649,23.9321,324.5041,-131.3030,401.9766,170.5408,292.9174
364.0099,126.3557,336.5360,78.2682,274.4748,99.7736,260.2254,-61.5004,346.5293,-92.0142,245.2269,53.7165,284.8361,27.8630,320.6648,-93.1334,318.4789,110.2093,291.1090
285.6522,53.0209,310.8586,35.8740,232.5945,51.8687,264.8930,-43.3170,420.1549,-19.7431,217.6960,16.6172,272.9888,-9.3621,321.0870,-33.5491,244.2965,61.4724,297.3905
219.2715,31.7180,260.3760,9.7148,233.1357,22.0947,306.8746,-16.1192,399.7985,64.4839,224.8091,-7.4989,267.7535,-47.7603,314.7693,15.5692,188.9953,24.1453,269.6402
179.8834,6.0509,208.2536,-44.6984,238.8354,-20.2198,337.2886,-0.9037,285.0178,91.0485,247.3253,-40.1432,280.3864,-45.5392,302.7735,32.8501,131.8612,-11.2111,201.2013
146.5956,-36.7974,172.9172,-87.9994,203.5461,-50.1011,297.2047,5.9866,177.2106,29.4384,231.2456,-77.0363,293.5111,-31.6209,266.2762,1.0782,80.7292,-19.5038,159.7647
97.7270,-38.7032,142.7150,-63.6148,154.8067,-38.8987,220.7516,11.9500,155.9175,-79.5268,159.1089,-107.9346,253.3615,-55.2325,224.7914,-74.8609,34.2734,-9.2960,150.6171
37.1139,-26.0268,92.5452,-31.3379,111.2164,-30.2357,171.3423,0.9020,174.0505,-175.1737,89.9892,-142.2421,170.6652,-101.8631,214.4141,-145.6046,0.2223,-30.2673,119.0024
-0.9725,-45.1722,36.5565,-49.1451,47.1633,-48.1277,144.3089,-30.5282,144.2119,-192.5402,75.6422,-158.4673,101.9480,-126.9509,211.6025,-155.2690,10.6922,-76.0629,79.9567
-10.9183,-47.9468,8.3774,-72.3796,-18.7036,-55.5434,129.1559,-61.7996,124.6456,-127.2089,76.6292,-138.4046,44.1603,-128.9373,188.9247,-125.5742,35.7748,-107.4225,65.4582
-28.6852,-20.2205,-3.9476,-73.7523,-46.9443,-59.7282,139.4393,-81.4656,240.0074,-45.2292,27.2385,-125.9615,-28.0720,-135.6542,173.2788,-115.2400,8.4647,-140.8228,50.4259
-47.6665,-28.7440,-29.0269,-85.5887,-53.8459,-102.7464,148.8022,-88.1812,416.8314,21.7117,-52.0549,-134.9365,-87.1104,-148.5542,181.4992,-99.7714,-37.0705,-183.6207,27.8031
-33.8695,-63.0110,-58.0592,-103.2020,-67.1134,-145.9304,118.4954,-86.3516,458.6013,62.0330,-91.6701,-115.5688,-108.3772,-138.7987,194.8801,-38.2611,-18.7659,-189.4236,8.5385
-17.4864,-50.6723,-83.2844,-93.8564,-86.4927,-126.3272,59.5893,-93.3000,366.5640,40.1856,-88.7776,-77.0110,-116.9077,-96.5152,195.6611,5.2040,39.3989,-167.6825,-26.5296
-31.6964,-6.9299,-110.0514,-64.6906,-104.0412,-81.5646,2.3624,-110.0004,290.1806,-4.3797,-84.5897,-67.8768,-127.3484,-56.7714,155.7492,-16.3978,59.2168,-170.0389,-68.3316
-33.4662,4.9695,-107.1716,-44.3476,-98.6404,-71.1957,-42.6827,-111.7808,229.0541,-2.2317,-71.8075,-63.8916,-118.0165,-55.1444,59.6881,-28.4276,36.1269,-163.1605,-86.0511
0.6818,-18.7239,-52.7383,-44.1098,-62.9890,-64.7951,-77.1632,-95.5178,96.4414,-6.2937,-40.5780,-40.2143,-90.0746,-82.2791,-35.6966,0.2204,13.8124,-105.7528,-92.8444
21.0348,-37.5974,0.6767,-44.7945,-38.6432,-27.9404,-98.3026,-79.8832,-38.0269,-54.8319,-48.3137,-30.2543,-85.6119,-104.0566,-72.6344,-6.2126,9.6912,-62.3550,-91.1140
5.0327,-16.1524,1.8298,-13.4626,-51.8263,2.9972,-95.4208,-66.7152,-71.2333,-52.2344,-122.1941,-25.5754,-116.7790,-94.3293,-95.7278,-53.6399,9.9802,-78.1645,-66.8310
-15.1823,36.3668,-29.8501,36.6305,-77.5011,10.0330,-83.7046,-62.8120,-92.3318,-5.7965,-185.6660,5.9294,-137.0526,-49.1727,-173.1376,-70.4810,-5.8489,-93.1767,-76.2734
-26.2223,63.3640,-57.1715,57.3628,-101.4036,25.0148,-110.0968,-87.4834,-222.3854,-72.8203,-186.1543,34.1013,-127.9240,-1.6740,-275.7929,-60.6128,-37.1354,-66.7277,-158.9726
-44.8147,51.1190,-66.5436,58.0164,-126.0651,48.5799,-177.6984,-120.5612,-384.9738,-257.4323,-178.0620,47.5149,-136.7244,11.2860,-332.6869,-68.7540,-63.3207,-25.9825,-240.0680
-84.5717,49.4514,-66.4408,78.5624,-149.1870,55.7245,-244.7693,-128.9997,-463.8033,-403.3509,-212.3792,74.3107,-178.7450,3.2560,-353.3132,-87.6109,-84.7840,1.4224,-273.7667
-137.4829,58.7171,-92.1264,94.0761,-191.4654,51.6066,-312.6768,-131.6808,-510.5992,-446.9233,-272.3284,75.7798,-210.7171,-2.2670,-407.8271,-98.9106,-120.1320,-8.3469,-305.7344
-178.6904,29.5748,-156.8773,64.5985,-257.9842,39.0631,-391.0382,-141.7390,-593.1402,-400.9208,-340.5496,26.0762,-232.6433,-23.0716,-494.7320,-82.2775,-173.8540,-58.1447,-339.9004
-220.2422,-24.6532,-214.9498,12.6207,-301.1351,0.2361,-440.9133,-123.7541,-641.6149,-277.3546,-416.1282,10.9273,-281.6359,-57.0879,-528.7616,-19.0626,-248.7257,-93.7932,-355.4935
-300.9455,-52.2256,-244.9545,-25.8121,-310.7677,-53.0837,-462.7174,-87.0344,-622.0126,-179.1265,-481.6878,59.8967,-331.6655,-59.9814,-505.8412,19.4543,-335.7906,-85.2293,-387.3343
-377.4875,-52.3508,-285.6602,-44.7098,-332.3503,-89.1716,-493.5099,-87.3029,-627.7946,-197.5257,-530.5714,79.4221,-335.7583,-30.2544,-537.2183,-39.4593,-389.0226,-78.1080,-437.4369
-373.2826,-54.0498,-341.2972,-55.5384,-367.7461,-104.4590,-498.4656,-106.7458,-672.8548,-221.2246,-580.1209,51.9738,-319.1584,-0.9873,-632.7217,-86.3699,-395.4167,-95.0170,-459.0186
-347.5114,-71.9460,-375.7286,-82.2057,-392.5697,-107.4849,-457.1801,-96.1136,-661.6926,-140.4556,-626.0978,55.7687,-321.4752,40.1670,-652.6633,-4.3351,-415.6955,-99.6885,-460.6090
-403.3269,-101.4142,-392.3699,-121.6871,-410.0533,-102.8467,-446.5860,-91.8959,-612.9405,-92.5973,-644.6399,98.5617,-319.6217,101.3231,-570.1600,83.8011,-473.3075,-74.3793,-465.7883
-478.7849,-119.6783,-402.1244,-132.3024,-400.8131,-104.5999,-474.6526,-129.0583,-617.1005,-198.1183,-635.7853,136.9281,-276.9088,119.0423,-524.5569,44.7087,-509.9642,-34.4697,-450.5616
-455.3950,-121.9155,-377.8438,-119.2247,-350.1444,-113.8434,-454.9886,-149.2211,-623.4062,-285.3779,-615.5466,163.5523,-206.1807,41.0229,-550.7894,-14.7546,-499.1457,-0.1772,-412.7483
-362.0939,-131.0165,-318.8807,-128.4532,-308.3086,-112.7657,-398.7192,-119.3004,-553.3842,-193.6303,-588.1306,182.9815,-146.8255,-76.5600,-535.0991,7.8220,-474.5576,14.6665,-368.0381
-293.1818,-139.0635,-269.7186,-142.5164,-288.2861,-105.1143,-361.6932,-91.2132,-476.1868,-84.6478,-551.4363,214.5921,-104.9139,-98.5110,-445.7758,19.7835,-451.6225,31.4031,-300.2494
-272.9268,-128.9891,-250.0329,-131.5474,-238.1530,-105.4232,-308.0976,-91.2640,-452.0352,-142.7740,-510.2182,273.4507,-53.3078,52.1507,-357.1134,-31.6533,-425.7614,73.5398,-228.3949
-286.0174,-141.5656,-243.6345,-136.8037,-181.0893,-105.7730,-245.9233,-98.8773,-418.3558,-246.3145,-478.5524,293.8300,2.3396,267.4741,-296.7448,-54.6992,-396.2125,99.4534,-197.0157
-301.6873,-201.8850,-233.6691,-170.4580,-173.7435,-107.6775,-244.2781,-110.5184,-340.8162,-223.4066,-462.8564,225.2337,29.8592,354.9486,-245.8454,-16.2927,-355.8869,74.4042,-172.3772
-280.2050,-256.7009,-212.8686,-186.6203,-170.2001,-129.7702,-231.4035,-117.9851,-252.6042,-138.7114,-436.2518,152.3250,50.9819,294.6552,-202.0045,23.6920,-320.2869,43.6440,-108.2049
-234.4393,-273.3126,-194.0752,-200.6612,-126.1032,-157.6265,-108.0518,-100.8022,-161.0517,-101.3692,-370.8392,143.2040,97.9215,228.7821,-158.2831,49.1274,-311.9081,32.4904,-39.3741
-202.3185,-267.4942,-188.1387,-235.9001,-90.4447,-159.7022,14.4274,-77.6121,-83.3111,-95.6976,-297.2852,153.2297,123.4759,218.6109,-102.7297,64.2128,-283.6353,8.3186,2.0239
-160.4378,-220.0207,-164.1843,-219.7142,-76.6367,-137.8590,8.5258,-78.4954,-52.7553,-116.8674,-258.0724,186.5914,98.0328,230.0394,-35.8944,37.5171,-183.0630,-18.8558,24.0531
-77.7946,-124.8918,-100.9665,-125.8336,-39.0563,-103.8408,-40.4311,-98.3958,-29.8086,-167.8382,-222.4658,274.5559,88.2470,253.7738,46.0398,-17.5550,-68.0020,-16.9103,15.4856
5.0044,-56.0893,-38.6750,-55.3439,11.0869,-58.7456,-26.1855,-124.5853,32.4012,-146.3251,-145.0332,308.1503,115.3364,248.9578,126.6328,-34.0348,-8.7064,-4.5773,-9.3248
47.0016,-53.6487,-4.1970,-55.1265,37.1643,-23.1968,16.9613,-137.8258,102.0933,-11.1701,-53.8239,207.2397,114.9092,155.6817,164.7113,-7.3320,31.1401,4.1325,7.6779
72.1668,-63.0952,30.6095,-67.5109,47.8204,-24.8123,46.5502,-112.2847,165.4265,91.2896,15.1712,105.4088,89.9117,41.2615,178.1971,-0.6958,91.8715,3.8560,57.8867
116.0176,-51.6115,68.1297,-74.9609,48.5715,-56.8338,72.7287,-79.9486,236.4680,74.8903,80.2935,103.4526,94.0649,-1.9705,222.0401,-32.5821,150.6694,-48.7255,80.4990
190.0444,-37.7342,78.8977,-93.2295,35.0726,-88.3077,84.8167,-101.0050,254.5798,43.4547,139.7927,108.0513,105.4436,-28.6337,256.6422,-65.1615,223.0390,-134.5106,77.7319
297.8930,-7.9221,84.4919,-92.7066,30.1658,-95.1728,59.4825,-159.0771,177.9059,40.5287,155.1279,76.7872,86.7184,-91.6665,197.4012,-101.4943,352.8293,-158.3350,72.8019
422.7152,63.3149,123.5498,-59.1266,40.8812,-74.5849,-1.6038,-209.6060,81.6859,-46.6522,140.9928,93.5025,52.8934,-131.4246,68.1746,-191.9152,497.2022,-131.9531,43.1096
518.4482,150.5925,166.2644,-21.2665,41.8809,-46.2037,-81.9534,-264.3700,8.8793,-241.6640,139.1197,151.9986,3.6377,-143.7348,-52.7873,-329.8712,578.9428,-143.1663,-12.3457
556.6074,217.2299,165.8456,11.5406,27.4244,-31.9574,-161.6280,-330.6552,-87.2803,-403.7079,121.8917,169.2380,-70.3807,-188.5876,-158.2413,-445.6286,611.4517,-173.9438,-61.1712
566.4883,252.9404,135.9907,30.9137,4.4883,-45.3829,-238.7975,-396.6151,-203.0303,-471.3809,56.8938,148.0365,-143.1441,-241.3135,-267.6542,-526.7771,651.3967,-200.9993,-116.1108
587.9680,239.5059,105.8349,-0.2270,-40.5283,-99.4349,-332.6694,-491.5279,-304.4690,-542.3823,1.3667,106.2418,-209.8054,-282.5018,-370.9592,-627.8044,680.8047,-293.6660,-213.7513
591.9958,155.4780,66.7533,-88.5796,-115.8899,-183.1003,-436.2491,-615.1203,-417.5027,-648.1591,8.4671,-1.0956,-285.3303,-384.7320,-462.1090,-747.5500,627.1968,-420.3709,-338.0652
511.9032,23.7035,10.5501,-198.8871,-203.1941,-261.7489,-520.4897,-700.6403,-532.5889,-706.3492,25.8296,-163.1912,-346.5098,-542.9870,-525.2134,-828.9086,472.9639,-458.3614,-439.8994
351.8192,-110.7702,-45.6132,-305.0211,-277.3595,-338.0663,-583.9299,-745.4149,-581.3651,-738.1430,-18.8786,-298.6813,-384.5461,-644.2538,-526.4609,-864.1714,280.0267,-452.6659,-494.0514
176.7536,-236.0716,-102.3826,-391.2398,-325.6331,-433.6628,-624.3035,-793.0273,-572.5001,-814.8383,-115.7904,-394.2650,-426.8397,-662.0826,-489.6820,-869.2189,102.5303,-521.7867,-501.3515
7.3138,-354.9972,-180.7507,-454.9642,-353.4074,-514.9937,-613.7525,-789.9267,-565.8523,-820.0723,-210.9005,-500.6330,-460.0018,-665.9632,-477.7023,-810.9729,-65.8470,-610.1530,-471.4826
-172.4192,-451.7865,-268.0967,-523.6437,-372.6444,-552.1967,-563.4026,-689.3479,-552.1969,-653.1543,-271.0492,-617.6042,-456.7537,-678.4520,-477.2806,-680.6269,-231.4145,-631.7990,-426.6787
-337.5745,-523.6249,-327.9283,-596.9761,-387.9030,-582.2648,-525.1285,-588.4528,-505.5298,-504.2342,-283.6639,-695.5883,-433.3719,-672.3815,-431.4336,-552.8347,-360.0229,-632.1664,-400.6503
-451.3485,-584.3804,-356.4596,-619.9190,-403.6064,-608.6802,-510.3991,-561.8846,-448.9628,-522.9329,-249.6427,-709.7244,-397.7637,-633.6384,-358.1096,-480.4357,-433.2103,-633.5157,-402.0684
-518.5206,-615.1514,-368.7379,-578.2611,-418.7017,-577.6612,-496.2103,-538.5050,-394.1404,-543.1460,-199.5459,-678.8155,-359.4591,-571.2980,-309.7932,-420.5231,-476.4092,-592.1485,-392.5826
-559.6329,-597.3905,-363.9856,-529.6964,-420.4284,-506.5209,-476.8807,-453.0928,-326.1109,-454.0765,-186.8430,-639.5047,-368.1903,-515.2621,-272.5983,-322.7204,-517.9141,-528.6658,-342.3325
-595.2572,-574.8002,-357.2221,-503.4526,-413.9265,-458.8918,-439.4301,-329.6470,-249.1784,-375.7133,-228.9240,-615.2708,-405.9036,-478.3216,-206.8137,-214.2328,-567.3210,-475.7270,-274.0434
-647.3914,-577.8450,-379.2874,-471.6306,-410.9766,-420.9802,-358.7054,-210.7163,-182.0338,-335.7538,-262.4764,-608.1982,-378.4392,-427.5961,-128.9888,-151.1211,-617.1188,-405.2942,-210.5499
-702.2980,-555.9655,-409.3057,-416.7117,-384.0044,-357.6886,-257.6243,-132.5228,-142.3449,-266.4216,-219.0498,-611.7155,-296.7199,-349.1665,-85.9184,-126.7989,-645.4581,-315.9729,-137.9129
-719.8830,-480.9444,-392.8904,-343.7792,-312.2615,-284.6280,-185.7993,-90.5170,-137.0683,-206.2122,-140.4945,-608.6141,-253.7343,-280.8060,-84.9183,-83.8336,-643.7534,-226.3886,-51.0044
-698.4404,-408.3319,-331.2108,-263.5553,-234.5193,-207.1265,-137.6457,-15.0624,-148.2003,-145.8401,-122.0790,-585.1572,-241.5417,-245.4248,-96.9099,-12.2984,-626.3267,-114.2655,23.8286
-664.8164,-376.0526,-271.0626,-204.6817,-182.4408,-130.2231,-83.7427,107.8637,-160.7951,-11.7103,-154.6130,-567.5671,-207.6274,-228.0306,-116.5900,44.2238,-600.1971,-1.4003,61.6175
-631.1815,-361.9919,-240.1269,-184.4499,-149.8181,-95.7640,-45.0780,197.0851,-161.7446,110.0946,-156.2920,-583.4578,-179.6505,-207.0463,-160.5719,92.3219,-573.8030,46.3822,63.9615
-621.3481,-345.2653,-243.5470,-171.8094,-151.7912,-90.7839,-45.7202,234.7112,-97.6902,162.9304,-131.4678,-595.7473,-186.0844,-161.8080,-195.0127,175.5338,-575.2672,56.5763,55.5724
-656.1740,-308.7126,-267.4422,-130.5849,-190.9628,-45.9554,-60.8436,272.8301,36.0090,278.7116,-137.4217,-557.0722,-201.5745,-99.3079,-160.7358,250.6828,-596.2714,103.0665,43.5917
-676.6865,-226.1256,-272.1692,-56.9427,-205.0640,34.2229,-83.3354,286.9053,104.8444,407.7483,-145.4538,-480.5774,-213.8274,-61.4515,-93.1923,239.2548,-576.7415,173.1198,-3.6583
-608.3154,-106.4958,-240.9489,42.1329,-167.7094,100.8473,-135.9998,247.1256,29.4196,349.1102,-105.0460,-391.8238,-228.9333,-49.0106,-84.6233,190.2553,-503.2605,221.5495,-77.7872
-507.6628,3.0433,-215.7684,136.6776,-149.7900,152.7615,-177.9386,238.2323,-42.1129,256.9616,-68.3221,-304.4242,-249.9162,-13.0156,-120.8055,216.3407,-443.8211,236.7339,-104.0586
-495.6679,65.1260,-239.4353,170.9366,-200.2736,177.3968,-148.7099,309.5120,20.4694,397.6471,-91.9506,-254.7121,-281.5977,46.7449,-120.1011,307.3012,-452.1920,215.0110,-80.9168
-561.6989,79.7730,-296.7173,151.8312,-268.0000,158.6343,-98.0242,377.8806,91.1035,594.6765,-122.9481,-241.4314,-297.4787,89.8485,-98.7716,369.2701,-507.0178,197.3129,-96.7952
-593.7924,91.3625,-338.0313,163.6260,-282.5110,168.1742,-97.7189,407.0224,18.1828,592.7265,-117.1230,-193.8680,-268.3128,129.5731,-115.7269,386.8759,-552.7776,252.8531,-144.5030
-568.1739,141.8636,-340.3599,233.3493,-250.1930,254.1969,-104.5943,460.8547,-108.7986,513.7104,-128.2594,-102.0834,-239.3504,196.3386,-131.3334,412.5689,-557.9064,349.5067,-134.3906
-545.7374,202.0616,-333.0037,294.1270,-241.0342,330.4451,-74.1309,530.7298,-127.0516,489.4249,-170.0081,-43.7106,-253.7551,255.6647,-88.3010,457.0904,-534.0966,392.1096,-91.1117
-535.1457,225.1280,-346.6531,309.5358,-278.4461,335.3872,-54.0298,545.4154,-61.5808,450.7686,-163.2701,-30.3427,-266.1269,267.9946,-28.8583,485.2921,-508.9143,380.6342,-97.0578
-508.2467,237.4865,-358.1610,312.2003,-297.9472,324.8511,-54.0051,536.8411,-42.4859,443.6153,-99.0868,-0.9096,-249.0873,265.1964,-11.8105,483.8969,-490.2559,376.0827,-122.9423
-472.0666,276.2005,-341.8452,327.7433,-268.2623,334.7754,-33.0267,579.3744,-84.9706,552.7486,-64.5921,45.2462,-244.2854,290.3651,-26.7600,478.9175,-475.7925,394.0795,-126.0291
-422.5363,316.7853,-325.9036,357.6297,-247.6856,349.2734,-33.7388,629.6568,-112.3277,629.3240,-71.7303,67.7291,-255.4122,332.4496,-55.3111,486.9133,-463.5683,424.3454,-157.3960
-342.4759,341.4583,-324.8212,399.0514,-258.1902,375.8209,-105.1510,608.5777,-121.8223,553.7479,-51.0602,72.3470,-253.3940,372.9611,-109.9938,483.5968,-433.5286,447.6799,-230.0638
-281.1647,365.8563,-299.4212,431.1523,-255.5415,405.4080,-181.3680,545.6143,-172.4738,469.4832,-9.5792,81.9459,-253.8334,415.3220,-181.5250,456.6442,-377.0324,434.8964,-278.0807
-284.0107,376.4333,-248.8758,431.6671,-245.0663,399.8735,-213.6450,505.9425,-245.7697,496.0764,-16.5096,102.2946,-267.3310,442.1732,-221.4239,447.7123,-333.5406,396.6592,-289.6277
-293.7166,355.9363,-233.1026,410.5903,-260.5577,370.2637,-236.5069,491.8517,-259.3932,563.1050,-66.4762,132.9926,-268.7404,454.5356,-196.1519,475.3557,-330.2553,362.0656,-293.3274
-281.2874,337.3221,-263.8579,392.5294,-272.9966,350.3713,-228.0710,497.2463,-200.2454,606.0052,-97.1437,157.5162,-254.8344,531.6312,-130.9933,485.5585,-336.7881,325.8398,-267.4236
-314.0164,350.0164,-285.1951,391.2667,-251.3087,337.9867,-152.2459,528.2360,-135.3677,633.6250,-88.6625,166.4480,-231.8867,689.0006,-80.7445,456.8604,-328.1045,297.9584,-211.2528
-361.8357,373.9751,-266.1440,401.6363,-220.7412,336.0519,-102.6189,544.4689,-112.9887,643.4630,-57.5260,182.2703,-196.4249,772.1072,-62.0079,444.8372,-308.8331,299.1601,-192.7382
-299.9830,385.1976,-223.6357,397.3224,-200.2798,351.3127,-156.0635,507.8660,-118.1499,641.4697,-13.6687,203.2281,-176.5196,698.8870,-51.4494,456.4250,-267.4069,290.3122,-227.5922
-169.5885,387.6654,-177.4795,371.8827,-179.6519,353.2432,-209.7972,460.2234,-104.5388,653.5583,29.3680,195.9276,-186.9568,613.1768,-39.2159,432.9993,-200.4658,255.5551,-241.1966
-118.8065,384.6546,-137.2679,358.1490,-154.1165,329.3629,-161.9740,451.0717,-48.7419,664.1996,47.9881,166.9492,-179.2938,596.1379,-23.1673,390.5486,-143.0448,257.7498,-197.1902
-123.8203,357.5675,-106.3057,357.7821,-124.6066,311.3736,-75.7160,458.9713,23.9950,632.3820,39.4440,141.5455,-136.5837,542.3194,20.8284,393.3018,-101.1026,290.2310,-143.5341
-84.3316,304.7734,-72.2227,335.4997,-93.3152,305.6123,-35.6624,440.6158,79.2767,550.2031,43.0107,116.7676,-104.4864,455.2476,101.5499,405.5791,-39.5834,276.6775,-119.1327
-37.9790,278.9664,-16.5611,311.1392,-58.5347,296.7137,-22.6712,384.8905,118.4584,446.2407,102.7986,109.4785,-83.0139,456.1793,194.4628,362.8719,35.5559,243.9725,-108.4507
-12.2529,314.0734,46.7200,324.9805,-6.9670,293.1343,4.9476,321.8662,164.0622,382.2372,199.1271,138.6570,-37.0808,489.1905,286.3980,318.6243,92.6347,254.9484,-86.5669
78.7391,349.0652,75.5159,339.9216,53.0769,294.9792,48.4642,307.7371,228.2760,408.2071,262.6009,159.0205,15.2465,434.2098,366.7500,340.2846,145.4808,271.9547,-45.1159
217.4821,328.8209,79.5052,321.9061,104.3549,291.1941,111.8482,339.8636,302.9163,455.1623,278.4659,145.6312,60.6361,362.9169,403.0552,370.9578,212.4276,271.4770,24.3661
273.9922,295.7389,132.8972,315.6296,182.5804,296.4057,213.7191,335.0293,368.9519,396.2640,302.4423,146.2753,142.0215,352.6223,403.6551,336.5915,269.7233,286.7401,125.1938
261.2820,280.0097,245.4068,332.0473,309.2358,310.7582,338.3668,281.4576,427.4965,273.6389,356.0958,157.0493,265.3949,336.8915,427.7767,267.0037,307.1670,285.3995,231.2945
292.0019,252.2556,332.0581,321.2866,413.9105,305.7548,433.6588,272.9852,493.0783,252.6483,401.8952,131.8945,373.1994,310.6964,484.5582,227.6867,348.0066,240.6789,307.8802
354.4322,237.4448,375.2108,293.2499,453.9521,290.6200,482.3342,314.6107,544.6921,321.6899,421.3474,121.9651,430.5328,332.2401,532.4219,236.8434,398.9099,213.2151,356.2039
393.3605,281.0919,434.5800,292.2034,477.6803,292.7862,527.0166,306.9487,567.2780,328.2870,430.4299,182.2657,441.6977,344.8240,575.1516,269.8926,454.5350,199.7183,401.0852
442.5911,328.8710,473.8777,299.6691,496.4413,294.4890,593.6534,254.0951,615.4749,287.6790,440.7898,231.9772,425.9024,303.1876,634.4025,286.1579,517.7131,143.5481,443.7140
496.4398,315.0716,431.1433,291.9005,490.2412,278.2552,646.7750,247.2610,706.7167,321.6429,460.5275,203.6579,430.5353,282.0821,676.1493,274.3108,566.9390,107.5671,472.2655
488.7357,266.4141,405.2441,282.7852,512.1639,259.9867,655.1730,277.0685,749.0390,390.9900,498.8557,160.8218,487.7570,282.6906,671.4377,266.2444,572.5145,142.2325,502.6972
471.3940,219.7527,491.7884,261.9495,587.0475,235.9433,640.6931,276.8812,714.0991,397.3156,551.0171,147.7862,552.4496,225.3937,654.8866,271.2116,558.2588,138.4007,551.6219
536.7786,176.8440,586.0039,216.2790,634.5715,191.0462,636.4002,261.9543,709.0240,372.0119,600.5049,130.3160,572.8123,155.2886,661.4160,265.5988,570.4796,54.9385,595.2658
606.7589,141.5373,591.4562,171.7893,627.6822,142.3514,647.5123,270.1445,773.9784,357.1325,630.2623,115.7237,581.2959,158.0875,687.2993,260.3115,603.4196,11.6682,613.5833
582.5681,104.5706,583.7925,132.4732,634.7646,107.1888,660.0576,273.9976,823.9564,324.2590,643.3721,139.3475,624.9529,180.9086,722.3610,270.5959,622.9091,38.4323,631.5540
557.0167,71.5882,612.6078,87.9242,671.5049,86.3631,663.4796,238.7860,819.4337,275.5458,678.4843,172.9485,677.1904,157.7034,747.7570,259.2473,629.1497,53.0918,667.3773
613.6519,96.4942,628.6946,82.2885,703.9779,89.6622,670.0680,181.2718,787.7240,227.7671,749.7978,184.7270,702.6467,132.9974,731.5175,214.6039,643.3701,61.3360,698.2635
645.3123,172.7471,643.6605,137.3708,740.8996,115.0295,700.4407,139.2584,736.4950,172.2207,794.3925,201.9415,722.1553,140.5704,679.1439,180.4351,667.6257,106.6220,710.2477
597.2689,207.3535,690.5406,181.9974,787.2332,139.2005,744.1798,127.7117,695.0786,141.6655,765.1917,227.9122,745.3494,136.1852,645.4489,151.3623,688.1234,150.7240,715.6129
605.0989,177.5525,710.3394,169.1286,804.7130,152.6056,769.7524,131.0515,712.8301,155.0650,711.6937,208.6790,737.3583,94.9590,664.2729,95.9661,696.2405,159.3821,715.2599
719.8436,144.9733,673.0756,142.8575,777.6122,151.6435,768.0015,126.1901,756.6360,144.6678,688.8632,147.5783,699.9472,56.7628,706.1569,66.0063,699.5470,149.4662,704.1989
793.2682,131.6890,647.7661,136.5482,735.1119,131.2549,748.2471,103.8685,752.9911,87.8622,685.2711,135.9468,680.0566,61.9027,721.5023,106.8932,711.2180,124.9874,687.9137
744.6790,126.9193,660.8033,129.2556,704.3908,112.7117,714.0615,72.3158,701.8592,46.9668,680.6871,201.0789,679.8594,89.9484,693.2088,150.8964,721.4770,88.7453,662.8803
674.0168,121.4650,666.2516,105.6539,684.0264,105.5287,673.8681,54.1146,643.2749,29.2107,671.1523,246.5435,665.4179,85.3328,639.6369,140.3140,704.2139,65.2402,625.6462
658.3920,93.5339,655.5945,76.1492,660.4073,77.2423,644.3539,52.0034,599.4526,5.4047,650.1245,219.7635,644.9098,43.2565,593.5472,106.9907,662.9504,62.1737,581.3216
657.6887,71.8918,648.8155,61.2768,639.5122,36.3361,629.5042,23.5257,594.6373,-11.6674,626.7491,195.9032,639.9329,20.2339,582.5382,62.8213,628.6357,69.2778,514.7199
636.4902,111.5401,631.0609,73.1576,630.4919,36.3803,621.4220,-42.9077,633.6359,-29.9488,602.8647,222.3089,629.1609,42.9398,604.8742,-7.5150,603.4311,74.9511,426.8149
607.7449,152.4648,583.6938,88.5863,606.7361,58.2390,613.4016,-79.2921,675.0106,-56.2024,546.8254,245.5041,593.0225,70.7398,625.1905,-54.5095,561.7532,63.9364,379.7293
563.0428,110.8685,520.1873,74.3751,552.1205,41.8203,600.8134,-52.6359,690.4229,-36.4821,467.7580,235.0987,551.0996,59.4417,613.9402,-28.9642,507.3809,43.6221,400.5545
488.0291,50.5643,471.3140,40.6687,500.9306,11.0235,587.4411,-15.3081,689.8192,29.3995,421.0746,213.4068,520.1367,12.6870,574.2463,24.4333,465.7450,38.3506,424.4654
422.7143,44.6252,455.6231,23.4741,467.0583,19.0073,582.9922,12.5504,667.3631,66.4840,399.3566,184.3328,495.8607,-27.1632,520.5223,39.5261,434.3455,44.3444,417.5768
401.9775,55.1781,449.5531,41.7470,432.3907,53.6137,576.1008,42.1353,601.3433,55.3757,364.7572,166.4051,478.0020,-24.5100,466.2401,10.0436,404.7549,54.7895,405.4094
386.3339,80.3643,415.7908,90.9226,411.2929,88.6115,537.8680,30.1373,506.0027,5.7020,346.1037,197.5551,465.4986,4.5846,425.9562,-25.9474,401.3786,77.7187,371.4271
354.6821,148.4161,364.2284,134.6599,398.8069,111.5532,474.6178,-19.0979,423.2499,-73.4123,350.5151,237.4627,440.3993,11.4407,393.1893,-22.0366,435.8004,80.9501,313.1612
369.6957,180.8654,324.3224,126.5723,340.4320,93.5235,431.1635,-9.6248,361.7458,-100.7848,312.5423,217.3447,384.1770,-14.9467,346.6026,17.0189,463.7097,30.1144,297.6387
440.3273,128.4092,296.8396,79.2571,255.7196,44.7426,412.2414,48.5866,282.5510,-56.7746,234.4676,175.5928,306.4124,-27.5805,290.7384,17.4171,445.3819,-26.4467,312.6199
462.6712,87.0282,289.2404,55.2957,226.4713,32.3396,368.4351,43.3157,170.8246,-60.3093,185.2512,182.1613,247.5699,13.9455,239.0492,-42.5568,403.6478,-33.6507,270.6306
394.8838,107.0552,312.9722,77.5516,236.8679,69.1779,291.1116,-7.1424,80.7969,-116.5225,154.7381,212.9336,232.1346,71.5524,181.8864,-82.2229,377.5485,-12.3883,201.8181
323.0695,124.2588,327.9056,112.3648,220.7375,94.7203,225.8712,-19.2685,43.4430,-132.6670,109.1575,221.3952,226.6936,61.6609,121.5815,-73.0975,367.3635,14.3893,178.4311
299.5537,116.3237,300.9796,123.4510,195.6338,85.5277,173.2016,-35.6997,-3.3409,-173.7192,84.3382,207.5876,190.0935,-19.3047,72.3172,-80.6822,347.6306,52.2756,148.1232
277.3288,103.8939,274.0718,102.3812,192.3250,74.9846,103.5753,-83.7157,-89.6111,-247.5069,71.2310,170.2481,140.6593,-77.1384,10.7835,-101.9549,294.5294,85.3721,82.2808
214.7356,83.6130,272.1820,79.0738,190.9124,82.9652,54.6797,-76.3083,-136.1519,-168.5613,1.3463,123.5600,111.7975,-64.2400,-76.1550,-74.4132,212.0988,113.0058,55.9473
141.3903,88.7776,257.3213,95.7955,188.2115,100.9028,53.1324,-26.6907,-131.7870,-18.7979,-92.1109,126.0677,84.9717,-34.3634,-145.1991,-41.4486,155.5230,162.2865,47.6780
133.7505,158.2953,227.0760,145.1298,184.5388,120.4819,14.1529,-49.0649,-204.9608,-94.0815,-122.1930,185.3798,30.0342,-32.0117,-192.5265,-81.4489,175.3632,206.5491,-24.7645
214.6788,233.8023,209.4842,181.2666,149.0695,144.7920,-106.7762,-106.2840,-375.1761,-260.7758,-121.3617,221.3563,-41.6571,-46.1808,-271.5283,-141.3151,225.3657,197.4697,-94.6759
270.0130,238.7701,176.0596,185.3984,82.8672,169.1887,-204.7966,-81.1130,-472.0800,-197.8883,-168.0042,184.7984,-108.4193,-62.9151,-359.8952,-141.8215,211.3922,157.3075,-82.9860
192.8248,182.8767,101.3529,154.0903,14.0547,156.7157,-214.6639,-14.9320,-434.0486,-60.3473,-238.8463,109.3317,-165.5282,-80.2409,-385.9367,-116.6225,124.5248,121.0755,-73.6657
60.3516,106.2435,27.9289,76.8016,-56.8745,80.9556,-210.2740,-4.9743,-402.4514,-94.7220,-270.8920,38.6973,-203.2289,-108.2570,-376.5896,-99.7615,21.7123,75.0227,-132.6873
-20.4196,36.5157,-25.8027,-14.3354,-118.4818,-10.7618,-232.0160,-26.1449,-421.2904,-130.2445,-263.2073,0.6457,-210.4631,-154.2696,-389.8521,-55.1980,-81.2662,12.7310,-200.7197
-87.5668,0.8756,-99.3771,-62.1046,-155.3958,-60.7731,-237.3327,-29.6633,-374.8434,-34.3782,-256.7305,16.1174,-204.9757,-175.1759,-382.5336,4.4732,-188.0748,-55.8364,-249.8455
-172.2379,-15.4234,-192.8883,-78.7556,-209.9331,-92.1085,-235.3008,-35.5118,-279.2892,18.5985,-277.6443,55.0424,-219.4332,-140.2661,-312.7243,22.6388,-264.6756,-126.3560,-302.5673
-217.3331,-57.2625,-263.7965,-114.9099,-300.3146,-139.3721,-275.5804,-56.0604,-277.1656,-24.2757,-302.8474,49.9412,-256.1096,-122.0250,-248.5056,11.1586,-293.2447,-158.8413,-335.5873
-231.1309,-106.8794,-304.8116,-154.7066,-357.9026,-169.6739,-350.1361,-82.0553,-345.3835,-47.9660,-288.8076,3.9825,-287.2770,-168.6201,-254.8371,-13.2879,-303.9073,-121.6356,-334.3755
-263.1635,-110.1367,-335.4424,-158.1007,-359.2358,-162.1495,-417.1678,-126.3053,-349.6529,-64.4731,-251.4945,-13.2813,-301.5056,-198.1516,-292.3598,-86.7004,-313.6870,-82.0464,-330.3003
-290.2704,-92.9508,-365.7548,-157.7042,-371.0615,-163.4950,-440.5077,-177.8679,-297.8571,-102.5220,-244.6979,-2.6579,-312.1285,-172.9958,-296.3503,-157.0110,-320.6287,-108.4094,-324.1755
-312.8797,-128.8742,-398.1833,-203.4394,-414.1665,-204.4550,-397.4319,-187.6562,-255.5873,-87.9073,-266.3734,-32.0748,-318.7919,-171.6800,-273.4426,-106.6349,-346.2409,-152.5208,-294.2394
-363.3150,-201.7682,-422.2596,-262.8978,-440.3084,-252.0128,-320.7549,-153.1297,-188.1147,-29.8072,-290.4100,-90.8386,-309.7424,-201.1395,-267.4701,1.0682,-400.7379,-157.0498,-251.7293
-379.3575,-227.0252,-432.4211,-271.5518,-433.3064,-267.5819,-264.5611,-121.3591,-79.4872,-6.5979,-333.2003,-107.3636,-302.4338,-194.2603,-261.8769,-7.3417,-447.5775,-152.0780,-217.1409
-323.1434,-204.9981,-453.2961,-241.6067,-423.1530,-255.8229,-218.2026,-98.2000,9.7609,16.0785,-389.0843,-91.1048,-325.5195,-174.2267,-201.0611,-90.1051,-450.0107,-168.4312,-197.6294
-289.7108,-211.9679,-488.3759,-235.1977,-431.7622,-249.9437,-157.1056,-54.9520,63.7798,103.2358,-401.1135,-99.9326,-363.0545,-192.1859,-113.0820,-76.8120,-408.6349,-189.0110,-189.8262
-312.3765,-243.0429,-494.2449,-257.6964,-443.2732,-262.6613,-104.9837,-6.1850,98.3424,191.8524,-360.5623,-127.4936,-366.3955,-220.1079,-73.7925,-1.7784,-358.5081,-199.4333,-175.3189
-324.5561,-235.9427,-466.3652,-269.5112,-422.3426,-272.0837,-58.6280,14.9015,112.4359,174.6148,-322.5621,-144.0275,-316.2984,-237.0373,-57.7382,4.4212,-350.3169,-199.6603,-155.0943
-335.4032,-221.5025,-450.0620,-278.0225,-377.3087,-274.7685,8.4725,19.8490,143.5649,75.8566,-313.2961,-146.7328,-244.4072,-252.4126,-10.6349,-3.3572,-381.9659,-201.2970,-164.3685
-352.0261,-247.1543,-439.8833,-304.0008,-353.9414,-290.2158,46.7300,22.6410,184.5808,21.0850,-313.1011,-112.1001,-196.1624,-234.1037,4.6590,54.9415,-370.0352,-219.9922,-204.0199
-295.8574,-237.0878,-396.1636,-294.7158,-336.6944,-286.5901,8.9103,-0.9643,117.9629,22.4597,-297.4649,-28.8610,-178.7228,-169.4107,-62.4394,69.9165,-274.7198,-220.6404,-221.2946
-198.3247,-145.7567,-331.6859,-211.9725,-265.2191,-218.1074,-40.5783,-45.9548,-56.7542,-22.5680,-253.4089,31.5367,-160.5401,-120.3396,-130.6238,-30.9072,-184.2426,-153.9037,-183.8976
-174.7926,-92.6368,-270.0620,-143.1130,-160.0462,-141.5171,-51.4195,-57.0671,-161.5762,-81.1704,-198.8725,5.3589,-129.2127,-128.7883,-144.8360,-110.3239,-172.9587,-72.0140,-110.9454
-179.4828,-145.8138,-204.5182,-164.3791,-100.0866,-139.5605,-67.7667,-23.2491,-139.5566,-38.0870,-167.3211,-60.2538,-106.4445,-163.8183,-135.3441,-79.0138,-179.9480,-57.4313,-44.1030
-122.8075,-184.3618,-153.7700,-191.6769,-91.7779,-165.0537,-84.0850,0.6159,-90.2941,24.2937,-150.4996,-85.4681,-96.1269,-176.1796,-91.4563,-45.0464,-125.5338,-68.6463,-9.1099
-67.1208,-126.8895,-135.8749,-132.2557,-69.6296,-129.3998,-30.6590,-13.4321,-34.3512,-14.3569,-117.7652,-69.0818,-75.0448,-152.1146,-11.9934,-85.8826,-36.2141,-31.8827,22.8049
-52.9710,-65.8099,-105.0590,-55.2053,-4.2999,-65.0874,66.9424,-38.9071,32.6316,-52.3896,-78.1894,-69.2773,-31.2320,-133.2672,25.1167,-135.5420,21.7174,13.6525,94.1124
-8.9068,-75.2792,-39.4691,-53.4409,57.9689,-46.2439,124.6991,-54.0209,49.5395,-19.9958,-51.5241,-103.7452,32.6542,-154.1903,20.0891,-146.3990,46.6244,12.6500,177.5243
71.2264,-91.8654,5.1333,-81.3157,73.8527,-56.5875,149.5474,-62.7960,53.4504,-23.0857,-25.4164,-107.6917,101.3747,-168.7486,63.3919,-148.1396,86.5635,-10.6336,218.0032
132.9282,-51.4123,23.2811,-62.8766,82.5947,-50.9871,179.1108,-72.8976,119.5470,-47.1067,13.9127,-40.9567,142.4787,-138.0542,134.3872,-156.0231,159.9924,-31.3186,217.3481
180.5159,6.6242,85.3012,-18.3038,144.4105,-33.3610,191.5963,-81.8362,159.8846,-1.1339,71.5625,14.7330,156.5678,-114.1408,152.8350,-160.3585,227.7464,-40.8590,202.8002
224.0633,23.1410,192.6719,9.1443,235.5247,-11.9691,189.1722,-77.0202,117.6350,24.4490,152.4921,-15.1498,190.9549,-127.0308,157.1839,-156.3031,252.9880,-13.2911,194.3699
254.4765,8.9890,270.7103,22.0392,295.1978,16.3632,208.7286,-57.8739,118.7347,-11.3436,226.3051,-62.1297,244.4668,-130.9102,195.2088,-130.9430,265.4160,16.4527,220.2434
294.3868,0.7016,287.9783,22.8287,307.8390,28.1329,217.8447,-51.6040,186.6162,18.4341,248.7371,-42.7887,255.2919,-110.7737,208.9620,-92.4107,317.2481,-24.2944,267.2285
339.1882,2.5917,267.9888,10.0777,274.8489,12.4320,177.0520,-78.6647,190.8210,46.8073,236.6569,20.3956,222.3855,-81.6828,179.6267,-88.6245,392.0305,-82.8513,277.4012
341.9337,18.2531,246.7805,14.7325,225.9613,15.0987,150.6386,-119.7713,149.7695,-92.1694,232.4289,88.5172,209.1418,-36.1797,182.7995,-127.5054,426.1135,-56.1573,260.5682
304.5648,55.1775,259.6051,52.0149,239.3557,58.3666,188.9275,-136.7637,177.1629,-234.5400,229.9961,137.4373,222.2228,-6.4539,242.0554,-150.3118,405.4832,-1.3992,278.6963
261.8138,75.9617,291.7599,81.1891,305.2108,81.5557,226.7681,-106.7202,236.7674,-168.3735,222.1695,115.9869,217.6357,-34.6649,293.4094,-124.5941,373.2398,-26.9568,317.0700
233.3981,44.4140,283.1442,71.1280,304.8554,44.3866,223.7859,-44.3506,255.2550,-47.6826,237.5904,38.8938,196.1182,-65.7738,292.3645,-73.7406,353.7248,-85.0253,323.4780
244.3554,-2.7686,236.4885,39.3511,235.8122,3.0114,226.7892,-1.5345,248.9207,-47.7218,272.6014,5.7156,188.0313,-41.5874,260.3126,-23.9060,329.9011,-87.4956,308.9184
274.1422,-18.4053,214.2359,9.5194,220.3013,10.7672,238.3668,-13.4663,214.1611,-87.6360,290.0096,34.8238,195.1398,-6.3884,232.2505,-6.5362,295.3419,-57.0737,297.9343
253.0000,-4.2177,226.4217,0.4648,263.9764,42.1330,217.1807,-59.4726,140.0484,-131.4007,294.2425,51.6865,204.2931,1.8444,202.4045,-55.0533,274.3105,-29.4773,282.2338
206.0900,28.3057,249.6083,25.5653,278.7061,60.3056,177.9718,-107.7160,82.4486,-239.6159,310.0671,32.3198,206.3060,-1.2193,161.3222,-137.4914,276.9931,3.1238,259.6553
228.5547,53.9562,289.5244,51.8662,270.0422,59.0741,138.7973,-146.2954,66.7127,-329.9189,324.2039,-0.6955,193.4095,-22.4977,147.3351,-177.3489,281.1070,18.4968,230.5260
298.3184,35.2676,325.6744,35.9227,275.8516,36.4307,83.8278,-158.8934,64.2429,-311.4916,317.6949,-30.9457,173.5506,-49.9410,165.0755,-165.0602,276.1157,-3.9403,192.1699
319.5695,4.6039,312.6555,6.9180,268.1211,9.9494,46.4228,-145.3172,79.3742,-270.0884,301.5707,-27.1209,163.7135,-32.9638,145.3182,-156.7994,281.1049,-33.3306,166.4786
280.7612,15.3930,271.8084,5.1427,236.4708,5.3904,62.1118,-139.3416,103.7951,-269.7483,291.0662,2.8400,161.0412,1.7111,94.9789,-168.0423,293.7777,-58.2628,158.1005
223.1404,14.9391,249.1391,-8.2155,208.5633,-6.8991,77.7003,-140.6096,94.5172,-239.9865,288.3601,-7.7297,155.3582,-12.4225,100.9227,-153.3150,271.8201,-97.6508,138.4188
184.9059,-48.7330,224.4777,-59.6743,184.1886,-59.4916,63.7187,-111.1781,69.0967,-157.3032,286.5347,-52.0489,153.3135,-39.8309,127.6103,-92.5497,204.2859,-131.6527,125.4875
204.3411,-97.0101,176.9624,-92.2327,154.4687,-98.9625,62.6138,-75.0113,53.7027,-105.4576,270.8021,-54.1494,155.6523,-23.2054,78.1532,-38.5436,149.7406,-132.3599,149.0769
250.3635,-75.0413,140.4085,-81.2768,121.9562,-78.0040,45.0639,-89.4566,1.7827,-138.4811,231.1450,-22.8904,141.6935,-1.7134,14.5295,-43.6942,148.4250,-113.2166,151.0956
232.7268,-54.4552,127.3639,-77.9775,90.1091,-49.1925,-30.8251,-122.0974,-74.0158,-198.7171,170.2062,-17.0429,106.0395,-13.8129,38.4057,-72.6373,144.2594,-87.5335,87.5058
140.4914,-77.5646,113.6353,-99.0804,82.2407,-61.0464,-57.7982,-108.1969,-73.3435,-179.6237,101.4383,-25.4646,76.6583,-30.3535,98.7620,-66.7854,69.3679,-57.8150,28.0118
43.4153,-103.0801,93.9625,-116.3623,98.1884,-85.3521,34.8714,-81.4740,-11.6566,-76.1361,53.1180,-16.2727,71.9442,-37.0876,113.2935,-55.4295,-38.0707,-41.2717,12.1560
-16.5821,-113.6835,63.9152,-125.4333,79.9284,-94.5997,103.6004,-99.8923,-15.0290,-9.6788,33.2459,5.8716,68.6002,-41.9372,73.3175,-78.3723,-98.9812,-38.5773,-18.5154
-42.7669,-118.8438,7.3681,-124.2891,19.6978,-89.9825,50.2076,-128.2833,-90.6334,-31.6828,-4.2000,23.4216,36.9553,-26.2621,-13.5373,-84.0234,-124.4014,-28.3181,-69.1058
-68.1726,-118.1128,-58.3811,-105.8947,-17.9231,-73.6832,-16.1471,-125.4500,-133.1088,-60.9124,-77.4432,1.1219,-11.9951,5.5434,-94.9407,-55.0508,-166.7158,-7.7780,-91.6668
-123.5966,-121.2169,-100.8853,-94.5551,-35.8443,-61.8994,-40.4489,-137.0966,-130.4795,-90.2731,-118.2701,-69.5906,-47.6487,2.8322,-109.4175,-80.6898,-207.2868,20.1279,-127.9876
-166.5017,-120.1570,-123.9818,-94.4570,-86.5986,-58.7747,-111.1817,-189.5129,-170.8130,-195.6159,-102.9480,-118.5397,-77.1223,-41.4827,-129.5972,-166.8526,-209.6716,50.5602,-225.2056
-150.5399,-93.5131,-147.9231,-74.8834,-151.6537,-40.5034,-226.2344,-211.7928,-271.6495,-303.3302,-124.2793,-113.1585,-137.6587,-71.2649,-238.2707,-200.1503,-209.2013,41.6333,-296.6145
-147.2762,-78.0647,-184.0937,-63.4428,-202.2928,-29.4789,-288.2144,-163.2962,-344.8881,-269.5516,-221.3626,-122.0724,-224.9252,-66.5493,-343.9043,-178.5569,-250.7266,-21.3026,-267.6659
-225.7490,-108.7817,-238.3494,-101.2797,-251.2600,-65.9876,-298.6138,-114.5703,-337.2296,-159.8188,-300.6750,-162.7462,-279.0289,-64.6953,-366.4286,-200.7265,-313.7449,-60.2989,-220.9689
-319.0428,-132.6729,-290.2497,-128.6536,-272.7199,-96.7941,-317.8607,-114.3893,-303.3215,-134.4716,-314.2568,-175.1079,-273.0400,-74.8692,-383.3390,-236.3889,-358.4373,-28.4842,-242.4492
-357.5710,-117.2177,-307.7399,-96.3380,-249.3703,-65.2114,-340.3503,-107.4600,-302.3244,-174.2393,-332.7366,-167.4884,-261.1593,-72.5634,-431.8813,-193.9971,-372.8469,0.5969,-284.8334
-360.2835,-113.9867,-301.2017,-68.0655,-245.7488,-30.5296,-347.9303,-60.0547,-321.9182,-187.3926,-390.5360,-182.3067,-288.0851,-68.1619,-458.9491,-122.8903,-359.2272,-19.5263,-288.2938
-343.4350,-132.7138,-296.8027,-71.4556,-281.7608,-35.2725,-354.9883,-27.4112,-353.0474,-196.3940,-426.7639,-189.3370,-316.3497,-79.2505,-480.6362,-111.0814,-329.9072,-24.6319,-274.2301
-322.1519,-130.6478,-286.6241,-58.3420,-292.8315,-28.4098,-354.0564,-34.7629,-414.2173,-224.6386,-404.0193,-165.8893,-309.1739,-78.1089,-521.8551,-131.9304,-306.7979,10.5658,-262.5656
-339.7549,-124.4314,-267.1706,-56.3689,-284.9143,-13.0927,-331.6862,-32.8344,-465.8452,-222.0351,-372.5347,-149.2730,-305.8848,-57.7152,-521.9313,-134.8260,-303.2954,13.1650,-248.4817
-366.9481,-138.0872,-263.9725,-105.0028,-318.8579,-43.3864,-316.6699,-9.3801,-445.4469,-194.7136,-393.3351,-149.9835,-342.9716,-62.7367,-472.4424,-121.9121,-319.6693,-41.6335,-267.9532
-326.0728,-125.2030,-286.0220,-124.4574,-369.2405,-85.0170,-338.2514,-13.6707,-386.8991,-193.6697,-440.9404,-147.8412,-385.3573,-99.0071,-453.9440,-96.4031,-348.2963,-86.0628,-349.0623
-260.5353,-75.4012,-316.5015,-78.0846,-387.4139,-88.5559,-388.3029,-60.4562,-355.8638,-192.7580,-434.6227,-142.1262,-395.9639,-128.0417,-481.1790,-71.1161,-379.9935,-86.6119,-434.1557
-279.5977,-58.4167,-338.0477,-60.1218,-399.1613,-87.5581,-443.4239,-117.1311,-322.3734,-156.1671,-375.2847,-121.5880,-390.1807,-140.5184,-486.7245,-81.7906,-414.2398,-77.8380,-464.3332
-356.3525,-83.6268,-334.6105,-80.5367,-422.6546,-94.8039,-476.2558,-166.8085,-260.9140,-129.9590,-345.8723,-68.5869,-387.5026,-128.4531,-437.1587,-115.2116,-441.0682,-72.2159,-467.8313
-372.5054,-77.5988,-311.1416,-49.4051,-424.3332,-75.3337,-472.0869,-200.3560,-272.4728,-143.8060,-353.0067,-11.4987,-379.4138,-77.5416,-375.7628,-112.1107,-425.2031,-54.9288,-472.3486
-319.4864,-40.5569,-300.8412,-0.1573,-396.6397,-48.3041,-449.8325,-184.8603,-410.6392,-141.9027,-333.0219,2.5861,-356.2716,-40.8352,-367.9310,-58.2569,-364.3929,-43.7899,-435.3635
-297.8116,-55.1106,-307.0526,-25.9834,-369.7641,-49.8450,-421.8992,-110.8573,-517.2783,-77.7000,-303.4887,-33.5081,-325.1658,-69.0603,-402.3005,2.4032,-320.5266,-52.2818,-343.0516
-333.2585,-114.0745,-294.0398,-74.6824,-352.5858,-56.3268,-371.5134,-30.0992,-457.6573,7.8223,-304.9780,-79.0759,-300.1776,-101.7127,-400.2933,24.4951,-322.7545,-42.1763,-264.6403
-334.7828,-117.3655,-255.4430,-57.0761,-320.8962,-43.3864,-307.4909,14.6851,-356.4726,36.2449,-284.4534,-80.2064,-282.1059,-77.4530,-360.2975,5.8515,-320.6075,4.1201,-242.5795
-271.8926,-57.4402,-214.9218,-10.3217,-255.0760,-20.0852,-253.4621,48.0200,-348.4157,3.0943,-232.8442,-36.1834,-253.0883,-27.1780,-335.3693,-5.8343,-286.3723,40.4076,-232.9559
-230.3849,-17.1155,-176.8281,5.9021,-176.1752,6.4789,-189.7216,85.3854,-324.9677,-13.6870,-238.9558,-1.9396,-206.5760,22.4755,-281.7268,14.0538,-249.7417,38.5909,-206.0052
-220.8643,0.1813,-137.8433,9.0482,-130.0589,20.4368,-129.2749,73.4738,-206.9919,-10.5546,-266.5185,-1.5231,-163.3620,57.2060,-165.6835,9.9417,-209.8680,17.1142,-206.3665
-150.0835,27.0056,-105.8231,17.6935,-127.7092,6.2359,-155.6962,-7.0818,-152.0508,-87.9241,-172.3220,-32.6361,-136.9077,20.2491,-96.6998,-52.7419,-142.2947,-16.6341,-254.9363
-46.0704,0.8256,-82.2716,7.2152,-136.9764,-18.4095,-244.7404,-75.1244,-220.5386,-214.7410,-0.4335,-121.3294,-114.1388,-79.6802,-119.2638,-102.6004,-84.5291,-53.0409,-285.5291
-32.7925,-102.3664,-63.7324,-37.9532,-130.7459,-45.2533,-244.9338,-71.5016,-221.5332,-203.4968,72.3620,-229.5091,-83.3398,-138.6694,-113.5836,-78.8856,-84.9428,-61.6337,-244.2740
-69.2299,-156.0663,-49.1730,-86.9050,-103.3258,-83.7297,-146.2573,-31.2832,-83.1342,-32.6297,34.2869,-233.9226,-53.6307,-121.9627,-38.3831,-22.7422,-94.1776,-57.5817,-161.6521
-26.8122,-93.8142,-35.1577,-87.4453,-67.1793,-99.6391,-88.7879,13.9310,41.4869,114.8162,-6.7584,-138.1996,-43.9485,-80.4375,31.3625,17.2117,-31.2301,-85.2287,-78.4852
47.1605,-23.6264,-28.1739,-38.7884,-48.8245,-63.2561,-76.3934,65.4734,95.3015,171.3508,-10.6128,-95.5969,-47.6620,-38.0795,86.4316,44.3859,73.2611,-114.7458,-0.3749
43.9468,-21.5183,-29.9985,-6.3429,-44.3442,-20.0402,-6.3943,96.5355,146.2631,211.3537,34.5620,-140.4767,-13.6074,-12.7420,134.9147,61.4189,116.2509,-83.7974,55.6644
15.4952,-35.1511,-9.3888,-15.7085,-12.2909,-3.4505,89.1926,95.9504,177.4864,225.8590,119.4115,-153.3493,81.6814,-18.3318,143.3345,65.6575,87.3599,-12.3743,76.0830
43.1109,-17.1115,43.5003,-7.1982,48.1812,19.9472,128.1463,105.2194,156.8981,167.7143,154.0543,-93.8505,169.8536,0.5836,155.1963,72.0462,80.4596,37.9562,93.3085
79.5402,19.2193,84.9917,45.0059,87.5826,58.0129,135.6833,124.2571,139.0962,90.1949,121.4838,-32.3541,191.7721,68.4670,211.6419,84.5795,136.2588,52.1393,125.8561
77.2163,39.7929,104.1179,78.2707,97.9292,74.6686,139.0975,105.3739,153.5473,63.0733,146.5893,-6.5081,192.5500,101.1067,226.5193,94.7308,191.4210,41.3435,149.1149
89.0080,21.9951,134.2325,56.4206,123.3850,62.0804,134.3017,68.6063,198.5247,94.2895,241.8400,0.2002,217.7978,69.4797,191.7022,105.0122,202.3395,13.4174,170.1323
159.4414,-1.9894,163.7316,25.2049,174.7454,35.3647,168.5896,77.8921,305.4251,159.4258,264.0445,8.7135,234.7218,54.1466,243.5427,110.4474,204.9060,-14.6104,214.5845
251.2426,13.7165,170.2060,22.1705,214.2874,9.0134,238.9877,125.8488,438.9495,203.5995,212.0335,25.2481,229.5966,72.8014,364.6451,104.8308,231.8141,-25.2385,250.6830
307.7577,35.1732,187.7946,27.0108,223.1995,5.1588,260.2985,153.9140,500.6113,199.8136,224.4706,35.5527,243.8995,71.5340,392.5675,113.1508,263.6375,-15.9691,247.8035
314.1059,20.0972,227.5802,19.1491,230.6625,17.1059,256.0162,138.8424,498.4824,214.1884,299.8924,40.4699,294.5955,61.4970,343.2552,147.8604,277.0125,-3.8316,248.5994
296.3939,8.0929,252.8125,11.7291,267.3441,7.6749,316.4079,111.8008,503.0603,275.3972,342.3757,62.9616,365.9109,76.1746,346.3855,168.8013,282.1603,-15.2942,292.3670
289.4885,19.0465,273.7847,13.4749,312.3292,-16.9290,386.7009,119.1324,497.3433,277.5131,362.1006,83.3439,428.0721,79.5202,378.6129,148.0354,304.8663,-37.3110,354.4053
308.7488,20.3960,310.4126,18.3989,321.1279,-12.8988,383.7890,148.9211,456.5542,157.5916,391.7166,71.2901,432.2665,46.7278,365.3589,109.4220,352.5234,-16.9550,395.0667
345.6547,40.5860,323.8731,44.1683,303.8061,31.0667,363.1137,136.0890,425.5683,23.7376,396.1930,67.8526,385.9359,34.6446,349.2605,79.0956,396.3723,46.4421,388.6605
377.3397,112.5186,319.8315,107.4918,312.6293,96.9411,358.0737,88.9122,416.7393,-4.6298,383.8729,98.2064,370.5994,84.7607,370.1305,70.0175,396.1411,94.6014,333.4813
388.1928,165.2706,357.6000,162.2615,350.0153,155.7331,312.7581,85.4606,398.1353,45.1964,397.8607,103.0080,395.1921,138.0251,380.3777,94.0379,348.4379,112.4952,275.5572
387.2597,150.2049,400.2922,155.6598,363.9064,166.5648,254.3288,110.8228,370.0765,70.2806,404.3461,76.5528,383.6821,128.2378,352.7018,128.0226,292.3139,122.9937,256.0038
381.9390,125.5096,370.3589,116.4759,333.3706,127.7178,255.5982,89.2797,329.2378,42.2678,370.6261,94.9165,343.4670,97.9915,317.6504,124.7799,265.0357,113.8539,253.1054
352.3873,120.8192,311.7436,89.8047,290.9232,87.9463,274.1443,51.3135,250.5685,21.6962,349.9539,147.5232,341.0105,108.5374,289.9150,91.2294,265.6579,80.2096,239.8488
298.1451,105.9018,297.3717,66.6848,267.5991,70.4136,240.7696,61.2063,154.5764,42.2004,366.9064,151.9148,349.9107,112.4646,249.4473,80.9953,268.4308,63.2851,225.3956
272.1708,91.1455,302.3854,57.2057,267.0700,67.6688,184.9487,83.4304,86.5831,70.5813,368.3456,113.5363,322.0796,70.1768,197.8931,104.1209,262.9348,82.3032,205.9049
299.9149,98.3143,296.8843,94.6133,277.2535,87.7271,158.6982,79.8437,52.9256,87.0118,333.9862,86.7399,299.2607,61.3228,184.0076,119.1163,255.5598,116.1991,168.5554
320.5872,104.4831,293.4638,138.4913,272.3643,120.5679,155.9607,76.4335,39.8256,95.0500,292.9073,71.6356,308.7816,115.8737,222.9902,108.3285,245.6234,149.3795,138.4488
289.0617,100.0245,275.0673,137.1915,230.1371,135.2037,139.0546,71.0795,26.9595,81.7662,251.9530,60.4118,296.1941,133.7852,230.7972,100.0879,238.9624,165.5531,138.1984
255.1176,105.5187,231.4106,133.8062,167.6704,144.5765,90.0461,48.9733,-12.2647,63.8455,205.8743,61.0406,233.5324,91.4880,147.9417,111.7919,247.9922,150.3247,138.5549
254.5997,122.4226,199.2802,161.6210,124.4239,168.8579,40.6431,44.5178,-59.2197,72.5277,157.2641,55.4086,159.6064,79.4965,63.3347,113.4759,245.1719,126.9605,106.0528
228.3162,136.9600,178.5039,168.2126,104.0994,174.7231,24.6384,61.5409,-70.6404,59.1405,89.8625,38.2034,104.6756,103.8889,62.9365,77.5397,193.5488,124.6617,57.0667
143.1730,142.0379,133.0898,141.2503,83.7248,150.2413,16.6359,57.6862,-71.4098,-19.2164,-1.0754,36.2517,67.9004,99.7381,68.9799,35.5718,130.8970,134.3572,35.3375
68.5090,137.1380,82.6381,132.7861,67.6188,138.7768,-8.9146,44.9503,-115.1299,-73.9251,-68.6107,40.8629,44.2146,79.5135,-3.1627,30.3556,108.2412,137.5419,51.4859
47.6103,132.9067,66.1832,139.0971,67.1830,144.4139,-32.5567,51.2809,-180.5111,-24.6292,-78.2829,31.3770,24.7326,79.3015,-85.7042,41.1414,88.5696,127.9919,59.3752
37.6849,135.5784,64.1190,124.3321,59.4826,131.7215,-58.3490,39.2758,-213.8044,55.4402,-68.8260,45.4995,-6.8057,80.6854,-103.8728,30.1800,34.6439,103.2262,15.3169
18.8381,134.6406,38.3651,103.7751,23.2873,108.4282,-103.4956,-9.6807,-216.8722,61.2313,-93.8166,103.0099,-60.0790,76.3222,-103.2164,18.1209,-9.5411,75.5749,-59.1620
3.4658,129.2897,-16.5972,93.3989,-32.9054,96.8873,-137.3072,-49.5093,-221.6985,-3.9223,-149.2189,139.5736,-124.0556,84.1590,-131.6552,29.6262,-21.8198,60.6538,-115.8490
-37.5146,126.2542,-82.1095,83.5626,-96.9280,89.6051,-154.1913,-68.2082,-236.3865,-56.1011,-195.4039,121.5400,-177.1563,96.9679,-167.0352,26.5937,-38.6016,52.7795,-146.9294
-109.9480,116.8613,-127.5750,85.8827,-153.8247,89.8243,-202.3449,-98.3327,-247.7326,-48.8924,-217.9639,110.0337,-220.5426,100.3823,-203.3595,-23.8074,-65.4272,47.4773,-179.0788
-154.6010,99.6762,-146.2894,96.9751,-194.2176,100.3122,-271.7548,-137.0028,-241.3977,-60.0281,-234.3161,138.7411,-275.0572,92.6072,-257.9924,-82.5211,-94.9722,45.4916,-234.7823
-172.4401,80.8053,-176.9997,73.8299,-248.0821,81.1920,-314.7560,-159.0423,-215.6881,-153.6743,-255.2965,156.3942,-338.9097,70.9900,-301.2783,-98.3880,-151.4998,20.4841,-304.8460
-233.8232,43.9423,-240.1875,17.3025,-332.0138,13.1639,-354.0075,-159.1627,-179.6193,-191.8560,-274.9729,131.1430,-391.0579,44.8673,-292.1384,-69.3113,-220.7760,-48.3035,-345.9738
-323.8661,-11.6068,-305.6835,-23.2362,-393.1804,-55.2917,-407.4826,-136.0108,-143.1539,-56.7728,-290.2202,92.2336,-425.4218,29.8616,-245.7995,-19.4444,-258.0347,-124.5545,-337.0893
-364.3074,-47.6669,-349.3667,-40.9371,-400.2330,-85.7888,-422.0940,-96.9425,-139.1818,79.2917,-296.0665,56.1702,-441.3668,22.2765,-213.5970,21.2175,-277.5234,-155.6025,-315.4121
-359.7014,-53.6560,-364.3141,-61.6820,-391.9504,-93.7684,-393.8588,-71.9383,-219.5778,59.5491,-281.2415,16.3856,-430.5121,15.6602,-243.3039,20.4867,-301.4238,-137.2052,-308.2763
-358.4974,-55.1554,-340.2276,-84.6080,-377.2787,-96.9088,-390.4087,-76.2194,-367.1207,15.7417,-260.5676,-5.7790,-397.8007,8.7153,-337.8440,-15.2317,-303.1229,-112.7207,-299.3703
-352.8576,-56.5355,-305.8866,-102.3255,-341.5253,-96.2873,-421.8392,-91.5191,-469.6043,26.8820,-271.2702,12.3946,-365.3949,-3.9167,-413.3720,-35.6493,-289.9341,-123.8496,-295.8261
-325.1587,-52.8459,-319.9331,-111.9213,-330.6346,-93.5421,-443.0253,-103.4630,-454.8564,-36.9410,-312.8872,47.3850,-350.7212,-4.0371,-385.9321,-26.9489,-300.7365,-156.0838,-324.7447
-300.8544,-44.6387,-370.3213,-93.0500,-362.7264,-83.3048,-449.6888,-121.8449,-386.5301,-157.5085,-347.2507,70.5342,-351.2903,32.0667,-306.9287,-34.5409,-317.6804,-158.6276,-367.9829
-306.6476,-16.6315,-386.1535,-46.5764,-363.8028,-61.9813,-460.0999,-153.9131,-359.6359,-163.1600,-360.9579,86.6070,-346.8634,69.9696,-280.3144,-69.1933,-318.5034,-132.4413,-394.0939
-332.8568,17.0516,-359.8514,-19.3397,-309.0376,-45.8513,-455.4891,-177.8300,-372.0421,-71.8812,-370.3760,96.5120,-328.8342,66.6255,-298.6309,-82.6389,-334.9657,-119.6609,-404.6756
-348.8947,9.6706,-343.7574,-32.2936,-263.2132,-43.4234,-409.9350,-166.5807,-370.2905,-26.3424,-385.8102,91.8126,-313.9660,54.6516,-316.2618,-67.3707,-368.6180,-110.0273,-400.0755
-344.6824,-10.4727,-348.0609,-41.5314,-250.8168,-36.6668,-352.6407,-136.0886,-359.2900,-47.8660,-407.6700,94.2227,-307.1482,76.8294,-366.3811,-67.4466,-370.0356,-70.3807,-377.7851
-336.2621,25.7785,-342.4552,-10.5551,-251.9972,-15.9340,-349.8228,-123.1201,-384.2134,-82.2733,-425.0291,121.6593,-303.7023,105.1499,-459.1569,-76.7776,-326.4681,-32.1455,-359.9566
-317.4223,79.4111,-325.9262,34.6746,-272.5522,3.7370,-406.6908,-119.4797,-440.9530,-90.3873,-418.5755,138.5052,-328.7185,101.1823,-516.6916,-54.7026,-271.8184,-42.1980,-352.1986
-284.1518,71.3869,-324.4201,47.4132,-311.7146,6.8234,-446.3675,-96.3899,-478.9671,-66.7240,-396.2418,109.8465,-386.2723,75.3679,-495.4653,-23.6333,-247.4620,-81.5944,-328.7951
-303.9498,27.7125,-345.7752,15.5860,-357.2441,-12.3772,-428.3129,-67.9911,-465.3211,-65.4189,-390.4276,51.8173,-424.3301,45.4571,-428.4767,-18.7979,-286.1702,-100.5471,-291.1214
-401.4461,-3.1415,-377.8150,-36.1619,-415.1508,-46.4218,-394.1842,-56.0954,-398.4510,-92.6357,-404.4622,-12.5481,-433.9640,6.5398,-358.5082,-6.6249,-368.8126,-84.0417,-265.7295
-444.3790,-34.1398,-406.5285,-69.0267,-457.6050,-67.3800,-368.1517,-49.2175,-316.2572,-66.2785,-413.9973,-68.5516,-457.6312,-37.1680,-339.0154,20.9664,-426.7529,-57.3304,-259.6660
-358.0789,-48.9654,-410.1363,-54.7074,-429.5728,-53.3969,-338.5160,-52.5140,-305.6859,-22.4587,-409.4155,-82.6138,-466.4814,-59.9716,-399.0387,-10.7880,-420.9865,-41.3799,-270.9547
-282.3555,-7.2226,-366.2369,-8.7146,-344.9058,-21.3135,-323.6708,-90.9227,-398.0774,-83.4874,-393.8754,-54.9740,-410.0524,-59.0529,-461.1508,-109.6484,-362.8055,-18.8325,-294.7081
-308.9525,45.2102,-293.7001,14.0102,-267.9131,-6.3547,-332.8405,-137.4894,-476.5817,-176.1195,-376.5700,-52.9353,-340.9340,-71.8968,-439.9022,-165.5009,-290.9626,14.9872,-306.6858
-333.9135,34.9880,-252.0332,-11.4371,-229.9501,-22.2861,-320.5871,-139.2238,-425.2342,-156.7391,-375.3336,-101.0597,-311.9472,-109.6806,-377.7674,-135.2370,-262.1385,15.4497,-285.8368
-307.1848,-20.8091,-259.8276,-50.3090,-228.2977,-52.6122,-262.3440,-108.7940,-303.3268,-103.5099,-381.9395,-132.5809,-280.4897,-129.5992,-340.9953,-105.1634,-279.7381,-16.3831,-235.7093
-304.2326,-63.6296,-257.6115,-70.5473,-235.0081,-65.5179,-196.8749,-95.8095,-230.9433,-137.6793,-362.7254,-120.3312,-227.0588,-118.2161,-307.1724,-121.7693,-268.0909,-11.9567,-173.5847
-317.8754,-72.0056,-201.2854,-71.5800,-208.3806,-45.9090,-162.0823,-93.1462,-211.8514,-195.1516,-318.4942,-121.8085,-185.4590,-113.3429,-256.3046,-131.4411,-207.4350,22.8074,-118.5823
-284.4815,-49.1059,-134.4176,-51.0930,-149.7596,-18.0894,-145.5494,-57.2312,-187.4237,-192.2783,-274.8839,-148.8347,-148.3434,-119.1485,-211.3750,-103.2363,-170.3029,14.5084,-66.8388
-237.7337,-17.2957,-112.3184,-19.5013,-94.8789,-11.4924,-102.2313,3.3442,-139.4911,-152.8863,-227.6823,-140.3107,-106.6888,-108.4920,-162.7434,-69.1157,-167.4651,-24.8631,2.9298
-219.1524,-10.4824,-116.4328,-11.6342,-57.8365,-20.3144,-22.0066,34.7105,-83.8678,-116.5920,-169.8012,-85.2044,-83.3263,-90.9454,-101.8690,-52.9264,-140.3862,-42.2971,61.2886
-194.7251,-21.5839,-97.4652,-23.7583,-38.8832,-29.3696,33.2902,23.7783,-63.0322,-97.5346,-116.0477,-46.2549,-49.1487,-85.0657,-75.4440,-50.9994,-100.9883,-51.5235,55.0051
-154.0389,-19.6966,-54.5866,-21.4752,-20.6122,-41.4732,25.1018,10.9832,-103.5649,-76.2237,-62.3481,-66.6386,28.9270,-81.0086,-93.6435,-48.2664,-99.4291,-51.8831,22.3760
-123.1819,-26.6444,-25.5258,-27.9073,28.2521,-54.9275,12.7759,15.5100,-136.0765,-22.6448,-7.0619,-125.9871,90.4564,-71.3906,-91.6101,-22.6426,-117.3769,-9.3346,32.0020
-101.3585,-71.8352,-26.4854,-74.4255,72.2168,-56.9097,41.2147,12.0676,-87.7495,0.5663,13.0301,-158.1326,91.0465,-54.8693,-45.6912,9.1639,-108.6233,35.6051,49.7723
-97.4296,-96.6529,-34.9269,-97.9389,56.5531,-40.2910,71.0510,-13.4203,-21.6753,-80.5299,-0.2208,-109.3987,82.6489,-34.1725,-6.4994,-17.2880,-64.2090,28.8484,35.1789
-125.6249,-43.9173,-22.7736,-45.0884,39.2574,-9.0325,82.9481,-39.3061,-9.7930,-165.5356,12.1895,-24.3422,93.3181,-29.7231,4.2883,-95.7352,-10.8222,-2.6373,42.4615
-130.7584,5.7505,9.1908,1.0908,75.3184,2.9384,97.9285,-37.5975,8.7522,-127.1086,48.6611,-8.8831,91.8832,-32.1746,21.1573,-110.9510,8.3691,-40.6212,88.3432
-54.1936,-46.4170,39.4724,-42.7536,93.6355,-46.4852,99.8401,-4.3854,71.2464,-37.1956,54.1249,-71.1426,76.2400,-5.8028,52.9183,-24.2172,-9.7631,-88.8689,104.4263
53.6824,-131.5235,64.4470,-106.3529,77.8682,-112.2008,79.2245,25.2325,93.6793,-19.4436,46.3718,-114.4474,70.4577,20.6135,55.7845,36.9648,-9.5825,-90.7127,85.0112
103.8586,-130.0400,101.1817,-92.7322,111.6628,-93.6863,78.6692,12.6860,49.9028,-68.2694,74.5403,-100.2565,91.0747,6.5007,9.2522,-6.8419,32.4626,-31.2022,87.2132
92.8771,-78.8602,147.0670,-44.2204,162.2961,-16.0757,108.5826,-21.0517,18.3051,-136.3656,109.0710,-77.7150,141.5930,-2.4725,-32.8406,-58.6640,81.8558,-4.9206,109.8271
86.3520,-74.9640,173.6285,-49.1469,148.4729,-5.4369,130.2715,-32.0707,23.3110,-193.2610,112.8273,-70.9856,175.5499,13.3584,-8.5845,-48.7306,125.0195,-40.2216,125.8417
123.5736,-95.4650,171.6329,-86.9647,135.1027,-64.8457,134.9005,-35.6846,40.8806,-191.5077,116.5846,-70.1788,147.4650,-8.3718,66.4860,-52.7509,158.2080,-57.7576,143.2021
165.4783,-85.1442,160.4684,-93.3297,169.1641,-93.1109,143.6343,-55.7599,87.7396,-121.9293,132.6264,-87.7243,115.3748,-62.8803,129.4607,-101.8743,151.1916,-43.4595,163.2883
146.0506,-81.8821,146.5395,-87.0216,174.0898,-84.7746,171.6354,-61.1990,151.1440,-42.2987,126.1615,-126.9366,144.9064,-88.8614,153.8699,-109.2264,118.1518,-46.7041,179.4219
81.8407,-114.4562,126.5015,-104.1222,157.8181,-90.4093,218.2183,-50.9341,162.8668,-9.8228,110.2536,-154.0222,179.8734,-87.3597,152.9801,-59.3711,120.6067,-60.0697,187.6271
70.6187,-116.6515,122.0850,-99.3716,192.5856,-80.3715,240.7469,-75.2376,115.6892,-34.6251,134.9432,-149.1313,160.6145,-65.0231,136.3109,-36.9150,167.2217,-51.1533,153.5845
149.0558,-49.5527,146.2841,-40.8576,221.5391,-26.6661,197.5501,-110.5465,70.8771,-59.0887,180.6055,-129.6116,132.4737,-63.0625,109.0944,-46.0431,213.0741,-17.4806,76.3530
229.2491,11.6203,162.8780,5.3454,177.3566,18.4164,135.8420,-84.5196,62.5967,-15.0584,180.5872,-112.3842,136.1020,-233.5015,86.7367,-24.3580,223.5919,28.3054,42.9853
222.1484,-3.7986,141.3008,-4.1868,114.9304,25.0689,124.8111,-28.2824,84.9825,46.3674,138.9282,-95.1062,148.8985,-553.8624,81.7631,0.4469,188.7346,50.7008,82.5267
150.8226,-48.7505,106.1124,-18.1192,76.8395,23.4070,134.8385,-23.3891,106.1787,26.5246,122.3493,-74.2955,153.8301,-708.6035,87.8421,-30.0833,137.9867,27.2753,94.9505
88.8550,-44.9506,84.4690,-9.1507,53.4177,19.7802,100.2538,-53.8499,82.9840,-21.9048,141.4763,-58.7206,143.8625,-595.7211,83.3171,-66.6933,118.3222,0.1347,40.3725
50.0095,-13.4958,67.6826,-13.4866,56.3266,-6.0924,33.7923,-58.5840,31.1431,6.1296,137.8986,-54.8666,108.2835,-489.6113,52.1932,-42.1049,117.5967,-1.5496,2.0130
9.4587,-20.1669,53.2385,-32.3945,68.6245,-44.4492,-3.7301,-38.8792,7.9872,57.4044,93.9534,-52.0965,67.5558,-495.2265,4.6294,-3.1835,94.0870,-10.3465,5.1793
-16.7548,-50.6826,52.5050,-36.4811,55.4800,-63.8508,16.6701,-25.1647,4.8397,43.3672,55.4397,-48.8576,50.2337,-449.5962,-32.2341,-21.6611,57.7432,-29.0414,-0.5419
-7.0472,-60.4587,51.3276,-40.6014,40.2370,-57.2809,70.8730,-25.1507,-10.3978,11.2435,36.5829,-69.8444,46.4059,-368.8286,-45.4497,-68.4720,25.0223,-30.3854,4.2340
0.4631,-76.1688,24.1752,-72.7557,22.2371,-60.7129,108.2957,-30.5850,3.9182,13.6687,6.9458,-115.1830,30.0016,-382.6997,-40.9947,-79.4489,-14.8467,-40.3518,59.9049
-24.9501,-123.1831,-24.5854,-121.5517,-41.3372,-105.9784,103.2524,-29.8393,71.7189,0.8121,-30.7582,-137.5169,-9.1746,-411.7992,-19.0109,-65.6504,-44.3535,-79.0106,107.2423
-50.7340,-146.9565,-65.3716,-155.3244,-101.2175,-155.3426,71.1213,-30.2632,129.9502,-56.2410,-52.0724,-111.6295,-53.7135,-356.6842,21.1854,-76.1570,-51.1808,-99.7784,83.1194
-66.8809,-109.8084,-76.8336,-145.4320,-83.1374,-149.9732,41.0352,-53.3671,155.4704,-96.3798,-71.6149,-73.2525,-65.7666,-292.5248,47.4865,-109.5905,-69.1214,-79.8538,32.4094
-111.2047,-59.9212,-74.6160,-93.5759,-43.0469,-107.7822,37.9742,-84.5316,193.4947,-65.4763,-110.0618,-71.7135,-48.3644,-267.5479,23.0168,-127.3017,-95.5983,-54.6378,10.0357
-167.5583,-48.5820,-101.4736,-55.7051,-62.4192,-84.1319,51.3884,-92.1752,228.5561,5.7576,-150.3250,-118.9411,-58.6278,-239.8571,-20.6123,-114.2250,-95.1165,-48.3368,-10.5984
-174.3056,-76.4115,-160.8089,-76.7625,-123.8392,-90.9848,30.5717,-90.1976,209.6909,47.7437,-172.5582,-167.4804,-111.7012,-211.4479,-21.3795,-84.1488,-95.5400,-68.2362,-60.9074
-137.4145,-125.1038,-193.4376,-123.2321,-185.0310,-121.2900,-25.9461,-95.3216,162.3356,53.9051,-176.7510,-154.4014,-160.9818,-195.3958,-3.5857,-56.9032,-133.7444,-112.3088,-118.0004
-115.2786,-172.4289,-169.4199,-146.9086,-226.1819,-159.4090,-54.4690,-77.0152,128.2477,78.0061,-164.1769,-105.3129,-184.2252,-172.3242,-35.6037,-43.2019,-183.8795,-140.5684,-153.0110
-129.1902,-198.2205,-141.6780,-156.4067,-233.5385,-163.6940,-45.6946,-26.8727,90.7915,121.5963,-144.6022,-104.8432,-186.9671,-147.7430,-87.7434,-26.6437,-230.5888,-122.7152,-158.7328
-161.6570,-197.9959,-156.0556,-170.4000,-221.0280,-134.6690,-42.4860,10.9635,41.5891,133.6386,-143.0673,-135.0455,-169.0110,-121.9674,-87.9119,8.0156,-270.2745,-89.2740,-138.4606
-176.6696,-171.9111,-187.9118,-168.8400,-207.0701,-121.5637,-39.6929,17.9278,1.3086,120.9316,-168.5291,-106.0524,-156.9592,-73.3801,-64.3150,20.6153,-257.7255,-70.3890,-118.4921
-140.7579,-125.1079,-202.6586,-131.2554,-191.0409,-113.0894,-39.8307,14.7311,-38.9504,121.1484,-194.9101,-32.5892,-179.7301,-24.7962,-71.8615,-21.1315,-202.2100,-60.5411,-133.0133
-92.9424,-78.1345,-201.4467,-77.7530,-189.5282,-69.3545,-90.9293,7.1995,-90.6095,110.1452,-184.4351,15.8156,-206.7516,-1.3073,-81.6839,-44.7324,-188.4363,-61.7809,-174.8591
-116.5992,-44.1466,-195.0415,-44.7304,-203.2860,-32.8195,-164.6243,-6.1011,-131.4712,62.3355,-135.3460,48.3083,-201.9922,21.7817,-75.1271,16.3342,-219.8448,-70.0057,-216.8399
-191.8145,-27.3199,-189.3268,-36.5993,-195.7209,-41.2920,-187.4549,-14.8069,-163.3256,10.8892,-103.7645,65.8292,-180.8170,42.4253,-97.1019,77.1501,-232.3284,-53.5499,-259.3349
-212.6233,-41.1687,-191.7820,-29.5648,-182.1326,-40.5112,-186.0209,-20.3569,-212.0734,-30.0007,-135.8774,21.0570,-162.7056,40.2028,-142.9576,46.8285,-235.8677,-16.1746,-293.4638
-176.0676,-69.7529,-202.1999,-18.5213,-202.1533,-6.7182,-205.1341,-28.4761,-254.8627,-82.1519,-190.5751,-34.8355,-155.0681,53.6866,-158.6057,4.2326,-259.9418,-6.6200,-287.2501
-183.0612,-63.9136,-212.1778,-14.0303,-215.2565,8.9848,-213.6965,-25.6447,-252.0196,-126.0376,-195.3899,-0.6946,-166.8287,102.3078,-146.5647,37.4843,-276.5774,-31.4577,-258.0168
-245.6532,-31.5287,-220.1161,-7.4790,-192.5047,-0.2802,-210.6326,-4.3873,-219.3438,-126.2751,-147.4256,74.7216,-174.0297,130.6581,-129.5686,68.0297,-279.3050,-45.9713,-255.7553
-269.8139,-29.3861,-227.8629,2.6917,-182.8580,-2.0858,-221.9669,16.1910,-188.1597,-107.4537,-97.4721,78.4610,-152.5645,120.0207,-98.3356,7.8479,-279.7683,-31.3237,-263.9456
-222.1388,-45.6537,-226.3940,-2.2514,-177.5182,-2.9032,-210.7345,18.5525,-165.0188,-106.1581,-82.2674,31.3498,-141.1019,108.0977,-80.5582,-79.0990,-244.4139,-5.2713,-232.5851
-166.5074,-27.0118,-200.9613,-7.7789,-128.1293,-6.4444,-172.7231,14.3805,-165.1185,-91.8701,-103.2875,5.6791,-161.3509,93.5037,-114.5882,-94.5863,-181.8428,16.3527,-174.6576
-154.0627,0.1838,-161.1781,8.4213,-91.6399,3.6605,-161.4652,34.5620,-186.2874,-18.6492,-124.7630,-13.6349,-159.3228,58.5991,-144.4527,-38.8850,-173.2133,19.6909,-126.2700
-173.9320,-23.8329,-150.7377,5.7267,-123.2109,8.6503,-143.1889,84.1020,-171.4861,79.0443,-108.0284,-55.7192,-121.6967,30.3146,-104.7099,26.2261,-226.1327,2.1656,-87.8069
-186.2428,-73.2251,-182.7013,-37.5723,-154.9110,-6.8896,-74.9924,116.0246,-100.3098,124.5533,-73.2181,-85.6746,-114.3223,36.1625,-45.2048,49.1578,-255.4685,-2.0913,-67.6806
-161.5652,-75.7851,-194.9045,-46.1881,-141.7516,-9.8884,-43.9318,93.5112,-35.7785,116.6846,-65.0222,-64.1105,-153.7454,69.3041,-27.2737,28.8843,-223.0847,29.4006,-82.3718
-119.1025,-24.4400,-147.9010,13.8768,-132.2787,11.0177,-88.5007,57.1813,-6.7301,116.5542,-67.7447,-2.7664,-182.2523,109.9713,-17.5348,16.0465,-169.6452,52.0137,-106.2231
-106.8011,23.1832,-108.3663,53.5071,-146.7269,22.7662,-107.6793,62.3604,20.9629,132.3048,-40.5391,58.9104,-172.2651,140.6034,11.8377,37.0546,-141.7129,25.2580,-111.5607
-112.3828,30.2771,-134.3345,23.4968,-157.1829,15.2711,-80.8089,88.4561,36.8458,126.5290,2.3810,100.7071,-151.9966,161.1501,25.8589,52.1998,-145.6211,-11.9216,-108.0124
-80.4319,15.8859,-167.4204,-10.0941,-147.6920,0.1972,-79.8121,82.9216,15.1615,105.0514,21.0007,125.0989,-151.0049,177.3034,21.8506,32.4772,-145.2842,-18.7494,-92.9024
-34.5636,2.2773,-143.5203,-10.2880,-117.1658,-24.3506,-78.7649,42.8950,9.5284,86.7988,11.8932,121.2283,-159.9417,167.7322,37.8960,4.3593,-118.9059,-22.2121,-51.7621
-40.6808,-21.6316,-95.8585,-20.1454,-86.4475,-50.4964,-27.1714,-0.7766,60.1710,52.2130,1.4825,80.6396,-136.0712,124.5605,67.4550,-5.9329,-98.9559,-42.3992,-8.6094
-65.4718,-56.7369,-67.0587,-55.6251,-71.2071,-59.2445,27.5718,-24.6761,108.4615,9.1437,7.3529,42.1427,-69.4700,91.8747,86.1569,-0.8270,-94.1868,-52.4948,20.7654
-38.3242,-70.4980,-40.5203,-75.7254,-28.6973,-53.1729,62.8854,-17.1690,118.7551,7.0216,18.1814,40.4546,-5.9572,92.6713,115.4963,6.3288,-52.3334,-41.8703,75.2672
10.7204,-48.2418,6.0958,-53.4147,70.9397,-42.0328,121.2723,7.0404,135.0427,31.1861,19.2262,47.8579,42.4986,97.2841,164.2739,-1.7024,30.8960,-20.6531,163.2374
33.2502,-15.5322,74.1126,-8.4376,174.2780,-23.7662,187.7207,10.3869,164.9630,8.7958,35.6622,42.4847,117.1397,100.8364,191.1915,-22.3367,89.9985,10.5185,219.3667
65.6645,0.2321,150.5043,24.0501,233.1112,-5.3970,219.9754,-10.7302,173.4780,-47.6839,97.5804,50.1733,207.9568,119.0157,194.8789,-27.9033,110.6333,31.3443,213.3030
131.3514,-1.8516,198.0917,35.0702,259.6345,-0.6388,242.7055,-14.9132,182.9746,-34.3814,171.9235,73.3318,259.0192,124.7353,229.2460,-16.8511,140.5174,21.1540,206.8092
185.6031,3.0244,199.4441,37.2918,275.3764,-4.3807,293.1290,13.9522,237.0051,67.1992,207.6148,82.9348,274.6104,101.4672,291.9914,-9.0034,192.2946,13.8242,253.3855
206.3275,28.6342,200.9937,27.1443,296.0536,-4.2203,358.7386,43.4173,308.2243,133.3191,215.2044,78.9259,292.2957,88.6990,324.6409,8.8032,238.7516,37.2827,312.6257
211.7712,44.9195,244.4306,3.6052,320.6291,-0.3206,393.2641,48.0775,338.1669,90.3833,232.7738,80.3952,304.9266,97.7021,322.1281,37.6757,270.2469,60.5891,309.2867
221.7601,40.9474,310.1641,8.8518,327.4808,8.7099,352.2154,27.6681,324.4240,34.9930,267.8543,96.7932,307.1418,91.5799,316.8924,25.1299,300.5793,73.0471,239.1019
262.9073,70.0053,370.6644,68.3563,334.9985,32.1518,260.7395,-17.2189,320.5861,48.5761,309.0130,125.9979,324.0822,77.8339,302.1849,-30.2207,342.0760,97.4028,169.0457
324.2899,134.8281,409.2653,124.8487,365.7667,62.5744,215.6484,-67.8438,363.6119,52.5415,342.9069,137.7397,340.1142,98.4637,281.4845,-43.4858,389.0829,108.5604,148.0595
343.4406,147.3018,396.2065,120.6411,361.1450,76.2952,246.7158,-82.3438,416.7838,-8.7959,361.0132,112.6739,309.0273,138.3255,300.6056,12.8151,424.4692,75.0535,166.5195
323.7090,99.9015,342.4185,90.3164,296.8001,73.5474,274.1685,-60.1464,418.2076,-51.7176,371.0379,98.7055,251.7425,151.7056,353.5447,70.5946,445.9574,34.1503,194.9680
324.5890,91.3561,313.8246,88.9685,260.9174,75.9720,259.8657,-52.6250,377.5282,-50.7025,377.5395,126.5566,241.4883,142.7874,382.3570,91.8690,455.9832,20.8460,211.7583
306.0228,125.9066,327.1652,95.0904,274.8853,71.8787,258.2508,-71.8144,352.1373,-85.4953,371.4664,139.1212,289.2267,140.2635,390.9221,93.8530,435.3409,11.7181,206.3921
216.1684,109.9322,332.3112,63.1668,264.2128,28.3733,289.8853,-65.5104,355.2958,-115.7866,360.1957,107.7041,329.2261,141.5978,414.3557,88.2104,380.4531,-14.7304,197.3470
171.1944,39.5361,315.7589,10.9814,241.2275,-37.7947,309.4625,-8.2191,367.2387,-23.1376,356.4720,83.9273,324.6528,131.5729,419.8922,96.0984,327.4512,-51.0760,216.4741
269.7209,-14.3417,305.7499,-20.6091,250.4642,-80.1674,305.0842,57.1429,380.4218,116.4666,348.4189,86.5320,311.6496,114.5588,386.0576,137.5569,294.9131,-81.7348,259.4462
383.2465,-34.2649,297.3192,-38.5583,246.8697,-93.0732,314.1708,79.1959,377.9686,127.8073,338.9893,97.4816,321.1869,109.9943,382.1251,172.1069,273.2828,-83.6631,296.4060
380.7405,-29.1460,276.6877,-55.8889,230.5726,-87.1941,340.5829,55.4177,340.1530,48.3373,359.9218,133.8301,335.0373,133.9734,436.4514,157.8735,278.2664,-53.2215,317.3922
340.6947,7.4343,268.4337,-45.4881,270.7037,-53.1502,343.5056,35.2851,291.1703,46.1925,403.6775,185.7519,342.6468,173.4423,462.5562,131.3571,322.0956,-23.5453,327.1511
359.5158,47.2167,285.5321,-9.1733,330.7253,-9.5040,320.0615,67.2642,274.3695,121.0283,416.1198,192.3968,356.0400,186.5834,415.8904,131.0025,358.4795,-12.9426,331.9612
383.3391,43.4058,294.0908,-3.0545,329.8275,-4.1701,323.2701,129.5477,293.6446,147.7482,372.7599,151.3120,359.1558,160.0280,362.7741,134.8939,346.8359,-4.9598,346.5523
343.7462,4.0496,267.4189,-29.3505,295.7455,-35.7402,372.0771,154.4784,319.1040,124.5603,309.7870,118.1009,332.6217,131.6942,340.0361,131.5078,317.4277,10.4612,365.5962
277.2401,-16.1111,226.3041,-22.1083,268.6255,-52.1317,411.0598,123.6234,327.7005,141.1920,280.9448,110.8361,303.0963,126.2151,320.4252,132.5746,304.4990,27.8597,351.2003
250.0050,16.4264,203.9948,24.8473,232.1595,-24.4779,388.7582,73.1495,322.1690,165.4672,290.5115,120.2136,293.2363,127.3113,318.2442,114.9354,292.2255,41.8649,301.1503
263.3297,73.4137,201.5621,56.9224,206.0026,29.9997,324.3741,31.9760,305.7391,95.5043,283.6601,134.7491,289.6131,124.5402,351.1044,65.6128,270.3261,58.3714,267.6853
271.3680,101.7595,203.3943,73.7417,223.8204,76.9593,273.8147,18.0669,250.4485,-15.3909,244.4095,119.8992,293.6494,115.9810,348.2498,31.6599,261.8732,98.9291,266.5802
265.6227,101.7945,215.1330,104.5965,261.3552,98.5136,256.3500,38.3661,154.5309,-33.8031,236.3157,69.8394,308.5642,90.0615,266.9868,37.9351,272.6302,153.2813,258.4030
277.5664,107.4990,245.5324,126.0843,281.6909,106.0433,238.0716,61.3954,100.0950,1.4115,273.2101,34.0614,299.2023,63.9968,197.4190,43.8214,275.6983,166.6825,237.5590
290.1418,105.3381,269.7467,117.0306,265.7901,112.2747,202.6914,62.8038,138.9681,-31.0699,275.4420,27.2472,260.0702,74.7618,207.1372,29.3524,254.6099,146.2496,237.1772
259.0564,78.2132,258.9608,110.6374,219.8801,117.5202,197.1031,70.4251,192.7013,-77.6870,217.0580,13.9545,240.9089,103.2173,229.6340,25.7602,222.5609,165.3657,251.6516
211.9700,69.6815,224.5415,127.2602,200.2285,130.7167,241.4752,95.8381,187.9686,-15.6256,160.1874,-10.7913,245.0085,98.1955,205.7779,44.5081,202.5536,209.6252,250.0694
192.5588,97.0651,196.9373,142.8714,234.8192,149.2410,268.1718,105.2367,158.3525,99.6334,136.6328,-30.2270,229.8823,67.3004,162.7374,58.8033,204.2893,206.7207,239.5280
181.2840,110.5941,194.8260,140.3570,265.8956,145.2188,234.2108,97.5093,119.5060,123.8560,132.3764,-44.4683,207.3497,55.4306,114.9958,52.0963,207.6826,193.0715,233.8538
184.2262,98.3277,216.4390,129.0132,260.2997,128.5326,178.7732,101.2935,35.7994,45.4268,132.5542,-43.7328,201.7313,69.3694,55.9495,32.5193,181.2233,227.4315,210.9879
241.1836,92.2263,223.2796,124.7205,246.0836,140.7097,124.8620,105.3090,-47.5825,-23.0397,116.4932,-24.0829,180.1477,82.3727,19.4544,10.3082,132.4655,244.0682,168.8273
287.8900,86.1451,181.0671,130.7516,220.6983,159.5802,78.3540,90.6844,-54.7610,-4.1296,91.4392,-11.0919,139.4828,78.6909,17.2451,-11.5719,100.3985,186.1513,150.4962
229.5597,73.2852,132.0545,125.1102,174.6518,135.5024,88.7129,73.8999,-31.3995,36.8268,93.0867,2.0726,134.7169,75.8311,0.8003,-27.4891,90.4196,112.7529,162.9589
128.9309,77.9867,133.3953,88.5424,136.2614,93.8650,146.4361,63.0658,-51.4670,-17.5700,96.6436,44.9999,158.7722,98.7816,-42.6133,-23.1457,75.6871,70.2760,154.9972
98.6611,85.2179,152.6442,44.4847,108.2592,76.2382,143.5856,52.1858,-76.7409,-111.4482,55.6745,75.6303,148.1790,121.5543,-74.6215,5.6932,53.2063,48.8769,107.3875
115.1467,66.0441,138.1678,30.4802,86.5321,67.1157,57.4869,49.1078,-68.6999,-69.9855,12.6128,42.9543,106.9961,100.9093,-91.4137,34.1583,34.9649,53.8826,52.7510
110.5329,56.2790,115.9185,46.8221,99.0679,56.5897,-20.7801,41.4083,-88.5152,64.9653,11.6156,7.3792,77.7383,73.6246,-112.1062,32.9645,16.4872,64.9771,0.2680
92.3819,89.3853,109.9476,68.2361,109.6893,57.3244,-68.8819,2.3071,-161.3716,72.8820,8.3901,40.0143,45.3623,96.2678,-130.0068,5.6777,3.3988,28.7719,-62.8543
78.1569,131.6974,78.8734,79.8699,40.7769,55.4071,-120.2138,-44.8161,-205.1557,-44.7101,-21.5036,92.2513,-14.3555,124.4978,-146.5765,-21.4876,8.1863,-32.9472,-121.1100
52.5996,148.3308,2.5921,80.2497,-73.4174,42.7295,-148.8452,-62.4180,-182.4433,-83.7809,-51.0809,99.7899,-75.9398,100.6901,-173.8745,-34.8227,6.0349,-54.4920,-160.0954
8.4481,129.4984,-81.8260,64.4240,-152.7025,32.8655,-154.9385,-64.5322,-163.7844,-7.9892,-84.4981,87.2361,-120.4555,64.2291,-186.8435,-38.9812,-29.1435,-48.3553,-184.7601
-45.8514,69.0790,-141.4121,22.6764,-205.6063,13.4932,-198.3615,-64.1368,-186.3739,59.4384,-115.1870,76.5007,-162.7836,52.0552,-163.9574,-39.3595,-75.7441,-56.2059,-179.3508
-86.7436,6.1846,-163.8297,-26.9521,-244.3213,-15.5245,-254.2563,-40.9812,-203.1570,78.5966,-107.4678,39.9575,-200.0390,38.4079,-147.0487,-34.6501,-110.6688,-55.6972,-141.3129
-93.3670,1.8001,-157.2557,-35.8543,-239.5337,-9.5482,-247.9550,-5.2556,-197.5694,71.6214,-95.6790,-10.0714,-209.5591,24.4734,-175.1122,-25.9541,-135.2402,-17.6892,-124.1822
-103.3746,33.0038,-158.6724,-1.0731,-217.1906,28.0857,-216.2509,9.8434,-203.9425,45.7879,-133.0320,-30.0551,-200.2664,27.7028,-209.6809,-21.0452,-142.7303,29.0345,-148.3955
-163.8333,30.0883,-179.4055,18.7671,-214.9978,38.6973,-223.6289,9.8054,-217.8278,45.4468,-180.0143,-34.9434,-202.3414,22.7291,-201.2073,-22.1984,-143.6531,44.7450,-162.6039
-222.5755,0.2058,-181.3127,11.0254,-202.5797,24.5827,-231.0488,8.9333,-219.2745,92.2788,-194.9769,-50.6637,-209.4807,13.3654,-179.2014,-25.5013,-175.6163,33.5367,-165.2446
-198.8317,-4.6132,-157.6433,22.3244,-175.5469,32.5726,-215.0531,-6.2330,-240.0434,106.7182,-201.2719,-39.6615,-196.3027,44.5678,-205.8467,-38.3781,-220.6701,26.6512,-214.2128
-123.2151,14.8219,-149.0716,44.6468,-186.9534,53.3332,-244.7095,-38.2177,-295.6403,37.5037,-203.4762,15.0423,-189.8269,92.9981,-274.3020,-67.7000,-219.9654,33.7893,-295.4524
-88.2140,26.4431,-157.9148,34.0462,-234.2556,51.4517,-332.1580,-70.6148,-339.2897,-46.0466,-201.0936,53.4397,-235.3683,95.6370,-321.2505,-93.3443,-191.9865,34.4799,-349.2227
-118.3257,23.0684,-154.7338,14.0329,-262.6344,30.5925,-386.4367,-96.1393,-354.6840,-72.2688,-225.6687,46.2587,-294.6580,65.2637,-317.4731,-92.5378,-192.9671,17.5404,-375.5112
-160.6371,15.3709,-152.9488,16.9493,-264.3380,11.1119,-368.7888,-104.3242,-374.0316,-50.0359,-257.8936,37.2966,-299.0142,52.2811,-288.7811,-70.0405,-202.4785,-5.3942,-381.6062
-160.8357,14.6914,-181.2130,11.4125,-274.3682,2.6070,-341.1143,-81.3956,-383.7806,-16.7071,-256.8012,48.8677,-281.1507,62.6662,-273.6765,-35.1741,-186.6312,-25.7218,-340.9857
-130.0046,23.7130,-226.2565,-11.1487,-302.8300,3.5172,-340.0692,-38.3010,-338.3305,9.7025,-258.0760,62.0642,-305.1366,79.2464,-289.2449,4.7236,-176.4584,-42.5978,-270.6387
-131.8283,22.0490,-259.6305,-15.5225,-322.9668,2.4334,-326.7347,5.3978,-250.1336,33.7831,-282.4174,62.3764,-332.3868,83.8921,-303.9781,22.1293,-188.9599,-55.4782,-218.4668
-180.4368,-11.5036,-274.6213,-17.6789,-322.2522,-6.2691,-280.0072,41.9196,-176.7444,53.6662,-280.0160,26.3928,-311.9220,55.1474,-265.8648,4.0132,-194.7250,-62.5552,-191.0771
-214.1394,-54.9548,-279.4265,-48.0805,-328.6846,-20.5725,-239.7573,57.5446,-160.2854,38.3801,-257.1373,-53.6204,-286.7991,1.4859,-196.6073,-15.5894,-196.8179,-48.2156,-185.5805
-207.3122,-63.3316,-281.3313,-67.8411,-344.3206,-37.7600,-227.6738,48.6743,-202.1936,-10.2278,-262.4952,-114.2000,-287.4194,-33.1482,-178.0153,-10.9194,-221.2884,-8.2752,-197.5434
-202.2833,-37.0765,-276.5976,-49.1015,-320.3813,-39.7301,-212.8208,48.0523,-247.3920,-16.5354,-274.8280,-103.5987,-273.4816,-22.4753,-218.0263,5.3463,-251.0497,12.6606,-182.9257
-213.0941,-19.4296,-258.9522,-34.2673,-262.2783,-21.0578,-190.4001,76.0413,-234.6232,55.2455,-272.5050,-70.7184,-241.9672,9.0123,-250.7717,25.0361,-257.9420,-12.0603,-137.3996
-207.0280,-18.9664,-242.1536,-40.5588,-237.4879,-21.9562,-197.1934,103.6548,-183.9037,125.8639,-277.1099,-64.9250,-229.8479,17.1313,-255.7104,43.1344,-245.0049,-30.9636,-124.1336
-169.5990,-1.9259,-241.9998,-32.1810,-243.1612,-49.0893,-218.4691,108.8484,-150.1708,130.9712,-261.9589,-55.4853,-223.0581,0.3630,-248.9166,44.4064,-217.0101,-8.0205,-130.7729
-123.0090,28.2640,-238.3159,-2.9416,-222.4618,-37.4701,-198.7860,110.5984,-125.7938,115.9818,-200.7002,-23.1814,-195.2982,0.0742,-222.9844,44.0231,-170.5609,21.8915,-79.9007
-107.1275,29.1222,-203.1549,21.5973,-177.1437,24.5809,-156.5846,120.0616,-91.3423,125.5075,-146.1067,-3.7141,-166.0235,22.5624,-186.9223,63.1984,-116.8471,43.3335,0.0407
-137.4323,2.3620,-150.6278,33.2667,-133.9964,66.2322,-153.0635,118.7926,-78.8951,123.1372,-129.1583,-13.7180,-151.2365,36.1370,-167.2614,72.9399,-77.1394,72.1433,27.2068
-161.4767,-8.7510,-115.0608,34.5707,-103.7492,70.4322,-165.2888,101.8455,-95.4455,91.3071,-131.5871,-31.9770,-143.1853,51.4619,-154.0917,66.3794,-64.9596,92.3266,21.7250
-123.4683,8.3136,-106.1165,36.7019,-106.9581,80.0936,-128.7035,97.4573,-92.5004,93.8131,-165.0670,-39.8964,-135.8810,86.7138,-138.8876,95.4031,-76.7932,103.2641,31.8396
-61.4438,34.3668,-110.3284,61.6622,-117.4592,95.2362,-67.8234,128.9183,-60.3572,160.8193,-208.7108,-37.3227,-120.7679,94.7397,-144.2363,143.6787,-94.2474,136.9347,38.2385
-39.3200,50.7587,-109.8259,97.7266,-74.4672,100.8110,-58.8554,177.3434,-37.5689,212.7620,-192.7746,-38.9321,-108.0534,59.4784,-166.7739,132.2110,-104.1640,168.0202,26.6221
-42.0410,42.9249,-90.6100,104.6980,-19.7247,112.8669,-106.1683,198.5104,-28.8452,188.3051,-146.2897,-41.5213,-129.7649,54.1962,-181.7311,87.0176,-105.9170,152.3599,8.0187
-36.7751,26.4874,-56.8795,88.8533,-28.1280,126.8261,-148.4453,175.5091,-15.1833,149.3357,-154.4517,-9.6699,-164.8847,95.8066,-176.9067,91.9482,-94.2824,127.6390,-25.4146
-36.8709,45.2797,-35.5068,93.2712,-46.0621,126.4511,-144.4701,136.9275,-4.3643,160.3250,-186.8451,48.7313,-157.6398,109.4433,-130.0853,124.4276,-66.3598,133.6434,-59.8616
-44.7476,91.0405,-38.2465,117.7485,-18.0178,134.1274,-103.4521,117.0087,-1.8690,174.5400,-175.0852,59.7009,-126.3876,82.0550,-59.1900,127.8074,-36.2635,139.3892,-61.6286
-41.7962,101.7931,-34.8181,129.5203,-3.4325,160.3297,-62.3012,117.5275,7.0701,138.7679,-133.9240,5.3486,-117.1641,64.1134,-48.3223,113.6373,-10.6050,130.7779,-45.2888
-41.0545,70.9105,-2.6670,122.2583,-13.9946,164.1184,-45.5034,116.2695,17.8217,90.7670,-84.3831,-37.9261,-107.5256,50.6452,-83.4593,84.8184,15.3804,120.9121,-37.9557
-59.8363,52.0973,26.3461,102.4629,14.9063,118.1936,-39.6703,98.0392,20.2490,72.7348,-34.9914,-27.1676,-81.7691,21.3754,-37.5094,38.6727,29.6810,85.4383,-29.6631
-73.1677,57.8419,22.0250,70.2877,63.8912,54.2585,-20.1029,69.8450,40.4439,62.6791,-23.7259,-1.0131,-68.4923,9.2039,75.1932,30.4484,31.8081,28.5010,-19.8663
-49.8236,56.6623,16.1838,46.3926,82.7059,26.1828,11.1099,46.4844,90.2724,33.7827,-26.6057,6.1986,-43.3084,27.5124,111.5245,61.3539,61.4910,12.3591,-14.5470
9.7852,43.4455,46.0686,51.9056,105.4571,45.9206,38.4505,26.1459,123.7028,-8.4800,33.4181,4.9431,33.5923,37.6829,81.7756,43.1276,132.0523,36.0677,15.9262
86.9538,34.5743,94.7626,58.8297,157.6842,61.8065,63.0222,-3.7117,118.0767,-50.9830,119.5712,15.0812,114.8440,21.5086,101.8118,-23.0944,189.2619,35.8928,82.3952
156.4149,25.0252,135.4826,31.0988,203.0606,32.1997,97.9965,-37.9826,118.7496,-86.1021,136.7223,28.1204,154.3104,-1.2806,156.1425,-53.3924,192.5825,13.5558,145.6970
191.7765,-4.1763,162.8665,-6.8014,221.9249,-7.7410,147.2838,-60.5773,144.6140,-120.2003,118.2870,6.2605,181.8454,-10.7754,172.4817,-59.9038,171.6957,13.4444,179.9943
182.9530,-46.7564,171.4862,-12.4317,224.3373,-13.8554,189.9397,-78.0994,151.3142,-168.3558,143.3012,-59.9098,203.3412,-1.9914,160.8806,-93.0433,165.7144,28.5651,182.2669
151.2343,-63.8131,172.1176,2.2163,233.1167,-1.4381,196.1894,-106.5461,125.9420,-220.4454,183.1341,-121.7217,193.5038,5.6259,140.9648,-118.5314,170.9715,33.2929,156.0112
136.4385,-42.8870,188.2450,2.6445,269.3157,2.7095,179.9487,-131.2436,113.7319,-251.5987,190.1574,-149.5950,192.7090,-16.0868,120.1285,-116.1309,171.4992,24.2253,141.4895
143.6387,-36.8348,200.2363,-13.7870,293.8874,-11.3738,189.5996,-133.5703,138.1161,-267.3860,187.9797,-172.7988,245.0910,-58.2509,140.6549,-126.6337,176.1444,-7.5544,169.0566
135.5581,-79.2080,177.8438,-39.8003,263.2263,-54.5196,222.5787,-141.0398,178.8997,-280.6697,194.4402,-197.7523,301.5831,-87.2632,212.3701,-152.9113,202.4187,-63.3661,192.5786
118.5297,-116.2507,154.9681,-78.1789,230.6920,-106.7948,229.3911,-182.8722,209.3716,-273.5283,194.5348,-182.1060,300.7616,-99.8925,283.9955,-181.5950,236.8085,-114.4727,167.6536
141.9815,-106.0798,166.2245,-114.4967,228.8753,-123.8208,201.6572,-225.5810,203.2228,-245.1942,197.0193,-119.0045,253.7539,-113.2980,305.2100,-226.8705,244.7012,-141.2540,119.1597
168.1676,-96.5809,172.9990,-126.5663,182.1097,-110.3119,157.7216,-224.7759,148.7592,-237.7507,208.6716,-66.9324,196.0063,-125.4646,240.1903,-252.2702,218.9510,-149.9286,73.6084
104.3117,-129.3907,141.6770,-127.1848,79.7693,-109.8886,88.2975,-188.4275,77.2022,-250.4953,186.3664,-81.5526,137.2377,-133.7851,114.5343,-205.4662,168.2268,-147.3730,36.3622
-5.4065,-170.7185,91.7297,-144.8669,10.3191,-137.4362,9.5079,-132.3210,32.9321,-213.7159,101.3709,-146.1514,74.7990,-153.4303,36.6153,-133.8918,80.6834,-145.3608,24.5995
-30.4178,-184.4952,31.5673,-174.6881,-25.8097,-175.7511,-28.9805,-67.7420,13.5916,-124.3695,8.4639,-184.3800,17.2087,-180.4855,21.4791,-107.6744,-31.7263,-162.0790,16.9272
13.5144,-188.7870,-38.0720,-197.2852,-88.8899,-199.6313,-41.2700,-57.8116,-21.7285,-102.6916,-21.2807,-166.9319,-15.5883,-188.5525,-43.4328,-116.9271,-112.7310,-193.5182,-45.0402
6.1708,-225.5050,-82.6568,-222.5867,-150.5466,-208.0446,-72.1271,-141.5524,-73.1745,-200.3310,5.6892,-159.3373,-18.6026,-187.4899,-130.7085,-134.1448,-151.5212,-219.6479,-135.4566
-59.6355,-303.8860,-76.0849,-266.1940,-154.5867,-242.3438,-88.2930,-219.5860,-74.8129,-277.8297,42.9106,-204.2399,-1.0507,-212.6484,-85.9633,-144.8564,-187.5522,-234.7974,-154.2073
-92.6020,-363.3286,-24.9685,-302.2407,-96.8570,-299.6550,-52.3948,-189.1023,-0.4470,-232.5477,83.8352,-249.8276,48.3850,-240.5136,49.4476,-127.8467,-193.0410,-238.3442,-82.5782
-54.7632,-334.4128,54.1380,-287.1191,2.4574,-293.4972,-10.6645,-118.2797,69.2547,-185.6163,134.0688,-256.6765,126.9682,-220.8587,109.1410,-106.0763,-108.7798,-221.3506,-3.4393
14.5630,-251.2599,117.4298,-225.4493,83.2997,-210.4126,6.0990,-111.4831,77.9539,-240.1227,160.6931,-247.1037,170.9037,-188.3954,108.4393,-115.3468,12.6663,-188.7170,29.1138
58.0432,-206.2495,123.9010,-172.2612,94.6975,-157.2141,32.4711,-133.0431,86.9826,-268.2946,139.5096,-223.9481,150.4187,-202.2779,139.0900,-115.9177,72.2280,-163.0545,46.6089
54.9371,-205.7818,115.1450,-161.9645,98.7536,-169.2152,82.3187,-115.2075,130.1138,-168.0021,102.8475,-176.6496,141.2018,-216.5738,167.1462,-77.7083,72.9888,-152.0123,94.1696
44.8883,-190.7460,146.0089,-167.6276,158.8968,-173.8017,145.2381,-77.5422,145.4065,-70.2173,95.6343,-139.4816,187.1558,-170.2572,167.4173,-46.5229,70.8415,-139.3691,162.3543
65.1321,-150.8846,174.2125,-147.5535,210.3261,-150.3085,215.4151,-44.7892,136.0548,-76.6313,120.1836,-134.5073,212.5459,-114.5476,197.7052,-21.4262,80.1914,-113.8267,215.0077
88.4029,-115.9844,154.3815,-107.0087,199.2825,-128.9191,246.2708,-6.4686,178.5142,-82.6179,138.9599,-125.0715,164.9277,-104.8320,253.7357,35.3039,92.8635,-84.0272,246.2797
73.6589,-104.1199,127.8898,-87.9703,170.2967,-107.9119,212.2155,21.9407,256.2782,-17.4000,117.8848,-87.0083,104.3233,-106.0208,280.5435,65.5195,83.0758,-60.7976,267.3131
15.1101,-126.3845,110.9762,-109.1871,140.6223,-95.2285,205.3464,25.7646,308.9128,45.0626,63.0090,-46.8820,92.3364,-98.3753,281.9046,25.1340,19.1774,-43.7982,276.1979
-66.5657,-168.3400,55.6182,-141.2942,94.1549,-106.8864,291.7553,35.5130,362.5101,93.2315,4.8248,-27.8426,114.8276,-105.2777,277.8016,4.0765,-48.9018,-35.7240,280.9220
-109.2301,-177.3003,-22.8465,-144.0693,65.0596,-111.6082,371.4820,64.6633,431.6500,197.5423,-34.4052,-15.9740,131.2888,-100.1204,266.6462,46.0339,-23.3753,-48.4884,289.3249
-62.1951,-122.8077,-45.1830,-108.9764,70.0990,-87.2048,346.2291,75.3017,450.7139,306.3894,-34.5733,13.6562,119.8634,-53.8086,258.0466,65.6054,85.9277,-73.7582,268.1182
6.6549,-31.0375,-4.0895,-53.3680,70.4083,-49.9231,269.9499,39.0220,401.2029,290.7828,9.7327,61.7781,85.2554,-10.8361,239.7936,37.6171,178.8711,-73.2715,199.0275
5.7708,48.3448,27.3311,5.2648,56.0149,1.0974,226.0734,-22.7418,332.3605,177.5270,50.8243,107.6891,54.3598,4.3422,176.1929,24.0309,201.8893,-34.6240,132.9932
-21.0327,72.8428,1.2861,48.2054,37.5207,50.6095,215.1742,-58.6790,256.5372,113.9571,38.0233,140.0541,43.8542,31.4143,85.4625,34.0451,156.2825,-4.0678,102.0733
-15.6843,42.2171,-63.3565,57.6002,-2.5321,56.9876,194.0454,-38.8672,158.5185,129.5068,-5.0817,153.6231,37.1590,69.1025,16.2312,49.4520,68.2261,-15.2239,62.7641
-41.0106,13.2595,-119.0109,47.0876,-62.4577,51.6900,113.9736,5.8247,45.4086,124.3654,-34.7539,137.8116,9.9402,75.7973,-36.7909,76.2095,0.8278,-31.3425,-14.1295
-117.1186,30.1695,-143.4648,55.5755,-110.4579,90.4119,-29.6081,32.6733,-59.4527,67.0110,-58.5313,112.4781,-37.7292,68.3074,-103.7217,90.2116,-14.5404,-13.4044,-92.6903
-148.9031,73.7878,-152.3316,86.9956,-130.0414,126.7015,-141.8764,54.3366,-115.6027,29.2134,-87.9209,113.1238,-83.1066,83.8107,-170.5127,76.3638,-27.0667,15.1664,-129.2953
-129.3446,111.7124,-157.8584,104.2198,-119.8161,111.8054,-129.1600,88.5732,-106.1323,45.6831,-110.8059,115.0238,-107.1070,95.8116,-188.0794,72.3003,-65.1996,22.0119,-110.6162
-148.9366,131.0760,-160.8067,96.6928,-103.0607,94.5235,-41.2568,108.6643,-78.0872,86.4317,-136.2513,77.3416,-114.6693,72.3859,-131.5140,68.8837,-92.8232,17.0850,-54.3740
-195.3082,120.3172,-176.9471,89.0316,-122.2765,97.1226,0.9705,113.9986,-64.2153,132.9940,-178.8464,39.2034,-122.7002,46.0597,-51.0250,25.5246,-102.1635,20.5858,-4.2582
-196.0813,84.7377,-204.8090,80.9317,-157.4672,80.4447,-26.3919,142.0592,-52.0199,167.7659,-217.5729,44.0693,-132.3667,52.3072,-29.2117,-0.0576,-119.4074,37.2394,5.3557
-172.0600,52.2625,-203.7264,55.6929,-147.3856,59.6893,-53.0505,172.6073,-65.0752,150.1958,-228.4944,49.5226,-131.3284,69.3837,-66.1685,51.7622,-134.5104,59.0491,-27.2757
-159.2496,39.4296,-163.5756,37.1465,-114.8904,72.6628,-43.7657,148.7403,-121.0652,77.9472,-214.9486,29.7657,-121.5713,74.0594,-93.2463,100.5722,-120.7612,62.9160,-82.9347
-121.3745,53.5464,-124.6359,57.9584,-115.6596,95.4666,-39.3589,84.8983,-161.6936,7.7806,-188.4256,44.6339,-121.2204,88.1926,-97.8377,73.3867,-75.9032,41.5302,-123.9662
-44.9058,92.3967,-95.0750,90.2241,-116.6352,97.6211,-68.9797,38.7621,-163.2479,-2.7475,-159.0967,119.1688,-132.3445,116.8890,-111.8839,30.8199,-21.5241,23.1408,-125.1619
21.4659,114.7686,-48.1963,79.4683,-85.5221,76.1889,-94.1376,25.7795,-162.7881,52.4585,-130.1201,181.2395,-131.6880,117.6902,-114.0877,24.3571,2.6175,11.8525,-116.4651
52.9898,92.0644,1.0606,28.1234,-70.3887,31.4832,-81.0112,32.2849,-140.3777,102.1908,-93.6126,172.4587,-108.5073,83.8983,-67.2173,25.6696,-10.1139,-24.0931,-127.1319
72.6219,66.0472,19.4929,-9.4757,-79.4004,-8.0246,-63.0462,42.0062,-88.5815,70.4207,-55.4215,126.2459,-83.1243,62.6723,-2.7723,30.5905,-6.2103,-72.9769,-127.4164
97.6707,60.6743,18.0717,-6.7386,-59.5516,-16.5367,-75.2452,34.6263,-78.5154,11.1204,-29.2523,97.2936,-70.6083,54.7326,19.2499,57.4669,27.0480,-97.4949,-103.9299
109.2663,26.4546,17.3057,-4.9125,-34.2167,-35.6984,-100.2072,17.3366,-84.6006,22.3073,-3.7335,74.2010,-67.5304,14.9316,-4.3242,84.8410,27.0660,-115.2747,-103.4639
81.8978,-46.0594,8.9174,-51.9683,-71.9437,-92.8705,-122.8140,18.8924,-16.9088,44.0796,24.0073,24.7789,-78.1903,-44.9676,-29.9525,94.3747,-16.1456,-143.2486,-138.6800
38.8365,-92.4220,-13.2467,-117.6732,-138.8828,-132.5873,-153.0429,28.3515,31.1109,-13.5047,16.1590,-18.1604,-101.2684,-80.4873,-56.9386,87.5965,-51.5871,-144.0933,-164.7741
16.6566,-92.3043,-38.9178,-133.4225,-153.3301,-128.1166,-182.4446,14.4837,-66.0767,-63.8637,-42.2618,-20.1341,-119.8373,-99.7926,-140.3010,46.9199,-89.8714,-117.5342,-174.1251
-19.3596,-81.0653,-61.7541,-108.3021,-131.3382,-126.3381,-194.8793,-9.0351,-185.6530,-39.8806,-108.4848,-27.5899,-146.7582,-121.0163,-262.5131,-22.6817,-164.8044,-106.8211,-201.5237
-107.5901,-67.6469,-82.3299,-105.2879,-142.4095,-139.2511,-201.6998,-16.8407,-179.2412,-40.5217,-154.0027,-70.5699,-207.2930,-128.7676,-308.6776,-69.7178,-243.3086,-93.9962,-250.1355
-189.6471,-54.1822,-109.3582,-123.6083,-190.3736,-136.2424,-222.5276,-21.9029,-124.4543,-67.0218,-199.8575,-102.5469,-272.2394,-128.6909,-262.6452,-76.6485,-294.2808,-52.9746,-294.1945
-212.4739,-62.5533,-159.5938,-124.7666,-240.2219,-126.3312,-262.4034,-34.7549,-115.4347,11.4847,-255.2316,-113.7707,-309.4894,-140.6138,-244.0459,-70.9773,-326.9147,-38.6480,-324.2754
-218.2522,-77.8319,-227.2780,-120.6659,-292.3108,-131.3335,-308.6145,-38.9261,-114.9323,142.2800,-289.1347,-128.8466,-344.9062,-143.1291,-271.2983,-56.1897,-335.6847,-72.5929,-348.6190
-239.1499,-60.5465,-281.1228,-121.4889,-350.4791,-128.7741,-331.6779,-30.9752,-104.4066,162.3364,-289.8686,-111.5758,-378.3027,-118.1775,-238.8641,-30.5329,-326.7318,-78.7429,-368.7371
-266.1422,-21.3689,-312.0271,-91.5010,-383.3272,-93.1314,-326.4226,-23.6109,-120.2659,110.9876,-298.5299,-62.1954,-366.4846,-93.9578,-157.4163,-23.3844,-331.6894,-27.0086,-372.7113
-322.5529,5.6837,-334.5289,-34.7119,-376.1641,-41.3554,-337.7842,-21.8354,-178.7824,94.2566,-337.0925,-61.6090,-334.9183,-86.2598,-146.8054,-45.2663,-335.8115,26.7429,-362.1621
-397.4387,24.8268,-344.1206,-1.3063,-357.5240,-4.0818,-386.2859,-35.2490,-281.0852,65.7269,-356.0126,-88.1268,-335.4003,-76.5349,-221.4528,-72.1769,-317.2317,57.6156,-365.3716
-420.2639,45.3484,-334.3689,6.8764,-347.9454,11.4322,-421.9684,-67.7357,-384.1027,6.5457,-325.4705,-49.1617,-333.0551,-61.2617,-290.5728,-86.5376,-318.7397,77.8851,-389.3053
-402.4154,52.9807,-331.0110,17.5592,-340.5991,15.3717,-408.2996,-82.6833,-408.6170,18.0042,-296.4059,0.2398,-295.4085,-52.4088,-294.7283,-72.5769,-349.0524,84.6593,-394.1258
-394.1015,57.4477,-342.7933,29.4118,-320.4701,19.2735,-371.2904,-46.2280,-375.0497,102.8099,-286.8348,-24.0991,-262.8709,-46.4719,-249.8407,-22.0871,-343.5544,93.7093,-357.5990
-341.4201,92.0085,-322.2340,53.6636,-269.8147,39.9675,-337.2586,8.8594,-376.6971,134.7822,-240.4052,-40.4757,-238.9158,-28.2910,-227.5434,28.3280,-298.3621,126.3963,-308.1845
-239.4779,142.0243,-246.2020,109.1684,-198.5348,89.2626,-303.9695,35.9568,-397.5758,70.0003,-163.7536,16.8683,-193.8060,15.8849,-261.1238,44.2865,-264.9497,150.9079,-263.9638
-230.0188,155.9933,-176.8529,159.9865,-156.6937,144.8859,-272.7022,51.7123,-365.6532,1.2691,-132.2833,69.6327,-163.9526,78.2747,-276.2033,52.3475,-233.4436,140.3081,-210.2778
-319.7375,139.7841,-172.2488,174.2667,-158.9782,175.6949,-249.2882,92.1166,-318.6892,19.8800,-143.4973,82.9032,-173.7024,120.9244,-232.8895,82.5566,-187.0690,129.3384,-146.9959
-319.4375,144.4760,-200.2644,183.4336,-160.6055,189.4908,-227.1374,146.7108,-317.7161,101.4680,-138.3120,102.1221,-174.4807,127.6029,-214.7570,121.0283,-168.8649,137.4392,-96.6380
-200.7680,158.6003,-202.0318,194.7744,-148.3696,199.2251,-197.0944,184.6089,-314.8098,145.1503,-116.0316,117.3508,-162.5234,129.4068,-246.7951,145.5464,-192.6141,137.5650,-71.9805
-138.3196,132.6018,-179.4382,170.7868,-146.7815,188.2098,-164.5779,189.6076,-254.4475,122.3728,-100.2936,109.3495,-179.6869,137.2577,-248.2080,135.1186,-216.1539,133.1740,-65.0585
-173.2658,99.4675,-162.6398,132.3297,-137.3406,160.7851,-152.8428,160.4536,-192.3828,96.9906,-95.1420,107.1967,-203.7167,124.7705,-223.5721,85.3591,-212.3004,150.6032,-59.2674
-185.8703,128.1268,-143.4840,137.8993,-94.8520,148.7531,-176.1853,124.7386,-211.5447,86.4365,-110.7912,105.7314,-203.2529,102.0766,-232.2991,49.7181,-170.3834,163.9904,-47.5442
-138.9943,185.8241,-98.8976,178.0327,-49.5447,152.9565,-205.3862,115.9495,-281.7103,50.3007,-120.5387,83.1909,-194.8912,106.3218,-226.5119,65.3550,-102.5953,136.1622,-35.9723
-96.7600,193.3971,-43.2165,202.7469,-23.1258,161.2862,-197.0969,110.9136,-288.6190,-11.6611,-67.3016,68.5694,-162.1927,126.1750,-156.4079,75.7822,-66.0116,99.0036,-24.3716
-88.8425,162.1994,-7.4949,197.9194,6.3544,178.4908,-148.4210,69.9127,-201.0488,-83.6167,15.7601,76.2334,-81.6818,132.1686,-83.7518,49.6446,-63.1748,100.7717,2.1288
-79.8079,147.4874,11.6466,178.3305,47.6550,184.3632,-82.2073,28.7609,-111.6558,-153.7215,46.9239,75.5791,-4.1698,133.3811,-54.6592,52.6550,-9.2404,120.8699,54.5889
-20.0334,146.0115,44.7878,161.7736,97.9242,158.0652,-15.5772,41.7954,-75.7316,-160.3313,52.9406,56.0382,40.7073,132.8458,-36.1919,99.6607,98.0717,117.6880,124.0940
91.1482,132.9816,106.9334,152.1424,171.2176,133.7490,46.1520,78.9899,-30.3199,-77.2246,107.2503,29.3650,101.3764,111.4759,10.0362,117.2847,154.1067,106.9575,186.7825
196.5132,113.1572,189.4861,129.5678,262.2789,125.6669,134.3355,84.2356,78.6529,4.0394,192.4407,14.9301,181.1743,87.7730,104.5830,93.2756,151.4999,109.2778,235.5534
258.3575,89.3714,269.7203,87.5732,336.2641,88.1136,281.8903,60.5252,210.5314,17.7671,262.7726,47.5462,226.6719,93.0078,224.4422,79.9573,190.8562,80.4502,299.9865
287.5647,55.3454,314.3719,46.9855,366.9893,24.0699,424.9427,31.6311,299.9366,-3.0526,320.6925,121.5809,244.3143,107.8624,307.2799,88.4477,283.6766,-8.0639,388.5772
295.9445,22.3699,314.6713,11.3539,353.6107,-8.1334,468.9144,8.3807,330.9186,-48.6696,369.7661,180.2749,278.0728,119.1732,354.8266,103.8651,354.5800,-82.4281,450.7116
303.1769,5.2325,313.3983,-18.3166,339.6768,-2.7941,453.6583,3.4264,345.8470,-117.7751,404.2713,204.8693,327.6592,157.7763,405.5927,113.8588,396.3391,-65.4183,473.2703
337.7924,3.3896,352.6945,-8.7753,393.1113,14.7607,473.3820,7.2601,395.8734,-137.7733,430.4290,214.3487,376.9832,203.4227,422.2893,98.4315,448.9932,1.1220,517.3890
380.1925,13.3631,422.1818,40.1781,505.7513,45.6895,505.9891,-4.3363,463.6648,-88.2680,448.9224,201.8339,427.6474,187.4123,395.1845,77.4059,496.5463,31.2313,581.0833
401.0173,32.0329,493.8459,69.2769,592.6468,69.9800,513.3810,-12.1614,486.4170,-55.8550,472.3233,165.7371,481.1072,129.0522,408.4765,85.1993,507.6003,24.9445,585.0538
424.8247,47.3696,555.2609,56.2662,623.5192,58.2787,549.1418,11.5207,462.1624,-60.7022,522.2119,131.0693,533.8524,103.4382,455.1628,79.6393,498.7180,30.7882,540.9040
456.2262,43.0056,585.2717,36.5558,635.3239,34.8185,613.1761,39.7808,445.9641,-31.0000,563.9700,103.3579,573.0502,94.6233,450.2025,27.2490,483.5021,42.3874,535.5558
455.0219,11.5621,565.1058,21.8119,632.6544,22.1669,620.9998,49.2514,458.3027,24.3448,547.4619,73.2552,579.6518,51.9414,442.0266,-4.7085,441.8685,26.3971,559.1046
435.4083,-34.2047,517.9182,-1.6534,597.7062,-1.4443,580.9131,61.2094,474.2310,17.2066,504.8389,34.2615,557.3850,5.8532,497.0475,9.6770,385.0822,6.1220,543.6573
435.5051,-69.2826,481.2585,-28.3088,545.4766,-34.1439,567.1725,71.0721,464.8021,-54.8427,487.9466,-24.9189,526.5298,-16.1610,520.5848,2.5299,361.2378,20.8740,498.1010
423.3209,-83.7921,463.9270,-46.4876,493.2125,-49.4017,563.8051,45.6976,423.5433,-96.8207,482.6663,-77.9235,498.3264,-48.4154,456.7752,-23.9499,370.3105,35.1276,457.1182
383.5004,-84.3505,456.0757,-48.0973,444.1026,-49.0067,535.3926,0.4883,396.7556,-65.9232,473.2050,-70.6782,485.9816,-80.0690,406.3613,-12.6879,371.8692,-4.7408,418.2116
377.4271,-71.4534,445.1959,-29.4970,412.4688,-37.1748,518.0195,-20.1560,446.0600,-16.9898,471.7783,-27.2880,493.1397,-63.3717,417.9049,5.4625,372.3792,-56.7233,394.1072
412.6910,-47.5966,425.1386,-14.0598,406.4838,-16.0465,521.5439,-12.8403,552.7101,27.1958,464.0241,-21.2422,492.0791,-32.4387,446.8677,-9.2957,399.1301,-53.0822,399.6574
418.4301,-32.7756,406.6979,-24.4342,412.6635,-20.0612,517.8568,-6.6526,640.4842,115.2799,442.8812,-44.7031,472.7718,-42.3818,489.5738,-14.7585,424.5633,-34.5614,404.8973
387.5856,-40.8444,394.9354,-43.2029,411.6117,-59.1738,529.9371,-21.0598,671.5970,215.3966,440.0167,-47.5879,462.2017,-58.8187,537.6044,11.2628,418.0764,-71.1680,392.0062
387.7949,-58.6285,375.7135,-53.5050,386.1722,-82.4479,564.2523,-44.2581,635.8673,215.8820,455.4945,-35.4723,461.7625,-40.1044,540.2962,42.6562,411.1245,-121.1607,380.0938
435.7750,-59.8237,356.4707,-55.7702,351.1669,-64.5671,551.4457,-45.3168,526.4762,137.2043,463.4267,-21.7433,456.0420,-16.1106,500.5035,67.5366,431.8963,-111.0058,359.5530
465.0297,-27.1023,363.7823,-28.3077,355.4512,-33.2615,472.4052,-27.9601,391.8954,101.4637,476.4164,8.8350,463.1570,-13.8579,446.8576,58.5184,453.5618,-63.1236,310.9961
425.5757,23.6043,383.7868,29.0001,389.9991,-4.5073,399.9142,-26.7228,305.1076,110.7056,489.1884,42.3434,478.1442,-21.4784,369.7553,1.5093,448.0511,-32.9208,271.6809
368.6627,45.0687,380.0209,51.5096,373.5470,14.6855,369.5760,-30.2524,265.8122,112.3089,447.7423,44.0765,444.1525,-32.5457,293.5410,-31.0540,416.2426,-25.6320,275.4742
371.6823,23.7988,348.7432,15.3108,292.4336,10.0479,348.7476,-8.3349,238.8981,133.8983,360.9866,21.1438,357.6135,-41.6101,266.3324,-7.2378,370.5672,-30.2731,280.3781
400.8601,11.0380,300.9574,-6.0074,232.8661,0.7724,319.0218,1.6860,235.9395,146.0058,303.0529,6.8105,292.7026,-37.4411,259.0153,-20.8729,335.2421,-29.6236,240.2386
375.4777,37.5233,253.1304,29.4137,236.3654,17.3463,288.9886,-34.5603,253.7872,62.5066,276.3673,2.6726,280.5665,-33.2609,216.2730,-96.4511,324.8501,7.8462,180.2993
321.4972,61.3769,235.7676,66.3003,248.7568,43.6159,256.8409,-65.3804,230.1864,-42.9946,229.6473,-15.6035,270.7372,-41.3707,146.6707,-124.0721,313.6278,60.1794,137.1461
286.5712,52.7998,232.7980,60.9276,213.5526,51.4511,202.9253,-57.4900,149.7858,-56.3986,175.0315,-37.3793,219.9896,-37.3155,87.2094,-73.9419,270.0798,58.1341,89.7905
218.6773,40.7762,184.0360,40.0794,127.0288,45.0715,117.3944,-50.4256,82.5176,-58.4061,144.4031,-24.8108,145.0388,-8.8940,65.1082,-25.9039,197.1436,7.9025,16.0013
102.5174,35.6504,102.8541,33.4779,28.8528,35.3105,40.1806,-39.9827,56.1478,-119.4947,109.9458,-3.3176,87.7501,9.9630,81.4999,6.5196,109.5840,-19.7899,-43.8382
28.6267,14.8703,56.7984,32.8060,-31.9175,27.5634,15.1951,16.5300,12.6226,-125.5853,49.2111,-25.7285,55.3550,-0.4892,81.0088,50.9417,21.3289,-23.2092,-56.5447
23.2956,5.2073,28.6945,27.6720,-53.8244,29.5825,-5.1323,72.7977,-66.4262,-41.9852,-8.6818,-35.8951,10.0295,-8.2985,15.0451,61.4171,-37.1229,-44.9419,-69.1092
25.5237,50.8951,-33.0847,28.4838,-83.2603,33.6698,-90.1960,53.3174,-125.6641,2.5286,-52.1085,38.4950,-70.0669,14.6674,-79.8732,12.7550,-48.1132,-61.7174,-131.0694
17.0150,103.0314,-88.1214,38.2258,-140.9389,25.8274,-196.1191,-2.9058,-159.3133,-17.5192,-105.2269,109.6686,-153.3459,48.1769,-155.4316,-8.9110,-46.7155,-38.0620,-210.5257
-10.4833,80.7876,-88.8628,39.4533,-198.9866,16.4834,-253.7602,-10.8390,-224.1404,-25.7303,-166.8678,84.0424,-204.7198,63.1537,-225.2690,57.0024,-84.4619,-7.7562,-259.4136
-89.1315,14.8442,-82.1743,28.9105,-234.4370,19.7782,-298.2036,16.7946,-311.8552,-43.9910,-211.1308,44.5046,-232.0452,64.9212,-304.7144,131.2860,-163.5756,-2.1963,-288.1318
-173.9864,-9.3580,-118.2799,22.0005,-256.8173,23.7528,-361.4711,5.6736,-351.2951,-104.2034,-235.0574,67.9918,-262.0120,66.7624,-368.4113,115.4145,-236.0244,0.7648,-322.8675
-195.5518,6.0634,-173.3026,15.7848,-281.7040,14.8848,-388.6980,-58.8880,-335.5739,-127.5447,-254.5987,93.7708,-300.0835,59.4784,-393.0424,29.7358,-267.4630,12.5474,-362.8119
-193.9800,12.6285,-203.1985,8.7674,-303.9250,7.9247,-367.5149,-121.2850,-321.8696,-75.1016,-275.1933,86.0974,-327.5799,35.3946,-391.8388,-48.8504,-273.6235,21.4279,-398.3878
-219.7203,15.0243,-200.1424,27.4477,-306.3837,26.0944,-360.6750,-141.1102,-333.7569,-27.3058,-290.2449,74.9221,-334.6616,4.8214,-397.7832,-91.5679,-276.2961,33.7019,-413.9727
-238.4488,29.8597,-197.7086,60.0801,-292.1364,57.2370,-377.0162,-138.5690,-356.3182,-45.1460,-293.4708,58.1304,-340.7446,-16.6399,-409.4302,-93.2032,-269.1531,43.3758,-394.3123
-250.3044,38.1246,-226.2995,46.8464,-285.0511,57.3839,-378.3932,-144.9101,-374.3892,-111.2789,-283.9323,45.2098,-355.1710,-7.0687,-391.3365,-53.6612,-260.3694,15.9340,-361.7305
-295.1527,27.4265,-256.1516,-5.5887,-294.1890,15.6127,-374.1399,-151.2640,-371.4032,-181.6787,-261.9182,56.3005,-348.6888,35.4795,-361.5611,-22.1506,-286.4148,-43.4065,-358.4747
-320.9629,-0.3967,-247.9062,-32.1552,-308.8027,-26.6452,-383.6750,-135.5333,-349.1464,-199.2163,-229.7959,40.2008,-306.6835,56.9684,-374.7625,-39.2449,-343.2239,-82.8767,-379.2649
-263.4564,-46.4741,-236.6944,-42.0835,-322.5366,-45.3507,-384.9030,-99.6195,-330.3635,-138.5040,-204.5741,-22.6955,-261.8574,20.3162,-396.8813,-59.4697,-375.9881,-85.7226,-380.0375
-193.9884,-86.1012,-262.0313,-82.7508,-336.0562,-60.5327,-365.4982,-60.7430,-299.3721,-60.5172,-208.1341,-58.8308,-247.6626,-24.0924,-358.3008,-45.0299,-368.4954,-83.5601,-353.7216
-208.8640,-90.9469,-291.0625,-121.6028,-348.1924,-81.0252,-344.0394,-39.3683,-218.0739,-18.4150,-236.2287,-67.3166,-272.4438,-40.7547,-292.3039,-34.7246,-365.5761,-95.7171,-333.9162
-274.0291,-86.7962,-303.3808,-116.3217,-352.2349,-95.3069,-329.7001,-44.7130,-124.7546,35.0675,-272.3534,-113.6759,-323.2617,-74.3787,-251.1057,-42.0724,-393.5407,-111.5698,-330.4932
-308.3803,-103.1792,-325.0564,-102.5515,-343.4125,-106.1553,-320.3653,-52.1861,-108.3580,124.5584,-317.1796,-160.5450,-356.3925,-125.5572,-213.8043,-38.0004,-428.6261,-118.5751,-325.6483
-318.9841,-116.4834,-345.3004,-109.0943,-342.5404,-116.5625,-317.9138,-35.4328,-175.9600,154.8598,-352.8677,-152.6140,-338.9355,-127.8125,-192.9360,-39.3902,-444.2560,-117.8990,-322.4990
-351.7295,-112.8573,-339.0657,-111.5816,-376.5742,-117.5583,-322.0841,-18.6643,-250.3723,73.2376,-338.7866,-138.4867,-303.5220,-91.3344,-230.5263,-62.9896,-436.6324,-115.1762,-339.5065
-371.1770,-109.8570,-331.1012,-103.5503,-416.9609,-111.4759,-335.1324,-39.2879,-286.4257,-15.6242,-299.9008,-145.2141,-295.0129,-84.3223,-269.6649,-71.5460,-407.6268,-103.6733,-370.8313
-305.0601,-94.5522,-334.3617,-96.1863,-409.8548,-101.7615,-354.4458,-79.5316,-298.3000,-16.3078,-313.7245,-134.2861,-306.9865,-100.0138,-239.2263,-59.3764,-365.4938,-73.1409,-393.8151
-205.4714,-56.1787,-327.6921,-76.8481,-368.2466,-79.8451,-350.1348,-92.2910,-291.0468,27.1559,-372.9509,-105.7952,-318.6880,-98.8553,-178.1351,-55.1605,-340.0876,-35.0646,-390.0206
-209.0297,-34.7901,-328.6900,-45.2720,-337.0605,-51.7156,-297.9051,-70.1391,-245.9323,43.9417,-397.0249,-65.4450,-317.0645,-84.7706,-131.7919,-40.6954,-349.6254,-6.2663,-347.7885
-299.2861,-38.5184,-353.8863,-24.8327,-305.1993,-30.3373,-229.7032,-48.6184,-179.6655,34.7764,-373.4170,6.3154,-283.0526,-51.3009,-96.5162,-3.2327,-354.9001,21.5567,-289.5269
-312.3924,-17.1389,-349.3668,-10.9299,-249.5136,-4.0865,-194.6646,-52.8002,-149.6143,19.6430,-346.4734,68.2024,-231.1179,14.5781,-104.3474,18.3873,-303.3540,59.1517,-261.2481
-216.7957,27.3152,-287.4785,19.2799,-194.2870,37.7621,-185.8707,-64.7616,-164.7436,-7.9408,-321.3689,64.7939,-202.7644,68.1498,-165.2858,14.8705,-211.0099,95.8692,-245.6304
-148.5104,41.2092,-230.3481,56.3658,-162.7477,77.3161,-164.0846,-58.3739,-160.9207,-51.4250,-293.2447,29.0088,-188.6346,66.5798,-194.9965,9.1134,-135.3983,120.3583,-180.0979
-152.8293,32.3652,-212.8151,73.4986,-140.7599,93.2281,-128.7562,-42.7149,-114.1188,-67.6255,-279.9798,12.1943,-155.4445,37.7347,-155.3385,1.2313,-88.4131,128.6210,-89.4024
-141.6304,46.5696,-185.8737,68.9438,-101.7352,81.9495,-108.3787,-29.0667,-88.0059,1.1724,-266.8071,18.7746,-118.5961,24.7506,-116.6657,11.1232,-47.2690,119.1768,-56.0466
-95.8793,71.9528,-118.9335,62.6199,-36.4130,60.9432,-108.9779,4.3566,-110.9274,100.1822,-216.4908,42.6000,-92.2380,41.3310,-103.9621,69.2240,-13.5052,104.6750,-67.0611
-78.0449,70.8544,-56.0516,62.0977,17.7379,56.9229,-113.7819,57.3750,-114.3667,84.1338,-135.9035,59.6501,-57.4688,80.1036,-64.9462,137.6873,0.3495,95.3842,-48.3523
-81.8719,46.1282,-46.2553,51.3272,10.1164,63.4530,-101.6500,84.0808,-51.6251,-27.7666,-65.4930,42.3616,-29.2898,106.1660,2.4236,166.8543,-3.4278,79.5421,1.4848
-58.0971,21.8806,-74.0658,28.5247,-31.1303,50.9712,-51.9796,74.8321,30.1429,-40.8680,-33.3362,20.2149,-30.5034,91.6705,52.1722,164.1839,-20.6087,59.6926,40.8394
-25.7838,17.6477,-82.2763,28.4229,-29.8433,37.6550,25.1089,73.1276,69.8919,68.2698,-31.3383,25.8671,-19.3335,61.2271,75.9364,133.3199,-38.6306,61.7901,58.5433
-18.8950,45.5543,-45.3215,67.0452,21.0304,64.0292,76.9688,88.0446,54.9784,118.4436,-16.2793,33.5496,35.9831,43.0131,81.2667,82.1844,-31.3870,89.5133,56.9745
-7.3242,87.1510,12.9248,110.6489,78.7308,112.0736,76.3139,89.9991,11.4531,73.2997,26.1780,25.6049,90.1570,30.1997,66.4679,73.8873,1.8042,131.2930,54.0871
23.5914,101.3079,65.9206,135.3771,119.3631,142.8068,57.8577,82.3579,-8.2007,43.7012,49.8692,15.5446,102.7374,28.2308,69.2765,118.3769,27.2859,173.9517,72.8216
24.6006,80.9632,96.1212,143.6676,115.3352,148.1889,51.0195,82.2994,29.8514,10.2242,48.3242,5.6102,82.7393,50.5942,132.4800,121.5239,29.4888,166.7567,79.1916
-5.4500,57.0795,84.5808,118.6400,62.8304,113.4769,47.7534,67.4093,84.6393,-90.7789,82.2577,5.6567,47.1358,67.5229,203.1116,50.2118,28.8243,85.2285,37.6139
-0.4677,41.9961,48.9608,62.5698,28.8264,44.5547,46.4129,19.4648,95.1424,-165.9072,145.7293,18.8149,24.6619,43.1291,193.1640,-11.0849,41.3470,20.7227,9.2874
30.6742,26.4546,36.3244,38.0213,51.1437,14.6588,51.4206,-23.6639,80.9555,-119.3875,166.3782,5.4381,45.7577,-7.3719,132.0113,-10.2886,62.7003,45.2379,51.6659
18.7871,22.7895,47.0814,66.1354,80.2599,50.3424,49.6691,-21.5362,101.2454,-11.5410,153.6851,-37.8438,85.0036,-45.9623,108.3177,13.2557,88.6364,80.5955,101.5874
-0.4862,46.3240,52.8569,77.8228,90.6542,70.3426,33.9931,1.6318,136.1028,60.2465,169.4468,-53.5055,98.5264,-55.6837,101.3489,10.7468,119.3917,65.6325,94.1136
54.5318,70.2130,68.9665,46.1563,106.2337,43.0080,11.1323,-0.9558,108.8112,71.7044,198.4691,-35.3824,101.9889,-45.2729,49.9259,-21.3199,141.9287,68.3651,77.5816
121.5733,60.5086,107.3813,27.6994,119.6472,36.9520,-6.8028,-15.9049,19.2749,61.1765,196.6073,-19.9795,125.5920,-30.9014,11.3647,-48.9962,132.5576,107.7234,112.4004
93.3554,34.3808,125.5075,37.2585,125.6772,66.2217,15.5325,6.6822,-40.1907,76.7285,179.6587,5.7378,154.6395,-6.7477,57.2467,-46.3143,93.6496,108.1255,171.5968
33.0090,32.6978,110.5523,42.5800,158.2148,76.3003,92.0097,63.0237,-25.5498,86.7932,177.3800,49.2594,173.3829,38.3220,120.1554,-22.7625,63.9210,81.3392,196.0017
68.6793,60.9701,111.9600,59.1231,208.3706,70.8521,149.3384,103.4622,-1.5595,21.2179,184.5891,65.4003,188.0259,71.3196,118.3548,11.9331,70.6549,101.8508,180.0914
176.1982,89.4211,138.2959,97.0034,219.3701,87.6980,127.1667,115.5822,-5.3674,-58.2892,180.9476,36.1239,190.2376,55.9557,100.3762,52.2595,99.2383,137.4385,175.0259
241.7099,89.4875,145.1213,99.6742,179.8208,107.3948,92.6542,128.3707,32.0386,-21.5386,155.1331,-7.5045,167.0116,26.3639,132.1863,62.4905,123.3897,114.8261,210.9336
226.0690,63.6646,130.4643,54.4226,130.1330,94.3008,120.2943,154.7716,140.4180,97.8809,124.2612,-23.0259,129.8885,31.1529,172.1320,30.1494,133.9590,58.7630,246.3465
162.1422,44.9986,124.7484,30.4559,105.7125,61.5134,162.3087,177.4326,229.5768,158.4420,111.5273,21.6133,94.0610,52.2937,150.4021,13.5470,132.3737,28.3877,229.4787
96.2603,51.0824,119.1765,47.3482,103.5119,47.8174,148.8195,169.5116,245.7190,143.8212,97.4891,87.1021,61.1938,57.9789,80.2177,48.5176,123.0827,24.7101,162.9313
65.5519,60.0108,95.5724,61.8377,82.4989,69.3750,92.4212,126.4331,241.4395,154.7822,64.0368,90.4106,33.6184,61.1320,31.5049,91.3540,112.1336,25.0689,80.1987
56.4972,56.3809,74.9697,71.4981,29.7736,98.5106,35.9838,86.1637,230.6481,236.6455,47.6564,52.2354,12.0820,69.3358,29.8759,102.1065,101.0795,27.9159,19.9583
31.4015,54.8102,74.7745,84.9302,-4.3928,95.8808,2.2232,78.6080,164.3378,324.6409,62.7566,58.9176,-11.0562,57.9309,31.6786,94.2604,87.8892,43.7380,12.2174
23.3871,62.0546,71.8024,70.8653,1.7999,66.6841,-1.8091,80.8930,62.7430,339.7502,61.1436,97.5112,-35.5631,26.1765,12.1022,98.7204,67.9114,67.1493,34.4714
75.1260,68.4148,41.1641,38.3854,4.1188,42.6657,11.1896,80.4264,-3.9434,292.0286,21.8009,111.3533,-50.0624,12.6671,8.4351,120.4475,37.2734,68.9949,39.6222
107.2308,69.6191,-13.5516,39.9344,-17.5063,32.0565,25.6605,101.2035,-23.5915,228.5615,-27.7900,105.9714,-50.6914,34.6487,36.8367,114.9923,8.3339,45.5700,34.8990
37.0214,65.1122,-68.4837,65.9381,-46.2438,39.4496,38.8318,123.5175,-23.9707,127.9984,-68.4134,84.1292,-43.4230,60.3243,54.9841,52.5146,-5.4309,42.0121,38.7231
-45.2224,65.8180,-87.7669,77.4106,-75.5534,71.5115,38.4935,107.4586,-34.1130,-3.1232,-80.6515,47.8273,-31.6967,63.8893,39.6871,1.7793,-19.0274,69.4426,25.1775
-29.1332,91.3567,-59.7983,88.4688,-85.1413,92.6054,20.3248,90.5317,-74.3360,-39.6913,-55.2081,50.2039,-18.6543,65.8682,15.6696,32.5232,-44.1456,72.5591,1.6998
12.5378,120.7147,-37.3429,98.5597,-68.0853,66.4660,15.0816,114.1484,-102.3832,55.7589,-37.1429,86.9623,-16.3197,80.4531,2.9446,90.1970,-59.4010,33.9174,13.2622
-20.6974,108.7007,-73.3997,67.1340,-77.4783,27.4681,34.1967,134.5113,-64.5088,135.2594,-54.3085,81.4879,-31.9234,74.1180,-6.3347,104.0407,-60.6889,6.5260,33.3562
-67.8558,71.4638,-120.9922,19.4242,-118.2856,18.2126,40.7840,130.2351,-27.9735,141.0463,-58.6922,51.0798,-45.6438,33.1178,-34.9495,99.3336,-74.2886,14.5254,6.6559
-47.4676,62.8916,-96.5922,22.0272,-106.2947,22.2562,14.8164,143.9505,-80.4033,177.0124,-27.4694,74.5964,-30.3622,10.8550,-90.2132,106.7606,-88.0816,29.3675,-39.6523
-6.2571,84.7541,-25.7748,59.2777,-37.9868,23.1782,-23.2704,153.3979,-150.8264,219.3196,-2.2181,132.0398,-0.9290,47.7783,-131.8940,113.1378,-66.2236,37.1206,-64.0225
-10.0931,101.6204,-2.3112,73.0834,-16.3300,30.9050,-57.1429,100.1554,-140.7416,132.0372,1.9837,160.4309,-7.2045,104.8443,-118.7400,118.0865,-32.8739,41.1517,-85.2106
-36.7332,90.7914,-35.6467,56.6607,-69.8830,31.6658,-85.4926,35.6127,-96.9400,-20.9365,-4.4678,148.9333,-57.9576,117.7390,-76.4236,116.6769,-36.9187,33.7717,-106.8784
-32.9769,50.4920,-61.7486,23.7133,-129.7250,10.4776,-110.8363,39.6168,-92.0028,-60.1260,-28.6474,102.2547,-94.1999,70.1416,-51.8485,88.6520,-68.0993,16.9007,-102.8273
6.6064,21.6475,-56.8376,-11.2969,-149.6320,-8.7162,-136.4936,67.2588,-115.0234,-24.7334,-47.9570,51.8067,-74.9746,5.3743,-51.8009,44.3689,-83.4037,2.5015,-88.6080
37.8504,51.6136,-39.8426,-9.6488,-129.1520,-11.0302,-151.1039,35.9036,-142.7881,-70.8659,-32.3216,54.6529,-45.6933,-14.4205,-71.8109,-9.8868,-57.8097,-15.7384,-91.4059
30.0711,104.8750,-16.7425,33.0252,-91.9297,-10.8848,-140.0768,-36.1021,-161.4305,-142.3295,-24.7002,91.7588,-65.5674,19.6530,-104.7967,-84.0040,8.1695,-42.4471,-97.8878
6.9591,118.0182,4.9406,57.9700,-70.5322,-8.8487,-113.7346,-79.0301,-161.0357,-84.2353,-59.1630,95.5556,-104.7768,50.6309,-122.2953,-124.9497,66.0697,-60.0862,-94.9562
-13.5838,101.4454,-3.4072,36.6986,-67.4206,-7.3506,-87.3618,-72.3100,-173.7617,24.1805,-74.9703,67.3350,-90.8954,42.4974,-113.9395,-76.3721,44.9410,-67.5645,-88.2517
-50.5961,70.1611,-48.7252,1.3261,-77.4575,-32.4114,-71.4473,-45.0534,-207.9790,-4.2654,-39.3227,35.4996,-34.7416,21.2557,-96.4269,0.4047,-43.8663,-86.5635,-72.9490
-82.4825,4.5437,-89.5181,-25.5214,-111.5491,-72.2905,-89.8683,-25.3679,-208.3233,-110.1813,-13.3198,-1.3057,-16.2572,10.8512,-72.0225,22.7221,-103.0840,-105.0204,-49.7372
-68.1210,-52.9721,-82.8244,-37.9809,-133.4160,-72.7519,-138.3039,-18.8412,-184.7542,-111.4185,-19.2365,-24.0412,-53.8214,6.7071,-53.1005,2.3070,-87.3038,-87.8607,-44.4430
-43.6942,-48.9573,-43.7823,-27.3766,-97.2802,-35.4208,-160.7361,-25.3351,-198.3441,-45.6892,-13.6735,-20.4039,-84.8833,10.2494,-70.3346,-25.2312,-57.5999,-51.8337,-69.4561
-42.8306,-38.7843,-27.9546,-16.6730,-56.6188,-20.6634,-128.1977,-36.6797,-195.4955,-40.7182,-3.0869,-33.2842,-73.2264,19.3476,-100.0758,-35.4183,-79.3932,-40.4999,-92.9432
-25.0939,-74.0414,-52.5146,-38.9998,-65.9039,-38.6342,-69.6058,-20.1958,-105.2488,-47.5985,-18.6077,-79.3384,-44.4662,15.0971,-90.6452,3.1240,-132.7868,-39.4338,-74.4868
-0.1798,-99.1606,-80.3330,-68.1667,-66.3528,-42.8710,-13.9050,28.0888,-8.4031,-9.7316,-23.8819,-111.2371,-19.9983,-0.1374,-56.0187,54.2105,-142.4918,-15.6275,-25.2912
-17.5770,-80.9966,-84.3513,-60.1074,-25.9144,-28.1499,14.9590,46.4578,16.9392,-12.7381,10.8057,-93.0143,1.0478,-1.8804,-30.9122,44.9489,-78.0013,-0.1252,0.0103
-24.1320,-61.7001,-72.2470,-37.1464,-13.4389,-34.2579,-1.1559,13.1520,25.2172,-67.6352,33.4607,-26.8193,4.1188,15.4439,-8.1307,12.1013,5.3336,-29.8054,-7.9729
20.1177,-61.2520,-57.0995,-46.0638,-44.3445,-62.3271,-22.7397,-1.4044,48.1180,-81.9348,10.3497,52.6803,-21.6554,44.2913,11.8112,30.5440,48.7435,-68.4095,4.9782
22.0477,-77.8289,-49.2718,-78.4558,-59.3448,-75.5391,-2.8766,28.7184,46.6331,-83.2028,-17.6404,89.5314,-44.5499,75.7516,22.6793,57.8826,65.8333,-72.6496,54.1998
-42.7259,-105.9369,-54.3722,-97.9013,-49.5908,-70.5814,22.7811,44.1640,31.7145,-130.0762,-30.2375,84.5553,-34.0711,79.2349,51.1317,32.4589,90.2787,-61.2714,87.3328
-67.8566,-99.3178,-59.3752,-95.6279,-39.6324,-72.2995,9.2042,33.4303,25.1869,-133.3836,-49.2015,92.3650,-13.9135,33.4154,89.8166,-9.9239,110.2688,-57.1905,73.5688
-33.3846,-45.5000,-49.8753,-76.2994,-27.1286,-73.6043,-16.8859,30.5906,-12.3712,-55.9350,-64.7698,104.4270,-14.1228,-20.5501,87.8283,-31.9253,107.7092,-39.9015,32.5248
3.8833,-10.9788,-29.1429,-39.7345,-12.2861,-49.3568,-24.9498,15.6221,-79.2362,-38.8791,-64.3916,77.2673,-15.1911,-27.3341,60.3464,-50.2208,99.0574,3.6979,-0.3204
35.1829,-12.1095,-2.2949,-5.8437,2.9841,-12.4284,-14.6726,-25.4848,-94.6315,-138.0227,-79.5561,37.8123,2.8559,-0.3761,61.9718,-72.0868,98.4961,40.4539,11.9973
22.7855,-6.2229,19.6737,-7.2184,23.7079,0.8758,19.1439,-48.6233,-31.7923,-226.5832,-105.8331,10.1572,16.2448,4.9087,69.4760,-98.2887,98.8182,32.5057,63.5618
-52.1371,-15.7958,19.1727,-38.3037,33.1644,-19.3970,52.2136,-52.0444,28.7917,-235.4524,-87.5992,-40.2971,15.8857,-29.8775,39.0455,-140.9142,103.5188,-9.9520,90.1587
-70.1921,-59.1880,17.5620,-60.8327,30.1290,-54.3433,36.0834,-80.3282,22.7137,-222.3962,-34.9235,-95.2188,34.1080,-78.1136,4.9211,-183.8000,126.2445,-46.5391,71.7990
8.0621,-70.6051,51.3297,-64.5128,48.8092,-77.5451,-4.6524,-121.8727,12.9147,-210.4790,-5.7319,-96.2740,71.3008,-112.1569,13.2887,-196.7172,152.0835,-67.3884,62.9058
36.9115,-49.1256,88.2099,-76.4029,74.2628,-78.5704,-2.2680,-139.0783,97.8602,-161.6147,10.4114,-77.1328,78.7223,-128.4742,50.1082,-177.8634,141.3614,-92.0465,75.2259
0.5470,-80.4829,74.1620,-115.9815,56.5103,-89.1477,34.0090,-131.5392,231.8221,-70.7375,35.2397,-96.1217,39.6866,-136.1244,81.6226,-134.2739,88.6100,-120.1202,73.8024
32.6516,-148.5855,33.9488,-171.6617,22.3911,-146.5726,55.1749,-101.0692,285.2040,34.7085,26.6306,-115.4138,-4.7762,-134.4564,90.9040,-73.3331,41.8162,-140.4302,71.9156
95.8263,-165.8327,16.4667,-208.0329,29.4164,-214.4035,66.3332,-65.4726,258.3875,127.2344,-13.8040,-97.0710,-11.3468,-120.8188,74.3417,-26.5126,36.2923,-154.6714,82.3417
76.9787,-145.4086,15.6875,-195.6705,65.3285,-215.9176,86.2230,-78.2733,233.1143,150.0540,-13.0737,-89.2806,31.2775,-111.7048,45.0381,-25.5799,51.7893,-143.0910,68.0041
34.3309,-141.0788,21.6602,-151.8047,103.0353,-152.7250,97.7541,-130.0462,189.8914,57.3717,30.5463,-119.7057,94.6879,-118.6719,25.6059,-62.2010,65.8616,-82.6794,37.6148
36.0246,-133.2883,44.7994,-117.9997,145.7257,-94.5999,92.0508,-145.7958,92.9327,-71.5179,51.2908,-135.7088,127.6394,-116.0802,30.4119,-94.4374,92.5908,-18.3194,40.6570
44.2501,-94.4463,72.4007,-91.1283,177.6267,-64.9291,88.3173,-128.6034,17.6539,-104.3336,45.7787,-100.4931,123.9067,-78.9179,63.2452,-85.8266,133.4522,-8.0906,53.5816
51.0624,-41.5579,99.8014,-41.7599,185.0172,-35.8628,91.1775,-138.0424,20.5768,-64.0446,48.0754,-44.0075,132.8105,-27.3734,117.1769,-48.6421,156.8446,-27.6423,35.2998
55.6600,4.5223,147.9444,13.8316,192.9177,-3.8651,83.8441,-153.8184,46.1525,-70.1967,54.4522,-0.9089,162.1905,8.2784,171.2513,-34.5983,157.5963,-31.1561,23.8690
38.2776,31.9840,191.1778,38.9009,200.1245,16.0232,67.7925,-131.4630,32.1870,-118.8526,61.3648,25.9614,162.3646,25.8885,195.2840,-61.2381,170.1754,-21.6254,42.4513
73.2956,41.6259,179.2105,37.5545,166.5498,27.0532,61.0176,-103.4387,-25.8800,-151.1244,77.3361,37.5826,130.9115,26.5595,170.1857,-90.6788,207.9662,-0.2021,44.6478
195.5905,46.4093,135.5345,26.2857,102.6510,26.5437,56.8095,-100.5793,-83.7805,-180.6129,85.9116,29.2088,110.6061,3.0989,121.9249,-88.1166,240.9660,34.6366,26.8788
253.2268,33.7948,113.0963,-1.5543,61.4375,-2.5406,41.3057,-92.0253,-74.6327,-158.3511,76.5024,7.5360,90.1425,-34.5377,109.0007,-49.2252,235.5808,41.8643,36.4123
174.7694,-6.3417,99.8717,-38.6242,43.6028,-45.3012,41.0437,-61.1114,-4.6537,-17.6935,66.9076,-14.4632,40.1774,-64.1896,144.3301,2.6096,195.4469,4.9268,64.6018
107.5583,-21.6932,69.2824,-47.0693,17.2734,-53.2066,71.2606,-33.2280,39.5239,81.8034,62.8094,-28.5147,-0.5119,-74.9486,174.4840,16.8055,161.4362,-25.7195,70.3789
125.7020,23.2488,43.7465,-10.7933,-0.1126,-11.6372,79.5035,-21.4239,36.7787,-7.8158,55.5277,-31.2553,2.1817,-66.4430,161.5557,-22.4584,158.8625,-24.9850,64.7616
141.1228,65.2761,38.7790,31.3986,20.7681,30.1269,45.4922,-9.1339,46.8397,-84.6560,44.2771,-34.3288,6.4316,-50.0279,127.7887,-52.8540,156.7943,-17.8816,75.2615
101.6577,53.6500,27.9033,35.8785,49.8579,25.4756,38.5385,17.9605,87.7873,13.8901,25.5936,-46.6269,-12.5997,-48.2046,106.7691,-35.4150,120.0684,-6.8188,82.9716
21.2168,37.6441,-2.2482,23.1317,55.5782,2.7307,72.8026,37.7981,135.2127,66.0675,5.1910,-41.8869,-13.4345,-63.0004,99.5125,-21.2259,71.2311,16.5669,54.7359
-53.2729,51.5359,-25.8477,41.5678,64.2860,17.9063,64.4975,15.2668,160.4289,-52.5110,8.8861,-15.6542,15.3077,-65.7872,81.4526,-36.3101,40.5900,31.5768,-1.5900
-41.4651,46.6626,-21.6858,70.2142,82.6784,52.1318,-0.7918,-22.8309,116.4422,-112.1794,38.2712,-25.8959,32.4308,-40.6734,35.4889,-28.2784,8.5163,29.0656,-48.2319
31.8795,5.1732,-5.8276,54.8945,71.3632,46.3481,-48.6566,-15.1263,15.8191,-32.3816,60.5930,-72.6457,33.4749,-9.7897,-21.3295,10.6505,-39.8172,26.5599,-67.3450
29.3732,-13.6525,-4.1702,21.5294,46.2056,18.9091,-65.2564,18.4282,-43.7829,-2.5802,56.2023,-66.0343,47.9876,-1.6514,-58.9502,15.6947,-76.6434,26.0331,-70.8454
-60.1879,16.2300,-18.7851,25.7258,54.7854,26.4642,-84.0337,14.2187,-38.4471,-51.1426,30.2693,-8.0596,64.0292,-10.6526,-69.6799,-24.1827,-92.1190,14.6218,-66.7906
-120.0163,49.0247,-42.5828,43.8192,61.7255,45.1393,-89.0817,-8.7178,-37.1472,-62.9970,-1.1475,0.3015,48.6738,-5.0746,-56.3984,-50.1949,-110.0123,-2.8295,-60.9611
-126.4530,55.4789,-68.1129,39.3369,24.8397,28.6561,-72.8023,-2.2174,-43.6517,-54.9699,-18.1518,-41.1021,8.1639,13.8075,-30.4998,-44.0458,-130.8131,-4.1634,-72.7053
-124.0923,48.4814,-70.7196,37.8784,-5.5019,13.6092,-77.4467,13.7974,-25.1683,-49.7739,-19.1304,-67.6722,-30.8025,1.0064,-34.3221,-41.7616,-138.3155,18.5546,-91.1102
-105.5372,30.6513,-44.4859,47.3192,-2.3066,33.9815,-98.7894,15.7851,-19.2522,1.6811,-17.2537,-97.1515,-55.4236,-42.4357,-89.6365,-55.1768,-144.9366,38.6271,-74.6746
-71.7749,6.4746,-35.5004,36.7595,-12.6178,42.1779,-76.0404,14.8066,-41.0876,31.7853,-13.1495,-128.5186,-60.8856,-47.9407,-140.8874,-60.0585,-162.3888,36.1441,-42.4694
-53.3855,9.1003,-61.4824,21.8214,-32.9913,20.6637,-10.4046,1.1472,-33.1525,-42.5791,-15.3092,-98.9695,-53.9291,-4.8942,-134.0893,-44.4330,-170.0581,40.4510,-57.3074
-50.6931,41.7423,-67.5030,37.9304,-32.1885,29.1441,21.3090,-20.7854,5.2043,-115.8427,-45.1208,-49.5866,-54.2032,14.5657,-98.8858,-24.7613,-157.1822,68.0574,-100.9805
-64.6427,58.3643,-39.5713,67.7511,-44.1751,79.6247,-6.2327,-9.2365,8.2113,-90.9093,-84.7821,-64.9924,-60.7744,-2.2326,-84.6166,-21.3721,-138.8211,77.1118,-105.5135
-105.1696,45.9820,-36.3553,87.8568,-73.5473,113.8615,-23.0729,16.2306,-31.9639,-38.9017,-99.5795,-92.0763,-54.8446,0.1450,-97.7581,-29.7303,-119.3245,51.9476,-84.3866
-133.5201,38.5322,-60.7531,101.7455,-66.3642,111.8515,8.7216,-0.2661,-69.9224,-0.1555,-102.8616,-67.7868,-51.1525,16.1287,-137.0842,-25.1922,-97.7707,27.3824,-92.1792
-99.3233,42.8316,-64.1118,97.2054,-45.6848,95.1636,23.4505,-19.9913,-94.7567,65.0072,-115.4622,-47.4712,-85.2297,8.1370,-194.4458,-2.5301,-88.9651,3.7938,-117.2176
-23.3756,39.0977,-65.9414,66.2654,-72.2740,66.7509,-19.1717,13.1923,-124.2131,105.8759,-128.8698,-58.9582,-148.2088,-0.0288,-224.8197,18.0253,-92.1418,-29.9915,-122.9955
13.4274,27.7887,-104.7905,36.9536,-119.3205,34.4800,-56.5547,48.1925,-145.6059,50.9546,-148.3398,-66.8158,-197.3216,7.9772,-202.6381,29.5293,-82.6005,-37.9100,-111.1505
-40.3428,13.5930,-143.3309,18.8113,-153.2403,20.6470,-51.2857,42.8864,-125.1925,-26.4489,-170.2183,-78.4894,-214.9176,-2.9199,-167.0110,36.1620,-70.8966,-14.6325,-91.1444
-132.4596,-11.0598,-148.1227,-9.7475,-189.9009,16.2477,-42.2717,51.3583,-79.3482,-15.6656,-157.3424,-89.3041,-209.6919,-26.4877,-149.5347,30.6059,-108.6356,-5.9286,-64.3720
-177.5244,-44.5488,-152.5690,-38.5087,-200.9188,1.6443,-34.4241,96.3967,-67.3417,71.7170,-126.3218,-62.2488,-193.2120,-21.2559,-135.3326,30.5185,-201.2072,-5.8226,-41.8040
-195.7760,-75.5644,-174.1913,-36.5717,-156.1648,-11.0554,-13.0037,132.0423,-94.3394,151.3022,-138.2419,-38.3491,-179.6399,-2.4609,-132.2925,73.1864,-279.0726,19.6572,-37.2557
-240.2431,-88.4905,-185.3697,-12.5742,-116.3404,-10.8891,-21.4920,146.4684,-118.2048,177.5008,-170.3896,-62.0071,-171.7897,-3.7461,-169.1167,123.6851,-286.9537,50.4103,-55.2923
-256.9025,-68.6352,-172.4557,3.4992,-128.4060,-5.0640,-71.3682,152.6825,-141.2517,172.6304,-159.9868,-70.7341,-159.5314,-14.4127,-217.2303,107.3798,-245.3559,70.3287,-80.7688
-206.6320,-35.6102,-144.4055,6.7176,-156.9833,10.9037,-107.4293,138.3390,-177.0663,172.4133,-127.3065,-32.9410,-156.7788,-23.3195,-243.3626,51.4914,-197.9292,92.7656,-85.2137
-162.2864,-29.4202,-120.5357,6.0418,-181.0392,34.1077,-131.3757,112.6023,-197.5432,156.6778,-113.4605,-9.1922,-183.1728,-30.3070,-288.5314,38.3587,-159.3975,95.6696,-73.5387
-154.0068,-45.6610,-124.8176,-1.8014,-204.8889,35.6594,-167.6271,106.0038,-203.9744,105.9246,-114.1583,-8.2846,-207.6009,-14.5330,-350.7390,59.5512,-145.3137,64.8309,-77.2045
-151.1589,-51.0009,-144.6754,-19.1210,-203.2794,14.2665,-158.6943,110.8726,-218.6853,92.2867,-135.6954,5.2684,-194.6271,24.2432,-323.7628,71.3466,-172.8414,40.8192,-83.0968
-174.0203,-36.8472,-140.6304,-25.1275,-168.5031,8.3770,-91.0857,107.9126,-209.2283,158.8035,-170.2578,16.7238,-171.6868,44.0666,-202.9275,81.1720,-196.6789,37.0142,-71.6467
-192.1498,2.6293,-118.8593,1.0318,-137.4198,29.9940,-68.3099,101.6681,-177.0799,197.0780,-160.2007,27.2202,-166.6161,29.0304,-141.7811,73.2646,-141.1180,28.2753,-91.5772
-106.1311,73.3403,-115.5806,43.2508,-133.0112,52.8997,-121.3777,86.4953,-192.9275,139.6088,-105.0142,73.9088,-157.7911,14.8179,-191.3491,18.0360,-22.6641,16.4757,-155.6463
32.2442,136.1156,-125.3269,71.4501,-144.0777,59.5765,-160.8139,56.6760,-239.4203,102.6923,-78.3787,133.8516,-143.9752,29.0082,-247.9608,-31.2292,63.4100,0.6148,-173.9066
81.5242,147.9941,-123.8753,78.1987,-146.3381,48.6493,-157.6786,39.7047,-242.0769,145.9485,-89.6777,153.5028,-150.2710,46.0295,-278.3305,-26.1120,80.0388,-29.2952,-125.4688
60.4956,119.0216,-115.0721,55.9784,-129.6945,21.4048,-161.2989,47.3122,-235.0824,139.2155,-82.9905,130.4771,-154.7203,17.3851,-306.0598,-6.3138,61.6696,-41.4002,-110.8590
37.7617,64.6964,-104.0065,-5.0737,-121.2220,-17.5760,-178.8804,46.6268,-254.6016,26.8853,-52.9713,88.2283,-128.7913,-45.3683,-273.6931,18.3276,22.6358,-28.6374,-151.8098
-18.6369,-7.4444,-86.9551,-69.1995,-129.7717,-63.8932,-180.0184,21.2342,-234.4995,-56.3355,-33.7287,53.9131,-99.9224,-67.2911,-174.6820,66.8869,-33.4883,-38.4038,-166.8318
-82.4901,-48.6915,-73.6085,-84.3915,-102.7503,-100.4618,-149.8416,-11.5924,-179.5542,-35.0794,-31.6508,47.2678,-84.2300,-36.9209,-126.8611,64.5579,-63.2637,-50.6968,-150.0984
-64.3045,-26.2526,-63.9643,-56.9340,-28.8515,-90.9320,-99.3835,-48.4004,-175.4966,-6.7052,-33.4077,40.1476,-60.4992,-30.4083,-165.3167,-35.2778,-35.9594,-9.8402,-147.4904
-5.3253,4.2742,-38.5035,-25.9834,19.4056,-38.4876,-68.0221,-94.0627,-192.7859,-55.1344,-28.4971,2.2463,-39.6251,-62.3922,-206.7581,-125.7444,11.1806,32.7587,-128.4781
-1.3152,-18.0598,0.1083,-14.6576,16.7113,-11.8656,-72.3907,-129.9795,-155.0687,-131.0518,-19.4536,-43.8323,-37.8976,-75.0611,-224.5167,-144.5805,23.6725,15.0723,-65.7743
-36.5415,-75.2233,24.7169,-42.6661,9.7883,-46.2266,-66.1526,-141.4592,-90.6026,-158.9963,-19.5355,-84.6896,-26.9449,-75.8461,-227.3388,-171.0912,-1.1145,-18.2872,-13.6988
-60.9465,-119.7195,23.4957,-103.1933,7.0776,-87.1983,-17.8784,-146.2586,-35.2466,-167.3878,-27.0099,-124.6414,-6.3800,-101.6381,-182.3273,-226.2681,-23.8511,-40.2239,0.8737
-66.0014,-128.9780,7.4058,-140.4772,-9.4433,-91.0165,38.7555,-160.4618,17.2082,-219.9737,-35.9111,-128.4787,-14.9198,-119.7335,-107.7861,-248.1482,-22.1823,-81.4135,17.6841
-36.4133,-106.2358,-4.0652,-129.5340,-24.5516,-87.6671,68.6477,-170.3104,44.2143,-257.6929,-49.8284,-92.6897,-34.3775,-114.8920,-61.7913,-246.7874,-10.2377,-116.6467,40.4236
31.3267,-81.7598,2.4154,-113.8687,-34.7277,-106.8138,65.1368,-167.6114,58.3880,-193.8831,-40.0696,-81.2088,-24.6722,-129.2067,-17.8899,-254.4680,2.1665,-117.3988,32.1535
84.2599,-85.9604,11.3816,-121.3098,-52.0582,-133.3851,42.6607,-172.7888,116.9715,-119.5652,21.0075,-95.0359,-8.0708,-146.8294,65.9180,-239.8748,24.4199,-127.1925,5.4382
61.0245,-106.0330,-2.7881,-133.7579,-50.2029,-147.2050,45.0581,-190.5199,179.8477,-144.5903,74.5636,-78.8177,1.1458,-124.5738,138.9382,-197.5840,45.0364,-151.2392,7.0504
-20.6821,-108.9239,-22.7843,-138.4406,-9.1132,-139.5571,77.9219,-197.5857,162.9594,-175.3013,65.0030,-60.8638,29.0691,-106.4443,145.1761,-170.7047,44.6876,-143.2971,29.1213
-48.0818,-98.6671,-12.9718,-137.0998,31.2119,-115.0774,69.7911,-204.1329,100.6969,-143.9698,52.1013,-90.0460,53.4549,-136.4939,105.5488,-176.2826,48.7870,-125.8722,21.1956
35.7365,-114.2315,12.2284,-140.8958,28.4808,-108.7398,3.8102,-244.0112,70.2364,-168.6032,80.9164,-124.2614,41.0730,-166.9413,75.7085,-211.4345,77.6961,-143.7856,-16.9955
111.6180,-166.7487,19.7799,-167.4845,-2.5375,-142.7301,-29.3681,-289.6441,78.2037,-255.9137,86.3510,-129.7293,34.7762,-160.0914,93.4346,-253.7785,89.7010,-171.0415,-29.4262
84.3716,-203.8252,27.3684,-195.7020,-7.1890,-171.2108,12.8937,-290.4833,105.9010,-265.1359,43.4146,-140.9095,64.3434,-145.7483,132.4375,-258.0463,71.0220,-179.0665,-1.5187
59.1403,-175.0462,66.5099,-180.2005,44.1993,-149.2528,64.5457,-280.7152,118.0075,-234.4301,22.1531,-162.7585,86.9690,-151.8084,119.7568,-249.9511,87.6244,-178.9461,13.3761
122.8501,-114.5133,117.0461,-138.6667,104.2695,-118.2377,68.5206,-314.5157,70.7988,-281.8594,51.4313,-164.4013,88.8015,-176.5694,58.7491,-296.3255,161.0396,-172.8235,-7.9923
193.8664,-93.2242,143.8143,-129.3421,108.1562,-132.1550,37.9398,-350.1588,11.3857,-323.9809,95.1249,-148.1136,92.9601,-194.1171,40.2416,-342.4590,213.8752,-162.0228,-17.7888
211.2283,-119.0791,153.9222,-154.2351,75.9305,-161.3830,21.5425,-331.4853,28.4946,-276.5287,129.0798,-130.8792,86.5693,-172.2540,94.7896,-304.7290,198.1150,-155.2873,19.2222
197.9932,-150.0646,167.5602,-172.5858,71.0895,-155.4388,49.2128,-292.7899,93.5155,-228.4074,147.8251,-124.0839,73.4775,-138.9775,163.6705,-258.4442,158.8923,-137.9925,78.7312
160.4909,-157.7325,180.8069,-163.5880,101.0005,-127.0831,87.0721,-275.6198,121.0981,-223.9504,159.1888,-142.3235,95.8528,-153.2684,199.5597,-277.6367,144.2703,-104.6017,129.3068
132.1887,-140.8812,188.4101,-135.3656,140.1409,-108.7890,97.3503,-251.3276,117.4463,-220.3444,175.6397,-167.4465,137.9118,-186.6646,193.4050,-272.2879,144.4145,-82.1455,170.6914
154.1688,-129.9692,197.1431,-124.5461,178.6960,-104.9055,120.2260,-193.5944,119.7009,-213.1361,178.2324,-164.1832,151.3155,-176.5266,164.7108,-196.0055,125.9482,-80.8933,207.9551
162.6441,-161.1975,202.0077,-161.7063,204.7985,-120.8144,181.2784,-124.5092,105.1860,-160.4059,154.8965,-160.0130,152.9312,-159.6228,155.3517,-144.3450,80.7345,-91.0391,234.7986
106.6173,-211.8476,186.9973,-210.8872,209.4929,-160.3050,217.4248,-65.1842,72.7476,-18.4926,136.7160,-208.1316,172.1195,-193.9942,163.6571,-137.4491,34.4947,-104.7870,257.2051
40.4839,-229.6667,156.2085,-217.9499,201.4105,-193.4435,205.8996,-20.9248,87.8901,110.1437,122.6425,-273.7918,190.1401,-237.1726,140.1678,-105.6740,8.6150,-100.7237,280.3186
-19.6062,-220.8237,134.2771,-199.2953,184.2343,-196.6094,196.5465,-6.4203,164.5643,144.5844,82.7418,-263.7916,190.4915,-225.3916,91.5198,-72.0263,-3.1214,-86.0037,260.5188
-74.1982,-222.7758,128.2964,-200.0408,154.7561,-195.6259,178.4976,-29.8990,227.0839,151.3092,52.0524,-169.6091,165.4911,-171.9861,78.4809,-79.3652,-8.5371,-118.1660,159.6817
-53.2780,-238.6561,109.5996,-221.4727,105.9910,-214.0306,119.2174,-69.3965,260.1723,135.9979,68.8990,-95.6271,107.3246,-128.5942,109.9795,-71.5677,-11.5163,-186.4545,50.1720
9.9401,-254.3943,53.3244,-236.7489,31.2149,-224.0642,75.3058,-94.9127,338.9786,48.3522,94.1647,-117.0935,62.6013,-120.7294,146.9914,-33.0984,-24.8921,-192.2763,29.8046
-3.7772,-249.8770,-6.1442,-218.8667,-23.2006,-192.4835,86.7547,-96.9218,430.5460,-32.8925,106.0222,-179.3239,85.8338,-128.0247,169.6486,-34.2988,-40.3453,-120.3506,63.4592
-31.7073,-202.7108,-6.2195,-167.5575,11.5257,-136.5954,104.3341,-78.1103,394.3838,-37.4954,123.1009,-192.6900,136.3466,-116.4997,173.7191,-64.7902,-27.5969,-61.1183,78.6254
32.9743,-139.8168,42.1000,-132.7627,91.3071,-105.9633,109.9628,-43.3077,254.0836,-14.8645,119.3923,-149.9181,148.7105,-97.7586,161.9976,-60.3523,3.2727,-54.0749,106.4518
89.8713,-110.5812,60.9165,-142.9737,105.2409,-121.0343,120.0555,-17.5193,170.4576,19.2217,88.7487,-86.8626,128.8566,-102.1351,150.7925,-54.2021,12.1177,-67.7418,154.4732
64.1682,-101.6591,31.3543,-145.2470,58.4236,-142.8565,98.0574,-32.0576,145.9566,48.4150,87.1461,-31.2625,97.5662,-110.0316,136.9034,-86.9297,-2.9691,-72.6350,141.5681
38.5192,-87.3981,11.9865,-104.7116,29.7289,-122.2135,41.9806,-65.8675,92.2662,-5.9785,91.5358,-25.0567,67.1677,-98.3874,95.4196,-99.6320,-28.9225,-37.6268,77.9002
4.5694,-93.1370,23.7349,-69.2820,26.3190,-69.7247,29.3337,-66.8402,56.8622,-90.3822,25.1737,-71.2895,71.8359,-88.7555,35.9938,-68.7919,-68.3313,38.5305,51.5395
-76.2729,-103.5370,26.1462,-62.7296,29.0833,-30.4632,57.5254,-53.2600,66.7518,-87.6388,-56.5560,-87.0131,93.7050,-79.4132,-1.3686,-61.6849,-85.9313,87.0511,31.7342
-75.6489,-45.6241,3.1942,-37.8152,39.3703,-7.3952,22.1772,-94.0427,13.9031,-86.1838,-47.8659,-32.0774,55.1751,-48.1091,-19.4100,-93.6189,-32.6436,69.1012,-53.2637
61.9493,69.1919,-21.8866,25.4328,22.8290,23.5722,-101.1074,-175.4641,-99.5453,-183.9800,24.3775,11.7528,-34.8757,-35.2126,-64.0357,-120.2554,52.7536,37.4974,-157.6112
185.6872,140.3792,-30.6269,81.1244,-35.8291,50.7679,-227.5510,-207.1651,-155.5466,-252.9222,82.8449,-24.6768,-88.3008,-84.2338,-140.8974,-143.1780,82.1918,30.7073,-227.9821
220.7066,128.8367,-14.2178,87.6584,-78.5468,48.1355,-298.8727,-161.6045,-177.2906,-205.2770,105.7859,-112.6341,-98.4752,-149.6946,-206.3673,-172.3734,42.6867,30.0897,-276.4340
214.5698,86.7275,15.2156,61.7162,-85.9709,27.7510,-324.0287,-100.4701,-232.2537,-130.9235,78.2527,-192.2498,-121.2234,-173.4693,-250.5160,-178.8028,-13.2772,29.1864,-291.4809
150.1820,61.5740,13.7070,52.2138,-105.5594,18.4190,-331.7877,-74.9356,-252.2130,-72.9851,6.9827,-216.4956,-154.2146,-157.8197,-296.2747,-159.0239,-61.6961,24.3661,-279.3770
22.0875,48.1812,-38.9101,62.9315,-138.4181,21.6728,-341.1159,-71.1980,-220.9990,-16.6748,-50.3691,-180.7736,-168.1123,-123.9824,-324.4787,-132.2399,-121.7206,-3.8688,-292.3476
-82.3753,23.7026,-102.7275,48.2075,-151.1682,18.5755,-345.3919,-46.0933,-248.1989,4.8228,-78.4970,-152.3138,-172.7324,-103.2168,-320.4236,-95.9370,-201.1578,-24.2247,-297.5367
-126.5809,3.8962,-133.6033,13.7924,-151.4995,3.3577,-332.8138,6.5692,-341.9689,-12.4318,-115.0850,-177.8281,-190.3306,-128.8880,-341.3845,-74.7500,-263.0953,13.3282,-227.9702
-151.1261,24.1132,-133.2331,20.7470,-150.8476,-4.1057,-316.0924,43.8157,-409.5993,-40.3067,-154.0888,-205.7607,-225.4054,-167.8658,-399.2648,-105.9345,-267.7329,62.0581,-143.0020
-176.7158,58.0599,-132.9523,63.6488,-147.3637,10.8251,-298.2037,49.0683,-427.6293,-65.5344,-173.5734,-193.8333,-257.7191,-160.0442,-399.7162,-149.0897,-240.0960,44.9171,-114.1979
-199.6657,49.6490,-156.3105,79.9279,-159.5365,25.6734,-259.2939,59.1706,-398.5358,-48.0856,-195.1583,-179.6907,-256.7179,-129.3636,-321.9384,-153.5975,-231.8671,-1.2559,-106.4432
-196.0291,18.0583,-184.6647,62.7756,-183.9150,16.1293,-219.7455,72.8014,-315.0606,-14.1932,-219.7597,-185.4616,-233.7095,-130.5458,-264.9529,-151.5288,-232.2091,-2.5376,-112.9762
-146.1547,6.2621,-173.5541,35.0420,-183.3155,-0.1441,-226.5004,38.8239,-238.1396,-71.9298,-214.7477,-183.5499,-229.7495,-142.8274,-247.3267,-156.1335,-209.9214,9.7473,-169.5033
-105.4982,-12.1448,-135.0891,-8.4637,-163.9129,-5.0856,-255.0489,-25.6304,-207.1363,-156.0855,-192.9811,-163.2695,-239.1250,-124.0070,-191.7786,-113.6382,-194.2875,-25.3698,-222.7870
-131.6335,-51.6539,-134.1846,-44.8485,-165.8528,-17.0456,-237.3313,-40.5628,-156.5997,-105.6678,-188.9630,-133.2873,-231.5259,-83.3142,-100.6719,-30.2752,-213.0568,-77.2175,-214.6013
-174.9159,-56.7375,-169.0636,-32.6207,-181.9270,-36.3497,-178.5422,4.1155,-74.2621,-10.0539,-181.9383,-93.6990,-211.8233,-40.8110,-40.7688,27.0134,-223.1090,-84.2421,-183.7344
-166.8057,-11.1026,-166.9804,3.4940,-167.8151,-27.8081,-132.4180,52.9801,-52.6524,-11.7504,-134.7098,-48.1475,-179.2612,4.4605,-27.8403,53.7530,-184.0163,-41.5762,-152.9063
-119.4261,27.9885,-115.2180,20.2627,-109.0783,9.9114,-104.6465,86.0171,-109.7380,-5.7942,-66.3380,-4.5513,-121.0345,54.5027,-42.7671,85.8168,-123.7842,20.9061,-92.4114
-89.2930,31.0623,-76.5533,34.3850,-42.8300,41.6420,-74.6024,110.0667,-152.0897,64.6283,-24.4652,28.9226,-72.2172,104.5970,-50.7358,123.4373,-86.8919,66.7581,-9.2467
-124.6103,22.6904,-81.8601,59.8812,-18.7657,58.6320,-41.7269,120.0991,-114.0207,82.5219,-19.5590,46.4697,-62.6748,137.7071,-3.1840,156.6702,-78.8949,70.2390,65.1083
-190.8600,28.2570,-102.8066,65.3619,-29.8848,64.9735,6.7072,127.8371,-11.6434,93.0464,-28.3686,72.7589,-52.0921,135.8344,80.3838,181.1667,-76.0716,55.0075,105.0536
-172.2550,47.0511,-103.5809,42.3748,-17.6108,47.1981,86.0379,146.8948,90.6908,202.7410,-37.3580,132.2707,-15.6294,119.1804,124.0349,190.0935,-65.1351,58.5707,90.7609
-73.2282,49.5833,-68.8568,21.9504,28.8500,18.9333,155.0930,147.3277,135.2601,271.4654,-37.8177,178.1519,15.4055,123.8453,125.1198,196.4889,-63.5014,64.4490,64.3814
-36.7408,22.0884,-16.2705,22.2974,58.4891,20.8798,159.5958,105.1555,132.9426,181.1366,-6.2274,159.4593,36.3607,140.1254,137.8673,204.0151,-73.2051,52.7433,84.3032
-60.8412,10.0256,21.3668,37.9797,57.6721,44.5249,119.5199,57.6264,125.7228,64.2812,51.5791,123.4829,61.8157,139.0421,164.7336,183.5465,-51.3102,47.7956,105.8195
-20.2475,39.8543,44.3039,52.5842,63.1013,44.2514,95.6457,47.0435,116.7703,22.8283,85.2549,122.8466,73.2171,128.8511,187.4128,147.7603,5.9565,45.9807,81.1163
37.1230,54.2293,64.4857,46.8562,82.9509,22.3095,111.2403,66.1719,132.0866,26.0733,83.0953,118.0734,73.3508,125.2569,225.4324,148.4765,29.0757,20.2568,73.9488
-2.3232,21.7182,59.8859,23.2406,88.2040,13.2010,147.8278,87.8421,224.8644,52.3034,87.3947,92.2864,93.3753,117.6549,282.2613,167.9184,7.4910,6.4043,107.1364
-49.4241,7.3059,30.7811,9.3118,71.7342,16.1448,165.3983,90.5817,316.0188,38.1944,107.7865,117.4538,119.4697,103.5666,307.7254,146.9643,30.7705,35.5515,106.9717
12.3519,52.9626,35.1555,24.1109,68.5402,17.8482,135.3084,59.8723,247.8874,-71.7971,122.1386,211.7099,132.2676,103.2930,257.7961,94.6917,119.9595,56.7659,79.3131
100.1538,108.3147,89.1052,57.2101,102.4435,27.8775,97.7060,12.3892,72.3731,-160.0914,130.9881,290.4525,161.9317,126.6947,165.7643,56.2144,177.5383,47.3962,96.0324
102.9082,121.1759,129.7397,73.7075,139.5146,35.9414,127.3497,-9.4458,7.3547,-125.1155,137.0452,310.8165,215.9161,157.2496,121.3301,43.9205,162.6778,42.4415,148.3743
61.8729,91.7103,130.5470,40.7982,152.3087,3.6970,215.4082,5.2166,82.7207,-67.2923,151.7838,310.0531,264.5971,162.7672,153.7843,54.1899,146.7499,18.5397,202.0707
76.8822,39.3007,138.1292,-27.6429,187.6528,-59.0697,279.9572,29.3632,138.4812,-55.1178,216.9891,297.3454,313.0514,125.7849,196.8851,79.5859,172.7608,-42.0009,264.3532
166.9096,-7.6098,180.9860,-71.8172,275.6403,-86.1285,299.2820,51.6988,135.0959,-18.8550,312.4514,253.7086,365.5577,79.5558,212.7251,112.3068,213.0632,-51.1360,324.1619
257.1044,-16.9633,246.2716,-59.4808,354.3591,-57.1862,325.7985,80.5089,159.9540,33.2359,345.1776,206.6415,387.0158,74.1652,236.7803,151.5100,251.2116,15.8342,376.8775
283.7678,-0.7367,308.3025,-33.1444,377.2881,-34.3949,383.7147,107.5820,218.3695,19.9392,312.1192,175.3725,382.6969,94.8199,280.2330,169.6670,281.7293,38.6712,451.8664
266.5578,-22.7738,318.8400,-54.1981,368.2735,-65.0031,448.6710,113.6881,269.2525,-33.7858,291.6040,112.1826,393.7033,83.9551,325.4985,139.5251,272.3164,-17.6328,518.7546
224.9184,-107.6620,260.2452,-113.0654,341.8438,-111.1845,498.8041,87.9428,338.5276,-57.1198,278.8673,10.7035,408.5010,43.8640,376.6785,107.7421,220.3743,-40.1236,516.0095
154.5316,-176.6073,214.2129,-134.7211,321.5891,-109.2018,526.0560,34.3883,441.8769,-53.7052,246.0107,-42.8421,409.6175,23.2466,412.2026,115.1488,186.1291,12.7884,481.9857
140.2944,-153.7558,256.4420,-91.0662,367.4334,-57.9736,535.7089,-9.5431,543.5233,-40.6433,249.7092,-20.6770,428.7821,17.9756,410.3916,113.0744,209.5759,62.2961,495.5790
267.3433,-95.4303,334.1465,-50.9883,458.8846,-18.4613,560.7803,0.6876,646.0831,7.7534,300.3376,-4.3593,469.5039,-6.1693,446.6066,90.2156,264.6901,52.8350,553.0316
421.3636,-96.9222,372.3133,-69.3630,505.3776,-33.2338,629.6451,42.3318,781.8038,93.4112,322.2285,-29.9506,504.8819,-25.7606,586.4621,108.3504,317.6707,3.8586,601.4428
440.1716,-133.4394,394.0763,-99.9818,510.7065,-68.3996,708.0820,51.2548,928.1956,149.9347,321.3822,-50.1270,552.1526,-3.7117,744.0458,139.1902,361.9701,-21.3229,605.4012
377.8290,-133.9454,432.8959,-87.4528,536.5103,-61.8535,727.6047,24.3746,1010.7587,127.6305,366.4444,-45.3936,615.8109,32.2977,816.4163,111.5210,402.8781,12.2357,574.2911
387.8443,-114.5977,472.0151,-60.6125,573.2607,-17.4503,684.8726,1.8747,954.5172,84.1550,445.8250,-18.0861,650.5447,48.4219,821.0946,83.1710,459.3246,39.0270,572.6867
495.4764,-102.7375,522.8342,-59.3658,610.1023,8.0059,659.3198,-7.9201,765.8359,96.6229,526.4478,49.1558,672.2274,64.8673,792.0141,117.6949,552.2603,1.2099,640.2053
629.4412,-61.9520,609.6544,-54.2857,680.3434,4.5011,708.4954,2.5698,595.2751,137.9456,612.6804,118.8924,739.7646,90.5051,727.0995,147.8749,660.3857,-25.1965,721.7256
722.0029,7.3844,690.8301,-13.4208,756.7944,12.5712,792.7437,56.9360,603.7980,157.9150,662.7473,118.4706,806.7108,94.7461,684.3456,138.6534,730.3154,15.3702,757.2521
737.4472,44.3750,722.8809,28.8205,776.8055,38.3820,836.0988,126.8499,762.8507,175.0546,634.8633,77.6112,790.1286,79.4524,736.2817,146.1366,743.4706,37.9340,755.4738
706.0984,49.1942,734.1388,43.3873,756.8556,58.0109,818.5533,152.8984,892.1526,186.4493,595.6511,88.0225,735.9439,78.8112,812.4288,155.8338,736.8267,11.2720,732.8243
699.9977,83.1089,756.2130,70.9502,752.8480,81.2555,772.2303,129.2425,843.9490,150.7704,619.5900,151.6181,732.4760,94.0135,759.5919,116.1200,758.5018,27.4601,698.2225
742.0806,146.2798,779.8478,131.1365,776.7540,119.5692,726.1994,89.9583,632.8434,100.4765,670.8105,203.4496,757.3091,111.3249,590.7012,76.7517,811.0150,90.5262,686.5942
787.2148,175.5476,795.5984,157.7978,794.0729,139.9314,693.1265,72.2807,464.3519,98.2447,678.8584,215.2940,744.6957,138.9888,510.3353,97.0580,842.8182,107.1286,705.0641
789.4135,156.6260,789.2865,126.3937,754.7571,134.0353,683.0748,104.1728,513.6932,120.3144,639.3425,200.5883,699.2380,172.4917,608.0815,142.1609,824.7380,80.7917,700.1013
760.8201,154.0213,745.5283,126.2646,670.3592,155.6836,686.2299,145.4572,645.2409,113.7717,609.1533,186.7331,660.9709,187.8906,706.6525,167.2211,799.6302,84.0937,634.5356
746.9312,210.6960,698.0560,196.8956,625.2538,218.0609,659.2758,126.0689,636.3771,91.7993,625.0632,188.7343,635.2410,184.3086,658.0244,170.5154,794.4744,117.1730,542.5746
734.1516,270.6058,680.7389,246.0879,628.1788,253.2775,586.5962,93.4381,583.4243,109.9486,627.9756,181.3248,600.2715,173.7947,574.6724,162.3567,756.5021,139.2744,486.8198
657.2311,259.5078,651.4794,222.5741,588.8573,230.3723,528.6066,141.4942,664.7668,189.0538,553.1321,146.7016,553.5893,155.6208,591.7682,168.0000,656.3687,140.8721,478.9453
533.8212,204.2834,574.7099,193.9137,502.2222,204.8017,531.7338,215.7965,739.1196,264.4416,477.1165,121.5001,523.3475,140.9172,639.0287,206.1721,560.0610,134.0997,466.6382
465.8623,183.8697,503.0966,203.2744,451.6362,213.5583,543.9324,218.2796,625.2987,251.6161,497.2939,130.9167,522.2189,152.0351,606.8743,250.3353,530.2450,136.1619,424.4658
483.1573,208.6580,482.2591,218.8684,440.4037,228.2838,514.7249,194.0741,446.5575,170.3032,547.4503,148.9992,526.7810,182.4433,525.6544,275.5850,548.0248,148.4506,399.3859
513.8091,234.5174,474.0320,221.6288,424.1861,229.2991,488.4597,215.8403,371.8100,112.9606,539.5609,154.6555,528.9648,203.8911,485.6234,303.7584,550.9705,155.4482,416.8005
491.4203,230.4067,437.9178,214.3658,416.6923,230.6285,501.0465,268.8940,382.6808,145.1399,515.4340,141.0105,540.0298,204.6653,513.0175,358.5661,483.4153,166.3309,437.4787
416.6068,186.7541,393.5323,192.9165,426.0907,232.4082,505.3782,340.2466,419.7048,292.3208,498.4031,108.5526,531.0391,197.5261,544.2425,420.4122,355.5328,187.3186,431.6176
350.3849,136.7472,368.0959,172.3937,419.6321,218.6495,458.8518,396.8484,431.1333,460.3203,438.0647,117.2167,465.5233,206.2034,491.2372,433.5743,269.5589,169.8083,380.4484
328.5309,148.5103,343.3471,175.9613,381.9692,188.9237,358.1668,332.6934,341.1146,433.9803,354.4530,234.2710,370.9468,237.1980,354.9639,354.1682,290.2050,88.9268,255.6941
278.1138,214.3597,276.2181,190.0836,299.9990,154.0889,209.8848,149.2558,181.0193,196.1452,280.9651,389.8296,278.8576,257.0671,221.8145,217.0966,321.3824,3.5965,98.1558
129.0808,227.8449,158.7829,177.2314,156.6284,119.3279,65.3343,12.0996,75.0827,13.6894,152.9447,429.4954,162.2141,228.3200,137.0469,117.7758,232.4990,-41.7946,-10.2014
-55.0498,137.2662,29.6532,117.8970,-12.6511,82.7540,-26.6478,-5.2787,33.5277,5.9626,-32.7748,324.8011,16.3530,162.0727,67.0182,104.7033,45.4848,-63.5225,-87.9767
-200.6103,16.1305,-86.9629,36.9661,-156.0303,39.6827,-125.3745,6.0398,-41.9390,30.3067,-161.6973,197.8340,-107.6784,101.7107,-44.5148,150.4755,-125.5456,-69.6408,-204.7241
-332.5561,-50.6754,-204.7840,-11.3680,-273.1717,-4.0713,-284.8854,-4.3331,-181.5402,43.2881,-231.5434,145.6927,-206.6952,75.3904,-226.8919,204.6725,-254.1985,-63.7090,-343.3447
-459.7946,-52.3291,-329.5267,-12.8476,-380.8886,-28.0205,-424.1951,-8.6196,-319.3519,88.5102,-354.0371,149.4986,-333.6363,84.7627,-424.1308,207.6233,-400.9539,-66.3907,-459.5981
-550.3265,-25.3401,-447.3829,-4.0532,-484.6515,-22.7206,-498.9633,-9.2701,-418.2235,73.7460,-513.8162,153.6404,-485.7242,110.7699,-546.2390,126.5233,-567.7590,-61.7260,-559.3127
-622.9935,-7.2627,-547.7055,4.2562,-589.2628,-3.2027,-601.3807,-19.2340,-559.4612,-31.9702,-612.9130,147.0029,-609.2887,123.6296,-633.3851,26.4082,-674.7514,-25.7020,-636.0867
-691.8218,-10.2053,-621.9445,18.4302,-683.3591,8.6631,-747.9916,-28.3776,-819.5607,-99.8642,-669.5117,131.6524,-700.3487,106.5019,-788.8298,-0.1100,-704.7933,-4.8890,-677.5007
-736.3819,-26.0421,-682.4007,4.4572,-771.0692,-3.4435,-848.1784,-39.9259,-1067.4790,-122.1205,-746.0740,85.7912,-799.2101,70.0216,-955.5058,24.6784,-746.6215,-44.6370,-725.1467
-798.9297,-48.3248,-771.5744,-42.8656,-897.6089,-35.8777,-918.1818,-50.9972,-1115.7023,-176.3331,-831.6322,26.1444,-916.2943,44.1684,-1016.0726,17.4283,-841.3926,-103.5074,-808.8972
-920.2026,-61.5541,-889.2560,-64.8639,-1054.6996,-55.6364,-1028.1599,-41.6758,-1048.1644,-187.1866,-925.5420,23.7724,-1029.8975,49.4179,-1023.3867,-15.1647,-935.2271,-129.3412,-903.7720
-1037.3357,-44.0278,-977.1722,-51.5639,-1161.6447,-43.3103,-1127.7594,-30.5079,-1066.4221,-101.2721,-1058.4784,79.5713,-1124.5532,65.5567,-1084.3004,-21.0591,-1017.2333,-123.4825,-1005.6468
-1112.7279,-15.8629,-1026.6815,-42.4408,-1203.6772,-24.1855,-1173.4939,-51.8999,-1131.6365,-35.1571,-1198.0865,96.3400,-1201.0978,54.6961,-1179.3878,-29.6728,-1120.3671,-101.3027,-1135.6971
-1186.8833,-16.5671,-1088.4912,-25.0059,-1248.5428,-18.5479,-1240.9014,-90.9074,-1120.8308,-34.8482,-1295.9327,41.2696,-1275.9180,17.2572,-1258.7883,-87.1516,-1203.4362,-84.0419,-1276.3657
-1238.6113,-27.3186,-1172.3527,5.3182,-1325.2010,-18.2813,-1355.4390,-121.4741,-1103.0707,-18.7752,-1372.9558,-5.7811,-1367.3417,-22.1464,-1323.1283,-143.3745,-1226.4934,-96.6014,-1387.1235
-1237.7112,-15.2202,-1256.4595,-8.7092,-1410.2689,-29.1117,-1439.7501,-145.7943,-1161.3090,21.0111,-1446.7190,-11.9926,-1464.0094,-64.9675,-1362.8599,-144.2898,-1258.7745,-114.9140,-1444.6267
-1270.1655,-19.7993,-1340.9828,-62.2741,-1478.1687,-55.3601,-1475.6481,-151.8753,-1232.5574,30.2062,-1490.7386,-46.0975,-1533.4183,-118.2239,-1373.7200,-142.2053,-1347.8051,-95.2545,-1447.5288
-1381.3324,-77.4475,-1412.6823,-84.3971,-1508.6963,-71.5572,-1511.6128,-121.6614,-1283.6855,-2.2337,-1516.1136,-137.1821,-1571.3624,-162.6644,-1389.6475,-184.6611,-1426.1749,-65.7225,-1427.7909
-1470.4346,-131.8961,-1448.7360,-84.1829,-1517.2738,-82.5661,-1546.0710,-87.7523,-1363.9701,-61.3854,-1554.2400,-205.9596,-1599.0493,-177.4970,-1428.1068,-215.9821,-1445.5479,-85.2054,-1423.6508
-1479.1310,-130.8336,-1465.1487,-112.5765,-1537.5463,-122.2571,-1540.9463,-92.6706,-1453.5442,-99.1557,-1572.0005,-176.2027,-1605.8162,-155.4196,-1464.7081,-192.4697,-1435.1808,-133.7568,-1419.7639
-1457.8245,-112.7908,-1469.5269,-144.4157,-1535.4542,-160.8364,-1481.3911,-112.1717,-1462.6687,-60.8918,-1534.6121,-79.7638,-1553.1296,-109.8897,-1448.5785,-150.9726,-1411.8243,-147.5664,-1379.4001
-1411.1384,-108.1534,-1432.7422,-140.3955,-1459.5449,-152.1876,-1377.4844,-104.4493,-1358.0168,5.0168,-1479.8213,2.7855,-1445.3376,-89.4622,-1342.4934,-123.5692,-1357.3925,-131.5844,-1319.4567
-1279.6002,-66.1552,-1361.5328,-109.4852,-1354.1267,-135.9879,-1274.8582,-105.7727,-1224.0719,-9.7993,-1431.5276,71.0304,-1337.9005,-111.8209,-1219.5175,-132.0922,-1236.9731,-141.3558,-1285.3491
-1055.5414,45.5624,-1286.4987,-60.1423,-1290.3470,-142.7983,-1243.5397,-179.3146,-1212.6183,-135.1550,-1363.7444,185.4429,-1270.9142,-112.5481,-1226.2533,-208.4891,-1019.6592,-176.7476,-1289.2076
-813.4949,167.3573,-1198.8262,-6.6543,-1265.9244,-117.3598,-1300.4050,-291.2538,-1368.3505,-321.6608,-1304.4191,330.2938,-1244.8164,-63.2754,-1367.5634,-303.9144,-770.6455,-186.5592,-1310.7798
-654.0056,223.5741,-1110.4158,9.7553,-1254.5541,-59.5708,-1372.5150,-355.7020,-1539.1769,-494.5666,-1321.3772,413.1635,-1249.2061,-35.8988,-1484.4539,-335.5398,-634.1510,-168.7488,-1322.7577
-617.5316,196.9601,-1078.3590,-24.6721,-1246.4995,-60.1037,-1380.4847,-377.8506,-1574.1158,-589.4966,-1391.7656,392.9372,-1267.5970,-53.7499,-1483.5272,-351.2131,-641.9371,-174.3692,-1310.4194
-652.0462,107.5890,-1097.5432,-89.7374,-1230.3619,-133.3219,-1339.6235,-416.7130,-1503.9376,-607.0818,-1430.5093,295.5269,-1271.6117,-62.5700,-1417.2678,-415.4397,-696.1498,-218.1010,-1283.7418
-709.3748,-18.8910,-1100.5365,-173.7805,-1211.8950,-210.6148,-1316.0414,-458.0028,-1425.2117,-591.0282,-1421.9000,147.9017,-1248.0614,-97.3052,-1356.0565,-438.9088,-758.4305,-269.3690,-1254.9692
-795.5657,-152.5005,-1073.9635,-261.3696,-1198.6134,-275.7210,-1290.6776,-460.9602,-1359.3595,-563.8018,-1408.2412,-4.6166,-1211.4514,-239.0839,-1312.5189,-374.0447,-856.0905,-309.8182,-1208.6929
-882.9559,-270.1420,-1054.2157,-330.5143,-1161.7461,-338.4343,-1191.2789,-440.6469,-1291.8754,-533.7745,-1400.8998,-97.9346,-1170.7900,-420.4052,-1254.4500,-341.9692,-952.3919,-335.3752,-1123.3126
-925.4415,-367.5061,-1045.7007,-380.6407,-1093.7894,-371.4319,-1057.3939,-407.3972,-1215.9692,-490.0798,-1377.4642,-132.9355,-1110.7791,-497.7451,-1146.4025,-375.4426,-993.8926,-348.9789,-1012.0438
-961.0479,-448.0942,-1021.7789,-415.8651,-1031.8805,-378.3902,-984.5129,-354.9357,-1115.4586,-420.1785,-1318.2235,-169.0175,-1015.5687,-435.2624,-999.5494,-362.9391,-998.4683,-371.1333,-908.9711
-1026.6080,-517.5308,-960.2112,-436.7451,-971.4590,-399.3850,-934.2110,-331.1614,-985.2953,-395.7714,-1221.6647,-229.8101,-891.5200,-282.1167,-850.5923,-309.8227,-993.4611,-396.8275,-819.8081
-1050.4397,-583.2560,-864.9518,-459.9444,-876.6385,-429.3700,-816.4357,-371.8016,-848.6596,-472.9926,-1105.2627,-301.9993,-762.1016,-120.4506,-705.7162,-311.6815,-965.9508,-390.2598,-718.0542
-986.4094,-634.8620,-773.9529,-489.3120,-765.5822,-442.9799,-657.9762,-419.6442,-708.7415,-531.0075,-976.8698,-374.5076,-646.0853,-58.8837,-555.1699,-342.5681,-900.6317,-369.7326,-593.4140
-903.3224,-644.1225,-705.0580,-499.8344,-665.8907,-444.9423,-499.4183,-427.3698,-530.1888,-468.3080,-827.9030,-412.1925,-541.0348,-103.2457,-399.0861,-334.9112,-795.6743,-379.7341,-467.7646
-818.4323,-606.3335,-621.4738,-480.3686,-554.1491,-429.2211,-312.0779,-415.5324,-317.1869,-384.1670,-674.3048,-381.5887,-429.5277,-122.7672,-242.8725,-296.4077,-660.6318,-379.1898,-352.1813
-641.6530,-554.8149,-502.4811,-439.7738,-417.5132,-382.2321,-130.9104,-378.3440,-147.2221,-334.6244,-536.3834,-330.8455,-301.1273,-73.2455,-103.7466,-229.9786,-519.9955,-319.6396,-230.9651
-380.9970,-519.7720,-374.6166,-390.4771,-279.4508,-331.1055,-25.9317,-293.2157,-43.2566,-246.0820,-385.8001,-329.6158,-161.9371,-53.8245,22.0883,-139.7888,-384.6599,-256.8533,-89.7866
-189.4442,-495.1117,-245.1512,-352.4918,-140.2529,-296.2510,66.1988,-205.6358,94.3109,-159.7661,-206.1319,-347.5106,-19.5488,-81.7987,178.4661,-78.5052,-238.8069,-225.5686,79.1901
-125.3403,-453.2003,-93.6923,-317.1906,22.8801,-250.4078,233.0662,-162.9790,309.8728,-141.2349,-41.5284,-319.5036,130.8179,-71.6699,345.8185,-43.4358,-69.9274,-170.0369,274.4090
-56.1560,-385.9125,78.3223,-248.8827,208.8824,-188.0985,412.3376,-132.7859,498.2804,-66.0482,107.1828,-270.5027,291.1960,-27.2667,433.9789,25.2226,120.6197,-104.4468,462.2509
130.4267,-322.6226,257.1210,-176.3046,392.0469,-146.3906,528.9133,-74.5946,605.1983,129.0127,303.5123,-248.9475,442.5265,-14.8079,471.6227,109.4181,316.0092,-103.9704,602.9545
376.8184,-286.1866,434.3065,-161.6613,550.4860,-128.9435,626.6786,-9.9363,716.5931,283.5937,535.9423,-230.9911,572.1412,-29.3306,595.5141,154.0264,481.8695,-115.4955,703.6718
572.1829,-247.0271,590.9288,-166.5458,693.4529,-98.9764,744.9292,19.8146,884.3406,317.2537,735.2137,-195.1835,708.9726,-51.2366,800.4487,166.1361,608.8989,-33.7205,801.7627
687.9662,-170.0009,724.8027,-110.4636,854.8386,-41.7270,858.1689,19.7616,1068.1625,317.5023,910.4443,-173.2646,879.8251,-91.9189,953.6155,157.1940,726.1835,105.6405,915.9139
763.3018,-80.0656,871.1797,-9.6440,1037.8719,33.0724,967.1640,45.5236,1222.5660,319.2775,1079.4071,-168.8883,1046.6627,-115.3408,1038.3599,125.5895,839.2403,216.9219,1041.6305
853.2318,-22.8578,1037.9580,79.1727,1199.4279,117.2516,1090.4409,117.5472,1308.1743,312.3815,1180.0328,-161.9777,1156.4170,-80.6478,1140.4965,103.7629,924.3298,297.4523,1152.1785
985.1650,1.8233,1175.2627,144.2525,1305.0605,191.9808,1198.1930,164.5317,1331.5548,306.1315,1213.4822,-178.1971,1225.2673,-38.2990,1268.1971,92.3132,990.5987,346.9026,1202.7485
1116.1737,23.6050,1252.9097,186.8083,1361.4821,235.8898,1254.1448,135.1263,1374.5714,248.0187,1280.2206,-213.0038,1297.7120,-36.5024,1370.9833,44.9662,1070.8605,337.5172,1188.1185
1191.0979,63.4652,1306.5753,216.1609,1400.9763,258.1436,1269.0005,89.9840,1443.0052,115.9508,1383.5858,-186.7802,1365.2561,-33.2859,1441.0751,-23.2804,1170.9948,293.4431,1171.8380
1243.8030,126.9824,1372.2924,250.8414,1452.2938,275.3329,1271.8745,82.1820,1439.6824,25.5078,1440.2579,-96.3459,1401.5616,-3.6255,1486.4366,-61.4366,1274.0195,252.7776,1204.5643
1333.0569,196.8544,1429.8060,274.2561,1507.4458,276.3715,1272.3119,76.1660,1370.4279,37.8509,1471.2358,-42.5202,1423.2804,11.2357,1488.1249,-73.9425,1351.6417,213.5395,1245.9855
1412.7644,244.3347,1446.5431,275.2072,1527.1622,261.6044,1257.9069,61.6011,1319.3352,64.3157,1526.2992,-47.8298,1444.6547,7.3770,1436.7393,-65.7556,1376.2981,186.9533,1226.7274
1403.8090,261.2067,1423.4127,286.4999,1487.6799,262.9451,1216.9268,85.2754,1267.7982,60.0915,1536.9475,-56.4105,1430.4359,20.9704,1355.5385,-22.4642,1360.8251,183.6095,1167.9006
1334.6251,252.1295,1366.4061,299.7427,1394.1725,275.3594,1158.5966,141.4700,1188.9161,68.0912,1467.9617,-81.5039,1355.2704,36.8698,1262.4447,14.5224,1336.1538,160.8880,1151.3503
1275.0898,222.2265,1280.6060,273.5775,1275.4784,255.3884,1095.5986,175.3419,1129.7214,81.2917,1423.1418,-136.8826,1258.1267,24.8695,1153.4924,6.7118,1294.6362,105.2543,1166.2382
1215.8674,200.1321,1204.1553,241.6238,1184.6777,218.2722,1024.4788,170.7668,1064.0330,56.5549,1447.4933,-146.1523,1189.9674,17.0371,1044.6084,-1.7447,1228.3955,80.0287,1113.5264
1134.8766,210.3591,1162.8776,244.7507,1138.5837,215.8793,940.2955,149.5412,931.4433,4.6059,1447.4677,-90.8665,1145.0449,48.0795,960.5198,23.4575,1161.8159,110.5985,985.8732
1082.1794,219.7626,1114.2825,239.5915,1082.3969,226.4996,847.6337,141.0262,784.2812,-25.1889,1375.0963,-59.6524,1080.8243,84.4562,866.7526,60.7084,1087.1277,148.1816,883.7089
1075.5486,193.8578,1024.7585,206.5376,988.1589,205.0915,761.4053,168.1638,670.6460,7.7712,1276.8403,-69.1199,980.6582,82.2126,728.3308,111.9106,969.1555,166.3260,837.8954
1014.9095,168.6944,922.4933,189.0224,893.1119,180.2182,699.7252,214.4178,567.7048,104.6133,1166.8328,-51.5338,864.7432,58.3250,614.5883,179.6416,828.6580,169.1085,788.0230
836.1227,181.8781,811.1788,184.0208,797.1652,175.6501,644.3867,240.4502,501.4316,207.9272,1024.5792,-10.9020,753.2314,57.5161,584.7570,212.2078,709.8903,148.1972,710.0129
640.4598,204.4399,669.2960,167.2307,665.9648,156.6611,547.3112,238.7308,467.6074,236.8909,866.8505,-0.8667,645.9748,80.3549,554.0244,187.3968,603.0324,122.1691,610.6346
531.5662,208.6938,536.8767,165.9429,520.3218,132.6728,419.5761,221.8764,366.3191,171.5303,717.7372,-16.0879,535.5914,85.0784,443.8592,156.2577,486.6488,129.6009,476.6428
454.8026,213.3141,446.0155,183.3453,390.3052,148.7687,319.1449,200.3369,213.6517,103.5006,575.5298,-26.3695,419.7671,57.5427,314.5262,151.4495,368.9078,146.5847,326.6119
329.0894,223.4431,345.4726,176.4245,265.0192,168.7341,226.8954,194.3978,125.2419,137.7007,443.9545,-30.7338,296.7702,34.5929,224.1721,154.4970,248.6731,126.4676,199.4297
182.5809,218.5575,211.4457,149.1115,153.0908,141.9958,90.3867,205.4500,67.8164,228.4905,329.3777,-31.2875,164.1207,43.8079,145.0263,154.9420,118.9302,109.6971,83.5890
52.3246,211.3076,86.0125,144.9790,62.7593,120.9931,-35.1090,209.4306,-35.3183,256.9065,212.9756,-15.6552,28.0761,72.9623,54.5079,165.8565,-9.0845,166.0641,-31.8132
-86.8927,237.2996,-30.6384,179.6027,-49.2272,164.3237,-83.0852,219.9604,-131.1553,243.4617,75.5686,28.7906,-97.3286,110.2400,-55.2425,191.6506,-132.8230,263.5838,-112.0492
-242.3760,283.7279,-163.0798,236.2173,-192.5769,231.7425,-124.8339,265.6407,-209.0439,260.0353,-70.1480,80.3153,-208.4127,150.7666,-192.7623,212.6743,-255.7070,317.0726,-155.0546
-389.9214,294.4149,-289.7636,272.2272,-318.2791,265.2276,-232.3204,312.5866,-325.9889,253.0975,-197.9660,75.6854,-314.6305,169.8294,-311.1610,207.4993,-362.0085,321.5941,-197.7267
-509.5231,258.5829,-396.9792,260.1339,-411.9350,266.1323,-337.6851,319.2900,-414.7503,197.1250,-289.8547,10.5985,-409.1140,152.6145,-364.4316,184.7067,-445.2833,327.9802,-245.3873
-561.5952,237.7279,-483.0454,242.1471,-470.8159,261.9127,-382.9657,301.5983,-408.8208,187.2179,-329.4835,-18.3268,-459.7748,121.3471,-388.4039,160.3314,-511.0434,335.6257,-303.9825
-536.3462,274.1654,-514.1246,261.4578,-468.7289,268.0909,-425.9599,276.4910,-402.4816,222.2979,-315.8743,19.7125,-456.0977,97.0331,-408.8140,126.9080,-539.4218,314.7707,-392.9557
-518.3326,329.4503,-507.0434,293.6681,-448.5453,281.4951,-490.8300,255.4844,-451.5182,209.5162,-300.5229,26.5931,-437.8287,89.6617,-405.4756,99.9421,-531.0015,288.8003,-466.0727
-565.8987,350.2215,-535.1263,315.5223,-481.8460,292.3055,-511.0942,275.1903,-498.0001,175.1157,-353.7018,-20.5910,-446.3521,122.2734,-416.5277,125.4725,-549.9172,290.3292,-468.5849
-620.5583,331.3047,-588.4689,323.0688,-527.9503,296.9935,-482.1392,317.4034,-540.1979,180.1954,-456.9879,-16.4179,-473.6513,196.1746,-487.3977,190.9692,-629.0179,283.6507,-455.3374
-646.3182,289.7834,-613.6774,290.3085,-529.9429,282.2149,-485.3398,318.7752,-588.6721,206.5726,-507.2730,65.0710,-491.0816,272.9702,-557.1541,242.5564,-714.1644,236.2783,-492.3833
-690.5504,248.6613,-640.1436,240.8297,-546.1180,242.9631,-534.7706,320.3966,-586.1466,262.7056,-475.1419,138.2447,-505.1936,339.0485,-565.5186,288.3419,-761.9647,207.1348,-534.7529
-747.4460,238.7175,-691.0886,244.9276,-619.4671,225.0880,-560.5947,394.0052,-554.4186,325.5222,-453.8246,163.3262,-546.4333,406.0445,-556.4534,341.7986,-788.1188,249.6816,-534.1731
-758.5081,250.7766,-716.4168,271.2486,-688.2585,251.9642,-552.2778,449.6753,-585.7598,285.5696,-505.9113,153.3804,-611.6058,440.9064,-580.1036,344.1019,-803.9720,298.8062,-531.3875
-742.8634,238.6207,-706.6353,243.0351,-705.8870,257.1133,-572.3679,383.9589,-652.1481,202.1791,-584.1404,117.4416,-658.9246,415.7057,-628.5756,285.7180,-801.4744,273.6706,-560.4381
-755.8602,206.7749,-694.9008,207.0412,-687.4199,209.8086,-625.7356,292.9230,-660.0772,265.1009,-631.7926,88.0179,-670.3061,394.9722,-676.6653,254.9010,-787.7075,209.2033,-599.6114
-779.9372,200.1877,-676.8497,220.0967,-663.3062,177.6549,-655.4415,282.3992,-619.6871,399.6727,-638.8434,81.5556,-676.1473,443.1932,-692.1449,264.7888,-773.4603,169.9839,-631.5568
-769.3865,210.7266,-662.6108,217.1826,-674.9865,175.4967,-661.5756,275.0298,-601.6735,389.1032,-599.7028,60.7095,-695.3722,511.2633,-660.5859,227.1659,-752.5948,138.9010,-646.5408
-723.8895,207.6930,-676.6884,170.9658,-725.0750,152.8592,-689.1332,200.2129,-630.8603,272.4406,-525.4484,39.8772,-702.2838,528.1878,-622.3105,134.8769,-711.4404,97.0693,-633.0862
-664.7843,212.5809,-677.0999,163.0724,-745.1066,139.4596,-724.5623,127.2158,-669.7705,183.2672,-472.0840,84.7404,-681.8754,514.3857,-615.9504,73.0961,-638.8515,86.9071,-614.5055
-601.9050,241.5596,-624.4214,213.4458,-699.6465,178.4230,-722.0500,104.2316,-651.7326,119.6487,-475.2845,155.4207,-657.5074,513.8422,-621.8883,71.1330,-544.0953,109.7233,-612.1211
-536.6270,255.5787,-545.8245,253.6356,-627.1880,207.0038,-676.1605,97.9521,-557.3867,118.5340,-495.0836,155.1026,-638.0519,507.1839,-599.7086,93.6947,-466.0158,101.6351,-586.8834
-462.9897,232.5490,-457.6712,250.6523,-550.5300,182.8682,-588.8894,100.3980,-433.7341,226.3168,-472.1236,108.6202,-598.5472,455.9278,-528.8936,114.4032,-430.3367,59.5291,-512.7150
-375.8871,197.3917,-372.0869,211.5749,-471.1575,153.8727,-462.8191,118.2557,-314.5263,319.2478,-401.9169,93.3678,-530.4000,363.5388,-420.7680,116.9250,-413.7994,41.1683,-437.5858
-295.9233,164.8683,-329.2766,149.6660,-407.3888,124.2231,-353.2827,124.5368,-202.7141,330.2755,-323.1315,97.3831,-458.4089,264.7856,-307.9729,99.9733,-376.5814,39.9754,-384.2819
-264.5672,129.5257,-303.8868,94.5538,-354.0286,58.9793,-298.6582,118.1273,-97.0507,371.2773,-254.5376,85.7739,-399.2111,193.8140,-192.3455,90.5864,-312.2437,8.6106,-307.5872
-283.1786,92.1625,-237.4601,54.7808,-293.1487,-5.6946,-237.7947,125.4684,26.7919,425.0630,-182.8519,61.5198,-338.2973,158.6392,-59.5450,94.7161,-251.3875,-31.4754,-208.2329
-279.2733,58.5029,-170.7187,16.9427,-234.2347,-20.0213,-121.6674,130.4518,163.2427,356.7113,-114.1470,14.9422,-254.1204,131.8844,46.3151,82.5043,-212.4751,-26.2200,-138.9961
-198.1614,39.3856,-140.2659,4.8875,-161.3518,5.7063,-3.2989,105.6740,238.0552,228.1143,-78.6577,-53.1504,-154.2215,83.1835,89.7897,47.8760,-162.7067,22.1111,-88.5548
-91.2893,39.0872,-79.7395,30.2846,-44.5323,39.4691,74.4572,63.2872,248.0344,171.9392,-63.5580,-107.1251,-73.3598,16.3892,136.3263,13.5338,-70.3038,68.2094,-12.9193
-22.5172,30.8189,21.3541,33.5346,73.0966,38.2293,138.1965,18.1562,281.0323,147.9807,-14.9256,-145.1549,-21.1644,-40.4647,226.3979,-8.3683,23.4696,74.8927,71.4570
32.4520,-3.5360,95.5434,-9.9795,142.7783,-16.7671,195.7975,-13.3697,321.3863,111.8728,74.3724,-177.6304,37.7295,-66.4976,283.3776,-7.7290,66.8209,48.2982,150.8441
100.5700,-28.6631,153.5193,-34.3501,201.7803,-54.6721,237.1247,8.5064,301.1026,114.2785,162.6190,-161.9682,122.8024,-62.8546,277.1063,19.4564,99.8136,37.9402,255.1466
153.1471,-17.7140,220.1829,-14.9900,279.4659,-25.3094,296.3842,73.7762,300.3391,130.8621,239.3332,-90.9620,206.8937,-47.9452,297.5186,46.4380,187.0825,55.3129,362.9694
196.1469,-1.6740,250.3253,-10.9140,343.7577,-4.6469,392.4742,105.2709,392.2970,100.4644,320.9776,-33.0836,275.3789,-29.9174,385.6719,59.4090,303.0135,42.4986,420.3948
276.6914,-2.0300,264.4252,-37.2533,390.0573,-34.9151,478.1093,88.2118,467.6090,62.9365,397.2939,-1.3927,348.3907,3.2162,476.1307,80.1413,389.1129,-5.5168,452.8265
388.2838,-0.7503,340.2212,-44.5169,439.0782,-39.9501,516.7241,92.0656,457.9738,52.3818,453.4135,42.1274,421.6274,36.9388,524.3160,95.2789,448.9615,-11.1018,505.5923
483.2813,-2.8243,451.0592,-31.8743,484.2887,-9.1063,532.3997,130.3659,457.1049,34.8853,504.1503,60.8222,464.5349,20.5822,549.5744,67.3652,506.3139,28.2600,556.9908
537.5330,-31.2611,532.8076,-48.9789,538.0048,-24.2198,572.9002,141.3096,501.7974,21.3764,565.4553,19.6381,491.4938,-50.0551,574.8698,26.5340,551.4924,30.7763,594.1974
555.0974,-62.5443,596.3015,-89.8866,623.8707,-76.3020,663.2798,104.3061,532.5541,28.2359,631.5781,-9.5268,552.3375,-111.3673,599.9364,12.3712,578.7205,3.0139,638.5286
572.2177,-52.0352,647.8328,-93.9964,709.7792,-84.8495,764.3859,57.0142,548.3177,-8.8082,690.8901,22.2435,642.4536,-127.1663,614.2394,-16.3259,612.4531,23.0757,672.2755
620.3429,-6.4476,682.0170,-49.6337,765.0269,-47.3546,799.5636,24.9344,565.0463,-98.8537,735.0120,58.5529,698.7739,-117.7104,620.6252,-73.0062,675.2961,79.8448,675.1063
665.2788,25.0610,741.1581,-6.6279,815.0275,-10.0179,765.0986,3.4081,555.2177,-142.9669,762.5645,60.2878,698.0507,-95.6633,636.0825,-85.0464,759.7916,109.1175,672.7669
689.7045,16.9842,823.4742,11.5327,862.6313,15.5371,730.3767,-21.2616,539.9391,-133.1489,782.8631,45.6369,689.5538,-66.8480,660.2458,-49.8815,829.7983,118.9724,672.4072
756.7399,-0.4555,860.5720,28.2284,871.0963,36.0900,714.2847,-50.0344,558.8931,-173.4025,798.4595,24.6858,708.1620,-54.0556,682.3847,-49.0954,857.4554,142.7084,667.7769
858.7837,19.7377,848.4691,53.3990,845.5490,56.5273,693.8680,-64.5675,572.7676,-254.3414,799.4816,16.9428,727.1063,-51.1332,705.5490,-72.5932,866.0864,155.0613,695.0634
884.3115,69.7929,840.0383,71.0305,826.6799,70.9126,695.5749,-60.8895,555.0296,-253.7972,788.1517,48.2612,730.0908,-29.4960,711.6252,-48.4518,889.7455,124.3621,754.0311
830.4561,89.3686,847.8703,74.3899,832.9224,57.1245,731.7646,-55.8674,560.6949,-157.1080,777.8246,88.0346,747.5201,-5.8707,669.4363,5.1640,897.9725,74.3770,773.2820
806.7302,54.5828,858.7961,64.0802,857.8272,21.8708,740.4378,-43.7593,609.3055,-66.1160,767.0764,96.7275,779.0594,-10.2207,616.7188,38.8627,841.6984,40.2897,733.3806
820.6260,5.4581,853.6962,29.2172,869.6558,-1.3423,696.6942,-18.9562,647.9653,-39.8675,748.3231,91.5940,773.7936,-27.5215,620.1535,54.4861,753.1203,12.6468,683.4803
804.1355,-28.2398,812.7878,-32.1699,831.3040,-22.3411,657.4800,-17.0054,652.3376,-57.7602,725.9852,85.0357,728.4687,-44.5502,659.5701,44.9261,702.8903,-26.2751,647.5463
763.4102,-53.4101,763.1373,-84.5681,760.2920,-60.8891,657.1539,-40.8869,644.8528,-59.5516,694.9039,60.8666,700.3958,-68.5949,682.2139,15.4938,687.7149,-48.3243,634.1887
724.5467,-64.0590,727.8112,-81.4784,703.9182,-73.5934,683.4129,-31.8744,645.8240,0.1477,638.1136,36.9082,698.1917,-76.5781,702.3331,23.2005,660.8699,-33.0116,649.0350
676.1396,-46.1158,665.8981,-33.0726,665.3568,-34.3794,722.7402,11.9709,665.8679,64.7618,575.1208,37.6575,676.6893,-48.9672,727.7068,56.5586,629.4747,-26.7366,651.5547
626.2122,-25.0739,590.0740,-7.7742,634.7607,-6.3831,738.3824,28.3911,687.6728,48.5749,553.2166,39.5523,639.0578,-21.0716,702.2543,36.5611,619.2291,-56.2105,614.7845
589.6901,-34.0264,581.2427,-31.8537,627.2283,-29.4801,684.8673,20.5867,661.2526,16.9082,564.9039,24.8168,621.0395,-17.9785,609.2574,-3.8867,600.6904,-67.7599,573.0438
568.1412,-49.5105,606.8285,-46.4647,621.5322,-45.9185,581.2746,31.3733,581.8270,78.5305,544.2086,17.1715,597.4407,-12.4529,515.1681,26.2336,541.4656,-41.0301,530.5915
575.5219,-26.1119,564.4767,-10.1947,562.7972,-9.3389,490.2554,44.6999,526.7047,162.7348,462.0205,31.2346,521.6628,14.2629,472.7903,87.1121,466.0917,-30.1935,462.2164
581.3901,23.5251,476.0826,34.5652,465.4964,38.7064,447.6817,48.9929,548.7961,162.5044,359.2209,52.7099,422.0565,43.3162,468.7507,102.2725,402.1494,-41.3594,401.4913
517.9263,46.3845,411.2247,39.7590,401.0144,44.8347,444.5284,70.5358,580.2350,135.5624,286.8222,63.1119,361.9885,45.5212,458.4453,106.5161,346.1143,-32.0092,366.2420
421.6212,34.7653,362.2214,19.4969,379.4766,21.7809,425.2044,82.4447,517.4328,150.1733,262.0613,61.1802,347.5207,15.8789,405.8710,141.2212,309.1338,-17.5375,303.3617
377.6855,32.8150,327.4729,14.7637,351.1210,17.6948,348.4716,50.0996,375.2912,166.7975,257.2533,72.7503,340.4254,1.4343,316.7610,178.8273,300.4275,-26.9167,218.9755
346.1459,58.8176,313.0224,36.3011,297.4576,41.3746,274.9524,29.5870,264.8132,157.9095,217.9912,112.6375,314.0050,36.5760,234.5464,200.9989,274.9422,-36.1826,176.2961
273.5454,80.2926,257.1721,51.9387,229.5902,55.1533,270.1832,57.8500,227.6694,118.5792,139.8246,150.2519,260.7064,56.4804,181.2497,200.7306,193.4315,-35.5404,148.8584
215.6819,74.3837,145.1527,35.1661,143.1579,39.2880,268.3791,75.7097,201.6904,45.2603,82.9912,163.6955,188.1155,7.3121,137.6051,164.0776,88.9641,-36.3780,79.3416
166.6062,59.8721,60.8311,15.5455,45.6618,20.3125,204.6140,70.4775,144.5743,23.0502,54.9641,168.0253,118.0921,-27.5775,90.0187,128.2101,3.8955,-12.8315,1.0338
47.5541,54.7643,14.2601,24.9110,-32.0392,24.0120,142.0481,103.6907,75.6987,98.8829,-13.6164,154.9568,61.2336,17.8740,41.7298,142.0528,-68.4104,41.4392,-54.2845
-75.1633,43.9180,-66.8255,31.3896,-95.4674,40.3061,105.1544,162.6254,8.6790,133.0956,-129.6763,108.5338,3.1391,57.5412,-19.0028,177.7563,-142.7633,78.5535,-116.0163
-96.4997,11.4402,-169.1139,13.2833,-176.1758,49.1423,17.2223,182.5829,-58.8186,66.2899,-222.0493,74.0328,-65.2139,29.6942,-103.3865,187.6081,-209.4527,86.6027,-173.4436
-103.5145,-16.6783,-227.3525,17.1808,-250.9580,54.8013,-100.0303,173.2251,-121.3467,54.2134,-271.3725,98.4475,-126.9665,9.2259,-190.3326,170.8234,-246.2593,96.3682,-192.4260
-188.4337,9.6461,-252.1607,64.0745,-277.2518,76.5789,-146.1037,163.6536,-185.9034,106.4576,-299.0112,156.3323,-168.4419,40.5510,-261.3199,131.2701,-229.3158,108.1324,-218.1746
-242.7114,102.1456,-283.3592,115.2656,-286.6205,112.5430,-156.1476,122.2242,-267.4081,42.3175,-285.2619,206.9092,-210.3288,60.4746,-334.7523,66.9017,-159.5237,115.0900,-310.8364
-168.9511,214.6431,-313.5600,163.4615,-330.6646,142.0385,-231.9492,33.9859,-364.2308,-102.0779,-240.7684,237.6254,-285.8870,27.5521,-423.5940,-5.4858,-77.6496,129.5727,-437.8393
-47.7736,297.1842,-322.6179,225.5311,-386.9362,167.0489,-356.7623,-48.5360,-471.8204,-127.7825,-243.6636,237.6625,-386.3934,-21.3879,-507.2908,-69.9152,-27.0989,142.0104,-522.0768
14.6077,335.1622,-320.3773,266.6105,-419.1250,196.6368,-462.2895,-77.0557,-572.9778,-60.2518,-308.8761,203.5570,-459.6750,-43.8391,-574.1514,-114.6542,-34.6320,136.0950,-543.9421
-6.4897,322.7983,-339.3094,243.6797,-456.0813,196.6894,-532.0327,-61.6829,-625.9537,-58.0811,-364.1546,141.7229,-483.7788,-49.2019,-630.6257,-138.9924,-110.9049,119.6497,-551.7639
-86.2951,255.4484,-390.0535,175.3367,-528.3258,140.4033,-569.5872,-52.9379,-636.7546,-127.8384,-385.5748,55.8608,-499.0113,-77.1037,-667.3348,-181.6159,-214.0705,101.9053,-581.9750
-166.7308,169.2073,-429.8020,114.1445,-595.4580,81.2801,-600.5009,-83.3624,-673.6935,-188.4929,-412.2863,-18.7622,-537.7827,-121.3865,-685.3265,-251.8528,-274.0084,101.8548,-599.8196
-211.9415,125.2675,-426.1129,97.1051,-597.9456,78.9596,-655.9922,-117.8380,-740.2507,-210.2354,-448.3488,-34.5000,-578.3170,-131.0525,-717.5350,-276.8062,-288.4677,140.5744,-563.9958
-253.4951,132.3549,-416.8163,115.1769,-544.4415,105.4366,-689.5413,-105.9284,-761.2154,-204.6524,-470.4170,-16.2416,-596.5638,-113.8163,-762.4930,-236.5322,-306.8107,180.4536,-510.8040
-306.8324,139.0264,-433.7685,117.9228,-501.9249,105.7623,-646.8310,-74.0330,-729.2925,-195.4722,-490.0396,-20.4641,-602.7910,-124.3287,-779.5830,-216.5119,-339.7804,174.5087,-493.9265
-337.4312,113.9281,-448.1963,88.3431,-498.1075,78.4571,-586.1144,-75.7808,-703.3456,-171.8197,-525.1000,-40.3932,-605.6171,-143.9371,-776.3599,-230.0058,-379.7742,152.2008,-497.5995
-358.0314,81.0835,-445.7881,67.5330,-495.4919,47.7700,-571.5063,-85.9555,-683.2938,-107.6956,-552.1784,-56.2488,-595.7611,-123.4513,-779.6854,-197.6684,-434.0387,141.6072,-482.3635
-414.3036,65.4923,-452.0768,66.7300,-487.5818,27.3335,-565.9465,-49.8799,-640.7333,-65.4190,-546.6823,-83.2276,-574.2209,-95.5919,-748.6812,-131.8501,-476.0038,119.5178,-440.7592
-470.8113,51.4432,-469.5720,48.7451,-512.6309,19.7864,-539.1714,16.9774,-598.8870,-95.3259,-539.4823,-109.8792,-557.0811,-101.7180,-654.8903,-104.1219,-475.3440,100.0417,-378.9771
-463.5555,18.1420,-477.5381,9.8807,-545.1224,9.9896,-514.2049,69.6407,-576.5284,-77.9271,-565.9432,-105.5853,-551.1002,-107.2469,-567.8317,-84.6030,-466.3110,100.1598,-320.7519
-422.8877,-17.4429,-467.8225,-18.8073,-519.6480,-14.4530,-478.8470,102.8296,-551.4564,71.8876,-577.0037,-73.6443,-539.0751,-84.3352,-539.1276,-23.1146,-472.9211,64.4055,-306.9502
-407.6470,-26.1041,-432.3988,-27.1806,-455.9445,-31.0281,-412.7449,115.1473,-511.7411,204.3679,-504.5259,-17.5465,-494.3432,-62.5003,-517.2437,27.6818,-452.2553,-8.2353,-340.3320
-381.5539,-6.6970,-370.1297,-14.8050,-408.1367,-12.5090,-348.3988,83.4488,-455.6219,181.8665,-392.4275,60.3380,-415.5883,-59.5408,-449.9726,14.4980,-384.5006,-26.9092,-375.2205
-278.6181,29.3625,-311.5310,24.5976,-355.9337,31.3041,-295.4731,23.6257,-383.1532,89.0046,-324.9751,118.9650,-328.2530,-49.6162,-351.9612,-21.6191,-295.6906,10.1229,-363.4171
-140.1312,73.0939,-273.2918,78.4533,-270.6873,73.1993,-218.2923,5.2975,-328.5912,47.9931,-278.3271,140.8243,-243.0285,-10.2711,-257.6429,-20.0414,-189.0268,29.1434,-276.6723
-63.1857,98.6114,-218.2696,117.9574,-178.0116,102.0205,-131.3461,54.0354,-306.4388,58.1710,-188.1067,159.4042,-153.1719,30.5616,-190.0358,18.7724,-64.8061,41.4205,-136.7603
-41.0059,88.5303,-119.9096,125.8495,-100.7802,120.8739,-87.7638,92.2139,-258.6252,60.2543,-71.2690,164.7735,-72.7929,24.7769,-141.6700,33.9350,49.5602,66.6325,-27.5960
11.7069,75.6272,-21.6196,112.9967,-50.0903,127.1443,-76.5432,42.5505,-158.6162,16.5565,26.8935,121.1712,-22.4429,-5.0530,-69.8984,-25.0497,142.7511,51.9991,6.4962
92.9482,89.5363,27.4374,107.8399,-29.8512,110.2336,-32.3632,-46.5362,-63.0201,-47.7458,87.8021,66.9630,10.6481,4.7282,30.5404,-104.3532,209.6389,6.4571,27.1588
125.0564,101.9813,54.3167,108.8134,6.2425,78.1880,59.7516,-71.8799,-0.2261,-78.4436,97.2990,51.0357,49.1680,24.9454,95.3578,-102.7197,230.6539,-8.3462,81.0706
113.3346,89.6982,108.6506,81.9467,86.6614,53.8792,129.9625,-45.5164,41.4426,-91.5646,89.3597,49.0412,93.3106,-14.1241,87.4771,-47.4263,229.2173,-22.6338,122.4957
130.5298,70.2014,170.1275,31.7103,148.4017,25.8178,124.9923,-65.4360,35.3234,-129.1792,137.7900,35.2938,136.6046,-73.3064,55.9025,-59.0570,249.2681,-71.9155,127.1505
174.3883,37.2030,196.1015,-3.8562,159.1754,-28.2692,106.5006,-132.7707,-10.5170,-157.9699,222.5754,23.5492,174.6982,-84.6689,64.6716,-132.9514,269.7881,-92.8945,142.6384
192.8218,-27.5970,203.3656,-26.9691,174.6595,-70.3350,156.2883,-153.2884,-3.8659,-158.8299,255.1896,15.5473,201.3236,-67.9558,117.2984,-150.8350,264.5636,-65.1125,185.9020
192.5787,-86.9014,218.6735,-55.9053,197.6630,-64.5958,229.7580,-111.6086,79.1228,-181.9505,243.5132,2.0942,219.8907,-45.1489,166.4193,-93.5640,269.6974,-64.1299,224.2612
205.0502,-106.6055,227.8839,-81.9631,186.1631,-63.6805,253.1291,-82.8913,159.7602,-212.5008,254.3032,-16.6451,236.6861,-16.1443,193.6833,-44.9287,293.8762,-112.7074,254.1597
219.3894,-121.6693,228.5121,-114.7722,182.7883,-109.2867,277.2810,-87.1886,225.8746,-180.0777,283.6414,-40.5188,249.7221,-30.0445,251.0657,-28.0903,289.9131,-162.4805,289.3077
213.3838,-156.4413,235.5715,-165.6512,228.8986,-152.4865,357.6765,-80.7147,323.8887,-103.4779,306.4967,-54.8116,268.6690,-94.3167,359.1141,-12.5953,254.4962,-194.6842,318.2812
187.1883,-179.2538,234.9003,-189.6763,271.2814,-165.0226,429.0981,-58.7980,412.1706,-40.2029,332.0861,-42.1493,307.5709,-122.8655,433.6075,-12.8861,229.9707,-215.8980,345.5647
164.2065,-176.1414,226.2372,-164.9066,290.0978,-177.2335,451.2065,-47.1438,428.8512,3.0158,350.1319,-18.7887,349.1076,-95.8593,420.0015,-42.3139,233.3257,-224.4847,392.1314
186.5543,-165.0412,245.9194,-145.9414,326.9989,-181.5546,480.0373,-43.4917,419.1247,11.9155,351.8005,-2.4238,368.0751,-82.7856,383.0666,-59.7718,262.8946,-225.9165,434.6030
258.4607,-153.9262,285.6652,-154.4281,361.1548,-162.4700,516.8072,-47.1535,449.6770,-12.4424,367.8480,1.2472,371.5438,-96.0275,378.9509,-50.4810,308.2822,-226.3601,444.6479
316.4481,-156.9643,304.9947,-156.4927,356.7900,-164.5452,507.5212,-74.6908,522.2081,-2.3192,395.9388,-35.4059,374.4966,-105.9717,404.3337,-55.4835,343.6258,-231.0478,456.4600
333.0551,-187.9377,315.6841,-160.3267,357.9194,-203.3547,486.2483,-106.9854,630.3535,52.0077,401.1986,-100.5782,380.1938,-115.1843,480.5298,-81.2799,370.3521,-253.8563,496.4907
357.1726,-220.1762,334.1557,-190.9660,396.3999,-231.3701,516.4210,-100.6006,754.1697,80.8351,406.9412,-121.2050,396.6396,-123.8579,598.1378,-88.6194,409.3793,-282.1222,524.8239
383.9828,-229.7493,339.3220,-226.3462,442.7735,-241.1763,568.1298,-60.3382,817.3411,99.5302,446.6407,-107.5711,426.2861,-139.3613,660.7750,-74.6761,440.9817,-273.6888,525.6685
356.7110,-234.7269,354.9439,-244.4710,492.2271,-254.4330,595.4928,-32.9394,781.0721,154.6502,482.1351,-140.1959,458.7470,-178.6910,636.9495,-75.9642,439.2168,-219.2132,538.5401
327.4886,-237.8440,424.3707,-238.2074,550.8586,-245.1821,605.7977,-41.7996,698.2030,160.1727,484.5707,-175.3707,488.9935,-194.3388,602.9686,-105.0366,422.5051,-150.5912,557.5723
392.6711,-217.1171,495.3825,-193.0201,578.8193,-199.1674,589.1373,-70.8080,605.9440,42.8200,490.3429,-126.9857,507.3980,-147.6390,577.6989,-131.7103,411.5998,-99.0787,541.5873
492.7317,-188.0790,498.5392,-140.9571,556.5905,-161.0241,528.0637,-93.5803,509.8923,-92.2144,509.1047,-76.3810,499.7938,-115.4523,532.7043,-112.5563,408.3740,-85.6735,514.4699
505.9180,-185.5918,472.0940,-144.7514,520.7069,-160.8530,471.8287,-101.2372,476.3525,-126.8569,494.9998,-118.1546,479.6756,-148.1374,516.3654,-46.5438,409.3930,-105.4921,516.3392
448.0067,-207.2791,468.1123,-187.8039,494.1795,-183.9087,474.1236,-105.0313,550.4710,-69.7970,432.9682,-167.1232,462.6778,-173.6216,557.0645,6.1034,379.6172,-117.3420,513.0140
384.8115,-228.1901,460.1118,-206.7629,468.2806,-204.7032,503.9810,-105.4451,630.9569,33.6583,360.2000,-145.5555,430.0041,-152.3488,575.5995,9.4783,289.3342,-104.8366,463.8309
308.6742,-228.2116,423.2680,-200.8133,436.1432,-202.4072,500.7885,-83.2426,618.6838,129.8233,307.3121,-118.5434,377.8057,-122.0754,535.9025,4.1654,195.1558,-103.4560,394.6708
230.3671,-202.8003,370.3138,-196.3499,392.8774,-185.0130,455.1199,-44.5746,576.8071,140.2657,268.0735,-117.3833,332.6924,-98.1782,500.5090,11.1588,167.0421,-118.8014,339.2686
193.9794,-173.3895,302.7752,-184.3270,340.1554,-177.6934,394.5772,-26.7155,568.5693,70.6413,217.3006,-87.8210,290.9497,-92.6996,478.8412,-8.3300,179.2809,-102.1409,292.6846
166.4662,-152.4067,229.6293,-156.0512,291.5517,-166.0352,340.6667,-38.5084,518.0693,13.8137,148.6655,-37.3415,237.4633,-118.3003,408.6631,-45.6968,179.7342,-49.4961,238.8116
102.0607,-124.2648,181.2909,-124.9152,239.2620,-137.7442,286.8398,-58.0714,385.3860,-13.7502,86.2514,-21.2558,188.2620,-130.9900,289.9788,-42.1719,167.1737,-29.3993,168.5869
47.1607,-101.5280,149.0809,-107.7176,154.0496,-136.6548,207.3545,-84.7264,265.1008,-59.7308,42.2373,-32.4830,137.4697,-110.5094,192.4999,-6.2422,144.7055,-71.7452,92.8010
31.7862,-111.3778,90.4377,-113.8922,40.4397,-165.2419,108.0012,-119.8109,203.6252,-89.8796,-7.5187,-36.3335,60.1727,-100.2621,146.4053,9.1512,105.9760,-118.2704,37.5021
-0.4656,-116.9231,7.4313,-124.2912,-56.1817,-157.7019,32.0349,-131.3333,137.6622,-57.9793,-76.8650,-31.5838,-15.0275,-95.6769,107.8041,2.3812,59.6490,-122.7337,-7.4192
-66.4372,-78.8740,-55.6943,-110.1840,-104.5222,-122.6810,-16.2555,-109.4413,52.4652,-34.5134,-135.2220,-23.6111,-56.2406,-76.8351,32.1786,-12.1917,1.7153,-110.3978,-76.1862
-119.9050,-47.7076,-80.1168,-93.1577,-119.2893,-128.2377,-79.0978,-97.7333,-7.7191,-77.4766,-155.1020,-14.0559,-91.8560,-89.8830,-58.2968,-43.5958,-75.1816,-103.7135,-148.2287
-161.0167,-70.3011,-92.0634,-110.0037,-142.0862,-153.2000,-155.7542,-118.8452,-58.2237,-106.5972,-159.6214,-18.5831,-138.2939,-125.4707,-116.3094,-77.2228,-141.9331,-90.6059,-180.7311
-204.6247,-106.9748,-130.9573,-136.5629,-197.4592,-146.2034,-207.5527,-147.6977,-132.2567,-70.8191,-182.1133,-46.2356,-181.2351,-110.6776,-148.8798,-94.0886,-179.7865,-80.2300,-200.4925
-210.0300,-118.7942,-201.3457,-133.0939,-266.2315,-131.9247,-246.5998,-176.3128,-204.0634,-78.0538,-211.9536,-80.4506,-234.4989,-80.6378,-194.9389,-117.9471,-211.8169,-78.5449,-251.2184
-173.5641,-109.7109,-257.7779,-108.0389,-309.9880,-120.8111,-306.0425,-213.3321,-259.4582,-198.3391,-227.8641,-101.3964,-292.7564,-101.8388,-264.3261,-151.3956,-241.4334,-46.7537,-307.8231
-172.7737,-79.3081,-266.1890,-80.8483,-319.5111,-82.9588,-369.9230,-237.1031,-327.8958,-310.6819,-240.9023,-107.5814,-314.2814,-120.7969,-349.1388,-148.3634,-253.5894,3.6094,-344.5318
-229.9764,-46.1486,-258.8911,-57.1972,-326.0337,-52.2517,-430.5838,-238.2718,-405.1652,-308.9550,-251.6873,-107.3660,-322.5729,-102.0541,-431.7058,-117.8532,-270.7515,-12.9151,-394.2789
-268.0360,-54.2088,-283.3481,-50.9982,-361.1659,-70.2372,-511.0389,-252.2448,-455.6172,-277.8782,-236.6122,-108.2022,-370.8654,-100.3476,-470.4455,-134.7698,-318.3476,-87.3185,-464.1553
-255.7540,-93.9141,-332.4878,-66.1909,-417.1584,-87.2467,-575.6753,-278.6640,-477.0018,-300.3030,-222.7397,-123.9478,-427.5068,-114.4875,-454.9243,-205.5904,-382.2080,-100.4053,-504.6816
-254.4751,-111.2211,-374.6701,-78.2256,-458.8991,-61.7168,-572.5221,-265.7687,-490.2261,-302.2892,-264.5952,-166.8741,-451.9944,-114.5626,-440.4407,-250.4152,-440.2075,-29.2940,-507.5977
-288.7235,-98.7514,-402.0706,-70.1830,-466.7266,-31.0301,-553.7844,-220.3076,-517.2634,-254.1885,-330.2251,-220.4572,-470.9785,-138.8308,-470.0227,-239.7625,-478.5015,30.0622,-522.3392
-317.2882,-94.9565,-410.1804,-62.5231,-452.7893,-22.8830,-586.8399,-205.7548,-581.0746,-271.1148,-353.6713,-256.1423,-488.4862,-187.8303,-528.8196,-229.9598,-493.1306,37.0341,-559.5482
-345.3895,-119.7236,-393.2661,-86.2739,-443.2422,-29.7812,-638.4539,-217.6005,-664.1120,-365.6153,-361.4353,-276.1046,-481.6007,-202.0830,-588.7708,-251.3197,-505.5283,26.3031,-583.7342
-413.4759,-148.0028,-378.4399,-126.5038,-452.6725,-48.6658,-685.5438,-198.3349,-718.3391,-390.2043,-400.0823,-292.1610,-475.6851,-189.4416,-629.2545,-268.4454,-528.3926,13.9369,-593.2913
-484.8797,-137.3971,-400.2237,-126.8012,-467.8834,-63.1735,-755.8983,-152.2374,-746.7065,-315.0218,-441.4995,-290.2831,-485.3164,-185.7411,-638.8110,-258.2239,-545.8080,-1.1982,-601.7667
-505.6272,-103.1299,-450.2503,-86.2501,-468.0021,-61.3533,-786.1923,-117.8818,-770.7542,-253.3125,-473.3751,-268.7518,-479.7169,-173.8978,-630.4115,-232.6019,-572.2316,-10.8688,-575.8874
-523.7172,-117.4538,-498.1957,-76.7686,-459.9891,-69.5282,-696.0428,-84.9320,-754.4136,-219.5728,-523.9382,-257.5251,-462.0458,-155.0905,-621.2366,-192.6571,-630.0532,-9.7590,-501.8253
-579.0372,-176.0997,-521.6448,-111.4975,-454.6803,-90.5158,-584.0605,-39.1649,-693.9025,-161.4289,-548.2408,-263.5138,-444.0680,-155.4524,-621.1028,-146.9388,-661.6093,0.2409,-448.0040
-591.4390,-185.8120,-499.5570,-122.8522,-434.0416,-88.4874,-576.9342,-15.2156,-666.8428,-120.8779,-484.5387,-264.6260,-396.7052,-160.0557,-646.0773,-142.2562,-610.8896,-2.1213,-458.0502
-521.2356,-135.5786,-448.1757,-103.2238,-400.9950,-72.3912,-602.2386,-38.7073,-660.9847,-128.0389,-397.2450,-253.0327,-338.3685,-150.1860,-668.2399,-193.7530,-534.7390,-40.0724,-472.4800
-461.9608,-105.7929,-432.7527,-105.8871,-395.9815,-77.1514,-548.3130,-79.8963,-555.3519,-116.7573,-376.2763,-216.6911,-335.4915,-123.4117,-607.3765,-235.9572,-492.4119,-81.2395,-441.1757
-454.1958,-105.3787,-459.7187,-121.1773,-411.7884,-87.5179,-463.7066,-92.2078,-373.1334,-63.9984,-386.5851,-131.0196,-376.2209,-64.7519,-472.1782,-208.7001,-452.7469,-80.4621,-399.1657
-428.2285,-87.1244,-450.1285,-107.7851,-393.4963,-83.0991,-434.3875,-62.7173,-284.6136,-13.6949,-362.1230,-25.6405,-391.7905,3.6076,-386.7443,-131.8819,-403.4219,-65.9790,-377.6533
-380.6077,-66.0176,-387.5157,-83.0911,-342.9115,-81.1775,-451.9503,-22.4164,-308.9232,19.3836,-323.1402,27.1109,-361.0520,27.6014,-392.5460,-62.5183,-385.0751,-74.6502,-359.3456
-371.8887,-70.4118,-346.2749,-73.3994,-305.4221,-82.6446,-462.0927,-3.3946,-305.4756,23.8003,-313.8630,24.8909,-305.2101,16.0976,-394.3493,-34.0137,-389.8069,-75.9416,-328.2445
-375.6021,-75.1642,-343.8524,-65.2479,-279.8150,-69.4240,-413.8144,9.0385,-244.6429,-2.4399,-337.8398,32.5003,-265.1024,7.4195,-346.1209,-34.9472,-378.7713,-45.1361,-275.0595
-342.8183,-63.2050,-325.1801,-50.6269,-245.7395,-51.2687,-310.1653,39.0656,-214.0966,5.1480,-376.6056,60.9224,-275.1943,-1.3871,-311.9869,-14.2171,-352.2012,-3.2908,-202.8141
-317.5922,-49.2360,-275.9492,-40.3051,-212.6651,-45.2983,-239.2568,61.5802,-225.9554,59.0118,-396.4633,67.5765,-294.0256,1.2715,-329.1628,55.5938,-306.8892,31.7740,-159.2998
-324.0451,-38.1460,-222.5592,-39.5083,-183.3117,-46.6899,-238.2504,49.5791,-226.5029,66.2044,-368.5035,62.5792,-261.1699,39.6909,-342.9557,118.3208,-236.0423,38.3259,-173.5516
-286.6979,-30.5931,-183.6866,-47.4926,-152.3004,-42.7187,-216.1441,33.2738,-200.0715,21.7799,-309.7011,88.8696,-212.3289,79.6036,-285.1728,106.8921,-185.2079,-2.2202,-186.4763
-173.9045,-27.4063,-179.3249,-54.8677,-131.8960,-27.8965,-135.8815,43.0881,-156.9628,18.5165,-248.5857,123.2155,-190.6406,85.4708,-167.7950,56.1622,-177.3181,-51.1370,-145.2052
-68.8279,-15.0659,-193.9924,-52.0713,-110.9972,-20.8240,-83.2393,54.3671,-119.7948,41.1777,-177.1952,121.1168,-148.2522,76.4431,-82.3045,50.2015,-151.8993,-67.7641,-88.5795
-34.8321,3.8612,-162.6019,-49.1698,-56.2651,-43.9042,-70.5260,42.1632,-116.7615,23.9585,-97.1280,113.2737,-61.5665,65.5022,-78.4700,85.9287,-83.7667,-76.3012,-54.7534
-40.5765,3.0344,-82.4101,-55.1340,12.7971,-68.7531,-14.5318,28.5851,-113.5472,9.2175,-45.9167,137.9459,17.7290,54.5681,-84.8034,100.4393,-32.8150,-96.5941,-16.2143
-43.8779,-18.9633,-36.1714,-65.2677,41.3152,-66.4430,70.6904,33.3641,-47.2939,30.7950,-26.1957,155.5938,69.7670,61.0654,-21.4041,98.0806,-19.3418,-117.8396,40.4297
-40.6681,-38.4545,-49.4644,-84.1167,29.7088,-81.6556,97.1281,30.4793,47.9582,35.8369,5.8499,134.7224,106.0036,70.7498,76.2448,121.2296,2.6596,-146.5758,85.5375
-28.9359,-48.4571,-54.5585,-107.7159,28.6214,-129.8236,73.3239,1.5257,91.5774,20.1345,52.5789,113.6336,116.0370,56.4431,124.9160,141.8413,44.2184,-164.9310,112.8859
-5.1060,-57.3604,-11.9684,-111.0946,63.8956,-134.0996,72.5497,-13.4773,98.7190,20.9563,75.4332,113.6290,115.0338,42.0592,112.8429,118.0756,79.9618,-135.5370,143.2890
21.8335,-68.4961,44.9284,-96.6739,111.6872,-85.8503,113.1327,9.8051,126.1635,7.8455,86.5657,117.0161,132.8260,50.3225,93.3607,82.8507,109.7163,-99.1440,172.5738
57.5687,-71.2908,84.6954,-81.6472,140.8096,-67.9601,159.7446,15.4643,155.3190,-43.0364,128.4226,127.6182,150.8424,61.7136,107.5688,59.2605,145.3600,-95.7595,181.9577
118.9699,-44.4350,126.5724,-41.7460,170.1272,-62.0387,171.5726,-20.5233,155.8731,-70.3619,180.9209,132.6485,158.8609,67.4680,147.1349,20.9575,188.5395,-54.7574,182.4876
186.2639,6.2952,200.6095,30.8339,242.0072,5.8383,149.8840,-19.3770,167.4760,-20.6202,198.1697,90.0413,187.0707,68.2913,182.8069,7.0208,236.5727,39.6584,198.4058
221.1317,33.8618,276.2545,71.9401,322.1578,69.0744,159.1055,38.1420,220.0098,62.7786,195.2438,44.5871,225.5198,60.4286,202.8555,79.8523,272.3778,58.7759,221.6798
217.2410,10.8248,282.4844,36.7824,323.6680,35.0868,229.8561,45.8067,260.1407,68.8445,199.7796,97.7041,240.3108,71.7434,206.8945,164.4911,270.2411,-38.7937,225.5057
175.9448,-41.7461,216.6547,-40.0480,249.3947,-39.4552,283.2074,-27.6095,235.1280,-51.2854,183.0722,215.0399,242.2873,116.9895,203.3080,150.7868,220.0800,-137.5233,209.4033
94.2347,-99.5900,149.0734,-109.1732,185.5644,-82.9844,258.3065,-86.0334,188.7582,-179.7436,124.2216,258.7963,235.1909,150.4421,225.3092,78.8077,128.0354,-180.9973,193.5156
5.2984,-148.8615,117.0689,-145.5912,163.9133,-118.4479,220.2906,-91.9013,193.0986,-169.8720,64.1673,208.8912,200.4893,144.2234,280.3443,38.0053,22.8281,-204.2660,185.0597
-56.6449,-170.5981,106.8232,-143.9229,153.1876,-148.0357,239.1212,-81.5767,230.2056,-63.4701,38.3991,165.4728,170.6865,119.1087,312.6637,35.8373,-40.5658,-207.8776,183.7390
-101.1134,-158.0229,100.4750,-121.9376,140.5398,-134.9598,282.7831,-51.0151,240.6589,-2.7482,36.2066,167.1595,178.0487,94.6807,301.0735,65.8244,-34.4792,-188.9590,195.1328
-122.6370,-120.7741,81.2108,-90.2225,126.6390,-91.5446,294.0844,-1.4124,230.1751,-13.1336,46.1617,159.3047,175.7282,96.1244,294.9276,117.7738,11.3487,-172.2753,216.8250
-96.2457,-69.1625,58.1136,-38.9358,112.0870,-43.5626,264.0150,31.0354,217.5491,-25.8535,66.6814,113.9437,137.6913,122.2253,290.3598,132.1301,64.8199,-137.1767,237.2903
-48.6690,-20.4425,73.7319,15.0004,125.6087,8.9566,217.9244,53.7478,177.1545,-2.5454,79.1411,74.8712,121.9578,116.7087,242.9430,100.5116,112.8050,-63.1343,240.8209
-11.4176,12.3760,121.5204,37.9966,175.4927,48.2203,191.2629,71.9719,126.1817,30.5327,71.9398,79.1558,146.4160,100.1670,204.2403,96.3078,136.1075,-7.1132,206.8083
30.3418,37.2713,143.9901,39.2411,200.1096,65.0602,187.0048,47.9279,118.7796,14.6265,69.8030,102.8922,149.4108,145.2921,228.0605,134.8736,141.5608,-2.9988,146.2070
59.4580,54.5260,141.5281,51.1014,165.8484,91.6201,160.1001,22.1263,119.9711,-27.0943,93.3744,120.5949,112.9675,131.3754,225.4023,169.9557,167.1552,6.8852,111.9461
56.0159,62.4693,150.3527,86.1014,139.5346,134.0016,101.4492,76.0202,75.0950,24.6971,119.2793,150.6283,83.0807,-105.4483,129.9849,195.8334,201.0779,55.8915,119.3392
85.3800,93.8574,152.8893,138.4304,163.0820,159.7303,68.4325,154.4734,45.4693,160.8935,118.0759,188.2733,66.5218,-391.4239,43.0025,209.3290,184.3437,96.3549,120.9835
155.1674,153.0849,131.1701,175.6685,162.0030,164.3110,73.8289,167.0864,84.4029,217.7071,102.0747,186.4758,26.5000,-448.0043,40.2141,185.2596,114.9496,96.0345,100.1118
146.4976,172.1026,104.7051,166.0919,83.2983,165.7153,64.1382,159.0666,124.7596,178.6184,98.2832,146.7144,-32.1653,-340.3004,47.4759,152.3929,54.8382,86.8720,91.5686
52.5892,133.8665,68.9646,145.8252,0.4777,173.9874,37.4971,178.3044,117.8908,178.2190,100.0377,118.2034,-66.8190,-267.0284,10.6220,150.9209,38.5356,103.9451,99.7281
6.6789,124.1420,21.0990,171.9110,-20.4870,202.4386,38.5749,178.1713,92.8794,207.7694,84.1650,108.8814,-71.1736,-215.9587,-19.0348,151.4554,42.3213,140.4397,98.4897
21.0632,175.4990,-6.6905,221.9340,-21.5533,243.6008,52.1102,157.5047,59.0458,175.9929,49.3710,98.8229,-73.8351,-135.8129,-4.0793,131.9306,26.1450,175.4551,86.1889
9.0066,214.5088,-20.5764,241.7929,-36.4942,260.6526,35.9058,168.5717,22.6072,136.3070,8.7690,84.9620,-81.7104,-85.7215,24.8555,125.7185,-15.2827,209.1758,68.0654
-27.3454,210.0565,-43.2565,239.0795,-27.2981,251.5635,2.0768,197.8822,10.8884,164.2671,-20.2280,60.8894,-82.2010,-74.5980,26.1160,135.9380,-42.3447,245.5878,38.4405
-66.2116,214.5313,-35.1420,250.2332,8.1397,249.5149,-25.1515,210.5424,-4.6304,210.1260,-20.5540,39.5426,-75.5477,-49.2461,-7.5465,127.5068,-39.6635,267.7220,1.3032
-115.5917,246.9494,7.9336,277.7256,17.0705,258.6213,-43.7769,219.0596,-49.5764,220.0833,-13.7539,58.9100,-65.2719,-8.9691,-37.1912,109.7691,-53.4549,263.6851,-37.6008
-126.5188,263.5393,2.5965,293.9708,-5.4958,268.5912,-38.5720,237.4348,-60.6944,210.5477,-46.7378,87.9187,-51.4335,34.2056,-21.6566,132.2950,-102.2697,251.5706,-73.0729
-91.3160,240.6639,-60.0184,275.4071,-26.9349,282.8209,-12.6483,264.4573,-25.4405,204.2873,-104.9008,62.3486,-46.8321,80.9570,14.0513,200.9300,-133.0312,253.5801,-86.9714
-94.9894,211.5584,-96.9977,238.4231,-50.1963,286.6712,-14.0265,287.3768,-33.6731,201.4569,-130.0392,39.3976,-61.3913,107.1580,15.2087,249.5105,-119.1254,268.3738,-79.6798
-121.8805,216.5978,-98.0151,222.9883,-80.4659,265.3724,-47.5791,277.4417,-90.7062,190.6728,-127.4313,109.2923,-87.7447,117.5809,-8.0684,235.1836,-104.4667,271.7584,-81.0767
-92.0360,246.6170,-103.8206,230.1687,-95.4712,242.9752,-61.3076,254.3242,-116.1411,194.4851,-130.7305,207.5382,-122.1632,151.1060,-7.6164,224.7768,-123.1924,240.6641,-97.6029
-66.8207,264.2902,-107.0972,239.4394,-95.8049,239.2650,-57.4754,275.4430,-115.0951,260.1235,-112.7296,237.5041,-153.2124,195.7873,5.6330,277.6612,-157.3233,198.0127,-111.3603
-110.6883,274.9421,-108.5848,264.7652,-105.0438,249.0668,-82.3139,313.0471,-134.7023,327.5331,-63.0623,247.0181,-149.6070,223.9402,-19.9654,316.5229,-170.7796,197.7528,-126.2140
-144.3547,315.1728,-122.8843,311.1305,-121.0178,278.4290,-121.9622,300.5979,-165.6003,285.2336,-41.4784,297.7671,-116.5143,256.6838,-77.9181,277.9757,-146.4147,231.6070,-152.5068
-133.2753,367.7920,-112.5947,337.3517,-123.6461,313.5980,-141.9863,265.2178,-205.0682,204.6357,-56.2557,335.4280,-100.1317,295.8317,-108.1640,243.6806,-110.3183,234.1648,-185.2876
-122.4032,369.8681,-72.2057,321.9651,-109.9096,303.7708,-163.2832,243.1841,-252.3839,208.1216,-49.2825,308.8883,-100.0838,301.7660,-100.7247,257.7816,-102.0769,205.0200,-215.1448
-83.2673,316.1985,-75.8135,288.7731,-100.2473,254.1967,-194.1985,198.6793,-252.6899,192.6047,-30.3981,252.0855,-79.3728,274.2143,-101.1525,238.8754,-108.1433,204.8836,-216.0402
-16.6157,272.1121,-125.0510,259.1922,-114.0242,234.9068,-188.0000,137.6786,-192.2564,56.9675,-48.3747,201.1794,-57.4449,247.6436,-101.8548,173.0418,-88.3598,230.3867,-172.8807
-4.8128,266.4787,-123.7130,237.1583,-125.5102,252.5251,-129.7760,113.5974,-131.5534,-46.3472,-68.0475,151.0912,-69.7955,227.2273,-48.9483,134.5294,-52.0510,223.7437,-130.1731
-6.7122,248.1477,-52.0376,206.2322,-85.9296,235.9835,-66.5450,112.8085,-80.7261,3.5560,-30.3410,91.9765,-77.7474,192.6498,30.5880,120.4699,-31.4434,178.2797,-117.1090
65.3733,180.2889,15.4562,141.8110,-13.2648,158.0840,-34.3791,101.2796,-2.6659,116.0547,47.0652,29.5012,-34.8052,133.6726,55.4858,92.5152,-19.5062,128.3267,-82.5415
119.4732,105.4752,47.3486,68.9171,32.9166,68.9230,-17.9254,88.1031,95.7790,217.8694,116.2882,-17.7059,26.9321,73.7632,39.2264,75.1769,11.6032,90.3088,-3.7633
85.4547,68.5518,74.9157,37.1808,62.2465,21.3361,23.7771,60.6232,187.7603,285.9048,153.0177,-35.0822,64.5962,54.9542,57.9870,74.0935,69.9756,72.4274,62.0604
95.2542,51.3483,120.5890,31.4734,114.6376,19.7785,95.5245,5.6851,240.3075,237.0761,156.5287,-28.2215,99.5786,74.6256,108.9256,57.8227,138.8347,73.5167,91.6970
206.5105,35.3485,176.9850,19.3861,167.3040,31.1192,137.5759,-28.6590,208.5733,87.7001,160.5746,-8.8986,159.3325,89.8282,139.1344,46.6186,195.5021,65.6085,109.9654
295.2365,41.7408,226.8433,26.9807,195.7082,33.2382,116.8481,-20.0352,131.7590,6.2864,190.8941,15.6022,210.2310,94.2531,144.4353,63.1680,242.2153,41.4414,110.3873
318.9175,72.9302,263.9496,63.1955,226.3701,40.1779,105.3988,-12.8311,120.5325,54.7276,211.6750,33.4338,211.6988,103.6785,145.8946,62.0363,291.4996,40.6105,95.3013
336.5398,100.5119,293.7160,86.0615,266.0335,61.4660,168.4183,-16.7998,183.6999,125.1562,194.1054,36.8203,194.9988,103.3323,151.9127,20.9594,320.3085,77.3948,107.5481
333.1024,115.2598,313.0824,89.4160,293.1678,78.7316,253.2726,3.0547,240.2249,148.3068,173.8022,31.3317,215.9211,95.2973,171.5242,-2.8939,313.9777,107.8091,154.1219
299.9413,124.2826,313.7973,95.2512,311.1053,86.4693,289.6289,48.9117,273.4931,161.6560,177.7689,23.0754,260.9014,111.2553,194.0946,30.9411,316.7409,106.8170,199.2513
313.0515,126.2716,302.5968,97.3693,320.9583,97.9576,288.4579,89.4535,306.1525,195.3686,194.1185,17.7554,283.7916,141.3313,189.8305,85.0555,343.3877,103.2031,217.3090
370.3840,115.3628,293.7454,95.7007,311.6544,104.6491,282.7462,94.5318,331.0461,204.4746,224.4039,23.0914,293.0564,159.2295,170.9176,106.7525,340.5404,109.6022,200.0380
371.5466,78.9018,295.1907,89.3754,301.6063,86.5085,286.1123,63.0503,356.8930,143.5200,265.6035,31.0272,313.6977,176.6019,183.0968,88.2902,307.0772,94.9302,178.9233
312.8944,21.8422,299.0641,48.9930,299.8885,51.7478,309.7255,33.3354,392.0663,62.3700,290.1108,23.0007,330.1091,182.3642,235.5561,42.9312,304.3187,50.3427,205.3116
285.5659,-3.5547,279.2236,0.2544,283.2029,28.1463,344.7547,16.8662,408.8264,29.2148,305.8419,-0.5646,340.8482,140.9076,305.2662,-17.0666,331.4466,8.6664,251.2834
300.9196,28.4732,239.9533,11.1905,271.1853,25.5914,375.5045,-21.3163,409.9465,26.2878,343.9020,-20.9643,375.7146,87.2103,369.7834,-48.9308,349.0650,-20.2088,257.2468
317.7383,56.7173,233.5849,42.5065,303.5974,20.5197,409.9578,-60.0675,421.8528,45.5266,388.0435,-24.7198,420.4923,78.6474,401.3304,-16.8948,372.6544,-58.7825,269.5264
359.3142,30.8692,267.4287,8.3108,346.0715,-14.0324,438.0699,-36.3599,433.1681,117.5674,413.2532,-20.3979,430.5783,85.0026,398.2743,27.7015,413.0154,-100.1383,349.1959
420.4810,-22.7273,284.9531,-52.8672,352.7653,-61.9565,443.4394,23.3328,459.8267,170.7877,432.2702,-33.2462,416.6557,58.5133,416.5877,34.0743,433.6346,-116.3744,442.0800
417.8465,-75.0903,282.1720,-73.1350,350.7534,-84.6537,480.1479,52.5514,541.0770,123.5555,446.3757,-61.4624,427.1790,26.1242,495.7673,56.0345,439.3817,-116.4609,500.8987
385.1179,-109.5075,306.4479,-82.6361,367.6407,-80.3930,586.8320,67.4841,610.0995,58.9843,449.5457,-58.1909,476.0580,28.2879,591.6946,111.7303,480.7208,-114.9932,562.8634
464.8251,-85.1673,350.6405,-88.4828,396.9601,-59.8440,675.1533,101.3083,590.2601,46.2159,477.5929,1.9038,541.5707,66.4663,645.9045,109.0836,565.2808,-84.4123,628.8381
619.2698,-2.2497,395.0606,-31.5650,457.6026,-4.5638,677.5580,128.2504,570.8550,21.5829,552.5475,77.3802,602.1605,124.1164,670.5455,44.8371,661.7553,-15.9885,656.6581
689.8225,73.7792,472.3604,64.2826,556.4956,72.8695,668.8271,127.3268,636.4078,0.2386,640.2711,117.6736,657.1026,167.2549,711.5323,30.4609,744.2106,39.1047,654.7450
711.7030,111.9227,574.6584,109.4458,646.0452,109.6435,706.4659,120.9614,688.1447,55.9671,725.0189,123.2853,726.7107,178.0614,765.0127,85.0435,788.1308,53.7911,652.4836
782.2175,133.8081,638.2664,102.4505,706.6675,100.8548,747.8306,145.5229,649.5028,119.7827,817.7170,137.3034,816.5906,204.3930,781.6515,154.9886,785.5419,66.8454,663.1483
805.9963,148.1751,662.9315,108.7011,758.9835,118.5729,775.3770,212.2033,611.4683,120.3455,881.0965,195.5901,891.8030,283.5688,750.7990,230.3010,762.1353,109.9794,700.4278
722.0541,161.9882,682.2514,151.6290,779.0027,187.4573,803.9083,271.1809,640.0988,109.6443,866.0671,269.0045,912.2767,363.9910,728.8750,273.2126,735.5387,181.7847,738.8164
649.9386,191.8833,666.9667,207.5677,736.1286,254.5676,804.7747,276.5810,674.8011,98.2756,791.0241,291.2508,871.9617,397.9779,753.3198,251.1295,695.8346,275.9110,729.0062
611.5042,225.4890,602.7610,242.8634,668.3752,285.9420,760.9174,272.0883,660.7413,82.2791,704.0634,274.0804,795.8332,413.8920,777.8324,242.8489,646.6326,356.5296,683.6472
520.3103,247.0459,548.6995,251.1576,615.5831,300.2997,692.6756,285.5039,604.6389,144.2164,624.7556,295.9012,718.9489,428.3819,730.6454,273.6046,609.2231,377.5588,629.0826
433.1013,273.7424,529.5344,276.4115,570.6068,321.8343,600.9909,251.1015,520.6252,250.3192,554.6321,360.3371,656.3257,413.4418,595.1348,234.0368,583.1140,370.7083,542.4910
432.6615,311.9060,507.0251,338.7679,538.2536,349.2895,501.4100,166.1187,418.9542,241.4190,492.0461,400.1731,590.9666,372.8925,422.5569,123.1133,548.6428,392.8559,433.8867
455.7795,335.0646,475.7067,370.1514,521.4878,356.4381,430.1934,116.7718,316.2491,138.3381,435.3763,392.5017,506.3220,331.3166,294.5100,62.5572,502.2542,400.1216,345.8020
453.8677,318.5344,454.9592,321.1643,470.2662,323.0326,360.9672,98.8409,236.0614,83.8993,379.5684,347.1351,407.9907,281.4247,245.7754,61.5556,457.1072,338.3111,266.5548
436.0304,260.0145,422.8308,253.8617,361.2722,270.6314,266.9396,59.5357,193.1146,71.4111,302.1714,268.6523,308.7861,230.5452,220.9073,62.6454,413.9785,276.7198,190.4606
367.2939,194.6741,359.1220,228.7160,256.9367,235.4722,199.2504,31.2331,149.8920,25.9304,207.2849,202.2866,222.7041,211.6817,155.0495,63.5951,363.9296,271.6583,148.1100
282.9398,170.5563,293.3537,209.9753,199.2354,213.7523,148.7021,14.6320,46.8994,-55.3069,164.7639,188.5381,155.7511,200.4750,50.9704,32.6525,313.6858,240.7636,93.5535
282.4453,168.5284,249.9793,159.5524,146.0437,170.9005,21.6445,-56.7808,-99.5962,-140.8779,195.3832,171.4160,87.1550,135.7781,-71.6511,-49.9071,261.8938,128.4066,-35.4688
298.4784,123.3420,200.3313,96.2210,60.6875,91.0698,-152.8616,-138.8673,-224.7198,-160.6015,192.4255,82.2689,-0.9154,28.3345,-200.3972,-102.4033,171.4345,9.9785,-165.2441
196.5508,36.3923,103.7453,24.4783,-43.7564,-4.0466,-258.6522,-142.5127,-323.6822,-92.9997,88.4515,-46.7657,-95.4567,-59.1346,-287.5891,-106.6124,28.0176,-62.6290,-217.5168
26.4873,-35.5400,-31.9272,-60.8987,-161.2837,-76.2806,-320.1500,-131.4315,-424.9295,-85.6743,-44.7938,-141.2643,-197.5497,-102.6090,-324.5289,-148.7378,-112.8634,-124.1620,-267.5297
-111.5660,-68.8400,-160.7788,-113.2194,-293.3264,-109.6144,-422.6860,-195.8199,-513.4285,-220.7635,-161.9007,-170.8520,-326.4964,-110.0407,-404.2434,-216.7214,-203.9699,-183.5935,-390.2527
-235.4593,-72.1061,-262.8957,-105.8514,-408.9808,-122.1873,-530.5576,-283.0793,-576.3033,-339.9564,-299.7145,-155.6894,-452.1150,-94.4791,-558.7933,-241.3415,-278.2779,-211.2551,-531.1635
-366.7697,-67.9937,-361.2312,-98.8971,-484.8989,-133.3197,-592.8541,-321.5219,-643.5470,-351.9906,-431.9904,-148.4018,-525.2059,-90.1395,-671.5544,-253.1084,-385.3929,-209.4978,-627.1561
-484.4254,-92.4642,-468.7308,-134.2357,-548.1595,-149.3090,-646.6649,-325.1161,-723.9592,-363.2251,-500.8144,-175.6126,-570.3745,-118.4082,-681.9669,-275.4311,-514.9196,-210.3111,-688.6556
-583.6848,-144.2139,-561.7744,-178.0997,-624.8394,-181.6920,-717.6441,-319.4340,-782.1061,-396.5166,-545.9567,-197.4545,-637.9930,-147.5742,-680.4730,-269.5612,-624.7595,-240.4487,-741.2402
-649.2567,-182.8417,-618.5585,-212.1615,-690.4698,-228.1595,-783.4037,-304.1195,-803.1438,-379.7195,-606.9064,-184.7214,-704.2520,-151.0758,-726.8300,-260.4865,-701.7172,-280.6824,-786.1827
-690.7197,-200.3739,-646.0143,-243.4348,-713.2315,-256.8569,-825.7861,-278.2128,-819.8837,-343.3862,-640.3424,-175.9558,-725.5088,-159.9069,-791.5497,-293.7462,-768.2046,-266.3150,-811.9449
-776.6259,-215.4975,-671.7671,-253.3999,-718.9332,-261.2257,-841.0163,-263.6693,-861.8090,-342.4195,-657.3051,-210.0426,-737.6537,-206.1149,-871.7390,-343.4458,-838.7418,-208.9512,-826.7744
-895.7000,-235.4487,-733.7117,-255.8103,-775.4016,-276.5442,-865.2407,-308.3949,-907.5485,-371.7590,-727.1439,-282.1317,-807.9767,-265.8716,-968.2015,-389.5465,-892.9830,-218.7150,-869.0404
-942.7075,-275.5235,-840.9497,-298.0154,-899.8875,-308.9663,-950.0173,-403.4837,-915.3776,-429.0627,-814.4266,-360.2387,-928.6144,-295.8867,-1022.3286,-429.7275,-914.7307,-304.4314,-943.8156
-904.0412,-333.8644,-933.7954,-353.4438,-1010.5305,-333.0695,-1050.2061,-456.6764,-892.0380,-462.5513,-839.9413,-389.8463,-1026.4797,-295.8117,-1009.5178,-436.3638,-924.0473,-354.3585,-995.0837
-865.8185,-371.5019,-947.4957,-374.5085,-1024.5922,-361.5694,-1075.0894,-448.0347,-885.0886,-405.7599,-842.8889,-356.1200,-1059.6409,-308.6535,-983.6528,-428.4621,-938.8465,-368.2036,-995.2532
-875.6765,-394.2383,-914.7704,-403.8680,-980.5734,-415.6109,-1051.6093,-459.8915,-913.1725,-347.8849,-890.3130,-344.9311,-1051.4624,-362.0325,-983.3354,-445.5704,-947.9363,-429.3524,-984.6409
-911.5687,-443.8903,-918.1990,-467.1648,-975.3975,-462.4760,-1055.1979,-495.7239,-958.6251,-388.3602,-950.7142,-427.5171,-1035.2250,-434.8379,-1005.8352,-446.4635,-941.5592,-491.3591,-993.0142
-911.9186,-493.1547,-954.6689,-502.0897,-1016.5868,-479.2574,-1066.6166,-497.9321,-1008.1211,-431.5936,-983.9547,-536.4185,-1019.4102,-493.1338,-1045.0906,-415.7900,-927.0590,-482.3195,-1006.0109
-859.6193,-503.9984,-960.7758,-500.3293,-1042.9989,-499.7205,-1053.8938,-511.4729,-1048.2607,-420.5856,-1010.0479,-567.1919,-1009.1631,-520.2840,-1080.6139,-434.8343,-913.9638,-468.4083,-1010.0920
-850.2219,-514.0378,-945.4445,-516.4553,-1043.2340,-529.9147,-1046.9227,-590.8810,-1060.5604,-478.1687,-1039.3904,-522.4030,-1011.5920,-511.8972,-1095.0883,-511.4459,-906.6411,-496.2895,-1017.8076
-923.0225,-539.2026,-965.5233,-538.7405,-1051.4376,-534.6887,-1057.3372,-670.2302,-1054.5392,-608.2062,-1061.2781,-479.7217,-1021.8885,-492.4752,-1109.8860,-553.7560,-900.3121,-507.0687,-1047.1294
-942.9808,-547.3482,-1009.7781,-544.7355,-1073.9537,-531.4507,-1073.9838,-696.2548,-1059.4060,-660.1017,-1087.4303,-483.4968,-1029.0934,-501.6453,-1131.3666,-544.7034,-893.7187,-495.1301,-1084.2627
-861.0834,-559.0977,-1025.8778,-566.4197,-1089.9905,-556.7854,-1106.0021,-710.1875,-1080.4816,-654.3402,-1124.9939,-499.6358,-1020.1323,-521.0280,-1126.0742,-544.2737,-905.9678,-505.1272,-1098.0214
-831.3123,-592.4840,-1007.2762,-585.7708,-1082.9624,-574.0557,-1128.7003,-732.6219,-1100.3779,-723.7028,-1150.5375,-468.0304,-987.1456,-500.2794,-1100.9629,-574.8827,-940.2976,-518.3434,-1094.0537
-901.4576,-595.5513,-972.8454,-559.7260,-1046.8638,-555.9403,-1093.6272,-742.2394,-1109.2396,-811.6146,-1147.9543,-397.1060,-950.0498,-464.3849,-1101.4805,-614.6935,-963.0953,-521.1514,-1086.9218
-925.4469,-561.9089,-930.8580,-537.6798,-997.1653,-556.9642,-1024.6416,-746.5383,-1120.9608,-804.7208,-1130.5209,-342.2631,-932.8870,-463.3908,-1120.8865,-634.8513,-951.6436,-543.8975,-1056.6904
-842.1329,-535.3964,-896.2432,-553.4609,-964.4269,-583.9393,-986.4695,-763.6893,-1158.6832,-776.5773,-1116.1746,-294.0895,-918.7256,-460.7547,-1126.8424,-635.5245,-894.7090,-574.1949,-1019.2789
-741.1683,-492.1211,-874.9078,-538.9807,-958.4190,-563.3733,-993.5198,-790.4561,-1207.9425,-799.0562,-1108.1182,-205.9118,-888.0289,-418.9706,-1136.7487,-647.9069,-774.8641,-595.1924,-1028.9091
-691.1356,-417.9480,-855.2107,-486.4077,-967.4868,-513.8131,-1017.1230,-810.7446,-1218.0476,-784.0366,-1106.8434,-99.7694,-864.8118,-386.7740,-1161.3402,-658.2989,-638.8429,-639.5380,-1055.0364
-671.3814,-381.9683,-854.7013,-482.2156,-989.2379,-534.1080,-1013.2665,-806.0123,-1183.4427,-735.1694,-1126.3676,-24.7853,-867.6715,-384.1913,-1153.2538,-635.8148,-577.2922,-694.2115,-1037.8412
-615.1555,-393.2495,-895.3679,-533.9440,-1028.1560,-605.4546,-961.2918,-795.5884,-1157.3274,-808.5104,-1171.7784,14.3278,-883.1042,-374.0572,-1102.2089,-646.2853,-569.1029,-707.3378,-1030.2070
-504.8186,-384.6359,-936.6093,-568.2441,-1072.5303,-630.1496,-926.1057,-831.3007,-1163.8938,-975.6997,-1207.0260,14.2996,-907.5718,-401.3759,-1083.2366,-748.8419,-515.1518,-702.0630,-1077.6127
-413.8610,-358.9552,-932.4732,-558.9930,-1099.6941,-612.4427,-982.3591,-904.4935,-1187.6284,-1032.8553,-1191.3213,-33.6828,-938.8317,-542.4496,-1135.5576,-856.4099,-421.2263,-720.5825,-1111.0172
-374.1614,-353.5836,-907.1580,-534.9659,-1104.6663,-611.9323,-1080.5337,-952.5240,-1228.4032,-977.0157,-1139.5018,-99.2681,-956.5052,-724.7707,-1196.1636,-884.7069,-359.2765,-745.8416,-1108.2916
-335.9387,-363.7921,-895.5616,-543.9213,-1105.6761,-633.6471,-1125.8215,-964.0486,-1273.0450,-943.0733,-1102.1311,-157.1768,-962.5346,-810.9417,-1212.4613,-868.6097,-342.6169,-778.1885,-1118.8800
-331.8298,-413.9411,-888.0578,-615.8466,-1105.6215,-677.7000,-1121.9159,-970.5692,-1277.0592,-914.6516,-1107.7305,-223.7521,-968.4948,-788.2310,-1210.2963,-845.4618,-375.9269,-831.9753,-1112.5839
-428.3992,-523.3461,-875.2913,-700.7424,-1073.5680,-747.3073,-1107.0624,-985.2986,-1234.8400,-894.2307,-1148.8213,-304.7784,-946.0610,-708.9625,-1200.6122,-834.0107,-462.3218,-854.4318,-1060.1504
-538.7548,-620.0184,-867.0668,-735.3745,-1004.4262,-793.5480,-1063.2982,-1012.7460,-1184.0941,-1000.4833,-1195.1865,-392.5565,-879.2877,-585.4359,-1145.7780,-867.7762,-535.4248,-816.3487,-1026.1970
-568.1353,-667.7279,-861.8309,-757.2798,-953.1206,-796.7432,-985.0549,-1035.9932,-1140.0284,-1134.0935,-1214.3138,-490.8607,-808.0714,-468.1120,-1058.8142,-897.3019,-559.1635,-794.8687,-1007.8336
-590.1907,-733.6759,-848.3239,-813.6495,-945.9322,-817.0894,-915.5515,-1019.8768,-1090.6569,-1078.6112,-1192.2218,-572.7800,-755.2241,-454.6648,-987.8755,-851.2801,-599.5894,-831.4497,-935.2416
-670.9287,-824.1528,-822.9427,-859.2438,-925.4286,-862.3853,-865.5278,-988.4250,-1005.2517,-946.3669,-1140.0408,-601.6205,-703.5870,-538.1193,-890.8995,-805.3692,-689.0424,-846.2473,-851.0232
-760.3583,-874.7081,-797.1333,-865.7271,-850.2258,-862.0897,-789.0826,-983.8693,-846.0420,-926.7805,-1098.1381,-612.3439,-649.7794,-605.7742,-702.7328,-832.2613,-788.8820,-782.9753,-798.8660
-834.0720,-909.4207,-780.4167,-879.6631,-756.8277,-819.1830,-658.4260,-959.9909,-654.1935,-888.6213,-1102.6500,-655.6785,-586.2695,-614.6464,-498.4799,-824.2047,-884.7329,-705.3254,-689.8633
-912.6755,-987.6088,-738.7659,-919.0752,-673.2720,-811.2732,-510.8419,-875.8939,-530.6938,-745.5084,-1106.6082,-707.3304,-488.0511,-619.4940,-390.8892,-696.1505,-955.0013,-689.2997,-507.8114
-973.0366,-1073.2534,-642.2590,-957.4320,-583.0266,-845.7781,-396.8587,-789.2890,-454.3490,-659.1995,-1025.0032,-735.4074,-370.6907,-641.7809,-331.3745,-537.9894,-959.9182,-707.4745,-369.7298
-974.3306,-1116.5005,-559.3077,-983.5234,-497.1828,-861.3157,-300.7056,-724.1826,-305.2025,-613.9889,-896.2602,-755.9091,-267.1134,-645.2993,-209.2484,-442.0779,-940.2742,-678.2909,-286.6270
-928.4189,-1132.5823,-555.4944,-985.7530,-440.0508,-832.7980,-165.5185,-630.2981,-98.3866,-465.9493,-828.2986,-757.5167,-158.8359,-610.1969,-43.8238,-401.8695,-946.2371,-590.7234,-166.3852
-925.4658,-1123.2153,-541.8220,-948.0533,-368.0588,-776.9717,9.6384,-517.1279,47.1405,-327.7857,-789.1514,-696.8775,-26.7367,-538.7937,93.1985,-372.2340,-925.2750,-500.0639,-11.2728
-1022.1037,-1058.5400,-420.3870,-878.2118,-228.0724,-699.3035,172.5398,-418.7442,129.0500,-289.4235,-682.7580,-587.2195,100.1638,-439.4207,210.5617,-287.5775,-851.7017,-417.7467,124.0507
-1065.6766,-954.0520,-264.3608,-783.7697,-63.2401,-595.5372,299.5782,-298.2404,217.5701,-179.9112,-541.0501,-486.5776,212.0667,-344.9508,323.6223,-118.3973,-785.6705,-313.2788,242.4038
-887.0206,-857.0175,-154.8795,-670.4119,58.0070,-485.7119,398.2998,-158.8724,309.1631,1.5322,-407.1954,-417.9904,332.0317,-278.6975,398.7467,56.4210,-708.7962,-205.2607,351.3647
-637.0425,-768.5070,-39.6041,-565.5096,154.0928,-400.0681,466.1378,-78.9290,399.0880,47.2557,-236.9390,-359.4570,444.2846,-211.8190,454.8082,145.4805,-544.7662,-138.9051,441.2491
-509.1273,-659.3373,93.7536,-474.1897,260.5238,-325.6708,505.5977,-47.3375,535.3549,15.3495,-83.7746,-278.4238,509.9991,-123.5148,570.1987,161.7888,-342.9393,-108.1030,523.5056
-369.1841,-549.6517,167.3726,-378.7359,342.4852,-231.7401,537.1451,20.4137,706.4857,97.7058,-54.4861,-167.0271,536.2903,-47.9289,738.7956,176.8676,-213.9901,-76.5856,601.9146
-133.2372,-485.5140,206.6546,-303.3991,384.5887,-148.9361,578.8433,112.3142,840.7276,227.0981,-23.0697,-60.0520,559.5190,-12.5706,857.9683,233.6076,-149.5773,-25.8006,662.2348
4.7025,-430.3380,301.4879,-254.3597,449.1753,-111.8167,640.5764,166.7663,926.8174,305.0593,203.5525,12.6409,588.1865,-12.5488,891.8516,315.7198,-64.2967,44.9230,706.8302
78.3380,-293.3298,398.3997,-153.3510,550.6196,-52.0520,710.4999,204.3414,1003.6008,408.4228,501.7061,74.0521,599.2443,-48.6707,918.5552,369.8557,68.8412,126.3472,747.6880
339.9058,-85.7985,403.6716,26.3785,614.5015,98.2554,746.7859,266.7582,1069.3199,514.9305,628.5450,148.2073,586.1841,-104.9052,984.1187,381.3924,208.3878,221.6563,793.3326
645.5685,87.1460,404.2384,191.8940,629.0328,273.2332,730.2230,337.7613,1090.2163,501.3754,620.7754,212.1083,590.1349,-134.0621,1032.7571,392.6071,316.4836,348.5006,846.4725
678.5991,195.5759,531.4274,300.9196,676.1528,394.4449,703.6630,401.8857,1069.7698,450.1577,635.6072,248.9532,645.4443,-120.8635,1027.7178,424.5373,403.4938,484.9265,894.5615
577.8665,299.9778,718.1844,411.4543,777.1962,492.7332,720.1246,476.0000,1051.2107,527.2403,652.0306,272.6129,713.6024,-82.2299,1017.7766,458.1683,496.9205,585.3617,938.0468
610.9315,421.7195,816.7005,527.3923,864.1010,600.0437,772.7703,559.1860,1039.4126,661.8321,613.4588,276.2461,739.7617,-18.4820,1024.9755,481.0208,592.0615,663.8649,996.3355
681.5027,522.9610,832.6335,593.9135,902.3591,683.4139,798.8331,634.0248,992.1432,691.6182,601.8481,248.3128,736.2939,44.8726,1001.6888,491.3178,661.3325,750.9030,1047.3605
654.7710,578.9031,846.9612,618.6498,911.7733,727.8601,761.7454,711.3075,937.6523,666.8277,668.1078,228.3433,733.5053,50.2882,951.6368,501.7484,680.5032,809.4745,1048.2310
618.7466,608.9490,846.7527,647.6656,905.1670,748.5721,715.0480,804.1287,958.5889,722.1153,715.9140,252.6260,717.4099,18.4426,931.4329,534.5064,656.7072,811.1957,1018.4849
623.3175,663.9194,811.6420,691.8027,898.6107,757.7036,723.9313,875.5347,997.4973,798.0063,684.2413,286.3242,682.4476,37.9808,908.3375,566.0875,651.4847,801.2912,996.5538
620.4271,762.6168,805.0996,745.1213,915.3951,783.0856,750.6381,891.4485,921.5926,771.2936,660.7386,292.3502,658.9960,118.5168,815.7914,559.6105,693.2729,809.2952,974.3633
615.7605,840.0408,834.6242,793.0288,935.7695,828.7399,729.3506,899.4144,808.2073,723.7058,718.3367,295.7953,654.5444,193.5604,727.1724,554.4473,705.3230,814.9070,951.5358
628.4066,836.6725,820.2626,809.5233,918.5257,841.8217,688.9720,951.5251,828.2415,778.0762,790.3452,311.2962,649.0674,242.7863,740.3121,592.0378,660.1194,812.4863,947.1014
662.4873,802.2004,773.4316,804.6487,871.7756,813.7440,676.3223,999.1713,906.6201,835.8733,799.5425,303.0486,642.1027,293.3145,774.7812,623.9392,664.5627,803.8936,949.8747
734.4351,815.7212,772.7642,815.2483,834.2612,809.2551,673.9516,986.4648,879.5511,792.6740,781.6799,273.1456,637.3596,351.3954,732.8831,619.4670,748.5114,780.0207,948.1605
796.2104,868.9896,790.4027,836.1629,814.9486,838.1656,672.6433,959.4286,812.8856,773.2250,794.0023,280.8951,614.1182,399.1137,700.5182,626.2835,805.6349,758.0464,939.7623
782.6665,900.5795,768.3217,835.2264,802.4057,841.0693,674.9776,966.2593,817.5833,866.2857,823.0231,330.6132,565.7921,420.1257,750.0369,657.1255,802.8040,753.3445,897.1675
730.2801,880.0820,740.2207,807.3203,793.8243,803.9235,642.3964,975.3865,822.2527,935.2453,842.5123,353.4682,524.4808,423.3071,772.2477,678.0478,777.7340,743.2137,831.0473
669.5898,833.8452,722.4442,768.3171,782.9728,765.3760,581.4666,967.4265,768.5786,893.1705,849.3149,336.3354,510.4600,444.5808,700.1965,688.6703,731.9697,729.9885,809.1152
581.4517,815.4642,683.6809,746.7194,758.2940,751.0479,559.9827,965.8936,718.7219,841.2925,836.1018,350.7157,500.0175,494.6583,637.5900,689.7501,718.3961,740.7833,824.7327
542.8986,827.7808,654.9130,762.2659,719.7923,753.1687,552.8260,964.7579,679.2922,846.3400,821.6362,417.0042,470.1470,543.1295,642.3586,673.3015,766.2615,736.8338,796.3175
612.4717,806.1172,651.9556,767.2278,667.0202,731.7409,480.1839,945.3655,607.3949,854.3840,850.6928,461.2804,434.1942,576.1364,638.5051,685.7002,731.2196,664.8830,714.9055
646.8922,728.3969,604.9620,702.3308,592.3866,665.1819,390.0904,917.5827,538.6462,833.4663,900.6201,449.0036,410.7679,596.8969,581.1149,748.9368,581.5673,576.7720,631.1335
547.0979,655.6054,525.1953,622.2878,517.2808,603.1378,372.9717,886.6555,510.6923,826.0047,896.2295,442.4282,400.2346,592.0601,505.8060,775.0188,539.4636,555.8162,564.8383
445.7495,617.1065,502.4744,611.3563,491.9732,582.6987,404.3046,856.6183,497.6066,852.2439,847.1719,484.7002,408.0248,578.4867,447.3686,712.5903,596.2891,587.6066,530.0259
412.2976,568.2518,499.6185,620.8705,519.4547,558.4772,438.3669,842.4747,489.8413,837.5653,833.8617,539.9579,436.9955,603.7923,422.3492,641.9584,453.4016,611.7795,523.0128
331.1898,485.2471,435.5015,579.4320,529.4197,511.4451,471.1611,818.2888,489.1184,727.9121,849.6024,572.9854,448.4654,648.8549,429.4283,615.3906,157.2022,612.4825,490.1447
203.0149,396.5830,361.5706,546.7235,467.4639,489.0952,461.7085,748.5113,464.0877,644.1506,795.3182,586.7064,393.1094,653.3675,451.3412,595.7137,59.0373,591.4471,427.6245
183.0347,314.3162,314.1382,567.0773,358.2662,481.7548,399.9899,678.2662,414.1790,699.4807,646.9796,587.8463,286.9046,634.3919,481.4813,592.5911,136.1092,547.2250,404.8420
282.8280,205.8303,229.6005,549.1481,261.2156,437.7393,381.0285,664.3312,391.4887,752.5637,514.4369,584.9803,206.8911,638.4582,478.1048,641.4501,101.3466,512.3645,428.1244
342.7971,49.3047,141.7096,451.9771,216.4961,386.1979,444.4042,670.8266,422.6630,676.2548,488.7154,574.3483,203.4793,636.5832,356.1955,679.0500,-7.7488,523.2761,440.2484
287.0609,-100.4516,157.3868,385.3534,231.4213,378.8612,498.7601,644.4708,467.9251,636.2272,520.8884,523.3394,243.1446,596.6945,151.1268,641.4241,25.9220,555.5148,434.4973
210.1992,-146.4669,233.1346,424.5970,277.1506,399.7804,487.1155,595.2329,456.4127,726.6690,526.4836,450.2266,258.2454,565.0136,34.8972,575.6275,170.5711,570.0238,427.0388
223.1745,-81.0340,264.7559,517.0042,316.2615,437.2520,441.4479,543.2704,386.0866,736.1063,520.4346,437.6362,242.9000,580.9020,61.2572,504.4840,265.4485,583.1042,404.8303
314.0644,-11.4449,278.0932,593.4231,344.3934,501.6363,382.1575,489.9760,365.4775,592.7145,552.7231,475.3156,242.3922,608.4123,132.9792,380.7310,277.1103,607.0002,373.6974
386.9646,-11.7228,320.2086,621.9539,369.8950,550.1874,309.2350,447.3058,436.2429,512.9226,605.7978,457.6565,249.6592,600.1579,244.3873,259.3618,263.4684,600.5010,344.5922
394.6585,-40.2922,350.4778,597.9641,377.8882,549.0681,234.5361,428.8964,470.4862,542.6606,648.3844,385.6342,223.1030,554.0933,443.0840,243.3956,275.3939,561.5430,293.7127
369.7203,-33.4326,347.8751,568.1841,360.3090,550.8260,172.9706,434.0998,412.8336,515.0656,696.3427,336.5532,200.7443,497.8573,606.1865,263.5235,311.0262,551.7577,230.8940
351.2250,13.2453,343.4281,579.8702,335.0043,587.6838,157.1445,448.1631,377.1626,441.4169,759.1088,281.6230,241.9395,462.7242,579.9779,212.9273,325.4293,565.6872,216.2743
352.9956,70.6067,335.8550,600.0408,310.2090,608.5934,205.8307,442.8103,378.3363,443.0805,807.4062,192.6603,293.5157,465.0514,447.6325,177.2666,323.6488,529.4319,256.2559
365.5702,120.9226,312.2455,583.7481,288.1661,591.5156,260.6902,412.7139,332.3862,465.8511,815.6934,160.4487,284.6802,491.4346,403.7589,238.6175,345.6799,455.6759,287.6542
353.8562,173.6846,296.2862,561.2561,290.6838,575.5848,265.9555,392.4543,314.9934,421.1221,791.2455,187.9704,264.2515,510.2587,479.4158,283.4319,357.5497,426.9178,278.0486
312.8737,247.6664,296.5984,568.9490,321.9438,571.0276,264.1249,398.1386,403.6330,368.8982,764.5181,138.2410,288.9406,505.7627,558.0286,238.8114,331.2607,441.2621,257.0249
293.9685,334.8712,290.5834,585.0317,344.2757,561.3418,297.9924,407.8118,446.8305,363.3241,753.1096,7.6519,316.7887,494.1403,558.8768,205.5075,341.7726,429.6404,245.8488
312.3285,407.9130,282.5598,584.9688,332.2768,554.5587,325.3039,405.1992,358.4602,349.2509,745.4293,-63.8231,320.0411,501.2039,504.3248,234.9032,406.0427,373.5303,217.9265
314.1643,458.8678,294.3836,569.7687,303.1621,550.0869,309.3652,382.3987,293.7043,289.7126,743.1389,-47.2072,330.2569,533.2134,455.0278,270.3098,411.3433,305.4861,152.4725
271.2987,500.6753,312.2920,539.8165,280.9107,529.0811,271.5964,344.5949,309.4518,236.7024,760.9846,-14.4746,331.6175,574.2863,431.4432,300.6743,342.5159,258.3231,83.3472
216.7540,548.6710,316.0280,511.9058,277.6028,505.5881,239.1882,328.6947,291.0811,254.3344,768.4907,5.7285,289.2522,592.9752,411.8817,332.8658,332.2368,242.6772,46.3286
197.2299,606.7787,327.2782,511.3240,298.0861,494.4046,227.4101,337.6937,248.7180,331.6068,736.7053,0.1724,250.9418,555.3643,386.5263,321.8188,402.3098,227.4045,28.3876
233.2213,649.5070,357.7802,506.4413,327.6577,454.6549,236.3400,320.1349,271.6210,383.6284,708.6347,-30.3235,264.0663,469.4492,371.1769,269.1608,425.6592,176.1724,21.6420
275.8076,648.0931,362.5253,442.3299,336.1571,363.8954,244.9343,280.2629,324.8357,355.2192,703.6304,-33.1050,279.1410,395.8111,368.0569,235.9474,375.0377,107.7314,44.5827
257.3996,624.9421,324.6649,349.9825,312.9493,282.0128,249.6569,266.0501,355.4958,292.4417,664.8913,-3.6449,247.4589,368.8964,343.0269,222.4272,359.8516,54.2288,82.4919
240.8910,625.4276,307.2406,306.8847,283.4958,255.1379,257.3751,254.9758,363.9874,265.6664,588.5912,-1.5896,200.8096,355.3054,265.5686,186.1517,425.8534,7.9680,111.7620
337.0516,649.2712,339.4750,304.7706,276.5556,245.9804,243.1828,228.7873,320.6381,274.9419,527.1566,-21.7950,173.4878,328.4531,174.4655,145.5998,504.7632,-31.8784,155.4152
462.8813,666.4966,358.0536,281.9680,277.5103,218.6111,214.9428,244.2511,253.7429,273.0273,466.6643,-25.2141,156.7213,309.0571,141.3106,146.4621,521.5983,-43.7094,220.4466
466.7213,665.1483,328.5940,245.5132,249.6858,190.0544,238.8599,284.8820,262.6805,230.2245,392.3261,-25.6589,145.6387,304.1803,144.6385,168.5194,466.1636,-38.2101,259.1496
408.0049,654.2465,303.4013,236.0336,209.9865,169.4100,297.1405,257.9451,298.9978,160.7531,359.0654,-13.2832,144.1611,285.3149,102.7344,152.2707,436.6717,-44.6581,246.6122
400.2127,653.5844,316.5990,234.4851,212.5236,141.0369,290.9728,187.1508,241.0461,114.2252,360.6056,36.7005,145.1665,236.1013,51.4568,101.8733,555.5362,-61.7006,208.3352
391.2354,660.4984,338.4281,208.0288,245.1360,104.6199,245.9598,153.6799,170.8278,120.1557,329.1870,57.8925,153.8192,167.1523,96.4056,77.8089,714.0021,-74.2465,173.5733
360.7550,624.8078,338.9309,166.3358,245.9391,64.7425,273.0796,127.1410,212.0655,132.6814,286.5828,1.6142,179.8954,101.4858,190.0261,77.2506,632.2529,-76.0366,159.1975
400.3810,523.1222,314.8466,110.3994,221.8826,12.1176,336.8568,71.5639,261.5354,85.6361,273.3575,-53.7969,195.7284,64.2403,191.3880,46.1769,341.4088,-70.2846,159.5129
453.2742,411.8867,283.0617,25.9272,222.5544,-53.5658,325.2188,36.3601,204.4868,3.5092,237.1320,-59.2017,167.3672,52.0754,110.5704,17.5351,209.9196,-83.6974,154.5449
381.2551,334.0555,271.6826,-56.1742,226.1565,-120.3558,263.2773,32.0191,130.2585,-24.6653,165.7440,-65.6204,115.8680,27.3331,67.6632,55.1502,333.1003,-137.7571,154.0788
276.4358,273.0266,275.9447,-93.6691,187.6637,-176.5800,226.8772,20.5461,118.3930,9.9623,134.4447,-90.7276,86.7405,-26.9004,84.8758,89.9812,408.9758,-199.1404,158.6143
295.6902,231.8763,256.3193,-101.3560,139.0698,-204.7809,193.0620,2.1846,106.8866,20.1502,147.9703,-120.2975,87.9163,-81.7815,98.9128,24.5931,308.4001,-224.7064,120.4043
348.0954,219.1000,207.0665,-112.9681,123.5878,-201.6904,143.8192,-28.6794,62.7975,-31.2039,140.8080,-174.1757,99.4084,-107.7052,84.5763,-85.0549,214.9062,-224.5159,56.9166
291.0015,187.7510,162.0785,-132.5233,113.5935,-196.5696,131.2528,-81.9429,23.1966,-89.4048,96.0279,-231.6832,97.7254,-109.6411,46.6321,-136.3300,213.6861,-222.0032,62.1572
188.6506,122.5411,133.8201,-152.3710,77.3547,-203.4855,147.2416,-109.6793,-9.1835,-120.0537,32.8857,-238.8078,54.9086,-117.5539,-20.2697,-133.5758,222.5902,-214.9899,117.7984
138.6597,80.4080,108.7193,-164.3159,30.8377,-204.5176,120.7974,-97.2225,-27.5544,-125.8265,-23.9231,-225.5260,-30.9016,-151.7472,-92.6458,-123.6859,203.1589,-210.7386,115.7207
95.7727,64.3056,73.5888,-169.8652,-21.8769,-209.1159,65.1730,-100.0312,8.6516,-83.7623,-51.5298,-254.3624,-114.3054,-189.2913,-113.9361,-117.4379,144.4976,-224.3929,73.5739
9.3847,23.3284,17.1458,-191.2312,-97.3626,-240.0675,51.8738,-113.4431,58.4710,-11.5257,-81.6911,-303.2404,-159.0541,-188.6132,-82.0978,-109.5730,51.7664,-235.6085,67.3441
-55.4060,-16.9403,-47.2397,-220.4552,-169.2308,-264.7636,64.5219,-105.9024,18.0121,-0.5382,-144.2407,-312.9493,-178.8663,-153.6020,-78.6148,-102.6687,12.6824,-219.2193,44.8864
-22.3095,-3.8190,-80.3161,-211.1339,-192.8908,-248.7959,29.7297,-122.4996,-90.1288,-52.1449,-175.8858,-273.7939,-190.7806,-128.0568,-144.2310,-124.3604,47.9895,-203.7517,-49.7887
55.9357,27.9750,-80.3993,-177.4367,-183.9732,-232.3723,-46.7532,-160.7023,-131.7980,-53.5134,-145.9209,-232.5902,-187.0023,-139.5249,-199.1975,-187.6525,37.3610,-226.1318,-138.7295
46.4425,28.1942,-88.3328,-185.3367,-190.0752,-253.1324,-97.2138,-137.9721,-90.2399,-9.1975,-140.8294,-243.1909,-174.7998,-187.5305,-182.2715,-224.6176,-48.1494,-253.2217,-165.3211
-61.6774,10.2849,-119.7771,-220.7733,-211.9192,-274.1937,-104.3133,-83.6139,-83.3605,-50.8130,-192.0495,-274.6759,-182.5768,-241.0210,-164.1835,-184.1318,-102.5237,-231.6724,-183.3956
-136.5494,-3.2787,-161.8105,-217.3856,-224.9994,-259.3891,-104.5599,-94.0531,-147.2094,-174.5548,-237.6355,-238.6373,-213.9325,-241.1989,-211.1367,-145.8708,-110.0377,-187.2379,-220.0963
-141.7267,-9.3345,-206.9563,-184.5964,-240.1458,-222.8484,-118.2096,-137.0841,-198.3468,-250.1751,-279.0457,-165.5099,-241.3357,-183.9030,-271.7394,-182.5729,-134.2070,-175.5359,-236.6873
-178.7451,-7.4058,-240.9201,-167.2867,-272.1004,-182.3335,-140.2026,-147.0656,-204.9114,-260.9750,-334.9557,-180.9592,-247.2525,-157.2328,-292.1337,-238.1050,-162.5488,-177.0263,-229.0641
-242.1550,-9.8037,-250.2705,-159.6169,-291.9622,-153.6030,-168.3429,-148.7221,-222.4058,-262.0255,-344.9236,-274.4096,-243.4056,-206.9550,-298.2988,-252.2101,-161.1263,-153.7452,-231.7950
-215.7499,-17.1278,-250.8044,-147.8475,-272.7761,-159.0291,-199.1242,-149.2937,-275.6090,-216.6719,-302.7711,-317.8224,-245.4089,-257.7603,-323.3161,-229.0739,-141.9857,-138.7770,-245.4065
-125.5642,-10.3063,-248.6123,-143.5439,-237.2246,-183.4671,-219.8241,-131.6155,-330.2579,-115.4272,-289.7510,-287.5101,-247.4810,-250.1902,-367.8763,-173.3235,-119.3688,-162.4647,-243.7825
-101.1437,-13.9475,-219.0724,-157.0664,-215.6854,-194.3390,-221.2262,-139.6273,-355.9637,-73.2440,-310.0141,-252.7033,-239.7892,-225.2763,-407.8297,-119.2717,-123.7133,-193.2230,-229.1203
-132.3520,-61.6593,-176.0829,-194.2007,-204.7019,-207.0788,-203.9372,-179.7724,-352.7043,-127.8723,-311.9155,-232.0152,-232.7040,-218.7524,-393.9190,-126.3351,-179.1546,-215.2353,-224.3554
-128.2635,-99.8875,-168.9419,-232.4216,-196.0274,-235.0321,-185.9086,-188.0981,-340.4071,-166.7016,-311.2264,-210.2478,-234.8649,-210.8644,-322.6692,-166.9446,-219.3425,-237.7024,-234.7004
-105.4547,-76.3674,-182.2024,-220.7220,-196.4385,-236.2338,-201.8066,-185.0411,-328.9507,-151.4823,-319.6331,-185.7819,-232.6845,-196.6422,-272.1545,-173.4090,-182.9591,-232.3541,-264.2227
-107.4432,-46.4992,-154.6201,-172.7645,-202.5148,-201.9186,-256.6225,-242.2538,-301.9526,-167.5787,-298.4625,-148.0240,-222.1447,-188.5754,-279.6638,-159.6972,-141.6211,-187.5753,-327.0397
-88.7273,-49.2929,-98.7003,-157.5952,-202.7612,-184.0075,-302.2758,-319.5638,-266.9073,-223.9954,-262.8687,-98.8461,-220.9885,-172.0665,-293.9295,-154.9721,-167.2489,-154.3753,-387.7393
-29.1279,-35.5454,-83.7738,-165.9451,-203.3209,-184.8355,-303.4990,-333.9305,-277.5305,-234.8613,-260.1602,-65.2198,-228.0070,-135.5215,-300.1463,-139.4634,-205.3491,-155.5570,-379.4109
-7.1735,-9.8051,-114.6192,-148.0405,-212.7743,-169.5078,-285.0181,-288.9439,-354.3574,-180.6045,-270.0212,-46.1679,-224.3607,-100.5231,-338.6495,-116.0372,-202.9740,-160.2602,-328.4480
-63.8244,-30.0444,-136.1064,-134.1988,-221.4487,-166.3305,-283.6972,-231.4028,-442.2744,-126.3040,-269.2689,-17.7175,-218.6494,-85.9950,-396.2055,-105.6044,-199.0925,-160.1581,-319.8880
-139.9312,-57.8403,-138.6648,-149.3829,-228.4884,-198.0501,-306.0240,-199.5069,-476.6068,-127.2271,-298.3297,13.2276,-234.7774,-85.8715,-420.4353,-98.0467,-238.3965,-159.1861,-342.1771
-197.8438,-38.1772,-162.2950,-148.2253,-257.5111,-212.8915,-338.9169,-210.4677,-448.6208,-184.5279,-370.6685,23.3552,-270.6896,-90.2318,-405.3555,-98.0105,-331.0023,-144.3066,-340.5465
-257.4298,-45.1278,-215.8447,-143.9473,-317.7595,-203.3116,-360.2897,-226.3400,-410.9976,-242.2770,-429.2061,9.5530,-309.8440,-103.8099,-378.6894,-122.5837,-467.5779,-131.7311,-341.9228
-301.6822,-134.9354,-271.3041,-193.9529,-386.8974,-224.4894,-365.3145,-210.2492,-416.3033,-242.7525,-441.8080,-14.4590,-348.1181,-136.0571,-363.5859,-143.6897,-584.9514,-147.8697,-368.8623
-293.2304,-200.6859,-319.8546,-242.8593,-442.5325,-247.0177,-387.1321,-200.5805,-434.0445,-208.2689,-449.1317,-24.0688,-390.9562,-164.3975,-375.3534,-139.0440,-595.2164,-167.9994,-378.6024
-261.0131,-148.6398,-366.8835,-205.1423,-467.1137,-201.3216,-432.7229,-228.7175,-409.4651,-198.6745,-488.2397,-1.6610,-441.9113,-140.6680,-408.3438,-140.7669,-506.8699,-160.1714,-371.4614
-251.6910,-56.9980,-392.7997,-129.7242,-444.4010,-135.4861,-448.8992,-255.5800,-394.1044,-213.9713,-527.9604,30.8613,-489.4405,-76.3778,-442.0902,-167.5587,-429.9871,-134.5454,-382.2947
-257.3228,-38.1971,-388.2827,-102.5527,-402.6753,-128.6790,-421.0464,-256.7815,-451.8907,-218.1026,-519.9084,29.3295,-506.2153,-52.9441,-463.7959,-191.3103,-425.3598,-111.1909,-386.4336
-266.4282,-84.8797,-395.1127,-114.0523,-402.6531,-150.8654,-399.8474,-250.0533,-499.1466,-193.3490,-483.4163,-17.4931,-482.6670,-91.7401,-459.0683,-188.0864,-441.5209,-102.6672,-364.8338
-292.6823,-123.7636,-435.5820,-122.1326,-432.0637,-149.1060,-383.4955,-238.5459,-439.4659,-143.8497,-478.8613,-72.1020,-440.3629,-114.9760,-420.9626,-171.1649,-429.3666,-105.2613,-345.4852
-328.1007,-126.9235,-455.2263,-120.8985,-409.8310,-135.2651,-320.1326,-225.0547,-332.3734,-121.1114,-510.9975,-94.7644,-395.3924,-78.0477,-372.6366,-176.0565,-411.6284,-88.6858,-315.7699
-353.3737,-128.4771,-419.7851,-126.3301,-337.4938,-132.0333,-232.2717,-223.0478,-267.1765,-178.4929,-526.5244,-100.6783,-350.6700,-15.7650,-324.7934,-208.5654,-403.5480,-61.3730,-253.3679
-359.0657,-161.3598,-391.9372,-156.7643,-309.2104,-147.9124,-182.7771,-214.6150,-238.0451,-251.3104,-493.5219,-134.1338,-323.0459,59.4513,-251.3522,-228.0853,-380.2294,-85.7180,-197.4137
-330.0919,-202.0973,-415.2350,-197.2633,-339.4806,-181.7218,-165.1336,-182.2408,-213.9368,-240.6799,-432.7402,-179.6596,-321.8394,170.9936,-158.0018,-219.9899,-348.8192,-156.6089,-162.5026
-288.6273,-208.1245,-423.4199,-205.7592,-338.2534,-203.4820,-150.7452,-156.3791,-173.2803,-193.7835,-382.5225,-180.8203,-315.0463,287.4645,-95.8852,-214.4398,-331.5938,-192.8812,-112.4589
-286.5384,-192.9039,-364.4381,-189.8154,-270.9856,-198.6543,-143.7636,-160.4304,-101.4201,-190.8944,-351.1903,-152.5827,-268.4484,329.6374,-76.3140,-212.3722,-295.5145,-179.4912,-58.3707
-291.5881,-199.7070,-288.5719,-190.2457,-197.3071,-196.9710,-131.1767,-175.5310,-31.6355,-179.9216,-310.0835,-159.1920,-201.1747,272.2713,-62.9881,-201.1894,-222.5009,-171.1169,-32.7478
-241.4503,-225.4513,-240.6045,-197.2109,-162.6900,-203.5967,-104.9248,-189.2688,21.6191,-129.1064,-245.9934,-195.2261,-164.5471,179.9051,-45.1719,-203.0526,-171.8902,-190.5646,-23.1893
-192.7286,-246.2782,-208.5165,-194.0214,-166.3846,-201.7000,-108.8222,-204.3101,116.4929,-125.4988,-187.3975,-210.3104,-175.4784,131.2202,-30.7216,-209.8485,-168.2609,-228.3126,-32.3377
-193.1946,-267.6221,-196.7024,-207.3914,-196.6401,-211.8257,-150.5093,-211.9695,239.0786,-181.7607,-152.0810,-200.2088,-197.2702,130.7632,2.6359,-181.7772,-149.8716,-255.8986,-79.6075
-147.2722,-274.2354,-200.0877,-223.6161,-214.8109,-230.5842,-164.4099,-213.7434,280.4011,-203.5845,-120.1892,-174.5651,-189.1659,128.9823,71.0287,-140.1912,-92.6434,-226.9333,-130.2437
-34.2672,-220.5612,-155.0253,-189.2811,-164.8120,-206.3120,-132.8155,-229.8214,228.6000,-177.8533,-75.5136,-122.3347,-147.8633,112.6595,131.8869,-121.4320,-47.2801,-159.6876,-149.3259
11.5324,-137.8465,-50.2840,-130.5959,-53.1595,-153.4453,-105.2122,-253.6035,150.1443,-156.0541,-22.0055,-65.5716,-84.8563,101.6848,125.8801,-105.0492,-31.0137,-127.3719,-149.3247
-7.9813,-123.2186,30.6127,-117.4954,45.3156,-135.8676,-85.1248,-242.1997,38.5014,-133.5640,27.8682,-42.7725,-7.2547,81.0699,51.1714,-86.6403,-6.0216,-119.4269,-119.6119
47.4225,-174.1688,61.1261,-140.6759,87.8036,-143.6148,-38.2026,-177.4544,-86.4930,-110.6257,53.6826,-35.5638,57.6905,34.0077,-31.9729,-83.0559,37.1959,-81.4110,-38.2859
138.4883,-196.3134,89.9536,-157.5742,103.3776,-146.2868,27.9705,-104.2292,-108.7118,-122.5150,54.9715,-16.3989,85.0477,-6.9971,-52.6930,-67.3560,58.1993,-54.5239,57.6699
119.4645,-191.0773,105.0890,-177.9541,121.8351,-170.1015,91.8298,-75.8633,-14.0315,-144.4448,62.7726,-19.7232,103.6263,-27.2569,9.6693,-39.0498,28.6386,-82.9857,124.2757
36.5538,-236.8454,76.4778,-215.2455,134.6082,-209.7525,156.2518,-83.2937,76.0298,-125.6946,85.8857,-66.2330,146.9559,-58.0104,93.4954,-42.0880,-14.7627,-103.2361,169.8382
23.1544,-300.6159,56.6667,-246.3503,140.9175,-216.1070,220.4475,-84.2509,116.0413,-88.4960,106.1388,-102.5595,189.0000,-95.4377,119.4251,-51.3078,-5.9089,-79.0211,216.5043
72.0673,-286.2050,81.2837,-251.6782,161.2416,-198.3579,270.4676,-73.8506,154.6996,-72.5068,132.9644,-100.1747,205.7722,-111.0527,101.6315,-27.5470,61.3030,-74.7825,265.9243
126.2634,-220.8085,108.0450,-226.4338,193.6451,-190.8395,290.7278,-69.2677,204.2113,-64.5522,178.9660,-100.0425,224.8904,-121.4887,119.9265,-21.4329,135.9506,-110.9286,293.3028
187.9645,-191.6984,129.6416,-173.7556,223.5685,-175.5089,279.2996,-71.1997,250.2155,-51.6175,219.3292,-100.9427,258.5787,-131.4480,186.8126,-55.6521,191.8622,-123.5349,273.0417
243.2979,-186.4130,176.8915,-120.0331,264.2005,-134.0457,273.1903,-86.4112,286.7102,-63.1815,245.2488,-47.7095,285.6530,-100.0762,252.6460,-80.4653,234.6971,-92.0407,243.4314
260.4924,-160.4642,225.6672,-92.7114,318.8799,-86.1178,303.0978,-120.7792,297.4003,-126.2902,278.7116,35.7971,310.6830,-47.4576,305.5184,-100.5964,269.8103,-67.2358,262.8144
257.1337,-140.6363,250.3138,-86.8978,344.5674,-54.0018,328.7758,-140.2891,291.8132,-211.0986,308.8831,64.7867,344.9112,-46.8393,346.7359,-125.3458,315.2483,-75.4721,298.9952
256.8832,-145.5997,275.7302,-87.8225,324.1621,-51.0102,320.2595,-118.3589,304.7341,-246.8498,314.6293,46.3950,370.7325,-82.4438,347.4666,-94.7620,373.1941,-80.4336,302.5107
252.8690,-137.7412,301.0244,-88.4601,312.7188,-64.6111,327.4705,-87.2700,318.3012,-209.4460,319.5078,54.1735,387.1525,-81.3354,315.9044,-30.5532,392.6962,-50.6818,306.3526
261.7024,-106.6847,304.7030,-73.6015,347.3304,-54.6680,355.9569,-74.4906,284.9058,-155.7681,334.5063,95.9499,406.5684,-48.8475,290.6241,-31.8118,355.0674,-21.1411,319.6931
310.6839,-79.7141,307.0350,-39.8422,385.3476,-22.3919,335.4700,-61.3579,219.0262,-140.6445,323.7731,140.4863,401.1002,-26.9524,258.5686,-68.3880,323.2408,-36.9498,296.3665
358.0831,-61.5390,312.4446,-18.4712,376.4182,-10.4291,285.8451,-43.9094,175.9252,-161.2501,282.1834,181.0402,351.8966,-14.1590,210.1387,-53.3187,326.8329,-66.6768,261.9495
338.1880,-52.4496,285.7484,-27.9106,329.0664,-17.8945,287.9972,-42.5250,167.4002,-188.6000,256.4106,194.3404,305.9582,-19.1260,194.2405,-23.7302,328.0662,-54.5290,260.2234
280.2561,-67.3465,242.9059,-41.4446,288.4736,-20.7698,303.0351,-47.0149,144.4602,-189.9209,272.8940,160.5085,304.6092,-62.7236,214.0291,-21.1645,320.6361,-12.7303,245.1774
261.0078,-92.5004,236.7855,-41.3447,288.5419,-30.7888,263.2983,-36.7508,63.8803,-166.5224,311.3867,125.7984,328.1540,-101.4143,210.4745,-3.9825,314.5559,22.4512,201.6917
270.1676,-97.3871,262.3411,-44.3709,319.6488,-42.9138,224.4131,-32.9087,-29.7052,-187.3946,336.2791,124.5973,340.3020,-86.4966,181.3539,6.4680,289.1444,50.0216,183.5809
263.2511,-83.7426,285.1123,-47.5898,334.4555,-21.6391,219.7532,-67.3286,-53.3676,-277.3434,327.3214,117.5124,318.3625,-61.8889,158.3899,-47.5529,273.4591,61.3190,162.2045
276.5028,-64.7864,299.2030,-28.0394,305.9331,18.9210,177.4353,-124.7249,-21.3661,-332.1942,303.9008,94.2356,270.3086,-80.2717,126.5197,-99.8312,320.6075,35.1180,90.0747
327.7805,-46.5894,304.1720,-9.9537,264.4872,26.8841,108.9260,-155.5544,-3.1517,-286.6319,305.7929,101.2774,251.5119,-106.3781,86.8300,-68.5280,359.5250,-4.3107,40.4798
324.8790,-49.5501,303.4099,-37.1275,252.5452,-5.5665,107.6075,-139.9962,10.8149,-226.0683,330.2143,133.4218,285.8748,-99.2942,73.5215,-22.0293,292.4616,-16.5268,57.3061
237.1746,-74.6699,305.1714,-80.0211,265.8293,-40.3321,138.1884,-112.0635,41.3568,-210.8804,329.5459,142.4418,302.9631,-85.5095,76.0117,-45.6374,202.7419,-17.0197,67.3935
178.5462,-84.7231,282.6947,-81.8722,258.1817,-46.5693,107.1346,-101.9157,35.5038,-193.2920,284.0749,125.7002,250.8410,-90.4927,81.3599,-82.7933,215.7800,-48.0243,59.9614
191.2289,-85.1867,212.4851,-71.4680,195.1316,-40.3235,64.1608,-88.0933,-8.5086,-172.3081,233.3537,99.5891,184.1479,-100.7922,115.9594,-54.8309,265.3148,-105.0230,91.6606
179.2349,-123.7622,138.8815,-100.1878,101.6793,-61.6573,90.5633,-45.3920,-10.5394,-201.9491,218.6994,63.0711,160.0780,-112.0199,150.5683,-1.8588,234.5246,-144.5249,133.8011
115.7729,-169.8372,108.1589,-121.7846,42.3909,-92.2339,130.4601,5.5690,27.9855,-243.8065,217.3630,36.4145,160.0668,-123.3522,123.8032,16.2064,169.5598,-149.8006,145.5155
69.9316,-145.0506,100.1198,-78.8592,45.2574,-76.0206,117.2160,32.4316,39.1160,-212.5722,170.1629,41.4757,156.5851,-110.9188,75.6093,26.4637,157.8976,-141.4443,158.6210
44.9850,-80.8417,88.9761,-31.2685,78.4995,-38.6564,97.3153,21.1878,30.0282,-128.6902,81.6674,48.9867,155.7928,-85.6070,73.9233,40.4197,161.6286,-124.0573,159.4480
7.5029,-78.5193,81.6189,-57.1617,101.4764,-48.7544,104.2343,-31.9004,22.4070,-89.4502,31.4735,25.3051,164.9845,-108.1480,81.9477,-3.1640,114.3310,-90.2079,98.3775
-6.0066,-140.0915,74.8157,-120.8264,95.8280,-93.1730,83.1008,-102.7392,-16.9990,-132.8140,50.9045,-7.8905,168.2820,-180.9819,50.1026,-93.5119,41.4191,-73.3942,25.2520
22.6091,-186.8337,59.1350,-154.6302,63.8524,-128.8682,18.3582,-146.0303,-75.5284,-201.0545,65.1762,-11.0341,133.0738,-228.4489,4.0851,-130.4304,-3.4198,-100.2240,2.9553
18.9522,-189.8709,42.1991,-161.7014,29.0131,-152.2986,-26.6027,-155.0688,-107.3809,-222.4991,11.1641,17.5036,63.1780,-226.6272,-39.2641,-103.8680,-20.6948,-121.0075,-18.9033
-60.0405,-175.8646,22.1447,-158.2713,5.2516,-143.1037,-38.2519,-155.0578,-141.7859,-193.8823,-69.5006,40.6840,26.4630,-224.5034,-90.1873,-85.6935,-48.6758,-91.1958,-88.4653
-148.4425,-163.7355,-12.2029,-130.9895,-29.6963,-91.9248,-65.0950,-142.5168,-194.0468,-156.1557,-116.5639,20.6962,48.4178,-227.1296,-118.6524,-80.3813,-113.3246,-39.2525,-152.1287
-179.4421,-151.8761,-51.5490,-92.1394,-76.4946,-54.0828,-90.9582,-106.7335,-191.6676,-123.2894,-149.3109,-32.2775,51.7399,-201.1502,-100.2845,-75.6478,-192.2884,16.7989,-153.7299
-175.7573,-134.9651,-77.5215,-74.1842,-85.0430,-47.5314,-61.3433,-69.5662,-135.9759,-90.9966,-212.0762,-58.3365,1.3255,-172.4337,-79.8891,-107.0393,-235.9473,83.2322,-111.0913
-189.4577,-121.2248,-84.1894,-67.6314,-48.3237,-28.2780,-14.4915,-43.2177,-131.3174,-65.7683,-290.7501,-24.1127,-31.4005,-179.0430,-103.5900,-148.5262,-242.3898,122.5797,-69.1708
-218.0929,-121.0647,-78.0353,-42.4031,-29.3909,0.0109,-21.4737,-14.6851,-185.7026,-44.2516,-345.9758,24.0339,-24.6509,-181.0882,-156.5819,-134.1099,-254.5052,127.0005,-51.3223
-231.0981,-113.4991,-77.0189,-2.8347,-50.8706,24.7548,-65.8581,7.5078,-218.3294,-32.5843,-369.4949,31.2530,-42.0593,-133.3476,-207.5931,-96.5430,-269.7087,158.7657,-57.4089
-237.9178,-83.1275,-98.3536,25.9152,-81.9076,73.7908,-112.5339,7.0980,-219.6350,-60.9037,-365.0369,23.4747,-92.1293,-74.9269,-241.6100,-88.0543,-256.0894,200.1809,-81.1366
-273.6576,-75.7325,-139.8151,26.7019,-128.9103,100.4969,-162.7778,-1.1369,-188.3558,-96.5116,-343.6047,47.4773,-128.2422,-62.7428,-237.8055,-72.4176,-250.1332,164.5457,-119.8041
-334.4148,-117.1044,-182.4655,-1.7521,-191.7954,36.3298,-177.6114,-4.7347,-73.4645,-46.2479,-344.4400,74.8261,-135.6600,-83.7268,-189.7646,-34.6086,-298.1619,98.1516,-165.3109
-367.8705,-136.0017,-197.4227,-29.0843,-194.4807,-32.8230,-130.3232,-9.0760,61.4354,86.0634,-373.7481,79.4959,-106.6531,-84.3226,-144.9854,-17.7837,-345.0940,111.8059,-209.1491
-335.0877,-82.2606,-165.4420,-15.4794,-116.4737,-4.0832,-109.0808,1.6528,67.6942,194.7473,-366.7406,121.9471,-49.2176,-43.5874,-146.8843,-6.5062,-327.8012,160.1812,-249.4251
-269.8339,-13.3651,-119.1056,30.1848,-74.2685,57.4408,-173.5916,42.9477,-27.5167,236.0944,-301.1553,217.7107,-35.5991,10.6942,-161.6237,44.7376,-284.3792,144.7395,-266.7767
-245.7236,26.2001,-110.9233,67.9272,-129.3855,79.4540,-236.3136,83.6765,-88.6877,237.1701,-250.9214,268.3741,-99.1419,45.5134,-154.5032,102.8996,-256.0543,110.3872,-243.3472
-265.3277,66.1125,-127.0019,92.8716,-184.5180,98.0479,-239.2798,89.8257,-140.4119,200.3695,-256.6702,248.2026,-165.9936,60.9472,-173.0985,106.4244,-221.5172,137.7565,-215.1422
-245.9762,109.3083,-124.6659,118.0698,-179.6610,123.6131,-241.7393,75.6449,-256.8504,134.3315,-278.9254,243.7860,-193.0921,69.6015,-241.1788,63.1932,-189.7357,195.3420,-219.2197
-166.7334,119.7324,-124.5561,129.5633,-187.5030,131.7178,-261.5049,74.9504,-354.4885,84.6132,-298.4269,249.4835,-212.5891,64.7550,-283.8094,36.9349,-198.4707,218.8690,-220.5285
-128.8478,104.0304,-159.5068,121.6438,-237.7898,141.4923,-255.5077,108.2451,-358.9869,73.8509,-314.4610,197.2654,-211.7812,42.9810,-263.8485,60.7152,-227.1559,204.6453,-190.2474
-192.8516,98.0577,-202.1554,122.0500,-256.8603,148.8484,-232.4085,167.1801,-342.7327,103.5579,-295.1503,147.5295,-166.5227,27.3629,-236.3687,87.1182,-244.7951,181.9986,-179.8743
-267.1317,118.7318,-222.2578,144.1031,-224.4493,130.4142,-218.8336,195.9471,-351.2079,170.0609,-248.2403,174.9315,-141.9425,36.4806,-216.9788,67.2115,-258.5564,170.9420,-225.4866
-245.0878,167.0210,-224.2064,170.9611,-203.0995,131.2185,-219.1762,149.0384,-351.6421,216.5029,-226.5983,212.7454,-185.7186,56.1262,-183.6664,42.8635,-247.2901,165.9148,-281.5482
-166.0825,213.1382,-208.1977,185.0141,-210.7445,169.1449,-260.4254,78.5060,-356.3727,193.3430,-219.3391,206.6396,-236.7071,57.3342,-182.8931,66.2303,-197.9102,147.3662,-311.5538
-148.2380,206.2019,-191.5126,168.1510,-215.8395,164.4765,-332.6150,67.2921,-371.4533,166.8792,-186.9658,193.4093,-245.1571,33.3589,-246.7338,113.3175,-185.9845,119.3149,-334.6954
-208.7317,145.9001,-220.7426,112.4188,-224.7946,96.2564,-355.4040,100.2231,-349.5873,208.7618,-158.7632,165.5595,-237.7209,12.6640,-300.7144,162.9447,-251.4032,101.1289,-360.3812
-262.6937,77.9728,-285.2115,49.5446,-260.4564,41.8046,-324.1678,114.5097,-316.1527,257.8671,-157.5156,108.9062,-234.9107,17.9216,-291.4530,222.4300,-307.0063,83.8174,-369.7347
-286.3210,21.7196,-315.6739,14.0133,-297.9850,21.4195,-320.1647,119.0337,-320.3545,247.7316,-147.3653,91.2236,-233.0400,28.0471,-257.4285,258.4044,-307.1392,52.2357,-354.9660
-329.0910,-18.9278,-300.5414,-1.4505,-298.0179,-0.5307,-332.8420,148.9371,-287.0617,223.1123,-132.8070,121.1403,-238.1663,24.1194,-214.9375,248.4705,-319.1891,33.9415,-317.7332
-358.0012,-20.8349,-287.1440,-1.2099,-264.5543,-3.4133,-290.7285,178.4518,-175.8445,212.3414,-141.8280,113.7131,-242.3046,29.5353,-147.8090,226.8731,-346.4501,60.8926,-252.9904
-288.9513,18.7503,-279.8860,36.1329,-224.1563,43.2670,-227.2667,173.7269,-119.5351,175.6384,-122.0573,70.2373,-224.7309,51.1402,-100.3144,203.1793,-303.8755,101.9959,-171.4247
-175.6113,67.3194,-242.2328,96.9943,-180.8329,97.7096,-214.4223,155.8225,-173.6441,134.9117,-34.4471,57.6288,-188.6011,59.5857,-118.5512,177.6337,-190.9321,101.4441,-106.8797
-136.9114,96.7239,-173.5257,133.6714,-128.5298,109.7326,-224.4202,147.4807,-194.1714,141.9349,39.1427,61.2073,-141.0414,59.4775,-149.9130,185.6270,-86.5663,71.5101,-71.6167
-137.8161,93.5155,-112.9670,131.7412,-87.5234,99.3086,-195.4144,123.3201,-121.0828,127.2910,34.2489,47.1134,-79.9088,69.2175,-128.1555,186.4218,-13.2192,66.8118,-40.4287
-79.2407,64.4819,-84.8241,106.5531,-81.2826,109.0528,-136.9577,59.7940,-71.2724,2.0134,14.9566,32.6991,-26.4798,53.7849,-85.0864,96.2022,50.2581,77.3477,-2.1209
-4.9831,45.0788,-71.1848,72.8810,-81.5812,121.3993,-98.9238,-7.3091,-78.1332,-140.9845,42.5339,10.0448,0.2532,-1.6955,-67.4896,-7.5477,95.9137,51.5252,20.9423
0.4454,51.5821,-41.2584,56.9715,-39.5860,90.8596,-94.2190,-24.3191,-43.0804,-143.5147,75.0094,-36.9119,22.5324,-37.3197,-26.1013,2.8388,111.4422,1.2766,22.1137
-14.5714,56.7298,-1.1840,67.8349,29.4771,34.9817,-81.2845,-6.3585,46.6111,-39.0392,66.1175,-63.7725,47.5332,-33.3619,85.4398,52.6984,115.8156,-34.1942,24.3799
24.9306,47.1562,16.4734,63.8095,67.6165,1.4520,-27.3722,-16.7286,102.7019,3.5659,49.5525,-41.3425,42.2803,-43.2412,181.3659,17.7408,137.4570,-69.3119,40.0301
81.5689,37.3630,9.7124,22.8865,68.1356,-19.7209,34.4379,-56.7863,109.7065,-63.3459,74.5323,-5.1758,18.1729,-68.2826,168.5288,-43.1477,182.6489,-110.0253,67.6489
103.5535,26.8834,6.4891,-13.7792,71.5456,-48.4260,63.8294,-73.5618,125.7544,-137.4973,130.4041,23.7110,33.4654,-56.4482,114.7594,-36.8485,226.2496,-116.9639,104.3130
125.9054,14.7558,27.0988,-26.1367,91.1727,-58.1450,76.5070,-73.9539,152.2020,-148.9319,177.6238,57.1697,82.3748,-14.3529,127.4386,-2.4753,241.5762,-96.2443,129.0023
177.8750,15.6311,78.1967,-42.1115,110.3451,-49.2456,94.0431,-98.5089,158.2491,-117.0252,207.6024,85.7426,106.8278,8.9861,184.7847,-2.0069,237.0538,-90.7536,131.6262
213.9053,18.0389,141.8145,-56.4498,124.7241,-58.0409,120.4618,-107.6703,188.8633,-54.8380,225.4209,82.5970,111.4105,-2.3719,236.0003,-18.2805,229.2660,-83.7353,145.6260
211.9477,0.7409,173.7035,-37.2724,141.8398,-67.8872,177.0284,-46.6129,288.6861,38.0437,218.7500,44.2061,139.1471,-34.7799,297.2196,-3.7242,212.4131,-47.5248,186.1778
218.8481,-9.5792,165.0604,-0.7059,165.6286,-44.9697,256.7304,36.0451,370.7105,102.2016,199.3544,7.1011,181.0975,-57.4969,344.9091,42.3916,198.1355,-16.9964,228.7391
242.2659,15.9536,164.4746,15.2320,195.9338,-18.6513,304.3899,72.3788,339.1753,77.5156,212.3161,12.3707,217.3208,-41.3957,319.6516,57.4096,218.8280,-17.1312,282.8418
241.6940,48.0337,190.9316,9.1982,222.6227,-17.8223,318.6237,80.5032,280.1182,22.2769,253.9416,43.5352,258.4709,-5.2044,272.1419,10.9867,265.3032,-27.1359,361.3639
245.4326,58.6775,201.2352,-2.2504,228.1135,-16.3994,349.8326,89.8636,337.2756,36.1934,264.9159,57.6714,280.7620,14.6611,298.0691,-24.9915,302.7529,-41.4660,404.2181
296.9341,64.5765,177.8488,-8.7101,207.1282,4.1730,380.6415,86.4720,477.7307,94.3311,235.8954,67.1444,246.9554,24.0157,361.6265,0.0855,332.8321,-56.8753,381.7368
331.0525,62.9363,158.4596,-6.3091,177.8491,25.8067,367.1780,76.6773,566.2899,105.8592,223.8798,90.1343,207.4164,31.4754,370.5368,31.4896,356.1770,-45.5680,367.7806
295.5224,22.4234,166.1704,-10.6924,172.3979,26.7191,346.4582,84.2259,577.6530,88.2353,252.0259,83.7766,231.9292,20.6908,346.3831,39.7864,336.7903,-14.6957,386.3181
269.0955,-33.6352,185.9605,-32.2325,206.5147,5.9608,358.3373,97.0314,574.4897,120.6002,283.9792,34.2758,281.8940,4.5109,359.0861,64.4277,285.4254,-2.8108,372.5539
297.7278,-40.5054,203.6168,-38.3923,256.6296,-2.2520,367.6504,104.2644,561.4260,181.2219,295.6039,1.3712,291.0645,10.7486,379.1073,92.8833,277.3687,-0.8755,342.8276
307.4960,-2.1538,220.8357,-6.2949,288.5060,29.8832,351.2235,122.4584,491.5561,184.9758,298.7658,10.6262,278.8840,25.4397,338.1192,81.0294,322.1762,25.3115,368.2839
268.7790,16.2549,236.2845,26.4011,295.3250,66.1551,334.8249,141.3449,380.2972,124.5770,296.3069,30.0603,275.2596,29.9944,272.0564,54.3879,342.4630,64.9444,406.4039
227.5777,1.0031,234.1384,29.5391,277.7725,68.4811,319.6488,129.4908,311.5115,57.4955,263.7191,40.5694,255.1804,30.6560,261.0138,46.3591,317.9406,87.2158,377.3969
190.2673,-7.5353,204.1378,29.2917,230.0208,66.6396,281.9256,94.9778,312.2081,17.8697,193.5923,32.4638,210.5122,21.6664,273.4526,32.9503,310.4288,85.9803,309.5310
163.2234,2.8146,166.6201,44.0413,177.6679,85.0645,230.4441,66.9175,307.5245,21.8000,133.4507,6.5942,174.6523,2.4008,229.8925,8.4752,334.9597,66.8561,257.1561
183.7445,24.1712,150.7001,55.5966,159.8963,97.4409,193.6517,48.8863,249.6136,83.2417,136.8221,2.7330,159.8337,-1.6320,164.8263,13.7723,344.6850,33.7455,213.5422
216.9771,62.6573,153.0155,60.7160,162.5546,94.4483,174.1742,33.8233,189.2401,155.2721,184.9552,37.2977,144.2116,11.3034,151.0027,55.4215,332.7072,-4.0772,171.5323
207.8620,97.5823,155.9144,73.4644,151.3048,88.9952,149.3361,21.3339,160.6082,135.7826,211.8545,73.1391,109.2673,26.2427,155.4736,77.8775,324.4882,-31.8066,137.0425
207.2136,95.5425,165.9477,86.7549,140.3835,77.2143,109.2623,11.2760,125.0889,15.6489,200.5069,101.0928,64.6483,54.4281,125.8286,36.8521,309.8266,-41.3453,94.5227
256.6686,86.5150,190.3103,88.2831,145.7109,68.8797,78.2575,7.2189,73.2481,-61.2902,193.2242,131.5916,43.2513,82.9589,80.4398,-32.0711,281.3769,-41.6726,43.6146
282.8962,113.4398,208.2506,87.4820,136.0135,83.9817,73.7753,5.5466,37.8446,-5.1759,207.4050,129.9111,53.0962,70.6605,24.9761,-55.6633,268.3709,-42.7095,7.0558
254.1167,138.8728,198.6863,91.6670,97.9638,101.0600,66.7557,-11.5768,4.0752,57.1240,205.1308,84.6083,58.5945,41.4632,-47.5125,-26.2007,266.6025,-37.2967,-16.1775
246.6173,108.9718,169.1997,82.1018,67.7817,85.2913,28.9291,-36.7449,-53.2813,-2.4354,162.7737,41.7239,43.6811,41.4119,-80.4427,8.8465,225.4290,-24.8363,-37.6720
272.5559,37.0574,145.5487,40.3933,60.2585,40.5395,-17.4553,-33.8897,-84.8440,-81.8271,111.5862,7.7224,31.2379,34.3878,-40.7570,38.2338,137.8262,-18.2415,-48.2502
247.6408,-34.1989,134.8403,-9.2579,49.4216,0.4520,-29.4947,-2.0494,-39.5750,-50.8821,78.8043,-35.9582,29.0597,-6.1393,12.8343,68.4640,55.2027,-4.0740,-36.1044
153.3159,-67.6674,106.3273,-18.5890,29.3406,0.4777,13.4150,25.7661,30.5228,14.2129,49.0849,-55.2627,37.2486,-19.0582,37.4367,69.1063,5.0568,39.0750,-0.6926
59.2453,-47.2389,42.5419,11.1966,25.7240,34.6533,84.2289,47.0130,36.6881,19.5261,20.5158,-46.0147,70.1232,10.4166,38.4206,34.5910,-35.4029,83.4692,43.5338
0.2035,-18.9950,-12.8227,29.3365,43.3352,49.2297,113.0114,74.1820,-13.3250,22.7459,16.5844,-74.1397,104.0962,12.5908,14.2708,17.0836,-88.7183,94.2872,63.7623
-47.4578,-32.6900,-28.0194,25.0575,39.6263,33.9075,73.7950,86.6026,-38.7702,40.2072,13.6930,-136.5622,93.2379,-19.0776,-8.6040,32.9272,-137.3308,88.8888,45.4267
-96.7850,-52.1135,-51.4144,29.2580,-24.3880,37.5109,28.7371,64.4883,-31.0143,-18.2364,-29.1809,-152.1263,56.4221,-28.4550,-0.9292,33.0894,-144.5707,84.4153,7.4586
-146.7909,-40.5968,-113.5883,27.5575,-113.0130,53.5754,7.6005,22.0067,-63.9706,-129.7569,-76.1095,-117.6598,32.1551,-21.9114,-15.9182,-4.6984,-128.0078,62.5313,-48.2228
-209.9850,-35.5468,-159.6041,-6.8689,-155.0864,36.3060,-43.7532,-18.5279,-143.4565,-172.3787,-89.7295,-101.1597,-7.0306,-34.9861,-84.8584,-42.3533,-163.0894,26.2515,-131.8161
-269.0363,-43.7242,-167.8996,-29.6089,-162.0178,12.0134,-128.4478,-37.5265,-197.3604,-149.1874,-130.0821,-117.3142,-86.1567,-50.8467,-136.9791,-55.7612,-259.9646,2.0717,-219.0525
-270.6928,-34.4557,-195.8910,-10.1483,-210.7623,13.7229,-195.1319,-36.5601,-238.4337,-148.2819,-226.6774,-142.7474,-172.7349,-55.7039,-172.2863,-75.9537,-329.7854,-19.1760,-298.3507
-233.4917,-53.3902,-255.6745,-17.6797,-305.2862,-4.7865,-274.1006,-64.8432,-341.9052,-174.2290,-288.6110,-180.2037,-248.5601,-80.6988,-283.4725,-121.1614,-342.6967,-65.8921,-394.1411
-259.9615,-146.0362,-301.2499,-99.2845,-374.8109,-74.3367,-394.8665,-136.8493,-466.1865,-187.1031,-273.9460,-227.9995,-316.7308,-141.1927,-434.1336,-144.3152,-389.0631,-132.5160,-475.1405
-376.1817,-249.2580,-334.2242,-196.7608,-398.4316,-162.4220,-461.7846,-164.7208,-513.0582,-181.2470,-263.4528,-261.7574,-349.6556,-209.0511,-502.5638,-118.3498,-511.4891,-194.9215,-471.3485
-487.4592,-313.0951,-380.7545,-261.8883,-415.7306,-245.3994,-432.5204,-106.9082,-510.1267,-158.5066,-295.7352,-279.9606,-341.8136,-250.0263,-502.4734,-97.3942,-618.8956,-246.0488,-413.0482
-535.3284,-366.3470,-420.1707,-306.0639,-448.0160,-305.0849,-427.8514,-69.5951,-526.0958,-128.8960,-335.0785,-305.3513,-350.9814,-250.7087,-496.1028,-105.0586,-630.1335,-284.4855,-391.8986
-556.3577,-394.1856,-434.7442,-319.2324,-484.6532,-312.9949,-486.2822,-115.8903,-510.6165,-116.0517,-382.0818,-326.2070,-406.0945,-221.1525,-445.4323,-91.6409,-577.8934,-294.4398,-401.4808
-574.6184,-350.7278,-437.9169,-284.2458,-494.7344,-283.5296,-477.8672,-156.1668,-403.0441,-117.9174,-430.9351,-292.7527,-452.5108,-180.0914,-345.2544,-71.8936,-529.1931,-266.3530,-377.3661
-561.9656,-271.8320,-420.5788,-231.9672,-443.5440,-246.9433,-370.9836,-136.4336,-282.9465,-125.7497,-429.8649,-201.4543,-435.5061,-136.3222,-292.1330,-114.8792,-497.3341,-223.6631,-331.2828
-506.5733,-214.8371,-377.5028,-185.0613,-356.4483,-195.0162,-285.2296,-111.4321,-263.0900,-144.9306,-402.9120,-123.1364,-376.5178,-96.7195,-316.2636,-178.2345,-471.0728,-192.6548,-309.3965
-461.4309,-176.0260,-351.6129,-137.0095,-311.8594,-138.1417,-256.9838,-98.7355,-324.1334,-149.4998,-429.9435,-94.5658,-335.9633,-75.4767,-343.5776,-167.1567,-466.2405,-163.6377,-305.5784
-495.5798,-145.2787,-358.1754,-112.1927,-325.2685,-119.6201,-231.9606,-81.6083,-362.8322,-122.2894,-480.6144,-62.1689,-326.8775,-71.6296,-341.3150,-104.3778,-484.4635,-129.2969,-301.9425
-566.3119,-132.8851,-346.9931,-128.7764,-337.1556,-135.0814,-225.2825,-92.2822,-345.4283,-120.0956,-477.1566,0.9910,-308.1985,-62.9550,-343.6659,-62.0040,-468.6705,-120.9121,-306.0856
-522.6578,-137.9614,-298.1469,-145.1801,-325.1558,-146.6450,-262.4049,-125.2861,-311.5471,-154.6189,-448.8806,41.1953,-267.6918,-44.2192,-356.1321,-44.4032,-386.6047,-154.9337,-312.9488
-328.5374,-151.7246,-252.3869,-143.6651,-308.5485,-152.9941,-281.7909,-119.1781,-251.6269,-120.7737,-434.0786,47.2180,-239.8562,-44.2077,-339.1212,-39.4144,-297.1286,-199.3831,-303.1889
-141.6202,-156.0720,-220.3703,-160.0739,-275.2798,-167.1121,-244.9652,-96.4690,-119.1461,6.8568,-381.9212,73.3486,-231.1784,-80.6431,-274.4037,-46.0358,-246.5054,-218.0270,-276.2101
-75.6332,-134.8243,-168.0327,-176.0979,-216.2281,-175.6923,-195.3162,-121.1250,29.3590,95.7434,-285.6330,111.1963,-213.1851,-119.0659,-193.0573,-41.8780,-201.8879,-188.1510,-234.3729
-72.9893,-113.2110,-99.6363,-133.5954,-161.5928,-151.6707,-148.1102,-154.0656,70.7663,90.0232,-224.1089,110.9582,-176.8327,-112.4784,-133.3061,-21.2164,-153.0676,-99.5226,-173.8989
-61.3341,-110.6835,-57.8232,-56.6783,-116.4132,-84.6719,-88.8281,-144.1299,-6.0928,81.6343,-216.8533,106.4818,-130.2181,-68.6093,-109.9495,-6.9761,-129.7112,10.5704,-124.6232
-36.8595,-87.6033,-44.0319,-5.1826,-61.2655,-9.1097,-67.9590,-134.3952,-112.3235,85.2208,-209.2280,146.6693,-90.8480,-30.2184,-124.8090,-3.8593,-103.4943,80.3368,-130.8716
-12.4293,-35.3654,-26.3269,29.1702,-29.7899,26.7437,-128.1372,-148.6878,-200.6133,10.7516,-178.5113,182.3390,-87.4620,-6.8186,-150.4010,-11.9187,-47.8946,99.6455,-172.2611
-18.8002,-13.5374,-18.1548,56.1718,-62.6888,31.1976,-191.9884,-150.8864,-260.8390,-123.9553,-134.6890,174.6766,-101.0569,18.3070,-129.4477,-37.9034,-25.6016,98.0011,-181.9946
-63.0873,-27.0419,-50.2666,44.0173,-106.5658,41.5193,-167.8217,-152.7438,-270.0984,-204.8106,-89.1545,184.2999,-71.5006,41.0522,-63.0105,-63.2454,-55.2271,93.2842,-148.0014
-65.6828,-15.6820,-69.5066,20.9515,-76.5386,56.0391,-85.9863,-184.7645,-238.3630,-214.0529,-70.6767,232.1204,-9.6164,45.3715,-25.5534,-75.3642,-41.2996,101.4424,-108.6457
19.1521,21.9491,3.4886,53.9226,26.1627,64.0761,-16.2651,-207.4981,-195.2105,-209.8688,-83.7639,240.1745,34.1419,30.3925,-27.8999,-90.6738,53.2352,129.8126,-59.9302
103.9281,36.2151,125.9766,105.3633,145.7720,68.5959,46.5299,-180.0014,-126.2326,-198.6709,-74.5684,187.2940,91.8204,9.9220,4.5949,-102.6194,151.1844,152.2922,31.8256
122.6430,15.6872,198.0867,91.1265,251.3615,59.1245,122.3410,-124.5282,-28.6037,-174.6789,-11.9551,141.3414,196.2376,4.4085,84.9815,-96.3312,208.3527,151.2782,147.0553
133.7609,-20.5542,230.8982,40.2733,327.4298,46.4284,188.5594,-72.8796,47.9634,-165.3604,65.9191,113.3259,282.4562,12.7607,160.5005,-88.2750,239.7944,142.7336,237.0049
178.3640,-56.8065,280.7812,23.0831,357.7993,57.4798,248.3206,-40.3285,96.0601,-160.7668,120.4706,61.3455,317.1665,0.3706,233.9032,-72.7470,244.4566,128.9562,295.2271
205.8133,-82.7163,309.7647,14.2509,355.5792,55.3495,334.7226,-32.0460,163.4496,-127.3214,151.9973,13.6698,354.6109,-34.1199,326.8507,-28.4435,233.5756,94.5936,340.2852
188.5844,-99.6908,279.8897,-22.2608,359.6644,5.4412,419.2298,-22.4362,240.0113,-76.1223,176.0219,21.7189,399.2954,-35.8820,393.6877,12.3488,248.7139,48.1203,377.2365
177.4860,-103.2907,255.4766,-38.7012,388.3864,-23.7217,441.7093,12.0008,276.0087,-14.2465,212.9633,55.5975,412.1829,3.7951,397.8965,24.5783,299.8814,16.5141,412.2807
224.1575,-75.7907,282.7934,-2.5520,426.0412,14.5241,424.5890,42.1922,297.4655,60.1216,273.0992,70.8684,419.8714,25.8562,382.7015,33.7952,364.4338,19.1620,454.9270
313.7983,-32.1296,326.8359,39.1622,454.1838,53.8543,435.1118,33.8492,359.1151,81.5410,338.5517,78.0626,449.3468,17.2696,399.3543,27.7301,419.8733,45.3775,496.7410
388.3097,-13.0302,374.4295,46.9204,479.4939,54.4636,477.4424,2.4749,438.5659,24.2735,390.1825,73.8534,468.3760,14.1446,450.1286,-10.3916,445.5267,42.4582,524.3218
422.8074,-22.1435,429.8099,30.8745,517.6954,48.1080,520.1870,-20.8888,503.6783,7.7116,427.5453,28.7412,474.7592,8.0969,512.9185,-17.8670,456.8376,-18.9830,531.1855
443.4861,-37.0674,448.8516,10.6306,544.5461,38.7342,545.6786,-27.9401,584.9394,83.8133,448.8974,-30.2583,488.6004,-18.2604,560.7918,22.7183,502.3117,-84.3419,505.1542
468.0056,-48.1867,422.0985,4.1352,507.9548,23.2270,519.6686,-28.5199,669.5409,124.0336,456.9726,-47.9282,474.2625,-30.6619,571.3058,35.2979,570.8343,-97.6827,447.8624
487.6320,-47.9212,415.1303,11.6891,420.7654,18.9378,428.0120,-42.0354,659.7426,76.1525,468.2027,-37.0694,416.7061,-16.1566,539.3606,22.1268,598.9565,-83.4655,390.8653
499.4596,-38.1813,441.8439,-0.8276,369.6962,1.4380,338.6974,-78.1685,536.6490,26.2604,474.9564,-45.7307,376.9284,-13.8314,473.3548,33.3342,583.0870,-79.1801,354.8204
494.4363,-38.4372,444.4911,-37.9549,387.5879,-41.3855,310.5540,-115.6091,406.7604,-20.2102,443.4243,-75.8385,375.1137,-31.5093,398.3425,10.1175,551.8361,-74.7691,331.8416
446.1621,-47.5089,412.7448,-47.5337,404.7841,-50.6232,302.3775,-120.9686,323.1674,-77.6188,372.5674,-104.2091,352.9731,-39.1122,352.5214,-77.7838,478.5430,-55.8180,316.3167
362.0924,-47.7035,374.6752,-18.1237,367.4244,-16.0052,262.9307,-92.2964,246.8839,-57.0792,302.0932,-125.1456,291.0956,-33.9281,336.2747,-126.2466,360.9992,-34.6612,298.4070
294.5268,-43.4971,327.6189,-2.5455,308.2595,-2.5308,208.6881,-72.6346,188.1033,13.4996,259.1297,-141.7395,240.2121,-37.2147,294.3601,-111.3984,280.2294,-33.1938,256.3058
272.0278,-46.7930,284.9793,-15.9789,269.9256,-18.1047,168.7531,-97.9998,184.5872,-26.3963,240.8851,-165.1652,232.9592,-63.0447,201.3326,-122.6210,272.3468,-56.2111,210.1448
274.4660,-63.8850,280.3471,-31.1631,243.4345,-31.0430,153.5167,-133.8969,197.7329,-127.3437,234.8452,-206.4619,239.8705,-108.0171,117.0272,-140.7073,278.6765,-76.7858,206.2450
279.6818,-92.0050,285.3065,-48.9443,202.4606,-50.5300,156.7032,-125.8317,188.0629,-101.8320,221.1491,-231.7583,208.3597,-136.8755,90.7891,-99.7681,268.1874,-78.3134,207.5015
284.6609,-82.6403,250.2432,-60.0924,150.6777,-61.8409,136.0258,-103.7030,170.7023,1.0623,177.1486,-187.5859,132.2685,-116.2497,67.5881,-73.4815,260.9076,-85.0581,129.3540
278.0902,1.0517,197.6857,-23.3169,118.7949,-28.8479,68.6927,-130.3350,130.3617,13.4799,108.4282,-103.1873,67.0075,-74.2923,-17.4271,-133.3533,236.1091,-98.2740,-0.7472
232.6303,77.7544,159.8678,33.5271,105.9990,5.6992,1.7447,-177.6824,57.2982,-46.0283,50.4930,-72.6849,38.1028,-60.2496,-107.1086,-198.5936,155.7585,-89.0022,-80.2761
140.8027,53.5160,99.3654,21.5008,53.1076,-16.8448,-41.4061,-178.9548,18.8482,-81.0469,6.7349,-111.0483,-12.2767,-69.8105,-109.5023,-185.5085,40.8257,-82.5186,-107.3011
22.6385,-21.4450,-16.5228,-55.9019,-65.1573,-66.1259,-104.1334,-144.5734,13.2751,-83.4239,-76.1380,-143.0508,-118.4341,-75.0078,-69.4009,-124.4504,-70.4179,-111.3843,-158.0058
-109.0654,-57.8751,-150.2822,-101.8120,-180.4015,-87.3948,-198.6424,-122.4211,-78.6361,-83.6732,-213.6442,-140.3183,-218.0062,-73.0287,-110.8053,-83.4976,-170.3561,-124.1984,-244.8557
-243.0631,-61.4001,-259.2913,-81.5548,-253.6984,-69.9206,-307.0859,-119.2076,-263.0468,-124.2535,-335.5056,-141.2730,-272.0881,-66.1873,-252.3348,-94.5819,-252.3516,-88.8191,-335.5190
-352.1082,-62.1306,-353.3066,-49.1411,-347.3119,-32.7662,-443.4944,-110.8143,-402.5565,-205.2073,-412.9185,-150.9596,-349.8067,-51.8648,-409.1577,-126.3604,-319.5270,-65.9077,-422.8880
-431.8844,-65.5160,-458.7994,-43.7570,-475.2715,-20.0332,-576.6578,-68.9429,-452.9235,-216.5073,-506.9513,-141.0173,-491.9934,-36.2117,-514.9766,-112.7548,-401.3094,-80.6433,-484.1002
-497.9465,-77.7687,-561.3628,-57.4310,-548.2068,-52.8702,-622.8896,-0.2620,-472.6443,-118.4316,-606.6346,-106.8953,-607.8454,-22.2994,-545.4317,-57.6013,-483.5673,-95.9651,-488.2538
-521.9623,-67.1679,-608.1567,-68.1144,-543.4144,-76.6649,-597.1569,28.3117,-474.4270,-63.7064,-615.0163,-41.9017,-618.4952,-3.9170,-514.6766,-36.5748,-495.5767,-116.0728,-476.2708
-473.5474,10.0568,-579.6339,-46.9697,-536.3716,-42.4218,-589.0699,-15.8221,-480.7572,-142.6954,-561.0720,62.5826,-586.3618,27.1109,-511.4590,-70.6803,-423.7655,-142.2125,-508.4904
-405.0097,115.7841,-531.8389,21.8278,-553.8383,19.7832,-617.5488,-66.3179,-569.7875,-245.6669,-582.5201,155.1183,-601.2406,76.5781,-628.1460,-117.1433,-341.5942,-130.5674,-564.5911
-388.0131,179.0452,-535.1136,93.5744,-588.7755,62.4128,-681.1436,-79.9053,-732.7970,-274.5861,-686.5352,168.6519,-664.9377,112.5137,-818.1165,-158.7327,-318.7505,-106.7827,-610.4919
-443.7803,173.3098,-600.9812,87.1836,-685.1691,57.5378,-808.7801,-98.7352,-859.7726,-234.2035,-778.7983,110.1367,-762.2819,65.1353,-934.9331,-191.4111,-396.6479,-140.6619,-687.8882
-575.5054,95.0949,-694.1827,-3.2523,-840.2369,-6.7302,-953.3892,-133.5918,-903.6069,-157.6387,-856.5885,21.9163,-897.4767,-60.2780,-937.7569,-199.5186,-585.0859,-192.7337,-832.1775
-732.1924,-1.3589,-779.9798,-79.8363,-961.8212,-79.3153,-1032.5865,-148.6485,-921.8086,-114.3917,-950.5956,-67.9496,-1021.1035,-147.5770,-947.7852,-203.3847,-804.2419,-186.9138,-985.7428
-809.9181,-17.7582,-847.6409,-79.9785,-1025.0454,-87.6416,-1067.6046,-150.7282,-980.9868,-142.7649,-1024.0808,-119.0056,-1073.9639,-139.5962,-1056.1550,-229.5752,-945.7330,-154.7386,-1070.6736
-826.9546,23.7800,-913.3718,-61.1779,-1089.1656,-55.2970,-1098.4591,-145.2496,-1082.9995,-158.7341,-1075.5876,-115.9707,-1086.6450,-120.2279,-1184.4673,-242.9720,-1007.6409,-142.6036,-1080.2805
-906.2448,24.1742,-987.5319,-71.0747,-1143.9641,-47.8631,-1091.9253,-102.9145,-1164.1566,-113.9426,-1151.9703,-110.7414,-1110.8475,-143.2804,-1227.1892,-216.3873,-1044.3555,-114.4716,-1062.5688
-1021.7125,20.8948,-1044.6298,-56.8751,-1141.3999,-46.1001,-1058.2153,-59.5174,-1187.2030,-105.4381,-1220.7758,-133.6808,-1136.9968,-144.2839,-1225.8685,-200.1972,-1059.2078,-46.5228,-1057.7021
-1054.1274,75.2006,-1066.9664,1.5713,-1123.1655,-7.7807,-1067.3225,-78.9174,-1201.8419,-179.2326,-1224.9464,-161.8486,-1157.5933,-98.1218,-1266.6897,-224.3015,-1061.6923,21.8250,-1063.3851
-1051.1523,83.6466,-1078.3176,22.2716,-1142.4767,29.1255,-1120.8718,-111.4848,-1236.6841,-235.1151,-1211.3114,-208.4666,-1186.8000,-86.1039,-1315.0559,-233.5047,-1094.1897,58.4245,-1049.1780
-1111.7043,-16.3167,-1091.0055,-30.7502,-1163.2993,6.6116,-1167.7357,-80.0331,-1218.7914,-191.9961,-1239.6915,-287.4299,-1201.4006,-140.2816,-1293.6761,-198.7098,-1140.7672,55.8188,-1003.4442
-1172.8600,-107.7234,-1085.7352,-95.8124,-1149.3688,-67.8063,-1173.8885,-22.4332,-1084.0657,-63.7000,-1266.3110,-335.5239,-1179.1362,-187.1430,-1201.1671,-168.9818,-1160.1029,8.5523,-955.6350
-1163.4377,-133.8301,-1066.4059,-144.1095,-1123.3014,-140.9069,-1110.8334,8.8968,-866.2749,103.2144,-1224.5034,-321.9174,-1141.1934,-189.8430,-1058.5624,-158.4865,-1169.9065,-58.6657,-940.1048
-1122.7197,-158.2015,-1053.3247,-190.5372,-1087.7787,-172.1017,-998.4408,32.8312,-659.4622,245.2640,-1119.7534,-302.8700,-1086.9076,-193.1557,-889.6615,-124.4525,-1169.1366,-89.1507,-946.6710
-1052.2455,-169.4300,-1021.9532,-204.0973,-1017.9142,-164.4910,-915.1307,38.1086,-571.1949,282.4076,-999.4794,-283.7147,-993.9659,-205.8652,-771.6713,-88.7604,-1104.4911,-64.9941,-925.4736
-918.4293,-126.9777,-933.6052,-164.8648,-928.2758,-145.5540,-867.6558,-10.1612,-624.9318,175.2268,-888.0424,-224.6841,-887.3954,-183.6000,-732.0402,-113.5235,-984.5433,-32.1303,-842.4927
-777.1161,-88.5772,-809.6661,-127.7594,-838.4514,-123.2217,-785.3071,-56.7295,-677.7661,13.4414,-763.7007,-169.4503,-791.9437,-133.4110,-665.0396,-151.0140,-870.5090,-23.4138,-714.7035
-685.9315,-88.9069,-700.1600,-117.0912,-719.0054,-89.4405,-665.2081,-30.7758,-594.4265,-17.5562,-609.7181,-159.9766,-677.3289,-101.2278,-519.8640,-108.7444,-768.4508,-15.5664,-583.2604
-614.8655,-72.7892,-609.0780,-83.2212,-559.4224,-50.1869,-555.2153,32.9865,-445.4930,106.9500,-475.1866,-141.8208,-536.8237,-74.5806,-411.4430,-23.5999,-661.7347,4.7349,-473.2171
-548.6930,-27.5933,-513.3873,-23.9465,-426.4296,-19.3565,-460.9238,75.0756,-354.9138,170.9059,-410.2097,-101.6486,-423.1580,-21.3296,-393.2089,30.1444,-568.6954,11.1808,-393.4064
-513.9432,-2.4293,-428.4320,-0.1962,-379.2958,-6.0197,-393.7612,94.9353,-302.0637,90.2395,-372.9315,-91.6467,-364.0875,28.9437,-344.3398,94.7889,-498.2004,3.1865,-344.4120
-491.8579,-2.9155,-390.4693,-14.1934,-377.9048,-10.1848,-371.5115,95.6977,-233.5978,64.0034,-305.6587,-75.1539,-327.9107,52.1979,-211.3591,191.4135,-447.4937,9.1167,-313.1481
-447.6828,12.7934,-379.7747,-11.4928,-340.6624,-10.5634,-343.4556,75.1804,-177.6181,160.7834,-235.8771,1.6258,-278.0449,86.7173,-117.4200,216.6542,-428.4308,23.4260,-286.5792
-396.9207,58.9235,-336.7849,13.4595,-261.4270,10.5665,-274.7636,65.8108,-149.5917,207.8167,-199.9532,54.1319,-217.6073,135.4521,-130.0415,155.5034,-421.4223,27.8606,-264.7313
-358.3306,89.1795,-265.0817,24.1042,-207.2962,29.5857,-228.9780,86.6473,-122.9686,187.8452,-170.5630,5.8097,-184.0783,136.1137,-150.8297,150.4937,-385.7359,32.9760,-245.1476
-315.3158,60.5526,-229.3199,19.5819,-214.0263,24.6164,-236.9752,115.1030,-99.1610,227.7971,-136.9601,-61.9842,-194.9181,88.1246,-108.5474,232.7548,-330.9407,45.1268,-217.8554
-261.1391,30.0038,-239.8461,33.3547,-241.4020,25.7267,-228.4479,144.8548,-81.6401,271.7621,-134.7465,-62.3923,-213.1054,69.5748,-57.1635,266.5688,-282.9577,62.6625,-182.4330
-220.4401,87.4912,-236.7857,83.7265,-236.5122,63.6133,-172.2765,182.4419,-53.9089,231.1498,-151.4516,-17.6417,-200.7158,104.0221,-35.4725,218.4962,-229.0788,92.9852,-149.8113
-198.8665,193.5714,-192.3638,154.8389,-187.9481,121.5014,-127.4932,205.9250,-34.9572,205.1997,-116.4511,38.5322,-158.0793,145.2912,-4.1847,193.6876,-159.5488,116.4799,-127.2789
-158.2130,238.6854,-132.7760,207.4465,-106.5671,172.9917,-123.1866,207.9442,-44.2046,248.0429,-7.1032,96.9012,-89.0667,177.5326,51.8560,213.3987,-87.2220,118.6072,-104.4589
-85.2495,218.9561,-72.4473,213.9061,-6.3254,207.6272,-110.5733,215.5394,-29.3318,267.8281,117.1217,129.3742,-3.7359,214.1404,102.7555,214.6456,-18.8349,149.4843,-49.7890
-27.3945,194.1251,-8.4280,191.3302,84.6895,216.0681,-42.2067,226.0468,55.2384,245.4707,196.7773,126.7909,66.7815,239.6703,155.5234,208.9749,39.3872,221.9008,52.6689
3.5728,173.1790,55.6556,178.6747,144.5794,202.3966,62.2182,210.9472,156.4270,224.4125,240.8620,117.7741,123.6557,235.3470,240.4186,235.3419,95.2745,256.0749,163.7442
74.3115,160.4551,129.3479,189.8010,195.3881,196.6646,142.9691,178.9852,208.9514,186.0576,301.9507,114.3419,195.1529,219.0162,342.1385,252.5027,191.0961,242.2187,242.1499
208.5516,184.3687,227.7824,214.8073,277.6096,221.1253,188.2054,158.0471,245.1427,138.1173,399.5868,114.2493,264.6668,220.8000,431.2017,225.2483,332.1046,260.4893,310.9723
342.9658,228.0504,333.4989,241.9104,392.7658,258.3242,255.0260,150.9656,333.3057,126.9184,494.8186,131.3383,314.2828,246.7191,510.7059,202.5001,451.9705,296.9947,401.1308
448.3055,246.4054,420.9199,258.0753,511.6790,273.7416,376.5232,147.3892,459.2842,134.0020,560.5153,161.9697,389.5435,268.4952,581.1265,217.8408,519.8807,284.2568,487.7939
555.6380,242.1417,502.7822,261.7244,618.0699,265.6974,504.5116,135.0024,545.4199,134.9741,638.9890,171.6618,515.3729,250.3599,627.7084,230.8958,589.7374,260.2483,547.2069
665.1072,254.0401,600.5448,274.7667,708.2496,264.4157,580.6716,107.4365,564.7503,138.4161,778.5366,149.1964,647.6281,200.6568,658.2837,214.6279,710.4625,270.7230,600.0522
759.0906,298.0202,702.1065,301.8080,779.7458,270.5766,616.2506,82.6168,567.7319,109.2575,941.2679,125.2346,755.4164,158.8446,692.4365,190.7740,867.0522,271.4899,662.0549
854.8138,339.8741,789.0699,303.1869,837.8051,247.6243,665.2848,75.3664,603.0751,39.4091,1036.0479,122.6841,830.8544,126.9078,734.4494,166.9919,1002.4589,246.0757,729.7744
953.2962,328.0629,858.2406,256.1010,883.9610,197.6870,744.3813,72.8778,676.1255,4.9278,1036.5148,123.7738,856.0272,87.5544,795.7487,132.6295,1070.8379,223.2915,811.1893
1017.0857,270.4477,905.3212,201.7127,917.7349,168.7520,817.1448,67.9241,766.5532,8.0384,1015.8779,102.9936,863.1013,65.6963,889.4352,100.4036,1098.4520,191.0844,901.6313
1052.9172,231.9940,948.0380,188.9837,971.0881,171.6832,860.3021,57.0402,838.0912,-32.6095,1059.3188,71.3623,923.0325,81.6566,988.1304,86.1936,1155.8795,157.1890,970.7288
1127.3722,235.0724,1034.5339,211.3102,1077.4397,174.9260,900.7166,23.8060,874.4914,-91.3945,1173.4678,53.9318,1029.8182,101.3347,1056.4629,87.0901,1240.1467,167.7250,1014.8282
1246.7487,237.8320,1155.6700,221.6404,1193.2417,168.1252,965.6846,-4.6230,915.7401,-77.5476,1290.6129,43.5447,1119.3038,103.2504,1111.4431,101.3220,1272.6462,189.4103,1060.3369
1307.1339,212.7903,1223.9384,188.4396,1246.6672,157.5977,1043.0900,27.5360,986.4623,-6.0245,1348.7405,22.0201,1171.1810,104.6384,1182.3337,112.2070,1235.5897,158.7513,1108.1788
1251.8473,175.4959,1218.3538,135.1434,1253.6096,140.2482,1106.3656,88.9913,1031.1677,60.8224,1350.4252,-9.9769,1191.1128,97.7253,1245.3923,84.5857,1200.5286,115.1609,1135.1332
1193.7820,150.8749,1222.7032,110.8187,1270.0167,122.9393,1144.0859,103.0158,1015.3474,108.3930,1336.7921,-53.7858,1178.6671,68.8054,1257.3923,39.5443,1210.4459,107.3031,1137.0790
1244.8804,141.0094,1254.0499,109.5422,1276.1730,111.3728,1169.6511,80.8951,1002.9091,115.6672,1327.2771,-99.1365,1160.7407,47.9110,1216.4680,43.8961,1229.4685,89.1118,1127.4351
1320.4833,119.1756,1236.2479,81.5444,1228.9270,86.5860,1199.1499,60.6474,1041.3477,56.6951,1307.9003,-103.3958,1159.5021,47.5059,1156.0422,79.2172,1214.5138,34.7651,1107.0443
1286.9032,81.3522,1172.3865,39.2291,1164.4476,48.9403,1209.2113,23.3611,1089.9514,-24.7414,1266.6079,-65.5711,1151.6990,37.6992,1117.2834,62.4019,1169.0917,0.2662,1067.2184
1181.4336,67.1423,1139.8094,40.3585,1151.3179,33.7249,1180.0907,-15.9107,1120.2544,-47.3925,1222.5542,-49.5116,1132.7686,23.6548,1128.4839,11.0215,1118.7678,9.4473,1028.1344
1118.2262,72.7113,1148.0881,64.2456,1198.3594,43.5313,1170.0813,-4.7614,1157.1321,7.0069,1214.1021,-64.6038,1141.7903,31.2688,1167.0391,14.6972,1089.3438,17.3391,1047.6498
1122.9727,45.9642,1171.0255,46.6809,1255.8046,41.1421,1230.1771,30.5627,1204.2489,71.6251,1246.0793,-53.8835,1184.0669,38.8146,1173.2874,65.6192,1111.9760,-1.2107,1142.6981
1163.8643,6.7107,1205.0121,8.2456,1263.2369,18.2587,1296.4812,40.3623,1231.6189,89.1245,1260.3376,-27.4477,1210.2635,27.1547,1138.1095,87.0206,1172.6552,-24.3071,1222.3717
1193.2069,8.0329,1198.4314,3.0498,1198.6364,-3.5216,1298.0355,51.8115,1215.5731,99.9918,1196.4646,-41.0503,1179.4369,16.6700,1102.1306,66.7894,1172.3295,-34.6968,1194.0278
1139.3696,6.3539,1101.5175,8.2928,1100.8289,-16.9794,1262.5161,88.4088,1143.7930,152.4051,1067.5370,-73.0859,1101.3455,3.7508,1054.0253,33.0401,1047.8938,-33.2527,1106.9366
982.9278,-40.7862,985.8727,-10.7186,1014.3818,-20.6273,1215.3521,119.1543,1029.9181,177.8875,936.8763,-78.3956,1023.5818,-21.7852,957.9376,-5.3911,889.7587,-12.0983,1063.6526
808.7804,-61.4794,923.5828,-20.3564,936.3231,-9.3904,1128.6199,127.8036,914.3069,114.9650,846.7257,-76.1391,967.8276,-21.7749,863.3679,-20.5410,813.2615,29.1898,1038.4972
716.9907,-16.1693,861.5513,6.8674,853.5342,3.1295,1002.5125,116.2338,797.8063,52.2554,786.1953,-80.9253,887.4987,12.2336,815.0286,17.8511,793.4445,51.6828,931.7284
714.7969,23.5252,758.6646,32.8109,768.3956,-0.0467,855.1232,91.0387,641.6387,62.9023,702.4835,-66.2054,744.7199,24.3145,727.3908,68.2640,740.7497,24.6518,749.0486
699.5912,24.6975,651.4058,18.5668,663.3171,-12.3915,692.3652,87.5997,473.1506,67.5513,570.0697,-34.7112,589.3196,6.0730,547.1534,67.4373,626.1938,-21.8504,581.7560
563.6710,15.7988,533.5179,-22.0188,516.9449,-26.9253,562.1453,108.8801,379.0105,24.7085,445.4250,-18.4030,477.9402,-0.7781,394.8942,31.0287,461.1490,-54.3020,461.4035
342.9583,-20.0725,379.0169,-51.6372,349.9974,-47.1110,499.1175,108.2626,365.7836,33.7127,366.0757,-25.2941,380.9473,-6.2613,351.7390,20.4351,271.1858,-78.0795,353.8853
162.1675,-89.1352,230.8138,-56.5594,191.2727,-60.6493,430.7626,101.4969,344.6548,132.0786,251.6138,-43.2981,247.5251,-28.7445,310.7264,48.7250,99.3077,-82.6203,237.9077
30.5799,-119.7431,112.9920,-51.7643,40.1537,-53.0686,295.5461,129.0661,262.5504,216.9341,49.1632,-52.5002,88.1216,-30.6433,188.7121,73.9056,-39.0924,-52.1191,108.2631
-125.8144,-76.9024,-15.7721,-43.1786,-98.8846,-37.4830,154.5968,135.4301,147.3983,230.0151,-142.2687,-36.7607,-58.4097,-3.4171,51.7481,62.2973,-163.8030,-21.5333,-31.8425
-290.9081,-24.4118,-160.3108,-19.4009,-209.6682,-28.2840,64.1303,96.0120,35.0368,233.1335,-258.1505,-14.0270,-176.0138,14.0560,-48.2159,36.7448,-287.5701,-11.3438,-145.1065
-416.7614,-19.4408,-285.5497,4.2490,-297.8901,-19.1907,-15.2457,110.2557,-65.7155,275.7128,-387.4916,-8.5496,-269.0840,30.1505,-143.9156,49.1462,-417.5526,12.2551,-203.4338
-522.0554,-46.5375,-381.7679,-3.6260,-375.4509,-12.4958,-126.4887,185.8042,-157.6168,316.7811,-559.1044,-5.8086,-351.3624,61.6728,-255.1064,94.4677,-549.4743,41.9009,-257.2488
-599.6134,-64.0700,-447.6692,-28.2191,-443.7810,-21.6384,-266.6256,188.1384,-259.3036,300.8771,-652.3794,8.4384,-439.7445,57.9535,-370.1250,103.6009,-649.0905,36.7869,-370.3059
-614.6962,-61.9506,-501.3582,-39.1107,-519.4064,-40.8425,-412.8525,104.9358,-386.8530,252.1042,-626.8464,16.6995,-538.9077,4.9634,-478.7301,61.3907,-711.4758,22.1117,-508.5654
-624.6276,-67.8383,-590.4160,-56.5442,-621.4404,-56.4904,-529.2604,64.9652,-506.7263,248.6566,-605.8137,8.9493,-639.2360,-17.7331,-569.7218,48.1873,-782.1503,24.9875,-593.7605
-699.6110,-93.3461,-705.7570,-96.7247,-735.2341,-67.5871,-600.9722,96.3078,-566.6048,300.1025,-681.2932,-3.1267,-732.1915,16.0934,-648.9569,103.0385,-868.6839,6.3559,-630.1672
-793.7169,-104.1917,-792.0201,-117.4556,-831.4757,-73.0253,-655.6543,121.8342,-580.2669,320.9982,-807.2782,-0.8506,-810.3008,34.8693,-725.1260,149.8699,-943.9963,-28.6333,-688.2787
-848.7247,-80.6560,-853.8992,-95.9448,-895.7493,-76.7333,-712.5741,114.2950,-604.0961,272.0654,-886.5214,30.9468,-857.7556,15.5543,-766.3881,130.7203,-1017.1677,-22.2124,-794.7892
-890.4478,-50.8199,-909.8519,-70.0162,-926.7394,-93.1822,-761.5334,94.2796,-633.7701,233.8962,-881.1747,69.2950,-871.5729,6.7713,-755.1636,95.6904,-1080.7714,-0.0521,-897.3853
-941.6226,-35.5203,-928.5112,-63.4861,-943.2212,-110.4827,-789.1007,79.0461,-624.9571,265.9958,-850.4755,73.6517,-881.5559,14.5958,-735.5573,93.1650,-1095.6837,-20.9972,-928.1022
-973.0942,-28.8026,-922.6443,-64.1003,-971.3182,-98.0730,-786.9151,83.7144,-608.2625,295.1820,-861.1426,66.2840,-903.0129,17.3970,-736.5693,94.7307,-1085.9352,-45.9601,-888.3569
-955.5632,-25.5084,-942.8472,-64.8480,-1001.6066,-67.4877,-779.3992,93.4248,-665.7949,238.3899,-877.2907,84.7457,-900.8991,37.8383,-753.6182,78.3012,-1083.0907,-22.5176,-857.8835
-892.0060,-14.1735,-959.4304,-53.0726,-1011.1137,-47.5443,-816.5498,70.9518,-784.7077,138.8918,-842.1637,92.1427,-864.0745,78.9636,-804.9598,63.1199,-1033.6128,14.9927,-887.4659
-825.2136,16.2762,-938.7478,-11.1853,-1013.5948,-22.1578,-871.1162,25.8952,-838.9504,82.5007,-804.6198,71.3280,-844.8959,86.1442,-872.1957,49.5909,-935.6563,27.6316,-923.3033
-810.2487,47.0320,-938.4322,32.8534,-1021.8039,16.7162,-853.8167,3.1514,-750.2747,69.1521,-825.9399,82.8825,-859.0766,53.4846,-869.8727,29.3149,-896.9189,24.4516,-902.8197
-849.6590,59.2790,-977.1439,35.5572,-1011.5647,24.2894,-779.6315,10.6275,-593.2552,60.2693,-861.6172,120.8937,-857.9309,40.8257,-785.9962,16.5094,-930.9394,11.0912,-850.3469
-892.9201,60.5206,-985.4337,16.1140,-975.1111,-7.9138,-744.9796,23.3287,-493.6822,70.0017,-850.5015,108.3707,-838.9219,50.8645,-711.2063,6.3360,-936.1138,-11.0999,-804.6613
-896.0185,47.6673,-943.9962,15.0733,-936.6305,-24.6498,-749.9480,29.7951,-484.1786,117.0182,-806.0650,65.3286,-842.0122,35.4067,-691.1031,-9.2710,-900.8990,-23.2496,-755.6337
-840.7833,14.1359,-890.2133,14.1127,-896.5867,-15.2144,-727.9004,32.9850,-523.8004,144.8592,-758.7384,60.7280,-845.6122,10.7148,-699.1135,10.6409,-878.9426,-15.8732,-702.6778
-741.6464,-13.5996,-826.3241,-17.7038,-833.5681,-23.8602,-674.8243,30.9894,-593.3668,83.6460,-709.2518,62.3980,-805.8681,20.3575,-708.7515,70.1861,-845.3365,5.1908,-658.7681
-652.6522,-21.8432,-745.8565,-56.9710,-745.6912,-47.4613,-610.3704,21.8307,-674.1347,-27.1594,-647.6712,19.4282,-733.5372,36.8133,-689.9944,86.2959,-771.1696,34.6264,-593.9227
-603.6078,-37.3449,-659.6750,-71.3148,-643.8622,-44.9357,-527.3049,12.1012,-697.0010,-70.6099,-561.9680,-34.3321,-637.6293,18.5797,-626.3775,43.6539,-690.4933,58.6293,-493.7657
-552.9572,-60.3607,-561.9923,-66.6268,-542.7037,-24.1000,-438.0923,2.2078,-618.7158,-23.2565,-454.3484,-55.9438,-510.0388,-12.4212,-545.6271,34.2049,-608.0663,59.9417,-415.5063
-460.8624,-59.1750,-458.1112,-55.4122,-456.0763,-22.8675,-351.9450,-10.6284,-481.3279,19.7615,-350.9083,-42.1133,-387.6334,-15.8164,-451.4697,71.7792,-503.5271,39.2753,-372.8178
-350.9736,-41.0799,-370.4101,-42.5947,-363.5969,-39.5572,-234.4411,-0.1545,-334.2986,22.6410,-263.0757,-8.4993,-298.3761,17.1336,-320.8763,84.2389,-404.8232,12.5874,-286.5640
-256.8161,-33.5441,-281.3546,-37.0900,-237.2001,-41.5194,-86.7738,52.2104,-194.1458,44.8533,-175.3998,6.0837,-202.6818,61.4697,-194.2571,76.6307,-324.9238,1.7313,-142.5789
-171.5270,-24.2916,-171.0259,-25.7846,-110.4095,-17.7187,28.0130,91.7872,-83.7419,69.9894,-83.8771,-15.4099,-83.7227,73.6268,-104.5705,84.3652,-222.2704,17.5770,-31.4367
-88.4624,0.3594,-70.7524,9.6399,-30.5437,5.0210,100.1611,73.2783,2.7627,20.6535,-1.6554,-35.2719,19.9100,51.2117,16.7975,71.3724,-101.9145,30.4339,24.8805
-30.5423,13.4362,4.1788,27.5049,25.4532,0.4478,198.2511,56.7699,119.5418,-50.8238,66.9208,-36.5207,104.5833,43.4151,191.3062,36.7051,-23.4219,0.0300,101.8988
4.6318,0.1284,80.4802,-14.4439,95.9477,-16.2511,343.3174,87.8079,260.7003,-26.6738,131.6867,-35.5155,194.2525,50.3818,314.9370,40.0588,17.6849,-53.0319,213.4031
61.9400,-6.8911,161.2226,-54.2120,169.3826,-19.0965,469.8498,109.2521,353.2916,61.7519,206.4385,-18.1854,275.6206,24.2314,365.4421,56.7392,87.8858,-72.6107,299.8988
144.8703,15.8230,232.4994,-25.0931,238.6324,-18.5447,546.1750,101.1212,408.3782,90.8060,292.5357,14.0742,340.2952,-14.6666,461.7923,23.6130,199.5776,-54.1828,353.6343
207.8655,39.7248,303.2075,18.1077,322.6150,-22.6954,623.7688,111.8844,500.3203,35.2549,374.5084,17.1932,416.2657,-29.3513,627.8754,-11.5412,303.6540,-31.0112,408.9610
270.5042,38.4926,383.2009,24.3659,415.2408,-1.6620,716.5175,122.1774,598.4092,-26.0122,448.9815,2.3199,516.1127,-67.7270,732.2142,14.3574,391.0755,-8.4737,463.6583
400.2074,45.2544,478.0377,47.9606,502.0576,46.6096,758.1329,94.5783,621.9684,-18.9631,531.3586,16.3891,623.6158,-137.8547,720.1816,53.6989,505.2634,15.1845,504.6150
563.4998,95.0640,589.9711,99.4044,587.8291,74.0863,740.7836,72.3513,605.0259,30.4249,621.4383,39.2547,708.9186,-151.9356,701.9062,56.1138,646.4464,20.0527,537.3126
670.2007,149.5428,684.7243,107.3163,655.9447,75.3839,736.4736,61.1942,613.3484,2.4878,708.4471,53.7562,738.1301,-131.1855,751.5980,53.4443,759.8557,15.6540,555.2896
735.7166,161.6897,735.3895,90.5914,686.2394,98.1095,737.6496,5.1609,602.0025,-128.9687,792.7791,107.5919,730.3799,-209.9926,782.8642,71.4644,828.6880,40.3812,554.9227
820.0364,159.3810,778.8690,125.8735,715.3864,136.9740,681.2698,-58.9559,532.0892,-215.0022,860.4335,198.6904,755.4300,-364.0001,720.3201,86.7780,882.9777,73.7987,569.0999
890.2306,170.1798,827.9444,169.6370,779.9787,134.8494,628.6324,-58.7184,501.3318,-176.1026,891.5085,254.8094,818.2902,-422.7152,663.5948,83.0343,922.9979,58.9013,625.4633
891.9761,156.1949,833.1369,144.6342,847.0590,90.2084,679.7506,-30.4767,587.5156,-130.2688,908.6307,254.4291,857.8842,-351.5664,730.2488,68.2137,931.5305,19.0574,705.2778
861.8475,113.4836,811.1117,96.3055,889.3593,57.4282,774.8361,-17.0295,690.0670,-161.0582,943.4401,235.1274,876.0759,-263.7354,855.0880,48.8114,937.6974,18.6667,781.6334
876.7656,101.4819,844.3796,84.6566,942.5421,55.7138,815.7341,10.0505,696.3675,-202.8050,982.1223,219.4905,925.9007,-215.7154,915.2048,28.8447,980.4065,34.5747,857.2117
946.5432,111.0466,928.3475,77.4471,1020.3292,55.9915,844.5789,45.4724,679.5925,-197.6406,1005.6055,198.7629,1004.9892,-183.9388,918.8699,28.7624,1044.3646,11.4341,944.2444
1001.1428,72.9089,994.5139,49.9936,1076.7983,37.9403,913.8382,61.1629,755.5862,-158.9981,1020.8611,150.9836,1077.5696,-161.9698,929.9246,68.8865,1089.2742,-18.4246,1032.3953
1000.5981,12.8521,1039.4398,28.8514,1094.0203,14.4005,971.4277,76.1782,876.5283,-116.7312,1028.0701,89.8639,1122.5586,-162.3220,961.9269,116.5213,1104.4998,-7.2261,1090.3378
1006.9618,8.9874,1077.8174,17.4659,1107.4646,7.2864,993.4901,87.0283,950.9879,-90.7925,1030.5903,73.1374,1115.2090,-172.0670,1017.2039,113.1480,1111.2335,7.0146,1105.3643
1049.9126,30.9086,1073.7125,1.6392,1125.7715,10.0261,1026.5189,63.5770,1012.8228,-55.1144,1046.8698,100.2248,1067.2318,-156.1496,1080.9133,79.5929,1125.9885,-22.0027,1097.4951
1041.6333,7.2363,1027.1429,-10.4373,1113.9741,-9.7599,1059.5972,28.0309,1104.7861,18.1228,1059.1892,109.9456,1046.0436,-99.0934,1103.0292,85.7820,1130.0872,-67.8632,1071.3658
973.4195,-30.0647,997.1791,-17.0187,1070.8253,-51.5613,1044.9791,-0.3873,1182.0315,69.9422,1032.3976,110.4129,1062.9679,-32.0283,1093.2368,117.8570,1098.6852,-86.9078,1008.7066
962.9539,-28.4274,994.0652,-29.3300,1043.3170,-67.0338,1008.4839,-38.0690,1226.6764,62.3906,992.5046,132.3676,1054.0791,4.9710,1111.5802,117.9678,1051.7788,-71.5985,933.5390
988.0735,-21.1993,976.4692,-35.9917,1044.7867,-32.5539,982.1673,-54.6818,1242.9050,58.0187,979.9645,122.6411,1014.4650,17.3894,1122.9587,100.5288,1027.9316,-33.3582,902.6984
919.1708,-36.1217,943.8878,-16.8950,1030.9026,19.6923,923.8979,-21.7710,1161.4044,54.0407,961.7078,71.4131,990.8629,36.3561,1042.0798,94.9157,1020.3870,12.8020,912.1357
818.6174,-37.6491,915.5692,14.8657,973.9271,55.3070,824.4027,10.6063,978.5939,-3.6084,889.4647,60.8051,956.6554,62.4305,906.8457,83.9754,983.0591,49.7660,899.1334
804.4150,-20.8011,856.0780,24.2440,895.6284,63.3056,763.1185,20.2991,844.4961,-32.3875,782.2594,76.6781,865.7275,64.9014,826.8687,70.2611,882.3638,70.3847,838.2244
765.6017,-23.3875,731.0847,6.7423,822.2290,47.4214,766.7948,42.8530,809.6717,23.7132,678.7561,36.9576,759.8423,32.6712,804.0760,62.0406,730.0595,90.2812,760.2998
591.7909,-40.7481,595.8317,-5.3406,760.2541,32.6447,753.4879,61.0057,733.3745,35.6761,578.8407,-14.4652,683.0913,4.9964,736.2051,24.1110,580.4049,128.4688,690.0498
411.6322,-46.5067,525.4595,-6.5481,702.9518,31.0727,673.7495,49.0000,565.6005,-16.9629,479.0520,-10.0453,606.4368,20.4677,567.5039,-31.0255,469.0797,157.4952,608.1282
334.0240,-51.3536,495.9796,-27.1727,629.2128,13.2608,565.2564,42.0956,409.9324,10.8842,398.6692,-0.5473,518.3700,51.0466,365.2111,-32.6279,371.3109,129.9857,478.5188
284.2855,-58.4839,429.3623,-47.8256,527.9108,-11.5215,453.0168,36.6079,288.0303,65.7402,330.4615,-14.3206,446.5132,55.8464,227.4965,4.4979,275.0179,87.2493,317.0611
207.3866,-43.5208,318.6564,-13.5259,416.3635,22.3939,326.9886,-6.8142,140.9597,-14.7201,224.8242,-10.4206,367.7481,54.9820,140.8000,7.1877,215.7116,111.9880,184.9331
130.0898,-15.9127,212.1053,44.3747,297.9483,90.7236,194.9175,-49.5204,-11.1506,-129.3944,78.6238,-14.6185,238.9544,59.0216,14.9175,-17.0091,176.2172,149.8046,82.7759
49.5532,-7.1171,112.1052,46.0851,156.7864,82.7863,66.1476,-48.8679,-127.3318,-112.0190,-28.7074,-69.9278,84.8048,27.9049,-150.3778,-34.7893,81.4487,89.8329,-41.8318
-46.8554,-12.9705,-7.6841,4.4207,11.6667,8.5433,-66.8759,-42.0012,-232.7783,-45.9401,-69.7970,-130.6523,-57.0462,-20.7404,-278.2979,-60.1308,-73.1626,-1.3774,-164.4939
-147.4552,-23.4116,-127.3785,-21.3095,-115.7510,-17.9928,-202.3271,-42.0279,-351.8938,-51.6530,-133.2141,-146.9861,-197.9141,-18.6962,-374.7361,-77.8468,-228.7607,4.7417,-227.8436
-251.6297,-44.7870,-215.9021,-32.6984,-257.1148,3.5352,-340.8627,-21.1372,-485.4088,-80.4701,-256.6355,-119.8376,-339.0458,15.0387,-506.8098,-60.3857,-368.7071,52.4221,-288.4999
-349.6124,-54.3455,-290.7596,-37.7240,-419.9127,-2.0928,-490.3522,0.0464,-630.3889,-64.2835,-357.2571,-63.2158,-455.4221,23.6796,-655.9001,-52.0564,-489.7435,40.5031,-419.9254
-425.8490,-27.5681,-374.3447,-17.3100,-539.1415,-13.4477,-624.3963,0.8147,-744.5696,-29.0331,-407.9609,-21.0312,-548.2010,35.2148,-743.0887,-79.9788,-556.9493,19.2342,-555.2774
-506.3025,-0.1758,-449.2868,1.6749,-591.5643,7.0650,-708.9477,0.1342,-800.2344,-46.3955,-476.3355,-21.5363,-619.5616,75.5291,-769.2881,-84.8417,-575.2155,37.1701,-611.5319
-594.3519,-5.1077,-501.4674,-17.6987,-629.8918,10.0625,-755.8044,-15.1198,-862.5389,-132.7237,-557.8398,-8.0376,-647.7000,99.2608,-816.7849,-46.5644,-593.3889,38.2436,-623.8537
-622.9903,-10.7553,-541.8228,-34.9976,-667.9464,-18.0032,-786.9650,-54.1929,-972.0317,-183.2524,-591.5764,38.7818,-651.2754,97.9353,-916.3083,-26.0553,-620.0477,15.8651,-642.4606
-578.1973,4.9620,-573.8727,-1.0346,-683.8014,-13.6524,-819.6578,-66.5276,-1048.8607,-130.0686,-605.7935,37.1837,-684.7416,109.8693,-997.4691,-41.5878,-632.2446,14.9490,-668.6342
-551.4805,21.2322,-610.5909,54.5344,-709.2753,27.6426,-883.5726,-43.7160,-1040.1044,-88.3086,-656.9747,-10.1178,-747.9832,129.9857,-1010.4879,-50.9039,-628.3621,3.2680,-708.7109
-605.4152,36.9701,-687.4659,74.9243,-774.9979,49.4246,-949.3899,-37.4192,-1009.6765,-130.6444,-721.8578,4.8468,-801.4378,144.0421,-1011.4357,-44.1775,-628.8406,-48.2909,-749.6701
-707.1725,49.3016,-790.1915,43.7961,-842.6581,36.3921,-940.2998,-41.0736,-994.5224,-138.7192,-765.1654,73.1184,-840.6262,160.2346,-1041.0524,-46.6286,-674.0973,-83.6348,-758.5850
-803.9919,11.2403,-851.7468,-18.9725,-883.7735,-7.8297,-891.2165,-26.2248,-938.1075,-52.8887,-790.4294,80.5403,-877.6359,152.2404,-1037.1458,-57.2784,-787.4774,-83.2611,-769.6268
-868.9058,-76.8977,-864.6453,-83.1482,-922.9463,-89.4534,-911.0732,-30.4642,-828.7990,45.5041,-800.8770,19.0974,-912.4143,100.7111,-983.3840,-52.3681,-909.5265,-87.1630,-829.0505
-883.5643,-124.4399,-875.0505,-123.0636,-962.4645,-162.2653,-985.6979,-67.9926,-757.9948,114.8699,-805.7170,-22.9578,-946.1153,53.8574,-979.3759,-37.9305,-956.6451,-74.6103,-880.4899
-846.1520,-83.1258,-866.6942,-115.2250,-961.9614,-156.3089,-1030.3025,-86.5738,-778.9858,128.4355,-817.2488,-9.3056,-961.3355,42.5444,-1049.0266,-49.5053,-931.4456,-8.3063,-858.0616
-799.0259,-10.8624,-806.5646,-55.6131,-906.0600,-88.2421,-1038.3826,-73.8575,-818.3003,51.9531,-823.9608,31.5327,-934.7479,41.9192,-1078.6442,-83.5193,-880.9222,61.2017,-795.1139
-792.3078,33.7818,-756.3698,4.5487,-835.0060,-35.8184,-1021.7151,-58.0154,-810.0591,-17.3897,-842.4931,64.1954,-901.6833,47.1220,-1026.4877,-92.9655,-826.3076,84.6501,-746.3075
-811.1255,50.6326,-774.9534,15.1661,-802.2505,-16.3748,-982.7718,-33.3034,-817.8148,5.6501,-917.2729,71.3527,-914.9294,60.3575,-991.2094,-79.7293,-799.0447,98.6201,-733.6465
-811.6542,56.1358,-810.2471,12.2131,-809.3481,17.1362,-973.0832,-0.5441,-892.4217,6.1874,-1009.2038,58.9991,-950.7727,56.1063,-1025.4875,-90.4876,-820.5650,129.3661,-768.7555
-818.1327,59.4393,-814.6140,36.3805,-808.9073,70.8918,-991.0895,5.4814,-936.2952,-82.4288,-1030.8503,36.5448,-951.6799,45.5405,-1052.7075,-108.5866,-843.4651,136.5020,-822.2778
-857.2630,56.3835,-819.5775,42.3691,-791.0482,87.7358,-959.2959,-18.7190,-884.8774,-141.1565,-985.7543,11.6861,-905.2630,66.7817,-1006.2974,-82.3704,-824.0940,96.7231,-850.9260
-843.0791,35.2953,-825.8285,11.2427,-789.5298,48.3984,-907.7651,-45.9936,-847.7380,-129.9686,-915.8893,12.7461,-827.7402,101.9373,-934.7548,-34.8931,-778.7804,42.8663,-873.8646
-709.3593,19.1813,-782.3693,9.7023,-784.3141,12.3651,-915.5192,-68.9984,-887.0168,-116.5887,-812.9362,55.8278,-752.5637,119.0018,-904.9641,-19.3510,-713.9459,10.3556,-896.0894
-561.3105,49.7524,-693.9183,51.7825,-725.7029,20.4774,-907.7014,-85.5391,-882.1528,-96.1758,-699.3463,103.3736,-718.6359,130.3193,-868.0558,-34.8970,-626.7009,1.0925,-846.1664
-504.0991,104.1372,-613.3156,75.4575,-645.4167,41.3453,-808.5027,-86.5129,-764.4542,-71.3909,-628.6605,116.0254,-699.9850,135.4278,-742.5658,-61.6436,-552.7136,-13.5871,-720.4341
-473.2998,116.1346,-555.0621,62.9257,-599.4223,40.9164,-705.6631,-76.7623,-633.9333,-84.9783,-569.6315,102.1308,-632.6678,114.7412,-589.3513,-83.5950,-489.8482,-62.7709,-614.9703
-388.0458,81.4203,-502.7094,33.2569,-559.7870,18.5874,-640.3782,-62.0049,-560.0336,-89.2579,-467.0478,81.7966,-528.9136,87.4818,-523.0723,-75.0691,-381.4767,-122.1624,-542.3298
-286.5954,49.1735,-445.2738,-5.6694,-491.6184,-17.1570,-534.8187,-45.4896,-501.8976,-61.3845,-356.9772,61.1387,-443.6935,73.0912,-506.8509,-47.5173,-248.1310,-128.4411,-436.6462
-220.6999,43.0354,-376.2786,-18.0187,-425.5529,-36.4258,-406.0753,-43.7247,-425.7328,-86.7947,-284.4855,47.6473,-375.6227,53.9171,-439.8088,-44.0508,-164.3589,-78.4931,-316.0229
-185.8014,58.9756,-307.0507,18.9671,-367.0477,-8.7988,-330.6776,-45.2463,-329.3842,-130.7006,-231.5653,45.4597,-306.4411,34.0393,-338.4581,-54.9421,-116.1841,-38.1021,-227.4934
-166.9600,81.5241,-257.9236,49.8860,-275.7955,28.0257,-272.3154,-6.5535,-221.0798,-68.2800,-184.2042,49.9857,-241.0965,37.0136,-251.6514,-41.8978,-58.1160,-31.0787,-140.4756
-128.7567,77.6141,-213.8492,34.8027,-161.6291,18.5782,-182.3304,47.7679,-143.8147,25.5794,-134.4254,58.3305,-162.5466,46.6893,-159.2691,-14.6836,-8.8967,-22.9245,-43.4909
-25.7603,37.9425,-140.5232,9.6755,-65.3266,-9.0445,-95.4871,37.6452,-114.5603,1.9107,-49.4141,64.8928,-58.5665,48.5895,-59.3080,6.7300,29.8154,-10.8641,14.4500
104.9655,2.0160,-40.8930,-1.7837,23.7106,-2.1700,-28.0120,-14.3909,-71.0517,-84.3466,67.5300,65.6120,39.3126,74.0806,25.4780,23.1130,93.9590,-14.0031,41.9063
178.1161,-1.0081,59.8495,-3.4002,131.1609,23.4915,35.9589,-7.5451,20.4999,-117.9947,177.0083,69.0477,124.2219,123.7110,119.0673,14.1773,176.2182,-8.5698,96.9341
209.7890,19.1992,163.6451,19.3923,241.4491,37.9049,88.9378,41.6829,111.8997,-115.3310,272.8734,72.6140,221.7538,135.2118,219.2417,-29.1717,274.9963,24.9205,177.5501
293.9284,49.8517,277.0900,54.6837,326.4912,50.4851,144.6351,32.1688,187.8250,-127.5512,351.5059,58.2517,312.5044,88.7962,272.1893,-57.2668,420.2088,58.2458,249.4329
426.4462,76.0142,370.5929,63.0817,376.1711,65.5055,231.8723,-20.2629,282.8491,-156.7896,388.4053,38.9591,368.3035,50.9737,294.4313,-35.0616,548.8480,76.6895,310.0830
499.8880,80.5716,419.8439,57.1931,406.3464,70.7573,328.4821,-25.3186,373.3372,-177.4924,408.4618,51.2988,415.9353,66.9009,339.2516,0.2234,559.9095,90.2859,359.8625
486.5128,79.1695,455.5326,71.6196,457.1891,68.7378,399.5410,2.8830,408.3692,-153.6518,457.7785,85.3586,474.5804,95.4138,376.8883,2.6839,508.6852,88.2250,392.4908
477.7670,90.3819,511.1388,90.3195,533.6479,64.2566,439.5952,-3.7384,415.3922,-96.7425,514.0033,93.5043,520.8914,93.6358,387.0539,-21.1276,509.6808,70.0271,413.1277
518.8943,89.1302,560.5079,87.7574,576.5344,53.7211,444.9980,-34.8935,447.0552,-69.7268,545.9087,73.5076,544.5128,85.7616,430.0186,-25.6955,544.9880,57.6168,416.5270
556.9447,65.3051,575.1403,69.2342,560.3668,43.3215,423.7010,-54.7685,481.3088,-87.2308,577.2898,68.3703,550.1368,101.1102,500.5401,14.2006,569.6309,36.2096,396.1519
574.4590,58.1311,585.3656,48.4062,541.3559,44.5969,398.0739,-72.6843,471.5942,-116.1287,611.5215,86.5156,541.7279,119.4307,515.0413,57.2020,615.5171,-7.1408,378.5634
619.8398,76.8256,614.6586,48.4929,553.5215,60.7568,379.0359,-90.7908,440.7447,-144.3893,622.2352,95.3105,547.5583,119.1456,486.9626,56.6374,671.5306,-21.9581,387.3510
693.7969,87.8349,639.0296,83.9131,567.7338,83.9285,393.8380,-88.3681,448.7234,-150.9048,629.6431,85.8981,579.3279,110.0547,504.7366,44.1393,683.8137,6.4883,409.9976
748.9860,87.2539,656.2361,119.9079,575.1512,94.6398,461.1363,-68.7567,501.6451,-108.7294,657.6247,72.5155,591.9498,100.8229,569.8138,54.1204,684.6029,11.1854,440.9092
779.5867,84.3806,688.1613,120.2101,592.3130,85.7220,514.5300,-50.0648,549.3246,-54.0488,669.8485,44.3522,567.0323,92.4238,618.6179,43.8997,717.3004,-16.9877,486.6017
792.4041,64.1178,714.8143,98.0199,601.2796,75.0206,494.3165,-36.7878,559.7335,-36.9420,640.1609,-4.9471,545.2103,88.5270,623.7216,2.2069,725.3964,-20.7394,524.6575
765.6683,33.0848,708.5905,64.9182,588.0566,61.3247,461.5240,-23.4451,555.9172,-40.9507,599.4181,-35.6176,530.5729,77.3104,592.6859,-2.6629,664.2002,-18.7569,536.6431
714.6183,10.2863,688.7814,12.7590,583.2546,19.7101,476.9092,0.6268,575.7574,-29.7409,573.8406,-30.8849,493.3358,45.5222,555.0392,28.0717,582.9881,-53.8575,548.8733
675.2093,-26.5550,670.8629,-32.9138,596.7106,-31.1917,508.8644,28.7877,620.6270,-8.7971,557.6328,-41.6418,460.6591,13.2194,554.5589,7.8051,531.8892,-73.8172,586.7203
609.4142,-77.4929,638.6949,-37.1643,596.9606,-41.1558,545.0389,30.4264,654.6498,-13.7636,537.2260,-86.2515,473.3544,1.3975,593.8134,-64.7075,516.9308,-42.1100,641.0850
491.4766,-82.9696,591.6873,-17.5017,578.3608,-15.4617,603.0283,8.1790,650.2840,-59.9663,497.8333,-104.9797,500.2005,-4.5697,624.9205,-107.5143,533.4282,-19.4429,690.9073
429.9272,-39.4259,541.9936,-7.9083,560.9982,-1.9749,641.4631,-2.7675,629.9136,-99.6394,442.2254,-76.3353,495.0990,-17.8748,615.2798,-109.8427,552.4937,-24.9640,706.3442
492.4583,-17.8576,490.8267,-7.8575,541.0286,-15.0753,627.0181,-15.3993,640.5972,-83.8408,397.7776,-57.0028,467.9328,-29.5929,581.5233,-120.8067,520.8655,-11.1387,656.4044
530.6680,-31.0691,444.4102,-11.4554,504.2857,-40.4352,588.9043,-60.9879,682.8907,-47.9478,369.2183,-64.1127,442.7881,-38.1957,565.0716,-139.0489,424.6351,-1.7195,553.8140
417.7745,-38.3087,397.3689,-28.3651,450.0289,-68.6776,527.8179,-104.7513,703.8010,-24.1235,327.5989,-47.3323,417.6783,-44.4247,575.9801,-132.2340,316.1740,-49.9217,448.1531
272.5108,-48.5081,327.8445,-50.1392,380.0394,-87.7272,422.6136,-109.8884,665.5873,31.8421,262.0283,0.9935,384.0857,-33.2545,549.1539,-106.3963,256.0753,-108.9235,364.1728
215.4430,-75.3488,252.3681,-50.1429,306.2389,-86.7294,318.4947,-103.0751,578.0768,107.3322,190.4072,30.9916,336.8113,0.8009,422.4591,-84.6782,242.8803,-114.7802,295.0556
164.0303,-78.8232,202.5224,-31.7634,244.9966,-71.5627,265.6620,-99.8059,460.6755,111.4486,125.2965,35.2265,271.4866,40.6003,264.0232,-60.7112,223.1501,-95.3680,233.7287
68.8933,-47.0022,152.7586,-22.1590,186.5238,-51.6459,229.2912,-85.9417,317.1075,57.1049,65.9687,54.9741,198.4202,67.7687,194.9765,-16.6467,174.2819,-87.8960,175.4881
30.0566,-21.9119,79.5375,-14.9869,127.5257,-29.0818,154.5939,-75.3046,159.4774,50.9453,8.2856,89.7423,139.1922,70.0178,193.8426,30.3743,121.0529,-77.9609,122.7187
35.0472,-17.1913,25.8473,9.4863,94.7244,-6.2536,59.7459,-68.9760,26.2434,112.1541,-52.1786,96.4680,92.6173,46.9217,138.0952,41.2614,65.9423,-69.3059,85.2710
-55.9236,-16.1271,4.8035,25.5762,66.7159,12.1459,9.6089,-32.3967,-44.9821,172.6838,-119.1112,71.1155,27.3060,23.3570,21.6285,20.5687,-7.9763,-88.6423,48.6192
-208.0103,-20.4596,-47.4714,11.1498,-23.8776,17.9653,7.8889,21.1962,-60.0307,190.2034,-200.4585,42.1526,-73.8349,20.9138,-43.0671,15.3653,-89.6943,-119.5079,-19.2098
-266.5586,-31.7590,-156.7074,-1.1055,-162.9828,5.7259,-34.2269,46.3554,-69.8213,173.8557,-298.0367,6.7255,-183.8916,20.9381,-34.3743,34.6318,-177.6554,-126.3492,-110.4505
-266.8259,-42.0899,-273.4700,-1.8524,-274.9364,-10.9406,-158.0268,54.3221,-123.4420,150.8236,-385.1122,-40.7062,-266.9375,-0.2509,-64.5248,41.7236,-287.2101,-112.4994,-188.3113
-344.7723,-58.3297,-361.7452,-25.7833,-358.9585,-17.0482,-273.1054,69.4091,-229.6575,119.0604,-437.5724,-67.1660,-323.0614,-23.2563,-186.2284,33.3334,-385.6780,-99.0570,-255.8052
-461.7514,-81.5569,-423.6305,-54.4225,-447.1548,-24.5842,-319.8583,75.5253,-357.4250,69.9176,-479.4297,-63.4507,-377.5489,-20.0109,-309.9984,40.5013,-439.7224,-91.4243,-337.1173
-505.3306,-94.9699,-464.4065,-47.6492,-508.1724,-42.3216,-365.3777,71.8504,-460.3607,61.7718,-540.8870,-67.1033,-440.0254,-3.4455,-372.6837,55.9906,-497.5383,-86.6969,-409.5825
-513.2883,-96.0638,-493.0322,-38.0147,-530.1846,-48.7627,-445.2087,72.3562,-516.0655,121.8198,-604.8867,-78.6642,-494.6440,4.8461,-437.1085,42.3145,-593.2844,-79.2674,-439.8878
-577.8059,-84.9087,-528.2888,-43.9133,-562.9822,-34.3539,-509.2516,55.5276,-544.3644,137.9728,-645.9788,-62.5596,-529.5325,16.8271,-542.8191,-1.0434,-659.9353,-63.2662,-458.8383
-665.6165,-44.9336,-578.3169,-13.1453,-607.7971,-17.1783,-557.1321,6.7839,-576.4481,51.1326,-672.6706,-34.9040,-561.5168,40.8556,-622.9678,-40.7681,-645.6275,-38.7424,-518.3259
-691.3255,8.9595,-623.4775,45.1798,-627.6013,4.3405,-623.7281,-45.3914,-624.0081,-37.7556,-699.0593,-35.3014,-610.7289,53.0543,-651.7333,-61.0208,-601.3773,-4.5912,-601.2333
-667.8401,27.0293,-637.2853,59.2407,-647.4376,41.7545,-675.7323,-72.6283,-677.1166,-88.9339,-722.3323,-50.2258,-662.9489,43.9259,-690.1909,-66.7003,-596.1726,29.8480,-649.1052
-665.5485,3.6548,-631.8524,36.9956,-696.3084,61.9055,-684.5090,-65.2610,-709.0945,-125.9228,-739.7450,-54.3177,-698.7203,32.2070,-737.0071,-53.9592,-635.1201,26.4572,-654.4403
-683.0231,-19.3345,-642.3605,22.3123,-734.8701,27.1498,-696.8104,-33.2740,-711.8344,-58.8670,-754.4666,-57.6356,-732.0353,21.4310,-733.2236,-17.3415,-671.0917,-28.2984,-655.8349
-670.2440,-29.0671,-654.8281,-3.0604,-733.4856,-30.4997,-741.5944,-13.2836,-731.0287,104.9046,-763.8323,-68.0435,-766.8111,9.0995,-712.3323,20.2390,-672.5965,-75.7403,-670.6989
-642.0904,-44.1159,-633.5497,-42.0041,-711.7593,-55.8840,-779.3328,-19.7650,-789.8163,134.9451,-754.2120,-76.9463,-768.0874,9.4462,-745.9741,23.3535,-675.1208,-69.1440,-687.6090
-652.8522,-63.7719,-610.9861,-56.5383,-682.2186,-52.4207,-764.1529,-26.5628,-813.4226,-10.9525,-718.7787,-78.3422,-725.0428,13.1588,-790.1623,-5.3533,-714.9045,-45.1449,-691.0423
-701.1629,-75.5264,-626.9771,-56.3716,-647.6627,-51.1364,-692.2328,-33.8471,-754.8184,-86.7839,-683.7053,-65.3519,-670.7778,-4.5714,-761.5123,-26.7348,-754.0284,-39.7533,-669.3126
-746.5350,-84.3123,-636.8608,-68.0846,-615.0245,-53.2669,-615.2814,-62.5381,-702.8086,-24.9552,-674.5991,-43.5235,-619.6360,-21.3977,-687.4514,-20.4994,-759.2192,-33.5967,-638.3255
-749.3063,-99.5407,-605.7620,-76.0742,-581.1805,-54.6485,-602.8849,-95.2174,-724.1175,-3.8382,-658.3263,-37.5526,-567.6117,-12.7465,-643.1543,-6.4054,-754.0103,-27.1265,-642.1033
-678.0225,-116.5338,-582.2208,-78.4124,-564.9106,-65.9598,-652.9323,-118.0641,-745.0475,-82.4751,-594.7312,-48.4735,-533.9365,-12.5652,-616.0856,-15.1718,-728.1605,-47.6996,-680.1761
-574.9517,-128.4367,-592.7419,-93.8091,-595.3436,-81.9205,-683.5659,-147.3264,-700.2625,-164.8340,-517.2074,-53.7804,-520.8104,-32.5405,-536.7141,-52.6116,-658.4736,-73.6491,-689.1743
-546.1191,-142.6343,-602.9877,-112.7463,-625.2278,-88.3967,-637.0364,-165.8678,-623.0767,-178.2053,-467.8727,-55.4587,-486.6331,-29.1001,-406.9026,-82.0869,-609.5706,-63.0658,-641.5531
-595.1845,-166.2838,-599.3575,-123.2006,-578.9761,-90.5993,-540.7009,-146.9216,-546.3217,-122.4169,-424.3160,-63.6528,-417.9801,-6.6977,-311.9041,-68.1209,-622.1437,-20.9119,-571.4384
-612.5660,-182.2391,-576.6465,-121.8003,-482.0685,-87.9878,-456.7789,-116.9775,-477.6784,-87.1362,-377.1240,-68.3042,-357.3033,-10.5729,-286.1514,-46.5898,-611.1076,28.1259,-489.7592
-563.2332,-171.5640,-507.7964,-98.1825,-404.4594,-67.7153,-402.9735,-95.2007,-432.3112,-134.9789,-361.8438,-68.2350,-328.7563,-25.4649,-261.0041,-72.4838,-534.4249,59.4327,-387.8958
-494.9300,-150.9057,-419.3623,-76.7736,-343.7559,-46.0320,-342.5257,-61.9583,-390.5703,-159.6749,-357.3885,-69.2615,-301.7966,-15.6908,-203.5383,-104.3360,-467.4858,48.2386,-294.5395
-416.1823,-143.3159,-373.3253,-87.6717,-281.2781,-43.5058,-257.4712,-26.0922,-333.3510,-105.7662,-306.0488,-64.6427,-246.8274,-0.5856,-179.1440,-73.6714,-426.6119,31.0126,-224.0710
-332.0292,-134.6299,-348.5094,-86.7382,-240.7495,-32.2888,-177.0770,-1.6922,-302.9667,-108.8255,-240.6966,-66.2572,-184.1501,-7.9046,-207.4986,-29.8243,-343.7575,74.5266,-142.8316
-269.7566,-106.1869,-285.2348,-41.0332,-218.4982,6.7363,-107.6199,38.3254,-288.6573,-155.7173,-223.4020,-92.6816,-148.5888,-36.7911,-215.1208,-47.0402,-222.4067,131.4438,-54.7927
-207.7185,-70.8770,-198.3609,-10.3383,-173.0461,26.9048,-28.0912,84.8464,-193.3919,-52.2796,-207.6676,-119.6324,-125.1288,-72.5878,-168.5448,-76.2132,-129.3595,98.8652,-7.4197
-129.3416,-40.0350,-123.6851,-22.1645,-102.0081,-2.1280,39.5843,80.6122,-22.7518,128.8098,-128.3201,-123.0220,-75.1888,-84.2600,-91.9548,-58.7262,-73.5855,17.5391,8.5028
-65.9369,-8.7227,-52.6312,-25.5805,-41.2785,-36.7258,67.6381,28.1874,118.8523,142.8931,-38.0495,-116.6679,-15.7892,-65.8278,11.6243,-44.1047,-10.3299,-10.7904,35.1945
10.3323,11.5742,8.9304,-17.1595,-5.9947,-44.6891,87.0876,-16.9233,230.4992,62.4408,0.5805,-94.4897,15.9072,-63.4067,123.7465,-60.7754,77.9701,-28.7428,61.1304
128.8876,0.4840,38.4486,-36.3224,23.9283,-55.3122,131.9990,-31.5542,359.2298,106.3378,46.5698,-47.7453,52.0745,-86.3319,204.9108,-54.1944,151.7904,-104.8068,74.4982
185.3478,-37.1841,65.1341,-75.5194,74.8710,-87.8926,201.9941,-13.7341,453.2031,207.6434,159.1079,-29.1897,136.0296,-89.9574,279.0175,-21.1461,173.7553,-153.2870,117.7115
140.5053,-77.4041,125.4076,-111.4165,144.3286,-112.5873,294.7070,31.3412,485.8143,196.2045,264.7964,-64.7257,228.8483,-80.2488,371.8458,-11.8241,188.6706,-96.0294,206.5568
166.2568,-96.9119,193.9935,-131.8476,207.6112,-105.1757,381.6875,66.9855,521.2639,117.4228,281.7129,-87.8279,281.3317,-88.5082,425.0003,-14.3442,259.7676,-22.0947,297.8396
328.5866,-87.9659,243.9153,-123.2378,262.8142,-86.4000,416.2497,70.9410,554.3840,97.1912,262.4888,-68.4041,315.2245,-86.5862,423.7119,-4.3167,346.6590,-17.6027,371.0253
445.4440,-75.4249,291.5350,-111.1740,325.6511,-85.5459,424.7720,65.7820,533.9349,130.0454,295.9857,-61.5605,358.9270,-63.3246,450.7996,-15.0085,379.9543,-28.9074,437.7851
429.9932,-89.4105,343.8876,-123.3256,388.8481,-92.0769,464.2025,60.7842,500.7763,121.4201,371.3860,-83.9788,400.3427,-63.4046,510.4002,-48.1747,385.5463,4.1998,480.6222
404.4265,-109.8456,393.2596,-112.2254,442.9201,-73.6910,501.7025,48.7514,483.0870,31.3654,431.9785,-99.7712,435.9136,-81.8091,514.7191,-56.8219,411.1508,56.5280,481.4247
437.3612,-88.1100,451.8239,-49.9463,498.0132,-28.7823,485.9121,49.6625,422.8111,-68.3694,465.3222,-103.9161,479.8972,-76.9486,468.0045,-50.7940,449.1745,97.9645,474.8791
490.6926,-23.7115,511.6744,5.3074,541.1796,20.3686,457.8249,72.3301,333.0155,-104.2617,484.3492,-99.4854,525.6478,-61.7434,449.1975,-70.7849,495.0252,127.6096,496.4196
539.7150,33.2593,528.0151,37.7365,543.4269,64.7772,470.6883,85.7863,298.0514,-105.1740,501.1737,-69.2240,551.6451,-52.4405,464.6457,-93.8984,549.2028,135.5834,524.1676
549.7663,53.9010,503.6191,87.4379,522.7389,96.0638,501.9158,74.6340,311.0691,-101.8461,522.1937,-23.9185,549.5520,-31.4270,471.5942,-83.8933,584.7121,117.6759,519.6499
502.9236,63.5526,498.3409,129.8792,519.8354,100.9103,504.8225,54.1073,323.6857,-61.4905,523.5729,7.3542,529.9525,-8.5225,461.9420,-53.4394,605.8544,91.7776,482.5974
483.6661,90.7253,521.7245,128.8870,531.2266,92.7951,474.8195,32.0983,346.1160,-6.0012,489.0894,22.0204,511.1290,5.3188,456.5172,-13.7211,637.1014,62.5008,439.5035
543.3006,114.1523,524.0862,114.5307,526.3262,87.2055,449.6164,8.9558,361.8683,0.2886,469.2543,31.5997,498.0917,35.9912,472.7386,35.9639,644.5221,18.0533,409.0578
585.1987,105.8279,492.7888,98.6584,494.4980,65.3818,455.5168,-12.0430,326.6938,-19.8475,503.5764,52.6884,483.2707,73.7040,490.0128,59.7867,603.7125,-32.5766,390.7617
540.2224,91.6917,460.9338,66.5962,447.9463,28.5988,465.9121,-24.0753,286.1917,-21.3368,534.7331,85.9941,466.6963,71.2215,467.2282,26.2596,559.9470,-61.4149,375.6856
470.2677,91.7334,445.8502,44.9095,409.2619,18.2410,464.8579,-5.4130,310.1688,-18.8881,503.1942,75.3430,449.9970,26.9122,429.9384,-20.3461,524.4683,-51.0022,372.0403
425.1733,64.7402,440.6316,41.9614,396.3291,34.1742,493.0283,48.6416,364.3648,-10.8699,437.5852,-5.1255,432.5420,-23.2592,433.8323,-10.5206,466.6449,-7.3974,398.3152
394.0540,7.7721,430.4372,26.8179,403.9597,33.0709,540.8660,83.4874,376.9176,2.1398,384.1541,-50.2827,424.7827,-41.8686,441.8854,45.5140,421.1806,30.6340,428.7284
382.4817,-8.8910,398.0737,8.2177,408.0888,10.2613,523.2838,50.3365,340.8332,-23.2129,352.5408,22.8360,420.8768,-4.7641,402.6531,73.1730,425.0819,10.9804,404.4230
376.8035,6.5524,349.7648,-9.1539,387.9931,-17.9124,436.0909,-13.5681,294.9459,-46.3864,334.0983,120.2644,386.6832,46.8460,365.8637,56.9779,418.3907,-61.3551,332.3685
317.7054,-37.4150,313.1098,-63.3787,348.4742,-58.7836,367.8485,-42.4406,277.0041,5.6693,292.2476,145.7143,326.1078,54.1914,357.2090,68.5427,352.5610,-111.5283,289.9599
207.4431,-122.4099,284.7705,-127.9984,316.5487,-100.6373,347.1881,-31.2875,294.4584,30.9398,201.9604,154.8710,283.0930,52.6373,318.5859,139.8574,269.5709,-103.5207,300.4058
116.5710,-149.6530,232.5465,-143.5227,288.7717,-121.4316,336.1579,-19.0672,323.1754,-63.2083,121.9899,189.7337,250.7396,76.5409,267.4036,204.7709,199.5398,-99.7925,301.6449
62.3127,-139.9268,154.3902,-151.3014,222.0972,-144.6021,314.7465,-28.9566,354.0619,-111.6758,116.0857,184.0854,193.2014,57.7859,277.1718,207.7300,130.0885,-146.9587,260.4506
14.6029,-166.1474,82.1149,-191.2052,126.3386,-175.8693,283.8053,-42.6277,390.7305,-1.6401,145.6553,124.6336,133.5041,-12.6421,312.4510,167.8625,78.3859,-184.6255,217.8432
-18.1448,-186.4178,39.4774,-190.5919,76.6563,-157.5717,266.0240,-16.6699,400.6734,85.3645,146.9069,84.8362,99.7493,-34.6274,305.9933,119.7510,67.3681,-154.1734,214.3842
-16.9193,-149.9271,29.0092,-120.5901,87.6759,-85.7698,282.8348,56.2683,359.5033,47.6879,114.3081,82.7124,67.4026,-0.1787,275.4725,84.6779,72.3408,-104.2568,243.0235
0.4965,-108.9929,41.1741,-65.5816,95.7789,-43.0458,285.7422,118.5057,304.8412,36.7253,52.1739,84.3281,34.3716,18.6858,224.2868,71.9969,60.5405,-92.3230,263.7194
5.7992,-92.7488,57.6951,-57.2857,75.2644,-51.6156,231.1894,123.4056,271.1641,89.9009,-25.5320,89.4045,26.7042,35.3845,127.9187,56.3615,27.5943,-84.6050,237.9722
-30.8484,-63.0269,54.0826,-43.7149,44.1495,-49.2018,177.7866,100.9888,244.4510,77.9176,-67.3745,88.7809,16.5795,65.2839,41.8268,21.6458,-25.7727,-43.8363,169.1338
-121.2437,-38.3636,13.7059,-16.5767,-5.0295,-22.0809,153.3930,100.4833,207.4245,21.7758,-75.3935,43.4505,-35.1562,55.1240,15.7166,5.9187,-100.4800,-2.7811,96.8128
-200.9458,-67.0564,-50.7943,-12.7526,-73.3709,-8.8514,92.9533,119.5037,161.9037,33.1252,-126.6528,-27.8768,-107.2028,26.1637,-4.9891,20.6877,-182.5889,17.0907,43.3613
-203.3633,-108.0256,-105.0612,-35.5058,-131.0773,-4.2997,16.2066,128.3594,132.7542,79.2120,-230.5918,-56.6587,-176.2537,42.9068,-48.7187,24.4005,-252.7453,35.9569,-2.9795
-188.6247,-93.1511,-141.0950,-52.8232,-175.7831,16.6093,4.2423,118.0303,159.5648,104.5508,-307.9312,-27.5760,-246.5292,64.0080,-66.5960,25.5146,-302.0167,38.3347,-60.5283
-237.6866,-35.8019,-186.3160,-37.6432,-226.3359,36.4319,0.6084,102.9218,211.7375,156.6636,-332.1681,22.5631,-300.8396,52.9282,-64.9872,58.3892,-328.1502,3.2648,-134.5280
-299.6796,11.3966,-248.2807,3.1840,-270.9470,37.2164,-83.4206,102.0919,178.2644,238.7928,-350.2141,70.0003,-331.9257,70.0218,-101.4128,79.3578,-332.2110,-8.9756,-203.1609
-310.0900,29.1204,-302.1678,40.0100,-294.3187,41.0540,-190.4334,113.7975,26.2156,270.7169,-380.9187,102.3354,-372.1641,109.3228,-178.4629,52.3406,-323.4436,56.6293,-235.7201
-309.8458,33.8094,-330.9926,63.9879,-308.7784,64.5503,-255.8158,105.6273,-155.6317,230.7338,-401.8371,107.2267,-416.4638,85.3206,-271.5873,34.8466,-319.1568,136.5553,-252.6112
-327.9621,51.3706,-332.6078,80.9913,-325.9091,85.9558,-309.2299,60.1707,-304.6061,178.3167,-406.2189,92.3761,-417.8535,16.7957,-371.7945,54.5616,-336.8804,151.4983,-302.1672
-337.5450,74.6233,-320.2113,81.3672,-343.9360,82.2625,-348.1327,16.1053,-415.9402,161.8931,-413.7532,71.4434,-386.4146,-11.0782,-449.1322,56.9701,-385.1711,133.8070,-365.6033
-362.7670,67.0874,-327.3958,68.0703,-359.1969,68.1020,-347.3666,15.9293,-468.0734,160.1563,-443.5486,43.2377,-381.1379,-9.0025,-478.0524,18.9856,-446.4376,147.5147,-389.9572
-428.0721,44.9839,-360.7086,67.2865,-368.6197,77.0572,-354.5363,39.9607,-465.2457,113.2198,-490.5032,13.8803,-417.0570,-32.7418,-484.9486,-38.4248,-474.7448,179.9384,-390.6881
-459.2388,66.3101,-382.1569,82.5858,-377.5815,107.3219,-401.7789,42.5388,-466.7224,40.6584,-529.2736,-1.7682,-461.5425,-65.6463,-503.2039,-100.5785,-459.5653,188.9413,-412.8764
-408.9857,107.5850,-383.2559,95.7763,-393.3836,115.7908,-453.4249,15.9496,-491.8329,33.1126,-544.6501,-6.5160,-485.7667,-55.7893,-534.8722,-129.2406,-469.5386,176.5943,-451.7693
-359.3075,95.1399,-393.9764,98.9431,-407.6415,87.4815,-495.4105,-21.2767,-507.6857,65.7295,-544.3049,-3.6977,-484.1106,-6.3873,-570.3167,-100.9821,-550.5971,172.2237,-489.4771
-381.3504,57.7377,-405.1363,90.0542,-417.2079,65.3243,-526.7852,-54.4851,-515.0414,30.4001,-546.4084,19.9520,-476.8107,22.9559,-593.1484,-75.5694,-631.6909,183.6451,-530.1777
-425.5387,70.0927,-395.8706,77.9198,-435.1889,75.2259,-528.2726,-67.1462,-532.6705,-26.1910,-559.6644,53.1685,-486.7876,3.9754,-593.7011,-91.4971,-631.3132,178.2892,-567.5597
-423.0430,90.9610,-396.5544,75.8899,-459.0830,81.6113,-533.4131,-46.1714,-538.1784,14.2266,-563.4614,51.0773,-503.3158,-15.8908,-594.3585,-87.0356,-577.1855,119.7766,-586.3932
-400.4558,48.6429,-415.6750,63.6156,-478.8797,58.4537,-584.0421,-1.6600,-510.0524,89.0325,-535.5294,7.0968,-501.5598,-2.0776,-611.2639,-30.5181,-528.4013,34.3332,-579.5266
-422.7412,0.5165,-408.6004,29.1163,-495.8470,38.2118,-617.2125,40.2352,-479.9289,73.1685,-502.1138,-20.1446,-483.9124,13.1386,-614.6920,18.8599,-487.3059,-4.5450,-540.2388
-464.1767,28.2578,-383.1562,23.3188,-489.9411,50.5366,-572.6364,57.9228,-490.8319,-1.0205,-493.5379,9.2018,-468.4123,16.5873,-581.0638,27.8476,-452.1762,15.6373,-487.9299
-440.4593,88.7479,-391.0336,67.0713,-446.5756,71.2606,-518.3366,48.5135,-523.7064,-33.2934,-476.6710,54.2538,-460.5684,32.5189,-535.9269,23.6642,-436.9424,20.2963,-467.5648
-361.1475,109.7725,-413.7006,94.6685,-420.5349,64.7660,-516.0449,26.4570,-508.9875,8.4859,-423.4790,58.5887,-454.0546,41.0193,-500.2086,21.3395,-419.6490,-34.2032,-480.4716
-305.5345,106.0182,-405.5771,79.6507,-453.6786,40.2908,-511.0344,-6.4078,-429.5477,73.2336,-374.5124,34.3690,-439.2123,15.1486,-446.5136,8.9720,-372.2622,-88.0190,-486.1637
-277.0575,109.5219,-387.5170,75.5701,-476.3946,39.4166,-454.3096,-64.7162,-348.0139,46.4400,-347.3918,23.1242,-405.4834,-10.9881,-349.5175,-25.2960,-314.8721,-71.1035,-468.3171
-250.0209,104.6143,-374.4929,93.8584,-419.2018,69.6373,-384.7537,-126.5082,-301.5617,-92.4907,-296.9597,12.1442,-345.8310,-20.9760,-243.5179,-72.0369,-276.8155,-11.6329,-425.2437
-250.6385,78.3508,-328.0567,93.4756,-328.0770,81.3679,-343.0483,-140.0971,-266.6895,-183.4487,-212.7839,-29.9579,-268.4321,-50.1943,-183.0670,-96.4168,-249.5284,12.8827,-353.9167
-252.1945,49.1873,-258.0838,69.8978,-265.5534,45.2009,-307.8247,-114.9233,-235.1879,-145.7845,-130.9991,-75.5007,-202.1178,-92.0894,-159.1174,-90.0768,-209.9487,-2.2974,-287.7830
-196.1659,30.5359,-225.7240,39.7466,-219.4522,3.7151,-242.8573,-115.1990,-210.5035,-96.5563,-66.0134,-85.4803,-162.8754,-108.6621,-113.6082,-87.1400,-158.4001,-1.7110,-257.7675
-145.7238,7.4717,-225.6957,2.0373,-170.9458,-9.8203,-163.3433,-145.8610,-164.3154,-80.3046,-18.7912,-82.9213,-121.5922,-113.3818,-34.6989,-85.1165,-118.1219,15.5776,-228.1776
-151.0011,-40.3921,-204.7467,-35.7278,-137.6108,-28.6621,-119.4490,-149.3409,-87.6608,-43.4144,19.8816,-97.6580,-57.6543,-128.1695,31.8009,-53.2296,-98.4562,2.9913,-169.8005
-96.6003,-91.1246,-160.8953,-63.1346,-120.1799,-70.9075,-111.8488,-117.1703,-11.2676,-44.6515,88.5779,-107.5881,-10.0049,-131.9161,58.9331,-29.1308,-71.0468,-28.8785,-118.2482
58.0312,-96.1062,-111.2406,-88.4685,-84.7726,-101.7339,-87.6327,-103.1831,42.0478,-112.0444,180.7752,-99.1060,0.8258,-117.5454,64.3187,-58.1366,-11.9302,-35.7567,-85.0140
162.6325,-74.9001,-36.9589,-114.9938,-15.9238,-109.9626,-39.4519,-125.7747,46.9680,-119.5602,226.0872,-105.3815,24.5625,-111.6006,79.3186,-82.7383,61.0750,-35.0998,-30.6932
167.4691,-97.1562,56.1756,-133.1866,52.3741,-113.2365,-8.3009,-138.7147,4.4203,-60.9139,225.7672,-136.0082,78.3315,-119.2455,127.9073,-44.2691,133.2067,-61.4190,42.2392
185.4818,-137.8922,119.1030,-134.9951,85.5742,-103.6482,18.2416,-113.6895,7.2928,-68.4654,259.0167,-141.5707,111.4629,-114.0145,203.2212,8.2375,214.0036,-92.0352,90.8095
242.8785,-109.9780,146.4039,-112.5318,104.4968,-82.4239,85.7029,-88.5536,110.5679,-115.2356,328.1012,-84.2040,125.7098,-76.6425,267.5388,20.4913,289.5439,-110.7333,120.0260
286.3531,-39.9211,180.2638,-74.4779,148.5399,-80.5529,175.3088,-93.5627,209.9631,-96.5040,375.7879,2.2302,180.2207,-27.4723,307.0040,9.0961,339.7418,-140.2103,174.4497
328.2665,-12.8463,228.8192,-48.8674,214.5536,-90.8278,239.4524,-94.2868,228.1158,-54.0950,412.0839,53.1605,262.5832,-14.2601,342.0659,-5.9048,393.3330,-159.3390,256.4406
390.6530,-4.9963,272.0060,-35.8832,284.8071,-76.7579,274.8134,-71.2555,231.6674,-52.5227,465.8196,56.6328,313.9184,-38.3043,372.0491,-16.6130,474.2471,-123.6016,318.7124
460.9531,29.8000,317.1400,-12.0150,362.4060,-48.2092,289.2773,-68.7221,247.8233,-87.2254,508.5770,51.3486,349.7482,-40.1858,384.9101,-8.1411,537.5467,-67.8676,337.5240
521.3453,40.7254,382.8213,10.7234,437.0748,-34.1623,284.7539,-95.1622,235.4021,-157.0640,522.8478,45.7283,411.7223,-10.6790,404.6688,-6.3782,545.1650,-49.0760,350.2251
531.0128,5.3697,461.3059,5.4886,487.1234,-27.9023,299.4381,-93.4130,240.4179,-207.3481,531.9000,15.1051,472.0555,-14.6746,449.1559,-46.7434,540.2345,-41.3326,395.0213
505.3129,-7.6374,525.1472,-11.9718,522.9161,-18.3692,366.4118,-55.4303,310.3406,-167.5956,539.9954,-22.0282,496.6936,-59.1595,487.0261,-82.1280,570.1210,-8.8079,449.6567
555.4023,19.7847,553.3456,-12.1027,560.8846,-10.7436,445.5562,-33.0432,381.8445,-110.7259,539.7399,-24.3573,514.2655,-77.3851,498.3235,-62.3854,608.8321,13.5617,477.4135
670.6864,37.4149,560.7024,0.6852,589.3990,-9.4705,490.1825,-38.6096,426.7356,-116.9770,546.7142,-8.4271,557.0731,-62.4278,509.4213,-42.7926,618.8879,-4.5450,488.3380
689.5012,37.7564,586.0975,5.0850,603.8737,-24.0122,526.1537,-50.9216,478.8446,-121.1799,571.8134,-8.6376,613.7525,-64.8907,527.9862,-66.2307,623.0318,-37.3667,508.2018
616.6381,43.2579,623.8063,-1.0944,623.4442,-47.2138,585.1731,-61.3205,493.6205,-96.5672,605.9291,-2.7797,661.8086,-77.2634,520.9375,-74.7727,657.9864,-52.7309,537.0126
617.0297,59.1898,635.0147,5.3177,657.8145,-36.6100,633.2542,-55.5348,436.1648,-105.0519,631.4839,37.0300,692.2920,-57.2386,487.8859,-56.8632,704.1650,-35.3331,555.2899
681.7264,90.6528,636.8840,36.4984,690.6071,12.6335,633.4733,-35.4014,394.1508,-125.6777,621.9608,87.3208,710.7354,-14.1442,484.4004,-74.0410,713.8376,2.8545,543.7698
676.2868,110.7165,659.6765,56.1123,690.5371,36.6159,613.2115,-31.0402,419.3963,-113.1834,572.5037,116.5330,726.8406,22.0750,530.0275,-81.0779,679.2520,7.0068,517.2820
606.6050,68.5667,655.3743,24.8879,642.3416,3.6283,607.9872,-25.3226,452.6829,-84.9276,521.7181,116.4172,718.5014,41.8731,554.4440,11.3158,636.0703,-46.0095,517.5139
554.6244,2.8477,587.2690,-26.5805,571.7335,-38.8275,592.1343,19.6243,458.9527,-22.0694,492.9831,86.2201,645.8578,29.9172,506.1681,111.4167,620.7914,-87.9404,531.3315
532.1704,6.4453,516.6830,-35.8399,514.9248,-39.5867,528.1567,55.8685,431.1673,68.5770,462.2234,38.1943,535.3131,-10.8202,446.0092,83.4155,631.2577,-62.6301,497.3429
519.2391,64.9802,492.0825,5.3282,489.0316,4.3123,446.6979,32.8099,336.6348,75.5277,420.5830,-0.8342,470.2155,-27.7136,420.2769,3.3152,618.3069,-5.4484,427.8022
488.3657,97.4619,481.3653,52.8489,501.1849,53.0292,407.8817,7.4917,209.7914,-26.6993,394.6114,-13.9022,466.0309,1.4413,349.6223,-4.9564,541.2543,41.4913,392.4318
419.4119,93.0533,454.7950,63.9460,511.8821,60.4387,403.2880,18.2503,148.0986,-139.1405,383.8782,-3.0444,450.4296,27.8577,202.3633,4.8827,428.9420,72.5985,383.2452
352.7278,73.7579,405.7184,35.9512,441.4442,39.7484,371.6035,5.4823,164.6298,-215.7571,356.5547,12.6569,385.8069,36.2177,116.5304,-34.8009,344.7455,67.4970,346.2891
317.2924,43.9890,330.7130,12.7660,314.3203,43.6860,299.0047,-42.0473,194.9591,-222.8046,306.9316,8.7805,312.4921,67.8494,162.7326,-61.8058,307.3487,23.4793,293.4349
264.5835,28.8028,264.5564,23.6391,251.5263,59.6042,227.6086,-49.4320,216.3885,-109.7164,249.9666,-12.8474,262.6021,105.8487,197.2600,-32.7932,284.5905,-7.4803,264.0494
177.2799,27.2147,231.1640,29.7348,247.6095,32.5610,184.8755,9.4291,259.8490,46.0870,180.8075,-33.6751,217.8651,87.5569,126.7051,17.3219,238.4594,-6.9802,265.1288
96.0179,-13.0344,184.5311,-6.9076,193.9132,-20.0505,168.5783,90.4228,346.3267,159.1465,98.7428,-58.1339,156.2009,27.2036,60.4775,66.3402,159.7499,-13.8934,288.7502
24.9150,-68.9591,111.1248,-47.6624,118.5241,-38.8602,166.0956,153.0339,429.6455,283.3052,36.7368,-87.1537,84.6016,-12.9343,63.7258,89.1150,81.5695,-18.2703,300.8734
-24.8421,-52.2374,70.1908,-38.9165,116.6328,-19.2083,151.2132,177.6931,409.1798,383.6179,12.0351,-92.8867,27.2217,-22.9135,40.4353,56.8556,33.5990,29.1741,257.9744
-7.6120,8.6411,67.4207,6.4365,140.5183,10.6281,108.3145,170.9104,260.8849,318.9989,-8.8031,-76.9801,0.5431,-20.8205,-45.8741,11.8508,-11.0377,100.9190,183.1300
30.8662,11.8772,48.9836,36.8706,109.8507,38.0407,58.5992,155.5883,96.7469,154.3559,-48.9909,-74.8594,-9.8992,-13.4469,-93.9084,1.8155,-78.5563,124.7359,125.6628
-3.7302,-21.8424,4.4004,30.3440,48.9859,55.4856,8.7116,132.4960,10.6304,58.6041,-90.0817,-77.8495,-45.9597,-13.4460,-61.4647,3.9997,-132.6458,100.6418,64.2161
-75.7095,-8.9310,-51.1689,16.4085,-20.5931,61.6195,-74.7400,102.2199,-33.5079,22.2840,-128.7633,-50.8523,-126.2509,-12.4170,-45.3480,9.2501,-143.3585,78.0761,-32.2920
-104.9732,37.8282,-102.7144,36.0107,-99.6133,67.1765,-179.4704,86.5009,-105.6343,0.1766,-178.0774,-6.8059,-206.5262,16.9816,-126.7015,24.0862,-141.6740,70.2602,-126.1626
-140.4976,66.5768,-116.7340,78.7422,-138.2827,74.3874,-235.8407,77.6984,-211.7601,15.7156,-217.0345,23.0271,-232.9885,46.4515,-251.6008,5.6652,-163.9512,62.5835,-178.8039
-236.3190,74.9836,-122.2595,96.7156,-137.2190,75.1597,-242.2871,57.6941,-308.3845,21.0626,-230.6769,36.2868,-228.4178,32.7466,-315.3386,-31.0330,-216.7546,51.6396,-199.1770
-302.6617,72.2158,-200.3855,81.4593,-179.8013,64.0081,-272.7750,53.8509,-358.9336,-15.8094,-254.1251,39.5927,-258.9268,18.7006,-320.2171,3.5092,-281.9165,39.7496,-212.9587
-266.3820,69.9313,-308.8095,64.9649,-269.7184,46.4555,-332.6653,67.2233,-378.6897,-30.3733,-307.7072,48.4907,-319.8181,56.6467,-355.9172,79.1116,-317.7360,31.2787,-250.0370
-231.4525,87.5934,-338.8989,59.0354,-334.8283,44.8723,-352.0940,46.5982,-398.2531,-28.3665,-372.8830,76.4711,-347.5042,104.1401,-422.2621,95.8368,-324.3591,39.9256,-309.0638
-317.5363,102.8987,-326.7384,57.9552,-365.5231,64.5846,-331.0098,9.3342,-403.9213,-41.4399,-445.9950,86.0183,-340.7981,105.7585,-429.4427,89.0931,-366.5272,70.0816,-341.8189
-444.7012,96.3887,-350.8381,73.5052,-377.2915,74.6145,-352.6750,14.6102,-403.9744,-20.9347,-504.4470,44.0827,-358.5581,72.3204,-394.3841,100.3070,-431.5995,103.7540,-350.1855
-442.4253,122.8658,-363.1165,115.8135,-364.8731,74.3279,-454.0069,18.6580,-469.9115,-15.8239,-480.7030,2.6870,-411.3942,31.3689,-431.3718,47.6747,-412.4400,125.1590,-405.3108
-315.7654,198.6058,-332.6172,161.5948,-374.4406,101.0922,-583.8947,-41.0932,-597.2062,-109.7058,-377.4275,1.1098,-465.2399,-1.9348,-539.1730,-60.7359,-320.3968,134.4853,-512.3596
-217.7491,234.2051,-331.5360,175.2007,-445.5376,135.4824,-677.5218,-108.7358,-677.1448,-169.9538,-287.0205,-15.7249,-512.8195,-22.6571,-612.7567,-107.3766,-285.7053,132.1494,-607.8391
-194.4764,207.5557,-369.6113,157.4907,-515.7782,129.0434,-720.8563,-128.6813,-691.7634,-110.6217,-244.3408,-76.0220,-554.7025,-53.3427,-637.4168,-114.8161,-317.4000,122.9935,-685.0330
-169.6028,200.8072,-384.3442,141.2408,-535.7305,105.8617,-751.5991,-140.3427,-730.7111,-112.7432,-216.7140,-136.9636,-571.1774,-106.1721,-672.5927,-161.0268,-329.6694,124.8611,-755.2094
-147.9995,194.5726,-387.1745,121.4781,-552.9664,91.8175,-794.9058,-159.0590,-792.3336,-217.0550,-214.9132,-205.9955,-563.5390,-153.5038,-707.5044,-178.1268,-354.4431,130.8654,-776.1887
-214.2857,92.8287,-428.0602,53.7055,-599.8044,43.9424,-813.3234,-153.5898,-789.7394,-226.3227,-255.6762,-308.6655,-556.7572,-184.7701,-695.5775,-128.8122,-459.8893,93.7209,-750.0404
-346.6419,-50.3299,-495.5045,-46.1627,-647.8132,-37.6609,-772.1046,-145.8071,-726.5612,-144.2435,-292.7397,-370.8561,-553.0670,-206.5427,-655.1749,-107.3354,-568.7396,-1.9742,-738.9902
-419.4072,-106.0222,-544.5877,-102.0337,-675.4249,-87.2573,-709.9122,-160.1102,-686.0494,-129.6265,-293.5638,-335.4232,-538.9552,-194.6641,-627.4498,-118.2832,-583.4565,-95.1938,-737.2151
-389.8262,-88.5784,-547.8809,-100.5146,-668.6180,-97.5242,-663.6941,-151.5931,-689.1804,-157.8421,-280.6886,-288.7461,-513.9926,-157.1780,-609.7725,-93.2349,-552.1973,-123.7429,-696.3581
-349.7989,-75.0442,-519.6973,-95.3258,-612.1910,-106.3652,-604.0052,-108.6329,-680.3337,-153.0301,-270.0319,-305.6418,-481.8767,-163.0078,-592.1613,-92.9995,-554.4896,-101.8915,-640.4362
-373.0537,-66.8393,-503.4315,-109.8770,-531.6739,-119.2069,-530.8137,-97.4325,-631.3058,-132.5213,-267.2199,-328.3124,-446.1653,-218.8265,-588.1168,-178.5474,-565.7538,-95.3708,-613.8098
-403.3322,-68.4246,-497.6161,-138.6653,-475.7639,-144.8890,-505.5494,-135.8722,-581.5835,-94.3040,-283.9110,-308.2707,-412.9878,-251.0891,-585.9259,-254.0381,-540.1857,-144.3066,-601.4105
-365.0357,-112.5783,-464.0574,-177.5736,-463.7720,-189.9840,-517.3818,-163.6134,-549.0225,-81.9512,-300.7761,-286.3994,-380.0126,-242.4111,-539.7023,-250.0151,-506.8730,-216.7529,-572.5275
-313.1635,-169.9308,-425.7019,-202.5014,-481.2275,-215.9171,-478.7823,-155.2711,-475.9971,-161.2303,-285.9978,-279.4056,-346.1753,-240.0749,-452.0573,-226.8190,-497.6231,-249.8187,-509.3112
-338.8023,-193.0195,-426.5434,-204.2969,-486.5246,-214.4153,-384.0926,-140.8463,-341.0082,-193.4253,-250.1335,-258.6372,-321.2268,-256.4990,-383.3258,-222.7600,-473.4243,-242.3683,-409.8161
-384.3935,-190.3952,-430.0102,-211.2010,-442.8221,-224.4270,-308.1137,-135.4626,-224.1517,-56.4205,-220.6147,-240.8755,-303.4670,-267.7972,-340.4120,-220.4689,-400.0790,-244.8663,-327.1440
-322.7822,-170.8745,-388.8795,-212.8408,-370.7309,-226.8335,-271.0950,-138.7850,-169.9599,50.7299,-199.5192,-253.5378,-279.1340,-251.6299,-269.6773,-221.3791,-311.9214,-253.4899,-313.3555
-176.2564,-134.9801,-322.2128,-175.1836,-309.4767,-184.8360,-244.1340,-160.6794,-125.5773,-10.5501,-175.3363,-250.9443,-243.7460,-197.3722,-181.9026,-214.2938,-239.5620,-224.6670,-320.7490
-81.8361,-116.2482,-251.0652,-134.1523,-246.7121,-143.8607,-214.8361,-195.0029,-72.8797,-46.8134,-136.3622,-183.5677,-192.0312,-135.1088,-140.3134,-176.7840,-166.1232,-183.5388,-278.7945
-63.9149,-118.4133,-181.4836,-132.0595,-162.5158,-142.5707,-161.9541,-215.3633,-51.5711,17.2540,-80.9144,-95.6020,-119.0634,-111.0494,-132.5482,-137.2291,-90.1196,-184.1209,-203.5768
-27.3364,-109.6286,-137.5906,-140.6402,-85.0685,-149.5544,-73.7857,-208.7712,-48.2424,-10.0870,-27.5264,-67.0805,-47.6623,-114.9275,-94.8400,-120.8527,-35.8798,-200.7687,-126.4241
23.5982,-121.0770,-114.0330,-151.3421,-41.9015,-156.3457,-0.2274,-176.0616,-11.4176,-143.8471,14.3419,-108.8958,-1.5778,-112.5554,-5.7091,-96.9303,-3.2726,-184.1095,-31.5976
-15.7741,-186.4806,-71.4539,-192.4927,-17.6869,-178.5794,29.9710,-126.0683,64.6916,-184.5533,60.2598,-168.3800,34.6737,-117.4163,127.2340,-57.1509,13.6307,-156.9632,67.4943
-93.0706,-234.8388,-7.3128,-235.0589,20.5506,-195.1292,72.0781,-86.2671,144.7395,-93.4311,118.9078,-197.6814,82.4553,-146.1789,259.8810,-35.5140,10.9588,-158.1176,125.2846
-19.6670,-214.7426,58.9419,-241.5049,96.5632,-198.1071,153.5455,-71.0484,181.5220,-15.9012,189.0070,-187.3911,143.0092,-169.3522,306.5896,-28.8472,19.6592,-166.4084,150.7612
185.3992,-188.1075,128.9136,-233.8636,198.8602,-202.1609,220.3921,-58.5909,156.1190,-43.0462,269.1354,-158.6037,220.1560,-163.9000,275.7741,-9.5678,78.6110,-146.6973,181.8710
305.1940,-188.3530,193.5171,-216.7076,279.3522,-190.3063,242.5270,-41.7497,125.7293,-122.3353,335.4441,-135.5206,304.2872,-147.6012,279.9908,11.9422,170.6743,-114.4769,224.6918
304.1867,-180.7876,240.7978,-182.3003,317.2713,-167.5672,252.8161,-36.8668,153.5717,-133.8295,363.2274,-124.3222,355.7731,-140.0938,324.4980,16.1749,255.4814,-109.2218,289.6548
321.2952,-179.3434,294.8372,-178.2596,341.2819,-176.2972,284.8983,-31.5297,215.4179,-60.8607,368.7027,-118.3040,360.7564,-134.0279,321.4939,3.3498,314.5117,-130.7475,388.9306
362.5727,-201.3142,364.7968,-205.4218,365.7608,-190.2734,346.9490,-18.4048,268.1524,-26.1348,375.0718,-108.2419,359.5469,-109.3916,303.0923,-32.5541,346.0314,-145.7460,473.4199
373.0181,-189.7831,418.4029,-180.2413,381.7318,-154.9648,411.0685,-33.7687,315.4123,-68.7426,387.9261,-84.4696,387.1982,-67.1974,335.5803,-82.5219,376.0338,-147.8328,483.6712
415.7888,-130.8393,450.3487,-108.5088,405.6776,-109.5076,427.6280,-72.1398,352.1999,-84.0265,422.3105,-47.0087,428.3539,-35.8973,357.5461,-98.1550,432.7339,-149.1007,449.4431
493.7231,-93.0188,484.2150,-82.5589,456.9497,-100.6133,412.1747,-78.2297,372.9760,-47.9198,466.2105,-9.9413,444.8326,-28.4453,347.1606,-62.2617,484.5918,-130.7498,442.5800
490.3611,-87.0705,513.7087,-91.8780,510.8061,-86.9560,439.3902,-68.0223,408.8705,-28.5741,460.0202,17.8665,430.9613,-23.6236,393.0619,-28.9507,494.6154,-86.8845,474.2691
428.0315,-61.1533,520.1209,-62.1425,528.9785,-42.5103,508.8379,-91.4465,457.5553,-15.2647,404.7409,42.4777,424.2904,-5.8275,469.3860,-39.5938,501.5808,-62.4313,508.4223
438.8297,-10.6310,508.7003,-4.8021,505.3058,-0.4667,548.2946,-108.4518,481.7674,12.1935,383.2812,68.0067,439.5208,15.8599,465.1960,-74.4002,541.5735,-64.3318,521.6815
496.1893,41.7453,489.4911,35.4787,463.7859,29.3964,545.8270,-74.8257,497.8418,-3.5081,414.9507,85.9943,441.4187,26.9135,419.0793,-108.6328,577.3730,-42.6566,514.3777
484.0414,79.7826,465.8656,49.1034,436.6662,47.1516,538.2443,-38.5670,520.1605,-61.4640,431.0835,79.7343,430.6673,19.8449,420.8465,-127.4504,571.0944,-4.9754,501.2549
401.0183,57.6798,443.4523,22.1038,432.3025,28.0209,523.6041,-31.7375,504.1033,-88.1078,398.0223,38.0087,454.0455,4.1533,434.4140,-103.3842,521.3207,0.3222,494.3900
308.9910,-29.4064,421.5445,-30.5752,427.4175,-13.3804,499.4593,-26.3164,475.3808,-72.8869,338.2136,-18.9897,489.8290,-3.7974,425.8524,-48.6755,443.0231,-4.5554,487.8330
248.5079,-79.2894,395.8963,-41.2080,413.8960,-28.6873,496.2910,-20.6156,524.0308,-38.4027,279.3391,-46.6800,468.6325,-12.2525,435.4475,-26.4659,386.4591,14.0340,474.3655
246.1562,-34.5331,372.8037,-0.7377,410.4879,-19.4863,506.8937,-17.4260,600.7596,14.7154,251.1462,-32.8283,406.7776,-29.8078,448.8572,-40.6093,391.7197,20.5167,460.9181
279.0497,13.5183,354.6222,17.5323,411.3317,-15.8410,491.3619,8.4888,575.6629,48.6418,257.6827,-13.7462,369.6376,-31.3856,420.8400,-25.2515,409.8907,0.9990,453.7144
287.8160,-8.7978,331.5206,-13.3976,393.5576,-16.4007,464.8987,39.0759,480.8926,40.9954,257.0681,-15.1669,363.5756,-11.5706,372.9096,22.4734,377.1648,-5.4395,453.7329
255.9741,-47.0248,302.9782,-45.0124,372.6166,-15.1307,472.9712,44.1976,435.3922,50.5695,232.5616,-16.9492,373.1813,-2.7975,326.9406,46.4342,314.4150,-3.9194,461.2513
199.4688,-53.1861,280.0138,-47.3990,368.7471,-21.4814,496.0796,57.0116,424.7742,82.5163,215.4093,7.4720,394.8295,0.0333,276.5428,53.3191,266.3381,-19.7961,458.9325
137.2623,-59.6907,260.6466,-37.2288,350.2842,-28.1669,470.7390,87.5830,374.1449,52.6528,210.6837,45.3843,395.4734,26.3562,251.0458,74.0803,236.4784,-17.2319,425.0627
101.3456,-79.7893,231.0851,-29.5378,295.0650,-13.1514,390.1555,88.2215,308.7719,-27.1289,195.1400,57.2662,355.9041,55.1518,267.2113,73.4450,218.2359,31.5558,377.1726
84.0802,-80.6937,202.0020,-16.3333,248.6508,22.6410,311.3987,65.5063,286.0767,-47.4139,166.2259,34.9676,307.5754,60.4009,281.7066,32.3334,205.4592,78.6772,341.5000
49.4119,-53.6850,202.8174,10.3724,241.0335,51.9874,263.8668,52.3474,280.4584,1.5170,122.2263,23.5416,254.0733,59.4668,265.7875,5.4131,192.2048,81.1140,293.0350
44.4833,-10.9916,218.3481,40.3185,225.3473,61.1725,215.1694,14.5989,223.0664,26.5602,60.3748,55.6241,173.0140,56.5079,219.1719,12.1223,184.1618,63.1165,197.1641
115.2105,40.3228,198.0723,61.6219,166.9054,68.2337,135.9004,-58.0841,98.8633,-18.5086,14.5909,99.0826,99.0324,42.4727,133.6355,8.2122,163.2885,56.7510,75.1314
152.5704,65.6245,144.3517,67.0734,101.8403,75.9214,38.9863,-102.5192,-26.2563,-97.6432,7.0379,107.4148,69.2564,33.0644,41.6112,-8.9365,92.5370,44.1182,-28.5780
58.5630,22.7480,96.8268,34.1371,52.0184,46.6772,-51.3442,-101.3581,-80.7735,-146.9061,-9.1045,71.8248,44.7389,19.2806,0.0905,1.2672,-15.5945,0.5389,-95.8126
-70.5006,-59.4540,40.0080,-40.0194,-17.9225,-23.8679,-119.3708,-88.4933,-78.9185,-135.9237,-73.4186,9.7985,-15.8915,-20.6159,-8.6387,36.2656,-116.8380,-41.9593,-124.9410
-131.4897,-103.4281,-56.2081,-93.9708,-110.3207,-72.0418,-158.1289,-65.5482,-84.1611,-100.3067,-146.5798,-36.7610,-97.0727,-41.1411,-28.9215,55.1397,-192.4808,-44.0325,-131.2774
-176.9037,-82.1096,-150.1543,-80.9237,-168.6887,-61.0705,-185.8205,-44.3587,-113.5058,-80.7476,-184.2669,-22.0292,-174.8250,-9.8943,-44.9709,36.3742,-229.9242,-35.1164,-156.7263
-249.7467,-33.9785,-196.6885,-43.4039,-182.2495,-29.1937,-225.3672,-56.6027,-150.8982,-70.1088,-208.4272,30.3247,-237.8891,6.7808,-58.3101,-0.3964,-234.9194,-42.1748,-219.6908
-291.6958,-4.3847,-221.9015,-27.3967,-211.1624,-13.5361,-262.5905,-70.2083,-192.2276,-65.4917,-250.5866,48.6114,-281.2086,-21.0873,-113.1297,-6.4455,-261.6313,-28.9256,-283.5467
-291.8905,-7.0341,-261.3190,-18.1257,-282.8812,-12.0338,-284.2950,-41.9757,-219.6434,-73.9221,-290.8157,28.7078,-320.0843,-24.7340,-182.9085,39.0672,-322.7701,-7.6499,-320.6111
-312.1230,-18.6842,-316.7137,-9.8125,-359.2758,-17.0953,-324.2449,-11.3963,-222.8021,-58.4420,-300.4846,15.8243,-368.8946,2.6972,-206.0364,91.6254,-355.8105,-45.7323,-359.0208
-345.7135,-14.1264,-374.7910,-20.8501,-417.4860,-25.7566,-404.5770,-20.6399,-249.7464,-3.3441,-297.7699,1.1539,-423.2302,-14.3799,-216.3931,108.8351,-349.8506,-106.7670,-429.7792
-336.5233,-8.8449,-411.8032,-41.0384,-479.4557,-41.6432,-486.4061,-42.7451,-319.2041,24.1590,-314.7535,-31.7045,-486.2009,-69.7769,-260.8817,106.4897,-355.5988,-114.6691,-511.7763
-323.2034,-27.0933,-434.9878,-61.0737,-557.0020,-77.3635,-526.4125,-52.3664,-352.4206,-11.0168,-346.4937,-32.4410,-552.8984,-82.5377,-284.3612,107.3595,-380.0536,-126.1268,-558.6993
-386.0200,-51.0381,-494.4962,-93.3184,-625.4315,-121.4991,-526.0652,-59.3882,-319.4915,-45.3977,-372.7041,24.5880,-584.3050,-43.9568,-256.0855,110.8026,-415.5794,-192.4287,-553.1821
-480.0773,-54.7306,-576.6146,-114.0244,-651.4373,-138.5707,-507.5718,-68.2215,-312.1476,-33.8901,-391.0638,71.2556,-561.1774,-16.1889,-255.1230,119.7682,-468.8905,-219.8401,-519.7486
-512.5814,-42.1758,-597.0954,-88.2505,-628.3777,-121.9694,-491.8583,-74.2465,-363.7976,-14.6674,-403.5527,48.2541,-520.8365,-24.3116,-306.6148,123.0413,-494.0076,-163.0250,-494.6043
-515.4746,-22.0499,-556.7321,-49.6033,-585.6457,-92.8548,-496.8899,-71.4568,-388.1442,-34.9231,-407.0818,-15.7608,-502.3092,-36.8694,-324.1184,91.7367,-462.2613,-104.6996,-481.1765
-543.7120,-9.9352,-531.8853,-50.0747,-550.1661,-61.1326,-521.3161,-51.8997,-361.5949,-87.8688,-401.8676,-64.0140,-500.6720,-32.2755,-294.6716,39.1252,-451.8265,-69.5023,-451.4811
-551.5060,-35.3971,-519.3895,-72.7446,-513.4396,-32.8546,-536.0613,-29.3729,-355.9943,-124.5989,-389.3388,-74.4125,-486.4948,-23.5094,-313.8721,7.1429,-496.8329,-28.6039,-402.0358
-531.6927,-74.0324,-474.6290,-68.2795,-465.6117,-11.4173,-506.8839,-27.9631,-377.0450,-112.9784,-381.8606,-49.7461,-451.8824,-5.4256,-396.0940,-3.8193,-503.0519,-13.4553,-358.0201
-541.6935,-48.3235,-418.5168,-21.8363,-417.4487,21.4635,-432.8280,-33.1752,-364.4913,-65.1084,-401.3875,-0.1009,-427.6670,47.9123,-449.9519,-13.4384,-435.8697,-15.5775,-313.3040
-529.8076,42.6982,-375.8248,47.7691,-360.6838,73.5396,-359.6973,-9.9739,-308.6680,9.9078,-428.1654,49.6112,-424.8836,102.3600,-441.5166,-22.8606,-378.1784,33.5500,-247.6488
-432.3345,105.8415,-337.0860,106.8694,-284.0131,115.8577,-329.7548,35.7482,-223.1515,106.6688,-406.4608,66.8902,-400.4605,90.3427,-410.0204,-35.1684,-368.8058,97.2540,-197.5172
-356.6396,96.6385,-313.1716,125.1129,-233.9271,124.4069,-328.7118,69.1802,-98.9514,182.8168,-343.8351,51.2056,-347.2763,39.3764,-368.1427,-31.1506,-380.0889,93.4566,-203.9430
-376.6046,65.3796,-306.0461,107.3429,-249.1575,108.3336,-318.6889,87.9179,29.9505,233.9464,-307.4792,41.2721,-321.6423,36.8244,-315.0601,35.7313,-391.7902,71.2486,-228.2282
-380.8904,64.7211,-284.5022,97.5523,-270.0795,99.6009,-299.6648,113.6468,87.4820,309.1748,-302.7762,60.0785,-324.7580,85.7000,-272.9629,132.1383,-367.0162,106.6521,-233.4841
-314.5007,100.9236,-251.3566,131.5897,-238.4962,138.9005,-299.4208,131.6631,50.0345,352.2641,-279.6591,94.8390,-304.8926,132.5282,-244.0877,156.6166,-280.7650,164.1786,-253.6652
-251.2498,152.0040,-227.4173,191.2564,-199.9462,223.9687,-320.9310,115.4453,-44.4691,273.4043,-241.5302,138.8862,-276.2055,171.6495,-212.9552,118.1181,-198.9653,202.5670,-287.1791
-209.0265,191.0888,-191.5573,229.1065,-196.8081,283.3750,-330.3876,99.8045,-152.5058,189.9606,-220.3162,191.8742,-272.1827,217.5482,-188.7031,114.2920,-188.1742,241.2235,-279.1383
-178.7738,215.3504,-145.3291,238.1968,-192.2623,276.6439,-301.8221,124.8217,-227.8143,233.6922,-196.4499,233.2747,-261.1292,258.0377,-174.6754,135.1450,-199.4826,275.1633,-250.1122
-183.0060,236.6304,-138.5173,249.6855,-169.3911,259.2915,-257.9938,152.8908,-221.9424,276.4265,-157.3290,245.1503,-231.7110,277.0619,-148.3441,113.8750,-170.9260,280.3652,-250.1674
-172.9069,237.0250,-163.9964,265.2378,-153.5649,273.0484,-232.4863,165.8578,-131.0601,229.2373,-153.5471,223.2907,-215.4583,264.8754,-112.6384,100.9111,-143.8340,279.6820,-226.0207
-115.4908,196.9240,-157.9906,260.8347,-129.3170,275.0550,-203.7555,222.2955,-18.1958,242.6573,-200.0707,168.9821,-188.7201,228.3884,-96.9443,163.2997,-163.5929,294.1743,-134.0976
-104.1838,151.1648,-110.8782,235.0090,-84.2421,232.0213,-140.1586,294.4250,31.8105,313.8305,-219.3007,127.9706,-127.7087,200.1676,-105.9764,227.5601,-171.2491,282.3456,-64.7405
-157.2198,135.0306,-70.0055,190.4533,-73.2701,171.1278,-84.1899,257.7886,-5.1760,234.6409,-165.3776,167.1843,-91.3163,190.1170,-122.2493,201.0356,-99.8907,204.6116,-80.3395
-168.1504,117.4039,-61.5956,125.0140,-110.7147,117.6770,-86.6883,127.7778,-62.0059,52.1138,-106.0554,258.3206,-101.0270,176.5191,-130.1670,119.1873,1.5530,105.3662,-99.5377
-145.5313,70.4807,-63.1135,71.6045,-109.6942,77.0495,-100.4932,47.7821,-62.7245,-3.3167,-108.2912,307.1031,-88.0996,167.6155,-116.3009,63.2474,45.6903,59.2381,-49.2250
-161.9502,36.0484,-37.1479,60.3284,-22.2233,58.9522,-48.3349,42.5524,-2.6813,48.6527,-135.0152,303.9990,-33.0330,180.6358,-74.8591,49.1291,43.2967,58.1619,34.0287
-164.3522,44.1732,13.5631,58.5456,81.6203,55.8580,49.8582,32.7493,81.6216,65.0608,-117.2189,296.8539,21.6285,183.4860,-7.8771,49.2028,56.7276,38.8419,78.0557
-100.4065,56.0582,56.7267,38.8011,130.9842,42.5375,107.6405,2.9883,149.7771,65.2324,-44.1293,278.2438,82.4811,151.7857,74.6448,47.2965,92.8123,2.8561,51.9141
1.7666,53.9072,104.5956,34.3042,150.0830,24.7056,100.7760,-20.9621,153.7152,86.3893,50.1370,236.6409,168.2002,118.6074,140.8556,50.4812,132.3755,1.4524,8.7597
129.9920,72.6027,186.9845,57.8007,193.6364,31.9186,96.4509,-26.7941,97.2527,75.5681,115.0008,205.5459,235.7695,111.3605,173.7522,64.7154,171.8165,32.3499,46.6371
211.5875,94.0573,260.9024,68.9880,249.3181,57.9573,148.7273,1.8925,79.3281,20.9773,118.9678,188.6159,255.1275,116.7188,215.9678,74.2829,192.1546,56.0329,165.0483
147.4643,58.9849,272.8957,53.3314,262.1475,61.8806,227.2364,43.8285,168.9410,-35.4974,109.1042,166.6529,265.9470,114.8964,295.5592,68.8079,188.1707,61.6373,264.7650
65.4089,7.7087,252.8956,38.2685,239.6278,31.1487,296.2640,57.7456,294.8190,-54.0999,156.9801,163.9617,303.6742,101.2874,358.8737,62.9053,204.2973,52.0503,322.6643
155.7997,26.3109,242.5902,39.5943,250.2194,3.5427,380.6176,71.5362,353.9931,-7.3687,237.9182,187.0394,347.9160,93.9877,367.6569,62.4010,255.0996,32.9936,390.4136
314.7690,71.1484,245.8725,47.3852,302.7105,12.2415,468.9930,108.6780,347.7605,56.4301,288.4978,179.6570,371.2650,107.6154,364.5763,62.0295,297.9245,24.3621,445.9055
366.5107,51.8042,278.2567,41.9378,334.6003,34.7453,481.0282,113.3030,349.9046,61.5847,328.4754,123.0104,385.8107,112.3770,380.0872,73.9548,322.2585,24.2314,441.0017
361.4502,4.6315,327.0094,17.6339,331.6489,24.9021,423.7752,82.0541,412.5844,53.8719,383.0500,72.7422,409.4476,84.3324,395.6800,98.1203,341.5681,7.1356,414.8571
358.0164,-15.5326,328.4741,-5.5359,334.7565,-18.8957,408.3360,91.8827,514.3260,109.7021,404.9989,61.2548,425.0623,59.3443,412.2813,115.9939,335.8275,-16.6871,420.4774
323.7469,-56.3411,291.6809,-23.1457,345.3180,-56.2305,452.9415,144.3198,564.0985,177.9348,389.1663,62.5924,422.9201,61.3262,446.3614,151.2525,313.4466,-10.6945,448.2483
323.3049,-121.2308,299.1203,-55.5509,344.2726,-64.7151,466.2509,180.0942,500.6543,190.8142,397.6935,62.1917,432.5499,67.2329,485.6872,228.0665,320.2006,25.7931,467.8093
396.6077,-120.4809,347.7010,-82.4041,358.3846,-53.1863,432.6021,192.7014,386.3734,176.2875,430.7061,81.7085,460.9367,76.1670,506.8993,281.2270,339.1248,61.4482,458.7704
416.6795,-57.4800,373.9775,-62.9890,409.5762,-28.5445,425.4922,188.0953,316.6030,177.5928,442.8530,113.2066,477.2297,91.2357,490.6153,255.3565,323.7794,77.2867,433.5141
348.9811,-29.9200,388.2148,-25.8417,457.6642,3.0617,467.2776,163.1774,285.1428,200.1156,439.0817,98.2689,478.2045,78.4508,431.5719,218.3916,295.5549,82.6859,445.1220
333.1099,-46.9837,410.7466,-17.9400,459.5930,19.8507,514.6778,153.9363,258.5818,215.9016,426.0602,28.0125,470.3567,47.3881,382.1139,229.6743,282.5051,95.7298,496.2654
393.2090,-49.0898,398.7058,-14.7701,430.2585,14.2662,536.6985,169.3650,281.2567,184.4156,383.9225,-20.6829,430.5131,51.0492,413.3224,232.7296,266.3140,109.0533,513.4695
405.0520,-29.3218,350.4299,14.2658,407.0294,15.9637,536.7602,158.8092,361.6217,128.6674,338.5746,-19.9216,379.3561,73.8355,494.0390,192.3328,258.6713,104.9373,479.9115
332.1776,-3.5750,328.6080,48.5461,395.5045,45.3544,533.1981,117.4088,392.2395,98.0818,330.4166,-27.8201,382.8186,75.7123,508.1984,164.1229,287.9775,100.4791,447.8687
256.2450,24.0044,342.0693,74.8811,378.9853,77.9573,532.7517,86.7833,325.8076,59.1706,341.9081,-41.3520,425.6355,83.7615,422.0062,167.4037,315.6942,112.7879,415.8520
242.4563,31.7592,342.5496,92.5493,361.8239,90.1785,525.6035,72.8770,266.1759,-2.6580,347.4484,-7.5735,435.3507,109.4075,335.9611,157.5034,298.5564,115.3451,369.8000
265.3086,21.4043,320.6405,86.5469,362.7193,95.6005,510.9203,75.5536,272.5085,-10.2574,341.5984,28.3903,411.8377,114.1175,331.1381,127.8523,266.9319,97.5616,358.9778
247.0865,35.2927,304.7430,78.0459,366.7799,106.6508,489.3363,103.3557,271.2614,26.5594,303.3458,10.2436,384.4189,108.4638,350.7580,112.7962,257.7726,85.8709,382.4406
190.6934,73.2787,298.3883,102.6347,338.7061,108.4979,446.5903,127.0861,226.5207,23.2444,238.9308,2.4550,335.7891,120.4534,309.3260,123.9884,259.3700,73.2084,359.8272
181.7286,88.8674,276.2234,118.8537,280.5282,90.2148,390.5995,123.0378,184.3489,20.9417,197.3150,39.9659,271.8488,114.4595,238.2831,142.9047,249.2518,38.9787,292.0330
211.2495,68.0854,226.3226,76.0020,221.9761,61.3496,351.3193,105.2275,151.5449,66.6447,180.2049,37.5704,235.4528,74.0051,209.6400,139.0229,213.7126,13.4583,258.5703
184.5579,22.3096,174.1163,16.7427,172.0558,32.9767,321.9161,78.1283,119.2294,76.2146,145.2736,-30.9171,217.8344,42.3976,201.1145,109.0011,147.1861,19.4838,258.6669
107.3920,-38.3275,146.4636,-10.5040,124.5528,12.8070,278.9405,62.9283,122.7928,50.8429,92.5666,-81.7849,178.5688,28.8235,162.4910,100.2188,81.3216,26.7580,237.5596
62.6988,-67.3145,125.5530,-17.7220,86.0150,14.5213,237.8598,100.0932,143.9413,94.4647,43.1045,-64.5228,124.7958,18.0638,113.0762,125.7835,73.9080,21.6519,202.4151
71.6488,-12.0727,87.5094,3.9783,70.7896,47.8410,211.9322,143.7596,101.0330,151.2123,-4.7453,10.3056,89.3519,33.9407,76.7258,115.7068,127.2763,27.1100,175.3639
101.1307,91.3298,54.3736,66.5326,82.2193,94.5470,180.2967,118.6712,-1.6800,111.3512,-40.8279,99.6299,80.5938,75.8863,38.6014,49.3397,158.2464,51.8869,133.2435
99.7153,145.0107,50.9119,104.9143,100.4149,110.7609,132.8378,75.6285,-83.7580,58.0394,-51.9687,122.5834,79.2281,87.2678,-0.7235,10.9948,99.7896,86.0530,68.4363
33.5836,120.0507,58.6844,78.5536,93.4304,81.3832,73.4884,88.7252,-121.6280,87.2640,-56.7504,62.6677,57.9029,47.9719,-34.2348,29.2210,-0.0901,109.3556,12.1567
-41.6363,85.2092,48.7872,57.1672,51.6236,56.3192,7.9981,112.2056,-131.6332,116.3411,-69.4521,16.6180,18.3509,1.2166,-65.4854,36.4715,-56.3309,98.9857,-26.1077
-73.6093,88.9539,16.1190,80.6141,-10.2832,76.9980,-38.1435,104.0442,-122.2408,56.6846,-89.5661,30.5890,-15.1284,-15.5629,-68.8234,24.1356,-79.2045,66.6554,-68.9620
-119.4103,88.1910,-21.7103,86.9266,-75.6420,100.2735,-65.0476,106.7418,-133.1904,-44.7089,-128.0697,44.7750,-51.4011,-0.6337,-43.3464,42.5087,-119.4054,41.8991,-116.7258
-176.7193,44.7057,-39.9298,51.3888,-121.0743,74.9221,-113.3202,131.5036,-189.7337,-85.6095,-172.5661,40.2870,-108.8531,30.0631,-65.2916,75.6513,-155.8175,22.4843,-136.5933
-134.5389,7.9018,-44.2418,27.1429,-135.2198,35.2301,-158.3994,147.2742,-235.7860,-27.2450,-186.8182,52.7523,-159.4765,63.8513,-149.5128,81.2336,-155.1227,1.7462,-120.0619
-35.6435,21.9352,-72.5368,33.0323,-152.4645,30.2097,-130.1385,153.9155,-219.3868,49.2098,-179.5010,75.3165,-181.5953,91.8711,-184.4789,63.6736,-143.1239,-11.3148,-109.4758
-51.9306,48.4208,-127.6820,42.6305,-199.3944,36.9554,-64.3911,144.4588,-149.7357,55.4179,-183.3969,85.7117,-199.0673,87.5849,-119.5133,23.3534,-145.5436,-31.1589,-134.1261
-171.6936,53.2288,-176.3057,44.7161,-248.3417,16.9988,-36.7436,100.6323,-25.0845,55.8591,-195.6830,83.6816,-217.7779,32.9940,-39.0573,-28.9785,-165.9725,-73.0502,-161.5493
-254.6085,51.0586,-224.1091,27.5462,-291.6827,-20.8303,-14.2976,61.3993,149.2301,147.9550,-214.7108,54.9429,-227.8496,-32.6526,0.3517,-28.6017,-212.5025,-113.6269,-164.9057
-281.2387,33.7245,-289.3046,-15.8159,-358.8696,-48.2498,22.4327,74.4181,284.0112,263.8490,-246.5471,-5.1715,-253.1727,-63.9976,20.8837,27.2551,-254.0719,-133.5184,-177.0711
-294.8929,-12.9353,-333.3812,-41.5047,-417.3228,-47.0984,-2.7971,111.0268,294.5447,287.2149,-250.3980,-56.9683,-290.8669,-72.7830,28.3978,45.4668,-238.6031,-133.9818,-209.5612
-303.7788,-42.0081,-321.9806,-13.7199,-403.4465,-21.8079,-70.6603,116.4115,211.8578,234.4622,-196.0645,-65.1476,-288.2578,-76.4662,11.3715,14.2715,-191.2079,-113.7868,-209.0076
-322.9543,-11.1270,-286.4261,26.3456,-346.7451,-3.3517,-68.9851,89.6378,110.2224,181.6852,-131.1241,-35.2873,-250.9645,-68.8852,-21.6881,7.1574,-155.9319,-90.6522,-163.7333
-309.1062,46.7324,-256.2210,40.2929,-312.0337,-1.7341,-34.0424,69.6740,11.6019,140.3449,-92.7292,-0.5820,-239.9651,-65.7968,-66.9075,7.3172,-99.1028,-78.4288,-140.8665
-173.5238,85.1273,-219.5258,50.6341,-283.0081,11.3982,-78.4284,72.0139,-75.7676,75.5008,-59.0245,8.0015,-253.0244,-75.8582,-116.3710,-32.5821,-18.3859,-49.4270,-159.6751
11.4828,94.1369,-176.4611,58.5555,-222.2662,32.0173,-147.1047,69.7972,-107.3365,-2.0288,-25.2392,5.3967,-244.8424,-64.9530,-136.5351,-56.2613,1.3666,-13.9204,-155.6380
66.7479,70.5768,-144.7424,29.7095,-151.5515,19.7280,-136.3103,52.2549,-60.5739,-18.2396,1.0372,25.1122,-212.6265,-31.9743,-119.3873,-29.4663,-51.1222,-28.4066,-116.2956
-13.1812,18.1350,-123.6960,-15.7746,-108.1028,-15.5860,-99.2300,45.1937,0.7544,22.0704,37.1969,46.1143,-169.6542,-21.7367,-104.0837,-14.4605,-86.1047,-62.3377,-111.7323
-80.9707,-25.5466,-109.1523,-28.5870,-99.4193,-28.8653,-109.3605,37.6700,10.2094,-3.2619,54.2962,40.9947,-127.3382,-31.8908,-103.0942,-19.6328,-77.1140,-43.6452,-153.4893
-64.2666,-17.6998,-105.6730,-19.1158,-109.1391,-23.4327,-120.1030,-3.9330,13.5766,-90.5535,-6.8919,37.5566,-124.8019,-28.3039,-73.6062,0.8524,-72.9546,-10.8275,-164.2061
-16.2521,25.7530,-106.0426,-14.6239,-110.0325,-24.7440,-89.6867,-39.6089,71.9602,-73.2095,-90.5430,39.1112,-162.4462,-20.6498,-2.4392,20.2169,-84.6295,-19.4602,-112.2237
-27.6562,31.7882,-94.4164,-2.9750,-88.5867,-24.1279,-50.7035,-21.7036,110.8295,47.3928,-77.5234,10.2965,-155.8996,-25.4218,45.7514,5.1926,-95.4621,-24.8101,-58.0094
-98.9373,-20.7169,-64.7860,14.1612,-49.0487,-6.7644,-21.0069,4.5071,44.6240,91.4554,7.5893,-25.4766,-67.4268,-30.1834,22.9961,-12.7772,-109.8162,8.0117,-52.4624
-93.7192,-46.2198,-29.4843,13.9779,7.2902,22.9900,5.0355,6.7953,-49.6079,48.4692,36.4236,-35.6724,16.9485,-35.1314,-20.3437,-22.7298,-122.1729,55.5664,-70.0006
36.7184,0.7852,-12.1391,10.1359,60.2360,48.1089,9.8692,28.5962,-76.7202,49.8823,-9.2767,-58.7458,28.3872,-46.7421,-28.0192,-27.2084,-106.3057,102.9798,-51.6934
116.4089,27.6991,-15.2268,18.3531,66.6152,43.4827,-10.7535,70.2470,-85.2842,95.9648,-37.4366,-99.3052,8.9327,-48.7277,-27.8243,5.7875,-53.5945,116.0678,19.9983
58.4141,-19.9271,-12.0575,11.9823,34.2306,18.3595,-25.6877,93.6769,-125.4131,115.1411,-6.2577,-99.5723,8.9970,-34.5705,-38.4751,54.8605,4.6873,74.6273,91.9472
30.2681,-47.6145,11.0881,-10.2234,28.5869,25.5303,-21.9708,111.5119,-143.3616,107.2770,46.8470,-65.2929,19.2917,-14.8399,-21.1008,59.0870,24.5779,58.8027,98.4542
102.6257,0.8373,46.6420,-1.7088,75.9634,66.0946,-23.4152,111.6229,-114.4285,76.9288,88.4792,-34.1159,34.0007,15.4164,1.2162,40.0569,18.7220,106.4755,47.4836
125.6218,51.0494,95.9446,41.3228,136.5922,76.1029,-51.6404,41.3569,-90.3578,8.7897,113.5243,15.4597,66.2928,58.6813,-37.3880,23.7362,49.3972,118.3326,3.5837
63.9895,63.7805,147.6196,70.7829,168.5124,51.8195,-95.2293,-53.7881,-89.8473,-79.1626,117.1380,78.6372,98.8955,92.3352,-82.5482,-34.1308,115.1925,69.4445,0.8263
43.7257,78.2174,164.8593,74.3304,166.4948,50.2564,-108.0402,-83.6497,-83.5222,-145.3121,96.5331,100.7599,110.0574,94.9581,-39.6753,-104.1490,148.1920,49.8171,25.9153
80.9096,87.7015,145.2384,75.3934,154.3516,65.7230,-57.2439,-72.1336,-60.3843,-150.2955,73.1317,88.2158,116.9632,67.7215,30.1704,-105.1106,142.1267,48.4488,60.3211
101.2198,54.8459,121.6819,67.0897,148.1638,54.3801,25.3863,-74.3227,-31.4168,-114.1682,78.1574,77.4225,132.4726,39.6659,26.2114,-86.7267,142.1508,7.4707,101.5559
99.7654,2.5362,102.8760,26.6124,134.3850,28.5627,90.8673,-70.1662,-3.8025,-117.0788,101.3832,59.8416,138.9442,48.4514,1.8935,-114.5678,139.2835,-19.8066,154.9482
89.7516,-18.4115,91.9158,-22.6600,115.9369,14.8975,141.2458,-51.7254,27.7112,-141.1051,91.7816,48.8352,134.2235,85.7966,34.5981,-114.4995,121.0037,-8.5074,207.1639
83.4747,12.2703,102.6821,-21.3729,128.4936,13.3127,185.1709,-45.2129,62.6794,-98.1559,39.4946,76.4348,131.8868,110.8702,66.2859,-57.8348,135.9563,-17.0300,225.7762
135.6870,80.3995,111.7219,46.7310,164.0144,40.4178,192.5663,-41.0397,62.0841,-63.8474,-2.0737,109.5365,123.4667,127.7470,37.7833,-41.9784,200.0760,-13.3719,213.6912
218.0961,141.9715,93.3131,122.2945,171.8822,100.8359,161.7641,-31.3523,6.9745,-138.4938,-9.4544,114.7816,105.8302,155.6936,9.3389,-83.1758,254.5706,56.5371,208.3793
198.8315,158.2934,82.2962,143.2842,153.1310,139.8405,142.4883,-31.8099,-16.3738,-180.5712,-19.7697,118.7616,96.3543,159.2176,35.7371,-106.4690,246.5851,108.7166,195.7200
87.5769,132.5881,96.6977,116.0063,135.4126,121.6359,143.6391,-24.5275,67.1749,-81.2990,-44.1141,124.3078,78.8957,122.6371,70.1121,-88.3256,165.3854,81.8783,129.2104
53.3283,84.9742,86.8398,79.4595,93.5907,87.4940,115.2385,4.5982,162.5774,2.7166,-55.5707,108.4478,21.3722,106.4550,51.7666,-20.1703,52.7824,54.2600,35.8969
118.9190,38.8912,38.3326,52.1090,9.1455,80.8176,35.9532,25.8157,135.3615,12.8441,-67.2103,90.2542,-44.4597,134.2863,-24.9987,83.7705,-10.0031,66.9341,-30.7561
123.0805,32.8945,-2.4207,48.3819,-66.3765,95.4084,-64.1484,41.8547,16.9997,110.5550,-109.8864,85.3369,-65.1593,149.5451,-134.1394,116.2472,-21.7830,77.2317,-84.7012
10.6405,72.3987,-21.1445,77.4804,-85.4575,110.3318,-150.3817,83.1382,-84.1939,277.6714,-161.2765,81.3732,-62.8497,129.9781,-221.9634,52.0320,-80.7468,86.9579,-136.8017
-105.2717,106.1801,-39.1231,106.1167,-70.6002,112.7783,-199.2801,120.5604,-155.3112,307.5205,-191.9960,85.1606,-86.7734,109.3145,-237.0163,30.6345,-194.5471,107.6703,-149.3228
-154.5027,102.5267,-67.2511,92.3420,-71.1848,94.0967,-195.1463,111.6618,-223.0360,190.8571,-212.9577,79.1810,-116.1442,89.7935,-214.1770,71.8893,-249.5539,94.4662,-121.6075
-172.9734,73.6830,-100.5999,42.0000,-94.6926,46.7576,-142.5831,67.9435,-253.2991,95.7601,-220.7217,10.3269,-109.0505,43.3153,-223.1745,25.8196,-216.3246,33.0784,-83.5906
-178.7890,20.4834,-100.1382,-21.2079,-101.5197,-32.4349,-75.9950,-0.6058,-211.1464,61.7861,-192.0674,-96.8358,-90.6091,-31.4852,-222.7926,-105.6159,-165.4467,-33.4677,-32.1624
-129.7959,-54.1158,-34.8075,-90.8358,-75.4363,-119.1979,-37.9282,-95.5550,-130.0105,-15.5810,-142.4453,-163.6653,-100.8101,-111.3073,-141.6704,-175.7029,-110.8951,-85.8267,12.3714
-8.8357,-113.2677,33.9250,-151.2396,-56.5757,-170.5088,-26.6810,-177.7880,-62.3077,-158.8023,-99.4456,-193.8677,-110.9047,-174.8186,-52.0197,-184.0627,-39.7186,-132.4596,7.2732
115.1602,-141.7586,36.6507,-182.4976,-57.8647,-186.4591,7.8814,-213.5647,-11.3727,-228.4325,-58.9409,-229.8500,-76.1233,-218.4970,-33.3182,-217.1666,6.8376,-169.8817,-4.6143
139.2893,-169.0138,17.8415,-197.5253,-34.1739,-205.8680,75.3666,-223.8459,51.0515,-150.1508,-23.5396,-255.9439,-16.2262,-252.8748,1.0049,-241.3037,14.8428,-190.8216,38.7877
55.1271,-197.3698,31.8381,-213.5596,24.0014,-228.2772,116.6288,-229.5329,121.9335,-86.8995,-1.4670,-250.2663,34.4932,-266.4713,103.4643,-207.4164,28.8534,-188.4861,90.0489
-6.1979,-184.1279,50.6657,-209.2828,87.8201,-218.1122,112.5144,-227.7274,160.8705,-162.9017,37.1440,-219.8567,90.8780,-234.8862,152.8183,-175.1870,64.0573,-152.9279,95.8110
62.9294,-121.7068,70.0789,-165.0107,163.5872,-172.0101,113.7049,-223.8009,147.8887,-227.9280,104.3968,-173.6699,162.6720,-187.9832,106.2680,-186.2783,101.8376,-92.0391,97.2457
178.4253,-72.0540,117.6760,-114.8549,244.2984,-119.0231,139.5293,-214.2634,112.7999,-164.6212,151.0090,-143.9997,223.3729,-183.7431,89.7070,-183.1785,130.7481,-36.0672,121.1665
190.3667,-84.5353,157.2125,-108.5264,278.0369,-88.3164,167.9719,-178.4801,97.2699,-92.2056,159.0539,-152.2598,270.4358,-202.8680,143.5302,-120.0967,129.4756,-11.4095,135.1006
128.1272,-116.4194,159.8545,-133.7343,265.5947,-86.4746,191.5042,-124.8586,109.8643,-75.4934,176.3046,-140.2210,312.3423,-170.2514,191.9566,-36.6796,96.5396,-15.1400,132.9214
143.0907,-92.5964,164.1631,-123.3938,257.8023,-73.3745,189.7847,-85.8013,122.4964,-40.5825,216.4962,-67.2167,315.5443,-80.1688,229.7964,13.6114,85.4973,-12.5661,129.8865
245.1040,-22.4246,173.9905,-55.2912,255.8302,-19.3072,141.7694,-64.9547,103.7969,5.1426,242.5185,-1.7547,275.0899,-8.2373,270.0612,38.3949,120.2918,19.6602,124.5194
299.5814,24.8669,163.1169,7.7194,241.6319,19.0003,95.6569,-43.9286,58.9220,23.8792,248.5248,11.5584,256.9469,-0.5404,249.8799,64.4693,151.8347,52.7270,125.3345
262.5171,36.4657,162.5282,14.9306,232.4334,-4.2718,97.9416,-24.0326,21.1193,45.2107,256.3846,34.3597,276.6405,-16.2965,164.9031,71.0606,151.9250,50.3930,126.4774
219.7950,52.7196,189.0753,0.9491,232.1727,-22.7027,101.5487,-21.4101,2.8678,33.3168,264.2135,98.5049,265.8763,3.5096,104.0283,38.1279,145.3867,31.1019,95.2676
216.4489,76.0825,196.5144,11.2019,227.9003,8.1526,65.9134,-35.4579,-5.5941,-62.4421,262.9566,144.3915,211.3362,46.0086,92.1267,6.8969,146.3171,30.3229,57.3468
216.0796,65.3781,176.9750,24.2366,216.9014,17.6116,30.2107,-49.2437,0.2182,-154.7473,251.9678,124.1866,172.1447,50.0735,80.8656,10.8617,154.7551,32.1921,73.5720
204.9275,6.1531,161.3542,0.3457,181.5777,-26.7124,18.2888,-58.1213,28.1868,-160.9449,222.2472,52.5589,157.1494,5.4280,67.8032,19.6116,181.9488,-0.6110,117.7184
204.1276,-55.6599,143.3382,-49.4882,129.9875,-62.9685,14.6428,-73.5700,62.1914,-121.2968,180.0567,-25.7458,127.8391,-45.4283,91.6473,3.0855,225.9840,-49.7630,125.7692
204.6951,-61.9177,127.3969,-81.5988,126.1654,-74.9959,24.5204,-94.5802,81.0598,-90.4650,165.0427,-67.0523,93.4918,-86.9373,148.2730,-38.6897,269.4362,-59.4681,111.4067
192.4477,-23.6135,145.9206,-77.1350,175.8428,-92.1111,46.6163,-106.6192,77.2989,-104.4580,195.3565,-65.7869,101.9607,-123.1390,180.0052,-104.1652,295.7374,-30.3844,110.5592
199.4883,-8.3449,181.3887,-62.0469,209.0925,-94.2990,62.9467,-111.7632,52.4892,-163.1114,230.8908,-58.4977,157.7866,-133.4927,156.5104,-164.4443,275.4914,-20.0670,117.2224
242.2538,-31.4944,192.1227,-65.9862,217.3810,-69.7481,93.3503,-123.8325,33.8540,-189.3654,230.3514,-68.1954,200.6448,-120.6215,134.2893,-176.2104,205.8831,-36.5503,137.2316
260.9037,-45.7969,181.2659,-74.8859,232.4200,-53.7491,153.9181,-142.7793,58.9617,-190.5730,206.1811,-82.6582,185.6426,-127.4463,160.3606,-166.1804,158.8724,-25.0923,178.0338
214.3467,-41.2557,172.2908,-60.5968,232.6878,-44.3326,196.6610,-161.4078,97.5677,-278.8556,190.3765,-87.4920,163.5655,-150.6191,174.5476,-190.8774,180.4477,20.0834,191.3562
175.3529,-44.5611,183.2326,-34.8393,222.9815,-20.0272,181.7870,-168.9171,74.2795,-373.1381,186.5146,-81.0906,201.4582,-140.6431,134.1362,-219.3972,199.6042,38.7089,149.4072
214.2927,-48.1899,212.3268,-20.5000,247.7386,-8.7894,134.4556,-139.2822,7.1131,-276.1437,181.4665,-71.6476,248.8115,-104.1520,100.5307,-186.5956,156.2064,13.6592,116.3899
255.1451,-38.3681,214.3530,-9.2268,267.8580,-15.8292,90.3921,-64.0346,-9.2408,-76.5139,163.8260,-69.6084,216.0691,-87.2132,82.3199,-118.3205,109.4498,-4.0591,139.7005
191.7862,-30.2118,172.4155,5.7540,223.8807,6.3637,60.4508,9.5111,22.6673,-2.7228,121.9861,-65.4067,132.6145,-81.2136,18.8637,-89.0832,106.7592,17.7286,153.5712
75.7432,-22.5301,144.6520,13.0860,156.7374,49.1479,38.0194,27.3508,10.7664,-27.1902,66.8481,-36.9436,77.9446,-54.1538,-40.7956,-109.1110,89.5728,53.2185,85.2500
31.7040,0.3172,138.6067,19.9086,108.5289,57.1760,9.5723,6.2758,-53.1592,-11.0241,34.4846,8.7063,49.2012,-19.5758,-27.0634,-126.0394,20.3743,62.2250,-17.6891
54.2216,22.4933,87.0327,36.4577,56.1210,40.4599,-20.9624,10.7624,-101.1052,35.0918,21.3261,36.2107,12.8339,1.7104,-29.4409,-99.9933,-52.0545,37.6196,-69.5754
38.5657,24.0096,5.0751,40.5080,-4.7761,36.6822,-50.9689,53.2975,-122.1178,53.3476,-17.1813,31.2627,-29.7434,19.1204,-112.7260,-47.8164,-98.3426,7.0386,-89.2425
-41.3586,15.3076,-35.2672,20.3269,-66.1978,28.2435,-105.2811,72.7305,-137.7648,34.4804,-69.8959,20.2673,-77.6559,38.6269,-166.4769,-19.6216,-134.1855,-7.0574,-134.9185
-118.0509,11.9176,-50.0925,6.0946,-132.3798,-0.3874,-169.4659,37.2364,-138.3590,-4.4291,-87.1991,30.3150,-129.2056,50.8472,-135.8058,-31.9782,-148.1297,-11.8622,-171.8076
-148.4775,22.5707,-75.4626,18.7868,-163.5719,-13.7363,-180.5101,2.4607,-140.5696,-4.0338,-92.6726,46.5709,-164.0681,47.3757,-120.0629,-48.8961,-122.3933,-19.7996,-152.0830
-145.6678,48.3104,-84.8730,44.6330,-140.4491,7.9939,-154.6053,10.5729,-187.1284,50.0307,-129.8797,39.8574,-179.4873,22.5981,-164.0383,-37.0840,-88.7066,-26.3592,-136.2561
-135.2674,67.5754,-81.9221,64.5151,-134.6630,31.9380,-178.8831,18.2541,-258.6223,68.9956,-155.6861,24.7660,-188.1052,-8.4436,-217.4589,0.5187,-85.6883,-23.5784,-187.3857
-144.8306,64.3339,-108.9377,63.6579,-176.0333,27.4314,-247.6725,-1.3187,-297.1677,34.0556,-137.6961,28.3250,-194.6711,-12.3482,-254.8624,46.7193,-110.6940,-19.3476,-258.0353
-189.6806,52.8328,-160.8962,39.0327,-217.6610,9.1266,-282.9181,0.4578,-291.4624,31.9181,-142.1159,26.5373,-223.4783,5.0236,-263.6933,83.2802,-149.4492,-34.1432,-295.0173
-241.0392,36.1152,-220.8217,15.5671,-275.9206,8.2854,-285.3143,37.2606,-272.9751,56.5740,-200.2759,0.7353,-290.7027,5.9528,-244.6768,93.0051,-199.2072,-63.0093,-316.2843
-268.4510,3.4863,-288.4765,14.9245,-366.9120,22.3842,-306.4674,55.1542,-284.1853,38.3411,-244.2954,-5.8566,-345.8888,-1.0786,-261.1942,80.0107,-252.3491,-60.7220,-333.7569
-298.1239,-19.0102,-330.6696,24.8910,-397.7892,26.0803,-349.2014,45.1861,-347.7176,13.6656,-245.3096,21.0149,-352.6444,14.2492,-338.9207,70.7042,-291.0396,-17.7108,-342.0432
-341.9703,-2.7321,-334.3629,31.8150,-344.7496,21.6024,-393.3700,44.3061,-421.7590,34.1773,-248.7754,32.4259,-368.5026,33.4066,-399.2157,80.0602,-303.9750,4.2595,-364.8859
-344.6741,23.0839,-347.5197,38.7278,-328.2294,24.7733,-436.5771,36.8193,-450.0076,47.8356,-270.7400,34.9787,-436.6414,42.0130,-397.9237,93.1984,-307.3430,-15.0612,-408.0632
-306.9450,28.8398,-375.8844,45.8017,-378.2189,27.9642,-476.7092,-6.7098,-441.2254,9.8216,-297.4005,84.7159,-500.4005,67.8289,-382.0461,83.7363,-326.8496,-13.3179,-437.0675
-320.3688,43.5824,-381.0976,59.7402,-396.6877,33.7033,-499.3259,-45.2599,-414.3591,-43.9114,-332.5354,144.1658,-502.6746,93.0552,-380.5087,45.3732,-347.0016,25.6327,-444.3116
-391.4585,84.2979,-385.3057,86.9478,-374.9575,61.4995,-483.7129,-33.4552,-364.4889,-72.0880,-364.8643,123.2127,-466.0312,63.9508,-382.8366,5.2437,-335.6780,51.3276,-443.7032
-424.9660,101.9368,-418.9523,96.2695,-387.3280,87.3615,-438.6307,1.5201,-335.2302,-62.5074,-368.9967,40.7060,-435.8239,12.0924,-381.6434,-7.4319,-317.6021,60.3287,-422.3512
-408.7464,63.5575,-440.9555,64.9759,-429.5873,74.1983,-423.0503,16.2787,-368.0807,-20.2433,-353.2271,-7.0972,-419.7814,5.2805,-362.2398,-2.1103,-329.0786,75.6042,-388.0276
-393.4150,19.0079,-422.1654,40.7657,-446.5138,50.1753,-464.9612,10.7780,-405.3778,23.0588,-332.9823,11.2930,-400.2534,17.4904,-334.4177,-0.8408,-332.3254,77.0333,-385.0710
-359.0916,20.8034,-391.8441,59.8992,-426.6987,49.6413,-504.6138,8.4421,-393.9916,46.9026,-300.7618,43.8754,-372.3844,0.0453,-342.3535,16.0960,-294.2341,62.5559,-406.6100
-308.2215,39.9668,-370.2356,73.7428,-394.2755,45.5665,-495.3082,30.7891,-367.2477,92.0306,-268.6379,31.3232,-351.0648,-16.0465,-362.8794,75.2726,-272.4673,59.2480,-399.1028
-309.3163,34.8167,-358.0518,52.0927,-376.3257,27.3626,-465.6636,80.6903,-342.2710,186.2195,-261.8870,-14.9948,-335.8008,1.1017,-327.4208,138.6727,-301.1673,53.2687,-361.0593
-327.6529,31.3575,-345.0977,45.4380,-370.9624,30.6758,-436.3719,124.2450,-314.0966,242.6121,-262.2541,-10.4267,-308.4149,30.7633,-282.1580,147.5157,-312.7542,38.7295,-334.6554
-276.4431,51.4743,-292.2935,72.5773,-342.1701,50.5858,-404.1018,121.7095,-322.4066,168.2948,-240.9122,67.9387,-279.5530,63.2595,-323.5719,111.2086,-266.0410,53.8642,-328.2443
-210.7975,52.6469,-202.5012,81.5433,-289.6971,52.6762,-397.8094,84.1822,-364.6588,46.5634,-218.3849,108.8411,-272.5146,92.8706,-396.1846,77.7465,-213.0892,82.5607,-318.7801
-198.3358,15.5056,-159.5191,57.4470,-260.9295,47.6541,-424.9161,63.5185,-379.0554,22.7546,-224.0153,46.0099,-267.6706,89.3695,-381.6607,63.8266,-200.1939,71.6001,-288.1185
-186.4305,-15.8209,-200.4317,41.9700,-256.9920,52.7208,-413.6405,85.2819,-360.0207,70.9539,-246.4804,-15.1738,-239.2379,68.2490,-308.0357,71.0680,-226.5432,45.4734,-227.5976
-188.1598,-23.2300,-258.9944,45.3264,-235.2136,49.8826,-302.6834,120.1649,-306.7631,98.1396,-270.3704,10.8459,-209.3726,78.6728,-262.1689,102.1758,-285.3482,45.1386,-152.4010
-274.5557,-32.4069,-284.2631,38.5393,-204.4179,34.0011,-136.0829,128.1595,-180.7576,133.0058,-301.1214,38.6088,-199.4442,86.7017,-227.2808,130.1906,-351.1278,47.8692,-102.9278
-344.9320,-41.7578,-284.6052,17.9096,-195.0455,21.3443,-18.1490,108.5202,-58.5749,188.9176,-320.1439,-14.2949,-184.5043,30.3291,-173.3304,122.9928,-372.0279,51.0618,-98.6514
-292.3115,-25.5816,-261.5904,13.7984,-183.9014,19.5799,2.1787,83.7855,-56.0612,176.5122,-283.9611,-75.4912,-141.8380,-30.5222,-145.5934,93.9890,-332.5727,74.6320,-121.8559
-240.9445,17.4228,-220.6676,40.1054,-158.4891,37.5476,-24.5419,59.2595,-81.7114,101.4256,-204.0685,-52.0828,-96.8904,0.6663,-147.0707,78.9006,-273.6634,72.3366,-150.0568
-271.5565,58.2200,-201.4337,63.6232,-164.7996,65.1370,-33.0881,36.9553,-2.5837,65.5131,-158.3112,22.1091,-95.4540,77.0264,-101.5219,91.0867,-232.6045,16.0509,-166.9849
-246.2056,60.3674,-213.5990,49.4325,-208.4535,59.0223,-29.0769,34.5570,95.6135,61.3669,-180.4753,57.4603,-139.5537,84.4044,-1.3077,106.1552,-207.1172,-16.1507,-159.8944
-131.1176,30.5996,-208.3618,29.1565,-216.7345,29.3591,-34.2728,47.7816,110.2791,31.4896,-208.0574,40.4028,-163.2489,30.9987,65.1553,73.9479,-182.1132,30.3265,-130.6706
-68.6590,25.6389,-154.4216,59.6310,-152.5520,49.4633,-27.6017,44.0546,91.2951,8.0911,-184.3932,27.5467,-113.7794,13.6302,58.2986,-3.6362,-160.1507,104.0886,-93.4043
-69.8906,58.6040,-83.2171,121.3850,-66.9999,114.0099,-11.2357,20.8834,59.7645,17.9333,-132.8732,47.8488,-40.4032,55.9040,26.7137,-41.6981,-141.0206,152.2487,-64.8187
-38.1315,86.1332,-42.5023,151.8658,-16.8141,139.9947,-24.9290,4.5354,-3.2094,25.8831,-87.9822,79.5113,-23.4300,103.5163,10.0280,-13.1196,-97.1814,170.3728,-62.7702
-0.4968,115.6472,-38.5456,152.7564,-8.7113,127.7522,-61.5001,-6.5849,-36.1732,5.3410,-43.6533,112.8744,-52.9721,132.6129,1.4783,-5.2468,-18.7371,158.7685,-82.6229
-8.9309,173.4449,-40.3693,161.8722,-18.7768,141.5225,-85.8086,-23.8464,-33.0323,-63.3239,0.1872,150.7165,-68.3909,156.2626,-14.3708,-39.9533,54.2277,128.9897,-88.0791
0.2198,202.7330,-29.3466,170.4792,-20.1299,169.2384,-104.9937,-29.3972,-75.6288,-162.6196,24.1300,154.9862,-60.8033,159.0244,-40.6735,-37.0457,92.9556,111.8571,-67.6897
67.8562,168.4441,-16.8106,159.5318,-11.6375,168.5565,-118.1635,-15.3393,-116.9798,-197.5968,29.0722,101.1754,-56.0635,120.8741,-61.9609,-5.1694,111.3894,112.6211,-49.5719
125.7235,145.2493,-10.8678,149.0901,-10.2827,160.4253,-83.4450,-1.8608,-47.2547,-137.9891,31.1480,55.0856,-48.5835,74.6349,-54.2800,-16.8585,113.4719,100.6374,-31.5761
116.6681,164.6036,1.5288,148.9048,4.0667,157.6753,-5.2679,8.8341,65.4085,-82.5890,37.6040,75.8170,-10.4847,60.9805,-24.9171,-35.6190,96.8322,57.8473,11.2148
77.7019,158.9911,30.2828,134.1116,63.2304,128.6487,54.3025,30.6351,95.4508,-81.5447,50.8316,108.8179,52.5932,68.2855,-7.5176,-10.1365,93.5061,15.1154,57.2397
78.4922,113.1815,67.9247,100.0905,123.5428,85.2135,78.4827,60.3560,75.2851,-81.1114,57.3050,88.7051,87.5919,69.9592,-2.2021,5.5152,117.1875,15.8241,79.4951
110.8722,76.9438,101.7783,74.2123,121.1954,69.2356,103.3591,89.6786,97.0203,-48.3252,34.7354,50.2010,62.9569,64.1439,21.0770,-6.4857,133.1509,39.3219,95.3722
100.9723,60.7823,120.4645,62.9613,87.3588,60.8354,131.6639,105.4620,158.9295,-3.4481,11.1777,43.1137,29.0819,49.8955,61.7140,14.2024,132.4332,22.7077,98.3463
58.3165,46.8856,123.2239,36.8313,75.9279,19.0400,131.9734,83.8078,189.9938,4.8439,42.1257,44.1964,41.7824,21.8582,96.7374,52.1935,133.5543,-31.4875,56.2824
77.9556,15.9281,127.5714,-21.9594,62.1813,-38.4565,110.2586,37.6542,157.1161,-50.3091,103.4555,19.2809,68.3976,-9.6093,125.5004,46.8025,122.2939,-69.0582,8.6224
157.3020,-49.7580,142.7308,-85.4793,34.6034,-76.5164,108.1862,9.7957,135.3244,-87.3462,119.7416,-18.6919,63.3827,-33.2100,147.8423,17.0118,91.3989,-89.5287,15.7058
192.7049,-109.9132,153.1173,-116.1220,47.9938,-95.4362,133.9579,-8.1970,201.6676,-32.1410,93.3056,-48.7222,60.6023,-55.4304,147.1790,-5.8258,72.4544,-120.7636,47.5150
152.3934,-115.2223,152.4690,-122.4272,105.4714,-110.2296,160.5049,-44.6720,276.3297,17.3665,82.8180,-76.6948,100.2101,-88.8350,140.6986,-33.4142,74.4132,-143.6926,61.6287
85.4133,-118.2629,155.4291,-144.6062,142.6164,-135.9388,183.0834,-64.7840,250.7588,-21.7487,97.2425,-112.2135,158.6046,-132.1537,173.4404,-48.6555,83.2383,-144.8695,83.8220
36.6313,-171.2238,154.7093,-193.2095,141.9187,-180.9174,208.0441,-39.7709,197.1401,-56.3380,116.0902,-140.3602,203.3800,-156.2457,236.3589,-26.5736,100.9757,-157.2132,126.1393
34.9775,-220.8477,127.7010,-240.9351,131.5006,-224.0029,219.9230,-10.9206,231.6698,-40.6446,139.6848,-142.8451,227.7108,-135.1864,279.1637,4.1816,102.9877,-186.4626,166.3462
41.9743,-248.3145,96.1396,-264.2928,119.9547,-238.5750,227.3378,6.0098,311.3997,-50.2130,157.3365,-137.5385,232.6176,-105.0416,296.8575,11.0576,54.4629,-190.4194,211.9134
-19.0016,-292.9819,97.7130,-258.2772,118.3949,-228.6054,265.9695,44.6756,334.4605,-75.0833,154.4141,-147.3400,238.5069,-115.9710,304.0311,-8.2698,8.0406,-145.9104,261.4416
-74.6156,-291.7936,115.4428,-221.4455,145.9920,-195.1384,307.5578,86.8813,275.4580,-64.3551,151.2213,-145.2986,263.2058,-131.4293,270.9060,-43.9075,43.2055,-73.2419,275.2281
23.3531,-179.4120,121.7601,-152.4122,184.1365,-121.8837,279.7831,85.0817,167.5134,-66.3699,161.7829,-106.1145,275.3601,-94.8376,189.3815,-66.6824,138.2075,-16.9748,251.9505
199.6830,-61.4108,136.9588,-63.4338,200.8470,-32.0089,195.2614,52.9573,79.9533,-98.1844,170.1705,-69.5337,246.7670,-46.8728,126.6017,-64.1539,232.1023,-13.7442,227.0104
265.5126,-26.1347,172.4478,8.8265,200.2467,18.8921,134.7605,25.9323,62.7404,-88.1086,176.1847,-67.2927,205.9761,-41.2302,125.7274,-69.0278,316.0121,-43.7002,206.8162
249.1084,-1.2126,198.9143,26.5547,200.3680,19.7691,122.1286,12.2849,84.4416,-16.9966,184.1947,-70.0532,173.5090,-46.6858,148.6829,-82.3605,378.9970,-51.0904,195.1572
271.6170,34.7211,208.9390,-2.8121,201.3067,-0.0988,120.2471,15.3636,113.2545,63.6545,178.1841,-69.8768,137.9640,-40.7339,159.6039,-73.7278,388.4080,-30.1815,201.4071
289.3055,6.4580,222.1424,-28.3835,196.4991,-21.5680,111.6706,13.9803,160.6437,86.7403,169.1748,-86.0204,124.5726,-49.3175,155.5048,-73.8068,356.8762,-18.5451,202.7970
247.6041,-43.4862,237.8594,-16.4127,195.8342,-27.7207,124.7407,-27.9275,191.0986,11.7663,182.1398,-79.0197,164.6490,-53.4591,126.0505,-103.2878,329.6629,-20.7935,203.1666
222.1324,-20.5952,254.0167,11.9048,219.8943,-15.0763,188.5258,-76.6715,172.4700,-76.2955,192.4960,-20.0753,211.8312,-29.8381,88.1370,-91.5875,318.3092,-28.4566,246.8486
239.4442,9.9846,271.9071,7.7082,254.6951,-28.0289,270.0640,-66.8107,185.9219,-48.0709,183.5224,14.3158,208.7018,-32.8519,106.7208,-25.0645,299.7669,-70.1266,303.3168
234.7683,-48.5887,258.9633,-48.7004,249.0601,-92.8382,307.3646,-18.4803,291.4980,61.6300,184.1713,-26.0732,182.0379,-79.5501,206.9485,7.3636,249.5439,-151.6031,297.9386
213.7469,-137.0560,199.9008,-119.0178,195.6879,-152.8172,311.6068,10.0622,401.8282,150.0681,173.9267,-67.6742,178.5913,-90.8415,333.4414,4.4233,172.0430,-207.1950,258.7847
226.6554,-165.2378,149.3303,-147.7531,149.3838,-156.5892,326.8433,14.9200,421.5650,207.4405,123.6493,-63.1307,186.0326,-54.1069,409.3260,36.6978,116.3865,-188.3417,253.8840
259.7993,-142.9574,151.4089,-128.9834,132.8079,-131.5247,317.6643,-5.0868,349.0371,190.3714,123.5934,-65.0395,174.0609,-53.0594,373.6320,55.8269,132.4777,-136.0713,256.4616
297.2132,-101.7270,181.6074,-100.5645,115.0473,-108.1605,243.8898,-72.0004,214.2373,30.9324,239.7326,-96.7551,142.7783,-96.8003,224.5003,-16.5502,212.3385,-104.7562,215.5715
353.5721,-54.3441,201.7349,-85.0772,89.2491,-78.8818,158.5853,-152.3087,69.4261,-161.1881,355.3625,-127.1618,114.9479,-119.1118,74.4866,-111.4498,290.5426,-85.2034,141.3628
391.0693,-27.9245,193.8682,-75.3742,80.4358,-53.0369,104.3200,-182.4751,-14.8323,-224.6909,376.4738,-156.3983,115.6902,-120.5605,45.3087,-140.1329,295.9334,-55.9467,55.9304
362.9211,-16.4537,160.5710,-59.2138,96.7801,-47.4933,55.0959,-169.9769,-29.6775,-183.2320,379.6924,-192.1519,138.5739,-142.9166,95.9036,-146.5559,227.8031,-30.7591,-27.0243
313.2825,18.5555,137.0789,-35.2543,122.4347,-47.4550,8.9558,-172.2588,-27.4213,-146.8743,405.5923,-219.4198,138.8728,-175.7493,96.4834,-194.1056,158.9606,-10.9889,-86.5562
287.3419,43.8589,142.7398,-19.3582,132.4097,-48.5570,-15.2153,-201.4355,-43.7323,-154.0541,385.0434,-254.2128,105.1329,-199.6845,30.1583,-254.1979,112.2106,23.5321,-109.9990
239.0410,-5.4575,139.7697,-27.9402,126.6452,-68.8699,-19.5857,-213.0078,-77.4906,-160.8221,316.9403,-318.1447,91.5002,-231.5683,-30.9573,-275.7798,29.4697,57.2222,-85.3062
143.3104,-84.7822,107.6655,-54.9749,140.8806,-92.3307,17.2089,-180.8670,-107.5420,-104.3799,253.2473,-375.0661,125.4286,-270.9413,-67.9907,-257.0220,-73.6803,61.2070,-19.9792
57.7493,-110.8009,73.4953,-86.0744,165.8505,-88.7773,91.7854,-146.1308,-113.9298,-58.6928,186.5841,-388.9454,157.3903,-282.2508,-90.8969,-229.3515,-101.0346,52.9343,21.6049
4.0422,-109.6218,43.6712,-107.4110,133.6299,-72.6705,118.9282,-155.2224,-97.6574,-165.0355,133.2777,-373.0986,150.6639,-252.2170,-73.6122,-218.9379,-69.3966,51.2524,3.4216
-41.9079,-126.6410,19.5925,-94.9849,56.1538,-64.5545,74.9027,-178.6048,-59.5628,-303.3742,145.6954,-335.1182,135.3569,-209.0453,-26.9229,-216.6506,-75.9472,34.2530,-14.6721
-45.7214,-116.4995,31.6971,-53.3949,33.2929,-50.9616,51.4125,-163.6744,-3.0587,-249.4501,177.0396,-274.9094,135.1544,-175.3466,-20.1064,-185.4230,-91.7855,1.9792,7.2562
5.9162,-63.8263,67.5238,-31.9761,77.2178,-33.9847,77.1207,-123.1182,33.9287,-119.8466,148.3263,-227.6202,121.6717,-141.1959,-55.1741,-118.9864,-41.3898,-13.1830,37.9201
16.8349,-41.6946,75.3328,-40.3727,103.1180,-42.7898,96.1150,-91.0689,44.1443,-108.9202,98.1394,-215.0849,75.7907,-101.2804,-51.8975,-67.5843,12.6439,-19.9343,71.6255
-40.9704,-68.8281,64.3086,-42.2085,79.7808,-75.3775,104.7425,-66.4520,87.2930,-88.6867,85.4438,-211.1687,27.8048,-81.7485,0.4424,-65.7999,-10.0318,-51.6875,101.1693
-53.9377,-94.4375,66.0387,-58.8216,29.6199,-103.1810,114.5003,-53.2123,168.4133,28.7299,79.0534,-205.9179,-0.9224,-95.9703,26.2706,-70.5387,-52.6283,-102.4971,69.0183
-6.3288,-120.3384,47.4167,-123.3515,-44.2147,-122.3414,95.4902,-63.7750,227.8445,81.8403,53.0212,-219.7504,-41.2177,-118.7371,15.6429,-37.4854,-41.7756,-150.0546,-8.6672
-19.5443,-160.8266,-14.9502,-166.3515,-123.7553,-138.5202,52.1587,-81.0028,265.2152,65.6475,36.2143,-244.2029,-115.2631,-137.2796,29.3359,-15.4733,-3.8342,-173.3612,-48.5771
-88.7410,-159.0709,-72.9777,-123.8634,-163.7596,-130.8463,8.6527,-96.6818,276.4768,102.7486,39.8005,-243.7490,-181.7185,-160.3979,55.7388,-63.8930,16.3416,-135.2339,-68.0866
-88.6877,-90.2986,-90.2570,-59.0166,-151.7247,-88.4759,-37.0503,-130.8416,194.0156,113.5319,44.1373,-204.9608,-198.8071,-168.2672,28.7759,-133.6754,17.9023,-51.2675,-111.0716
-31.7085,-34.6035,-87.1962,-39.6749,-122.6016,-53.7898,-53.5996,-169.4001,68.3974,48.9375,24.8187,-151.1747,-192.3639,-142.9557,-30.4999,-152.2274,9.1643,-24.3763,-108.1301
-35.7568,-48.7111,-96.8863,-46.1368,-121.3283,-69.4172,-18.1570,-172.6935,49.6637,44.7604,-29.3622,-125.1553,-200.0307,-121.2855,-38.3164,-144.2627,-4.0447,-89.3067,-33.0901
-108.3190,-80.7823,-128.9913,-56.5416,-148.4249,-104.6658,3.6483,-144.0829,104.1517,85.3355,-77.7184,-145.6547,-207.5734,-129.0224,10.0391,-152.4279,-11.6734,-130.3322,13.6940
-170.2712,-74.9225,-156.3338,-69.3708,-145.4413,-102.9412,-20.1394,-111.3295,84.8887,40.6604,-70.2601,-178.1736,-191.9017,-133.2196,37.0967,-151.4929,-14.0572,-72.9804,16.6688
-198.2081,-68.0069,-150.0642,-73.8889,-92.8182,-79.1849,-25.0157,-83.4926,19.7902,-24.6836,-42.6157,-185.2228,-159.1638,-121.7644,6.5944,-127.0012,-25.6806,-9.7235,65.1566
-223.1575,-118.4389,-129.2183,-92.3783,-58.5894,-88.0893,6.3771,-61.7608,5.5184,-7.8371,-53.6167,-173.3255,-115.5424,-120.1728,-30.1658,-108.8539,-57.8856,-25.6402,141.2954
-247.3324,-191.3889,-119.6093,-146.7487,-63.0997,-125.5358,37.2406,-34.3496,8.2257,50.9085,-73.3835,-150.4879,-66.3532,-110.1493,-21.8707,-88.5078,-98.6033,-61.2686,158.6309
-225.1089,-205.4368,-107.1048,-184.2083,-34.8961,-145.7384,68.5743,15.8611,-12.3120,106.9226,-56.9702,-105.2368,-32.7773,-58.2118,5.9080,-31.6793,-121.0144,-45.8824,132.4637
-145.6436,-163.3445,-84.9192,-161.7442,33.1796,-132.8379,82.0251,58.3608,-25.4160,120.4523,-27.8612,-51.1700,-13.3728,4.2994,10.1866,32.5730,-120.6181,-14.1976,114.0905
-83.3104,-122.5920,-63.5048,-121.2507,71.0424,-96.8010,57.2148,44.3952,-30.4556,57.4206,-3.3810,-12.6405,26.5407,38.0499,14.9817,46.0718,-113.3345,-10.2627,90.9560
-85.3820,-88.2900,-30.2581,-99.7547,72.4222,-58.6902,62.9389,-8.0499,-28.5115,22.7897,27.3352,20.2671,85.3360,56.3586,51.1920,12.7516,-96.4817,-7.6445,54.8221
-96.9846,-55.5632,9.2645,-85.2667,76.0679,-47.1898,119.0768,-49.4889,14.8016,76.2943,37.4378,49.3661,112.7700,68.0489,76.5317,-20.9097,-59.5406,18.2514,37.6629
-87.4392,-55.9440,25.4002,-65.2455,82.1639,-46.9539,125.1898,-74.2877,70.7590,56.3891,11.7475,36.2675,95.7967,64.1227,50.6149,-29.4991,-19.3225,45.0742,49.3587
-88.9590,-70.5607,43.7013,-29.4255,88.6667,-9.5092,79.7371,-84.7227,73.4452,-75.6979,2.2128,-18.9682,82.8621,65.4739,6.6718,-6.1325,7.2975,54.2911,65.7870
-68.2439,-42.4569,90.4658,13.2145,100.4314,43.5811,80.2122,-61.2531,36.5175,-108.7753,22.8276,-41.7287,98.6776,83.1718,-17.4092,46.2785,32.8256,45.5650,69.6892
7.7334,6.4252,105.4799,21.1076,97.9898,49.0179,91.7185,-14.3291,6.1655,-6.5489,2.8531,12.8431,100.6056,86.2130,-27.0944,89.1786,62.4782,13.2625,65.2792
35.7113,27.2104,55.5349,5.2049,82.3218,29.3100,44.9528,22.1133,-8.3641,38.2409,-75.7982,89.0765,55.4727,76.7951,-35.0424,80.5620,72.7316,-31.3879,62.4544
-45.3181,38.1478,3.3514,18.3567,71.1231,37.5584,13.3321,50.1693,-7.9937,-13.2068,-131.2343,112.2997,4.7676,91.0796,-50.9283,51.9801,46.0083,-54.8107,52.0304
-109.8631,46.0386,-19.2623,28.7491,39.8800,38.7089,27.7570,82.8063,-18.3530,-45.2284,-121.5882,82.3362,-5.1913,106.6104,-76.9306,67.1821,-0.3361,-53.2588,16.4871
-75.0698,19.1310,-32.9550,-8.7918,-18.5164,-2.7041,-12.1710,95.1463,-77.5205,-34.3029,-101.8334,46.8438,-5.3784,82.3828,-95.1685,107.2690,-24.4605,-54.9934,-29.2932
-31.6843,-18.3647,-26.1976,-26.9397,-54.7839,-33.9229,-116.9683,64.0071,-153.1562,-35.9297,-115.3504,34.7212,-39.5321,53.1089,-110.4685,106.5931,-9.1477,-64.8061,-55.2196
-45.6618,-23.0108,-5.4937,11.1473,-65.7289,-22.4396,-192.3468,8.0760,-187.2203,-83.7243,-133.8524,52.7250,-77.8644,56.7644,-146.4873,66.3583,10.1788,-64.2344,-63.6497
-70.6604,-13.9536,-13.0807,21.9497,-89.2023,-9.7123,-215.7290,-48.8833,-198.0897,-156.7797,-120.7368,93.6241,-77.6938,55.9270,-170.3648,18.7078,6.8299,-49.2204,-71.9635
-63.9000,-5.2363,-22.5780,-12.1909,-97.0394,-13.6785,-215.5885,-101.8690,-224.7627,-178.8818,-86.5280,122.0013,-58.1171,25.6920,-150.9519,-38.5182,14.4274,-28.3068,-81.2334
-18.5049,25.2658,9.3185,-10.8927,-55.3778,-11.8127,-205.1845,-136.7474,-251.9427,-129.2540,-66.1286,112.8076,-49.1381,3.5620,-155.8479,-83.5898,56.8514,-14.3754,-89.5771
57.4273,60.1793,36.3095,23.0307,-13.5123,-6.1503,-210.9844,-136.9214,-253.0896,-89.7522,-70.7265,99.3822,-50.5264,6.4908,-227.1383,-74.9371,89.4333,-22.7943,-97.5155
127.9879,63.1199,28.4202,25.3248,-12.2269,-13.3039,-227.3336,-119.8245,-219.4982,-91.9222,-76.8882,112.5932,-67.9049,14.1341,-275.8335,-41.2443,73.5660,-42.0677,-97.7129
160.5422,42.0945,32.3440,1.9843,-23.8212,-32.1764,-206.3964,-111.4293,-152.4904,-85.0088,-66.2039,114.7513,-102.9513,23.4603,-240.2594,-24.7023,38.2330,-39.0513,-85.5471
142.5257,16.0948,45.1434,-14.4827,-32.6177,-51.4452,-166.1811,-101.5938,-77.9471,-66.7867,-58.7234,73.4201,-123.4230,31.8525,-178.3095,5.4060,26.9481,-22.9948,-63.1898
75.4173,-6.2442,22.3510,-18.1594,-50.8833,-53.8968,-156.3604,-74.9880,-25.7442,-55.6460,-73.8884,32.7271,-106.2366,24.8540,-134.7446,57.7215,45.2904,-36.1837,-33.0254
21.1016,-10.8636,-6.7032,-2.3157,-60.3398,-36.6115,-145.7125,-46.7401,-3.0470,-21.0366,-84.5854,38.2829,-64.4912,20.5468,-98.6205,77.1698,68.0420,-65.6616,-9.1055
42.0573,-3.9185,-0.9300,16.7418,-31.2763,-23.4987,-100.8903,-28.9308,-7.6610,25.4730,-65.6529,66.5869,-14.8997,42.9619,-72.5442,68.2089,73.3496,-61.2568,-3.8911
63.0199,0.7866,13.9210,11.6626,20.8228,-16.4056,-57.8993,-20.9362,-14.8291,15.7898,-48.3955,77.8584,21.6113,65.4370,-51.3709,81.1567,77.6331,-37.6152,0.5556
-1.7476,22.1056,23.0824,8.1118,47.4514,6.8306,-32.0249,-42.2239,3.8247,-52.5220,-63.2585,73.4090,17.6260,58.2033,-21.0819,87.5962,105.0199,-43.7981,12.6381
-45.9449,60.1563,44.0823,28.3455,37.9792,25.2969,-14.3394,-97.0850,5.5190,-109.6870,-80.5265,72.8430,-8.0502,36.6710,-12.6427,46.7115,122.2845,-55.0729,-5.4967
35.0205,64.4845,64.5710,32.0086,40.4658,9.6837,-32.7568,-134.4900,-64.8722,-118.7628,-68.2788,72.7783,-2.1003,15.6632,-38.9452,11.5471,85.9826,-17.5450,-71.0225
114.9686,20.2678,67.2054,5.0668,65.6828,-1.5561,-82.5473,-123.7000,-154.7820,-118.3591,-50.7726,54.8950,30.3322,-7.2689,-46.5443,27.6312,33.5858,40.9774,-135.1669
69.9191,-20.5355,53.2741,-8.8026,45.9504,26.4648,-106.8059,-106.1711,-185.1147,-151.6156,-63.9256,31.7038,32.5196,-17.8288,-20.9243,44.5710,18.2814,63.9782,-156.7257
-14.5709,-23.9387,10.8414,2.6696,-29.7254,52.9228,-107.8597,-109.2622,-172.2273,-168.8316,-104.6245,42.5133,-4.7180,-6.1029,-9.0132,15.2358,4.0784,67.3049,-149.2114
-61.7503,-13.6964,-50.0640,15.8895,-71.0647,44.0795,-128.8397,-99.4452,-164.2020,-97.2568,-139.1693,86.0899,-38.5780,10.5802,-19.7679,-26.8480,-56.5880,83.2135,-128.1718
-113.9731,-22.0292,-77.6193,22.0086,-50.4492,21.5156,-152.9515,-59.5815,-179.0415,1.7265,-133.3192,120.5191,-49.3686,25.1577,-43.9443,-30.6191,-119.9612,85.6133,-96.7478
-140.9238,-40.5369,-65.4145,16.3943,-38.3326,-0.2770,-158.2843,-18.1344,-221.3049,29.1373,-94.6708,139.2504,-51.1514,46.8059,-106.4379,1.2556,-129.7714,51.4896,-80.4724
-66.7914,-37.8222,-67.1210,2.9110,-54.2118,-18.7354,-168.9483,10.2661,-245.5380,28.6899,-81.6022,159.2761,-52.9028,67.5686,-186.7906,28.1128,-111.4648,10.1132,-88.9166
26.7231,-23.5718,-95.2902,2.7106,-63.9679,-15.2351,-173.6839,34.6703,-195.7636,50.7824,-125.5122,154.4190,-55.6511,72.7646,-206.7177,33.2183,-112.3290,-11.4128,-82.8148
18.2291,-31.5916,-108.0862,13.2433,-74.9518,7.6491,-136.5111,45.6973,-128.9270,18.2590,-176.1153,105.3240,-62.6911,63.4760,-153.8230,31.4647,-121.0328,-13.9759,-51.7165
-35.5349,-34.2716,-86.0632,18.2205,-92.0476,23.0853,-89.5409,21.9947,-134.6533,-78.0874,-175.4963,66.2516,-67.3163,47.4640,-96.3521,14.8867,-99.6847,-0.9650,-44.0639
-33.1234,12.8220,-46.8684,30.0707,-86.0081,27.4009,-80.0756,-26.4259,-176.2398,-111.2469,-136.8377,86.7040,-60.4535,34.0352,-77.8261,-37.3510,-48.4777,12.3412,-69.0254
-7.8923,70.4916,-18.0757,52.8603,-67.0982,28.9359,-89.6582,-61.0431,-173.7206,-53.2620,-104.1745,131.6963,-57.0251,27.2477,-84.0915,-87.0890,-0.3249,0.2697,-81.6777
-9.6244,90.1652,-17.8660,62.8025,-72.4325,24.7729,-98.3946,-69.4519,-132.3350,-16.7918,-87.1359,147.0140,-74.1175,16.1002,-82.0768,-71.9930,22.9930,-31.9943,-87.3833
-3.5198,98.7883,-33.0544,57.0582,-99.2062,20.6825,-121.2033,-80.9414,-92.1610,-57.3549,-67.8734,141.1107,-90.6113,1.0005,-55.7936,-11.4766,25.2594,-58.1448,-124.0313
22.2532,109.6821,-40.0935,42.7253,-125.5398,19.9617,-138.1743,-106.3287,-72.2064,-119.9923,-36.5953,152.3092,-80.5722,0.9013,-26.9906,18.2894,19.3826,-73.3683,-160.8629
20.4993,90.5342,-44.8346,12.2767,-138.2043,6.6541,-112.6394,-114.5282,-69.4606,-135.5291,-5.4068,172.3668,-65.2913,9.0661,-24.4547,-0.8311,14.4491,-82.6975,-150.2172
-20.1061,55.0536,-59.9355,-11.7976,-137.1679,-15.3844,-70.3667,-93.5393,-50.1309,-102.2602,6.6406,156.0546,-73.2590,6.3048,-34.1598,-17.1314,14.0129,-80.4558,-113.0659
-62.0793,36.7614,-80.2528,-0.8419,-151.9535,-19.9769,-56.4379,-62.5957,-10.3907,-83.9052,-0.6434,100.9078,-85.5595,10.4206,-24.0632,7.9308,9.1801,-66.4148,-79.7353
-78.1886,14.7420,-106.0738,8.3913,-185.2749,-9.3761,-64.5457,-17.5277,-3.7786,-91.1821,-12.7191,53.1147,-72.9264,33.4965,2.2516,57.2046,-19.7297,-47.1255,-49.0602
-71.2305,-20.5410,-128.6237,-16.3734,-168.2499,-2.4821,-73.3290,45.3570,-24.4549,-58.7863,-24.0600,33.7100,-41.6182,45.5152,18.7209,89.4536,-74.0517,-21.9812,-38.1470
-65.6719,-23.2753,-110.1088,-24.8902,-81.5929,5.7792,-84.5467,75.9134,-11.9679,-11.9076,-32.6573,34.7926,-17.1531,40.2748,13.3936,81.9263,-119.8765,9.5924,-62.8996
-65.6402,24.7350,-55.9267,15.4078,-16.3599,23.4308,-104.6155,39.1325,0.9989,-39.0160,-24.7227,55.9759,-17.3143,39.1099,-10.4808,44.2958,-125.1989,40.4802,-95.1031
-40.8958,74.5788,-33.6974,48.0372,-20.1156,40.5044,-139.4882,-12.9541,-47.0926,-81.0672,4.7432,69.3737,-34.2968,22.0617,-40.0997,14.6723,-106.1240,56.9618,-113.4206
-15.7813,72.7501,-55.0856,34.2910,-44.8256,49.3965,-183.6820,-20.4589,-102.3979,-47.6138,29.1687,38.5518,-42.4187,-18.8295,-50.8854,23.9048,-98.4481,45.4418,-122.7124
-60.6125,29.5912,-65.8729,16.4548,-73.0552,52.4782,-198.3545,1.0542,-104.8293,-34.8149,18.3271,8.1874,-46.9029,-18.3492,-20.8385,41.5724,-96.1957,19.0393,-111.4650
-139.0684,6.4488,-71.0654,26.0787,-116.6923,53.3618,-160.2575,14.3942,-90.0296,-109.9019,-13.7483,30.8475,-72.0835,40.3923,36.4762,20.0413,-82.1237,13.5749,-81.0852
-159.9001,13.1558,-106.5530,28.7301,-135.2151,48.8605,-107.6336,29.1719,-72.4142,-117.5715,-16.1422,48.3596,-84.7739,62.6408,69.2543,1.3685,-89.2990,30.2108,-62.1544
-157.2102,-8.0182,-128.7781,-4.3750,-98.4362,24.5454,-73.0389,69.4667,-20.8687,24.9206,26.8298,10.8692,-40.1841,6.2082,51.7722,50.0494,-142.3871,32.0812,-50.7569
-180.2005,-50.0567,-95.9157,-43.6513,-47.3124,-16.6414,-40.7887,115.7204,33.2902,143.4695,61.6672,-14.6345,13.3148,-39.6282,26.4227,102.4464,-184.6787,7.4831,-26.2369
-155.4296,-43.1639,-62.5777,-53.9278,-21.2341,-36.4843,-4.5907,126.1504,40.6362,108.4236,44.2448,14.0371,20.0297,-8.8537,33.9519,72.1535,-162.0535,-23.5123,-3.5376
-80.4017,-8.1313,-70.4859,-44.3385,-13.5271,-20.2898,33.4690,108.7617,33.7028,35.8941,7.4701,40.2482,27.3393,45.3330,53.3749,24.2693,-115.1126,-45.4576,26.0502
-77.0945,-11.8562,-87.5444,-37.8405,-9.8663,-8.2140,103.8863,113.1319,80.6444,69.2743,-1.4999,23.1908,69.8772,45.8602,67.7293,37.0590,-100.6082,-48.7033,98.2615
-131.6763,-31.8911,-107.1349,-46.0442,-14.3929,-26.6826,206.1232,136.5794,206.1919,169.3261,9.3615,-33.8740,86.9556,-13.7011,111.5979,45.8814,-107.0005,-39.9977,172.3646
-128.4183,-45.3501,-143.2719,-78.9115,-42.9114,-59.1861,272.3594,122.8930,368.5125,223.7655,13.7950,-113.4473,55.3378,-84.9071,196.2009,3.1641,-106.1165,-50.2807,181.9504
-96.0204,-91.2225,-156.9516,-117.9781,-77.8898,-90.2574,276.4300,74.8283,478.9277,239.8848,6.4728,-154.5837,35.2483,-124.1978,270.4362,-19.2077,-95.7808,-75.9300,166.0156
-97.9200,-140.2955,-120.7757,-117.7989,-49.9432,-101.9800,274.6227,59.1990,485.7755,282.7251,-12.2974,-115.3859,53.6070,-121.9321,292.6263,6.3027,-76.7944,-66.6888,188.8737
-83.9697,-120.7146,-63.3335,-83.1289,58.7544,-69.3796,295.0493,89.2107,419.2243,304.2697,-31.8070,-46.4480,88.5928,-86.3685,271.7240,21.0819,-55.5341,-16.7246,222.8719
-41.9635,-63.2872,2.5557,-57.6650,158.0549,-15.3751,303.5905,115.2361,323.8732,247.8051,-28.9451,1.6746,126.6077,-32.2337,233.8131,18.2246,-37.3464,22.6646,222.9610
-12.1056,-21.9864,72.0901,-30.5014,185.6714,10.9558,279.8138,117.5836,223.8604,204.3593,-8.3242,29.7892,143.4444,11.5602,194.0666,34.6663,5.4834,34.9056,189.9391
39.1040,30.1790,107.9790,26.0038,180.7527,25.2259,229.2630,110.1579,145.9461,213.9110,5.1681,33.2996,118.9153,31.5018,149.1280,60.2693,89.0546,50.3118,131.1024
101.1867,96.8952,113.1654,78.2409,169.2188,71.9498,154.0457,96.2209,87.9818,147.4131,12.1858,35.4535,83.8917,55.9789,89.4631,70.5054,154.9232,84.2230,69.4748
78.4119,120.4892,130.5050,97.9067,130.6549,124.5313,73.7166,89.3730,26.2149,20.4521,12.8725,78.7639,62.7302,98.5118,38.8282,71.0300,138.6387,120.1034,45.3545
4.1044,88.9874,134.7876,100.8389,82.9434,126.3250,31.1044,114.5713,-3.1827,40.3501,-16.8089,110.8486,31.7062,117.1798,46.3890,74.5549,63.5336,128.7018,52.2885
-9.7367,44.1154,87.5303,81.0424,60.7552,86.5041,40.0738,156.5448,43.9506,184.1764,-63.2498,67.4239,-9.9224,82.2056,102.3683,89.9564,-6.3051,104.7525,55.0945
6.0339,16.9926,45.0890,39.6107,60.1423,55.9059,62.4390,177.7088,103.9044,214.1420,-69.1002,13.0021,-28.7530,26.5522,122.4603,113.6850,-45.0437,85.8201,58.8223
-10.4694,16.7308,54.9169,23.9878,76.3475,48.5436,62.8825,181.5005,98.5948,136.3813,-27.3932,2.9449,-23.4557,-2.6021,72.6354,121.5552,-51.4466,83.0272,75.1383
-20.0013,27.8109,67.1387,31.3345,102.3617,38.5014,60.9430,189.8513,79.4233,138.1462,4.9860,-9.1371,-14.2482,5.1393,34.2314,102.1108,-27.0977,52.8536,87.5779
-9.8033,27.0387,45.9957,12.1720,102.3932,19.3790,95.4694,190.3303,126.9516,188.1044,-2.5197,-28.9992,-5.2795,21.7568,71.3535,68.5503,5.2358,14.3315,103.9532
-2.2920,16.1797,25.3669,-4.2088,78.7871,25.6272,154.7700,164.9992,192.4796,145.5552,-25.8804,-37.0097,-2.4250,9.6661,121.4467,29.6195,19.2098,51.8873,150.1188
26.9981,2.2323,31.9996,28.8386,78.9600,70.3614,189.0129,130.5528,179.7446,58.9231,-31.1836,-76.7906,-8.3671,-28.2492,109.1341,-6.5436,30.0557,134.2520,200.9171
63.3957,-6.0126,63.4180,62.4701,95.8409,106.0475,178.1635,107.9402,112.8800,39.8903,-0.4733,-125.6954,-4.6123,-51.4980,69.0789,-25.8157,71.3218,139.2280,201.5138
69.8301,23.6656,105.2363,63.6162,92.0687,100.4172,137.6183,90.9438,83.7096,58.1136,54.5452,-101.7899,12.2361,-51.5445,55.1235,-35.3014,132.6586,75.9869,146.7562
111.7324,90.1478,127.5352,85.9565,91.2733,91.6463,83.8499,64.7350,79.4961,28.6357,95.1746,-52.2341,21.5673,-47.1683,40.6310,-53.8767,176.5336,49.0635,86.6575
227.3394,139.1161,124.5827,137.4949,113.2991,109.8114,33.8542,25.7408,20.0373,-50.1681,104.8819,-43.3630,24.4699,-20.8052,1.9124,-76.0184,197.3018,59.7901,55.4501
309.3337,154.7805,127.3182,160.3571,114.0826,126.8142,3.0223,-15.5107,-62.6395,-107.8026,112.2466,-11.4308,36.5507,36.0774,-18.1649,-80.6867,207.1160,57.7716,30.7605
288.7881,155.0957,133.6869,147.1944,77.2587,125.0381,-9.1767,-37.6897,-69.7565,-107.2149,134.7942,42.4495,44.5269,63.0920,1.5071,-62.0267,195.5140,64.4099,-8.8198
214.1842,119.2220,107.9513,124.2685,33.0632,119.1159,-8.9897,-33.8317,-32.4875,-106.4681,139.5872,20.6743,24.6091,25.5151,16.9780,-42.0558,153.6577,92.3287,-27.8332
126.2610,51.1858,50.8944,86.2566,-19.2155,103.9942,2.2581,-20.6647,-50.9613,-140.0311,95.7918,-36.0915,-9.5460,-16.5639,4.7704,-44.5038,91.9844,98.2254,0.8224
54.3351,10.3957,-4.4656,38.4080,-73.3168,71.3576,27.0911,4.2138,-92.2744,-114.3067,30.1530,-44.0523,-15.8428,-16.2012,0.5750,-44.4702,2.9320,76.0421,30.6540
22.3864,1.7859,-36.4684,12.2543,-80.0348,44.0867,67.2791,62.5105,-63.9857,12.3009,-14.1350,-61.1173,12.0607,-4.3421,18.1123,-8.4023,-118.2853,52.2994,18.7851
-7.6326,-14.5709,-49.6922,12.2841,-47.2180,29.2326,92.5785,120.3047,-2.9744,93.2607,-48.8067,-91.6851,17.0969,-7.5779,0.5009,14.0685,-213.7802,24.5853,-11.7574
-45.7380,-26.0523,-75.3875,11.5557,-46.3560,-0.4324,46.2716,102.3513,-6.7363,26.0928,-114.7210,-24.3370,-45.3390,-15.0643,-85.7448,-35.5532,-225.7601,-2.0471,-45.9837
-43.4903,-13.4701,-129.5426,-9.1472,-87.4000,-44.2533,-59.1918,13.7250,-69.9644,-86.6727,-199.5213,111.1153,-132.5000,-18.5578,-162.6491,-99.1234,-191.8982,-17.7366,-102.4265
-41.7541,1.6476,-178.5831,-40.3828,-125.6675,-68.8718,-134.9256,-56.0335,-122.2591,-137.6602,-256.8669,182.5234,-179.2992,-3.5975,-153.1182,-98.5783,-180.9537,-57.1693,-159.3551
-106.9691,6.3280,-199.6317,-61.0567,-155.2688,-72.4231,-158.7239,-60.0984,-146.3977,-137.4367,-294.6565,187.2323,-190.7086,44.9725,-118.8178,-52.6993,-193.8009,-125.9462,-171.7048
-175.8658,-12.6745,-213.5436,-79.0663,-181.3379,-83.0686,-184.7136,-27.6078,-166.3244,-105.3651,-347.8488,176.8112,-195.8201,95.5554,-136.6633,4.9095,-210.3253,-156.2224,-155.6622
-212.1298,-64.2504,-220.1219,-109.3957,-184.9838,-101.0223,-203.9758,2.4783,-174.2197,-60.9957,-388.2359,152.0938,-184.0131,108.1977,-149.0702,54.9130,-248.3787,-130.7957,-161.7938
-288.8425,-90.3024,-207.4424,-113.3386,-173.1862,-95.1244,-177.8372,5.0879,-148.4502,-65.1698,-368.0824,142.5141,-151.6635,102.8019,-110.2545,39.2773,-302.4294,-105.1728,-182.4649
-372.4642,-50.0006,-209.3443,-58.9528,-166.8280,-54.0040,-148.4192,-17.8973,-118.7673,-110.5608,-312.4739,164.5071,-127.5186,108.5058,-103.1365,-30.5080,-318.2641,-78.3412,-160.3652
-362.3342,-16.1375,-238.4710,-7.3609,-155.1900,-10.6533,-146.1938,-21.7100,-127.1859,-103.0243,-270.4458,159.9929,-117.3808,109.4343,-152.9802,-38.0866,-286.9472,-23.3951,-87.0323
-317.7009,-38.3087,-245.4478,-15.0790,-137.7933,-3.3912,-120.1652,12.7390,-140.0164,-34.8260,-234.6330,122.1679,-101.7943,101.5444,-155.5294,27.6444,-265.2437,10.1166,-31.3954
-328.2307,-55.9783,-217.7585,-36.0138,-142.6182,-24.4943,-73.1430,31.9446,-108.7830,-2.9957,-187.8835,112.6631,-88.3206,110.1251,-89.5414,62.7475,-263.9363,-6.7000,-41.7746
-336.8859,-35.3363,-200.1719,-26.1752,-169.2036,-36.4109,-79.7247,7.6477,-75.1187,-24.0339,-149.4210,130.3234,-98.2304,126.8092,-52.7086,72.3019,-227.0456,-15.3959,-76.5873
-284.9777,-11.4002,-209.3265,-16.9774,-193.4384,-31.5832,-127.0972,-9.8537,-88.2303,-16.8321,-120.5003,140.6459,-118.2188,126.9752,-66.4873,117.7933,-156.4324,-2.7072,-89.8605
-210.8439,1.0512,-225.4794,-23.5985,-214.9578,-31.1656,-136.5014,3.6347,-104.4016,13.9075,-74.7932,153.0940,-119.5426,128.1125,-64.9759,147.2199,-126.7489,-16.5445,-111.7045
-169.2647,4.1999,-225.9044,-17.4137,-239.3685,-33.0409,-113.7311,12.2995,-77.6143,-23.7486,-28.8599,162.4879,-107.5851,146.2090,-31.2479,130.1013,-143.3854,-39.3194,-165.7081
-190.0831,2.3118,-196.8945,1.7699,-257.6813,-15.4000,-113.3677,16.0699,-35.4254,-94.5506,-33.4138,140.8631,-109.4658,153.8286,2.4935,148.8802,-135.2491,-31.2003,-201.3209
-229.8392,23.5004,-169.3753,16.5163,-265.8670,20.0432,-131.2083,47.9525,-11.2487,-49.7024,-87.3929,107.0990,-124.4001,143.0839,14.9746,209.9285,-96.2964,-18.6128,-182.8142
-191.5777,66.7359,-188.0499,41.2355,-260.3976,54.5670,-138.7458,90.7161,-17.6175,93.6697,-134.7959,98.3844,-129.8416,150.9261,-2.4240,226.5480,-73.8744,-8.9333,-150.4897
-101.7579,91.1696,-216.0678,87.7079,-234.7063,81.2250,-141.3163,108.0889,-74.3045,158.4319,-142.3387,102.8090,-127.6015,188.0370,-44.1734,200.6594,-55.9570,32.0766,-146.9200
-73.1622,94.3505,-186.5054,128.1908,-197.4825,100.1142,-151.7334,108.5192,-172.2832,119.4455,-122.4947,76.9969,-127.5352,217.0609,-95.9216,183.2973,-22.5659,84.8073,-156.6492
-79.7947,94.5582,-114.5241,135.2637,-154.1519,111.6377,-159.4527,108.1964,-260.1557,96.9539,-91.6986,15.6382,-105.7853,206.8755,-151.5559,161.3511,-20.3800,125.1799,-141.5670
-50.0009,86.9812,-42.8849,122.3781,-92.9824,120.5599,-139.4647,108.4734,-295.7252,96.7585,-54.9191,-17.6458,-50.6159,162.9359,-195.9232,136.3695,-63.5106,183.9933,-91.6825
-36.3287,88.4271,19.4797,117.5961,-18.1928,126.6808,-78.5510,130.2032,-262.3224,79.4638,-26.4334,22.7866,-6.9290,121.5712,-202.2450,146.3045,-87.2926,236.2553,-27.3742
-52.5432,106.8883,51.0944,120.4919,50.5430,126.1749,1.8692,182.1669,-180.4967,108.0007,-28.6139,75.1859,-4.2319,118.0677,-163.9306,166.0660,-68.8662,218.1748,31.9275
-11.7483,97.5909,46.3150,118.5545,107.6118,125.2643,63.5146,220.7786,-120.0204,174.0137,-57.3998,72.5959,-5.6300,132.4557,-97.6908,150.5104,-46.2512,180.9556,81.9046
77.3639,72.7600,57.3588,121.6032,149.5539,123.4736,94.4389,215.2492,-115.8354,174.8807,-72.0795,51.3116,20.9449,106.7484,-36.2213,119.9835,-17.0704,195.8303,114.9340
134.5019,105.7990,99.1367,134.0505,171.2215,108.8052,109.1430,188.8541,-110.8010,142.3617,-46.1986,50.3304,59.0769,44.5205,-11.0781,97.7194,43.7181,198.9656,125.3188
154.0356,162.6928,118.8364,133.1096,183.2371,99.2821,118.1162,157.6912,-61.8393,138.0827,-6.9635,47.3059,91.6239,17.2373,1.1932,80.0228,113.0336,141.4336,133.2764
153.2857,152.5369,109.9316,117.1919,188.9350,125.0944,122.3161,120.0377,-16.8181,85.5297,15.8252,37.9734,122.6255,42.8028,47.9456,87.5219,161.5327,98.4360,153.6880
154.6722,113.3698,120.2311,114.6519,187.1237,154.3851,127.9856,100.2511,-19.7227,15.5004,49.8212,24.0329,162.3003,52.6155,100.4702,112.7169,202.2984,99.9014,166.6985
210.3416,126.3849,159.6541,126.5167,212.5975,135.8927,152.2440,104.9017,-29.5769,73.4946,127.8503,-12.6093,219.0415,13.0272,112.8904,84.4952,253.5145,89.4758,160.7382
287.2186,162.8178,204.2626,131.9737,276.1288,100.0450,197.2856,87.0140,9.9844,140.5619,212.3871,-29.1496,270.7635,-12.4541,122.5252,-2.5502,307.7342,61.6264,152.3474
312.8135,169.4502,235.7810,131.2755,307.1523,98.3341,225.2598,36.4185,74.6781,18.1698,251.5315,19.3572,274.8264,29.6319,150.5269,-53.0439,350.2334,35.2824,152.1948
337.6346,155.0368,247.7236,124.5889,274.0818,98.8202,204.2746,12.8452,91.3445,-115.2728,262.3560,60.5054,247.3526,84.3538,147.8728,-33.7663,376.2780,-6.7155,165.9955
389.6938,134.8366,261.0356,101.2645,250.9824,65.4301,167.8517,35.8502,54.9445,-38.3707,278.0248,34.1648,249.0280,68.7268,127.9366,-13.4983,389.9362,-43.4403,201.4896
378.2012,109.4451,289.2589,72.5687,268.4183,42.0916,168.0285,56.4995,30.8319,75.3493,282.6375,-7.4533,274.4278,3.1522,146.0979,-23.4776,392.3140,-43.7116,239.6729
329.3209,81.9673,294.8496,50.7452,257.0101,49.5785,200.9263,57.9147,40.5498,45.2078,271.0186,-47.0859,271.6119,-32.8199,164.6832,-36.1560,381.8497,-49.1778,257.2294
346.3148,53.9233,260.0999,23.3991,195.9079,32.8670,240.0911,71.3373,65.7934,0.5525,281.6158,-112.4626,250.6954,-36.9075,147.4052,-52.1224,367.7432,-75.0560,271.7491
352.1898,43.1535,233.5780,-0.4944,155.9989,-12.1190,277.7440,94.7030,116.6734,33.3741,312.3218,-154.0669,250.0423,-59.3957,153.2939,-77.2574,350.9900,-62.4951,288.7207
282.8561,67.0985,241.7724,12.2099,175.1404,-16.1733,282.0193,83.2305,162.8694,53.8836,309.3378,-139.1894,250.1099,-85.3553,191.2765,-81.5395,314.9138,-24.1020,258.4713
277.3701,93.0795,255.3699,48.3438,205.8195,17.0404,214.3364,20.2640,143.7247,44.8981,272.8496,-121.2015,218.5723,-68.1717,193.4014,-59.5360,274.0738,-41.1738,162.9489
360.2923,81.7249,254.6134,53.2949,187.1471,6.8719,118.7614,-48.0919,136.1600,67.2980,260.1977,-105.4644,166.9381,-28.6371,166.8721,-39.3225,265.6331,-104.0820,67.0870
361.8668,46.3452,234.1894,13.2845,121.9710,-47.7219,79.1061,-65.8759,261.4187,109.2516,278.6782,-71.7448,117.9834,-10.7364,164.5270,-18.4467,270.7245,-135.6005,33.1273
268.4301,8.3683,193.5008,-26.6626,69.6460,-66.8434,93.5669,-43.7571,429.4505,126.5679,283.7444,-74.5238,88.8027,-5.7701,182.1071,9.9778,246.2251,-113.1221,52.1686
209.9881,-26.3505,167.9888,-25.0784,60.7318,-37.0071,106.7894,-37.5818,480.6727,112.9025,267.9312,-109.6484,95.8311,7.0007,207.3105,18.1733,217.6348,-57.6372,78.7140
211.6182,-28.5704,186.9354,12.0186,81.6114,-10.0574,121.1746,-56.4071,451.3285,100.7327,263.7765,-79.9871,129.6157,21.6371,230.8912,9.0160,225.6917,9.6596,86.5079
251.6369,21.2905,227.0051,54.3625,142.5182,12.4660,156.3633,-69.8426,422.6705,114.5806,284.2115,1.4127,163.8747,37.4657,217.4989,24.1253,239.9997,64.5034,80.2135
306.7436,78.4817,267.9395,83.4079,235.9807,49.7507,171.8369,-78.6939,360.5493,98.6102,318.1533,39.4742,193.2580,60.2417,190.2963,60.9025,222.3907,89.1583,73.7117
285.7184,82.3788,305.8777,81.7177,277.6838,54.8661,148.9569,-84.2566,283.0896,28.2007,351.2474,43.7855,220.3922,76.4991,215.1535,96.2155,182.8903,71.0544,75.5172
188.3116,32.4164,311.3946,36.3555,239.9107,-2.4877,153.0807,-55.5865,282.2878,31.8147,361.4696,55.7401,241.5657,72.8964,263.1335,145.3790,132.2436,13.0812,92.1704
155.0184,-15.0904,277.5149,-14.1566,216.3443,-48.6300,211.4986,-4.3101,337.5859,135.2188,336.2271,51.1348,264.3765,58.1154,281.0084,196.6426,87.1810,-28.9256,116.3939
200.9706,-18.1946,250.1139,-17.1065,235.6556,-24.6739,249.2277,17.9180,360.7204,127.7740,301.4046,31.9832,287.9547,46.9463,310.1114,198.0345,90.2989,-7.3908,121.6807
210.0475,-1.8343,245.9256,2.2510,224.4985,15.8279,226.1684,26.3395,341.2805,-26.9063,291.8331,22.4922,294.7137,46.2425,361.5510,165.5208,128.5141,28.8282,110.0189
184.2610,-5.6855,240.6842,-4.7285,198.8749,16.2195,204.0330,69.8417,310.2861,-75.8286,303.0307,3.4651,297.9553,54.5945,367.9348,163.3197,125.7101,20.4769,121.7234
187.2378,-10.9596,236.4240,-10.4216,226.6694,-3.4151,220.1566,117.7365,292.6564,40.4868,308.4685,-10.6141,314.2414,62.9928,340.0450,183.2788,81.8042,-4.2523,157.1300
188.4292,11.5454,233.2719,16.5088,252.0902,-14.2547,231.6128,115.9215,305.8818,117.2768,300.0110,26.2390,298.8489,62.2528,338.5048,174.4842,82.2298,-7.8225,171.6712
156.6617,38.7544,202.3648,40.4170,206.0239,-8.4239,213.2509,89.3611,317.1071,106.2075,277.4767,76.4020,226.5588,50.5069,335.5666,137.8409,129.7911,2.3692,166.4067
111.6179,46.6144,152.9473,44.3091,151.1917,21.2159,189.9732,89.8033,287.1466,119.1745,233.4087,80.3369,162.6772,36.3518,299.5882,110.1466,129.4283,24.6936,180.3540
51.3247,41.6226,122.1179,51.8811,142.5851,52.0889,172.5429,118.9875,244.7921,167.3812,174.4854,55.7999,137.1574,30.2836,268.0919,118.0875,63.7113,54.8507,203.6528
-25.9870,18.9699,102.6939,49.2841,127.7774,47.5235,145.2703,147.2561,211.1136,206.5863,117.8419,17.1659,83.9339,19.5415,238.0313,152.7959,16.4616,72.0316,192.0480
-96.3970,-19.8818,74.1447,20.3095,72.8875,21.7604,99.1707,150.8772,161.9037,216.3452,64.4814,-42.7435,-10.5356,-15.1787,171.3769,160.5403,11.9835,83.5220,141.8864
-139.3661,-37.9821,39.0810,2.6466,18.2676,8.5905,41.0018,133.1205,108.4435,175.2549,14.2989,-70.9819,-73.4767,-43.5845,94.0427,121.4044,-11.6414,93.5197,89.1142
-134.0888,-18.8921,-13.7695,12.6107,-8.6778,6.6441,-9.3144,121.2836,69.0117,137.6592,-23.6419,-35.2046,-89.9222,-22.5687,39.3700,97.4421,-69.9874,71.6880,58.8709
-105.7658,7.7805,-86.8526,16.6463,-24.5367,13.1649,-31.5557,120.9903,27.8415,180.0529,-59.4686,-7.7734,-106.6732,13.3815,0.6943,111.8582,-116.9843,35.5758,38.8395
-138.1352,16.2154,-133.3672,11.0365,-49.9733,30.1472,-34.0403,108.5284,8.4418,225.6692,-100.9712,-30.5598,-127.7051,7.8852,-6.8543,101.9264,-140.3905,35.5211,-1.3456
-209.8174,9.9671,-133.3912,21.8965,-82.6568,35.0357,-53.5453,81.8270,23.1049,170.1668,-109.0982,-37.8837,-141.0691,-11.9840,13.6252,63.4744,-143.9939,38.5251,-58.4678
-191.9405,17.1387,-133.9303,45.8414,-103.7050,26.1947,-114.7836,54.2434,-10.1023,67.0639,-60.3186,8.9848,-166.3872,-3.7183,-6.8590,58.0069,-97.4020,-1.8881,-98.1782
-107.1237,58.7463,-149.5110,63.8618,-113.3862,34.9174,-196.1823,15.8144,-104.6244,-11.8024,-13.6763,62.3213,-198.7309,9.8081,-82.4413,64.7183,-11.7000,-33.1604,-114.9506
-98.4114,96.7604,-136.6163,71.6445,-126.4866,54.6962,-239.3088,-28.5546,-139.0838,-70.1334,-21.4542,81.4449,-200.8522,17.6424,-136.6135,34.4031,35.4032,-12.7527,-123.9001
-132.8207,85.1010,-87.4333,73.7531,-122.7908,61.7203,-213.8080,-35.8067,-95.4049,-81.8180,-43.9744,69.4250,-169.8591,42.7545,-152.4846,23.4950,20.0878,15.8130,-115.9130
-75.9541,67.3497,-39.3373,81.2590,-75.5806,75.4590,-164.0808,1.4057,-84.3922,-38.8426,-30.8718,39.5480,-135.1898,59.1898,-183.6070,78.5661,0.5466,32.7714,-90.2141
18.9568,98.3714,-11.5215,100.8597,-18.0402,100.2595,-142.2492,27.0801,-108.2805,-16.6284,0.1318,12.9570,-110.6287,40.2917,-209.6010,116.6199,2.3866,60.5780,-79.1350
9.0890,131.0266,-4.9371,122.5363,2.6155,102.8301,-132.5451,6.5897,-101.2417,-37.9147,12.9376,16.7513,-90.9689,40.4239,-162.6876,74.4218,-6.2883,89.5478,-98.0125
-64.7423,118.3392,-16.5807,135.7514,0.3755,94.9389,-107.4196,-26.0482,-106.3556,-51.5737,8.1407,55.6284,-67.4275,91.7724,-76.9856,24.7872,-37.4931,110.8356,-128.9556
-58.9856,101.0715,-24.8687,130.7520,9.8359,104.4780,-88.3355,-29.4098,-166.3020,-56.0463,8.1671,100.1820,-37.6113,128.9427,-54.2400,42.3262,-74.6231,132.9638,-146.8944
2.2221,90.1320,-21.8258,94.1153,17.2595,95.4458,-85.5298,-11.1767,-210.4265,-63.3088,21.1281,108.7576,-9.6945,108.4664,-95.2349,89.9154,-112.3988,131.2337,-123.7526
-35.5036,38.2954,-41.0353,42.6763,-12.0029,47.4274,-62.0338,1.0741,-182.6889,-43.2911,23.6590,69.7960,10.8938,70.6740,-97.4432,100.5436,-159.0043,100.2465,-69.9086
-167.8783,-22.8582,-89.9943,17.4055,-64.4441,15.0953,-9.9424,4.0288,-107.6007,7.0889,-8.2958,23.2641,18.5253,49.1974,-32.8191,73.9751,-218.1966,90.1043,-60.8062
-225.9329,-8.4589,-120.3197,22.9163,-87.9908,24.2293,15.9017,1.8807,-17.2536,77.7815,-56.7035,10.6783,-4.8114,34.8696,4.5280,46.0308,-269.1316,101.0934,-125.4883
-189.0015,58.9853,-116.3059,34.9401,-81.5513,38.9486,-26.3541,-12.6242,51.5109,175.4015,-91.6264,12.7775,-57.5386,16.0773,-30.9024,20.1026,-277.0154,80.9228,-188.9880
-197.1951,83.0705,-119.5755,47.5808,-105.5054,47.3541,-107.9976,-28.9863,49.3911,238.1691,-116.3699,-7.3014,-102.5681,-9.1991,-67.7476,-15.3784,-246.7545,43.4973,-209.7267
-238.8580,53.8155,-143.4725,55.6170,-162.9230,57.1051,-165.2139,-23.1820,-15.0110,192.2740,-138.4001,-22.5033,-120.4891,-29.4357,-68.6186,-33.6735,-222.6731,33.4480,-227.5155
-204.0489,38.4399,-160.5610,43.1521,-184.5881,48.3805,-175.1583,-3.6248,-70.9809,103.9004,-152.2620,9.0469,-133.1171,-27.1290,-85.4816,-11.6367,-221.4317,35.5686,-236.5021
-167.7928,52.0848,-165.8013,21.1380,-169.3912,19.5479,-170.6635,8.0298,-76.1962,63.7885,-166.6746,47.3878,-158.8031,-11.3320,-136.6359,3.8282,-222.0347,39.1970,-191.4751
-227.6452,49.3738,-170.4773,15.6582,-181.2219,11.1979,-170.1577,15.8639,-57.7560,31.2074,-185.7894,32.7384,-186.8701,-0.9922,-181.0653,-32.0769,-213.8733,69.7484,-128.8945
-273.1241,24.8523,-171.7670,25.6833,-208.7507,38.2526,-153.7386,18.1534,-58.8137,-17.0995,-195.2017,-0.9260,-190.3448,9.2210,-202.3931,-68.6283,-202.6184,104.5979,-112.2464
-221.6643,24.4502,-173.7568,36.6579,-197.6879,62.0842,-126.6794,4.8701,-73.5667,6.5834,-200.0282,7.4380,-155.7626,13.8952,-206.8771,-41.3669,-192.0647,99.7190,-115.0130
-166.1824,49.2947,-179.7870,39.3389,-165.6938,49.4665,-112.6541,3.2541,-58.8197,107.2520,-207.9369,29.1625,-116.7881,-15.9294,-188.7907,18.9160,-187.7954,78.4771,-83.2034
-150.6124,39.5088,-175.7627,19.5663,-151.3153,13.8048,-81.5825,36.0166,2.6489,166.3164,-196.2088,10.5077,-114.2355,-68.8768,-145.1793,49.2815,-193.8690,73.2736,-26.3712
-135.3177,-20.5779,-173.3309,-24.5413,-146.6121,-18.2611,0.9493,68.3567,84.5313,151.4828,-167.9402,-28.1301,-121.7345,-92.7312,-75.0207,45.7961,-207.0896,58.1832,19.9627
-136.0504,-68.0886,-197.1262,-61.4706,-142.4415,-41.5868,81.0811,70.8578,143.2132,128.4051,-157.2877,-49.6576,-94.8297,-74.9075,6.3137,29.0597,-216.4638,21.6110,40.1826
-149.5674,-63.0105,-213.3627,-61.2383,-135.8209,-46.9097,94.3900,57.4626,146.3759,101.1725,-147.2153,-62.8535,-51.0596,-54.9917,46.4785,4.9907,-198.4273,1.0916,34.3282
-129.1855,-43.3230,-178.6727,-40.2622,-112.4376,-20.1738,73.5846,38.2469,108.2830,61.3507,-108.4969,-70.3782,-18.7749,-58.6049,36.4600,-10.5089,-146.5358,0.9623,16.9713
-98.3289,-43.9012,-126.3087,-36.2410,-86.6686,5.4019,74.7378,25.3092,75.6520,71.0720,-77.4617,-47.3855,-0.5988,-60.0685,45.0355,-6.9255,-91.2012,-16.6241,7.0301
-67.2675,-35.2468,-99.5000,-41.0499,-81.0232,-7.0839,87.0216,42.4604,57.1453,114.4594,-73.4657,0.4416,-19.1605,-22.6835,83.9022,-12.6821,-44.2651,-38.5956,9.5740
13.1890,6.6363,-78.0732,-13.3179,-72.8816,-12.4630,85.3256,71.6521,31.5478,77.6416,-59.2818,32.9635,-72.5351,29.5477,81.7084,-42.6733,9.6523,-12.7176,24.4021
81.0726,36.7104,-42.4500,30.2858,-47.9786,24.8854,71.9184,80.9450,7.9416,0.0065,-41.7885,35.3837,-93.6562,34.6802,37.0421,-48.2241,45.0065,31.4770,51.6498
47.3873,15.6019,-10.2684,25.9158,-37.1437,33.4657,35.4922,88.0499,-10.7725,36.3546,-48.2903,28.0250,-68.8120,4.8029,10.7060,6.0406,31.9393,3.2695,73.8267
13.9358,-16.9699,6.5784,-19.8896,-50.7296,-21.8028,-32.4900,96.8156,-48.5037,119.3035,-40.7857,23.7728,-63.6519,9.1172,-1.3095,62.7605,11.1725,-83.6823,65.2812
70.0934,-20.9959,5.3772,-42.5682,-63.8950,-53.6396,-84.7465,68.0161,-83.8638,54.0208,-5.1720,17.9672,-78.4107,34.1827,-20.0752,52.8873,11.6580,-116.1003,27.2709
94.6891,-28.2094,-4.2793,-38.2464,-61.0792,-27.7050,-77.5022,10.8969,-86.5746,-89.7752,1.3545,12.6857,-63.9998,11.4856,-28.2484,5.7510,-1.0013,-73.9121,-14.1823
31.0636,-56.5623,6.3686,-38.8543,-39.5325,-14.6572,-45.8690,-32.2969,-94.1023,-109.5473,-21.4502,11.0442,-44.2156,-37.5886,-45.6416,-15.9618,-12.7857,-47.9072,-40.5383
5.6765,-56.3847,23.6406,-28.2398,-14.5225,-24.0531,-31.6184,-65.1421,-112.6340,-54.3542,-17.2549,-2.8102,-46.4290,-51.2965,-86.0939,-31.5779,24.1493,-60.9592,-50.4964
39.7868,-10.5669,2.0510,3.0233,-13.4251,-4.0148,-13.7214,-84.7034,-83.8422,-80.7199,3.4231,-30.9464,-35.5586,-50.4378,-82.2107,-82.0971,65.6129,-51.6413,-45.5859
37.0780,28.4299,-23.9227,20.3501,-17.5945,31.8587,11.1705,-71.4888,-39.3525,-145.5536,5.5660,-35.0128,-13.2069,-64.9522,-29.3824,-129.7705,63.1203,-13.6817,-33.0927
32.8647,39.6219,15.9789,22.9917,16.2851,45.7935,-3.9099,-75.7637,-66.8036,-151.8928,10.1153,3.1622,-9.0739,-56.5505,-38.2612,-140.6247,74.6712,6.7934,-41.6805
109.0750,49.7013,88.3723,40.2800,67.9256,50.5002,-47.0066,-140.1879,-129.0640,-150.2396,30.2846,43.4188,8.2283,-15.7511,-115.6910,-163.9257,128.3482,8.1784,-84.5528
196.2544,45.4227,124.0491,54.9096,88.6128,59.7291,-46.9926,-193.6526,-148.6808,-201.6869,40.2275,50.2513,49.1499,1.0473,-136.8876,-213.5756,153.5293,21.7268,-110.9872
200.1663,-3.6712,139.1980,38.5725,83.8724,65.0425,-6.5131,-183.5938,-147.7788,-254.1316,27.6450,25.4654,56.5564,-24.3348,-82.3117,-219.8727,133.1965,53.7291,-68.1875
157.7033,-49.8892,160.8252,16.9995,87.1528,64.6826,14.0619,-162.3674,-139.2266,-238.8865,2.3637,-23.0358,33.5486,-53.4605,-47.6110,-185.3009,131.7878,78.8881,5.2573
143.7686,-22.8125,170.6487,22.9787,112.9990,55.9281,6.5162,-149.8502,-97.1706,-164.0509,-11.6345,-70.5059,31.4315,-69.3044,-53.6832,-189.9296,168.8427,59.9556,32.3005
168.3925,40.6831,173.3853,38.7841,146.2407,39.5170,-17.2040,-112.6315,-77.0772,-100.7790,6.6938,-75.6841,26.8159,-78.7566,-51.3076,-217.5925,212.5617,-3.3312,10.3840
197.9464,52.9853,181.2298,31.9522,148.5273,29.8616,-59.0772,-81.9795,-124.3036,-112.4250,26.5126,-44.6760,-1.3297,-71.0740,-34.0496,-208.6409,241.0874,-49.6655,-7.6999
188.2995,30.8943,174.6666,17.2017,124.2590,27.6346,-77.2783,-103.0255,-161.5409,-185.1118,10.7273,-22.5360,6.6892,-37.1506,-31.3667,-214.8428,246.8932,-42.9055,6.3190
132.3835,45.5014,161.6449,34.3305,130.2838,25.1862,-46.4017,-137.9509,-147.3510,-242.5630,2.1142,-20.1725,62.0310,-1.7974,-57.5223,-265.4068,243.5131,-36.0944,48.9984
97.4070,65.3507,166.5574,58.6608,153.0441,22.7387,-36.3076,-144.8225,-139.3904,-231.3407,42.0757,-23.4674,97.6294,2.0990,-89.8705,-259.3978,240.1478,-74.7950,92.3705
132.3594,22.1911,161.6828,21.2564,121.4778,1.9873,-73.0551,-144.8816,-124.8398,-177.5655,84.1992,-20.0422,100.8284,-16.6226,-83.0274,-184.5257,203.2592,-115.4695,91.1015
174.2915,-39.0953,129.7201,-56.2181,70.2879,-45.8205,-66.5625,-159.3036,-40.3221,-154.1404,95.0687,14.1419,98.5571,-18.8138,-40.5334,-163.4934,129.9373,-109.7315,41.3313
155.4891,-50.0914,113.4713,-88.9945,77.4247,-80.4532,-4.3676,-174.4905,65.6037,-171.1128,102.8558,67.1388,76.5057,-4.1543,-22.6565,-187.8615,87.2162,-88.3566,-8.2592
121.5440,-49.6541,119.6987,-91.0951,96.9979,-89.2946,6.0686,-176.0357,109.8996,-151.2307,108.8408,74.8969,45.1163,-13.4515,-37.4880,-146.1470,90.6804,-102.1145,-35.0059
119.6964,-84.3383,105.4769,-127.4268,67.6282,-116.3216,-49.3104,-169.3733,112.3899,-70.2682,99.1254,30.7028,52.5487,-49.6437,-24.7154,-79.1704,75.5251,-139.6792,-58.9548
97.8368,-119.2877,75.6918,-167.0126,36.1271,-159.0634,-78.2588,-169.3859,122.2116,4.2561,97.4806,-5.1761,77.3927,-73.9529,32.1288,-72.2881,27.9227,-156.4894,-78.0395
30.7957,-130.1753,58.2059,-162.8800,31.6811,-173.2577,-56.7753,-170.8126,143.0558,55.0403,102.8971,-25.1462,67.6920,-79.2879,90.2612,-64.6568,-5.9467,-148.3879,-64.4546
-24.9915,-139.0120,37.8945,-152.2654,16.7137,-167.2125,-17.4229,-149.6850,171.0552,102.0267,79.2155,-51.6836,55.8311,-84.1494,128.3178,-21.0488,-14.3653,-141.1237,-11.7325
-60.0342,-146.5733,11.0836,-161.2674,-0.5964,-161.1832,38.4916,-110.7660,189.3050,90.7661,39.0982,-58.3034,86.6486,-84.6562,158.2987,-22.7916,-4.4100,-128.1159,61.9495
-91.5058,-143.3104,12.7974,-166.8658,17.7332,-138.9010,97.6335,-83.0917,157.7164,9.6754,24.5084,-44.7208,122.7593,-81.0108,187.9496,-65.7544,21.0602,-83.8874,125.2507
-63.1656,-143.2098,48.0649,-166.1796,64.5347,-107.1830,127.8254,-65.3647,89.8183,-31.5142,32.8591,-55.6112,130.4608,-88.7701,203.8960,-67.8980,27.3604,-22.7052,153.9678
29.6169,-147.5568,78.8419,-151.0525,121.5370,-85.2048,148.4954,-34.9297,69.2930,11.2384,39.6008,-74.6916,142.9541,-91.9919,186.9858,-45.4897,0.5984,20.8159,175.7597
74.3707,-136.7407,86.0805,-100.3979,174.6705,-58.2944,198.9638,12.5890,127.4511,73.3445,43.4832,-67.0481,180.0330,-67.6799,158.3651,-35.0883,-2.5309,46.3365,232.3534
60.8886,-100.2288,97.4505,-46.7295,205.8263,-27.9203,263.2345,65.0742,181.7115,125.5841,64.8235,-62.2456,217.8335,-40.5725,166.2265,-4.8494,54.5878,77.1923,285.0997
111.1951,-42.3407,147.7836,-17.8049,230.1039,-9.2125,296.3431,97.3700,163.4388,146.7948,110.5556,-58.1491,242.1007,-35.3482,200.3289,23.1460,137.3121,122.7113,268.2375
212.8279,11.0200,217.5728,23.3100,255.1014,23.1861,285.4092,90.2621,130.9959,102.5144,130.8379,-6.7410,242.6874,-30.1695,210.8410,-5.4912,210.8358,165.9995,216.9612
234.2851,33.7868,244.0773,73.8155,235.4261,71.7214,264.0899,67.7227,160.8003,52.8967,79.0520,50.6402,204.8920,-8.9108,205.7476,-35.4684,260.4563,180.0130,208.1403
193.3343,45.8241,219.0289,82.6592,174.1197,88.3829,274.8444,58.2010,200.6235,61.9976,18.6209,46.7872,160.1901,10.9644,211.1977,-3.5301,265.7161,169.9400,225.0967
206.8276,67.1319,199.7740,69.7541,146.2110,75.6380,305.1792,49.8646,162.3726,82.1789,33.1501,33.8633,159.8233,17.9514,198.4870,33.3522,237.9470,168.0661,219.7670
257.5595,66.7671,199.0579,77.1607,159.5977,75.9612,303.8646,45.9891,81.0461,96.4858,75.7902,72.0450,187.5886,19.9369,154.9792,23.1839,223.2584,166.1198,222.0329
254.4688,51.3373,176.4271,85.1998,157.2958,88.0211,271.2981,68.2787,40.0688,123.2749,62.9762,119.0736,196.9270,33.0004,115.7722,0.5323,233.2229,133.4645,259.2691
214.4167,90.5368,134.7873,97.2159,138.5790,107.7462,253.6491,81.8105,35.9756,78.0656,10.4374,147.1580,193.9214,66.2964,82.0418,-12.3184,245.2482,95.8169,276.9448
200.5372,170.8473,110.9605,139.4400,129.4855,137.3756,254.1900,50.4382,25.1425,-55.1851,-37.0237,177.4074,190.4652,92.1796,32.8632,-23.0336,248.3848,81.3586,235.6671
175.3332,187.2430,103.5939,160.5117,113.8274,132.2260,231.3665,20.9923,-6.3232,-124.4891,-70.4159,186.5632,159.7966,80.0781,-19.8553,-14.2443,224.2967,50.6678,175.3813
73.9287,119.2661,84.9403,115.4443,73.0491,84.9135,163.8192,31.8242,-60.1259,-98.4759,-88.4817,157.2810,102.5976,68.3420,-73.6877,21.1907,141.1331,-12.1009,126.6842
-43.7812,41.9376,35.9552,56.4604,2.3559,59.3942,71.2735,46.7447,-114.3579,-93.7529,-120.2356,140.2748,48.6644,101.9810,-131.2508,50.6649,12.6993,-62.9825,63.9946
-82.5815,-15.6526,-48.4600,17.5928,-95.7609,45.5378,-4.2965,38.4359,-135.4629,-111.5424,-195.4886,154.3388,-9.9553,133.5358,-151.7914,47.8379,-95.6845,-101.4517,-23.2379
-95.0073,-68.9898,-140.3714,-26.0275,-176.6415,-15.3785,-42.9638,8.6914,-156.2536,-113.3987,-263.4898,154.1495,-78.1751,108.4554,-132.9884,19.8073,-143.9770,-147.8650,-104.2282
-173.0533,-103.8151,-195.2050,-63.3403,-197.6071,-75.7072,-79.0187,-47.5385,-221.3114,-141.5513,-281.5149,122.9908,-115.7666,59.6875,-149.5472,-8.6218,-150.5709,-166.1047,-163.0930
-245.9317,-120.5697,-213.1783,-83.0910,-188.6927,-88.3917,-140.2076,-110.1751,-269.8934,-166.6925,-298.5878,74.7437,-116.3376,13.1939,-209.6960,-26.4453,-145.8327,-157.7504,-211.2980
-223.7509,-166.1344,-224.6954,-127.5784,-191.3640,-126.5495,-189.4943,-154.8492,-249.1382,-150.0605,-330.6617,15.7654,-121.7433,-56.4273,-234.1787,-52.9879,-136.6418,-190.7212,-244.0947
-193.4457,-238.1583,-231.3200,-195.1721,-202.9487,-209.3416,-195.2460,-201.6362,-241.5096,-174.8032,-339.5003,-25.3894,-140.6669,-118.4123,-214.2662,-97.3078,-121.8225,-254.1579,-239.2328
-241.6944,-260.6930,-227.7324,-225.4280,-227.0221,-242.0359,-189.0364,-251.5519,-296.8928,-243.3580,-364.1097,-27.7131,-164.9350,-109.0067,-211.7796,-137.9088,-119.5155,-279.1285,-210.9249
-288.5117,-224.8180,-233.2741,-216.9403,-269.0533,-213.8651,-202.9432,-279.7852,-330.8784,-282.2061,-436.3656,-26.0907,-204.2057,-59.7090,-241.1357,-176.0353,-155.6114,-275.2441,-215.2507
-261.5638,-221.4764,-253.0541,-217.4344,-289.3494,-201.3550,-230.2652,-317.3508,-333.4300,-370.0536,-460.9554,-30.2774,-224.1859,-49.4517,-288.7322,-221.7421,-216.5658,-260.6550,-271.0669
-218.8844,-263.4139,-260.8589,-225.6158,-258.2264,-201.4722,-263.9099,-373.4706,-411.3670,-508.7849,-398.0532,9.3000,-180.8644,-100.1535,-355.9849,-228.8125,-252.8620,-194.7673,-331.7737
-216.7403,-251.8471,-242.9258,-210.2626,-211.8260,-169.4835,-302.4884,-367.6927,-541.8597,-489.4344,-365.2284,86.7118,-129.5851,-196.8508,-421.8176,-172.4367,-246.8947,-105.3789,-363.4707
-220.8980,-182.0607,-216.2423,-176.3387,-194.8179,-128.1260,-327.6903,-301.1460,-588.7673,-355.0126,-417.7062,137.2500,-140.9371,-272.4190,-466.7249,-134.4927,-219.5257,-83.0391,-375.3341
-177.4751,-153.4972,-200.5941,-153.2496,-206.5310,-115.0371,-325.5127,-293.1066,-569.4225,-390.4307,-472.7625,160.1179,-178.1691,-194.8673,-514.5904,-180.0287,-166.5830,-118.2051,-368.0381
-100.9226,-158.3121,-205.3702,-149.4694,-229.4874,-120.5112,-318.4854,-357.1830,-603.1567,-542.9194,-488.8625,191.5253,-197.2372,43.3689,-576.7004,-255.6430,-79.8796,-137.1429,-352.8848
-60.6816,-119.9754,-236.4080,-148.6154,-269.8651,-122.1258,-349.7635,-399.4099,-671.9141,-568.5365,-506.2487,213.9664,-232.0889,232.6591,-631.6863,-300.1417,-10.2918,-143.7434,-388.3760
-63.9630,-74.8776,-288.9637,-148.3075,-341.9737,-120.4026,-425.0513,-414.6289,-694.2241,-539.9359,-550.4581,219.2645,-296.4765,224.1007,-681.4819,-324.3006,5.9972,-184.3370,-483.4400
-51.7550,-77.8640,-339.4973,-166.4996,-420.4385,-133.7576,-492.7700,-445.9680,-699.0829,-593.4948,-614.2300,245.3966,-357.5382,119.3614,-733.5485,-352.2131,8.0593,-256.0087,-558.2712
-56.3703,-91.3464,-369.6232,-195.9810,-466.1836,-172.4994,-527.8798,-476.0819,-738.1735,-629.3547,-666.9361,280.3365,-416.7676,49.9747,-763.2878,-395.3478,-11.5456,-321.0413,-598.7230
-150.0369,-109.3788,-401.5778,-216.2516,-504.7235,-228.3865,-586.5917,-508.1930,-787.9078,-610.7169,-677.1620,272.3168,-489.1117,-1.5874,-765.2868,-454.9164,-117.5075,-363.5374,-681.7744
-251.2345,-159.3942,-471.9922,-246.9930,-583.3834,-293.5699,-704.1084,-577.0338,-832.2409,-637.8677,-676.3300,223.8112,-559.2914,-77.8688,-773.1895,-501.8847,-248.1331,-410.4538,-795.1583
-279.9572,-194.9789,-565.3391,-304.9100,-670.5396,-353.9456,-820.2608,-645.9061,-879.0656,-688.2651,-719.3464,139.3244,-622.2119,-160.9464,-801.1658,-520.7629,-286.8925,-474.8440,-844.3569
-354.2817,-223.9805,-631.9098,-360.7743,-713.2503,-387.9397,-871.1644,-656.6129,-891.5640,-683.1475,-782.3848,-19.6555,-676.9126,-239.5357,-835.6014,-536.0427,-321.4373,-505.8294,-827.7245
-531.9661,-359.2871,-670.4937,-415.7508,-734.2355,-421.3251,-858.2530,-625.6041,-850.0543,-634.8506,-812.2004,-215.5927,-699.9808,-315.5096,-870.1121,-532.0308,-501.6777,-484.9553,-801.9485
-656.5976,-567.2854,-719.6922,-503.7097,-764.6493,-499.0141,-809.8251,-591.9844,-816.4075,-568.2135,-816.5037,-330.5433,-700.5811,-372.2653,-895.8493,-466.2008,-729.0120,-482.7499,-759.0502
-676.7013,-666.4827,-767.6393,-585.5345,-771.0510,-576.8516,-760.6702,-559.1648,-828.7458,-513.0500,-815.1372,-352.6600,-713.4052,-404.6747,-892.7268,-387.3852,-828.9718,-507.3661,-691.6642
-724.4958,-636.8997,-756.8087,-597.9329,-722.1590,-579.7045,-735.7241,-516.4798,-833.3886,-500.4156,-798.3133,-387.9857,-715.5453,-421.8281,-856.9723,-368.7613,-843.8612,-476.0575,-642.0383
-802.0930,-610.3047,-694.9828,-570.3835,-643.0602,-533.6803,-715.5533,-461.3560,-780.0878,-474.6005,-767.0745,-466.7936,-672.5893,-417.8534,-798.2592,-361.7439,-870.3099,-404.2462,-614.1932
-798.9869,-621.7980,-655.6135,-548.4134,-574.3815,-496.4863,-681.9266,-409.3457,-679.9326,-407.0752,-725.6870,-515.5455,-617.7493,-393.9792,-708.6869,-302.3587,-874.1453,-374.2286,-575.8774
-769.4485,-626.5304,-630.8337,-513.6487,-518.3980,-461.6529,-649.6407,-368.7856,-555.6695,-379.9210,-664.9995,-512.3892,-567.7011,-371.1957,-579.0981,-248.3895,-837.7776,-345.8162,-515.4921
-837.2111,-618.5211,-525.7051,-472.0086,-438.6362,-426.0983,-595.4738,-306.8317,-429.8908,-379.3288,-602.5579,-516.3644,-477.0090,-359.9146,-446.5003,-242.4858,-813.0709,-259.3860,-418.5028
-921.6540,-601.3790,-364.5413,-461.6520,-341.0502,-404.8311,-488.9302,-213.2246,-342.0794,-300.2086,-555.3914,-542.3345,-360.3547,-360.5805,-370.4506,-215.6815,-793.0271,-191.2975,-298.0475
-835.7833,-580.7982,-314.6882,-460.9936,-305.7810,-377.2823,-388.1407,-142.1174,-289.8099,-196.2875,-477.7828,-525.4606,-297.7512,-369.5832,-335.5822,-148.0301,-748.2457,-200.5343,-220.3422
-620.1013,-583.0873,-406.0218,-444.5026,-345.8788,-349.9081,-324.7919,-105.5994,-197.9673,-173.9253,-344.5011,-439.6599,-284.3681,-358.9378,-248.4131,-112.5158,-702.0704,-222.9584,-170.8680
-523.6528,-596.1657,-460.4738,-447.5848,-347.0198,-362.6908,-207.5135,-47.9875,-31.2430,-165.7339,-239.4621,-355.0257,-245.4943,-305.0701,-86.3374,-106.3555,-647.8133,-214.3140,-50.4308
-562.8278,-572.9052,-398.0101,-459.2745,-257.2718,-370.8731,-23.5665,28.9740,123.6502,-89.1748,-226.7983,-324.9347,-178.3672,-235.1547,49.1801,-59.1306,-549.2369,-189.8756,103.3644
-440.3986,-508.3185,-333.0764,-407.4541,-163.8788,-307.8230,80.9433,77.2946,179.6251,6.4184,-222.4041,-320.7650,-126.6414,-190.8118,98.2545,7.6906,-441.0060,-143.7764,153.6443
-112.7690,-437.7024,-307.7794,-311.7658,-110.6998,-233.5878,67.5987,112.0432,186.4705,79.1140,-126.6486,-326.7750,-78.4484,-176.6735,132.8219,30.3955,-374.7674,-84.8019,138.9126
60.1543,-388.5514,-231.4492,-263.8700,-48.9221,-219.6626,74.7796,156.0521,240.7625,135.5800,13.1862,-353.5926,-12.5491,-175.1450,213.7524,37.8797,-328.7526,-56.8221,193.5163
-26.1463,-347.5949,-100.5935,-253.1689,24.9232,-205.4308,149.8329,169.3923,328.1769,152.9274,96.0305,-344.6346,39.5091,-167.6430,299.8990,78.2588,-261.8300,-57.2799,276.2556
-58.4076,-261.2502,-7.1771,-195.4929,75.8580,-131.2677,202.0219,138.9525,371.4197,135.9512,127.2438,-259.6183,62.8275,-145.9861,342.7647,119.5416,-169.1828,-42.5712,280.3157
51.2737,-132.8881,40.5921,-98.2315,119.5920,-52.9654,215.7173,118.5443,368.4638,157.2190,171.7066,-193.3648,98.1688,-131.0464,342.8478,127.3657,-72.7721,-0.9031,252.1578
81.6615,-59.1418,101.9149,-39.8537,180.0450,-25.6699,256.7491,138.5768,373.6850,249.0898,233.7002,-208.1439,162.8553,-137.2271,318.8269,129.7012,-8.6464,50.0017,272.9011
28.1077,-61.4344,180.5681,-33.5991,239.6293,-20.6920,315.6623,171.6711,394.3715,337.3497,285.0777,-204.4279,221.3891,-128.3010,313.6089,154.8794,15.6108,90.5358,310.5231
60.3682,-34.5923,242.1405,-24.7468,273.7727,4.4891,328.9166,186.8143,399.4766,327.2773,336.0891,-129.4759,255.4165,-77.1489,367.1422,191.4215,39.3904,113.1268,320.3413
164.3066,50.4990,277.0455,20.4890,282.1192,51.4413,304.8633,193.0384,398.8567,237.4824,394.9015,-70.7147,285.0663,-20.3428,441.6490,217.3504,86.5017,137.2963,325.3488
246.5961,115.8747,301.8157,88.9170,294.8968,102.1882,306.7773,220.1986,429.5488,181.9052,429.3625,-47.4967,318.0589,11.6090,473.6591,223.2340,154.7000,173.7178,345.4845
299.1571,157.0572,338.7687,147.5511,334.8487,146.4386,339.2917,247.8438,476.9467,191.1171,439.7263,6.3386,345.2974,38.5151,481.7917,216.7054,257.4143,189.3601,355.6447
329.2289,213.8839,386.8900,169.6602,364.6497,175.3245,344.8404,216.0405,496.3959,189.6448,491.8134,64.0660,377.1817,70.0825,515.9462,212.3697,373.8352,161.0825,323.4043
366.8536,245.6949,422.8745,163.3875,353.6964,176.9101,315.7689,143.7225,508.5297,167.3529,610.0031,74.6679,426.0419,95.5732,571.2344,214.2828,441.5615,120.3023,264.8845
444.4114,233.9100,451.0418,173.8851,362.4185,171.7552,320.9191,118.2883,570.4855,173.2106,724.1580,95.2123,475.1735,127.4615,637.3480,225.8476,484.3776,117.0176,261.0728
516.9545,252.3996,506.0777,225.9704,444.6483,204.9498,396.1618,149.4433,662.1595,185.9027,790.1314,159.6154,514.7123,171.2389,726.5203,256.2807,595.7059,168.6014,365.9378
593.4042,322.0304,598.1521,285.6314,559.8837,261.7290,501.1147,174.1601,724.9155,180.0026,864.5640,196.7657,573.3583,199.7385,811.9537,289.9186,763.7047,231.2950,515.0733
756.7097,377.9344,704.5911,315.7637,670.1671,284.3954,595.7664,170.6017,769.9057,187.6119,987.1265,180.7779,665.9379,208.3466,847.9409,288.5037,883.3013,245.1951,604.8560
913.5892,400.7031,792.2966,332.2127,772.3582,287.0446,662.1301,154.5627,813.9091,194.3645,1090.3127,170.5370,745.4411,218.5478,837.4148,248.9237,911.5752,230.6431,617.0895
886.5778,414.5247,816.9264,356.5957,811.4292,314.4946,675.5937,148.4178,808.5060,165.0857,1098.1521,184.2024,754.0815,220.4939,802.7149,223.5925,875.3264,243.0542,593.9204
739.4659,406.6527,758.4142,361.6501,734.9527,326.2839,635.9808,185.5526,749.2538,151.3445,1022.8139,190.3733,693.7547,196.3759,748.7913,260.1523,799.2722,247.3864,555.3157
638.8434,372.8434,665.8690,323.5994,606.7725,279.3896,576.6199,250.2748,706.8547,202.5289,923.1542,188.9711,616.2432,169.6672,686.0894,328.4454,709.1293,203.3457,508.6968
586.6623,355.8499,607.0163,278.6529,537.5084,231.7966,524.1239,282.6325,692.5953,285.4843,845.5319,201.2228,569.8307,167.0896,628.9359,347.2075,631.4850,189.5536,483.7470
532.1920,366.6044,592.8541,266.4778,550.5049,233.6021,503.5999,294.2859,664.3440,363.8610,800.9453,222.8596,563.0632,185.3046,591.4688,311.4901,571.0505,252.8144,496.7123
479.2898,366.9791,585.8881,272.8164,574.9854,248.7392,524.3151,335.4814,639.9629,412.3913,753.1398,234.4711,559.5782,215.9221,597.4856,307.6064,527.6678,298.8632,512.6940
429.3773,353.8830,553.5642,278.5108,540.9756,253.8381,529.2083,376.8575,636.0712,397.0845,673.9868,228.8230,521.0468,240.6835,624.3656,345.9945,502.9176,287.2968,495.0764
401.3588,356.7322,503.4462,298.0450,469.8183,273.7594,473.3744,379.8466,595.8141,338.9089,603.3337,210.8431,462.1209,228.7524,596.8343,332.0582,488.7382,306.6396,468.1299
395.5824,366.6392,465.9245,329.7650,434.8111,305.9828,420.0054,372.4917,503.6294,297.8436,573.0718,186.2901,422.7909,189.0566,517.6325,263.1218,477.8657,371.0109,462.2211
343.0440,363.4205,435.3534,339.8841,422.2755,317.0830,413.2830,362.0526,424.8531,298.3653,532.1119,166.8539,389.6495,163.0823,463.6756,243.5527,450.5043,386.7905,431.1124
256.2066,362.2547,370.9713,322.0810,352.2097,300.1046,374.3030,331.0193,379.1820,341.0763,446.0294,171.3768,315.9835,153.3738,418.0775,275.4031,373.8029,337.1980,329.7337
230.6039,363.5867,277.0428,307.5102,245.0275,282.2140,270.7651,308.3563,327.3116,395.7631,376.8379,193.7046,220.2860,138.8739,322.8022,266.6034,273.1103,291.6121,222.4035
233.8788,346.8532,212.4526,309.0699,200.6152,284.0363,208.0829,305.5268,272.9392,403.8781,378.4091,202.3393,178.6881,130.5511,252.6680,218.6194,233.5805,265.3819,195.1322
210.2424,337.5288,202.4154,309.3604,232.1203,287.8533,240.8648,292.9681,259.5161,384.8285,414.0272,196.9187,211.6878,140.2441,287.7242,202.7891,276.8722,226.2414,232.3455
247.1369,359.5197,215.0025,298.5749,272.4999,272.5648,287.5862,292.6400,293.5475,406.3981,422.8162,200.7868,254.9819,155.0170,340.1580,230.9158,326.3270,192.6178,269.1447
332.0840,364.5306,218.2707,291.0122,283.8580,264.5908,279.0068,328.8116,333.7613,436.0695,386.9464,199.6394,251.8751,175.4112,322.9115,275.1047,317.7148,207.2084,274.2585
285.0238,328.8177,200.0705,302.0673,259.6418,283.2763,228.9324,347.9882,345.8702,418.3938,325.0259,177.9956,211.4490,204.0626,293.9329,313.4753,254.8974,240.2691,237.1002
110.5800,306.5035,158.9611,315.9663,202.7481,284.1573,172.8359,333.4956,342.9271,391.9011,262.8958,176.2860,166.2412,218.6730,295.8898,322.3961,172.7766,224.9939,167.1051
6.9611,312.9139,110.5503,301.5328,144.0375,249.3739,140.6501,342.0747,337.9821,376.8732,210.3120,219.5069,128.3089,220.5325,274.9904,299.7004,113.0844,184.4300,106.2648
20.1277,314.8001,81.0218,272.3342,108.8733,236.4726,135.7774,359.6230,287.2774,347.2209,164.4703,262.8552,98.2820,235.3288,206.6844,260.8275,95.8320,202.4998,74.3757
33.3286,329.4860,79.9590,277.4420,80.0320,264.0712,111.8547,322.2062,175.7197,326.6970,126.7921,272.0973,73.8100,241.2352,123.6463,210.0808,93.9261,271.5347,44.4101
-8.4810,373.4450,84.4178,317.0130,46.4000,283.7569,42.4745,253.4719,89.9609,317.2538,95.5981,262.2071,45.7727,203.4818,53.8492,175.4696,78.6353,309.3438,-1.1870
-52.7964,399.1554,63.6042,341.0957,31.5556,283.3578,-24.2821,210.7578,76.5555,283.1186,68.1676,237.2381,17.1806,153.9007,20.6839,189.0232,58.2566,300.1284,-50.6323
-33.1150,386.0338,23.0530,333.9490,33.9566,284.0346,-45.6575,193.2072,57.7558,275.4514,54.0203,191.2443,5.9975,134.6956,25.2142,203.3114,36.1869,284.6482,-90.1635
0.7529,363.9072,-9.1111,323.7156,7.1519,282.2206,-46.0115,189.0786,-3.7084,315.2576,40.0645,153.3555,0.3893,136.8026,26.6046,165.6274,-5.3035,275.7910,-111.3878
-82.4843,341.0613,-42.6723,326.8552,-64.0513,283.7581,-62.2722,198.6149,-47.6229,291.5999,-15.0881,152.3313,-39.8502,152.9641,4.3104,133.4623,-51.9527,271.3325,-115.8913
-230.7663,323.2332,-108.1292,335.0769,-131.8568,301.9676,-99.9901,216.9936,-69.0271,219.8495,-96.8803,165.3136,-107.9324,186.7810,-19.7901,170.2842,-67.5454,266.9147,-117.3474
-257.5097,322.0258,-181.8487,330.4124,-165.1438,308.2479,-149.4135,259.1134,-111.3116,252.9642,-130.6019,153.3634,-150.4480,205.8893,-34.7382,229.3663,-71.3532,246.7248,-121.8189
-212.6328,308.1411,-211.9324,305.1891,-188.9058,283.6868,-194.4153,323.0184,-140.6547,336.9217,-96.6055,119.4743,-162.3655,184.3027,-43.8113,241.3442,-111.7930,224.7315,-127.6986
-260.7918,271.3950,-199.2173,279.5847,-215.2281,256.3785,-225.9420,347.0575,-123.0175,318.4352,-51.3723,89.9265,-192.5140,142.0014,-53.3040,199.3089,-165.3253,226.9886,-143.5515
-303.0385,256.9765,-184.9666,267.7301,-228.2526,232.5855,-265.7250,304.9623,-117.8721,267.4037,-37.9200,59.3830,-252.1700,96.6062,-85.4256,135.7402,-171.4030,229.8540,-173.4364
-217.5764,262.3562,-198.4724,252.3976,-246.2500,202.8598,-333.8311,253.8270,-156.4344,264.5185,-49.1905,6.1159,-305.8359,58.9671,-134.4738,94.9078,-152.7913,220.2744,-204.1818
-162.4388,246.9370,-238.8025,233.4496,-291.6258,194.6176,-402.1413,221.4905,-186.3691,218.9010,-49.5604,-53.1776,-339.0151,52.6405,-160.2166,84.0644,-175.4924,232.3152,-225.5832
-226.6987,234.9565,-270.2552,228.8065,-324.8319,206.6895,-428.4294,177.5312,-204.0785,152.7016,-14.6987,-85.9865,-363.8737,62.7690,-180.7245,56.2934,-220.1817,243.2955,-232.7345
-246.3921,247.8503,-263.1046,217.8667,-306.7321,189.5325,-411.7935,127.4000,-263.6752,192.2653,20.9535,-96.1156,-382.1358,51.5834,-247.9378,9.1447,-235.3301,195.8809,-223.2675
-191.7782,240.5591,-244.5558,183.8277,-264.8239,150.9010,-381.7865,113.8082,-337.3467,269.5183,5.6927,-96.9010,-387.4771,43.5580,-320.1294,2.9599,-256.7229,130.0723,-212.5830
-222.8105,204.7103,-250.9748,161.1252,-233.0129,134.9031,-356.8983,151.3827,-330.1944,282.3403,-40.9140,-89.6955,-378.0696,69.1265,-316.9869,39.0102,-326.4335,107.5678,-209.6597
-335.7685,176.7120,-268.4114,157.8571,-214.5436,119.5174,-328.3988,214.8897,-239.7501,305.9526,-70.7769,-97.7497,-353.0878,83.3293,-261.6814,64.8369,-389.6521,94.1778,-192.6547
-389.9024,151.0088,-280.7581,145.3047,-218.8965,88.2725,-277.8055,252.8282,-167.2083,342.2176,-85.3163,-131.0953,-319.0522,68.4109,-227.0289,78.5111,-396.8136,64.7430,-157.0022
-370.8797,124.3912,-297.8024,139.6778,-246.1765,94.2991,-211.2509,238.7784,-155.4106,278.2947,-92.3550,-144.3134,-291.6544,82.5118,-215.4093,95.8435,-385.9084,61.6061,-134.9765
-353.2285,124.0845,-307.0146,152.9977,-264.4129,135.8210,-158.1307,224.6634,-135.7447,185.4618,-85.6213,-127.9919,-274.0736,118.9717,-187.0524,98.9981,-384.2834,81.7407,-129.3580
-349.3289,132.6898,-292.3376,144.2916,-253.9768,136.4515,-121.7439,258.8651,-73.0743,198.6087,-83.4700,-140.6047,-245.3261,103.6375,-133.3625,85.5644,-363.0367,84.6690,-103.1956
-317.8235,117.9998,-268.3359,122.6000,-222.3991,99.2279,-75.1684,293.5285,-40.3291,226.1608,-81.9385,-172.9100,-191.8240,54.6778,-80.9162,65.5174,-319.5530,85.9288,-54.0139
-234.2565,100.4978,-227.7693,134.4398,-174.4321,95.1126,-18.1831,279.8368,-82.7084,167.5179,-43.2607,-147.4929,-143.7058,49.2212,-60.7004,30.5402,-280.8810,106.0092,-17.9190
-129.8060,102.3484,-151.8891,146.1030,-119.0012,120.3580,22.8968,248.8347,-130.2689,129.6640,1.7390,-84.6918,-140.8413,71.5948,-74.0959,-3.6654,-244.1621,118.1462,-6.7144
-65.7331,117.7346,-89.6206,126.3409,-83.3449,123.1880,43.2860,214.1274,-113.1905,179.1915,-14.4499,-72.5449,-166.9959,61.8031,-95.6096,-10.3687,-207.8039,107.5916,-6.1930
-70.0393,129.4492,-100.9321,120.9733,-88.0579,99.5983,52.0755,153.4311,-45.6137,234.1965,-65.0708,-98.2104,-177.2553,34.2901,-115.4319,-4.0180,-204.8918,84.0519,-12.0453
-132.1318,94.4742,-150.5956,113.7618,-118.0347,65.2790,48.8356,109.8942,32.5045,277.2737,-91.4549,-95.3530,-173.2269,29.1303,-142.9659,6.9046,-244.5133,49.5871,-32.1822
-202.1833,12.7838,-167.0300,44.5004,-129.9448,25.4973,33.1114,127.1407,87.2586,335.5750,-107.6165,-83.0921,-172.5931,31.7974,-173.4930,32.6351,-278.4744,13.2829,-73.1015
-186.2155,-24.2821,-147.4062,-22.8224,-109.6616,-1.2034,0.4473,140.5427,90.9942,347.5427,-126.1597,-111.2646,-155.4725,11.9800,-185.4691,43.1493,-263.8183,-13.1342,-123.1242
-84.2589,7.7213,-131.8676,-12.9192,-101.7470,-10.4563,-48.4559,108.1028,68.1112,316.4969,-130.1071,-156.1862,-126.8134,-20.5049,-163.3640,28.3302,-219.6173,-35.7887,-145.7374
-51.2551,17.2285,-134.8597,11.4388,-124.6107,-24.0954,-78.1552,101.8974,64.7556,345.9370,-145.2343,-159.6245,-135.1108,-32.6705,-126.3416,38.8940,-185.9810,-54.5120,-122.7299
-128.1407,0.5007,-136.0982,11.5919,-125.2854,-30.3557,-69.4978,126.6409,49.9294,366.0273,-185.1822,-107.6495,-167.0607,-16.2902,-128.3904,54.5989,-151.9839,-59.5789,-98.9086
-128.6567,42.1324,-111.8644,42.1315,-95.5950,4.4260,-70.3493,76.3174,-28.1763,201.8609,-196.0696,-39.2226,-165.0810,2.4012,-183.4318,-1.2258,-83.3430,-55.7127,-122.6759
15.2236,112.1358,-68.6028,86.3696,-100.1671,59.2762,-98.3084,-35.5662,-115.5444,-47.5986,-158.9453,-3.3908,-154.2568,7.8337,-226.4415,-72.2960,-3.0656,-47.4653,-154.4070
123.7981,126.3370,-27.4124,88.4071,-133.8722,85.2571,-96.0830,-82.5454,-139.1336,-148.3927,-114.5431,-8.5515,-181.4811,17.7258,-215.7541,-49.7896,42.7508,-34.6130,-125.9415
124.4957,105.8376,14.8298,81.2598,-124.4311,80.4025,-62.4603,-74.9914,-144.2625,-153.0274,-71.4833,-20.7519,-190.0447,35.9673,-191.9816,10.5343,71.6536,-25.7166,-63.9181
146.5410,88.5682,66.0122,88.0286,-71.2644,67.9145,-49.4167,-101.3303,-183.6071,-219.1108,-33.6150,-14.5295,-124.8116,35.3437,-175.7218,10.5412,113.7113,-14.3625,-30.4750
205.1561,56.9510,113.2159,65.9249,-19.8589,51.2394,-16.1583,-106.9098,-189.6318,-247.4141,-42.7911,5.3757,-47.8567,17.9675,-125.4804,0.8844,139.8678,9.3437,8.0736
191.8692,27.9461,145.9382,25.4821,28.3474,32.1489,90.4937,-29.7108,-113.8691,-132.8252,-80.2882,27.2138,-16.4026,24.2005,-39.7832,34.7157,141.9955,15.3293,94.7134
150.5652,39.1724,159.1294,17.3557,76.0186,22.1360,180.3880,19.8664,-53.3801,-37.4115,-56.2241,43.9224,8.8608,53.3539,5.8909,34.7044,176.0124,-15.6344,144.5882
211.1561,76.9330,145.5302,37.6675,107.3403,25.4568,159.2859,-35.4381,-97.4342,-86.2875,44.1963,55.9516,59.5183,55.5282,-45.5076,-43.5907,262.3322,-43.9422,81.8864
348.0512,126.9252,125.7723,65.6485,126.3924,39.9098,85.1419,-97.3328,-184.5345,-170.0658,138.1313,72.9733,106.6122,22.8402,-145.6511,-121.2947,363.1492,-45.9209,-4.1580
456.9655,193.2177,134.4706,92.1491,136.7898,56.6033,35.0840,-111.0464,-221.2553,-217.3231,171.5010,91.4012,127.6127,-0.1677,-183.5683,-151.8866,449.6195,-44.9743,-19.8147
513.8143,235.0002,163.3483,93.6793,140.6537,56.3357,-3.9713,-147.0279,-214.8056,-290.7416,164.2189,84.5799,125.3730,-9.6114,-133.0845,-188.6362,490.1571,-48.8505,-16.7215
513.0167,196.6267,185.6760,65.1635,161.0322,30.5634,-45.2539,-213.6706,-213.3390,-380.0970,148.6372,37.4960,108.4470,-47.3089,-81.3453,-256.1971,452.3810,-59.5940,-44.2993
445.1345,88.0783,199.5072,17.7703,178.1567,-13.1204,-62.7646,-249.7675,-219.2783,-400.2076,132.5124,-30.2749,95.9723,-107.4301,-64.4597,-297.6983,374.2820,-97.4595,-50.1588
377.9951,-27.8973,197.9289,-56.2039,138.6826,-71.3156,-40.0954,-258.2118,-207.7836,-352.6419,120.8728,-87.0295,96.3574,-144.2781,-29.3662,-280.1561,313.2672,-143.4330,-7.5046
360.7452,-99.3673,175.8177,-130.8478,78.6895,-131.4401,17.1714,-260.6136,-170.7402,-311.8001,124.7864,-116.3647,88.6398,-161.1668,8.6012,-247.1265,249.4464,-155.5886,43.7554
321.7750,-117.9757,160.4781,-151.7077,75.3335,-159.4623,83.1027,-235.2293,-118.9845,-307.7283,126.0063,-125.8285,67.1346,-183.7938,-7.0584,-239.4067,171.7817,-146.1179,94.0490
231.0334,-109.1480,160.6666,-136.6607,109.9866,-149.1521,136.7081,-194.8147,-62.3778,-303.2177,93.9252,-138.1763,65.6513,-194.6538,-20.9773,-248.2446,146.2344,-138.7880,154.3614
183.2397,-102.4307,155.4855,-137.4444,141.6597,-141.0066,190.5188,-189.5157,-1.6825,-279.7589,66.7677,-161.1137,109.2965,-189.7589,28.7892,-263.6451,184.3343,-122.7673,196.8507
207.5057,-120.6777,156.6095,-149.3281,188.1539,-157.5430,239.2424,-216.1612,59.1086,-290.8752,106.6936,-173.8453,180.2444,-202.4098,86.2436,-283.8765,197.7246,-115.2715,201.7307
221.7605,-171.9945,173.7072,-171.2789,229.1039,-180.6152,256.0453,-226.4220,116.2178,-346.8583,161.1313,-166.1702,235.8165,-212.5085,126.0229,-276.2431,140.9217,-149.0372,199.9093
198.7790,-231.6663,167.3706,-223.7205,214.1482,-203.4614,284.4336,-193.5246,190.0665,-335.4281,137.8892,-161.3380,244.8719,-178.2524,200.7123,-213.1643,61.1825,-191.3172,230.7342
166.6872,-270.2326,135.3894,-271.4077,182.9830,-237.2751,378.0678,-129.4469,296.1525,-205.5431,89.8573,-169.7047,221.2920,-154.2656,284.6469,-130.2234,14.0226,-198.9765,295.2228
129.7481,-289.7773,130.0905,-281.7693,196.3260,-274.0855,470.5528,-75.4129,390.3942,-85.2564,123.1462,-165.4805,214.0586,-198.5134,323.8112,-81.1892,20.5644,-199.9872,351.3733
130.4802,-293.0016,145.7907,-290.7343,221.3388,-294.1125,490.0594,-71.0258,413.8401,-86.1494,208.1155,-139.9469,248.2600,-237.4655,367.1868,-72.3012,68.1086,-224.0301,358.8814
213.2490,-271.3048,143.1955,-303.0348,212.7928,-287.4894,477.1225,-119.9089,373.9338,-178.6701,264.3342,-118.6746,296.7000,-203.1517,442.1115,-84.2688,126.0176,-238.5000,328.3926
295.2092,-241.9210,149.7684,-273.9332,192.5645,-250.0588,451.6108,-192.7053,320.4948,-288.4011,290.8636,-109.0977,316.6436,-161.4094,474.0419,-109.0679,184.2080,-214.9000,295.3184
286.3812,-227.1288,192.2882,-218.9914,191.6548,-195.2697,382.9276,-238.4211,283.3902,-333.1631,294.2410,-104.6489,296.2598,-167.4309,440.9158,-135.2722,230.2876,-180.6028,268.0844
242.2570,-222.6440,229.5679,-189.2267,208.0741,-160.4899,319.3067,-221.9656,262.2618,-271.5065,263.0537,-127.1336,268.6624,-181.4024,404.2567,-141.3948,222.0067,-169.4251,241.0020
219.1381,-225.5728,236.2002,-184.2250,228.8847,-159.3246,309.1762,-184.9823,231.8878,-207.7124,244.7468,-181.2363,278.8553,-188.6640,384.0117,-125.3682,171.6957,-167.9534,217.6246
173.0761,-229.5906,234.1346,-184.9611,249.5509,-161.3723,301.0378,-182.3212,175.1381,-237.4206,271.6544,-216.6584,319.9654,-207.3332,356.0295,-106.3402,154.1635,-146.4633,203.6819
107.3604,-217.2613,226.8785,-189.7417,271.4615,-156.3331,281.4864,-166.8185,131.7601,-255.0001,273.8602,-206.2471,333.4948,-201.9490,310.6938,-80.8321,164.1389,-125.0420,212.4297
91.5954,-216.2722,197.9340,-201.5528,280.2258,-181.2502,294.0541,-84.9019,143.2965,-163.4586,212.6368,-181.5736,297.8052,-160.2705,258.9197,-23.9180,131.3253,-146.4866,244.0167
109.9355,-262.9010,150.5979,-230.7525,253.1354,-241.5795,291.0345,-6.8982,166.4607,-63.6228,160.5993,-162.3814,251.9776,-152.0245,235.0680,42.2353,74.7103,-187.9395,253.5107
89.2679,-302.9642,103.8097,-261.5774,200.2412,-270.4499,221.0706,2.7629,145.4840,-47.1869,146.9509,-150.1728,208.4949,-190.1726,247.6363,59.1225,50.9208,-190.1557,212.9552
33.3233,-279.1182,74.5714,-245.3020,139.8218,-225.6953,153.4142,-7.1545,107.2323,-81.6916,103.0038,-165.3736,135.0921,-194.1840,237.4068,36.8726,32.1015,-164.1338,157.8004
-6.3802,-242.6824,58.0707,-193.8612,56.6943,-168.6291,122.0164,-12.4765,86.2339,-138.7684,20.6144,-196.3102,43.5964,-152.3811,183.0066,35.5788,2.9540,-169.8526,105.9943
-14.1493,-232.9660,27.6088,-173.5882,-40.3834,-172.2384,64.1340,-54.3264,55.5260,-182.0815,-16.8153,-185.3751,-8.7764,-133.3483,148.2559,42.8335,24.4523,-215.1873,38.0585
3.5555,-197.3997,-13.8583,-181.1029,-100.5138,-206.5485,-16.5058,-114.5014,-5.7835,-151.8816,12.8396,-122.5214,-21.0701,-135.1294,139.2725,12.5590,94.4404,-256.3568,-25.0909
42.5052,-129.6251,-30.1234,-171.2338,-119.9451,-203.6543,-67.6108,-148.7706,-76.7517,-99.4106,43.0794,-57.0993,-44.9970,-113.9542,84.4266,-23.7035,129.2191,-262.5801,-59.1204
78.1340,-102.8740,-19.2385,-160.7613,-132.8406,-177.6768,-108.7479,-178.3861,-137.4993,-112.1390,38.7260,-21.8079,-79.4758,-107.5523,-17.2863,-29.3746,103.3258,-235.9421,-99.7653
66.4744,-133.0169,-11.9245,-173.7963,-128.8472,-180.3844,-158.6462,-213.8538,-175.7304,-137.1998,20.1761,-25.2041,-75.9454,-140.8207,-99.3060,-42.2252,48.5669,-196.0569,-152.3094
-2.2956,-169.0559,-19.0535,-188.4234,-95.7142,-201.4664,-184.7634,-219.1451,-178.0322,-110.8016,-4.6108,-61.1188,-42.7929,-111.6610,-127.6489,-74.3102,-26.0351,-159.1722,-157.8657
-85.1277,-196.5614,-35.8767,-202.1611,-70.2991,-208.0492,-189.8552,-198.0446,-152.8608,-85.7409,-45.3093,-92.6674,-45.6637,38.9147,-102.5828,-82.5692,-108.0084,-134.6480,-119.6858
-140.5288,-230.6704,-56.4255,-226.9409,-77.6729,-208.3819,-198.5445,-183.0946,-132.1474,-83.3567,-97.3296,-100.9512,-104.1687,174.7941,-71.2862,-81.4902,-161.0505,-136.7950,-107.4246
-154.3046,-245.9407,-75.7958,-235.4128,-111.7282,-207.0999,-199.6635,-176.6696,-146.4034,-61.8836,-147.8791,-116.5233,-166.6250,161.7911,-118.1484,-123.7349,-174.6078,-159.2286,-128.3962
-135.5862,-208.1095,-112.5754,-212.3803,-168.8710,-186.5168,-196.6439,-178.3097,-194.6475,-43.7529,-187.1011,-148.6822,-193.1460,70.3795,-222.1762,-191.0679,-175.1904,-160.0812,-130.5729
-155.9792,-158.3505,-181.7861,-190.3168,-225.4223,-163.2089,-209.6251,-183.0825,-218.9336,-48.9207,-215.2054,-166.5995,-203.5949,32.8213,-257.9276,-228.0406,-198.3231,-131.7119,-94.1567
-283.6644,-167.3935,-243.2617,-187.2889,-251.0965,-168.0545,-218.0685,-159.8436,-157.5954,-8.4853,-257.8441,-161.4973,-233.9328,49.4587,-218.8651,-220.7030,-259.5099,-123.6726,-47.1355
-408.7973,-204.9231,-261.6700,-185.1190,-267.4683,-179.3196,-207.8860,-114.0994,-34.3432,102.0103,-331.6169,-142.9657,-290.2627,51.2231,-225.5141,-190.3327,-323.1386,-146.9384,-33.9291
-363.3474,-190.8812,-273.5234,-167.1388,-305.4629,-160.6809,-214.1944,-96.9822,79.8438,192.9597,-394.6115,-117.4105,-353.5662,23.3276,-287.1680,-171.4341,-341.1147,-153.0853,-76.0954
-242.7655,-154.6250,-310.6158,-135.0016,-347.5432,-122.8137,-254.2527,-116.8684,155.3210,184.1064,-402.8181,-109.9786,-395.1140,-4.4829,-296.7265,-176.0070,-326.2029,-123.9643,-150.9426
-262.5138,-158.0310,-342.2689,-104.9239,-369.2138,-87.2776,-295.5228,-140.0136,173.8687,85.9932,-382.5010,-128.7992,-386.9863,-7.1896,-248.0212,-167.7978,-315.9975,-73.7034,-230.0697
-363.7339,-149.4271,-338.4485,-83.4947,-357.1402,-51.1042,-304.7450,-150.9914,95.1714,-29.3594,-372.4605,-132.4096,-330.9289,17.0016,-248.4372,-136.7634,-315.6417,1.3772,-301.6629
-366.3654,-91.2138,-302.7828,-53.3943,-292.3947,-14.5983,-287.0675,-140.1011,-69.0133,-94.6296,-366.4289,-102.2110,-268.4731,47.2893,-336.1512,-127.2573,-335.0658,79.9989,-342.6547
-321.7517,-63.1178,-253.5423,-20.4040,-197.2785,9.0153,-280.6141,-101.3064,-226.2114,-98.9554,-365.0529,-71.7111,-237.0063,65.2916,-425.3062,-125.7180,-383.7515,101.6318,-343.3780
-345.7139,-96.3933,-220.2042,-24.1003,-140.0845,8.4543,-300.1046,-60.5713,-289.0294,-62.6038,-381.8757,-61.2405,-238.7816,62.6975,-426.2691,-74.5161,-416.6241,58.7404,-333.7807
-380.4689,-121.0108,-212.7745,-56.0770,-140.8778,-15.5241,-303.0181,-37.4119,-246.9831,-5.8771,-385.3319,-65.9104,-258.5807,30.8172,-343.2783,-18.2877,-393.9857,16.4784,-324.5307
-360.5220,-106.9851,-201.7345,-54.0753,-152.5672,-30.9900,-265.9899,-19.6774,-164.1972,24.8938,-350.3594,-71.5543,-276.1002,-10.0623,-242.4663,-30.0264,-345.6668,13.0269,-304.6051
-324.7592,-68.0755,-177.7272,-7.5592,-151.8638,-4.6989,-231.5259,-6.3123,-110.6478,8.3644,-324.8979,-41.7593,-277.1738,-12.7065,-174.2317,-47.0511,-297.0026,13.1904,-294.0450
-299.0862,-15.8541,-173.3361,25.5972,-170.6534,27.1216,-218.0778,-2.0090,-82.9241,9.4574,-339.1115,31.7859,-278.2973,20.0953,-156.0012,5.2642,-238.7940,-21.1172,-289.8963
-286.5381,3.4850,-192.4312,16.6165,-227.6788,7.8335,-193.3708,6.2248,-43.5756,54.0527,-347.6387,91.1443,-299.0543,39.6995,-183.0267,56.5805,-195.3854,-62.7420,-250.3853
-292.1543,-20.8464,-200.9041,4.0544,-280.0206,-27.3749,-162.8492,9.4814,-6.4126,66.3297,-335.9431,98.3287,-313.9418,38.8101,-213.3332,38.7787,-191.7875,-65.8378,-204.9258
-278.9848,-23.3729,-194.2395,21.6506,-275.4309,-18.8419,-158.5828,-12.5547,13.8923,51.8721,-345.4178,77.2940,-293.5791,33.4054,-189.4046,13.2978,-195.4126,-56.7826,-217.8534
-236.9748,-9.9098,-199.7928,31.8729,-230.9318,-8.3216,-167.6938,-31.5458,46.5620,103.2142,-361.1799,53.5441,-253.7422,11.9949,-116.8231,29.3770,-190.2415,-89.6081,-251.4564
-214.8396,-46.2644,-221.1262,-17.2170,-192.2705,-50.6383,-165.2779,-15.5779,68.8740,165.9597,-325.9059,49.9899,-204.8658,-9.4171,-74.4044,38.8926,-206.3255,-126.9709,-240.4301
-204.1425,-95.3425,-223.8022,-86.8582,-146.5768,-98.3824,-152.2463,8.4486,14.3386,114.0282,-258.4676,80.5826,-133.0377,6.4956,-106.7028,16.6330,-234.3227,-96.7025,-200.2590
-173.4422,-104.6878,-183.6570,-101.0575,-73.8753,-101.9166,-129.4705,15.9269,-81.7714,18.1314,-220.4076,95.3761,-60.7714,27.3586,-153.5134,10.1423,-230.5295,-33.7861,-145.2014
-160.0001,-115.8567,-131.7982,-81.1223,-20.4527,-92.3838,-106.8216,23.8840,-127.3606,13.4944,-202.9343,56.6926,-28.1329,10.4850,-143.3740,42.5234,-191.2628,-15.2926,-75.7655
-153.0652,-124.2073,-108.6395,-84.6900,-18.4695,-85.0159,-111.1150,28.9171,-126.8857,41.0901,-160.6501,31.7312,-30.3802,1.2989,-111.5087,67.7233,-134.8726,-20.5054,-48.7519
-87.6026,-77.0629,-93.3853,-75.8083,-25.1992,-46.2448,-135.5613,4.4050,-115.1579,5.4342,-101.4894,64.3343,-49.7206,31.7186,-128.3398,39.5577,-70.4216,3.1284,-70.7531
-18.9384,-26.5305,-51.1318,-16.5562,-12.6264,12.0931,-141.4385,-38.4679,-64.7309,-20.3523,-63.3712,86.3607,-83.1504,44.7776,-159.3745,-18.2281,-17.6173,29.4174,-56.3831
-16.1987,-32.5050,-9.0140,26.7587,-15.7205,38.2608,-122.0176,-66.1248,15.0062,42.6955,-57.2160,67.2240,-113.8561,21.2988,-129.4539,-34.5806,13.2742,17.3976,-10.3586
11.7366,-48.2308,-8.5396,7.2249,-58.6975,29.6133,-102.4998,-69.6598,67.7360,134.6942,-73.5371,61.1720,-135.7604,16.7304,-65.6152,13.8957,33.9311,-9.7115,-13.9406
105.0779,-48.0991,-36.6987,-20.1662,-106.7410,20.2725,-94.5010,-55.7189,104.8392,179.4810,-92.4528,69.0951,-160.7105,34.9423,-40.1175,66.7447,39.3166,-10.8333,-34.5897
138.9263,-53.0504,-51.1425,-15.2080,-97.4014,21.1850,-89.7268,-35.8947,134.9800,155.4886,-79.1787,46.6756,-150.1219,30.9590,-55.2726,66.3545,42.3011,22.5156,-12.0059
90.0883,-42.1906,-21.2950,-0.0156,-9.3386,30.5594,-78.9075,-29.0356,78.2253,55.3867,-27.2880,9.6157,-59.3306,13.2422,-82.1876,35.0501,110.2537,75.4047,-1.7603
61.5548,-20.5148,46.9108,17.0581,100.6274,53.7344,-62.2320,-30.3867,-60.6853,-65.6080,10.4378,-8.7917,56.2755,14.3094,-105.1032,27.2493,251.8887,119.9179,-24.1771
40.6354,-26.5618,100.7382,41.0753,169.8350,81.6208,-36.6025,-7.7767,-128.4548,-99.7073,-3.4031,-13.3570,126.6191,24.8505,-91.5359,51.3202,363.4155,132.8289,2.5429
-23.0879,-24.2951,107.3387,54.8114,205.6665,91.2565,13.2004,37.2526,-78.1612,-49.6330,-28.8002,-0.0136,171.8268,28.6730,-31.5112,77.6703,390.5309,126.2933,77.3132
-44.7620,16.5825,99.9795,55.9192,233.3602,84.2048,77.9502,60.7442,-33.8218,-23.3527,-21.6783,42.8924,209.2204,29.9474,22.2678,87.5552,409.1275,131.4378,121.2719
36.1302,39.2793,107.3451,66.6649,250.1648,87.4171,117.5529,51.4324,-37.6069,-36.2086,1.0348,86.2038,215.5079,27.8159,36.7569,81.6550,473.5389,147.4641,140.9482
133.2495,35.2181,125.8455,84.7872,263.3455,102.8048,133.5778,41.2915,-14.1426,-28.1452,24.5728,93.2999,219.1720,21.7978,48.2707,64.0356,533.9681,147.8385,172.6348
176.2118,55.3254,166.5343,87.9643,276.2763,101.3569,173.9513,32.8011,31.9937,-37.0322,73.2049,78.8676,249.1291,24.4907,91.0890,40.7635,545.8715,135.5537,185.8303
197.7024,79.1425,225.8069,79.6991,265.0989,82.8763,229.5412,-2.0271,37.1313,-119.1914,142.9600,87.6364,253.2815,35.7223,141.4010,19.8271,536.4193,137.7126,165.1998
240.5224,77.8756,268.3819,82.6118,244.2863,80.9374,230.1044,-54.0523,14.4814,-192.2168,195.8021,129.3954,217.3199,39.3034,141.4287,0.9879,548.0295,145.8864,145.5060
304.7390,91.2628,297.0296,99.6256,262.8497,96.2840,166.6362,-84.3414,-0.7240,-169.9014,228.5347,167.6572,211.7230,37.0289,83.1062,-21.7266,584.5521,126.8816,143.7765
357.9317,124.4269,328.1146,113.6332,307.3075,99.4893,111.0536,-82.9181,-10.0709,-117.5552,255.8024,178.7301,240.0113,45.9223,61.0228,-47.4917,612.1960,87.4478,159.6875
368.2088,134.3501,330.6611,116.3652,327.9543,93.8993,105.6501,-71.2258,6.8031,-119.5840,260.5325,175.0829,237.2437,60.4037,143.1277,-71.6028,599.9254,65.3503,187.5408
348.0865,118.8597,311.1940,112.9553,329.3000,98.5223,119.7426,-73.2856,56.7406,-151.0203,234.7267,155.5265,213.4866,57.9057,229.5587,-92.0219,556.6934,72.2545,196.4800
334.4059,101.6490,326.2837,107.0591,336.0379,103.4416,125.4059,-96.3262,84.2223,-163.5164,209.3713,112.4034,217.2838,41.5274,215.3860,-104.1293,512.6707,88.0646,179.8549
334.1012,101.6574,347.9935,101.7780,339.7481,101.6878,146.2724,-117.8079,81.7012,-158.1113,206.8788,81.9754,237.9874,32.5284,182.7336,-105.8196,477.4335,88.1944,172.1650
320.9485,123.7336,317.1259,97.2185,325.0318,101.8143,191.8991,-116.8001,110.0166,-155.6598,222.1953,84.4852,264.6538,24.7053,225.1881,-108.6432,439.7069,68.7303,168.9398
271.8054,126.4558,281.3485,83.7392,292.9501,90.6610,217.0473,-109.9873,155.5191,-172.3757,244.6390,68.5480,315.6395,-0.7600,270.3488,-119.1418,388.1132,57.0283,147.2840
219.6865,94.3550,285.8970,70.9119,264.1791,63.6787,211.1729,-109.0551,153.9668,-193.7398,258.8774,13.8770,357.4902,-26.6781,253.3986,-120.7028,321.1678,65.9245,141.4396
244.3697,94.4720,284.6193,92.8530,258.3735,63.6525,222.5025,-95.7257,124.7984,-184.1483,259.6119,-8.4793,331.9121,-19.2066,231.4865,-107.0096,256.5353,64.8559,164.9515
340.1960,139.1541,270.9064,141.4929,252.1456,112.1410,240.1199,-79.0399,107.0615,-166.4314,266.1920,52.1929,267.7257,22.1572,228.8064,-107.7858,214.8568,50.9630,160.8312
386.7472,159.5723,281.2272,164.9552,218.4756,162.2756,210.6356,-82.5888,72.2912,-191.8490,282.0987,149.2962,241.6678,65.0994,197.3393,-139.1426,187.5898,59.6032,126.3441
340.2200,160.8886,278.7747,157.7056,190.1043,170.6621,172.9265,-75.0961,16.8691,-210.2778,284.9250,188.2518,252.5839,70.4870,138.9161,-163.5129,156.5014,66.8572,126.7732
280.9137,168.1300,237.6172,145.9218,192.3147,146.5545,179.2248,-24.0760,-16.2340,-142.0881,275.6175,113.4830,249.9899,21.6545,94.2375,-147.4321,122.5404,33.3100,151.9176
231.8834,123.0538,219.8005,111.8146,196.5296,115.8866,169.9886,37.7323,-37.3751,-59.2090,268.6601,-9.8191,251.2290,-43.1919,67.0957,-116.4464,84.5715,17.4629,141.9581
169.3515,45.0705,242.2925,58.1613,209.4259,94.8152,115.9378,79.4190,-78.3977,-80.1497,256.8127,-45.7836,300.1868,-60.9706,51.0267,-99.4822,41.8684,59.3212,115.6449
147.0453,45.0556,249.2141,48.5165,257.5959,87.0953,94.7795,103.0989,-113.8700,-145.9710,240.3371,16.7591,344.8228,-22.6951,56.9804,-72.4352,18.8983,69.7416,113.8444
169.0996,90.9640,228.8197,77.8924,284.4613,80.3717,108.8300,101.3852,-115.2067,-125.9285,227.7922,56.0660,309.8839,25.2221,86.1532,-15.2762,21.6161,5.8332,118.8903
126.7295,74.7607,197.1440,65.5400,233.7459,61.0385,81.0402,91.5981,-92.8491,-49.7517,203.1400,39.3827,238.8262,47.4213,112.5200,38.0799,8.3574,-46.4762,118.4081
30.8623,33.7087,146.8165,17.6432,150.5400,27.4626,31.4369,114.5731,-61.4592,-16.6917,168.2660,46.9668,198.2276,41.9244,96.4686,62.7386,-36.8469,-61.1062,119.9857
20.6106,27.6782,87.6377,-1.7347,77.9941,-14.7297,17.7396,145.5901,-35.9386,3.0867,150.3177,83.9186,149.5262,25.3975,41.7394,85.2191,-80.6546,-92.6765,105.9879
76.7260,3.9185,31.0173,-18.2440,0.5903,-52.2078,21.2504,143.6420,-22.9447,65.2053,120.0329,81.6786,70.8362,16.9996,11.2577,121.1089,-116.8640,-121.5314,80.2036
54.6594,-55.4765,-35.4646,-70.6416,-74.3098,-73.9289,34.8052,143.3354,-2.3999,93.9519,42.5650,43.2478,30.3719,16.5654,21.3461,149.0865,-161.5319,-112.9979,74.4660
-43.9307,-89.3015,-91.2006,-105.1951,-126.3217,-84.9297,69.3719,159.8750,22.7888,32.6875,-19.4816,28.7826,28.1475,17.9488,15.6960,168.9545,-198.3122,-113.4579,64.9528
-124.2098,-79.3102,-108.5718,-89.7212,-163.7979,-82.6849,70.9969,153.3253,15.5845,-15.3917,-30.6352,56.8196,-11.4847,36.1698,-1.4466,200.8011,-223.8489,-128.4011,18.2381
-178.3499,-47.5341,-124.6748,-69.7485,-169.5483,-51.9015,23.2123,149.7037,-23.7606,22.4720,-72.8904,97.9990,-60.5262,70.2927,14.9287,225.7311,-262.1556,-92.3594,-20.9336
-214.0136,-13.6749,-159.1258,-56.2713,-117.7525,-12.4148,-2.6504,180.7060,-76.1369,53.8170,-154.3617,118.2092,-41.8039,81.2773,-2.3623,210.9548,-288.1714,-21.5092,-29.9149
-193.6091,-7.8287,-161.8574,-32.3424,-55.4010,-8.1446,-7.9197,171.9070,-152.2144,9.4035,-164.6853,107.5639,-2.0613,57.1026,-127.7563,176.2940,-267.3648,2.2476,-65.0442
-133.2856,-32.2233,-133.0227,-36.6856,-46.3441,-34.8053,-58.9968,101.8836,-228.2749,-53.8231,-105.0518,73.4373,-19.2879,25.1040,-258.1449,160.7525,-253.6196,-17.7136,-127.2492
-92.6954,-57.0375,-130.6303,-86.2908,-80.6326,-53.4412,-135.6740,68.6009,-256.0077,-95.6124,-77.4483,14.7775,-64.4750,-14.3098,-271.0573,152.4504,-300.3661,-12.3164,-161.9439
-79.9716,-76.8610,-142.9245,-111.8717,-113.9023,-58.0761,-190.7313,76.2742,-264.6108,-116.8303,-76.2663,-50.2519,-91.2529,-67.9763,-218.2970,120.7051,-349.8463,33.6421,-190.7387
-81.8896,-83.3797,-125.9005,-78.8422,-130.8668,-64.8133,-230.6856,45.5412,-287.6446,-78.9446,-60.5797,-64.1488,-109.5240,-96.7551,-183.9637,86.8866,-341.7899,69.1249,-243.9611
-102.0646,-47.9947,-111.3179,-43.7841,-143.3021,-69.9885,-234.8712,13.6294,-268.8929,10.1500,-78.5457,-9.8423,-122.9848,-72.9622,-158.5957,93.2815,-312.3843,54.6614,-260.0093
-116.4712,9.6695,-135.6892,-33.6163,-159.8942,-56.6810,-188.0904,33.7074,-206.6511,52.3153,-124.1696,50.5424,-124.0881,-27.2197,-149.3602,122.5884,-298.6277,23.3454,-209.7734
-107.8849,44.9688,-153.5445,-6.3183,-166.3683,-15.3074,-166.6159,36.8710,-211.2477,20.2041,-110.8788,65.4291,-124.9208,10.5299,-196.2154,119.7947,-280.7379,35.7129,-161.8928
-122.2914,60.9498,-119.8953,46.7479,-151.6240,43.2410,-205.4191,-3.8718,-292.7855,-9.0600,-65.4799,46.5295,-122.1072,40.8541,-261.0692,81.4303,-256.5392,79.1293,-149.1035
-172.1102,70.7882,-68.7187,80.7836,-132.4956,90.3142,-220.1255,-22.0863,-323.3239,-2.7721,-88.8579,32.8834,-106.9109,60.9276,-275.7993,48.4952,-257.3549,93.7529,-146.5670
-175.2943,75.1200,-50.4249,82.0205,-117.7296,113.6196,-186.2777,-27.8818,-262.7522,14.5145,-162.1398,57.7715,-113.0488,63.1013,-254.2684,26.8794,-282.2560,76.4309,-162.1557
-102.2528,93.0198,-63.7787,82.4912,-105.3908,125.5104,-190.4240,-71.4981,-190.1626,35.7319,-200.5131,106.7331,-156.6161,53.6426,-242.2021,-0.2605,-290.9248,58.7945,-204.9787
-53.9738,118.4097,-84.4878,97.3067,-120.8476,129.6230,-249.0899,-114.1719,-128.5048,47.5144,-189.4470,118.3792,-179.7660,49.5417,-233.1553,-8.5204,-265.7921,43.4175,-247.4845
-96.1674,113.6145,-108.7622,107.7879,-163.7240,124.5611,-275.6192,-114.7160,-31.3717,42.3753,-156.5228,89.0235,-148.1998,64.0445,-200.1172,26.2112,-239.7330,37.7563,-273.8874
-157.5533,92.8908,-135.2029,100.9447,-176.1705,120.3332,-233.8261,-89.0088,88.8719,74.5392,-131.5295,83.6148,-122.8901,82.9271,-149.3603,62.4124,-240.7907,59.1627,-272.2048
-166.9709,99.0908,-145.8924,92.1832,-154.6788,113.6026,-185.1421,-33.9594,142.7006,177.1029,-141.9013,103.8899,-155.2875,78.3795,-112.9306,56.8500,-239.0618,83.4809,-222.9972
-149.2402,123.3289,-144.0714,103.9534,-163.7771,96.8732,-178.3652,41.1223,77.4062,278.1880,-167.4797,95.8349,-200.4222,62.4429,-105.5782,40.5044,-204.6814,84.1932,-156.6438
-145.8290,132.8239,-159.5138,123.7201,-202.1114,87.6438,-174.4113,75.7064,-38.6790,300.2802,-166.3422,67.7099,-200.4654,59.1217,-101.3480,56.2592,-182.1127,86.1728,-119.2750
-159.3397,102.9997,-188.7068,105.0154,-217.1030,84.7575,-125.4397,63.2898,-93.6238,254.2728,-144.7496,49.2460,-168.3019,41.3011,-77.0717,81.4993,-213.5760,107.8448,-89.3633
-177.2023,25.4551,-192.7159,43.0373,-207.5837,59.2378,-72.1234,62.2843,-74.8050,187.5225,-114.6661,25.5378,-135.5215,-2.4804,-60.9227,74.5093,-244.1788,120.3227,-40.0858
-182.6303,-39.1482,-160.3307,8.5578,-184.3889,33.3809,-60.9344,77.9742,-44.1291,126.6767,-66.2232,10.0469,-103.3097,-10.9984,-77.8233,43.7825,-208.3578,100.8447,-0.9337
-171.4886,-14.6880,-120.6384,44.3453,-141.0566,52.0867,-32.6739,77.2383,-7.1219,86.6417,-35.5827,37.6531,-79.3827,33.8694,-78.1277,25.1351,-140.4023,64.0592,22.1242
-166.4160,55.2919,-105.9397,85.6807,-106.3441,76.7437,59.3235,75.5118,57.1651,85.1392,-65.0378,65.0791,-80.4831,53.5986,-12.7162,28.6849,-114.2981,35.1438,57.4577
-175.7422,71.7335,-121.6701,64.5031,-97.7059,51.1787,125.3129,100.9168,96.8044,132.8921,-103.1530,33.8650,-87.2769,10.2094,58.4343,38.7036,-136.9328,24.4069,86.8516
-185.1122,31.7817,-132.6444,17.8902,-76.3001,14.7449,96.2132,136.9897,68.5838,202.9701,-84.9607,-22.1986,-69.5587,-40.4582,50.8986,42.8779,-157.7432,24.3435,81.4817
-203.3917,-13.7732,-103.9607,4.4702,-36.2163,16.4775,57.0548,152.2318,42.6654,235.8735,-45.0737,-51.3642,-39.5053,-57.2928,10.0324,43.9123,-152.7115,26.2649,65.1422
-225.6492,-48.8577,-67.1115,0.2209,-20.3015,22.6164,85.6827,142.7198,100.4192,215.1373,-37.8561,-63.7880,-22.6466,-58.0962,41.7138,54.0727,-152.8127,30.7418,65.1119
-198.3879,-67.6369,-75.6086,-33.3833,-32.2347,1.3397,130.8104,134.3094,204.9248,190.6583,-42.7860,-73.1930,-13.9966,-70.9096,130.1718,79.7134,-169.4422,38.7086,86.4850
-127.5539,-64.0878,-110.7074,-62.4364,-46.3916,-20.5206,143.5363,146.9349,263.7298,186.0908,-18.1161,-58.3937,3.2078,-98.3479,182.4568,99.9555,-147.5317,52.1761,139.7755
-96.5312,-47.0257,-122.9022,-45.7344,-50.2731,-23.0622,160.9780,160.6058,256.0843,162.2807,39.8456,-7.5577,33.7642,-104.3939,202.7984,83.6890,-68.6009,67.6189,203.6237
-104.7572,-25.1355,-112.6322,-16.7615,-30.5323,-18.9742,202.5923,144.5145,227.7536,110.3026,109.1647,52.4782,66.9681,-59.3552,246.5861,48.2311,-16.9298,59.5527,214.2353
-71.3640,-15.0354,-94.9243,-24.8639,5.6587,-19.2729,223.9334,103.3139,206.7744,86.9196,159.2639,81.7599,78.9268,-4.8365,272.9329,48.8746,-40.1260,24.3296,163.8008
-4.8913,-27.5302,-63.4951,-47.8766,33.1719,-20.8796,203.6596,64.1843,185.3717,115.4706,169.4487,78.8103,63.8230,7.3610,222.8119,80.0741,-70.5776,14.1571,123.2907
25.6882,-25.3483,-24.2732,-32.3372,65.2431,-6.0702,170.6702,44.7512,155.3671,131.2486,148.4532,79.0327,53.4765,5.7516,147.2191,69.2233,-62.6936,51.1968,128.6174
24.3558,17.0086,9.5353,19.5015,113.2193,37.2586,139.3742,37.3374,114.0999,72.6441,117.5355,84.1044,74.4336,29.6681,109.7920,1.3840,-43.7457,85.6540,134.6614
23.9599,52.1412,47.5535,62.4415,138.5821,80.2264,100.6107,9.2296,59.5000,-34.1318,85.8623,67.8040,112.7508,52.7379,89.1464,-55.3998,-16.7787,93.9760,98.5003
29.5881,50.9609,98.6333,74.9908,137.6125,86.6422,65.6057,-46.5790,5.8450,-122.6511,60.5409,57.5428,140.0201,54.3730,70.3752,-67.5025,24.4941,93.8105,38.0560
58.6402,51.4550,150.0859,67.6408,154.1702,69.5078,48.0803,-81.9377,-26.1171,-154.2712,58.1070,84.9347,144.2085,54.5376,82.6530,-61.5859,46.5518,69.4768,-7.9160
103.3959,65.9437,181.0052,54.6043,171.6420,54.6067,27.5963,-72.6260,-30.9037,-117.2988,80.6369,91.5058,129.2514,47.3062,110.8172,-47.4020,49.7406,20.0201,-30.0931
114.3918,65.8640,168.0472,45.4238,142.4519,37.0145,-3.3627,-60.4811,0.8524,-45.9183,94.1455,33.6855,100.1010,16.2977,110.0959,-30.9678,69.4405,-1.9974,-33.4270
100.4381,50.4981,116.3462,42.9356,90.4452,21.8354,-4.6029,-71.8932,75.6319,-22.5074,65.7289,-12.4612,56.1433,-6.3493,87.0177,-53.2523,87.7523,4.8016,-16.6034
97.8404,38.5899,83.1332,43.8709,65.2220,31.5003,38.5848,-89.2120,155.9252,-57.1934,22.8381,8.0035,13.5847,7.5492,72.7765,-112.1358,87.1255,-12.0182,6.9833
70.8631,34.5374,96.7503,41.9205,68.4570,45.6317,81.3706,-99.9792,202.8487,-50.7912,24.1887,29.0605,5.7732,28.6454,81.3582,-124.6820,102.6286,-47.0008,20.5745
19.2364,24.4727,96.4495,16.7537,67.4452,17.1127,101.5677,-85.6844,232.2727,22.1817,64.6293,12.6659,22.3151,31.4446,119.0225,-50.0655,116.0315,-74.2407,45.6564
35.6853,-16.5522,38.0484,-44.0946,32.5369,-44.0258,126.1119,-23.8196,252.7140,62.1146,82.0908,22.6694,10.1399,36.1243,161.3062,39.0919,75.6861,-110.7638,106.9485
117.3526,-66.5459,-14.5432,-92.9467,-10.8924,-76.4006,155.9549,51.5498,230.2667,44.4530,59.4232,77.9176,-30.6575,51.3737,159.7115,64.2917,40.2966,-138.4983,172.7870
153.5792,-53.4702,10.7566,-68.6020,2.4173,-54.6816,160.1074,90.0697,171.9284,48.6466,35.5916,104.7931,-45.1762,50.6559,113.0525,36.3504,85.8503,-115.2204,203.7938
142.1149,10.5086,78.2002,-4.5810,62.4946,-19.3993,150.1995,106.9404,132.2534,84.3907,31.5049,74.1383,-18.6207,31.7905,59.3267,9.9778,141.8001,-78.4956,216.0446
151.1529,23.6433,105.6628,14.3829,98.3365,-20.0494,168.3399,128.4412,122.0230,105.2133,40.4314,39.0808,24.1859,27.0862,21.3072,8.5088,117.3600,-77.6514,232.0059
149.3113,-18.8430,81.6073,-13.1271,108.7528,-51.9865,200.6956,132.6824,112.3691,111.3988,61.2691,33.1807,70.0183,35.8709,24.9523,15.7660,59.5863,-79.4944,231.0280
106.9688,-25.2255,60.5862,-26.9065,121.9288,-62.6509,185.4923,102.5426,86.7554,88.8721,84.9727,41.4361,98.6494,24.7721,70.6313,9.2574,48.7623,-55.1108,186.9929
92.8310,9.1807,79.1820,-12.7025,111.3265,-26.6845,110.3276,51.2950,31.6762,5.8132,85.3181,42.9931,88.1300,-2.1821,76.1981,-10.6986,78.1527,-23.1626,111.1288
129.9941,21.6275,117.5290,8.2768,84.7107,16.2207,39.4016,4.9403,-37.9575,-75.9676,51.9391,8.1872,57.6686,-23.6269,5.9400,-23.4260,100.9557,29.0530,49.4161
153.5681,19.8880,135.1610,30.8826,92.0370,30.9402,31.9246,-1.4180,-57.8483,-80.8436,-2.0128,-76.2825,34.3183,-59.5938,-32.0911,-27.4390,99.7352,116.2020,36.6554
139.2617,42.0505,119.4365,50.1777,106.8568,41.7109,72.0041,14.8866,-15.3694,-68.7021,-60.7640,-136.6379,16.6351,-108.9369,13.4424,-59.7381,101.5621,175.8506,48.3180
110.9193,68.3431,90.6221,53.6444,84.9335,61.5999,94.7588,-28.7050,6.4295,-122.8953,-106.1957,-87.1475,6.0230,-109.6582,37.3267,-135.8988,131.2327,141.4384,41.9761
71.6319,56.5176,69.1230,37.3788,57.0303,44.0685,66.4360,-123.6463,-37.5410,-190.9132,-123.6978,11.3068,2.6706,-59.2839,5.0102,-189.2528,143.6287,45.1173,33.6809
22.3605,-3.5799,50.2224,-1.3369,38.6355,-23.2599,22.7099,-142.4920,-87.6442,-178.6490,-124.1230,26.7458,-11.3125,-45.9138,1.7474,-143.9497,88.8131,-19.6239,52.6536
-22.9457,-83.2134,22.9792,-55.6615,12.2869,-74.0704,4.5077,-63.3943,-92.4647,-103.1249,-128.2206,-36.5085,-31.8066,-93.3825,18.8656,-44.0912,19.2226,-8.1724,61.5336
-57.3473,-136.4951,-1.3916,-94.3074,5.3433,-76.4572,-19.7255,-11.4213,-80.5801,-55.9227,-129.8928,-78.2741,-38.7989,-129.0901,-10.4827,-8.2618,-3.9553,30.2971,20.3141
-77.9541,-147.2578,-7.8657,-99.7422,19.9213,-73.8489,-88.0540,-29.7234,-96.7282,-67.8913,-112.6874,-77.0279,-42.6663,-117.6233,-44.1273,-46.6096,-24.2018,28.4050,-36.5201
-93.8309,-137.9974,-5.5263,-93.4619,1.7554,-82.9344,-145.8730,-41.2212,-138.4076,-79.7213,-93.3364,-66.2293,-52.0875,-81.4010,-47.3465,-47.4921,-75.2920,-8.4768,-66.5176
-109.7826,-124.7009,-11.8726,-92.4183,-32.4962,-80.9408,-136.7932,-18.6555,-167.2068,-49.0319,-102.5652,-43.1844,-49.9060,-32.8622,-76.2971,33.8416,-106.1556,-34.5361,-82.7883
-95.0772,-104.7696,-28.3239,-86.6793,-26.4308,-78.5935,-114.4581,6.4544,-160.2666,-14.7124,-129.9603,-10.5596,-40.7987,10.8106,-106.9538,108.5963,-110.4935,-33.6599,-107.7559
-58.1874,-79.4513,-45.2214,-71.4880,-15.8518,-83.4020,-129.9205,33.6022,-137.2969,-14.7959,-134.2338,4.0446,-42.0295,24.4699,-62.4622,108.2837,-137.7474,-8.3417,-128.4392
-81.9471,-58.7157,-56.3873,-57.4205,-48.0102,-60.0633,-133.9255,66.6344,-125.0237,-16.6949,-111.4021,0.5341,-46.1634,22.8875,-13.6964,80.9188,-163.4276,26.9863,-117.6762
-169.9202,-56.6518,-67.6787,-49.9304,-92.8352,-16.5603,-100.2547,90.1700,-114.6992,22.7554,-113.9161,-10.2324,-59.1447,32.2372,-55.7425,90.9985,-143.6686,36.1276,-75.0130
-210.2012,-70.7571,-95.9369,-42.0820,-131.8924,-10.3577,-78.7600,110.2339,-72.7617,81.6246,-176.6915,-29.2052,-102.4942,43.9346,-108.5217,120.5050,-127.4355,19.9747,-33.3482
-174.2627,-72.2115,-144.1260,-27.8308,-178.2660,-30.6300,-78.5991,131.9537,18.3230,96.5680,-252.7207,-38.7994,-160.2742,47.9619,-87.5961,121.5512,-159.4473,24.2444,-19.0194
-149.6340,-55.2497,-189.5268,-16.4370,-217.0769,-17.8906,-69.1047,132.0837,136.0496,71.7567,-271.9372,-31.2090,-204.5977,49.0615,-59.2929,105.0826,-194.2522,44.0249,-26.0873
-169.3914,-48.9219,-217.4420,-16.3573,-237.3947,16.3006,-59.0015,115.0664,241.6432,115.3368,-240.9099,-32.6573,-229.9423,46.2398,-64.8406,118.3187,-197.6730,34.3598,-42.2701
-205.6556,-49.0214,-231.8634,-9.8422,-246.9229,24.8963,-56.2664,120.5900,315.4131,256.8233,-215.0547,-33.3718,-225.9410,50.3165,-38.6832,163.2604,-195.6817,8.0605,-62.6410
-243.9488,-23.4041,-229.8020,18.9373,-240.3432,22.4965,-51.8955,145.9657,331.2389,331.6048,-202.9255,3.8904,-196.9723,78.4255,28.8774,196.5914,-191.1875,6.7707,-76.1094
-244.2596,23.2714,-212.6814,52.9953,-227.4850,46.5004,-67.0700,145.8755,241.9474,251.3523,-184.9951,51.0761,-179.5981,111.5977,65.8713,196.9703,-158.0250,34.5763,-80.8123
-189.8161,75.0465,-196.7628,83.7038,-218.5253,91.0293,-103.5489,114.5612,69.1563,177.7143,-175.1328,66.5756,-177.0194,125.7341,47.4674,177.6859,-109.7696,81.7126,-87.6350
-166.3434,125.2805,-176.3390,122.6069,-178.4872,128.0267,-124.7208,95.3935,-71.6400,192.5139,-175.0395,80.9980,-159.8720,139.3380,7.6209,152.6498,-86.4343,126.0438,-90.7276
-211.2400,132.5573,-134.5121,141.9307,-115.8650,137.9891,-144.9189,113.2189,-121.6834,148.3707,-152.7192,112.1553,-135.3079,164.5403,-24.2150,137.2032,-96.3106,129.6678,-86.3258
-217.4522,82.4878,-103.2171,108.0646,-114.7448,121.3453,-189.7652,150.0226,-136.5772,34.0779,-121.9447,121.4261,-119.1110,173.1847,-36.4920,146.5542,-112.5450,105.0579,-92.2182
-134.8922,57.9967,-125.5636,73.1013,-173.3403,104.4223,-207.8584,180.5791,-153.4534,32.6494,-120.9699,116.2589,-103.2681,159.9378,-45.6782,167.2035,-109.9406,98.4218,-104.3627
-61.0293,104.0312,-166.4778,99.1908,-190.5347,104.9485,-177.9590,195.5824,-157.9516,147.0062,-115.1276,138.3113,-98.9724,164.9659,-84.9856,182.9401,-91.7911,97.8526,-102.9910
-54.6231,139.7196,-159.1014,139.8090,-149.9636,106.9249,-157.5938,197.3682,-162.9411,215.8314,-64.7869,166.6008,-108.1013,204.8985,-139.2886,214.2876,-79.4961,77.1774,-95.9279
-72.6578,121.6549,-111.9922,132.1790,-120.6473,102.5931,-138.2863,198.6276,-173.3108,205.7206,-23.9761,173.4601,-92.9428,243.1086,-147.3463,258.9683,-81.5779,65.8416,-78.6302
-83.4558,115.9573,-83.4891,110.7296,-117.2149,109.1580,-67.2613,213.0062,-150.9663,163.9528,-37.9013,188.8264,-60.8728,248.1202,-96.3709,256.2173,-85.5227,72.8796,-26.3425
-82.1530,140.8137,-86.9464,111.5734,-112.0644,118.6151,10.2717,230.4565,-100.0851,114.8474,-59.7559,216.9361,-56.6257,235.6926,-41.9614,196.0054,-77.3026,59.2421,25.2168
-65.6442,133.2935,-86.9318,97.6017,-102.1239,99.5339,32.4406,225.2574,-70.2129,117.8669,-52.5844,215.0661,-56.3007,229.0534,-23.5393,158.0970,-60.9423,31.7159,21.7562
-55.2212,92.2578,-65.2863,64.9824,-88.2006,66.6943,23.9319,197.4116,-65.7275,160.2698,-32.2734,186.8157,-21.6864,219.8598,-30.2301,167.6390,-56.7205,37.3579,-1.2104
-58.2205,83.3084,-41.4114,75.2227,-64.5738,76.1763,12.6006,172.8525,-65.0125,116.8145,-5.2691,174.3811,13.2658,202.7171,-46.5440,155.1012,-68.7879,78.9650,7.6637
-48.2260,114.5179,-31.3392,129.9275,-35.7942,133.1255,11.2688,163.6879,-68.3440,8.5177,13.6379,175.0254,22.7211,196.0008,-63.7873,106.0907,-62.3888,124.3105,29.4449
-41.2093,132.8123,-27.0285,156.6429,-9.4484,172.5267,56.9292,162.5089,-59.2069,-4.6756,-3.3439,152.8709,27.1999,193.0596,-55.3798,84.4729,-14.9119,147.7020,52.4319
-75.9819,119.2956,-20.9527,136.8576,3.0095,155.5576,123.8306,160.1473,-14.4492,67.3693,-23.5614,104.3513,28.5171,163.5134,-7.6888,93.5520,30.5627,133.9922,81.7116
-101.6495,103.8568,-17.2568,121.8715,-5.5945,120.3777,136.6392,144.7800,49.5140,103.7852,-2.1064,68.5124,23.1079,120.6857,41.2411,80.1968,31.1117,95.1262,78.8211
-35.4017,102.6757,-15.3389,127.0849,-18.7482,105.7621,116.7413,113.0856,117.7100,120.9732,16.9840,73.6332,10.6739,102.6491,55.2834,55.7793,19.5888,63.1513,38.3468
78.6580,99.2673,-12.0937,118.8491,-29.2613,94.5221,118.8878,87.5544,190.8932,173.5111,-15.0762,87.2255,-39.6850,102.6279,58.5838,69.6602,38.5693,45.8996,13.4554
116.6638,81.8781,-12.6357,91.0337,-57.1105,68.8466,104.7288,85.7557,229.2195,223.7321,-50.1151,65.6319,-109.5881,97.2936,84.3728,111.1040,61.1687,31.3939,-8.1420
60.0965,61.0149,-15.5119,67.3452,-93.7973,46.0220,54.9101,89.2335,190.3771,243.1965,-31.1054,38.4054,-113.2742,89.3806,110.4572,140.5501,42.0757,17.7521,-71.3269
6.7720,53.0317,-14.9882,49.5069,-98.2274,33.1450,27.8092,79.0207,114.6450,236.1455,25.1138,52.1638,-62.3386,74.3252,96.0963,153.9035,-10.4082,5.7279,-124.8040
0.6025,60.8238,-21.2407,26.7084,-67.2486,18.0371,24.3179,66.1871,76.3605,195.1495,73.6983,74.1969,-53.6823,42.5628,49.9590,158.2133,-51.4234,-4.4533,-114.5994
-24.3785,63.5515,-37.7688,6.7032,-45.1409,4.5480,7.3813,59.8561,84.4413,144.4840,83.1218,64.3696,-79.9962,19.9304,26.8934,151.3751,-51.9288,-10.5759,-85.9177
-79.3970,42.1913,-47.9899,-3.5307,-62.8565,-2.0711,18.3951,51.9527,91.7322,106.7019,54.2353,55.8781,-77.4511,30.4036,61.8316,149.1312,-27.3556,-22.1155,-70.0590
-57.2365,16.1459,-54.7240,-12.4371,-99.4711,-13.5579,79.1510,45.6941,68.2827,59.6096,28.6502,63.6981,-62.5571,48.5746,121.3649,171.5356,-18.3420,-39.7807,-42.8882
53.4697,8.7291,-71.6506,-17.6233,-101.0977,-22.9009,105.3037,47.5987,31.7577,24.8376,28.9038,40.1396,-46.4620,39.5760,147.4369,194.1777,-25.8008,-35.0397,-11.7606
100.2151,7.7652,-68.7141,-2.5743,-43.1096,-3.5776,54.3239,33.8023,8.4641,34.7557,35.2003,-12.5410,4.7441,6.5459,135.7534,163.0744,-2.7914,-0.7009,4.6571
51.6758,19.9756,-10.4210,33.2241,36.1392,37.9013,-0.8150,-21.3765,-8.9097,13.1753,55.0652,-25.2808,57.1336,-18.0737,116.5753,73.4557,66.8814,22.6416,9.2532
66.5225,75.0388,64.9162,71.7516,84.8579,66.4491,-5.4399,-92.2246,-25.5110,-88.0312,107.1577,15.2784,56.9319,-7.7026,97.5699,-6.2331,146.2421,13.1202,-10.1033
157.2682,129.1295,95.9072,99.0127,92.4995,72.0590,14.6934,-127.5457,-12.0978,-156.7096,142.8330,44.4761,43.0120,21.3342,91.2224,-24.1905,199.7677,3.4788,-36.4886
157.8849,112.9754,93.0942,111.5258,88.2705,73.8028,32.0441,-117.7881,30.1536,-116.6402,120.0207,19.5412,63.7824,23.5835,119.0146,-18.5837,212.1545,26.9831,-11.0497
90.1596,70.4882,101.3232,111.8554,112.6355,85.3875,53.8249,-92.8911,44.6251,-52.2192,96.0008,-34.5831,101.3724,-8.7603,144.8683,-42.0343,190.6622,72.4305,50.2550
123.3310,68.6488,120.0480,105.3538,160.1523,101.2732,78.5509,-70.9505,8.7385,-42.1073,122.6781,-73.5259,132.5530,-37.1330,121.2870,-68.9305,174.2904,102.9699,80.6730
205.8811,59.5710,123.7341,94.8427,167.2948,104.3666,81.8213,-48.2158,-33.7646,-71.9069,156.5908,-84.0073,147.3355,-34.6351,89.8535,-55.6121,178.6486,101.9979,99.6447
185.9096,7.1257,114.1802,80.4476,123.3657,84.3417,63.2008,-22.5137,-49.3453,-96.3503,160.5160,-75.5985,137.8545,-10.0243,95.8909,-21.6222,163.4494,85.6715,138.4485
132.8060,-14.4166,115.3961,64.2735,107.3608,53.6542,52.2206,0.8100,-53.6380,-62.0881,169.7141,-52.2627,126.7327,4.3865,84.5421,-1.3506,126.4222,63.7325,139.2480
149.1671,24.7423,142.7815,48.7276,142.7336,32.1180,42.0548,8.0046,-72.0009,31.6473,211.7883,-25.6867,135.8258,-19.3528,23.5143,3.8158,130.8974,25.0997,78.0281
150.4366,50.7950,184.9184,34.0971,156.9197,17.1004,-3.8428,-23.2704,-92.4824,75.5557,261.7567,-15.4166,143.5842,-58.1293,-7.6498,-6.8993,181.2248,-21.5891,10.5716
109.2337,31.6969,203.0532,22.8405,122.2640,-4.8210,-58.4672,-92.7476,-75.4503,-14.0420,284.1007,-1.8781,132.6402,-62.1925,33.5995,-31.6785,214.8121,-47.6911,-46.7710
144.1412,10.8922,171.0568,18.6015,83.5709,-22.6599,-59.4776,-158.7046,-35.8205,-159.1361,264.2387,41.8577,117.6341,-41.7590,71.2623,-52.6144,226.8288,-53.6751,-100.6726
236.7461,14.2714,119.6174,15.3052,63.5066,-18.2861,-30.5962,-189.6131,-48.1927,-232.6329,223.3699,70.9204,109.6627,-41.8237,49.1208,-81.0929,250.2387,-72.2739,-123.2564
255.3840,27.3623,94.1848,-4.6661,52.0955,-13.4980,-41.3559,-207.6658,-105.4543,-224.4610,212.7326,40.5631,109.3707,-52.9862,11.0950,-134.2449,263.5918,-124.1901,-132.5547
218.8287,21.1424,86.8834,-47.4868,33.1502,-43.8670,-82.4477,-237.8684,-111.6731,-212.5529,244.2396,2.0871,111.7302,-48.5646,7.5976,-157.5830,238.5827,-180.5149,-169.2677
200.0652,-15.3236,73.0821,-83.4994,1.9250,-87.6877,-97.5133,-252.0959,-64.9080,-217.4769,251.9039,-1.4255,109.1914,-45.5150,24.7754,-105.7112,192.9157,-174.6429,-175.5878
160.4680,-44.7258,70.9599,-74.2474,1.2108,-90.7474,-71.1265,-216.0757,-44.7746,-172.9718,189.7716,-16.5022,113.3592,-55.3178,35.9337,-52.5769,148.2434,-98.5241,-97.2268
100.7868,-36.9767,90.7846,-35.5537,49.7135,-58.0521,-25.3221,-163.5818,-39.1501,-86.3817,124.3513,-60.8149,125.1370,-62.6647,53.0617,-72.0480,129.5465,-50.2889,-21.7291
106.5229,-29.1712,89.6584,-30.6532,60.3714,-47.0021,-2.3951,-166.6376,-8.4350,-107.7320,145.6680,-90.3846,107.3896,-71.6936,77.3181,-116.2446,163.2561,-89.6158,-32.5250
161.1100,-55.3131,50.1105,-79.7187,-10.3753,-81.4358,-37.8717,-234.1771,-6.5840,-284.6685,225.6838,-117.0201,61.6564,-98.4515,60.5969,-139.7864,199.6130,-134.8957,-75.4809
171.9186,-88.6561,20.8443,-128.6588,-62.4571,-129.9045,-94.4097,-292.3456,-47.2750,-413.0567,258.7473,-184.5774,43.7811,-145.4401,0.7988,-183.0937,156.1252,-112.7569,-82.5550
131.0270,-104.9145,25.7457,-131.9457,-52.1401,-146.4227,-95.7718,-285.0137,-49.6885,-345.9029,215.0642,-268.6589,56.3135,-205.2376,-12.8915,-243.0694,63.4891,-66.1057,-61.6797
74.1331,-111.8393,28.5376,-110.6185,-59.0025,-113.6234,-49.8993,-239.5222,-18.3640,-227.2698,157.8099,-324.7852,56.0116,-243.3008,42.7840,-245.1333,13.2686,-40.2217,-31.2013
21.2721,-109.8621,10.3140,-102.4102,-73.3643,-72.1196,-29.1851,-199.5357,-30.3191,-197.7325,128.3208,-340.2667,48.8144,-225.5509,65.0420,-188.3013,1.6514,-28.0331,-1.4448
10.2936,-97.5494,-4.2652,-106.6875,-8.3778,-76.7560,-42.2138,-164.8789,-58.2760,-162.7609,108.1341,-302.5518,53.3142,-187.7883,16.1472,-153.1169,-26.6334,-30.1012,1.2706
33.9524,-86.8588,3.6287,-103.7088,88.0983,-107.3552,-42.4190,-138.8064,-38.7253,-67.1303,86.2688,-228.9512,57.3030,-178.2083,-24.7452,-165.8807,-61.7976,-32.9975,-22.5092
19.5674,-82.0439,24.6524,-89.9626,106.2923,-101.3865,-24.1595,-143.5365,-8.4460,-58.0616,80.6928,-178.2110,69.4693,-166.8489,-42.4514,-179.5327,-63.3764,-8.2298,-31.4073
-28.7579,-80.8361,38.0642,-77.3161,65.2933,-67.9451,-13.8123,-157.1114,-19.1049,-181.0361,87.1816,-161.0107,91.2962,-126.9291,-89.7113,-167.2051,-27.5833,6.7027,-10.7994
-27.1532,-84.5934,33.5977,-76.6863,44.8648,-61.6164,-13.9132,-137.4655,-57.9799,-256.9474,77.2067,-146.6541,78.1848,-102.5006,-136.2273,-156.0352,22.2856,-36.8330,7.1851
26.3433,-88.0333,22.6617,-86.3886,57.4249,-81.1136,-19.2610,-110.0357,-97.0727,-206.2007,57.4671,-149.1393,31.2594,-110.6024,-122.7575,-177.5778,52.3227,-92.8374,1.8444
58.2072,-87.2191,20.6991,-94.7085,72.8673,-98.0635,-38.8217,-124.0771,-99.8920,-160.0755,65.0720,-178.1619,6.3705,-116.3879,-87.9955,-219.2868,42.8150,-108.1835,-10.7181
51.8913,-90.2348,26.9019,-101.7506,68.6144,-120.1267,-62.6164,-159.3186,-34.2407,-168.4204,93.5028,-189.1431,2.8183,-124.1018,-98.1120,-242.4458,18.6378,-111.5042,-16.6882
47.4849,-104.4264,35.2376,-122.0681,44.3381,-150.8371,-61.7258,-172.2337,58.6030,-125.5717,93.0199,-176.5452,-10.7239,-156.9290,-141.4090,-240.3222,11.2617,-129.8227,-27.6077
61.7937,-128.4792,39.8755,-148.2922,20.9338,-164.0237,-42.5633,-165.0853,109.6369,-16.3580,53.9289,-185.7959,-18.3744,-191.0875,-154.2092,-238.3715,16.9010,-147.7485,-47.1364
71.8948,-146.7772,34.7125,-150.2543,6.6115,-153.7470,-37.1586,-148.4119,115.1284,52.6158,17.0752,-207.2717,-12.7901,-202.8503,-106.1014,-245.4079,27.1330,-156.0731,-57.6544
65.6113,-136.2994,34.1154,-128.4610,-8.9488,-142.7831,-40.9945,-124.9342,89.0179,36.4192,1.7757,-193.0657,-17.0189,-202.3565,-61.3799,-252.8802,46.9256,-145.2516,-61.9707
89.9133,-105.3874,54.3002,-112.3010,-21.1370,-139.3116,-35.3477,-119.3951,23.8006,-35.0850,-5.3692,-145.6994,-26.6632,-190.4598,-100.0870,-253.4876,73.1807,-116.0257,-82.6422
175.4029,-87.4157,72.8564,-104.9585,-23.9305,-132.2325,-41.4060,-135.8557,-46.4002,-122.3219,-7.8286,-101.2852,-33.9086,-159.1622,-157.4880,-228.0062,96.4669,-116.5543,-108.1919
233.3122,-83.9553,65.4973,-96.3984,-28.5737,-119.5218,-66.5779,-132.5205,-69.8575,-156.2358,-3.1220,-82.9515,-43.5003,-119.5294,-110.8696,-171.9224,102.7110,-167.3651,-105.1402
180.5960,-77.5259,46.8665,-99.0065,-30.5242,-112.9372,-57.8128,-104.0488,-59.3768,-102.1624,0.0698,-90.6273,-28.0676,-87.0047,-11.8546,-132.3955,68.9136,-205.6170,-77.5298
92.0724,-72.7314,32.2537,-109.2509,-11.1199,-113.9413,6.0549,-93.0654,-52.4061,-31.9558,-4.1089,-92.5177,15.7507,-64.4133,11.2905,-140.3861,3.6545,-190.1971,-48.2250
55.8805,-66.7858,23.5978,-99.0801,24.2430,-104.3287,67.9521,-89.5687,-49.9197,-0.8244,-18.7006,-64.0175,27.2090,-40.4258,-8.1122,-147.6500,-40.7211,-156.4966,-10.6455
36.5776,-46.8160,32.4112,-76.0303,52.4245,-80.0852,94.9453,-43.3813,-47.7089,27.3344,-49.1764,-36.1889,0.0612,-6.2317,11.6202,-111.2344,-42.4393,-133.0886,36.9979
12.2111,-28.4813,47.9884,-64.8788,56.3500,-65.9300,106.4415,26.7632,-49.3775,61.4802,-79.4770,-45.4585,-0.8942,9.6611,23.9682,-68.2719,-31.9306,-114.8391,61.7465
25.1195,-22.8758,42.0675,-53.9977,38.0251,-68.8967,94.3588,59.6550,-50.7530,75.5949,-77.7055,-80.2703,23.5210,-27.2364,-13.1286,-59.5563,-23.0399,-97.3384,53.3901
52.4212,-18.1090,37.8774,-45.2745,20.8563,-66.6729,46.5460,54.1925,-66.2219,95.9884,-49.0251,-112.8037,23.4368,-84.2661,-48.7979,-62.2301,-5.3608,-71.0424,49.1454
51.3847,-24.7146,62.9542,-68.7036,16.5805,-56.2647,6.6422,47.2064,-110.0224,120.8735,-35.6564,-116.5662,5.2825,-101.5920,-64.5287,-47.0285,11.8239,-36.1560,65.6483
58.8846,-43.3969,73.1640,-96.9635,17.9959,-52.3813,-2.6830,41.2861,-144.5830,85.3460,-52.7420,-80.4379,-13.8747,-82.2438,-77.2320,-30.4244,16.2031,-21.7603,69.4040
80.0861,-37.3365,46.8941,-80.0029,36.5337,-52.3787,-24.3178,25.9790,-138.9657,19.9295,-75.3836,-56.0208,-49.6453,-65.3969,-65.9450,-36.5792,18.8761,-30.4173,45.2551
58.6696,-16.2812,34.3910,-48.1134,71.8295,-50.8103,-57.6298,16.3965,-129.7883,28.8032,-94.0715,-94.5516,-89.6379,-65.9601,-45.1467,-55.2155,34.2038,-19.2381,32.4298
22.2151,-16.1945,39.3428,-38.0999,79.5882,-42.9694,-45.8275,21.3259,-139.8311,75.9743,-126.0145,-136.2248,-104.8587,-77.7947,-72.3415,-66.9041,67.4431,23.6571,53.6719
32.2295,-0.4790,25.1686,-13.9741,62.0795,-11.8477,-10.2477,17.2573,-134.7388,37.3826,-156.7809,-103.3329,-95.2885,-74.7350,-124.4985,-80.2888,110.4887,57.4770,70.5056
31.9617,41.1066,22.7534,24.8653,78.2587,23.6900,-26.1080,-10.6696,-115.0410,-61.3397,-141.9315,-42.8117,-58.2332,-35.6233,-131.7210,-103.8831,124.4259,54.5818,54.3569
-44.1015,23.4798,48.4063,14.3247,102.7583,10.3561,-64.3735,-34.9982,-116.5474,-84.3864,-95.1384,-30.3094,0.3169,-1.2282,-100.1088,-111.9030,71.7282,32.7511,42.2939
-123.7286,-51.1794,26.0744,-40.9534,60.7913,-36.3013,-32.2962,-23.0572,-101.5732,-14.7145,-83.8211,-42.6081,30.4650,-18.6749,-69.1918,-94.5845,-23.9066,28.2318,74.9617
-128.4595,-75.5888,-59.2729,-76.5255,-4.0836,-51.5772,59.9421,17.0376,-0.3909,40.1351,-117.1179,-36.8981,12.1059,-48.6760,-43.3172,-89.8775,-102.1118,49.5398,131.8593
-109.6595,-56.1517,-111.4061,-88.3683,-5.6824,-50.1611,129.0197,54.3917,153.7641,43.2936,-149.3084,-28.3304,-5.8848,-39.7467,-28.8240,-102.7106,-133.9415,57.6762,168.4970
-135.8879,-74.8016,-102.4771,-103.3540,26.0607,-80.0978,154.0627,76.2654,261.2218,73.3957,-175.7422,-34.4772,4.0035,-21.0506,-28.5697,-84.5320,-129.9663,26.0833,171.1726
-180.4703,-106.6391,-100.4002,-109.3361,26.5235,-104.5722,158.4207,90.1771,284.5310,153.5204,-200.3903,-48.3517,19.5643,-26.3996,-11.2648,-42.4001,-116.6986,-2.9914,152.0254
-195.8622,-102.2033,-122.2594,-96.1656,5.2310,-77.6619,144.3178,106.3347,255.9868,188.0163,-184.3948,-59.5816,29.4703,-31.9101,32.0544,-33.3243,-117.3451,13.6985,125.0257
-185.2530,-83.5521,-131.5341,-78.4311,-11.9564,-37.9431,123.5813,122.9688,214.0794,127.2128,-139.9850,-46.7528,29.7097,-21.4276,66.9416,-36.7817,-125.1353,42.1136,92.4897
-159.1040,-58.6211,-125.8360,-63.7076,-27.9806,-28.1331,114.6378,119.2550,176.4546,39.7697,-137.0963,-1.7172,7.5862,-10.8571,81.8971,3.1240,-113.0283,31.7212,53.0180
-127.5077,-31.1305,-120.9131,-53.8748,-46.1055,-33.5676,97.7119,85.5370,136.8884,-11.1169,-157.3826,33.3489,-18.3898,-4.6217,90.5819,50.0761,-88.4562,1.4344,26.5224
-134.5598,-42.8948,-113.0185,-46.8911,-56.5972,-31.1109,62.8659,55.1449,88.8311,-8.5614,-130.1505,24.0358,-13.6031,0.6393,85.9453,54.4341,-87.9361,2.5837,30.7756
-171.5276,-69.2943,-99.1878,-29.0699,-39.9965,-12.9579,42.8553,57.7636,58.1439,52.9922,-87.3831,5.3778,10.8259,-0.6523,71.3996,57.5790,-104.7167,35.7418,29.8761
-133.0334,-36.2172,-81.8438,1.4920,-2.2518,14.2862,33.8006,64.1079,68.3110,109.5386,-80.1785,21.0672,15.2103,-3.9616,84.2862,82.9687,-96.4327,52.2556,-17.9302
-16.6680,29.6063,-55.2979,32.8071,11.3617,26.5766,-0.0032,38.9316,92.7545,69.9896,-55.2034,58.3086,-6.4101,8.1615,126.9467,77.3818,-67.2229,28.3013,-65.4809
19.9407,56.6939,-21.5190,57.1132,2.4533,22.6617,-23.3420,10.5465,96.4886,-17.0824,12.4623,86.4893,-19.8542,41.3510,146.9845,45.5148,-58.1245,0.4040,-35.2610
-48.4290,52.1333,1.9421,58.9527,23.6376,27.7640,12.0555,22.5088,82.9518,-34.1666,41.7001,93.2668,-0.0644,73.2723,127.9372,56.9428,-65.6234,6.4135,41.1091
-64.4158,37.1723,7.5938,34.2178,49.8271,32.3590,49.1046,56.1485,70.5757,6.6176,14.3149,65.7700,29.4729,70.5206,119.3481,93.6424,-52.0181,27.6893,66.3939
-16.5044,5.8984,11.7461,15.8804,22.1501,11.8251,29.4769,61.8929,76.9289,38.0818,17.0163,7.1956,31.3271,34.3112,144.6795,81.7215,-17.8273,29.8371,37.5497
-30.1061,-16.1963,25.5118,14.1134,-4.8074,-11.3850,13.1481,42.5996,116.4801,74.4759,67.6485,-32.9268,18.3376,6.2066,158.9902,43.0650,11.8854,16.6512,36.0193
-53.7924,-5.6480,32.4215,0.2243,35.3601,-12.9395,50.3411,44.3099,168.8783,120.8559,90.9331,-16.5089,24.7074,10.0339,128.7670,42.6278,38.1668,2.1027,81.5983
29.9268,14.8599,28.1011,-10.7816,84.5131,-10.0506,75.7160,63.9862,187.2331,123.0429,65.2322,20.3530,34.5480,27.9000,83.0640,60.6711,63.1516,-16.7369,112.5618
128.9695,30.7967,42.1103,14.7219,87.6954,-6.2117,40.1216,47.4407,154.6209,70.5146,45.1503,27.4985,20.8725,39.1291,58.5475,54.5547,75.1646,-25.4905,100.4133
127.6686,52.2245,77.3565,46.1970,85.6140,17.4867,-0.7059,0.9630,86.0092,6.4526,58.4882,11.0468,11.7896,38.3929,46.0661,44.8486,91.7541,5.0700,79.9168
97.0727,79.2564,96.9673,58.1942,104.2692,51.1470,-3.2857,-8.4695,5.0109,-34.8989,80.1987,-8.0974,35.8082,29.1704,14.1132,47.1111,132.7969,54.5973,72.2009
106.3732,100.1093,97.6566,79.4776,120.4148,74.8729,-4.7289,17.4791,-44.5983,-34.8323,94.2324,-29.9640,67.7238,23.6971,-32.3716,32.7062,159.0110,61.6293,72.0989
110.9422,96.9372,109.2729,102.8638,124.6545,90.8799,-28.3845,22.2066,-41.0012,-10.1563,112.5840,-42.6015,85.4361,25.2504,-43.2497,3.6036,140.7392,24.8203,88.2000
94.6997,80.4511,133.9161,104.8456,125.5162,101.3357,-38.2909,11.0885,-41.0009,-14.5312,136.4857,-32.9873,101.5054,24.5431,-2.4055,-6.3888,138.5203,16.5229,111.8251
89.7966,107.2567,165.8103,124.6638,142.3019,105.9214,-21.1993,0.7954,-95.3300,-66.1560,153.9930,-16.5811,113.8534,27.3051,27.7669,-3.7998,199.5531,58.3232,98.6512
98.5504,171.6197,206.8921,164.4342,173.0982,105.8284,-19.9688,-44.0014,-152.1473,-130.9379,168.6283,2.3508,98.9607,39.1925,8.6975,-8.7177,256.7639,73.3528,51.5600
122.6805,174.7080,212.9949,145.9910,152.9628,82.5682,-53.1097,-97.0685,-140.3588,-166.1798,179.1364,34.8269,55.2462,39.9466,-6.2455,2.0906,236.8046,12.3762,30.3089
166.5505,99.2626,140.5393,66.8363,57.0244,26.6013,-81.7031,-80.7914,-74.0993,-140.9005,159.0315,53.9854,3.0678,23.5832,13.4297,41.8641,162.1623,-68.8511,31.1175
185.3939,37.8909,46.2259,5.6583,-24.5399,-29.4014,-82.5514,-38.5318,-11.1450,-85.9273,107.5774,38.8272,-38.4036,12.7157,17.9116,69.0480,79.7676,-105.2190,-4.7773
132.2012,12.8118,6.6356,-23.4905,-44.8562,-61.8130,-76.8418,-58.4228,10.1556,-87.4584,73.0936,28.8626,-48.9027,7.0097,-5.9475,53.9424,4.3224,-99.1908,-54.8480
36.5646,-16.2749,0.5565,-41.5982,-67.2687,-79.9242,-84.3042,-93.9900,-21.2401,-140.8823,86.2734,37.9113,-20.3611,-11.1258,-17.9551,17.6628,-44.4737,-78.5854,-61.6960
-15.2500,-27.7524,-17.1106,-36.1047,-99.8340,-79.6178,-114.8898,-92.2839,-71.5675,-146.6464,119.9972,24.5964,15.3975,-32.3161,-24.2299,-20.6375,-49.6716,-61.5939,-66.5136
15.2088,-7.6269,-31.2716,-27.5862,-87.0468,-60.6495,-167.2227,-112.3594,-87.7336,-104.8478,123.7865,1.7066,15.0547,-41.3911,-45.2180,-64.2144,-36.3001,-56.2976,-118.3084
47.6498,-2.6650,-31.1566,-45.5865,-52.6105,-52.2211,-198.5154,-158.5218,-80.9684,-111.7220,74.2505,13.2082,-17.0269,-38.3804,-62.7967,-102.6370,-41.8360,-43.6812,-158.6743
-0.0679,-16.7390,-43.7456,-47.0233,-49.8789,-47.5159,-175.4037,-158.2876,-110.1129,-172.5231,9.8145,19.6090,-41.0007,-22.5671,-82.9982,-110.6112,-75.4327,-0.8935,-149.3634
-59.1148,-16.0259,-64.7694,-7.0825,-61.6567,-11.0346,-143.4704,-133.4568,-173.2959,-209.0031,-13.4823,-23.9370,-46.8098,-6.6739,-115.5222,-84.5595,-117.6254,47.0036,-153.1950
-41.3542,-5.3418,-55.4494,21.8065,-55.6333,26.8886,-140.1352,-131.1303,-202.4963,-187.0011,-13.1002,-68.3262,-53.2211,-11.4456,-113.3076,-56.9119,-123.9339,56.6387,-185.0537
-14.0045,13.1817,-15.4079,25.9480,-29.7695,21.4283,-118.9022,-110.2255,-160.0886,-135.5730,-36.7763,-75.3631,-56.1700,-22.6493,-72.1606,-66.1506,-65.9613,27.9898,-185.2419
-33.5267,46.6407,15.8600,44.3168,-6.4537,12.1602,-71.5633,-84.0753,-79.1003,-120.4714,-57.9077,-69.2575,-44.4647,-17.7071,-58.5475,-108.3807,10.5747,-10.6409,-174.3206
-11.3251,64.4999,20.7249,67.1743,-24.1339,31.5921,-72.5979,-130.5591,-20.1241,-170.8540,-46.5121,-42.7796,-40.6362,-10.9489,-66.1767,-136.8622,35.7212,-40.6014,-211.9561
67.0340,56.8910,13.2795,58.9695,-63.8916,27.4475,-119.7586,-196.2421,-16.6583,-199.4784,-54.1718,11.4004,-61.2366,-18.3407,-51.8042,-125.3270,8.2145,-54.6756,-243.6079
73.2005,51.0320,-0.9712,24.0681,-59.5492,-18.4049,-129.1562,-175.2465,-50.9263,-132.6003,-99.6679,29.2971,-80.2669,-37.3801,-64.9530,-99.8806,-31.2894,-53.4422,-199.2373
-10.9876,32.5892,-25.1843,-12.3129,-35.7021,-44.1468,-105.1460,-110.4786,-85.1032,-52.6546,-121.0157,-15.2424,-80.0295,-68.1733,-130.6023,-93.7963,-69.1652,-38.5617,-139.9393
-75.2148,-8.4496,-40.8751,-23.8508,-54.3209,-28.7314,-104.6664,-80.1610,-109.3841,-39.2174,-113.6332,-55.3395,-73.5614,-91.4943,-172.8923,-107.2751,-100.6976,-14.6661,-131.5838
-91.8700,-25.6641,-34.8232,-6.9572,-67.2738,-9.9378,-95.5918,-63.2923,-124.1917,-47.9902,-126.3076,-62.1903,-60.2316,-79.9273,-178.6727,-117.1127,-105.6519,-9.1512,-125.2097
-91.2038,-23.6721,-32.4813,-3.7973,-46.0021,-0.0092,-45.6395,-49.6925,-106.6701,-68.6054,-134.8614,-71.1250,-42.2331,-56.1537,-193.0930,-103.9567,-74.7599,-41.0516,-85.1000
-57.5140,-51.7213,-53.3329,-27.9892,-75.9332,6.4519,-20.8342,-65.1643,-53.5406,-136.7438,-105.0160,-80.8528,-57.0906,-50.1770,-179.9769,-76.0074,-15.1348,-72.2004,-49.3481
-12.7949,-72.6082,-82.3442,-28.8131,-146.1996,3.5494,-42.5992,-75.3359,-12.4010,-178.5531,-89.6534,-75.8788,-105.0031,-44.6449,-124.7380,-60.1532,47.5570,-63.8609,-16.2679
-29.4525,-44.0968,-112.6245,-2.7001,-144.3287,-0.9240,-30.3876,-47.3612,-14.3661,-129.9029,-127.2642,-81.4479,-121.0228,-42.1014,-103.3153,-59.9226,57.5872,-41.7876,30.5697
-103.4734,-32.9737,-149.6474,-10.2693,-104.0781,-5.6818,22.6030,-20.8020,-29.8651,-90.9183,-166.3496,-100.2080,-90.6614,-68.8881,-108.5345,-52.6843,-3.9844,-32.0518,31.6407
-171.3242,-77.0865,-177.1264,-55.0204,-119.7246,-34.7659,29.2089,-14.9681,-29.7545,-120.6832,-159.1564,-96.8602,-73.2673,-88.9999,-72.7216,-29.4021,-65.0309,-18.7179,-25.4699
-206.1880,-112.6861,-180.1254,-91.1724,-130.7728,-78.3658,-8.8898,-0.3110,-23.6652,-109.6413,-124.4449,-73.8940,-75.1807,-63.2581,-47.4987,-1.6456,-63.1978,-10.5345,-31.9046
-185.9913,-117.4482,-167.2086,-110.7211,-79.2127,-93.1974,-12.5573,16.7815,-20.4110,-20.2494,-103.3421,-62.4671,-49.2516,-36.3376,-83.4683,14.9999,-28.1501,-34.9261,38.1145
-91.9939,-128.6557,-141.4019,-119.0636,-45.6066,-83.0224,8.5332,6.7712,-17.2786,30.1653,-110.6425,-62.0793,-16.5690,-41.1427,-91.4273,12.7197,1.5991,-67.3259,66.9103
-2.6407,-140.5964,-109.6095,-115.4410,-61.5595,-83.8087,2.6577,-13.2710,-14.5100,12.6843,-127.3440,-56.8052,-33.6689,-43.5706,-26.2397,15.9853,23.8572,-71.8041,33.9919
-25.7637,-134.2159,-100.3032,-120.4974,-63.6405,-93.6925,9.9310,-7.0837,4.0863,32.6709,-138.8536,-49.4741,-79.7798,-37.3953,30.1214,56.2528,9.8779,-58.4244,38.2216
-116.5407,-124.9986,-115.3803,-130.2740,-60.2518,-94.6209,67.0941,18.8667,50.0667,103.1774,-155.7513,-55.1761,-104.4907,-44.9764,44.9557,97.9014,-55.4344,-37.5965,62.1116
-135.6348,-118.9461,-123.9987,-110.3178,-95.5002,-87.9694,101.8149,27.3290,79.1733,123.8385,-163.7097,-87.2977,-111.3521,-53.3539,60.1537,87.3006,-101.6677,-6.7973,12.9974
-74.2075,-110.3457,-117.3345,-82.6297,-124.8754,-75.9534,69.0630,11.7075,49.0127,88.2965,-126.5872,-132.9919,-113.5959,-59.1925,74.4992,63.2099,-83.3467,8.3713,-64.8115
-38.3203,-100.0569,-102.4245,-86.3012,-100.8540,-61.6209,37.2156,4.9158,4.4626,85.8370,-68.9004,-144.8073,-101.3141,-74.7918,58.7711,73.4232,-63.3754,-7.2698,-79.8340
-55.3523,-73.4727,-81.3499,-79.4813,-66.9992,-48.1266,41.6927,8.1855,2.8001,103.2970,-51.0815,-99.9875,-84.0463,-61.8434,13.7251,60.9057,-81.3858,-17.8035,-66.8155
-77.3022,-31.7872,-75.4112,-30.5806,-75.3167,-20.3879,28.9640,-18.4795,12.3140,50.6311,-72.6340,-43.2531,-81.8807,2.2352,-35.9799,-4.7135,-89.9016,-1.3212,-89.7687
-91.3131,-16.8102,-97.6745,-5.9039,-103.7969,13.8853,-8.4165,-64.0333,-13.1180,-28.6610,-95.7987,-25.7231,-86.0731,43.9380,-57.3825,-35.5359,-75.9125,12.3876,-132.4053
-87.8615,-33.4146,-110.0335,-40.5269,-100.1031,6.8282,-19.3070,-78.9430,-43.8801,-13.7140,-105.4828,-37.1343,-81.5973,6.8971,-54.0206,-3.9970,-77.4106,3.2973,-168.0861
-51.6625,-32.3038,-81.4570,-63.7903,-57.1016,-34.0501,-10.7762,-81.3314,-40.9224,53.7889,-88.3116,-34.8114,-64.4790,-49.3342,-73.7280,-2.2906,-77.1180,-6.1918,-184.9195
-40.4428,-6.2946,-35.1395,-33.4561,-8.3733,-36.6439,-19.0012,-102.4674,-22.5305,39.9960,-41.5832,-10.1862,-25.1673,-48.2668,-119.0773,-45.4250,-37.6301,6.2102,-152.7635
-96.8648,3.5582,1.8712,-1.5374,25.6493,-1.6087,-17.9570,-90.3609,-12.4970,-25.8436,-6.8809,10.8160,26.3375,-1.2506,-144.8041,-51.8815,1.9305,23.7945,-77.3731
-124.2004,-7.8670,16.6139,-8.9954,34.5395,-2.9635,20.1030,-22.5846,9.1913,-15.0995,-13.6262,22.7988,45.2938,30.9955,-148.5813,-26.5452,-9.0022,10.5431,-18.4569
-49.5900,-15.3917,-7.3652,-31.4854,-5.4151,-45.2309,54.2380,18.4241,72.5305,62.4089,-37.7269,43.1673,11.8592,24.8691,-139.2390,-41.5162,-45.2490,-28.1972,-8.7733
15.0899,-21.1193,-60.5491,-43.5661,-83.4004,-69.9130,45.7118,3.4279,165.8548,102.2298,-60.9618,58.3732,-42.4839,12.8031,-89.2735,-82.8119,-64.7129,-44.0330,-27.0980
-40.9896,-38.1499,-111.1138,-51.6522,-139.3020,-63.9103,16.5467,7.1434,234.1885,99.8852,-94.4702,45.6014,-88.8844,24.0440,-14.6588,-81.8900,-71.1243,-31.0157,-38.0197
-147.1748,-49.5373,-147.3124,-53.9784,-150.3204,-50.3598,-7.5734,45.9849,233.9878,129.9599,-131.3980,38.4347,-123.7911,44.5557,27.3525,-33.0105,-72.6945,-39.2948,-22.0071
-180.5511,-27.5871,-162.7072,-32.7742,-148.2500,-39.3319,-35.4864,61.7460,183.4236,195.8461,-139.3967,65.9882,-139.7269,57.5270,37.0500,13.3440,-52.3586,-73.9468,4.1819
-128.4857,21.3528,-144.6051,1.4108,-140.7554,-32.5791,-67.6997,54.6376,128.6293,225.3358,-102.2356,74.1023,-126.1318,68.8003,36.1291,24.5082,-11.9243,-82.2822,13.0530
-61.1760,64.9450,-107.6326,19.2954,-113.1930,-16.2426,-85.7374,65.8819,71.9971,191.6601,-46.7135,30.6583,-94.7217,76.5506,5.2730,21.9122,13.5010,-55.7932,16.4706
-28.4305,88.2492,-79.3808,28.5439,-78.7111,24.1677,-95.5189,91.4498,-10.8622,149.0342,-18.1342,6.4740,-75.5806,73.7135,-48.5789,48.2567,9.5811,-34.1492,26.6364
-26.6817,88.1841,-65.5901,48.9992,-60.3544,58.6068,-117.2767,118.8037,-96.2516,132.7113,-27.1715,32.9979,-87.9214,67.0436,-79.2599,96.6580,-3.4522,-20.9568,15.0873
-45.1527,55.7914,-66.9033,61.3095,-68.2653,58.9113,-134.1920,156.6460,-130.8650,105.7103,-51.4697,38.1380,-118.2936,63.2639,-79.4184,120.4883,-18.3465,6.7440,-12.0859
-74.5359,19.9873,-76.7569,56.2754,-98.0864,57.9738,-121.6148,182.9315,-128.4249,50.2890,-78.2773,6.1496,-138.9261,72.1607,-72.7956,116.8944,-35.7389,38.7219,-5.1802
-74.4634,39.1875,-70.7525,69.8258,-118.2839,81.0238,-106.7024,163.2322,-155.3175,20.1176,-92.0162,7.7737,-147.3970,101.4221,-66.6502,116.4007,-27.1710,51.8954,25.0960
-46.1021,93.8663,-54.1151,107.3349,-102.4569,100.5405,-115.6134,126.0539,-203.7734,40.6765,-69.4455,42.0948,-153.1935,119.8407,-55.5381,111.9458,7.5185,54.6656,34.4357
-71.3061,97.5594,-54.0879,121.2646,-70.7190,101.2030,-115.7160,126.1654,-203.6223,58.8393,-38.1399,42.4777,-141.6880,97.4680,-33.1056,91.5035,-0.0586,65.3810,36.1332
-133.3630,42.0994,-51.5391,88.4030,-46.3854,84.4386,-91.5263,148.9928,-167.4970,51.4444,-43.8721,10.1947,-107.8276,64.0392,-16.6068,88.1218,-64.5043,69.4351,42.4248
-98.8334,-6.2163,-22.3606,27.1458,-23.5114,32.5246,-77.2839,144.6473,-154.1750,76.7232,-56.6203,-22.3708,-84.9294,37.2617,-31.4337,124.3775,-102.4217,36.9806,28.6934
-10.5993,-36.2154,-1.1869,-36.8136,-6.1109,-39.2966,-59.6669,131.7354,-114.0241,150.8198,-36.6071,-75.0071,-79.8746,-12.5100,-25.2323,172.7518,-102.5501,-17.8650,15.7452
-52.3981,-77.9228,-11.8067,-74.0163,0.5211,-77.9759,9.8621,154.5896,13.4448,176.2376,-22.6051,-138.6994,-47.6431,-60.7765,71.8798,196.6656,-145.3807,-46.5544,36.7088
-177.8934,-117.7934,-23.3305,-81.5738,16.5941,-85.0221,95.7922,167.5322,124.7111,84.1167,-39.8867,-132.4521,18.2266,-51.0309,178.6666,172.2255,-208.1440,-48.5385,55.6169
-201.9834,-133.5838,-25.7014,-100.2457,38.3831,-100.6254,130.5805,107.4066,113.7914,-35.2197,-60.2134,-39.6309,57.8945,-17.8396,175.8160,105.3861,-199.5586,-69.1460,56.1498
-158.7446,-140.3589,-45.8729,-137.9539,36.1853,-115.7823,137.6490,38.4913,68.8957,-54.3099,-100.9797,33.7270,43.9996,-19.6483,132.8530,64.8503,-159.0661,-101.4040,78.8151
-166.6460,-150.3323,-78.7023,-147.2906,25.8451,-107.8716,152.0064,50.9374,85.2711,6.5328,-177.1081,13.1031,18.8035,-35.7482,156.8590,103.1579,-159.3773,-88.4184,99.2372
-171.7573,-147.0002,-81.6107,-114.4678,47.7976,-91.4024,126.7936,87.2818,84.3373,35.9117,-196.0320,-39.3722,19.2547,-44.7384,169.5531,141.3907,-136.0319,-24.2554,67.1585
-107.8846,-109.7661,-27.4537,-67.9580,98.0212,-66.7627,42.5128,54.2222,-3.7554,4.3206,-98.3373,-39.1283,40.2502,-53.6564,83.8747,75.2061,-45.6180,43.5161,32.9364
-32.8641,-44.0438,63.5186,-12.0891,149.5979,-13.1773,-28.4889,-7.3642,-99.9129,-41.2841,13.1910,-1.1606,67.7111,-30.1957,-19.0451,-37.0953,20.6780,87.4674,39.6287
1.6445,9.9533,138.0874,50.7189,187.6895,52.7117,-40.9428,-28.5918,-126.0350,-80.8262,41.9806,14.2085,92.7910,32.0953,-55.1969,-66.1115,29.7784,112.0388,34.5158
-4.1239,23.2227,172.2944,89.4383,200.1815,93.3480,-27.1070,-30.7983,-106.7193,-108.0515,31.2084,-5.6351,103.5772,66.1860,-45.5500,-25.0292,45.4064,134.9296,21.8208
-28.6753,22.5895,188.2378,98.3978,193.1143,105.1502,-5.2835,-23.6734,-84.9534,-87.0407,39.0670,-31.5481,101.2506,59.8465,-9.8039,-12.6123,47.6282,170.3324,71.4667
-23.5097,39.2833,191.6413,107.4847,192.0025,112.3047,40.9145,21.8915,-66.6275,-15.9572,50.6860,-27.9776,107.2739,71.7874,43.5806,-40.1262,-14.3105,192.6830,130.9355
10.3282,54.9314,169.1285,124.2687,191.6509,128.8514,85.8344,56.3220,-45.5067,24.2784,50.2737,18.6811,120.3817,96.3418,63.5622,-70.5021,-71.2174,162.2885,99.5704
14.6037,46.7229,135.1273,124.5624,158.2368,133.0481,71.4343,15.5493,-16.1793,-23.1392,50.5713,65.7245,99.1391,86.2225,29.3312,-99.9615,-56.2912,98.5763,37.3241
-9.7224,25.6738,97.7923,86.5727,88.1549,90.0990,12.3005,-35.7695,37.0778,-75.0687,50.0242,63.4801,33.2402,53.3516,-9.8989,-102.9707,-23.5661,42.2066,40.6303
-40.4091,12.5479,35.6692,21.9999,13.5325,20.5854,-0.5409,-24.8994,144.1882,-14.0065,36.3427,42.8585,-19.8769,25.6486,-11.9481,-55.5871,-20.0703,-17.6511,51.9944
-96.6428,19.8383,-39.5798,-17.4903,-41.8487,-13.3466,61.1050,-14.9240,299.2101,116.0649,13.3684,49.2750,-28.7101,5.3526,34.8069,-23.3368,-26.5585,-80.7270,3.8811
-137.0202,34.9378,-86.6650,-1.9311,-80.1258,-6.6737,112.8600,-54.3202,408.8396,171.9882,-9.1365,46.7106,-35.3379,6.2225,121.8564,-51.5785,-39.9783,-92.2267,-36.2059
-109.1020,27.8485,-97.7433,32.6466,-100.0719,1.2422,100.8763,-66.6907,386.3370,141.2502,-22.7561,13.0029,-49.6349,30.1728,179.9379,-60.9578,-50.0679,-41.4704,-12.0831
-78.4033,16.3060,-75.4751,53.6577,-78.0108,15.3085,75.4111,-23.2468,278.5814,128.3551,-7.7071,3.0627,-23.9657,40.9362,132.9943,-14.2748,-14.6693,12.4361,16.2885
-56.9139,47.3199,-17.0616,70.9511,-18.5187,48.1887,69.1580,-7.4179,184.0969,160.8135,47.5070,22.1310,25.0631,24.6716,35.3815,-3.0575,48.2798,41.7032,0.4664
62.6856,93.5339,41.0189,80.0433,20.7710,67.1134,53.1281,-34.7390,109.5327,180.0974,108.0995,20.2440,38.5319,13.7112,9.7072,-52.5467,78.1031,65.0457,-21.7984
213.5249,100.2669,66.3633,79.6006,24.9254,69.0298,39.9248,-30.6859,21.1337,152.0093,126.7077,25.2151,54.8993,33.1478,48.2404,-75.2225,82.6900,89.6545,-14.5368
199.9600,98.2458,83.9034,110.3259,55.3466,97.6014,65.8729,7.4347,-58.6547,85.9755,116.6553,69.6371,135.3684,68.9967,56.4148,-51.3343,97.7519,115.4759,10.2488
78.3736,124.8398,105.8887,163.8333,114.8574,141.6260,85.1456,21.9670,-99.8564,26.0679,121.2757,80.4888,210.2432,81.9371,40.9928,-29.3278,117.3196,138.1700,29.3474
49.5255,144.0414,110.4650,166.2351,122.7095,145.0924,38.6664,13.4670,-115.8767,14.0424,131.8503,33.1628,190.5380,53.9012,52.6895,-9.7116,152.6284,133.2613,24.4465
103.2499,139.5891,108.8595,119.0594,73.1116,108.1040,-21.0816,14.2042,-112.0412,24.9595,124.4102,18.6417,124.5046,16.7845,56.6302,15.2159,209.6177,99.2947,-4.6311
122.5747,123.8074,110.5033,85.4830,38.6319,65.9418,-6.7784,34.8503,-62.8491,49.0107,122.7731,38.7392,91.6895,-2.2254,45.5245,40.4030,206.5417,65.7154,-18.1611
102.7558,67.6468,76.8240,56.1794,23.7008,25.0645,65.9973,82.2944,26.3331,152.8756,140.3067,6.0956,84.7867,-14.8699,89.4860,99.9582,109.7062,28.2824,16.0380
76.2946,-8.8096,12.5429,11.6224,-7.4762,-6.8342,112.7607,130.1951,91.5256,286.6447,141.2738,-31.1664,83.7753,-12.4063,152.1329,179.7118,47.3489,-25.2644,55.4588
47.7559,-16.4936,-15.0243,2.0763,-29.5822,-7.7778,100.9807,123.1390,94.8194,269.3490,109.2522,39.0609,95.1644,30.0801,128.9871,183.5735,86.7291,-48.8815,43.5612
29.2439,21.5447,-2.0341,26.1064,-18.2955,10.3803,78.5404,86.7760,96.3807,129.8173,62.6654,158.4438,96.4614,79.1719,84.5826,121.1901,100.1197,-10.5775,16.1753
13.5359,3.8390,-5.5668,13.5640,-5.6184,12.9231,94.8449,104.2347,156.4557,94.5180,10.9937,193.1678,63.7306,85.6956,130.8941,115.6980,24.0158,38.6047,42.6486
-6.9836,-39.7142,-19.3281,-21.7940,-5.1710,-1.9602,133.7863,158.0859,224.1724,173.8692,-24.9567,150.9449,22.3536,67.3698,182.0175,164.6489,-23.7636,53.1071,98.2163
4.8480,-35.2381,6.3028,-18.5933,8.7886,-6.1943,153.4505,163.4400,234.2543,187.0746,-16.6167,122.8061,2.1899,65.2643,135.3734,156.9820,0.8472,51.5487,112.5909
53.8955,-22.9108,56.7425,2.3989,41.3267,17.3427,150.9775,121.3048,211.5751,120.0460,7.5989,133.6950,3.7681,88.4592,70.7996,99.2570,9.2559,53.0854,97.0772
74.5693,-20.7347,74.0471,17.1897,75.1291,57.4982,142.9113,86.2767,182.4053,79.6792,1.2756,148.4131,22.1793,127.4831,54.6892,79.5780,1.1175,58.2327,104.4283
34.9866,19.9505,50.6681,59.2525,98.0418,86.2510,132.0052,70.2766,130.5673,78.2529,-17.4389,132.8352,41.6843,153.1814,34.1895,98.5260,32.6793,78.4034,121.2998
0.0165,44.8727,28.6938,106.8574,100.4138,91.4251,122.6197,73.4049,80.4904,84.7855,-18.5251,88.2826,37.3073,138.3890,0.8147,105.4428,45.5351,111.7368,112.6129
54.5126,-17.1660,29.7616,97.9304,82.4262,92.5785,111.4435,98.9636,52.6996,71.4975,-17.6055,60.3366,21.0538,105.9550,-15.8272,91.8855,-6.7880,136.0377,98.9771
165.2599,-73.7895,41.8497,56.5298,57.3818,103.9277,77.1091,118.0967,-2.6969,-4.9494,-22.7074,76.2981,29.1005,84.2252,-51.8638,72.7275,-34.2756,144.2868,102.8062
186.5804,-45.5838,51.7906,33.7355,32.7252,101.6114,35.1466,110.0789,-70.1082,-96.9587,-26.0165,96.0945,55.4298,54.5903,-110.4167,57.5101,4.1895,132.1654,104.5313
84.5891,-22.3124,44.7134,9.3135,11.4041,58.5624,36.2031,88.5475,-36.8239,-92.8033,-45.2669,92.7607,61.3183,9.4286,-116.9588,45.1441,20.1933,86.1725,93.0656
4.1670,-60.8378,5.5306,-29.3150,-1.1908,-4.1489,74.5528,53.0102,87.6539,-16.9515,-80.9284,110.8353,40.2550,-20.4756,-61.3405,21.0184,-12.9634,27.3227,68.6117
12.9205,-82.9469,-48.4932,-40.8428,-13.7676,-34.2276,96.8638,1.3067,150.5028,6.6279,-100.5946,165.5930,19.5433,-22.5579,-17.6868,-14.7875,-23.3818,-2.6330,9.6507
22.8487,-47.0341,-87.5264,-18.1393,-46.9884,-18.9808,85.4018,-39.4647,95.1479,-50.7568,-118.0093,190.7466,6.8206,-11.2176,-32.2203,-41.3735,9.6215,-13.4973,-76.2769
2.2948,-5.9995,-118.5316,-7.5937,-99.9831,-8.1951,40.2284,-66.6983,-5.5314,-116.8060,-169.3618,158.2836,-20.5163,-6.3073,-97.3605,-48.3326,45.8449,-45.2342,-130.8952
-14.1714,-19.3120,-148.0679,-44.4623,-145.0563,-47.3506,-43.0564,-103.4223,-119.3317,-123.1395,-217.5252,121.7185,-65.8141,-24.4261,-180.5085,-34.5049,48.5704,-92.4401,-138.4606
-39.7953,-107.5167,-152.0323,-123.8900,-169.6016,-120.0102,-121.5245,-131.9954,-254.5937,-92.8140,-213.9745,106.5317,-93.1096,-42.1264,-245.7985,-11.9020,-7.1600,-126.8101,-142.5985
-55.6695,-211.5191,-139.7687,-196.2077,-193.4081,-179.7374,-142.8343,-137.6685,-351.5278,-139.3408,-193.3291,104.2106,-81.5954,-33.5360,-274.5487,-20.8504,-84.8072,-152.7681,-154.5048
-27.2028,-227.2627,-141.9056,-202.6273,-218.0512,-197.6076,-129.7698,-161.1339,-339.7021,-272.6616,-194.9401,147.1213,-57.2608,-65.2531,-255.9506,-68.1929,-97.7209,-173.2891,-159.7148
-27.4396,-156.7155,-132.6064,-151.7674,-203.6629,-165.2083,-121.4299,-211.3332,-270.1465,-338.7332,-193.6110,233.5096,-38.8831,-192.2792,-209.3391,-98.6686,-50.1512,-155.6427,-174.5563
-90.3386,-102.5267,-90.3792,-106.1367,-148.2183,-109.2800,-110.5731,-241.7495,-265.1414,-305.1756,-178.4410,274.5089,-13.2798,-302.3636,-207.4230,-99.5819,-31.6058,-100.0501,-202.7907
-105.1776,-101.6979,-65.4186,-98.3486,-122.0743,-94.3924,-108.3898,-255.1681,-335.0534,-309.7212,-182.5447,250.7457,8.8459,-280.4070,-261.2390,-119.0987,-60.1912,-84.2425,-221.0396
-36.4879,-117.8130,-88.2671,-124.1879,-155.9382,-142.0091,-141.7528,-284.0836,-373.0060,-341.5560,-208.2228,254.1293,-7.6255,-210.5452,-273.9780,-145.6526,-95.8603,-152.3732,-243.0298
15.4203,-132.0306,-125.9932,-162.1081,-193.9365,-188.3128,-186.1904,-296.8104,-354.0561,-284.1396,-229.1625,297.0517,-53.7340,-204.6892,-234.8755,-123.8678,-135.0789,-217.8266,-292.5526
-0.7703,-126.3251,-153.2176,-166.2002,-207.7446,-184.5597,-223.0730,-265.8995,-356.1290,-210.7618,-253.2655,303.8314,-87.4946,-207.5484,-246.9071,-69.8600,-158.2840,-189.5039,-338.8642
-62.1419,-91.5867,-156.1955,-127.3310,-225.9558,-160.9660,-271.1679,-239.1674,-368.6010,-235.8773,-300.5998,287.2899,-103.7348,-142.8513,-291.0677,-33.7129,-127.7508,-126.6911,-349.3348
-117.0283,-73.4674,-127.5285,-107.6732,-240.0576,-147.4070,-294.8824,-241.7611,-321.2944,-288.6513,-344.5992,303.1057,-120.1399,-67.9510,-261.0948,-27.3275,-90.5656,-129.3558,-328.4950
-111.1773,-89.7119,-101.7737,-125.9534,-214.4533,-133.4444,-243.7893,-234.8578,-264.3993,-293.5459,-328.1849,319.7928,-117.2984,-62.7769,-192.9595,-57.3164,-112.6805,-158.5492,-271.7568
-102.3064,-82.9823,-83.2790,-118.5514,-158.0469,-120.3793,-170.1121,-210.1582,-267.1974,-276.0478,-238.7301,310.4293,-63.7750,-98.6578,-163.0560,-108.4272,-152.9861,-122.7317,-187.6082
-154.8411,-38.4206,-21.3131,-73.8288,-94.6442,-112.1457,-132.5273,-192.3978,-268.0778,-241.2258,-145.0995,315.1577,12.9353,-93.5223,-126.1184,-114.9442,-147.4923,-46.7853,-126.3203
-140.7538,-9.8079,41.6704,-48.3737,-29.7238,-86.1968,-92.6245,-171.4977,-228.8340,-208.0762,-121.2746,331.7241,49.1925,-37.6936,-63.9017,-70.1848,-116.0555,-4.8438,-96.9048
-25.4907,-11.2128,11.2565,-43.3990,22.4803,-45.3374,-38.1960,-137.6139,-212.5128,-222.9276,-144.6618,326.4181,43.5885,4.2256,-42.1206,-60.3874,-99.6096,16.1334,-49.2648
-38.8517,-10.6495,-49.1852,-18.8075,55.9017,-16.1904,-14.9968,-110.0245,-201.3728,-234.1165,-144.6426,332.3498,57.7943,19.6356,-47.2528,-100.7825,-94.2078,67.2858,27.6174
-158.6383,12.7688,-25.2018,20.8692,91.2507,23.9303,7.1573,-78.0700,-122.8961,-190.1404,-118.3912,384.9157,105.2201,72.8509,-19.6278,-102.1200,-71.0002,139.9863,94.6442
-53.5268,69.5865,37.8482,60.9052,133.0763,98.5219,68.2698,-17.6513,-41.2090,-162.1075,-91.1707,451.8457,140.6553,167.9525,20.0518,-48.4467,-8.7338,191.2758,127.4251
222.6575,141.3945,74.4125,107.0779,170.9217,153.4470,88.9176,37.8674,-46.2798,-164.5048,-37.9866,500.6134,164.2663,228.8418,47.4438,-22.2116,73.8023,209.3302,125.6377
302.1062,178.3303,127.1594,146.7953,211.2850,156.9083,18.5892,51.1926,-80.7138,-119.1327,36.0667,522.8468,197.4797,241.1828,70.7901,-40.4689,131.4832,220.7182,108.1867
211.2219,179.4942,195.2969,170.6689,245.5296,171.8271,-50.5535,47.7298,-77.4307,-65.9043,62.9956,504.2881,191.4312,255.1499,48.3088,-44.8806,156.1584,250.4827,95.0405
199.0787,194.5389,223.7903,198.0428,244.1206,219.8344,-62.3336,42.3720,-74.5107,-90.7691,51.7018,448.7058,118.0703,261.7325,-38.4852,-41.5476,162.3487,278.3795,64.5395
219.2821,220.7437,235.6805,220.3633,210.9447,226.6102,-77.6185,0.9239,-92.5921,-145.0130,96.7057,370.9823,57.0027,212.3619,-100.6289,-86.6509,145.5638,255.1168,11.7436
183.4254,199.3401,250.7279,193.7364,171.5567,164.6158,-115.6508,-70.7810,-90.1975,-174.6054,210.6050,264.0125,55.5306,117.9531,-75.4049,-158.0572,122.3715,175.4379,7.2314
193.2838,109.7044,222.6880,109.5275,129.4576,84.8017,-119.7056,-116.9363,-50.2385,-196.2666,317.5002,142.6928,60.6833,34.1144,-9.8346,-191.6942,116.9990,92.2518,66.7919
250.4394,9.4026,168.2611,14.5222,93.3110,14.5206,-77.9600,-125.3360,17.1112,-171.2637,382.5075,54.6751,58.0772,-9.8212,48.8297,-203.4281,103.2922,45.1650,95.1916
250.1048,-13.0906,146.1852,-28.3909,86.6424,-33.4670,-39.2221,-128.7467,94.4269,-83.9347,409.4065,0.9924,74.1473,-41.5478,100.6676,-235.0004,83.0574,23.4297,66.6622
211.5230,56.7772,135.9584,0.8927,100.3298,-27.7587,-42.4030,-141.6498,139.5949,-53.1584,401.0932,-65.0821,69.1118,-110.9753,137.8894,-254.6000,123.4844,3.7630,60.2139
185.9131,124.6879,115.5794,40.7815,109.0879,9.8247,-72.9191,-161.0986,145.7879,-129.3215,399.9315,-160.0952,28.7247,-203.5800,153.9960,-233.2618,208.4490,-21.2612,90.6922
166.6371,125.1147,124.9516,26.3527,126.7778,13.0236,-69.9949,-176.0691,174.9410,-181.4996,444.8324,-257.5530,29.4564,-248.9907,170.1080,-206.2992,243.3557,-56.9729,117.2558
174.5153,107.7225,160.8040,-9.0630,172.8272,-18.5973,-15.4179,-164.3177,239.5840,-135.2876,494.8931,-319.3854,77.2142,-245.2652,190.7545,-187.2244,249.8462,-109.1970,147.8620
213.2482,113.3712,178.1136,-12.0524,213.2895,-35.7314,20.9003,-136.5769,257.7690,-91.6991,512.1533,-327.5320,93.8309,-256.4119,181.5031,-166.7910,312.7865,-161.5297,180.5966
249.0641,114.4717,188.1559,-13.9200,208.9970,-35.9553,2.3392,-136.4433,205.5437,-125.2868,533.4742,-316.3690,93.2443,-290.0482,133.1758,-182.5643,390.0344,-188.9682,185.3746
306.1718,107.6051,221.4081,-49.7222,202.1887,-52.2250,-2.5930,-162.1558,187.6809,-163.4660,577.9922,-336.8911,137.3745,-318.3764,106.8819,-237.3833,410.5729,-208.7066,190.1923
398.8834,94.5991,270.8001,-95.0057,264.9711,-101.2748,58.0419,-180.2870,284.3976,-146.1108,609.6023,-388.8854,196.0168,-361.3887,155.7763,-261.8120,421.9863,-265.1580,229.7534
461.3709,30.2817,323.4917,-144.6504,361.1902,-180.9948,152.1351,-203.1608,440.5693,-139.8274,617.2399,-441.3326,232.2452,-427.2540,239.9567,-249.1927,469.6438,-355.8050,277.9342
463.4041,-74.5900,358.6196,-214.7541,381.3742,-265.3570,238.8571,-237.8241,558.3486,-162.0795,607.7333,-478.1940,265.0195,-468.9352,297.9134,-227.1544,495.9209,-436.5352,316.9869
427.9438,-136.7885,342.3228,-275.0820,317.8864,-313.8413,289.1277,-226.4662,595.2484,-84.4238,555.7969,-485.7237,271.9962,-459.6022,331.5548,-138.2585,449.9506,-479.1552,334.6918
367.5436,-134.8487,281.6277,-289.3887,256.2886,-310.1768,276.3488,-148.5941,542.6474,80.5980,461.8671,-452.8460,227.8168,-408.2223,337.4003,-2.5680,374.2927,-456.9391,293.1351
320.5958,-99.9039,223.7841,-259.6223,220.9533,-264.1195,228.7704,-77.5776,417.9090,81.3836,377.8381,-396.0108,193.0744,-327.5286,285.5465,11.0498,345.7807,-357.6732,231.8375
303.8584,-46.3266,192.1172,-202.0499,187.1772,-203.5869,209.0060,-63.3951,303.6208,-136.0086,316.9241,-354.1426,201.1245,-266.9285,230.6640,-98.0257,370.2705,-267.7915,243.4198
267.8501,-28.9282,168.7260,-165.0852,170.2645,-183.8644,232.5924,-82.7586,284.5543,-289.0746,242.5917,-367.3501,203.8428,-288.2812,261.4423,-138.1102,371.6022,-290.5394,293.9342
241.6887,-95.8404,136.0843,-203.0478,178.5223,-231.7663,281.1084,-123.7092,324.0357,-248.9148,163.0966,-430.2830,204.8391,-367.8135,329.6230,-118.9120,328.2096,-364.9127,291.2776
311.2396,-166.1581,119.8505,-270.2261,195.8906,-288.3941,339.1360,-191.5502,315.5731,-190.6135,128.5731,-462.9379,245.6148,-414.9436,336.7358,-189.4588,328.2513,-365.4510,275.1899
418.4560,-162.0443,166.2784,-278.0240,244.1725,-289.3702,387.6320,-249.2654,261.1158,-202.3935,138.6316,-405.3664,286.7821,-379.6845,328.9450,-255.2693,394.5123,-317.3824,317.7978
466.7780,-147.2312,261.9007,-246.1027,324.7291,-250.2460,432.0407,-256.5590,260.3173,-220.5733,146.5919,-300.7717,294.0370,-282.2605,397.9959,-166.6733,432.2040,-296.3648,374.1762
493.0952,-162.5481,338.0142,-235.9920,372.9107,-209.0512,493.4445,-232.7276,317.2795,-241.5887,140.1572,-209.3136,324.3069,-181.8011,495.2070,-50.9436,424.4039,-268.1954,377.9588
508.0042,-154.3317,363.2997,-235.5329,370.5616,-175.3472,533.3426,-217.5384,320.6658,-253.3713,138.5762,-144.5147,389.9559,-133.7638,515.9375,-37.3755,430.0959,-214.7449,335.5025
441.2835,-145.0116,344.1041,-239.2078,356.9252,-164.9767,507.0569,-212.5250,245.3492,-201.2440,133.3466,-114.6262,413.8745,-133.3535,459.7538,-21.3610,407.3196,-198.5843,293.6769
323.4234,-191.5518,285.8174,-273.8824,330.6732,-182.5336,467.2029,-199.6843,198.3677,-149.6538,99.4345,-89.7245,386.6631,-120.5144,393.4642,41.4599,312.2350,-203.5712,300.3010
231.6070,-217.8818,237.6969,-289.5555,302.8814,-181.2971,463.7181,-186.7237,223.8034,-189.0990,43.7799,-9.3879,380.1104,-62.4000,348.9893,33.7924,244.2814,-164.2113,343.3698
163.2436,-160.2766,254.6106,-227.3600,325.1065,-132.7767,451.3225,-197.6189,247.0245,-263.4748,0.6987,72.3949,403.0638,7.0462,332.9119,-40.7468,261.0280,-130.3686,352.7963
128.9214,-129.0264,291.6246,-168.7833,360.5151,-92.6050,416.2581,-221.0536,236.4809,-288.4701,-1.1369,50.6782,406.2107,36.2339,359.0172,-49.4843,265.1511,-161.6719,327.9073
143.7865,-203.7233,288.2862,-213.5810,334.5902,-115.5683,411.1551,-206.1157,236.1179,-231.9169,38.9921,-2.0728,386.8373,24.2561,401.9729,34.4715,215.2491,-188.1919,333.7593
142.1666,-269.6484,279.0781,-290.9033,294.2248,-155.6369,415.9008,-132.3186,245.8730,-78.1599,80.4761,48.2102,365.1462,26.7810,392.9410,128.8404,186.9010,-151.6261,348.6223
96.6578,-218.2422,283.9207,-273.3698,283.5802,-130.5953,365.0356,-47.1361,221.9322,61.3018,74.2451,141.6555,317.1985,75.0807,328.0971,168.3281,182.7246,-94.5272,297.8157
48.6227,-121.1869,246.5967,-183.7645,222.2140,-49.2712,273.6383,-0.5381,152.7574,30.1047,26.3789,161.0998,221.7411,123.0675,275.0096,150.2939,125.9255,-39.2378,199.1120
-18.8348,-92.3957,162.5104,-131.1509,94.1790,11.9523,183.4845,20.5985,62.9968,-54.5966,-15.7281,137.4015,117.4816,119.1067,226.9599,137.1387,17.2128,23.1284,121.7427
-97.3688,-110.4378,95.4928,-119.2398,12.6087,35.3012,105.8266,54.5271,15.4599,37.5440,-27.2558,124.0573,57.1345,73.1327,132.5172,172.5882,-66.1147,57.4769,88.9684
-92.9831,-76.9574,74.5056,-71.2041,18.3550,61.7491,79.9916,92.3535,67.3601,224.2685,-3.6103,99.1588,53.2545,18.8666,70.2245,207.5777,-78.0862,51.0093,78.6654
-25.0525,11.2435,95.0042,2.3972,55.9234,90.7608,124.5555,93.9231,156.6459,300.8021,52.7415,66.8359,90.8302,-17.8158,137.1408,213.2538,-38.3635,50.3011,42.3427
-4.8340,61.5813,138.3909,25.5622,97.8747,95.4697,170.8206,67.0680,185.4379,324.3107,104.2297,55.0162,142.1349,-20.5699,234.3752,243.9893,5.6333,69.4261,-25.8680
-13.3499,50.4749,160.1654,15.5742,122.2569,96.7877,179.9432,73.2396,202.6581,410.8495,109.9219,52.4825,167.9272,-17.7383,240.2483,298.3520,28.9065,89.8800,-44.3921
1.6207,56.5835,150.9974,48.4150,98.2948,122.6828,189.3949,144.1829,271.9330,490.0094,85.7017,62.2236,149.7325,-55.9550,225.0468,319.5553,33.9966,122.6974,14.2919
-12.2157,109.4451,138.8885,110.7480,53.0032,158.9071,191.3579,250.3476,307.7413,515.4783,64.6046,104.5470,105.3188,-108.7982,258.1995,341.8341,11.8088,166.1631,55.4801
-64.2680,144.6013,103.7954,143.4785,17.4030,188.4692,154.2822,352.9654,274.6044,558.0794,42.2049,154.1394,49.7314,-108.1611,261.9650,411.5463,-49.8402,188.5350,43.4297
-104.6809,133.0195,24.9054,154.8985,-31.2714,200.7278,121.1197,425.7490,263.1767,610.9457,8.0201,190.2789,-14.9369,-49.8500,204.4790,459.8551,-119.9440,195.8938,45.1248
-159.0024,126.2082,-46.8478,175.7706,-91.6144,186.3526,112.4220,447.8821,243.5032,610.5059,-35.6457,233.0453,-74.0352,21.9731,153.5321,438.4450,-154.8640,217.9700,59.1596
-243.9334,154.7414,-87.7090,202.5926,-130.9624,183.9082,62.2877,435.5216,124.5428,582.9207,-92.0449,263.4910,-118.4412,80.5403,109.0155,408.0926,-166.3238,252.1456,29.9256
-303.7618,184.0694,-141.1583,230.2139,-158.3666,232.1315,-43.1467,431.5852,-5.4658,557.9933,-156.0598,243.0434,-156.9634,119.5912,19.0953,401.0151,-206.2096,290.8427,-34.0049
-340.9347,186.8533,-207.3692,249.6385,-196.0499,274.2439,-146.0829,428.9740,-86.6939,491.0964,-224.2061,217.3249,-188.0528,151.8058,-113.3423,389.1467,-293.3001,330.0636,-122.8540
-396.0937,183.8329,-257.8788,244.7503,-249.1479,257.3705,-242.6868,383.5439,-249.0435,378.9693,-322.2227,254.3482,-223.7139,193.9532,-267.5021,371.1862,-381.6620,337.7812,-253.0255
-448.6932,187.5299,-321.5479,231.8853,-337.3257,238.4583,-346.2363,305.9743,-478.8966,279.3967,-454.3238,328.4969,-307.7583,224.2575,-413.8401,342.9832,-420.2926,300.8171,-380.6591
-495.7698,168.6287,-418.7544,223.2649,-455.0294,243.6752,-414.3699,245.8640,-581.3033,198.9670,-572.2288,393.6700,-425.1780,215.0958,-490.1292,287.8689,-434.6571,259.9381,-458.6923
-564.9822,119.8129,-511.6936,193.1770,-544.1624,207.6266,-439.4329,210.3998,-579.8307,114.9414,-645.9100,474.4087,-486.1098,197.9294,-494.9686,253.2430,-488.5663,240.5998,-512.5551
-626.3803,88.1572,-573.6009,161.2318,-581.1390,153.6828,-464.9603,178.3352,-653.2496,52.3128,-687.6273,579.4827,-473.0356,225.6332,-509.9170,285.7075,-573.6713,230.8138,-555.0605
-656.5481,99.9371,-602.2582,187.7117,-600.0947,186.7048,-480.7212,149.6042,-776.1580,21.8608,-708.0586,662.3292,-462.2672,301.6291,-573.7996,330.4127,-623.5729,235.2351,-567.2426
-675.9254,124.9704,-602.6584,246.2641,-619.1122,278.9260,-460.2376,133.8609,-837.5872,-12.7387,-728.4418,742.0170,-474.4362,375.1055,-661.6262,335.4084,-622.5021,257.7068,-570.4808
-673.8622,133.6324,-609.3360,257.1176,-639.4978,311.7822,-447.1104,127.0901,-862.1900,-49.5346,-776.7582,886.7495,-470.2434,389.3763,-748.7043,342.8062,-617.2341,264.8296,-583.9768
-675.3220,113.8235,-642.8690,218.2858,-670.5388,277.7215,-478.1331,103.5777,-885.6559,-74.2527,-823.7129,1052.3569,-456.9685,360.1618,-802.4103,382.3356,-640.7243,237.7893,-591.9001
-753.3569,61.4394,-669.7471,173.3430,-703.7833,245.2585,-528.0236,25.7192,-913.5645,-145.1381,-818.5457,1158.0071,-454.0334,359.7444,-822.1241,405.8372,-676.4065,198.9547,-614.3516
-832.1866,18.7092,-676.9581,143.0724,-731.1891,232.8287,-583.1875,-100.1150,-1003.2045,-275.7542,-781.7194,1272.5817,-443.6128,378.4742,-888.2972,368.5175,-687.8072,160.0717,-681.3388
-770.1534,37.7856,-691.9080,147.9907,-766.3044,230.0217,-649.9368,-208.2445,-1138.9353,-342.2151,-767.5388,1466.4834,-433.9000,347.2180,-1023.3568,294.7184,-682.7992,118.7207,-763.5447
-670.7838,72.7086,-709.7115,176.2853,-801.1530,227.1976,-713.9827,-265.4603,-1200.2786,-284.7765,-790.4050,1615.7380,-453.9255,304.7218,-1108.5736,268.5429,-726.8505,92.7471,-834.0100
-727.2496,34.0752,-721.8932,161.0782,-820.0168,199.6704,-768.5117,-310.6887,-1162.4138,-221.2770,-840.3746,1611.4489,-489.3217,319.8046,-1079.1233,350.7084,-839.0766,87.2757,-904.3976
-864.3036,-59.0997,-759.6838,90.6713,-849.8100,146.7882,-803.1851,-367.0339,-1098.6219,-232.3292,-896.1520,1547.0104,-527.1232,346.5441,-1024.1145,474.4889,-935.4376,66.4598,-970.0229
-907.0294,-120.1490,-813.1281,40.1833,-904.9055,111.3670,-770.7689,-407.5039,-1039.5050,-262.5989,-921.4476,1510.6049,-584.8790,379.6292,-1006.8148,515.2905,-947.8595,14.9800,-1015.7706
-886.1891,-133.4483,-825.0086,46.3043,-942.9036,122.3385,-662.4316,-414.8612,-1010.8862,-275.8221,-902.7184,1462.0476,-637.4810,486.9355,-993.6994,482.0674,-913.7953,-22.8414,-1032.4458
-901.3566,-134.0267,-798.6064,70.1408,-939.4418,160.6786,-540.9371,-385.8061,-1045.4575,-282.1900,-860.1153,1391.4937,-638.9846,552.9282,-980.9515,491.0492,-897.5598,-11.8018,-996.6174
-936.1168,-125.6255,-783.8503,78.7064,-912.5099,183.1378,-440.2210,-309.9068,-1085.2856,-263.8001,-818.4983,1341.4075,-614.8397,419.6920,-990.2772,561.3422,-912.9395,18.6804,-918.3231
-952.9783,-100.6657,-787.6840,78.1065,-869.8956,170.8419,-359.9262,-213.5273,-1057.5057,-224.2907,-805.1319,1301.4072,-615.8338,256.5616,-975.1154,602.7513,-940.4021,27.8901,-861.3251
-958.3448,-73.7054,-794.9418,91.0918,-834.2221,159.7310,-347.3346,-158.4736,-997.8152,-191.6574,-830.4629,1249.8463,-640.5661,287.8293,-897.4243,574.7366,-954.7230,18.7565,-850.7668
-946.4999,-58.3713,-809.3721,118.4104,-852.9097,179.5488,-427.0611,-155.9897,-966.0535,-138.6146,-852.3425,1197.5271,-671.6818,384.0642,-823.0516,524.2153,-948.3752,7.4497,-857.4622
-916.3762,-51.4817,-820.8622,121.6029,-900.2048,186.7768,-517.9662,-157.8148,-955.7095,-41.9603,-824.5877,1147.4999,-695.9147,371.8176,-814.7014,496.3995,-946.8436,-2.3458,-867.2740
-897.5397,-40.1487,-805.3344,93.1238,-885.1514,150.1332,-546.7091,-140.8756,-934.6763,46.1165,-761.9203,1108.3560,-681.1559,337.9909,-824.0092,478.7910,-963.9257,4.6486,-863.5236
-896.5214,-13.7108,-768.0779,89.9003,-801.3915,130.5851,-537.1356,-128.0423,-878.7754,79.3097,-704.7640,1083.2566,-623.9558,337.5888,-783.6896,423.6488,-965.1362,41.2374,-821.2034
-883.3799,22.1666,-729.8180,126.7115,-729.7039,167.5844,-531.0381,-130.1044,-793.0028,65.2686,-666.3665,1039.5946,-577.3704,284.6740,-710.3170,319.0071,-913.4138,82.8919,-762.6915
-841.5402,55.0632,-688.7272,150.6549,-690.2806,203.3893,-536.1464,-117.4982,-718.3359,41.5264,-636.8621,992.4075,-574.2993,199.7027,-650.5427,224.4275,-818.4698,105.5343,-708.2548
-787.8718,83.2530,-639.4390,154.9676,-646.2881,203.4281,-551.7945,-49.3858,-666.6377,69.5601,-606.8605,983.2200,-592.0894,151.6629,-618.6561,206.8096,-730.4930,119.5558,-632.0922
-751.6339,101.5072,-608.8016,167.2929,-620.2179,206.2595,-569.3220,81.8412,-609.6807,157.7544,-589.2767,913.8527,-604.6127,119.8636,-611.8420,259.5103,-696.2668,127.0702,-545.2167
-740.7454,97.8613,-623.1696,165.5451,-642.6821,222.0194,-578.4702,234.7939,-547.2051,230.7458,-594.0322,648.7191,-601.8552,145.5995,-597.8928,304.1303,-703.7636,120.2018,-474.1053
-732.4454,83.7648,-642.6539,146.5958,-646.4799,227.7736,-582.3526,355.2492,-480.8166,275.8101,-566.3135,246.4150,-580.3803,295.6239,-522.5333,260.3584,-688.1688,125.1899,-370.6261
-706.8862,90.3732,-598.8215,165.4144,-568.8874,242.6935,-568.3621,426.2134,-359.8856,344.2695,-436.0981,-173.7429,-552.3200,448.1470,-403.3866,130.7347,-613.1727,156.8520,-221.1361
-657.9290,134.2723,-499.3830,225.9261,-470.1909,288.2270,-520.6692,476.2166,-154.5808,401.5620,-239.6403,-627.8719,-531.9639,453.5741,-310.6361,6.9940,-504.2298,177.8427,-122.4823
-561.0194,217.5183,-406.9805,287.6500,-415.4320,332.9264,-481.2726,547.5298,75.4894,443.8340,-73.4276,-1129.7209,-514.1339,367.1429,-221.3313,-51.0814,-394.3153,183.9669,-103.2464
-398.2510,330.3951,-331.8691,364.5933,-357.4109,348.1727,-503.3331,651.9648,232.0137,599.5112,52.9403,-1610.5225,-484.3291,312.2208,-73.1728,-92.3533,-292.5889,223.4555,-72.0890
-222.2549,429.7709,-236.8364,458.5420,-243.5936,338.6869,-557.9479,750.5579,270.0652,846.9861,197.5545,-2059.6235,-428.4360,343.3669,64.3240,-176.3476,-200.9590,279.3433,-5.3240
-96.4670,468.9811,-113.1870,497.7485,-105.7606,300.3398,-577.9144,798.6403,254.5328,970.6281,371.1125,-2492.0022,-343.5955,469.3413,100.8238,-281.4936,-115.1845,282.4551,40.7454
12.2500,462.3557,17.2926,466.8428,15.5005,233.8784,-549.2450,805.2592,282.1302,949.9872,535.0405,-2817.8184,-262.5088,599.8800,107.1072,-354.7502,-21.2261,252.3412,68.7441
156.6283,459.7568,135.0277,446.9636,113.4398,178.6200,-500.4604,809.5235,340.0952,947.2167,661.7581,-2942.7803,-226.4462,601.4727,171.4096,-376.3268,89.7058,260.1764,115.9430
284.6982,464.8280,228.9382,462.2674,183.8056,156.9689,-450.6153,823.8983,384.3416,955.8881,747.7137,-2915.8491,-227.9339,495.4330,256.2226,-362.5996,202.1555,283.5078,188.7644
332.8487,442.0273,297.8323,445.3002,229.9029,131.1683,-397.4342,841.9870,480.5223,902.6617,798.6537,-2874.6082,-231.1687,389.8452,337.7591,-344.0533,275.0349,250.9509,287.1270
344.4939,387.1805,336.1285,372.5392,258.4333,72.3406,-334.6735,852.3702,650.2808,855.7189,827.0098,-2882.8093,-221.8681,288.8057,444.7746,-329.5029,292.1623,173.8338,383.7751
375.1792,334.0215,339.0211,300.1899,267.1353,13.4949,-267.6595,819.8839,766.2844,825.3973,861.2721,-2852.9470,-194.2219,175.2570,533.0598,-310.8567,302.7313,118.0770,422.2789
417.4934,307.0648,347.7991,267.4819,285.8189,-4.7846,-194.4387,729.0913,797.2079,714.8658,923.9188,-2684.9712,-142.1289,104.6112,566.5527,-306.5278,352.7827,107.1339,420.5127
482.6033,301.6931,410.3822,258.7501,359.9515,15.4299,-87.9366,642.2524,859.2775,567.9471,984.4482,-2452.4048,-75.7221,95.7164,615.6064,-322.5807,420.1915,121.2684,471.0253
581.3524,295.6852,496.6542,257.8257,469.9668,48.7790,58.4369,621.2294,942.5312,508.9982,994.5099,-2292.9653,5.2978,108.5618,691.5561,-308.6700,477.5131,141.7040,600.3171
653.2461,277.8711,560.7194,273.6292,571.5687,75.1025,208.7515,630.0958,951.9263,517.8843,974.1363,-2186.3220,120.4071,121.3583,711.1130,-256.1728,544.2224,165.3793,739.2594
687.0159,272.6712,625.0896,304.6492,674.8447,95.3544,344.9172,603.4597,944.9877,500.5331,978.1272,-2036.8472,258.4885,117.7648,700.8945,-237.6710,639.3363,200.9592,826.5649
766.2982,302.0963,708.3287,328.4329,784.3072,128.6895,467.7972,539.5203,991.0695,418.3607,1010.2260,-1848.7520,387.9535,95.6884,749.2483,-264.1976,756.9319,247.4129,867.2802
876.7312,330.5602,784.7612,331.4830,871.6937,168.2425,551.4658,464.4573,1016.4685,298.7688,1052.2827,-1671.6597,511.5045,100.0640,813.3494,-261.9530,872.8970,278.4991,909.1860
913.8156,311.6806,854.5499,307.4413,955.4139,170.5403,605.5518,398.2024,998.3852,238.7113,1098.1443,-1525.0201,632.8119,145.9470,841.0373,-220.0139,937.3155,274.5820,976.4572
915.0691,261.8689,924.9708,250.0674,1062.0109,126.5309,698.2300,372.0634,1015.2025,276.4939,1126.1001,-1417.3053,722.1135,189.0791,894.3591,-188.8272,940.0657,252.6663,1036.2118
998.1770,213.3240,972.9274,184.7802,1147.7311,79.4518,823.3934,386.8307,1072.4128,282.2325,1142.1731,-1328.7786,778.7960,205.9710,976.5859,-173.7011,959.0239,231.9046,1066.2235
1130.1490,155.5611,1015.3683,146.3328,1183.3184,47.5091,901.1786,388.7921,1145.6450,180.6818,1195.4398,-1233.5791,834.9615,192.2620,1014.3668,-164.7875,1036.1180,199.5568,1103.0846
1209.2345,91.1583,1080.8225,115.7939,1201.2686,16.2594,945.2545,356.2835,1262.0073,94.2100,1262.1978,-1151.0322,873.7845,140.7473,1050.5471,-177.7053,1109.3932,149.1602,1166.9923
1235.3473,57.6066,1117.1781,67.5984,1202.4796,-1.9926,1015.4499,325.0466,1373.8879,90.9317,1255.7860,-1081.5840,858.9302,85.6263,1147.0463,-204.4082,1148.1490,112.7030,1212.3812
1242.1837,53.7405,1097.3854,36.8549,1167.4810,6.1487,1050.7805,297.1791,1374.5507,86.6527,1189.7178,-985.4228,823.7944,53.4736,1199.7494,-226.4766,1190.9902,111.8317,1199.4237
1228.2253,45.5553,1092.6100,43.3918,1133.9696,14.4796,990.2951,240.1939,1274.3605,53.3917,1152.6067,-872.7081,826.3652,10.2225,1129.7600,-252.2053,1224.5120,119.4242,1149.8596
1196.1875,34.7274,1112.7548,40.6593,1132.6936,4.3766,936.3653,170.3482,1162.0652,30.9662,1152.5221,-771.9807,869.1572,-39.4182,1047.6826,-276.0688,1197.1102,103.6049,1110.0042
1146.8741,32.8469,1086.8323,12.3842,1140.0184,-14.7114,984.8036,129.5231,1078.7216,13.1556,1142.2157,-665.0477,931.9739,-47.2806,1029.9823,-280.9834,1122.8579,65.7887,1093.6349
1084.2881,24.6410,1029.4741,-1.6827,1149.3501,-40.5647,1066.8696,115.0551,1037.3846,6.5031,1105.6316,-562.1899,1003.2681,-49.0919,1003.4730,-283.9066,1046.3347,22.8826,1069.0945
1033.3386,7.0542,990.4684,-0.6359,1158.9962,-69.1526,1095.5089,99.7344,1029.4497,26.1461,1033.5007,-490.5235,1047.2255,-103.1512,948.3580,-301.7802,976.1738,-6.9759,1011.7940
976.3828,-15.8123,931.0483,-26.3553,1121.3713,-94.0554,1074.1335,68.4043,1010.5670,15.0758,927.6019,-408.9749,1025.7052,-171.6461,936.0486,-318.4997,904.6677,-16.4907,945.2578
875.7032,-64.1129,837.2397,-93.2794,1020.8419,-138.9133,1011.3344,19.3280,964.0481,-49.0090,825.1212,-309.2490,953.8320,-214.3186,949.4353,-311.2243,823.5775,-32.4775,881.8237
790.9372,-128.3696,766.7586,-177.8213,910.4462,-208.4087,907.3931,-21.6989,895.0126,-93.1250,736.5234,-262.4672,867.5389,-244.2638,903.0073,-260.0960,738.7589,-79.2346,793.5078
794.8721,-158.2566,710.8264,-231.9762,814.8749,-246.1074,803.6611,-23.2755,785.7969,-100.3379,635.8884,-256.8750,766.5315,-249.6535,802.7255,-184.8466,685.7441,-123.2540,695.7161
818.9784,-152.9473,635.0594,-218.5365,713.5840,-226.9057,717.2968,-13.1933,666.3818,-126.4509,535.1522,-208.2773,642.8831,-231.7128,713.8865,-172.5059,677.4844,-126.9572,638.2487
771.8997,-148.5304,588.4047,-170.5546,616.3198,-196.1526,612.5423,-48.7697,609.3802,-168.6422,467.6829,-113.8274,523.6895,-230.2834,641.2382,-248.1242,678.9740,-114.5487,593.4300
686.2381,-132.1503,582.6514,-149.5342,545.2274,-177.6627,499.2028,-114.9555,589.2527,-185.4127,427.9575,-7.7320,434.4091,-219.5502,558.9353,-293.3078,660.5777,-114.8757,502.6446
614.0626,-100.4506,535.8868,-157.9696,476.3528,-171.4836,426.7236,-142.5810,514.8669,-175.7100,398.1761,90.2584,362.1866,-171.6143,483.6727,-233.8246,601.0012,-124.5846,392.8852
539.3387,-117.4082,431.0045,-181.1393,380.1461,-205.7945,374.6324,-130.0966,383.8905,-172.5622,368.8463,124.7675,301.2719,-174.2004,432.3037,-162.6345,477.3358,-160.7341,302.5445
442.7277,-189.9092,328.6701,-229.8884,282.7395,-265.4315,298.0153,-154.4383,252.3102,-221.0102,305.5720,102.7622,278.2856,-261.2621,370.0971,-168.7761,325.2314,-223.3184,204.2362
323.5718,-222.3543,241.3632,-270.2402,232.7266,-274.8174,239.0286,-238.5018,145.1267,-303.1945,171.8470,122.4088,287.0481,-318.1749,273.2491,-215.7456,211.7266,-229.5989,108.7882
184.9136,-185.1577,162.7110,-249.5716,226.5567,-230.2446,241.1080,-293.0977,76.6923,-308.3544,-4.0740,167.7191,274.5165,-313.2311,185.2384,-237.5298,128.8662,-138.8510,74.0235
60.1845,-158.8459,113.0725,-206.4932,211.9643,-203.5277,231.9258,-253.7862,36.6536,-224.5433,-133.8607,151.3372,226.7159,-330.8182,135.8294,-224.5335,45.5094,-60.7023,65.1093
-0.8351,-163.4723,69.1326,-201.3271,159.4799,-209.0675,136.5452,-199.7282,-34.0976,-210.6740,-162.6998,150.9070,170.7717,-349.2086,68.3952,-220.3115,2.5433,-87.7891,-7.3116
12.4559,-130.0620,-6.9176,-201.2259,73.1631,-210.9251,-2.0607,-231.8461,-161.0648,-316.9447,-144.2131,257.3289,88.1047,-306.1436,-70.3899,-271.0980,26.1235,-150.8070,-134.3837
55.3350,-57.0037,-87.6450,-166.8665,-48.8141,-201.4397,-126.4299,-307.2069,-301.2252,-392.2581,-173.5310,352.9352,-49.2621,-273.6766,-243.4761,-347.6669,58.2398,-161.5007,-245.4655
60.2970,-21.2308,-147.8715,-136.6468,-185.9010,-179.2301,-244.0509,-325.9675,-418.0206,-373.5446,-261.1950,324.7050,-193.0866,-310.7352,-398.2840,-374.8696,46.6965,-140.2180,-319.4269
7.3049,-42.8837,-205.4368,-142.6493,-281.6587,-144.3611,-339.2430,-299.7477,-505.1984,-364.9156,-350.9998,237.6204,-294.8335,-348.9556,-531.8688,-351.6523,-7.5552,-122.9961,-369.2200
-56.9589,-76.7872,-245.8447,-162.2402,-328.1021,-128.4246,-373.6746,-297.3189,-562.5421,-411.2483,-413.3263,169.3328,-379.7227,-355.0497,-627.6521,-330.6255,-86.7908,-98.7627,-409.2605
-116.7006,-102.0470,-247.1335,-170.5347,-367.7278,-137.4666,-386.2315,-312.9443,-600.9945,-449.2211,-442.1565,139.2044,-453.7831,-368.1354,-649.6619,-318.5938,-168.0403,-71.7996,-454.7809
-209.6631,-121.7485,-251.8329,-160.2870,-385.9659,-129.5719,-422.8896,-305.3556,-626.0916,-429.0099,-445.9677,165.7042,-469.8940,-378.4049,-630.5253,-303.2499,-243.5973,-63.0702,-484.0067
-314.6480,-131.6033,-291.8037,-141.7938,-341.0298,-105.7495,-425.3778,-287.3479,-627.5227,-354.6136,-474.8369,216.5017,-429.8725,-367.6571,-635.2204,-294.3636,-328.7976,-63.0875,-466.8646
-373.9639,-140.9051,-334.1021,-141.7201,-280.5315,-108.6262,-352.3863,-298.5641,-617.7164,-299.5337,-549.4963,235.0413,-382.9216,-370.0464,-649.7560,-290.9885,-406.9481,-63.9960,-449.2108
-406.4438,-157.0695,-370.0228,-158.7215,-280.8315,-127.5823,-293.1859,-340.4478,-625.3352,-362.2583,-606.1635,244.7849,-343.5793,-382.4881,-635.8008,-291.2330,-442.0041,-87.9137,-482.6313
-438.9133,-156.7543,-421.4840,-166.8687,-329.9253,-131.8978,-326.1831,-372.3907,-655.1110,-507.5047,-608.7259,279.8271,-322.5371,-360.3028,-633.1135,-300.8625,-454.9622,-138.8457,-520.8248
-435.8971,-139.6961,-457.4988,-178.7069,-380.8963,-146.3502,-407.4039,-357.5205,-694.0189,-580.9114,-603.8356,313.4405,-356.6186,-316.1526,-677.3247,-297.0311,-478.4469,-186.6940,-524.3245
-408.5629,-148.1494,-446.3032,-214.5535,-433.6857,-186.1404,-474.0179,-308.0463,-714.2515,-533.6808,-616.3865,336.7197,-435.9293,-291.8466,-714.1658,-269.9488,-488.1542,-211.6143,-547.2940
-423.7878,-182.6604,-432.2924,-239.3811,-499.3670,-207.3238,-520.5005,-269.9245,-694.0129,-453.7924,-627.6998,356.3042,-503.2884,-286.3238,-705.7629,-258.8456,-471.6371,-216.1180,-605.7576
-470.8186,-195.7569,-453.3106,-221.5227,-559.1049,-189.3312,-554.9202,-266.2554,-681.0822,-390.0716,-637.0527,342.0421,-543.0241,-284.8885,-693.6550,-266.7287,-457.3323,-204.9612,-631.8000
-485.0418,-178.3391,-475.6785,-182.1926,-590.7311,-160.3450,-582.5010,-290.5400,-729.8101,-328.1663,-641.3900,303.4797,-585.5213,-278.1009,-688.7874,-251.5379,-438.9845,-180.3960,-620.7125
-457.6447,-149.7619,-470.5379,-137.1316,-599.2978,-124.0512,-610.4053,-332.3421,-775.6444,-284.2277,-622.8547,305.4096,-643.0657,-248.2240,-651.8541,-222.9577,-396.4358,-138.2592,-628.4087
-419.0656,-109.7740,-450.8650,-88.4930,-597.3522,-72.8266,-624.8174,-370.8408,-746.5402,-280.1923,-585.7317,351.1646,-681.2985,-206.8444,-596.3718,-212.1318,-365.4244,-74.3772,-638.2860
-405.9301,-78.3555,-421.9008,-67.0387,-569.2803,-46.1680,-610.7717,-383.3886,-713.8497,-292.8230,-539.3322,382.3829,-643.1847,-192.0588,-559.1978,-200.3789,-378.8525,-17.4411,-616.8531
-447.1818,-88.0015,-389.2937,-85.9423,-506.3659,-69.4954,-582.9355,-376.3592,-732.3197,-300.2399,-490.5126,371.6393,-525.9378,-198.7648,-516.6218,-171.5995,-404.9964,-16.7389,-609.2862
-502.2915,-112.9640,-383.0780,-110.9010,-458.0589,-98.2007,-554.1055,-362.1256,-717.3529,-306.5841,-468.1236,320.9065,-414.5175,-197.7721,-453.1579,-133.1711,-416.8488,-70.8494,-638.4399
-495.7303,-117.4163,-406.6706,-131.0008,-455.0341,-106.1124,-519.2333,-328.0282,-650.3351,-297.2565,-471.3255,243.9540,-367.9602,-199.8571,-407.2113,-79.8301,-441.4296,-120.9221,-642.1627
-441.5418,-128.5254,-422.9319,-165.7000,-433.0296,-129.3549,-480.0268,-266.8183,-632.1751,-239.8566,-454.3199,186.0825,-337.4708,-212.4200,-375.7130,-24.3620,-496.3483,-133.5583,-579.9614
-422.2165,-169.8584,-414.2438,-203.0369,-351.5975,-172.6913,-435.2177,-192.8495,-639.7841,-140.7816,-421.1774,180.3822,-279.2903,-208.6842,-317.2949,13.2471,-545.1161,-137.8392,-471.4376
-457.5529,-214.8040,-392.3529,-226.2314,-279.5806,-198.8703,-371.1439,-120.0979,-544.6459,-50.6093,-408.6593,198.8442,-233.9144,-200.6742,-256.5765,53.1717,-545.1563,-167.4759,-342.0360
-476.2213,-243.5108,-362.8303,-246.0508,-257.0529,-212.8266,-289.8657,-70.2262,-378.2263,-5.8632,-392.5611,202.4708,-226.1400,-224.3901,-238.4528,86.3531,-501.4872,-203.8566,-231.6760
-407.8297,-247.5763,-326.6361,-245.3456,-233.4207,-223.6884,-207.2243,-67.0093,-274.1679,-2.8062,-354.1880,203.0763,-220.2307,-238.2776,-233.9832,68.1550,-439.7554,-195.5512,-178.8984
-280.5619,-213.3621,-284.2220,-192.8075,-194.0565,-187.0491,-128.6970,-91.0648,-222.6687,-30.0704,-330.2917,232.8465,-201.1056,-185.3477,-200.9697,42.1178,-356.3760,-130.3803,-149.2251
-186.4659,-165.5196,-225.1631,-127.5457,-170.1560,-105.8902,-61.2798,-103.1408,-146.4596,-83.4272,-302.8583,274.9371,-183.1381,-122.6768,-148.3858,67.3178,-246.1821,-62.1234,-87.8807
-129.0116,-137.2280,-152.0838,-108.1181,-139.6192,-64.1751,-17.6077,-110.7711,-87.3397,-143.4958,-209.3532,278.0633,-153.2866,-133.3743,-93.7578,69.1745,-134.6850,-40.1020,-22.2230
-29.9405,-103.7046,-87.7765,-110.9486,-69.8346,-80.9965,2.4419,-145.1955,-104.3619,-184.1527,-73.1258,243.3038,-86.0745,-184.8970,-40.8383,-10.7887,-33.7468,-50.2029,-4.8372
94.2849,-53.9398,-35.2056,-92.9088,5.7235,-91.6824,8.0608,-203.9904,-132.3545,-203.8167,37.1953,220.6279,16.6612,-207.2786,14.6206,-80.6501,61.2875,-60.5241,-13.5760
155.2736,-42.4469,11.6048,-77.7613,50.4119,-82.6735,30.4811,-255.0010,-85.1938,-205.8881,104.0724,214.1020,133.0030,-206.5882,97.8443,-74.9170,114.0345,-64.4791,14.6758
151.6745,-80.8046,36.7179,-91.6573,87.5763,-83.5838,125.7932,-258.7179,29.7148,-170.2133,128.1523,189.8522,234.8558,-210.0517,219.8711,-38.1558,96.7485,-55.8077,96.7785
128.3331,-109.5238,47.7180,-109.1962,154.7382,-83.9386,279.9248,-207.0745,163.6377,-101.6587,128.1304,159.3010,300.9095,-204.1506,345.2348,-1.8405,77.0706,-40.0077,185.0920
108.2980,-109.9868,83.5355,-113.5228,238.6702,-75.9340,377.1042,-163.2097,273.5828,-65.4318,167.5268,152.3169,339.2271,-170.1618,441.8199,18.1786,130.2696,-58.0372,229.3662
138.5700,-111.2982,137.4691,-118.2880,281.7175,-80.8100,366.9259,-180.4227,317.9540,-96.4003,260.9761,157.6787,376.6637,-117.3791,501.1700,1.9734,221.3430,-116.1183,247.6115
215.6260,-121.0815,173.1794,-126.2423,270.4816,-95.3999,347.8307,-197.4944,315.6097,-120.1901,342.2939,151.9945,418.6974,-88.4107,515.9807,-4.0118,276.5091,-151.6323,295.8284
248.4740,-144.5544,207.0631,-139.4456,273.4966,-114.5479,397.5541,-140.2738,359.7438,-50.5807,379.6866,120.2203,440.3967,-125.9583,512.9720,32.6406,286.0490,-138.9400,379.9636
253.7789,-186.4077,260.5881,-169.6608,321.4220,-153.9649,471.7860,-62.0190,488.7381,79.1098,392.6490,61.9628,424.5125,-189.6467,535.7951,43.8493,286.2116,-130.4096,471.2313
339.8095,-201.9797,294.6257,-192.2361,343.7078,-184.4169,524.8954,-48.0167,632.0889,161.7626,381.0589,29.6364,392.4998,-185.9027,561.8454,5.8253,318.7651,-148.6017,556.5698
439.8766,-158.5592,289.7509,-167.7145,306.5114,-160.6774,571.7506,-82.7016,730.0408,158.5037,352.8955,67.2277,374.4995,-128.0815,556.3619,-18.4490,391.1041,-153.1573,602.7514
414.2180,-116.6781,285.4706,-126.2599,277.0616,-120.2098,615.3739,-109.3608,796.4368,133.4490,345.1865,111.7680,371.4070,-120.0901,557.8824,-22.7279,442.1945,-126.4734,581.4700
339.0771,-135.8849,296.0320,-127.5733,298.7759,-118.3620,639.9958,-110.6803,846.5001,147.2946,363.9820,96.6117,385.9214,-161.4688,579.0844,-24.4394,430.9213,-91.5696,551.2975
358.8987,-163.2744,311.1061,-146.4320,347.3488,-124.9260,650.8644,-100.3160,860.7697,146.7733,394.5412,78.8005,444.8021,-156.6850,561.6256,-1.5469,431.2043,-63.9377,565.0891
445.9647,-122.7955,351.4777,-116.2164,408.8615,-96.6578,653.9949,-113.8071,828.2115,38.9267,450.5577,117.6191,545.7199,-100.4686,519.5646,3.2362,505.4579,-51.5958,563.6417
512.1064,-48.2543,415.6313,-60.4429,480.9149,-59.5685,651.2380,-156.2868,779.4700,-101.7883,529.8979,160.8652,644.9907,-68.9541,532.3676,-44.1835,569.5017,-66.6456,518.9891
529.7166,-24.3724,452.0565,-56.0730,536.3767,-51.6729,669.7563,-150.8290,769.9382,-81.7939,583.8954,162.4044,710.2975,-75.6826,586.5659,-35.1342,545.3416,-102.1871,524.5393
507.6214,-51.2225,448.0925,-96.1010,550.1818,-65.0172,722.7302,-62.6050,808.4793,83.5455,583.7487,154.5748,715.6649,-79.4176,619.4300,57.2327,511.2278,-127.3042,604.2654
496.0764,-71.1113,441.8175,-107.6652,520.7040,-68.7316,751.1448,5.3464,831.2234,166.3364,553.9709,156.8131,641.4921,-67.6140,638.9077,70.6589,540.5703,-121.2714,646.1937
518.6356,-77.7793,440.2414,-79.0134,470.0970,-53.4698,693.6196,-4.6386,807.9723,123.0413,527.1345,155.0115,546.9751,-48.1729,660.1534,0.0604,562.2975,-100.2998,609.8283
513.0665,-91.5643,430.8330,-65.6862,437.7789,-48.6734,602.0720,1.1859,787.6096,128.6036,515.3217,155.0177,519.9987,-27.5563,658.2863,33.2602,514.1025,-94.3979,575.4340
477.1785,-92.6154,429.1829,-90.4896,432.2946,-76.8012,581.7030,55.8978,778.1080,192.2144,520.4733,156.2726,533.3114,-25.2572,640.0230,148.3026,457.2717,-100.9248,576.2844
478.9226,-77.3079,436.5732,-119.1049,418.1523,-105.0561,624.1471,65.2501,736.9564,169.5835,531.1702,132.6978,514.6170,-52.0160,635.3067,163.7209,444.3801,-96.0101,575.2417
456.8791,-84.6199,424.0312,-123.2106,384.0485,-97.2459,633.9573,29.3149,694.8617,104.8445,512.2098,95.9739,496.7300,-81.0923,641.0549,116.0217,436.1536,-82.9757,566.7845
338.0144,-103.0588,392.8964,-107.4832,367.6328,-71.1707,606.8914,41.4648,695.4670,133.3707,447.3857,94.3045,525.0327,-86.9276,639.8372,134.8068,399.3186,-71.6471,565.9688
264.0912,-82.7535,376.4250,-82.9757,398.4847,-53.2519,606.1830,75.0299,674.3058,183.5224,387.8415,118.4367,551.1476,-88.7877,613.1906,156.6046,352.6721,-41.0684,550.1270
340.9268,-46.9954,377.7010,-57.5616,450.1880,-41.6822,602.1224,52.4842,586.3813,132.5062,381.8904,102.5964,543.5123,-108.6928,555.0493,101.7934,313.8008,10.9084,495.9478
410.7074,-47.7413,363.1870,-43.4835,451.3083,-31.1955,545.6566,29.8273,514.1595,56.5342,379.2686,40.9296,529.1911,-117.7295,509.0552,55.9255,287.7549,42.1524,432.7541
353.4801,-65.6449,318.2048,-41.7291,374.0121,-13.4463,503.6504,76.8113,506.0714,74.6127,311.9868,5.0135,497.8772,-86.3996,496.6418,83.4770,275.4501,39.1596,401.3194
271.7212,-69.5698,272.5141,-32.3721,296.0295,19.2105,513.4642,132.0410,489.7758,149.8022,218.3449,28.2468,437.7329,-44.3889,449.3287,129.0598,258.5369,34.9472,381.9766
237.2963,-69.6601,256.0765,-6.9830,279.1151,45.6815,477.8911,133.8904,417.0179,181.0080,164.2521,76.1082,388.5912,-15.6959,347.4311,157.5429,217.2701,41.6174,323.1673
203.6117,-56.6924,249.0643,13.6325,258.5194,49.8944,367.4024,115.5144,330.9661,143.2743,126.4884,132.5032,340.8101,29.9307,287.6697,182.4790,160.0944,41.6470,234.2395
171.8265,-14.7165,211.1221,16.6881,182.0970,52.9805,288.2499,103.1613,278.5966,95.6591,63.2467,200.1487,242.6406,84.2875,288.7195,190.5881,110.6579,26.8556,168.9903
168.5610,19.4655,145.4259,15.0222,105.1296,59.5701,265.2320,82.4735,246.3391,99.4729,-2.0253,239.3208,136.3435,81.7610,240.6310,171.7524,81.5698,4.3169,129.8574
149.0285,18.0242,80.2451,14.8796,47.8281,52.2592,219.5741,60.8404,181.0567,122.0651,-37.6590,227.1481,92.3552,35.1462,119.4798,151.9387,57.4916,-2.2381,87.5154
86.1556,16.8657,19.1008,15.4294,-26.9586,51.8773,148.4355,53.3406,77.1083,78.5477,-60.2127,221.3722,69.5143,28.9431,17.1028,134.4644,5.3375,29.8090,48.3702
22.3650,41.0762,-33.3375,31.9763,-88.5982,79.4130,90.4016,53.8831,7.1273,-15.5900,-108.2245,257.0813,8.1818,57.1086,-44.8687,94.9496,-70.0885,74.9356,13.0606
-37.7294,60.6350,-57.3985,63.9966,-107.4101,98.9555,19.6702,62.8347,1.9323,-56.3109,-194.4922,268.5575,-60.8382,48.9912,-116.0144,54.0279,-128.1181,88.5869,-45.1562
-142.8092,53.7293,-70.9656,79.8735,-139.5465,89.1555,-66.4161,83.1534,-2.0031,-14.1013,-285.1472,210.2448,-104.8426,23.3429,-188.3278,56.9798,-175.5375,78.9009,-118.3076
-262.0453,51.8182,-116.6158,85.3749,-195.8161,91.6755,-118.6937,98.1623,-37.6970,42.7467,-341.6157,158.5734,-147.5085,44.9757,-228.7432,77.9933,-239.7709,76.9696,-183.2926
-287.7836,91.9772,-184.0815,123.9459,-222.0189,132.6460,-155.3309,95.2025,-94.5627,61.4377,-370.8527,196.0476,-204.3884,99.2851,-258.8327,59.2745,-280.7057,82.6240,-253.9743
-233.7916,141.6981,-225.2328,172.4187,-242.9884,177.0632,-237.6605,81.6532,-212.8039,44.5085,-389.0893,270.6888,-264.2937,135.1283,-304.4211,33.7348,-274.0706,92.6545,-323.4874
-245.3137,133.5220,-235.1446,164.6220,-306.0336,183.9854,-345.6837,72.2153,-393.1717,10.6381,-390.6361,280.5273,-314.6404,147.6183,-349.1296,68.1711,-282.9913,111.4695,-354.2266
-332.9257,93.1793,-250.2261,128.1328,-362.5745,161.8291,-418.1569,80.5956,-530.6058,-25.4686,-397.0465,245.5863,-344.9958,155.0847,-390.0103,118.0177,-321.5368,126.1946,-372.2150
-349.4915,112.6444,-289.4138,140.0971,-374.7229,156.9122,-457.8918,98.7384,-586.2908,-44.9427,-438.5395,255.2149,-363.4138,163.8813,-460.4417,101.1215,-325.3966,132.0056,-425.8751
-291.8245,173.0077,-339.7654,175.3692,-391.4652,179.4904,-502.9030,97.7238,-618.1519,-27.7414,-480.3951,284.8192,-391.5212,166.2188,-556.9344,53.7320,-309.3094,136.5951,-476.7110
-303.9931,173.2068,-380.5854,163.6708,-448.7926,177.2585,-555.7230,80.7397,-616.3883,11.1611,-482.8974,252.8272,-428.9343,148.6852,-619.0165,53.8963,-329.2460,118.9289,-484.4428
-377.1843,129.4943,-410.7765,130.8259,-525.8824,133.8575,-599.8018,77.7349,-565.3649,16.9720,-478.3404,214.8106,-467.5394,127.5764,-626.1290,83.4944,-344.2422,69.6615,-502.5916
-390.8741,140.3899,-444.6041,136.1472,-576.0195,110.9767,-642.6215,73.7199,-559.6618,-29.5020,-497.9049,278.5660,-508.0768,142.3129,-630.8187,89.8522,-325.0099,43.3928,-570.3096
-367.9647,205.5212,-473.1438,164.9838,-555.5202,134.2608,-690.0928,34.6272,-629.3104,-81.3532,-525.7773,394.1713,-526.7802,179.7765,-654.8919,70.9834,-334.7849,74.7439,-641.5437
-393.0890,256.3105,-475.2560,185.1262,-492.0917,159.4984,-703.9911,-13.9423,-660.9549,-100.0684,-557.9751,442.0809,-503.5221,185.1662,-661.1451,41.2691,-377.1882,109.0931,-677.7383
-445.9834,268.4862,-470.2721,198.3165,-467.7456,169.2570,-664.6669,-31.2549,-624.4844,-90.8641,-594.5577,423.7419,-481.2114,167.2073,-653.4661,22.7032,-390.9482,92.9994,-686.8038
-490.7606,240.6158,-488.0504,192.7867,-487.9783,172.3441,-641.3820,-29.8775,-613.4293,-74.9624,-605.0640,398.2074,-497.8677,185.8938,-670.9568,52.3864,-396.4154,55.8832,-680.6982
-529.0340,178.9776,-505.4509,153.7684,-498.5788,154.2217,-686.8659,-28.8302,-644.0256,-79.8113,-584.9447,366.4561,-516.3098,236.2922,-689.1729,115.6907,-434.1537,47.6009,-678.6471
-537.3032,123.2724,-495.1872,110.9955,-505.1973,122.1429,-734.7566,-17.8561,-656.1652,-95.9145,-575.1816,323.6198,-512.2902,256.4985,-664.7307,150.7275,-464.6034,52.1092,-689.2288
-515.5057,96.5666,-486.7531,93.4158,-530.5530,102.7639,-718.8304,5.2864,-642.1866,-59.0739,-593.4121,294.5833,-525.3862,236.8292,-624.3426,153.5734,-461.8943,19.5596,-665.5259
-512.6783,79.8808,-500.8675,87.4076,-551.0737,83.3317,-668.9041,35.7818,-622.3627,22.4208,-613.6910,280.4742,-561.7969,222.3217,-601.3536,163.6125,-453.0814,-30.4123,-569.2069
-526.1795,69.5530,-505.8752,83.8730,-558.0009,65.2324,-605.7609,74.9048,-597.7504,38.8097,-600.7578,265.2152,-572.2106,226.8568,-581.2141,164.1167,-437.6364,-20.4395,-444.7430
-504.7084,75.8549,-486.7001,92.5465,-551.0898,86.6768,-509.1110,98.6545,-568.3277,-18.2347,-540.7592,252.9127,-545.9814,220.8787,-562.5660,121.4672,-402.9772,48.1220,-350.8006
-442.9906,86.0482,-459.3126,101.8257,-498.6475,117.3029,-413.1852,79.6440,-511.0966,-36.1730,-467.3427,243.9443,-517.3672,188.1028,-554.5096,67.6236,-363.2593,89.6125,-291.7286
-376.4535,91.8103,-420.8382,97.1835,-413.6710,95.8900,-365.6230,46.0289,-393.6137,-11.9055,-422.2257,220.2397,-495.2408,145.9590,-527.1582,47.9263,-323.8065,84.9667,-261.9748
-343.9180,95.1566,-373.9922,94.7844,-359.1305,69.9828,-341.1277,43.2154,-256.1009,-23.2118,-391.6263,177.6263,-464.5347,120.9558,-469.0253,58.2450,-289.2760,87.2922,-268.9382
-367.6977,83.5010,-351.1869,104.4407,-338.4099,106.5499,-307.9096,68.9103,-178.4533,-19.8958,-356.1004,137.4979,-421.8181,123.8993,-415.9225,78.7273,-278.0352,99.8151,-292.4295
-408.0144,63.7643,-354.0460,107.3782,-311.1930,151.7885,-270.1566,99.7035,-165.3077,67.5027,-343.3363,119.6318,-369.4554,138.8759,-367.0625,96.9268,-288.2706,103.1151,-297.0434
-403.4532,65.6642,-344.8472,97.7670,-271.1241,139.5577,-222.2835,125.8630,-167.3416,152.6808,-352.4927,119.3387,-308.3620,142.1088,-297.5885,97.6610,-314.3281,119.3230,-275.7902
-366.0338,74.1408,-318.3114,88.9425,-216.2522,99.2496,-174.5856,144.3412,-173.2012,156.3599,-333.3429,116.1042,-244.1951,136.9792,-238.0346,86.9268,-347.8644,143.4048,-230.8938
-338.4521,50.3035,-294.2842,76.8254,-146.2170,72.9996,-153.2496,167.0115,-189.3356,140.9112,-283.6649,96.9616,-186.4232,135.7357,-201.7037,93.6479,-332.3673,145.8783,-152.4808
-306.1755,13.1322,-257.8890,54.8941,-99.6738,67.3581,-120.4795,204.9846,-183.7765,162.3322,-243.0086,61.7822,-148.5785,117.1723,-130.3130,117.8966,-241.5396,152.6394,-55.2616
-232.5127,4.9048,-187.2920,45.1366,-88.7501,82.6871,-38.9562,224.1966,-129.1483,198.0974,-204.7135,18.9107,-135.7242,67.1423,-31.1653,127.0093,-155.8301,175.4014,11.6654
-127.1093,19.2588,-102.0961,62.5366,-68.6636,99.0669,19.0777,186.5484,-64.1693,217.7023,-144.3362,-11.9344,-122.7844,29.3344,0.1836,107.5550,-123.5673,168.8507,26.9991
-47.0803,37.8934,-35.2097,87.9523,-25.1516,100.3658,3.2620,122.7278,-46.7703,172.6241,-80.0322,-12.6757,-78.5075,37.0725,-32.5456,73.1689,-80.4456,161.5784,34.1637
-29.9959,72.4631,11.6674,113.8699,27.4945,117.7473,2.4075,83.2167,-71.0260,36.9525,-39.2925,13.4913,-12.4381,52.5335,-27.2721,34.9739,6.3935,226.4621,79.9833
-16.5722,119.0675,66.5637,156.5851,111.1748,160.2322,73.3310,63.0100,-84.0568,-88.2868,-14.9212,49.9266,44.8737,44.6272,23.8720,-1.0229,96.0705,298.7040,147.2454
77.5971,138.2143,144.5584,197.5410,230.7078,177.5592,139.8313,43.1463,-57.2626,-102.7421,36.7007,76.2136,98.9492,40.9248,62.8966,-23.9112,173.1456,268.7060,193.4909
209.5782,118.0671,214.4990,189.2172,330.9511,157.5928,164.9320,37.0995,2.2105,-75.2549,153.9987,76.0337,176.8935,56.2272,113.4072,-21.2155,240.5345,180.7727,222.9821
287.5443,97.1289,244.7858,133.9748,377.5303,140.4483,214.1429,49.4124,79.2496,-83.7218,300.9322,64.1503,269.9857,69.3262,206.4819,10.8157,296.3915,123.1235,262.7481
339.9618,86.6038,269.9700,79.0523,396.0911,123.6952,300.1562,56.8131,154.9943,-69.4192,398.6778,64.7688,343.9747,77.2160,287.8436,52.8883,357.4598,79.1774,299.7873
419.1328,46.5593,340.3721,43.8656,419.7210,79.7812,352.0251,51.2028,205.7059,-20.1913,442.5713,57.7202,393.5246,83.7434,320.4331,72.3565,403.7570,29.3513,308.3131
482.8443,-11.0623,430.1394,24.7107,457.7840,31.9480,349.4650,52.7501,222.9904,-27.6360,480.5818,28.1857,438.4280,70.9432,331.2426,68.5622,389.8486,9.8429,305.2650
504.5753,-13.5386,479.3916,26.9047,488.8000,16.0547,344.6969,76.7211,232.0245,-65.2035,504.8729,23.7661,475.2925,42.0240,337.8467,76.6550,357.3630,16.7596,313.8822
510.7972,25.3482,478.0503,33.5520,471.9008,22.6961,359.8521,108.5909,267.0201,-23.2878,491.6425,60.4947,476.6475,32.0916,358.8941,106.0342,368.4520,8.7752,318.9306
496.4548,15.8516,446.1717,12.3643,407.0088,22.1381,365.8001,113.1774,308.0854,45.6424,469.5069,78.9764,435.4926,51.1283,411.9422,125.2983,383.2790,-18.3362,307.3780
464.4562,-28.8510,405.8817,-20.8139,353.6858,-0.6525,348.3328,74.4105,290.7859,30.7608,452.8057,70.8677,382.1620,74.0343,432.8539,118.4303,360.9525,-46.0203,292.9257
441.8409,-32.0766,387.5605,-32.1417,355.6255,-35.8506,325.5465,18.1628,221.7550,-13.2636,422.8195,83.4980,360.3647,76.4531,364.9848,98.5006,325.9359,-59.5708,274.4248
399.0356,-23.4435,389.6383,-42.7292,386.4704,-57.5772,313.7713,-23.6851,189.4829,-12.1794,398.0187,84.7122,389.6884,44.6837,300.1262,72.2966,272.1382,-49.2084,239.2775
323.2728,-52.3623,369.9825,-75.7155,392.0804,-61.2861,319.9825,-48.6373,223.0102,-20.0057,398.1105,24.6497,440.9519,-12.3152,327.4175,45.2300,203.4844,-34.5429,213.0623
284.8987,-66.7916,324.7161,-94.9124,359.9472,-70.2854,345.0348,-64.3466,277.3268,-42.4949,388.8780,-28.9321,465.0315,-51.0066,372.4291,38.2473,191.6498,-46.4325,230.1694
287.4064,-49.8927,294.0385,-82.0260,321.0843,-90.5338,366.4292,-69.2573,341.9086,5.6448,358.5506,-6.0036,449.7110,-38.9437,364.0655,58.2109,233.9708,-78.7552,266.5540
264.1037,-67.4679,280.2978,-79.7287,293.8987,-105.7198,356.0022,-62.9758,404.2864,97.7482,351.5373,41.2762,416.7641,-1.2143,353.7039,83.0742,248.7083,-109.7380,273.3971
250.0081,-103.4143,264.2420,-103.0202,272.4997,-114.8261,323.0612,-51.3388,399.2213,127.4084,380.7628,59.6224,380.1031,17.8565,361.5184,94.6299,250.7103,-129.5273,247.2542
299.7801,-86.9286,266.0009,-113.9846,264.8681,-123.6497,293.2604,-53.2952,334.7663,97.3135,413.5553,76.6317,351.4515,17.4531,340.0474,89.4552,298.3247,-125.6724,210.6525
352.8946,-43.2739,294.3202,-97.8245,277.4310,-119.9566,268.2222,-98.4747,309.1783,62.8044,436.1864,104.3072,349.4066,25.7401,307.6263,66.1486,353.3074,-106.8925,169.6222
365.9606,-19.7630,313.2727,-73.5453,280.2233,-97.7991,248.3225,-174.6661,331.3213,20.1575,446.3136,118.1899,361.6356,39.2073,310.7400,37.5621,370.1743,-108.5317,134.2356
365.4171,-1.4642,313.5280,-55.4637,254.2417,-75.7879,244.8155,-213.5463,318.1100,-37.6949,429.0883,124.9139,353.6387,27.0202,316.8730,23.3361,365.4188,-119.2268,128.6570
339.6483,4.5283,317.3535,-53.9112,227.9738,-66.2908,242.4922,-190.6171,248.1110,-101.8990,387.3826,136.2492,326.7697,-3.0514,282.4897,7.1802,340.9915,-91.4583,141.2975
291.3725,-13.4427,308.7618,-60.6380,222.4045,-58.2257,213.1522,-166.5098,154.6767,-167.3011,338.2257,129.9877,302.7020,-5.8715,225.2141,-37.1611,291.3293,-47.2819,124.6861
259.0041,-8.2734,254.9677,-43.5926,223.0741,-47.1882,175.7076,-167.7338,70.4147,-173.4729,276.4981,90.9997,280.0478,18.3065,176.9023,-72.5824,226.2125,-51.5116,80.4953
184.7178,11.2350,167.9934,-18.3971,204.9213,-54.1511,176.0822,-139.4280,43.7186,-65.3660,187.9176,24.9991,256.2672,13.9099,154.2446,-46.3178,123.2755,-96.0019,68.1347
24.0587,-36.0641,77.8126,-48.1191,140.8011,-88.8105,204.5185,-66.4393,70.6186,65.5560,78.8618,-56.7211,228.0650,-34.7929,154.0141,4.7909,-16.0095,-124.5682,96.3181
-87.0714,-123.3721,-0.5656,-118.7992,42.5319,-119.6433,197.1782,-6.6064,65.9194,95.7470,-24.5945,-113.7772,164.5338,-71.7875,137.3665,14.0762,-119.0488,-124.6556,98.8015
-63.1315,-142.6920,-47.7340,-141.9188,-19.6766,-117.5988,130.9754,16.0003,12.1153,55.0211,-86.8257,-103.1215,64.5516,-55.4641,81.7569,-0.1753,-152.1400,-118.1700,46.6410
-28.3442,-95.4200,-59.4235,-106.0575,-30.7771,-101.0785,52.4930,16.1332,-23.5355,20.3133,-91.9489,-52.2651,-13.3452,-11.7476,29.4251,-0.0326,-139.5951,-119.2341,-20.2285
-53.2746,-53.4394,-69.3845,-79.4313,-75.2040,-97.1900,-17.7655,-25.3045,-55.0672,-26.5632,-79.9099,-9.8751,-58.2026,22.7682,8.0132,-9.6950,-79.1148,-129.2047,-86.3573
-64.1842,-25.7947,-92.4154,-74.3429,-174.3521,-94.9271,-122.1918,-111.4632,-145.3967,-105.7299,-102.4200,49.9514,-128.3624,55.7965,-35.4331,-31.7147,5.0352,-132.3369,-168.1127
-56.7596,6.3936,-98.6474,-51.6861,-236.4002,-73.6461,-256.3812,-175.4745,-255.6584,-166.5112,-144.6674,145.6458,-219.7899,98.0890,-143.0644,-23.0245,30.6989,-112.5947,-242.6534
-88.1923,31.1446,-83.5476,-22.7853,-233.7876,-44.9914,-346.8271,-177.8303,-317.1052,-173.9877,-165.1872,185.8044,-269.3216,112.8528,-257.5735,0.0834,-24.3387,-89.4988,-281.9216
-143.7437,22.8597,-87.2070,-32.1082,-238.0128,-42.3923,-380.4634,-163.5101,-342.3648,-151.4451,-178.0268,106.3732,-281.3939,70.9552,-302.8269,-3.3330,-114.9816,-92.9143,-311.4039
-200.0268,-23.4741,-123.1018,-72.1757,-263.4912,-72.9181,-407.4567,-164.4126,-365.9122,-130.7724,-206.3871,10.1194,-294.8242,19.0966,-305.2391,-4.8369,-212.1371,-106.9147,-355.0463
-261.5334,-47.1686,-168.6657,-80.4679,-268.2735,-83.2196,-426.9627,-156.7073,-405.3534,-126.9941,-227.2546,16.5849,-294.8010,20.0928,-347.7228,2.7669,-275.8294,-87.4431,-389.7466
-304.0514,16.3630,-222.8700,-19.2977,-273.2717,-21.1158,-422.2971,-132.4143,-476.1526,-145.7781,-245.9306,86.9302,-281.3844,65.6397,-427.2855,-28.8077,-276.4583,-29.5480,-392.5582
-331.6434,92.6335,-292.9063,56.9677,-321.5560,59.9968,-431.4071,-104.4020,-549.8099,-174.7904,-311.9319,118.0583,-305.7476,105.8003,-469.9618,-60.0131,-272.5135,20.5706,-366.5510
-390.1712,72.7230,-354.1042,65.9398,-383.0073,68.0016,-469.4458,-56.9461,-583.8873,-170.3188,-403.5570,91.8511,-368.6373,114.0265,-472.3188,-21.1819,-309.2629,33.3648,-326.0505
-460.2151,28.8031,-388.6887,35.7892,-413.2338,38.5321,-507.5545,17.1438,-613.5478,-109.1909,-449.1711,50.7407,-419.9784,95.7308,-497.6178,9.1893,-339.5260,45.3369,-303.1251
-490.0061,69.5358,-419.5833,61.8558,-436.7757,67.5857,-549.9739,72.6892,-675.9442,-59.3185,-468.8363,23.2254,-463.2647,79.3463,-554.8315,-42.0036,-353.1225,91.9743,-326.0679
-491.4728,119.8659,-467.4345,123.9334,-491.7763,120.0113,-595.0276,75.4986,-700.2770,-81.6527,-521.6647,9.6437,-529.1714,85.8029,-599.7906,-63.3413,-392.6967,130.1283,-378.7646
-488.3042,94.4021,-516.7041,122.2504,-558.4761,105.1837,-608.3775,55.1780,-627.1098,-92.8853,-572.8570,-6.8323,-591.9521,92.3432,-612.0398,11.7848,-430.7034,109.4297,-434.3383
-478.4621,58.5823,-538.6255,68.4206,-602.8170,57.7381,-618.5233,45.1299,-532.3169,-21.2271,-567.8621,-29.9751,-614.0225,78.1180,-600.0026,55.8899,-428.2800,58.0217,-500.1812
-470.9801,55.5854,-524.3972,44.4256,-630.1069,50.9737,-669.6617,28.2484,-503.5920,20.5858,-524.5903,-39.0149,-608.8782,68.1495,-588.6968,5.1235,-424.2917,10.4613,-585.9660
-456.8953,42.6425,-501.3145,44.9171,-647.9020,54.0439,-704.2903,-15.3410,-521.3677,-38.5201,-468.9243,-29.6317,-601.5091,69.3638,-601.0678,-39.0885,-438.9084,-43.7830,-663.1964
-420.9656,27.0708,-506.0336,31.6858,-633.5999,21.9691,-673.0834,-57.8154,-543.5048,-64.4446,-421.7958,-20.7814,-586.6874,52.0575,-605.5958,-30.0137,-445.0315,-82.2657,-676.6466
-418.4398,29.7217,-526.0409,21.2564,-578.9212,-11.8608,-625.4388,-62.4922,-569.6797,0.4240,-429.4263,-16.0521,-554.3914,27.0676,-558.8262,-19.9126,-459.2860,-68.7064,-598.8586
-492.7016,9.4043,-523.4431,10.0980,-514.7353,-16.6224,-581.5321,-33.5772,-576.1893,30.0806,-471.9711,-13.3531,-515.4537,23.8462,-499.9599,-25.0043,-507.0486,-46.9266,-485.0197
-568.5870,-38.9242,-515.9379,-33.1681,-470.5971,-15.7811,-517.7491,5.7198,-524.7177,5.1356,-463.3102,-20.6905,-484.1359,20.5538,-481.2620,-29.9894,-561.2468,-56.7289,-423.8728
-576.5718,-68.8446,-533.8765,-76.8414,-451.5404,-30.0763,-465.8962,43.5648,-450.7639,27.1984,-411.3459,-25.1873,-455.6366,3.7032,-472.0573,-30.4548,-594.0145,-48.9665,-413.9294
-548.7989,-77.1483,-538.1680,-78.1449,-449.5820,-46.1780,-436.7602,63.2643,-417.1662,71.5402,-386.6726,-8.7216,-423.1655,3.9205,-445.2571,-14.2707,-583.8895,-14.3855,-382.8975
-508.8074,-77.0233,-498.1472,-68.9113,-453.1574,-44.6537,-385.6621,45.4259,-409.4304,63.0973,-367.8814,4.4819,-404.6472,12.0633,-427.2272,5.3009,-503.3008,-17.1482,-326.4413
-444.9683,-64.9265,-462.6141,-74.5713,-454.6793,-32.0103,-341.6830,3.8363,-384.0365,43.4043,-325.0490,-17.6994,-412.4146,-10.7645,-406.3192,-6.2952,-391.6725,-36.0569,-298.9071
-389.8577,-64.7383,-452.3182,-64.0316,-439.2138,-32.9204,-352.6930,-31.4447,-347.7009,48.9205,-318.1027,-64.9696,-416.3970,-48.7312,-357.8912,-27.2129,-334.2652,0.3434,-309.9128
-366.5807,-81.4555,-410.7561,-39.9959,-379.9212,-44.9015,-362.8631,-66.1098,-315.6070,35.4359,-355.5311,-102.0297,-390.8110,-70.4815,-330.0746,-21.7362,-334.3830,49.3347,-345.7310
-338.5257,-69.9770,-326.7503,-39.3959,-290.2979,-43.5396,-342.4400,-120.7950,-283.9554,-14.6488,-355.6037,-97.2369,-355.2662,-80.1985,-344.7270,-24.7628,-334.2697,45.7106,-400.0314
-308.8487,-38.4390,-262.3423,-45.2430,-232.5243,-37.2256,-344.8817,-173.3061,-261.6382,-79.2312,-309.4403,-58.3475,-325.7729,-78.3105,-326.6212,-67.4318,-326.0089,36.1456,-423.0339
-325.2242,-40.1405,-245.0438,-24.6204,-223.2225,-41.5093,-349.1561,-180.1562,-244.0149,-134.4690,-277.7171,-51.0196,-296.6188,-68.1704,-251.3696,-109.1152,-325.6405,58.4406,-365.1748
-355.4875,-56.2253,-249.3590,-2.0825,-217.7720,-30.8530,-301.3786,-141.2696,-206.1179,-149.0282,-263.7910,-106.8406,-284.5526,-72.5696,-199.1429,-112.2834,-312.5956,64.2017,-268.8890
-333.2094,-47.7142,-248.4966,-3.6070,-207.6833,0.2196,-252.1598,-95.7879,-168.9257,-129.3373,-244.4081,-154.2303,-299.4751,-75.5311,-200.0721,-88.2908,-270.9246,37.1528,-200.5353
-294.6903,-38.6303,-228.5233,-6.9182,-213.4710,14.0860,-234.7710,-65.2277,-167.9619,-107.7529,-225.5709,-134.2044,-299.7354,-42.7021,-199.0669,-64.7002,-221.9965,17.5850,-152.4971
-299.4820,-34.6479,-203.3345,4.0826,-211.0523,19.3080,-196.9791,-40.6591,-176.6744,-68.1816,-202.7840,-91.9571,-267.3894,-3.4951,-182.2394,-64.9237,-194.2126,23.0646,-103.6039
-297.5068,-6.7150,-198.2744,17.4498,-183.9204,48.8283,-157.7441,-20.2543,-173.5829,-18.5724,-167.2372,-84.4336,-250.4135,-0.0506,-187.7616,-79.9507,-194.8047,47.5519,-80.4753
-228.1191,15.3371,-193.4243,31.2449,-168.4934,62.4445,-182.1628,-17.0588,-191.0433,-25.8705,-125.9057,-116.7020,-258.5969,-21.2515,-211.9259,-66.1946,-202.0522,66.2399,-94.1390
-141.9007,-11.0524,-156.3732,43.1647,-175.0975,21.9681,-231.1465,-26.4012,-226.9084,-63.9453,-67.7974,-181.4792,-235.1263,-57.1298,-218.2883,-20.2035,-187.8866,37.6755,-103.4915
-97.6749,-48.6780,-109.1935,33.8584,-166.7571,-17.3879,-237.6277,-30.5753,-236.9890,-51.2972,13.2856,-249.9542,-166.6333,-101.8018,-206.1878,4.5825,-155.5667,-15.7910,-77.8791
-64.4464,-50.0535,-71.6949,11.6888,-121.2974,-12.4274,-199.3454,-36.5073,-213.1280,-39.8378,85.9308,-270.1666,-91.6693,-113.1125,-187.1502,-16.6283,-128.6784,-18.4887,-38.9599
-13.5145,-34.1488,-15.2241,11.6998,-35.9117,0.0315,-121.9881,-60.2454,-166.1567,-101.0763,136.1681,-240.9647,-15.0038,-87.3014,-142.0773,-52.4629,-103.1404,20.7311,-15.4564
36.2717,-35.2519,58.3797,21.8581,72.8721,-3.9680,-33.8919,-88.2663,-101.8867,-167.7681,177.4169,-209.9714,68.6259,-81.0481,-72.4001,-66.5911,-43.7309,21.8026,4.7195
96.0586,-51.0114,107.4345,-0.9607,149.3946,-12.5239,4.1526,-101.2811,-43.8053,-188.8646,201.0164,-193.9835,122.4928,-94.6293,-25.1486,-50.6966,59.8891,-23.7246,37.8787
179.0599,-57.4277,132.2679,-36.1015,164.5363,-28.0921,14.3068,-104.7772,6.7061,-205.1670,212.7648,-175.4365,127.4289,-80.0510,-2.9335,-35.9009,157.4594,-57.6359,65.6547
231.2997,-43.5217,156.6949,-30.4769,163.0860,-41.9519,70.6912,-105.7887,67.0479,-219.9378,248.4147,-146.4010,118.5416,-55.9084,53.0091,-62.2420,193.8648,-54.7390,85.7348
224.1241,-26.7614,178.7360,-4.8675,179.6220,-33.0602,148.1260,-101.3673,106.7227,-216.9061,285.6560,-118.4208,123.2481,-63.6181,143.9632,-109.4468,190.5721,-37.4978,136.1722
218.8948,-23.0970,198.7734,-10.5137,199.6562,-20.4265,195.1150,-88.6283,125.2799,-196.3152,264.5260,-114.1567,139.2011,-80.7770,211.2095,-117.6656,207.4133,-38.2989,224.5902
243.6032,-26.0936,214.1441,-32.4735,221.0038,-29.1276,257.2977,-56.6488,196.7271,-118.5660,203.3775,-134.1026,165.8731,-84.0449,256.6282,-85.2264,235.4920,-63.1854,308.8473
246.6882,-39.3245,200.0486,-42.4228,245.1474,-46.2480,356.7731,-8.0443,293.5754,-26.8303,168.7027,-136.8334,198.7185,-94.6229,311.6932,-64.6833,223.2201,-88.0662,355.3362
216.2788,-72.6870,168.2188,-59.3273,246.3327,-64.7519,411.5233,16.9571,301.3079,-66.6933,175.1693,-100.5183,225.0673,-114.9365,341.1457,-72.0058,178.7732,-104.6766,349.8233
193.3804,-100.4315,165.3867,-82.5606,230.0694,-85.0127,384.5894,2.0280,259.9797,-180.6716,191.8783,-57.8238,245.5418,-112.5458,318.3540,-70.7999,148.2700,-112.7487,297.8256
187.0852,-91.9430,185.1246,-74.5158,244.0167,-78.3775,339.9446,-13.8417,270.6444,-165.0458,185.8581,-27.7294,263.0510,-71.2601,289.3181,-40.0338,149.0636,-80.3219,245.8839
193.3903,-57.9308,196.0604,-37.2689,292.8506,-39.3102,306.1280,-19.8217,263.1395,-80.3131,153.9626,6.6237,271.2618,-14.8454,278.3947,-14.3295,185.5109,-20.1566,222.3624
222.9783,-22.5514,217.2951,-4.6406,328.9083,-12.0644,249.2106,-42.6078,185.7528,-90.6840,138.6926,42.4415,275.8292,13.3572,267.3000,-32.2747,250.6286,-18.5234,201.3744
252.0208,-5.7950,253.9630,10.0991,330.6513,-14.1626,196.5142,-64.1423,172.5326,-91.2904,157.0546,62.3326,283.8718,2.7696,267.9773,-65.6949,301.6657,-77.8811,191.4845
239.0268,-28.1462,260.0186,-6.2481,315.5109,-25.1180,224.3367,-60.9461,271.1559,-4.8079,158.1559,68.5383,278.8870,-8.2400,285.0983,-67.7185,312.6202,-102.7460,229.5552
200.6692,-72.7200,232.0905,-54.3916,289.4438,-41.7908,304.9224,-65.2356,345.0279,-7.7263,131.9193,63.0106,250.8651,-0.4404,281.0916,-58.6281,310.5878,-87.1399,278.5030
195.6512,-95.5188,215.4685,-83.6989,247.0418,-61.6484,333.5894,-78.5137,349.4601,-101.3177,136.7281,43.4275,216.5962,0.2855,257.3142,-63.7791,305.5926,-90.0202,295.4730
242.0315,-98.9496,215.7707,-70.8102,208.5261,-69.4347,314.3820,-56.0550,362.4734,-58.4305,164.6364,25.1905,188.9195,-10.1769,249.0076,-45.5305,271.2770,-85.5297,318.3901
289.4667,-112.1966,215.1811,-69.4820,200.3458,-76.8352,330.7728,-20.5632,381.0904,87.4172,155.3324,18.2681,174.7793,-12.1976,241.6699,-2.0890,221.0379,-48.2087,353.1185
281.8061,-120.0160,225.9296,-93.5693,209.0781,-94.4911,363.5057,-22.5129,348.7612,117.4310,132.8517,9.1786,181.7251,-18.6163,215.6204,-2.1630,200.8145,-27.2511,342.6033
244.4700,-92.9041,251.6032,-85.0934,213.2337,-90.7059,346.6244,-35.2484,276.2823,51.1716,147.6152,-5.5203,188.2268,-41.8154,197.3534,-51.6982,207.7836,-20.2047,299.6591
245.5863,-47.4705,265.3653,-46.6506,229.0723,-54.7086,317.2051,-36.5737,209.4833,12.2212,163.0516,-14.6937,172.2221,-58.6717,186.2938,-83.8518,197.5917,17.6915,275.6246
258.6500,-28.9904,257.3921,-36.3267,254.8598,-26.9658,322.0446,-55.1470,181.2897,-9.5368,137.1064,-31.7587,169.0235,-64.2661,154.6632,-83.6365,155.3927,59.3594,254.8933
202.7300,-52.9606,242.9380,-39.2347,245.4084,-19.2090,326.2236,-63.2860,200.3093,-12.4862,96.8387,-81.0090,209.0536,-72.0564,136.6065,-80.1156,111.1197,79.8518,223.2630
112.8108,-71.9478,234.0337,-11.8239,205.3207,-3.9251,314.3138,-20.0096,230.6414,29.9353,66.6505,-129.7730,244.2388,-63.7033,174.1485,-77.8687,95.6162,96.9982,192.5775
86.7051,-36.8403,231.0381,7.1569,186.7253,4.3166,293.3740,6.5452,231.2727,48.0492,41.1632,-99.3278,224.5674,-35.0731,213.2568,-80.9727,104.5473,66.6950,131.0699
111.0578,1.9135,210.6775,-35.0539,171.5619,-39.1851,224.6108,-47.5764,209.3255,27.7166,21.5438,11.7777,164.0484,-30.2736,191.6802,-91.6348,106.4025,-45.2240,40.0567
104.2480,-43.2194,139.2578,-113.8490,104.3169,-121.1340,124.8765,-119.7995,205.2577,58.3581,-3.0161,94.2707,86.5377,-52.9753,160.9699,-81.4507,72.5929,-148.2191,4.8621
36.5390,-146.3971,33.5739,-180.1416,14.1767,-181.1351,93.8170,-136.5376,261.6058,112.6510,-49.8032,84.5548,16.1593,-48.0672,197.5294,-42.1650,-5.6033,-175.7107,58.0270
-78.7473,-219.2201,-35.8180,-215.2520,-30.2278,-201.6898,142.5518,-98.7589,367.0125,105.6099,-93.2594,42.9697,-0.1021,-14.3866,263.5433,-3.3037,-102.4391,-177.6175,145.0106
-185.7372,-245.5927,-37.6246,-216.3259,-23.0539,-213.0908,186.6937,-29.2157,424.3007,95.2499,-97.9560,17.2857,33.9530,-12.2462,272.6886,26.5821,-156.0474,-177.7352,219.5342
-204.6605,-244.1181,-21.7860,-198.2788,-0.5724,-218.0371,199.4852,33.2931,378.5885,128.2984,-77.9045,-19.4589,53.3211,-48.8821,233.5085,55.3123,-140.9255,-156.3025,242.2319
-168.0902,-217.0239,-33.0540,-188.6180,9.1893,-193.3651,206.1285,50.8758,305.2498,130.8684,-61.4249,-66.0216,53.2403,-73.3692,205.8410,75.1701,-125.3694,-141.6118,203.1679
-186.6404,-189.9370,-50.0288,-185.2296,7.4014,-157.3584,218.6285,54.5865,253.8219,117.7429,-45.5718,-83.8481,83.2593,-68.7448,179.5957,85.6400,-161.8971,-146.0718,179.1707
-228.8974,-170.6271,-51.0907,-164.4925,22.8837,-142.0635,242.8541,90.0489,175.0652,174.9988,-24.2248,-68.7058,123.4829,-53.1585,132.8234,90.7866,-184.8961,-134.5531,205.5153
-191.6172,-120.2385,-60.9866,-131.5422,49.6477,-126.9614,246.3674,135.6484,87.3677,241.8841,-9.1070,-32.4101,123.6788,-25.9948,118.8930,87.4204,-138.1897,-117.1203,203.1579
-132.2076,-58.1068,-84.5095,-109.1845,39.5926,-95.5644,185.5601,165.6510,79.6023,235.4037,0.0316,3.7643,105.7852,9.9062,153.4301,93.5359,-88.3588,-116.5387,152.3349
-132.2568,-46.4192,-80.2726,-96.1816,-1.1298,-84.3582,103.6825,183.1339,121.1765,217.2569,19.8344,-6.4134,94.5255,21.5636,144.2332,117.0020,-88.6375,-99.7805,109.6718
-102.4022,-53.3609,-45.3792,-78.1225,-29.0756,-91.5341,51.0573,163.9865,105.9935,210.2288,43.2313,-48.5685,54.1782,3.9996,58.2520,117.9325,-86.6223,-60.8672,54.5870
-0.9509,-20.8556,-32.0570,-54.9122,-63.5997,-63.4476,-12.2184,100.3915,47.1139,148.9088,38.9556,-48.5155,-21.6341,1.1822,-6.8624,91.3664,-61.4746,-45.1462,-29.2723
25.7098,6.6175,-56.8221,-36.5152,-128.5659,-19.1453,-87.2942,51.5781,43.1984,99.4406,4.6609,-22.6003,-84.9074,23.1515,4.5051,91.5912,-65.7631,-55.1288,-60.6952
-68.2284,-11.1177,-90.5477,-30.0254,-177.0061,-23.2330,-98.4723,55.6119,127.5389,179.2347,-27.5394,-40.4790,-119.1928,28.9087,43.4960,119.7103,-89.5250,-57.6900,-24.6220
-128.0284,-18.7648,-118.3885,-29.6061,-175.3432,-46.2263,-48.7859,83.9325,249.9131,308.2900,-44.5377,-64.4831,-135.9105,17.5336,78.5682,131.5169,-77.5475,-42.7899,-1.8834
-91.5869,16.9089,-127.3188,-13.5152,-140.8787,-23.1847,1.9555,107.2484,333.0110,352.9419,-53.1863,-36.9051,-122.4132,29.3326,112.6937,140.4912,-54.1627,-9.6975,3.2766
-55.6194,54.9886,-98.2606,26.6039,-87.1836,20.3046,49.9184,116.4793,326.0327,354.4264,-49.4625,-5.4627,-80.3559,58.3168,124.1315,168.2425,-64.3113,31.4222,36.4559
-63.7449,67.8061,-57.7322,61.8386,-40.6890,40.5221,85.9479,115.8727,255.2955,381.7599,-46.1980,-2.1066,-45.4230,77.7769,107.8125,179.7199,-81.4470,56.8058,80.1558
-93.8865,63.7255,-48.7878,67.2088,-25.2930,60.9606,89.2121,129.6391,199.4422,379.6743,-65.3530,16.4907,-21.0156,110.9340,100.4290,164.4747,-82.6846,73.1205,105.6521
-141.8088,56.5161,-47.0895,65.4492,0.7485,101.8616,97.2567,154.7140,186.3420,313.0052,-67.7047,42.0583,24.1769,169.0388,112.8080,159.5222,-87.7043,100.7887,98.6083
-153.0362,68.1196,-0.9525,94.1634,66.0538,145.0308,111.2689,153.8400,163.9096,250.2544,-2.1672,23.1245,83.7009,200.5057,116.9296,166.9008,-84.0259,137.4196,43.8687
-55.9944,115.4236,78.0042,157.1626,125.4632,189.2725,79.2106,134.9329,100.4528,229.8613,84.9048,-17.4031,119.9500,180.2204,101.0291,157.4402,-45.2585,195.3417,-13.0648
82.7748,185.7953,144.4617,227.6961,165.5318,242.8015,44.2452,135.3529,42.6681,206.5343,119.9703,-12.6956,126.4694,148.6438,76.4262,123.6519,6.2131,281.1399,-15.8589
146.8335,247.5235,184.4366,274.0606,205.6686,285.3903,62.9443,148.7824,21.4485,156.9777,119.8558,42.2813,123.2828,137.5941,52.4210,82.6286,50.2488,338.7771,0.3029
158.6776,274.5751,203.4751,283.2743,207.9960,295.2274,68.0366,168.3382,-9.3756,124.9139,131.0165,73.5214,121.0638,150.8306,39.7478,77.9867,95.4243,330.8608,3.3923
188.3698,264.7266,201.7585,266.7519,161.0532,275.4850,42.0939,212.0197,-60.8362,142.4942,154.6352,31.2098,124.9984,177.1604,58.4427,142.8833,122.7275,293.6185,30.0290
211.4576,227.0025,180.1006,227.0595,131.3937,239.6041,77.3862,262.3120,-56.6403,190.0390,180.2023,3.6371,141.1461,165.8487,114.8300,228.5617,113.2006,242.0275,79.2883
197.3412,158.9681,152.2583,157.1983,135.3193,200.6187,155.3070,304.8976,18.9711,251.3965,189.8279,83.7622,167.8666,92.2830,170.8116,259.6319,103.8307,175.7307,127.8176
179.3262,87.8443,146.2853,99.1989,147.7177,170.9753,196.1241,371.7152,78.1266,318.6412,169.4511,138.3202,206.9191,40.6742,185.1705,242.9317,128.4684,155.0023,198.4115
176.1633,78.5429,177.1293,109.7669,199.9075,157.4583,253.9374,435.9201,95.6760,340.8535,169.4415,9.3364,264.8789,71.9394,197.7709,223.7168,166.9802,193.5685,266.6704
177.1548,118.1378,219.3871,148.9157,284.4061,152.6635,363.0750,416.9136,141.1349,296.7463,228.6894,-129.9120,321.5371,99.3946,270.0097,207.5393,194.9491,198.1656,277.5627
190.7711,117.7373,237.3763,138.9444,319.2121,139.0753,425.4729,343.2382,225.9554,272.6744,269.2743,-30.5939,337.5123,62.9511,337.5163,196.1664,216.1436,146.7509,278.7094
228.2589,90.0842,233.7429,110.1928,302.4074,121.2757,417.1716,307.3380,276.1979,301.5114,235.5769,179.2590,310.9667,52.5808,292.2764,198.1519,244.8963,130.8319,309.7625
291.6141,123.6180,238.9425,128.9159,298.0436,130.7331,404.1887,288.1023,248.7046,256.6997,216.8871,221.2393,280.9767,106.7264,195.0306,183.2646,293.2055,171.3220,296.5574
376.8418,183.2587,270.9241,163.3140,300.4709,165.3771,366.7964,217.7874,185.2364,94.8515,272.1229,107.0064,266.6902,124.9743,194.0990,126.3587,350.9530,201.2581,229.5547
439.1611,182.4478,319.9931,168.6974,281.7564,182.0389,278.7419,127.4000,167.0281,-22.5841,319.6867,9.3947,248.2809,83.2876,282.2884,69.0301,392.8849,193.7110,198.3187
435.5349,164.7472,353.0608,169.9433,256.8606,174.9542,219.4965,75.5711,224.6812,-11.1582,307.9343,-29.0881,215.1617,70.9696,342.6574,58.7828,422.4243,153.3172,205.0305
405.1475,186.0018,346.6671,167.8533,233.7336,169.1176,241.3955,53.2981,296.0959,20.7264,289.1165,-41.2053,192.6163,88.7226,343.1977,74.6901,450.1325,85.1246,199.7166
395.4272,190.9344,325.4637,134.6655,222.0547,149.1957,291.5199,35.8552,318.5976,14.1895,294.3143,-33.5928,203.1383,70.0434,319.6956,68.9731,452.0417,38.6577,199.5273
384.3493,163.3967,330.4362,110.4738,246.4213,108.6996,304.4051,24.9659,306.6896,17.1152,308.0775,-29.8642,228.2759,44.8905,284.0680,38.8516,419.8871,56.0238,205.5056
362.5046,165.3242,353.8300,130.0358,286.5543,96.0685,264.5874,18.9248,279.6993,21.9087,329.3474,-55.6409,237.2905,59.9853,245.5826,10.3925,384.8917,89.3757,189.8151
345.4942,167.9021,351.3347,129.4800,305.3027,105.6967,215.0459,4.3325,227.3015,-6.0903,350.2649,-91.8715,233.3326,57.4318,215.4816,-15.7511,351.7360,75.9630,187.7644
296.8176,92.9352,311.5160,65.0426,302.6364,58.1790,204.7070,-22.2618,177.6793,-39.5211,341.4343,-116.0118,228.7537,-10.6590,182.7943,-47.7637,305.1329,29.0350,217.0107
221.2608,-7.4969,269.2558,-4.9008,270.8667,-36.7986,200.4634,-48.4188,164.9621,-67.5482,304.7261,-132.6880,207.4921,-89.2560,157.2746,-67.4736,272.3481,-12.2583,221.5818
229.9367,-33.4010,250.5962,-33.5701,213.8717,-75.4021,152.1699,-70.1111,156.2914,-119.4912,288.5936,-148.5318,170.7941,-120.1305,168.9413,-74.4762,278.0686,-43.9403,194.0394
332.2568,-11.4642,246.8609,-42.6898,194.4964,-48.6076,103.5606,-104.6122,122.4148,-175.3469,331.5217,-165.2014,163.1009,-113.0836,194.6814,-101.7096,286.9548,-78.3849,177.2002
372.3011,-22.4887,245.8331,-57.0507,233.2609,-50.9190,106.7689,-145.5577,102.7629,-178.0736,399.0496,-184.9051,190.8913,-106.3676,187.6008,-131.0080,265.3407,-119.8493,170.3581
297.0102,-64.7109,242.6610,-89.1746,264.1927,-110.1724,132.7755,-152.9843,130.4183,-118.8050,409.1636,-202.6100,197.8758,-123.1180,163.0131,-108.7652,231.2513,-162.9930,162.6135
225.1229,-93.8046,221.4009,-142.8557,251.6420,-169.1083,134.8015,-139.3838,173.5650,-62.6756,355.6140,-207.8105,165.1797,-144.1899,157.2470,-75.7847,213.9875,-197.2258,142.5188
217.4759,-97.4520,181.0665,-180.2736,209.3992,-198.4860,82.7740,-172.1388,175.3003,-94.0145,327.4098,-198.2703,137.1928,-130.1086,156.0601,-116.3565,220.1492,-221.3211,68.6156
227.1786,-82.4024,162.4615,-163.5255,145.1262,-209.1121,-18.3310,-249.0986,116.8964,-198.8413,347.9675,-185.5593,133.1758,-92.2837,134.5091,-193.3762,236.8414,-245.5431,-34.6473
228.4175,-62.6256,179.9599,-126.4446,89.7724,-198.7202,-82.2501,-298.1484,52.8340,-264.3919,332.4360,-181.6070,131.2265,-73.8894,104.6418,-218.9372,250.1385,-266.9704,-73.1450
221.6394,-59.1495,178.9238,-122.0501,70.5663,-168.4803,-53.9420,-300.1924,47.4225,-263.7830,254.3178,-179.9606,120.7150,-68.9328,94.1082,-217.8677,258.9570,-268.5711,-52.0585
198.9980,-65.8634,130.9722,-136.2524,53.0649,-149.1621,-15.3026,-283.5634,68.3759,-276.3755,184.7001,-158.9737,99.4753,-54.1976,117.2825,-248.6543,253.7885,-259.7444,-50.9510
166.6232,-57.5006,77.8534,-128.0281,23.1044,-156.9302,-19.4247,-250.7477,42.4114,-288.5847,153.8915,-110.5219,67.5298,-47.1752,153.6151,-271.5455,212.1061,-273.4799,-61.5696
116.9904,-48.8343,40.5400,-108.0309,11.9415,-163.2715,-11.1350,-210.6401,-17.1932,-227.9489,128.9418,-68.8039,47.7603,-58.6093,148.5881,-233.3486,142.4054,-294.1950,-51.5987
29.7119,-68.1354,3.6122,-108.2790,-0.3065,-144.6530,-7.8822,-192.5543,-64.7656,-156.8404,95.1683,-83.3761,52.0412,-75.1430,76.2355,-172.7100,79.6337,-254.3409,-61.8513
-53.8713,-81.7961,-20.1168,-111.4055,-33.4305,-115.0735,-76.4518,-183.3744,-118.3055,-161.9071,56.7691,-131.7680,48.1954,-103.1494,-24.8691,-147.8688,33.4725,-147.2360,-107.2022
-75.4871,-47.8190,-25.1130,-81.2569,-43.2131,-85.1433,-152.6602,-147.4769,-191.6372,-184.7913,14.6337,-127.3754,9.8189,-132.4187,-115.0701,-144.5261,-1.7166,-57.0993,-139.3740
-65.9265,-8.4185,-54.5391,-37.6989,-49.1160,-48.0318,-158.5677,-96.8847,-247.6774,-168.6939,-25.5725,-67.4200,-50.2965,-114.7897,-194.4941,-118.2889,-29.0054,-28.4985,-141.1041
-87.8416,-19.1909,-123.0439,-24.5207,-125.9000,-14.9766,-154.4467,-69.2414,-281.4550,-166.3266,-76.4220,-34.6936,-117.2149,-56.2840,-257.4927,-81.1921,-72.8940,-11.4333,-142.7565
-141.1774,-39.9064,-187.3996,-27.5767,-222.7437,2.5896,-193.9680,-80.0697,-327.8465,-204.5502,-158.2735,-12.7332,-185.0253,-18.1419,-281.6773,-84.3584,-138.6016,27.4210,-180.2890
-199.7259,0.3206,-220.6157,-2.3734,-238.7698,26.6519,-241.1992,-122.7308,-382.2772,-246.5166,-242.5807,71.7463,-238.7956,-2.5900,-280.9112,-126.3283,-176.4470,56.2353,-260.0905
-249.7364,83.1869,-227.6989,50.7931,-214.0523,66.7465,-286.7600,-164.4334,-418.9764,-271.8726,-291.7681,142.4071,-276.9912,25.4127,-311.9872,-150.5128,-172.0159,59.6532,-322.1972
-270.0007,132.9584,-222.8466,102.1536,-231.0643,94.9770,-347.6031,-156.1013,-447.5290,-266.8061,-334.9911,101.0402,-324.5587,42.9740,-405.0477,-132.2670,-175.5945,63.1061,-307.2838
-257.6948,125.6773,-238.2430,132.1471,-269.8099,101.7936,-397.9764,-89.4059,-474.8687,-229.8346,-410.8575,39.3399,-387.4585,23.4577,-506.0562,-94.9449,-204.9194,70.5883,-262.3818
-257.7140,96.8075,-286.3890,124.6697,-290.2514,99.2200,-411.7986,-18.8415,-471.0244,-205.5483,-488.6131,47.3504,-427.1944,2.9493,-529.0643,-62.1646,-246.2730,55.1330,-260.1901
-304.5140,69.8917,-327.7822,83.2476,-302.0582,80.2674,-386.7739,-1.9760,-428.5737,-209.7439,-519.9451,57.2957,-413.4852,9.5145,-480.0648,-52.7398,-306.1183,17.8208,-281.2750
-363.4368,50.0005,-336.2271,50.1595,-315.3471,53.7464,-334.7448,-35.2589,-398.8568,-203.9270,-511.1191,55.9596,-380.1693,24.0614,-453.6390,-73.0775,-352.6733,4.9789,-289.2131
-372.7865,60.0581,-333.6966,54.7659,-329.6218,56.9589,-307.7718,-66.6668,-417.0719,-188.5198,-500.0537,108.9933,-381.4299,33.8752,-475.3313,-95.7446,-333.3557,36.9835,-298.0396
-335.2605,93.2238,-336.3055,74.5610,-351.7406,80.0274,-339.5397,-66.5714,-444.9177,-188.0910,-502.3040,151.5436,-404.3467,36.6190,-471.2354,-104.5660,-297.3377,61.5578,-309.1670
-321.3365,86.9964,-341.8091,81.6133,-384.0660,76.9535,-374.9532,-52.2636,-442.4568,-183.5637,-501.6133,115.7562,-399.6458,25.6280,-425.0125,-120.9504,-323.2086,39.4915,-311.7545
-353.1425,48.9588,-351.9289,83.0713,-416.3753,57.7807,-370.4326,-39.7743,-432.1435,-166.0883,-483.7438,110.6266,-383.2062,23.4634,-402.1527,-140.2927,-364.0181,15.9383,-332.0735
-361.2922,72.7586,-357.7884,90.1621,-434.4048,54.5650,-373.9561,-31.2678,-434.6165,-155.1550,-462.4877,183.5971,-402.7082,47.1250,-408.3945,-131.7117,-346.0259,18.0196,-394.5599
-311.3896,128.1348,-354.4368,78.9010,-444.1982,40.7596,-419.3979,-45.0205,-421.6530,-143.4546,-450.9051,199.4737,-434.1850,40.6052,-392.9779,-108.4405,-311.3561,-11.1275,-481.1917
-265.7673,75.3261,-360.8606,20.8061,-469.7058,-8.7697,-459.8602,-83.9949,-386.8246,-132.9091,-436.1764,119.2559,-429.1074,-34.6978,-365.2340,-96.3182,-321.1774,-77.8411,-547.9322
-269.6177,-41.9431,-372.6700,-44.5330,-496.4860,-50.7294,-449.4148,-107.8080,-374.2856,-140.3678,-420.5823,60.0324,-409.9978,-96.2379,-370.3880,-82.9112,-344.5123,-91.7534,-544.4213
-290.8402,-43.8633,-362.9006,-40.0428,-480.3341,-44.4849,-401.0204,-102.8662,-395.2863,-122.5917,-432.2140,61.4922,-411.1092,-77.3074,-409.1751,-78.2191,-327.1044,-35.0522,-468.5635
-295.1589,42.1551,-344.7596,12.1524,-432.8498,-20.9591,-359.9936,-112.1350,-399.9520,-58.3818,-457.5673,71.7030,-405.0695,-61.7355,-457.8188,-120.9643,-281.6475,-5.9145,-402.2296
-284.5735,40.7661,-342.9885,3.6300,-401.2782,-33.8209,-355.5715,-148.3194,-355.9924,-31.5877,-439.3903,68.5770,-369.8199,-119.0222,-490.5190,-180.6759,-263.4915,-51.6570,-401.4855
-271.1854,-51.5173,-343.2406,-74.4589,-387.1003,-83.5257,-369.3174,-164.6236,-288.1917,-50.5871,-372.9843,43.5507,-335.3187,-164.3159,-470.8548,-182.4660,-287.2565,-110.8210,-402.9673
-266.2063,-115.0158,-335.3672,-122.1239,-374.3281,-121.6529,-356.9911,-138.1431,-224.9388,-0.5999,-324.8865,2.8270,-318.8021,-139.0730,-390.9832,-137.4152,-309.4233,-125.9901,-336.3153
-266.6078,-123.9855,-328.2299,-114.9203,-360.1550,-124.2620,-295.7817,-106.9718,-161.8103,85.4023,-332.0714,-8.3262,-299.6757,-123.4007,-289.9370,-125.0178,-303.3679,-110.0925,-239.7294
-258.1592,-117.6496,-311.6189,-113.2451,-327.9210,-119.8576,-208.7721,-108.6038,-113.1373,46.5092,-357.2518,7.3343,-273.3579,-149.2606,-209.6208,-158.1903,-285.3671,-101.9847,-182.2370
-251.4532,-118.7618,-285.4360,-120.7320,-283.7706,-122.7642,-160.5996,-123.9995,-133.8525,-61.6572,-361.1544,-6.0016,-256.6312,-143.8913,-178.6830,-173.4577,-254.4661,-100.3039,-159.1138
-262.6078,-136.0342,-274.3234,-97.9143,-258.5639,-104.4106,-180.2995,-111.0096,-215.8005,-48.4037,-350.1038,-35.3613,-239.6212,-110.4536,-204.7475,-149.0392,-202.4621,-69.9553,-132.3344
-267.7250,-135.3864,-268.0778,-53.3411,-227.7938,-58.4999,-199.2008,-84.2628,-256.2422,28.7677,-334.8138,-27.0237,-199.3960,-113.0196,-246.4320,-137.8529,-152.9507,-16.6173,-114.1135
-234.5176,-77.5252,-240.3173,-17.3637,-161.7384,-11.5405,-173.5881,-98.2046,-222.8127,-25.1355,-299.9993,-2.1993,-156.4747,-118.2466,-256.4801,-164.5399,-101.2620,19.7582,-137.3526
-166.3067,-9.3516,-201.7101,2.5043,-108.5442,29.4827,-176.5971,-144.3046,-208.3634,-165.8651,-235.5225,-2.2327,-147.1474,-81.2636,-242.4159,-180.3931,-21.0051,46.2304,-173.7030
-90.3295,5.1496,-152.4380,10.1572,-93.0680,57.1569,-224.9442,-163.9801,-240.0592,-207.5824,-156.2592,-1.8448,-149.1264,-67.3664,-218.8922,-158.1756,40.5044,80.5972,-166.2617
-34.8226,-15.4151,-79.5780,14.3809,-72.4637,45.6150,-211.7878,-153.0526,-226.3646,-146.4393,-83.6439,19.4718,-118.6922,-113.9629,-167.3483,-136.2658,39.9644,88.8856,-124.5366
-1.5376,-30.7921,-23.8957,16.0619,-52.8757,15.2566,-135.8894,-140.9470,-144.6437,-107.6294,-38.0494,19.9034,-77.6714,-146.3758,-96.2192,-132.2923,48.3164,71.6825,-93.1995
38.5587,-25.8228,-15.2307,9.8464,-58.9216,19.2301,-113.9944,-120.4489,-74.9749,-109.2866,-27.7607,-17.3906,-66.3537,-125.8246,-45.6164,-110.6836,116.6132,79.3467,-66.3214
84.6284,13.4970,-0.3832,19.7155,-41.4923,43.8344,-130.2910,-94.0250,-47.8726,-71.2683,-20.2694,-33.1212,-62.7236,-101.1758,-12.9714,-56.9456,181.1640,80.6815,-34.0432
104.5474,65.0775,46.2777,58.0395,14.5641,34.5513,-93.3695,-96.1423,-26.2132,17.3356,30.2036,8.8267,-40.0601,-95.3765,32.5787,-8.6151,206.1499,15.1317,-34.7940
122.7186,79.7721,72.8126,66.2925,47.0252,-4.9656,-49.3630,-122.4785,9.6028,59.8598,115.7322,52.3993,-16.2456,-83.3459,82.3742,-7.0937,224.5998,-56.3622,-65.2056
180.8101,59.7336,76.6547,11.6082,57.0716,-37.2260,-55.3438,-136.0125,49.9246,2.3527,189.6158,43.2620,9.8671,-59.4840,107.5643,-41.4713,232.3485,-66.2887,-49.7971
232.5273,28.4751,108.1219,-36.9345,96.6024,-54.1029,-40.4072,-124.4415,78.3855,-55.4506,236.7996,10.2981,59.7664,-46.8122,111.3155,-44.1251,218.9606,-68.4137,31.2390
231.6154,-15.5210,151.6988,-34.6875,148.7436,-58.4175,26.1733,-92.3043,97.1713,-22.1876,273.2479,-6.2859,114.5735,-58.2426,119.3178,16.0254,215.8078,-86.9533,100.2740
227.0086,-43.1579,168.8113,-22.5755,178.0596,-45.5519,73.8378,-64.7241,130.5627,-1.3579,299.7584,-12.9557,152.2603,-68.4325,137.9770,64.5888,224.5077,-58.4005,106.3856
249.5385,-19.7595,184.0956,-9.7560,196.3846,-15.1529,93.8923,-79.8774,162.3746,-101.9668,302.4590,-10.6664,183.3956,-44.9619,143.8976,37.1339,231.2037,4.1977,96.0455
259.0396,16.1821,211.5280,27.6383,209.4988,27.3475,135.8925,-107.6115,145.2983,-203.9759,278.8919,12.6101,198.5129,-14.6142,123.9996,-14.8906,258.4731,26.0431,131.6849
247.6795,27.0621,210.6818,53.5423,207.2441,57.8042,181.5491,-85.9036,106.8396,-179.6140,249.6792,38.3317,188.4244,-24.2389,104.4965,-37.5317,295.7220,17.5501,203.8968
237.1243,35.7288,179.5389,38.6910,202.2815,45.7903,190.3188,-54.4568,104.6051,-127.4006,252.0787,42.2577,202.1787,-46.7416,108.1039,-58.7009,300.8972,22.3269,262.6151
221.0754,36.6706,173.8561,22.7275,221.7995,10.0582,193.3249,-71.3366,110.4584,-136.0984,299.5462,17.5577,268.2214,-35.4141,124.4282,-79.9938,289.1152,26.8141,298.5266
215.4324,-2.3405,210.1494,11.7598,280.7547,-6.3643,244.4671,-71.2685,106.2028,-124.1799,355.4475,-40.2043,337.8073,-12.5620,155.8044,-46.9002,278.3312,16.9017,333.2718
244.0255,-55.0762,248.9573,-34.4541,349.2434,-16.2753,327.9261,-7.8559,154.4866,-81.2269,384.0973,-100.2016,386.8723,-5.3470,216.5300,37.0014,243.6913,3.1181,353.7615
266.9146,-90.5360,276.1695,-89.4877,374.6294,-47.0043,367.8954,32.3656,241.7059,-98.8312,399.4127,-109.4940,447.9881,0.7678,275.2049,102.7954,217.0326,-13.4249,342.7650
260.6222,-129.6615,313.2897,-99.3597,380.7047,-68.9428,343.0056,17.6461,278.2991,-114.8947,422.8132,-92.1357,512.4327,2.3773,301.6152,114.3182,243.1081,-26.7427,339.5162
267.1645,-173.1739,350.2357,-93.4934,428.0845,-65.1011,331.9872,33.8277,295.2221,-6.6002,436.7078,-110.2798,531.2148,-8.8135,342.3830,93.5352,250.2964,-34.4663,374.7668
280.6435,-189.6628,352.9621,-117.1513,472.3192,-78.7443,382.9949,80.9707,378.2925,130.7467,422.6548,-132.7783,504.8639,-8.7237,438.9467,72.6157,188.0651,-54.0236,408.4699
262.7448,-180.9622,337.5499,-141.2558,446.2740,-119.7209,440.0060,69.2120,476.5775,127.0765,399.0072,-100.7906,478.4674,-0.4901,537.5961,52.8485,155.5454,-70.9722,408.5875
253.3254,-169.1889,342.5208,-140.1032,398.5002,-138.4933,469.1802,14.3096,510.2625,25.1663,381.7398,-50.3882,473.3320,-11.5787,576.2200,28.3420,203.0156,-51.4439,406.3610
281.4971,-163.9534,342.6498,-148.1179,380.1936,-121.9631,503.6488,2.3840,514.7070,-12.7051,357.8114,-30.6276,474.7173,-22.4214,570.0667,37.2667,237.2488,-18.0399,425.3820
286.6929,-168.5609,308.6994,-172.9670,369.0810,-105.7209,524.0147,19.9799,516.3085,36.1062,330.3535,-16.6147,471.9179,-14.0716,543.2170,94.8169,234.1352,-4.1612,442.2514
257.7268,-165.1211,296.0913,-165.3348,373.2483,-99.4691,482.7649,2.2859,464.5505,44.9415,326.0951,18.5340,480.2639,-13.5640,476.9047,113.8062,271.4391,7.9906,443.5651
260.2220,-134.3234,338.2626,-117.7424,398.9398,-83.8224,434.9397,-25.9315,370.2453,-41.3089,324.0251,58.3401,502.1873,-26.9178,380.2715,47.0586,323.9163,19.7846,451.7570
283.7860,-109.8168,356.8217,-85.0889,385.5925,-58.3773,461.2495,3.3438,322.7026,-95.6722,265.7522,82.2821,500.5827,-59.2359,319.0115,-2.5155,293.3775,2.8224,476.7203
264.9987,-128.7100,300.5480,-84.4743,330.5234,-44.3016,525.9124,67.4312,347.2996,-17.5768,167.8053,93.2149,462.5692,-162.6796,324.4897,29.0789,206.2639,-21.7445,483.1632
210.2407,-156.4866,233.5156,-82.6915,294.0074,-50.1535,550.6208,81.8839,383.8749,87.2451,101.4798,130.4638,428.1513,-308.6349,350.1025,71.3254,156.5687,-14.8187,429.7618
144.4188,-147.2854,203.9123,-77.0857,258.1443,-52.8853,534.1096,45.0090,390.2324,109.4983,51.2515,232.8579,409.3895,-348.6609,353.4494,102.1226,135.9796,12.3309,330.9798
62.7521,-119.4706,182.1680,-80.8578,200.1264,-31.9976,511.6861,30.2358,367.5280,99.8070,-53.9625,367.2235,379.1806,-237.0410,338.2733,159.6203,95.9471,37.2263,240.1442
-1.1090,-118.0004,153.9276,-78.1697,171.3047,-18.4759,485.6609,35.5341,310.1235,71.5964,-192.3492,473.2866,348.0305,-110.4537,293.4156,193.0842,64.5008,41.9045,168.3492
-12.9631,-160.7327,127.6217,-87.4282,152.1338,-55.5846,442.2885,-10.5500,217.8035,-39.0009,-287.4579,548.9510,340.5591,-76.1917,205.5565,157.6964,60.0941,-3.2895,82.7123
-28.3339,-230.9184,85.9871,-158.7907,70.2703,-119.5446,380.9008,-102.0555,130.8052,-159.2762,-334.9287,599.4535,336.8890,-96.4016,133.4042,119.3993,18.9807,-72.7819,-11.6289
-99.8692,-285.1997,35.6277,-246.4937,-18.4008,-153.7326,313.4448,-170.0323,79.7714,-181.8985,-368.1982,604.8351,316.6001,-93.1651,127.5980,105.3165,-74.6673,-89.5709,-58.9473
-168.4779,-291.3582,20.3204,-250.3647,-23.6611,-155.5330,263.0357,-195.7435,47.0037,-168.7456,-385.7504,594.6680,282.3497,-48.4412,120.2871,73.7425,-138.0339,-54.4515,-37.3427
-170.8547,-268.5339,35.1521,-196.7519,9.4497,-156.6862,243.5310,-187.2091,20.5132,-170.0380,-379.6645,613.0305,231.4059,-1.5126,43.5613,55.3268,-150.2934,-38.4195,-2.3737
-149.1262,-257.4583,29.6468,-186.0086,8.9130,-162.5725,228.4885,-145.9783,2.5798,-126.3722,-350.6291,628.2193,189.7792,24.8633,-40.0648,87.6052,-176.2666,-54.9622,-11.3801
-153.5579,-259.4598,0.0186,-212.5918,-8.4795,-163.1467,187.8803,-115.6207,-34.9890,-78.2387,-298.6013,607.8654,200.8041,68.3581,-57.0585,107.5165,-201.4263,-71.8724,-37.7514
-154.9695,-240.2214,-16.7116,-212.2153,-5.7685,-151.0477,150.4018,-126.9092,-95.3933,-107.7400,-249.5522,586.9456,229.9124,143.2728,-38.5543,75.4543,-162.1941,-80.0370,-23.1901
-137.0702,-190.6617,-14.8075,-181.7406,17.0330,-113.3127,147.2678,-124.3926,-122.6184,-142.5962,-230.2535,580.9656,212.5199,187.3756,-33.5436,42.9037,-115.2602,-67.3244,5.1819
-158.1961,-145.6025,-13.8104,-139.7529,24.3399,-56.0711,124.6651,-77.1482,-111.9682,-120.6270,-223.7647,560.7656,169.1703,175.7234,-43.4652,41.9086,-155.4682,-26.8962,-32.1133
-239.6013,-123.5143,-27.1934,-91.7770,-20.8775,-15.4346,35.0941,-46.9633,-111.6525,-95.3691,-221.7024,521.3711,127.7637,168.9770,-62.6438,59.2861,-235.5486,4.3551,-126.8140
-298.7798,-96.4416,-71.9053,-57.8861,-89.6097,-3.6522,-56.1386,-60.6081,-99.7701,-48.9743,-244.7441,472.4541,44.1508,190.6558,-85.9545,77.2082,-252.4726,13.6068,-194.2583
-267.0307,-50.6546,-143.3266,-35.4808,-126.9110,11.0453,-99.2818,-74.5232,-52.9069,52.8555,-263.5995,418.7527,-79.6862,196.6830,-108.6886,63.1673,-204.1815,42.9494,-207.6550
-180.4656,-7.9426,-181.9865,8.3400,-143.9850,49.1662,-154.6019,-77.0135,-43.5921,103.5535,-222.6513,387.8412,-159.8771,175.0576,-145.2554,11.6519,-139.2414,90.4962,-210.3419
-111.2003,33.0502,-145.0416,64.8284,-162.4137,91.9382,-236.4331,-76.3336,-96.4162,62.6026,-150.9528,391.0222,-176.3564,154.0556,-196.2218,-24.9562,-81.4940,102.5037,-230.0287
-89.8516,84.6020,-88.1095,96.6860,-166.9363,112.1298,-274.5459,-58.4372,-139.7623,60.1079,-123.6723,385.3130,-192.6115,141.1324,-237.4803,-26.1041,-62.2151,76.1261,-259.1952
-114.2753,107.6822,-90.7090,95.1661,-180.8098,97.8671,-286.8206,-48.3955,-177.9969,124.2225,-147.4947,334.7793,-231.9981,119.7963,-268.7533,-33.4804,-109.0149,51.4667,-282.8625
-172.7169,67.4866,-141.9355,61.2789,-233.6983,58.6569,-340.3631,-82.8691,-264.8918,138.5463,-180.7711,248.1950,-264.8866,77.0164,-300.9546,-64.5943,-187.8116,41.6517,-291.9348
-238.3190,14.2884,-185.3860,17.5467,-277.3916,25.1007,-385.8582,-111.3886,-358.1654,86.4102,-210.3080,158.5606,-281.8109,30.2116,-327.0843,-94.8337,-238.7774,49.8646,-291.3483
-275.4418,10.0613,-215.0877,21.1759,-280.5185,19.3711,-376.0159,-75.9073,-421.9399,48.4928,-250.2178,114.6751,-304.9906,14.9153,-362.1042,-103.1683,-262.7864,78.7120,-296.8885
-284.8437,35.6942,-256.2827,62.8000,-298.1481,29.1684,-397.9539,-23.0980,-501.0245,39.8735,-300.9203,133.1641,-358.4801,15.8219,-420.6220,-84.8144,-306.9373,99.3177,-323.4939
-318.8460,54.2489,-317.3793,67.1620,-362.1090,37.2516,-492.1317,-10.3948,-577.7766,18.0268,-336.6745,156.5825,-436.8262,-12.6991,-458.4390,-57.3289,-372.4051,91.8946,-379.3080
-395.0522,88.6663,-390.2102,52.1384,-437.8584,49.3245,-561.3709,-12.5271,-592.2876,-28.5744,-341.5991,133.5908,-495.4465,-44.7454,-453.7844,-38.5884,-407.7501,80.3164,-444.3510
-438.8980,155.4734,-447.4570,89.4054,-490.5930,63.8457,-565.7854,3.5148,-578.3282,-50.6421,-334.9846,80.8097,-501.5267,-35.3637,-459.0064,-9.7098,-399.3529,73.2463,-473.4421
-404.5341,200.3944,-461.0574,134.1978,-506.9890,61.5778,-572.8641,28.5832,-574.3534,-7.1798,-327.0770,21.1681,-481.4554,-28.2492,-480.7366,36.9364,-386.7065,57.0736,-466.2356
-364.7079,189.2615,-447.1418,121.9080,-503.2616,55.1222,-603.7510,56.1229,-548.5928,40.5343,-302.8778,-37.4221,-481.3484,-59.7559,-468.2365,61.5503,-380.3304,56.2455,-473.9005
-371.8611,176.7834,-436.4992,108.1874,-506.3307,82.3907,-618.8461,92.9172,-503.9500,41.0976,-276.5803,-76.3969,-505.2726,-76.1011,-437.6849,57.6102,-361.3772,88.0867,-493.1484
-374.9467,192.3872,-418.0076,125.6757,-495.3440,125.0820,-602.1064,143.9110,-452.7141,93.8205,-268.5028,-107.6548,-520.1735,-60.1772,-422.5095,74.2023,-344.7064,96.9658,-457.0752
-351.3743,181.5077,-383.6794,112.9442,-447.8354,122.5256,-554.2245,209.8644,-344.0308,242.2127,-243.5148,-165.2219,-497.5833,-65.8849,-376.5381,123.4547,-339.0685,48.9774,-362.1581
-336.3018,142.8949,-363.4432,81.0827,-401.9966,82.9745,-484.1032,263.6319,-201.7756,316.5297,-185.7499,-231.4527,-437.1331,-89.8981,-283.1378,164.0116,-311.6826,7.8197,-290.0423
-316.3375,147.1120,-360.6223,99.3777,-377.4817,72.0374,-431.9033,265.8375,-149.6100,232.1940,-150.1513,-274.3932,-370.3065,-85.8030,-211.8269,167.6233,-272.3918,13.7803,-280.4995
-277.8103,176.7031,-353.0922,130.4511,-357.2780,91.1738,-422.7569,240.6378,-187.2227,147.8087,-147.3710,-308.1869,-342.9961,-57.0311,-184.2650,152.7005,-276.2036,9.9310,-276.8411
-281.1297,162.0761,-354.9791,110.0675,-367.1252,90.3419,-422.1788,262.4238,-187.2468,169.7070,-123.0956,-344.1307,-363.6739,-19.9174,-158.2311,174.6638,-312.8118,-27.2566,-221.1966
-342.2633,137.9304,-370.9400,81.3009,-402.1437,78.0360,-384.0872,344.7401,-125.1827,239.4035,-78.6859,-382.5565,-370.7137,17.1618,-132.3532,251.6163,-333.0851,-32.5565,-136.5724
-373.6636,154.2331,-357.1904,87.2390,-374.9174,91.1092,-307.2936,421.1895,-75.9703,318.1728,-49.8705,-444.0766,-309.0584,16.3528,-116.9455,309.1105,-348.1010,8.0043,-76.7115
-319.7762,166.1024,-306.0485,93.0855,-280.9341,104.5791,-234.8685,442.5351,-45.8852,386.2295,-19.9019,-506.8242,-227.7666,-33.2292,-84.2378,296.9930,-366.1926,22.2508,-40.8194
-218.5908,159.2240,-257.3950,92.0936,-212.0663,91.1987,-210.7209,431.7606,11.7388,391.4267,29.9316,-521.5085,-202.8198,-87.7352,-28.3035,278.9570,-330.1528,0.5003,2.4994
-128.1620,181.6211,-204.8260,122.9596,-166.8064,94.5714,-225.7906,437.4822,87.6823,370.9761,92.1488,-532.8083,-203.1735,-131.4445,28.5320,293.7030,-228.2292,14.0037,44.9654
-73.8080,216.4581,-123.8064,174.2303,-93.1407,141.8715,-227.8536,461.8279,132.4530,412.7664,172.4315,-597.2075,-164.1738,-162.1686,79.2459,291.4435,-141.9520,66.2093,63.6051
-39.6967,225.5858,-51.2827,195.4508,-32.1063,178.5166,-193.5949,456.6751,140.8867,468.1592,244.3585,-635.0054,-112.1799,-137.6018,107.8924,269.0289,-124.3379,89.2161,64.3400
-14.0630,230.6252,-17.1061,174.8583,-15.4217,164.5112,-143.9046,399.1647,162.0869,425.8184,257.4216,-578.6291,-87.0313,-70.0480,107.3793,256.8931,-138.6401,77.9262,52.0751
-22.0311,233.0688,11.2662,144.7813,10.9104,136.4365,-92.3418,329.8220,218.8778,314.9277,249.4853,-515.3361,-63.5025,-44.4792,137.3488,215.1264,-116.9080,78.8626,34.3297
-34.0183,221.8847,47.8931,139.2729,66.1228,130.3322,-41.6652,288.5761,267.1980,261.7857,288.3285,-507.0700,-32.8419,-64.1800,236.1122,139.0108,-21.6718,89.1669,52.0070
48.3736,238.9147,72.2503,159.3682,119.1678,137.0566,-8.9923,268.2525,277.8532,304.0598,342.0091,-487.3273,-13.5780,-60.8258,319.1735,109.7855,112.7884,87.6480,122.2728
211.7109,274.4982,102.1374,178.2849,176.3736,147.0734,9.7965,252.6320,284.1248,353.1740,369.0355,-430.9968,22.8670,-44.3264,298.9812,119.6937,206.0139,95.6670,200.9564
322.1672,259.4019,165.6566,187.6124,249.8124,162.1266,53.2139,239.1561,296.6570,328.1803,392.7836,-393.4644,92.3469,-52.2033,224.6518,80.3776,237.4605,127.5256,249.1869
343.1638,227.0404,229.7843,200.6316,310.4937,172.9463,120.4921,220.2638,282.9620,257.6273,401.0853,-373.9050,140.2348,-45.6173,194.9714,16.2645,257.3882,156.0184,257.2353
340.0196,237.8962,249.6959,200.9799,324.3012,168.0872,157.2700,188.1970,260.7646,208.0763,371.4169,-332.0383,139.0592,-4.4799,217.8578,7.1030,276.7404,148.4129,220.9342
335.7440,222.6335,241.8414,154.3924,279.6963,137.2773,144.5089,146.8690,278.1776,189.6433,359.6299,-283.1835,119.1823,18.7404,233.8386,30.2409,271.0865,87.1975,177.0566
351.5134,140.8053,247.4313,80.7132,211.5819,73.9339,115.2925,109.4430,309.5950,187.4911,386.7226,-259.0461,92.5669,12.9152,225.1460,42.2878,274.2507,2.6254,181.3349
414.3918,89.3794,279.4020,47.8053,199.4867,15.4565,87.7722,95.8802,297.2196,179.5409,395.3922,-258.1757,75.7630,17.6709,236.7079,54.6764,325.0002,-20.1164,214.8432
456.7396,105.5279,337.2133,79.2255,277.8890,21.5555,76.6559,101.3746,255.1970,115.2695,408.8029,-275.8124,115.6705,22.5576,285.5683,43.8613,381.5511,36.4264,229.9812
436.7671,115.9864,415.3294,116.2035,388.5032,70.3207,120.3200,82.7291,232.7483,1.8990,491.9203,-303.7223,198.3291,-0.9969,313.7910,-23.6920,402.0995,74.4759,243.3583
454.8098,98.9676,477.7852,104.5953,455.3853,79.9875,203.3577,37.4996,235.8931,-63.8015,573.9077,-310.4325,249.2509,-17.7819,288.2525,-84.5801,409.4123,60.2832,273.4507
540.5467,85.6124,482.3582,80.2400,455.0399,52.9658,252.5540,29.5398,256.6766,-44.6620,554.3786,-282.1472,252.9767,11.3359,272.5391,-67.0433,413.1764,74.4519,299.9003
564.4453,79.4905,446.1660,93.5182,417.6130,54.4225,269.7797,69.0893,309.9530,1.0114,476.1840,-258.0045,252.7178,52.3691,316.6526,-15.8595,389.8074,109.9467,332.2605
488.6013,73.0278,424.5938,101.4749,387.2094,67.9361,325.4081,91.2169,394.9857,47.2367,423.2222,-281.6740,263.9024,58.3499,375.5610,-2.4968,355.2853,75.5835,387.7651
426.2221,52.5788,429.5345,56.9771,376.7717,39.4734,412.1812,89.2616,476.5132,99.5297,405.9333,-334.4775,276.4613,43.6159,414.2958,-13.3154,350.3294,15.6826,440.5650
441.2878,17.9509,445.0024,23.3182,384.9285,7.1179,462.6063,108.9561,517.2408,136.2930,414.4344,-353.0472,289.4819,42.4688,457.5916,-12.0569,380.6446,42.5595,488.2885
509.5653,22.4647,479.5058,59.5702,422.8483,33.0872,471.1349,136.4873,497.0074,161.9224,440.7084,-309.1936,307.1079,57.3528,486.4631,-5.0045,430.2472,114.0532,555.9387
581.6310,83.8644,521.0022,114.7914,464.3279,92.8344,472.2520,147.1450,433.6330,195.0478,460.4533,-233.5688,327.5697,91.5991,450.5341,4.0357,473.2140,130.0214,609.2283
586.7700,130.4839,521.4698,144.5133,458.4041,134.8512,474.2837,162.7918,403.1199,194.0986,462.3034,-162.9975,331.7784,155.0170,391.3523,21.0173,479.9012,112.2263,602.2724
513.6906,132.3449,486.2736,165.1246,429.6075,147.3931,482.1160,163.0045,457.2173,125.5886,442.5133,-110.2537,306.0502,203.9284,378.3863,21.7433,467.4826,111.7207,554.8972
451.2069,127.7153,468.3886,156.4620,431.0612,129.4866,498.4135,108.8215,526.9523,44.3790,390.6344,-78.4555,283.2600,182.1421,368.5600,2.7688,471.6469,110.6854,490.5709
445.4485,110.4370,462.3222,97.9253,436.2590,92.2434,503.9792,65.8511,536.7828,34.3593,330.5775,-65.4152,294.3012,130.9149,310.3391,18.8512,457.3651,100.7847,420.2067
442.2752,68.8890,431.8285,51.5787,415.8393,66.3935,497.8286,105.8605,549.7776,130.6917,299.2727,-62.8421,310.4870,127.7477,284.4292,77.7285,380.1453,104.9861,389.8051
407.8534,49.4646,396.2332,57.8943,407.1042,55.5154,503.4595,164.5631,625.0001,266.8699,285.4694,-60.2273,316.6793,156.1316,352.1419,110.1781,295.1865,119.2620,407.8703
369.0827,62.1779,377.0628,74.4485,427.0036,44.8009,517.0887,165.5644,663.7234,305.1546,275.3818,-47.1309,348.6136,168.3384,409.2748,109.2327,273.3854,127.2033,412.0046
336.8585,61.3221,353.2466,81.4762,453.0657,46.0597,510.6417,141.5181,589.9284,233.9256,287.2918,-34.3024,394.4973,174.0930,374.3643,132.1379,295.3951,128.6627,395.4580
279.0564,40.2273,321.8597,86.9796,472.0213,61.7866,475.8358,137.6549,497.5638,212.4191,305.2359,-46.3214,397.4683,175.2640,340.8095,154.6194,320.7252,129.0156,413.0763
189.5511,29.5380,295.9879,73.2190,454.8747,69.1874,431.3616,153.3915,457.7664,286.3224,291.8358,-61.7977,359.3711,168.1706,372.4538,119.3315,337.3355,138.6862,439.1013
154.4540,52.1193,266.6744,69.1879,384.5196,81.5219,391.4704,185.4199,407.3164,299.0487,264.2140,-40.7710,302.7833,210.1598,367.0070,71.2676,318.1487,156.9204,398.7940
240.2193,102.6488,241.0276,126.8338,310.4252,125.0649,337.3974,214.6432,327.2845,191.2941,246.6396,-26.5594,210.6224,303.6111,279.6125,72.7247,253.3859,159.4386,311.8387
318.1598,121.8163,233.4491,181.2955,263.1243,163.1729,256.6320,214.6790,289.0114,101.6020,217.2161,-83.6253,104.7570,344.0579,229.0737,98.6579,188.4077,138.2006,247.4552
234.9341,81.5988,213.7491,152.2271,215.7903,152.5260,190.9055,203.4086,283.7827,120.3472,179.3483,-157.2875,45.6572,351.0523,243.4112,114.1681,156.2947,109.8754,199.0628
107.1257,71.1112,173.0239,118.5255,178.8441,127.9119,149.6198,198.8621,216.3842,182.8882,169.0513,-160.7893,21.7481,484.0082,177.8461,119.6491,145.6304,90.3373,118.3660
108.7513,140.1086,158.7113,167.8342,169.4930,144.9636,53.8891,184.4477,68.8026,200.5420,164.2584,-126.8619,-17.7491,705.9535,-4.4139,112.7410,134.2747,112.1076,14.5168
136.5555,194.1752,156.6091,230.1764,139.9769,193.9669,-97.1664,172.5682,-68.0800,168.9311,116.2790,-126.2206,-73.2051,786.1512,-153.8838,103.4487,87.9472,186.6967,-65.0967
51.1752,180.1914,98.3604,230.5944,67.1382,215.5703,-182.2280,181.6326,-122.6747,157.6339,39.6417,-157.7621,-141.8629,683.1641,-201.7837,100.8704,-10.0377,229.0039,-121.6246
-49.1141,151.0750,5.7664,202.8635,-23.6282,173.7864,-196.5286,169.4975,-132.8977,190.4782,-35.7619,-203.8561,-236.6269,562.2554,-233.9286,79.1634,-106.2618,163.4585,-195.0148
-88.9907,114.8957,-63.5909,172.3740,-141.3094,102.6615,-260.5574,117.5232,-182.8192,176.0319,-118.9177,-252.9262,-321.3835,487.2031,-289.0960,44.7351,-156.2365,60.3157,-279.4490
-168.1760,62.3350,-139.6571,124.4463,-273.3366,62.0849,-365.2143,78.6134,-279.9846,60.8380,-199.2981,-261.5210,-358.6178,411.5405,-326.1678,38.8248,-205.8272,11.6497,-333.5435
-300.0953,51.1245,-242.7684,87.5295,-346.6833,56.5104,-419.5092,63.1057,-367.2271,-52.4796,-244.2274,-215.7751,-378.6012,346.1598,-349.3221,33.2934,-291.8129,4.2830,-356.6308
-379.6855,87.7000,-312.5561,97.6563,-351.3043,58.7581,-447.4118,34.4739,-431.8908,-67.9815,-272.7012,-171.9153,-410.5209,310.6721,-383.9867,-8.9504,-370.8852,20.1219,-369.3165
-404.5534,97.0769,-331.7107,123.0583,-345.2434,68.4936,-479.9929,14.4499,-492.5267,-23.2568,-319.3730,-165.6255,-446.6122,267.4313,-414.0102,-34.2630,-410.9548,59.6497,-367.0621
-430.9025,61.4764,-346.7262,107.7270,-348.2260,68.2516,-472.1211,26.9690,-523.7599,20.8205,-355.7397,-171.2321,-492.2029,202.2900,-438.0158,-27.6246,-432.8102,56.3583,-367.3745
-441.0158,22.2522,-363.6740,51.6787,-369.4208,23.4722,-455.2368,20.2392,-515.2924,39.9084,-349.0513,-162.6004,-537.7536,140.6995,-474.1642,-64.2093,-455.6862,-14.7937,-418.6113
-423.8352,7.9686,-380.0360,14.4787,-426.6362,-21.2712,-504.1950,-32.3080,-524.8572,1.1918,-333.8116,-135.5461,-544.9286,92.8471,-501.9989,-130.4867,-482.7588,-47.2606,-513.8492
-421.1367,36.1445,-430.1329,36.1138,-487.0593,1.1951,-579.4050,-80.7235,-582.4380,-84.8691,-351.2936,-97.3210,-536.5033,64.0208,-512.6224,-138.6593,-501.9016,5.8708,-593.3243
-445.2469,77.8744,-497.9846,76.4010,-519.9788,46.2483,-618.0711,-95.6392,-645.3765,-139.3229,-393.3450,-66.8500,-568.4460,61.2041,-548.1620,-111.2873,-485.5595,44.8100,-629.5176
-467.3309,74.7905,-525.1936,84.5102,-537.0048,50.6315,-628.2512,-90.8402,-681.8607,-135.2103,-435.8768,-49.5033,-605.9901,74.3648,-610.2105,-113.8455,-444.7997,21.5893,-628.4330
-471.2662,54.4895,-524.1759,79.7098,-526.0061,53.3467,-604.5858,-73.5417,-693.1976,-125.9242,-467.6370,-27.0478,-593.2020,97.0877,-645.4532,-115.2531,-434.6948,-0.0806,-595.5709
-481.8567,72.8543,-544.5140,85.5887,-494.1490,81.9545,-541.4261,-51.9571,-669.4573,-121.9068,-496.0381,10.6805,-572.2001,121.3605,-644.6375,-75.9670,-467.4739,6.7501,-545.2347
-541.9332,81.5199,-576.9726,74.3175,-501.8908,89.6832,-481.8496,-29.6869,-612.6871,-81.3684,-543.5348,57.7414,-578.9990,115.8822,-629.8000,-18.7701,-507.7154,13.7867,-496.7242
-624.2053,32.6433,-589.3134,39.7931,-529.4537,70.4206,-440.9775,11.2391,-565.9662,-26.5708,-595.6242,100.1168,-561.9650,79.5983,-593.9133,29.3355,-543.6982,14.6473,-466.9541
-626.7537,-23.1265,-578.1028,10.7936,-503.5083,53.1786,-414.6369,58.3731,-561.0984,-24.4356,-592.6673,115.3406,-510.6353,54.7658,-552.8491,43.8202,-569.3100,12.5951,-471.5815
-536.8217,-52.9785,-546.1650,-14.4678,-469.8190,24.3397,-434.1918,70.5651,-572.3240,-56.0186,-537.4037,102.9378,-490.8437,43.7849,-543.1006,19.0180,-553.7974,5.9581,-485.2708
-470.0436,-69.9849,-502.8690,-34.8431,-492.3926,-1.8548,-470.7317,64.7206,-546.3019,-45.8196,-513.1826,93.2883,-506.2107,21.4506,-521.8660,6.4602,-499.2855,6.0758,-448.6673
-471.0179,-54.7816,-466.9663,-16.1347,-500.7022,24.7759,-437.4373,80.6059,-470.8163,-7.4668,-534.0471,93.6504,-489.8219,5.6940,-430.4642,19.3931,-447.3802,14.0356,-375.9326
-441.4927,-4.2254,-424.8953,29.4040,-439.3654,66.7460,-356.0794,75.3873,-410.7941,-19.4376,-510.0628,89.3058,-422.1920,-2.6405,-343.5832,-13.8249,-393.2976,15.1979,-354.9667
-311.6223,45.7042,-347.0210,51.3039,-366.6036,54.6849,-317.0348,-1.1185,-434.1360,-82.6044,-401.0877,95.5642,-339.0847,-47.0712,-365.6813,-100.3097,-281.0528,7.2700,-395.2212
-138.9737,93.4466,-251.5591,55.7452,-324.5704,25.3615,-315.3207,-83.5592,-491.5797,-131.7173,-278.1396,122.4792,-275.0233,-102.6061,-433.4300,-159.4535,-112.2622,-13.0628,-408.6042
-19.1508,135.1753,-186.4297,67.0271,-302.0417,30.6398,-294.4587,-88.3929,-464.9135,-144.9872,-220.7411,133.9780,-249.5896,-102.6906,-413.1457,-180.8315,18.8434,-50.6279,-355.7283
17.6141,125.8870,-164.1670,60.6157,-278.0620,35.8291,-242.4965,-51.9222,-357.2349,-151.1688,-234.4417,107.7666,-243.1745,-85.9061,-319.8988,-207.1414,40.0146,-74.7393,-281.4394
1.5572,62.6839,-155.8933,24.4860,-223.0965,16.3665,-175.8740,-43.9110,-291.3221,-178.8467,-260.6465,56.6313,-205.4521,-126.6058,-261.0725,-212.1786,-12.2517,-57.8368,-216.7943
-42.5346,-21.3902,-134.3990,-20.3343,-157.8354,-8.3516,-115.6766,-40.4382,-286.7747,-221.0110,-245.3085,-20.5693,-133.7133,-194.2747,-239.2967,-163.4759,-69.6784,-35.6370,-147.1891
-96.7889,-118.2937,-104.9026,-75.0401,-134.5882,-47.2447,-50.3459,3.0114,-242.3941,-225.1170,-200.7866,-114.6321,-68.6524,-236.9286,-182.5008,-104.0307,-119.6025,-42.9752,-63.7086
-108.2850,-186.9836,-86.1885,-126.9779,-106.2347,-93.5474,60.4261,50.7226,-171.4814,-178.1909,-165.7538,-171.5710,-10.3336,-262.4665,-108.0946,-75.7578,-150.1841,-45.5869,23.4818
-50.2643,-174.3571,-69.7363,-128.8042,-11.5666,-95.0466,179.4838,57.5680,-183.3936,-161.3843,-133.7941,-160.2694,55.8179,-264.0748,-89.5198,-67.0855,-115.9870,-18.0884,113.6806
8.0939,-129.8147,-34.0613,-95.0508,72.3852,-62.2733,229.4696,42.4915,-218.2531,-210.1477,-88.8636,-111.8925,96.4427,-231.2299,-104.4853,-59.7774,-26.6786,-8.3762,203.9079
15.3534,-119.0609,11.8678,-89.2727,87.4005,-57.0170,246.5951,21.5973,-131.4273,-251.2599,-40.8133,-60.9453,104.4243,-204.1026,-76.0553,-55.3649,53.0714,-44.8179,260.8623
37.4645,-106.4202,55.3737,-98.1639,109.7410,-62.5594,285.8189,-27.1328,-11.2527,-273.5840,24.1015,-16.5470,142.1002,-190.4875,-19.9206,-69.0823,114.3245,-70.8465,260.3597
129.5759,-68.6858,111.8220,-73.5658,162.3662,-35.7941,286.0400,-97.8109,-36.8226,-345.6058,123.6586,16.6714,219.4722,-158.5108,0.7347,-114.0791,191.3725,-52.1262,232.0073
235.3221,-52.1255,172.7490,-46.9880,179.9386,-19.2865,229.7902,-160.3791,-113.5140,-435.3960,214.9445,41.5261,259.1294,-148.1743,8.9868,-172.0005,276.7282,-49.5973,204.7265
290.7903,-58.6417,201.1134,-61.8127,172.8494,-53.8247,205.1908,-217.9359,-37.5817,-448.0165,258.9653,66.6068,240.9559,-198.8212,60.3240,-206.1128,345.4037,-105.8006,163.2571
306.1935,-63.3014,207.1924,-93.7162,184.1157,-100.4623,215.4059,-269.3271,138.7485,-378.1581,287.6212,80.9272,236.9108,-237.9417,129.5966,-208.9725,391.0263,-168.3792,119.5275
316.0436,-91.7548,223.4427,-127.0021,192.0193,-135.3500,203.8631,-279.6429,248.9915,-266.8470,326.6500,60.2576,276.5317,-226.9155,173.7698,-200.9696,401.5624,-191.7811,130.2173
326.9636,-142.4423,226.2365,-178.9829,186.8740,-176.3252,209.6409,-251.8248,300.9601,-151.7827,350.3054,10.3202,314.5645,-239.8030,219.9859,-198.4392,382.7505,-192.3166,202.4207
320.1027,-162.4452,195.7658,-224.9516,192.7937,-204.6816,275.1619,-228.9486,369.4205,-86.7842,340.3936,-23.8824,329.6288,-282.9271,297.3121,-203.9359,372.6121,-176.0937,290.1104
285.8281,-156.0904,183.2060,-232.9225,210.3346,-202.1151,361.8688,-210.3973,431.8640,-67.0035,299.1866,-21.1597,340.5690,-284.6241,369.9440,-203.3398,369.9046,-145.5269,365.5067
247.4239,-174.8733,216.8091,-236.5856,236.1335,-208.2608,436.5655,-175.2001,460.5168,-46.3963,237.8419,-21.8783,348.0127,-270.6401,407.5736,-176.2330,336.2289,-148.2661,406.5909
230.8727,-221.6913,242.5437,-265.1323,259.4856,-239.6625,472.5332,-149.1396,480.6165,-57.8352,200.0166,-46.6586,342.8493,-292.9382,445.1901,-126.2141,285.4167,-200.0360,393.8415
241.5214,-264.1061,225.6898,-287.1807,250.8718,-260.7201,447.5958,-151.9396,492.8754,-106.8332,221.6744,-45.2848,339.9383,-291.8351,514.8552,-83.2379,264.3111,-244.3127,362.6690
281.3482,-282.1021,202.0611,-291.1469,236.9184,-273.3358,427.0215,-152.3852,484.1798,-85.8146,274.2208,-5.1335,357.9969,-235.6778,576.2087,-69.8662,269.8406,-255.2146,358.2219
325.7586,-271.4880,208.9231,-304.0309,272.2174,-299.8136,471.1942,-136.5790,488.0024,3.1831,311.7562,5.2260,396.4624,-209.9855,580.3602,-78.0566,267.2035,-256.3401,361.6152
319.1938,-250.4306,249.1880,-311.7823,326.2351,-308.8423,518.3492,-134.2527,540.3866,30.0629,320.6039,-27.1359,440.0293,-247.4501,566.6739,-83.2375,251.8065,-246.2576,347.2779
263.4624,-240.9172,298.6248,-286.9541,349.5421,-284.5928,524.7813,-156.6954,618.7690,15.2651,303.7687,-36.8780,463.5597,-276.8561,605.9257,-79.9113,250.4267,-227.1348,331.7507
219.6189,-235.8836,316.7795,-266.3393,359.8333,-273.0846,527.6356,-181.2411,666.9215,53.5859,285.3510,-17.1696,450.9752,-264.6528,663.1910,-81.8737,280.7507,-229.5654,325.2922
207.5409,-223.7844,300.8893,-284.3403,362.5757,-277.8033,507.4945,-189.0866,653.9988,70.0906,295.7991,-5.8224,422.3796,-235.9497,640.9250,-81.9280,320.3815,-239.4288,330.6024
225.8715,-211.5918,303.6404,-296.5705,348.7889,-251.0589,440.7930,-174.3240,596.9345,3.2338,310.9414,10.5101,412.0562,-204.1848,551.2719,-63.8174,329.5433,-214.9061,363.6035
294.9528,-197.6722,343.2463,-259.1501,365.0906,-204.2675,410.5730,-134.5838,536.5116,-30.9939,286.1076,33.1726,423.2013,-178.2949,494.2477,-49.4335,309.3997,-163.6438,418.3155
372.9072,-172.8800,369.7176,-200.0891,427.2207,-177.3878,455.6573,-78.7041,500.0518,15.7682,247.6858,19.4489,437.9594,-165.5943,484.1445,-57.9255,298.5828,-104.4306,475.6885
379.8832,-147.4450,362.8473,-164.1706,467.3633,-156.6834,486.1841,-38.2529,480.5082,35.0404,254.9976,-7.9621,453.0647,-151.3204,462.2531,-56.1859,319.0093,-44.1680,527.6299
345.3058,-135.4902,359.9379,-159.4657,455.6656,-134.6096,453.8042,-47.0793,449.7151,-17.0792,311.0746,17.0886,477.6277,-131.1176,432.6988,-29.7023,365.8961,-22.7297,542.6329
346.8852,-132.9203,373.4283,-162.7274,432.0753,-136.0918,416.3218,-89.9353,408.2741,-73.1732,375.7201,73.6645,513.8378,-121.9285,429.4770,-20.9328,413.5746,-49.1741,504.4041
356.5119,-130.3156,383.7123,-144.8282,420.7722,-142.4197,427.3792,-106.9636,400.1013,-85.0858,411.6013,95.0104,547.6140,-121.2424,436.9803,-38.4864,418.4830,-56.5020,474.5092
318.4882,-127.6593,387.7570,-117.1279,419.5309,-121.7040,476.0397,-80.4517,435.8982,-75.2326,404.5062,76.4884,551.2938,-111.4641,455.9547,-37.1960,373.2340,-25.8882,480.5313
265.4256,-128.5167,385.4850,-122.3785,411.3641,-99.3447,490.8744,-62.3745,454.3705,-108.6277,376.2567,50.7556,510.1737,-90.1793,506.2711,-9.5421,329.1550,-14.6194,440.0968
250.3688,-122.6137,370.1061,-141.5178,371.5327,-95.4266,411.6821,-93.6784,420.2362,-190.4130,350.9111,47.0783,445.4522,-61.9717,524.0220,9.0244,320.7417,-33.1268,323.2758
272.4873,-91.7903,349.6932,-109.4745,319.9686,-88.9482,289.9919,-163.4283,377.8622,-227.4306,314.6350,94.0349,391.2131,-29.8170,447.8494,8.7966,324.6186,-60.1669,215.8369
285.0587,-48.5514,321.7361,-49.7789,288.5100,-81.7627,216.2688,-239.0649,354.7144,-195.0980,256.6725,180.1360,361.0990,0.4055,358.9719,4.0478,308.2469,-107.0082,157.3702
236.3882,-29.3245,266.2405,-45.1524,248.3685,-85.1129,185.0767,-275.1122,320.1499,-177.9424,203.8990,239.2911,346.4726,19.6377,332.8417,-0.6218,263.0005,-143.3764,121.4805
143.5873,-37.8651,205.4840,-86.0063,187.0612,-82.8849,161.6774,-243.4571,268.7844,-180.4315,170.4010,223.8664,322.2623,11.0650,305.3692,-9.9849,197.7397,-115.6931,121.0520
76.9793,-54.6872,176.1371,-107.2195,151.2088,-82.7745,164.8621,-194.5582,244.2227,-163.0099,134.4170,162.8020,265.4806,-27.1179,253.9965,-30.7332,126.4278,-71.9333,150.1109
41.3707,-83.7047,140.7995,-110.9553,128.5563,-106.2102,184.6048,-203.0362,273.3787,-183.5033,84.4388,127.0364,191.2097,-56.3676,256.4299,-58.5115,52.3754,-85.2029,135.4179
-9.6920,-118.2373,59.1265,-119.6355,59.1950,-125.9743,160.4675,-248.7607,328.4270,-221.7331,35.0093,137.2583,133.0252,-51.3370,274.0647,-74.8137,-13.8593,-121.8557,59.7467
-66.3793,-112.0816,-12.6744,-112.2777,-28.2051,-120.7759,78.5908,-254.9753,345.5284,-131.5589,-0.2468,138.1298,82.8528,-39.5139,188.7568,-76.1951,-39.3515,-129.6846,-16.9315
-96.2495,-52.2859,-30.7148,-87.5087,-71.8364,-118.1163,-22.4598,-218.4706,280.5477,32.5470,-26.2396,108.1303,7.7870,-36.2764,41.6067,-76.0096,-31.5441,-121.1013,-84.4576
-100.5107,1.0184,-55.1047,-74.2428,-99.9522,-119.6701,-120.0430,-199.9723,147.1658,44.8338,-59.6927,110.8210,-86.0041,-24.8460,-60.7145,-73.6751,-51.4190,-106.7994,-173.9229
-85.2537,-5.7487,-124.3981,-68.5296,-162.5291,-103.8353,-213.3952,-217.8656,-18.4259,-84.1094,-101.7396,159.7835,-161.0681,-15.1254,-135.5792,-64.1681,-115.6167,-85.8106,-265.0305
-93.6474,-45.8452,-191.0307,-55.1667,-240.8136,-90.4245,-297.4116,-231.8123,-186.3749,-159.3724,-140.1592,176.8250,-200.0421,-17.9873,-209.3718,-52.5929,-189.8315,-77.5819,-331.6956
-187.9799,-49.0830,-239.3793,-44.6828,-294.4388,-88.7182,-363.8619,-211.5680,-311.8980,-152.1328,-189.3389,146.8662,-222.7862,-6.7763,-249.8562,-34.2947,-266.9116,-78.9177,-399.8911
-311.7788,-4.3533,-303.3202,-37.4177,-325.2886,-66.4523,-420.0843,-171.6577,-376.4159,-143.8386,-273.3766,127.4974,-269.7019,12.6665,-287.7262,-10.7670,-342.7708,-61.7660,-474.7415
-362.5022,17.3977,-370.0774,-23.7396,-369.9673,-29.9398,-477.6302,-137.4344,-429.6293,-131.0713,-371.3674,111.4236,-352.3796,1.6755,-355.1959,-10.7139,-397.2376,-21.5869,-503.0908
-385.4819,-20.6255,-411.9062,-16.9655,-434.0872,-15.0769,-508.8859,-107.3443,-495.1502,-97.7212,-444.0436,73.0265,-421.6019,-16.5730,-395.8365,-34.9567,-457.0495,30.5813,-470.8135
-452.7789,-58.4963,-450.5770,-22.3267,-468.8609,-17.2470,-488.9766,-71.6237,-533.7683,-71.4553,-483.8655,61.5148,-441.5915,-2.6916,-421.4781,-36.7726,-546.0143,68.2306,-454.3310
-493.2787,-50.3578,-498.8544,-21.3661,-472.3485,-27.2158,-483.3936,-46.0203,-562.8742,-57.8646,-495.4027,100.0223,-463.5813,9.1425,-520.5899,-4.7205,-604.9835,48.4629,-515.5733
-459.6866,-24.4876,-538.2885,-19.3934,-524.3802,-52.7508,-563.2991,-49.5348,-638.3156,-54.0153,-493.2160,135.6116,-545.4479,-6.8158,-644.3423,17.2220,-600.4448,-14.7692,-616.2100
-435.9344,0.5690,-581.4916,-35.8059,-638.8960,-70.6782,-677.5105,-67.2398,-716.4289,-68.4127,-519.3574,142.0245,-659.5609,-11.3319,-687.9160,8.8073,-587.7086,-54.5234,-687.5624
-459.6186,24.6420,-647.7196,-51.8382,-727.0204,-59.2314,-746.6991,-72.2565,-734.8608,-94.4793,-578.5757,117.9600,-750.2274,-1.1797,-703.8707,-12.2386,-584.5240,-57.0417,-713.8480
-479.3815,15.5475,-698.8603,-44.6425,-752.6160,-41.7613,-775.8002,-69.0351,-750.2548,-138.8623,-607.5300,39.6841,-802.6296,-24.4207,-763.3808,-38.2667,-564.6716,-49.4986,-714.0630
-482.2579,-27.1117,-692.1219,-41.0752,-750.9448,-36.8535,-788.4136,-83.7150,-811.7838,-203.0612,-575.1852,-60.3826,-813.9210,-80.1308,-807.9861,-64.0971,-557.7006,-37.4695,-714.1123
-483.0742,-47.5738,-648.2497,-68.0645,-720.0174,-46.2389,-794.7709,-119.0523,-850.0966,-217.1310,-526.5246,-99.6286,-778.4525,-123.4810,-805.4778,-70.4974,-580.5085,-45.3736,-736.7084
-481.0960,-40.7811,-607.3641,-92.0803,-652.4321,-75.7471,-815.1030,-144.7519,-829.9594,-144.3591,-502.4983,-85.0829,-718.1683,-136.1158,-806.8892,-63.1513,-579.6144,-87.3374,-754.2013
-488.0515,-46.4164,-572.7819,-69.6852,-587.6262,-90.0833,-821.6017,-137.9071,-828.8477,-94.6998,-504.8104,-89.5335,-669.5078,-124.6499,-819.2719,-77.8645,-540.3599,-91.7950,-700.1213
-494.5841,-49.1870,-527.4861,-21.5378,-540.4123,-41.5337,-769.5906,-109.6089,-883.3767,-154.9478,-519.9017,-112.2350,-643.0158,-105.4638,-822.5038,-117.9097,-503.4990,-20.1243,-579.1724
-468.9645,-31.8547,-469.6937,2.6187,-484.7460,28.0083,-701.6809,-79.5799,-917.7113,-234.3755,-522.3586,-112.1729,-618.2624,-102.0879,-822.9846,-141.4181,-477.3823,43.1994,-470.2366
-445.1222,-45.2029,-419.6484,-1.5524,-419.2279,45.1244,-653.5228,-51.1826,-858.3809,-240.3314,-501.4474,-111.0964,-570.6501,-117.6912,-797.3229,-129.2367,-459.7721,52.5443,-395.7016
-484.7967,-109.0332,-392.6682,-15.1917,-367.7460,19.2867,-568.2267,-23.5912,-724.8474,-229.4302,-482.5368,-145.9460,-506.1387,-136.0883,-730.8279,-110.4887,-457.1610,61.3477,-311.5549
-552.7758,-157.2691,-375.6447,-44.0828,-344.4619,-10.1521,-446.6832,-6.2187,-594.6370,-251.5813,-468.2181,-187.8771,-458.2858,-151.7529,-680.7269,-114.4954,-437.7474,71.3960,-226.4141
-549.4144,-145.9588,-348.3992,-78.7218,-340.9831,-37.1634,-380.2055,-17.0261,-506.7083,-232.0902,-419.6067,-188.2449,-437.2889,-162.7665,-664.7836,-145.1624,-392.2967,38.2908,-207.6204
-444.2218,-112.1585,-314.4922,-81.4787,-331.1648,-53.8618,-377.8890,-61.9342,-415.1668,-113.5233,-340.2971,-155.9019,-416.9315,-160.1152,-606.4005,-182.1172,-378.7637,-18.9477,-264.6968
-321.4366,-103.6792,-293.9166,-65.8979,-310.7314,-62.5217,-365.9341,-101.4638,-268.4341,42.1660,-285.3789,-134.0260,-381.7873,-144.9296,-469.1469,-173.3003,-402.2968,-69.7203,-317.3037
-283.8165,-117.3850,-295.0402,-80.4083,-299.4325,-85.2446,-320.5715,-82.2376,-113.3283,149.0511,-265.0970,-132.6073,-343.0773,-125.4251,-315.1894,-93.8672,-391.4895,-113.5838,-303.2341
-296.7393,-119.3190,-295.4073,-96.4578,-279.9770,-97.0843,-272.4788,-23.9074,-53.6039,178.4717,-231.8836,-131.3431,-306.0174,-100.5249,-220.0129,-19.7813,-328.6594,-122.4297,-255.2088
-232.0376,-102.3844,-253.4706,-55.0012,-225.1370,-56.1232,-250.0667,9.1174,-110.7291,146.6121,-166.6204,-120.9765,-256.0950,-67.2096,-204.2083,-29.2017,-253.5673,-80.0893,-224.6875
-107.8137,-91.6780,-164.3717,4.7789,-168.1185,2.8339,-237.2210,18.8156,-186.9632,100.5456,-102.9547,-100.4518,-179.8683,-33.2038,-214.6944,-71.4085,-180.7325,-30.7809,-194.1324
-61.5698,-91.2263,-84.9464,13.9007,-134.3252,25.3008,-174.3692,38.8962,-180.9012,81.1749,-63.7207,-74.3520,-90.7841,-17.9837,-174.1852,-69.7106,-118.9135,-3.5940,-137.0886
-86.5934,-81.9550,-59.3147,-4.3336,-87.1715,20.1727,-68.1147,44.9705,-99.8064,77.8280,-30.8197,-67.3638,-21.8617,-32.1145,-79.6154,-47.9640,-85.4650,8.2699,-79.5909
-87.8863,-64.1596,-62.9399,-4.4696,-16.8215,8.7131,8.3464,26.5478,-17.0237,70.0497,8.1774,-81.9068,22.7816,-49.2134,11.2598,-34.8048,-65.2754,2.7950,-22.3660
-92.7530,-46.6308,-57.8764,-1.8274,46.0678,-6.3635,80.4948,35.8718,45.1326,64.5204,32.0482,-79.9829,72.8864,-40.2234,78.7138,-6.6149,-38.8684,-3.1100,76.0529
-121.6908,-35.8755,-36.6422,-9.8162,98.4888,-10.4382,201.3695,73.6301,109.8467,44.0494,33.6079,-62.6958,130.0859,-25.9962,138.6768,17.8002,-17.8501,11.5187,188.6245
-73.4685,-50.9554,3.7608,-10.6381,137.3327,-4.6301,277.4446,84.4909,161.4831,-11.5993,48.1665,-65.5169,170.4476,-27.4505,191.0810,13.8010,-3.3950,14.8205,243.0031
57.6385,-78.6994,66.6605,-11.9837,155.7778,-14.5880,259.9041,81.2579,171.0674,-49.1595,96.7383,-60.6942,207.3251,-17.0836,229.4327,34.9060,29.6563,-6.2048,249.8805
142.5525,-69.4637,140.5185,-36.4713,194.7481,-34.1525,281.9017,100.1854,173.7078,-23.3938,152.6763,-13.9522,263.3167,8.0120,252.4444,94.3084,102.8904,-8.9391,268.9781
164.7191,-39.0773,209.7431,-70.9856,263.9032,-40.2019,374.4636,105.6785,225.4217,8.8416,196.3719,21.2161,313.5258,9.4807,272.7425,115.3959,213.3266,-5.6858,308.0598
213.7748,-47.3437,257.5518,-86.5473,297.0531,-43.2803,407.7920,81.8795,312.8825,-1.0798,247.8060,20.1559,335.9383,5.9304,324.3015,97.0564,313.8501,-42.0070,346.7694
288.3861,-69.4453,271.2998,-75.1485,296.7530,-50.6595,387.5611,77.1893,375.4424,-14.6420,323.4905,53.7465,357.6880,46.2741,399.7988,107.5926,351.9500,-76.1271,372.8332
326.6248,-55.1390,275.6461,-44.9926,339.7095,-39.8296,415.2444,87.2280,388.7242,-3.4471,403.6404,128.7228,403.6384,97.3827,433.2631,117.1766,351.1230,-62.8520,372.7372
327.1732,-34.5396,309.2314,-10.3256,409.4857,-9.5944,465.7670,64.2347,386.3638,15.5801,461.2881,164.6589,462.7070,107.0627,418.0420,67.9420,372.8820,-47.2794,365.0327
339.5093,-24.4616,359.3328,12.1889,444.1764,11.3725,498.0536,28.1561,409.7369,25.3309,503.8755,156.7712,515.0997,105.3434,427.9957,15.0327,420.2436,-43.8260,394.4774
402.0830,7.5486,399.9532,16.4582,474.0479,16.7179,539.4182,20.3870,449.9536,-4.4553,552.9484,153.3489,555.2576,120.2060,480.0868,13.9929,473.4825,-2.0096,456.1030
487.0417,37.0848,458.7080,19.9711,534.1300,32.7166,560.2262,26.8862,465.5947,-76.3921,589.7989,139.5103,598.0153,114.8019,525.1923,21.2228,544.1388,61.7863,511.2102
526.9318,34.8063,551.5638,46.1724,589.1372,70.7245,538.3008,27.5891,464.0206,-111.5507,586.1061,103.0893,648.2362,82.7355,565.1300,6.6352,617.1673,81.4308,553.7082
532.1112,45.2066,620.1770,75.9211,621.4913,92.8055,552.8966,19.6990,499.2154,-73.2035,581.3063,86.3200,669.8781,64.3958,633.2976,1.1203,648.4897,55.6174,585.0983
558.6055,61.0678,619.3243,55.0705,640.3218,55.3365,629.9613,-3.5428,569.8455,-36.5301,631.2662,94.0365,653.4413,49.8204,705.3944,11.5806,640.5411,25.1060,595.9128
570.8725,14.6182,591.5634,-14.1322,636.3160,-16.4756,692.1373,-20.8496,612.0077,-29.5148,700.8055,86.9705,659.5620,2.1914,732.9852,16.2649,618.4886,10.1355,599.8915
538.2614,-52.5730,593.2432,-59.6947,624.3332,-57.1275,701.2297,-2.4573,613.0227,-0.1662,719.5288,63.5263,704.8474,-45.3877,716.0561,15.1140,585.9068,6.9772,607.9574
556.3889,-55.5956,616.4858,-52.6952,632.0008,-53.8200,673.1584,22.6599,621.4279,34.0491,692.3646,51.1757,720.3233,-37.2087,690.1315,18.4143,569.3585,-4.6716,597.8198
653.3130,-27.9410,625.9392,-32.3999,636.2459,-35.5792,630.1925,18.4608,640.9174,26.8201,657.0587,59.9652,687.1270,3.9829,673.0362,28.6195,603.7620,-23.3222,563.7234
686.6404,-13.4230,612.6849,-12.7743,609.6177,-9.5144,603.6140,7.3740,634.7639,18.6519,614.2433,76.2426,655.3102,19.9229,655.9883,47.1858,654.6047,-13.9943,532.7260
592.7751,18.0845,582.1536,18.4701,568.7901,21.9862,585.0364,5.7772,605.1824,35.7918,559.9304,75.1837,633.6526,11.2610,638.3208,67.1932,658.6089,19.0371,518.5247
482.2008,52.5239,534.8275,45.1427,537.9778,45.7207,551.1505,-1.6162,563.0609,30.3609,507.4896,66.4688,616.1431,16.1560,625.3961,72.5886,616.6417,38.8845,518.9308
439.4815,55.2824,486.2262,63.1976,536.7726,69.7510,550.5499,1.3655,496.7626,8.9169,468.6898,94.9573,621.6897,43.6725,597.3558,59.6106,567.9341,59.6429,528.1276
453.4837,67.7822,463.9296,91.8669,559.7439,99.1497,597.9753,33.1435,439.7793,28.8888,455.5239,149.9167,610.9857,76.6554,547.8044,41.3786,523.9373,96.6395,528.5688
481.3132,100.1060,458.5778,107.5020,551.7361,108.9320,605.0987,62.1559,446.7862,72.6345,461.0741,172.8464,536.1235,94.8685,514.1856,26.1629,474.1032,110.2689,519.3145
450.8637,93.3040,435.3967,84.9192,498.7477,98.8315,561.8919,75.2718,488.8510,97.3068,439.8862,169.3702,464.4086,81.4281,498.7514,9.1114,410.8043,104.8663,517.3453
341.6384,70.7665,400.8274,72.8547,461.5201,103.2346,545.9609,105.6147,514.8209,133.9685,365.2914,177.4316,450.9312,52.9051,462.0608,-2.3132,342.4358,132.8049,499.4843
264.1216,107.1363,374.4662,110.2492,437.5345,127.6217,525.8574,147.1783,543.7896,211.5512,270.6062,175.4146,414.2127,55.6439,424.1532,14.6515,299.3408,170.9506,423.5383
290.5992,171.6893,328.5918,155.5930,365.1929,155.8347,431.7985,158.0926,560.0853,281.9187,195.9105,146.9406,312.4215,91.9428,407.4277,49.2233,296.4682,171.5869,311.3248
328.2149,193.5091,254.7358,177.6286,280.2512,188.5783,313.0930,150.3692,481.4248,300.9517,146.4462,125.7411,230.8780,115.3185,339.7518,64.1155,298.4647,168.9124,229.7196
295.0230,180.5902,213.6231,195.6115,254.1399,213.3805,225.8320,169.0717,330.2918,298.7191,108.2936,112.4971,197.9916,114.0580,201.6017,74.4724,264.4715,189.6471,206.4533
230.5698,169.9260,226.3358,210.7920,250.8457,208.8356,159.0103,208.1524,226.6135,308.9723,70.1391,86.8725,156.8576,112.2928,107.2897,118.3829,203.3742,198.9331,207.7166
174.5582,177.2661,228.0518,215.2003,216.8203,202.4516,123.2439,222.9803,192.7556,292.5056,37.2923,77.2659,112.2437,112.8045,98.0474,154.3603,145.7847,199.0160,173.1323
125.3734,206.3467,188.1045,232.9436,160.7352,235.9250,113.3436,195.6365,164.2101,207.0444,7.7143,96.1154,85.3222,118.1843,84.8235,127.7021,100.8372,219.1871,81.8888
85.2474,236.4022,138.8945,270.0670,77.9136,287.1634,69.8412,152.0172,116.8467,110.2888,-49.8959,104.5801,26.7634,144.2970,35.3825,92.6091,70.5142,234.8372,-6.5708
22.4179,244.5372,80.4785,286.7292,-29.7730,302.0302,-8.6216,134.7860,42.6064,89.5700,-128.5360,101.5332,-67.2281,171.1137,-16.0695,122.3787,48.6900,217.1442,-34.8525
-89.4664,232.8268,-7.4679,256.5656,-113.9851,267.3785,-70.4310,161.5378,-65.4726,123.1317,-167.1389,117.3616,-117.8971,168.3471,-72.8854,180.6635,0.8595,176.2849,-34.7440
-164.9413,198.4617,-97.8902,200.0008,-173.3421,210.9872,-112.5900,203.0900,-163.3674,126.2023,-173.1520,136.8168,-118.6252,156.4989,-129.6811,196.2899,-78.8345,122.5175,-52.1948
-129.3128,155.0141,-154.5811,157.8563,-237.8035,168.1172,-144.0333,217.6035,-225.1683,92.8287,-210.7425,141.3692,-141.8178,161.1223,-163.3801,170.9540,-129.1033,76.0609,-74.4077
-79.9974,158.0033,-181.1652,152.9760,-266.4334,154.8703,-155.3425,198.6563,-282.7230,85.2862,-245.4863,154.7666,-187.6218,170.7273,-195.0882,152.8733,-128.6409,60.5648,-101.0678
-122.3484,207.9429,-198.5386,167.0396,-247.6829,150.1000,-169.7806,167.0883,-323.3617,126.8772,-215.8771,184.0903,-199.0012,181.5229,-225.4671,172.7026,-150.4001,49.1032,-165.8040
-198.8976,230.8209,-222.2016,170.7561,-269.9167,129.0192,-209.2236,134.9574,-317.7882,182.3121,-191.1360,202.9331,-187.6523,197.4844,-225.0941,212.7463,-220.0508,21.9704,-251.2392
-243.3864,214.7045,-250.9886,167.9123,-338.9445,114.3475,-258.4971,108.7772,-329.1803,213.7251,-233.3192,196.6485,-203.7092,200.8993,-244.4133,228.5120,-265.5168,23.4474,-309.6374
-288.2938,201.7865,-264.0804,165.1689,-353.7609,133.7772,-315.5695,100.1856,-407.5772,209.7644,-273.4909,169.8145,-241.4253,193.7677,-330.3000,218.6201,-270.9026,52.6698,-358.4243
-323.1394,171.8286,-261.2957,142.4800,-326.8661,148.1044,-382.1836,93.6924,-486.0051,170.7656,-277.2107,146.9869,-271.2809,206.0473,-399.3340,217.4308,-292.3855,38.8337,-436.1634
-283.1975,113.5657,-269.8763,105.2016,-354.0158,112.1214,-435.0179,46.7104,-514.1723,111.1924,-287.4914,160.2329,-294.4305,229.2489,-397.5058,213.6810,-318.0794,-7.5641,-513.4092
-208.7831,96.0725,-285.6498,92.9908,-404.5758,66.8469,-471.4113,-30.4461,-528.3499,80.1963,-287.5523,192.7606,-316.4250,220.5367,-404.9725,178.9855,-310.9788,-5.7032,-546.7203
-204.0556,131.4043,-289.2972,103.6126,-397.1761,63.7343,-498.7127,-60.9546,-542.0216,101.4524,-273.1034,197.1369,-339.5544,172.6277,-447.9633,146.5058,-317.6040,34.0687,-549.5909
-270.8708,138.2686,-305.8164,93.7083,-368.1476,66.1671,-499.9617,-19.5915,-536.3821,100.6756,-322.6389,178.4518,-382.4672,124.7103,-452.4080,154.1521,-369.4547,43.0747,-545.7912
-335.3007,101.1353,-349.8152,63.1001,-381.0363,40.5854,-489.8132,28.1881,-524.6157,22.4234,-417.5007,166.2892,-438.4728,116.0084,-421.5280,174.9323,-409.8198,27.2174,-534.1938
-369.2686,81.7899,-382.7318,54.9134,-419.9858,35.6494,-502.2162,42.8889,-511.3635,-40.9889,-453.3996,144.7235,-462.4665,137.2128,-422.1578,174.0560,-414.6368,26.9481,-531.0068
-402.7917,86.0117,-402.5511,73.9787,-467.7985,65.9305,-515.7211,47.8594,-476.4862,-14.5428,-470.3419,99.5008,-457.6472,136.3356,-440.3963,154.8481,-430.5178,34.5668,-557.0558
-463.2701,70.7314,-457.0627,74.1707,-535.5901,67.0454,-513.9898,44.9007,-437.4623,7.9977,-548.1458,58.6996,-480.2604,98.2759,-425.3135,128.0325,-473.6705,33.8948,-576.2543
-524.9844,35.9816,-527.2362,36.7372,-591.4523,33.3840,-528.1225,24.8333,-432.5443,-34.1418,-590.2479,34.0430,-526.3953,61.1036,-395.3273,96.8280,-518.8607,39.8119,-543.9705
-531.4265,16.5593,-540.0670,8.7588,-587.1642,27.9933,-543.2263,22.7870,-455.8008,-48.9708,-516.2098,6.9348,-540.9725,32.2357,-402.7439,60.0711,-542.6936,64.7641,-492.5423
-481.0811,22.1546,-493.8068,27.5205,-534.6778,51.2546,-517.5346,46.9362,-475.8883,-17.9054,-437.0993,-26.2359,-528.4316,-2.7503,-453.0740,17.8881,-523.1261,96.3106,-469.7339
-429.1017,25.9097,-438.9506,54.1886,-476.3894,60.2247,-482.8159,44.6524,-491.6696,-36.6423,-430.7456,-58.1446,-521.8345,-11.1592,-503.0750,-13.7027,-472.0727,109.8198,-450.7995
-397.4299,8.5240,-390.5868,44.8126,-425.9887,57.4660,-475.6455,15.2520,-522.4810,-74.8384,-422.4330,-81.0277,-498.1248,19.9802,-521.6835,-29.2272,-437.1494,90.5908,-399.8117
-366.1217,-6.4949,-350.0606,27.2649,-379.5403,53.4757,-461.7270,15.5240,-549.7376,-30.3446,-372.3704,-80.2755,-435.4795,35.1041,-522.1555,-52.2696,-417.7278,57.6461,-338.1282
-323.2840,4.7318,-321.5561,36.4831,-336.2203,46.5523,-417.0153,31.2310,-521.0619,25.0894,-323.6216,-70.0804,-370.9764,18.6363,-514.9137,-76.7062,-373.4240,54.1053,-290.6691
-266.1205,21.7575,-279.1173,54.5063,-293.5742,61.3587,-363.4158,7.5327,-435.8531,-24.2759,-282.3926,-88.1150,-338.2264,12.4981,-475.5910,-66.6202,-314.5735,92.5598,-251.6558
-217.5250,24.1356,-214.9015,65.7347,-258.4468,95.1914,-319.4797,-28.5567,-347.0010,-94.2643,-232.0278,-111.4850,-331.9649,16.2990,-393.1185,-45.9711,-273.3345,126.8877,-223.4389
-212.2480,21.5398,-180.8335,74.8080,-244.6100,93.5932,-289.0194,-26.8581,-253.5804,-54.9414,-190.2630,-74.4551,-332.0049,19.6054,-295.4602,-65.5633,-239.6227,105.2968,-207.3946
-204.4072,14.8511,-196.3770,63.6819,-236.0614,55.8166,-246.6820,-6.6245,-116.6717,47.5215,-167.0067,6.7272,-303.7448,47.1522,-216.2727,-88.4691,-209.4540,37.8477,-181.5878
-134.1213,2.4871,-204.0378,31.1086,-203.0442,42.3288,-160.2221,13.8602,27.6211,116.7941,-149.1600,49.4585,-232.6073,75.3819,-175.1711,-42.9781,-204.8167,-22.5113,-141.1955
-81.2664,7.8387,-173.4544,31.9566,-157.1943,66.2912,-71.5691,53.8378,117.6278,166.0942,-138.3331,47.4418,-167.8479,61.7656,-164.6626,48.9207,-208.6001,-47.9230,-105.7039
-119.6126,35.7760,-134.1118,89.7324,-122.1690,96.3996,-40.9967,88.5816,156.9506,217.8874,-147.5517,69.6632,-151.6736,51.9137,-151.6062,100.7583,-178.3766,-46.5486,-80.9158
-142.7951,59.1376,-97.1166,144.3975,-85.1542,116.3022,-36.2088,67.0454,151.1091,213.9813,-172.4265,124.8687,-150.6632,83.8245,-125.9470,77.0637,-121.9159,-36.3754,-71.1433
-87.0847,71.8869,-57.4497,147.1243,-46.8650,115.2198,-24.5341,8.6003,95.7983,126.8347,-179.3582,145.0571,-128.0405,97.7766,-100.8030,24.6716,-87.0087,-36.4740,-89.1431
-69.4011,82.7083,-31.4863,122.7532,-37.6210,94.3518,-52.6397,-26.4052,48.2773,29.8056,-133.3240,103.6372,-96.9889,65.2144,-59.9457,0.5778,-90.3981,-44.5607,-117.4822
-114.9277,81.1042,-21.9397,103.0714,-40.4334,71.6305,-113.2261,-24.6538,44.4337,-13.4641,-57.9532,52.8345,-64.6586,27.5652,5.1512,-5.0904,-96.4011,-34.8373,-121.2202
-102.7197,61.2687,-20.8554,72.1782,-22.9546,37.2795,-122.9948,-18.2424,25.4839,-28.5720,-19.5840,31.6108,-23.2921,-16.2650,48.1379,-27.2053,-75.9221,-22.0728,-101.4790
-43.4101,27.5768,-47.8663,13.0012,-23.3379,-16.7471,-78.4112,-38.0309,-27.4683,-58.5007,-22.2393,18.7402,11.0894,-70.8921,46.6437,-40.9104,-55.1089,-53.5616,-75.5608
-42.7375,-22.4894,-96.0138,-42.4570,-50.8603,-50.8429,-36.0665,-76.5721,-52.4683,-97.6598,-3.5361,-3.3463,35.8219,-80.3952,43.9109,-20.8901,-61.3079,-98.9692,-37.3669
-74.4027,-77.0816,-102.8450,-61.6711,-18.8610,-57.5475,8.5008,-89.2868,-44.3277,-122.0509,44.6357,-18.6100,81.8256,-46.3907,64.8100,-17.0402,-72.8490,-81.3932,16.6592
-67.9286,-121.5455,-50.1622,-72.8773,77.6412,-80.1707,68.4358,-70.3634,-38.8314,-130.2427,65.2183,-31.6482,144.8810,-47.9948,95.1787,-58.5118,-77.7354,-29.4604,68.0205
-36.1114,-165.1961,12.3662,-104.7810,122.3639,-104.3011,105.7768,-79.3237,-12.3104,-148.5002,57.6587,-65.3649,180.2100,-84.2483,136.1371,-96.3079,-89.5086,-36.8235,95.5500
11.3352,-185.6741,60.6896,-119.1432,98.5545,-92.8625,107.6182,-131.4073,48.2580,-197.6144,88.3291,-89.5816,181.1320,-79.5506,188.8092,-106.3635,-70.3842,-102.8761,90.1723
83.2031,-130.7572,93.1310,-93.0917,96.0067,-89.7177,113.8899,-161.3958,99.0815,-233.3630,162.1686,-54.8102,178.3161,-33.0386,229.2851,-105.6047,25.4531,-157.2380,76.2476
147.9918,-39.7990,92.9089,-78.3866,120.1820,-123.6154,150.9562,-140.9822,136.2674,-182.0927,196.1410,-5.7127,180.1890,-14.6766,244.6335,-84.8717,141.7378,-164.4799,106.4725
178.5013,-16.6915,86.5483,-93.3343,141.2136,-130.2782,205.2405,-104.6928,197.3164,-77.0457,155.8918,-33.1547,185.4868,-52.7158,252.0650,-56.1795,200.7412,-120.5128,187.5217
176.8819,-55.2129,125.0794,-82.3449,197.0161,-83.2590,248.0941,-71.6096,263.4232,-36.0329,117.5551,-104.9284,208.0341,-102.2917,274.9229,-66.6709,225.5841,-50.2701,250.4036
167.2884,-59.4654,185.6789,-35.4650,272.5756,-41.9384,256.4691,-61.1589,272.1990,-69.3262,144.0925,-99.3274,239.7485,-106.5324,304.4118,-101.1264,267.2800,-13.0646,246.9051
211.2920,-16.0821,224.1813,-6.1423,296.4793,-37.5895,228.3580,-97.2293,218.3976,-79.3473,202.6694,-27.2319,253.7425,-80.7681,297.5214,-106.8664,315.0894,-12.9130,221.0842
302.8172,1.6435,261.6087,-11.5370,300.6214,-51.7574,195.5499,-124.6494,180.5979,-51.4251,247.4747,-39.0523,260.2075,-99.7047,259.0638,-85.7502,336.3700,17.9144,234.6371
319.1116,-40.6007,305.1035,-33.4091,338.2704,-67.6160,202.3000,-79.2598,214.5485,-49.7200,272.5215,-163.4614,282.9138,-166.8953,261.3205,-55.1238,323.8788,81.5734,275.9564
242.4251,-97.8180,310.1229,-63.6682,347.0393,-72.9522,234.7502,-35.5551,251.9427,-67.8958,266.5990,-233.0018,296.6617,-195.2372,303.9666,-29.9659,305.6670,89.8870,290.8582
207.3055,-109.4589,276.8795,-87.6807,290.3405,-79.6401,214.8502,-89.4301,211.1126,-74.0915,224.9017,-140.7551,266.7288,-156.1853,290.7866,-62.4446,320.4756,0.7259,269.3408
225.3400,-85.3151,237.2913,-103.9752,231.0453,-120.4119,139.0081,-177.1309,154.0301,-112.1653,174.7526,12.7953,212.8080,-112.7095,209.7948,-148.2851,349.4820,-136.3320,254.6823
187.1958,-101.3846,179.9335,-147.5305,184.0373,-182.2511,116.2969,-194.1165,161.3124,-196.1186,114.6860,97.2519,170.7919,-92.6577,146.1924,-183.7892,336.0616,-246.6929,272.5625
110.6320,-177.8673,109.4169,-218.7523,128.0667,-225.2276,172.6057,-157.7329,175.1647,-234.9572,25.2176,108.9739,144.7150,-68.0768,118.0348,-143.4341,289.2422,-280.7380,302.6457
69.8527,-242.4342,73.6119,-264.5252,103.2606,-251.4496,202.1797,-127.3762,145.4033,-184.7159,-42.2320,94.4234,130.3726,-41.7479,94.3162,-122.8647,250.6196,-251.1826,322.0412
38.8621,-254.0707,74.7900,-266.3212,111.7350,-262.7489,175.2651,-114.4001,121.5850,-128.8329,-38.2158,59.8854,125.0070,-46.0651,84.4357,-146.7886,206.5352,-219.7212,318.0684
4.6677,-242.8234,78.2421,-246.5959,94.1770,-232.4328,153.6971,-118.0353,96.2081,-131.7786,-22.2105,7.8181,113.1802,-82.7377,72.2144,-145.2392,151.1690,-204.0024,272.2107
-5.6098,-224.9643,85.7562,-213.2334,73.5828,-179.7809,129.0398,-130.3029,24.4615,-154.4191,-46.2058,-32.2054,92.2466,-117.6529,19.6729,-106.5254,111.8885,-168.4126,194.2198
-29.2151,-209.0148,100.8545,-186.2095,102.3952,-158.1836,87.4250,-123.4528,-21.1342,-146.4238,-67.6247,-46.3019,84.3662,-119.2896,-31.5596,-74.8733,63.3920,-120.8009,143.7156
-71.6710,-229.2715,100.2552,-197.9593,136.9459,-165.3943,102.0597,-88.2659,24.7983,-101.8947,-78.5390,-63.0221,101.1775,-97.7394,-30.2862,-54.2924,-11.7832,-102.8821,162.9913
-66.9605,-267.1943,85.3021,-219.1786,144.6888,-165.4914,181.3637,-36.6408,86.1022,-30.9280,-124.6922,-106.8349,128.6366,-95.2706,-6.6911,-22.4606,-43.1625,-102.9436,217.9694
-52.8906,-250.6168,68.6666,-195.7620,157.8478,-152.4051,229.7572,19.9293,108.7768,33.5001,-175.0757,-143.0047,138.9033,-115.4912,19.8623,19.1336,-17.4523,-89.6085,237.0497
-120.0544,-191.9590,32.9131,-156.5759,145.9665,-138.4764,220.5224,57.7125,129.2686,44.7756,-184.1199,-115.8246,105.5175,-109.2684,63.4703,52.0000,-41.0881,-78.1753,185.8752
-217.0761,-178.0960,-30.2282,-164.4085,56.0674,-137.0711,191.0834,66.5346,136.3942,21.8089,-209.3223,-38.0754,34.2658,-60.1769,79.5639,75.3019,-155.1862,-84.5740,98.6435
-268.7600,-206.3840,-106.9357,-194.9333,-63.2770,-148.7626,133.9739,82.4754,108.1386,51.5842,-286.6907,24.0566,-41.9282,-11.8620,35.2173,115.6537,-286.7406,-89.2213,31.9775
-322.4898,-192.5856,-194.6204,-175.3944,-156.1801,-138.8009,55.4500,124.8757,98.6687,163.4569,-341.4990,47.1848,-115.2456,10.1647,5.7984,174.2142,-381.5322,-81.3298,-17.4572
-389.4826,-127.5864,-273.8934,-103.9533,-235.9339,-82.7938,2.9723,154.0759,111.2142,268.7397,-334.7494,60.4061,-187.4377,31.2916,43.9332,202.7711,-412.2661,-62.0118,-89.8908
-378.0104,-74.1248,-294.9769,-39.4535,-285.0430,-14.8424,-24.0131,144.0712,63.2384,276.9419,-315.0230,86.1077,-223.2925,74.8242,70.4138,186.5389,-358.4087,-14.0925,-158.2627
-282.8792,-37.0479,-245.2776,0.8932,-263.2818,32.2143,-57.1685,124.6970,-46.3337,221.1090,-300.2393,130.3554,-209.0551,128.3442,8.7305,165.2620,-271.1706,62.2295,-164.5098
-212.1305,31.6633,-173.9488,56.6970,-202.3083,75.4114,-99.5756,130.4459,-139.8396,200.2246,-275.4796,186.4755,-192.8633,163.6653,-86.8235,142.5820,-215.2758,125.4707,-146.3950
-204.3222,127.0234,-134.0506,140.2704,-158.1169,131.3097,-155.9673,159.4744,-211.2058,227.3641,-264.2448,220.2941,-200.0572,169.3923,-123.9678,103.1931,-178.1865,156.7005,-187.2259
-198.0055,191.7879,-137.4212,206.0788,-154.6261,187.3651,-224.7094,183.4712,-296.5941,234.4249,-285.3143,207.3027,-213.8077,163.6535,-121.7983,88.5424,-158.6400,188.4403,-270.4648
-170.6314,204.5130,-156.8334,223.4209,-200.3415,228.0384,-270.0549,189.5643,-376.7306,212.3624,-313.7485,177.2672,-247.7148,168.2547,-174.1609,121.9689,-198.9260,236.8684,-316.2609
-168.0205,206.6640,-166.0036,224.8599,-255.3461,245.2021,-288.9057,201.2335,-431.1679,208.2887,-332.3835,176.8512,-312.2547,179.5390,-289.3431,151.8450,-258.5357,273.2025,-311.9408
-187.7205,246.6336,-175.7430,254.4958,-259.4233,248.1830,-324.8130,223.7769,-480.9203,199.5220,-345.4084,212.3304,-359.4141,186.2872,-387.3947,150.3393,-251.6152,284.7104,-303.7280
-173.3228,307.4436,-197.6982,301.5840,-246.1590,261.7181,-381.2159,221.6170,-512.2954,134.8718,-346.8504,245.9565,-360.1695,192.4156,-440.3871,143.8315,-212.3388,293.5313,-317.0656
-154.2906,315.1143,-211.8374,317.2950,-278.2040,280.4873,-419.9307,199.0555,-480.6717,64.3402,-326.5566,241.5629,-346.7202,202.0764,-468.5189,152.4929,-231.0800,299.9560,-343.8389
-207.1432,259.7019,-218.6419,290.7911,-312.8990,271.6522,-425.4026,202.8984,-424.1976,68.1721,-287.5627,223.7721,-342.7864,215.6147,-458.3102,198.4563,-286.3536,280.6327,-365.0945
-273.2716,232.9709,-244.4820,266.9817,-309.6617,244.8237,-410.9839,226.6466,-437.1450,123.1660,-254.0482,245.9101,-350.9459,239.8466,-434.3933,276.8869,-305.0026,252.4038,-366.9195
-256.7213,270.7186,-279.9407,273.5201,-330.7960,249.7441,-401.3055,241.7798,-497.1678,162.8662,-263.7873,280.9183,-376.7668,266.6864,-472.7429,304.4323,-303.3132,262.0308,-349.8711
-232.9329,296.2834,-308.9234,288.1407,-392.2072,292.9464,-408.5411,269.1879,-482.9402,182.9277,-314.3294,260.9836,-403.7633,271.4898,-536.4194,248.1686,-336.6111,306.7233,-330.2252
-292.5955,289.8531,-349.6880,295.8407,-414.5357,322.6298,-417.1912,296.4942,-398.4849,207.8096,-345.4381,223.3095,-411.5012,261.5811,-512.0691,209.4042,-380.6675,337.2903,-334.9558
-349.2638,310.2738,-387.8313,303.4145,-384.5251,307.3154,-425.5275,261.6235,-375.3218,231.0830,-323.6781,241.9316,-405.7995,267.1620,-427.2058,236.1908,-376.0450,338.8098,-370.8571
-335.7567,333.2334,-375.2140,303.0418,-357.7316,280.3609,-447.8267,196.1771,-424.9296,236.0348,-281.6736,270.7584,-377.5241,274.3827,-381.4571,247.8825,-342.0271,335.4555,-395.2327
-327.5518,307.4626,-330.0850,297.0513,-331.8828,279.1509,-453.5086,197.2075,-420.3665,243.2695,-240.6895,248.4077,-319.3137,252.3588,-345.7001,227.3995,-334.4438,323.6946,-372.5404
-338.4299,293.6717,-307.6344,306.6707,-289.0613,279.6797,-413.0492,250.5445,-330.1955,291.1178,-188.4927,229.5789,-283.5494,226.9013,-262.0486,244.6828,-340.6556,279.6496,-344.2483
-300.8948,329.9505,-300.8363,312.0161,-270.9551,250.8010,-371.8493,270.1675,-248.3366,344.6489,-142.9016,249.9167,-299.2834,232.8290,-188.2788,289.9001,-325.7458,224.5005,-352.6407
-245.3332,340.0021,-284.0364,284.2591,-298.4265,226.4091,-357.7165,248.6190,-216.0944,317.0759,-131.4617,252.0501,-303.1202,246.0490,-176.1472,302.5912,-298.4631,201.1454,-347.0891
-223.6109,306.8065,-265.0537,259.3004,-320.8370,234.5986,-324.4316,222.7359,-194.1214,236.6973,-125.9481,232.1054,-260.5469,242.0168,-179.0775,287.5680,-247.8626,197.4792,-278.3684
-177.4131,292.1798,-234.9104,260.8507,-289.2507,229.5380,-265.4147,191.6545,-157.7718,220.2885,-88.4910,241.0988,-219.3224,233.9249,-151.2071,261.0193,-151.7330,178.9231,-196.7522
-75.0499,280.1446,-178.4787,243.5479,-205.0420,189.1131,-220.4823,151.3187,-109.0114,249.6837,-41.0775,246.0895,-190.7021,209.8124,-92.6521,208.3331,-78.1116,170.2636,-158.9897
-3.6815,237.9299,-123.9147,200.1983,-112.8743,168.1895,-177.7341,117.9099,-57.1423,218.8949,-21.2643,192.5598,-143.2417,149.1994,-14.9709,146.5979,-95.7053,201.9435,-149.6988
-20.3190,210.8529,-95.3344,176.5514,-68.6652,182.3209,-125.3901,92.2646,-25.4140,152.9838,-22.2711,126.4329,-101.2198,98.1978,40.4256,107.4399,-130.9214,220.5893,-143.8002
-69.1466,205.0127,-79.8045,165.3344,-70.6531,177.3841,-105.2622,58.9548,-27.5981,121.3739,-27.5215,105.0360,-107.0390,101.2533,14.4099,82.9620,-104.7031,171.8001,-138.0391
-87.3396,171.0173,-73.5815,138.9777,-57.0786,143.1276,-120.0523,22.9643,-49.2094,95.3426,-49.1224,100.9227,-140.7895,116.8828,-85.1027,64.9529,-72.3847,107.6413,-123.6353
-85.7724,122.4433,-77.8106,114.6512,-12.2964,117.1933,-126.9735,16.7109,-70.5950,73.5540,-88.1056,72.6281,-158.4780,107.3643,-171.9542,61.9767,-76.5654,94.9930,-104.4190
-96.9334,85.0366,-68.2910,92.8096,6.3566,98.4941,-127.5355,44.3068,-79.4948,89.9086,-104.1402,22.9046,-149.4211,97.8112,-180.8757,47.0626,-65.1920,101.8694,-96.2319
-98.4972,37.1720,-39.3212,60.9047,-21.3705,67.7835,-134.6105,47.1054,-67.1580,72.0298,-66.9796,-33.3723,-128.3930,80.6502,-131.7832,-16.7074,-29.1761,71.3402,-84.5524
-52.9222,-2.9589,-20.9412,41.5919,-39.4630,32.3639,-122.6310,-6.5737,-38.2571,-23.6859,-5.9899,-87.2757,-102.8963,14.2958,-70.0808,-93.9490,-10.1083,10.1386,-54.0979
12.7963,-6.9294,-18.3895,18.0285,-6.2100,-7.8059,-81.1688,-55.3097,-8.5308,-98.7745,31.4879,-130.3040,-56.6096,-67.2349,5.2423,-115.0887,13.3897,-52.6020,-24.4007
66.3677,-23.3958,1.9205,-53.0396,62.1069,-58.1789,-16.6024,-58.5011,21.2149,-129.1018,50.6831,-159.7328,19.5048,-99.1926,94.5826,-97.0068,73.7254,-98.4771,9.6319
133.0667,-78.7785,65.4117,-117.8673,137.6836,-96.0362,82.9740,-65.1100,72.1269,-179.2377,97.2906,-177.0032,99.6734,-98.3700,152.9580,-125.7010,132.8151,-112.2473,87.4135
207.0863,-119.9506,159.9474,-120.4500,204.0452,-113.0038,202.3241,-98.0852,158.9833,-192.9226,189.3099,-181.2787,170.0760,-105.2532,185.9124,-204.8470,167.1150,-116.1716,197.7010
250.7066,-127.1562,242.8755,-126.6180,247.1750,-139.5906,296.6572,-125.0692,262.9763,-140.5379,302.9785,-178.0731,250.1413,-113.2117,273.9514,-243.0824,224.6898,-152.1743,287.1927
317.5171,-126.1439,293.4356,-163.3883,277.8366,-176.6898,364.2397,-151.0060,355.1389,-164.1605,417.8202,-187.7909,339.3835,-127.4824,408.0722,-219.3063,341.3463,-194.2892,355.5603
468.4881,-120.0368,351.1453,-155.0863,343.9295,-185.7823,438.0038,-184.5927,445.8746,-275.1797,531.8069,-222.1531,424.6223,-159.9821,483.4210,-210.6661,485.1623,-185.7973,445.0569
617.8101,-115.9819,447.9494,-116.7372,463.8294,-169.7951,524.7636,-192.9688,560.6834,-296.0931,632.6124,-248.6675,514.1789,-165.1723,512.7159,-236.0169,600.6657,-155.8988,549.7100
675.6208,-123.3252,541.2770,-126.9025,571.2266,-169.6888,598.5886,-190.0430,670.9179,-228.0380,702.0912,-223.8095,589.6061,-121.2613,597.9723,-238.8753,669.2090,-171.4626,613.6595
699.3320,-118.9771,590.3720,-150.1258,603.6632,-186.3625,626.7637,-218.2839,721.4793,-214.1323,750.2009,-171.8013,612.6758,-99.1088,696.7809,-210.5306,709.8083,-214.7759,615.4807
744.2151,-103.7013,627.6041,-140.7272,607.8263,-192.5321,616.0552,-238.6652,713.0696,-230.6666,790.9675,-156.1054,607.1713,-133.0128,699.3669,-178.2940,727.4561,-224.9484,605.3302
767.1846,-108.0328,673.3985,-149.6133,650.0435,-190.1378,624.0352,-212.9934,685.3245,-223.3818,798.8239,-175.6525,612.7886,-160.8253,658.8151,-141.5580,712.0460,-199.2581,635.8475
746.3073,-121.9355,679.3279,-180.8048,684.8757,-189.1521,659.5545,-199.0503,648.2662,-271.5054,755.0195,-184.9454,608.9222,-159.5943,673.4260,-119.1037,689.4695,-177.1600,681.5312
710.6490,-128.2606,626.5729,-178.5869,651.4856,-183.6954,653.4661,-223.2939,598.9126,-349.7626,708.0575,-183.7550,591.5031,-169.8128,694.2579,-139.5068,688.3825,-183.5389,686.4623
678.7924,-140.4149,577.4012,-166.5677,609.6733,-187.0534,611.2700,-220.1812,570.0275,-298.1202,710.3614,-195.4812,603.5319,-187.4623,669.4643,-162.3952,674.2948,-210.8343,666.4802
664.7265,-149.9756,580.3046,-189.5296,626.8600,-217.1411,630.9347,-168.9881,592.2908,-135.8846,732.8333,-215.0578,635.4940,-194.1419,662.1964,-148.8696,620.9968,-218.8546,671.1958
666.1381,-145.0893,611.5644,-215.5478,653.5508,-240.9654,704.2389,-129.0230,628.8150,-57.3552,718.6846,-228.8750,640.6857,-215.1392,683.0568,-145.7456,589.9890,-178.6808,683.8881
658.7335,-140.3844,635.0542,-211.6497,642.5343,-219.9802,714.6960,-138.4294,613.8346,-121.6653,677.5594,-225.0333,625.0425,-237.5286,656.2775,-178.5782,628.5167,-127.3156,660.4296
661.5050,-120.4913,645.8677,-187.2740,634.5391,-185.3236,655.7144,-181.0860,555.3384,-199.9165,664.8621,-196.2157,612.9412,-213.8970,601.9328,-190.3082,681.7381,-120.5871,618.1066
699.9716,-82.7797,648.8116,-160.2725,645.9587,-182.1169,631.2488,-215.7917,526.9672,-190.2798,704.5848,-173.7222,611.7202,-178.9676,598.7899,-159.4514,698.0953,-144.4598,600.2869
717.0994,-92.7583,655.7621,-158.3190,641.3394,-193.2928,653.9115,-215.5956,545.2590,-133.8199,762.5045,-193.2861,635.8412,-193.4086,604.6530,-134.1216,706.3958,-142.7950,602.2656
683.7955,-143.9386,685.0071,-179.8400,629.4442,-190.1245,638.2687,-201.4178,544.9469,-107.5737,778.8976,-224.7574,665.7050,-224.4573,542.9145,-137.4883,723.6276,-111.0057,588.5604
687.9770,-137.0515,718.5131,-176.2300,632.4100,-186.8914,567.8954,-199.8150,490.3749,-98.1545,730.7888,-216.8431,647.1467,-226.5846,463.9065,-153.0282,706.4146,-96.1482,544.9700
750.9126,-86.4370,708.2556,-151.4007,612.2568,-196.4736,510.7894,-200.9342,416.5887,-74.9507,655.5151,-171.6132,589.9998,-219.8632,441.6733,-165.5879,646.3863,-118.2157,490.3397
749.3930,-87.9710,648.7327,-160.1700,543.5389,-202.7644,491.0833,-203.9831,360.5697,-81.1361,590.0480,-122.4908,545.8019,-213.2359,447.9171,-164.5402,599.4463,-144.2645,451.5616
637.8875,-118.3840,577.1876,-189.0164,468.1183,-200.3988,467.9739,-211.0691,326.4391,-112.6977,519.1191,-97.4222,505.2700,-195.7148,432.0184,-159.7474,573.6835,-142.5653,427.7122
522.4217,-119.1003,507.3045,-193.1243,421.7100,-201.5429,424.0867,-181.2746,296.1992,-91.9273,422.0195,-102.8398,445.3676,-186.3330,387.3495,-176.8546,507.3153,-117.9980,396.1393
462.4572,-126.9552,438.2798,-186.7334,393.6506,-200.4774,371.6254,-114.6816,239.0475,-67.7145,323.9054,-110.0895,391.1240,-182.7976,314.5215,-199.5773,394.5228,-84.5244,354.5929
404.7674,-163.6871,387.2760,-183.4124,356.2458,-181.3212,305.0182,-89.3670,157.0843,-150.0703,249.7186,-103.5810,347.9613,-161.9160,230.2551,-185.1206,300.8609,-53.4569,318.7759
311.3797,-188.7933,341.0408,-170.1202,291.7861,-157.5359,246.5440,-109.0700,116.5911,-234.9039,169.6420,-112.3907,289.1555,-158.5853,175.6236,-141.8589,236.3693,-50.0546,285.9894
199.8752,-186.0618,256.4677,-162.3978,223.2662,-158.7932,252.9250,-89.0571,160.7662,-163.4770,50.0362,-137.9188,222.8862,-200.9415,151.7872,-117.8313,155.8528,-80.9254,238.4686
95.7024,-163.4975,152.4652,-168.4685,189.3854,-178.2451,284.6837,-38.8134,215.9381,-46.6529,-60.4532,-147.7274,174.3611,-235.2017,117.9045,-140.4452,70.4604,-112.4697,171.8726
31.2984,-147.5517,94.1402,-171.5037,164.8076,-186.1857,222.4922,-43.9131,173.9237,-58.5162,-71.5639,-160.8684,138.4847,-236.3176,64.0324,-202.2246,20.4164,-138.8495,100.2403
27.6765,-178.2532,80.9817,-188.1295,97.7448,-193.7493,72.2972,-94.8646,53.0751,-127.1314,5.1792,-203.9138,92.6011,-248.7767,9.0873,-257.2863,-3.4104,-191.1062,40.7015
46.8278,-214.7776,55.2909,-218.6406,13.0920,-223.4709,-42.5672,-127.8078,-25.6851,-137.1073,44.8407,-233.4714,21.7613,-270.2989,-50.6255,-255.8278,-8.2564,-237.6329,-4.7107
32.3172,-184.6822,-0.9391,-206.4563,-42.7409,-233.7849,-85.5762,-146.8539,-41.3573,-156.1723,-22.9757,-224.7896,-55.8655,-264.0245,-131.9944,-222.5627,18.2236,-211.3342,-49.7653
-14.1813,-141.5259,-57.0634,-158.6977,-92.3996,-184.6742,-107.6598,-173.6768,-107.6211,-242.8348,-133.5322,-218.5323,-103.2458,-244.4057,-225.7881,-220.3945,31.3969,-149.1081,-100.8881
-63.1241,-161.9120,-92.8304,-154.7439,-159.2270,-138.3159,-131.2392,-186.7391,-239.3870,-298.2291,-201.0208,-223.7009,-137.4679,-230.7305,-289.9000,-235.3545,-31.7190,-143.1493,-158.2592
-124.1540,-198.2876,-124.0774,-195.1203,-219.7537,-166.4322,-177.2532,-175.9522,-289.4438,-247.8701,-215.0228,-219.4408,-206.2359,-219.7507,-292.7354,-218.3154,-153.4263,-185.7649,-234.3724
-212.1680,-207.2861,-182.8619,-216.3949,-273.0056,-223.3416,-262.0449,-165.8410,-221.1497,-175.2365,-220.1257,-219.8752,-284.3565,-219.4327,-272.2487,-189.6224,-272.7405,-209.2404,-322.7600
-300.5263,-212.5357,-272.6800,-209.3341,-339.4050,-228.4804,-326.3507,-167.0928,-190.4734,-185.0064,-270.0152,-223.6727,-322.9055,-203.7043,-302.3680,-176.8756,-356.0930,-203.0419,-382.7127
-370.4304,-195.4783,-356.5493,-190.9077,-406.4371,-187.5780,-330.7178,-160.2536,-265.2549,-247.4231,-367.9201,-198.9014,-347.2986,-133.9883,-387.6831,-152.6638,-393.0026,-190.5870,-407.3262
-436.7014,-147.7618,-408.0205,-158.1053,-455.3680,-145.7747,-348.5885,-133.2705,-349.3473,-266.4106,-440.7993,-157.4220,-384.9980,-65.6290,-471.0102,-125.2543,-404.8421,-179.6273,-444.3499
-491.1511,-130.3053,-434.0834,-124.1154,-490.7050,-114.3285,-434.1169,-107.3797,-409.5020,-239.5794,-447.2603,-135.0583,-417.0171,-60.1726,-530.6053,-140.5064,-439.1914,-171.6341,-514.5606
-509.0639,-149.6194,-449.9320,-113.6263,-525.1457,-95.3731,-533.9325,-100.0409,-468.4321,-216.9378,-450.4901,-135.0449,-455.2653,-64.2357,-568.8897,-157.5512,-505.7084,-160.8093,-581.9795
-518.0711,-161.3568,-481.6147,-133.2817,-574.8538,-103.3281,-586.7833,-87.4741,-438.4649,-150.7020,-493.0309,-145.6101,-515.2695,-43.3965,-555.7518,-104.3524,-579.9583,-149.8475,-618.4696
-564.7800,-167.5458,-550.0890,-163.2935,-631.6401,-129.6143,-586.8903,-54.0662,-267.3922,14.8557,-524.3879,-136.1392,-554.6508,-47.4504,-487.2671,-34.2481,-652.8721,-162.7465,-635.8164
-631.3454,-150.6824,-620.0684,-152.1868,-654.0678,-130.8622,-566.6083,-29.3388,-119.6959,166.9890,-521.9496,-77.4212,-557.9239,-55.6921,-431.9754,-33.0150,-706.0646,-184.5528,-653.2778
-675.9263,-86.9184,-643.3642,-88.6604,-647.9056,-89.5533,-567.7949,-22.4511,-163.1582,172.5710,-521.1970,-22.1772,-558.5908,-12.2350,-445.0508,-46.6953,-712.9855,-166.0240,-668.1954
-703.8389,-52.7317,-643.5919,-53.4523,-666.7912,-59.6327,-584.1934,-6.4741,-332.2029,101.4334,-511.4449,-33.6876,-549.3693,25.5283,-504.6885,5.0709,-693.0798,-126.7162,-665.0338
-717.1180,-87.7408,-659.5419,-84.2670,-695.7182,-86.6656,-585.3341,3.1502,-465.3627,76.2320,-470.8684,-58.4311,-526.0290,6.8460,-559.7996,58.3220,-678.6140,-120.2717,-652.2620
-683.0441,-101.1494,-665.2092,-109.0236,-682.5477,-120.8721,-603.6299,-28.6832,-515.4031,58.9390,-450.4429,-43.9900,-535.8223,-11.9425,-580.3040,28.4912,-669.4346,-120.3168,-652.4784
-624.3085,-82.0848,-641.1972,-106.6078,-658.1996,-109.4213,-651.8196,-65.8458,-523.0559,-8.9965,-475.2926,-55.1552,-561.6740,-19.1079,-563.9963,-25.0232,-670.8016,-87.1117,-641.5023
-620.6331,-112.2674,-622.4322,-125.1491,-663.8864,-94.9399,-642.3691,-52.7542,-511.6626,-48.5062,-479.5269,-115.4863,-532.1082,-55.8505,-535.6819,-16.6434,-680.1631,-52.6579,-581.6746
-658.7228,-144.1678,-617.1458,-129.9484,-656.3599,-104.4904,-554.9757,-12.5433,-471.8929,3.9847,-443.4193,-134.7834,-475.4323,-74.7793,-521.9474,10.4072,-653.9958,-33.8760,-511.8240
-635.5675,-92.5515,-597.3687,-72.1757,-607.1993,-77.9597,-486.0379,-0.4342,-398.0452,72.3043,-438.0422,-83.8746,-461.2208,-29.7682,-506.3648,-20.4458,-590.6784,-4.8406,-491.0566
-563.4699,-21.6245,-570.5164,-13.2752,-561.5866,-8.1758,-447.8943,-19.3115,-320.5419,83.5957,-472.8494,-29.6368,-467.9286,10.0401,-444.7565,-76.6048,-548.3910,18.0136,-500.7473
-564.3279,-1.4204,-557.6500,-1.6117,-546.6997,23.5228,-393.9220,-34.4880,-287.2547,76.5134,-466.0741,2.1703,-465.3606,-2.4729,-342.8524,-73.1097,-529.5981,9.4648,-503.1920
-621.7250,-1.3511,-546.7405,-9.4161,-545.1968,-5.3410,-380.4677,-23.8152,-290.9642,102.2247,-400.1323,27.7020,-470.5199,-16.2201,-265.9126,-1.2997,-505.7025,-2.9345,-501.1177
-592.3946,-14.2956,-532.7459,-42.1136,-542.8012,-44.8339,-427.3236,4.2000,-265.5445,133.4923,-351.0848,39.1156,-461.4607,5.5826,-244.2303,69.7416,-509.9744,-5.8619,-484.5371
-475.0009,-56.0474,-529.6263,-94.3781,-524.6671,-67.0151,-421.9550,22.4867,-195.0010,117.3892,-345.4447,37.8894,-410.9406,49.9651,-242.8087,91.6843,-541.5205,-12.5813,-439.6483
-403.6890,-82.1521,-517.1473,-86.6704,-473.2886,-56.3436,-342.6809,18.6173,-148.2853,64.5283,-331.6121,46.7603,-359.1563,88.2996,-246.7327,86.3237,-520.6460,2.8635,-394.6497
-407.6583,-52.4952,-461.2429,-11.2044,-390.3531,-7.0669,-283.1552,8.8452,-152.3584,39.1324,-300.4179,60.5058,-325.6502,79.7499,-262.1154,82.7241,-444.1667,54.3146,-358.1007
-413.0813,9.4952,-381.3085,41.1399,-296.3867,36.6667,-241.7154,11.8485,-143.2721,57.0525,-290.9488,51.4314,-275.1868,28.6301,-233.9139,61.6068,-384.8212,89.9379,-302.1501
-396.0605,53.2605,-321.4350,49.4602,-227.5580,48.1515,-180.3641,27.6568,-99.3816,63.8845,-279.7605,16.5203,-211.3241,-0.1660,-121.3823,20.8312,-335.1738,81.6268,-239.6537
-357.4764,47.1202,-279.3403,54.4025,-197.1824,62.6412,-141.7857,43.5246,-77.4444,48.0560,-210.8497,-13.6036,-155.4489,5.5431,-12.3370,16.7604,-257.8707,67.4092,-196.3105
-275.6959,26.3695,-219.9024,53.5406,-153.1023,86.0001,-122.8401,41.0175,-84.0165,53.5921,-114.9460,-12.1761,-87.6995,-3.0623,7.2566,53.6973,-189.1395,73.2621,-159.0605
-170.7559,50.4509,-136.7838,54.5811,-65.4781,89.5092,-77.7925,5.6325,-72.8685,50.1144,-56.2328,6.1759,-18.5375,-15.6267,-5.2659,51.8450,-134.7870,80.9968,-131.3222
-84.1610,86.6273,-57.7757,84.9108,-0.5794,92.4526,-48.9128,-46.3750,-51.2131,-26.4975,-17.7870,9.7255,4.0200,11.7658,22.3424,7.2280,-34.2768,62.3080,-115.0828
-8.1862,74.9699,1.7888,109.2063,11.1130,114.0724,-52.9247,-63.0707,-36.1752,-111.9796,40.7625,3.4967,-1.9273,53.4848,68.9575,6.4085,104.1247,14.3212,-53.0641
70.8099,60.6277,54.1303,96.1208,47.5113,121.7908,-11.1230,-23.7080,9.5834,-111.1008,113.1646,14.0802,22.1425,64.2636,118.8427,33.4999,216.9482,-20.0909,61.4920
142.1345,90.6697,112.5401,90.6698,135.6114,109.8982,66.5035,5.3207,86.2882,-77.0393,201.7263,37.9395,78.2559,51.0590,182.1233,-5.7793,304.2961,-10.2731,138.5587
222.9673,113.4543,178.8182,109.6097,201.9300,106.5662,99.2700,-35.3569,139.5097,-83.1963,310.7733,46.8683,142.0404,31.5244,221.8290,-71.2234,391.1344,-3.5728,165.1911
335.8069,101.5224,247.4322,108.8765,224.9111,99.6385,119.5703,-82.8821,170.3478,-80.5793,389.9455,29.1755,206.0993,11.8714,225.6821,-55.9697,461.1163,-42.8112,216.1988
445.7564,95.6746,304.1288,85.9086,254.4250,73.4436,175.0864,-61.0856,206.3573,-45.5730,415.9931,12.7666,250.6456,10.7317,255.9176,-1.1407,506.0178,-85.6441,273.6455
511.7084,101.4891,339.5303,71.3633,304.7025,56.3871,218.1295,-29.1481,217.3385,-48.2884,450.9195,35.3667,267.3973,32.9898,315.3291,-3.9228,543.4230,-93.5179,283.4692
555.8677,93.5342,372.5040,62.8369,356.0200,62.4743,245.8654,-58.9441,189.8652,-91.4350,513.8499,69.5851,290.2386,47.6817,321.8831,-36.5282,577.3900,-85.5467,303.8314
612.7738,70.0868,426.1159,55.4953,396.7254,72.4237,300.2567,-89.5891,175.1930,-102.8757,534.7530,41.9361,328.1791,33.3273,273.9370,-38.4914,605.2853,-68.7296,382.2003
649.2305,39.5548,482.8661,55.5599,420.2248,74.2642,340.7070,-63.0939,204.0093,-78.6721,497.4103,-35.7661,345.7929,11.0765,268.5063,-26.9438,619.8784,-45.3501,444.4021
605.3677,21.2986,510.0796,47.5537,439.2815,58.2727,343.0955,-39.1869,262.1180,-65.6189,470.5200,-68.1426,347.3019,11.3143,333.4482,-16.9743,599.5766,-49.0339,437.0726
526.2675,28.8030,514.7147,24.5353,476.0622,23.1321,364.8976,-63.0915,321.3244,-72.7063,483.3699,-32.7197,374.0106,28.3640,384.3683,5.5665,560.7116,-66.8858,406.4166
547.0362,33.1924,529.0867,9.4213,522.7844,1.5000,396.3558,-91.9250,332.0425,-78.9713,501.1929,-5.3848,414.9236,28.1666,360.9537,23.1492,560.6325,-31.7551,396.0178
673.7446,20.2926,562.6292,10.8355,564.2301,16.8483,383.9352,-91.3440,279.1631,-60.1594,500.4056,-36.2281,426.5053,0.8922,309.9881,21.0127,596.6753,51.2521,405.2914
736.2905,17.6759,596.9163,17.4228,600.9189,46.7054,374.3506,-72.4463,236.1391,-22.0283,486.2213,-95.8850,419.5278,-22.4898,304.6006,18.9023,601.6082,103.3221,424.7279
651.2057,15.3473,610.9439,22.3983,618.3399,61.1726,415.2128,-60.5024,257.2120,-19.5613,464.0391,-121.9103,434.0244,-19.0986,339.7831,10.9655,558.0729,100.9271,439.7039
527.0571,-10.9378,593.9876,17.5393,604.2831,52.8160,458.2889,-75.9003,295.7264,-66.9560,429.4819,-94.8294,463.3276,-2.9405,367.3791,-23.1374,508.0363,92.7707,444.7800
450.2085,-28.4375,549.0198,7.3826,581.0728,40.0887,481.5755,-89.7848,299.4668,-95.6476,380.6819,-72.0980,471.6193,7.9603,384.7622,-55.0387,465.4367,112.1864,454.3772
394.6643,-21.1649,497.0406,18.0648,561.6870,55.2516,507.5429,-51.6377,277.2661,-81.0596,333.3006,-93.1179,450.3941,16.0337,400.3519,-55.8045,421.6331,140.2904,468.6827
345.7213,-19.1559,464.1356,46.6711,537.7938,87.5636,512.6108,2.8326,257.1125,-73.8766,300.3514,-108.5829,421.0205,24.5808,379.3337,-50.9547,395.0331,143.2995,468.6709
312.1288,-12.4536,454.4260,58.0977,520.4579,86.5072,484.8130,2.3030,257.6063,-72.0613,264.3294,-95.0541,407.1850,20.5871,321.6025,-62.1635,394.1353,124.9672,446.0323
274.9175,13.6063,446.1089,51.6460,511.5506,58.8283,454.0785,-25.2494,276.4245,-30.5125,215.0626,-102.1249,406.6840,-5.8339,299.7655,-68.2690,390.1370,116.7745,405.3453
236.5625,19.7192,422.7876,49.2628,480.1422,53.8618,402.8932,-23.3269,290.8429,23.8997,181.7934,-125.1276,383.8701,-36.6590,336.4611,-48.6889,371.3546,115.7911,354.4286
221.7536,-1.0025,395.0092,40.0560,421.5339,58.2854,311.6958,-17.4044,288.9147,27.5694,178.7092,-115.8667,323.9802,-43.6545,353.8621,-13.9782,356.9840,97.7137,299.8899
227.3823,-5.5083,375.7000,20.6913,366.9957,43.4242,240.8911,-30.6424,263.2404,-21.9537,180.6531,-90.7724,275.8804,-21.5318,300.6848,4.4413,342.8647,81.1700,241.3948
247.8155,14.7873,355.6776,28.3687,329.5759,44.7588,222.2833,-29.2420,205.3871,-70.5729,172.8545,-66.9957,274.3442,19.9075,223.2137,-5.1710,301.3802,91.2200,181.9039
262.1888,45.0457,317.6066,64.8966,300.8905,73.6861,200.8960,-7.9945,155.9328,-64.1076,151.1512,-27.2416,270.7951,67.4085,182.6255,-1.0119,233.6245,98.1538,132.0353
202.7066,67.9590,253.6614,76.6282,268.3102,78.6033,155.8333,2.4758,156.7505,-4.8620,101.4342,-12.0073,223.1104,90.0208,183.3782,47.9525,164.6152,73.2978,89.3477
66.9269,54.6103,170.1804,55.6960,215.5611,56.3430,116.4274,-3.2440,148.6458,41.6915,40.4361,-45.9082,165.7613,70.3028,189.3825,85.2985,103.5808,43.7977,44.3860
-35.5100,33.9433,86.9671,60.0725,146.0737,54.9851,76.1918,-17.7928,72.2286,38.8701,8.5570,-53.1498,122.6406,46.1042,159.7922,54.8070,52.3345,44.4214,3.2932
-58.9524,62.4958,19.9627,103.5643,78.5089,76.2092,24.2269,-35.4701,-15.5006,29.4946,-2.0775,-24.4057,72.4140,48.2787,70.3577,5.0427,19.3017,70.9651,-31.4992
-75.5437,90.2686,-34.3846,129.2294,11.3879,95.0665,-21.0964,-41.8778,-73.6788,46.7724,-24.4185,-41.5978,28.6375,49.2426,-63.4060,-1.7372,-3.0512,88.1569,-67.7391
-112.2864,58.1472,-81.2106,112.4010,-54.2546,107.8145,-64.4974,-38.6875,-141.1989,54.3557,-52.3634,-63.0768,14.5521,42.1693,-171.5194,11.1278,-37.1742,65.8456,-95.2357
-135.1026,37.9839,-114.0738,92.2693,-100.4809,104.8642,-109.2755,-36.5072,-190.5953,15.4871,-84.4703,3.7541,-13.3031,59.8059,-178.6266,5.9668,-85.3370,27.5342,-105.5980
-158.2797,74.4790,-141.3338,93.7365,-138.1497,90.8477,-115.3434,-22.1441,-163.8195,-38.6481,-149.0282,76.8194,-84.8076,73.6495,-105.1939,-11.6590,-126.9624,29.5327,-120.7051
-205.7899,97.5869,-183.7915,105.7353,-187.5304,104.6094,-87.6593,6.1698,-132.0920,-43.4121,-229.5330,41.6504,-150.2270,28.3022,-69.8155,-33.5764,-153.8615,71.1499,-159.0397
-255.2572,90.9388,-226.7219,121.4190,-226.3548,135.3929,-105.7937,25.2258,-182.8172,7.3438,-275.5785,-46.0198,-185.8152,-32.1169,-140.1723,-46.2194,-182.2546,98.0417,-211.3002
-291.9600,86.6984,-234.9966,124.6350,-239.1394,117.2095,-187.4347,41.4248,-262.1061,52.5800,-296.0689,-88.9663,-226.2673,-35.1420,-249.6893,-17.6800,-225.7113,91.0376,-257.8876
-312.7416,50.3747,-223.7355,83.8638,-261.5794,54.2003,-260.9479,70.1959,-302.9700,67.3482,-330.3822,-78.5347,-266.4906,-9.0029,-314.6462,43.4386,-271.8618,66.5770,-283.0339
-301.7539,-13.3063,-247.7244,17.5778,-323.2733,16.9432,-302.8603,86.5227,-335.9535,81.3454,-365.1020,-36.1023,-284.9354,1.2547,-338.8264,85.2884,-295.1272,25.5889,-291.1215
-282.9545,-25.4467,-319.7262,-13.6059,-406.2762,13.2589,-346.6835,83.5585,-381.8174,89.8767,-374.9568,21.0845,-316.5220,25.5249,-352.0990,93.6451,-295.1985,-25.5330,-305.5974
-306.7786,7.6782,-394.9799,-6.8930,-465.8176,-0.0753,-379.7346,95.5848,-404.7704,78.2024,-379.6967,77.1123,-376.0540,73.3522,-362.9319,93.2051,-307.2307,-54.6276,-330.8689
-358.9341,21.9432,-433.6494,-6.7593,-470.4304,-17.1914,-383.9249,110.1912,-396.6436,71.4110,-393.6564,121.1461,-417.6990,88.8093,-403.0640,85.1724,-356.8806,-45.9547,-357.9518
-397.0279,19.2917,-438.6787,-11.9099,-450.6736,-11.7160,-406.5088,81.0281,-393.6872,48.2246,-396.2470,123.7950,-433.3017,56.6940,-486.8307,60.3633,-423.1733,-26.0607,-395.7976
-429.1621,10.5955,-440.6490,-2.0236,-466.2889,-1.8609,-458.8678,33.5064,-412.4691,-24.1726,-385.4641,82.1565,-450.5213,26.2033,-535.6981,35.5069,-462.2511,-34.5169,-430.1230
-452.7809,-9.0538,-463.5717,1.3690,-506.2769,-6.9297,-465.2853,26.9161,-420.1124,-54.0440,-391.2729,59.7089,-454.5675,17.6679,-491.2035,20.1031,-456.8859,-73.2913,-421.7048
-432.5415,-9.7659,-496.1401,-10.6446,-524.6356,-10.8710,-411.7114,45.8271,-383.3752,12.3614,-427.5951,70.5120,-445.8572,6.8862,-436.4788,-5.7709,-432.2750,-98.0403,-392.2647
-402.0408,0.9239,-510.7234,-10.5002,-538.7912,-9.1476,-382.5303,44.8982,-333.3902,38.5266,-471.9231,52.0156,-471.9817,-10.0302,-449.0524,-40.4699,-423.3141,-88.9320,-390.8786
-431.3665,-25.9501,-512.9476,-9.0291,-565.6724,-19.8312,-400.1008,42.3479,-330.4004,-15.0992,-490.9717,18.0641,-516.6088,-9.5699,-467.8029,-41.8105,-435.4124,-86.2135,-397.7271
-484.1597,-57.7610,-528.9665,-38.6775,-563.1183,-36.5524,-413.2549,70.3831,-369.4397,15.4005,-481.0729,30.5706,-516.7913,12.1152,-451.0218,-3.0066,-447.6224,-107.6019,-391.1930
-472.9224,-40.5825,-550.8391,-67.2939,-530.2370,-35.5007,-426.5860,97.5847,-395.3476,128.6621,-480.3412,46.8479,-501.8031,26.1722,-466.8488,16.9844,-443.5136,-117.8313,-406.3284
-416.3740,-17.6578,-554.9355,-52.9995,-525.2115,-25.9066,-464.0851,87.9033,-392.2029,152.2390,-514.3600,8.2978,-535.8362,4.7671,-522.5247,-3.4095,-419.3182,-117.0679,-438.3450
-390.9787,-31.0225,-555.7788,-38.9708,-554.3229,-40.3066,-482.9074,72.8130,-382.5026,120.9649,-548.5168,-40.9119,-581.9647,-45.4145,-531.7180,-4.0828,-381.9640,-136.5849,-439.7127
-407.7835,-53.7785,-572.6611,-77.1494,-572.3599,-79.6244,-454.1080,85.9488,-369.7185,163.8998,-543.4827,-58.7686,-577.3386,-88.3058,-477.6522,30.9386,-367.5903,-148.2982,-419.1376
-441.3627,-74.5306,-578.7673,-124.7519,-558.7072,-103.6397,-413.4792,100.8607,-337.4378,200.2181,-514.8050,-57.7447,-536.4196,-96.5441,-403.0824,35.8450,-415.4114,-109.9731,-398.1992
-472.9038,-94.3602,-546.7959,-115.5183,-518.5709,-81.6339,-373.8315,101.8109,-288.4918,159.9344,-485.9235,-38.6811,-486.3934,-76.0323,-314.4043,12.8742,-489.5096,-49.8467,-355.2728
-474.2390,-93.2622,-491.3686,-66.9023,-466.9479,-35.5527,-312.9523,119.1899,-255.1710,166.4651,-451.8479,-17.3690,-426.5653,-50.0667,-241.5944,39.8526,-501.7536,-6.1160,-298.6136
-444.7638,-79.1415,-433.1114,-38.0669,-414.7438,-8.8595,-240.8667,150.2264,-249.2217,251.6663,-418.2649,-24.4475,-373.3867,-30.9517,-238.0003,98.9896,-440.1215,26.1984,-258.2741
-414.2149,-64.9407,-380.5208,-35.4225,-348.7670,-1.6076,-184.9625,160.7999,-231.6669,278.5052,-395.7114,-26.0120,-337.1848,-15.1525,-266.4884,106.1404,-379.0791,45.0822,-216.5587
-372.6866,-28.1408,-337.1267,-21.2598,-271.9492,16.8220,-149.4271,165.7566,-182.4214,215.7593,-366.8330,12.6147,-291.8758,1.4821,-257.2715,78.1223,-349.9934,47.2666,-164.8639
-310.6956,23.8503,-283.1312,17.4579,-213.5822,44.4377,-117.0642,187.3381,-124.3389,168.7270,-325.3213,39.5837,-231.1875,9.1647,-222.6952,70.9267,-315.4949,65.4297,-132.2317
-276.3874,50.9271,-203.4776,52.1161,-166.1659,56.9613,-66.6522,187.6033,-33.0234,191.0174,-291.5637,20.6199,-187.9069,-10.6827,-186.5457,61.3445,-269.4225,104.1035,-113.8303
-268.1411,47.4651,-141.8769,50.8186,-120.0587,53.5802,-17.7123,143.9937,130.8215,240.3238,-262.1248,5.3228,-176.4178,-50.0900,-130.4290,40.6907,-238.5541,114.2187,-90.5167
-224.1570,22.0406,-132.8370,17.0216,-112.6649,43.6836,-16.7405,99.5165,287.7323,241.7637,-224.8809,21.7546,-172.7514,-61.9408,-57.9015,51.2782,-207.5324,96.8521,-70.9739
-173.3849,-3.8717,-120.7367,-3.6670,-124.0207,38.8249,-34.1540,81.8108,325.2795,178.9669,-192.4814,39.8468,-147.4094,-23.3811,11.2224,65.9837,-150.0032,113.3986,-41.7133
-152.6846,25.1127,-62.9651,29.5329,-76.4977,65.7298,-0.2720,77.2833,267.2267,135.6687,-147.9458,45.5572,-98.0877,25.0886,65.2522,38.3461,-89.1555,158.1940,13.0771
-68.4356,92.9336,-16.0749,87.6246,-4.0574,114.5175,49.1696,83.4536,199.6379,149.9234,-55.3391,55.2393,-53.2526,55.8831,77.9742,26.4528,-54.4587,162.0796,57.3317
82.8414,104.3856,-13.4576,103.1655,8.1802,125.4619,53.9367,98.8059,162.1023,126.1887,45.9847,77.4569,-21.1518,95.1629,69.4679,70.2977,-35.9710,131.5894,82.6495
125.7660,71.2963,0.8744,79.0582,14.7574,96.9456,80.6070,105.8740,186.9655,32.3052,94.3138,99.5757,36.4511,132.5554,118.1148,92.8395,-13.8785,135.3263,135.0364
50.9144,89.3472,50.6341,79.3193,95.2562,92.4541,183.6499,109.6169,268.0522,-15.1068,115.2383,104.6132,128.2408,108.2731,214.9307,66.9488,21.6386,160.9350,208.9780
47.0409,135.4323,94.6837,104.6990,189.6355,107.6803,276.9950,127.0967,323.3011,23.8438,156.7332,95.2132,203.5404,38.5169,274.1062,68.6620,71.6725,136.9460,263.3304
128.7328,130.3135,129.2056,96.3226,230.4683,90.5904,302.3185,142.7698,318.4873,50.8061,212.8525,78.2289,246.3894,13.8979,298.3018,104.0396,114.5156,75.0596,302.6499
173.0811,97.6994,179.8545,57.9193,252.1016,67.0607,315.4966,141.2929,299.0742,45.4561,271.0350,49.2353,293.6109,55.5084,329.2375,112.4680,133.7172,49.1602,333.7306
194.8527,78.2354,225.6563,44.0096,296.6992,78.7847,355.0921,147.8934,291.4902,94.6134,315.3546,30.6382,347.3141,101.0620,348.1071,110.2756,153.5764,68.9914,353.3072
221.2316,51.4963,238.6579,54.0487,362.4257,86.1466,417.0019,177.3076,332.8616,197.6952,314.8558,51.8340,382.1703,106.1127,379.0493,128.6075,189.0745,90.2877,390.2898
194.6126,25.0062,237.7487,58.0336,419.5834,65.5423,498.9131,192.5932,459.5797,249.7121,296.8177,77.9133,406.3606,70.7127,473.9702,120.7691,218.7576,99.8292,442.9062
181.8267,37.8629,251.3503,67.9497,434.7017,64.8901,559.5698,168.8938,564.7330,212.9940,316.2655,71.5017,429.9376,23.9949,556.9058,77.8433,248.0893,110.9734,469.7894
298.5822,78.3236,290.0690,89.1082,439.7325,90.3177,561.7421,146.9225,523.8506,160.7977,349.2433,71.7008,440.4547,5.1745,534.9593,72.9732,303.8062,123.8129,498.7386
459.2960,97.5398,350.8865,84.2429,492.3281,87.4736,548.9646,163.3455,429.7800,153.9690,365.8460,96.4674,444.0912,5.1926,468.6847,112.4299,366.5271,126.0032,575.9143
528.6833,71.7097,408.4535,47.0228,544.7720,48.1562,547.4691,183.8313,401.5217,167.2932,401.5096,98.7422,455.0889,-16.3064,431.3666,121.4909,413.6457,112.1632,644.7997
527.1418,32.1599,440.0635,24.4665,534.0221,20.9325,512.0897,175.9023,358.1349,145.5924,442.9680,83.7330,466.3885,-35.2376,394.1300,91.4919,468.0213,110.6435,645.7040
515.9396,36.2446,465.0529,41.5449,533.4763,38.8054,453.9813,173.7783,246.5987,89.1217,436.2351,89.0460,480.9317,-6.8869,347.7735,75.0259,515.9012,161.1472,618.6393
520.1286,78.0500,512.0717,74.1969,607.8115,86.6044,440.6473,198.5698,184.5776,63.0308,422.3549,80.6595,511.2327,26.6262,324.7013,69.1570,502.8208,227.8234,612.6800
554.2694,93.9891,566.5449,92.7056,676.3542,115.4425,461.1473,212.7677,221.7496,104.3561,454.3509,45.3596,541.5695,19.1791,314.9120,41.7336,461.4593,223.1406,631.2285
567.8713,81.4616,592.4484,88.4805,674.0943,100.7019,461.5895,199.5965,277.1477,147.1681,485.1375,54.9103,552.7718,19.3960,305.9785,18.1812,473.0596,154.6046,654.0518
512.7985,85.5913,578.9915,73.9684,648.4094,79.9194,453.1971,174.7148,319.1933,121.7392,489.6429,115.0453,550.6479,60.4858,312.8890,39.8084,508.8188,113.9139,632.4214
453.2632,90.0970,545.4200,65.1947,634.6553,83.6906,462.0243,132.0265,349.9494,74.1507,499.4230,136.9267,537.0565,88.5599,325.3106,87.3985,488.5836,115.1680,554.7582
430.8871,62.2045,516.8026,55.6746,604.8613,80.6814,453.0718,83.9296,323.5773,55.2606,482.0490,105.2398,504.4648,82.8473,326.3808,109.2958,435.1617,95.4687,494.1184
398.1971,30.1685,491.1882,33.2025,537.7318,49.6113,390.6620,78.9995,249.9318,19.6230,411.3386,92.7476,460.7548,95.8993,322.6384,93.8473,410.1357,45.7892,485.7406
364.6049,16.3550,444.0518,12.6788,460.4964,20.1366,324.9372,113.1549,221.6595,-16.8858,359.5498,122.0023,425.3058,137.7602,309.6834,80.5743,390.2529,10.8815,478.7763
353.1054,2.7509,381.1678,6.1178,425.8713,5.1129,334.2228,136.9546,258.8228,37.6135,353.7335,148.8403,413.5504,156.6273,283.2479,99.1248,337.7602,7.2417,461.4030
314.5160,-3.6676,340.2155,-4.6324,428.2372,-11.7681,380.0261,144.6891,268.6026,100.5676,332.5929,151.5304,414.1244,141.4030,257.9922,117.4803,291.6312,16.7701,460.7405
287.3119,25.8710,327.2216,-14.0191,394.8212,-15.1189,341.3871,144.3280,188.4746,6.2938,296.2869,156.9803,381.6113,136.7296,225.5489,90.3583,292.9956,22.5746,449.8530
364.8829,87.4762,313.5562,24.0067,327.1914,27.6853,221.2975,118.5510,70.0257,-147.5833,285.7718,182.7578,308.9716,154.9478,165.2976,39.8855,311.7713,33.5328,403.4210
451.4205,144.2579,294.3184,105.2537,303.3401,97.0290,134.1913,81.1696,-9.5432,-160.0568,276.4860,195.5496,258.7892,155.1270,90.6715,17.3463,308.9981,72.4805,345.0197
412.8820,155.4351,284.1691,150.8248,299.3742,132.6119,92.9546,58.6587,-45.1666,-95.8969,246.0681,168.6850,245.5750,125.9124,28.0237,18.1912,293.2079,121.2074,285.0119
334.0793,118.6409,272.8922,124.6548,242.9233,116.3510,46.4877,33.0942,-58.2369,-102.9892,214.5150,138.5851,203.3578,112.0252,-0.8420,19.5233,270.3372,131.1855,229.3710
303.5126,85.7593,245.4648,85.6835,194.2058,92.3341,35.0763,3.2493,-43.0921,-124.8882,169.8064,139.0285,131.2438,124.8009,8.8909,35.9519,217.5940,105.3764,197.9153
246.5663,91.5169,214.5830,81.3525,218.4748,88.1186,71.8468,3.1177,-24.9737,-84.7438,98.2036,150.7929,101.8976,119.7906,2.1245,58.7118,154.3455,80.1103,165.7400
162.1231,108.2931,190.3182,85.1868,230.7950,77.0822,62.9176,11.1081,-47.1651,-45.5949,37.7423,164.2610,106.0993,96.4096,-63.7680,40.3364,144.8147,52.0570,95.9607
149.5354,114.3939,156.1062,76.2083,166.1743,50.2908,-1.9666,-20.7340,-72.7319,-59.0385,4.5206,194.0679,70.1329,102.1527,-111.7038,-8.9210,182.4936,18.5942,11.4634
173.0957,127.8534,101.5678,80.3706,89.4311,43.3486,-34.5105,-67.6883,-51.3714,-111.4630,-32.4421,226.5113,-1.9881,127.7646,-67.7631,-30.2265,180.8285,10.4382,-60.0195
122.5520,146.1960,45.6695,96.4087,42.6439,57.7836,-37.0110,-82.7246,-30.9945,-182.5796,-78.4398,233.9988,-51.2700,126.1153,-3.8070,-19.3258,108.8027,13.5043,-115.0610
9.4698,132.4939,1.7686,77.1291,-7.1013,49.6216,-52.7724,-65.6803,-49.4027,-207.1976,-109.3935,200.5086,-62.3351,103.0921,-2.5221,1.9349,17.9193,-26.9331,-128.3455
-93.3189,73.4925,-51.2972,15.5455,-71.6397,7.9659,-45.4326,-21.4309,-53.1017,-116.9756,-118.6593,120.8330,-56.0201,80.2529,-30.3726,50.0454,-66.2332,-95.8392,-105.4792
-161.3838,7.2743,-124.9303,-35.9072,-128.7017,-35.4035,-6.2687,43.7792,-28.9324,28.8794,-123.5526,45.3579,-55.2283,49.1510,-47.2779,106.8141,-154.8113,-116.1153,-108.3600
-191.9692,-19.0025,-180.4053,-44.5780,-154.0587,-50.8621,5.2860,84.7569,-35.9680,88.9921,-144.0450,46.8063,-75.2607,27.8850,-78.4591,100.0545,-221.9465,-61.6012,-139.3889
-183.2870,-10.0324,-185.7382,-23.7563,-144.9640,-27.0183,-22.1167,69.3152,-90.6240,12.6211,-170.5557,88.4954,-105.7960,46.2462,-137.4088,33.2204,-232.6745,12.1544,-143.8380
-153.8543,-4.0537,-173.6062,7.5547,-143.8942,11.2866,-61.6964,33.2773,-164.9567,-99.3975,-174.3679,77.2571,-127.0650,68.0508,-188.2286,-5.0500,-208.3032,39.2950,-127.7742
-151.1047,0.5959,-182.5706,29.9455,-173.4192,18.4501,-99.3335,26.7471,-222.0721,-121.3756,-166.0021,32.6418,-143.1111,45.9306,-186.5247,12.6218,-195.5080,21.2146,-128.5868
-219.1512,20.4825,-197.5941,19.9006,-194.2094,-4.4594,-106.6307,38.1037,-206.1349,-80.4820,-174.1793,22.5727,-168.0157,6.6170,-142.1279,33.3673,-212.8543,11.5658,-153.6888
-305.2198,23.3803,-208.8055,-14.0759,-214.7253,-23.6809,-95.4871,8.9844,-119.9622,-94.2575,-184.6048,25.6033,-206.7255,-4.3868,-132.2983,32.7102,-248.9193,15.4883,-218.5944
-285.7332,-5.1076,-241.7416,-32.9189,-295.6473,-39.7265,-137.3807,-70.1876,-49.9380,-131.7651,-187.0303,8.9229,-256.9422,10.1139,-191.2629,23.9873,-276.6233,-17.3195,-315.3307
-170.8271,-13.6916,-280.8479,-25.8032,-394.4954,-52.8581,-226.1342,-125.5121,-26.6499,-68.4560,-202.7636,0.2422,-300.7983,24.0933,-245.9031,2.2892,-273.2077,-80.1921,-375.9928
-111.5387,9.4727,-273.3829,-18.6870,-412.3331,-37.0204,-287.3792,-109.7379,-12.5842,63.9705,-212.6932,6.7720,-316.4830,18.6067,-242.7153,-29.8890,-246.3620,-108.5419,-386.3202
-148.2671,12.8357,-228.9804,-21.3743,-372.5660,-12.2662,-338.0095,-75.6092,-25.3351,150.2504,-191.1787,5.6112,-308.2937,-1.3352,-220.1804,-31.3921,-227.3266,-92.0899,-416.8705
-178.6316,-6.0891,-202.8703,-16.1993,-351.2903,-22.2167,-428.7391,-75.8325,-93.4388,180.9975,-182.6658,3.7396,-293.5064,-3.3908,-212.1015,13.2256,-232.6310,-72.6389,-479.0779
-174.1868,-10.5749,-197.5551,1.4425,-335.5467,-38.8875,-505.8714,-86.9522,-181.3518,174.5147,-209.9637,5.1118,-279.9938,15.3392,-219.4326,51.5445,-249.5785,-65.5380,-504.1764
-196.9236,-11.6391,-187.4637,13.7287,-306.0228,-19.9711,-501.9396,-71.6275,-263.7514,123.8196,-225.2665,-12.8422,-273.9105,13.5763,-245.1841,50.0627,-258.5971,-59.6191,-464.4424
-241.1042,-25.0561,-192.7634,13.5375,-307.0575,8.1275,-441.2051,-29.1712,-325.8015,72.3559,-225.4204,-43.7879,-273.5492,-7.8915,-258.8534,54.7839,-257.5736,-41.0713,-401.6053
-246.3777,-25.2200,-229.6833,13.6075,-343.5140,16.4766,-381.0980,0.7044,-324.4316,32.2275,-239.7032,-51.0623,-270.1988,-8.0156,-230.2851,85.4276,-260.2171,-5.7789,-376.1673
-212.5898,-6.8175,-253.2160,17.5965,-351.5341,15.2747,-356.2902,-40.4237,-293.2278,-49.7869,-224.8390,-29.2539,-267.7167,-6.5044,-201.8735,70.1857,-272.0053,17.3895,-414.8272
-186.2427,-2.7723,-229.3899,11.9897,-308.9885,8.4322,-364.6032,-131.9624,-324.2608,-129.5955,-148.2746,-21.7328,-258.4038,-45.1595,-200.3227,-11.0351,-281.1731,6.5998,-470.2554
-183.4190,-25.9263,-196.3290,-4.0106,-273.2339,2.6500,-366.0826,-164.3540,-383.0836,-119.4272,-74.7607,-63.3587,-221.9143,-81.6792,-181.5316,-58.6039,-274.5638,-5.7677,-475.7750
-183.6289,-46.7598,-198.3792,-8.5784,-287.0944,13.8239,-341.7768,-113.9548,-370.9227,-77.6356,-58.4468,-110.2159,-191.7206,-61.8432,-147.6259,-30.9311,-248.1252,-1.3797,-429.5663
-176.7870,-28.3423,-220.4239,11.9966,-313.9837,27.0940,-318.4198,-74.0861,-316.9511,-88.9180,-82.5901,-88.5574,-219.6161,-20.4876,-150.5915,-13.0266,-209.5746,-12.1451,-366.2120
-183.2224,15.7826,-229.2013,43.4399,-308.3243,29.0358,-312.1568,-71.2251,-291.8064,-116.5004,-117.7281,-28.7954,-260.4614,-4.5157,-178.1674,-41.6720,-178.1140,-33.6294,-312.7362
-220.4687,23.0723,-225.9771,55.8182,-289.2248,33.0807,-310.7801,-56.3539,-280.5804,-125.2591,-132.2085,-25.1988,-232.2343,-4.4867,-184.8089,-58.4331,-171.0439,-25.9497,-293.6487
-272.5055,-16.6484,-220.1836,29.7278,-274.6896,22.3004,-283.5356,-35.9852,-266.4649,-125.4062,-110.9947,-64.0809,-155.1525,-11.8576,-154.4226,-41.4174,-186.9209,-4.1720,-282.9240
-299.5281,-36.6499,-204.3118,-12.9624,-231.6902,-13.9013,-193.9159,-20.2091,-250.5258,-89.4292,-91.5777,-63.1821,-99.4226,-25.2683,-77.7088,-10.0725,-202.4698,-3.2138,-209.8465
-272.1132,-16.9739,-183.1563,-21.0091,-170.6001,-15.0136,-79.6851,31.0810,-199.2393,-17.0350,-93.7552,-32.4857,-77.8485,-14.5369,9.3198,33.8530,-191.5849,-8.8676,-92.9800
-209.8797,-9.9279,-172.8046,10.2906,-155.1980,31.6991,-36.7490,97.9824,-128.4797,28.7591,-78.8825,-20.9991,-71.1244,19.0779,29.9037,64.6469,-157.5598,-7.6932,-28.7251
-170.4898,-24.9769,-161.6526,20.8619,-169.0486,34.7113,-51.9266,110.1431,-106.6426,35.0462,-41.9298,-9.9987,-64.6349,15.9505,0.6761,52.7921,-132.0097,-12.3849,-29.1774
-172.1551,-24.4944,-132.4707,-13.3688,-147.0164,-21.6805,-37.7644,72.2725,-103.5166,42.4353,-28.7621,11.1467,-53.2012,-37.5521,1.8370,33.0063,-124.5137,-14.8432,-42.1581
-168.9312,-9.3600,-109.7723,-37.4209,-124.4523,-43.0416,-22.2609,29.6375,-30.3666,60.0160,-46.5202,8.1264,-63.0367,-75.9571,21.0020,26.6308,-108.6545,-3.5348,-64.0847
-127.2523,-5.3062,-116.7459,-21.1010,-165.1691,-16.6620,-60.1363,-8.4925,91.2692,74.8142,-58.0973,-7.8227,-105.7183,-61.4825,17.1258,-3.7720,-77.8490,1.2594,-96.8463
-64.0508,-15.2820,-121.4130,-8.2068,-217.5220,-12.5428,-84.9004,-33.8650,183.5179,78.8707,-36.2171,0.5786,-125.0138,-26.0307,27.7715,-42.0817,-55.1132,-17.7010,-114.4164
-6.4506,-26.9847,-91.3061,-22.6709,-201.2399,-29.0279,-58.9746,-36.9799,240.7306,78.5746,18.1900,17.5305,-82.8063,-1.1009,73.2872,-30.2131,-42.3906,-49.3400,-119.3978
25.6933,-23.7996,-45.8812,-29.6091,-133.3445,-25.4813,-44.0783,-28.5542,274.9312,100.1596,71.0208,26.9624,-20.7622,17.2106,118.3957,11.5277,-29.0165,-70.2369,-114.6499
28.6342,-2.2291,-12.8223,-12.1610,-72.8192,-12.9904,-31.7320,-7.0739,253.5314,134.1764,94.5554,49.7753,29.5850,39.3673,151.5405,44.9830,-22.5167,-60.1394,-81.0432
25.0008,16.8525,11.9117,8.8574,-36.9860,-4.1512,26.3254,13.2901,161.2621,133.9098,114.1544,71.8195,76.9608,59.6445,155.9517,84.9710,-19.3413,-22.3352,-53.7194
17.5983,28.3953,47.4150,30.9835,-10.0723,15.9851,69.2956,-17.1540,40.9850,90.1982,148.4556,64.0473,100.5355,63.9352,104.9119,99.7142,-2.9104,18.4800,-79.3556
-9.5321,44.5283,96.5718,62.5901,18.5029,43.4612,41.7984,-76.6571,-39.9874,2.2100,160.8899,63.2564,74.9205,54.2418,57.4351,39.8508,13.4920,46.0268,-107.2236
-18.8431,40.9872,121.8658,77.8999,29.8096,57.8338,5.0652,-77.9935,-43.4805,-120.5989,135.6980,93.4510,28.6872,45.8690,83.4165,-18.9115,10.6289,45.8020,-77.4685
25.2176,-3.7357,80.8225,51.1166,7.0253,46.1507,11.4225,-32.0872,-0.6285,-161.1018,115.9327,86.0190,4.8234,33.0781,131.1218,6.7334,6.6477,7.8297,-20.0315
64.6334,-40.5973,16.0502,10.3179,-4.7625,13.0037,40.9383,-20.5412,20.7448,-52.9422,141.1416,12.0384,20.1189,1.2773,139.0393,40.7439,21.1929,-26.8851,35.4250
63.3251,-22.8432,26.8027,0.8537,51.9352,-2.9553,60.8005,-34.7931,1.1140,36.2539,206.7255,-37.6901,64.3995,-25.3410,140.4629,2.4070,50.3638,-8.1196,93.7685
91.0740,14.4321,115.1013,22.4740,144.2713,24.0213,45.9665,-23.5388,-17.4397,1.4811,259.6810,-16.5188,96.4557,-12.9946,147.2788,-46.5218,92.4602,36.0307,121.1899
159.9954,20.7103,182.6022,43.9740,190.7501,49.4723,14.9136,-5.1712,0.2263,-4.4969,242.7811,0.5510,86.5072,15.9985,111.7255,-47.2653,132.5215,57.1032,91.0081
176.1033,2.2653,187.1538,51.0636,175.0215,38.7333,19.2925,-7.3369,40.2692,65.8347,187.0783,-25.8933,58.7646,15.0567,39.2856,-35.5628,138.4977,64.3574,51.3471
122.4409,-9.4562,163.4360,47.4265,135.8112,33.8581,36.2036,-9.8676,62.5759,69.1612,168.2609,-47.9511,38.0754,-14.6295,-6.9373,-29.7089,120.7745,58.3973,50.7382
70.1473,-8.3441,126.0697,34.3569,91.7304,48.9431,15.2698,4.9387,51.5647,33.4916,162.4674,-50.0277,13.5306,-39.7833,6.0559,0.7636,119.6680,14.6332,86.6190
40.9411,-15.5918,76.3781,14.4610,46.8856,31.1093,12.6881,35.9404,43.6880,84.0466,105.9778,-54.8020,-10.7093,-48.7388,56.2427,62.9466,123.5702,-28.0745,144.4713
32.8885,-44.5134,40.3170,-3.4069,29.0329,-12.6603,79.4537,82.1540,79.7197,159.9505,38.3296,-61.1423,-12.8998,-48.5998,93.3796,141.1892,87.0894,-13.3376,195.7774
52.0129,-79.2631,22.6423,-16.2369,56.6925,-16.1162,144.4394,134.0056,133.6198,196.9285,16.9379,-77.6589,1.4379,-35.5524,93.3842,218.7052,14.2504,24.6231,206.6778
40.2866,-104.1471,-2.3832,-30.2629,89.7018,5.7316,167.4236,174.1153,142.9158,242.9112,11.5478,-108.6209,15.7158,-3.5284,82.9204,264.7303,-47.3375,29.1282,194.2101
-47.1207,-121.3825,-37.9642,-48.4000,73.8498,-15.5067,189.2159,185.3812,105.4631,255.8241,-8.9765,-101.0291,19.5979,26.6964,73.6050,263.1241,-69.1655,12.8700,187.5562
-128.5643,-123.1299,-72.9649,-61.8814,21.9047,-63.0179,184.7550,157.0353,76.4064,190.0781,-32.3298,-39.3658,-3.5895,29.6327,43.9236,240.6993,-59.8889,2.0678,159.1648
-133.5021,-99.2004,-106.9547,-57.7779,-17.4871,-67.3908,113.4545,106.7723,66.4669,137.0017,-59.1679,0.7755,-46.6569,23.6029,10.0947,218.9846,-43.3867,-1.8795,84.1596
-115.2978,-68.5146,-119.7054,-36.0760,-39.9742,-26.2985,35.3081,65.2717,27.4150,106.7112,-83.1940,-7.3629,-67.2709,35.5447,-7.3024,180.1775,-32.0050,15.2798,-4.2418
-107.0167,-48.3983,-81.6097,-12.0043,-49.9382,9.2354,-9.5965,32.2026,-49.4644,27.0426,-75.7877,-14.6914,-46.4633,40.0748,-52.1087,119.4058,-21.7741,61.0227,-77.9769
-74.7281,-24.1840,-9.3878,5.4490,-15.2815,17.6122,-67.2080,-3.6857,-119.8496,-27.2963,-44.3610,-17.5546,-8.3551,20.7807,-138.8833,74.3677,-12.4710,102.7603,-143.4666
-53.4319,14.4201,46.6310,22.6068,51.0471,19.2225,-136.6222,-33.8749,-171.8141,-10.3418,-22.1596,-23.2077,16.3621,27.3148,-196.2675,60.0942,-10.2319,111.4239,-190.7732
-97.9981,45.6732,57.9075,38.7061,66.9522,34.6597,-164.8030,-56.1546,-212.1524,-42.2218,-20.7163,5.2963,5.8236,72.4717,-195.9568,36.9602,-19.6618,95.3719,-199.8402
-140.8401,41.4044,29.0765,38.6155,7.7390,52.5865,-158.4393,-71.2768,-204.6052,-99.0736,-40.1590,46.5436,-38.8489,88.4377,-188.0855,-8.4203,-45.8029,73.5866,-183.2887
-103.6356,9.1712,-19.4715,21.7310,-58.9198,45.9406,-156.2839,-62.8782,-142.5352,-37.8052,-64.9408,40.6334,-83.9012,59.5717,-182.3697,-30.4112,-74.8781,55.8732,-163.4022
-49.8083,-7.2670,-64.8126,9.7805,-94.0904,20.0619,-158.5186,-41.3258,-99.6117,33.4912,-71.4546,14.3933,-106.7037,41.4673,-149.6507,-16.7173,-75.6466,44.9092,-140.1981
-66.1485,0.0520,-94.2651,12.8141,-129.0988,8.3929,-145.4587,-42.4041,-104.0494,-54.6449,-79.1133,4.5518,-116.6974,38.5445,-106.0220,-8.0605,-54.2064,34.8778,-106.4062
-118.5246,-14.3209,-107.7250,17.7459,-178.4016,17.4477,-109.5716,-51.0345,-98.0086,-162.1896,-109.7663,-17.7136,-114.1080,26.5426,-80.5934,-10.4202,-45.0677,20.6446,-61.0840
-130.9778,-35.6970,-109.5505,25.5955,-200.5050,31.8306,-79.6841,-28.6073,-79.3536,-113.7305,-125.5813,-39.3847,-94.1734,23.0900,-72.6726,-13.3770,-35.1574,15.9464,-12.1555
-88.3793,12.3743,-105.4763,62.2594,-161.8188,58.1333,-98.8717,-3.2285,-105.5218,-25.8196,-105.5915,-26.9093,-82.0804,17.1168,-82.9091,-48.4411,7.2837,43.0348,13.4388
-24.4317,101.4829,-94.8379,120.5580,-99.6513,95.1365,-137.9437,-27.2258,-157.2005,-56.9680,-86.7660,-24.3974,-93.8436,-24.9571,-105.2985,-102.2548,52.4737,88.8707,-16.1507
2.6497,128.2092,-72.7843,140.4184,-79.7249,104.1465,-128.8507,-86.8210,-168.3794,-139.3842,-78.9445,-38.3979,-97.6739,-52.7513,-108.8169,-92.5250,59.2862,99.5239,-90.7493
-35.7242,104.7653,-52.5850,99.6126,-94.0532,74.8310,-97.1708,-123.4435,-138.0566,-127.2889,-70.0371,-2.3443,-70.6227,-15.3683,-85.0128,-18.9215,40.6638,57.3193,-149.4172
-63.1117,96.7192,-50.4913,58.0443,-81.4445,48.2846,-108.9551,-101.5660,-106.1441,-26.2415,-80.1224,48.2283,-48.6693,21.4193,-62.5769,36.5950,21.8564,20.4160,-144.4283
12.8972,78.7558,-45.3031,50.7027,-43.6806,35.8820,-133.9134,-39.5906,-101.3499,30.0493,-97.8689,31.4794,-69.1560,3.8284,-61.9379,65.1634,29.8526,29.0688,-92.1643
138.2909,42.0253,-3.9264,37.0202,-23.3283,14.0196,-121.1860,8.4462,-129.4232,-5.5786,-74.6995,2.9305,-100.8208,-17.6286,-87.1608,94.0338,100.3601,39.9149,-39.5139
198.2469,47.9428,59.3120,10.5918,-5.2080,-3.0061,-99.8694,21.8310,-143.8452,-34.5145,-23.6096,28.8907,-90.1281,-13.7261,-128.3433,85.8851,193.3415,9.9453,-4.6725
205.4191,77.2506,97.2121,13.2971,30.1875,0.1776,-85.3428,31.0138,-97.6886,-18.1312,12.6668,51.2486,-48.7085,-15.2985,-142.5862,34.9364,201.3285,-40.6085,23.8772
213.3491,51.9099,92.2613,12.6179,38.1405,-21.1341,-43.9773,37.2030,-38.0234,-25.8437,39.6859,31.4846,-21.0254,-29.3071,-104.7109,3.3661,116.9616,-79.8646,51.3263
171.3393,-10.8566,66.9346,-49.5778,5.7171,-83.7874,-0.3860,1.9515,-26.6765,-40.9864,56.5378,2.3316,-1.7455,-48.4702,-71.7907,-8.0808,49.6459,-89.4154,65.4758
66.0942,-47.2171,47.8537,-109.6362,-2.8957,-118.6084,-8.2476,-61.9041,-36.7519,-11.6192,39.4562,-31.3044,26.7855,-67.6585,-102.2994,-43.0901,45.7270,-57.8609,47.6901
25.7566,-46.6221,45.7345,-89.7337,31.0428,-91.8394,-36.6308,-99.0733,-44.1354,-26.8653,10.1578,-57.5402,39.6210,-58.6547,-148.8377,-81.7793,44.4938,-23.5770,-8.1097
106.1134,-27.4135,55.9441,-60.4072,43.8993,-67.3621,-35.0808,-105.6630,-75.0816,-135.7743,6.7076,-42.8072,30.3252,-31.7884,-136.1257,-96.1918,8.0063,-48.4663,-74.7102
180.5327,-23.8743,64.2532,-94.8265,5.1896,-86.8802,-37.3631,-117.1972,-109.6841,-198.8827,26.1200,-21.3434,25.7543,-41.1467,-92.0248,-102.3607,-27.0561,-108.4134,-113.0783
168.0303,-52.4312,57.2335,-117.5157,-38.1929,-106.5514,-81.5285,-141.7986,-114.7285,-159.8275,51.1317,-28.7965,12.7424,-62.0850,-96.7035,-106.7985,-14.3534,-124.6080,-120.0567
141.8502,-56.4063,36.4081,-69.5593,-40.9202,-86.4565,-123.6314,-172.0407,-125.7110,-155.0702,59.2303,-22.3586,-24.4877,-34.8781,-152.6970,-126.9736,38.2238,-98.2479,-117.9917
129.0973,-12.1864,17.7220,-29.7454,-22.4128,-50.5479,-118.5512,-205.6399,-139.0227,-238.2560,26.6103,-6.3533,-45.5996,-13.5302,-193.8096,-195.2945,70.5464,-86.5694,-105.2062
50.6751,-3.2311,2.1959,-52.9189,-34.9538,-41.1103,-85.8197,-219.8011,-62.4243,-301.8444,-24.9619,-54.0814,-44.1337,-65.4724,-178.8377,-262.2974,45.9598,-93.2870,-60.8982
-74.6846,-57.7705,-30.5011,-87.7324,-81.0535,-65.6198,-42.3199,-184.0667,118.5519,-250.0655,-62.9733,-149.3551,-71.4290,-131.7053,-115.8486,-257.7927,-2.6439,-95.6806,14.0112
-108.0484,-105.8892,-75.5126,-107.4657,-106.8948,-99.4913,29.2683,-112.3386,296.8321,-67.4570,-98.8784,-210.7644,-115.7740,-156.5866,-33.8857,-231.8432,-35.2836,-104.3086,99.2380
-29.7793,-147.2048,-91.9166,-143.9931,-90.5559,-126.2644,118.7893,-54.3724,390.9588,145.3724,-117.8716,-231.6268,-114.1283,-180.2722,33.9071,-239.8540,-54.3306,-121.1470,177.6907
20.9147,-215.2242,-63.5027,-188.9749,-60.9752,-152.0162,183.1946,-32.5330,392.2919,204.8105,-70.9036,-240.7111,-58.7678,-210.8501,70.7354,-220.8247,-57.2886,-122.3155,232.9108
-4.9451,-239.6376,-19.4051,-192.6707,-18.4700,-168.4699,205.7037,-29.3634,326.0033,95.4228,7.4815,-227.7221,29.3867,-200.6269,95.2483,-159.0266,-11.6135,-104.6702,249.2240
-2.9873,-169.6506,22.3680,-144.3647,62.7507,-147.1523,196.8818,-39.8903,241.9460,9.6178,39.2202,-187.4512,128.9884,-161.1746,136.9893,-146.9612,88.3344,-78.7702,224.6298
57.9516,-88.5620,74.4374,-87.1927,157.8326,-95.8471,166.2408,-79.1605,162.2462,12.5745,47.6302,-142.1976,188.3466,-143.8483,188.7249,-191.2989,185.9454,-45.2420,179.2186
84.8720,-69.6562,137.0712,-67.9328,217.2499,-62.1303,139.9327,-126.2251,69.6449,-17.6741,93.7974,-112.4340,202.0995,-151.8299,207.0524,-203.4205,211.6843,-17.5403,150.5585
64.7111,-84.2274,188.1658,-84.6126,240.6376,-59.4244,156.1391,-135.6371,3.8949,-105.2118,143.9802,-106.1930,232.4352,-159.0385,176.9004,-185.1153,165.9172,-4.4315,156.4323
87.0711,-87.3641,210.7625,-91.0502,250.6011,-53.6404,213.6689,-118.8280,32.0770,-179.3389,140.0978,-111.3494,265.8719,-152.4122,153.8411,-197.3508,125.4483,18.9060,163.7240
153.9845,-73.4603,205.9096,-70.6325,242.3798,-33.9218,264.9258,-129.4800,103.8187,-241.0303,105.3319,-107.7510,238.6287,-131.6111,193.4992,-215.4388,132.8797,44.2139,136.3119
175.4539,-59.9259,191.5514,-57.6029,209.7617,-30.0947,262.2183,-168.4323,114.7950,-272.0702,92.8582,-89.0372,197.3645,-104.6483,256.3669,-193.8890,141.7933,10.0425,93.9044
143.9122,-51.3133,184.7636,-60.6372,176.5560,-51.2143,204.8806,-188.8955,79.1635,-220.0772,111.5298,-50.8842,207.1362,-77.4143,266.3482,-174.6423,125.9826,-74.9557,68.6144
133.7814,-29.6272,182.2006,-54.4204,165.4734,-70.4270,153.6398,-176.6605,78.2941,-157.5340,141.0764,-13.3142,216.4335,-58.9258,239.4696,-201.6711,130.2763,-120.6127,52.2983
154.2007,-16.6372,178.0607,-56.6949,161.8464,-81.5559,168.3380,-152.7936,124.0609,-156.5420,169.2122,-34.8504,194.6870,-69.4044,243.7155,-220.0306,161.3307,-116.1400,46.4919
154.2028,-59.5322,179.9858,-98.1669,141.3655,-109.0498,230.4014,-128.5161,182.9640,-122.2577,190.8823,-100.8838,196.7271,-94.0188,275.1035,-164.7220,168.9574,-132.6068,85.1930
143.3414,-109.2572,179.3230,-137.1631,118.1691,-146.5887,285.7319,-102.1813,248.0052,-21.8854,195.6221,-101.8498,215.4146,-84.4131,297.1769,-85.3175,158.0915,-164.7538,163.5116
169.5349,-86.4121,154.0690,-123.6756,125.7165,-150.0890,331.9156,-71.0520,336.8496,7.8638,185.6032,-35.7946,209.5452,-56.8942,333.0523,-70.4724,175.8774,-151.0524,233.1045
203.0665,-49.0759,130.2583,-92.2863,162.8153,-113.0953,383.6606,-36.2845,444.0257,-54.3982,188.4503,-31.3611,226.1720,-68.0011,394.7843,-92.8264,210.1963,-107.8811,271.6814
190.8278,-71.3658,160.8226,-90.6383,202.6546,-85.5211,414.3025,-11.0960,499.4356,-82.0773,219.8233,-88.6118,290.0934,-80.7542,416.1725,-63.8951,226.4432,-96.0730,281.8074
183.8145,-83.1967,220.7038,-101.0584,230.2900,-97.3923,403.3051,-5.1323,446.2897,-50.9421,259.4362,-74.5635,320.4105,-33.9027,366.0921,3.8306,238.0226,-124.2659,265.9884
225.4039,-38.8955,228.6272,-98.8250,234.5660,-119.8486,369.0688,-4.3329,367.0314,-12.5410,279.3138,2.6960,282.6549,8.9245,319.5335,37.3652,253.6726,-160.6218,252.7116
215.2887,-20.4525,184.4105,-92.5561,212.4028,-116.4928,328.4058,4.7559,372.8495,21.3153,267.6045,19.4881,243.7529,-20.4006,330.5943,34.4069,249.4520,-166.4523,272.8438
116.1469,-46.1487,170.5506,-85.5075,195.1006,-93.2741,288.5099,12.3455,401.2808,14.9290,244.1181,-9.6266,238.4989,-51.8315,346.1899,24.0074,233.1453,-124.3505,298.4579
102.6415,-39.2665,213.4060,-74.5686,206.3930,-78.3509,260.3433,9.6069,339.4353,-34.1182,256.1941,14.7915,237.5233,-29.0908,307.7917,0.4087,239.2657,-73.6320,287.0086
245.9362,-5.7777,251.7892,-67.6217,216.3083,-72.1292,242.2845,3.3473,238.7522,-44.3662,299.1552,62.7643,224.6255,-16.5812,238.5536,-21.1897,253.7779,-53.9071,253.1382
336.6388,-12.6764,242.9652,-65.4785,194.1957,-56.6951,223.0175,-1.4265,186.7344,-35.6955,294.0698,46.0619,203.1388,-41.5235,184.0753,-5.2542,227.6449,-45.3074,231.4934
256.1780,-52.2501,204.3539,-68.7504,154.9744,-49.8346,198.8984,-1.7247,155.8333,-75.0119,228.8311,-8.0933,165.0699,-45.3002,148.4913,28.4342,155.8233,-42.5892,230.3841
157.3935,-73.0240,161.1610,-85.1371,120.5433,-77.1225,167.4640,9.7451,133.4191,-43.8251,191.5526,-27.0962,103.9275,-25.8823,122.5821,38.0894,80.3352,-71.4068,242.7496
131.3139,-58.5630,123.0585,-91.5979,101.4721,-96.7920,130.5185,25.4092,153.0937,113.1041,195.5936,-20.3352,39.9506,-24.0272,112.5349,27.8771,38.9069,-88.9176,242.1807
104.2782,-23.2729,94.0714,-53.8442,113.1794,-56.4847,97.1236,18.5783,155.9566,163.2085,165.8552,-18.7474,11.0197,-14.4345,113.7221,10.9301,52.5466,-45.3086,197.6210
77.6402,14.4287,76.7421,8.3203,145.3924,6.1625,60.6753,-23.5682,80.5415,18.6419,111.9638,-3.1590,23.9070,28.2758,98.7815,-22.8886,121.5770,-10.3200,129.6851
91.9254,50.5087,80.5698,54.1474,151.7729,31.8430,14.1247,-78.3974,12.5429,-86.8929,100.9750,30.9728,37.2041,61.5659,57.0410,-68.1359,194.4475,-49.8078,91.7748
79.0963,74.1301,105.5501,72.4421,114.7699,29.8072,-18.8864,-105.4679,26.6193,-78.9728,110.9990,43.1586,19.2359,64.2204,17.3231,-94.4026,187.7075,-97.0982,87.2556
20.1715,45.7017,111.0474,45.6834,62.9454,14.9470,-27.0084,-85.6167,53.7324,-97.5481,88.0984,19.2794,-18.7383,60.9207,4.7872,-86.0689,84.4070,-94.4375,70.0599
9.3719,-25.9293,60.8009,-24.5639,12.5029,-17.6597,-39.0113,-47.0993,46.8728,-110.9491,43.9515,-11.6541,-55.2499,46.7222,1.9068,-64.7896,-31.1972,-81.4432,13.3154
30.3286,-54.4028,-9.6710,-58.6562,-37.3148,-31.7759,-66.8478,-34.1581,58.5942,-38.4494,-3.7993,-25.5809,-72.9439,13.0301,-12.7154,-61.1006,-83.2034,-75.8996,-59.7371
-29.2390,-17.6282,-49.7103,-11.6935,-63.7568,-7.7682,-86.8668,-40.5279,101.5528,13.4574,-63.6272,-16.5700,-65.3329,-7.3433,-20.2607,-61.8581,-95.0286,-53.9463,-92.2798
-140.7285,1.3558,-72.3165,31.0303,-53.5990,-1.1014,-80.2979,-17.5706,124.4864,-2.8366,-115.0997,-5.0908,-60.0950,-7.8645,-7.2545,-27.3873,-126.3598,-28.9743,-57.1670
-198.2444,-28.6725,-97.0533,8.2641,-48.1200,-26.4142,-46.2018,39.9595,100.5800,14.1558,-122.6484,-28.7869,-78.0376,-17.8412,-12.2467,27.1554,-176.0534,-14.5341,-9.8000
-206.0072,-49.4765,-99.4837,-14.8735,-69.3162,-21.2052,-8.8878,80.1373,32.2853,73.4057,-92.2508,-64.2449,-85.6966,-20.9558,-61.7691,45.1795,-198.2025,10.7411,-18.4821
-195.9221,-29.1549,-71.5913,8.7313,-55.7973,19.8136,-12.9822,76.1267,-54.6740,105.5286,-68.2262,-35.4434,-63.2200,8.0149,-117.4846,20.8956,-176.2395,46.0518,-71.3393
-143.2887,15.2644,-38.6983,41.7612,22.4132,44.8967,-63.5987,54.3137,-107.5546,90.5775,-80.6286,42.2463,-46.6984,26.5363,-148.7458,-5.3850,-133.8103,70.9521,-118.4834
-82.2923,54.0468,-11.5511,64.3845,77.7876,55.4935,-115.9012,39.4714,-121.7723,29.8344,-101.5101,63.2317,-42.4783,6.3101,-174.4247,-7.3032,-96.7005,90.9107,-141.9598
-101.6805,54.3330,7.5199,84.9079,58.5453,73.7063,-143.1801,27.9684,-161.9350,-15.5693,-88.2785,13.4789,-14.4412,-1.3206,-195.4388,18.1716,-80.1471,118.3862,-145.2813
-173.5390,32.3428,15.7971,94.6479,51.1889,88.7674,-144.8629,6.1451,-249.8863,23.4925,-65.6754,-9.4311,22.7681,29.0152,-193.6244,36.9911,-90.6611,149.2524,-149.0612
-173.3346,49.0320,33.2486,100.9077,102.1482,100.4748,-127.3782,-29.4558,-324.8347,47.7134,-81.4563,33.0462,19.8989,49.3338,-194.0013,1.8581,-114.8735,162.7162,-182.4557
-84.6935,98.0455,59.5342,116.9874,121.0063,110.0983,-130.3329,-55.2930,-331.6926,-26.2134,-115.9272,76.0658,-21.8722,40.5902,-212.2662,-52.5434,-129.9965,128.7593,-223.2429
-25.2245,111.6616,46.1536,116.7078,63.7763,96.9121,-175.5283,-46.4355,-274.9497,-55.1343,-135.1976,70.5970,-72.5318,32.4685,-201.2552,-52.8839,-141.7721,61.0901,-223.6244
-62.1484,77.7301,-13.6434,85.2137,-3.4191,70.4072,-205.0239,-29.2975,-207.9465,10.8029,-154.0140,38.0795,-118.9652,21.7649,-152.9288,-32.7907,-178.4791,22.1624,-201.3888
-131.5965,30.1737,-66.0462,52.3148,-58.2731,53.9949,-182.4254,-43.0877,-186.0449,-2.4593,-173.0847,3.6345,-144.0215,-12.3436,-133.3737,-56.2969,-231.2808,22.0981,-191.2340
-162.3895,-10.7368,-99.2313,32.7453,-120.3464,29.1456,-152.4165,-63.3170,-194.3766,-91.0134,-167.5323,-43.9996,-135.7513,-45.6962,-148.8366,-71.5915,-248.1835,9.6676,-174.2695
-168.3496,-17.4397,-133.5493,17.7480,-149.7385,-8.9602,-129.5314,-54.5820,-173.8767,-86.2148,-151.8296,-84.8908,-121.9614,-48.1744,-137.0337,-32.7472,-208.4625,-23.4475,-156.5192
-174.0046,11.8155,-143.8482,5.4029,-130.2394,-33.3335,-97.4395,-41.9556,-137.6202,-42.1747,-149.3734,-49.1239,-132.0821,-33.0042,-103.4934,-5.6725,-157.6785,-50.1559,-177.2401
-155.8613,9.1748,-113.5180,-17.9737,-127.2843,-56.6708,-101.7679,-42.8158,-150.3408,-83.0522,-146.3719,48.6774,-153.1930,-19.9149,-99.6857,-12.5636,-144.7060,-68.2696,-197.3313
-108.8544,-47.7794,-81.7718,-55.1672,-153.2569,-85.8718,-158.0065,-27.1902,-198.8652,-116.0525,-134.6404,86.1263,-161.1422,-9.4502,-111.1635,8.7723,-156.6171,-63.5475,-156.5784
-72.1899,-72.3432,-67.0930,-64.3015,-140.8343,-73.1652,-182.1477,3.1380,-217.8340,-60.0858,-123.0746,37.4614,-148.0966,-8.2847,-104.8711,44.2862,-148.3006,-20.7393,-104.8056
-58.4612,-25.6997,-54.3071,-34.2761,-85.4428,-27.9676,-146.6873,13.8230,-206.2847,-10.5205,-110.9966,10.5758,-107.2424,-19.5374,-100.8137,33.1396,-113.3316,15.0885,-106.5021
-45.7754,15.2002,-58.4019,-15.8074,-55.7636,-17.1415,-115.7693,6.3122,-198.0964,-35.8288,-102.5688,34.0994,-45.5212,-18.7513,-112.5079,7.2395,-80.5373,13.1843,-125.0264
-35.7429,11.9664,-88.4590,-18.3588,-77.1904,-20.9239,-95.3837,-9.8425,-188.0709,-92.4436,-99.0931,45.1619,-7.1040,6.1898,-116.4938,13.5046,-57.6667,9.8626,-118.4383
-33.9873,15.9251,-106.1730,-0.2579,-108.4771,8.9661,-58.6807,-37.9181,-170.6771,-109.5073,-83.3490,50.8328,-24.0817,23.6654,-103.5109,13.0308,-29.9948,1.4699,-97.6216
-14.8880,40.9276,-100.0599,28.5111,-110.7084,24.0866,-44.1845,-50.8019,-163.8746,-63.4882,-61.8688,74.6797,-62.6117,11.2067,-78.0944,-27.9623,-2.4027,-49.7130,-61.1810
13.3948,41.2362,-109.5555,21.9220,-99.3933,-10.8149,-67.7253,-40.4400,-155.2088,-42.1459,-57.7987,74.8493,-79.3010,-6.9114,-39.8288,-78.1109,7.4846,-96.6764,-19.5735
-8.5868,11.5877,-143.0343,-14.9897,-108.4688,-43.3220,-75.2957,-61.4554,-113.3306,-119.2035,-56.9438,55.4231,-85.7884,-5.0187,-10.5612,-109.0712,2.0708,-90.3369,-18.8367
-73.8160,-13.0557,-162.1522,-47.7279,-111.4640,-60.6998,-49.9564,-119.5229,-59.7998,-187.8159,-52.1250,60.7618,-97.5382,8.8038,-20.0552,-120.3239,-11.6312,-93.1626,-44.9645
-89.0938,-34.9618,-153.4787,-73.7587,-74.3526,-102.1397,-21.1019,-145.8231,-39.3965,-158.0744,-72.9989,52.2455,-92.5810,11.4933,-53.5263,-111.9207,-38.3303,-145.8632,-33.6544
-33.2425,-83.1890,-150.1781,-116.5288,-59.4996,-156.1606,4.5977,-134.5854,-24.4574,-125.6525,-105.3406,-9.5225,-68.9724,-17.7268,-65.5611,-91.6587,-68.6638,-186.5228,0.1338
-2.5554,-149.7290,-172.0880,-181.5843,-115.3629,-196.4396,18.6347,-131.8798,55.2724,-122.5695,-107.9601,-72.9567,-56.2091,-77.7865,-35.9160,-79.1084,-78.4896,-194.6206,-4.2248
-42.9030,-191.5760,-184.3584,-229.3217,-151.6401,-227.4286,3.5029,-117.4534,181.7269,-45.2034,-105.8165,-109.3976,-58.8407,-125.9553,11.8482,-79.3183,-65.4091,-211.4159,-25.8008
-76.2325,-185.0169,-148.4364,-220.5502,-105.5426,-232.5461,-16.7065,-64.8239,239.5990,77.2041,-129.6811,-144.5392,-69.4566,-126.4024,33.1500,-73.4652,-49.8654,-212.9505,-6.9034
-46.7772,-152.6597,-89.2257,-185.8009,-60.2992,-198.6881,-9.2033,-17.7367,166.4807,121.8823,-148.1362,-167.7646,-88.8936,-109.1136,9.9265,-47.4326,-37.7344,-161.1325,43.1280
-7.7508,-133.3914,-54.4759,-173.4609,-57.2120,-163.4825,13.6773,-3.6040,37.1376,102.7218,-149.5918,-163.6449,-82.3368,-116.8480,-25.1970,-16.0935,-14.4672,-111.9462,75.2611
-17.3616,-130.5975,-34.5502,-161.3961,-30.6091,-145.6411,25.7562,-6.4535,-38.7896,72.6511,-156.2587,-149.3728,-21.3900,-130.0574,-36.0438,3.3191,20.1690,-116.2609,64.7195
-53.0961,-113.7271,2.9144,-117.4621,16.3134,-115.2085,20.6704,-30.5027,-40.5760,-1.1985,-148.4845,-124.0330,34.6471,-108.8428,-25.3404,15.9641,45.4570,-123.7631,27.2835
-64.6849,-78.2916,39.0819,-74.0384,20.9506,-68.2960,9.0791,-65.2948,-22.8095,-113.9462,-112.7730,-95.8220,29.0548,-64.1309,-5.8260,14.7793,53.2156,-90.8018,8.7075
-41.2347,-56.5232,32.3200,-59.8278,-1.8873,-38.6544,8.0491,-64.8085,-26.0252,-173.6249,-92.9102,-94.8932,3.0325,-36.2767,18.2342,-13.3328,51.1069,-63.6124,32.5724
-0.5677,-57.7825,-18.8208,-56.8650,-14.3654,-43.3277,14.9068,-30.6605,-38.7995,-114.2840,-103.7616,-92.4636,-4.5380,-34.3556,31.9587,-25.3195,32.4249,-82.1528,63.5167
35.6994,-59.9471,-68.2767,-56.8133,-20.6969,-64.1081,13.6902,-6.7427,-38.7826,9.3760,-110.1037,-52.9702,-13.8098,-28.5412,26.8928,16.8764,-5.5071,-101.6755,60.3287
44.6214,-52.5825,-66.3456,-56.7465,-10.5478,-60.9778,13.3954,-3.5069,-36.5524,44.7561,-100.8744,-26.5439,-16.2647,-0.5344,19.8279,47.1945,-24.0396,-69.7657,25.9672
26.7323,-27.3146,-27.6830,-26.1958,16.3574,-16.8498,16.5961,-15.3642,-50.2194,-49.9583,-79.0042,-38.9024,4.2213,22.7228,17.9111,8.3494,5.1013,-13.1711,-20.5279
20.3430,31.7132,-17.7027,38.0152,18.9251,32.7752,-12.9488,-35.3720,-63.9738,-108.8637,-42.7635,-30.8564,-0.5126,18.8499,7.9945,-35.6383,47.2890,11.9338,-60.9782
40.9369,97.3814,-38.2890,85.7600,6.6624,61.6553,-71.5520,-30.7039,-60.2612,-61.1295,-27.0530,9.8244,-47.9456,17.2078,-9.4227,-38.8481,75.1393,9.7230,-70.3480
43.2583,112.3096,-22.8808,87.9159,25.0799,90.0641,-93.4897,-2.4622,-64.8131,-67.9216,-57.8538,35.9680,-69.7683,40.9687,-31.5258,-48.7352,110.0544,17.1346,-51.6511
11.6380,79.4207,30.5754,75.4234,42.9190,119.8835,-64.6864,-7.6726,-99.5658,-160.1173,-85.1043,39.7211,-39.9252,64.9796,-72.3480,-68.0157,141.8704,33.1506,-39.5288
13.0411,60.1507,58.2026,90.3628,22.0063,131.0757,-37.5428,-49.9861,-128.5230,-163.2310,-66.3659,29.9871,-11.1195,74.2084,-114.3471,-62.0999,125.7701,50.9511,-40.7854
74.1196,86.5531,51.5633,132.6289,8.2645,142.4666,-32.6571,-72.8320,-118.1527,-84.9128,-40.9808,12.2765,-9.6412,76.3841,-105.6556,-73.4425,85.1845,93.0324,-38.6109
122.0672,135.3337,44.4849,163.4012,23.5726,169.6142,-43.2949,-70.3757,-105.7302,-82.3046,-40.7396,18.5914,-22.2346,62.6634,-56.4713,-117.3843,90.1960,140.7455,-40.6092
120.7171,159.5833,42.2801,159.5199,24.0036,174.6950,-76.4119,-68.5926,-138.8413,-103.4327,-34.0313,47.9446,-39.8762,43.6117,-46.9442,-108.8673,135.3931,128.1574,-49.6187
113.7656,129.6297,53.2252,136.3979,14.1408,135.9131,-107.4181,-57.0526,-189.1522,-29.1210,-6.9355,61.5922,-41.9998,51.2521,-97.1702,-42.8976,148.5952,62.6019,-39.5445
107.0223,75.0891,85.9775,103.0416,27.9092,84.3411,-93.3401,-38.5068,-192.0175,31.8582,7.5784,71.2728,-14.6348,57.8028,-132.6028,-23.8933,97.7589,22.7746,-16.9570
71.6781,50.9947,101.3024,55.0493,29.6583,47.7448,-56.8435,-39.1456,-140.3777,-37.5913,1.7750,86.4538,10.8783,23.2162,-109.5288,-59.7689,18.6258,17.7876,-23.8757
28.7900,52.1301,70.0496,16.1589,-13.8373,31.5145,-43.4394,-40.9521,-77.9015,-110.6095,4.8563,58.8548,11.0462,-4.5738,-66.2023,-64.2466,-39.3305,0.9926,-52.4489
-5.7545,36.9352,26.3780,6.2087,-51.1189,29.2237,-30.5246,-17.5811,-31.5116,-42.7788,21.3713,2.5842,10.9372,14.4563,-31.7942,-21.9853,-66.4960,-7.5923,-61.0364
-50.9006,11.8131,-0.9302,0.4766,-39.2185,22.0242,6.4010,4.8276,-8.5001,78.2647,31.7585,-8.7805,22.3108,33.5374,6.5762,30.8583,-87.5997,25.2962,-63.7186
-66.9704,7.3749,-22.9493,-9.5346,-14.4852,10.7205,18.6215,3.9860,-16.6738,90.3805,36.7779,12.0657,18.3358,41.9048,43.3042,78.6411,-105.9241,51.4103,-95.1346
-17.6913,22.5079,-46.8404,2.7089,-18.6727,16.3164,-22.8852,-2.9556,-35.5864,15.2247,36.7205,22.5461,-6.0761,79.7607,57.4601,95.8260,-104.2232,34.2984,-128.8936
-2.0110,42.4719,-74.8031,21.8919,-43.0358,24.0132,-60.4986,-2.1739,-24.2321,-1.9010,14.3655,45.9504,-17.0970,112.7021,59.1141,79.8674,-102.4172,14.6876,-124.7443
-100.0091,45.8400,-107.3229,6.1186,-65.2723,3.0045,-55.1842,13.8729,4.6745,60.1391,-11.1480,70.8687,3.7845,91.8060,58.6573,89.6590,-138.9983,12.1125,-102.3571
-204.9843,4.2357,-124.7723,-31.7842,-82.8440,-30.4041,-49.4632,48.7000,-8.7627,87.3092,-1.3734,51.1751,32.0909,59.7042,37.3537,138.2802,-203.1589,10.2030,-98.4349
-217.1976,-55.7769,-130.2012,-53.9612,-97.3893,-44.2548,-66.7669,74.0414,-67.8662,45.9690,11.4916,29.1452,37.9202,51.6981,2.2505,157.0974,-248.6426,27.9725,-105.5603
-209.5326,-55.9893,-161.8364,-52.8426,-104.5634,-35.6953,-68.1280,70.6030,-105.6320,28.6926,-26.4915,53.3860,19.2889,40.9518,-5.3843,129.8412,-251.1170,61.2941,-103.3186
-243.5679,15.0630,-214.8423,-27.6858,-113.9517,-10.7781,-47.9274,70.5771,-84.0993,85.7882,-80.7360,72.7920,-16.8073,29.4293,9.5368,115.1317,-225.7037,52.0120,-99.5149
-263.2945,76.4768,-245.2703,13.8443,-142.4772,15.9285,-48.1209,93.0727,-39.2048,153.5106,-96.6263,51.9369,-62.4222,35.6253,-2.6578,129.1218,-214.8541,16.9508,-105.6569
-260.1477,75.4296,-252.3694,38.7795,-174.8494,25.4136,-72.0342,112.0665,-28.3904,161.1024,-93.5029,32.8643,-86.1831,43.8251,-44.3131,141.1998,-237.0413,38.4734,-113.1840
-291.3519,49.6390,-260.4558,44.2233,-176.2912,38.8180,-97.6768,116.4135,-68.0873,132.1974,-92.8128,44.3991,-72.8269,57.6731,-69.9755,145.4240,-251.7461,96.8987,-124.1794
-327.2448,53.3875,-264.6899,66.3820,-152.2371,82.5709,-134.0814,110.9305,-122.9590,132.2359,-87.2417,79.5268,-73.1961,85.5501,-70.3552,145.5864,-240.4617,111.7298,-165.0037
-311.2282,74.9272,-261.9572,94.0038,-143.3415,117.8300,-170.2655,94.5399,-152.6979,148.1995,-108.8600,112.1184,-118.4320,86.5056,-78.3240,142.3429,-257.9765,98.1151,-222.9391
-303.8105,56.3561,-271.1513,72.7121,-165.4725,102.0530,-158.2851,105.6434,-151.1230,138.5198,-175.4949,99.0904,-146.8525,52.1154,-102.4606,165.6847,-322.7752,104.3645,-224.0485
-369.8278,-8.9110,-296.4238,13.5659,-198.4236,66.1021,-116.2511,182.5148,-128.0095,149.1491,-221.8506,49.6692,-127.7243,37.0871,-112.6817,223.8196,-369.4961,111.6050,-146.8440
-432.2322,-47.7137,-313.3773,-3.7267,-211.9616,55.1189,-126.4243,256.4480,-98.7479,197.2185,-206.1924,27.0487,-131.9150,51.4804,-92.4345,246.5058,-362.9301,111.9777,-81.2308
-399.5380,-15.8093,-283.9851,49.4014,-184.7064,71.1884,-195.2309,235.7062,-102.5729,190.3540,-176.3027,34.4284,-179.4874,63.4659,-75.2714,191.4004,-333.1185,135.1334,-91.5031
-314.8033,31.0626,-200.0974,105.2556,-130.8943,98.7014,-242.8159,158.4048,-158.4343,139.4983,-168.7986,32.3113,-193.3106,70.7395,-105.8855,134.3523,-295.7086,158.1179,-124.8131
-257.9518,33.7045,-124.9155,99.3567,-94.5926,113.4816,-235.5254,107.6597,-214.8399,154.2161,-163.3688,38.6997,-163.3005,63.2641,-164.3250,137.6974,-244.6060,134.5633,-133.0345
-231.8992,17.4687,-115.0835,59.5731,-93.8311,94.4571,-218.6655,74.8649,-225.9174,159.2972,-142.5845,75.1674,-161.3871,30.4546,-179.9291,142.3571,-189.3004,88.0607,-149.4337
-218.2073,22.9106,-129.0666,50.4737,-111.5267,65.4776,-223.4756,33.6772,-223.1718,41.1492,-117.8332,105.9597,-189.5300,20.5334,-143.9790,102.6649,-146.7619,67.9563,-180.1693
-212.3036,30.6275,-117.7517,72.6952,-137.8575,62.1911,-226.9951,11.4588,-239.2449,-50.4883,-111.9552,108.7066,-192.5097,55.8809,-133.5237,79.4015,-136.1969,67.6726,-173.7885
-178.5007,11.9478,-110.6771,79.3379,-163.2067,65.4042,-211.1521,16.9205,-247.2727,11.3560,-122.1709,99.7684,-173.2730,77.0645,-181.5857,104.0327,-162.8043,53.0087,-129.7040
-98.7561,-16.5998,-121.2139,52.5180,-158.3326,44.3195,-187.6892,33.1231,-223.0182,85.5466,-113.1848,90.8286,-161.3274,63.6625,-211.3175,122.4588,-192.7428,27.3970,-93.2046
-46.2483,-32.9482,-112.7515,10.7155,-121.1567,20.0855,-146.3151,69.8753,-182.3024,99.6971,-100.3246,88.3851,-150.2338,58.5788,-161.3470,126.5503,-199.8142,25.7849,-67.2499
-80.0934,-40.8882,-97.0082,-19.4407,-93.3486,17.3648,-71.1432,114.5563,-146.1329,133.9331,-142.3076,88.5126,-136.5979,64.9032,-91.6458,159.5769,-193.6414,50.2222,-46.3410
-123.4124,-39.4580,-102.7038,-20.8440,-89.6840,15.2199,-23.7824,117.6692,-127.1922,132.3409,-185.7556,71.4395,-130.5191,61.8510,-83.6747,195.3879,-164.5357,57.2076,-64.3139
-79.8200,-24.7530,-89.7973,-8.0492,-82.6607,-2.2774,-73.5909,87.2944,-129.6577,37.8119,-116.6396,40.5228,-122.8275,51.4808,-111.2380,183.0430,-97.8398,35.1203,-118.9316
7.6654,-17.8343,-40.6973,-4.0702,-72.6603,-8.2744,-153.9189,74.2211,-138.8400,-23.8709,10.3286,9.4945,-111.5695,26.2476,-110.1666,150.6933,-30.9761,26.7104,-145.7615
39.1552,-25.8592,-19.1447,7.6564,-83.9624,15.9179,-163.4466,73.3743,-139.8073,-23.7048,52.2033,-33.1511,-112.9195,-5.3356,-106.0738,134.6764,3.3124,45.3432,-123.7051
17.5936,-17.0613,-43.1310,42.5145,-93.6884,46.3648,-139.3772,63.6567,-129.0265,-55.1082,23.1416,-75.2406,-111.6887,-5.6950,-147.6466,115.1003,20.2541,61.3086,-104.3470
9.7358,7.3414,-50.6450,64.4959,-62.4649,61.5609,-145.6221,65.7858,-97.2637,-51.9867,13.8291,-79.2492,-82.1667,7.5621,-182.2856,94.4433,22.9291,69.8229,-113.0564
11.2413,3.1395,-25.6651,50.9469,-18.7929,68.4354,-144.6965,71.2282,-48.0378,30.1162,24.2325,-61.4704,-51.8708,-6.1639,-144.8761,102.4548,10.4705,73.8662,-112.4513
-28.0384,-19.2153,-18.3963,31.9824,-11.7095,61.7761,-118.9521,41.3055,-14.8200,28.2451,40.4620,-53.8376,-51.3298,-10.4632,-89.6684,110.8717,12.0339,51.5625,-72.1213
-75.0654,-13.0380,-41.9303,18.7813,-20.2415,21.3924,-104.5884,5.8742,-14.3969,-68.6270,70.0232,-33.2135,-50.4301,20.8181,-85.7720,76.5638,16.8774,13.4705,-13.5410
-37.9827,-4.1560,-51.0980,-7.3850,-11.1966,-31.5094,-76.5030,21.3570,-22.9460,-61.3793,72.1798,-0.2016,-29.9261,29.9532,-91.3072,25.3177,-7.7960,1.8258,27.5236
75.1316,-35.1955,-20.6805,-30.9478,-13.2152,-44.9428,-21.0378,63.7230,-17.6875,32.0689,40.3824,-11.3974,-27.6619,-0.0793,-61.3947,-12.9642,-8.3901,15.0486,52.9311
151.6290,-56.0569,19.3304,-19.6354,-41.0703,-11.4210,-12.6800,80.0080,4.0870,37.0257,42.4477,-61.5370,-53.2677,-16.4872,-39.9560,-65.0671,70.3651,25.7399,86.4763
158.1421,-8.1427,40.7605,23.1450,-47.6440,31.2745,-49.0424,69.5544,42.4792,-1.4783,78.0615,-77.0433,-66.9837,-12.1037,-50.0822,-134.1759,163.3083,31.7222,118.1026
179.7911,63.1991,64.2616,68.6298,-17.8166,58.8234,-34.8025,47.6085,101.4074,41.1150,92.3141,-48.7874,-62.3648,-16.2509,-48.2835,-166.6080,199.8902,31.5925,114.3478
230.7884,82.6894,105.2405,82.5447,5.2626,66.4325,17.4305,18.1733,190.3401,108.2278,108.5090,-38.6897,-53.6510,-36.8836,-21.5561,-150.7167,197.6564,22.3183,84.5764
212.1982,55.0652,125.5578,50.7696,12.1441,48.5673,48.9921,-2.9768,302.5362,125.6494,146.6195,-59.5383,-14.5707,-81.7826,15.4990,-142.0713,171.3512,21.0751,72.2713
123.5317,39.6343,106.9261,13.2117,30.2573,12.8351,114.1375,-4.6260,376.0664,140.2494,144.1769,-58.2141,58.3743,-127.9121,77.1572,-161.0926,125.5791,32.9172,83.3409
109.4059,58.9522,96.6302,16.3117,58.6283,-9.8550,221.3883,4.3905,346.6839,168.2244,97.3820,-27.4076,103.4794,-113.7790,147.0793,-166.2563,115.7854,49.7762,92.8677
212.0723,76.2331,123.9093,46.2768,89.5732,5.7251,249.9114,12.9481,251.4547,135.3544,86.8400,-30.8512,102.5058,-57.2397,171.5849,-140.8432,160.7552,82.5922,99.5830
287.2666,68.6147,164.4975,71.4623,136.2432,43.3765,185.4183,5.0503,188.1928,32.6576,122.4387,-72.3498,117.4205,-44.1240,170.3154,-113.1245,186.7700,124.9776,115.7755
251.9304,64.7164,202.6906,88.6736,197.8720,60.8660,152.2561,-26.4677,182.9200,-12.8695,145.5334,-75.8136,171.2769,-68.6581,205.2186,-92.4310,153.5766,148.4572,146.7086
198.2774,70.9026,240.3280,90.6824,263.6882,52.3071,186.9207,-43.7437,187.0311,76.8469,133.7984,-52.8574,216.3041,-58.8063,245.6556,-68.4106,116.9606,161.3525,205.3482
193.1368,57.9845,266.1724,72.6322,330.7598,50.9471,244.7144,-6.2279,177.5628,170.4992,94.3459,-84.0104,230.3019,-17.8044,226.8188,-54.1406,127.5982,168.5620,290.0473
188.0486,45.5694,270.4231,59.7642,370.1851,55.3162,325.1115,62.3133,182.2648,137.9805,52.3774,-126.0371,236.8205,5.2646,189.8710,-57.9236,158.6012,133.3803,356.5363
165.5525,62.9912,254.4853,62.0643,346.6228,37.2361,402.3373,114.4709,221.6323,91.8954,59.1001,-114.3936,245.9790,6.5183,215.7678,-46.9156,159.1633,79.7744,373.5437
164.5438,67.4277,226.9310,59.7535,292.4471,24.2067,413.5920,143.2294,271.2305,150.3703,119.5228,-140.0610,252.0084,15.7044,285.9991,5.5274,143.4478,84.2455,369.0291
172.6297,41.4686,215.9166,50.8428,270.7086,54.5563,386.3618,159.7766,282.7256,181.8714,174.0471,-219.1680,262.1351,51.8348,316.4705,72.0905,165.8217,120.1195,371.1101
170.7456,42.4360,233.7031,40.9376,276.7270,83.7852,384.0039,166.1701,240.6864,88.8546,190.5103,-169.8188,282.5737,89.8651,279.7706,104.2357,209.4382,104.0637,365.8750
201.3618,65.0710,235.8873,25.8426,263.6169,62.3137,379.1852,172.3990,193.1647,36.3426,181.3433,14.2570,295.3066,80.2835,230.6174,92.8870,210.4868,54.1846,343.3301
254.6866,51.4660,191.4537,21.1900,227.5722,29.1715,344.9414,192.4356,200.9461,134.6178,154.0873,87.4971,275.8188,38.3692,222.7984,80.7590,181.0507,22.5063,317.4443
242.2882,26.8781,140.2468,30.4264,199.5724,26.3492,335.7258,218.8369,256.4740,240.2097,124.2927,-4.3125,236.2446,27.8268,241.3489,98.8852,165.2883,-0.5418,294.5385
164.0168,27.4026,121.8635,18.1636,189.9322,29.7795,361.3277,226.6565,284.1765,243.1474,110.8289,-79.3042,222.8967,38.2530,247.3121,104.9555,141.4104,-7.0423,271.4492
104.6378,18.9356,125.9607,-6.3440,186.1132,21.7494,345.8604,206.3925,239.5536,224.9261,94.0250,-87.3973,249.2020,17.9202,246.6762,52.4815,100.9042,27.2460,256.1750
65.7954,6.9680,129.6131,5.0321,183.7096,17.1676,281.6943,181.8107,176.3039,249.8995,57.2850,-89.6404,271.4869,-13.6679,254.4666,-2.6684,88.1004,54.0328,259.2542
10.2056,21.3167,115.9806,18.7125,182.5617,10.7657,251.7446,173.5319,167.6514,262.7547,32.5308,-52.6287,253.5439,-23.8280,247.1517,16.3902,94.5125,27.3469,267.7068
-3.7819,12.4042,78.4836,-21.6766,162.3362,-10.6853,261.3018,160.1686,198.3690,225.4713,41.6535,33.5746,203.7913,-30.6716,210.7006,61.6412,89.9758,-6.7845,246.6881
69.4489,-30.1321,39.6107,-59.7562,110.7573,-30.4631,218.1482,115.2409,204.3290,173.0976,60.4875,83.9588,142.7126,-29.9858,165.0904,42.2220,111.7803,-0.6937,181.8546
142.2494,-19.9502,26.9416,-30.6535,64.9434,-29.2614,105.0828,47.1696,171.8669,121.1188,68.1655,85.2602,86.6882,1.1881,118.8176,-10.9835,165.0461,21.8286,107.1500
138.7243,39.6816,38.1746,14.8280,60.4303,-17.1259,14.3044,-27.5626,127.1638,55.9640,70.3864,92.5772,51.6038,31.4176,77.1441,-9.1392,180.8569,21.6591,59.8891
111.3351,59.3330,55.7474,21.2268,67.7168,-16.1628,-6.2493,-83.1674,87.2892,15.8788,77.1265,97.7640,35.4162,27.5278,62.4171,38.4389,153.7128,-3.7631,34.9577
116.2730,45.4837,61.4307,11.2141,51.0177,-25.5153,-1.3624,-73.4530,72.8169,33.5130,89.4148,78.4287,19.9972,10.8756,65.1322,54.5286,137.9707,-17.5496,19.9765
130.6794,44.8880,48.1941,7.9614,29.3409,-19.9864,-12.1061,-20.4688,92.0774,29.5585,94.0462,68.6825,-4.1831,4.2390,53.8291,20.6562,133.7382,12.2316,17.9381
136.5476,38.2452,40.8608,10.1231,19.2192,4.6235,-43.4486,-24.0376,95.6692,-55.2082,77.1932,90.4677,-31.8192,14.6699,42.6489,-14.8371,124.3253,50.8334,18.0617
141.0039,21.6663,52.2552,16.7466,10.7497,19.9504,-81.3277,-80.6433,36.2584,-113.7988,46.0410,107.2118,-41.0984,44.3404,46.2105,-22.2514,112.9781,50.8660,23.6593
112.1591,10.2640,47.9947,10.0219,21.1609,18.4821,-82.8128,-65.4397,-45.4614,-60.9738,7.7223,75.3184,-14.7383,55.4079,25.5812,-19.6514,68.4614,45.9816,68.8731
29.2771,-20.9556,19.9254,-14.4841,60.7660,17.2612,-33.0612,31.3323,-80.9363,3.7840,-39.5580,11.3165,16.7411,14.7963,-21.4311,-18.6471,-16.3056,73.9010,130.5760
-40.0140,-55.3749,5.3911,-22.4821,81.0198,12.1572,5.3337,82.7275,-76.6768,1.0883,-67.7249,-21.7693,17.0105,-25.5113,-32.7272,-2.7690,-71.5648,86.8913,136.5154
-46.2085,-40.4153,0.4901,-9.2263,61.2236,4.8028,-1.8077,62.2181,-83.5452,1.1394,-49.1860,-15.5076,20.5533,-7.0539,-12.0618,20.4454,-69.2635,56.6370,109.8438
-59.3988,-10.5728,-20.7308,-0.8317,59.9020,23.5951,0.6753,58.7230,-110.1461,36.1073,-26.2588,-20.0871,64.2709,34.8563,-33.0704,19.8275,-55.6973,39.8352,131.4129
-126.4112,-18.6687,-30.8389,12.6400,95.7938,53.6191,31.9955,87.7577,-127.9222,39.6368,-46.6493,-29.3422,96.9974,39.5693,-89.4734,4.2580,-47.6632,58.6194,162.4943
-154.7766,-34.4533,-17.7703,30.1176,96.6506,47.3858,39.6255,92.8337,-120.4615,1.5877,-73.6347,-9.6867,70.6071,9.8238,-99.2110,-2.4803,-47.2076,60.8866,114.8232
-83.1882,-39.4777,-30.4249,10.6774,29.0520,24.9889,20.9224,71.0457,-78.8403,-16.8726,-68.1350,-2.1318,21.6283,-7.7313,-47.4824,-17.2063,-82.4944,31.1575,31.8799
-10.6990,-51.3662,-71.2807,-24.7057,-44.4151,33.9678,13.1639,65.3997,7.4073,21.2165,-70.2925,-25.7862,-20.7330,19.4597,0.8559,-35.7133,-130.5666,10.2076,2.4523
-22.9021,-44.0625,-86.6797,-10.5503,-76.6841,51.9170,-0.7746,88.7952,112.5929,105.4034,-105.0103,-13.7173,-73.9215,63.0492,4.8688,-9.4544,-127.1131,8.0800,4.3336
-60.4128,-8.2115,-76.5448,34.1622,-91.9125,46.9926,-37.0789,109.0137,178.6987,173.7656,-126.8591,37.2378,-122.8682,62.2460,-18.1758,46.3843,-75.3152,-3.5121,-25.5436
-55.2254,18.2413,-72.9602,55.2032,-104.8388,43.7985,-58.1397,95.3866,188.1890,165.1710,-117.0963,64.7906,-135.4887,28.6475,-39.2306,63.8665,-18.5869,-20.6036,-80.0728
-29.8784,50.3011,-64.8749,69.4843,-88.3248,60.9235,-55.2942,71.9031,165.8345,124.8888,-105.0887,87.4847,-126.4261,31.2449,-52.3108,52.6764,41.4338,-0.8874,-114.0259
-15.2047,114.8964,-38.1484,104.1901,-50.5826,88.4903,-69.7822,74.0878,103.8696,125.4880,-86.1147,126.4982,-114.8379,67.0712,-64.2176,55.6407,111.0879,56.6759,-115.9721
2.1581,165.0334,-9.4678,146.3864,-42.7795,126.7502,-112.0555,68.3608,-5.2569,112.0595,-39.7530,125.9271,-93.2604,87.6205,-70.5533,45.5213,163.2604,92.1040,-120.2033
38.4625,177.3473,9.2914,183.5525,-59.6901,161.0785,-148.6457,24.5202,-85.8023,28.7474,4.1883,106.7429,-72.4472,106.2805,-60.2451,17.3276,161.7107,84.2394,-147.6886
76.4323,186.9041,17.7198,191.4910,-46.7903,156.4363,-152.2092,4.4797,-71.4525,-23.7889,13.0015,153.1666,-72.5937,132.5656,-35.9079,34.0162,104.8419,81.8772,-158.8548
78.7526,191.3561,18.7009,151.8391,-17.9181,121.8734,-130.1377,39.5565,-31.9906,11.2244,5.5750,227.0760,-81.6037,118.5721,-15.2541,78.6016,62.9720,93.3140,-135.7522
52.0727,191.1534,24.4932,122.4745,-32.2018,104.1587,-122.4509,45.6848,-68.8519,-3.8240,4.0238,261.4094,-79.6265,81.9348,-25.6646,61.8718,110.7623,74.4129,-149.2453
60.8224,230.9514,33.7605,156.6906,-69.6595,116.1385,-146.3367,-17.6697,-158.5653,-126.8809,2.2934,299.9430,-66.9604,107.0408,-83.0437,8.6571,195.4199,44.1645,-228.2291
113.9184,282.4572,29.3627,193.5876,-71.4699,128.6631,-155.7253,-74.5139,-214.9233,-192.7274,-1.5804,346.5355,-53.5908,175.9866,-148.7442,17.5948,198.9041,54.9500,-282.5065
126.3165,261.8155,18.2465,165.3946,-55.9879,116.2458,-121.5363,-79.4041,-220.0402,-141.1176,-7.7447,326.4229,-55.1474,195.8253,-160.4204,64.5274,124.3353,81.9217,-256.0619
70.4437,185.2367,18.3267,107.7501,-66.0067,92.8729,-85.3794,-61.6415,-208.3623,-141.0835,-28.0418,263.9925,-72.9754,169.6866,-133.0483,49.6946,63.5222,91.1924,-191.7343
20.1476,129.9273,22.6339,77.1877,-78.3393,96.4151,-65.1439,-36.9744,-197.4197,-231.3897,-54.7260,227.6378,-74.7411,153.3594,-141.0663,-15.5434,33.9805,113.9067,-120.7062
-1.1697,109.2007,19.3931,80.1756,-59.9167,117.3120,-23.7082,-11.1843,-188.7029,-237.0234,-61.0935,187.5915,-42.3488,130.4182,-192.8193,-31.9517,-2.6978,144.7241,-57.9637
-37.1926,98.7301,10.9759,96.4485,-26.4636,102.0357,27.3834,-3.0481,-192.8207,-136.3281,-46.7357,132.8903,-9.9210,85.1411,-236.3312,22.8338,-42.2226,128.3660,-42.3695
-74.7447,86.7719,9.1965,98.4811,-2.6744,62.8753,29.6627,-3.1716,-222.9222,-89.9582,-31.4443,119.5079,-10.0465,70.8143,-266.2968,65.8608,-57.2739,86.7859,-62.6230
-64.3036,74.7271,28.2774,89.5485,5.7043,67.4591,-14.0114,6.5072,-264.5769,-103.8386,-18.7660,115.9436,-27.2277,97.0679,-300.9381,40.0359,-47.7707,77.1729,-68.2175
-13.2902,77.3812,52.6181,100.1907,0.4478,97.3402,-55.9717,12.8076,-268.8576,-58.7066,-9.1888,50.4599,-36.0724,92.5434,-302.9991,-3.5438,-41.7891,62.2336,-71.0476
31.1016,77.7596,41.0922,99.2765,-16.3595,71.7288,-89.6443,10.3861,-198.9420,24.2258,-11.9350,-26.2294,-47.2125,37.8470,-236.3784,-0.4846,-65.3612,-8.1140,-89.3215
30.4942,28.3242,-3.8211,33.1891,-51.7360,0.0103,-121.5937,8.7816,-75.2682,55.7836,-18.4137,-36.0018,-86.2269,-6.0466,-137.8549,18.5351,-95.0324,-83.5158,-81.4467
-15.6650,-42.7837,-42.1388,-42.7265,-103.3543,-44.7730,-125.3062,-5.3817,46.4496,46.8053,-10.9755,-7.7858,-136.0601,-13.7141,-58.5870,4.3102,-82.4739,-110.5105,-51.0961
-50.1711,-56.1660,-65.4457,-51.3389,-125.6098,-55.5240,-91.5825,-35.4877,135.4859,43.3900,6.3313,4.8124,-141.0429,-12.0027,-0.7187,-9.5980,-44.8251,-117.7175,-58.7672
-30.1613,-27.3439,-71.8560,-36.3472,-84.6774,-70.6378,-55.0920,-55.2208,200.8289,68.1969,26.1416,-2.0437,-94.5392,-10.0141,54.7344,5.8863,-36.9927,-130.0931,-93.1341
5.4611,-27.2325,-43.7453,-51.0823,-31.2799,-91.1020,-35.8310,-62.9726,242.5875,117.7399,54.4291,-15.3728,-58.7016,-10.8828,112.0583,-3.5852,-40.2860,-126.2784,-94.0259
24.5140,-50.4861,-9.5870,-59.4190,-19.3091,-96.8820,-16.2193,-72.8383,237.0462,131.1305,84.5585,-18.5109,-55.8378,-32.0221,158.8323,-60.5854,-1.1564,-110.2408,-55.8350
46.8891,-57.5142,-3.5282,-49.4972,-5.6840,-91.4173,14.1192,-68.6234,203.8549,95.7878,98.2923,-13.1090,-37.8950,-56.8803,175.2191,-93.2865,53.6754,-112.7639,0.5916
51.4778,-53.0080,11.2929,-60.1001,59.9907,-90.5112,49.4302,-42.8071,208.9493,104.2124,95.9103,-32.9159,8.4278,-46.7986,161.2752,-63.2689,61.8437,-119.1873,64.7997
12.6887,-56.9959,52.6395,-81.6935,129.7632,-92.8949,92.9105,-15.6313,246.4362,137.3998,88.1204,-70.4467,46.0502,-9.3302,146.2252,-19.8858,32.1465,-91.8266,111.9471
3.9937,-72.6926,76.9071,-82.4912,140.9974,-83.1429,134.8595,11.7779,243.2939,65.1906,78.6751,-67.7771,70.3395,23.9022,145.5848,-1.7135,17.9486,-57.7732,128.7336
75.3920,-79.3652,88.8539,-70.1200,115.4655,-65.9606,145.8067,38.5662,217.6050,-40.0022,76.0437,-26.7214,97.0569,46.5475,147.2307,-1.0512,38.0416,-78.7994,133.2308
134.3180,-54.2703,112.8011,-59.1162,99.7568,-69.9350,135.7294,40.5458,241.6633,-1.3550,86.2892,-7.3546,112.3852,49.5535,155.7340,0.1793,75.0278,-138.4261,133.7541
108.5232,-29.3152,105.0157,-60.6496,93.6955,-96.8309,145.2600,33.7617,269.3174,106.4894,100.2247,-17.3815,107.9088,23.9678,187.4114,32.1441,113.5956,-164.4774,132.4485
67.2606,-42.7419,66.6627,-79.4221,87.6982,-110.4180,159.9216,58.7583,230.1870,128.4678,120.6770,-22.7235,98.9380,7.1880,220.8286,100.9875,148.0213,-154.8489,140.1929
81.1733,-46.7595,77.8743,-79.4605,92.6856,-94.8504,139.0570,81.1592,186.4681,111.8336,162.0976,-18.7942,92.7793,34.1697,224.3878,136.5698,172.0522,-159.7222,142.7608
127.3105,-4.3948,122.9647,-41.8972,103.1307,-71.2210,114.1488,45.7332,189.1225,96.4785,202.3737,-10.6510,99.7101,71.9344,216.7633,86.1567,188.0340,-163.7187,128.2823
157.3181,13.6970,117.5692,-18.1002,92.6367,-53.6659,138.4723,-4.2279,185.1537,15.0497,197.6599,1.0800,129.6070,76.5935,232.1237,18.9149,207.5140,-117.5445,138.1131
146.1555,-26.4881,85.5702,-26.3432,64.3535,-34.7336,191.8840,4.0493,187.5050,-59.9080,152.6539,-5.4535,149.4693,53.1300,257.6263,15.4766,221.7136,-40.2902,205.4919
112.8861,-45.5616,87.1054,-11.9334,61.9593,-4.9162,235.2370,54.0824,251.2514,-5.1982,114.2009,-37.7771,130.3913,21.5158,263.3550,43.0612,208.1160,22.9751,293.2202
115.4981,-8.9276,106.3691,32.1755,110.2665,32.6068,271.0275,85.0732,291.0073,76.5097,105.8809,-61.1100,117.5488,-6.3314,259.6743,49.9494,183.2453,67.7611,342.8074
154.8127,26.1218,134.3683,57.8278,174.3414,59.3215,301.6607,76.8414,231.1129,47.0799,121.6584,-53.6585,160.4529,-16.4284,281.1565,59.0518,187.0842,89.6508,331.7739
156.1052,29.6770,181.5332,62.1312,208.9455,66.0626,319.1602,46.3232,182.5288,-8.6384,159.5591,-30.5512,230.1123,-9.0380,327.5087,81.3864,206.7389,84.2282,282.8962
118.5936,15.1654,216.9959,62.8232,223.6680,70.4942,318.4447,18.9402,212.1369,11.6886,219.9714,-6.4257,274.2061,-2.4504,346.9069,74.2636,198.3459,89.6508,245.0155
141.4960,-9.7904,233.1706,45.7035,245.2125,77.0929,273.6418,6.4211,210.5898,24.2315,287.4681,5.8171,283.8338,-11.0607,303.8614,39.3940,170.2938,119.9351,231.9083
240.7231,-34.1444,253.3928,12.3073,242.6620,59.7826,182.2930,-6.6977,145.8386,-61.9418,334.0085,-7.6643,273.6270,-37.4383,246.9015,29.7609,158.1130,120.5627,206.1377
309.1363,-42.4429,246.7968,-6.4113,182.0293,22.3210,113.6691,-31.9970,123.7704,-174.5907,341.2379,-25.2846,256.4818,-59.5663,240.2478,40.7666,158.8415,76.8218,160.3725
293.0833,-22.2152,201.0762,4.4837,123.0456,10.5535,106.2673,-49.2015,153.4390,-196.5429,318.4014,-10.2426,241.9302,-43.4012,253.2550,17.1152,155.6363,49.9825,132.7309
248.7472,29.3300,186.7993,37.4353,141.1853,38.6673,105.8160,-39.5300,142.1301,-128.5681,289.8454,23.0083,234.0584,-6.1549,223.6350,-38.3938,153.2181,62.6072,130.4136
221.1441,67.8307,219.2599,69.7324,201.2856,71.8173,89.1809,-16.9504,74.8934,-59.7280,270.1371,30.1863,239.1152,-0.0648,182.7070,-68.3748,155.7028,78.8750,134.9933
195.6997,46.9203,232.8856,74.3931,228.4287,79.8698,102.5357,-4.9256,8.3927,-46.3958,260.7323,11.7344,256.9422,-16.2581,191.9243,-53.9358,151.5735,84.8028,145.8112
163.8590,12.9657,220.7045,53.3576,225.6236,57.9811,145.0822,-5.6304,-11.0968,-85.7844,252.8136,4.8987,262.4028,-11.7484,230.1108,-21.5107,127.3585,80.3100,152.5235
150.5461,17.7534,214.6720,24.7596,222.1868,20.7082,172.6252,-4.7315,38.2252,-144.2760,230.4020,18.9328,238.8123,-3.9224,253.2441,11.4605,86.4585,53.2063,141.1732
165.9218,4.9752,205.0383,-10.1674,207.9304,-4.0535,183.9693,2.1978,112.1634,-162.8167,195.2865,26.5694,211.1329,-18.9592,263.4739,31.0181,64.4198,15.0382,137.5131
172.3039,-56.1102,191.2845,-41.1166,180.9563,-8.1754,194.4461,6.1433,126.8570,-115.2662,170.4838,14.9217,203.5209,-25.7818,258.3298,14.3958,89.3672,-11.7421,157.6673
130.3698,-78.8695,184.3660,-46.5163,160.1082,-14.9118,200.5382,9.8393,94.5063,-61.2206,155.1619,4.6409,203.9204,-15.0661,226.0926,-21.7840,116.8366,-27.6820,160.6123
71.1161,-32.6900,159.0168,-37.6804,145.2504,-32.7771,203.1257,23.1282,98.4945,-53.1171,126.2699,4.0681,196.8878,-26.2758,189.0844,-23.4949,88.1394,-27.7544,125.5322
64.3690,-7.7914,116.1965,-36.8867,137.1806,-42.4787,194.1428,35.2927,122.1744,-55.6271,95.7710,-13.8424,185.4615,-57.3963,156.4575,13.2876,40.5388,-11.4721,97.9295
104.2909,-42.6839,96.7625,-41.2521,139.5136,-42.4145,160.5874,37.7915,83.4125,-20.6957,92.0622,-55.6984,172.5433,-74.3063,101.3432,37.1832,41.2604,-18.3525,107.9122
116.5564,-78.6191,88.4851,-51.8298,117.2472,-53.1542,123.0658,45.0901,10.1130,46.3941,100.3970,-82.4780,152.2623,-84.7952,40.0725,34.9137,59.3537,-59.4311,121.4326
82.6415,-82.9198,54.4986,-72.1453,46.8269,-75.1118,90.4589,48.1131,-14.7460,89.2111,94.1966,-78.5186,115.6032,-99.5710,20.1483,35.0625,30.4540,-81.8457,98.6744
40.7515,-74.8190,13.1630,-80.1655,-22.5260,-84.3797,34.2387,16.5200,-21.0995,30.5467,77.9607,-72.9804,63.8060,-91.7997,19.7157,35.2177,-26.0262,-73.6340,48.7553
-5.2756,-65.5058,-13.9458,-64.9702,-47.3714,-68.7946,-25.1068,-28.8524,-69.8223,-98.4413,52.3822,-68.6410,17.1983,-59.2372,-16.0096,19.2884,-67.1306,-83.0834,5.0881
-56.7291,-52.4269,-37.5318,-48.2661,-59.6940,-47.8264,-41.5907,-41.9004,-99.4483,-132.0590,6.6704,-40.0467,-18.5604,-40.3187,-71.7919,1.9889,-107.0066,-114.9985,-26.2447
-80.1807,-41.7555,-64.3410,-47.7972,-97.3565,-51.1831,-53.5483,-30.3411,-50.6317,-25.4323,-45.6694,-2.5703,-69.6466,-47.0233,-98.5128,-9.5449,-154.8470,-137.3733,-56.4228
-93.8790,-42.6687,-106.5206,-67.9751,-147.0341,-76.0563,-100.3723,-21.0736,-18.4346,57.5657,-91.2116,10.0097,-133.3060,-53.1422,-97.5394,-28.9505,-178.7177,-146.6931,-79.9670
-151.5824,-44.5041,-161.9031,-92.8254,-182.1918,-84.8458,-130.8055,-18.6643,-86.6139,22.0078,-138.1923,11.4906,-164.5514,-42.6693,-104.8994,-47.5832,-170.1341,-141.7019,-103.7576
-197.5932,-28.1368,-180.7413,-84.3842,-200.0533,-64.7057,-139.3456,-41.8474,-165.4599,-64.2638,-172.3545,25.7115,-165.2802,-27.9038,-133.1369,-53.8450,-153.2912,-124.9114,-158.7301
-147.2630,-15.8904,-159.0066,-58.2954,-223.2588,-55.2107,-198.3661,-94.2624,-172.2342,-147.6587,-172.0712,28.2344,-190.5311,-27.5450,-158.0783,-61.1874,-144.3907,-133.3910,-231.0553
-81.3555,-48.6755,-173.6979,-81.6443,-269.5287,-82.1523,-278.4539,-124.4374,-180.1696,-200.4872,-170.1979,-7.6975,-240.0311,-39.1961,-162.7999,-65.4217,-159.2125,-163.4059,-265.7069
-121.0400,-98.1643,-233.4934,-133.6359,-309.0310,-108.5800,-284.4485,-114.3251,-245.3282,-181.1868,-206.6202,-54.8799,-253.6165,-46.3550,-184.6308,-51.5573,-203.2005,-150.7983,-266.3777
-217.2270,-102.3312,-258.9834,-129.7432,-302.6983,-99.5988,-253.1235,-106.2584,-298.7453,-121.5871,-255.6807,-73.3646,-220.8610,-52.0628,-263.7765,-46.7004,-237.6171,-99.3294,-280.6837
-269.5182,-75.1228,-244.0746,-89.9836,-277.1648,-84.9310,-270.0796,-99.0404,-300.6008,-81.8224,-279.7775,-68.7335,-196.3703,-63.3742,-351.9402,-69.6568,-236.0314,-75.1770,-303.5600
-283.3533,-63.1143,-247.3554,-80.4780,-279.9640,-95.9543,-300.1224,-73.6251,-303.0795,-64.4203,-295.8446,-66.7962,-216.0538,-55.1868,-373.1533,-81.5674,-240.7353,-66.4489,-310.7711
-284.8860,-50.8164,-265.5086,-65.2215,-295.1508,-95.6936,-292.1261,-76.6615,-329.1351,-83.5475,-335.5912,-64.3226,-263.2131,-16.5801,-353.3505,-67.5263,-278.1932,-24.0384,-318.5881
-278.2737,-17.5045,-269.9708,-7.1844,-286.5115,-49.0820,-284.7108,-115.7682,-344.7676,-127.0090,-391.8329,-53.6711,-300.9862,4.0313,-367.0135,-68.3291,-302.5522,20.0394,-326.7192
-300.9719,0.8990,-275.5494,27.0228,-272.4120,-4.1505,-302.5754,-110.5713,-337.1704,-104.9859,-429.7731,-56.4082,-311.2908,-24.2144,-404.0566,-95.8118,-288.0165,22.6069,-307.1434
-343.1942,-17.2232,-294.8816,-4.8458,-294.1974,-13.6165,-315.6632,-61.6639,-320.0119,-49.4636,-430.0452,-77.4504,-307.7756,-57.0142,-403.5257,-124.9441,-267.0281,7.9658,-282.1359
-316.5525,-38.9011,-320.3630,-50.8833,-353.5732,-42.5016,-315.3639,-64.6025,-298.0064,-100.4454,-409.9333,-83.4090,-310.2920,-58.4671,-355.1121,-144.8959,-257.8028,-7.0921,-304.4417
-216.1466,-40.3165,-349.2996,-69.2686,-407.8216,-42.4537,-312.2872,-126.6706,-277.1655,-197.7004,-381.6833,-64.6983,-319.6035,-54.4514,-297.3358,-145.6777,-252.2188,-41.2011,-367.7646
-132.3649,-36.7014,-362.6525,-66.6155,-412.2226,-35.5103,-316.1223,-180.4383,-279.9993,-189.8250,-318.1247,-42.7016,-329.6689,-62.9727,-280.9594,-130.8205,-242.2439,-78.4529,-419.7104
-88.3610,-42.1947,-330.4862,-52.9894,-372.9233,-46.6014,-358.3611,-213.1139,-319.4967,-145.9140,-225.3776,-26.8774,-337.5480,-70.6633,-335.5095,-144.6714,-207.6573,-78.3789,-429.8598
-59.0325,-47.4135,-268.8267,-39.3912,-334.1149,-50.0370,-430.9758,-224.2137,-358.8676,-168.7018,-179.9415,-43.0890,-333.7150,-87.6014,-409.6711,-191.7755,-152.5081,-44.7631,-399.6787
-66.6087,-42.7701,-227.8182,-39.5910,-303.6130,-40.0603,-447.7247,-195.0282,-342.1535,-189.9678,-204.5151,-111.4493,-317.0464,-126.1137,-412.2133,-211.4679,-133.6000,-19.6668,-351.4421
-106.7832,-37.2116,-220.0617,-50.1645,-259.4401,-48.2599,-386.4615,-166.8182,-287.9366,-173.7809,-224.6503,-147.7249,-307.9496,-145.2330,-355.9673,-197.8707,-156.7385,-25.0893,-321.1761
-121.3585,-38.4376,-212.6938,-55.8654,-224.1135,-64.5942,-351.5932,-185.6975,-277.1730,-162.3805,-223.0421,-68.1415,-313.0118,-109.4680,-338.2184,-193.8275,-144.7497,-38.4135,-322.4045
-112.0160,-36.7784,-185.9096,-51.7888,-235.2545,-50.1494,-391.6075,-206.4258,-329.4374,-154.2401,-267.2335,33.2294,-310.2991,-58.1456,-371.6820,-177.1164,-91.7317,-31.9329,-324.6851
-127.1466,-26.5304,-162.1682,-50.7134,-265.4579,-21.0908,-420.6147,-186.8721,-386.3183,-195.9080,-342.0924,44.9346,-297.0854,-35.1904,-391.3156,-132.8250,-83.2868,-23.8462,-300.4070
-160.2171,-18.7123,-165.0293,-60.2895,-270.4452,-19.2640,-393.3571,-164.0776,-402.9279,-325.3613,-358.7144,33.2021,-303.4100,-20.9792,-386.7364,-127.1597,-128.6932,-48.3079,-273.5703
-185.9160,-27.0933,-180.9514,-62.1726,-268.8479,-36.2824,-371.2770,-160.1057,-368.3814,-389.1548,-327.9893,54.9362,-331.6564,0.5042,-370.2462,-157.8701,-164.4538,-86.8655,-273.6483
-210.5771,-54.9419,-187.4958,-50.0521,-277.1763,-46.6062,-368.3387,-150.7940,-296.5546,-280.8681,-323.0704,40.2128,-331.6920,1.6131,-311.2474,-136.3194,-192.8265,-90.6260,-267.8647
-228.1045,-78.2971,-175.8284,-50.2414,-242.6917,-55.3464,-315.2276,-133.6262,-243.3413,-152.6270,-328.0566,0.8988,-269.3481,-15.8412,-230.6132,-88.1439,-238.8980,-55.4896,-217.6601
-225.7843,-65.5618,-138.5599,-58.6738,-145.5585,-61.7516,-204.0916,-115.2809,-236.4956,-117.3249,-297.3336,20.8917,-180.0490,-13.2088,-206.3143,-104.3113,-259.4890,-23.0031,-159.3661
-224.2919,-45.7320,-93.7649,-46.5401,-73.1171,-51.0527,-112.6189,-85.4226,-215.7982,-113.5444,-258.2142,43.9659,-118.6017,4.9922,-217.9596,-129.8462,-228.5285,-22.5686,-135.6589
-238.1894,-73.6456,-84.1750,-41.8619,-83.6714,-38.7268,-77.0161,-60.2947,-147.5633,-124.0521,-230.0492,0.2642,-93.6858,6.1955,-185.9876,-79.5914,-187.6633,-42.9768,-117.2355
-242.8554,-111.2548,-99.7408,-72.8913,-106.2014,-45.7734,-57.8552,-70.4139,-90.4469,-145.1545,-180.5350,-29.3751,-86.8542,-6.7102,-147.7721,-28.4529,-150.7632,-55.9718,-79.2277
-218.2500,-90.5006,-86.2729,-88.5830,-79.1683,-56.0886,-28.2341,-101.0191,-63.2141,-101.1555,-129.1777,-16.4745,-90.9117,-31.9380,-165.5870,-55.4112,-103.0475,-57.1261,-58.8395
-184.0380,-58.0238,-55.3813,-67.2780,-52.1378,-61.9562,-11.6250,-116.8693,4.0768,-20.4091,-134.3951,-50.2257,-95.3437,-85.6039,-158.7840,-97.5998,-80.0557,-63.8825,-74.7352
-178.7245,-80.0202,-64.1748,-66.2560,-63.4907,-85.1701,-24.6785,-114.5870,139.5339,-1.3903,-163.3731,-107.0306,-84.6696,-130.9770,-52.6543,-101.8029,-107.5988,-78.1224,-92.0351
-205.4890,-112.5386,-102.1616,-91.0690,-79.1783,-115.6224,-35.8708,-107.1026,277.4956,-0.3680,-136.1918,-94.0405,-70.9498,-115.2543,59.1998,-105.3844,-132.1756,-93.7892,-86.3644
-209.2838,-113.0803,-122.3596,-101.9701,-91.9850,-121.2778,-8.1738,-95.2409,341.2049,53.2026,-69.3074,-55.4675,-74.2759,-79.8327,79.2274,-118.3412,-118.3470,-120.9362,-63.8164
-166.7614,-111.8614,-124.0457,-118.9017,-116.6146,-115.7908,37.0422,-72.6353,306.5260,100.5259,-33.6340,-61.6548,-79.5147,-90.7464,50.0209,-107.8730,-111.0001,-150.9714,-43.0429
-153.5709,-112.2228,-119.4394,-145.4517,-120.2548,-118.5967,42.5391,-38.8331,209.1435,84.8748,-29.0769,-76.7217,-63.6079,-109.0886,29.6719,-79.0659,-132.2388,-146.6729,-42.2878
-205.6800,-102.1106,-103.0353,-127.8741,-93.9823,-105.1027,6.8663,-6.6791,108.8037,28.8874,-10.9095,-73.8953,-35.8401,-72.5798,10.8121,-55.2115,-142.6701,-112.2960,-45.3353
-221.1430,-110.6242,-83.0538,-91.3754,-88.7161,-80.8362,-3.6816,7.6782,42.1487,-26.4408,21.9421,-65.0091,-19.0687,-17.2674,5.2522,-33.7458,-134.3428,-107.3955,-19.3218
-144.2420,-124.7818,-77.2611,-109.0077,-106.7872,-96.2554,49.7967,7.4027,30.9603,-30.5397,37.2050,-35.1476,-22.6425,-2.2256,49.6253,-10.4519,-134.3250,-154.6750,21.2704
-81.2353,-100.9465,-88.5251,-142.0276,-102.3455,-135.6100,130.8207,11.6635,81.2630,34.2389,26.0419,-8.1375,-33.8543,-17.4477,119.9245,3.3064,-132.1155,-192.6541,48.5002
-96.7124,-79.9904,-100.1806,-122.2829,-73.9382,-131.7404,185.7254,26.9922,136.6822,117.1850,22.2126,-32.7094,-20.5728,-32.9032,149.6048,-3.4209,-108.8255,-157.7582,80.6550
-101.5354,-103.0056,-75.7580,-88.7417,-21.3628,-96.3186,201.6764,33.8573,134.3096,173.0028,68.1280,-62.9446,30.4791,-42.0237,130.9397,-22.5299,-80.6191,-83.9248,124.3444
-47.1820,-112.6679,-0.7753,-87.5171,76.9894,-87.4798,199.7283,9.2930,109.2504,172.2113,148.2781,-48.8444,89.8151,-44.4674,127.0613,-28.1046,-45.4197,-60.8123,147.9229
-4.2882,-84.4553,73.3346,-85.8903,165.6419,-90.6558,198.6661,-33.6110,124.4512,94.2563,195.9418,-55.0169,130.8939,-51.3405,171.4891,-17.9717,28.3106,-90.8423,161.6109
11.3018,-67.7287,98.6081,-58.2837,169.2948,-63.7671,195.1238,-55.7699,157.1600,13.5422,194.5796,-117.3814,152.2169,-74.2416,216.5954,-24.4795,128.8802,-90.5578,197.9642
66.5375,-53.7675,105.3882,-27.0639,139.9170,-27.0649,181.9869,-56.1964,165.4492,9.7521,195.0941,-159.8324,146.5704,-92.0893,216.4750,-49.7317,201.4144,-45.9285,226.3023
149.3065,-17.3944,129.4570,-13.2375,160.9832,-14.4779,177.8190,-65.9520,161.9488,5.4812,216.3993,-148.6603,124.0264,-90.7662,189.1119,-54.3063,213.0346,-15.1289,213.6815
173.3491,-14.2269,146.2352,-16.3047,201.2906,-18.1280,202.7470,-71.1031,152.3950,-63.4769,227.2867,-134.5210,129.6113,-98.9783,154.4942,-26.8797,171.9644,7.0181,198.6896
134.3816,-60.1531,140.1562,-20.3388,214.8614,-21.5422,236.1403,-38.4051,122.2426,-94.8077,220.1288,-135.2767,165.4346,-118.0945,108.8012,13.2201,127.0079,53.3111,215.0916
107.8445,-76.0356,145.5656,-13.2863,234.7646,-17.0156,250.5589,-1.0093,94.8176,-40.7283,213.3467,-130.1840,179.2254,-104.1139,82.5157,52.8927,135.0162,87.6954,239.3734
117.1545,-45.5269,178.6449,-4.7783,269.6742,2.2030,257.8667,-3.6884,99.6417,-0.3107,212.7157,-115.1484,167.1429,-64.9466,107.0354,65.9540,178.0918,88.9077,249.5957
124.9297,-35.3223,202.3958,0.5119,266.8975,23.4949,269.7543,-15.2065,121.8784,-12.7294,222.5464,-90.9981,172.9267,-51.6655,144.9619,40.4074,188.0532,92.5640,247.4790
115.0871,-54.0035,192.4788,10.7449,222.5870,24.0925,266.0811,3.0674,142.4161,-25.2989,243.5559,-67.7755,194.9446,-52.0070,160.0435,30.7595,166.0953,85.6202,227.7699
91.9405,-58.5382,185.1377,13.3238,194.8608,7.6194,244.4921,28.5130,165.6096,-11.3755,256.7197,-67.9958,201.8148,-28.4761,181.7291,70.0599,159.9413,36.5483,188.5003
57.5794,-46.6084,207.6764,-2.5482,197.5360,-7.0707,231.9480,38.5410,184.5799,23.7119,256.6810,-77.2332,189.0798,-7.3117,227.1052,95.7450,163.2014,-2.1977,149.3564
52.9034,-33.8170,212.0765,-12.8566,184.9834,-10.8912,225.2509,42.1948,174.7753,43.3791,259.0846,-61.4398,160.3834,-9.8314,258.5282,68.1208,155.0530,15.3674,129.9999
130.0770,-15.3756,163.0388,-5.2084,151.6457,0.9844,199.6077,44.1126,136.8445,14.4119,257.2236,-37.6986,126.1224,-1.6244,248.1562,37.0937,148.2554,44.0800,130.0613
235.2895,-0.4331,121.4920,-2.2295,149.0606,15.8172,170.0012,50.2831,109.4259,-8.7605,236.7377,-37.6156,115.1686,16.4202,208.4596,28.1085,132.8047,41.1800,136.7415
247.0789,-9.4730,129.5107,-13.7798,175.1507,2.6443,164.5069,66.0818,109.8421,9.4471,215.9055,-39.1329,128.4902,8.1252,171.0005,7.3666,98.9279,12.4414,145.0983
169.4398,-24.5421,124.0519,-22.1599,159.6509,-27.6824,167.3537,68.4481,92.9692,-11.9918,213.0957,-19.8266,136.5199,-1.7131,153.7301,-31.5624,92.4157,-26.4775,160.3634
120.7132,-11.0218,75.1527,-9.9188,94.6799,-25.8078,148.2501,48.6640,31.1017,-84.2292,214.8418,-9.8902,129.0701,21.2738,127.9346,-59.8079,123.2138,-47.5843,173.4331
121.3478,16.0352,48.9018,14.7277,47.5054,0.4699,107.3356,41.4326,-14.3546,-92.6374,206.0243,-25.0296,103.5706,37.9402,69.4517,-57.3589,129.5999,-43.9547,162.7098
94.0186,18.0734,64.0839,13.4219,36.6398,-2.3138,66.1992,54.3026,-1.9425,-19.9320,186.7977,-31.6182,62.7180,19.8975,21.8956,-26.6747,104.7249,-51.1788,130.2850
47.4419,7.5359,70.2236,-19.8215,36.2780,-22.9055,48.9838,55.9496,-4.5186,39.9361,162.1460,-22.3244,50.2315,2.7803,0.8952,-6.4733,99.9240,-56.0257,103.9526
43.9961,16.7053,68.9073,-23.0292,58.9904,-12.0850,58.5171,46.6642,-73.0967,51.2752,140.5714,-32.9426,86.5786,0.0250,-61.9296,-28.5977,106.0983,-8.9937,95.6877
50.8710,32.2817,90.0477,24.6510,106.7365,14.2764,56.3552,37.2784,-134.3429,36.3082,122.7970,-61.1580,115.2323,-8.6166,-156.4219,-51.3870,86.0695,46.8174,77.8986
23.0107,40.0978,102.3198,54.8364,128.7718,19.4992,18.1990,4.8977,-129.9067,24.9468,100.8037,-60.6846,113.1454,-13.4053,-163.9209,-33.8651,58.7095,44.6220,20.8317
9.5058,58.5068,68.9854,44.6589,103.4406,20.3421,-10.6228,-46.0664,-106.4609,30.0563,78.0963,-18.9407,125.3932,0.6803,-80.5466,-19.3348,45.0977,22.9949,-46.0126
22.4718,74.9909,20.2076,45.4101,58.5068,31.6835,3.1121,-68.6615,-104.6754,-2.6369,53.6898,33.1196,137.9222,23.9246,-35.7559,-37.8202,30.6203,22.7164,-59.2657
-5.2239,61.5515,1.3383,59.4236,13.7936,38.0334,8.5528,-55.2496,-103.6304,-84.4671,13.1529,60.3789,99.7061,49.4658,-68.6190,-45.4533,21.1235,16.6440,-25.4235
-49.7264,47.8794,7.0216,54.1535,-14.4382,44.7609,-26.7972,-38.5978,-90.1631,-96.9954,-25.3071,35.9430,45.0293,57.9001,-111.5421,-32.9315,37.6748,16.2742,-14.0560
-27.7809,58.7542,0.7356,43.0010,-10.8608,53.1774,-48.3516,-33.7305,-73.1119,-15.8516,-26.1867,-22.2239,20.6493,22.2482,-136.5976,-46.3145,59.0859,46.5261,-38.1457
16.5939,55.3873,-20.6466,36.7789,9.7027,30.7972,-29.8829,-45.0328,-49.7756,24.9956,-12.0111,-44.7944,1.4604,-23.9812,-149.6919,-87.0461,37.0087,56.5298,-60.2221
4.5374,26.5158,-24.3815,19.7649,25.9665,-14.9570,-27.2195,-66.1303,-12.6421,11.9210,-29.4806,-22.0408,-19.6872,-32.8286,-142.3540,-115.4872,-31.5032,19.2399,-81.9425
-22.0821,5.6518,-19.5530,-4.3137,24.6831,-37.4825,-57.1838,-61.8969,44.7128,39.6722,-69.9284,-36.2424,-22.0200,-42.5872,-120.2335,-112.4328,-81.1264,-12.7988,-99.6972
-37.0400,-19.9517,-47.7596,-37.3278,-15.6307,-48.6975,-63.6994,-27.0623,114.7509,77.1088,-106.6780,-108.4894,-38.0522,-95.2743,-89.2162,-78.6117,-72.7824,-20.6160,-76.2879
-87.9460,-68.7542,-81.1779,-82.4564,-76.4938,-81.1164,-36.7168,-11.7129,145.5955,72.4479,-134.0986,-151.8106,-81.9392,-133.8985,-47.6658,-37.5727,-71.5184,-29.8410,-44.9244
-115.6822,-96.2981,-68.5640,-96.7404,-93.3925,-100.8061,-28.1910,-30.1593,95.3712,73.4258,-133.8486,-124.8581,-91.5783,-112.7750,-30.8378,-23.7543,-131.0716,-40.1173,-75.4621
-33.8269,-85.1010,-49.1748,-76.0807,-64.1736,-87.4682,-45.0814,-38.0784,16.0840,78.9788,-109.3010,-81.6728,-54.7490,-88.5425,-63.9390,-27.7503,-181.5497,-50.6825,-126.5202
43.4364,-82.6129,-70.5052,-91.6414,-48.7639,-88.0577,-47.8169,-23.9081,-16.8685,50.1248,-116.8438,-64.8230,-37.9644,-107.0475,-100.4774,-21.6259,-157.9582,-64.8246,-120.1938
-11.5577,-97.0138,-95.1475,-133.3253,-55.1408,-106.3569,-40.0731,-23.4682,-22.5091,18.0884,-163.7961,-64.8908,-54.4781,-127.3325,-105.1168,-22.7422,-110.6729,-62.5338,-90.4021
-103.1260,-88.7672,-99.2874,-115.4120,-57.2626,-91.7596,-52.5466,-49.3594,-48.0372,-6.7458,-183.0963,-52.2212,-60.9888,-107.5493,-102.2537,-47.4743,-92.6032,-54.4442,-91.3990
-137.5734,-57.8926,-109.1411,-67.4165,-62.5987,-58.1351,-61.6578,-73.2793,-59.6456,-31.6534,-166.8495,-8.9048,-50.9750,-68.7533,-93.6250,-64.3974,-100.1427,-69.8506,-95.2743
-180.8193,-41.2548,-115.0752,-77.7524,-74.5849,-58.5661,-32.0054,-64.6939,-24.5185,-7.0284,-175.3208,28.4783,-45.3896,-54.2889,-62.4390,-52.9537,-133.2100,-70.1997,-84.5766
-223.8009,-56.9536,-108.7363,-114.7094,-88.4973,-78.2302,-6.0360,-31.7678,-0.0022,33.3114,-212.7254,9.2417,-58.9702,-71.6548,-40.9255,-32.1630,-158.3795,-19.0266,-92.2714
-164.8311,-88.2261,-124.4489,-109.3127,-122.5980,-74.9566,-35.8238,-21.1429,-25.8130,-6.5233,-240.5349,-29.4125,-102.7199,-86.7697,-49.0169,-19.0621,-119.2001,25.5651,-121.8054
-66.9101,-99.6554,-146.6274,-79.3317,-163.1495,-57.5149,-78.1168,-48.7413,-48.6294,-52.1167,-255.7740,-14.8798,-153.2626,-76.8489,-45.7962,-10.6400,-67.3223,15.5670,-145.3196
-71.7392,-79.2607,-137.3061,-58.5065,-163.3544,-51.9058,-74.5242,-71.6131,-34.7210,5.0016,-253.0587,33.7128,-157.3994,-62.2143,-18.7811,11.4993,-88.3913,-11.6741,-152.7684
-143.4637,-50.2340,-137.1400,-49.2660,-134.5210,-56.9743,-52.1196,-69.1658,-22.8947,78.8991,-212.0749,55.8037,-106.7423,-57.3766,-9.7716,53.9075,-125.8191,-22.3412,-147.1773
-172.1217,-24.6966,-163.4559,-52.1124,-117.0918,-58.2966,-40.8687,-65.7692,-32.4188,87.8121,-160.2914,52.3985,-45.4232,-39.3201,-31.7128,78.2728,-94.5950,-21.9909,-128.6908
-155.4043,-3.2405,-145.3735,-51.3913,-101.7468,-49.7083,-19.7525,-55.1628,-51.4231,79.1141,-137.0347,47.9537,-5.0638,-1.4813,-61.6382,61.3147,-41.5581,-15.4859,-93.8677
-119.1903,-8.1510,-81.5866,-37.3227,-83.7120,-41.5700,-13.7177,-19.1448,-88.9982,64.4673,-127.2842,44.9978,14.3570,21.8075,-88.8157,54.0728,-27.1207,-11.9473,-47.0658
-54.7356,-39.1513,-55.2113,-38.5524,-87.1787,-45.2100,-68.2175,8.3393,-133.6930,54.6173,-113.5533,52.1545,27.8861,17.9439,-104.6799,85.7158,-26.4901,-17.5539,-14.1721
6.9962,-44.5673,-63.4277,-51.9075,-87.7610,-49.4757,-121.1460,4.7973,-153.0953,106.7538,-107.3914,81.0012,52.4105,22.3704,-98.8524,100.2139,-16.7257,-15.7976,-7.1093
16.9216,3.4496,-43.1755,-27.4273,-42.0684,-35.5748,-99.6553,4.8977,-172.0315,147.8531,-94.8079,125.9544,81.5999,56.0754,-83.2521,66.6773,1.2639,2.4638,6.4882
-3.1196,68.6596,-3.5071,30.0570,18.9707,1.4507,-67.2155,19.3322,-210.6782,71.6435,-60.4346,173.6115,85.2155,92.2953,-65.5699,23.5562,34.9047,34.5663,41.8668
3.6410,102.8500,18.1159,68.6975,33.9520,57.0910,-89.6659,24.5918,-206.1236,-25.0083,-43.7990,207.1270,50.6423,113.1857,-30.2445,-3.6827,65.4113,82.6275,68.8195
30.4464,92.7970,20.3447,87.2568,7.3998,110.1418,-109.1628,32.8912,-146.3716,-36.5121,-64.7640,219.7431,9.0888,139.9549,9.4372,-5.2037,68.7307,124.0655,79.3322
22.0541,68.7947,11.1282,111.1957,-3.2033,133.7602,-88.1061,56.6384,-127.5276,-39.9554,-69.0739,219.6819,9.7568,168.5675,6.9185,28.6194,62.6174,132.5299,83.0111
-6.4220,66.6584,13.8824,126.7659,26.0563,141.2217,-81.5325,62.8911,-167.7229,-95.9889,-28.1064,192.0808,56.7847,155.6051,-34.1669,48.5026,61.6474,137.3206,61.7978
31.9698,74.5774,54.8317,115.2772,53.3948,159.1025,-102.9694,37.8545,-179.8967,-168.4236,16.2882,117.9909,89.3758,110.9466,-52.8117,-1.0358,62.1127,166.1840,27.2629
117.5783,65.7035,106.6608,94.6998,48.4571,164.0462,-110.5047,5.2153,-149.8865,-229.2132,39.4440,44.3307,70.2949,96.3622,-29.8130,-62.5215,77.4803,181.1833,29.3411
119.3680,52.4259,127.2497,92.6173,49.0374,136.3775,-103.5048,-27.4894,-115.3737,-227.8679,51.9787,37.3515,50.3894,109.8971,-2.7325,-44.9158,102.0421,157.2566,58.1227
54.7003,47.4893,124.7874,109.2822,78.3851,116.5939,-92.0004,-54.8864,-62.5008,-145.6805,49.0842,91.0064,76.3939,104.4618,22.7470,29.1151,102.5946,130.4246,59.6936
86.7955,50.7074,122.3921,122.9350,98.2089,124.5790,-62.9854,-60.0681,-18.3334,-96.8808,36.7254,162.2387,114.9310,99.0331,65.8413,76.8770,92.9214,120.4810,30.2191
209.7648,85.5377,125.8389,125.2228,101.4295,123.8347,-37.1322,-58.9543,-55.2239,-134.3866,46.5142,222.1953,127.8990,130.3802,90.5957,82.2901,113.7001,98.2801,-5.6122
263.6538,134.4107,136.1683,120.2179,108.5523,103.4154,-39.8267,-72.8010,-128.2309,-145.8884,70.5085,243.8945,115.3622,160.4482,57.9622,88.4537,150.0789,42.7530,-31.7122
233.8929,119.0525,134.7323,94.5144,79.2296,81.8950,-39.8955,-73.9883,-131.3667,-96.5093,73.9106,233.0315,73.4162,146.0909,18.1799,114.7902,163.6746,-15.8237,-19.3051
213.6300,53.0826,106.5062,50.4306,2.7147,57.7034,-17.3577,-40.1702,-75.1576,-60.4681,72.2750,232.2638,21.7292,110.5888,26.7118,133.9549,151.8746,-20.6597,32.4445
199.7672,43.8843,89.8809,35.3295,-22.4608,42.4172,-5.9867,5.9398,-26.9495,-24.2694,94.7393,239.8447,19.0441,92.0709,42.7739,133.4976,133.0070,26.5865,72.9188
169.6688,95.3199,115.5878,64.7592,48.8055,60.8885,-12.9199,49.3101,-3.4014,37.0993,119.9880,223.5558,70.2219,101.1251,24.6036,148.0513,127.0813,55.1831,78.7012
155.9519,123.7785,146.3380,93.4879,133.0085,89.6238,-8.9230,81.4946,-6.9496,52.1989,125.2542,202.5555,115.0874,119.1532,18.1863,181.1541,137.6120,46.8334,62.4921
147.8672,124.9583,152.8189,104.5409,173.7402,94.7783,0.5910,71.6021,-13.8412,9.7072,119.0070,201.8130,127.9652,110.1554,62.4583,181.6872,140.9559,50.7028,21.9691
122.4846,126.8638,156.5168,110.9267,186.2572,88.2698,-0.6243,28.4554,31.2488,-2.1035,100.3784,199.8739,123.3560,80.8405,120.2059,155.5273,123.4360,55.3319,-20.0953
104.4687,104.3175,164.8860,93.7512,178.3016,77.3025,5.8129,14.9432,94.0512,41.7693,76.0545,187.9073,110.1893,81.7254,141.7643,160.0763,91.1799,24.3714,-15.8607
80.4345,65.6564,158.1991,60.7770,166.5988,59.0541,20.6432,41.8383,78.9240,80.9949,86.7299,169.7643,109.1311,105.7719,104.4240,166.5967,49.0917,13.7747,13.9606
36.7873,59.9832,134.5626,67.2244,167.7251,66.8268,5.2877,51.6613,4.5548,66.9201,137.1762,119.1262,126.5710,93.9153,16.9223,110.1770,25.8833,63.1996,10.0405
42.7986,73.7309,110.4960,102.1974,143.2927,104.7532,-41.0197,25.9812,-42.2807,11.5786,170.7678,44.5282,119.2410,45.4124,-51.0258,35.8735,52.5619,102.4500,-18.5734
93.7855,70.1668,101.1687,106.4808,88.9485,115.6393,-58.4967,3.7002,-49.6431,-11.6315,159.9350,7.1746,78.7980,4.0450,-23.6739,17.2058,88.9959,99.1738,-28.6447
77.7192,69.9698,108.3093,95.7527,81.9994,96.6622,-18.3250,3.4258,-28.0409,46.1015,135.6226,11.0542,61.4745,-13.3450,68.0153,30.9332,85.9685,101.0567,-12.4371
26.3765,86.6322,108.6647,103.2024,128.6572,101.0306,28.2040,10.0886,23.1085,123.4957,122.4505,2.5781,76.0950,-1.0337,130.2839,35.3331,73.2898,102.2831,26.0359
68.7887,78.4086,83.8974,89.5457,140.2381,106.8403,32.5244,15.8625,47.5133,128.7775,116.9445,-24.0289,83.0272,30.2438,144.4065,35.5687,70.5226,76.9562,72.5440
139.1300,25.2282,52.2187,38.6077,107.0942,62.8297,21.5976,24.2799,19.3917,56.5816,110.6619,-46.3556,95.3172,35.7064,153.3882,29.2502,43.5040,66.9291,91.0884
97.1774,-28.5014,34.4313,6.8939,101.6903,13.2953,36.1975,36.1753,20.9142,-17.8196,102.1467,-84.3074,134.5802,7.3881,163.7711,14.1514,8.0956,86.2552,81.1248
2.8206,-39.1087,30.6038,16.3356,129.6152,14.5254,55.7930,52.3182,73.6361,-19.0089,104.4371,-147.4507,160.1789,-10.9824,156.4048,16.6673,4.4800,84.5106,81.6044
-16.7950,-17.1242,39.9703,31.6979,140.3726,33.2639,50.6141,68.5280,82.6279,32.7453,129.4021,-177.8591,149.7467,-1.9605,139.6946,39.4692,13.4034,52.6929,93.1076
34.0591,11.6164,57.5139,38.4503,130.4529,37.1330,45.6584,67.6411,37.7173,41.3088,161.6271,-129.4618,133.9418,28.6970,133.4007,57.2612,32.4270,13.8490,79.0450
86.7145,49.8247,77.1656,46.9072,128.9249,49.0019,63.9754,48.1729,30.8390,4.7735,181.8501,-55.4316,112.6502,73.3484,141.9462,66.7267,89.8401,-38.5737,38.7296
92.6020,90.0852,108.3180,57.3691,133.7675,64.7789,73.5405,47.1351,68.7628,17.0952,192.2148,-35.3873,67.9155,87.3374,154.7602,70.9252,141.2747,-92.9575,10.0024
63.1214,97.2388,136.6490,59.2747,117.4053,49.7656,46.9209,81.6249,81.5385,71.9611,189.7954,-48.6562,32.2517,52.8002,141.7522,67.9845,137.5522,-119.8162,6.3221
82.1374,77.0269,113.6344,38.6260,69.2569,14.1264,11.1259,102.2415,56.8602,88.7458,170.2142,-23.6409,32.4562,39.2672,78.9211,74.5820,124.8204,-134.2356,0.7076
148.9653,69.8201,45.2619,2.0256,6.0076,-7.1335,-1.6868,79.5353,33.8039,77.2034,158.1030,19.3807,34.5170,74.1256,-0.7065,86.7514,130.4305,-147.8985,-17.8764
128.5459,63.4829,1.1838,-14.3488,-51.8432,-11.0529,-6.4285,67.6453,41.7383,63.9542,164.5332,7.3653,12.5761,89.6663,-40.0894,69.5533,112.1683,-122.9859,-15.6762
15.9377,28.9670,-1.4716,1.5828,-81.6223,-3.4918,-30.9846,96.5635,72.4702,19.8195,151.8512,-52.4268,-10.2366,68.6045,-44.9164,41.5396,76.2754,-49.6953,22.7924
-32.4000,-2.9847,-5.9481,16.1026,-58.1811,21.0827,-59.0559,113.7338,68.0177,-13.3369,99.6170,-103.8911,-17.9426,50.2477,-56.7513,54.9137,56.7758,19.3031,55.1782
-18.9896,-3.6566,-20.0849,9.2170,-3.0525,43.5105,-55.7508,103.3731,12.7260,45.1955,38.2393,-126.1800,-24.2834,23.5613,-53.8301,84.5513,27.4128,40.7060,51.5712
-77.4130,8.8029,-32.0017,-3.2088,18.3918,29.5290,-32.3575,110.1635,5.2515,140.0178,-12.4575,-116.2496,-36.2060,-10.6853,14.0526,80.9830,-28.4996,27.2958,30.7602
-169.7151,24.1114,-63.4859,-8.4224,-6.3931,-5.2850,-24.8263,117.1445,89.0401,151.5784,-56.8173,-91.4281,-48.5803,-1.6274,105.3327,76.5811,-77.7805,23.7376,3.6331
-188.3474,30.2588,-116.3519,-7.4941,-29.7184,-7.8476,-29.0067,80.4909,141.6378,86.5904,-78.7654,-100.7911,-62.9980,33.2018,125.5352,101.4080,-110.9662,46.6008,-26.2125
-185.3297,-2.0607,-144.2812,-5.5309,-39.4031,22.6682,-22.7773,53.5230,100.7996,54.9893,-66.9299,-147.5116,-76.7704,29.1304,76.3263,107.0503,-140.1572,64.5132,-29.2202
-217.5833,-42.9649,-131.4180,-6.0953,-52.3719,38.3530,-9.3569,96.3531,78.7477,97.9643,-55.5546,-176.5874,-74.8534,3.1452,37.0262,72.9328,-155.9021,69.1645,-0.6906
-223.2823,-22.1041,-118.9524,7.8563,-51.6293,43.4357,9.9354,150.0827,112.0612,115.9063,-67.1421,-163.3425,-59.0102,4.7955,18.1659,46.3782,-149.3574,97.1794,16.7113
-195.4911,56.0997,-126.8758,58.9170,-30.1001,86.2942,29.8735,152.4687,82.2249,35.0731,-67.9089,-110.9611,-55.5609,30.5731,-28.1515,44.9386,-123.5962,137.5422,2.5086
-197.5682,132.7818,-122.9794,128.5954,-22.3589,149.9619,8.9152,153.7686,-25.8879,-18.7683,-44.8395,-23.2718,-71.3162,67.9274,-82.0651,60.5028,-88.0820,138.2543,-21.5166
-197.3094,181.0575,-86.7042,177.8336,-37.1515,174.6942,-57.9779,202.0801,-84.6837,79.8492,-48.1671,44.0045,-87.1102,106.2028,-88.6482,108.0727,-63.4720,113.1515,-38.0886
-126.3441,198.8600,-45.7163,198.5222,-46.4855,169.1183,-103.1300,243.2316,-65.1848,199.8883,-85.4358,33.6874,-107.6895,112.0297,-77.4844,151.0462,-49.5145,97.2837,-49.8880
-29.1077,186.7662,-34.9971,188.7768,-48.5909,166.1044,-107.6255,219.5476,-52.3960,183.3181,-76.4236,-11.6424,-150.2787,78.0768,-101.5748,110.1743,-34.5221,57.5677,-66.4561
2.5296,139.7240,-61.8472,126.2571,-74.7449,126.0474,-123.1790,164.6258,-62.5748,118.4316,-0.3904,-36.5103,-192.9888,32.5266,-121.9355,22.4796,-53.5276,-23.2352,-76.7682
-43.0024,45.7806,-119.0837,22.1600,-142.3416,22.6336,-138.7899,138.3034,-48.1642,128.6015,41.2062,-62.5907,-213.6124,-9.3341,-96.4772,5.3141,-121.6370,-91.5744,-43.2772
-98.0829,-49.9897,-183.7085,-57.8523,-218.1643,-63.5620,-106.6228,138.5657,-12.3260,172.7891,-3.0358,-94.5990,-236.0343,-31.7566,-82.4080,52.0113,-164.9685,-118.2541,17.2988
-99.6676,-61.3003,-206.9861,-69.2502,-241.6772,-61.9934,-65.7798,129.6745,7.3975,186.8544,-53.9751,-91.7061,-267.8359,-13.3969,-113.2620,66.5202,-149.7177,-116.8854,19.0385
-64.1369,-12.9061,-175.1018,-38.4575,-211.6855,-20.5887,-59.8462,107.4965,7.2842,168.6092,-58.9166,-63.4171,-271.7234,21.9158,-108.9395,40.5970,-147.4659,-89.0624,-41.7681
-61.5052,-12.6695,-150.3580,-19.7403,-193.2699,-10.9070,-43.2358,87.6308,12.7564,150.1822,-58.3926,-53.5259,-240.0911,23.2312,-35.9529,20.6995,-186.8232,-51.1237,-68.6441
-102.9927,-53.2174,-172.3019,-29.5097,-200.2046,-25.4225,-1.7691,72.2830,31.7381,185.6781,-65.9494,-63.5460,-199.0202,-15.4061,-0.7773,10.7369,-209.4920,-24.9061,-50.5257
-125.7287,-47.7868,-181.1040,-30.3038,-176.6685,-15.9775,1.8053,61.7319,29.3368,224.9639,-48.7104,-69.3105,-152.9529,-48.4128,-69.7006,6.1435,-185.8065,20.3669,-64.0178
-100.7653,-0.7585,-125.4006,13.9859,-120.2845,37.0645,-41.6592,49.4040,-21.0669,125.3544,-23.8283,-56.0731,-118.9233,-35.7487,-152.9938,-0.4742,-133.8849,98.7960,-105.4111
-69.0550,35.3728,-60.6515,74.2683,-89.5587,103.5326,-77.3455,12.6418,-70.4370,-57.0572,-36.5989,-32.2928,-132.3150,-2.2502,-158.9123,-32.6280,-82.0598,153.0541,-117.3014
-74.2423,51.9542,-51.7637,92.0404,-90.9352,126.4342,-78.9433,-34.6657,-60.6949,-103.2654,-72.8944,-26.8262,-158.7153,-12.4584,-121.0030,-57.8397,-77.1009,161.1755,-102.6022
-114.4447,48.8428,-72.7512,67.6421,-80.2850,86.6441,-42.0160,-38.8353,-17.7204,-5.2996,-85.5806,-33.7763,-136.1276,-60.5976,-102.0497,-25.7232,-137.2963,154.7961,-85.2658
-142.9008,32.3387,-78.9014,42.1611,-56.8748,27.7902,20.7884,-4.3465,29.3757,81.7918,-71.7897,-21.5856,-103.6702,-79.3597,-87.9074,11.1562,-210.4948,117.6749,-76.4782
-125.0232,28.4070,-78.5126,20.0848,-68.6311,-6.4914,44.9980,8.9093,114.3819,133.1940,-67.0424,-22.1075,-128.4818,-71.4237,-47.2937,-3.4517,-239.6319,40.5665,-95.5584
-99.7133,32.6774,-77.6896,-5.4238,-124.6174,-12.1353,-6.5523,1.8464,212.6513,177.7822,-75.6177,-71.4013,-171.8498,-81.2316,-16.5290,-5.8837,-208.8862,-3.8835,-117.6349
-105.9589,28.5936,-50.4659,-5.6998,-161.2023,0.4165,-74.0564,21.4609,215.8009,182.4397,-56.3696,-97.0698,-175.9742,-78.7782,-45.1463,40.1092,-134.5779,5.8741,-94.4159
-81.8091,32.5719,-3.5000,25.8797,-142.7257,16.1939,-101.2358,57.6576,109.3386,156.9592,-2.7427,-33.5559,-164.5491,-33.0107,-99.3825,58.9360,-64.3890,-6.8278,-59.9663
20.9360,47.3895,13.8097,48.5876,-130.3643,24.9337,-97.9434,69.5618,4.3760,124.1461,26.6124,52.5728,-156.6571,8.7003,-98.9434,20.5811,-31.5930,-44.9749,-60.6403
93.3801,55.3060,-11.8536,51.4039,-158.8249,42.3341,-69.0145,54.9031,-32.3559,63.9556,2.7130,84.1623,-127.4266,22.5368,-31.1174,-28.9501,-21.8899,-30.6553,-53.2806
29.7085,64.6061,-40.6641,61.1352,-156.7240,71.1165,-12.3416,31.8859,-30.8218,25.9410,-31.8983,80.7509,-87.8886,41.1224,37.4269,-65.2794,-32.4605,19.7287,-20.9989
-72.6214,77.6251,-40.1439,76.3492,-95.6408,74.1778,31.9011,18.9098,-33.5265,70.7838,-45.5835,90.1851,-66.9034,69.3139,46.6714,-55.3747,-69.3328,22.6261,-26.6284
-70.6159,82.6855,-7.2901,82.3305,-47.1685,51.0987,34.9211,26.6400,-54.3838,125.1711,-44.4592,132.8909,-45.8367,99.2496,1.7432,22.8221,-84.0206,-19.6135,-64.5087
-1.2324,98.0091,39.5336,87.7798,-26.0116,56.1946,29.0612,31.1986,-67.6736,120.4569,-31.7107,190.7950,-5.6190,137.4811,-33.7693,83.6726,-43.8758,-43.8449,-63.4155
27.9730,122.7039,66.6461,96.2323,15.1076,94.9866,48.2455,11.7447,-35.0962,97.4507,-20.3757,206.5567,36.1676,159.1387,-7.5028,54.7168,6.3200,-20.8550,-34.6937
28.1829,124.0364,69.5706,108.5756,59.7207,121.4656,77.3669,0.0953,12.0343,68.4544,-19.0751,165.0386,71.0260,149.4803,41.5048,7.7623,51.4264,40.4885,-28.4859
61.9153,130.3907,90.4037,138.5031,85.8832,133.1661,79.6940,21.6637,3.8970,24.2202,8.4499,133.7581,98.0532,150.3690,34.9511,10.5992,120.5081,101.7068,-23.9051
111.9504,172.8652,137.8250,163.3645,121.4734,145.5190,51.8656,52.9837,-34.6250,28.0977,62.6452,151.8822,100.8435,171.3692,-4.0976,35.4746,167.6236,122.4787,12.5342
124.8066,174.8032,156.5178,139.4413,144.3699,134.8836,51.0510,76.5024,-11.4666,100.3368,70.1815,173.5041,89.5878,167.6179,24.4400,68.9259,124.2309,121.2800,68.3312
101.2259,88.6190,127.3364,90.0076,119.9659,98.4727,120.5393,85.8645,79.2341,159.8433,30.5685,157.9643,97.8479,134.0741,128.0238,105.6915,33.2647,133.7874,114.9310
90.5137,12.4832,101.3077,69.4814,103.9703,74.4472,194.2720,63.5849,151.2182,156.0140,32.8237,126.3004,117.3163,102.5305,203.5948,105.5803,-2.5672,134.7500,118.1969
127.1794,31.0147,106.7385,76.5057,129.2679,75.5818,190.7883,33.3144,147.0103,109.0488,73.9958,116.4623,121.2076,86.4300,191.5987,89.5105,56.6720,105.2908,76.2802
176.2655,100.1396,123.5628,89.1517,142.6942,92.0817,159.4793,45.2050,94.1568,68.6493,73.2812,121.0743,121.7616,85.3988,142.7814,112.0782,154.2479,92.0357,61.5231
170.8209,135.6055,138.3286,96.1813,141.2770,111.4145,179.2315,79.9189,65.0000,86.8634,42.7438,92.9099,132.3591,72.2628,131.0752,134.7710,190.0725,109.3975,114.5696
120.4038,99.1702,150.9491,71.0542,157.3596,93.6855,209.6837,83.9594,90.0214,133.0671,45.6823,33.7927,139.0872,13.9971,166.1190,109.2282,142.4422,110.4448,150.0997
94.6838,31.0831,161.3506,21.5220,155.1341,33.5159,200.1458,62.3386,125.5102,118.4327,75.0237,8.0584,145.0352,-47.3444,205.4299,71.5566,94.0091,94.2642,100.0707
101.0977,14.1877,171.3347,6.2179,132.4725,9.7292,195.5596,41.0185,143.6396,65.9667,99.0218,24.9358,161.9167,-46.1702,223.0321,47.9566,87.8692,98.7741,45.8528
109.6212,51.7278,172.9426,31.2686,154.3355,50.2563,210.9113,30.5123,180.5641,72.6757,108.7525,36.3136,166.9472,-2.7027,226.5747,38.9084,92.8114,107.2111,78.8854
149.9329,67.4607,164.1993,47.3805,194.6351,69.4589,191.8531,57.3666,246.9458,128.0079,94.9818,51.1351,145.5294,37.2589,223.5198,68.2524,113.7606,92.9886,154.4178
228.9975,40.7999,169.6810,42.4491,178.6255,35.5082,159.9074,114.9497,303.8368,157.3239,75.3432,88.3025,132.9301,67.7255,227.2859,102.0540,153.7083,85.7023,189.0974
257.9624,10.8662,185.7870,20.1987,141.0413,16.1303,185.0298,131.2918,340.7395,138.2118,91.6340,103.5769,154.0975,72.0648,255.5436,75.5524,157.1321,92.8732,187.7406
203.0086,-2.6417,164.1358,-24.0613,129.9959,18.5769,226.7539,83.4748,358.4138,75.1739,141.7833,102.3779,177.8421,52.3021,272.4727,45.0286,135.9294,59.3116,188.0600
154.4135,7.0572,108.9228,-53.5001,102.4400,-14.5073,202.9184,33.2765,325.9252,-0.4293,186.3926,152.2986,166.7283,63.2803,228.0297,84.9696,165.9887,-26.5555,175.6064
165.3746,31.7854,80.8727,-42.8819,48.2944,-67.1108,145.6600,7.2425,253.9638,-23.4830,196.2840,227.2814,132.0221,100.0106,175.4401,121.5351,223.6662,-89.5121,136.1671
194.9098,44.5189,84.4782,-31.0216,28.5713,-77.8233,127.8381,-16.9965,204.3465,6.1883,161.2448,242.8775,117.0539,91.0246,199.9783,89.1176,246.3695,-81.9221,116.1094
209.0206,50.3328,82.2242,-26.9012,52.4588,-51.7872,135.9097,-23.6791,184.4020,16.7802,115.3120,202.8441,134.6500,47.2137,257.0374,61.5964,261.2840,-57.1140,149.2797
200.1040,49.7931,77.7447,-9.2914,79.0259,-37.9791,126.7188,7.7764,161.6927,-9.7097,112.2364,158.0988,149.1122,36.3774,255.2984,82.0174,279.3033,-74.2913,189.2486
168.9933,1.2495,78.8766,-17.8962,100.2114,-53.4704,107.1512,39.4212,147.4816,-19.8502,125.0044,131.7364,141.6047,48.4587,220.7608,93.0162,248.7911,-96.6990,187.0825
136.7613,-67.8383,68.9950,-64.2248,120.6939,-74.1413,99.5050,37.6693,148.9372,9.6955,87.2846,127.5158,140.5896,37.3417,218.3506,81.1813,184.9164,-63.3072,171.1373
92.5615,-77.8924,56.0825,-73.3785,122.9229,-71.2189,106.1335,27.7087,130.7990,25.2562,27.3769,105.8766,147.9301,7.8434,222.1724,81.9834,140.0717,-3.9819,182.1187
5.7895,-62.9091,46.8534,-43.1915,94.7387,-51.6396,118.6313,38.3434,91.9775,-29.1596,1.2971,30.3220,120.1729,-14.0971,177.5313,75.8120,99.5645,17.6617,201.0183
-56.5497,-88.6712,11.9809,-48.2446,52.0678,-44.2451,127.5390,58.3101,73.0039,-101.3866,-24.3181,-35.4147,62.0580,-15.9388,99.4673,32.3815,50.0540,10.1789,203.3179
-19.9055,-108.5638,-39.1217,-74.3174,24.3450,-46.3994,137.6118,68.0219,81.4078,-95.5340,-75.0634,-31.4867,29.8156,-6.8869,51.9343,-8.1862,14.6695,3.7143,209.2591
21.5557,-98.9709,-53.1741,-74.3493,19.6425,-39.8226,160.3093,70.3589,98.8709,-49.8294,-94.0787,-17.0888,29.2445,-17.2456,60.4600,-0.1852,-9.8437,-13.4130,234.9812
-25.6136,-109.5479,-31.1141,-73.5710,21.4768,-36.7475,177.6512,74.7965,124.7280,-57.7447,-60.0201,-37.2822,23.0091,-48.5335,71.6787,20.2108,-18.8985,-36.5228,260.9800
-67.3184,-112.1780,-5.9727,-74.6821,30.9907,-46.5448,165.0608,71.9341,166.6616,-69.9941,-32.5491,-47.5275,10.5139,-67.9290,45.1926,-9.5170,10.1606,-39.3287,269.7327
-37.1865,-69.6094,27.4983,-50.4631,62.2166,-48.9514,147.7683,42.7907,230.4633,-19.9049,-47.8356,-34.1533,8.2765,-74.4561,41.8335,-73.5821,40.1648,-40.6739,258.4811
-20.0114,-48.6925,63.7530,-35.9716,94.9614,-41.8361,159.1721,-12.7977,301.2206,17.8309,-79.3154,-27.2074,10.5935,-87.0304,105.7414,-112.0872,34.0021,-62.3092,218.3029
-26.5216,-67.6302,74.2405,-49.9685,103.0531,-46.2030,171.8122,-69.3885,322.2232,7.6199,-85.5422,-30.6521,21.3097,-96.6794,158.7894,-121.1577,39.5322,-77.7310,156.2410
16.3777,-62.5877,77.7362,-53.1954,104.0143,-64.7154,154.9900,-93.4803,264.2231,32.0883,-43.0317,-48.5977,55.2740,-103.5299,152.4147,-123.4048,80.0828,-82.5203,114.0749
68.4582,-45.9312,106.2408,-58.1101,119.8396,-91.9214,139.4315,-78.5460,182.7023,77.6724,38.0516,-78.5486,100.0492,-124.0244,154.2627,-109.3031,105.8679,-102.2311,108.8492
90.3894,-47.0862,142.2638,-80.8514,141.4581,-118.3803,145.7573,-67.1627,124.2388,37.0942,125.9878,-84.0061,132.0674,-138.5665,180.6473,-91.1715,120.2298,-114.4089,100.2938
167.9197,-23.6058,175.5800,-59.5875,158.9599,-109.6431,137.0818,-95.4373,62.6508,-77.3489,196.4527,-64.5550,146.9479,-118.2933,161.9001,-101.7213,164.5637,-94.6962,65.9599
289.1288,15.8745,217.5247,4.6809,168.5020,-58.0284,101.1412,-125.7709,-6.9019,-169.3526,229.6604,-50.4524,147.2252,-72.4187,99.7575,-114.8882,204.1698,-80.5040,41.3071
309.0597,16.3604,227.7289,21.5997,158.1478,-18.0205,77.0000,-113.3517,-37.8845,-218.4463,219.2479,-23.5728,134.7117,-25.6707,51.5903,-106.7717,198.3102,-82.8408,42.9372
230.1229,-4.7360,164.8696,-10.1770,120.5160,-17.8902,70.4238,-97.0546,-35.9479,-254.0228,194.8717,19.0242,115.8364,-3.1538,21.3778,-124.8077,183.8933,-59.6587,34.5839
178.5105,-23.4350,82.3594,-30.2444,66.6464,-21.1283,51.5636,-121.4063,-58.5421,-275.1945,177.9044,22.5520,100.8051,-13.0259,2.6917,-172.7544,185.9168,-22.0907,2.5064
162.8271,-50.0165,50.4799,-46.9468,33.9192,-17.0904,29.8718,-148.4612,-109.6478,-264.7906,146.9220,-17.3671,105.7372,-21.6707,3.4214,-179.3399,168.3537,-12.9198,-26.1180
138.1397,-63.5875,56.7763,-69.7148,57.4689,-37.8027,23.4382,-144.0117,-146.7397,-228.4035,100.8909,-57.5584,129.8215,-17.8380,-8.8374,-136.2357,110.9922,-9.9439,-45.5449
136.5706,-79.6648,58.8394,-82.6924,104.6511,-82.6065,6.4623,-137.2648,-155.5914,-188.1622,80.3292,-95.6123,133.2908,-44.6237,-52.9896,-87.8470,39.1223,8.7816,-59.4496
161.7304,-154.1305,47.5403,-123.0119,109.3046,-128.2424,-24.2053,-137.3128,-147.4624,-148.1412,89.9156,-125.9755,92.8350,-94.8359,-86.5086,-36.8859,-15.8458,0.1948,-46.5503
159.6555,-235.1787,26.9380,-196.9003,77.1863,-171.9407,-30.1339,-122.0893,-138.0610,-121.1949,88.8989,-130.5254,49.2992,-108.8072,-94.7105,-1.3501,-38.1855,-45.2804,-21.6433
130.5008,-244.2638,0.8918,-222.9737,50.4172,-198.1201,-23.0064,-113.1086,-148.0066,-156.7066,58.4213,-147.6825,41.9708,-96.9882,-110.2009,-22.9476,-37.1124,-68.5300,-44.3003
100.8444,-225.5491,-18.6407,-182.9723,24.1255,-178.3826,-36.8458,-140.1372,-166.6914,-230.4534,10.9669,-195.1496,53.2796,-102.2383,-133.8178,-73.7478,-37.7270,-49.0917,-104.3607
66.3877,-206.6774,-22.5495,-142.7969,1.9169,-132.0572,-30.6765,-179.4063,-149.5553,-229.6449,-29.7826,-211.1817,54.0946,-105.1592,-146.7539,-113.0409,-44.1751,-28.6253,-126.3566
41.1303,-150.0476,-11.6709,-120.4897,7.1207,-109.1568,16.9293,-207.3913,-102.2100,-169.1053,-36.2372,-178.7634,33.8597,-93.3550,-148.6683,-154.3340,-37.7009,-36.3035,-114.9222
35.6449,-109.4835,0.3304,-110.8266,0.3896,-120.9978,17.8664,-234.1517,-88.2408,-176.3845,-17.8626,-138.5512,-8.2386,-89.8058,-133.4423,-180.1728,-12.1784,-73.0545,-133.2373
19.9650,-129.3771,-10.2095,-127.3856,-46.0148,-138.2655,-61.2565,-255.9151,-119.8082,-224.2256,-25.1621,-86.8438,-48.7344,-76.2403,-106.4229,-169.0461,16.8246,-120.2990,-161.5912
3.2732,-115.1182,-35.7397,-128.6951,-65.2049,-127.5325,-123.5204,-258.3693,-147.0616,-216.8997,-66.4304,-32.5737,-62.8165,-36.0500,-105.0598,-181.9967,27.5748,-131.1261,-152.8239
22.6161,-46.1552,-32.8361,-75.8484,-36.9189,-80.7936,-132.6097,-245.0370,-157.9787,-217.5029,-88.5648,-27.8833,-68.8996,-6.6282,-140.6374,-228.9936,3.2738,-87.5661,-144.3100
33.6809,-33.0842,-2.6469,-34.4009,-36.7085,-40.3493,-147.0078,-212.5244,-178.3688,-262.0452,-70.3690,-50.9856,-88.0689,1.0364,-183.0562,-216.7755,-54.8551,-53.6858,-166.6003
-15.4924,-76.3273,-3.8468,-56.1568,-75.7235,-53.6087,-163.3366,-158.2028,-201.6045,-245.3659,-54.7923,-50.7966,-105.3460,2.4438,-212.3767,-153.6354,-117.8260,-82.1801,-174.5329
-73.7129,-97.4269,-48.8547,-87.0590,-106.8097,-91.5847,-161.6321,-114.1748,-203.8325,-174.5477,-78.8054,-73.0396,-115.0309,-27.3582,-218.6052,-134.4128,-155.3371,-117.9277,-154.4610
-103.0857,-116.8519,-83.3108,-89.4232,-141.1047,-96.7284,-189.2094,-99.4559,-182.7324,-148.1078,-134.7490,-150.7459,-125.6002,-83.9867,-196.0916,-127.4327,-176.0981,-95.6217,-139.6040
-145.8714,-147.8031,-90.3289,-88.7480,-176.9262,-86.3125,-222.4511,-81.8903,-145.2678,-134.4433,-185.1895,-201.5585,-123.6819,-102.7821,-169.5240,-73.2711,-201.6447,-54.5810,-120.0957
-188.9513,-133.7173,-106.7977,-87.4351,-163.3394,-98.8977,-171.2414,-46.9367,-107.7523,-102.0794,-188.3691,-170.8130,-109.7502,-80.1962,-159.1620,-48.1283,-212.6819,-49.6439,-90.4483
-179.1308,-96.9441,-134.0494,-75.3265,-120.9294,-106.2636,-86.6926,-26.9956,-88.4015,-99.4542,-150.7316,-122.7870,-110.1312,-79.9192,-145.8092,-89.2581,-191.5595,-53.0342,-90.8073
-163.7879,-104.9263,-140.8498,-73.8550,-110.9216,-87.3793,-77.8359,-31.2326,-71.0985,-74.7814,-142.8050,-128.8984,-117.8455,-113.7375,-120.1485,-100.2168,-180.6378,-43.0245,-105.5728
-194.1725,-130.2800,-137.3094,-90.2437,-122.6118,-85.1560,-101.3236,-34.6884,-39.3748,11.0551,-203.9115,-174.1767,-117.9430,-140.7944,-104.1115,-53.8352,-204.4249,-59.9471,-91.6925
-200.3355,-124.0170,-156.7730,-102.3118,-137.1554,-109.2073,-103.8424,-36.4487,-21.1933,39.4208,-272.8368,-191.3013,-136.1615,-140.8308,-113.6430,-25.8059,-207.8163,-100.4986,-98.1174
-152.5465,-103.7918,-192.6436,-101.8312,-166.0246,-110.7372,-151.4211,-51.3013,-26.5318,7.6679,-278.5268,-155.8926,-166.8105,-130.7986,-149.9729,-30.3930,-169.0221,-102.1995,-156.0221
-151.4769,-88.1351,-212.4733,-91.9009,-178.2516,-86.9514,-230.1777,-67.1180,-24.2272,57.7654,-238.6335,-117.5084,-158.4242,-139.0797,-185.6467,-34.2800,-149.6871,-64.9268,-173.6119
-220.8544,-66.2266,-210.7028,-69.7305,-151.8441,-79.1929,-219.7789,-61.9541,-15.3338,131.5773,-212.4171,-107.3783,-124.3341,-149.8005,-157.9262,-34.6516,-162.1898,-44.5521,-110.3975
-258.3056,-43.4026,-214.4056,-46.7066,-137.5543,-85.0933,-128.4364,-36.0004,-14.4302,93.2452,-225.6367,-95.7906,-123.6041,-115.2597,-59.0208,-18.5633,-152.0154,-46.5022,-51.9670
-248.1777,-41.4755,-244.1255,-44.6524,-156.7002,-79.1609,-67.8403,-8.6417,-4.0280,45.7707,-264.9179,-72.7695,-147.7756,-65.7514,19.0136,14.3072,-123.9649,-43.4276,-33.2196
-253.7792,-56.4013,-277.5204,-57.8057,-165.9281,-66.3817,-65.5841,0.3695,-9.2956,99.1622,-285.4794,-52.4548,-162.0484,-74.3019,11.4262,8.2976,-120.1313,-33.0285,-25.1624
-239.8884,-53.5018,-269.9943,-57.4679,-155.9245,-55.7880,-99.8112,-3.2986,-78.8340,155.4018,-254.8775,-22.9957,-174.2888,-104.5769,-42.8091,-37.1537,-129.2572,-10.5615,-49.0370
-162.9083,-33.2977,-224.6759,-41.4740,-149.2822,-45.2060,-151.1759,10.9728,-151.7675,151.4409,-219.1183,0.9195,-174.3720,-82.2925,-96.9143,-39.4155,-135.2052,29.0754,-90.9529
-113.9697,-45.2772,-192.3666,-33.7811,-143.2036,-36.8837,-156.3903,45.9282,-148.1060,134.0934,-235.7751,-16.9228,-134.2794,-41.6662,-147.9861,-1.0242,-144.4306,54.8290,-68.6587
-155.0199,-70.9966,-186.3206,-23.7470,-135.4341,-20.4412,-97.9547,59.8017,-124.1063,90.6608,-259.8603,-37.9953,-90.4965,-24.0017,-176.7762,-9.7314,-127.1963,46.2562,-7.7030
-191.3336,-26.6550,-173.5829,23.7588,-132.6047,17.8630,-62.0679,34.2633,-132.5669,7.5631,-228.3551,-15.8623,-93.3159,2.6507,-142.8312,-48.5143,-67.9157,34.1840,-16.2120
-155.6974,55.2081,-147.8563,82.2617,-133.6682,54.3331,-77.6549,5.3006,-113.4370,-42.4987,-181.8504,7.7783,-117.0410,26.9776,-53.7333,-37.0533,-30.5304,40.8978,-75.6134
-112.9545,66.2348,-125.5951,88.2710,-149.6592,58.6542,-77.2666,2.7523,-60.2314,-18.3417,-164.4713,13.9286,-121.7733,9.9762,19.7516,-17.3180,-53.5508,45.7200,-92.4643
-109.0948,37.6140,-97.2509,52.9145,-175.2413,41.5658,-55.6522,14.1184,-47.0759,40.6845,-138.5572,44.7474,-121.6731,-9.1879,18.5133,-58.6965,-82.9322,31.3572,-76.6728
-105.4038,52.1585,-55.4249,32.9735,-166.7655,22.1506,-63.9365,16.8244,-76.1498,83.1999,-95.1713,71.3400,-131.5179,-3.0798,-35.2769,-86.0564,-75.3200,8.3462,-86.1961
-74.7245,59.6382,-22.9112,28.0420,-126.8313,3.4107,-90.6011,6.3801,-118.4840,83.3351,-74.8964,36.4804,-131.0218,-10.8575,-75.6707,-27.6896,-48.3481,-3.2541,-110.7801
-47.6383,14.4289,-9.6169,15.6130,-112.0262,-2.5527,-100.0329,-3.6668,-179.1489,64.9115,-63.6116,-12.2555,-112.4216,-21.0756,-80.0298,25.8284,-25.8811,5.1225,-106.2286
-70.6759,-10.6234,-4.6591,12.2017,-113.2810,9.3141,-96.5864,3.5600,-204.1652,65.3601,-38.4561,-11.6786,-98.8099,0.9503,-65.8357,1.1548,-23.7193,17.8336,-57.9960
-127.7336,16.0754,-9.7147,23.5205,-74.8250,15.0722,-87.9391,24.1429,-148.7611,62.4048,-36.0714,11.6215,-98.4771,9.7475,-45.1107,-22.1258,-49.7231,18.4213,-4.5543
-122.3218,37.8811,-19.5881,28.0061,-20.7464,8.5086,-76.4535,39.2645,-109.1383,22.1313,-50.6357,19.7410,-84.5037,-15.6586,-41.6675,6.8307,-80.7837,23.4779,-7.2033
-26.6735,32.6274,-12.2089,31.8338,-6.1757,20.6313,-70.3612,50.7276,-151.9966,-30.6304,-23.1484,16.5313,-41.4124,-11.4335,-76.9326,21.4816,-92.1472,53.8807,-52.1153
33.4467,17.5695,10.5169,51.9262,-1.2479,57.8782,-64.5609,74.3542,-189.3234,-49.2793,18.5955,13.5773,2.9120,24.5219,-107.1651,6.9190,-93.8070,86.7182,-62.5515
-13.7058,10.3790,29.5630,71.7290,40.7976,81.3105,-59.5389,101.2739,-171.8629,-5.7134,3.6781,24.7463,24.5958,28.7969,-79.7734,31.3582,-91.6577,78.0066,-42.1148
-58.3490,36.9724,42.4839,76.2525,80.7403,70.5539,-67.0167,105.1115,-148.9148,65.3679,-34.9711,59.3247,38.2641,18.8324,-35.0507,91.2115,-63.4068,25.6954,-58.0992
-24.7116,91.6771,44.5729,82.4571,66.7854,57.1215,-71.5497,78.0745,-128.7837,56.4067,-36.3577,112.7832,52.0513,46.2054,-41.3641,110.4155,-2.8756,-13.2353,-95.7392
21.6014,139.6578,28.7075,105.5270,35.5016,72.4677,-62.1036,38.9172,-113.9407,-39.0545,-26.2715,174.5155,52.0739,75.6651,-87.9429,71.5705,61.9166,12.1758,-96.9611
45.4840,171.0814,18.9970,131.2534,39.5074,98.2547,-66.3468,15.5316,-139.3009,-65.9403,-31.7962,201.2493,40.2647,56.2533,-125.9859,31.4115,99.9649,64.9886,-81.5645
72.1118,168.4635,32.7645,132.3895,40.6106,100.4755,-82.1838,14.6086,-154.7838,10.9258,-20.7547,151.6875,21.0410,16.2966,-132.7044,35.7643,101.2535,65.6492,-90.7905
85.1289,118.3396,40.5218,108.9387,-7.4165,87.5302,-70.5116,9.6927,-93.5098,32.9713,14.7633,86.8361,-10.1551,6.4262,-98.6174,58.9143,81.3206,27.3982,-106.2203
79.3289,90.8996,31.2270,98.6049,-45.0085,88.4781,-42.0506,-12.1043,-24.7162,-35.7870,38.5898,89.2430,-24.4314,25.7050,-37.2651,32.3387,67.4422,35.2602,-103.0749
89.3934,135.4862,36.4446,120.6805,-15.2542,101.5942,-31.3948,-18.6594,-18.4581,-67.8059,36.1712,112.6028,2.5262,40.6109,5.1353,-41.1767,72.3372,92.1933,-86.0399
102.7760,170.3366,53.5421,142.0155,18.3469,113.0559,-28.7363,4.9956,-30.8349,-46.5620,19.5086,91.1291,17.9552,37.1539,8.5832,-72.0311,86.2014,125.9656,-59.8204
97.1934,141.4798,50.8689,133.4228,-0.7031,124.9446,-28.4132,18.7291,-50.1413,-58.4728,0.5812,68.4542,-20.7751,29.5599,-4.1765,-40.0765,94.3812,119.3396,-27.9765
94.7416,104.2755,37.3581,104.0097,-22.0240,126.9534,-37.1998,4.4728,-100.0806,-102.1918,-7.3241,66.7293,-55.6196,24.6287,-24.5119,-27.5139,90.6154,101.7415,6.5348
73.6095,70.0184,30.2866,63.3025,-14.4650,96.1891,-17.8422,3.2276,-103.6990,-115.9715,-4.6285,33.0047,-40.8309,15.0760,-53.9952,-53.8804,72.9245,76.1118,48.7543
0.6912,13.9366,10.6359,19.9355,-15.3427,47.4053,43.6373,28.5616,-0.7762,-85.7240,-11.2378,-17.5583,-22.8393,11.7530,-64.2064,-64.0302,41.7526,46.5766,84.2121
-54.4206,-15.7347,-20.6923,2.1974,-23.8158,24.4971,81.1733,33.6316,111.6169,-44.7588,-27.0542,-26.1167,-31.6791,27.4141,-38.6319,-63.0847,5.4120,30.3996,78.3685
-43.5749,0.4060,-29.4543,14.9296,-17.5135,32.7004,61.5085,0.4733,140.4913,-13.5601,-29.7892,-15.9884,-39.6378,38.4152,-10.2333,-70.5616,-26.5229,8.6433,30.7112
-40.8743,1.1319,-26.9634,17.8814,-26.2414,28.1724,31.2868,-28.4064,135.2556,37.6002,-29.3551,-22.5790,-46.1578,19.0554,-1.1281,-38.8718,-60.4162,-41.8200,-18.7223
-74.3847,-25.0408,-61.8891,-14.9321,-64.1618,-15.9296,9.8920,-32.4743,162.6090,105.6981,-63.0863,-22.4517,-74.7356,-16.7073,3.8728,27.4354,-110.0201,-90.9114,-46.2158
-83.4477,-54.6633,-124.0613,-65.4433,-86.9288,-67.0634,-29.0803,-39.9685,186.0511,101.9738,-119.5257,-18.1546,-110.8207,-38.0321,-2.4193,44.0253,-164.9574,-106.2105,-64.8525
-76.0142,-107.3071,-147.2150,-106.6780,-67.7805,-83.2856,-81.0430,-56.7532,125.3530,22.9621,-134.3182,-43.5784,-120.1432,-24.2625,-39.3057,17.5862,-201.9276,-101.8909,-89.4139
-99.2019,-156.4134,-108.6532,-122.7850,-22.7638,-78.2817,-110.0259,-54.7049,-17.7406,-5.0282,-87.0033,-79.0432,-91.6395,15.0110,-75.3091,26.9254,-222.9227,-96.0555,-102.7010
-132.5651,-136.2009,-61.8240,-108.6841,23.9973,-84.2447,-85.2689,-38.0325,-135.3874,26.9862,-36.2472,-81.2200,-45.9757,28.7688,-82.1329,49.1479,-233.7935,-87.1511,-68.8072
-157.8418,-84.3257,-57.1101,-77.6572,50.9481,-87.7460,-5.4578,-35.2078,-156.3540,7.3869,-32.1066,-56.1860,-21.1377,-5.6744,-101.5775,24.9157,-210.4069,-78.7307,4.6372
-182.8138,-71.6515,-76.1795,-49.3765,57.6790,-68.8692,71.6872,-34.7519,-144.3090,-53.3860,-53.2080,-34.7692,-25.7635,-27.4737,-154.2524,-4.8295,-141.7029,-76.1961,51.2663
-176.0399,-62.2946,-76.7602,-22.5860,61.3398,-42.5817,82.6285,-14.5347,-165.3481,-85.4744,-56.6664,-25.0219,-28.2695,4.0673,-178.9045,-3.2473,-68.3385,-76.0261,33.0031
-131.8246,-13.9277,-58.0699,16.4764,56.3622,-11.4097,49.6727,0.1476,-179.9677,-109.6607,-40.8507,-21.4037,-20.8256,30.1006,-151.1302,-14.2718,-27.0052,-76.9211,-7.9769
-99.7110,29.2093,-36.5183,58.5926,39.1385,33.3385,31.1810,-15.8664,-152.4099,-129.9397,-28.6042,-32.2353,-25.5751,7.0860,-126.8600,-38.2937,0.7319,-74.7995,-24.2641
-72.2199,34.5809,-5.9853,72.7678,36.8831,57.3099,25.9409,-45.5110,-115.0364,-130.7919,-19.9868,-67.5235,-31.3498,-19.2107,-116.2598,-27.8944,41.5142,-61.5460,-29.3195
-10.6558,23.6025,31.3630,49.9043,48.9778,34.5677,14.5892,-78.4449,-79.5248,-163.3636,1.3148,-101.4346,-12.3698,-15.2068,-67.3663,-15.5901,82.2612,-47.3894,-50.2855
47.1737,14.1550,53.5654,18.3866,48.6519,8.2050,14.2279,-112.0240,-24.3538,-204.6102,27.7584,-97.1829,16.6674,-4.8971,16.9211,-48.7789,104.5852,-43.6514,-75.6144
62.1221,21.6991,68.2736,9.9122,51.7714,14.8047,24.4096,-111.8240,33.5871,-165.5739,40.8127,-65.4712,28.5553,-1.7850,75.3326,-67.6478,117.0728,-32.9109,-85.8794
69.0080,56.8024,100.2484,32.5179,72.2811,32.3228,9.7584,-72.2009,52.9984,-110.2494,55.5111,-30.5010,19.3336,-0.4541,76.6247,-16.2240,125.6942,-12.7866,-85.1898
87.5589,80.9587,128.3980,63.3277,71.3064,35.1343,-25.7514,-51.3902,27.8202,-121.8740,84.9146,15.8302,1.6172,-3.4200,46.3750,43.1204,116.0993,-20.1192,-77.3137
87.6877,47.4758,114.8142,57.6840,35.3579,15.6417,-31.5970,-66.4038,-4.1329,-122.2146,87.2892,61.0669,1.1241,-1.5502,40.4009,41.6606,84.8028,-50.6800,-55.5188
59.4038,-16.8924,73.6406,10.6753,-0.5702,-16.7314,2.1438,-69.9322,0.3233,-114.1308,39.9267,71.4883,25.0048,15.0821,78.8728,-1.0383,47.2534,-43.3452,-33.4347
20.0002,-44.9796,47.0988,-13.3196,-25.0398,-19.6739,22.4616,-64.1137,35.5008,-211.7098,2.5954,68.7664,34.0788,28.8971,98.4959,-44.8971,12.2297,3.6062,-39.0508
-21.3822,-25.1517,42.1062,13.0741,-41.4947,15.8228,1.7587,-87.6062,60.8034,-317.9200,13.2911,79.9896,7.4208,26.8560,50.6412,-69.8638,-13.2124,18.7328,-61.5127
-67.6137,-9.8860,28.7406,18.4231,-43.6192,19.8308,-24.1316,-114.3132,71.2766,-256.2718,23.3045,62.2792,-22.5026,13.4128,-3.2151,-53.9010,-23.2035,-15.7597,-62.9891
-114.9889,-36.3096,-14.2759,-35.7198,-51.7974,-37.5686,-42.9401,-108.2056,74.6163,-120.4965,1.3743,5.2857,-45.4997,-16.3854,-10.8166,-7.6530,-40.6388,-54.1141,-53.6733
-126.7071,-77.1516,-63.6377,-82.9126,-77.1028,-86.2062,-91.1116,-100.2175,37.4453,-86.6312,-26.8138,-17.1657,-79.6256,-49.7191,-30.3759,6.8316,-82.3401,-80.4654,-79.1621
-79.2037,-85.5871,-69.7887,-81.8504,-81.1413,-84.9425,-151.4622,-110.8854,-42.2269,-132.4902,-56.8810,10.5236,-107.4532,-52.1912,-107.2020,-43.7725,-110.6682,-92.3328,-131.2220
-36.6779,-61.4013,-32.0195,-71.3704,-61.1420,-73.3602,-160.2115,-114.0458,-96.7817,-165.3662,-95.2407,18.6551,-119.3002,-41.1593,-193.4362,-115.3613,-99.5215,-68.6289,-151.3125
-60.7325,-41.4788,-17.1329,-73.5210,-70.4763,-77.2206,-136.6461,-117.3101,-106.4066,-160.8089,-113.6643,-10.3542,-145.0983,-62.5742,-238.6938,-153.5867,-86.2931,-37.2444,-123.7908
-100.1031,-40.6953,-56.9348,-77.4779,-114.1476,-83.1588,-153.2576,-147.7065,-130.2438,-139.2933,-104.6117,-42.8196,-171.6962,-96.8852,-233.5733,-156.9006,-89.1386,-54.9984,-95.0094
-98.8190,-42.1373,-93.6306,-88.1952,-146.2610,-83.0508,-197.7037,-170.6021,-182.1887,-135.2575,-98.5416,-82.7791,-160.9213,-110.8527,-190.9127,-143.9278,-82.1829,-96.6233,-97.8850
-80.4487,-44.7629,-82.9610,-105.2679,-148.7629,-85.4699,-211.2721,-141.2465,-209.5038,-125.0932,-101.4571,-131.2996,-147.1689,-131.3210,-157.8805,-112.2929,-78.4576,-101.7380,-115.2460
-47.8783,-69.4956,-66.5239,-117.9549,-128.9332,-109.5795,-200.3863,-90.5968,-191.8747,-60.3579,-99.3110,-149.1383,-162.5800,-160.2313,-167.1695,-72.1711,-98.1368,-89.7131,-120.4062
11.9055,-104.7019,-83.8908,-134.4388,-101.7562,-149.0508,-198.7401,-70.9335,-160.0282,-8.1458,-84.2317,-133.4231,-152.4487,-150.2146,-174.9659,-64.6175,-99.7706,-101.1965,-111.4124
39.2714,-114.6472,-104.3774,-153.1668,-93.4462,-155.5709,-204.1052,-74.9198,-138.8247,-36.5789,-36.9355,-130.4856,-98.3369,-115.9775,-135.6749,-92.3912,-69.8527,-115.9857,-97.9171
-0.0161,-113.8547,-102.7979,-153.3217,-106.2036,-123.3513,-200.8000,-70.2067,-117.9450,-57.3758,35.0240,-156.4365,-71.9678,-108.8797,-73.9567,-98.2695,-62.9781,-110.7377,-82.3795
-46.8167,-143.4425,-105.6130,-144.0474,-121.3056,-111.2690,-176.8939,-59.4937,-71.7526,-15.8988,66.4651,-194.0650,-90.0888,-114.4596,-25.4087,-57.9957,-89.2641,-96.3791,-66.2804
-76.1925,-185.4305,-117.6002,-151.0390,-139.1562,-127.6374,-135.6712,-55.3460,-6.3273,11.9793,31.2649,-237.0144,-91.1340,-113.7223,3.7843,-10.1006,-115.8709,-82.5645,-51.9980
-101.9383,-199.2042,-108.1202,-170.0156,-145.9840,-130.5173,-106.3248,-38.3561,46.3135,26.2302,-5.2530,-263.6468,-61.3970,-127.9034,13.3225,21.9622,-149.4958,-81.5276,-34.9917
-81.9851,-188.8718,-87.3718,-182.8634,-110.3338,-128.9296,-93.4358,4.6512,88.1519,84.9495,8.3586,-226.8317,-35.0218,-128.3739,14.7475,39.2585,-174.5571,-103.3671,-14.4508
-14.8668,-156.0154,-88.5313,-169.8546,-61.3777,-129.6982,-58.8963,35.8276,138.1760,147.3614,46.2268,-132.7129,-18.6445,-69.4264,28.9009,29.7944,-128.6419,-118.0236,9.3964
5.6726,-90.0580,-92.6123,-113.7127,-52.6238,-91.6315,4.7352,23.2651,170.8694,179.9465,67.3538,-61.7921,-5.1202,-3.4504,60.4926,4.8426,-32.3512,-93.1341,55.1172
-35.1368,-35.1796,-72.7263,-47.9276,-57.5142,-40.5476,64.9580,3.1005,157.8460,198.8953,70.4801,-61.8427,12.3145,-5.1432,106.7826,-5.4160,23.1977,-48.3286,125.1639
-36.9060,-37.1567,-51.0770,-33.9255,-21.3577,-43.2164,113.4076,15.8047,120.3995,153.9740,86.3181,-92.9740,54.7539,-55.0358,155.8203,-19.9487,30.5358,-12.8827,169.3863
26.4264,-58.6838,-29.0352,-59.5683,44.7580,-58.0958,151.5195,34.8882,80.3965,40.8967,123.5621,-105.2469,114.8304,-90.4083,180.2660,-57.0923,46.0049,9.6279,160.2038
71.0334,-55.4983,25.5647,-61.8555,98.1155,-26.5869,161.4361,25.7852,47.2916,-25.2416,138.8514,-88.4118,145.5534,-76.1412,189.6423,-68.9273,79.1991,11.1432,153.3574
58.0283,-44.2989,78.6847,-41.4554,114.5189,-9.1256,148.0722,5.5978,53.9629,-28.4753,120.1265,-52.6576,137.8914,-28.0871,223.8996,-44.3330,111.6061,-14.3163,184.0655
45.5463,-41.8938,73.3779,-46.9280,96.5976,-47.5850,134.3267,-8.1554,94.7827,-55.3504,139.6598,-38.6466,130.7582,-20.0524,254.1928,-52.7936,138.4423,-45.7783,196.1947
87.6755,-42.2132,54.7358,-76.1936,84.1780,-74.2952,117.7835,-29.0726,91.8339,-81.3025,225.2278,-91.0449,135.3195,-81.1323,213.8304,-100.9060,156.8657,-64.4570,159.5307
148.1986,-43.6948,85.3279,-85.2979,105.0929,-61.7978,96.0544,-54.6367,22.6165,-54.7713,287.3651,-167.1478,131.8727,-128.4150,131.5754,-112.9761,166.6325,-73.5631,126.6160
150.9447,-38.7350,118.4138,-70.7906,120.9301,-61.7732,77.2802,-65.4711,-23.4945,-31.2916,267.2334,-180.0211,121.2271,-120.7142,90.7155,-78.3436,161.6883,-77.9391,118.4829
96.1746,-31.1727,99.4957,-70.8306,98.5242,-82.0859,49.2526,-68.1056,13.8869,-36.7432,213.0468,-149.0281,113.6456,-124.8224,95.5538,-50.6356,128.5448,-78.4955,98.9473
50.6966,-47.7418,62.3242,-86.1297,69.6679,-87.5383,17.2285,-68.7291,81.7338,-33.7564,164.0797,-158.2587,101.0128,-143.4496,99.8281,-35.5939,88.4752,-77.3265,73.4535
45.6803,-76.6712,33.2614,-75.3035,59.3633,-73.8999,26.5471,-40.8311,111.2692,-33.3404,114.9045,-192.1051,81.1611,-109.7840,98.9577,-5.4216,75.8763,-73.5934,79.2630
62.9846,-80.2486,0.7240,-45.9852,51.3700,-55.0936,74.2710,17.7993,101.6699,-35.7870,84.4053,-174.4788,71.7002,-52.1305,108.9384,37.9178,67.0789,-64.9504,103.4427
71.5249,-71.6194,-8.3048,-45.8481,43.9197,-39.0033,88.2113,58.7826,77.9451,3.8017,88.7810,-110.9359,77.7765,-26.0491,115.0682,74.2153,27.6639,-50.0375,112.7088
47.9943,-69.1578,21.2138,-55.5071,49.0510,-29.6883,44.8034,66.6562,42.6456,58.3573,94.9389,-54.6651,79.4941,6.0694,93.2464,89.3799,-11.7858,-36.3706,111.4612
17.9754,-47.0672,35.5697,-29.3129,52.5671,-20.7650,8.1071,82.9709,7.3087,66.0215,78.9655,-8.0228,62.4831,58.4401,51.6429,82.3533,-11.6998,-45.5573,112.9306
22.8829,-6.0899,20.1263,-0.8804,39.4029,-8.2583,26.7938,108.8406,13.0509,55.4214,65.5496,51.8422,37.6180,77.4766,19.7058,58.9850,18.3333,-76.9665,113.3693
33.1126,27.2065,31.6462,-2.0411,28.8246,1.8098,68.8800,88.6945,65.7680,81.1303,76.1119,117.7100,20.5880,68.2867,2.5465,13.2674,48.2050,-89.0654,101.5403
26.8303,61.3430,69.8632,8.0369,38.8098,12.0592,74.2521,18.2294,114.0816,125.6721,96.8191,161.2865,8.4107,67.3802,-14.9721,-44.7802,55.0976,-63.0990,58.6156
74.5119,84.0944,76.2200,28.2865,40.7718,21.3977,35.9198,-36.2944,143.0893,147.4395,110.8515,153.9715,-5.6948,54.5302,-22.0388,-61.0470,45.5272,-30.2431,-7.6053
175.9977,49.4557,58.1830,8.5416,3.1190,17.8017,0.0976,-34.9995,186.0561,155.8265,119.2027,88.9839,-9.3964,22.0562,-4.3391,-12.7055,50.1439,-6.8192,-33.2972
206.4681,-12.2517,63.7736,-21.6016,-33.1647,12.9817,-4.7611,3.9208,215.4699,201.7666,120.3822,10.2479,7.1983,-4.8104,8.7108,42.2877,60.5964,20.6332,19.0202
150.1563,-19.6679,82.6950,-7.9275,-7.4788,23.3910,12.5467,51.1028,175.8207,287.2320,103.5745,-18.7927,23.5296,-32.9735,-1.6584,54.8707,46.0126,53.5874,89.8361
114.1977,29.2241,86.4653,20.2587,50.1799,30.8417,44.5158,89.0625,116.7195,333.7804,73.1480,7.7047,21.5270,-50.9736,1.7943,41.2669,35.4044,88.8756,120.2824
102.0452,74.0068,85.0022,34.4292,80.1370,31.0687,82.5979,116.7140,117.8491,310.3324,45.4596,40.9237,24.3437,-12.8124,33.2684,31.1128,57.6313,121.4254,138.2593
59.9962,77.5035,83.8335,53.1858,98.4429,51.9074,106.7566,142.1163,135.6324,276.5627,22.7354,58.9108,54.3169,51.1147,48.0014,36.1094,66.3509,125.6355,166.5087
31.9454,47.7950,71.9565,68.6345,116.3519,84.8145,117.4988,152.4597,95.1837,240.1715,12.7626,74.1486,89.3061,68.5155,34.2095,42.4018,46.4858,103.4232,167.6524
43.7312,32.0204,60.1763,73.1599,92.6039,99.0473,133.3982,132.3686,40.8079,168.5816,32.4594,68.0556,110.7811,56.3667,45.1895,14.0626,47.7108,101.1410,146.5790
23.3132,53.7499,58.4815,88.4242,50.3397,102.5150,161.3709,112.0489,52.8493,118.0110,48.0944,21.5781,135.6308,66.1096,108.1729,-35.4048,61.1425,121.0321,164.7361
-45.1828,72.6838,43.9606,99.1480,52.0639,103.4665,207.1996,125.6112,116.0473,127.0737,10.5463,-6.9955,158.6185,90.3374,172.9926,-33.1448,58.2215,118.1626,211.7700
-72.8407,85.6151,8.6831,96.1346,65.9450,95.5746,257.0842,147.0567,157.8538,124.7509,-33.0765,39.9657,145.4419,112.3386,176.7587,29.3947,89.8285,98.0986,203.8816
2.8527,144.6551,-10.9257,130.1402,51.3006,108.0468,252.3730,137.7169,142.3327,96.0297,-8.1239,109.1949,107.6107,133.2980,126.3579,73.9486,166.8534,95.9932,128.2408
133.4273,211.1263,6.9654,188.2287,55.2760,151.4778,177.7704,106.3712,97.5719,95.2197,44.4259,125.4550,90.6876,142.6485,85.7142,62.7843,203.6115,101.0991,62.3704
190.9606,195.7485,35.8309,185.3958,78.4440,166.6907,107.2503,79.5652,81.5140,81.8154,51.0868,103.5619,91.3891,140.6573,88.4123,33.1300,180.9847,97.3398,48.3245
120.1189,138.4794,41.8776,140.2618,50.0374,135.1850,81.9588,71.9738,111.5470,14.3813,33.4807,83.8708,77.7040,141.0652,109.6291,31.5976,160.3914,95.4215,52.7257
38.7065,127.7163,16.9673,131.2266,-12.7767,115.5240,72.1115,91.1243,142.8476,-20.5644,25.1858,76.3262,56.2062,142.1577,121.5903,84.5259,143.1785,85.0939,46.6196
49.2250,136.3463,-19.8490,127.6413,-36.5653,117.3430,81.2103,130.3320,142.8504,30.2538,6.4275,96.9388,49.5743,151.4181,126.8616,173.5412,104.0400,51.1689,48.9399
69.8055,112.4744,-31.2143,82.0172,-19.2198,101.1693,127.2675,178.4499,135.7211,110.4713,-11.2683,135.9275,63.0431,178.3212,145.0349,241.9159,70.0815,24.7204,80.1716
28.9186,86.8178,-0.1312,52.7931,18.3362,83.3552,163.6153,230.0074,139.2212,187.0927,10.9495,138.5959,97.6516,188.9462,177.2547,269.2271,59.0531,41.2951,112.5033
12.2731,98.8637,37.4850,88.8150,66.4978,96.1641,154.0567,258.2307,126.4740,241.1877,52.2109,111.2531,136.4506,169.1706,177.5751,275.8858,60.9405,85.7589,102.7165
59.7576,137.1281,41.4760,149.3027,83.3672,122.8643,134.2082,237.0094,85.4301,218.4356,63.3533,127.6558,142.3776,181.8109,122.9988,267.9483,71.3752,119.2576,63.3364
66.8864,162.9468,26.4702,186.6497,60.2316,149.9755,128.7460,199.4672,51.8510,138.9507,39.1281,190.0391,116.8748,254.7769,87.6893,258.6623,58.5466,127.5880,45.2599
-13.5501,151.0106,21.7685,189.6451,48.2678,173.1785,116.7910,188.8895,49.1733,100.2095,11.6561,225.2877,101.3923,307.9891,113.1970,263.7283,-1.9326,128.4975,49.5475
-83.6906,126.5181,20.8027,167.0688,47.4691,161.8279,85.1001,187.6157,46.1226,126.7960,17.9260,197.9061,102.1906,272.2235,108.2639,246.1262,-56.0187,140.9563,27.1044
-55.2316,122.4811,14.3496,142.4174,23.7637,125.5957,48.1522,176.6279,12.8086,157.2528,60.7763,119.1775,88.2079,183.8057,46.7328,191.6027,-57.5074,163.0747,-26.4720
29.0698,118.0584,16.0606,136.0440,11.2794,130.5418,39.0853,178.6363,-25.4007,151.7667,95.5228,19.1981,53.8557,115.2274,45.6302,167.3867,-38.6983,191.5338,-53.2500
58.4499,106.4715,33.8537,159.8453,42.3278,180.2474,66.8867,190.2244,-35.3351,133.8994,95.9647,-45.7346,20.1894,83.9235,101.1920,180.2048,-14.8469,224.1943,-22.2778
16.4290,132.9880,59.9237,214.2250,80.1498,210.1112,81.6277,182.5073,-26.7323,142.2812,84.5584,-50.3258,1.4885,65.6501,74.3722,147.0916,33.0400,237.7780,24.3539
-1.2775,190.4013,82.3492,257.5388,102.8064,209.9991,59.5959,167.3803,-15.3109,156.7473,69.2825,-37.6917,3.3017,59.4715,-9.8808,78.0542,71.1572,222.5185,25.1833
30.7098,218.0987,89.5539,247.7954,119.8694,216.2903,49.3222,162.6446,-1.1002,132.0629,44.0691,-31.1226,23.1262,81.7553,-24.8325,64.3283,63.5608,209.4703,-26.1096
24.8067,210.1359,91.6097,218.8358,120.3216,223.0410,45.2022,146.8574,-7.2394,98.0426,36.0887,-1.6319,45.1240,107.8115,-10.3490,99.4557,48.1876,208.6872,-71.8888
-35.3195,192.8276,113.1153,216.9530,102.2223,211.6613,-14.3675,112.6390,-53.9910,81.2147,51.3710,44.5234,48.0747,104.8869,-36.1563,113.9312,60.7809,195.1418,-65.0457
-61.9321,172.8142,129.4435,217.9859,77.9890,199.4001,-76.9011,84.9412,-92.9376,13.8610,45.0544,68.2224,23.6570,103.4560,-24.6730,99.4062,83.0657,172.2940,-26.9818
-21.8059,165.6116,89.5056,194.1990,39.6260,191.4767,-44.0342,72.6280,-68.4387,-90.5038,14.8505,83.1720,-4.4711,135.0307,49.3413,80.0885,91.7227,152.1594,-0.0021
35.0540,167.1807,25.6996,166.8467,6.4772,163.7607,28.3477,69.3871,-9.6973,-88.7560,11.8944,126.0970,-2.2484,157.7702,80.3451,72.5640,78.2417,120.5868,11.4852
63.2120,146.7073,16.9965,153.7552,27.3613,119.8933,43.6445,71.8333,41.7430,18.3918,34.5637,172.0724,18.2798,137.3529,53.0637,89.6467,50.7563,95.8316,6.9913
55.2087,126.2815,49.1364,149.5178,77.2109,94.9802,37.8391,67.2539,112.5932,87.9660,31.0810,173.6102,18.1332,108.6741,56.1521,116.2458,32.1877,108.7819,-32.2016
44.0870,128.9584,50.8480,137.7553,80.5248,98.6408,53.1078,51.9085,207.2628,117.6550,2.8514,145.0889,6.8850,101.7359,102.7234,141.2317,15.9868,122.8726,-82.5219
56.8060,98.4181,30.5901,98.3289,40.7294,105.0652,46.6002,45.8454,253.6422,173.1162,5.6929,123.0139,14.1107,104.0546,140.5636,185.2967,-18.9929,113.4069,-84.8090
58.3615,28.2850,47.4205,53.1579,24.1711,97.0289,15.9418,56.0354,219.3326,202.3310,53.1381,82.7368,22.3734,101.4814,142.1388,221.1999,-43.6457,134.0872,-39.9376
34.9499,2.7269,99.9002,51.8140,56.4576,86.3010,9.8972,71.4513,152.9123,196.4690,88.7990,-3.5581,19.3682,91.2863,92.3885,197.3163,-35.1742,191.2459,-4.0619
44.2571,21.0051,139.8794,80.4358,105.4222,87.4932,20.5083,88.8934,74.1282,220.3813,74.7440,-60.0891,32.4250,85.7299,-5.1400,165.7444,-37.8024,215.0609,0.8252
83.2204,21.4909,142.0256,94.7932,123.2911,98.8075,11.6834,94.2671,-32.1627,197.0029,53.8362,9.8244,53.2831,108.0571,-99.3000,192.1248,-55.0250,197.7670,-13.8835
84.7820,39.7159,115.5035,110.8495,96.2360,118.5972,-15.0260,65.3641,-126.7025,52.1732,67.7971,153.3965,47.2587,147.5740,-141.1522,206.3402,-16.3418,183.8489,-47.7994
78.5761,110.6936,90.2595,145.6880,60.3597,149.4611,-47.9438,18.7442,-164.5038,-61.0479,77.2768,224.2841,32.4394,167.1535,-144.2649,142.0741,73.7582,165.2807,-88.6916
131.4476,164.6372,92.2268,164.9784,42.2272,173.9474,-75.0638,-11.0219,-172.5892,-40.4720,47.5943,191.7992,29.0017,161.1458,-153.1855,74.0565,125.4493,118.3335,-108.9113
190.8720,156.1090,112.8435,152.8123,21.4676,163.5381,-79.7676,-19.4381,-172.0078,-16.5335,20.9154,152.2516,4.6396,136.5967,-159.6988,73.5778,111.5926,54.7385,-111.1132
188.5004,108.3462,119.4456,117.6973,-18.5270,118.2622,-77.9812,-7.8932,-135.0660,-30.5392,24.4106,150.9645,-38.9028,89.1339,-112.9119,112.1971,76.4396,-6.0711,-106.3100
160.0097,36.2473,95.1055,60.0765,-58.0059,64.5315,-96.2428,23.3732,-84.5996,36.9793,25.3931,134.3821,-46.2507,53.2870,-37.4815,157.6267,53.9002,-37.1947,-76.6721
142.2769,-20.7406,59.2056,19.0120,-62.1490,28.0502,-109.8385,45.5288,-88.0905,149.3864,15.9899,89.9057,-11.5296,78.8343,-16.5838,198.3449,67.7878,-22.3524,-27.6951
121.4202,-4.3036,49.9659,39.6606,-5.5865,28.1699,-79.9021,48.7450,-130.6991,159.7163,19.9222,98.2437,24.7007,138.0739,-22.6800,207.2239,117.7419,7.9779,-3.9002
102.8199,59.3560,77.5199,78.5502,86.0198,58.0895,-28.1608,70.7605,-141.3616,100.2571,30.7308,180.8889,55.1881,159.5454,33.7206,187.7823,146.8028,31.4415,-13.5087
96.4716,95.0584,107.2133,73.3455,138.9017,71.6881,-6.2449,106.7076,-113.3601,85.6124,38.0530,225.6856,89.2712,131.2602,100.0045,183.2254,117.7541,57.1132,-24.5956
82.6612,76.6713,113.8395,39.9073,129.7852,43.0472,-9.3193,103.5520,-77.0836,99.5485,49.4138,172.5934,117.3436,93.3954,82.6876,204.9963,70.7733,65.8835,-26.0407
49.7553,16.3777,113.6157,10.9023,108.9483,9.0826,15.2558,76.4552,-28.4427,89.2157,44.1004,122.2760,130.4398,67.1320,50.3897,217.6245,47.2036,54.5606,-12.7637
7.2776,-43.0545,113.1309,-5.7356,100.8035,6.0344,68.6685,79.0245,33.8834,68.2809,6.2921,138.7223,126.6406,34.5887,85.2532,185.0180,48.9452,73.2007,28.5840
-18.3980,-45.9480,97.5865,-0.3179,89.2575,19.2024,85.2151,85.6694,77.8955,43.4203,-10.4959,142.8798,112.4837,-19.9565,118.8901,109.2749,76.3137,101.1107,63.2979
15.4779,-8.9375,83.4221,7.5646,81.4835,24.4095,41.9180,57.8700,73.5012,5.8237,40.4722,102.9039,103.9498,-67.5615,89.9875,33.0951,115.3562,59.3803,38.6921
104.3703,9.3424,93.2089,-11.6976,89.0461,18.9866,-8.5617,35.2828,14.3317,-23.6105,108.5022,87.6656,93.2088,-77.7796,40.6266,-17.7494,128.3497,-8.8023,-11.7640
166.2821,8.3434,100.3344,-26.2164,97.0529,6.8739,-33.7991,41.6378,-65.7455,-32.6092,116.4458,90.1805,60.7751,-83.7392,1.3499,-62.6928,105.5360,-8.2094,-7.8776
143.8968,-2.1546,78.4299,-13.8859,97.7558,-8.6002,-37.9793,38.1848,-92.5060,-24.2157,65.2150,48.4912,31.2036,-119.7794,-21.4082,-97.4127,62.5148,22.8240,54.2421
67.1365,-43.1218,47.4140,-30.8464,95.2664,-31.6061,-5.4789,20.0629,-35.6938,2.9828,11.4346,-4.7499,32.8292,-152.4849,-1.4978,-90.9324,-3.2440,17.2945,109.2520
-16.3569,-93.1503,20.9680,-92.5634,84.8978,-66.7495,50.2576,7.4317,34.1150,-7.1313,-14.7066,-23.0868,39.7060,-158.6225,40.3510,-82.0096,-76.8803,5.0202,114.0737
-80.3727,-117.0268,-12.6420,-128.5744,64.3784,-90.7578,61.7762,-23.3066,42.2654,-120.9395,-30.8025,-47.1264,32.7289,-166.2012,42.2567,-138.6175,-102.1964,-1.2681,84.0884
-98.0607,-135.6212,-46.0932,-120.7704,34.4045,-88.9292,24.7583,-76.8374,6.6994,-249.3216,-61.0001,-93.4271,27.8106,-178.3392,3.9116,-230.2766,-62.4934,-38.6306,66.0451
-68.9823,-157.0320,-67.3435,-126.6082,2.1834,-103.9450,12.3554,-115.8988,-12.2725,-262.4619,-102.4378,-111.8770,13.7187,-180.0355,-25.4867,-286.8718,-13.8370,-91.3778,83.1787
-47.7090,-156.5437,-88.6417,-159.7273,-2.7053,-157.0809,40.6330,-147.8497,5.7916,-239.5033,-138.2276,-99.8652,-21.3084,-189.1247,-31.6918,-319.1822,-2.9635,-125.3146,112.4791
-79.0319,-154.3524,-107.9319,-180.0064,22.6790,-191.9297,67.1756,-184.3396,42.0244,-295.8016,-159.8806,-107.7625,-43.7479,-209.3213,-41.1484,-357.8753,-18.9555,-151.5108,134.3209
-121.5474,-176.1865,-102.8031,-180.0783,28.8461,-188.9742,91.3516,-175.6969,78.4909,-327.5901,-159.2001,-150.7709,-47.0712,-225.3512,-64.5494,-377.9792,-26.5993,-174.0740,156.3598
-102.7198,-198.1557,-76.2406,-197.7291,5.9026,-206.0855,123.3533,-135.3542,110.5024,-265.2770,-124.9464,-207.0914,-59.5030,-255.8484,-61.9905,-363.0906,-3.9384,-181.7654,168.2503
-38.9545,-212.8308,-48.1111,-244.7822,2.2801,-248.3396,133.9445,-160.1795,128.1933,-261.3807,-67.8078,-259.4666,-53.5300,-301.3354,-4.2950,-335.7177,34.7147,-183.9017,154.2265
-9.8917,-239.6997,-26.8945,-275.9691,18.3694,-265.5487,121.9876,-226.4529,118.3943,-337.2138,-21.3401,-308.4432,3.7706,-321.2566,51.0911,-304.0567,42.8749,-185.7005,139.1054
-25.9749,-275.2857,-17.2065,-271.3486,17.3421,-271.0927,123.3970,-212.8137,94.5301,-304.1501,-0.8504,-356.3363,56.2114,-325.3330,43.8134,-268.0537,3.2037,-189.2522,138.9967
-32.0175,-312.7252,-8.1121,-283.3084,21.1552,-297.3565,125.9867,-138.5509,78.6096,-192.4628,11.8466,-374.6785,53.3237,-345.4975,12.7644,-246.2250,-35.7177,-207.1227,130.8164
-19.6957,-337.6774,22.4831,-324.6359,60.5472,-311.8451,94.3930,-109.8385,55.8932,-200.4035,27.8287,-341.1607,39.7459,-349.0791,12.1746,-236.2643,-34.8481,-221.3578,120.3845
-26.1854,-318.9220,44.3912,-331.5425,91.9695,-296.9960,64.3446,-116.4329,23.1158,-247.6027,34.3279,-300.3829,62.2457,-315.9505,46.5176,-209.3380,-30.6432,-214.0822,133.5574
-49.2383,-280.4731,0.5983,-304.7614,64.2206,-286.8861,97.2864,-109.8500,39.3317,-154.7589,39.6681,-283.9502,101.5887,-277.4352,123.7759,-173.1867,-57.5894,-228.6731,140.6239
-44.4921,-264.4020,-74.1197,-302.2302,-3.4767,-282.1204,169.2343,-121.2132,115.5013,-58.2932,77.4416,-237.4198,123.1056,-224.5784,209.7941,-175.5754,-63.5670,-285.7671,107.4109
12.3049,-220.0299,-95.1072,-290.0415,-57.3497,-258.9944,208.1549,-165.4168,141.7650,-151.3142,141.7662,-142.8998,116.0220,-148.6069,211.3354,-230.9586,11.0544,-324.7451,66.3029
88.7873,-116.4416,-73.9062,-218.5568,-75.6598,-229.3216,203.7161,-209.3386,53.3028,-331.2423,185.0982,-76.1030,96.1391,-105.2401,141.2325,-290.0876,120.8609,-314.5456,42.6009
131.9607,-49.4363,-65.8438,-151.5527,-81.8024,-201.5944,182.4489,-249.3776,-54.2295,-426.5954,188.6412,-61.9853,83.4035,-98.7015,105.3204,-294.6401,176.5576,-290.8986,12.5608
142.4702,-60.3249,-48.6368,-135.0760,-91.3967,-165.6246,138.5803,-277.4313,-83.3490,-428.8983,168.0929,-53.6376,64.5860,-75.4359,97.6421,-247.1180,168.6081,-267.6504,-20.2151
146.6773,-63.6907,-0.7586,-119.2877,-75.8465,-136.7301,86.9954,-261.7134,-61.7695,-377.4586,132.1377,-53.5662,28.7592,-65.4416,58.2449,-206.4692,138.7694,-237.0385,-25.9305
120.0171,-39.6864,24.6806,-94.7979,-23.9343,-124.2752,86.9786,-223.1138,-38.4567,-297.3997,91.0305,-80.3563,16.3037,-105.4670,21.4070,-199.4839,95.3153,-204.2876,-11.8882
57.7386,-43.3871,10.8566,-90.0586,19.3221,-102.3432,131.3158,-192.7787,-14.0856,-231.1390,55.4616,-101.0921,46.5269,-124.2070,2.9969,-182.5674,41.3715,-157.0975,11.6928
29.4444,-58.4801,10.0187,-75.2751,30.0666,-69.5732,145.3675,-140.3145,-13.6008,-194.4135,13.7026,-112.2238,69.7170,-93.9112,-39.6685,-136.6056,12.9416,-92.5017,63.7695
50.3079,-53.3316,27.6393,-45.3423,38.0443,-53.9767,132.6401,-67.9362,-70.1923,-181.6817,-20.5989,-146.9514,65.8397,-92.7537,-72.1115,-118.6055,21.9420,-54.1840,131.8459
62.7255,-60.4024,32.6728,-55.7396,55.3336,-55.4748,151.8767,-36.9309,-127.9750,-182.0418,5.7105,-181.2357,75.6395,-134.6300,-49.9633,-147.7730,30.9120,-59.5348,169.0481
69.3142,-93.3955,43.4180,-98.8703,65.2741,-64.6318,182.1068,-33.2129,-96.5430,-126.9353,75.7152,-180.0759,108.1515,-164.8271,-15.8003,-149.5358,20.0569,-71.6739,177.9927
78.0474,-121.5568,70.1977,-119.0534,73.7739,-90.0102,186.7878,14.3840,12.2743,33.1611,95.0595,-171.4785,139.8814,-177.4851,21.7634,-89.8795,13.4840,-78.7583,205.2537
36.7895,-119.9678,75.9310,-111.7312,98.8853,-118.0801,198.7678,87.9792,114.4934,213.7851,49.7878,-166.4197,167.2672,-171.9238,73.0044,-39.1777,29.6670,-98.9676,247.1245
-6.2055,-75.8263,64.8124,-85.2789,131.3183,-117.5817,207.8604,113.3261,187.2735,316.1047,22.3864,-124.4706,173.4138,-132.5801,61.9197,-44.3091,56.0652,-122.5705,247.5148
50.7005,-19.6533,71.8248,-47.1085,134.8333,-93.7115,151.5220,78.3188,264.2133,349.6670,34.3716,-49.5325,132.9240,-97.0982,-3.5300,-69.1698,67.5713,-126.2825,194.9325
111.9045,-9.6571,66.0327,-41.5274,88.4517,-75.8084,78.7272,25.0574,335.2955,345.2610,32.3218,-0.0380,78.2229,-88.8538,20.9750,-84.1104,53.6531,-108.6902,148.9791
41.7599,-23.0061,10.4565,-66.9136,33.7750,-69.7768,94.7375,0.6155,357.3875,317.4439,12.3858,-6.1347,55.2798,-67.8715,126.2427,-90.0095,30.9342,-86.6446,150.2402
-58.1153,-3.8977,-40.1685,-60.7024,24.1160,-61.4059,157.7599,31.1608,334.5458,304.6087,15.4639,-46.6588,45.8521,-39.8960,156.9103,-69.1980,17.3766,-79.2944,166.9913
-53.5154,6.8597,-27.7985,-36.1644,32.0739,-46.1779,156.2403,87.7605,305.4611,303.7130,33.3167,-68.1103,21.3130,-41.2462,120.7969,-13.5204,9.9999,-80.7460,161.4598
8.1052,-21.1354,12.5104,-47.7578,15.4617,-35.5902,107.4664,113.4871,283.7159,274.2308,28.3178,-21.1867,-1.1715,-33.2024,125.7337,36.3816,7.8217,-67.8691,138.8817
57.0714,-12.5343,24.1485,-54.8217,7.1000,-31.3689,89.9468,97.3949,267.7470,247.7647,12.1961,68.7985,-7.2048,9.5881,148.3055,44.6965,14.8588,-50.9053,106.7228
71.3558,42.7468,2.1152,-16.7894,15.8055,-14.3217,95.5407,73.3815,265.5274,265.7167,22.9740,114.3520,-11.3826,29.4495,136.3991,35.1094,10.7273,-49.6315,61.8076
19.4592,50.2950,-35.1632,5.8620,-15.6681,12.8262,82.5796,69.5512,271.3306,279.3631,45.8610,92.2116,-27.6705,16.9143,125.3412,54.4719,-20.6698,-40.8402,20.9063
-59.1879,11.5344,-73.6672,-15.5801,-75.7986,17.2897,61.6240,84.0866,268.3934,254.6380,35.4830,75.5553,-60.0398,28.5710,142.0243,96.9255,-52.8560,-12.8276,-5.0493
-106.4660,9.8671,-97.9913,-24.4500,-104.0803,4.7644,50.8739,83.8136,258.0251,217.7435,1.6669,103.0686,-94.9263,58.0450,174.6532,100.6726,-71.9192,4.7319,-40.6011
-169.5090,37.3894,-95.8157,-2.2370,-117.6140,15.9339,29.7313,47.7953,228.3352,153.0278,-13.9458,120.1349,-100.2873,65.8824,188.9389,51.4279,-104.5856,17.8240,-97.6210
-229.5601,47.0034,-74.2949,22.8508,-131.1921,43.8812,-30.0762,14.8613,134.9144,58.1570,-19.5335,95.8778,-77.4295,71.0973,116.6679,32.3354,-145.6611,52.9494,-151.9111
-163.8566,55.6368,-59.3785,49.5719,-105.1707,55.2457,-131.7610,24.7774,-14.9645,26.9314,-39.7333,83.1578,-81.6815,92.2936,-33.0132,93.8029,-164.2861,77.3214,-193.0358
-43.8067,74.1989,-65.4558,77.3985,-76.1596,59.8880,-240.9302,43.5672,-126.5149,88.4203,-57.2707,106.6226,-139.4757,101.5123,-135.4930,159.7058,-183.9273,66.5324,-226.0924
-57.2232,83.9691,-78.2495,89.9864,-104.4570,71.7244,-291.4293,20.9920,-145.2704,121.5010,-65.7498,121.0136,-195.3762,91.0361,-145.8198,154.7529,-229.5204,69.0702,-236.6938
-152.7402,104.5191,-91.2697,98.7802,-130.6269,80.6844,-257.4166,-31.0819,-137.7169,52.1175,-90.6279,131.7367,-194.8991,100.2804,-142.5011,109.3279,-244.4671,103.8404,-224.3848
-182.7619,155.2306,-121.9680,126.4207,-115.1307,102.6416,-211.5424,-67.6880,-174.1371,-50.8794,-120.0897,192.6134,-164.6485,156.9181,-148.5528,73.9679,-187.9625,124.3429,-225.8671
-178.2300,193.6980,-158.2694,161.8010,-134.0290,147.6769,-230.3613,-67.9006,-231.7638,-117.9124,-126.2337,253.6116,-156.9552,220.6342,-131.1157,61.5486,-130.9412,122.9262,-257.5297
-181.5837,177.6570,-159.6796,171.8191,-189.6794,166.8279,-282.4500,-48.8704,-267.3263,-149.1486,-131.3159,216.1406,-170.9904,216.1187,-109.6511,81.3822,-146.5281,130.0232,-297.0779
-144.4612,128.0116,-134.8031,138.9291,-199.8569,133.1253,-307.9128,-40.6467,-282.4925,-148.9761,-151.5187,130.8774,-182.6470,147.1403,-108.6096,114.8717,-203.3508,130.1481,-333.7638
-98.0460,92.9238,-130.0000,87.2566,-189.0871,91.3089,-324.3105,-39.8409,-286.8349,-105.0672,-158.1602,118.8638,-193.4747,102.1657,-127.9085,116.6990,-239.7864,90.6365,-362.3908
-108.8016,89.6805,-155.9975,60.1576,-220.5993,70.4454,-349.3250,-21.7198,-274.5438,-30.4681,-151.4578,162.7971,-202.7979,108.5746,-175.8904,104.9116,-248.3814,29.6919,-354.1371
-147.1789,95.2896,-198.7433,59.1859,-251.4728,58.6117,-343.4300,-1.9332,-243.2794,22.6478,-159.0418,179.7306,-199.4992,113.2320,-210.3960,131.2998,-247.7913,-2.6187,-313.7061
-180.6295,88.1893,-244.9272,59.7274,-242.4036,60.6559,-308.7723,-11.1142,-201.3537,16.4470,-167.3244,175.0477,-200.2915,113.8186,-171.5549,163.0696,-241.8157,18.6158,-298.6862
-214.0350,78.7797,-265.3475,70.7849,-234.0556,80.6229,-298.5565,-33.2361,-173.6823,-16.8555,-161.7154,172.0209,-219.6686,141.0210,-126.9237,145.0223,-228.5766,63.8543,-315.8833
-228.1654,75.7747,-252.2036,92.4575,-250.9403,93.8540,-315.1310,-47.6058,-186.0081,-28.1969,-174.9265,150.9622,-234.2107,160.1479,-178.4024,119.7265,-216.7746,82.5340,-309.8811
-226.2408,65.5574,-246.3986,81.9811,-278.4221,89.1625,-333.4048,-61.9737,-220.5330,-30.9293,-220.2609,130.4323,-244.8452,141.5014,-274.7707,136.9757,-220.4849,72.5254,-288.7012
-230.7154,52.6941,-258.4483,43.3629,-294.1891,75.3789,-360.2758,-60.9269,-248.9300,-43.9693,-258.5896,139.5523,-282.3914,121.1356,-325.9316,141.2643,-244.6609,64.8918,-308.2439
-219.8396,58.5515,-250.5560,35.7718,-270.2311,54.5675,-386.7939,-26.3857,-299.8329,-34.8377,-262.9949,132.0110,-316.6208,111.7306,-355.3388,76.8088,-274.9165,52.3298,-335.5751
-204.8943,73.9996,-229.8461,59.8358,-222.5543,41.3599,-395.0795,4.8027,-386.7231,-7.8255,-251.1211,79.2911,-298.4503,95.9521,-386.7010,0.5480,-287.7739,20.5599,-306.0403
-243.5834,80.7194,-230.0677,73.9415,-202.4936,58.1717,-411.1369,3.7802,-431.6644,-24.4377,-253.2654,49.8013,-269.8611,97.7566,-380.9162,-13.8896,-283.9240,4.9597,-268.1341
-300.8687,90.3582,-224.3791,88.4916,-196.2866,91.4100,-434.7762,-5.2915,-392.6037,-79.9150,-270.6746,78.4721,-278.3682,127.2051,-351.0113,1.8931,-291.6711,29.6006,-293.9333
-294.4920,105.7492,-181.1001,118.0556,-161.1141,111.3953,-416.0430,-18.8966,-361.0330,-112.0614,-270.7661,99.2980,-275.9040,138.8249,-352.7002,-22.8266,-311.4644,67.9838,-342.9356
-246.0920,104.1454,-129.9716,132.4904,-122.7905,119.1737,-373.8175,-54.6504,-410.1591,-132.0427,-247.4865,79.1784,-230.8862,123.9712,-386.0182,-73.3395,-296.9906,107.6867,-352.3659
-213.0714,93.9691,-94.7107,132.6926,-105.8975,131.4975,-370.2866,-81.2401,-473.5397,-182.3858,-245.6962,65.7472,-191.4877,120.2776,-426.3788,-87.1610,-238.5080,151.0833,-329.8958
-196.3529,110.9690,-63.4850,153.0269,-82.1944,152.0308,-374.7117,-66.7097,-464.8868,-216.4255,-277.6793,74.6451,-174.5984,119.6056,-461.8113,-71.9013,-198.9017,163.4639,-290.5361
-193.7335,148.3496,-47.0701,178.0574,-56.9742,169.2743,-326.6395,-38.8571,-393.0831,-169.9832,-295.3535,70.5451,-156.3406,89.1644,-455.6253,-79.5742,-203.8557,127.9366,-236.4510
-201.4952,161.1933,-66.5304,168.9459,-62.1663,158.2640,-248.6558,-19.5343,-308.2222,-72.6159,-281.1466,47.1805,-150.3292,41.1227,-383.7021,-98.1330,-199.2129,93.9932,-192.6818
-192.3927,126.8194,-105.8260,125.7389,-87.3363,102.9798,-183.4637,8.9189,-232.1395,19.8349,-264.0331,16.3760,-162.3964,1.2218,-292.4732,-73.2291,-170.6780,87.5675,-167.3477
-168.2238,56.5328,-139.0435,59.2240,-121.9133,27.7295,-145.1139,45.8985,-170.6835,102.0605,-247.2569,-25.5217,-161.9124,-23.7719,-236.7657,-4.0074,-165.3213,68.5204,-141.1114
-148.7986,-16.1561,-155.2580,-14.3695,-167.4332,-18.8211,-148.8213,68.8823,-145.3594,161.0195,-218.0337,-47.1503,-159.0153,-23.2977,-221.2969,59.5769,-175.4848,28.5941,-124.2871
-129.2829,-42.7158,-147.3038,-43.2632,-187.4307,-8.0809,-179.0870,71.9605,-177.5724,150.9144,-188.1697,-2.2819,-176.1267,7.7661,-238.6481,77.7956,-154.1206,15.1609,-130.5268
-114.6863,-9.2961,-124.4028,-1.3333,-165.5936,43.8634,-196.4975,60.1624,-239.8595,74.4698,-165.7945,57.1667,-172.1459,46.9548,-277.0730,51.3551,-114.9650,34.2651,-132.3815
-116.7041,26.1574,-106.3993,52.8887,-149.7535,82.3467,-212.8890,43.6841,-273.5350,-2.0970,-146.4524,32.8453,-128.0943,66.3473,-290.1254,25.5216,-88.2386,42.6030,-114.2459
-119.8151,7.6287,-90.8883,56.2017,-152.2859,67.0740,-241.6082,39.5806,-267.4916,-35.3483,-134.7677,-43.0020,-100.6550,59.2081,-238.0446,40.7052,-59.5069,34.1423,-89.6530
-116.2434,-33.0478,-67.0300,26.8296,-127.5408,26.9506,-235.8939,42.8351,-251.4640,-37.2508,-126.7268,-51.2590,-102.7054,42.4588,-143.7892,62.7376,-30.3191,36.6321,-62.4291
-99.3512,-29.0793,-40.2784,19.3120,-75.1048,19.8206,-191.2197,26.6450,-223.9188,-36.7096,-106.7843,14.0436,-84.8940,41.1628,-63.0695,32.3605,-23.4951,43.0721,-48.3908
-43.1326,15.1025,-18.7415,40.7195,-39.2092,44.9844,-166.7191,-9.4515,-164.5226,-55.5694,-74.0816,56.6327,-55.1077,60.9995,-19.2866,-23.2794,-24.1490,26.9436,-69.0256
12.1515,38.3907,-11.4962,48.4305,-30.5330,50.9280,-152.3118,-33.7867,-76.9222,-86.1349,-36.1389,39.3411,-51.4304,86.0999,14.0787,-29.6047,-20.3866,-5.2401,-91.2527
-9.0572,20.8796,-27.6426,20.8514,-31.5162,21.4531,-92.9541,-32.1038,24.4958,-90.3922,-4.5015,-0.9782,-38.8316,101.2764,70.7103,7.5777,-24.0886,-26.9399,-74.7406
-54.3368,0.7635,-40.9305,-3.2967,-29.4665,-1.5984,-19.4390,-30.3263,98.7825,-74.1225,6.0731,-33.7880,21.8946,91.9120,132.9841,18.1973,-2.0066,-21.1248,-43.9767
-23.0331,-2.3050,-8.0884,8.4605,-13.9286,9.2475,8.3974,-53.3892,80.4588,-96.5884,20.7776,-46.9029,83.8841,52.0033,149.0589,-18.1320,77.1224,12.6530,-21.8882
54.0696,-13.0457,55.9713,20.0326,21.6126,20.8010,10.8818,-78.0620,-9.5659,-146.1945,81.9923,-41.1028,100.3947,11.5923,120.3387,-64.2419,151.7404,45.3009,12.5329
108.7175,-32.8299,97.8414,-0.0166,71.8417,2.7724,31.1306,-68.3482,-56.7291,-142.8866,151.1810,-35.4782,101.7552,-0.5095,104.7756,-95.8081,166.3447,45.1022,56.9021
136.7573,-22.1982,107.9830,-11.2480,118.1913,-11.4706,67.0989,-45.7479,-20.6399,-102.6142,159.5800,-38.3215,118.8922,-11.0064,123.0479,-103.6213,159.5727,35.3048,93.1508
116.5740,9.9558,106.2422,5.6871,139.2910,3.9232,110.9068,-50.9067,36.4727,-101.9641,144.5788,-39.8367,130.8475,-46.1217,148.2720,-68.0037,151.7274,49.7030,134.1690
51.1545,-8.2798,94.3469,-9.5261,138.0559,0.0373,165.8743,-62.3727,86.0472,-101.0905,179.2954,-39.6673,128.6977,-70.2672,177.9008,-1.9323,109.3541,50.5049,175.6520
36.9871,-84.6388,84.5911,-72.9178,139.0019,-53.0027,213.4243,-44.8633,140.3789,-37.5489,233.5166,-40.7588,143.7406,-55.6110,225.0956,33.9342,60.0039,5.6575,189.2313
92.4248,-130.5258,108.8746,-103.0154,153.9374,-93.1554,224.6415,-21.7023,182.7027,2.4068,245.3783,-45.2834,189.5549,-39.3229,268.7954,20.1520,59.7730,-18.3667,189.8647
104.7692,-106.6105,159.6580,-67.2595,185.7101,-75.0954,206.4180,-16.8183,203.3401,-58.3912,228.9984,-68.5411,245.1168,-53.2972,282.9278,5.3446,83.9868,24.6994,211.2203
60.6202,-79.3403,193.6988,-39.4709,237.3375,-45.8251,199.7654,-9.9045,219.8989,-119.8741,222.2247,-102.3392,291.8820,-75.1552,273.6006,7.1612,94.4232,61.8124,245.4088
70.8007,-94.5391,207.4146,-60.0851,284.6897,-48.3523,221.6998,4.3646,236.9674,-78.9162,227.8326,-105.8226,311.0151,-77.1100,255.6551,-2.2664,112.0508,39.3361,271.8141
151.2108,-111.9406,230.2180,-76.4825,299.9509,-57.3027,246.8024,6.1438,268.3012,17.4018,232.9351,-86.0620,283.0434,-57.9700,237.4038,-10.6701,143.4495,11.7467,287.3582
213.8198,-90.8732,254.8764,-50.8881,298.6351,-43.2848,264.1219,-2.0810,334.1950,85.1231,224.7285,-88.7608,236.8243,-27.3926,222.2146,0.0167,163.1977,15.5647,296.4158
226.8644,-51.0666,255.6948,-13.4158,299.1091,-16.1136,290.9076,-7.3979,395.7789,88.3160,207.0192,-88.5729,227.1720,1.2691,196.8078,-18.0521,182.4320,21.4648,313.9511
231.3773,-30.1094,249.9550,4.4800,292.9397,4.2524,315.6548,-8.0781,404.9818,19.0704,199.3514,-35.2850,239.9658,16.8280,154.3146,-84.0928,224.3958,28.4332,342.3954
250.7504,-28.2968,266.6313,11.0334,286.0304,14.2273,308.6194,-2.4942,393.8953,-66.9239,188.2533,22.7979,217.8426,21.1049,126.8697,-121.8040,272.5408,45.0959,353.5869
257.1049,-18.1213,285.9992,22.2486,280.4763,23.8328,289.3446,4.2052,409.9218,-74.9997,146.2034,22.1121,171.3239,20.2167,145.8884,-86.8354,304.6306,27.8202,346.9813
223.8013,0.2486,274.3000,28.4940,249.9436,30.4676,301.6407,12.8598,442.1645,-6.9066,103.6390,0.7966,151.3151,12.0041,193.4708,-34.1128,311.8024,-27.2166,354.7485
188.6852,-1.9935,240.9815,9.9472,210.2439,12.5724,337.0265,44.7954,459.9698,38.8935,100.4416,4.4468,153.3363,-9.2909,228.5526,-14.8469,289.9104,-40.4050,361.6220
210.3482,-14.9003,216.5548,-20.8577,212.3231,-21.6174,347.0609,80.9677,429.9156,17.0675,112.1354,12.2177,151.0210,-41.5280,229.5287,-23.4894,266.9366,3.6548,330.3259
266.8062,-0.7085,215.1991,-29.2008,238.7865,-29.4681,312.1939,67.2970,330.6219,-18.7843,113.4338,17.1504,154.9811,-69.6234,201.9741,-33.8205,272.7927,16.8774,286.2045
282.7375,19.5929,231.2287,-19.7800,243.8199,-16.2073,264.7208,35.3594,218.5651,-10.4987,122.0383,24.8590,172.3849,-82.6641,173.3023,-21.7898,274.0098,-20.9449,267.9341
245.1426,-1.1022,239.4754,-27.0661,242.0168,-34.2773,239.1457,56.3157,164.6798,26.1777,138.5560,1.3308,184.4842,-92.5996,169.6708,1.4174,240.7222,-26.6666,251.7234
217.5823,-33.6659,221.2764,-39.3867,237.4462,-70.8211,210.7634,75.3276,124.5643,17.0292,147.7227,-38.8273,181.7493,-99.9920,183.8915,-6.7662,225.6126,16.8995,206.3489
245.3803,-22.2514,197.8978,-17.6788,198.3712,-54.2062,143.5957,12.8426,38.0071,-71.4132,150.8743,-16.1428,166.7253,-66.7917,183.7096,-34.5230,260.1927,36.3520,160.7210
279.1242,9.6553,195.3125,15.1405,158.9327,6.6424,90.0134,-52.0122,-25.0722,-161.4124,132.2104,49.2479,148.5434,7.9688,151.9227,-25.0237,274.5616,15.8165,160.4922
240.5006,6.9798,199.4749,0.7373,172.2928,20.2880,120.9493,-29.4909,3.2133,-151.8927,95.7704,54.9023,147.9597,44.3227,106.5258,7.6220,226.4570,-1.8304,189.1496
172.4078,-24.7059,192.4219,-52.0551,191.9900,-33.6980,182.7558,12.4185,53.2504,-56.4338,118.5519,16.5596,158.5632,3.7903,78.3183,6.6255,178.6277,-28.2623,180.0562
188.3116,-41.2721,179.7548,-78.6970,159.0267,-73.0833,176.0398,7.5442,57.7224,22.6827,214.2957,18.7998,139.7242,-38.7127,69.7617,-10.3823,175.8637,-83.4219,123.8522
260.0849,-21.4267,157.3099,-54.8980,107.3694,-52.7372,120.4010,1.3213,48.2542,31.9084,260.1441,32.6100,95.1660,-31.3579,62.2468,1.0760,182.3531,-106.0192,89.6678
260.0848,15.1283,125.1988,-17.2876,79.7070,-25.4696,91.1387,6.7619,25.2392,-2.7345,206.7584,4.8274,78.3546,-22.0936,57.8446,16.9260,171.5103,-56.4104,87.7242
186.4580,31.2670,113.8751,-2.9094,66.8026,-34.2559,77.1183,-22.6701,-69.0974,-57.1479,161.5683,-11.9034,96.0065,-35.3572,53.3658,0.8406,160.9429,-7.4494,43.9988
132.5513,22.5661,123.4320,-9.6840,60.2941,-43.8489,26.9130,-70.4948,-201.8877,-123.9111,170.2305,12.3438,104.6460,-30.1217,13.8252,-28.3967,154.0917,-14.6190,-38.4974
120.7824,17.6223,112.3171,-16.8203,56.5108,-23.8806,-42.4811,-85.2230,-259.3638,-148.3464,160.1515,13.3410,93.1195,-9.8556,-40.7742,-43.0229,127.6321,-25.7377,-75.0028
119.7018,20.1426,85.5050,-16.2483,44.0731,-7.0499,-62.4016,-65.9354,-217.0404,-68.2514,115.9106,-25.2677,81.6363,-17.1732,-25.1207,-46.4883,75.0266,0.1151,-58.6779
98.5459,16.8692,78.4305,-8.0502,37.6644,-15.4397,-8.9592,-29.3937,-159.5037,55.7167,85.2085,-49.2980,73.3928,-36.5912,42.2041,-47.2260,22.4239,28.9215,-42.3481
35.4031,22.1570,64.7743,8.4226,45.5855,-16.6229,46.2020,8.1678,-150.2431,84.3160,73.6446,-47.4952,61.8981,-32.3533,33.6318,-41.4630,-3.2767,43.6818,-30.3077
-25.9317,33.2952,10.3421,17.3775,25.7103,5.2237,22.1774,12.3412,-174.9335,11.9969,71.8833,-39.6308,47.0486,-21.0134,-55.5928,-31.3667,-15.6978,64.8403,-28.2538
-37.8824,12.1076,-40.8343,0.8018,-37.8811,17.7707,-44.6287,-21.3547,-182.3680,-26.6256,67.7003,-22.3754,25.0224,-21.4116,-100.9885,-34.8329,-50.5470,85.8627,-74.4663
-64.5743,-21.5002,-50.6638,-16.1411,-91.9389,9.3212,-69.9724,-60.4355,-140.7322,0.6285,19.1079,1.4900,-14.4926,-19.4657,-85.1607,-58.2376,-92.4168,89.1385,-156.3921
-134.1650,-2.8007,-60.3473,3.0438,-121.4055,11.7240,-88.4788,-102.0719,-77.9815,-20.7285,-55.6384,22.9439,-84.7274,-16.3763,-90.0108,-73.5200,-88.9459,77.6606,-229.8143
-134.0546,38.2458,-103.8448,32.2582,-184.5941,31.6750,-180.9939,-144.6958,-40.9718,-97.2703,-69.6403,39.3737,-182.6787,-25.4983,-112.0626,-50.1578,-61.2308,37.9814,-289.0866
-60.9871,12.1852,-157.9775,19.2244,-282.7382,24.8121,-289.9853,-133.3302,-10.9857,-64.2415,-35.4998,28.5245,-262.9797,-34.4801,-109.1961,8.8513,-95.4576,-43.8020,-325.5679
-82.3512,-63.1374,-201.0262,-27.6877,-328.2624,-32.6429,-305.1053,-48.3211,42.5935,125.3366,-59.2198,-4.4973,-282.2664,-30.9911,-114.4757,77.0518,-196.0153,-118.7999,-319.7709
-214.5026,-94.3954,-232.5372,-60.8439,-293.3821,-93.5027,-256.0099,33.9197,58.6443,283.9914,-150.5659,0.8458,-266.6684,-22.3237,-144.3992,119.1219,-266.3146,-128.0670,-299.1398
-294.9905,-67.8051,-255.9560,-61.4245,-258.7025,-102.7978,-241.1837,55.4702,-15.1830,281.2685,-227.4540,37.4239,-263.1969,-10.0823,-146.7447,115.4792,-265.5164,-98.2827,-298.0753
-286.9476,-36.9933,-284.1673,-40.3337,-275.3576,-75.8661,-263.8858,44.9318,-98.9979,205.7316,-255.4280,21.7007,-260.4048,4.7674,-119.2146,98.7931,-258.8043,-92.0079,-307.4154
-284.4217,-23.3442,-319.3103,-18.9690,-299.2551,-58.6267,-272.9446,31.1714,-116.9266,129.8502,-252.9942,-32.6406,-235.3486,9.0287,-116.2924,104.7243,-284.7516,-103.5199,-318.8287
-312.4410,-22.4524,-335.1337,-20.6804,-288.3919,-52.5584,-264.5845,7.2308,-123.4259,9.3195,-247.8990,-46.0527,-217.0306,-1.2810,-132.1532,99.9857,-303.2772,-87.6007,-331.4784
-337.6259,-36.8190,-325.0891,-39.9830,-259.6778,-43.0904,-260.2767,-14.3984,-163.7873,-99.1244,-263.4445,-41.4638,-234.1105,-19.8723,-129.8603,56.8110,-299.3300,-47.2720,-322.2392
-340.4259,-52.8913,-318.0307,-42.7647,-238.5142,-44.2377,-260.4255,-12.7445,-187.3968,-62.5394,-282.8015,-57.0697,-264.3607,-41.1071,-137.7310,23.2431,-310.0478,-20.1865,-287.3549
-313.3174,-47.5055,-319.7525,-22.8660,-233.8265,-55.7657,-248.9796,-1.3362,-176.2018,50.1405,-280.8469,-37.3154,-277.5696,-45.2404,-183.3091,18.3963,-328.9086,-13.5713,-252.7919
-282.0099,-25.3557,-314.1705,-11.1343,-248.3485,-47.7497,-205.2401,8.3454,-173.8852,66.1341,-282.3039,24.3139,-275.6626,-19.5564,-212.2370,-6.4552,-305.1504,-10.1584,-215.0638
-270.3278,-5.7348,-308.1207,-16.8162,-262.0122,-21.4498,-140.2748,31.6639,-185.6954,21.7919,-295.2899,55.7979,-276.6974,4.1311,-187.1353,-46.0706,-247.5878,-9.1356,-159.3540
-243.2953,7.0031,-299.2596,-15.2176,-242.2533,-6.4285,-118.7498,61.2384,-196.9625,44.6647,-284.0468,62.1996,-287.2607,-3.0958,-171.2155,-48.7633,-212.9710,-15.3779,-109.5102
-190.8625,11.1463,-257.9468,1.5117,-193.4434,-1.1941,-166.9492,68.7302,-225.0858,90.0795,-264.5306,70.2157,-292.0643,-18.5054,-218.4178,-25.6859,-208.8516,-14.0667,-90.6860
-169.0959,0.7692,-193.0392,12.7767,-156.6067,10.9247,-208.7721,65.2621,-268.5920,73.6516,-269.5316,20.9036,-276.3881,-20.9129,-286.4915,-5.2662,-208.8645,7.9708,-97.4141
-177.0291,-12.9987,-149.5417,15.2794,-154.6333,24.3837,-193.1162,77.1001,-295.2398,44.3350,-258.8715,-81.0470,-254.7579,-22.1762,-324.8161,20.8798,-210.3710,38.7402,-118.2658
-158.5359,-10.4108,-128.6452,29.4138,-164.7861,33.4752,-182.3177,81.9587,-295.6264,49.6344,-226.0316,-118.7860,-247.8844,-22.2186,-334.8755,29.1886,-206.0065,56.3425,-142.7494
-132.9933,5.2580,-107.8660,47.4811,-152.5053,37.3104,-217.0155,48.3833,-280.8254,47.1025,-236.1644,-68.3079,-247.0221,-13.5067,-320.6876,-7.2527,-175.1547,48.5426,-160.8291
-144.5734,17.7891,-103.4947,37.7838,-119.7901,24.7961,-239.9834,-3.7477,-266.4354,12.2710,-261.0559,-17.0915,-232.9452,-13.0006,-290.5740,-33.3196,-131.5972,25.6839,-172.1404
-158.0445,26.0134,-119.3485,13.5268,-95.4343,5.0905,-221.6989,-37.6055,-272.7867,-26.2475,-220.7077,1.8396,-203.2227,-24.5985,-278.2433,0.8379,-103.9377,20.7370,-171.6747
-144.0719,30.9976,-118.5947,15.3671,-86.7015,7.0506,-192.9995,-41.5835,-283.5143,-44.4254,-167.9459,3.0559,-167.3401,-19.1611,-275.3244,53.1521,-90.7035,43.0938,-149.0940
-139.7736,21.5477,-108.1144,27.3022,-91.6144,22.0542,-153.7096,-25.8494,-260.5405,-52.4101,-173.5683,-9.6194,-145.6872,14.2693,-235.2008,68.2152,-84.9339,53.4917,-116.3024
-149.4545,4.7886,-131.2765,13.8049,-127.4516,22.4838,-111.3831,-26.4923,-230.5431,-96.5264,-176.4211,1.3889,-154.3391,53.1961,-186.7257,30.2425,-78.2184,33.6625,-97.9641
-128.1106,13.3450,-167.5483,2.3732,-174.9105,19.9514,-117.1308,-72.8245,-233.1937,-186.1618,-143.5045,61.8056,-166.8750,75.0338,-193.8428,-39.3617,-45.0158,17.4246,-101.4397
-91.6887,42.9422,-168.1801,15.1087,-170.7946,21.1363,-142.3730,-121.2702,-209.0579,-228.7334,-146.2194,112.4431,-142.4158,71.5897,-211.2844,-61.9017,-3.6768,4.8781,-113.4607
-104.7294,36.6323,-148.0236,7.4787,-118.1734,-5.9766,-95.7757,-107.6327,-103.3733,-164.4919,-185.8547,106.0708,-91.2109,58.0369,-157.8569,1.1545,-13.8183,-40.8714,-103.5814
-148.9022,-17.7707,-130.3048,-28.2784,-78.8215,-49.5504,-7.6865,-63.0473,-2.8690,-93.0905,-183.1925,77.7009,-44.1613,60.7750,-74.1804,43.9850,-56.4412,-85.7669,-59.6656
-139.6181,-48.5920,-89.3441,-37.1790,-45.6395,-48.9181,21.9597,-66.4964,-1.0547,-115.0100,-127.8612,58.5193,6.3689,69.9159,-42.8492,-14.0978,-58.7452,-66.5319,-28.4762
-78.2999,-23.3773,-26.2792,-26.1428,20.7870,-15.6859,14.8082,-113.4727,-42.4854,-176.7364,-65.2896,41.8952,67.1492,54.9076,-46.8911,-75.8238,-37.7343,-23.1680,-45.6905
-45.7691,-12.3576,13.7326,-48.4420,83.1717,-24.0943,37.0430,-140.5713,-44.8419,-202.4663,-18.7625,24.7681,109.9891,27.9707,-33.6322,-59.5011,-47.8065,-26.4572,-60.7783
-46.1531,-52.8665,29.5211,-82.0581,100.3316,-71.7982,55.5317,-131.5731,-36.0484,-216.9158,5.6740,1.5448,126.8044,14.9344,-9.5437,-38.8327,-50.2286,-47.7115,-25.1434
-15.7427,-73.1707,57.9240,-78.5531,103.3747,-87.6071,39.6674,-116.7997,-58.9925,-238.5455,21.7005,-26.6722,143.0484,1.6841,5.8720,-65.1303,6.9122,-41.9787,27.3648
36.9243,-27.4131,98.3938,-51.9606,116.3148,-54.7834,40.5288,-112.8668,-81.8689,-215.6591,48.5120,-31.6230,159.3210,-17.2132,18.5247,-91.0245,91.6153,-34.4268,64.9692
64.1362,27.7892,122.4035,-19.7932,128.9965,-11.7478,80.5327,-111.8118,-69.5047,-150.1577,70.3732,-13.8624,156.0932,-14.1846,25.0516,-107.8364,164.7304,-32.8974,110.9760
80.8343,42.1732,117.4887,18.6682,144.0427,18.4544,124.4086,-105.4466,-16.3296,-126.8180,76.0906,-17.4028,141.5582,1.9333,26.4795,-137.7086,215.1523,-8.9663,170.1164
100.5966,27.5781,88.1094,27.3785,146.5549,24.4689,162.4653,-95.1422,99.0570,-138.8014,85.0885,-48.2430,132.4426,-9.3813,65.3959,-143.9134,215.0447,11.2238,209.9542
94.3906,-1.5451,51.0022,-12.0285,109.9282,1.1328,203.0373,-77.6626,267.8776,-65.0116,87.6780,-73.7589,124.3698,-44.0906,171.4158,-108.5017,170.9041,-13.1702,217.5570
75.5653,-34.0949,31.2469,-49.7401,69.1042,-23.1453,231.2350,-48.3934,401.0099,84.1490,67.1909,-92.9947,121.0454,-72.1454,292.0128,-78.0706,151.7407,-49.3459,205.0652
84.4262,-41.2214,45.8834,-55.5952,76.2208,-19.3922,241.9137,-28.5343,440.5470,140.3601,64.9826,-114.4136,144.8259,-89.2638,347.2075,-55.9817,183.5514,-52.8794,189.6402
114.3278,-17.4660,99.5224,-46.6658,124.1239,-2.2651,258.4169,-35.4057,436.6003,93.4606,102.6982,-118.0886,192.7458,-90.9756,330.3239,-3.1649,218.3012,-36.0485,193.2185
155.5882,7.9849,172.2141,-22.1110,189.6997,7.1395,300.8112,-26.5926,434.6366,122.4204,123.9504,-102.4526,229.0282,-66.2363,301.0481,56.2675,230.1674,-22.6609,232.6889
205.9737,14.6808,212.4506,8.9563,253.9117,12.2301,366.7527,41.6620,420.7528,257.3473,106.6535,-95.8582,242.5738,-36.5150,308.6976,82.9432,234.6482,-16.6560,305.8191
215.7105,0.1722,202.1768,4.8454,278.0421,12.8290,430.4474,131.5345,409.4302,357.0110,112.9105,-98.3314,266.8264,-28.5480,355.1292,109.5893,228.4211,-11.5698,379.6962
171.6337,-22.9930,195.8056,-23.5605,268.5409,8.1383,463.3842,190.4777,429.3467,384.0709,177.8271,-79.7852,318.0892,-27.3965,400.5088,157.8961,197.2785,11.0083,402.0848
158.6814,-27.2478,228.0211,-25.4788,283.1860,13.9503,467.8674,224.0620,444.9753,393.0263,252.8880,-37.3624,359.5798,-12.1674,405.3081,182.0111,159.7359,49.8783,365.0641
205.3283,-12.6657,259.0724,-12.2656,311.5960,27.3505,457.5383,236.3817,423.4326,384.7187,279.0085,-4.6338,356.5975,10.0961,388.5344,174.1713,152.5332,67.2396,324.5243
231.6537,-13.1674,261.2243,-16.4656,294.9590,23.6264,422.4467,213.5188,394.9976,359.4904,264.0335,-2.0158,322.0453,36.7509,396.6967,182.0336,178.9278,54.2625,311.0204
217.3343,-30.5891,257.2694,-19.4695,249.8468,8.7594,362.7726,183.2355,371.0478,322.4189,261.9980,-8.5449,282.5416,73.0302,411.9703,191.7529,197.3428,46.0035,295.7518
222.2199,-33.8672,252.1665,-10.7859,222.1045,7.2829,314.1215,175.3223,332.3725,241.3963,278.4002,5.6056,251.0200,97.7818,385.0883,154.6946,184.8241,47.1884,274.2740
247.1030,-16.0549,228.7499,-5.4084,204.2844,15.4288,296.2027,166.9074,304.3474,162.7285,265.4060,41.6134,238.9799,90.1077,338.0511,107.2790,175.7191,38.1060,272.1106
245.4141,15.7085,199.8462,13.6378,192.9974,27.9045,288.8014,142.6216,307.5166,172.9246,230.2096,85.9489,240.1606,76.3825,318.7037,103.2568,194.8350,31.9089,270.0454
223.1393,56.8843,184.6984,55.7091,202.6062,56.9953,280.4778,119.7775,297.6492,201.2507,227.7511,126.6098,227.2161,88.8845,308.4525,100.7103,218.4960,41.2045,242.3846
220.2381,84.3299,175.8921,85.2514,209.3664,89.8312,283.5089,102.3457,251.7898,155.1140,240.6560,136.8025,207.9483,103.5607,281.1335,58.0041,234.0354,51.0991,223.4350
245.3880,90.3241,171.0719,94.1173,194.0154,102.6858,290.9355,95.4741,205.4627,111.4363,210.3532,100.1286,216.4664,83.1539,264.0750,27.6833,250.5415,63.1915,236.2489
273.8553,106.9531,177.4278,104.9852,175.0704,109.1652,267.0865,102.1487,167.1460,102.9585,145.7312,65.4237,223.4844,49.2916,257.4677,47.4725,262.9390,78.4685,227.2510
286.1147,145.8390,175.5013,107.4914,139.4322,118.1257,187.3176,69.2349,107.5807,26.0789,75.3506,108.9011,160.2579,45.2343,195.9579,63.5742,291.9070,58.7426,144.7595
293.1316,196.5498,134.2530,101.5922,55.1655,101.9674,68.1289,-42.7673,20.8837,-101.5330,-15.2182,235.7443,37.9373,64.7242,55.1992,19.9267,379.9810,-8.9625,15.6336
305.6067,273.2792,59.6726,122.8132,-47.1614,63.8311,-47.7008,-169.4888,-81.2657,-175.6229,-125.8737,372.7500,-74.4052,75.4918,-94.0194,-79.5610,483.8787,-78.9081,-104.1277
307.0652,355.7576,-11.5289,150.2305,-123.3776,41.9617,-142.8468,-247.0252,-191.9733,-236.3447,-228.6675,450.2889,-168.0217,65.3240,-194.4984,-197.0107,505.9048,-129.3660,-200.4740
293.1841,365.3960,-64.7257,119.4279,-192.1569,23.0876,-245.3355,-302.7979,-298.3238,-331.4861,-316.9407,450.5846,-277.3095,23.4381,-288.7710,-285.7771,443.4224,-181.7790,-287.8511
268.2733,286.3133,-122.1799,40.2966,-280.9885,-38.3271,-371.9851,-362.3710,-399.0460,-392.1765,-396.5690,388.4919,-393.5568,-62.1836,-427.6781,-333.1228,357.3058,-232.5027,-369.8161
202.7816,188.3302,-201.7875,-30.8109,-376.8982,-123.9619,-492.8868,-412.8125,-518.8970,-435.2722,-471.5608,287.9042,-488.7093,-165.6449,-571.8375,-387.8023,258.0523,-265.2530,-448.4935
95.2000,108.3572,-288.5585,-89.2235,-469.0787,-181.4503,-594.7262,-469.6135,-669.6345,-552.1752,-548.8922,179.8371,-565.5457,-245.3354,-684.1118,-482.1948,145.6728,-300.3826,-535.9615
2.6477,31.5155,-355.7021,-155.1439,-559.6659,-218.1571,-708.0881,-535.9724,-821.7538,-672.3331,-612.0430,79.1732,-630.1365,-305.2463,-813.9611,-565.0748,38.0825,-354.4076,-622.2679
-75.5195,-55.8053,-395.3784,-227.4771,-626.1990,-276.9599,-816.1613,-557.0773,-928.2242,-662.1875,-638.6518,-46.1758,-676.6429,-379.0341,-960.5865,-579.6161,-99.5764,-400.6938,-674.0064
-197.2845,-169.6921,-425.8626,-304.9713,-644.0765,-357.4550,-845.5526,-519.3571,-963.7598,-570.0153,-652.1995,-223.4037,-711.9481,-468.5089,-1005.8691,-552.7382,-307.1565,-418.4378,-681.2009
-341.6023,-305.5348,-476.7166,-382.8748,-635.1237,-426.0229,-797.6666,-481.5747,-935.8318,-532.8923,-677.9814,-394.7701,-736.0466,-532.7489,-916.2385,-542.9222,-526.8344,-426.6212,-650.8804
-458.0810,-418.3615,-548.0997,-446.9644,-633.9668,-473.6122,-747.8453,-458.5963,-863.0280,-554.6672,-694.7783,-479.1203,-724.4423,-530.7056,-818.2931,-542.7371,-680.7094,-440.9600,-580.4859
-575.2444,-493.2927,-593.9425,-500.7650,-630.7381,-513.7876,-709.6900,-411.0684,-771.5321,-541.2485,-687.3871,-491.0868,-680.0584,-474.3434,-783.8105,-502.2859,-771.4074,-443.6095,-501.6449
-694.2548,-552.5244,-588.9888,-539.9288,-605.8759,-534.3077,-663.2729,-354.1095,-705.7564,-498.3484,-659.6485,-500.3502,-643.5386,-425.8630,-745.9914,-433.3564,-819.4006,-417.5114,-476.0030
-748.1762,-582.1130,-571.6141,-524.9678,-583.7545,-498.1384,-648.0495,-339.3930,-681.5374,-524.2384,-601.2552,-526.9024,-620.2745,-412.1999,-654.6662,-394.9274,-819.5922,-377.9344,-492.3071
-750.5092,-567.4352,-569.2581,-453.7105,-585.1210,-409.3479,-661.5286,-343.6758,-647.0680,-567.7506,-528.1641,-554.0276,-577.0811,-387.7507,-537.2093,-368.6025,-794.4163,-350.8895,-471.9604
-761.1567,-541.0229,-554.4122,-394.3928,-576.6449,-333.6461,-614.9659,-300.5762,-562.2014,-447.0311,-480.3330,-561.5671,-517.2840,-327.3987,-433.8212,-287.3045,-776.6921,-341.6862,-405.1323
-738.9306,-508.0975,-510.0330,-381.2897,-530.3499,-315.5633,-516.7380,-225.4907,-467.2300,-212.9136,-440.4741,-516.0823,-470.8298,-272.9648,-374.9512,-189.9009,-748.9861,-331.7255,-358.6456
-642.4127,-440.6865,-454.4883,-360.3503,-467.3768,-311.8875,-474.0899,-185.8934,-412.1675,-125.9384,-375.6308,-418.6968,-429.8057,-237.9936,-364.7865,-161.5122,-683.3099,-289.8642,-342.2530
-552.1597,-365.5207,-400.8773,-289.0059,-409.2558,-258.2899,-465.6722,-168.3985,-395.5796,-192.3260,-325.7856,-330.4644,-373.6934,-175.7533,-365.7952,-155.5419,-609.1075,-208.7585,-295.1065
-535.4734,-329.0316,-361.8059,-212.2382,-361.8724,-174.5579,-388.4949,-110.3737,-395.4997,-178.0818,-323.8687,-281.8245,-315.9397,-81.9264,-340.6992,-84.5535,-578.2220,-141.3793,-207.6727
-543.4672,-323.4201,-349.4744,-190.3839,-338.1224,-138.4714,-283.8609,-28.9566,-377.4940,-60.7991,-323.5485,-247.5015,-274.1233,-18.6437,-278.1321,9.5875,-586.9259,-139.5387,-140.6477
-520.3994,-330.4748,-336.5015,-206.1534,-333.7843,-162.9435,-242.2651,24.9854,-299.5996,-0.6274,-297.1199,-229.6131,-248.6403,-14.7515,-189.4409,62.2227,-585.2230,-160.2038,-108.6506
-481.0734,-341.5656,-296.8576,-201.5790,-322.7832,-176.7941,-208.3512,71.1700,-167.5402,8.7453,-270.9966,-236.4193,-233.0968,-29.4541,-114.1099,99.9739,-555.3457,-128.2364,-57.4740
-455.5056,-323.6373,-259.6703,-169.7332,-292.8035,-142.1760,-106.8330,126.6975,-31.6001,85.4302,-231.4273,-215.0804,-197.2764,-17.5339,-68.7321,133.6325,-527.6569,-56.2827,6.4150
-435.9898,-265.7484,-237.6608,-137.5279,-233.1197,-99.6355,-0.0173,149.4284,79.3885,227.1637,-139.3530,-135.6487,-113.3393,23.1914,-9.5486,138.1345,-515.3444,3.7150,0.8231
-397.9753,-208.3549,-193.5072,-101.0898,-133.9503,-69.9531,37.9721,147.1503,163.3299,343.4055,-31.7198,-63.8431,-21.1624,62.6761,81.7834,154.2933,-500.7347,53.1470,-63.1523
-352.1388,-168.6900,-131.6232,-56.3704,-37.0790,-19.4770,46.4511,183.6779,211.9994,386.2749,15.9308,-50.2779,24.1068,80.6481,158.4029,217.8236,-480.7807,104.6287,-72.7152
-318.6508,-118.1581,-95.3455,-20.9683,6.1647,52.8890,79.7565,247.0628,215.9803,381.5606,9.0351,-46.1112,43.4840,100.7757,189.9013,272.4000,-445.5766,147.4271,-17.4151
-261.2188,-42.7295,-73.3418,27.2400,17.7380,109.4447,104.6266,274.0829,185.2416,363.3227,22.5379,3.5735,68.5646,157.7396,181.0195,290.3561,-359.0414,186.3103,3.1023
-162.3660,37.4139,-34.9261,115.4877,30.2161,152.8017,75.2442,265.1672,159.5312,310.9788,85.9655,72.7966,70.1408,232.4999,157.1342,321.5445,-242.9070,220.4768,-21.2642
-103.1152,90.5583,3.7255,184.8898,27.0266,201.4338,43.4289,254.0508,177.9585,240.9070,160.6375,108.1772,48.7660,274.4253,187.9716,366.4124,-181.2941,230.3008,-10.7127
-114.8738,105.8783,38.8106,185.2890,27.6906,229.8901,91.7089,255.1594,221.9608,257.7945,219.8761,109.1708,68.6497,279.8179,289.2145,378.8688,-178.1060,241.1972,51.5577
-93.2703,117.0488,91.1403,182.8958,89.0210,229.1927,187.1429,288.2007,255.7926,358.4392,269.2857,112.3496,139.2186,283.6785,351.2740,371.2201,-147.0877,288.8202,129.6084
0.4063,154.5360,134.8098,227.2968,185.6044,242.7856,238.4030,346.9494,304.3228,401.9916,305.9174,124.1789,199.7147,290.9400,335.8987,371.6585,-71.1365,330.4235,201.9683
70.9995,197.9841,148.4252,263.6301,244.1702,276.6004,254.4142,371.0696,377.9457,376.5605,339.1181,124.6165,233.4309,283.8733,353.4998,358.5727,-11.5007,326.2483,238.3252
102.1833,230.4096,183.1405,271.8567,272.0067,286.0772,286.9026,334.6812,410.1703,383.4315,400.9786,124.8705,277.6317,272.2009,419.2963,320.8738,29.3230,322.4927,229.9411
166.8469,262.8235,258.3544,293.1988,314.5435,274.9877,307.0416,289.8299,388.9342,397.1119,466.2904,147.4822,337.6998,273.8285,429.4911,286.7198,96.0037,340.4120,231.9850
228.6450,273.6906,304.1772,307.7177,352.4185,283.3615,293.5250,284.7852,397.6691,355.7148,466.6996,166.9621,374.1063,279.8513,401.0295,272.9198,175.8585,328.3190,275.3520
208.5845,236.8386,292.3433,280.8877,348.1065,295.6023,306.2850,313.7385,457.1605,312.9938,428.5239,152.7318,364.8065,280.5281,422.0182,281.9329,226.6528,281.6901,313.2924
178.5427,194.6770,285.3840,251.1128,329.3989,273.8121,362.8191,338.3359,503.9109,315.1307,449.5525,134.0667,345.4984,279.4018,464.5443,316.1746,250.2747,251.9143,308.6653
256.9914,196.9653,315.6326,240.7171,353.3101,236.9328,399.3353,321.8202,512.3313,353.2096,534.2415,147.0445,365.4153,267.2584,478.1448,349.1015,273.4932,245.7095,283.1906
404.0009,225.1125,348.1355,227.1086,415.6287,222.9792,396.1622,270.8092,494.6895,411.1331,601.5078,171.1210,407.1282,237.6594,486.2043,335.2283,308.8229,238.9723,275.1269
485.9117,241.5496,362.3835,228.4909,452.4481,228.7325,402.8617,230.4964,469.5746,414.3722,617.6890,172.9343,418.3548,213.3486,496.7106,274.8100,351.6005,230.7058,307.6246
469.5996,238.6347,371.7064,254.0839,447.7402,233.5625,451.0685,223.9287,483.2891,344.5999,605.0593,154.3016,417.4782,206.3357,494.4875,226.1168,381.6494,227.6859,371.3524
432.6622,227.1275,389.8889,252.0339,462.7620,233.7825,514.1567,241.5963,538.5219,344.1731,582.1929,130.6346,454.6609,195.2598,483.0100,231.7544,386.1356,238.7376,427.4944
426.3579,227.6917,422.2386,228.2502,509.7106,238.5764,528.5432,271.2023,562.1173,426.6158,562.5219,111.5646,500.4287,173.8876,455.0769,260.2653,392.0933,266.2343,454.3348
436.9670,244.2827,455.6634,247.7745,515.0356,255.2813,473.0568,295.1912,533.7849,402.9774,554.8322,106.3706,499.8936,160.3626,424.6067,260.6165,432.9257,279.9500,462.8868
458.7142,247.9292,468.2364,281.2054,468.1914,271.6692,428.8364,303.2525,506.4854,289.5459,551.7589,118.5416,472.9331,158.4002,429.3053,248.1973,486.5511,265.8685,471.9688
491.1166,229.5733,469.3590,259.4235,457.0456,264.1989,472.5502,303.5323,498.8276,277.3715,548.0486,138.7562,462.1901,164.0689,439.8047,259.6716,497.4736,262.0952,494.2528
496.8040,217.6167,484.7448,226.6710,509.7242,239.8934,543.4301,280.7274,517.9158,308.1530,547.2117,152.0778,466.8021,174.4981,425.5252,259.2594,458.6106,275.6520,507.6932
474.1336,221.2369,503.5420,245.4946,554.5446,230.5751,533.9427,218.0038,592.8207,238.0276,546.1943,153.1417,470.9073,170.0548,445.8326,202.1735,430.7734,261.5522,469.9773
483.9257,222.7756,501.8950,266.9238,550.0984,234.1868,459.1277,169.5148,694.4493,184.8851,535.3495,150.1940,458.9513,147.3860,501.4947,139.9494,460.7337,219.7622,412.2774
517.7982,206.1671,490.2556,231.2097,521.3369,216.3657,423.1172,186.2487,764.5737,264.7307,506.3828,142.7013,419.5185,136.4451,502.5841,141.8661,508.5990,187.2657,413.6351
504.3208,155.3316,480.0896,164.5617,483.8864,170.1899,454.4302,215.5425,801.0686,354.9396,468.8993,114.4734,380.5426,133.5127,470.3905,181.7129,508.0607,156.2419,453.6387
467.5092,87.3141,462.7091,115.8692,435.1316,125.1985,469.1043,198.5098,792.7468,350.0719,456.6057,75.6119,381.3365,108.8213,482.2538,199.1527,475.6248,114.2816,450.5092
465.8257,70.3747,452.6370,105.2554,401.8653,111.6646,421.7112,161.4990,710.6544,287.8148,479.3166,69.2794,409.8426,90.1545,489.1384,184.9960,478.9410,97.9196,422.3028
450.0417,123.6810,471.6176,130.0565,425.7966,137.1860,402.0935,134.8049,611.7635,212.1103,495.4897,100.0167,434.9228,107.3356,456.0009,151.1526,514.6810,132.2316,434.9478
392.7108,168.7057,493.4112,159.1684,492.5313,171.3043,476.9219,120.2552,565.1090,153.3873,476.4880,116.7868,457.5019,112.1645,457.4097,109.8013,518.1136,186.8137,470.3466
385.9996,155.0613,484.0912,158.2429,528.2345,168.8360,555.3607,140.2342,542.1352,141.3898,445.9139,96.9911,482.9012,84.8079,492.9994,91.6784,476.9984,210.1324,484.0195
447.8317,128.9170,458.4364,134.2240,501.6431,133.0191,562.3250,189.5325,521.0826,167.3215,427.4492,71.9544,501.5587,84.3750,502.6625,104.5331,436.1040,175.3326,476.2099
463.6793,130.4870,433.5283,116.9181,464.6705,106.4329,560.6142,208.0310,524.5526,202.2360,418.0872,62.9239,511.1906,109.0556,519.2421,105.6878,416.9902,117.0136,446.5424
402.5048,136.1842,395.5744,114.3766,448.1381,99.9262,569.9984,177.0767,508.3812,189.6553,411.2780,72.3172,512.9627,98.7184,551.9982,74.0370,411.9806,100.5154,396.0482
350.1579,125.8442,352.0591,116.3249,417.5035,103.0220,521.6756,139.1096,428.2190,82.0156,394.1371,112.9258,498.6405,80.7885,521.2030,46.3098,415.7037,124.6260,360.8936
334.9358,120.4212,331.6494,122.4186,372.8893,123.9858,452.0803,119.6739,352.8949,-28.7760,354.7364,169.3058,464.5387,105.7178,433.6473,45.2356,418.4418,130.8615,365.9930
316.9238,137.1574,326.8828,139.1425,360.2094,145.4178,451.6060,117.7415,336.9012,-23.9066,315.2874,187.6171,424.1403,122.7158,368.2952,47.8073,413.8839,108.2610,388.1289
291.2123,155.4738,311.1679,148.5487,360.7506,125.3746,466.2535,116.7538,332.3797,8.8511,308.5073,165.8401,400.3478,93.7594,333.1239,45.8193,416.5857,84.0100,385.6039
283.4805,147.2743,281.2073,120.4393,313.6103,87.0170,413.1225,83.0024,312.6529,-50.5417,323.3366,160.8275,395.1481,75.4660,326.2941,63.3936,425.8632,57.5295,336.1104
301.5979,118.3456,244.5329,73.2272,238.8713,84.5535,340.6564,31.9935,293.0297,-107.7773,317.0258,166.3377,373.6055,87.0298,352.6117,101.2645,408.4973,34.2208,267.2011
326.3114,90.6327,219.8567,58.2976,209.3083,94.5206,292.4539,29.1285,239.0643,-73.6643,272.8812,117.0487,319.7372,84.0718,331.4893,125.3595,362.7396,39.3703,231.5836
320.7747,65.8244,238.0268,70.5935,230.5818,79.4078,224.7082,60.8989,124.1360,-55.0367,219.2785,33.2871,275.3097,73.3614,221.0219,118.6303,332.4993,60.9541,221.1383
274.9356,45.6964,279.4255,67.7950,245.3891,75.5606,137.5099,45.9291,9.0849,-119.9560,188.2035,5.7875,260.6752,81.1334,120.5224,96.5685,326.1815,73.2211,183.3997
235.9447,50.5301,273.0888,60.7975,226.2412,95.5523,88.3492,-7.4959,-47.3592,-166.9471,174.0163,40.6434,232.5488,77.2961,78.2586,69.9849,307.1714,85.3761,132.1802
237.5907,76.6100,213.5976,74.5042,197.3881,85.9091,82.9166,-24.8758,-66.6271,-127.4645,153.5647,71.4208,178.2720,52.2646,31.0494,31.8986,272.5039,90.9817,122.0205
232.8038,89.0542,168.0779,79.1286,171.0879,52.1337,85.2281,-10.7489,-68.6756,-72.5566,122.3853,82.7139,141.7678,50.3204,-8.1815,-16.0864,245.1829,55.8588,136.8995
166.1411,79.0259,138.8605,54.8024,114.6367,47.4856,81.8227,-20.8135,-5.4336,-75.5128,83.6190,86.6381,125.6377,67.5829,29.5877,-51.6559,200.3669,-7.2394,115.7854
69.9866,62.5987,66.7426,24.3159,13.4575,41.2104,76.0002,-56.7575,139.3998,-86.4911,39.3749,60.5233,86.4554,50.0505,109.9424,-49.3411,100.7524,-52.2943,47.1141
14.8651,29.9182,-34.8511,-17.7747,-77.6455,-19.9600,67.0606,-79.7616,257.1255,-15.3859,3.7270,13.2172,22.3812,2.9165,158.1130,-2.9925,-15.6181,-71.7863,-23.7542
-0.7099,-28.1121,-99.0910,-82.0019,-108.6868,-90.0522,41.0175,-68.5655,236.5442,85.6084,-19.8592,3.4051,-31.9761,-16.8729,163.5396,57.6729,-75.6090,-79.0360,-54.1161
-26.1389,-66.2735,-120.6839,-114.7618,-111.5291,-106.5783,-22.8450,-44.3194,117.8038,79.6930,-42.9724,35.8507,-63.5730,0.8321,126.6068,78.1194,-67.7512,-78.5549,-64.1432
-55.4329,-40.0020,-129.7532,-75.7498,-132.9168,-83.0992,-112.4057,-50.0477,4.2399,-3.3702,-55.0629,57.7590,-79.1703,18.9376,41.4573,40.0300,-34.3627,-83.3598,-114.2763
-56.9725,13.0121,-122.1558,-13.2818,-155.4227,-48.4937,-178.8848,-69.7581,-75.2913,-6.9296,-62.8358,57.3872,-90.8655,23.5106,-50.0149,1.6084,-13.0215,-90.1066,-188.7975
-65.8625,29.2876,-102.5498,19.2339,-149.9714,-14.5216,-189.8443,-32.4708,-116.7818,81.2061,-122.8820,54.0609,-113.2258,24.4684,-90.5794,24.0442,-20.4933,-63.6758,-197.9336
-118.0149,24.9037,-105.1620,25.6314,-137.0429,-3.8970,-160.1249,43.9029,-121.4457,139.2006,-221.1558,36.0840,-143.7334,10.4984,-87.1861,72.3165,-45.6532,-8.6018,-148.7698
-149.7267,50.7811,-129.4234,19.9835,-144.2126,-18.6048,-140.8900,55.5429,-163.3400,110.3057,-240.1894,-2.4307,-164.8734,-34.0958,-110.9870,60.8670,-52.0780,16.4323,-152.7602
-91.2276,84.9037,-144.2519,9.0559,-161.2221,-27.0387,-173.3052,4.1852,-280.9143,23.7920,-152.1423,-37.9060,-171.3271,-88.7516,-206.8003,-20.2284,-30.0892,2.3130,-223.3738
7.8236,78.6953,-145.3918,8.5165,-172.3914,-14.7891,-232.0393,-10.4385,-376.8083,-60.1271,-69.2429,-77.3941,-173.1170,-127.5603,-324.7473,-108.9166,-17.9003,12.8204,-260.8329
52.4215,58.2612,-141.3612,23.0339,-187.0506,12.9627,-257.3054,14.0164,-397.2239,-79.7709,-56.0006,-143.0199,-183.9500,-155.5050,-391.3954,-171.0405,-36.7068,64.4915,-242.5205
29.5501,68.4477,-133.0082,37.4715,-211.8716,46.1910,-248.0377,6.2821,-415.9465,-45.3269,-84.5619,-190.6100,-212.3282,-170.9934,-405.8619,-206.0020,-65.3471,79.6889,-241.8222
-12.2355,85.6721,-139.1685,36.6782,-232.9688,49.7314,-254.4050,-22.0378,-443.7069,-22.6540,-136.6737,-160.2319,-248.0573,-152.1422,-392.7338,-201.1355,-98.2735,13.8233,-281.2114
-44.3651,76.5254,-173.6008,20.9170,-243.9870,10.0281,-296.0471,-29.2313,-426.9712,-28.5788,-186.9680,-88.9966,-270.7931,-107.4565,-355.9483,-170.3285,-149.2114,-51.4500,-315.1081
-67.8645,57.4627,-201.9167,14.8632,-252.9687,-13.7690,-353.4035,-41.9211,-425.9759,-48.5075,-193.5625,-57.7502,-278.1641,-69.2661,-342.2519,-171.7234,-197.4644,-26.1804,-325.4829
-79.9654,47.0556,-191.8479,37.8218,-252.3856,15.6507,-403.3196,-74.3241,-510.1158,-84.0190,-181.8107,-66.4039,-281.1546,-40.6317,-403.6311,-210.4401,-210.6202,41.9308,-333.2548
-77.9014,42.3687,-167.6264,61.2057,-233.2881,45.6666,-428.4144,-85.3714,-592.4000,-119.1498,-200.6255,-69.2177,-282.5071,-12.1101,-481.1510,-212.0086,-206.3381,51.9622,-343.2927
-85.5208,43.8916,-163.0984,57.6316,-227.1824,44.7565,-427.4126,-70.9313,-589.4582,-156.5145,-226.2754,-67.9058,-283.3596,9.0068,-487.6269,-152.3419,-221.3685,16.9280,-334.3618
-121.9205,48.9853,-178.9879,59.4814,-263.7474,56.7974,-411.8676,-66.2876,-554.8832,-235.0945,-230.1067,-74.1738,-291.0928,23.5355,-449.1870,-107.7934,-245.4068,20.3034,-291.1523
-159.7357,55.3096,-200.2893,88.2932,-300.5997,93.8776,-384.2045,-66.7973,-533.6426,-311.9562,-237.1593,-63.4126,-309.3468,34.4799,-429.8685,-129.5282,-246.5076,72.5351,-228.7497
-177.8419,74.9456,-205.6435,105.5967,-276.5096,113.6446,-348.4329,-51.4274,-491.9605,-288.6636,-251.2842,-33.8559,-332.3592,25.8652,-427.2956,-172.7407,-231.0318,118.9304,-183.6717
-203.6717,97.2277,-185.3767,97.0300,-215.1916,107.2223,-320.3336,-36.4312,-420.3789,-183.6283,-248.2953,-18.7021,-347.7010,2.9821,-422.7838,-179.2242,-228.5172,122.4941,-177.1634
-241.6820,89.5609,-168.6161,93.2501,-196.6523,93.0029,-307.3581,-41.3079,-348.7983,-84.3518,-242.7826,-12.4661,-349.8895,0.1339,-420.5916,-142.3898,-239.9726,85.1218,-193.9707
-248.6651,69.4546,-179.6220,95.1102,-237.1661,70.7829,-310.4213,-58.0171,-297.4883,-8.3675,-257.5387,19.5665,-349.8361,21.9385,-424.8707,-84.9739,-240.2600,48.8003,-210.1659
-218.9349,82.3002,-187.8131,90.7567,-273.5299,56.1550,-329.6137,-74.4832,-292.1555,38.9091,-272.8651,71.5097,-349.7810,48.9138,-440.8054,-40.1981,-224.0555,59.3518,-229.2403
-190.2026,108.6461,-166.4433,97.8269,-271.9246,75.7699,-343.2538,-82.4944,-342.5137,27.1164,-266.6521,114.8796,-329.0424,79.1185,-448.0336,-38.5983,-214.4894,93.4920,-257.2829
-174.1591,103.1649,-146.9367,112.8725,-266.9228,104.3660,-322.7604,-72.0852,-382.4106,-16.2284,-255.7621,141.7359,-284.4048,100.5850,-385.0717,-65.1946,-220.8553,100.7469,-264.8960
-169.1587,87.3396,-153.9710,111.4920,-266.2653,103.7201,-276.0451,-45.6283,-333.5843,-36.2750,-268.7259,150.5477,-244.4916,89.7555,-252.6183,-64.7178,-216.9007,95.6574,-232.2627
-175.9209,102.0824,-158.2134,109.3616,-226.7744,95.6226,-242.5742,-17.8121,-230.1992,-21.5821,-287.9511,150.7293,-221.6913,71.0427,-158.0072,-17.9031,-175.7311,93.4214,-199.8579
-161.9417,127.6861,-132.9400,123.0767,-164.6780,104.6836,-253.8572,3.9426,-181.1626,25.5742,-251.6519,173.0990,-202.1210,89.9705,-162.3820,38.1781,-112.9912,49.6178,-208.1971
-107.9349,129.9593,-96.8413,128.5031,-148.5060,102.3167,-291.5974,21.9121,-208.6859,76.3512,-154.6757,218.3522,-181.4417,135.0605,-193.1451,76.6868,-73.0441,-23.1233,-228.9630
-67.6457,120.6636,-86.4482,120.7551,-158.5203,77.9982,-285.5241,41.7414,-233.3133,67.7381,-82.8789,237.6915,-158.4900,161.1725,-174.6801,107.0456,-69.6770,-39.1023,-213.7254
-93.1502,110.3621,-113.1278,109.8526,-131.7246,62.8628,-215.9575,73.1412,-229.7894,13.8464,-82.0969,199.9772,-125.1019,149.2621,-127.5393,135.2145,-72.8210,-7.0428,-164.7789
-152.1967,69.5984,-149.6709,67.3451,-116.0238,51.1120,-168.5116,113.9139,-253.7682,-5.0440,-99.2551,128.9727,-98.6474,108.0363,-97.1609,153.4756,-68.5699,-9.6516,-120.2040
-168.9056,0.0545,-163.8413,-2.8068,-169.1882,17.9315,-186.0600,129.2277,-293.1645,-3.7445,-96.0047,69.1580,-106.3946,66.1081,-84.9276,158.1057,-83.5458,-24.5518,-106.5693
-117.6947,-30.9975,-154.3132,-24.7853,-201.3047,-0.6560,-188.1933,89.6499,-268.4082,-52.6457,-84.0054,46.9519,-119.5581,51.6312,-77.6914,144.5690,-119.4382,15.6514,-110.8213
-65.8789,-3.1643,-133.4913,20.1754,-127.4356,29.3034,-127.9143,38.1081,-191.9284,-107.6470,-61.7050,47.5421,-81.3215,49.0929,-76.6190,114.4035,-129.5405,62.4782,-86.3276
-87.1640,3.6546,-108.1250,49.4239,-30.3008,52.6906,-55.7371,48.3518,-145.4731,-78.3398,-45.3671,30.1930,-12.4226,21.2612,-73.2730,91.2343,-99.0845,39.7225,-16.9334
-136.9716,-49.2664,-96.0009,11.9977,-7.1625,13.0375,-0.8315,101.8272,-120.3777,-0.7948,-75.5330,-10.9021,7.0323,-26.9759,-38.3126,87.9028,-69.1501,-26.6635,43.7374
-128.9823,-89.2024,-103.5258,-50.5874,-26.1357,-51.1829,34.4493,105.8861,-57.3357,18.2235,-115.6577,-37.2834,-22.8041,-61.0456,36.1043,78.8051,-54.7520,-78.7773,39.8138
-87.3801,-72.4113,-89.3663,-75.6833,-26.8793,-74.3181,20.3519,41.9428,8.1506,-40.0959,-91.7368,-32.2808,-19.1071,-67.5777,102.4491,42.6003,-25.7536,-92.3066,-15.0067
-57.7031,-46.6500,-24.0157,-46.6879,-0.9745,-48.4079,-26.6961,-25.7054,4.7567,-110.8513,-34.2713,-24.2305,27.7465,-58.6538,108.5435,-5.4713,22.0575,-55.9029,-59.4452
-5.1236,-46.9523,51.9414,-13.7606,46.8516,-15.3205,-33.7026,-66.0091,-30.4849,-143.8675,-15.1044,-37.7199,46.2726,-54.4174,75.3148,-39.2664,53.7216,-10.6758,-47.5984
55.4549,-68.9473,92.6673,-33.7272,101.7401,-26.6520,15.5562,-83.2922,-6.4415,-126.8084,-9.2669,-58.4740,42.5571,-60.6882,70.8812,-40.7643,56.5633,-38.2184,9.4806
59.1439,-106.6796,107.9947,-76.8822,138.9594,-83.9241,75.5402,-73.7325,69.4681,-73.8616,37.8259,-53.5740,86.4214,-57.7574,110.4476,-13.9860,65.9768,-113.9120,57.2839
62.2593,-120.3476,127.3615,-77.7134,165.2437,-115.9250,117.1098,-68.7807,113.6649,-39.7633,105.1609,-21.1841,157.1564,-41.6739,147.3770,-3.7288,121.8840,-114.9926,75.9493
142.8266,-70.8258,160.8895,-49.7536,197.4306,-82.2101,148.2901,-103.7947,118.8219,-61.7663,147.6380,0.4221,189.1484,-41.8992,161.9718,-40.6147,209.2964,-34.2320,109.3736
224.8891,-16.2139,194.9663,-39.4272,216.2441,-42.9123,202.4700,-127.9729,160.7180,-72.6054,156.9556,-10.0317,196.0175,-61.6275,182.3942,-72.4065,259.0532,0.9893,173.1817
227.7893,-36.0253,197.5936,-45.4586,201.9227,-47.1947,276.5230,-94.1169,261.2858,3.0575,144.5017,-34.2582,197.7680,-70.3954,222.3621,-39.9042,234.8383,-45.8268,211.1355
186.6658,-98.2308,157.5100,-62.8453,171.8738,-59.2300,298.5264,-62.5299,373.5140,101.9493,132.3201,-60.8393,167.5436,-67.5286,275.1568,14.5138,188.6329,-74.5436,192.3329
131.1036,-125.5972,114.4009,-88.2834,147.1006,-54.0899,258.5033,-77.7644,477.2283,130.0667,142.4830,-87.7658,130.5009,-69.0824,340.7003,15.2392,186.1893,-41.2585,162.5646
92.8651,-107.3063,110.9853,-79.5584,132.6830,-53.8212,249.5462,-93.8853,566.6592,114.0435,166.5557,-94.1548,138.7935,-64.2117,393.4559,-25.7410,221.8549,-10.2841,166.6835
151.1223,-73.7316,142.3361,-34.1832,139.2717,-53.8519,283.3936,-99.1496,607.4542,94.2395,183.0571,-75.6789,168.7139,-52.8989,392.8219,-50.1074,244.6601,-14.8058,191.8992
262.6088,-51.6608,173.6671,-21.2833,174.1733,-39.4523,289.4874,-124.1202,598.5863,37.3843,196.9141,-55.8485,194.8523,-53.1160,365.3729,-56.7488,229.6444,-25.8761,204.3874
274.3368,-51.8204,177.8246,-48.9460,216.6064,-37.4390,299.5093,-137.7382,572.6494,-36.0504,216.5704,-37.8980,241.9328,-50.1654,367.7104,-80.9160,200.3878,-38.4726,201.4427
189.4156,-54.1592,163.9408,-56.6175,239.2328,-62.6609,353.9309,-107.6221,512.7820,-42.0183,219.1632,-26.7876,283.3793,-33.3883,371.9663,-107.6941,190.2121,-61.1767,208.8787
134.8760,-47.0594,168.0783,-53.4398,244.0947,-86.6016,364.6561,-70.1798,409.7663,2.1033,189.9082,-54.7544,274.3863,-39.1652,330.5599,-85.8498,191.2049,-65.9804,234.2269
124.8450,-59.8114,188.9961,-83.3858,246.4768,-95.7240,312.8355,-42.0694,339.4802,-9.1428,165.4244,-108.2838,262.1499,-74.7066,297.2128,-26.8908,170.6740,-39.4035,255.0999
106.1497,-97.3515,186.3154,-113.9747,241.6151,-99.6124,317.3185,2.9594,341.8025,-84.8871,182.7897,-134.5306,290.0395,-95.4215,327.7724,-3.5621,135.1294,-17.5807,270.6100
93.1437,-114.5036,165.8096,-106.5823,230.1062,-93.4027,390.0240,61.1473,349.3574,-103.4630,219.2460,-139.4585,318.6298,-93.2548,362.8364,-23.1598,124.0216,-22.5923,306.3653
107.9435,-90.0714,172.1082,-85.9132,242.9902,-76.5585,432.9029,107.4250,323.9902,7.3267,235.0940,-140.4207,335.4948,-87.8899,344.5456,-17.8020,149.9277,-41.9830,341.0535
130.2888,-47.8906,194.9361,-70.9946,283.6039,-69.5704,431.5685,115.9432,306.1187,129.0761,234.4113,-95.6341,360.6897,-61.8334,321.4659,13.5153,191.4427,-72.9240,315.5136
136.4262,-24.2926,190.4902,-64.0371,296.1331,-82.2197,408.8008,66.3764,316.6491,112.7113,236.5768,-19.3125,359.1006,-15.8318,341.3511,17.5969,207.9390,-113.0878,241.7219
113.8998,-55.7135,166.1675,-89.4463,252.6657,-105.2096,364.6776,14.6624,344.7121,40.5107,235.0403,-6.5846,314.4057,1.2624,366.0171,34.4153,159.6768,-145.7582,202.1149
79.4169,-124.7434,152.3999,-138.9544,205.3569,-128.6451,356.0506,42.7031,377.3142,87.2140,217.5618,-54.3973,281.7089,-12.8766,352.9047,118.2063,79.2077,-174.6293,218.6933
62.2272,-145.7028,146.0765,-157.0168,201.5118,-144.9610,402.6361,93.3155,375.4737,178.6621,188.2148,-65.5354,276.7230,-11.4886,324.0545,175.2133,59.1021,-207.7242,222.3717
52.3938,-98.7248,132.8264,-133.1353,216.6939,-149.3844,399.1118,62.1685,317.7796,131.1721,162.3645,-36.8741,262.4853,3.3475,313.0385,118.9467,106.5192,-216.4904,180.5203
53.5988,-74.8889,114.0026,-110.5777,207.8085,-140.7877,314.9779,3.7983,248.0374,13.2479,154.3754,-36.1059,239.7429,-0.0446,299.0919,53.9233,133.0730,-183.8042,155.9378
104.0433,-111.8633,103.2821,-108.7411,175.3697,-121.8763,259.6140,11.3340,192.9122,1.4449,153.8599,-60.8325,224.0794,-15.7861,242.8892,78.7498,108.4148,-141.0673,191.5301
154.1406,-143.9055,106.0646,-118.8232,147.6143,-109.9626,261.7556,44.5965,136.6524,62.8338,134.6552,-80.0367,206.4961,-33.4353,174.5147,108.5778,66.2748,-111.6782,231.9825
110.0462,-145.7328,93.3590,-137.4137,131.1076,-122.6103,251.5940,56.3476,111.0683,79.7287,99.6397,-102.5325,186.8728,-57.0182,169.7851,73.5925,3.2259,-92.6550,216.3556
20.1428,-150.8526,43.9888,-155.7790,106.2335,-142.4817,225.5063,64.6071,145.6830,55.1503,65.5923,-117.8475,166.7774,-70.4127,221.2370,44.9720,-72.5996,-84.9538,160.4462
-11.7754,-151.3365,1.9530,-154.6855,73.3248,-139.9467,209.4271,41.9199,158.0732,18.1648,27.4908,-91.9727,141.4151,-64.8087,233.7668,49.4426,-98.6011,-72.5011,108.4882
-10.6038,-128.9016,0.4923,-129.7446,52.3663,-122.6464,178.9527,-28.7407,75.2729,-44.8300,-5.1003,-44.9255,124.4016,-62.6327,171.3736,16.1367,-71.3895,-35.4419,85.4209
-30.5216,-114.0445,-12.2024,-105.1394,30.0512,-113.9817,135.6814,-61.5106,-20.3201,-107.0338,-12.4911,-26.7404,110.0827,-64.2077,94.2044,-48.9536,-60.5615,-8.2933,96.0396
-48.7092,-118.5650,-64.3874,-107.2507,-13.8612,-108.9712,116.5604,-17.0809,-37.7900,-116.6127,-32.7385,-32.0304,65.8797,-51.3436,35.2262,-64.3589,-80.1113,-18.2507,101.1291
-55.9452,-107.3574,-95.3872,-117.5354,-48.9915,-88.5092,100.7612,22.1254,-47.1633,-77.7986,-104.0002,-20.3561,5.4241,-43.4914,-46.1963,-33.3400,-87.0424,-13.7121,50.0817
-68.6927,-73.7208,-86.4047,-92.1511,-59.0287,-50.9571,36.0010,14.5116,-139.3078,-31.4745,-172.6195,4.7537,-40.1935,-56.7157,-165.4299,-25.4753,-75.7585,28.4614,-28.4782
-86.1807,-44.7883,-97.3598,-43.4684,-90.9377,-17.9932,-62.8386,3.7172,-250.4043,4.8673,-187.8728,7.2517,-86.1465,-59.0747,-261.2659,-48.7831,-73.9246,44.3890,-72.2757
-129.3150,-24.6838,-138.2072,-20.2860,-150.9460,-11.3265,-131.9056,10.5348,-282.5011,33.5646,-182.7887,-12.9965,-126.3974,-40.1319,-286.9552,-61.1063,-91.6622,20.0063,-94.4713
-184.7730,-10.8621,-167.0251,-13.6455,-180.7794,-15.3302,-156.4558,28.6560,-274.2316,30.9822,-178.3728,-33.6183,-133.8014,-35.9614,-283.3765,-51.7654,-116.8088,17.3857,-129.9784
-169.8856,-21.5705,-192.1618,2.7769,-192.5414,-1.4665,-181.8952,52.9112,-301.4091,-33.7193,-165.1924,-62.1623,-155.1267,-51.4525,-297.0371,-38.6770,-138.0988,33.0270,-159.7693
-109.9442,-54.3356,-245.2620,-5.3379,-258.8552,6.3756,-215.3644,52.4790,-325.9907,-115.2493,-176.5308,-99.3931,-225.6239,-56.5961,-297.7743,-26.1199,-170.7074,9.9365,-175.7653
-138.0720,-73.0804,-307.1440,-48.4895,-362.9560,-24.7087,-206.0116,10.2632,-290.6304,-129.0885,-225.7372,-102.7138,-281.8910,-50.8130,-267.7567,-6.7023,-230.8523,-39.6609,-205.6236
-234.0247,-60.2884,-343.4483,-61.9321,-424.3921,-53.6797,-164.0993,-33.1840,-244.8168,-83.4718,-264.3372,-58.2449,-308.0242,-51.1229,-268.9451,12.6652,-286.8371,-69.0748,-249.3065
-277.7034,-38.3927,-362.1280,-34.8892,-432.5895,-41.6818,-173.6237,-40.7585,-253.3698,-44.2052,-287.9085,-15.7626,-362.3287,-57.5166,-320.2682,15.8684,-315.9450,-76.5809,-294.3341
-311.4466,-40.4111,-389.0454,-39.7429,-432.4523,-39.5395,-253.0297,-19.3352,-302.5765,-23.0106,-328.4903,-7.6415,-417.4116,-68.3381,-351.7311,12.2877,-361.2940,-73.9311,-347.0309
-400.0150,-69.3647,-412.5132,-83.6458,-443.4337,-81.1037,-346.0871,10.3257,-369.9886,-19.6135,-359.0868,-11.1598,-425.0683,-75.7754,-355.3324,34.4430,-425.6218,-70.5850,-398.1989
-423.7303,-73.9999,-393.7361,-93.9898,-458.4696,-106.9016,-433.1021,20.7638,-461.5528,-43.0252,-363.2078,4.5647,-439.3974,-57.6463,-402.0236,77.6114,-429.5762,-90.1497,-441.5658
-322.0967,-10.1078,-347.7572,-54.4631,-470.1418,-83.4496,-517.9611,-9.3072,-554.6211,-52.8949,-385.6887,44.4607,-474.8012,-20.2745,-488.8499,81.9890,-365.6996,-124.7178,-493.8335
-257.7285,62.2363,-347.2898,-17.0280,-481.5017,-56.7540,-574.8495,-61.7331,-600.9085,-44.3693,-424.5661,73.1253,-466.9146,-1.8495,-548.2827,17.1684,-325.5613,-131.4229,-536.7602
-325.7738,50.6338,-400.1859,-7.8227,-504.8206,-49.3566,-596.6711,-105.1840,-574.4760,-91.3846,-439.2688,49.1121,-446.5302,-12.3372,-563.8843,-59.4557,-341.1647,-112.3727,-548.3481
-407.2626,-7.8912,-429.3708,-14.0356,-534.9758,-40.7196,-606.7912,-129.6482,-486.0040,-168.9104,-444.5371,3.8061,-474.8064,-31.1896,-546.6628,-81.1411,-367.2122,-108.7622,-573.0414
-411.1541,-15.4578,-410.8584,-26.8693,-550.1307,-35.0265,-612.0450,-124.8140,-390.7121,-152.9478,-446.3547,-2.6776,-496.3879,-51.5335,-500.7610,-60.1552,-384.6234,-120.6928,-622.9356
-388.6433,8.1989,-398.1447,-44.6165,-552.4429,-44.6348,-614.8256,-83.8197,-346.5314,-44.5799,-416.6812,4.6979,-489.6243,-69.0095,-464.3890,-38.7506,-396.4155,-119.9104,-619.0129
-390.4008,-2.9445,-415.9998,-55.8421,-558.7083,-54.2011,-611.9891,-28.7152,-337.2637,55.3691,-404.4135,-20.9633,-530.2516,-66.3482,-466.3448,-13.1424,-397.0339,-107.0512,-539.1552
-412.8942,-19.0454,-450.2461,-49.5604,-563.0540,-52.7127,-571.0989,17.0469,-328.6002,105.5035,-471.8719,-48.2224,-589.9580,-48.3512,-480.8573,20.0544,-392.4374,-96.5026,-459.5076
-447.1989,-2.8307,-484.4234,-35.9075,-554.1269,-42.3287,-498.0059,42.6815,-361.3670,78.3622,-543.9730,-48.9132,-568.4779,-39.9091,-500.7550,15.0124,-378.9359,-87.5495,-420.0456
-464.8312,11.2489,-480.0079,-29.7414,-531.2068,-19.6779,-463.8232,29.4803,-457.3034,-39.5514,-521.2053,-42.0410,-502.7152,-36.3046,-538.7978,-41.7684,-343.1510,-74.8888,-408.1387
-431.9204,14.4492,-418.8257,-21.1175,-487.4714,3.8661,-484.1263,-12.1197,-534.8652,-151.6793,-442.9874,-13.6993,-475.9783,-11.8584,-558.8572,-86.1687,-311.2573,-56.4652,-406.5414
-376.5039,33.9076,-356.1673,-0.6991,-421.1387,8.4988,-481.0719,-23.6389,-537.4752,-171.2048,-395.1993,44.8953,-453.0125,26.3817,-542.8632,-85.2839,-309.8204,-34.7316,-372.4960
-348.2561,52.5859,-326.7751,13.8862,-346.1615,9.7451,-413.4767,7.7442,-503.8253,-141.5055,-387.0807,81.9909,-384.9050,46.4123,-533.0821,-84.8417,-314.3567,-21.2801,-301.6768
-331.6088,56.5441,-288.5777,20.0430,-268.9622,27.3634,-335.5113,18.4400,-463.0118,-110.4092,-382.5399,88.5382,-305.4995,43.6396,-515.4837,-98.7264,-310.2967,-23.9711,-275.1929
-298.0453,68.0979,-232.7995,33.6494,-197.8418,30.5835,-311.3234,-15.3466,-420.8612,-77.1343,-347.7848,102.5037,-252.9783,37.1462,-435.3282,-81.7227,-314.2265,-35.7411,-315.7817
-280.8130,68.7686,-206.1227,31.3658,-166.1676,-4.2159,-344.8683,-46.2169,-411.7665,-66.6995,-276.3629,92.9865,-231.5217,23.4238,-343.3999,-37.9324,-312.7444,-47.9079,-348.2886
-296.6360,31.9778,-208.4521,-6.8747,-189.5445,-31.2368,-393.0259,-62.3076,-425.9476,-81.0915,-209.6559,35.7993,-231.9004,-12.9470,-320.2761,-22.9010,-283.9685,-53.6704,-354.6573
-285.7573,1.4211,-207.9814,-29.5986,-228.2582,-13.6785,-415.0296,-92.6271,-402.4359,-83.5209,-186.3748,1.2435,-228.8266,-50.2314,-326.4193,-42.0289,-243.3851,-37.8489,-357.9388
-218.0752,4.7234,-207.5930,-5.9963,-232.0022,10.1405,-393.1319,-110.9436,-358.4737,-88.7414,-187.6978,10.1641,-205.8598,-49.9350,-299.0815,-57.4559,-201.0926,6.4825,-306.3622
-158.9002,-0.3728,-199.9161,10.3584,-187.1033,10.8578,-316.6892,-66.3382,-346.8992,-108.9526,-180.2939,-0.7814,-170.5002,-17.3103,-253.6871,-58.5601,-154.4683,56.1842,-172.0854
-165.7538,-21.7571,-152.3556,1.8871,-111.8986,20.2423,-202.1210,12.5649,-310.9588,-94.8801,-167.2238,-19.7056,-126.8279,12.6483,-198.8953,-53.4851,-123.7906,83.6122,-32.2416
-195.7311,-19.0666,-80.8123,17.7656,-36.4428,48.5105,-110.3241,55.4079,-188.7087,-57.7456,-156.6267,-0.9379,-86.4350,26.9672,-125.6506,-47.4414,-106.9865,97.3202,56.4259
-161.3613,9.0885,-33.0884,50.8348,17.9122,64.1539,-72.8187,53.3826,-70.6804,-72.5578,-120.3423,4.5062,-73.1549,28.2789,-77.2819,-54.6085,-64.1169,121.0069,97.3306
-53.0516,36.4429,-8.0831,56.8806,48.9612,72.7408,-57.5828,42.3336,-61.6782,-127.4244,-27.4140,-36.1223,-72.7117,15.3213,-82.2458,-75.6452,2.6280,136.0247,87.2616
39.7776,46.7906,24.0977,54.2526,66.6118,94.6153,-52.0746,34.7164,-110.6061,-149.7835,84.9826,-55.9757,-49.8788,-1.8643,-96.3805,-81.8960,49.8308,101.7858,54.6285
55.8052,26.9645,66.2846,62.8906,87.4253,97.2310,-69.9640,23.9857,-121.9581,-126.5775,135.4322,-41.6903,-14.7915,-5.8531,-89.9740,-61.5829,69.6443,41.2589,61.6274
44.6880,-0.5170,104.8827,58.4037,122.6627,65.9071,-75.7566,9.2075,-98.1342,-92.9328,121.0871,-59.9435,7.9757,6.0043,-73.2685,-38.1301,89.0453,26.6798,104.8525
67.4360,11.0954,132.2034,54.7834,157.9460,56.2042,-36.5479,-7.3687,-77.9811,-79.2298,123.3961,-101.7556,26.9581,25.2947,-41.4020,-28.2505,132.2672,63.1525,131.5738
117.9272,49.3878,152.2686,81.2126,172.7970,86.5826,1.9441,-16.3287,-59.7073,-78.8358,169.1631,-92.7424,49.3346,41.9317,-1.6035,-25.9392,204.7742,84.4539,127.6385
187.0165,73.0826,184.9588,101.4390,182.1770,104.5721,3.4705,-8.9948,-38.5483,-56.1741,218.1960,-31.1420,71.9021,51.2582,20.0170,-20.7765,271.5586,75.6072,116.4003
261.4120,88.0212,241.1161,92.1386,216.9521,97.9489,10.2678,-2.0524,-31.2094,-30.4844,270.7671,17.2863,107.3471,61.3191,41.4796,-11.3329,293.1747,79.8982,140.2724
280.6724,93.8441,291.3982,91.9861,274.8770,98.9923,60.9271,-16.1323,-33.1836,-46.7376,336.6779,15.3206,160.2088,68.7609,79.5815,-15.2142,293.4957,89.1745,228.0365
245.8956,66.6305,298.5742,97.8538,329.1747,98.4237,141.6082,-39.8790,-4.7222,-53.7782,364.5611,-22.4790,212.1586,50.7123,90.9191,-51.6056,305.5019,63.1267,323.7530
251.4369,37.3986,276.3126,71.6347,362.0762,75.8986,222.2674,-59.3096,81.6345,-15.2044,331.6251,-60.4241,246.9934,15.7361,75.1482,-104.7733,302.3662,28.4259,350.6342
302.5725,39.1124,271.9524,39.2146,366.7988,47.1202,271.3148,-87.8907,204.1421,-25.8239,302.0371,-69.3466,254.4469,-3.3436,106.4137,-138.4781,276.3565,20.5132,337.6873
310.7043,20.6889,295.9877,22.7896,342.6702,11.5234,271.3309,-127.6099,316.0709,-88.8494,318.9041,-49.9916,241.2920,-22.7659,184.4606,-136.8032,272.6905,-9.2237,337.1692
294.0489,-43.5919,312.2428,-24.3755,303.7922,-48.6618,246.0590,-148.3978,401.3377,-50.8876,348.3941,-33.4452,242.6278,-69.6535,238.8947,-108.0986,286.7193,-92.4852,316.3459
329.1285,-82.1039,301.3072,-96.5338,279.4619,-106.9015,231.5376,-137.8592,485.1328,78.7018,355.5844,-40.0382,267.8971,-103.8389,286.0041,-82.5982,272.3686,-147.6145,261.9083
371.1279,-61.5051,290.7101,-113.6548,288.9384,-122.9631,233.1561,-125.9752,571.6369,121.5610,352.9938,-49.7775,282.4363,-92.3960,371.8803,-93.2807,252.3213,-112.0496,229.6569
360.3788,-37.0354,304.9008,-75.5135,315.3411,-102.0472,238.1786,-137.0634,602.9553,65.0559,372.7559,-41.6273,282.1566,-72.9131,432.7605,-116.9436,279.9372,-52.0341,230.2025
355.1457,-36.0789,328.4672,-55.2651,327.1985,-71.5798,242.3788,-154.0688,529.6117,23.8084,413.6429,-31.2278,293.0477,-63.0918,407.0623,-98.9403,340.9796,-36.4959,232.4377
383.1047,-37.1256,338.0304,-56.2354,323.9533,-49.6732,247.1079,-151.5173,402.6958,-2.1370,427.1036,-30.9797,300.2284,-38.5301,357.0246,-54.7033,390.7733,-37.4170,247.0836
362.0218,-41.1943,328.4388,-42.4832,321.4419,-44.3523,247.7681,-131.6958,329.8140,-43.6943,388.2052,-28.3972,284.2612,-12.2029,345.3403,-31.7169,402.5469,-28.3710,274.1192
272.4947,-61.6540,296.1936,-41.9334,303.0486,-52.9164,242.5101,-105.7062,341.6569,-58.7847,335.4390,-27.5602,272.4290,-2.5717,354.4947,-7.5923,345.0321,-39.9578,268.4805
210.0579,-87.9877,233.7494,-84.2456,246.1686,-74.6810,249.0899,-77.6709,368.5902,-46.2621,295.7313,-34.0597,278.2752,11.6858,374.4777,34.7037,223.5262,-71.8692,229.3264
208.3210,-105.9161,155.1149,-123.4542,185.2301,-104.8501,272.7101,-64.2067,346.5275,-41.9047,254.3234,-25.0184,279.0489,18.0527,392.6335,40.4255,121.4118,-77.9833,200.7763
185.2959,-112.8969,104.2470,-114.9803,179.0250,-112.6108,266.8736,-71.1010,281.9518,-18.9659,213.8628,-11.9842,271.0418,-20.3934,338.5131,12.9446,96.1167,-57.4494,185.6373
111.8372,-112.6336,111.1513,-91.5917,221.7618,-96.0583,207.3969,-60.9074,218.3226,43.8920,185.4097,-40.6857,262.7840,-69.2838,209.4970,30.8775,98.2303,-60.0173,164.1485
66.0714,-118.5768,146.9462,-106.3560,245.2669,-117.4390,160.5448,-24.7019,188.7642,92.8201,155.9186,-86.6982,250.1043,-78.9765,135.7491,73.2497,73.4059,-102.8049,147.5487
68.6039,-140.8990,157.9672,-153.9254,214.9488,-185.6692,173.3243,-24.2796,195.2913,79.1444,126.7387,-94.9386,241.6297,-72.4728,177.9609,47.8851,46.5426,-147.2404,145.7892
52.4594,-162.3829,142.7722,-185.9564,174.8952,-210.7055,193.8796,-72.5286,204.6439,16.8051,99.6047,-92.3415,241.8286,-75.6355,224.1776,-24.9217,44.4018,-151.3162,139.8073
35.1580,-153.1745,145.5938,-173.9735,175.0463,-162.3248,187.0296,-95.8124,177.0314,-57.1649,43.1474,-106.8235,222.9639,-71.8548,187.4203,-74.0539,51.6543,-115.8610,117.7468
86.5535,-108.2560,174.9220,-125.4401,200.6766,-112.9894,182.1176,-83.9453,114.8430,-123.4079,-22.7701,-87.9074,175.2733,-59.1698,122.9933,-120.7862,78.1792,-76.1347,97.2198
139.5106,-50.1926,193.1369,-61.4574,208.0022,-87.6127,171.5885,-101.0421,62.9244,-173.4690,-26.1527,-26.5698,125.0202,-47.6553,90.9539,-187.0746,143.0918,-50.5687,94.0906
106.6447,-2.3383,180.7382,-10.8261,184.7225,-55.0424,125.8589,-131.8116,50.6606,-185.2587,3.2909,8.8829,84.4195,-34.9149,74.4138,-214.6331,195.3350,-24.6793,95.4439
75.6763,20.6410,151.5455,3.1017,148.7612,-33.7535,74.5216,-115.2926,55.7575,-147.2080,-26.7241,-0.0271,55.4329,-32.9641,56.6536,-181.4134,174.8897,4.2539,82.8989
124.2841,13.3535,119.5698,-4.7190,119.1782,-41.9063,42.5225,-83.5659,41.8928,-97.7565,-84.9841,-12.3430,44.5553,-46.0034,44.3265,-144.9529,114.5175,18.4061,59.8227
160.7152,-3.9270,88.3595,-1.7694,90.2510,-35.4157,9.1503,-95.6953,14.1077,-80.3972,-91.1341,-12.9216,28.6749,-48.4217,28.8898,-138.5862,78.1240,23.6229,30.8515
128.2910,-1.3818,60.0875,6.5241,33.6145,-1.8353,-14.9355,-128.9391,-0.6775,-86.1359,-81.0724,-16.1548,-19.7023,-48.5076,6.1042,-140.8580,67.8174,35.6869,-10.2103
89.3944,11.3407,41.0674,-2.9800,-41.4602,5.9916,-11.8946,-136.1951,-14.0413,-78.9874,-106.8403,-39.4009,-80.6785,-82.0388,-15.8538,-127.9273,60.7921,34.0483,-49.4611
69.1557,6.5979,35.4467,-22.7228,-78.5035,-31.2271,-22.2457,-111.9258,-54.0949,-37.4408,-132.8198,-69.7514,-130.0991,-125.4020,-48.9938,-99.8852,50.8005,0.5957,-69.0183
52.8052,2.7345,28.6270,-36.6188,-76.9990,-72.5125,-56.8233,-85.0279,-95.3213,11.0313,-144.0505,-48.0764,-170.5374,-131.9101,-91.8879,-85.2629,29.4706,-32.7676,-95.6016
36.2617,32.1445,0.0562,-36.4543,-97.1478,-76.8193,-59.1490,-99.0246,-93.8283,-5.4879,-167.2306,25.4973,-187.4905,-117.4419,-101.2752,-109.0365,3.5611,-35.3464,-159.4629
-11.1841,76.8596,-33.1561,-4.2806,-132.1992,-38.6261,-41.9163,-153.3866,-82.6386,-82.4769,-171.4302,50.2848,-171.3069,-117.1713,-81.2956,-146.0668,2.4648,-19.9801,-239.4835
-62.4072,102.2962,-34.4015,45.2084,-135.5942,5.5578,-91.0191,-191.6694,-128.9910,-119.4876,-126.1937,2.5791,-160.8862,-124.9137,-103.5222,-161.2214,25.3033,-4.9994,-303.8306
-31.2602,96.7313,-19.0384,46.8209,-140.8442,13.3986,-188.7132,-200.8218,-203.7098,-114.7329,-88.1649,-26.2004,-178.8804,-120.0868,-159.5868,-165.5049,36.2518,-1.7131,-335.1736
14.6845,50.6062,-33.7716,-12.5125,-180.6694,-10.1530,-221.8420,-212.0011,-212.1186,-153.0975,-98.5717,-29.0677,-194.1629,-99.4567,-150.5153,-167.8455,12.7953,-29.4129,-306.9424
-45.1332,-22.5954,-72.6479,-62.3821,-197.8552,-37.7602,-176.7170,-197.1538,-152.2722,-177.8111,-113.0647,-67.6633,-188.5904,-79.4800,-82.3262,-143.5930,-40.7158,-74.2744,-222.7092
-104.9091,-65.5138,-98.3714,-66.3250,-170.8801,-60.1180,-143.2661,-122.7588,-120.3274,-97.7487,-108.0246,-95.9328,-170.8365,-75.3459,-72.3672,-98.2054,-90.3185,-82.7105,-143.5151
-60.1814,-51.9334,-119.0555,-51.9551,-160.2092,-60.9937,-144.5283,-44.6924,-160.5928,-13.2365,-118.5217,-58.0776,-140.7820,-70.5414,-135.1134,-68.4697,-88.8131,-49.8810,-107.7102
-53.6413,-25.9397,-158.5087,-32.9011,-177.8577,-33.4134,-136.6995,-17.4379,-226.0989,-17.1890,-140.8953,-27.3155,-110.3484,-53.2801,-174.6461,-49.6020,-50.7451,-29.5368,-98.3486
-146.6346,-29.6097,-189.9630,-19.7840,-188.9244,-20.7620,-138.6580,-27.4284,-274.8982,-26.1604,-137.6167,-58.5842,-106.1535,-58.5894,-169.2758,-13.8455,-53.4097,-29.2190,-108.3612
-192.3986,-60.1239,-184.0072,-42.0439,-199.5239,-43.5282,-187.2093,-56.7061,-292.6368,-6.7448,-135.1136,-92.7738,-128.3840,-95.4170,-167.8575,22.5863,-118.3939,-8.2846,-137.2147
-189.4057,-90.9171,-175.8073,-77.4184,-217.3671,-50.7363,-227.4428,-78.1349,-259.3404,-28.2266,-178.7336,-89.3100,-159.8631,-110.2486,-172.6205,25.6887,-187.1024,24.4190,-155.4525
-246.7939,-92.1281,-202.6050,-68.5443,-230.6922,-24.2068,-212.7598,-52.6976,-202.3428,-70.4076,-222.9255,-71.9211,-185.0563,-88.6297,-176.9446,0.9573,-217.9984,30.0328,-154.7242
-291.5655,-66.2092,-230.9440,-29.4592,-247.3612,-7.8291,-204.7425,-14.4692,-203.7544,-78.7820,-207.9341,-53.0750,-182.9880,-71.5661,-212.2365,-15.9706,-211.4533,21.4973,-162.9955
-244.6335,-50.0709,-221.6186,-14.0026,-250.6225,-4.2531,-240.4645,-24.1473,-265.9787,-77.2610,-184.4427,-26.3812,-166.9532,-61.1040,-270.2170,-8.8598,-181.4306,28.0741,-184.8374
-197.7875,-42.3238,-201.2316,-15.2209,-206.5693,15.5494,-262.0856,-63.5702,-291.3308,-92.1477,-215.3788,15.2926,-189.9124,-37.0609,-294.8658,-16.5004,-158.8552,44.4639,-208.1471
-189.0931,-5.2009,-200.3452,1.8896,-157.6394,35.5320,-248.9406,-108.7908,-252.4542,-138.9419,-251.3682,63.4583,-246.0793,-18.0511,-272.5488,-87.2230,-158.4002,68.9680,-235.6235
-166.1335,40.6825,-195.0763,30.5624,-155.7807,38.4096,-233.6036,-162.5379,-227.4398,-206.8996,-238.5469,65.8572,-264.7798,-22.1691,-241.8410,-174.2779,-149.6118,97.9799,-246.4557
-147.9247,38.5293,-167.1324,43.2696,-160.1921,38.4636,-209.6914,-164.1913,-247.6084,-197.2210,-213.6368,-3.2263,-234.8839,-44.6012,-240.2826,-174.0401,-114.2176,84.5535,-206.5877
-142.6160,-1.3073,-138.4993,29.8626,-145.6703,30.0577,-190.5136,-92.4507,-268.6485,-111.0266,-203.9640,-73.2196,-212.2400,-77.6427,-271.1131,-106.2922,-75.2359,10.8450,-141.9299
-118.1585,-31.2358,-117.3041,3.0968,-159.0127,9.9343,-227.9309,-69.8340,-261.5200,-123.8444,-194.6095,-92.9153,-212.0047,-93.7615,-283.0507,-97.9905,-54.2782,-51.0619,-102.4659
-133.7080,-50.8838,-93.2648,-18.2271,-188.1961,6.1927,-270.9142,-138.8660,-220.5906,-222.7903,-204.6465,-109.8972,-204.2696,-77.6677,-228.7560,-162.9854,-63.5916,-50.5238,-83.9073
-213.4385,-79.1778,-79.1459,-40.3469,-176.1487,2.4951,-225.6091,-167.5680,-164.4436,-197.4906,-241.4888,-135.1193,-183.8475,-67.8105,-163.9816,-199.7301,-99.8661,-46.3438,-77.8495
-226.7730,-105.8273,-92.7302,-79.4802,-155.1636,-51.5945,-156.5414,-125.8569,-149.0898,-95.2447,-257.8748,-97.8201,-175.7440,-72.9397,-170.6461,-187.6683,-123.2928,-107.8418,-112.6707
-138.3465,-123.6611,-132.5684,-121.9589,-188.0467,-127.7831,-169.8723,-123.9273,-170.2969,-108.3589,-258.9304,-3.2374,-197.4024,-48.4849,-201.6741,-171.0684,-127.8563,-210.5594,-169.8808
-105.4589,-155.8449,-192.9788,-154.1161,-248.1472,-160.5176,-202.6367,-152.0666,-144.8927,-156.8320,-295.5569,46.0579,-228.4129,-16.3652,-164.3208,-136.1676,-173.0981,-275.7075,-176.5624
-194.3708,-213.2926,-250.5550,-187.9758,-266.6245,-163.7118,-166.4017,-128.1667,-85.7500,-122.5935,-327.4466,13.3488,-224.5841,-37.3137,-92.4257,-89.5843,-253.3048,-268.4619,-132.8064
-280.2830,-257.4977,-258.0269,-216.0247,-227.6066,-181.6951,-126.9421,-100.8678,-99.4657,-108.7575,-288.9468,-32.6996,-191.2487,-76.2373,-77.0999,-93.5246,-275.7651,-235.7848,-124.0130
-254.0419,-246.3892,-207.6048,-216.8930,-181.0001,-203.1231,-159.5447,-129.3881,-164.7508,-145.1187,-227.6891,-30.2559,-186.1371,-69.5971,-121.0696,-112.4563,-224.6525,-229.6782,-174.4407
-153.2079,-196.7225,-148.0614,-197.1276,-169.0120,-193.1307,-204.9014,-151.1174,-167.8062,-142.8728,-205.7889,15.4193,-207.9687,-35.7869,-170.9190,-58.6709,-172.9113,-211.6692,-206.8589
-99.0263,-150.1041,-110.4364,-153.6867,-145.7813,-134.4871,-182.2557,-124.3133,-119.3766,-145.7716,-197.5167,55.1558,-184.3217,-9.4573,-190.5025,0.7039,-147.7258,-120.4892,-166.0690
-128.2302,-111.8069,-84.2631,-75.3075,-53.7234,-41.7854,-109.6128,-90.0327,-90.1230,-178.5174,-180.4670,41.8413,-102.0062,-1.2580,-161.3785,-45.5731,-135.4225,-3.0965,-81.2203
-140.7715,-80.5328,-54.8812,-12.3877,48.7474,25.0646,-50.4971,-61.0322,-62.4673,-130.7712,-166.1881,-16.1929,-34.4320,-27.6382,-96.8278,-126.6336,-133.1326,46.9865,-1.9159
-93.8271,-73.9755,-14.7584,-13.0827,83.2524,24.0065,-15.9000,-24.8252,-16.4217,-37.1420,-140.6215,-57.6724,-26.3688,-64.2231,-35.3755,-126.7388,-115.4546,26.0917,51.9923
-71.7777,-84.6136,19.0419,-33.9898,78.2295,-8.5754,30.0704,-4.1813,28.3502,-43.0493,-108.6161,-57.1027,-44.1508,-63.7483,19.3102,-82.9997,-72.7121,-13.4745,82.9015
-85.1449,-91.8701,2.6198,-41.0535,61.1408,-30.1437,87.5750,-11.6566,99.7385,-99.0686,-106.6285,-61.9298,-39.0406,-55.2958,84.4873,-68.2801,-54.2710,-42.9927,104.1989
-76.4309,-104.1320,-56.7809,-62.5983,8.7224,-42.7076,118.4947,-22.6851,210.4487,-75.3107,-103.1075,-100.3980,-6.6034,-78.0167,136.2965,-70.2846,-62.5212,-42.9112,124.6972
-88.0581,-113.6822,-79.9541,-74.7240,-30.0391,-35.2541,126.4166,-18.1687,295.4312,14.8939,-38.7225,-126.9228,21.2056,-85.3674,147.7799,-61.7694,-33.1975,-12.5776,134.1297
-123.4337,-86.2438,-38.3919,-31.8821,8.6333,-0.0941,143.4067,5.5313,343.1544,110.5879,44.6083,-101.3904,30.5822,-48.4114,144.4885,-32.0881,26.0104,8.0458,130.4840
-58.9324,-34.1507,0.4138,11.6110,64.5952,14.8870,158.9236,39.1775,399.7869,179.1359,77.9047,-41.0194,42.6421,-11.8914,155.7021,21.7471,55.1960,1.1142,135.9196
77.7860,4.8243,-2.8508,1.7795,67.0234,-7.3247,153.1568,56.3687,412.3084,193.8836,88.2756,25.2604,62.0033,10.1289,169.0851,56.2284,65.5965,-5.5662,148.8078
111.5540,31.9421,-8.5413,-10.6442,49.3153,-3.5499,141.5457,53.1462,310.6296,179.9737,116.2586,72.8236,68.1247,37.4087,167.3823,34.2976,75.2638,2.7919,130.0126
59.0826,44.3830,10.9921,10.3130,48.0405,43.0862,128.1300,58.9722,179.0102,169.1002,132.3437,74.5501,68.0047,56.9802,153.7582,4.4016,38.4762,23.7512,64.2264
45.7400,29.4087,36.9276,33.3738,54.7724,67.6727,94.1314,70.6253,121.7508,140.0376,123.4625,47.9894,82.5984,62.6111,131.2197,17.2895,-38.3973,49.3244,-18.8733
34.4112,26.3981,51.5614,50.4270,63.7999,56.9423,40.5992,49.3097,95.8721,104.9847,133.1462,47.3455,98.2199,69.2818,96.6585,51.9731,-72.6285,44.4388,-84.7523
-17.9369,59.2318,49.2466,61.2556,53.9758,60.8521,-17.2069,10.1916,38.5144,94.4341,165.8842,74.9862,96.3578,71.8256,57.2930,90.4190,-51.2162,4.0721,-107.7554
-34.7396,67.6984,24.4275,39.6785,15.4966,73.1037,-55.8388,21.3016,-2.1036,86.9198,167.1236,88.4772,84.6109,78.3575,34.7569,144.0193,-39.2423,-8.5882,-74.2143
-20.6237,21.6032,-10.6838,2.5790,2.4973,44.3021,-42.9691,90.9235,28.6849,111.7159,124.5632,78.7812,67.2829,105.5325,42.4849,197.5151,-57.5808,21.4317,-10.3096
-42.7773,-23.4603,-23.4319,-8.2572,38.4986,-13.1338,6.9947,147.8923,88.0125,207.2016,95.9366,60.1954,47.4505,109.7535,66.5810,221.9143,-79.6488,31.1494,37.9730
-54.6762,-32.0817,-1.4424,-6.8756,65.7741,-46.6455,44.3456,150.9578,112.7994,247.2242,116.9185,42.5229,44.4313,58.9621,97.3884,208.9588,-91.7246,22.8448,63.1406
-20.7723,-12.9956,26.7196,-14.7919,63.7994,-51.1786,74.6126,131.2871,119.5221,140.4500,153.6172,51.3366,58.0141,20.2100,154.3800,167.3833,-78.1554,52.7231,82.8064
-2.1276,26.5643,35.1882,-8.4271,70.5827,-46.2712,117.1324,117.3575,151.8280,43.0473,168.0299,93.9134,69.4479,42.4693,225.9216,131.0039,-18.2235,92.2454,93.9445
21.3280,62.0912,46.0111,26.3166,96.4474,-15.3124,130.0491,103.8897,180.0650,73.7235,171.5333,124.7435,90.7083,72.4730,242.2731,131.9240,62.3268,92.3189,91.8583
119.9140,82.3279,93.5572,76.6413,139.4156,48.4496,108.1395,98.9013,159.3268,142.4852,191.9542,120.0886,134.6363,73.8841,181.1170,150.6328,108.3901,94.9176,94.5416
229.5432,136.1817,160.3195,137.2927,201.2636,102.4826,119.6115,122.2943,135.8468,193.0202,233.6790,122.1792,169.2077,87.5786,116.5386,160.0547,122.3989,137.6700,111.7036
258.5237,241.7184,202.8966,208.7267,244.8249,143.7627,155.5338,162.2035,156.6123,232.0050,275.7832,164.7428,171.5888,141.8655,99.8865,175.5722,157.9910,187.2744,125.0834
238.6249,336.1815,216.6424,289.1321,245.7837,229.2676,134.8064,193.0368,161.7386,213.5387,283.8734,230.3028,160.9392,213.5698,100.2999,205.3837,214.7060,229.3578,118.3513
220.2285,382.2175,217.2550,359.9325,239.6734,335.3987,77.4973,215.7456,107.1629,185.5744,246.5490,287.5460,146.9260,271.6817,98.9737,234.6279,227.9025,276.7103,102.6626
200.2840,396.6167,205.5132,380.9847,244.9412,363.8262,70.9374,242.4119,57.5082,261.9121,203.4236,319.8123,131.2879,308.2086,115.0340,267.3206,184.9503,305.3680,107.3666
190.6027,383.7991,193.6893,357.6041,247.6464,329.9780,115.1292,274.0041,59.4153,357.3868,193.3251,330.0841,143.0398,333.5528,132.3219,303.8671,149.6555,298.1436,148.7279
206.4818,351.9275,201.7874,342.8938,253.1822,327.9269,155.5103,307.6642,82.0454,324.5958,194.8318,327.6771,182.4141,343.7568,123.2774,321.4974,145.3490,284.2130,200.3491
222.9890,324.0295,205.5131,324.7252,243.7847,331.4192,174.1445,334.5210,108.7823,237.0635,169.8274,312.4601,187.2798,322.6828,121.4753,316.4946,129.0523,274.9947,215.7423
215.8969,290.6424,164.5608,258.4301,181.0972,272.0344,179.8503,335.9328,148.2970,219.8243,130.0973,295.9415,134.7781,291.3254,169.6352,302.0536,100.1860,247.9329,196.4781
200.1462,247.2213,108.1829,199.6006,112.7536,210.8303,203.3714,302.2470,195.1674,239.8742,121.5799,299.9771,99.9806,282.1085,241.6696,279.3759,122.6730,211.5502,201.0078
227.8373,236.4563,115.3122,214.7711,136.6537,215.3798,286.9084,245.4301,256.1356,228.9582,178.9796,309.4370,154.7767,273.7763,296.1691,246.3188,227.5570,206.3546,267.0709
333.3488,264.4699,211.9838,248.9488,258.3170,230.6614,415.9758,194.7466,342.7031,187.0073,294.5135,292.1657,278.2351,238.2928,354.2515,197.5488,361.0830,231.6033,364.6218
446.1783,265.3281,340.8952,237.5332,396.7958,206.3435,530.0450,185.0039,441.1893,167.3340,402.1015,254.6739,397.5054,194.4868,453.8348,149.9743,432.7331,230.4902,446.2049
463.0396,204.3451,423.9485,200.1124,482.5261,168.1371,610.0358,224.5672,535.8358,242.1443,436.5854,212.8255,463.4839,158.0385,565.5104,165.4360,410.1765,179.3424,502.5151
414.9453,129.8820,435.3055,161.7736,496.8304,138.7342,664.1576,275.0873,596.1048,363.0937,419.8020,171.8523,476.7627,134.4440,620.6365,237.0705,363.4585,141.3181,542.4125
395.6900,102.2019,414.9057,138.2839,475.2106,133.7632,669.6046,295.8693,576.4532,372.0236,417.9413,162.0488,473.0365,149.2101,611.4943,249.9125,367.8689,167.3642,562.4068
392.7625,118.6287,406.4976,150.6003,465.9766,160.8665,622.7016,295.7515,514.1448,287.2088,430.8346,192.5336,480.0576,183.9296,598.7108,192.8125,394.7283,204.1488,565.1495
368.4328,125.0119,403.3651,162.2096,467.6602,169.3919,585.0724,304.4233,515.4876,295.9261,413.7625,207.1180,486.5659,175.4881,611.4675,189.9318,388.8056,186.9218,571.3856
357.4578,101.3125,383.7013,129.7851,460.1877,129.1744,607.7104,315.7966,605.8767,404.3480,378.4448,177.3026,478.0592,136.0346,615.1347,233.8701,375.0373,143.1054,587.5655
355.7418,88.8120,364.6609,95.2390,459.6794,99.0133,661.5381,301.8612,731.2376,454.9716,377.2371,140.9646,475.9974,123.1978,594.8013,209.5403,379.6835,120.2775,587.3602
322.7129,101.3114,372.4034,88.8629,476.7685,102.3090,686.0479,262.4093,846.8981,429.8152,412.7838,115.6593,493.8519,115.7847,582.6556,158.6768,369.0544,106.7680,549.8019
318.1045,92.7865,394.0390,67.8411,485.1292,85.9111,670.1854,221.7612,893.9940,405.9380,440.7252,93.5200,499.2254,79.7067,585.1819,172.6210,344.4585,80.1465,500.1717
403.5848,40.1717,406.3402,28.8565,467.8400,49.6584,650.4104,192.4601,839.4002,367.3562,443.3031,79.4985,476.7247,50.4829,574.2034,179.9222,346.4946,47.1200,486.4978
492.6757,-30.6850,415.1949,6.8992,443.5837,33.5603,646.6089,171.1566,762.8314,286.0002,446.6241,54.2434,468.6297,38.3182,553.5862,119.4253,355.9438,18.6608,516.5593
494.5430,-85.0084,437.6033,-11.7789,446.5584,17.5552,638.7980,149.8258,722.8977,207.4099,474.8137,4.5540,500.0422,10.8660,546.7044,71.2574,345.6797,0.5569,548.2260
457.2635,-87.1692,475.0380,-30.9561,489.6834,-17.6939,613.9880,116.9715,655.2208,164.8011,520.1796,-14.9529,538.0698,-5.9624,540.1415,78.0346,363.0974,-4.9331,554.6906
452.2004,-37.1044,510.4439,-22.2601,536.0475,-40.1550,596.4369,74.1165,553.8679,144.7175,555.1197,18.4163,559.5746,20.3044,524.4208,97.5313,425.4441,-3.8647,551.2537
469.2766,1.9588,518.1276,-13.5804,543.7785,-42.7957,603.4290,42.0208,511.3357,118.7133,562.3968,30.9517,574.2875,43.1911,538.8514,108.4395,463.6845,-1.6250,540.6204
467.2911,-2.4173,493.1142,-34.3929,529.3703,-42.9795,606.1682,24.8517,512.4797,57.6382,558.6839,-7.6193,575.9614,32.4348,592.1160,86.7989,458.6749,0.6024,504.9919
434.8513,-4.9686,467.0170,-35.8551,519.7722,-32.0375,569.9036,6.5083,467.5470,-17.6896,568.5126,-34.3750,551.9687,23.5698,606.8026,20.6664,466.1394,6.9874,459.4481
406.7037,10.0588,459.0909,-2.0652,493.5553,-15.5819,503.0627,-4.2845,393.9621,-42.3305,565.9427,-28.0801,514.9188,18.0834,523.4452,-17.6692,483.0895,30.6074,430.7564
413.1290,6.2605,435.1430,9.4604,436.5324,-15.7248,436.8913,11.0503,334.7655,-20.3328,499.0075,-34.6963,466.9222,-10.8965,389.3558,12.9000,455.5875,63.1681,403.3428
403.4135,-7.8384,366.1527,-1.2518,373.2880,-11.8033,381.0570,35.8461,257.2131,-17.0396,381.8892,-63.1080,389.4758,-31.8268,274.9470,41.8007,383.6683,71.5888,356.3908
320.4879,5.0683,282.4572,18.4414,314.7406,21.1039,320.5881,56.4901,158.5957,-22.8523,277.9324,-69.8112,296.1468,-7.8752,177.7283,36.1652,291.5014,65.1826,295.7154
215.1667,30.7907,215.9295,53.5657,253.5792,53.7446,240.2563,90.3603,74.8694,23.2057,194.4107,-34.8642,219.2032,29.2188,74.4493,42.7136,169.3357,82.5201,210.5091
140.5457,29.7463,145.4913,46.3613,185.7370,51.4958,149.2229,131.5135,-7.2080,97.2795,96.4037,-1.4697,151.0290,42.4223,-10.0913,68.3189,23.4113,96.5714,99.0417
49.9188,-8.1501,46.1856,-6.8144,97.1675,21.1070,86.4449,159.1101,-82.4827,130.5939,-2.0290,-17.3374,76.9055,44.4549,-51.9807,94.2268,-101.4692,60.1951,23.8220
-71.5741,-57.0943,-56.3024,-52.0736,-7.8951,-10.1401,67.2459,190.5936,-98.7245,133.3565,-63.0744,-46.5874,21.4987,56.7991,-76.1672,128.1852,-178.8206,8.7402,13.6035
-153.4269,-72.6434,-116.3767,-45.7935,-84.8930,-20.3412,37.0171,225.4816,-80.6514,146.9612,-95.0755,-19.9651,-5.3127,79.7132,-100.8665,157.2420,-218.2015,-12.3012,-16.4272
-182.3803,-48.6770,-129.7530,-17.3500,-121.2769,-11.5917,-49.8866,213.7905,-107.9390,145.6696,-127.2685,37.6975,-39.7639,100.4723,-105.9073,168.1877,-245.3504,-23.8518,-126.0117
-215.6181,-37.6583,-143.2494,-25.4238,-163.9401,-2.7573,-151.2495,159.5273,-177.8736,96.5867,-170.0683,55.9045,-98.2413,104.3704,-103.5087,182.7082,-288.8387,-35.3225,-250.3285
-272.0452,-58.7937,-199.2418,-44.8108,-236.4755,3.7184,-227.1728,125.3834,-244.0863,38.4522,-220.9005,44.8298,-158.8096,94.5197,-155.5035,186.1362,-344.5487,-26.1016,-323.8936
-338.8635,-59.0727,-280.1429,-9.8388,-313.8873,11.9885,-309.3415,112.2603,-312.2226,14.7622,-268.7936,41.3654,-217.4832,86.4417,-270.7087,141.3214,-374.4882,-9.5586,-366.5269
-402.1243,-13.1262,-344.1712,49.1432,-377.3058,17.8840,-390.6850,83.3303,-393.7678,10.5101,-312.8861,23.5586,-283.3667,73.6348,-374.5968,81.3269,-377.6731,4.6190,-406.2453
-440.5667,31.0241,-398.1198,61.2982,-429.4990,33.9602,-407.9066,58.3281,-463.8799,10.1071,-376.9400,-25.8953,-345.6363,42.6713,-427.3186,51.9269,-401.9171,28.3440,-442.1165
-477.2797,30.8871,-468.6353,39.4963,-487.1441,58.8946,-401.7377,56.4569,-510.3776,24.2295,-468.9025,-73.9286,-413.4750,11.8003,-478.5809,34.8394,-459.7374,20.3458,-481.5254
-553.8019,3.5265,-542.0815,23.1110,-570.5889,43.6973,-478.3847,44.8078,-547.5286,29.9261,-568.6786,-87.7328,-521.1055,-3.0612,-560.9711,11.0260,-512.6219,-53.6904,-529.7558
-626.1570,-13.4307,-606.8876,0.8462,-668.3736,-19.8286,-593.6264,8.0893,-583.6173,-17.1423,-667.7083,-70.3136,-645.5613,-28.0350,-628.6153,-17.0229,-554.2896,-117.1928,-577.8894
-642.2513,-25.3244,-684.3583,-42.0128,-745.3793,-65.7891,-623.5313,-36.7973,-620.5439,-99.4345,-744.7343,-64.6389,-716.7506,-80.5772,-651.8973,-65.0507,-621.4803,-105.0244,-629.6045
-651.0961,-66.0642,-757.3468,-91.6539,-789.7327,-73.6486,-603.9414,-80.1412,-669.5629,-149.0278,-756.1374,-111.2092,-730.0980,-129.1768,-674.7738,-124.8870,-707.0334,-76.0893,-686.9121
-689.8237,-113.8073,-771.6229,-121.8469,-802.5868,-81.6578,-650.2001,-102.6882,-737.3494,-138.4588,-735.7212,-173.2893,-742.9600,-147.3334,-727.5896,-152.9308,-745.0119,-83.3037,-721.3377
-719.7043,-108.5576,-743.5807,-108.2491,-781.9458,-85.1367,-736.2761,-96.1561,-797.3303,-107.1101,-769.7407,-181.2762,-771.0746,-146.2256,-773.7397,-146.8149,-707.7699,-97.7518,-714.7961
-730.1532,-66.2249,-736.8264,-68.4116,-755.6004,-68.2718,-775.6934,-104.8214,-814.9882,-110.7283,-820.2243,-144.1987,-788.7235,-131.5169,-783.6945,-142.7001,-649.8901,-106.0493,-706.0840
-714.7466,-48.7433,-735.2162,-50.1745,-761.4964,-57.4294,-792.3835,-150.7793,-810.8264,-169.3640,-775.7839,-117.7506,-791.6409,-98.4164,-775.3116,-153.5425,-618.7264,-116.3004,-740.0704
-626.4874,-50.4492,-685.5696,-52.5081,-786.6829,-50.0573,-831.2288,-183.9686,-827.2698,-248.5596,-669.2184,-123.4975,-782.1625,-74.1580,-760.1957,-168.0362,-591.6091,-105.4821,-786.9978
-516.2590,-45.3953,-621.9471,-48.2336,-792.4713,-22.9983,-845.7659,-179.1982,-843.3554,-289.5912,-616.2430,-156.4446,-749.0072,-88.3967,-742.3264,-165.6185,-545.7125,-79.1517,-779.5854
-501.7531,-50.1090,-604.2047,-50.0356,-770.0762,-9.0213,-808.8283,-171.4846,-827.6942,-276.3228,-613.8606,-177.1613,-702.7985,-108.1482,-758.0317,-139.3345,-502.7382,-78.7289,-721.6712
-540.2876,-52.6352,-604.1471,-54.9155,-727.0316,-26.7531,-780.5803,-171.3167,-819.3972,-256.6480,-601.1648,-133.3471,-670.8544,-84.0653,-810.5374,-127.3157,-471.6366,-85.9152,-674.5852
-515.9517,-25.1623,-572.5538,-29.8590,-669.2386,-28.4673,-775.4364,-159.5042,-831.6601,-266.5430,-587.1152,-67.0537,-648.1951,-45.1130,-815.0184,-154.9024,-443.3044,-60.2632,-646.1538
-471.6812,-5.8991,-533.2898,-3.8265,-612.3499,-9.5714,-725.0229,-143.4490,-789.8354,-264.6874,-578.6256,-65.8528,-606.2256,-55.6494,-725.9741,-176.4192,-433.9629,-39.3259,-602.3762
-484.0872,-23.3495,-520.5786,-23.6109,-574.0082,-21.3888,-634.1175,-140.5207,-681.0798,-210.9227,-540.8958,-99.9372,-546.8557,-99.5192,-627.7514,-160.1170,-442.8544,-59.9146,-560.5049
-498.5750,-34.9308,-515.2344,-50.1153,-557.2995,-53.5700,-592.6617,-148.0134,-602.5196,-164.6439,-487.8191,-96.6328,-507.2075,-112.0447,-584.8065,-140.6989,-434.5244,-69.7209,-548.5236
-476.3069,-31.9112,-497.0875,-44.8686,-548.0821,-55.2861,-603.0156,-153.0823,-590.5166,-189.9161,-464.6249,-94.8527,-504.1323,-105.6286,-543.9551,-131.7808,-428.4064,-36.5912,-538.2728
-472.8045,-52.5843,-473.2805,-46.4908,-530.8254,-37.5132,-592.9200,-143.8608,-586.3942,-225.4869,-457.4578,-146.7950,-509.4072,-139.7315,-485.9311,-113.8672,-473.5709,-21.8791,-518.6096
-496.0511,-82.3397,-443.2417,-64.2616,-515.9550,-41.1502,-574.7493,-130.5579,-573.2610,-197.1934,-434.2495,-204.7693,-502.6699,-187.2780,-483.2469,-110.8289,-521.0983,-56.2768,-524.2824
-494.0219,-83.2497,-406.2583,-55.2049,-516.8943,-59.8487,-584.7371,-145.8907,-572.9903,-166.4848,-411.8434,-212.2154,-498.5618,-174.0201,-530.3880,-154.7968,-498.7882,-81.1261,-544.1852
-462.7112,-60.7667,-380.6780,-30.8446,-499.8317,-60.1956,-560.9777,-189.5511,-560.3603,-208.5537,-402.2915,-174.0529,-484.3297,-125.7055,-529.3608,-216.3415,-451.0267,-72.3026,-531.7972
-427.7814,-32.2893,-367.4961,-32.4301,-435.2473,-44.1418,-477.6089,-220.7220,-513.1424,-263.9521,-373.8828,-126.9488,-419.5801,-123.5846,-472.3166,-249.0503,-427.2008,-80.9205,-490.2371
-381.4369,-16.4225,-343.3986,-45.0808,-372.6479,-48.8335,-434.1664,-222.6689,-464.5855,-253.5918,-320.5559,-112.9484,-337.3616,-153.3513,-430.0805,-248.3094,-370.0734,-117.8411,-434.6114
-308.0466,-29.1073,-314.0880,-48.3694,-356.7134,-76.4096,-458.0964,-206.8992,-433.0377,-210.5562,-283.6813,-136.7012,-311.8773,-149.9057,-397.1913,-235.4445,-256.8523,-131.8015,-350.2942
-238.0548,-48.3798,-304.3990,-67.8760,-338.3573,-84.6476,-438.3647,-174.0229,-394.4916,-197.4873,-266.7845,-164.3943,-311.3809,-129.4640,-334.6430,-219.3215,-174.0453,-114.0637,-256.3939
-229.5141,-69.2408,-295.9612,-116.8507,-272.7834,-83.4298,-338.2823,-130.6903,-339.1903,-207.3613,-221.9740,-190.7073,-246.7482,-137.7522,-271.2692,-185.6153,-171.0269,-111.7915,-192.8549
-257.7979,-134.6881,-254.1990,-171.5603,-198.2346,-131.5948,-238.0195,-98.5144,-268.9004,-196.0406,-144.3050,-216.8865,-136.0573,-153.7328,-225.8010,-134.8426,-196.7479,-145.5919,-141.2371
-200.8257,-217.2410,-192.3697,-214.3862,-146.8085,-206.8886,-172.2177,-85.6135,-175.1319,-145.7637,-72.4080,-210.1746,-60.2033,-153.0289,-161.9197,-107.5083,-180.7306,-190.1192,-71.9876
-32.8225,-225.0836,-137.1158,-232.2322,-91.4552,-225.8755,-125.2201,-96.5393,-82.1199,-92.6031,1.5448,-184.1603,-26.0124,-156.9136,-82.4513,-122.7893,-81.4753,-208.0710,-7.7393
104.6723,-167.6871,-71.1338,-200.6243,-6.8441,-183.5302,-95.1355,-135.2208,-34.2465,-102.5448,96.1078,-187.3173,7.5462,-156.3088,-22.0495,-145.0330,72.2395,-175.5108,37.1025
134.5590,-121.5215,28.8208,-130.3849,96.7306,-131.6690,-45.0113,-170.5542,-8.4747,-191.5798,166.0497,-183.8653,58.0313,-115.4594,36.4316,-155.3159,179.6796,-115.8243,81.8257
153.4086,-88.6017,137.7489,-79.9718,185.4055,-88.9347,55.2401,-175.3052,51.4297,-292.1038,194.5494,-131.2180,124.2308,-65.5385,114.6097,-168.8267,205.8507,-86.7734,115.6384
236.4915,-53.6094,216.6085,-65.8334,223.9648,-61.8776,121.8456,-184.6618,114.1443,-333.3107,243.4677,-89.9754,181.9574,-61.2186,182.1641,-177.5862,236.3057,-96.8924,109.4717
339.9386,-39.8029,267.2074,-37.8623,221.8539,-49.7920,78.5955,-222.5066,113.3691,-317.6971,310.6093,-90.4674,196.9078,-72.6614,212.8933,-167.3819,314.9061,-99.1133,90.1287
406.1355,-34.5190,315.1276,5.3399,231.5149,-25.9256,12.0760,-232.9188,83.9137,-286.5589,318.5712,-77.7364,183.6543,-47.4586,203.3246,-140.0614,376.0184,-79.6403,116.5578
417.2971,-17.3050,362.3262,1.3915,277.8606,0.6071,28.2760,-177.1213,92.0409,-248.0785,287.0778,-58.3562,190.6262,-15.5186,155.6793,-79.4006,384.8512,-62.3448,188.9489
394.8125,-13.7512,391.5456,-35.6094,345.4705,-6.6644,96.3503,-105.7402,112.3500,-183.4734,300.9861,-70.0521,234.4850,-18.6289,120.1880,0.6866,385.1358,-45.0893,250.5678
385.0782,-20.1738,407.1903,-31.7829,417.2791,-24.4867,167.1747,-68.0396,121.4231,-106.7964,342.6936,-66.3015,300.7820,-25.5872,152.1305,19.9113,393.3614,-25.5227,283.8483
384.4817,-16.8207,423.7809,-13.8647,463.3744,-25.6735,261.3068,-50.9621,189.2935,-59.6398,356.5241,-26.7783,362.8834,-13.4275,206.8786,-33.0338,373.0187,-35.6081,331.9193
349.7632,-47.1828,416.3620,-53.5861,447.9061,-46.5122,360.6196,-39.4684,346.8870,-47.0162,368.0276,-17.9763,390.5714,-26.3341,232.0697,-62.4148,311.6765,-70.9711,398.5485
296.0251,-116.1748,353.7671,-109.8376,389.5460,-84.7797,402.0477,-43.2544,500.1237,-44.6782,396.8834,-47.0382,388.8306,-72.9128,285.6077,-48.9594,256.0842,-68.2410,427.1577
259.6368,-136.2271,278.3082,-112.7536,348.5826,-81.9182,402.0762,-59.8151,566.8044,-52.6391,404.6280,-54.2130,388.3755,-81.7062,388.0945,-66.3198,259.0909,-13.7894,412.5737
234.6416,-93.7751,263.9365,-87.0926,348.0588,-49.6410,422.2275,-76.4284,571.7543,-68.3027,386.7806,-32.3869,386.9179,-27.2573,430.9212,-97.8915,301.2248,19.1453,402.5438
240.9089,-62.7600,300.0675,-67.4096,364.0332,-40.6872,449.8119,-86.1369,567.4769,-56.6915,378.0714,-0.1695,374.4513,19.2615,379.5022,-70.9977,319.1009,-9.3949,395.1171
299.8795,-36.6492,311.6607,-40.8109,373.0226,-38.2706,449.8632,-75.7571,559.2303,-16.3184,389.3818,37.3498,373.6633,14.5271,337.9223,-20.2307,324.3020,-39.9182,378.0548
344.7771,23.5778,285.9013,-8.7330,374.8491,-11.2953,445.4333,-45.2204,520.3340,-0.8747,415.6838,42.5036,384.4837,-2.9525,339.6167,-15.9443,381.2198,-15.4762,389.7933
346.4371,61.3629,282.5015,19.1809,388.4322,20.8240,447.0905,-27.1458,445.5669,-29.1435,437.7033,-2.5913,377.0076,-8.5102,324.4820,-37.3317,459.2289,30.7870,423.2574
389.9207,31.9380,325.1983,37.7118,421.2532,34.8627,422.1772,-31.3996,382.8821,-52.1766,418.7213,-34.7590,362.8542,-21.5068,305.4629,-44.7814,458.4811,40.6764,418.4638
465.8183,-10.1082,362.9813,12.2701,438.4811,19.5283,383.8754,-22.3414,379.3645,-34.7551,364.8607,-11.7190,367.9755,-36.1892,331.9012,-49.0365,372.7022,15.3989,393.0576
440.5429,-28.5428,343.9183,-54.8270,400.9161,-24.9498,381.0108,1.4006,401.9474,-11.1373,321.5325,15.8739,371.3027,-31.7363,368.3533,-58.8953,281.5522,-8.0400,387.6136
315.2715,-45.8598,284.1231,-86.9364,325.8663,-58.9648,394.8018,-4.5092,373.1545,-37.6382,289.3154,-3.5644,353.3906,-32.5502,353.2516,-71.7688,225.2636,-6.5820,350.4008
231.3340,-53.2802,243.4043,-63.7612,269.2265,-51.4719,364.5759,-38.0690,268.8983,-103.6928,240.7129,-45.4089,330.5607,-65.0488,275.1914,-100.2296,198.0388,21.1636,265.4853
233.9803,-25.4554,244.1888,-46.2154,260.4426,-31.9592,286.4009,-58.6894,134.1362,-131.9558,188.1110,-54.9906,306.1982,-95.2355,161.0243,-138.8040,192.5827,44.6494,217.8616
256.3592,6.3917,248.2456,-45.4410,271.9726,-32.0532,204.6078,-66.8687,38.2021,-96.5489,156.4838,-33.0630,265.8799,-85.5712,75.7661,-157.0940,187.7740,17.3070,214.6047
253.7502,-8.0089,219.4239,-41.1148,248.1312,-47.7170,159.3665,-70.1872,26.3678,-62.6822,147.7305,-39.6726,212.7755,-61.2609,70.6949,-147.5437,159.2722,-52.4603,188.6354
222.4921,-64.7163,168.1719,-58.9587,176.2471,-70.0241,169.3722,-43.8976,72.4081,-61.7817,146.4080,-94.3056,162.6549,-63.0703,97.1388,-127.6830,112.0559,-99.7360,176.2930
169.5968,-115.0319,121.2971,-92.4799,108.6418,-82.1643,206.8627,-0.2651,104.0235,-46.2285,112.9086,-139.0642,124.5685,-87.1765,84.6972,-111.1524,67.2617,-98.7861,228.2645
102.7888,-126.1837,89.9979,-91.2595,77.2915,-72.0182,210.9516,13.8599,89.9930,-5.9673,28.1281,-143.1926,85.0273,-106.7094,60.7142,-101.2341,41.3819,-86.8759,257.1332
31.6123,-113.2547,72.4477,-72.5111,40.9593,-67.7876,162.2625,5.4704,48.1121,3.4663,-49.6342,-134.8685,19.2675,-106.3688,67.3223,-82.8684,36.3316,-94.5540,190.3566
-11.3956,-104.7191,49.4759,-81.3028,-28.4212,-87.1182,93.9972,4.6313,-4.6186,-34.6028,-66.5275,-112.1538,-48.9973,-86.3917,64.0056,-41.7949,21.6331,-118.7926,95.1411
-19.0049,-94.6137,-2.3749,-95.9719,-87.0869,-100.3413,26.9557,-6.5174,-52.7817,-72.4020,-58.5941,-61.9860,-66.4417,-69.5540,11.0789,-14.0776,-35.4027,-138.8775,25.1926
-56.7993,-65.4454,-67.1856,-92.7429,-101.0842,-96.2654,-44.9161,-44.1303,-86.2982,-75.8661,-69.1325,-32.3219,-56.0101,-83.4421,-59.8168,-44.6735,-107.5719,-128.6964,-52.2510
-135.8792,-38.3420,-106.0501,-87.0627,-101.2586,-90.9510,-118.7840,-86.8054,-121.8954,-70.2411,-85.5102,-55.4101,-82.1831,-110.0917,-97.4402,-93.6059,-145.1367,-94.9405,-138.5921
-162.4376,-47.5802,-126.8472,-80.2939,-125.1791,-83.3784,-177.2805,-118.6918,-164.5706,-90.4655,-104.8436,-85.6954,-126.0444,-106.4886,-84.9356,-88.6128,-166.5118,-83.4558,-191.3522
-137.5811,-83.3214,-172.2224,-81.5263,-173.9592,-86.8480,-208.2589,-131.2637,-185.1728,-101.4567,-143.7896,-93.6485,-134.7232,-87.0278,-60.9296,-42.4970,-221.1507,-104.2328,-216.7941
-174.8883,-109.9956,-239.4373,-117.2719,-230.7261,-118.2163,-224.8135,-126.1829,-182.4531,-55.9723,-191.0322,-103.8066,-127.5554,-101.7801,-84.4844,-11.6035,-287.8233,-111.7630,-261.0319
-263.9915,-116.3497,-287.1853,-153.1830,-278.5350,-130.9625,-256.0690,-145.9519,-189.4051,-32.7409,-231.2359,-117.0751,-143.0538,-134.2913,-137.9669,-7.8145,-306.4314,-89.3590,-328.5420
-302.5535,-105.4732,-309.8674,-132.3289,-310.9482,-92.2974,-296.2236,-207.6493,-206.0618,-126.1877,-258.9586,-106.8387,-176.6335,-126.1248,-148.9887,-29.3279,-283.4091,-73.7487,-372.6391
-305.2331,-77.9330,-329.0055,-89.3889,-334.8613,-70.3971,-310.4600,-247.5956,-215.5212,-223.9985,-254.5771,-73.8548,-213.9588,-88.2302,-133.5823,-73.8154,-272.2370,-88.0519,-373.6746
-317.8046,-57.3104,-337.3747,-93.1887,-349.1573,-112.9169,-310.2343,-230.1733,-231.5822,-171.9978,-222.7999,-36.9427,-242.9007,-79.0153,-162.6056,-96.9390,-273.2099,-115.7387,-377.5712
-295.5716,-69.6302,-317.3310,-129.8269,-345.7649,-159.2646,-338.7256,-207.2428,-259.3051,-64.9761,-209.2406,-8.8740,-258.0486,-100.1606,-205.0403,-72.9930,-245.8704,-131.9521,-415.6312
-238.1643,-85.5018,-283.1970,-141.8734,-338.8691,-159.6707,-392.1126,-211.6028,-274.3043,-66.4181,-224.2527,1.6466,-279.4782,-106.4494,-194.3252,-52.2260,-197.6299,-128.7960,-449.7333
-215.9619,-66.9840,-262.4555,-118.8944,-345.6876,-141.2342,-440.8195,-221.9330,-272.8533,-126.8130,-232.1915,-0.2658,-308.0608,-83.3798,-175.4035,-64.7816,-170.6407,-117.7459,-453.3741
-224.2428,-46.4182,-261.5040,-95.4490,-352.1908,-131.1438,-471.9568,-227.4538,-273.5169,-142.2895,-224.0794,-0.6142,-314.9403,-55.0573,-207.3968,-73.6372,-167.0225,-107.1363,-451.6110
-211.6963,-57.8864,-267.0800,-93.0245,-347.8017,-124.4395,-462.0060,-219.7021,-276.3709,-125.4900,-214.0776,-0.4884,-313.3553,-45.5827,-242.9239,-61.8670,-160.3382,-93.6759,-440.1581
-178.3793,-61.5499,-260.3255,-92.3724,-349.5446,-113.4438,-409.5590,-180.5940,-271.5844,-72.0865,-200.6907,-1.1082,-330.9891,-53.9302,-237.4264,-35.1065,-148.7776,-93.7883,-388.8201
-142.0864,-31.8481,-235.1205,-78.7148,-352.6678,-99.8168,-376.0669,-127.1214,-259.0980,31.9054,-188.6311,18.6134,-337.6671,-52.2601,-227.6842,21.6232,-144.7760,-127.7297,-320.7285
-127.0115,-12.7630,-211.6103,-77.8949,-325.7371,-93.9915,-375.0927,-90.5654,-237.9708,75.0658,-190.6656,63.5377,-313.5086,-23.8787,-225.6922,79.9456,-150.0863,-157.7959,-270.3462
-163.5244,-27.3848,-202.7877,-98.2150,-276.1184,-98.2421,-330.9785,-68.4500,-208.4869,-0.1230,-200.6064,85.9097,-291.0007,1.6908,-192.4242,78.4242,-167.7381,-136.3695,-228.6931
-206.2888,-50.2747,-183.4842,-101.2658,-241.4639,-98.8176,-243.2092,-48.1759,-178.1327,-34.5712,-210.5464,43.5788,-270.8295,-9.0770,-142.3702,43.0266,-197.2031,-103.7677,-202.6784
-177.6183,-65.8015,-140.3490,-77.2387,-220.8761,-92.9997,-199.8230,-24.8002,-147.8469,64.3962,-215.9114,-25.1842,-233.3988,-36.4387,-129.5350,41.2949,-216.8364,-117.0393,-214.6687
-109.3346,-61.6691,-111.2146,-56.7544,-194.1807,-82.4234,-192.4924,6.2969,-113.4981,136.6059,-196.1590,-47.3259,-206.2957,-38.8196,-143.5379,60.0268,-205.2742,-132.9860,-228.2473
-76.6435,-28.7934,-118.9047,-40.9353,-174.7325,-52.3936,-148.6082,36.4795,-78.2098,82.1553,-152.8918,-15.5811,-199.2061,-13.9274,-134.2750,70.7965,-166.7954,-95.0776,-194.9236
-68.7405,-2.7579,-121.4624,-18.5543,-171.0318,-14.8511,-100.9269,63.6748,-47.7203,46.1187,-129.9176,24.2190,-175.6704,13.1859,-97.4922,90.8330,-120.0337,-49.9908,-135.2309
-56.7547,-8.8019,-82.6048,-6.9261,-147.4026,-5.8414,-104.4318,102.9792,-29.6762,117.1363,-137.7857,54.7602,-137.7629,36.6639,-58.7824,102.9052,-75.1337,-49.0373,-87.1074
-46.6537,-5.1682,-28.9191,-3.4822,-78.3164,-6.3862,-106.8200,129.1264,-36.6371,168.3689,-132.2333,83.1985,-107.3747,65.3240,-35.1276,85.4737,-31.6107,-42.7026,-55.0193
-21.5876,28.5971,7.5045,20.2533,5.6567,24.0267,-69.7624,103.9801,-65.5422,134.1375,-100.7969,98.1801,-68.3114,90.8659,-43.9451,98.2530,-1.3235,13.6610,-39.2742
18.3353,47.0069,32.8127,52.8231,59.6215,57.1459,-40.8936,76.7904,-81.6798,123.0110,-77.8509,90.8554,-19.6404,102.9817,-68.9285,170.1182,-12.9639,71.0134,-25.5285
16.4888,33.0665,50.6329,60.7528,76.1825,59.6566,-18.9276,111.2056,-53.7925,156.2331,-67.7510,75.3084,20.7915,119.2725,-43.2429,213.7094,-62.2310,95.0214,18.5737
-30.6080,22.3043,50.5600,55.7494,79.8964,67.3912,47.0117,156.6704,-0.4737,114.2362,-38.3353,67.0299,68.4529,151.6818,36.3942,172.9865,-87.8519,131.6447,76.9907
-51.6713,33.5549,48.1294,74.6860,92.1211,104.1281,119.9218,143.1652,36.7198,12.5898,18.2003,76.1008,117.0141,171.2513,73.7191,108.7309,-52.1502,191.6727,102.7389
-30.6537,58.5590,67.3616,114.7655,109.8292,132.8068,131.2805,105.2428,65.5771,13.3926,70.0422,106.0700,124.2437,160.6006,46.9537,86.9589,-3.5531,206.4093,105.4138
-4.7418,85.3831,84.3357,129.8992,116.0628,127.8759,113.2527,95.9735,131.4405,123.4605,85.4489,145.8752,108.6838,149.5575,55.4676,105.0231,1.5446,156.8382,110.6330
33.3171,103.9808,60.5961,99.9227,105.7005,105.3392,117.7887,94.1834,223.3795,181.5363,75.0022,182.5571,115.9742,146.1425,118.9813,119.2364,-18.4835,114.8585,87.0323
88.1643,116.3870,23.5404,73.8699,92.4765,87.7359,111.4627,67.5304,269.1486,149.3490,84.8065,200.1650,125.6627,115.5452,142.4884,96.4918,-14.1811,117.1754,28.2064
112.3131,122.0070,32.8877,91.1190,96.2819,84.1444,70.4924,41.3785,238.6897,141.4811,133.7045,174.4620,121.3356,66.0170,109.0992,68.1713,28.8297,122.5558,9.8197
105.5644,109.4612,84.5080,112.3103,125.4058,85.8821,49.9430,59.7619,172.0477,178.9046,188.0395,118.8158,133.8939,48.9475,86.4169,85.6847,94.1328,110.0226,70.8405
130.8185,95.9403,127.8450,111.5728,165.5635,90.4976,76.8298,106.5206,112.2690,155.9648,219.9286,84.2312,159.8336,62.1154,84.6807,115.5984,160.1730,107.3797,155.5211
180.0401,104.9932,152.1178,128.4590,198.6302,116.0245,109.1072,121.2129,79.2664,59.6462,237.5450,76.8287,180.0650,62.1157,97.0261,105.2547,212.1787,120.4039,216.8986
191.1307,108.3210,183.1129,154.8978,230.5715,146.4067,138.9749,106.8567,75.3290,19.0759,249.4811,71.7139,211.7081,50.0324,161.7557,102.5630,251.8895,122.4078,257.5758
204.1905,88.3421,230.2558,137.8784,276.0740,131.3959,200.8338,117.9465,84.1060,93.9536,262.9435,84.0176,243.6688,48.2690,262.3340,145.6300,294.7391,111.8475,278.4388
290.9445,85.9034,291.6050,108.3686,326.2198,85.5054,270.6158,132.1135,103.7910,177.0399,292.4223,106.4194,247.3930,42.0575,324.6911,151.4973,347.4559,116.9281,287.4161
369.6546,104.2905,357.8750,115.9768,359.9796,75.8035,292.0862,97.2555,149.5580,169.2663,313.2528,85.0990,253.5468,23.1362,342.7771,79.8729,391.5611,141.6630,312.3320
340.8345,99.5368,389.6452,117.4883,371.6286,103.7179,287.5074,65.5534,194.9181,110.2657,271.7728,46.1610,276.7170,30.1985,351.0151,39.8302,399.1107,156.6844,348.4872
301.2890,85.2294,367.0274,97.4867,368.8323,123.4985,316.5152,92.4986,203.8991,81.7680,181.6594,62.3002,269.6315,81.2792,338.2600,93.9937,374.5977,152.1575,363.2179
355.0875,98.6367,342.6243,125.0113,365.0556,138.7153,364.5497,119.0096,213.2824,106.6948,122.4985,91.3770,244.4491,124.9653,311.8802,145.2016,362.0197,151.0313,354.0302
400.6399,121.3551,360.6496,190.2873,372.4586,171.6985,380.8294,103.8143,257.2592,154.9089,129.3706,66.5349,262.7459,116.2665,322.4592,124.7490,382.3579,159.0527,331.9132
354.9951,134.2765,382.9076,205.7280,385.6893,200.3047,370.7627,92.1205,288.6080,164.5177,171.3094,42.3077,304.8958,87.3728,361.7965,106.6656,397.8302,157.5737,301.7298
315.3686,139.2167,371.6701,173.9278,391.2879,194.0319,368.9510,91.9199,296.3647,112.7000,218.4037,62.2817,326.7930,85.3195,375.6674,148.2840,372.9093,142.1893,295.5533
320.7103,120.0152,355.3231,150.8515,390.2878,160.2012,378.8512,76.0671,346.0003,71.9451,258.1720,74.6969,347.8664,97.8252,371.6705,184.5692,331.0311,112.0209,330.2740
291.6593,92.5365,355.1956,128.9537,388.5484,127.4386,388.8035,65.5232,421.7986,88.0218,284.6884,74.8499,369.9771,97.7496,390.0530,157.7345,320.0591,64.8948,357.1729
255.4128,99.7699,354.5656,96.3632,387.7050,107.4514,398.2712,70.3054,428.9154,101.3116,305.8840,98.2821,365.0966,88.0729,413.7193,110.3332,346.5072,41.6407,353.8989
284.5031,113.2500,358.4080,80.1778,392.4426,89.5904,407.9163,62.3861,365.1485,94.5198,328.1930,101.2539,357.8649,66.4315,396.0572,90.2437,367.9927,78.6546,370.4484
316.4254,90.3521,377.9400,80.7339,393.5538,77.6318,412.4428,52.5017,298.3473,118.9986,347.4467,53.5525,369.4644,31.8973,333.4810,87.8835,352.3787,121.7434,407.4548
298.2167,68.8406,385.6249,80.6540,369.1352,88.5340,398.5314,69.8593,242.3884,145.9436,361.1716,15.2962,358.0446,15.6254,266.7874,98.2088,320.6306,115.5157,402.4394
276.9380,64.1630,363.1026,82.8739,333.1980,97.2913,356.4275,108.0668,206.7087,140.5852,349.5700,7.5728,312.7234,22.6990,235.3233,133.3539,299.5249,99.1565,369.7450
237.5310,27.6083,325.6758,73.3451,322.9064,63.3783,316.0202,152.8873,232.1189,176.2213,289.7909,-1.8387,278.2627,19.5809,239.3925,172.2867,266.4884,91.5474,374.3382
153.3849,-23.4103,271.2950,37.0365,325.0632,15.4777,324.4443,180.3806,287.3319,249.0857,230.8921,11.4587,261.7028,24.8759,242.7156,177.6413,205.7159,48.1575,391.3051
128.1391,-24.5051,199.1768,15.1938,299.2704,12.1390,362.3135,160.9790,290.2889,226.4894,247.9294,63.0614,237.2514,74.5911,217.1102,141.3531,166.1809,7.2725,359.0369
199.2362,12.4253,158.9459,43.1116,255.2503,48.4020,360.1593,122.6266,248.9651,107.8855,299.5081,89.0283,208.0286,116.6441,178.9160,88.9267,179.2017,47.2928,298.0668
223.0865,47.5351,178.8639,79.9098,224.3556,82.2249,312.4862,106.5357,235.3228,25.5327,283.6199,73.5706,190.1870,104.1159,168.0193,65.7688,191.8635,105.2848,253.0928
146.3230,79.9612,200.7824,85.6490,201.6488,95.1155,278.7043,90.0200,258.6905,6.7807,214.0811,81.7103,190.3798,94.3496,189.0838,85.4417,160.9644,85.5229,211.2626
87.1914,99.6850,169.2162,86.4799,171.4268,93.3657,275.3851,70.5360,275.3736,11.6464,170.5645,108.5016,204.3392,120.3409,197.9708,94.5536,120.9623,47.9499,156.0020
92.4280,93.7085,107.4587,103.2192,135.6874,101.1874,270.1298,99.5756,265.9303,47.3983,144.0356,78.7101,206.7862,129.0166,172.8905,66.3240,98.4394,81.1124,117.4059
94.6053,79.5243,62.7621,109.2706,102.0725,127.7163,253.8475,160.4615,235.8404,85.9649,89.9599,0.7418,184.6368,108.2456,153.6366,56.0404,64.6215,152.4011,117.3673
56.1569,73.3302,50.9834,104.6117,81.0312,141.2359,231.4361,185.5024,192.0906,77.8888,37.1329,-31.6890,162.7361,93.6975,160.9167,70.2134,24.2789,206.0211,124.2635
-6.6326,95.4874,60.7106,134.2611,74.7028,140.2533,191.5461,179.3614,148.2275,50.4974,25.4260,18.6325,146.8320,80.1948,149.8506,34.8472,37.4422,233.4068,106.8582
-41.4217,159.4766,64.2635,189.7037,63.0549,169.5389,137.3748,177.4724,113.0342,32.5122,29.1551,86.0099,110.1526,62.3329,97.9299,-33.1938,97.4840,223.0248,89.9658
-1.1685,196.1202,37.5564,194.7433,34.6665,204.1670,87.3090,178.6637,70.9393,9.6938,11.9047,98.9142,64.5914,63.4012,47.3714,-29.5092,104.5625,177.2840,97.7735
47.5618,133.9402,-17.2297,133.4955,0.4367,170.3845,38.3118,186.3624,5.7670,0.7727,-14.4007,70.4220,46.2392,76.4222,23.3143,42.7056,19.9976,134.8661,87.6037
-5.2891,48.5138,-78.1310,81.9634,-38.6715,99.1569,-16.3039,196.4324,-60.0948,13.9178,-23.4216,61.2794,38.8701,84.1643,1.5316,83.0193,-69.6230,115.7948,23.0659
-117.3078,44.2129,-118.4134,77.9737,-82.1633,75.7511,-63.3800,176.7131,-86.7738,9.8326,-25.2255,83.1052,3.6794,86.0097,-34.0565,54.9021,-99.1412,105.8537,-54.0551
-168.4167,81.5728,-127.8728,77.5210,-114.4311,84.1719,-99.0764,135.4699,-74.6139,2.0622,-47.5468,100.2100,-57.0765,61.1794,-70.5187,-7.5474,-109.4028,80.9200,-105.7533
-156.6473,85.9511,-140.0067,54.3833,-143.9152,64.0922,-129.7009,108.1123,-54.1581,30.5452,-84.9842,105.2235,-118.9968,23.8681,-90.8175,-62.5384,-138.5615,24.8706,-149.2301
-138.5035,72.3478,-184.1282,32.7914,-184.8419,26.9407,-145.9149,80.9860,-35.3219,57.3854,-120.4448,115.7089,-163.4052,46.0450,-97.4755,-73.3829,-161.2098,-24.2830,-185.4039
-118.3227,72.5321,-213.4646,33.2937,-200.3798,15.7302,-150.8291,37.1971,-25.3116,41.1207,-170.4161,119.9257,-182.9857,106.9898,-122.9475,-49.3767,-154.6660,-1.4494,-198.1157
-107.6103,88.3331,-179.8983,60.5553,-170.6224,44.1710,-172.8183,2.1106,-54.4030,0.3381,-231.9431,95.2806,-199.0000,102.4086,-183.9460,-42.4097,-119.3400,67.9594,-205.6272
-143.2323,113.0498,-134.4017,102.5656,-159.3054,93.1977,-216.0850,-11.5354,-122.8434,-51.7424,-251.9322,55.4286,-237.0932,51.9537,-238.1823,-59.8666,-70.4216,96.9024,-212.4815
-206.3031,116.7912,-139.3793,118.6693,-204.7842,115.7574,-255.9924,-8.4330,-183.0159,-95.8506,-229.3471,34.2715,-279.4927,51.0383,-254.0835,-71.5125,-64.8368,76.8098,-193.4129
-227.5701,84.5021,-169.9545,87.8658,-251.4660,85.8029,-279.1401,13.8096,-215.6234,-86.7197,-231.8811,44.8500,-297.0885,76.0607,-269.1442,-77.8751,-140.0945,54.0518,-172.7103
-184.3577,58.6645,-190.3692,47.2468,-262.1944,37.8352,-281.6425,36.3236,-249.4292,-28.1031,-268.4159,70.7951,-300.7845,69.3357,-308.7554,-76.7479,-228.4061,41.9686,-192.6009
-149.7521,58.7255,-210.0961,33.5444,-265.2839,13.4672,-269.1128,38.0077,-294.1151,38.6619,-295.5957,82.3303,-307.3332,56.8305,-337.3298,-47.8540,-253.0917,50.4169,-223.7942
-205.5949,48.8754,-225.7539,37.3346,-274.5192,18.5720,-273.2922,25.3369,-327.2276,85.0324,-322.1689,66.2135,-305.9901,43.5083,-333.0912,-20.9316,-242.3525,77.6721,-232.1249
-302.5610,33.7963,-227.6036,41.2171,-280.9570,41.2352,-307.0786,-7.3040,-334.1122,64.9183,-355.9357,51.8731,-292.2132,9.0852,-312.1829,-38.9434,-237.4151,69.4604,-244.3784
-319.8955,55.9487,-238.4376,48.4431,-286.3452,57.9996,-332.9082,-57.8377,-319.4773,-24.7306,-354.7765,80.4235,-279.6808,9.1790,-286.7812,-66.6914,-216.1748,19.7353,-269.4806
-268.8024,100.1737,-257.3737,64.8747,-284.4117,58.1004,-335.4037,-80.0564,-310.0792,-89.7670,-328.1792,131.7169,-275.1236,68.4632,-278.7821,-50.9914,-178.2689,9.1228,-280.4236
-248.5269,114.5786,-248.8959,82.8979,-274.0310,67.1675,-349.4178,-70.0906,-335.5567,-94.9311,-323.0556,131.7282,-277.1680,93.2810,-311.2371,-7.8456,-161.2708,46.3610,-287.6982
-256.3124,92.5309,-222.3476,85.5095,-275.8607,85.2385,-376.3286,-78.7894,-374.6037,-99.0017,-312.1332,63.7729,-277.5181,39.0933,-346.8680,23.5656,-166.6575,51.2326,-314.6003
-255.1985,72.8792,-218.8941,70.1222,-282.7257,70.7480,-371.1527,-95.2487,-371.3301,-81.0872,-271.4661,2.7281,-256.4516,-18.4026,-331.5268,28.2143,-179.2856,23.0836,-337.4450
-280.8843,79.1301,-237.2449,56.4635,-271.4984,33.5693,-326.7463,-83.8048,-319.7730,-6.6325,-255.0456,-10.1432,-217.6996,-35.1375,-286.2441,2.2895,-203.6928,26.2109,-326.8846
-313.4956,72.8129,-247.1989,49.1510,-265.7778,19.8552,-285.3576,-77.1119,-263.3918,29.2654,-263.2213,-30.3445,-203.4066,-41.2081,-257.4795,-31.2673,-229.9273,52.3980,-289.7699
-268.3970,11.2818,-230.9087,30.8510,-274.4719,16.2550,-265.7904,-84.8741,-219.6376,-4.0600,-227.6483,-85.1848,-222.6143,-52.3932,-231.4882,-30.4100,-243.1664,58.3615,-239.0984
-181.0918,-50.2257,-191.6430,7.5163,-244.5013,-2.4604,-231.0655,-62.8559,-167.9019,20.8892,-169.0695,-111.5263,-217.7251,-64.2154,-178.8887,0.8943,-255.1850,43.1847,-178.1010
-157.2136,-43.0216,-163.8002,-6.7007,-182.7360,-18.2855,-142.1152,-26.5924,-87.9161,117.4509,-157.2803,-85.2110,-159.7441,-76.9463,-111.8454,24.6551,-265.1901,7.7375,-118.8570
-186.6174,-34.7515,-175.2705,-36.5920,-173.3231,-39.3099,-28.1736,-12.7784,20.2184,147.1523,-166.6238,-68.3037,-103.6521,-79.0552,-46.7202,42.8845,-254.1556,-46.3248,-84.7733
-198.4088,-99.7637,-191.3092,-94.1554,-207.4583,-82.8765,38.9210,-1.3977,121.6190,92.2977,-145.4084,-80.2604,-91.0858,-63.5712,20.7509,67.4374,-231.9064,-76.6394,-85.8981
-172.2620,-149.2228,-171.4107,-126.5409,-188.4120,-101.0880,46.0004,-1.9639,163.2443,60.5877,-107.6345,-77.9931,-79.8009,-48.8972,83.5505,62.1622,-206.3392,-57.2298,-94.8153
-117.1101,-108.7835,-135.6380,-101.5380,-111.0345,-71.6639,42.6787,-40.0650,136.4495,87.8604,-63.5207,-71.9287,-25.2156,-49.7455,122.6773,23.1193,-152.4066,-25.8644,-74.7110
-70.4862,-75.2553,-103.6313,-73.7897,-50.8948,-62.8461,53.0557,-54.4468,95.4018,129.7286,0.5966,-99.1326,46.0525,-59.4299,138.7753,31.7597,-75.4730,-23.9786,-31.6720
-62.3622,-107.6954,-61.9645,-87.9528,-25.0434,-96.4383,72.6891,-8.9509,98.5080,139.2403,67.1496,-120.2130,89.3989,-66.3506,148.3382,111.6790,-15.0369,-49.3094,2.7526
-33.0465,-111.5977,-16.5247,-98.3467,-2.1027,-100.9497,104.8225,26.5542,149.9917,98.7005,112.6932,-96.5831,102.2742,-64.6199,157.1525,155.8538,33.0041,-72.4017,22.6523
55.4140,-52.6488,21.8491,-61.1555,29.9976,-56.0836,129.6683,38.2350,199.0473,53.0689,136.8458,-78.3798,107.7283,-54.9619,161.6083,108.3595,94.9669,-67.0016,47.2470
108.8876,-22.3999,61.7573,-25.2207,72.7931,-27.2649,127.4074,79.5172,198.3632,59.5439,138.7924,-87.8961,127.3480,-41.5425,164.8012,54.5017,147.2501,-44.1229,96.3140
85.0951,-44.9308,85.2641,-40.6208,117.3303,-41.7759,133.6296,116.4079,161.3021,91.9313,131.9204,-58.0084,166.2704,-28.9118,171.0890,47.2366,161.1633,-39.0795,167.1975
90.1983,-49.0033,78.7325,-55.0899,146.3290,-50.0568,163.8418,106.6964,137.7034,92.9152,144.0495,16.6198,198.9438,-24.6343,177.4670,44.9862,167.6210,-45.0631,224.1798
165.2262,-19.2518,94.9430,-15.3843,175.1068,-21.5484,171.6577,107.7606,149.9318,77.4290,166.3722,40.2183,199.9603,-28.4853,184.4638,47.3216,200.5529,-27.9464,249.5521
232.5577,-2.7063,160.0235,21.0718,223.8537,1.5214,170.0165,135.4245,188.2483,84.7662,179.4067,-9.5305,192.1952,-21.8892,200.0744,76.0277,235.8319,-5.3135,277.3745
266.9234,-8.9579,214.1420,6.5303,264.4578,-10.9053,227.8145,124.4550,233.2811,86.5409,208.2725,-43.4115,217.5244,5.0027,225.8581,77.1677,243.5937,-11.6915,316.8368
278.7678,-14.1340,242.1807,1.6322,278.3936,-11.3513,315.8242,81.7330,257.2651,40.8363,261.7776,-20.8551,271.6998,34.6209,250.0462,32.6190,244.6896,-20.2411,329.6454
244.6238,-15.0127,295.5999,29.8777,303.1484,21.4681,351.6251,66.3261,249.3007,2.0905,286.8789,8.3298,312.1835,56.1175,254.1175,25.0752,263.9963,1.4286,323.8065
210.4746,-16.4364,354.2428,20.4052,352.7044,23.7315,339.1274,71.5174,230.2810,45.1404,258.9659,14.7792,308.0267,83.1890,230.7632,65.0220,279.1226,24.8762,329.3833
261.6637,-4.7235,362.5263,-18.0478,384.9623,-9.2650,303.9831,67.5273,210.2697,95.1967,232.8143,20.6598,264.2935,116.7382,202.2978,62.0716,274.3785,24.8841,306.5775
351.7962,27.4876,353.1021,2.1481,381.8711,3.6280,241.7078,49.0914,186.8109,34.7272,256.2929,36.3509,224.6008,127.1268,199.8924,13.1785,283.7125,21.6297,233.0362
374.1669,55.9660,365.4377,53.6501,365.7899,46.6014,201.1655,6.3486,191.3134,-57.8167,301.2897,42.6350,231.2258,97.8795,221.0278,-3.1064,315.4407,19.5681,180.5476
331.7325,53.8198,356.8252,44.2715,344.3410,31.7622,222.9392,-39.8543,258.8830,-39.4945,311.0403,26.7657,263.5404,60.9572,244.2564,12.9847,320.2308,-3.3205,191.3604
273.9850,25.0857,306.4881,-1.0134,315.3972,-12.0479,239.6895,-33.9291,370.7095,45.1676,278.9384,-3.9083,265.0200,49.0734,268.2062,8.1053,283.3711,-37.9819,222.6448
209.7977,-14.9069,264.9065,-19.2358,289.7885,-18.1994,214.7700,14.3291,479.4208,100.1578,246.9474,-45.1219,230.5553,35.8978,289.7330,-17.6354,241.4867,-53.6142,244.9622
167.1559,-66.7886,253.6679,-38.9629,269.0426,-25.9634,227.2549,36.1267,544.3906,136.3543,236.0250,-102.5958,203.5750,-10.3547,290.1976,-32.0468,195.5175,-47.6727,262.2565
169.1040,-126.6724,244.4575,-82.5251,246.2050,-58.2444,305.5040,25.8821,538.3498,140.6084,227.1891,-160.3315,207.5753,-52.8577,281.4368,-21.8756,129.0068,-36.8925,283.3087
154.2307,-160.4989,223.3638,-98.5696,232.7786,-58.3507,378.4939,39.2854,478.9838,89.8533,214.2016,-178.7157,233.3382,-54.6216,296.3022,1.2235,84.8751,-27.5645,333.2701
84.2278,-135.0529,197.4521,-66.9120,242.6179,-30.7139,407.7288,84.0038,411.0752,65.5825,210.3134,-148.2206,257.1724,-48.0227,321.8267,8.3192,104.6418,-15.4604,397.2812
50.7013,-73.9168,181.7803,-31.6298,264.1897,-26.8108,390.7590,113.6250,339.1320,81.9712,205.7099,-102.8880,255.4492,-52.0697,318.1262,-10.8848,145.6627,9.4761,408.0357
119.6648,-44.5126,192.8569,-20.7119,280.1027,-28.4863,330.7877,118.0204,266.7525,41.2602,183.9901,-73.8533,241.0792,-37.3086,287.5050,-30.9586,144.7735,50.4186,375.1957
190.6490,-68.4432,216.1465,-24.8430,289.1690,-10.8506,296.7179,132.7494,245.7656,-13.0405,159.9683,-68.3785,249.4227,-16.9416,259.5219,-32.2987,103.8922,80.9738,369.1219
169.9669,-88.5796,217.0433,-28.3153,287.6571,3.3816,338.7817,151.3043,273.3923,16.5497,153.9212,-70.8317,263.0061,-25.0187,241.2201,-23.5255,75.5766,72.0811,361.7286
138.6685,-59.2439,198.2346,-16.3880,262.2588,21.6039,368.0531,119.8340,262.9193,33.9354,159.7634,-52.4257,236.8553,-29.5146,224.0791,-27.6705,99.0970,53.0617,287.7597
175.4625,-8.3750,189.3136,19.0528,225.2335,65.2068,314.3532,45.2239,199.9768,-27.8048,159.2216,-21.4705,194.8444,-6.8048,208.6723,-60.5524,150.2807,84.9486,190.4160
190.9844,26.6997,191.6576,63.9352,216.2480,100.7984,259.6671,0.7289,157.1297,-43.0810,146.1729,-14.3709,185.9874,-0.0039,202.7498,-90.1360,166.2301,152.3591,129.3120
115.5173,44.8771,184.0755,79.4436,230.6418,90.3227,244.4668,-0.1813,133.4270,7.3506,130.5188,-1.5216,180.3866,-13.8752,199.3195,-68.5215,133.3556,157.1425,78.8544
40.0996,38.0826,151.6855,34.6125,199.8614,36.2015,177.5864,-13.3785,75.3748,0.5050,110.0577,70.8982,125.4210,-5.2374,163.5406,-34.8430,95.1979,61.7445,19.8174
21.0098,-6.0762,90.1070,-42.9739,102.6021,-38.9287,56.9173,-44.6364,8.8179,-38.8243,55.7975,141.7704,47.4656,7.8271,72.8781,-56.6278,67.0628,-39.5528,-12.8410
-18.0998,-56.0314,21.0591,-88.1204,18.0823,-90.1042,-0.9145,-41.5480,-30.3830,-10.5151,-28.0569,120.4611,1.2941,-14.6871,-36.1157,-84.5735,24.9887,-58.1306,-2.5503
-98.8717,-75.8087,-18.4683,-85.9894,-4.7861,-88.2759,1.5591,5.6431,-84.1368,47.6346,-77.7915,57.4442,-17.4167,-39.8775,-105.1357,-47.0548,-32.7042,-38.4371,16.5992
-147.7613,-87.2585,-32.8107,-79.0751,-29.6007,-75.7518,-46.9499,41.1251,-158.5613,52.3854,-72.4823,42.8660,-43.5826,-22.4258,-118.0445,-0.3256,-90.6969,-60.9703,-11.8342
-152.2045,-118.1338,-59.7686,-89.5041,-104.8267,-92.3819,-142.1711,17.2150,-185.8417,-22.1314,-65.7711,60.9627,-79.3508,22.5884,-102.7277,-8.9708,-146.5124,-103.3477,-98.0902
-149.8382,-133.5547,-97.7371,-99.9141,-169.9599,-104.1896,-194.0842,-37.5268,-178.6010,-136.9822,-64.6267,79.8460,-103.4359,51.9900,-108.6923,-29.7541,-189.3060,-103.0792,-163.8417
-137.2939,-90.9252,-110.8518,-90.4581,-169.7495,-84.4642,-203.7496,-45.0497,-228.8394,-168.4186,-34.0472,106.4051,-119.9313,37.0986,-173.6837,-26.1468,-202.3348,-80.1563,-150.1566
-120.6018,-21.7668,-104.2291,-58.1850,-151.3115,-64.0089,-213.3719,8.0105,-313.0208,-75.7779,-26.4927,109.6886,-154.9416,-4.0913,-268.8262,-24.3854,-196.8976,-90.6625,-114.8374
-132.6792,9.4281,-123.6958,-28.7681,-177.6358,-62.8906,-197.0665,42.9799,-310.1989,-16.9719,-108.2644,72.2473,-203.9472,-12.5238,-318.4253,-33.8157,-197.7309,-123.1952,-127.3426
-161.8519,-0.9698,-182.4072,-32.9047,-240.0034,-65.4863,-155.5494,13.8957,-226.9795,-60.9161,-209.0725,53.8615,-240.2088,22.5866,-298.1135,-41.2218,-205.8027,-130.7470,-176.0756
-178.6461,-13.1865,-242.1138,-53.7678,-307.1830,-59.1488,-173.4300,-32.1242,-183.8564,-61.8030,-232.8997,67.4854,-277.0811,40.6529,-254.2926,-32.2848,-204.8428,-114.3350,-229.7679
-197.0775,-26.7563,-268.7666,-58.7514,-377.2418,-52.3578,-267.7669,-45.7434,-191.9442,17.7963,-208.9762,41.6549,-339.5357,15.9262,-235.0564,10.5551,-195.0212,-109.1407,-268.6165
-234.3106,-55.3796,-275.6921,-58.7619,-436.4079,-65.1989,-338.9470,-32.8860,-159.6222,59.3989,-196.0906,-21.8577,-391.9200,-11.0322,-248.8690,53.3994,-201.1816,-122.4231,-277.8636
-274.1844,-58.0391,-295.5174,-59.8721,-442.9736,-89.2025,-342.8563,-21.8314,-82.1615,75.4352,-190.0157,-32.1428,-394.1802,-10.1602,-266.3293,36.9694,-238.2545,-130.6168,-284.7408
-296.8796,-7.4707,-321.8759,-38.1742,-397.9479,-81.0869,-345.9179,-28.6613,-39.1693,149.4876,-194.0083,32.4617,-378.8021,17.2360,-262.9772,2.3173,-282.6748,-119.9954,-311.9758
-299.9890,31.1804,-321.9498,-14.0768,-358.0454,-42.9381,-375.9211,-33.0773,-69.4594,229.5410,-222.8826,89.9705,-377.7799,55.5137,-269.0829,32.5045,-306.9044,-94.5904,-312.8621
-294.3423,5.3622,-301.1584,-24.1769,-344.6245,-26.1758,-384.3326,2.2011,-167.8314,255.7287,-240.3653,70.7203,-360.2273,73.8341,-314.3605,96.1008,-317.9426,-53.5420,-263.3419
-279.3153,-27.3442,-290.7025,-27.1380,-321.9001,-21.5877,-360.7034,64.0495,-305.9135,266.7114,-213.0218,5.8064,-308.8446,67.2427,-355.3481,118.0784,-320.7548,-1.9688,-211.5027
-240.1280,-4.5609,-281.6077,18.6102,-278.6754,19.3553,-339.7791,103.0950,-416.6416,258.8770,-167.8227,-10.7929,-259.2405,75.4204,-353.8004,112.0064,-294.1793,22.4603,-181.5886
-208.0290,44.8890,-247.4874,60.6894,-244.9897,67.2235,-324.6501,107.8840,-457.3461,169.4328,-135.1372,46.8427,-238.5480,110.5153,-339.6385,119.5091,-244.3132,-12.5385,-180.6851
-233.7885,74.6412,-209.0035,58.4476,-234.4305,68.5368,-305.6826,86.4255,-444.8997,18.6469,-115.5024,108.3351,-237.7905,133.9488,-318.6587,130.6446,-216.4874,-70.5250,-243.8681
-265.8503,81.1390,-195.5231,53.3287,-237.4890,48.4057,-296.5517,35.7916,-395.5678,-90.1765,-111.8061,135.5246,-233.3858,127.1799,-262.5137,113.2414,-232.9007,-75.4810,-334.8168
-217.4488,67.3398,-186.8997,65.9384,-240.9045,48.5424,-295.3916,-9.5635,-343.2106,-106.2051,-127.4888,152.1843,-215.2711,111.4663,-211.2753,61.2645,-274.4257,-9.0649,-351.2170
-133.2943,37.0703,-161.6819,67.1189,-226.6993,62.1906,-278.6394,-2.3809,-346.7652,-82.0762,-151.6844,147.3015,-211.0098,102.6449,-218.7459,25.9571,-313.8837,60.2686,-293.4870
-101.2558,16.6176,-138.0921,56.3129,-199.8563,69.1793,-242.6599,32.7101,-359.5083,-68.5321,-170.5401,106.3885,-239.3340,98.4365,-244.0105,60.3462,-327.2594,57.9225,-242.8037
-106.5822,23.1290,-128.6755,50.7609,-191.3896,52.0550,-194.7723,46.7741,-273.7291,-35.1458,-170.5926,77.0912,-250.6182,96.8589,-227.6182,112.1011,-300.8850,-1.2630,-211.4607
-119.1300,32.3501,-125.6456,38.1649,-198.7719,8.4926,-140.1313,47.6664,-143.0832,27.5057,-155.2578,73.9539,-208.0273,100.0720,-174.6939,102.5427,-251.5984,-34.0806,-179.1903
-143.1273,12.9899,-134.3525,8.1584,-195.6322,-24.8040,-104.9406,51.2937,-87.6871,48.0918,-159.9462,52.3056,-166.3655,100.2102,-110.9730,69.7570,-212.1078,-16.3123,-157.3211
-143.2453,-15.8428,-159.4056,-20.3813,-188.2442,-23.3528,-96.4662,44.2621,-60.4403,12.1506,-197.1277,29.9083,-163.9914,80.4463,-64.0573,54.8846,-194.2566,-9.4326,-128.1400
-115.7211,2.1739,-177.1913,-20.7139,-173.8616,-8.7768,-61.3382,33.7021,-0.7656,-12.0281,-222.6704,53.2257,-155.8576,48.3949,-62.0354,-0.8417,-184.1904,-32.0258,-65.4501
-118.0260,67.4557,-161.5000,13.6775,-120.7058,6.9215,15.0640,41.1771,8.4924,-11.5914,-208.0319,76.9947,-126.7808,32.6676,-90.7050,-81.9821,-160.2877,-30.2185,-7.8775
-105.5723,102.7554,-111.2425,46.0986,-53.5608,19.7559,45.1485,54.2091,-42.4858,-1.2493,-175.6309,47.5815,-113.4560,28.4639,-117.3029,-74.5979,-112.4445,-2.1918,4.2082
3.0766,77.2595,-50.9704,36.5557,-27.0955,5.2560,-8.4330,51.3358,-43.8414,45.4436,-142.9501,5.9417,-101.9066,16.6907,-129.1376,-1.8809,-53.9544,0.7961,-0.9180
105.7238,58.9405,-20.3034,19.9627,-12.3423,-14.8319,-35.0234,41.4899,-2.6436,90.0156,-114.3324,-0.7062,-56.1150,20.4527,-96.4599,11.1252,-4.9031,-8.5615,20.0991
84.4734,80.4734,-27.3968,49.3560,34.7841,14.7104,43.2324,39.3724,0.2994,57.3954,-101.8420,11.9144,1.2661,43.3896,-7.4413,-23.6125,35.2813,11.2378,61.7932
48.4066,84.5241,-25.8739,80.7953,71.9081,60.0067,127.4882,36.4489,-17.5209,-2.4276,-87.2994,11.1468,44.1698,27.2472,67.3853,-26.0184,81.5451,38.9098,78.3635
115.5538,51.7407,12.4607,55.0285,72.8522,52.4099,109.2123,26.5525,-37.8812,-13.3304,-36.5505,-29.7009,88.3013,-33.2261,83.1897,-16.2867,128.9987,57.0503,52.1197
194.5132,35.6232,57.6131,22.9371,90.4382,29.4849,56.5581,38.9336,-77.4774,-9.1030,21.5035,-109.4248,137.3393,-64.4481,96.7908,-16.8270,149.7358,91.7779,44.0239
186.8682,52.1699,90.0424,37.0660,143.3100,44.5615,100.7776,94.4342,-69.0689,-3.5410,34.3526,-166.9055,174.6722,-53.9891,137.0569,15.6356,138.3908,114.0208,107.0931
148.1283,60.6289,121.6346,37.4162,185.8007,41.3764,219.9280,139.1034,28.0528,37.2586,22.6120,-151.3760,195.4458,-59.3735,167.9821,59.3241,126.9846,58.7108,182.5053
153.3047,36.5776,141.3198,-22.0411,187.6032,-28.9326,276.7881,113.3948,118.7773,66.0138,34.9935,-95.8002,199.2307,-88.0619,196.2185,37.8653,132.8806,-37.9788,201.0627
195.3580,-8.2842,136.4220,-79.8368,157.8435,-99.7433,245.7128,66.9421,155.7171,54.8547,64.1948,-50.6196,194.1098,-104.4137,236.7631,-15.4838,142.2564,-77.5120,205.4708
227.3060,-42.3433,137.1794,-87.0956,142.9325,-102.7754,240.1779,74.2046,191.6698,76.3235,77.7833,-20.5934,196.6181,-100.8900,249.7982,0.9655,162.4056,-51.5524,244.2011
226.4839,-45.0739,157.7290,-76.2479,183.3015,-72.4138,293.2886,90.3768,222.7519,99.2409,72.6593,-8.8091,198.3040,-90.5139,236.5655,62.5282,213.7704,-28.9290,268.8309
226.5079,-46.7240,164.8183,-79.0967,223.8110,-73.1007,302.5020,39.9284,234.2838,0.9585,76.2830,-33.5222,190.9322,-89.6887,254.6218,47.0788,264.9283,-37.5759,236.0605
254.1313,-77.8556,155.7128,-88.9062,195.0692,-97.3638,241.0056,-40.9588,275.0713,-147.5034,120.5933,-79.4077,205.3868,-104.5939,302.2354,-45.4087,273.3979,-48.3222,190.3180
260.4804,-95.2421,170.6424,-88.1225,168.7929,-90.4791,211.1556,-82.1261,324.0444,-173.2872,190.9794,-100.3399,247.8383,-110.9780,336.4163,-90.3678,267.6777,-36.9207,187.1115
216.2307,-57.6639,211.7357,-59.6664,228.3135,-48.8859,244.8478,-94.0787,302.4224,-129.8376,228.8725,-77.1645,270.3140,-94.2271,351.9240,-67.8342,292.5253,-13.0867,210.9158
208.1720,-9.5825,239.3025,-13.8638,297.8286,-22.7926,265.9124,-117.7362,237.6046,-176.6758,231.5146,-32.9429,264.5522,-72.2315,348.0241,-82.1969,333.4200,0.5248,203.2348
312.1843,5.3847,243.5187,8.2180,304.4998,-23.9294,248.4479,-151.9077,201.9310,-266.7755,259.2728,3.0494,274.9555,-46.9311,320.2479,-146.0031,359.9034,3.8694,156.9287
438.8210,8.9487,254.7266,5.3911,305.9563,-17.4703,221.9811,-172.4731,195.6992,-273.3563,309.6988,16.5025,305.3535,-17.3457,291.5803,-176.8535,365.5822,22.2167,143.0703
434.9252,17.4556,287.6407,21.2679,332.8662,7.1881,190.7717,-174.2452,206.5288,-251.1328,321.1552,2.0263,328.7595,-12.2727,257.1850,-176.9122,351.5490,64.9645,203.7406
311.9037,24.9544,315.7884,51.1376,346.7498,34.6520,179.1877,-175.9726,224.1428,-286.1093,298.9948,-31.1731,347.9170,-30.4197,182.9037,-196.5836,333.9904,100.6664,280.5923
236.3599,41.2735,309.0490,48.4301,352.7542,47.3532,223.9196,-181.0035,216.9609,-283.1451,296.6788,-56.3884,358.6680,-43.1444,114.6824,-212.6009,330.9833,93.8687,310.4992
259.8025,55.9203,276.1669,18.2923,353.4654,20.5730,273.4974,-161.7717,201.1729,-171.3558,315.4273,-58.9201,334.7448,-67.0749,145.2292,-195.1040,320.5379,53.1293,298.7627
250.2383,40.1064,249.8167,-1.7886,313.8150,-32.1634,256.4265,-123.1293,198.2686,-93.9950,323.0117,-44.5370,292.6959,-101.8368,248.4335,-157.6025,283.7378,13.9504,263.0423
178.6707,17.2055,244.3604,-10.8723,268.4212,-47.1917,212.2144,-113.2735,150.0785,-142.1001,303.8076,-17.1084,282.3622,-85.5647,298.9052,-99.9739,253.3571,-10.3236,217.1360
183.0397,24.2500,252.7940,-14.5945,272.8561,-15.0068,207.8548,-128.3960,50.9466,-181.8981,257.2872,7.7144,306.4268,-20.8127,259.5061,-42.2396,247.5261,-19.3472,197.6776
262.6544,43.4675,258.0379,2.3631,283.9178,11.2024,225.6550,-115.9792,-1.9319,-150.6716,209.2266,3.5786,319.0736,22.9364,212.5695,-35.5563,240.8715,-0.1139,212.2323
274.9641,62.0591,238.1409,34.3586,261.8312,30.9601,229.1807,-81.0116,-9.0619,-163.7924,192.4773,-12.1391,292.3834,47.8387,200.1355,-54.1097,229.7979,31.7857,213.6475
230.0655,93.6163,201.6720,56.3644,240.3052,66.3061,211.5141,-58.2831,-60.6375,-212.0004,194.7625,-3.5365,244.1363,82.9097,168.6802,-28.9952,221.7793,21.8121,173.5264
216.9086,108.4318,187.3307,63.5738,213.7459,70.7314,156.3431,-29.6557,-129.9326,-161.4760,189.4648,10.5249,205.0790,98.6561,103.4498,27.9926,196.3877,-33.1663,107.1525
188.6880,83.3768,190.2979,62.7495,156.0101,24.0565,63.6768,9.2675,-152.2108,-57.5422,173.9230,13.5536,172.2185,91.6357,64.9028,79.4222,160.2806,-66.2233,25.1401
113.2492,74.5674,165.2671,61.9617,108.9954,2.7344,-27.0327,4.1174,-184.1279,-50.2672,134.3521,39.9572,118.9277,88.6958,45.8324,113.8355,153.2449,-46.2056,-64.2818
65.6848,109.5253,120.3330,76.2552,87.3033,45.1400,-97.8605,-51.5675,-267.4632,-124.1325,78.1884,71.4287,52.8164,66.9000,-22.2713,88.4155,164.4170,-5.4353,-129.6883
45.3203,125.4709,98.4566,95.6263,41.1197,88.1657,-158.7885,-88.2446,-329.9047,-165.6073,70.8221,41.5024,9.0907,24.6494,-102.5925,11.0838,148.1734,27.2821,-145.3095
4.7146,97.4222,77.9910,84.4664,-17.9605,83.7430,-191.9115,-69.4652,-327.6471,-138.3806,108.8726,-21.9663,-11.8935,4.1135,-110.4996,-6.7309,106.8853,39.1733,-122.3511
-19.5599,70.6236,14.3545,49.5350,-46.7201,54.8776,-179.8978,-25.7047,-301.8596,-85.8461,86.6837,-52.1420,-38.5707,-19.2975,-95.4599,43.8649,70.0909,31.5260,-99.3482
-28.9831,56.4414,-62.9953,39.5404,-76.4111,38.9727,-165.9293,2.0143,-294.2434,-81.8567,-2.4945,-70.0595,-79.6675,-68.7238,-148.8893,32.9769,40.5588,34.9311,-108.7453
-80.3656,45.7536,-103.3507,62.5185,-121.6816,46.5855,-202.0615,-5.3178,-314.8302,-132.7529,-52.5714,-86.8745,-125.1417,-70.1201,-236.6879,-45.5758,2.2216,58.2476,-141.1736
-136.8798,60.5366,-118.3415,78.3352,-129.8877,60.1208,-256.5614,-27.5394,-335.2168,-126.8509,-70.5522,-57.4207,-157.3537,-13.4965,-286.5703,-72.4385,-60.5628,68.0591,-156.1391
-163.4633,88.3011,-144.7143,65.2712,-112.1697,61.0175,-249.2219,-20.3475,-309.2394,-20.9340,-138.6996,-17.3782,-156.5319,-2.1840,-293.9742,-41.2723,-136.4474,66.4481,-142.4361
-207.3773,79.3861,-187.9110,36.6335,-137.5397,52.9348,-189.9012,13.9858,-261.0246,56.7987,-203.8366,-33.5224,-144.2389,-47.6359,-274.4261,-27.1579,-181.0151,80.9902,-142.6224
-229.1882,49.0618,-227.6199,15.6058,-195.5677,42.3737,-188.1102,20.5523,-266.9267,23.6199,-183.2053,-56.1681,-179.5232,-71.0456,-256.5955,-37.7014,-184.5428,88.2206,-198.9364
-160.8559,55.2895,-243.2085,21.1649,-233.1396,35.1053,-272.6953,-15.4556,-318.8891,-50.0537,-146.8257,-39.7443,-263.9903,-71.9745,-289.1143,-58.6538,-194.0671,71.5603,-292.9345
-106.3385,87.9075,-238.9190,47.6342,-262.9476,47.1982,-337.7345,-42.1346,-335.1160,-85.4668,-176.8166,-49.9292,-331.2081,-82.0003,-360.8463,-87.5959,-231.8268,65.4920,-365.6744
-163.1871,89.4465,-245.8075,60.9988,-316.7587,65.2650,-338.9074,-26.5409,-302.9586,-48.3350,-228.8964,-104.1567,-357.6870,-82.3052,-410.3921,-97.6712,-277.1543,60.5136,-394.9521
-245.0704,54.8622,-281.3289,47.1030,-371.2431,55.1561,-358.7025,0.3711,-290.8347,53.8426,-260.3166,-127.6695,-381.7699,-69.0698,-427.9190,-87.1885,-325.2677,19.6271,-417.5503
-286.8301,32.4657,-333.4356,35.3065,-390.6808,37.9009,-421.9481,1.8079,-329.5714,126.1564,-303.6407,-108.2731,-415.6131,-57.2241,-442.9957,-79.5351,-377.0090,-16.8762,-461.8872
-333.6648,35.5675,-393.6728,36.6504,-390.0577,40.1034,-452.2457,-13.9425,-362.2369,104.7937,-367.9020,-94.6944,-441.8379,-46.3518,-455.3148,-55.3080,-421.6144,-12.2364,-502.0583
-396.2587,12.3839,-454.7929,8.6584,-414.3114,12.3207,-424.1059,-25.8179,-332.5753,70.3979,-418.4418,-98.3108,-466.5990,-56.9495,-446.7928,-15.2847,-477.3439,-14.2692,-507.4436
-457.4285,-53.3978,-487.1581,-55.5564,-465.7385,-56.1226,-387.6543,-41.7917,-280.8755,79.5548,-441.1696,-107.5509,-493.2737,-89.2764,-423.5166,-23.1565,-557.1285,-36.4122,-496.5751
-514.9543,-81.9113,-477.1322,-73.8578,-495.6302,-72.8017,-384.3742,-71.5549,-281.6129,69.4402,-444.4192,-103.7101,-500.8270,-84.4701,-426.7531,-83.3002,-610.2785,-32.2449,-508.2668
-548.9653,-35.9441,-457.3179,-11.2130,-491.4582,-18.2360,-429.3810,-95.9494,-317.8951,19.9123,-440.3690,-67.3096,-500.1644,-36.6596,-474.8756,-118.9293,-599.6900,-20.8241,-540.8109
-571.6291,-7.9351,-455.2394,27.5888,-502.3267,10.9123,-497.4780,-100.4875,-325.3004,-23.4830,-438.8109,-32.1431,-530.5087,-8.4809,-495.3285,-94.7742,-564.6251,-54.0421,-553.0100
-587.3637,-45.3091,-460.2738,-29.8034,-545.8857,-14.2712,-530.8597,-94.3666,-307.1344,-58.4600,-428.5681,-35.1398,-579.3951,-4.2691,-442.2287,-39.2955,-542.9664,-110.4737,-529.9686
-513.1079,-64.6340,-466.1154,-92.9446,-581.4697,-39.8907,-519.8898,-75.4749,-287.1297,-71.0527,-406.5724,-32.2515,-599.7092,3.7928,-430.5795,1.0484,-533.2494,-144.7646,-502.4541
-378.3470,-38.6486,-486.6907,-82.1561,-588.9297,-54.2145,-492.7085,-34.2873,-237.3210,-17.7721,-416.7386,3.5856,-596.4520,0.0871,-529.8934,-7.7085,-539.6046,-144.3847,-488.2310
-370.2372,-36.8362,-512.2659,-53.0163,-585.6746,-59.5753,-449.7117,7.5285,-157.0339,45.7469,-475.6904,16.0928,-600.7376,-2.1984,-580.6614,-29.8084,-554.8389,-111.1313,-482.7890
-460.4472,-50.2154,-508.8047,-46.8684,-576.0361,-34.0878,-420.1690,21.4249,-115.6190,23.8176,-502.7834,-2.4571,-589.1171,32.8014,-478.6560,-8.2460,-540.2015,-72.2281,-496.2025
-436.2118,-27.6567,-468.7742,-28.8504,-545.1555,-2.5235,-451.3117,12.3455,-157.6243,-38.6338,-430.6823,6.9657,-522.0402,63.2750,-374.7373,16.2187,-484.3904,-57.7063,-513.1752
-345.7741,-17.0612,-415.4891,-11.1680,-487.2697,-7.0326,-477.8341,-5.6101,-252.3761,-37.4901,-320.4791,33.4213,-423.4473,42.3752,-376.5249,-0.0348,-412.7940,-50.7395,-478.5291
-352.2787,-49.8466,-368.3132,-28.4369,-419.1266,-21.6871,-416.4278,-26.8925,-335.0869,7.4132,-262.6262,28.4933,-344.4035,12.9400,-385.3669,17.0278,-337.5661,-36.4633,-399.1505
-361.5367,-51.6499,-335.5102,-39.1475,-364.7717,-12.8379,-341.1219,-28.3521,-352.9296,27.2510,-247.6714,16.1022,-290.7571,13.0009,-336.3318,95.8573,-275.8053,-29.9675,-339.3167
-296.7249,-12.4251,-318.5768,-18.3741,-318.9635,-6.4737,-326.5422,12.1079,-308.5875,54.0295,-223.6880,28.8309,-242.7304,14.0203,-282.6169,131.7850,-260.0613,-20.1080,-291.2156
-294.2206,-18.4790,-307.0294,-21.9417,-264.7518,-28.1462,-298.5083,62.0429,-258.9205,130.7128,-188.7972,42.3401,-203.3750,-8.8552,-255.5367,88.9597,-271.7960,-4.2653,-223.0064
-337.8085,-66.0915,-292.0846,-61.0477,-231.8607,-60.0589,-227.0811,61.7379,-242.8280,178.2324,-160.3215,40.2157,-187.0737,-47.5109,-251.9963,42.5047,-251.3334,-21.2798,-188.0192
-258.9713,-74.8416,-276.5009,-76.2236,-244.8611,-74.2039,-190.0598,11.7723,-252.4072,128.2762,-134.1522,30.8187,-186.3754,-80.7352,-264.9229,13.9108,-194.1513,-46.2243,-204.5089
-119.4445,-51.8222,-248.8298,-58.0772,-243.2515,-63.5851,-180.9987,-26.2721,-272.7460,73.6600,-107.2328,0.3407,-176.7829,-96.5396,-268.8968,-11.8960,-143.2076,-11.9101,-188.4033
-80.0248,-55.5144,-189.4500,-47.2259,-179.7797,-47.6293,-147.8214,-28.4585,-286.8018,93.9746,-83.6460,-59.6970,-147.0373,-113.8894,-273.5591,-16.6317,-104.0662,37.7535,-123.9322
-94.3514,-77.2590,-115.3987,-48.6597,-112.9496,-39.5376,-132.5406,-37.6401,-271.7141,96.6509,-70.0499,-112.1462,-110.8192,-130.9372,-304.7402,-21.2951,-61.7874,31.7851,-80.8122
-74.0158,-73.7700,-60.7709,-37.4314,-82.6480,-18.5843,-150.1929,-68.1803,-229.3788,19.1625,-84.3432,-118.9558,-86.8900,-99.3851,-306.2270,-62.4596,-36.7226,23.2525,-58.1034
-50.2927,-39.6241,-29.2059,-3.3730,-40.6997,17.6996,-133.1290,-77.2760,-168.4836,-46.9967,-116.3866,-94.4398,-79.7535,-42.0341,-223.2200,-109.1498,-38.6637,50.4075,-28.3916
-46.0248,-9.4643,-17.0569,26.5564,10.3848,19.4678,-86.2367,-71.3292,-74.2928,-61.8726,-113.4060,-80.0097,-85.8063,-54.6843,-112.6379,-141.1399,-29.3915,29.1800,-20.1476
-46.4324,-29.0820,-30.5023,-1.9365,-0.1723,-39.9969,-57.8513,-110.1161,43.3531,-78.7548,-77.8133,-81.1335,-97.5609,-118.8872,-31.5856,-173.4325,4.5805,-73.5726,-8.6165
-55.5534,-105.0918,-49.5049,-91.3140,-49.7338,-119.9827,-11.0069,-165.9060,136.4261,-75.4633,-84.5561,-69.3100,-93.6286,-123.3775,32.5392,-164.3405,21.7525,-169.1176,72.4372
-65.1951,-182.4440,-42.1095,-162.4307,-39.5100,-171.8886,81.1635,-148.4577,190.1362,-29.1604,-131.5032,-46.4859,-52.8930,-74.2111,73.1886,-97.9773,14.7361,-198.6680,178.5928
-59.7056,-208.4230,-8.9240,-168.4975,33.5108,-183.2510,164.8123,-87.5445,226.7375,-21.8026,-118.5029,-46.0437,16.4347,-63.1312,80.5980,-69.9466,36.5422,-188.6201,231.5237
-26.9211,-191.1200,40.5467,-151.1858,91.4948,-172.6240,214.2551,-87.4123,250.2819,-65.0116,-22.0948,-65.4145,85.3502,-98.6109,97.8660,-113.0734,100.5974,-179.0786,255.2011
57.8199,-164.8293,104.8226,-142.8907,120.4519,-166.2017,242.0069,-121.7782,267.0258,-66.4535,74.9130,-64.6795,136.4233,-125.2658,145.4898,-129.8393,154.8637,-182.1846,280.1707
161.7523,-135.1205,165.4000,-124.6007,168.1918,-157.6471,247.2398,-98.0282,302.3771,-41.5842,133.2991,-25.1388,174.3872,-107.1875,199.1661,-90.6420,179.1371,-174.8824,282.5630
205.4328,-86.9732,218.5142,-86.3993,241.5746,-123.6923,259.0954,-59.3836,342.3392,-83.3880,183.0100,37.3527,212.1456,-46.8547,253.8738,-66.1318,211.1987,-141.2438,272.1516
213.8629,-29.7743,287.2520,-43.8691,296.3276,-82.6520,297.5188,-97.2699,346.8306,-174.7714,234.4468,92.2625,248.7100,2.3324,304.9919,-69.8464,270.3446,-115.6143,276.1646
267.4153,-1.9351,346.6683,-19.3085,304.5285,-62.7282,302.1885,-160.7878,330.3163,-231.8683,273.3226,112.9511,265.7142,0.1040,337.7190,-63.3786,328.7448,-118.4263,283.4525
333.9588,-20.6807,347.4013,-31.3848,281.1749,-52.1965,248.5067,-151.6056,334.9977,-215.4163,293.8738,100.6758,259.4693,-6.2246,363.5697,-40.0142,353.0677,-118.6296,298.8858
355.3326,-63.8587,319.8382,-67.5912,255.6631,-52.0274,210.7790,-95.0595,365.7802,-134.8405,297.7065,76.9106,254.2820,19.6044,374.2366,-6.6836,338.7135,-113.8971,335.0835
362.0242,-108.9912,319.3074,-96.3422,242.6284,-85.0465,215.0353,-71.4187,420.0962,-44.9678,301.8000,56.6033,260.8670,26.1834,343.3087,19.5890,314.3459,-126.7111,346.7402
379.3624,-137.2036,328.8578,-113.3027,241.4078,-123.1311,216.7413,-85.4121,498.6768,12.6518,326.7291,51.9077,266.1134,-6.0433,326.0043,12.7849,310.8466,-125.5145,308.1125
394.9912,-121.7176,330.5328,-120.3604,257.0318,-123.6690,227.8379,-87.7588,559.1156,70.7630,358.0186,57.7610,281.0082,-24.7273,388.2880,0.3373,318.4181,-78.3719,284.0031
403.6534,-77.3624,351.6942,-103.2052,306.1062,-103.7339,278.3728,-53.2108,558.5414,134.1299,368.2671,42.0011,330.1610,-17.4442,467.2297,26.8798,311.5084,-17.2459,320.8946
381.2815,-57.6202,384.2975,-72.5431,382.8018,-80.9815,328.8094,-14.0576,520.3380,129.1178,366.8946,18.4105,392.1121,-6.7908,482.4367,55.6427,307.5048,28.0011,370.4182
344.8708,-61.7784,401.7791,-49.4210,439.0868,-39.3382,339.2548,-26.1330,476.1914,42.8247,377.6802,51.1624,424.7373,20.1083,465.2346,35.7739,333.8573,56.9304,380.6550
379.5133,-50.0514,423.7935,-22.6186,443.5645,2.2415,321.6641,-71.6422,428.0136,-45.1479,392.4703,122.6426,431.4745,67.0144,459.4031,8.1562,364.6907,67.6322,378.5626
444.0919,-37.6228,448.1155,0.9370,435.3615,8.1179,309.9366,-62.2452,411.1682,-72.6829,380.4895,141.7262,443.0884,95.4540,468.6518,29.2766,365.6796,81.9887,410.5576
397.9728,-44.8577,435.7146,-10.6313,459.3346,-4.7167,345.6489,4.3750,456.4749,-26.0246,336.8458,102.4912,469.6162,79.6134,512.8796,74.2044,360.1951,117.2113,442.1987
313.0284,-28.3542,414.3256,-29.2714,495.9758,-6.2382,422.3464,30.6999,499.6536,60.9140,312.7389,66.3546,500.1322,38.8726,571.2850,88.9617,381.4626,123.1428,405.3614
360.1868,21.5554,440.5829,-11.7910,517.0536,-0.0279,461.5655,6.1262,478.6810,130.7285,356.0761,46.5315,511.4085,22.8821,562.7100,68.9901,404.8589,72.3023,337.3839
442.1712,39.2204,481.2141,1.4243,528.0857,3.7475,445.1360,11.2415,443.3078,187.3799,421.1349,46.0209,487.7453,54.1233,484.7330,51.2891,392.0063,30.4791,327.4341
395.9331,14.1594,471.2745,-20.2533,512.1406,1.9313,451.3614,36.9552,441.9427,237.7955,428.5454,76.2279,453.7850,79.3982,425.4781,61.1269,359.3050,27.9890,336.6819
334.3122,18.1805,418.1657,-16.1492,441.2912,3.0968,483.2742,17.3546,437.5801,204.6898,391.7987,92.6370,435.8620,59.5965,421.3179,84.5010,342.0079,8.1232,269.6992
382.5114,72.2646,361.6229,32.6252,352.4549,25.0941,459.2320,-18.5391,415.1768,101.8682,362.8954,73.9989,407.6782,54.4662,442.0345,104.1304,328.6701,-45.3201,172.2879
418.2650,106.2906,316.3181,43.9813,294.6512,41.2341,388.2502,-17.1329,406.9375,90.0725,326.8274,82.1432,353.0725,90.9590,460.9341,134.2319,288.5240,-90.2965,144.9244
345.1924,61.6910,281.4113,-18.0823,245.3546,-0.8116,341.7444,-1.8108,397.6825,181.7352,274.0876,113.6477,318.3898,85.1650,453.5153,174.3065,234.1552,-113.1497,169.6163
255.1214,-20.8396,251.6567,-82.4725,186.4698,-67.2211,314.8655,7.9155,354.8386,210.2630,253.1441,90.2059,317.8705,17.2420,410.8272,178.3791,203.9120,-110.5070,187.5365
205.0820,-39.8005,229.9037,-79.3814,162.4850,-71.8044,276.5225,20.4586,305.6949,134.3340,259.8607,41.2554,289.6331,-17.4215,366.9226,131.1995,201.4743,-66.6355,191.6582
152.1957,20.7623,222.6852,-19.6431,178.2123,-18.9741,239.4961,6.0375,297.3255,45.5697,229.0966,44.8182,213.5455,4.3906,347.0327,91.3423,191.0396,-7.5171,171.3562
96.2204,49.1863,213.2387,25.4716,170.8095,19.8583,207.6707,-38.6848,348.2393,0.1757,163.1373,54.0555,147.9907,10.1206,336.2580,99.8812,138.2110,20.2930,119.4024
63.4182,-15.6470,189.2538,5.9804,127.5782,16.8863,169.3440,-49.7848,434.4550,34.5815,113.6327,13.2947,115.0538,-18.1010,323.5790,113.9305,52.0337,21.2008,68.8752
30.2129,-84.5793,163.5151,-40.6264,97.4364,-14.1239,128.4733,-23.0779,476.9459,111.6045,73.4570,-21.2014,76.8990,-42.3925,307.0391,85.0897,-5.5688,28.6585,31.4087
-20.5413,-82.5543,119.9028,-48.1674,86.1403,-41.9103,80.2702,-20.1421,426.4095,93.6265,11.1534,-25.6505,24.6677,-50.1592,270.5284,37.4807,7.1711,52.3004,-6.2043
-57.5652,-47.8064,34.7063,-16.0680,60.2524,-23.2006,26.9520,-27.7655,342.7791,-8.8664,-55.6760,-52.1226,-17.2555,-42.6275,208.7805,10.5232,40.7185,80.2332,-21.8124
-61.5849,-12.1816,-42.3976,25.7747,24.3770,34.1152,-3.0593,-1.0647,275.2710,-40.3417,-93.7717,-86.7708,-50.0722,-23.9529,138.7981,-8.7999,31.4064,97.5525,-10.9855
-67.3186,36.5719,-60.6842,72.0360,0.2858,70.3129,-29.4689,17.1183,178.9572,-26.0659,-101.1771,-77.0262,-91.3770,-12.3515,67.0727,-32.9459,4.5740,102.4829,-22.4113
-113.3043,71.1564,-62.6881,103.9607,-24.4495,77.3797,-105.1500,-11.5146,51.7857,-80.7763,-101.4673,-45.0985,-138.4190,-7.2821,-14.0872,-29.3094,2.1212,108.5059,-63.4905
-174.1077,60.1048,-87.9124,96.0625,-66.6607,96.5614,-189.9371,-28.9811,-39.6436,-126.1564,-119.6580,-23.8448,-176.1074,13.1827,-101.3077,9.0115,-13.3955,113.5153,-93.8610
-193.1844,39.1890,-113.1495,75.5555,-115.1268,120.9340,-202.5549,11.4782,-99.0686,-81.4066,-154.5098,1.5612,-197.1975,49.2933,-173.7242,36.6407,-76.2912,97.9029,-112.3996
-176.0496,45.8323,-145.1057,80.0137,-156.0756,116.4105,-173.7419,73.1675,-156.9277,-38.5131,-185.6461,18.3199,-204.5647,78.6903,-205.1138,33.6046,-138.6221,70.2937,-138.9684
-173.0317,60.8531,-199.6050,94.7570,-190.5432,100.5139,-190.4921,96.3876,-183.1578,-64.7186,-210.1702,2.7115,-209.2844,86.2559,-195.2343,9.4415,-153.4192,63.7441,-179.7905
-183.3930,64.8725,-225.8865,101.2658,-219.9205,112.0864,-260.7358,46.1684,-200.7544,-157.8632,-230.2719,14.1313,-226.2544,86.7704,-190.0942,-42.2718,-136.4960,77.7140,-249.9617
-179.4701,74.0661,-210.2832,112.3189,-245.6102,142.9694,-328.7538,-46.2046,-276.3594,-298.5350,-238.0629,113.1598,-260.1615,118.3264,-230.4159,-91.3592,-118.7167,73.1836,-321.1893
-189.5582,99.7504,-230.9294,126.9630,-276.5982,149.5569,-339.2151,-74.8681,-346.7099,-347.3265,-256.0906,224.7127,-293.6531,175.1839,-289.8307,-72.5551,-118.2275,32.8800,-306.9245
-245.0859,117.9477,-308.6018,124.6313,-314.4202,115.4365,-284.0342,-0.3470,-324.1291,-222.3440,-312.5618,239.3266,-306.3935,188.6450,-315.1309,-15.5846,-142.0665,-5.8686,-217.2132
-306.7957,94.1047,-367.8648,98.1639,-346.3309,74.7522,-243.7447,65.5155,-286.4529,-124.9878,-363.2861,187.5800,-309.8692,136.4019,-301.4022,-14.7071,-177.0964,0.3116,-185.6113
-332.3609,36.5966,-373.3023,55.1877,-362.5605,58.4040,-287.9010,44.4241,-304.4169,-175.8516,-353.1565,160.9435,-325.5244,83.1837,-274.9743,-47.8158,-217.3180,34.4348,-247.9695
-336.8261,-3.2027,-355.7481,18.5776,-359.7299,48.6655,-341.6193,24.0731,-304.7067,-175.1304,-321.2263,149.2112,-336.0432,69.5426,-251.7885,-20.9493,-278.1104,45.2551,-288.0793
-333.9036,-7.2366,-342.2068,14.0718,-341.9007,26.6917,-316.4659,74.9131,-282.1997,-56.0564,-322.8078,113.5297,-324.7795,76.4909,-260.5088,43.3405,-338.5105,29.9467,-251.4040
-308.1747,-10.5464,-348.8568,25.9864,-337.7668,15.4935,-285.4803,116.7033,-334.3775,-15.4279,-331.6925,100.5015,-329.4927,91.1765,-324.1216,55.2690,-343.9873,27.1261,-209.1066
-275.6764,-21.4350,-371.2759,21.9830,-370.8264,32.2968,-335.6340,87.4799,-427.7514,-64.9042,-323.8184,134.0016,-371.0989,99.7999,-385.9888,24.0542,-301.0023,43.6503,-202.5127
-285.8439,-7.2233,-375.6886,23.6814,-397.4934,56.3836,-395.3885,54.3693,-451.9235,-54.0247,-335.3539,138.9068,-395.6545,78.1215,-376.1208,22.5614,-269.2043,56.6050,-195.9733
-340.5429,25.4200,-359.1180,57.3682,-357.0268,62.4135,-379.7585,63.6606,-434.5473,-20.4809,-369.8089,78.6236,-371.9160,42.3907,-345.7142,58.0530,-263.1577,59.8859,-173.1105
-376.1479,29.9673,-352.4391,73.9585,-287.4742,40.3671,-336.1340,61.5337,-439.7658,-41.6503,-379.7519,13.7202,-350.1967,21.8291,-373.1470,76.2052,-259.3559,53.6893,-165.9100
-347.8954,3.7876,-348.9965,33.6940,-274.7613,1.9893,-329.2629,19.4216,-420.8418,-43.7593,-357.1077,-10.2566,-360.8083,7.8871,-399.9594,53.6357,-256.6019,27.3904,-203.3013
-295.4880,-9.3493,-323.5777,-6.8864,-305.6700,-19.4818,-343.0854,-25.3043,-349.2505,-9.2989,-324.0217,0.0415,-363.9552,0.8939,-352.2463,27.1234,-256.0197,-12.3553,-281.2798
-284.0665,3.2387,-290.5030,0.8294,-309.1849,-14.5846,-353.6425,-64.3979,-293.5183,-8.7483,-271.7055,24.1641,-328.2444,12.9821,-293.7008,23.4058,-243.7317,-35.8568,-362.9474
-291.8009,8.3242,-267.2144,17.3781,-286.0921,-8.4431,-365.5212,-110.2636,-292.7706,-13.1959,-205.5858,32.0786,-263.9447,16.3114,-279.8370,12.6073,-228.1067,-29.5538,-404.2274
-239.9057,-6.1668,-240.3988,17.6087,-260.4128,1.2402,-358.6154,-127.5665,-312.2006,20.0662,-173.9412,23.1551,-189.4789,7.5995,-258.4065,-21.2375,-229.1763,-15.6857,-393.6319
-137.0221,-3.9724,-201.2879,37.6650,-202.7983,35.1592,-294.3782,-93.4586,-313.9190,31.4746,-176.7631,34.6947,-123.8571,41.5668,-223.5647,-33.1327,-233.1865,-25.5172,-347.2801
-67.5812,28.8826,-152.9744,71.6362,-120.1568,62.8992,-185.6528,-54.0135,-282.8947,4.5114,-151.1488,51.9972,-82.2121,99.8257,-223.1493,1.5661,-213.5332,-64.7866,-281.4637
-43.5926,41.6900,-102.0478,62.8462,-86.9771,45.3357,-98.3292,-39.5726,-229.6785,10.3325,-92.7080,33.2483,-62.9594,91.8875,-208.0594,45.7399,-174.2516,-112.7274,-219.1128
-28.4282,7.3366,-78.7185,16.0371,-111.7543,8.0397,-58.0615,-23.1897,-175.9688,63.5159,-63.6634,19.4344,-57.5230,32.7462,-119.2441,68.7361,-142.1127,-144.5101,-176.9024
-56.2142,-15.9267,-103.8795,-9.4098,-124.4927,-14.5950,-12.2683,4.7141,-111.9638,114.6823,-67.3160,45.7396,-51.8187,13.6437,-22.4969,68.9893,-135.4519,-142.5114,-127.0952
-131.2083,9.9425,-138.7332,-3.9001,-107.2285,-31.5560,67.4732,27.6514,-31.9810,141.4399,-55.4371,41.7337,-25.7136,24.5725,28.2286,51.7407,-137.3804,-101.4837,-40.8231
-125.8785,25.9248,-133.2723,-0.5731,-85.2963,-39.7652,122.9211,50.7708,10.4181,142.3090,-34.8950,-24.6369,17.7695,3.2661,78.7842,39.0034,-103.4198,-35.2672,44.6394
8.3868,-9.5699,-87.9001,-0.9186,-42.5278,-13.3882,121.1469,74.2735,-8.9279,120.5647,-21.4915,-77.7506,58.3864,-28.1974,138.5382,40.3381,-26.4299,36.1952,94.0389
112.5850,-40.2419,-27.1770,12.1094,31.5245,31.5304,130.5711,81.8197,-13.6667,111.0273,35.7448,-83.9541,99.1216,-26.1551,161.8084,28.6515,36.3831,99.1440,149.1118
89.5641,-25.0599,32.3088,26.8788,102.1780,48.1071,200.9073,89.8862,47.2464,142.0022,142.0005,-76.5303,143.2830,-13.2471,154.4247,11.8223,46.4812,136.4968,230.9079
67.4910,-7.5760,78.7872,24.9392,160.2653,31.4676,277.5204,119.8008,119.2338,174.5051,201.7554,-63.3212,171.0446,-22.0891,149.5174,30.3750,46.4999,143.7772,273.8339
149.5973,-11.5641,118.4623,19.9184,222.4929,20.7555,305.4010,141.4527,157.6974,156.6292,194.9029,-53.0343,189.6399,-43.1438,162.5918,49.4810,92.1391,149.2005,249.3998
249.6178,1.1970,168.0913,38.1108,268.5413,40.1626,301.3311,132.3751,180.6772,108.2008,222.2563,-62.2634,224.7959,-43.6915,211.7050,11.2956,177.0132,166.6097,227.1812
280.0559,30.4283,213.9740,73.2832,283.2669,73.5258,283.9656,128.5276,187.3560,71.8632,301.3210,-63.3083,254.0270,-1.3804,270.0392,-30.7278,262.4888,168.7483,258.2809
284.0680,28.4421,238.4816,90.1142,300.4392,92.7359,249.5736,156.2654,160.8399,47.0335,336.6436,-50.4586,254.9943,48.9929,267.4119,-2.5469,327.4031,152.8812,317.2943
314.8095,9.0860,273.5976,79.9283,336.2274,94.6189,229.6971,194.8933,129.2089,46.4690,315.3940,-64.4095,269.7831,37.9219,218.5604,51.4694,365.5739,153.9333,367.8638
344.1449,30.5070,345.9495,77.3605,367.7131,99.0896,264.1424,222.4366,126.0318,90.7988,312.5763,-83.9725,319.2410,-17.7301,203.7646,59.6510,374.5462,169.0953,397.3169
333.2694,72.3020,410.1280,96.2633,389.3962,111.5843,322.7659,229.4531,142.3097,116.8662,335.6141,-67.6842,355.3641,-21.7293,217.2160,35.5943,363.1846,161.1031,410.0073
306.5095,65.5548,416.4937,100.4504,407.3665,111.2952,354.0771,213.3567,162.4863,86.9090,346.4977,-60.7207,364.9442,28.4508,212.2137,21.4085,355.3016,126.3558,421.5813
317.3965,22.9212,389.8503,75.1266,411.3495,92.4688,377.9939,193.0661,182.8089,104.8528,353.2900,-89.1243,387.4910,33.7613,222.3443,21.8514,372.7500,91.3120,430.2165
372.3323,11.5739,378.3948,61.9463,402.8973,87.5805,427.2199,182.7880,195.7297,184.6485,364.1559,-102.4663,417.8287,-18.6179,274.7963,16.5255,415.4904,78.9099,421.8109
426.6412,37.2363,387.9357,82.8237,397.2241,114.2009,461.1311,161.5711,201.5137,151.6785,364.8529,-111.3215,423.2970,-44.0695,306.8886,-9.6038,466.6108,94.0174,408.9512
450.5121,59.7213,406.9681,101.1899,390.4869,133.1708,444.7912,113.8770,201.4898,-6.0719,373.5865,-159.1151,418.7469,-29.7822,281.8214,-41.7489,511.2110,102.2923,398.1832
462.0420,68.8577,431.1273,92.8701,376.8445,111.1553,424.0338,58.9783,185.8195,-81.0240,403.3026,-186.1161,427.6872,-33.8636,256.5185,-59.5276,534.6800,72.1784,364.5310
482.3775,71.3696,446.9848,78.3825,372.7201,76.2563,430.1663,17.6299,174.1527,-40.5533,411.5907,-136.6777,439.5718,-54.1816,275.9344,-77.4840,515.8828,43.8960,321.7170
482.7701,57.5019,441.4041,61.0898,390.1490,55.1916,424.5275,-1.9360,205.8377,-25.8934,378.2498,-73.7887,447.3495,-50.4204,307.6819,-100.4603,451.0687,57.9060,318.9980
422.4896,17.4254,416.8579,15.3761,410.9851,26.9069,392.5434,3.6286,256.3024,-38.6174,345.1154,-56.2719,451.0386,-36.2701,307.4980,-92.8907,369.8089,68.2061,341.6228
335.1275,-41.6633,379.8773,-46.3723,401.3152,-16.5907,363.3500,17.3158,267.2111,-17.1104,332.3584,-66.3845,436.2711,-44.2432,279.1752,-57.2360,307.5184,38.7908,343.6713
290.3880,-90.1762,343.6705,-75.5734,360.6360,-49.4089,340.2865,11.9472,255.3749,10.0115,316.8973,-73.6658,407.6261,-65.3882,254.7290,-44.8365,284.3202,17.1857,347.3247
271.5587,-90.4870,330.1407,-65.0404,341.2645,-61.6122,319.3003,-14.8484,262.6013,30.6636,293.2385,-52.7568,385.9587,-77.5654,250.6513,-66.8074,301.8488,30.3039,375.4387
229.2094,-50.1795,334.5083,-50.9658,360.9456,-52.6927,303.2235,-45.9567,254.2721,26.1753,272.5546,-17.4284,352.3078,-78.8539,253.9058,-100.9106,328.4990,42.6380,381.1560
213.7377,-25.8741,323.3703,-47.6619,352.2303,-22.0913,264.0265,-59.3918,201.2798,-50.4671,252.4725,-40.7034,287.2097,-81.9229,237.0332,-133.6576,317.6107,39.7945,353.3307
256.6846,-39.4620,293.5311,-48.0164,293.0814,-10.2669,213.3174,-32.5113,157.9525,-90.3831,225.6424,-118.3981,241.2508,-96.4903,189.6746,-129.1128,267.6136,33.7912,351.4370
250.0024,-49.5653,275.1363,-52.2729,266.5670,-46.4745,227.8330,16.7690,151.4954,11.2048,184.3795,-133.5626,252.7101,-102.3692,142.8905,-80.2036,225.3582,24.3679,373.7397
168.3672,-25.2763,273.0385,-43.7935,296.6240,-67.3067,274.2558,25.9210,126.7597,67.9533,133.1858,-62.7758,260.9743,-67.8050,133.5191,-71.5410,220.6507,19.1905,344.9740
170.0590,13.2298,271.4299,-2.1999,304.6858,-20.2153,218.9405,-17.9578,61.6314,-43.9036,110.7701,-16.7087,218.1792,-16.3845,138.9266,-131.0495,242.1680,18.6431,256.3611
282.7946,29.5628,270.5966,35.9893,273.7593,28.4283,98.7883,-55.2917,3.4622,-108.4699,140.4019,-34.4659,181.0387,-3.6277,109.4043,-145.9434,267.1173,-7.7581,178.2145
322.1753,11.8275,264.0016,20.4234,245.3599,15.2979,70.5292,-67.7374,-20.9769,-53.9893,171.6434,-50.1528,186.4465,-19.1530,58.6723,-74.7816,273.1663,-59.9267,136.7033
232.7386,-12.7438,227.6320,-22.7867,198.6834,-14.4336,100.3004,-100.2010,-24.1058,-96.2985,149.5089,-32.7000,180.2670,-7.7909,35.9963,-29.2359,246.6066,-96.1069,94.7614
147.5300,-11.9794,168.3621,-39.9322,126.7871,-12.0621,57.0852,-150.9258,-22.1983,-217.9193,101.0165,-1.6867,145.9894,27.1980,35.6256,-53.4183,199.1502,-110.5751,40.4935
114.2465,-0.5851,124.4711,-36.7232,94.4020,-0.5868,-15.5499,-170.7749,-42.8400,-210.9192,78.3778,24.2724,127.5433,36.0723,18.2187,-67.7529,148.3280,-123.1522,-2.1780
83.8925,-11.0438,99.5947,-39.1372,96.5770,-9.3887,-31.7791,-159.2040,-93.1205,-131.0759,72.5755,28.2500,101.7752,8.4683,-18.5105,-38.0834,91.8445,-123.7658,-36.2444
58.5200,-33.5193,59.9823,-46.6303,57.0773,-39.4657,-40.4284,-142.5316,-119.9803,-120.0504,45.9289,12.3535,25.5641,-19.2102,-45.4050,4.9670,27.2948,-112.4114,-85.2932
34.8476,-46.1770,3.8851,-59.4390,-6.5574,-78.9638,-75.8996,-110.1070,-97.1450,-121.3858,3.5871,2.5995,-34.5876,-17.5930,-48.3958,36.3324,-30.1296,-111.8535,-132.0245
-31.2416,-58.4978,-32.2757,-73.9721,-18.9507,-100.4993,-91.8985,-58.5060,-86.0277,-89.5511,-25.5436,2.1014,-15.5756,-0.0024,-57.3548,27.3876,-75.2780,-102.3952,-131.7197
-126.9830,-82.2718,-42.6466,-74.3970,2.2216,-88.5426,-88.6296,-11.7041,-110.6944,-54.7269,-60.6517,-13.2309,10.0202,-4.8268,-109.8894,-0.2398,-132.2067,-55.9385,-84.7795
-200.1869,-114.3779,-67.1880,-76.9494,-15.0191,-72.9255,-91.5740,35.4826,-98.4089,11.4277,-141.6609,-51.6602,-22.6399,-33.9320,-162.8824,38.9602,-213.5972,-18.6014,-45.5118
-235.9021,-139.7568,-123.3187,-105.0241,-82.7981,-86.0864,-96.2872,80.9989,-45.8984,68.7840,-217.6633,-89.0447,-63.3549,-45.6556,-140.5277,112.8893,-273.3533,-42.0547,-68.3010
-229.8404,-115.2623,-177.4522,-119.5349,-154.0644,-109.4859,-139.8618,63.1285,-71.9075,14.0763,-190.7895,-86.7636,-90.3986,-30.5151,-101.9453,74.1376,-247.7856,-82.0043,-160.0187
-178.4173,-24.1038,-205.8420,-79.7152,-188.9195,-100.4611,-249.2570,-22.8149,-206.3783,-80.2410,-102.4459,-48.4913,-160.3274,-26.6986,-170.7103,-54.5986,-159.4589,-62.1966,-264.0755
-119.1110,56.5192,-226.3506,-25.2769,-207.6519,-53.8023,-348.2819,-66.8622,-323.3917,-91.0368,-94.5792,-43.1823,-267.6888,-48.3668,-300.1247,-98.5405,-112.8558,13.2878,-314.6575
-102.7970,60.4362,-255.9440,-1.6642,-257.6115,-7.7721,-390.8255,-29.8921,-355.7135,-72.2276,-171.6230,-98.0857,-341.6772,-70.4148,-356.8015,-49.4226,-152.9195,75.5807,-322.2721
-145.0083,41.7791,-292.0318,7.9993,-324.7982,9.9845,-434.6136,-12.2389,-370.6635,-75.8110,-227.9430,-138.6023,-371.3218,-76.8635,-358.7898,-28.8752,-224.0283,81.4009,-346.7173
-235.0474,49.4698,-335.5070,13.6096,-372.3224,7.9980,-482.9353,-45.3344,-396.0880,-46.0502,-267.5984,-128.7346,-395.3833,-77.2038,-375.3092,-29.8389,-294.2357,50.9177,-389.2958
-353.2971,19.7407,-390.9734,-14.1649,-429.4775,-9.1720,-475.6827,-39.0793,-381.3017,1.0605,-344.5705,-141.6521,-420.7935,-92.2763,-362.9896,3.6441,-388.6721,26.8421,-403.4352
-464.7915,-82.5686,-452.7054,-77.5719,-510.2869,-51.4326,-442.4107,18.5331,-348.9919,10.6009,-398.5153,-205.1023,-435.8780,-125.6825,-316.2288,26.6146,-491.7362,17.0389,-394.8757
-519.0528,-165.2738,-506.2791,-133.0146,-546.4298,-99.8888,-451.4290,43.4090,-386.3687,20.1842,-372.7801,-239.3555,-443.4267,-146.3990,-337.2671,16.3592,-552.2369,-2.5227,-410.7196
-507.3127,-148.0870,-531.8043,-142.1052,-517.9528,-119.2549,-488.6663,19.9513,-476.2435,43.8162,-329.1850,-207.9561,-449.2864,-143.6814,-427.6310,8.1241,-567.3417,-34.8815,-456.0483
-511.4243,-76.0731,-520.6382,-109.4714,-498.3238,-108.5965,-526.5175,-13.5463,-510.7732,17.2399,-317.4401,-173.5423,-460.7242,-158.2302,-478.5311,-28.0914,-557.9262,-54.6288,-497.2484
-571.5490,-38.0002,-497.9978,-77.1524,-511.8629,-89.0860,-569.0547,-59.5876,-472.0823,-60.6075,-322.4238,-173.6708,-482.9922,-194.4512,-487.2413,-109.5920,-526.4363,-58.9772,-513.9183
-566.0881,-55.5279,-490.8780,-77.7685,-510.5958,-80.4780,-582.6656,-111.3794,-447.1138,-110.5473,-346.7247,-169.4805,-501.6661,-202.0618,-525.4535,-153.2996,-503.9144,-76.2232,-510.3117
-430.7820,-90.3189,-488.0668,-103.4644,-487.0473,-104.3047,-539.3802,-135.8646,-464.4017,-86.7438,-371.5753,-138.3347,-502.9368,-188.7268,-563.5450,-136.8649,-531.0718,-112.6974,-503.7950
-325.4129,-118.1011,-473.9197,-138.5935,-480.3455,-153.1762,-497.8918,-149.8737,-463.1325,-34.3820,-339.9734,-118.7095,-500.9284,-202.3368,-542.0629,-133.4070,-566.6389,-142.7620,-509.5901
-343.7153,-143.1670,-453.6258,-177.0186,-500.7717,-186.7960,-514.4354,-180.6281,-433.2188,-45.7675,-280.3517,-126.0398,-506.1362,-214.2614,-504.9071,-139.1890,-529.9808,-157.4462,-521.6083
-354.0251,-149.2879,-423.1583,-192.9277,-508.3809,-193.2099,-545.2415,-195.8378,-433.4505,-117.0042,-270.1378,-113.0070,-493.8040,-184.2377,-505.4848,-115.3710,-424.5551,-168.8352,-513.6807
-300.5197,-115.3907,-380.7831,-164.9011,-465.3879,-186.3834,-524.8656,-176.5380,-460.7149,-131.5865,-280.8553,-73.3190,-443.5491,-160.1446,-500.9973,-111.2029,-328.1029,-172.8491,-469.4703
-273.3108,-73.8411,-353.0737,-120.9160,-404.0020,-160.7310,-466.8801,-154.7108,-458.8315,-83.3493,-250.6502,-70.5369,-375.4519,-174.9000,-444.3274,-140.8895,-289.4577,-159.5176,-405.5069
-261.9033,-62.0701,-345.7885,-94.1726,-372.3974,-123.6115,-420.4875,-136.0810,-444.9998,-96.0701,-208.3986,-99.1637,-309.9373,-174.5726,-372.6295,-134.3141,-288.8168,-137.6868,-351.8323
-230.5895,-56.6302,-323.2833,-76.5682,-329.1517,-101.7469,-382.0677,-109.1376,-468.3654,-161.0699,-185.2714,-79.1053,-240.9390,-127.1481,-329.7825,-104.0125,-274.5946,-114.2144,-311.3743
-255.8496,-33.8536,-282.4459,-53.8107,-240.8829,-78.6627,-317.9208,-100.8238,-491.6447,-172.1283,-161.7088,-22.7310,-181.2175,-65.0751,-291.2935,-112.5644,-223.1930,-84.1603,-266.5265
-311.1622,-9.3277,-261.1585,-24.0482,-194.2407,-30.2194,-246.1805,-121.1220,-463.9859,-169.0916,-146.5818,-5.6184,-163.8434,-15.5571,-231.5105,-115.3008,-165.2025,-50.4151,-226.7921
-257.5410,20.3200,-255.2028,16.9005,-219.9754,10.6196,-215.0963,-134.3506,-423.4850,-221.3062,-144.0184,-4.6092,-172.7519,9.1398,-189.6311,-70.5561,-130.7523,-21.8624,-215.7259
-127.3028,60.5111,-222.8151,53.7629,-202.0282,20.9328,-214.9505,-132.7106,-412.5757,-247.8017,-99.8057,23.3133,-157.9778,3.2065,-206.7992,-55.4339,-97.9911,-10.0759,-219.7033
-42.1349,69.9161,-163.5283,54.4270,-120.6011,22.9172,-202.1860,-138.9185,-409.4318,-200.8289,-10.5963,21.9700,-121.6099,-8.7030,-259.0324,-108.6599,-49.4302,-28.3117,-217.9335
9.7508,35.8122,-116.7250,21.0026,-93.9012,13.0733,-180.1923,-148.9391,-393.2306,-172.7024,41.5305,-24.1036,-93.9269,-3.6165,-288.2076,-158.2528,-26.0678,-56.6921,-218.1557
35.5313,7.6518,-101.9277,-15.6832,-118.8026,-17.9786,-164.8684,-148.9476,-355.7318,-196.7860,26.4096,-28.7193,-67.0471,0.8076,-250.5096,-167.2047,-58.6683,-52.1010,-201.7686
-21.7056,-4.4604,-102.0674,-37.6158,-97.8088,-32.3532,-131.5435,-136.0980,-275.9625,-199.6109,-8.1994,5.9070,-41.4582,-15.4784,-152.2041,-165.2482,-101.6553,-21.4298,-127.1984
-92.8958,-32.4999,-92.0303,-35.5154,-56.6738,-15.8392,-72.0407,-102.4147,-178.3647,-167.4043,-36.4875,-23.2066,-48.6849,-44.0733,-70.7162,-158.7680,-99.2012,-4.3770,-29.7116
-64.1079,-60.6203,-66.6596,-18.3462,-57.1346,-10.5741,-24.3756,-60.4745,-127.2820,-155.1691,-58.7277,-107.6578,-69.2020,-66.7392,-65.5887,-135.2278,-69.3830,-3.2198,9.4774
15.9948,-64.6600,-38.7837,-28.4182,-52.7724,-36.0544,0.9191,-42.8171,-120.4337,-155.9083,-58.3374,-134.0780,-43.6527,-71.2878,-75.2617,-99.1904,-61.4670,-16.6108,8.4425
44.3277,-70.3738,-12.0815,-70.5648,7.0688,-72.2433,39.5434,-41.0501,-104.3047,-111.1171,-27.2978,-86.0963,26.8510,-65.1828,-25.8837,-60.5392,-67.2695,-50.3403,54.7633
13.2118,-84.7721,25.3355,-80.1063,97.2149,-92.3847,98.7690,-28.4744,-69.1224,-46.9562,14.3561,-55.0946,95.0637,-67.0295,28.6272,-36.2286,-40.8291,-56.0217,145.5060
-24.8992,-81.1441,69.8819,-43.0965,165.3443,-74.4306,145.7916,-22.3795,-12.8993,-47.4319,43.3252,-80.4553,133.2061,-70.9883,33.7687,-39.1679,15.8451,-19.9266,199.6682
-11.5876,-77.4345,94.0231,-42.1083,168.9101,-49.5378,175.0328,-34.5745,101.5192,-52.6871,55.8662,-110.2348,126.5009,-67.9709,63.1147,-46.1976,53.6654,-45.4820,196.9666
39.7200,-108.4929,87.9792,-104.2778,132.9193,-81.3455,210.9482,-37.4365,266.6391,79.6496,72.8865,-109.0938,87.9850,-77.9141,160.4606,-27.2678,56.4420,-150.6742,182.7442
39.3899,-146.4025,84.0833,-142.2267,137.5813,-137.3626,246.3675,-38.4068,417.4132,257.9079,104.6010,-106.1001,73.2675,-94.1697,241.5596,4.4105,56.7526,-182.8567,170.3450
5.6832,-145.8659,111.1561,-111.9013,169.5083,-129.4445,254.2568,-75.0680,528.6050,260.5145,118.0539,-109.0178,97.9935,-74.5241,265.5313,11.2493,78.2953,-110.2949,140.4913
60.4240,-115.3595,141.9040,-78.3661,149.3746,-82.8459,256.3165,-126.1915,621.3893,152.4918,98.8302,-71.4212,115.4310,-33.8512,290.2406,-14.6256,118.0615,-84.9068,114.5244
177.1294,-86.5412,136.7238,-79.1186,118.0995,-76.1105,291.9857,-141.2442,689.9904,146.3692,97.2759,-0.6944,116.2236,-23.4910,322.3837,-32.7890,165.1519,-127.2536,133.6651
227.4202,-70.0987,122.4817,-75.0754,154.5597,-92.0860,334.2722,-122.8245,705.7301,187.0798,137.2343,28.7491,133.9506,-24.2264,322.6503,-4.0063,199.2206,-121.3371,177.6651
220.9271,-68.8686,148.3742,-62.4031,202.8771,-92.6764,340.7416,-100.3404,670.1749,138.0593,171.4170,16.6228,166.9562,2.5897,313.7858,44.7917,203.5853,-85.9388,194.6341
222.8071,-89.1668,192.9468,-83.8169,203.9394,-100.3600,343.0068,-80.4463,623.6971,87.6740,182.5638,27.2608,197.3723,21.5152,317.8257,58.3425,191.8741,-102.0693,191.8330
218.5639,-118.9265,206.0188,-122.2926,209.8113,-116.0089,377.1831,-56.8613,613.4865,109.4970,202.0612,41.3328,224.4721,-2.6393,311.1820,39.2377,188.3782,-122.0495,207.0309
210.9872,-128.0000,197.9418,-123.5376,237.7119,-110.7885,406.6256,-28.2875,644.8526,105.4357,218.4086,6.3101,236.0219,-37.3550,331.0889,18.6010,197.3366,-97.8216,227.4606
219.7502,-113.7998,207.2740,-104.9700,240.4731,-97.7685,401.2067,-12.8709,669.1591,50.1876,206.4070,-26.5943,231.6730,-52.5320,431.2187,-6.4529,214.4228,-81.3313,225.8986
214.4657,-105.3290,233.3270,-113.3191,236.4835,-94.3584,392.4008,-34.4468,654.2682,13.5482,204.2297,2.4060,245.9445,-55.7370,527.0673,-35.8985,230.0265,-91.3066,220.0889
199.9323,-97.8510,253.4685,-122.6543,264.5753,-85.1862,405.8729,-69.7352,633.8998,-7.4649,235.2794,38.6519,281.7746,-53.3140,516.6102,-52.0030,221.5358,-94.9456,226.6535
195.2289,-59.0685,256.5973,-91.5432,287.0439,-73.5757,431.1234,-71.8803,644.2736,-18.7720,247.0430,23.0339,304.3227,-46.7180,474.1687,-62.7784,189.9325,-99.7889,231.9875
150.7365,-17.8963,242.2801,-55.0389,266.4460,-78.1520,449.2902,-49.8551,664.4592,11.0155,219.7896,-4.5218,311.0651,-35.8954,494.8853,-68.9553,166.5141,-117.2619,239.9008
93.1445,-30.5115,218.0445,-62.5555,225.5192,-87.1248,441.1433,-28.9916,660.5654,43.3111,207.0057,8.5083,311.0235,-11.6789,505.4747,-39.9269,153.8924,-127.9371,267.9261
137.5973,-61.4239,192.3390,-89.2883,192.7955,-79.8245,413.7855,13.7717,631.4097,36.6571,219.8726,47.7530,290.3495,14.9189,433.9223,7.6918,137.4261,-122.6098,303.1482
230.0959,-40.6609,174.5156,-79.5726,179.7840,-56.7175,399.9947,71.0237,577.7991,21.2005,210.7558,68.3786,260.4405,14.8250,359.5144,12.9113,139.1810,-91.1162,319.6602
216.8220,-0.3324,176.3526,-32.8317,182.9355,-29.7812,387.3423,75.3331,493.7224,-7.3329,175.6154,51.5375,242.6232,-1.5565,346.1114,-26.6709,161.1370,-34.8690,312.0206
129.8889,-9.9507,178.8784,-1.2398,171.8214,-12.3948,339.6922,27.1282,411.7689,-62.4517,145.5312,21.2482,214.7489,0.5566,346.5160,-63.6503,148.3843,-12.7028,287.8499
67.8875,-45.2892,141.9889,-14.3299,127.8970,-7.9054,282.6545,3.0464,373.2144,-76.7782,112.9978,8.2549,171.4643,10.2980,332.2224,-74.4757,102.7570,-49.9442,255.8702
16.9947,-43.7690,83.5578,-39.4253,82.7651,-9.2676,241.5822,17.5678,343.5727,-32.9614,69.9777,3.0110,152.0343,-3.7819,311.9355,-51.1154,99.4813,-69.4593,221.1910
-1.0613,-15.4715,63.9316,-43.0059,72.4779,-18.6741,184.9778,29.9867,263.2969,-9.7150,46.5288,-16.3757,145.8140,-26.7698,254.2800,5.9848,130.1058,-36.2100,186.8243
55.7662,-9.5764,82.8943,-46.4930,86.7536,-35.8982,134.5937,42.0321,166.0150,-13.6621,41.5759,-29.6406,103.7018,-24.3675,157.8816,62.8955,113.5452,-19.9137,167.0251
83.2662,-25.8024,94.3262,-61.8984,92.4689,-39.7595,152.2004,59.2039,113.5125,-5.2138,13.3167,-5.2312,46.3033,3.9939,93.7871,80.8304,68.9843,-35.2650,164.0727
18.6539,-26.3111,87.4760,-45.2032,77.7394,-16.3290,171.3273,46.3134,64.0223,-33.6729,-33.1420,41.2798,18.9795,43.8686,75.6114,53.3782,74.8392,-17.2494,137.6780
-5.1380,-10.1361,69.8506,12.3545,52.4891,25.2639,79.0617,3.2488,-39.2539,-125.8624,-58.0984,68.6753,-3.9674,89.1749,34.8345,9.8829,111.1673,28.4406,65.5025
65.8185,-3.5795,44.9938,48.2837,23.6863,68.2187,-67.7971,-21.9391,-139.1904,-191.1671,-71.6990,68.7010,-56.1230,120.6277,-41.4172,2.6027,115.2726,44.7600,-9.3536
105.6893,15.6225,31.7324,44.1807,-3.9051,90.3375,-141.9368,-22.5504,-174.0464,-167.6306,-99.0141,68.7562,-106.3236,113.4335,-98.5815,36.2591,93.5536,45.6635,-56.8912
78.4293,77.5982,25.3840,53.0150,-16.0767,87.2153,-151.2690,-30.8664,-188.6347,-94.9365,-115.1045,77.4486,-116.4123,79.6917,-117.3796,41.2870,71.8677,63.3315,-94.7135
57.2472,122.1928,-1.1548,84.2844,-14.1752,87.4588,-166.7492,-36.4128,-231.5676,-21.9660,-106.1727,66.3792,-97.7471,52.2313,-123.1085,6.3802,49.2678,67.7296,-111.8912
26.2250,92.3807,-24.3386,93.5825,-22.7893,94.4202,-185.6305,-1.3851,-284.3453,33.6803,-112.9749,36.8111,-88.1800,36.0105,-147.5538,17.9528,28.4015,47.6057,-80.1550
-51.9489,60.7567,-19.6977,78.0715,-44.1571,76.6678,-171.8049,58.3772,-326.7584,69.8726,-154.0079,39.4464,-111.0411,25.0411,-208.0126,80.7908,-1.6718,51.8736,-32.2327
-117.1997,91.0113,-35.3007,69.5478,-64.0402,47.6924,-131.8851,86.5799,-346.1950,82.0943,-195.5908,75.7284,-155.9233,29.8099,-266.0247,94.0944,-63.6338,84.0404,-19.4354
-129.9388,112.2004,-87.4470,70.6757,-99.7242,47.7002,-118.2275,71.5083,-329.7634,43.7911,-213.8636,83.6867,-196.2957,45.9348,-264.2784,47.1758,-127.2942,84.9657,-43.2686
-136.3319,84.2039,-114.1475,73.2850,-161.2917,63.5683,-173.7606,48.1703,-326.7914,-35.4918,-212.6936,65.7927,-221.0366,54.4755,-238.3853,20.6473,-143.9009,49.8412,-89.0233
-158.8015,82.1516,-108.8985,84.8438,-207.7633,69.6619,-259.7292,25.9664,-393.4771,-64.5172,-203.7262,85.6186,-230.6883,63.1674,-267.8851,25.8874,-131.9701,30.4600,-144.9359
-163.4138,121.7893,-121.4297,98.7308,-211.7698,70.4248,-299.9874,-8.3522,-465.1252,0.8985,-204.9830,126.6087,-230.6325,73.8441,-325.0869,26.3389,-133.4926,27.9109,-193.2885
-132.0680,129.5001,-138.0113,91.0400,-200.0356,55.9904,-305.9662,-34.4029,-458.6114,60.5475,-215.1748,123.4211,-242.6040,53.8172,-331.2710,24.0521,-146.8867,11.7917,-243.0397
-90.6190,94.0754,-133.8495,60.1050,-200.1036,27.2027,-334.6802,-26.3913,-430.3316,20.1383,-208.5719,98.4594,-272.1791,14.9301,-306.1829,26.5657,-163.1070,5.3500,-298.1341
-90.6920,56.5211,-141.6856,32.1941,-212.2790,22.5964,-358.0630,-0.5621,-443.3404,-59.6718,-199.6041,104.3729,-280.7610,19.2066,-307.4292,35.9329,-188.7838,32.3269,-303.0319
-156.5087,23.5444,-165.5439,21.3580,-219.9377,30.0132,-321.9110,28.3054,-418.1496,-61.6530,-228.5954,108.5691,-249.6067,55.0407,-313.2572,63.6238,-217.8512,45.9592,-238.2998
-226.1322,-1.0215,-175.4294,3.9315,-206.7152,-2.8939,-257.6527,69.7355,-293.3154,23.7536,-257.2138,64.6345,-217.7331,48.4833,-283.9819,85.1122,-240.5064,4.3375,-185.8278
-229.3759,-11.2572,-183.6619,-43.6678,-201.0875,-49.5688,-221.7685,107.7370,-161.8062,111.2882,-217.1798,6.1656,-210.1079,3.8492,-243.6632,70.7342,-253.8997,-61.5332,-188.7070
-217.4698,-26.2682,-196.6645,-87.9553,-245.5517,-55.8464,-216.3293,117.2520,-106.8311,157.2520,-155.7482,-9.4029,-206.1450,-11.8769,-234.5308,63.6105,-245.1888,-103.7097,-190.6061
-266.7151,-36.3252,-188.0850,-77.6495,-297.4501,-44.7486,-211.4348,117.5544,-81.7059,202.2718,-166.6952,24.7155,-195.5901,14.2362,-258.6192,102.5224,-219.7153,-108.7606,-166.0960
-308.3210,-15.6787,-181.6347,-39.5524,-290.2859,-45.6086,-172.7672,130.7233,-43.2154,269.8321,-222.4810,74.7670,-186.5766,48.1093,-275.8564,137.4237,-219.3531,-86.2242,-136.0846
-256.3184,-0.8466,-217.0752,-37.8003,-260.8624,-44.6438,-98.4255,142.6427,-31.6569,309.3344,-237.8985,104.8779,-176.1245,65.0652,-238.5625,126.8679,-253.1404,-49.9314,-87.8920
-197.6075,-18.4156,-252.5518,-48.7024,-260.8863,-41.7239,-54.1124,147.4321,-67.0447,272.5136,-222.9383,102.0611,-170.0855,55.3963,-157.6111,103.7724,-267.0682,-3.1370,-34.1052
-226.3905,-14.2638,-237.9437,-11.5445,-251.8512,-30.7172,-82.7564,153.3394,-105.7377,178.7423,-233.7233,78.8069,-185.0468,38.7839,-104.7649,92.0646,-230.6925,50.4287,-32.4645
-261.1322,26.3338,-206.6225,31.3904,-215.3487,8.4477,-117.3569,150.1162,-118.6338,97.9608,-263.3792,57.5380,-207.9698,49.0081,-108.4383,78.1044,-188.1307,82.2190,-68.0831
-231.8904,45.4794,-201.8166,16.3235,-201.0157,43.2834,-101.3774,132.8580,-112.0265,93.7284,-276.4194,60.3742,-212.1756,73.3741,-120.0794,59.6399,-176.5813,81.3578,-84.8866
-205.3482,53.6112,-206.9061,11.4641,-205.4867,51.7603,-94.2420,109.0678,-83.5321,142.5643,-262.7819,91.2367,-201.7419,79.1375,-105.6422,39.2976,-155.9950,92.6926,-112.6079
-197.0939,106.2010,-190.4561,93.7235,-182.2065,89.3227,-137.5733,65.9237,-36.6356,146.4088,-218.5441,119.2187,-193.1821,83.0549,-75.1068,19.0630,-88.2896,140.8738,-185.6844
-149.0398,160.7793,-155.0257,177.8713,-145.5487,154.9798,-160.3696,5.9521,-12.8500,89.5606,-148.1923,118.0198,-184.4857,110.2524,-34.9994,30.8208,-29.2605,184.3384,-237.9611
-101.3813,146.5445,-120.6206,168.1690,-121.3328,166.4161,-124.3065,-21.8014,-47.6407,66.2142,-82.7498,107.8165,-165.4877,135.0638,-0.3101,94.4025,-42.2809,194.7822,-220.9576
-115.3870,100.9304,-82.9882,130.5079,-86.5786,136.3699,-102.8404,4.2919,-112.5069,95.3909,-42.7607,111.3862,-131.1557,126.7612,-0.8099,157.3867,-82.5105,185.0951,-184.9868
-144.3540,88.7931,-32.0673,133.7341,-43.3499,135.6357,-126.6323,44.9724,-138.3897,98.4259,-10.4620,107.9955,-89.4777,97.0955,-18.4155,164.4083,-88.1114,156.6040,-166.1784
-157.9682,83.3600,-2.9011,115.9939,-39.5351,127.0521,-121.2404,72.6372,-98.8800,81.8469,31.3377,75.7441,-64.5279,73.7668,-3.4297,147.2194,-97.6143,116.3868,-136.5602
-169.2213,36.9400,-20.9612,50.2547,-76.2537,69.7149,-65.5947,98.7828,-48.6045,119.0141,70.9028,35.5537,-61.3013,64.1699,36.2918,155.0579,-148.2435,102.1562,-77.9686
-117.5375,-15.3718,-29.5035,15.6136,-80.7764,34.3712,-23.9314,136.9868,-46.2754,177.6595,92.3087,17.1539,-43.5152,50.2686,64.6040,158.9220,-183.8045,126.2047,-1.1152
0.8108,-13.5480,15.2262,27.6509,-3.1840,52.2996,16.9894,186.9325,-57.1936,173.5328,95.9077,10.8587,13.7205,21.2212,98.7544,127.4293,-163.4796,158.6356,80.2150
41.4802,24.3069,63.2113,31.2459,105.0477,62.2920,128.4003,224.7112,-5.0532,128.8510,95.8666,-14.3027,89.5672,6.9848,162.6577,110.5884,-114.8097,175.2382,146.6100
-17.3578,46.1398,85.0526,46.2535,164.9453,60.8800,254.5113,217.9314,88.2629,117.7970,115.7863,-48.3348,161.8621,36.4437,220.2160,134.7775,-47.6717,170.8849,183.2234
-7.1550,64.2649,121.2064,104.3272,194.0971,95.0015,277.3156,182.6463,120.8365,128.7091,167.2041,-43.4830,225.0308,82.1594,227.3852,133.5712,45.9450,158.8034,201.8096
111.9500,107.4028,174.3846,146.6797,253.7209,151.1495,225.1695,163.6059,71.1626,86.4808,219.8191,-1.0151,262.2278,106.9343,192.5237,87.8687,145.5618,167.4702,225.0244
209.7486,140.3906,217.6174,147.9496,314.9328,199.2643,197.4835,151.6096,29.7067,-29.4256,228.0818,24.9250,265.7844,121.9788,160.1973,70.6134,241.7448,194.7038,251.7989
246.8025,141.1475,262.5819,169.2956,321.6970,240.3838,191.8395,114.1957,65.2694,-142.7997,204.9677,33.9425,262.2200,146.1396,175.5040,86.4468,335.0794,202.5691,259.5565
279.0087,155.9560,303.4149,210.9445,310.5129,255.2500,185.6980,78.0516,146.5762,-164.3186,215.9919,66.0946,265.8248,161.3368,239.5184,73.6928,389.2485,180.6548,247.2261
317.3817,190.6549,315.1902,215.5371,328.8931,229.1132,214.0215,84.5153,205.5534,-104.2685,270.6354,87.5010,259.1614,144.5526,287.6108,63.3827,387.6358,152.0357,250.1273
350.0218,187.1113,323.1768,197.7797,349.7552,201.0540,263.8091,116.7972,230.3025,-50.7726,294.7354,51.2019,249.3597,107.6724,271.8882,111.2600,371.1360,128.4705,289.2218
354.5276,146.5868,337.3098,187.2275,351.1030,191.0432,293.6949,138.0177,264.4659,-33.8103,255.1640,19.9006,268.9550,88.3113,237.0078,152.2751,355.4025,105.3876,346.7999
300.6382,121.0404,319.0890,154.9386,350.5624,164.2022,338.6255,141.7615,319.2081,-4.7547,221.6311,60.9666,309.5987,104.8253,237.5112,121.7663,327.8531,71.1777,408.3190
257.0387,105.1437,295.8519,113.0096,349.5522,120.0094,401.4635,133.7556,348.3588,36.4384,247.9726,121.1317,329.6887,130.0242,251.1106,74.1458,318.0954,26.0558,455.0882
323.5600,72.8889,321.9066,111.9527,344.2458,101.3091,390.0160,111.0939,338.9952,27.0119,288.4156,139.2254,321.7289,132.7589,249.3375,55.9083,341.1786,3.2963,441.0235
418.4165,46.9451,343.3762,118.9731,344.5044,102.1703,314.1642,73.8314,333.9077,-12.8406,290.6412,142.1405,315.0469,122.2364,254.3720,49.2902,342.6248,14.7886,372.9553
388.5138,43.8653,307.9564,84.6010,340.3881,80.2774,299.1605,39.2063,333.5531,15.1687,275.5585,151.5774,323.8493,114.3210,270.4466,69.0535,296.2097,15.2488,327.9059
280.4707,44.7378,279.0848,50.1448,318.4733,42.4342,335.4671,30.9551,300.8144,93.4647,272.9871,143.6469,328.1468,99.6926,272.0291,123.9451,253.0988,-7.8511,318.9585
240.0668,45.4553,286.6252,44.7963,293.9415,23.5806,309.9828,46.2701,265.8396,102.8073,265.3326,117.5977,306.4276,77.2610,277.7396,145.1377,247.4145,-15.0223,289.5800
258.0814,54.8403,269.5349,32.5476,280.0746,21.8218,249.2681,53.2898,278.9062,59.8856,239.0211,94.8240,275.8742,65.8534,317.6587,102.2670,253.4729,-16.4063,248.4742
237.1801,65.4392,223.0287,23.8070,274.6259,21.4980,251.9952,32.8272,300.8619,84.7098,224.2855,84.5691,276.6298,70.4055,350.7268,63.7213,248.6003,-38.9965,233.7307
179.3126,70.0985,197.3705,50.3142,270.9995,23.7879,295.0802,-5.1862,281.1511,132.9891,241.3270,95.4752,303.3571,72.3174,325.0322,62.3604,246.2692,-42.9993,211.1730
154.8272,69.7608,192.7948,65.5493,247.1470,20.9975,302.6649,-40.6299,258.9769,67.5974,253.6891,119.1095,296.5440,51.4451,266.5096,59.2972,260.1967,-15.8432,158.8728
186.1626,66.3801,196.3594,41.0337,199.1165,6.4783,257.4908,-53.2393,274.2121,-40.5286,222.9416,117.6710,228.7852,18.7665,225.0497,51.4979,271.1687,-10.2895,119.0163
234.3592,72.9527,218.4221,38.1013,171.8592,5.3109,175.9880,-41.1875,287.4561,-10.0180,174.9256,83.7825,149.6413,20.9903,201.0880,60.5573,260.3101,-19.4226,98.8827
252.5578,98.5835,237.9863,73.4606,182.8676,31.8062,111.9582,-31.1460,259.6890,124.7834,155.2666,57.6323,120.5018,66.6642,171.4469,58.9605,255.4525,-4.5585,80.9148
237.8381,122.7997,226.8686,84.5135,184.3857,55.7638,122.0320,-33.3345,203.7560,189.8311,154.6072,58.4684,142.9399,84.3109,125.6807,31.2038,275.3296,-1.2625,86.2446
226.5484,122.2713,206.6998,60.0125,155.2735,55.6127,151.4361,-24.3704,139.5085,167.4277,144.1106,66.3972,166.9354,35.3912,72.3857,22.1534,269.8517,-22.4800,103.0968
223.9331,103.4374,198.2569,42.3906,129.4039,46.3606,115.4952,-3.8490,85.2773,155.1510,136.7483,67.1521,156.0634,-6.9290,43.4897,42.4172,209.3327,-10.2382,83.8102
185.5094,85.7229,179.4585,43.0917,114.4136,43.9987,63.2663,0.5177,61.9694,153.6862,142.2308,63.2795,126.1275,17.4311,52.9370,39.9157,150.0810,23.6858,46.3525
109.9551,81.2210,133.7758,62.2485,80.8349,55.4800,59.4713,-10.9157,52.7676,115.8382,127.2259,62.5928,103.3446,58.8221,57.4086,8.2115,130.6691,18.7682,21.6632
73.8311,95.4020,81.7994,98.5364,27.7446,75.2351,48.5209,-20.0940,18.2696,83.5877,80.4643,70.9529,79.5248,61.9030,24.5294,-5.0604,116.4292,3.2131,-23.6573
109.4174,121.8314,53.8826,113.6467,-4.9994,74.5027,2.3537,-29.3268,-37.4485,93.1892,41.8964,76.5955,51.3126,54.8689,-11.7795,-1.6871,84.1235,20.7581,-89.0778
144.0491,136.9642,54.0054,90.6422,8.5064,51.4209,-22.6624,-39.9415,-84.0175,73.3845,35.4786,61.4271,46.0385,79.8367,-27.3421,-14.4878,48.1574,41.3943,-118.0354
125.8167,118.7227,55.7280,74.3566,31.2912,51.1561,-46.0588,-42.7305,-119.5914,-9.2108,40.6490,37.5950,58.7286,119.3845,-47.2598,-21.0911,19.2273,44.8358,-116.2074
93.6012,81.5191,34.6185,83.9036,6.3709,78.6964,-120.9678,-38.6319,-144.6465,-61.4071,30.6796,38.5557,45.0649,135.2903,-71.9569,5.5276,11.0280,38.0628,-125.2847
71.9695,71.7633,-9.2610,90.0889,-46.5574,86.2973,-186.5864,-25.7125,-147.9462,-40.2128,-3.8328,71.5541,5.2282,131.9018,-75.5155,30.1436,26.1776,10.2998,-134.5167
28.1874,95.6760,-59.3490,86.0118,-64.7701,69.2299,-193.9108,3.8134,-162.9046,-20.7604,-48.1878,100.3139,-23.1348,131.3583,-74.8779,29.1453,25.2839,-14.8532,-134.3824
-38.7617,93.3406,-95.7552,67.5918,-62.0030,51.5630,-208.5199,39.6608,-229.1755,-20.2956,-74.5425,75.8041,-43.5519,112.0719,-95.7403,38.3312,-20.1007,1.6482,-141.5234
-93.0433,38.7169,-116.4633,12.5825,-91.9768,16.4263,-243.3951,69.5021,-286.6006,17.8030,-85.4128,-5.6458,-80.5443,47.8377,-119.1824,71.1094,-89.1868,19.2412,-144.4306
-129.5979,-5.9707,-147.0274,-42.1492,-144.7532,-35.1961,-230.6660,93.4097,-252.8201,72.6612,-111.6794,-79.5854,-130.4167,-18.4563,-137.2355,86.0711,-156.9371,-10.3484,-133.3084
-155.8278,-1.4301,-198.6258,-36.7940,-195.1470,-55.6791,-191.9029,102.7866,-177.7525,95.1160,-157.7883,-90.8899,-188.2406,-38.1351,-174.3238,68.9637,-213.3514,-48.3575,-126.8976
-178.2105,-0.9934,-248.1967,-17.7752,-255.9992,-47.9782,-194.4869,100.8784,-159.5839,114.9233,-208.1692,-73.7053,-249.5097,-38.7584,-221.2861,65.1237,-259.3875,-55.1160,-121.4913
-232.1785,-40.1062,-288.2208,-53.0634,-308.4660,-55.0659,-208.1433,116.4041,-187.4755,148.8951,-264.9925,-88.6056,-281.0115,-48.4598,-246.3705,95.3675,-308.9994,-40.1052,-105.7808
-313.3257,-59.7641,-327.1481,-77.1591,-308.0736,-54.7022,-192.6534,140.8870,-220.2282,151.1110,-322.3068,-121.8244,-271.5569,-40.4778,-261.5546,101.7696,-342.4129,-2.5500,-100.8922
-338.1791,-14.0128,-345.8248,-17.5277,-279.1349,-9.7735,-193.3113,136.4728,-272.7861,108.0557,-354.7514,-126.0973,-266.2469,-18.8598,-291.2617,54.0870,-316.4391,46.3582,-114.4711
-297.0129,32.9074,-335.5501,41.1320,-277.4480,32.5818,-229.9461,131.2548,-304.5330,59.6957,-361.7898,-108.2993,-284.8719,-27.1296,-312.9419,48.6419,-276.3403,63.4565,-128.5394
-304.5442,5.2371,-322.9772,8.3524,-291.8154,16.6574,-236.2391,177.5284,-232.0049,58.1845,-360.6456,-95.6707,-286.9326,-52.2653,-296.3495,139.3843,-311.0067,52.8248,-141.3705
-383.9623,-46.1280,-308.6730,-42.3172,-278.8201,-19.5547,-176.3861,230.9348,-113.3357,112.2685,-345.3984,-71.3297,-253.9469,-43.3369,-259.9104,162.5884,-379.3873,57.5669,-151.9848
-406.1978,-21.8578,-275.2763,-14.2713,-241.7785,-6.6624,-119.2534,210.8216,-83.6720,114.1328,-307.6859,-20.0347,-219.2236,0.8026,-239.4125,-9.1605,-376.9805,74.3200,-159.8152
-333.9230,50.7246,-242.4045,52.1472,-215.4740,48.4034,-144.6264,132.5141,-126.5506,-18.0731,-259.1758,18.4240,-206.7676,43.1241,-231.7766,-191.2728,-316.9122,80.9006,-186.8995
-285.4263,76.5302,-222.6760,80.4829,-209.8800,83.1517,-216.6612,66.1544,-131.8334,-131.8701,-209.4863,13.1141,-206.6775,59.0973,-212.2205,-185.0238,-261.3220,89.3300,-220.9753
-298.6043,69.5625,-196.6700,79.6297,-203.9702,82.4558,-233.8273,28.7611,-85.7645,-76.9153,-167.7972,0.5616,-205.0063,48.8200,-189.9962,-110.7898,-207.6588,104.9030,-214.7338
-272.3572,84.6968,-172.7178,82.9949,-188.6341,89.7041,-198.6291,-3.0888,-28.8030,7.0081,-146.9750,12.7638,-201.3214,30.4920,-187.9524,-134.4048,-159.8193,107.0485,-181.2728
-177.5502,76.3647,-165.6324,81.1549,-183.6681,112.1827,-194.4901,-27.6284,34.3884,-21.9489,-133.2200,13.5511,-198.0874,11.2922,-177.7483,-188.7302,-145.3266,90.3244,-161.6132
-111.5249,15.9987,-151.4823,64.5666,-192.5014,109.9738,-210.6608,-25.9752,83.5817,-65.2851,-98.7107,-24.4752,-181.9966,-15.5152,-125.0436,-199.0316,-140.7409,75.0247,-142.9447
-116.7976,-8.9314,-132.1965,51.9399,-181.2773,88.6207,-179.4139,-14.5866,84.5760,-66.5669,-49.5849,-54.3783,-135.4972,-27.9381,-78.6235,-215.2409,-122.6307,84.0935,-125.3627
-126.3554,36.7084,-136.1381,54.9402,-135.5228,89.5690,-126.5902,-29.1654,54.4266,-90.3247,-21.6422,-35.0723,-81.7750,-2.9320,-102.7713,-219.3708,-120.3578,115.2082,-135.6933
-105.9946,68.5820,-135.7457,63.5327,-89.3259,104.4064,-102.6877,-50.9763,24.0120,-94.9034,-45.9191,-1.4504,-72.9976,26.6711,-161.3853,-142.8773,-131.0726,134.9789,-130.8360
-97.4297,50.4907,-102.9101,64.1908,-69.6142,102.9078,-84.6931,-29.7745,-8.5799,-42.9430,-115.5296,1.8720,-107.2589,32.0013,-174.3553,-35.7330,-108.9706,126.7145,-71.3381
-107.3298,24.9346,-76.5894,50.4245,-60.5982,87.4008,-63.7578,15.4265,-44.0217,-26.2045,-158.7749,-15.2820,-122.7273,32.7763,-125.1674,25.5311,-59.9499,114.4634,-28.6370
-78.3294,4.3975,-71.4381,28.1384,-44.5533,59.3956,-66.8350,28.8284,-77.2621,-46.4039,-103.1020,-30.6939,-96.1135,20.8338,-46.3729,59.8126,-26.1461,114.2570,-50.6808
7.6548,-12.6316,-49.4873,9.9018,-35.7313,23.5495,-75.9882,25.1612,-116.6212,-32.8353,12.3521,-49.9458,-64.2459,-30.5482,16.2152,98.0451,-12.3963,119.4752,-72.6187
86.0929,-12.7683,-10.1997,-1.4935,-41.1279,16.9363,-71.9576,39.7079,-150.4449,-34.0265,80.3918,-70.8840,-37.1027,-73.2948,14.9886,133.1062,-1.8584,129.6489,-48.3325
100.0388,-13.1584,25.3933,-4.1981,-19.4690,41.8832,-64.4539,45.7805,-138.5134,-46.9391,69.7173,-64.7072,11.6641,-53.5632,-31.8418,152.6898,10.6127,133.3024,4.3954
71.3976,-22.6760,63.3298,10.1129,53.6759,45.1855,-18.0079,32.2831,-66.4316,33.9756,29.9684,-29.9786,66.4389,-17.7531,-28.8505,142.0213,23.7857,109.0291,69.3976
46.6781,-11.6900,88.3761,27.2337,115.4207,22.1988,84.1163,47.7442,22.8910,139.1738,10.9849,-16.9469,90.4474,-17.9007,64.0399,122.2940,39.0671,79.4250,115.7204
33.1831,4.3469,83.3898,21.8282,112.7722,24.1856,149.0287,98.5340,55.9040,144.7478,41.5213,-52.2427,102.7285,-22.2259,163.5953,142.9845,69.9701,88.5315,110.6806
47.2901,-9.1639,89.3955,14.7010,104.9559,55.0844,120.5580,127.8386,6.6608,138.9373,106.6362,-86.6396,125.8223,-8.1641,177.6824,166.5390,125.4117,128.1301,83.1626
139.2670,-2.1875,125.9220,42.4989,145.9950,76.6080,80.6739,107.2813,-49.1238,163.3101,144.0944,-70.5426,123.4990,-9.9428,116.0208,115.1135,175.4450,158.5992,68.3057
273.8737,67.4049,147.7775,84.6336,175.9384,82.8843,89.4424,55.7206,-34.4700,86.4771,135.3142,-26.6556,91.0329,-26.4972,57.7591,34.9840,190.3203,166.2499,54.8745
318.4996,134.4285,151.1164,112.9822,153.1276,97.3214,107.6469,7.0154,12.9665,-47.2505,132.3749,3.7817,91.5766,-7.8124,49.1155,8.0126,196.8335,158.2492,51.8873
257.6674,152.4264,178.7465,148.4147,148.2456,132.5423,117.0058,-4.1345,44.7933,-58.3554,157.1899,21.9129,131.0978,43.1261,62.4592,-0.3531,221.7086,143.5837,82.9902
224.9261,154.7110,219.5471,179.1853,201.9240,165.3489,143.5372,17.1577,114.5324,18.9749,186.2405,41.9533,151.7021,62.8725,63.6162,-19.7517,239.1443,121.9265,119.6024
250.0509,143.9452,233.5767,148.3347,240.5648,149.0832,174.6848,27.6995,247.3708,75.7906,222.7188,62.0213,157.3317,40.1875,77.7933,6.2462,238.7970,81.8078,130.4258
234.4944,106.9113,226.8078,85.7320,208.0363,87.6100,163.8346,24.9773,350.7729,154.0029,266.7375,74.2305,172.5534,29.9025,138.4527,68.6072,247.8542,39.1732,127.6309
190.6515,87.9338,223.0687,80.6656,159.4901,46.8609,101.5430,42.5919,366.8629,261.9683,280.5628,68.6523,155.6111,36.7851,218.2347,86.3208,254.9509,35.2541,119.9762
216.2620,95.9130,228.4775,106.9166,166.1150,44.8504,43.7858,71.1040,345.6280,303.6774,266.2630,44.4801,106.3132,12.5170,266.2534,65.0308,225.1007,55.7794,110.2117
282.3689,69.2296,240.1364,73.9999,199.5586,28.8788,48.5702,80.6449,325.7840,268.1742,273.8925,18.7205,99.8869,-25.3821,270.2239,63.4787,184.8239,37.2432,115.3455
296.6508,13.4145,245.6212,13.4388,190.2953,-12.4965,99.1529,76.0675,304.6764,228.6602,303.1633,2.2507,132.1837,-23.1677,258.9254,69.2696,185.6274,-20.8709,132.8799
264.1112,2.3421,240.7539,11.2678,164.3848,-34.4888,153.2905,60.2394,298.5985,204.6785,310.8793,-0.1661,138.0067,-6.0119,269.6524,44.2558,214.1123,-55.9358,143.2047
236.9721,35.9329,241.9211,38.4413,192.9162,-26.5041,210.8221,23.6576,314.4806,156.0054,302.5849,24.6585,137.7602,-11.6533,300.9955,0.3868,225.0865,-55.4101,146.2874
239.3356,53.8836,245.2869,22.5221,238.7192,-23.3755,252.3071,-8.8116,327.0631,76.0862,316.1655,55.4717,168.0632,-9.9216,316.5132,-33.6041,211.2646,-67.5555,151.0641
258.3851,42.8105,227.2399,-20.5174,227.3442,-49.6160,243.0291,-15.6275,330.4326,44.3308,341.4369,44.3106,192.8558,0.3516,318.9346,-54.8243,182.8329,-107.8178,167.1322
233.2408,24.9080,196.6115,-45.0550,200.0390,-88.3430,237.1458,-31.7154,336.4536,92.4601,334.0460,14.8665,204.8772,-19.8183,337.3183,-77.9216,147.8309,-133.6825,205.5577
155.0468,7.8602,178.6954,-51.9959,213.9171,-97.5271,286.1234,-76.0714,332.5030,86.3384,294.6336,24.1957,227.9305,-39.0572,337.8949,-97.8657,135.9443,-116.8146,250.1537
134.5999,-12.0699,168.2906,-53.6411,224.7749,-78.2772,315.6735,-95.2091,307.0379,-33.3659,271.6620,31.8629,224.8536,-23.8848,289.0791,-81.1072,160.4431,-88.4439,280.5972
199.0548,-45.3275,151.3143,-62.5347,209.4465,-86.0328,298.6980,-53.4786,289.3025,-94.8110,274.0414,-13.9585,188.0648,-28.1198,264.7525,-31.8124,167.3538,-84.2157,316.1132
205.2359,-93.5520,137.0542,-102.0845,215.5577,-125.2930,337.2622,2.4854,315.7326,-32.8122,249.3365,-43.2548,184.0834,-58.5837,313.3067,-9.4976,113.1871,-87.5404,365.4856
120.6626,-127.1198,141.5227,-152.0037,237.9678,-135.2299,423.3950,27.0642,364.3651,2.6993,183.8665,-5.3470,200.4542,-42.3960,342.3226,-21.4743,53.8822,-78.0108,399.4589
86.3912,-121.2199,165.5155,-150.1758,236.5862,-112.9613,429.7110,38.2451,358.6918,3.9659,130.0907,17.5568,170.3293,0.1959,284.2704,-3.6137,62.8847,-77.3096,405.2532
115.5897,-93.0340,189.0010,-96.3735,222.5013,-104.9800,368.3100,54.7756,275.1539,60.8071,101.2256,-15.1243,131.0090,-9.0852,209.4267,51.2000,120.3203,-90.2539,382.2982
98.2303,-70.4369,183.0185,-58.8428,199.7567,-97.4785,338.3373,60.9391,201.2851,71.3354,64.5708,-27.1666,129.3802,-34.1825,187.7871,82.3829,155.5616,-81.1492,329.5319
66.3385,-67.5671,144.1017,-65.6592,153.3123,-67.9082,321.2143,62.2432,200.8754,-23.4828,37.4895,7.8448,112.5542,-8.0296,207.3184,71.4626,137.4897,-52.0090,287.0413
101.8473,-89.0725,100.0378,-87.7576,116.1741,-56.7805,272.1277,77.3412,201.2541,-79.9153,47.5948,41.2044,69.1301,34.6477,229.5558,39.6243,97.1687,-52.2002,274.3353
132.7640,-113.6250,72.4769,-105.0260,102.6934,-74.3662,217.9619,70.9877,126.7041,-92.6518,50.2980,63.3666,58.0024,49.4999,210.7012,5.7430,94.7152,-94.4977,221.5125
86.7020,-110.6183,59.7368,-108.3334,64.2459,-73.1920,156.2053,10.2723,30.2636,-172.2626,8.6761,77.6423,61.4021,49.8466,138.3770,13.9165,134.6217,-139.8468,104.9696
33.1721,-89.0413,46.7397,-87.3073,9.8536,-57.1424,73.3627,-45.2016,-10.1827,-222.3313,-45.1943,63.0414,33.6351,39.7017,70.2361,78.3333,138.5835,-153.7492,17.7927
23.6597,-72.5844,17.2815,-62.2519,3.5614,-68.9833,27.4522,-38.0809,-7.6247,-153.2041,-90.6589,39.6498,9.2276,10.1280,36.9869,109.6428,74.9973,-136.2491,-2.8649
7.7639,-61.2199,-28.4022,-65.6912,23.7127,-95.4660,44.1496,-21.4877,-14.7033,-102.5593,-129.4019,33.7074,10.0958,-29.9560,-9.1041,48.4342,18.4688,-115.5343,-17.5981
-43.5752,-69.5292,-73.1025,-91.2750,6.7032,-106.2376,56.0257,-49.6261,-53.4332,-117.4308,-137.2406,6.4311,3.1959,-75.0967,-69.3214,-13.6444,-4.9302,-110.6965,-41.4088
-96.4999,-111.5356,-104.0572,-114.6006,-29.9925,-114.8438,20.9748,-79.6529,-114.7569,-89.9710,-125.6664,-51.0932,-12.0170,-110.0661,-87.0384,1.1438,-60.7830,-105.4844,-59.3158
-121.4162,-132.6332,-119.2430,-126.3178,-47.0808,-129.8694,-34.0602,-77.9949,-180.2017,-63.6153,-148.8669,-69.2127,-26.5398,-102.9015,-84.8579,19.0942,-135.8183,-92.5545,-93.9757
-125.0762,-94.3574,-121.1361,-121.9051,-61.9713,-131.5746,-83.0444,-78.5007,-247.6764,-129.1917,-188.6525,-40.6373,-61.7413,-68.7947,-130.6238,-19.5388,-145.6233,-96.3447,-130.7159
-140.0163,-74.9822,-120.0086,-112.1852,-92.8057,-119.2880,-124.7357,-85.0580,-313.5073,-188.1376,-190.5068,-44.0430,-102.9004,-60.7678,-211.0298,-40.7146,-114.6950,-109.4418,-126.0500
-171.8614,-126.4254,-129.2869,-118.4229,-120.5054,-111.1387,-161.7061,-64.5974,-334.3680,-155.3039,-186.6398,-88.5142,-117.8730,-78.2800,-275.6151,0.7790,-130.4840,-91.1452,-107.9199
-169.2438,-160.1983,-151.5636,-120.5559,-132.9421,-104.5497,-182.9384,-35.1357,-292.3276,-119.2607,-213.6333,-107.6446,-127.7044,-78.5136,-311.0096,26.2171,-181.9761,-52.4894,-121.7144
-115.9430,-122.8231,-174.5471,-87.5359,-142.0272,-82.7518,-178.0636,-35.3079,-257.6523,-143.5386,-219.6057,-91.6565,-147.0749,-56.5403,-313.7891,-11.7432,-211.3087,-39.6486,-153.5131
-89.5448,-91.4620,-172.8923,-52.5206,-149.4991,-49.7149,-182.8747,-54.3701,-283.6894,-166.1600,-183.2466,-76.0213,-152.7837,-38.0828,-295.9254,-56.3337,-216.9697,-43.3764,-194.2800
-130.8697,-94.5307,-134.1273,-48.5516,-140.1991,-28.3421,-242.4002,-79.4239,-329.3828,-142.9577,-158.4160,-57.4073,-156.4598,-30.2776,-301.8876,-79.0800,-211.7042,-20.7376,-260.4010
-160.8886,-64.0192,-91.0426,-34.7685,-126.3646,-20.4873,-320.8990,-130.1205,-364.7049,-135.2137,-151.0012,-34.0890,-180.2488,-24.9948,-348.0305,-113.2411,-194.6053,25.9211,-336.9385
-129.2529,-2.8668,-82.0153,6.7110,-149.8554,-1.3710,-357.1754,-193.8597,-420.7699,-210.3369,-131.3558,-44.4338,-203.7159,-19.7970,-400.2920,-145.6368,-184.7093,51.9980,-390.3786
-107.9931,16.8801,-98.1267,21.0758,-205.6692,27.0383,-362.3459,-216.6394,-490.2753,-300.9211,-126.7409,-88.3437,-228.2916,-17.5685,-424.6251,-137.3028,-193.8751,24.5138,-398.5842
-146.1107,-7.0277,-120.6499,-5.6532,-239.9771,24.2728,-359.4015,-184.4892,-512.3181,-278.2423,-158.1952,-110.0575,-280.6426,-25.2235,-411.6314,-117.4230,-204.7225,-39.1636,-360.2645
-181.8083,-34.4163,-154.0382,-31.8887,-252.8783,-21.3069,-339.8246,-139.6420,-470.9958,-168.2721,-189.1842,-98.7904,-330.8444,-51.1532,-382.9332,-119.8885,-216.6335,-85.3788,-316.3197
-173.8526,-65.9174,-194.6953,-57.8159,-290.2356,-71.2655,-329.9465,-116.3368,-420.7260,-109.4829,-196.7878,-96.6232,-338.1450,-80.4977,-370.0920,-115.3693,-249.1542,-96.0407,-301.6802
-174.1881,-98.7140,-235.7000,-95.1242,-338.7159,-96.5987,-355.7900,-115.7725,-416.2220,-134.1220,-180.4172,-99.3969,-324.7096,-69.5869,-362.3223,-105.6828,-290.6086,-106.6376,-295.3507
-208.1577,-95.3249,-277.6831,-102.7274,-349.6450,-97.1168,-372.7888,-125.9019,-442.3295,-187.7466,-140.7127,-66.1960,-311.8420,-8.8402,-346.5116,-140.4396,-295.6196,-128.8512,-297.4657
-218.4077,-45.1669,-290.1930,-58.0975,-324.4050,-73.0414,-360.6027,-133.4816,-435.7855,-245.4910,-121.8965,-12.7780,-290.3163,39.6827,-359.5627,-186.3666,-241.5233,-135.0723,-347.8530
-180.7155,6.2295,-250.4199,-5.4964,-299.5006,-36.2025,-384.8690,-140.5211,-398.9315,-273.2271,-155.7439,9.4876,-280.0107,28.7394,-384.0707,-162.5989,-166.0701,-127.7567,-410.4060
-151.3257,6.8603,-213.7184,9.5450,-300.0473,-19.8567,-462.1194,-161.8117,-397.9740,-235.3741,-179.9823,-6.5519,-297.7633,-8.2109,-334.6591,-106.1147,-128.9354,-124.8474,-401.5096
-163.8055,-35.9925,-221.5300,-15.1391,-310.3244,-30.2021,-494.3488,-180.4729,-412.3904,-174.0248,-163.5437,-38.1504,-303.4784,-33.5203,-254.5079,-114.1282,-140.6173,-101.4690,-335.3936
-190.1592,-57.5829,-223.7745,-40.2940,-278.5591,-26.7679,-421.8657,-162.1104,-361.0507,-159.4579,-180.7388,-71.6679,-270.5363,-50.9419,-270.6577,-170.6199,-162.8783,-43.6121,-286.2283
-217.6437,-32.0921,-202.5985,-18.1755,-215.3911,9.9244,-328.6097,-134.0099,-285.6363,-210.8716,-230.2320,-94.0494,-231.5667,-52.0523,-322.3448,-190.1001,-171.5117,-1.4141,-272.4991
-263.2835,-16.7262,-213.2922,26.3290,-205.8249,34.1859,-308.6729,-150.0253,-279.3268,-282.9988,-207.2414,-103.4578,-206.3444,-37.6801,-272.6992,-157.0401,-176.5000,-7.8154,-275.0092
-306.8448,-50.2901,-250.3308,12.9079,-236.4866,5.9243,-312.9073,-179.4815,-289.8389,-284.1451,-117.4431,-122.0263,-172.0452,-56.4413,-201.4740,-115.8272,-194.7557,-21.3427,-269.6730
-299.9809,-96.2542,-257.1016,-51.2040,-208.0020,-40.3330,-258.7727,-161.5302,-230.7730,-200.0359,-63.2621,-157.9306,-127.0606,-113.5081,-224.1963,-99.7805,-227.7515,-12.6469,-231.4003
-246.3988,-124.0050,-244.4907,-81.2650,-160.5822,-59.8583,-208.0566,-124.9844,-155.7718,-149.1983,-58.6757,-188.0908,-112.3264,-142.1074,-231.2619,-114.2181,-248.8694,-23.3438,-177.1272
-199.4250,-139.4896,-250.4799,-76.0858,-202.6788,-72.3049,-238.1729,-120.6205,-129.5457,-168.9263,-69.9624,-192.8069,-143.9986,-130.3319,-120.8095,-140.1841,-236.1024,-78.3693,-145.2213
-184.4706,-138.0864,-265.3701,-95.1701,-271.2947,-95.9790,-260.2074,-125.8213,-113.8199,-139.9000,-100.5202,-176.6906,-171.3269,-135.5653,-4.1074,-162.3301,-222.6313,-119.1974,-124.7911
-182.3179,-122.6835,-273.2650,-116.4837,-254.4484,-91.9564,-192.8283,-113.8856,-86.4017,-40.4973,-119.5011,-165.5991,-142.5327,-163.8621,24.6687,-193.4526,-240.9003,-90.9607,-89.8943
-176.7556,-121.2198,-266.0524,-90.0170,-189.6623,-49.1581,-122.9562,-98.4529,-79.3294,10.2190,-93.7008,-182.0066,-76.5570,-167.9830,21.5410,-231.9102,-247.1872,-28.2262,-55.1012
-165.1978,-128.4288,-222.8125,-49.6046,-133.0143,-15.7602,-104.7578,-82.1294,-90.3682,-20.7351,-69.7710,-200.4226,-14.2509,-131.4408,23.0059,-239.4746,-198.2522,10.1224,-36.8130
-132.5451,-107.3285,-148.1480,-36.7279,-61.3812,-2.2007,-66.3346,-70.9470,-102.1912,-70.6521,-57.6934,-175.6115,45.1842,-75.9050,4.4148,-204.0153,-127.8811,22.0207,-27.8541
-65.6737,-65.4663,-73.5664,-26.4365,10.1211,16.7174,-10.6192,-83.1717,-117.2067,-100.0324,6.0849,-126.7634,94.3440,-32.1854,-14.4636,-160.1494,-69.3880,20.7599,-16.2970
12.3199,-51.8034,-17.6612,-14.0824,31.2003,14.5484,-8.8557,-88.7551,-102.2206,-86.9180,86.1324,-103.0982,94.7858,-17.4422,7.2909,-131.5105,-13.3367,-10.0494,14.1209
56.8406,-85.9076,2.1213,-49.0056,8.8617,-39.2955,-18.6776,-62.9220,-16.4383,-42.2618,85.2280,-89.1265,58.7577,-19.4002,65.0580,-111.8711,26.5383,-72.4139,52.9363
45.2829,-137.4278,-16.4564,-127.7506,-26.3609,-104.5797,26.7236,-66.1690,105.2253,-9.1934,41.0964,-51.2758,42.8061,-24.4215,131.2614,-91.7176,29.7504,-130.6560,47.6761
1.7886,-161.6637,-29.9612,-168.8257,-51.2607,-135.6794,72.5991,-124.2824,207.4368,17.8094,38.0599,-18.2670,46.3511,-33.4859,190.8727,-72.4747,27.6946,-149.0682,-8.5309
-18.2458,-146.6056,-15.1638,-135.2748,-40.6183,-132.6821,57.7249,-152.6404,289.4232,48.4068,44.5019,-27.4264,35.0454,-39.4722,245.8748,-67.8133,44.3042,-117.3551,-46.6813
11.8045,-126.6595,-1.7453,-91.7029,-5.2423,-107.5857,20.3824,-114.0594,350.2834,58.1800,27.4902,-66.9775,34.0811,-49.9138,286.6096,-70.9176,49.2006,-64.3175,-26.7667
51.0432,-135.3482,8.2700,-103.0275,33.3420,-92.6600,24.1584,-74.5318,358.5331,91.9048,39.9986,-106.2605,86.4053,-91.9217,269.9297,-37.4646,27.5005,-46.6240,21.2839
48.3973,-158.6873,37.4332,-146.4816,88.4319,-124.1965,80.0485,-67.3188,317.4798,170.2985,97.0723,-118.4819,165.6310,-140.2389,193.1196,25.7047,13.5037,-74.3923,60.7141
22.8344,-153.6909,62.3243,-160.1846,139.9805,-160.6386,135.2388,-75.2655,269.6378,166.3686,148.8459,-97.9101,212.1347,-140.0420,142.8755,31.9359,37.6977,-87.8347,76.3191
33.7554,-102.3753,67.9796,-127.4245,144.3649,-134.8757,135.5335,-90.9047,225.4256,68.1555,174.2339,-77.8728,213.9667,-105.1003,164.8460,-25.7635,92.4653,-55.4896,75.7356
87.7486,-40.2013,91.7666,-78.6450,146.7931,-76.9879,119.6149,-81.5368,164.7504,58.2077,181.4773,-72.9411,207.7670,-71.0728,186.0040,-39.1312,144.9129,-17.8780,92.4597
133.6019,-15.2194,132.9293,-42.6614,199.9313,-45.2488,162.9688,-20.6439,107.7740,120.1952,180.8994,-46.6410,218.4078,-26.4320,166.4769,8.0088,170.8357,-7.7444,141.0280
142.2796,-20.8299,141.5054,-23.7012,229.3453,-24.3968,239.5749,27.0738,111.9983,61.7981,187.1899,3.5715,219.7775,17.3698,172.7183,18.3187,177.1104,-19.8158,187.9344
139.4636,-20.7450,113.5343,-14.9241,167.9388,-6.7506,272.3274,1.1315,185.7407,-52.7460,186.2169,30.4904,178.1151,21.9614,228.3399,-4.4193,176.6540,-47.0172,203.7398
148.5589,-17.8115,88.5046,-14.8868,91.9139,-23.7989,265.5337,-40.7975,260.0366,-38.1637,153.8491,29.5803,121.8550,4.6708,257.8256,20.5280,163.9896,-68.7776,202.0773
149.6311,-19.0218,84.2497,-21.6330,82.9930,-47.6892,272.2451,-25.8079,273.5795,41.7193,121.2780,26.6872,107.4646,-9.7508,217.3200,59.6931,141.2084,-59.7502,213.2152
121.9737,-2.8520,87.5482,-27.3318,105.1673,-35.0477,301.6585,26.9157,243.1297,64.3574,121.9395,11.2259,125.2615,-41.9021,159.5114,47.3493,125.7034,-44.9472,245.2497
76.7734,8.6547,72.8181,-34.8294,93.4249,-27.9268,317.8131,64.5591,217.6096,61.4636,120.7645,-17.6223,117.0254,-78.7010,149.2126,31.6382,121.8442,-53.9664,271.4174
33.5710,-23.3289,39.3920,-48.0209,58.6676,-51.8444,296.2418,66.2583,205.1341,37.8087,86.5314,-25.7369,76.3978,-73.3097,173.2763,48.3163,128.1688,-41.4854,266.8875
21.8375,-43.2970,30.6402,-41.5972,59.6466,-42.8202,265.8416,40.7448,184.8406,-52.3028,43.5696,-13.8058,48.8982,-35.7096,168.0581,35.8993,147.2080,28.7196,243.9352
71.5402,4.5615,64.0476,-1.5646,101.1320,7.2094,255.1703,10.0062,156.7071,-141.0350,13.7362,-11.0313,42.5416,-14.8365,125.8510,-10.8006,161.7047,85.4771,216.5326
138.2424,42.4618,94.7377,22.8207,126.6110,14.6739,229.4431,-15.3861,132.9582,-118.0405,-0.7859,-17.3724,26.0254,-35.5539,91.8320,-7.3151,143.6622,61.1796,178.8283
130.0061,0.7532,102.3201,-7.9297,132.8524,-31.1602,179.8408,-37.4662,97.5954,3.5799,-4.2259,-24.2286,9.3526,-78.9844,51.3846,53.1930,89.1750,14.5235,142.1838
56.9261,-51.2707,113.9213,-46.1528,166.1091,-54.5455,167.7498,-51.7011,32.8152,72.2831,-21.8548,-25.5253,29.7386,-81.0834,-35.3529,71.9430,25.0604,27.9010,116.8640
8.4414,-48.5024,124.7045,-42.2895,190.0687,-38.2245,178.0580,-66.9191,-25.1052,-45.1772,-59.0752,-0.2066,59.1944,-22.4797,-106.9295,0.6081,-3.8182,68.0720,75.5514
-8.1843,-27.4058,109.1447,-31.9944,140.8258,-32.4647,130.9104,-101.0052,-30.5865,-234.0499,-74.8229,40.0256,37.0025,8.9907,-90.8865,-81.8302,19.0310,50.2238,15.9917
-26.5011,-30.3777,77.7324,-59.0389,71.1680,-60.1031,70.6332,-126.9118,-9.0131,-243.8966,-63.3200,47.6323,-11.7630,-26.4505,-47.4306,-79.7574,37.3915,-20.8083,-15.8483
-14.4536,-61.2835,46.1390,-96.9653,47.3055,-97.3309,75.9585,-110.6492,-15.1718,-106.7498,-68.4450,27.5655,-15.9381,-43.5815,-57.8579,-27.2259,-1.4234,-67.8099,-19.3201
28.5274,-105.9363,14.6584,-104.2466,28.8931,-108.0299,73.8123,-89.1869,-58.6214,-61.4780,-88.4867,23.8328,10.6352,-15.5003,-100.6067,-31.4479,-48.9927,-72.2025,-37.0110
39.2703,-123.7485,-3.6962,-84.8753,-7.3746,-84.4066,0.2935,-101.1690,-126.9896,-92.7864,-92.1419,34.0438,8.2736,-5.8689,-136.2490,-73.3631,-44.6614,-84.3998,-61.2769
26.4335,-92.2737,-0.9293,-61.1855,-18.1018,-64.0855,-56.4324,-107.8235,-194.9325,-49.4981,-101.1622,39.9525,-14.0364,-11.5593,-155.2865,-49.1161,-29.6292,-100.6159,-63.0224
29.8950,-52.4798,5.6518,-39.0690,-13.5086,-69.7416,-35.4193,-83.1781,-200.6095,-20.6885,-141.2997,46.2885,-14.2753,-10.6788,-134.6322,-4.1346,-55.7437,-59.7051,-56.1278
4.2905,-51.8595,6.0503,-27.6114,-31.6632,-73.8177,13.0967,-74.4700,-140.7114,-103.5195,-183.3625,36.9091,9.1905,-45.7003,-85.1363,-54.3261,-92.2048,13.8779,-57.5027
-65.7959,-92.9351,6.0903,-50.9889,-44.2611,-69.8311,42.7299,-101.3128,-120.3572,-147.8316,-202.4562,8.6669,44.8859,-100.2876,-63.7391,-125.1612,-107.9163,25.5137,-64.4255
-108.9959,-138.1338,5.5372,-97.5218,-24.6144,-83.1538,37.3180,-114.5147,-171.7718,-80.2018,-210.6943,20.6549,85.8913,-100.1292,-70.9078,-87.7883,-127.0182,-14.6744,-83.5285
-127.3354,-134.2188,-1.3585,-108.8086,-5.4670,-95.7877,8.0865,-92.8918,-187.9331,-51.6069,-217.7974,89.5005,108.5034,-56.1823,-69.2294,-23.7718,-164.2166,-19.6930,-113.0685
-172.6486,-89.7154,-25.7914,-80.2571,-16.5241,-84.7434,-3.3584,-72.7955,-143.7386,-102.2516,-224.9129,139.7739,97.9990,-19.6419,-77.0592,-41.1149,-199.0066,-5.0054,-133.4642
-203.6547,-84.5101,-73.4133,-83.7253,-57.7626,-89.3360,-19.4232,-71.4618,-139.6016,-99.7472,-238.3744,141.6222,64.6916,-22.8600,-106.0212,-48.9247,-218.4885,-39.5637,-149.9332
-196.3804,-126.7702,-120.0213,-128.2516,-115.6663,-125.4793,-96.5644,-72.0660,-179.6231,-22.6600,-257.8981,145.5954,19.9113,-126.1353,-112.8945,24.8370,-230.6163,-93.8181,-185.0696
-219.2353,-140.6982,-142.4827,-141.1728,-161.6422,-143.2473,-171.8638,-76.1621,-180.1828,33.7568,-269.0809,156.3174,-10.3341,-298.6984,-103.8215,81.1707,-240.8684,-113.7728,-226.7804
-267.3124,-132.8962,-152.5535,-123.0772,-178.6490,-133.8814,-160.0223,-88.2300,-159.1071,60.1742,-258.1660,137.5385,4.8181,-362.0961,-132.4181,75.4679,-240.5485,-120.5080,-234.0060
-273.2589,-160.9853,-163.1502,-133.4076,-181.2554,-129.0830,-111.8108,-77.2400,-167.6936,93.9684,-238.5540,118.2170,34.7238,-267.0528,-172.2044,78.7092,-227.9140,-123.6160,-193.8163
-263.9055,-181.1468,-178.0073,-143.0469,-191.4246,-110.9798,-88.3092,-37.7997,-166.7410,89.3439,-242.6554,148.3932,25.1093,-175.4532,-152.6227,83.0939,-226.2988,-96.5012,-154.0670
-270.4391,-140.1086,-209.2501,-100.8734,-222.0535,-70.2760,-80.9392,-24.9989,-146.9896,21.2575,-259.8714,199.8500,-2.6596,-161.0525,-92.8841,49.3011,-245.1781,-62.9746,-168.1446
-244.4828,-95.0261,-241.6429,-59.4686,-256.4688,-55.6725,-108.0294,-48.1258,-169.7596,-8.3608,-245.0219,214.8464,-7.4603,-146.8796,-66.5312,49.6377,-255.6348,-52.1198,-211.0421
-204.4009,-96.2595,-240.7966,-70.1030,-252.7469,-68.3708,-159.7619,-49.1851,-208.0281,56.5845,-217.2930,203.4973,-14.0286,-112.0047,-85.1165,110.8236,-249.0149,-32.7853,-227.4179
-219.5844,-107.4637,-227.9914,-86.9307,-218.1937,-56.5801,-155.4843,-38.4568,-177.4883,102.9114,-230.2406,221.5255,-27.6160,-85.3128,-108.1532,116.8388,-247.9245,1.3389,-228.7328
-252.2374,-89.8135,-236.9610,-70.1948,-201.8862,-32.0371,-96.0174,-72.7583,-115.2967,45.8355,-251.0863,277.8109,10.9966,-51.1956,-121.6422,43.9493,-242.0370,14.1984,-234.4797
-251.9506,-48.1148,-231.2473,-45.9995,-192.7697,-37.5512,-44.7870,-107.1541,-113.5051,-50.4757,-231.5088,325.1566,96.5432,-0.4141,-143.9817,21.1341,-217.8312,17.9196,-206.5763
-264.3078,-23.1309,-192.4389,-44.5285,-160.9656,-55.9920,11.5269,-78.2476,-146.3879,-122.3607,-223.0069,345.7353,138.8956,54.8957,-170.3050,72.3585,-216.7467,32.7349,-141.5901
-300.4548,-56.0402,-181.4614,-70.8057,-149.8027,-62.2724,67.2012,-44.6223,-135.3436,-149.6865,-263.4326,373.3573,109.8954,105.2314,-165.5370,91.6875,-256.9083,23.3232,-95.8347
-307.0541,-106.9204,-213.7006,-100.3978,-178.4628,-65.1123,60.5754,-55.9661,-86.1488,-105.0305,-290.2762,413.0598,63.6228,123.1413,-128.7582,69.0963,-280.9540,-11.8552,-79.7677
-274.5103,-96.6392,-225.1695,-90.6624,-177.6666,-60.9242,37.8262,-52.1869,-47.5274,-39.6837,-270.4825,428.9208,31.1840,114.3489,-106.5517,77.5130,-253.8973,-16.3827,-68.2430
-215.1025,-39.5630,-193.2299,-48.0992,-123.0727,-42.3096,70.9778,-6.9761,-30.7233,-29.1221,-242.6803,423.7994,13.8563,132.9358,-117.5627,111.9883,-199.4495,14.6951,-64.6678
-153.7623,8.4569,-145.3636,-22.9599,-69.3847,-18.3843,89.3320,30.1003,-28.5592,-10.5758,-216.5429,436.7831,18.6507,169.0789,-129.1879,125.4358,-125.5214,38.8528,-57.2349
-160.1295,53.3908,-88.9090,-13.9595,-40.9535,17.8125,45.2773,38.4965,-39.5507,38.5661,-185.4439,474.4031,29.9028,183.0373,-121.7300,102.7380,-28.8413,50.1365,-33.7828
-197.2529,92.7754,-35.5423,18.6273,-32.1480,69.2156,16.5484,12.1103,-52.3931,-30.7081,-163.6872,518.8499,25.4876,228.7509,-107.9556,35.2675,60.8573,64.1242,-35.9945
-109.7684,100.9222,-13.1812,69.6108,-43.4693,106.4706,20.5952,-51.2258,-46.5496,-199.3576,-131.9819,559.5737,25.5489,339.1088,-93.6553,-39.1458,115.6582,88.0824,-60.3198
55.0491,114.5651,-9.9879,110.7304,-47.1112,122.3707,11.3449,-82.2860,-7.2778,-225.4515,-76.0893,584.9951,41.6934,427.4941,-73.9326,-35.0056,138.9666,122.2043,-27.7963
75.1081,157.8124,7.2805,131.6861,-18.2239,137.0507,20.4165,-37.3154,65.2066,-105.3491,-44.6976,599.5186,44.5118,458.6978,-48.7026,24.4970,151.4487,135.2458,54.5445
-5.0739,170.6379,34.3499,120.9627,22.3451,138.4517,74.1261,-6.9938,144.9855,-67.8540,-38.6629,624.2149,51.7155,490.3310,-10.8087,20.7942,177.4615,103.7308,96.2133
54.6565,139.1981,52.5189,86.7620,65.9982,115.6021,122.5328,-58.6030,201.1823,-125.1509,16.2043,649.1266,120.4547,501.7988,51.7347,-36.2214,213.8482,77.5720,92.5278
217.2404,126.2584,73.3262,72.0818,129.7881,101.0662,146.9030,-119.1815,241.2217,-119.9707,108.6466,658.1874,212.3086,439.4356,125.6810,-36.2069,230.7688,100.4390,98.2496
269.5322,135.4751,129.4202,82.7126,199.8167,104.7451,162.9415,-125.7832,278.7574,-48.3772,152.4001,677.6794,235.3297,367.8307,167.9407,6.5612,237.2458,127.5851,113.3276
232.5828,125.1964,226.8708,74.4261,247.4767,97.7532,159.6596,-111.0730,275.1300,-13.4667,152.0433,711.2855,216.6729,362.6514,150.9814,5.2681,271.2051,115.9127,124.1564
246.0539,105.1100,311.9271,43.4062,263.2393,84.9843,150.6151,-107.7175,206.5089,-63.6080,166.8375,715.8095,245.9107,377.6700,108.1257,-22.2254,309.7557,89.0363,139.9190
285.3509,97.8882,328.0690,31.9667,247.4618,93.4114,173.2299,-105.8905,141.7885,-155.5007,192.5719,696.1662,301.6515,349.4971,96.8795,-25.7302,297.9205,70.3540,162.6380
281.0451,92.4920,297.2826,39.7654,225.3760,111.7139,220.6472,-84.1252,139.0443,-162.8012,212.7355,681.9857,318.6967,298.4206,112.5581,-23.8910,250.1301,55.7471,202.7224
262.0366,72.4047,273.9000,24.3126,229.3567,110.5306,260.9260,-35.1507,148.0618,-43.9143,242.2170,631.6093,327.5838,256.5721,103.1040,-29.8613,218.5641,41.6522,253.0578
251.8606,38.6619,263.6408,-11.0411,246.9142,84.6872,266.9903,11.1794,124.8709,55.5384,275.5939,523.2647,370.1484,205.9703,76.8357,-30.1068,207.5593,28.1829,258.3235
238.2174,22.4287,263.2803,-13.8811,259.3083,57.4481,224.0256,25.7907,112.9442,55.4832,306.1928,432.9053,394.7144,139.8570,101.9714,-35.2415,196.1819,26.1566,214.1889
241.4368,45.5888,286.6542,22.6480,270.1223,61.4428,162.9154,28.2026,128.5148,52.9709,353.0637,394.0297,345.3955,104.1991,183.3707,-38.5032,195.3576,40.1656,189.2956
272.6243,62.8104,301.4259,47.8795,250.4819,96.4641,121.6868,34.4410,133.0809,66.4731,401.6330,353.5783,254.9274,99.9483,241.9675,-10.4243,227.6471,45.4145,192.9625
291.5529,46.0854,270.9562,55.1454,190.6294,128.0215,95.9038,34.4076,147.4794,29.6092,409.9588,303.4651,195.3284,25.0615,236.0901,24.2945,269.4122,49.8108,187.7238
273.9055,61.2747,248.7219,89.5913,174.1708,147.4202,99.3495,50.9562,210.1888,13.0985,386.6387,264.9324,197.7196,-162.3931,206.2130,32.5813,271.3151,98.9860,194.3398
255.5218,134.5387,284.4668,139.9837,239.6334,169.0299,147.3173,100.5947,258.1452,96.2361,373.8128,214.6929,229.9851,-327.3055,183.5754,51.5060,251.7777,154.8065,221.4373
281.3038,189.9245,313.3491,149.1107,285.2739,178.0679,169.3523,131.8839,221.4613,173.7908,381.3076,169.7572,235.8613,-343.9013,151.9981,96.2552,280.1364,130.7790,221.7722
333.2176,196.4111,274.8238,121.7414,246.7894,160.9180,124.5406,115.8982,152.5995,153.1869,386.8196,178.6432,199.1368,-267.6442,116.6812,105.3998,341.6858,59.1231,209.9066
339.2340,194.1804,227.2791,102.5492,200.8705,139.8596,97.6958,101.9387,128.6543,127.7003,360.6161,185.4898,147.2283,-217.2307,103.7227,68.4609,356.3799,32.0910,240.4897
284.7266,197.4065,236.3778,102.6078,214.0011,132.7023,122.7867,126.2553,142.1752,186.0231,295.0622,119.2424,105.4827,-221.7529,86.2369,57.1469,335.1572,53.4990,284.1802
254.4630,213.5183,271.4246,125.6672,250.5052,149.4421,128.1027,173.0027,163.1717,235.2502,234.7282,41.6583,88.7432,-228.5845,36.7980,90.3545,345.0614,91.3646,290.4021
299.7543,250.3840,289.8906,171.3094,256.1576,200.5603,104.1752,212.0329,172.6413,155.6334,231.5680,9.2895,97.8561,-181.4388,15.7330,115.3544,368.5569,124.3970,270.1715
366.0185,272.0884,309.6426,201.4043,231.5739,242.4325,76.9604,215.5099,125.8180,29.0176,277.6721,-37.4838,106.0539,-108.5319,60.2672,111.6920,366.7705,101.8646,233.9230
399.0503,271.2379,341.4439,197.6271,213.4800,216.0021,19.1892,192.0093,27.4826,19.5038,329.0349,-131.6733,103.0558,-108.8584,95.0435,93.2311,366.2918,26.5093,186.9387
391.0779,286.9576,346.2970,189.6373,211.8789,162.6334,-31.7320,183.0102,-4.2140,82.5639,352.6044,-239.9607,111.3879,-191.8118,98.9089,54.3318,367.4592,-15.9825,171.2702
332.7305,295.2715,303.1563,179.9857,200.6506,156.1122,2.8385,190.3761,100.5358,81.3201,332.3737,-368.7841,111.7711,-254.7186,158.7050,2.9658,320.8566,-11.5815,194.8134
245.5497,257.0894,247.2785,149.9822,176.4619,163.3359,59.8774,197.6732,224.9966,83.4193,289.5489,-523.3257,57.6026,-260.7202,240.2062,-17.1259,227.4027,-15.3660,206.9978
189.7543,214.3997,208.6441,119.3347,152.0319,125.3920,44.7134,225.4498,242.4545,178.2367,273.0019,-655.2286,-19.9134,-257.0443,195.4600,1.4336,131.5781,-14.0376,200.6979
162.6454,191.6415,173.8795,105.3043,107.7773,79.2648,8.3728,261.0263,208.6339,237.6795,279.4172,-752.2745,-59.2480,-244.0951,63.2845,8.7658,64.7665,9.3669,213.2973
106.6409,171.0756,128.3831,102.1727,43.9039,76.7229,-3.4811,259.1861,225.1391,200.1874,252.3606,-834.0048,-80.7321,-204.9655,35.6782,-7.9792,51.5266,7.3513,231.4445
29.4703,186.5259,77.7902,122.1057,5.9492,93.5132,-47.9806,255.3126,263.0808,212.9402,191.3683,-873.6738,-122.8576,-170.9137,136.0846,2.7729,75.5203,-17.5406,208.8103
-16.2347,230.9467,31.6386,150.8791,-7.5192,85.0811,-122.0065,292.3539,264.4148,292.6180,163.7659,-867.2099,-166.3884,-151.1929,227.4600,51.0203,72.5278,-25.6426,144.6114
-30.5250,212.9776,5.8138,136.3725,-35.2261,49.0546,-152.2771,304.3208,259.4049,300.2336,196.0947,-865.6459,-198.3318,-120.3549,253.5370,79.8773,36.8166,-43.9897,81.8396
-36.4599,154.4758,8.5187,99.1233,-57.7604,18.5916,-136.8692,257.7295,275.8439,250.8910,245.2407,-860.9049,-224.4950,-81.4160,254.0949,82.0200,19.4895,-76.8410,55.6102
-19.4593,170.1696,15.5866,113.7527,-48.5927,27.2019,-118.8692,236.6133,274.5042,239.9821,269.4884,-812.9038,-224.8402,-44.5192,253.7832,107.2636,12.9480,-64.7091,56.7849
36.6761,236.7457,7.1089,168.9993,-36.3973,67.0690,-115.2722,268.9507,226.1061,240.0078,261.5204,-774.6686,-207.6631,-14.3025,244.5590,136.1547,-13.0186,-24.0384,45.8002
89.4256,254.3831,-2.8034,191.9298,-39.1739,91.2505,-142.6144,287.3353,145.1953,224.1366,225.2808,-802.8081,-226.0358,-20.2995,201.2956,109.3110,-39.9245,-21.0704,7.5824
58.3553,219.9016,-17.5358,160.9918,-56.8424,73.2111,-197.3356,278.9551,58.5296,237.4776,163.9999,-831.8775,-280.8567,-62.6441,120.3307,67.6094,-72.1934,-35.7082,-33.1101
-58.9602,174.8083,-65.2822,114.0293,-100.1675,42.9713,-229.4124,282.1238,-6.9307,270.3399,92.3618,-791.6976,-323.4479,-86.6970,53.0278,79.5644,-133.0650,-20.1382,-53.3543
-147.3460,154.4476,-124.6392,110.8041,-138.0929,53.3026,-214.6257,294.1735,-53.0493,259.9150,35.9327,-723.2614,-342.9843,-69.9475,27.7879,91.9515,-177.1594,21.6835,-54.8431
-140.4957,182.6482,-143.5838,167.6800,-133.9570,109.5087,-187.2284,292.3603,-114.2239,190.3490,0.0512,-679.4468,-351.7488,-35.5018,-0.8924,44.0625,-170.3353,72.4339,-51.5160
-121.1663,204.2858,-131.9745,208.6035,-127.9257,149.0750,-182.7678,269.8352,-191.2929,128.5589,-44.1103,-639.7523,-355.5258,1.9523,-60.0421,14.1890,-170.2979,96.3223,-58.6528
-152.9936,173.8635,-139.2291,184.7570,-147.7282,132.3902,-214.0161,237.3403,-253.7726,155.1627,-114.2038,-577.2279,-380.5571,25.2651,-129.9192,67.9531,-206.9637,62.4293,-84.2377
-188.6455,165.9221,-176.5361,165.6212,-164.5535,109.2518,-274.0814,222.4699,-306.5670,203.1159,-186.4542,-509.8665,-438.0708,24.0112,-208.8551,123.1998,-240.1595,24.3159,-129.6663
-215.6169,199.3292,-229.5387,182.3491,-212.0960,120.0594,-333.2253,226.0568,-360.8763,127.9477,-245.9270,-458.4376,-497.4254,21.9881,-279.2954,120.8287,-274.3148,29.7460,-197.7794
-277.3135,176.9349,-295.4421,164.3900,-332.0634,120.1393,-372.0170,218.3300,-395.1793,18.6259,-312.9201,-415.3595,-552.2527,23.2253,-289.6536,133.5328,-337.5325,21.5123,-279.6165
-356.4516,119.7323,-367.2303,114.5666,-437.8398,82.2166,-405.2541,204.9530,-417.0161,81.2636,-384.4394,-370.8175,-611.6409,2.0824,-266.3761,192.5858,-397.8979,-20.9798,-353.1040
-414.7383,124.2648,-418.5784,107.5753,-453.1669,49.5392,-450.1763,200.7936,-463.6215,223.7882,-425.2046,-331.7097,-636.1623,-27.9096,-305.8070,214.3074,-431.7107,-22.1983,-412.2938
-441.3578,137.7409,-423.8480,128.3889,-434.7791,44.1337,-503.6554,177.0121,-523.4175,221.5149,-438.3387,-305.0855,-609.3990,-41.2867,-410.6416,162.5102,-458.4080,23.3499,-464.3112
-407.8537,101.8611,-388.3373,125.6829,-428.1779,50.8624,-556.0053,130.6293,-563.1881,117.4318,-458.1424,-291.7414,-592.9504,-54.4316,-484.7799,94.7842,-464.9550,45.4205,-506.1005
-347.5043,91.3926,-355.4266,112.9424,-420.7705,67.4592,-600.7120,97.0746,-580.2076,45.3739,-477.0861,-292.2616,-614.0733,-73.2371,-483.5308,40.7333,-436.7557,38.3640,-535.4569
-377.4506,108.9410,-362.2437,96.6100,-438.6987,71.7203,-630.9224,63.4801,-561.0108,-7.8530,-473.5182,-293.0305,-630.3541,-80.5743,-446.3807,-10.7726,-425.8029,28.4734,-552.8801
-494.3688,69.8613,-398.5435,61.3990,-493.7211,29.4123,-631.6098,14.8203,-492.1538,-41.6413,-477.2529,-273.7126,-632.1827,-88.3163,-413.3391,-42.6101,-465.2206,7.8678,-540.9165
-576.7803,4.8616,-442.1378,26.2893,-534.1163,-25.3052,-581.8831,-2.0258,-406.8497,-20.2780,-513.6705,-250.0930,-631.5048,-105.1697,-385.7847,-39.3096,-506.9862,-13.1438,-490.7336
-607.1707,-25.7106,-488.8286,-4.3053,-539.6282,-38.5861,-488.4483,19.2735,-322.5994,12.7956,-541.7460,-253.7231,-598.2984,-110.2792,-352.9370,-29.2831,-515.4922,-18.9364,-439.6921
-602.9813,-58.8867,-516.7348,-44.0241,-522.0830,-33.1205,-405.0888,22.7107,-221.0623,52.9003,-520.0846,-262.5807,-527.4379,-111.4795,-324.6588,-39.1483,-500.2326,-36.3205,-425.0236
-495.4106,-94.5159,-494.8194,-60.7447,-464.9118,-49.6505,-380.0918,6.7228,-144.4799,135.3111,-461.5943,-235.3050,-469.5438,-134.7210,-322.1138,-56.9348,-448.3806,-73.3499,-426.2501
-330.2027,-83.4920,-439.4082,-44.4600,-381.7332,-77.7580,-397.8155,0.2618,-167.1283,181.0022,-395.4136,-196.9128,-442.6436,-164.9784,-343.2249,-58.5907,-363.0975,-89.7086,-408.8742
-271.2069,-64.0574,-390.8665,-45.3563,-325.6127,-97.3508,-408.3936,-11.9120,-267.9909,134.9162,-350.0052,-194.7100,-420.4805,-181.8863,-366.3893,-42.9354,-325.6704,-59.5436,-388.2047
-308.0751,-86.3927,-352.0413,-59.9838,-301.4704,-95.8083,-400.2155,-24.5178,-365.8769,85.7631,-351.2325,-212.3551,-392.3887,-187.7347,-375.9422,-31.7408,-383.0984,3.6075,-390.7067
-330.9643,-110.1731,-308.0137,-46.3177,-284.1928,-60.2527,-402.1816,-2.2426,-424.9467,59.7796,-375.4594,-205.7602,-359.8274,-158.3027,-372.5032,-26.6916,-447.2065,56.2043,-386.7460
-361.9177,-94.3083,-267.4042,-31.9247,-274.7094,-13.4518,-418.4143,38.5349,-447.1008,-4.7261,-365.1129,-158.4107,-328.2750,-70.1173,-383.8051,0.6495,-431.1888,54.1453,-340.4983
-396.4380,-48.3900,-241.7338,-40.0914,-269.6917,6.2913,-414.6492,62.0334,-446.1096,-72.3433,-314.7798,-70.5980,-312.7282,25.4909,-430.4077,31.9007,-384.4047,14.8683,-293.4243
-335.1519,3.3859,-224.9083,-31.5209,-255.3782,5.5763,-372.9683,68.7260,-439.2379,-80.8521,-258.9861,24.5366,-293.3890,63.5139,-457.4479,0.5902,-378.7758,-10.6113,-292.3777
-233.7865,26.4186,-210.4272,-14.4151,-234.6082,6.2275,-306.4584,61.4314,-410.1621,-49.2505,-203.7186,64.2456,-228.1070,61.5585,-394.0756,-69.3661,-391.4129,-21.0943,-291.3637
-228.9074,14.9813,-198.2762,-31.3528,-210.0239,4.6226,-232.4513,45.4653,-335.4322,4.8246,-149.1546,53.4277,-138.6484,69.9279,-274.1561,-73.3587,-379.3066,-25.9897,-249.2162
-260.6414,13.1328,-181.0003,-46.3908,-174.5424,3.5718,-170.5811,30.4300,-245.3647,47.3587,-104.0276,69.2561,-75.3833,85.7496,-171.3710,-22.7053,-325.5466,-5.3359,-221.1774
-212.1830,35.1229,-135.7318,-15.9525,-120.6375,14.4093,-132.0741,-14.8858,-180.9390,-1.8673,-37.0495,119.6881,-21.4289,83.4727,-87.3269,-26.8809,-201.7691,18.8175,-230.1706
-109.0996,52.1847,-47.4640,22.9529,-45.2101,27.1698,-100.4157,-102.0173,-134.8774,-120.9371,79.9911,137.3539,51.3570,73.3224,-19.5160,-73.8911,-32.0923,8.8768,-197.0329
6.9055,52.9205,56.9138,34.0063,29.0780,27.5990,-59.4397,-157.0578,-79.8992,-183.5676,193.3648,122.2931,113.8362,75.9770,9.2127,-60.5842,80.2925,1.7429,-91.1822
118.7410,32.8319,135.3588,25.5245,81.9519,15.0960,-0.9547,-140.8565,3.6266,-143.4475,238.8301,133.7961,155.5983,83.6266,48.4050,4.0681,119.4277,27.0677,27.2570
172.4141,2.1491,188.9349,7.0903,147.6362,1.6038,104.4697,-115.3006,116.7273,-67.5849,238.5533,173.8589,211.1626,87.1079,155.3212,37.6312,195.4761,38.9812,138.7828
206.2712,7.4776,243.1990,-2.6542,240.9693,12.5919,248.1674,-113.5530,224.1039,-52.8020,253.7123,206.2596,273.8610,100.9035,262.7869,33.6756,336.9227,23.5791,257.4993
334.2928,44.6212,296.9762,16.1208,305.9832,46.4393,344.4438,-100.8913,301.1753,-130.3312,312.2027,220.9081,311.5492,121.7812,295.4944,27.6891,451.9875,13.7388,350.8301
498.1547,50.8443,345.1938,38.3262,337.5682,52.3986,370.4107,-65.6541,370.4856,-176.7923,398.6234,205.3039,345.0380,113.1808,303.5193,28.8861,507.6608,-3.8631,405.7106
536.9208,27.1046,400.2193,27.9689,387.0999,10.9944,417.7514,-22.5485,433.6103,-74.4278,456.2863,145.7119,399.3932,70.1251,350.3861,41.5939,538.6378,-41.8270,462.9772
474.9806,5.0171,444.5076,-8.0703,420.2799,-28.0898,515.7432,18.8989,467.6870,55.7756,444.6406,77.3476,447.6824,35.1421,423.0316,54.2916,540.8612,-63.3819,524.6379
457.9477,-32.9919,439.9647,-40.2894,392.6043,-33.8695,588.3911,41.8106,509.6310,58.6530,410.8513,49.7967,474.4190,26.3775,498.8387,36.7480,514.4297,-68.0669,551.2739
519.3098,-59.5521,404.9175,-46.7971,380.2705,-29.2449,606.5288,41.1032,600.1896,20.4687,419.4122,69.2512,501.4521,24.8875,564.1860,3.4606,507.7707,-82.0632,541.4118
595.9219,-20.7020,398.8398,-29.8932,436.5772,-30.5327,599.6271,23.1870,681.4252,49.2122,453.8508,115.6422,531.3960,24.8203,595.2484,-3.7966,539.5070,-71.6645,522.6691
641.1845,20.9167,442.9395,-17.3597,500.3608,-30.2299,587.0715,-22.1432,692.3393,60.3181,479.1626,157.3846,556.3404,29.1678,593.9230,3.3496,582.7535,-12.8601,518.3627
655.6041,3.3735,512.7018,-15.6394,546.4628,-18.1956,614.8077,-72.3992,685.5757,-4.9607,508.2103,160.0807,595.5380,33.0135,587.3817,-7.4245,626.8655,36.4269,554.8719
672.5972,-4.1164,571.4614,-3.1055,606.1877,6.7796,714.9935,-67.1968,738.0140,-46.5655,539.8134,135.0308,650.6589,40.1720,601.3977,-20.9054,672.7361,34.5623,637.6768
692.9797,16.3213,593.4166,12.3099,660.5447,22.5571,813.4171,-18.9335,833.1965,7.2120,546.2693,119.3974,684.6425,45.9467,661.1597,-15.2025,712.4624,18.0896,733.8132
676.6628,-13.0494,595.8831,11.8311,688.3936,15.3083,841.4981,0.7218,901.4348,93.6183,540.9976,98.2966,695.4612,28.9101,748.1588,-10.3708,747.0092,28.6860,805.3010
650.0399,-59.2096,625.4410,12.0875,711.9964,15.3108,847.8520,-8.3161,914.5555,122.3317,553.3135,48.4067,725.8896,1.1202,788.2909,-29.8544,776.8831,62.0523,832.6394
685.7078,-45.7579,680.9957,16.2813,733.3033,33.2525,876.4680,4.7941,900.9240,100.1864,569.2780,14.8149,770.0146,-3.7010,760.4069,-52.4986,794.4240,86.8491,831.0478
750.8280,-32.0766,714.1240,6.0842,745.5759,31.2690,890.5108,43.9161,884.4219,107.5490,568.9555,30.3973,771.0954,4.1998,721.9494,-32.3021,803.4752,85.1792,838.7195
754.5084,-61.1516,714.5897,3.2237,757.1633,12.9528,864.0641,81.1190,849.0906,146.4359,564.2923,47.3962,733.4094,4.3171,695.9459,29.9646,804.9294,71.9270,844.7859
710.6506,-57.7906,707.9498,20.7661,754.5570,14.2553,812.4244,99.8004,786.2003,148.0341,569.3532,32.3165,725.2001,12.5903,667.9336,73.8839,779.4957,55.8455,806.8041
675.5112,-19.7557,691.2659,13.1060,738.4275,8.1020,757.5731,106.7986,720.1110,136.5728,574.1300,16.0299,751.1871,26.5801,657.4970,76.5540,720.2001,25.8100,755.3065
625.9357,-25.1003,658.5215,-20.9590,732.6287,-24.8226,718.7548,130.8063,656.4709,151.0857,552.5352,18.9289,745.5341,24.7737,663.5738,84.5227,652.1235,8.1058,731.0651
551.8016,-52.0308,637.0078,-20.7144,705.7053,-21.4040,679.0211,162.0760,569.0120,106.9543,498.5616,25.3494,703.6435,29.5962,629.9045,106.0858,600.5953,40.3694,673.2897
524.6473,-44.9342,627.8711,1.7984,634.9914,24.6139,607.6208,146.4346,456.1073,6.3215,447.5795,19.2643,681.7605,53.2068,544.3430,101.7162,557.5855,81.1093,557.8182
555.3065,-39.9369,584.7175,-13.9716,590.7144,22.7981,546.6284,101.1104,363.1938,19.9528,420.7089,1.3645,672.1816,51.7009,465.6931,94.4637,492.8347,71.6542,496.6333
531.9175,-60.4290,502.6219,-43.6380,591.0781,-27.6187,546.5876,101.4107,332.7986,145.8261,388.9837,-2.5318,625.5782,28.8290,430.4469,124.7424,407.7868,39.6227,525.9972
398.2646,-62.6887,434.8089,-39.0978,550.0515,-35.8973,554.8072,132.4682,338.5262,180.8900,342.8703,22.3134,559.4932,41.1592,414.4995,142.6740,348.6906,25.8450,528.5225
261.6367,-45.4463,390.1727,-32.4327,461.3140,-10.6721,517.0894,127.8305,309.0646,107.4931,303.8553,36.5339,509.3068,65.3063,380.6879,107.0072,327.9467,15.9614,465.6823
222.8683,-44.0824,323.5244,-49.1101,393.1145,-20.6176,472.1579,100.3824,249.3875,83.2134,249.0846,21.8662,451.5018,45.6361,336.0915,76.4280,298.1347,11.0497,416.4477
217.8263,-46.3597,234.5564,-49.1581,334.6456,-38.7464,446.8830,83.7174,240.9088,128.4382,158.7300,28.4744,378.1236,24.6412,332.7906,88.7613,241.3449,28.3045,387.8541
144.6265,-44.5894,165.2350,-32.9500,260.1292,-27.1402,417.7379,60.2718,281.0348,159.0299,88.3964,57.0773,325.5937,41.2610,379.0879,104.9072,181.1051,33.8273,330.2365
39.7822,-77.4656,116.2270,-55.0656,196.8471,-35.9272,379.1744,24.6697,289.2520,142.8506,68.3072,48.3930,281.1014,36.5150,400.8651,104.2281,114.7750,5.0460,253.6808
-10.2085,-131.4299,66.5700,-96.6049,131.4212,-72.5238,314.9186,-8.8448,264.8200,67.1489,55.8273,28.4268,204.5715,-1.9507,355.7201,85.8854,46.0869,-6.7459,176.5948
-33.1287,-129.0104,30.8759,-81.0014,42.1502,-60.0522,199.0199,-45.1496,233.1474,-40.2551,44.2579,52.9601,123.6709,-3.4434,289.5106,34.8526,7.6523,24.7859,92.2751
-92.1917,-70.1163,10.2151,-25.9358,-21.3683,-6.8150,86.5601,-71.9341,148.0372,-78.1415,44.0322,67.2101,72.1681,19.3410,231.0224,-13.6036,-21.1579,43.5542,21.4281
-143.9244,-45.6942,-38.2162,-20.2346,-48.7479,-8.0440,39.9151,-70.3487,26.8139,-11.8696,5.2798,27.5235,14.6338,-8.7254,156.6233,0.3663,-88.0696,12.8907,-35.0818
-135.3745,-84.8015,-120.2617,-62.8400,-107.9157,-62.4132,-3.3549,-66.4170,-38.2590,70.8159,-76.3034,-2.5398,-72.8953,-67.1469,66.8355,47.4841,-166.0989,-31.0630,-122.1263
-130.3553,-123.6218,-189.0660,-85.4990,-207.7834,-92.3316,-113.2404,-77.3746,-76.0608,85.3263,-130.9215,-7.6011,-160.7326,-97.2437,-16.7606,59.0005,-219.2267,-55.4073,-227.5542
-192.1308,-126.5222,-231.7963,-92.1909,-295.6871,-100.8020,-233.5305,-79.9639,-165.6005,14.7670,-175.9995,-35.8758,-237.4088,-112.5264,-95.6974,36.1455,-273.5874,-72.8527,-294.6245
-270.5384,-120.1372,-275.6660,-118.2115,-354.0850,-125.3079,-302.4720,-79.0857,-248.4964,-87.6652,-275.6099,-54.8127,-310.9456,-127.8275,-167.9270,8.6412,-327.1387,-94.1263,-334.0187
-318.0733,-126.2268,-322.2566,-131.2396,-381.3890,-135.0974,-345.3025,-94.4743,-265.5386,-118.1138,-372.6758,-27.0479,-366.2441,-125.2326,-219.6917,-18.7774,-348.6819,-101.3225,-377.4484
-358.9208,-135.3136,-352.8104,-105.3135,-377.2539,-108.9932,-377.0643,-105.7298,-275.8756,-61.0066,-398.1425,-5.9572,-398.8660,-122.2144,-264.7072,-44.8269,-367.7695,-84.4952,-406.4265
-379.5730,-121.4647,-363.4081,-77.1761,-370.1367,-82.0216,-383.8935,-105.4660,-310.2491,-35.9009,-400.7564,-6.0941,-422.7772,-135.9466,-333.6621,-76.7107,-405.3531,-58.9335,-428.3360
-345.5861,-75.3319,-354.9355,-57.8466,-370.0598,-59.0769,-407.0605,-115.0560,-353.7559,-82.7928,-409.6132,8.3098,-428.2331,-137.4947,-424.6120,-112.9119,-424.6036,-30.9485,-479.3568
-324.3036,-36.4149,-337.5886,-26.7788,-357.6642,-25.1520,-483.8312,-115.7559,-424.1991,-85.7160,-390.1762,2.4806,-412.3988,-123.6895,-491.4211,-109.3381,-438.1153,9.2278,-521.6042
-382.0201,-37.3472,-344.3529,-6.0795,-351.3562,-7.3215,-548.5654,-86.9688,-490.5621,-22.0331,-377.4600,-30.8927,-412.1786,-119.7755,-503.5070,-65.0500,-479.9643,48.8376,-506.7267
-444.1444,-39.2469,-387.8384,-11.3494,-386.4160,-11.1968,-547.3291,-72.6422,-516.2444,-31.8908,-425.8560,-0.2259,-447.2513,-111.7990,-517.5248,-63.8115,-499.2745,52.4129,-496.9564
-445.5111,-12.2628,-436.3443,-10.0437,-454.3482,-4.7445,-557.4141,-103.6640,-579.2552,-140.7919,-498.6429,87.3950,-498.5541,-97.4098,-599.5010,-115.1743,-474.3755,8.5722,-557.3452
-461.0214,-3.7932,-467.9087,-7.9999,-530.7461,-8.4419,-634.5464,-143.2653,-687.2245,-199.5799,-560.7530,105.4361,-556.6776,-115.1768,-676.0613,-118.4146,-489.1693,-50.8452,-626.1840
-542.1724,-38.6861,-499.3115,-41.3327,-599.8545,-46.1333,-685.5297,-159.6059,-692.9762,-171.5808,-624.2471,50.0588,-616.2687,-142.9524,-641.5507,-65.1041,-553.7347,-76.5248,-625.5200
-611.2847,-64.9683,-538.9381,-71.6775,-637.8391,-58.7495,-649.2148,-150.3557,-599.9524,-166.1599,-656.3065,34.5417,-648.3201,-118.4784,-572.5548,-53.4262,-566.1608,-49.0029,-582.5842
-603.0635,-46.7919,-555.2175,-41.5130,-631.2766,-20.8938,-610.5954,-107.0357,-576.8837,-166.7028,-624.4377,81.0981,-637.9405,-67.7825,-592.6295,-80.8056,-507.9460,-9.3238,-551.5868
-550.3380,-3.9496,-523.7537,15.2722,-591.3966,-0.7307,-612.7382,-37.4540,-621.6354,-78.7897,-581.4221,128.1465,-607.1216,-42.9384,-640.1282,-60.6965,-458.6635,-3.5446,-527.7884
-514.0422,29.5698,-480.3303,40.7456,-539.5336,-5.5736,-596.1239,20.8523,-626.0702,-1.4132,-574.9595,147.1889,-578.1340,-11.2595,-625.9884,-6.8456,-451.8694,0.3118,-500.4966
-524.4473,29.9466,-478.5278,45.6790,-504.6705,30.4431,-567.4984,46.1859,-628.5674,-70.2413,-586.7881,146.9732,-558.7831,46.0898,-616.0403,5.4545,-470.3677,58.2782,-491.7195
-562.8316,13.7361,-506.0165,59.7992,-497.4071,87.4420,-566.1833,46.5479,-668.9313,-158.8810,-597.7704,144.3941,-555.6973,66.9014,-648.1053,-16.6046,-497.9356,131.7295,-495.9093
-581.0778,19.1905,-509.5880,73.2545,-492.4438,94.3940,-541.6722,37.7975,-672.9442,-94.6626,-588.6934,136.3512,-568.5362,31.8420,-642.6759,-23.1064,-512.2380,132.2598,-471.8224
-562.6883,28.6798,-492.8932,65.6934,-484.2370,65.6322,-489.6893,33.8047,-631.8087,33.7062,-531.7336,95.6717,-583.5396,-3.0214,-601.5761,-15.4644,-501.9909,63.1676,-428.9577
-538.4100,11.1101,-500.9946,43.8508,-499.6007,49.0828,-496.3276,29.3596,-591.0251,65.6815,-467.6260,47.6935,-587.6498,-17.2236,-597.3384,-19.3844,-478.7512,10.2988,-423.5739
-550.7152,6.4859,-529.0760,31.8616,-528.8068,42.4930,-524.3099,5.0536,-515.5322,23.1008,-470.4747,61.0438,-583.7284,-29.7624,-587.2972,-37.5095,-449.5051,12.6797,-441.4846
-603.6339,36.4268,-538.4872,36.5590,-532.7051,38.6780,-466.4045,-26.7576,-403.3038,0.2361,-511.5404,115.8044,-584.5164,-32.7980,-511.0427,-61.2211,-426.2675,31.4383,-411.6170
-611.1201,45.0299,-520.4459,43.0444,-509.0165,46.6786,-393.6035,-34.5265,-350.2390,-1.5539,-505.1396,134.5058,-588.9206,-17.1073,-440.6971,-84.3169,-421.6178,35.9207,-351.2138
-483.8080,23.8959,-479.7704,48.8223,-477.6903,59.0224,-414.1673,-33.5514,-385.5286,-43.4877,-451.0863,127.3506,-575.5462,-1.0722,-429.4940,-96.9824,-398.6533,43.5788,-336.6607
-299.5357,24.2590,-415.5937,61.1410,-439.5493,65.9389,-445.7991,-59.1193,-438.3829,-125.6725,-392.3814,133.9637,-526.4282,-0.0379,-410.6620,-89.7831,-320.2708,64.5194,-348.0645
-199.3253,35.8392,-337.3339,65.7706,-383.2229,69.7043,-403.0819,-87.1896,-459.7177,-149.0089,-315.5266,116.8332,-442.5831,-18.7971,-360.4954,-71.8294,-237.1604,78.2962,-312.6027
-152.0476,28.1304,-249.5704,57.0083,-295.6254,68.8514,-344.8908,-72.7173,-444.2821,-78.3953,-208.7518,57.5044,-338.8539,-49.1619,-335.1166,-66.6660,-205.5998,89.6837,-234.7744
-74.5365,32.5238,-148.9390,65.7148,-179.2002,66.4586,-288.6487,-36.7381,-405.4374,-38.2083,-121.5618,20.5039,-237.6748,-54.2771,-319.2804,-74.3533,-175.5802,126.9047,-151.0980
-13.4955,69.7592,-56.1368,103.3095,-66.7911,78.3516,-187.1740,-24.7584,-369.4753,-80.4435,-78.7695,42.2486,-151.5987,-16.9355,-255.7813,-69.1853,-79.0403,169.1966,-72.4431
23.8971,112.8423,8.4165,136.5668,14.6611,110.8396,-93.5947,-21.1282,-340.4791,-85.5259,-32.4581,81.6853,-73.6374,22.1603,-180.2860,-49.0450,39.1526,173.6144,-25.9054
105.5227,133.3602,58.3883,141.6498,64.9837,143.5795,-70.6246,11.2358,-296.2729,-38.7107,37.0943,93.4201,-3.1029,40.8403,-141.6894,-30.3789,78.1859,156.5735,-9.0428
147.6457,102.4629,93.6677,118.8639,88.0863,142.0382,-42.8983,55.1091,-215.1453,-51.8068,78.9960,73.8582,54.9912,68.6641,-90.3074,-0.2610,29.7399,149.0795,46.0662
63.5618,30.6965,94.7452,77.8862,102.2662,103.1777,54.2716,72.9465,-91.5776,-89.1326,83.5829,50.2885,117.0155,92.2317,-0.3997,42.3222,-10.5397,137.7385,129.5754
23.5093,2.0763,87.1598,55.5825,135.1301,75.7499,139.6508,65.5213,22.2250,-63.2033,118.4356,39.1135,182.9141,57.1812,45.4184,42.3500,19.2562,126.5539,136.6851
149.7197,42.9673,101.8042,78.9627,171.7283,86.3310,136.5238,49.1427,51.4630,-42.3546,202.1760,17.6689,212.0600,-11.0253,25.0106,-11.8531,69.2590,143.3132,71.2011
256.1522,63.6990,108.5743,102.0839,180.8304,92.9470,104.5994,28.0571,28.5899,-66.4916,265.2088,-27.9822,206.7710,-38.6544,35.8654,-35.1101,73.9995,159.5183,41.5763
208.3509,28.3939,93.6503,78.6254,181.0654,75.6250,131.6076,14.4414,45.4974,-64.2168,273.2076,-64.0390,228.9628,-36.2231,88.3394,9.3214,55.9345,138.8395,70.1253
134.1156,6.3076,104.5038,55.1760,200.4254,75.0921,201.0218,23.9868,86.0815,-47.5372,267.2343,-63.1385,284.5984,-52.5371,83.3786,38.2424,74.7367,117.5913,113.6117
134.3342,25.5749,148.6427,82.3235,226.6323,95.2292,239.3989,45.1336,94.5964,-56.9935,273.4062,-38.7638,316.7986,-63.2010,44.4817,0.8811,138.6221,118.5844,160.8792
177.6254,51.3916,182.1574,116.1103,248.8280,98.7902,235.6280,52.7306,107.5222,-50.9975,285.8224,-11.8328,320.3881,-35.0439,86.6352,-40.3524,213.7642,103.3824,189.6173
246.5472,64.8186,213.6336,106.1178,272.7901,95.1703,235.7417,43.6525,152.3359,-59.6052,313.9500,3.3025,334.0895,-6.0083,173.6160,-32.4366,270.8517,71.4902,193.2123
324.3673,55.1191,273.0502,76.6953,293.9797,101.3581,257.7261,33.9181,192.7917,-141.1219,360.9036,6.8464,357.6195,-5.2634,203.2743,-8.0006,304.1962,50.8377,237.5045
370.5734,21.7849,322.0846,56.6380,313.7839,86.6708,297.5945,34.6489,240.9217,-185.4050,398.9102,22.6173,372.4638,0.4156,222.7276,-13.0310,328.6354,19.9029,330.7897
386.0736,6.6462,330.0089,44.2248,347.5342,55.4797,369.4222,44.1746,320.5394,-102.5204,408.9142,51.0053,383.1110,30.6697,286.3369,-42.6148,360.0939,-12.7791,384.3573
384.2582,39.2713,351.1892,57.2485,398.1149,62.5447,455.5465,56.3485,377.1623,-12.2591,399.7201,51.5207,396.9531,56.9059,307.8928,-58.0119,405.4858,14.2484,389.0620
380.9253,80.0578,420.6593,93.7961,444.1018,93.4758,489.6827,70.1463,387.9881,-8.0962,388.1522,14.8602,411.2650,50.8846,261.6132,-36.1375,457.4635,57.0875,404.8877
429.4590,66.1281,470.2589,82.4988,441.9924,68.4614,457.1646,86.4542,415.7827,-14.6802,391.7074,-15.9032,415.2064,9.3248,256.7345,3.5129,476.2623,1.8999,409.3625
511.0497,-9.4332,433.7770,-4.3107,376.4241,-22.0181,424.7084,96.7373,468.4523,43.2647,413.1929,-10.1748,400.9815,-41.2428,309.3374,30.0373,426.7126,-112.2132,375.3946
506.5667,-74.7583,357.8766,-77.1966,315.8583,-100.2890,427.2341,86.5992,474.7217,139.1127,426.4371,27.3392,390.8159,-50.1012,329.3059,41.1735,359.4419,-154.9405,357.0629
410.9811,-62.2341,330.0927,-72.9366,323.6714,-112.4953,424.5881,52.7622,414.8492,168.5613,413.3080,82.5867,408.1670,-2.3869,319.4957,45.0253,363.2434,-129.7596,367.6967
359.1517,-10.2991,349.9702,-42.3428,355.0290,-84.1216,397.5325,7.0436,343.4876,64.4241,394.7917,139.2725,426.8049,44.9080,332.7857,35.9949,421.9245,-108.4704,361.9543
386.8770,2.0273,354.7976,-33.8087,357.4977,-66.4011,382.4450,-37.5518,301.8684,-56.6580,397.6559,170.9897,417.5863,34.8129,340.5984,12.9958,442.6134,-80.7104,342.0728
404.4793,-16.0892,337.0369,-34.6429,358.4291,-64.3373,384.4838,-75.1523,277.8756,-53.5411,418.8948,148.1006,397.2688,-14.0579,318.5178,-12.9763,414.7967,-35.4714,321.0530
380.7316,-15.2151,339.8291,-32.3933,368.4077,-45.1403,356.9350,-98.7463,246.5107,-14.9685,432.1217,89.7529,378.3969,-35.2549,303.3446,-30.8070,406.3066,-11.8456,285.7005
370.3430,0.3029,356.7110,-18.5021,361.7741,-6.6677,301.4863,-101.0056,219.7799,-64.2204,415.9456,77.8454,356.7056,-0.9510,298.3814,-32.1265,430.1260,2.3443,265.5555
396.5791,6.5766,338.9699,6.7615,351.6353,10.7444,287.3067,-91.6194,215.2091,-125.0276,382.9799,122.1582,347.8329,33.1166,278.9608,-26.5826,428.9554,40.3295,285.4265
402.6120,-8.3887,286.9889,-4.3411,338.2527,-14.1388,329.1040,-84.2439,208.2243,-120.6531,365.6263,109.3296,350.8559,0.9132,258.5566,-36.8090,370.5360,60.1376,294.8618
342.5174,-49.5780,244.7500,-61.8755,288.8304,-49.7692,349.8728,-66.1172,189.2867,-85.2406,361.3505,21.2504,337.2526,-58.7108,240.9143,-46.3998,287.0824,30.4419,263.1780
273.7893,-83.0308,225.0423,-80.9397,229.4023,-53.3162,295.6326,-31.6026,188.9834,-28.3526,333.1520,2.7669,313.5562,-52.3520,205.0349,-17.8526,226.9975,-5.1085,218.1333
253.6523,-68.8018,199.7195,-39.1259,196.7112,-32.9477,197.2812,-21.1533,192.0991,17.8609,271.4964,88.8619,297.3741,12.5720,174.4404,22.4119,202.9482,-36.9146,165.8263
220.7267,-30.7978,146.8672,-27.5124,156.5701,-39.1657,112.5391,-55.2683,160.4720,-6.4051,203.7507,149.3664,262.3726,54.1422,179.9803,22.2628,190.5907,-97.9997,105.0891
140.0443,-8.9758,79.8510,-61.5907,94.4385,-77.4753,64.7848,-88.3031,128.3813,-24.9104,150.0428,146.7138,191.5005,54.9417,180.4773,4.9981,163.1927,-153.0545,57.1612
93.7104,-6.4138,27.5748,-63.3516,34.7223,-88.7107,32.7179,-95.1433,124.7402,27.4697,113.9619,142.7663,109.1719,43.0406,125.8265,14.5369,120.6484,-145.4265,19.1937
85.5111,-20.1129,-4.6304,-30.0309,-38.6406,-49.9102,-8.0910,-104.0303,100.9132,29.2888,89.4513,130.1975,41.1691,22.8256,37.6870,28.6850,86.0424,-99.8989,-9.5393
30.5847,-32.6818,-31.9342,-9.7803,-106.6430,-10.3541,-37.1744,-106.5470,51.0661,-46.3643,57.3994,98.8837,12.9355,13.0667,-32.1277,23.4939,64.9017,-60.8453,-3.7515
-33.8378,-21.3551,-54.4106,-1.9436,-98.3782,-8.1564,-33.8992,-69.9090,35.2826,-33.4743,13.4858,87.6039,21.8714,30.2703,-57.8099,17.5339,17.5647,-33.1203,5.2296
-47.5575,-18.2060,-63.3196,-8.4707,-55.7120,-36.9347,-40.2032,-32.9452,43.8461,70.6825,-12.5327,79.3277,4.8437,30.4034,-46.1206,7.1914,-75.3871,-28.8831,-39.9940
-83.0712,-42.7051,-69.1486,-34.6345,-72.0708,-71.6703,-87.4795,-51.1548,18.0331,96.0290,-4.6590,60.6173,-48.1446,-5.3479,-32.9133,-21.7805,-144.8438,-47.1842,-108.4603
-138.2861,-36.6960,-78.7569,-35.6782,-98.8888,-75.0269,-132.3077,-96.5376,-38.0649,29.1855,5.7175,90.1057,-52.0054,-20.2565,-51.1712,-39.0033,-129.6513,-36.6911,-156.3478
-88.8459,11.3497,-72.6673,-2.3434,-66.0894,-40.6149,-150.2893,-119.9040,-89.4835,-22.3775,-10.6728,145.0605,-5.0445,-5.2239,-91.1867,-29.9318,-86.1997,15.8634,-215.2117
27.1764,38.7108,-40.4584,10.1571,-26.8096,-15.4720,-179.8899,-130.1042,-128.4654,-40.1794,-38.7866,126.2843,-1.1170,-10.9197,-119.1617,-36.4960,-85.3724,51.5602,-290.6123
51.1110,39.6288,-6.1889,-1.5254,-23.9275,-12.7239,-227.3345,-142.9934,-164.7692,-62.0015,-56.8694,50.9791,-37.1859,-30.0590,-115.9899,-74.5411,-102.8690,48.8055,-328.9618
-15.7996,27.7635,-6.6894,-8.8446,-42.7773,0.5916,-248.9129,-132.8908,-208.8633,-97.2283,-79.5439,-7.3043,-58.2505,-40.8780,-86.3311,-104.3462,-115.9324,43.7175,-312.0174
-86.4866,-25.1780,-57.1272,-33.3416,-96.6120,2.6666,-227.2731,-79.7903,-232.4305,-111.3351,-137.4717,-48.2476,-101.0502,-73.6545,-66.3477,-93.2888,-159.7022,42.0148,-261.3942
-155.8347,-75.1965,-129.1716,-67.6598,-167.0164,-36.7003,-187.6742,-21.9417,-191.8863,-62.1509,-233.2537,-49.7505,-182.3162,-104.5817,-105.2941,-39.0588,-212.8073,24.7754,-211.5557
-218.1617,-50.7969,-178.7528,-62.7385,-195.6452,-61.0178,-170.7736,-18.4545,-145.9084,-1.8650,-331.6005,21.1754,-235.6720,-64.6658,-196.9553,29.3428,-202.6562,-3.0233,-215.5715
-240.1607,-7.0001,-200.6505,-40.1067,-205.5450,-41.3391,-202.7258,-58.9674,-199.7067,-19.2204,-385.9870,83.9704,-258.2917,-0.4593,-274.6844,55.8157,-152.6563,-36.7039,-277.5653
-232.8591,-1.3673,-217.6130,-38.6582,-245.0468,-41.1988,-263.5520,-77.0938,-312.7115,-69.4282,-378.4593,72.3211,-296.7402,-4.0405,-306.4172,29.5325,-147.7879,-74.5112,-330.6688
-213.4262,6.2475,-234.3044,-28.8262,-289.6409,-64.4169,-319.9901,-65.0984,-365.0986,-70.5553,-347.5471,52.3183,-331.8657,-31.8581,-324.2190,14.9583,-179.3759,-92.2694,-342.2140
-198.6710,4.1494,-252.2059,-9.1924,-326.7324,-47.7832,-367.5725,-63.6300,-353.6201,-50.2759,-355.1444,68.3408,-349.5144,-0.3857,-344.3429,48.8814,-183.8697,-83.3107,-330.8229
-231.7237,-32.1592,-283.9917,-14.0472,-359.7682,-11.5265,-389.8658,-56.4654,-339.1818,-28.1718,-399.7500,91.5477,-372.8788,54.8574,-345.6624,89.3708,-176.6905,-73.7560,-308.1136
-293.9876,-18.0483,-316.2797,-8.2831,-343.8899,-7.9776,-364.1895,-20.0441,-336.7747,11.4834,-412.4487,121.0851,-373.7911,64.8398,-331.3224,100.5732,-209.8388,-66.1880,-303.8085
-318.0015,46.7222,-325.3217,26.4907,-295.0180,-13.0106,-325.1491,2.0831,-348.6731,21.4760,-372.1106,139.9293,-331.0192,37.4130,-324.2739,96.8207,-263.4677,-50.0142,-335.8503
-328.5138,23.7093,-322.5263,15.7762,-297.2427,-9.9869,-307.5969,-0.2761,-361.7962,10.8947,-341.8840,102.3910,-294.7354,8.6207,-316.5034,99.1054,-298.4254,-45.4270,-344.8099
-378.5162,-78.5856,-318.1826,-49.5772,-325.1087,-25.1804,-287.5857,21.1705,-341.6116,57.4891,-357.2325,48.6870,-279.6963,-8.3300,-299.0198,107.5871,-341.7256,-53.5050,-301.9977
-409.1567,-123.2183,-302.6872,-83.3341,-305.7215,-42.7387,-263.5119,46.9231,-299.9294,87.5909,-378.6302,38.2319,-264.1754,-11.5120,-294.5832,101.5561,-408.9251,-39.6236,-277.9217
-360.2661,-104.4684,-295.8683,-77.1902,-290.2184,-42.3470,-265.0735,26.1297,-249.6905,6.8727,-374.5082,31.5311,-282.3341,-7.5520,-300.6920,62.9872,-435.0707,-22.5769,-303.3584
-300.4393,-80.0204,-318.3145,-82.0528,-333.9875,-54.8047,-273.5069,-9.5608,-146.5457,-51.2744,-352.1469,2.0150,-331.9800,-8.2733,-278.8087,15.8278,-392.5656,-57.3066,-335.8188
-325.5469,-51.4635,-336.3368,-82.5298,-380.3395,-78.3083,-267.4198,-23.0257,-12.8863,13.2114,-321.0151,-7.2712,-326.9560,-15.0334,-229.3673,-2.9999,-361.1128,-112.9982,-358.9492
-416.2368,-49.6241,-327.6280,-59.5566,-384.6104,-68.8374,-262.5515,-23.4022,48.6748,63.8042,-299.2147,-1.6847,-265.3915,-17.6272,-181.7836,-0.2735,-376.8723,-112.7178,-352.7565
-443.6697,-80.4229,-321.4655,-42.6055,-357.9845,-34.4114,-243.0904,8.6908,30.8238,28.4386,-301.0045,-14.1528,-237.5459,-9.2084,-133.4237,11.3061,-360.5549,-65.0881,-288.8197
-337.3076,-68.0377,-316.3982,-30.2444,-305.8145,-9.3802,-199.9467,70.6105,-9.4161,4.3381,-294.6213,-25.0452,-250.3486,-3.0821,-94.3758,49.9241,-285.7387,-22.6821,-227.1109
-218.2628,-24.9716,-282.1432,-2.6597,-249.6694,14.3791,-179.3625,99.8882,-77.7094,32.2193,-257.0090,-32.9356,-251.1241,-12.8413,-103.6122,107.9167,-240.5300,14.4418,-219.7458
-216.7290,-29.0901,-244.5071,19.4864,-210.0152,45.8395,-173.3241,113.9688,-149.9364,91.6777,-231.0408,-61.5926,-246.1920,-13.3563,-132.3366,146.9317,-254.8747,50.0825,-194.0302
-250.3704,-30.3526,-232.7199,30.5955,-171.9711,67.4147,-144.3687,176.9607,-166.6860,153.7657,-238.2652,-71.9958,-253.3492,21.8674,-121.9440,158.5559,-246.4325,55.8351,-124.1900
-212.1248,30.6044,-206.5504,58.9046,-151.7353,75.5400,-154.6587,222.3195,-183.5417,123.9847,-226.2994,-24.1007,-253.7547,62.5113,-116.2795,143.2954,-175.0407,41.9169,-102.1998
-171.0347,78.8132,-149.0262,92.0087,-168.1117,78.1748,-221.4176,175.1669,-248.6720,-0.0948,-169.2396,39.2073,-241.1577,71.6657,-162.1102,92.1881,-100.8341,42.3196,-128.2735
-170.1803,71.1688,-120.5325,89.8208,-165.3354,71.2857,-220.5103,111.4740,-247.7333,-53.1113,-103.5028,68.6643,-222.5679,58.4121,-173.9323,46.0281,-73.7233,32.9431,-118.1568
-136.6530,52.9046,-143.7899,57.5392,-129.0681,54.2105,-139.0235,77.8483,-135.5287,-7.7757,-53.7424,62.5209,-194.8597,33.4871,-95.3882,52.8446,-75.5535,-9.7430,-100.1032
-104.9262,29.4335,-156.4124,31.6787,-121.9984,36.7297,-102.4310,14.8254,-54.0695,-20.0825,-33.7176,32.9768,-164.3249,5.1431,-17.7150,66.7607,-80.1225,-31.3712,-129.1889
-162.0850,2.8121,-121.0393,30.3181,-109.1160,25.4725,-96.1621,-51.4769,-52.9816,-88.9433,-54.8841,8.0698,-138.3732,6.5956,-1.3192,28.4197,-86.4851,3.1347,-139.6207
-206.2652,8.3447,-72.1621,45.7724,-20.2434,20.1151,-46.7704,-52.8649,-39.7465,-85.2759,-62.1773,12.4274,-109.9750,28.2213,-10.2796,-25.6901,-78.0159,38.2170,-86.0094
-108.6104,26.7588,-35.7863,60.3048,55.9574,19.9937,-34.7686,-47.4819,-20.1505,-46.4101,4.4000,20.3210,-80.1687,13.1018,-42.8353,-56.0559,-23.5390,35.6091,-35.3468
36.1818,33.3598,-0.1718,69.3676,39.2667,33.0098,-83.1159,-85.2382,-39.5794,-82.6579,79.6467,2.4041,-52.8058,-20.5289,-84.5046,-96.0366,54.4533,29.9036,-20.6199
76.3387,55.2783,29.7861,80.0382,23.6110,58.9921,-53.2923,-104.7812,-20.5984,-158.1438,79.7728,-23.9982,-18.3499,-11.0326,-48.0764,-157.1130,93.5194,37.4334,-7.2764
31.9360,68.5585,35.2396,80.3915,59.0992,66.2830,47.5030,-97.0999,68.1274,-176.0384,65.8660,-44.9634,21.9351,6.3593,49.7482,-190.2526,91.6665,27.9347,-4.2153
11.7397,26.2882,36.8972,51.7801,69.7123,33.7685,66.0926,-107.3276,113.8513,-109.6668,115.5874,-72.0883,54.4173,-25.0628,83.6549,-164.7973,89.7594,-10.2900,-31.0290
39.5599,-24.4723,64.0970,7.1185,58.5555,-5.5195,28.6652,-92.1818,85.0139,-0.6639,168.0070,-96.2622,77.1519,-55.0748,68.0303,-102.8850,73.9556,-54.3966,-29.8400
48.3656,-35.7812,88.3722,-27.2247,83.7685,-18.7439,68.9727,-20.9627,86.0235,69.6588,156.3615,-92.3924,91.6586,-28.8574,109.9069,-58.8892,25.3054,-72.6519,48.9690
11.8354,-34.3880,75.0955,-41.2370,106.2157,-18.2701,147.4931,23.0573,142.0908,65.6496,126.3733,-68.3491,97.6373,10.1440,170.3757,-71.7161,1.3935,-52.2550,141.7447
1.8131,-23.6447,53.2672,-31.9204,91.1264,-19.8511,146.5276,4.8025,179.8033,52.5052,123.6150,-60.7360,102.1076,9.0397,170.7536,-101.6505,44.6125,-28.0785,168.4632
57.7198,5.1946,53.7280,-11.6710,87.9329,-26.7678,83.7021,-1.8198,184.7254,76.7563,128.4221,-74.2671,105.5415,-18.7523,165.3481,-79.6327,101.2528,-36.1069,153.2814
109.2625,11.0064,63.5514,-12.8931,103.7017,-40.7252,43.5245,28.6276,176.7045,88.0097,125.1739,-60.4751,103.1482,-26.0406,181.8396,-24.0951,116.0260,-44.7279,146.6315
107.3455,-11.8845,83.8467,-32.6488,93.3914,-37.0120,31.6435,50.9720,120.9182,50.9735,110.9082,-0.0892,101.3789,12.1459,137.5709,-1.1640,111.2194,-21.2306,140.1178
79.8046,-18.7276,121.4937,-22.7271,67.4625,4.0034,4.2174,53.7578,11.6956,2.5646,77.6913,44.2491,97.7152,52.0746,34.3501,-20.8595,128.0757,-1.3207,140.5117
43.9747,-4.1197,138.6474,25.7315,60.5659,42.5084,-29.4423,49.3369,-69.8642,-21.0307,49.0333,33.2623,80.9716,28.5589,-28.1785,-67.3018,156.7317,2.4648,177.8088
22.3872,23.2051,119.3831,62.4595,67.1365,45.8287,-23.3423,35.9009,-77.7546,-1.7632,54.3895,13.3950,63.1751,-30.6820,-42.9696,-121.5552,151.6146,32.6815,204.1310
47.1271,62.4908,110.9928,60.1000,72.3409,39.8045,-0.2988,23.0522,-62.8984,57.9588,70.9343,8.0651,48.2790,-46.4598,-73.0125,-128.0913,109.3683,66.3387,160.5597
60.5940,73.9290,124.0585,37.3536,65.5033,32.7021,-25.4977,15.3201,-70.3563,82.5083,64.8290,-2.3271,10.0754,-21.3064,-108.7784,-78.1422,85.6669,38.2931,96.9068
3.9330,45.2384,113.8447,11.1266,29.1839,8.7416,-81.0043,-8.7478,-94.5911,4.3219,28.7581,12.6052,-42.8546,-3.6059,-110.0435,-54.1003,84.1938,-15.7935,58.1882
-39.8345,29.0121,76.3808,-7.9998,-33.4535,-7.6705,-104.8560,-44.3449,-128.0374,-90.6626,-45.2071,62.6502,-69.4842,0.9532,-92.7052,-76.3949,36.3302,-24.8608,6.0613
-7.6978,25.6942,35.8842,-8.7781,-89.9825,-5.2311,-98.7274,-57.7627,-145.2238,-85.7282,-127.2220,61.9165,-74.1878,-10.3764,-83.3797,-75.1971,-43.6613,-17.9789,-40.4219
17.6276,-1.9203,-8.5154,-5.0152,-109.6927,-18.8717,-77.3212,-55.7803,-103.7529,-38.0761,-134.6596,-6.7674,-76.4503,-47.1978,-76.7378,-58.6055,-66.5598,-38.9321,-20.1349
-3.1283,-12.3272,-44.2294,-11.4339,-89.0850,-35.6949,-29.7187,-65.6456,-33.6086,-39.2075,-66.3516,-31.0406,-58.2556,-73.1385,-74.6070,-85.1012,-49.5997,-50.7289,16.3020
-14.3142,28.0997,-55.5141,-5.4663,-59.5933,-13.8813,13.4350,-70.0886,-8.6131,-29.4273,-29.6907,18.0995,-27.6705,-59.4830,-93.6882,-117.8886,-64.5587,-30.8302,2.9094
-24.4963,53.9615,-72.9075,13.3848,-59.4040,6.8138,10.9808,-54.9647,-10.0810,27.3718,-53.3829,42.0654,-28.2260,-43.0888,-114.4084,-110.3609,-81.0058,-27.8814,-19.1225
-55.7997,23.0283,-108.2321,-6.9548,-86.4746,-29.3134,-18.2010,-51.5221,33.6466,47.2994,-52.8626,10.7328,-52.0408,-53.7332,-83.6542,-94.2974,-69.3743,-70.4692,-31.0174
-57.6572,-25.4488,-117.7013,-66.6139,-109.9363,-88.9403,-39.6383,-57.2411,108.2209,52.6592,-15.9088,-18.7709,-64.0234,-72.1815,-3.0524,-71.7474,-81.9662,-120.4856,-66.1038
-36.1726,-59.3190,-101.2731,-92.5568,-117.2924,-120.0575,-27.2215,-29.6141,154.2173,130.3737,-17.4751,-37.6345,-72.7493,-83.1107,47.3810,-24.5143,-107.1905,-132.7504,-77.7329
-57.3065,-70.5794,-111.6837,-71.1295,-114.7705,-119.1852,34.8332,4.4409,160.8243,162.9824,-63.2282,-75.8755,-79.5070,-89.3442,27.0154,-13.3482,-85.8729,-107.8900,-20.5049
-105.7646,-56.8007,-144.4044,-55.4979,-105.7854,-92.8728,81.9438,-11.6148,125.0140,27.9890,-96.9048,-120.9136,-52.8962,-89.3475,-6.4978,-59.3224,-61.0190,-77.7030,33.9509
-138.8052,-40.2397,-148.7640,-46.7739,-87.7406,-52.6341,35.7514,-31.9784,36.2588,-107.4351,-101.7825,-130.2912,-4.1893,-76.8869,-13.9346,-70.3188,-77.1260,-55.9654,38.2436
-157.0508,-39.0644,-117.1850,-25.5464,-58.1727,-27.8978,-43.1267,7.2120,-66.7736,-85.5695,-82.5179,-90.1011,19.9523,-46.0815,-33.2364,-30.4175,-80.3251,-37.5490,36.1421
-129.1851,-43.4807,-77.8927,-28.6783,-30.0313,-28.8478,-58.3053,54.4171,-127.7040,-18.1740,-46.4126,-41.7315,14.8369,-10.0279,-67.4037,-26.5480,-63.8027,-32.9486,35.5647
-47.3441,-47.7626,-54.2095,-61.4961,-23.3233,-34.9444,-30.8563,57.1570,-131.9832,6.7693,-40.2988,-39.8362,5.4667,-3.0298,-52.8361,-47.0068,-81.6600,-35.7627,17.9724
-5.6760,-50.0829,-52.1786,-65.3903,-30.5687,-26.6962,-1.8412,60.9392,-90.0801,44.4915,-91.3174,-82.5216,-0.2790,-31.5675,15.9155,-24.0083,-103.5637,-4.8439,8.0868
-37.1596,-47.9326,-54.3650,-43.4002,-37.9567,-11.6244,22.2473,76.1583,-31.9706,60.6511,-136.0029,-130.3873,-5.3249,-70.4211,65.2348,-5.5756,-80.2665,39.6146,1.3761
-59.8412,-57.0056,-52.5486,-53.0280,-66.3356,-25.7750,3.2854,38.9888,-1.3322,-3.0999,-114.9599,-167.6701,-16.7372,-110.5317,67.5153,-46.8158,-52.5272,17.3027,-38.5988
-73.1847,-75.9406,-70.9429,-80.4686,-119.2755,-74.8656,-40.2914,-39.3829,10.2960,-57.0657,-71.8403,-186.1316,-41.5255,-139.4020,68.5259,-85.3112,-53.9098,-51.2099,-81.2575
-137.2761,-78.7547,-111.4376,-80.6453,-142.4404,-97.4439,-10.5655,-72.9635,47.7428,-34.2476,-74.5019,-178.2509,-65.5247,-131.2994,89.3928,-75.5386,-65.2824,-63.5331,-73.7888
-196.8446,-80.8043,-134.9342,-72.2106,-111.4743,-68.3323,72.0400,-41.4401,90.0011,15.9239,-116.3676,-173.2674,-72.7872,-111.1173,100.7569,-52.0110,-83.4970,-31.4805,-29.6230
-184.6568,-106.5180,-127.2870,-79.8852,-76.0966,-55.0561,93.6618,6.5379,88.3214,86.0295,-147.8138,-185.9564,-76.7571,-113.8601,89.8790,-19.5200,-94.2495,-48.8347,16.6064
-153.9865,-118.3318,-107.5195,-84.6242,-68.1450,-83.9018,65.8355,33.1986,73.0908,187.5498,-143.4700,-172.9979,-89.1173,-97.8225,75.6350,28.2657,-67.1857,-106.7296,47.1486
-144.3205,-91.9105,-86.3349,-80.0003,-67.2899,-95.2637,59.5939,29.5873,88.1279,243.0060,-117.0912,-128.5753,-93.4490,-41.4094,63.7650,41.4983,-31.1469,-128.6472,51.0647
-123.0033,-69.5365,-78.3628,-84.7433,-62.8683,-79.1457,59.4677,16.4571,97.5195,201.0371,-97.5366,-112.0293,-77.9379,-16.2132,49.2456,10.9745,-24.0860,-101.2177,50.4510
-107.1368,-79.4137,-92.9564,-102.5131,-61.7364,-80.3451,47.6660,22.2820,63.5470,120.0397,-90.9764,-130.4089,-49.8542,-40.1277,44.9450,0.7665,-27.2589,-56.8522,72.0650
-128.4094,-112.7629,-98.9036,-118.2719,-65.2771,-88.7594,36.6868,34.0314,19.1927,63.6970,-76.2850,-136.4003,-15.3774,-41.2043,58.1482,12.5563,-38.7970,-26.0822,89.2327
-129.6199,-151.2232,-76.8155,-113.1800,-76.8793,-77.4991,14.8601,23.8452,8.3662,40.7456,-50.0685,-132.3368,15.8848,-22.2965,72.8898,-8.6477,-74.4741,-25.7857,79.6550
-73.2850,-153.8149,-60.4765,-88.8943,-80.0809,-68.8430,8.3321,2.8870,43.8819,41.5826,-37.0396,-141.3801,28.3328,-46.0829,81.1832,-36.9691,-93.5383,-28.4247,74.0879
-32.6766,-115.7469,-67.0183,-79.1541,-35.8973,-73.9380,52.2971,-13.9470,123.2859,70.3951,-37.4089,-141.9041,26.0215,-84.7066,81.8662,-19.4464,-69.9928,-1.2850,82.3018
-50.5366,-103.0458,-65.9633,-96.3099,36.2504,-74.1323,77.4465,-37.1342,212.6786,126.3667,-20.5403,-124.3633,22.8802,-77.3839,63.8546,-1.7517,-46.3230,26.6994,73.9451
-52.2182,-122.8797,-36.5987,-104.5781,60.0802,-69.5859,33.6312,-57.8825,252.0980,145.9030,17.1096,-115.9792,14.0493,-49.0365,45.4388,-30.0407,-30.3065,31.1039,54.4317
11.2563,-106.4299,16.5931,-88.0534,36.1655,-61.1151,1.6863,-48.7319,220.0204,66.8779,47.2982,-113.1757,5.4764,-46.4478,61.8796,-41.0633,8.1797,47.9395,60.1143
71.9297,-62.4398,77.8666,-69.1352,47.9107,-37.4842,20.9394,-16.8504,146.2081,-30.1710,59.6973,-88.3527,29.1112,-57.9262,78.5463,6.4804,47.3415,88.0691,97.1269
78.0983,-38.0314,116.4784,-47.1984,114.7525,-9.2830,39.7689,3.6313,64.5100,-37.6651,66.3739,-51.8086,80.7216,-45.4634,38.6688,33.6171,72.0059,120.1057,145.7209
86.6648,4.2552,128.3554,-9.6452,184.4907,12.5909,69.1727,2.0133,0.9719,-17.9550,75.8500,-31.5978,117.6116,2.9159,-13.1734,-15.7753,119.7403,147.2704,183.4213
135.8726,73.8585,153.3047,21.4148,247.6781,35.5654,131.1205,-2.5640,-20.8508,-51.3415,97.6410,-30.5778,145.0803,48.5418,-7.3520,-78.1607,178.3687,169.4895,194.3235
165.0744,86.7865,194.3713,22.8694,314.5852,42.8147,163.6965,0.9901,1.6630,-68.0102,142.7222,-42.9177,198.3293,41.5672,25.9976,-84.7561,186.5450,141.9532,188.2909
142.4569,31.9753,209.9020,4.2875,342.3784,13.1695,150.7830,-4.7312,54.8553,-24.9734,199.8769,-58.1857,248.4228,3.8117,49.1407,-49.9177,152.5631,71.8835,183.0674
124.8073,-2.9479,207.2863,-13.4372,313.9194,-20.8966,152.4240,-29.1526,131.2661,9.2587,239.9651,-43.4950,254.6815,0.4230,99.6208,-19.1907,140.6179,29.5828,168.6585
141.3015,11.4772,225.0979,-14.7763,291.0077,-20.4490,168.2402,-45.2027,209.6369,14.3820,244.8424,6.8595,251.4651,32.7398,183.3802,-9.9447,170.1799,25.4066,134.1875
170.2058,30.4505,246.5402,-6.5308,296.8001,-1.7360,161.8747,-36.8137,241.8251,7.0452,220.9022,27.7251,264.0245,52.6514,239.8869,-3.0741,202.8387,15.9870,103.9701
218.0459,21.5347,240.3571,-15.9074,276.5732,6.8995,147.4905,-30.4284,208.8543,-42.7992,197.3861,-21.4244,252.5326,40.2985,248.3939,21.1199,196.2757,3.7711,103.4570
278.1424,-5.6520,227.1910,-33.0908,223.9422,9.4329,142.9039,-46.0916,159.1546,-111.5388,195.5725,-70.2025,215.1307,2.0841,240.7758,27.8702,164.2431,10.1320,123.2385
294.4893,-2.7825,228.9343,-14.0442,198.6168,16.7389,154.7906,-74.2782,154.1027,-117.4916,191.5744,-50.1336,197.6287,-36.8717,234.8768,-24.8387,171.9237,15.0512,148.7102
265.9971,50.1867,229.6786,30.1683,210.5506,22.9905,200.1975,-99.0653,195.1801,-62.5686,157.1584,-7.4129,195.7601,-35.3561,227.3495,-77.3354,230.3932,-0.5251,184.7586
252.9502,88.7443,222.4362,45.5105,219.1115,20.8443,251.2920,-95.3968,225.7973,-15.2484,123.7988,0.7502,189.7460,0.9094,209.3277,-43.9432,271.5297,-16.9194,225.5840
262.4436,71.9522,224.8836,34.2647,218.1556,21.7847,258.1454,-53.2698,203.5967,-17.6838,134.6193,1.9157,197.8279,21.4756,188.2919,18.4136,271.5890,-8.8277,242.0119
266.9578,53.8710,245.3609,35.3229,219.4349,37.8610,238.2569,-18.3840,150.7109,-76.6038,171.4046,22.4116,203.8846,24.1931,199.9490,-2.6051,273.6611,21.5628,224.2610
271.3147,63.1135,267.1402,45.2745,208.9047,49.3909,229.0715,-27.1583,110.9507,-143.9662,195.9744,41.4711,177.5663,39.7816,239.7760,-70.3504,285.4814,49.2723,199.1618
263.4123,67.9900,259.7375,44.1516,186.8398,39.0039,224.7935,-43.5714,90.8558,-150.1964,196.8157,50.6852,170.3394,47.8909,244.4187,-71.5693,284.8875,60.2336,181.6443
217.0957,70.6600,217.2587,38.3484,183.5822,33.6786,221.0940,-38.3535,84.9597,-108.4752,169.0242,44.3174,217.6372,22.0215,210.9615,-12.7360,267.5666,64.2142,156.6351
168.9534,73.5619,181.6411,30.9558,202.4313,43.8960,215.1846,-35.1684,102.7273,-81.0215,141.2053,8.2713,241.4886,-5.6170,205.6169,23.6150,201.3744,57.2386,126.1670
165.7442,35.4853,186.1564,7.5976,207.5387,25.5993,185.5368,-40.6749,124.8227,-81.8504,183.2626,-26.1587,201.1591,-9.4455,225.4720,28.2584,50.3134,21.0349,112.0048
187.4359,-31.2121,199.2893,-31.5377,183.5156,-28.0562,150.9866,-43.9088,120.2292,-96.9207,289.0744,-30.3081,170.8622,-16.3549,220.2352,44.1736,-120.2393,-23.3076,111.3065
202.0603,-62.9657,182.0056,-61.9374,160.8246,-59.6953,155.5703,-61.5150,118.1891,-106.3900,351.0779,-41.2950,181.3222,-37.6398,209.8563,70.5388,-202.3331,-39.2052,110.6345
195.3732,-59.9653,158.7069,-63.3767,162.5231,-50.2604,177.4503,-92.5426,142.5291,-95.9021,322.6179,-61.8811,178.0991,-36.7667,222.7362,70.4370,-193.7041,-43.0695,119.2823
153.0192,-56.8336,164.2224,-48.8923,163.7238,-34.9308,169.5191,-104.9177,133.7918,-103.3126,269.9494,-37.6516,148.9563,2.1897,223.8564,39.2621,-166.3508,-64.3461,142.7097
105.9194,-49.8143,172.5282,-52.3237,140.1746,-32.0129,145.6936,-101.2998,74.6654,-140.7098,241.9801,3.0773,128.7404,32.0602,200.5757,16.8164,-148.3754,-86.8947,162.7881
102.5721,-38.6921,145.5270,-78.3619,117.5621,-43.0373,138.8909,-100.9621,51.0152,-132.6786,228.4893,-6.1658,125.4670,9.6336,182.1208,25.4144,-128.1972,-94.6221,169.1471
115.9540,-33.1035,103.6977,-90.3032,124.5571,-63.4373,142.9714,-86.5561,68.3319,-85.8652,224.8059,-22.9463,138.0784,-31.5637,163.1474,33.3036,-110.9931,-93.0152,166.5190
112.7998,-16.8351,92.6513,-62.8794,146.6815,-63.2576,131.3707,-52.8949,24.6559,-112.6663,236.8560,3.1048,171.9574,-34.6385,127.7835,12.1004,-107.4789,-67.6360,149.2129
131.1953,10.1868,118.5350,-20.6477,170.1992,-31.1450,96.3324,-39.8124,-65.0258,-192.0544,264.1094,30.7860,208.7749,-8.1518,93.3409,-14.5358,-102.3914,-18.4164,109.1678
167.2613,23.1991,158.3390,-10.3370,201.2810,-6.9863,70.0267,-69.5814,-80.4280,-205.2538,300.0922,51.3348,219.3182,6.2798,70.5983,-17.1388,-77.2328,-2.1869,56.7106
165.1306,24.3820,192.6750,-45.7866,213.5277,-19.6253,76.0034,-116.7582,-18.6323,-171.5409,312.6009,91.1856,191.1215,-0.7640,61.3325,-1.2231,-49.5382,-51.8157,8.1216
162.1671,18.8346,194.6764,-90.2041,164.4036,-53.5230,73.2955,-147.4914,50.7502,-162.3593,273.2536,100.3080,131.9973,-23.1554,81.1778,16.6927,-46.4178,-113.5109,-29.9124
202.7523,-2.2439,142.0855,-102.0693,75.1813,-81.3178,37.6177,-151.7187,137.6415,-144.5159,210.9052,58.2679,73.7664,-45.3660,118.1687,23.1445,-52.9655,-123.5181,-51.0191
196.5262,-10.0657,64.5210,-81.7843,17.0196,-81.1189,26.8308,-140.4341,234.8648,-81.7834,160.2563,47.8614,46.8555,-34.4486,128.5209,15.8408,-44.5922,-86.0876,-42.5854
107.7450,16.2993,19.1117,-55.4982,18.8502,-60.1196,60.1095,-118.9901,262.4549,1.9527,110.8142,80.3418,43.4019,-1.9751,98.9908,24.4637,-42.5357,-54.1346,-12.6612
62.7989,23.2972,17.9570,-43.6033,37.7711,-58.2705,70.4121,-83.9103,223.4713,68.9373,67.9470,79.2972,42.4233,-0.6767,54.9848,65.4502,-63.4091,-71.0818,-2.8803
89.6898,-15.0520,34.2622,-52.5288,26.9768,-78.9641,47.0821,-51.4362,195.2097,75.1959,65.3514,51.4449,46.2152,-18.7969,26.6442,91.1824,-70.2012,-123.3901,-31.4910
65.4553,-36.0363,51.4848,-65.6398,4.8385,-82.4957,45.2392,-35.9512,166.9355,46.1969,90.5278,36.9808,57.0512,-11.1962,29.4285,67.8517,-48.8424,-151.4760,-59.5014
-6.7081,-16.7882,55.4887,-63.2226,10.2893,-67.9389,56.8113,-18.0391,104.4280,69.3992,96.0438,11.1280,56.5178,-5.1034,45.5646,39.0799,-41.6748,-131.6697,-63.7368
-15.1597,-9.7207,29.2908,-61.2102,10.9679,-59.9866,41.1076,-1.0784,70.2647,101.7063,68.3281,-11.4001,29.8457,-23.4011,48.2712,29.7651,-53.1718,-108.6875,-79.0939
11.8352,-21.0893,-9.2370,-74.3054,-42.1530,-51.2233,7.9683,-23.1420,92.3751,44.2445,32.2754,18.7729,-9.2734,-16.2696,43.5963,1.1343,-37.7613,-116.6374,-118.9969
-8.0487,-8.0904,-26.3271,-70.3344,-97.8692,-38.7491,-27.0173,-58.1992,81.5708,-12.2198,22.7197,61.6542,-25.8576,20.9749,36.1132,-38.8412,5.7724,-126.0434,-142.4768
-23.1370,28.5421,-26.4981,-31.9935,-83.8358,-30.5701,-62.5487,-39.5059,6.0046,27.0404,36.8574,78.1625,-9.2682,37.4421,11.6511,-31.4733,38.1196,-104.2332,-134.7391
16.0450,57.2071,-29.8069,3.5944,-40.6110,-8.6076,-80.0000,10.3585,-41.3786,47.6958,18.6735,111.4194,6.0123,47.6314,-4.7344,5.5546,46.0005,-74.4157,-122.6507
35.6530,57.8889,-35.4467,7.0727,-34.0393,9.8915,-69.7101,30.5448,-15.0536,3.8293,-33.9244,140.3832,4.8634,69.2030,19.1453,12.7863,21.6780,-75.5273,-109.9743
-6.5007,15.7327,-44.5973,-26.2013,-48.7217,-31.6651,-38.5724,43.3173,13.3323,11.9732,-34.7476,91.8170,18.7057,45.5131,42.4012,17.1376,-42.2815,-100.4582,-85.0605
-47.9019,-47.9944,-60.9317,-88.2595,-70.2180,-96.5294,4.1368,82.1115,-14.4059,39.0809,25.2407,24.6747,44.7914,-10.8938,23.6174,60.7543,-87.8187,-116.2525,-59.8851
-52.2834,-68.2340,-66.3790,-121.7202,-114.6895,-93.2664,14.6882,108.8818,-64.8998,-24.2809,53.4130,36.3538,41.5323,-3.0913,-4.9216,89.3225,-45.4548,-118.4519,-45.1698
-45.9339,-29.4605,-56.2797,-83.2206,-141.6696,-51.2772,-33.8645,97.6616,-81.0885,-67.9502,39.7154,76.4359,21.1481,47.3083,-23.1833,60.4371,32.3905,-118.8880,-31.5844
-35.6342,5.6855,-57.6807,-46.9391,-101.4953,-55.5229,-65.9759,78.9039,-68.3051,23.2923,38.2111,73.9107,21.0824,37.6433,-53.5647,34.0297,38.0211,-110.7358,-18.2119
-12.2559,0.8610,-65.2617,-81.4713,-37.9167,-85.0433,-24.0236,65.3548,-88.1885,110.1773,19.8805,74.8051,17.9485,-4.9288,-87.4157,40.4439,-10.4747,-94.1525,-22.3638
4.9631,-9.3300,-44.7724,-108.7742,-15.8431,-83.0602,15.7534,31.9263,-158.1021,60.5195,-37.8209,110.5410,-12.8598,2.7279,-111.1806,18.8718,-4.4519,-88.3194,-52.1298
-0.2801,11.5254,-15.7854,-54.6549,-26.7442,-57.3319,-4.0775,-31.0532,-206.6123,-31.0713,-69.0771,116.5865,-38.4342,26.5550,-141.8396,-45.4248,72.8419,-81.2725,-89.2693
-9.3397,58.3401,-17.7222,15.6265,-36.1924,-27.5135,-33.5751,-96.2941,-189.4968,-48.9200,-57.9882,50.1154,-42.4113,6.1070,-158.4336,-90.8366,139.1114,-45.4620,-111.5469
1.2380,92.0850,-26.6281,29.0931,-39.0248,-4.6559,-55.6165,-129.0468,-162.5825,-32.3728,-49.2673,-42.3892,-45.0551,-29.2473,-120.1517,-94.9197,150.1697,-15.9064,-123.0110
17.7998,64.5302,-19.0491,-4.4752,-51.1740,-14.9217,-92.6482,-127.9036,-160.6716,-64.7248,-31.7229,-89.9901,-43.6353,-42.6408,-56.6517,-76.7314,130.4296,-46.3989,-132.8746
-8.4006,-17.9416,-32.6606,-58.9347,-84.3709,-54.9630,-100.4841,-116.0360,-139.4442,-127.3864,-2.9756,-76.8990,-32.1624,-49.0763,-21.1779,-40.3476,108.1144,-100.9180,-119.1986
-90.6221,-76.7267,-71.8130,-103.5473,-109.1809,-87.4635,-55.0817,-96.4957,-108.7838,-137.9323,-12.2430,-50.6094,-28.9232,-59.1244,-26.2515,-12.1785,95.5118,-107.6482,-69.8952
-147.5774,-66.7138,-84.5180,-103.4765,-84.8200,-98.4984,-27.7936,-67.7986,-139.4250,-87.1550,-42.6161,-42.4064,-34.1372,-59.8121,-82.2034,-32.7057,94.0280,-83.6176,-25.6792
-100.7821,-38.0655,-80.5084,-77.5940,-48.3464,-91.9941,-47.8861,-54.2145,-191.0951,-39.0543,-49.6365,-30.7654,-35.7097,-44.0528,-167.0525,-80.0048,84.9098,-88.7765,-19.3420
-25.2606,-41.6227,-108.9242,-67.3401,-65.5859,-73.5164,-59.8622,-56.6385,-148.1868,-14.8786,-72.9286,-20.3513,-45.5634,-20.1472,-187.5840,-107.4178,50.2956,-111.8208,-30.8649
-54.9537,-60.2893,-142.0513,-68.0902,-105.5710,-67.0054,-50.6586,-38.0298,-24.3211,9.9643,-128.2709,-44.8123,-66.4051,-7.8109,-114.5124,-110.4998,6.3441,-105.5389,-37.0685
-154.7464,-68.2442,-148.6880,-65.7664,-106.6173,-78.4610,-50.0158,0.9204,71.4541,38.3114,-150.4359,-73.7544,-78.2352,-18.4943,-47.6987,-87.0853,-21.0684,-73.4773,-34.8663
-191.1865,-71.8314,-175.1698,-64.9751,-100.0157,-74.3186,-49.9516,19.9059,98.6690,49.1465,-134.4907,-67.8416,-80.3540,-34.7958,-47.8858,-41.7516,-37.3512,-40.4182,-21.6403
-171.2475,-76.2882,-216.3220,-53.2852,-124.3789,-42.8354,-43.4981,9.2587,59.7968,2.7341,-129.8299,-74.4967,-78.7762,-33.2760,-70.2411,-31.7487,-55.4746,0.0046,-8.2284
-171.1161,-68.5107,-184.9838,-17.7692,-133.0131,-5.0183,-56.5307,-15.9086,-49.0371,-106.5613,-131.6501,-115.1590,-64.4125,-20.7920,-98.4472,-78.0778,-56.6054,50.8907,-16.3046
-148.6198,-35.9892,-92.0371,24.0114,-97.0905,31.6577,-88.1081,-40.6348,-165.8523,-168.6110,-135.1608,-114.6181,-51.0363,-26.6245,-157.5123,-110.4711,-21.4359,88.2192,-41.3829
-66.6206,5.2128,-43.2151,47.7304,-62.3667,56.8441,-107.2105,-33.6320,-200.4876,-92.4076,-156.3167,-61.7000,-63.4089,-62.3635,-209.9528,-93.2206,15.8689,104.4153,-59.3038
-21.0573,9.2990,-50.2089,39.8783,-51.0268,50.5088,-111.1231,18.2064,-160.7443,26.5808,-155.9730,-43.5530,-83.6543,-98.5569,-198.2959,-61.2192,2.4848,114.0041,-57.0474
-55.1384,-29.6002,-51.6381,14.0178,-40.1622,34.1007,-118.2411,76.1153,-110.7460,78.0971,-115.0148,-74.6601,-86.8625,-99.6129,-144.1633,-21.3370,-43.3630,115.4348,-38.3945
-80.5538,-41.2122,-45.5496,18.0771,-33.1844,47.6356,-123.3451,109.5006,-77.2120,97.1656,-101.2488,-102.2427,-88.6639,-81.3453,-105.8656,15.6292,-50.0381,108.1891,-23.9066
-75.3570,10.9116,-44.5768,61.2055,-45.0312,82.3380,-109.3841,125.0702,-76.7302,101.2663,-136.3666,-130.5042,-98.9354,-83.0123,-97.7075,-5.9220,-9.2817,109.9763,-22.0975
-94.9390,55.8379,-32.3110,79.2155,-54.4971,103.7298,-84.3972,120.6797,-114.9984,53.0517,-157.2980,-162.8084,-96.1652,-93.4240,-97.1772,-62.9873,10.7135,109.4793,-7.3161
-115.5521,32.8293,-26.0132,38.0750,-42.2851,95.0387,-69.5461,98.2729,-145.2336,19.9346,-141.1118,-152.9568,-77.5079,-86.1158,-86.4986,-55.7960,-23.1612,78.1401,15.5758
-108.1562,-19.8502,-39.8487,-18.5328,-23.7122,51.0636,-56.5738,94.8956,-126.5423,77.4340,-112.2059,-113.8866,-66.1264,-85.6561,-72.8761,13.3855,-72.3412,43.2107,0.2302
-127.4908,-50.6010,-32.2237,-51.8748,-13.4000,-8.8643,-18.1810,121.1995,-71.9589,145.6437,-90.6762,-101.9694,-69.0249,-103.5058,-74.4013,51.9472,-98.3898,41.4463,-33.8048
-165.1590,-57.4528,-1.1796,-58.8394,-14.7639,-35.9816,31.7832,125.4210,-10.0163,120.9378,-108.9249,-94.2027,-78.3432,-87.6254,-84.5399,29.0372,-90.6227,36.0038,-26.0355
-126.5865,-45.0031,-2.2720,-41.4638,-33.5487,-10.4373,42.2399,72.9945,12.1668,19.1986,-159.3046,-50.8285,-92.1614,-22.9926,-84.7207,-27.6825,-44.9610,-0.7586,-7.8483
-20.3099,-12.4432,-19.6363,-12.0365,-48.7774,29.4872,0.3668,-2.0481,-55.0799,-74.0236,-163.0086,-11.4116,-102.4315,25.0892,-93.9576,-81.8398,18.6885,-13.3147,-32.8556
51.6435,20.2859,10.7350,14.4814,-18.6193,42.1601,-51.7918,-53.6547,-160.9021,-98.4521,-97.6362,-6.4521,-89.1219,23.9419,-136.7620,-84.0489,56.9618,24.0391,-53.6045
64.2077,25.7102,68.0717,33.9357,41.1396,33.4026,-75.9794,-70.5000,-193.5630,-93.4032,-33.7414,-10.6007,-48.5908,11.4542,-172.3164,-37.2068,52.8737,51.7756,-28.5403
59.0151,2.6591,92.6144,34.5383,64.5610,36.1917,-66.6953,-51.9541,-154.0090,-129.6078,-9.9179,-16.9740,-9.3741,11.6623,-150.7419,-15.2905,24.9659,43.8637,-0.4190
59.0286,-8.0962,86.8205,23.5213,50.2488,57.6961,-32.3424,-3.3376,-127.5366,-156.0277,-13.5852,-14.9798,2.3641,23.7073,-108.5954,-41.0676,0.2160,45.3341,17.4368
74.9035,35.5918,77.8898,44.3541,60.2530,77.7378,9.5831,32.2893,-127.5865,-117.7775,-36.5888,37.6844,-2.4334,61.7168,-104.1686,-63.3051,5.1641,80.4900,44.5845
92.2120,101.3126,75.5198,94.6348,100.1710,96.5767,25.9943,19.4324,-119.5493,-108.6077,-52.7469,109.6433,-2.1516,117.8151,-115.3958,-54.3933,38.3697,124.0752,48.7376
70.3114,113.1998,83.7681,116.4113,122.7861,124.0654,-1.2636,7.4794,-103.3643,-145.6423,-39.4497,107.9078,-0.4855,141.3102,-98.5235,-13.8737,52.4680,138.6863,23.2582
19.9750,72.1773,85.6128,103.1032,118.1876,132.1500,-42.8166,53.8988,-83.3630,-102.3978,-30.6860,46.8591,-5.7716,108.7652,-67.5907,43.2723,26.9175,106.8195,24.0015
-2.3874,45.6429,55.4565,90.7329,90.1449,101.6855,-63.7783,103.7171,-62.6713,-35.6598,-48.5913,24.1798,-11.6248,58.7246,-45.1010,56.0198,15.4958,59.9672,36.7662
9.9340,56.7629,6.8239,76.6234,20.5638,72.0712,-81.7484,77.9062,-70.8869,-107.7801,-56.6441,46.4866,-22.6283,34.3934,-29.3994,4.3749,48.7533,46.5825,-12.4983
20.7095,85.5783,-31.3670,62.6737,-64.9058,68.5816,-122.3860,9.1846,-112.9448,-211.2123,-39.0761,55.7846,-53.9368,35.6657,-36.6709,-35.2452,75.5509,64.7940,-99.8990
16.3016,119.9191,-54.8108,83.5897,-105.5569,70.8227,-159.4655,-27.9160,-151.0499,-169.3197,-23.7130,54.5019,-101.3508,36.1835,-73.0308,-36.1271,65.2261,89.2403,-130.9505
0.4793,137.9081,-62.0952,126.6564,-110.1074,82.4704,-175.2581,-16.5937,-166.9941,-69.8531,-30.8458,66.0902,-153.7501,28.0426,-90.8567,-53.7728,51.7434,115.3343,-92.8771
-13.2010,121.0792,-60.2937,138.2369,-132.4857,107.9890,-194.9451,27.8721,-156.0210,-32.7487,-64.9086,70.0669,-204.3083,32.9603,-65.1951,-62.8878,38.6461,122.9793,-54.5300
-2.3281,87.4939,-81.7380,106.4077,-168.6622,99.0805,-199.8638,69.0643,-104.0995,-15.2797,-103.9122,48.1522,-228.0371,57.7610,-43.7169,7.4648,-14.8233,91.0297,-58.5623
12.7306,46.2130,-127.6651,56.3753,-191.3644,45.3104,-151.9738,62.3572,-47.4093,6.4569,-104.8517,7.1845,-214.2707,75.5511,-56.0672,108.1688,-97.5345,50.7915,-80.9559
-15.8419,-11.0235,-154.6443,19.5543,-217.1285,14.3385,-113.6418,30.0311,-50.4908,1.1634,-76.4420,-40.0563,-206.1524,79.5319,-70.3924,148.8993,-146.2642,29.0714,-84.6887
-66.5919,-47.2397,-147.3809,23.4160,-245.2792,29.9569,-149.8917,24.6000,-93.2957,-25.5438,-69.9553,-60.1255,-223.8433,92.2004,-74.2135,130.4252,-140.0777,10.2698,-77.0659
-75.0231,-21.7233,-125.9349,51.4279,-219.3472,48.6700,-177.2727,30.9093,-104.5431,-57.9658,-81.6295,-28.9536,-212.1136,102.0127,-95.5396,79.2384,-117.2180,6.5154,-73.3421
-55.0824,26.5788,-101.7661,57.3494,-123.7856,53.1214,-110.7700,29.9872,-77.0011,-49.7933,-79.5363,3.6952,-149.3385,78.9950,-129.5666,14.3696,-116.6062,33.9606,-51.7030
-77.0768,38.7490,-91.7539,38.8246,-41.6793,45.0704,-22.4050,52.2296,-29.6905,46.2663,-85.0864,-24.5224,-102.8586,44.2465,-132.6592,-12.0143,-144.7384,44.9116,-18.5181
-138.6920,19.5773,-115.6944,25.5859,-49.8791,22.3547,1.9430,83.2065,59.6986,155.4292,-115.0673,-81.1208,-109.5826,28.5094,-93.0141,8.6570,-179.2747,21.7652,-27.5799
-169.0603,2.5712,-148.9447,26.7548,-111.4467,18.9420,-23.1314,85.5312,177.2419,207.6095,-127.5878,-94.4058,-128.5637,11.4773,-43.2851,20.1359,-195.3337,25.1680,-69.4243
-150.8415,-0.7513,-151.9290,37.8056,-137.2698,50.9411,-70.3312,100.0214,237.5744,267.1260,-100.5124,-69.9613,-132.6102,-16.5518,-6.5749,32.9141,-194.3089,61.0855,-73.4587
-137.0506,-4.0391,-134.5641,41.3795,-109.9350,61.2017,-111.7808,153.3924,204.7684,326.0976,-72.7669,-61.3837,-121.6753,-21.2836,14.0930,99.6076,-192.9631,75.6167,-41.0124
-145.2161,-28.0072,-126.7691,17.9904,-72.7550,31.1649,-97.1412,187.5805,139.1769,291.4133,-77.2315,-75.3096,-83.7950,1.5800,0.4400,170.4463,-191.2462,82.8660,-24.3512
-136.4122,-55.3451,-127.7261,-0.0626,-40.8698,27.1059,-46.8074,190.9482,91.4548,234.3918,-97.6786,-70.4364,-39.6119,24.7099,-53.0604,174.9440,-174.4864,116.2851,-12.2077
-116.6003,-34.7156,-120.5874,31.9947,-4.8522,65.9010,-25.4610,206.6907,54.0206,247.6170,-103.2135,-19.6987,-35.7308,56.7237,-88.8256,156.3116,-137.3412,138.8811,17.8115
-133.6081,36.6842,-99.1468,88.0312,23.9458,98.1027,-11.3502,204.0639,16.0257,227.3158,-92.7471,57.4779,-50.4523,115.5583,-60.5388,162.8312,-84.9264,131.5814,21.0771
-146.2704,104.7774,-74.0453,128.5286,33.6544,123.4417,26.7910,145.3678,-21.4252,127.4703,-81.2197,118.1194,-31.8841,177.6770,-21.6653,163.7340,-25.6568,132.4259,-25.2787
-63.1824,135.5507,-59.9570,157.1048,25.2423,161.5491,32.0378,94.1524,-58.5951,66.6403,-60.3829,148.2670,-8.6856,211.0824,-28.3317,160.3931,21.7298,141.4987,-60.9032
67.0655,129.8560,-53.4102,158.4633,-5.3175,175.2954,-2.3264,99.3040,-69.4563,51.0420,-25.4236,172.0569,-25.0278,207.6329,-30.0597,186.5406,38.7726,125.4399,-45.1900
104.5441,109.6891,-46.9336,122.7937,-45.8278,147.0201,4.2839,103.1097,-22.0419,4.3343,-7.6740,196.2107,-44.5785,181.8206,27.5907,195.6509,39.2522,88.0462,-27.6670
52.4326,120.8837,-52.2709,113.2166,-68.3013,125.2294,40.4879,54.9866,49.2394,-20.0295,-15.9415,195.5957,-34.8965,165.7829,94.1079,143.6119,57.5388,50.3049,-55.9328
25.9847,163.0078,-69.0335,155.7772,-74.5238,129.1453,26.0605,1.2250,76.4795,33.9591,-19.1913,167.7979,-28.3563,161.3365,99.0053,104.2884,83.9005,28.5798,-91.2198
29.9582,158.3358,-68.7572,169.0303,-75.2951,122.4888,-17.7608,11.7056,51.8829,110.8087,-29.3833,136.3555,-37.4052,125.0406,44.4972,131.9511,64.9551,37.8034,-86.7976
-2.9550,89.8807,-46.7481,118.9664,-57.3215,97.7950,-40.4974,71.7421,12.1767,170.6256,-74.4696,106.1724,-38.4202,61.8599,-24.7094,152.2131,6.8627,50.9037,-74.0648
-30.9614,51.3790,-27.9439,79.8677,-33.8255,82.0962,-73.9590,101.0788,-18.8571,210.1256,-101.6797,81.3408,-36.4749,36.8132,-69.8057,118.9565,-11.9007,21.5229,-85.8141
6.7989,77.8933,-14.8903,85.8584,-38.0457,75.4199,-117.3783,84.0351,-25.7405,206.5480,-63.0572,83.7909,-39.3506,52.2280,-85.7365,97.7216,19.4650,-22.0770,-85.8296
28.3976,91.6176,-3.4896,86.5544,-43.7477,63.2464,-97.9955,80.4048,-13.0117,146.6261,-18.9520,99.8007,-26.4927,54.1617,-97.0936,117.2854,18.4690,-10.5274,-56.3964
-49.5981,55.8640,-14.6457,53.2084,-20.1409,52.2057,-25.8891,88.4736,-19.3728,36.9537,-25.0072,89.4148,-4.2399,46.7926,-98.3419,125.6180,-34.8318,45.7172,-40.4034
-137.6865,18.7999,-48.7565,17.4374,-13.7041,43.7576,3.5502,55.7993,-49.8460,-60.3082,-46.3229,76.4925,0.2704,60.9234,-57.8922,108.4046,-66.6520,75.0381,-47.0019
-118.9283,14.0629,-68.6665,20.6510,-39.3073,28.6247,-23.5186,9.5560,-59.6798,-37.2833,-51.4934,116.8688,2.6701,83.3702,-5.4542,90.6404,-46.3150,61.1916,-44.8250
-29.0465,41.2700,-54.6781,62.7913,-19.7275,27.0317,-36.9424,-3.8985,-52.4019,60.9961,-44.0373,186.3348,26.0360,102.1967,-8.0045,64.2127,-1.6622,53.8410,-39.1194
48.3890,97.1558,-17.2578,103.4316,60.4677,61.1453,-20.5244,-22.4723,-81.2270,53.3561,-7.1821,222.1904,52.7470,115.5377,-59.8709,25.2651,63.2098,77.8455,-45.2827
118.9630,157.7309,38.5560,124.1204,113.7794,98.9140,-18.7304,-66.8403,-146.1389,-53.0599,57.6810,226.3053,72.4394,105.9047,-99.9353,-0.4858,131.3524,100.8150,-54.8182
207.0577,186.7560,109.6807,141.0384,106.6836,106.7893,-37.5492,-81.0595,-197.6613,-100.6419,101.6633,223.8690,94.1605,96.8841,-99.5091,-13.0142,147.1894,94.6646,-69.1952
278.0344,174.1245,166.6232,140.3937,80.0043,104.9261,-40.8202,-42.6968,-202.6680,-92.7994,107.6542,202.6260,95.8909,126.2255,-71.2132,-21.8258,113.4069,66.1122,-75.2117
291.0778,127.4809,164.9852,97.4921,33.0963,99.0046,-26.0654,9.9662,-151.8285,-97.9885,106.4948,162.6548,53.9268,141.7481,-45.1824,-5.8245,90.4222,20.0040,-40.3907
252.9513,65.7261,98.6170,49.9403,-48.9532,62.2446,-19.1494,38.7120,-78.5699,-71.0108,104.6134,136.8994,3.3119,95.9210,-39.2556,27.5433,85.5840,-31.1553,2.9607
203.4128,33.5846,29.6584,42.5085,-104.6849,23.4872,-13.3702,19.5867,-57.6715,-18.5721,86.8440,136.5330,-6.2468,59.5766,-32.0998,28.2246,67.7606,-41.6439,-0.3559
172.1222,50.6683,21.6967,51.3201,-67.7254,30.1741,3.6223,-23.1721,-106.3974,-21.6795,65.3192,146.0740,21.1619,72.9291,-20.8198,-6.1320,47.5030,-4.2215,-10.6282
150.8919,59.0156,51.8717,43.0912,15.2222,42.2710,5.1331,-26.2975,-158.8524,-55.4395,54.7356,151.2264,47.2870,65.9052,-52.9434,-28.9094,45.5221,18.6838,21.3083
125.3191,9.1050,61.1077,26.2183,41.0681,13.4140,-13.9635,-3.5169,-177.5348,-65.9414,37.2421,132.3625,48.5227,23.1092,-116.8791,-29.8932,53.5270,1.8313,46.2858
113.1505,-42.7811,52.9848,13.1962,4.7050,-10.6074,-9.8334,-29.3209,-179.7734,-74.1110,7.5997,81.5813,28.8494,-3.6335,-127.9900,-34.2437,71.7242,-16.1689,29.0680
119.6914,-28.0664,57.7251,8.1633,-6.3954,1.3407,17.8971,-93.5815,-168.8427,-82.3255,5.6983,30.8332,10.5252,-28.5854,-90.4592,-55.6037,109.2844,-21.6537,12.3916
110.1372,7.6719,66.0945,13.2003,23.2898,4.3609,19.6098,-131.6653,-140.3002,-96.3906,43.6470,9.3975,9.6628,-67.8545,-95.7579,-95.9053,150.3672,-20.0104,17.1573
81.7278,-9.7820,64.1615,12.1552,15.2565,-12.7228,3.6403,-140.4459,-99.2677,-150.7556,64.4759,-2.4833,11.1935,-75.2964,-140.6228,-142.0410,169.3708,-9.7471,33.1407
68.3594,-57.3942,53.5528,-12.8351,-42.6184,-24.9229,12.6538,-144.0395,-32.8172,-172.2460,42.7246,-33.2146,-15.1040,-66.8916,-130.2853,-163.7249,153.4202,-35.1190,56.9231
55.6363,-88.5215,19.5318,-60.5131,-77.4221,-65.1622,24.1807,-146.3456,56.9281,-68.7810,28.1794,-66.4317,-62.4062,-106.3007,-39.0555,-147.2800,105.6766,-123.8821,50.0686
11.8701,-119.0661,-37.2269,-123.3005,-72.1821,-158.5604,11.9940,-156.8782,125.2122,66.5719,27.4327,-66.8611,-79.3624,-161.1038,67.5734,-107.1355,49.9574,-195.4722,-14.8771
-31.2739,-149.6419,-69.2666,-177.1156,-67.6174,-233.6978,16.6928,-179.3401,154.7596,109.1735,-7.3520,-40.9302,-45.9840,-171.1343,127.5449,-73.6189,13.7343,-196.0438,-72.5722
-35.9889,-138.4335,-58.2320,-186.2764,-71.3912,-225.5042,49.1493,-204.2475,176.4947,84.5950,-43.1190,-34.5924,-17.8978,-158.0441,139.5638,-83.5583,9.3088,-185.7720,-64.8179
-24.7904,-99.4159,-51.3597,-159.5541,-82.1913,-173.3284,54.4616,-220.6739,198.9293,46.7078,-17.8584,-67.8763,-43.2473,-145.0143,147.0998,-129.3980,37.4205,-172.0644,-28.5387
-27.5337,-85.9987,-67.8786,-134.5819,-105.7934,-138.9082,27.7419,-191.7777,206.3949,21.8969,9.3774,-110.3621,-85.5342,-127.0438,162.9855,-142.8000,77.2812,-95.7113,0.8167
-34.6948,-88.8330,-58.2600,-112.0477,-103.7758,-119.7547,20.8920,-106.1185,203.9821,53.3619,-27.7211,-131.3137,-89.2415,-131.4871,153.3714,-103.5680,97.5512,-14.0304,25.0112
-18.4291,-71.9805,0.6885,-86.4033,-49.3975,-93.8501,31.1655,-45.3419,199.0901,107.0883,-55.4179,-125.7547,-59.9366,-157.9498,127.0069,-84.2418,110.2357,-21.9775,22.1517
29.3218,-43.6695,54.1548,-73.6870,10.8861,-72.9708,21.7515,-57.6058,182.4274,90.1422,-4.8965,-97.6598,-24.4409,-149.5201,128.1694,-118.6305,144.5620,-56.1905,-1.2225
66.3246,-17.2655,65.3763,-54.0286,51.3355,-63.8637,12.5427,-69.3209,141.6783,16.4653,65.7038,-72.1179,18.1122,-108.6967,127.7648,-148.3297,167.0502,-14.1076,18.9852
54.7229,4.6294,86.6715,-1.4826,102.9513,-38.8174,36.8924,-46.7418,71.0831,-35.2161,98.6928,-82.9435,68.9168,-92.3551,77.8289,-133.5553,142.1160,64.5985,86.8682
43.8439,2.2930,156.2567,36.2260,157.2607,2.1252,75.9266,-46.2068,4.5686,-45.4405,109.4532,-111.4002,116.1386,-95.6044,37.4232,-90.2239,120.9304,91.7336,133.0549
74.0647,-21.7261,206.5376,16.7989,177.4479,11.7491,107.3428,-60.2041,10.7052,-27.5839,111.7818,-116.2039,156.2386,-86.3646,80.3168,-36.7632,146.1886,68.1840,141.4266
73.6424,-34.9558,177.2364,-11.1614,173.4404,-9.7530,140.4090,-41.9107,89.2908,-13.5594,103.8478,-112.8576,185.1897,-76.2980,162.0328,3.5662,172.2268,50.1641,154.8014
15.0018,-41.6702,125.8127,-3.5477,161.1994,-6.8325,170.4377,-20.3379,146.7999,-37.6802,89.8002,-118.1564,186.6137,-66.5188,203.7509,12.9588,168.3249,55.1304,185.0803
3.1265,-56.6980,120.9346,13.5552,139.6636,15.9372,176.1787,-17.6055,129.3889,-60.9694,68.1880,-89.3690,158.3246,-35.4964,201.0775,19.0108,170.5268,41.5836,217.5487
66.0652,-48.8676,138.3344,16.9917,136.7205,8.0064,166.6918,1.9399,83.9186,-44.4226,55.4217,-22.2262,128.4817,-0.2818,190.0550,41.1064,190.7930,-6.8494,246.4902
94.5069,-18.7383,142.9321,8.7699,161.1956,-17.5237,164.9225,33.2902,70.5277,-32.2791,79.2323,14.5092,122.4814,8.2055,198.4073,43.4430,186.9104,-35.1961,256.2684
58.6212,-28.6979,143.4411,-13.2036,163.9306,-25.2804,168.4717,45.2950,108.3218,-24.2343,116.4439,4.5101,131.0046,-3.2175,228.2958,14.0188,129.2124,-22.8147,232.2224
39.2819,-75.9059,132.8891,-32.1268,134.9779,-29.6372,175.8839,54.6189,186.9351,31.7119,124.1610,-2.8916,135.1261,-14.7977,241.6996,-6.1808,47.4457,-19.0116,197.5610
66.6747,-82.4746,101.5849,-27.6452,120.5308,-33.7061,198.8653,75.9907,272.0151,83.7149,112.8897,2.0585,143.1578,-19.8366,210.3013,-5.0509,15.5710,-19.3032,184.7096
113.2172,-41.7969,86.1968,-19.9073,122.4611,-16.6009,219.5530,93.1640,331.8173,84.6472,110.0861,1.1140,163.9366,-22.3220,174.0955,-1.0698,60.4260,16.1830,187.3308
152.1665,-18.6913,115.3140,-18.4947,119.7442,5.5461,209.2381,102.0891,359.5047,129.2101,116.8669,-4.8222,176.4998,-33.4623,181.1782,12.2565,101.6531,45.8475,181.3778
152.3852,-23.4280,161.7472,8.5688,137.2103,20.1749,193.6076,105.9062,352.9294,242.5880,134.3190,-27.6552,178.1822,-46.2306,209.8644,35.9923,70.7660,39.7988,169.2585
122.8391,-19.0517,187.0351,52.7421,180.1120,45.8313,211.2037,106.5188,319.4743,291.4820,155.8007,-69.4333,200.5772,-40.7378,217.8302,49.2904,23.5767,54.2780,164.0588
114.4593,0.0102,178.5615,64.0993,199.8375,65.5237,228.0207,106.8947,287.9706,235.2750,158.6796,-86.1808,229.8180,-34.1100,209.1841,57.5687,35.4073,86.1706,155.9558
128.1473,28.7420,149.5295,57.4915,183.8840,63.8981,195.3176,85.4072,265.3520,169.7974,154.9562,-64.5852,214.7693,-47.3510,197.3966,69.0728,95.8250,82.1560,133.1733
138.1812,77.0068,130.7426,88.0304,168.7920,87.7533,147.9971,40.0869,231.0198,127.1995,176.6445,-40.1753,175.0063,-39.2965,170.9352,58.4134,161.4256,88.1529,105.9206
162.4015,123.4108,133.7603,136.1832,163.1984,139.5950,142.6975,29.1821,196.9739,75.1514,203.9397,-4.9588,168.2972,21.7542,143.9235,33.2716,194.7935,134.5239,88.3312
190.5990,124.8536,137.1605,141.9957,151.0118,149.4118,163.1646,63.7558,194.3970,24.8579,193.0372,61.3635,176.5192,83.2683,162.1146,41.3607,170.7297,133.6606,89.0366
162.2751,96.2559,131.7577,114.0934,134.0271,123.4519,172.6184,79.4279,207.7434,2.5496,147.0417,109.5141,154.6388,100.1292,211.1638,67.7874,123.3721,85.9039,106.5990
82.0700,97.5513,126.5051,105.2972,118.9849,128.9291,176.8768,78.7523,197.0412,9.1950,103.7323,106.0025,121.5663,98.2645,214.2025,63.5042,102.2099,101.7986,107.6661
20.1272,129.3550,115.1842,122.2330,103.6216,146.2074,174.4115,116.9268,155.5789,42.9054,91.6802,89.9993,104.4318,91.4836,161.2439,60.4738,79.7080,148.9328,61.9731
5.9397,133.8563,90.2835,129.1648,84.4128,121.4002,139.6840,168.7207,112.8100,99.9800,110.3474,72.1415,87.1935,63.3033,125.0653,99.7850,24.0946,111.1024,7.6908
15.2504,106.4223,51.9314,111.3492,54.2738,78.8722,88.4285,185.8503,110.3943,153.0366,127.8382,34.6810,55.3557,38.5624,127.3733,125.1792,-20.3210,35.4197,-3.8669
7.6910,94.6273,-5.7874,84.0245,8.8551,57.6206,56.9954,178.7268,147.5356,156.1712,111.5645,18.3474,8.8227,48.0428,116.9414,99.4455,-32.8780,26.2532,0.0767
-34.9964,86.9716,-63.8079,51.2655,-39.0284,48.2977,27.8467,154.7408,153.3374,111.7881,60.3288,45.2663,-48.9329,62.7353,81.3010,88.9369,-57.5607,51.7216,-18.8797
-80.6437,36.6473,-83.1446,4.9584,-70.7125,34.7368,-20.4730,122.8173,93.3320,100.0204,-4.9013,51.7652,-93.6022,57.8208,65.9843,117.6292,-102.3925,45.8502,-27.8573
-114.2532,-20.1987,-83.1201,-31.1080,-85.2956,16.2773,-48.9359,123.9691,43.2241,147.2043,-56.4364,20.8463,-105.6518,60.4752,89.8989,123.1868,-139.7653,21.5496,-1.9479
-168.6063,-18.5120,-117.2878,-19.8428,-97.7439,5.0364,-35.7766,148.7889,49.6334,165.7137,-74.2671,17.8211,-98.6399,77.6450,109.2060,116.0015,-173.3491,9.1748,16.6468
-218.5333,6.2374,-164.5684,13.2467,-111.8082,12.7222,-24.7072,150.7956,37.3501,132.2327,-72.1394,36.7227,-84.2100,79.2826,69.4617,162.3302,-204.6941,11.2883,-5.1906
-207.1658,-8.3068,-167.8878,9.0743,-108.4465,18.4768,-40.8186,142.1555,-38.2049,121.8797,-75.5423,14.2478,-68.7106,72.2929,-14.4337,215.6504,-206.5388,8.2314,-50.5792
-180.1265,-27.4264,-143.7005,-17.6893,-80.6039,3.5578,-70.7452,130.8725,-109.0979,114.8892,-74.1554,-16.5839,-73.2626,85.8473,-70.6225,191.3483,-170.0564,-22.3937,-95.9758
-189.2855,-7.4074,-138.2812,-13.5302,-59.3918,-5.8296,-120.2116,84.6446,-133.7713,47.6724,-51.9233,7.1738,-89.2158,99.4141,-89.3246,139.3820,-120.2814,-55.9843,-128.9891
-183.9066,3.1381,-145.4305,-2.6826,-68.4563,-7.0131,-177.0604,38.3212,-138.5482,-9.0464,-33.9012,32.2943,-84.3205,79.3349,-125.7741,141.0630,-96.5310,-50.2343,-146.3512
-163.9507,-32.9243,-140.3020,-32.8372,-88.1800,-35.7496,-195.7310,40.0527,-122.8905,5.6512,-47.2624,-8.5985,-83.7011,43.8569,-168.9304,155.7717,-118.1819,-29.8685,-160.6723
-194.5285,-60.6759,-120.4478,-62.9506,-99.0631,-65.9407,-196.4847,32.9322,-91.5867,13.0753,-75.0956,-63.7553,-123.2336,21.2096,-172.9937,122.7755,-144.0004,-35.0744,-178.5536
-217.4339,-41.0999,-91.1932,-44.3750,-102.0564,-47.9553,-232.8176,-14.9343,-104.6054,-13.9377,-82.6402,-70.7708,-156.1858,4.1881,-179.3476,68.8548,-139.0724,-40.9526,-187.7339
-155.6224,-15.2065,-65.6213,-22.4887,-88.4966,-24.0417,-257.5324,-28.8227,-168.0662,-5.5964,-61.7144,-58.9599,-142.2231,-9.3434,-224.8014,28.3893,-160.5410,-29.2172,-184.0746
-99.4697,-11.5024,-64.3907,-39.5520,-60.6515,-42.7531,-209.8557,2.6064,-210.8557,15.7386,-37.4846,-56.7857,-127.6117,0.0227,-254.5662,-2.7732,-242.1730,-28.7186,-176.2233
-127.1548,-8.3018,-81.5377,-55.3944,-54.7688,-59.8291,-154.6268,6.8994,-227.6295,-26.1389,-35.7067,-48.0824,-133.1841,24.2650,-260.4014,-17.6463,-297.8634,-35.7912,-169.7455
-169.0929,-7.6489,-85.7300,-43.3893,-81.8480,-45.2917,-157.9735,-11.5527,-267.6378,-98.3293,-51.5225,-48.2949,-113.2264,27.6891,-295.9645,-12.9176,-280.2932,-28.3763,-168.5790
-177.2960,-38.2309,-75.5285,-37.8407,-104.3202,-40.4537,-176.6609,-10.6647,-304.3259,-128.9629,-71.0145,-76.7605,-71.7909,5.5143,-323.2724,-18.2892,-257.7642,-32.0168,-174.5660
-167.9907,-81.3964,-83.9104,-51.5655,-103.5113,-56.2976,-181.7619,-25.1280,-300.4449,-138.0903,-98.4197,-85.4453,-60.3549,-10.6431,-290.7527,-50.2640,-255.2477,-53.1843,-192.1082
-131.2267,-84.6331,-109.1218,-55.0632,-90.7016,-57.8485,-196.2534,-82.1870,-297.4597,-184.5780,-128.9091,-44.8486,-73.3178,-5.4786,-267.1539,-90.0729,-237.4296,-46.6097,-233.3535
-91.0701,-44.9552,-103.1876,-38.2493,-62.6250,-40.5006,-193.5249,-128.8229,-302.3806,-237.3891,-146.0784,-12.0767,-77.8091,3.9810,-285.1994,-115.4755,-229.3520,-26.6826,-283.8950
-103.0136,-8.3885,-60.6821,-23.0347,-27.6901,-27.4933,-146.4203,-128.2971,-264.0807,-200.5317,-163.0175,-14.1994,-85.8399,3.4324,-260.1889,-117.5740,-243.6323,-59.0667,-294.5878
-138.1692,5.0774,-38.1498,-24.6497,-24.2697,-26.2929,-105.6060,-118.7041,-214.6270,-109.1489,-193.9467,-1.3457,-108.2394,-5.4976,-186.4768,-114.2802,-207.8288,-113.8473,-257.3952
-149.9926,14.5856,-47.1760,-28.1739,-55.2777,-25.9983,-109.8222,-136.2478,-216.6521,-125.2005,-207.4926,23.6203,-122.7563,-28.6764,-158.5511,-137.9045,-115.1516,-111.2092,-227.6221
-154.1088,22.1762,-42.5440,-13.3812,-81.7958,-22.2983,-135.2469,-152.1299,-220.4161,-224.1500,-183.0771,-5.9272,-130.6920,-75.7868,-182.3126,-169.7161,-63.2500,-90.3754,-229.3444
-133.2030,4.2582,-34.2903,-2.9604,-98.5501,-35.4582,-155.7076,-129.1277,-180.5747,-202.5885,-160.2665,-83.4512,-156.9310,-130.7772,-188.7079,-155.6796,-80.5226,-128.4048,-224.6486
-66.9675,-32.7333,-66.6329,-29.5374,-129.1961,-67.6170,-153.1124,-98.6753,-162.4218,-92.3419,-177.8378,-139.0047,-188.7988,-164.4580,-161.3984,-114.0169,-98.2629,-159.3318,-191.5630
-35.6149,-46.4250,-115.1206,-54.3520,-164.4273,-66.5173,-125.6484,-104.4989,-185.0373,-105.9505,-220.6955,-156.5909,-197.6582,-168.6173,-116.4683,-111.1153,-77.9806,-94.8295,-147.8918
-84.0426,-23.6765,-144.6730,-26.1465,-182.5077,-17.6348,-113.5045,-117.2417,-182.9863,-192.9815,-245.5732,-151.9764,-200.1078,-149.1973,-68.9976,-139.0520,-37.0315,-19.3294,-111.4562
-123.0303,6.7128,-177.3367,12.1296,-187.6645,4.2978,-129.0453,-104.1662,-166.6236,-170.7284,-224.9451,-106.5099,-215.7383,-114.2227,-52.2547,-145.9972,-4.5357,-39.1886,-89.6494
-96.7762,29.9096,-201.3129,8.5658,-177.5264,-26.1420,-131.7608,-95.6869,-182.9164,-102.2464,-180.0017,-28.8703,-210.3310,-83.2480,-70.9941,-129.8455,-1.3091,-81.5676,-81.5091
-50.0886,47.0468,-163.9414,0.9245,-140.0774,-38.5020,-130.6561,-102.6443,-192.5484,-108.2217,-162.4607,9.6285,-169.7738,-67.2916,-79.5727,-101.6867,-11.2387,-59.8945,-78.8573
-7.7739,40.7669,-99.1343,10.4228,-103.9941,-24.4985,-159.3221,-101.2904,-171.9107,-143.6863,-173.3802,-18.5525,-154.6971,-51.9422,-60.5109,-64.7389,0.3631,-54.0801,-84.7196
23.4662,5.9971,-89.0848,-13.1453,-112.8099,-53.2966,-169.5435,-113.4368,-167.9365,-183.7778,-158.3487,-50.3449,-189.1081,-38.3207,-49.9938,-63.4878,15.7411,-133.5908,-104.2472
-0.6851,-32.0652,-125.9019,-73.0219,-149.4473,-117.9569,-121.7495,-150.8725,-163.3261,-240.2952,-113.7986,-45.7076,-200.1352,-49.1404,-63.8413,-109.2931,-13.2471,-206.9874,-113.2291
-86.3295,-72.6358,-153.0119,-120.6725,-158.8721,-149.4995,-70.5228,-155.2764,-107.3558,-237.6110,-103.7506,-47.5598,-150.6281,-72.7311,-65.7080,-110.7513,-76.7892,-190.1969,-86.1328
-164.2810,-125.9424,-156.3979,-149.9285,-130.2997,-138.2434,-46.9070,-109.6657,-63.5591,-180.5884,-140.6268,-78.8568,-103.1277,-74.5819,-38.5052,-33.3296,-113.2031,-130.4291,-42.4414
-181.1755,-148.7820,-141.0244,-157.9306,-97.0612,-115.2246,-26.6046,-66.5597,-106.9821,-175.2908,-149.3967,-86.7038,-94.3538,-53.6626,-32.4906,15.4790,-88.9712,-93.5376,-11.8664
-156.8737,-114.4771,-118.7095,-121.8445,-76.9041,-95.5988,-26.0256,-31.1649,-170.5431,-163.9864,-89.8714,-47.7598,-83.2613,-25.0251,-70.7616,-7.4588,-39.4469,-85.3298,13.8109
-136.3190,-86.3785,-113.7746,-78.9638,-55.8595,-86.3485,-57.9471,22.2313,-164.4958,-32.6243,-27.3599,-19.4694,-49.8793,4.6617,-78.4545,-6.3126,-24.8721,-82.3077,53.3939
-118.7691,-97.9033,-113.0170,-72.1665,-20.2891,-72.1564,-70.6845,72.3736,-118.8228,105.2190,-25.8506,-29.3866,-24.6754,20.5353,-21.9391,43.4624,-47.8299,-47.1336,101.6236
-86.1139,-88.9466,-84.3303,-57.4096,12.4425,-26.6041,-36.1812,108.4757,-98.3116,104.7612,-52.5347,-28.3740,-19.6139,26.5133,9.4039,65.3108,-66.5282,28.8841,147.4498
-86.4260,-54.4088,-59.3619,-14.4281,11.4800,23.0033,24.4204,153.6964,-92.6488,41.8009,-59.6364,4.0490,-10.6383,55.5292,-20.0039,65.2963,-88.3948,85.1342,190.7856
-162.4097,-65.1835,-82.1040,-4.8115,-9.1708,27.9909,95.6709,193.8250,-61.7597,31.8906,-66.5912,22.0721,17.9738,96.5918,-41.0069,94.7704,-143.8945,83.8752,223.2874
-223.2529,-101.8278,-110.3441,-28.1408,3.1507,9.6592,140.1298,200.6259,-10.6488,70.0701,-84.5900,4.2436,47.0627,99.5427,-56.5219,108.6996,-192.2188,83.5634,222.7461
-168.8965,-82.7431,-87.3408,-19.6474,54.9602,17.3324,119.6625,189.4923,45.0525,130.0284,-78.9894,-12.8668,48.5132,71.0581,-97.2987,70.7922,-185.6569,123.1938,180.8867
-67.0157,-30.1182,-41.9941,8.1048,96.8610,35.0648,75.7122,177.1178,125.4489,206.1487,-59.4712,2.6527,28.4195,55.8749,-82.9229,50.2223,-156.9286,143.9200,116.0242
-22.4524,-14.3493,-24.3691,11.4752,103.7639,23.5443,55.1568,154.7083,216.3752,277.4458,-67.0991,29.6267,11.5798,52.9560,3.0572,74.7632,-133.5832,117.1151,58.8852
-17.9668,-26.2275,-21.0453,13.1000,88.4913,4.8118,36.0414,126.4660,235.4119,322.6936,-79.9927,5.6533,-1.1018,36.9690,32.7804,80.5565,-99.1016,118.4153,38.3602
-22.2589,-36.2738,-0.9162,26.3475,62.9954,25.1489,20.4680,114.7211,168.9610,318.6764,-70.3946,-87.0214,-5.6464,5.8661,0.4315,62.5423,-78.9153,187.0016,62.9623
-53.7183,-49.1641,23.4283,23.2541,48.4368,68.9488,36.9007,128.0928,111.9027,248.1858,-69.7598,-149.0018,23.8660,-17.6071,20.9309,72.1272,-93.1784,234.7580,103.2940
-79.8999,-51.5864,32.3704,10.3171,58.3502,77.0045,41.7216,133.9259,89.2988,145.0910,-80.2823,-81.4386,67.8953,3.7344,57.1561,84.3758,-81.5140,179.4587,114.4926
-54.6133,-36.0940,35.3528,4.3946,55.5741,37.2985,-0.0520,80.4611,39.8213,63.5375,-63.8501,44.7398,67.1370,59.6607,19.6254,46.9652,-32.4177,69.3995,86.7318
-26.4017,-42.2835,30.4878,-14.0857,15.9007,-5.0441,-29.0554,-15.2646,-12.3191,16.7392,-42.1041,98.1820,28.5191,73.9062,-28.2394,-3.2887,-31.9697,-3.7886,51.8090
-57.8713,-83.0087,2.3075,-49.2582,-16.0790,-26.3918,-21.0333,-69.4772,-15.4037,-6.0805,-58.6709,103.8095,6.0495,41.5295,-37.7432,-3.6660,-83.5755,-33.5676,37.6672
-119.4447,-116.2658,-19.4780,-80.1237,-14.7404,-44.5489,-30.9008,-65.7129,-25.3115,-10.4605,-98.6281,152.3291,-4.5607,51.2751,-59.8700,32.8017,-99.0396,-54.7672,35.9916
-157.1576,-121.2652,6.5947,-94.6057,-10.3804,-59.0505,-59.0850,-66.8922,-68.2812,2.0872,-143.7242,197.4579,-32.2281,92.3293,-77.7850,53.0112,-83.7800,-51.1117,16.2499
-169.6051,-106.9514,48.5461,-70.6515,-10.5597,-43.8336,-64.5044,-90.0930,-78.1905,22.4994,-191.5683,155.8825,-59.7425,72.1343,-61.2949,37.5784,-93.9469,-7.6599,-28.2366
-164.7823,-76.4658,53.1559,-9.1898,-11.6021,-5.2530,-69.7274,-107.4114,-79.7097,12.1895,-206.6521,83.6710,-73.5455,30.2082,-69.2632,8.3007,-88.5214,20.0985,-59.9986
-130.7132,-49.1572,35.0059,19.6559,-38.8101,12.9672,-99.3024,-114.2353,-142.2648,-55.2470,-175.8979,65.9201,-91.8630,50.1931,-91.1109,-7.8521,-30.7500,-8.4020,-48.1979
-88.1664,-46.6418,21.3607,-16.4863,-73.1896,-6.0608,-107.0868,-100.9876,-182.1186,-120.2334,-143.3036,69.8784,-108.5157,71.2491,-48.0885,-9.7591,8.1279,-43.0922,-14.9019
-90.7978,-44.8374,3.7618,-44.4959,-60.9846,-25.5012,-61.2577,-64.6498,-112.9184,-116.5496,-124.2738,50.6259,-98.1634,47.3032,17.6173,-9.7774,-13.5101,-36.7439,0.8902
-124.5462,-12.8434,-6.3512,-16.0102,-25.4198,-7.6076,-8.2669,-52.4211,-32.1567,-91.2886,-102.0782,55.8282,-67.2859,68.7960,38.4483,-5.3144,-24.3532,-17.0037,-5.2106
-100.8620,39.9741,11.2693,37.0159,-9.9499,38.6828,-2.1211,-75.0436,-30.5527,-112.3510,-84.2422,115.2842,-40.8198,151.3534,45.2603,5.1683,37.2539,-5.0574,-6.5679
-11.3056,91.5655,38.5872,89.1339,14.2640,80.9995,-31.0079,-70.8765,-57.3426,-150.0154,-61.4534,160.8058,-31.4290,186.3126,17.8893,2.6488,136.4092,17.4838,20.8049
43.9118,114.7883,63.1905,115.0923,43.2005,97.2879,-47.4390,-34.1667,-64.3506,-156.6033,-13.7526,135.8073,-38.9373,153.2453,-82.6892,-20.4815,192.0980,26.8280,61.5635
31.2446,79.6453,82.8873,75.3002,8.0002,70.3295,-43.9399,-20.9274,-35.6727,-122.7642,13.5499,69.4923,-52.8451,115.6872,-126.2383,-37.0537,157.7384,-23.7588,63.7366
15.4085,10.0929,58.8696,4.7073,-77.2633,2.4495,-44.2887,-21.9074,76.6421,-17.4508,-19.9671,0.6362,-67.7689,75.9699,-2.5651,-13.8919,63.2715,-98.3553,16.4708
10.6983,-32.2198,-19.6302,-23.2259,-129.8909,-56.8203,-30.3228,5.4496,254.7337,156.9555,-62.3428,-58.1004,-91.4066,29.2315,157.9981,50.3222,-20.7718,-119.6468,-25.5146
-17.7709,-39.1315,-87.8406,-21.1443,-139.8656,-61.5501,24.4503,37.3928,375.4165,277.4723,-63.7300,-68.0817,-114.3931,21.7677,212.1115,111.1466,-60.3422,-87.2496,-45.4531
-48.5700,-35.7531,-105.3914,-27.0112,-136.6095,-33.1175,69.3946,37.0225,361.6523,249.4754,-35.1298,-3.1238,-106.9237,55.4719,190.0030,118.3487,-65.0846,-52.0212,-81.4800
-44.4433,-18.0940,-89.0219,-21.3520,-115.4271,-16.6710,52.5784,25.4050,255.8100,177.2001,14.0527,62.4139,-63.1573,70.8364,153.7296,89.3406,-54.1495,-32.2709,-110.3807
-25.6857,0.4440,-48.9493,-7.4760,-83.8377,-15.2678,27.3256,41.6926,152.0252,205.4214,58.5957,35.7745,-10.3318,45.4615,137.2860,87.1504,-49.6599,-25.6092,-74.3240
-26.6829,-17.5705,-14.3607,-14.4305,-62.3699,-8.5469,57.3596,85.5067,125.6112,282.2599,52.6876,-46.1489,24.4730,21.3883,178.7511,116.4016,-53.5335,-32.6658,-10.9766
-43.8755,-53.4637,-24.0826,-17.6638,-48.9164,5.7034,101.6568,113.8404,170.3147,277.1940,33.3255,-83.2982,33.4087,37.0993,244.7740,133.3629,-44.4898,-41.7127,7.9827
-35.6390,-67.5686,-36.2773,-8.8363,-49.7894,7.7124,99.7452,99.5678,207.5900,222.8716,76.7879,-72.5263,34.0053,63.0184,270.4223,134.5791,-36.1317,-44.9748,1.8386
27.8650,-76.8124,-4.2581,-31.8275,-56.5633,-17.9434,81.7480,75.3766,195.7524,216.9283,148.0502,-68.9390,55.4180,41.6530,278.7231,130.3615,-56.1339,-49.1696,11.2428
81.9598,-90.3427,22.2120,-62.7755,-16.7902,-49.8627,103.0423,68.3319,158.9856,223.6844,172.2523,-69.0741,97.0311,-4.0447,287.4504,101.0365,-62.8263,-47.6210,16.7157
38.8065,-75.8490,23.0573,-42.6703,63.4296,-55.0311,135.3804,54.7137,120.4658,190.7614,176.9076,-54.6081,126.8111,-7.4915,244.2949,63.4411,-10.7463,-35.9808,6.6659
-22.9963,-48.2506,58.5141,-11.5986,103.1900,-47.6107,113.9468,35.3360,93.9966,170.1985,209.1431,-56.5044,128.6839,5.2540,174.9715,64.4070,49.8058,-42.2790,2.6980
56.0991,-50.0871,110.9530,-18.5709,94.3909,-56.9333,61.2303,36.0835,93.9362,162.4799,239.1728,-86.9855,117.0465,-23.8965,166.0723,75.5170,74.3803,-81.9719,6.0575
229.6862,-61.5399,112.3756,-26.2735,99.7113,-67.3888,54.6342,25.2795,114.7644,89.5024,239.1349,-113.9565,113.4465,-55.2849,193.0041,36.1113,107.2067,-118.4051,13.4921
295.9239,-56.6674,105.9103,-26.7259,125.4667,-62.2790,87.3129,-25.9841,149.8297,-19.8920,229.8054,-133.5154,128.7383,-47.6695,193.2412,-32.4234,161.4803,-108.5618,36.7608
221.0003,-51.7536,151.5018,-47.0391,153.3643,-54.9288,100.5497,-72.1748,189.2611,-74.9901,224.7476,-151.1214,150.6539,-45.3381,191.9099,-84.1801,190.5030,-57.7394,59.2335
162.7812,-33.2853,193.4857,-41.0115,193.8780,-42.0968,107.3022,-94.5811,183.6985,-83.9217,213.6676,-127.5497,152.7091,-62.7884,188.4666,-123.8128,207.0109,-17.5565,48.0495
191.7517,10.3061,177.1044,9.7887,214.8989,-23.4882,127.3527,-131.4892,114.4449,-89.4967,180.7932,-61.6706,128.5304,-67.7394,125.0568,-146.0285,240.2380,-26.0295,16.8024
209.0344,12.2400,130.6903,17.8551,171.6664,-31.0090,112.6344,-172.6393,50.5083,-111.1480,117.1532,-31.8431,94.0494,-83.8706,37.0734,-137.7808,229.3841,-47.5407,2.8670
145.6487,-53.6712,84.8781,-32.1194,106.4545,-57.9170,52.7498,-189.1409,15.7029,-177.6541,41.7150,-61.1419,52.9390,-129.6402,-3.2455,-146.4683,131.0678,-33.2506,-11.8338
58.1273,-93.4207,40.7255,-49.4187,62.4506,-63.3540,-26.8206,-209.5922,-71.8063,-242.4338,-24.0078,-82.4181,-11.8135,-150.0729,-60.5271,-203.3753,13.2303,-21.8142,-90.1287
-17.7065,-60.9318,-20.9376,-29.7575,-14.6920,-63.5961,-168.3471,-240.8999,-229.9179,-221.9971,-105.8786,-82.4137,-112.9051,-130.0077,-222.4759,-247.7915,-75.2730,-59.3256,-230.1699
-134.3264,-32.9491,-130.3670,-36.5247,-157.2034,-82.2083,-349.2743,-241.1558,-350.7676,-194.3888,-224.7608,-110.7381,-229.0276,-121.5892,-407.1651,-237.3567,-164.9002,-87.1953,-323.2786
-274.8641,-54.3842,-251.3260,-53.4633,-275.0464,-83.3665,-399.1368,-216.5485,-355.3484,-263.2142,-316.4182,-159.2171,-296.7020,-133.4990,-470.9313,-212.0911,-243.9007,-55.9131,-286.3325
-317.3421,-87.5233,-284.8907,-48.6045,-275.7306,-65.7495,-281.3945,-210.0240,-271.8011,-327.1054,-301.1083,-191.5949,-267.7014,-142.7186,-401.6327,-198.7700,-253.2288,-24.6168,-185.5501
-236.2820,-101.8417,-220.1693,-44.1533,-191.6834,-72.7239,-180.8179,-228.6905,-174.7078,-305.8226,-202.8977,-216.4185,-181.1033,-152.2555,-289.6516,-190.1340,-200.4479,-33.2783,-134.1704
-145.7131,-85.4857,-153.4723,-37.9535,-125.7875,-81.3677,-176.6913,-261.3034,-126.3870,-304.0089,-120.5515,-226.3316,-128.1611,-151.8652,-214.4270,-200.5621,-143.5628,-46.0335,-148.2618
-120.4733,-40.9172,-145.8098,-16.5658,-135.2083,-58.2004,-193.5491,-288.7174,-139.7046,-337.8663,-116.6350,-198.5480,-156.4772,-133.2621,-220.5638,-227.7324,-114.1575,-59.1488,-201.4402
-151.9427,-16.5278,-190.3227,-15.1514,-212.1204,-50.5682,-252.4753,-281.9996,-180.9578,-300.0356,-179.8380,-181.9737,-246.6115,-134.0326,-301.6693,-228.2975,-129.7033,-92.3181,-288.8228
-221.6094,-49.6010,-261.3282,-46.8862,-319.8322,-86.1322,-385.7353,-252.2019,-213.8943,-210.3306,-249.4929,-225.9068,-339.2031,-163.0635,-373.8781,-190.9350,-189.1694,-123.1253,-354.0087
-279.8210,-107.4903,-310.7002,-79.5677,-396.3257,-124.6396,-457.1868,-226.4287,-197.9290,-133.8193,-254.1658,-274.5019,-362.0572,-174.9573,-354.1742,-145.6364,-234.4534,-142.3887,-313.4139
-257.4907,-147.0437,-304.9085,-107.3339,-387.3645,-149.2437,-370.6750,-183.1336,-99.9376,-41.6861,-177.6763,-267.3179,-292.0700,-164.2163,-266.7284,-105.6918,-223.2136,-158.9465,-202.2279
-172.2126,-153.1941,-274.1881,-126.2011,-320.4372,-158.9522,-230.9663,-113.1806,21.0700,38.9612,-92.3326,-225.7267,-194.5813,-152.8197,-187.5018,-71.5240,-203.7155,-146.9931,-137.0308
-115.5772,-120.3667,-252.8665,-111.9414,-260.1751,-137.1977,-148.7479,-58.7494,51.0288,44.5504,-69.0020,-170.6834,-145.2938,-118.4954,-125.8264,-43.4929,-209.0099,-113.2352,-129.8537
-126.9816,-76.3070,-226.6884,-88.2520,-201.9995,-109.4760,-122.1708,-25.2781,-16.0974,31.9162,-80.3668,-112.6318,-139.0914,-60.1105,-68.6529,-13.4182,-178.5523,-104.4866,-96.9080
-150.1746,-55.3228,-180.5734,-79.3029,-129.0270,-100.3159,-118.9058,15.4088,-88.5794,43.6930,-71.7187,-103.4904,-125.0346,-32.8893,-63.6828,1.8847,-92.8706,-86.7867,-31.5455
-111.3404,-23.8519,-133.0214,-34.1937,-87.5858,-63.9270,-103.8552,50.1392,-131.3620,23.0449,-68.3287,-142.4637,-89.1644,-39.9139,-126.7936,-23.2581,-41.0589,-8.6312,-11.7618
-29.9658,45.6729,-110.1777,51.0776,-86.1787,10.3420,-63.7431,72.2837,-177.1972,-19.9572,-104.2036,-132.5159,-56.6497,-21.2101,-170.6447,-44.8611,-58.1789,60.6482,-41.9047
4.0855,89.3944,-112.6376,87.7555,-66.1161,57.9668,-46.7055,108.7344,-231.5998,-35.4510,-119.5070,-45.9662,-39.0158,30.3726,-142.1258,-3.0364,-56.4576,58.4794,-35.8205
-5.5497,75.3371,-102.0564,71.1242,-27.0024,69.6894,-66.6969,143.5761,-250.4250,-48.6437,-51.4602,25.1779,-13.9581,68.1562,-90.8819,67.4647,11.8142,44.4025,23.6454
30.9875,71.0477,-46.9044,77.7072,0.3404,83.4688,-46.7856,149.8473,-180.4437,-50.0334,52.6699,40.9366,45.1971,82.9862,-29.7467,105.7549,83.5220,53.4080,64.0525
107.8772,92.6963,21.4304,85.8868,57.5121,82.8220,48.0966,160.5092,-31.0634,5.6358,121.2145,54.9101,134.0370,99.8100,86.7259,119.1058,110.6942,49.8156,81.0630
161.2254,79.3333,64.6851,44.9953,159.1434,55.6553,149.9561,187.5627,95.8514,69.4643,166.2092,77.1328,216.3871,114.7832,217.0338,123.1815,120.5478,48.3871,134.8122
216.5136,45.1461,109.0995,16.7125,231.2472,41.6878,207.0963,187.0247,134.8523,101.9264,227.1230,61.6228,266.1275,98.0187,274.7005,116.8161,154.4203,73.4714,204.7036
287.9009,55.9256,186.3938,44.3262,262.1887,51.9077,256.7738,165.1163,158.4205,138.1866,300.5068,11.5153,309.4832,46.7801,296.8871,124.5051,230.8434,87.9745,247.0909
312.4082,91.8015,275.8837,65.3045,322.2047,68.5699,359.2637,169.0752,233.5130,140.0271,373.9128,-25.2118,394.4903,0.3274,373.1049,138.7109,334.1245,89.8841,317.8243
321.4577,97.1935,350.1481,61.7563,413.3299,94.8414,500.4546,186.8847,310.1981,69.8604,449.6875,-35.3044,509.3237,-9.1077,477.0295,109.7267,415.8273,118.5753,447.9704
413.2600,86.8428,407.0879,80.4492,483.3694,119.3293,594.3664,187.5129,360.9716,38.8046,517.6804,-36.0525,589.9963,7.0321,539.3320,65.1350,453.4892,150.0710,545.6795
540.0415,101.0567,453.5201,105.7620,531.0683,122.7066,620.7438,189.6673,444.5173,106.3694,563.4676,-21.1062,623.4189,25.4039,581.0242,70.7094,482.0773,150.8987,565.1867
590.0154,136.3627,497.6508,105.9805,576.9419,124.1075,667.4451,209.5279,557.5444,162.6783,592.2261,24.2114,654.3455,40.3580,644.2811,89.5869,527.5284,157.2708,579.0754
577.7476,161.6022,538.2219,113.3213,617.0943,135.0602,748.3792,223.4573,615.4858,153.8585,611.7146,73.3282,685.0823,48.7713,703.2731,71.7949,571.4560,191.9203,624.9602
575.3760,162.1803,570.5142,140.5163,652.1870,141.1214,759.9688,209.8374,606.9928,134.4380,631.9327,90.5519,685.6667,51.3529,726.7827,63.6808,610.6804,223.6028,678.5710
611.9280,160.6550,620.1151,157.3204,697.6169,155.2122,704.7568,175.6645,608.2533,117.4968,686.7064,92.1822,687.7407,60.5753,735.2060,77.9604,675.5244,235.4263,740.1510
693.1952,174.8426,709.9717,168.0027,764.4074,182.7237,708.0650,148.9918,661.1742,99.6494,793.6288,108.3902,742.0126,78.1813,757.6381,57.6336,769.1156,230.9729,803.5221
799.9241,168.9295,802.5461,178.0773,841.0523,184.6749,783.0257,147.0587,738.8911,97.2459,907.6439,127.3458,822.0322,100.7056,793.3448,29.6990,849.0123,212.2995,841.9537
898.2535,122.6702,856.8745,158.0796,893.5401,155.5929,840.7744,145.5379,793.7757,81.7868,974.5477,141.6060,871.4219,137.9095,820.8823,60.8374,883.8403,192.1960,869.1748
962.7858,102.8248,887.8265,126.4870,912.5174,137.5610,871.5729,124.7163,804.3886,42.9631,990.8232,173.3772,882.6606,174.2930,825.5488,107.5427,888.9058,172.7630,899.3742
944.5118,153.5746,901.4947,134.9790,917.0885,141.9073,897.4678,122.8809,798.2821,38.3838,963.7324,206.0016,867.7670,170.3138,822.2180,110.3028,882.5671,143.9129,905.1453
827.0522,202.7999,866.2368,158.9572,893.2119,153.9289,890.9962,169.8392,805.0534,75.3665,883.2695,195.7130,829.2974,144.1226,827.9811,99.7688,845.2235,129.0545,894.4998
709.0193,186.4867,788.0687,148.3420,836.2474,165.1772,872.3146,221.7815,800.1857,99.3430,776.4901,162.1735,788.7761,149.3735,819.3540,95.0581,766.1342,154.2772,901.4512
676.1425,146.2336,725.5516,124.0146,811.7560,156.2556,894.0649,233.2907,757.4365,101.2372,712.9566,151.6027,776.1035,165.5283,773.2277,74.6664,688.6665,187.5865,894.6909
696.0876,127.0423,715.2775,111.6911,833.6190,126.6920,910.4178,220.0440,709.9397,95.5526,723.8908,144.9373,786.0630,140.9186,722.3594,60.5750,658.5081,180.5036,842.5691
727.3026,112.8893,734.0281,95.2766,810.3261,113.0916,856.5773,203.2953,687.1512,76.3563,762.6150,107.4944,782.1025,102.2190,698.6164,74.5961,672.4585,130.1940,787.7530
746.7177,101.9877,731.7782,85.6577,722.0334,120.0604,779.0043,174.7067,660.2577,61.0133,753.3508,67.1111,736.4260,93.7750,669.9541,81.3239,704.8978,75.9507,744.3436
716.0240,123.1890,689.5165,104.8752,652.0670,115.7702,728.3785,140.4145,599.6058,70.6165,672.8065,68.9052,658.1984,93.3886,596.9805,61.8556,725.9492,61.9972,660.6764
674.2912,163.6486,640.5678,119.6938,611.2366,97.7254,656.4396,123.4122,505.9235,79.7414,581.6735,108.7009,582.4059,79.2021,489.1995,39.8841,696.8521,78.1769,534.4717
675.9159,170.6723,615.0602,99.9310,550.6709,77.2480,527.9355,114.7939,386.7607,65.3265,539.1745,140.4670,529.3901,71.7070,378.3968,32.4296,608.7709,67.3453,423.8667
636.3187,131.8889,595.5745,71.9110,493.3991,52.5566,403.2346,88.7373,284.2515,61.0301,512.9019,124.8182,494.2379,70.3392,304.6729,50.7654,501.0132,35.7581,356.3172
518.7013,95.1130,563.2438,52.2474,475.9310,33.9891,343.8322,57.7777,265.0761,105.5678,459.1913,79.0718,472.9901,51.7340,300.7486,80.5506,419.7834,40.0185,325.2600
478.5691,91.7235,529.4569,23.4119,468.9828,19.0591,332.6942,46.8139,308.8032,150.5797,430.3723,57.1787,466.1472,19.0270,330.5088,62.4309,395.0205,47.4620,324.5226
556.6054,84.3334,497.7281,-12.7291,441.1071,-20.6612,324.3515,36.1845,308.8818,102.9670,475.8805,57.9531,463.9903,-18.2635,321.9767,-3.5906,416.2558,-3.6740,338.0344
574.1893,37.5750,453.9919,-37.1241,393.5197,-70.7456,312.6396,6.0113,237.0252,1.0040,524.4116,30.7990,452.2372,-61.0189,286.6836,-28.5546,410.3193,-53.7654,343.0561
472.5194,-4.7536,394.5096,-45.8109,337.3555,-87.8472,312.8664,-9.3071,176.3210,-15.2582,488.6594,-11.5313,418.0114,-88.7737,279.6487,3.2066,329.6844,-36.0862,319.7574
363.4508,7.6083,326.0277,-44.6463,287.0558,-84.8777,308.8738,8.0857,166.7977,37.5743,384.7639,-1.9343,352.4073,-78.3476,262.7058,11.6078,233.3474,-14.3656,253.2285
283.2735,39.8785,255.2004,-45.6390,235.1572,-90.3986,272.2485,10.2783,163.1330,26.7091,269.2201,58.3543,268.5593,-45.6336,175.0130,-9.0812,180.0942,-41.6577,166.7754
207.5439,46.8409,191.2939,-52.8058,163.3674,-83.4695,215.9039,-23.8647,144.7619,-25.1006,167.7825,101.9048,194.9639,-16.9361,78.1394,-3.9011,138.2528,-64.2795,109.1924
149.3712,56.2898,140.6800,-39.2219,91.5442,-53.3523,169.9787,-48.1152,134.1504,-45.0527,96.1795,98.7098,139.8405,6.7263,55.2130,3.0634,84.7090,-53.0141,78.0525
104.6604,84.0548,96.9316,2.0252,31.2773,-29.9132,132.7974,-39.5838,125.2579,-100.9693,57.5065,67.8706,89.9279,27.7847,60.4790,-22.9466,44.7847,-43.6158,36.1991
56.8534,75.4868,45.0693,15.8241,-50.6620,-23.8004,82.4042,-21.6096,91.5320,-185.3766,25.6833,28.3337,31.3180,34.3379,15.8941,-33.2425,0.3320,-39.9454,-8.8343
-5.6343,20.9385,-19.5165,-17.6093,-136.8619,-17.2132,0.1638,-2.3087,32.1492,-161.6259,-20.2782,-3.7564,-43.1827,19.3613,-66.5084,-7.8932,-80.2236,-12.2062,-36.2121
-115.4479,1.4580,-74.7412,-24.4691,-163.5034,3.5675,-106.3247,19.2736,-42.6511,-65.4191,-83.0564,-15.2687,-118.9552,-2.5151,-155.8280,1.8822,-158.8239,43.2757,-67.6006
-226.7582,44.9806,-100.5744,29.2635,-155.7926,38.4168,-178.2698,29.5497,-119.5193,-24.7750,-166.4198,-16.3901,-168.3318,-7.2227,-251.2778,-2.1570,-201.5158,92.0914,-116.3425
-220.7012,75.8465,-118.9987,66.3540,-183.0070,60.7547,-172.5333,27.4733,-150.9252,15.0928,-248.5832,-22.6603,-196.1502,2.2016,-312.8757,14.9364,-235.1415,87.9073,-163.4895
-132.1426,57.8992,-148.0008,40.9866,-218.3721,43.4849,-144.0558,18.2432,-87.6468,102.4847,-266.9801,-25.0145,-220.2012,-9.8418,-288.6973,9.6241,-261.0326,39.5852,-205.0914
-98.9912,41.5864,-152.8689,12.6616,-201.1956,14.2095,-145.1790,-1.9721,40.8976,142.5663,-187.8322,-7.9959,-208.7924,-50.7060,-210.0757,-52.9046,-230.7612,18.2180,-220.4896
-90.4528,44.9578,-110.3453,20.1987,-138.9304,14.4030,-114.7254,-12.6568,148.5754,141.9947,-55.0293,21.1422,-126.1205,-74.3741,-131.7474,-100.3939,-129.4544,42.0644,-144.4561
-6.5214,34.8650,-42.5097,26.8096,-53.6560,32.8516,-6.4910,12.7319,202.9727,168.8063,67.5786,44.1699,-7.1838,-53.8434,-32.4056,-78.3813,3.2887,62.1168,18.9816
105.3843,21.7255,46.3873,24.4270,58.2065,55.0526,109.7514,51.6421,243.3952,157.4645,164.4400,56.7276,101.3441,-17.4563,107.4097,-27.0153,121.8810,80.5964,155.4057
175.6564,41.4179,155.1755,53.4483,181.3379,97.1062,185.9749,71.8926,285.7561,106.6802,249.7868,70.3182,201.2794,9.9394,218.0255,25.2114,205.5134,121.1938,196.6446
218.5401,82.4613,231.3379,106.0799,276.9873,140.3693,250.0191,77.2261,297.6696,133.9942,314.3857,99.4262,279.9358,31.5256,245.0083,72.0418,259.8845,141.5372,191.8695
235.7022,123.0940,244.5140,132.6384,321.5307,143.7866,285.4728,67.3691,274.3568,190.1467,326.3635,139.5099,294.3902,43.8488,243.3231,68.0007,287.8709,132.5944,180.3037
228.1397,160.8253,233.9693,130.5370,320.7498,127.9727,252.2873,43.9082,239.2831,164.9523,277.0605,155.4065,250.9287,40.2001,263.6343,24.0660,274.4283,154.0845,136.1134
227.2617,171.4153,215.6276,128.1582,287.5132,138.9564,185.3120,47.2555,174.1921,144.6719,202.9174,127.4680,197.2190,34.1420,249.1065,39.8033,225.3141,187.4017,57.5616
210.8790,147.4539,170.9445,128.0419,215.0010,165.2734,121.2642,85.5285,54.6719,171.0915,148.2840,105.0738,145.1422,46.7573,147.8034,115.1673,169.8659,167.3100,-14.9624
146.1518,147.0971,119.8528,137.1407,109.2302,177.3979,38.9475,98.7989,-70.7993,107.7209,110.6050,145.7657,81.1169,88.0290,22.8991,135.4142,117.0108,132.1720,-65.0216
82.0125,196.3444,73.6078,171.7035,22.3462,185.5712,-52.7966,74.8727,-145.8305,-24.7377,52.2776,210.9518,11.2293,142.5772,-50.9515,100.4056,67.9013,132.3578,-103.1808
57.8933,234.7203,4.0646,201.1149,-19.3329,200.0773,-114.5857,78.2873,-197.3341,-36.1512,-24.6195,219.5273,-51.3113,167.9973,-100.0103,114.9679,36.7357,127.4135,-130.1157
45.6565,233.0837,-66.8413,192.1738,-50.3175,203.1445,-153.4218,122.5002,-256.3958,75.7647,-69.7452,183.3776,-94.4293,148.8903,-164.9080,171.2850,17.6005,110.7442,-137.3768
28.4722,230.6786,-90.4582,179.3851,-74.0809,190.8471,-175.7605,151.4579,-278.6021,153.4978,-72.5557,175.0791,-102.1783,130.6531,-208.4125,190.7189,-6.5147,126.9658,-127.4807
12.8115,234.6409,-91.0008,183.9187,-64.1559,181.4782,-153.7228,147.7732,-247.7569,153.0370,-80.0748,200.5878,-85.5080,145.2447,-199.5799,187.0500,-23.3276,144.1402,-119.3858
9.6481,218.1838,-98.4504,161.8022,-51.2497,174.6915,-105.4150,137.6111,-233.7507,129.5341,-102.9817,211.7806,-80.4809,156.2521,-175.3743,191.7759,-21.1183,120.7743,-119.6423
31.4439,181.7593,-78.7727,113.0031,-63.4060,154.6041,-78.8986,120.3229,-242.2821,102.2849,-99.4821,191.1315,-89.0136,125.9250,-143.3342,164.4061,-7.3415,101.1784,-90.2346
39.4100,130.2394,-28.9039,90.6919,-60.7343,123.4979,-53.2138,83.8923,-157.8026,69.1136,-58.0814,152.5671,-77.2634,72.0742,-53.1159,95.1493,29.9590,95.7506,-1.5039
4.7950,69.6749,4.8822,80.1999,-30.8035,87.3458,13.3571,46.9570,48.7293,62.1879,-4.4302,118.0991,-36.9931,32.2565,72.6644,43.3926,92.3549,48.4104,83.8233
21.1842,33.8441,21.8818,35.7562,-13.5513,36.7813,79.3403,26.4474,220.2399,108.3291,46.4086,109.1538,6.4113,21.0014,123.5879,37.6124,129.1885,-27.2783,75.6965
140.5416,25.7433,34.4566,-16.7082,-18.3013,-20.3806,76.9983,3.9961,242.4823,143.3593,78.1165,109.8408,27.7797,21.9284,73.1645,51.2168,109.9700,-73.9597,-5.9917
217.9468,3.7465,10.6173,-47.5991,-46.9034,-55.1959,17.6500,-35.5830,192.0073,75.8244,68.2024,82.3333,4.9792,10.2878,18.5399,51.1671,66.3409,-99.0557,-70.7016
145.5269,-23.6730,-49.4406,-71.9650,-112.7948,-63.9225,-45.3254,-65.2470,146.0923,-41.5776,21.3001,44.3596,-68.7372,-4.0325,6.9166,19.7447,20.6397,-109.8419,-93.2987
5.8884,-18.4135,-99.4281,-75.7844,-173.2112,-60.5132,-112.0403,-54.0496,53.7532,-85.0653,-50.5979,39.4021,-158.2089,3.9153,-29.7626,-24.0831,-41.3512,-68.1423,-112.4346
-133.5564,-12.6823,-140.5222,-48.5155,-194.4903,-40.3306,-217.8196,-23.6592,-103.1533,-78.5112,-156.1175,41.5581,-228.4294,11.5733,-135.9632,-39.1534,-131.8729,8.2277,-158.5635
-272.0959,-42.5661,-209.7735,-40.7658,-244.8113,-8.7563,-343.1198,-25.4209,-238.2422,-109.6408,-285.1753,5.9014,-298.0298,-9.1981,-264.5004,-25.5678,-246.2474,44.5375,-245.2566
-349.8136,-61.5320,-304.8265,-56.9918,-368.3256,6.8178,-430.6555,-70.0934,-323.5714,-148.0772,-398.4042,-34.8792,-391.9899,-24.7713,-369.0388,-16.6172,-351.1989,30.5225,-362.4113
-359.1092,-34.8911,-401.1409,-30.2929,-493.4614,10.7402,-481.4690,-113.6456,-419.4365,-146.7871,-478.0882,-32.0067,-485.5735,-13.6225,-454.9685,-19.7825,-406.4656,25.9752,-465.6830
-417.6046,-2.3862,-486.3329,30.1102,-562.8692,29.1999,-532.7316,-111.9869,-528.3110,-130.4483,-540.8273,-6.4669,-549.7214,-17.4640,-528.4683,-26.2961,-438.6061,59.1738,-530.6932
-549.3453,6.2853,-551.9528,51.1839,-600.9421,48.0634,-577.3033,-70.7600,-602.4291,-101.3296,-610.3773,3.4477,-597.3973,-40.8613,-577.9403,-33.6445,-507.5794,96.2639,-579.8110
-639.5502,-0.1406,-602.3630,34.6461,-633.2257,39.9077,-603.0593,-26.2514,-645.5284,-53.9034,-696.1581,0.9606,-646.9117,-37.2726,-609.1701,-30.1587,-592.8779,105.5147,-618.7906
-663.5746,-20.6107,-646.9141,17.2381,-659.2039,14.6679,-628.3411,13.2857,-671.9495,-23.0546,-779.8466,-2.1599,-688.6028,-20.6626,-645.1083,-10.9834,-641.4398,100.8965,-625.4070
-705.7829,-49.3594,-672.2520,-6.8714,-678.9514,-9.6364,-640.8951,58.4147,-666.7715,-12.4485,-840.6071,-9.6477,-706.0561,-30.4561,-688.1616,8.4675,-673.7200,95.2164,-617.9840
-776.1911,-63.4737,-676.2317,-27.9602,-702.4038,-27.0831,-629.8113,78.2159,-654.2154,-15.7674,-889.1749,-23.3188,-709.7960,-30.2016,-713.4079,23.6269,-717.3279,65.6472,-649.6919
-814.9922,-59.5354,-694.7308,-21.9101,-753.9559,-26.8918,-660.3405,41.7830,-681.6154,-60.4025,-942.5623,-37.9454,-746.7310,11.8263,-713.9863,30.6696,-751.9861,18.7200,-730.3593
-829.7457,-51.3817,-748.8671,-10.0313,-835.7374,-11.2374,-762.0079,2.9355,-735.6880,-106.4121,-1006.0602,-42.3008,-846.5834,48.5535,-733.6863,6.5611,-796.2841,1.9112,-817.3488
-887.5393,-39.5967,-822.5632,-4.0645,-906.4504,0.1258,-846.2560,21.4090,-785.5979,-75.1359,-1091.9955,-27.8364,-959.2052,51.3846,-818.2770,-35.6854,-895.7092,0.5447,-883.7565
-994.6183,-19.3431,-900.9958,19.7518,-953.7289,6.9656,-875.1103,52.2296,-852.6273,9.6511,-1183.1277,-12.4032,-1022.3291,39.5497,-951.1589,-42.2876,-1011.8105,-47.1529,-947.7906
-1083.9370,3.5274,-974.2280,40.9490,-1012.3009,22.8168,-937.9649,43.6850,-960.5142,92.0210,-1223.5540,-21.4225,-1067.1797,9.6030,-1081.8085,-11.0450,-1076.6595,-117.3723,-1021.9709
-1141.8813,16.8481,-1029.1508,25.0914,-1088.5334,43.3751,-1072.3553,40.8568,-1089.0603,144.2591,-1222.3370,-39.7617,-1147.6195,-22.2409,-1186.5187,10.4976,-1112.9622,-139.1028,-1078.6688
-1230.3137,14.2793,-1075.9044,7.3069,-1166.7396,55.9079,-1199.9335,75.5134,-1200.1317,89.2928,-1253.1912,-36.0023,-1230.5049,3.3221,-1262.9891,15.5315,-1175.7609,-125.8775,-1102.2592
-1331.7394,4.1455,-1135.7543,19.4322,-1246.7991,51.0499,-1264.1794,96.5557,-1264.9803,-64.2031,-1318.3738,-22.8161,-1270.7615,63.2953,-1317.8561,24.9885,-1254.0583,-120.3943,-1128.8857
-1341.2469,-3.1011,-1196.0742,29.0759,-1303.7535,30.8234,-1284.0061,85.0449,-1291.0695,-127.9416,-1364.1050,-32.3010,-1289.4279,64.4031,-1366.6395,27.2159,-1306.7852,-97.6108,-1180.2159
-1263.5254,-6.9654,-1227.2238,28.1831,-1302.4276,26.3061,-1295.0245,81.4473,-1314.2638,-42.9006,-1383.9517,-58.4536,-1296.2863,19.1023,-1382.1694,10.8538,-1314.9177,-39.2425,-1215.8506
-1214.1697,-2.2383,-1222.8368,48.8963,-1262.7301,54.9762,-1313.6001,78.7764,-1332.2919,16.0112,-1373.6625,-72.6046,-1268.4761,12.1209,-1311.8557,-2.2788,-1272.5730,-0.0070,-1208.6035
-1211.5045,14.0774,-1194.3918,74.9652,-1223.7710,71.1089,-1331.7878,32.8726,-1315.5211,-23.5153,-1311.6241,-52.7441,-1226.9614,34.4754,-1216.8843,-1.7673,-1190.5576,-25.5997,-1189.8267
-1178.4240,22.0549,-1157.8824,64.0179,-1196.3961,35.4422,-1340.5780,-44.2917,-1288.7499,-75.1015,-1247.5724,16.6047,-1206.1547,40.2987,-1230.7194,-9.0360,-1109.1581,-79.7147,-1182.1068
-1118.7490,11.6582,-1129.0111,24.0422,-1186.1742,-17.5104,-1347.2529,-105.1308,-1293.3107,-117.5496,-1245.3308,107.1237,-1193.6158,51.0331,-1321.2947,-37.3759,-1069.5713,-93.6081,-1175.1042
-1102.1123,-1.3613,-1113.3152,-14.5014,-1187.7963,-46.2977,-1340.4368,-134.3530,-1308.4498,-151.2999,-1271.6935,130.7788,-1183.2812,62.5654,-1336.1848,-73.9823,-1075.0834,-60.6920,-1172.1716
-1133.1770,-25.2319,-1108.7743,-40.4992,-1184.9951,-52.7465,-1300.3602,-144.5536,-1306.5052,-143.9506,-1278.3486,45.9229,-1191.3336,18.1306,-1284.0320,-108.0929,-1093.1915,-39.6794,-1176.7404
-1165.2310,-75.1839,-1108.7396,-46.4482,-1180.5524,-39.1404,-1249.4875,-149.3728,-1286.0258,-150.1701,-1268.9294,-66.3435,-1196.1770,-57.6397,-1269.1346,-143.1762,-1088.3557,-49.4792,-1157.4308
-1173.7501,-109.7862,-1096.1769,-32.4860,-1158.3136,-5.2305,-1197.1138,-152.9136,-1214.7803,-206.9928,-1231.4326,-111.5064,-1166.7814,-80.8493,-1232.6566,-164.8214,-1048.6176,-41.1567,-1093.1053
-1155.0991,-89.0521,-1064.6853,-16.3746,-1087.4282,23.6342,-1105.5693,-141.6782,-1086.8947,-205.3776,-1164.6667,-95.4217,-1115.1448,-52.3280,-1088.5927,-139.0309,-989.4512,-9.0541,-1006.4877
-1108.7174,-50.5403,-1033.7078,-8.2292,-1008.1139,23.7271,-997.9126,-103.1018,-991.5101,-101.5032,-1114.6710,-67.1310,-1053.3156,-22.6011,-946.2585,-76.5316,-938.0488,-5.9439,-917.8705
-1035.4745,-46.7879,-1003.6625,-12.4566,-964.5490,-6.7980,-948.0262,-60.2240,-982.4448,-15.2800,-1066.5404,-41.9352,-976.7073,2.6701,-905.1393,-36.2452,-908.6746,-31.8650,-833.9261
-936.5219,-83.2237,-940.7241,-44.3065,-907.9448,-56.1758,-936.0096,-57.5338,-989.2322,-15.5203,-956.7409,-24.5144,-901.6611,18.2130,-873.5181,-30.5097,-887.0623,-50.2269,-781.2749
-840.7451,-141.4912,-846.1941,-96.1244,-829.4164,-93.4111,-894.8129,-101.9046,-933.9771,-62.3039,-823.9557,-25.1004,-842.8949,2.0700,-788.1554,-21.1880,-853.1930,-75.0093,-768.1907
-811.8906,-189.6466,-769.1263,-131.5921,-808.0638,-102.6219,-835.9594,-150.2141,-799.3393,-119.5460,-752.8741,-38.5256,-795.7244,-23.1990,-717.4832,-23.9735,-817.0247,-118.3708,-745.6942
-849.9327,-202.4041,-730.6644,-147.5745,-823.8248,-122.0729,-775.7756,-176.0568,-599.5753,-156.4141,-725.0692,-54.4610,-766.1083,-29.2308,-663.6809,-86.2125,-791.4316,-147.2132,-683.3783
-835.2041,-201.6014,-710.7126,-173.4003,-782.7770,-175.5395,-685.3988,-204.0465,-402.9962,-145.9025,-680.5036,-69.8094,-743.3110,-44.3233,-560.3060,-168.1854,-744.4250,-162.1080,-617.0129
-693.0576,-214.0595,-691.6999,-205.7473,-707.5727,-219.5886,-591.1688,-242.0768,-289.4098,-97.6018,-609.6446,-83.1003,-685.7552,-92.9600,-439.0207,-188.7940,-640.9428,-200.0420,-558.5042
-528.9294,-226.8717,-653.1722,-222.7817,-649.0505,-230.7060,-541.4045,-250.0405,-244.5439,-26.3993,-517.5298,-107.7664,-596.6777,-153.6872,-357.8511,-162.4795,-509.6517,-256.1843,-467.9084
-455.0992,-233.9551,-569.8002,-231.6441,-565.2036,-246.8533,-498.3997,-223.3100,-219.5961,33.8819,-419.6309,-158.5440,-514.8716,-206.7180,-288.0815,-164.7079,-401.9129,-300.6859,-359.4299
-415.6512,-240.5183,-457.6961,-236.5751,-449.9230,-276.4203,-418.0410,-213.8916,-217.5910,18.2225,-345.2361,-208.5817,-426.4199,-237.3888,-217.0306,-204.5928,-314.9955,-323.2103,-291.0186
-328.1156,-230.4011,-362.6053,-225.1323,-355.8596,-280.6407,-330.5003,-236.1579,-213.8523,-65.7615,-274.7858,-229.0151,-314.0097,-230.7231,-173.2823,-237.0024,-219.1598,-319.5898,-244.6853
-225.5484,-215.4128,-289.8696,-214.5604,-273.8103,-256.4841,-255.6190,-256.5753,-150.1594,-138.1458,-170.1883,-252.7187,-221.6324,-223.0766,-109.9678,-257.2285,-121.7233,-297.9066,-170.7753
-147.3924,-232.7956,-212.2751,-224.2271,-182.8298,-237.1904,-161.5907,-267.5667,-42.9490,-173.7862,-58.3571,-308.9570,-155.5412,-262.8464,28.9738,-286.6487,-48.9885,-278.0447,-88.3549
-78.8825,-259.1167,-126.4375,-226.6919,-101.0532,-232.1663,-29.7314,-272.8820,56.5603,-184.5286,26.3893,-347.8939,-58.3344,-306.1603,174.1902,-296.0586,1.1529,-253.5757,-10.4060
-26.7721,-250.5769,-38.3761,-205.9954,-1.8115,-227.6716,108.9556,-255.0071,134.6384,-164.3681,106.9942,-318.2132,62.5484,-282.8228,242.2570,-250.0151,57.5158,-210.3631,96.3635
12.4671,-221.3935,64.5551,-184.0801,142.3436,-211.1255,196.9042,-220.7632,171.4292,-146.4751,188.2027,-255.2417,149.0771,-229.9069,274.1921,-201.3617,141.9289,-160.9484,202.0902
84.4830,-188.1126,173.6591,-154.5869,273.7209,-178.0955,228.2447,-194.6236,182.1785,-164.5149,225.9564,-229.4414,210.2551,-219.5040,332.4668,-211.3519,239.8672,-113.2175,253.4952
180.1951,-155.2632,243.5956,-108.1745,350.3527,-143.2271,283.1590,-166.0961,247.5469,-180.8106,220.0107,-255.3035,275.4274,-226.5959,389.4357,-223.7851,316.3564,-66.9603,306.3194
253.9828,-157.5566,268.4449,-88.4147,404.0953,-126.1569,391.3316,-135.0928,344.0274,-186.2741,239.0839,-279.5528,327.7696,-199.7438,405.0358,-178.3125,369.9185,-42.7273,408.4370
327.4807,-184.0625,309.5000,-110.7821,455.2739,-124.0837,462.0555,-140.3894,355.9717,-227.6074,331.5457,-251.2334,380.2279,-171.1938,412.0553,-143.9540,424.4769,-49.1457,481.6222
414.8715,-176.8842,394.2545,-134.3945,509.8784,-134.2941,474.9034,-168.0959,334.7773,-273.6440,468.6791,-196.4359,482.5453,-183.8019,470.4839,-161.9311,466.2981,-67.8724,501.5277
463.9940,-164.0341,472.8855,-159.0203,588.5640,-167.9614,541.6395,-153.0069,416.0151,-253.7317,585.4180,-174.8785,622.4052,-200.1234,581.0223,-141.1581,478.2359,-91.5441,564.2520
488.9934,-187.6031,524.7769,-189.9866,683.0264,-199.6001,677.2688,-111.1258,540.8564,-204.8971,653.4174,-170.2753,741.8777,-174.1121,681.2950,-72.5665,511.4066,-108.5660,663.6628
566.2514,-181.4691,594.4070,-173.3840,768.5768,-179.6956,764.5864,-123.0966,608.4512,-201.0974,698.3976,-128.7609,821.3499,-130.6253,742.6445,-76.9594,596.4383,-98.0869,684.3093
664.6974,-135.7312,681.8663,-124.0021,837.5026,-133.0206,776.7989,-176.5301,685.4468,-205.2239,752.2294,-77.7409,872.8676,-107.6795,812.9594,-133.8961,660.0110,-84.6616,640.6258
701.6277,-152.0182,736.0616,-135.2334,878.9097,-133.2578,791.2520,-176.4433,794.6476,-129.0364,811.6468,-75.8772,910.5326,-98.6510,898.2802,-100.1726,663.8357,-95.0676,655.9194
710.6731,-213.6026,767.1758,-180.7907,903.8618,-166.6895,830.1434,-112.2495,822.8622,-13.5605,847.0591,-105.9894,941.4940,-95.0797,907.3019,-19.2621,681.5561,-85.2444,747.9411
753.9301,-224.8195,812.2656,-170.6532,939.8976,-162.3966,866.2332,-73.9091,770.7923,-16.8954,848.0316,-131.2802,949.6120,-106.4979,822.1163,-47.2152,730.5690,-34.5509,832.6666
783.1220,-234.4011,835.0296,-157.8233,950.4972,-141.8552,895.5898,-92.9322,761.3594,-136.5723,846.9711,-161.7496,929.1923,-119.9739,775.7933,-137.6924,730.0425,-17.8563,863.0812
751.7977,-296.4021,808.2280,-211.6541,899.0590,-175.8196,921.9152,-100.6337,825.2410,-145.1632,863.1139,-190.4181,914.9797,-114.2864,839.8007,-143.5253,681.4152,-81.5550,864.2831
727.1707,-319.8588,783.9097,-255.4560,850.5750,-234.7486,951.1370,-71.4020,926.5236,9.4309,860.2275,-174.8145,915.0998,-99.1572,916.9506,-93.7875,670.2178,-166.0066,886.4037
746.6921,-274.6703,780.9774,-234.0877,848.7491,-242.1582,986.9612,-70.0100,1056.2825,76.2304,825.9695,-114.0074,895.9617,-88.1135,937.4625,-93.9082,704.6371,-196.7436,929.6796
728.0088,-243.1134,765.7039,-201.9914,844.9207,-210.1895,993.4692,-118.5733,1168.5946,-28.4239,814.3058,-55.8364,872.3817,-82.8573,943.8278,-125.5604,741.5359,-169.7601,925.7587
671.4702,-224.3609,759.5682,-180.6929,833.4005,-193.5773,935.4338,-159.4884,1177.9963,-102.6784,835.6148,-33.6286,880.5624,-100.5948,931.3079,-129.0169,779.0670,-151.7973,841.2251
713.5557,-182.2707,779.8159,-161.9371,827.1699,-194.2519,843.8342,-172.0328,1051.8579,-94.6771,824.4833,-38.3076,878.9836,-139.8508,842.4326,-113.1700,802.7046,-199.1933,730.7041
816.8068,-164.6422,752.5779,-173.0945,759.0063,-193.4132,772.5025,-187.6919,852.4284,-115.0501,763.5583,-30.6947,824.3377,-147.3586,727.3079,-97.2175,778.0182,-262.9970,648.2101
770.2228,-184.2212,658.1125,-195.4179,635.8770,-193.1607,738.7004,-210.6225,706.5739,-142.0129,706.1781,17.9939,765.8240,-100.3922,677.5850,-79.5193,731.5530,-261.6224,606.0634
626.5785,-182.1397,604.8683,-177.5459,594.7696,-191.7171,737.2367,-229.1001,667.1369,-160.9986,684.0977,87.6881,753.0493,-53.6166,653.2639,-72.1751,714.4138,-217.1127,610.9188
627.4887,-150.2746,645.7984,-139.8054,665.8601,-179.4077,758.4036,-237.4431,636.6819,-242.1285,693.4943,132.6100,777.3678,-44.2027,595.4852,-78.9477,725.8272,-183.7706,643.1096
701.2691,-121.0270,711.2360,-119.2396,739.1303,-161.9828,788.3134,-209.0279,572.0529,-283.5193,710.9240,132.8841,833.8092,-44.6096,587.0244,-74.8420,742.4683,-153.4349,657.4520
660.8224,-111.9705,741.1234,-117.3903,764.9694,-160.4706,812.4478,-146.4354,582.2149,-176.8509,693.5524,121.1016,897.7340,-42.8598,679.1887,-41.8522,748.8409,-141.6139,650.7307
638.0530,-131.7513,720.8674,-147.7561,753.2089,-184.8419,808.2407,-106.1774,656.4225,-92.6982,632.9489,171.5679,896.7045,-76.3266,736.3741,18.6094,728.1823,-176.7333,642.2218
702.0715,-141.8313,657.6467,-186.2184,689.3266,-202.0057,756.2028,-88.2184,625.9406,-127.0504,557.2249,306.9892,820.6212,-154.8691,662.3107,96.8894,677.7316,-186.2466,616.8914
619.3760,-106.3174,601.8475,-168.0379,593.0543,-166.1901,673.5615,-41.0692,497.7418,-103.2892,463.8738,427.6902,745.6608,-208.1156,571.2621,173.7966,605.0194,-113.8598,571.0826
418.0703,-96.5923,579.5701,-128.9952,516.0687,-102.8619,608.2405,-2.5356,430.9750,-13.4441,356.9476,465.3379,708.3810,-160.1790,564.2945,240.4968,522.4641,-45.7993,537.4175
368.7035,-153.2727,541.9506,-146.8305,472.6532,-77.1962,605.7665,-37.4196,428.3553,-46.4686,281.4487,531.9526,694.5516,-40.5003,569.0838,305.2670,474.3466,-39.8126,526.4822
370.1871,-175.2720,483.0300,-176.1694,460.8756,-77.8105,673.3389,-92.2013,402.0294,-153.5995,226.8026,720.9434,707.9753,60.1518,513.5101,355.0406,476.8232,-33.4898,516.0457
260.9358,-139.4665,455.7510,-168.8176,458.8994,-59.9649,740.7073,-108.0313,355.8636,-168.5769,146.4933,922.7338,733.0453,120.1615,427.2052,369.5772,448.7072,-11.3503,477.1620
278.0475,-158.2905,427.7201,-184.5471,410.0321,-54.9034,723.0389,-139.5220,299.7076,-144.3878,76.4168,1046.3077,729.0961,142.4456,337.3099,370.6937,336.2878,-22.7632,388.2736
438.1055,-230.8829,336.7374,-234.5593,316.0286,-94.3708,650.5872,-220.8746,225.4948,-184.3150,42.7593,1170.1821,702.9664,64.0811,251.8356,367.4953,215.8970,-53.0645,280.9086
372.4646,-280.7787,231.8695,-275.6314,239.5096,-133.6197,607.4458,-302.5634,162.0103,-280.7064,-15.9376,1317.4167,674.3022,-107.9732,192.3759,304.3037,153.5659,-74.0829,223.3314
178.5907,-362.7155,160.7600,-352.4575,183.6381,-160.9505,571.0446,-381.1915,77.0354,-440.3780,-73.4265,1405.5594,630.6828,-231.8380,134.2291,161.3320,117.0798,-117.0603,208.3631
264.6345,-506.0151,90.5593,-477.5293,132.4055,-225.9006,494.3148,-506.6731,-73.2658,-644.8568,-11.3452,1475.9148,603.1618,-263.8895,39.3897,8.9734,93.5693,-182.9666,176.4440
453.0050,-574.7885,55.4390,-530.3315,139.7962,-303.3225,443.7744,-666.7151,-179.2948,-779.8942,140.5877,1619.8303,639.9002,-307.6576,-44.2268,-104.9330,122.5180,-217.4234,148.3507
393.9200,-510.4270,126.5223,-472.9921,215.9629,-309.5387,455.1032,-796.5336,-163.8426,-801.5517,241.7287,1740.6975,676.6057,-356.1749,-74.3138,-191.2290,201.1637,-211.2278,164.0850
293.5103,-427.7417,232.2390,-421.9512,263.6517,-255.2990,425.0208,-869.5580,-157.5790,-799.2739,261.8654,1716.5587,620.1647,-300.4408,-110.7057,-244.2780,281.6794,-216.9564,160.8900
360.4464,-387.2588,273.0066,-428.5348,235.4247,-224.2044,317.1154,-917.0837,-224.9624,-850.1799,240.6358,1629.2476,516.4879,-163.2321,-183.3484,-272.0940,327.7391,-264.5484,86.8120
385.9783,-341.7689,292.0040,-429.9835,193.7858,-232.5085,241.9620,-967.5374,-247.9728,-930.0461,184.5319,1580.4194,453.6296,-41.7063,-229.2773,-328.2122,329.5249,-321.2161,9.3151
290.5760,-285.0527,319.3012,-397.1699,168.6059,-227.9356,224.2118,-982.8052,-209.5725,-937.3097,118.6966,1524.6077,401.4561,39.4240,-230.8653,-404.8634,299.0168,-353.0986,-24.5125
211.9425,-264.0346,273.3872,-368.2241,91.1662,-196.4712,150.4847,-917.7369,-215.6455,-830.2806,62.9180,1441.8154,286.2536,53.7018,-238.8717,-425.9308,228.1899,-392.1864,-84.8296
102.3189,-290.5931,141.5056,-382.7812,-92.2745,-186.2685,-12.5714,-828.0253,-278.0260,-728.9732,-25.7080,1403.0330,103.5176,-27.8265,-279.1013,-384.2867,76.4767,-469.9139,-225.0993
-107.1173,-317.2190,-2.9158,-426.6175,-315.4376,-216.9552,-194.2614,-774.9562,-368.6782,-704.6036,-168.5335,1382.4823,-117.5636,-143.7303,-364.0376,-327.0030,-144.8813,-527.6491,-390.7334
-317.8370,-286.2024,-162.4900,-429.8510,-474.0130,-232.5461,-385.1544,-693.0803,-512.1679,-620.0849,-338.0595,1255.1783,-352.7179,-232.3224,-504.1594,-251.7268,-364.4464,-509.0880,-523.1932
-514.7038,-196.6849,-358.7903,-354.6826,-581.0723,-187.5174,-615.0371,-539.3741,-683.2484,-423.6138,-524.9017,998.1782,-562.2745,-281.7480,-664.0271,-157.0089,-546.9465,-449.4839,-647.3511
-724.7126,-88.0293,-520.8377,-237.0542,-708.1293,-105.4093,-831.5024,-416.4541,-819.8994,-289.6900,-703.9445,703.2172,-705.0931,-236.2833,-804.1852,-83.8272,-681.7856,-371.9883,-795.6285
-828.5455,23.5649,-605.3923,-114.3664,-815.9131,-10.0622,-956.4064,-369.0809,-910.1490,-268.9220,-819.1847,424.7569,-777.9862,-91.9935,-906.4367,-35.9081,-742.3308,-256.2350,-914.0661
-790.8566,114.2975,-665.9300,-13.7458,-833.7089,95.3170,-988.5928,-289.0577,-934.6276,-199.2037,-865.4417,144.2858,-817.6275,6.4662,-920.4557,10.9796,-758.0831,-145.4575,-925.3498
-755.1516,133.2893,-718.2120,20.3514,-818.5704,165.0280,-971.9412,-146.9866,-879.9517,-44.0525,-872.8888,-148.5575,-857.2934,-16.9470,-833.6836,38.6431,-786.6602,-97.3941,-851.4291
-775.6403,103.5786,-724.8330,3.8353,-840.0523,161.3573,-942.9256,-45.6664,-814.3041,77.0749,-849.6916,-421.8209,-889.4911,-70.6286,-742.4785,32.9430,-798.9765,-75.5338,-782.8135
-808.6411,118.6784,-714.5201,20.4676,-855.1857,137.6273,-928.9675,-4.5209,-778.4810,139.4628,-815.9877,-641.9631,-899.1217,-104.5146,-703.3669,18.8633,-769.2599,-30.8414,-766.7978
-850.5688,195.5996,-741.3471,90.8252,-838.3616,150.5193,-941.6229,47.7562,-736.5790,197.9438,-789.4203,-808.8277,-910.4189,-140.3319,-675.6736,9.3501,-765.3164,27.4384,-804.9610
-858.9354,274.4899,-780.5208,168.9202,-839.2392,175.8203,-990.5905,113.4694,-727.9579,261.1951,-750.5507,-944.0158,-947.2302,-149.4857,-685.0628,13.2975,-796.6773,88.9866,-884.5114
-802.6564,326.7716,-792.9695,234.3580,-861.4432,179.4791,-1092.6244,155.8161,-825.2386,321.5226,-717.2225,-1063.7139,-991.2017,-126.6588,-787.7031,41.6789,-792.2269,133.0299,-955.8699
-786.5424,338.9225,-807.0928,264.6934,-876.3011,157.4052,-1198.4102,180.8821,-937.2191,359.1721,-733.0934,-1157.9176,-1021.5211,-115.9479,-897.3859,47.8630,-784.3024,117.7447,-970.1750
-856.2946,295.1571,-852.3502,232.3305,-909.8102,110.0949,-1201.3079,193.3497,-920.0682,327.1278,-759.9687,-1188.7004,-1035.4344,-91.7740,-914.1047,-11.6714,-847.8727,65.3014,-950.9880
-903.4431,242.3931,-896.5707,182.1085,-973.1383,67.3138,-1120.5844,187.7016,-823.0875,233.3557,-755.0344,-1133.6735,-1033.4117,-32.3119,-903.0096,-76.0017,-917.8686,31.3162,-948.7149
-908.9608,231.3767,-902.0433,160.5724,-1015.7667,55.5310,-1105.8989,167.8288,-800.7333,138.2841,-769.0935,-1021.8798,-1035.8112,-9.9036,-947.0549,-90.4523,-905.3829,-4.6023,-962.8179
-939.3912,211.4457,-881.1574,119.0753,-1016.0084,24.8705,-1166.7031,104.3352,-862.4697,55.0941,-818.8477,-893.3305,-1056.4464,-23.7086,-997.8889,-107.2243,-850.5620,-78.1143,-963.2001
-936.1628,131.8939,-866.1486,29.1449,-996.5010,-59.0556,-1143.6903,-14.0112,-881.3721,-25.5879,-834.6512,-752.7562,-1050.2021,33.8854,-976.7357,-149.1155,-811.4361,-155.1570,-927.0498
-841.7092,57.7583,-855.9567,-38.4212,-953.7627,-122.7459,-1005.4354,-95.7289,-813.3226,-75.0337,-799.8735,-589.7844,-981.2123,152.4763,-882.5895,-150.2672,-778.2216,-195.2733,-849.9272
-752.3477,55.7432,-814.9186,-40.7033,-877.0604,-108.8880,-889.0522,-72.0760,-758.3519,-82.7463,-751.6588,-419.7498,-894.6878,206.0683,-784.4451,-99.4892,-744.5585,-183.1418,-764.5164
-725.5586,86.0368,-727.7709,-16.6148,-791.7923,-58.4561,-832.8799,-14.2745,-756.6764,-79.1462,-687.3535,-294.2796,-827.4999,170.4890,-734.7898,-60.0068,-714.6068,-107.3270,-698.8075
-685.2226,89.2543,-629.3427,-2.1305,-716.9095,-16.6961,-736.9772,1.5488,-689.8162,-79.1229,-605.9578,-243.0779,-747.2610,120.3770,-670.9728,-58.4474,-663.3517,-16.2141,-620.6084
-581.3235,64.2854,-548.8888,-6.4197,-633.6359,-1.6216,-572.8699,-4.3816,-500.7349,-81.3229,-517.3743,-208.3487,-637.7753,85.6195,-514.3452,-81.7285,-568.9671,3.9362,-501.2589
-426.5263,29.1812,-461.1833,-26.1176,-524.6005,-24.4041,-426.8195,0.9178,-313.0394,-77.1331,-388.3806,-138.9175,-526.2219,48.1377,-349.9940,-106.5980,-446.6683,-31.6040,-376.2535
-254.8192,-6.8160,-335.7258,-42.6623,-397.8738,-52.0722,-350.0157,23.7557,-214.0347,-30.9758,-233.6174,-93.6764,-420.1178,1.9368,-288.1496,-94.1993,-336.0005,-39.5325,-275.4827
-144.8597,-29.6143,-198.5172,-52.0017,-266.2216,-52.2538,-286.9143,61.6092,-142.4057,69.6828,-148.4129,-93.1896,-312.7575,-38.2819,-251.6496,-46.4181,-259.6700,-26.4182,-183.5350
-118.1919,-25.7106,-97.7937,-57.1070,-137.9101,-55.6923,-173.7628,91.5678,-53.9763,169.6968,-121.1862,-36.4002,-211.6917,-51.2194,-146.5930,-11.2571,-190.7433,-39.7717,-95.6176
-62.6089,1.9735,-30.9925,-33.5455,-21.9789,-67.5984,-49.0374,107.7115,15.3625,211.1181,-21.7495,82.8984,-110.9475,-30.8480,-40.7719,13.0962,-101.0966,-39.0167,-17.1099
63.2545,34.6155,48.6099,16.4914,88.1289,-39.0010,21.5536,136.6415,52.9245,190.1787,157.8329,147.3244,7.3718,10.7149,16.0668,57.0672,-20.1944,25.0926,71.3627
133.8971,52.8512,154.0240,47.1607,207.0985,22.9494,80.9366,171.4086,89.1111,146.1093,289.9494,146.1685,131.7473,61.0791,88.4492,95.2959,23.9856,109.8289,175.2799
118.1458,52.9482,236.4838,61.0801,306.4796,75.3998,193.3898,194.2855,154.0816,134.5397,329.7151,135.9268,228.8470,99.6233,197.5305,114.7597,61.7329,169.8602,264.4703
162.0011,50.0578,265.3149,95.4619,340.6617,124.4789,305.4764,234.0776,252.4278,171.9194,342.2237,107.3214,284.5223,107.3531,307.3174,158.2460,120.0102,227.6941,320.7847
302.4000,75.1066,289.1972,140.6227,346.9766,174.3398,360.8878,292.9931,341.0023,217.9716,378.1489,105.9056,315.7617,109.2221,409.5968,214.8692,192.8063,296.5036,360.7307
405.5591,146.8666,356.4087,191.1719,409.6874,211.8209,415.5255,327.3559,381.8251,256.1145,448.3750,190.5814,352.4864,134.8408,472.4882,220.7099,283.6672,343.8346,412.8787
439.3416,221.5165,437.9291,261.4698,519.6628,251.5486,501.9294,338.8938,406.7012,306.6331,535.0729,251.3115,408.6606,147.7875,466.0621,185.0509,387.1052,352.8706,483.3481
503.5066,234.5383,501.8314,303.9991,604.7354,281.9361,559.9781,349.0779,454.7049,351.9174,602.0255,207.0407,471.8148,114.8774,474.0722,173.9644,470.2857,345.6711,542.8035
596.9418,207.1846,575.8845,279.2491,666.5698,271.7744,582.2278,338.7721,524.0244,353.1636,658.4452,181.3247,531.7075,88.6404,580.9336,201.6592,532.6672,345.5641,579.0688
635.1569,200.6113,670.7131,248.6372,745.3612,260.5156,640.1629,311.7208,625.9200,302.8160,748.0049,225.9507,599.0651,115.6088,723.3875,226.0125,611.7480,349.0063,632.6021
654.2605,193.1163,744.2572,250.5951,820.9321,272.0154,748.9080,294.1819,764.0209,214.4321,855.8803,233.6956,683.7281,150.9041,829.1879,212.4822,713.6951,331.7910,723.8753
750.9960,144.3794,790.0330,234.7837,869.9078,241.1024,855.2209,266.0521,879.0933,138.0989,939.3592,204.2463,780.6105,146.9688,936.0791,177.8328,805.0804,286.0832,813.1521
892.5749,103.3278,852.7188,198.0646,926.8860,179.4435,928.5593,229.3837,928.5991,142.2206,1016.6301,206.9492,875.4067,131.3399,1046.1241,170.9360,867.6517,243.5484,878.1237
986.1473,115.9569,933.1826,194.5299,1008.2726,185.7548,975.8128,239.0195,951.0629,212.7691,1106.5812,201.0736,945.8301,139.8046,1076.8345,194.5180,922.8919,227.0920,932.2999
1030.0688,143.0534,978.6021,215.8002,1066.8195,230.3164,1011.5358,277.7406,991.2723,280.7491,1161.3229,171.3793,979.4186,155.5617,1037.1145,204.4872,997.3622,206.1440,968.4374
1056.2908,158.3907,973.8596,224.7531,1075.0034,218.7367,1052.5458,279.3147,1050.8395,325.0591,1158.9680,185.6635,998.6656,154.2061,1039.7776,197.2698,1077.4218,161.1936,992.0892
1066.1038,185.1077,970.5795,230.9239,1083.7991,193.7902,1107.6864,260.5727,1112.7861,316.8217,1155.6549,227.1453,1033.5579,146.9653,1111.1172,194.0050,1134.9650,138.7983,1045.0436
1094.0541,205.7463,1014.1484,236.8969,1139.1248,211.6896,1159.3940,250.3151,1156.7887,217.8162,1181.0177,234.7807,1073.2893,147.8019,1180.0386,177.8774,1181.9934,163.1853,1117.3711
1167.3934,181.9587,1076.3215,218.2572,1186.8514,213.7062,1181.7560,216.1892,1179.5125,120.1036,1194.7693,222.3591,1086.4099,143.7760,1228.1245,153.7539,1227.2560,178.8971,1151.7494
1210.3389,145.5087,1096.6086,186.7446,1159.0844,181.3055,1187.0283,179.6887,1197.4535,136.8641,1173.5161,203.2805,1076.6538,127.3982,1267.9498,162.4807,1232.0931,157.8354,1152.9501
1170.6509,146.5925,1078.8789,178.8466,1116.9315,171.3597,1216.2572,203.5005,1215.5056,199.4854,1145.6832,175.8987,1078.8987,119.3420,1252.7670,182.8133,1195.8929,146.3578,1166.5083
1144.2279,158.3353,1079.2827,189.6523,1159.7023,174.4488,1266.3807,250.2002,1233.6412,225.8875,1138.6866,172.8596,1110.0458,131.4724,1178.8741,174.0730,1184.3263,158.1871,1191.1401
1194.5264,135.1328,1109.8691,184.7696,1249.5438,159.1956,1292.8324,253.1203,1256.1429,263.6178,1149.2399,180.0887,1153.9033,142.1552,1149.8943,169.9578,1220.1182,162.4704,1212.4943
1227.1761,109.4638,1143.9529,166.5772,1300.4889,159.5985,1295.8774,235.2718,1268.5671,282.4907,1153.9462,159.3635,1188.6632,129.0857,1206.4658,175.9174,1267.6013,177.1714,1243.1465
1193.5474,129.8753,1185.2913,172.0804,1330.7417,181.1889,1305.7859,223.0442,1263.1943,202.4394,1133.0699,164.9430,1207.7808,103.0225,1257.2878,128.5928,1303.9612,226.7445,1278.4771
1185.5640,157.8379,1233.5985,198.1137,1367.4332,181.1309,1305.3496,203.1766,1254.9343,145.7386,1098.5153,218.8400,1215.6479,96.2110,1243.5565,59.0262,1308.7578,266.4718,1293.7339
1226.4855,131.9330,1243.1143,194.9115,1367.0562,167.9631,1279.9718,197.2806,1244.0641,220.4035,1073.0724,211.8653,1217.3940,116.2049,1199.3031,65.7831,1266.4329,269.5167,1278.8999
1216.3473,76.0741,1198.2661,153.1360,1327.8497,164.3717,1272.1420,216.5443,1263.9406,249.0638,1038.3712,121.5849,1216.1842,128.7527,1166.7323,116.4368,1208.2301,277.6570,1235.0818
1136.3485,46.8462,1147.8529,119.3490,1300.0525,146.5452,1296.5129,222.0214,1374.9628,130.9656,971.0155,78.2388,1215.3594,119.4751,1171.3270,124.8780,1161.7170,302.9055,1181.2133
1082.8788,53.0033,1127.6163,122.9343,1285.3497,127.3326,1300.3837,228.9149,1460.3961,88.8110,917.1274,120.5391,1214.2212,129.3673,1183.7296,131.5677,1123.3871,314.4861,1149.2104
1096.7484,93.7305,1129.0454,160.5906,1272.7390,160.6507,1242.2777,279.2406,1295.5681,225.1890,927.6252,169.3283,1201.8975,180.1444,1106.3246,187.8068,1120.6400,313.3549,1128.8760
1126.4078,165.2839,1129.1038,213.6038,1276.7961,220.3846,1134.9094,304.9307,967.2102,310.7613,946.1556,218.2159,1172.2460,245.7456,948.7369,225.4716,1160.3337,304.1211,1076.2922
1119.6290,211.9428,1097.6742,242.1861,1259.7317,228.9523,1032.2617,234.0953,803.6866,221.4744,887.9156,297.7096,1135.5646,316.8202,868.7925,197.4408,1160.5458,270.5728,985.5522
1057.7655,198.4938,1019.0286,235.1721,1160.8204,193.7915,974.7175,154.5347,833.0423,126.8193,792.7812,351.2561,1084.0828,365.1061,895.5215,168.8994,1077.9194,239.0136,878.2305
961.1227,190.7601,916.0164,239.9400,999.6770,183.1767,909.3260,171.0467,806.1931,147.0542,758.9521,326.5446,976.2730,302.4261,878.8749,183.7334,976.2346,250.7280,756.4253
888.1023,252.3495,812.6354,279.1400,829.3729,215.6576,768.8386,233.8502,666.7269,186.3066,774.0826,274.4418,810.9668,145.6476,773.9001,186.0938,903.8691,282.7483,630.2184
871.7883,345.4705,713.0839,325.6909,675.3079,262.8839,624.3813,243.4996,525.0960,138.3566,756.5546,262.3287,666.1678,72.4125,654.6827,116.4562,862.3962,298.6821,528.6049
871.4572,400.8360,632.9698,364.9893,568.6702,296.5251,561.9214,184.6464,382.0763,27.3524,697.9087,284.1479,590.3012,150.7895,516.2855,5.4905,842.7342,298.9210,447.7284
821.9816,393.1027,570.3151,369.1921,506.5427,290.3600,505.6660,103.7005,219.7575,-69.6423,632.6537,298.8858,527.6004,241.5383,350.0452,-58.1366,777.4698,267.1730,349.0449
697.3460,334.0825,470.0232,296.8828,412.1095,237.8794,381.9951,48.8423,90.6478,-119.5898,549.9512,291.7399,423.5866,256.7626,229.0080,-44.0117,605.6735,186.8107,209.9102
519.0295,258.1326,308.0995,199.3037,255.0431,169.6449,253.2608,18.9328,-21.0555,-128.2597,435.7149,268.9060,307.0896,243.3814,150.4853,-22.1355,393.3880,105.9152,52.3369
334.5237,192.6935,146.3892,159.2965,110.0776,114.0208,150.7430,-30.2754,-157.0226,-107.4397,306.2784,240.0863,207.4046,219.1425,39.1820,-50.6344,217.5295,75.2847,-64.3210
171.8689,134.0252,32.9841,138.4753,19.0760,77.3021,40.7371,-79.7404,-258.2581,-93.9392,159.1725,215.0034,93.6183,173.0454,-89.0704,-92.4835,52.9620,78.6050,-108.2755
17.1556,74.0976,-60.6568,77.4820,-69.7835,63.3027,-52.6041,-67.2132,-287.6547,-143.6755,-5.3159,181.0867,-52.2611,129.7284,-195.8852,-109.9224,-103.0268,83.6858,-132.3340
-132.8901,12.4796,-161.1647,19.0608,-187.7083,52.4171,-128.4709,-45.8385,-320.0432,-237.7509,-145.7475,106.8056,-188.2866,73.0424,-316.6007,-137.6794,-212.6589,79.2636,-198.3272
-245.4828,-53.5234,-249.1712,-17.2745,-293.3198,4.6576,-244.6236,-100.3343,-400.3553,-262.6378,-256.2579,1.7611,-278.4374,-29.1517,-450.8079,-187.8112,-319.1657,55.1184,-282.9388
-316.3402,-109.1542,-318.6178,-74.9506,-353.6624,-62.4459,-354.8110,-152.3118,-479.5478,-165.5887,-380.7185,-84.5570,-346.0998,-122.2054,-554.5162,-211.6594,-460.4753,16.2050,-341.4435
-390.3971,-136.7541,-397.1919,-126.8538,-400.6350,-86.6206,-390.9968,-117.8700,-514.7442,-43.8358,-503.1850,-142.0298,-433.1536,-162.6220,-643.7397,-218.1729,-572.8310,-10.2720,-390.7181
-493.0920,-147.0213,-495.2088,-116.8671,-481.3882,-65.4389,-452.2855,-88.9389,-516.3787,8.9666,-576.4359,-197.0194,-540.2977,-201.7709,-728.9067,-270.6537,-633.9679,-8.0636,-461.2267
-605.7365,-140.9851,-589.5509,-77.0095,-584.3288,-37.7040,-617.6959,-123.6551,-523.0310,26.1936,-641.9146,-252.2705,-632.2539,-256.4370,-767.9560,-333.9552,-707.9132,15.1138,-559.2560
-710.5356,-107.1556,-662.1107,-51.8822,-669.1124,-4.4648,-786.8703,-135.6393,-580.0697,38.2901,-752.1024,-310.3534,-692.1506,-283.4418,-782.0810,-317.2195,-802.2711,36.2054,-693.2581
-807.2567,-70.2682,-723.7863,-25.8759,-753.0409,33.3554,-903.9222,-108.3678,-704.9948,-15.8122,-855.8447,-383.8703,-750.0610,-299.4308,-835.2089,-255.5142,-879.0914,40.2841,-842.7994
-898.5681,-39.5831,-795.1319,12.3038,-872.6295,49.6277,-1027.2494,-99.1147,-867.3075,-130.2677,-906.2209,-429.6074,-846.1617,-329.6001,-913.8316,-233.1433,-952.8410,41.6660,-944.2299
-988.8131,18.5048,-879.9029,46.9103,-987.4293,51.3885,-1138.6862,-70.5415,-1020.0930,-178.1189,-950.1368,-396.1049,-975.4407,-313.6969,-996.1656,-201.8390,-1043.0251,43.6146,-978.8024
-1084.3228,71.7510,-965.4469,70.2323,-1044.1436,59.3517,-1193.4442,15.9393,-1141.1764,-112.9520,-1020.7971,-352.1974,-1092.8820,-226.3481,-1115.2556,-102.1631,-1138.3903,26.8709,-999.0407
-1183.2385,48.6456,-1036.8835,79.7209,-1083.9221,57.7938,-1249.1587,101.7482,-1240.8345,-30.2229,-1090.1278,-411.0663,-1169.1470,-166.6205,-1243.0985,-30.2094,-1239.2053,21.9286,-1039.9767
-1259.2661,-12.7048,-1090.7041,66.2021,-1160.2292,37.9174,-1330.8208,147.9660,-1326.8564,6.0382,-1144.8169,-545.3113,-1210.2592,-202.5947,-1295.1565,-68.6881,-1328.7754,61.3247,-1082.5862
-1277.2917,-39.5709,-1140.0199,17.3555,-1234.6991,6.9496,-1374.1571,157.9322,-1376.5638,23.2889,-1186.8444,-641.4839,-1237.5759,-237.5877,-1284.7637,-125.1632,-1365.6887,68.5360,-1100.6479
-1259.0437,-57.9248,-1194.8738,-54.2614,-1266.9651,-50.1885,-1380.9087,130.3523,-1377.4957,53.8027,-1208.3121,-682.5155,-1279.2074,-141.2844,-1297.3202,-108.3672,-1358.2712,-7.8009,-1096.0039
-1274.7054,-90.0469,-1243.4130,-89.5972,-1299.4468,-116.1787,-1408.9479,107.0774,-1366.9510,98.0472,-1228.1263,-723.0049,-1346.7568,43.3052,-1343.7129,-75.7192,-1348.1510,-59.7402,-1100.1387
-1324.2683,-88.4163,-1270.7230,-57.8849,-1362.9166,-123.7622,-1452.5272,120.4591,-1380.5396,129.5787,-1263.8939,-768.6871,-1408.9956,150.9417,-1371.0680,-89.3801,-1343.1094,-26.2418,-1131.8226
-1332.9719,-45.7974,-1277.8256,-13.9309,-1407.9918,-71.4695,-1484.4465,128.0778,-1394.4811,131.6791,-1277.2205,-800.6014,-1437.9645,135.3147,-1356.8794,-104.6728,-1342.2584,-9.1063,-1153.7242
-1292.7482,-2.8740,-1265.2817,3.0505,-1394.7623,-35.5725,-1501.6122,129.5121,-1364.2001,146.9415,-1242.1552,-815.4882,-1452.5950,89.4843,-1318.4692,-77.9653,-1346.8124,-45.0921,-1134.6666
-1259.2939,27.9288,-1232.6377,22.0683,-1353.9895,-42.3778,-1481.4833,162.5100,-1288.4510,198.9490,-1195.2041,-786.1690,-1463.0878,54.5321,-1275.7415,-44.5864,-1325.7477,-59.5120,-1111.8420
-1224.4883,47.0990,-1198.9912,41.6157,-1319.4985,-53.5901,-1409.2380,172.8157,-1198.3892,216.5401,-1154.1375,-704.6533,-1438.9038,17.0193,-1221.1843,-35.3542,-1265.3086,-61.9582,-1103.3906
-1160.1283,52.7077,-1175.3997,27.9069,-1285.1046,-54.8356,-1314.4763,132.3699,-1106.2295,170.5743,-1096.1682,-647.5316,-1369.2587,10.2250,-1120.2891,-15.0871,-1205.7034,-101.6433,-1060.4216
-1101.9530,45.8542,-1135.9578,-1.4499,-1242.5244,-64.5080,-1219.3193,130.4112,-1001.2914,149.2174,-1024.4711,-668.6366,-1274.6692,27.5859,-968.8547,42.9004,-1155.4357,-139.2366,-973.5172
-1046.8424,13.0515,-1062.4674,-18.5876,-1179.9176,-88.5948,-1111.4835,165.4869,-885.6971,183.0454,-953.4410,-699.6597,-1163.9412,4.3780,-820.6993,89.5275,-1069.1011,-151.4478,-882.5330
-939.9281,-27.5668,-972.7094,-28.2892,-1058.5555,-106.8265,-969.3002,140.8925,-765.6086,193.2397,-872.7364,-665.9331,-1044.9924,-22.5915,-713.1190,72.8431,-948.6516,-168.6513,-772.2139
-835.2995,-23.7145,-877.6071,-24.5274,-873.5837,-96.1568,-785.9350,102.3630,-624.5945,169.0391,-780.6335,-597.4883,-927.2947,17.7010,-616.8044,30.6450,-852.4648,-164.9652,-619.3968
-814.9653,-5.6919,-765.1775,-13.9051,-694.3165,-73.6947,-605.4158,150.5322,-473.8477,189.2032,-680.6766,-553.3745,-796.9852,53.5869,-504.7678,38.9747,-793.0429,-116.5246,-481.0465
-769.9487,-40.4904,-633.7230,-30.0678,-570.4571,-81.7979,-486.0433,227.4254,-369.6824,256.6022,-559.5564,-523.3232,-655.3707,21.6550,-398.6066,103.4231,-713.0965,-87.9462,-391.2328
-573.8367,-69.2737,-500.6538,-47.3976,-469.6951,-106.6486,-396.5400,248.8070,-296.5884,289.8373,-428.5540,-461.4592,-535.5429,12.6093,-297.7865,165.9492,-571.7260,-109.8673,-291.2496
-355.3339,-18.8964,-383.0959,-13.5446,-359.1942,-90.0629,-264.1322,246.7577,-160.7626,272.6879,-317.3741,-372.3350,-433.2425,70.9617,-159.4064,186.7108,-400.8151,-123.6447,-154.8797
-271.0896,33.7582,-283.1657,29.6035,-253.9851,-38.5168,-108.3529,253.9440,25.5049,272.1472,-212.9940,-304.5027,-317.6634,112.2667,-2.4281,172.2444,-250.6607,-110.4418,-33.2666
-222.6319,19.9435,-188.1225,19.7621,-168.5883,-17.0185,6.9775,253.3601,149.7067,304.2646,-92.9199,-278.6303,-215.6539,115.2083,95.1307,151.2293,-125.9473,-108.7159,53.9221
-89.1996,-7.1367,-91.2073,-11.8204,-105.8399,-39.7684,83.9670,237.1183,215.2796,297.1580,23.2565,-273.2485,-159.4721,122.8469,146.6494,139.8831,-18.0809,-119.4150,135.2079
48.0429,-25.2864,3.2301,-23.1664,-58.5526,-62.5494,155.4166,203.1582,314.3956,232.0164,122.0398,-257.1841,-96.6826,111.0726,243.6754,127.3934,57.8664,-119.6707,216.9297
117.7420,-59.2917,100.4025,-28.6852,18.5936,-64.8630,233.6661,179.0589,432.5207,199.7840,216.3639,-209.0565,25.3486,84.4704,381.5711,114.7401,104.9809,-115.2838,291.7266
179.1359,-76.5303,196.0717,-43.4612,156.4555,-73.9329,330.9430,213.1941,512.7325,234.7440,300.8279,-154.0785,174.8250,148.5823,483.2539,129.9639,154.3946,-115.1067,372.1851
244.0203,-71.6764,266.9012,-71.4153,307.7865,-110.7791,452.2227,258.5763,595.9482,247.1831,363.1340,-159.4782,315.9434,322.8247,557.5679,156.9365,215.3812,-107.1739,462.7195
268.8129,-95.4338,330.6295,-100.3450,425.2179,-140.1960,574.3102,229.2899,724.6954,201.4782,412.6444,-219.8052,449.1467,461.1347,655.6879,136.4247,287.3484,-82.7999,540.9370
298.5092,-118.0327,421.8277,-83.0175,518.5619,-114.8640,665.1620,174.3640,861.3073,163.3463,460.9059,-242.4389,543.3945,454.2949,757.3027,86.9594,382.1341,-59.6697,588.9902
388.0077,-94.0930,492.5453,-27.8117,576.9598,-65.2940,709.3803,173.4156,972.1430,151.3934,515.7233,-218.5529,567.3225,356.1422,823.2083,87.0947,475.0940,-61.7637,615.6019
486.2248,-89.0477,495.3128,-19.7347,577.8024,-53.7091,725.3246,177.7579,1054.5721,154.7368,580.7325,-231.2500,574.7795,269.6688,851.9036,121.2013,527.3437,-70.4881,642.0243
541.8362,-124.6921,509.6104,-55.2864,576.4891,-57.9736,747.8987,150.5111,1104.1594,206.9889,640.4349,-258.0400,629.4182,232.8463,859.1743,119.1444,572.4489,-48.7227,680.8104
586.0102,-107.7387,594.3935,-44.1770,627.9918,-32.8064,783.0146,151.1716,1131.5769,270.5446,691.6943,-204.2039,689.8036,233.4913,895.0395,109.3971,658.4501,-26.4520,736.0833
649.5105,-46.2556,659.9841,-5.9291,688.7756,-18.2428,829.2543,179.0142,1139.3268,254.8156,758.4427,-112.7431,689.6492,236.2985,997.3350,144.6679,743.1639,-55.9284,803.8280
710.4250,-51.7935,662.0257,-25.4511,722.4068,-47.8334,898.1842,170.8684,1090.5979,206.2301,825.9719,-86.9191,666.2169,197.8474,1082.9194,173.4527,769.6084,-93.7925,850.0839
739.5201,-99.0734,688.6646,-64.2820,764.3173,-67.5211,939.1459,138.5320,979.0756,197.3348,845.1036,-85.7474,687.6015,139.8046,1044.4320,149.1422,767.8040,-75.6267,836.6342
741.3045,-80.8640,746.2813,-45.2460,813.0955,-49.7574,880.5588,120.7872,862.6569,141.6761,819.6709,-27.3327,724.8918,144.7839,934.4792,125.7031,777.4022,-45.9336,794.0350
734.2981,-40.7259,744.1374,-14.4604,821.9364,-39.7089,796.1461,107.4788,797.5089,7.5962,786.4684,32.0684,726.8673,195.4677,879.9089,138.8231,763.4635,-58.8054,793.1685
711.3011,-82.8492,704.3129,-42.9723,807.8539,-49.1497,820.9453,102.1592,814.0446,-52.3127,752.8139,12.8253,744.8780,172.3369,900.5143,149.3821,700.5024,-67.4169,835.2914
677.2783,-149.6848,717.8477,-89.2351,828.9110,-48.6591,920.0629,115.8911,901.6959,11.6611,739.5037,-25.1384,835.9455,83.0327,944.5478,136.4656,658.1875,-39.4305,857.2693
698.4299,-112.5969,768.3016,-73.3884,886.8530,-40.1234,965.0424,106.5112,968.5933,68.7955,781.9792,20.8386,926.2429,51.3645,977.1074,106.8505,712.7798,-25.1341,825.6106
799.7786,6.6955,793.9506,-2.0293,935.0302,-33.5445,936.7917,44.8851,932.3993,57.6290,842.9169,130.0845,923.4908,63.7032,963.9772,54.2703,821.5741,-35.3562,752.1999
888.1325,85.8294,800.1962,52.3386,936.7943,-14.0975,881.2588,-27.3608,839.4082,8.3411,846.8854,195.6117,864.2690,21.7890,880.5061,0.3436,883.7778,-18.7034,672.1225
905.4399,98.6840,808.3453,60.8118,898.4628,20.2372,826.3550,-67.4183,774.1569,-56.3285,796.2403,175.1501,819.0648,-38.3406,756.2930,-18.2683,889.9400,22.9807,639.9337
898.5646,100.4235,808.9641,58.6388,858.9957,46.0122,805.0043,-80.2488,737.1402,-76.5411,743.3318,113.6558,776.4079,-60.7232,657.8920,-25.5487,888.1436,43.7377,661.4949
865.0533,89.9740,784.6061,58.6229,822.8848,44.3216,801.7400,-94.1287,701.4767,-39.4802,696.3162,48.8250,719.3576,-101.2379,624.7933,-52.9137,864.6685,46.3692,653.8678
777.8071,47.5841,730.0541,39.3790,759.6893,23.3491,745.8253,-131.5999,664.4045,-63.5167,638.0681,-3.1405,684.0923,-158.6313,616.1252,-60.3896,804.6266,57.0768,569.5234
716.6644,17.7870,683.9653,17.5342,700.9363,13.9581,651.4957,-179.8096,611.6260,-172.5286,583.7088,-2.3401,683.0788,-154.1186,554.9000,-22.8768,765.0873,64.7553,481.4206
715.7925,20.2541,694.9117,16.6579,709.9222,21.5536,606.0086,-197.3831,549.5371,-227.7375,560.2272,62.6595,681.7510,-119.1536,462.9407,3.5227,758.6413,54.2582,461.2319
679.3290,6.0789,721.5390,5.0500,750.1896,8.9749,613.1762,-179.4827,526.6815,-205.8699,558.4109,126.2053,665.3322,-127.0328,444.8998,-18.2895,719.1235,37.8232,476.1237
617.4214,-22.9707,688.3387,-31.0036,741.5189,-29.2287,610.7963,-171.1001,540.9931,-200.3844,549.7221,137.2067,653.2128,-151.0792,499.2665,-52.7598,652.2278,18.6471,464.4064
626.9013,-19.8226,626.6385,-50.6954,693.9890,-51.2823,575.2038,-196.4400,528.2481,-197.5141,543.6028,119.7705,656.9881,-173.2304,514.5212,-65.7622,622.1973,-18.8035,419.0580
626.9491,-15.0670,605.1956,-58.3591,641.0092,-59.5408,513.4536,-227.0700,470.8412,-178.8944,562.6201,102.1595,652.5403,-213.8722,458.2633,-55.8621,599.7297,-69.1677,365.8871
513.6520,-59.5871,590.3851,-98.1646,556.1624,-91.9071,443.6579,-229.7491,407.2461,-222.6937,562.3478,90.8342,596.0314,-222.8842,394.3755,-34.1358,528.8860,-104.0980,326.2215
406.0150,-118.0814,516.8524,-148.2301,439.0218,-131.2210,389.5291,-208.3137,360.7766,-291.4832,480.3116,101.1274,489.2980,-181.4158,361.5010,-25.3983,448.8378,-111.5480,307.3547
398.4428,-150.5016,399.9000,-164.0131,340.5559,-146.0336,349.6062,-188.0453,338.8558,-247.1116,354.6787,118.5425,396.5151,-185.6950,353.8979,-39.0928,389.5857,-108.3659,294.3425
392.8713,-175.6925,294.2029,-170.4280,273.8447,-161.0218,327.3016,-182.1498,334.3316,-125.4625,276.0709,97.6478,349.5007,-255.6525,337.9341,-47.5643,311.8719,-120.6429,256.9323
351.7195,-198.3885,232.8207,-203.9633,218.3559,-194.6417,336.6662,-190.7318,300.8494,-68.0492,256.5362,53.7595,305.6080,-291.9436,273.1354,-41.2128,225.6489,-157.3511,184.1066
327.6349,-204.1968,210.5557,-247.5730,169.8213,-219.6656,329.5591,-204.4039,218.5366,-70.6934,240.0578,48.9810,239.5495,-277.4638,194.0557,-39.0349,174.9711,-190.3974,112.3506
267.9667,-210.8174,173.0289,-273.8851,124.3439,-225.3639,264.6543,-194.4457,144.8278,-48.7246,179.5527,79.2107,178.6003,-271.5105,169.2063,-33.5820,123.5872,-183.5377,84.8303
133.9738,-230.8655,82.6279,-280.0233,79.6761,-228.5018,203.9688,-156.3644,102.8228,-10.9532,69.0006,90.9598,131.9089,-265.6898,153.7444,-26.0747,33.0959,-154.8711,65.9192
31.2921,-242.5260,-13.6434,-274.9915,35.5921,-232.1650,159.5580,-151.9648,24.5422,-30.2882,-35.1887,81.1030,83.5238,-232.9560,65.4751,-58.1743,-45.2085,-153.3837,-30.8954
4.5507,-231.8405,-67.8125,-267.6146,-40.9832,-231.0979,30.5230,-216.5070,-107.7587,-126.6641,-75.8360,79.3579,30.5624,-198.0260,-52.2336,-111.4307,-87.5541,-170.3493,-200.7062
-42.7427,-205.7881,-112.8117,-255.6890,-157.4408,-224.7971,-165.3965,-284.0956,-215.9129,-226.6392,-106.2689,78.6304,-38.7704,-182.3920,-137.8791,-114.5489,-148.8665,-163.5078,-338.1487
-148.8403,-180.2216,-182.4760,-237.9913,-237.6219,-213.8952,-291.6843,-307.8434,-280.8784,-265.0748,-207.7337,53.5726,-139.0387,-192.0702,-233.7765,-100.9352,-234.0586,-148.7360,-397.2151
-252.1489,-182.8650,-251.8587,-235.6151,-256.5276,-208.7879,-354.2380,-328.7947,-368.0471,-297.4780,-331.8642,7.4017,-237.5880,-230.8225,-359.2303,-148.7381,-300.6754,-161.0559,-432.6801
-329.8753,-225.8233,-309.3146,-259.1052,-306.2401,-218.3712,-439.4021,-348.4348,-476.9510,-371.4316,-395.7767,-34.8973,-292.3004,-267.5880,-456.9245,-193.8958,-380.6939,-173.7514,-472.3298
-422.5380,-278.4974,-379.7941,-279.6289,-405.9794,-232.1936,-508.9805,-314.7930,-546.8398,-382.9447,-434.3522,-54.6776,-318.8147,-271.0953,-513.3145,-148.5343,-520.0567,-152.4822,-490.9870
-545.3347,-301.8727,-458.4204,-275.4897,-460.1460,-238.8538,-524.6478,-255.5782,-588.9088,-282.0736,-508.6752,-57.0673,-355.4164,-265.9919,-556.8908,-87.4217,-655.9960,-116.1909,-502.4561
-641.1971,-296.7320,-517.8934,-264.3615,-475.2091,-233.8835,-552.5972,-231.2087,-650.2071,-226.4422,-601.6830,-73.7970,-414.1286,-285.8499,-593.2737,-92.6547,-710.7158,-88.1456,-545.5285
-663.5271,-302.2569,-571.1829,-266.0726,-559.1430,-213.8288,-613.6280,-214.5545,-713.1080,-299.6210,-684.6942,-120.9770,-499.3168,-321.0192,-650.5857,-109.1374,-722.0071,-75.1227,-607.4133
-676.2603,-333.1377,-652.9207,-273.0959,-699.6552,-196.5207,-671.0137,-174.8005,-748.2184,-349.6380,-749.6839,-144.6702,-605.1389,-335.0821,-760.4880,-103.8703,-760.1942,-97.4315,-656.0533
-754.7010,-336.4598,-758.8279,-266.4262,-792.4196,-205.8698,-731.9147,-156.3485,-768.8618,-278.1801,-784.5009,-79.5332,-694.8083,-305.7757,-872.5461,-127.7025,-813.8836,-155.3843,-700.0453
-850.7772,-278.7598,-851.9095,-245.9506,-834.6833,-224.8771,-786.8978,-185.9178,-773.2913,-190.3801,-809.6594,26.1499,-745.3714,-271.2058,-924.8308,-169.5307,-840.2500,-207.1430,-754.0504
-897.0027,-225.3129,-907.6959,-232.4970,-887.5656,-224.8849,-802.4674,-235.7731,-741.3855,-166.2643,-858.2238,62.7329,-784.8011,-287.1019,-934.0359,-175.7462,-837.2965,-228.6909,-804.8179
-909.3109,-221.9583,-920.4562,-226.8022,-939.7811,-212.9954,-824.3641,-279.1708,-701.1270,-147.7271,-901.6150,39.1867,-841.1004,-312.6658,-924.3825,-162.6332,-822.1574,-231.7855,-848.7667
-901.5962,-206.8729,-894.5909,-202.9972,-953.3221,-198.3040,-899.1287,-291.3089,-706.9792,-92.3967,-907.0446,49.7959,-897.5922,-274.4440,-895.0169,-153.0569,-800.6441,-224.2753,-896.5192
-884.2953,-149.9805,-858.0048,-164.7424,-952.2041,-173.2390,-965.3302,-268.1539,-770.9080,-60.5682,-911.4039,92.3489,-927.8745,-218.4294,-885.9974,-130.7298,-774.3759,-213.3132,-929.8406
-909.3029,-107.7155,-847.8554,-139.8515,-979.5576,-144.6161,-968.1402,-256.7494,-862.2347,-115.2662,-940.8866,108.0434,-936.5151,-210.7183,-937.6606,-119.7767,-749.5275,-208.5449,-922.2459
-945.4858,-84.4231,-868.1544,-120.4851,-1026.1776,-120.3255,-937.5588,-269.9439,-936.6650,-211.9515,-955.9994,120.6493,-940.6685,-203.0527,-1006.6973,-154.0373,-737.1370,-195.5956,-886.3107
-896.7595,-46.4965,-892.2881,-96.2143,-1046.1238,-99.0529,-900.3880,-252.2209,-960.3790,-242.2418,-930.7225,160.0639,-937.3246,-170.5614,-1023.9838,-192.5755,-741.2045,-164.1900,-841.1837
-816.7858,-34.4452,-899.0594,-96.1148,-1020.9189,-98.2193,-855.4597,-205.5254,-934.6273,-183.0715,-889.0383,183.2101,-913.6962,-173.6706,-982.3981,-190.3011,-741.2342,-143.8704,-775.7139
-815.7878,-70.8123,-882.6021,-119.6661,-977.5506,-120.5312,-803.7487,-198.1124,-875.2430,-121.0991,-856.1101,180.5544,-875.3861,-194.6958,-912.9070,-168.7621,-712.2787,-158.5658,-694.3090
-825.9794,-89.0331,-851.8284,-123.2608,-938.5697,-126.8783,-738.2767,-224.4679,-781.6970,-116.3172,-831.6345,189.2802,-837.4869,-169.5777,-828.1016,-157.0120,-660.1896,-191.2380,-635.2284
-751.0674,-71.9843,-823.6393,-110.4411,-889.3660,-113.5310,-672.5193,-226.1474,-668.2877,-142.9031,-790.6690,191.3901,-795.5837,-140.2191,-720.3461,-154.8706,-606.2894,-215.0332,-606.5591
-652.2084,-80.3536,-784.3370,-121.7527,-815.7964,-125.1945,-641.6030,-213.0190,-578.6786,-165.7877,-713.2876,164.9496,-733.1439,-146.8638,-602.2789,-150.8139,-559.9597,-214.8670,-578.7677
-587.1597,-121.9620,-699.1553,-157.6501,-732.6213,-158.3684,-621.5442,-218.2247,-524.6279,-177.9767,-628.9515,151.1857,-650.0997,-137.8184,-522.3770,-127.2585,-524.5588,-195.4850,-543.2980
-513.7109,-155.4043,-590.5007,-194.3210,-648.6464,-171.9409,-551.4141,-218.2568,-469.5397,-170.1153,-572.1015,161.0014,-559.5798,-116.8335,-495.8305,-91.0488,-494.4913,-184.4038,-503.7035
-424.8729,-166.3917,-514.8602,-209.8256,-551.3898,-169.4008,-442.8959,-196.9493,-394.6019,-133.8435,-513.2551,155.2072,-468.4188,-135.4303,-453.4033,-79.9735,-449.3773,-190.2478,-445.1506
-364.3488,-154.1565,-456.7263,-183.3635,-447.5914,-163.1408,-355.9773,-189.0912,-314.7883,-90.8141,-422.3799,136.9653,-378.9358,-144.9856,-338.8887,-95.9756,-379.8231,-187.7936,-374.2905
-327.6906,-127.2960,-367.2483,-142.2115,-367.9273,-137.7460,-306.2567,-208.5807,-238.7625,-73.6264,-334.6918,129.3835,-297.2501,-101.1283,-205.5240,-103.0398,-297.6284,-172.6808,-328.7880
-270.8936,-105.5931,-271.2658,-139.1542,-314.7919,-110.6047,-266.1898,-217.1659,-170.6468,-75.6514,-271.4161,128.1576,-226.6862,-77.8386,-126.5037,-92.4501,-212.4508,-163.1565,-305.8521
-185.0043,-81.0025,-212.8929,-152.5863,-254.3882,-118.7448,-202.8812,-188.5240,-113.6657,-69.8136,-201.7425,139.0478,-158.2578,-104.5167,-78.1601,-66.9285,-130.4911,-154.4383,-252.3192
-122.1213,-52.9418,-167.5567,-137.1817,-174.6321,-139.8883,-110.4449,-152.4485,-46.3657,-75.2464,-130.1441,155.6316,-80.5384,-107.6670,-0.2583,-24.2500,-59.9731,-147.3221,-152.3415
-99.6254,-59.4219,-103.0935,-123.3364,-99.2494,-128.7222,-29.3759,-152.8667,41.5582,-110.2209,-86.9233,148.8544,-1.7971,-73.8602,92.5769,-2.4161,8.6223,-161.1292,-54.4475
-19.4282,-86.0205,-33.0654,-130.0863,-33.7169,-95.4194,14.3441,-178.0953,107.2280,-110.1643,-37.1494,154.6124,55.0306,-48.5858,146.5373,-22.0432,87.5494,-167.7047,10.3265
146.5768,-73.0015,35.2346,-112.5281,43.8722,-78.5074,59.8718,-171.1157,132.5433,-47.8672,59.1668,216.8721,90.2178,-28.2635,174.9409,-17.6222,156.9013,-123.7331,76.0297
235.9573,-44.4274,108.5151,-82.3096,134.4079,-85.5593,145.6984,-119.4866,179.7969,-36.0530,153.3186,258.6480,138.0114,-13.3612,239.3804,36.4552,199.0720,-67.3817,171.9465
202.4547,-54.6024,174.9488,-93.6788,217.3162,-92.3605,258.6451,-78.7068,273.7348,-116.9603,197.6705,219.1960,220.7256,-34.1829,335.3409,58.4682,238.5323,-47.6769,259.2577
228.6699,-60.5125,232.7359,-104.7077,291.1123,-70.9198,368.4893,-82.3898,342.0405,-149.9569,230.4530,190.1582,316.6188,-56.5230,398.8209,27.1442,303.0553,-18.5387,304.7562
341.1239,-9.5888,300.6713,-43.6091,371.5279,-12.0268,450.7681,-99.0881,356.2659,-93.5661,283.8635,225.1158,395.6456,-23.4202,428.8145,16.7920,389.3374,66.3189,353.3534
387.5871,60.9232,378.8857,51.1344,463.2018,67.2383,497.2070,-105.5337,374.0634,-98.6962,332.9818,238.9544,460.1912,27.2014,477.3017,23.5832,481.3625,151.1761,434.5859
416.6067,98.7904,457.0021,97.9829,552.3203,128.6270,526.7845,-120.8009,402.7136,-188.3014,377.9856,205.8923,524.8274,29.1211,529.0437,-10.6351,557.0963,174.8605,494.2263
534.5538,92.3039,539.3155,85.9433,614.0372,135.7805,551.5856,-136.4678,400.3103,-203.9765,440.4391,197.7186,581.3129,4.9890,534.7304,-42.7923,590.6156,169.8874,511.1130
607.8271,65.8668,617.1019,61.7567,636.2182,106.2387,568.3433,-105.4617,386.4333,-128.0407,488.9989,223.8826,616.4755,14.2904,519.8531,-14.8980,585.1701,194.4027,542.8428
574.2053,75.7065,664.6037,73.2747,640.7380,104.6954,590.1789,-38.6702,391.3009,-107.0435,498.2080,248.2556,641.9670,50.6791,529.0238,14.7263,576.6518,234.0284,591.1687
608.6077,123.2745,685.1718,114.5480,654.9341,133.9166,608.8379,-11.0776,392.3291,-170.7747,515.6175,274.5588,667.0536,64.8094,544.7816,-10.5114,591.3599,227.6669,596.9413
732.6194,131.6612,706.9787,132.7269,679.8621,130.0401,587.9014,-34.3392,396.9052,-215.3828,571.5004,300.6792,674.0460,60.7406,550.0964,-45.2545,631.1725,176.5676,581.2661
796.2722,103.3505,736.4529,129.8514,709.5064,110.5916,558.5464,-40.1288,432.5519,-212.4944,630.2653,309.8617,664.1392,90.8713,562.3104,-54.5329,683.6934,160.8730,603.9225
811.3868,121.4616,758.8554,156.9220,736.7993,152.5764,583.0356,-14.8621,458.9872,-232.5842,678.7561,306.1072,676.7508,137.1669,579.7064,-73.2804,722.9821,205.2905,637.1971
837.1135,155.5718,766.5386,184.6063,741.5378,211.0090,626.1143,-14.8025,454.3699,-292.5377,728.4670,276.9023,720.7886,115.5348,593.8809,-109.3456,726.4073,223.7787,640.8071
804.8061,123.3857,762.7039,154.2772,723.0331,187.0289,631.3989,-40.7089,468.4400,-309.0661,744.3449,217.0311,752.7388,42.9119,608.8390,-111.6380,695.7349,170.9658,641.4634
720.5990,85.9362,747.1552,120.1928,711.5283,128.7700,627.5662,-36.5923,483.0781,-230.0012,707.6066,186.9056,751.9830,28.0349,597.3678,-57.7860,646.7472,119.5700,642.5848
673.8754,118.3343,712.4678,141.6698,714.9440,127.2689,628.8555,3.6328,435.8214,-122.3772,675.3151,211.0070,740.2385,64.0955,542.5883,2.3996,596.7711,116.5132,612.1256
639.2462,147.4039,665.8696,152.3821,713.0304,136.5171,604.2251,44.8999,385.8326,-56.1926,674.5630,214.8728,722.6736,51.2871,503.6805,12.0504,569.0959,113.6666,579.5672
584.6229,119.0609,635.8723,110.3272,702.2948,102.6644,577.2654,78.1256,402.7585,-5.7252,662.0544,172.8815,690.4401,7.7293,516.1714,-18.3794,575.0712,87.7759,586.3157
569.9496,98.8542,630.3847,89.4510,681.0370,86.5963,562.8612,95.5147,399.5324,38.0373,633.3324,146.3401,656.0676,16.9908,510.5078,-37.5401,587.5115,79.1051,584.7782
584.3979,106.7784,617.4664,113.2502,631.3932,117.1572,502.1158,71.2715,306.9926,10.5454,621.3215,132.5544,622.6132,48.5241,434.4388,-38.6414,571.3515,95.8976,523.2798
559.5273,92.6989,576.8362,116.3283,565.5306,129.1530,409.5988,19.0363,225.4232,-78.7207,599.6489,83.3441,569.2987,43.0842,338.0709,-52.8087,536.4491,99.5626,447.5072
503.8399,72.5825,526.9240,96.9016,522.0441,105.7807,380.9998,-6.6162,237.0172,-123.7194,525.9865,44.2542,498.3851,37.4716,278.1920,-65.6677,515.7235,74.6527,418.7721
432.7770,85.9727,479.5442,100.8640,499.5197,94.3443,396.9075,9.6608,270.2336,-94.6115,423.4466,78.4430,427.3269,60.2168,247.7868,-34.0107,497.5518,42.2534,415.4578
335.8369,95.7533,420.6747,105.2113,454.6871,93.3076,354.6740,28.2461,237.2159,-56.6964,322.1282,132.8154,336.6569,71.2242,206.4241,19.0523,426.8788,23.0535,369.4375
242.2013,72.6204,334.1709,80.0116,353.0315,69.7086,246.4742,26.0756,154.6529,-34.2634,204.6996,136.2916,199.1875,64.5373,116.1692,29.8264,279.5187,18.6505,246.5259
147.0291,64.4007,202.6136,63.7111,197.0347,40.0246,116.9050,23.7905,80.8154,-8.5633,60.5208,117.8224,37.8693,70.7243,-19.9501,4.5462,97.4509,25.4005,74.5285
6.1083,92.5100,29.4386,74.5476,32.1309,42.2382,-28.4378,33.5430,5.2189,0.3455,-81.6806,112.1009,-103.1107,74.6728,-152.1226,-0.8202,-55.0347,52.7902,-80.6473
-130.5958,100.0785,-121.0850,72.5756,-89.9457,73.9531,-162.7187,38.9885,-117.1239,-35.7678,-183.2293,80.6673,-205.0416,56.4387,-251.0642,16.3043,-143.3173,96.2213,-164.1128
-201.8135,59.4330,-188.8030,51.9432,-167.5784,97.1951,-232.7714,39.4957,-232.9508,-82.1986,-225.1409,20.7927,-261.6497,48.8571,-325.7072,29.9113,-181.5146,105.3602,-177.0859
-266.2527,21.6180,-218.6474,47.5839,-226.6105,85.2824,-246.0080,52.6266,-256.2199,-69.1759,-232.4087,12.2954,-273.8305,74.7765,-365.1064,61.7842,-219.5376,48.9061,-178.8353
-360.1288,17.2536,-293.4513,53.5709,-266.4448,56.6149,-257.1459,68.9229,-254.7129,14.9623,-258.9685,66.6849,-275.3282,100.0644,-357.7107,119.6909,-297.1065,-13.1583,-228.5957
-432.1586,9.9496,-396.1803,38.6122,-294.8847,45.9197,-298.3554,69.4170,-332.7238,93.3493,-326.7085,81.0664,-316.3169,90.3675,-353.7440,137.8674,-406.1200,-11.6308,-326.7351
-490.5330,-14.9757,-459.8622,14.6951,-360.3830,50.2821,-376.7734,69.7569,-422.6574,97.6849,-421.6229,23.7935,-411.9203,63.0288,-414.9108,93.5873,-508.6171,23.6185,-435.6425
-579.8517,-20.2574,-500.4435,12.9798,-480.7620,48.1852,-494.1156,84.2908,-461.2810,64.8771,-541.9491,-14.0897,-534.9421,54.9928,-533.5349,69.7799,-587.5645,31.1470,-541.2848
-677.1020,-4.0522,-570.3732,25.4965,-603.1402,43.4836,-637.9434,88.1815,-547.4430,56.7776,-678.4803,-13.0063,-649.2137,60.6501,-661.6937,94.9417,-664.1763,24.7118,-647.8250
-752.0034,-6.8397,-645.6281,23.9165,-677.6363,40.6959,-765.6328,59.3110,-705.3483,30.5745,-776.4728,-52.9007,-724.2876,42.5510,-771.6010,75.0187,-750.8427,43.8805,-736.8494
-789.9507,-23.1373,-673.1398,9.8370,-710.6479,32.5990,-827.6110,12.3591,-814.9435,-73.3577,-794.8621,-120.8924,-742.8201,5.6166,-850.0067,-20.7123,-810.4277,72.5235,-783.5379
-777.4710,-20.1989,-665.4951,7.2800,-727.6050,35.4101,-826.9257,-13.9275,-849.8767,-164.7341,-770.2371,-129.8040,-726.1005,-8.8855,-876.6253,-85.3982,-822.4924,80.2330,-788.3231
-784.6131,-23.0206,-670.7468,13.1980,-745.0720,52.9023,-816.4495,12.3533,-858.9761,-118.6053,-775.8058,-104.3161,-729.9149,-8.6456,-847.7604,-58.8994,-858.9935,78.8284,-784.5671
-880.4945,-63.4511,-713.5852,-1.3207,-792.1474,36.8729,-836.5129,55.5417,-844.2167,-16.9945,-847.7299,-113.6591,-789.6531,-30.9695,-814.0659,-12.8338,-975.8628,85.1059,-839.2949
-961.0970,-90.5388,-796.8489,-25.5133,-888.7122,-16.2729,-906.9549,26.2299,-874.3527,-33.7320,-951.3384,-111.2313,-885.2133,-52.7478,-847.9100,-14.4378,-1086.8668,81.0375,-984.5118
-933.2128,-49.4601,-890.0797,-11.0283,-990.0851,-27.8532,-1022.5692,-71.0596,-1013.9759,-123.2119,-1000.7277,-53.9030,-967.6142,-36.3978,-948.7515,-48.6029,-1106.0450,46.1677,-1128.4423
-909.8353,10.7314,-939.1080,29.1268,-1036.3973,12.6482,-1106.6171,-119.2051,-1116.7888,-116.0902,-953.0479,-24.0525,-1003.1234,-17.1470,-1035.7029,-76.8151,-1093.2208,-6.3361,-1153.6603
-963.6196,18.9029,-948.2725,25.5955,-1049.0276,19.2601,-1087.7632,-83.3135,-1066.3868,-52.5573,-880.3541,-63.5218,-997.0156,-31.5277,-1061.8922,-80.6178,-1095.1886,-46.0606,-1098.7084
-991.3962,-4.0473,-974.6224,-13.9514,-1078.5138,-14.2320,-1035.4625,-50.3375,-1021.3035,-85.0299,-874.8030,-87.0111,-988.1024,-41.2201,-1065.9918,-67.3734,-1053.7391,-61.0045,-1085.4532
-970.0409,-11.1831,-1011.9897,-14.5049,-1105.4180,-10.2847,-1061.0096,-52.5657,-1091.0657,-155.0001,-915.9739,-64.7449,-1007.3522,-15.7698,-1087.1554,-59.3826,-994.8716,-66.7607,-1113.6312
-984.0049,-11.4969,-1007.7717,18.9802,-1100.8903,22.6025,-1133.4218,-44.7822,-1140.3933,-100.8979,-936.2482,-66.5006,-1045.6448,9.5934,-1105.9692,-48.8709,-1025.5150,-79.8880,-1105.2928
-1011.9677,-9.0017,-986.2742,23.5425,-1092.2812,21.7677,-1151.0322,-19.5852,-1105.6417,46.1133,-952.7182,-94.3800,-1076.4557,6.2035,-1092.5723,-5.7451,-1096.1432,-90.1824,-1064.2631
-996.6363,11.7561,-1003.4708,6.3527,-1088.0016,6.6691,-1102.7252,5.5077,-1085.5703,140.9239,-1000.9939,-96.5315,-1084.7365,-17.4900,-1054.7848,42.2601,-1075.6597,-77.7792,-1028.4819
-973.6591,9.9691,-1024.3389,2.3237,-1060.8694,14.8923,-1046.7627,28.3078,-1091.8815,146.4215,-1024.1536,-98.9840,-1064.6705,-53.6188,-1019.3839,26.4163,-999.8141,-52.6706,-975.7273
-961.2031,-42.6005,-993.7150,-3.1397,-1016.3365,18.3291,-1011.3762,32.7429,-1041.9578,117.5776,-971.0431,-130.3229,-1023.6406,-80.6334,-991.6975,-45.7815,-966.7737,-46.3188,-888.9626
-949.3282,-72.2934,-946.4614,-14.5029,-968.5956,-0.8938,-964.7864,23.4319,-913.9029,97.6701,-907.2714,-142.4697,-983.5288,-65.9722,-948.6208,-92.3819,-951.1801,-66.6732,-806.2997
-982.6799,-55.8997,-930.5750,-21.2596,-925.9851,-25.5459,-871.6669,40.8507,-748.5382,89.3419,-901.9813,-135.5661,-953.2491,-35.7546,-871.0634,-77.3149,-915.7678,-94.4555,-755.5296
-1031.9760,-94.9311,-928.1550,-58.5484,-931.0842,-60.7385,-771.9382,73.3635,-600.4177,80.0729,-918.4032,-168.5873,-926.8680,-48.7695,-769.7054,-36.1245,-894.4255,-118.5268,-726.1728
-973.8525,-187.3534,-918.3423,-131.2493,-977.4550,-103.3032,-725.6854,76.7299,-488.5597,104.7853,-908.1258,-205.8201,-910.7130,-88.5252,-673.4566,-2.4618,-887.0682,-143.6794,-702.5366
-834.8580,-198.0440,-911.7609,-163.5316,-970.6967,-120.5151,-693.8076,71.3783,-380.1200,204.6776,-877.3192,-177.2359,-899.1019,-95.9240,-604.1046,18.1309,-859.6125,-165.4644,-666.0005
-759.7508,-135.1574,-903.0624,-132.9304,-897.1829,-113.9669,-615.2573,79.5283,-302.5865,292.0396,-813.7890,-130.4578,-848.4916,-77.4159,-559.5461,27.8450,-815.2509,-163.0794,-601.4382
-736.4135,-122.3886,-869.5952,-104.6544,-832.8799,-106.0255,-531.9246,62.9923,-333.3228,239.4556,-697.8272,-120.0246,-743.5348,-62.3348,-518.8170,26.4778,-754.5544,-128.9592,-525.7062
-669.5511,-138.0770,-805.8760,-96.5197,-759.6304,-88.0196,-489.7120,23.2016,-406.1131,105.6018,-582.3919,-106.4925,-641.6306,-30.0647,-472.4286,4.7471,-669.4560,-89.2440,-468.6697
-598.3375,-110.5725,-720.3830,-81.8571,-643.6829,-66.0513,-461.3948,11.3521,-393.6269,48.3869,-526.6038,-91.4920,-590.7148,14.9413,-433.7581,-37.8643,-595.6201,-70.5944,-430.8008
-571.8147,-99.0556,-631.3643,-76.7136,-570.0838,-63.8750,-444.3819,23.2219,-354.4974,75.7119,-499.7820,-119.4278,-560.1135,12.4955,-410.7755,-62.9800,-553.1436,-59.3933,-385.6985
-521.1244,-126.8990,-562.2454,-81.1063,-547.4811,-53.9815,-445.9921,29.6427,-394.1009,86.0343,-451.3075,-132.1882,-495.1330,-32.7337,-392.9937,-39.2612,-493.9552,-27.6043,-318.1293
-420.4172,-101.1287,-499.8389,-47.3544,-449.4963,-10.9119,-413.2881,37.9063,-440.7228,52.6148,-382.9287,-69.1329,-388.1455,-37.0541,-365.4189,-6.8713,-383.5533,17.0438,-250.0170
-332.1623,-19.7044,-395.8404,18.7142,-281.3101,21.0590,-332.2694,38.0669,-405.5998,24.4872,-293.4746,-5.1536,-272.0365,20.7800,-311.5928,-15.4613,-244.3773,44.7977,-206.2432
-256.7148,25.0878,-244.5762,57.6553,-162.2163,21.3244,-246.6255,15.2652,-322.5277,21.5732,-170.3076,3.3200,-176.8844,76.3986,-225.1685,-42.9031,-111.3533,50.7827,-157.4099
-150.7778,30.2906,-103.6791,55.5847,-82.4174,33.7865,-137.3943,10.0798,-218.2093,8.8757,-53.4026,14.2421,-103.5648,91.1891,-124.9732,-55.4559,-13.4969,56.3553,-61.7409
-22.9344,40.5595,-11.5337,41.7300,16.4848,61.3609,8.2441,43.0578,-91.6500,-15.8834,10.0924,45.1273,-33.1093,80.7937,-31.6960,-60.1298,44.0257,71.2099,43.8314
115.5776,44.0902,59.1894,40.2793,99.6772,64.9333,104.5627,64.9707,11.1374,20.1041,54.3799,43.9701,42.8207,66.6509,44.4717,-47.5824,97.2354,72.0224,98.2408
254.1120,38.8272,141.6235,63.8794,154.4166,54.7503,125.2295,52.2934,78.9389,106.7796,134.3339,14.0317,117.7453,58.7076,97.9347,-12.4337,171.4803,38.5392,130.7693
324.6058,51.1672,223.8966,92.4954,216.3434,59.4466,157.8540,29.1207,165.4897,97.0231,220.8340,-1.7457,185.5253,50.1301,169.3095,-16.9430,245.9994,2.9080,197.0780
307.8664,63.6351,282.1716,85.2870,273.2727,63.3794,231.5610,2.4556,277.1731,-7.8439,252.9677,10.0678,236.0830,32.6858,320.2792,-75.3004,296.7456,2.6356,271.9543
302.0538,44.3046,314.5247,45.4649,316.8892,43.2949,316.7644,-15.7049,372.4568,4.9375,253.3179,46.8166,268.0091,34.7520,493.8909,-73.0211,318.3784,0.2570,317.9735
339.5333,9.9638,330.1959,8.3900,369.9431,2.6687,421.6266,4.1619,437.8485,162.4173,297.9764,82.8764,318.8333,78.9155,555.4227,30.0760,320.1209,-48.4795,357.9100
336.2089,-5.3665,348.0565,-17.1151,420.4118,-37.1833,516.4296,42.5907,482.2624,242.1654,395.6852,79.7295,421.9410,112.9147,523.9487,98.1326,339.3367,-90.0667,413.6188
319.5777,-5.2334,397.2748,-33.4490,470.4429,-49.2131,540.7518,52.0123,522.9163,186.0399,484.6115,48.7420,534.9423,81.6684,539.9373,62.1926,404.4878,-59.2185,478.7997
421.3773,-21.9506,478.1364,-33.0059,551.7368,-31.4525,539.9839,41.5118,573.0808,142.6324,538.0621,23.9468,597.8404,26.3628,612.2415,24.6304,493.4779,14.0281,556.6495
592.9882,-48.8092,551.7175,-17.3348,636.9698,-5.6480,595.3570,55.3701,618.7228,161.5939,586.9602,2.4724,639.2493,12.3102,654.3187,44.5170,584.1990,84.1061,645.2841
647.2223,-30.7749,604.1998,9.7373,700.7092,27.2124,686.8488,101.1947,669.4648,201.5467,644.3662,-17.0189,716.1320,28.8442,689.0496,76.0625,678.4053,148.3139,723.8657
591.7274,25.8772,663.7554,42.0065,783.4373,66.0156,766.5510,143.5303,768.4662,251.0094,694.7169,-20.4377,797.9199,41.4018,781.4351,111.0651,753.9283,180.4497,777.8987
606.6293,43.8886,733.5394,56.1263,871.5836,78.9029,824.2202,143.4091,877.6340,266.3044,744.1581,-15.0078,831.1727,56.5287,893.5149,157.4180,793.5564,156.0647,795.2569
721.4144,31.2681,787.8115,52.8776,908.1927,65.6851,840.5900,106.7660,899.3995,223.8173,803.7893,-1.0617,842.9860,81.0507,955.1599,167.9592,834.9389,120.7104,787.1933
808.2822,65.9262,830.0927,64.7437,922.6901,66.6803,824.7211,87.0586,846.1014,194.8560,853.4559,27.9455,868.3561,98.0727,951.5989,139.3876,900.6607,114.9081,819.0018
831.1385,117.5093,874.4540,80.4729,945.6265,79.5356,837.2337,111.2303,808.3774,194.2675,877.6599,39.2537,878.6483,108.2903,907.2826,132.3384,948.5850,121.4732,910.7751
847.7283,107.4162,900.2614,68.0283,940.6124,82.0743,879.6791,141.9178,802.2711,153.0177,892.7516,21.7000,867.1205,130.0831,875.9020,141.2516,950.7974,135.4127,975.2968
861.3536,73.4069,896.6265,66.6055,927.6082,97.2955,878.3242,139.0486,802.0575,81.8209,913.6145,20.6533,875.9467,157.7383,894.6680,113.0272,935.1345,160.4897,966.8987
860.1413,79.3868,901.9332,118.3585,944.1586,129.5574,812.9694,109.8764,809.5916,28.5864,938.8735,34.9019,896.6418,171.8661,923.8134,68.1241,930.4338,163.2816,942.5362
875.7946,105.1828,936.5073,168.2885,940.2706,138.6568,755.7106,91.5946,810.0511,-14.2188,961.6722,28.7231,888.5795,178.0629,913.2242,62.9133,937.3107,133.2031,920.1688
892.3577,129.3830,953.6223,158.5784,906.9936,128.7738,773.6058,108.3927,787.5674,-17.7719,965.2175,37.5547,879.6149,188.4895,874.2313,92.1195,939.6373,104.3493,876.1340
859.6948,160.4077,913.3787,129.4109,905.9460,136.1050,838.8198,133.9215,771.2434,49.7534,945.5786,93.1765,906.6209,190.0688,829.8524,106.0464,925.9377,89.1677,844.8319
824.6863,190.9740,854.9036,142.0688,911.4791,151.5242,861.8275,122.7357,773.4875,109.5671,933.2071,144.7538,927.4399,174.4075,797.9835,82.1619,913.3215,92.4469,835.2332
860.0757,220.2415,839.1666,190.9512,875.7432,159.2945,823.2040,91.8743,768.1941,105.4922,929.6172,156.0233,899.7509,158.9561,808.2269,62.3154,919.5422,130.9601,791.5402
914.4620,238.0812,851.4440,226.4691,844.0082,170.9627,796.8132,94.6917,754.7832,95.0753,882.6749,129.7044,843.1401,145.8012,830.2556,96.5587,920.9076,166.7784,739.1105
905.3940,207.4282,830.7698,215.0084,826.4310,177.0012,812.6963,120.6435,736.0079,97.8420,800.7197,61.7892,777.7868,120.7978,786.1850,141.8898,889.9492,141.8747,740.8655
852.1360,156.4503,779.4865,176.6448,776.5887,163.7378,817.3539,124.6604,687.7775,85.3830,773.7792,5.3807,714.0625,102.9533,702.9207,130.2552,840.1945,85.9682,732.3493
806.1301,156.3084,753.5825,161.5187,726.0156,154.5142,779.7075,115.4377,631.4961,95.6859,804.2557,31.3569,680.2389,112.8999,686.8875,120.3054,796.6224,60.9577,648.9593
772.4728,181.2069,758.3773,179.8486,713.8597,161.9922,713.3657,115.8285,615.7738,140.3249,780.5332,87.6116,672.5455,118.9302,722.0275,184.1258,770.2909,60.4014,572.4755
727.5895,174.6763,746.0524,195.1881,701.1816,165.0431,638.2283,108.6281,610.4709,131.4204,681.4761,101.8026,651.8300,101.7281,684.2698,231.4696,759.0158,55.6703,565.0573
640.8576,164.6158,694.9463,180.8267,669.8753,149.5255,592.4365,91.2412,564.6483,39.6152,610.5609,118.3462,615.8892,99.9893,559.5929,183.7803,731.3056,43.2218,572.7101
534.4855,159.6635,618.5905,139.2581,621.0016,112.1327,584.5027,94.0144,510.7148,-42.9382,595.4661,158.5139,576.1989,122.8208,467.8056,137.2846,661.6162,16.2400,565.3460
495.0321,120.4288,533.4753,93.7127,526.1318,62.3377,546.5974,111.8866,479.3519,-50.2935,561.8139,160.9323,509.9377,127.2954,460.3764,145.2870,587.5712,-19.8540,556.7098
515.0353,81.4032,461.1144,74.7885,418.6601,37.6851,446.6940,107.9914,428.7465,-20.2609,493.3617,129.8151,423.1198,110.3910,447.6955,121.1027,544.3943,-28.2887,526.2177
473.2145,85.9601,415.3798,82.3083,363.2774,56.2473,353.8611,88.0320,350.6591,-11.1529,432.8114,113.4180,366.7702,103.8352,366.5298,76.7787,491.5555,6.7301,468.2390
365.5748,85.9075,385.2189,88.1554,336.4065,86.2253,314.2917,85.1313,298.8299,-15.4701,386.0948,110.3584,349.9129,105.9472,281.4080,113.9983,398.3582,49.0799,408.3246
301.3928,66.5581,363.2111,89.2423,315.1122,100.4156,293.9100,85.0064,273.8970,4.0276,352.9745,138.3634,339.4580,112.4827,247.8152,174.6087,309.6643,55.7034,341.7333
270.7836,87.2166,346.7827,100.1573,328.7493,99.1760,264.9551,56.0107,229.3777,32.1035,340.1508,208.1166,323.1390,135.6077,221.9769,139.1018,260.1453,39.0131,272.9720
209.6073,138.4983,312.7638,116.8433,339.0386,91.6275,231.2058,27.9585,173.6799,42.6884,295.3786,236.2185,292.9201,150.1504,180.4770,59.7855,231.0471,59.9436,234.1331
162.2597,159.2492,257.4348,139.2787,295.6749,103.7809,195.6091,41.8580,146.4455,59.0271,180.3370,189.1031,236.6036,125.4730,159.3082,32.8779,207.2775,127.8047,207.7628
139.9469,148.0675,213.2766,167.6743,239.6617,144.5325,166.0184,67.8992,154.6406,76.1990,76.0873,150.5028,175.2868,88.4571,144.5047,37.7334,175.6467,170.4581,162.9866
70.0706,124.3215,174.0871,166.0123,178.7687,165.1876,139.9697,74.1978,194.4467,66.0109,56.7995,130.4342,127.9587,63.1524,107.3176,43.0909,108.5015,157.4103,123.4605
-1.0956,90.0842,98.7295,116.6331,73.6301,135.3300,90.7408,88.8432,249.1056,94.4658,63.4746,71.5341,72.4475,26.3876,95.2643,50.0625,22.7405,134.5326,89.9680
24.0273,65.4641,7.4935,68.2695,-23.4348,94.1855,19.6273,117.1532,268.4032,216.3143,28.3063,13.5778,1.4893,-25.7225,123.2103,29.7589,-34.3893,112.9186,30.1829
63.7320,57.6608,-49.1038,52.1791,-67.5351,66.5736,-25.0980,137.1588,244.4980,338.2620,-28.8767,-7.0083,-57.3304,-66.5809,116.2962,-0.5822,-80.0277,78.5869,-13.3473
-4.0327,40.9049,-90.0177,37.9416,-118.0241,36.5603,-12.5514,184.5512,239.1640,396.5297,-91.5990,-45.0101,-97.4944,-89.7664,62.2415,35.0097,-155.8435,67.0960,17.7571
-126.2779,11.8308,-149.2066,15.9046,-174.7172,14.8909,26.8900,261.9669,256.9015,427.1585,-169.7129,-79.1188,-132.8033,-88.6714,16.9730,111.4797,-224.2325,94.0659,70.4201
-194.5891,-3.0696,-196.1150,20.9098,-172.9926,26.3318,35.9020,263.8440,217.6858,369.3932,-233.5933,-22.2239,-158.4729,-40.2130,-36.4053,131.3776,-230.6962,129.7383,68.6612
-196.7856,21.0652,-199.8898,63.8566,-147.1220,65.9918,-2.6688,167.1664,102.4561,175.6920,-256.0389,83.8123,-163.4498,42.7582,-121.1134,105.4409,-203.8017,179.1638,28.4088
-187.1635,89.6310,-177.5229,117.0260,-146.4301,120.1896,-53.1041,86.8917,-21.5653,27.3471,-261.4160,138.2199,-153.2764,112.8939,-173.8111,91.3283,-188.4664,232.2532,-5.7905
-213.3768,158.9231,-149.1585,156.4380,-133.0732,169.3287,-85.7001,48.9756,-113.2668,50.6518,-268.1793,143.5093,-150.7967,147.3906,-174.3888,58.4980,-175.0889,232.6825,-24.7560
-237.6223,177.0342,-131.5099,181.1001,-109.6215,185.5616,-100.6851,1.8005,-167.8889,97.7274,-274.8433,138.1712,-182.2348,153.5323,-182.0217,-6.7345,-158.4328,204.6353,-38.8760
-169.4263,169.6053,-147.2372,195.5640,-128.2702,172.5424,-99.0592,0.5991,-182.6331,74.7600,-291.0437,132.9234,-235.6063,145.5535,-197.0422,-28.2346,-151.5896,198.9382,-68.6117
-50.8894,179.5235,-183.8679,184.3194,-166.8960,149.5269,-97.0320,67.4738,-192.6429,76.3164,-297.3206,150.2161,-259.3560,136.1369,-191.8947,15.0499,-139.7234,150.0146,-118.8727
-35.9991,175.7519,-204.1599,136.8843,-182.8742,115.3767,-118.2882,81.9507,-230.7658,122.2495,-257.0345,178.0466,-236.3933,121.3771,-201.8403,53.4339,-134.1742,46.7434,-151.7868
-141.9461,131.6324,-208.1294,92.4416,-187.5884,88.9839,-118.6547,43.9136,-246.1588,161.1855,-212.1530,154.2539,-200.5319,94.7857,-224.8548,69.7407,-194.1089,24.7515,-131.1619
-246.7059,80.7193,-214.3513,84.0478,-189.8993,92.6618,-49.3415,90.1346,-201.2106,199.0202,-237.4222,86.0892,-176.5875,79.5642,-204.5335,103.8229,-291.0742,76.4484,-78.7414
-286.9915,43.6930,-219.8930,72.1206,-193.7966,80.2897,0.4154,167.4688,-168.7149,183.8968,-307.8765,66.3459,-178.2671,95.1712,-171.4515,135.4924,-303.7554,35.4029,-63.5074
-280.4365,22.7687,-233.9833,25.8866,-219.5493,16.5890,-72.1437,117.0304,-191.1172,60.1195,-351.9814,132.8666,-221.6100,115.6601,-184.8947,116.5977,-234.5689,-80.0504,-134.6477
-276.9564,26.8669,-276.1494,-15.9860,-257.4137,-38.9096,-180.7346,3.1837,-195.2646,-45.8356,-375.2065,213.9882,-278.6411,113.2925,-201.5249,79.1266,-229.2929,-122.7571,-243.2368
-331.1273,20.2248,-321.8506,-42.4316,-277.5642,-55.3600,-194.1965,-29.7374,-156.4984,-22.3071,-408.1570,229.1151,-293.2245,97.0341,-195.8818,89.5919,-325.1769,-107.5564,-275.4591
-400.3363,-42.5138,-328.8550,-91.8459,-268.4865,-90.7441,-150.2404,-15.5973,-147.8895,39.9637,-428.9069,187.2233,-263.6752,79.0797,-226.2078,136.2816,-404.0773,-104.6396,-214.5615
-396.4148,-118.2475,-299.1897,-143.7023,-229.8172,-146.8575,-138.6404,-21.7414,-169.7275,80.3126,-419.3021,153.2910,-225.5751,59.7517,-262.0005,152.0739,-407.8001,-85.8052,-167.8844
-367.8926,-133.5309,-258.3372,-139.5615,-192.7657,-150.3229,-142.7906,-25.3061,-154.1161,142.3758,-394.6537,139.1272,-183.8908,44.9356,-210.2586,109.9450,-390.0182,-46.7150,-194.0739
-387.0070,-91.4381,-217.9589,-91.7490,-191.8377,-95.3317,-125.3213,-33.7248,-133.4864,159.4447,-355.2065,105.8234,-135.5200,35.3463,-129.7507,32.7999,-383.7439,-7.9356,-242.7884
-375.0559,-46.8183,-185.8772,-50.6263,-182.5350,-41.6684,-111.1237,-71.0159,-175.5148,53.4874,-301.3112,60.8535,-99.6736,24.4714,-133.6541,-39.2120,-379.4871,64.8443,-261.8023
-299.0094,-39.0381,-162.3237,-31.8976,-129.3727,-16.0130,-120.2371,-82.4783,-217.0695,-49.2667,-265.3985,42.6836,-86.7286,20.1761,-168.3211,-54.8680,-381.0250,139.9126,-236.0116
-275.0406,-56.7613,-138.7825,-34.4098,-108.1339,-14.0406,-125.3458,-26.6814,-172.5195,-18.8729,-256.2857,41.1792,-88.1636,30.1945,-138.5677,-2.1710,-385.7559,126.2579,-170.1514
-312.2396,-53.6092,-132.4033,-44.7131,-151.3374,-25.0403,-95.0831,51.5510,-93.4571,70.0023,-232.9725,27.6281,-89.8225,42.4080,-82.5818,47.4564,-374.1317,65.8787,-106.1466
-299.6014,-31.8663,-160.2511,-34.4542,-171.7944,-27.4339,-38.8387,110.6572,-59.3826,121.4628,-172.7809,3.6164,-73.7014,50.5637,-60.0973,37.6102,-346.3589,55.4028,-80.6735
-240.6138,-36.7051,-178.7903,-10.1328,-145.4561,-14.1386,-0.7265,157.0748,-51.0453,155.6892,-94.7508,-17.9762,-40.2257,62.3990,-70.3954,11.8727,-303.0297,63.5246,-62.5578
-183.5727,-46.3890,-142.9140,-0.4828,-130.8277,6.3210,-1.5724,202.0080,-30.2120,182.3531,-22.4790,-21.5067,-15.3361,69.1150,-115.0476,11.8761,-220.8662,45.3887,-9.5095
-95.6278,-16.4519,-93.1687,5.5776,-122.3562,35.7814,-9.1693,242.4195,-2.3880,170.0017,14.5097,-9.6854,-9.5792,56.5551,-150.6590,17.6328,-106.8689,48.8088,64.0548
4.5033,12.6186,-80.2682,23.2726,-92.7388,65.7318,9.8186,264.8974,24.6684,153.0969,-1.5128,-22.5039,-10.7865,43.4840,-85.0589,45.8570,-13.5671,89.9235,121.2020
51.4050,14.0445,-63.0571,36.1127,-58.5971,78.4686,41.1885,264.3320,28.6849,192.3681,-20.1977,-50.8355,-13.1964,58.2030,34.2100,125.1225,40.4975,121.7208,140.7319
85.5253,47.9136,10.5515,58.1984,-6.5082,91.7882,50.5575,258.7743,-26.0452,251.0950,27.3635,-15.7515,-2.6007,91.3872,48.7942,183.6662,92.6117,132.6730,127.6943
158.9464,122.5053,96.1828,116.7788,82.5724,124.1832,41.4721,253.2184,-102.8692,241.4371,123.0771,72.4631,49.0404,113.5288,-21.0512,161.7761,155.3332,140.7369,118.8669
221.5239,167.3893,129.7421,162.1630,166.4949,143.3983,60.3467,228.8539,-113.2696,163.2110,199.9884,111.4502,131.6778,120.5064,-4.0969,133.3922,195.5589,148.7115,138.3674
240.7647,167.3071,134.2364,142.0216,219.9962,132.3747,126.9977,197.5224,-39.8926,95.7010,237.4266,106.0439,197.5186,131.2956,115.5436,150.9852,209.6338,156.4306,168.8212
241.5146,155.8695,164.0737,114.1018,264.4343,130.3891,197.2399,194.6607,61.1460,83.8018,241.4773,134.3564,231.1784,154.2111,210.4453,160.6536,234.5213,157.6237,201.1333
231.8557,142.0717,209.8060,135.4709,298.6779,147.0857,237.9485,214.5313,137.7428,109.9127,226.9775,160.1958,261.5268,171.9952,247.3806,157.3836,277.9563,143.0446,243.4850
243.8961,132.5294,230.3421,148.7905,315.8309,138.6171,271.1602,220.2644,165.4322,134.8326,253.1241,119.2855,302.2076,156.6539,277.2186,183.1068,316.2861,126.8124,272.6040
311.3766,130.2533,231.9469,112.7639,321.5059,101.8951,301.4203,195.1034,167.4990,112.2461,348.6775,70.2829,326.8356,106.8864,304.7900,188.7264,353.3929,123.4438,262.6095
360.5202,125.0741,248.3653,97.1389,306.9375,88.8948,308.6842,153.4217,193.0067,28.6523,430.9802,80.9893,318.7144,69.0860,312.8549,133.8619,408.4559,117.7464,238.6059
322.8327,134.4418,277.2642,136.8665,298.1481,112.5010,317.2454,128.6446,215.1482,-45.9441,431.3434,119.7439,315.1897,83.7077,303.2097,103.5629,462.2503,92.6314,234.2523
286.2263,160.5103,298.7811,155.4674,342.8852,122.4982,347.2104,132.0359,170.7496,-35.6077,407.5150,138.1727,352.3893,116.9531,274.1731,142.4404,480.9466,58.4445,245.7469
347.7092,152.0314,324.7849,115.3259,401.5372,88.9922,361.4025,121.7659,118.6590,16.4774,423.4399,123.8606,388.7421,110.2535,240.7801,159.4290,470.3466,40.1590,255.2143
456.0803,111.8659,370.0969,83.3735,407.0474,50.7013,350.2783,68.8854,156.9613,-0.1182,452.3994,87.4436,369.2795,81.0170,238.2114,107.3920,459.2658,42.1702,253.3199
523.8504,101.5201,407.8424,94.9133,384.3987,54.7603,348.2529,18.1703,227.0714,-99.5835,464.7225,68.6336,331.7432,86.7126,263.7068,61.6352,455.1500,42.4843,249.3985
536.9911,98.2449,410.7912,96.2865,371.7754,82.6150,354.5473,18.1602,229.4772,-180.4921,472.6243,81.7883,341.1093,115.9625,284.0366,73.7563,441.4451,39.3649,265.8582
503.5726,44.3322,398.6009,54.5505,359.1744,75.4869,364.9052,49.0435,221.1395,-167.1210,475.8295,79.5462,376.7403,113.5655,296.5183,99.7169,409.0919,47.1704,292.1304
436.8362,-10.8377,396.6035,11.9781,357.2440,22.4697,391.6247,60.5746,287.6103,-94.8483,466.0511,49.2968,383.5673,78.7281,320.4196,86.4971,380.7475,32.3990,280.9845
387.8734,-2.3397,397.5354,8.9357,367.2614,-22.9336,379.0139,29.2818,376.6205,-36.2597,448.7331,34.8824,353.9313,49.8630,357.4326,43.6557,378.4454,-34.7652,217.8561
382.0670,31.5000,389.8832,22.5468,344.2953,-24.4612,279.5670,-23.2741,417.7184,-4.0530,420.2397,22.0468,304.5521,30.8929,393.7822,13.5207,370.9276,-97.0552,141.8624
355.9234,32.7956,373.3652,6.2412,290.2089,-17.5669,189.1866,-52.4838,432.0896,31.0179,385.5920,-34.9292,259.1584,-3.2519,407.5497,4.8286,317.2170,-113.3909,90.0920
266.1671,5.7325,345.4371,-35.1280,244.0512,-45.2992,187.0679,-54.2314,425.9679,70.0735,372.3093,-91.4058,245.1631,-56.1583,373.6222,-2.5447,256.6930,-131.2622,64.3577
205.5010,-11.9008,306.3356,-48.1220,194.0064,-77.8946,178.8318,-68.7388,348.0539,79.5610,373.0291,-88.0459,244.6418,-96.0979,299.2195,-2.2775,255.7673,-153.8960,45.8508
259.8850,3.2099,262.1435,-19.0953,135.0520,-64.3367,92.7107,-99.2258,206.8249,36.4509,349.3110,-70.9529,214.9657,-90.9473,238.9088,20.8174,281.1888,-130.7510,20.3824
334.8601,22.5013,216.4073,2.4166,100.1562,-25.9039,14.2174,-107.4477,86.4041,-36.0538,309.0529,-90.7592,174.9765,-54.6454,228.3444,44.2040,252.7754,-95.4741,-10.5836
311.4258,8.4174,178.5629,-6.4620,81.6338,-11.4012,1.5484,-86.6490,26.5622,-81.3608,280.2392,-101.6492,167.7740,-30.2897,223.1034,44.6828,183.9836,-93.0634,-46.2991
235.1319,-3.4428,154.6348,-14.1806,63.8469,-12.2825,-2.0977,-55.6025,3.3382,-74.0751,240.9594,-65.8808,166.5515,-24.3432,168.1410,30.2606,138.0312,-75.1758,-85.5968
173.9192,25.8284,119.1386,-9.8564,64.9276,-7.7749,-28.4860,-26.9478,11.7439,-43.1412,176.7625,-26.4787,123.5969,-17.3817,97.5460,6.3264,110.2448,-35.2556,-106.2198
100.8437,48.5752,54.4197,-11.3431,55.1426,-16.2342,-48.4507,-29.6126,47.1367,-13.6159,125.9535,-16.2398,55.3111,-23.1658,66.3805,-21.7175,72.2268,-41.3087,-106.5691
29.2867,36.1238,0.5293,-14.9175,-2.3858,-37.8400,-61.8487,-75.5826,50.1593,9.4656,88.3355,-12.9768,2.0326,-51.0607,38.8909,-31.8176,43.6206,-76.4668,-127.5435
5.8836,31.1269,-9.2834,-17.6316,-46.9177,-43.4325,-92.8736,-107.3291,-7.7842,10.5871,8.9286,-6.3478,-32.2285,-60.4123,-29.4459,-21.0477,26.4744,-80.5998,-159.7276
-23.9782,19.0485,-11.0612,-37.8889,-42.5981,-42.2827,-130.0465,-74.8250,-61.0162,-0.2400,-98.6847,-17.1965,-63.4702,-39.6424,-95.3176,-8.2647,-23.0256,-81.5172,-138.0881
-96.9893,-48.9698,-46.0700,-67.7843,-66.4811,-59.7902,-144.9048,-15.5320,-59.7495,16.0941,-155.0011,-49.2246,-100.2000,-38.8320,-123.6463,-6.3371,-98.1612,-104.8845,-79.4482
-132.2800,-111.8857,-104.8291,-77.1198,-136.5975,-72.7713,-145.8308,9.5817,-30.7017,38.2484,-159.4585,-76.1718,-146.3248,-63.1523,-138.0964,-34.5536,-142.8599,-107.7019,-65.2326
-120.8101,-87.7078,-160.5423,-65.0762,-169.3493,-53.6812,-165.8807,-13.3411,-2.4223,9.9342,-182.9149,-74.8007,-206.0757,-62.0131,-135.2272,-87.0153,-162.5960,-78.3579,-92.8129
-153.1189,-27.8655,-193.4761,-45.6166,-157.6566,-26.6866,-201.6581,-59.3520,2.2847,-46.4121,-229.2610,-56.7332,-266.4891,-42.3507,-116.0767,-93.5547,-202.0539,-48.8543,-108.8775
-217.5485,-20.3260,-201.0540,-25.6777,-170.8017,-24.3496,-212.7674,-80.7547,-40.7250,-82.5092,-254.7775,-58.9206,-288.3131,-50.9938,-135.8414,-28.5026,-245.3346,-36.1377,-111.0405
-244.9154,-51.7515,-216.5061,-24.6983,-207.1227,-39.9836,-184.9427,-52.7042,-76.8160,-114.0593,-274.7484,-87.2514,-259.6081,-75.3477,-176.8889,14.2788,-257.9978,-46.7400,-100.1801
-259.8853,-67.5583,-255.6269,-50.9956,-218.9198,-48.9988,-147.5974,-24.9200,-36.5846,-147.5560,-312.3695,-107.1342,-235.5839,-88.5927,-153.5674,-32.0541,-261.5752,-61.4270,-72.8729
-294.3498,-68.1202,-269.8409,-76.1716,-217.8305,-49.5203,-140.6749,-51.5779,14.1844,-152.5610,-330.5580,-111.2943,-254.2755,-111.8740,-105.9384,-110.0659,-279.6609,-50.2040,-82.0287
-321.7229,-81.6497,-240.9806,-83.8873,-242.6493,-63.2926,-182.4820,-97.9771,-1.0459,-142.3819,-318.9055,-120.2717,-272.4505,-140.3532,-129.9817,-146.1749,-296.2027,-44.3101,-151.9546
-334.2997,-99.2857,-230.9165,-89.5532,-280.3270,-90.5674,-242.1487,-109.1440,-17.0783,-144.4564,-323.3920,-112.4756,-266.8155,-127.0190,-180.4936,-129.3730,-302.7356,-72.8513,-217.6284
-329.9645,-94.2774,-258.3383,-95.4423,-292.5169,-99.2928,-273.3392,-103.8135,-1.2446,-142.2301,-338.4216,-61.5381,-284.0621,-84.0020,-201.8965,-96.4704,-302.5509,-83.5742,-248.1406
-309.0016,-82.7177,-268.8990,-90.2764,-288.3727,-86.7757,-291.7854,-117.5800,-39.4990,-126.7033,-321.7602,-10.4038,-325.4840,-67.0152,-252.4085,-104.2967,-293.6289,-58.3879,-277.9637
-332.1159,-88.0192,-263.0317,-73.6099,-304.8116,-83.7644,-336.4965,-135.5831,-126.2136,-104.8570,-304.5054,1.3191,-339.7728,-66.6948,-322.6814,-152.3055,-295.9816,-50.2334,-307.7598
-398.4752,-74.1654,-290.7070,-45.7338,-334.5997,-80.1293,-380.9136,-136.8442,-168.4738,-74.3381,-331.8459,0.4625,-342.4388,-43.8079,-326.8649,-174.2194,-320.0393,-49.7522,-328.3330
-386.1236,-21.7516,-334.0168,-20.7404,-351.6170,-52.3043,-395.5495,-129.6961,-192.3740,-69.3182,-367.3321,-3.6716,-369.7888,-25.5078,-311.4077,-166.4120,-326.4968,-25.4974,-361.0620
-303.1995,0.5230,-343.4502,-32.2467,-366.2559,-39.9284,-410.8085,-121.5381,-259.0857,-116.7876,-372.6649,-33.8286,-376.4967,-52.6620,-364.5452,-176.1076,-310.2512,-24.4138,-384.9190
-311.6312,-42.9938,-333.7452,-72.7948,-380.2663,-71.0951,-430.5739,-109.5677,-313.4386,-148.1519,-367.7261,-61.1043,-336.9590,-94.4151,-427.1574,-168.6965,-328.8696,-52.2789,-363.3258
-393.4340,-83.3513,-338.7588,-90.4951,-371.7549,-92.3807,-426.6383,-94.9008,-320.2116,-114.1771,-358.9117,-54.7997,-319.9594,-103.0295,-431.0773,-112.2295,-373.4754,-44.9915,-332.0969
-387.2928,-82.6244,-350.3393,-77.3047,-358.7156,-79.0574,-425.4539,-75.0269,-339.2528,-81.0873,-328.6201,-60.9346,-346.1566,-94.4415,-415.7727,-82.8260,-365.9552,-30.7289,-325.6285
-333.1308,-86.7635,-347.7897,-75.2911,-362.0408,-84.1641,-449.3645,-51.1825,-385.8553,-87.0258,-285.5440,-110.4925,-343.1842,-112.1933,-401.8628,-108.4371,-313.5667,-73.5836,-322.2976
-354.8712,-108.7219,-324.3850,-96.1163,-347.3326,-119.5203,-459.3098,-47.3128,-417.4099,-94.5099,-243.2371,-153.6868,-299.7472,-147.9682,-380.5389,-114.9935,-290.1477,-117.8258,-324.0664
-358.5922,-109.2848,-291.3928,-112.4895,-306.1592,-137.5098,-443.4202,-75.2122,-422.5727,-114.6642,-204.0708,-149.4172,-279.1726,-145.4483,-389.4016,-98.6796,-296.7715,-104.9431,-335.8416
-241.8208,-87.6189,-274.2698,-109.9744,-282.5998,-129.7837,-420.2803,-100.6961,-403.6392,-165.1992,-184.2852,-112.5498,-280.4417,-86.5511,-420.6472,-102.1337,-290.8441,-86.7587,-310.4520
-145.2609,-83.7351,-273.4206,-102.5667,-275.9568,-119.6245,-380.1780,-98.8093,-361.0300,-178.2757,-188.1149,-77.0469,-253.6528,-35.5195,-395.7416,-86.8349,-269.1669,-104.3815,-248.3638
-180.3181,-110.1768,-254.6550,-111.7728,-255.2005,-113.6887,-347.3974,-98.5012,-313.5994,-109.6358,-193.2783,-74.9861,-212.3866,-54.7725,-312.3665,-39.9918,-236.2979,-134.3746,-221.3587
-214.1532,-128.1310,-203.0190,-130.3539,-226.7047,-123.0311,-359.2538,-120.2911,-267.0012,-17.4544,-193.3976,-95.4902,-200.1122,-110.5546,-247.4690,-31.7823,-183.3188,-156.2227,-233.3520
-143.7533,-92.6632,-138.7122,-116.9433,-186.7540,-141.1020,-350.8260,-138.3513,-223.0639,17.7720,-186.4026,-80.1831,-205.9328,-128.6295,-230.8298,-68.1888,-114.0812,-148.9258,-224.0382
-69.1199,-21.8405,-85.9187,-61.8907,-124.2454,-119.4521,-269.8817,-146.0359,-214.8542,-42.6995,-150.5650,-30.5093,-196.7653,-107.3146,-242.4076,-99.2841,-40.5118,-101.8993,-188.0742
-61.6591,16.9288,-66.8873,-17.6000,-82.9011,-58.3901,-204.7983,-170.6164,-240.6829,-150.2608,-93.8832,-23.1763,-164.4548,-98.9303,-254.1990,-126.6612,17.0193,-57.7056,-151.6209
-52.2035,2.4026,-80.4659,-19.3845,-85.8288,-31.7418,-204.1896,-201.4528,-239.8666,-182.8708,-54.8682,-70.7068,-109.3581,-117.0535,-225.5351,-140.1925,37.7209,-49.2320,-119.9208
-5.6932,-22.8440,-81.6969,-38.9183,-83.7509,-54.9255,-183.7317,-199.7561,-191.7559,-122.9158,-39.1920,-105.6045,-46.3088,-130.1656,-151.2453,-113.1994,46.7642,-52.8181,-105.5913
36.9645,-26.9958,-52.4611,-46.2803,-60.7630,-63.7666,-112.7043,-176.5711,-133.7487,-104.0108,-30.6954,-105.3904,-9.7182,-118.5593,-88.4263,-105.3815,79.5881,-52.0845,-103.8985
63.1497,-18.7499,-34.8565,-51.1433,-49.8503,-49.3753,-50.6047,-172.5928,-95.3969,-175.0620,-20.7314,-101.6575,1.4579,-96.3552,-71.3477,-157.5741,102.5178,-55.6443,-81.4938
70.1675,-19.0459,-36.6988,-66.8316,-46.5995,-61.3865,-23.4959,-185.2583,-87.8093,-231.2181,10.6444,-102.4631,20.7353,-87.7787,-69.5991,-179.8505,82.9520,-65.2919,-50.3013
57.3262,-30.9885,-17.6136,-81.3938,-30.8722,-89.4160,-33.6808,-186.6942,-93.0914,-225.8657,61.1486,-94.4916,34.6677,-90.7458,-55.1998,-131.2345,71.9981,-81.5291,-41.7435
83.6775,-31.4174,17.6893,-74.7718,-1.8035,-80.6046,-69.8841,-176.7116,-69.8653,-212.8097,84.2192,-76.9983,15.5402,-75.3216,-40.4528,-105.4786,106.9262,-87.8724,-27.0464
155.2745,-15.1189,43.5313,-51.5462,49.4488,-40.6267,-68.5090,-165.3224,-25.1066,-200.2267,74.2086,-62.2180,11.8550,-33.1277,-36.4762,-124.5407,143.0289,-55.7929,10.4356
152.9250,-22.3457,79.7624,-44.8866,107.9467,-18.9890,-7.6395,-143.4759,7.2361,-160.0365,76.0222,-62.9795,64.8811,1.4077,-12.6947,-101.2791,141.8499,-12.1526,23.5384
70.7391,-67.9938,123.4955,-72.6251,132.4234,-35.7233,50.2642,-113.6810,46.8885,-126.1367,93.1642,-72.0971,111.5429,0.4217,66.3800,-44.6488,116.2240,-3.9660,14.5404
75.9163,-109.4927,126.5099,-108.1734,135.6655,-70.5829,86.6241,-105.3941,99.8811,-153.8566,113.4918,-76.4909,112.1724,-28.1327,161.0673,-58.0433,91.7476,-4.7560,45.6958
174.9707,-128.2424,100.0306,-119.8712,152.9976,-90.3494,133.2386,-114.8684,123.8667,-213.0504,158.1325,-97.1628,132.6632,-68.9207,191.0310,-137.0603,89.5463,20.3635,111.1071
194.6620,-145.1138,98.1056,-113.1939,168.8035,-82.8070,181.7471,-89.0131,154.5245,-198.7322,206.1771,-148.9937,190.6379,-110.0770,170.6654,-163.6979,104.4460,39.3740,158.0322
140.7801,-156.3074,114.9103,-112.7106,179.0973,-75.1825,225.4248,-28.0393,255.3781,-84.0732,211.1779,-182.3307,215.9452,-133.6703,186.0183,-100.2642,104.0266,34.4238,182.5099
154.9574,-149.8466,130.1664,-122.5203,213.3792,-89.2502,270.7225,-13.5165,341.0378,10.6624,210.8389,-145.2639,216.9999,-131.0384,233.9454,-43.2259,90.9599,29.1209,188.2001
210.8116,-137.9842,166.0007,-121.5638,261.5375,-99.7222,282.5414,-65.9648,308.3329,3.0263,251.6239,-62.4086,269.5682,-111.5455,244.5261,-59.8745,97.4149,20.5299,162.0277
218.7088,-121.2457,216.3986,-99.5991,297.1235,-84.3945,259.4643,-106.2392,231.1496,-28.9528,285.7400,0.5256,347.8904,-87.7532,231.6440,-97.3869,121.2001,2.5527,135.6010
223.5291,-91.3817,240.2740,-76.8719,308.5186,-62.8655,256.6187,-108.7999,206.7133,-32.7044,283.9618,6.7308,363.7242,-68.1634,259.7273,-95.8681,158.5676,-9.2343,145.1878
265.1191,-66.4325,237.8138,-68.1363,262.5515,-50.1054,262.9090,-116.6596,213.4708,-65.2543,291.3996,-27.2273,320.4724,-52.8071,321.7366,-60.7555,220.8964,-30.5914,162.0086
286.2044,-66.1858,229.2333,-66.1316,173.1149,-46.2340,249.5725,-102.5315,236.5333,-102.0958,312.1461,-56.8788,288.6347,-35.1660,368.2572,-4.5663,265.2809,-78.0868,167.0664
258.2372,-85.2208,210.4117,-76.7019,139.3415,-67.6030,278.2607,-24.4120,288.0794,-57.3132,321.9400,-65.9649,295.1562,-22.9496,381.7979,43.9028,249.8412,-118.4943,194.7814
213.8350,-100.0323,192.6838,-103.4718,179.0478,-108.0147,356.0286,43.1668,306.5966,4.3488,342.6933,-64.6226,310.6733,-26.5619,367.7691,24.9829,227.2921,-137.8913,235.5105
194.8264,-86.4898,195.8242,-112.8557,197.1268,-125.2170,379.2015,36.4973,256.2777,-14.9686,360.8454,-46.9685,308.0495,-26.1090,343.5466,-31.3591,233.6704,-156.2057,238.2508
228.4421,-62.9237,196.5232,-97.9513,182.3010,-120.3257,345.3007,26.5221,217.2729,-38.5546,325.4185,-29.4067,304.1496,-9.8167,334.2197,-19.1802,215.6245,-155.9886,218.2975
283.0160,-71.7513,173.9089,-103.4806,201.2411,-124.0840,337.5292,54.4633,227.4120,-0.4400,287.0670,-58.1434,319.7528,-12.9770,332.0972,33.8361,177.3766,-127.5073,207.3499
313.0867,-85.6737,157.9036,-117.2601,231.3468,-108.3995,315.5491,36.7916,207.7834,-7.4006,329.0990,-101.8880,318.5848,-46.2717,299.7078,3.4913,193.8948,-115.0035,160.8186
342.6790,-55.2806,172.9359,-82.7010,212.9947,-55.0445,220.6394,-55.2201,121.9203,-102.1298,391.0217,-88.4597,265.8775,-61.4262,228.9014,-83.8011,242.6439,-127.6152,66.2351
372.6324,-28.7604,196.7352,-41.2836,164.5466,-34.6046,145.6356,-123.0668,42.1422,-149.0125,368.4171,-65.6718,199.6754,-47.7666,153.8133,-103.9078,243.0511,-135.9707,20.3723
338.2684,-54.5173,195.0627,-63.7073,124.2102,-73.2408,160.3966,-108.6421,36.5139,-90.3084,287.3707,-116.6258,153.6133,-51.4907,113.8198,-60.3110,207.0017,-154.3763,61.1891
255.9056,-73.3966,160.3208,-90.1114,99.1757,-86.3517,180.0465,-69.5828,90.6679,-29.9726,224.0209,-186.0266,113.8069,-74.6687,118.9525,-34.9042,176.0280,-178.7146,87.7277
197.7658,-54.4745,120.9489,-47.0402,94.0394,-43.8170,146.8381,-62.2769,127.5655,-11.1272,185.2543,-194.4754,101.5596,-75.7989,131.9914,-37.6905,137.2035,-145.6152,50.9129
153.6173,-47.6578,106.6450,4.5054,100.7876,-11.3130,115.8094,-64.8925,83.9031,16.3973,151.7110,-170.0258,134.8672,-51.6160,107.3367,-44.9858,93.6718,-63.2724,24.9969
115.9653,-42.3871,99.7194,9.2989,94.8552,1.1688,104.8727,-45.8410,-8.2395,18.0034,120.0904,-140.0739,136.8310,-24.5564,55.8748,-64.8291,75.4219,-14.7131,31.1296
113.4134,2.8492,70.1244,19.5632,67.8478,34.6260,60.6556,-36.3459,-69.1507,-73.9556,84.7775,-95.7199,63.6061,-5.4424,10.3209,-102.8874,69.4950,-2.8935,1.4500
83.6241,42.3330,38.8186,51.9219,28.9063,66.2337,-14.5344,-69.8926,-108.3220,-182.5997,40.6929,-73.0746,3.1108,-3.1819,-52.2298,-133.3432,43.9945,22.0114,-65.5600
-6.4616,35.0616,29.7624,49.3710,-3.5513,59.4630,-50.0408,-102.1187,-183.0842,-197.8634,-15.7218,-85.4721,7.8670,-2.7069,-152.9894,-125.6832,-2.4340,37.5402,-101.8902
-47.6840,19.4137,15.1775,15.7858,-16.1466,38.4056,-27.5976,-93.1642,-241.5090,-163.9765,-86.5885,-75.6014,13.6791,24.5073,-228.0298,-100.8169,-57.7157,4.3818,-101.9572
-38.3700,17.4680,-24.8915,1.2111,-33.5359,19.5534,-16.5814,-94.8618,-203.5733,-156.1594,-147.7296,-38.9158,-22.7853,43.7679,-223.9496,-118.4117,-104.8604,-53.7413,-117.0347
-102.9576,15.0813,-72.3889,-11.3767,-86.0704,-17.4553,-70.3967,-135.7384,-147.2690,-134.9722,-175.6295,-32.7331,-91.7420,4.2172,-201.2012,-161.0051,-131.9295,-100.4838,-164.8358
-189.5587,7.9250,-121.9091,-55.4009,-158.5407,-62.0671,-159.8198,-146.4772,-183.8265,-78.2535,-201.4805,-57.6000,-188.8851,-46.5877,-229.1727,-144.0228,-166.0941,-120.0132,-228.9281
-190.9286,-18.4188,-178.3528,-92.1195,-231.9140,-78.6890,-234.8497,-105.9456,-251.2599,-45.5773,-258.5627,-79.2628,-280.7040,-44.4892,-280.7469,-83.4742,-237.8145,-110.0761,-291.6604
-197.9888,-61.3413,-229.7644,-86.0273,-309.7419,-70.3138,-292.4458,-86.0727,-272.9324,-31.1150,-312.7229,-100.4706,-327.7286,-30.9019,-321.0183,-66.2441,-319.7612,-95.1599,-340.6924
-259.5188,-73.7446,-271.6065,-75.0847,-378.8140,-62.4581,-359.8156,-100.2149,-343.1818,11.5414,-327.8206,-125.0864,-364.2975,-55.1054,-378.8959,-80.8980,-362.4781,-85.6775,-383.3491
-270.8058,-47.7690,-306.8388,-79.0987,-426.9669,-49.8417,-446.6343,-101.5261,-519.3082,17.7717,-332.0167,-135.4742,-424.1745,-84.3728,-466.0133,-91.4875,-357.9674,-48.5249,-436.8277
-265.3496,-26.4331,-327.8258,-51.4187,-463.8033,-17.3303,-529.2625,-101.8312,-667.2115,-75.2157,-361.3017,-122.2082,-470.0191,-96.5421,-542.6750,-133.5983,-344.8723,7.4463,-491.7312
-347.0979,-20.9922,-349.3898,6.7011,-480.1747,8.9778,-581.5437,-118.2993,-696.1981,-163.9164,-413.8146,-95.7515,-483.7246,-109.1305,-589.6373,-170.8723,-377.1745,16.5541,-523.4410
-438.6957,-25.6129,-398.1293,23.6463,-475.5527,-2.0594,-611.0927,-113.5221,-684.1462,-140.3030,-476.1340,-80.6461,-490.2221,-109.7725,-616.2641,-123.6775,-460.0919,-22.0039,-534.9200
-476.2088,-35.3680,-448.5504,1.7096,-490.5326,-17.2176,-636.9401,-101.6984,-690.6078,-79.8071,-530.1148,-68.6858,-491.2082,-89.7854,-618.9801,-86.8369,-518.6094,-46.7761,-550.4563
-520.0176,-16.3719,-464.4160,12.5656,-518.3437,4.0311,-649.5202,-143.7957,-697.0685,-95.0053,-553.7640,-11.7485,-491.1242,-82.3930,-602.8549,-169.6855,-497.2908,-51.4471,-571.0253
-543.4240,13.3357,-467.5850,34.9482,-505.1249,15.8539,-636.5779,-203.2748,-705.0668,-145.3865,-554.8125,53.2315,-502.8595,-98.4579,-595.5056,-231.8541,-450.5078,-61.2134,-566.2047
-530.8281,-29.5650,-479.5885,-5.3324,-476.9773,-30.0218,-611.5410,-196.5421,-705.8871,-147.5158,-568.1628,16.6579,-492.5314,-117.1022,-603.5178,-143.0980,-448.0375,-60.7344,-523.2254
-597.9766,-120.2805,-486.1050,-75.9454,-493.1305,-78.3541,-578.9247,-149.6256,-663.0368,-147.0040,-617.0200,-72.0073,-445.6767,-121.8213,-606.4871,-55.5900,-474.4935,-47.6214,-483.6940
-691.7805,-152.6950,-501.6455,-108.7580,-520.8521,-80.3018,-524.3587,-136.5283,-604.4553,-209.4293,-699.3212,-45.1679,-414.6581,-84.8982,-592.2537,-105.8077,-499.7816,-51.7840,-490.2982
-628.0876,-150.8542,-551.1417,-122.8617,-514.4109,-85.7462,-447.6705,-145.4914,-580.2057,-247.7455,-781.5527,77.8901,-395.7861,-24.8601,-560.3453,-159.0295,-538.5605,-60.7964,-512.9987
-525.0798,-195.3061,-597.9587,-143.2353,-496.5251,-116.5943,-362.5528,-129.1350,-566.3835,-157.6619,-819.7239,159.4360,-326.9796,-58.2166,-516.7594,-60.7191,-589.8530,-39.7750,-494.2491
-605.7524,-246.5635,-598.1155,-151.9064,-478.2019,-113.9395,-284.1590,-93.2553,-542.3246,-19.0882,-821.8029,233.5448,-231.9051,-214.7545,-471.4197,135.0254,-618.1157,-9.9016,-438.1969
-728.0556,-254.6568,-568.4598,-164.3954,-441.6010,-71.6374,-222.5506,-69.0067,-533.7058,28.1452,-822.8745,384.9452,-158.5733,-317.7566,-412.4182,280.1209,-603.6218,-11.4724,-384.1491
-674.7619,-256.6273,-531.6500,-198.1852,-397.6965,-48.3445,-164.1230,-72.8182,-518.2648,-34.0363,-800.2316,530.8382,-60.5426,-237.9205,-326.4137,305.2607,-548.5685,-30.6795,-344.2782
-555.7817,-269.5159,-482.6763,-217.0035,-359.0359,-48.2978,-95.6614,-107.9830,-457.3135,-164.8192,-733.1130,601.4880,73.0633,-70.9497,-259.3999,271.0591,-470.6715,-22.3255,-323.5473
-521.2789,-276.0586,-432.0369,-209.8088,-322.7004,-36.5440,-39.4425,-160.2318,-401.6030,-305.5616,-685.1596,680.6489,141.4366,63.5043,-264.2605,278.6017,-415.6075,21.4293,-338.0596
-501.4285,-279.4364,-398.1396,-203.8248,-303.5115,-20.2056,-12.1816,-209.5771,-414.0518,-354.1080,-687.7262,805.5454,105.2781,151.8519,-297.0045,318.2658,-402.6575,49.5933,-381.6239
-426.4038,-260.1691,-375.3803,-183.9837,-309.2657,-13.5204,-13.4339,-253.3581,-467.5727,-310.1377,-671.8187,891.7308,39.2938,186.2141,-289.5788,310.7461,-377.3498,24.5362,-426.8486
-348.8984,-203.6638,-354.8628,-133.6735,-329.0127,9.0907,-76.8846,-282.8344,-516.6027,-298.2772,-619.1646,908.4885,-13.4273,174.6170,-282.2878,275.0825,-307.6316,3.0583,-458.6594
-316.8011,-162.8116,-334.7196,-85.9993,-359.5702,65.9763,-197.9252,-269.8892,-554.3675,-313.7090,-582.5959,915.4257,-63.1227,184.3590,-336.5691,267.9847,-252.5683,53.1471,-466.4160
-322.9096,-161.6366,-300.9312,-56.0303,-368.9777,119.2666,-251.0725,-225.4375,-559.6550,-251.4365,-536.7191,937.3123,-92.6968,212.7321,-392.1589,238.6130,-242.6867,120.1424,-429.7952
-328.8755,-149.5466,-241.8327,-37.1981,-313.7363,114.0287,-161.4010,-212.7466,-506.0736,-188.8743,-440.7223,940.2344,-81.1601,176.4883,-371.9049,140.4987,-210.2782,120.8302,-347.8545
-292.0122,-116.6537,-177.6765,-44.2958,-242.8863,65.6250,-48.2867,-252.4789,-429.1042,-243.5262,-365.6221,912.3630,-53.6078,97.8407,-331.8093,48.4533,-125.1983,96.9448,-263.3914
-223.7752,-94.5987,-144.5418,-56.0834,-237.8147,51.8644,-34.0357,-290.1526,-392.0908,-300.0467,-358.4159,894.8474,-53.8294,85.3567,-354.6763,20.1459,-64.6327,109.8732,-234.8225
-181.3220,-66.9609,-150.5321,-24.4769,-265.8716,86.7890,-77.1709,-296.1565,-399.4846,-246.0079,-355.7834,918.4280,-94.9044,138.3603,-407.8460,9.9518,-82.7152,110.8683,-277.4878
-192.7900,-16.0129,-166.7923,21.3947,-254.9004,98.3468,-106.4645,-304.9106,-418.3259,-198.2624,-342.3423,946.4711,-143.7609,171.6309,-432.0216,-17.4178,-142.7743,65.4503,-348.4057
-241.3641,27.4799,-171.0092,28.5698,-223.6588,68.5791,-138.9594,-327.0941,-454.1366,-243.4554,-366.7036,930.0518,-164.5081,174.4874,-442.9960,-45.3408,-199.8581,43.4360,-394.9704
-283.6710,48.1235,-176.6312,26.5855,-209.0602,62.2459,-193.4287,-318.2779,-503.9885,-282.8202,-401.8910,880.7392,-164.3466,194.1281,-450.8675,-66.3428,-231.1453,84.3949,-382.6243
-278.4365,64.0584,-186.1555,55.6414,-186.7777,100.6635,-215.8292,-253.5427,-479.4702,-240.7443,-397.0673,826.6557,-153.4776,230.1271,-411.8145,-79.1638,-210.2110,135.0377,-291.2012
-232.1142,85.3122,-158.7354,100.7758,-130.1195,145.3681,-151.0092,-164.3071,-325.8401,-162.9980,-362.0196,758.4395,-112.1650,240.7072,-320.2901,-78.9745,-137.3168,158.5621,-150.2120
-160.4600,112.9812,-74.1062,147.0070,-46.5730,181.7192,-48.2631,-100.6014,-163.8591,-121.7380,-283.6904,669.2496,-52.6651,213.3033,-233.0119,-84.3275,-40.1568,175.8060,-39.9868
-33.1318,148.8502,29.5238,186.4847,38.8008,214.8909,-22.4988,-86.5436,-141.4662,-143.9155,-138.0468,583.0667,-24.5650,177.0341,-186.6295,-108.5858,84.1174,198.3908,5.9687
145.8484,199.5624,110.5423,209.6046,91.9154,240.3314,-84.5284,-98.7709,-219.2079,-169.4795,11.2999,524.6511,-27.0269,151.6829,-172.9730,-127.5993,245.2442,200.4288,27.9109
297.0397,271.8297,154.4224,236.6926,104.9468,256.3289,-127.4396,-99.7605,-261.2035,-122.2092,104.1544,493.8264,-22.0067,123.9834,-169.5151,-125.8055,392.4686,155.7714,39.2701
388.0485,331.6547,160.0321,263.6160,105.7602,247.3789,-116.2930,-96.2983,-228.4697,-60.9572,174.4837,454.0312,-19.8469,86.5453,-153.5454,-128.4997,464.2362,77.4438,19.7160
456.3359,322.9141,146.4258,231.1342,98.3180,188.5689,-117.1254,-109.4980,-159.1313,-92.5136,239.0163,361.8822,-52.6955,43.7575,-123.0499,-160.7156,465.9732,-1.3814,0.4588
481.6296,257.1164,134.8626,142.3343,57.3543,98.5030,-143.2793,-110.2807,-82.7920,-161.6751,257.4007,224.3085,-112.3041,-25.5068,-99.0677,-209.0881,425.0533,-78.5811,20.7472
404.5413,193.3107,111.3330,71.5736,-8.0498,20.3874,-160.3692,-71.2577,-22.9424,-149.2830,237.0506,65.8046,-171.7486,-132.4993,-87.5446,-239.4448,335.1056,-156.2461,49.0248
257.4316,139.6438,64.3743,27.1606,-59.5098,-32.9015,-175.2257,-29.2492,7.5676,-89.6110,223.7160,-129.4518,-211.1488,-234.5354,-80.1201,-246.4770,199.3801,-192.3074,46.6260
133.3892,74.1790,24.3469,-22.2718,-85.7882,-59.3782,-189.5025,-14.6758,15.5788,-78.5486,223.0143,-343.0361,-217.8537,-300.4153,-79.3081,-260.2304,65.9410,-169.9391,28.8580
71.7376,16.6625,11.1404,-47.4494,-93.6176,-57.4780,-182.9708,-5.7497,6.4141,-79.1646,227.2575,-484.7716,-200.3081,-348.0918,-72.2635,-282.4262,-13.1689,-144.3146,24.1799
57.6732,6.4691,15.5522,-30.5014,-68.3199,-52.5142,-172.8306,2.2805,7.9406,-3.9260,248.6864,-536.1035,-176.1018,-385.0350,-31.0679,-276.2560,-24.2519,-142.0043,51.9659
71.1085,45.9931,41.7634,-14.2331,0.4995,-64.4996,-165.1023,-2.0993,81.7607,102.8847,294.9837,-592.2177,-148.2750,-414.6377,35.8417,-247.0267,6.6665,-131.4108,122.3368
92.7182,82.7619,81.6348,-20.2768,71.6108,-85.6246,-118.6823,17.1011,229.9168,137.6033,360.6570,-699.4304,-119.9842,-468.5403,106.4839,-236.0461,34.3850,-117.9979,213.5797
109.8353,61.3042,101.1861,-42.6307,95.4686,-118.1259,-35.9315,83.9578,364.1936,125.8710,426.5859,-806.3525,-91.4958,-535.6129,194.3243,-232.8934,36.1828,-126.5833,303.3005
131.6639,15.6445,119.4810,-77.0195,102.2325,-155.7269,42.3453,143.5408,443.5679,157.8311,477.2582,-879.3062,-39.1997,-563.2390,307.9985,-209.5965,42.1755,-130.6173,405.2318
166.2174,23.2488,192.2845,-89.8909,158.3556,-161.6820,122.4943,156.9081,537.9977,212.1133,536.7975,-937.1395,44.6711,-576.1082,427.6212,-191.0935,91.5325,-116.0328,511.7831
197.9714,55.7862,293.2682,-69.9327,248.5472,-143.3065,207.5418,168.7883,685.5510,241.2567,622.9184,-1007.2233,127.0616,-627.3806,540.8959,-187.2100,166.8855,-113.7935,575.5670
228.9726,32.3672,351.9212,-76.0431,319.9124,-154.1917,256.6468,208.1325,802.9384,291.8073,688.6572,-1099.0266,194.6788,-651.0057,627.9230,-158.9578,218.1777,-119.4583,590.4547
292.1505,-16.9554,383.1811,-116.7648,390.2207,-188.4265,277.3079,231.7266,823.6280,358.0467,701.4824,-1172.6011,269.7251,-554.0754,662.8339,-111.2312,234.9826,-111.0680,597.0240
367.2969,-21.7629,433.8411,-117.9931,478.6889,-198.5458,327.4152,213.9335,815.9103,346.7248,699.6718,-1177.9364,345.1226,-391.7340,680.9625,-84.8085,242.0575,-115.1280,611.7369
373.4865,-8.0789,472.5039,-80.9397,528.6954,-191.1111,404.4874,194.3517,851.6311,284.3188,698.5121,-1154.1761,377.8635,-291.5748,726.5408,-67.8722,243.3267,-141.6250,621.2897
313.5598,-18.9849,458.4720,-78.6200,510.8165,-189.5529,442.0305,204.4139,863.9775,259.1724,670.9498,-1162.9572,348.1641,-280.3525,744.6573,-40.3950,231.6063,-147.3926,609.1518
297.7140,-31.6351,427.5285,-101.1316,474.9249,-179.9257,402.3027,214.3387,770.5124,210.8788,636.3810,-1151.6809,285.5023,-278.7683,678.7914,-25.7688,231.2720,-123.9318,568.1240
360.4445,-26.9487,422.7166,-94.4502,446.1852,-162.5034,317.7586,181.2637,625.7756,85.0663,623.6131,-1059.6705,238.5388,-219.0884,591.3962,-24.2503,269.0808,-113.8746,524.7434
412.9785,-16.8607,422.6441,-76.1659,402.2016,-162.3249,252.4930,112.8050,525.8325,-5.8851,606.1599,-959.5541,215.7453,-130.3589,545.3301,-17.0671,325.3902,-140.2684,507.8751
412.3962,-0.1698,392.7239,-74.7726,346.6514,-175.8336,227.3213,49.2096,474.6884,-2.3203,585.1053,-911.7970,176.4193,-87.6038,501.7083,-31.1997,361.6261,-187.2349,481.5190
415.6277,29.4719,349.8268,-66.1387,304.5638,-178.0674,203.0306,4.9374,427.5310,6.1199,601.5824,-843.7852,112.7530,-84.3507,425.4324,-76.3789,373.9627,-214.3446,403.4431
456.5196,61.0281,332.9342,-41.0581,285.9841,-159.0043,155.4767,-28.2458,369.4070,-22.2753,615.8074,-721.0505,71.6007,-56.4180,349.4453,-100.1384,380.8504,-196.3241,316.3180
483.6861,71.0189,337.3039,-33.0083,284.4212,-133.1491,111.2193,-45.1208,324.2246,-48.6408,551.0172,-635.8423,55.3103,-21.4292,308.8852,-93.1241,370.0313,-175.9329,269.1959
428.8963,40.7307,317.7328,-56.2074,267.1151,-133.5593,95.0000,-40.2340,325.2112,-54.2350,445.2665,-636.3241,18.7912,-39.5190,308.7005,-104.7208,306.3696,-194.8847,233.7423
303.6547,-13.1889,256.0645,-82.1856,206.2248,-164.9511,94.1275,-21.5628,345.7552,-36.7198,380.3315,-666.5461,-21.8895,-80.5133,325.7945,-122.5163,201.5665,-200.7429,186.4096
194.6398,-55.2240,188.7361,-85.4140,135.7238,-181.6841,71.4837,13.8230,307.4945,-21.5328,332.3698,-684.4841,-19.6944,-83.4091,315.1772,-89.2997,118.1758,-156.3509,154.4599
136.6623,-81.6385,153.8539,-79.5310,105.2066,-166.6683,16.5920,62.1178,216.6671,-43.5146,249.4122,-677.2026,2.4437,-57.0170,266.5201,-27.2476,76.6729,-132.7303,134.5556
72.2036,-93.8903,141.4886,-83.7968,102.2717,-156.1603,-15.6667,83.1703,159.6453,-64.6197,159.3319,-628.7800,2.3938,-26.4146,216.5380,-9.7054,30.7484,-155.9701,88.4023
-18.1932,-74.8929,109.9553,-76.8494,85.5043,-148.2478,9.6775,62.4984,138.9267,-61.4305,87.1234,-572.8586,-18.1757,-0.0981,175.2286,-39.0364,-31.0315,-144.2278,27.4832
-78.6127,-48.1973,42.8181,-39.8480,42.4181,-114.0840,27.6138,52.6929,101.1853,-88.2366,8.1326,-555.8260,-63.7540,-0.7449,121.3110,-53.8481,-59.8038,-90.0202,-4.0461
-89.2114,-51.4313,-20.1400,-9.7668,-14.3471,-90.3893,-6.4887,82.5667,78.4183,-101.6350,-60.3465,-533.7003,-138.3521,-20.6794,61.3696,-38.5745,-51.1503,-79.8216,-12.9369
-73.4968,-51.1008,-38.2308,-18.5274,-60.4488,-112.9093,-31.7107,109.5840,123.3154,-0.2790,-76.9838,-455.2164,-198.8207,-18.7030,16.8414,-42.6771,-56.3927,-110.4136,-39.0429
-46.9443,-19.3588,-37.4717,-40.2125,-87.4961,-130.7182,-20.8839,107.6932,215.6034,134.9384,-81.4103,-382.4369,-225.4977,-9.9150,-4.9812,-76.4139,-82.6449,-113.9243,-84.1332
-43.5946,-9.9883,-61.9149,-51.4506,-128.9854,-112.7864,-29.5233,99.8791,318.6761,197.5572,-123.6038,-380.4408,-261.4780,-30.4502,5.1936,-75.7986,-92.8090,-114.2249,-122.5473
-70.0936,-41.4943,-100.8844,-60.4737,-201.9951,-108.6518,-65.7359,98.4285,389.1785,270.6489,-155.2744,-400.5111,-311.3886,-47.7757,44.2340,-18.2890,-85.8317,-156.8578,-151.2776
-63.1946,-52.3064,-135.1848,-61.2522,-255.6813,-128.1803,-90.2535,108.1502,374.1703,382.3790,-137.0564,-381.6507,-320.6479,-35.4294,78.0766,31.4024,-94.8905,-186.0035,-172.0202
-35.3325,-29.1817,-178.1835,-44.6172,-243.8596,-124.6840,-93.3711,146.5349,308.2784,407.4699,-129.0476,-344.1581,-276.2024,-14.3040,81.4009,37.6539,-139.0927,-149.0914,-158.0444
-92.6359,-28.8993,-215.3096,-37.1616,-193.1522,-111.5400,-68.0018,192.6036,263.5793,348.1218,-164.0272,-332.1654,-220.8366,57.3554,58.8354,32.4677,-212.0204,-101.6006,-107.8526
-204.1863,-75.1951,-216.4502,-62.2109,-157.5702,-129.6408,-28.2106,197.7786,207.0730,313.0119,-191.9969,-352.4817,-191.7095,236.4576,23.7590,29.3552,-279.6349,-94.9729,-83.8422
-230.3260,-122.8914,-220.5476,-88.1867,-157.7377,-138.9594,-31.1889,176.6131,113.8943,304.8210,-200.6973,-369.1810,-201.3809,425.2539,-2.2151,24.4826,-302.9973,-79.6207,-119.0067
-206.0844,-103.2102,-268.4461,-60.0088,-176.0695,-88.5065,-68.2659,184.7917,76.1012,307.7955,-224.0229,-341.4393,-235.1427,473.2955,-0.4402,36.1225,-287.3469,-5.4149,-152.9629
-273.4398,-18.1181,-306.7876,19.0268,-184.5607,-21.3182,-79.4745,217.5163,116.9730,330.9201,-247.7679,-293.5838,-266.0338,403.9257,11.5462,55.2441,-261.6862,81.6405,-134.1002
-384.8573,29.8175,-293.4332,74.1676,-182.5272,3.3890,-92.7447,226.3456,134.8645,315.8708,-243.9693,-285.9630,-295.3451,345.4583,-1.0085,54.4112,-226.3904,117.8984,-103.0029
-377.2440,3.6404,-278.4290,73.8735,-193.3255,11.0596,-139.9966,202.0647,102.7628,271.9567,-228.6660,-301.2877,-330.2277,334.8139,-44.0413,57.3601,-182.1445,122.0932,-110.2928
-259.3353,15.6257,-286.6181,94.1781,-212.8797,54.0120,-151.8021,176.1159,69.6612,300.6109,-212.6520,-278.7576,-343.6411,337.2448,-89.8576,83.3916,-157.9662,148.0162,-131.3159
-192.7806,105.9663,-278.4496,176.1653,-211.8029,121.4548,-116.8388,179.5436,29.6208,357.8416,-187.7071,-231.7764,-325.0699,345.8766,-100.1215,98.7179,-162.3686,190.7612,-116.7230
-229.5311,153.9684,-256.9756,235.5110,-192.7959,163.9003,-121.7033,219.3182,-18.5198,350.4295,-156.8821,-202.3569,-300.6900,362.6989,-66.6575,109.7352,-172.5191,207.5601,-69.7213
-242.8081,116.7260,-250.2873,221.7276,-181.3045,162.7325,-160.5677,268.3015,-38.7406,361.5986,-112.0667,-185.1474,-263.8275,367.1181,-35.8711,160.7649,-183.5367,196.1095,-31.1882
-164.1271,82.7872,-229.8262,196.0359,-173.1593,136.7162,-160.4184,299.8800,-47.7624,427.6974,-54.3672,-179.5874,-199.6963,347.0209,-49.8879,223.4118,-201.5022,187.2331,-14.8093
-111.2960,69.7268,-179.0403,180.8170,-149.4209,106.2272,-132.1895,328.9742,-70.6848,420.7341,-38.5559,-193.1812,-158.4597,311.8794,-84.5735,252.9376,-214.2277,187.3108,2.4478
-155.0230,32.6519,-138.4178,140.7918,-113.4217,83.1307,-109.9827,369.4732,-85.8830,354.4671,-91.0353,-194.7230,-169.4096,273.6622,-97.6353,279.1540,-223.7840,188.8115,22.5571
-195.7206,2.3402,-115.9594,111.2753,-72.2154,80.3692,-88.9411,387.6380,-100.3013,363.6467,-147.7362,-176.6201,-164.9240,242.8234,-84.1997,309.4331,-251.7402,205.2249,13.2063
-210.5926,20.9959,-91.3113,136.0086,-26.9471,96.6824,-75.3454,355.0578,-117.6485,401.1476,-158.9905,-171.2977,-106.7969,229.3917,-47.5455,295.2131,-284.8779,232.9973,-32.7734
-290.9426,52.6912,-91.8697,156.8103,-7.5240,103.9699,-62.1706,296.2881,-85.2200,367.4812,-143.9445,-157.6936,-57.5089,227.4481,9.0602,257.6003,-285.1989,225.7956,-83.9602
-360.2690,49.9164,-129.5808,126.9401,-45.4300,86.8410,-32.5206,249.7628,-21.9913,332.8063,-113.7046,-105.5217,-51.2783,209.4253,51.1294,261.0556,-253.5406,173.0802,-114.8310
-260.6788,21.0178,-143.3399,100.0575,-95.6677,72.7243,-24.5721,231.2348,-13.2292,354.1342,-68.2185,-64.8117,-47.7215,161.0250,48.3628,279.7982,-219.6082,137.4706,-116.9802
-75.6743,18.2490,-102.2794,118.5364,-84.7077,87.8952,-52.9173,231.2076,-29.6489,342.3504,-35.5957,-52.7845,-33.7317,120.6537,27.5760,255.0078,-184.1219,152.2992,-94.3707
14.5365,68.9790,-51.8251,154.5563,-33.5323,122.1517,-55.1411,217.3295,-7.1930,231.5790,-22.2393,2.0605,-26.9314,141.2450,35.9380,206.6168,-125.9400,170.1756,-69.5932
17.4367,112.9613,-17.5859,176.7856,-9.4261,156.3599,-25.0051,175.8662,-5.2896,88.4831,-3.2920,98.0542,-10.6015,202.1530,70.9110,178.3217,-50.4269,155.5671,-55.0578
15.4740,91.1082,16.4736,176.4293,8.4570,171.6747,-19.4764,145.2653,-51.3864,33.3268,17.1007,151.9758,28.5464,220.5342,81.5794,168.4251,16.6164,133.3795,-34.5432
33.8192,59.0628,54.4456,160.4286,74.8204,147.3821,-26.5288,156.9641,-62.5020,94.5875,29.8637,163.3060,68.6507,167.5581,40.1817,162.8642,66.6632,138.5354,-3.6723
90.5272,73.6666,102.6058,153.3116,164.8519,112.6444,-4.6870,189.4809,-39.4654,161.3394,56.7086,174.4166,111.2702,103.0923,-6.6450,161.9298,103.5737,189.4862,31.1695
152.3519,85.3523,172.5769,164.1908,241.7134,133.9188,45.6658,217.3422,-39.4298,155.7297,94.2760,158.9542,178.6481,80.6031,11.0548,166.1231,127.5542,269.4079,89.7991
150.3110,71.5697,238.0331,172.3845,319.2566,192.6069,127.9567,222.2666,-12.2939,125.9213,111.7478,121.7198,246.2739,89.7048,89.6807,159.5822,154.9992,306.8886,174.5113
128.8480,79.5836,266.5471,160.8919,381.2091,194.3315,220.3306,165.6008,62.6553,68.8760,116.9992,145.8015,272.3745,101.7230,156.6987,115.4018,209.1128,259.8295,247.6093
154.4119,76.7912,272.4851,121.1574,384.2404,128.8164,266.8615,59.4989,96.5498,-57.4459,123.2360,231.3740,266.5492,104.5651,173.2621,54.0469,261.7367,187.8534,308.3380
158.6942,-4.3498,277.6467,53.4835,351.8526,65.4064,290.8669,1.6700,106.0267,-122.6120,99.6589,272.7346,255.7722,89.6862,177.4872,59.7971,263.8397,149.0094,385.3409
107.4643,-101.3018,278.7203,-6.4414,336.3602,19.0386,345.5100,31.9655,190.5815,-9.6895,52.4411,238.6198,240.2850,58.8994,216.9463,156.3500,252.6753,118.9296,451.6421
105.1998,-117.8841,285.0522,-20.8072,340.6909,-16.3436,389.8939,69.5320,296.0259,107.0187,58.7078,207.3468,229.5450,36.0378,283.7149,238.0819,306.6091,80.7092,473.5876
189.7706,-80.8080,316.0851,-1.7651,358.1055,0.7444,407.2470,68.7539,333.0862,57.2958,141.4534,225.5524,252.5954,34.9530,342.0290,222.3635,396.0609,61.4914,485.8311
280.4330,-54.3130,361.4545,21.9048,401.5667,57.1573,466.4324,80.0231,373.8341,-18.6800,225.5625,262.3354,314.6499,38.7662,387.5926,170.0036,428.2666,57.5258,511.8616
326.7477,-45.2798,397.3467,32.9346,460.2321,65.7851,549.0545,118.8756,464.6605,28.8169,265.5100,284.7805,398.7607,34.7932,434.8466,165.6052,407.6986,46.0775,521.0044
323.4242,-57.3815,412.6601,7.4067,497.2254,22.9791,581.3269,141.7053,513.7695,95.6289,294.4227,287.9845,492.7787,34.1475,477.2695,188.6676,400.3099,38.8952,522.9055
290.7989,-95.0269,407.1840,-41.6743,495.7524,10.4612,611.6550,146.6580,508.5055,74.2569,327.5428,268.8691,577.1339,41.6473,509.9379,178.3012,406.1104,48.8975,566.5947
291.3925,-109.2605,402.3348,-42.6471,491.8662,46.0299,694.0677,162.2655,541.6260,53.9392,345.2177,235.1706,628.1880,49.1235,542.1613,134.3788,405.5081,71.1757,636.9607
340.0268,-50.3576,423.3557,25.6647,541.1135,91.4975,753.2744,178.9640,611.3881,129.6470,366.2780,220.0941,644.5857,58.6996,557.9526,95.5651,434.1007,106.1620,669.7790
392.9765,50.4883,453.6963,93.4561,613.2629,135.9849,736.5719,173.8417,650.4194,217.7161,414.6415,239.8780,627.3489,67.9478,539.8570,73.2710,505.6284,141.1298,646.4288
472.4848,119.8224,464.9370,121.0453,608.7028,168.2186,691.5992,142.0031,658.1765,189.8810,454.8503,269.1351,573.0825,55.2998,525.5274,54.1084,567.7497,157.8953,608.1259
594.6053,130.5022,472.6053,137.0642,536.7388,170.9796,655.4221,86.9253,653.8099,100.0184,462.9618,288.5085,521.0873,22.6016,550.9581,43.6883,585.5771,173.0758,597.6760
644.0779,114.0659,491.7191,151.4507,502.5774,169.1438,634.2094,37.5277,642.0544,102.6602,473.2907,305.2166,523.2661,6.0953,584.8760,65.5396,576.9188,195.0123,607.1281
559.3443,108.4947,492.4142,152.6136,505.5818,186.9324,626.5017,34.8834,640.9772,178.4970,490.3946,317.0238,554.9144,16.3325,590.5283,116.3877,565.6182,191.8588,596.1978
472.3907,116.4375,465.4854,152.1005,482.5493,201.1641,596.6279,69.0396,611.8036,185.8539,479.2454,317.1533,557.7785,33.4717,575.0331,157.8341,559.0283,165.7985,565.3575
484.8059,114.4721,450.4331,153.2392,473.2216,196.8050,528.7450,99.2119,489.2789,138.0245,453.3507,320.5416,543.9070,64.3458,554.6406,163.2236,546.2565,160.8349,550.7191
521.5222,101.1962,461.2206,146.3637,520.3062,190.0368,474.3765,123.2228,351.3419,144.8285,444.5043,336.2170,554.2774,118.3418,543.2657,148.3414,512.4044,173.8273,542.8148
499.6690,110.4500,470.8536,145.9899,565.4715,183.4760,466.9377,148.6408,325.2715,185.0003,441.5222,347.8201,577.8155,154.6550,540.2994,143.2453,480.5914,160.4328,504.3444
445.6484,145.0784,465.0747,150.0910,570.4713,168.9522,476.4828,151.3875,354.1282,189.2195,441.6747,339.8687,587.3443,142.7838,512.9773,152.0413,479.4120,113.5847,449.9896
405.1938,149.5096,444.0502,122.0983,544.5509,150.0505,472.0414,127.9019,329.2924,181.4813,441.7555,314.4668,574.6640,118.7973,464.8556,159.1900,464.0356,72.2906,413.4712
372.0780,113.1940,407.6744,79.4036,476.4958,130.1575,454.0218,113.5047,306.8473,187.8842,389.0428,299.1281,527.7630,111.6620,447.5405,159.6696,392.2733,75.9911,386.8197
339.9189,110.8473,372.7500,79.5312,395.8988,113.3648,436.5723,117.6399,328.1033,186.6198,296.0718,325.4855,448.9212,94.5591,429.2367,150.1683,337.4512,111.9058,350.3132
346.7638,162.9474,354.1906,99.9431,347.2549,109.9255,413.0753,110.5441,275.7762,162.4980,275.2097,363.1343,363.8134,52.8488,317.3510,109.1141,367.4163,122.1446,295.7700
403.8036,199.3684,335.4200,94.2439,281.9019,126.0964,349.6004,75.3015,121.2977,91.1514,321.2141,349.3948,277.8877,16.9877,147.2657,35.4079,407.9625,111.0751,220.6538
435.8781,212.0104,305.4936,112.3854,183.7520,165.9948,255.3602,31.8735,7.8693,-20.7053,290.3752,306.9387,191.8578,9.1799,29.5240,-20.7851,377.7240,148.9030,150.8092
387.0938,248.1307,274.0822,181.6022,145.1105,213.9695,190.7001,20.5284,-24.5275,-71.9694,167.2444,303.8172,134.0190,15.8730,-47.9755,-22.9710,310.9765,209.0606,119.4623
294.7425,262.3901,219.3186,200.2450,153.9860,217.7692,156.9576,58.3959,-74.7302,-14.7516,67.3040,323.0339,102.8063,12.1252,-140.7173,-1.7433,233.7926,189.7722,108.9991
172.4323,195.7081,110.2453,122.8979,96.9459,159.3562,104.0550,110.2677,-147.1506,43.8424,2.1433,315.7468,58.7168,-5.4228,-200.9489,2.8727,106.3355,119.7947,85.3862
-0.2060,116.2809,-16.4863,57.6436,1.9146,101.8219,43.6655,138.7987,-181.7377,29.4947,-79.7631,292.7237,11.2711,-10.5310,-202.4416,-5.8420,-48.6498,104.6095,55.8112
-135.7828,92.9492,-101.4110,58.1821,-48.2162,90.9667,9.1923,152.6787,-221.0947,-7.2945,-144.9305,256.0692,-8.0848,6.4357,-232.8170,-10.8705,-149.6690,126.5969,25.4624
-143.3672,84.6757,-151.6729,54.7131,-98.6144,99.0755,-21.4249,159.4022,-310.8961,-35.7592,-178.3479,185.7372,-35.3340,15.3389,-328.3878,-4.1837,-186.7063,124.7671,-25.2110
-120.3734,67.9542,-198.0110,35.8346,-167.3464,108.2082,-65.4665,140.3570,-386.1101,-55.1799,-244.3195,126.4721,-107.4758,12.3948,-400.0291,16.5700,-198.7946,123.8526,-87.1453
-173.7810,80.9518,-227.4488,53.9400,-189.1496,125.9117,-124.5533,97.6995,-406.4553,-30.7997,-338.5106,136.9630,-191.8248,31.6524,-397.1588,33.0747,-190.4987,127.7399,-139.1808
-219.0012,117.1270,-233.4742,82.0658,-208.8954,128.6249,-224.4114,41.5296,-421.1984,0.1567,-382.8724,197.5814,-266.5156,59.1269,-380.8445,22.6224,-169.2512,88.7105,-198.9745
-188.4041,137.5548,-249.6208,69.6171,-307.8282,103.7016,-344.8372,-36.0623,-440.5974,-54.5625,-373.0430,258.3517,-344.4257,52.9820,-395.0606,1.2166,-173.5402,33.1052,-280.1960
-182.4574,138.2914,-283.7627,45.6586,-412.0227,84.6864,-423.1751,-103.6914,-431.5708,-138.5624,-362.1698,281.9445,-400.6730,34.5037,-407.7162,-3.4868,-216.5001,21.2078,-355.9919
-248.8535,124.2552,-305.1697,43.4034,-432.1416,83.8244,-466.9145,-109.3671,-423.0832,-131.9147,-364.2524,243.8366,-407.2477,31.8660,-406.3166,-2.6211,-272.1589,36.8213,-406.7030
-296.8306,101.0999,-309.7777,47.6604,-410.5620,84.2364,-501.5808,-83.6895,-448.1635,-100.3660,-382.2896,179.4064,-392.9416,16.4728,-421.2479,-15.2244,-316.2189,44.0813,-435.2306
-301.8741,87.0622,-325.3194,49.2590,-403.4106,87.2289,-487.2038,-84.8411,-451.4945,-152.1424,-433.4200,144.9257,-381.0027,-10.4440,-435.8375,-29.9679,-347.1534,36.9407,-437.3197
-337.2004,70.8643,-362.3997,39.8126,-413.0985,79.6574,-425.3593,-90.2885,-389.8302,-197.1757,-496.5495,121.9926,-361.2223,-12.9689,-410.6693,-35.2755,-388.4445,3.6678,-420.0816
-408.9156,27.5749,-405.7579,-0.9348,-437.4043,33.9470,-386.4651,-77.0189,-327.5558,-133.5848,-525.5483,91.5181,-348.9910,-19.7502,-390.3066,-36.9038,-450.6661,-45.7142,-409.7532
-448.5389,-18.0774,-436.4439,-50.0499,-462.5849,-17.5816,-383.8927,-76.9092,-336.0228,-37.3487,-516.2354,99.4036,-368.7202,-58.5941,-433.6519,-34.8110,-487.7615,-75.2978,-401.9583
-432.4453,-31.9399,-447.0729,-64.5414,-476.4591,-27.8077,-390.5542,-71.7662,-395.7410,28.6724,-502.4518,131.9326,-408.4209,-73.4816,-489.3349,-27.3067,-467.6065,-91.5187,-370.0074
-406.7861,-27.6284,-450.4725,-57.0272,-493.9445,-28.4740,-401.9684,-19.6889,-443.7151,96.7386,-509.3744,117.4939,-451.2411,-45.7490,-485.2451,-24.1897,-450.5029,-109.2386,-325.6388
-419.7525,-29.2475,-463.0713,-61.2266,-509.7339,-59.1298,-384.7440,23.0510,-441.7573,121.9929,-534.2450,86.2730,-486.5892,-35.2532,-443.5381,-25.6174,-487.3632,-96.0501,-303.3688
-455.9506,-41.5996,-476.6744,-75.6707,-510.9285,-86.8618,-332.9715,-1.6575,-403.7928,45.3125,-546.4937,105.2413,-492.0044,-44.9006,-410.3507,-16.4192,-514.7527,-52.5532,-311.1759
-452.0977,-57.8384,-472.6550,-87.6927,-523.4799,-81.9454,-340.6573,-37.9847,-385.8492,-40.0266,-514.1722,130.0381,-468.7075,-38.1766,-392.8065,6.4191,-470.0197,-35.8491,-344.1819
-404.9630,-58.3678,-450.7551,-88.6632,-544.9531,-68.7349,-428.7902,-40.2148,-405.2567,-46.7385,-453.2485,108.3886,-448.5606,-40.3401,-383.5157,26.8769,-415.7404,-56.4076,-400.6031
-386.5060,-38.1476,-424.9543,-76.4222,-532.0569,-70.1058,-472.8296,-50.1659,-404.6586,-35.2134,-415.7470,78.2228,-441.1569,-60.3529,-354.7027,24.1659,-433.6609,-78.2386,-461.1497
-400.4645,-19.6483,-410.6094,-74.6164,-499.0571,-84.3472,-438.8436,-91.7015,-366.4508,-51.7413,-411.6864,70.4795,-434.6165,-51.3539,-293.7197,-15.3136,-484.4461,-91.1441,-504.0654
-375.5562,-7.9918,-408.3358,-91.1004,-484.1913,-97.3033,-436.6852,-145.4071,-362.6586,-71.5268,-401.5404,78.9070,-423.5235,-20.3850,-259.4819,-73.8968,-478.7500,-91.3394,-530.4788
-337.7518,3.1540,-396.0939,-84.1122,-464.0197,-84.5511,-485.5750,-189.2163,-410.4224,-103.2758,-374.7221,103.6817,-398.2549,-5.3268,-284.9088,-98.4550,-423.3561,-71.3444,-532.9090
-371.6928,-3.8933,-368.0512,-43.7857,-420.3460,-48.2913,-489.9085,-176.7088,-424.2541,-136.4262,-361.1393,116.3863,-363.3089,12.0704,-305.1477,-62.6517,-396.6539,-52.3394,-492.7874
-419.8582,-21.3859,-353.5271,-20.4540,-378.9351,-26.0129,-435.0986,-97.4253,-372.4513,-124.1924,-364.4373,93.6493,-348.1841,34.8910,-289.7283,-11.7550,-407.8787,-48.7820,-435.4622
-376.0356,-7.0709,-356.9778,-25.4107,-345.8963,-25.4090,-399.2396,-45.7331,-321.3791,-107.4811,-356.8127,90.7132,-345.7400,29.7103,-285.5549,5.9862,-392.9692,-48.9643,-408.3269
-303.8374,22.1163,-343.5620,-29.0674,-326.0206,-23.8560,-404.3062,-77.5048,-309.8400,-129.2249,-328.2214,135.1776,-315.8024,18.0187,-292.0648,13.5638,-348.6591,-58.4010,-402.8685
-307.7087,6.3813,-312.8850,-44.4535,-334.3399,-31.0581,-385.7578,-113.2761,-314.8146,-114.3622,-287.5364,150.7503,-265.3884,26.1257,-271.9067,47.7546,-335.1255,-76.2966,-377.3356
-336.1279,-41.8554,-293.5943,-81.4530,-329.3564,-60.2099,-306.6260,-103.9617,-309.0525,-54.2478,-246.0195,109.3472,-229.5280,17.2321,-235.6856,79.7061,-343.7661,-73.8270,-328.5591
-314.7312,-58.4884,-277.4212,-91.8250,-277.8022,-78.6247,-225.5570,-101.4329,-268.8329,-57.8218,-222.2942,87.7608,-217.6723,-7.4116,-201.5476,67.7402,-310.0248,-63.4033,-274.4323
-272.7611,-30.2653,-255.1171,-58.3565,-238.1956,-59.8288,-193.3052,-110.8448,-188.9573,-104.9611,-221.0443,108.6171,-236.0198,-0.9343,-179.1181,35.8745,-241.6178,-78.2019,-214.6773
-243.5496,-0.2782,-243.1317,-27.9715,-231.0096,-21.6112,-157.8719,-83.8809,-115.3985,-87.8498,-217.7841,106.8040,-261.0426,11.1072,-193.7972,26.5206,-200.2593,-85.0181,-152.2312
-231.6417,-8.4027,-217.7199,-19.9332,-181.0831,8.5638,-81.7785,-39.0015,-90.2405,-47.2217,-194.4531,62.4957,-216.3085,-8.4179,-219.8465,30.0548,-198.6310,-59.7958,-98.1774
-236.3926,-47.3062,-149.0881,-22.6506,-84.8488,5.5666,-33.3687,-23.4445,-88.8003,-56.0068,-152.0729,27.6466,-98.9568,-13.5557,-196.3366,19.3268,-205.9164,-59.5876,-49.4157
-199.4367,-69.7693,-80.8060,-47.3638,-19.6106,-34.8965,-41.7510,-36.0603,-70.8272,-75.2110,-87.0570,40.8401,-10.4460,13.7629,-147.6152,-6.5244,-183.3627,-96.4427,-3.2688
-84.5952,-49.2076,-35.1330,-77.4756,24.8013,-59.0855,-29.3088,-69.0471,-41.4192,-101.3102,-1.6282,83.9912,24.3948,18.5003,-127.4886,-44.0292,-89.6981,-98.3042,31.2016
18.5872,-1.9369,48.3400,-57.4323,105.7267,-26.0271,26.8479,-118.8987,-22.7722,-166.5737,84.2472,105.0166,73.9291,-3.1172,-106.0829,-85.5906,58.3606,-58.3899,49.8540
70.8588,43.9641,163.9787,-5.0407,187.9910,6.9997,60.3501,-154.6996,-10.8333,-204.0119,160.0214,81.9448,136.1214,-7.4236,-46.5955,-100.4768,174.9460,-42.2019,55.2582
174.9577,52.9528,220.1599,-3.0876,221.7108,-17.9752,67.3106,-160.2871,15.1784,-175.7359,231.4437,54.0848,177.2306,-0.9203,36.7265,-79.8605,229.2148,-54.9793,65.4522
332.2244,14.2044,224.7403,-48.4980,245.9636,-54.1742,109.7796,-152.9888,58.0472,-163.0296,302.5842,53.0741,234.2423,-5.0123,131.6297,-64.8078,284.1999,-54.6199,124.1666
413.8674,-11.2826,269.1687,-60.4692,300.0979,-46.7822,192.3257,-136.5142,103.2104,-188.0592,372.5400,54.0027,312.7832,-6.6018,210.0263,-78.4536,372.7512,-35.7538,239.4916
418.3514,13.4239,354.3155,-32.2719,352.2455,-22.0224,261.0663,-117.3916,150.7741,-198.1405,428.3396,42.7613,359.5580,0.9790,238.3249,-95.2424,449.7488,-16.8420,332.9019
437.0585,23.7250,423.8205,-22.7456,381.6216,-10.1138,279.8651,-125.9753,204.9926,-209.2341,459.2015,52.4687,393.8695,10.5045,258.4599,-100.9558,478.0800,-11.3553,336.3966
468.7895,-1.9864,472.6373,-31.3532,426.0034,0.5476,258.8335,-147.8317,243.0002,-231.1540,490.6456,87.3341,462.6767,20.4977,313.9472,-100.2758,473.3436,-14.3404,299.5931
492.6617,10.1612,510.0226,-16.7340,502.1613,12.1912,246.7455,-125.6171,254.9246,-192.6394,536.3724,97.4167,525.4141,23.2307,358.6167,-79.8583,477.8521,10.9286,317.1100
525.4548,55.4937,534.6640,15.1996,570.7265,20.0596,290.8222,-65.6887,279.8825,-89.0028,551.2070,66.8400,549.8732,19.5554,366.3869,-44.8174,528.0697,70.1275,403.2093
552.1159,59.7915,564.0204,36.0459,613.2686,33.9610,384.3268,-30.0838,335.2837,-24.9297,533.9959,42.6346,573.1947,24.5821,377.0238,-34.8245,614.2058,94.6708,494.1131
586.3392,43.8866,598.8651,39.3382,645.6397,40.8849,467.6074,-30.1998,378.1553,-64.3535,569.0828,43.3560,592.1960,25.0030,395.7808,-50.9414,680.7821,53.0690,528.4244
669.6361,49.4537,614.2380,23.6259,644.1823,20.2945,485.7969,-34.5029,387.8472,-164.3541,659.7357,20.5142,574.0936,-5.0650,414.0611,-58.4780,692.1234,17.1550,500.9954
728.4918,33.7456,611.1627,-0.7745,580.7123,2.9156,451.5255,-39.0670,398.8616,-233.1222,691.2774,-51.3165,543.9362,-52.0939,447.4674,-66.6517,659.8060,32.1515,457.2032
680.4322,-11.6515,596.0873,-12.6726,508.2335,16.0948,440.0743,-49.1673,436.1435,-211.5248,632.0093,-120.8534,521.0154,-92.2704,467.3602,-94.7856,608.1804,37.7261,435.3808
604.1729,-40.9363,557.2508,-29.1820,482.4523,11.1899,487.3302,-49.1624,489.2796,-129.8667,570.7076,-136.6526,487.1899,-121.9831,454.5550,-111.2911,554.6361,-14.4891,426.1188
565.9811,-66.6570,512.3223,-71.4877,473.3170,-46.3396,535.1183,-36.9549,526.2283,-70.2607,544.3927,-111.0003,470.0718,-127.3206,465.3842,-105.2583,510.5105,-69.6702,409.3579
512.1174,-92.4903,487.7097,-90.2633,460.8969,-88.6277,537.3961,-33.0660,510.9301,-79.5306,517.2043,-80.9282,498.9531,-100.0375,493.1693,-114.5743,485.1261,-53.4828,398.9232
454.1869,-60.1189,472.4140,-47.1640,479.0420,-56.0534,527.4670,-41.2278,452.4220,-131.3322,484.1242,-66.1275,516.4247,-74.1379,453.4165,-128.3299,488.5096,9.1141,409.9248
455.6516,7.3776,464.5637,-3.5655,504.9405,-5.5826,516.4920,-41.1157,402.7866,-142.2606,462.4339,-73.9357,474.6746,-75.8742,370.9705,-101.5292,504.6351,26.3508,418.4160
465.7086,12.5568,466.8233,-11.8027,476.9789,-10.6501,464.5670,-19.9734,377.1819,-78.5317,445.9619,-100.2482,419.1967,-82.5457,337.7078,-60.7074,484.0533,-12.2975,396.4095
411.9728,-43.5313,437.2372,-38.3344,413.1598,-47.3278,398.4594,5.2689,357.4641,-45.3900,419.1631,-126.3712,394.4093,-75.8323,340.9011,-53.6150,417.1460,-24.4198,358.6525
316.0800,-86.5676,371.6136,-59.0198,364.6689,-59.8392,399.1589,1.5142,366.0624,-119.5443,371.1171,-133.0676,386.7061,-74.0298,329.5251,-59.8689,360.0116,2.2173,336.6093
223.4370,-92.7077,336.9669,-79.9418,327.2188,-49.9490,450.2338,-33.1022,431.6256,-182.3759,313.8478,-114.9056,376.0585,-85.7183,304.6833,-57.9679,334.5160,-13.7202,324.9086
178.7470,-72.6975,327.9192,-75.1234,285.4036,-43.3439,449.3842,-54.9467,523.5351,-128.4115,287.1385,-81.7006,348.8927,-85.4097,273.1452,-71.4642,296.8596,-81.0740,293.0662
202.5394,-46.3635,273.4982,-44.1064,243.1543,-45.0122,372.2254,-42.5296,590.3408,-39.0068,295.1078,-43.0358,293.9762,-61.8210,255.7155,-97.6132,228.0896,-123.1182,234.0868
216.4441,-50.5583,200.9768,-45.8536,195.7567,-57.7103,293.3603,-33.5530,595.4152,17.2784,284.7788,-0.6657,231.8029,-51.8614,268.4411,-105.5036,148.0241,-120.9008,166.9411
157.1056,-87.3612,170.5594,-86.9395,148.2645,-80.4757,257.8473,-47.9010,515.4968,63.7989,227.9245,22.8809,197.1248,-79.8508,251.4816,-93.6481,71.0779,-107.4715,114.7326
86.3637,-117.1693,136.2452,-112.6757,113.4107,-93.1456,242.1902,-49.5573,380.1836,61.5380,149.2112,-4.9087,185.6940,-100.5544,183.0728,-69.5582,28.9135,-87.2048,95.6663
37.7473,-120.8455,61.7083,-121.2195,73.2459,-91.0607,223.7993,-31.7060,262.4823,-8.3995,73.8763,-49.1951,159.8027,-74.5173,156.7359,-38.1505,45.7372,-74.2216,100.3222
-30.0025,-105.4834,5.8023,-135.2879,17.4143,-96.6992,197.1357,-38.3970,189.4474,-34.6897,19.6516,-40.0109,102.8738,-44.7819,183.4382,-32.7825,62.3709,-95.0774,84.2418
-86.4846,-88.5748,-7.8328,-119.6947,-25.3250,-106.1551,142.1045,-69.6796,136.1959,12.6040,-3.9093,-8.3966,46.2130,-56.7582,154.5394,-65.7602,12.2648,-113.6759,22.0932
-91.9774,-92.4242,-23.8201,-60.3490,-46.0419,-90.8680,56.7331,-78.2913,93.4036,18.5875,-24.2212,-37.8285,27.3895,-83.3103,69.3143,-82.2201,-66.1566,-83.0301,-56.6828
-105.5054,-105.2340,-60.3118,-27.3154,-66.9996,-66.5270,-11.2453,-63.2523,56.9764,-27.0270,-66.8973,-93.4614,28.9356,-91.9323,9.9526,-46.0461,-120.7941,-35.7415,-118.0545
-157.0862,-99.3899,-110.1319,-61.0139,-94.1921,-74.4772,-36.1603,-54.7449,-1.5134,-23.6694,-104.8802,-83.0953,1.8270,-86.4483,-45.8901,0.9546,-175.4922,-17.9797,-160.6756
-206.4716,-91.5438,-164.9400,-98.0944,-125.2761,-96.9337,-58.6207,-39.7623,-84.6329,27.9897,-116.1861,-25.6359,-56.1906,-65.8679,-136.1558,14.9790,-236.7356,-20.0354,-183.7250
-256.3931,-96.4489,-203.4542,-82.7949,-163.6509,-88.1132,-101.5512,-5.1215,-140.2274,54.4257,-137.6551,6.4263,-109.3076,-36.9185,-197.6890,1.6894,-272.0419,-31.6137,-179.2829
-315.8053,-92.6903,-236.6487,-62.2205,-207.6520,-71.5994,-130.3947,7.6977,-128.2069,44.1050,-197.0329,7.2982,-150.5451,-32.9297,-184.6737,-17.6942,-301.0597,-67.7545,-167.1636
-355.0282,-93.4839,-298.5060,-94.8358,-270.0871,-99.4634,-140.4967,-26.7163,-87.7861,35.0469,-255.7904,-1.9975,-201.1145,-60.9405,-140.0849,-24.7656,-345.3921,-122.3375,-187.0155
-378.3798,-116.0527,-362.3331,-137.0227,-359.1314,-141.9160,-180.3067,-64.5565,-96.0799,61.4084,-275.8569,-9.9419,-271.6099,-89.1322,-128.8161,-10.2705,-358.2361,-163.3282,-247.2773
-385.4384,-109.9415,-392.2700,-122.6533,-426.6168,-133.3616,-253.6870,-64.1748,-156.5566,107.5998,-285.4636,6.1900,-346.6055,-93.8795,-187.9207,4.2265,-336.4715,-165.2135,-314.5364
-346.0326,-66.0538,-416.1983,-88.8464,-431.9140,-96.5714,-305.7237,-43.5950,-201.0853,108.0342,-320.9892,34.4786,-390.5428,-78.1771,-284.8167,-9.4288,-357.9332,-131.3338,-369.6419
-311.2229,-59.6585,-438.6594,-98.3436,-419.5909,-99.2433,-330.1509,-38.1651,-221.9337,64.5000,-353.8893,26.0304,-393.7690,-75.1940,-343.6336,-34.7523,-427.0203,-99.4184,-436.6001
-342.4384,-88.2299,-430.1713,-120.5992,-440.7755,-128.0225,-383.3955,-51.3269,-281.0946,58.7349,-351.6172,-11.5872,-398.9218,-115.1345,-364.7272,-28.8334,-469.5396,-99.8851,-521.6152
-384.7370,-79.0771,-429.8067,-110.0525,-487.8681,-128.4566,-471.8779,-65.7361,-375.3247,76.7503,-355.9363,-28.9626,-429.9518,-150.6881,-406.7037,9.1041,-489.2005,-112.9307,-581.4060
-417.4321,-50.8485,-476.3008,-89.1629,-546.1442,-110.3274,-534.4598,-76.9132,-441.0225,11.6294,-402.7463,-28.0396,-459.4324,-111.0931,-460.8263,27.2527,-535.8958,-106.8434,-599.3099
-500.6965,-49.2644,-516.9540,-74.5960,-597.2351,-100.7499,-557.9235,-92.8541,-476.3125,-119.8849,-445.5064,-30.6835,-490.2804,-39.5645,-488.0706,-9.2784,-581.2632,-87.0314,-610.3000
-580.6979,-38.6218,-529.6387,-50.3440,-604.6400,-77.7029,-590.1322,-100.1112,-518.8476,-171.1125,-455.3340,-21.8960,-547.4746,-25.1681,-505.9913,-63.8158,-589.6793,-71.4992,-613.8167
-582.9000,-8.8048,-560.6337,-27.2917,-580.3576,-37.1565,-622.0978,-67.6346,-567.0342,-93.1618,-475.1693,-1.5184,-585.6490,-44.0856,-539.0945,-66.2316,-601.9927,-58.9117,-575.5231
-600.1873,-7.3528,-586.8438,-19.7400,-574.6840,-18.3079,-604.2937,-3.7567,-617.6946,-12.1329,-510.8275,-1.4943,-564.5649,-29.0375,-584.2383,0.7723,-634.4389,-39.6923,-517.4524
-666.3580,-20.6811,-562.0741,-12.2207,-580.8778,-18.8360,-573.2949,41.8413,-674.2924,-42.2367,-522.8341,-21.0039,-549.8460,3.3459,-630.8613,72.3550,-626.7004,-13.4501,-479.4261
-643.0785,-4.9663,-542.7517,-0.8447,-566.0933,-2.9093,-585.8562,51.8702,-691.8331,-118.0410,-529.7874,-30.5198,-579.3208,11.1937,-642.2912,69.6275,-559.8876,6.6290,-446.1318
-539.4881,22.3053,-572.6413,14.1333,-547.1764,20.7972,-582.7789,51.2989,-637.6863,-122.6922,-558.9641,-33.0492,-570.7742,-5.6043,-595.7163,-2.5481,-496.9499,12.7783,-413.8580
-522.2487,39.0380,-591.7527,49.9465,-540.9152,36.1593,-511.3552,40.8743,-575.2581,-104.3730,-561.9558,-55.8301,-489.9243,-35.9295,-543.0381,-59.1795,-473.9298,26.3093,-417.2515
-572.6210,52.8457,-568.8554,87.1961,-531.4145,62.2135,-464.2825,2.4261,-579.6685,-154.3156,-513.4309,-96.5860,-423.8842,-59.1434,-525.3599,-61.0134,-461.8642,62.8833,-441.6914
-550.4891,54.0474,-543.1650,83.0877,-519.3104,87.5786,-506.5501,-40.0937,-622.7686,-186.0990,-469.5769,-114.3749,-418.7049,-47.8759,-502.9737,-63.4080,-441.5282,89.7688,-445.2291
-480.0115,40.4762,-525.1287,52.3744,-510.0893,74.8460,-544.9243,-47.6914,-619.9634,-114.5819,-456.2245,-74.9813,-434.5683,-11.5230,-449.8743,-91.3025,-429.8775,77.4757,-450.2769
-458.2660,35.6862,-502.5829,32.9084,-489.6752,48.5238,-525.1537,-31.8092,-558.5300,-57.7064,-445.3715,3.3051,-456.0841,22.1473,-405.1371,-84.1330,-432.5750,54.4296,-488.6369
-463.7755,31.4459,-480.3817,24.1745,-461.6163,51.9086,-522.2475,-26.6663,-516.9993,-95.3206,-436.1148,63.7716,-477.2074,45.1471,-405.3691,-25.1693,-430.6894,50.2634,-525.3231
-427.5797,-0.1455,-445.5238,19.0492,-437.8836,52.2831,-542.4094,-34.4672,-542.3146,-116.6199,-428.0532,72.3833,-448.1552,47.1244,-444.8209,16.8802,-417.2884,42.2108,-522.9589
-349.8665,-48.6882,-390.9154,5.0092,-411.3180,7.2350,-501.5273,-42.1252,-572.3819,-85.2976,-385.7109,47.4591,-366.4205,23.8760,-469.1373,14.7473,-405.7735,8.5641,-492.5062
-299.6292,-89.5678,-353.1409,-41.4725,-393.6352,-45.9689,-417.5271,-44.6407,-542.6611,-110.6511,-316.4599,28.4082,-310.0314,3.1608,-410.8215,12.3268,-403.2601,-21.3811,-450.4838
-336.0508,-114.1463,-343.0826,-85.1759,-396.6714,-56.9210,-369.7288,-30.4519,-482.9030,-189.2937,-279.1999,31.7411,-302.8796,-1.6007,-295.5822,30.3390,-403.0959,-14.5184,-397.4148
-404.1331,-112.7074,-322.0599,-68.1922,-370.4112,-37.9084,-328.6586,7.7313,-431.3025,-197.6163,-281.9977,45.6310,-275.8107,-4.8459,-225.4394,50.5051,-393.0497,9.7964,-333.0033
-383.7630,-83.3627,-276.7056,-27.9265,-281.5664,-20.6765,-244.1826,42.5488,-373.8078,-121.0721,-277.6067,59.6900,-200.9931,0.6413,-208.6099,56.4918,-357.8307,14.6490,-272.6287
-267.1262,-41.1459,-223.1594,-21.0395,-194.9688,-6.9054,-175.6102,34.6907,-316.9493,-63.8887,-246.0051,76.8988,-134.4959,18.8895,-157.4678,42.0591,-290.5048,7.4989,-250.1097
-151.0613,0.9171,-166.2355,-10.1695,-163.0173,8.1188,-166.2766,-13.8817,-282.6173,-77.2543,-196.9864,94.0204,-102.3500,16.8730,-63.7883,24.9783,-204.0213,9.2094,-268.3651
-87.2313,25.9228,-116.5287,25.7786,-148.4492,10.2783,-152.4484,-58.8364,-243.2516,-104.4114,-135.2318,108.6584,-60.1323,-8.4321,-2.6147,29.8278,-115.7968,-2.5467,-273.2620
-67.4634,18.3818,-89.6244,28.0999,-121.1011,-5.0128,-97.9240,-70.1448,-179.5211,-94.7763,-72.3939,137.5367,15.0171,-11.1557,20.3225,34.1698,-34.3499,-37.7804,-233.2039
-67.3865,-2.3007,-73.8010,-6.6936,-94.5158,-8.3874,-50.0632,-67.2542,-126.4491,-91.6554,-25.9183,174.4658,79.1484,18.4707,66.2298,9.4641,27.5962,-44.4092,-181.1617
-38.7563,-7.2705,-49.6279,-13.0140,-63.7143,19.7544,-30.1057,-76.2249,-95.7331,-119.5281,5.1085,169.3501,89.7571,39.0476,125.7273,-13.0363,62.4002,-4.0727,-136.9828
38.0330,1.7635,-16.2815,17.3351,-20.1993,49.0738,-14.3777,-81.6859,-64.3138,-96.4359,25.9751,111.5610,66.0304,25.5524,120.1970,-12.4833,90.5119,23.8754,-86.6706
110.8620,23.3243,22.8887,45.8806,15.9527,53.0801,-4.5560,-68.2830,-41.4028,-13.9721,31.1209,64.1353,54.5731,-5.5184,47.2111,-26.7582,127.9664,21.2972,-42.1142
141.1565,58.9978,62.2184,63.8034,40.9529,56.8391,-9.2002,-61.2342,-36.9326,3.6038,28.6495,62.6263,63.9602,-20.1834,-0.0351,-57.3505,153.7693,36.3934,-15.1216
147.2381,72.1487,97.3703,74.4905,78.3646,77.3394,-3.1762,-65.6256,-21.1862,-40.2923,37.4122,73.2452,71.0568,-4.7987,15.1750,-57.6662,154.1257,71.0504,26.7271
140.8154,43.5714,139.6343,79.9102,132.2334,87.8023,31.8415,-49.0222,12.5997,-25.2057,53.7070,79.5806,77.1285,21.9774,36.4157,-42.4622,156.9167,89.0906,99.0601
129.5726,32.5034,184.0528,94.9499,181.0744,84.1918,76.3740,-32.7259,34.2046,-8.4527,72.6940,99.7520,102.2867,49.4437,49.9754,-62.0294,184.5583,97.6764,163.2235
144.5432,72.0959,202.4680,118.4871,203.7474,97.4710,102.7675,-68.4868,42.8131,-92.4918,116.6118,111.5502,132.4320,77.3717,97.4717,-88.8110,219.9305,104.6616,187.8548
186.6959,93.3191,204.9919,127.2657,202.5420,122.4543,109.2854,-110.2430,65.8249,-147.1602,188.0349,79.0542,140.0871,79.1411,159.9499,-64.3856,245.8181,85.1892,189.2028
228.0056,60.7575,228.5130,117.9990,215.8821,124.9629,126.5455,-80.8685,109.4746,-71.9946,250.1859,41.5180,139.0840,54.4247,189.3757,-14.3228,275.4807,52.7820,199.5285
277.8885,53.6487,267.0852,112.5094,271.8270,109.4741,173.9662,-27.2840,156.5167,-14.4590,291.7306,57.0409,152.4415,60.4953,204.2580,-10.4989,328.3647,54.0483,225.8439
347.7891,112.1051,305.6325,123.6311,342.4187,105.8979,213.9242,-29.2933,190.3479,-37.8345,336.6466,88.1393,176.1845,93.0117,234.6004,-56.6623,399.1513,87.4542,249.7160
395.4085,155.9879,367.3685,136.9445,398.4016,116.8443,205.5588,-60.0476,214.0619,-14.7440,385.2511,67.6934,218.5516,76.1116,258.7515,-92.2506,459.2218,115.0332,264.4896
402.7464,143.9911,447.8212,137.3320,451.6993,127.8476,181.0448,-82.2890,248.9150,41.3776,424.3692,28.2554,287.7964,31.1098,254.3093,-95.0283,492.9381,121.3506,285.5753
428.9345,142.4375,494.0281,144.6292,497.3225,135.6691,196.0107,-115.0337,294.6882,11.2778,456.6682,29.9529,337.7602,42.9494,231.8869,-98.4058,517.6545,114.1467,315.4633
499.9655,164.9588,489.7690,163.8176,500.0187,133.7747,245.9105,-129.1338,317.5684,-41.2168,466.2401,39.9869,334.7039,71.3681,218.6804,-102.9620,543.4677,100.4761,346.9173
539.7407,135.1450,462.4729,136.6084,462.8739,105.8847,293.2977,-77.4159,307.1346,-13.4616,438.7004,18.2022,329.2097,32.4844,241.9542,-76.0742,548.2335,78.7948,391.2984
482.6436,60.3265,427.9373,58.9568,430.1778,65.1814,327.9062,-11.5854,300.8007,23.0766,410.2277,-0.4471,356.4719,-25.9182,294.5366,-39.8754,524.9109,57.7205,446.8200
378.8365,38.3067,403.6909,40.2724,431.3974,58.9974,365.9021,20.8353,333.3128,20.4842,392.8095,-10.3168,368.7272,-29.2442,337.6881,-26.4407,502.4227,67.7549,488.4050
329.2610,69.3216,405.1373,100.3770,462.1160,89.9166,418.9589,76.7110,397.5640,66.8913,338.1993,-48.1862,343.6513,-3.0907,357.3763,10.4892,490.9630,101.7228,518.9496
357.4291,65.0620,402.0826,104.8030,484.8898,88.8688,459.1487,158.5743,448.9131,153.9779,265.0291,-63.4054,324.3838,17.2857,362.0623,86.0335,467.7246,88.0635,542.4697
394.5446,23.5923,364.5124,20.8965,460.1224,26.1871,436.2355,149.7671,445.5103,133.3732,255.4783,14.3106,323.7449,38.4715,355.7733,104.2157,429.7878,5.4870,516.0940
371.9676,3.1926,320.8204,-34.9382,403.5639,-35.6059,363.2844,23.2690,408.3533,-16.3298,282.1433,113.0133,318.0158,50.2783,360.4092,38.4483,393.9361,-67.3215,432.8440
283.9043,-12.4432,296.6808,-41.1310,358.3549,-54.4917,313.0161,-90.3853,401.9252,-125.6170,250.0976,127.7687,312.2566,42.5520,390.6468,6.3450,354.3951,-83.8729,368.6846
179.5042,-56.1219,271.7605,-63.9589,328.4963,-58.3118,305.7135,-103.8888,427.3539,-84.2026,186.4603,84.4925,318.0446,32.1278,410.7365,52.8225,305.2137,-78.5550,362.8966
130.5678,-81.2920,248.1054,-78.8911,312.3825,-58.6477,300.8137,-64.5744,413.3599,23.3155,177.1739,52.0710,316.9639,25.0017,387.7971,84.5783,274.0469,-68.9503,365.5772
166.7688,-51.7282,260.3732,-49.2149,327.4482,-44.3457,283.1307,-33.2407,341.0218,69.9960,205.0172,44.6585,291.8763,28.6417,326.9789,65.0873,276.0577,-47.7611,343.8134
215.9446,-18.5999,292.4298,-24.3839,346.3863,-33.3432,262.9855,-10.7137,274.0372,44.9601,208.2239,62.3156,251.9497,63.6458,243.7880,46.9438,269.2032,-26.5856,322.4279
184.4353,-25.6420,285.7878,-22.1021,321.8407,-27.9513,248.2579,16.4926,246.0524,19.2198,177.8891,85.4638,222.6006,100.4303,184.6174,36.5884,211.1620,-4.7097,321.5089
101.7466,-44.5832,237.8766,-11.2682,278.7831,-5.3554,262.4762,47.8548,232.0261,42.2661,128.6652,70.6279,218.7371,85.6447,194.7987,16.8514,130.5849,17.3529,335.7202
64.5435,-49.8311,203.6501,-16.3246,259.0045,7.8565,303.4899,82.2596,229.7847,91.9379,82.3489,30.4055,215.9550,50.7747,220.9549,20.2957,85.7216,8.5119,347.0782
76.8742,-53.1152,194.2839,-51.1230,234.0906,-13.9692,309.6054,109.7787,251.2768,87.8724,62.8508,17.3124,184.4967,66.0060,187.7881,52.2120,84.4554,-13.2452,332.7911
93.7001,-44.4651,162.2964,-49.8389,179.3980,-14.5175,253.1548,107.5705,255.0014,4.7253,52.2733,35.2262,145.5058,112.2089,122.2479,58.3139,95.8438,14.4109,289.6680
114.0978,-2.7533,106.6614,3.5071,132.6764,29.7191,185.5748,83.5751,208.2341,-33.5020,24.0462,63.9303,125.5577,122.3025,67.9594,35.0682,95.7533,57.1696,239.2612
105.2593,35.2497,85.8153,27.5727,118.5213,37.1511,148.0121,86.2696,176.6734,93.0917,1.4084,92.7899,102.4672,97.6847,33.5941,46.3586,62.9248,24.6238,198.9534
22.9051,23.9464,95.8307,-7.9098,110.6586,-21.3223,134.3867,124.4841,230.5356,290.4871,0.8903,96.6990,64.0191,85.5295,61.2386,105.9086,-1.0047,-58.3373,160.6671
-39.1579,5.3064,66.3910,-31.5899,78.9595,-62.2600,123.6251,140.7904,317.3513,376.8416,-0.9321,82.2367,37.1150,98.3893,132.9367,155.3992,-34.2510,-98.2093,94.9896
24.3270,41.5821,2.4124,5.1581,25.5199,-43.3514,85.4178,111.7385,333.2171,341.4235,-1.6389,94.6204,24.6981,121.6806,127.2243,164.2827,1.0653,-74.9190,-7.5073
112.4642,97.0502,-20.4059,58.4244,-9.1486,-5.9832,11.2171,84.5669,251.7247,290.0733,12.0685,115.8365,6.8882,150.2906,38.7127,161.6182,34.1973,-17.6168,-97.7735
101.6120,101.7635,-0.9192,71.9678,3.9335,28.4587,-64.0564,84.1901,117.0505,251.3934,7.5058,103.7757,-13.0575,178.7116,-15.1901,173.1661,10.0938,50.2735,-123.2962
51.5539,66.4594,2.6386,61.6099,16.8424,68.1695,-121.3145,89.6752,-17.4714,205.0125,-34.1391,103.0749,-36.8069,194.7904,-38.5551,196.2967,-15.1969,101.8897,-105.7664
7.8028,40.4572,-10.5034,69.1741,-27.0866,102.7752,-163.5229,104.3632,-116.2543,173.1966,-83.4831,136.2412,-79.7080,202.2150,-93.5455,223.7511,-24.7019,134.7817,-93.9109
-88.1216,34.2353,-17.0949,84.3858,-84.7865,122.0034,-162.2035,147.6812,-177.2563,169.9447,-136.7947,121.9473,-120.9063,211.3684,-130.6367,236.7437,-89.6746,173.0351,-92.2158
-188.6015,39.7212,-32.5454,87.8209,-89.5713,131.5627,-116.7308,199.5978,-218.7945,173.3516,-208.6396,54.3673,-132.0557,208.7230,-134.8258,203.4131,-182.3864,206.4545,-97.4682
-193.1520,56.2118,-59.1747,105.5863,-66.7907,138.3122,-98.1588,223.6952,-249.9738,187.4222,-266.7507,45.3816,-136.7111,184.6496,-178.4211,133.5433,-194.2254,207.8479,-120.7272
-162.9442,78.4624,-78.0042,144.3922,-70.9749,151.0101,-127.1163,214.9217,-279.1761,224.0262,-288.6865,104.6563,-164.3408,169.3219,-238.8569,90.1271,-159.0409,189.0137,-149.5685
-190.0991,95.4000,-104.0800,159.4892,-106.5178,167.9998,-135.8965,198.8940,-306.4922,236.1007,-314.0183,120.8896,-201.1012,181.8054,-251.0270,105.1635,-185.9515,165.9315,-168.5510
-238.4673,90.4088,-158.0995,131.7723,-162.0803,164.6841,-103.1505,198.7978,-297.2198,176.5384,-356.9013,71.1541,-231.5678,189.9161,-242.2133,139.8589,-243.4588,129.6045,-191.4506
-276.5482,56.7057,-222.5659,88.4076,-225.5676,131.9224,-86.6448,194.9386,-244.4549,95.4972,-366.8580,42.1928,-260.0701,175.3691,-227.9773,152.3484,-251.1724,84.3701,-231.3689
-315.8643,30.0136,-271.5903,57.9057,-266.1869,98.8468,-128.6282,146.5707,-218.7815,77.6629,-319.7611,77.1396,-273.7778,164.7145,-199.6301,142.6466,-227.3531,47.9408,-291.3439
-314.2560,48.6845,-282.6620,57.9483,-265.4792,86.1619,-214.8825,75.3536,-260.6832,114.4801,-257.0152,128.1530,-250.4562,158.2172,-220.2520,124.7207,-198.2268,25.5586,-370.1873
-258.7399,85.5722,-243.6928,73.8616,-240.5240,79.9920,-287.8050,46.5759,-311.0868,133.4158,-227.6956,132.0601,-210.3155,126.7344,-295.4396,107.6298,-167.3145,24.5073,-428.6581
-212.8268,97.4721,-201.9888,67.3240,-225.2103,73.0099,-298.5924,55.7521,-318.9555,116.3815,-242.5949,87.2452,-203.9790,90.8579,-320.1718,93.0370,-190.7766,52.9596,-419.1900
-194.4578,95.0659,-216.3713,57.5556,-247.5895,81.8714,-277.2033,43.5779,-304.9880,96.0963,-271.2562,45.1537,-237.4752,92.6046,-288.8614,63.9248,-280.3639,93.4267,-368.2827
-195.4747,90.8956,-254.1942,86.3515,-295.0056,101.8937,-274.6150,7.4934,-284.5389,83.4742,-277.5370,25.6125,-263.4281,104.8147,-286.0623,12.7983,-338.4824,113.4404,-330.6341
-243.6427,61.0374,-258.6260,99.3137,-317.4474,92.9576,-262.2487,-6.9444,-227.4346,83.8673,-267.9112,0.8970,-262.9384,73.8365,-289.5889,-17.3001,-331.5757,97.5119,-299.0115
-292.0009,5.9444,-254.3426,35.3486,-305.7631,41.1972,-213.0894,15.4494,-112.9630,117.6683,-268.3288,-31.2669,-264.1945,17.1339,-245.6814,14.0787,-328.0133,58.7708,-260.5143
-245.5804,-36.2746,-267.0667,-36.3655,-300.1656,-12.5016,-187.3689,54.5415,12.0241,163.3149,-259.3194,-45.1553,-265.7901,-7.6207,-198.0150,67.0347,-321.2933,21.3926,-253.6640
-146.6337,-44.4833,-253.7849,-44.5468,-305.5037,-36.5208,-219.5566,80.4993,54.1852,175.3971,-204.4014,-41.1638,-238.7623,8.1646,-187.2926,82.9162,-258.0956,-14.7708,-287.5434
-97.3819,-23.9315,-200.6047,-30.3799,-295.5559,-41.1918,-252.0350,78.2371,-3.9733,181.8077,-123.7733,-35.9667,-198.6280,26.8001,-191.1336,85.7135,-183.3375,-59.8306,-304.2143
-78.5656,8.2161,-160.5736,-20.8739,-273.2464,-31.1705,-239.1884,73.0587,-63.3973,230.4902,-62.8952,-41.9057,-170.9778,26.1752,-178.2323,117.4284,-149.7904,-79.9322,-269.9366
-43.9624,27.7350,-154.4487,12.4068,-243.1833,-2.7780,-197.1313,86.2592,-72.9865,254.1311,-20.0030,-65.8514,-134.4113,23.1685,-127.0249,135.9530,-118.5509,-40.2048,-217.5963
-25.3622,33.8229,-145.9938,50.1576,-195.4279,23.4028,-156.5033,85.7528,-91.4685,160.0823,29.3181,-82.9347,-79.7450,46.2054,-61.6765,101.6408,-65.3363,9.5225,-179.3542
-29.1987,46.5803,-112.2831,60.9843,-152.8003,40.3715,-131.9231,58.6411,-113.1515,22.7730,70.4846,-67.6311,-36.6621,90.7230,-34.2618,79.2069,-21.1302,2.0735,-145.8168
-5.5717,52.9829,-66.5499,63.9905,-139.7003,68.0023,-103.8153,62.7510,-61.6727,-5.9605,69.0741,-53.6571,-6.5390,111.7234,-13.8030,122.4502,11.2982,-35.7678,-97.6516
59.0349,30.7275,-27.4981,61.9058,-118.5545,86.3652,-46.2416,120.1431,17.4476,62.9157,37.8134,-56.7502,29.9499,85.3119,50.3349,163.0066,47.7240,-43.9991,-35.4664
136.3055,24.2817,10.5308,49.1921,-48.1296,60.5380,3.6093,156.5858,13.2329,92.6821,38.5327,-7.9656,59.4367,55.5499,88.8442,129.0128,89.7159,-27.0105,18.8381
210.8552,93.8605,65.8074,68.2892,39.7004,29.9106,-0.5747,120.3345,-49.2448,45.9343,99.0649,110.1593,69.2528,71.7548,42.2886,60.1385,156.6389,-9.5151,39.1026
285.9248,201.6401,121.0871,122.0179,89.2401,47.8146,-1.4845,64.4044,-70.5178,4.4390,166.7146,189.9910,79.2121,107.0169,-10.1350,25.4306,244.4453,18.8835,33.0681
356.4649,255.8879,144.2374,147.5415,109.6130,86.0335,79.2873,52.8069,-27.3092,17.4576,191.1538,164.6125,113.3642,101.2748,-4.9820,27.9273,293.5728,63.0101,53.4675
400.0039,247.0541,161.3181,145.0564,166.3656,102.2048,190.4296,61.6417,43.1436,57.3859,201.3772,97.4307,182.2173,54.6147,26.1931,25.3038,296.5881,94.1037,122.4021
409.2462,230.7123,214.9196,153.4335,272.6285,101.0309,223.2879,32.8500,85.5975,75.1136,226.2532,58.0238,256.1811,14.7113,67.3176,-12.1766,312.3923,87.0587,175.3009
401.2112,204.8040,270.5499,133.1136,337.9430,80.7396,183.8829,-20.5949,75.2219,35.8067,225.7325,41.2129,272.8356,2.7548,119.9787,-57.6880,332.0736,52.2464,163.0803
374.2349,133.7315,275.2461,62.4710,301.3016,41.6082,173.3827,-40.9505,76.5184,-44.7179,194.4904,12.3527,242.5023,-1.1377,161.3704,-55.0873,311.3691,24.4475,145.1250
340.5410,67.7630,258.5189,29.9574,244.8276,30.3855,220.0643,-32.3143,125.0723,-102.1686,207.8768,-36.4745,249.1918,-19.3957,183.8900,-22.4725,308.8844,27.5037,180.3032
371.8369,87.4177,279.9574,84.7940,270.9122,68.9287,246.0349,-43.8931,128.8032,-115.1339,277.5963,-62.5874,299.2073,-40.5801,179.3589,-39.5507,392.5504,56.4351,231.7651
465.6361,153.7160,346.1111,151.9888,366.5483,107.9013,226.6366,-70.9618,65.7339,-134.9128,318.4131,-29.8749,334.9434,-30.4415,140.8213,-103.3467,484.0411,93.0849,266.9664
488.5239,164.0159,418.1996,160.4947,462.5944,110.4694,248.8563,-71.1772,73.3836,-181.4371,307.0228,3.3645,368.0077,-2.1518,137.1921,-136.3617,473.6162,116.2099,319.8224
405.6474,107.8453,435.2342,110.2424,499.4352,83.4606,349.3008,-36.2018,194.1745,-196.5379,294.6894,-43.6802,408.1539,-23.8740,235.5659,-125.3997,383.8705,98.7378,403.1024
338.5139,35.8386,361.5062,23.5886,434.8564,23.4297,449.2404,20.0384,317.9327,-132.2749,274.3031,-130.0188,390.0639,-102.1174,376.4510,-102.4109,292.8053,29.4630,479.1399
316.1530,-37.4616,253.0742,-63.5583,317.3778,-64.4209,496.9643,72.0429,419.5606,-17.6483,224.1720,-158.0832,321.3141,-155.1610,470.8818,-65.8103,219.5520,-58.3540,512.1078
256.5086,-102.0872,200.1528,-109.0744,262.7597,-128.6134,504.6417,72.3017,545.6032,70.9785,208.4009,-139.0391,293.7333,-157.9587,507.2926,-38.0992,166.9431,-102.6966,483.0921
161.4290,-132.0164,205.4834,-108.1499,275.1271,-132.8411,469.7990,22.7242,642.1143,86.5095,265.6730,-154.4644,299.5520,-169.4466,505.0072,-61.7570,159.1842,-75.6047,418.8140
91.7010,-136.0901,215.3376,-88.8279,261.4348,-109.8683,419.4154,0.1195,647.9273,71.2384,324.6675,-207.1384,275.3250,-192.2778,500.2990,-90.0163,188.5586,-30.6482,390.6134
84.1203,-132.9745,228.3494,-76.7307,226.7041,-109.2490,413.0699,27.2555,595.8432,98.5446,341.3350,-223.6703,252.5187,-179.4182,518.2214,-56.2404,215.6337,-43.8326,397.0295
172.8219,-108.5470,269.6074,-81.3997,241.0113,-128.2095,414.1344,33.3637,508.5166,143.5987,357.8170,-173.9489,260.8327,-153.4450,500.2491,-10.8777,234.3738,-95.3775,353.3788
295.7765,-70.5940,308.0717,-89.2624,272.5421,-125.9938,351.3307,-7.8618,406.7130,122.5092,378.2782,-115.6479,247.7216,-157.9123,418.2177,-17.9390,256.2390,-100.9798,257.1593
297.8260,-62.6028,289.5808,-85.2306,246.9155,-96.9963,279.0252,-46.5752,381.5017,53.6704,360.4590,-114.2616,204.3803,-172.6411,372.7591,-34.3276,254.5854,-69.2373,192.6865
197.8620,-89.2296,224.1773,-86.1323,184.1250,-87.2878,262.7886,-68.1804,444.0948,18.4373,324.9726,-160.1037,179.9588,-181.4276,396.6643,-20.4721,210.7621,-82.0520,169.7983
177.2412,-117.7664,183.4536,-107.2732,150.4604,-114.6406,247.8460,-99.4513,457.1171,-2.6594,321.0868,-199.1442,175.1540,-194.4196,384.9601,-10.3360,170.5037,-125.6940,139.7272
255.7897,-133.8397,205.2256,-123.1179,161.6790,-132.9190,205.4399,-135.3316,375.6833,-67.7957,333.0634,-205.3681,176.4436,-179.6122,329.5637,-15.7236,178.3091,-119.9755,112.9785
313.7007,-128.0654,242.0208,-113.4242,190.3155,-117.6372,196.1994,-156.4119,320.1097,-122.6742,326.8546,-178.6836,198.2916,-119.1251,322.0303,-18.6767,212.7593,-81.0811,117.6805
319.3368,-92.0111,236.7674,-99.3851,207.4406,-105.3625,220.5307,-166.0204,321.7369,-103.0080,310.7025,-132.0641,215.1384,-77.7015,343.0554,-32.9902,235.5216,-81.0846,134.4575
272.2861,-62.4091,199.5328,-103.0071,201.3205,-114.1049,223.6734,-164.0606,279.6595,-75.6482,290.5983,-108.3093,189.3375,-94.4489,331.1289,-55.7248,230.0305,-111.2586,142.6062
163.6429,-88.1495,166.9483,-123.3233,176.3510,-122.0021,208.6197,-140.8923,190.2249,-101.2764,252.6405,-128.6390,153.5725,-121.0950,312.8900,-48.5884,179.2588,-124.6095,141.2254
89.6380,-148.5748,143.0683,-147.7197,143.9236,-130.5668,191.3324,-104.8555,143.2640,-112.4711,211.2182,-142.7840,146.8291,-126.2176,293.1786,-20.4763,95.3481,-123.2853,136.4263
114.5752,-179.3103,115.0374,-152.9196,120.0805,-149.0381,162.2202,-75.3314,133.0697,-81.1435,198.5645,-121.4696,148.1443,-122.8403,237.2438,-8.8331,42.8794,-113.4566,151.1532
120.9650,-165.3505,83.1869,-130.7046,110.5077,-147.6366,144.0457,-61.2449,101.7119,-104.6343,213.6917,-118.8102,139.6333,-105.7753,185.7550,-1.7749,47.4061,-75.2717,182.3009
51.0190,-145.0870,64.3021,-110.3161,102.7297,-112.1509,153.8237,-59.9948,66.2437,-191.0812,235.7188,-158.0982,136.6487,-80.5724,179.9637,12.1383,48.3205,-22.2642,172.3526
32.9249,-138.1887,77.4718,-108.5265,99.1871,-80.0509,144.6560,-57.8528,43.0582,-197.4869,249.7888,-182.7180,140.0430,-82.7234,179.3438,2.8026,4.9475,2.6925,104.2244
95.8641,-126.4893,104.5771,-97.8259,110.6328,-65.1059,85.3694,-42.0588,2.8832,-93.1818,229.1176,-170.0292,128.4734,-98.7662,169.3372,-29.0324,-40.4431,-0.7253,47.3384
96.7035,-104.3397,92.3650,-64.3156,103.4722,-36.5970,17.7982,-31.8238,-30.3409,-30.4660,157.1977,-152.3171,86.2710,-77.9525,167.0999,-55.2642,-47.1742,-0.8632,41.7699
5.1669,-95.7698,32.6467,-36.7840,40.9189,-0.3993,-16.2069,-65.0502,-23.7599,-75.7347,78.5645,-133.1012,24.3061,-37.5658,122.7556,-87.3589,-39.1447,-1.6648,37.5085
-54.7831,-110.9601,-23.1376,-39.1648,-38.1328,-1.7924,-32.3667,-130.7086,-36.2706,-117.7610,50.6989,-108.1489,-16.4543,-39.7990,9.3216,-125.3007,-56.9213,-28.0577,-8.0203
-52.3236,-131.2432,-47.7616,-67.7322,-79.3175,-46.7101,-70.5788,-166.5099,-93.0323,-86.5972,57.5226,-104.8635,-23.1030,-86.9630,-87.4685,-126.9337,-102.4683,-68.0765,-73.4713
-80.4471,-142.9416,-60.6012,-105.2988,-102.8613,-99.8702,-134.4730,-153.5506,-105.9619,-49.3976,43.9229,-119.7284,-52.9258,-131.5352,-111.0229,-107.9524,-144.9396,-96.3642,-131.3560
-156.3520,-148.5934,-88.3807,-129.7329,-153.3475,-137.7158,-182.4009,-139.3219,-57.2575,-54.4491,-3.3822,-119.2239,-137.3745,-149.5552,-113.7415,-123.7546,-166.8756,-122.1938,-175.2499
-196.6776,-154.9810,-148.4851,-138.5321,-222.1131,-160.0469,-195.4127,-136.2501,-52.3103,-36.1141,-65.0639,-118.6559,-208.0715,-150.0376,-137.9901,-134.5048,-193.9102,-157.7983,-191.4418
-181.7239,-171.0533,-217.5154,-156.7675,-264.5521,-181.6152,-205.3914,-101.7643,-122.6272,58.0804,-117.8427,-143.9128,-214.5287,-148.5407,-176.9084,-72.4497,-253.1993,-185.0293,-176.5990
-179.0541,-193.6947,-240.1025,-187.9707,-263.6277,-209.5188,-221.9795,-49.2301,-187.4418,128.6329,-139.4408,-160.7201,-214.1854,-151.7508,-232.8598,4.5841,-319.2557,-190.9780,-170.8573
-219.2430,-197.2806,-231.7330,-198.8855,-263.5043,-212.8756,-219.4944,-50.2657,-199.6609,49.3622,-148.9013,-139.3115,-254.3567,-149.2238,-286.1662,10.0149,-343.7478,-184.3614,-200.5169
-279.1838,-166.9787,-268.3528,-177.9352,-306.2944,-172.2156,-207.3032,-103.7587,-180.1121,-93.0282,-195.0698,-106.3661,-290.0352,-127.2304,-284.7513,-18.8682,-320.6727,-173.7048,-223.2780
-335.7169,-125.3830,-335.3634,-154.9212,-351.7106,-140.5684,-212.7339,-132.0220,-173.5143,-109.7882,-262.7438,-84.1257,-294.2690,-93.9181,-246.3245,-16.0190,-291.4198,-172.0280,-213.6008
-348.9999,-105.1909,-356.2074,-150.2974,-355.6261,-154.4242,-229.0809,-108.6982,-216.8463,-38.3952,-297.1304,-72.2193,-311.3201,-71.1796,-254.0646,-13.1525,-299.1081,-179.7394,-224.5916
-307.4661,-114.5515,-345.9356,-149.5286,-364.0070,-153.9587,-254.6918,-77.6342,-285.5837,-43.9056,-319.3030,-82.9480,-349.3868,-70.0960,-316.5533,-56.3048,-346.5836,-153.9444,-277.6845
-299.1322,-132.6396,-353.5232,-133.2468,-407.9719,-107.0557,-301.2099,-63.6784,-324.8964,-74.5527,-373.8119,-112.4434,-364.8608,-90.4138,-363.5183,-104.2021,-396.3686,-82.2894,-309.4577
-373.5306,-133.0976,-360.9625,-109.8718,-434.9935,-83.0569,-336.1391,-51.6140,-343.0223,1.6546,-420.3488,-123.7252,-367.5190,-119.9049,-371.9607,-100.4833,-422.2603,-38.5180,-297.5923
-439.5364,-118.9228,-367.6707,-103.7361,-430.3130,-106.6749,-328.8893,-36.0419,-373.2953,81.9752,-420.0227,-106.7018,-398.5351,-125.4204,-377.8670,-77.2087,-441.1684,-55.1706,-296.3004
-450.3810,-112.7150,-399.4917,-107.6220,-428.8459,-109.1406,-330.5197,-32.6010,-412.0637,30.4226,-418.6778,-90.0394,-433.9940,-87.5910,-407.2999,-96.3069,-465.7415,-54.9986,-313.0727
-460.8634,-110.3818,-409.1147,-86.5259,-411.9145,-69.9562,-392.5035,-33.3034,-463.9745,-45.3414,-449.7424,-86.2367,-441.2696,-50.0391,-468.4339,-126.4434,-472.2883,-4.8065,-299.4264
-453.2179,-94.3345,-363.5129,-47.6248,-374.6734,-33.6905,-467.2571,0.5218,-525.0110,-22.5448,-488.3560,-84.5869,-453.0826,-69.1521,-539.8278,-101.7967,-450.0152,26.9793,-262.8331
-410.3061,-75.7739,-341.5209,-33.4445,-382.5213,-11.0050,-491.0576,57.3520,-543.2679,6.7701,-512.2152,-78.5148,-481.4511,-111.3026,-561.3156,-69.5877,-423.0352,16.0364,-263.4977
-443.5655,-63.2160,-382.4922,-32.4233,-435.1743,3.0160,-492.2873,54.8756,-521.2654,-66.4241,-499.3791,-64.5626,-483.2915,-91.2195,-521.2438,-105.2077,-406.0737,4.6548,-317.1549
-549.3793,-32.5727,-414.9350,0.1899,-456.1914,1.0165,-524.7859,-19.0986,-526.1484,-175.5969,-448.4268,-40.5768,-469.4019,-14.7818,-488.8792,-145.3346,-393.1743,-5.8791,-370.4404
-531.8293,16.2460,-415.1834,42.7023,-440.0101,8.2804,-561.4769,-58.4625,-545.5193,-192.6086,-433.9067,-15.0172,-492.2229,26.3535,-496.3469,-111.7965,-385.9878,-29.3608,-370.8438
-379.3842,34.1017,-424.9332,43.3694,-434.4510,34.5587,-555.2552,-29.3612,-532.7386,-120.4818,-487.0966,-4.5168,-524.7632,0.6747,-505.6779,-75.4889,-390.7416,-38.8353,-344.8681
-306.1664,-3.4758,-434.2940,13.9224,-448.8889,26.0768,-539.6301,-36.8962,-528.5583,-108.1304,-493.0615,-23.4360,-505.2840,-36.0717,-502.5419,-103.8481,-399.5036,-34.5186,-364.7549
-355.1306,-55.8891,-421.9086,-13.7848,-473.4047,-24.7789,-554.3333,-114.7575,-551.3681,-229.5166,-392.1849,-68.6387,-452.8701,-50.6814,-494.3235,-138.0021,-399.2091,-52.7527,-427.8900
-386.1426,-82.7695,-409.7668,-48.3097,-481.1415,-51.3769,-552.4197,-163.5191,-537.2596,-333.2497,-309.1870,-116.7040,-419.7403,-66.3951,-473.5416,-145.2790,-389.1893,-79.8625,-452.2658
-369.9284,-105.0912,-397.7059,-88.6204,-437.3046,-51.9865,-492.2699,-146.1894,-479.0356,-283.9899,-317.9948,-154.6407,-404.7961,-98.1597,-462.1751,-160.5029,-382.1889,-75.6266,-397.8705
-362.0098,-157.9910,-369.7760,-108.9602,-375.3387,-82.6866,-415.3926,-125.1861,-422.2119,-191.7490,-325.3709,-189.1797,-379.7422,-129.1353,-477.6850,-162.3775,-382.8454,-55.0504,-302.4409
-355.9896,-207.3125,-341.7835,-115.0503,-340.3668,-123.5689,-356.9448,-114.2631,-369.4769,-175.2408,-282.5813,-211.1307,-328.7549,-143.0286,-466.4329,-129.2790,-363.8461,-54.9767,-217.0632
-330.7711,-190.3119,-308.4100,-125.0378,-290.1225,-122.9181,-305.5404,-83.1870,-335.9541,-155.7820,-247.8100,-201.8317,-252.8219,-141.9549,-399.1041,-119.9389,-300.3331,-72.7234,-167.1770
-285.7255,-129.4977,-246.1358,-123.9780,-205.6335,-104.9691,-262.2188,-54.3340,-341.5034,-85.3009,-231.3593,-171.4878,-179.7484,-132.7899,-325.8192,-151.6367,-226.2928,-89.4782,-134.0612
-230.4122,-100.2824,-191.0455,-109.9485,-151.2371,-109.6825,-220.6165,-65.1303,-322.1154,-61.2566,-198.9963,-135.6568,-143.6352,-108.5318,-257.1969,-165.8274,-194.3645,-104.3251,-81.8069
-213.5172,-111.1720,-179.5675,-118.7414,-132.4596,-124.2087,-156.9605,-104.7675,-238.6749,-110.3239,-160.5798,-92.5056,-143.0555,-65.2800,-168.2039,-152.3232,-197.4397,-127.4078,-39.4064
-245.9282,-129.6843,-173.7863,-154.6540,-107.2736,-132.7668,-98.4961,-141.3983,-158.8021,-157.4056,-125.7622,-63.0831,-142.7657,-37.2356,-106.3443,-138.1433,-197.6523,-159.7589,-57.5140
-239.2572,-158.2499,-149.2102,-178.2436,-100.7981,-142.3073,-71.8895,-153.0130,-99.1851,-182.2492,-88.0644,-80.4428,-108.2901,-64.9828,-101.1479,-118.9448,-190.0546,-177.1717,-85.3184
-164.5456,-185.2261,-133.3909,-178.2811,-113.5717,-151.9834,-28.6151,-138.6805,6.9145,-188.7442,-78.2147,-118.6519,-46.6915,-126.8202,-76.0523,-109.3590,-173.1044,-155.1359,-51.3945
-115.9732,-166.0269,-123.5955,-171.2351,-78.9536,-152.4557,39.6550,-127.8936,160.1564,-151.4443,-105.9639,-115.3911,-8.7814,-162.7915,6.8695,-139.1245,-119.2795,-117.9465,-4.6992
-120.0542,-108.0620,-94.9406,-147.8430,-10.2318,-140.0015,63.6535,-145.4973,299.1333,-97.7889,-110.4090,-66.5887,-7.2314,-154.8624,87.3780,-184.0583,-29.4167,-108.2209,-9.8106
-96.5026,-60.4332,-55.3801,-100.8044,31.3554,-118.4553,56.2775,-176.7393,377.1183,-81.8550,-62.7729,-28.7749,17.3458,-125.3902,137.8345,-207.7189,53.6010,-107.4513,-21.2581
-30.4845,-28.8392,-12.4561,-60.5554,73.3220,-96.9442,87.6692,-197.0786,364.5483,-90.0273,-3.8618,-29.5743,85.2071,-91.4561,172.3780,-204.9141,110.4758,-67.0628,11.4464
19.5343,5.0594,41.6613,-38.7543,141.8219,-75.6584,123.9906,-199.6876,298.6889,-95.2865,53.1479,-27.7684,139.0188,-63.4748,176.9427,-168.8820,156.7530,-8.0197,59.5443
51.7070,33.1362,100.8363,-9.4799,190.4478,-49.4483,126.5308,-179.7059,271.3858,-100.1941,120.9230,10.3863,163.8726,-43.2350,172.2312,-112.0993,195.3742,10.7731,103.2494
112.3596,36.7672,161.9327,12.5373,209.7361,-32.5689,172.1670,-134.2020,291.0998,-79.5553,163.6999,36.2056,194.7662,-15.5584,229.2794,-70.2223,217.6244,5.1028,168.5187
204.8200,8.7381,218.4205,-13.8173,223.3935,-35.6556,282.8446,-78.4230,303.6505,-25.2699,155.2364,4.4021,215.6678,18.0165,336.6408,-31.4851,233.9871,31.9409,253.9783
280.8863,-23.7180,238.8289,-47.0790,224.2931,-32.0859,351.0923,-38.7594,309.0898,-7.9254,148.6866,-17.7777,214.3736,32.9385,389.1528,23.9950,260.8834,71.1467,310.3802
297.6808,-3.3424,236.9101,-11.3757,237.7714,-2.5976,338.6845,-33.8660,307.2550,-54.7462,183.2754,34.3172,243.3993,31.5302,348.7664,43.8634,293.4362,65.5992,305.1855
271.9453,69.3127,273.8726,61.4507,298.5620,28.7341,324.3382,-55.9741,277.1715,-78.2579,211.9038,89.2917,296.8616,35.2214,292.1639,-5.3260,317.9578,39.7672,275.4224
265.5471,120.1455,331.2881,89.5037,354.3029,44.9662,343.3457,-68.4820,257.4844,-32.8267,201.8839,79.4161,297.0038,35.7161,276.0351,-57.7359,332.7957,47.8481,278.3625
299.6603,121.7710,341.9062,78.8728,353.6953,57.8095,357.8281,-44.7339,261.7717,16.7265,198.7047,63.1689,259.8841,25.1831,270.7422,-45.2222,340.3665,60.3405,300.0406
331.6610,108.9217,326.9765,69.2929,328.3255,64.4041,348.1111,1.7918,229.8034,43.3170,225.8398,74.5042,263.9029,27.9768,262.4793,25.1758,338.3964,32.6834,293.1420
329.0619,87.4313,324.5327,55.5436,298.9774,56.8729,331.3885,45.0553,183.2132,80.6424,238.2124,56.4317,287.0840,44.5770,287.6407,92.2565,334.6694,11.7941,274.0582
307.6354,66.9815,298.1703,54.7497,266.3371,61.6824,325.2719,71.7415,187.0595,91.9969,223.3446,20.2328,278.6637,43.9630,319.0869,87.0550,348.5450,50.7275,275.0458
301.9863,94.2819,253.8162,99.5838,270.2627,95.5622,326.8783,69.9649,186.2299,40.0929,221.3475,46.5684,275.5027,36.4317,286.2752,22.8770,374.9506,100.1993,271.5554
334.2560,152.3103,253.8423,143.2681,308.0312,118.0515,324.3044,40.0438,144.6681,20.5713,222.8952,127.5452,295.5782,58.8384,221.8036,0.1242,384.4119,92.7251,253.8745
388.2479,173.7091,272.2402,136.6981,315.0611,102.6314,319.1639,17.4353,141.0731,80.5278,192.5177,190.3760,285.0591,100.4928,190.7983,44.0997,387.4654,57.0811,262.2611
414.0663,170.8927,256.3872,135.7474,289.7650,101.9964,301.4270,36.2509,158.4640,74.3603,171.3984,208.1414,240.5632,127.6002,154.9798,69.9082,429.4463,57.2283,297.4464
394.8842,191.8528,248.6990,183.0957,277.4366,159.2115,242.5245,77.4448,112.7952,-50.5491,200.5919,187.3441,209.5141,136.4024,105.6302,46.2301,492.5990,83.7046,314.4841
370.9866,215.3096,265.3236,217.3159,272.5196,218.4832,169.8526,96.2794,73.4953,-110.7611,219.8737,148.5346,190.5359,130.8305,127.1938,19.3785,500.2679,93.3025,298.3161
360.8794,209.0113,252.1316,201.9241,262.4266,216.8136,144.1611,87.1529,99.6825,-42.7236,188.1882,132.0166,171.5188,112.8807,181.1136,5.0218,440.1783,99.1117,261.7435
338.3731,180.2881,240.8632,180.2034,263.2109,185.7789,136.4899,79.3164,77.0956,-17.8666,168.7796,144.3621,172.7025,108.1571,133.7899,-0.6256,374.9376,124.6671,222.8596
305.7634,138.2489,292.6148,166.9169,270.0506,171.2901,91.2290,80.9545,-17.1437,-81.2972,188.9894,153.8815,178.2261,133.4045,34.2781,6.3838,330.1131,127.6910,204.5995
279.9910,108.7119,334.9623,141.9633,275.4068,153.4900,62.5193,69.2911,-40.4980,-104.5650,200.1790,154.9327,159.4416,157.5066,18.6471,-3.6874,287.0853,77.8801,199.0728
234.1447,121.5451,300.2442,122.0781,290.4453,119.4931,94.6466,29.0950,21.2317,-83.5609,212.6211,152.3145,159.9924,145.6978,43.7104,-50.7904,258.1070,31.9965,171.0381
176.3265,135.5156,262.4615,121.6586,295.1464,95.5425,102.8174,-28.0416,61.3557,-90.1869,260.7607,125.8441,209.4078,106.4026,19.5209,-94.3568,259.7348,25.4885,122.1752
191.5696,99.1689,263.5751,110.4511,259.3802,75.0164,53.6741,-69.0917,96.7866,-82.0120,283.7632,72.8980,234.9049,66.3622,0.5842,-100.9721,259.6625,8.9570,88.3421
277.8290,49.7557,242.7399,70.5465,202.2315,34.0534,52.7258,-60.7591,193.8217,-36.2226,236.2061,13.3456,196.4306,33.3726,48.1623,-79.9119,226.8710,-29.0626,82.4346
308.7761,24.0947,207.3482,23.2761,157.9256,-5.1799,123.0067,-16.7737,293.2190,-22.6589,197.2513,-45.1752,174.1189,0.0491,119.3500,-48.4156,179.1720,-40.9372,87.1121
262.5306,-15.1633,223.2737,-13.5868,143.1686,-23.6831,155.4081,5.3080,309.5917,-26.7132,227.2852,-83.5910,213.7905,-31.1860,159.6972,-25.5206,139.7563,-45.8179,82.4330
246.0771,-76.5854,264.7596,-46.6464,163.6376,-47.1402,135.6350,-3.6154,265.3252,32.5796,269.4443,-80.1634,243.4536,-45.8287,164.4944,-5.5189,102.3545,-90.1608,76.4767
256.6779,-109.0480,263.9988,-86.0796,187.1459,-82.5370,155.0871,10.8477,233.3756,131.9536,262.9660,-62.2195,217.3885,-43.4478,173.2032,43.5163,63.5248,-128.4369,102.4949
207.5555,-99.0059,217.4201,-115.9789,169.6863,-101.4067,206.2900,49.9559,229.0534,186.7247,214.8135,-55.8835,188.0620,-35.6797,217.5305,91.0400,43.4242,-112.0700,144.2873
135.5329,-75.2870,152.4271,-105.6031,129.2612,-95.4249,204.1629,50.6248,208.2635,162.1092,156.3268,-30.5774,188.0924,-14.6105,243.7690,76.5630,55.5681,-85.4101,133.3159
108.3378,-52.6831,91.5111,-68.5972,104.3268,-79.1857,156.3204,12.6975,159.0834,77.7552,108.9854,20.4468,175.0735,25.1266,198.9935,44.4260,81.0880,-79.4369,69.6902
74.1334,-41.4985,53.7653,-53.1993,80.5320,-61.7307,122.0398,-10.0648,114.9416,1.7351,61.0333,42.4912,123.4648,48.4148,149.4521,56.7672,84.6682,-59.1085,11.7877
3.1786,-46.7141,29.9714,-55.1574,40.5406,-43.7595,84.2360,-25.6520,56.6129,-13.7735,-9.3513,17.6535,68.1188,32.6503,138.6469,57.3331,46.5349,-16.7064,-49.3978
-44.7157,-46.8204,2.2512,-35.9652,6.0814,-19.8121,5.6275,-58.7219,-61.8343,-12.9306,-66.6522,-8.9406,32.9448,11.7957,90.1001,12.0435,-24.6167,22.4368,-134.6835
-80.6951,-28.2436,-23.8788,-9.9945,-13.5660,6.9716,-81.8888,-64.6725,-189.1923,-38.7907,-78.0498,-11.7280,-5.1058,6.9807,-4.1679,-3.8879,-95.0475,58.3098,-187.2090
-159.6927,-2.0584,-60.4908,1.6982,-34.7619,23.6965,-136.4789,-24.1664,-246.5511,-43.4392,-105.8683,-3.7794,-53.8671,-4.4262,-55.4203,14.3592,-130.0061,89.8957,-192.2778
-229.6376,27.0871,-125.2331,28.7914,-65.4124,39.9075,-163.1272,-6.0205,-260.6483,-8.2934,-184.6873,4.5675,-82.8451,-20.4812,-76.6014,-14.7890,-141.7850,95.3770,-221.3677
-230.7316,48.0329,-178.0369,64.5274,-106.4215,62.6415,-172.2186,-36.3647,-279.1164,4.4314,-226.2867,9.4598,-95.3714,-17.3312,-131.1181,-66.8507,-177.4574,69.5657,-272.7751
-214.7529,34.7698,-187.1611,53.9379,-155.2113,55.8774,-167.7362,-45.4722,-282.4477,-22.2296,-203.9058,1.5201,-136.6166,-13.0492,-180.4781,-52.3814,-231.1612,34.5489,-276.7234
-226.3117,2.3787,-194.5612,14.3579,-200.0635,15.9729,-175.5021,-4.9430,-279.3940,-47.4938,-226.7853,-20.4465,-200.6067,-37.5564,-201.6970,-0.1768,-249.3632,23.8220,-256.8745
-235.0527,-5.4675,-223.1897,2.8146,-238.4156,4.7642,-213.0512,20.9894,-327.4273,-70.5154,-314.8194,-36.6524,-235.6216,-75.4559,-255.2934,-4.8187,-241.8211,43.1602,-289.2508
-235.5736,-3.1164,-250.4913,-5.3221,-286.7463,22.9803,-264.1318,-6.7567,-417.0282,-110.3582,-353.9777,-33.0057,-252.3130,-95.1205,-329.2327,-68.5261,-271.9573,34.9276,-364.1398
-257.5112,-30.8000,-298.5499,-41.5144,-359.5785,4.8197,-318.5493,-43.8583,-470.7667,-136.6184,-322.3279,-33.4796,-303.7803,-91.6470,-347.9409,-113.2365,-335.8726,-34.4256,-414.3860
-286.5745,-59.8017,-384.5587,-54.0547,-438.5464,-30.1781,-376.1522,-39.7253,-461.3911,-105.1236,-306.3055,-59.5093,-376.0843,-83.4128,-329.7826,-97.2251,-373.9537,-85.5891,-404.4741
-289.4515,-48.8653,-437.3096,-20.6965,-475.3890,-18.4020,-416.5802,-0.9363,-449.9618,-43.6794,-320.0232,-76.7813,-415.8964,-82.6092,-348.3499,-55.5326,-373.8490,-63.0597,-357.2201
-278.4549,-30.7526,-415.6252,1.7897,-459.0555,4.8184,-432.2005,37.0640,-486.7373,-33.7818,-312.5165,-56.4469,-415.9756,-67.8741,-408.7910,-24.2350,-363.8684,-48.2322,-333.3254
-279.5915,-33.3716,-384.4402,0.4051,-440.3001,-8.1685,-450.8353,60.2070,-520.2765,-72.4108,-283.8690,-37.8178,-394.5878,-23.3216,-462.2194,15.7911,-362.3435,-86.6767,-359.6803
-278.4741,-15.9509,-383.5118,14.1293,-439.4611,-12.1201,-481.6186,75.5434,-490.6069,-67.3697,-272.2449,-45.3490,-369.4016,9.7223,-476.3983,68.0837,-372.4363,-91.3605,-394.8043
-261.5370,31.8242,-382.5330,35.0647,-422.7668,22.9916,-499.6382,82.7046,-459.7141,-32.7840,-298.0367,-39.8535,-371.5864,5.9360,-470.3067,83.5310,-369.2304,-33.3867,-399.7264
-276.3678,51.1993,-373.3453,37.9021,-403.7994,54.1651,-494.5846,75.4936,-492.7501,-71.0061,-354.1566,-17.5113,-404.5863,14.0691,-485.1372,58.3564,-334.1270,-0.7439,-377.8083
-354.2273,22.9138,-369.2538,33.2027,-418.9423,54.3058,-471.1948,63.3903,-511.4800,-128.8587,-401.9486,-24.1519,-428.1306,43.3378,-509.9298,47.1572,-321.3911,-15.5865,-337.6841
-416.1481,-9.8353,-369.4440,15.0055,-421.6116,29.8710,-425.8673,64.7161,-453.7001,-89.8020,-404.2977,-54.2774,-431.4141,29.4590,-506.0994,52.2081,-375.0319,-11.3197,-294.6542
-395.2001,-28.5435,-379.7318,-33.1647,-370.0413,-8.6973,-372.5331,78.2437,-396.2683,-34.5404,-376.2225,-73.2592,-434.3881,-20.3416,-496.4778,34.1150,-420.0559,18.7233,-273.2060
-359.7023,-47.6159,-388.4607,-75.1033,-325.9813,-36.8131,-343.0837,76.5141,-358.4143,-54.6334,-354.9361,-94.8823,-422.1663,-37.7647,-505.5211,3.1842,-390.3082,15.8141,-269.4717
-363.3630,-71.7696,-367.6999,-83.1645,-339.6428,-54.5273,-338.7395,39.5919,-243.4971,-32.0936,-344.2809,-129.9515,-387.9999,-40.1350,-475.3257,-8.0662,-357.1507,-41.2874,-276.7702
-340.0946,-97.9479,-352.9337,-99.7289,-383.0917,-99.0107,-334.2997,-5.9816,-74.7761,92.5506,-326.4518,-148.6307,-378.5594,-72.0926,-375.2976,1.1823,-379.4679,-112.5450,-310.7773
-271.3095,-112.4807,-384.8004,-140.1275,-424.1480,-152.7323,-326.1657,-14.9335,-10.2529,178.2036,-291.7947,-143.8868,-400.8748,-96.2459,-283.6039,19.5768,-389.1536,-141.9563,-347.9925
-234.4432,-99.6004,-388.7784,-148.1910,-422.3785,-152.5079,-330.8073,4.2816,-94.5212,166.4796,-247.8663,-127.7593,-391.4075,-83.3093,-262.6968,33.8050,-339.7762,-119.3670,-339.4758
-233.5096,-80.3467,-305.9140,-109.9443,-338.9716,-111.5135,-343.0544,6.6166,-210.3784,138.8273,-217.3773,-84.9953,-332.5469,-61.1740,-274.7119,34.6002,-288.9638,-97.3796,-300.7053
-217.7657,-77.4768,-233.2127,-78.9080,-233.9935,-93.5849,-327.0507,-0.0660,-248.6558,122.6409,-208.5064,-24.3571,-276.9617,-36.1310,-261.0156,34.0913,-278.2832,-109.0306,-267.7939
-218.3432,-64.6698,-245.7840,-72.0209,-195.4800,-97.2181,-260.5201,25.9562,-204.0679,116.9805,-199.2843,-2.2486,-245.1280,-12.1266,-214.7313,34.5252,-280.0972,-112.8961,-219.1972
-261.6481,-30.9202,-268.1529,-62.8651,-195.6308,-80.9270,-174.0060,66.2454,-141.1670,134.6365,-179.1780,-32.1188,-209.0322,-18.0722,-168.3688,18.2605,-267.5450,-71.3890,-147.9414
-279.6361,-10.5127,-246.2272,-50.1587,-179.6369,-43.0135,-118.3091,74.9228,-114.5273,123.3533,-165.9759,-63.6303,-164.4330,-33.0031,-142.2087,-2.6431,-245.0798,-16.2437,-100.7650
-235.8373,-4.0996,-222.5492,-41.6229,-164.5518,-10.2859,-100.9265,70.4675,-126.9435,62.8605,-161.9245,-72.2460,-137.9886,-18.1483,-112.7746,0.0967,-225.8934,6.8433,-79.1409
-186.8538,3.1303,-204.0848,-30.0022,-150.6352,-1.3953,-91.8773,91.2083,-158.8046,33.6219,-148.6740,-75.9536,-134.8011,-2.3664,-63.4001,23.0307,-213.9957,4.1083,-37.1197
-174.6669,-16.2649,-160.6406,-25.9441,-115.0358,-13.2361,-75.5754,116.2644,-181.6400,46.7110,-125.5327,-69.6994,-125.5141,-5.2059,-31.7535,51.2794,-196.0030,19.1654,16.7545
-173.6693,-46.0678,-110.9037,-37.3031,-81.6771,-22.0832,-54.8551,114.8503,-158.4091,45.5147,-103.0466,-27.9506,-89.1188,5.6988,-39.3258,69.6360,-157.6792,67.9004,45.6069
-142.6352,-20.2433,-73.0372,-32.5878,-54.5572,-16.8622,-32.5086,105.1182,-104.7980,59.0881,-80.8306,35.8003,-44.5013,18.2530,-44.2947,59.4630,-109.1044,104.3690,66.7078
-85.4980,27.8794,-33.1397,-2.4458,-2.1948,-14.4806,-15.0245,110.3674,-77.9519,101.6649,-58.9506,77.6543,-16.6816,1.4673,-25.5621,43.8154,-76.2245,87.5397,105.5128
-55.8687,13.3743,-5.2603,6.1492,43.0209,-24.0551,0.0484,121.7897,-64.1958,103.7490,-39.9590,84.7783,4.3620,-13.6718,-12.0685,55.4159,-74.7213,55.3616,135.5990
-74.8892,-30.2962,-1.5875,-24.0893,39.8285,-34.5823,30.5425,123.6036,-14.1031,80.2028,-16.8804,81.0795,34.8400,-10.6738,-1.9296,55.3614,-85.8706,54.3940,134.8397
-88.7945,-35.1812,14.3158,-50.1782,33.9045,-38.2265,69.4350,107.5133,36.2095,87.2507,16.6058,82.4140,62.7981,-13.6374,33.9358,18.0952,-61.8558,51.6524,127.5895
-61.9927,-25.6018,56.3188,-47.4656,62.1052,-32.3479,83.1220,72.1620,35.2704,62.7406,54.1435,83.8777,78.8079,-0.6197,72.9465,10.3853,7.7074,17.4437,130.2436
-14.0558,-15.9339,90.9757,-24.3301,99.6839,-12.3761,80.1255,34.1393,20.8910,-22.7333,83.6672,78.3175,101.3710,44.0975,69.0604,48.1572,74.4963,6.8289,136.2794
55.8118,30.4579,115.2482,20.8916,148.0403,22.5312,114.6317,14.3357,40.3442,-70.4657,96.2340,64.8917,145.5845,66.1948,42.1827,46.7544,119.9776,54.3283,162.9850
142.2259,90.8867,153.6772,73.8701,212.2727,61.1554,197.7151,8.9988,90.3040,-58.4492,96.1114,55.6893,194.3626,54.0728,59.3624,-0.3020,173.8779,95.0320,220.3559
183.6146,109.8164,192.4242,89.8118,245.4765,75.9936,279.7682,2.0317,174.7090,-50.2574,106.5000,64.8792,220.2005,56.2238,140.2619,-6.8414,219.1667,79.9502,262.7267
166.2531,92.3239,202.0661,62.2692,232.7804,54.5018,328.7088,-5.5785,298.2386,-23.9503,144.1087,72.1826,226.5442,55.4404,237.7067,30.5730,208.2264,57.1356,263.7480
158.7786,67.0090,188.0027,37.0946,216.7613,34.3652,354.7251,-1.4454,426.4231,45.5434,189.2159,43.2990,241.1256,14.5562,306.4770,38.5227,166.5581,71.1701,267.3704
178.2657,43.9767,173.2423,33.5660,209.7788,45.9590,369.7041,16.6928,520.3812,96.3404,206.7800,-4.4563,262.9961,-17.9918,344.4396,8.7698,147.3073,92.9229,289.8354
178.6933,22.9261,170.5182,23.0779,199.2770,52.5143,376.0453,37.4510,554.9896,110.3099,196.0502,-28.7053,269.3058,-0.6882,364.3780,0.3065,140.7719,96.5764,293.8925
164.6777,-10.2717,177.8763,-4.2504,199.2932,31.1802,372.6416,49.8562,515.0349,121.9848,193.0840,-35.0101,279.8132,29.0746,372.7718,34.5441,136.9749,102.7143,294.1922
167.8313,-38.1708,187.1628,-11.3512,222.7083,30.0691,349.9428,58.2119,425.3497,122.0682,215.7165,-44.4372,324.3409,49.8352,374.7531,59.0204,171.7646,111.2691,325.8766
176.4843,-3.5079,205.7757,28.9013,260.3157,65.1789,310.0682,73.8902,332.8426,122.4038,238.8228,-36.5075,362.7645,87.2176,361.1310,41.1389,243.5723,86.8032,339.5598
190.0201,72.6249,245.9370,80.7138,293.4558,80.6804,275.0396,93.6907,259.4495,168.9083,243.8871,9.2598,348.4287,139.0131,315.0395,50.8100,297.6859,32.2487,288.2567
237.4295,95.2503,285.1779,87.0566,295.5438,55.6964,241.6042,107.2814,221.5083,223.5621,246.2136,70.1684,312.7179,166.3705,254.1837,139.2449,308.7922,-6.8316,221.4727
294.1056,59.5632,283.0810,56.2404,262.9811,29.9135,191.6629,115.2491,230.2603,219.2329,254.1372,106.4007,292.6817,152.1231,221.3265,217.2548,292.2829,-10.9051,186.9292
292.1940,38.3025,239.1919,47.3372,228.9377,30.8186,165.8145,112.9838,244.9181,179.6661,258.7725,91.3779,277.8738,123.9220,229.1395,217.3212,261.5172,11.3794,173.2305
231.5478,45.9954,192.9791,73.0257,209.2459,58.2311,212.0741,89.5733,217.1124,146.1274,263.5547,38.0852,270.2028,108.1138,253.7071,212.6495,230.3205,54.5999,171.6290
184.4047,62.0638,172.0967,93.3307,195.3976,90.9025,273.0130,66.4799,174.7457,122.9777,267.4803,2.8059,274.1854,85.1333,263.2036,230.8209,213.1051,90.9616,168.5551
173.8473,81.5465,166.8559,90.8589,191.4781,88.8047,266.8462,76.7971,181.3436,138.1841,253.0731,15.5214,258.0530,44.9986,242.7274,200.9032,197.4382,75.1934,133.7297
142.7411,83.7495,146.9751,77.4279,189.0352,51.6156,228.5421,98.0328,245.6122,194.8640,227.7014,41.0972,221.7922,35.6730,224.3919,143.8125,160.8586,16.7765,83.8268
71.4569,65.0816,100.3919,57.4110,167.1384,26.8288,229.2725,90.8650,314.9811,221.3640,209.0769,47.3242,205.2730,69.1116,257.2776,132.7956,110.8120,-26.6595,56.5730
14.9597,53.6950,56.7020,35.6844,144.2862,20.9815,248.5768,82.0524,332.7808,195.7271,180.8123,43.1361,199.4451,83.8145,316.1661,132.8594,72.3060,-41.8531,42.3077
0.5343,39.0077,49.5105,21.9375,141.8906,1.0397,240.1864,103.9468,298.9799,182.1013,149.3343,40.1674,182.7191,68.5774,322.9116,107.5256,55.2033,-62.9851,29.1513
14.6525,10.2650,67.8582,15.5186,132.6398,-19.2991,210.7352,110.8499,264.2269,176.3684,163.2255,42.3757,180.8285,68.6389,272.1606,101.5467,58.1498,-87.1062,20.5431
71.0587,14.4411,80.6646,20.0561,100.3507,-3.1379,171.8950,65.9850,248.1744,95.6648,197.6510,49.6229,175.4189,75.5235,227.2495,108.1976,82.1099,-70.3733,-5.6192
160.3102,53.3811,90.9725,43.9541,71.1844,41.8053,118.9334,17.8498,214.6378,-51.9569,166.0255,50.4922,105.4985,75.7834,203.9440,79.9215,119.5906,-8.7708,-42.8676
209.1523,71.9343,122.4092,74.1492,59.1919,92.4644,57.5573,-1.5551,142.1916,-162.1359,83.5837,58.8237,12.4288,107.1637,163.9444,41.5174,152.7230,44.4664,-45.8304
188.3675,88.7986,157.6233,97.1497,63.0976,135.8131,-3.6197,-26.4343,56.3711,-192.7404,40.1402,104.0969,-11.3353,151.9203,95.4257,25.1014,169.9696,55.3746,-31.0670
132.7947,133.7928,147.6254,117.1000,83.1482,142.2993,-47.0662,-48.2863,-11.8298,-180.5648,35.8562,137.7267,12.6333,143.5674,23.2470,23.4928,155.4438,51.6676,-31.1491
53.2709,132.0403,97.7729,115.2243,99.5697,97.4526,-46.0042,-10.1936,-54.2163,-136.2376,15.0735,77.5888,13.8640,96.9981,-31.4806,46.0014,87.1473,62.8385,3.8288
-15.9527,46.5666,70.7458,67.5573,99.1834,43.1194,-15.5201,66.7998,-76.6426,-50.9372,-24.4602,-33.2522,-2.0027,59.4348,-63.3108,71.1909,-9.5834,68.9684,82.4336
-3.5662,-28.7931,78.2543,12.6928,94.4534,20.9655,-0.3844,100.0361,-84.6568,36.9175,-76.8122,-81.2769,-14.4038,22.9909,-75.6676,43.0630,-64.2577,49.6064,107.6571
45.1887,-33.8897,63.9323,2.9401,71.5703,23.2351,-3.9288,76.4230,-87.0314,75.4628,-150.6613,-63.8484,-36.4642,-1.8164,-74.8166,-12.6827,-63.3199,32.4348,62.7626
14.8423,-8.3544,15.9230,19.2623,12.8806,35.3225,-10.4467,48.1591,-104.7359,56.6632,-202.5126,-48.8367,-60.5687,15.5258,-70.2952,-44.9724,-73.2237,47.5482,30.4348
-66.4221,14.0459,-20.3331,22.9379,-38.6939,54.2802,-25.2665,40.0424,-135.8676,13.5377,-184.1306,-40.8998,-69.4301,39.6374,-78.0854,-79.0468,-132.3129,74.6056,7.6927
-110.0199,22.2360,-42.5183,17.3982,-49.1358,52.6398,-34.3297,40.3570,-137.2572,5.6984,-130.3787,-23.5572,-71.1884,32.7653,-99.6703,-97.8918,-204.9315,70.6126,-59.0304
-145.9472,5.7929,-78.0950,6.3404,-57.3314,12.0940,-28.7509,30.6431,-108.2265,54.1646,-101.1390,-18.1177,-72.0164,23.1036,-106.7299,-39.1337,-244.2675,31.5647,-140.3857
-192.1573,-10.6447,-109.4950,-9.0463,-90.2835,-11.8025,-55.6477,-6.0353,-113.1631,69.5993,-105.9232,-22.2122,-78.8527,27.1838,-83.6946,19.5335,-231.9793,10.7700,-195.8260
-171.2803,4.9616,-117.6180,7.8719,-122.1304,40.1828,-120.4405,-61.3578,-153.8201,-22.3703,-128.3906,-7.2160,-112.0486,27.1392,-63.6205,-33.9076,-186.3133,55.6126,-236.7786
-102.9957,39.0761,-122.5534,66.7885,-141.6441,118.1989,-145.4616,-101.4408,-156.9866,-128.2797,-148.8065,11.6397,-160.7483,22.8789,-79.7017,-123.4800,-153.3426,121.4516,-261.4481
-104.8199,58.8428,-129.9421,103.1871,-160.6608,131.3691,-124.5813,-114.5184,-120.7718,-142.9812,-147.6978,5.8153,-187.9605,15.9775,-110.1193,-140.8370,-147.0545,117.0447,-263.4007
-162.6398,45.6898,-131.3231,78.0966,-180.3881,86.2320,-143.5397,-116.1814,-115.8489,-127.8449,-133.9018,-2.9390,-191.5539,3.5992,-118.2077,-130.5884,-138.8043,52.9070,-260.4673
-154.5822,9.9422,-144.6192,40.8916,-193.7708,52.4393,-205.7787,-111.5513,-163.8396,-157.9461,-131.3094,10.5464,-186.5844,-0.7607,-122.9418,-148.1097,-130.7480,34.8497,-240.1815
-68.5805,-5.9768,-167.0027,36.9984,-180.3159,53.8059,-230.9614,-102.5285,-230.5951,-194.8538,-135.2091,21.8217,-163.9923,-5.2797,-171.3794,-171.2719,-148.5308,90.1345,-180.1052
-13.4381,9.0611,-154.8203,44.5078,-129.5925,68.3193,-203.2316,-102.7962,-265.4904,-205.4631,-128.4577,8.5839,-124.0881,-29.0578,-246.0351,-189.6727,-167.9144,126.0216,-111.3562
-50.1904,11.4475,-108.6878,35.5433,-87.1511,63.6871,-167.0641,-111.0835,-220.2658,-186.4882,-116.0413,-1.7484,-94.1106,-44.8696,-265.8482,-192.5919,-148.9471,77.4117,-67.7125
-113.5173,-1.6044,-81.9529,22.9703,-100.9183,17.4692,-150.7405,-115.1367,-125.0189,-116.7301,-113.1174,19.4332,-96.2173,-37.4855,-199.5180,-155.7957,-103.1164,-14.1685,-54.3348
-117.0064,11.5294,-91.9136,21.1454,-153.0115,-35.7363,-170.2528,-120.8538,-72.8268,-49.5453,-120.0896,50.7260,-134.7721,-44.9674,-110.6924,-114.5431,-63.5395,-75.5112,-84.3596
-86.4810,24.7173,-113.1938,11.1752,-206.2078,-39.1417,-213.0423,-126.4441,-71.9872,-66.6293,-118.2148,51.6920,-186.1465,-68.4178,-60.5759,-102.4445,-54.5981,-80.8729,-133.7131
-96.8734,-12.1076,-128.1962,-22.1824,-235.5644,-21.0278,-223.3807,-109.4001,-62.6029,-102.4283,-97.6461,18.4910,-203.4703,-74.6253,-41.3969,-78.9527,-86.0467,-54.4643,-134.4467
-119.9289,-47.7083,-126.3782,-43.4246,-206.7724,-39.0468,-179.6399,-79.0510,-56.1213,-69.5396,-84.4847,-12.3858,-176.5292,-80.9961,-35.0320,-43.6655,-112.2445,-28.4355,-96.1273
-87.9319,-14.1301,-100.2850,-11.8295,-130.4372,-57.5074,-127.5320,-67.6736,-86.5390,-28.9583,-97.9970,-10.8054,-145.5842,-101.9776,-47.7872,-53.1670,-75.3725,-11.9635,-89.1619
-35.1913,31.3720,-65.3981,29.9768,-83.8007,-38.6367,-102.8357,-57.5990,-110.5098,-14.5701,-107.8851,5.5618,-131.9547,-101.6103,-56.1772,-73.9118,-16.2038,-5.7364,-96.5349
-19.0285,-4.1490,-47.5701,-1.0617,-96.4583,-40.7200,-89.9872,-12.9666,-83.6880,42.2433,-93.2173,-5.2239,-121.6649,-77.9686,-14.9737,-31.4799,-16.0424,-17.3992,-61.6865
-24.9132,-87.7018,-45.6644,-85.9193,-113.0704,-84.6158,-62.3382,40.2181,-36.7024,119.1986,-76.4799,-43.0711,-104.9006,-65.6217,50.9045,35.1943,-54.4302,-39.1361,-18.5752
-43.6744,-114.3973,-31.1612,-116.8418,-92.6002,-96.5811,-21.8829,64.8878,-25.4908,147.9004,-53.0191,-68.9442,-72.7669,-63.9462,66.6756,58.4422,-58.6218,-50.9221,-8.1076
-78.9703,-82.8221,2.9327,-75.2175,-47.7890,-66.9076,2.5244,84.0685,-65.6071,166.9261,0.3104,-79.1206,-23.8226,-66.4896,36.7578,67.9406,-31.4051,-61.4509,10.8356
-75.9547,-86.5454,17.3124,-56.9414,-14.1700,-66.4229,0.3951,119.2961,-106.7703,189.3137,43.4350,-99.7627,10.6237,-76.8368,31.2765,105.0833,-16.4414,-91.4036,58.9806
-3.0578,-131.4984,-5.4807,-89.8592,-14.0910,-94.1850,6.3844,143.1269,-90.8516,160.7372,37.6729,-110.7096,15.6729,-67.2896,49.2284,145.6272,-8.3503,-118.4270,93.7147
67.7166,-124.3123,-8.1955,-93.9030,-10.9946,-92.2901,43.0064,142.6357,-44.1259,130.6917,33.8522,-75.0017,24.3296,-28.6419,37.8290,160.8450,19.3951,-104.4488,103.7184
71.6620,-65.0988,42.9525,-56.8262,42.0262,-66.1815,83.0150,138.1727,-15.5164,157.4658,71.9687,-22.7002,49.4213,-4.7283,15.9208,149.5993,48.0054,-60.5042,114.4402
28.2212,-51.3122,84.9356,-55.0307,103.2375,-53.5996,110.0964,129.7847,19.9746,153.5165,103.2165,-2.0407,73.3622,-10.3311,29.3998,119.4300,35.9025,-20.6324,122.1928
-21.3502,-78.1526,79.2990,-77.5084,123.3172,-44.0438,139.8215,105.9670,68.2184,78.1367,94.3592,5.6862,103.2566,-18.5617,48.6083,92.0109,-0.2349,14.3812,118.5960
-32.0506,-57.1079,79.3848,-44.3660,151.0293,-13.6197,164.9793,80.2813,73.0237,25.8376,80.4055,31.3479,131.0653,-23.9809,39.3524,84.2092,12.1402,51.9618,127.0356
33.9207,-6.6154,106.5053,11.7554,203.4406,20.8566,164.1354,66.3928,47.8775,15.3266,82.3540,47.8285,110.1362,-26.5653,35.4333,76.0741,88.3203,75.4280,162.2142
123.4706,-9.9047,117.7090,8.0003,201.0448,33.1444,147.1947,60.8879,52.2020,-4.4011,85.6212,31.6684,59.9808,-14.6813,56.2436,45.4970,155.8679,79.5313,210.7733
135.5051,-46.3595,113.5275,-12.1847,151.9409,35.5271,136.1764,62.8971,66.6926,-3.2441,91.6039,21.1641,64.7679,6.2465,75.8428,8.0634,170.6252,82.8894,257.6707
84.0199,-38.2669,128.6900,22.6197,159.4216,52.1777,141.8882,64.2715,73.9951,27.0446,115.7197,51.6719,123.9456,33.7193,101.1716,-16.7898,162.9851,87.1562,289.9793
68.9451,8.6717,155.2044,62.8820,212.8638,67.8221,175.8877,47.4462,115.9114,13.7340,152.7087,93.8005,161.9359,68.5765,161.7071,-36.2903,158.1728,83.6843,304.9140
95.9061,26.3663,172.9636,52.8480,225.1365,55.7882,236.9443,25.1294,175.2671,-30.5705,175.2874,106.3275,168.6128,77.3631,236.3359,-52.6131,147.4995,80.7465,325.3278
94.3160,-6.4460,175.1053,27.2327,208.7633,28.5558,298.3397,30.3707,206.2460,-17.1716,167.2699,102.7806,180.8573,48.0836,273.0320,-47.7210,128.6814,69.2449,362.5671
76.5110,-44.0532,144.6908,7.0632,208.2464,4.3445,335.6583,57.7547,240.2389,46.8171,149.6511,109.9489,192.6135,26.3971,255.6459,-22.1813,118.5289,24.9283,384.5675
103.7417,-51.3331,100.3335,-24.9635,199.8270,-24.0572,339.3452,68.1291,285.0989,78.2403,149.5337,105.4840,190.7015,19.8438,221.1855,-6.8526,145.0196,-24.2894,367.1538
153.0911,-47.4856,104.6261,-46.2615,180.4261,-47.2316,314.9648,42.3381,288.5903,41.8140,168.3606,67.2789,194.7315,-10.1982,215.7964,-18.4783,214.7206,-29.4522,339.0979
178.5017,-51.0257,164.0993,-36.0819,196.1293,-42.4786,298.3742,-0.8534,273.5692,-19.4976,210.7892,30.2853,214.8509,-47.9941,231.8211,-39.3240,274.5423,-5.0064,340.7992
219.4721,-47.6111,222.8014,-24.7973,252.3819,-24.4980,320.8562,-22.1825,293.7859,-29.6837,277.0653,25.6287,242.4374,-52.4677,235.0254,-47.2071,281.6074,14.5131,376.4298
313.3368,-35.0344,259.0027,-24.5243,313.6820,-20.4598,349.7726,-2.0513,320.8549,14.2565,322.6776,38.9115,274.1211,-28.9659,246.0924,-33.1970,288.2708,29.1919,412.5560
400.3346,-19.2362,288.9973,-13.6779,350.0397,-25.8481,328.6276,27.9152,335.4390,20.3116,326.4959,66.2026,303.3806,12.0757,288.8557,3.3255,346.4010,28.4671,404.8777
417.8821,13.0809,315.7349,5.3242,348.9704,-20.2482,271.7686,35.7392,365.3421,-26.8993,341.7621,105.6009,325.7398,65.5363,316.1818,52.9503,397.7931,10.4285,361.4599
385.2447,38.0971,335.2018,14.5441,346.1472,9.3760,252.7061,47.9614,392.2122,-23.9300,377.7319,106.0334,349.9720,97.7183,311.2628,103.3339,371.3593,20.0331,352.6673
345.6970,2.9396,345.7639,4.1249,384.4366,39.5684,290.8567,80.3867,394.1810,29.7318,369.6938,50.3684,367.4096,95.0934,322.1487,143.0113,306.4608,45.5781,390.0438
323.4357,-56.8452,345.5697,-26.1053,414.3097,14.7521,312.1969,72.6165,391.3381,4.1599,326.6160,23.5523,353.3076,85.2686,321.7568,143.3560,296.6341,12.0788,385.3335
326.9213,-58.0377,343.9836,-44.8321,373.1518,-51.0678,266.9275,-6.2884,363.9478,-104.5202,306.1216,80.5625,317.5970,78.2464,256.5975,88.2719,356.2860,-54.0509,315.4173
322.6077,-29.1107,336.5049,-34.6963,322.0837,-71.9242,228.8211,-75.0293,304.0383,-151.6812,271.4674,150.2713,297.2949,69.9495,209.2186,34.5725,393.3035,-74.4422,280.9179
264.0405,-56.0909,299.1422,-50.9092,330.1032,-54.5056,279.7744,-65.4893,292.8069,-100.2512,193.6123,152.2569,303.0033,64.5031,257.1870,49.4265,335.7070,-87.0762,318.1054
181.8679,-116.2160,254.7254,-110.7383,342.7511,-75.3538,353.2720,-29.2350,347.3714,-62.3702,162.6404,103.8904,315.4060,48.4193,315.0156,95.6983,249.8876,-122.3747,336.9243
160.8179,-119.0466,253.9310,-120.4727,324.1251,-95.5736,342.6631,-32.2896,372.2591,-86.0636,214.3333,72.6517,314.8302,19.4905,321.6917,102.8914,242.3746,-98.1213,297.4716
206.9336,-55.8648,278.5980,-50.3747,333.6088,-48.9435,288.2833,-50.1767,348.9483,-99.4645,252.8277,84.6576,296.5476,8.9921,335.1843,100.0461,297.3538,-21.1681,254.5293
224.5673,-3.8522,282.4845,-1.5893,358.4088,-3.6507,275.0818,-38.8112,331.0463,-70.1376,244.0678,95.1235,272.8766,15.5982,347.9616,135.0729,338.2372,0.2044,228.2093
163.3171,-8.1495,279.0146,-4.4001,314.3932,-5.5236,258.5670,-14.7056,296.8868,-42.3248,250.0926,64.6124,253.2071,14.9282,301.0817,160.5690,350.3739,-13.5244,197.0103
106.3648,-18.7334,282.8294,16.8292,237.1335,17.5044,181.5906,-10.2501,224.7686,-7.2181,266.7776,45.4713,228.2098,28.8004,242.5541,135.5561,338.7344,7.8455,169.4607
133.2748,23.6991,265.9134,64.6570,225.1615,69.4522,116.2921,-23.2868,171.7558,77.1268,242.8837,92.8648,197.0684,67.0781,234.3312,105.3086,302.5111,17.5417,153.1389
177.9612,83.5231,234.5214,86.1670,250.6866,88.0089,120.5395,-41.6520,158.6714,142.3029,199.1647,138.8050,176.2441,79.5348,246.9883,87.4224,275.1666,12.3247,129.4149
152.9669,100.4118,222.9378,101.1503,235.0297,104.8604,128.5535,-55.7811,158.6001,100.2981,179.2261,108.6449,162.0835,49.6464,256.5516,43.7329,262.1376,66.8413,106.6471
109.3153,98.6970,210.8795,138.0812,192.6989,149.3918,112.1071,-42.5130,197.8411,30.0234,168.2729,63.4498,137.0111,21.6630,265.9420,-3.1417,220.3191,123.4165,113.3584
115.5379,117.3477,167.7434,161.8401,156.8701,159.9423,142.8868,0.5342,301.6319,46.2764,136.7557,68.5616,106.4355,20.0201,258.3684,-0.2916,163.8934,99.2546,133.4894
131.0512,131.7921,121.4132,154.8528,111.6326,136.0786,210.8570,27.1128,410.9441,98.1003,95.1488,70.6339,78.8413,35.8153,245.4491,23.4722,136.6765,87.2327,122.7508
127.0134,124.5002,101.4436,145.6865,67.3235,141.4414,207.5763,15.4374,450.0641,106.4572,73.1795,25.2581,44.5614,47.2895,234.1492,25.8997,113.2029,150.5494,77.9805
134.5558,117.4641,97.5218,147.5744,62.5880,160.3313,131.1983,16.0141,405.2148,122.2361,74.7118,-19.3075,6.5264,31.0623,171.5089,30.4705,83.6074,193.1285,41.5590
134.4270,121.6450,98.7742,154.3679,87.7031,160.0130,85.6733,57.1582,319.3431,183.6711,76.3796,-20.6126,-16.9310,11.2963,77.9541,42.7956,94.5655,186.6961,39.2793
99.5100,138.4344,97.9960,158.5634,99.4340,162.6371,80.1101,84.9625,236.9503,214.4732,69.6051,14.1558,-23.0834,34.6527,55.5374,38.0838,117.5007,190.1055,43.0252
72.1809,158.7398,78.6283,147.1196,81.9209,157.9849,39.2568,64.9962,149.4352,170.8998,67.5442,68.8787,-17.9790,78.4501,73.7693,50.8991,84.5154,176.2824,17.1964
58.4124,150.7796,48.5734,121.8921,57.3812,125.7984,-27.3606,44.1194,40.8957,131.7336,67.9325,118.1087,-7.2281,93.9760,31.8468,108.4199,28.3873,121.9949,-31.1177
13.9293,125.2040,37.9725,101.0859,52.0269,103.3217,-53.8055,56.1725,-35.1260,169.2765,57.5344,139.5626,-11.3619,91.0789,-16.5725,139.8045,-2.8046,88.6044,-85.6216
-32.8821,132.0001,38.3194,89.7770,41.5381,99.6488,-53.1399,69.3493,-32.0330,219.4507,37.9449,146.0999,-45.0040,88.3762,-7.4547,106.8321,-29.1747,78.3693,-148.1862
-42.8891,151.4008,8.1653,89.0949,-26.8141,85.4650,-87.5983,64.9915,-2.6749,175.9720,10.1563,150.8368,-89.0784,83.7975,-33.7345,86.5251,-45.3356,49.2348,-199.3236
-53.1737,132.3392,-51.1223,102.0772,-121.8730,81.3927,-162.4130,77.0681,-5.7322,95.0437,-25.8523,142.2374,-116.4143,93.9494,-128.5503,116.9757,-43.9738,35.3946,-207.7013
-70.4566,100.7947,-91.3791,105.7948,-151.9338,93.0200,-217.3228,126.0006,-21.6015,136.9641,-60.2838,126.2791,-119.3483,115.3520,-178.9757,142.9729,-92.3582,54.5258,-190.5537
-75.5894,84.0705,-98.5057,77.7542,-130.7916,67.7935,-195.7991,179.2379,-27.6244,281.9387,-105.4785,124.1481,-110.5356,113.2964,-163.0384,150.2113,-201.3764,49.5700,-182.9166
-120.8520,53.0813,-116.8694,38.7832,-154.3132,15.5201,-121.6726,202.4360,-35.2575,350.7469,-176.5246,125.5701,-116.1810,96.1173,-160.4216,167.7087,-275.4141,10.7612,-176.4975
-208.1051,20.9961,-170.1599,12.5038,-222.1447,-6.9338,-85.5341,206.9448,-43.4613,309.1871,-232.5294,104.6892,-140.2931,82.6878,-171.2325,173.0793,-293.0139,-20.4856,-164.8063
-244.9677,24.3413,-220.8219,-8.6610,-262.6934,-14.3234,-114.8153,214.8283,-48.8487,266.3312,-240.3320,64.2887,-148.9266,50.3946,-169.6207,143.5663,-315.9357,-33.3459,-175.1706
-250.8850,24.1562,-244.0328,-26.2717,-271.8813,-30.8805,-140.5916,211.8183,-61.3492,241.2010,-243.1783,32.4434,-135.2237,21.3816,-180.5890,114.8796,-333.9737,-24.5724,-201.1695
-311.3971,-11.1777,-269.1252,-27.6779,-281.9022,-27.5580,-138.5613,181.6236,-70.1265,193.5391,-270.8391,33.7106,-142.9892,54.7275,-184.8003,107.1261,-312.0187,-3.4034,-200.7717
-348.5259,-24.9578,-311.6700,-9.2657,-288.7311,-3.0677,-157.2059,146.8655,-56.9501,149.4884,-295.0942,60.5932,-181.9428,113.7280,-150.3078,95.6232,-282.9005,-11.2353,-187.0065
-274.9745,23.3072,-339.4763,30.7915,-288.9563,21.0394,-193.2177,122.3482,-40.7306,127.0989,-314.2231,71.9214,-210.0395,116.8349,-138.1236,67.3620,-263.9466,-34.7219,-224.2606
-203.8113,93.3348,-331.5191,83.3428,-296.3071,56.0077,-214.0713,85.0959,-50.6891,93.9851,-340.7849,51.9218,-217.3304,74.2007,-192.9447,25.0503,-229.6577,-15.5624,-320.4754
-220.9918,131.5439,-305.6040,116.4342,-309.3672,93.7619,-248.2861,33.8301,-73.0287,46.5956,-346.5956,47.0199,-229.6691,41.6127,-251.6530,-23.0589,-191.4387,23.4172,-400.1385
-229.5068,127.1469,-279.1839,121.2494,-316.6538,106.8253,-299.1331,1.6483,-73.4487,11.9596,-329.6032,92.7952,-249.9668,42.3472,-273.7894,-44.0223,-173.0075,26.5964,-405.2724
-180.2296,113.2468,-256.0345,121.1082,-307.6089,109.1328,-303.2133,-3.3365,-69.7936,5.5857,-319.6169,145.2202,-266.4444,74.0003,-290.9103,-15.6501,-164.2726,21.0979,-364.9251
-152.6308,106.6512,-243.3360,110.6600,-282.5268,106.3400,-268.6429,11.0999,-129.2465,19.3619,-294.4654,140.5138,-272.2289,94.3932,-299.0311,33.2160,-171.7194,46.1693,-330.5449
-170.8357,69.8991,-244.2887,74.8320,-271.3070,77.7834,-268.2690,54.3070,-255.9198,12.9220,-238.1046,83.1230,-258.2769,59.6531,-273.7697,65.3676,-205.5713,79.1724,-298.0720
-179.9359,17.0480,-247.7494,54.0494,-287.3325,58.1753,-288.1308,105.0875,-352.8772,-20.9634,-203.2369,26.7996,-235.8154,11.1709,-252.8485,71.8703,-214.3737,96.4586,-250.6638
-160.7488,39.2732,-240.1280,82.9218,-289.5507,88.0063,-277.0306,109.7480,-365.3307,-18.3001,-204.8323,2.2454,-234.2142,9.2104,-271.3056,56.3138,-160.0596,104.6230,-214.0880
-134.9706,115.1433,-221.4709,113.4314,-258.6780,117.0093,-259.6086,73.7408,-350.9620,25.8152,-198.8356,2.0618,-250.3157,29.7873,-288.7736,32.2164,-107.8835,114.3420,-200.9149
-123.9084,116.4956,-206.2703,94.3994,-228.4099,90.7723,-245.9268,52.2111,-342.3596,34.7877,-183.5852,10.5553,-254.0031,30.4150,-265.3514,13.0732,-124.5291,120.1534,-184.8447
-137.2655,58.4680,-198.1784,52.8199,-207.1911,38.4144,-193.7637,43.6539,-301.7576,12.8782,-164.5246,16.8564,-229.0939,12.6103,-231.8141,-11.1181,-163.4730,90.9977,-175.2939
-150.3344,55.2560,-175.7082,34.4408,-180.4435,10.5612,-136.7347,7.3401,-249.6746,3.5061,-110.2396,13.0884,-170.6571,-15.0078,-225.3672,-42.4321,-155.1445,39.1706,-203.4573
-118.6379,81.8331,-129.5115,45.0925,-160.5976,27.9412,-145.5889,-38.9749,-250.3247,-41.8312,-49.7389,-0.9721,-99.2547,-32.8698,-216.2392,-52.3792,-123.7396,55.4314,-233.9799
-44.7240,66.8681,-90.2035,73.2379,-141.2867,74.3210,-173.2700,-48.8733,-275.3443,-121.3282,-43.0415,-12.8698,-66.4401,-14.9160,-163.1617,-37.5697,-110.9438,141.5287,-215.5865
10.7071,58.3017,-81.7289,98.7948,-95.2875,94.9915,-137.6325,-37.5135,-258.0405,-126.5586,-45.6403,-6.7823,-73.3058,16.2645,-105.9135,-31.5018,-86.5783,153.7876,-175.6673
8.9108,87.3311,-83.4115,92.2531,-55.5390,65.0076,-77.5119,-47.3564,-222.4237,-75.1909,6.8878,5.8767,-61.6602,21.9741,-110.9932,-40.8866,-42.0369,60.0974,-156.5036
-9.0900,90.5265,-77.0363,56.1912,-69.4154,27.7282,-62.3106,-60.7081,-215.5812,-89.1343,67.1041,-23.4728,-32.2937,3.0856,-147.3014,-46.6255,-43.2878,3.9966,-135.9865
2.6040,52.3218,-76.5775,28.4714,-104.7212,12.4799,-66.8492,-32.9552,-216.7016,-138.5567,76.1097,-107.7858,-36.3566,-32.2319,-140.6579,-47.7805,-95.0801,20.1771,-89.2847
8.6145,20.0438,-84.0448,20.6253,-114.8394,3.7283,-49.5105,17.7703,-205.6201,-125.9792,55.3003,-161.8001,-57.2483,-64.1030,-112.1021,-43.7183,-108.6003,-4.2640,-40.2956
-21.2909,6.0758,-83.1516,7.8208,-112.3851,-4.7651,-27.7820,39.4436,-197.6037,-92.2417,32.7599,-113.7485,-56.2808,-48.8370,-104.7596,-24.5714,-68.2882,-80.5570,-16.2532
-33.4584,-0.6201,-77.5333,-20.0605,-118.9423,-18.7124,-20.2825,30.3323,-179.4903,-100.0562,13.4935,-40.4638,-61.4741,-8.3952,-63.7488,-5.9771,-52.2718,-125.7282,-22.6725
-8.3539,-6.0182,-71.4995,-50.0975,-128.9591,-50.0525,-15.9661,10.3861,-134.3273,-108.5928,12.9650,-45.8976,-80.0097,-15.7106,32.4583,-12.9531,-65.4440,-136.4379,-55.2902
0.8903,-12.6946,-45.5643,-69.3351,-122.4226,-74.3591,-6.2917,-33.0057,-105.8761,-82.8570,33.2485,-80.9365,-56.6556,-49.4353,72.1600,-42.2546,-33.9664,-142.4428,-93.4276
7.4713,5.0753,-3.5830,-61.3113,-78.7551,-67.2886,12.1279,-89.9880,-126.5361,-58.3296,53.5946,-56.1729,2.4140,-37.8665,10.6003,-79.7743,51.1143,-123.3931,-101.3052
51.2195,54.3413,18.9450,-20.5180,-16.8152,-49.7435,37.3802,-107.5288,-143.4260,-66.1989,66.6021,-21.3998,26.1429,-7.0452,-37.3352,-107.7662,127.4083,-78.2965,-53.7330
59.9045,69.0003,26.2386,16.5616,16.1352,-33.1942,49.2391,-82.3489,-106.5494,-79.0807,74.5718,-62.0454,12.3239,-14.5785,-26.3346,-99.1348,157.2920,-41.4143,37.9934
-7.5460,17.3571,51.9041,10.9998,26.2489,-9.3242,43.0830,-64.4180,-38.3392,-51.5648,73.3427,-143.2219,16.5730,-41.0283,-45.8036,-67.3554,151.7368,-15.7423,123.4720
-32.1327,-31.0151,78.8030,-19.0672,47.9742,-1.0024,46.7155,-58.0064,37.5434,-3.7734,65.0831,-185.8753,42.4918,-58.0819,-96.5749,-65.9949,133.3939,10.3002,157.6531
43.6534,-39.4755,72.3022,-37.4290,58.5946,-26.3584,60.4563,-36.2246,123.9858,21.8971,61.5198,-179.5535,50.9654,-78.2571,-78.6589,-86.9054,107.5181,20.8033,151.5426
101.8277,-51.9791,55.1236,-47.8525,42.3983,-56.5153,58.4987,-14.1808,193.5648,70.4701,77.8934,-155.3491,34.9693,-100.5098,-1.0626,-67.7526,73.9122,10.7876,145.8849
76.6320,-64.8075,65.2801,-54.7830,55.9511,-59.5532,62.5113,-15.6986,206.5621,156.6012,120.3267,-135.4709,28.2855,-103.4941,37.8357,-25.4673,56.6185,18.1841,150.0698
46.3391,-24.4690,101.5745,-29.3725,120.5022,-26.3265,97.7881,-32.7569,163.2521,155.1461,166.7116,-119.4356,59.1314,-78.7898,23.8233,-31.8181,74.9672,65.0287,152.1553
68.3990,43.8595,145.6637,26.5523,167.1696,26.2204,117.1322,-47.8059,84.5727,44.8495,186.7783,-90.5561,105.9321,-35.3340,10.6826,-63.7676,103.8892,100.7860,157.9191
109.2473,60.2100,167.7740,54.6876,149.2212,51.6160,97.8763,-36.3945,6.1159,-14.9366,173.7065,-58.5166,122.6080,4.6888,21.8827,-46.5374,124.0581,77.6835,179.4084
121.0323,24.9829,138.7268,32.8760,108.5627,41.9697,108.8300,10.1344,-15.4971,-16.1044,137.7486,-58.6850,123.5836,23.2186,61.3792,-4.3577,148.9138,51.4378,209.6103
106.4526,3.9665,98.5667,15.5005,114.7670,47.4349,166.2201,42.5159,18.6621,-83.1394,109.4997,-80.1759,171.4977,19.5406,129.2267,-8.8173,156.9430,89.0475,220.5730
116.0038,4.3546,123.8109,32.2770,179.0466,66.3134,187.6742,23.9759,34.4656,-141.5508,131.3686,-74.8363,256.5456,1.9581,197.2292,-45.3177,116.5479,135.7439,189.9087
168.3573,-12.1364,197.7210,38.3246,237.0119,52.4389,158.7955,-0.7506,18.8780,-88.1595,188.4572,-47.1648,296.0937,-3.8638,234.2976,-57.5587,81.1837,129.6320,142.3065
212.9746,-20.8538,241.5258,16.7875,246.6725,38.0377,147.2742,-2.6678,33.7793,-48.4077,217.3924,-38.4385,274.7520,20.6378,243.7090,-45.4514,114.2381,129.8811,125.5667
226.1745,25.5107,247.5690,23.1922,257.5779,71.8651,152.9300,-23.8479,69.4581,-84.4698,218.5815,-39.8208,264.0990,35.3084,245.3527,-40.5083,173.3432,171.9150,133.0965
242.3407,85.4692,251.4467,69.3561,297.8533,104.9569,129.2941,-69.9545,56.2962,-78.5334,236.9102,-13.8801,287.4103,12.2707,243.4619,-52.7997,195.0682,178.0096,124.4212
258.7180,94.1267,247.3237,85.2109,300.6812,87.5522,86.0835,-88.2926,7.0079,-46.9777,247.8355,28.5477,285.2169,7.8658,226.9290,-68.7245,193.7877,126.9597,111.9479
244.3678,69.2465,228.2798,47.5309,242.4001,49.8013,51.0419,-67.5614,-9.8415,-73.3662,212.5309,43.6052,234.7493,33.5312,200.0301,-69.9939,194.0495,95.6111,124.2294
213.8253,45.9646,220.5111,16.4872,193.6336,21.2216,30.1005,-46.7952,7.3154,-81.6007,178.7830,22.4276,191.2345,13.1457,185.2138,-73.0742,180.6830,98.8951,127.6445
191.6892,23.3967,231.7817,21.0492,178.1479,13.2606,28.7512,-58.0973,8.7368,-70.1542,197.7890,-1.1231,187.5620,-27.8479,174.1516,-120.6416,154.7289,93.1119,93.4260
183.4511,21.1318,239.4527,35.3099,161.5554,45.0251,31.6166,-101.6921,-18.0391,-163.8967,231.7540,-1.8109,194.0378,9.8654,136.6277,-187.7341,142.2400,83.1581,60.8138
190.7950,52.2984,227.0033,52.8328,160.8306,86.4222,24.3277,-130.1599,-34.8562,-268.3360,224.0735,11.7191,193.7487,71.8049,93.6280,-190.4079,145.4342,80.7130,53.0641
176.8226,76.5723,197.8390,78.6477,200.2648,83.8281,44.6337,-103.0872,-9.1368,-208.9758,182.9631,21.2830,202.2096,51.3114,81.9616,-132.9994,145.6705,64.8768,36.2600
108.4174,79.2013,174.6082,92.8586,230.3552,58.3148,96.4820,-73.8300,30.9809,-115.7478,152.8818,15.8964,209.5723,3.5424,70.4011,-107.3109,142.4877,37.2575,-5.1637
55.6327,85.1960,166.6725,81.7598,205.9316,52.9229,104.2612,-108.0497,27.8617,-165.2161,139.8570,-0.5664,191.1671,1.2802,30.7475,-131.2860,155.3037,6.1934,-50.2178
82.1321,75.7565,142.1902,49.8093,157.2530,45.3498,56.3678,-161.6801,-14.5619,-242.7960,107.9458,3.7242,153.2738,-2.3886,3.4791,-141.2154,178.5076,-42.5785,-84.4101
103.3499,30.6840,89.0005,1.5922,120.4911,6.1485,19.6794,-169.1546,-34.1799,-208.0303,59.7191,38.6931,100.9137,-28.6926,-6.5394,-114.7314,163.6584,-95.3773,-94.6338
42.1277,-16.4034,41.7238,-48.1075,74.9386,-50.0433,-8.1333,-142.9182,-0.2471,-112.3302,38.6036,37.6402,19.5366,-44.7375,-47.6441,-77.2115,84.8722,-125.8201,-71.3042
-26.6142,-57.6163,-1.8260,-89.2784,-7.6922,-100.4410,-54.4450,-101.3453,58.1648,-14.4914,22.9316,-38.3812,-70.6018,-66.4083,-100.9468,-48.3313,-13.1168,-150.9903,-43.6503
-38.6764,-105.2486,-71.9057,-130.6517,-96.9501,-128.0457,-76.3816,-44.9925,90.7829,77.1888,-41.5016,-97.9612,-125.4460,-88.0826,-116.8460,-37.5083,-73.7722,-179.9558,-50.6890
-52.5058,-117.8014,-132.1373,-150.1287,-142.5376,-127.8128,-73.8456,-5.9386,69.8170,113.2282,-108.8803,-66.3653,-150.3773,-56.6238,-113.2229,-22.9910,-92.5259,-187.7120,-89.0135
-106.4753,-87.1592,-139.3759,-115.7824,-156.7424,-119.9443,-110.4319,9.4725,11.2988,74.7619,-114.1560,-16.1384,-177.7487,-4.6818,-107.1622,28.7624,-100.8004,-182.3423,-132.1985
-139.8167,-79.9987,-130.2812,-75.2675,-171.3146,-113.2555,-164.4496,38.2027,-68.6224,18.6196,-101.7242,-13.1087,-194.2372,-3.3186,-94.1239,77.1311,-124.2857,-177.8764,-159.6899
-107.2052,-94.9940,-122.9557,-87.1484,-155.7218,-94.0442,-180.1750,56.7162,-185.0544,-21.8390,-109.5563,-12.8047,-166.9262,-24.0242,-123.3659,55.7918,-153.3112,-140.8696,-159.9281
-57.5154,-71.9945,-80.7411,-108.7208,-97.8104,-73.3111,-191.2235,16.9678,-299.7499,-44.6146,-99.6632,2.9697,-114.0126,-26.7168,-201.7877,6.2773,-152.1886,-81.2251,-146.9477
-57.5790,-41.1054,-41.1713,-97.2988,-75.2047,-74.3311,-212.5747,-32.3462,-310.3385,-20.5068,-93.8785,-3.3683,-94.9091,-39.9720,-217.6234,9.3144,-127.0620,-75.4127,-148.3703
-101.3133,-58.1470,-78.5306,-95.4371,-127.9449,-86.8987,-196.6107,-32.9610,-220.4115,49.7728,-151.3174,-6.7481,-135.1712,-56.9014,-136.3142,37.1259,-130.6545,-121.6747,-166.0541
-145.5940,-78.7902,-149.6512,-106.5181,-187.2941,-88.6930,-168.7044,-30.2965,-154.1341,89.4978,-223.2675,39.5699,-187.6949,-31.1650,-77.5619,25.6581,-163.2246,-135.9384,-192.4258
-180.7943,-46.7353,-172.4512,-74.3319,-200.5187,-74.0228,-177.7492,-62.0959,-146.7911,57.4159,-238.5119,102.1364,-197.3162,16.5477,-100.0699,3.2783,-173.2437,-105.5097,-233.3285
-191.9969,12.8529,-169.2756,-22.1055,-190.9609,-50.2205,-176.1738,-82.1813,-132.3322,20.6819,-221.3745,130.8942,-183.3854,32.8226,-144.4110,23.6303,-160.3009,-84.0394,-270.3270
-134.9387,49.2585,-185.4297,-12.7205,-190.3313,-36.4129,-140.0420,-78.5815,-119.5471,21.1706,-201.5559,130.6491,-191.4476,17.4368,-177.9479,57.5901,-154.5077,-79.1833,-272.6373
-37.5996,42.8962,-194.9419,-23.4365,-208.0100,-37.8787,-136.0644,-101.9383,-159.2015,-14.0596,-176.1256,123.5486,-204.8768,2.4895,-199.5582,39.8347,-147.1603,-69.2900,-262.6195
-5.5576,15.9125,-176.4794,-17.0996,-224.5093,-32.0341,-169.2328,-141.1689,-210.7703,-114.8175,-178.3732,119.3162,-195.8085,8.8437,-198.5101,-23.2134,-141.5184,-56.6816,-270.2364
-73.6132,5.9260,-163.6389,-18.2165,-209.7097,-20.0660,-175.9016,-126.7212,-215.9508,-181.8944,-232.8569,109.8631,-192.4056,26.5571,-199.2480,-55.2198,-173.8998,-48.9356,-262.4481
-185.9570,3.2696,-187.2567,-35.4004,-197.3131,-30.2807,-159.3080,-62.4033,-197.6779,-162.7592,-303.3354,78.2396,-215.0482,19.6666,-218.8109,-23.0781,-237.4673,-55.8235,-219.7014
-297.1610,-24.1590,-241.2779,-45.0659,-240.8027,-52.5138,-150.0376,-18.4144,-192.0526,-106.5330,-352.2384,42.7240,-239.5929,-12.8972,-222.1253,21.9186,-289.8249,-83.2216,-187.6532
-371.9464,-49.6104,-292.4625,-51.8653,-287.7241,-58.6248,-131.7436,-7.2501,-199.4641,-26.3750,-365.9285,31.6488,-255.7809,-25.7500,-218.1788,47.9217,-315.8912,-95.4994,-182.2135
-367.9731,-35.6494,-302.3756,-59.8052,-262.7781,-56.1684,-113.3728,9.6907,-226.0408,54.0126,-343.8374,15.8734,-261.2574,-13.1566,-255.3085,77.7812,-307.9983,-60.3505,-170.2267
-296.5755,-11.0631,-265.4364,-49.4614,-207.5576,-52.8068,-133.9541,24.2306,-274.0388,39.3649,-311.8756,-28.1070,-235.5419,-17.6765,-297.6277,94.6378,-259.7747,-17.0412,-157.6702
-224.3487,-14.7270,-213.4252,-34.5060,-182.1241,-48.4721,-170.1725,12.6347,-306.1192,-41.7692,-284.9762,-53.4429,-199.7413,-44.7596,-284.5983,64.1503,-204.9516,-11.1419,-162.0018
-200.2916,-44.5335,-177.9980,-48.7833,-172.3986,-67.9050,-167.5540,6.0912,-285.8124,-47.2524,-249.1901,-43.9959,-199.2801,-64.7755,-246.3793,32.6110,-181.0777,-26.0688,-150.0253
-211.5418,-86.6170,-169.8136,-81.5018,-181.2888,-103.0509,-137.5881,15.6906,-234.1452,-13.7032,-218.8490,-54.8937,-204.5659,-74.0616,-224.0534,39.2116,-184.8014,-44.1005,-118.9768
-191.5843,-120.7398,-181.2816,-102.1655,-227.9772,-100.4425,-130.4122,-11.3134,-199.7698,-63.0250,-204.8793,-95.9451,-171.0070,-82.6796,-203.6525,27.4444,-197.9611,-76.4760,-127.1966
-109.3835,-125.5165,-196.2489,-109.8716,-261.5021,-74.8840,-143.2567,-73.8284,-186.1876,-104.9899,-166.6421,-119.4770,-144.9600,-87.1745,-176.4471,-19.3395,-197.4498,-109.4709,-177.2250
-40.5437,-105.2881,-201.8624,-114.0121,-235.3709,-89.4707,-132.3367,-102.9974,-165.4703,-35.3370,-113.2479,-114.1876,-165.0402,-88.7603,-141.0464,-31.3782,-161.8863,-116.9747,-207.4349
-40.8928,-73.6451,-187.5727,-113.3367,-187.0422,-118.9271,-107.7037,-97.9643,-149.7563,16.6772,-109.8875,-100.1290,-174.9000,-96.0629,-95.4931,-14.2245,-110.4690,-106.5726,-200.0345
-38.5605,-46.2191,-150.7486,-111.1210,-159.4232,-108.7766,-124.5266,-105.7155,-163.8242,-42.2270,-129.5414,-88.2589,-144.5057,-105.2130,-83.1188,-36.3284,-75.6774,-100.2096,-174.4454
6.8069,-49.1227,-120.2177,-116.4043,-153.0073,-97.4811,-160.7242,-107.7450,-172.6824,-96.7326,-108.5798,-79.9125,-124.3011,-98.7062,-125.1153,-71.5639,-54.0034,-115.9970,-133.0480
10.0159,-71.7084,-128.7999,-125.3888,-153.3057,-122.6844,-136.5124,-81.5993,-141.0836,-85.0892,-88.8910,-55.8863,-124.4801,-65.8731,-144.1508,-67.0641,-50.5423,-154.3634,-91.6700
-63.8813,-79.3817,-150.0659,-124.5794,-131.5834,-136.7404,-76.6855,-64.8463,-112.1477,-84.6940,-103.2978,-18.5885,-97.0708,-28.2518,-92.9046,-63.7654,-88.4381,-167.0127,-71.5176
-134.3428,-95.2827,-132.2235,-117.8859,-76.6463,-116.7190,-70.0708,-60.2756,-123.0032,-113.6209,-93.9881,-31.3700,-36.6377,-24.4022,-43.6288,-85.9186,-133.0695,-123.5183,-44.1476
-150.0807,-140.3259,-81.1684,-124.9631,-27.1016,-108.9483,-85.5694,-25.7294,-125.8729,-108.2035,-61.7275,-103.9828,19.4821,-53.8761,-51.7520,-75.6188,-129.2699,-91.1851,21.0634
-129.8089,-157.8871,-36.5787,-142.2339,-6.6648,-127.7083,-38.2861,24.7313,-69.6013,-49.6499,-63.2316,-140.6096,49.8310,-79.5763,-76.4569,-32.1828,-94.7922,-116.1924,101.4440
-103.1399,-132.4161,-12.1520,-143.7124,12.2057,-135.9238,44.8716,47.0985,33.3184,8.3914,-73.1798,-111.5125,51.6739,-90.7636,-64.4208,-33.7441,-65.2498,-120.2747,175.8829
-98.2321,-124.5947,-7.0790,-124.2669,45.8384,-113.9958,103.2076,38.8307,148.0108,3.5098,-58.0198,-95.9158,39.9218,-101.9721,-1.7605,-90.5950,-28.3195,-60.2351,242.7300
-105.6063,-125.3160,-13.1706,-97.1451,75.2087,-73.3545,138.5883,6.0884,250.2334,-42.9907,-48.3946,-107.7266,40.6747,-103.4984,78.1115,-134.8517,23.0786,-22.1313,271.6310
-74.5595,-92.1390,-3.8123,-74.1566,72.7421,-40.5667,141.1848,-42.7002,325.7162,-42.1255,-30.1116,-96.3216,47.9327,-80.0399,113.1913,-135.7009,70.8176,-44.9688,238.7561
-15.5734,-77.6371,25.6030,-78.5424,22.5195,-45.1460,96.2146,-68.1087,370.2469,0.9256,28.9385,-75.4996,35.4953,-52.0605,109.9650,-111.0612,104.6891,-59.2486,182.4863
5.9866,-113.2234,41.2363,-111.1600,-37.0878,-78.3504,60.0496,-53.8834,379.8775,-7.2885,72.1362,-65.3071,20.4576,-47.5486,142.3996,-69.3667,114.9130,-40.8881,154.1944
2.7686,-122.6834,36.7311,-115.5205,-31.7635,-90.7340,75.1366,-34.3038,350.2936,-53.0241,67.5633,-33.2602,39.0054,-63.5513,196.0891,-16.8668,108.5275,-22.7049,160.6028
45.2807,-76.2893,48.6823,-68.5122,38.2456,-65.2679,95.7702,-32.0858,284.2353,-57.8438,81.8855,9.5681,76.2676,-81.0242,182.0960,16.0611,127.1259,3.2152,178.1169
126.3352,-32.2457,86.7426,-34.3387,100.5888,-41.8002,86.9905,-48.9642,186.5889,-67.9589,132.1532,19.7074,94.4461,-89.2481,119.9538,5.4633,169.8960,34.4421,176.4529
170.4156,-20.3034,121.2746,-47.6706,126.4203,-48.9063,70.8582,-86.5855,86.6874,-145.6578,166.5340,18.0753,95.3450,-83.6512,100.4413,-29.0163,180.2837,15.4770,142.5701
155.1182,-41.2994,134.8424,-69.1254,135.5719,-71.4154,64.8905,-112.8897,47.1102,-199.2130,189.3048,30.9555,103.4790,-60.4435,117.2486,-45.0921,161.5035,-57.2311,104.5633
137.9159,-87.0811,135.7266,-85.7559,136.2653,-92.8660,76.5687,-87.9450,83.3541,-149.5036,216.8525,28.6534,125.6150,-29.8627,121.6511,-29.9169,165.5954,-110.6583,95.7839
159.8242,-105.8225,140.0062,-105.1035,134.2020,-108.0703,107.2810,-43.1011,137.1632,-98.3962,214.0189,5.4925,151.8375,-19.6718,133.3187,-15.3776,179.4649,-107.7700,110.1614
188.1153,-75.3237,156.4240,-94.9420,137.1829,-99.2609,129.0714,-42.9159,179.1366,-151.3081,194.6889,-2.8868,171.4379,-37.3431,171.5152,-36.8907,177.2312,-82.3432,124.0387
187.9151,-49.0399,175.0583,-55.2363,145.9247,-62.0637,128.0811,-91.3548,224.7655,-232.7485,219.8180,9.4755,184.7135,-49.7472,210.4737,-84.7200,202.0153,-70.7013,122.6495
179.8797,-42.1034,185.5775,-36.4487,178.5442,-34.2561,134.6570,-142.0159,256.5220,-220.0261,261.4260,26.9978,203.6274,-34.6159,242.4379,-112.7393,266.3560,-72.2931,101.0741
189.4049,-13.4532,203.5906,-34.5647,238.3141,-41.3290,161.2152,-161.9576,258.1859,-142.6022,246.8956,45.8283,228.8922,-11.8517,266.3803,-101.2831,302.5532,-70.4991,73.2250
227.3817,27.8380,237.1130,-17.0902,269.6398,-54.5229,180.6661,-160.1381,253.8757,-121.7928,208.0613,58.8388,242.4930,2.8345,259.8349,-83.4700,291.7376,-69.6941,57.4353
307.4695,40.8456,252.0546,-14.7276,236.3935,-51.5875,175.1324,-168.6407,237.1167,-176.1841,227.7253,55.6022,236.7164,8.4933,238.5235,-88.8885,292.1421,-86.2309,49.7114
383.7103,20.4536,230.9701,-51.0041,177.6408,-57.6218,150.5692,-184.8384,189.6431,-208.4684,289.8436,26.9834,220.3755,-16.2054,241.8218,-99.9524,311.8178,-100.9292,46.8976
372.4776,-21.0516,213.2362,-83.9963,136.6681,-84.4697,133.7941,-167.3971,156.2977,-159.0797,312.1226,-28.6657,199.3499,-68.2076,245.9856,-90.4970,297.4805,-81.5650,61.5856
296.2298,-58.9837,219.5707,-92.5393,131.6592,-101.4716,154.4093,-120.5523,157.7077,-68.6414,282.5796,-71.9844,185.1671,-83.7870,209.8676,-63.7098,241.6587,-51.7820,81.0251
240.5925,-65.2695,217.4398,-94.5691,168.9431,-95.9348,180.9119,-101.6171,135.1374,-5.2630,254.1600,-60.3882,192.8567,-42.1125,154.9095,-36.4058,191.6783,-55.3876,74.5835
214.8835,-54.2891,199.4310,-82.8444,206.4069,-90.8248,143.0269,-122.7379,79.3415,2.7603,235.2341,-30.0201,204.2914,-13.6410,110.5038,-27.7099,175.1403,-72.9520,50.5972
211.5394,-46.8824,197.7942,-49.1289,191.5882,-86.7714,54.5962,-142.7680,47.8795,-23.2278,192.2243,-35.6008,186.3665,-28.6533,79.0158,-53.4065,179.1720,-59.8366,38.6287
239.0711,-29.4487,206.1817,-19.0248,147.6787,-57.6574,8.9523,-145.8846,52.7397,-49.3266,139.7439,-55.0739,151.7604,-29.4223,80.6002,-93.7362,182.0095,-31.0030,42.6018
240.1378,-10.5075,188.2450,-8.9036,117.7792,-14.3482,42.8235,-143.1875,85.7632,-67.7878,122.3888,-55.9780,134.7764,1.7473,112.9417,-100.6842,177.0819,-32.0137,51.7300
195.7600,-9.1586,150.7623,-6.4992,93.6545,0.7567,95.5642,-137.5027,144.9286,-78.2949,135.1477,-51.7461,128.2439,14.9416,113.4238,-66.4959,175.4787,-56.5571,52.6194
187.6797,-0.5563,120.6465,3.8037,70.3760,-8.5746,95.2599,-133.3751,161.6734,-73.2920,149.1152,-44.1463,110.2226,-2.0680,65.3774,-37.4127,181.2826,-56.8849,38.8189
186.2072,9.2214,95.5517,18.0857,54.8807,-5.6533,44.9912,-130.7567,96.5400,-57.3686,155.2685,-37.9368,84.4931,-23.5770,29.1306,-42.7553,164.8594,-32.9637,37.9009
89.4838,-26.6207,68.5919,2.8146,27.2312,-8.3145,18.9448,-112.2016,65.6708,-10.4350,130.2672,-68.2267,52.1690,-50.0291,15.7065,-61.4234,96.6645,-45.4336,71.8089
-7.1858,-70.2233,36.1078,-54.3456,-4.6573,-53.6363,51.5921,-78.1517,150.9683,107.8883,53.3740,-111.2849,11.0884,-78.7877,-13.4217,-66.5844,1.5464,-106.8005,96.8970
5.5826,-56.8811,-16.6880,-98.5055,-10.8952,-102.0939,78.3227,-52.5831,233.2028,232.3458,-32.2674,-101.9338,-16.9287,-87.7259,-36.8417,-58.2100,-72.0775,-142.1551,70.3773
1.5280,-33.2292,-77.0011,-93.0964,-30.3971,-101.7850,52.7789,-35.1029,202.2851,241.2816,-72.8749,-70.4623,-28.4393,-89.4926,-19.8625,-45.8332,-114.9905,-110.0408,26.3148
-89.8235,-46.1067,-106.5974,-80.3189,-101.3272,-83.7218,17.6044,-8.1874,119.8221,179.1461,-84.9945,-81.9746,-61.5026,-108.7247,6.0382,-34.8493,-141.0484,-61.1959,-0.3454
-141.6115,-46.5339,-119.0377,-78.3398,-167.7906,-79.6172,-8.6440,16.6205,60.1827,165.0893,-110.2383,-98.8420,-121.6358,-116.6129,13.6175,-30.3505,-152.2335,-41.3716,-32.9024
-145.2759,-22.8289,-162.2722,-51.8382,-197.8019,-58.9942,-59.4433,22.5435,9.6614,145.3906,-154.9808,-71.4363,-166.2867,-82.3989,11.5311,-23.0377,-154.6050,-41.6904,-78.8287
-194.4513,-18.1343,-220.9573,-16.5435,-240.0371,-20.5411,-114.7712,30.2459,-41.6019,54.0096,-212.8989,-36.5229,-190.1134,-41.4281,-15.8525,12.1654,-152.6362,-37.5740,-107.5409
-235.2791,-9.4110,-241.1355,-7.6251,-282.0779,3.1477,-131.4135,60.9879,-73.5949,12.3794,-274.3397,-27.5962,-226.3353,-34.6364,-75.3075,65.3000,-133.1707,1.5474,-119.0318
-219.8019,32.9796,-220.0945,9.8840,-254.4669,29.3463,-131.0575,91.2385,-93.1460,74.9015,-313.1163,-35.9475,-267.3299,-44.8385,-129.0878,80.3865,-118.9916,79.0116,-142.9835
-230.4946,59.9667,-191.4288,50.9260,-185.3789,65.5423,-137.8854,93.9672,-130.4338,93.6391,-319.8750,-52.0609,-278.6727,-38.9732,-170.9327,42.0470,-169.0706,128.9475,-181.7384
-281.1017,43.5578,-179.5282,57.1766,-161.5711,58.7645,-134.3998,91.0742,-192.1105,24.2335,-324.1101,-39.9593,-267.2863,-14.3007,-215.7677,9.5559,-268.1449,107.1326,-209.8618
-334.6154,23.0099,-197.4660,25.0833,-185.0075,12.5257,-127.7834,115.8466,-244.3845,-3.1367,-354.8704,19.2323,-264.7441,10.0651,-220.1531,23.1613,-337.4264,68.2901,-214.1373
-423.4952,19.0517,-231.2080,16.0602,-200.9296,-2.6986,-134.7279,155.5843,-259.5531,34.8028,-404.5906,44.4985,-269.4619,13.0040,-167.9870,56.7077,-369.7570,60.2606,-207.4337
-499.9108,15.5649,-246.8672,24.5684,-194.5414,11.3197,-130.3188,175.9065,-269.5536,45.3984,-439.7641,-17.1290,-252.8228,-4.4491,-143.9391,80.7637,-407.0511,58.9661,-201.6489
-457.1695,-2.7362,-243.2836,6.4352,-187.3203,6.1625,-112.2375,169.8180,-307.2177,22.9518,-437.7692,-73.7681,-215.0810,-13.5211,-184.9895,88.1344,-428.0906,53.8808,-185.5677
-355.9802,-31.2073,-240.0080,-13.7770,-186.7524,-1.0058,-125.0743,151.6957,-328.9300,15.0122,-406.8681,-58.3348,-195.7539,-1.7572,-214.6393,70.3680,-399.7856,59.3108,-165.9536
-304.2909,-30.6635,-220.9704,2.2628,-174.4130,13.9837,-176.9303,131.9983,-303.7949,10.5172,-365.8034,-30.9547,-209.9015,6.9165,-206.4196,35.0161,-353.1744,58.0289,-193.6409
-268.1861,19.6104,-170.2306,31.4788,-142.3990,23.1673,-233.7425,108.1135,-294.1714,-15.4302,-324.6744,-18.5056,-223.3512,3.8302,-224.3857,11.4782,-317.8776,39.7682,-271.8268
-222.8003,63.8772,-128.4342,46.5018,-118.8347,22.5563,-275.9909,68.8397,-331.7025,-55.1226,-295.3756,15.2593,-223.5455,14.8958,-275.6165,15.6610,-289.1362,28.6508,-313.4862
-216.4160,57.3459,-133.4550,58.3019,-128.3171,40.6950,-296.0650,23.9333,-347.9305,-89.2860,-283.8640,34.3383,-237.6160,41.9808,-295.4798,43.6522,-270.8194,32.0692,-280.8864
-227.5902,36.2622,-155.7595,70.9930,-157.9572,66.4067,-296.4388,7.0113,-312.6003,-100.6956,-274.1804,-12.3685,-255.6207,44.8308,-264.2331,75.7664,-255.0691,38.6190,-246.4514
-204.7586,23.5258,-155.6809,64.0528,-187.2219,65.3689,-295.2260,14.6549,-286.0557,-92.5846,-261.2238,-69.6996,-246.0137,10.9113,-221.9200,75.4262,-221.7686,41.5802,-244.0522
-165.5030,-3.1380,-150.2863,34.8794,-201.7343,37.6854,-284.9820,6.6276,-295.5555,-86.4070,-264.0118,-68.4468,-234.5368,-7.9599,-202.0973,39.9287,-197.7150,28.0461,-216.1402
-150.8130,-25.5885,-169.0788,14.6985,-183.6172,14.4839,-244.0598,-6.7732,-294.8932,-73.5287,-273.6280,-28.2641,-245.1712,28.1594,-203.3784,22.6119,-213.7596,1.9479,-150.9199
-195.9388,-15.1685,-194.5931,16.7696,-149.4505,13.9582,-200.0390,17.1306,-249.5997,-21.2129,-256.2200,2.5586,-237.8615,70.4376,-201.7231,46.6092,-236.6799,-12.5960,-112.1232
-280.8016,-7.6056,-209.2166,4.9363,-152.3801,6.0651,-186.2538,53.3616,-181.5102,52.3955,-216.5235,8.2045,-206.0385,46.5728,-182.8228,66.1938,-238.4570,-22.6660,-119.6212
-295.6381,-32.5745,-238.3278,-36.3145,-194.4665,-36.8454,-179.4445,51.6539,-140.8833,74.4156,-183.3409,0.4174,-199.9140,-21.5266,-158.7938,46.9124,-240.9122,-33.6362,-133.5943
-223.2124,-49.9756,-274.3594,-50.4711,-209.6016,-58.0745,-171.6739,29.3727,-147.2119,19.5611,-159.3414,1.5925,-207.5370,-53.1469,-142.2301,4.8628,-238.5718,-8.1432,-137.8154
-186.2931,-21.7700,-253.8055,-3.4921,-165.8097,-3.5529,-199.7806,16.5111,-164.6847,-41.2524,-141.7867,10.5656,-183.0265,-34.6837,-130.1667,-24.9546,-197.5471,38.6966,-144.6453
-184.2965,27.7204,-180.7214,42.9991,-114.2655,50.3052,-244.7816,-0.5040,-173.7866,-52.3347,-137.5845,6.8527,-158.3737,-10.4813,-120.9271,-13.8171,-133.5336,32.5413,-150.7167
-123.8210,47.1672,-141.1702,35.9688,-111.7743,24.4387,-235.5395,-18.5095,-204.5625,-62.2517,-134.8384,1.4487,-160.5279,8.7851,-116.7566,20.1798,-88.8870,-9.1864,-139.8318
-87.7624,23.4704,-150.1491,12.4897,-139.2560,-13.7354,-169.8455,-9.8937,-248.6510,-107.3106,-118.8713,12.3657,-134.0631,30.2335,-119.2832,14.9879,-73.6938,-7.6846,-110.6152
-154.8035,3.4799,-145.4290,13.0633,-136.9494,5.1394,-115.0962,14.7582,-259.2075,-124.4688,-97.8176,17.5764,-71.0513,34.8243,-138.0293,-34.3102,-76.1202,14.3727,-84.8136
-167.7336,26.4045,-126.5382,23.7473,-103.6797,29.9235,-108.1913,22.4389,-249.5855,-90.0733,-74.4216,7.5300,-45.4616,22.6418,-176.6712,-61.3199,-75.4799,-6.4415,-87.4665
-50.7089,57.3386,-128.6650,33.0363,-91.7360,23.5324,-129.0917,4.5381,-243.3138,-66.9437,-43.1462,8.8332,-64.6497,22.8645,-212.2619,-46.1270,-59.2968,-47.8783,-112.1376
15.7135,50.1938,-125.8940,42.3946,-106.1229,20.8653,-135.5181,-26.6545,-199.6136,-47.9017,-13.1122,20.3761,-68.2492,30.4275,-213.0408,-26.1550,-53.5946,-69.2206,-114.8968
-43.3955,22.6916,-96.1266,33.4504,-105.1586,21.8572,-101.3675,-42.9017,-128.7871,11.5177,13.4021,22.7285,-51.0527,20.4011,-170.1397,-11.8902,-77.5164,-68.9438,-61.7985
-86.4050,4.1650,-70.9637,4.4255,-86.3005,5.1681,-49.1325,-20.4522,-112.8639,34.1480,37.0374,25.3900,-37.4238,11.5687,-110.6763,0.0814,-86.2508,-46.2778,27.7782
-48.9416,-8.9933,-60.5489,-10.2134,-66.8024,-0.6487,-14.2197,19.8581,-127.3012,-39.5032,33.0365,33.1399,-13.2186,33.0728,-77.4546,7.3461,-36.3585,-23.2770,101.6846
9.4041,-10.7834,-41.3569,-1.5521,-27.4146,17.3336,14.9090,42.4840,-80.4342,-85.4337,10.5566,43.2039,24.9846,62.3923,-74.7039,35.6850,35.4327,-33.7532,123.5795
66.1264,10.4071,-6.0413,4.8012,39.8842,18.6964,51.5146,46.3734,-10.1152,-10.4872,36.9657,76.4219,54.9423,58.9596,-59.2190,83.8544,63.8602,-40.2384,97.7698
118.9295,31.4201,38.3342,8.2580,102.7334,-3.2288,61.2358,36.3365,9.9369,71.0340,109.7917,114.3569,86.2629,27.1258,-10.3162,89.8759,43.5669,5.3354,67.5056
136.6674,32.0584,68.8809,23.9418,140.6388,-3.5183,40.7611,9.0906,20.6140,49.7135,135.7034,97.9825,133.5941,10.1779,44.6266,50.7115,32.0690,54.1944,79.2739
129.9641,29.6466,61.4729,38.5673,156.6469,28.2866,51.3374,-14.4016,48.3479,-8.1469,108.9786,55.1813,164.7502,32.7134,87.0985,35.5162,74.5959,52.4610,124.2442
159.4883,28.5145,54.3502,35.7279,159.0303,45.8456,103.5461,-22.4079,58.5038,-14.4802,127.8908,58.9898,155.9972,63.2048,124.6051,39.0781,133.3253,35.5691,143.2600
226.0238,3.9593,96.6088,20.8344,164.6886,20.0693,132.5205,-46.2639,95.7745,-7.2652,207.7436,72.6676,144.1657,57.7628,161.3882,9.4629,141.9229,30.7121,121.3084
236.4011,-33.9594,141.7261,-2.0755,173.5355,-13.3340,129.2189,-91.7987,197.2874,-42.5716,273.8435,40.0370,169.0403,33.3670,200.3033,-16.5098,127.6946,-0.9168,116.7479
153.4131,-38.6256,140.3781,-26.5648,166.0082,-13.8118,150.1234,-111.4639,257.4084,-50.9444,306.6364,17.9720,211.4812,35.5321,240.2988,9.2625,165.6991,-69.2182,156.5628
103.1701,-9.4743,142.5152,-33.3481,160.0280,-7.6070,192.0318,-87.3596,224.0445,42.8659,329.3761,40.1044,225.5979,46.9205,265.8661,35.1418,228.6033,-113.4576,193.9053
188.8418,2.7266,174.7551,-23.9503,187.3048,-30.1010,209.9072,-57.0213,205.6934,124.1841,333.5743,37.6282,208.2706,19.9197,273.7432,9.6166,231.6584,-83.9433,204.7374
305.0716,-11.5352,187.8886,-17.9126,223.9412,-46.0054,225.9875,-43.4874,235.1020,53.7043,318.5301,-0.3175,206.4248,-22.0532,269.6301,-34.4604,191.1370,-11.5488,223.4634
324.9064,-10.6944,186.3580,-12.5062,242.9423,-22.8836,276.9909,-27.3280,226.3456,-58.2642,306.8780,-6.4138,248.1893,-20.6295,241.0857,-54.7706,188.8083,28.5400,264.6181
295.2195,7.2642,214.1865,-6.3475,256.5102,-5.2187,311.6919,9.8825,187.4651,-53.4029,296.1270,17.5943,291.7015,11.7277,205.1956,-53.0263,231.8115,12.9824,299.5055
285.2954,7.5220,243.7630,-15.1889,248.3640,-18.0583,272.3682,50.5223,189.2309,-20.3949,276.2146,23.6932,280.8027,24.8852,216.8916,-51.2958,270.5407,-12.7808,309.0107
273.4987,0.8563,240.6469,-17.3248,203.6404,-9.5721,209.4411,63.6233,215.7495,-61.9843,253.3186,14.2311,234.7065,23.8282,258.3878,-61.0119,289.7427,-15.7588,298.0141
259.5323,15.6946,234.2286,19.4730,185.6315,33.7580,201.5243,55.3172,237.5931,-66.4147,223.0676,2.9641,221.6011,33.8912,250.0216,-61.5285,297.3833,-7.9317,275.8822
266.5688,30.1877,237.5211,53.6414,226.6740,47.4528,232.6836,59.1160,268.8565,26.3147,195.3841,-13.2971,251.7111,34.5358,208.3165,-33.5326,287.2662,-7.2256,251.8460
264.6423,21.2689,231.8548,36.2052,248.6288,11.2004,241.1713,76.7676,285.8945,98.6916,207.2426,-24.7844,270.5021,11.5234,219.5276,-2.7082,262.3042,-24.0044,232.9638
243.0816,9.2535,229.4828,6.0253,214.9169,-15.7584,221.3270,83.5975,258.9330,107.7853,243.3097,-30.6257,257.5440,2.2144,267.9751,16.6658,248.9887,-49.7020,223.2044
243.8880,9.2352,241.3041,8.4350,193.9256,-0.0879,201.1060,73.3892,217.3113,101.1730,248.5782,-34.7523,249.5323,23.3970,269.2031,51.8410,262.1379,-46.2378,213.1526
261.9341,19.3593,246.0770,25.2955,210.7188,28.1300,178.7784,49.0917,181.1184,50.5279,236.7713,-12.4709,261.9529,40.7047,225.5181,85.2529,284.4704,-7.6327,175.1337
238.9941,38.1672,237.2181,38.3561,217.3893,39.9071,150.0726,18.8041,151.9538,-39.9050,241.1559,26.5544,269.8456,45.0369,211.7891,76.7693,288.4411,15.0299,116.2223
155.7243,35.3659,226.2571,35.4442,202.2837,30.6895,142.7202,13.8390,167.8112,-54.9062,216.1573,17.4550,259.2968,57.2246,258.2314,75.1554,254.5203,3.1616,94.1559
74.1732,-11.4960,213.3708,-7.2732,185.6471,1.0543,161.3777,37.5393,220.1570,26.6343,146.2733,-36.9636,232.6918,60.1883,315.3965,121.1378,187.9343,-6.5501,116.0947
93.0801,-46.3756,198.1036,-47.7499,168.4498,-25.2868,155.7399,39.5353,213.8238,80.0562,125.4402,-62.8141,195.9634,32.7805,311.6349,128.2773,139.3473,3.1815,120.2968
207.8760,-21.5687,185.6778,-16.0001,158.9427,-9.1358,98.6413,13.1262,128.2140,43.8503,192.9400,-63.6110,176.8369,6.0428,237.1430,51.8565,154.6956,30.2139,105.2098
273.8503,7.0384,180.5731,38.9698,169.8049,32.7684,38.8946,17.0313,73.5986,-14.8699,257.7542,-99.6179,194.0916,0.2555,156.8610,-4.1330,191.1467,75.6642,123.6986
223.0086,-10.6933,186.4406,31.2665,178.4254,41.1238,30.3604,53.8440,116.3244,-33.3812,257.2296,-147.4073,205.5023,-9.0623,123.9713,7.8530,173.8337,109.6013,151.2257
158.1029,-27.7611,187.0189,6.4843,157.4156,27.2164,60.9065,65.5864,188.9760,-22.0130,215.1770,-140.8606,165.7479,-17.8474,126.1000,8.5220,130.9745,110.5411,141.5279
142.4280,3.2973,163.2681,39.6013,128.4544,59.0598,91.1326,55.3852,203.7625,-3.8585,150.0700,-89.4662,110.0861,2.1363,124.5845,-19.1589,143.5278,125.5696,138.0705
136.6487,66.4128,149.8098,104.8628,144.3317,130.9389,115.1368,69.9201,154.3920,31.4478,81.2105,-43.8173,100.9580,32.3707,99.6442,-21.0412,191.2692,186.0494,167.9810
139.2350,133.8680,185.4834,167.6127,221.1302,180.0623,143.0060,96.6657,96.8656,74.3999,60.6761,-16.2974,135.1109,47.6054,69.3327,-4.9859,197.8067,243.4799,172.9870
148.2664,183.3697,226.5891,222.1676,300.3332,196.4115,157.2667,97.8680,75.2520,80.2890,89.1475,5.1023,161.7599,64.0076,67.3287,10.1185,167.1658,257.8286,140.4571
115.4976,193.5860,216.5387,226.9024,304.1246,197.8031,133.7493,87.9657,79.0693,65.5382,93.4328,24.4191,149.0471,77.8939,76.8948,41.9391,145.7435,240.2818,123.0462
78.5146,173.3283,172.1327,177.2898,232.5839,180.8021,92.9420,97.3027,74.8569,87.5908,41.0764,41.8825,103.4278,64.1137,51.0289,56.6824,133.8366,207.6842,126.3443
96.6490,150.9651,127.6757,151.4173,157.0239,164.9236,72.8410,115.8596,57.7682,116.1796,-18.7031,55.9776,49.0945,47.6950,3.8784,18.9475,116.8718,185.2410,134.3787
89.6549,137.5148,95.3499,170.4566,122.5460,172.7087,62.3005,117.5645,54.8987,111.9759,-37.8668,53.7964,4.8941,53.1475,-28.2870,-9.8119,96.0405,194.4027,163.3343
16.1952,126.4805,92.2189,169.8248,113.1353,172.8540,37.2287,103.6971,90.9488,142.5733,-22.7583,19.1180,-13.9277,37.5947,-59.1683,8.2811,58.3004,207.3542,190.3673
-2.7979,104.3879,108.0051,135.6073,92.9519,149.6639,27.8991,98.1816,152.6584,229.5225,-10.9637,-27.4444,3.0057,-8.8250,-76.2174,20.5242,-7.6201,197.5019,162.8319
52.1762,76.6297,91.5848,114.0115,48.5062,146.2008,58.6921,112.5372,194.2057,288.8299,-21.6404,-22.2277,28.2728,-8.3429,-33.1677,29.9280,-69.0769,193.3964,106.1666
47.9618,88.2551,33.9361,129.5749,6.9250,172.6669,83.1136,133.6107,186.8355,318.4551,-36.0756,53.1012,12.7821,64.9022,21.0970,82.5259,-75.9860,214.5622,86.7455
-10.5225,155.3237,-13.6087,184.6336,-1.1819,196.6352,60.7059,145.8910,133.3121,355.9657,-41.2625,124.4797,-36.5227,131.2917,-1.2325,121.1508,-23.8610,238.5912,100.6547
-1.5813,211.8337,-21.7518,253.9765,2.9766,221.6226,14.4093,143.6597,43.9920,330.3770,-54.6170,139.4092,-71.4720,145.8910,-65.8510,87.4426,27.5885,249.8721,96.0101
45.7454,207.7112,-10.9404,277.8592,-18.6969,253.9926,-28.3481,128.5868,-43.0018,236.9779,-71.2249,139.3122,-90.3299,147.7061,-89.8806,53.9600,16.7082,242.4315,54.2443
6.4276,174.6501,-13.5460,239.8872,-57.7826,256.7570,-55.3930,123.9638,-68.3124,201.1493,-56.4860,145.6296,-110.9902,153.5393,-65.6287,77.0161,-38.1631,213.8059,9.4689
-123.1104,134.8589,-44.3609,183.6801,-95.6958,213.5696,-53.8752,160.7516,-50.6995,219.4949,-22.4690,111.8339,-115.5711,134.5591,-19.0646,102.5649,-74.9533,186.6273,9.2978
-235.1889,77.2790,-94.3902,131.6652,-141.0520,155.2114,-45.2526,218.1219,-78.1462,209.7711,-19.5613,51.4179,-113.3041,94.9693,5.5668,97.4963,-92.7304,170.2607,51.2466
-248.9089,40.5129,-153.5249,91.8987,-179.4838,114.2118,-52.4964,231.3359,-148.1027,242.2502,-46.5586,44.1990,-143.6006,73.0050,-41.3235,81.7991,-129.1333,140.2323,78.1330
-196.0041,65.9617,-212.9302,90.5680,-178.9119,105.4093,-42.8544,184.8028,-171.5989,330.6336,-65.7010,82.0367,-176.4830,75.5756,-106.0429,55.5985,-172.2615,101.0338,52.6314
-180.6115,100.1303,-239.8172,105.6333,-163.3522,106.9389,-20.1306,134.1101,-144.5259,296.5555,-77.1385,83.3827,-164.9328,77.1530,-95.3789,32.6593,-196.0696,75.7244,-11.4246
-231.5311,76.7532,-221.2675,77.7282,-180.8683,75.3176,-51.7515,123.4045,-136.6264,144.1397,-99.3637,46.1204,-158.5029,65.2882,-54.1974,46.4107,-226.6979,44.0831,-87.3508
-284.1214,22.4161,-208.5549,20.8972,-218.2867,28.9958,-105.9413,140.8354,-151.1095,114.0903,-130.3063,27.2698,-200.2526,50.4534,-69.7975,77.5556,-289.1626,-5.7587,-152.2423
-313.9746,-9.9620,-231.7465,-8.6850,-236.8586,21.0134,-87.9009,152.0975,-156.0332,221.6701,-168.5889,34.9318,-228.0592,47.4559,-123.1267,92.1491,-347.8700,-40.8726,-200.4047
-332.1795,-16.2206,-248.8612,-13.5276,-248.5869,23.2624,-59.1057,129.5430,-172.5893,234.4131,-213.4297,62.6012,-216.4866,62.1505,-191.5519,97.2564,-352.0596,-60.3915,-258.2958
-309.4666,-5.5892,-241.8230,-9.1687,-279.8166,-7.8301,-126.3947,67.9512,-211.8699,108.9938,-245.1361,127.1469,-235.2838,86.1563,-272.5790,88.2680,-297.7531,-85.5684,-324.0356
-255.3119,14.3572,-232.6616,19.4121,-299.6259,-21.0014,-205.0350,7.5991,-232.2376,30.3857,-254.1262,196.8343,-284.0440,104.2497,-287.8317,63.0080,-229.9969,-84.2066,-337.0079
-231.3057,16.0203,-206.7474,47.3704,-258.0262,14.2487,-187.6997,6.0586,-229.8736,80.4548,-254.7733,204.2064,-280.4954,109.2994,-217.2888,71.4309,-196.3257,-35.5459,-278.5966
-221.5430,-11.5991,-165.4520,28.8264,-180.4514,27.0928,-147.5685,56.1628,-252.6158,146.4283,-247.9265,152.1450,-230.4100,102.7573,-179.2924,121.4734,-197.0173,6.5774,-212.9988
-192.9419,-40.3954,-168.0370,-9.3023,-151.1875,-7.5178,-158.9135,85.5032,-295.2624,124.2284,-224.7193,94.8927,-208.6392,88.9146,-200.0553,147.6448,-200.4482,6.0482,-182.1344
-215.0607,-57.3329,-218.7929,-17.0961,-188.3525,-24.2910,-176.9587,71.5824,-296.8851,67.6878,-201.3639,51.7654,-211.4425,79.9508,-182.5906,149.7606,-197.0015,-6.1745,-159.4243
-310.3467,-73.2281,-258.5865,-6.7795,-215.1984,-0.8730,-173.0535,76.8390,-253.3174,72.0212,-194.7276,21.9429,-190.2505,86.0178,-136.9548,177.9661,-199.1128,4.6312,-115.6034
-376.4256,-71.4384,-276.7022,4.1735,-187.5020,33.5356,-151.5542,120.8142,-228.9002,80.6364,-190.9161,5.6741,-157.1307,91.0062,-131.2428,186.3553,-205.2368,53.2109,-53.8589
-383.8716,-36.4205,-279.3261,32.2901,-150.4676,73.0027,-98.4423,125.1341,-244.1007,-9.8030,-178.5373,-19.9713,-142.6749,69.3341,-129.2386,110.8375,-192.8241,127.6054,2.1538
-382.7343,-4.9951,-237.2547,65.0464,-133.8763,105.7059,-51.1104,49.5390,-241.6723,-119.7880,-174.3885,-53.3207,-134.2560,31.0260,-102.0219,10.6595,-143.0553,168.6859,25.4491
-324.9157,0.8459,-168.1000,74.9953,-103.8354,106.9336,-55.7497,-36.7645,-179.1684,-121.5135,-184.3819,-34.8427,-117.4940,15.8294,-91.4483,-37.1890,-76.5917,138.0869,18.3110
-173.5439,18.4518,-120.8142,81.5222,-47.8876,94.1615,-58.5896,-76.8290,-79.9735,-84.9312,-175.7913,43.5270,-100.2263,39.5215,-93.8786,-50.8096,-44.2537,81.4568,8.6121
-53.6994,49.6058,-73.0426,93.5253,-4.4292,90.3733,-19.7442,-93.8578,18.8330,-118.3251,-126.4184,92.7475,-81.3845,72.5995,-85.9429,-58.1965,-47.1026,46.8084,2.1728
-48.1265,46.3025,-3.1469,73.1965,8.5646,75.3006,4.1276,-104.0680,110.3260,-143.2200,-75.7187,71.1812,-59.5905,78.7766,-77.5031,-47.6615,-22.6391,16.8823,-12.1404
-58.8860,25.9791,39.2032,33.0948,12.6909,42.2924,1.0175,-87.0141,191.4483,-68.1972,-76.3023,48.5512,-51.5493,61.6030,-40.3081,-23.7336,43.2390,-25.3903,-28.0077
-12.3356,38.6928,48.6347,32.6549,18.0049,21.8347,13.3693,-51.7401,229.9010,19.0367,-109.0843,72.4085,-54.3308,56.6884,34.0480,3.9906,88.1508,-56.4871,-31.1022
41.0097,44.2133,80.1244,50.2984,18.9417,22.8219,26.1926,-25.3492,197.0811,26.1913,-109.3621,95.2035,-32.9922,73.3098,62.3027,54.4879,86.9256,-58.1859,-4.2628
62.8183,-4.0184,124.9118,25.7910,30.6215,26.1919,40.1283,4.1501,127.8378,29.3541,-64.7944,68.4004,21.0624,74.2772,27.3281,127.2321,80.9963,-38.2019,69.8461
76.3516,-44.0989,142.8495,-5.9779,72.3216,23.4214,106.4873,51.8065,93.1523,110.8570,-14.6604,19.1650,75.5337,37.8153,24.0514,174.2599,98.8218,-13.7618,164.6788
114.6639,-27.4498,155.6421,7.2802,123.8951,17.0045,189.6797,89.6341,111.1601,189.7843,27.6810,3.8029,114.9823,-0.7386,79.0430,159.7391,130.8810,-5.1174,219.5612
183.3523,-9.0389,184.2178,25.0349,150.2498,14.5236,216.9526,100.3985,156.8323,171.7497,77.7026,26.2197,152.2372,-1.4694,143.9005,112.1847,154.9591,-21.4247,231.9947
227.6629,-17.7907,203.7457,17.8244,162.0201,28.6110,233.6337,117.1232,227.5426,116.9068,129.9498,39.1259,188.4632,26.4308,200.5777,90.0973,160.1042,-39.3829,256.5317
199.3627,-9.3627,212.5541,28.3002,194.7895,54.0352,292.1321,153.4004,298.3008,94.2732,162.8865,22.7551,216.1721,49.2611,227.2772,98.8005,167.3077,-22.9483,289.9995
163.4749,24.4363,231.8620,56.0441,237.3363,66.2219,332.6973,158.1215,301.8869,49.3380,178.3288,10.7282,242.7243,50.8236,226.7520,83.5899,192.8192,17.2652,265.4790
194.3090,53.8427,250.2419,55.2529,246.6147,56.1089,318.2624,96.1986,256.7717,-25.5615,203.6895,24.4327,274.3458,36.7357,275.6414,29.6368,207.6854,22.8960,179.0441
239.1793,79.2077,249.5884,44.6897,223.7941,40.0230,294.2170,16.0778,263.5834,-36.0222,251.9640,43.4877,301.6137,25.8386,363.5103,-9.0118,201.9730,-11.8361,116.1141
242.0372,99.8826,242.7823,65.1535,213.7765,38.4295,280.9196,-21.5511,321.5746,-12.8291,296.4010,46.0443,316.8645,34.5526,372.3621,-18.2171,214.6868,-10.1667,120.8902
242.0879,96.4663,253.4189,91.5855,235.4078,57.8249,264.2667,-28.5562,349.9082,-83.3107,306.8942,27.2148,321.8441,49.3811,319.3763,-48.8440,244.4051,48.8509,132.5076
256.5919,79.9443,283.9651,88.8511,258.8170,81.4162,240.7477,-44.5302,364.9445,-194.1108,290.7422,0.5759,317.3669,39.9675,320.5593,-96.7626,253.2405,82.9293,104.4877
266.3229,73.2066,303.8595,64.1832,254.9762,83.2504,213.5143,-60.4152,418.2816,-196.4034,265.0186,-0.9536,302.8721,14.8118,351.2523,-91.2335,251.0018,64.5128,89.2331
294.0883,64.0009,289.8873,32.0084,233.6204,60.5366,210.4996,-45.8188,456.5710,-124.7318,236.0285,25.9745,285.3340,14.3881,338.2485,-30.8575,249.2168,53.8919,126.0602
332.1516,34.9585,273.9383,3.0810,217.5288,31.7635,250.6570,-10.4776,421.0280,-99.6988,232.1031,33.6645,281.0855,34.3104,314.7092,0.6479,224.5784,53.8493,162.2755
321.5590,-5.3842,290.3355,-14.2643,209.3974,6.2086,280.3742,7.3789,352.9516,-112.2474,267.7122,2.2111,294.8912,25.4645,300.3206,-31.4812,196.4045,31.8923,164.8749
271.5312,-34.2304,308.0821,-26.5216,208.2998,-14.0338,271.5856,-7.8738,318.3345,-94.8740,278.5319,-26.8989,301.0691,-16.4753,274.1131,-75.0269,195.4321,25.4106,176.8356
231.2344,-23.8948,285.9956,-28.9326,218.2607,-18.6557,293.2801,-31.6428,339.9797,-39.6711,213.7523,-24.5160,278.4067,-42.2662,276.2368,-83.8929,189.0398,43.4553,210.5141
201.7216,21.0778,235.7804,-10.8478,216.1738,-10.3800,351.2304,-32.9768,374.7621,14.3609,143.9742,-2.4609,246.8740,-30.8409,310.9573,-65.3576,174.2359,19.0909,224.7479
197.2319,38.5037,187.5352,-3.1331,178.3157,-12.2416,348.9565,-21.1458,329.9022,12.7739,154.9578,17.4350,228.4018,-6.3822,298.5946,-48.5595,203.7910,-30.7667,211.5322
231.0300,-3.7504,164.1387,-30.1151,141.7442,-24.8845,280.7753,-28.0125,205.4970,-44.3850,222.9578,4.7275,213.0183,0.4976,244.7992,-55.6745,250.9525,-22.5052,183.1500
240.2408,-40.1239,175.3956,-51.5765,143.3634,-21.3967,223.0873,-43.4158,125.9875,-79.5037,281.0266,-51.5851,196.5941,-34.0812,222.4634,-81.3494,253.6607,13.9304,132.4770
212.9217,-20.9589,184.4054,-45.5358,141.3372,-7.5814,168.4071,-30.8547,117.8051,-69.5186,299.8639,-107.0527,187.4767,-96.1811,204.9665,-88.3489,244.4205,7.6424,85.2855
233.0907,-7.8019,152.9147,-52.1776,105.1556,-25.1816,85.7538,-0.9950,69.6430,-65.1099,274.1211,-127.1511,171.1455,-124.2747,138.3996,-57.0389,239.6491,-8.3326,84.0441
280.2668,-50.8562,116.2400,-78.9272,87.7027,-73.9106,22.4272,13.8125,-22.2576,-44.3492,223.9331,-133.3811,140.3639,-100.5719,56.4055,-16.3133,175.0157,-4.5297,101.9939
251.2818,-85.5115,111.6393,-91.3096,113.0655,-103.4326,11.8062,24.7408,-50.4296,31.0697,184.4650,-130.7229,120.5157,-80.1497,4.7590,12.2155,70.8895,-20.4641,88.3872
169.9349,-61.8753,104.5418,-95.3535,124.2256,-96.3144,26.9340,39.8703,-16.1959,76.3685,153.8602,-98.7262,109.6223,-76.1291,0.1298,44.3891,21.3703,-46.9635,58.1430
113.2772,-45.1750,70.4218,-111.1440,94.4575,-83.9733,45.5083,27.5651,9.0685,30.5123,117.1156,-64.7115,76.7641,-49.3046,40.0141,75.5408,17.0064,-47.7374,47.4973
77.5044,-78.2058,36.2994,-122.3468,55.6748,-85.7816,46.9648,-3.5107,26.5227,-19.5649,91.1589,-60.1122,34.7094,-21.0065,55.7672,72.6784,0.6708,-57.1475,51.8878
64.7053,-95.7230,10.9155,-119.6186,26.6095,-97.9456,12.9208,-3.4683,40.8598,-19.6907,76.0490,-52.3693,11.9949,-34.9091,-4.7914,42.2925,-13.8894,-91.2440,51.0930
77.3636,-72.2355,-11.3210,-115.1645,14.0234,-114.2522,-28.0611,5.6580,23.6515,-26.3198,41.5854,-26.0124,-10.2139,-60.2322,-57.5099,20.7089,-25.1390,-89.0906,28.4532
49.8084,-75.5611,-17.2447,-109.9035,17.2519,-114.1940,-46.7645,-37.4425,5.0573,-50.2875,-3.7375,-27.1352,-46.7821,-64.9588,-36.9836,3.7240,-69.1216,-36.2124,-22.6491
-17.8199,-104.7295,-22.7954,-101.1882,-1.2461,-80.0920,-61.3152,-97.9641,35.3264,-38.6558,-26.7885,-58.9970,-73.9737,-67.5335,-39.3111,-34.8668,-122.1528,4.4188,-75.2569
-40.9341,-82.0677,-57.6878,-86.9240,-59.4867,-41.1537,-88.9126,-96.7452,88.8757,24.1929,-35.3316,-62.5221,-93.0720,-62.4103,-124.7460,-80.3446,-142.9246,-1.8814,-105.8230
-33.7770,-28.6349,-97.9092,-64.8088,-116.5270,-39.4534,-135.1626,-46.4071,114.4650,117.1197,-47.4836,-26.8874,-128.9825,-42.7358,-189.6983,-94.9069,-149.1965,-38.2558,-134.7525
-59.2108,-32.0914,-120.7671,-60.4980,-154.0580,-65.5573,-203.0922,-6.2512,99.3389,192.0447,-49.4097,-3.8265,-164.8595,-49.3087,-169.3859,-69.2656,-154.8692,-74.8797,-161.9698
-92.7502,-79.2819,-151.7861,-89.3726,-192.3712,-83.5660,-250.9098,16.5511,47.6077,187.7577,-36.1216,-17.3513,-170.1331,-74.9949,-142.1638,-20.8895,-146.7330,-83.1042,-141.5930
-116.7522,-106.2516,-190.6429,-102.3693,-221.3406,-83.1441,-238.2711,37.0992,-29.0558,122.1264,-36.5103,-38.6448,-161.3431,-60.7939,-161.9231,31.8522,-136.6801,-62.3855,-84.0212
-142.2950,-112.7036,-211.0341,-72.1658,-234.9892,-69.8795,-205.7630,52.7570,-110.7820,72.5854,-71.7622,-33.8325,-171.7162,-31.1554,-180.5555,71.4959,-133.5397,-36.7005,-67.3456
-139.7187,-104.3165,-226.0900,-49.9815,-258.2368,-48.2539,-192.1664,63.9380,-183.3243,48.6078,-120.7629,3.2647,-194.8550,-41.1917,-168.2196,78.9684,-117.6674,-7.9812,-100.3014
-145.7083,-62.4471,-238.9538,-48.1691,-256.7597,-26.0281,-164.9223,72.8265,-232.0179,25.5817,-149.3071,50.2558,-192.8942,-46.2653,-167.8301,57.3574,-100.9588,31.7869,-108.3280
-229.4420,-13.7878,-217.8977,-17.7559,-178.5798,-5.1687,-118.5267,77.5311,-254.9745,23.9461,-168.9416,71.4320,-154.3469,-7.8212,-201.6641,38.4868,-125.3529,63.5906,-83.4111
-289.5115,1.4710,-190.0169,23.2816,-97.2311,15.1941,-100.2730,83.9198,-274.2991,33.0067,-209.1499,47.6069,-118.1526,12.0183,-221.0956,31.6735,-184.3124,66.4386,-103.0007
-230.9764,-5.1197,-208.5842,19.6701,-108.0094,20.0652,-118.5788,84.3523,-291.1793,6.6668,-234.7323,8.0987,-109.0908,-16.4537,-196.8676,11.0631,-226.4243,44.8062,-184.6001
-188.9586,-11.1412,-230.5257,-1.5236,-149.5449,4.3959,-148.5707,61.1277,-290.4808,-26.7314,-205.0980,15.6706,-98.3216,-34.9244,-180.4107,-9.3574,-231.3607,22.6896,-255.1656
-234.7424,-8.1125,-198.1234,3.8001,-130.3645,-2.1085,-174.6372,37.7002,-295.3531,-18.2914,-179.3248,81.0472,-83.4277,-14.2133,-206.0441,17.6646,-225.1804,26.0095,-274.0258
-233.4353,6.2439,-161.4271,8.1650,-103.0727,8.4169,-182.8585,43.0681,-316.0085,-1.4081,-207.9269,123.9946,-110.7763,11.3196,-224.6725,60.3820,-227.4083,39.5632,-277.6519
-181.6295,-2.6512,-173.4389,-15.1219,-145.3608,-7.6789,-192.2550,38.1540,-303.0755,-14.0243,-215.4915,85.2649,-163.3736,5.6775,-209.0560,41.1044,-226.2629,18.5907,-297.3203
-196.9995,-53.4080,-194.6265,-41.9995,-214.9361,-56.9087,-232.5011,-14.0718,-255.9597,-36.0672,-145.6330,20.9343,-171.0729,-31.7743,-206.7832,-16.7449,-218.2366,-18.4807,-315.6525
-222.2959,-75.1605,-193.3620,-47.1061,-238.0843,-74.4537,-253.6556,-64.1203,-248.7851,-41.6405,-73.9099,2.7842,-152.5291,-57.7742,-233.7498,-32.0488,-223.2974,-13.1534,-306.5625
-183.8372,-32.0009,-200.8490,-30.0856,-220.5366,-39.6231,-209.3103,-62.0590,-279.4316,-10.2407,-70.0426,7.0157,-177.1739,-41.0736,-246.3770,-9.0606,-241.2267,15.8267,-268.5326
-174.6523,-15.4215,-226.4967,-16.3960,-209.8771,-16.1719,-178.2973,-38.6140,-269.8890,49.0447,-109.9278,-13.0525,-226.3276,-23.5515,-237.5546,2.6322,-255.0913,22.9470,-225.2764
-216.1665,-67.2534,-239.1169,-34.5664,-221.3176,-30.3570,-220.5209,-35.6635,-226.3277,69.3702,-145.2903,-38.8086,-249.2363,-42.0692,-236.8111,3.5897,-270.0034,30.3069,-204.2413
-217.9716,-99.4884,-236.1396,-60.8140,-232.1307,-39.4212,-258.9310,-49.3272,-216.4190,46.3971,-145.7873,-43.7201,-259.7585,-55.6522,-235.3502,14.1520,-284.4969,34.9870,-206.3267
-199.8553,-81.8823,-245.2544,-53.4440,-232.4330,-38.8240,-250.8493,-63.3430,-236.2915,56.7902,-128.2267,-45.4289,-272.3827,-37.4494,-209.8226,35.4708,-274.0372,-19.5440,-215.5620
-208.6427,-76.2731,-266.8711,-36.2628,-243.3808,-56.9352,-260.1880,-73.9653,-249.2216,54.1338,-151.1729,-50.7044,-267.9039,-24.6692,-182.1690,48.6259,-238.2417,-97.3110,-232.2055
-194.7474,-76.1266,-265.5246,-41.8036,-259.2168,-67.7318,-300.2323,-92.3507,-275.9390,-65.1473,-195.3419,-33.0939,-256.4735,-34.7374,-195.3112,14.9400,-189.5820,-107.0209,-260.1056
-160.6141,-36.0785,-221.9777,-41.0493,-237.8337,-45.9087,-326.7958,-133.0664,-336.7249,-187.7772,-174.5147,8.0975,-261.1242,-45.5887,-255.9505,-58.9359,-126.7377,-82.0608,-281.5982
-157.6068,3.5514,-170.9873,-28.1817,-191.3075,-37.7060,-344.6768,-176.6851,-374.6532,-163.1289,-121.6573,37.8528,-269.4111,-40.8073,-314.8990,-95.5452,-87.9349,-111.7104,-282.0963
-150.5548,-9.6855,-162.6423,-46.7442,-187.9726,-70.6772,-358.3251,-186.0266,-317.3869,-105.0164,-140.6393,43.1781,-268.0186,-14.9546,-305.9474,-76.3941,-115.8730,-178.6909,-269.8905
-115.6049,-40.9745,-196.0595,-79.7331,-227.4014,-99.6673,-333.4976,-172.8429,-183.9372,-130.4387,-192.0493,41.8331,-257.1241,8.3466,-228.4393,-76.1457,-145.4355,-221.8376,-252.5419
-101.5190,-37.7571,-219.2634,-71.8380,-233.2363,-99.2843,-283.6985,-177.3576,-71.7962,-120.5158,-177.2680,38.4508,-229.7904,-10.2842,-159.0703,-108.6411,-99.7238,-233.5712,-229.3785
-99.6824,-12.6068,-192.9008,-47.2324,-188.1204,-93.7609,-256.4273,-193.7876,-37.2185,-26.2136,-126.6397,27.2744,-200.9218,-41.6019,-142.1996,-114.9710,-37.7421,-228.1581,-199.3272
-73.5625,-15.3398,-140.5455,-58.4621,-149.4784,-93.2827,-234.3791,-186.2615,-49.4473,23.5805,-105.5912,22.2702,-196.1635,-21.4958,-135.8324,-97.4805,-32.1823,-219.9598,-154.2604
-62.5123,-56.2707,-118.8775,-85.4030,-135.8522,-91.8453,-173.2223,-147.8325,-76.7200,24.1873,-102.0018,32.1440,-190.4741,24.0157,-116.1966,-94.6815,-45.6417,-209.6263,-94.4408
-85.3805,-81.2846,-131.8229,-85.3060,-110.0047,-86.2598,-96.2343,-100.4750,-121.1534,60.8546,-101.8255,34.9921,-152.3469,28.5203,-131.1258,-98.3436,-40.9712,-157.1505,-39.1021
-89.4085,-56.0744,-121.2417,-59.0022,-59.6659,-63.6807,-57.1201,-67.0509,-149.2313,75.9046,-111.9682,19.7722,-113.6274,3.7906,-182.1784,-100.3778,-32.8960,-55.7689,5.6673
-62.2389,-31.4113,-68.6598,-28.5273,-12.6562,-28.8398,-49.7132,-52.3074,-109.7004,22.1644,-114.7281,6.8428,-100.9623,-10.9162,-183.0757,-109.7513,-15.3460,17.7431,43.7835
-38.3654,-44.8297,-25.7836,-12.3186,17.2874,-12.6595,-28.3395,-41.4421,-37.0324,-7.0398,-95.7342,1.0780,-80.2420,-18.1879,-111.4764,-109.1632,9.4794,22.4051,55.0605
-24.3276,-48.3919,-10.6770,-15.2461,44.7883,-17.1825,5.0219,-26.7247,-19.5804,14.2523,-58.6505,-15.5419,-35.1238,-24.5489,-55.2419,-88.7843,6.1409,4.1170,32.0820
-10.3237,-26.4559,14.1189,-26.2264,72.0718,-25.2661,18.9098,-14.2522,-58.1235,13.4529,-11.2646,-37.4667,4.0372,-29.5606,-41.8568,-62.4735,-18.0849,-18.3179,14.1074
5.6696,-45.2523,44.3383,-45.3419,76.0885,-47.9138,38.3944,-3.5148,-62.4935,-4.5522,17.7704,-46.1026,29.9685,-42.1260,4.2455,-28.1956,-30.0684,-59.3232,19.0653
15.6652,-106.8874,45.8861,-74.9251,58.2528,-79.7713,93.5766,-1.4759,-0.1852,-4.1032,20.3331,-48.9916,60.7188,-58.3721,87.3090,-2.7557,-27.6506,-81.9506,16.0873
15.7773,-116.2360,45.6539,-81.7290,67.1294,-80.3382,132.7199,-27.6030,49.4066,-14.8043,46.1598,-51.5091,97.9341,-69.4983,122.7748,-30.7834,10.1879,-60.6232,-1.0822
56.7624,-42.6750,90.3517,-43.7371,124.4496,-51.8089,122.0433,-73.5655,25.4764,-59.1465,107.2380,-32.9430,141.0503,-77.2645,111.2165,-94.4755,104.8735,-49.2880,-12.3889
186.5370,32.3175,159.2372,-2.5587,175.1560,-35.1291,117.6809,-116.9348,-13.6825,-134.2621,145.5305,6.1549,186.1464,-71.9890,126.8501,-132.7627,198.6348,-79.4977,-22.3510
317.7823,44.1120,202.7776,2.9716,176.3070,-36.9986,137.4704,-158.3095,12.2466,-225.8201,149.6118,28.9842,205.6480,-58.2798,160.8186,-142.4188,233.6414,-103.7569,-21.9421
325.8806,10.3250,214.6157,-14.8400,169.5063,-50.6481,142.7626,-177.8832,80.7198,-260.1132,160.4854,18.5053,196.5834,-74.3569,159.4087,-141.4472,232.6182,-97.2028,24.3480
246.7581,-27.1548,217.2390,-42.9950,190.0018,-82.5110,160.4728,-143.5129,123.3817,-202.8491,182.2214,-7.9132,202.5344,-113.8056,147.4477,-117.0868,221.7936,-100.0117,97.8741
191.5928,-53.7783,220.0619,-75.2522,188.4639,-114.5067,207.2165,-104.4560,135.4773,-163.6357,205.0570,-38.9206,226.8004,-122.4014,171.5935,-82.5436,206.4382,-134.6714,138.0677
182.8161,-74.8667,211.0058,-88.2282,124.8889,-126.0256,204.6634,-125.9265,149.3714,-208.1416,226.6630,-67.8521,210.1841,-106.0406,213.6482,-69.2028,207.2297,-169.4107,145.7527
208.3510,-91.0940,176.2946,-85.7300,55.5993,-130.9045,158.9520,-150.9709,169.2841,-232.0188,211.0983,-70.8382,140.6626,-109.8935,240.4420,-67.3700,204.9576,-172.3681,166.8761
251.9814,-99.0188,130.5963,-98.8012,48.3963,-133.0445,185.4260,-110.9045,180.0991,-177.2258,147.8784,-41.7050,84.1575,-120.6472,246.9530,-67.9801,160.8338,-149.8353,200.9852
239.9959,-103.9727,109.4595,-113.0942,83.9978,-120.2593,257.8896,-72.7766,169.7857,-137.5591,103.4344,-22.1660,85.8292,-109.9412,235.0529,-87.1326,126.6225,-126.9760,212.4429
156.5422,-107.6475,125.7099,-96.8870,105.9707,-107.0726,247.1842,-101.1959,140.3264,-165.0087,113.5058,-47.2852,126.5013,-91.5495,219.6998,-111.0934,158.4568,-120.0578,189.4088
120.8718,-97.2931,157.3642,-73.7906,109.3505,-101.5738,181.2080,-131.6232,116.2133,-199.6023,128.7684,-84.6862,164.8648,-68.6440,221.2232,-113.7136,189.3628,-127.7097,150.4323
184.0889,-74.9208,174.1783,-70.8262,124.4206,-85.1914,162.6775,-109.2738,106.4280,-210.0783,112.1214,-76.5357,170.0360,-28.2099,221.5423,-103.9080,158.4731,-126.3688,124.9112
229.6828,-68.0447,171.3198,-67.8113,148.4389,-65.0098,163.0490,-83.2486,75.0760,-236.6436,83.0257,-31.3421,144.3687,8.4396,186.2414,-96.5245,120.2910,-89.7079,117.6344
197.1449,-78.3046,179.2120,-50.1061,152.0801,-52.3030,119.2610,-100.3068,5.7410,-297.0710,75.4893,-19.5914,123.4355,12.1712,122.9763,-101.9559,126.4241,-36.2162,90.5102
184.6389,-61.0435,214.9259,-18.8556,144.7178,-20.2451,52.0415,-142.0245,-59.5259,-345.3256,106.2935,-65.8810,120.4561,-14.1003,67.0784,-137.7955,162.3035,-13.7073,20.3509
240.8195,2.6279,243.7406,30.3181,162.6902,27.3620,-8.9459,-172.6372,-91.4743,-340.6372,147.5232,-108.4909,111.1159,-52.1230,38.6625,-184.5396,201.6731,-21.2784,-50.4521
267.6600,58.3791,235.1389,60.0623,188.9940,38.3403,-48.7194,-174.5411,-102.1739,-301.2697,146.8224,-104.0999,93.7522,-83.2910,37.4118,-190.7476,204.5389,-21.8516,-69.1709
200.9860,52.9113,207.1643,20.5086,172.7771,6.7413,-40.4548,-158.3042,-94.7417,-252.2546,100.0807,-95.1605,85.3961,-102.1920,44.5234,-152.6640,142.2735,-21.3451,-45.7935
114.0935,11.0379,176.2834,-38.2615,129.1102,-26.2201,-9.9463,-150.2880,-74.9115,-202.4942,49.4055,-113.8632,67.3845,-120.7225,34.5846,-113.5306,65.9061,-38.2171,-35.0633
82.4622,-17.3529,145.1190,-36.1942,112.2069,-44.7841,-30.8958,-155.3904,-79.9845,-198.7135,22.0452,-118.4968,25.5637,-130.3589,5.5414,-100.2686,32.6741,-43.6130,-67.3452
77.4968,-33.3854,133.8569,-15.8010,103.9004,-50.8439,-102.4739,-155.3540,-121.2433,-252.3645,15.5218,-91.9400,-7.1718,-109.9825,-29.1199,-110.2252,14.5727,-26.0087,-109.5466
46.9148,-50.3837,125.9231,-46.6989,51.5449,-47.2045,-136.2334,-137.6426,-155.2945,-253.1081,4.3616,-85.5430,-20.2632,-83.5921,-66.8919,-121.3692,-15.9314,-25.8684,-105.9094
0.2013,-49.7790,66.4417,-77.2337,-18.1908,-47.1299,-93.0793,-108.0777,-154.0052,-157.4873,-31.8147,-115.1011,-49.6888,-87.5825,-99.4890,-116.2318,-30.6040,-46.7972,-72.1027
-22.3620,-33.3229,-11.4442,-51.1665,-46.5223,-46.0041,-52.5706,-94.3868,-134.7572,-106.6968,-60.5420,-138.9265,-100.0427,-105.3717,-106.8146,-114.9803,-33.6689,-49.8438,-83.8890
-7.1420,-36.1958,-24.3329,-27.1412,-51.0297,-36.1693,-87.9356,-117.1916,-115.1575,-157.7240,-49.1272,-152.0628,-140.4243,-112.9062,-95.5585,-135.3868,-62.5508,-41.6946,-141.9332
1.9024,-57.8174,-13.3246,-53.9779,-85.1808,-49.3743,-136.5842,-146.6134,-93.8933,-180.6951,-42.1763,-181.6393,-163.3930,-124.8091,-96.2450,-146.6647,-102.7652,-52.7279,-165.9955
-65.3287,-69.3198,-71.1866,-87.5569,-147.9836,-91.5425,-114.0720,-147.9185,-56.3520,-141.4959,-77.0958,-215.0262,-173.8211,-147.1217,-114.0774,-127.9405,-127.8711,-75.6885,-150.0205
-187.1770,-82.6767,-162.2824,-101.9911,-207.3567,-113.9760,-76.8292,-144.8589,14.5411,-125.0578,-112.4642,-227.7082,-176.6623,-164.7096,-126.8901,-104.4708,-169.5089,-106.6540,-169.1178
-238.0245,-127.0087,-214.2323,-134.0898,-258.5166,-124.8050,-100.7394,-158.8751,96.0347,-101.3548,-127.6400,-230.2500,-196.6652,-183.3018,-118.0023,-92.5654,-243.8149,-156.5984,-223.1672
-181.8944,-185.0087,-251.8814,-192.7568,-303.4519,-178.2031,-128.6694,-160.4698,130.6964,-21.8796,-150.9592,-236.4555,-232.4705,-214.7938,-82.0201,-91.7625,-292.9805,-193.0323,-242.6662
-146.2561,-210.2018,-299.8231,-234.9394,-319.1675,-238.4439,-113.8430,-146.1654,110.4331,15.3812,-174.4286,-237.2883,-240.4409,-239.2876,-31.9098,-110.3624,-282.8252,-175.5607,-228.4634
-210.6021,-182.7131,-327.4845,-230.9196,-298.6667,-233.3718,-117.1682,-151.4026,81.4027,-46.6616,-181.7534,-216.4864,-223.8631,-227.0487,-9.0686,-134.9933,-263.3086,-128.8056,-222.7471
-289.7172,-137.8840,-341.1611,-198.5840,-284.1285,-188.6473,-148.9213,-165.4534,48.4930,-116.5857,-190.3968,-174.4066,-225.5980,-186.6496,-39.8307,-136.8804,-276.9156,-96.4038,-208.0013
-300.4629,-133.1955,-368.6761,-179.2923,-304.2351,-165.8285,-153.3654,-153.2795,-20.9033,-137.5706,-190.1072,-143.4989,-223.8511,-162.7753,-89.0268,-126.8550,-301.0369,-86.5032,-170.6351
-279.8871,-161.0525,-391.6226,-187.7768,-324.3313,-168.7585,-150.1878,-130.8927,-101.7630,-141.6415,-170.1692,-144.1178,-184.1286,-169.7929,-99.5907,-137.7058,-310.5167,-100.3736,-158.1628
-295.2324,-157.7959,-392.9097,-194.7798,-317.0935,-175.1348,-171.9243,-124.5874,-137.4884,-156.2367,-180.8239,-138.0720,-157.8852,-164.6032,-66.6547,-174.0773,-311.5531,-124.4041,-183.2594
-343.3712,-127.8939,-384.1038,-175.9533,-305.9908,-158.8913,-175.5579,-122.1983,-140.2757,-200.2380,-229.6576,-105.4091,-181.1404,-127.1724,-47.0217,-211.2145,-304.4587,-109.5123,-198.7148
-358.8734,-129.5059,-363.7438,-145.5482,-289.5099,-107.7470,-151.7640,-116.2510,-166.9222,-263.8573,-241.5168,-96.4754,-192.9820,-100.6126,-100.5815,-215.9568,-280.0097,-55.6872,-201.9174
-308.8145,-141.1674,-333.1504,-123.1654,-240.9296,-70.4663,-146.8772,-122.5264,-228.8279,-280.2453,-209.7446,-116.3760,-166.3953,-106.6138,-217.8879,-190.9144,-241.3539,-47.3398,-223.5591
-262.8228,-115.1028,-317.0841,-114.1842,-196.6303,-92.1488,-155.9264,-140.8492,-286.7292,-222.7069,-210.2174,-101.0930,-161.8722,-119.6882,-309.9370,-184.7637,-201.6753,-110.2721,-225.8280
-296.3222,-97.6835,-321.2759,-123.5037,-200.5837,-125.0889,-152.4324,-147.6827,-302.5234,-147.1718,-258.4823,-65.7280,-195.8115,-137.7364,-309.6725,-201.8336,-187.4809,-149.5082,-154.6548
-355.5112,-128.4057,-325.3555,-142.3768,-208.5052,-118.2042,-145.6675,-126.6084,-276.9358,-103.6215,-308.5369,-79.6281,-216.5071,-164.7967,-264.3759,-184.6709,-214.5204,-116.1517,-53.3357
-342.4655,-153.5825,-311.5248,-149.6373,-182.9533,-108.2863,-136.4016,-90.4594,-249.9592,-110.3693,-324.5155,-113.1236,-210.3711,-163.7581,-252.9674,-135.8815,-240.2095,-88.8440,-7.9941
-276.4536,-151.4889,-265.6823,-150.7874,-170.0241,-132.4784,-136.2867,-70.7336,-248.5203,-163.7056,-280.6621,-106.1067,-205.5253,-120.4524,-258.1063,-116.7130,-217.2885,-118.0717,-28.9114
-227.3889,-156.7217,-198.2879,-159.2418,-184.3297,-159.7556,-181.3042,-80.6344,-250.1596,-209.2025,-198.6889,-82.7854,-205.1070,-76.0887,-232.9850,-127.9770,-173.7064,-148.7480,-61.1858
-180.5975,-144.5336,-147.9073,-151.4616,-170.4565,-154.6031,-237.3129,-106.5222,-239.4590,-195.8107,-159.3939,-68.8297,-189.8669,-59.8901,-225.9665,-141.4739,-145.6263,-142.5459,-69.7467
-111.2460,-90.7370,-115.7947,-117.6765,-113.1439,-126.1743,-236.4474,-133.4075,-247.7605,-149.7843,-177.7823,-60.0275,-148.8496,-72.7979,-294.1123,-169.5379,-114.2603,-126.7049,-63.9061
-77.1327,-63.0899,-65.7673,-104.6275,-46.8491,-109.6840,-206.2700,-150.9487,-288.4260,-129.7302,-170.1709,-85.5261,-94.2374,-107.3812,-371.5807,-203.7415,-83.0373,-113.0066,-61.0147
-99.5329,-88.8109,0.1317,-126.8964,6.8393,-123.6724,-196.1295,-159.1311,-325.2001,-165.9706,-104.5319,-135.0451,-62.2771,-136.0105,-373.0085,-219.8048,-79.5423,-91.5685,-62.4030
-77.1595,-88.6142,54.0536,-122.3452,35.6446,-135.6522,-175.2911,-179.7720,-322.6639,-232.1096,-47.5170,-137.4082,-64.7771,-145.8831,-331.5096,-246.4241,-66.2184,-75.5106,-64.0471
39.1944,-39.7024,93.3841,-68.9814,44.5269,-107.0888,-124.9499,-218.0294,-256.9039,-243.1083,-42.7251,-112.4736,-60.6619,-164.7305,-304.1175,-292.0097,-8.2330,-76.2907,-69.0353
124.0417,-15.3462,113.1903,-34.8860,50.8489,-66.2162,-81.5449,-245.6644,-117.6706,-183.8209,-54.3938,-134.6416,-29.2139,-189.7922,-263.4783,-300.7819,40.7717,-89.8271,-83.6970
80.4609,-30.9709,97.6491,-51.1866,26.6912,-59.0491,-57.8159,-264.5951,35.8252,-173.8875,-35.5986,-154.4871,-7.4289,-178.4239,-183.4059,-261.1894,47.4170,-118.7762,-115.5438
-2.7069,-23.5891,59.5146,-59.5293,-48.9260,-66.0435,-53.4770,-297.0036,105.6773,-250.4008,-0.0290,-98.7696,-13.7949,-131.6301,-100.4993,-207.9987,50.2650,-150.9680,-164.8398
-33.3395,25.4686,21.7148,-31.7088,-104.1607,-52.0313,-81.3346,-303.4275,76.8452,-277.5971,-1.4655,-32.5104,-29.0991,-82.3435,-45.5634,-139.6739,56.0887,-161.7481,-201.1161
-38.2139,63.5324,-1.2884,-17.0918,-80.0217,-39.4297,-117.7727,-244.7050,9.9846,-203.6326,-33.5316,-31.6826,-55.7785,-46.3366,-32.4285,-71.7314,44.0512,-163.4002,-185.8473
-15.8150,43.8361,18.1882,-40.0846,-20.5707,-62.9166,-130.4313,-177.9656,-53.3848,-122.4877,-20.2057,-74.9319,-90.6180,-50.5485,-75.4298,-53.7531,31.3134,-171.4842,-129.1088
71.0478,-17.6632,71.0689,-64.2507,32.3568,-104.5642,-122.5366,-151.3200,-75.5458,-51.5433,49.0717,-137.2017,-84.4153,-102.0131,-117.3355,-62.8196,26.1390,-158.8181,-69.0395
145.1460,-61.6243,82.4834,-73.1834,67.5813,-121.6805,-77.6707,-115.6292,-17.8077,39.1129,86.5483,-192.7630,-26.7479,-132.1150,-65.7401,-37.7139,20.7756,-132.2188,-15.0032
122.3367,-61.7017,28.8344,-88.2817,46.7891,-114.2075,21.6310,-49.7778,63.9330,76.9149,53.6364,-163.8300,18.7030,-91.3444,36.6242,8.5936,46.9542,-153.4173,33.7553
74.5449,-50.6310,-14.4457,-110.0606,-1.6849,-124.0325,115.8204,-17.9331,67.2536,33.1027,8.5905,-33.0767,30.3801,-23.9917,72.1864,41.5099,119.1280,-216.5180,67.3110
74.5863,-50.6920,3.4074,-120.7430,33.1176,-157.0154,148.6825,-42.9991,18.2657,19.9010,-8.9374,95.3865,59.4758,23.8086,71.6649,62.5750,195.5417,-242.2355,102.4833
82.9860,-42.1942,59.9860,-122.6289,151.3323,-163.4008,159.7297,-72.8678,32.1053,82.4072,-10.4669,134.7298,120.4742,45.9254,138.2491,60.3804,260.0253,-207.8421,167.8489
93.7227,-25.0625,127.8524,-122.0291,242.5712,-131.2096,195.4235,-75.9936,128.0428,128.1491,1.7796,97.6474,176.2847,27.7166,234.1332,32.0527,314.4705,-150.6668,245.0838
128.5455,-34.7672,179.1889,-114.3074,281.2623,-111.5933,240.4902,-62.6828,238.8466,112.0270,25.1949,37.5637,219.1784,-19.6022,284.1627,20.8433,321.5134,-91.2022,300.7132
118.4585,-79.0591,184.4016,-110.2154,309.6501,-120.9020,277.3504,-42.0086,319.8387,86.8814,37.1767,-0.1506,266.7640,-42.2679,334.2258,44.7128,274.9706,-44.8722,339.4563
38.5246,-125.1488,170.3749,-128.5781,324.0584,-127.5550,305.3703,-11.6609,338.0504,82.5642,41.4200,-9.7496,311.6162,-32.1007,406.8960,73.2129,222.4734,-24.5369,371.3788
3.2522,-150.8737,183.2947,-154.8195,318.9278,-126.9682,319.6243,32.3583,285.5515,66.1515,65.7695,-34.0181,329.8660,-27.5903,417.8929,85.3932,178.0846,-0.8570,396.3787
52.7425,-154.3317,200.8895,-149.7742,309.4094,-117.5348,328.6290,80.5778,248.0570,15.3080,96.9213,-82.9720,308.9195,-27.9242,363.4124,68.8386,137.8763,56.2903,431.8741
75.6466,-125.1614,184.0812,-98.0670,290.3450,-65.8096,341.0889,114.4323,296.3166,-24.5223,95.6003,-88.9103,266.1044,-4.9359,340.9947,25.2343,120.4399,128.1506,477.5857
28.4514,-59.9491,152.5214,-22.8913,273.8569,17.5904,337.5819,140.8103,337.0453,5.6337,72.1226,-19.0523,243.5860,40.6978,340.7575,8.8781,106.8634,190.0551,487.3944
-4.7871,8.2857,137.5489,41.2987,279.6653,73.4569,301.1566,177.3764,254.3616,82.2247,63.5682,48.3686,241.1491,85.2382,265.8641,60.7299,71.3455,237.2894,439.5187
18.4622,49.0073,138.5167,81.8636,273.5775,100.2229,241.5079,210.5786,124.6632,138.6912,54.6746,47.2146,199.4406,103.6776,142.1488,135.7813,59.5451,259.6669,372.9989
40.3450,76.9955,143.6109,111.1310,231.0975,136.8075,179.3300,231.1720,106.1317,168.6856,10.8276,27.6597,112.9008,95.5214,87.0604,173.4123,84.5029,250.8400,314.7422
0.3460,105.9965,131.7412,137.6365,175.2990,163.2068,140.4745,259.6480,203.3869,189.3819,-36.6355,47.3598,60.1437,95.8133,114.0782,168.3579,66.2118,222.0518,244.8199
-72.0333,112.5225,86.6811,153.6230,106.5649,147.7020,144.3989,288.1152,299.4930,184.9674,-32.7597,70.3161,70.2713,121.4337,141.3022,155.4105,-6.8592,189.2596,162.3052
-80.8483,95.4101,43.1464,153.1431,46.2124,130.1891,183.9014,288.2570,329.8081,171.9271,3.6390,73.0872,93.1998,149.9360,148.3817,184.7436,-38.1952,173.3024,119.4855
-0.1555,100.4399,53.2643,143.9855,71.7324,153.5932,237.6446,277.9662,308.1457,198.0040,23.1161,119.2409,116.1510,178.5000,185.9160,260.1421,18.3302,186.0454,154.2201
91.1150,155.3358,105.7997,151.3344,165.2374,192.1297,282.5779,275.4369,257.6626,237.2847,46.6760,228.1563,161.9458,219.6923,249.6321,297.8529,128.4233,210.5096,217.9810
153.6012,249.0321,146.0843,205.9661,207.6071,216.2032,285.1097,251.8233,186.7727,216.9499,118.3141,317.8306,197.7879,251.8668,259.3288,245.0329,254.4852,231.8573,223.1646
224.6852,354.5587,148.8602,291.9523,177.1480,241.1069,223.9028,215.4987,96.9462,147.7984,196.5875,342.7227,175.8230,257.7856,173.4422,174.1682,351.6264,250.1568,163.4512
284.5467,414.5355,126.4265,336.4248,134.2958,266.8263,123.9679,222.7764,0.1749,123.4278,196.5508,331.0829,112.4592,253.0759,39.4566,161.8417,372.5537,247.7975,117.1625
260.3568,376.9125,97.0355,304.3965,80.1936,257.4735,41.2244,264.9650,-66.2983,189.5422,113.4344,288.1025,49.7611,237.0956,-72.1844,187.7007,314.1855,216.1377,122.1574
162.9725,275.8723,64.1969,242.0289,8.1196,210.5890,10.5246,285.4906,-77.0139,273.7093,22.3787,212.8235,2.6568,202.4296,-114.7503,211.1740,202.7167,183.2762,125.8015
73.1735,187.0347,20.2068,185.2811,-55.0069,163.4956,2.7530,285.1679,-57.5515,283.1338,-25.8987,151.5378,-30.6162,173.8236,-78.5116,221.4461,69.6087,153.1538,71.4432
28.8955,133.8401,-27.5700,126.9533,-109.1546,127.5028,-36.6012,284.7079,-40.0274,238.5537,-45.1267,133.8372,-57.5112,166.4930,-12.1584,205.1968,-44.0854,108.4676,-22.8422
6.1705,120.2848,-57.0552,90.5976,-140.8367,102.5768,-89.7599,263.9908,-25.3859,214.7589,-66.8878,143.4850,-86.3168,168.6613,20.6151,164.9348,-116.3307,86.6019,-88.4517
-32.3326,160.4670,-71.2943,116.6094,-122.9447,121.7650,-98.8275,225.7681,-26.8895,199.9560,-102.5329,168.5831,-116.1066,182.2311,5.9432,139.9602,-147.1370,121.6237,-91.2992
-84.7928,220.4115,-92.9549,185.3622,-106.6263,187.3512,-92.8322,210.8235,-69.1835,160.2269,-137.9068,195.0210,-143.4776,205.1687,-53.1650,153.1454,-128.5797,166.2896,-70.6839
-104.9119,245.9764,-113.2553,245.9420,-130.3830,235.3366,-132.0592,215.9703,-126.6106,138.9109,-146.7101,200.9509,-162.4896,213.8195,-152.4609,173.4425,-81.4764,185.1052,-74.2477
-80.6616,238.2198,-107.3069,269.5324,-128.0461,234.6627,-169.8432,206.7088,-151.8810,152.0562,-127.3852,187.6924,-157.9413,202.4785,-224.5703,162.8088,-69.8344,201.7906,-90.4868
-71.0646,201.2463,-86.1161,234.3319,-88.1514,211.5511,-138.9561,196.0998,-143.3298,157.7555,-116.1874,142.6431,-130.9309,168.2350,-199.9948,143.2400,-120.6845,208.2704,-85.0388
-122.9896,111.6992,-77.5934,148.3371,-84.6906,166.1533,-75.5200,217.9284,-104.0000,190.6431,-134.6873,43.3157,-105.8044,98.5198,-123.8099,168.0212,-203.8125,183.7735,-51.7985
-212.7014,15.2623,-91.5386,80.1997,-98.5582,105.7316,-26.7067,258.5512,-11.2307,296.9537,-154.1453,-44.3960,-86.8326,44.1120,-65.2784,213.9759,-284.3457,163.2126,-9.5223
-281.1009,2.4087,-127.4344,73.4377,-79.2222,91.1614,9.0031,275.9212,101.5293,386.1506,-144.1694,-29.8974,-62.1930,75.9008,-10.5980,204.5487,-326.2734,156.7584,-2.4467
-282.6659,53.2310,-168.7536,83.8104,-79.6640,120.0364,3.6281,255.1789,147.4003,380.7054,-119.0742,36.3670,-52.4132,140.4703,38.9542,166.6244,-310.6985,127.0524,-59.3491
-228.5219,68.5470,-179.8807,71.2492,-112.9890,110.9383,-61.2825,224.4086,113.5530,358.4783,-112.5896,43.2212,-81.6298,140.8114,34.8955,198.7384,-279.3076,99.6124,-122.8088
-179.0349,40.5006,-153.3622,64.1287,-105.0415,73.4305,-126.9058,224.2551,57.3702,374.2097,-131.2475,-4.6499,-119.7628,113.6098,-13.2458,274.3325,-268.7707,121.3189,-132.1667
-155.7105,37.8419,-126.9303,86.9552,-72.7497,86.5447,-160.3763,250.5978,-14.7967,360.4378,-139.5948,-38.3686,-125.1127,131.4718,-73.2541,285.0226,-253.7420,149.5266,-146.6737
-138.6965,62.3538,-127.8651,111.6692,-89.2263,122.5468,-197.1242,250.0468,-126.6892,284.5917,-104.6681,-34.0749,-113.9055,151.6606,-148.3360,238.9434,-240.5421,142.1328,-230.6684
-154.0824,57.1888,-147.8344,107.1588,-138.1907,111.4938,-234.1202,204.4926,-233.2079,195.0920,-59.6241,2.4056,-126.2070,128.8438,-189.3958,209.8754,-282.8996,138.0087,-320.9752
-217.1231,24.3756,-170.2565,85.7788,-186.3888,87.5205,-247.7821,162.1241,-273.8340,128.4824,-63.9411,44.6758,-156.3330,109.9590,-146.3712,192.6815,-346.7614,153.7175,-361.3695
-246.8289,25.4155,-180.4810,87.6833,-233.8408,100.6074,-276.4100,143.2872,-274.7659,95.5801,-101.2759,56.7474,-172.2490,118.4674,-113.3417,168.6129,-329.7639,153.7632,-395.2744
-193.6066,78.3220,-178.2364,124.5043,-245.7945,123.9202,-332.7596,103.8209,-296.7294,80.9936,-108.4822,58.2323,-170.8986,121.0561,-173.3864,166.8153,-233.0367,132.0598,-427.2703
-131.7066,130.0128,-187.1613,151.9663,-211.9876,126.2755,-346.3421,31.7561,-333.3059,49.5782,-81.9651,90.4792,-164.0544,120.3549,-223.3606,178.5238,-160.0987,97.3283,-406.5764
-118.7419,131.3622,-209.6909,131.8892,-192.7729,103.6890,-294.7991,-19.2350,-333.3464,27.9784,-60.8491,121.0127,-149.7099,128.1131,-181.5055,160.1425,-160.5915,47.8045,-358.7103
-127.4007,91.6102,-214.5264,94.5598,-209.6457,63.5567,-249.3200,-20.0924,-288.1855,65.8733,-60.8661,94.0333,-143.0572,112.1283,-136.7815,117.8703,-191.1927,15.8359,-340.0728
-145.2291,56.2949,-205.4557,84.0045,-235.2180,46.4989,-249.2739,-4.1046,-245.3861,95.7511,-84.9276,32.6284,-173.8243,72.5982,-144.5118,75.3286,-206.3725,22.8731,-338.4583
-176.2511,52.3543,-220.9395,84.5971,-265.2539,65.3501,-263.3014,-9.5021,-236.2782,36.0268,-119.1259,2.3113,-216.9588,55.7259,-144.1644,31.4282,-208.4683,15.9736,-338.4965
-190.5279,53.6100,-249.9985,58.5196,-282.6297,50.4240,-270.3503,-33.8482,-229.4770,-15.7935,-122.2954,16.6026,-220.2424,53.0402,-116.3862,10.6700,-218.1209,-39.7968,-355.2203
-182.4052,18.6925,-254.6128,9.0289,-269.9398,-21.5930,-280.2829,-32.2654,-189.1037,65.6808,-94.4895,28.8754,-208.0973,26.2495,-93.9531,47.9970,-237.1805,-91.9148,-364.7144
-181.8987,-30.6307,-255.1775,-30.0238,-268.3021,-63.5494,-286.3340,29.3966,-139.5861,197.9850,-86.3771,6.8023,-232.2018,6.8660,-81.3744,112.9818,-249.2202,-91.2306,-329.3860
-187.8845,-31.1798,-275.8166,-30.1512,-282.9303,-34.3886,-264.8664,99.7648,-121.8267,229.0372,-105.1643,-17.3638,-256.1802,35.3166,-94.3861,143.3505,-239.5014,-47.8194,-268.0906
-187.5774,19.1984,-265.6003,12.3841,-245.6252,11.0466,-223.4698,97.5883,-132.0314,166.4475,-112.4075,-2.9129,-223.9078,74.6504,-153.9476,126.6775,-204.1174,14.0118,-226.1788
-185.9873,69.3458,-186.3653,68.7258,-160.9828,48.8992,-199.1289,47.8894,-156.9849,92.8549,-97.1922,36.8650,-163.3676,87.5360,-214.0327,91.6689,-154.9401,73.0133,-225.1192
-166.5050,101.8878,-97.6377,103.2565,-102.3088,94.0032,-195.4456,36.0574,-204.4708,15.3231,-70.4696,76.3318,-118.2018,96.2810,-218.8754,67.1198,-113.2595,114.2210,-240.0086
-113.2673,121.5655,-64.5342,113.1954,-68.6758,131.8957,-174.5708,65.5966,-249.8615,-56.1233,-44.3879,101.7132,-82.7353,113.3795,-180.2164,72.9946,-82.2962,148.9893,-202.5567
-57.7991,116.7877,-56.4590,120.0227,-24.9851,156.5768,-128.3004,104.5874,-232.1183,-38.5235,-36.9593,81.4928,-53.5241,121.8599,-127.0891,103.7852,-42.1241,184.9832,-91.7378
-23.3296,104.1954,-6.6963,135.3705,19.0875,184.0136,-86.5485,168.1222,-134.3345,79.9128,-37.3198,32.3104,-38.1995,128.4921,-66.3564,121.8997,24.4446,195.7996,15.4578
8.2184,124.6245,80.6401,155.6560,68.2662,197.7963,-47.3258,230.9435,6.7393,164.5345,-16.0383,48.2358,-21.5482,145.1945,-4.5752,106.3323,113.1520,163.9103,63.8584
40.0592,161.9075,140.7898,166.1859,125.4690,174.3347,15.4305,222.8764,162.0129,131.3944,21.4538,132.9294,10.3816,151.0319,60.3130,89.5962,189.0465,111.1579,89.1788
62.9585,155.4881,142.0595,145.6377,137.4298,127.2474,88.7290,175.1549,304.3375,87.4493,80.4868,154.3769,62.5069,126.6104,140.7980,110.2989,209.2473,69.1332,119.7762
89.7879,90.9279,124.1498,94.8406,101.9560,78.1712,146.4326,176.3743,382.2317,144.4203,189.8534,70.3151,145.4213,81.9092,230.8705,153.8265,189.5777,53.3976,148.1100
124.5222,18.8986,140.2388,48.9345,110.5746,46.0365,198.7641,205.8046,381.7607,230.7943,296.3721,-1.3064,236.6235,45.8048,312.5522,180.3020,204.5008,55.1297,197.6219
165.4597,0.6557,198.5612,33.9991,192.1442,46.7159,256.5641,198.9163,363.9214,231.4973,322.2878,17.5323,287.8340,52.3756,373.2313,183.5312,281.9854,51.4337,284.9491
239.3683,43.6841,275.5030,40.1006,274.8103,58.4652,301.9137,178.0069,372.0550,181.9012,327.4193,83.0938,305.1885,98.7919,402.3784,177.5046,369.2184,46.0378,366.7950
347.8855,89.7986,348.5536,56.8134,331.4740,59.9752,332.8635,178.4110,374.8708,177.1478,400.7175,131.9363,338.0492,131.6058,411.6670,160.7975,421.8327,69.6025,413.5195
426.8864,94.8492,405.6668,87.4365,401.9547,83.7092,376.0496,183.7529,360.5740,205.5572,487.6768,136.2546,398.5074,124.4784,437.6817,137.7265,442.4227,120.8379,451.2395
424.3298,81.1854,445.5103,115.1526,477.7248,134.5187,432.6803,191.4846,393.1258,213.7764,510.5187,104.3324,459.6671,108.1015,485.2773,131.5953,443.9675,159.2593,496.1696
365.9303,76.2418,466.3401,115.0995,501.1774,148.1257,475.9728,209.9318,503.2491,234.8089,493.9415,71.7851,492.8242,98.3916,517.3893,150.1102,439.9479,163.1821,526.6835
322.6007,77.9576,461.7022,100.3996,472.0864,113.3244,508.4560,216.1651,614.0663,299.8510,475.1769,61.1122,487.2328,90.8427,524.6736,177.8219,437.0633,147.7393,523.6765
338.8125,88.0377,442.9016,95.7004,451.6261,95.1094,554.1113,203.9684,655.1321,315.5352,460.8209,72.2760,472.6428,101.9742,545.2377,195.4828,428.9920,135.2394,503.5546
378.6084,95.8104,438.9128,90.2779,461.5307,105.6100,600.7664,195.8401,664.7949,205.0383,461.5990,101.4365,487.5471,121.1100,594.9956,179.3498,430.9517,131.3679,508.3262
379.1392,81.5318,460.1828,76.0858,472.1129,104.5824,622.1389,188.0898,699.5260,78.6200,470.4302,126.7634,524.0706,104.7477,625.9335,125.7968,469.7484,118.4805,549.0538
377.2532,77.3302,496.2648,79.6592,487.4461,97.6974,630.6263,168.2928,731.8224,71.4203,490.4531,122.2859,564.0259,72.8381,591.5999,79.6733,522.1138,85.3467,583.9491
455.2963,110.5580,543.0630,105.9546,536.5353,107.7600,637.9036,147.6094,719.8258,127.6262,555.1054,95.0458,608.6382,79.9620,531.9114,72.4664,543.5519,61.9857,592.3782
566.6124,125.3311,592.7951,123.6902,599.7827,119.8783,629.1099,130.6747,691.8249,130.7745,628.8207,62.8472,634.7251,103.0423,528.4316,70.3326,543.7559,78.3035,610.2217
606.9406,99.5269,624.2220,130.6445,643.6401,123.7956,626.7355,117.4661,681.6723,85.0021,636.9723,44.1944,629.0250,97.1477,579.3987,49.5421,554.8422,109.2593,644.0837
599.2808,107.3447,632.1205,146.0122,669.4789,129.2807,660.5688,115.0856,658.6097,22.4041,616.5953,73.5689,636.4733,84.7035,608.4443,39.6422,574.7248,118.1392,641.8734
609.3946,153.9691,627.5554,148.0151,670.6863,131.7082,672.4391,102.3151,592.7797,-55.8743,630.0418,136.6011,662.5792,86.1033,594.2154,45.8326,591.5778,112.1923,589.3841
607.7261,151.5701,612.6385,111.6837,636.3526,121.7596,611.1186,60.4910,517.9860,-83.5535,623.7769,158.6768,642.1401,82.7230,582.2365,39.8194,601.1160,108.6762,539.1029
574.3088,103.9676,589.1583,74.6254,594.6569,104.5654,549.7589,31.4743,475.0529,-15.5515,566.7152,140.6296,578.7315,86.4965,580.9584,32.1824,593.4443,101.0312,523.2301
555.5053,93.5321,560.6193,83.5151,563.3616,92.2248,541.1349,41.1092,453.4978,38.7471,529.3430,159.9295,541.5673,117.5403,556.0988,43.9435,564.9478,85.9179,514.3722
535.3450,119.5398,515.4338,118.6084,519.4520,98.9461,510.4818,42.4779,421.3652,-1.6032,513.0372,204.7828,519.0778,142.5541,501.0771,54.8880,519.5668,75.0879,478.5171
459.6872,129.6140,446.6589,131.0034,457.0247,120.7006,431.2949,24.3596,370.5131,-30.3910,447.4628,195.7118,458.4690,133.1319,429.0724,62.3974,456.0715,75.7195,419.3291
367.0769,118.3447,368.3469,113.2297,385.3221,126.9469,389.6056,39.5399,319.1028,37.9271,356.5605,141.4940,382.7720,110.9217,344.5566,94.8859,378.3071,84.0722,359.6932
307.0452,96.4209,287.1418,90.7015,304.1322,108.1580,398.5150,82.6531,288.7822,118.9496,304.5326,106.5516,330.2546,93.5486,274.8759,130.0317,290.6376,89.7241,307.6342
245.3846,66.5177,205.9979,70.2778,239.3400,85.7960,382.2702,99.5651,274.8427,127.8995,267.9815,101.7068,287.1016,77.9610,256.7987,121.3786,186.8256,87.8961,259.1191
175.9843,42.6627,152.7333,39.5664,206.5126,64.4659,331.8012,98.3811,244.8420,94.6830,206.7296,105.7994,242.8874,66.8078,260.8422,92.8334,83.9672,88.0789,212.2445
147.6511,27.5765,138.8398,14.5334,167.0211,47.7162,282.2672,108.6354,186.6811,82.6232,139.4068,106.6157,209.5966,58.8369,220.2061,96.4238,28.1574,88.5062,159.9703
135.8855,14.7483,128.4212,30.3159,119.2472,60.1324,221.4088,107.0564,124.9597,121.3714,89.9062,98.3833,186.2471,52.1618,146.8247,131.8000,28.5165,69.6440,93.3467
87.2731,17.9428,101.3367,69.8870,104.0554,86.1332,138.1645,83.1011,68.0109,178.4605,54.4736,96.3902,161.1472,60.4458,111.2598,171.4898,41.2840,44.4052,19.6724
51.6971,42.9860,76.4653,81.0663,90.2148,82.6550,56.1373,68.5736,-1.3685,169.6509,23.4457,121.5896,124.5970,84.5293,113.0575,185.7799,31.0565,54.4057,-52.1877
82.0559,71.3790,55.4865,72.0014,39.0366,72.9781,-14.3502,54.9194,-72.0707,68.8005,-6.8929,161.5555,76.9833,104.4567,86.8595,144.6541,0.4998,88.8480,-127.7866
111.7301,93.0204,25.5338,85.4559,-4.9753,95.1235,-78.1656,0.6662,-116.1410,-44.5543,-34.2189,186.8799,30.1008,115.9639,16.8673,79.1351,-28.4632,91.7897,-196.8285
76.6690,98.7704,-3.9637,98.2910,-42.3026,105.6450,-134.7149,-68.9100,-148.4314,-92.1611,-65.1206,180.3936,-21.0085,119.7166,-57.8897,73.6015,-49.1259,62.3603,-231.3329
8.2477,74.7424,-34.2884,71.2824,-128.8653,71.6221,-179.1329,-79.6330,-201.5159,-65.5629,-111.9960,150.1886,-83.0646,100.6879,-114.5851,128.4689,-87.4916,53.7805,-231.6170
-66.5166,45.2680,-88.4430,46.9071,-207.5034,51.3572,-195.9871,-26.7945,-268.0443,-4.5499,-157.9168,142.7780,-122.3547,73.5814,-153.7355,143.6705,-154.2943,79.0264,-223.1676
-148.1540,48.8896,-145.7135,73.0675,-199.4978,81.3348,-194.4665,12.5523,-330.3804,20.8705,-179.5549,186.2155,-127.9086,85.8119,-190.1197,83.7878,-212.2117,102.7148,-222.1967
-190.3699,71.8767,-154.3033,110.9470,-176.1588,115.4876,-226.4766,-2.9285,-394.5331,-19.6575,-197.2845,222.6040,-153.2491,131.3335,-254.4133,30.6957,-240.7897,109.5109,-237.3725
-166.8585,84.3650,-128.8220,118.2010,-206.2672,118.5403,-287.4909,-24.1558,-448.0967,-54.3853,-233.2640,192.5290,-206.5263,139.4961,-344.3495,40.9610,-261.8123,113.7950,-265.7333
-148.0363,97.0369,-135.8939,119.8448,-241.5244,103.2755,-303.2055,-8.4436,-451.3206,-27.1313,-269.9992,136.2791,-241.4511,81.7406,-408.0771,60.8908,-272.6890,117.6523,-283.7349
-176.8631,118.8542,-186.2987,129.8193,-265.3761,88.4741,-281.4851,6.2654,-402.1161,-6.0477,-298.2321,113.7231,-282.6713,17.1132,-417.4451,21.3635,-259.9709,107.7820,-285.8665
-197.2030,123.9845,-231.2698,112.3756,-305.6570,82.9924,-302.8261,-17.3779,-355.3583,-46.4122,-323.9271,113.0371,-360.1486,2.6754,-398.3906,-51.8690,-258.7656,84.5470,-302.2862
-194.2403,98.2716,-250.5654,62.0682,-336.0305,76.5389,-351.9895,-42.3433,-354.0557,-69.9805,-322.7281,106.0576,-393.4965,17.1883,-385.5963,-84.3456,-292.6649,56.8637,-342.9553
-226.5336,59.5501,-269.8654,24.4485,-353.2158,51.3766,-359.3240,-28.9694,-373.2467,-4.9364,-281.1728,90.0167,-345.1587,10.8447,-396.0331,-74.6827,-329.8987,19.4408,-372.6755
-282.8786,19.9010,-304.1519,16.2839,-397.9288,23.2812,-344.1447,3.3704,-362.8315,86.1407,-254.6522,55.5408,-317.7932,-12.1361,-418.5574,-73.3842,-353.5292,-24.0749,-358.1779
-296.0876,-21.6531,-338.1475,8.0384,-435.1411,16.5969,-350.3029,28.1768,-336.3178,117.4454,-297.6397,9.3227,-357.3235,-11.7297,-428.9775,-69.6141,-363.5080,-38.7874,-307.7635
-276.7478,-44.6329,-349.8561,-5.2762,-411.1172,18.8421,-365.1205,37.5754,-359.4508,98.0239,-372.0130,3.1539,-392.0626,14.0620,-443.9660,-34.5460,-340.8534,-12.3766,-273.6906
-273.4757,-18.2157,-332.6524,6.5410,-372.8683,20.5748,-387.4654,12.3659,-434.3023,54.5647,-396.6697,58.9599,-406.2702,31.6282,-485.3472,-22.1337,-309.6630,14.6146,-302.7894
-282.4514,35.0950,-315.0499,38.2248,-378.5729,34.7132,-429.3024,-46.2968,-484.8493,-40.1968,-368.1294,111.7137,-439.3876,29.0480,-502.7369,-70.9752,-324.7164,24.8035,-365.2498
-304.6410,49.3022,-341.1691,43.3224,-412.3551,49.4129,-462.3229,-85.9316,-487.2522,-158.9803,-360.5746,101.3626,-471.9260,21.0769,-469.5520,-106.4441,-362.6382,45.4801,-390.7353
-365.9689,15.3517,-404.7776,13.2244,-440.7859,46.8781,-470.2737,-73.4367,-493.8062,-181.5301,-402.4325,67.7505,-478.2541,18.1123,-462.0616,-75.1660,-376.3412,61.4363,-373.1868
-438.1243,-6.8007,-449.9359,-8.0456,-444.4294,39.9219,-467.4163,-40.4100,-513.1069,-97.3546,-445.0192,70.9916,-476.5559,22.1449,-495.7621,-31.8452,-396.9147,34.1504,-354.9865
-463.4490,11.1010,-458.0617,6.4912,-427.6432,31.6025,-448.2017,-20.3266,-507.9135,-66.3384,-461.8989,83.4019,-471.0133,29.4063,-483.3224,-20.7903,-430.5959,4.3864,-347.0997
-430.1042,44.3270,-459.5179,41.8554,-422.7601,19.6226,-431.8071,-16.6618,-496.9429,-140.0206,-463.5580,62.1042,-462.1195,28.2892,-446.9896,-34.4928,-401.1091,26.6799,-351.6268
-361.8148,74.7770,-452.0181,73.9235,-424.2271,37.0076,-473.1763,-38.2386,-522.2728,-173.3479,-439.5104,41.3389,-466.5232,19.7448,-486.5007,-72.9696,-302.8894,56.6459,-389.2653
-313.3069,89.6594,-408.9194,84.9211,-393.8252,88.3673,-542.2458,-82.7181,-561.5277,-124.3333,-401.8347,46.1979,-460.5361,21.7868,-546.9693,-105.0219,-229.6567,42.4455,-441.5564
-336.7941,70.5728,-355.6662,67.2228,-355.1678,111.4800,-552.2332,-108.4947,-577.9097,-122.0761,-398.8603,28.4656,-415.9473,23.4773,-527.4683,-74.0590,-221.3962,16.9990,-458.9271
-366.7282,28.7182,-334.6165,29.2932,-353.3980,73.1116,-525.1417,-96.5574,-579.1024,-180.9938,-409.0296,-29.5128,-378.0188,-19.2961,-486.3872,-19.4657,-239.3388,-2.2072,-443.7744
-290.5703,-8.2853,-333.6726,-13.1956,-365.9735,6.4469,-527.8160,-89.2388,-562.2595,-183.1818,-366.4070,-80.1758,-382.7557,-99.7322,-481.7909,-34.4917,-250.1264,-50.2363,-432.8820
-179.5655,-36.6088,-325.3691,-43.2024,-361.9998,-52.2524,-509.0530,-111.4505,-501.3063,-120.5108,-299.4184,-109.2758,-382.2008,-142.6594,-446.3590,-105.3267,-247.4117,-105.4990,-417.3359
-194.4860,-61.1241,-315.1959,-52.8386,-344.3127,-82.2181,-395.5500,-124.2676,-410.9381,-65.7759,-276.8527,-141.2487,-338.6279,-123.4711,-372.1718,-148.9069,-251.0876,-109.8589,-352.7043
-290.7934,-86.6647,-309.1217,-68.2795,-302.5714,-90.7485,-235.2724,-94.5878,-329.3019,-11.9123,-280.4217,-175.2102,-274.5717,-112.1211,-333.7691,-143.3944,-279.9314,-86.9171,-232.1082
-314.9964,-123.6553,-293.8498,-116.2623,-242.1303,-122.2170,-118.0459,-40.7780,-259.4609,56.6026,-261.4418,-199.3089,-212.4400,-144.4394,-301.9237,-117.1972,-292.9197,-98.1745,-111.7299
-267.3309,-155.4509,-261.2829,-161.1963,-201.5477,-170.5203,-76.9316,0.0851,-197.2134,84.9271,-215.9661,-206.2982,-170.3277,-164.0730,-202.7408,-99.8116,-242.1493,-136.0732,-53.7609
-211.9061,-152.1615,-212.6001,-156.9876,-181.5315,-165.9852,-96.3442,-4.0100,-158.8582,43.8247,-156.3647,-185.7317,-165.2665,-142.2906,-91.7129,-110.0377,-160.9949,-157.9709,-52.7925
-139.9850,-126.6361,-153.5679,-127.0420,-159.2370,-114.7985,-112.5062,-59.1803,-134.3082,-30.0061,-103.2509,-156.7049,-159.2777,-128.0035,-64.6726,-131.4430,-86.8763,-152.5466,-47.2348
-71.7004,-99.6283,-98.0178,-102.1346,-135.6131,-91.3904,-58.7802,-116.7133,-86.7825,-93.7440,-70.8745,-149.9018,-101.5563,-143.2083,-100.7734,-140.2749,6.4716,-124.7611,2.7270
-43.1419,-59.6171,-49.4777,-64.1940,-90.9121,-88.5308,31.4947,-124.7782,-21.9702,-117.7281,-35.5728,-146.6816,-29.0037,-148.2554,-118.9168,-150.8515,112.8008,-83.6077,83.5219
12.9163,-17.9063,6.4340,-19.9342,-6.7376,-56.1695,71.8856,-106.6864,22.7038,-103.1948,13.2244,-124.2902,-4.4296,-124.4408,-100.1209,-165.7507,182.1629,-50.9400,150.6852
140.9244,-7.6920,77.7615,-9.2052,71.0503,-18.8388,64.1195,-112.4427,53.1615,-101.7215,55.1338,-110.7455,1.4560,-101.9562,-82.0364,-160.7445,223.9586,-35.8282,161.9057
247.7620,-19.1946,157.3327,-23.4808,114.5161,-15.1637,69.1637,-135.1167,106.3444,-142.1202,101.7547,-124.0355,49.4625,-106.1456,-72.4991,-155.6694,264.8243,-23.5698,130.6460
277.6992,-32.8936,230.2060,-35.9242,157.1084,-35.5322,97.5840,-149.9845,187.8917,-165.8111,156.3557,-144.4944,120.6683,-118.6721,-26.6890,-173.3711,272.5290,-16.2263,121.2385
290.7913,-58.7077,281.1174,-59.5843,189.6353,-67.3062,125.9032,-163.9829,281.2520,-114.1520,179.2549,-157.0850,159.7908,-98.2172,72.1854,-167.0576,242.9661,-42.6046,146.4185
313.8375,-84.3006,310.7470,-88.3785,180.2296,-90.6936,146.1864,-173.1389,379.0806,-36.4460,200.4675,-142.8126,166.0094,-45.2555,177.8734,-116.7435,232.0017,-98.8338,163.4444
331.3784,-81.4134,331.3858,-85.4294,173.6268,-76.0304,165.6368,-156.3382,464.1652,-22.3313,280.7169,-91.4545,174.8906,-13.2901,267.1791,-84.5907,245.4908,-122.1159,187.2789
365.9119,-57.6344,341.8960,-57.4564,211.4012,-40.6467,211.5651,-127.8571,500.8648,-65.9918,345.3897,-48.7151,197.3259,-21.3581,362.8965,-98.6497,254.2610,-73.3886,255.3496
408.0133,-25.5472,339.8988,-29.7886,258.6211,-16.0415,294.4263,-118.5974,471.0704,-104.0866,318.1086,-52.9928,224.0428,-28.1460,439.4483,-127.4227,286.6079,-9.7909,311.7212
396.3635,8.4355,343.4456,1.8605,291.6835,4.0455,355.0897,-122.3651,399.3200,-133.9365,292.0186,-74.6819,263.0775,-21.6656,432.8001,-152.9171,351.5091,-4.6241,300.2798
338.1602,11.8784,361.2301,19.4849,325.0360,7.6124,353.0705,-109.6977,345.7032,-159.2991,322.7002,-91.6025,328.2010,-25.9044,364.1970,-148.1113,376.0129,-32.1985,288.1145
307.2327,-21.9374,378.6579,-5.1234,357.1989,-24.4796,351.8723,-69.0746,356.6472,-126.1677,317.5162,-113.4726,392.0515,-30.9772,328.7290,-93.9163,343.1805,-21.6443,335.9060
331.0479,-47.4726,391.1223,-33.8835,375.6703,-45.3141,385.4856,-29.5759,399.1193,-61.2383,279.5616,-119.7693,400.5236,-31.9068,351.8796,-63.0350,348.5489,13.3222,378.0004
381.8568,-45.0195,398.9822,-26.4272,363.3090,-24.4434,380.2115,-44.2902,402.9597,-80.7486,322.0120,-96.0525,357.4567,-60.9958,364.6214,-114.1917,435.1127,2.1240,355.1985
422.6262,-26.5566,392.6115,-19.9900,317.1061,-17.0655,329.8073,-108.1400,378.3285,-152.7250,422.8789,-77.2914,335.9485,-99.8993,327.2570,-160.8468,512.4775,-53.7243,315.9285
425.2697,4.9628,378.2183,-40.7441,295.8341,-43.1029,338.7600,-134.1800,388.4749,-135.9159,472.8873,-79.0384,369.1453,-93.0068,287.0114,-123.9219,492.8164,-80.2857,313.9283
394.8464,14.4444,359.3002,-51.9972,334.4952,-53.8629,416.8790,-80.6556,428.0498,-55.3537,459.0652,-83.6906,400.7159,-67.3147,292.0587,-66.6950,396.1632,-51.9909,337.8120
348.5383,-36.3244,308.2238,-47.4907,350.8614,-48.7128,464.3854,-9.2865,448.8592,-3.6223,407.9200,-98.7943,380.2485,-82.1509,319.4813,-44.3608,292.6514,-24.3528,364.8222
275.7188,-98.3793,231.5080,-60.8649,294.4132,-57.0559,459.2044,36.9937,442.3128,71.0826,325.5508,-135.4611,329.7927,-111.8661,317.3707,-16.7858,218.4124,-28.9873,387.6187
179.9038,-115.1592,189.3122,-78.8903,244.3265,-59.5786,440.7860,74.2918,401.1802,168.6020,248.2256,-175.5919,284.7752,-112.6656,268.1737,23.8960,169.0153,-21.0987,391.8557
100.7161,-113.9204,186.8624,-62.6323,232.3833,-40.0763,390.7212,87.9716,310.6972,149.6036,196.8646,-197.7512,242.7822,-99.3610,198.1431,29.2839,133.0020,24.6381,369.7744
54.6792,-112.5401,166.6961,-23.6013,194.3314,-12.7043,301.7835,64.8402,210.1641,46.7525,146.7250,-186.0738,193.0634,-83.8012,152.3594,3.1250,102.4180,58.2546,338.2185
32.1347,-91.4973,129.5151,-3.0320,139.5310,16.5238,232.2835,64.4344,134.5544,48.7309,105.3501,-145.9054,145.4617,-59.7638,139.9710,-4.6127,62.6597,48.2283,307.2878
24.0218,-77.7091,115.7841,-13.5529,126.5506,22.9602,202.7678,114.7832,59.4366,139.0127,90.4863,-118.3424,118.4553,-46.1524,116.4197,16.4445,6.3143,26.3495,263.9593
-9.0207,-90.2337,101.9613,-35.5638,120.4109,-17.9218,178.8822,140.9458,4.9871,162.4227,63.4649,-114.5119,107.7977,-50.9360,67.7210,31.9796,-46.4609,5.3360,205.8716
-88.4108,-85.4215,51.3427,-46.1255,63.9311,-53.7968,145.9985,94.2593,33.6964,124.7038,4.5351,-93.5567,73.1582,-49.8706,39.3734,20.4895,-69.1263,-32.8476,144.6206
-135.4106,-61.0737,-9.8018,-41.6524,-15.6011,-35.9342,88.9698,26.1060,104.0452,112.1920,-40.4460,-51.8689,-5.8467,-41.0829,35.2211,8.3795,-62.7813,-76.3999,68.0342
-94.5600,-64.2541,-51.1696,-39.6499,-74.5119,-22.4349,-14.9011,-6.7768,125.9599,124.5800,-48.0612,-28.6949,-77.3908,-46.3341,17.7020,34.2474,-51.1631,-115.7481,-36.0132
-51.5669,-87.3756,-78.5660,-59.3068,-115.4235,-63.6543,-120.0775,-2.4280,109.3090,136.8852,-39.5268,-29.5156,-90.9423,-64.7187,8.0482,84.0048,-50.3036,-166.0753,-124.3000
-69.4839,-101.1487,-91.4963,-96.1283,-149.0659,-107.3828,-152.8159,10.7060,80.4616,131.2959,-18.7118,-37.0998,-74.9025,-74.8526,27.2868,109.1283,-55.2156,-196.7871,-151.7563
-79.0534,-106.6725,-84.3993,-114.4771,-164.6236,-109.8252,-134.0582,0.8334,2.1855,84.4931,22.5094,-35.2771,-63.8988,-59.1341,18.3532,97.0304,-57.7579,-166.9170,-149.2071
-40.9934,-89.6820,-72.0704,-90.5076,-145.3350,-98.3322,-137.0129,-31.4836,-109.4279,33.1978,67.1759,-1.8218,-41.5114,-23.8233,-36.3372,70.2988,-72.0389,-126.8056,-161.2607
-15.4910,-56.2352,-64.8728,-60.2399,-105.6904,-97.8331,-162.7448,-49.5771,-184.1627,31.9476,81.7161,40.1376,-18.9415,-1.2935,-80.7333,53.4330,-117.0843,-133.4456,-173.2424
-38.9289,-62.9262,-63.7041,-63.3089,-91.4541,-103.1118,-168.2776,-39.8323,-222.5024,46.4011,44.2501,42.9124,-42.8153,2.9195,-119.9328,65.1402,-168.4226,-143.5718,-164.1609
-95.1938,-95.5825,-85.6999,-66.0323,-113.6175,-100.8999,-158.4337,-26.7327,-248.4709,24.6777,-31.2952,39.2884,-98.3770,21.5550,-184.7689,85.5548,-183.7233,-119.0396,-146.9380
-161.8315,-72.6653,-140.0814,-36.6589,-138.3260,-80.0675,-164.0158,-27.7225,-241.1259,-10.1290,-103.6851,71.3696,-135.7975,45.0283,-229.4653,59.1162,-182.1897,-98.7275,-132.6664
-204.0421,-17.7266,-199.5958,-23.9206,-157.9555,-56.5187,-183.0200,-45.0555,-219.2879,-25.8072,-147.4252,79.7489,-160.2654,29.4525,-240.8862,-10.2481,-212.7650,-96.3567,-130.6034
-214.3977,-22.5034,-233.3086,-54.7519,-189.5022,-59.4220,-207.6249,-72.1581,-234.0815,-28.6258,-169.8518,32.8828,-194.5738,-5.4540,-277.1315,-50.6591,-257.9821,-87.1791,-159.9228
-234.2016,-68.7186,-239.5840,-77.2456,-224.1115,-77.5660,-256.5096,-87.5315,-259.8043,-20.2628,-192.9177,5.2590,-232.6474,-14.6887,-316.9618,-43.4362,-272.3367,-87.2737,-217.3225
-261.0225,-78.5469,-235.6999,-78.2944,-250.0845,-84.9745,-323.8151,-90.5832,-247.0635,4.2306,-229.9435,17.9573,-275.3591,-21.3955,-295.4684,-34.5680,-274.7924,-111.4512,-287.2170
-251.4622,-56.0546,-237.7468,-92.1102,-274.9583,-90.2657,-364.6196,-112.1660,-227.4110,13.5356,-262.9723,12.0459,-317.7867,-53.2358,-253.7472,-39.4202,-295.4633,-126.2506,-366.3736
-220.7488,-44.6965,-248.5383,-89.0293,-295.5399,-95.5495,-374.0243,-145.4125,-256.2282,-41.5553,-263.6255,-15.5436,-325.7363,-75.1460,-258.6071,-53.0675,-301.4024,-116.0195,-415.2032
-200.1976,-46.8243,-253.3915,-42.3206,-300.2152,-80.0637,-381.2820,-142.9480,-324.0859,-129.2750,-250.6750,-35.8509,-300.5403,-67.9648,-295.8893,-87.0606,-277.4056,-100.9116,-373.5782
-187.9120,-52.8562,-244.4659,-24.1880,-290.0574,-60.0710,-360.3269,-103.0569,-359.8980,-135.9570,-268.1581,-54.9064,-284.0193,-66.9192,-330.1519,-117.0066,-279.7632,-96.5710,-274.2385
-221.0539,-67.4158,-250.8301,-67.5107,-278.9887,-70.9624,-285.6083,-67.9162,-300.3329,-63.4373,-310.4690,-62.7921,-273.9325,-85.4741,-324.6824,-103.7586,-325.0189,-116.8571,-217.2057
-317.6787,-85.6628,-300.6284,-89.3532,-293.7309,-95.3228,-227.2980,-51.8364,-193.1115,-65.7987,-342.1076,-47.4668,-249.3446,-92.9018,-254.1880,-81.0666,-343.9515,-146.9197,-223.1835
-375.2886,-95.6326,-356.3125,-64.3046,-331.9373,-95.1154,-232.4068,-40.0437,-163.7890,-149.4059,-357.0698,-43.4311,-240.9877,-75.8953,-190.3775,-89.7840,-307.3553,-127.8996,-230.1818
-338.9055,-105.2109,-358.2472,-67.5171,-334.0831,-77.6125,-231.5141,-16.0303,-214.7421,-126.0179,-365.1569,-69.6271,-264.2380,-63.9279,-214.8110,-79.9662,-279.5567,-60.9168,-203.6655
-315.2067,-126.4108,-325.6038,-102.1348,-280.7420,-66.5263,-194.4376,31.8144,-218.1306,9.1260,-369.8005,-101.8933,-269.6976,-75.4688,-258.1560,-12.6705,-301.4916,-23.8239,-162.4595
-348.7818,-133.6026,-317.7816,-97.1471,-233.6593,-57.1568,-183.9945,79.3762,-154.0959,45.7048,-368.5418,-118.9557,-235.6214,-72.4995,-224.0599,40.5476,-325.0607,-16.6891,-142.2065
-348.1708,-95.5366,-316.0042,-56.3784,-209.6197,-37.4890,-198.6868,69.7193,-133.8671,-56.8596,-343.6113,-102.8276,-200.5462,-28.5992,-159.7645,9.1340,-303.9153,34.9965,-168.5204
-303.3640,-45.9716,-266.6228,-31.3009,-168.3302,-12.9779,-188.2884,-9.2529,-176.0727,-157.4502,-289.9476,-65.9877,-178.3327,-4.4803,-142.7183,-73.3836,-264.9451,110.5565,-221.4479
-276.0160,-40.1651,-198.5610,-19.6371,-131.8867,2.3267,-178.6190,-97.9245,-181.3080,-202.4053,-244.4190,-70.4870,-148.6095,-48.3606,-157.2428,-138.1820,-251.0544,124.3074,-242.8550
-235.4585,-65.5912,-170.8571,-14.5299,-136.5295,-7.0779,-189.8842,-134.8758,-104.6946,-190.8142,-229.9234,-112.2872,-122.3744,-95.9236,-157.3706,-159.9062,-251.2942,75.8864,-206.8866
-157.8960,-84.1227,-178.2130,-45.2889,-143.6057,-49.0297,-171.9652,-114.9298,3.2919,-96.7598,-222.8922,-107.0259,-128.5214,-95.4613,-116.6152,-149.8894,-230.1922,17.5907,-145.1841
-120.1447,-97.3605,-196.1001,-97.4384,-133.9470,-99.7303,-122.8656,-81.4753,74.1121,9.5665,-213.9386,-66.3181,-155.2809,-99.5510,-37.3922,-130.3850,-193.6768,-26.3331,-99.4535
-146.7455,-101.7540,-216.4831,-108.8434,-139.4277,-113.4535,-88.9623,-71.0482,70.9507,14.7757,-214.2169,-79.4462,-159.9520,-130.1537,27.1963,-113.5703,-173.5797,-36.9874,-76.4307
-171.3919,-78.4808,-212.7874,-76.3704,-139.5706,-82.0775,-61.9149,-65.2859,12.7867,-64.4250,-206.4321,-125.0324,-122.5152,-135.3451,37.0109,-98.6008,-164.3114,-17.5466,-46.1535
-168.1864,-50.6484,-175.3473,-60.0363,-100.8913,-52.6316,-26.8463,-32.5017,-54.8746,-135.6932,-178.7627,-125.7927,-65.5746,-117.3243,24.5079,-94.0569,-134.8855,-15.8304,12.9094
-143.0206,-52.8447,-141.5945,-78.0318,-56.7518,-59.3827,-0.2904,3.4473,-114.1779,-146.7628,-157.2182,-102.2359,-24.7520,-114.6939,21.4822,-103.8739,-89.2478,-39.4537,75.4931
-83.5925,-75.0631,-115.2764,-91.4598,-25.0424,-81.9217,28.7255,2.1097,-148.6079,-98.1333,-144.8201,-104.2819,-12.7618,-109.3871,15.9690,-100.8062,-49.5827,-40.2336,104.1274
-11.5724,-88.5471,-59.9335,-82.4592,17.7038,-89.2945,51.5759,-28.4333,-122.3434,-52.8922,-105.7846,-113.0429,-17.7963,-92.2803,13.2228,-74.6674,-1.3135,-17.6818,99.8207
38.0357,-68.7592,2.6097,-69.2876,52.6430,-76.9912,26.6556,-63.3832,-53.2047,-68.1574,-37.9901,-87.7258,-19.6479,-93.0423,38.3782,-64.5636,65.8250,-10.5856,84.9422
67.8481,-15.1418,24.7904,-60.5062,57.0259,-57.5016,3.3584,-93.4755,-9.4673,-102.3065,8.6976,-25.6746,-0.2100,-88.7799,80.2913,-83.8067,100.3790,-13.2193,68.5286
76.9253,17.1100,28.4703,-50.5557,68.2260,-49.0737,50.2241,-105.0196,1.4840,-105.1566,5.0264,26.7858,40.0009,-40.8587,99.4943,-85.6594,74.5300,-12.2342,51.0967
80.1296,-4.9339,50.5022,-39.8166,109.6681,-54.9036,84.9567,-99.1154,18.1333,-98.1205,-8.0848,29.3476,74.7142,13.2647,84.0811,-46.7497,65.5472,-28.8693,36.4683
134.2473,-18.9318,79.1222,-29.0797,149.9696,-50.7624,32.9359,-103.2982,26.5885,-95.3833,23.5514,24.7726,84.8846,33.7366,73.1538,-5.2793,137.4658,-60.6117,38.3124
215.8544,9.4218,105.9015,-20.9914,163.5865,-30.8769,3.6373,-115.1631,17.7348,-99.8255,83.1105,54.9174,90.1843,36.2207,103.2009,-0.0747,223.3660,-78.0038,69.7473
226.6317,14.2300,135.7051,-29.1027,153.0414,-29.0601,85.5218,-105.6746,51.0961,-132.3091,120.2850,48.4890,120.8422,19.9232,141.8787,-29.5146,235.1084,-82.3759,113.9315
188.9642,-26.0198,145.6410,-53.9186,139.3598,-53.3917,195.7503,-87.6563,132.3412,-155.3063,140.3740,-31.1435,170.9756,-20.2312,150.0217,-63.0416,192.6900,-83.2676,152.1012
191.2611,-51.8107,130.1234,-70.6598,153.2693,-71.0211,251.1868,-91.5576,168.6791,-121.9762,164.5770,-67.5781,207.0577,-32.7897,168.7992,-75.5986,159.7936,-69.0479,202.4499
195.1387,-49.2173,138.2152,-66.4876,195.2872,-76.4047,252.7504,-105.2037,134.7586,-92.8454,175.0428,-3.3175,213.5900,5.6492,223.1066,-82.2719,160.7472,-49.9182,252.6753
175.3509,-40.4977,196.1178,-57.1962,235.8096,-88.3345,214.6766,-109.8664,107.0017,-118.0878,183.0441,38.7038,206.7961,22.3104,239.4106,-108.9605,198.7409,-53.8608,242.7141
239.8468,-24.9660,259.0073,-61.9460,255.9002,-99.9123,179.4971,-113.8395,109.8332,-142.2156,225.2072,-25.7928,206.7112,-36.1688,192.1355,-137.2486,247.3275,-73.9693,198.9906
375.4941,-31.3965,275.6130,-91.0498,245.6430,-106.2931,200.8131,-118.7815,118.8144,-140.5289,268.3274,-114.8054,218.6032,-110.6441,174.0580,-141.7452,253.6183,-89.0418,219.4633
412.4428,-83.4411,254.2127,-134.1401,219.8118,-122.2393,251.7301,-124.0973,154.1669,-147.8574,275.0650,-129.5932,235.0680,-123.4450,220.3954,-141.5389,232.1982,-97.6765,275.3653
358.6417,-115.7262,252.2322,-148.5778,231.7512,-132.4796,267.2896,-147.6541,201.5885,-166.9049,288.6938,-84.0059,235.2095,-94.2967,245.7081,-152.9376,255.1147,-90.6842,258.1898
365.4234,-83.4240,299.3406,-111.8435,281.9846,-108.8497,242.4729,-181.3458,193.8693,-194.9185,310.6961,-65.7721,206.8492,-91.4179,212.0642,-159.2718,307.5336,-56.6007,201.7275
392.6704,-53.9057,343.9243,-69.0511,298.9165,-74.2646,217.8685,-179.2037,164.6443,-210.6944,266.6519,-109.6195,182.6399,-107.8691,193.4864,-151.2200,306.8470,-21.1408,203.1896
317.0453,-69.9893,325.7043,-60.3224,283.3042,-62.7876,234.9302,-125.6415,193.4520,-142.1098,177.4643,-144.2646,203.3593,-83.5995,236.1790,-123.0644,263.7875,-9.9624,236.5869
215.5029,-78.7181,274.0366,-52.5572,307.9391,-53.1514,296.3387,-52.8283,223.6490,-8.4027,144.8695,-123.3181,248.2059,-30.0167,268.6650,-63.8320,251.4119,-3.6343,258.8989
199.4736,-49.5577,254.3755,-13.9678,356.5648,-15.7161,339.7864,11.9796,190.6353,70.8078,171.0848,-106.0741,269.2443,-6.1859,210.3945,-2.2488,261.6110,9.4221,308.4163
204.4895,-15.1418,258.6953,21.6240,355.3757,23.9398,327.3073,60.5837,178.4365,76.6996,189.7866,-112.0860,266.2382,-4.2359,118.3022,21.6972,249.0012,0.1653,368.9033
158.0404,-4.1927,238.0720,19.4043,307.1206,22.5830,310.7021,86.2054,237.5847,58.7094,182.4160,-83.3767,255.9571,7.0989,112.9708,26.1165,225.9332,-34.9206,360.7898
97.8160,-23.3155,193.4636,-9.0067,246.0284,-13.7517,316.8313,92.0704,300.7498,14.3927,146.9664,-45.7880,226.0441,6.4293,177.1292,36.5415,203.6605,-55.5425,295.8354
52.4089,-56.0753,159.3746,-39.9767,180.6687,-36.0832,297.8661,96.6311,362.3279,2.3689,91.4120,-64.6789,179.3212,-4.7832,195.3117,38.2536,154.3666,-48.4073,242.5936
17.0994,-59.9507,148.4328,-50.7759,136.6421,-17.9781,244.7368,114.7106,441.9443,100.4555,67.0912,-83.5257,147.9392,13.5343,161.8536,38.1118,86.1328,-36.4461,203.4489
5.5306,-17.1521,149.4738,-20.8176,122.7952,15.0549,195.5807,143.3321,456.7712,207.9376,84.3520,-41.1562,133.5938,36.0545,156.3204,57.3605,45.2357,-21.6761,159.3253
10.8398,38.3559,139.3910,33.8836,98.7307,34.9430,153.4927,157.0902,381.5035,208.2846,80.1105,2.2840,106.5449,16.0635,178.6054,70.1199,40.1014,10.2741,115.2674
17.1506,74.4134,102.5261,74.1324,62.0882,51.8407,105.8353,121.5284,300.4563,162.6463,35.7405,16.9964,61.3328,-6.8908,169.2525,59.5583,50.1005,52.1654,57.9609
31.9226,93.4848,63.4053,93.1747,53.5846,78.2138,54.1838,37.7519,206.2508,119.8779,-4.7540,53.8278,20.3986,5.6626,110.6346,51.3826,68.6447,87.8238,-10.1844
5.3290,103.3912,56.8600,102.4340,55.5312,94.3507,1.2750,-42.1403,68.6441,49.9782,-35.2389,92.8218,-5.5140,11.1044,34.9184,33.5705,79.0818,104.4213,-45.7134
-115.7609,103.1932,54.5901,94.9091,15.9811,80.7595,-32.7217,-78.1234,-4.9716,-2.5092,-79.7748,81.4237,-38.2182,-7.2537,-5.8321,-21.5189,58.4738,85.8984,-58.4861
-207.4944,100.9983,3.4914,74.5069,-59.0621,51.2207,-48.9445,-91.5399,12.0016,-10.0172,-126.2545,65.4997,-106.6177,-7.0178,-1.1864,-68.9854,26.0732,43.8322,-117.2665
-133.7701,105.8655,-67.9742,64.1122,-129.8672,31.0529,-109.0630,-109.6792,-24.2849,-30.2916,-150.9699,90.1843,-191.1616,12.6463,-9.3154,-54.1755,6.6482,18.7531,-217.5817
-34.5955,100.9124,-98.9502,59.7058,-179.2040,22.8106,-211.3095,-103.5263,-115.9227,-26.8251,-158.5828,103.3750,-234.9767,22.4319,-47.2330,9.6350,-30.9665,10.3126,-276.1685
-95.9533,70.6675,-117.7061,45.0083,-209.3652,12.8278,-251.3267,-42.3016,-130.3404,67.5311,-165.3324,78.8249,-235.6271,35.8482,-65.4223,81.3062,-109.9550,-16.4725,-269.5337
-212.5001,47.8132,-178.3773,39.0663,-232.8857,5.8130,-219.0647,31.6261,-118.5457,157.0797,-179.1897,79.1066,-248.3410,70.7066,-89.2652,113.9400,-178.0253,-45.3037,-259.1411
-231.7635,59.2211,-246.9710,56.2637,-263.6151,18.3888,-220.6339,56.3319,-202.2952,147.9010,-204.7554,129.4370,-285.7772,105.8893,-177.9776,84.5573,-199.6634,-39.3893,-280.8038
-246.3179,54.2360,-281.5681,59.1961,-305.1882,32.4183,-268.8934,42.0785,-307.5856,95.5807,-248.1079,158.0897,-315.6003,116.9745,-265.5514,61.1355,-230.3405,-25.4193,-299.2000
-348.2185,-11.5699,-319.1720,20.9098,-353.8014,14.7720,-295.3450,36.9487,-333.4625,51.5747,-299.4400,106.0268,-337.6707,100.7075,-276.3770,105.2708,-305.3067,-28.4981,-282.6325
-433.2155,-80.9507,-378.3683,-16.8458,-394.0818,-12.6613,-312.2386,40.6177,-333.0150,19.7814,-328.4657,22.0369,-367.7677,73.7773,-267.7788,135.7359,-365.9148,-10.8159,-269.7005
-427.9451,-83.3814,-411.5784,-5.6835,-407.7776,-3.7095,-364.0817,22.9317,-367.9371,9.7971,-326.3019,4.7852,-392.7497,64.8026,-289.2698,67.4078,-373.0123,26.5096,-319.5322
-393.1390,-32.9997,-408.6980,34.2233,-402.8777,25.4491,-430.4503,-11.0499,-430.3553,-22.2830,-315.0491,66.8225,-400.3163,76.4849,-317.5114,-30.8304,-373.2218,21.6396,-415.3972
-374.1889,16.5919,-407.5622,47.3555,-397.5707,28.8531,-474.4187,-34.2177,-507.3039,-96.0075,-303.5477,111.3490,-397.7562,77.6307,-368.4291,-69.0991,-407.5994,-12.3929,-479.0450
-381.1052,25.0169,-413.8331,23.0308,-390.3524,11.9712,-478.6338,-38.3679,-561.1019,-112.6657,-302.6636,69.5403,-394.7906,54.7653,-442.3577,-59.1983,-459.9533,-2.6186,-473.8252
-420.0482,-13.3950,-419.5634,-0.2071,-387.3747,3.8117,-449.3667,-29.0099,-554.4756,-54.7825,-347.5755,-2.4833,-404.8313,24.0157,-467.3605,-39.9404,-496.9579,32.4549,-433.0547
-444.2404,-44.8875,-434.0692,-1.7066,-405.1866,1.8155,-436.2364,-20.5803,-530.8066,-55.3814,-415.2914,-15.8009,-425.1362,-5.7618,-449.7732,-39.3042,-485.4457,17.6134,-393.9443
-423.7011,-30.4357,-445.9623,-5.8853,-425.6231,-9.5151,-462.2496,-38.7115,-528.5881,-135.2781,-421.3029,18.1916,-421.4537,-34.9583,-462.0663,-74.1543,-418.7461,-40.0184,-362.5116
-414.1635,-26.2183,-437.0117,-36.8703,-423.8669,-38.3939,-477.3139,-81.1493,-493.6877,-172.8823,-365.6335,18.6334,-390.7304,-59.8237,-471.0486,-104.3080,-353.8159,-85.9321,-344.2234
-417.9941,-75.3522,-420.0984,-86.7000,-418.4493,-87.0786,-464.9341,-105.3359,-388.2281,-138.1838,-326.7061,-32.5929,-381.8285,-78.3563,-419.1883,-92.5494,-337.3694,-117.8550,-358.0580
-355.4028,-114.8310,-403.0603,-130.8540,-426.5179,-136.0094,-465.5654,-99.6561,-261.2351,-99.8818,-315.0273,-72.5190,-406.9896,-87.4064,-344.8623,-78.3645,-329.8121,-160.4805,-404.7001
-255.5389,-93.8586,-377.6577,-144.2006,-430.2401,-156.6558,-466.5520,-106.0173,-163.6969,-85.9773,-300.2973,-64.1613,-421.6201,-87.1756,-267.9727,-81.0201,-293.0708,-205.9363,-447.9489
-232.2344,-50.6567,-358.2794,-120.1075,-415.6203,-151.6260,-428.7391,-136.3850,-109.1669,-69.0184,-287.9941,-44.4778,-400.8735,-98.7807,-180.8978,-67.5683,-258.7693,-217.2773,-448.4559
-272.1150,-30.9985,-350.2838,-92.5200,-380.2307,-142.2356,-377.2982,-154.5746,-110.0123,-18.0005,-259.1562,-60.2314,-352.7059,-140.1183,-149.8221,-64.9077,-240.8393,-171.4118,-404.5457
-274.4420,-49.6549,-319.2629,-98.3771,-323.1078,-134.0741,-341.9117,-153.7887,-168.5629,35.6587,-193.1969,-107.1608,-290.0518,-186.0687,-191.3815,-107.4733,-205.6961,-104.3566,-340.3733
-224.1364,-95.1052,-252.7448,-121.0091,-262.8296,-127.4704,-311.7352,-154.6865,-256.2739,16.7990,-144.2762,-137.0382,-237.4583,-194.5808,-215.0771,-129.7827,-151.8285,-80.2511,-277.3921
-167.4941,-113.9444,-184.2082,-122.6786,-216.5433,-124.6816,-300.0114,-150.6725,-338.7758,-45.7544,-133.5032,-114.2524,-209.3992,-163.7746,-229.9593,-94.1266,-98.4062,-95.9616,-235.3722
-123.7523,-75.1713,-141.4389,-101.3154,-171.4989,-111.2802,-321.5220,-139.9812,-392.8044,-45.1558,-105.9721,-64.6001,-191.1757,-128.8048,-308.2458,-66.2163,-37.0024,-91.1421,-220.8179
-99.2779,-25.4029,-126.0375,-69.8617,-126.9602,-72.0955,-327.3062,-145.5202,-394.6271,-0.1324,-89.9556,-37.1805,-184.0324,-106.8582,-348.4808,-60.3019,17.2460,-56.4293,-208.4941
-95.6428,1.6350,-122.7593,-31.3691,-110.5573,-21.0240,-276.4096,-157.4944,-336.8967,-13.9095,-150.2131,-30.0656,-197.8766,-78.0538,-238.2232,-33.3634,34.2994,-36.6573,-181.8721
-82.1623,35.1516,-112.4910,5.1377,-118.7595,16.3862,-210.8829,-157.9676,-266.7885,-92.0618,-193.5581,-18.4997,-192.3994,-38.6591,-109.2042,-27.1343,58.8164,-45.7525,-171.7510
-19.9865,81.6917,-91.5799,31.9763,-107.9339,29.9952,-189.0627,-183.8964,-244.6038,-181.0488,-100.5693,-19.0369,-132.0324,-32.1673,-105.0188,-86.8624,139.1614,-59.1862,-196.6792
82.1531,99.4403,-54.3523,44.1244,-57.6760,19.7206,-204.2814,-245.1052,-249.2974,-243.9269,60.7470,-53.4179,-57.9381,-81.7353,-140.6229,-140.5184,202.4753,-58.5719,-207.1642
162.7906,60.0244,14.4292,15.6781,1.7163,-10.3688,-206.6634,-267.1671,-218.0988,-243.3130,162.8265,-107.7649,-11.1492,-142.4038,-114.3893,-131.8943,166.2064,-47.6154,-158.3374
182.5587,-16.2768,83.1370,-53.2642,29.9326,-47.5130,-173.0320,-224.5743,-161.8929,-204.1223,184.1045,-158.6752,25.6252,-167.7856,-66.7308,-114.2557,94.0218,-49.7564,-84.6742
180.3173,-60.3202,99.8223,-91.5814,35.8998,-76.3296,-120.1783,-190.6550,-112.4194,-201.3181,161.3795,-172.6765,59.5333,-159.0742,-25.3833,-123.7964,91.7901,-73.8215,-38.3712
199.9031,-25.0951,103.1828,-59.4520,71.1949,-84.2419,-59.2698,-191.5135,-42.7681,-212.9587,149.4069,-119.2578,78.1326,-126.3450,34.3425,-128.9841,149.6120,-83.8001,-10.5599
230.2348,29.0122,163.3492,-20.6448,149.0018,-63.4602,8.0965,-175.1794,25.8122,-179.4863,201.1962,-37.9401,108.2370,-79.3426,79.9179,-117.3635,197.2370,-53.2482,36.0914
276.0325,22.8846,246.6472,-24.1499,226.5782,-31.1919,61.2535,-134.3934,13.4085,-157.8004,291.2059,2.2485,175.4664,-49.6833,77.0853,-104.9258,210.1900,-13.6673,104.8578
346.0624,-13.1481,293.9256,-37.7808,278.3962,-28.4168,98.9426,-108.8596,-29.8047,-210.6314,349.0876,12.2224,247.6696,-52.6888,75.0618,-96.5850,197.4522,0.3718,175.0508
358.6087,-24.3100,324.2213,-46.0949,311.5464,-57.8885,160.4861,-99.1292,26.6001,-280.6620,358.7405,32.2211,291.5031,-57.4156,116.2470,-95.2238,172.0839,-3.8337,240.4411
264.3199,-29.6282,352.4017,-62.4870,327.6615,-62.6999,241.6585,-79.2356,146.4240,-301.4441,334.2457,40.1690,317.0453,-34.4605,168.4557,-95.7310,155.3936,-3.5468,302.6208
196.4944,-41.4055,353.8970,-56.9997,337.1453,-19.2108,289.7104,-45.2116,214.5447,-281.2617,298.6784,18.2145,336.3037,3.1171,196.4924,-79.6173,159.6635,16.9350,347.2590
267.0974,-36.6602,339.9320,-18.5315,359.4441,12.4536,313.7785,-12.5712,276.1475,-248.8297,314.6841,-4.8298,345.7586,17.6849,212.3843,-55.3205,178.0536,42.0479,356.4113
365.1098,-30.9684,337.2471,-9.0123,380.1933,-9.1363,356.7110,2.4328,415.1825,-210.4784,401.3137,-28.4559,350.5567,-6.1894,250.6391,-47.4700,209.7494,24.9062,340.8281
368.6208,-46.8976,345.4104,-43.8988,379.8148,-38.6549,390.7096,7.2021,557.0372,-148.4313,478.3836,-72.0126,364.1029,-32.1665,328.4073,-41.1598,260.2007,-24.0532,339.1750
342.4124,-60.8474,375.5050,-55.7355,383.4503,-34.8599,390.1427,25.7321,597.0438,-67.6918,494.2468,-107.3244,394.3917,-23.6731,408.6434,-15.5117,313.2610,-27.9902,374.4476
373.3442,-58.1723,430.5140,-35.4208,421.8896,-21.5668,408.4546,46.8243,555.4553,-26.0180,488.6513,-98.6756,442.0474,-6.4793,432.4568,4.4430,347.4490,10.9186,427.4836
429.1201,-57.0194,477.1525,-39.3406,491.1434,-18.4809,469.3115,43.6118,499.6036,-40.2620,498.4185,-67.4607,501.6888,-5.7213,414.4438,6.7199,371.2633,17.0651,469.4441
459.3334,-68.7761,517.0841,-55.0512,565.1936,-6.3438,518.9248,44.7071,453.5052,-52.3961,524.6537,-72.8274,564.5367,9.2638,425.2193,28.7055,402.4431,11.4607,504.6499
471.7708,-93.5638,570.3009,-36.8146,610.1083,19.3844,541.7363,87.6258,424.5533,-43.3049,554.8734,-142.8530,616.7247,30.0481,476.2516,75.3079,433.1807,55.8127,555.2844
477.5591,-115.7899,588.2604,-24.8867,614.2736,27.4274,579.4752,131.6127,430.9394,-34.0102,550.5540,-212.8733,639.5709,-2.1828,527.6932,94.8765,450.7599,80.1774,607.5879
454.0855,-106.5311,538.3837,-66.8763,601.2247,-9.1024,628.5661,110.9294,474.2588,-21.9543,497.1970,-179.6267,629.0928,-49.4062,570.9503,65.9546,469.6453,0.3123,613.5638
395.0293,-78.8611,486.2356,-111.9157,580.2753,-74.4742,638.0913,24.4711,511.9708,-41.8664,450.1303,-53.1964,600.7035,-16.5698,600.4603,20.6144,507.8162,-116.8263,562.7647
353.7734,-86.0175,475.2471,-120.6246,547.0660,-126.2246,596.8496,-76.9875,503.5300,-121.2316,442.2664,50.5229,563.0460,52.6142,583.1071,-9.5093,548.6481,-190.2882,512.8325
369.7967,-145.3650,472.4596,-155.0259,531.9221,-162.6844,551.5150,-139.2368,484.2996,-166.2716,436.8951,70.5945,524.7365,43.1518,531.1450,-12.0497,558.1025,-244.2459,517.9008
390.0741,-227.9521,469.9568,-245.1819,546.2634,-221.7002,544.1802,-143.1135,509.6778,-124.6761,423.8313,21.5155,515.9363,-27.5186,507.0293,0.0364,525.8574,-287.9921,554.3974
367.2392,-292.4742,482.2356,-309.1069,540.5332,-280.7653,562.5198,-124.1393,544.8270,-102.6512,436.5114,-70.4158,543.9550,-75.7240,528.3724,-7.7373,471.8106,-285.7835,559.1875
346.9548,-302.5104,487.1151,-295.8081,506.0005,-276.2448,567.9030,-122.7686,527.6202,-131.1848,467.9809,-139.1283,561.9619,-104.1297,557.4553,-31.1947,423.0194,-266.2808,519.6180
344.2093,-272.8064,477.4266,-266.7034,495.3882,-245.7888,552.3062,-136.7492,485.5929,-119.4399,478.0357,-128.0484,539.3297,-137.6603,563.2447,-29.1431,386.4044,-280.0461,474.0705
304.3843,-261.3961,471.0801,-274.2842,505.8316,-274.0811,538.9686,-154.0287,480.6071,-95.2071,456.2461,-96.7280,507.6918,-147.4556,544.6162,-17.6113,343.9975,-296.5548,448.3423
257.0312,-268.9901,448.8561,-291.3401,492.0648,-318.3566,555.2828,-169.4363,520.0665,-143.0310,421.6587,-115.0281,501.5781,-127.1930,536.5916,-43.0252,288.6615,-271.0963,446.8788
277.3430,-249.7669,394.4342,-291.5412,465.2113,-297.5496,612.3454,-166.5440,579.7618,-206.7482,401.5983,-134.5414,519.1328,-119.3931,573.2798,-74.2188,252.3950,-230.9265,472.7682
324.2602,-221.6506,343.5637,-290.2529,455.5051,-263.8281,670.0587,-149.7755,621.3938,-219.5290,415.6267,-111.8920,543.3982,-134.9864,609.5913,-68.6151,262.9716,-221.3789,500.7799
334.3201,-232.9516,320.2262,-298.9594,446.5863,-285.8188,658.4605,-147.2189,597.8345,-221.6493,443.5440,-101.5961,541.6185,-143.5656,571.1729,-67.8866,286.8055,-243.6823,479.2239
329.0726,-269.6123,302.7594,-311.8129,406.2569,-315.0839,578.1195,-148.4219,530.6423,-236.1561,435.6032,-141.5525,482.3476,-142.0739,482.2316,-96.3054,264.8531,-274.0465,408.7920
300.4474,-300.0076,270.4167,-324.6688,327.4123,-310.4348,499.2000,-127.9739,518.0651,-227.3839,372.7006,-205.7691,390.3840,-161.3281,412.7569,-103.2162,187.6965,-290.0465,347.2416
218.8402,-322.1343,221.2613,-330.6913,240.6311,-304.9721,441.3259,-107.5770,587.6536,-162.9092,280.4828,-263.4137,313.3304,-204.2292,354.7469,-82.1897,94.3293,-274.0074,309.2350
142.4595,-320.2220,159.4874,-315.6931,184.3607,-295.0596,372.6974,-101.3265,628.9999,-40.0797,186.0139,-282.6843,243.5409,-231.0986,285.7124,-77.9259,23.6894,-224.1048,264.4531
90.1732,-278.1013,92.9286,-275.9126,141.8854,-250.6311,306.6341,-78.9644,543.6292,77.2112,100.3917,-252.6059,165.8716,-219.7317,244.2293,-77.8458,-11.5768,-166.6352,228.0638
-5.8412,-231.0555,33.3550,-234.2147,83.5300,-206.1896,270.5398,-40.5605,383.3273,123.5094,40.8554,-215.9791,119.4629,-192.8875,234.6277,-50.2477,-29.0737,-130.1372,230.1720
-77.1038,-220.8978,2.7934,-220.5737,49.5612,-197.7099,236.1176,-16.1032,262.4588,143.8378,22.8362,-201.8114,114.3447,-171.9025,193.5242,-18.0225,-55.6226,-98.3984,231.1886
1.9572,-230.1420,14.6655,-222.5026,60.8761,-192.7494,178.4964,5.2383,194.7821,176.3899,20.3291,-192.1189,93.0426,-151.2500,110.2730,-0.3079,-92.0490,-36.0385,188.5920
100.6747,-212.4415,33.4935,-188.8302,48.6828,-155.8625,130.9488,41.3642,120.4244,158.9580,-9.8645,-175.8669,48.3039,-118.2570,53.9920,18.0366,-121.2718,33.3269,143.6484
19.9971,-156.1534,14.2166,-107.6636,-3.6083,-89.0418,123.2748,73.6103,39.6555,104.0240,-60.2692,-130.4771,33.8053,-57.0526,62.1317,41.2211,-146.4564,59.2573,136.4513
-139.4672,-80.6236,-30.0013,-20.6756,-23.1166,-4.3827,127.8967,99.8125,-7.5551,106.3708,-98.1017,-17.5847,31.6144,40.1451,86.8776,64.5064,-182.1250,69.4773,124.5268
-191.9297,4.4159,-71.0737,51.4921,-9.0343,75.3864,96.6586,140.2101,-42.3969,143.6946,-132.7947,117.5669,-19.9852,141.8998,55.2972,82.3172,-226.1889,125.6460,64.0306
-195.0588,91.0140,-116.7882,116.3986,-37.5427,129.3891,20.4099,180.0376,-113.9909,154.2738,-181.3153,186.5316,-96.0180,202.8819,-48.0037,82.5707,-268.4255,198.0325,-25.5889
-251.1267,157.5411,-169.8625,166.8673,-126.4559,171.6683,-64.0057,192.4351,-220.2346,178.5576,-226.2991,211.8953,-145.6876,221.1999,-166.8476,84.5612,-292.7033,212.2817,-116.9495
-292.8736,209.1943,-217.3089,208.2871,-229.3600,221.1271,-126.8516,190.2047,-324.2190,222.5778,-264.6687,262.9935,-194.6448,231.4777,-249.2696,121.0948,-281.0489,177.1636,-204.5181
-274.1598,265.8802,-260.8076,261.1105,-295.5510,264.9344,-182.6384,199.5492,-391.0953,223.2051,-306.9922,312.3008,-258.2943,260.2309,-302.8398,168.5252,-258.1127,156.3622,-270.1485
-276.1388,290.6199,-300.1396,299.3028,-311.3572,287.8069,-249.6573,223.1898,-407.5807,199.8135,-329.5301,317.2541,-292.9966,297.9168,-348.5082,197.1872,-283.4792,172.3028,-297.1509
-338.1044,256.4027,-333.7335,289.9838,-337.5232,292.5118,-311.2908,253.7613,-408.8633,210.1640,-334.8650,309.3615,-312.3257,301.6678,-380.6251,231.2591,-364.7894,204.9456,-314.7464
-416.1558,239.0353,-385.6274,271.9990,-425.8571,289.7065,-353.5948,294.3008,-440.3300,245.1289,-387.1669,306.9743,-386.6629,261.7797,-401.7793,267.0787,-444.8091,227.5429,-364.1009
-487.7430,282.9308,-465.2011,288.0255,-522.2509,300.1378,-401.1908,346.0746,-493.8224,284.8299,-495.0103,294.8201,-505.4573,241.8112,-434.7019,265.0731,-484.1711,228.1208,-434.1812
-538.9899,314.8473,-537.5949,317.7850,-574.5521,332.3692,-478.3476,380.8564,-537.3137,323.2733,-584.6727,299.1924,-594.4387,277.7194,-483.8611,255.8483,-489.5813,229.9436,-485.5023
-543.4399,318.0229,-575.2113,343.7282,-605.7214,356.3054,-554.9087,367.4805,-548.6185,358.0268,-624.5784,340.1208,-635.6623,311.8165,-525.4449,288.4578,-483.4549,255.2294,-515.8130
-538.7781,351.1765,-576.8026,366.3981,-612.7541,350.0171,-580.4381,333.3718,-499.0110,406.8249,-636.2653,366.6183,-657.1233,303.2196,-536.0864,319.4643,-492.8226,270.2310,-550.4070
-575.4337,368.0119,-556.2986,357.8130,-595.5116,335.6031,-572.5001,324.5865,-397.7521,434.0222,-616.6778,344.1739,-668.9372,282.9377,-516.4578,298.8716,-519.9321,240.4318,-588.7717
-583.3702,304.3558,-553.2620,310.9853,-620.9406,322.0285,-587.3654,320.1893,-317.3078,381.0065,-562.5668,308.7497,-667.0582,262.2955,-487.2555,263.4306,-525.4648,202.5410,-612.9182
-492.5120,237.3095,-577.6819,271.9210,-671.4431,286.9144,-604.4783,290.8007,-298.6239,335.5179,-498.1743,280.7473,-644.0429,228.0824,-465.6785,260.5081,-492.7358,193.9760,-620.7258
-407.5595,229.8744,-575.1717,265.9428,-641.2206,245.7285,-572.1617,275.1190,-325.7676,389.9715,-438.4518,243.5120,-600.2284,204.1791,-457.5012,283.4564,-453.6007,185.6450,-609.0615
-428.5740,242.3458,-537.6110,281.1699,-566.5515,242.2267,-535.3700,284.9740,-403.4234,408.9819,-401.8199,216.0893,-563.8449,201.9482,-465.2965,291.8351,-425.7552,163.9070,-574.8630
-464.2376,272.4099,-534.5422,301.1821,-557.4382,261.7451,-544.8079,254.8831,-514.1050,283.6905,-411.7529,227.8526,-550.4954,192.2377,-479.8137,246.9914,-411.0839,171.2498,-550.2591
-449.5303,311.6893,-573.4412,289.5164,-571.6046,251.2873,-533.7789,173.0232,-562.0480,163.6924,-437.6093,246.4677,-532.1080,175.2050,-481.0496,171.0354,-432.9368,203.8438,-561.6371
-481.1191,276.8020,-586.7321,232.9838,-544.9519,209.1730,-467.6838,113.9658,-513.7952,155.1242,-430.6429,234.1790,-504.1195,166.9419,-469.3359,135.5131,-481.1659,194.7687,-569.3870
-547.9427,191.2263,-558.2448,195.5715,-529.2034,176.3337,-441.0495,109.7628,-476.0701,154.2062,-403.6537,211.0909,-500.4048,149.0262,-465.5696,145.4140,-491.1595,143.8893,-536.0335
-487.6628,173.1685,-517.0603,213.5208,-526.3381,175.2428,-482.7607,123.9163,-517.3187,100.0940,-384.1474,186.7715,-508.6554,121.4609,-479.6200,139.8114,-450.6733,137.2063,-504.4229
-331.0611,197.9132,-471.4677,229.8703,-476.2454,204.4016,-498.2662,125.9455,-554.7528,43.8896,-368.5230,136.9212,-488.2801,113.0903,-502.5307,109.0688,-419.5659,203.1727,-517.5176
-281.8352,186.4320,-430.9726,221.2062,-414.5701,243.9694,-463.5390,107.0042,-499.9882,25.7068,-365.4695,84.3391,-459.2014,110.6977,-506.0754,81.2554,-412.1136,262.9841,-540.4730
-334.4432,188.9339,-397.8079,232.6569,-384.8923,259.9749,-440.8988,78.6844,-403.3516,81.3908,-379.0963,69.9460,-454.8641,89.4736,-464.0591,49.8325,-379.6162,255.1556,-539.5371
-307.1062,234.0471,-344.4313,265.2747,-333.4909,253.5229,-441.7670,67.0503,-382.7816,188.1608,-371.0210,67.7173,-442.3628,70.0987,-408.3618,10.1890,-304.7405,221.2210,-535.9498
-183.1663,254.3025,-265.7613,286.3488,-241.1032,265.1679,-446.7772,62.3075,-455.0221,212.8654,-320.3479,50.2585,-380.1846,59.0752,-388.8914,-22.9470,-223.2243,228.1172,-530.5532
-92.6755,245.4834,-177.7334,296.7439,-158.7320,292.6570,-445.7380,37.0492,-506.3596,115.7993,-249.1366,42.3089,-283.8913,30.8007,-362.5666,-50.1254,-169.4511,268.4351,-479.3190
-69.3747,240.6268,-74.7377,293.7753,-92.6992,291.6241,-391.2711,16.4098,-442.4181,27.9515,-171.8843,37.2000,-191.1065,3.7933,-255.2556,-63.4334,-135.4207,293.2775,-372.2303
-45.8690,219.0677,23.9814,270.9166,-24.2725,270.1854,-265.8909,27.3910,-299.3492,9.5066,-104.6502,11.2456,-120.2506,20.0808,-107.6255,-56.8366,-79.7138,295.8709,-254.0070
15.5149,193.1284,71.1598,253.5766,33.4786,266.1703,-149.4857,36.0773,-177.3555,-1.7690,-69.0986,8.2461,-60.2483,61.2866,-5.5316,-68.3846,5.1386,290.7825,-155.5304
83.8480,191.7938,78.3455,239.7624,80.9743,255.4686,-88.9741,28.0257,-124.4675,-1.8942,-41.2635,48.9838,16.7334,74.0453,52.5315,-97.6980,60.4459,260.7024,-69.5660
92.7541,174.1856,89.2348,196.1723,128.0606,204.1714,-36.8252,36.1980,-103.9922,47.7739,5.2320,68.1809,100.5145,47.7605,94.9021,-73.7991,52.2426,200.8391,-1.2731
29.5087,131.8360,99.1098,149.0456,153.8948,147.8304,12.0315,44.0119,-59.5793,76.5462,35.2090,54.7604,138.7353,24.1889,109.5439,-9.3428,34.1890,150.8571,16.9362
-12.6025,117.1845,98.5567,143.7904,144.6371,124.4120,3.7937,10.8772,-17.6175,11.3269,27.3633,72.4637,121.9669,44.7087,92.7355,-2.0047,52.8982,125.2882,-15.3157
40.9911,121.3150,103.6898,158.8194,123.9190,122.2101,-39.8818,-21.2767,-48.4022,-70.2264,17.4801,117.3837,99.5887,95.6794,54.9040,-37.9561,79.9405,103.4630,-40.6183
124.1768,121.8875,114.4488,166.3234,128.1241,132.5083,-38.8028,1.5382,-107.0713,-67.7172,23.4853,138.2897,104.7074,124.4954,16.1603,-27.3484,90.9109,99.2604,-19.5310
147.2997,138.5175,140.6257,166.4508,169.2696,147.5897,12.4389,37.9435,-90.4903,-44.3730,50.2722,123.6748,140.0167,108.1147,30.4898,4.7284,114.5851,121.8326,17.5982
150.9847,128.6221,201.0833,138.2427,208.6393,133.7842,55.8892,39.7655,-34.7697,-94.9441,130.3236,63.3471,199.4926,63.8199,100.3119,-6.5155,170.2998,115.5690,45.9071
213.9725,59.4934,254.4558,88.5103,209.3777,95.2978,83.6035,45.9852,-17.8334,-126.1127,248.5314,-31.5714,249.8498,18.4109,136.3761,-11.2337,230.0747,61.5969,99.7034
300.1732,29.2323,260.4751,76.4136,208.7577,83.4005,136.3535,99.5529,24.6095,-18.4903,327.8814,-82.5019,263.4503,5.3784,122.1336,47.1439,261.8757,32.1775,195.2832
334.4694,75.5504,263.3842,100.0538,248.8427,100.2058,212.5752,173.5486,140.6198,124.9643,344.8801,-63.0910,273.6432,32.7215,138.0259,111.7733,271.8586,54.4965,288.5393
334.5227,89.0607,292.4572,101.2004,295.6327,104.4615,271.7651,229.0246,230.4664,164.9967,337.6843,-41.2978,310.3318,53.5040,171.6938,124.2186,294.4669,69.8809,354.3178
344.3611,57.3305,307.3555,90.5521,316.5862,99.6161,312.7313,260.3712,249.6328,148.9396,327.2154,-32.6099,340.7096,43.2247,166.1283,124.0407,352.8844,62.6400,415.8617
355.6610,73.6002,305.3861,107.2752,331.7692,109.5254,357.6812,266.2686,266.6265,135.3436,334.6584,-2.3284,355.2686,44.5218,196.4981,161.5084,431.4992,71.9612,473.0883
383.9531,117.0645,325.9198,125.2254,356.8106,125.0089,395.3736,243.8532,282.7514,91.3503,392.2506,23.9887,404.4157,78.1106,322.2091,206.0210,491.1506,99.7584,500.3972
462.4922,123.5524,366.2577,121.6405,402.2990,139.2688,424.5887,217.8437,277.0004,48.8301,478.4454,27.6070,488.8626,117.3720,429.1460,200.6327,514.0866,125.1744,513.6387
527.5341,121.8505,410.6272,122.6817,468.8039,152.2690,465.6004,224.6500,307.1988,63.5381,530.5984,48.4271,532.0809,155.0151,426.7210,161.0907,519.3501,140.9029,539.8091
509.8439,122.1197,448.9712,129.6830,495.1429,137.7225,479.8260,259.2336,361.3031,100.7552,521.5320,88.5311,496.0175,184.4248,376.0068,156.3241,518.4991,128.7373,549.7595
478.8566,85.1375,439.0314,114.5579,442.9865,92.2949,424.3734,272.9271,356.2581,144.7136,470.0784,118.5573,428.2526,179.6889,339.2759,197.4362,483.5991,85.2706,510.1947
488.5924,35.6701,371.7933,80.4809,380.6405,65.4068,364.4386,237.7284,350.0048,199.6970,417.3362,145.1934,385.6365,160.7871,322.3498,218.8470,408.6711,46.6637,451.5380
462.6268,26.0313,310.1632,56.1883,352.6465,76.2433,359.9607,183.8989,441.4753,194.7679,399.6881,162.4586,373.9288,165.4101,331.1946,184.0200,355.0996,32.5343,412.7231
388.7388,51.2405,284.2568,58.7542,316.9280,86.6767,351.3769,152.8757,537.1300,136.8755,402.9212,152.4081,364.0529,169.3440,343.2434,135.6747,351.1935,39.0136,384.6420
348.7548,81.0360,271.5384,80.0852,277.5049,86.0272,307.0588,143.5598,519.4863,141.8020,380.0381,149.5321,339.5475,156.3232,326.1666,118.6000,333.3799,77.7234,357.1581
314.4464,95.0043,276.6504,97.0169,281.3412,104.4484,295.2480,133.2270,459.9891,176.8938,325.4642,177.1561,312.5362,166.3344,303.7263,119.1740,278.4553,133.9226,341.5048
230.2552,95.9399,295.9253,101.9226,303.9384,137.5566,320.7322,119.3395,434.6512,129.4275,271.6179,201.2771,292.9552,188.8618,289.8589,111.6638,251.4379,157.1081,329.4228
188.1345,106.3529,275.0584,100.8920,304.1962,146.2762,311.6412,117.5871,382.3062,81.1420,236.7381,211.3332,278.1919,167.0011,252.4097,110.8275,251.7833,151.5793,316.0839
234.7098,112.4223,205.0498,89.5663,298.2615,127.5145,273.5609,148.5040,285.8617,146.0005,221.1582,216.3705,279.8198,126.8663,207.5217,134.3466,203.7028,168.9106,332.5935
248.2411,90.7283,157.4050,80.3220,302.4568,120.5143,264.8929,219.0978,234.4080,239.4610,214.0564,197.4931,309.5146,131.9921,199.8706,156.6422,129.2176,208.9363,376.6438
186.9276,88.5968,174.5383,101.8847,314.8154,144.2157,284.6228,281.9915,241.5312,256.0784,200.4469,168.2644,343.0020,156.7312,204.9383,155.2697,119.8019,234.6870,382.4062
144.3274,136.7953,215.8957,133.2887,327.7200,172.6672,294.5313,265.7117,222.6401,219.2751,189.2544,167.2961,346.7925,150.2805,184.9835,155.1721,162.0125,237.1013,319.4657
132.2871,170.1541,221.5661,135.7179,303.1304,181.0778,269.2998,190.1085,158.1265,191.9878,190.9375,177.0603,316.8887,139.3814,155.2934,173.2225,180.1141,221.3153,234.5459
106.3209,161.9657,184.2680,136.8290,228.9074,177.5872,212.7936,154.0237,98.8987,222.3575,168.3028,182.6393,259.3977,162.3620,124.0365,185.3169,170.7181,196.8864,169.2004
93.8678,173.9642,148.1562,167.4794,164.7917,173.5293,164.8176,175.2697,45.1271,295.8733,85.7926,218.7336,178.5515,190.2571,75.9388,185.2957,165.8408,180.9841,118.4778
103.5059,220.6318,132.8013,192.5359,135.7352,165.8371,128.1141,179.8775,-29.8414,315.9962,-14.2714,270.9933,95.3763,184.1743,13.7892,193.4681,165.7540,164.2632,56.3128
94.1260,259.4680,108.6536,193.9881,89.5598,162.5726,35.4759,149.5823,-98.1149,250.1948,-59.9142,284.0537,26.2738,166.3983,-55.0490,197.3678,162.8466,130.3741,-41.7641
77.4298,278.5805,67.9251,203.1015,9.5542,176.6945,-103.5754,120.3018,-133.1783,170.2439,-45.3385,268.3849,-42.0418,179.4159,-115.1389,167.6817,151.6476,106.9840,-147.3248
60.6527,279.6270,27.7739,221.2113,-64.6884,193.8442,-160.1919,80.8545,-155.9914,109.2759,-33.2143,257.6265,-115.1994,210.8628,-128.9153,115.6303,123.7913,114.5791,-177.7896
-9.8446,261.2894,-29.5564,222.4499,-117.1518,192.8602,-103.3941,23.5256,-167.5341,61.3899,-76.4602,242.0080,-170.3902,216.0043,-103.3749,73.0204,85.5213,119.3588,-125.0597
-111.6244,233.8201,-108.6328,201.4831,-156.1412,178.4941,-66.5721,2.8612,-163.7764,35.6045,-153.1535,213.1571,-198.2181,186.4054,-103.2460,46.1870,41.3730,106.2284,-88.9549
-155.5647,188.7720,-154.8467,161.6885,-184.4652,160.1246,-114.3754,37.7388,-204.9335,1.0993,-200.9388,165.7747,-213.0034,134.9643,-151.2336,17.5964,-18.1790,106.4097,-110.8619
-169.6528,126.5090,-155.0198,120.1664,-205.1055,133.8483,-151.4668,77.0836,-303.7908,-44.5842,-210.9732,85.6680,-214.7985,63.0024,-209.8333,-24.2015,-82.1645,117.9526,-121.4634
-228.7406,87.5395,-167.9529,97.9478,-219.2371,94.7804,-116.7853,98.7519,-333.4646,-10.9837,-224.3886,5.9594,-197.2814,-2.3356,-250.9018,-56.5286,-132.4895,95.0412,-98.9674
-269.2884,68.0423,-206.3455,65.9559,-237.3419,35.5739,-84.1123,112.3826,-216.9551,103.8038,-251.9109,-26.4045,-189.1247,-19.4753,-264.4406,-47.7529,-179.3043,21.8966,-107.0157
-218.6246,31.5996,-233.9624,-0.9162,-279.5582,-39.0597,-120.1407,94.1658,-55.2377,179.6637,-279.6675,-29.8161,-230.5224,-11.1635,-253.0447,-20.5765,-217.6447,-62.4412,-161.2884
-170.2390,17.1325,-255.0546,-50.6276,-336.2359,-89.9969,-184.2184,30.5034,51.4083,193.5270,-312.1607,-31.1744,-312.2574,-33.6163,-246.0735,-20.6149,-220.3199,-108.2605,-216.1697
-214.9636,44.4810,-277.3997,-57.6325,-384.0170,-99.6638,-223.2831,-32.8531,107.9770,199.9572,-340.2473,-22.5843,-381.2303,-78.4754,-256.8704,-24.7942,-212.4056,-111.7767,-258.7032
-276.3347,28.0698,-276.1996,-76.9188,-424.8740,-114.4008,-252.5873,-49.4273,107.8841,183.5888,-338.0235,-16.9983,-400.8419,-97.7737,-257.9946,16.2854,-243.0803,-111.6391,-299.0540
-277.3504,-34.7966,-265.5450,-106.1889,-446.3039,-146.5108,-286.7688,-25.0152,22.2267,144.3919,-318.6097,-15.0015,-378.9775,-79.3531,-242.2827,71.1934,-285.8050,-111.7721,-321.9136
-254.6569,-20.2427,-280.6914,-77.5580,-421.1990,-124.7563,-300.0232,3.0477,-106.0437,126.0124,-307.3293,31.8725,-347.2368,-36.9964,-240.6170,74.0130,-282.4645,-71.3091,-319.0378
-223.4294,76.0491,-289.7351,-6.1911,-373.5325,-33.8562,-299.3492,13.4787,-206.7970,101.7528,-291.7756,107.0287,-331.5754,12.9344,-266.9768,38.2933,-251.0170,4.3004,-309.7728
-183.2238,128.5986,-254.7004,36.8042,-334.0323,33.7727,-317.2391,27.9302,-260.0365,48.5942,-269.8946,114.2900,-329.0756,48.8506,-303.1677,30.8039,-248.2187,63.1920,-294.0497
-224.4680,112.2810,-218.2782,46.3227,-277.8492,38.1119,-322.0347,65.5680,-273.4564,21.5435,-263.8748,45.3023,-306.2337,63.7126,-323.6977,61.8488,-272.4094,94.2559,-250.0527
-344.9679,96.7654,-215.8405,49.8432,-203.9545,38.9606,-273.3911,89.3871,-274.7733,21.6990,-255.6275,-3.2392,-242.5207,68.4348,-321.4485,76.6000,-275.7579,108.4554,-191.9381
-343.5568,93.8963,-207.6093,45.3459,-161.6297,55.0536,-222.0668,71.5354,-301.5966,0.3148,-216.2038,9.8452,-168.0981,66.0298,-318.8672,62.1349,-241.7712,95.6149,-154.1339
-182.1040,69.3992,-173.9326,24.7112,-153.6931,46.6802,-217.2552,55.2173,-329.3009,-9.9234,-180.6917,33.2370,-128.9813,55.4620,-320.8884,83.1790,-206.9467,79.2436,-125.4463
-104.7133,26.1572,-150.8532,-5.6558,-141.4226,22.4484,-215.1865,61.2327,-292.9382,25.5130,-186.7016,29.7792,-132.2708,44.7915,-286.5942,147.9940,-196.7766,100.0522,-88.2596
-167.5112,12.3188,-141.0050,-15.4518,-117.1638,18.5078,-189.0399,36.1988,-204.7250,48.0256,-188.8069,22.1396,-150.2994,36.3637,-209.9323,151.8034,-172.7041,125.3727,-85.4570
-146.0913,54.8227,-115.5319,20.8720,-90.5980,24.1649,-189.4970,-30.3453,-142.5786,23.0173,-121.5624,26.5661,-154.4944,16.0007,-151.8549,64.4181,-97.0940,110.7088,-137.1162
-12.7159,96.2250,-90.0778,54.4023,-69.7404,21.6244,-221.9859,-68.8927,-133.5194,4.8604,2.7662,5.6247,-130.7873,-31.5235,-135.1195,11.0283,-12.7018,96.1690,-168.3713
55.3052,77.5093,-79.2613,27.7769,-58.9702,23.8872,-215.2616,-52.1493,-139.3905,29.8561,110.8829,-58.7811,-87.1969,-86.2455,-108.4979,49.0303,22.3599,117.0667,-143.3524
66.4606,48.1998,-39.3899,-0.9429,-40.4583,34.7505,-154.1619,-27.1314,-121.6373,46.4894,154.8796,-105.7572,-49.1961,-91.5128,-34.7014,76.8145,27.3856,127.8517,-133.1514
114.3678,57.9594,31.0822,32.3593,-21.5622,42.7356,-100.5699,-19.0307,-65.5242,-4.0360,158.4378,-99.2691,-33.1011,-44.7057,71.0899,44.5191,44.0578,100.3140,-144.3024
137.7411,54.1895,52.9917,62.5214,-48.7094,48.6775,-68.9557,-2.5138,9.4752,-65.2624,168.1954,-99.6552,-34.4170,-32.4479,160.2510,18.8397,54.9844,75.4134,-87.7278
107.8553,19.4906,19.4630,42.1938,-88.3510,57.8089,-13.1195,37.4858,52.8057,-29.3053,180.5692,-138.7844,-34.5658,-81.5278,182.4739,20.4514,36.2730,83.3240,22.9570
99.3971,17.8461,21.6957,38.4398,-46.4091,68.3192,69.5899,73.5414,51.5462,66.9953,165.7890,-156.6877,-5.1805,-95.2250,159.4403,11.1208,21.0660,101.0756,88.1302
90.9062,41.0212,72.0103,62.3411,46.4318,68.1144,141.1232,73.3156,65.0871,98.8920,136.2562,-123.3397,58.6644,-38.1678,172.8242,-0.8364,43.6744,84.0705,119.0105
53.9686,26.0417,94.9086,40.1420,84.0552,37.3547,202.8833,52.0911,131.1034,71.6112,127.6573,-83.2097,110.9836,-2.8398,230.6460,10.0004,80.4973,18.8256,178.6562
80.6575,-11.2091,92.8272,-13.6601,81.9592,-10.6775,262.5231,49.9211,201.9187,51.5452,147.4395,-68.7745,121.4135,-26.6220,268.3233,29.3110,94.8789,-40.1822,228.3755
163.9485,-28.3568,123.8784,-27.8193,115.3008,-30.2870,288.9133,59.6573,249.5432,21.0903,186.0989,-70.3948,136.2213,-49.7550,283.0573,37.9667,96.8498,-42.0256,231.4182
169.7212,-34.2387,169.7321,-23.7194,174.0167,-32.5779,296.5969,43.2070,337.2516,-15.8311,233.2592,-69.7175,192.1859,-57.0830,317.6094,29.1536,119.0183,-35.7592,245.9102
116.6489,-45.7690,189.9331,-53.6063,215.1323,-79.1319,347.8968,4.7445,488.7389,-12.9970,271.4388,-65.5755,239.6850,-78.0236,362.2540,-2.4681,165.0149,-81.2742,288.8875
138.4710,-72.7651,206.7687,-95.3113,230.4762,-153.7497,416.3687,-28.1816,603.9159,-1.5170,302.3196,-71.6182,243.7742,-102.4719,390.9325,-41.7475,217.7019,-131.5967,294.4820
234.4298,-110.0204,240.8508,-111.9406,235.4125,-178.6878,424.7459,-57.4863,602.7880,-2.6982,353.7131,-72.3156,260.7113,-108.5519,408.2362,-58.9227,269.5031,-143.5067,251.4909
315.9304,-110.5217,280.0920,-107.8682,266.6877,-153.5104,396.5981,-87.0150,530.4733,21.1639,423.3849,-35.5602,327.6176,-89.2927,416.2449,-50.2694,320.0919,-171.7963,220.3793
353.8957,-63.3716,325.5636,-93.2861,332.2702,-132.1662,384.4445,-102.8901,457.1554,14.3388,466.3325,7.3381,389.9341,-38.6071,418.7159,-44.5449,369.0226,-223.8401,227.2325
359.1612,-36.1219,371.3666,-71.9548,377.3601,-116.1321,364.2981,-111.1291,394.3615,-80.7902,454.9225,9.0904,396.7489,12.7298,422.6934,-64.4894,409.5096,-207.4070,249.8556
347.9239,-57.1507,387.4886,-54.3026,380.7067,-86.8652,340.4887,-127.8621,333.1869,-153.3194,402.6680,-3.7838,363.9764,13.4472,402.7566,-90.5455,412.4237,-114.2513,273.9976
325.6041,-89.3517,370.3072,-48.7537,379.2730,-60.3755,357.1675,-137.8021,273.8520,-138.5822,337.1196,-22.7809,326.7131,-21.7157,353.0872,-90.2104,354.0781,-51.0009,300.5136
273.6154,-124.5227,337.0385,-58.1092,364.1895,-50.7754,371.0239,-117.3974,229.0845,-138.7949,286.1650,-90.1732,309.3371,-36.9205,331.0142,-80.7791,276.1162,-55.6078,324.4377
217.3604,-157.5169,290.3693,-77.0163,312.4525,-57.2991,339.7429,-72.1515,224.6840,-162.2491,267.0808,-151.9794,320.6149,-25.6843,351.7741,-91.6900,248.8672,-69.6249,341.4199
218.9938,-151.3350,253.8794,-86.1743,276.2041,-77.3208,330.9666,-25.1938,252.2633,-110.7934,268.6675,-121.7771,332.1663,-19.9976,351.7096,-91.3810,266.3581,-64.8709,359.9426
253.3959,-119.9512,256.4824,-78.6320,291.6816,-90.8764,362.3408,0.2459,262.7505,-15.0595,269.5842,-69.1475,310.8047,-39.4978,316.1603,-54.4169,265.3135,-55.1381,379.3076
245.0690,-117.7173,257.3807,-81.2153,306.5227,-89.2281,358.6814,-6.1783,246.7219,41.8177,266.4300,-84.6612,274.4055,-76.4061,295.9368,-25.4950,231.5636,-45.5597,372.6590
199.0771,-144.7988,211.9016,-109.4583,278.7274,-99.1305,328.7650,-24.0167,229.9644,67.7690,252.8740,-116.3676,251.2110,-90.0054,290.8932,-27.8545,197.3665,-45.0457,333.5629
153.2024,-167.2244,169.7168,-125.5475,229.0065,-114.1720,314.4869,-26.1371,196.4124,65.2080,201.1727,-123.3546,224.5365,-49.3597,259.4528,-33.5679,175.8113,-54.8952,296.0526
105.1096,-163.3370,175.7350,-94.7103,186.5366,-90.3069,257.7817,-24.0132,129.2477,16.3627,105.4391,-138.1263,182.5456,9.5341,202.3796,-44.3933,168.4645,-47.5248,259.1866
63.1223,-127.2218,175.0822,-54.2727,160.5099,-48.1068,146.8293,-43.5678,73.2310,-44.0494,12.6281,-140.0306,153.5998,31.5434,140.2381,-56.3141,177.2342,-22.4394,187.0146
41.8189,-99.3270,128.9246,-58.7008,136.7243,-48.0028,79.4861,-69.3545,62.5656,-91.6936,-34.0552,-115.6904,140.2923,16.3772,81.1567,-26.2651,170.8846,-18.3621,111.1587
14.8161,-119.4547,86.6272,-88.9256,91.7174,-72.5859,69.5743,-69.9688,70.4831,-129.3464,-55.8400,-118.2600,100.0252,-7.1048,48.8750,10.4252,118.2308,-32.8096,91.2451
-30.4922,-138.5499,68.6669,-93.2183,33.6110,-68.5413,48.6020,-57.0089,68.5356,-130.5133,-94.7519,-128.0658,24.6256,-24.6216,52.4332,-32.8819,56.4950,-31.0590,92.5643
-59.4942,-113.5200,34.8297,-75.8279,-12.2933,-51.3686,16.3039,-61.3415,52.8293,-85.5025,-139.1279,-92.4977,-41.1769,-35.1926,34.1755,-114.7547,32.3939,-33.1457,48.4538
-55.2854,-97.9026,-7.6506,-71.7488,-46.2179,-62.8729,-20.8780,-81.5019,36.1424,-19.8579,-149.4537,-72.9145,-71.7968,-50.5165,-50.6905,-136.3500,12.3013,-78.2488,-31.0440
-50.3399,-110.7186,-21.0490,-87.9961,-76.5999,-97.9396,-89.5121,-105.2684,52.8677,36.0869,-132.0569,-110.0106,-83.4373,-82.0235,-134.5780,-124.0742,-43.8906,-135.7617,-110.1283
-90.9377,-99.2092,-33.0193,-116.1891,-109.9355,-128.0370,-143.0591,-137.5421,93.5305,9.1213,-128.8048,-128.2310,-97.5632,-119.6093,-139.9209,-143.6486,-87.0164,-152.5212,-168.0150
-169.9011,-82.0796,-78.3341,-140.7793,-155.4698,-134.7692,-137.3012,-173.2974,66.4813,-138.6114,-151.0430,-110.3117,-127.5789,-147.3591,-131.4695,-179.8008,-66.2269,-136.2472,-178.0160
-196.1341,-108.8534,-112.1256,-136.0110,-183.8480,-118.8820,-146.0085,-200.4980,-75.2715,-286.8028,-175.1316,-108.5847,-170.6161,-157.6608,-210.4874,-215.2218,-33.2367,-123.6793,-170.1584
-113.4847,-135.5827,-93.2254,-112.3230,-153.7110,-108.9295,-214.2058,-228.9480,-254.7683,-322.9792,-191.3697,-106.0640,-196.2808,-147.4020,-327.5779,-255.4489,-57.6707,-125.2037,-222.0632
-17.0917,-130.8027,-70.9086,-117.0760,-107.8930,-128.9805,-270.1971,-253.7071,-389.5406,-303.9828,-212.3935,-92.4993,-190.6042,-133.1618,-380.1646,-268.9160,-123.3395,-134.2211,-308.4462
-31.8910,-153.2829,-103.1632,-154.1019,-129.6339,-156.3694,-284.4433,-243.2094,-471.8978,-298.9266,-242.9712,-119.0065,-197.7711,-134.8913,-389.8875,-244.8240,-185.9998,-142.8544,-335.0036
-142.9951,-211.5469,-172.3898,-176.0289,-218.7994,-153.1774,-309.5784,-216.1331,-507.8042,-297.9529,-280.0202,-166.5285,-256.9955,-136.0094,-410.4396,-230.8139,-242.7339,-146.4146,-321.6593
-247.7845,-238.1873,-234.5073,-164.0098,-312.5079,-129.0202,-358.4830,-225.0642,-496.8435,-294.2903,-331.2707,-174.5345,-336.2517,-127.2317,-414.2260,-238.3314,-300.9015,-156.8885,-351.1046
-301.8332,-231.4518,-279.0174,-153.2199,-375.9398,-134.0839,-405.2890,-247.3286,-463.5489,-265.1414,-394.1898,-171.7041,-389.1030,-147.2073,-397.4202,-226.5903,-357.4162,-186.4271,-408.8931
-349.4320,-249.6458,-316.0688,-185.2161,-417.8838,-184.6189,-443.1197,-232.6436,-429.2705,-209.0450,-435.5064,-203.8261,-416.7570,-203.7422,-407.3281,-191.6016,-413.9061,-217.0753,-441.6671
-429.3399,-296.8212,-353.8622,-252.3340,-468.7552,-232.2355,-468.2214,-218.8365,-392.0973,-225.4898,-442.2118,-248.9928,-436.5797,-244.3585,-425.2509,-173.1311,-465.3819,-233.7865,-463.5658
-485.2822,-329.5122,-403.9145,-295.1736,-544.5709,-241.7907,-487.4717,-252.6174,-360.0933,-323.4262,-459.4948,-275.2387,-465.9442,-252.0294,-408.6694,-188.5393,-501.6053,-264.2981,-505.8017
-461.5356,-328.1381,-480.5167,-287.0557,-621.0364,-247.4670,-528.2916,-289.5745,-351.2503,-341.2361,-521.6077,-271.8710,-533.8647,-260.0697,-391.5365,-210.5070,-531.0821,-323.5050,-560.4201
-447.8296,-306.5490,-574.5590,-274.0565,-673.0125,-272.1405,-590.2336,-288.0832,-367.1289,-256.8555,-597.9828,-257.0878,-626.5285,-272.6089,-408.2355,-211.3427,-561.3650,-365.6233,-600.9550
-534.0713,-287.8144,-647.7425,-281.4736,-697.7733,-279.2514,-639.7812,-276.6537,-404.9844,-221.1169,-653.2714,-275.9340,-671.5045,-266.7574,-441.8622,-209.8868,-583.3852,-363.2039,-612.1559
-628.8651,-292.4171,-678.9810,-286.6640,-687.9003,-267.3530,-662.4591,-274.6387,-475.4765,-240.9546,-688.2863,-310.7035,-645.4055,-243.9372,-493.3727,-229.0293,-611.5477,-361.4236,-615.6551
-648.9711,-327.8111,-690.9286,-303.5039,-655.1485,-285.2719,-672.4788,-267.0525,-574.8572,-236.1005,-700.9459,-293.2988,-604.1561,-227.9314,-564.2325,-236.0372,-671.7450,-384.2921,-638.3171
-671.4041,-369.2600,-703.6589,-345.0171,-643.2114,-321.9769,-679.6570,-251.6967,-651.9767,-255.9329,-688.7638,-254.8398,-574.9745,-238.1152,-606.4146,-210.5436,-733.2689,-387.2375,-649.2295
-728.9689,-371.9183,-707.2192,-354.5263,-658.1873,-326.5199,-670.0329,-240.0874,-652.7983,-322.4546,-675.6534,-266.9767,-542.0085,-259.7645,-586.7540,-200.3354,-736.0237,-358.7470,-621.5021
-745.8990,-329.1476,-701.2372,-313.4607,-662.6044,-306.0405,-633.2103,-252.4335,-609.3813,-347.6724,-665.8259,-272.1688,-519.2489,-249.3414,-534.4393,-225.4478,-680.1245,-344.2699,-615.3858
-714.9985,-280.7454,-693.1935,-283.6769,-643.4160,-283.3506,-608.6778,-306.4668,-614.2443,-339.4896,-629.7274,-198.1185,-518.9233,-209.9125,-506.6280,-250.6125,-624.6323,-344.4757,-678.9541
-665.2590,-243.1578,-663.5652,-272.3426,-614.1671,-256.2744,-644.2756,-371.8528,-684.8929,-380.2775,-573.4388,-114.5833,-517.6658,-200.1765,-542.7693,-284.4440,-610.5943,-322.0152,-751.8567
-572.6789,-198.6766,-610.5178,-239.6200,-596.0591,-248.4061,-709.1786,-404.8112,-752.4482,-451.3996,-534.2480,-96.4040,-524.1941,-225.9915,-609.9205,-348.5459,-612.2233,-283.5645,-767.1791
-477.2570,-154.0984,-576.6590,-206.0826,-608.7479,-258.7542,-741.4250,-421.3378,-788.9424,-494.6465,-521.2565,-104.4936,-569.1854,-225.9155,-637.9735,-390.7012,-568.4460,-242.3816,-735.2881
-466.6884,-134.4282,-571.7427,-187.0697,-618.3591,-219.6784,-735.8675,-436.6028,-810.6058,-501.6122,-540.1346,-99.3227,-621.6579,-185.3268,-641.2160,-368.6544,-480.8788,-181.7919,-679.2780
-520.5075,-144.9861,-559.2117,-157.8733,-575.5605,-146.0076,-699.0748,-411.3704,-786.4008,-480.6055,-599.1579,-108.6561,-633.6965,-157.9682,-660.6940,-321.9951,-442.9926,-123.5469,-610.4973
-571.1177,-180.5904,-537.1454,-154.9264,-525.6575,-151.8480,-629.9636,-349.3097,-694.5412,-459.9050,-645.1433,-149.0117,-611.7004,-177.0788,-634.9636,-289.8348,-506.7442,-110.5150,-561.5143
-592.7301,-220.9594,-528.2214,-213.8972,-524.1633,-225.2624,-576.3137,-310.5857,-596.8779,-448.1329,-614.4490,-188.3300,-562.8912,-216.8103,-531.8537,-267.9876,-588.2858,-119.8845,-541.9709
-557.5337,-231.1032,-516.9601,-262.0893,-510.8177,-243.6003,-560.2225,-290.6064,-533.3782,-380.3561,-537.5213,-199.7420,-478.3148,-232.5864,-450.6042,-246.1961,-590.3965,-118.3685,-510.2716
-488.5669,-211.6067,-483.8227,-248.3045,-435.9995,-217.6980,-507.9161,-243.9526,-461.2298,-251.9405,-468.8263,-199.6384,-387.8398,-215.6308,-423.7396,-222.4374,-526.4261,-128.9143,-448.5916
-458.7503,-191.0838,-438.4641,-221.6280,-358.8635,-234.4244,-391.7104,-191.8966,-371.9958,-185.7283,-399.2351,-203.3407,-319.8997,-196.0719,-369.9670,-210.9066,-454.9899,-150.6765,-390.3988
-433.7920,-174.1244,-382.3517,-207.1015,-316.3934,-252.7267,-291.3560,-163.6333,-312.2831,-224.2644,-329.6268,-180.9812,-255.3525,-184.9132,-289.9992,-210.8336,-390.3674,-144.2004,-338.1923
-349.2568,-167.8035,-315.1228,-200.6492,-278.1848,-215.4549,-232.0114,-131.4826,-262.4089,-253.3332,-283.7368,-119.6363,-190.4621,-163.3158,-224.1848,-169.5388,-317.8202,-127.2697,-240.5178
-268.9415,-188.7395,-251.7307,-228.2454,-229.4809,-189.7372,-158.9306,-97.8568,-161.2450,-209.7953,-221.5258,-68.5041,-146.3571,-134.8015,-128.3009,-84.2895,-223.9375,-143.2511,-89.3823
-198.0778,-201.9214,-181.0745,-256.6645,-161.1040,-212.1583,-69.9879,-108.2890,-32.9170,-152.2505,-99.8561,-54.4778,-101.9800,-113.4442,-9.7544,-52.8358,-102.1034,-171.7447,46.9310
-17.5466,-165.6358,-77.4133,-213.1505,-59.1236,-207.7346,9.0100,-143.0377,53.6440,-113.4866,39.6108,-49.1802,-17.0034,-92.3330,54.5297,-93.0367,32.2966,-175.7861,131.2561
211.7868,-111.9449,45.9526,-137.1311,58.9151,-152.8368,96.9930,-136.7041,100.1859,-70.8048,161.0353,-38.1495,108.0613,-77.1360,104.3208,-102.3856,147.9951,-155.3223,210.9111
301.9426,-74.4979,163.8688,-102.9612,182.4598,-106.7519,196.5538,-91.2402,159.5117,-41.2918,277.6378,-12.2581,238.7498,-67.3229,214.3007,-64.2734,235.0420,-117.4224,324.4202
304.4850,-34.0957,270.1321,-76.3768,303.5878,-76.3333,278.0162,-56.4040,255.7482,-53.0972,366.5670,44.4665,323.9092,-20.9666,324.9946,-41.5678,313.1908,-79.1985,437.3064
380.0588,8.5465,347.1553,-22.8563,372.0728,-28.8848,338.2106,-47.2030,364.1573,-55.1051,408.8303,88.7730,339.6650,51.5691,381.0508,-19.1112,399.6978,-67.2769,500.4119
476.6092,32.1946,383.2953,8.4146,391.6043,9.0444,385.1748,-55.4228,439.3640,3.0073,451.0327,73.6921,343.1271,69.4306,428.3128,15.9764,479.3762,-71.9767,506.5980
490.3671,42.1437,406.9610,-4.7706,434.8426,-2.3037,421.8413,-75.9811,473.5871,49.7372,492.5521,47.3807,391.1494,36.6241,481.9308,14.7198,519.1646,-76.8698,483.8660
477.5048,31.3315,437.6014,-32.6231,479.7878,-39.4585,468.0290,-84.0891,516.8158,6.2950,481.9553,54.8630,450.5497,28.2516,522.4741,2.9447,523.3179,-100.0672,469.2314
508.6796,-7.4067,465.7949,-63.3408,468.1773,-65.9366,523.4781,-60.3540,591.9020,-61.5983,474.3873,66.4028,491.4630,30.4283,571.0616,35.0393,536.1038,-129.0803,472.5545
563.1503,-25.2010,500.3655,-84.4767,468.4551,-82.4517,561.8824,-40.9387,651.6933,-62.3090,548.7676,78.1075,539.5240,6.5121,623.7299,60.2208,572.6595,-115.2546,477.1645
617.0597,9.6648,549.0761,-69.0140,524.3378,-83.5738,597.0659,-65.1329,677.7314,-14.4259,629.9935,101.7457,576.8429,2.6780,646.1296,42.7937,613.1745,-69.2859,493.4871
677.5281,60.7045,592.2625,-19.6770,560.0443,-49.3216,646.4636,-101.0257,708.5690,37.4450,637.2013,100.7680,573.5044,23.5441,646.9449,24.5115,664.5908,-35.4933,548.3748
743.5844,102.6512,633.2275,33.5475,588.9460,-2.6511,672.7436,-95.5669,739.3077,72.9965,635.8210,84.8752,587.7537,8.8002,645.2177,-2.5546,732.8041,-1.6523,625.8438
777.8229,120.5378,690.1559,58.7112,682.7043,14.6598,677.6754,-47.2724,738.1737,65.9124,664.3134,97.3033,655.6600,-16.9835,666.3182,-33.9322,763.8164,51.6001,696.3007
742.9584,81.7083,737.8677,45.1095,760.6348,23.0337,722.4572,16.5356,737.8876,41.4161,665.8589,83.1622,704.6729,0.9002,758.9875,12.8284,733.7929,93.3742,756.4230
705.6072,32.4977,751.8376,34.5083,751.3580,63.3224,782.3210,65.1947,761.3583,43.7908,666.1666,6.0627,697.9413,21.6833,865.5859,97.8116,728.8156,105.3659,786.7991
772.3027,61.9290,759.1192,63.6753,753.0157,104.2013,772.1083,69.3016,748.6669,33.2974,737.3036,-40.9278,690.0618,5.9443,844.8885,79.9660,797.8365,111.2773,763.8882
879.0367,120.5491,779.5994,88.9420,804.4222,97.2841,723.4724,52.6161,685.8514,9.7148,822.7581,-37.3100,712.7115,-25.6211,736.7799,3.9284,840.6926,125.8350,723.9492
874.3967,101.3453,797.1141,68.4289,817.6731,65.5126,730.0405,74.9546,654.7936,69.9423,835.6541,-78.2697,756.0468,-75.3977,713.9804,11.8166,779.5457,135.7824,708.0547
784.8741,42.7668,801.5704,40.2632,790.1704,46.5396,766.1897,115.4274,672.6236,170.9345,803.7983,-146.1190,799.3336,-133.1695,765.8725,72.6621,690.9034,122.7368,692.9236
731.6001,28.6090,783.5327,35.4664,779.6365,35.0979,746.1222,100.6800,664.1454,167.0434,774.7981,-156.1625,799.8512,-141.5421,765.3448,98.7554,648.6749,96.8032,656.1130
699.9960,31.0909,733.4697,34.6342,771.4318,31.7007,680.4939,50.3155,614.1509,114.1885,741.6543,-145.4353,754.9360,-111.6596,729.2643,100.7447,611.7274,99.5976,616.2378
626.3718,12.3803,683.1941,37.3255,747.6385,50.5318,632.9622,33.4065,574.5005,133.9652,703.3318,-158.5845,715.2464,-104.7784,717.5955,80.7275,554.8094,134.6756,587.4008
547.7816,5.3738,665.9817,58.1883,715.7935,79.4620,609.9880,42.8141,553.8694,157.2936,663.2240,-152.3338,668.7921,-95.7539,675.0243,37.0339,521.2971,153.1535,577.2219
509.4037,25.3294,653.0515,87.5268,658.0046,108.8902,587.0944,58.6913,526.0959,147.2309,608.4376,-131.3106,574.4214,-41.0680,564.3271,35.5812,503.9346,156.4405,583.3538
477.4490,46.9071,606.2600,116.7592,591.6183,148.2910,569.8422,110.2190,488.4458,206.7147,551.4683,-132.6030,492.1418,15.1766,449.5210,78.8374,452.1318,194.2856,567.4081
415.6588,60.0248,535.1503,139.5624,565.3414,182.1083,564.7528,180.3998,450.3829,293.2988,505.8150,-110.6871,479.9985,38.3855,377.3720,87.5066,377.3064,244.7691,517.5764
347.3008,71.9955,459.3393,144.1141,555.6976,190.9102,543.4422,212.0417,425.7277,274.0828,444.1826,-35.6397,474.9060,63.1640,337.1833,74.0204,316.3626,250.6393,485.9725
305.3391,92.5738,388.1449,150.4401,513.3790,196.4560,489.3115,225.9604,442.8230,216.9926,363.5548,27.1735,422.9485,105.1635,317.3037,98.3257,272.4535,232.5037,485.7103
263.9223,123.0833,337.1526,180.6344,442.2730,213.9738,436.2404,271.7859,511.1313,237.6945,305.2007,33.0172,349.0711,138.3866,301.0036,129.2735,257.3393,224.3043,460.1501
191.7825,143.9530,302.2521,201.4560,350.9335,224.5340,412.5038,314.7515,581.7463,278.4312,274.5455,12.7767,267.2690,147.4658,256.6909,138.3772,271.8178,200.7268,385.5449
151.2289,148.7022,259.1163,186.8723,251.2796,223.2430,389.6010,303.3583,564.8383,280.2497,242.9258,13.4412,195.9653,141.3304,178.3022,161.9886,257.3912,157.8815,285.1405
199.7661,163.9404,214.1915,173.6152,181.5664,217.3396,328.6334,261.9217,415.7233,290.5889,201.6392,63.0955,167.9419,143.6843,94.1597,189.0630,192.5983,133.8259,180.6828
246.1327,200.3251,182.1714,194.8191,133.9765,206.8588,234.3822,229.3849,212.2143,314.7889,143.0383,145.0666,133.4106,161.7794,23.6017,171.6196,144.2254,134.8107,98.5075
185.2856,238.6513,134.9053,238.9513,63.4679,213.4254,128.1648,190.8499,72.9114,286.4641,62.9504,209.8298,27.8912,167.0890,-42.8523,121.9803,130.5048,148.0766,30.6461
64.3197,266.7724,55.3613,275.8613,-18.3696,246.1857,7.4010,125.9566,-1.8983,185.0351,-3.2918,244.1859,-93.9569,150.2423,-110.6910,75.2996,87.0731,167.9710,-81.8268
-30.6946,275.3259,-19.0432,270.2196,-79.3671,250.1871,-133.2616,71.1242,-92.8804,85.8815,-40.0137,261.8526,-169.5305,140.5283,-169.2002,44.6017,0.9375,159.5567,-226.4651
-90.6271,247.3898,-75.8189,214.9232,-134.3018,190.0110,-264.2496,80.3207,-206.2860,86.3479,-101.3254,247.2954,-232.3096,141.3452,-227.5506,48.0017,-86.3293,96.3792,-302.0667
-140.5753,180.7106,-157.3628,149.0187,-201.7186,113.8567,-338.5150,140.9083,-293.2931,170.9915,-219.2169,191.2073,-296.0902,132.6571,-298.1717,88.9575,-175.1050,23.4930,-285.7084
-231.1557,91.5817,-261.5797,94.6091,-276.3027,60.9484,-351.9486,191.9178,-348.0915,224.8824,-343.0084,127.5442,-327.6163,120.7713,-345.6181,137.8970,-279.1208,-11.0888,-255.0881
-381.4874,16.2564,-331.7749,43.7716,-345.6530,20.9365,-353.4712,217.1911,-376.3718,210.8420,-419.6941,93.6099,-341.7875,115.9566,-345.1450,168.3331,-370.7000,-30.4858,-249.1588
-483.6911,1.9367,-372.2806,17.1901,-392.4684,-0.4779,-376.3704,239.9369,-370.3979,193.6555,-452.0335,96.9591,-365.5627,115.7106,-347.1624,163.3337,-424.3090,-70.5126,-255.8450
-476.3033,35.1744,-440.6289,23.5864,-421.2248,-2.3146,-406.9984,254.5895,-361.0344,213.2668,-468.1830,110.5091,-389.4529,120.3057,-382.4300,125.8823,-456.1742,-115.8088,-277.6704
-495.4452,32.0277,-530.6469,4.3758,-450.1718,-27.4230,-434.2143,248.4306,-382.9256,264.6084,-491.1477,101.4992,-417.4608,113.1350,-400.8155,110.0671,-511.6019,-128.9773,-318.9056
-601.6149,-35.9008,-588.6840,-70.7267,-466.6254,-87.5596,-466.2464,235.3529,-415.4341,304.2303,-525.0542,84.5304,-452.2658,83.2167,-384.4720,153.4836,-616.3337,-103.4678,-376.4029
-638.5227,-97.9646,-607.7986,-135.3812,-479.4752,-133.3695,-501.4740,218.7031,-437.4060,255.1143,-554.5744,85.3701,-474.6509,64.1876,-391.9767,196.2400,-707.4949,-69.3142,-443.2289
-560.7321,-102.5464,-610.2297,-128.8612,-534.9520,-131.3354,-538.3521,190.8938,-458.8658,139.7650,-577.5352,78.2879,-504.9763,61.9630,-449.8504,165.7944,-692.4420,-47.6222,-489.9974
-524.3403,-71.2311,-600.3149,-75.9703,-596.4445,-88.5768,-584.4503,160.3751,-475.0007,82.9468,-615.6513,53.0041,-567.6979,35.0042,-517.0428,88.2838,-612.6354,-26.4538,-508.6341
-573.5186,-35.0210,-590.3509,-29.8506,-584.3412,-29.7926,-622.6668,126.6442,-478.5112,103.2341,-668.4980,45.4181,-616.5931,4.1491,-552.5827,39.2466,-593.8785,-2.6727,-537.3130
-608.5698,-6.4541,-600.1624,-6.4569,-547.8973,3.3086,-628.0098,89.3039,-488.7019,126.7768,-701.2030,40.5122,-623.1187,14.5281,-556.2370,40.7374,-637.0985,5.3914,-572.6859
-612.1258,7.4084,-624.3242,6.9082,-578.9195,-6.6049,-622.2631,75.2307,-513.6986,148.6708,-703.3383,4.7369,-631.0192,21.2406,-566.1332,49.2666,-650.7635,5.0263,-566.0432
-630.4451,12.7443,-650.8085,16.8308,-638.0974,-17.8272,-639.3530,77.5095,-544.2003,160.4395,-707.5702,-16.0474,-648.7501,-5.5757,-610.0150,21.7728,-631.3260,20.0201,-536.8063
-663.6356,23.2993,-670.1044,23.0373,-650.9319,0.1705,-665.2883,50.9097,-588.6036,110.5136,-725.0463,3.4128,-642.1996,-8.8183,-661.9426,-23.8442,-625.8984,44.1042,-545.3067
-696.0125,37.7639,-666.8573,35.3058,-629.0062,19.6674,-672.9844,16.0819,-650.1721,36.5144,-720.7267,6.7462,-623.3550,7.2675,-698.5898,-38.2394,-615.1201,64.1764,-575.0032
-706.0344,40.0659,-659.3030,50.9679,-610.0035,20.6548,-662.1470,21.6503,-700.8295,3.7681,-683.0840,-13.9698,-609.3156,-14.9432,-731.3866,-24.2497,-574.1367,84.4293,-573.4868
-673.1410,24.8991,-678.5670,46.7346,-608.9994,26.3806,-633.2884,26.0974,-713.5655,-10.0018,-648.7502,-22.3218,-576.8109,-37.2630,-734.0534,-34.1522,-533.1646,97.4760,-545.9050
-625.5412,22.0048,-681.8125,36.2272,-605.1872,52.1578,-586.5655,-18.9142,-690.8591,-22.0326,-624.4304,-29.0721,-526.8062,-13.9665,-672.3124,-85.0039,-501.7320,94.9198,-527.6876
-578.3710,64.5248,-610.2927,58.7012,-546.0626,73.9079,-552.9333,-69.7600,-668.1864,-33.7714,-571.3058,-10.2461,-488.8472,6.3636,-606.1584,-129.8364,-448.3540,89.0985,-534.1640
-488.0429,122.7693,-506.1686,87.5977,-448.8810,59.7805,-565.3832,-94.3624,-678.9277,-76.5318,-490.0195,84.4506,-468.7253,10.7615,-600.3405,-117.5483,-376.2047,75.4744,-549.0841
-368.9071,135.2259,-432.0586,70.4287,-398.8383,21.6517,-600.9230,-117.6407,-689.9827,-105.7730,-424.7728,173.3527,-461.2680,36.5619,-611.6461,-60.9329,-324.2546,39.2912,-531.4363
-302.9994,105.2021,-372.6537,36.6134,-392.8600,11.4442,-599.4201,-127.2810,-644.3333,-79.3705,-387.1277,153.2546,-454.9375,52.4944,-594.8612,-24.3532,-301.0772,11.9561,-468.6240
-294.7058,77.3102,-323.2134,33.2609,-368.0504,39.9809,-536.3864,-95.7301,-566.6379,-106.4774,-359.1767,94.6728,-419.1531,36.8180,-561.6550,-30.5378,-288.1438,28.2760,-399.8617
-292.1372,51.4529,-313.1585,32.3613,-332.6040,52.7182,-441.4261,-55.1734,-503.3405,-197.4593,-333.7001,87.0956,-351.2565,43.5553,-486.7818,-36.2620,-285.6030,54.1659,-347.8438
-287.5834,18.1624,-306.1537,10.1696,-290.6217,25.6560,-346.9888,-39.4175,-419.7777,-172.7577,-300.9198,89.2460,-282.5789,69.6122,-354.2647,-24.2669,-286.9568,45.5610,-287.4659
-260.3483,7.8356,-256.7632,0.7212,-206.5410,-0.6014,-252.2477,-33.5529,-293.0972,-51.5720,-254.0658,71.4475,-220.3391,58.9244,-240.5494,-15.3149,-250.6185,25.0965,-195.4027
-183.1169,16.2449,-209.4661,7.3765,-124.7595,-8.7462,-144.7846,-17.7782,-175.3563,-12.0409,-206.7967,60.1207,-164.9574,29.8885,-180.3325,12.4009,-172.7606,30.3257,-71.9130
-127.7615,-17.0769,-197.3743,-13.9213,-100.1194,-24.9151,-26.6094,8.3297,-67.9988,0.7701,-156.2290,40.1794,-136.0822,16.4288,-102.4339,72.9516,-113.1008,45.1673,58.6237
-148.0917,-86.6375,-170.7518,-60.3553,-83.7925,-51.0050,85.1616,22.7903,80.4573,60.5632,-88.9700,7.7025,-118.3101,0.9693,4.9172,86.4102,-77.8609,33.8366,144.5591
-129.3202,-101.6820,-107.7538,-75.9605,-55.5381,-63.7462,169.0499,-1.7295,240.9760,23.0015,-29.7498,4.6065,-76.1188,-9.3545,81.2962,1.1975,-4.9521,-1.7371,171.3086
18.7248,-52.4335,-48.0442,-56.5018,-55.4235,-64.3911,232.2001,-35.3948,362.2474,-78.9231,12.5625,18.8242,-26.6387,-2.8636,157.9043,-82.9592,87.6873,-38.7682,202.0164
179.3781,-52.3226,0.0802,-75.3012,-37.2277,-79.4889,315.2391,-21.2497,473.5335,-13.9501,86.7059,5.2982,11.1954,-18.3669,305.8795,-58.5652,126.2572,-75.2050,277.2156
240.3684,-135.3119,65.9255,-147.9017,54.4711,-116.2461,418.7958,16.3972,582.6198,152.9357,199.3412,-27.5308,83.2620,-54.8132,474.4554,26.0096,154.7389,-105.9450,350.2074
272.1161,-175.9382,159.9499,-165.4300,169.6213,-132.7518,487.0627,16.8791,627.9955,191.9096,298.1672,-59.7369,223.0717,-63.9769,571.6761,59.3551,256.7886,-95.0630,381.1986
347.2956,-111.4538,269.3274,-80.2638,286.2377,-92.9227,515.0399,-6.5663,603.4762,122.6141,389.0830,-83.3941,389.5845,-60.0141,617.3229,33.3867,372.1039,-41.2537,399.0529
417.0455,-49.3960,366.2398,-16.6592,428.5727,-44.9932,563.6063,-20.7687,575.1520,32.5497,506.5534,-75.2489,528.5255,-69.0726,681.2891,25.0085,416.8133,-15.0780,436.4858
452.7272,-51.5006,425.1512,-42.2932,530.1438,-47.8059,634.3022,-37.0091,584.1413,-83.1533,601.6732,-44.0793,615.1622,-51.0322,757.0781,56.2264,450.0680,-53.0342,489.1575
502.2534,-38.0773,454.9102,-46.2281,536.9849,-53.8522,670.3342,-52.3266,623.1268,-149.1555,622.6368,-25.4145,640.2845,1.8654,782.8909,62.8537,540.4134,-93.9007,549.4633
580.5097,16.8612,487.7698,17.5836,530.3362,-6.5201,673.9901,-50.1812,642.8293,-133.2652,620.0074,-11.2724,624.5918,32.4171,740.5041,15.1108,636.8338,-82.5407,610.8846
653.7184,37.3812,549.4970,49.1850,571.4169,39.7038,682.0143,-56.1087,592.6897,-166.7151,659.3813,3.2467,625.3655,28.4147,688.3102,-28.2447,679.1373,-43.5689,643.6595
706.5120,9.0096,642.3119,28.4854,626.6493,36.5679,692.6889,-87.0825,526.7841,-239.5420,733.4558,-10.5668,676.9843,22.2184,695.6434,-26.1673,673.4373,-19.0223,631.5797
738.0048,-22.9701,727.7212,23.2787,684.5590,24.5914,715.2094,-108.1242,550.7176,-176.0410,797.1522,-29.3049,741.3207,14.8914,754.0569,-5.9909,631.6989,-12.0027,615.1464
747.8905,-52.6819,768.1250,20.2357,747.4043,17.7078,769.2929,-98.2145,636.1302,-6.5683,815.2242,-15.1660,762.9705,-3.5182,791.8095,17.4457,574.1945,2.4101,627.3931
753.4467,-68.4162,794.7394,-5.8113,781.2604,-3.7798,810.8667,-77.8717,671.0159,73.6473,800.9266,-10.5485,759.5879,-23.0975,783.6957,55.1948,563.1166,40.1785,627.6794
766.8636,-41.1826,847.9681,-2.1912,785.7380,-1.8181,797.7327,-62.3140,649.7614,38.9092,812.8049,-39.0671,787.3389,-33.8848,774.9262,84.3448,630.1616,73.7835,588.4977
782.6384,-4.1856,889.8508,39.9149,796.6491,40.3090,771.1993,-48.5885,631.6018,3.6183,859.1700,-45.2534,835.3792,-32.6129,783.3837,75.7403,712.6360,69.1876,563.8434
803.7834,0.8890,887.7115,58.3470,817.4149,60.1808,754.6633,-34.8545,616.6008,2.0872,874.1646,-24.9080,854.5881,-24.9576,774.7419,42.5977,729.3672,53.5169,568.6260
824.3635,-0.2615,886.4590,39.1467,833.6357,45.8292,704.1099,-28.3768,590.8005,-24.3861,833.1602,-26.0650,854.1054,-18.2612,743.1719,8.0389,686.3889,65.4193,538.6987
817.0507,6.2294,898.3560,17.2836,832.0480,48.4612,631.4615,-34.2931,569.2374,-94.6157,780.4163,-32.9556,855.0936,-1.6984,712.7396,-17.1139,650.5098,77.7087,491.2105
780.6573,-2.6588,862.7187,14.9218,788.0193,56.9150,599.0256,-33.4111,549.0657,-129.7283,736.4908,-17.3108,815.3698,25.6349,669.2840,-20.8539,650.1038,53.1411,510.1272
740.9811,-4.9647,768.7751,39.6204,699.0016,41.2743,580.4772,-9.2520,516.3644,-85.4292,691.1348,4.7712,708.6575,41.8616,588.6242,-5.4849,671.0148,1.7432,551.6525
707.9282,30.2821,678.6168,73.9217,595.5781,38.0235,508.2699,7.5632,467.6223,-48.1051,650.2997,40.0962,593.2491,56.0065,492.3454,8.2410,697.8890,-54.9959,510.7579
684.0954,71.6048,626.0239,89.7519,509.7442,60.6099,410.1481,-1.7701,395.1050,-57.7908,615.6974,85.6602,527.5991,87.6646,401.9446,11.1245,687.7157,-90.1040,422.8608
656.5298,85.7129,590.3664,93.4517,466.4652,64.4618,344.8994,7.7304,312.8353,-30.4055,574.4257,83.9331,498.6215,102.1139,306.3505,12.6378,593.9256,-74.5094,371.2283
574.0428,82.8379,541.7390,95.3683,448.7841,52.8691,289.5219,45.7582,245.2055,9.4565,521.5096,45.4386,459.8954,77.4136,207.3706,22.0355,462.5707,-28.4973,330.5455
434.2968,81.3187,465.6686,88.4917,394.0745,72.3030,209.7433,50.3269,165.2036,-62.5705,448.2069,50.5104,386.1082,60.5701,120.0795,28.4360,376.4950,19.1042,270.3091
322.3675,98.0718,369.7552,91.3074,303.1610,115.4244,140.0856,21.7016,60.0859,-177.9516,344.3724,79.0760,287.5635,70.7982,38.2795,7.9662,321.6178,85.2909,227.3752
265.5048,133.2240,268.0667,115.6429,240.3015,136.6366,100.3198,26.4241,-1.9406,-163.9180,225.4325,68.1910,181.0189,75.4330,-49.0511,-24.9873,258.0928,135.3932,196.5643
200.6743,157.8032,160.6493,130.2080,187.7673,124.9825,36.7680,46.5780,-10.7672,-60.6524,106.7464,77.2917,57.8159,79.2689,-144.9716,-26.0268,222.1253,85.1939,129.9791
119.1106,169.8463,52.2460,128.9046,80.8553,105.6404,-80.3310,9.5356,-69.6557,-27.8624,-28.6512,163.5154,-84.9138,99.1331,-248.8862,-13.7775,220.8056,-18.3823,33.5723
50.5298,187.1594,-43.4893,126.1166,-49.5625,92.1802,-202.9798,-65.6112,-199.6722,-79.0639,-194.7759,247.4086,-216.0978,109.6649,-338.7472,-46.6383,190.4785,-59.2536,-61.7043
-36.1121,173.4505,-133.2920,89.7651,-149.3093,57.6914,-299.8964,-113.7673,-304.3490,-120.9000,-365.1437,273.8969,-320.6662,104.7839,-401.4948,-103.7235,123.0108,-83.4490,-155.1485
-154.4273,102.6670,-231.5637,6.7599,-247.8307,-24.6344,-396.2681,-142.2679,-365.5291,-127.2124,-496.9604,296.9448,-421.4173,103.7268,-474.5852,-130.8941,52.4470,-188.5324,-244.2090
-267.8976,32.0911,-338.0184,-77.9060,-371.9331,-123.1026,-486.4938,-185.9295,-437.2837,-164.9620,-585.4490,324.6825,-527.6382,90.5848,-571.8422,-141.7357,-43.7166,-301.4971,-315.7284
-398.5132,-9.9172,-448.4883,-149.6687,-485.6836,-186.9343,-528.0934,-228.5055,-501.2986,-272.1548,-674.6223,300.4406,-622.8987,56.3732,-641.3014,-153.5995,-182.2306,-321.4930,-374.6778
-569.2571,-61.5041,-542.8419,-205.2576,-554.0653,-213.3179,-531.8818,-245.0729,-527.9443,-369.2463,-781.3205,236.4544,-686.0739,29.6560,-670.9981,-161.9457,-325.3439,-292.1231,-431.8146
-696.0191,-106.3125,-591.1017,-206.4787,-574.3592,-220.7832,-542.1318,-256.8799,-553.5048,-381.1215,-848.4485,184.2708,-694.9512,9.5892,-702.7287,-207.6965,-461.2695,-274.7118,-489.9058
-730.8519,-113.5893,-612.2094,-184.7054,-573.6351,-220.8004,-564.9034,-289.1432,-588.6262,-356.3989,-842.4191,135.0894,-662.1500,-22.7884,-727.4067,-285.2975,-599.2976,-266.1427,-553.9985
-752.4924,-137.1631,-650.2749,-214.0529,-585.3375,-232.6705,-602.3301,-310.6643,-608.4965,-334.0859,-819.6867,69.8894,-640.1532,-47.6692,-720.9565,-283.8984,-711.8519,-272.2660,-624.4507
-797.4088,-191.8116,-689.1201,-248.2820,-595.1453,-250.2062,-664.6366,-279.1835,-632.6799,-283.3257,-828.8241,12.0937,-640.9136,-53.2955,-709.3266,-190.6571,-786.8349,-282.2851,-693.2852
-817.4802,-200.6845,-698.5719,-219.6782,-584.1359,-235.5282,-708.6277,-228.2711,-669.8494,-256.0129,-852.2302,-28.2509,-637.2344,-55.9398,-684.4217,-132.1837,-844.3729,-249.7295,-752.2738
-819.9754,-172.2200,-712.1942,-191.1915,-601.9285,-195.7882,-693.8275,-215.4432,-676.7786,-312.2069,-864.9810,-67.3225,-646.4162,-44.4257,-616.6964,-129.1775,-872.4498,-192.3960,-785.3435
-844.2237,-187.7253,-750.3488,-199.5547,-677.3016,-170.0871,-679.6094,-206.8789,-661.1092,-339.9480,-847.8975,-97.1011,-692.2141,-10.5806,-577.6979,-97.3698,-857.0878,-168.0807,-774.0039
-861.5892,-212.1596,-772.5153,-171.1390,-746.9001,-146.5880,-724.5233,-139.6677,-674.6861,-254.0595,-791.3632,-96.5593,-738.8605,10.7864,-637.0141,-47.8643,-828.8165,-153.6679,-722.9782
-842.5399,-172.7219,-769.8703,-107.8152,-768.7180,-108.4403,-767.4620,-52.1166,-697.6591,-179.7059,-744.1469,-75.6675,-759.7200,9.9317,-710.0073,-17.6592,-812.0148,-95.6872,-663.7167
-826.9576,-127.2427,-771.9221,-90.7540,-770.9001,-89.1103,-739.9680,-11.4599,-682.1899,-200.2209,-749.4291,-65.8881,-767.9335,12.9946,-709.9101,28.6279,-815.1461,-10.7867,-629.5556
-850.0631,-142.9967,-765.4938,-108.1570,-760.8245,-92.9622,-684.8399,7.4570,-641.7245,-203.6883,-757.1500,-85.6262,-754.5822,8.3694,-692.1384,62.9660,-859.2310,60.3712,-626.2645
-882.5081,-168.0540,-729.0681,-100.6159,-723.9438,-81.3616,-667.7495,41.8070,-600.9587,-106.2914,-727.5025,-119.8071,-716.9202,-26.3881,-704.2247,14.2311,-924.4960,101.3403,-633.5916
-877.3800,-150.9961,-692.5489,-75.8078,-678.7760,-60.4617,-677.5888,52.0671,-578.7040,23.9785,-702.1421,-127.2596,-688.1763,-59.3691,-692.8763,-49.8394,-938.7103,100.7040,-645.9002
-833.7639,-116.1647,-682.5533,-56.1432,-651.4826,-51.8632,-668.7371,15.7890,-623.9550,85.6713,-683.0695,-94.4507,-661.2106,-50.8673,-634.8221,-24.2158,-879.7940,72.9701,-677.4463
-785.6708,-79.4592,-678.4004,-34.4934,-650.3586,-28.1190,-634.1323,-11.7251,-724.7333,54.8668,-625.9899,-62.6665,-606.1552,-10.3256,-583.4955,40.7549,-800.2416,63.6044,-708.2435
-735.4591,-31.4218,-650.5408,-1.8961,-656.6450,21.8909,-601.8461,7.3373,-765.2502,11.1412,-562.3549,-59.1909,-556.2703,27.7744,-565.4081,50.2129,-740.4156,87.1500,-689.1868
-661.7748,15.6527,-592.8751,46.5612,-618.4703,62.9061,-575.5751,45.6624,-700.0786,45.4969,-537.4232,-53.4631,-538.3455,41.1581,-543.4957,21.3160,-700.1566,114.3892,-621.2292
-589.1987,46.8091,-531.4276,90.2623,-533.1309,86.0550,-521.0805,77.2592,-620.3171,132.9566,-506.4929,-26.9500,-510.8552,38.2048,-482.3330,18.3691,-668.8196,117.2827,-556.1412
-546.7098,64.0242,-498.2087,90.6350,-484.0735,102.8321,-440.0367,103.2128,-577.4888,186.5890,-432.1224,-7.5283,-463.6990,47.3584,-405.2676,56.8891,-630.6789,88.9406,-520.6705
-498.4268,67.6397,-471.9323,66.3658,-498.6772,99.6277,-387.9649,120.1415,-526.6093,184.5970,-354.1299,0.6730,-434.2716,72.2383,-371.3796,104.2350,-569.5054,53.3172,-492.6380
-428.0035,62.5701,-414.2125,69.4756,-496.3924,82.0921,-368.0806,128.1660,-448.2583,170.4587,-307.2565,24.4188,-411.3970,85.1786,-384.8396,126.7291,-486.6536,52.4104,-428.8261
-392.1545,57.6522,-357.2635,85.8702,-446.0861,82.0088,-314.7781,148.1197,-366.3118,210.5979,-290.4240,44.1077,-368.0560,69.2704,-374.1039,136.1690,-402.4244,85.5412,-314.3707
-392.8373,45.1092,-338.9204,73.2552,-403.0792,88.3363,-225.4300,187.8242,-295.2355,313.5722,-287.3572,20.6150,-325.1477,35.5428,-296.2793,156.0244,-332.0678,106.2896,-202.2956
-341.2126,27.1019,-313.5907,46.7844,-371.8399,73.1966,-169.4740,219.2982,-254.4800,357.0883,-256.2921,-7.7604,-287.3730,16.1002,-194.1121,165.9519,-268.1952,97.9696,-148.3904
-221.7009,32.6512,-249.0697,39.1302,-301.7674,59.5634,-152.5773,220.2852,-241.9432,276.4939,-178.7636,23.6116,-223.0876,37.2686,-119.8458,158.5962,-205.9525,84.2506,-119.6041
-135.1879,59.6623,-194.1301,46.9255,-196.6438,68.4294,-109.9377,211.0745,-196.0132,232.0323,-99.7008,79.0631,-133.2046,69.1856,-71.6072,171.3355,-160.9843,81.4329,-58.1131
-132.3583,67.3265,-165.2545,54.3585,-106.1721,70.6149,-18.8202,218.1952,-91.6382,318.1703,-50.2956,76.1027,-47.1890,60.5481,-24.4064,196.2242,-129.9757,97.9511,18.6663
-138.6332,60.0698,-122.3329,61.4739,-48.8229,62.1740,82.4388,221.9605,6.6037,362.8521,-9.8874,39.6939,17.1469,41.1093,28.3110,186.7425,-81.1363,129.1832,73.2148
-84.8525,83.4364,-74.2162,84.1777,-7.8125,85.9035,152.9642,183.1841,69.7551,269.4040,41.8322,62.8058,52.7996,76.0773,86.4607,156.1278,-8.2301,135.0769,109.1241
-12.4101,124.5125,-44.2439,121.0660,24.7298,132.2428,177.3954,116.3047,143.8221,176.3781,118.8364,137.1572,74.5691,135.0981,160.7495,132.3736,71.7699,96.3341,126.3176
25.0479,129.4667,5.2749,132.0761,36.6126,138.1389,171.5987,81.3694,234.4021,150.9512,220.7208,171.2876,110.4003,147.7262,240.4225,93.7677,160.9348,57.9048,126.2743
84.2216,110.4445,85.1912,103.9380,32.6527,106.4837,166.8319,96.2748,312.6452,140.0879,293.9049,145.9672,154.1040,128.4308,281.8253,46.6291,252.3311,49.2686,146.5662
226.6091,121.2803,145.9835,89.7741,50.9237,100.1606,178.2010,120.7369,406.2061,173.3435,303.9094,108.6803,183.2798,120.0702,283.2774,36.4107,324.0592,48.1380,198.2040
373.4846,154.6065,192.7845,119.6184,117.7828,121.9600,213.4563,130.9839,530.6471,268.8112,312.6712,68.5232,210.7492,110.9728,303.9420,58.2876,391.4540,59.8906,240.0290
429.1010,164.4086,276.4852,155.0111,216.8499,129.2516,281.0898,135.4246,602.9619,331.2058,375.7132,24.8693,262.4326,90.7891,353.0981,80.5776,470.9879,108.0755,261.6383
441.9978,154.0300,377.0382,163.9472,316.6262,133.3360,358.3343,131.0176,558.9005,323.9351,457.1413,17.9586,344.3261,83.1734,378.5217,97.4872,535.1319,153.6200,300.2563
488.4748,159.1714,439.4721,151.8233,401.4200,161.1626,414.1247,120.9162,471.0265,290.6779,515.5134,53.5593,444.6345,93.1111,392.8355,92.2640,578.0341,156.2331,369.5996
537.7966,176.3359,469.1434,137.2945,477.0808,183.7361,464.5788,131.3228,443.6939,221.9681,557.3751,77.2415,528.9891,102.1833,444.8598,60.9793,616.2957,157.7810,444.9229
554.2815,168.1539,495.3188,141.5025,551.9331,178.3415,529.2169,154.3904,477.4838,135.2324,594.2878,65.3621,571.3676,99.4076,493.9160,56.9303,620.9461,193.5782,506.7638
571.2444,123.1860,524.1815,147.6997,606.3439,166.7919,578.8654,153.9512,522.8850,129.8420,630.7870,40.0573,595.2021,77.0382,499.1528,96.2580,583.5483,221.6851,562.9805
597.2717,76.8632,558.3401,113.9063,622.8793,148.8582,601.9194,142.1635,585.4573,206.7988,663.4374,14.7234,622.2949,37.6071,532.6022,115.0497,564.0041,214.1338,625.2000
597.1742,68.4844,588.3065,71.0833,635.7737,113.0796,635.9045,147.4437,684.4606,248.6244,674.8287,2.4246,632.4359,7.4505,631.0856,98.7290,575.1293,200.5073,666.0844
576.6814,90.2744,594.2858,81.3479,667.7074,93.4190,678.8666,147.0574,772.3529,226.6722,670.6539,16.5939,625.8048,7.1414,696.9622,108.2394,575.0211,188.6950,647.1715
577.6085,102.6592,590.9993,107.7990,674.0516,105.2326,684.0783,127.0305,797.7621,214.3171,680.9530,37.9125,633.7363,29.5661,676.8896,146.8781,575.8169,151.4961,597.3387
601.6425,91.6604,609.9935,89.8722,636.9689,101.2069,659.0400,114.9861,790.5737,225.6993,707.0204,45.7809,650.9729,53.7064,650.8885,150.0662,587.1794,94.2217,571.4136
609.2189,69.4059,642.3167,59.6567,604.5140,66.1358,645.3910,104.3460,797.6274,220.9909,730.6771,41.1459,649.0069,54.2110,673.0438,104.9313,564.0189,58.2391,557.7370
595.4587,34.3583,655.1379,50.0332,592.6054,45.3618,632.4305,71.0057,811.9120,205.0152,744.7427,6.8314,628.2587,23.5133,708.0822,66.8548,523.1474,64.5064,535.2323
608.6040,-8.5896,641.3718,39.0759,584.4006,53.6892,604.1853,43.7210,823.9730,192.3380,729.1618,-55.0907,601.5099,-3.6484,738.0793,67.2138,523.1950,89.4912,532.9930
659.2143,-15.3682,622.6485,36.4579,598.2662,65.4962,598.3062,44.8952,844.5489,165.2087,672.9352,-74.8626,582.4034,2.0956,773.0665,73.0225,534.9785,101.1702,549.9336
679.6329,35.4550,622.0787,61.6055,636.4080,73.5995,625.3022,50.1959,851.0731,141.2096,617.7771,-27.8233,588.7664,8.5852,781.3172,48.1655,522.3044,106.5906,548.4911
634.5972,86.9202,631.7573,83.3795,654.2786,84.3943,628.2048,59.2804,813.9219,153.1046,595.1793,3.1443,605.2528,-17.7230,733.4072,19.1823,525.3065,124.9036,545.1621
586.1877,88.6156,616.4215,92.1636,636.5395,99.4633,587.7024,79.0948,760.7215,144.2518,572.4263,-20.5334,590.7686,-40.4497,671.5169,34.8115,541.3157,129.0054,562.6772
582.4210,78.3691,572.6231,112.4199,595.5732,119.5896,557.1713,73.1393,728.1749,60.4880,514.8618,-36.1235,539.9805,-20.7600,640.2788,77.4050,516.4624,98.4613,558.3674
579.6971,98.3650,534.7178,126.0970,533.3923,131.8447,559.5968,45.2387,697.5671,-15.2204,429.9427,-23.5090,482.0330,10.7469,607.6362,87.3611,471.2659,91.6058,517.5280
527.0172,109.8463,510.2278,115.2085,485.0650,123.7453,551.7245,54.5359,631.9443,-18.7274,349.2132,-28.2803,441.4422,20.6752,537.5829,63.6031,445.4409,147.7874,483.8161
449.0053,73.9442,483.1313,105.8493,486.0650,110.7123,495.3784,88.2477,527.3852,-27.5418,318.5835,-51.5449,421.8209,25.6584,470.1765,58.8182,405.6327,191.8776,447.6060
415.6459,27.4730,451.9251,91.5788,482.8611,101.4847,397.5311,81.6556,408.0805,-65.4820,356.6725,-68.5558,391.2161,28.0611,443.1703,86.3439,336.7203,159.7281,365.4695
442.4529,10.5679,405.9085,47.5690,409.4728,81.9921,295.2081,40.2332,289.3659,-66.2559,410.2965,-93.5906,319.3787,1.6396,403.2795,101.9469,288.5152,110.1586,261.4534
447.8281,12.8716,336.8428,17.0684,300.2268,64.5179,222.6216,-1.6574,160.3984,-85.5370,415.1034,-126.8556,242.6982,-33.7020,283.6605,74.4160,280.9086,108.7531,177.4910
372.7560,25.6584,281.1219,41.0439,229.1192,72.7867,175.5640,-44.4742,38.4920,-192.4042,363.2143,-130.9147,206.9806,-35.1156,121.6255,25.1307,270.7610,126.3041,107.4199
279.7077,53.4071,255.3623,76.9481,213.7924,87.9805,127.3313,-71.1883,-11.5398,-256.0506,272.8738,-104.0617,187.9389,-25.2327,21.8609,-10.2275,216.7322,121.2113,47.6220
226.6120,76.3864,212.8751,86.5996,213.4015,90.3223,78.1530,-59.1568,-0.8469,-184.7782,169.2983,-88.1178,163.6093,-44.8008,18.2228,-22.6621,136.5962,107.4393,9.7528
172.9411,73.5033,147.1678,86.5390,174.6133,92.1654,34.5419,-33.2866,-42.8433,-111.5841,94.1793,-102.8910,155.9899,-64.0570,33.4269,-16.2961,80.6842,102.0124,-22.5500
106.5100,46.3059,108.2801,74.1971,99.3794,81.0475,-21.8471,-13.4013,-145.7939,-109.8657,58.4345,-131.2080,147.4119,-45.4438,-2.5601,6.2645,37.2747,83.7899,-62.9246
63.1474,-3.5373,80.8334,29.4285,44.1405,32.3051,-75.9137,9.9011,-178.9439,-87.8223,22.3313,-146.9898,104.3232,-23.5608,-55.7149,26.6540,-49.8735,33.3398,-86.7537
-3.6706,-56.7023,9.3348,-20.7252,14.0445,-20.7389,-79.2568,24.2588,-136.0385,-33.8430,-41.9200,-133.6084,51.8650,-38.3962,-76.1650,23.8597,-153.7328,-20.5553,-78.1040
-130.4453,-69.0384,-87.3044,-39.4727,-46.7960,-38.2772,-61.8282,18.9919,-156.0470,-15.2283,-119.9903,-98.6747,-6.8984,-66.3828,-104.8205,8.1003,-207.2463,-37.1465,-63.7482
-220.0463,-52.6959,-161.7534,-48.8806,-145.0291,-49.7317,-109.0889,8.3402,-244.5038,-11.8949,-185.1165,-72.8823,-114.9972,-75.8300,-188.3280,-1.2791,-239.0442,-41.1911,-83.2545
-232.1673,-76.7898,-211.3472,-86.4968,-236.8042,-89.9062,-209.8070,-18.4739,-275.3991,12.6814,-228.6865,-74.3437,-235.8375,-78.9099,-281.0456,-6.9203,-291.2089,-82.8565,-147.8773
-263.3372,-136.6927,-245.0037,-129.2465,-302.2742,-131.4728,-275.5224,-70.5625,-237.0924,24.9346,-277.0523,-79.6679,-293.4963,-89.5583,-330.8524,-14.1543,-328.1023,-121.4122,-230.8423
-307.8693,-154.4715,-276.2188,-128.1318,-343.7828,-133.3431,-286.9510,-107.3764,-217.1645,-10.7199,-353.1548,-53.8978,-313.8697,-87.9880,-355.7035,-27.5980,-351.9463,-77.0565,-304.3613
-275.1950,-123.5137,-328.6146,-91.1274,-373.6067,-91.0306,-290.4121,-108.1580,-238.2520,-84.8213,-421.8178,-10.2135,-344.0777,-60.1218,-376.6370,-59.2910,-405.9300,19.6968,-365.7527
-245.5427,-102.9454,-385.9493,-60.8587,-401.8952,-30.0507,-310.4643,-98.0898,-285.0790,-139.6820,-451.6461,2.0942,-358.3963,-31.3956,-384.7760,-90.9208,-451.1047,77.4314,-411.5854
-334.4456,-92.6824,-414.5565,-38.9004,-404.0886,10.7009,-350.6448,-85.3045,-364.1440,-133.8540,-481.1757,-12.8966,-361.4828,-26.1851,-384.7246,-84.7139,-450.1323,82.0679,-438.6708
-432.2187,-56.9758,-431.6518,-9.4767,-384.6678,10.5453,-399.6816,-81.1299,-444.0883,-129.8194,-522.2889,5.7821,-393.5899,-29.5270,-386.4376,-59.2817,-460.5219,57.3961,-469.4120
-424.3409,-24.3478,-462.0428,3.7649,-421.8237,-11.1959,-417.5943,-105.3269,-458.7957,-158.9873,-521.6023,54.6912,-419.9075,-26.7372,-383.1960,-57.8774,-509.6689,-0.8131,-502.0585
-429.6465,-46.1965,-497.4599,-20.3227,-519.2889,-31.5081,-388.3093,-104.4709,-402.7120,-107.6120,-496.6229,51.4808,-404.0558,-31.5281,-371.6578,-58.3529,-558.5632,-64.7346,-481.6838
-539.4422,-104.2876,-537.9436,-57.0667,-565.8432,-54.1806,-350.6753,-25.2469,-350.2475,27.4523,-523.6706,-12.0495,-397.7069,-40.8268,-355.8901,-27.3665,-595.5382,-87.1994,-405.2362
-620.6360,-136.9453,-571.1716,-79.9760,-546.4094,-78.8769,-342.0541,52.3189,-369.1728,57.4368,-573.2039,-36.8029,-428.0658,-27.6803,-349.6926,1.5487,-598.3886,-95.1999,-353.7273
-572.3914,-115.9793,-560.1492,-82.3211,-559.6337,-83.5640,-366.8200,43.4860,-434.4052,-27.3293,-566.6303,20.5058,-456.5640,4.3725,-377.4709,0.1767,-525.5117,-131.3824,-351.3464
-488.2644,-57.6979,-526.4378,-53.8382,-603.2071,-60.4880,-406.6772,2.1846,-465.5638,-32.3039,-533.8459,90.4442,-480.3605,28.6125,-421.7154,-4.8492,-428.4466,-153.9530,-341.9907
-458.4720,3.6247,-520.2872,-3.3080,-595.4246,-30.4465,-423.5263,-13.0009,-457.4742,45.1953,-525.3207,117.2003,-504.2084,40.9523,-426.3732,-3.3304,-388.0865,-120.8044,-327.6914
-451.0352,31.8693,-508.1940,27.5292,-539.5512,-7.4868,-407.9431,-29.8508,-480.9688,51.7331,-501.2895,106.9933,-480.6641,44.7079,-399.4461,-10.2559,-381.6155,-76.4594,-357.0786
-425.1083,16.1371,-443.4182,22.9310,-475.3215,15.8831,-413.5478,-52.9313,-544.6837,-12.3539,-438.9651,68.6991,-406.8054,37.7789,-402.7392,-11.4387,-370.6587,-59.7125,-401.3419
-389.4397,-9.1070,-364.4120,16.2067,-397.3815,38.9945,-455.9146,-52.4392,-585.1094,-60.6548,-381.2943,23.9317,-343.0907,36.1578,-432.9536,6.8421,-376.6714,-34.1088,-399.3304
-359.0759,-11.1299,-304.3043,25.2395,-307.6570,45.2852,-454.4293,-37.2450,-583.6561,-69.2163,-337.1037,11.9855,-291.1097,48.1802,-444.5721,26.5445,-401.0142,27.6421,-364.6732
-343.9244,-10.5798,-250.3075,23.7065,-224.9789,37.6660,-377.9013,-12.9597,-566.4597,-37.0747,-294.7035,9.7426,-215.7608,49.9098,-439.4821,40.8423,-421.3105,85.8478,-334.6695
-339.1685,-33.2441,-224.1141,-1.2198,-159.0019,38.8333,-318.9573,34.4112,-531.6356,-12.1145,-285.8993,-33.1469,-150.1224,34.0060,-422.4401,52.1639,-427.6653,99.4545,-303.6608
-324.0482,-54.1871,-236.8813,-20.2109,-129.8839,45.2015,-330.8603,75.0943,-469.4891,-46.4495,-311.6043,-65.8511,-136.4195,19.8558,-369.3756,38.0273,-396.9686,82.1605,-268.4107
-314.8090,-44.6789,-236.3490,-15.3383,-134.3652,35.6447,-341.7684,74.2116,-388.3838,-47.4225,-311.4742,-20.0806,-151.6930,4.6665,-296.0639,-5.5110,-337.0037,68.3828,-240.4092
-342.6188,-13.1087,-214.3277,-4.6913,-130.1459,21.7487,-300.6821,54.6886,-286.7471,72.8096,-274.3241,30.3410,-175.1511,-20.0633,-240.3331,-38.1716,-300.7737,64.2507,-208.6049
-351.7917,23.8509,-217.6638,5.3998,-126.7761,21.0581,-258.4748,45.1225,-166.0780,202.6423,-248.5453,-0.1398,-219.5182,-35.0167,-192.2897,-39.4420,-273.1374,51.9909,-168.5469
-258.4686,41.3051,-229.6936,18.7791,-168.5251,10.3689,-248.2652,47.8897,-58.2640,233.9930,-239.5439,-41.1550,-269.5450,-30.8368,-140.8805,-22.8684,-207.0915,22.2746,-139.1718
-116.7416,13.6530,-208.7550,7.0981,-214.7505,-20.7168,-223.1276,64.5923,-3.9250,207.3742,-220.8397,-17.3152,-288.1714,-19.9616,-118.8857,10.6365,-150.3842,-10.6880,-107.6349
-56.2954,-19.2158,-177.4067,-28.8539,-198.8849,-26.2388,-168.1286,76.5188,-32.0187,147.9538,-197.6116,16.9567,-271.2404,-0.6051,-143.0036,50.2323,-125.5311,-18.2652,-44.3341
-75.7985,8.6448,-145.9118,-15.6030,-145.9061,17.7877,-151.8064,58.8596,-144.5094,63.1005,-169.7835,16.7206,-235.4334,25.3925,-188.8179,54.3935,-47.0711,10.5098,20.0186
-64.3619,68.4498,-79.0764,57.2723,-96.0344,63.4610,-199.4183,39.4797,-278.8071,26.5032,-116.8025,11.1588,-187.1641,31.7478,-226.0462,23.6476,79.0377,39.3748,38.7099
15.5551,90.6475,1.6910,88.9069,-32.4974,66.9350,-222.9591,46.1693,-323.4277,36.3652,-57.6212,4.0101,-132.1529,9.4581,-220.2811,11.5907,139.4895,25.8727,38.1850
98.7611,84.4742,37.3790,52.7319,34.0490,41.5263,-156.9146,37.8507,-225.4362,4.9640,-25.5065,-8.5484,-83.1765,-20.7878,-153.5351,21.9154,135.3408,-4.5634,57.1800
136.0381,76.3994,42.5375,34.6498,58.1907,17.8798,-56.1194,-9.8601,-61.8092,-48.9929,5.7216,3.6385,-41.7171,-40.0681,-67.4395,1.2126,140.5271,2.2799,72.7876
153.2265,52.3715,71.7801,48.3240,65.5870,7.9919,19.7191,-44.5635,48.1559,-52.4079,73.0988,22.9068,11.2584,-38.9239,-4.9852,-52.4301,142.1674,24.4335,71.0799
181.9318,28.5490,130.1335,36.0549,121.2386,2.3305,90.2561,-37.1587,92.9576,-28.5569,153.3288,5.2480,87.8389,-27.3028,66.0592,-83.3897,129.2589,-0.2221,85.1250
198.4816,25.2338,187.4244,7.2388,200.4324,-19.9379,163.9033,-27.6201,154.6609,-19.6564,216.8950,-16.4268,167.1441,-33.2587,176.7670,-71.1074,146.6949,-56.8109,119.4012
194.8937,5.6321,225.0679,-13.0648,224.1619,-56.1826,209.3443,-38.0047,251.5910,-25.5206,271.5617,-0.9838,223.5247,-48.6719,272.6668,-45.3313,188.4633,-86.9196,149.8021
228.7810,-21.4977,246.3442,-41.1625,204.7051,-70.9161,241.3536,-45.8371,328.7983,-46.6807,312.0077,27.5295,262.5185,-31.0187,310.1686,-37.8718,240.1097,-93.2929,191.5394
305.6702,16.5126,270.5956,-44.2977,229.4881,-48.0875,291.8965,-43.1013,385.9620,-50.8882,326.6546,58.4129,298.4921,11.0860,342.0576,-57.0049,340.4709,-103.7913,259.6006
343.6026,91.0480,314.5573,14.3028,313.9753,-16.6631,329.0201,-40.6737,441.3123,-4.2846,353.7166,91.1589,332.9952,25.4421,405.3924,-73.6674,454.0621,-101.3282,317.8615
344.7559,99.4524,375.6810,58.6783,398.9203,-7.2076,336.8102,-28.9220,442.9917,33.1989,430.7699,81.5108,376.8414,11.0984,446.9377,-47.7232,480.5686,-71.9306,354.6863
398.6130,51.4626,439.8726,22.9345,466.5471,-21.4207,377.1439,8.5260,386.9682,4.0070,522.0713,36.3503,437.8339,6.1025,444.1317,4.4205,443.1432,-40.4712,413.0643
483.0417,21.8252,491.5799,-24.7810,527.0514,-40.9209,456.5399,49.2401,370.6673,-48.5479,575.7153,31.8541,492.0883,9.6210,451.2278,27.9414,448.4406,-21.4838,492.3934
514.8394,11.5128,520.3629,-20.4850,554.8546,-40.9863,487.2643,44.6151,413.0392,-90.0111,598.5118,64.1628,527.9424,0.0207,479.9064,17.6817,503.1200,-12.3424,533.3035
530.1501,5.0728,537.6061,2.0834,555.2958,-15.1235,462.9935,-11.0326,433.2466,-131.3230,622.9580,66.2725,568.5211,-12.9401,495.2240,3.9467,545.0826,-15.5990,521.0824
582.4468,25.4502,569.4747,17.1673,587.7213,15.7412,478.1520,-63.1692,425.8598,-146.2773,659.9476,41.9962,607.0619,-10.3904,508.9902,-13.7416,567.6478,-9.4687,503.9693
628.5339,64.6875,622.5652,40.7972,651.4617,37.0275,528.4314,-70.7598,426.8746,-117.8481,702.7897,17.0310,609.6868,-2.6622,523.5123,-35.6321,607.6486,29.7319,509.1247
655.7170,84.2664,675.4543,62.7755,682.8481,49.7489,510.6075,-52.3812,398.0741,-86.2453,731.7418,-19.5069,593.5113,-10.6625,483.9473,-37.2691,677.3387,55.0393,517.0406
697.0080,75.5302,700.2519,59.1563,672.4318,44.5114,437.6657,-39.5874,334.8932,-72.9598,726.0208,-40.6980,598.7549,-26.4683,407.5024,-31.5118,735.3578,14.9610,509.2892
704.2253,55.1509,684.7843,36.1880,652.2536,20.9412,430.2267,-42.3354,318.3394,-76.9609,691.9329,-13.2585,612.2965,-21.9713,394.0721,-58.4676,720.4852,-41.3468,489.9188
625.6731,43.5320,638.8746,15.1156,616.3494,8.0549,498.3289,-66.5930,367.7164,-113.6828,652.0305,16.9638,604.0570,3.6215,449.1131,-98.3718,640.9089,-56.2819,472.0716
522.9943,44.6002,580.2324,5.4282,550.2776,11.7014,539.3760,-100.9290,423.2957,-164.2550,611.0294,5.1560,573.5782,17.7671,481.5850,-99.7104,567.7141,-65.4816,466.3806
467.4735,34.3868,522.5931,-3.1922,472.0933,0.6947,524.2721,-102.8331,447.4628,-186.1217,563.2463,-20.8582,519.8846,1.2436,459.5733,-80.7976,520.1047,-92.8884,468.3746
451.5566,19.9923,475.2936,-19.8785,411.5773,-21.1549,507.1686,-63.8564,412.4517,-185.6990,516.5505,-24.4235,450.4702,-31.5221,414.6247,-103.7426,472.2762,-92.7765,452.8458
433.7860,44.8424,437.1387,-23.0821,384.7849,-17.5434,492.1135,-44.1465,302.4400,-180.8822,479.4961,5.7414,404.2159,-53.9002,366.2437,-162.0552,440.3491,-67.0363,397.8415
378.2760,79.4959,395.1095,2.4297,365.9161,0.4120,433.3263,-79.4509,182.0529,-164.5242,440.9142,53.7374,389.3418,-48.2961,326.2974,-179.3714,425.3525,-70.0096,314.7013
303.0882,51.0179,339.2138,17.4913,308.5842,-10.6346,332.8804,-119.3496,135.3973,-145.6153,386.2238,65.0062,360.4032,-28.0822,301.3829,-129.6285,362.6894,-91.9446,233.3193
269.6122,-6.9034,266.9341,-12.3326,224.8055,-51.7358,240.0592,-111.4832,159.2359,-120.7374,321.5298,17.9626,295.0113,-33.5755,286.3459,-80.7170,247.5210,-90.4048,169.0048
252.6942,-18.2434,180.8035,-51.3743,158.2229,-86.7142,179.5389,-70.2638,193.2569,-54.4965,256.1588,-36.6841,211.3858,-74.1666,283.6366,-72.6869,168.7525,-71.9835,131.1836
166.8790,-14.2451,102.1511,-55.5144,92.5912,-86.1988,131.3536,-30.5879,187.0606,27.0084,174.4594,-72.5704,120.1359,-109.4383,278.5665,-49.5679,147.2130,-47.0024,122.8690
49.7474,-40.0084,55.4611,-41.5970,6.3743,-52.3298,65.4429,-14.8910,131.0830,42.6482,73.0869,-103.0373,33.3617,-113.1793,235.1543,5.9556,115.2192,-16.4873,100.0135
4.6109,-46.6172,27.2675,-43.5433,-56.7091,-31.2026,-21.9650,-45.6286,69.6842,-10.5145,8.0739,-108.7754,-26.3321,-103.7988,159.1483,7.4759,62.9996,-15.2159,5.8861
10.4844,-8.4226,-9.0703,-54.6678,-78.6202,-59.2322,-106.1616,-109.6016,33.9586,-60.0602,22.1608,-93.8798,-67.1441,-104.6283,74.1341,-68.3977,24.8541,-47.6215,-125.0443
-9.7379,14.5219,-50.4430,-52.2620,-106.7420,-91.4989,-161.7548,-141.0500,-8.0190,-69.5393,53.8455,-117.1148,-109.6084,-118.4617,-31.7988,-122.3614,-25.1633,-54.3122,-194.2161
-54.8644,-9.3125,-94.9262,-44.5760,-156.3833,-75.2704,-182.0587,-107.3809,-70.4116,-50.6687,20.0318,-171.6349,-137.4498,-132.1433,-136.7031,-108.6056,-115.7905,-27.4250,-187.2789
-100.8986,-46.9259,-154.2770,-59.4127,-202.2330,-59.7321,-186.5246,-55.3982,-123.9262,-17.6009,-61.1746,-188.5145,-141.7999,-131.2861,-186.1436,-81.1193,-209.7027,-30.8799,-183.2812
-153.3741,-72.9278,-211.9508,-97.8913,-241.0575,-106.4095,-214.8356,-34.3402,-170.4324,19.9314,-129.8669,-167.0500,-160.5097,-121.8562,-205.3360,-58.8890,-275.7056,-78.7753,-220.8706
-224.8867,-87.3891,-248.8320,-130.4011,-278.3437,-159.7144,-278.9981,-45.8772,-218.8027,47.9457,-188.6989,-148.8797,-211.8755,-118.0542,-242.5260,-29.1431,-321.1664,-121.1389,-273.3913
-321.9463,-90.0902,-291.0127,-131.2639,-315.3759,-137.7609,-334.2601,-72.5158,-250.9120,43.8137,-259.8013,-133.8853,-265.1053,-112.2372,-272.9232,-24.6322,-340.4754,-119.9211,-329.6037
-402.8860,-71.7577,-349.3817,-95.5627,-357.8396,-68.5288,-353.6388,-88.8401,-293.2353,-8.7480,-325.3513,-111.8528,-309.7783,-93.5375,-301.1160,-58.3175,-333.0246,-71.6337,-391.6569
-411.0280,-27.2880,-378.7043,-43.9496,-390.2452,-28.0445,-384.8714,-76.8737,-377.6063,-95.0743,-367.0989,-80.8026,-366.7493,-67.2969,-377.9353,-87.2696,-327.7664,-19.3654,-426.8975
-392.0917,14.2831,-365.1972,-15.9124,-397.5657,-24.9762,-454.5083,-62.7713,-440.9480,-177.3617,-388.0212,-40.8105,-422.2123,-37.0112,-467.5799,-101.7347,-334.5146,-18.8239,-407.2041
-412.0442,10.9888,-355.0136,-23.9898,-403.1800,-24.3737,-499.2307,-75.7938,-437.4510,-211.9729,-391.7542,-24.5623,-444.6590,-17.6305,-516.7900,-125.5358,-348.1888,-42.0806,-365.8163
-407.9995,-25.4258,-364.0435,-38.1285,-414.6821,-20.3589,-479.1167,-84.0610,-423.3841,-174.5018,-398.5555,-48.4093,-454.2428,-38.1046,-557.0874,-143.5601,-383.2332,-22.9887,-348.6654
-339.0916,-55.4336,-368.1180,-44.4033,-412.8817,-28.5020,-448.7257,-49.3551,-400.1261,-107.9315,-440.4391,-67.2864,-484.0514,-80.6353,-571.6719,-133.9213,-431.3437,11.4618,-345.8348
-316.8766,-83.2433,-373.9109,-59.4216,-422.8770,-42.9200,-447.8660,4.4518,-299.7963,-76.8684,-503.0426,-70.5077,-508.2270,-94.0983,-497.0224,-110.5236,-457.9060,5.0297,-334.0019
-388.3308,-111.4216,-402.9654,-74.8184,-462.0687,-43.9087,-444.9806,42.3291,-175.7291,-54.8153,-527.3648,-86.5153,-492.5732,-80.7632,-407.4156,-81.3593,-458.8349,-17.6399,-337.8166
-437.5251,-96.3108,-430.5955,-64.5217,-468.9045,-33.1951,-428.3534,65.4422,-157.2440,9.8701,-488.0075,-70.9666,-460.7483,-69.0601,-415.3349,-41.3394,-434.4158,-29.1280,-375.9274
-404.9368,-36.8570,-416.7030,-35.1294,-419.8957,-24.8478,-429.8092,79.1996,-247.7026,68.9984,-427.7387,5.6405,-442.5733,-47.6826,-473.2722,-3.8782,-375.2988,-43.5738,-400.5336
-357.3680,-3.7483,-376.0659,-13.2815,-390.3308,-17.2899,-442.5891,83.8002,-351.4937,85.2842,-409.0464,45.6904,-431.8756,-16.9371,-487.5026,18.9763,-336.6451,-44.7642,-375.0567
-354.5060,-18.8344,-360.2510,-13.1125,-415.9713,-10.7724,-429.6976,84.2956,-408.7747,114.6482,-446.6887,1.0505,-433.3243,-6.7486,-449.7588,30.7315,-377.1211,-27.6267,-349.1436
-398.9526,-17.6720,-381.3360,-23.1989,-451.9343,-15.5750,-407.7029,72.5583,-420.9714,140.1406,-492.6057,-27.9891,-461.1826,-3.6533,-388.4448,32.3040,-425.3418,-35.5242,-372.1227
-435.5382,33.1468,-401.4354,-6.0041,-472.0745,-13.0184,-422.9425,48.0277,-437.2538,76.2076,-502.8025,-1.3192,-494.8569,21.1388,-366.2242,36.4644,-394.1974,-43.9175,-408.6981
-396.9690,81.0078,-397.5433,46.1957,-477.4132,26.4452,-462.0101,46.9473,-496.0510,-14.3141,-494.4401,2.3539,-511.6654,41.3388,-432.7207,63.5584,-337.3694,15.9459,-408.3371
-328.5551,77.7690,-386.0960,80.1831,-462.0331,75.7942,-466.5175,81.6105,-545.6958,-8.2051,-494.5527,-29.0895,-508.8943,33.9332,-501.1515,91.2853,-332.6060,91.7418,-380.7076
-338.8447,51.8331,-375.8910,72.1254,-434.9125,85.7734,-419.5411,101.0232,-520.2897,43.1659,-488.4128,-30.7043,-467.2230,26.4609,-470.4191,80.1771,-368.6011,91.1510,-362.4214
-410.1753,50.7808,-359.5943,61.9923,-406.5768,67.3029,-357.8517,76.5113,-454.2273,36.4339,-471.6631,5.0089,-394.5594,36.3779,-398.9877,50.4780,-417.4070,57.8851,-365.2723
-446.4252,63.7728,-350.5772,58.2442,-371.5779,57.9116,-321.5497,49.4387,-413.9781,4.5022,-472.6699,34.5730,-364.1812,48.9887,-360.0234,48.1853,-451.9219,67.4753,-371.6717
-439.3882,56.5798,-359.9774,44.3895,-341.5754,56.9486,-329.3643,52.7318,-406.0545,8.6051,-481.5175,36.0196,-390.4689,50.0898,-323.4871,66.3078,-435.0891,89.0288,-358.9020
-426.2758,35.5907,-361.5453,49.8711,-324.5255,51.5621,-361.1035,68.1796,-407.6929,42.2479,-452.5984,22.2877,-381.2631,34.7522,-284.0522,79.0286,-399.7019,82.0650,-331.7410
-411.2755,14.9690,-337.4750,72.8446,-295.1453,40.7265,-355.0886,75.1532,-394.4169,82.1206,-394.3403,20.4229,-307.9881,15.7756,-272.5461,89.8869,-403.4139,71.2311,-314.6013
-398.6338,-14.4452,-312.6851,52.0784,-255.2848,22.4629,-286.0490,75.8952,-349.4681,91.0423,-355.3274,19.2622,-250.9059,7.0908,-271.6674,86.6313,-404.2354,75.1980,-297.0688
-387.0541,-38.4712,-301.5650,3.7994,-238.4544,11.1753,-215.1921,79.2565,-294.5852,61.6453,-335.3656,-29.1736,-239.7805,-13.5994,-267.3058,42.3539,-356.8467,82.4613,-240.1837
-367.2571,-29.9352,-281.9548,-0.9444,-230.3624,24.8359,-189.2122,91.8481,-248.3077,79.0669,-305.0909,-106.3921,-236.4874,-51.8410,-251.8414,-5.1089,-315.7930,83.8961,-150.7710
-356.6314,-13.8977,-249.4146,11.4437,-196.2418,34.7400,-166.7934,107.8263,-180.4874,166.8807,-275.5720,-125.3137,-236.6920,-49.4406,-191.9168,12.3084,-301.3190,74.3155,-81.1522
-346.7623,-29.3672,-228.8309,-14.1033,-155.8759,6.7489,-119.7156,110.1783,-90.6170,191.3461,-268.6004,-71.9288,-239.1723,11.4889,-127.4644,79.0474,-260.9845,53.1824,-52.0760
-297.4366,-61.5920,-220.8938,-43.2740,-135.1543,-31.8390,-85.3754,101.4047,-35.2711,100.6475,-259.6174,-22.7266,-209.5412,58.8895,-122.8293,129.9914,-209.5905,22.8483,-35.0219
-244.9962,-82.6693,-198.1706,-45.8699,-108.9706,-46.7894,-64.0024,102.3685,-17.5826,26.0572,-210.4939,-14.1096,-148.2058,55.4677,-99.5370,151.0139,-192.9571,-12.4859,-6.4438
-244.3699,-89.4850,-149.9270,-49.0158,-51.9293,-50.4494,-15.5659,105.8098,25.7691,27.9346,-134.2566,-7.5597,-86.7433,38.4933,6.4609,146.6283,-173.4142,-24.5597,23.8464
-226.9365,-77.3153,-91.6158,-53.8594,15.7218,-52.5905,36.9989,81.9065,122.6392,33.9912,-83.9153,22.3405,-28.3728,27.0448,87.0620,106.3794,-115.3314,3.6625,40.0747
-125.1722,-53.5817,-44.3111,-48.9862,53.8372,-48.4361,60.8305,40.4662,252.0175,42.9224,-76.9237,39.4728,29.1025,16.7079,112.3066,67.0774,-53.4376,20.2654,48.3990
-11.9513,-44.1940,-18.7451,-48.5358,53.7381,-47.3343,106.9414,23.3617,375.3522,95.9785,-63.6731,11.7648,76.4755,22.2265,197.6387,73.6251,6.0876,-14.7603,69.7146
57.1910,-34.0688,4.6591,-35.8824,63.7770,-35.5807,206.9279,26.3427,427.4248,129.4526,4.1708,-6.9613,119.5841,48.2370,306.6506,81.8283,99.6038,-44.5591,118.4342
133.3626,11.6820,67.8551,11.2134,129.2157,14.4005,288.8075,4.8008,369.6822,88.2974,107.0757,48.4606,160.5533,79.0645,308.2421,46.7346,210.5476,-24.7031,191.8885
221.8823,60.4092,169.3487,54.3131,216.9656,64.7661,306.3147,-33.9537,265.2357,42.9943,201.7367,117.0852,199.3237,105.5241,260.7558,20.8034,285.1725,-2.3314,267.2585
266.9248,61.6297,250.6575,66.1999,269.8742,64.1711,313.5095,-36.9471,211.7751,53.3925,282.9698,105.5093,257.7802,120.3119,271.5658,35.6759,317.3812,-2.7393,310.5916
281.5428,45.4880,290.7914,74.6126,292.8420,48.4979,343.2234,-9.6674,222.4165,71.6968,351.2621,68.6120,317.4667,126.6908,300.7329,37.3252,348.0992,9.1043,313.3811
313.7115,56.7264,335.6730,84.4464,316.0447,60.9481,352.0668,-4.2370,238.0119,36.1947,382.8159,97.3520,316.5994,143.9047,309.6371,11.3809,401.9034,28.0200,309.3750
350.7045,63.9736,404.0948,80.2418,346.4254,70.7355,319.6594,-11.0715,221.0685,-51.1071,375.8661,136.3943,282.4879,162.4677,313.3205,-1.2805,453.3768,22.3820,326.8630
370.0202,36.5440,461.4124,77.7856,394.1786,66.0550,294.5714,14.0119,198.9951,-132.2588,365.5485,109.9422,308.9361,154.8841,285.7901,-3.3007,467.6587,12.2044,353.8419
393.8316,21.0754,489.5676,80.7275,458.0038,76.0293,324.6647,45.5571,227.3215,-139.9954,376.6652,62.0630,383.3899,130.6914,249.9793,-8.0656,452.9857,16.0444,369.3601
426.5996,52.3067,491.1174,68.1098,490.5295,73.1204,394.6837,38.6806,317.5710,-78.1933,411.6127,34.9920,425.2198,101.7814,290.5956,1.3395,441.1005,0.5220,369.8078
428.1611,77.5960,460.7736,45.1650,466.7795,22.9080,450.2868,20.6260,418.1157,-24.4392,466.9822,5.1671,441.4662,55.0783,381.5274,5.9194,447.1378,-45.1325,359.3225
399.3473,50.7263,421.0790,21.5816,437.0468,-24.0266,473.4245,19.3231,478.9375,-20.0565,521.1129,-15.1780,476.3592,10.3814,440.0502,-19.9125,464.4970,-76.0734,347.6758
409.1602,12.9921,409.9078,-5.0908,439.5913,-27.7108,499.6176,3.8893,504.5605,-36.1823,539.5405,1.6221,514.8604,-1.1257,483.1653,-29.5437,466.4058,-63.4255,356.2177
472.1698,6.2099,418.1715,-10.0483,446.5454,-19.4873,546.3916,-19.0606,520.1687,-42.0190,516.4751,17.9430,537.0749,-3.3789,526.1176,9.7825,442.2202,-24.0988,403.0943
504.3159,2.2031,434.9296,16.4636,449.2803,-5.3447,577.3680,9.7764,518.9247,-19.1670,486.0254,1.5922,546.5905,-16.3181,510.2522,41.3004,439.1863,16.1786,473.2169
485.2027,-17.0149,485.8266,28.2296,482.0837,23.0377,563.6249,71.0681,484.1136,38.1601,490.5020,-21.2569,532.6556,-17.9340,439.6739,23.8358,484.9641,36.5276,511.9463
498.3167,-24.7973,537.7355,9.2175,516.0892,15.8623,525.5443,78.2496,439.7747,85.3775,530.4474,-38.0500,496.8759,-21.0218,391.6398,-2.4393,515.8736,21.3533,482.8391
534.7270,-27.6259,503.9355,-2.7940,474.3983,-33.8020,495.8994,32.5943,422.2412,82.5908,542.0462,-55.5525,464.3400,-49.5622,393.6940,5.4883,490.2247,-11.8225,431.2035
499.2493,-47.6343,403.7308,-5.1146,392.4814,-45.8464,481.6175,15.1406,415.0417,75.1865,479.3624,-51.1010,434.9679,-61.2540,416.0615,36.5054,453.3923,-16.0595,419.6111
427.8356,-54.7109,348.6698,-17.5907,382.6561,-14.5975,459.3321,46.7533,381.4891,106.6103,404.5898,-19.9536,399.4297,-31.4664,416.9431,48.7982,416.2328,16.8509,419.4588
408.9663,-39.1261,356.0746,-25.1638,422.3172,-15.6765,401.3362,82.6715,344.5044,127.0654,391.3387,-6.5545,376.3640,-11.4505,377.5624,29.2795,347.0753,36.1010,377.4889
374.8248,-52.0409,341.7724,-26.2519,394.4119,-38.3384,322.9154,100.8207,345.2209,94.3925,388.6479,-28.6731,371.6321,-13.6441,341.6531,22.2647,275.9518,15.9400,328.3233
261.3879,-88.3375,273.8785,-40.9937,313.4799,-28.5628,274.4037,107.4839,351.4895,54.5093,327.2259,-51.6203,363.1418,6.2981,340.7668,47.3880,229.5874,-2.5642,310.9571
177.4351,-88.3626,205.2581,-48.2752,281.6456,-16.6755,272.6116,105.0307,309.0483,55.7002,266.4917,-53.2529,351.1512,34.1351,314.7974,45.2413,166.0998,14.8079,279.6518
173.0701,-70.2769,184.6615,-29.3589,292.7352,-27.4366,289.1649,97.6328,245.2155,87.9448,269.5963,-42.9832,350.0174,24.4910,230.6349,-0.1339,86.8450,50.3012,212.4830
129.5336,-77.8534,195.1089,-20.8480,276.1918,-18.6969,298.3512,90.7852,229.5972,119.0968,264.5844,-33.6522,337.2930,2.2867,156.1427,-8.2179,47.4202,72.6627,168.2211
28.5045,-71.9257,176.6561,-33.6780,219.0098,6.4209,281.8905,77.9480,268.5732,125.0640,183.9695,-36.2270,274.5715,13.4217,122.1406,39.3632,40.6469,60.4059,155.8905
4.0888,-31.6166,114.5095,-25.4638,131.7727,9.0379,219.3048,48.8356,310.3645,109.2633,92.4333,-43.3449,166.6351,47.8494,85.6416,63.5741,29.5186,11.6058,103.3962
73.3493,-14.4856,59.6574,5.6451,30.3265,9.9902,120.2370,5.0627,328.5952,102.9703,59.0815,-21.3707,61.0160,75.3831,46.4293,49.5596,17.3780,-37.2623,-6.0944
100.2896,-28.0553,31.0111,17.8663,-46.6446,22.3399,24.9614,-34.9789,337.8842,116.4403,44.9068,27.2484,-8.4908,86.0492,31.1760,53.4691,-5.4125,-53.9555,-106.0281
15.3681,-19.4472,-11.9912,8.9963,-100.4573,12.5148,-36.8176,-49.7636,328.6288,130.6160,-6.6368,43.7300,-48.4988,85.6967,20.9319,77.2331,-50.5857,-55.6585,-151.7063
-113.1020,9.7304,-75.6810,9.5553,-152.3329,5.4416,-53.8485,-42.6894,249.8383,145.0615,-78.5293,12.4534,-70.7319,90.3549,-2.6171,91.2109,-81.0867,-54.4087,-157.7564
-185.4684,32.3399,-122.0127,29.7279,-159.8458,48.2570,-41.2399,-35.6658,92.0716,168.9908,-125.6581,-4.7820,-74.2626,101.8481,-33.2870,101.6962,-85.6980,-28.4356,-157.2194
-176.2941,58.2948,-146.1382,59.2022,-114.1435,86.1989,-52.5680,-33.3928,-68.2340,187.7369,-144.0468,23.8021,-71.9417,97.7443,-70.0982,115.3506,-104.2486,10.2254,-175.7850
-159.3401,80.1650,-168.0767,78.1684,-109.7027,55.4400,-115.7440,-33.1594,-162.0080,181.8538,-162.3459,68.2386,-81.4005,77.7498,-98.2413,125.4963,-140.7116,17.2145,-222.6863
-198.1597,79.4593,-191.9832,72.6629,-171.0074,9.3821,-184.3229,-43.8546,-211.2785,138.8930,-186.0321,120.0079,-98.3371,72.0143,-108.6227,129.0422,-172.2561,-6.7736,-281.1389
-239.6214,89.9547,-222.2917,64.2886,-211.7570,19.0965,-220.2859,-52.3843,-274.5118,62.1288,-190.1097,179.0676,-121.8667,80.9820,-139.7706,104.7094,-195.6431,-22.7686,-318.2124
-224.5945,128.7444,-255.1595,81.2676,-227.5645,66.3492,-253.0513,-30.4659,-368.3045,-0.8368,-177.7436,193.3639,-159.8121,77.4900,-208.5164,49.6375,-193.3821,-9.0303,-315.5761
-211.1311,134.5369,-268.3968,100.4918,-275.1130,98.5057,-301.2217,7.2338,-469.1538,-14.0700,-185.9796,142.7240,-190.9375,69.8372,-273.8867,26.8728,-159.8699,28.8635,-285.4591
-244.6523,80.0237,-264.6099,85.8170,-307.1832,93.7533,-332.7077,34.4674,-545.7549,-22.0880,-216.6045,109.0244,-197.2258,82.9895,-327.1342,64.2698,-145.3093,59.9911,-250.4691
-252.3691,39.5060,-262.2579,61.7375,-268.8597,71.1604,-330.6984,67.6683,-583.8489,-54.3975,-238.4190,146.8133,-208.3591,98.5665,-387.4980,82.2838,-168.3151,54.9047,-217.7957
-198.5118,62.5687,-250.1069,69.6326,-225.5417,71.2965,-310.0406,104.0497,-593.9778,-50.5969,-254.6654,184.7611,-241.8924,89.1044,-419.7881,37.6862,-185.4599,33.7905,-186.2925
-166.6983,88.4645,-224.7610,84.5366,-234.1359,95.0883,-282.2668,103.5829,-583.5230,9.6035,-284.0579,153.3072,-271.0984,72.4893,-394.8921,12.6114,-193.1303,33.3749,-161.2916
-196.5328,60.2836,-217.7510,60.0256,-252.4741,96.6448,-259.8262,88.3911,-542.1701,47.5240,-306.8786,104.9255,-283.0748,73.2495,-352.8726,59.5520,-217.6526,47.5147,-146.5715
-228.1041,26.8854,-234.1165,19.8790,-241.7008,68.0937,-251.9015,111.7365,-479.7407,24.6494,-305.8099,117.3753,-276.5874,82.4709,-318.2593,104.1463,-239.5972,61.2105,-145.9751
-236.7651,48.0875,-246.2305,24.3454,-216.3916,56.1633,-247.7509,130.0141,-435.7850,-23.4424,-302.0371,164.1657,-237.0090,91.8840,-282.4891,82.0665,-235.9397,80.6513,-171.0595
-240.6386,90.7830,-245.8153,75.0236,-192.0933,84.9122,-242.4132,75.9358,-426.7906,-82.6764,-303.2060,171.1354,-185.8145,103.5133,-275.5164,35.1508,-209.9900,98.9424,-219.1908
-220.6413,105.6322,-226.1374,114.2222,-166.9897,125.8142,-242.4169,-3.9021,-425.1562,-138.8434,-293.2590,137.0819,-168.2516,94.0963,-306.8240,16.3573,-164.1019,99.4939,-262.5826
-174.5495,99.5862,-179.5911,96.3775,-143.3082,130.2278,-235.7834,-33.1839,-394.2948,-138.0854,-280.7023,102.4027,-177.2354,41.9056,-301.3825,15.6258,-130.0122,75.2265,-277.0135
-142.5281,69.7408,-144.6673,30.9602,-142.2544,77.5777,-217.7644,-23.9248,-319.5851,-82.5845,-276.5177,59.2930,-189.2887,-18.4858,-222.1959,8.6759,-147.9297,17.8957,-265.6038
-117.9800,3.7838,-152.8388,-29.8185,-178.6233,10.1272,-215.1886,-21.0346,-221.3987,-57.2909,-257.1612,-1.6521,-211.2957,-37.3159,-147.0028,-12.7912,-177.8124,-54.9243,-250.6224
-78.7827,-48.7461,-166.2401,-50.5371,-214.4470,-23.8162,-226.0391,-38.1964,-141.7952,-98.2473,-213.4007,-39.1385,-220.8466,-29.1057,-134.5889,-55.0200,-159.6359,-100.5517,-241.2870
-68.5914,-60.0165,-155.7916,-59.5846,-204.7460,-49.7957,-208.4815,-72.2925,-100.5896,-147.7500,-175.8890,-54.4706,-184.5437,-52.8163,-138.2502,-103.7805,-119.9033,-127.6330,-214.1623
-95.1442,-93.3115,-141.7138,-99.1524,-174.8468,-105.3387,-159.7014,-108.2359,-76.1571,-165.7256,-156.8051,-107.4121,-137.6757,-120.6614,-106.0632,-135.4306,-98.8171,-170.6698,-154.7049
-80.5115,-159.3752,-121.0168,-153.5029,-155.1182,-160.7454,-114.4077,-134.7076,-38.6479,-177.6722,-138.9056,-175.7752,-114.9261,-174.9581,-59.1245,-168.7231,-84.3137,-200.7822,-104.2590
-20.9602,-179.2996,-81.0461,-184.6158,-112.5194,-186.8127,-86.0525,-167.4960,12.4763,-200.4974,-122.8806,-177.5552,-85.3181,-173.4984,-36.8982,-224.8216,-72.3620,-194.4700,-104.9389
3.7709,-154.5576,-53.3246,-191.5681,-40.3599,-198.3906,-77.2059,-215.7072,50.0386,-220.6905,-110.4950,-140.2020,-41.3737,-155.1428,-34.4355,-263.0893,-60.7466,-195.0311,-125.6203
-5.9329,-157.0466,-49.2207,-187.7492,5.6633,-197.0725,-78.1441,-261.5905,60.5791,-250.8753,-74.2690,-147.3896,-12.6935,-171.2892,-15.6588,-257.9951,-22.8305,-204.7816,-114.6684
-4.7555,-178.1358,-39.2293,-180.3927,12.1114,-183.7113,-45.3700,-292.0902,74.2797,-306.6310,-8.9227,-173.8096,15.9926,-199.0525,35.5086,-259.4436,23.3759,-179.7514,-78.7363
-1.5650,-175.8092,-33.3113,-182.3441,18.0848,-186.5006,19.2662,-303.5123,113.2085,-342.9776,40.4675,-158.9027,54.7578,-197.5014,85.7364,-285.9131,34.1016,-144.5085,-53.8240
14.0882,-166.2513,-47.5270,-189.3667,28.2024,-198.6286,33.8423,-301.2992,131.4733,-326.2029,45.2095,-141.8928,51.7139,-191.5550,87.3742,-282.1599,37.0556,-137.7213,-46.4106
59.7763,-171.7117,-44.3421,-185.3637,19.4749,-191.6487,-13.0704,-305.6967,91.1099,-308.7052,30.7444,-183.5361,-4.2738,-216.3340,53.6294,-234.2865,70.1299,-135.5863,-27.2084
71.3022,-200.0093,-19.4159,-190.8878,-4.2514,-194.3693,-15.8851,-304.5709,50.7474,-319.1569,26.6964,-260.3322,-43.7204,-246.0870,50.0086,-190.7145,92.0211,-139.3495,29.6189
36.6230,-249.6727,-15.3351,-221.6314,-11.8210,-229.8696,55.3644,-263.4267,66.1759,-300.7164,30.8376,-309.6706,-26.5409,-244.8864,84.6236,-174.0465,72.8519,-169.2249,99.8265
56.1884,-271.5970,-8.6749,-233.5919,29.9116,-251.0396,103.8452,-219.6610,81.9092,-247.6059,32.4636,-307.3797,20.1635,-221.9163,98.3498,-176.3088,53.9659,-178.8945,138.2051
104.8390,-245.2194,42.9261,-211.1050,111.5837,-238.9112,94.9142,-228.8719,41.5115,-232.1978,37.0556,-277.1599,61.3395,-199.7534,90.8569,-185.7487,55.0653,-153.4488,151.6894
51.6036,-239.0108,93.0600,-207.8063,177.9914,-231.3515,96.3087,-243.1200,0.6905,-258.3513,57.3825,-247.6935,84.0688,-180.0757,114.5625,-178.8137,57.2898,-155.2332,170.8044
-26.2603,-265.4753,110.8174,-222.8938,214.4445,-225.4881,128.5412,-214.5121,19.3987,-262.7744,84.5568,-226.5210,100.5278,-164.6244,134.9084,-161.0627,76.4393,-168.8006,190.9398
47.0556,-257.5092,152.5962,-198.2709,256.8085,-197.7260,152.4748,-199.6541,62.3593,-240.1360,88.4894,-232.1979,126.4839,-182.0335,82.8719,-180.5852,135.4178,-128.4917,220.0489
201.3820,-234.2850,221.0664,-158.7899,292.7523,-173.0643,169.3665,-219.7466,98.3032,-238.2657,72.2124,-279.5612,147.0735,-250.4761,16.7137,-241.7005,203.8400,-80.1133,278.1664
265.6036,-235.0735,250.6861,-162.9949,281.6092,-167.9183,195.8028,-220.4178,168.7619,-278.6274,86.5561,-308.4071,143.8468,-313.1003,31.5927,-292.6543,243.6434,-81.1852,314.1593
259.9140,-190.7479,252.2700,-166.8390,251.6043,-158.7157,206.6445,-216.1153,289.7195,-319.2774,150.4894,-254.6227,131.9281,-294.6114,101.6637,-308.0089,263.6279,-87.9626,284.4254
270.9375,-98.2345,270.5354,-120.6150,247.8692,-143.9619,197.9413,-242.1360,402.2898,-276.9240,211.9616,-176.4818,130.3599,-227.9451,182.5032,-286.8741,283.5339,-92.0833,257.9050
286.2408,-70.0407,273.4754,-80.2304,249.8867,-137.8946,214.8445,-245.6954,458.6842,-151.6017,227.0118,-150.1695,145.3821,-193.6731,299.1530,-223.1668,300.4543,-133.9990,277.2849
286.3935,-83.4816,241.7822,-79.5131,232.0924,-126.1337,260.2294,-209.2512,460.7695,-73.5464,220.7103,-133.2988,184.4954,-167.0343,418.5404,-148.0373,320.3523,-156.6396,277.5381
289.9485,-20.1434,236.6985,-57.1129,218.7691,-90.6049,279.6984,-191.6151,416.4227,-107.8663,244.2478,-80.0546,232.2923,-97.4629,450.6645,-113.8754,359.2276,-93.1997,246.9492
311.0412,75.0227,287.5071,7.7617,238.4045,-32.8934,265.0208,-177.8489,350.6131,-163.8673,312.9457,-27.0515,256.9060,-40.7760,411.8452,-118.5016,395.8474,-8.2084,243.3694
366.0408,98.4377,345.3002,55.9356,283.5208,29.9293,265.9463,-123.5337,323.1010,-179.5733,389.9277,13.8417,264.5480,-37.3504,384.3553,-124.7350,396.7759,24.7292,252.7860
426.9516,87.8212,368.9369,62.9030,312.7125,64.5769,296.0893,-75.5144,349.0340,-163.8502,422.6576,60.2592,278.7103,-21.5753,373.5523,-115.3298,385.6859,20.2250,245.9843
421.3200,102.5878,360.3240,57.3287,296.9701,56.8989,331.1645,-54.8304,369.5443,-75.5053,412.2627,84.4636,296.4248,26.5263,360.9275,-78.9260,396.3483,-5.4280,254.7176
370.8400,122.2878,344.4904,56.1422,275.6234,34.6786,370.6705,-4.9604,357.0983,85.5404,410.2837,81.8979,319.0123,43.2801,370.4294,-7.5521,389.5334,-41.7111,263.8832
355.6375,134.5775,348.1221,67.3885,296.2326,24.4668,405.9955,65.2500,344.9073,198.3908,427.2857,95.7845,348.7177,31.4110,392.4342,78.6883,329.8064,-40.5668,232.5849
342.2814,147.2272,362.0809,100.5024,320.8964,41.6314,395.2473,113.4624,332.8970,220.5668,420.4108,114.9202,351.9519,46.7543,383.3070,150.6836,273.1673,11.2802,214.2057
281.0201,150.2299,358.6169,131.8293,298.2196,95.2237,341.6533,171.9697,296.4920,251.2547,377.1678,102.0862,315.3150,74.7868,353.5254,193.8643,264.2192,65.3008,247.8119
239.8734,136.2310,343.4734,119.9621,258.8925,135.3816,303.3241,241.4008,267.9311,319.1647,326.4357,77.4623,281.7440,71.3456,342.7900,208.2412,254.5987,99.3141,273.3732
228.5322,97.6873,322.6576,72.3555,243.0905,103.6595,293.2926,257.9446,271.0439,345.4321,286.6953,56.6469,269.8410,49.2324,343.3574,218.4053,208.2910,133.0437,276.0464
150.9025,49.5894,273.0171,48.8385,234.1106,60.4599,275.0223,243.1822,243.8782,315.8501,262.2711,33.2579,251.5553,47.5928,314.6381,255.1348,163.1248,164.2258,296.3142
56.5734,53.9070,202.4423,81.4789,211.8254,87.0215,245.6348,263.3238,151.6599,313.7044,242.4764,43.2573,217.2384,73.7411,241.7634,308.0046,146.4925,164.5812,305.6505
84.8790,111.6183,144.5610,123.9262,172.6386,122.9634,221.4794,286.8516,69.7855,384.9286,196.9735,93.6021,172.4551,91.7395,161.1706,334.3773,142.6039,128.6717,275.4129
157.9682,133.4317,85.5849,118.6368,113.9198,100.4677,188.5706,268.5335,65.4350,445.2359,135.1421,116.1798,117.3852,74.3952,124.5280,313.6863,138.7117,91.9761,244.3121
104.7836,102.4460,8.1647,83.6769,57.6836,77.7258,144.3692,235.0380,112.0796,391.6269,114.4982,103.3051,72.4957,63.2548,133.3253,269.6870,120.9682,83.2260,207.4767
-19.4646,83.7573,-43.9397,67.3812,25.5301,81.7371,118.4734,193.5220,154.0133,288.2231,137.6233,123.1721,51.7231,97.9954,147.7132,242.4893,73.8524,74.3746,128.4859
-57.1311,83.5837,-40.3963,62.1678,-1.3884,55.9558,112.0408,124.9794,152.6145,253.3949,145.5627,172.2307,33.3947,129.3470,142.7003,233.6138,30.3705,32.3144,47.3548
-13.3144,87.2199,-11.8562,46.5059,-33.9793,23.1689,86.2026,62.5335,87.6184,226.0844,126.5681,193.0257,7.1986,119.1494,100.6829,203.3230,42.5449,-10.1747,0.4444
27.5968,118.8374,9.8480,44.0368,-60.4080,42.6633,25.0845,44.5755,-7.4227,139.9003,109.8937,188.4608,-24.4352,110.8573,16.9520,150.1873,89.0568,-12.6158,-47.5537
53.6457,153.0987,3.0391,61.1554,-99.7516,63.2149,-38.7304,58.0121,-62.9991,127.8730,84.7502,185.8221,-80.5193,105.5531,-54.7984,121.3789,99.0901,1.2866,-102.0938
59.3279,143.7988,-49.6575,57.1231,-163.6074,30.6906,-72.8336,77.9466,-70.2683,227.7340,25.3090,183.3612,-150.6231,57.9210,-77.0011,116.5762,55.7278,-6.1197,-133.8109
2.0436,124.2362,-116.6348,28.9301,-206.2015,-7.9072,-92.3130,86.2870,-88.8346,246.9035,-60.8154,183.6054,-186.4399,18.0465,-108.3673,94.7512,-5.2468,-32.9063,-162.4225
-109.1714,124.0027,-153.4126,19.9142,-213.4741,-21.3614,-133.4480,74.7149,-151.8438,150.2133,-150.4008,187.6475,-196.7553,52.6529,-182.2684,71.1163,-69.0555,-53.0662,-212.3046
-204.1038,113.1742,-184.3190,32.5371,-242.5831,-26.5680,-193.5956,65.0706,-235.2973,103.9004,-217.0655,180.8625,-230.9948,97.5182,-238.2825,81.7130,-140.4557,-35.7601,-260.0396
-258.3805,90.4523,-250.4443,33.9634,-308.6262,-9.4031,-243.1445,71.4789,-307.6058,100.5073,-255.2518,167.6277,-278.7664,86.0456,-266.9726,106.7350,-215.4593,18.2393,-286.3128
-325.9321,65.9401,-329.1541,23.3154,-363.5154,25.3314,-284.9411,75.2370,-355.7148,29.3481,-310.5256,156.5453,-308.4221,74.2131,-321.6135,123.3297,-301.4610,58.4065,-302.1223
-428.9237,20.8437,-382.5329,20.6207,-396.1806,30.7957,-339.6112,77.7285,-384.4562,-41.4865,-402.6136,132.3476,-334.6357,109.9141,-379.3088,137.8544,-396.9341,63.4938,-331.3881
-495.4658,-9.5579,-409.0396,32.3722,-423.7045,25.7845,-396.0940,90.7691,-420.5392,-24.0772,-462.7413,102.4323,-367.8476,152.6303,-404.3375,136.9271,-455.7642,76.6971,-393.7507
-482.6685,26.6008,-422.0927,55.8667,-426.4513,64.9639,-434.8448,84.8067,-484.2821,13.2982,-451.0508,100.8487,-394.0551,169.9397,-444.7006,112.4270,-459.7300,113.0729,-462.5546
-465.4282,77.8038,-441.0323,78.5500,-399.6659,117.7641,-461.5416,47.9174,-548.5805,-4.0641,-432.3032,114.1240,-417.5532,172.3156,-505.7995,90.6807,-466.9492,142.0550,-487.6497
-500.9416,80.8796,-472.6137,87.6432,-397.6795,132.9098,-488.2588,28.8397,-572.3111,-65.2653,-455.1071,92.6540,-445.3448,167.2452,-528.0598,68.5785,-506.7892,160.4968,-482.7422
-531.3761,66.5104,-487.5567,93.5766,-449.1547,128.1082,-517.8870,50.9149,-558.0665,-109.8444,-489.2432,42.0605,-473.2408,158.5501,-536.3051,27.4572,-538.4832,163.9704,-492.1855
-520.9682,62.3474,-474.5642,101.9324,-510.5127,116.7701,-545.5446,80.8734,-523.2014,-71.5832,-509.2807,22.2728,-513.7584,154.0645,-576.9924,6.7348,-553.8162,117.0608,-514.2831
-520.0475,52.2237,-473.7619,92.0829,-550.9413,89.1204,-568.9189,93.4547,-462.3022,8.3728,-518.4835,54.7465,-572.3047,153.8061,-603.4410,24.8061,-566.0311,44.6630,-547.9733
-519.6859,50.9597,-502.5818,74.7172,-590.2227,85.4659,-609.3522,78.8179,-394.6002,20.1663,-519.5596,90.1600,-624.9318,155.5218,-611.2708,11.0177,-532.9816,27.8204,-602.3503
-456.6813,81.8837,-524.4058,97.2309,-627.5219,133.2526,-677.7878,35.4427,-370.4163,-12.9949,-528.8271,86.3852,-660.1968,157.5815,-664.4738,-53.0380,-456.9128,65.5413,-630.5812
-385.4002,126.2848,-516.4847,148.7712,-631.0732,163.6766,-718.0247,3.2288,-384.0033,-4.2148,-549.2719,70.5064,-673.9932,147.8303,-709.7488,-73.8965,-436.1988,85.6272,-595.2312
-409.6905,146.9586,-491.8927,157.4388,-599.2870,123.6953,-675.8171,24.0869,-383.7645,32.3733,-548.7725,75.7865,-643.0676,107.9678,-657.0926,-18.9495,-492.9010,85.1433,-543.5448
-480.4335,114.1551,-464.9937,106.8943,-545.6926,72.7840,-596.3338,77.4138,-376.7007,93.7390,-543.0814,77.0735,-582.6912,48.7795,-583.6421,31.3077,-534.1424,117.1216,-504.1270
-479.7055,49.0259,-450.6819,58.2730,-468.9621,70.7305,-546.9955,123.1807,-395.1106,188.2857,-586.0052,57.6442,-549.8960,30.0894,-578.2773,36.4426,-527.6910,162.7767,-446.3832
-420.4592,23.7235,-460.4622,48.7603,-410.7852,80.4995,-523.3071,148.7888,-409.0160,189.7249,-627.0771,53.1198,-541.6927,78.2253,-571.0131,25.1616,-518.3932,145.9454,-396.7898
-383.6685,39.2929,-477.9784,52.8314,-433.0458,54.7686,-508.8034,141.7023,-403.7792,51.4465,-567.3206,64.8457,-504.8061,105.7574,-511.0874,3.4151,-510.3406,75.2693,-413.1026
-370.8128,23.6238,-470.7879,46.1426,-480.0177,23.1656,-503.4453,99.4671,-439.5127,-36.6773,-455.8479,43.0146,-439.0072,42.1890,-459.4839,-20.6793,-486.9695,56.9270,-455.9113
-346.4723,-4.8979,-421.5170,42.0518,-429.1392,31.8155,-474.2468,54.5045,-519.4151,-0.2813,-409.0977,-8.1759,-378.2387,-26.1317,-435.5832,-11.2062,-454.4719,119.8310,-447.0462
-315.0328,22.3044,-349.8250,52.3205,-302.0361,61.4460,-401.7548,24.2058,-540.2523,9.6414,-396.0587,-30.4564,-323.8120,-13.6842,-406.5724,8.0149,-406.2959,151.2268,-386.7882
-291.7746,57.8966,-306.6131,57.3695,-233.3479,63.2618,-328.5178,-6.5972,-459.4433,-40.6404,-323.9347,-13.0636,-272.5458,17.0532,-369.7060,-15.7613,-352.3122,89.8675,-319.2509
-277.0909,34.1143,-308.5313,42.0981,-249.9109,38.7323,-287.1276,-25.3271,-365.6167,-63.3266,-223.1765,8.7193,-233.6501,16.3718,-304.7423,-34.3448,-336.5768,31.9403,-268.7668
-261.0782,-3.2001,-303.2444,25.6208,-261.3583,26.8977,-266.4905,-0.5550,-331.1773,-56.1219,-164.9002,14.9771,-197.9146,24.8554,-198.2392,12.2563,-350.7298,52.9320,-232.7046
-229.1275,-10.7822,-256.1438,25.3002,-222.6848,37.7460,-248.1762,48.4861,-320.8764,-11.7562,-140.9786,-2.1114,-163.6645,23.2193,-132.9035,43.4543,-335.5120,100.7825,-176.5917
-194.5742,-13.1459,-208.8153,33.6410,-168.0110,54.0135,-201.6289,71.0677,-279.4686,71.7038,-135.8763,-38.4370,-155.7941,-24.7558,-169.9493,-20.3742,-275.7628,127.7767,-78.2293
-189.1041,-6.2505,-190.4301,49.1680,-128.0616,72.3809,-121.4795,53.9241,-223.7814,60.8314,-153.9105,-54.6321,-167.7535,-39.6244,-233.6706,-100.7939,-197.8670,148.0746,5.1102
-183.4378,24.7394,-161.0047,72.7490,-92.2460,92.8949,-77.0597,21.7955,-203.5702,-83.0449,-145.1958,-16.3762,-154.3333,22.8948,-249.1637,-117.2109,-128.9333,155.7877,5.7249
-109.7174,41.3775,-94.5441,76.8217,-38.0473,97.3304,-96.8792,0.5068,-206.5139,-174.3124,-68.5102,49.7642,-104.7413,68.1322,-231.7553,-105.4360,-96.1194,133.3099,-36.7485
8.0420,18.8208,-27.2793,43.3039,22.3804,73.9155,-95.8022,-0.0535,-165.8550,-125.5649,9.3128,85.9311,-53.7528,48.9246,-190.8206,-91.4098,-87.3026,96.9274,-39.2991
74.2058,-14.6036,5.8031,4.0534,52.2775,37.0157,-38.6246,10.0882,-55.7147,-30.4015,22.7914,71.1529,-22.6626,14.4519,-117.5961,-65.3764,-53.2825,57.4687,-7.5964
77.3269,-31.3810,16.6929,-11.0879,49.9117,7.5334,1.5657,13.9670,82.5312,58.3671,27.0080,33.1866,-2.6924,-27.6290,-35.7599,-62.7553,-4.7407,11.8019,7.5106
87.6369,-25.9311,34.1878,-14.4846,40.3959,-4.3268,8.4536,10.9425,188.8712,97.4417,87.0443,4.6323,16.5964,-72.1859,42.7903,-83.7535,4.3998,-24.3703,21.2063
121.2274,-13.8856,60.7214,-18.6396,31.1646,1.2347,42.1936,19.1839,227.6815,46.4634,158.9259,-12.9447,40.0877,-63.5030,124.6450,-58.5347,-7.6897,-40.3974,81.7657
128.5341,-24.5550,82.4451,-19.0660,40.1323,11.7316,118.6584,58.4186,234.6364,29.6661,171.8454,-35.6824,76.1771,-23.4331,190.7297,3.5127,12.5346,-40.3663,186.5764
98.7917,-51.9550,109.0693,-19.3965,99.4049,8.8213,220.3932,123.2608,290.9016,138.9395,140.6933,-64.0603,127.9454,-42.3869,240.3163,22.6628,62.1893,-18.0307,300.4097
94.3198,-57.3669,158.4868,-17.7704,186.9478,-6.6975,323.4440,167.2157,375.9041,216.6006,134.7605,-82.3780,180.0910,-109.4320,298.3546,3.1535,126.2292,14.2686,392.0798
167.8317,-35.0190,214.0058,0.5396,247.6597,-6.4935,369.6472,152.8876,376.2283,171.0238,173.1903,-80.2146,212.8554,-133.1592,343.9495,-4.5763,208.1211,20.5127,433.6593
277.4504,-13.5633,247.5812,23.9514,277.9576,25.9419,357.9358,123.5688,314.1343,145.9055,201.0640,-63.8330,227.4968,-87.0839,368.2405,7.5427,275.1819,4.9529,437.4616
329.8323,-13.9601,258.2303,21.9986,300.0964,57.3504,377.1245,150.6801,327.1816,191.8148,187.7212,-55.6992,238.9736,-25.0373,430.9935,52.1020,287.4469,-3.9025,455.3517
308.7272,-34.0059,253.0002,2.5281,307.4087,48.0810,431.0669,211.8948,393.9107,200.5526,187.3753,-65.7653,252.6624,-8.2364,512.9783,123.1330,279.8404,-16.2376,482.6458
285.3527,-40.9871,240.4314,0.7125,296.4591,22.7876,432.6306,218.9693,388.8849,146.5689,234.4854,-58.4683,269.3470,-32.8188,498.8189,150.1975,319.4298,-39.3749,459.3853
297.4668,-10.2378,243.7010,18.8052,283.7980,32.8839,400.3439,153.2372,344.8021,66.7780,272.0345,-0.2725,291.6629,-26.4078,411.8870,117.2714,399.3346,-47.0807,392.8957
320.5665,24.1771,264.4997,31.5458,283.0758,64.7389,402.3279,74.5160,350.2396,-17.1937,269.7809,63.1883,311.1598,27.9128,397.3614,97.8015,452.3215,-44.6969,345.2872
343.0610,28.0811,282.3339,30.1508,307.2286,63.9990,388.1818,20.6357,355.6734,-47.5668,279.2147,61.6075,317.6036,43.7223,445.1729,108.7233,458.4269,-62.5523,314.9430
368.0473,22.5125,309.0546,16.9048,350.3017,24.8566,320.2230,-21.7168,319.6849,-32.7889,311.7885,18.7572,320.7402,-11.6339,427.6803,105.9581,462.9447,-90.1314,267.4498
380.8903,13.3127,350.4058,-14.3466,375.8741,-20.3648,288.6398,-69.7235,303.5132,-73.7280,327.5222,7.6422,334.7394,-55.8334,352.0573,89.8240,476.0150,-112.7083,225.3888
374.6351,-25.5549,359.2294,-57.5069,373.1708,-59.2643,325.1099,-108.8082,308.4740,-143.4476,339.3661,13.0423,356.0565,-45.6289,309.6515,70.5078,454.0703,-148.4810,226.3120
355.1764,-76.2694,325.8015,-85.9559,367.7290,-88.3727,348.6654,-103.5721,287.9053,-137.4432,369.3952,-34.9414,378.0060,-34.3813,310.5880,32.7874,408.6638,-184.0591,270.5447
322.1710,-106.7131,309.3293,-91.7422,366.5706,-98.3288,358.6070,-61.3108,287.6928,-118.6312,379.1755,-124.0717,402.1545,-61.9822,345.6635,-9.3728,400.8663,-172.1380,340.7753
290.7698,-130.6479,326.4594,-99.3269,373.2982,-103.2514,412.9663,-52.9725,343.7675,-170.0239,356.3366,-175.1161,425.1483,-102.5414,420.3216,-31.4427,416.6549,-120.0706,406.8899
286.1199,-154.9505,345.8802,-123.3542,410.9019,-128.2055,459.7417,-106.1847,381.6673,-200.3828,343.7263,-157.5345,439.2489,-111.1401,460.6612,-34.6272,393.5735,-82.5788,439.4300
297.0493,-162.4579,369.9453,-150.2418,463.8629,-160.9623,430.1762,-148.5155,362.3085,-162.1309,346.9520,-113.6208,442.4427,-87.1818,399.0016,-22.6299,340.6192,-72.4976,440.1786
296.1490,-161.2731,390.2026,-164.7107,484.7327,-165.8421,384.2672,-137.1561,350.9340,-153.0363,342.7158,-105.4793,434.9663,-83.7265,316.9321,-22.5872,311.5335,-55.0479,422.9091
280.0247,-158.5184,363.2594,-159.7792,469.6846,-137.2425,388.9448,-131.4620,393.0392,-182.5842,332.7274,-147.3606,415.6979,-111.2706,308.6748,-68.2442,319.2426,-16.9598,398.8845
249.8472,-140.6537,308.3005,-135.8790,437.3942,-102.8495,400.8428,-169.6202,459.7880,-169.7062,308.1124,-159.4184,381.1336,-94.5028,319.8776,-114.3514,336.7894,7.9111,385.3907
218.7423,-120.7367,282.8003,-111.3017,387.2634,-81.6511,371.8668,-209.4175,496.6207,-142.8910,259.4178,-70.1003,327.6904,-12.7586,280.2811,-106.7891,327.8234,-7.5271,364.3644
222.2836,-116.4340,275.6436,-99.9835,330.3308,-66.7854,320.8333,-222.2352,464.6684,-170.9225,220.9294,27.6996,268.7914,37.7320,232.6223,-91.6788,287.4944,-32.3890,292.9112
250.0302,-106.1941,261.4277,-82.6359,282.4649,-52.5530,264.0164,-218.3104,372.3397,-215.5888,210.7617,2.3518,231.6279,5.5365,218.8817,-104.2072,261.3818,-26.7518,203.7646
245.6434,-76.3101,263.1357,-46.7621,242.9122,-49.0179,198.8600,-193.2702,256.9342,-211.4329,201.8768,-72.4927,214.6284,-45.1260,207.4806,-99.1743,257.3455,-13.0916,165.3236
204.6873,-43.0272,273.9806,-20.6381,220.9693,-51.9858,144.1213,-143.6180,140.0596,-157.4534,184.9933,-51.8043,184.6957,-59.2978,185.7531,-77.0504,211.8351,-22.1627,152.3214
158.0904,-15.7166,244.4267,-20.6704,206.1825,-37.6224,117.8740,-95.3492,50.0444,-90.5742,158.7319,7.9021,138.1527,-45.5995,174.9362,-77.8363,122.8322,-19.9474,110.9678
100.2014,-3.5847,169.6566,-27.1549,150.1919,-12.0531,107.0688,-74.0804,10.1471,-55.0533,112.0583,-14.6135,106.7347,-31.7848,153.3472,-81.2625,67.9505,16.5536,59.9751
41.8915,-13.9627,89.8673,-36.8356,68.5877,-10.3657,82.7550,-78.1190,-29.4271,-57.5048,80.1633,-72.2946,89.7696,-48.9489,85.2225,-77.0374,55.2632,35.8294,17.0569
21.2292,-25.1958,33.6306,-57.0533,30.9493,-26.7354,23.2737,-80.8599,-118.6416,-50.6205,90.3612,-92.5902,53.3517,-94.7590,-4.8482,-94.4668,28.7578,18.1856,-28.5891
2.9145,-21.6522,1.2868,-57.2082,7.8346,-16.5417,-60.8607,-66.8456,-207.3351,-32.0149,79.5532,-117.8937,-4.4711,-113.5272,-72.6257,-113.3114,-16.9366,30.2299,-61.1792
-67.4282,-8.4764,-36.6319,-12.1143,-71.2778,26.3934,-132.7388,-73.0181,-251.1707,-58.0999,14.2923,-152.1890,-61.9109,-83.3656,-126.2110,-119.1985,-60.9843,96.5060,-91.2780
-137.4848,29.7791,-97.3069,45.2227,-155.1182,63.8639,-191.4173,-127.6027,-289.3834,-91.6159,-41.8216,-126.3725,-123.8543,-50.6159,-201.0073,-146.6065,-100.6649,144.3707,-162.5394
-151.3923,90.0280,-143.9771,78.1293,-175.5235,74.2364,-269.5160,-168.9043,-329.7777,-24.0611,-77.3885,-59.3028,-191.8411,-34.5648,-296.1015,-156.3095,-122.3906,128.1919,-243.6466
-160.7533,115.1420,-157.8711,90.3670,-177.7423,68.9869,-343.9388,-142.2533,-341.6965,100.6127,-135.1791,-26.4428,-227.8808,-6.9075,-369.0069,-91.9242,-131.5704,90.4303,-284.2695
-199.3538,87.3232,-179.1731,85.9496,-205.3333,64.4754,-365.0864,-106.2160,-362.8434,120.7382,-175.6038,-22.7924,-220.5481,32.1533,-388.7686,-36.3946,-165.7211,71.1111,-321.1748
-219.0185,55.4288,-216.6022,60.9138,-240.1388,60.0140,-366.4595,-110.5563,-419.2484,34.5108,-165.9140,-10.9536,-227.7183,58.2106,-374.9399,-56.1295,-219.2476,52.3631,-357.5746
-218.8601,36.7999,-240.6283,33.5804,-282.4048,40.0852,-397.4165,-94.0764,-439.5600,-2.8552,-182.0547,0.9371,-282.9360,67.7388,-364.7980,-61.7674,-262.0757,13.4278,-317.0708
-260.8292,16.1041,-264.3669,20.8681,-322.7168,7.3648,-409.9493,-14.5607,-393.4583,53.2602,-254.4047,-1.2758,-325.0293,63.4788,-365.3906,-18.9384,-307.6882,-20.6713,-220.2937
-342.0372,8.0355,-298.7775,15.3511,-315.3272,-5.9275,-351.0258,65.8145,-338.1469,106.0257,-308.1974,-15.2485,-290.5733,49.8663,-364.4191,-19.2975,-358.1117,-10.8172,-169.4031
-395.5086,24.6745,-303.7057,14.8816,-272.1400,8.2859,-258.2631,87.1851,-272.3467,121.9456,-318.6782,-33.7077,-220.3292,43.3621,-347.5700,-64.2956,-382.5776,37.2317,-166.9926
-400.2932,45.3108,-277.1676,21.3565,-244.1244,13.4661,-179.6932,67.3629,-154.4798,158.6306,-322.4095,-35.3791,-201.0016,41.0332,-293.6339,-66.9322,-390.1267,78.5371,-157.2725
-396.5326,45.0674,-263.7621,16.1410,-225.3646,-5.3219,-130.5194,59.1156,-41.3861,214.2156,-318.5571,-8.1031,-236.3730,25.1407,-214.0256,-22.7271,-402.0681,95.9810,-139.6168
-403.8980,11.2433,-257.5054,-3.9527,-209.1828,-16.8600,-132.8155,85.7921,-18.7591,217.9620,-299.5086,32.6576,-254.4308,19.1320,-172.1287,27.5176,-400.3116,111.9707,-127.9562
-379.4683,-26.6606,-235.9471,-5.1688,-224.8474,-2.9919,-171.3500,114.6472,-60.9380,169.6803,-273.2030,73.6066,-227.2797,59.7632,-189.4735,75.1199,-381.0600,127.2859,-133.1637
-291.7817,-10.1034,-222.9044,19.6730,-247.1727,20.4738,-178.9398,112.8959,-91.7245,152.1022,-225.7803,97.5088,-198.4037,117.1347,-202.9433,96.3301,-357.6548,119.5745,-175.5494
-201.7837,42.2199,-222.6520,34.9756,-230.3958,41.2047,-141.9378,104.8953,-100.4113,172.9766,-173.3002,78.2647,-190.9426,134.7166,-175.6145,73.7388,-317.8686,101.2121,-221.4081
-182.7848,52.4341,-209.1527,37.2784,-209.0450,60.7422,-109.5469,103.8690,-119.0305,129.6896,-172.2807,41.8639,-179.0610,125.5205,-144.0163,51.3378,-272.4315,96.9036,-223.3572
-203.2352,33.8430,-192.7858,58.6307,-215.1954,77.5264,-101.4411,70.9057,-152.4028,-1.0029,-208.3747,48.2757,-152.5865,136.5090,-137.4177,63.5097,-247.1939,89.6753,-225.2388
-194.9827,55.0597,-185.4615,92.5446,-199.7394,84.0704,-112.4357,15.4360,-178.9730,-90.8227,-207.3789,86.8959,-126.5764,155.3822,-155.9729,76.6039,-208.5184,69.5094,-266.8322
-167.4705,94.3519,-162.3653,103.8132,-145.7302,75.3844,-144.9630,0.8713,-197.3253,-61.0528,-163.7003,101.3159,-106.6020,140.4350,-188.7387,58.4043,-146.7902,70.7289,-286.7861
-156.4953,96.2079,-125.3271,92.4886,-119.8108,58.9878,-181.4852,25.0147,-233.7614,15.3956,-124.3920,94.9902,-104.0543,103.4663,-196.7876,37.3898,-133.3561,88.8761,-251.2849
-148.1109,78.8249,-106.5697,82.4717,-148.3319,49.3404,-199.3155,38.7695,-289.7459,58.7375,-92.2008,106.6921,-129.0513,88.0274,-169.2626,50.3695,-162.8542,63.0112,-213.7394
-124.7374,80.0774,-108.2695,79.9196,-178.9604,45.6444,-195.6054,32.4490,-321.7637,45.0850,-48.5762,132.5448,-150.4211,100.3795,-164.3600,71.1892,-142.7345,-7.0972,-191.2670
-103.9394,97.4210,-126.2573,74.7070,-190.0851,36.9782,-163.2517,8.3406,-298.1198,-31.2988,-9.8723,137.8255,-145.7504,110.0624,-185.6751,58.6098,-85.0828,-51.1532,-153.5955
-100.5062,104.0463,-167.1287,54.5867,-217.7673,26.3460,-123.7026,-23.8123,-240.7426,-89.5049,3.2803,101.4749,-149.6638,87.5440,-153.4105,43.3928,-66.6313,-54.1632,-120.1065
-104.3401,79.0279,-195.1290,25.4125,-258.5753,20.8874,-142.2795,-23.0122,-197.0809,-19.6634,7.1018,43.3029,-168.1868,35.4742,-77.6803,57.7249,-65.1622,-62.0215,-128.0341
-95.1076,54.2837,-167.2528,18.5866,-253.3883,16.4030,-203.1533,3.7369,-187.5353,87.7860,28.5846,17.7931,-151.4922,7.0645,-48.0884,51.0518,-43.6438,-77.9681,-150.2171
-68.3927,81.3419,-114.3943,41.4753,-195.6738,13.0900,-199.0996,2.8063,-181.3712,50.5925,56.2868,42.7659,-108.6892,47.5678,-54.5366,9.3836,-39.0396,-67.8044,-137.2032
-47.9928,123.2184,-88.7708,62.9363,-146.9730,21.9825,-127.7345,-4.6985,-139.4921,-70.2755,55.4505,65.8240,-94.8473,106.7815,-44.4133,8.1627,-48.9900,-27.6794,-100.9348
-45.6708,112.1117,-80.3829,80.3037,-119.9048,47.4566,-102.2377,23.8614,-83.5778,-92.7121,28.8229,41.8797,-86.3445,102.4605,-41.4713,48.2688,-26.0195,21.7324,-94.3872
-37.5648,75.9475,-62.1370,105.6143,-79.2846,73.7250,-140.7968,45.1136,-63.3723,-47.2935,10.9854,-16.4024,-40.3601,57.6749,-39.2794,62.4741,9.5430,49.0981,-114.6740
-21.4241,52.9199,-54.9106,94.6627,-53.3814,66.4871,-150.8023,42.6690,-54.4192,-44.3608,13.4372,-71.3267,-4.2201,47.9562,14.6589,78.7254,16.0896,16.5085,-94.6780
-33.6160,14.3648,-83.7778,23.2479,-84.3501,9.2469,-95.0873,72.3773,16.1865,-31.3112,23.2949,-82.6635,-20.0802,54.8394,74.6166,125.3246,3.1963,-59.4557,-18.9154
-73.0547,-23.9776,-122.0157,-36.0047,-117.0104,-58.3268,-12.8067,110.1872,151.5854,50.5699,27.9709,-38.2618,-43.1562,18.5766,78.1384,117.2455,-23.2276,-101.2490,51.8961
-95.1672,-16.7740,-134.9030,-39.8681,-90.9154,-87.6272,64.4089,93.4015,284.8452,134.6666,23.6834,8.8001,-34.8877,-29.7277,87.0401,45.8151,-60.8702,-83.3835,97.6346
-93.4874,-9.4429,-133.8521,-39.9237,-48.5058,-86.2948,120.8749,77.4777,363.7063,185.4117,32.2686,7.6297,-7.7020,-30.7406,143.7348,28.8138,-66.5854,-59.7824,152.5971
-84.9024,-41.3554,-129.7003,-51.4851,-35.0141,-76.8561,145.0434,124.4586,375.0085,233.7613,76.2095,-14.9424,26.9188,-13.0304,180.3298,75.9436,-26.7205,-50.4318,209.9693
-38.6720,-56.1086,-85.1295,-42.4761,-16.7503,-55.9203,146.7812,175.8076,334.3138,264.6290,125.7591,-25.0478,61.8018,-28.9437,174.6909,92.1832,1.0730,-20.8677,234.6896
66.6051,-37.6127,13.1106,-35.3414,37.0555,-38.1959,150.2951,182.3811,277.3484,253.5872,145.7441,-33.1977,96.3750,-51.4252,169.4767,76.0070,-11.3307,28.0036,233.6764
162.1821,-33.1859,103.2469,-41.8326,107.8656,-37.9851,170.1855,176.5650,225.0510,219.1191,150.8190,-21.7672,151.7710,-25.8809,162.0081,82.2771,-17.3574,69.5802,238.1255
179.4660,-23.9502,146.3974,-8.2950,174.5456,-12.7071,199.6186,181.0386,174.8862,162.7139,140.6436,38.0980,214.7695,34.0054,156.7755,110.7835,25.1253,116.8239,263.4991
173.8215,30.3530,185.5670,60.8685,237.5599,57.9322,219.6862,192.3777,141.6601,86.6689,103.7368,90.6035,236.6415,67.0631,197.0950,132.4515,111.7529,179.0343,293.5602
241.3085,94.7472,257.7204,96.4690,307.7070,107.0322,225.8927,196.1525,149.1754,38.5520,106.2751,68.6567,230.8977,47.2803,264.4438,107.9237,208.9580,213.0873,281.8168
355.3877,124.1166,344.0678,93.5146,377.0413,96.2577,231.2922,155.9089,182.5391,28.5476,195.8845,15.2645,250.9187,7.7745,309.4877,33.6449,271.0583,193.1721,225.2175
415.3228,114.5075,415.2993,85.2716,411.6075,79.0530,249.4242,86.2364,208.7307,9.0222,285.6412,-3.2138,288.8550,-5.4492,340.6870,1.2807,283.5096,164.6497,198.0036
410.7947,86.3293,455.9832,78.6509,411.4083,95.2539,284.9602,61.4573,217.2140,-22.8306,308.8886,-6.2128,314.9268,15.0649,355.4291,52.8830,292.1999,173.7499,235.5271
405.4067,84.3150,468.4602,98.5297,418.7953,128.1590,310.6042,82.3569,205.7051,-43.6208,322.7914,-17.5522,333.5405,40.1684,322.3413,80.8809,341.8942,196.4796,289.7625
411.5630,113.2303,469.9402,145.0574,425.7396,154.4101,276.3621,86.7747,182.7547,-76.8153,345.2751,-7.7520,332.6646,47.3430,283.2755,41.6887,406.5181,181.4083,330.8026
405.1084,110.9613,454.9173,146.1891,386.6129,148.8911,195.2692,79.6730,190.1901,-103.7738,318.5209,16.6667,296.2324,35.7282,300.6601,34.5203,430.9202,129.7334,350.8316
399.7188,81.5758,406.0989,96.2267,333.6609,106.2771,153.0540,89.5547,245.3922,-33.3372,261.3887,6.6443,260.6975,6.2182,332.1268,70.2472,408.6418,87.6949,323.0093
403.7551,93.5295,354.9987,79.6172,330.3891,71.8090,180.6890,92.8190,281.6158,110.0677,242.4720,-27.4551,255.7326,-29.8697,301.3099,57.5732,364.5631,71.0395,276.3789
376.6473,107.8365,338.6267,88.3980,348.0165,65.6810,222.0526,85.4015,240.6316,158.3967,258.0183,-33.9345,265.8197,-37.3609,225.6062,3.6546,303.5766,50.9704,274.4395
301.6158,52.6120,327.6078,50.1754,329.2036,44.3364,243.6922,87.7896,177.3363,67.1555,268.2255,-8.9355,289.1830,-8.8049,187.4568,-28.5712,229.4482,14.8866,277.4128
229.6136,-0.2779,293.8428,-1.6582,289.9357,1.7933,253.8134,77.1563,166.9209,-9.8194,256.7101,30.3978,316.5651,8.5534,219.9944,-42.6041,169.0257,-21.0809,213.8207
207.0751,16.0366,261.6753,-11.0322,260.7206,-15.9740,245.6646,46.1209,187.6701,19.2757,229.2034,79.2679,296.5417,-4.3979,257.6352,-42.0284,133.7783,-54.1760,129.0158
212.7661,18.8191,236.3808,-15.5293,224.7581,-15.4343,217.2523,38.8575,199.5123,81.9959,218.5220,95.1935,228.8989,-8.0907,230.5197,-9.4422,102.4656,-89.1272,81.3437
201.1774,-31.5473,198.1324,-35.9300,163.2304,-33.7028,184.5829,58.8004,228.7253,124.3625,232.3254,40.4453,178.6512,-2.3910,183.5368,29.8348,70.7813,-112.3155,41.8458
173.8266,-47.8005,161.1576,-34.6951,95.6352,-50.7554,150.1779,70.4010,283.5656,171.1206,218.4366,-24.9128,149.0282,-32.5516,192.3335,52.9420,63.9494,-112.2406,7.9765
150.0271,-14.1625,142.2625,-17.2583,59.5933,-38.6543,117.6091,74.4838,309.4378,212.0217,169.5634,-32.1143,92.6389,-77.6382,214.4499,67.7730,82.3820,-87.7795,20.5054
103.3238,-5.8114,126.5263,-10.2541,63.8135,-20.1972,98.0834,72.7682,280.2023,204.7462,150.6142,-15.0641,32.2764,-79.8718,180.2806,61.2397,91.1956,-34.4582,52.1792
21.5829,-20.2469,106.7732,-1.0133,70.3952,-12.0741,82.0191,47.5977,217.0888,152.8198,167.2241,-14.4115,22.2317,-61.9447,131.3974,34.7004,71.2488,29.1745,52.1805
-27.9432,-6.9489,81.8131,13.0585,53.3786,2.5592,65.1997,22.0138,142.3163,89.4065,163.7984,-12.7963,46.9733,-70.5751,128.7991,29.7508,36.8717,61.3343,36.1079
-12.6314,7.2760,39.9848,16.7866,38.5319,24.0838,61.1618,26.7565,106.8000,53.4499,132.6055,-32.1884,58.7944,-78.3329,159.8598,44.7681,3.3385,59.4574,26.8292
-14.7403,-27.2527,-1.8529,16.3220,36.5769,30.4332,51.9938,39.8820,152.2345,76.7519,87.7065,-102.1915,45.3291,-57.6638,197.1262,41.0768,-25.1221,53.0939,11.7107
-79.8612,-79.4915,-19.0020,14.1506,20.2784,21.7952,23.2423,42.0259,204.7123,116.2458,25.0533,-137.2024,22.0928,-38.5333,208.9442,20.5545,-35.5648,41.9327,-8.2094
-135.6455,-73.5942,-29.8500,12.9373,4.7068,27.4484,16.2351,40.4267,169.3797,88.3306,-27.6777,-52.1265,10.9782,-27.1271,145.3183,-6.4093,-20.2269,24.3882,-25.0465
-142.0770,6.9579,-43.0403,40.1548,30.1887,59.9241,36.1339,18.2920,85.7553,13.9278,-47.2464,77.5478,15.4876,8.2924,18.5524,-37.5320,-5.3764,24.9216,-57.9679
-135.2631,90.5858,-36.5461,84.8966,62.4525,86.9962,17.1180,-34.0145,19.6905,-22.0693,-74.2552,141.4778,1.8567,60.9273,-92.1250,-34.1884,-11.6870,27.1769,-122.5853
-110.1896,109.9995,-32.7045,93.3534,33.1375,80.2604,-55.6002,-82.3443,-59.4409,-32.7523,-132.1148,146.8406,-60.0831,96.5682,-151.6074,7.2765,-8.5906,-9.7483,-202.7210
-45.1540,94.6184,-68.4406,76.4184,-50.1613,66.0157,-137.0018,-109.8556,-156.2783,-68.9635,-171.8559,140.2147,-149.0569,105.6364,-184.6604,13.3105,28.6373,-52.9251,-259.5204
9.7086,103.7004,-109.5837,87.7203,-129.3568,73.4844,-210.2505,-125.0412,-202.1213,-94.7237,-158.9073,123.9357,-219.5100,85.6686,-209.9675,-29.4275,57.0746,-49.6482,-260.9684
4.5707,113.8394,-116.0606,106.7933,-182.1563,78.0309,-254.1187,-111.3124,-194.4757,-95.5328,-132.4371,95.1782,-254.6056,37.3188,-232.1124,-54.7915,28.3342,-32.6209,-226.6893
-34.5461,82.8056,-117.5221,87.3979,-217.7962,60.1423,-236.0127,-67.9295,-196.5431,-144.4238,-147.6716,66.6383,-265.1157,-0.7602,-256.5238,-59.9529,-38.6225,-44.3463,-210.7548
-69.9193,54.6486,-143.2431,55.3470,-232.8752,48.3391,-199.5179,-34.6156,-227.7950,-225.8020,-196.9786,51.6105,-254.1846,14.8707,-285.4449,-67.3391,-101.8527,-61.0801,-224.2362
-109.6199,69.5717,-180.9778,42.7571,-223.3724,48.2780,-201.3223,-12.6456,-261.0856,-212.2742,-227.8288,55.4680,-215.0705,61.5264,-300.2454,-29.8795,-162.4731,-74.6841,-239.3488
-178.9414,62.5115,-226.7869,18.5113,-220.4564,19.0974,-202.1511,24.1414,-241.8582,-106.4307,-246.1721,53.9254,-165.9061,73.7472,-252.2567,46.2150,-247.6839,-113.0390,-259.6966
-265.5391,-14.4226,-280.3731,-37.6815,-259.8452,-42.9279,-174.4316,41.5511,-149.3628,-62.8202,-302.5024,18.1632,-147.5097,40.7111,-150.3517,65.3917,-344.5824,-158.5798,-305.4701
-303.0696,-84.0323,-317.6422,-83.0214,-309.7044,-86.4520,-181.8794,4.3056,-112.8205,-122.5422,-357.3737,-26.9552,-168.2350,23.2334,-122.8432,30.4810,-385.9825,-175.6987,-355.4405
-263.9999,-83.7722,-317.1671,-89.8906,-305.9540,-93.1083,-246.1372,-43.8120,-258.0127,-173.3295,-336.8742,-47.6078,-195.3723,46.8382,-234.7531,27.5384,-353.2244,-179.0845,-373.4790
-236.2703,-76.5716,-280.7950,-100.4662,-267.5613,-107.0843,-310.1067,-74.7209,-430.2188,-179.0337,-290.9577,-71.4912,-207.6391,47.2164,-350.4565,31.0119,-334.4270,-187.3233,-363.4274
-286.2382,-115.4661,-236.7119,-147.7251,-266.6879,-155.0579,-356.6478,-126.2511,-399.5164,-195.1204,-287.8665,-127.9923,-208.8781,-17.2451,-357.1683,-24.1892,-370.9716,-188.2550,-360.4216
-334.4604,-147.2868,-223.0344,-189.6773,-297.2068,-197.8085,-402.9546,-188.7489,-244.5273,-187.9560,-283.2133,-183.0668,-210.2677,-82.7460,-327.2035,-80.8745,-365.6654,-183.5485,-383.3576
-303.6072,-126.0308,-230.7716,-183.1629,-299.3169,-193.1797,-427.3872,-203.8424,-182.6632,-100.4078,-258.7062,-193.1695,-229.8868,-85.9622,-326.5516,-81.4962,-278.7194,-183.3143,-406.0106
-241.2776,-80.8517,-214.6875,-150.5606,-272.6508,-157.8108,-416.3295,-189.7135,-236.3107,-30.4140,-262.2359,-155.5471,-263.4084,-56.0175,-324.1473,-83.2889,-218.5672,-174.9941,-391.2835
-193.5526,-45.0979,-188.8021,-125.3848,-252.1753,-130.1964,-398.1297,-201.0554,-324.9178,-87.9770,-263.1923,-91.1423,-261.6201,-39.1439,-323.2443,-118.1354,-224.2553,-156.7556,-345.9775
-139.0398,-33.7651,-202.3981,-118.1963,-233.7098,-125.3564,-373.0909,-214.3453,-393.7879,-184.8190,-224.3057,-31.9839,-199.3591,-39.3363,-332.4847,-132.0695,-212.7360,-149.1612,-298.5630
-92.6454,-62.3296,-223.6593,-142.0341,-199.0230,-149.0179,-308.2969,-200.9986,-371.4211,-199.7723,-206.5372,-7.7403,-124.8757,-62.3775,-300.9892,-116.6319,-173.4396,-152.7672,-249.7002
-95.1361,-107.8045,-190.3848,-179.1284,-151.0265,-186.8666,-218.0349,-207.8844,-279.4655,-190.5169,-215.3070,-16.5560,-85.0374,-109.1265,-243.7739,-121.9240,-147.1156,-149.3813,-193.8522
-114.8526,-118.4026,-130.3575,-175.8337,-96.5147,-187.3270,-153.0880,-252.7476,-258.4193,-242.8996,-189.9279,-30.7518,-67.1852,-135.0689,-236.1849,-152.7345,-99.3321,-130.4629,-145.6661
-94.1005,-95.2887,-97.6149,-136.0013,-45.6485,-135.6466,-114.6216,-281.7030,-307.2777,-308.4658,-177.8741,-30.1735,-47.4148,-115.5454,-251.8204,-183.9957,-24.6904,-97.3026,-116.1298
-31.6453,-85.4102,-79.1272,-117.2373,-20.3473,-98.6466,-70.0958,-291.5949,-290.0917,-333.5637,-217.3469,-19.6746,-32.4991,-108.9950,-226.1153,-223.3338,14.2495,-75.0531,-111.4621
48.6510,-102.7973,-54.0324,-131.8628,-32.5114,-124.8944,-37.5798,-337.3023,-222.7337,-349.2569,-202.4525,-20.6834,-47.1286,-166.8782,-188.7735,-277.7167,42.1589,-110.8328,-136.8916
133.8652,-122.7941,-38.3680,-160.7099,-64.8314,-177.3603,-47.3936,-404.4893,-196.0341,-367.0841,-111.9844,-40.7607,-102.3520,-238.7378,-168.0711,-321.0891,127.4489,-199.1295,-156.2974
206.1254,-130.7096,-33.7726,-196.7758,-83.8852,-207.2460,-51.7520,-425.4452,-156.2332,-364.0330,-75.6152,-69.9337,-160.5734,-255.9249,-128.2169,-332.4152,220.0305,-262.6342,-120.6724
243.0887,-144.4491,-24.1097,-216.8604,-79.6051,-212.0794,-2.1826,-402.7737,-63.3167,-369.5750,-107.7880,-114.7027,-163.1446,-248.3872,-66.0221,-326.5333,243.2554,-267.0617,-57.5160
234.7308,-192.6456,-14.1868,-217.3719,-76.2970,-213.0348,46.9745,-395.1100,-6.1915,-422.2557,-110.0909,-179.5046,-113.9843,-278.2148,-14.0905,-339.0055,225.4553,-268.7076,-28.0158
191.6684,-264.7174,-6.4181,-238.9774,-78.8401,-229.2914,41.4223,-412.0773,-9.3695,-476.7258,-81.1020,-224.0784,-69.0121,-319.2826,11.0685,-385.3937,214.1123,-299.7489,-21.4339
151.5046,-313.8062,16.4999,-268.7138,-53.8478,-256.8322,24.8344,-411.8204,-17.2643,-465.5117,-62.9894,-214.3385,-43.0743,-314.1114,-10.8364,-433.4496,202.3396,-316.9598,4.0353
152.9502,-328.0084,48.2613,-260.6051,0.1726,-270.1124,36.4692,-381.8633,-42.9558,-416.7076,-48.7276,-173.4885,-10.4497,-282.7353,-66.7641,-439.1643,169.6967,-296.0395,38.1162
180.5103,-331.6346,59.3397,-256.9573,37.3221,-267.5712,47.8920,-362.0522,-94.2470,-416.5583,-52.4603,-128.9125,28.0434,-268.0027,-83.6030,-407.1706,111.5847,-263.6328,51.9964
180.8703,-322.7402,48.7029,-291.5102,41.8045,-269.0276,46.0496,-376.9400,-105.8073,-464.1829,-76.1692,-90.6882,52.5859,-254.7450,-45.4020,-373.3058,60.5225,-236.7390,48.3239
151.2426,-303.9329,37.6254,-293.1853,34.7389,-270.5486,50.2297,-387.9048,-71.0032,-465.3562,-56.8689,-84.8250,59.6171,-225.5930,-25.3139,-342.6293,57.8058,-227.1596,52.6054
138.5283,-322.0036,26.6894,-257.1541,16.9652,-269.3900,62.9441,-354.9144,-45.0138,-398.1320,12.4455,-108.5032,51.9412,-202.5235,-49.9818,-297.6935,76.4866,-254.0044,96.2057
139.2119,-382.1804,8.4103,-276.5336,-13.9928,-287.2824,87.2316,-305.8058,-13.5986,-348.4795,54.3908,-117.2877,35.3621,-197.6080,-68.0338,-248.2072,71.7780,-285.2786,172.7173
105.3162,-416.1709,-4.3602,-333.1218,-33.5209,-314.5786,129.8576,-283.0633,71.5628,-329.8365,43.2530,-118.2302,27.2173,-205.6568,-42.1119,-218.6690,67.7108,-270.6983,216.2004
65.3310,-393.9933,0.1207,-336.6665,-20.2700,-313.1180,169.7679,-271.6147,185.0083,-253.5457,30.1844,-144.5053,42.2183,-219.6542,17.4247,-203.3545,79.9908,-242.6271,199.1519
103.3988,-358.4457,23.9537,-311.3760,29.6584,-290.6109,187.0607,-242.5960,245.9682,-134.5995,64.2683,-156.8540,81.0955,-212.9011,66.3651,-181.5521,74.6033,-245.4353,186.7120
207.2359,-341.4535,79.7871,-309.0246,104.6218,-282.9110,190.2588,-208.3624,215.2824,-97.0621,144.8702,-129.9302,131.4240,-178.7795,75.4520,-157.3357,65.1220,-233.7585,219.8675
279.2858,-335.0659,158.4051,-300.5200,170.3065,-286.3896,198.0158,-184.6079,162.8494,-137.8136,211.3629,-122.8046,173.1134,-159.8423,90.2377,-137.4569,91.0391,-182.1998,260.6638
276.4257,-313.5030,211.5412,-269.5693,208.4507,-269.3126,228.6887,-160.6503,174.7668,-140.2867,225.0103,-137.4211,198.4634,-157.7574,152.0221,-109.4736,136.0691,-146.8401,286.4216
233.6699,-253.4877,228.3111,-228.0244,236.9547,-212.8002,268.5536,-133.7142,195.7502,-111.8333,238.3134,-106.2593,214.8352,-125.1686,204.6598,-89.9132,188.8394,-124.5684,307.7728
213.8995,-182.9799,246.8081,-171.0636,250.3451,-137.6594,274.3420,-115.1971,146.9347,-131.9792,273.7032,-68.1046,219.9772,-91.2972,213.6567,-116.5334,243.5847,-62.9917,316.6584
252.6381,-165.7238,259.0757,-136.2978,227.6083,-105.3223,272.4299,-93.4803,127.7426,-135.2609,260.1378,-110.7239,213.0921,-116.8624,241.7397,-150.0024,230.2428,-11.7155,317.7312
274.8185,-190.6263,231.3559,-158.1099,206.8996,-131.2191,335.3856,-40.9106,224.4174,-34.7613,193.9610,-181.7115,219.4171,-145.2706,295.2289,-108.6518,135.2999,-26.7344,333.0494
173.8881,-177.7659,200.8000,-163.9826,226.9177,-133.2276,415.5916,31.0843,295.3005,57.6376,153.9231,-182.3713,248.3744,-102.2772,296.8259,-23.9401,72.2482,-27.0590,341.6687
26.5739,-115.3525,202.2902,-96.0855,244.5654,-61.9229,405.7801,68.5936,231.3022,17.1533,139.1604,-134.8665,262.4940,-45.7112,248.3044,2.0648,84.7898,46.8616,326.5822
-3.9599,-65.4794,187.6613,-17.2776,231.1461,12.6313,335.4585,53.0085,151.0847,-47.1804,118.8544,-107.9913,239.6770,-40.4358,217.4669,-22.7716,93.4266,114.7400,325.0702
44.2836,-43.1759,149.1549,25.3242,231.6054,35.4788,281.4874,39.0413,141.7088,13.1477,134.5166,-115.0671,210.5498,-40.0292,218.3537,-15.1063,76.9079,122.9801,334.0208
47.4923,-8.2078,156.6398,59.1098,249.5694,52.5307,224.5697,76.0997,143.0260,133.8700,181.1494,-131.7943,201.8015,-4.1611,244.4010,36.1150,76.0866,122.4183,303.6714
45.4764,43.6972,202.5846,87.5584,234.7947,99.1351,164.5790,139.5114,143.9538,187.5425,187.3844,-117.8141,202.4381,33.7349,295.3610,95.1142,85.4018,147.0649,260.8501
83.3591,71.5708,217.5438,98.4493,203.9965,138.6040,152.8279,180.6599,184.0689,188.2633,171.0613,-67.2144,197.1007,50.7293,330.0561,148.0291,97.2312,179.0673,261.8037
84.7952,61.2998,212.4041,106.9692,212.1807,141.7101,161.1998,192.6289,232.8009,206.8017,187.1642,-46.6202,184.7493,55.9554,325.3295,181.5722,117.8755,197.3200,271.2804
58.0743,54.1323,210.1882,116.9286,237.1674,135.4418,147.5374,196.9355,256.1412,251.4795,191.2679,-72.0476,167.8648,60.8348,319.4594,198.4072,114.0033,190.5421,246.8971
80.4750,92.3096,164.5697,131.8890,224.9914,161.9872,151.5094,209.5158,260.5426,294.6733,142.9979,-37.2058,153.5746,93.5615,321.9824,228.1331,79.9314,180.6448,221.0059
87.1668,159.7882,86.6896,166.1108,185.6718,216.1304,171.4733,227.7249,234.2617,310.9558,88.0013,99.6817,153.2872,169.9649,309.7702,262.9062,60.2589,202.4336,206.0433
9.0747,204.3737,54.6673,191.6705,154.5995,242.3558,153.6123,237.7649,184.8426,301.0538,42.4357,216.4432,164.9198,248.6827,296.2967,280.3990,44.9965,233.1684,178.3261
-64.5036,206.6819,50.1768,185.4588,127.9194,221.0927,130.5469,248.5948,154.9529,299.8305,-19.5321,229.1956,171.1032,289.7674,277.6498,310.6479,2.1963,235.5911,152.1655
-87.1721,193.6711,8.5893,190.8599,85.8049,206.7729,136.9977,286.2371,134.6616,307.0877,-71.9662,209.2148,161.5710,309.1862,214.2659,356.8823,-29.7226,231.7140,132.3724
-124.7857,193.9565,-34.0474,220.4971,29.7503,232.8608,105.3758,336.5963,91.0514,284.5340,-88.1689,227.0237,139.4554,322.5893,133.9680,359.7355,-28.0123,241.4645,91.7894
-171.5631,207.7807,-41.4838,224.4832,-28.8664,262.2374,26.5857,365.0592,56.3711,272.4493,-110.4163,255.2248,101.0985,311.2010,99.4371,330.1891,-46.4172,243.6851,50.6273
-195.0425,219.3126,-74.7823,205.1585,-92.3454,262.2464,-6.7949,383.3813,64.3934,346.5912,-169.0786,268.0524,35.8162,279.2459,88.2091,345.1230,-107.9299,230.4933,26.0335
-243.2569,223.5979,-159.5429,198.3627,-169.6652,236.9565,1.3602,403.9580,73.1678,440.2418,-225.1729,298.7839,-46.7322,269.2433,46.7947,392.8821,-167.1140,197.7924,-39.9555
-316.7773,225.1421,-233.0876,184.1701,-256.8266,196.2013,-46.5874,388.8590,17.0516,420.9418,-247.2928,364.2850,-121.4086,294.6664,-20.9670,402.4690,-194.6557,136.0536,-153.5055
-357.9358,216.5565,-269.8811,154.3371,-334.2611,161.8817,-154.5741,335.4533,-105.4309,319.7260,-267.9860,424.6323,-176.6607,321.5423,-97.2515,372.7922,-206.9477,84.8391,-221.6433
-389.6937,192.0894,-297.0553,145.9994,-372.3385,153.5540,-240.5211,302.4387,-213.9534,275.2268,-324.0338,446.0510,-205.8063,329.4673,-171.2320,349.1150,-229.1297,81.5066,-227.7170
-440.7701,169.0547,-314.4474,145.9556,-356.7218,149.1892,-270.5138,294.4848,-250.1304,307.6148,-390.7099,439.1086,-201.5441,328.9567,-218.1258,351.7110,-262.6087,87.1500,-251.1776
-466.3868,159.1807,-325.6019,115.8464,-328.5562,129.2066,-272.0996,261.7714,-254.8704,323.3056,-429.4332,415.7226,-190.9883,319.2800,-231.5685,359.9890,-292.9585,77.8369,-297.7484
-478.9375,152.6055,-368.6243,88.7529,-346.8017,118.5418,-270.6218,215.8349,-249.6565,288.2502,-462.7714,374.3154,-219.0470,295.5589,-227.1570,329.2326,-331.1512,87.3732,-315.4400
-528.1661,149.5084,-436.9650,105.3126,-392.1115,126.0342,-265.6819,203.6988,-199.6635,264.2099,-513.3039,334.5758,-273.1747,276.4074,-223.2190,280.5080,-384.7595,102.6781,-319.6782
-551.8460,151.1044,-465.0134,130.0460,-400.3108,121.2434,-256.4756,208.6931,-188.9988,283.6359,-520.3329,313.0412,-296.1005,261.3013,-260.7850,304.8760,-406.7177,83.9927,-346.2046
-490.0125,138.6200,-430.6718,120.6610,-384.5114,101.6587,-260.1581,185.0391,-322.8133,279.1419,-442.0896,284.6408,-281.2277,219.7699,-344.4958,368.6509,-378.5663,60.7258,-375.0895
-424.1590,120.5383,-387.9675,102.1896,-396.0323,100.8738,-278.0276,133.2488,-453.5926,191.5665,-362.5916,239.3371,-277.3509,167.7352,-385.4119,316.9803,-366.0279,68.4798,-381.0895
-424.5836,126.9880,-382.4494,115.3522,-417.6235,124.9678,-290.0748,88.7701,-415.6781,88.5363,-369.3460,216.8382,-304.4020,152.5043,-348.0088,171.1943,-403.0195,89.0805,-372.2462
-445.8422,127.1414,-407.2374,135.2478,-428.6701,138.3224,-304.1723,79.9766,-333.3953,73.3994,-427.7395,231.5878,-336.2978,160.1388,-323.7925,113.3784,-453.5692,107.0244,-358.9149
-449.6426,78.2093,-446.5497,104.6847,-459.9243,115.5180,-324.7267,99.5049,-306.0089,125.6303,-469.2625,248.7255,-354.4868,160.1951,-334.7819,149.1819,-495.5902,113.6766,-337.1779
-449.4648,35.9088,-484.3348,48.0939,-484.1965,84.1180,-311.2923,110.3915,-240.7827,150.4046,-479.2941,260.0956,-356.7416,171.9040,-313.9919,146.3370,-497.4576,99.0443,-302.2312
-431.0959,67.3078,-476.3184,51.1698,-424.8788,89.9862,-275.3170,103.9253,-227.6621,139.5347,-450.9407,302.6761,-325.7484,171.9133,-318.4464,134.2811,-416.7374,97.8722,-270.0421
-365.9003,128.0238,-399.9255,109.1301,-315.9079,122.4702,-296.9345,110.4767,-424.7764,164.4364,-385.2005,396.1185,-250.6183,86.6658,-428.6607,215.4805,-315.8748,135.2899,-274.8121
-288.9156,153.3682,-311.1898,138.4910,-258.9666,136.7850,-360.7531,130.6101,-606.0005,230.8461,-337.9796,505.7578,-169.8067,-41.8414,-516.5771,322.2061,-289.2556,162.7703,-310.0105
-278.0815,153.8625,-265.6370,127.2736,-245.3608,138.6423,-355.4921,130.6404,-519.5692,254.3712,-348.1143,575.1160,-125.2074,-81.2993,-446.8501,338.6427,-299.9007,159.2660,-309.2846
-339.5479,146.5892,-232.2694,111.2354,-206.2954,153.5388,-262.6239,110.6881,-361.2765,206.5042,-367.8808,611.6216,-95.7739,-18.7912,-319.6955,301.2545,-287.5615,170.3470,-241.3598
-365.1793,124.8553,-171.3294,81.2128,-158.6006,161.1956,-158.0470,98.2115,-331.3491,166.5607,-358.9049,700.7351,-49.5344,58.4495,-266.1926,303.0804,-274.8936,192.9423,-162.2515
-270.7802,106.5195,-108.2803,49.2433,-143.7422,152.6229,-76.3867,91.4966,-304.5115,160.0244,-357.2617,859.5101,-10.0310,130.2521,-261.1695,336.3398,-246.4311,184.5420,-128.3015
-127.9824,104.3589,-59.2637,57.6037,-126.9682,155.9396,-14.7460,65.5391,-235.2847,99.6078,-367.9170,968.4136,2.0048,210.6656,-253.1043,321.2077,-168.7245,155.1884,-125.9685
-60.5765,94.2725,-2.6249,63.0979,-67.3126,151.9258,31.1605,10.2606,-221.5782,-21.0179,-331.6704,949.3468,13.9977,255.8267,-226.5350,225.2113,-109.2145,121.8803,-115.3128
-83.9085,69.9649,46.6530,3.1550,1.9000,98.7579,84.9019,-52.8756,-194.1199,-80.2008,-252.6835,871.2480,39.2098,231.3254,-164.1583,117.4669,-103.3237,75.0183,-89.0369
-125.0472,53.3790,59.6603,-60.5827,28.9111,36.6380,140.9739,-80.2168,-99.2357,-50.5278,-200.8953,812.3062,64.2267,172.7889,-109.3506,86.3609,-70.8278,36.2498,-66.8660
-105.7451,43.9677,62.1743,-56.5431,22.4263,22.5634,152.1886,-57.9202,-68.6893,-34.9199,-176.5195,787.8391,95.1804,136.4566,-117.9689,112.1005,-1.8632,24.4411,-60.6244
5.0207,29.0581,76.3674,-44.3955,26.4042,22.2473,130.2539,-38.3207,-96.1846,-74.4280,-138.1198,811.1205,127.3283,153.8369,-123.5170,100.5751,33.1291,2.4592,-61.0742
138.2613,18.1165,78.2839,-86.1989,44.0708,-7.0675,144.4506,-75.6350,-33.0770,-137.9175,-106.8689,860.0268,136.0469,205.4757,-56.1223,37.4121,66.3504,-50.4707,-46.2838
197.0053,20.5115,82.9727,-126.7584,48.2268,-26.4262,203.6990,-149.5802,62.9486,-218.2241,-87.7102,854.3635,147.8834,219.9797,15.2098,-13.3020,167.5067,-97.8240,3.9148
208.5615,26.9608,144.4471,-104.9537,63.5912,-0.3102,258.9204,-199.0526,68.7339,-283.2623,-14.8934,773.0481,206.8816,162.7473,45.6643,-50.0644,297.4828,-107.8043,91.4154
261.2918,28.6217,243.3153,-54.2656,150.0050,30.8048,302.8073,-200.2295,80.6008,-277.4648,112.0120,669.1556,285.7713,85.9151,109.8838,-121.8349,391.4509,-88.6653,192.9819
337.3181,23.9250,313.0211,-38.6077,288.8391,19.7938,368.3968,-182.9332,186.9517,-224.8246,214.0776,552.6426,348.4218,24.9659,220.0224,-194.4310,445.8960,-81.9751,277.6230
387.5058,11.8647,353.2802,-63.1764,393.2744,-19.1810,447.8547,-188.6437,284.9202,-183.8371,288.5455,411.5238,413.7232,-51.6086,293.5771,-198.9110,482.8615,-116.4371,331.8749
447.1260,-4.2008,403.2825,-77.1097,440.6853,-40.1227,490.1818,-218.9860,306.8246,-163.3710,382.1275,291.8952,476.1805,-132.8741,319.4109,-180.8722,521.8693,-139.1553,370.7181
515.9581,-17.6285,465.3955,-52.2684,481.9292,-23.2253,495.1459,-237.6145,300.5558,-184.6287,464.9210,222.6051,497.8264,-150.1274,341.9189,-225.7707,545.6610,-86.8445,428.2278
514.1442,-31.8984,520.8927,-32.8396,531.0184,7.8804,526.9653,-237.5673,287.0531,-281.4423,504.2904,152.7212,495.2800,-118.1778,358.9257,-300.9368,512.9991,-20.4835,501.4031
460.1739,-58.1659,554.0969,-64.7224,552.9777,13.9506,576.3498,-257.0989,285.4922,-394.6866,541.8819,44.1705,499.4116,-136.0228,377.8064,-339.9535,468.5520,-34.4784,515.3634
469.6315,-84.3798,559.4634,-106.8965,546.4156,-14.8601,548.4362,-296.2438,351.5341,-413.4876,600.8508,-69.3242,492.4478,-220.2996,431.2065,-367.3611,507.6217,-94.6742,443.4846
540.0562,-74.4347,572.2767,-93.1318,555.4584,-46.3241,467.2710,-295.8393,448.6767,-318.7021,664.9368,-151.2161,480.3389,-292.9291,476.6082,-402.3670,601.4660,-129.1056,399.3378
567.1924,-31.2455,628.0206,-51.2684,599.4051,-55.0210,466.0504,-240.1335,475.3040,-196.7809,743.7392,-218.5270,503.8846,-328.9446,445.9358,-401.7403,645.5264,-162.6170,449.9633
560.9886,-12.1273,681.6476,-58.8277,637.9748,-65.4703,522.0410,-187.9894,471.6836,-125.0345,827.9813,-309.2477,542.3999,-366.5322,392.2148,-371.1661,638.0575,-228.5831,478.6414
610.3143,-36.1474,679.1036,-106.0775,624.4902,-101.4624,499.3907,-166.5727,573.7180,-82.6438,865.4653,-423.5761,541.5709,-407.3844,428.7899,-357.6227,637.8660,-279.5020,419.0408
674.1644,-50.1048,656.3900,-119.4172,574.8708,-125.2467,434.8672,-134.0664,759.7049,-19.2817,854.8260,-523.2319,517.8110,-434.3176,557.1725,-350.0357,652.9353,-271.4435,399.1164
640.3576,-27.2636,646.0513,-95.9797,547.7468,-103.8591,453.9139,-75.5790,872.9197,18.6601,847.6668,-590.4154,527.0497,-463.6865,679.1755,-328.2514,672.5676,-236.1213,482.6355
542.5566,-6.2977,609.4835,-89.9936,561.0455,-84.1492,507.4351,-34.7801,867.0595,-22.5746,865.9720,-648.2279,573.4232,-501.5707,731.1047,-308.8044,692.0770,-226.1901,552.5717
508.0421,-11.5682,554.5057,-102.8336,579.9357,-110.6211,488.4335,-27.6959,821.0920,-43.2444,911.6852,-718.3168,610.2368,-531.7084,722.7463,-278.3075,689.7774,-240.2101,547.8263
544.7660,-25.6713,544.8160,-106.2023,577.5878,-145.3709,438.4028,-15.7167,779.2643,61.8371,974.5056,-801.1068,595.1019,-551.8030,695.8997,-214.6756,654.1165,-230.7609,524.2796
561.2270,-30.2784,557.7397,-103.4146,554.5649,-142.8829,424.2405,23.2522,748.5877,200.4159,994.5359,-878.3613,527.6072,-529.5624,689.2161,-139.5956,598.9529,-178.3687,496.0457
531.4048,-13.8163,526.8790,-80.4549,521.0260,-110.1801,405.1683,67.7331,736.7876,239.9070,934.5199,-909.6091,444.3554,-403.7106,694.4939,-64.3351,537.3119,-119.5970,450.2424
493.6302,23.1193,481.4912,-13.8108,489.5858,-67.4302,332.8775,96.0300,695.7640,207.2513,852.5524,-878.1387,373.8558,-215.8160,649.0301,-3.8826,477.5504,-92.9849,412.2222
458.4639,54.4915,461.3098,44.0823,453.5568,-39.7172,226.1785,109.7979,588.7957,196.1813,804.4114,-837.6171,312.2767,-100.3245,532.2377,-15.3365,425.4012,-99.8301,375.5284
411.6771,60.8616,421.8964,35.7365,386.3275,-54.3322,124.3996,118.0671,483.9892,231.0578,765.7722,-842.8832,246.2202,-92.1943,421.5023,-69.6798,382.8354,-117.5806,309.5542
358.0323,51.1861,358.1180,11.2524,299.7018,-84.9610,54.6733,117.1126,414.1469,256.3354,705.0184,-868.6154,177.8675,-104.8001,373.2795,-50.4322,351.9400,-122.3503,231.4033
329.5913,40.1527,329.8486,29.7116,242.6090,-78.0074,18.9087,97.2217,316.8306,207.0819,625.3500,-856.6628,126.6169,-90.7464,334.6326,18.2948,306.1664,-109.6542,154.2935
342.8825,45.7931,309.9956,59.0026,210.0115,-44.8812,-15.2231,76.8885,217.2992,134.7119,533.2300,-797.7256,94.9023,-75.4501,254.8804,10.5428,209.2360,-87.2043,61.2489
334.8893,78.1925,221.9020,66.4470,150.1973,-31.2774,-74.7043,89.8836,192.9178,148.6051,443.0359,-728.5731,44.0157,-75.1293,176.4587,-47.2014,104.9631,-46.0985,-23.5812
226.7668,100.0760,105.0013,67.1255,68.9470,-32.9838,-140.7054,118.1886,180.7003,191.2382,371.8810,-687.5619,-43.7221,-82.3943,146.7596,-58.7436,59.6502,11.4696,-62.3303
76.4130,70.6073,44.5425,65.9496,12.7267,-21.8352,-178.1550,114.5601,116.0546,147.5360,308.9392,-687.0546,-121.7747,-88.3826,142.0408,-57.5490,23.9812,48.9507,-69.0134
9.8147,22.7204,18.8186,69.5477,-19.7827,2.3390,-190.6601,93.9954,72.6857,106.2643,240.7493,-698.0828,-166.0620,-84.6479,112.3836,-80.8717,-64.1479,60.9949,-68.7442
8.3413,9.3257,-27.8466,93.3169,-55.2433,20.3057,-216.4613,94.5454,54.8198,151.3713,169.4380,-667.8781,-213.4192,-66.8060,32.4009,-69.8609,-134.7716,73.1332,-74.2259
-28.2867,19.6964,-80.5034,107.6024,-102.1080,15.5506,-261.9392,93.2971,-18.9944,152.6262,78.5532,-582.6727,-266.1520,-30.2175,-77.5427,-20.0181,-132.1123,59.1405,-97.7248
-86.3910,20.4074,-119.8516,85.8318,-170.0893,-0.4996,-287.0124,77.3100,-88.1871,83.9913,-44.0579,-498.0905,-294.0217,19.2168,-156.9383,4.8710,-138.6592,6.6006,-124.8535
-116.8575,13.8415,-168.7178,73.7131,-246.8702,9.4524,-292.0580,87.4822,-84.7802,102.8018,-160.6681,-458.1236,-325.8906,49.7200,-184.7868,1.0140,-209.7831,2.2992,-153.1143
-151.0177,25.8487,-232.4447,106.7245,-285.5725,50.0812,-334.1833,108.0105,-129.6333,159.4846,-237.7510,-411.9352,-395.0145,56.4272,-225.0620,-6.3225,-273.9896,85.4624,-230.4178
-191.3598,79.0106,-287.2075,150.6965,-295.4426,87.6716,-415.9637,80.2408,-285.2090,80.2413,-300.2241,-298.1339,-467.6487,82.1263,-324.5885,-20.3367,-270.0595,157.4256,-346.2768
-193.3745,162.7200,-327.0782,181.7219,-345.6015,118.2329,-473.0567,40.9609,-424.1881,-44.6935,-380.8880,-162.6845,-525.7556,123.6740,-433.8647,-27.9724,-227.3198,161.4151,-410.0351
-193.5843,232.2088,-368.8663,216.5852,-438.0723,163.7166,-488.1666,54.0938,-493.5128,-69.7151,-480.8936,-80.2318,-592.1204,129.2694,-495.5338,-20.0078,-205.0191,162.1789,-424.1116
-247.5020,268.9758,-427.2292,258.3367,-519.7879,214.5455,-500.0123,77.6844,-557.0473,-78.2617,-596.9210,-38.6313,-654.5500,112.8795,-534.3750,-26.3967,-234.3933,199.1353,-482.9611
-311.8336,285.4263,-500.6648,284.8125,-586.7301,238.2251,-526.3537,65.9264,-607.9878,-108.3136,-722.0339,-4.6746,-697.0985,115.8960,-602.6901,-46.5104,-302.0922,235.6378,-584.5489
-353.3507,265.5896,-562.1904,268.5064,-636.2059,209.9543,-570.1691,52.5958,-628.6516,-55.1950,-828.9384,12.8502,-740.8431,103.1769,-695.0885,-39.4685,-387.7875,232.4574,-656.2338
-426.4255,203.1947,-585.6432,205.5568,-633.7697,134.7377,-635.4252,41.1314,-677.6944,19.6589,-891.6392,21.5972,-776.1030,54.2884,-766.6956,-16.2866,-498.0878,183.5464,-696.0220
-548.9562,150.6226,-593.4048,144.1348,-614.4659,75.2091,-690.4553,4.0448,-763.5011,-33.4991,-906.4655,35.9545,-778.8795,33.0208,-804.1848,-29.5551,-612.8346,134.3927,-720.4368
-663.6183,128.8905,-625.5074,129.5233,-641.5098,88.7689,-701.8777,-15.0333,-822.0691,-139.2548,-893.5358,31.1227,-786.9485,57.5452,-827.5905,-71.1810,-674.5807,139.4072,-702.9193
-729.3776,95.7159,-667.1885,139.8018,-673.2900,133.1748,-694.8337,22.0272,-836.8296,-157.0970,-889.0358,8.1267,-825.0824,70.2304,-837.6268,-75.7712,-684.4935,172.8738,-650.3583
-741.1270,50.6476,-676.6095,141.3219,-661.1392,139.9364,-700.5819,62.8346,-845.0140,-145.2916,-908.3327,1.3095,-842.5143,60.0303,-825.5081,-30.3158,-700.3268,186.7505,-607.3340
-720.8137,26.5900,-664.2938,136.9889,-660.4137,125.0149,-695.7706,73.9520,-871.4905,-193.0393,-923.4147,-13.5081,-815.6791,53.7329,-811.6237,-1.4457,-731.2075,199.4826,-575.0740
-719.0364,6.1701,-674.1974,123.2689,-691.3748,123.3618,-650.2562,92.8473,-895.2458,-230.3482,-907.7305,-67.3355,-783.0838,46.4705,-804.4133,-19.5698,-744.3961,209.2323,-528.6062
-747.8059,-18.5222,-711.1775,96.1252,-691.9313,118.4011,-587.0491,127.6592,-870.8473,-177.1475,-866.7876,-100.0326,-758.8322,44.2606,-779.1141,-28.5981,-732.7069,168.1506,-486.0927
-759.3843,-7.1108,-744.9952,82.7508,-669.1633,98.0387,-561.6880,139.6893,-809.4540,-94.0106,-799.4930,-62.5515,-727.4780,64.4748,-744.8779,-7.2840,-703.8786,102.9292,-491.6544
-737.9182,25.2750,-751.6295,87.3020,-667.6236,72.7599,-589.3440,113.8118,-756.6852,-66.1425,-698.9236,-14.7693,-683.9409,72.4160,-726.3646,-3.1508,-672.0093,72.2418,-541.3003
-706.4061,12.9141,-716.3599,74.0134,-645.8275,44.0494,-611.0381,75.5254,-677.4185,-54.1109,-606.6646,-20.8321,-621.9063,34.4699,-682.1409,-1.3320,-656.8279,53.7500,-567.7295
-649.8281,-36.5038,-638.7240,38.7969,-573.0514,20.3522,-568.1754,68.3735,-534.3736,23.0117,-576.7234,-56.5231,-546.0726,-10.7336,-577.2950,57.8000,-640.0276,28.4086,-527.4728
-566.9297,-63.5517,-544.2541,9.4342,-497.9374,6.8717,-485.0383,103.3049,-410.3576,128.2870,-584.6931,-60.3626,-483.4882,-16.0666,-469.3446,139.0846,-594.7812,25.4599,-459.0704
-528.4466,-63.3051,-465.2164,-9.4264,-437.0501,-14.0155,-414.9214,129.1313,-359.7610,169.1001,-559.2139,-19.5670,-442.3138,9.0797,-401.6399,175.5684,-551.7713,26.4805,-396.6007
-547.7296,-75.1320,-418.8312,-27.5022,-382.4536,-34.6885,-359.9351,123.5709,-322.3927,150.4680,-486.5149,5.0291,-415.5874,30.9955,-339.9742,182.6716,-535.3827,9.8720,-313.7946
-519.4412,-114.5579,-397.3250,-46.3530,-366.9012,-30.3841,-308.0443,143.0000,-291.7380,128.1464,-406.7794,-25.4018,-406.4239,41.4201,-275.0433,180.6882,-504.8545,18.6071,-211.9154
-402.9802,-147.7733,-364.5772,-58.3606,-361.4310,-20.1755,-261.9171,189.3317,-300.0119,108.7074,-332.7189,-45.5933,-383.5376,64.7645,-229.0294,154.8960,-437.8557,48.7658,-136.0174
-304.2766,-127.0487,-295.5499,-43.8018,-284.1805,-17.8676,-204.6438,176.3613,-285.2843,94.7397,-243.1635,-14.1815,-295.7655,106.6934,-182.9917,124.3841,-362.7823,44.7356,-89.9794
-278.3117,-66.8648,-218.7134,-3.2179,-179.1513,3.1089,-132.1456,102.9543,-225.6873,100.4517,-138.8740,-2.5373,-171.6911,123.3737,-125.5576,105.5494,-283.3617,32.3579,-55.4265
-236.3428,-29.3423,-169.0892,26.8784,-138.4210,27.9246,-75.8719,64.2081,-196.9848,97.8673,-46.3662,-23.1669,-87.4133,101.9078,-74.4958,84.0311,-187.3016,56.7808,-37.8240
-130.0031,-16.7016,-132.5332,37.0683,-107.6243,23.3686,-28.4530,69.3484,-175.5589,64.5515,25.4841,6.6321,-44.8204,94.8434,-12.7503,80.6977,-93.9706,78.1480,-21.3395
-26.5298,9.4843,-89.5710,54.7658,-20.7009,26.4645,38.1752,49.2531,-90.3720,24.4955,88.8660,58.9724,3.7304,108.3330,58.9236,97.9691,-11.8764,75.5027,15.3734
42.7786,27.3778,-44.6189,73.2903,46.2948,58.5126,79.8259,6.1589,-5.8915,-16.8116,140.3502,45.4511,63.1782,94.9260,84.5341,75.8070,68.1134,89.8043,46.9865
103.2303,13.6936,10.0894,73.4380,51.2763,70.1778,67.6533,-10.6206,40.0378,-56.9822,166.3204,18.1277,115.9505,79.3568,86.4649,36.5057,121.9767,118.5567,73.8495
129.3083,16.7554,72.6362,84.2590,83.1107,68.4471,87.6186,-2.5218,137.6142,-46.1663,181.0114,44.5607,166.3321,109.6355,154.2530,69.9884,140.7262,133.9658,144.9745
115.1601,54.7229,113.6142,122.3261,177.4760,101.6216,181.4804,9.2325,263.2297,14.1171,206.4549,74.5791,212.6493,138.0164,249.1850,128.6083,185.4627,150.2637,246.5337
153.6216,81.8988,146.2340,146.5620,264.5781,127.0417,253.0962,29.7839,284.0604,39.9755,231.2752,100.3533,237.2219,125.6102,260.8293,108.7779,291.8995,170.4754,321.2741
272.0346,100.8428,209.0279,137.8064,314.2788,105.2285,267.8021,60.6636,230.9822,27.6049,235.9543,172.2106,248.2226,129.3239,224.1758,63.2436,393.6566,171.9639,375.3759
358.6800,136.6899,266.6783,124.5590,352.9528,98.4233,317.3170,88.4566,238.6298,59.6899,224.1449,236.3870,278.8268,162.4764,248.8737,81.9365,425.7926,155.5637,430.0967
367.4349,134.7260,274.1636,104.9505,380.3282,112.6601,420.6384,108.4394,323.5913,121.7878,211.0586,215.6430,330.2330,150.2461,340.2643,129.1104,416.3464,121.5455,470.8642
375.2500,50.2359,282.6104,41.6230,382.5084,57.3284,498.6434,118.5232,431.4266,131.1455,228.8797,144.7574,370.6246,75.5590,452.0374,149.9785,411.4868,63.8377,503.3973
413.1631,-42.8650,336.4466,-49.3130,380.8681,-55.0192,529.2466,102.9260,529.0561,115.9457,311.3754,86.0678,406.9451,7.0222,566.1187,150.7724,414.7991,15.8626,532.1062
460.5685,-59.9640,392.7516,-87.4048,415.4313,-105.9489,538.9829,54.8891,585.1979,156.1805,421.1075,68.4631,479.2960,-5.0408,645.4494,144.7106,442.4665,7.4449,529.2933
527.6316,-27.7105,434.6951,-46.1545,490.1197,-68.4294,539.5111,7.3096,604.6851,212.4272,477.1293,99.2255,567.3609,35.3281,652.8050,143.3196,517.7271,14.4904,521.3872
589.5449,-17.7246,489.3697,-5.8180,557.8838,-14.2127,573.3635,3.5191,631.2893,187.6267,481.0216,126.9269,609.4190,87.8420,623.0765,144.0882,592.1148,19.5129,571.2866
597.3074,-36.2857,529.0854,-18.8939,588.0362,13.3726,665.1342,36.6691,660.7525,93.4767,489.4589,109.4471,611.1753,106.6449,614.4263,118.0484,600.9644,34.6917,653.0594
591.3180,-41.8197,526.0348,-30.5561,612.8995,11.7447,735.7249,62.7551,666.5123,32.7976,496.5898,100.0271,620.3081,91.0153,624.9954,81.8976,577.9369,43.3176,706.9157
610.7631,-33.0454,523.5026,-17.0068,654.7609,-15.5443,731.6971,66.7537,681.3511,59.7588,483.8716,122.4479,636.9822,74.7296,621.0923,83.6673,585.8035,17.2358,745.7070
589.2398,-47.1584,539.0233,-32.8094,674.0058,-44.9779,719.9696,67.6936,741.7366,129.8286,487.6915,109.4093,643.8627,68.2238,606.8120,97.0186,606.1234,-20.7818,783.3986
519.7020,-77.6630,533.6891,-61.4752,649.5878,-44.8070,738.5026,81.2110,824.9872,180.1895,514.5822,52.4713,649.8078,61.0626,625.0083,78.6290,602.1405,-28.2557,795.8865
504.6178,-88.9697,514.6295,-45.2306,621.6176,-24.0551,752.3949,109.5176,900.0951,217.3535,529.3130,9.7686,661.3362,44.3945,698.0325,67.6018,575.4670,-11.5911,789.8454
534.9903,-96.9283,519.7727,-37.5496,618.8004,-25.6123,776.7830,135.1260,963.0916,280.7945,543.7180,-11.5974,685.2950,10.4333,791.8649,98.9881,528.1721,-8.5053,777.9188
508.3059,-119.5889,533.7153,-81.5370,632.0152,-50.9943,822.5167,132.8836,998.4178,343.2614,568.2574,-13.0054,728.3183,-20.2919,854.9715,135.9486,490.4816,-17.2086,741.8577
464.6052,-109.1265,533.6246,-83.9006,649.5610,-47.6608,813.4435,115.1967,961.1722,338.1920,559.2721,30.4775,750.2297,-3.9616,871.1387,145.3051,515.5008,-4.0192,690.9100
506.8153,-49.3365,538.0702,-13.5407,653.2708,-5.8260,737.5052,107.2693,842.0700,264.7850,526.2533,86.1548,711.1711,53.5680,854.1851,132.6917,563.8821,22.6945,647.8043
580.7352,-8.1320,554.0468,24.9548,625.6992,20.9574,688.7152,81.3295,714.6194,158.2242,528.3432,101.2674,656.8150,97.4096,810.9025,116.3934,551.9710,35.2702,593.1151
585.4835,-7.9377,564.7275,17.4892,591.9355,26.6247,671.6119,14.5825,628.2370,21.3235,541.7488,99.4373,650.0345,106.6656,727.6102,106.4955,514.4626,62.1794,524.5743
551.7639,8.4491,572.2214,44.6727,597.4881,53.0357,607.0236,-34.2592,517.7616,-99.1221,523.2932,121.0933,675.8517,101.6282,602.3074,83.0694,516.6165,119.3220,476.2183
529.2958,49.7719,581.3392,85.8432,636.9214,79.4046,508.2712,-12.2758,358.7847,-100.7074,508.8735,152.2449,683.5409,95.9514,483.1666,47.4272,506.2238,138.4116,442.3835
471.6367,62.5100,559.2916,79.0858,649.5453,65.7467,437.0855,45.4735,274.5333,1.3828,489.4922,166.2803,648.2219,101.6248,427.4630,60.4588,436.3468,95.3116,411.4726
356.4232,35.2991,472.7038,50.3909,592.0311,44.2327,399.0167,83.2642,312.7169,64.8382,394.0768,156.8037,579.7232,127.2425,419.9355,112.5547,358.6227,71.0202,407.9106
261.1736,11.7286,357.7068,31.9068,494.0679,39.0756,395.3911,79.5199,328.9754,36.3288,265.9964,141.5507,515.5223,142.5870,397.2521,103.7177,301.1248,90.7979,400.9507
236.0629,23.0897,283.7157,18.4034,417.0370,25.5647,411.3006,44.7342,244.0058,-10.5343,204.5597,146.3355,466.4447,113.2886,333.7813,56.2570,243.9948,92.2893,326.9472
221.4661,45.3581,241.9431,17.2228,358.2988,15.2849,360.3603,31.6749,149.9369,-25.5604,180.6559,143.9442,389.0480,82.5353,237.6987,79.5957,190.4837,68.1195,225.1611
155.4315,20.6010,166.8927,6.4615,260.6230,16.2340,210.8005,69.0453,91.4267,-9.3953,134.7433,87.7807,270.3571,142.2858,122.1791,122.8187,128.8889,48.6804,168.1970
69.2287,-54.7091,70.3028,-52.7980,126.7483,-25.8734,62.4642,95.2416,23.5069,33.6421,94.2672,22.0753,154.8675,286.8886,26.7030,97.0687,32.9906,18.0509,124.2717
15.2872,-108.5053,13.3001,-113.4525,21.2250,-102.3270,-18.1019,77.0556,-32.0567,88.9130,58.0077,18.4037,55.6652,375.3164,-20.1567,91.8722,-70.6175,-24.4582,40.0429
-15.3090,-112.4409,-31.0709,-113.0702,-47.4743,-125.2823,-79.6036,79.5527,-36.6648,140.5696,-14.6708,48.8048,-40.8804,325.3585,-58.6368,159.4026,-154.3627,-49.6316,-69.6770
-54.4322,-119.8894,-113.4610,-94.9616,-125.8593,-99.0043,-163.9200,105.7583,-63.5057,157.0829,-92.5928,63.1340,-114.2168,248.1301,-131.5592,174.7120,-228.3385,-63.9046,-186.6427
-113.7465,-138.1587,-183.9845,-100.8194,-204.6473,-86.2766,-255.9259,75.1966,-188.2878,82.3503,-152.3617,82.1524,-161.9807,259.0196,-216.8711,105.6088,-270.2720,-63.6104,-294.3106
-196.4683,-108.3033,-200.6471,-77.8101,-231.3656,-60.7683,-331.6375,13.7856,-346.4084,-42.4807,-246.0863,117.6054,-220.5889,292.4003,-292.8865,63.8984,-270.1332,-20.2404,-348.6060
-286.4372,-40.0833,-221.2451,-16.1670,-223.8910,-5.7225,-370.3894,11.6000,-429.5563,-78.9533,-361.1053,132.8181,-283.3311,255.2280,-382.3302,61.2478,-301.5426,23.1105,-359.7615
-349.6387,-18.7526,-272.2350,-8.8185,-258.3026,-0.0014,-373.4807,39.3869,-432.7903,-21.4324,-413.5094,114.5203,-316.0829,186.0023,-489.1357,47.1945,-401.2754,3.6997,-390.5149
-396.1093,-68.2188,-308.3705,-85.5309,-345.5544,-61.4559,-376.4912,37.0877,-405.5238,18.4552,-418.7763,87.4502,-335.7238,138.2335,-568.1530,56.6528,-508.6437,-44.7118,-436.4124
-472.9327,-116.5769,-344.1770,-143.7426,-422.2797,-107.0779,-399.1178,31.8149,-346.9489,47.0551,-458.6053,78.7818,-375.3214,103.2021,-580.1485,84.8465,-581.6458,-79.2983,-462.4174
-567.7109,-100.8739,-432.9324,-110.6722,-467.2913,-106.4038,-434.7461,22.6057,-262.0832,97.5623,-523.6109,91.4585,-432.4743,87.9630,-542.7231,47.6356,-612.3353,-114.3974,-507.0301
-616.9803,-45.7190,-530.8245,-45.7749,-519.8849,-89.5106,-492.0965,-29.2814,-230.2694,82.9689,-557.9406,86.3886,-489.9229,93.1733,-512.2617,-31.4516,-589.6708,-117.6931,-591.3912
-610.1984,-8.4266,-550.0562,-13.7984,-572.0916,-54.0111,-567.4758,-73.4258,-297.5403,0.3313,-566.1383,46.6487,-525.9414,81.3884,-516.6826,-49.0227,-553.4398,-41.9138,-641.1854
-585.7441,25.4731,-501.9457,23.4940,-569.4679,10.4956,-621.0526,-66.3909,-414.3482,-45.2537,-572.9001,47.0601,-531.8031,74.1147,-547.9751,-24.4365,-537.2117,43.0847,-632.6579
-553.4825,104.0767,-468.5731,97.9191,-529.9166,82.0636,-649.2059,-85.2584,-551.7704,-95.6256,-577.8760,150.0771,-539.5732,121.8935,-620.6185,-52.6822,-480.3658,45.4099,-654.7756
-511.2509,179.6171,-477.6558,144.3871,-523.2062,129.0855,-695.4313,-156.3324,-700.9946,-212.5703,-593.7449,287.8057,-571.4689,174.3717,-733.4308,-120.8016,-378.2894,0.8492,-730.5247
-499.0847,163.8105,-486.4698,121.9666,-548.6747,129.1130,-753.5170,-175.2517,-766.6446,-263.2020,-642.7366,359.2012,-600.9398,172.9832,-796.8563,-138.6824,-355.7170,-14.4671,-763.2449
-546.2832,94.9708,-477.1916,89.0095,-563.8754,96.8320,-759.1738,-111.0169,-691.3705,-193.4675,-695.7512,360.7583,-607.0552,167.4601,-744.6988,-94.1646,-437.7235,-8.2351,-722.6455
-594.8845,74.0007,-488.6252,81.7277,-572.7217,74.8806,-695.1808,-58.9374,-597.8024,-156.7343,-685.3323,340.2969,-591.3331,182.6862,-649.4681,-60.8314,-500.8326,-24.0537,-694.9395
-574.2237,84.5401,-525.1636,64.5673,-583.1165,57.4656,-624.8762,-61.1092,-596.8046,-189.8973,-602.9987,312.9764,-555.5310,163.8542,-591.9752,-76.7881,-509.0191,-58.8347,-707.9960
-521.7395,56.1231,-534.1813,30.4225,-571.7526,14.2402,-597.4830,-66.8307,-622.8558,-193.0537,-518.3392,281.5644,-525.4116,124.9717,-546.7913,-101.4556,-529.5936,-76.0472,-687.0803
-515.4165,16.9987,-509.4108,11.9764,-545.1638,-19.2496,-574.4739,-41.2217,-595.7755,-170.2830,-477.8682,269.5891,-522.5817,120.3433,-487.8740,-92.3545,-560.3366,-72.8655,-606.8299
-530.2976,19.3111,-499.0585,7.0945,-536.0004,-13.3897,-500.8902,0.9601,-533.8699,-139.7025,-461.5890,277.9729,-514.9285,104.5925,-445.1923,-56.6373,-551.2488,-89.9984,-519.7753
-501.6685,18.0640,-505.9533,-10.5733,-542.0051,-25.1157,-409.9816,23.6390,-467.8899,-64.6358,-447.0042,254.7705,-492.5620,32.7866,-428.7789,-28.1214,-503.3665,-126.0105,-444.6301
-459.0019,-34.9975,-494.2948,-39.9560,-543.5690,-72.5178,-374.2838,5.6018,-423.7753,-19.8283,-425.1584,182.2018,-500.0636,-23.7540,-428.1329,-35.8442,-439.3153,-117.5798,-376.1912
-439.2001,-73.9628,-456.4621,-50.0508,-531.4766,-77.3719,-393.5050,-30.9652,-429.9901,-79.0750,-376.9765,137.7254,-523.6700,-13.2755,-439.1598,-69.4223,-364.3060,-62.9151,-355.5601
-380.2770,-18.9121,-398.1839,-14.1770,-497.6499,-22.9966,-426.9347,-66.1187,-447.0413,-130.9768,-312.8611,166.9175,-506.5205,5.6225,-431.3887,-81.7842,-278.8048,-49.4701,-408.5923
-250.1679,78.5429,-334.2607,41.8366,-462.0864,10.5262,-467.5157,-121.5676,-405.6701,-99.6481,-268.2253,197.2438,-466.3907,-11.2649,-382.8822,-72.0964,-191.9171,-105.1220,-483.4202
-137.5070,110.2376,-298.7394,57.0255,-457.9756,-2.6732,-496.5158,-189.8580,-317.2839,-79.3316,-233.4397,183.6467,-435.3567,-25.5121,-327.7435,-88.1632,-132.7787,-155.4505,-519.8705
-110.1086,82.3484,-280.0101,30.8279,-450.2733,-13.7090,-475.3501,-212.1914,-245.7623,-104.8072,-188.9542,178.2850,-392.9219,-2.4247,-288.5419,-110.2499,-116.2673,-153.7071,-504.2286
-123.7023,78.7125,-232.1593,20.8548,-379.5279,-5.8856,-431.5573,-178.9961,-229.7576,-100.7607,-153.7664,186.5681,-352.3634,28.9986,-250.1423,-79.5283,-104.6585,-130.6467,-441.6684
-115.8151,94.0403,-178.7985,31.7656,-285.5912,-3.7411,-415.7402,-141.0885,-270.4200,-52.4913,-112.3772,152.5653,-337.2712,17.8652,-227.9378,-33.3952,-78.9607,-118.7506,-348.4669
-82.0422,58.5765,-166.2454,17.9407,-249.1846,-14.3952,-385.9432,-114.5304,-317.8990,-12.8426,-36.3425,90.5952,-297.0522,-34.5972,-237.7321,-36.8275,-80.7050,-109.7202,-249.9915
-53.8815,-13.3737,-166.4799,-21.2581,-247.9506,-21.3078,-281.1376,-84.8590,-300.4272,-26.2302,5.5507,49.0659,-215.3527,-75.3072,-223.8170,-58.9596,-113.9679,-76.7532,-156.2406
-52.8862,-57.5873,-149.8898,-51.1204,-204.0085,-16.3727,-144.7480,-66.0666,-216.7678,-87.1284,-39.2602,14.5157,-157.3047,-89.5660,-132.6435,-64.7246,-128.7007,-15.9324,-74.8951
-63.5916,-78.0456,-131.0543,-59.9939,-115.5281,-15.5365,-38.8374,-67.6986,-126.9219,-110.1980,-67.7348,-33.3051,-119.8747,-117.1431,-4.0552,-82.3128,-118.0949,34.7488,-13.2748
-62.7412,-97.5078,-93.9204,-51.5181,-36.3871,-26.9167,63.7264,-64.8666,-57.2245,-45.3693,3.3609,-83.1220,-52.9169,-154.8272,83.7848,-107.4987,-99.6010,45.2542,53.6467
-50.7240,-89.8001,-22.2551,-32.8890,21.2552,-21.4601,185.4299,-48.3059,5.6393,18.4983,104.5503,-127.5462,10.5506,-157.4470,109.9035,-108.2395,-49.4681,44.3176,140.1182
-6.0112,-55.3957,46.2852,-18.1551,95.0309,13.3420,266.9183,-42.4495,66.0780,13.9916,182.4888,-143.2095,55.0276,-136.2894,121.1832,-99.1179,38.6970,70.4098,200.3937
107.1619,-42.8185,108.5606,-13.6896,203.3186,31.2684,281.1661,-60.2971,112.6318,-5.8953,252.0209,-107.7740,143.4345,-129.2317,166.3262,-89.5085,119.2779,105.5664,212.0600
246.4889,-54.3526,200.2584,-18.9539,311.0128,7.9565,297.6479,-82.7033,133.4518,-14.4089,278.0923,-69.0158,256.9649,-121.6797,235.1462,-65.0576,169.5030,112.3219,233.4805
335.9247,-55.9407,298.0468,-28.3890,386.9329,-10.9433,357.6679,-83.2081,142.7169,-29.0173,259.6888,-84.0213,321.1064,-108.8037,292.9121,-53.1511,209.4278,102.0678,304.4827
380.3925,-59.9399,377.0532,-24.1926,458.8499,-2.4427,420.2965,-60.0991,187.2023,-22.2736,300.1086,-125.3697,375.9601,-130.2639,353.2971,-72.7283,253.1205,111.4890,393.2623
407.4965,-81.9722,458.3160,-11.8519,556.9990,-3.4835,485.9627,-37.0763,294.1966,4.5750,406.7656,-139.6255,476.1516,-168.8987,453.9305,-81.2913,299.7808,130.8741,471.4534
401.8773,-85.2774,506.8734,-25.7265,645.0102,-21.7353,606.4109,-24.6089,431.5960,10.0472,455.7082,-121.5165,561.7128,-161.8281,579.9727,-62.8795,345.7685,117.1276,540.3082
390.4453,-56.7920,483.0984,-52.7380,676.4333,-22.0558,737.0361,-5.4636,538.2611,16.5039,437.2882,-92.6973,598.2033,-129.9164,670.4340,-43.4509,392.1913,76.0725,603.0016
430.5056,-40.0422,466.5463,-44.4865,672.6589,-7.3090,781.6407,26.1879,579.2327,35.7243,458.5735,-77.6944,635.1703,-133.4965,695.6890,-17.5433,446.3111,56.7758,668.3693
495.3419,-44.6257,512.3834,-15.5571,677.5290,-7.7051,774.3977,49.0188,578.5344,0.6316,525.2690,-86.1942,673.3980,-139.7969,697.4398,9.4360,502.4916,59.4296,730.3427
537.0117,-33.7100,543.5615,-0.6666,686.4514,-5.9214,794.6918,44.2303,584.5806,-91.8127,575.4372,-94.9098,682.0633,-89.0422,726.2358,-4.0989,555.4194,40.1087,751.0031
579.6976,-9.5013,539.8475,25.3561,675.4608,30.7489,786.5131,7.9853,599.9457,-159.3474,621.8101,-80.6582,682.9611,-15.7842,758.5380,-43.6336,621.5853,-3.0980,713.5309
633.2629,-5.1348,577.4914,60.3533,653.1689,67.8174,692.5165,-44.8821,618.5333,-167.1291,678.3415,-49.7502,675.8549,12.2799,748.5399,-59.4616,684.9830,-42.7346,645.7476
664.7629,-16.3059,636.9545,43.6502,639.9890,46.5876,604.2664,-75.0342,684.8251,-117.3970,694.5909,-30.2439,620.7266,-15.1353,720.6312,-62.0706,690.8599,-79.0372,579.1788
678.6653,-24.1083,646.3072,-8.8361,628.1102,-13.0098,578.5231,-67.5415,783.5964,-28.2158,658.4604,-56.7549,540.0891,-73.6633,696.1419,-70.9038,657.3571,-110.0979,537.7568
678.1118,-32.4712,634.5461,-18.5953,603.1483,-44.6478,539.0963,-71.8339,797.9225,18.5247,620.2313,-106.2711,490.2310,-123.2522,630.2330,-70.1839,661.1540,-114.0475,530.4121
633.7758,-34.4788,634.8571,2.2079,582.1584,-41.5821,483.7889,-122.1851,706.2300,-19.9097,592.5945,-89.0619,472.3724,-118.6883,537.2739,-76.1113,682.1406,-96.0516,522.8594
581.5530,-16.5374,606.9343,-6.9092,580.9026,-38.2372,495.8150,-170.2868,612.5438,-79.7673,547.6428,-10.8983,473.1410,-77.2832,501.5941,-109.4386,637.8088,-82.8520,482.5327
585.1742,-10.2977,550.6156,-32.2466,568.4150,-36.8778,528.8862,-175.5410,536.5182,-134.1095,496.6646,-2.2412,494.0280,-67.8291,503.0687,-126.9621,542.0817,-83.7551,432.4345
591.1765,-54.2816,510.7538,-47.7804,513.6499,-37.2329,487.3037,-174.3496,438.8582,-192.6152,471.6015,-75.5560,502.0627,-95.0137,457.1268,-97.0759,456.9883,-99.7673,399.2220
512.8033,-113.8779,480.3910,-75.1388,445.5583,-60.2519,434.5350,-184.1873,381.8152,-181.0387,448.9928,-96.4659,458.5623,-103.5187,389.8872,-53.5048,379.5817,-122.1359,376.9583
392.8759,-125.4388,436.8102,-110.2780,399.3961,-92.1934,446.3653,-157.7291,406.9647,-78.0637,380.4319,-53.4120,381.7874,-94.3616,357.6553,-27.0304,300.2842,-126.0007,358.4094
317.4246,-96.3013,393.6289,-122.2716,347.6396,-104.9120,435.0123,-95.1734,429.0746,-13.3471,284.6198,-56.4837,310.9734,-109.7079,331.6931,-25.4616,245.3744,-116.3385,324.3969
274.4673,-80.4989,353.3291,-115.6220,264.6807,-116.3028,341.6491,-64.4255,412.2955,-25.8899,221.9181,-96.9660,258.2709,-131.2442,300.5189,-42.8146,205.3101,-122.1571,254.4256
205.9544,-81.2069,301.2272,-94.9986,203.1812,-128.0602,262.9270,-72.9615,407.3291,1.8130,186.5939,-90.6412,218.0890,-109.5004,285.2318,-35.6492,145.8494,-126.6671,184.4966
109.9553,-56.2297,241.7976,-48.9708,209.4791,-96.2839,239.4837,-65.7355,384.1646,61.2401,124.5631,-54.6842,177.5916,-54.7564,240.7829,8.1410,86.9869,-96.0869,145.5289
40.5232,-9.0583,187.8781,-14.4607,223.2648,-42.6571,187.8700,-49.0025,271.2673,3.4497,45.5432,-47.2989,133.5431,-22.1580,137.3124,16.0315,64.3012,-48.8647,80.7707
32.1263,2.7309,148.9506,-36.8288,166.3000,-42.2397,101.2689,-66.4998,102.0009,-154.4003,6.4041,-71.6075,103.8007,-41.9971,34.8570,-34.7948,49.6712,-12.5927,-38.6524
40.7081,-39.5671,117.9499,-77.5656,69.4571,-78.1718,52.3913,-89.9986,-28.5663,-225.3128,3.4511,-117.2422,82.8142,-93.5962,-31.3127,-63.1128,-2.1235,14.4698,-123.9628
-0.9249,-84.7732,56.7663,-81.3135,3.9530,-82.9496,18.4983,-72.2281,-72.5104,-161.6389,-19.0631,-172.6208,27.2313,-129.1087,-71.7447,-49.8906,-71.9730,22.0834,-117.6782
-78.0086,-90.9045,-41.6881,-67.8237,-37.5498,-70.1395,-59.2134,-40.6707,-67.5100,-95.7195,-80.6601,-206.4684,-66.4185,-128.1059,-73.8635,-61.9474,-113.2247,3.5612,-82.7518
-123.8646,-74.6821,-114.1632,-69.3783,-86.3160,-73.9436,-129.0337,-33.4641,-97.8970,-70.6170,-155.3566,-210.0978,-140.4238,-122.9507,-65.7424,-88.9284,-135.0630,-10.4947,-79.1396
-137.4218,-74.7351,-129.3057,-81.2764,-128.0454,-77.4259,-135.9583,-33.7422,-165.8773,2.7118,-219.2919,-212.4295,-170.5750,-148.4839,-108.8781,-71.1106,-179.5749,-11.2585,-99.0519
-173.7026,-106.7912,-149.1807,-108.4852,-171.7332,-84.3503,-139.1017,-25.7861,-183.9776,95.3108,-263.5440,-234.1806,-201.4359,-193.7592,-166.1482,-41.9087,-243.2457,-25.3651,-123.2124
-238.2997,-145.4039,-221.2253,-146.9520,-257.6510,-111.1001,-187.6315,-19.6890,-167.4466,63.8125,-285.8715,-260.0493,-265.0160,-225.3768,-179.7426,-58.5671,-291.9244,-42.1797,-143.5290
-281.0141,-142.1636,-304.7238,-146.4506,-353.2037,-113.9020,-240.4576,-11.9061,-228.5512,-55.7558,-295.9947,-250.5191,-331.8574,-222.0262,-212.5254,-86.3303,-316.9046,-37.8413,-163.6615
-288.5838,-91.6780,-344.2501,-92.6908,-382.4249,-68.9109,-270.5398,2.2273,-343.1547,-80.9954,-312.8531,-189.5827,-356.6900,-179.8248,-310.7544,-79.3949,-326.9478,-41.9640,-198.5175
-310.5718,-47.8646,-340.1767,-48.4232,-357.7046,-38.9006,-296.6814,9.7755,-390.7007,-14.3790,-338.1063,-119.1804,-341.8524,-119.6171,-397.4803,-66.8637,-336.3342,-77.5915,-240.2099
-367.2387,-38.6095,-340.0410,-48.3475,-356.5240,-55.2150,-320.5085,10.6949,-380.1985,-1.4468,-347.0104,-89.3172,-339.2875,-80.1812,-432.9216,-82.3478,-360.7673,-106.5801,-264.5256
-412.2340,-32.0172,-387.0132,-58.6487,-407.5850,-65.0492,-344.8409,11.3568,-386.3500,-26.7258,-336.3812,-99.1803,-379.5972,-81.6482,-467.1920,-102.6639,-379.8919,-99.8983,-283.3562
-433.7108,-8.5005,-466.9125,-57.5091,-480.4396,-45.4693,-390.3224,-3.3787,-390.9388,12.4968,-352.4349,-116.7850,-429.2585,-110.1351,-508.5627,-102.5261,-363.7826,-76.5023,-325.9996
-466.2015,15.9371,-529.7839,-52.6410,-533.0206,-32.8761,-441.6078,-37.6165,-373.0640,56.8467,-415.6080,-118.0217,-457.1689,-140.9334,-534.4761,-102.8635,-346.1397,-52.2321,-384.2390
-472.1188,28.0610,-558.3158,-42.1432,-553.3255,-34.8322,-474.3432,-64.3396,-396.6426,1.9343,-471.7325,-105.7930,-487.3109,-158.0657,-572.0539,-121.9075,-367.6047,-21.8378,-424.5241
-401.7033,18.7031,-563.9240,-24.3229,-578.3940,-20.5554,-513.8697,-66.1840,-491.8297,-82.3509,-484.0630,-106.1337,-530.8002,-155.5956,-632.6938,-127.8642,-397.6630,16.3277,-426.2372
-347.3799,-10.5237,-550.0590,-8.1428,-625.6268,11.4285,-567.2508,-49.4380,-581.0801,-72.4084,-491.0285,-122.9646,-552.1224,-140.3007,-669.3728,-97.5359,-416.5382,51.2760,-404.3406
-405.6034,-32.2595,-532.6018,-4.9219,-645.9556,20.5426,-585.9924,-21.6750,-593.5028,-0.0594,-516.3083,-131.8200,-550.7872,-134.0151,-664.2764,-68.8064,-449.3935,63.3405,-400.7799
-487.5740,-37.7723,-539.1960,-28.9389,-618.6938,-15.2491,-564.5269,12.8551,-568.1116,29.6292,-528.8746,-133.1173,-564.8884,-152.4267,-654.5206,-64.6473,-473.2678,51.5111,-420.9792
-492.0145,-43.4859,-554.1054,-62.5469,-585.9456,-54.9273,-551.9572,48.5481,-574.2944,25.2247,-526.5851,-130.1266,-581.3494,-173.4190,-653.2971,-48.5866,-464.0779,51.9883,-427.5737
-473.3902,-31.3204,-537.5823,-51.1051,-549.6980,-48.0993,-552.2616,66.9461,-587.9771,47.2491,-545.0537,-93.2199,-566.7084,-154.3409,-629.7164,-19.8122,-475.9534,81.2514,-426.3649
-482.7707,9.8953,-503.2871,-0.3936,-489.8961,-14.9142,-537.4450,43.2907,-559.2073,51.9778,-580.5219,-42.2019,-547.0677,-93.9986,-573.5245,-22.7778,-515.0020,93.9993,-449.4121
-492.6934,24.5915,-494.2845,18.3637,-454.2610,-2.8623,-519.7566,4.3468,-530.3395,-8.5476,-601.0084,-45.5188,-539.6779,-35.7529,-518.5255,-31.2397,-506.2485,58.1613,-460.3338
-511.4881,-2.4271,-501.3954,7.4163,-463.6756,1.8260,-508.8743,14.6014,-535.4705,-44.9039,-597.9683,-77.3705,-495.8804,-1.3653,-484.1424,6.2841,-465.4885,13.0718,-420.6432
-532.7206,-0.1426,-477.7576,23.7094,-444.4679,26.1258,-478.9168,51.8691,-516.2540,-2.6180,-557.5348,-60.5924,-406.0196,17.8707,-450.8642,30.7546,-467.6478,-2.4068,-391.1272
-478.9821,32.3496,-415.8129,32.3027,-379.9360,32.1060,-441.9796,28.8057,-473.4978,5.2127,-444.5727,-32.5689,-337.1004,11.2744,-420.1463,-26.3219,-479.6743,-9.2885,-425.3377
-360.5038,12.7629,-358.1503,-23.0866,-347.8769,-13.9333,-445.6990,-31.8487,-484.9908,-66.9253,-272.5295,-66.1270,-316.0387,-35.2178,-421.9275,-90.2317,-451.2568,-32.0646,-465.5650
-286.7624,-47.5298,-335.7043,-81.9300,-358.8986,-64.6352,-469.6168,-31.6612,-514.5454,-93.4684,-131.0013,-124.7952,-306.9266,-89.1693,-439.5280,-68.6717,-422.9416,-48.3196,-441.4615
-267.6507,-64.6943,-330.6322,-79.9134,-347.6473,-66.0373,-439.2649,17.7637,-471.0316,-35.5932,-87.0488,-152.6557,-295.1592,-104.9342,-420.2168,-1.2350,-402.3555,-30.7028,-355.1147
-234.0533,-47.8621,-306.1273,-65.2227,-296.6945,-42.1382,-354.2346,46.7389,-402.1129,7.8736,-95.8054,-166.4530,-279.2540,-87.0723,-364.7895,44.3048,-351.9217,5.3800,-244.1418
-196.5458,-61.8289,-248.6990,-81.4099,-228.3930,-43.3433,-291.1525,71.0116,-376.9627,20.4989,-72.4448,-186.0048,-235.6106,-72.2165,-316.3052,72.6749,-307.9193,26.6332,-150.1145
-187.7719,-99.9085,-175.3381,-92.7696,-146.9243,-60.4921,-265.9391,111.2961,-340.3255,50.9683,-21.3530,-198.1177,-163.9334,-67.6059,-280.7806,93.2503,-296.2501,30.2274,-90.3148
-172.7677,-111.3947,-112.7704,-76.7482,-56.2681,-47.6995,-207.3338,123.1141,-256.0076,79.6269,0.7551,-184.3043,-89.2549,-47.4086,-231.3067,93.1368,-248.5785,33.3960,-28.2333
-123.2387,-83.2524,-72.3661,-55.7751,30.1161,-8.6855,-91.9790,112.7278,-173.3932,101.1353,15.2643,-131.4680,-5.0840,-4.9334,-158.9259,87.4403,-148.9350,31.3948,71.8025
-58.1150,-47.9975,-40.1942,-44.0954,97.7611,5.5022,14.1673,142.5757,-98.9267,156.1259,78.7686,-62.2349,99.9446,30.0690,-76.8937,97.4443,-76.5129,11.0344,180.5043
-0.2792,-36.1130,0.8765,-38.6989,134.9202,-12.8591,77.2069,195.4015,-7.9910,203.1908,154.7382,-19.4196,191.8888,39.9637,2.6402,106.4774,-46.5097,-10.1774,248.2097
39.1227,-26.3362,42.3932,-31.1828,161.9585,-19.3918,137.8534,200.4704,73.6165,165.7263,181.2909,9.7728,241.2496,39.1770,79.2956,85.7688,6.9906,-8.2018,276.1812
67.0844,9.5975,67.4563,-19.1273,203.6929,-9.0863,213.5768,156.7651,130.7297,78.4497,193.3303,55.8958,265.3495,28.7819,155.1942,30.7927,103.1299,7.4823,307.8400
99.9233,26.5967,84.2906,-20.6840,220.6374,-20.5149,270.4270,109.2577,193.9514,22.6625,242.2697,84.0248,282.8224,-4.2313,228.0534,-29.8017,200.9805,18.1484,365.0713
142.7832,-11.8697,114.2434,-39.0332,179.7435,-45.8460,293.1897,73.5274,276.5211,15.9523,303.1466,63.6412,293.5418,-39.6970,301.1183,-47.2835,274.0415,22.9172,409.4858
218.1863,-29.5799,163.1004,-37.7387,151.0466,-38.6184,298.8066,50.1262,361.3037,59.1246,350.7727,39.6907,311.1122,-50.1010,369.6242,-5.1508,332.9899,21.6212,402.1854
336.1576,31.5845,220.5992,-4.1095,206.1708,-1.4930,308.8222,46.5467,422.0555,149.7103,400.4460,52.9012,356.0752,-45.2364,408.1433,50.4760,388.8636,21.7388,384.7874
404.9846,92.0540,278.7731,26.1693,310.8675,25.2753,344.2291,57.4640,430.9360,205.1245,443.6607,88.5289,423.2023,-32.1347,419.5238,66.7055,420.1310,52.9922,410.3596
356.0463,90.4457,343.6895,42.8048,409.6837,42.5536,395.4982,61.6314,391.6215,132.6872,462.6996,128.1635,492.3232,3.2092,439.9163,44.5959,418.1284,116.4165,440.2295
318.1982,94.6280,418.4276,75.4455,500.3381,81.6805,419.0698,49.0260,341.6382,-3.7468,477.4172,166.0829,555.2973,46.8932,457.5367,24.9218,426.9857,162.1047,423.4657
402.4090,145.4760,479.1364,124.5943,582.1290,132.2469,412.7256,38.7570,308.9913,-61.4114,495.1538,185.6836,608.8796,76.7300,440.8722,38.1679,458.7837,171.1959,394.8988
472.8885,171.6413,503.7980,155.1705,637.9830,150.5723,425.7826,54.8611,304.7702,-48.3742,496.9213,174.0533,642.7186,112.3135,435.5555,76.5200,461.8861,184.3760,400.6046
420.1444,135.6527,521.7840,154.6135,672.9130,138.5771,467.6701,91.4649,317.7020,-56.4577,504.1773,151.2280,656.0422,164.0623,476.5030,114.5859,443.0052,210.2783,429.7928
386.6293,104.5910,576.8182,147.7522,707.3002,143.3717,499.1057,130.7224,308.0245,-39.1822,551.9958,157.1618,664.9330,195.1180,494.8464,147.3276,471.0759,206.9734,466.8877
478.3759,125.2257,651.5086,154.3470,740.6054,166.4179,508.7703,166.9051,271.9599,62.9063,608.6266,194.4252,671.7734,187.9869,463.1887,171.4510,539.7175,171.7558,509.4897
583.0825,152.9383,698.1827,157.8497,739.6849,158.6436,508.6523,177.4397,258.8077,124.4713,623.8233,222.0504,655.5236,168.6498,456.4772,156.3395,591.1454,138.0148,533.8759
619.7036,148.1849,711.1467,138.3353,679.1558,120.5478,492.9104,136.4577,284.7429,57.6838,620.9704,234.6006,615.9015,152.0525,480.1936,99.0810,622.8256,100.6074,518.4935
646.8834,142.5932,706.8581,116.0662,596.2496,101.6144,466.2967,81.5737,325.6482,-5.2585,650.7864,261.4758,582.7474,132.7274,468.7397,57.0800,640.1016,50.4253,481.3598
685.0643,160.1010,687.8259,117.8958,549.3300,102.7146,457.2662,70.6507,372.6509,19.6318,687.2314,285.2615,561.7155,115.1397,444.7172,60.0623,625.3344,22.9617,464.1731
684.0967,169.2055,664.3085,130.8812,535.7815,94.6347,479.6020,79.1016,408.2822,27.8931,660.9561,289.8492,535.2322,115.2050,458.6447,67.6725,606.8873,26.0033,484.9346
636.2485,159.8055,653.5808,132.3560,526.8423,92.0155,521.5520,45.4873,410.7346,-43.6863,587.8201,316.9226,517.0784,135.9436,474.3942,49.5300,616.5933,13.3005,500.0901
593.1927,162.0725,648.5654,119.9400,523.9272,102.6847,553.4817,-24.6676,403.7116,-145.7288,558.8998,347.7358,524.3054,143.9110,461.4862,17.0865,623.7961,-21.9067,453.2147
613.6747,167.6087,633.1843,96.4870,514.6164,87.9883,538.9585,-88.2375,396.3339,-222.8962,583.7448,304.2108,522.4329,106.6399,442.2818,-11.3925,611.7369,-42.8808,368.0583
685.0284,142.9656,606.7730,74.4046,475.2737,47.2441,481.3560,-126.9060,352.2886,-214.1823,576.8533,233.1461,485.2428,67.1792,411.7689,-6.5499,597.9020,-54.7885,310.1747
697.6217,101.0751,566.6953,67.4230,440.5321,27.5143,431.2907,-131.4381,296.4594,-117.8835,525.0772,236.3355,453.8452,88.9465,367.8820,49.0475,554.1880,-73.4058,280.5158
598.2624,66.8296,512.1981,54.4968,448.7891,26.8674,405.6300,-102.1309,288.1776,-53.5253,497.5234,263.4629,459.3134,133.7072,352.4950,107.0831,455.0326,-64.3910,245.0167
488.4972,35.8558,460.7097,19.1271,457.2234,11.2420,366.6826,-73.3181,290.7668,-79.5246,487.1425,237.0712,465.1179,134.5719,362.9228,114.1915,358.0387,-15.7476,208.8156
438.9072,10.7477,414.4653,-4.3975,420.7173,-4.3647,312.3538,-70.8619,257.4441,-119.7343,431.0746,215.4078,438.2436,127.3648,352.2960,99.0881,308.8180,22.2264,185.3092
371.9575,-7.1320,352.1863,-5.8074,365.2486,-0.4887,289.3868,-66.4229,242.4485,-130.4284,343.0950,235.2406,387.4755,151.1660,325.8621,112.4086,260.2398,25.2468,173.5381
246.5248,-42.9189,277.5159,-31.2520,314.5673,-7.7697,300.6412,-21.1810,271.5956,-90.8052,264.0299,228.9470,319.3410,146.4891,300.6763,150.3186,169.2188,14.9036,183.2727
137.8938,-99.6788,212.3115,-81.4077,252.3600,-42.5572,295.8823,52.8948,270.6627,32.5568,181.7856,176.1271,242.7772,88.4510,241.9443,185.0564,64.4205,-5.5412,201.7612
72.5287,-146.8666,148.5579,-103.2479,181.7136,-70.7773,256.7787,106.2016,209.6799,123.1892,99.5621,126.2611,189.6226,53.4282,141.8354,187.2599,-22.8349,-34.0666,184.4333
4.8845,-165.0829,73.2392,-92.9705,129.6324,-68.3968,216.2854,106.7253,157.7223,44.3293,45.8632,107.6749,163.0865,73.9282,54.5497,136.0105,-101.6572,-42.9926,120.8226
-59.4159,-141.8778,6.1522,-83.0483,89.6052,-48.9078,192.5431,61.2222,179.0187,-64.2282,-0.8304,124.3465,122.3304,94.1475,7.5330,74.6836,-170.9160,-38.7943,28.9978
-88.2498,-85.9753,-40.7640,-73.8579,22.6103,-35.0796,155.0054,-2.0789,265.7867,-22.5795,-67.6138,150.5691,51.8673,82.7226,-17.0388,75.2018,-195.9359,-63.6056,-81.6293
-93.5265,-58.6303,-84.9728,-66.5433,-79.0686,-45.4807,74.8251,-46.3888,335.9322,74.1745,-131.6384,142.7735,-30.2937,58.1357,-24.6601,115.5289,-174.5968,-111.1640,-168.1164
-93.8727,-82.9648,-132.0891,-78.9495,-173.3826,-77.7892,-20.4516,-46.9162,291.4166,99.4929,-182.4609,119.2165,-125.7916,35.1239,-28.7332,111.2546,-159.8053,-132.9115,-179.9593
-102.4604,-88.2713,-177.1889,-92.8490,-235.7566,-91.7802,-86.8894,-32.7228,127.9634,84.5304,-228.1067,123.2879,-232.0643,19.1241,-83.3357,57.2889,-168.1511,-119.5905,-168.6084
-141.6808,-44.8995,-227.6461,-71.8232,-296.3695,-56.5452,-141.2580,-63.4142,-58.2821,46.6966,-253.7728,135.3429,-309.1395,11.5757,-201.5455,13.3049,-163.0356,-104.9830,-231.2881
-194.0023,-8.9321,-277.9724,-21.6368,-370.6846,-5.2411,-220.7141,-131.8318,-177.6584,-4.2264,-277.6186,136.5661,-340.6371,5.2437,-295.2710,-8.1404,-160.8924,-105.3126,-349.0150
-226.0992,11.4881,-308.9215,23.7691,-423.1020,12.8131,-293.5482,-166.6363,-207.3995,-6.2383,-347.8635,141.3784,-364.4205,-3.3894,-299.6726,-33.1463,-212.7648,-95.1050,-424.2504
-274.5526,52.8349,-325.8410,46.6875,-440.7945,9.7745,-323.4384,-152.5107,-187.4780,6.3899,-439.8762,128.1981,-410.6928,-11.8511,-286.0136,-59.5429,-285.0010,-49.7580,-441.9196
-362.7803,92.4791,-349.8405,56.4055,-458.7783,28.0561,-365.2901,-144.5467,-180.9088,-34.8673,-500.5358,89.6838,-477.5792,-17.1338,-324.9803,-72.2863,-324.3278,0.4491,-470.0078
-409.8163,97.7369,-390.6344,69.4019,-502.8248,63.7240,-465.8869,-159.3716,-205.1393,-70.5720,-552.6431,70.6757,-556.5473,-15.2540,-353.2631,-81.1994,-370.2625,5.5281,-538.6976
-386.2558,84.5732,-456.2190,78.5681,-576.4894,82.1547,-561.3870,-159.2433,-237.9717,-69.3121,-618.7099,60.4103,-626.2164,-12.6834,-324.3237,-95.3904,-446.8168,-21.8129,-605.0510
-401.9096,63.5541,-538.3668,65.8818,-660.6566,71.7539,-591.5880,-133.0004,-279.9606,-77.3116,-661.1257,19.5013,-664.8466,-20.1826,-322.7655,-94.3106,-493.7171,-38.6733,-630.6008
-499.8976,38.3446,-593.6481,42.0926,-705.0341,36.7814,-592.6490,-107.1252,-329.7994,-42.9302,-674.5389,-10.7575,-686.3079,-30.5393,-391.5190,-70.3915,-510.4446,-49.5945,-634.9817
-577.6447,29.3174,-603.9265,23.3343,-696.1220,-11.2002,-597.1249,-95.8720,-356.8415,46.4941,-684.7057,-9.0756,-701.9869,-39.7440,-453.2085,-67.5738,-564.5177,-58.5625,-643.7515
-593.7904,27.4909,-608.4202,-0.9242,-686.1274,-39.3678,-589.2688,-90.9594,-365.9115,50.4986,-677.6028,-31.8633,-686.6284,-60.9295,-476.1775,-111.6834,-632.5839,-35.2553,-645.5624
-611.8431,10.9572,-625.6528,-28.1484,-690.5740,-34.9912,-586.1671,-82.7088,-390.8450,-17.6513,-656.9974,-70.0353,-644.0915,-84.5559,-495.2461,-145.1990,-637.9249,-1.4848,-644.4963
-628.8875,-1.9397,-625.6092,-36.4698,-674.8951,-33.6830,-617.1830,-70.6604,-424.4273,9.9916,-658.4474,-70.6210,-623.5253,-87.8311,-488.9926,-117.4824,-594.9767,-10.4190,-669.6731
-599.0709,-1.1901,-603.1810,-34.9705,-660.9351,-46.1453,-654.2864,-61.2442,-458.8989,75.9017,-656.8815,-63.9226,-636.6030,-79.2771,-439.5962,-75.0470,-559.1961,-33.9857,-698.9648
-563.9213,-4.5779,-594.9943,-39.9445,-689.9316,-35.8999,-670.6498,-59.4277,-512.2396,20.2053,-621.2846,-74.0996,-652.9725,-64.0249,-411.9857,-70.0889,-529.7872,-31.3056,-680.6465
-567.9337,-4.1948,-616.2529,-37.9816,-723.4578,-13.5025,-686.7944,-64.6840,-559.4164,-76.2121,-604.8741,-69.2738,-657.5437,-30.5987,-442.2991,-75.0203,-493.3172,-39.9639,-635.5563
-567.3909,-0.2074,-634.9593,-35.3654,-714.1857,-30.4803,-701.8650,-71.3306,-570.5591,-86.2861,-623.7266,-78.3764,-634.3060,-12.5189,-491.4246,-64.3337,-465.0283,-63.9639,-618.6875
-539.6696,-22.3522,-609.5144,-57.6345,-672.2377,-69.9159,-680.2635,-71.9849,-583.2945,-57.5533,-596.0814,-130.7484,-567.3335,-45.6865,-536.3424,-60.7043,-460.2651,-49.3524,-616.5759
-527.0471,-48.6995,-539.4025,-82.0965,-607.1682,-81.8146,-625.2779,-71.5361,-612.4252,-34.9872,-510.8899,-150.1118,-497.5970,-81.8395,-566.8853,-60.5481,-480.1143,-32.0292,-594.2822
-527.8542,-38.2693,-471.8973,-75.3764,-534.8340,-84.0597,-584.0836,-83.8584,-604.4265,-2.7513,-453.9044,-102.9313,-477.6717,-71.6083,-548.9227,-41.7580,-500.8873,-77.2274,-572.0021
-501.8822,-29.0161,-436.2476,-59.8630,-506.0125,-100.9705,-583.3338,-103.5556,-553.3129,3.3868,-434.0326,-70.6870,-486.2970,-48.4293,-487.4814,-34.5216,-479.2424,-119.5009,-571.1817
-462.7338,-50.8821,-406.9078,-56.1798,-520.5458,-94.9632,-600.8943,-116.3994,-513.9987,-52.1853,-383.9956,-82.3204,-477.0610,-38.6492,-437.1092,-66.7724,-403.9692,-93.3674,-563.8412
-429.9118,-49.6565,-369.3126,-41.9521,-515.3485,-51.0234,-596.4060,-135.6955,-505.5312,-156.0022,-294.9126,-88.7657,-441.3855,-23.4528,-419.7990,-96.2303,-307.9358,-65.5185,-528.0711
-364.4844,-8.9314,-345.4015,-12.0660,-481.7216,-10.7723,-566.7100,-175.8592,-513.7778,-272.7026,-207.2030,-85.6395,-381.1545,-17.4236,-410.6241,-91.7159,-222.5486,-70.1571,-488.4607
-249.0424,17.1807,-330.6599,14.4394,-459.0648,12.4076,-543.8522,-213.4926,-516.4567,-319.2863,-148.4785,-96.0854,-313.8444,-42.7967,-382.1933,-93.6925,-161.3624,-48.3376,-464.6735
-137.8144,23.4436,-300.7789,38.5132,-435.6460,32.4036,-525.6589,-227.6590,-476.1200,-255.9498,-138.3645,-108.4811,-284.3415,-66.4358,-325.0031,-126.2208,-120.7127,-16.6242,-431.7454
-79.9676,42.2976,-267.3056,56.8802,-382.7021,30.4520,-485.3518,-236.0226,-400.5001,-199.1004,-163.2618,-94.0326,-292.3796,-61.2394,-257.9255,-149.0152,-74.0971,-42.3829,-369.5514
-70.9229,61.4240,-246.8990,47.1709,-317.6239,0.3386,-442.7752,-254.9093,-345.8994,-238.8128,-165.5567,-31.8881,-281.4434,-43.7958,-208.0567,-137.1903,-11.8433,-88.2932,-309.8918
-80.1353,60.9456,-221.1203,18.8031,-252.9711,-13.8421,-415.4732,-270.4329,-316.6226,-286.5261,-128.6927,44.0364,-232.1131,-24.1985,-172.3489,-115.3594,32.0053,-86.5626,-288.0825
-73.7645,48.8891,-169.8792,8.0807,-170.9479,4.0168,-356.8236,-261.8987,-284.8876,-270.5719,-96.9657,49.5778,-169.8640,-9.7369,-142.2041,-101.5690,43.1965,-57.8154,-281.1563
-37.4010,28.5919,-94.6509,10.8407,-79.9453,9.8191,-255.1311,-227.9608,-268.3040,-249.6799,-81.9073,-14.4641,-106.5476,-19.0835,-133.3443,-94.7266,56.1663,-48.3924,-243.2267
1.0138,-0.6260,-18.2995,-13.2573,-18.9513,-21.3703,-179.8399,-193.8020,-261.6699,-253.7232,-52.7626,-51.4127,-53.3581,-37.0839,-141.2286,-100.6638,84.0344,-80.5783,-167.8510
11.6518,-36.7543,15.2344,-68.2442,2.3623,-63.3624,-145.1550,-180.8031,-212.8091,-236.0901,-4.7888,-46.8549,-19.2228,-34.0138,-118.9514,-112.7244,100.5010,-158.0209,-78.4273
4.8338,-84.7060,4.5294,-108.7934,20.0129,-91.7213,-78.7230,-169.3899,-135.1783,-188.1407,54.2555,-70.2203,28.6144,-29.2348,-34.3792,-109.9448,94.2691,-222.3063,3.7549
-8.5236,-129.0732,20.9205,-108.3286,70.3607,-105.1352,42.4206,-139.3383,-77.0940,-162.9742,128.7003,-109.9551,113.3430,-46.8731,90.7858,-105.0923,78.9028,-205.4683,69.2991
-28.6427,-137.6535,89.2870,-91.9794,148.6001,-103.4894,170.7974,-119.6669,-3.8633,-194.3885,191.5862,-104.8056,195.6809,-56.1498,205.7029,-124.5732,81.0155,-151.5798,123.3082
-8.1219,-116.6270,139.9504,-82.3908,212.0273,-88.2770,271.0468,-134.6219,116.6010,-233.6757,206.1227,-72.6875,240.8087,-32.0548,273.5261,-145.7895,135.3829,-139.1972,168.6220
104.0908,-102.5208,147.5823,-71.6183,226.7980,-74.1997,327.7161,-160.2198,224.1588,-209.4794,201.9685,-65.4675,261.8118,-12.2483,298.7295,-142.7565,229.1051,-144.7214,198.8123
235.6072,-113.6914,172.1415,-71.5411,213.6274,-80.5485,346.0652,-182.7998,296.3687,-151.2419,224.9855,-84.3444,272.3853,-42.4235,319.6414,-147.3497,286.2776,-130.8330,220.0164
260.9071,-142.6427,229.9316,-110.0735,221.9937,-115.9504,365.6486,-217.0372,405.4892,-126.3871,250.4040,-102.4286,275.1982,-112.1258,373.3378,-175.0225,285.8474,-141.9035,235.3559
209.4856,-160.9006,266.4262,-161.8365,252.2902,-167.3643,399.1069,-252.0927,569.4515,-82.0493,252.0782,-106.1905,279.3738,-173.9287,461.8396,-174.2274,296.7044,-195.5942,227.0648
208.2045,-157.2453,254.6706,-181.8507,258.3482,-205.0711,414.3188,-254.8559,705.1487,58.5199,268.0121,-111.8516,283.5702,-203.4298,543.4148,-121.5703,325.1202,-231.1645,219.2019
242.5885,-178.8602,223.9858,-190.8351,241.0961,-217.5126,421.5543,-207.0417,754.7355,224.6980,308.1361,-143.2929,283.1259,-211.8236,579.6913,-61.2413,296.4954,-222.7225,281.2299
218.0992,-241.9610,217.6183,-222.8199,251.9780,-225.4951,462.0902,-116.9215,733.4330,301.0802,319.7225,-176.7878,288.6248,-204.8713,587.3204,-20.9306,237.0971,-202.7211,395.7810
187.5370,-259.8955,254.4248,-242.7128,295.6965,-231.6365,503.0877,-34.2586,668.6232,274.4936,298.4431,-169.5645,302.1723,-175.3130,590.4099,3.8498,255.1161,-175.1114,457.4566
246.2005,-194.3964,308.9485,-210.5817,335.8752,-199.9799,486.0212,-7.3879,586.4395,196.1208,303.7684,-147.6647,316.3721,-140.8337,567.2478,5.4119,327.6664,-121.4318,450.2609
314.7274,-145.8114,350.6785,-156.4722,363.6942,-131.2232,449.7164,-1.7181,526.6575,124.7292,350.0570,-167.9633,331.5623,-132.3222,517.4191,-11.2047,339.1752,-59.8827,451.7202
292.8358,-167.4726,384.6173,-124.2823,367.7016,-82.1098,466.0410,37.9026,503.7368,86.9892,390.7574,-215.3164,334.1631,-139.6518,490.2301,-20.3838,293.9770,-16.2199,471.6349
263.2413,-179.5254,410.5648,-107.2844,335.4490,-63.0917,508.4570,77.6649,484.1617,46.2859,390.0187,-236.3975,315.9495,-124.1899,490.5544,-24.8808,270.9392,20.4563,467.5194
312.3926,-142.8356,412.4430,-76.9043,328.5496,-25.4554,511.5430,78.2435,444.7400,0.2830,350.3303,-231.3758,316.7348,-82.8641,476.1821,-34.6360,264.3875,60.3665,457.1419
366.0226,-113.4462,410.5475,-34.2752,404.3589,22.5412,498.5104,86.8166,412.3491,23.2568,306.2890,-230.6465,357.0645,-54.1822,447.7868,-28.5171,250.4611,81.1772,471.1797
365.6606,-106.7699,429.4932,-7.5224,494.6635,26.5192,521.3567,126.4803,408.4953,97.9186,291.3100,-228.2180,385.4070,-61.1840,425.2465,-10.9673,267.3076,71.8582,485.6539
368.1094,-78.0536,436.9225,-0.6100,514.3170,9.1169,538.9764,139.3066,409.5498,98.9191,294.5997,-205.7790,378.0271,-82.7589,401.0670,-25.3029,319.0307,56.0935,483.2906
392.1219,-20.7202,401.9892,17.9985,480.3173,30.6204,495.9593,108.9974,395.0587,25.3949,296.9083,-190.5454,377.1386,-96.1832,382.8418,-61.8052,356.5645,43.5095,479.8061
387.5849,16.8333,352.8311,47.3058,429.7896,67.9825,441.7128,86.2842,372.2661,9.6717,310.9026,-216.9823,386.5891,-109.5297,376.7815,-59.4016,380.5138,16.2246,470.3360
356.4997,-0.2659,321.4983,45.7521,378.0096,70.4536,425.0178,85.1314,343.4838,68.6075,328.4564,-248.1459,372.6976,-116.9103,354.6298,-15.4753,422.4015,-21.1959,441.6935
336.4777,-39.6910,308.4773,24.9862,353.0091,55.4647,389.7141,80.5273,314.0759,78.4295,319.3886,-228.1086,344.9382,-86.2758,331.1262,11.0739,458.1283,-45.7056,413.1771
323.0318,-42.3114,304.9948,35.3319,339.0371,48.7613,312.8915,77.6792,316.5920,5.8021,299.9326,-190.4928,310.9386,-37.3130,354.1617,2.5650,443.2937,-63.0307,404.8805
302.5954,-22.8533,291.5094,45.8180,291.5640,30.8773,282.2570,103.4710,366.1653,-24.1035,283.0558,-200.3578,244.5826,-31.1626,383.2050,7.0226,380.0136,-86.8023,403.0920
274.0405,-49.1814,251.2676,-7.4292,237.2278,-6.6200,323.0692,156.7395,414.7744,61.2902,231.1916,-231.5108,168.3447,-53.8509,346.1965,59.7680,305.4988,-109.3479,383.9519
223.4482,-111.4754,197.6831,-80.8564,201.5451,-44.9812,339.1423,198.6359,396.8635,152.2085,167.0539,-219.4082,137.5182,-41.0438,268.7469,128.2604,255.9740,-131.2769,346.0001
156.2715,-137.0663,148.0804,-97.4347,143.7999,-75.5393,285.8026,196.7892,307.2480,148.6705,161.0941,-172.3472,142.7808,-7.4907,198.2383,157.1013,226.4837,-146.0965,306.7730
104.1658,-122.5668,104.0916,-83.8474,86.0755,-91.5137,216.9161,170.8342,205.7776,122.0081,162.8241,-135.7865,145.6263,-8.2111,123.3376,144.9682,166.9925,-106.6658,275.4414
60.3077,-118.1268,68.2831,-88.1587,92.9908,-83.8721,166.7340,157.1968,142.7205,137.1441,80.5984,-116.0514,144.8575,-25.9803,48.2268,129.7995,61.6662,-7.2965,245.2939
-12.2575,-125.0179,32.4510,-81.8190,109.6528,-64.8760,125.8796,152.7447,103.7276,134.3619,-31.1876,-93.9242,133.1107,-19.9021,-3.7691,117.8256,-41.8640,65.7623,216.5650
-106.7048,-115.0428,-23.2866,-46.5566,62.3224,-45.8409,87.4658,146.0969,55.8846,111.3495,-96.2731,-62.5815,86.3259,-4.0976,-52.1892,96.8606,-116.9391,64.7246,196.3691
-179.9341,-90.9729,-91.6640,-21.8055,-3.2251,-20.2649,46.7501,147.2695,4.9789,141.2005,-154.1146,-35.0041,15.9456,-4.9727,-113.7069,87.6050,-181.5905,49.2942,164.6597
-211.2889,-66.9437,-148.9448,-20.1353,-55.2461,-0.9996,0.4055,152.7037,-43.3988,179.7769,-218.5390,-26.7398,-52.2484,-15.9865,-172.1143,105.3181,-228.9941,58.0363,90.7551
-215.7146,-41.6402,-193.0212,-15.2846,-123.7976,-6.3120,-51.2951,156.2789,-112.2972,145.0909,-245.6212,-31.7011,-115.9156,-15.3457,-225.7018,118.7024,-234.1909,53.6195,-4.7135
-233.6004,-13.5118,-226.9614,-3.2636,-188.9720,-12.2839,-115.1589,168.2434,-195.9178,86.3295,-274.0530,-33.6954,-176.2686,7.2084,-272.9148,103.3892,-219.1015,22.9950,-71.4719
-292.6112,5.8432,-255.4430,4.2830,-244.5434,0.6518,-186.7632,164.7640,-257.7679,58.1146,-349.3312,-27.9296,-240.0324,33.6897,-297.0723,76.0158,-229.9668,-0.9232,-112.2066
-347.5831,2.7459,-296.3971,3.4726,-336.1099,2.9457,-252.7821,118.3485,-305.3264,36.3090,-410.6232,-11.1772,-321.6147,41.8869,-316.5323,54.8954,-274.4684,-2.4708,-170.4578
-335.0622,-11.9124,-335.2445,-6.4486,-418.8911,-12.5969,-327.5517,79.5908,-372.5406,34.4530,-429.9308,8.0969,-400.5564,40.6005,-366.9524,43.0068,-326.4625,16.7227,-249.0829
-303.8323,-4.8827,-338.2583,-5.1090,-419.5335,-5.1209,-414.9469,81.4975,-440.0040,64.9884,-464.1721,3.1100,-442.8493,34.3801,-443.7999,32.1807,-366.9205,53.4903,-313.9753
-357.9641,30.1523,-337.6049,30.6677,-399.7845,25.3814,-471.5355,49.9320,-468.1842,56.0693,-510.4279,-13.3909,-466.6788,7.0274,-521.7607,-3.5407,-400.1676,89.6851,-362.8110
-461.4813,63.4833,-380.0754,70.8571,-422.9666,37.6745,-489.6638,-39.0619,-475.2037,-17.6225,-527.5182,5.3103,-499.7263,-18.4556,-571.2734,-65.5139,-436.0545,112.1787,-418.9915
-477.9266,81.3100,-430.1772,75.4163,-440.9676,39.6066,-517.9390,-84.9936,-494.6671,-81.2623,-536.1448,39.5189,-514.5645,-11.6130,-560.7709,-97.3045,-473.2953,127.7487,-475.6702
-414.0656,87.8202,-450.4989,64.4139,-444.4363,58.8613,-553.3265,-55.4006,-504.1356,-97.9202,-542.7523,31.9308,-486.7591,-12.0082,-514.4029,-70.3328,-512.4888,132.5022,-505.7228
-408.5587,69.6844,-472.8033,60.0550,-473.0804,66.4586,-547.9316,-36.0471,-475.0710,-101.4656,-516.2201,8.2639,-445.3741,-37.7361,-501.1345,-39.0984,-553.8076,112.0174,-504.3008
-477.4158,25.6878,-502.0468,41.9372,-497.8048,37.6691,-510.8784,-53.8122,-448.4362,-116.9222,-489.6124,26.2028,-422.6756,-21.3370,-531.2740,-34.0258,-572.2727,69.8363,-486.8835
-511.5380,-3.9735,-498.0816,18.0890,-502.0277,13.8729,-478.8645,-55.1196,-476.9104,-126.8225,-507.8557,67.4928,-426.9772,42.5366,-552.4846,-10.7421,-542.9561,23.6899,-467.9706
-497.0197,10.7437,-472.2128,24.7803,-522.9636,26.3450,-451.6092,-26.9694,-531.5939,-93.9805,-527.1812,90.6398,-456.9527,70.4293,-526.9836,32.5658,-484.3915,0.4367,-452.5943
-492.6299,53.6122,-455.4329,49.4825,-530.4551,48.3884,-436.9441,0.6663,-557.4140,-46.9606,-503.4336,92.9678,-489.5085,59.9561,-460.2986,32.6545,-429.8519,23.7052,-439.1084
-465.9243,95.4024,-427.6542,64.7897,-478.2092,57.3757,-461.1967,6.2643,-566.9905,-74.7563,-460.5716,82.5958,-494.5383,66.2135,-407.1705,-9.1567,-384.4869,68.3003,-434.6359
-379.6324,116.7914,-379.1973,79.5256,-416.1328,55.5084,-505.1425,-12.7502,-587.4477,-151.1403,-416.2161,75.9584,-475.8598,63.2554,-421.0551,-25.6022,-344.8368,79.5163,-448.9612
-310.1816,106.1830,-339.2775,84.7252,-383.3792,39.7663,-519.2445,-23.4733,-596.7976,-161.7009,-370.5616,84.1683,-448.5056,27.1948,-464.8288,-6.4706,-313.9229,58.9625,-453.8686
-305.0552,71.8812,-311.4226,56.5729,-341.7509,21.1371,-487.4313,6.4564,-585.6898,-135.2974,-342.5784,70.9297,-404.7591,10.5043,-476.0160,10.5569,-289.5566,55.5040,-404.0908
-304.2739,40.1809,-278.9633,23.6285,-280.1186,26.4462,-425.0809,47.8677,-574.7392,-149.2374,-328.3282,14.0113,-344.9336,14.8756,-474.4885,23.7655,-279.6540,83.1515,-320.8548
-285.1583,24.7794,-250.4997,18.4858,-222.8294,47.2702,-349.7062,70.2023,-542.9733,-120.0404,-300.3173,-32.3566,-287.4193,-10.3788,-467.3334,43.1476,-299.0358,116.1597,-266.8007
-276.3746,15.4302,-237.4590,17.7864,-170.4511,53.2345,-274.5934,98.3666,-461.8588,-2.5427,-267.6546,-27.0017,-232.7034,-32.7332,-398.8463,56.6816,-325.8185,125.1166,-243.0316
-256.7960,5.7346,-229.8113,9.3601,-128.7806,48.3636,-214.0732,128.0641,-373.0415,65.4046,-245.6099,3.4129,-172.9505,4.7686,-299.1656,66.1521,-304.8722,93.3883,-210.6978
-220.3010,17.3458,-210.3624,22.7476,-104.1273,51.7904,-182.1655,113.2141,-323.7892,27.5566,-206.8514,39.5731,-115.1699,68.4136,-249.9900,82.2262,-209.4059,50.9665,-165.5589
-210.9961,69.9410,-161.5258,64.0520,-65.5675,62.8502,-173.3973,77.9237,-299.7982,-15.8472,-141.7074,82.1852,-58.8382,111.1970,-207.3420,98.1395,-82.6149,51.8653,-113.1702
-189.2613,131.7869,-82.0469,105.3200,3.0248,81.1515,-163.0359,80.8533,-277.2046,-27.9778,-89.6415,113.9957,2.1411,139.3784,-116.6519,114.2330,0.3643,77.0677,-52.6793
-70.8508,149.1237,-2.7941,116.9640,67.5425,102.1966,-140.6711,90.4674,-248.8818,-35.8410,-57.0976,134.1683,52.7434,154.2604,-60.3236,128.5399,29.6996,60.3941,-9.8748
78.5543,123.8835,48.6769,83.8041,93.9906,99.0995,-108.4851,53.2306,-209.7059,-37.5725,6.1654,160.0193,83.9055,148.2913,-71.8147,111.0690,70.3209,17.1084,8.2468
127.4527,102.1395,77.2594,38.4623,92.2251,70.3134,-56.3193,8.1771,-176.9586,-54.7642,113.1944,178.4828,116.6716,136.8985,-49.0416,65.2928,136.7362,16.6524,45.1997
106.1429,98.3396,101.4288,33.6546,116.2880,57.8139,10.4508,6.7278,-165.2057,-92.2744,203.2938,177.6943,160.2349,126.2366,26.2164,41.7705,167.8697,59.9648,105.2512
132.2608,94.0938,134.9987,53.7238,193.3060,72.2365,59.5877,26.7459,-138.8194,-86.3495,229.0877,180.5976,194.8874,112.4617,65.7708,36.0156,167.3911,97.2019,147.6521
202.8125,85.6658,174.5140,55.4671,257.8471,76.2197,89.6369,43.1758,-59.4910,-21.3591,215.7947,190.9573,212.9252,111.3521,76.2879,5.8670,202.3703,105.6908,187.9655
233.5634,83.9765,200.4305,59.3102,261.9445,61.3409,132.4507,67.0429,66.4962,54.5451,210.2258,180.3882,229.3804,121.2641,126.0826,-15.1932,255.3898,89.6512,251.4549
226.0127,95.7619,213.7843,82.9341,274.8742,58.3836,196.8222,88.3714,209.9566,117.5337,231.7358,140.1814,260.4089,112.7524,192.9675,13.4751,270.9522,70.8063,293.9934
259.2006,113.9897,241.9500,90.7864,333.8419,75.0649,270.2040,87.1998,315.0576,133.8103,284.1756,86.1779,308.6269,93.0561,229.5480,41.3359,284.8853,76.3070,311.8270
341.7707,108.8592,289.3849,81.9690,364.8029,90.5160,335.1250,88.0341,339.9670,92.5167,355.7631,41.8589,346.4962,98.4338,261.5240,43.8072,337.2487,93.3769,379.3488
392.8482,67.1841,329.4288,82.2239,354.6299,92.2792,371.1350,118.5505,355.1544,89.7510,414.1056,32.3901,344.1969,121.1216,319.2134,76.7966,386.6066,90.7391,485.2362
388.3251,38.1920,348.1056,69.2843,366.6016,81.9363,393.6258,150.5741,452.7985,173.1442,441.9367,52.9766,332.9285,122.9698,376.4438,122.8323,410.4624,79.8689,531.3514
398.3156,66.1204,355.4920,43.9660,388.0944,70.5838,434.4715,143.0641,578.6883,245.5251,449.3870,73.0111,366.1338,98.8003,400.6307,98.5584,431.9770,82.5126,515.8803
448.6069,109.6723,371.6795,54.8942,394.1138,72.7018,465.9807,104.3182,644.0901,261.9751,448.9565,88.1575,424.7414,71.1412,398.3356,36.8247,437.7971,88.3462,509.4430
486.5508,113.4766,412.3472,78.4867,431.3371,80.2142,459.5433,76.5425,684.4464,274.9926,460.6713,107.6954,463.3512,53.5151,397.1607,37.0518,415.4750,90.3756,509.4067
489.3183,94.4224,457.8454,56.3007,489.9272,67.8616,471.2262,85.3643,730.6187,287.3756,500.1414,112.1692,501.7663,47.6715,414.5021,82.2591,405.0302,89.9247,496.6997
471.1792,85.1291,468.5743,26.2737,503.6603,44.0284,534.7443,116.1115,716.3385,281.0542,533.6349,88.7977,562.1525,51.5820,446.8141,94.0995,419.2532,79.7282,512.3532
439.1529,83.0148,451.7534,40.2484,499.2984,52.0431,590.7912,137.2353,631.8320,257.2611,526.4340,64.8855,607.2409,60.5090,474.6347,74.1376,421.0874,81.7969,559.0266
423.9990,94.9995,453.9569,69.6954,533.4694,99.7394,614.2993,144.6407,563.0942,187.9603,513.3299,66.2035,623.2787,71.0071,488.6861,62.2133,405.2857,124.3409,573.6056
443.9604,133.3498,489.5479,97.0848,572.0860,137.7511,636.9913,152.2441,546.9523,109.2855,523.6887,90.6832,640.5779,83.3821,515.4382,62.2073,404.4509,163.6381,542.1896
456.6386,167.9889,529.6910,131.8623,573.9344,132.4648,638.3793,149.1317,551.4476,123.6456,526.8305,126.3053,645.7263,98.2678,574.5372,73.9804,435.9849,146.0908,506.1794
456.9923,165.1878,546.3316,137.9432,552.7502,108.6986,591.9789,128.5571,558.9062,201.9080,521.4234,152.2172,608.1979,109.3359,619.4763,107.4916,484.2288,105.6489,476.5043
485.9003,136.9980,537.9581,101.0403,521.0670,94.6713,544.0884,125.7207,577.8799,244.8350,534.9791,143.5777,557.4981,103.3263,603.8267,145.9353,506.1226,86.9326,451.1863
503.1653,107.8049,521.3850,72.3313,488.6569,80.8673,529.5692,150.2027,619.3279,272.2781,532.4169,105.4329,518.5912,80.2142,567.9985,155.2425,477.2768,72.5465,445.6314
464.1991,90.8673,503.4471,65.5638,465.4600,60.6336,523.5689,150.5843,662.5565,301.4862,483.1971,75.8021,463.5977,64.5057,554.0460,126.8308,436.8217,57.4339,439.9471
435.8484,99.9712,477.9711,57.3775,434.3978,55.8321,506.4573,112.6051,653.6617,281.7008,440.4258,77.6324,401.4769,72.0820,528.5288,83.1551,426.0798,64.6536,401.0079
432.2872,126.8832,457.2509,67.3947,399.8148,74.4526,477.5962,87.9138,597.3585,258.2618,430.2434,94.0903,381.9175,81.2754,481.3551,53.3858,415.5555,75.8879,363.6490
366.8229,141.5366,448.7574,100.6275,396.7165,90.8491,442.6256,94.3430,568.0844,290.5008,405.3801,108.4377,384.0915,73.9636,450.1364,57.0944,364.0277,63.4539,371.6302
273.2761,139.1600,409.7100,111.3052,400.6047,88.9241,421.3495,105.9977,573.9247,306.1999,360.4095,129.7654,346.0608,78.1719,416.2132,96.9406,290.8516,46.9507,382.7742
247.0029,127.5241,320.8716,94.9096,348.7375,85.9866,404.2764,121.1201,550.0481,272.5516,333.4089,150.5536,282.2119,115.9300,348.0107,148.0348,235.6702,46.1785,341.0834
230.9457,96.8181,253.7428,87.6543,255.9559,99.1874,348.6673,139.1467,485.5415,256.2055,321.0518,137.8489,242.7841,147.0097,285.1793,169.6623,206.8524,54.1379,262.5472
181.1709,67.4739,258.3070,90.7161,194.3587,116.0328,258.7420,137.1340,402.1950,255.0001,303.2059,99.3268,211.9348,130.4217,242.9706,154.1461,189.8500,73.0953,175.0914
190.0387,85.2540,274.8440,96.9964,179.9003,114.7990,174.3236,120.3192,295.1015,231.4202,267.9158,80.8431,147.5114,95.1727,182.0015,140.6865,168.0253,102.7772,81.8217
233.5877,124.9019,237.5189,112.2629,156.3347,98.5350,101.9858,109.1132,201.6692,189.9653,195.6379,83.3483,65.8741,84.1071,122.0993,154.1298,132.0525,118.9793,6.0329
172.7945,119.4625,165.1475,113.0850,89.0401,87.5389,43.4285,89.7141,164.8654,115.7883,111.9479,70.6864,17.4019,83.1087,95.8696,167.9853,77.0823,109.2573,-40.8598
49.8498,86.5563,109.8094,84.8947,32.3158,87.9585,11.4504,55.3726,123.1549,45.9813,77.9304,47.5940,12.9282,62.6648,55.7487,152.9307,3.6812,90.4524,-91.5280
1.6101,87.2854,88.1961,63.8132,41.2668,88.7145,-12.2697,34.9894,31.3452,74.1989,75.0155,47.3826,12.8248,31.8432,-9.7140,122.4655,-71.9730,82.2582,-141.7010
-2.6957,104.7216,67.0864,64.8306,55.2010,77.5674,-44.8474,43.8747,-30.3879,140.9135,33.2043,69.6955,-20.6654,13.7257,-36.9519,108.1387,-133.9664,87.9639,-146.4198
-54.3646,91.2661,1.8059,57.0006,0.2195,51.4877,-71.2620,75.4156,-36.8396,126.8262,-41.9787,78.7357,-80.7899,12.1312,-41.8536,110.3730,-183.4781,91.5002,-128.7218
-143.7080,58.9916,-91.0131,35.4018,-72.1572,28.6781,-98.0488,118.3039,-88.0551,92.4274,-104.4858,46.3922,-137.4489,14.8029,-98.7811,94.6356,-215.6367,80.4903,-151.5755
-223.0700,36.5891,-149.4546,25.6344,-103.3704,36.0526,-145.7584,142.0064,-201.3127,86.5653,-150.6770,-2.6925,-178.4159,12.3233,-194.7008,47.2797,-221.0075,74.5126,-199.1560
-250.1161,30.2936,-168.0156,42.2818,-134.5373,67.9678,-202.1213,131.8844,-292.0229,26.5092,-189.9498,-12.0768,-209.5059,14.4455,-283.6438,7.2468,-216.3985,94.5287,-216.6680
-213.4282,59.2848,-192.5038,93.4962,-185.0510,98.9867,-267.4901,120.8093,-359.2747,-39.4789,-233.4351,14.5691,-248.1761,28.2193,-367.4722,0.9881,-210.1821,124.5722,-212.2594
-177.3207,133.2298,-237.7319,165.7886,-224.5166,134.1298,-356.6074,115.1145,-441.6384,-15.8789,-298.9190,25.7757,-319.2671,29.4172,-428.5853,-6.2653,-180.8766,147.0895,-231.3296
-187.5569,200.0354,-293.3474,208.3770,-278.8387,179.1579,-425.7620,77.0276,-490.3641,-25.3621,-359.1793,32.5159,-407.6881,8.2455,-439.3073,-37.0645,-157.9850,171.2116,-292.9539
-220.6461,200.4623,-349.7514,200.9006,-364.7238,202.4536,-431.4078,27.5826,-482.9552,-132.7147,-378.4750,66.8623,-449.3586,4.5222,-436.9406,-49.5841,-209.7498,198.3009,-372.6076
-285.4711,157.2201,-382.0150,187.4003,-411.0692,198.2749,-422.0854,32.7048,-502.5538,-158.2717,-394.5576,83.2997,-430.4005,31.6831,-463.0801,-12.7985,-303.6966,210.1061,-418.4279
-376.9816,143.5657,-382.2799,195.5347,-395.6771,201.2625,-461.6418,75.0798,-591.4113,-66.5320,-440.0090,60.8055,-425.0204,45.5637,-506.1666,37.7144,-335.9863,191.6675,-421.7330
-400.0781,177.4155,-387.1100,199.5173,-401.4279,199.1903,-543.0275,75.0548,-689.7681,-40.1720,-473.6695,76.4700,-476.5660,38.5629,-556.5143,50.6704,-299.3270,144.9779,-436.2003
-349.6964,205.1112,-415.9571,182.0004,-465.7908,158.7705,-615.5615,19.6801,-742.5439,-105.6246,-488.8645,149.8524,-540.3570,48.3552,-608.3479,18.6747,-274.9977,102.3194,-475.9475
-354.6548,190.8235,-449.6578,154.6882,-534.1894,119.2488,-622.3586,-29.1127,-735.5108,-151.0354,-530.4787,194.7374,-578.9404,63.7174,-628.7700,-18.3255,-306.0774,95.0648,-496.7803
-430.0650,156.9022,-485.9328,123.5338,-561.1458,118.0945,-554.9499,-28.4875,-677.0277,-163.1493,-577.4958,174.9894,-600.1729,46.1432,-613.6896,-24.4727,-377.2355,90.1871,-502.4067
-484.3076,123.4213,-531.1594,88.2745,-554.3648,104.2236,-491.7676,-2.7575,-618.6734,-153.7472,-592.0597,127.1753,-602.9512,4.0592,-604.9207,-19.9459,-452.6465,40.0099,-528.1363
-523.5309,84.7367,-568.3381,53.5608,-546.1613,42.1002,-483.5927,0.8060,-598.6085,-99.3491,-616.2656,74.9501,-584.6432,-42.6559,-610.0582,-31.4920,-500.7915,-23.2355,-548.3964
-576.1015,46.6581,-591.7253,14.8335,-554.4601,-24.0380,-468.5753,-18.2092,-570.7816,-30.3933,-663.8475,42.9978,-565.0269,-85.7306,-594.6813,-22.9017,-530.1088,-54.5578,-536.2284
-601.9827,7.7276,-611.3415,-33.8410,-570.1696,-65.6305,-413.5968,-27.8254,-505.9298,14.1318,-667.4904,44.3274,-546.5013,-94.2901,-561.1689,25.9079,-564.3190,-84.0752,-524.5512
-607.8102,-55.4627,-617.5272,-75.8214,-585.8888,-92.3693,-388.6998,-29.7854,-473.5448,31.6541,-623.4912,31.0443,-514.2119,-65.4087,-547.6772,48.2592,-578.5985,-131.7070,-523.5334
-617.3720,-119.9270,-600.5123,-92.7448,-594.7864,-98.2133,-419.6032,-39.8426,-506.7873,3.8247,-596.6888,-23.4901,-480.2361,-59.9695,-550.0438,10.2256,-541.9715,-154.3026,-504.4198
-591.5029,-131.3003,-573.5633,-96.1416,-575.3467,-90.3884,-447.1072,-38.5885,-520.4788,-52.0211,-578.2205,-71.7951,-459.1530,-94.7287,-523.2269,-24.6960,-488.7622,-139.7621,-468.5251
-550.3907,-118.7751,-550.2554,-106.6761,-540.4839,-98.4548,-444.0020,-13.9745,-448.7942,-57.2024,-530.3804,-95.4332,-441.3940,-105.8707,-465.5398,-27.1887,-472.0337,-122.8850,-421.2133
-558.5988,-148.9140,-537.8690,-124.6659,-531.8713,-114.8776,-419.0929,6.0982,-321.2522,1.6600,-497.1241,-121.2276,-434.0470,-73.7900,-418.6641,-42.3102,-490.7818,-113.4763,-353.1575
-554.9744,-183.3069,-537.7769,-140.5870,-529.4491,-119.1931,-368.1552,1.2483,-180.3526,56.4115,-505.8781,-132.2338,-451.6234,-52.3595,-377.0138,-79.9040,-500.3844,-107.7756,-296.9645
-465.3818,-154.6399,-528.1465,-149.8169,-494.0563,-128.7256,-315.5043,-24.4380,-63.4848,78.4777,-487.2562,-105.7082,-464.7956,-67.0881,-307.2681,-109.7218,-470.6687,-107.0691,-281.5658
-361.4728,-113.3108,-489.8864,-153.4365,-460.0388,-148.5071,-296.8178,-58.3177,-22.3762,92.5879,-406.1909,-83.3425,-439.7460,-97.8516,-246.9736,-125.2053,-422.0170,-87.6235,-258.8807
-308.0217,-130.8431,-437.8939,-159.0822,-443.4131,-148.2567,-279.4371,-75.2609,-47.7747,99.9588,-326.3373,-106.2058,-388.8993,-131.2619,-244.6799,-124.8801,-386.8817,-35.8155,-198.1324
-274.0994,-164.0649,-380.1050,-164.1781,-388.3130,-122.7494,-221.3410,-70.5310,-65.7303,62.9826,-288.2433,-148.6711,-332.5155,-157.9816,-253.6675,-112.8933,-349.7030,14.5273,-150.9998
-242.1183,-148.2228,-299.8405,-146.6661,-292.5932,-94.0843,-160.9396,-77.3081,-58.2894,-17.3732,-261.3136,-154.1635,-274.9735,-160.1890,-220.6323,-122.6465,-283.0304,36.4931,-133.8816
-194.7794,-108.7442,-201.7928,-108.4688,-204.7775,-71.3275,-139.4788,-96.5626,-67.3017,-57.1201,-226.9501,-105.6836,-222.7003,-130.0562,-176.1616,-151.1123,-206.4466,35.0929,-97.4629
-99.8724,-92.1800,-109.6468,-87.6062,-114.6200,-59.5823,-125.8751,-92.4065,-90.7053,-30.7173,-194.6532,-56.6950,-166.6275,-80.0543,-145.2503,-144.1920,-139.1763,21.4553,-49.0949
-4.9872,-86.8210,-32.6541,-86.5923,-12.3246,-61.4832,-88.9669,-81.0469,-95.4610,-55.3993,-149.9922,-59.7242,-90.4802,-44.1029,-105.1050,-106.8916,-67.0824,20.3915,-45.9302
31.3830,-64.9249,25.9565,-65.5979,58.2127,-60.7501,-40.5536,-105.7715,-83.0531,-160.6284,-71.6861,-82.2529,-18.6998,-53.7935,-56.8326,-107.1230,2.5858,36.9586,-79.9994
49.9622,-38.1719,67.9362,-32.6608,88.5669,-48.0954,13.6518,-148.1236,-58.1902,-205.8237,19.1020,-77.0241,22.4640,-87.6049,-16.7791,-154.6160,50.1697,15.7970,-94.6715
83.8754,-41.9548,105.1824,-40.9171,100.0987,-41.0742,69.0332,-169.4362,-8.1456,-179.6057,77.7854,-71.6684,61.5059,-93.8211,21.7146,-192.4348,85.6019,-61.2751,-67.2157
102.0781,-90.6340,129.4477,-94.6304,87.8650,-58.4654,102.5939,-168.8615,56.0753,-206.1912,94.3184,-94.9612,117.2317,-77.3772,62.6309,-183.9319,104.2549,-118.9461,3.2307
102.9136,-158.1372,124.5859,-147.6939,82.4401,-97.1036,135.4284,-147.2881,115.6705,-229.4267,107.1242,-121.8238,158.7939,-81.9645,119.2909,-138.9380,87.9025,-124.9748,116.6902
100.3773,-199.2990,120.7685,-168.9610,131.2513,-129.9150,217.9740,-107.5802,176.8004,-140.2167,148.5133,-137.0757,182.4033,-96.5409,210.3815,-99.9865,75.2476,-135.2358,233.4881
103.1604,-192.8043,152.9511,-160.0091,197.5500,-134.6866,312.8148,-82.6053,233.9334,-58.0293,199.8517,-136.5481,220.8358,-80.6103,290.2835,-105.6796,117.5088,-161.5877,296.8259
165.2359,-162.2457,192.5561,-148.4341,234.2291,-132.2957,345.9823,-88.3516,264.1942,-87.5440,239.7788,-106.4253,271.4332,-54.0956,306.2322,-130.3149,193.7470,-165.2604,314.5586
289.1593,-140.9473,213.5129,-154.5519,269.7066,-144.3191,356.8321,-101.9572,278.3079,-121.9824,294.0252,-79.4202,313.6652,-61.3052,304.8630,-122.9458,263.8495,-151.6772,338.6221
377.9376,-121.5272,257.6466,-143.9045,322.5331,-134.0806,409.3371,-114.5908,301.2693,-116.3780,373.1706,-95.5539,357.3429,-85.4747,336.4310,-112.1049,335.3160,-137.2514,374.5161
417.3644,-80.4979,354.7972,-86.0611,376.7746,-80.6276,444.2972,-137.0396,315.9411,-151.4773,428.3954,-114.6559,404.0987,-86.5085,368.9974,-156.9228,423.8030,-111.5202,394.3701
476.3006,-40.7859,458.3549,-35.4100,437.5199,-41.6395,408.9859,-159.4748,302.9276,-201.3337,438.9853,-107.0617,428.3897,-74.7704,396.1802,-218.6798,511.3484,-86.6215,409.6590
524.7397,-38.2880,513.4941,-39.3168,490.9402,-46.6171,378.5225,-159.2075,298.4829,-190.7692,450.2769,-119.7482,428.6804,-77.2475,439.4211,-218.0381,559.6649,-74.1822,441.8825
521.4159,-46.1227,526.7581,-44.7793,507.8583,-43.9028,398.5526,-140.9720,334.6731,-160.8657,476.6091,-140.2910,430.9282,-78.5363,442.8737,-175.5909,563.8674,-52.2031,460.1254
531.9318,-16.6480,537.0109,-8.6649,518.0327,-16.9682,406.6425,-143.5257,368.1847,-169.7198,480.9685,-83.1073,440.8438,-47.8652,379.6192,-160.1754,586.2748,-37.0268,429.9276
569.4376,32.9186,556.2234,19.5648,543.6268,-12.8163,382.9622,-181.1785,345.0268,-193.8582,459.5814,34.3247,440.9980,6.8744,353.7424,-155.6726,653.5863,-76.5582,383.6056
568.6999,49.7169,561.5992,1.1923,536.8357,-42.4394,379.1879,-196.9361,296.9946,-189.9675,444.6626,100.7972,432.0825,41.3250,419.4661,-111.1332,673.7958,-144.1040,388.7597
546.2761,18.7763,536.7628,-33.8081,493.0667,-74.6132,411.5416,-147.1257,299.0561,-156.2154,456.3526,80.7751,447.4265,24.0921,481.7996,-63.4807,597.1054,-167.5126,467.4627
538.0478,-33.3045,502.5318,-56.9843,476.4971,-92.2797,463.5013,-86.0071,358.3310,-138.3616,495.6291,23.6477,500.4312,-20.8283,480.3259,-78.8716,521.9949,-135.4312,559.0124
516.4338,-70.5245,490.4343,-70.4657,501.2312,-88.4700,515.0077,-61.1214,420.8407,-151.8834,523.1516,-27.1560,542.1513,-41.1287,477.3129,-121.8344,501.0262,-87.7274,581.9781
492.7717,-81.0358,500.8380,-80.8668,531.7428,-71.4061,528.1907,-31.7532,459.6985,-127.5739,486.4860,-51.7925,534.0311,-32.4967,523.8749,-108.7585,462.2294,-65.9589,544.4120
479.2656,-87.2117,509.3612,-89.1808,548.0724,-71.0373,502.0471,10.6108,478.1631,-52.5583,426.5829,-51.2537,519.2786,-33.9080,577.4243,-50.9278,407.1099,-88.1868,521.3816
427.5213,-96.6900,502.7109,-84.4454,535.2587,-82.6124,487.9066,6.0063,461.9471,-34.5474,428.5219,-45.4531,535.9449,-44.1699,566.4789,-28.5627,418.5882,-111.9417,518.3443
380.7758,-85.2165,494.7658,-62.0616,500.9514,-70.8108,489.0365,-42.6435,406.6204,-99.0935,457.1606,-39.3532,542.2703,-29.4425,489.1118,-56.9073,471.5712,-84.1293,485.2600
428.2826,-60.8024,501.6371,-48.8537,489.3781,-52.1169,465.2507,-77.7894,355.1762,-141.7868,440.3113,-15.5072,514.4270,-0.5835,418.9653,-77.2664,479.9354,-45.0105,444.7043
483.9321,-59.0187,508.3708,-60.3079,504.4750,-64.3641,430.3008,-92.8872,342.0561,-132.1254,434.0950,30.9303,496.1382,12.3975,391.7012,-60.0773,446.0666,-61.5997,439.6862
441.4408,-65.9842,489.3367,-66.9812,495.2009,-76.1965,410.3983,-98.8930,346.8627,-135.9897,474.6932,74.4123,494.4124,22.7877,362.0657,-41.1101,404.2205,-95.8397,424.0574
382.7428,-54.5282,447.8156,-52.9056,438.5997,-48.2875,385.7962,-84.8112,359.7928,-173.8107,446.4580,79.0524,465.1335,43.7484,322.5791,-48.8877,348.3015,-78.8130,364.3563
364.3318,-56.0647,396.7379,-47.0625,360.7442,-27.1294,362.6578,-57.5273,413.2121,-190.8887,308.4972,40.6444,407.3599,46.4118,329.1996,-47.1348,279.1501,-36.6415,321.2918
318.0067,-88.0032,333.0260,-65.9020,304.2324,-60.1373,377.0731,-21.2112,479.5878,-111.0156,203.1480,-2.1359,354.3373,13.3758,367.8464,5.3208,217.9177,-22.5956,320.8541
261.6390,-98.9769,268.9613,-83.6780,294.1529,-95.5455,406.6382,26.4978,450.3842,52.2674,198.9945,-18.5821,314.1055,-28.3509,356.1188,69.6655,178.2726,-22.8526,309.3504
243.1423,-68.8374,229.2031,-73.6199,289.0077,-77.5378,397.8104,45.9249,314.6872,156.2659,199.1198,-12.6932,279.8204,-42.0904,289.9317,81.3350,157.8132,-15.4190,273.7872
189.1452,-47.5098,189.5711,-49.1926,225.9264,-54.6884,346.9183,29.4841,222.6341,155.7653,152.8551,9.2225,235.2281,-17.4454,247.8567,59.3543,130.2520,-25.2812,242.8927
86.1134,-56.9117,107.7204,-48.5093,129.6928,-84.8485,276.4467,47.0293,247.2247,184.7145,104.9243,36.5418,159.9358,12.1477,256.6766,65.9498,76.6249,-58.9382,195.3998
35.8338,-68.3339,13.5391,-70.3930,61.7540,-121.4089,191.2540,96.5972,256.1743,242.4072,62.7581,40.2845,79.8482,4.8176,250.8017,102.1048,17.0421,-65.6968,99.8235
27.7897,-69.6114,-34.8557,-72.1817,11.5628,-103.5715,97.2601,93.2492,155.7196,171.0030,6.8829,19.2127,43.7792,-19.5353,176.5950,129.6780,-42.0591,-20.7333,-19.6119
-20.2199,-62.9364,-45.0472,-52.4879,-44.2652,-63.3862,14.8239,48.6073,41.9600,16.4286,-36.3944,10.4477,38.0914,-10.8614,75.0011,132.0857,-114.3905,19.4160,-129.8057
-68.5942,-32.8802,-50.4166,-40.3582,-81.7268,-42.1210,-49.3863,28.9811,-14.2576,-49.2831,-38.5713,29.8211,14.5717,22.6116,1.6729,105.8453,-160.5966,7.7734,-222.9828
-63.3754,19.0570,-53.8664,-9.9119,-102.8637,-14.5783,-128.1293,11.4200,-82.7539,-55.4023,-16.3314,63.6517,-35.7457,48.7063,-75.2911,68.0254,-147.4809,-15.2123,-290.0715
-59.4130,54.1136,-73.8349,55.4430,-145.7205,26.3228,-249.6295,-18.9511,-188.7526,-84.8331,-7.6957,101.2177,-105.2024,74.7163,-184.4365,61.1754,-141.4002,-4.4701,-322.6190
-113.0551,52.0147,-144.6297,84.7674,-204.1278,38.9783,-359.3948,-7.2686,-260.6631,-80.1820,-42.0364,121.9778,-187.2996,98.2017,-253.3967,88.3411,-200.3594,17.8779,-329.7158
-226.3993,38.9955,-237.9485,47.8145,-242.0610,22.3943,-379.0538,39.1088,-285.2075,-18.5725,-117.2436,96.1787,-254.7362,91.2669,-244.3155,110.3101,-281.9791,32.2641,-329.7385
-360.8953,29.1856,-291.4047,17.6207,-268.3130,12.6099,-343.5277,68.5499,-300.8727,41.0379,-197.3850,30.8841,-298.6901,65.2341,-239.4431,126.1734,-343.5164,50.2069,-337.6088
-418.8784,-4.4135,-309.7886,15.2423,-325.5946,9.0871,-343.6700,92.5466,-295.8302,77.9599,-253.1834,-25.1493,-346.9954,48.1043,-278.2131,148.9035,-393.9933,50.2509,-355.6322
-360.8924,-57.0888,-342.5927,-4.4257,-414.9595,3.4732,-379.7420,111.1959,-268.6420,65.2746,-283.4705,-34.2954,-398.8258,34.5870,-300.6116,138.8467,-437.6815,11.4643,-374.5290
-305.7244,-59.6352,-395.4395,-8.7097,-475.2596,17.9064,-411.5036,83.2995,-272.2770,-6.8777,-292.9926,-13.7905,-427.3305,30.6811,-294.2334,76.6184,-466.6840,-16.5599,-392.2268
-341.4914,19.1000,-427.7121,50.0381,-470.8323,53.7228,-449.0727,30.5404,-323.5650,-45.5664,-290.1625,-9.3125,-445.2914,51.4747,-309.2573,12.7031,-458.1307,7.0357,-418.3146
-379.1421,112.9789,-407.0452,112.4104,-449.1899,80.7534,-496.9356,-6.6218,-396.3048,-16.1649,-297.0567,-14.9217,-476.2478,60.5105,-363.3367,-29.7431,-375.3010,41.2249,-454.6836
-334.6217,159.3959,-349.6178,127.4450,-445.6830,92.4906,-540.5593,-51.8569,-482.5473,-17.5731,-329.9474,17.6072,-506.2869,29.4971,-447.4409,-69.3795,-257.0489,49.9150,-494.4277
-271.5247,170.0188,-313.3681,138.3504,-429.3676,106.6420,-597.8710,-104.6246,-559.2368,-79.3324,-383.4413,70.6567,-524.8156,6.5564,-531.7609,-79.6159,-209.0683,56.2202,-532.0389
-267.9537,163.0535,-325.8886,157.6063,-404.3904,126.8509,-659.6851,-117.8683,-585.0796,-138.1503,-434.4582,76.5029,-538.6671,23.2131,-555.6636,-41.2677,-245.5344,75.1794,-554.6396
-307.7723,124.9218,-346.5856,132.7133,-415.1377,134.9464,-665.2518,-95.2243,-576.7314,-165.9078,-454.7306,38.2117,-535.8926,35.0177,-512.2660,-16.8397,-294.0472,91.4178,-546.0247
-350.7395,66.8329,-350.5477,67.1169,-437.9770,109.1377,-611.9001,-61.2202,-572.1168,-143.7066,-444.5106,5.3386,-508.3897,19.3063,-458.4001,-35.0420,-334.7621,97.9992,-510.5006
-384.5352,35.5336,-374.4136,31.5913,-429.8677,60.0843,-550.3691,-8.1138,-553.7164,-86.9046,-443.5522,-16.2242,-477.8312,12.6229,-403.4243,-32.1295,-377.8612,95.9485,-469.6796
-395.6770,47.9916,-425.2003,57.1700,-421.6805,34.6545,-483.5891,43.7141,-512.6573,-79.1691,-470.6729,-31.4850,-458.2834,24.8375,-333.7140,-1.3355,-399.7190,85.0323,-428.5496
-388.5739,66.6890,-460.6193,96.7086,-437.6066,49.8461,-399.6782,65.2984,-482.3465,-97.3269,-485.9500,-36.0186,-444.3135,25.5000,-292.5404,-12.6696,-397.4426,73.2093,-364.0255
-417.4294,54.3353,-478.5222,93.6947,-445.1407,67.7331,-319.1604,86.2747,-456.8311,-32.3903,-457.1896,-52.5338,-434.0530,16.5179,-295.1403,-43.3513,-390.1168,65.4508,-270.5261
-485.7805,24.3323,-493.5347,59.7901,-434.7760,61.5537,-249.9774,124.0756,-414.7559,54.8594,-410.8618,-77.7168,-420.7846,31.2455,-293.9506,-9.2318,-368.2266,53.3533,-194.0805
-477.0392,10.0040,-471.4633,45.4732,-421.4720,40.6363,-208.3125,144.3821,-394.8058,47.2264,-375.5142,-62.9635,-397.1029,67.9642,-291.6384,49.3976,-332.4287,27.7559,-173.2464
-348.0075,6.5487,-406.5606,46.2277,-404.8275,14.1770,-236.6228,140.0394,-412.0425,6.5728,-340.6397,-16.8399,-380.2383,92.9220,-321.6661,35.2140,-302.4950,-10.9982,-181.3714
-248.9225,-4.9861,-360.2489,25.3287,-394.0172,-7.4580,-301.4350,116.0552,-396.2392,-1.4914,-299.8354,4.6968,-377.7738,97.3816,-345.5062,-20.5848,-264.4742,-47.2363,-190.7567
-259.2249,-7.4934,-344.1958,2.0937,-383.0720,-12.4549,-309.3372,42.3427,-312.2054,-14.2984,-266.1285,-2.4466,-353.1207,90.4017,-318.4153,-33.2350,-213.8220,-65.8981,-233.5035
-252.1780,11.5858,-302.5646,8.1483,-332.6692,-14.9666,-269.4622,-61.3011,-213.1450,4.2426,-234.6655,-22.0406,-283.0640,71.9064,-265.8966,-12.7014,-187.5503,-85.8100,-318.8214
-178.9757,20.6086,-230.0452,18.7491,-251.5721,-26.7731,-260.2424,-108.4233,-140.8082,86.4788,-191.2530,-51.3400,-199.3165,65.2039,-215.9093,2.4108,-182.1531,-124.3098,-368.5346
-143.9801,3.7821,-169.0870,14.7316,-188.8914,-26.6463,-268.9990,-79.8276,-99.1160,127.9191,-144.9819,-57.6277,-134.5305,91.6572,-169.2781,18.9501,-158.9189,-138.0893,-315.4541
-138.8768,-12.6680,-130.1127,14.9727,-141.1020,-9.8693,-236.2846,-40.3973,-91.4499,92.4790,-103.1999,-33.4842,-85.4265,99.1739,-137.7547,30.3540,-126.1323,-90.3197,-189.5321
-83.3831,-28.7669,-104.8175,9.4614,-90.5811,-5.9180,-168.2014,-19.6220,-94.9772,66.0756,-53.7534,-34.9156,-43.3591,61.9576,-120.3943,20.9521,-101.8773,-31.3419,-63.4769
-41.2826,-71.8912,-78.4934,-26.4010,-52.4293,-20.4417,-92.6828,5.8997,-72.1005,51.3932,-1.4793,-67.2814,-8.2565,84.3611,-90.0229,12.9535,-70.2850,-9.4388,20.8125
-56.2247,-115.4811,-18.9404,-59.9777,-8.0448,-27.8044,-15.2658,36.6569,-26.3326,25.6095,39.2980,-77.8095,26.6997,207.8759,-37.1516,13.0647,-31.7679,9.4915,63.4059
-13.8691,-96.4183,62.9888,-44.3388,64.2240,-15.8737,44.9315,37.3819,30.0398,39.0302,82.6237,-64.6164,66.7317,287.2757,28.7844,3.9686,5.5901,43.2523,86.0807
107.8393,-24.2799,104.1153,1.7000,114.1190,6.2475,78.3840,-7.4681,111.7315,51.3332,132.4332,-37.1856,102.9978,253.3141,104.1095,11.0976,60.3401,44.1823,106.4669
175.3562,16.4073,97.3374,26.1245,121.6675,22.0726,126.7136,-57.9710,204.9369,-24.6649,157.1451,19.1055,131.8326,220.3592,180.9312,41.3761,121.8857,13.4489,132.0344
156.1767,-4.5774,107.1953,23.1566,157.1582,24.6470,220.5503,-64.3564,261.1015,-103.6160,161.1694,54.7962,169.5180,219.2039,243.8288,26.3457,156.8822,16.1325,169.0850
139.5542,-16.2190,159.0220,30.1008,241.7759,31.2644,315.9213,-40.1129,267.3361,-76.7482,191.6977,22.3426,228.1965,172.7256,283.3252,-37.8692,192.3296,49.6880,209.4698
162.2188,20.9767,218.4920,50.1675,305.1914,47.5742,349.9344,-35.1237,251.2325,-15.4487,245.6324,-9.6715,288.3701,118.7409,301.0930,-52.9116,259.2293,45.0994,230.5040
205.4280,31.5501,264.7848,33.9980,314.5067,40.1476,331.6727,-49.3199,245.6178,4.1122,286.0493,8.5301,322.2267,117.3802,312.5760,-6.5999,306.2743,2.0948,238.7601
249.9258,-40.0406,306.9139,-32.9241,315.6713,-5.4486,331.6081,-47.5472,276.5965,20.1571,332.7333,19.9266,342.2238,95.5449,332.5810,13.3896,290.9474,-17.4946,263.9968
277.2236,-119.6038,353.0620,-94.6191,350.1400,-55.6465,378.5358,-40.0273,329.0849,36.4236,409.8044,10.7303,383.7829,23.1608,362.4288,-4.9612,261.7408,-14.6822,294.9450
301.4266,-122.2586,391.0233,-107.6519,398.2421,-83.2636,424.2958,-71.4279,361.2004,4.7657,467.4798,29.6555,436.9747,-10.1857,410.3447,-18.5811,280.3581,-37.2624,297.2167
348.0222,-69.5150,399.4705,-82.0920,414.3108,-82.3298,436.5605,-138.1511,387.1769,-58.7679,468.7998,63.1269,457.3572,15.1146,475.4106,-35.3397,350.1271,-73.1775,285.0406
401.5117,-30.0068,387.9258,-50.4004,399.8367,-58.5294,442.0355,-175.1638,440.6714,-100.4512,466.1188,69.8521,449.6691,36.7769,509.7587,-50.7885,428.5887,-89.1578,300.1339
449.1430,-45.5560,385.8661,-60.3981,388.4697,-55.9035,449.7044,-141.8217,479.7226,-100.1064,507.4712,43.9963,462.9620,29.3601,489.8235,-28.9906,459.4350,-111.9736,348.1745
479.8888,-108.2023,384.8301,-124.3108,376.1947,-106.8253,437.5671,-79.3588,472.7727,-60.9241,549.8568,-14.9971,496.8203,-17.3323,482.7241,5.2789,429.0854,-151.9609,403.9497
442.7476,-145.5956,360.7741,-162.0813,359.7956,-154.6069,423.5049,-46.2829,486.6841,-6.7497,532.2169,-66.3911,500.9508,-83.2080,533.1487,10.6683,395.7029,-154.8073,438.8495
357.8800,-108.2718,334.6923,-127.2086,371.1649,-147.9173,433.7859,-48.3488,547.9374,15.8403,483.7033,-42.0440,468.4344,-89.9263,573.8101,4.1605,406.0530,-125.5266,423.8595
346.3070,-65.4089,337.0349,-108.3030,390.2772,-139.4106,427.8838,-77.9322,564.4808,-12.8518,488.5718,13.5652,440.5229,-48.1303,536.1083,-14.1864,428.4287,-138.3100,352.0664
423.5958,-83.2405,357.1176,-150.9804,374.4082,-165.1483,365.4383,-138.1846,483.3533,-50.0655,551.3157,-10.0543,431.2809,-67.6661,443.7313,-66.4844,423.6168,-174.2195,261.1289
475.5323,-103.1626,372.7402,-164.4371,369.3198,-168.2859,284.9807,-190.5901,362.3869,-38.8185,590.9919,-97.2205,424.3408,-138.6849,359.3268,-102.8048,407.4606,-155.9338,199.0852
465.1392,-80.2627,370.8443,-127.3317,401.1769,-136.1722,238.5531,-183.7954,266.0637,16.1515,586.5858,-146.8643,417.5393,-154.0505,323.1418,-71.2970,395.6105,-119.3585,185.2751
431.4639,-72.7273,345.9340,-124.6976,395.1433,-130.9700,237.8039,-137.1433,224.8834,58.7289,587.3940,-136.4218,411.8877,-118.3416,332.2943,-23.2862,363.0838,-128.4538,215.4991
371.2984,-95.5389,317.4478,-144.0469,346.3286,-147.9558,281.6147,-99.4817,246.1781,57.8439,571.8550,-112.7730,391.5314,-98.3284,349.6836,-18.0743,305.2555,-130.0409,266.3020
294.9359,-94.4944,294.6078,-117.3987,323.2696,-128.9128,336.1588,-73.8600,292.6004,25.9183,486.2245,-111.1621,351.3650,-94.4834,360.6575,-37.2536,269.2430,-85.7077,297.5412
241.4873,-84.7899,249.3725,-89.4482,290.7458,-89.1797,331.9521,-44.5393,317.1770,-3.5517,385.6476,-134.1682,306.3447,-97.1540,372.2875,-50.2579,268.7461,-62.7100,296.9475
198.8337,-106.9458,193.8670,-100.8455,216.5368,-71.3133,268.0168,-2.2332,306.5781,17.1527,335.0906,-155.8972,264.0412,-99.5092,349.3940,-47.0928,243.4056,-72.9345,302.3473
157.8101,-110.5747,183.4921,-80.6555,195.3423,-51.1699,223.2168,57.6789,251.0605,92.1688,282.5403,-155.0877,225.3906,-55.2040,263.8351,-23.5955,167.0416,-45.2547,329.0113
144.3948,-55.0664,202.2468,-11.5474,242.6698,-7.5931,215.9612,101.9189,156.0385,142.8880,196.2235,-137.9531,199.0568,28.4804,167.3919,-4.8577,104.1934,13.0224,329.7205
136.1955,-5.5668,191.2922,26.0705,252.7124,22.0125,192.0133,92.2768,74.3112,116.0741,140.3471,-118.9656,183.4246,61.9341,96.3052,-17.6274,95.6872,37.8077,285.2947
111.8360,-16.5492,169.9706,21.5159,225.4700,23.2013,151.0651,57.9117,35.5897,54.8530,120.6927,-121.0038,158.7209,17.5065,14.1753,-40.2086,94.1907,31.4061,232.7481
106.7323,-46.4286,176.7940,27.1703,215.8125,28.4177,131.0732,31.7440,23.3691,5.2792,81.2643,-144.3787,121.1897,-35.9478,-64.4653,-45.8510,65.3586,16.8563,160.5965
95.2888,-30.7807,181.0052,39.9164,177.0646,41.9345,112.6426,-13.1284,53.3928,-23.1013,50.4082,-117.0559,95.2407,-45.3500,-65.1150,-32.9347,43.4681,-8.1762,28.8110
27.8720,50.1205,165.3750,50.8316,97.2477,47.5423,62.0888,-75.0116,119.6657,-25.6736,73.7211,-0.9350,87.6602,-14.3521,-8.9197,5.4330,56.9399,-13.1484,-103.0879
-0.2317,157.6762,157.3829,91.1577,55.4532,65.5316,-4.0920,-111.2313,114.4492,-44.8134,96.9970,108.7354,66.8537,27.7935,4.9089,48.6225,86.6361,28.3633,-153.5941
98.0853,212.6449,142.4671,143.1116,53.8900,105.0658,-57.2497,-137.6594,-14.7317,-126.8208,69.2565,138.6716,17.9763,55.0947,-39.1113,38.9262,97.0931,67.1922,-168.6488
193.0486,186.1991,91.6015,149.2716,29.8372,120.2107,-81.7804,-171.6349,-151.1612,-202.5450,16.3031,136.6834,-28.1498,69.3258,-80.5331,-13.4958,69.3567,61.0835,-204.5751
148.2058,150.4383,31.8759,123.5375,-23.8129,94.8260,-71.7497,-146.7099,-194.2740,-186.4040,-42.1164,120.3253,-54.9763,75.7921,-97.5219,-28.7322,20.9874,49.2547,-200.0638
26.6870,158.4094,-13.7890,118.1670,-87.6240,80.7111,-57.8657,-44.2062,-193.1113,-123.4794,-104.5011,58.7592,-87.7609,51.0809,-108.9733,2.0939,-17.4937,68.5830,-131.6781
-73.0324,151.6127,-67.6569,119.7063,-140.1416,93.3935,-76.9008,36.9774,-222.6247,-83.7800,-151.7761,1.6341,-129.8078,-11.4381,-127.4593,14.2150,-51.1581,89.3643,-94.1619
-143.6977,79.1790,-133.2853,85.3896,-159.2936,82.6411,-106.5771,51.7280,-287.3707,-61.9251,-187.8405,-0.3431,-149.9600,-73.6500,-160.6372,-2.9971,-104.9853,76.7421,-123.6041
-197.7988,0.8936,-184.0640,27.8281,-177.0350,38.9653,-116.7623,70.6329,-357.4986,-44.2546,-229.3491,7.6721,-150.6978,-107.2110,-206.6213,-3.0359,-180.6373,49.8707,-159.0906
-250.3439,-15.8458,-212.5196,-5.3133,-212.9713,14.2034,-137.3871,126.8133,-404.5881,-17.6956,-257.2119,-1.5639,-162.7270,-116.5155,-245.1110,27.9938,-262.9531,56.9524,-185.1619
-310.9710,11.5299,-224.2336,7.7771,-207.8104,30.5915,-196.8889,164.9163,-435.3395,37.0382,-274.4540,-0.4729,-188.6100,-109.0139,-275.7457,59.6189,-327.2625,106.8826,-222.2694
-338.7671,43.3906,-218.4002,45.2382,-167.1287,61.3333,-265.4779,145.9648,-484.1459,90.9898,-322.6176,13.9307,-223.3036,-87.9112,-331.5903,69.7549,-350.9658,145.3035,-253.9138
-321.2728,56.3628,-212.8956,58.5970,-186.9129,76.3584,-301.4250,97.6368,-528.6185,122.9842,-382.3780,39.0615,-272.7986,-60.2640,-409.6335,78.9014,-370.0256,127.4531,-286.7405
-337.1676,21.1507,-245.3493,24.6232,-271.9117,57.5437,-301.6459,64.4713,-506.4211,148.9480,-399.2695,65.6856,-317.4366,-42.0895,-448.7491,110.9343,-446.3999,84.6662,-355.3633
-423.3040,-43.2016,-320.0735,-14.2706,-356.5702,16.8396,-304.8495,45.2437,-437.5310,113.0591,-394.4546,52.6217,-338.7691,-47.7037,-430.1154,124.9342,-544.8435,68.4211,-431.5547
-506.4185,-55.0242,-380.4196,-7.7508,-427.2809,-0.4644,-347.9369,2.0476,-403.1096,-19.5210,-409.7190,29.6161,-362.0289,-56.0962,-416.3140,74.8886,-577.2962,75.0040,-465.1069
-533.2740,-2.5480,-380.4256,24.3701,-458.2803,19.6411,-406.3294,-58.0683,-421.8927,-105.6644,-430.2000,76.2621,-393.3325,-34.5925,-436.0955,23.0266,-553.2198,76.4370,-469.9949
-529.3813,30.4730,-363.3202,35.0934,-422.1271,36.9295,-431.9835,-81.2019,-454.7022,-54.7874,-452.9395,137.2569,-398.6930,-6.6341,-437.7347,44.6646,-536.1189,69.6604,-473.9097
-519.0334,20.1402,-384.9849,25.3993,-388.8749,28.6461,-443.5732,-71.4764,-478.7758,0.8417,-494.9173,113.7803,-395.2663,-14.3912,-401.2003,77.7193,-528.4053,55.4969,-476.2624
-491.3435,19.6856,-407.4189,14.0668,-403.7095,12.3004,-476.4039,-82.6550,-490.5630,2.3562,-516.4136,66.5225,-431.5040,-42.2470,-372.0077,45.3284,-514.8396,26.2687,-482.3293
-444.9061,28.4278,-385.3074,-1.6776,-407.8921,-2.6126,-496.2011,-98.0008,-484.3112,54.6281,-486.0343,67.6458,-474.5215,-60.2416,-367.5611,7.1217,-504.8050,-2.7417,-482.5957
-421.3810,16.0742,-369.6584,-12.4676,-399.9579,-12.1659,-475.3904,-61.1998,-451.2284,118.1620,-461.8517,63.4447,-462.1489,-66.0453,-366.7661,17.7248,-480.7428,-4.8636,-443.3149
-455.1032,13.5266,-404.5281,1.1151,-424.2078,-0.5071,-455.4778,-5.1689,-397.7978,48.8673,-485.3727,44.3838,-422.6087,-47.9013,-364.5454,12.6672,-420.0156,7.7469,-386.1637
-484.5466,36.7674,-439.2738,21.3000,-435.5803,21.6001,-464.1476,-4.3299,-370.8671,-97.4132,-506.5145,61.9617,-421.7759,-12.1234,-358.7812,-37.3573,-349.7739,1.8858,-376.5419
-416.0538,32.8969,-429.2608,18.1196,-409.8311,19.8894,-481.9636,-37.3850,-398.2923,-159.9226,-479.7746,73.4614,-453.1352,-5.1958,-347.3888,-60.9548,-304.9613,-12.7515,-396.6079
-298.8136,-8.9168,-394.2323,2.6617,-401.7805,1.2362,-482.7353,-24.5847,-410.3771,-116.0715,-420.2448,34.9798,-454.9471,-20.5315,-348.3696,-35.0342,-291.4621,-1.6913,-361.9590
-271.2224,-28.3106,-354.2510,4.6623,-388.9016,4.4325,-430.7742,38.1728,-343.3123,-31.6544,-363.1896,10.2196,-396.6300,-0.4403,-346.4739,-11.1308,-291.4659,22.8705,-270.8069
-320.0302,-9.9794,-316.4418,26.2412,-314.7599,28.4733,-320.8468,85.7737,-265.3123,40.7052,-335.8391,29.7670,-315.4171,40.7978,-288.4942,-0.9667,-257.3534,20.1820,-203.1864
-303.0992,-1.5525,-285.5501,38.5602,-230.1192,36.5703,-229.7840,95.8375,-252.3585,65.1697,-321.3896,44.3900,-260.4440,47.8541,-195.3956,17.3223,-175.5362,-6.2082,-185.5755
-199.5318,-16.0898,-242.7885,16.8820,-178.6931,21.8100,-208.6987,106.2641,-248.5710,49.2511,-264.5136,37.6566,-219.9846,34.6074,-150.3607,34.6030,-119.9887,-16.0685,-165.5828
-125.9403,-20.2921,-184.8402,-14.8193,-127.3574,15.0287,-192.9264,131.9001,-182.9115,28.5473,-182.6741,17.4167,-166.4452,30.6149,-150.1295,44.8620,-132.4174,9.6715,-102.9971
-138.5989,-13.9110,-149.3427,-13.7202,-88.5327,27.8323,-124.2079,146.1315,-79.5350,21.6895,-167.2207,-19.9606,-128.9828,10.9829,-120.4878,67.7017,-151.8723,49.0830,-10.3007
-181.1825,-39.1420,-142.6557,-6.4762,-86.8164,27.0277,-34.0427,145.9120,33.9564,52.2525,-210.1065,-54.1733,-122.6578,-44.2981,-52.5745,96.9269,-149.9153,54.1763,77.7873
-186.0126,-98.5771,-127.1837,-51.3269,-74.8658,-16.8440,40.3554,154.7627,170.9797,125.8211,-200.6892,-78.3680,-100.9778,-111.4631,10.5512,99.4062,-157.1510,1.9670,131.6891
-130.4374,-134.3779,-95.3971,-111.7603,-40.6831,-79.5472,89.0854,162.7023,303.4690,182.4690,-116.9199,-111.2896,-60.6348,-151.6962,54.5307,70.7414,-136.9636,-57.8423,149.9788
-33.0814,-118.0352,-64.6123,-105.6851,-26.7588,-110.3542,110.6015,136.2092,370.1273,177.9841,-31.4499,-119.4301,-41.7045,-141.3920,79.3993,36.3024,-48.7139,-65.2440,162.8240
57.8609,-83.1788,-35.0107,-49.9008,-13.9062,-92.0714,140.0516,78.6857,371.8763,138.0492,29.7056,-67.7885,-10.9326,-105.4673,93.4049,6.5337,35.3537,-41.7636,182.7631
103.2922,-48.9479,-10.4533,-14.7465,31.3560,-48.0855,204.8860,28.2128,368.7222,81.0161,79.4911,-11.9323,72.2619,-89.6194,138.5091,-23.7046,63.3685,-37.3262,184.0438
116.4767,-13.6753,12.9613,-7.7509,78.0374,-12.4353,253.1591,9.9834,381.8062,18.1218,116.0110,-2.6214,148.8965,-86.5981,230.3245,-38.5420,91.5353,-45.4273,162.0918
142.4678,-12.2474,68.6398,-10.9969,106.9331,-9.1291,242.5746,17.1686,370.7132,3.8042,154.4636,-12.6027,180.1949,-73.6991,309.2576,-10.8711,136.8916,-46.6156,160.2912
186.3941,-61.5419,150.0296,-31.6569,137.7709,-34.6734,236.9236,27.9779,336.7814,57.6565,200.4630,-26.4358,221.1290,-75.5132,337.1769,44.5512,154.0880,-43.2174,208.2469
195.9681,-104.9539,197.4402,-55.4590,176.9359,-57.2917,306.2899,33.9086,359.8071,112.8018,217.1120,-54.4420,285.2279,-91.7865,367.3912,74.1261,159.8893,-19.3141,281.6792
153.2064,-104.1320,202.0355,-46.1973,229.1192,-48.5504,411.4226,40.3664,458.9599,109.4272,213.8722,-67.5186,325.7564,-72.0300,437.2849,51.6228,189.3555,32.0926,339.0442
136.9042,-85.1884,212.9102,-2.5517,288.2331,-5.7516,460.4973,38.7793,532.1430,57.9098,245.3940,-39.7180,342.3839,-22.4805,488.2556,-0.1938,215.9877,72.1902,366.0760
214.8741,-58.2325,241.2766,42.6531,315.4171,51.9487,432.7540,17.2289,521.6982,9.6140,279.9670,5.1180,345.2577,2.2511,473.6934,-47.8288,233.7646,83.7648,383.4879
327.1801,-17.5496,260.5391,58.7648,311.6523,89.8294,403.9377,-4.3669,493.1161,5.8537,253.3209,37.3461,319.8843,5.1019,440.6439,-69.9802,272.1592,94.2656,410.5844
370.7351,3.1901,268.3095,40.2805,320.9025,83.9611,432.4935,-4.7960,491.0592,24.7305,220.2203,39.3209,307.6447,11.8850,429.9138,-66.9041,308.6550,102.4818,424.4112
346.0346,-14.2756,279.1307,16.4726,332.9596,56.5284,467.2163,-3.8577,493.5436,14.0326,259.8996,0.5651,355.6529,0.5771,414.0853,-63.9158,323.3967,82.9693,401.1811
330.8744,-32.8698,300.1451,16.7638,324.8210,44.7384,452.0058,-20.3276,503.6848,-1.0001,327.4871,-55.8598,405.6550,-44.5870,385.6653,-73.8352,361.6161,46.0223,371.8130
358.7181,-29.9856,335.9272,28.1816,336.4970,40.7435,435.6974,-34.9404,521.9894,43.2810,350.5890,-90.4222,394.1085,-94.2756,371.4543,-79.6672,421.9545,19.0032,363.6959
397.0575,-21.9470,373.4583,20.6743,375.7612,16.8770,457.8256,-34.5681,512.5816,108.2754,343.9576,-99.4882,357.5495,-123.5813,356.1147,-80.3712,431.1859,10.7537,351.8573
403.4718,-20.9562,379.1920,-10.3775,380.7820,-16.5028,457.6508,-36.6075,494.2439,105.9019,342.4568,-106.6502,334.2205,-134.4820,328.1296,-88.2872,385.7503,11.6665,329.6721
363.9279,-25.3047,348.2498,-42.2665,351.8307,-30.7558,405.8482,-53.8955,508.5739,52.6922,344.8207,-112.4567,317.0393,-127.9424,332.7776,-82.6877,355.0590,0.6518,326.9159
315.0471,-23.0934,329.7165,-41.7189,359.0209,-20.1395,363.9889,-82.5052,494.8588,18.4821,347.3842,-91.7822,323.3909,-92.3964,360.0456,-55.9763,358.4476,-13.3304,333.0335
324.2676,-7.5742,365.6764,-6.2925,400.8333,2.3253,352.7759,-111.7051,392.2416,-2.6120,347.5093,-53.8829,352.8146,-36.4879,324.8262,-53.9836,375.5592,9.9062,320.1068
398.1305,-5.8544,417.4138,14.6206,404.4063,12.5161,332.5426,-114.4693,290.7055,-25.7290,330.7329,-58.4982,342.6515,-13.1036,244.3206,-77.0774,401.7638,45.8626,313.3419
435.7032,-35.0307,407.6933,-8.3482,355.8626,-9.2469,313.2672,-63.8535,296.1923,6.9915,291.2924,-115.4648,284.6398,-52.2724,237.2109,-50.5539,403.0442,24.8205,334.1074
349.6827,-56.8329,336.7358,-38.3299,313.9571,-40.7808,328.1018,16.3287,362.9044,94.1108,246.1357,-145.3061,255.6106,-97.3090,307.2134,31.4873,338.7095,-19.6559,349.7111
214.0145,-51.4485,279.1140,-46.2042,304.1892,-41.6828,341.9779,60.1189,384.0648,115.0991,222.9528,-120.4431,270.9502,-93.4770,337.7997,81.2383,261.9987,-0.7490,334.7521
175.7862,-50.6869,272.4341,-41.8008,293.6613,-19.0140,305.5384,45.8072,332.0550,49.4029,224.5150,-109.0617,265.7317,-68.9584,295.7488,71.4583,255.4290,51.0852,292.5915
224.8795,-47.9135,289.0275,-17.8694,275.5771,-2.3115,244.4371,27.5033,255.8048,35.9286,213.1293,-115.6195,233.3717,-49.8379,257.4800,58.8619,287.9914,59.5386,231.4470
212.3585,-6.5675,288.9931,28.2247,272.6741,13.6231,211.5131,43.7721,207.1118,92.5619,171.2898,-76.4228,225.5861,-18.8655,260.7764,64.8578,274.9238,44.3672,179.0529
114.9129,43.5602,243.7483,54.5905,251.0270,33.9118,201.2395,60.4911,178.2871,81.4895,133.5928,-20.5509,234.2077,12.7361,261.2255,69.0226,220.4494,47.0388,157.7636
70.6356,52.9817,162.0974,46.4126,173.5778,41.4083,180.9277,57.8110,126.6576,17.9424,108.7474,-15.8519,210.3015,30.1658,221.3574,79.3728,178.0172,57.4794,143.1336
111.2645,41.8729,103.2794,43.8927,108.4948,46.7593,150.5346,75.1884,60.1997,41.3450,64.7021,-23.8921,163.1361,56.9989,164.8315,109.1493,147.9520,65.1214,111.5257
113.7091,50.3671,92.9181,59.6555,112.9039,66.2577,103.7755,111.0560,18.2196,109.7043,19.0162,6.9190,132.1462,78.2975,126.8443,129.6025,114.1889,58.3083,69.8013
55.8471,77.8251,83.4295,70.6252,110.6070,69.0826,15.0709,111.6483,-9.6314,96.1519,9.8445,31.8245,108.9018,55.6773,98.3822,107.7494,91.1305,30.4954,13.9547
40.7829,105.7831,55.7230,77.1102,52.3035,47.5827,-71.9601,91.6677,-45.8905,45.2845,3.5447,11.3852,68.7768,30.7668,57.7657,61.9077,74.1600,31.2947,-47.1427
69.1619,120.2971,41.5816,86.7735,18.1243,54.6610,-76.7112,103.1035,-76.3565,43.7783,-32.9109,-7.5353,25.4840,53.1796,9.4689,40.6219,41.5546,76.5621,-72.4944
54.7229,119.9063,30.8425,87.3109,30.3288,88.4752,-44.4337,109.4021,-108.3357,60.8821,-69.7499,40.8837,-9.4661,86.4301,-47.1330,53.4512,15.2722,77.2500,-73.1371
0.8396,116.2352,-8.2770,74.4078,-6.9014,84.1247,-91.2467,64.1396,-166.0903,56.4685,-116.7898,157.9496,-62.1074,102.1515,-117.5565,64.8451,17.9534,8.8780,-99.3473
-48.2579,111.9143,-55.0871,59.9424,-108.7108,55.5946,-192.7379,23.4367,-224.0216,23.3249,-216.5787,257.8430,-144.1612,118.3922,-173.3961,59.8760,2.2169,-22.4668,-135.0480
-96.7480,108.3931,-83.7194,55.8156,-178.7938,67.9500,-241.4495,32.8269,-258.4524,-46.4400,-312.5528,256.0737,-223.0598,120.0267,-203.9231,51.5605,-72.6493,15.9239,-154.6578
-123.7698,117.9629,-105.5516,66.5171,-185.8673,96.9231,-241.0933,44.8209,-289.8972,-96.4574,-324.9258,189.9757,-270.2456,97.7182,-260.2899,36.3547,-155.8104,45.4256,-201.3794
-108.7088,124.4094,-123.0739,78.3554,-189.3889,90.5214,-258.7337,32.2004,-311.1333,-60.3139,-306.4545,150.4133,-297.2401,90.4297,-360.6770,25.6672,-191.7114,50.1949,-285.3494
-115.9109,104.4529,-130.9536,80.0570,-219.1965,79.7996,-313.5885,24.5121,-313.3705,7.0818,-335.1458,141.8309,-332.8127,96.5860,-446.6446,62.3076,-204.0183,67.9716,-351.8083
-168.7171,96.0951,-144.5815,88.6411,-250.0823,94.9733,-401.3183,27.3225,-362.3055,23.0639,-369.4879,138.7854,-382.2859,84.6981,-491.3419,126.0423,-225.6713,86.5539,-391.7025
-195.3870,125.2021,-169.5870,101.9129,-268.6425,103.4295,-477.9704,31.5874,-477.6454,-2.1284,-363.0770,156.3796,-418.9825,81.4870,-534.6110,137.6288,-248.7606,93.5052,-415.9363
-218.2456,125.5945,-205.2385,81.9638,-293.4504,96.3798,-464.9289,41.6789,-538.6177,-27.8270,-370.8073,165.5604,-428.7794,100.8036,-586.9929,98.3977,-278.9743,102.5907,-386.5763
-323.8004,63.2155,-273.0725,36.2256,-337.0183,93.6046,-399.9513,39.7907,-473.1189,-23.7115,-429.2551,115.2543,-444.2003,90.6630,-597.9694,71.6589,-340.0762,96.2898,-319.5145
-431.7406,12.1079,-369.5823,13.8596,-393.9611,74.5090,-416.8521,14.7702,-386.6198,13.1457,-474.8195,59.6943,-490.8440,49.2415,-533.5227,53.9815,-417.8470,60.5522,-305.1200
-419.6235,12.3312,-447.0462,9.4492,-459.6519,27.3162,-505.5009,-2.6635,-373.2035,14.8926,-455.5233,74.4918,-533.2776,36.5374,-440.3185,24.5212,-482.6156,21.2847,-352.5051
-381.9213,11.1538,-484.5632,-16.3787,-517.5566,-8.0323,-530.2067,-4.1954,-365.7727,-31.2775,-413.6124,111.4172,-534.8019,50.8763,-398.9474,22.4228,-544.4257,-12.4626,-389.2202
-457.2629,-23.0229,-510.1717,-59.6182,-542.6095,-20.2824,-472.6886,-6.1336,-272.8712,4.5410,-404.7679,99.6207,-521.5417,49.9482,-401.7270,62.2879,-616.6354,-45.7745,-393.4323
-575.9244,-62.8933,-550.5765,-95.6195,-558.2055,-39.8952,-422.4579,17.9812,-139.8439,160.3863,-418.1967,74.3407,-529.1803,48.3727,-364.1619,111.4290,-665.5737,-62.1769,-386.1188
-608.3707,-70.0175,-602.3885,-102.2926,-605.5493,-54.7320,-413.5122,77.4159,-91.5931,276.0415,-419.8406,92.1210,-542.6977,78.2675,-293.3153,164.1244,-647.8497,-65.9014,-380.7654
-559.8907,-21.7442,-630.7610,-55.4208,-640.6926,-29.2075,-431.4370,106.6561,-168.1723,262.9059,-404.3423,128.2365,-530.2860,118.4582,-286.9831,202.6599,-567.0642,-71.0941,-399.3026
-498.0676,49.9025,-601.6810,16.5023,-602.8433,18.5130,-462.8736,79.1259,-294.3414,200.9018,-372.0150,124.2479,-492.4456,127.5899,-347.8521,180.3725,-472.0132,-46.5002,-432.8466
-454.5840,80.0657,-540.0943,46.8442,-544.2855,53.1782,-478.0967,55.2191,-399.4535,144.1136,-325.4756,82.5087,-456.4703,108.8329,-392.9663,127.3177,-409.4823,14.6740,-425.3990
-434.1995,77.5674,-500.4107,45.1215,-526.7554,81.3720,-465.5957,63.5689,-471.7549,88.8961,-298.7944,70.1203,-443.6793,106.7784,-408.2848,110.0007,-380.5463,50.5477,-381.2309
-432.0304,106.0403,-477.6328,72.6954,-502.9552,112.9625,-455.0202,73.4775,-499.3123,60.6671,-311.1156,115.3619,-447.9164,132.3788,-422.1171,103.1413,-351.0965,45.3735,-370.3423
-429.6972,159.5440,-430.7603,123.7656,-438.3586,130.3967,-451.6240,74.1622,-473.1207,68.2287,-317.4971,148.8267,-444.3427,132.5050,-427.0125,72.6412,-309.1122,52.5578,-388.6917
-388.3583,180.8361,-362.0028,153.7231,-383.9741,126.9216,-425.2401,72.4182,-432.0805,67.5805,-284.8234,110.2380,-416.5424,82.2054,-420.0429,54.9224,-281.4688,76.0302,-369.8322
-287.7085,157.8970,-303.9753,152.3044,-358.2644,115.8513,-368.4308,64.6488,-406.7288,21.6250,-242.4565,44.0014,-365.9559,37.9320,-396.2505,37.3696,-280.2365,75.3261,-319.2481
-190.0052,113.1862,-271.0083,119.9492,-319.8992,97.4159,-297.0040,54.6435,-379.3625,-51.3864,-200.8954,14.5246,-304.2006,38.7649,-332.5932,-27.8699,-276.7119,50.5041,-286.1343
-164.8669,64.0820,-243.8161,65.7573,-249.7344,63.6396,-225.4075,43.8827,-349.3887,-85.8241,-140.9627,17.3142,-245.4443,48.2841,-268.9042,-79.3450,-248.5953,15.6032,-253.3012
-159.6087,21.8221,-185.5121,20.3503,-157.5446,22.9146,-163.8022,32.3432,-328.9430,-50.8049,-95.4143,24.6295,-192.0761,33.8280,-259.6136,-48.6201,-210.8434,-27.1910,-178.0671
-100.2299,-17.1054,-97.7551,-12.9241,-68.4699,-13.5311,-107.4250,41.4860,-289.1524,5.7413,-94.3279,24.0341,-133.8714,7.9614,-244.9580,-4.5151,-179.1993,-52.0632,-87.2329
-33.1174,-47.1589,-29.4810,-42.8380,-9.0519,-40.8700,-52.6951,59.3824,-222.7131,47.8033,-71.2050,6.1656,-67.2983,-11.2019,-168.0346,-10.3754,-127.8710,-45.8765,-36.5378
3.2976,-29.4024,10.9228,-35.4540,48.6490,-42.6555,-16.2076,21.2505,-172.8276,63.0025,31.0679,-11.4723,6.9344,-14.6678,-94.0316,-24.7649,-19.2420,-43.4038,-23.9315
71.7108,40.8567,66.4935,17.5087,138.7791,-11.2689,4.0579,-67.7938,-130.9670,-6.4378,150.5503,4.8895,88.2803,-4.6020,-44.3648,-38.1871,120.4612,-54.2187,-18.1451
181.8359,97.9279,133.6711,57.7085,210.4976,20.9361,32.2570,-116.0662,-45.2629,-135.5425,221.1632,28.6950,155.2273,-1.1365,49.2951,-90.4440,213.0683,-40.4929,-16.5402
258.1749,94.0118,177.6847,61.9602,228.5697,27.4375,62.1749,-104.2679,60.1778,-163.3219,270.5666,-0.6228,186.5087,-15.4374,147.2087,-149.5030,238.9859,-0.8574,-4.3849
286.2178,50.3398,215.6835,56.8422,257.2907,28.3710,84.5337,-92.5183,121.9151,-70.3476,325.9293,-56.0291,206.2233,-32.2279,151.1968,-152.2329,260.9660,21.1172,63.5206
308.9694,11.0101,263.8492,39.7045,315.5079,35.1373,125.1094,-81.3452,143.2448,-15.4260,364.2242,-55.1227,241.3464,-32.4420,119.6234,-106.5123,317.4991,12.8908,167.4834
340.3911,5.4854,293.9334,15.7522,335.2396,26.6897,172.4628,-45.0140,154.4386,-23.1316,390.2799,-18.0471,271.4359,-13.8828,162.2010,-63.9523,385.8885,3.6222,223.7219
379.0004,25.9610,310.7384,21.3600,328.6568,10.8359,179.5143,-25.7314,159.9725,-16.7988,434.3988,-37.9936,289.1043,-3.8398,243.4816,-64.8082,448.9473,14.6487,239.7119
414.4199,29.2564,345.3159,33.8526,374.9258,10.5654,179.9334,-45.1057,174.7514,-32.9578,478.2267,-101.7965,324.0210,-38.0650,281.7127,-103.8832,495.8382,34.2426,303.2627
430.8967,4.3572,378.2270,7.7860,450.0910,3.7942,237.1965,-46.2273,219.9149,-69.9305,487.8582,-112.9922,361.8192,-89.9511,286.1706,-118.3054,504.6333,32.0237,397.6386
451.3199,-10.1759,385.4836,-14.6265,468.2701,-19.5137,306.4213,-13.3239,289.6835,-37.4977,481.1956,-68.1481,363.6185,-84.8288,304.5095,-78.9341,502.5722,1.2633,434.9610
479.1175,-5.3490,389.8296,6.4840,430.9312,-16.9773,325.3752,0.9781,368.2099,5.5466,481.7255,-37.0588,361.2706,-26.5550,354.6687,-46.1600,534.0311,-24.8901,438.3031
458.5438,-10.9852,398.3326,15.1673,401.3792,5.4430,342.4066,-4.8151,435.4475,-30.8129,471.6230,-28.3910,397.9934,-1.4128,419.7938,-45.7941,551.2557,-25.4329,479.0748
410.2195,-29.1396,393.3224,-17.7858,403.7622,-16.8650,404.3136,13.9177,463.1728,-41.0878,449.3069,-25.9751,438.4137,-32.8389,465.0940,-20.3803,499.0435,-26.6838,518.2602
425.9947,-41.4309,390.4413,-42.9361,417.2309,-74.6846,457.8998,42.6959,452.8080,23.6357,453.3907,-51.0317,451.1058,-58.5305,484.3775,28.9253,446.1541,-54.0527,490.1120
479.9957,-47.9972,409.6039,-52.2239,428.7623,-96.6198,458.3171,40.6235,443.5027,26.2537,493.7352,-88.2324,468.4956,-47.0791,503.2820,30.6477,450.8390,-89.3032,430.9724
487.9240,-56.2838,436.3399,-75.5927,449.3314,-81.4422,437.1977,28.0001,462.5633,-40.0853,529.5413,-87.8238,494.2716,-23.7944,521.5996,-12.2665,441.4868,-103.2441,403.9172
482.0250,-70.6137,453.3097,-88.1835,469.5987,-77.4730,430.9237,37.2379,500.7564,-47.3990,522.4588,-57.5399,486.0866,-5.4743,519.4100,-36.4757,389.2429,-98.0702,411.0476
500.1588,-84.5743,443.0981,-65.9656,451.4762,-85.2655,439.3484,47.7477,520.2027,-20.5799,464.9463,-23.9147,448.1033,8.8142,503.8933,-28.8625,375.2601,-93.0084,429.1594
479.9264,-76.9656,392.5456,-48.0737,399.0013,-78.2087,441.7910,47.1571,483.3362,-42.0193,382.6729,15.9494,416.1781,10.5325,486.8669,-4.9874,391.3380,-87.1564,438.9371
402.4950,-59.5970,337.7615,-57.8125,359.1372,-56.6150,423.9478,69.4391,414.2709,-57.5649,324.4681,28.2891,387.6401,-5.6237,461.2192,32.1259,339.5861,-67.6948,426.8275
324.3282,-78.4307,318.3709,-71.7117,334.1770,-47.9666,409.4368,114.5533,386.0767,-16.3674,302.4700,-13.4301,354.4566,-21.9318,426.3219,63.0758,237.3314,-47.7718,406.8712
262.1422,-117.3541,298.4664,-85.6788,299.3425,-77.9723,422.4172,129.4326,409.5541,29.4403,273.2905,-30.4903,331.3619,-18.3977,386.9078,67.8916,178.5997,-47.4494,406.6061
220.1146,-107.7338,245.1451,-102.9286,278.9554,-114.5141,426.6088,101.9484,416.4005,40.2641,225.0068,29.1081,308.8610,-5.3429,341.7391,49.4086,171.6742,-44.9921,421.0041
214.9004,-53.9133,213.5282,-91.2347,292.4378,-87.2302,385.0863,69.5894,365.0977,33.7614,193.3030,72.7957,266.4543,-10.8844,298.1721,2.8084,183.6635,-18.2063,416.7159
208.8110,-15.9542,236.2419,-43.0498,302.2160,-17.0575,330.3120,39.2463,280.1162,33.9096,166.5878,37.0446,230.5368,-35.1343,258.5208,-62.6453,208.0947,-5.0940,379.3028
172.6148,-2.3881,246.8874,-11.1411,290.4974,0.1606,291.0598,2.4746,198.6075,31.1791,107.3738,-7.6802,230.8973,-48.1331,200.2321,-96.6508,218.7619,-34.4340,326.6508
150.7573,1.9033,210.8669,-18.5733,276.0403,-27.3839,238.6084,-15.7821,134.2074,-21.3317,51.4193,-14.0402,230.0014,-37.8300,108.1566,-91.2960,207.5061,-58.0457,273.1185
158.9894,-7.7686,186.9234,-18.9536,243.1541,-16.2364,161.1615,-12.6432,82.0493,-120.9350,40.4027,-15.8602,175.9709,-28.8379,3.7110,-102.4445,227.0680,-43.9852,207.6804
160.0143,-6.8364,194.1217,7.2759,168.8442,9.3551,90.3524,-32.2210,50.8255,-169.3352,26.7130,-24.6475,88.0416,-46.7637,-75.1497,-129.0282,274.5925,-44.1301,127.9708
148.5518,26.5550,167.7702,15.0330,83.0141,-18.8145,41.4480,-83.5044,74.4842,-107.0729,-23.1632,-28.1095,24.3029,-82.8373,-108.2649,-110.6205,262.7396,-89.7034,60.7343
120.3941,39.3414,90.1878,-15.3319,21.4909,-61.8669,2.4298,-128.0150,150.7528,-2.1437,-53.5165,-33.7266,-4.3878,-108.8189,-111.2123,-60.0960,172.4533,-129.3578,9.7136
42.6621,-5.7391,24.2656,-50.0180,-22.6257,-73.6836,-40.4246,-147.1502,214.0492,57.2024,-44.6417,-37.1388,-36.2932,-120.1766,-112.0608,-46.8351,76.4165,-128.4538,-54.1550
-67.9935,-44.1767,-12.8419,-73.7844,-69.4747,-92.6034,-84.3684,-135.6494,216.9280,66.4598,-63.2602,-30.2374,-90.3492,-130.1248,-112.3235,-73.2631,11.0071,-122.8388,-113.3285
-154.7747,-30.6997,-73.2944,-95.4537,-130.3892,-122.3074,-102.7044,-86.4692,159.1927,75.5300,-140.8464,-35.6671,-145.6426,-129.4541,-111.3733,-89.0473,-43.4386,-136.9371,-119.9321
-193.2252,-23.2691,-161.5039,-100.8111,-208.0199,-112.9394,-102.0871,-39.7408,43.3303,87.1852,-237.3918,-65.8857,-189.3118,-111.5240,-137.5620,-76.3772,-100.8313,-135.4455,-107.2797
-191.4978,-57.5826,-224.2952,-83.8298,-282.4049,-82.5477,-147.7814,-53.6656,-90.4736,33.1313,-315.6911,-99.4067,-233.3482,-108.5278,-190.6945,-54.8851,-164.5665,-91.9510,-153.4040
-197.3492,-77.8398,-253.8154,-77.2170,-325.0836,-81.2745,-241.0958,-110.6636,-161.6835,-87.9283,-357.0775,-116.0296,-276.8340,-128.5144,-221.3410,-51.4964,-227.8420,-51.4479,-247.2989
-258.6503,-50.7492,-287.3971,-88.7976,-340.1246,-91.3484,-286.4958,-145.7024,-175.3259,-165.2584,-361.1757,-103.7290,-304.0724,-123.2594,-222.9111,-72.1524,-269.2614,-69.6964,-320.9391
-325.4541,-17.3933,-327.5917,-80.1595,-357.8838,-84.6397,-272.8635,-141.5810,-217.4660,-162.3871,-372.7034,-66.1559,-322.7436,-84.7402,-247.5672,-86.2433,-289.4749,-115.6512,-373.9645
-342.3615,-5.3610,-351.1763,-45.9475,-382.9684,-77.7864,-301.4168,-127.1929,-294.5710,-141.8750,-423.3017,-40.2580,-350.0744,-65.5486,-305.7932,-75.3523,-308.8601,-118.3818,-453.7705
-373.7014,-3.3460,-361.4645,-32.1867,-387.0460,-80.3330,-383.9515,-125.6851,-348.9636,-93.4788,-462.6917,-47.4544,-373.1831,-74.9077,-353.5993,-65.6802,-326.9741,-87.7962,-555.4755
-445.4052,-17.4783,-376.7437,-56.8185,-372.4950,-85.0818,-436.2780,-134.0938,-391.2650,-14.8961,-449.2050,-63.2816,-375.6256,-79.9585,-373.4936,-67.5819,-344.2250,-74.0182,-619.2634
-467.1840,-53.2130,-408.3799,-81.4035,-389.7866,-89.3356,-446.1158,-126.4270,-448.3015,-14.2266,-441.8284,-81.0858,-374.0318,-80.3266,-385.5563,-57.1400,-380.8987,-59.0780,-609.9532
-444.6785,-74.3270,-459.0696,-75.0810,-455.6753,-79.0443,-452.2292,-92.3511,-481.9350,-78.8024,-495.4811,-118.9051,-389.9694,-79.9773,-405.2196,-33.3550,-433.1305,-24.0141,-571.2757
-469.6795,-57.6969,-511.7916,-58.4638,-524.0972,-56.7568,-458.9120,-65.4589,-475.2707,-59.2249,-557.8920,-149.7967,-423.7864,-69.9726,-434.8844,-8.9449,-473.5748,-21.6202,-572.8188
-521.1390,-31.0426,-545.3595,-58.5654,-564.4158,-57.4697,-477.0621,-71.4931,-468.4794,8.1345,-566.8884,-139.3069,-464.0891,-76.7838,-463.0037,13.1598,-499.2364,-54.0036,-601.9536
-571.3486,-13.2032,-560.1478,-54.4092,-585.3012,-69.1618,-512.1619,-89.5706,-477.1714,-18.8785,-548.0229,-124.4187,-489.7886,-112.2952,-466.6725,1.8748,-517.7740,-37.6698,-589.0219
-661.6261,4.5579,-560.4890,-21.1749,-584.6210,-41.5911,-525.1772,-94.8160,-493.8284,-75.9162,-537.3048,-141.3804,-489.9146,-119.1480,-449.1702,-53.1496,-518.0018,21.7197,-537.0406
-695.2690,12.5433,-547.3503,3.3601,-558.2097,-5.7212,-518.7341,-76.3542,-525.1005,-47.7894,-512.8718,-145.7534,-491.5383,-76.0982,-452.4580,-70.6919,-502.9419,28.5980,-504.4927
-555.1856,-1.0648,-536.9309,-22.5179,-526.7112,-24.7194,-535.1708,-22.9986,-548.1054,7.8686,-460.9363,-105.5309,-508.1656,-46.5688,-489.0614,-8.0398,-504.4522,-5.1464,-480.6236
-406.3322,-17.8681,-532.6780,-61.1589,-502.6351,-54.5159,-531.8375,41.8123,-520.0860,17.4913,-409.6388,-71.7755,-491.2035,-50.6837,-494.5253,41.8811,-535.5348,11.0041,-420.0292
-428.4171,-25.2156,-502.0583,-56.4230,-479.7023,-27.5002,-461.7393,62.1989,-467.2700,-16.4581,-369.2011,-68.3306,-418.4561,-29.6247,-422.7608,22.4788,-564.4257,64.8440,-356.9014
-481.8369,-22.2991,-433.0936,-14.3416,-451.1082,20.4215,-413.6413,35.1482,-461.7184,-88.7656,-322.4657,-32.9545,-356.8907,40.4933,-351.4820,-4.2228,-545.7278,92.6477,-345.2401
-418.2382,9.9302,-358.6917,35.3635,-399.6088,46.4227,-454.5540,18.8081,-505.0846,-148.0899,-271.2798,51.0172,-351.3170,116.5754,-369.4495,-16.9993,-475.6217,106.2684,-352.1603
-338.2473,65.6070,-299.1726,75.7334,-323.8185,73.5621,-488.0445,40.8510,-521.4922,-130.2847,-231.7427,100.7884,-356.2960,153.8055,-410.8210,-43.8034,-409.2730,123.8295,-323.9029
-319.3282,92.9123,-254.5567,89.9531,-267.0563,97.1126,-435.8279,72.0331,-464.8322,-80.7464,-209.8819,84.5740,-331.7093,145.5315,-367.4733,-44.7427,-387.6652,120.0530,-274.5078
-305.0096,80.6665,-235.0946,87.1459,-248.5653,89.0177,-359.0010,79.3575,-381.0664,-68.5590,-208.7043,77.0075,-290.7135,125.8089,-284.5600,-4.4937,-372.1549,112.4162,-227.4989
-289.7941,75.7500,-234.6385,98.6888,-232.3920,80.7761,-311.5458,57.6790,-345.8768,-93.8987,-214.7989,111.6459,-247.3862,127.9288,-263.4339,0.4958,-310.9766,138.6969,-157.6119
-287.3615,90.5508,-224.8653,114.9199,-207.8881,97.1482,-265.3682,25.0856,-365.3976,-156.5072,-192.1709,134.2448,-209.1526,134.5346,-287.6498,-33.4917,-226.3012,163.9988,-59.1065
-260.9990,96.3581,-200.5617,109.2888,-191.1769,102.5485,-203.5366,2.4405,-384.6193,-229.6078,-142.0074,122.9377,-179.8434,117.2412,-294.1890,-25.1737,-170.9669,151.8412,12.7783
-241.4959,86.1827,-170.8830,101.1212,-155.0538,94.2354,-146.9422,1.8371,-368.7912,-229.3808,-112.0058,102.4579,-129.8845,92.2782,-268.8839,17.3624,-152.4169,144.7213,35.0505
-276.2433,62.0688,-127.0016,101.3490,-74.7874,101.9767,-99.5692,36.7178,-309.7754,-140.0189,-103.8347,63.3010,-42.8655,73.3197,-198.7969,40.4685,-149.4798,165.5997,61.8433
-278.0494,22.5759,-74.0569,79.6650,9.2127,100.6527,-46.2972,99.1975,-199.9379,-24.7503,-63.7096,5.2914,29.4082,39.0636,-86.6095,64.3068,-146.7801,163.7573,115.7933
-163.6193,-0.8471,-45.5621,48.4776,53.8609,72.5898,5.8135,133.9568,-78.8109,70.1554,11.4305,-8.7502,48.1325,-1.9104,5.2567,90.4116,-128.2685,124.6191,143.2932
-18.4307,20.2202,-44.6957,54.3374,68.6965,64.8278,23.7258,114.4269,-28.1103,104.6490,70.1695,45.3588,51.9638,-4.2404,45.6259,75.4763,-83.9289,96.8049,130.8312
49.9521,53.1114,-28.4762,78.9583,88.6012,83.7265,7.7466,101.5233,-44.5965,79.9256,108.8724,99.7524,77.5245,32.4516,78.4330,54.8548,-23.5907,90.7054,137.1579
66.0614,60.8966,29.4563,80.1453,136.7333,83.9317,14.7335,131.7812,-31.5042,69.3262,161.4725,114.4035,115.5338,62.9060,121.3708,85.5762,38.2023,74.7404,171.9881
102.3165,60.4365,106.0622,76.5733,199.7256,78.4988,67.8615,146.5430,29.2553,75.5228,215.9288,130.2096,166.1133,74.4682,147.4970,131.7186,98.7436,48.6049,186.8683
165.5008,65.9929,167.7972,86.0148,252.6992,93.2484,120.9207,118.6516,54.6063,52.4537,249.3949,163.1141,239.5352,85.8819,163.8150,162.0812,158.6066,24.3679,187.3418
209.3710,58.4484,215.2467,78.9801,303.7664,87.1871,162.1826,102.8329,40.8966,65.8498,287.7762,170.8893,312.9735,89.7729,198.9738,195.7624,205.4657,-10.2446,209.1649
221.5331,48.2019,265.3382,59.1490,348.3389,53.0145,222.0013,108.0110,77.1032,128.9477,345.0404,150.2441,354.0524,75.0918,247.8666,194.1009,226.2546,-50.2145,235.2909
258.7115,72.8461,308.3948,71.9696,351.7547,49.9480,271.3583,86.5669,166.0646,106.2959,385.9541,147.7711,363.3969,71.8133,282.9118,122.2894,237.2444,-65.1652,253.6256
341.7248,109.1836,330.0324,106.2433,342.8124,72.4574,281.1109,49.6295,234.0880,22.4317,398.2463,160.3729,367.0463,94.3333,291.8530,64.8050,267.4088,-55.8248,296.0817
391.0644,92.8724,346.3339,98.5352,372.3572,60.4188,319.4270,32.7276,300.0237,33.0674,407.8238,138.6862,385.5733,96.2782,303.6270,81.0177,311.3740,-52.5451,350.5028
373.4822,37.9409,364.9539,38.6486,386.0750,17.0043,423.4568,0.3994,429.3748,70.7157,421.5946,90.4400,411.5818,56.1646,361.8871,90.8095,351.1853,-68.8004,364.4791
381.7037,16.4650,364.6591,-20.7886,344.4941,-30.6114,513.2363,-76.3301,577.2117,27.9247,446.8907,67.5374,426.2075,22.5392,451.3315,44.5020,400.2240,-99.5253,354.5454
453.0848,19.1134,354.0199,-53.0608,337.1320,-86.1762,550.7097,-136.0826,660.5553,20.3552,505.1401,65.9021,436.6803,17.4892,516.1229,13.4066,451.1974,-126.9669,371.7690
492.6999,-19.0330,372.8514,-76.2622,384.0686,-118.5568,580.9196,-131.7431,689.0903,68.3767,554.0188,48.2236,455.4423,7.9250,545.8824,31.8132,455.1788,-119.1746,391.6685
475.5888,-70.4031,416.1955,-90.1233,383.5363,-88.6069,585.9797,-116.7550,696.9487,21.9443,525.5013,27.6704,464.6872,-9.8169,552.7664,35.6823,433.2531,-74.5643,370.4269
503.5826,-58.1453,443.1689,-75.0528,350.9290,-45.3573,531.4426,-140.5289,675.6689,-59.8464,467.6028,31.1842,455.7839,-15.7993,529.2669,-6.0883,471.9163,-41.9024,342.0701
593.0089,-7.2151,449.4978,-47.4758,380.7784,-48.3847,491.6465,-158.8877,628.7347,-27.5569,467.9693,39.3886,450.3787,-18.0956,500.8086,-39.4307,553.4330,-47.1343,353.6136
636.4071,5.1970,461.9459,-38.2116,429.2465,-65.8632,511.9868,-123.1868,563.1127,27.7789,481.9423,29.3755,445.9349,-15.0363,497.7843,-22.7238,575.4262,-54.9317,381.4483
603.4473,-21.6726,491.5722,-43.1371,429.8723,-63.7967,495.7238,-68.1162,462.7416,8.5302,440.5280,10.1954,418.0944,2.1087,471.4751,4.9788,537.1105,-38.4048,387.8993
567.2448,-50.4797,517.0987,-55.3234,425.8686,-72.4679,401.7262,-41.2680,363.0239,-6.0378,404.0748,-9.3121,380.3390,-4.0937,390.0249,-15.3719,506.2071,-16.0746,391.2883
534.2556,-74.6305,499.5584,-77.8805,425.0443,-93.5297,347.5435,-24.3218,327.9972,4.3522,416.9398,-37.2046,362.5664,-54.3647,330.7635,-67.6978,472.3216,0.6988,420.4589
438.1985,-86.4968,437.2392,-78.2731,396.0274,-78.7929,392.2721,11.5832,330.0671,-1.1421,404.7226,-83.1108,363.4944,-99.1984,338.6372,-83.8636,413.9093,24.2532,452.8609
300.0349,-71.8246,381.1312,-37.2319,389.1259,-33.3067,443.3019,40.0677,317.7301,20.1428,351.0147,-131.3088,374.6266,-106.9847,350.5675,-54.0390,375.9730,45.5318,446.2867
234.7972,-43.5236,353.8381,-15.4085,416.2699,-19.4518,442.0573,28.6172,323.3423,61.9264,333.9765,-129.1366,391.7228,-92.9787,337.0072,-35.5974,362.9871,37.7562,398.8422
281.0132,-25.6129,325.8646,-48.7183,395.9605,-50.2774,432.3102,3.9268,351.9056,56.4041,342.3047,-60.1833,397.1658,-64.9430,335.6899,-51.6227,329.7375,12.5631,344.6789
334.1320,-32.4220,294.5316,-73.7736,338.2552,-73.1380,436.4213,13.1724,335.4950,39.7644,305.9925,-4.7758,386.8405,-50.6293,344.6314,-63.8905,299.9214,9.0726,307.5712
293.9491,-58.2576,274.4660,-59.3980,311.3009,-63.2662,429.8807,44.2539,283.8479,46.0419,260.0971,-21.4159,376.0921,-78.8819,333.9331,-48.3127,315.0880,14.9836,283.2599
208.6966,-60.5779,239.8658,-53.9111,276.4748,-54.4430,407.0522,41.0492,260.8716,10.1843,260.4834,-43.9875,356.7199,-93.4808,308.6863,-25.5691,334.5404,-18.9421,260.5208
187.6711,-18.3317,194.7425,-55.8059,210.6781,-61.8987,367.9410,0.6305,233.6524,-49.4275,259.0892,-18.4911,313.8123,-54.7746,278.4247,-13.6297,321.5911,-68.6357,236.5346
223.6628,9.9547,190.9147,-27.6406,190.3120,-53.7750,306.3677,-12.3214,163.4268,-38.6214,216.8944,-5.9969,268.6370,-46.3304,242.1374,-1.4209,299.0197,-61.7423,211.6982
227.3114,-16.6389,197.0177,-11.0670,206.2649,-28.7121,253.2143,29.0140,115.2757,15.3317,180.9831,-47.4315,242.5502,-102.7677,216.1247,20.6985,256.7583,-25.8911,186.0641
176.9114,-46.0115,134.3492,-47.4979,168.1827,-30.8987,240.7967,73.3781,113.0572,35.4398,171.1996,-89.0221,222.2448,-127.5432,214.9258,36.6490,168.4079,-48.7180,163.3890
103.2203,-39.7826,47.1076,-77.4589,99.7703,-56.0228,234.4780,76.5712,89.0677,28.9535,148.0604,-92.3075,192.0434,-95.3744,227.2245,27.5276,87.3107,-100.4175,142.0708
18.2499,-27.8804,21.4281,-54.9985,70.5040,-52.6905,183.6010,41.6971,45.2396,-1.7483,98.3443,-75.4490,146.3841,-81.8028,225.2594,-1.4764,67.6251,-93.3011,103.2697
-43.9410,-23.4755,15.7090,-31.0446,41.0475,-31.7203,94.5718,-12.3073,48.3089,-82.6436,33.3629,-59.5246,81.1201,-92.1983,183.1766,-29.6719,63.8788,-65.3296,40.4707
-53.0144,-19.8235,-29.7494,-47.8743,-35.7966,-47.4475,2.2088,-47.7567,93.8874,-160.6069,-43.8941,-62.2035,13.9118,-94.4672,116.6050,-37.4604,23.5106,-98.3441,-17.2915
-65.9623,-34.6501,-64.2078,-77.7819,-114.4888,-84.0181,-73.9354,-36.4352,136.4032,-152.8032,-103.8890,-84.4467,-30.3451,-105.2990,75.8076,-20.8380,-27.4428,-149.8603,-61.0952
-111.7407,-57.0052,-54.6599,-82.9116,-148.9366,-83.7984,-130.1805,-27.5842,155.2798,-86.3926,-112.7030,-85.5765,-63.8281,-108.3004,55.5101,-10.5957,-49.8246,-139.8461,-131.2129
-100.7764,-43.7700,-54.7509,-51.2964,-155.2670,-47.7168,-179.1245,-80.2428,121.3624,-62.3989,-105.5661,-43.5276,-109.8986,-71.0247,-3.3178,-44.8031,-45.2162,-84.5638,-236.1275
-26.8176,-2.7135,-76.1410,0.7221,-163.4144,-11.7282,-233.8151,-148.8173,25.9165,-95.1839,-134.7918,1.5693,-155.4437,-41.7515,-97.5349,-104.6413,-32.5430,-43.5278,-322.0472
-22.9177,25.8462,-79.0277,31.4500,-180.4663,11.1645,-282.0009,-162.5219,-78.4763,-90.7388,-174.4675,9.7534,-179.6620,-52.2234,-169.6334,-131.7816,-34.3567,-47.2988,-364.1206
-95.2086,31.3788,-84.3208,19.2548,-206.8633,12.5526,-309.9344,-139.1587,-169.4017,-18.3590,-183.8931,-17.1610,-195.2145,-49.3126,-213.2355,-112.0664,-70.1747,-88.6508,-387.7839
-122.5607,10.5187,-139.9127,-11.6602,-258.7488,-11.2512,-322.5641,-116.4775,-279.4241,25.3197,-193.9439,-56.7008,-222.5866,-25.1954,-247.6331,-80.7056,-140.1775,-110.6386,-395.4999
-133.8920,-31.9640,-221.9610,-38.3242,-334.4905,-33.3250,-316.9211,-90.8379,-378.0757,3.5012,-232.8279,-78.2250,-253.7113,-25.6145,-255.4367,-67.5377,-233.8021,-70.1751,-383.8200
-232.8582,-54.0655,-274.4713,-58.2908,-378.1067,-30.7980,-295.0543,-70.3447,-390.2855,5.8702,-270.1712,-64.0121,-270.0527,-28.5373,-241.1743,-86.4611,-331.5063,-20.0975,-385.7782
-350.1270,-33.4060,-294.0713,-54.9803,-357.8105,-12.6500,-289.9804,-64.8863,-341.8578,51.6916,-303.0024,-29.9882,-280.0497,2.9334,-253.5024,-126.5788,-398.1716,-14.3562,-402.7671
-384.6278,-4.8673,-315.2321,-18.7690,-336.0300,9.5206,-313.3924,-45.1472,-328.0515,58.9856,-367.0697,0.4740,-308.4456,29.1715,-307.4231,-132.7042,-426.4519,-3.1639,-387.6607
-393.0835,0.6955,-352.5974,8.2765,-361.1213,22.4199,-328.7821,2.3597,-358.3521,34.8024,-436.7147,15.1002,-353.5033,19.2634,-379.6191,-67.5500,-452.4037,50.1000,-338.3470
-432.2983,-14.6542,-389.8526,-12.4591,-386.4229,5.2335,-319.8872,50.2952,-360.0730,56.2499,-456.4359,8.4249,-393.7056,13.7850,-451.8107,20.6810,-483.8088,74.5478,-297.1928
-462.1429,-37.4593,-411.2744,-45.2511,-384.6919,-24.9776,-309.3800,85.2264,-301.5698,102.6226,-445.7484,-0.3540,-425.2802,48.2049,-482.6631,66.4224,-490.6627,24.8120,-272.1139
-475.0791,-49.9576,-425.6247,-41.7113,-400.0077,-26.4822,-300.0793,108.8367,-225.2274,104.9564,-442.4568,8.5974,-445.9000,99.6964,-427.6064,73.4915,-484.7752,-30.1932,-253.9448
-484.2234,-54.1964,-437.9611,-24.0502,-436.4880,-8.6588,-284.5516,113.6833,-192.8285,75.5888,-426.2650,5.2385,-440.0822,122.0508,-339.2563,72.7475,-495.7677,-25.4915,-258.1314
-436.8924,-63.5460,-422.3377,-25.1911,-443.7697,1.4628,-290.6756,99.4046,-231.2274,55.1427,-388.7180,-26.6553,-420.2958,109.5683,-320.8055,66.9393,-485.7012,7.8022,-289.9803
-328.6268,-46.3418,-370.7651,-15.2119,-415.4349,26.5432,-335.5778,63.5727,-295.9657,30.8306,-360.7794,-26.1769,-415.4373,108.2214,-362.9551,61.1025,-419.9866,10.4921,-327.7254
-269.7480,20.0480,-329.3462,28.0164,-388.3804,65.6460,-376.6568,3.4257,-306.6480,-7.7025,-346.0456,35.2597,-414.4700,131.3824,-377.7106,68.7479,-357.3623,-17.2600,-347.2339
-306.0203,68.0361,-327.1695,60.3846,-370.8741,61.1340,-372.9237,-38.6563,-254.7546,-17.0456,-335.5675,85.4985,-398.8429,129.2296,-362.3831,70.3154,-343.2008,-25.3030,-332.6958
-341.8531,50.3517,-323.6102,52.6813,-340.0783,24.3333,-346.4327,-21.7062,-213.8571,16.4551,-339.2322,76.1165,-381.6650,95.3908,-360.2251,38.4563,-330.7328,13.0256,-297.3571
-317.6974,29.5210,-286.3503,35.6645,-290.7244,33.3733,-327.4142,9.7334,-208.4026,15.7950,-336.8343,44.1493,-355.8161,86.6611,-334.0554,-5.2063,-294.9745,65.9880,-274.2834
-280.1264,43.0265,-248.9437,30.1300,-249.2732,72.1595,-289.7089,3.3808,-185.6897,-56.3512,-299.0412,23.3141,-299.3166,104.4551,-250.8700,-18.5918,-272.3388,92.2450,-255.7240
-243.4265,45.0568,-230.8352,24.9310,-228.6954,61.8573,-212.2738,-2.3813,-149.3408,-97.3254,-253.6162,16.9421,-240.1773,99.2509,-180.4088,6.9756,-262.7088,87.7449,-212.8445
-171.0721,29.4823,-193.2578,16.6485,-196.4234,19.0339,-146.8441,36.9694,-160.2274,-31.4251,-222.2263,27.1323,-203.6683,73.9779,-166.5851,59.0475,-247.5352,65.7528,-166.7099
-99.3791,27.3999,-125.3816,2.0094,-132.8924,-0.6613,-133.3324,84.8051,-192.3594,53.9341,-173.7043,36.3028,-161.8659,56.9935,-148.4428,117.6562,-253.2857,35.3780,-148.6006
-89.8938,21.6409,-75.7408,-21.2523,-77.8394,-15.1345,-122.7929,92.1071,-168.0115,61.2081,-113.1844,31.8991,-116.0098,43.2853,-97.6559,144.2003,-266.5298,14.8471,-141.4737
-92.6141,6.1138,-65.1532,-23.1960,-54.7123,-33.2248,-71.0045,66.3856,-105.8093,7.7980,-85.2092,44.2432,-93.8187,33.2171,-63.6148,121.8144,-213.6811,25.1101,-122.9174
-39.1620,19.7045,-52.6347,14.9342,-24.9503,-9.0592,-8.2431,41.9428,-69.4234,-52.7209,-79.5204,73.9622,-62.7989,33.7018,-57.0540,86.0833,-102.5606,60.5087,-85.8623
30.0911,55.7264,-3.1585,56.0366,29.4760,49.3097,40.3942,36.5764,-53.1216,-76.7796,-58.7043,64.9454,-4.8679,23.2173,-43.6773,56.9112,-13.5695,92.4081,-17.2393
79.1888,67.6818,69.9563,72.1056,74.9081,81.7723,84.3048,45.9887,-39.3629,-45.3609,-22.2704,17.7610,24.5030,-1.7237,-18.9206,9.4454,40.8478,107.8260,63.6385
134.1608,53.9450,129.8506,80.7596,97.9018,84.3969,115.8514,59.0460,-41.3293,-21.4826,26.9256,2.9884,34.3489,-7.2488,7.6038,-44.0441,84.5509,125.4515,113.2466
159.8160,44.3969,156.5888,87.6990,119.2627,89.0537,139.5289,64.0786,-34.5283,-65.9371,88.5050,38.8838,98.5112,9.7130,36.4691,-54.3114,105.8340,157.5822,141.7220
115.8426,55.4342,171.6596,83.9479,147.3479,92.7597,180.3088,48.4288,10.6361,-115.2390,140.1667,84.8257,176.9074,21.3113,70.4688,-30.6658,125.7162,175.6719,173.3005
96.3671,80.8821,207.0117,83.1427,178.6577,87.6032,205.0067,24.1769,56.6492,-88.1879,179.9253,119.2576,182.7107,28.4418,128.2614,-13.3408,182.1291,152.8892,181.7821
175.1553,88.6438,250.0041,90.7200,218.5912,89.8538,170.9196,25.9163,73.0644,-6.8966,221.3881,122.1658,166.3634,41.7658,203.8083,7.6558,230.1368,119.8407,168.3676
254.3840,67.1736,269.1860,94.1350,265.6368,109.1507,129.2971,44.5951,86.5704,62.8530,238.7086,71.2691,202.1147,50.9141,233.9307,37.1150,229.0215,117.4714,180.7170
248.7383,54.9616,271.0762,102.6068,294.7964,132.8988,130.7543,36.0912,109.7602,67.2994,225.1900,15.7115,241.5685,61.0123,213.4942,40.8051,240.4962,120.8024,206.6415
219.3556,63.0796,274.2703,118.1403,284.4643,135.0236,136.8675,8.3919,137.5002,2.8746,239.0678,36.1323,236.4534,91.8439,225.3241,30.2527,295.6178,83.2993,196.9062
245.6994,62.9490,277.5666,112.1982,264.7148,105.1350,136.9030,-11.2122,179.9724,-49.0872,298.6870,118.7718,223.4690,126.9394,266.1960,37.6329,329.8845,29.8518,169.8084
329.2953,69.9427,294.0266,94.0437,294.6791,78.8952,182.8242,-48.8137,213.5132,-50.7044,351.8357,175.3766,233.2079,131.6914,254.4226,22.6470,325.3272,23.1638,170.5190
396.7131,96.0599,342.6272,102.8570,364.3818,88.7944,260.6101,-103.0367,204.6200,-75.9921,379.6996,160.1036,263.9372,112.1235,223.2115,-38.9128,333.2645,55.7454,201.4683
372.8151,90.7179,388.9647,118.1601,401.7081,105.9631,302.9737,-108.7993,196.5009,-127.4384,401.2368,99.0273,307.3690,99.5320,248.4893,-77.4287,368.7174,63.3673,244.0800
329.8811,59.9557,380.3727,104.9495,395.8503,101.3565,306.9445,-67.3396,227.7378,-125.7514,406.7031,50.3252,330.7908,96.9109,280.5592,-69.8056,415.8031,36.2883,268.6975
394.0024,73.3520,330.5121,95.4378,389.6075,95.4140,312.9412,-47.6458,249.9136,-105.2178,382.3525,49.8752,318.0170,85.2230,278.0766,-79.4484,453.9019,20.0386,263.1321
463.8304,93.1668,291.7299,102.5880,374.4828,88.4554,341.3906,-47.5811,254.7701,-113.1001,340.0900,61.4057,307.3412,61.5270,304.0562,-89.7253,432.6628,17.5841,280.1222
368.8184,33.5628,277.6807,65.5127,334.6880,48.4996,394.6482,-26.3549,301.9934,-66.0506,296.9345,31.0519,316.9366,38.1573,347.2634,-26.9743,340.1988,-0.6362,350.0783
231.6241,-52.6741,268.2561,-21.7021,311.1492,-8.9340,445.6572,-7.5455,358.4780,32.7137,277.5916,-6.6107,320.8349,25.0352,324.9954,55.5593,258.6618,-15.9017,405.4114
242.0108,-74.3478,254.4840,-71.7025,310.3387,-36.3873,452.2814,-16.0814,346.7962,41.4393,293.7828,12.8523,314.6905,27.5813,280.7452,52.3303,248.5114,1.0908,402.6053
303.1945,-50.4365,244.9146,-46.0960,290.8040,-23.0712,414.5959,-22.0493,315.2391,-33.7029,307.7783,55.9482,303.9255,38.5960,294.4521,-5.3303,276.0805,27.4237,384.9556
292.0328,-19.4996,245.6141,1.8354,277.7312,16.9742,358.1470,-6.6586,321.3300,-56.0112,289.0823,55.5519,276.8352,38.3299,304.2006,-27.0511,300.7875,45.9133,366.9785
294.0900,7.3471,252.9275,24.4899,307.9962,55.5556,288.1422,15.2261,292.4440,-11.3959,263.6707,27.1997,246.4729,26.6195,249.8740,-11.5510,311.4427,72.0166,321.8939
338.9985,-4.0408,261.7180,18.3251,318.0667,51.2165,214.9064,22.5556,201.2792,28.5142,253.9589,9.8843,233.7407,26.7120,198.6282,7.1238,292.4299,89.1280,264.4947
327.8296,-36.7146,268.4339,3.9313,269.6216,15.4416,162.4037,-8.6991,152.2738,30.0857,250.5482,-3.3888,225.2987,36.9620,182.4011,19.4112,248.7616,73.8683,215.1848
270.4195,-20.2425,266.9642,9.5564,241.4698,5.8326,130.7432,-68.5974,170.1399,-15.9752,246.8176,-18.1941,214.3791,23.8530,140.9257,-2.3991,217.6078,55.9787,172.1311
246.1308,14.8908,253.7270,25.0352,259.6798,15.1384,105.7362,-99.2620,162.3853,-69.1789,229.4969,-34.1940,201.7344,-25.1960,82.0094,-68.8101,219.6642,52.8577,157.2727
243.8564,-12.5665,233.7928,4.0086,238.5504,-6.2667,79.8793,-81.7323,115.1279,-78.5254,184.6558,-73.7945,157.4822,-85.5655,76.7247,-117.2717,241.3239,36.1964,165.2804
232.0450,-60.5967,207.5979,-44.5314,162.3638,-38.3939,47.3287,-68.1721,85.1744,-86.3085,138.7366,-124.7275,90.8662,-126.7416,105.2485,-106.2753,251.5529,12.6236,140.2848
206.6447,-54.4517,167.9542,-59.2184,116.3648,-42.7722,23.6621,-89.6870,62.8148,-113.8899,115.0223,-137.0911,69.4238,-136.9060,93.3169,-89.0485,221.8148,13.1434,95.5218
150.6846,-27.0442,120.7239,-40.0754,125.1590,-43.2827,34.9831,-111.0629,24.1244,-84.7514,86.7614,-120.2391,90.0905,-131.5732,53.8071,-112.4389,158.0697,19.0759,100.3233
78.6532,-24.1547,77.4877,-38.5121,133.8245,-51.7780,67.1586,-91.5085,4.1381,-11.5850,45.1908,-119.0722,91.7421,-130.2753,45.0676,-144.8319,89.2740,6.1792,139.5058
14.1154,-38.3987,38.2422,-56.0804,118.6317,-44.0683,92.9998,-41.8741,16.9087,18.5207,24.4781,-117.5467,91.4999,-122.0062,50.2351,-146.1681,18.7558,-9.3041,159.6731
-69.6835,-71.3534,11.7459,-66.6720,100.8595,-42.6495,114.8748,-7.7243,27.8584,44.3111,23.9642,-94.3618,118.4490,-97.0819,21.7427,-112.0251,-52.1503,-14.3986,168.8390
-140.3487,-111.0982,12.4585,-74.8288,89.1381,-72.8650,119.7238,-2.5023,24.9071,105.4974,6.3764,-91.5579,112.8524,-88.7774,-14.4467,-52.2178,-90.2565,-4.5098,158.3573
-105.0800,-113.2467,19.7859,-77.4617,61.2109,-84.9140,76.2673,1.1564,15.9628,115.3323,-36.5752,-122.2141,52.6067,-112.4562,-12.8272,4.4087,-86.8635,16.0479,84.4301
-14.5651,-79.6413,-3.3724,-56.5690,-2.9498,-52.8372,3.5643,2.3877,-5.1034,79.6586,-79.9136,-124.0905,9.8143,-114.2769,-6.2139,29.5705,-75.4640,-1.2931,-17.5204
-9.7011,-44.0915,-49.7499,-28.5506,-73.6189,-35.9920,-54.7633,-22.7420,-42.0612,101.2795,-93.1247,-68.8392,-3.2347,-57.2198,-44.5204,43.3884,-67.9241,-73.1084,-76.1361
-79.0664,-7.4926,-82.0175,-18.9164,-99.9431,-54.7589,-97.8254,-51.3417,-99.0885,123.0008,-71.5170,-6.2751,-44.5198,10.6469,-100.4931,71.5396,-59.2518,-116.4364,-103.5680
-124.3804,12.4150,-96.1749,-25.5682,-99.2747,-60.5035,-134.0598,-48.3560,-179.1980,55.9430,-62.2370,14.9095,-101.0242,33.8029,-126.3109,90.3054,-73.2432,-90.3652,-132.1840
-147.4869,-22.2846,-120.5284,-49.2371,-132.1056,-56.8448,-151.9502,-20.2696,-248.8958,18.4610,-104.4381,-11.7681,-120.9370,20.9828,-139.9109,87.3674,-128.7499,-70.1263,-141.1094
-184.5287,-78.6072,-164.4703,-85.6388,-189.4615,-84.0047,-159.5308,29.6319,-276.9344,106.1298,-161.3695,-64.0920,-124.3087,2.8586,-187.0662,90.6939,-201.9894,-84.1515,-125.2910
-217.3215,-98.6837,-203.1673,-102.1591,-219.0101,-111.1428,-184.2712,89.4315,-296.0417,181.3499,-193.7904,-102.6740,-156.4599,-16.7556,-267.3623,92.6935,-258.2681,-73.4865,-121.9602
-235.7649,-100.7585,-218.8965,-93.0434,-229.4297,-92.3133,-236.2666,94.3604,-331.3838,121.0789,-232.3149,-107.0489,-214.7270,-41.2599,-336.2483,61.5804,-284.6429,-37.4400,-148.0019
-256.7039,-115.3798,-235.5303,-88.6799,-254.1480,-59.9562,-290.7372,34.2160,-333.4428,13.2752,-300.8074,-100.0730,-271.9771,-58.9009,-355.9648,22.2293,-295.4522,-25.6516,-185.9104
-291.2845,-120.0249,-274.2496,-85.6715,-282.6210,-54.9864,-300.2150,3.8723,-279.2022,-7.1152,-366.8376,-98.4589,-306.1749,-65.0591,-335.5671,13.0156,-313.6234,-35.9503,-214.5616
-342.1556,-101.6891,-305.2212,-64.9752,-306.2098,-53.6486,-268.7056,37.1994,-237.0316,60.0047,-407.5804,-78.5601,-314.8745,-72.1567,-319.1996,18.2017,-327.5263,-43.9272,-230.0601
-380.4501,-74.8339,-304.8803,-40.0830,-333.5440,-27.5299,-280.9291,59.8610,-258.6499,106.1115,-436.0824,-36.3447,-328.7991,-76.1430,-332.9332,14.5012,-310.4759,-38.5768,-257.0721
-366.9141,-41.4758,-307.1359,-12.0126,-347.2578,7.3954,-367.3081,41.2629,-315.5445,62.0743,-467.9708,-20.9444,-372.2827,-60.5798,-367.4786,-0.5813,-286.7673,-9.3302,-315.8809
-329.5344,-11.5375,-336.5427,25.8407,-345.0108,24.1425,-436.7207,14.6386,-369.3677,-5.9086,-505.0833,-56.4428,-419.3700,-46.5936,-405.3111,-29.6001,-295.8348,17.4590,-378.3799
-333.2480,-9.9737,-363.5596,30.9201,-365.1334,12.6221,-441.8756,-4.0278,-412.8444,4.1007,-522.9279,-94.0234,-434.5905,-64.7779,-432.2937,-48.0861,-324.4042,2.5211,-405.8800
-385.7783,-31.0532,-365.7447,-11.0867,-400.4524,-13.9485,-451.0963,-1.0028,-443.2607,61.9986,-492.2225,-84.1586,-422.9359,-83.6195,-446.1869,-23.8329,-352.1435,-23.6152,-399.5689
-447.1308,-43.8061,-357.6881,-30.6403,-400.0013,-27.6175,-484.4529,26.6972,-449.7484,57.5641,-439.9494,-34.8036,-404.9354,-61.9181,-465.4616,9.8041,-394.8548,-19.9485,-375.0727
-485.1320,-39.3783,-357.8028,-8.7588,-379.0225,-29.6004,-470.6692,41.9915,-419.2018,2.9981,-426.9886,15.2374,-389.9532,-33.8354,-485.1336,12.4899,-459.0339,-16.1817,-339.9335
-497.1464,-43.1886,-382.6835,-17.7945,-391.7702,-52.1348,-394.2835,45.8722,-353.2127,17.5630,-459.8536,22.7521,-390.8287,-43.4161,-449.4550,25.8672,-527.6755,-28.3132,-309.3694
-517.3052,-84.2288,-432.8665,-72.6711,-428.6548,-90.5013,-323.9699,77.4113,-289.3071,91.8533,-495.2415,-28.3940,-409.9627,-63.2073,-340.0766,84.7948,-582.1647,-14.0866,-297.0304
-562.0828,-138.1892,-467.0327,-111.5303,-447.9701,-102.2371,-306.4356,101.2771,-265.4267,86.9414,-503.2617,-79.6446,-409.4995,-52.0192,-238.3728,137.5635,-594.0271,35.0862,-295.2922
-576.2614,-137.5526,-453.9704,-108.1501,-430.3463,-80.5338,-319.7274,70.2253,-257.4824,23.0163,-476.9744,-66.9374,-359.9428,-19.8331,-216.2704,139.5734,-554.9653,82.0830,-288.7623
-519.8069,-83.1647,-418.0635,-74.3985,-371.3104,-48.6752,-313.3202,38.9095,-216.3287,53.9989,-428.1323,-33.9747,-306.0586,-1.1641,-234.8024,109.7549,-503.0720,104.8731,-274.6375
-435.2823,-47.1201,-385.3143,-24.1250,-311.3007,-8.6817,-276.8752,43.1553,-161.2574,101.3636,-382.2157,-39.7402,-301.7720,-7.8904,-228.0182,67.2369,-445.4619,95.6309,-264.0634
-352.8329,-31.5436,-348.0403,14.5504,-306.0096,33.7193,-252.3322,15.4162,-159.1434,-34.3310,-343.9517,-31.9326,-312.1024,-14.5042,-206.5669,11.7438,-344.3834,67.7332,-268.9486
-253.4187,18.7872,-296.6093,35.3222,-308.1217,53.3208,-254.7888,-60.7828,-209.2477,-206.7680,-301.8221,24.9632,-281.0310,-0.5674,-207.8808,-46.1743,-224.2685,63.3250,-279.4531
-147.1555,79.8037,-230.9837,68.2282,-231.4882,59.2623,-247.2769,-101.6178,-229.1905,-144.3492,-267.1812,53.8406,-238.1156,4.7751,-217.3645,-86.8047,-145.0750,87.8835,-264.4187
-67.6767,101.1786,-164.1097,110.0393,-127.4725,86.7302,-214.7734,-74.7834,-177.6877,6.3365,-255.2149,32.4878,-232.2096,-14.8446,-199.3401,-98.6792,-86.0197,101.4059,-206.8585
-31.4593,111.4544,-130.1745,128.2962,-99.9170,126.0899,-168.8907,-34.6879,-107.1728,-18.8068,-251.0260,34.9305,-239.0134,-14.8180,-151.0383,-93.8742,-13.1536,93.3389,-124.4584
-49.3252,127.5875,-138.1707,122.5043,-123.7550,134.3474,-106.9165,-19.0922,-60.2476,-82.6189,-232.1758,49.4516,-220.7718,10.4029,-91.3655,-91.2686,27.7603,77.1830,-55.3577
-84.9761,106.9897,-147.6252,100.0751,-127.6265,102.4141,-47.0806,-16.8651,-13.4354,-2.1306,-191.9552,9.0037,-188.4764,6.1651,-41.1561,-80.0003,19.7270,54.9945,-17.7103
-63.0043,61.3402,-134.2290,64.7707,-113.2688,65.0095,-9.7236,-6.4107,42.6757,63.7648,-140.0273,-38.4318,-156.3439,-11.1531,-18.6040,-61.9783,30.0791,50.5057,28.2220
-10.2239,51.6831,-105.4522,56.6216,-84.7190,63.5558,49.8236,15.1565,82.7534,1.3082,-102.1173,-17.7403,-117.7437,16.1886,-14.7115,-85.4217,76.7703,83.1439,124.1285
-9.6178,84.2920,-55.7672,101.2508,-24.4960,105.4332,150.7814,29.1096,123.8645,-42.9049,-87.2357,35.5222,-71.9011,54.2437,10.3120,-137.5463,110.7058,107.7156,216.3542
1.8921,131.8311,2.5053,150.6062,42.4261,147.4353,214.5594,24.2081,201.6003,-16.7891,-66.2898,63.7805,-17.7016,54.0323,80.4095,-129.3425,137.9286,87.6397,224.9977
106.5240,166.3870,30.3054,151.4305,89.4988,141.0065,212.6998,12.6597,286.3074,-3.9520,-19.9395,59.3983,54.2247,41.0214,175.7177,-68.0241,185.7653,63.0929,189.4301
188.8685,139.6931,48.5615,107.9777,135.5818,90.5063,222.3366,6.0677,336.6938,29.8047,45.1427,21.8417,141.3185,22.6602,252.6555,-41.5311,201.8509,65.3751,192.7241
163.8371,56.0937,119.4309,56.6610,192.4675,40.3109,268.2609,2.8657,377.2390,114.8952,130.9803,-31.8260,223.8457,-14.3224,279.6061,-33.8493,143.6039,68.6091,204.4098
166.4778,1.2555,221.7185,32.7415,246.2550,24.3795,306.5869,-2.3565,438.4743,134.4126,218.9991,-72.8885,277.0437,-28.4569,277.4839,3.0339,86.5660,60.6663,172.1902
248.3961,1.1137,277.4164,35.3350,280.2935,42.0852,338.5893,-8.0918,501.0370,56.3117,258.4025,-110.9765,295.5723,-9.3268,306.2964,13.4899,111.3229,58.6477,153.1332
263.2728,-4.2396,280.7318,29.8482,277.2798,62.5717,370.2885,4.6719,531.1755,10.4440,258.9059,-139.5875,309.8777,-6.8874,372.1263,-19.9353,173.9653,58.1812,193.0163
207.1258,-17.8043,281.4142,19.1167,256.4210,58.8005,371.0253,45.9003,507.4466,46.8758,290.6896,-109.5647,342.0218,-7.2657,419.6042,-18.7109,200.8413,37.0800,233.3328
222.8956,1.9643,290.0205,30.1063,267.1952,37.9992,357.9480,83.5711,438.6890,90.8243,355.1591,-39.7529,371.3676,22.9343,444.1943,16.5300,209.4845,-6.0569,239.0400
268.3088,30.9037,286.4387,37.6915,293.0657,20.5536,370.5119,94.8960,379.9565,100.2402,393.0775,-2.1121,390.9391,38.9303,482.3518,31.0894,233.7408,-42.9788,246.5562
224.2746,34.4114,269.5546,25.6692,282.9749,14.3029,389.1691,111.6045,364.9565,82.9937,400.5024,10.6074,420.3277,34.7879,504.8993,53.8186,235.6380,-48.0536,264.3703
173.1647,30.9834,247.2514,35.1167,263.3711,18.8969,401.8127,152.4791,350.0575,54.6313,401.2703,33.8216,432.2228,65.2769,477.6971,92.7126,189.7675,-39.3597,276.8489
211.8951,23.7965,214.8072,54.6822,259.2557,21.5972,423.3127,183.0115,301.3989,46.4156,386.1466,37.0177,387.5320,95.6293,446.1234,85.8314,157.6806,-48.7886,291.2808
260.6485,-1.2464,184.5279,34.5603,222.2631,10.9352,408.1542,172.4039,259.5116,53.8629,375.4627,11.8178,326.8787,73.5557,425.0263,57.2309,191.3285,-60.1901,284.5660
269.9852,-11.9522,202.8312,19.1168,171.8937,7.4626,323.0162,119.0795,255.3460,24.3464,416.1999,9.4456,299.0894,59.5446,366.6113,70.7895,253.3446,-51.3410,220.9616
311.4308,18.1215,272.3872,56.2531,196.8142,22.1679,247.3889,46.7752,257.3902,-29.2646,477.5170,36.6737,279.6526,86.4618,302.2679,78.6564,295.5394,-50.5239,143.1491
395.8032,51.2989,313.2775,80.1244,258.9232,22.2433,230.2178,4.1977,229.1710,-38.2074,484.2134,52.5431,250.3287,91.2575,292.1678,36.5755,327.9691,-66.1286,104.9052
454.2065,56.0155,291.6322,58.3585,254.1386,9.6438,199.6920,-4.6877,170.6841,-26.5793,440.4041,42.5527,234.2375,63.9859,269.3256,-0.3810,369.7487,-54.9333,82.0790
455.0009,55.5751,282.0709,54.0888,219.7996,25.1152,133.2719,-41.6142,110.4628,-55.9510,404.4766,16.1778,227.5473,40.3568,171.2887,-13.0228,399.3462,-25.7881,62.5046
407.8034,67.9400,311.4780,64.1268,234.9754,35.2056,100.0871,-108.0763,79.5155,-65.7392,390.0261,-1.6931,215.1382,11.3449,89.3812,-33.1247,384.3284,-43.1815,78.9194
345.9764,65.5631,309.4680,32.3744,253.7158,-11.4012,95.2372,-131.2210,80.9849,-1.9726,375.7263,15.3791,206.9786,-9.7091,95.7286,-41.9722,331.4240,-98.6670,104.6896
304.5059,22.5214,276.0151,-14.4079,221.7678,-51.3959,60.3273,-111.8243,97.1667,14.6093,355.1622,36.4582,194.2073,8.2622,122.8455,-30.7857,284.6449,-116.5213,95.2796
269.7085,-30.1489,279.6138,-32.6881,186.1404,-27.6885,27.9502,-105.0226,105.2527,-94.8790,329.2354,15.0029,164.9602,26.2004,112.1971,-38.3707,273.4565,-79.3141,96.6995
243.9729,-37.0903,295.8473,-38.7041,192.6984,-11.3044,46.2449,-93.2426,67.6433,-164.4648,295.6138,-17.1345,150.8501,13.3278,77.0798,-51.0288,276.3734,-36.5404,143.4336
275.3673,-8.2209,271.2231,-37.4079,216.4922,-40.3961,60.4530,-53.6115,-11.9799,-56.2106,260.1112,-16.6405,162.2430,1.2490,30.3118,-35.1308,252.1503,-21.8707,168.3462
316.1525,-2.3567,243.8545,-18.5544,217.0254,-45.5069,26.5119,-37.0841,-34.0385,78.6629,227.2779,-7.1364,161.8507,-8.3839,0.0532,-34.3064,200.9837,-29.0730,136.8244
265.4184,-14.5480,233.0042,2.9695,187.7918,-13.9699,4.6345,-62.6094,53.8043,54.1781,185.1802,1.2790,146.6129,-18.9895,15.6593,-78.4421,168.0062,-38.4476,102.0189
172.4232,6.3184,191.1745,25.0557,155.4921,1.1167,23.4789,-81.2039,134.3118,-48.5899,133.3537,30.9279,139.0358,11.3824,24.4362,-102.5112,180.8560,-43.2831,86.6710
125.6756,37.8322,138.3677,42.9921,135.9842,5.7306,7.7767,-76.8606,103.0297,-54.8135,114.3858,51.3555,125.7391,62.2883,-29.3893,-57.9087,210.6742,-53.3520,69.4231
90.4431,23.2690,137.6715,23.2562,105.8779,14.7935,-74.8046,-70.3872,16.8317,4.2215,158.7780,33.5596,97.2868,69.2254,-94.3020,8.3835,218.8288,-63.8974,40.7264
85.9627,-6.9818,160.0042,-11.0441,57.7161,2.8864,-148.4577,-64.1054,-57.6694,-21.2682,208.0849,34.2198,66.8410,65.7310,-116.7128,30.4938,210.0915,-53.0102,-15.8996
178.0766,3.2425,138.8854,1.2914,22.3093,-12.5945,-167.4162,-59.1634,-125.3009,-119.3523,179.3259,87.0202,24.8821,92.2523,-126.7001,8.4736,186.8637,-31.0331,-89.1009
212.2169,18.4496,71.0232,21.4566,-4.8621,-7.2221,-174.5061,-55.7243,-163.2941,-144.5188,94.2435,123.5265,-27.1466,84.7509,-141.2268,-3.5478,107.8299,-35.5887,-103.8748
30.0925,-18.8338,-14.2566,-22.6271,-52.1454,-27.8748,-186.4878,-31.9547,-166.7039,-80.7531,40.0772,98.8436,-50.0336,25.5195,-143.5355,21.4257,-27.1472,-61.5773,-50.5307
-181.4660,-78.0698,-79.3663,-83.6597,-89.7652,-84.0009,-166.4030,10.5498,-209.1807,-51.2097,29.8366,65.8373,-44.7528,-2.0626,-156.7180,50.1030,-133.5201,-65.1632,-31.5236
-217.8659,-96.7003,-96.7375,-86.1029,-88.0190,-97.3489,-131.3412,27.3141,-290.9991,-92.8299,15.4171,71.2933,-59.2450,21.2296,-192.1488,56.8919,-160.1435,-42.7670,-82.1703
-174.3777,-78.9758,-102.3656,-59.4222,-97.2402,-54.0269,-149.4060,-0.3174,-319.4016,-137.8232,-12.8004,88.2745,-103.3054,36.0620,-206.5948,53.3119,-150.6857,-39.1868,-134.3694
-138.2625,-70.6230,-138.5988,-61.8033,-156.2425,-32.4985,-225.0051,-31.9403,-305.0046,-160.9628,-44.1868,82.7041,-151.8987,23.9537,-207.8372,36.7524,-147.0775,-71.1091,-175.8166
-67.4359,-76.1504,-173.7374,-79.9391,-218.2107,-52.3912,-300.9841,-25.8004,-326.1134,-163.2659,-96.6938,73.4179,-192.8717,11.1262,-256.9773,6.3300,-145.1899,-92.7909,-234.5062
-39.2994,-52.7805,-180.7611,-57.2126,-239.0580,-48.6428,-354.6979,3.0562,-356.5007,-120.6447,-174.4497,90.4355,-222.9483,23.2059,-331.0274,-3.8456,-140.6572,-62.6941,-277.3611
-119.4913,19.1293,-188.2358,22.5476,-232.6697,9.3615,-401.3855,6.9843,-358.7093,-61.3978,-236.8776,113.5859,-249.8626,55.4473,-359.5249,5.2443,-121.5487,-18.0443,-289.9756
-164.2775,92.9846,-195.0280,88.7609,-217.0556,62.1380,-437.9509,-21.8936,-380.8195,-53.5348,-238.1073,96.8433,-281.5653,49.5947,-366.6310,-16.6515,-77.9663,-26.5131,-323.5962
-107.5686,101.9460,-177.5646,67.1523,-204.3356,35.3577,-451.4767,-51.6256,-417.1599,-96.2626,-172.4602,25.4958,-294.7791,-29.2230,-402.1853,-70.1369,-64.1278,-71.3955,-379.9621
-87.1428,35.6777,-171.8916,-3.5870,-226.5013,-46.4551,-443.5381,-69.2930,-398.5877,-136.1575,-96.5602,-88.7174,-279.1061,-122.1255,-419.5835,-107.8488,-137.2431,-75.0747,-397.6275
-156.5124,-50.7655,-216.5206,-47.5362,-288.8250,-86.7330,-414.5792,-69.3596,-351.4372,-132.0830,-87.2835,-216.1264,-271.7061,-167.3819,-373.6065,-115.3022,-251.6635,-33.5758,-361.5255
-245.6121,-99.9383,-279.6409,-72.8430,-333.0590,-72.1152,-366.8353,-36.2819,-347.4928,-82.9679,-142.5888,-288.8508,-283.5804,-164.8204,-314.8531,-98.6006,-331.6916,-9.9072,-316.1884
-316.9609,-101.1619,-320.1697,-95.4048,-318.1991,-71.5030,-319.8182,-6.0263,-367.1088,-58.5970,-189.4228,-263.2838,-285.3814,-126.2097,-282.6869,-61.6685,-373.9741,-10.9099,-304.8323
-339.5758,-81.5451,-335.8532,-87.6452,-293.6029,-87.8265,-285.9257,-31.8071,-363.6477,-99.2582,-206.2597,-203.4999,-275.8185,-81.1955,-248.8823,-27.3598,-394.8215,-3.6080,-329.0153
-331.4633,-77.1717,-339.8090,-77.1444,-308.3076,-81.2763,-251.4850,-63.0046,-335.5811,-101.2449,-225.3564,-193.8722,-248.0257,-70.0097,-208.7031,-2.0825,-391.5895,-5.9525,-334.1593
-398.0158,-107.0938,-340.8966,-105.8859,-311.4291,-75.7857,-205.2473,-20.8636,-290.9568,-9.9237,-236.6288,-211.7826,-170.4549,-64.8068,-185.6039,37.5217,-387.7430,-32.9249,-280.3164
-494.6072,-143.4128,-327.2586,-115.2639,-255.0719,-85.4267,-160.3952,52.4676,-260.4578,44.4511,-217.7540,-195.6971,-95.4161,-25.9277,-166.1389,78.5288,-399.3917,-40.1953,-215.0624
-428.8503,-136.9395,-289.2068,-64.5287,-201.3399,-67.6836,-138.8427,88.2641,-278.1255,29.9613,-195.1905,-161.9557,-119.1428,0.8832,-139.4510,89.5017,-394.9435,-19.9803,-189.8226
-239.4358,-106.4516,-261.7085,-39.4304,-204.7486,-40.4515,-152.1574,106.9254,-292.9960,81.5207,-183.0270,-158.9395,-201.1924,-19.2180,-132.9171,88.4367,-371.8382,-26.2227,-180.3020
-153.9230,-121.9669,-264.5688,-88.6272,-220.8253,-62.6578,-185.4933,119.2533,-237.7547,154.5335,-160.5513,-178.1663,-226.2569,-40.7822,-150.2773,94.3193,-368.9372,-54.9299,-161.4040
-194.5827,-166.6915,-250.3599,-133.2013,-220.6289,-99.2122,-194.1232,92.3870,-150.2316,97.4953,-138.3256,-170.1145,-194.7606,-38.1758,-160.9539,87.8160,-372.2580,-55.4032,-144.0199
-233.5684,-152.9909,-207.3125,-121.1936,-225.4234,-89.6683,-149.4883,57.2643,-78.8504,26.1678,-137.2903,-108.7687,-166.8411,-20.5868,-153.6044,74.6682,-341.6638,-50.3975,-118.7234
-243.8131,-92.6438,-193.9952,-91.9987,-208.1387,-68.2704,-79.2579,73.8653,3.6412,109.9050,-140.2429,-27.4846,-136.7761,19.2255,-130.4888,81.8071,-304.1997,-81.4036,-74.7836
-225.0863,-75.1957,-206.1466,-80.9910,-146.8447,-78.5282,-25.6405,126.8293,81.7994,225.5260,-141.0437,12.0070,-97.0580,56.7215,-86.4412,100.8835,-299.2459,-104.5082,-31.3249
-162.7012,-98.6967,-185.2568,-91.4072,-106.6146,-95.0736,7.1609,175.6366,87.6481,240.9323,-149.7353,1.4298,-81.2592,55.2555,-20.6838,123.3927,-303.7597,-82.3138,12.5421
-130.7959,-106.4185,-154.7438,-118.3410,-117.1339,-97.6515,34.7894,214.8361,51.7930,250.8503,-137.5468,-10.7874,-81.2458,46.8659,65.4101,160.3548,-295.8542,-63.0706,67.2290
-180.8743,-114.2546,-162.6876,-141.5742,-123.3446,-102.8932,61.0081,235.7878,64.5607,293.2661,-90.9665,-10.0611,-53.9303,55.6683,154.4432,190.5472,-288.4354,-77.5281,105.5403
-231.2438,-142.8565,-178.5139,-147.7106,-120.8334,-118.0253,85.9005,225.5195,123.9540,277.5139,-58.4668,-21.2492,-7.7108,45.5438,209.1237,188.3894,-266.0266,-92.3952,116.5039
-218.3040,-147.1172,-178.2932,-149.4774,-136.3727,-133.6249,112.0282,193.4232,169.9335,234.9920,-53.2241,-28.7990,15.0978,29.3449,239.2157,175.7005,-201.4208,-89.0373,125.5942
-167.1783,-108.6608,-182.7060,-141.9539,-115.0531,-129.3305,135.4775,148.8291,175.1308,246.2533,-25.6488,4.7088,11.9870,53.3609,284.9803,157.8623,-116.8461,-66.0244,129.5938
-96.7793,-60.5661,-166.4034,-95.3625,-21.4615,-82.3115,148.9963,96.7266,139.4438,234.9145,26.5505,61.4537,16.0074,84.6929,305.3418,95.0849,-42.8880,-10.1771,120.0344
-26.7056,-12.8156,-96.4418,-19.0088,69.0430,-11.3430,147.0213,51.1594,100.3735,124.6237,51.7092,95.1626,40.3047,81.0381,252.7462,-3.1099,22.0488,53.6079,124.5457
15.9450,33.0848,-20.0540,36.8756,109.7786,35.7722,135.8018,12.1727,114.1667,15.3239,42.6335,96.4686,68.5066,65.5257,211.9413,-66.2468,75.1130,82.0802,141.8919
60.8796,64.5134,24.5447,61.9199,147.6476,60.8438,142.9174,-32.9889,153.4007,9.8087,38.9096,81.7073,98.2128,47.1676,247.9553,-74.7063,115.7817,98.2549,137.8754
127.8525,102.3961,75.6312,99.2857,202.3416,105.0676,182.4626,-77.6884,147.4238,33.3146,60.4308,63.9456,147.5862,21.3049,270.2382,-76.0808,173.8444,132.7811,125.0739
162.1363,152.8776,142.4714,152.9473,235.5008,158.5852,230.7138,-106.2860,134.7518,-28.9439,90.9363,50.1076,205.0609,20.3625,241.7603,-84.0951,248.5764,139.0972,133.2863
146.8564,157.1859,179.4701,158.8832,227.5531,163.1626,278.5935,-113.5036,189.5281,-123.6349,107.5590,37.6073,232.9395,36.6527,257.3203,-63.7147,288.2288,88.8223,155.2490
141.1491,109.7296,192.0733,102.0836,202.1393,109.9186,347.1958,-94.7137,257.1265,-112.0065,116.8478,30.1697,232.6621,21.3959,303.5951,-21.4067,291.1686,41.7229,194.3112
171.4415,97.2265,227.4430,67.2209,206.4063,63.9215,417.2053,-55.6841,259.8913,-6.3369,135.5383,49.4074,235.0173,0.9411,269.5148,-7.2287,314.8902,33.2474,256.4115
217.7513,135.8842,276.9188,96.2972,259.5818,68.2831,444.2011,-24.2195,247.4486,56.9624,138.7082,94.0903,240.1112,23.6308,187.3540,-18.4665,364.1635,28.7922,297.6114
266.4885,151.5106,300.9678,117.9999,312.3572,82.4619,448.7967,-20.7268,278.1180,39.4155,111.8616,124.1746,240.7642,47.3188,159.2133,-13.2673,398.9959,22.5827,289.5582
301.6022,134.3977,313.6766,90.7932,320.9595,59.6019,463.4929,-38.4231,304.2100,6.4237,117.0299,113.0141,259.0400,25.1056,172.6067,-14.6716,421.9988,38.8969,261.1649
318.2404,120.8073,349.0711,61.2362,314.0210,23.1669,445.0970,-64.0574,289.4886,-18.2762,189.0738,67.7413,302.6930,-13.7110,198.6240,-66.2051,446.0381,54.9408,227.7741
337.0291,90.1439,387.8649,42.0386,316.5526,9.4765,376.7556,-94.5831,282.7033,-41.6267,259.5128,9.8421,345.4180,-37.7482,261.0172,-120.1499,450.5415,48.7061,194.4878
358.4658,45.1565,402.5157,13.5978,316.1388,10.6378,334.6630,-121.3377,310.5419,-41.2156,285.5147,-20.5445,370.9082,-44.7167,319.1954,-117.4199,443.3990,61.5500,197.1066
380.0282,53.6399,425.0675,23.5051,341.0849,23.2827,342.2811,-108.8244,332.1128,-6.8793,309.9294,-3.0823,383.4309,-31.3812,305.9417,-95.8369,463.1750,117.3214,238.9915
428.5209,104.2189,486.6664,91.5847,423.8577,58.2812,329.4954,-28.5145,319.6862,39.5473,345.4957,9.1187,388.5758,-12.9224,259.9313,-89.3641,495.8517,161.8033,278.0910
486.9903,107.5995,538.8282,113.3413,500.1486,84.3806,290.9388,78.0418,293.3990,67.8742,358.4444,-20.3871,394.2000,-8.5781,257.3248,-55.1179,498.6760,145.9088,310.5125
491.9476,70.9208,518.7247,38.8829,489.4355,65.8890,292.5872,138.1848,280.5723,62.0477,345.7901,-25.2695,400.1801,-0.8764,298.7120,10.4957,475.7791,93.6311,351.8179
433.6129,65.1076,445.6809,-18.4224,419.6232,33.0392,331.6171,152.1723,287.4670,63.2550,316.2986,28.9250,390.4346,18.8455,338.9841,44.9666,440.6496,56.1339,386.7987
338.3719,66.1321,375.6834,5.3775,365.6697,26.0170,363.7738,168.6708,304.4554,114.4760,273.4382,60.2228,364.0269,22.9368,346.3500,38.7595,378.1151,51.1235,423.0946
223.8078,27.0027,316.5367,22.7694,336.8614,31.2982,392.4246,186.5013,324.0073,146.4633,242.7301,38.2025,340.0337,12.8629,327.6540,34.4920,298.2309,55.0004,472.1293
153.6272,2.9791,255.6977,-2.0765,295.1799,32.7885,410.7247,177.8399,349.9366,97.5736,231.7173,38.0172,320.8468,24.0906,314.3976,42.4401,242.3611,35.6044,473.2329
172.5789,42.2315,213.1318,8.2924,239.1837,42.9877,384.4707,150.8934,378.1484,67.8518,222.0557,70.3480,298.4797,54.9420,302.3284,57.9608,219.1398,-2.3978,390.8892
194.1087,90.7261,208.1394,62.8082,212.1177,59.5144,335.2097,118.4343,375.5245,111.4969,224.4241,89.9895,280.2584,71.7721,267.1576,78.9245,207.9584,-23.1691,305.6162
155.2759,109.6131,217.4163,88.4449,224.6349,67.1284,300.3586,74.6708,308.7388,86.4944,238.1862,130.2107,267.5819,67.9937,234.9115,68.7172,206.5480,-17.4212,274.7682
144.7037,128.7714,216.4191,81.7883,227.8354,68.7415,249.7580,26.0769,199.1740,-45.3557,225.3253,196.0636,242.6528,58.4903,219.5509,8.4748,212.8450,-8.8485,237.6636
202.2895,143.3028,220.7144,86.5731,192.1905,65.0354,157.4475,-13.5638,121.4178,-97.4856,201.8747,175.2983,192.0929,40.5484,161.9594,-38.0036,201.8542,-6.0609,142.8613
239.9414,113.3421,233.9762,87.2704,138.9197,47.0816,56.6280,-41.6519,126.3817,-17.6003,206.5279,47.2628,113.6858,1.4618,52.1832,-18.0886,165.6574,-3.6828,29.1291
234.8398,58.1045,218.8771,57.3016,77.5128,26.0737,-41.1739,-57.4669,178.9873,25.7016,192.5472,-42.8329,20.0195,-48.8742,-30.1861,13.8267,126.6883,-11.3257,-49.7001
216.7641,30.5033,176.2635,23.0556,14.2938,18.1926,-144.5614,-64.4051,205.0765,-8.0451,131.1346,-24.2051,-48.8227,-80.5199,-65.4653,-11.8210,90.9269,-30.9623,-78.5862
137.6977,38.9584,159.7432,10.5735,-3.3837,14.5950,-200.5295,-69.5751,183.9961,3.2744,91.6446,27.9710,-67.3608,-76.8923,-102.0796,-64.7008,42.5337,-40.2517,-77.0397
10.3765,55.9041,165.0944,13.3335,34.0260,10.4838,-169.2937,-72.0591,140.8595,48.4882,84.4240,61.3089,-68.9017,-48.9269,-135.0967,-70.7234,-8.2406,-31.2323,-82.4334
-29.4773,53.5607,131.0955,21.7898,50.7009,19.1164,-124.6779,-73.7647,74.8667,12.7750,42.0824,71.8210,-86.2893,-22.3681,-143.6765,-23.7068,-34.4114,-23.1228,-108.3337
23.7693,27.3983,66.4637,24.3243,7.1237,27.9256,-137.9263,-73.8037,-26.1402,-72.8604,-18.2712,44.9395,-101.2867,-16.1209,-152.7792,19.5959,-49.2437,-23.9644,-135.6468
18.1932,12.1262,27.0394,10.5946,-37.1616,9.7919,-157.6389,-58.6603,-126.6455,-94.2560,-44.2133,9.8990,-106.2202,-14.5379,-162.7460,17.6909,-83.7253,-15.9943,-157.2062
-59.6308,29.1860,4.9480,-4.4916,-33.0534,-12.5546,-128.1822,-51.6888,-183.4759,-66.6490,-61.4594,22.8286,-125.6556,13.4740,-158.3722,-17.7289,-125.5257,16.3832,-187.6352
-73.8869,34.3932,-24.1221,-5.0166,-20.5449,1.6517,-111.4321,-100.8767,-208.9533,-85.5154,-84.6667,58.8255,-150.7021,44.4377,-176.9963,-41.2767,-150.5445,55.5976,-232.2485
-14.2359,-5.9567,-48.6310,-3.7496,-70.6441,28.4431,-166.8435,-168.0793,-219.6031,-156.4700,-94.1910,59.8879,-157.2464,25.9513,-221.3017,-26.1914,-171.2024,58.4148,-275.9686
-12.1325,-43.4880,-87.6672,-12.9140,-180.5437,17.9755,-221.7646,-168.9404,-194.5292,-200.3425,-126.7578,41.7367,-168.1182,-16.5642,-213.8527,-1.6516,-194.7454,14.2411,-295.7742
-119.7515,-29.5149,-159.8894,-25.8398,-253.9153,-19.6085,-192.9803,-125.0663,-151.2078,-167.5159,-202.5277,38.7528,-197.6137,-21.8004,-145.6781,-3.7784,-197.8182,-29.7869,-285.1947
-252.2706,2.6649,-209.1921,-41.8309,-233.7815,-49.9725,-137.8903,-101.0884,-154.5426,-81.5451,-261.2940,28.3014,-210.4250,-13.8543,-102.6601,-3.9919,-185.9364,-40.9199,-268.4108
-320.8450,-9.0879,-208.5789,-71.3262,-201.8198,-78.6257,-149.2498,-66.8194,-198.9222,4.0253,-285.1001,-14.1474,-206.9944,-35.8675,-110.1301,35.4883,-202.4194,-51.1246,-266.3283
-316.5581,-69.3200,-224.7188,-114.1161,-239.3925,-111.8783,-196.8307,6.5875,-208.9831,61.1603,-311.5517,-52.9794,-228.5771,-45.9992,-125.8393,70.6733,-251.4411,-93.3879,-267.0359
-279.1070,-116.6419,-279.7622,-146.3972,-296.5258,-124.8402,-213.1693,53.3520,-181.2851,85.2596,-327.2145,-32.1192,-259.0417,-13.8774,-145.0085,46.6715,-285.5889,-147.0605,-259.8304
-258.5579,-102.5320,-319.1533,-138.5115,-317.1807,-111.5140,-227.4919,34.3967,-184.5229,60.7405,-313.1057,37.7591,-261.3932,8.8052,-175.6172,-0.9669,-280.6682,-173.5490,-253.9767
-293.1104,-62.2489,-332.1705,-101.6557,-335.9351,-98.3810,-281.2793,-9.1943,-230.7086,-9.0420,-299.3512,73.6840,-267.3108,-2.9564,-203.2467,-18.6229,-268.2468,-155.7325,-253.2854
-350.0863,-48.0227,-335.5840,-80.7698,-369.8354,-94.1822,-341.0286,-55.2111,-283.2792,-70.2589,-295.7027,45.1885,-310.4493,-11.2504,-245.8169,-23.8624,-282.4580,-103.3401,-264.3817
-336.6624,-35.8720,-315.8212,-73.9054,-383.0977,-77.9101,-386.6057,-105.0727,-339.7739,-95.4699,-297.1147,28.0339,-364.8458,0.8377,-325.7167,-45.3212,-305.7391,-43.1365,-299.1407
-258.4781,-4.3948,-291.1377,-41.3324,-373.6487,-34.9543,-434.8778,-130.0790,-395.2146,-117.1609,-321.6203,53.1340,-413.7693,21.4414,-399.0596,-66.7464,-303.2636,10.9775,-335.5884
-243.5836,-2.3524,-296.3684,-1.6069,-369.8579,19.4351,-459.2184,-118.5720,-411.2043,-134.4356,-346.3600,45.5084,-462.5076,40.3899,-420.2639,-74.5104,-287.5942,55.9034,-341.2852
-308.8298,-26.4611,-303.9040,8.5977,-383.3066,53.7906,-444.0769,-110.0818,-391.9139,-127.1545,-329.5910,-4.0518,-488.8615,40.9789,-406.4606,-84.6966,-286.0096,66.6427,-334.3477
-319.9506,-6.8892,-288.9129,24.5729,-410.0668,59.8999,-448.7829,-130.5828,-389.1738,-151.3329,-314.8799,-14.1292,-480.6973,26.4622,-377.3205,-106.3771,-287.3374,36.4299,-346.3798
-260.1779,23.2686,-285.8758,60.3260,-420.1368,57.7140,-474.5016,-148.4212,-404.7469,-231.8243,-358.9037,2.5206,-454.3165,27.1807,-336.2589,-117.9779,-295.5317,17.1557,-358.5330
-261.5856,-23.3015,-305.9801,44.8457,-384.7220,47.7017,-424.5253,-118.7400,-390.6937,-255.5247,-416.0457,-27.7097,-400.9019,37.9482,-313.5810,-93.0552,-346.9634,27.9081,-339.3666
-350.3321,-91.0325,-325.2377,-23.2836,-338.9497,14.7445,-301.9217,-51.2975,-341.8379,-157.2085,-424.4051,-57.0059,-321.7448,28.0226,-323.7001,-46.1200,-409.6236,10.4229,-294.7338
-424.7563,-81.8860,-351.7349,-44.2249,-323.1922,-16.0762,-225.2137,-0.8436,-292.7797,-39.5389,-407.1963,-8.5333,-268.1281,7.2338,-325.5724,-17.9265,-410.3628,-42.3199,-243.5840
-442.5400,-45.9605,-391.3187,-14.0518,-308.4002,-16.3534,-202.0406,17.6953,-243.7875,10.3067,-410.7841,54.4933,-249.4067,-5.0555,-294.1949,-8.8165,-385.2410,-57.1535,-191.3149
-440.8108,-58.4267,-413.1299,-26.0277,-272.6452,-19.5332,-136.5567,38.2276,-171.3443,20.4287,-424.4405,48.3322,-218.7119,-18.0865,-251.9657,1.7571,-407.9555,-26.6144,-134.2384
-441.7763,-72.5996,-401.3557,-67.8208,-239.6802,-47.6408,-45.1769,60.6487,-97.3923,35.3455,-407.5647,9.7317,-187.3931,-27.0740,-213.8599,-6.9960,-419.7049,-11.6832,-79.2191
-418.2473,-40.3361,-362.7119,-50.6397,-209.5412,-47.2542,-28.3792,57.8819,-75.5649,69.7383,-364.4066,-0.3203,-198.9124,-19.5617,-187.2280,-38.3539,-343.1745,-9.9744,-58.6171
-328.8345,-4.7884,-312.3325,5.8113,-184.4989,6.2237,-80.7863,46.0502,-107.0428,95.7207,-335.3763,16.5635,-225.1945,-14.7618,-188.0667,-35.9973,-240.9694,12.5468,-84.2533
-222.6467,-2.7549,-284.6526,19.5013,-206.4004,49.4147,-119.8136,46.1280,-144.2255,62.1880,-309.9982,43.1390,-231.8109,-20.3745,-200.5365,2.3321,-179.8658,25.1099,-107.6356
-210.4527,-1.4012,-278.4628,6.3076,-261.9095,45.7107,-136.1079,35.2665,-175.1166,12.0437,-248.1470,69.2615,-247.3718,-10.3674,-192.9043,6.4886,-113.6695,2.2247,-100.0210
-234.1194,41.4479,-236.3283,37.6042,-272.5849,39.5601,-173.0843,2.1316,-209.2306,29.2897,-182.9680,81.5655,-276.5550,17.1248,-172.6959,-22.4440,-22.0852,-7.6474,-105.3067
-130.0701,100.5117,-155.2385,97.0649,-220.1144,59.3601,-210.6713,-32.8597,-202.5810,52.4742,-163.0639,77.5001,-269.9610,36.5569,-146.2962,-23.9247,25.5672,23.9522,-134.6519
13.4624,98.6875,-107.5551,100.2899,-150.9267,69.1873,-174.4072,-57.7269,-111.3713,6.4336,-152.0051,64.0288,-210.2364,37.9989,-87.1340,-5.9404,4.1728,42.6925,-131.5024
-22.4272,27.8303,-117.2505,31.3609,-99.0599,31.3205,-53.2915,-61.6684,21.2186,-9.5737,-120.4772,52.7437,-132.8926,17.0480,-5.5661,4.6953,-33.1591,-0.2521,-100.6907
-152.7950,-26.2886,-144.2590,-42.4424,-91.7578,-41.9215,60.2177,-42.6822,131.6088,58.2034,-100.9950,55.7913,-78.7238,-27.9633,51.7786,39.2403,-53.7624,-74.2011,-103.7474
-152.1978,-39.2325,-162.9230,-88.5119,-132.7197,-102.9167,83.6071,-37.9043,214.5185,95.7655,-81.8476,50.7757,-57.1860,-70.8200,87.7751,96.9765,-64.2159,-120.3341,-116.7418
-66.8961,-73.5433,-155.8129,-127.7591,-164.4472,-122.9640,44.9714,-61.3496,270.3631,85.5183,-33.6943,5.0335,-37.8509,-85.4234,126.0869,113.9442,-58.8609,-128.4118,-77.1078
-35.4555,-109.7698,-110.4052,-141.0403,-138.3536,-118.1253,22.3247,-63.3010,277.4537,122.6322,0.9827,-42.2373,-6.8382,-79.7569,138.4102,74.3091,-16.7093,-125.7635,-12.6037
-13.2797,-72.2035,-57.0571,-100.0353,-71.6729,-108.5009,45.0864,-26.4310,242.3050,180.8475,4.1649,-33.4180,-1.9562,-73.8869,103.8717,37.1098,57.0492,-122.0096,34.1064
36.4814,-9.3375,-26.0705,-61.1066,-5.2887,-93.6801,99.0997,0.1434,197.2762,185.5626,15.9219,-6.3418,-27.9334,-81.4494,69.1495,47.8047,120.1347,-114.7624,87.9154
56.5929,-14.8859,-4.2881,-75.2063,21.9021,-85.1878,157.7960,-5.1558,173.5977,149.9875,20.4307,-20.6162,-36.8296,-103.1515,84.4772,79.7259,147.2247,-119.3198,144.0632
92.8430,-51.7881,25.4053,-88.0256,2.1248,-95.0373,179.9520,-20.5694,196.1924,89.3337,-1.0411,-49.6931,-43.2622,-113.5002,143.3307,66.6427,165.2335,-133.6386,147.2079
218.8307,-45.3466,71.6893,-58.9460,2.9307,-91.4540,144.5821,-36.2197,244.3365,26.5700,7.7852,-59.4838,-93.3999,-92.1879,199.8500,8.1662,197.0539,-116.5800,113.1246
336.5052,-19.2206,143.0419,-36.9778,83.5332,-47.2056,91.6010,-43.1193,257.1086,13.9160,48.8690,-73.1264,-123.1421,-62.8933,212.9803,-10.8892,219.8679,-57.9431,110.8685
324.5582,-22.8833,217.3874,-42.2862,194.5875,-4.3826,73.2081,-24.4170,225.1929,15.3957,63.7567,-96.6008,-43.0154,-53.8499,190.6892,30.2477,217.0042,-11.7415,143.9881
239.3018,-51.2489,259.3528,-41.1624,266.1922,-10.1626,94.5758,12.7506,196.9294,-1.0071,83.3523,-105.3664,101.0879,-55.2531,184.5788,49.5066,200.2831,-11.6088,183.7487
195.5221,-72.6900,265.0771,-37.6587,297.3549,-38.5768,142.0103,48.5938,197.4353,55.5172,146.8659,-102.3132,211.2009,-51.7553,225.2252,31.6605,166.9232,-19.6267,239.9919
184.4237,-64.5675,238.3647,-40.9387,298.4582,-43.6754,216.7539,71.5772,227.6154,164.5424,194.5865,-98.8446,270.6457,-49.6306,299.4748,40.8402,118.6224,2.5503,305.3418
132.5618,-39.6569,190.4746,-25.4051,280.2268,-33.6154,305.0638,70.3079,276.0636,177.2907,210.5536,-90.8196,310.3426,-56.8143,374.9135,61.1511,95.3388,36.5077,335.6524
73.5054,-33.7903,173.7766,-11.4824,283.9616,-39.4005,361.7979,52.1717,291.6171,152.0557,249.8566,-85.2820,351.4152,-69.7460,402.3900,43.1306,114.1767,50.7318,331.3315
111.2194,-43.1350,209.1109,-41.7796,308.5890,-53.0058,362.4919,46.0764,256.3422,209.4168,300.1305,-85.7002,392.7017,-74.9022,356.9627,29.3512,141.4189,46.5003,333.3576
196.5695,-40.4646,238.3736,-71.4443,294.1587,-40.3654,338.5792,49.7942,235.7908,197.8510,333.5575,-72.3699,404.0213,-57.4368,293.7953,48.4830,167.2418,36.5657,337.6519
180.3288,-34.5975,238.0813,-41.8738,238.0318,1.3962,319.4744,33.3227,246.5312,24.0120,369.8716,-36.1682,371.1877,-18.6968,266.5658,36.5128,219.2439,26.2916,312.6833
131.0625,-24.9320,253.9253,7.9607,213.0340,39.0401,280.9280,4.3531,218.7119,-82.1610,379.5919,7.8018,321.7215,27.9645,235.8893,-21.2770,287.9393,31.2309,275.1000
232.1457,19.0750,290.4055,31.2071,260.5019,57.6630,208.7605,-0.2060,150.1436,-21.4604,335.7101,32.0060,271.4841,72.9341,171.3179,-55.1689,325.5171,64.2892,261.5591
380.0455,71.3767,313.5924,52.1918,352.5477,76.8557,158.2870,23.2562,105.5303,-2.7933,308.1148,9.8681,238.6731,103.0216,131.7026,-52.6002,319.7795,107.5177,265.6877
349.8066,69.7123,333.3881,82.9448,436.6237,99.9185,168.7998,47.1169,83.7778,-96.3252,317.5754,-37.8645,278.9561,103.4682,137.7288,-61.0448,300.4002,142.1096,263.7838
225.6171,23.8067,362.9540,87.7470,481.4485,97.9549,190.5193,62.0095,59.5913,-138.9341,295.3070,-53.3223,381.4049,77.9812,119.9831,-74.5489,278.0796,169.4258,258.7493
201.7652,-17.6886,368.6959,50.5045,494.6596,60.6010,188.6951,85.5400,57.5801,-67.8364,259.9677,-41.4730,443.0854,39.0382,70.9045,-55.2892,234.8316,172.0442,259.4491
222.6514,-44.0491,329.2329,-7.6330,481.1321,14.2703,212.3139,116.1998,83.0336,21.2939,263.6690,-58.7847,435.9301,-6.6947,73.5834,-22.1789,179.1690,134.2364,261.5599
189.9955,-54.4747,268.0712,-53.2161,423.2606,-14.4481,266.5909,114.0995,109.5425,43.7592,243.6534,-96.9885,420.2838,-41.7521,135.1603,-15.7718,157.3055,102.5033,270.5035
166.4800,-46.7719,219.9026,-56.0091,350.9218,-16.5331,264.6780,65.6774,130.5489,1.7140,167.1796,-102.9268,392.9832,-41.6172,162.0468,-19.4301,179.4643,117.5472,289.0677
170.8688,-32.6238,208.6716,-20.4273,330.5908,3.5521,189.4505,19.7644,126.6257,-31.3313,125.6936,-64.7974,324.4902,-3.7090,127.0592,-2.3540,198.8650,129.9044,284.2213
147.7389,-2.4624,223.1190,15.9950,337.3879,24.4364,135.5642,3.8434,82.7625,-12.7902,156.3500,5.1517,254.7533,51.2165,110.5227,9.4504,208.5142,88.9643,232.8790
149.0127,51.7452,218.7547,33.6139,275.1555,25.5154,129.7541,-21.0299,47.9308,4.9003,197.4266,81.3618,196.3315,93.5176,145.9894,-2.7278,263.7593,23.1233,168.4134
234.1372,89.9067,183.3391,38.2886,149.2511,16.3573,88.7645,-73.5088,44.8885,-27.8273,221.9018,126.2570,109.6706,107.6423,160.0022,2.5750,356.8100,-34.1059,116.8374
323.6352,95.9926,154.0688,34.5439,74.5431,15.2402,-6.2953,-117.6153,21.7204,-99.5853,238.3671,160.2498,32.0398,115.0700,113.1397,24.1735,390.4442,-76.0935,53.6827
336.5056,103.8658,147.3252,30.1413,94.4140,10.7801,-71.1290,-133.5373,-11.9971,-174.5691,235.7596,214.0647,29.3105,128.1568,70.5106,3.0018,334.3050,-82.2898,-23.0370
293.2206,101.9645,131.8775,31.0463,118.6220,-9.5988,-68.9019,-128.9391,8.7622,-185.3911,210.9684,211.5071,66.6183,101.1101,70.9422,-32.8165,274.4799,-57.6638,-71.8288
230.4280,63.5143,89.0337,24.2162,72.8159,-23.1938,-51.7132,-105.1445,41.6058,-105.2752,175.7415,103.2484,94.6180,16.5236,61.5888,-10.0316,252.4557,-48.9969,-86.4960
161.2338,34.5896,46.3851,6.4949,6.5934,-15.1099,-61.4611,-76.6796,-1.0336,-42.6797,143.5725,12.4753,130.6742,-44.3658,17.4215,23.2634,203.9417,-60.5777,-93.3808
96.8087,45.8491,24.9354,2.6476,-11.1727,-9.4725,-94.7711,-67.6412,-86.4266,-86.1502,129.8480,33.1985,160.1510,-25.1060,-17.0851,0.9397,109.0027,-50.7657,-97.4393
48.8883,58.6966,-0.8045,22.0113,-10.1143,-12.4571,-138.8668,-70.2499,-136.6686,-168.0089,118.1569,80.3494,130.0620,16.2535,-33.2153,-19.1701,38.0789,-8.2804,-112.6134
37.5938,65.2381,-45.0011,38.2260,-33.9980,3.1246,-171.9472,-64.0931,-150.1192,-209.2324,71.7174,74.6427,60.1240,19.8927,-63.9918,-1.7881,0.8954,48.7938,-154.1201
48.4616,70.2807,-70.2108,25.4901,-54.3689,27.1505,-163.2686,-47.5148,-151.0869,-193.7344,-2.0423,37.4072,6.3106,-3.2749,-98.1252,-4.2867,-75.5627,95.8349,-174.5370
10.3728,31.7369,-69.5919,-6.5899,-73.0034,25.2684,-119.7821,-20.4537,-143.7471,-119.7003,-70.9195,-5.6982,-42.0098,-30.6430,-105.0384,-25.2466,-179.8535,105.8489,-139.3731
-77.3259,-30.3588,-96.7062,-15.8666,-148.9860,21.6969,-99.5870,8.5215,-136.8921,-61.8098,-120.4847,-24.4485,-118.0781,-37.8515,-94.8179,-23.5299,-216.9373,95.4485,-114.8266
-122.1216,-36.7721,-146.1893,13.0135,-245.9651,50.1483,-144.4561,13.4327,-142.2962,-84.6636,-134.2648,0.2432,-196.4137,-2.6052,-91.0199,-21.1460,-192.6979,107.3836,-148.3029
-127.0613,-14.0603,-146.5144,30.1065,-246.2986,67.5611,-220.5312,2.9049,-169.4182,-66.5083,-115.7800,0.3745,-220.1145,29.3440,-117.3677,-16.3128,-195.7797,126.6169,-184.1426
-178.4287,-29.9118,-103.1559,9.8839,-147.2127,40.0111,-262.2043,21.3818,-219.7413,66.0171,-112.9722,-67.4633,-180.7321,-1.0585,-198.1202,19.7628,-220.5804,125.0739,-186.6897
-236.0001,-44.0940,-82.3351,12.4396,-65.1586,23.1930,-259.8488,64.7606,-265.6251,126.2585,-147.5470,-123.7149,-146.2592,-42.6980,-288.5319,29.8835,-203.0218,127.6697,-183.0058
-205.7440,-22.4280,-91.2112,55.6786,-68.7382,49.6100,-246.5877,77.5909,-285.0736,30.7504,-187.8400,-118.6850,-176.9051,-20.3229,-286.1483,-20.1127,-162.7319,123.1536,-176.8961
-146.7023,-11.4823,-113.3430,60.2561,-129.5173,60.2607,-224.4625,44.9733,-296.7183,-21.3537,-204.5172,-92.7794,-225.5508,18.4334,-190.0502,-47.7037,-151.5763,56.6213,-172.2892
-163.0731,-9.6899,-153.8187,16.8569,-182.2705,26.1784,-190.6436,8.2809,-299.4225,38.7889,-181.3200,-58.7413,-209.0542,0.1990,-125.9873,-31.0449,-159.1002,-30.1223,-194.3087
-227.1411,11.1728,-179.7473,13.8766,-183.8861,3.1730,-188.4051,-8.8734,-262.3773,41.7037,-133.5673,-27.0830,-149.6363,-34.2737,-157.1840,-44.2008,-163.9747,-44.7121,-214.7221
-256.6866,12.3909,-159.0872,51.0206,-156.3218,23.0080,-234.2828,-27.5193,-214.5944,-57.9426,-126.2125,-37.2283,-127.2241,-17.8769,-211.9768,-83.8792,-168.3235,-12.7602,-203.6294
-219.5813,-10.8711,-135.8956,50.9144,-151.3060,46.3131,-268.4881,-56.8430,-213.4744,-136.7263,-163.9347,-49.3781,-146.1824,28.3080,-224.3923,-96.1713,-160.4715,-17.9189,-204.4645
-148.2290,-8.3224,-140.5476,28.7488,-171.8781,40.4501,-255.9322,-59.8522,-234.5385,-135.8402,-157.9759,-8.7740,-162.6486,54.1492,-207.2994,-78.6094,-140.2740,-53.8303,-218.2810
-133.9462,3.9685,-132.6591,41.9640,-182.1617,28.4033,-231.0440,-17.1402,-229.3760,-92.1473,-99.0521,24.7263,-166.8956,59.0784,-186.3196,-37.5869,-131.2461,-59.4896,-183.3534
-194.3894,8.7161,-100.1840,71.1129,-160.4242,48.5662,-209.1274,17.7406,-224.1563,-71.6874,-80.3178,15.3371,-165.8078,64.4012,-174.1811,-5.3769,-121.3583,-16.3482,-134.6049
-196.5706,54.4819,-80.5293,90.4356,-118.0918,92.6711,-180.2258,-1.0961,-238.2569,-112.5965,-119.1609,28.5774,-167.7702,71.3796,-183.8159,-39.0828,-90.3374,29.1369,-141.8804
-98.9052,105.8742,-96.6273,108.5733,-101.9615,107.2794,-164.8314,-28.0359,-214.0939,-155.0788,-154.1066,59.3686,-192.0343,71.4788,-192.8143,-78.6145,-77.4590,7.9371,-147.3088
-65.9148,67.6437,-151.7793,95.2975,-137.6078,65.3179,-167.8116,-10.2848,-135.5912,-130.9350,-159.7921,46.7479,-223.2851,62.6148,-160.6625,-21.2590,-110.8258,-76.3223,-103.1658
-151.5043,-9.7184,-213.8031,29.0555,-171.4209,0.5847,-161.2454,17.3098,-89.0235,-81.9566,-132.7171,29.0718,-212.8894,46.2401,-115.6880,62.3682,-138.4960,-140.7115,-84.2400
-196.6404,-18.0100,-221.8907,-23.7284,-157.0912,-40.1073,-156.8807,6.4630,-109.8297,-57.8928,-84.7512,51.4286,-163.6059,32.6837,-114.3597,60.1222,-124.4291,-151.4365,-106.9539
-162.0109,17.5337,-184.4055,-10.4983,-134.7538,-38.8231,-170.9766,-22.8932,-109.7133,-45.1106,-71.6614,72.0142,-122.9852,41.2284,-121.3501,19.4043,-111.6552,-146.1650,-99.9089
-165.2988,34.3386,-168.6514,19.3474,-136.2137,-12.6537,-151.2380,-37.8683,-43.1191,-42.6477,-104.3442,76.4492,-100.5029,59.8444,-76.3402,11.4457,-125.4028,-134.6462,-72.3042
-193.1825,29.5105,-179.6309,10.3754,-140.6534,-6.5681,-73.4445,-45.4036,12.3828,-32.8300,-116.3940,81.2318,-85.8526,36.1914,-25.7991,23.1648,-128.8060,-112.1336,-65.7667
-163.6696,-0.4857,-185.5423,-16.8643,-155.6791,-39.0399,-16.6728,-56.8798,17.3092,21.0642,-81.2155,54.8538,-93.4192,-33.7674,-26.1510,33.1435,-110.8921,-100.6068,-55.9191
-134.7736,-30.4716,-189.7370,-21.9818,-188.5777,-65.4746,-35.7018,-64.7265,26.2246,41.7227,-31.7822,-1.0598,-114.6828,-71.9184,-23.5629,10.5039,-112.2107,-90.7047,-51.8707
-150.8494,-7.3984,-178.6053,-11.4811,-198.8141,-56.0275,-82.2984,-65.6028,33.6273,-64.0521,6.4388,-26.3414,-113.2828,-42.5063,13.1430,-47.7612,-142.5924,-62.9582,-97.6297
-112.0442,26.0855,-139.9122,-15.0076,-185.5327,-41.9807,-103.3782,-70.2902,-23.3376,-196.8289,12.8059,-14.2679,-89.7608,-6.4539,0.3688,-59.1676,-157.1725,-49.8794,-153.0831
20.8339,4.0059,-117.7943,-21.3404,-172.5007,-30.6164,-97.7591,-84.9350,-110.6139,-223.3518,-5.3537,0.4525,-57.9856,3.3733,-88.6984,-26.3204,-136.9651,-52.7123,-157.5428
129.2813,-14.1424,-103.1933,3.6814,-106.6584,5.5138,-70.9023,-92.2773,-151.1491,-185.0184,4.6629,11.6029,-0.4376,19.1182,-150.8588,-61.6472,-122.3837,-19.0685,-116.2643
119.6302,18.2878,-26.9979,33.1934,34.8189,35.1688,-14.5247,-67.9388,-152.5398,-148.9125,44.8733,12.8036,73.3620,32.5384,-130.0636,-116.1391,-134.7228,30.7866,-42.2495
36.5353,23.8346,65.6131,13.0981,145.4963,11.6925,63.9609,-24.2977,-130.9264,-100.2545,56.3380,0.1651,113.4073,6.9932,-79.1654,-70.8717,-134.9778,40.8687,31.0923
-7.4639,-21.4789,85.4080,-22.1693,163.2662,-21.4214,117.5042,-1.8895,-63.9934,-53.2588,32.2555,-15.2337,119.2150,-35.6647,-32.4524,-32.4947,-93.6788,48.6060,40.6107
36.8565,-43.9717,89.7335,-5.2365,165.4814,-6.1725,106.8048,-3.1661,11.5721,-26.4666,7.5065,-61.0026,138.2123,-65.2320,12.9895,-92.8448,-30.0574,94.1836,19.1592
91.0349,-38.3694,148.8963,30.6384,206.2847,27.4993,78.5818,6.2820,35.9913,14.7790,0.3061,-150.3508,178.0199,-96.1718,26.9657,-104.5795,38.9182,126.8059,51.0902
82.9673,-38.5297,199.6779,22.8132,246.0529,33.8236,108.3528,20.9739,33.4135,46.2295,39.4701,-197.7527,210.7603,-122.7588,-2.6365,-35.1665,113.6753,118.3101,101.0775
85.0343,-11.7825,202.5115,-1.1761,246.6562,22.0230,175.9712,1.2032,45.6980,12.5782,109.1916,-144.6778,217.6891,-117.9319,-10.6378,-44.2096,173.6990,98.8524,118.1147
165.4580,39.9046,195.8097,-1.1914,211.8966,8.5595,226.0391,-37.1309,73.1182,-23.1801,117.5516,-65.8404,187.2695,-97.7533,51.3747,-98.6458,196.9495,63.3978,165.3567
237.5904,39.5456,167.0329,-4.7837,171.4663,-9.7355,278.4811,-34.5275,127.9491,1.9911,70.9169,-40.6006,139.5092,-84.2082,134.5467,-58.6102,196.9902,0.7036,243.7451
217.2660,-13.3436,111.1704,-32.2103,151.0013,-33.5350,336.9942,2.9534,197.6702,9.8460,92.8271,-59.4971,128.4924,-66.4131,180.2797,3.6296,192.5967,-55.2197,241.9178
153.6139,-34.2715,101.3342,-51.9296,139.5018,-57.9960,337.5598,11.4529,215.4761,-33.6429,185.9507,-79.3599,158.0912,-49.3709,204.8814,0.4693,189.4366,-90.2808,167.4500
113.2610,-9.9870,149.7090,-37.9802,132.5253,-68.9640,290.0772,-13.8436,177.5861,-30.9083,238.4640,-63.1989,174.1396,-43.9994,223.6437,4.4308,202.8529,-114.2990,134.1530
111.2951,-1.7128,187.1495,-4.1447,153.5190,-50.9776,272.1099,-24.0186,152.0903,8.3900,234.5982,-17.1218,162.4671,-27.2526,193.8320,30.2326,235.3352,-108.6721,148.0683
147.6228,-24.5612,195.6791,10.7803,177.1967,-22.3559,275.7981,-21.4020,157.3005,-47.6474,210.9080,-6.0525,148.3506,-1.1701,127.3594,28.7967,249.6687,-78.2066,158.3082
175.8766,-50.1035,190.8097,-20.2406,161.9436,-19.1115,260.2677,-34.4156,183.2321,-160.1156,148.7699,-54.0573,131.5467,-7.4647,127.8752,44.0422,218.7811,-75.9635,181.2110
132.6216,-76.8379,171.4949,-73.5812,154.5395,-43.1394,258.1409,-29.7838,241.1465,-145.1434,75.0667,-99.1843,118.3006,-36.7175,210.7914,90.4501,165.9769,-110.3294,218.3894
62.8016,-101.2621,169.0590,-102.1405,193.8722,-73.0299,280.4756,21.1322,286.6103,-2.6720,72.0905,-97.8509,135.7597,-44.3468,254.0734,101.4788,125.4138,-130.7883,222.8801
78.2171,-88.4017,199.3922,-96.7478,211.2124,-93.1535,275.7988,59.8742,254.6859,93.0264,135.7645,-66.6190,167.2628,-41.9318,210.5249,91.0077,111.2549,-115.8246,189.3348
185.4466,-50.1761,207.7077,-77.3150,174.5860,-87.4720,244.7947,40.6455,185.4851,89.7030,189.4063,-32.5957,178.4779,-54.4005,168.3776,100.3391,126.4547,-85.3554,146.3651
272.6810,-51.6029,182.1038,-57.5814,145.9974,-59.9614,228.9088,9.7822,149.4497,71.3774,191.4948,-19.8118,178.9731,-57.6168,168.4165,87.7312,153.6081,-59.2507,107.1868
260.1852,-80.4603,172.0679,-49.3313,125.9990,-47.5716,218.5927,2.9010,137.9544,61.8664,152.1048,-27.6266,169.5437,-39.8572,171.4328,52.8777,162.9486,-57.4343,89.3940
190.0908,-62.4289,155.9188,-56.8824,64.3162,-61.8757,197.5837,-8.6647,138.0524,43.6180,119.4881,-27.0049,130.8364,-27.9196,174.7493,54.9620,153.5292,-87.8622,99.9674
136.7193,-19.4738,89.4872,-63.1812,-1.5368,-68.1211,188.6112,-27.5502,161.9872,57.8657,129.4610,-23.1363,100.2101,-23.8213,187.5525,69.7479,142.9195,-114.6111,112.7371
89.9747,-15.6858,21.9974,-48.8369,-9.5404,-46.9514,201.7758,-20.3530,180.5438,111.5153,137.1055,-33.8621,115.8518,-6.6074,187.2717,47.6823,122.4397,-94.2507,117.6617
28.4435,-12.6573,-7.5330,-14.3124,12.2762,-14.8747,218.6262,5.8541,172.8425,125.0717,88.0439,-29.9216,120.3939,16.9405,189.5976,26.0836,72.9580,-47.5022,126.4886
11.9659,14.9803,-46.8695,11.7833,7.9086,6.1198,217.4709,31.4078,178.5279,90.5195,14.9351,-12.0764,65.6014,25.8126,221.6674,46.5605,5.6235,-33.2142,135.8654
43.6478,-9.0348,-105.1191,-6.4373,-21.6594,0.5702,189.0982,78.1015,207.8537,109.3952,-35.1992,-32.5979,7.6478,18.6603,233.9769,90.3739,-51.7712,-44.3691,154.7158
15.2648,-75.6175,-121.3671,-46.2961,-38.3632,-16.1834,153.8067,149.5901,208.1157,189.8322,-69.8544,-74.0282,-10.5293,6.6686,174.3791,118.8038,-83.3127,-11.0168,196.8568
-58.2116,-72.2983,-86.8577,-35.6661,-24.6795,2.6381,128.3476,197.2721,153.5801,200.3277,-93.8441,-82.5351,-20.1663,-5.0630,73.7588,98.9649,-86.6786,75.0721,217.6914
-40.2351,-13.2574,-50.5817,24.6712,-6.8686,54.4749,87.9430,196.9639,77.8626,101.1912,-99.3784,-78.8438,-25.7793,-17.5332,-13.5235,48.4804,-74.5787,142.3061,170.3520
28.0402,3.3766,-27.4519,58.4614,-3.5930,79.0282,31.4748,175.1607,29.7943,19.7528,-102.9456,-65.8581,-7.8888,-16.3938,-56.3264,33.3019,-60.3145,162.4659,98.8927
17.7073,5.6735,0.1297,57.3941,13.3184,74.6671,6.4941,148.2978,29.1448,22.5437,-112.1308,9.6409,-6.0182,22.9959,-55.3196,53.9254,-34.1057,175.8687,58.2521
7.7692,55.9722,32.7545,75.7853,48.2967,97.9767,4.3717,115.0003,40.6082,20.4182,-114.4373,104.7454,-55.0887,79.9946,-65.7145,49.5182,4.4076,198.6364,23.7810
80.6028,103.8483,51.8070,105.0222,60.9932,139.0671,-33.7084,89.7048,25.8968,-29.5564,-112.8719,119.9979,-100.6049,96.8074,-107.3255,28.4894,13.4484,212.8057,-23.4554
89.5095,97.3305,44.6319,103.9350,59.9717,145.2306,-89.6475,80.0089,11.1549,-46.2191,-107.5564,77.9163,-82.0548,74.1282,-91.8933,35.6525,-34.0201,214.1812,-50.0541
-23.3570,65.9655,23.3682,88.2593,81.3807,130.7519,-99.6026,66.5633,21.6145,-13.3471,-87.5353,57.6040,-26.8832,68.5864,3.2729,48.7769,-98.0523,200.8851,-60.9938
-75.9417,46.7093,7.0774,85.9673,94.3555,130.3222,-69.0394,43.7339,15.2330,-18.4060,-74.2331,66.9206,2.3340,87.8442,47.3104,43.7492,-123.7360,169.5612,-88.3230
-28.5466,51.5584,-11.8884,89.5366,65.0124,124.0780,-48.8952,34.4645,-30.2204,-51.3486,-98.3581,93.1502,-12.0041,92.4054,-9.2185,53.9695,-105.8889,133.7631,-96.0276
-58.4324,69.1057,-50.3317,89.3641,23.9768,99.8974,-64.9723,52.1536,-67.5019,4.2638,-138.8921,128.5178,-45.6614,76.9204,-54.3947,92.9270,-84.2204,101.8850,-43.9667
-190.0977,68.0822,-97.2398,83.7012,-11.0198,85.0182,-94.7088,89.2829,-73.8230,141.7190,-154.4968,142.3422,-68.1221,65.2389,-44.3850,127.0897,-109.4726,79.5942,8.9679
-278.4516,54.2699,-134.9266,72.6258,-53.0400,79.5490,-82.7904,130.2268,-76.8186,208.6362,-145.6659,136.5959,-64.6134,70.2958,-37.1503,135.3488,-192.2160,86.7513,-2.5053
-288.1446,56.9238,-170.8089,64.3252,-92.1563,59.4703,-37.5444,148.8047,-78.5342,150.1239,-137.3660,144.7784,-50.2153,88.7887,-29.2231,129.5708,-271.4593,102.5014,-45.9517
-269.7301,52.0651,-208.4818,49.9236,-130.4334,28.8024,-55.0911,129.1475,-64.9817,90.0442,-133.5013,153.5103,-60.5476,93.7419,-5.2042,132.9506,-292.0612,71.1201,-75.8456
-217.4980,16.9272,-226.4686,9.1291,-189.8356,-1.4288,-143.1201,95.6284,-57.1914,118.7339,-119.3970,137.0159,-107.7048,67.9108,-21.5958,147.6014,-285.8819,12.8307,-100.3146
-149.9387,-8.7285,-219.6576,-37.2217,-252.1750,-33.2561,-180.4790,74.6285,-68.9380,155.7077,-95.7133,115.1846,-158.6578,46.5436,-80.3385,141.9324,-298.1817,-9.5129,-119.9411
-147.6990,-7.6383,-217.4147,-50.9363,-299.1845,-52.1233,-146.8847,48.7548,-75.8763,110.6448,-86.3676,110.2791,-184.1233,48.1744,-103.3856,98.0075,-298.5136,-19.4885,-127.3365
-206.6231,-1.7859,-235.9575,-35.7971,-348.3153,-40.0476,-154.8013,3.4018,-75.5589,48.6253,-107.0336,131.6057,-200.1844,32.9695,-84.9611,46.4011,-247.6634,-57.1169,-148.9673
-222.9350,22.7102,-251.5869,-14.5654,-376.9417,-13.1777,-220.6956,-25.0873,-102.3467,72.7033,-147.2599,189.8275,-227.3024,13.7927,-87.5899,27.1763,-180.0011,-79.6350,-188.0119
-169.6119,68.0975,-243.8040,0.6796,-345.8982,1.1317,-256.6626,-0.2794,-151.6800,157.1261,-182.7359,255.6164,-247.1698,60.1179,-125.5374,48.7835,-151.1126,-72.3218,-198.8160
-136.1142,82.0416,-231.1033,0.1289,-294.3640,-0.5300,-241.0862,61.5310,-167.2925,216.8326,-193.0403,269.1868,-236.0422,137.1853,-170.0566,81.8359,-164.6864,-86.5744,-172.1387
-171.4392,47.8896,-237.1428,-8.9637,-275.9310,-7.5781,-209.5604,121.8563,-130.2336,222.8781,-194.0996,219.1550,-207.5661,139.2725,-182.6084,85.0497,-188.9017,-105.2897,-144.2185
-221.7780,0.7815,-254.4339,-14.2789,-279.6621,-15.9714,-179.0758,162.2219,-87.2971,178.8700,-228.9328,152.3349,-196.7330,80.5239,-126.0840,66.3147,-204.7018,-75.6845,-123.4342
-245.0107,-38.7435,-263.3622,-32.2376,-286.4594,-32.5661,-162.1230,182.3148,-78.6700,115.5542,-279.3126,113.8544,-214.4268,50.6950,-44.3297,75.1310,-222.4776,-38.0515,-104.9712
-262.8882,-54.7021,-257.8337,-58.3045,-286.9214,-56.0962,-156.3080,186.4011,-103.6359,101.5740,-276.1270,98.3437,-226.5504,50.2532,-50.3773,110.6280,-254.9397,-34.9583,-103.6173
-278.4159,-41.6375,-242.3596,-44.8129,-258.5135,-57.3186,-143.1113,177.8512,-146.8358,140.6267,-240.2198,64.5747,-197.1885,37.2995,-145.8756,127.8725,-283.2196,-17.7212,-119.1001
-264.1117,-33.6459,-221.7491,3.4428,-218.0056,-18.4189,-139.0307,155.0607,-184.4721,150.9949,-255.5814,19.4224,-154.7702,26.5541,-196.6676,118.7736,-278.9105,32.8210,-145.1466
-240.6354,-32.9521,-196.2875,30.7558,-203.6342,24.6519,-154.9368,113.5151,-192.1658,119.5778,-298.1879,16.3615,-154.7923,33.6389,-153.2370,93.2161,-246.1370,65.6383,-188.2354
-251.5912,1.1891,-164.4527,42.6916,-187.9177,40.8146,-147.8120,59.4137,-172.9701,117.9955,-288.9240,36.9258,-180.8216,35.0545,-125.7275,53.5180,-211.3553,75.7863,-221.9728
-266.1758,47.5799,-134.5161,72.9836,-139.9045,56.1794,-118.2448,16.7960,-138.5538,146.8532,-252.2069,20.2720,-177.4290,25.1313,-184.5578,26.4387,-193.5923,91.5793,-216.8969
-214.2415,58.1941,-121.8752,95.7024,-107.8424,86.0558,-134.6754,-0.7553,-79.0420,134.4473,-237.7900,-6.6096,-153.1507,21.0074,-241.2671,16.2208,-196.4774,94.5732,-214.9746
-119.0149,53.3016,-122.5306,88.9400,-126.7175,98.6701,-195.6259,-17.8352,-0.0823,75.7270,-220.6908,-10.3558,-145.3574,16.0668,-197.0469,-18.4946,-203.7197,77.3497,-244.2757
-80.7143,49.3531,-112.0941,76.8079,-152.8438,89.3172,-218.6358,-48.9372,58.3389,51.1178,-189.9048,-40.1089,-140.2423,-5.6873,-95.2165,-61.9302,-190.5593,78.0933,-227.7031
-107.0223,23.2481,-81.3332,60.7779,-141.1301,87.0041,-168.1030,-46.8297,74.9266,116.0823,-166.8400,-86.1992,-116.3890,-28.2708,-34.6967,-59.6462,-157.1779,95.8263,-110.2043
-107.5719,-3.3511,-47.2428,32.5448,-91.5256,82.4005,-74.9385,22.8420,69.7582,215.7560,-130.2393,-72.1313,-90.7763,-24.6359,-10.9714,-37.8414,-125.1107,86.2996,35.8732
-84.0088,-5.6769,-29.7111,19.8624,-32.1450,53.6921,17.6737,102.2749,75.6943,250.2281,-66.0754,-34.7479,-68.9801,-8.8754,43.9760,-32.1051,-103.3334,48.4281,124.5820
-114.7839,-16.4122,-31.5463,28.3825,0.3455,29.3955,68.1240,125.3979,104.6969,226.8397,-6.2523,-51.2335,-29.4343,-20.0726,118.0811,-11.5587,-86.8385,23.5185,151.2060
-140.4605,-28.8251,-33.8819,31.3804,6.2376,40.0946,70.5436,109.2393,119.2968,220.9026,44.3411,-72.7374,28.4797,-50.8280,141.4155,7.7342,-62.8654,32.2880,147.3456
-47.9228,-1.5077,-10.6570,36.8012,23.5829,64.3637,74.9252,93.7316,81.3238,201.8460,91.3844,-51.0580,77.4774,-55.6753,117.5473,-20.0471,-14.6175,61.7891,139.1954
72.0548,22.2523,42.2452,55.5013,56.8558,75.7978,110.6655,85.2572,43.7540,111.4887,104.7314,-40.6371,95.9372,-31.6514,117.0739,-39.0345,47.0969,90.4469,138.0831
76.9944,-2.8281,98.4579,62.3404,89.7488,86.2084,141.3898,89.0552,82.2342,33.1535,97.7811,-59.1141,94.5264,-7.7741,159.0829,0.3381,92.9721,112.7062,142.1493
42.8539,-12.4723,138.3426,64.3622,147.5182,112.8445,141.2051,105.2657,152.6785,47.9050,124.8441,-61.2306,109.7606,20.0375,185.9507,34.3519,131.1432,133.3123,163.7457
79.5770,34.4664,177.9238,92.3972,234.9377,140.8636,148.4234,111.4596,168.2227,85.6692,163.1837,-43.5205,147.2579,54.4444,158.6672,36.0413,181.9962,133.8770,214.5250
128.4380,72.6060,227.1764,114.6007,284.6609,140.5524,201.4860,106.4018,146.6115,82.4850,161.0233,-23.7941,167.6713,60.5946,125.0004,53.7595,215.6598,97.1442,260.2158
151.0697,59.4625,250.9883,90.4487,264.2381,112.3379,267.5629,110.0939,139.4913,65.4767,150.9217,-3.7070,167.6835,37.4066,154.6010,80.7434,205.2697,61.4131,267.2132
207.2263,24.7814,226.1621,54.0030,236.8976,87.0569,291.8856,118.7576,141.9566,53.7735,177.0493,6.0601,192.5027,32.9257,228.2302,95.7084,192.0558,65.2221,271.0691
275.6894,-2.9948,196.5619,37.4416,255.1938,75.1157,295.6057,130.4093,155.7050,69.0354,216.4849,3.2684,241.3188,52.9589,267.1315,116.6088,213.2895,74.4952,316.9807
287.4687,-9.1941,203.5444,20.0001,288.3735,60.8332,335.9360,155.0214,197.5193,122.4546,243.2046,-11.9694,272.7198,54.5477,262.6944,108.7114,240.3736,59.3422,377.5521
269.0514,8.4710,219.4347,6.0456,290.4384,48.4084,387.2933,159.5215,242.5184,125.1556,257.7988,-53.2083,291.4961,26.0341,269.7549,45.9846,242.0235,55.7267,390.3788
260.9743,21.5464,218.5892,23.3734,269.8502,52.1016,375.8131,113.2275,261.9245,36.4584,254.9343,-80.2704,316.3610,-3.7463,281.0464,16.5610,230.9040,70.5091,337.0544
248.4609,20.4895,225.7204,52.8561,261.5025,63.4234,305.3743,68.5460,251.0918,-17.1594,240.5686,-32.7791,323.0771,-5.1880,236.3814,53.1087,235.5620,59.4478,257.8531
235.5197,45.1904,246.7399,75.0436,265.8151,80.6746,239.6141,65.6382,199.3975,5.1797,234.0479,40.1566,298.4800,28.9430,148.5684,44.8162,274.9681,39.3182,199.1821
244.5090,110.5078,258.8111,114.8512,254.2213,113.4938,203.3417,49.4042,129.2648,-16.6682,225.5120,61.7753,260.0219,64.6478,99.7672,-35.0207,338.1862,60.6988,162.9554
278.5347,165.0496,266.6429,160.1343,226.2849,137.8271,182.8097,-1.5105,104.8519,-73.2905,192.6693,60.0296,210.0817,60.9266,118.8148,-74.1696,378.8051,89.3521,130.9599
314.7650,159.6910,276.4442,155.8796,209.5972,128.7681,166.7182,-21.6873,128.7686,-63.1415,151.2704,61.9637,159.1571,38.1953,150.9459,-45.2407,365.5080,73.6507,102.5433
286.4757,110.2522,272.1389,115.1954,205.3816,112.9625,150.6611,-11.3249,142.7107,-60.2347,139.9406,39.8456,139.7153,44.7644,145.9884,-33.2213,320.3933,49.4433,74.3855
190.4578,68.8140,263.2672,96.3964,192.8590,109.6404,143.1570,-44.2748,134.1214,-143.0970,160.1192,20.1768,143.8592,72.2284,118.0800,-60.3694,279.4627,52.5225,47.9625
167.5741,57.3731,260.3638,90.7984,174.4227,94.2922,153.7038,-102.4058,124.9756,-187.9333,161.5309,30.6903,137.4210,82.2473,104.9259,-69.9402,255.3253,53.0788,61.2867
259.2238,61.2681,227.6528,68.0800,166.1011,68.5591,169.4860,-104.5027,122.5129,-128.3843,116.3534,17.8021,130.0808,71.0981,109.5624,-46.5249,246.5058,46.3206,122.3424
287.8957,66.8473,166.8935,50.1536,168.5838,57.5683,179.9417,-65.8424,142.9584,-84.2421,76.1372,-26.9460,140.9382,48.1476,119.6818,-34.7227,231.8125,59.2187,163.5659
194.2594,57.2078,146.7863,37.5873,179.9568,39.9428,190.0067,-48.5250,179.2217,-97.3288,90.0680,-41.9191,154.0093,15.5974,145.9580,-42.5848,177.8324,63.1235,159.6430
135.5910,10.3602,171.8205,-4.1723,202.0689,-6.8646,189.1692,-36.6956,171.0793,-88.0521,121.1024,-31.7980,161.0937,-6.7504,184.5629,-17.3096,100.8497,25.1973,171.9185
147.0288,-51.3918,172.5171,-47.0252,214.9348,-45.1841,165.9572,-3.5174,109.0348,-54.4227,119.2198,-27.8063,166.3526,-6.2861,191.9271,35.9819,64.4092,-9.3784,207.0807
130.2701,-79.5030,137.4389,-47.0717,190.8900,-48.4928,142.1501,14.7966,73.3593,-36.1033,99.3792,-9.0414,160.8265,-11.4924,161.0552,30.6048,72.5237,-4.0297,198.1000
99.6206,-78.7416,109.6242,-41.5113,147.3174,-45.8650,137.1876,2.8785,98.3658,-8.0215,94.6905,9.4604,156.3239,-37.6778,146.8699,-37.3416,57.6288,1.2898,137.5803
94.6698,-73.6271,104.6136,-51.2416,128.2370,-47.4182,129.6047,-10.1077,111.0939,19.7702,116.6074,-9.5407,171.0288,-47.7844,156.7186,-78.3134,23.6974,-13.4691,67.8826
98.8483,-39.7034,120.3974,-21.0650,131.3142,-25.4371,83.8598,-38.8662,42.4417,-24.0701,160.1160,-24.6352,172.1985,-25.8802,125.6301,-93.3308,65.9375,-7.6210,-7.4029
159.3724,31.7090,148.5756,42.6013,123.7185,13.6143,-2.9373,-111.0387,-74.3614,-119.3728,188.7975,-3.7699,135.2148,-17.3190,47.1460,-144.3583,181.7086,22.8997,-78.1938
256.4189,84.2938,164.4267,62.7393,113.7278,26.7164,-71.8068,-174.9165,-132.6835,-155.5920,172.3125,7.7095,99.5211,-39.5307,-4.6754,-193.2665,230.7426,30.1792,-89.9843
227.1066,74.9201,164.9454,36.8624,118.1389,3.5946,-54.6542,-171.6361,-82.5915,-108.3326,142.1026,-3.1612,78.2190,-48.2546,-14.5420,-183.8049,152.4802,6.2483,-33.7426
94.6926,15.7239,159.6048,4.7727,102.5876,-27.0906,5.3472,-131.2045,-7.2436,-57.0897,129.1293,-13.4520,35.5279,-40.3976,-43.4206,-147.2972,47.5639,-18.3493,21.2491
61.4515,-55.5462,126.2931,-44.9781,49.9610,-54.6277,0.7798,-101.5898,-1.1465,-32.8050,110.3882,-39.7673,-6.8175,-63.7550,-91.6655,-100.1314,0.3650,-48.2653,26.3437
89.1431,-92.3804,66.1820,-101.4387,9.2221,-93.1781,-47.5164,-81.2277,-38.1910,5.4144,74.5954,-69.8081,-1.7563,-96.1225,-92.8744,-28.5388,-12.2617,-99.0459,10.9039
23.5184,-81.6915,24.3166,-115.4019,2.7425,-130.6613,-35.4390,-65.3332,-52.6231,55.1509,37.8211,-48.3344,10.0200,-74.8154,-51.6343,19.5850,-23.9823,-135.3832,15.8515
-32.3206,-65.6311,-3.7601,-101.8909,-8.4115,-133.4293,11.3532,-59.7721,-43.6091,67.8004,-4.1275,0.7237,-25.3342,-38.8374,-48.6058,8.9735,-30.6252,-120.3753,19.8585
20.4406,-64.2471,-54.5999,-99.5447,-42.5643,-108.0533,-3.2818,-59.6081,-33.0557,35.9616,-46.7028,4.6881,-72.2150,-58.5394,-109.4387,-13.3613,-29.0930,-83.9197,-17.1820
30.3145,-48.2770,-102.5458,-86.8908,-81.4195,-85.5894,-59.8509,-72.5309,-37.9091,-14.5754,-69.4260,-25.0927,-89.7175,-86.1271,-185.8910,-18.9663,-28.2756,-66.8373,-68.2871
-51.7619,-16.9223,-112.9527,-53.9715,-106.9031,-60.1278,-105.2269,-103.3691,-90.7900,-62.8793,-92.9133,-29.5612,-99.6466,-57.7312,-249.0216,-25.3233,-40.5963,-48.3946,-87.2937
-70.9863,1.3454,-105.6153,-29.7435,-104.5536,-24.5932,-173.4883,-120.2313,-189.4928,-84.8319,-130.9504,0.4973,-115.4175,-20.4908,-299.6722,-33.1102,-62.5661,1.0191,-104.9677
-15.8851,6.0513,-92.7733,-7.8006,-93.6538,-10.3903,-274.1145,-117.7263,-279.2509,-91.7323,-134.2219,34.7320,-120.1005,-14.9075,-319.8925,-49.8382,-59.8870,50.9326,-171.0512
3.0416,6.1547,-67.7793,20.9409,-122.6030,-16.5847,-339.0329,-141.0486,-336.1364,-138.0514,-92.2619,45.8782,-119.2164,-1.1066,-304.5617,-88.6236,-23.3669,59.1881,-259.1810
5.9661,6.5108,-50.6967,23.6982,-173.1746,-0.5414,-350.4319,-181.3637,-377.0996,-206.4359,-69.5115,35.0760,-130.5022,25.5819,-295.8066,-110.3372,-7.1368,39.4089,-313.6130
33.2561,18.9511,-54.2691,-1.9532,-182.7083,19.6562,-353.0746,-169.3113,-390.4165,-198.2869,-81.5116,30.5594,-153.3678,24.4331,-313.1677,-74.2563,-53.9114,26.7885,-315.9063
18.0897,21.0386,-72.3569,-25.8267,-172.9427,-10.2914,-348.9919,-97.3794,-352.9572,-98.0172,-88.0970,38.9737,-182.1469,5.0166,-312.5898,-10.6794,-138.2592,19.9409,-270.8000
-55.0922,-16.1851,-119.2481,-49.9568,-194.6316,-60.8834,-314.0232,-27.7777,-292.7012,-10.4558,-94.1271,42.8424,-204.3594,-5.3762,-275.6388,16.9527,-197.8042,1.1733,-205.2887
-105.8417,-29.6853,-185.3120,-61.9232,-214.4764,-61.9757,-274.1660,-10.5534,-268.4870,-26.9964,-125.6770,66.6005,-205.3317,-10.7097,-262.3238,-30.6131,-162.9645,-22.7896,-170.3530
-91.9500,63.0327,-219.3342,-14.7788,-207.9401,-13.2412,-275.8652,-64.9236,-300.8256,-142.7063,-175.6724,157.8832,-208.1499,-2.3657,-315.9714,-130.9670,-11.7398,-39.5031,-192.5702
-25.0759,214.9587,-218.5763,71.7655,-226.7236,43.6359,-324.6130,-166.1876,-359.7072,-264.7557,-238.4631,286.9259,-253.5978,18.3310,-398.5568,-212.3015,169.2819,-59.9049,-265.5460
76.0571,323.3016,-229.3614,119.6499,-294.2188,77.3945,-401.1245,-252.7705,-428.4184,-314.3556,-310.2390,354.9841,-336.2063,1.4145,-476.2656,-265.7919,281.0688,-97.9485,-379.5630
177.4409,374.7764,-269.4345,112.4217,-385.6392,62.5961,-500.0026,-317.0403,-535.4138,-355.6616,-366.8055,324.1728,-427.1025,-67.1164,-576.8586,-355.5294,331.3459,-148.9126,-510.3720
236.9289,397.4637,-338.1669,88.2800,-492.2029,7.1015,-622.3228,-408.0391,-691.7156,-486.8313,-409.6352,265.9384,-526.3096,-135.6212,-711.3405,-469.0681,346.2763,-207.6501,-630.5770
222.7137,373.9650,-428.7932,55.7631,-593.1296,-49.1485,-754.5411,-518.4285,-855.4616,-631.3745,-467.1111,238.2853,-629.6135,-182.6501,-834.9483,-537.2448,297.4019,-274.1056,-742.5043
132.7008,284.7780,-503.7953,-3.2659,-657.0121,-104.1432,-876.1832,-600.1693,-982.6509,-671.8501,-533.4227,185.8062,-709.4644,-226.9680,-919.2639,-578.8969,198.3163,-333.2672,-840.7834
15.2561,154.3333,-545.3364,-92.0487,-699.3388,-181.1308,-968.4572,-655.4098,-1046.6208,-669.8029,-586.7263,44.5131,-766.8250,-275.4764,-965.9252,-631.8555,95.0450,-371.1377,-889.4194
-97.0390,10.8033,-581.2012,-194.8637,-735.5334,-266.3553,-1004.0424,-693.7970,-1035.0463,-706.7905,-627.5561,-143.1289,-814.4740,-347.9371,-953.1512,-662.6227,-42.5899,-404.1107,-878.4459
-251.9143,-152.8935,-616.6537,-305.8745,-748.7950,-353.7438,-968.0328,-699.9745,-987.5200,-723.1335,-648.5912,-318.2389,-819.7119,-461.9697,-878.5174,-666.8967,-251.1883,-453.7360,-832.0295
-461.2463,-342.8734,-640.9777,-441.8923,-753.6419,-470.9693,-890.7386,-693.2100,-946.4589,-687.8203,-639.6710,-478.7202,-765.7455,-568.7394,-813.0825,-670.6736,-474.2260,-511.8647,-762.3763
-614.2430,-511.0414,-664.9099,-581.2421,-759.6226,-592.1974,-810.6923,-688.4059,-874.1106,-660.3723,-621.2753,-597.2928,-710.0551,-613.3619,-801.1191,-643.3787,-644.2116,-555.5991,-679.5264
-642.7806,-597.0641,-664.7131,-641.6588,-719.8159,-645.0234,-730.4098,-647.3972,-752.6788,-634.6666,-601.9257,-643.8425,-683.7146,-615.6993,-782.0407,-587.9523,-742.3810,-571.9031,-599.9059
-630.1038,-612.7601,-610.1032,-608.1847,-635.2081,-628.1774,-644.7350,-581.2825,-655.6891,-567.4072,-554.9283,-676.7314,-632.6166,-610.2334,-699.7234,-566.4273,-760.0864,-561.4436,-521.1446
-655.1804,-614.6008,-553.2205,-579.3383,-571.7167,-603.4666,-558.3139,-558.0948,-587.4232,-490.7646,-482.3835,-731.2169,-533.0195,-597.9542,-579.4990,-551.4066,-727.4976,-535.8267,-448.9482
-692.9011,-626.1114,-535.1163,-599.7317,-526.2573,-595.2018,-466.3712,-552.8738,-460.1416,-439.7325,-418.0056,-739.3172,-435.2167,-582.3738,-445.7785,-479.9413,-714.7581,-504.0450,-402.5758
-708.5643,-647.0479,-506.4664,-605.1329,-453.7047,-586.6650,-374.8406,-483.4769,-295.8885,-401.2079,-361.4236,-697.5656,-357.0120,-562.1673,-296.1065,-400.0437,-724.8257,-466.8319,-357.1816
-699.6608,-669.0869,-452.5248,-573.1645,-379.4427,-566.0959,-308.3595,-376.6350,-190.8671,-369.1590,-299.3310,-693.4670,-276.4811,-523.5112,-170.2894,-357.5834,-691.5789,-431.7915,-279.5155
-646.0292,-656.6369,-410.4454,-542.3959,-327.7280,-530.0565,-260.7626,-313.2129,-121.8009,-326.4816,-251.2755,-703.6102,-212.6015,-478.0240,-108.9515,-311.3041,-598.3935,-399.1555,-199.1767
-532.8511,-593.3818,-345.7090,-503.9371,-253.2704,-481.3141,-201.3274,-292.1912,-34.0279,-250.3124,-215.3653,-625.3441,-178.3390,-432.1939,-67.6536,-257.7960,-494.8601,-343.8450,-140.4694
-403.1036,-515.1196,-221.3950,-430.9070,-135.6009,-423.3149,-130.1610,-276.3535,25.5757,-195.3440,-140.8567,-485.6423,-121.7029,-355.9301,7.0446,-224.1575,-410.0237,-267.2497,-69.1589
-320.0939,-442.3318,-103.8529,-344.8398,-19.2066,-352.4756,-57.8759,-256.2293,38.5580,-219.9849,-20.2553,-394.5958,-21.5494,-260.9161,82.1022,-176.7947,-324.0779,-220.1558,21.7828
-301.6776,-371.6656,-43.7498,-276.5150,52.2792,-286.8311,24.0725,-218.3077,81.2031,-244.4290,72.6586,-373.3923,56.6185,-205.3755,123.8722,-100.0122,-230.3958,-219.4283,96.7955
-311.6564,-334.0530,-12.5155,-245.2524,72.3986,-261.3879,108.8070,-153.8887,189.2167,-156.6335,90.5128,-365.7948,69.8171,-179.5452,179.4422,-26.4347,-170.7010,-222.0017,162.4841
-295.6184,-343.9570,3.7948,-257.7991,77.3982,-262.9456,174.3247,-85.9588,315.6682,-0.8818,80.9877,-331.2029,59.7463,-130.7022,271.4361,44.3823,-158.8200,-207.8533,240.5641
-229.8855,-344.9296,19.5919,-268.7904,108.2411,-243.7907,211.9526,-33.1292,409.2805,92.8288,111.0106,-275.1204,79.2515,-79.9151,332.0950,102.6586,-132.6096,-189.9070,300.4742
-145.3823,-297.2917,75.9398,-227.3139,148.2678,-203.1992,219.4691,5.6344,463.3432,102.8647,191.4841,-230.4525,137.4399,-66.7032,341.2479,112.7923,-67.0917,-157.8752,316.7123
-93.2640,-233.7985,144.8467,-164.4673,165.0038,-168.7734,221.8233,34.8931,515.5655,119.6091,290.3958,-206.3152,209.8519,-56.5756,387.1893,123.7066,-24.9539,-104.9585,317.9908
-77.5368,-191.9052,164.9149,-132.6451,178.5260,-134.8952,272.4518,72.4649,575.0432,201.4579,366.2308,-177.3931,266.8321,-13.8990,497.9235,196.1193,-13.4220,-58.0249,331.4914
-40.0208,-169.5853,175.0639,-117.6329,211.5056,-91.8687,357.2459,126.1706,579.5854,318.6738,401.1429,-134.7214,309.1416,39.2229,578.5141,260.4531,33.0822,-24.8217,343.8572
57.7512,-134.1753,241.8683,-82.6571,255.1291,-44.2398,393.7823,159.0231,511.9255,403.7191,427.5679,-84.4409,354.8394,85.2747,586.4111,250.6100,105.4494,18.9669,328.1101
169.2310,-52.0604,333.8445,-12.6188,313.2444,26.6548,382.1154,145.0298,448.2180,390.3017,480.6709,-20.7298,392.5658,128.5891,585.4858,227.1597,155.4435,81.4511,281.5323
229.2739,46.5790,394.0258,88.8418,377.0115,123.9876,397.7597,115.5569,418.9480,265.6523,535.0250,39.6627,414.9183,158.2927,597.0721,232.4211,200.7635,151.5375,238.3069
240.1419,87.2910,422.0830,175.8083,406.9776,192.0790,434.3222,99.7988,389.5184,130.1056,557.1155,65.7520,456.9351,171.1568,583.2913,225.4046,246.6737,216.7699,238.5852
237.8645,79.3709,437.9344,201.1250,418.1967,205.4311,439.4052,97.0104,362.8364,99.6403,572.1791,76.2373,516.7753,190.2698,556.2542,201.7987,265.3106,259.0693,285.6349
241.4283,109.4432,459.6481,201.0652,465.1373,214.7036,439.0398,115.0195,339.5487,144.2019,602.6672,112.1923,530.3706,223.0118,548.1965,201.7025,287.6577,267.4315,346.7769
279.6278,188.6315,490.4535,232.3593,527.2293,240.6216,464.3947,151.7758,300.6228,164.2639,617.9246,172.3140,493.8903,250.4646,543.8096,225.7535,338.6651,251.0793,383.4984
369.6812,241.0671,498.9823,269.0143,545.8510,248.2979,476.6545,181.8624,295.0454,164.8508,597.2435,226.1975,472.6969,264.0959,528.1208,244.9057,374.6970,231.8369,382.5546
450.4676,235.5892,471.5991,269.4332,527.1735,245.3633,468.2439,216.3796,353.4805,197.0179,559.8474,244.8456,471.3452,273.2140,506.4390,251.4708,387.2856,237.6491,378.0495
450.2777,212.1247,441.4194,255.3905,509.8245,263.5914,490.7929,281.3115,396.7138,242.2293,527.4752,222.3070,456.8911,281.3862,481.9661,267.5762,388.8428,272.6033,407.8440
393.0993,199.2861,425.0782,250.6970,505.0248,272.9575,534.2383,329.2715,399.7068,266.9431,517.5572,190.7507,456.1215,278.0555,483.4641,300.5674,344.3987,295.8606,443.7055
341.9403,189.6777,411.7672,244.2252,505.4172,243.7031,524.1653,304.5823,428.9457,264.6881,534.4169,170.8707,482.5360,257.2350,522.0766,305.2175,291.0916,284.7065,436.0421
314.1153,181.3068,408.4063,234.0992,497.4727,219.6299,455.0792,258.9963,453.1096,234.3597,548.2522,147.8617,486.2064,233.1563,522.0372,263.3598,313.5362,271.9500,398.2072
309.0110,185.2426,415.5354,227.9198,477.2929,231.7437,404.0051,273.1531,406.5128,215.2138,535.3394,136.1238,462.8411,221.8046,442.4493,248.6187,346.5996,272.2198,369.5796
318.1965,192.6748,407.9070,223.2618,462.4936,240.8443,408.1263,336.4478,363.6840,256.0163,503.5265,157.2117,453.2011,222.0229,377.5714,297.9594,303.1620,261.9785,357.6319
305.5716,183.7476,386.3271,222.9760,461.7430,224.1071,422.6890,397.4973,390.1043,322.8303,448.2054,168.6272,434.9870,232.7944,391.7959,340.0112,263.0714,243.7649,362.3434
268.3187,169.2359,372.4496,227.0597,464.7007,212.9503,407.3254,439.9605,415.5186,363.3271,369.5840,154.6218,380.4880,257.1322,417.9718,345.5286,269.1964,230.5978,381.2875
251.5234,166.7437,355.0521,221.0895,459.7103,220.7062,376.7635,465.1466,396.3733,388.8005,313.2243,178.4016,335.9008,278.1986,396.7783,366.9485,236.9697,212.7827,389.7637
248.1243,160.9212,316.9717,206.7240,422.8033,222.9377,356.1933,478.1133,368.3789,395.9161,293.3677,234.7086,320.0105,278.7901,333.4203,401.3779,184.0539,202.3297,381.6222
206.3230,148.8374,271.8259,204.1108,344.2365,214.6210,357.3634,484.8869,347.2186,362.4238,257.7058,246.9195,289.6110,277.0731,246.9492,403.8146,182.4042,216.9691,384.8642
134.3398,158.9796,230.4646,215.3658,271.0256,219.9336,383.9185,478.2224,347.0309,334.1924,191.5124,239.3955,247.0292,295.6832,195.5217,384.7148,169.3556,225.7504,400.6087
70.9320,185.2572,189.2329,226.2959,241.5853,240.4942,402.0230,471.2979,375.1259,348.5886,131.7006,280.8828,222.7239,323.8865,216.6536,371.7298,108.3054,209.4015,399.6439
16.7311,196.7456,156.2425,225.5036,228.3102,240.3221,369.7577,497.6030,368.5049,361.9480,83.1914,324.5279,200.0558,338.0991,221.5465,375.0789,74.7500,197.4521,373.1065
-15.6362,199.7235,137.0811,207.4400,202.3645,205.1087,317.6316,523.8929,287.4720,357.3759,46.8101,307.6360,173.2269,325.0209,142.0951,398.9664,63.0742,192.0510,321.3821
11.6941,202.9177,115.4220,190.9409,167.0916,180.1797,289.6861,480.9486,190.3079,358.4118,47.7636,272.4687,160.4112,291.1046,72.0497,401.6349,31.7647,176.4419,242.0547
79.5198,196.8272,86.5317,206.0418,127.8182,199.2278,248.7260,401.6906,129.6117,336.4616,53.0371,261.6036,127.3520,266.8059,75.8163,347.2852,36.2874,174.6755,162.3092
112.7703,201.2454,68.2062,231.6351,100.6629,216.8686,174.0021,366.1726,122.9670,277.7195,-0.3342,249.0819,50.0984,264.1588,72.8359,304.1571,72.5628,188.2617,113.3921
71.9252,217.4258,54.7564,214.1465,86.5828,183.3139,128.8389,351.1167,187.4645,244.5907,-79.8076,216.8470,-7.4274,249.4995,34.8269,326.3655,53.5249,171.6008,72.0120
-5.1116,189.8447,22.3188,159.6783,37.4741,128.1944,111.7044,298.0003,264.7226,254.4914,-106.6730,184.7920,-13.4281,207.8882,39.5391,336.6743,12.5517,126.7514,-2.0808
-41.5635,129.7833,-12.0729,125.1215,-49.2019,99.6787,35.0000,224.4155,253.7391,239.2116,-75.2840,179.6455,-30.3057,174.1970,89.5412,279.3183,35.1186,93.9568,-90.4145
-11.9698,132.2706,-13.4081,133.6368,-98.8578,96.2236,-89.3725,154.8537,165.5287,164.1358,-26.6610,210.7504,-81.0442,163.6166,101.3456,213.0026,91.4599,73.1946,-145.4980
23.9183,201.7605,-4.4766,163.4259,-103.4631,102.8570,-165.8201,86.5146,80.4322,80.8388,0.8980,245.4309,-118.3249,153.5104,52.0824,177.5572,128.1630,56.2309,-168.3184
25.5698,245.1916,-32.8360,179.6857,-127.9217,108.7706,-183.4563,43.4927,32.4202,66.6721,-16.2706,237.6454,-130.7815,132.5636,3.6087,157.3153,128.1590,48.9123,-193.7447
19.3314,232.1048,-84.5044,158.1407,-174.9341,91.2047,-181.0185,23.4796,39.0536,115.4821,-40.9873,194.5172,-140.5322,100.2869,14.1860,146.6474,74.7134,35.3598,-221.6065
2.1122,199.5158,-120.1882,122.0334,-216.3256,61.8359,-157.2412,-23.3645,85.5582,106.6425,-18.7284,158.3326,-143.1104,64.7815,66.9267,125.0236,22.8405,19.2786,-219.2912
-49.3195,164.2883,-146.2969,112.0571,-256.9049,66.5673,-124.3418,-72.9575,96.1407,2.6064,6.6128,139.2219,-130.2154,55.1824,92.0458,78.9588,37.1378,34.9238,-185.8231
-93.5332,130.5011,-171.0591,103.3449,-265.4217,85.6701,-112.3111,-53.4470,67.6004,-37.4887,-35.7674,120.7151,-113.7948,65.5952,65.6319,59.3567,46.0586,59.7599,-160.6191
-102.1915,111.9733,-168.2781,61.8611,-208.0832,56.0405,-112.7373,-2.1042,71.2690,54.6754,-101.4795,100.7929,-111.5093,47.1958,15.8045,77.6382,4.9445,48.7528,-165.6170
-104.1461,116.7714,-130.7057,42.6617,-141.9390,7.6645,-122.1079,-2.7031,67.1551,101.0788,-117.9326,81.4004,-135.6206,7.4226,-55.9543,52.0019,9.3386,34.8896,-183.3476
-70.0161,130.1575,-83.4733,80.3717,-118.0599,17.0111,-153.4617,-37.4098,-14.8692,18.3216,-103.5206,40.2577,-168.9612,-10.1929,-134.6469,-35.3349,49.8485,50.1376,-195.2709
28.8427,107.1101,-45.8321,90.2252,-106.5416,51.3404,-172.5888,-56.3761,-79.4303,-39.8644,-90.0343,-33.0593,-175.9510,-31.5606,-146.8145,-102.5127,4.4624,42.9408,-212.0480
85.5678,36.2077,-27.6240,28.3568,-98.2020,31.2345,-153.2178,-66.9220,-39.8568,-12.8380,-75.3241,-77.6812,-163.2988,-76.6298,-84.3422,-118.7985,-75.0216,-14.8455,-247.5614
39.8581,-8.9003,-25.2445,-18.5446,-110.4016,-15.0849,-139.0592,-73.5488,-1.0360,-12.6029,-77.9674,-32.2431,-158.5522,-80.0250,-40.2375,-113.6546,-59.4687,-64.1860,-269.8378
7.5590,7.9444,-13.7184,-8.5755,-115.3438,-17.4141,-146.2642,-65.2217,-47.1360,-63.2783,-92.7949,33.0569,-148.0624,-30.8850,-62.0794,-93.4433,-4.2248,-53.2496,-229.1327
33.3211,8.6665,7.9130,-6.8355,-102.7737,2.1813,-133.0797,-56.1599,-95.7297,-94.7820,-60.0282,2.6891,-124.3058,-18.9593,-122.0873,-71.8311,-2.6094,-3.7226,-142.1985
26.3220,-43.5873,5.2459,-40.7880,-104.8039,-17.1518,-101.9196,-42.5306,-81.8962,-87.3931,9.3695,-91.9786,-119.1895,-65.6670,-181.2999,-67.8688,-19.5482,14.9946,-67.9606
-5.1556,-88.9065,-26.4046,-81.3856,-114.3519,-74.8344,-82.3407,5.5130,-51.9113,-35.2608,18.3886,-139.3218,-132.3091,-102.6319,-178.3332,-43.0748,-27.6067,-40.4272,-10.9358
-1.5505,-110.0238,-61.7374,-121.6880,-110.7365,-132.1320,-53.1135,67.5474,-42.0738,51.0174,-40.7216,-121.4210,-132.6192,-101.8283,-98.1888,26.1763,-47.3900,-118.7814,43.0963
-17.5100,-119.8242,-93.1704,-146.0071,-108.6454,-159.9821,-2.2487,87.5420,-32.2280,89.8684,-73.6103,-80.2515,-124.4122,-82.0419,-43.8020,68.0359,-55.2960,-139.3048,51.2539
-72.1821,-83.7968,-108.8175,-124.6149,-103.1147,-146.9659,26.2207,54.8865,-7.0046,48.3307,-59.7078,-49.9324,-116.4694,-75.0576,-62.7045,23.5072,-29.8782,-118.7332,-1.3822
-88.9214,-24.2346,-92.8186,-90.2562,-82.4981,-119.0422,10.2476,-5.6789,15.8434,-10.7268,-59.8214,-70.5381,-100.2544,-122.2820,-56.5207,-60.0335,2.7066,-123.3281,-47.4308
-86.9678,-28.0247,-73.3785,-102.6595,-78.7531,-125.5694,-24.2632,-76.8921,4.1806,-72.0981,-79.0516,-119.9020,-96.7201,-192.5606,-6.7128,-113.6191,20.2287,-147.5967,-60.8351
-119.5173,-76.7677,-78.2272,-145.6491,-93.4146,-160.3759,-55.3873,-134.8363,-48.3179,-142.8504,-81.2542,-116.0400,-112.5008,-193.0139,-22.9315,-131.0145,14.6028,-148.1048,-80.6338
-116.9970,-77.1988,-76.6055,-144.7704,-80.2853,-151.0799,-72.4928,-148.9332,-107.0878,-148.6675,-80.7423,-79.7543,-100.1455,-134.7583,-105.8735,-147.5046,0.1033,-111.6848,-97.9930
-59.7300,-20.2749,-46.8035,-61.4410,-50.2688,-66.6075,-71.4910,-124.8850,-131.4435,-78.8472,-93.7350,-90.2021,-61.7900,-103.2814,-149.5572,-188.3994,20.4731,-43.9107,-90.3442
-48.6352,47.4299,-18.7566,51.3440,-46.1979,24.6048,-65.5302,-107.6233,-94.8570,-45.2089,-79.8673,-101.2099,-59.4451,-86.6684,-131.8521,-225.2967,63.0810,15.2447,-96.2014
-75.3492,85.8985,-5.7672,85.8293,-53.4605,39.8775,-65.2582,-121.7498,7.7978,-56.7124,-28.7670,-56.7339,-86.6143,-49.5626,-92.9389,-202.5486,52.2039,-2.2463,-124.8003
-46.1188,47.5306,0.9189,9.4388,-57.9995,-20.9200,-66.9625,-139.5331,131.5810,-16.8775,-6.1780,-35.6584,-98.1061,-46.6407,-56.3172,-144.5831,-16.7506,-91.7340,-124.5290
3.3904,-57.5251,-20.6987,-90.4926,-86.5710,-92.5508,-65.8886,-131.5113,204.0950,39.4570,-43.1390,-77.7642,-110.0700,-92.2102,-50.7835,-142.4141,-80.3202,-163.2741,-90.0249
-2.4062,-144.7957,-81.6394,-141.4395,-130.2690,-123.9406,-51.0489,-106.0932,197.4853,18.8735,-81.8880,-109.1371,-122.5545,-115.7288,-67.5149,-189.9569,-122.5163,-164.1500,-46.1595
-32.1003,-183.5597,-131.5526,-158.2315,-139.7070,-115.8180,-10.3951,-67.2318,140.4559,-17.2354,-70.9634,-111.4712,-82.7936,-106.6759,-48.1877,-187.3181,-149.5328,-125.1058,27.2635
-40.2519,-204.7983,-116.0792,-157.8672,-94.2777,-100.9705,47.3794,-1.1907,85.0252,25.8596,-24.4085,-110.6589,-9.0847,-100.0702,4.0846,-131.2210,-135.6582,-92.8845,129.4059
-11.6760,-193.4704,-46.0524,-132.3661,-13.0918,-100.7010,115.9019,67.7868,83.7350,105.7908,20.4250,-77.4934,30.4538,-79.8385,45.3761,-107.5835,-68.8068,-76.8247,214.0576
70.7345,-125.8850,23.4309,-89.2549,70.8509,-93.2045,206.4565,93.6910,145.1599,147.7007,43.4934,-18.4279,58.0417,-43.6866,99.9052,-109.5791,33.7864,-47.1495,274.1203
150.9143,-45.5612,70.3175,-35.8597,138.7506,-43.8833,294.6018,82.1589,217.9550,144.0333,55.2056,14.8667,126.6886,-26.9075,182.8661,-72.2997,136.3903,15.0169,317.9695
148.7854,-2.1305,122.3621,15.1253,197.7613,24.3680,320.2985,72.7429,261.3358,117.7898,78.1061,41.8185,196.3950,-17.0035,223.4227,-21.2996,180.9727,73.2608,315.8784
125.5726,5.8982,178.8226,29.3938,239.8701,49.9169,277.8850,80.3384,278.4332,99.8218,94.6738,83.3408,206.9863,12.6253,181.9408,-0.3228,160.2005,92.1031,266.7722
180.9613,6.9883,195.5915,20.2306,243.5708,40.0435,224.1317,92.0527,269.6056,78.5745,75.0777,89.4528,177.5104,42.9321,106.8755,21.9677,162.5785,98.3193,215.9124
272.7392,30.8034,191.3649,48.0944,242.2184,65.5078,188.2510,77.1394,231.3185,-12.4791,65.0524,66.3255,157.1108,65.9939,48.3435,47.9138,250.8073,124.5798,183.5796
330.9123,83.4047,245.7055,107.9945,281.8661,130.2825,156.4021,22.3003,183.8167,-137.7802,119.4933,80.5366,154.9113,90.4693,23.3876,33.9992,374.3801,158.2023,171.2196
369.3781,136.8998,349.0912,145.2920,328.6717,169.8042,139.5341,-19.7181,148.7036,-148.1995,177.6997,121.7560,152.3532,105.3274,25.4165,19.8332,447.0863,181.5580,187.5375
376.2773,162.6436,404.1068,156.5395,338.1901,177.7974,171.5782,2.5229,134.5712,-44.3360,161.3173,146.9045,147.6328,127.4189,30.5034,65.3715,422.8514,194.5814,217.1525
313.3258,159.8706,383.5766,166.3021,336.9179,199.4483,233.1209,51.2111,143.5709,8.6827,112.4072,167.9278,162.7328,180.3714,43.7542,106.2261,324.9276,204.7224,242.0731
232.3672,157.0549,344.6127,186.3237,348.5238,229.7646,262.0424,79.3187,156.1546,-20.0342,91.7474,184.1211,201.1953,216.5592,86.2303,74.1329,242.6207,231.0813,272.7482
197.2946,175.5740,322.3895,221.5195,348.9528,238.6770,257.9835,106.4997,146.1790,-22.1792,76.5830,170.0817,233.1405,205.4600,120.6443,42.1173,218.2975,269.0535,302.5547
175.9580,177.5343,305.9974,232.9116,321.0079,233.8851,280.3654,143.0220,121.2168,0.9279,52.3737,145.1596,244.1098,208.3086,106.2324,84.8850,187.9680,268.9075,311.2076
137.0704,126.9722,272.9438,183.0809,267.7672,223.2766,323.7231,168.5579,99.1713,-15.6832,44.4742,134.2316,248.3907,243.3167,87.7721,148.9547,119.8785,219.4657,303.4492
110.6707,88.3654,224.6098,140.1584,209.0758,200.7153,317.7858,192.6333,76.1798,-20.3950,43.1094,125.4709,249.5169,248.1511,108.3799,167.4098,71.1266,185.0514,267.3959
103.9209,119.5585,198.7132,166.2228,187.7102,183.0258,266.2015,220.2215,55.9383,51.2993,41.0921,124.8521,245.9635,225.6380,128.7367,156.6260,49.5610,199.1198,183.1711
94.2052,149.4326,202.1332,186.5920,200.1127,175.9909,236.0808,225.8328,50.6988,125.1817,71.2143,158.1927,243.4353,230.7947,117.3026,150.8871,2.9705,212.5657,96.4422
83.9947,125.3308,174.6186,149.7537,170.4909,152.5510,218.4268,214.6408,47.8995,107.6441,113.4901,216.7380,221.7528,250.4788,102.4508,152.0944,-51.0929,180.5108,56.2047
71.8539,113.9186,93.7304,125.9970,74.0712,119.5969,161.5720,204.7870,36.0726,62.9667,104.3196,259.9473,158.9622,249.2111,101.0205,156.4116,-61.1336,121.8264,31.6078
35.4008,137.7965,17.2926,135.5922,-15.5225,114.0015,98.2869,189.3538,37.5315,131.2399,61.0168,249.7019,90.7770,233.1872,96.4326,167.2312,-52.9159,87.4756,-2.2552
-22.6528,130.7374,-31.7888,122.9260,-50.5215,126.0931,84.4363,194.5019,70.7523,285.7941,41.1750,183.3254,59.3971,202.1902,84.9125,183.8105,-76.1242,107.9951,-17.6031
-82.6503,82.4119,-85.3873,98.0881,-68.1634,124.9120,77.5871,248.9863,100.6738,343.3639,22.3652,108.1363,36.2725,156.0760,75.7928,201.6689,-125.5007,162.4207,-20.2082
-130.3488,39.3198,-140.5992,96.3164,-106.5755,119.1167,6.4712,293.9308,55.6300,265.9081,-39.0357,68.2391,-19.6126,127.0334,59.2498,217.7838,-171.8241,205.5081,-34.6183
-134.7975,27.3938,-179.1992,105.3126,-145.1664,126.0395,-99.3500,280.3275,-83.2153,210.3933,-111.3283,54.3316,-80.2399,120.9464,16.4879,226.3917,-191.8762,226.1237,-34.7787
-97.9683,56.0172,-208.1393,127.3187,-145.6626,142.8543,-146.5139,260.0513,-231.6712,227.3117,-144.7974,40.0594,-100.0862,108.4258,-43.3249,219.4756,-174.5378,237.4275,-2.7001
-99.3033,94.1245,-215.9181,161.7358,-112.6847,163.0692,-108.8064,260.0300,-303.6541,225.4301,-143.7292,23.9447,-98.0414,93.8987,-95.3704,201.1827,-148.0014,238.6382,30.3172
-168.5479,93.9580,-190.1494,169.6014,-79.7395,173.9375,-56.0953,236.2124,-315.2841,205.5519,-143.2442,19.3880,-121.1461,91.8203,-146.5396,179.5843,-159.5125,241.0485,33.1154
-216.5468,94.9522,-162.4063,163.2078,-51.8422,172.6709,-57.1779,190.8405,-311.7706,196.7382,-168.1279,30.3723,-160.0889,74.8189,-209.6363,139.3065,-206.5688,269.6068,-14.8598
-204.4694,142.1934,-148.3791,183.2780,-24.6632,183.7274,-99.7716,159.3624,-298.2021,136.6265,-212.1755,29.4580,-172.6582,27.7007,-249.3504,71.6143,-243.4980,298.4541,-106.3809
-213.6223,161.7150,-125.1194,191.2122,-34.2241,204.0092,-130.1694,135.0224,-300.0947,64.0869,-248.7202,-10.1806,-171.0775,-13.8818,-245.6133,15.4373,-256.4571,275.9731,-174.3972
-262.5644,118.4841,-104.7204,164.1858,-91.6401,199.1894,-127.9362,118.3054,-332.4628,99.6266,-272.5037,-44.6049,-192.1406,-14.2947,-252.5912,-3.9153,-269.3196,227.5658,-178.4297
-256.6787,114.0552,-113.9731,172.2095,-123.3535,190.0277,-110.9414,122.9926,-330.0291,156.1921,-297.4279,-12.0236,-207.0593,28.7900,-295.4702,-22.6359,-280.5686,223.2984,-172.3849
-170.3798,175.5040,-126.3218,228.6802,-84.0042,219.5628,-108.5247,118.6721,-278.0222,85.3206,-311.6824,53.5202,-175.1294,89.5476,-311.0676,-57.0018,-259.5905,251.9772,-197.5210
-96.8478,203.4727,-119.2168,255.8050,-41.9253,248.8614,-132.2894,86.2551,-267.5500,-15.0096,-294.0678,82.0896,-133.3758,124.9027,-261.7729,-71.5008,-214.8117,239.8246,-226.2297
-99.7993,176.8755,-121.3502,230.0621,-64.1995,221.8576,-149.5101,59.0408,-299.6627,-16.0777,-261.8566,85.6165,-126.1199,116.8308,-192.6753,-59.6636,-199.5620,169.2044,-244.9351
-134.5776,165.1747,-149.9898,189.0548,-121.3027,165.2270,-134.2443,49.5803,-290.5686,12.1502,-243.2047,108.2846,-135.0578,99.6288,-162.8632,-38.3796,-221.6378,82.7762,-254.0332
-132.8751,180.6666,-192.3388,155.0009,-165.6540,123.5208,-136.7763,45.1718,-285.1035,15.8182,-234.7568,141.4644,-145.4812,107.4291,-197.8259,6.3657,-224.2769,13.0416,-231.8562
-119.0596,176.6976,-239.6708,138.7251,-204.6384,101.0314,-203.2923,53.7706,-347.7571,41.4306,-230.1178,146.4526,-167.5464,123.6775,-257.2060,66.3233,-192.7011,-18.5200,-192.7070
-166.5196,129.7617,-277.3485,131.9127,-249.4292,101.6963,-270.2587,71.6944,-368.9640,68.2851,-239.7036,101.8623,-186.8972,117.2835,-253.0215,97.1874,-182.8060,6.3497,-173.0535
-238.8097,78.3340,-293.3369,116.8935,-275.1751,119.3695,-266.1410,82.5772,-286.5019,49.6394,-257.9005,33.9681,-199.5898,95.6306,-188.5004,100.3079,-207.5452,55.4969,-156.9136
-238.7650,83.7311,-311.0865,115.9407,-276.6028,119.2733,-237.1611,95.4652,-240.7405,16.4924,-262.4866,0.1700,-231.1671,84.9591,-173.4713,100.0798,-208.4695,61.9250,-134.4742
-204.5159,120.3863,-344.5757,128.4368,-288.5095,92.4292,-252.6224,103.7426,-293.8799,12.9382,-251.2504,1.5741,-262.6522,77.6273,-226.8910,84.9402,-177.9504,19.8645,-149.9299
-216.0569,102.7948,-357.4393,93.9832,-311.4640,60.5562,-298.7511,78.6760,-332.8306,51.5128,-236.1184,-12.7496,-254.8486,47.9556,-253.6380,63.4387,-178.0348,-11.3867,-205.8437
-198.8498,49.2405,-336.1278,28.6952,-306.6495,30.6069,-343.9335,36.8748,-326.0087,82.4913,-215.9035,-36.8145,-235.9102,13.4583,-235.3430,64.1302,-205.2523,-7.5856,-248.3779
-101.0146,32.1724,-323.3287,18.0545,-287.7279,8.5382,-383.1454,9.4266,-340.3408,7.5548,-193.1068,-38.4995,-238.7076,10.5516,-231.6024,60.7851,-191.7324,-2.3433,-264.1459
-53.0296,18.5857,-323.7444,34.4740,-293.8465,3.2591,-390.6343,-9.8425,-361.5134,-122.2053,-185.0784,-50.3391,-226.8380,20.9966,-243.6836,30.4788,-154.0173,-13.0914,-267.0959
-107.5238,-29.8613,-283.3593,-1.7731,-285.9422,-3.9687,-341.2332,-12.9137,-349.6837,-126.2473,-187.6743,-85.3518,-178.1422,8.3718,-240.0728,8.2057,-165.8361,-17.6727,-246.7681
-139.1038,-50.6533,-201.9727,-48.8622,-221.9106,-25.8502,-270.6968,8.5189,-327.8495,-40.6925,-175.3830,-79.5311,-132.7312,-8.1273,-218.5319,-7.2534,-198.5079,-7.2612,-212.6262
-114.9082,-21.0129,-153.3685,-47.3043,-157.1972,-42.1998,-233.7439,5.3251,-299.7235,-55.7795,-149.9775,-12.1032,-114.5381,-1.9342,-178.5958,-49.5310,-172.0141,-9.2138,-193.8793
-106.3934,3.3640,-159.8342,-39.4463,-132.9013,-49.2529,-228.6737,-35.8139,-255.6723,-126.3460,-131.2997,59.7669,-106.6033,5.7558,-133.2455,-84.6125,-113.9796,-41.1536,-178.2050
-93.9911,11.8581,-160.5619,-53.0657,-110.2857,-58.7734,-213.7662,-43.5458,-230.3944,-104.3122,-112.0181,93.0689,-93.7564,1.7821,-111.9263,-80.1777,-95.0221,-77.6447,-137.4456
-58.7348,12.1483,-132.6245,-56.4139,-87.8168,-60.3572,-169.6951,-6.6923,-211.1615,-51.4439,-79.4300,74.9741,-64.6556,3.4917,-96.8315,-73.8138,-102.6728,-93.7762,-82.2927
-65.2111,-23.3470,-120.8129,-57.3960,-98.9049,-61.8326,-116.3719,0.4641,-134.3426,-56.6257,-44.9254,20.2933,-17.5218,6.4361,-54.4259,-62.3430,-108.4314,-110.2185,-45.3413
-96.8758,-79.9376,-133.4888,-86.5652,-113.9046,-94.8094,-83.3893,-32.6072,-40.9593,-81.9363,-8.8841,-12.4695,19.0531,-2.6607,-14.4074,-3.3153,-117.3495,-148.5410,-46.1057
-70.2458,-113.0488,-130.2895,-127.1703,-103.3952,-138.9627,-84.2827,-55.8364,-31.7759,-119.8576,40.8193,-1.6245,25.4556,-11.8096,-14.7007,55.4261,-98.5993,-182.2199,-73.8441
-1.7466,-125.3195,-103.0620,-148.0244,-88.3971,-145.8672,-110.3065,-69.2418,-79.0614,-157.1310,81.2131,1.6257,29.7784,-18.0033,-34.5730,45.7380,-27.2191,-182.4573,-89.4718
47.2545,-123.3607,-65.9647,-138.7048,-52.8318,-124.3686,-121.5230,-95.1369,-80.8677,-116.0699,83.2685,-18.7154,60.2453,-27.2092,-35.8721,9.4556,43.1659,-161.8796,-63.4627
54.3680,-99.8863,-8.4098,-106.4450,25.6324,-105.6944,-71.2909,-116.9302,-30.5088,-41.5382,69.9884,-29.5821,95.7956,-22.8845,-2.9732,10.4294,80.3947,-141.7356,1.0659
11.3784,-83.7062,59.9115,-82.3224,87.9200,-86.9220,22.3366,-111.4893,22.1000,-40.3438,79.0480,-41.1506,109.2913,-13.4298,46.3891,35.5927,120.7320,-128.7899,83.1599
-18.2328,-95.9033,93.2335,-91.5975,94.0460,-70.5356,87.4608,-84.2561,69.7667,-58.5418,108.1052,-77.9585,123.1350,-42.8459,70.0222,47.3557,149.8327,-121.3301,141.7986
55.6303,-111.8662,94.2338,-112.6735,93.5104,-74.7386,106.5274,-70.1586,109.4309,-43.5460,130.8381,-114.3469,164.3034,-93.3705,71.3419,22.7840,129.8308,-104.2831,142.1227
162.2218,-112.6256,116.5821,-105.4146,114.2761,-83.7961,122.2955,-101.1005,120.9849,-76.7635,129.3792,-116.4068,200.6482,-97.4257,108.9922,-39.1670,126.9737,-76.2576,118.7811
172.4267,-89.6430,165.6002,-63.9002,134.2478,-65.6543,139.7601,-146.1010,128.3161,-148.4880,115.7367,-76.5458,196.5309,-64.4833,190.3430,-94.6764,201.2267,-72.1262,124.9990
135.9423,-39.8357,200.5229,-21.7433,157.4058,-29.6889,138.5564,-147.5229,171.5628,-163.2329,133.4062,-7.3453,183.2389,-49.3207,258.7805,-113.0035,279.1582,-100.7341,136.2561
165.5216,2.1330,223.4364,-9.3367,197.0587,-11.1327,145.4724,-126.1766,216.8759,-151.8834,200.4892,53.1071,195.4950,-34.8052,291.0386,-136.8896,303.8856,-120.5702,119.8435
244.4005,15.3232,265.5446,-12.9564,239.0909,-14.7152,185.4685,-134.9625,205.7138,-157.6247,272.0301,73.9184,215.9191,4.9205,303.6203,-194.7318,322.5685,-123.8953,119.1986
296.6766,26.0756,308.4280,-7.3523,269.9600,-15.2073,233.0804,-142.7070,177.1680,-122.6744,301.5766,58.9958,240.0786,18.5320,310.5651,-227.9431,338.4783,-138.8876,160.7261
279.1663,25.0352,317.3520,-6.2031,288.4847,-8.4206,267.7798,-105.7236,205.4921,-65.3462,292.5109,20.3677,283.1090,-17.2651,321.4037,-194.0660,306.7693,-145.5684,191.1346
226.5896,-10.4936,321.4306,-17.8971,303.7839,-15.3540,277.7586,-79.9425,238.3560,-85.6019,279.0810,-11.4801,314.3770,-34.7767,315.0324,-155.9606,279.7292,-121.0040,173.7094
269.7462,-31.5574,360.8553,-17.4653,324.0908,-34.3872,234.4690,-121.5467,175.1046,-176.3697,309.8894,-4.5222,309.9963,-13.7937,265.7406,-179.5515,325.4511,-114.2092,135.3649
430.5017,-19.8364,401.2541,-23.3149,322.4325,-53.8097,165.7605,-169.9053,85.1063,-234.4689,401.1271,-16.2454,307.4611,-38.1051,228.7213,-208.3729,373.0119,-154.1702,113.6124
520.9377,-45.6813,397.4696,-84.2144,280.9043,-92.5274,160.4401,-153.6176,128.3542,-184.4732,479.1211,-112.5010,318.7289,-138.2118,263.1693,-151.7285,336.8924,-184.1860,132.9071
465.4078,-109.9248,377.9071,-167.3703,246.9763,-148.2111,229.9724,-120.0909,274.2276,-54.1250,470.1335,-199.3459,312.7933,-217.2351,306.6144,-55.2104,270.9981,-171.6098,186.1768
409.8403,-131.8753,377.9333,-201.1984,242.6251,-171.7126,293.4004,-141.1017,345.8207,25.3524,422.4025,-172.2634,301.8489,-200.6029,292.5628,-24.4880,252.9203,-162.2307,225.3730
395.6386,-113.1130,372.1287,-194.4794,221.4937,-164.8998,309.7210,-173.1398,316.5341,2.8603,415.5970,-124.8062,303.5988,-143.3866,276.9430,-28.8767,257.8493,-186.1279,227.9173
350.9770,-109.1146,341.1451,-192.1773,186.0932,-180.1286,297.1527,-146.0074,302.7280,-10.9811,430.9239,-154.4464,287.9506,-124.9408,310.6276,6.0058,242.2867,-212.6280,219.1825
332.0853,-111.3807,312.9901,-191.1167,182.2603,-193.2515,273.1121,-113.2276,322.8677,-2.8500,422.0605,-172.8918,265.8059,-130.1340,351.6263,10.8408,227.0741,-203.0236,205.7014
369.9811,-96.6144,307.9308,-169.6459,195.1418,-144.5823,263.8069,-155.3966,317.7223,-93.6354,395.5529,-118.5900,288.9588,-106.6585,366.2001,-77.1752,239.2762,-153.3169,181.8218
349.9272,-80.1351,317.6230,-128.2564,205.2400,-73.7322,282.3082,-216.5358,309.9008,-219.0916,358.7642,-84.1399,328.2785,-67.0286,356.6705,-153.0616,263.9929,-100.1387,176.6467
287.7827,-70.8850,319.6123,-90.1122,229.2722,-49.8600,285.1064,-204.9803,328.8443,-201.7248,309.5488,-108.5129,313.2383,-54.0565,308.0127,-146.7010,280.2408,-84.8371,199.1215
311.0774,-63.6726,288.8610,-83.7981,237.1167,-60.0010,241.4938,-154.4180,316.5348,-96.6708,269.3316,-113.9695,248.7614,-61.3558,216.7805,-136.7003,280.5431,-98.6610,205.8937
350.1640,-62.7751,240.8455,-100.7040,204.9549,-71.6355,179.0135,-135.8565,259.0472,-57.0221,241.1087,-85.0486,179.7831,-60.6309,116.2668,-143.3410,256.2334,-101.4429,182.7211
287.0908,-79.3623,220.5460,-109.6991,190.2388,-82.4004,110.2316,-135.9036,234.8385,-51.7800,202.3954,-90.5836,132.0495,-58.9119,39.1759,-102.3160,209.8759,-89.2829,161.9653
212.5596,-117.9983,217.1365,-119.9640,201.2831,-86.4698,37.6582,-124.7078,256.3643,3.8158,165.8453,-140.4491,115.3459,-73.2028,-0.3715,-47.1267,169.7829,-87.8017,156.6582
201.1891,-152.3687,189.3450,-144.3881,172.9858,-91.8981,18.5043,-113.0116,256.6388,86.6215,153.7862,-170.5788,106.1962,-96.0543,-9.9367,-48.7658,156.6347,-96.1336,167.1480
164.0066,-152.6677,158.6614,-153.5611,122.1520,-114.9994,74.2005,-101.4141,224.0687,128.0716,141.9612,-158.0240,75.9028,-119.9803,-12.5652,-76.9012,152.7528,-91.1180,199.3736
94.2285,-143.9809,149.9012,-143.1999,98.3488,-127.2422,106.6195,-78.1114,184.1446,82.8977,108.9438,-150.8219,41.8671,-146.6209,-17.4138,-91.0238,136.2146,-70.4253,226.4026
95.5281,-145.3495,122.4710,-137.3746,65.8596,-106.4173,46.4173,-50.2443,136.6319,-1.3406,73.9858,-165.9584,10.9496,-161.1688,-23.9047,-97.1692,113.4782,-52.8855,212.3457
137.1101,-113.6833,65.7839,-118.0301,14.4939,-89.8134,-24.2314,-23.7663,108.0039,-12.9630,43.6530,-147.9488,-37.0762,-148.1063,-32.3620,-74.1474,86.9445,-46.4106,171.4854
92.7851,-54.6710,22.6520,-81.5631,6.4263,-91.8207,-6.2094,1.1551,119.4652,27.5868,5.5387,-83.6692,-58.4469,-127.3965,-23.6540,-21.6333,41.8308,-41.5507,133.1699
-29.8111,-38.4000,-8.6754,-74.7446,44.7536,-78.9561,66.2746,15.1249,100.0385,12.7270,-25.1984,-52.5344,-4.5985,-128.5934,-0.6526,-5.7771,-12.2635,-32.2765,93.9369
-118.7226,-49.7078,-44.1821,-83.7213,74.5010,-51.8386,84.7235,17.1429,0.8962,-27.2980,-31.4339,-91.7902,55.6356,-139.5224,-17.6898,-36.6230,-48.5928,-20.9027,45.7755
-141.6573,-29.7931,-62.8330,-55.3720,60.3321,-33.4721,14.1561,10.6599,-97.9780,-40.4255,-40.0443,-136.0675,50.7177,-123.6985,-71.5966,-45.4380,-73.7527,-9.0373,-11.2559
-158.8302,-17.9301,-86.4458,-26.2195,-18.6410,-20.0614,-75.0462,-9.6592,-139.7597,-74.6405,-84.4983,-138.0013,17.9206,-82.3426,-87.3652,-19.1466,-103.1896,-4.9849,-81.7306
-193.3375,-51.2636,-155.1438,-37.9845,-123.5204,-11.9983,-120.4285,-20.8728,-175.1146,-67.2833,-147.2346,-114.6238,-17.3721,-52.6826,-79.8807,0.0455,-114.8089,-17.3930,-147.2677
-191.2164,-67.0066,-214.9435,-34.3525,-165.5072,-7.9827,-148.6814,11.5050,-222.1016,69.0617,-179.8794,-71.3369,-82.0455,-42.0741,-130.1374,14.3311,-99.0877,-27.4062,-178.6514
-124.2557,-29.1321,-210.5717,8.2238,-164.2553,17.4146,-193.6559,52.5914,-249.2648,153.4483,-172.9727,-7.7091,-152.8449,-19.4369,-211.8344,48.1959,-95.6181,-12.1843,-191.8312
-60.2914,20.6006,-196.4533,27.2864,-205.7634,51.1432,-216.2018,47.2233,-274.8789,50.5392,-172.6209,29.5498,-195.4754,13.8554,-252.0463,89.3810,-125.9755,9.6505,-208.4714
-93.0176,48.7174,-210.9060,12.8651,-253.4088,46.2729,-187.8865,35.0788,-308.9699,0.2510,-217.8330,3.4272,-235.1033,14.2073,-259.4519,113.5752,-171.5185,12.1924,-200.7043
-222.7085,44.1636,-218.1804,12.6000,-251.4442,18.3177,-157.6957,78.4705,-311.6527,153.4379,-292.6419,-40.2730,-284.2588,-18.5508,-249.4948,117.7198,-223.3304,7.3702,-167.2522
-334.1965,21.6913,-236.8001,26.1190,-269.9583,14.4230,-164.3178,131.6220,-299.0644,270.4728,-361.3632,-37.2965,-326.8528,-27.5131,-213.5883,113.4730,-271.4924,12.1099,-174.5600
-335.0950,27.8339,-312.5048,28.5206,-339.0098,26.1804,-187.3116,122.1047,-317.5015,199.8371,-417.4350,-5.9498,-374.8982,2.7298,-193.2331,107.2785,-291.2542,24.8791,-236.3722
-285.0077,57.0949,-394.0235,25.4609,-375.7434,34.0543,-212.2840,82.4043,-329.6646,100.8425,-466.3777,-1.6644,-424.1315,22.5418,-216.8388,97.7016,-291.1672,38.3045,-273.8853
-286.2426,55.7314,-413.7798,26.7650,-365.7781,44.2324,-246.7331,75.4791,-305.2761,85.5686,-490.8664,-5.7993,-436.9714,12.9297,-244.7441,97.2183,-293.2206,23.2326,-261.8244
-318.9452,38.7552,-397.7812,31.6496,-363.7872,43.7834,-283.2444,74.9378,-302.2639,97.1999,-468.9493,34.4581,-416.8114,15.9433,-263.5008,113.4105,-279.6095,-39.6268,-274.6554
-328.7507,52.8259,-387.4129,39.7110,-352.8742,26.4182,-311.6259,24.1756,-333.5148,81.3498,-412.0865,91.9466,-386.1714,50.1298,-285.9405,105.7662,-257.7689,-85.9828,-349.3049
-339.9175,75.4900,-364.5962,51.9695,-302.9792,27.1669,-340.4030,-62.1729,-346.9179,22.6363,-351.1187,108.2626,-338.2151,74.1544,-287.8237,44.4742,-279.3636,-44.7579,-433.1236
-348.3101,76.7274,-307.5858,72.0418,-255.8154,54.4210,-381.8983,-140.4263,-363.7402,-70.0321,-294.1661,99.8197,-294.1573,56.9679,-276.4091,-19.3530,-317.9774,32.8184,-475.6522
-307.0158,69.8680,-242.0947,87.3575,-251.9341,69.5112,-431.6325,-209.7061,-423.3564,-169.2341,-245.0922,100.9664,-298.1005,22.2325,-294.7777,-40.7062,-302.4351,62.9215,-472.5836
-265.9924,58.4818,-215.2599,71.6945,-282.3806,58.3699,-456.6867,-266.4472,-458.8501,-267.1132,-238.6289,89.0898,-335.4493,1.2432,-318.3634,-49.4674,-274.9890,66.1975,-429.5890
-293.7381,38.3824,-236.1212,37.8417,-314.8414,39.6185,-421.7461,-260.6169,-402.9368,-313.0489,-282.9708,44.0900,-364.9339,-7.2906,-309.3788,-58.1921,-304.7169,86.6964,-347.5599
-340.0660,16.3340,-258.0379,23.0268,-316.1852,23.9855,-346.3258,-174.0124,-289.3669,-218.8377,-316.8612,-12.3703,-379.8012,-11.5111,-295.9416,-41.4612,-337.4250,96.7566,-241.4071
-352.6165,-10.8642,-254.3593,21.1952,-287.7082,14.2843,-282.4661,-72.5588,-157.8770,-52.9871,-306.4681,-54.7386,-376.9639,-10.3382,-276.1503,-22.3298,-323.7463,69.8558,-150.8860
-348.3495,-38.5102,-262.2552,6.7819,-263.5036,3.6085,-236.1512,-16.1488,-18.0385,15.4234,-296.7714,-69.3034,-351.9857,-15.9227,-212.6249,-27.5709,-322.7252,28.0236,-118.3565
-325.8484,-59.1017,-296.0822,-21.1481,-254.8550,-24.2808,-190.6582,13.6832,84.1812,11.0898,-299.4218,-65.7824,-319.0334,-36.6790,-146.5114,-20.1640,-355.3048,-9.8595,-136.6821
-301.9233,-86.8683,-311.7619,-56.8681,-245.3595,-63.1617,-165.3844,49.1242,106.9618,64.8453,-265.4523,-67.2769,-278.3307,-42.8266,-123.6114,9.2375,-362.0354,-44.7140,-154.5418
-322.5835,-97.6909,-297.4882,-79.0474,-225.6315,-90.3824,-171.0506,69.2916,70.5795,120.5233,-211.2916,-47.9801,-230.5258,-11.6049,-96.5446,13.2732,-326.4041,-81.5142,-161.7525
-331.5685,-48.3477,-286.2398,-63.4425,-202.5184,-100.1357,-176.7845,43.0775,6.7574,69.3888,-207.3664,23.4337,-209.7468,23.9859,-48.5837,-1.0307,-264.6215,-117.8212,-191.1945
-258.2001,1.7778,-278.0269,-48.1113,-201.4229,-94.2224,-166.9888,-8.2212,-60.1053,-1.9869,-235.8434,75.0217,-215.1041,30.1794,-42.3245,16.5676,-181.1006,-125.7012,-226.1465
-182.3261,-22.2631,-257.5496,-71.0089,-233.0159,-79.4086,-158.0054,-38.7352,-88.5460,14.7843,-215.5345,37.0145,-195.9037,21.0162,-74.9777,51.7334,-119.7511,-95.4146,-223.8955
-165.7251,-60.1191,-246.3197,-80.1836,-253.4598,-80.5586,-158.1950,-50.2453,-71.5723,37.7576,-137.1481,-6.0563,-157.5432,14.9459,-72.9302,49.9342,-110.5818,-84.9632,-205.8627
-141.9566,-51.9699,-250.6765,-51.9300,-232.1510,-104.8746,-156.3589,-74.1222,-53.6940,-28.9200,-63.6130,34.1905,-149.9444,8.2287,-23.7227,5.8183,-104.0169,-126.0391,-192.5117
-112.2642,-54.9631,-233.9080,-59.2407,-203.1257,-126.3065,-114.8311,-84.3217,-35.8878,-100.1717,-42.5277,75.2847,-155.9107,-5.6309,32.4594,-30.7917,-89.1137,-148.2148,-128.4175
-131.0034,-98.4170,-188.7892,-115.0661,-176.3298,-136.6649,3.9098,-30.7203,25.5239,-74.7093,-65.3966,12.8742,-121.7434,-40.3300,81.5759,-23.3106,-115.8467,-106.1681,-5.9720
-136.3262,-138.2339,-144.4001,-148.5768,-121.9216,-144.4710,142.6919,39.5009,95.4021,-38.6241,-82.8342,-103.2914,-51.9764,-97.4414,113.2000,-17.3628,-136.4268,-61.5730,72.6279
-83.1720,-152.6647,-98.3467,-144.4991,-58.7552,-129.9478,182.5743,37.1696,87.9945,-104.6710,-70.9820,-157.9902,8.6003,-127.8334,100.0771,-72.4473,-60.4349,-56.3025,73.7600
-44.9523,-127.7714,-35.7223,-119.9728,-10.9422,-83.1688,131.7127,-10.3747,32.8719,-183.4196,-72.4570,-126.0677,31.2497,-96.4514,60.1290,-122.4698,52.5436,-53.0939,91.2684
-39.8053,-67.1412,17.6492,-70.0910,54.3020,-43.9052,122.8311,-19.6574,45.2916,-149.7647,-114.8286,-79.7360,28.7148,-56.4773,63.3612,-80.2251,92.9732,-33.9055,153.9652
-19.9268,-37.7924,42.4852,-33.6909,140.3001,-39.0122,190.6819,-5.2965,126.3661,-82.5410,-142.1577,-76.8040,51.7285,-61.1062,121.8085,-29.6293,89.1957,-18.5660,179.2973
8.1143,-54.8743,71.7064,-44.5061,206.1842,-48.2525,236.9928,-17.2173,164.9967,-93.1237,-103.0758,-82.6497,120.9016,-73.1136,148.2781,-65.6336,113.1926,-7.8930,145.9228
54.0793,-44.6097,127.9505,-50.8609,257.0413,-58.3906,216.8839,-39.2185,135.9954,-116.9180,-27.0955,-47.2368,190.3460,-49.3233,100.3627,-100.4130,150.4613,-0.6906,117.5813
143.6859,-3.5459,188.8982,-28.1855,308.2863,-70.5284,181.6317,-63.0129,115.2701,-81.3040,40.9901,-1.0460,226.2290,-21.3978,64.1568,-73.0534,169.6849,-5.5932,111.4510
206.9616,13.0020,239.7393,-19.9527,331.0312,-61.8600,156.9067,-111.5332,112.9130,-53.2841,93.6032,12.9657,240.6564,-27.4442,95.6676,-74.8455,191.4969,-5.2075,108.2418
201.1483,15.0239,277.4202,-20.7270,321.4556,-20.6209,127.8502,-152.0703,75.2775,-97.4896,129.3336,8.5162,234.5738,-47.7473,120.5620,-112.7624,241.8298,17.4437,133.8545
201.5258,12.5368,286.8904,-10.9274,308.2522,9.6199,112.9514,-145.0215,19.6801,-173.9748,149.4225,-9.0646,209.8763,-49.7549,90.3591,-101.4610,295.8951,35.6863,198.8381
221.9863,-14.7703,277.3696,-24.5913,290.6660,-7.8255,139.4843,-129.4335,6.2516,-199.4840,178.0132,-49.5226,201.9258,-41.9553,69.6799,-90.0119,292.8080,19.7286,245.1714
205.3547,-33.4942,275.1154,-48.5693,266.1385,-41.9167,178.5723,-135.2708,34.0857,-136.4468,227.5577,-75.4600,217.6774,-53.3953,100.9387,-154.8699,226.9673,-25.5888,240.9691
183.6757,-27.3123,266.5782,-37.9492,249.2341,-60.2148,187.3026,-132.8945,79.0392,-57.6978,267.2953,-56.2697,220.0701,-81.5466,142.8225,-220.5541,186.1908,-86.9334,227.6369
194.8777,-45.1033,241.9245,-39.4644,235.1610,-89.3899,180.9330,-127.9414,146.4610,-44.3142,270.6225,-27.0043,207.5542,-98.2878,163.5374,-215.5935,220.7024,-154.4819,227.4721
188.4647,-74.4108,240.0025,-92.0177,218.0495,-140.6769,187.1670,-151.5602,219.5849,-29.6543,264.6805,-21.2080,212.0427,-102.9122,176.9632,-174.6571,255.7504,-208.9952,207.0905
158.8970,-70.4051,258.2017,-126.5978,199.9753,-161.0904,177.3713,-179.3435,256.9226,30.9696,286.4384,-31.1688,229.9711,-112.1704,198.2093,-137.4398,235.2845,-227.8654,157.1960
167.4705,-72.6130,241.6116,-113.7371,167.8879,-132.6494,131.7583,-191.2995,258.3998,5.9590,314.9686,-42.6102,231.6937,-114.3196,220.3373,-135.9238,217.6964,-201.1576,115.8915
221.9961,-104.1663,205.9353,-114.9998,132.0007,-119.2916,104.7278,-209.4877,246.8130,-96.2941,307.0101,-41.4982,207.2799,-99.9940,225.1284,-158.7837,238.4904,-151.9691,100.7925
279.4630,-113.7173,201.1736,-143.2422,123.3431,-150.3308,135.5330,-213.0447,215.2193,-53.1583,274.7253,-19.5156,178.3105,-86.2565,213.3331,-109.3440,239.4558,-126.9827,88.2609
278.6489,-92.9223,199.2075,-155.3134,127.6159,-170.0040,177.2983,-173.8082,160.7575,73.7191,246.0752,14.1067,181.3473,-63.7830,206.2411,-13.6676,193.4610,-126.9105,60.1346
175.3808,-67.9983,178.1845,-138.0161,126.4968,-144.7780,180.4554,-146.5992,128.9132,-8.9882,192.1322,48.9416,213.2008,-16.6274,212.1816,-40.3622,153.7047,-100.2844,28.9645
54.0135,-43.0456,176.6648,-104.5350,133.1809,-110.1492,153.5017,-158.2362,166.4578,-185.4036,102.0838,61.5702,215.3413,12.3895,233.3352,-132.4020,151.6962,-51.9059,15.5255
52.2696,-42.3316,174.1271,-80.5933,117.3322,-93.8275,116.5074,-133.8802,228.2619,-136.0276,58.1124,28.5643,165.8336,2.7247,258.1422,-79.4579,159.3627,-46.1645,22.5809
141.5792,-58.1076,119.6328,-81.4400,64.7804,-79.4227,88.0178,-62.5379,185.1330,-31.3244,108.5617,0.1974,121.2752,22.4864,213.4079,27.9192,159.9464,-68.0710,46.5540
188.5539,-34.3316,65.4886,-73.5116,63.6309,-48.5150,95.9706,-33.0692,-2.4603,-167.5009,160.6299,31.9076,117.8909,90.6779,59.3266,-3.5441,164.0429,-39.3275,97.4343
151.7278,-14.0867,68.8505,-42.0981,126.4564,-11.1675,128.5181,-41.2995,-175.6888,-305.7973,126.4419,49.2382,122.6263,122.4036,-79.1586,-48.3752,153.3231,25.7497,169.3361
68.4797,-70.0268,77.2978,-32.7952,132.5712,9.0802,133.8788,1.5718,-180.3466,-159.5085,59.6777,-20.0990,106.7418,92.7338,-70.8112,18.3133,98.4987,57.3723,211.4556
0.5882,-118.8809,58.1396,-42.0679,87.2430,13.2869,98.3183,74.2902,-97.5855,27.3815,30.9077,-82.3712,82.2830,68.6419,20.4358,34.6579,39.1539,72.6949,186.6599
6.0552,-84.7346,55.5863,-13.9382,109.1713,30.3308,52.1492,81.8233,-88.1223,-6.7658,10.7690,-55.8674,73.7886,65.9731,76.1018,-56.9075,41.7776,117.3665,130.9802
40.1202,-42.1719,69.4212,34.6430,158.3220,65.5677,17.0139,24.9567,-131.5461,-92.7352,-18.4640,-19.8520,95.3949,53.0282,89.7642,-99.6652,75.8429,163.6734,88.7072
24.4193,-14.5732,61.7686,58.8838,129.8948,94.2800,4.4653,-29.7130,-124.8341,-73.2790,1.7221,-34.3195,120.6571,40.2272,80.4796,-91.6777,63.7183,184.7650,45.1497
11.9255,45.8036,40.5217,83.8097,67.4992,120.7237,15.4055,-58.2612,-84.8908,-75.1979,67.9235,-51.3112,95.8268,36.9501,49.4882,-133.6327,26.7898,203.5110,-13.6404
41.3902,82.1602,18.6344,121.7822,19.9081,165.8904,15.0351,-70.4724,-71.3816,-162.2260,80.0811,-56.1341,27.2402,18.1516,27.7565,-169.5261,23.9936,214.9716,-59.4149
4.7240,54.3454,-16.5829,131.6812,-51.0882,202.2985,-22.4233,-76.3773,-62.5598,-211.5400,13.3816,-71.9678,-18.5196,-7.1801,19.1014,-145.1552,19.4384,191.1670,-79.4689
-107.7132,44.6553,-61.4255,114.8138,-119.9840,191.8567,-56.8840,-79.7842,-26.1165,-161.1754,-46.7765,-71.3394,-33.9469,-3.8676,0.3920,-127.3042,-34.9456,153.3412,-87.4167
-145.9931,67.6251,-102.9691,107.4398,-137.6479,155.9120,-48.2299,-64.8114,27.8606,-64.9262,-75.4344,-35.2511,-78.3600,16.1764,-3.3126,-128.4876,-97.9328,129.1295,-80.7216
-100.0521,61.2968,-139.5683,103.5213,-156.3059,127.3466,-33.1159,-25.7053,105.9230,27.0554,-131.8678,3.9001,-151.3736,19.1112,6.3213,-101.7398,-129.1504,88.6694,-67.2135
-103.8043,45.8047,-168.2027,81.3584,-214.7725,93.1227,-58.4643,2.7205,208.1138,91.8175,-208.8136,36.6487,-188.5458,12.3827,-27.4669,-54.0341,-147.9221,3.4305,-84.3038
-176.6324,44.6566,-196.1695,48.8238,-265.0676,47.0291,-98.9743,5.7145,266.3407,129.6257,-232.3538,77.2144,-183.9459,23.6936,-73.7474,-5.4450,-162.8350,-83.3493,-128.4755
-244.3967,21.4860,-229.5526,28.6912,-281.7955,22.8500,-111.2173,20.1317,226.3563,158.2932,-198.1144,94.8351,-189.5500,45.7952,-65.8197,26.4054,-170.7052,-99.5080,-148.1198
-274.3484,-8.7017,-240.4704,28.7318,-279.5385,28.8866,-107.4117,55.6204,125.2100,163.4391,-169.8285,49.5963,-205.8679,39.0403,-69.5451,16.6741,-187.3518,-42.1805,-132.6529
-252.4895,-12.7526,-219.3568,23.9959,-262.3818,29.7313,-112.2411,77.5250,-5.5228,124.5653,-172.4413,-13.2652,-191.9709,-4.4564,-153.5480,4.3128,-192.2175,11.6260,-108.5075
-196.2184,-12.1687,-206.3280,-0.8795,-242.3248,20.7484,-114.0067,85.3058,-185.9298,79.3168,-183.1554,-1.8382,-164.4610,-32.7615,-239.5229,28.5513,-153.5304,20.3485,-73.0159
-172.6104,-8.0093,-210.8356,-9.3909,-226.3407,32.2127,-109.3862,102.1989,-344.6201,63.9629,-192.2784,67.8692,-174.5651,-16.4777,-253.9268,28.6294,-127.9811,32.3679,-34.5390
-198.8201,3.0541,-198.9161,7.0862,-201.5655,45.3628,-120.5059,108.1291,-323.1591,61.0505,-211.5107,73.8624,-211.8907,-10.8777,-221.0928,-19.4257,-183.4848,64.9657,-52.8304
-236.3183,-17.7214,-167.0973,-7.9709,-183.4560,11.5814,-146.0379,79.5605,-140.1201,67.5214,-246.5731,-1.3178,-234.3794,-58.5830,-174.2554,-37.6222,-270.8030,54.4248,-145.5847
-268.1160,-48.8677,-138.3504,-52.8070,-192.8108,-40.4354,-169.9425,47.1602,-18.3317,93.3211,-293.0938,-37.8535,-251.0971,-98.5709,-154.2383,-14.6213,-317.8076,2.5981,-231.2368
-269.2302,-40.7771,-127.2005,-63.7324,-205.7564,-43.7490,-193.5968,45.9350,-52.9431,99.3129,-351.5769,-9.3280,-283.2629,-65.3254,-199.8134,0.9429,-345.6061,1.7107,-235.5242
-221.0849,-48.2643,-143.3094,-52.9998,-207.6791,-18.3627,-201.4769,69.9240,-114.1403,71.5760,-425.0424,-1.5189,-307.7120,2.3412,-263.7440,31.8280,-379.1725,59.9132,-177.1870
-186.5974,-104.9695,-172.6098,-59.1567,-208.9064,-19.5862,-169.8757,101.8262,-112.2974,73.6787,-498.1372,1.8709,-309.3307,40.3968,-283.9468,82.2114,-387.5815,91.0675,-112.6156
-218.2765,-118.2946,-186.9278,-41.9929,-192.5985,-25.9313,-132.6904,123.8452,-85.2205,119.1919,-544.8531,70.7749,-308.3928,55.9367,-278.2171,83.9882,-373.9896,74.5337,-75.1479
-268.0553,-54.2329,-195.2662,8.8126,-154.4347,-7.9895,-130.1760,114.4907,-59.9760,138.2594,-558.1772,144.9175,-299.9086,63.7813,-261.4610,47.4325,-373.9823,54.9336,-77.8047
-298.7519,1.3017,-208.0432,24.1489,-136.0390,-1.5975,-131.7427,84.5347,-53.5439,118.9509,-549.0129,147.9156,-260.8670,29.4983,-222.8205,51.8531,-372.0329,43.1342,-112.3159
-329.3017,6.2941,-203.0491,-1.9863,-156.6482,-19.6934,-120.2382,69.1698,-95.4410,112.9159,-535.6285,128.8804,-219.6884,-41.9896,-195.9223,93.7719,-342.7861,29.9013,-149.3002
-341.1947,-6.6928,-200.0779,-6.5988,-201.0106,-23.6308,-138.1539,66.0918,-143.5602,121.2738,-539.7552,133.2461,-223.4026,-74.4693,-201.5259,120.7772,-305.7657,11.9842,-169.5311
-311.4070,-8.3346,-240.2001,15.0883,-260.5001,-14.5357,-183.1452,51.6136,-160.2799,113.3372,-549.9335,128.9548,-261.2479,-51.6106,-217.5839,130.3751,-270.5372,-22.1442,-177.7444
-279.9203,-2.4491,-283.1313,17.8484,-315.3972,-26.0508,-221.0504,36.3518,-216.0058,80.5844,-514.9789,113.6622,-291.7667,-41.6815,-257.6391,144.5474,-233.0650,-57.0946,-186.1366
-271.2960,-28.6824,-280.4779,-17.9204,-341.9722,-53.5508,-279.0963,23.7378,-319.6332,9.1894,-427.8134,125.3473,-298.9797,-48.8145,-318.0375,167.3481,-222.9534,-57.2994,-214.7291
-267.5127,-80.4088,-262.8912,-67.8190,-345.6178,-75.6505,-355.3835,-23.1873,-357.5223,-91.7340,-350.8989,173.4096,-278.8335,-16.5723,-330.3262,175.9495,-236.9943,-43.6620,-276.7474
-275.8086,-73.5992,-244.3724,-79.8459,-324.1901,-86.1603,-360.0729,-99.6492,-334.7488,-157.5282,-317.6674,245.0171,-221.7789,28.8075,-300.8955,144.6270,-209.5673,-59.5827,-333.4576
-295.6484,-21.0632,-199.6876,-52.2440,-266.7174,-88.2558,-283.3661,-143.5152,-367.1665,-165.6348,-302.5607,320.4458,-136.4961,29.5336,-309.0338,99.0469,-150.6067,-86.7765,-329.8891
-279.3982,-39.8803,-156.9943,-58.6658,-205.5991,-105.9195,-228.1546,-145.8886,-423.1985,-172.5709,-287.4855,385.4380,-54.4718,1.9033,-331.7458,80.0700,-152.5133,-100.2560,-286.1363
-219.8409,-108.0463,-144.9719,-114.4800,-172.4680,-153.5412,-214.3242,-154.3587,-396.6998,-192.3049,-266.4352,456.9580,5.1846,-66.3127,-291.9034,76.5848,-202.1836,-121.6284,-263.3437
-175.8660,-114.8121,-126.4324,-147.7441,-153.5680,-192.2194,-170.5639,-171.5093,-316.4296,-181.5450,-235.2996,540.8237,52.7025,-224.3964,-206.8378,81.2174,-189.7273,-146.6259,-260.3717
-158.2589,-94.3316,-93.9583,-146.7148,-143.8559,-189.6663,-97.8252,-179.3568,-248.9650,-165.1279,-218.3059,603.2535,98.9831,-371.4819,-128.6489,98.2289,-101.9022,-137.7943,-240.6374
-107.4725,-109.6052,-82.5205,-150.4426,-139.5192,-166.2086,-49.2714,-202.5356,-203.5666,-208.1435,-219.5669,641.0872,134.0206,-348.2162,-74.9941,71.7281,-16.1443,-110.4705,-206.6861
-19.0067,-108.9508,-74.6020,-143.5026,-98.9360,-138.3775,-18.7523,-234.7791,-196.1375,-272.5138,-186.6831,683.6933,156.9414,-217.7662,-58.3351,-5.4150,33.2782,-108.5152,-163.0675
31.9597,-86.3605,-41.2467,-134.3987,-16.6579,-120.0453,30.5039,-219.2519,-193.7947,-273.8909,-106.1048,708.3584,193.5425,-152.2884,-55.8706,-20.0221,50.3812,-119.0873,-94.5981
33.8503,-107.7295,0.6717,-185.0681,50.1043,-149.5689,88.5285,-174.8484,-125.8753,-246.2216,-27.7636,668.5887,243.6421,-150.8798,-26.3442,39.6422,52.2458,-106.7041,-30.2967
73.3162,-156.7995,42.0543,-262.1749,80.9990,-206.0709,105.9179,-178.9468,-55.7965,-255.7246,32.2631,578.8842,262.7118,-126.7658,5.1889,55.0082,87.6588,-80.0952,-7.8981
148.8869,-189.6754,75.4297,-271.4599,108.2823,-210.6401,78.4915,-203.0716,-63.3150,-224.7265,69.9380,488.5259,241.5001,-81.9669,14.7356,48.4541,145.4641,-61.0158,15.9421
121.1570,-218.5027,72.7383,-233.8787,143.9252,-171.9492,87.5328,-162.1217,-36.4794,-100.0352,53.6349,425.9402,231.5088,-38.2247,45.1575,99.2321,125.5173,-47.9626,82.5257
-20.0765,-236.6674,56.6690,-228.1418,170.2830,-165.7933,165.0007,-104.6467,81.6705,-67.0805,46.6014,392.1225,255.3779,-0.7678,84.6711,82.5399,29.5251,-49.8275,124.2844
-64.8995,-241.3132,78.8725,-258.3055,166.8459,-197.4460,191.4892,-144.9720,115.8010,-253.9772,180.3083,349.8585,277.7393,-17.7127,58.9676,-92.8350,-7.0504,-94.1063,81.0176
69.7596,-287.7029,116.4730,-305.0146,143.3159,-244.6783,101.8462,-252.4038,19.8994,-427.3219,416.1523,237.0297,284.0603,-112.2651,-5.6214,-246.4713,38.5246,-169.5631,26.7355
173.3847,-384.2615,130.3965,-363.1039,154.5792,-314.2514,41.3764,-304.2240,-2.9718,-371.7615,579.8428,37.1828,300.0131,-228.2679,-14.0878,-250.8383,47.6003,-215.2038,52.6330
105.0897,-458.7828,151.3867,-391.2170,215.7817,-357.4887,108.6206,-287.7486,97.7606,-260.4565,626.3105,-173.3653,330.8784,-312.7788,36.5578,-219.7115,4.0999,-202.5012,128.4247
26.1026,-465.0746,197.3012,-356.4924,263.7952,-318.1737,186.2393,-278.7636,166.0964,-274.5546,627.7555,-280.0789,357.9559,-344.6225,90.6379,-214.5594,0.8898,-181.7101,178.8875
83.3192,-412.9591,231.5120,-299.7237,274.6321,-261.7419,199.7027,-287.4547,180.6663,-282.7972,606.7776,-257.2498,378.2840,-318.1866,138.6832,-172.5032,40.8730,-204.0387,197.2482
168.4937,-341.8877,244.2942,-269.9628,285.2100,-254.8323,232.9415,-268.4062,232.6053,-197.8244,578.1777,-202.4953,396.1906,-278.2053,192.5014,-125.0645,71.1337,-233.6839,220.8970
174.4277,-298.6381,260.0599,-253.8540,297.2794,-230.6643,300.3432,-215.8530,288.4032,-158.5753,595.8706,-200.4205,407.6087,-270.3732,236.2695,-144.3981,110.8053,-191.7020,273.8864
183.5676,-284.2522,293.0519,-220.0619,318.7645,-148.1750,321.1529,-146.6301,272.5679,-190.5808,650.2662,-233.6301,418.4429,-263.6743,243.5388,-183.6599,167.8512,-80.5412,359.7293
242.2041,-264.3138,348.7409,-175.3698,394.6572,-89.3645,312.3163,-63.0392,228.6545,-155.5105,673.3336,-261.9747,440.1376,-229.7133,221.1172,-180.2392,189.5075,6.3778,456.1521
252.4873,-221.7868,412.2911,-129.5835,487.1513,-80.5124,344.4977,8.7062,235.5970,-60.0431,646.1942,-262.3022,459.2951,-199.7583,213.7080,-157.8344,190.9266,31.1717,514.7572
214.5064,-147.2968,450.8686,-57.9848,518.7458,-40.9818,388.2304,31.4734,284.4182,-33.7573,594.7798,-204.8723,451.4689,-174.4657,233.3261,-145.5666,237.9134,64.8965,507.1016
267.6204,-68.9690,462.3623,29.1024,525.9678,36.1539,381.5099,28.2921,313.1613,-68.7022,552.0961,-120.7054,425.5199,-124.8574,238.7423,-132.3835,288.6737,128.9832,460.6717
410.6116,-57.9114,468.4784,57.7621,553.2656,67.3764,344.0312,48.3650,321.3258,-40.1022,555.8810,-94.2518,414.8176,-75.6510,231.8885,-103.2660,267.7855,140.2559,422.3302
486.9043,-77.6927,471.7282,31.8702,544.2049,52.3871,335.0428,80.1213,385.2354,74.3387,589.6611,-109.6287,423.6885,-49.8025,265.2405,-58.6461,243.4279,97.8133,405.8279
462.2985,-7.3917,473.1217,62.7427,495.4475,79.8050,371.0965,82.6304,515.2445,148.7770,575.7680,-75.7447,418.6617,-14.3380,333.8932,-22.6396,311.1471,109.3339,389.2759
439.4195,114.9906,480.9039,163.3687,477.1449,165.5145,409.1852,64.7975,601.9645,112.9110,507.2124,1.4360,385.1596,37.6317,393.6198,-12.0272,404.4796,173.3216,352.4538
451.7042,163.9186,484.7029,225.2970,474.2495,232.1264,401.3552,71.1863,585.4290,89.2522,476.4078,52.8416,363.4681,73.2702,440.0863,13.1472,413.8528,192.1497,311.2675
452.3309,172.5643,478.9373,233.7297,448.8367,242.8737,365.9037,119.6305,524.4612,175.2659,514.0497,64.4880,391.7584,96.4076,464.1462,88.0968,362.8395,181.0344,304.8758
420.8910,210.0917,471.4342,254.1367,442.7459,241.9037,359.2065,179.9219,461.8943,242.4210,535.1918,51.8474,431.2109,133.0678,444.9248,157.9029,330.4500,202.8355,343.3186
379.6897,236.7966,446.1369,273.2968,455.6975,265.2623,383.1045,213.0899,394.1482,184.0280,486.5470,38.8870,410.0054,185.0600,417.9401,161.0247,332.5110,217.4727,388.8874
373.3230,261.2023,393.6413,275.6997,422.8506,300.4062,387.6946,229.4027,330.8159,117.1225,421.5428,56.9399,336.3174,239.3992,405.7481,138.7084,351.4301,200.1035,398.8430
416.5109,328.0528,345.7948,306.3328,353.7861,326.7129,349.8744,264.3120,262.8130,130.3197,396.3046,76.7632,283.7220,266.7998,356.3737,156.8960,369.1063,203.1557,365.3669
444.2911,364.9636,318.4814,340.0812,298.3330,333.7979,293.4192,303.9936,182.3677,163.0926,387.8671,50.2565,264.2867,247.8995,267.8083,201.3314,359.5873,214.1449,315.8370
408.5176,331.6487,295.5948,322.0817,254.1588,321.6475,248.1615,323.8533,135.0214,215.2932,353.5518,16.4126,225.4794,231.8218,211.3539,233.7264,326.4758,188.5579,291.0044
360.7621,327.2774,282.0888,308.1784,226.6320,312.2397,215.8330,358.1386,117.4203,325.5329,304.9304,15.7869,169.4597,268.8764,184.8186,263.0648,305.0888,169.9162,294.5231
337.5115,382.5276,283.1672,342.5320,231.9508,322.4289,176.9467,418.9603,64.1721,424.5458,276.8542,1.7834,144.1010,305.7252,134.6354,305.7196,295.8854,186.2288,271.3443
308.8132,414.3686,266.7687,355.0281,227.4400,330.2257,134.0197,443.3687,17.5881,466.7426,266.0833,-52.3082,133.8849,272.5807,85.5757,350.2947,266.4666,194.8864,195.4772
274.6887,395.1585,217.1601,320.4247,178.1643,313.4910,112.2562,415.6831,56.6963,497.9284,246.3130,-106.4082,95.4857,203.9891,82.7766,376.1491,213.5579,203.7796,130.2101
238.7472,359.2810,161.9064,300.7123,121.2793,293.3013,105.0317,397.5338,95.9703,518.1005,220.8552,-130.4695,55.4105,165.1472,99.0186,361.6270,162.4546,239.5251,124.3215
168.6537,342.6845,120.8159,306.0556,82.8300,298.2937,82.1420,398.1251,41.5050,508.6255,217.4588,-118.5139,45.5936,156.3788,94.0209,308.8089,129.7681,271.8835,133.4805
105.0525,371.7556,90.0727,306.1154,34.3776,317.7735,41.5077,375.6709,-24.7448,483.5984,231.3016,-88.7943,20.2871,156.0410,64.9556,263.7505,118.2906,317.9344,114.0363
112.6522,411.1062,58.9242,307.9798,-38.3768,318.3385,-9.4149,336.2792,-30.1197,410.9665,216.8848,-76.3480,-51.7553,162.8475,30.5991,247.1828,121.8654,413.1847,85.7105
109.4618,411.7690,17.2530,318.2162,-104.4129,293.9998,-69.8052,304.8997,-20.5452,312.7367,161.3393,-65.5308,-111.4782,173.6434,22.1532,220.4597,125.4583,461.6346,60.1716
14.2679,409.0819,-24.9336,328.3499,-132.4733,281.2508,-107.5896,283.8402,-19.8603,315.3505,118.8204,-38.8261,-110.2945,186.3427,31.3734,185.0560,117.7423,386.1554,25.2719
-51.4679,424.7035,-49.8603,338.3416,-131.5737,302.9147,-96.0325,286.1884,-36.9975,380.5079,127.6147,-55.0711,-86.6889,212.1857,-6.0617,194.9489,97.9699,298.3063,-4.4271
10.1717,408.2831,-70.3031,332.3970,-131.9370,317.5870,-83.9952,305.5368,-106.3878,341.2067,149.0926,-110.1591,-93.8260,250.9431,-81.7355,233.1933,65.0775,280.3773,-20.9820
65.9305,363.8378,-104.8611,298.2424,-139.1549,281.2927,-122.4843,296.7604,-158.9646,267.7872,138.8518,-102.1405,-130.9466,281.2832,-81.6787,233.7938,16.0178,248.4474,-50.9936
-2.9610,322.5052,-139.5326,257.9529,-150.9990,224.9329,-170.7048,262.9054,-99.0931,308.8670,104.1006,-58.0453,-169.0709,283.8547,15.7605,206.5725,-39.8902,172.0297,-89.8416
-108.0260,254.6599,-160.8235,221.5396,-187.4354,200.3093,-176.7258,256.5377,-15.5301,350.6055,56.8666,-94.7564,-197.5528,252.0725,80.2715,197.7338,-76.8287,137.5110,-93.1884
-143.2256,187.3206,-180.4626,191.0830,-234.7442,202.5711,-164.9636,281.0834,-18.4539,304.9405,0.1964,-172.6804,-228.1940,190.7992,50.8142,210.0437,-81.8698,166.7763,-56.5050
-134.0553,193.8563,-199.5249,196.8750,-236.0826,203.6074,-167.8376,300.7653,-32.7855,317.5389,-41.0682,-206.5680,-262.0839,121.4235,11.3428,231.5462,-80.1586,207.4101,-23.1107
-136.1539,220.1438,-198.7852,227.2469,-193.3167,200.6911,-170.4111,304.2725,1.4528,391.6459,-59.7260,-234.9636,-277.1563,74.6319,2.3773,230.1789,-98.5920,237.9457,-15.3128
-153.5170,190.9974,-172.0363,225.0220,-165.3744,203.7854,-163.2738,300.7689,14.4365,367.1510,-91.9253,-275.0300,-269.8381,60.8046,-20.0736,167.0475,-132.8712,259.0079,-16.9029
-175.6703,169.8646,-139.9337,211.2729,-164.6642,221.1800,-158.0970,312.5754,10.3035,306.0371,-146.7180,-291.1474,-270.5426,58.7335,-40.3096,100.5897,-174.0730,269.7038,-16.1038
-188.5173,202.1066,-130.6188,240.9133,-172.1689,247.0799,-146.4442,341.7182,51.8780,334.5280,-185.9656,-303.8041,-292.1408,51.6066,-18.2870,118.5559,-204.5531,261.9393,-31.8949
-159.6341,220.3093,-143.1143,257.6923,-198.2003,244.7979,-127.1857,323.0430,73.3320,329.0493,-198.1642,-285.5977,-318.9346,54.7429,-12.6615,166.8631,-183.0296,197.7305,-88.0105
-97.7145,184.6584,-150.6545,188.4575,-243.7266,186.8813,-138.8440,224.1984,7.9094,201.1154,-210.9050,-168.2724,-344.6697,85.0621,-67.3114,161.3474,-124.6185,70.6721,-166.3682
-90.1969,125.7757,-154.7701,94.1522,-277.0445,107.7264,-181.2309,139.6111,-49.9181,107.1191,-238.8616,-40.2248,-354.7427,132.2185,-96.0579,152.7426,-118.4590,-42.0264,-221.0852
-178.6843,95.3160,-177.6006,66.5164,-275.1448,64.3027,-185.2981,141.7236,-23.9778,131.2198,-274.9443,-9.4997,-318.6284,178.8398,-52.7841,189.1723,-169.8913,-86.2604,-240.9689
-262.7233,126.6554,-205.5152,89.0894,-239.3699,63.1423,-140.1288,166.1609,13.5227,174.7658,-299.5544,-5.5513,-258.2117,209.7585,-35.2568,218.8454,-174.4677,-92.8922,-249.1582
-257.9665,161.6513,-214.1381,100.5816,-193.7165,68.3403,-126.8008,146.6764,-1.4368,193.2037,-287.4389,11.0470,-234.8830,201.5912,-94.7885,215.2374,-117.6946,-81.1114,-259.8700
-222.7029,136.5726,-205.2227,101.4167,-162.0165,65.7563,-168.3905,97.2575,-41.7627,196.5687,-243.1765,-26.6533,-244.2772,158.0216,-156.3074,182.2773,-89.8006,-34.9080,-278.2491
-197.4185,132.0790,-171.0342,136.1394,-131.0667,82.1633,-207.5867,40.2605,-86.3930,133.7420,-204.9555,-70.1963,-239.8107,129.8276,-182.5399,97.1722,-91.4019,25.5886,-300.7587
-133.8132,201.9158,-112.1440,203.5291,-103.7318,131.3034,-242.8296,-6.5066,-143.8090,6.6705,-195.8203,-54.1617,-238.5847,140.3889,-205.5905,-2.7309,-54.8840,62.3512,-298.8786
-67.5591,227.8597,-84.9398,236.7852,-131.0201,176.5123,-292.9598,-25.3906,-184.6417,-73.0763,-207.5963,-69.5368,-276.7247,144.7953,-209.1259,-47.0014,-8.5483,71.9948,-256.8658
-91.0470,167.7486,-115.3342,198.7815,-191.8665,178.1032,-290.9828,-29.3724,-156.7679,-48.9883,-219.8653,-139.0539,-317.0412,114.8369,-156.4634,-62.8362,-28.1827,70.1024,-209.9825
-161.2611,128.1392,-141.7657,133.9417,-192.8798,139.5249,-212.6385,-16.3801,-75.8293,13.8636,-208.2357,-144.0812,-307.9843,89.4144,-81.8538,-85.0929,-105.3227,66.7424,-188.5129
-191.9227,109.6791,-143.5622,83.6368,-153.4552,81.3326,-162.3186,34.5949,-22.2899,47.2777,-169.8901,-87.3317,-264.3812,100.8965,-39.4616,-60.2983,-175.3850,53.3344,-169.3859
-213.8076,45.7569,-182.3773,38.3302,-172.3501,22.2790,-175.8016,78.6638,-8.6429,54.8962,-144.5244,-72.3469,-231.0458,128.2394,-23.4362,20.3846,-203.3459,7.5740,-132.6196
-251.8567,-9.0076,-265.0676,0.8790,-228.3759,-9.3370,-159.8144,70.0151,55.3629,71.1420,-166.6147,-100.0759,-224.5273,142.8435,5.2773,81.4904,-202.0249,-50.7287,-105.9105
-254.4294,-6.1369,-322.3785,0.1387,-237.8741,-1.8397,-106.0524,55.9482,178.2314,96.1930,-216.0548,-124.9419,-224.9113,138.6758,44.8104,84.7369,-196.0179,-58.4865,-118.3153
-233.9875,8.5500,-316.5053,35.3818,-205.6100,23.5631,-106.3661,51.6479,208.5960,85.5097,-245.2059,-130.4330,-202.8291,125.4347,39.5031,43.2245,-174.4723,-10.6853,-154.3999
-247.6790,22.0832,-265.1503,70.6439,-167.6066,48.4793,-154.2617,-1.4139,75.4678,16.2727,-226.5074,-102.8066,-163.5745,129.0646,-28.0008,-5.0723,-125.9892,22.3810,-176.1922
-265.3189,36.9951,-208.9315,73.9776,-135.9778,62.0232,-170.7018,-70.5169,-70.4311,-60.6623,-172.3989,-79.3758,-140.5926,158.9320,-81.3283,-8.4103,-105.7652,6.2516,-173.2190
-232.0808,23.1422,-180.4640,49.0909,-124.0716,49.5296,-159.7856,-75.2772,-95.9371,-80.5829,-124.4932,-102.3442,-135.9639,167.6838,-71.7422,8.1826,-153.5197,-18.6564,-167.6766
-161.3533,2.6092,-155.1935,27.9074,-100.5702,21.6293,-159.9460,-55.9505,-68.5245,-42.8963,-104.7602,-118.7284,-126.6411,114.4467,-62.2575,-20.7177,-203.1039,-13.3666,-169.1026
-91.9540,6.8361,-91.0948,17.5313,-26.0536,1.0586,-147.0693,-66.4750,-81.3215,10.7683,-92.2771,-99.1833,-116.8498,50.2939,-91.7599,-48.3730,-193.4656,11.6178,-155.9107
-51.1410,9.9915,-24.9501,2.9594,37.1452,-13.6690,-93.7608,-63.9885,-100.6491,38.6133,-70.4819,-95.0310,-113.8040,49.0322,-101.1168,-20.5161,-148.5818,29.5047,-113.6364
-33.1552,24.5902,-4.1876,7.1918,35.0103,-8.7175,-32.6115,-41.7551,-94.4975,-0.2260,-51.3867,-90.0962,-95.8622,88.6081,-73.5018,-18.3167,-84.3293,44.5471,-64.0289
14.8983,67.5457,17.2764,46.2598,40.5113,37.6923,-10.8439,-43.2347,-120.5634,-97.0616,-36.9182,-56.9111,-56.5141,98.6548,-73.3000,-72.5574,-4.6086,75.4472,-41.5766
94.2099,60.9972,73.2871,61.7016,87.8819,71.1047,-25.5587,-41.2399,-188.7810,-155.9552,-14.2299,-76.7338,-18.0607,72.1541,-107.9572,-82.8654,23.9083,100.6891,-52.2673
113.1152,-14.0058,102.5375,21.3704,98.7900,31.9461,-32.7377,-7.3119,-211.2431,-116.7504,11.6676,-157.6290,8.4617,44.1489,-114.8777,-44.4919,-32.9917,84.9978,-65.0938
58.8643,-43.1046,83.6262,-6.0412,77.2952,-15.9954,-20.0261,12.8466,-174.1801,-58.4598,28.9104,-173.4080,25.9338,29.4406,-81.0832,-44.5336,-84.2663,49.2043,-56.1107
47.5154,12.9557,93.3179,23.3937,114.4346,-0.1484,-22.8975,1.2608,-180.3835,-63.6430,40.1819,-108.8636,41.1324,35.6691,-55.3311,-63.2932,-48.1801,27.0361,-47.1591
112.3405,69.1245,159.9939,57.7968,188.4248,26.1757,-42.7814,-11.1769,-238.7952,-93.2416,52.2236,-63.0542,66.7312,58.7875,-59.0954,-47.3406,31.8705,-2.5114,-54.0814
155.6777,67.0848,206.8530,48.5587,208.8930,8.5576,-27.1824,-11.9630,-221.7844,-96.2342,75.0920,-48.7691,95.0237,58.1101,-53.9733,-24.2709,77.7453,-49.1720,-33.6363
149.3796,16.6507,179.9139,9.7082,189.5519,-14.0609,35.4588,8.6900,-113.5595,-102.4666,118.1580,-38.8046,103.7953,19.2586,-6.2300,-15.8731,87.2841,-67.7465,36.9440
170.1520,-15.2590,123.9729,-8.3865,188.5209,-11.8864,82.8002,35.8027,-51.0020,-144.8827,163.4044,-54.8370,103.9955,-2.4010,46.8703,-30.0937,122.3194,-51.4175,92.4985
235.9323,31.9903,107.9923,31.5745,183.8557,1.7231,54.8459,3.4701,-60.0053,-199.3555,178.3475,-93.3065,107.0863,19.1805,45.2000,-92.8446,207.6897,-53.6215,79.5123
279.8935,83.2059,134.8669,88.0002,137.8580,19.1219,-35.3058,-81.5389,-27.6670,-207.8452,162.2836,-124.1061,82.1918,28.5774,0.1510,-153.6891,269.2917,-87.7843,43.7661
272.3917,42.1528,150.9930,79.5223,91.8948,17.2495,-89.7465,-122.4795,58.2166,-136.7186,143.5080,-137.3321,33.9080,1.0488,-28.6813,-135.5461,236.2353,-117.4902,47.5180
250.1557,-12.5412,127.5324,17.4876,99.1666,-20.6219,-31.1215,-109.7914,108.7882,-51.5008,140.7624,-120.4637,24.9777,-11.7252,-16.2813,-92.0269,163.4557,-129.5555,77.2282
247.7118,3.2895,93.5180,-15.1307,128.2683,-47.4756,58.2534,-107.6691,109.3916,-53.5114,152.8106,-89.3594,60.6136,12.7862,21.5990,-103.6456,147.1387,-130.8010,88.6463
266.1385,18.5685,87.2155,0.2850,129.0635,-31.8048,47.5601,-95.7404,82.5668,-113.0499,167.7510,-93.6076,86.6067,38.8922,51.8406,-122.9243,178.8572,-120.7960,82.8820
275.8506,-8.6597,110.5107,12.6713,129.3197,-23.6473,-13.5671,-36.8815,11.5097,-136.5150,171.2650,-122.0708,103.7205,55.5609,46.1925,-87.2974,183.1399,-114.8756,88.7979
234.4069,-42.7310,128.8466,-20.2032,157.4787,-54.3894,0.9605,16.4145,-67.5551,-147.6805,154.7115,-135.9214,145.3361,78.8707,26.5507,-29.8333,134.2289,-131.9167,100.3054
147.6001,-101.0431,110.0223,-90.0640,163.3679,-88.0064,56.2645,26.7863,-70.8664,-184.2243,113.1557,-160.0494,193.1442,90.7665,38.5417,-2.6471,76.2845,-150.3543,88.6670
83.8284,-165.0610,67.5123,-132.6052,124.0778,-102.7475,69.6984,27.5992,1.9785,-170.8201,53.7207,-198.7614,211.2119,60.2113,75.5132,-8.5215,67.6090,-139.2502,72.5396
72.9780,-151.1050,32.6451,-112.4788,92.5993,-112.8814,85.8195,33.6113,91.9609,-82.7016,10.5802,-193.6707,188.2130,-3.5699,109.1701,-12.6187,107.1476,-116.7718,90.4384
67.7350,-91.8719,-3.1480,-91.1035,75.1664,-127.9051,134.3093,28.8414,163.7971,-9.2975,5.6267,-139.0466,128.0034,-63.7511,137.5771,1.9635,130.8323,-118.3069,112.0796
55.4963,-71.7848,-51.2184,-104.0941,35.2557,-142.6795,150.2809,7.6411,184.5635,15.4538,6.3370,-84.1135,68.2326,-88.8143,144.3844,-10.0051,116.5593,-129.9499,90.9875
76.0410,-56.3223,-74.6699,-91.5449,6.5852,-131.4398,136.1610,-34.4339,151.5062,9.1960,-18.3972,-50.0973,52.9344,-67.3668,117.3784,-76.0227,118.5074,-113.7234,60.5129
108.2626,-7.3671,-60.0427,-39.3554,27.0398,-71.1512,150.2856,-88.2957,134.3581,-53.7958,-47.8000,-34.5462,58.7819,-20.2190,99.1922,-136.0288,159.7818,-79.6099,64.7310
102.1249,36.6278,-58.3275,0.0318,55.1942,1.8178,165.4462,-120.4729,165.5646,-144.5760,-72.2510,-16.2821,41.5230,15.9848,111.6931,-147.4025,188.1876,-70.1349,81.5161
75.9410,52.9867,-81.7975,21.1901,63.8136,23.2410,150.2635,-111.9434,186.8781,-159.4343,-121.2279,15.3906,19.4613,27.9954,117.1136,-131.2060,153.0790,-89.0816,87.5039
42.1688,17.0202,-85.0549,18.3075,67.4342,-8.9930,152.9590,-66.5056,176.8293,-85.4290,-183.5033,5.5291,22.2676,25.9281,110.2931,-81.8755,61.2526,-103.6492,87.0525
-34.2500,-75.3403,-78.8798,-37.7218,46.8844,-42.4549,175.1248,-4.4519,169.5464,-16.0324,-208.9516,-51.3406,34.4513,15.9636,115.0144,-9.0572,-30.4677,-99.1603,67.1108
-124.0178,-119.9001,-109.3349,-86.2565,0.3243,-44.8169,153.7023,24.9164,147.2631,-19.2456,-199.5897,-43.0381,34.8661,1.4445,111.7744,9.1715,-70.1964,-86.9427,25.4285
-152.7268,-71.6572,-141.5892,-65.9442,-13.8259,-32.7368,99.0029,-4.3477,77.4589,-69.6435,-187.0411,34.5447,18.7645,-10.0335,83.2298,-28.2676,-74.8091,-81.9899,-12.5861
-127.7560,-49.1688,-116.5044,-51.6281,7.8719,-45.9429,63.5423,-48.2310,-6.8311,-61.8966,-164.4808,39.1419,-6.2152,-15.0835,42.8726,-26.3858,-90.7050,-97.0545,-49.4781
-95.1864,-89.6166,-72.8943,-87.8221,-4.2939,-93.3357,34.2812,-65.6665,-62.1279,40.2017,-134.5058,-21.5827,-17.4341,-8.4270,-4.0250,16.1531,-110.0973,-130.8010,-91.2751
-64.4052,-105.2771,-81.5898,-103.6855,-65.0972,-135.2675,-7.5587,-67.1771,-77.7834,85.5808,-134.2123,-16.1536,-25.3815,14.7682,-28.2860,19.6213,-112.5612,-157.4982,-108.3439
-53.5052,-101.8778,-121.7475,-98.6635,-128.7341,-140.2303,-35.9262,-66.4530,-58.0674,-20.5342,-160.2967,24.6694,-77.9322,34.4232,-2.0516,-19.2958,-116.4754,-152.9430,-101.1013
-74.2738,-115.4711,-128.0703,-121.8807,-170.2298,-119.6211,-47.4247,-69.6456,-34.4061,-101.4706,-177.8586,9.6768,-154.8074,34.4595,6.7884,-53.2370,-120.2490,-124.2269,-97.8333
-98.5994,-103.9065,-97.0003,-128.1479,-179.8821,-97.8107,-59.2847,-81.1733,-34.9062,-22.2159,-190.0171,-7.7989,-176.6926,53.9712,-55.4858,-57.6885,-110.0642,-98.3335,-83.9474
-125.8950,-90.1854,-73.6086,-96.4968,-153.0396,-90.9384,-59.9769,-78.5547,-35.0931,62.3389,-193.8365,17.9888,-146.2056,126.2981,-101.8934,-30.9267,-121.5391,-84.4856,-58.2203
-160.4849,-122.6194,-81.0202,-85.9349,-114.6721,-92.5634,-51.2333,-58.0465,-30.5157,26.2363,-153.3601,28.1350,-125.2289,192.0096,-74.9443,-20.3106,-163.9325,-65.1385,-71.8379
-144.9053,-120.7313,-99.7900,-81.5810,-91.2308,-74.8112,-68.7604,-67.2780,-80.7915,-22.9728,-92.0902,12.3521,-112.4080,180.5868,-58.0715,-70.4161,-167.4061,-42.6261,-122.9623
-69.6510,-41.5749,-93.0834,-43.9692,-80.4710,-47.6230,-111.3179,-113.1081,-189.9232,-7.8414,-76.0986,21.8441,-90.3733,132.5337,-100.5362,-125.8788,-107.5650,-54.2755,-155.5503
-19.3367,12.4142,-50.8032,-22.8705,-79.8740,-52.5436,-134.6370,-145.7337,-269.3859,2.5306,-95.7125,59.4352,-93.1634,125.7597,-154.8928,-130.4348,-53.6853,-94.5587,-169.4302
-15.8064,1.9127,-17.7654,-29.6902,-101.1767,-66.7227,-130.6191,-157.9347,-272.2322,-27.4552,-114.3927,88.9936,-124.5720,146.5651,-187.1407,-130.4832,-44.2513,-101.2389,-188.2263
-9.4309,-10.6774,-39.8979,-14.1831,-145.4501,-47.0363,-139.7809,-163.2219,-242.6875,-52.0921,-158.5185,77.6794,-144.0918,136.8575,-183.7749,-153.2193,-45.0450,-76.4835,-199.0522
-7.9806,-11.0630,-85.3762,-8.2839,-192.2403,-40.8271,-185.7974,-141.9880,-230.5340,-37.6942,-227.2241,28.4826,-167.2186,96.0374,-155.4025,-151.3102,-31.8809,-96.1078,-203.5074
-34.4322,-13.2676,-97.9377,-50.4494,-218.1689,-86.1751,-237.5063,-116.5863,-232.1060,1.2747,-253.6843,6.8442,-233.0081,61.4436,-162.9036,-114.5289,-23.1873,-158.6309,-207.8929
-74.5892,-17.4173,-98.4170,-83.0602,-226.6977,-119.2196,-250.2931,-137.8425,-211.8746,20.2080,-230.4597,47.2409,-298.4243,48.8989,-204.5473,-77.9375,-41.9229,-188.0404,-190.2518
-129.1854,-39.8770,-129.5560,-82.8570,-244.8650,-116.5514,-236.0402,-169.8784,-170.1618,8.1225,-208.2178,84.2343,-300.8824,44.1869,-199.2391,-68.8651,-73.0952,-181.1435,-160.9639
-167.4535,-71.2435,-168.0397,-97.5188,-275.7223,-136.4254,-237.7942,-153.0268,-151.8988,8.5403,-184.1176,63.5299,-266.1796,16.4734,-153.4542,-103.2348,-78.3758,-183.5876,-143.8687
-138.3401,-94.8435,-187.7290,-135.4824,-292.2606,-172.1737,-240.9032,-112.1005,-155.3171,18.8067,-146.4206,0.5119,-244.6031,-44.0027,-133.4018,-134.6472,-70.6668,-185.9550,-113.7146
-108.9478,-146.5991,-208.9124,-180.3482,-285.2897,-181.3427,-207.8551,-81.1950,-130.7116,-17.9099,-135.5318,-81.1906,-216.3603,-91.9076,-122.5635,-90.7504,-104.3482,-176.0783,-75.7602
-158.0220,-222.8161,-229.1910,-220.7973,-265.0497,-195.2586,-168.1110,-59.8412,-92.4387,-76.1332,-157.7326,-142.2691,-155.9413,-84.9546,-97.8997,-27.9867,-175.0597,-178.2856,-74.2526
-217.2555,-263.1116,-228.0101,-231.5715,-228.5401,-230.7894,-148.9941,-69.9816,-78.8486,-73.7593,-168.9856,-141.5814,-108.2528,-56.9841,-83.1343,-47.6813,-224.0850,-180.6634,-68.5264
-254.0357,-272.5092,-228.2509,-234.6424,-172.1611,-244.6055,-106.6374,-107.6962,-50.6155,-26.9461,-162.9232,-114.0438,-110.1417,-59.1022,-60.6301,-90.5095,-219.5838,-157.2973,-16.5220
-316.0125,-264.1948,-235.1324,-266.9354,-118.7405,-238.5793,-46.1487,-119.2553,3.5604,-16.3029,-155.8986,-106.5474,-125.7198,-75.4594,-31.3765,-63.4437,-163.5375,-139.8491,-8.0027
-292.2409,-199.9809,-204.4758,-268.0885,-102.6949,-235.6832,-46.7366,-117.4376,13.4885,-57.4656,-138.6415,-97.0865,-128.1585,-76.0696,-52.5733,-26.9252,-86.8815,-153.8404,-89.7000
-107.4288,-131.0058,-143.4066,-203.7679,-124.7113,-211.1741,-89.8304,-162.1853,-15.5946,-115.2622,-109.7299,-82.9065,-133.0385,-87.0960,-90.5615,-54.5936,-43.0066,-166.1275,-158.9124
-19.6818,-139.4033,-99.6337,-170.9171,-134.8074,-173.2068,-84.5284,-225.3906,-30.3440,-171.8910,-77.0752,-87.9976,-122.5955,-132.0926,-85.5235,-117.3552,-28.8184,-153.5273,-171.1441
-164.5098,-157.9125,-66.0465,-197.1803,-99.5884,-164.4558,-53.0230,-251.0966,-80.1619,-230.2038,-41.4687,-67.0270,-74.3211,-172.5969,-111.2916,-187.6645,-2.3802,-125.3231,-183.0446
-211.2751,-129.6131,-40.8208,-194.7682,-66.8988,-161.7157,-52.5673,-261.0292,-175.2453,-289.4938,-38.1267,3.8778,-37.0330,-173.6191,-183.1681,-252.1181,-3.2504,-90.2689,-187.7197
8.8336,-126.2852,-70.8625,-167.4111,-86.0501,-136.3670,-32.9795,-273.7584,-185.4411,-324.0069,-98.9269,40.1877,-42.5084,-164.4681,-162.7209,-266.2036,-65.1005,-70.0788,-153.8065
157.2104,-128.3292,-127.6640,-159.1849,-112.4728,-122.5098,25.0571,-267.2045,-102.1611,-305.5776,-169.9024,8.8378,-40.4437,-182.8132,-68.0024,-239.8356,-78.0923,-79.9029,-117.9375
46.3000,-42.0658,-115.4647,-116.7197,-91.5285,-117.1607,32.4898,-262.9948,-91.8133,-266.9429,-195.1002,-3.3818,-21.2679,-216.2842,-84.1540,-249.4364,30.7145,-91.0101,-106.6283
-58.5598,63.3449,-45.4242,-41.5042,-55.5177,-81.1100,-32.1125,-289.1308,-179.0394,-276.9240,-208.5792,36.8462,-46.4311,-238.7300,-204.8819,-305.5404,147.6914,-92.6440,-118.3283
6.3051,78.4263,-11.4219,-28.8220,-61.4264,-52.0257,-107.8173,-300.7331,-235.8453,-334.3373,-242.3872,49.6649,-125.1322,-249.0021,-278.8648,-332.0742,185.6987,-121.4320,-167.6255
87.5576,39.7406,-31.6057,-65.5332,-126.6171,-75.1137,-202.0164,-266.2257,-257.6870,-373.1855,-279.9312,-17.0713,-219.1111,-247.0504,-304.8810,-290.4927,198.9422,-175.7727,-234.9235
93.1158,-4.3384,-75.2220,-80.7137,-237.2369,-107.0602,-326.4236,-238.7118,-318.0225,-371.2463,-327.9500,-104.0295,-309.2335,-238.7227,-350.8546,-243.4390,188.1270,-224.1038,-291.5783
87.4272,-59.5563,-148.8605,-121.0984,-346.1891,-128.0271,-403.6149,-259.4400,-375.5326,-355.6642,-380.6837,-123.3476,-360.0770,-273.2422,-385.4938,-259.7211,69.4588,-291.5389,-365.6396
65.1215,-102.6088,-251.9355,-228.1012,-409.3550,-192.9542,-400.3590,-291.0568,-364.1909,-326.2641,-378.0009,-97.4543,-353.9001,-376.7641,-368.4248,-292.2993,-127.6738,-387.3912,-439.4485
-35.5379,-130.9467,-341.4874,-319.1388,-436.5034,-294.7278,-379.1343,-293.3524,-320.1184,-285.0547,-323.9203,-136.4313,-355.2545,-463.2281,-312.4079,-262.2962,-262.3576,-423.9660,-438.0106
-165.7013,-179.5286,-378.4912,-339.6847,-437.8496,-351.0815,-362.3757,-284.7816,-292.4095,-278.9869,-303.0249,-249.5942,-389.4420,-449.1375,-233.2246,-222.8757,-275.5281,-360.4668,-392.1212
-218.3934,-242.1836,-357.0801,-343.3540,-390.6874,-349.4341,-318.5305,-288.4732,-257.5678,-285.4154,-319.7704,-335.3322,-378.5240,-405.9872,-154.9138,-242.4084,-243.0653,-294.5169,-367.8175
-207.8163,-306.4110,-298.4355,-368.8716,-311.7912,-349.1349,-249.7855,-275.0033,-189.8798,-203.7826,-302.0615,-367.4233,-305.6358,-427.5037,-109.9604,-241.6306,-247.6158,-284.0996,-301.8849
-243.1448,-360.6846,-234.3726,-378.3662,-240.5217,-351.7184,-175.3082,-219.7861,-138.9369,-95.7032,-245.0567,-381.3136,-238.2226,-453.4941,-104.7514,-179.1161,-272.3279,-254.3877,-158.0807
-328.8038,-353.1177,-185.2294,-342.5178,-166.7086,-311.3393,-102.4247,-167.2905,-159.4967,-142.3486,-190.7643,-349.1457,-179.3581,-416.7364,-117.0809,-157.1250,-264.2913,-177.4774,-49.1040
-358.1479,-310.2147,-156.3795,-312.6377,-95.1227,-258.7011,-47.5083,-153.7181,-195.0085,-261.6146,-145.9636,-267.7543,-112.3486,-386.7554,-108.8498,-161.9433,-248.9479,-141.7629,-25.9726
-316.4458,-332.4692,-142.0842,-340.9799,-68.3182,-267.8367,-9.6052,-136.0404,-155.8198,-215.1228,-116.9096,-205.7087,-82.3430,-393.9861,-73.7102,-65.0438,-269.9627,-167.9144,-2.7614
-299.0067,-371.2779,-126.2447,-367.1219,-60.2236,-308.3733,38.7127,-86.7112,-76.8348,-81.1724,-118.3911,-159.6555,-78.6847,-364.8226,-54.4926,59.6727,-279.8746,-166.7386,56.8876
-321.5229,-312.3932,-108.8117,-312.8540,-16.5130,-289.9461,98.8187,-45.5335,-20.7729,-62.7834,-125.7795,-82.9497,-28.3945,-336.9619,-32.7539,46.6951,-224.3151,-122.2913,116.4746
-299.3642,-220.7475,-96.3293,-228.1153,32.3354,-227.0205,151.2957,-16.5299,61.9884,-49.4421,-109.5934,-16.0820,51.0589,-414.7751,64.1394,-30.3458,-142.5784,-99.9294,165.8744
-203.4225,-185.1290,-50.8715,-183.9564,57.1185,-188.7291,192.3878,29.6371,179.3920,58.4856,-76.5662,19.9451,99.3924,-505.7551,173.0022,-29.6453,-79.0798,-81.5098,195.7935
-91.1019,-154.4639,48.6117,-153.7476,96.4488,-160.8327,217.7650,46.7014,221.6605,58.3961,-27.8106,94.0264,138.5492,-460.2711,174.3433,-8.4828,-15.3303,-20.6682,191.2195
-14.1136,-122.1509,126.4732,-127.3689,143.5493,-120.3987,225.3363,-13.8589,190.4257,-77.5608,41.7058,205.2259,193.4302,-358.7089,146.2050,-36.7386,54.2041,11.4839,180.3822
28.1965,-134.6047,133.3669,-140.1609,151.7769,-109.1230,236.7325,-82.3225,211.5608,-90.8862,101.9893,280.3058,236.0947,-322.3261,212.2632,-45.0752,101.2601,-33.4603,193.4798
73.6660,-123.1663,143.1523,-147.8359,153.6181,-117.6184,263.5105,-88.8915,275.3910,11.1739,129.6373,330.4143,268.2351,-274.9915,290.3371,-9.9840,129.4148,-42.6440,222.1584
143.6576,-40.0242,199.4675,-89.1615,201.2881,-79.8996,288.7005,-82.3519,271.6443,1.2856,147.2282,399.0675,302.8149,-161.4308,281.6047,-7.6345,172.9170,46.4969,251.9410
208.4141,27.3269,242.4737,-11.5164,269.5487,-12.0523,308.5300,-106.2951,215.4173,-75.2896,169.1614,451.5046,311.4221,-88.2710,244.8693,-42.1361,234.4817,114.7332,276.7748
238.6646,42.3844,261.9099,21.2837,317.7937,24.8597,339.8492,-110.5716,188.4702,-49.8895,181.0322,449.6517,298.4308,-91.7363,230.3086,-33.7301,266.9814,99.0088,306.4689
250.9558,46.1824,307.3070,19.0062,336.5476,35.5984,383.7534,-62.8572,195.4839,35.2137,190.0135,417.1853,312.8514,-83.0864,231.3801,31.8215,242.8235,92.9804,361.1626
265.0228,25.0945,352.7943,8.8993,326.8186,37.2024,418.8180,-4.1653,210.7392,85.6377,216.7952,395.3434,354.4964,-44.0854,265.2807,84.2131,214.4141,129.1068,409.0367
273.2261,-15.5018,353.8811,7.3639,312.4004,23.1828,420.0405,29.1749,217.5686,92.6491,250.8190,406.4910,385.7119,-15.7125,286.0777,89.8861,232.5950,138.0748,390.2240
273.1900,-11.5843,347.0104,20.4306,314.6823,24.6814,382.2829,31.5366,195.0879,51.3490,277.9445,428.6273,397.8638,15.9227,220.2056,85.3027,262.2073,124.8831,332.9678
273.8113,33.3996,357.7112,37.2101,316.6828,71.6042,331.7426,9.5378,159.7058,-8.6676,304.2419,419.0769,393.2880,62.0690,149.3889,83.5756,270.1251,149.0678,311.9836
265.4896,77.9234,352.6944,69.2972,319.1362,129.3233,300.1196,6.9215,150.0254,-26.5567,312.0662,398.6450,374.2339,95.4064,177.5291,70.1154,278.1117,196.8333,323.4649
235.9308,124.8251,328.8419,125.0174,345.2375,159.5785,297.3081,68.5729,164.2488,1.4192,277.3040,409.7371,359.1978,106.7082,223.7427,81.4620,269.5724,228.8478,325.3648
213.1671,154.8478,313.4864,152.6948,361.7688,166.1281,301.9128,142.2721,179.5267,50.0121,246.5011,406.6628,347.8832,91.3626,193.2182,126.9729,221.7022,249.4229,306.7969
240.7095,149.9577,301.2467,142.1871,329.4134,168.7515,267.0337,136.9913,172.8452,70.5217,286.1160,339.1971,320.2366,51.8711,130.8561,118.2443,201.9667,261.8388,265.2785
292.6432,158.6044,277.7897,163.9129,287.8075,186.6372,186.9034,88.7360,123.1059,12.8342,358.0051,256.4734,291.6756,34.0720,79.3902,58.9244,234.4020,255.9928,221.1192
280.0654,174.1773,246.3125,198.2473,265.6212,200.5658,132.0577,108.7131,70.5162,-24.6076,366.4093,195.7456,287.8450,42.9647,34.3997,90.7410,219.8986,233.0750,210.8017
187.7455,123.7899,202.4063,157.8015,224.3733,160.1463,134.3146,184.2517,85.3726,75.1585,307.0742,125.8348,286.9505,15.6091,32.0835,198.7775,142.2427,187.4898,211.4015
107.3414,55.0168,140.4337,92.3701,163.0969,93.5745,129.9143,216.7020,136.5794,177.1227,250.8055,69.4473,257.6238,-31.7991,90.3711,209.1833,102.9859,119.5008,185.3579
89.1997,73.6211,71.0651,97.1947,125.5528,87.9190,95.4349,204.2900,145.5205,144.8419,221.8701,82.6296,205.1139,-22.1224,153.3320,137.6501,104.5658,71.9699,164.7516
89.5552,130.8687,15.7358,129.2433,108.1223,129.0581,81.6296,205.6125,133.4157,119.1581,198.1439,112.4603,150.5303,8.3241,171.0293,142.6725,73.7243,89.9125,167.8097
78.8144,127.3814,6.4818,134.4840,96.7517,141.0216,91.7246,221.1097,142.0421,196.4669,178.8215,76.8370,118.9225,-8.8194,132.9744,206.8054,26.9192,159.3829,161.9976
73.5045,101.5235,51.0151,148.5535,119.2052,140.1293,104.2140,247.6893,124.5930,258.2389,174.9090,29.2816,128.4480,-13.4213,59.1113,219.3785,3.0912,220.1572,169.1655
82.2251,119.9305,97.2321,170.4760,164.4048,166.5534,132.3417,302.9243,64.0461,258.5674,174.0746,54.4774,143.0885,43.2053,13.6885,184.7096,-12.7736,228.4912,218.0371
94.3161,139.8280,97.9820,161.5888,166.9277,180.2535,144.4876,341.6354,55.7809,238.8182,153.0703,91.0192,99.0927,79.9852,37.8568,137.9803,-18.8056,211.2864,244.8569
74.2150,105.5702,73.7610,138.8594,124.1061,154.1659,114.4131,319.7038,168.3177,205.3705,107.2669,41.1595,15.3487,53.3993,85.4707,95.8964,-20.9559,229.7611,213.7957
-9.6151,50.6381,61.7122,119.2137,99.9404,123.0386,121.0191,290.0705,330.1420,235.1453,63.7468,-45.1576,-20.4597,25.1899,98.9439,105.0306,-65.3062,266.8480,181.1102
-92.9378,27.8767,68.6312,94.4150,100.7488,105.4166,170.6169,292.1262,418.2987,351.0985,56.7261,-70.7379,1.2817,20.2000,74.3823,145.1327,-127.3391,249.6557,161.2681
-75.9325,25.9281,90.2543,90.7426,76.9582,103.8519,136.6898,289.7680,404.4255,387.2743,79.0533,-55.2606,6.0547,15.7519,31.8042,138.8696,-129.7111,201.1297,129.9221
7.2778,21.3042,111.6599,121.2081,40.5238,129.5792,43.9105,280.0007,353.2954,314.7191,97.4216,-36.0949,-12.5056,28.6245,0.1556,112.8207,-79.3967,203.6343,114.0091
59.4946,46.1888,111.8897,152.2851,48.9333,159.8702,40.9593,273.2602,292.0877,282.7179,119.7890,28.8247,10.5732,72.5566,-1.2331,119.0848,-13.3304,229.6114,109.9145
82.7277,116.1981,101.5638,176.8183,81.7966,164.2779,73.0809,226.8124,187.5346,246.9085,173.5805,116.8994,59.8833,115.5341,2.6890,119.4336,78.5547,209.2749,66.0119
95.4225,168.5065,97.4324,201.3439,70.3078,166.1977,15.9879,163.7265,70.3979,132.2214,225.6562,120.1266,60.4347,141.2054,-7.6324,127.4623,155.9126,190.1035,18.6930
64.1900,171.7834,79.1863,207.1822,31.3568,193.0383,-39.7020,172.5415,29.0652,90.5240,214.5039,63.4517,30.3219,166.0858,-1.0902,192.2394,147.7914,228.2770,28.7948
27.7910,190.0461,42.3190,214.6298,27.6860,225.8425,-18.1295,208.0786,58.1895,128.3152,148.2254,93.2819,31.3779,197.9945,30.3260,214.1372,114.6342,252.9592,32.1472
68.4417,260.2233,26.4790,259.7825,37.6651,242.3600,-35.0145,156.4438,68.1292,65.2209,92.5449,229.4263,27.0304,232.7095,39.9479,119.1495,180.8579,203.1933,-36.6652
154.1561,337.7859,39.5109,297.3110,5.1927,239.7890,-121.1477,61.1416,27.4979,-9.6242,73.4926,365.7608,-40.3902,261.8686,9.7643,50.4427,323.1754,138.8853,-114.1928
208.3278,389.4933,40.4822,280.8607,-48.6221,223.8362,-165.4167,23.6557,-21.0553,55.1027,50.7693,449.5119,-122.3704,277.1316,-32.0476,89.4042,407.4944,117.3777,-140.0179
228.5200,416.1006,19.5865,266.8066,-73.2695,217.8588,-165.1349,20.1950,-42.8216,89.4144,-7.5976,478.2979,-149.1132,289.0173,-78.3332,111.6852,390.3367,119.4758,-149.8977
209.3528,411.1034,10.4437,304.5785,-70.1914,237.9613,-197.6706,-3.3715,-49.6093,-13.3835,-66.2949,442.8266,-136.8345,305.7877,-139.1496,77.5057,342.6015,122.0283,-186.1853
130.3892,373.5007,18.7545,336.4044,-69.2155,256.1999,-253.2665,-40.0261,-71.4999,-86.8218,-76.9987,362.7773,-128.4041,296.3764,-181.4651,70.2786,303.9789,116.0609,-240.7606
49.5689,311.4440,11.8646,295.3581,-87.9397,236.3729,-288.3650,-76.9002,-91.2227,-84.9984,-65.0665,267.6008,-124.5132,235.3378,-154.1616,63.3926,234.7051,88.7244,-276.8480
25.2987,235.4946,-17.6365,211.2243,-111.4908,185.5309,-289.4661,-90.0533,-66.6013,-88.5331,-86.0955,169.6961,-107.8400,163.4925,-87.4364,0.2724,132.1306,60.3941,-260.8728
11.5693,179.5975,-35.8676,162.3542,-92.8937,142.6579,-248.6473,-53.3420,-43.1447,-57.8985,-122.2917,108.1749,-75.7667,139.2805,-81.2469,-53.0147,69.3355,65.3350,-203.3801
-37.6200,159.6301,-26.7238,162.6133,-28.7171,132.9472,-187.9566,-7.9109,-95.5136,18.4666,-124.9472,100.6912,-46.5020,156.0049,-148.2655,-50.4588,60.1815,81.6738,-144.0995
-77.2355,133.9566,-17.8513,157.4627,9.6019,139.3187,-146.1490,6.7052,-164.3022,63.8262,-112.6639,79.7511,-38.1360,163.3426,-184.2996,-32.5105,28.2028,73.2766,-94.9849
-65.8739,88.9907,-25.4096,131.2556,-8.4443,129.6602,-129.0247,25.9407,-167.3666,67.9456,-118.6510,7.4664,-39.5304,146.1188,-155.2874,-6.4892,-43.3007,66.0638,-60.6442
-41.4567,69.0818,-34.0921,119.3915,-32.2726,110.4124,-138.4961,58.0588,-173.8629,16.0221,-117.7199,-59.6793,-40.2973,129.3162,-146.1178,27.0956,-81.9369,87.9187,-59.3793
-49.9307,70.9108,-49.5385,112.6786,-52.3674,105.8114,-172.6578,64.6817,-235.9078,-100.1971,-96.6208,-97.8849,-67.0556,119.1365,-179.5177,24.1239,-57.1042,97.5749,-74.6017
-69.6776,51.7214,-83.6101,80.7047,-110.7985,97.9402,-200.0300,62.1352,-252.2393,-137.2219,-91.3589,-133.2021,-130.2651,95.4523,-192.2923,-0.9194,-11.5793,55.9773,-78.9177
-56.9387,28.6784,-101.7372,49.3260,-179.8781,57.1576,-218.9325,70.1919,-175.2417,-16.0825,-98.9614,-133.7465,-185.6939,62.6525,-178.0215,15.7626,6.5647,-4.6927,-92.7220
-29.2514,27.9227,-84.1416,34.7504,-190.8384,2.2052,-248.1972,49.3226,-96.5149,106.0177,-77.9336,-66.8999,-200.3001,50.8057,-157.3448,56.3550,-26.4811,-39.7280,-128.4091
-28.4410,21.2104,-76.6532,11.0371,-157.8965,-26.4753,-254.5508,-0.8175,-75.4230,110.2327,-44.8602,6.8113,-186.3031,63.2251,-110.4489,50.3654,-85.7793,-44.4943,-154.1127
-32.4328,8.0473,-93.7588,-0.7370,-136.9332,-16.3969,-229.9976,-39.4768,-119.2784,38.7875,-41.4940,24.8857,-150.3148,70.5880,-71.9826,-16.7030,-108.9514,-20.4573,-158.2970
-10.0310,24.3639,-80.2629,25.8937,-118.6353,11.0802,-229.8663,-73.7610,-234.4984,-44.2502,-49.2871,-2.3008,-90.3655,52.5846,-103.0484,-100.3250,-89.7398,33.7558,-145.2664
2.0667,44.0586,-28.0066,36.5908,-69.3911,21.0775,-232.6819,-94.0127,-335.9556,-68.9219,-45.9425,-49.9660,-34.9034,17.5289,-136.4155,-136.7896,-84.0606,88.8664,-95.4089
-21.1273,16.5733,5.2696,8.0147,-12.9426,8.4586,-170.0745,-53.5223,-317.5888,-38.1612,-59.5574,-100.0211,-15.4951,-10.5999,-85.0086,-98.6829,-108.0091,108.6805,-25.3293
-49.7903,-32.1258,6.6345,1.0860,8.4964,5.4990,-89.2569,2.7374,-251.6372,-65.8642,-88.7987,-125.8267,-21.0890,-20.6199,-23.3663,-41.9243,-136.0032,96.1468,10.6796
-77.6489,-51.1849,5.5561,17.4095,6.0343,18.9883,-54.3302,-6.4826,-259.8965,-120.3008,-81.6096,-127.6045,-15.9080,-27.2274,-34.2054,-32.1538,-163.2487,74.2806,21.8358
-106.4893,-50.7137,1.7952,3.7235,17.4118,20.2422,-20.4703,-42.5560,-284.1042,-72.8867,-38.4722,-130.6547,14.4963,-38.6023,-49.1861,-59.8030,-182.9860,53.0552,48.7821
-99.6312,-62.5915,-9.2668,-20.1112,42.0764,6.4728,33.4314,-41.0481,-225.9177,-28.9984,-21.4385,-136.3500,45.2936,-41.2031,-9.3371,-91.7169,-170.4737,34.4654,67.1261
-61.9993,-80.4239,-10.8933,-24.8222,52.3804,-11.6878,61.9329,-29.6725,-135.2359,-89.2367,-45.8199,-134.2612,40.7850,-45.4766,34.8665,-112.9860,-130.0986,15.3178,49.0951
-42.6986,-82.0710,-0.8120,-45.9264,41.2478,-46.1017,67.9485,-33.2330,-88.4743,-81.5209,-62.6409,-133.8971,5.9152,-79.0368,54.5186,-103.6968,-88.3141,-10.6129,28.7898
-30.2061,-74.5818,13.3068,-82.7923,22.5357,-83.5104,62.4911,-35.2359,-74.7855,11.6463,-44.6078,-139.4323,-11.4032,-110.5813,63.8391,-78.3696,-51.2968,-35.2702,30.5988
-8.1928,-85.1931,33.8986,-90.2764,11.8828,-88.5762,17.8386,-44.0855,-81.2517,-35.0659,-19.7554,-132.8910,12.6209,-82.2695,38.8200,-85.6681,-20.0003,-50.4836,36.4016
-24.2750,-112.9651,49.2034,-78.8765,21.7488,-76.3382,-35.4824,-56.0301,-114.7205,-163.6070,-21.3413,-108.5344,42.7725,-23.3146,-19.0785,-108.1140,-7.8982,-69.8206,37.9879
-65.4585,-128.1480,43.4342,-77.5561,48.8452,-77.9475,-33.9153,-39.5669,-129.8357,-139.4930,-40.9957,-96.7095,46.0902,-15.0416,-33.5961,-94.3286,-28.2382,-95.9208,40.3805
-61.2320,-130.3040,31.2065,-80.8928,68.7149,-83.0025,10.7190,-16.8547,-78.4555,-35.6386,-49.7587,-124.0077,42.6175,-58.3379,18.8546,-79.2293,-83.1022,-108.9641,38.3506
-43.2149,-143.6784,20.1063,-100.7748,57.7317,-91.6379,55.6157,-32.2482,-8.0566,-29.6875,-49.7618,-153.5441,50.4088,-82.3351,54.4009,-112.8341,-140.2144,-116.1781,24.4725
-61.7253,-149.2047,-9.1050,-137.8555,12.3991,-115.7134,72.6775,-69.9118,0.9671,-99.6172,-64.5015,-126.2982,35.7733,-60.6546,19.0202,-151.1632,-148.8654,-139.9773,-10.0518
-57.3526,-112.9947,-40.5471,-130.7957,-39.6488,-117.7994,33.3287,-100.5382,-29.5799,-175.8346,-88.8227,-74.7780,-16.5767,-37.7207,-33.3332,-148.5863,-119.0192,-154.5768,-57.3749
-21.6099,-70.5644,-34.0009,-64.6003,-51.7756,-77.1144,-22.6758,-118.7844,-9.9410,-207.8083,-101.5341,-88.0835,-55.1015,-52.8788,-34.8381,-135.4439,-112.1718,-121.9314,-71.6008
-47.0473,-74.2595,-7.2241,-24.4383,-29.4942,-47.3167,-7.4662,-110.8673,62.6130,-166.3180,-107.6069,-149.3609,-58.6057,-85.6905,8.5247,-136.8746,-131.3826,-70.3182,-31.0090
-112.2587,-96.0191,-8.8825,-49.7619,-43.3653,-50.4333,60.9735,-82.0832,108.5375,-137.4125,-119.9638,-157.2348,-79.4532,-88.2520,49.1026,-131.6049,-123.2512,-58.9952,16.0588
-118.0639,-93.5450,-36.4642,-76.2797,-103.0995,-47.5885,97.8183,-66.8589,117.8466,-138.7814,-136.3852,-112.7432,-127.0223,-58.2327,61.6108,-99.1626,-87.1090,-92.8615,30.8105
-103.4396,-96.4188,-61.6149,-65.5766,-128.1734,-44.8455,101.2762,-61.8575,163.7895,-39.8915,-154.2445,-113.6639,-143.6225,-44.6634,51.3480,-48.9048,-71.6602,-124.4661,33.8565
-138.7696,-121.8675,-83.9823,-53.0917,-102.7028,-69.5940,109.9778,-39.7857,285.3870,108.9466,-161.9231,-173.7793,-120.1555,-72.4517,44.8332,-20.2185,-84.2989,-126.5348,37.9828
-169.5135,-121.1164,-109.2899,-60.4582,-99.3887,-91.2706,131.9232,-12.8683,452.9973,146.3462,-140.3589,-210.0628,-92.4302,-102.8412,87.6920,-29.8776,-95.0911,-131.5353,24.7316
-162.0741,-95.0355,-136.7069,-69.7450,-129.4210,-91.6299,172.6178,1.3870,590.3464,155.2493,-103.1520,-190.2188,-60.3161,-87.2543,191.3661,-20.5056,-97.5479,-169.6023,2.5757
-170.4931,-116.1945,-171.8803,-76.6890,-142.1287,-100.5087,202.4350,14.3209,597.7356,210.3258,-72.2135,-167.2711,-27.1317,-35.3305,281.3190,46.3945,-108.5953,-194.7759,1.2191
-195.9247,-183.3468,-196.8120,-94.2842,-135.1740,-108.7184,162.9725,30.5188,460.8629,167.0456,-29.4650,-179.0775,-18.8771,-3.5543,279.8217,105.5998,-135.8204,-161.3935,13.8505
-197.4138,-214.1327,-176.1978,-114.3953,-119.5013,-90.2307,88.6496,47.5141,306.4406,64.4318,28.1905,-193.8373,-8.2845,-13.3430,218.3331,109.6325,-169.3755,-123.7632,14.2947
-182.5782,-192.0016,-125.2808,-119.4483,-71.2911,-83.9962,72.6966,69.4550,237.9072,103.0348,57.5771,-171.2894,41.7047,-27.1840,177.1849,104.1992,-194.5184,-133.0059,12.7689
-157.7207,-172.2249,-91.8637,-120.6623,-6.5285,-117.8998,115.7138,84.1679,226.3066,201.7354,55.6038,-136.8997,84.9919,-31.2963,172.7711,106.4714,-202.7370,-138.3318,41.3824
-120.9730,-176.6305,-76.8437,-138.8566,19.6406,-141.8802,158.8298,78.0496,238.7471,208.7138,62.2863,-141.6848,76.5505,-55.8550,186.2517,89.0698,-192.7941,-117.2631,95.4166
-109.0578,-187.2933,-54.0958,-160.8402,9.2881,-129.7001,181.2498,60.0788,284.0784,205.1885,70.3516,-164.5764,51.7049,-81.4550,206.1864,79.0239,-164.5290,-131.0695,134.7538
-106.3317,-182.4214,-23.7021,-155.2268,15.7828,-119.7449,181.4398,35.7411,303.6566,199.3617,62.7116,-144.3482,41.7873,-55.9957,196.4195,93.2161,-114.5015,-162.5395,143.3537
-33.9007,-148.0820,17.0051,-119.2100,62.1286,-116.9977,167.6734,11.2069,234.2317,92.5779,68.9725,-100.8315,40.3174,-18.0029,140.6891,78.0265,-48.0004,-123.0963,138.7290
72.4836,-114.6163,73.4733,-82.2355,117.2639,-90.4416,159.4269,10.5777,150.8102,-3.2273,78.2241,-108.9374,56.8024,-40.1343,103.3043,36.2588,4.9997,-41.3372,130.5062
90.7173,-128.4586,106.5824,-72.3985,139.7005,-60.2172,150.9904,29.5071,150.9198,24.2611,38.5407,-162.2339,92.7293,-80.4353,125.7519,41.3619,11.3447,-15.7847,121.3529
35.3888,-160.1830,92.8578,-87.6249,138.7701,-65.1562,140.9671,35.8678,179.1777,43.7282,-9.7078,-180.5095,117.8633,-59.6008,143.6223,90.2347,-14.6099,-40.3970,122.9474
22.1228,-148.1358,89.8562,-94.9120,157.5935,-76.8054,145.1035,35.9140,129.6328,-5.8712,19.0529,-138.8106,120.7645,-6.2168,104.1389,121.7566,-13.1213,-55.6730,129.0232
71.0721,-103.3624,135.8368,-63.8658,182.3163,-44.4827,122.4960,40.8080,17.0790,-20.0271,93.3736,-93.4980,110.9341,17.7427,42.7511,123.0543,40.1498,-52.2709,111.5340
122.4622,-58.5216,177.7035,-1.0621,165.2669,16.7556,35.6350,14.9708,-73.3392,-11.5454,120.6586,-90.5300,94.1736,24.8727,-4.7464,97.3327,90.7597,-32.9712,65.9467
138.9825,-11.1512,171.2489,51.7279,128.6691,54.3873,-33.8535,-38.1491,-111.6708,-49.4602,96.9178,-110.6985,89.2654,41.8077,-32.0576,53.7960,77.6465,-4.6668,19.0157
104.2662,8.2313,136.0405,51.0059,108.1062,49.4676,-21.2193,-46.5758,-121.2285,-76.8138,72.4653,-114.8305,98.3475,48.2863,-27.5602,47.3103,13.6116,-2.4148,-7.6620
34.2703,-40.5003,89.1865,-0.4271,67.6170,16.7914,-2.5777,-1.5947,-114.3629,-56.5495,56.3714,-108.7281,84.8393,24.0936,-17.4544,85.3250,-43.2330,-28.3844,-14.5569
-12.7891,-102.1410,39.3442,-46.0650,1.5508,-20.6819,-21.7368,19.6422,-84.0884,-46.7318,33.2586,-116.3299,47.5314,-9.8442,-56.2163,86.7003,-71.5166,-47.3780,-25.2548
-14.2158,-95.3481,13.4050,-51.0693,-29.7825,-41.3025,-20.1613,-6.0541,-37.8477,-58.9420,9.0446,-108.7284,20.5931,-15.9717,-122.4175,33.4482,-90.5712,-62.9518,-62.6873
-2.4206,-44.2268,3.2736,-45.9994,-35.9240,-46.5268,-10.9435,-23.4450,2.0400,-44.6837,0.8891,-56.7856,-11.6145,5.5762,-145.0697,-2.5429,-102.0882,-87.9951,-106.4818
-1.3081,-25.4411,-32.1961,-52.7490,-75.0293,-57.9091,-57.1314,-11.0522,29.1655,7.7108,5.0892,-22.5690,-66.5258,10.8712,-118.8316,-4.4403,-97.6741,-93.6619,-127.1079
-21.7837,-46.6768,-78.8183,-46.8787,-118.9613,-67.5344,-113.3293,-4.6576,46.6531,34.9433,5.1697,-57.2692,-94.9625,-8.6842,-79.7167,-1.9263,-101.0862,-72.3295,-147.0193
-61.0961,-54.8920,-87.7194,-28.9239,-118.6141,-46.1713,-117.8346,-19.7783,36.8125,-38.3884,11.5858,-89.1105,-75.7579,-8.0906,-38.3764,15.0554,-128.4831,-49.6911,-182.0283
-77.6158,-35.9042,-68.0845,-30.2899,-102.1676,-11.9606,-112.7288,-27.5552,-15.0325,-151.2226,35.8829,-73.0008,-52.8573,8.4185,-9.8690,39.0543,-150.5415,-16.4817,-181.5098
-55.8058,-41.9059,-62.1325,-43.5029,-94.8987,-7.3792,-120.6464,-9.3197,-81.7737,-152.4644,41.7720,-87.7046,-32.7178,-10.2861,-13.0747,28.5873,-153.3293,36.6376,-122.3679
-45.2156,-82.0190,-69.4314,-41.3775,-80.4472,-17.4279,-89.8265,12.2297,-135.1729,-73.6156,16.1107,-136.5970,2.9284,-39.5549,-30.5279,-0.9690,-157.7831,65.8401,-69.1965
-57.7015,-72.9772,-65.7404,-24.3048,-62.8447,-0.5660,-33.6312,17.1574,-188.3355,-77.2452,16.8848,-102.1434,23.7843,-13.3574,-43.2960,-3.8608,-146.7072,50.5535,-59.2795
-51.1567,6.8320,-53.9432,8.4324,-50.2613,34.9464,-27.9680,25.1735,-240.4760,-128.4381,43.6154,4.4019,16.5364,51.0111,-49.1405,17.4762,-87.8400,36.3984,-46.8950
-36.4082,59.4316,-54.6222,55.7009,-38.7355,58.6861,-69.8946,45.0124,-250.0019,-97.4755,20.0560,51.3227,13.0529,97.3738,-29.2361,39.0129,-19.1671,45.9817,-23.1787
-31.3342,53.7195,-73.1585,76.9830,-51.8867,61.7642,-109.1137,28.1697,-221.5746,-77.3995,-7.9240,36.2345,4.3325,105.6252,6.1623,23.9000,13.1574,35.1459,-58.9375
18.2319,48.2447,-92.6118,36.8375,-97.9911,30.3598,-161.6310,-61.3913,-224.9923,-202.4088,92.3632,13.1703,-31.1298,50.0239,-7.4829,-65.7020,28.1640,-33.3009,-171.4364
104.0811,8.9138,-99.4403,-49.4999,-138.6865,-48.6970,-244.3249,-165.1043,-268.5235,-347.0332,271.6577,-84.6386,-50.1006,-75.2607,-70.9821,-158.1289,25.1460,-128.0047,-261.6297
109.0620,-117.2634,-111.2110,-148.1533,-169.0541,-141.6991,-288.2505,-192.1438,-267.0160,-328.5478,355.3903,-265.1465,-25.7989,-186.4943,-92.5294,-127.8104,-37.6729,-183.1396,-251.5616
12.5085,-227.9778,-148.8925,-220.0274,-208.7147,-196.2729,-251.1921,-145.4578,-193.7731,-192.7876,327.8661,-373.7852,-8.5682,-199.2391,-43.4906,-28.9942,-126.2432,-180.2776,-198.4693
-68.3334,-223.8416,-188.9855,-227.3200,-215.3579,-202.2519,-202.6899,-107.2662,-134.7705,-93.7244,298.2554,-360.8176,-18.5229,-123.8471,2.6883,-18.7573,-153.4584,-157.6069,-186.5551
-78.1401,-166.4191,-184.5073,-187.2277,-148.3102,-178.2723,-187.9367,-106.8649,-141.3240,-72.1844,298.1994,-345.9608,-0.8606,-4.4976,7.1679,-65.3827,-121.5213,-131.3830,-187.4577
-62.6483,-124.1807,-126.0186,-153.5564,-46.2332,-135.8431,-148.2764,-92.5397,-156.0935,-67.6590,303.0499,-363.0187,68.0264,126.5146,-0.3041,-42.1563,-95.1008,-83.0618,-130.3343
-42.8542,-91.2568,-50.4569,-131.1075,54.0315,-89.8926,-50.8287,-36.0586,-119.2085,-31.4915,315.8377,-350.0779,140.6516,233.1802,-2.2539,11.0260,-83.5377,-26.2467,-27.1031
-1.9801,-80.8576,8.1301,-95.7808,145.7445,-63.1259,47.2035,29.4775,-52.3408,28.5409,337.6621,-322.9954,177.0049,310.8697,-3.5455,13.2866,-58.7654,11.1755,61.5103
62.8192,-88.9290,50.5559,-56.4327,185.0995,-52.0567,86.8405,74.3947,-25.3672,60.2355,357.4562,-311.8161,183.7978,381.0239,-1.4870,16.2208,-11.2813,44.0528,107.8558
131.5820,-57.0264,85.6872,-19.8377,146.4512,-23.5204,56.9095,96.7414,-74.9576,20.7739,360.0117,-277.0999,171.3858,421.2147,0.1631,45.6243,53.7467,81.3472,123.0162
156.7729,11.8866,101.1584,25.2123,90.3018,30.7389,-1.0955,105.4749,-138.0522,-46.3953,312.2369,-216.1187,128.2825,400.8332,-12.6788,36.4481,102.4408,92.5300,145.4616
116.5832,53.5306,85.7106,58.0022,70.8761,73.0863,-0.3191,121.8534,-104.7525,-44.0125,222.2333,-170.5076,61.2761,357.6036,-35.4340,-0.1695,90.8182,79.8679,204.6019
76.3109,62.6133,55.0386,56.7565,73.5483,81.0437,84.7786,151.0930,18.4587,32.5635,166.2405,-128.8963,14.8943,342.5621,-38.7771,-5.9149,48.8820,84.4688,260.7884
92.3852,76.2296,31.1508,60.2224,78.4001,83.7595,160.0826,162.7272,106.7178,97.3305,172.1461,-73.8787,14.3061,348.5138,-4.2422,-0.1508,56.5967,107.6704,255.9498
120.3897,103.7601,28.4697,106.4266,86.2823,105.6998,155.4587,149.5165,110.1332,133.3111,184.5029,-35.3101,35.9905,340.5507,42.5224,15.3168,114.1337,122.5011,208.4007
121.2394,132.4028,63.9710,158.0431,99.0936,129.6369,112.2848,144.0302,84.5359,176.7044,179.2028,-19.1610,58.9253,299.8203,61.3860,80.2795,148.3141,130.2926,170.6495
130.8976,135.0810,127.0846,162.1959,122.4006,140.0945,84.0637,151.4030,51.2684,201.7019,175.2533,-4.3974,84.5737,240.7708,63.7916,130.1891,134.8656,138.3663,158.2216
153.9533,104.1375,164.6852,133.1615,141.0071,140.4370,88.9592,150.7402,12.7338,202.4236,163.2086,2.3722,104.5362,201.9024,96.2431,85.7644,103.9186,137.3378,162.7429
146.5550,89.9543,154.8069,123.6697,123.9882,129.7926,128.4525,142.2935,15.5880,228.0025,140.1806,7.3719,111.2252,191.0169,156.2313,25.1304,77.2133,129.2091,155.5085
127.1952,128.7598,143.8249,150.7182,103.9152,125.5293,164.3751,130.0492,47.5692,242.1195,128.7331,39.2089,118.8260,179.1543,199.8560,21.9357,81.9651,128.3681,110.7137
150.2233,189.1789,169.5107,185.8160,143.1255,161.2082,169.9958,117.3848,33.2332,198.4971,107.7242,82.2943,133.1644,162.3334,218.8887,4.5517,139.2429,134.3053,66.4831
199.0178,238.4832,206.6937,198.1806,199.9668,207.8173,189.5141,117.6245,-3.4764,180.6246,55.8915,112.7170,146.1955,150.3156,229.2920,-52.5144,198.1095,130.5845,60.8075
219.9353,257.5831,211.7842,179.7752,186.0820,189.5969,243.0729,113.1488,14.7641,207.2607,30.4158,154.4756,165.3856,127.4423,221.3120,-62.0039,182.6808,109.6458,50.8813
197.0982,222.6572,179.3465,144.7778,133.3039,119.5573,291.1835,93.1857,55.5395,170.7355,51.9135,205.5811,195.0237,104.3297,195.0170,-8.9284,104.8299,91.1929,29.4836
140.8915,162.5706,143.8868,123.1518,130.5202,94.4431,334.2620,116.8256,65.6004,111.3645,31.8370,218.7433,212.5309,116.4731,187.1073,48.8412,38.9052,90.1848,67.2379
80.9036,126.9033,133.7090,124.3209,155.5841,127.1348,366.3114,177.6288,74.7758,136.3065,-41.6888,200.8139,200.8413,131.9067,204.1358,96.8805,20.9119,72.5142,135.0116
67.0235,93.6546,132.2980,109.7940,139.1947,124.9362,315.8217,146.8998,83.4527,143.7132,-32.7987,197.3316,176.4366,94.5608,203.9271,111.7532,34.6040,14.3732,129.0869
98.9726,43.7487,119.1895,53.7765,117.5307,55.1389,208.6178,29.1182,53.1928,59.6072,99.0906,198.7872,177.0881,38.1145,179.1183,58.7875,39.6777,-21.7206,88.3522
103.6568,18.5265,121.4481,2.0490,165.5930,-0.3897,178.7961,0.6877,18.0243,21.3631,204.1594,186.9626,224.7729,24.2098,166.4372,-2.7223,9.8142,19.4365,121.0024
58.9820,18.3184,157.7676,9.3796,253.1750,23.9544,230.5613,80.9142,14.1606,41.9726,192.5821,195.7967,283.4067,42.2656,163.5953,-0.7760,-6.8691,84.3511,207.4773
49.0857,25.0744,193.0406,66.9492,298.4083,95.5602,258.3351,120.2377,9.9579,-5.1419,158.8630,234.9899,291.2511,58.2480,144.1810,29.5952,59.0528,117.7749,275.3751
123.6194,83.5837,213.4623,132.9866,301.0050,151.8501,253.2532,99.9840,12.9065,-51.9787,190.2054,259.1883,258.8723,66.5175,135.6037,48.5498,166.6857,149.9324,305.7496
215.6642,170.8985,252.2122,172.3827,310.4016,175.2099,249.9026,94.7378,57.9737,-4.9309,246.3409,252.4863,251.4107,66.0121,168.9432,79.2099,222.3490,186.6719,292.4073
251.6949,170.4824,301.4681,163.8098,316.0974,178.5755,229.8513,94.7221,104.0659,27.4151,260.9283,242.9443,267.1990,59.5429,204.4351,118.5258,238.0781,175.2253,266.2311
232.4981,102.1792,306.9924,130.2601,281.4402,172.2540,208.0183,103.5750,122.9511,24.3728,225.9874,245.7700,256.6839,55.8510,209.2720,146.5499,274.6217,133.4309,291.6027
192.5185,102.1701,266.5260,128.1317,240.6321,170.3096,215.6045,156.1672,148.7358,87.5719,179.2207,263.4281,237.8007,51.5714,215.7559,175.8455,308.4997,142.4558,334.9763
172.2265,166.8060,235.8307,170.1789,249.1310,188.8157,219.1245,183.9641,157.7057,128.1622,167.6260,297.8041,256.2996,51.4055,232.6760,184.8794,301.0820,196.1415,315.3756
193.2245,196.9605,233.9429,214.6689,278.1318,214.2244,208.3349,131.9025,133.9793,57.7648,189.5691,331.1466,282.8389,70.1257,230.2945,139.6838,284.9249,208.1402,270.2459
210.8009,188.9011,220.3624,226.9940,260.6585,210.7501,218.6535,82.6577,191.4969,49.6548,185.6317,342.0063,267.0231,89.8245,230.3544,96.3490,289.6588,161.8834,258.7153
189.2344,179.7340,174.4941,203.4538,205.0347,179.9188,229.1867,82.4249,379.5032,186.5307,136.8435,329.1603,226.8790,80.8329,266.0732,114.6838,301.3923,137.6956,236.2528
197.9249,169.6369,140.6324,168.5600,174.8974,166.7338,213.2807,83.7710,548.5708,290.8130,103.2517,295.9266,203.7488,54.0308,294.0265,152.0439,316.2006,182.3829,183.9167
279.7493,172.4005,156.5056,162.6831,186.5145,184.3219,194.8618,92.0234,586.8607,300.0985,126.6129,254.7759,199.6349,37.7396,270.7035,172.8286,340.8360,229.1234,157.0140
328.9064,191.8379,185.6491,186.5202,198.2743,189.9981,162.9721,118.7513,549.9022,320.3757,186.6845,232.7318,203.9974,41.8212,233.4848,206.2155,357.6785,201.4078,154.8791
265.1193,192.4494,187.0516,191.1744,184.2627,163.1171,116.4416,109.5482,504.6958,347.1595,248.7168,221.6619,213.5042,59.2659,229.7382,238.0495,335.0919,145.5190,143.8338
173.6227,176.5587,181.7003,162.7370,165.3222,141.4142,136.1682,77.2795,468.8573,329.7069,273.3936,182.1955,209.0720,69.0540,256.0567,227.7470,268.3611,152.6157,146.0954
144.5335,179.9165,184.2187,144.4180,166.3453,148.8200,215.7858,98.2365,449.8698,322.5965,236.9675,123.1834,177.7798,64.2258,283.0554,208.0668,203.6664,196.5891,163.6812
148.8239,189.3891,175.3844,152.5536,179.2123,156.0538,227.0131,156.7367,430.4149,359.5734,186.6499,86.9611,154.6769,69.7634,284.9966,216.0557,183.1217,193.4798,158.1425
141.7626,175.1477,171.1946,154.0863,189.5014,140.4947,176.9721,196.5858,418.3253,397.5540,183.5294,71.2350,177.1759,87.2316,274.6085,222.6988,173.8276,158.5905,155.6045
130.1882,149.9265,193.6546,131.7000,204.0888,117.3315,191.9763,220.7288,456.4319,417.7286,197.7293,55.2019,210.7023,85.8652,288.5564,222.3618,143.5665,152.0202,199.3878
123.6799,133.9359,206.8498,106.3524,215.7908,99.6254,243.5840,227.0878,492.6342,421.6438,169.4139,41.7761,194.4492,74.6673,301.3922,250.9753,145.8250,153.8323,237.8027
116.2047,124.3506,192.4168,98.5334,190.3225,86.4628,215.1191,207.1230,430.9013,400.1990,118.6716,21.3097,137.4444,78.5450,257.8843,288.8216,189.8447,119.2393,207.6874
96.3942,111.3679,183.7498,100.0569,128.8581,77.4851,129.7997,196.0796,324.2983,364.1208,93.1792,-10.3286,85.7341,73.2238,193.1895,286.9736,171.9196,61.1060,140.5298
60.3684,96.0562,164.1150,88.8923,77.0840,60.2544,68.2361,194.5320,277.1933,322.7321,83.2697,-10.3143,38.2696,51.9341,166.2311,258.3569,77.4359,10.7863,89.9382
31.2003,101.8717,89.8458,66.8902,43.7496,25.2334,34.0000,156.5143,255.6091,267.3046,55.7964,30.6627,-20.6287,63.0985,137.1446,228.3503,26.9746,-13.4298,54.3745
28.5910,143.6566,2.6944,61.1938,-0.6667,5.0663,18.8794,100.3238,204.8377,210.3352,6.7256,50.1379,-67.6282,114.3682,65.6188,174.5194,44.8412,-0.1493,26.6354
34.8708,181.8179,-38.9951,76.9924,-42.0940,31.3297,26.6469,77.5326,162.2946,167.9306,-42.2785,28.7589,-87.2234,161.3635,2.4402,98.0404,41.3422,26.7821,25.4435
30.4350,166.3338,-54.7453,84.9909,-51.5112,67.3498,24.4439,78.2267,133.0754,124.4808,-66.7830,11.3932,-102.0354,185.6084,-24.4879,51.1402,3.5523,23.6878,40.2117
14.1232,109.4462,-69.7881,70.6809,-61.6720,62.1719,-10.4443,81.0053,79.2569,79.4177,-70.6330,-1.1777,-123.8210,180.0685,-57.1247,49.2976,-28.6557,0.1594,27.0132
-20.8046,58.9364,-75.1353,56.0286,-102.2386,33.1121,-55.5204,92.0207,31.8172,68.6235,-91.9765,-38.9102,-147.5355,133.7087,-111.0720,59.7666,-67.7174,6.8347,-15.2314
-69.4139,38.5317,-78.5428,62.3577,-132.1291,26.8749,-93.4141,96.6137,17.4817,86.8029,-151.4315,-75.5132,-185.0565,82.4640,-170.0554,65.9610,-107.9046,53.6869,-43.8530
-100.4554,49.2428,-85.2531,85.8081,-125.9799,51.2227,-118.7531,76.4673,-21.8537,62.2171,-220.3483,-63.0575,-237.0880,74.8357,-233.4364,49.8499,-106.6008,100.2396,-60.2973
-102.8738,87.8741,-79.7165,113.7301,-123.5459,86.5436,-124.1821,44.5927,-103.8387,-22.5633,-262.0357,-5.0998,-273.1895,99.4345,-290.7263,-16.4642,-81.3962,104.7339,-106.9194
-103.2882,142.2495,-80.8051,137.7665,-145.1433,111.0580,-129.7918,11.2936,-148.1720,-63.8082,-267.3727,44.3405,-286.5410,114.7809,-318.5661,-91.4858,-77.5551,55.6264,-177.0263
-136.3682,179.6910,-120.7638,143.3011,-174.3940,102.9408,-164.3399,-23.4191,-120.5403,-8.8906,-249.7112,33.6803,-309.5510,94.4874,-313.8602,-100.9934,-89.9402,-20.6439,-226.7041
-213.2869,161.9650,-178.9078,114.0122,-219.0778,62.1456,-213.6238,-49.2110,-96.2252,14.0467,-239.0869,-11.2414,-350.8282,43.1035,-290.0647,-70.6558,-107.7064,-84.0008,-245.8422
-276.2467,93.4061,-220.1812,60.6058,-280.6193,16.4132,-246.8378,-62.8750,-137.7969,-80.8716,-257.8844,-12.3237,-376.7700,10.2908,-276.5053,-63.1541,-134.9170,-119.1129,-245.2502
-239.2091,23.5879,-236.3334,12.9974,-319.5800,-19.2167,-266.2589,-75.5373,-216.7831,-164.4240,-284.2766,19.5479,-369.6711,18.0209,-302.7781,-52.0048,-144.6944,-131.9864,-241.0568
-129.8554,-13.7628,-220.2972,-16.0549,-319.4799,-49.6211,-288.6060,-96.6821,-285.1489,-153.7767,-282.9278,7.3611,-353.6903,5.7553,-346.9185,-25.0257,-109.6065,-123.6805,-260.7421
-73.0216,-15.3990,-181.7374,-20.6665,-298.8189,-60.2708,-307.5538,-124.0027,-332.9006,-169.2048,-270.9050,-22.8448,-348.5564,-41.9494,-366.5143,-51.7183,-61.0125,-91.0823,-281.2261
-110.7009,11.4144,-160.4044,5.3444,-260.8691,-33.6937,-300.5391,-131.1345,-347.7416,-247.3315,-288.9466,-3.1359,-336.3776,-47.1133,-367.3308,-114.8968,-52.6664,-45.2603,-237.3014
-172.7035,26.6182,-168.9001,23.1640,-220.6462,-4.7442,-262.5238,-99.4332,-318.6515,-251.7142,-319.8111,14.1277,-297.8434,-11.2609,-358.0237,-105.1257,-83.3964,-17.2207,-160.4276
-193.4048,-9.3443,-178.2507,-14.6963,-212.1958,-22.1917,-224.3598,-61.2855,-296.2881,-162.5888,-319.7891,-30.1192,-250.8064,-24.1560,-322.7867,-34.5714,-100.8434,-22.4280,-153.7585
-161.7730,-53.4000,-172.7193,-60.7577,-209.7729,-58.0039,-221.7769,-39.0484,-328.2787,-97.7551,-303.8637,-69.7690,-218.0926,-71.2010,-288.1489,-3.6964,-86.8748,-21.0698,-202.0514
-120.6931,-45.8452,-163.4659,-42.5322,-163.0160,-46.5605,-245.3236,-6.4091,-367.3804,-83.3454,-302.2752,-49.3047,-190.0790,-66.5808,-282.2865,-8.5706,-84.3433,16.8876,-212.2826
-126.7876,-24.8766,-161.4212,-9.1879,-114.6706,-5.2125,-254.0339,21.1232,-367.5903,-85.2109,-290.9397,-9.8124,-160.1984,-23.4816,-256.5130,-0.7569,-107.2473,29.5761,-199.2632
-167.0883,-51.1389,-167.8841,-38.0483,-132.7348,-6.2240,-227.6540,2.3334,-353.4191,-108.5464,-268.3716,11.1240,-150.4534,0.2037,-183.0374,2.8125,-119.1503,-28.7263,-214.1054
-203.2845,-99.1028,-177.3689,-82.3318,-180.4619,-47.8305,-172.2835,-17.7076,-316.5617,-123.5101,-295.1354,15.6530,-163.6301,11.4117,-123.7649,-1.2476,-129.8646,-77.6251,-211.5239
-250.3324,-108.5650,-189.6933,-76.2806,-195.2843,-71.8003,-115.7844,-4.3632,-243.9067,-108.1800,-348.9737,27.8906,-169.7652,28.6134,-116.1657,4.9340,-164.3391,-68.7451,-173.3837
-272.4491,-62.2448,-209.6493,-55.6590,-195.1878,-73.2138,-118.6655,-37.7026,-227.4518,-134.7608,-301.8184,77.3706,-163.3158,30.4546,-134.4894,-14.6769,-162.3275,-86.0536,-185.2887
-185.1886,-3.2654,-221.9773,-59.8749,-210.5925,-81.1343,-207.5784,-134.1050,-309.5171,-210.9388,-146.2516,111.2498,-166.6442,-11.7761,-168.0982,-72.2027,-92.2057,-138.4094,-259.6934
-62.1708,-5.8931,-211.6986,-68.7801,-227.3237,-85.3913,-289.2849,-173.2518,-361.3121,-217.5481,-42.9276,43.4015,-172.3594,-90.0300,-206.4422,-108.0088,-51.8647,-112.7699,-281.6391
-52.6120,-70.9292,-200.0520,-74.8713,-235.2181,-70.3267,-256.3720,-124.7839,-315.1936,-143.6766,-66.4088,-49.7503,-156.2529,-140.0888,-209.4344,-107.9816,-92.4964,-26.6114,-209.3922
-116.2850,-107.1761,-203.1937,-85.4957,-239.8447,-54.4356,-163.2158,-89.4952,-260.5280,-118.2124,-123.2775,-35.5937,-137.1946,-123.2341,-164.9191,-107.6923,-127.2445,-9.8184,-139.3522
-141.0853,-89.4555,-204.3708,-87.7374,-237.4980,-51.6937,-129.6095,-97.3568,-217.3725,-151.0185,-148.6598,14.0858,-146.1442,-110.0131,-98.0027,-92.9411,-111.9123,-43.7453,-134.9399
-143.2601,-86.4574,-193.8203,-85.0851,-223.3144,-59.6680,-136.3621,-102.4530,-143.5252,-131.4130,-167.1781,-18.8306,-156.1998,-153.7225,-42.6720,-56.2408,-100.4380,-32.9156,-152.0432
-137.2006,-103.4503,-166.3960,-90.0371,-188.2939,-80.2268,-114.2629,-103.9373,-119.0863,-75.2782,-175.3928,-53.9547,-121.6628,-180.4218,-45.9855,-54.2438,-106.8371,-10.3204,-145.2762
-97.6125,-96.9777,-113.6045,-84.2784,-126.1175,-101.2293,-105.6622,-116.7544,-206.4662,-96.5877,-152.4289,-9.8301,-62.7925,-152.0282,-109.4760,-94.9940,-104.0153,-20.7094,-129.7156
-89.4369,-91.6969,-73.3840,-68.7991,-72.5482,-99.9456,-142.2460,-129.5393,-290.5737,-165.2607,-140.3860,23.9849,-34.9883,-144.4562,-149.7146,-106.5446,-105.9052,-11.5763,-127.2786
-141.6497,-108.7181,-89.8931,-80.9592,-65.8316,-85.7733,-145.6301,-130.8807,-280.7834,-145.6602,-173.6667,-11.4191,-38.1405,-167.7062,-120.8811,-68.3005,-131.3236,22.1626,-122.8567
-161.6467,-115.7938,-117.4515,-114.8274,-78.0707,-85.4546,-91.9943,-105.2624,-237.3034,-50.4209,-203.0051,-54.8880,-34.2594,-159.0607,-83.9776,-42.0504,-163.6243,16.5156,-95.4258
-146.2504,-127.6532,-101.1245,-132.6726,-80.7770,-99.4235,-54.3496,-60.4185,-191.1217,-16.8730,-186.8848,-69.1003,-27.4330,-146.0639,-82.3106,-62.5459,-181.4707,-28.8710,-60.4075
-165.0034,-174.9984,-84.7563,-146.0485,-104.3435,-118.6861,-36.0077,-51.3624,-90.1626,-46.6999,-169.0634,-61.1171,-47.2484,-175.5355,-75.3171,-93.3503,-181.3710,-72.2094,-51.8166
-163.9263,-208.3360,-109.3890,-175.0068,-142.3105,-144.0897,7.2213,-86.0994,42.5236,-18.6359,-190.4197,-37.7343,-79.1408,-198.1526,-26.3161,-101.8729,-177.9860,-95.1293,-70.2905
-103.2733,-185.2486,-131.9356,-184.7637,-124.5825,-161.4517,40.8678,-102.3095,98.2532,56.5494,-210.2382,-26.4663,-80.9785,-188.9808,39.0736,-112.0901,-173.5055,-76.0368,-84.6196
-69.3003,-139.0996,-116.1142,-149.6024,-50.0794,-148.1391,30.6985,-89.9586,38.5917,56.6107,-183.6543,-34.0479,-49.3737,-199.0560,58.0247,-140.1159,-135.7450,-22.6077,-77.1710
-69.2923,-98.5972,-75.0397,-100.9607,4.8294,-110.5420,14.9109,-83.0573,-50.4362,-10.2720,-138.4974,-28.1667,-16.0807,-228.6336,2.2941,-145.6432,-60.1580,11.6011,-36.0897
-40.1323,-71.2744,-32.4330,-67.9493,27.0145,-72.7114,20.5683,-62.9195,-76.9145,-33.8234,-111.3752,-15.9980,6.8126,-231.9733,-61.7680,-123.5388,5.1342,26.0238,56.8433
-22.3273,-68.8926,-11.0176,-47.1268,62.1889,-40.8087,47.5151,-27.1086,-62.6664,-7.9645,-84.1036,-18.5230,31.2056,-211.4176,-57.6378,-133.6990,46.0791,58.9953,161.8253
-26.9195,-73.0652,0.9517,-36.3114,101.1764,-11.9036,95.5354,-28.3241,-82.2394,4.1186,-39.5813,-10.3111,50.6647,-185.8423,-16.9292,-160.9491,79.6425,82.5675,196.3986
22.8683,-74.0325,46.5676,-38.7888,106.7516,1.5812,130.8470,-41.3106,-118.0278,16.1800,-10.3596,-1.9235,46.1123,-154.6203,8.9674,-122.1427,70.5671,68.8707,176.1790
75.9422,-107.5725,102.3149,-46.5204,97.5776,-9.2780,140.6714,14.4245,-90.4972,61.9541,-23.2985,-38.0611,37.1695,-128.1458,55.7187,-50.5326,4.9202,62.2406,194.1623
42.3103,-151.5676,102.6356,-50.8951,107.2429,-22.2698,174.7797,97.9544,-7.6251,101.0783,-46.1911,-72.2673,61.2223,-113.8859,133.2011,-42.3253,-36.0242,73.2067,235.8634
13.9469,-129.4305,77.7196,-51.9308,122.2188,-15.7645,211.4763,108.2018,38.5693,98.7963,-26.9575,-34.9002,95.0975,-105.2178,163.0760,-63.6208,-9.3111,59.5133,210.9878
63.0348,-63.0056,97.5172,-45.3436,123.3949,-4.8527,169.0176,61.3694,8.9298,79.4061,34.2686,33.8327,87.4558,-108.6289,124.6546,-49.5182,29.5196,37.7221,140.0093
95.7316,-29.4989,140.9657,-21.8654,126.9843,1.3901,97.5145,16.7028,-42.4384,32.4322,78.3541,74.9674,58.3094,-122.3877,90.7714,-55.6249,56.9250,46.7474,98.6165
90.8885,-12.9721,164.7311,11.3540,139.9708,25.5435,86.5645,-46.6182,-54.7096,-77.1617,66.4589,95.0725,56.8796,-123.6999,90.3172,-112.0593,101.2015,56.5004,77.0107
121.9435,21.4572,170.2522,27.6480,137.5618,52.1334,80.1663,-127.4060,-25.1859,-171.0230,39.5732,96.9077,68.4941,-114.0375,88.5416,-131.0459,150.1352,34.0563,63.2363
153.9511,33.5863,149.0286,14.0171,119.9817,28.3744,45.4378,-144.7260,14.8562,-148.3010,51.8804,88.8667,71.3582,-105.4650,73.8207,-83.9417,172.3122,2.7933,92.4199
147.5360,14.5542,109.5321,-4.2905,123.4538,-20.2815,66.4784,-93.4007,42.3919,-105.7164,86.9380,121.2458,92.8307,-77.5848,58.4034,-58.0016,175.2386,-12.2009,127.0206
179.3071,27.2075,107.1398,8.3780,146.0261,-12.1545,110.9904,-79.5672,42.7910,-181.7713,106.1758,190.1071,130.5474,-28.7319,45.4695,-93.8615,182.2602,-12.6266,95.0594
248.9078,80.1349,144.4255,47.7392,143.8825,36.8994,66.0365,-132.1822,20.3207,-273.0017,121.3498,221.2926,144.4143,-9.4332,39.6682,-136.9886,199.5385,-16.0555,37.6236
244.5827,101.7753,162.2825,64.3928,118.8189,37.7443,2.0789,-161.3414,20.2244,-233.4657,153.5701,194.6318,145.9582,-43.3203,45.8825,-141.3827,199.4189,-44.3792,29.0744
167.2755,55.5957,149.3873,19.7955,108.2145,-22.1710,26.8483,-134.1871,68.4885,-144.3487,179.2379,152.0134,158.1964,-89.6076,58.1673,-116.7432,142.2818,-85.5607,38.5849
121.9941,-11.1156,128.3443,-58.6843,97.4025,-88.0211,52.1226,-108.7191,121.2381,-84.7172,168.3622,111.2413,147.5379,-112.3884,73.1154,-89.0734,57.1712,-104.0416,10.9703
126.3479,-41.5151,100.2835,-102.1437,57.4571,-122.9908,3.1601,-103.1179,150.2897,14.3638,138.6786,65.1981,110.4474,-122.5991,94.6765,-66.5875,25.5482,-100.7801,-35.0638
119.6711,-38.3894,85.5962,-82.7378,23.4372,-106.6695,-28.5552,-100.4341,182.0125,100.1158,135.1659,15.2007,98.9435,-137.9745,114.8936,-56.3821,58.8360,-89.0878,-60.3745
89.6830,-28.6302,102.5170,-36.2405,33.2307,-47.7016,3.2358,-123.4759,203.4733,40.8703,159.8021,-16.3043,107.8529,-143.1549,110.1734,-75.6763,105.0208,-54.0992,-58.8620
71.3292,-5.9544,114.3005,0.3603,66.8364,-3.4123,36.1804,-170.5042,171.8221,-56.8502,157.1273,6.6533,97.0751,-119.5579,71.7476,-106.1023,141.3525,-2.3572,-48.6012
68.1399,32.9988,101.2314,26.5968,98.9661,1.0407,49.3099,-180.0981,108.0071,-41.0584,103.8552,65.2439,89.0750,-94.2332,24.8893,-104.2361,159.5606,35.7386,-49.2354
57.3349,57.1767,91.1480,49.8581,112.2268,6.5372,53.2386,-138.7344,52.2230,-11.2790,56.3615,78.3098,93.9376,-101.5864,-7.4447,-88.4581,147.3235,61.5519,-58.3958
49.7758,58.9590,77.7380,62.9929,73.0625,26.8640,30.3016,-100.7764,10.6913,-52.6134,49.3930,33.8239,56.2197,-116.3796,-32.8861,-96.6302,127.5639,71.3164,-67.2980
50.6354,61.1958,36.8388,58.7816,-3.0439,34.7133,-7.6397,-90.1882,9.6488,-55.9205,39.3652,4.2220,-19.0601,-101.1224,-46.7119,-83.8321,116.9413,39.1335,-81.8464
-5.1954,54.1766,-4.7337,43.0014,-41.5413,33.0972,-23.6229,-88.7779,56.9645,-4.8160,0.8944,-6.8972,-55.0743,-77.1038,-22.8592,-22.2173,83.1127,-0.9733,-90.5804
-131.9596,19.1718,-20.4462,26.7164,-33.2698,32.0614,-19.1882,-81.7774,77.0966,-14.8638,-37.5069,-50.5111,-51.9243,-69.2685,12.2466,6.5996,21.8744,6.0306,-72.9159
-192.8221,-18.5866,-27.1971,12.1580,-37.0570,14.4712,-14.6064,-63.5458,24.5148,-75.3252,-67.8119,-82.6542,-74.1442,-52.4998,-9.2259,-28.3432,-19.1122,23.9220,-58.0059
-113.5612,-30.8568,-32.3394,-4.2728,-50.1681,-10.9230,-26.0732,-52.2588,-47.2234,-91.1970,-99.9978,-30.7053,-121.5771,-14.3648,-86.4574,-42.3154,-26.3071,0.5930,-86.0622
-32.1347,-22.2871,-29.2886,-16.0340,-33.7315,-15.1636,-67.3561,-74.1616,-91.1267,-60.1716,-120.4003,53.7912,-147.4911,11.2562,-147.4061,-18.0323,-29.5153,-34.8525,-135.3925
-53.7279,-10.7005,-31.4611,-16.9774,-17.7605,-14.1719,-115.2424,-107.4314,-97.5642,-40.2080,-125.1886,75.5482,-143.5558,0.2468,-147.1951,-25.4640,-49.4523,-57.7171,-170.6895
-96.3902,-18.2608,-42.6947,-22.6054,-38.1947,-36.4964,-132.9152,-122.6305,-60.9151,-75.2633,-124.5764,39.6223,-136.9345,-37.8073,-101.4123,-60.2934,-91.7913,-85.5835,-195.6609
-95.0028,-48.1618,-40.9990,-46.7920,-56.6478,-69.7753,-139.9343,-139.5676,-21.1537,-139.0818,-107.3791,3.2102,-151.0324,-84.2266,-59.6180,-66.4269,-140.0417,-102.7142,-219.5292
-98.8033,-73.7337,-20.0447,-76.2449,-45.2728,-98.2253,-175.9375,-157.4944,-28.8535,-134.7197,-79.4756,-22.1478,-176.6519,-123.3027,-64.1114,-45.0054,-160.2918,-99.7090,-245.3907
-134.1475,-90.5153,-12.3775,-96.1884,-46.9720,-120.8463,-222.4216,-141.6887,-57.9168,-72.6957,-76.9407,-44.8091,-176.8490,-143.1860,-95.1140,-21.7683,-150.3088,-125.1015,-262.0121
-171.4346,-109.2057,-57.6584,-106.8138,-87.8094,-123.6729,-221.4156,-116.4365,-67.9950,-81.3653,-96.1590,-45.5448,-147.3935,-132.7500,-96.4860,-7.6654,-140.2770,-179.2731,-226.8690
-189.7681,-102.5580,-136.6520,-107.7355,-123.3313,-108.8890,-147.3804,-116.7619,-63.1892,-136.0419,-105.1796,-14.8558,-124.1718,-88.9342,-70.1871,-10.3747,-148.2944,-190.4060,-141.8072
-181.3693,-71.3886,-173.0801,-105.9138,-111.8295,-110.4631,-50.5128,-101.0532,-38.9506,-109.9083,-104.8155,12.2152,-109.1152,-38.2549,-63.1015,-14.6350,-174.2933,-155.6514,-82.5108
-160.7290,-79.1399,-149.8051,-116.0754,-85.6012,-128.3957,-16.9297,-53.9889,-7.1362,-60.5207,-102.1845,8.5075,-86.8230,-12.8813,-85.1210,-4.0867,-201.8999,-146.6138,-69.4615
-151.0306,-124.6116,-143.5495,-129.7672,-111.6537,-127.4310,-54.2155,-32.1735,-3.4759,-77.0986,-102.8256,-3.3394,-96.3045,-6.2657,-119.2020,1.6444,-207.4266,-172.1425,-48.9193
-135.8386,-141.2989,-187.7804,-135.1723,-191.4307,-119.5807,-81.1036,-34.4897,23.5767,-72.3816,-138.8732,-7.4576,-159.5325,-6.4640,-149.4926,-2.2149,-206.3291,-178.1443,-30.4111
-123.3860,-138.3237,-223.4519,-151.2090,-251.9646,-141.5418,-70.2855,-19.6128,136.5466,-28.7080,-199.2529,-24.9832,-206.2321,-30.1741,-147.9821,2.7388,-229.0878,-151.4939,-61.5324
-175.7092,-143.4310,-221.2538,-171.8616,-253.4411,-162.8406,-80.2719,-19.0930,232.3531,-50.4739,-212.9581,-47.7526,-190.9194,-67.9295,-114.2260,-1.0023,-244.0304,-123.5000,-111.9476
-248.3361,-107.1110,-214.4595,-144.8286,-236.3605,-135.2137,-124.7076,-54.5270,188.4235,-70.6761,-189.4498,-37.3932,-178.7034,-78.3869,-99.5318,-24.2920,-211.5177,-110.1491,-139.9620
-202.2208,-34.7990,-219.5106,-76.6808,-241.9371,-92.2437,-153.1803,-73.0813,60.7789,16.5080,-210.4046,-6.3913,-220.3239,-64.0928,-127.2703,-36.6039,-165.8447,-105.6643,-160.7429
-72.4410,-17.2140,-233.2419,-49.9426,-261.3802,-85.2744,-157.5051,-69.6558,-57.1384,67.0750,-254.8194,4.1457,-265.5268,-55.6900,-163.8342,-45.6515,-146.5912,-106.0814,-177.6802
-47.1173,-51.4653,-254.7592,-85.2004,-275.2248,-91.3582,-183.2228,-88.5400,-165.0199,-37.7565,-246.6586,-0.2052,-267.4019,-46.7979,-190.5493,-71.3568,-150.2047,-109.7404,-184.9817
-141.8865,-64.4975,-266.4701,-111.6270,-279.7614,-79.1909,-245.7552,-103.3846,-256.5841,-146.2863,-222.2283,-5.6055,-254.0402,-30.2156,-215.1166,-62.3992,-181.2111,-106.3204,-203.2036
-198.0167,-66.9435,-258.5142,-91.1928,-280.9668,-66.0686,-295.3798,-76.7894,-300.2426,-148.0490,-242.5748,-34.6434,-253.9150,-29.2143,-232.7110,-5.0753,-226.1348,-89.7244,-219.8649
-174.9516,-83.6560,-251.1304,-56.9843,-297.0987,-51.3595,-284.3023,-51.0365,-304.1947,-136.2887,-264.3640,-89.0460,-252.7325,-43.1294,-238.7471,14.0627,-221.8922,-82.0140,-208.5413
-160.9236,-76.7911,-255.8534,-41.9083,-336.3259,-18.5953,-247.7816,-56.2311,-288.4940,-151.6151,-249.4076,-128.5720,-249.1216,-46.6074,-236.9931,-18.8882,-158.6649,-110.8604,-206.1205
-169.5292,-49.2129,-262.7854,-51.9062,-365.3326,-8.8794,-247.8167,-61.7011,-275.6784,-127.0644,-238.3531,-128.6724,-262.7787,-42.6192,-227.3847,-17.6625,-112.4537,-162.0117,-236.2428
-155.0101,-44.7799,-261.6929,-76.7114,-345.8433,-53.4906,-257.1333,-61.0874,-287.7389,-74.9665,-240.3891,-100.7431,-272.6241,-44.8307,-219.7382,20.0446,-115.3374,-193.1249,-252.0134
-137.2422,-47.1763,-246.6577,-88.1718,-295.4070,-89.2373,-228.3492,-80.0363,-285.7426,-76.3629,-217.2496,-73.6432,-237.3967,-48.6777,-220.4189,25.6394,-119.2942,-185.9941,-252.4160
-149.3191,-26.5942,-232.8074,-65.9132,-262.6231,-68.0258,-215.9947,-121.0946,-236.0180,-143.2603,-179.6836,-68.7750,-180.5863,-56.5793,-213.9052,-0.4486,-97.4456,-152.6723,-290.7432
-154.1575,-4.9000,-242.2271,-30.0016,-248.2774,-41.2897,-264.0110,-170.0275,-202.6200,-214.0908,-161.8649,-66.1924,-157.4461,-74.4255,-203.4893,-30.4379,-78.7598,-113.2781,-339.6847
-131.7906,-4.2916,-245.5731,-20.7512,-213.9626,-49.3174,-298.4964,-200.9980,-218.8145,-240.7674,-156.9832,-39.9757,-160.7656,-85.3630,-203.3216,-64.3522,-100.2312,-89.5733,-327.1372
-147.0702,-26.9908,-211.6378,-53.1816,-169.6555,-64.0201,-277.2307,-177.2765,-215.1259,-232.3239,-165.5869,-25.5686,-154.7598,-74.2084,-180.7126,-75.5071,-161.8964,-93.0471,-264.1071
-223.9201,-64.2993,-189.2736,-100.2174,-158.5516,-70.9668,-256.9570,-108.6370,-180.7245,-207.2384,-207.5050,-57.9305,-141.7154,-55.2374,-122.6610,-46.4817,-216.2985,-110.0794,-207.5198
-269.5977,-74.4081,-205.6336,-118.9370,-152.1331,-80.3779,-242.0461,-57.7515,-180.0988,-149.8402,-248.0517,-91.2188,-121.2520,-53.1072,-103.3003,-26.0456,-225.0851,-115.2614,-175.7940
-225.4528,-39.5785,-194.6148,-99.0557,-92.4690,-80.9770,-187.5021,-47.6029,-203.5566,-74.2356,-234.6937,-91.0919,-78.7391,-72.7054,-151.6845,-37.2590,-211.7023,-95.5568,-155.0236
-165.1019,-26.9008,-142.2064,-73.9002,-29.5434,-66.5631,-136.4358,-33.0896,-206.1569,-49.8961,-200.5945,-106.8024,-46.0779,-88.9507,-180.6193,-36.7028,-214.0908,-62.2093,-120.4177
-156.9366,-83.0927,-118.8240,-73.3653,-51.3328,-53.0845,-145.9685,16.6855,-200.5115,-81.9452,-199.5964,-156.7372,-60.4683,-75.0535,-152.5557,-19.4257,-229.0198,-46.6917,-60.0153
-169.8449,-147.7242,-125.4374,-92.3675,-116.8308,-48.8548,-154.3953,71.9907,-191.8905,-79.8584,-191.4049,-178.5911,-87.9263,-45.5990,-131.3056,-22.8215,-237.8538,-68.2720,-3.0186
-174.7365,-159.0486,-118.4891,-110.8731,-134.7921,-57.1193,-88.7032,88.1069,-163.2852,-14.7694,-130.4976,-148.3210,-91.6351,-31.6752,-126.0404,-27.1960,-230.7015,-104.1753,15.4500
-185.6544,-140.0387,-129.1486,-113.4940,-120.1148,-73.2964,-2.7906,59.6529,-130.7725,18.4534,-73.4724,-114.5576,-91.8305,-24.9884,-92.0431,7.2435,-199.9359,-113.9479,1.4508
-181.0834,-129.7954,-167.6721,-97.1545,-116.6398,-71.2749,12.7727,18.8531,-108.8900,-43.4136,-69.5942,-110.8428,-90.2348,-12.6156,-58.3631,38.3527,-157.9005,-85.7886,-23.4435
-133.3079,-124.0168,-158.8994,-80.8445,-97.2806,-50.5901,-21.8520,-6.8572,-94.1267,-116.9678,-69.4551,-125.8621,-55.5863,-21.6569,-61.1674,1.0280,-131.5907,-46.8099,-47.1084
-85.1148,-107.6329,-99.3830,-83.2575,-48.0363,-48.1974,-13.9458,-19.1008,-87.1681,-85.1956,-33.0042,-127.5900,-2.3872,-53.6133,-38.8605,-74.0106,-118.7010,-38.1875,-50.7172
-76.0901,-88.6712,-77.1063,-88.4169,-10.2972,-59.2240,51.3397,-27.4867,-55.4740,27.1998,8.1201,-94.8968,31.4455,-55.5114,48.1000,-111.1926,-93.1845,-67.1043,-19.6383
-66.4140,-75.9593,-95.4580,-68.6744,7.5839,-38.3362,103.1161,-24.5575,20.2808,90.0619,33.6221,-63.1902,56.2398,-18.7946,118.9579,-113.3072,-47.4394,-77.3623,33.9906
-22.4845,-49.2067,-75.1179,-26.7643,45.8992,11.2365,121.7345,-2.1274,55.6241,60.4165,58.1302,-78.8143,96.1008,0.5941,109.6469,-123.2078,1.1434,-17.7420,83.5561
20.3276,4.6386,-3.3265,14.9321,114.7393,45.0789,145.4603,19.6624,-2.8149,12.5250,88.4329,-95.2558,137.4303,-7.3245,71.6762,-122.7582,32.2039,60.3014,112.8679
36.2489,41.5718,64.0461,35.3907,162.8361,41.8844,157.3508,17.8260,-47.8748,-1.2446,128.6835,-46.0406,155.5005,0.2403,63.4090,-84.3219,42.4209,59.5615,129.2881
44.3280,14.8823,94.0378,13.8934,129.8305,5.2910,125.2076,15.3024,2.6755,13.1231,169.6310,12.7405,145.0918,17.1918,73.8585,-44.5054,36.3211,-13.7281,145.7511
51.4778,-45.4394,88.3296,-42.7210,34.7451,-39.4758,91.0916,44.2831,83.5475,42.4350,174.7183,2.8779,120.0250,5.0684,90.3818,-34.7661,3.1375,-62.4333,150.4058
55.6962,-77.9103,59.6182,-81.8374,-19.8326,-53.6001,83.4076,73.1513,151.9911,61.0704,144.6242,-25.2406,102.4822,-19.4671,122.4933,-37.1714,-52.4402,-44.4216,127.7875
72.3659,-68.3121,36.4417,-68.6076,16.5444,-39.1352,67.0135,55.7571,232.4467,50.6431,127.8295,-7.5138,100.1226,-18.1881,150.9147,-40.2344,-75.4669,0.2420,99.0177
91.9753,-36.4327,51.7941,-33.6825,81.3721,-29.9922,55.2999,20.4336,282.8937,38.8860,135.1161,12.1940,107.1460,1.5478,156.0907,-32.3280,-31.5513,39.1038,92.4226
87.3098,-5.3362,103.3992,-11.5309,121.4685,-20.7176,92.4654,10.9754,249.7059,44.1308,144.0897,-0.2934,128.9683,20.2518,165.4852,7.7395,32.6088,68.8513,98.7890
91.3972,6.7366,144.9924,10.6148,150.7679,11.3574,133.8782,8.6414,181.6406,43.3279,160.5210,1.0002,166.6561,39.5754,185.9253,40.3504,74.6317,82.6597,98.7258
157.3181,10.0734,146.2718,43.3121,173.8402,45.9652,122.4542,0.6206,127.7175,29.1151,186.1070,29.1211,196.5202,54.7139,168.6731,21.0004,111.8085,81.8678,93.0834
242.6538,25.7625,142.3967,59.0940,181.2764,54.5622,92.4902,17.5090,57.8891,9.4847,205.0455,40.8571,203.9342,54.3683,110.0788,14.9113,144.3071,79.7178,87.5560
264.2515,38.6361,171.4272,37.7086,188.8312,42.9081,85.5637,51.0650,-21.3675,-5.7909,232.8556,31.8032,201.7151,40.6257,73.2260,67.2522,146.3809,74.5221,93.5388
233.7296,32.4328,203.4669,1.4247,199.4757,30.4358,100.5031,62.1526,-37.2204,25.5578,273.1179,33.7352,194.7922,22.2824,76.4699,85.3317,136.1782,66.4026,126.6061
216.1636,33.6236,200.4338,-8.8456,195.4806,32.7073,137.7100,65.1466,9.9611,98.0536,279.0827,56.6907,172.3301,25.3196,87.7667,36.3809,145.3655,74.6869,171.0783
215.3996,53.0955,182.4610,21.6252,179.7036,50.3495,169.1249,84.5862,30.7485,105.6898,252.7911,93.8796,141.5451,79.2789,105.2452,29.5977,162.6432,96.5498,188.2846
196.3543,56.0539,176.8475,58.8884,156.3755,62.8050,144.2738,91.9783,-3.2900,24.5822,260.3864,125.2981,129.9974,140.4427,119.9207,77.0442,169.1012,108.8763,171.2096
165.5094,37.1734,174.8551,61.9746,130.1868,65.3157,87.8214,76.0415,-32.8128,-29.7892,300.4437,117.5000,149.2390,120.9478,85.8769,70.1496,164.1618,126.8083,145.7412
164.9160,36.7965,174.2931,47.0133,145.3619,78.1262,60.2278,75.0983,-41.2708,-31.4945,300.7969,73.3367,177.4594,37.7164,21.9770,19.4344,149.5473,169.8682,124.5176
202.3232,64.1155,191.6467,57.8592,220.2536,96.7798,49.5635,92.3638,-62.7947,-52.8020,245.6113,45.2985,194.0157,-2.7322,9.9902,23.2547,139.1592,188.3016,101.4073
223.7901,88.0009,215.5142,87.3682,285.9801,97.5172,39.5565,86.4014,-64.3282,-50.6897,194.6185,68.8899,215.3037,25.9471,55.7088,69.5384,141.3932,133.3127,78.6787
189.6725,95.7648,211.6270,98.8252,285.5597,84.9188,74.4338,55.1235,11.2956,36.4834,196.9156,120.7537,253.4949,61.9878,101.4152,90.2778,129.0782,57.1571,70.3543
152.0083,95.9433,178.3571,93.0082,246.0312,77.1677,152.0206,41.9359,111.4348,106.3945,230.4113,147.5088,270.8843,76.0241,140.4182,83.0430,101.2402,38.7555,91.1522
173.8846,88.3558,153.1293,87.8332,213.0324,78.0756,198.7562,66.6358,146.6770,83.1794,227.9836,125.4248,242.9160,78.1359,181.1290,70.1428,108.6084,64.1547,141.3389
215.2309,76.6488,159.6291,79.9698,203.8174,82.5390,191.4870,102.1188,131.3150,61.8414,182.6712,98.7974,207.1767,76.7499,188.4472,66.1831,149.8862,61.9470,185.9739
213.5894,75.5590,175.6826,67.4330,202.7629,74.5965,169.0241,113.0187,119.5043,83.2659,163.5818,119.9288,185.6222,87.4083,156.9305,80.8432,166.5863,15.6801,180.6032
190.6489,78.5397,172.9090,56.9281,167.0625,51.0320,144.3240,95.9795,104.9937,50.2609,177.7680,153.8223,150.8669,107.7168,126.5399,80.5827,166.1194,-15.3321,140.9514
173.0471,66.2843,163.7624,46.8018,102.2476,49.0279,111.2999,75.9365,77.6958,-43.9826,158.5458,138.0967,104.4640,107.1700,101.1877,34.0958,196.0136,13.8370,131.0052
144.5184,55.9004,173.0480,42.3290,79.8723,80.4874,85.4271,68.0960,71.4126,-78.8952,118.8573,105.9196,75.4809,89.4312,69.5493,-8.4860,224.0466,59.1968,152.5495
129.4326,74.6394,188.1503,55.4986,109.3791,93.1437,68.3383,62.0779,101.9428,-24.3432,119.6254,116.9742,53.5442,85.1601,60.0893,4.1828,200.3448,54.8962,136.8668
158.2153,99.7580,177.4523,77.7243,123.0196,73.1383,38.2755,44.4478,131.7588,29.0057,126.3398,134.5721,28.1729,87.0478,77.0988,36.0203,165.5649,23.2019,74.2756
169.4810,103.0538,140.7910,95.3181,109.1323,73.4329,3.8111,18.5468,113.2324,48.2599,90.4366,106.7901,26.4542,79.0404,68.9514,43.2892,165.6329,22.2929,25.5922
111.7465,105.1343,104.8376,109.0870,95.4076,95.8663,-7.4238,0.5504,48.1822,78.4148,51.3761,70.5367,40.3499,73.1731,20.9953,36.7832,164.3208,35.7481,3.3072
51.5657,113.5817,77.1996,112.2228,61.0902,94.8746,-7.5802,1.0625,-6.4302,98.4760,30.9732,68.0535,21.8686,70.4479,-17.0901,25.9874,128.5838,30.0575,-16.1651
45.9119,102.3208,46.6520,100.0117,6.4042,88.5358,-22.1547,12.0915,-26.3788,38.4737,5.0754,74.9722,-25.9046,67.6346,-26.5938,5.4742,89.8014,34.3851,-11.7787
55.0635,91.9911,24.2747,96.5894,-16.2762,114.1916,-42.6222,18.5217,-69.9823,-64.7362,1.1062,69.5350,-56.9696,82.2579,-57.0314,-5.7009,76.9689,59.0953,18.9512
58.3139,116.0454,31.6253,113.5816,-5.5414,135.0311,-70.1418,13.2951,-166.8968,-104.9047,34.8848,64.5922,-60.8587,105.6144,-137.8075,12.0924,72.3291,55.8993,17.6679
79.2176,127.3712,48.9250,121.5742,-2.5713,112.6608,-126.5457,-4.7000,-237.4164,-81.4326,39.0127,66.6979,-60.3175,113.1913,-207.6627,33.6928,48.5230,18.7080,-24.4441
84.6776,88.1606,37.7772,103.3205,-7.5662,79.6186,-177.1082,-26.5737,-213.8521,-73.8045,-4.1448,79.3064,-72.0536,124.3509,-194.2919,19.2420,12.2274,-9.2921,-52.6089
29.2396,57.8765,3.4197,74.1175,-16.0174,61.4045,-166.2005,-32.7346,-151.3843,-96.6675,-25.1209,102.5135,-97.1178,141.3092,-140.6859,-17.7893,1.8349,-26.5252,-62.0399
-38.6912,64.2441,-34.4607,42.0426,-41.1118,28.2888,-124.8589,-21.1661,-129.2349,-109.4590,-14.2834,101.7878,-115.1790,110.2632,-137.9330,-20.5423,25.6903,-49.8924,-75.1813
-56.2415,42.9206,-80.3574,6.2581,-58.4914,-29.2444,-102.7449,-13.4552,-127.2871,-92.8277,-16.6720,51.4379,-105.0508,37.2868,-156.0354,18.0246,24.0769,-58.2099,-66.9335
-54.8752,-17.3069,-111.9986,-24.2120,-43.6225,-63.4734,-81.2088,-17.8002,-91.6663,-61.9771,-23.7107,-7.5284,-81.8446,1.8800,-118.1640,37.2973,-35.9360,-40.7235,-31.5238
-77.0331,-45.1337,-93.0727,-37.3414,-24.8393,-40.3985,-62.2580,-22.5262,-52.6620,-65.1649,-25.1565,-30.5132,-72.7551,16.5297,-81.4386,8.0571,-80.9373,-17.3793,-12.3968
-89.8765,-17.1892,-58.0733,-20.3311,-19.5800,7.8938,-71.8752,-25.8406,-66.0813,-124.1793,-57.5412,-33.5834,-75.1551,23.6807,-122.5723,-43.4466,-55.3486,11.5797,-15.2769
-67.9002,25.5633,-57.1028,23.9290,-7.9724,29.4518,-51.8127,-38.8634,-88.7747,-168.9581,-111.9574,-35.0311,-76.8854,2.8966,-166.0853,-104.9811,-24.3328,52.7322,-9.9522
-45.2250,50.9446,-60.8820,54.3468,9.9107,16.6820,31.5258,-69.0099,-53.8644,-148.5123,-131.9104,-22.4494,-80.1663,-29.7231,-140.8984,-157.9356,-41.2693,86.0763,-1.2084
-36.5655,47.0081,-39.6948,43.5300,14.9462,-0.5546,73.7767,-107.2253,-8.4648,-132.3019,-117.2761,-10.3789,-86.7366,-53.7540,-111.9624,-151.9056,-55.2876,96.6240,-6.0507
-17.6506,21.1599,-24.5569,25.5595,0.3533,0.2016,36.5536,-123.8543,-16.1005,-164.1599,-101.5463,-30.2247,-90.8322,-42.9228,-105.0099,-101.5978,-33.1635,86.0496,-13.5205
9.4855,-4.5339,-12.6536,24.9445,-28.1134,13.3889,26.8142,-103.8366,-39.5568,-168.1492,-74.6434,-65.7592,-84.9492,-12.6248,-64.0370,-78.8447,-11.6875,52.2822,-14.4140
32.1064,-26.4992,30.1252,13.9281,-40.6297,14.9205,48.3682,-76.1469,-61.3928,-107.8818,-29.0760,-82.5261,-63.6501,-16.4015,-30.3622,-68.7913,3.3891,9.4756,-18.5805
63.0101,-42.8240,69.3400,-7.2441,-10.8446,-3.7076,5.7465,-68.1102,-123.4800,-57.3716,-3.6213,-79.9438,-34.6591,-43.5616,-71.6375,-20.2072,35.5178,-12.9033,-37.3872
81.8375,-32.4412,64.9544,0.3282,26.9653,-14.1550,-52.7624,-73.3296,-174.7906,-63.4093,-16.2582,-66.0052,-11.4960,-33.3491,-103.7028,12.7406,59.8532,-15.4332,-69.1125
42.5375,-8.0412,53.0224,27.2634,36.9048,3.6722,-36.5673,-87.4681,-137.4918,-82.3605,-31.1570,-52.3109,10.1814,-0.5496,-44.7945,-15.5007,46.8895,-16.2335,-94.0289
-18.6374,-9.9765,56.6526,34.1609,51.1028,19.3066,-14.3252,-102.0595,-85.6390,-55.5651,-24.6561,-72.6402,33.9210,-16.9199,23.1364,-23.6214,16.9498,-17.4224,-102.4987
-25.0832,-28.0061,47.9543,26.9307,78.3940,2.3350,-48.5689,-82.0756,-92.4933,16.7327,-15.4125,-122.3786,37.5043,-82.8314,26.5870,34.8018,-3.6763,-32.2189,-104.9676
-1.4409,-33.6719,24.6661,17.6965,63.2915,-30.2363,-59.3798,-28.7403,-71.7076,74.8900,-18.0458,-140.7240,11.4517,-125.0257,11.8617,85.9477,-6.7197,-76.8089,-88.1565
-22.9532,-46.3532,1.0774,-17.8989,8.0604,-55.7682,-5.6831,4.6066,13.4925,83.8367,-27.2205,-119.3097,-17.5497,-106.8712,10.4494,92.7805,8.8302,-120.7236,-40.5861
-73.7548,-71.8689,-26.5198,-74.6647,-25.4343,-73.6298,38.8067,8.5277,60.1039,76.6617,-43.7450,-111.1769,-34.8224,-68.7531,6.5091,91.4181,23.2080,-133.4374,-10.4414
-90.8011,-72.5641,-42.1770,-101.2426,-42.1611,-82.2165,34.4044,24.1103,51.6379,79.4325,-68.1625,-113.9290,-53.5329,-56.2568,15.1796,81.3198,11.3760,-140.2292,-19.6208
-81.6383,-50.7049,-36.6173,-88.7915,-76.0340,-84.7705,18.5641,55.7953,65.3636,88.9721,-88.1105,-95.0737,-71.1039,-61.2003,41.2575,43.9823,-22.4237,-148.6240,-0.8063
-93.9962,-46.3445,-48.4896,-82.0319,-88.3414,-92.6833,25.6463,79.5961,88.3232,119.7348,-105.9666,-85.7369,-71.1511,-61.3785,47.6601,3.5606,-61.4247,-118.3052,59.3540
-127.0959,-55.8013,-82.3528,-90.6221,-49.3426,-96.8642,52.7237,87.3771,88.5189,154.2200,-139.5105,-103.7826,-60.9416,-61.5589,29.6510,-15.2063,-95.4554,-65.3092,71.2306
-141.7320,-46.6816,-88.9709,-80.9770,-14.3462,-83.0774,71.9109,69.9759,109.3659,133.5579,-170.5836,-99.1646,-51.6767,-59.0698,14.5290,-18.2221,-111.8545,-53.1111,19.8182
-133.5286,-17.4799,-69.6046,-52.7705,-17.0702,-61.1533,60.5786,32.1572,132.5456,71.8766,-155.4559,-72.4539,-31.5560,-44.9630,1.6590,-30.1577,-109.2879,-57.7292,-11.0144
-144.9673,4.0157,-61.4288,-37.0926,-15.0769,-36.6873,23.4701,10.2209,84.4196,29.8129,-108.1443,-78.9174,-6.5504,-47.7669,-9.4633,-71.4606,-99.7114,-10.3535,0.1604
-182.3388,-8.8285,-61.7710,-32.3430,4.2842,-4.4057,-12.2890,16.8714,19.6832,5.8969,-96.7625,-97.8286,-16.0257,-81.9255,12.4110,-101.0980,-87.7509,50.8343,17.4552
-185.0207,-46.7296,-73.3489,-22.2628,-8.8204,16.5159,-8.6222,32.7519,38.9980,-6.1323,-135.4414,-82.2229,-62.9106,-98.4518,71.8377,-55.6806,-84.8801,47.0988,36.7082
-127.4494,-62.7143,-109.8752,-22.9572,-62.9582,8.5063,32.5710,51.2085,86.6468,2.7380,-157.0349,-63.9409,-91.9855,-75.6733,111.5194,14.3538,-91.8024,11.8128,46.2733
-60.0015,-38.3705,-128.2414,-39.3236,-97.6495,-5.5871,35.2959,54.5902,58.1318,-11.7156,-119.9885,-58.7802,-76.6501,-60.6111,83.9852,15.0798,-61.0684,14.7374,23.0058
-15.3161,-9.0914,-96.7368,-37.9509,-84.2776,-6.8119,-34.7301,16.7634,-12.0510,-43.1387,-68.8436,-21.9312,-56.1396,-68.6053,29.6891,-4.7177,16.2585,28.3258,-3.7720
10.3020,-1.3500,-67.9963,-18.4236,-65.9799,-13.6688,-88.4401,-27.6877,-31.1549,-1.5527,-49.2953,20.7365,-55.6725,-69.0247,26.5873,42.6838,54.1670,2.4715,0.1517
-1.4847,-12.6630,-68.3876,-23.4435,-76.6965,-41.7234,-70.8298,-28.5047,10.6912,86.6184,-40.2643,-2.3017,-51.3257,-67.1234,68.4296,103.3188,23.1889,-40.6934,16.8649
-42.6877,-37.4814,-55.6675,-56.3934,-99.5082,-79.7014,-48.4551,-7.7147,66.4601,124.8732,-19.4434,-48.8141,-34.9626,-80.6824,81.6572,108.8826,8.0809,-76.8314,32.8115
-46.1143,-57.4296,-34.2548,-88.3024,-116.2296,-109.0012,-50.2890,0.7462,97.0628,144.8197,-8.1665,-30.0160,-27.9069,-88.1765,56.2319,95.0469,26.8299,-118.5877,50.5401
-1.7025,-59.9256,-39.3521,-120.9842,-125.2876,-121.2643,-32.4548,5.6898,87.0085,155.1703,-8.6447,25.0097,-23.2057,-77.4613,40.0924,74.5306,7.3740,-143.8994,47.2491
22.2717,-66.7970,-44.1335,-150.4463,-111.2137,-122.0367,-6.0077,3.6116,63.3494,76.1734,0.7270,35.2294,5.4317,-72.6094,40.7934,26.7755,-35.9847,-115.1380,19.7317
18.1120,-76.4033,-20.6236,-138.4830,-62.1687,-114.0432,-1.7550,-13.9907,72.9565,-0.4743,-3.9779,0.8867,43.4221,-87.9147,48.8697,5.7587,-32.4119,-65.6237,5.0851
40.7977,-51.7873,9.6172,-87.0799,-4.3001,-88.9778,2.6977,-24.7379,109.0044,51.0063,-47.5694,-31.1522,54.8729,-107.3051,73.5297,32.3888,-0.1009,-48.3492,8.9042
79.3268,-14.5859,38.4006,-51.4496,30.4935,-59.7129,17.6647,-26.7703,122.6424,83.1699,-79.1702,-41.1546,49.5650,-99.9297,91.1563,13.9885,9.7559,-47.0303,7.3225
65.3392,-20.6937,60.9918,-56.6746,40.6058,-59.3497,34.8603,-36.2180,107.7403,-0.1395,-59.5187,-34.1275,64.3917,-58.2386,79.3847,-64.5418,-2.3019,-37.9165,6.7033
-13.3791,-48.8680,41.5496,-79.5338,33.9155,-85.1909,56.4453,-33.0167,92.4085,-11.9323,-35.2795,-27.0658,88.1348,-29.8550,75.8444,-88.8917,-24.0736,-51.5282,20.1998
-89.4214,-56.7538,-12.9058,-96.3550,11.4273,-104.2970,43.4576,-15.5278,69.3728,67.9507,-44.5770,-39.3202,69.3568,-51.9643,83.3621,-33.7905,-39.8579,-90.7313,33.9856
-96.1192,-66.8793,-46.9108,-98.6576,-21.7852,-105.3953,-23.6330,-26.3486,21.4260,26.3296,-72.3925,-67.5634,1.9301,-77.0155,41.5712,0.4816,-25.8970,-95.0394,38.3495
-43.6854,-81.0029,-57.0528,-83.6585,-54.9501,-83.2128,-61.9525,-60.6342,-23.5977,-106.6655,-107.8759,-83.0410,-57.9466,-56.7321,-35.2190,-32.0084,3.5181,-44.9648,38.1777
7.5896,-50.0558,-67.4005,-46.6387,-74.8509,-28.1902,-42.9043,-80.8031,-41.4469,-152.6094,-126.4925,-59.7137,-75.4488,-28.8290,-79.2985,-90.4960,25.1495,2.4731,29.8423
37.9381,9.4667,-58.5591,5.7960,-71.0042,22.2705,-59.6297,-100.5004,-58.7266,-150.2072,-93.4804,-7.8597,-77.8459,-31.1161,-106.6858,-139.6585,50.1972,11.8812,5.6321
54.6870,25.7340,-34.3958,29.1336,-52.3079,11.9936,-116.2515,-129.3636,-95.3361,-159.1752,-56.8377,18.7731,-91.1564,-42.1465,-145.2708,-169.4627,57.8674,11.7247,-35.6283
24.7704,-1.9384,-41.1895,-6.8030,-43.2469,-36.7750,-124.1408,-137.1592,-126.7683,-118.0653,-89.5731,-15.4333,-97.3369,-56.1284,-156.4201,-183.4697,3.6137,26.8079,-85.8387
-48.3403,-15.9240,-66.9671,-41.5466,-52.7626,-49.3731,-106.3663,-134.2725,-138.2594,-80.4799,-146.4612,-65.2522,-80.8609,-85.3675,-150.2820,-190.8593,-70.2368,38.0112,-123.3882
-69.2513,-3.3370,-61.0655,-16.5220,-73.4197,-16.1801,-133.1902,-148.6201,-153.0750,-138.2900,-148.2766,-69.4364,-70.8007,-95.0145,-175.3346,-183.0997,-89.8014,18.1325,-134.1996
-9.6749,-3.9571,-40.5692,6.0447,-105.7596,-1.0055,-180.1555,-149.7888,-177.9609,-199.8522,-113.9803,-47.1578,-100.0531,-56.4626,-187.9840,-149.4832,-75.7975,-27.7246,-121.7721
29.7991,-39.6023,-53.2331,-37.9221,-143.3224,-38.6014,-211.4275,-114.7367,-175.6133,-161.0454,-81.4053,-42.2410,-142.5188,-13.4274,-151.3780,-103.0140,-76.7213,-65.4437,-85.5339
7.8623,-71.3618,-86.6077,-85.8888,-152.6012,-86.4110,-219.1791,-76.8994,-135.3474,-64.0485,-52.7194,-35.0972,-140.7922,-5.0914,-140.1997,-58.1315,-79.7756,-69.5092,-44.3775
-8.0607,-56.5221,-95.6507,-73.9728,-115.3182,-93.0190,-181.4609,-60.7155,-112.9855,4.5459,-48.3048,-9.0652,-98.6588,-3.2651,-172.4215,-26.0213,-74.6544,-48.8768,-54.1904
-2.5143,-37.2534,-65.7851,-44.6315,-70.6836,-69.9625,-130.9906,-67.9580,-133.0426,-11.1815,-57.2682,-9.4750,-77.6743,14.0018,-157.0962,-26.2507,-87.6299,-29.2863,-122.3463
-10.1191,-73.0402,-25.5196,-45.2041,-68.2254,-58.4558,-130.0090,-93.4181,-131.2698,-61.8329,-25.6098,-41.7791,-91.5615,15.5311,-94.4444,-48.8138,-116.4682,-25.2736,-173.0490
-4.7238,-110.4367,-19.3474,-63.3264,-94.4224,-67.8047,-142.5232,-102.8183,-78.8876,-15.4544,10.9357,-39.3198,-92.7532,-14.0440,-69.7325,-54.0819,-122.7700,-36.2975,-168.1425
19.6416,-79.2610,-46.1634,-81.5623,-99.0820,-85.4311,-116.0528,-81.5259,-37.9111,80.5295,-27.4436,-7.5620,-65.6556,-41.1316,-69.1591,-42.5688,-98.3674,-50.0277,-149.8339
-19.7853,-44.7980,-60.1091,-93.2931,-79.5643,-94.4651,-81.9610,-67.3655,-15.2316,45.0855,-92.1576,-36.4657,-38.3315,-46.6188,-34.5384,-42.6502,-90.0444,-48.2330,-128.9685
-130.1120,-80.0181,-57.7869,-94.6115,-73.9826,-76.1643,-51.4630,-59.6320,49.1213,-52.7327,-104.0283,-122.8174,-26.3766,-47.5680,2.5092,-39.1544,-137.9009,-28.7975,-84.2429
-178.3233,-117.0176,-72.0019,-94.4613,-82.3548,-51.9329,-10.2131,-23.9929,114.8148,-23.2702,-101.3443,-162.3847,-33.3195,-45.0954,3.4691,-9.5503,-201.4956,-14.7949,-56.0176
-111.3276,-90.8486,-90.2771,-93.5735,-68.2439,-66.8776,5.4723,-0.3351,100.8058,49.5106,-107.1653,-125.8520,-46.7943,-23.7906,1.7816,15.5343,-208.2917,-26.9055,-77.1786
-63.1574,-61.3171,-95.6786,-85.8145,-36.9365,-96.6824,11.2527,-30.1440,67.9549,27.7909,-67.7587,-70.1003,-27.8560,8.1462,22.3500,9.6041,-171.5977,-60.7884,-81.7437
-127.9442,-78.4976,-120.5842,-87.2764,-33.6834,-87.2694,76.9222,-48.8171,105.2289,13.9101,-7.9911,-23.6887,18.5004,38.2757,47.0658,2.8432,-154.4241,-95.3668,-19.8234
-194.1683,-101.5243,-157.0204,-100.5380,-56.0409,-67.6159,149.0423,-8.2049,160.0637,80.6056,5.3852,-3.9754,34.1179,62.8317,63.2928,23.6244,-147.4574,-104.8342,49.0826
-139.8673,-98.8827,-137.4898,-97.5568,-49.9240,-77.7055,135.0215,36.2124,161.5473,122.2740,17.6891,-41.9287,25.6106,57.2262,67.8130,53.9572,-107.8432,-75.1279,70.8502
-39.6750,-88.3344,-64.7685,-84.5668,-7.0073,-79.6329,97.5125,49.7801,137.9172,100.9036,81.1943,-96.9799,50.0773,19.0760,64.8865,76.1960,-59.2986,-32.5660,71.8220
-23.1283,-82.1831,-11.0792,-91.5770,19.7839,-63.1244,117.4318,62.2068,128.5169,87.2018,130.6159,-87.4440,83.7150,6.2035,77.1294,104.2581,-50.3084,-27.6584,74.3727
-61.5712,-71.4441,3.6519,-99.0124,17.4543,-72.4962,147.5405,79.3504,139.5809,117.6171,112.2537,-26.7163,79.0517,32.9106,103.3758,135.7487,-70.0371,-59.8593,67.0255
-52.3692,-38.9205,6.2331,-73.3030,31.5534,-77.5266,144.6837,85.4662,159.1394,174.0516,68.1194,16.3826,72.1348,34.4956,104.4598,128.2579,-60.9348,-64.3866,57.2393
3.1676,18.9738,13.4109,-22.5769,59.8044,-18.3238,122.7679,83.2279,137.3071,180.6902,35.9310,41.2143,80.5161,9.3141,73.6678,70.5372,7.2637,-13.2607,58.1569
40.5976,68.9324,38.3422,37.2149,48.4500,61.3836,79.6394,75.5846,66.3265,88.3580,11.6676,72.3146,54.1774,26.6825,51.7265,23.4329,83.7981,38.5460,59.2053
40.5879,81.4936,66.7287,87.4810,13.3801,97.1028,45.3514,73.9139,35.0393,10.6780,-7.0165,88.0303,8.8620,75.9095,53.7094,33.7298,89.2868,53.1050,54.2557
13.7708,74.7646,58.3302,96.6965,20.7461,103.6617,73.5306,99.5046,70.0055,47.9780,-19.5176,77.3059,9.2976,100.2313,54.8895,68.7863,33.3151,63.8979,51.8038
-19.9786,66.6398,29.4302,78.7585,49.6712,103.1393,115.1133,135.6674,81.8259,100.2470,-21.7668,67.0924,30.1905,118.2523,37.5408,82.4269,-6.7577,87.3292,50.8953
-23.5364,53.2587,28.3931,81.3876,29.1911,96.3038,82.8329,148.5396,45.6429,104.5103,-9.6441,66.8162,11.4863,146.0817,-3.8680,73.4892,-7.9046,89.5431,39.6020
4.2066,59.9507,32.0947,98.3052,-23.0993,97.7317,14.0965,147.2851,17.5998,155.2432,-2.9466,67.3525,-33.5073,135.1706,-60.6068,61.5506,6.3633,68.6743,14.0229
11.7896,101.6047,3.1739,97.4170,-48.4195,94.4318,1.1955,153.8411,-1.1438,244.4729,-13.0351,72.6651,-73.8110,88.9712,-89.4682,68.8480,20.8984,57.8445,-5.2607
-17.6790,119.2371,-27.3245,88.1247,-59.6096,62.4801,33.5691,164.7153,-16.5161,262.3751,-15.6678,84.3045,-106.0055,76.3654,-63.8213,101.9249,5.8936,57.1632,13.7200
-43.5174,81.3305,-41.0381,82.9578,-78.5967,44.8884,37.4089,176.5492,7.9885,229.7218,-6.0923,92.3980,-118.3725,105.5961,-30.7218,123.6748,-39.1548,60.0721,59.3961
-46.7441,56.0753,-54.3369,80.0885,-68.0384,77.3700,8.1174,185.5091,35.5158,213.7647,-2.9582,90.2392,-107.4899,124.5565,-41.0899,107.2190,-41.5704,82.2141,80.7156
-36.1719,76.8201,-38.0982,92.2006,-18.3725,106.7950,4.4598,177.7758,-6.2555,196.0312,10.1348,70.9096,-92.2388,111.3550,-70.9006,92.7472,15.2747,99.9853,79.3615
-2.6262,85.4211,21.5539,110.1323,15.0260,97.8057,30.8734,161.6322,-68.3256,176.7739,47.9171,35.0618,-76.0955,84.5008,-73.6381,112.8698,44.4938,72.8491,101.3654
39.4126,71.4540,57.6723,105.0070,9.5336,87.3798,30.8934,155.4199,-62.6618,170.1701,80.9621,10.7558,-52.9106,71.0194,-42.2289,132.6330,24.5016,39.4616,130.0328
36.7870,87.3253,44.9604,96.6539,7.3888,87.1936,14.1944,144.5339,-1.8638,132.4367,101.1250,21.8011,-19.6856,77.8867,8.1788,119.5726,19.0201,59.6367,117.8059
-4.1869,119.3829,45.3320,111.1197,40.4854,81.9706,42.2130,109.7482,73.6083,71.7693,124.6778,44.4068,35.4880,80.8192,47.5835,82.9061,25.8334,107.0234,79.9322
-9.3507,120.1927,78.2797,120.8471,95.8615,91.8662,80.0660,62.9538,150.5220,59.0456,130.2652,44.4288,91.4930,69.7281,45.6460,39.5403,13.2811,131.9601,41.7303
36.4579,115.5761,110.0849,119.6618,142.9707,115.6750,55.4838,21.9025,188.4412,91.1762,114.3472,33.6728,92.8083,62.2621,30.2306,13.6798,13.7424,133.6480,-3.7701
75.7860,135.6311,138.0799,133.4054,157.0043,105.8091,18.3178,-1.7555,166.8722,131.4145,125.1281,32.0674,52.8452,49.6853,55.3975,21.1878,34.4193,111.8146,-26.0802
87.1356,134.4767,150.4158,131.0439,137.0825,63.4633,46.3474,4.5440,147.1583,176.7690,157.2356,10.8510,47.3315,18.9188,102.7353,38.6793,31.6027,70.8877,13.8690
80.8772,76.2682,114.1064,81.2018,108.7443,40.2229,100.8699,33.2293,170.9262,183.1642,158.6983,-46.7029,83.9688,3.9852,120.4594,53.6746,13.4409,58.6444,76.4564
47.2803,6.3333,70.0491,40.7988,94.7754,45.4256,120.4427,58.3292,181.2092,114.3424,151.6073,-71.9998,110.8667,22.2465,117.9280,77.0652,16.0709,91.5313,111.5539
23.4225,-6.9956,86.9530,57.0189,98.8998,60.3212,119.0890,67.4418,120.5255,35.0318,174.4643,-9.0374,115.2044,43.3476,123.0028,71.3582,37.5428,120.6272,126.7642
85.3748,52.8089,129.4559,95.4145,112.6217,91.6809,128.0059,61.0501,30.5563,-13.7481,181.5124,68.8325,106.2816,66.8611,132.6056,10.1774,79.8425,126.5295,126.6251
190.6371,126.6142,120.9704,122.6588,117.5768,131.0808,156.3937,44.5294,0.4803,-72.4394,151.8243,68.9858,89.1255,104.1491,158.6251,-28.0594,137.5293,132.1725,113.9823
205.7982,134.7587,80.4864,133.9788,105.9822,139.9386,196.4958,36.8171,42.9428,-115.9277,150.0703,27.9341,99.6186,113.4433,207.4049,3.3150,155.9043,132.8479,120.9401
126.9833,88.0989,73.7275,123.4710,105.2211,121.2197,217.7339,50.1243,78.8805,-80.3017,182.4805,23.3223,157.4955,81.3780,226.0763,24.0381,124.5655,117.8071,135.8893
71.6452,71.7313,94.9297,111.0577,133.2545,117.9815,202.4973,68.2101,67.3796,-20.7271,175.3687,40.6312,205.2409,66.7101,186.0060,8.2088,115.4413,99.7173,114.1267
68.9555,92.8828,94.8186,119.7472,145.4039,128.0810,161.7073,71.0192,62.0460,-24.2649,126.4776,29.9742,186.9880,80.9679,145.4341,35.5108,151.9487,79.0867,82.7089
60.1888,80.6622,78.4312,123.6833,105.7409,114.4480,102.4243,60.4393,93.4042,-49.1860,107.7320,-7.6516,130.8940,73.7549,144.0815,94.4857,180.3461,61.4319,83.9516
43.5632,35.6119,94.4926,103.4929,70.4836,85.0627,48.2429,55.9806,114.8495,-15.3303,135.6460,-43.1674,96.8728,50.9276,148.0500,98.8058,175.2593,69.8331,86.2908
51.6498,14.0509,140.9871,78.8938,92.4293,68.9884,36.4438,74.8196,106.6102,43.7108,159.3652,-50.9840,102.5372,57.9385,136.0733,70.9248,153.3964,79.4894,76.3895
71.7675,5.7953,158.4243,48.4108,118.1842,56.0225,52.2845,103.6926,106.0277,45.2138,143.8557,-29.0359,124.6601,82.4835,123.7181,73.7153,129.3420,51.2551,95.3958
78.4759,-18.5443,133.4102,11.1882,102.4273,41.2470,66.3334,110.0387,118.7693,10.4400,108.8007,-17.1001,137.4713,81.8717,109.6207,76.7013,111.1634,32.2548,131.4669
62.8914,-24.1052,120.3440,10.9930,107.9991,53.1082,93.1401,96.2325,111.9625,24.0245,104.6091,-35.8960,141.3325,55.4271,90.4292,51.1068,89.1933,74.0800,138.8514
30.5586,8.5497,140.3513,49.1987,167.6743,78.5991,116.4744,87.8394,82.7835,63.4891,142.6495,-38.8757,152.2268,36.1071,92.9647,33.4416,52.5939,114.4732,123.9944
23.0427,31.5311,155.5340,58.6593,194.8555,65.6779,91.0219,73.2418,62.9989,40.1213,161.7759,1.1339,166.2688,41.8671,131.6963,27.2566,37.0054,80.3690,104.4805
68.2052,21.4452,142.1386,27.1078,142.8891,24.1313,56.5453,38.5142,83.0908,-4.4912,120.7251,37.8806,162.9674,52.1494,175.1313,0.9545,74.6577,8.0176,90.5678
101.6697,9.7732,107.0580,7.4870,88.6677,5.9218,79.2685,25.1844,144.2386,34.1995,76.0430,34.7724,141.7199,40.7415,184.7448,-29.6572,118.3241,-27.9091,116.0493
63.9452,5.5286,63.3951,4.6442,85.9434,4.3148,136.5924,61.7591,202.7270,112.8829,88.0686,0.5095,127.2629,18.6833,162.8591,-29.9226,110.0052,-9.2757,170.2616
28.3793,-15.6005,43.8526,-15.4383,99.1726,-18.0355,183.2155,99.3632,211.9492,136.0578,121.0318,-55.3879,135.4876,3.5856,148.8558,-2.2777,67.9024,21.9099,181.2699
73.4669,-47.7552,81.2034,-45.1679,102.8335,-49.8977,193.6555,89.1524,180.4609,130.5567,119.9343,-102.4751,146.6584,-9.8675,168.7056,33.7075,42.3357,3.3718,136.2365
124.1506,-49.6273,145.8177,-55.2750,105.5282,-59.3182,137.4760,51.8562,149.0009,125.5610,105.2064,-84.0762,134.0656,-5.8013,198.8398,59.7161,51.4070,-69.4219,91.8011
85.8644,-16.8239,169.4628,-47.5008,93.6631,-50.2858,59.5507,25.7949,140.9028,69.2690,111.1517,-16.2748,112.5262,32.4517,196.9960,59.5939,69.7522,-118.7840,70.1602
18.1525,-11.9725,136.1445,-47.9976,51.2326,-52.2579,52.0889,12.0465,163.4129,-16.9848,113.5342,4.3085,110.3837,46.5729,157.0414,33.7683,51.9271,-95.3185,63.7362
26.3324,-66.6033,90.4431,-71.4788,5.2068,-77.2878,84.0489,-3.1999,201.6475,-32.7558,89.0925,-52.2358,109.6109,-17.4874,108.6380,-3.0643,4.4952,-45.5836,76.4995
90.4590,-100.7919,68.4403,-95.5175,-6.1503,-98.9730,73.2888,-14.3584,209.6923,35.2423,64.6121,-108.8829,79.5388,-92.3229,69.6912,-31.4157,1.7070,-26.8423,99.3183
119.0642,-45.7898,60.8207,-83.8751,11.1678,-87.3172,53.5599,-6.4388,172.5281,111.6480,54.9094,-119.1391,34.3154,-92.5516,31.6548,-29.4368,66.8497,-39.3516,121.0035
84.3507,27.4787,39.5564,-40.6948,13.3791,-53.4762,60.0249,9.9489,131.8380,123.6223,35.3918,-115.7368,-1.6921,-48.5796,-1.5400,0.4989,125.4806,-53.8994,134.6790
34.6036,41.4255,4.5969,0.0440,-13.0096,-20.8675,40.6130,0.4308,92.8121,33.9144,5.1558,-97.0823,-25.7449,-20.8113,-7.3639,20.6833,137.1670,-47.2677,99.8905
33.7285,47.4090,-8.3698,25.2867,-21.5491,5.6128,-6.3834,-42.3748,3.7080,-96.2260,-6.3404,-15.5687,-30.3326,-1.9477,-0.4638,4.3730,144.9772,-24.8237,3.0476
92.4256,82.4782,22.4507,32.3666,8.3811,7.4325,-37.4471,-81.7618,-121.6300,-138.7235,-1.0243,81.8458,-19.8666,16.9867,-25.8057,-34.7604,155.4299,-14.4074,-73.5588
129.9193,74.3393,57.1388,11.7193,15.9819,-23.1041,-65.1578,-86.0766,-186.0502,-94.1178,-4.8724,73.2967,-26.6718,11.4744,-66.1412,-67.3259,119.6055,-20.9511,-66.6536
68.0052,12.2099,34.3765,-17.9321,-30.0648,-34.9060,-82.4948,-62.7735,-154.5294,-87.8592,-19.9143,-30.1480,-48.8797,-6.2676,-56.6958,-72.7092,48.0004,-28.8775,-35.4442
-35.8196,-3.9541,-32.5216,-16.2234,-61.1242,-3.6118,-57.8648,-39.6168,-98.3471,-133.2764,-36.5072,-82.1887,-46.4994,8.0711,-12.6602,-53.3820,9.7792,-39.3272,-53.4139
-64.6654,47.2149,-62.2410,19.3589,-33.4257,15.6663,-44.5568,-36.4443,-78.8909,-130.2794,-51.8894,-37.4492,-22.8336,48.7580,-10.0104,-35.1750,25.2055,-47.3956,-100.7180
-28.2401,82.8417,-29.6627,53.3335,-2.1480,6.7344,-83.9869,-53.7224,-88.1003,-78.2075,-59.2414,5.5096,-12.5501,69.9633,-44.2405,-32.1870,56.1327,-39.8050,-123.9926
-22.2555,78.3739,-4.1925,63.1458,-7.8332,10.0131,-102.6783,-80.0997,-90.3298,-57.7221,-56.2837,-4.6755,-8.1889,65.0422,-51.7886,-32.8698,76.7709,-44.7342,-114.7692
-53.2821,74.0645,-34.9272,52.4729,-18.9168,3.6623,-59.0801,-103.7565,-59.2036,-70.3367,-44.3838,-27.1871,9.0396,58.7992,-33.9069,-35.2065,83.1650,-83.5653,-97.3148
-68.5458,70.5179,-86.1792,31.6338,-22.0732,-40.6474,-13.8027,-108.6329,-5.5344,-79.7931,-12.3702,-44.7820,13.0254,44.9655,-31.3495,-51.9871,71.7246,-103.4069,-79.7433
-79.6175,46.4203,-111.8934,7.2801,-47.8100,-58.8856,-9.0022,-87.5639,29.1447,-99.7225,31.5682,-74.8776,-22.6924,8.2186,-39.1750,-78.5686,55.4289,-72.5410,-45.3965
-106.6644,14.6544,-106.2703,-16.8659,-91.4786,-28.7517,-35.6030,-67.4409,49.0582,-114.7583,48.9735,-107.1833,-74.1814,-26.2372,-37.1660,-94.1602,52.6412,-53.0218,-3.4931
-100.3080,-3.3726,-81.3821,-37.3115,-105.1445,-35.6577,-68.4316,-71.7141,113.4599,-64.8420,41.9693,-114.0021,-99.4620,-33.3090,-31.7202,-85.8564,49.0181,-86.7822,0.2927
-38.5826,-10.0850,-60.5742,-51.3128,-76.7123,-89.9243,-77.8299,-80.0792,221.6602,16.8224,53.4090,-91.3820,-87.9369,-26.1898,-21.2545,-61.1931,28.6801,-127.7522,-44.2328
3.9397,-22.5425,-59.9407,-55.4389,-49.8933,-98.0555,-80.9837,-86.4611,285.0985,23.8431,75.6037,-64.6121,-60.8598,-11.4443,9.7806,-49.0204,15.6023,-126.0021,-91.4970
-20.6806,-45.4174,-58.7189,-43.5358,-47.9795,-49.2531,-106.8130,-117.8065,251.8297,-36.0670,73.3800,-53.9650,-36.0723,18.8941,49.1404,-62.0970,21.9519,-78.4619,-103.5510
-45.1190,-57.5850,-40.8742,-23.1760,-37.7817,-19.2437,-107.9012,-143.7645,159.4437,-59.6742,67.7372,-41.7680,-11.3343,42.4597,61.4996,-65.0605,18.4215,-16.2278,-81.2914
-5.6893,-47.1174,-29.3010,-17.7252,-4.6703,-24.5318,-66.7734,-105.2995,63.3469,-36.8053,81.0413,-13.3637,17.7590,37.0430,35.1467,-35.1664,11.5444,15.5658,-50.1023
47.7508,-35.7263,-28.4595,-23.3400,12.0238,-25.0496,-63.1425,-47.0442,-4.8502,-35.4687,82.6836,0.6890,48.8532,22.1255,-4.4818,-16.3695,48.4367,19.1592,-32.7987
51.0306,-30.8405,-7.0640,-6.8729,5.0465,-4.3129,-97.5397,-49.2489,-41.8169,-57.0675,70.1784,-4.4511,73.2674,9.7484,-26.4005,-46.8978,112.2629,46.4077,-12.8782
49.2619,-10.0065,32.9265,30.3304,24.0069,27.7286,-86.4727,-78.4083,-77.1249,-61.0440,84.8572,22.2075,70.8095,-10.5623,-21.0522,-96.2473,142.0415,91.7050,36.6369
105.6986,21.8724,58.0455,56.6835,71.8497,57.5542,-48.9592,-75.0012,-126.7901,-53.8963,114.5767,75.2625,42.5100,-19.8778,4.0101,-121.0101,142.7494,98.4085,83.1913
162.3387,40.1092,67.0347,77.9467,90.9606,83.4254,-26.8204,-69.2031,-156.0918,-67.0277,107.5996,89.5644,38.3126,7.3266,35.3727,-112.8257,146.3503,84.5095,86.8322
135.8238,52.6906,78.9634,115.1955,79.9242,117.4865,35.8936,-78.0131,-133.7585,-113.3309,74.1053,78.5745,86.0053,55.0158,62.8429,-84.6819,129.0098,108.3592,81.4176
73.4319,70.0686,97.3253,147.3094,98.8028,152.1888,130.0406,-55.0977,-77.0844,-171.0865,68.9123,102.8425,134.2070,100.4542,90.2967,-69.1194,78.3942,144.3031,97.9607
60.4645,79.3565,119.2317,152.1139,147.6624,161.3617,162.8794,-7.5711,-19.9522,-198.6936,103.2614,133.9452,137.7386,134.6264,119.1917,-94.2652,46.3965,137.8743,108.9609
69.3482,84.0720,138.0000,144.5243,165.2323,148.3242,154.9769,12.7431,10.3803,-203.9693,136.9741,115.5031,128.2790,138.7030,125.9540,-128.4041,56.4116,112.0882,114.1957
50.2427,90.4161,152.0370,134.4034,153.3986,137.4552,172.2206,25.0429,-1.9547,-211.4798,133.9964,75.9237,146.1613,111.1618,93.4750,-110.9307,68.3215,115.5829,141.4184
60.2004,85.2785,185.0699,125.5804,185.4255,135.6869,182.9160,76.4007,-39.0600,-158.9232,104.1782,65.7290,181.2490,84.3887,38.9872,-44.6886,74.4470,146.8037,164.3449
153.3343,89.2362,245.2249,143.3172,267.0575,142.9612,171.5016,138.9646,-74.9663,-41.4553,89.8697,82.4632,203.9268,77.6609,-21.2680,6.0573,115.7561,174.6496,149.5824
249.7979,130.3925,285.1736,182.7457,303.2895,156.8727,166.5491,156.4006,-119.1595,-35.9576,113.7343,100.8236,205.3638,87.7070,-74.1971,5.9729,183.2594,174.6425,125.9927
249.0255,159.2461,272.3754,190.6759,259.0823,162.5687,139.6896,136.8982,-169.7557,-164.9652,159.5479,99.6615,207.5685,105.4638,-82.9807,-4.2255,203.0059,151.4699,129.0998
182.0172,133.2523,250.7673,161.0403,230.1585,161.3937,94.0945,137.0900,-179.7838,-155.4231,192.5000,76.8274,226.5813,107.4572,-52.1992,32.2451,152.5812,145.0751,153.6015
145.6614,116.3068,264.1156,156.5022,272.1581,173.5469,93.4335,171.9091,-143.7770,34.3418,181.6044,61.2464,232.2886,93.4775,-54.4862,91.6166,115.3086,179.5398,170.1152
158.6988,152.2547,283.6086,196.6926,299.0890,194.4652,99.3854,187.2011,-128.9283,80.7797,134.4614,65.5465,202.7697,102.9371,-99.1372,98.4882,150.0130,226.5952,144.8390
167.8108,178.3610,266.1416,226.6062,246.0514,207.7885,47.2969,160.4958,-152.2883,-62.0665,95.7943,66.9668,172.2580,127.0625,-106.0524,64.3752,180.5818,256.3191,92.9254
144.4711,157.0066,218.7396,213.6143,183.3848,219.7245,19.5012,156.4019,-140.9257,-75.6768,71.3690,65.8338,153.0672,115.3793,-65.1799,72.5061,121.7184,274.2135,79.7354
105.3257,122.7197,169.2719,183.4754,179.9428,226.2632,68.8218,190.5015,-77.6655,73.8485,32.5823,75.4815,118.6022,91.9311,-49.5166,109.9876,29.6427,283.8449,101.9600
76.3006,88.7332,130.9958,157.8523,198.5517,205.3948,86.7040,167.9572,-50.2037,112.8937,27.8038,61.4417,104.1413,97.9119,-71.2844,88.9801,0.1901,277.2013,84.4681
78.4732,60.5734,121.1519,132.2468,192.3739,170.7697,37.5644,70.6512,-87.4143,-1.4390,125.9756,-6.6608,153.7029,82.2145,-79.3623,23.0007,19.4795,267.2277,28.1210
109.2928,69.1291,149.4739,113.0769,176.5083,157.4258,27.7586,13.4480,-94.5878,-102.1308,242.6223,-82.6710,189.3284,22.9955,-41.9673,-6.4857,37.1415,261.5289,-0.2312
132.6462,92.2250,170.6059,113.0737,161.9625,153.4528,73.2087,26.2158,-27.1510,-135.3186,244.1859,-107.5716,128.8245,-3.2979,40.2242,3.9173,63.2132,222.9581,1.5360
128.4163,67.3951,138.2856,112.6611,119.7986,116.8644,75.9023,15.1015,22.6669,-116.1094,181.8023,-89.3517,42.2966,7.2655,115.7235,25.0610,100.8691,130.8741,-5.3810
124.9711,8.5102,96.1027,82.7245,51.3342,50.1103,9.3075,-31.5840,-5.2848,-46.9826,181.3391,-67.1163,25.8101,-18.7880,125.8194,63.8751,111.0949,41.7332,-22.6364
140.3745,-20.7267,96.5461,35.6999,16.9874,1.5243,-52.6405,-38.7279,-35.4296,24.0841,207.5100,-49.5429,54.6993,-51.5100,127.2994,92.2402,80.3979,8.5658,-41.1458
140.3122,-16.0923,92.4046,-0.3077,38.2498,-7.7493,-43.5759,-6.8527,2.6368,64.0388,169.3853,-20.4513,66.6384,-25.8120,201.4550,67.3127,27.1202,0.6229,-50.1018
100.3384,-15.6192,42.2612,-27.9487,46.7510,-13.0325,20.9820,11.4116,70.2765,79.2836,113.8068,25.6179,59.1265,6.1564,262.5550,33.3213,-30.9711,-20.7870,-26.2009
54.8507,-27.9482,4.4208,-49.8282,5.4010,-40.4265,62.3067,8.4560,106.7123,56.4947,114.7444,76.6290,57.2999,-3.6504,202.7257,45.8522,-66.4422,-36.4754,9.8964
37.9746,-32.7394,6.9521,-48.8832,-21.7464,-62.1486,52.6521,-5.7867,109.8742,39.5635,125.4919,120.9104,65.0876,-5.6144,104.3833,71.5930,-66.5051,-39.6839,8.4263
15.9846,-21.4753,-6.1837,-40.2627,-4.8434,-59.6069,53.2212,-21.9055,110.4946,101.3083,81.8340,147.1811,62.1485,12.7965,75.0541,80.1611,-65.7740,-59.8825,-15.2296
-63.0318,-17.7586,-43.4134,-59.4699,-18.9433,-61.3637,84.0832,-15.1329,131.1503,158.7232,6.7880,142.6962,33.7825,11.9259,84.4520,94.3765,-85.6642,-92.3742,-13.6805
-158.3085,-41.6197,-76.3082,-86.1905,-99.6295,-75.2735,87.6342,8.0389,176.6982,120.2049,-64.7603,119.3270,-5.6391,12.0751,105.2464,103.5325,-99.7850,-112.5571,2.3778
-174.6794,-73.0873,-137.9981,-85.0909,-175.2482,-75.7170,64.2181,15.8695,244.7357,119.1641,-134.9706,102.1701,-39.0626,31.2001,150.5013,90.2436,-112.0181,-124.3473,5.7566
-134.1942,-101.8932,-231.9576,-91.1123,-192.8331,-72.4524,78.3066,29.1938,325.9447,250.3621,-185.5547,82.7677,-64.0277,17.4499,162.7595,102.5788,-160.5930,-115.6870,13.6626
-148.8392,-152.1147,-274.9063,-136.8430,-183.1904,-87.2274,117.0936,83.1227,372.7033,351.3440,-190.8155,52.1099,-78.2932,-32.7326,109.5371,154.5985,-219.0366,-64.6893,41.6493
-204.4708,-200.1931,-243.1707,-170.0642,-188.5522,-96.5949,101.0912,139.6902,325.5182,324.6649,-188.1323,45.6421,-99.1060,-53.9791,70.3065,172.1112,-222.2197,-15.1125,67.5971
-196.3536,-189.6524,-205.2914,-151.9862,-200.9530,-89.1524,35.6504,148.6698,214.0810,282.3642,-221.2774,67.7052,-142.2299,-49.0840,76.2667,132.8773,-188.6615,-7.5123,71.0043
-156.4675,-154.7425,-187.9337,-126.9743,-177.3624,-92.3100,12.9194,132.4568,121.6484,246.8487,-248.8530,61.0608,-153.7258,-68.1949,61.9045,100.9883,-191.8745,15.7574,54.4515
-176.3549,-162.9200,-167.9561,-115.7404,-112.5833,-89.6287,45.4041,130.3683,32.7856,135.3474,-225.3334,29.3053,-90.0074,-82.6386,10.7796,94.2645,-228.0838,93.2574,28.3225
-200.6291,-173.0430,-143.2656,-77.5492,-59.0409,-40.7150,39.6042,129.4280,-110.0628,14.3615,-200.3017,44.9326,-26.6541,-43.0061,-45.1628,81.6106,-232.1759,153.2086,9.1935
-165.3744,-130.4710,-112.7748,-23.0255,-28.1194,14.1316,-14.6965,101.6859,-235.9438,4.6256,-222.4287,96.9740,-23.5906,4.6448,-99.5024,72.6979,-204.6283,156.2526,12.0277
-149.8816,-93.0105,-74.5420,-15.2528,25.5090,14.3809,-4.7808,61.9508,-242.2449,55.2770,-249.1402,106.8102,-14.8659,-9.2546,-126.0723,79.3855,-201.0294,165.7381,20.8532
-186.3971,-111.4343,-51.4565,-48.2598,75.7751,-5.4031,84.1756,49.4622,-173.7994,58.8282,-247.3289,79.6636,25.9470,-63.1473,-96.7927,75.3884,-215.0704,201.6456,4.7650
-185.9301,-136.1192,-48.4312,-62.1216,55.3908,5.5415,137.7809,65.3883,-115.3984,38.2273,-252.2691,76.5831,26.3251,-89.8322,-53.2116,62.1542,-195.0904,192.5095,-13.8027
-139.2301,-127.0847,-49.7981,-56.2123,6.8830,10.7265,148.4031,73.1905,-51.1550,70.6120,-266.7895,105.2131,-11.2997,-72.2926,-25.9793,63.7531,-152.7505,113.6269,16.7848
-110.0964,-106.3533,-64.8653,-70.2001,-5.8485,-27.8807,194.0708,64.2242,27.7740,131.1301,-246.1661,154.2327,-16.0458,-38.4803,12.8194,58.5742,-128.6962,33.9782,57.3335
-79.5158,-88.4954,-88.4159,-93.9870,-32.9121,-66.4395,214.0671,53.4032,56.6370,118.6345,-195.1514,228.8868,3.3088,-7.9612,39.0008,27.4678,-91.9167,-0.0281,17.8233
-26.3579,-68.5070,-79.5646,-89.5496,-97.6363,-63.1836,122.3469,20.0818,16.9864,24.7812,-153.3485,293.4967,4.1437,19.1334,-1.5901,9.5899,-7.8598,-23.2234,-68.7228
-1.0610,-44.7157,-40.1792,-60.1775,-119.6761,-47.4728,12.9484,-44.8742,-38.6875,-28.1182,-123.7530,296.7056,-8.2601,42.8565,-57.3984,23.0290,66.1552,-65.2317,-96.7468
4.4412,-14.6390,-17.6749,-36.6783,-88.8758,-53.2325,-15.8373,-78.0645,-78.8466,20.5566,-103.5576,262.3685,-25.1401,52.1716,-44.4380,28.9239,81.5445,-95.6799,-80.5882
42.0741,7.0117,-23.0705,-31.8661,-82.2980,-66.7829,-21.5240,-45.3279,-97.9135,71.2360,-109.1442,252.6867,-34.3670,35.9907,7.1378,20.3049,85.0775,-100.8084,-94.9477
76.7394,-0.8290,-32.0201,-38.8076,-104.9198,-68.0109,-45.6376,-13.7792,-93.2317,40.8648,-123.1106,269.1456,-11.5730,10.4336,16.0274,28.8476,109.2026,-113.2059,-117.7628
68.2307,-16.1399,-26.1540,-46.2820,-108.2042,-59.8605,-47.1639,-26.3980,-88.1076,-19.9725,-103.9126,268.7567,17.6382,9.0961,-32.0261,43.1889,110.9500,-123.6954,-113.4962
51.3073,-13.4555,-0.6288,-50.0048,-89.0879,-50.7264,-39.3185,-39.3071,-101.4941,-50.5089,-60.4641,239.5363,16.6204,25.4199,-87.2739,33.0419,76.8302,-96.3316,-122.8904
30.7703,-21.9126,13.9221,-59.6299,-66.9043,-49.7834,-60.3680,-37.1638,-112.4979,-63.8407,-37.5444,204.3078,17.9076,15.0221,-87.3501,13.2961,52.1319,-70.6698,-153.2420
-13.6603,-51.5493,-16.5966,-79.5296,-55.0260,-64.5665,-82.7810,-54.9310,-114.7626,-75.0596,-38.2090,181.4758,48.0997,-22.9188,-26.9835,0.1031,48.4356,-91.7848,-153.7655
-40.1324,-47.5661,-52.5697,-88.1814,-52.8134,-79.7516,-82.1372,-78.4955,-126.7899,-63.4796,-25.4310,176.7070,74.5050,-39.5624,17.3689,-18.5159,38.9969,-111.7276,-124.0780
-31.8079,-3.1662,-41.1801,-71.9586,-31.3879,-75.4032,-66.7412,-66.3030,-125.5993,-25.9263,10.6473,184.5785,82.9959,-23.0718,4.5794,-27.2285,25.7254,-102.4912,-99.6588
-39.9490,4.8507,-13.1547,-60.9387,3.7395,-69.4331,-34.6489,-38.7062,-83.9860,-7.1787,35.4052,180.4801,78.2789,-10.3507,-7.5379,-3.8205,27.5256,-111.2274,-84.3900
-54.0665,-40.4730,-6.1713,-79.4269,9.7071,-82.6840,-7.8437,-42.2970,-44.2872,-36.1425,22.7413,145.4926,44.7506,-18.4782,7.5388,15.1487,42.0240,-123.2343,-74.2140
-27.8034,-57.8723,7.5328,-90.7327,17.4900,-82.3849,-16.4127,-74.6145,-45.3219,-59.5176,-12.3554,99.5578,0.5614,-31.8580,-1.1787,-1.7742,58.6633,-79.0426,-67.2756
-6.3072,-18.4225,41.9569,-52.7111,69.1054,-35.4458,-30.4664,-103.4291,-57.1270,-39.4184,-43.5748,68.3957,-17.1850,-32.9898,-39.6334,-19.0744,72.2995,-14.3901,-54.6816
-25.1388,10.3046,71.2933,8.6059,90.4742,21.6863,-28.7921,-116.2827,-61.8440,-63.0337,-59.7252,43.6721,-27.7563,-14.6578,-68.4102,-22.0345,75.3502,13.0607,-49.8965
-20.5601,-1.7046,93.4475,37.7404,44.3090,37.9084,-42.9946,-121.3818,-77.9951,-171.1252,-62.1829,24.3349,-49.6775,6.0876,-91.0999,-43.7146,62.7502,22.9072,-60.8448
16.7910,-11.1940,108.8111,18.8271,32.6406,14.6201,-52.2690,-120.2180,-79.4021,-206.6329,-69.0680,38.8776,-54.1395,-0.1896,-105.1023,-62.2642,47.5296,17.8394,-50.5567
8.4861,-9.9540,94.5100,-30.8855,74.3530,-29.4735,-10.6868,-101.1513,-32.6260,-83.8968,-100.6760,75.8122,-48.9041,-29.5486,-79.2979,-29.2938,54.6412,-33.2625,-13.8765
-34.0960,-25.8137,61.5932,-79.4572,56.9301,-78.9461,25.3846,-68.3504,11.4639,11.5891,-139.9478,77.3065,-74.8957,-54.2038,-50.3421,14.2204,90.2664,-98.0521,-2.8649
-19.6837,-29.7725,40.3980,-81.2075,-24.5168,-88.7426,-4.3988,-52.2525,-2.8843,-54.8414,-151.4374,37.6626,-116.8427,-66.1776,-71.1051,6.6846,127.8472,-122.6774,-20.5226
43.1745,12.3817,19.8645,-30.3198,-74.3499,-33.9499,-44.8751,-68.9514,-41.7265,-146.2833,-138.6208,8.0142,-135.2552,-67.8373,-84.8935,-25.1771,137.7498,-106.2726,-25.5735
60.5061,43.0547,-8.4102,5.8837,-80.9740,19.3211,-52.0409,-94.7072,-61.2310,-139.6555,-123.6562,-0.9307,-127.7411,-62.8195,-30.6843,-38.0155,118.0013,-71.4969,-25.9100
14.5734,7.0813,-19.1431,-16.9077,-75.7149,2.7018,-61.2237,-96.6242,-74.9278,-92.2957,-100.3967,-19.1546,-105.8829,-67.5280,28.6398,-31.8612,83.0280,-57.3796,-35.0077
-15.6511,-41.8987,-17.2836,-48.9270,-58.2438,-41.6973,-76.8131,-70.3986,-93.3969,-53.3944,-62.7774,-46.1188,-87.2342,-76.3986,25.4940,-5.0094,48.1126,-89.2930,-21.6451
13.6682,-50.5432,-32.6041,-48.3010,-49.5262,-46.2769,-74.4090,-44.3093,-95.3497,-15.8892,-28.4629,-68.3811,-88.6368,-64.1835,-2.2345,26.1097,27.4055,-110.8571,10.9954
33.0921,-62.6804,-52.3952,-58.8188,-66.5829,-36.9864,-68.0175,-42.6879,-63.2742,-6.7769,-10.1999,-102.1461,-96.4535,-58.8341,5.4356,20.3325,15.3780,-83.4323,13.7506
-22.7969,-105.9484,-58.7373,-104.3928,-84.2912,-61.2634,-60.6831,-50.6287,5.7009,-23.8845,-12.4956,-147.7608,-106.4925,-101.4016,52.0324,0.0082,-2.4161,-80.7923,-20.0984
-70.5931,-115.2118,-75.6581,-121.8334,-92.1540,-91.5449,-38.0168,-54.0431,88.2467,-20.0606,-32.0469,-161.5994,-140.3644,-146.5076,94.8257,6.4975,-6.8748,-129.1089,-61.5179
-10.4584,-57.7419,-99.7407,-81.1943,-89.4797,-91.6032,-27.8928,-83.7065,136.8163,-6.4482,-36.2289,-131.8508,-168.3592,-142.8979,89.0554,-11.5294,20.2782,-150.6283,-96.8745
64.5096,-13.5726,-89.8988,-54.0285,-70.5022,-83.7685,-44.8244,-141.0355,147.9012,-3.3189,-5.3146,-118.3962,-142.7520,-131.7441,58.5044,-77.5242,38.2082,-150.1024,-102.4890
23.5131,-47.2035,-69.7408,-86.2008,-79.4565,-90.0064,-48.6627,-152.9509,166.6829,26.7986,17.4236,-156.7670,-108.2523,-142.8102,70.9233,-86.9300,13.1788,-183.8620,-54.4135
-53.7640,-93.1054,-97.9092,-113.6005,-133.7222,-90.1202,-31.6852,-95.4092,183.5457,66.1179,-1.1630,-184.1028,-121.9904,-133.3485,107.4940,-12.1601,-7.7378,-190.7431,11.9519
-39.1143,-62.2999,-130.5708,-75.6283,-132.3057,-65.8233,-21.2269,-46.1126,139.3457,48.9408,-18.3850,-140.5595,-134.6769,-98.9747,90.9526,16.1287,17.4346,-118.5316,37.5950
9.9369,6.5107,-80.6295,-19.0920,-31.4863,-29.7502,-11.2437,-43.8254,50.0634,19.3821,4.8455,-85.6676,-92.7185,-85.8913,40.6937,-39.8240,47.7801,-51.5316,19.0432
8.8032,19.8533,7.6397,-15.1810,45.5699,-8.4342,-7.8483,-42.9707,-4.5461,48.0088,47.4773,-103.3439,-38.4541,-92.2251,31.2614,-64.0002,46.6993,-47.0067,-7.5302
12.1626,-5.5864,26.0433,-41.6466,27.6747,-12.6901,-43.6481,-28.9807,-12.8677,66.4160,86.0196,-149.0439,-21.0631,-84.6836,49.1625,-25.7312,42.5333,-68.0124,-26.9263
54.2166,8.0661,-7.8494,-27.7275,-8.0730,-16.4258,-91.0246,-29.7728,-30.1454,9.5433,113.9651,-130.9376,-30.3796,-59.5447,37.4325,-18.3128,49.6973,-96.1335,-49.0063
62.7783,46.4958,-14.1052,21.9970,-19.9836,5.0481,-99.0171,-41.2632,-58.2362,-39.8462,113.3214,-83.4156,-43.9559,-30.8442,2.3825,-68.0134,32.6620,-118.3511,-78.4993
10.7070,43.8137,-13.1769,33.1057,-48.3679,16.7419,-88.6480,-45.6466,-37.9192,-16.3720,78.0889,-96.6111,-54.8244,-24.6215,-11.5378,-99.6835,-22.6273,-108.4276,-108.5065
-45.8997,12.2647,-57.2642,-15.4711,-96.8151,-21.5103,-89.3229,-41.4775,34.6712,25.3863,31.8416,-135.9716,-61.1110,-56.4704,10.3464,-64.7861,-80.8344,-100.3315,-133.7054
-72.9945,8.3742,-112.1908,-57.8337,-127.1422,-68.7837,-80.4486,-24.6466,78.6633,53.5713,-1.6834,-112.1938,-60.6283,-81.7588,34.1363,-0.0177,-119.2213,-123.7800,-154.4020
-84.4573,28.5493,-133.3936,-51.2587,-124.9207,-70.7837,-61.1331,-2.2457,48.8689,89.8754,-9.7092,-61.8135,-52.0377,-58.2416,22.4471,33.6771,-158.9305,-129.6719,-165.5399
-116.6733,21.7127,-146.5954,-38.1940,-111.8358,-54.6759,-50.8025,9.2048,4.2080,103.8283,0.3783,-72.6677,-47.5036,-28.5749,6.4439,36.2450,-211.9368,-96.4535,-153.2289
-195.9958,-26.5837,-181.4263,-58.6942,-119.3618,-60.7971,-42.8429,19.6941,0.4799,67.7702,-13.1412,-109.9121,-64.4169,-35.2584,36.5098,51.2065,-247.6822,-55.6642,-115.9970
-275.4456,-65.9573,-221.6404,-79.5273,-138.9763,-66.5161,-53.1922,36.5579,4.2471,48.7645,-69.0644,-94.3171,-92.4821,-40.9805,69.6689,77.1444,-245.4933,-8.3271,-76.2155
-279.3767,-50.9065,-243.6035,-62.8046,-135.0997,-47.9643,-106.0706,48.0739,-23.0849,96.2607,-119.8667,-57.5080,-111.2258,-10.7404,38.3085,86.9667,-232.4365,26.4567,-51.5112
-232.9107,-15.2255,-245.8067,-30.4685,-129.2280,-21.8238,-148.2601,78.1403,-54.9793,141.1749,-140.2068,-60.5990,-130.1465,35.7407,-32.8801,95.8724,-232.0955,5.7583,-31.6413
-212.5841,-12.3850,-248.4699,-6.7434,-164.1794,4.5193,-129.7249,144.3778,-65.9856,114.7198,-174.4112,-71.9998,-163.4389,74.7227,-98.1565,110.4665,-229.9788,-20.3865,-10.6452
-221.2239,-16.5197,-264.9559,27.6436,-202.8194,40.4551,-110.2617,180.2171,-82.7479,53.5860,-226.6936,-51.2693,-198.1674,95.6006,-149.9792,98.7147,-219.0344,9.7882,-18.2470
-250.2920,20.7049,-267.2263,80.2349,-194.5144,78.4673,-149.4584,139.5545,-142.1174,10.5365,-230.2407,-30.6276,-214.4689,96.6687,-169.2418,66.9676,-212.6395,35.1808,-70.9947
-316.9091,77.5949,-228.0078,123.3154,-165.9611,107.5886,-219.5099,87.7463,-246.9686,-26.7970,-177.5225,-39.8644,-208.8904,92.9108,-176.4358,48.6547,-204.8321,16.1231,-130.3779
-344.3997,113.6295,-179.1396,146.7707,-153.2003,127.6050,-301.6821,76.2934,-357.8245,-67.3949,-143.2938,-64.5321,-207.9917,86.8454,-249.1409,41.3350,-183.5225,22.8389,-165.8083
-237.1284,124.2261,-167.0727,159.9152,-153.9909,131.8922,-394.1527,75.0534,-416.0142,-66.0442,-152.4775,-88.2525,-244.2451,68.6512,-356.0249,50.3296,-165.2547,63.8714,-187.8206
-98.7653,107.6197,-190.9506,148.8469,-167.6917,113.0626,-430.1200,72.7787,-401.0987,4.2930,-158.8562,-97.1164,-286.5918,56.0723,-372.2199,84.3873,-174.0931,70.4034,-181.5970
-98.5213,72.0122,-219.5421,103.3308,-187.1463,80.5518,-367.3329,88.4034,-350.6129,93.5356,-151.9743,-89.2727,-274.5343,58.3926,-311.7744,92.2895,-213.0652,51.0112,-118.7046
-178.9804,50.4532,-221.1985,57.4429,-190.1638,54.5089,-277.8340,112.0259,-304.6651,123.9560,-160.5518,-101.4883,-234.7423,43.6845,-290.6764,55.0835,-263.2484,59.2695,-37.8755
-187.5626,47.8671,-186.3371,48.7856,-175.0315,54.5344,-219.2593,133.3559,-265.4784,72.8920,-170.3159,-143.5329,-230.1271,9.4262,-310.7252,40.4982,-287.7722,100.1728,12.0639
-155.0977,48.6669,-152.5969,76.9549,-151.4148,85.2908,-161.6182,147.1747,-217.8908,6.3864,-147.3484,-153.0151,-236.8909,-3.7921,-304.0799,48.8773,-258.3947,156.3678,55.5305
-169.9091,70.4964,-153.4881,124.5157,-129.5484,124.4535,-104.9254,130.6524,-166.1018,21.3746,-115.2339,-103.6488,-220.4340,11.5296,-266.4163,15.5636,-194.0768,188.2394,103.4424
-174.3945,117.4830,-156.2812,171.7881,-129.5720,149.8783,-91.4659,104.1118,-139.0943,114.7040,-117.0632,-56.0204,-212.1677,37.8732,-225.9915,-17.6211,-142.1665,157.2825,108.8413
-109.8952,148.7202,-130.4010,195.9443,-132.6230,169.6030,-96.7257,119.1472,-142.0193,160.8850,-136.5533,-46.7841,-206.6795,70.0659,-209.0561,8.5778,-119.5730,120.4705,79.5251
-46.9997,153.3277,-104.2957,193.8849,-94.6058,194.3638,-81.4417,146.6144,-134.9194,95.2475,-136.8687,-54.8773,-169.8484,84.8936,-223.2209,24.9217,-99.0369,149.2086,64.8816
-25.8149,156.1252,-91.5090,182.5319,-51.6526,208.0571,-90.7753,129.6339,-106.7739,19.5868,-122.3643,-70.9689,-154.0415,69.3258,-213.2435,-7.3286,-54.5955,183.8743,39.6266
9.3086,152.1627,-69.1547,163.0505,-64.2192,191.5261,-147.1485,103.2735,-98.7181,27.1908,-93.2369,-88.3108,-193.1842,63.8517,-147.0114,-16.3509,-12.6818,155.9225,-28.1263
49.7634,129.3688,-42.0965,129.1484,-90.6906,148.7487,-168.9004,108.5586,-112.3212,62.7671,-24.4566,-87.9302,-195.6483,79.1709,-102.6030,-0.5867,-23.3161,121.6925,-84.0425
29.4707,102.9401,-26.6204,104.8872,-79.9963,103.9738,-124.9932,113.1077,-111.9511,57.1195,52.9665,-87.6840,-120.5331,67.7380,-127.9004,-18.0511,-67.8987,123.6354,-90.7386
-14.7739,80.8632,-14.7616,111.8759,-67.3138,84.0130,-104.2767,111.3829,-114.5823,42.2688,59.6085,-107.4130,-60.4180,33.5685,-151.7709,-27.1122,-82.4463,112.1107,-86.2299
-10.9088,61.0042,-13.8573,113.8462,-69.2711,84.8837,-135.6368,133.2431,-131.4033,58.4781,-0.2777,-108.8378,-51.6492,21.8214,-128.3786,25.9453,-77.0696,76.0928,-87.9448
-3.5120,47.9900,-36.3848,67.9897,-57.4547,67.9464,-131.1525,144.0599,-107.3413,89.9719,-32.4070,-75.9630,-36.5857,15.7144,-93.9300,85.2890,-99.4393,57.9732,-85.3023
-39.8823,37.2910,-53.8024,10.6135,-47.4473,22.6177,-68.8714,96.4069,-56.9096,105.4057,1.7908,-62.4458,-14.3864,-8.3707,-76.0334,87.3432,-113.7372,48.2850,-98.6175
-42.1665,29.0694,-52.5307,2.9852,-59.9528,-7.7571,-32.0837,18.8596,-74.5353,65.3263,44.7825,-79.7220,-20.8372,-11.2674,-79.0564,46.6140,-74.0848,11.1619,-130.7730
27.3727,30.1783,-64.8100,17.8139,-76.8445,-5.2069,-46.7128,-39.6318,-122.9743,-40.5569,44.8581,-72.8826,-36.2988,19.3452,-90.9884,14.8272,-35.7924,-43.0378,-145.1421
56.1497,14.9389,-84.5000,-10.1743,-98.1614,-15.2812,-59.4107,-57.3388,-70.4276,-123.2912,16.6952,-39.0010,-42.3983,37.4821,-80.3930,26.0346,-45.8160,-85.8193,-135.7117
-8.8113,-29.0607,-67.8949,-56.9689,-112.8485,-59.7423,-51.8877,-31.3483,50.7529,-90.8416,11.8108,-28.6222,-51.6031,30.8991,-67.3974,47.0994,-50.2631,-107.8573,-123.2363
-50.9112,-49.1826,-24.2383,-61.0434,-76.7092,-92.9052,-47.7004,-6.8157,103.6088,6.8767,52.0764,-40.4630,-52.2030,20.0430,-95.6124,19.4624,-8.5049,-114.7540,-113.1366
5.2681,-22.0256,6.9444,-41.6786,-17.4485,-86.0964,-60.8196,-38.1692,99.9551,67.8117,90.8067,-30.5976,-38.7350,-0.4144,-103.9715,-31.8971,45.7296,-120.3826,-118.9109
85.6739,3.5437,26.0898,-36.6476,-2.3387,-69.1454,-95.5706,-91.2344,130.6745,80.9637,80.8664,2.3966,-43.9825,-27.8386,-24.2864,-56.6190,81.6888,-122.5742,-147.8755
125.2098,10.1824,44.8136,-19.7265,-4.6668,-56.9679,-136.0827,-99.9823,157.2259,66.5969,58.0933,17.6236,-63.9001,-30.0049,48.2487,-80.2854,97.0005,-91.3321,-155.6625
141.2142,16.2081,56.3050,14.6005,18.2905,-23.4269,-145.4555,-78.5684,99.0085,17.6709,69.9902,-2.1400,-48.2781,-3.4355,6.5028,-106.1334,102.8796,-17.6084,-106.2168
139.7207,12.5289,68.1998,20.9523,36.7288,27.2494,-117.0109,-64.0214,9.6622,-37.6039,85.3803,-20.8870,3.9666,18.7918,-77.3754,-87.2386,126.3318,52.9930,-34.6939
111.9620,14.7826,94.3757,9.9320,53.3787,47.5976,-72.5460,-44.3807,-9.2076,-66.9064,80.1769,5.2685,43.6814,26.6948,-90.4825,-65.3419,166.3896,68.3878,18.6954
97.2128,50.6608,118.2437,23.4260,94.7740,24.0587,-18.3488,-20.1756,27.4485,-104.4543,100.9199,57.9892,56.5045,38.0862,-43.1738,-97.8276,182.1904,28.7058,57.6247
123.6962,66.2219,116.5486,28.0046,107.6977,-2.7667,32.6514,-20.7359,45.5922,-158.8269,154.1166,68.7208,69.7075,46.2208,6.3102,-113.4416,172.2445,-17.8814,86.5822
143.5746,21.6064,98.1851,-4.8574,77.0193,-2.6568,62.7252,-36.3059,50.8985,-159.8449,180.9441,12.4144,103.2080,22.0178,43.8010,-68.7959,176.3319,-22.0263,105.2662
113.9734,-12.0634,96.3760,-18.2006,97.3341,12.0978,98.8202,-37.6352,78.4066,-102.0409,179.3847,-57.3750,151.8259,-20.3349,73.3977,-48.1292,191.4263,17.9700,126.7579
75.5031,-1.9117,128.0281,4.4987,174.2944,20.5888,155.4570,-36.1428,89.2233,-82.6215,194.0434,-77.0657,191.0515,-23.6050,91.2495,-73.6120,193.0633,45.0151,145.2810
87.8319,-4.4620,162.2415,1.9886,197.1211,23.3697,179.6558,-51.0329,52.6810,-132.2375,211.5003,-38.6569,205.1543,17.7325,108.3179,-82.6823,197.3151,12.5125,136.0701
141.8431,-10.3533,157.8226,-18.6306,159.4509,31.4044,155.3632,-72.3460,27.2720,-179.3533,202.1071,19.4195,215.8036,40.7429,154.6677,-85.5385,220.1893,-36.2590,103.6174
186.0045,25.8548,133.7829,0.5177,154.3882,37.9142,140.2245,-93.6034,49.1147,-191.8669,189.6974,62.2185,247.6482,18.9779,220.9548,-107.0312,246.5514,-31.8720,74.1839
201.6589,55.5591,141.5083,23.8825,192.9606,17.8253,146.1659,-115.5807,72.4346,-182.6489,189.6052,80.2330,278.4292,-11.8175,237.7131,-106.7550,264.6312,-7.8186,58.3067
207.6694,33.0381,170.5874,-9.1835,217.9817,-30.8284,147.6593,-114.3574,79.3167,-120.6883,172.9404,72.1497,272.2362,-32.1116,186.8327,-85.3852,266.8354,-36.5947,64.4136
210.7081,5.9069,166.0347,-54.7918,209.8130,-66.3443,173.8990,-75.9831,98.0365,-9.7968,127.1383,46.7343,236.4977,-40.4696,151.3731,-81.0152,239.6845,-74.7515,101.6717
191.3816,7.3068,130.6922,-55.9874,185.6174,-57.1390,225.6219,-43.3568,117.4442,32.7132,74.8469,35.6872,204.0510,-20.1492,166.0399,-73.6031,190.4577,-51.5630,147.2510
147.5472,7.7067,117.1575,-44.7948,171.2102,-33.5306,227.8680,-54.4127,114.8096,-50.5835,46.0770,46.5508,193.8683,11.9313,161.0753,-46.9633,145.9436,-27.7179,171.5106
114.9586,-21.2803,135.0160,-62.2749,178.5354,-44.2634,185.1680,-71.8144,107.1282,-128.8751,56.2387,34.3807,208.4256,5.1742,116.6269,-26.6439,118.8365,-65.1020,183.2298
118.3182,-74.1957,151.8494,-95.1530,189.2407,-81.0128,191.5715,-51.9935,110.3721,-91.4192,77.5369,-7.3242,234.6269,-28.6902,95.5054,-6.4497,104.6868,-90.6168,194.6202
139.9016,-97.9983,160.7606,-119.2715,199.1160,-96.2812,246.5276,-27.5143,132.2635,-19.6327,68.2779,-12.3009,252.1882,-27.5995,122.0381,19.0192,98.4291,-66.2661,186.4044
159.7861,-53.4343,177.0014,-119.1978,225.0997,-85.1921,265.0079,-41.8695,182.2530,-13.1594,46.0628,23.3473,254.8215,5.4575,173.0773,13.7674,99.0452,-74.2450,154.3059
175.8904,-10.4540,190.5131,-88.6260,240.1284,-85.6487,241.4636,-71.1189,240.9023,-39.6237,51.2231,15.2726,239.5928,11.9057,218.6989,-21.0936,102.0057,-120.8664,134.1729
173.7023,-34.6776,177.9789,-56.6536,209.9332,-99.6089,240.5796,-78.2984,301.2986,-42.9889,67.4545,-37.6373,197.7464,-16.9970,217.4850,-53.2737,92.3354,-118.0568,143.2138
147.7988,-53.2875,147.2338,-59.9641,173.5441,-94.9561,279.6382,-76.3585,390.6602,-13.1114,73.1823,-45.3986,150.5251,-43.0027,179.2122,-83.0373,75.6118,-82.2489,149.3216
140.0403,-20.5922,127.0673,-82.8679,168.8586,-82.6604,307.3495,-94.4130,458.3835,44.2106,92.0561,-11.6411,140.0877,-60.7736,176.4405,-97.3557,94.9235,-92.0043,126.1550
163.4905,-18.4238,126.6861,-88.7252,157.5303,-96.4034,265.6595,-133.7498,410.8582,72.5746,119.3153,-12.2923,156.9538,-91.8154,214.1030,-79.1768,155.5728,-115.9634,95.8219
155.5323,-49.5455,130.7348,-84.0250,115.4426,-113.1629,169.5528,-167.8742,310.1081,27.4604,113.2934,-24.5628,149.4319,-118.8715,234.2004,-77.0623,197.1249,-98.3918,93.3191
113.1054,-21.6874,123.3709,-85.9489,79.7964,-96.2365,107.5714,-169.8875,284.2378,1.0485,83.1275,10.4050,107.0120,-103.6939,242.3073,-112.7068,198.7165,-84.7426,108.8716
134.3898,34.5623,106.2125,-73.1783,61.1583,-70.6988,112.9815,-149.8116,281.7344,58.3938,65.5331,44.2412,61.5878,-61.8677,247.4986,-117.7631,202.2702,-111.6955,104.1295
223.8384,33.7088,93.6114,-34.8612,35.7507,-66.1001,119.7977,-133.1420,201.1532,77.2366,51.6348,17.0787,33.4246,-45.2100,193.8272,-71.5702,212.4363,-123.5393,87.3705
253.6466,11.7097,94.3999,-13.9624,18.4452,-63.5614,96.9893,-102.0466,115.8935,12.6004,27.0920,-32.7426,22.4730,-62.2334,99.2504,-29.7278,203.0032,-87.8403,100.0048
191.5599,11.3655,104.5900,-35.7821,34.7564,-52.0321,86.8967,-40.5874,115.1964,14.8860,9.6083,-61.2821,17.8646,-83.5335,65.9412,-7.8102,186.2476,-55.6619,122.6199
141.3750,-0.8981,117.5467,-53.2065,63.1813,-38.2847,98.8986,-4.6015,136.9535,79.3240,5.8520,-74.7839,13.7768,-91.4834,91.4221,-4.1185,172.4722,-53.3155,104.8980
140.5378,-15.7819,130.5755,-26.8472,74.9435,-7.3034,111.3754,-31.2323,123.8221,35.2418,6.8413,-65.8268,25.6402,-75.6054,88.1707,-38.4195,150.4320,-31.5578,76.9119
138.9763,1.1592,137.6422,10.4721,77.2552,34.2978,135.9814,-56.0525,118.4321,-52.6746,13.6284,-29.0510,50.8539,-37.8679,60.6322,-75.0584,139.5626,32.1923,90.6111
126.5742,22.3558,132.4569,24.2976,86.1251,42.2015,168.5620,-31.4127,136.0694,-8.7941,18.1337,-2.0678,51.8855,-15.9932,72.3890,-64.1142,141.7974,83.7481,100.4125
106.9173,31.9658,120.8086,32.4526,97.7883,22.2604,168.5830,-8.9686,134.9298,51.6651,8.3048,1.3814,30.9565,-29.1859,111.4342,-41.5167,103.5820,92.9755,55.9237
54.1654,47.2937,111.6283,49.0631,92.8797,27.3938,143.3684,-25.6682,110.7436,-42.7199,-0.5299,14.3657,27.5816,-35.5050,114.6910,-48.8797,27.9025,103.9789,10.7151
-9.6267,49.4025,104.1260,58.5645,58.2442,56.1684,135.1281,-40.9898,89.7264,-168.5572,1.4685,38.5010,21.5422,-6.4398,65.7343,-60.6426,-11.3222,141.9793,4.9089
-23.1140,34.8871,98.6582,58.8821,15.8683,67.0344,126.2397,-21.4634,65.2684,-171.4909,-5.8979,40.5243,-22.0917,27.9884,9.1687,-52.0617,-8.8357,174.7359,-3.5401
11.1828,33.5115,104.7976,55.0956,1.7619,56.3964,71.7130,19.6026,21.4927,-111.3131,-21.7775,13.3589,-56.9297,38.7399,-15.8578,-17.6413,-25.9338,183.3290,-16.5096
31.7078,20.0761,118.1248,34.6898,3.7736,44.4146,-7.2208,57.9150,-14.1897,-60.1525,-21.5302,-21.4929,-47.4834,28.7473,-26.0448,34.7475,-70.3849,177.4617,6.8773
-5.8666,-17.9911,103.1727,8.0625,-12.8089,42.2046,-44.0556,78.7116,-1.1584,-3.8828,-21.8318,-30.2779,-39.6772,15.6657,-44.7905,52.8518,-102.9795,163.3843,31.2807
-94.1797,-8.5788,36.0956,9.2168,-30.0838,47.7107,-12.8997,89.1080,40.1012,55.1261,-65.0962,10.1287,-48.6989,20.5125,-51.3925,27.0435,-110.5582,149.3961,4.1039
-171.1830,43.4863,-48.3806,21.6885,-23.7086,32.8227,44.8464,109.5764,49.6562,116.6779,-137.0269,59.1062,-39.3451,37.3747,-37.7710,48.7095,-116.4410,132.1851,-36.2897
-184.7717,30.5713,-99.6258,-1.7355,-32.3845,-12.6501,66.6482,134.7192,25.4043,185.1275,-174.5679,49.5611,-25.7560,36.1720,-33.9017,137.6336,-159.8840,92.8240,-51.5383
-177.4239,-35.6510,-125.2816,-40.5054,-83.0153,-32.9839,29.2972,138.0559,15.0476,208.0521,-156.1683,0.8610,-39.1410,23.8668,-35.9191,178.1971,-240.6373,50.9717,-79.4173
-219.5914,-45.7785,-171.9213,-36.9372,-138.1536,1.7878,-35.1484,108.9788,23.7675,157.7502,-125.3546,-13.6002,-66.5227,30.1178,-14.4614,127.2161,-290.9738,41.3559,-135.9786
-295.3569,-7.1777,-243.7101,-3.6124,-181.4700,28.3450,-80.6551,54.6286,15.1429,84.6552,-121.2814,6.6734,-102.6689,42.8571,6.1379,68.2630,-275.2143,39.5279,-181.7173
-343.9848,11.9927,-288.6891,6.5909,-228.5224,11.2640,-101.8775,2.1912,-29.1375,25.3082,-133.9410,10.7686,-148.5403,43.7106,-21.7049,44.3276,-241.6432,22.8099,-202.9481
-335.5747,22.3653,-265.8577,-2.7365,-253.3509,5.5638,-138.9185,-7.4961,-106.0734,2.4407,-139.5500,-6.0070,-176.0367,44.6261,-94.0591,28.9789,-212.9494,23.6362,-210.8890
-272.5404,42.3662,-201.1198,10.1472,-242.4565,37.3671,-214.5426,16.7600,-198.7943,40.5752,-136.3874,-9.2938,-192.4410,44.7316,-177.3903,3.7539,-155.2171,34.0378,-198.5699
-201.8548,61.8291,-164.0801,55.9126,-242.9744,67.9518,-290.7833,13.6604,-274.9110,66.2634,-131.4466,24.0488,-236.1667,46.3065,-251.6402,-35.8002,-77.9812,7.8925,-175.5357
-179.8046,93.2947,-177.1357,105.3145,-260.8393,78.9876,-331.0517,-24.9930,-316.4691,-14.3249,-134.2410,83.5186,-283.4915,76.0588,-298.6742,-63.3472,-35.6661,-28.9633,-178.1691
-182.0747,114.8162,-188.5124,114.5179,-254.2330,74.0862,-352.3004,-37.4674,-324.3757,-120.8848,-159.7072,121.0592,-292.5488,109.6308,-298.3783,-34.6040,-50.6281,-36.3842,-200.8987
-164.1177,75.7678,-173.8369,72.1924,-234.0504,50.9838,-353.2234,0.6569,-305.3096,-115.0662,-196.7794,103.6816,-272.0800,96.4355,-269.7194,23.4509,-106.0499,-38.2892,-192.8853
-165.2806,18.3204,-174.2121,31.4474,-211.0208,32.0744,-298.2172,51.5691,-299.9580,-20.4982,-211.9462,61.5531,-221.7374,71.8750,-279.7660,52.3290,-158.1840,-33.7081,-146.1113
-199.2322,6.1670,-191.5671,34.4786,-148.2854,37.3211,-225.9460,84.6952,-339.0520,55.8336,-211.6014,31.6177,-141.3271,78.1750,-342.0194,69.1526,-160.6604,5.2319,-109.5602
-193.6194,-6.2861,-177.6082,40.2232,-78.9360,40.6172,-209.4051,92.1333,-354.3854,68.6591,-229.7472,9.5111,-87.3195,62.1361,-355.1477,84.5681,-131.9805,44.8382,-103.7279
-166.4634,-42.2486,-142.5301,20.6158,-70.7612,34.8731,-201.1257,71.0497,-282.3631,27.0277,-247.8555,-6.3982,-76.7879,5.1848,-268.6196,44.4445,-123.9565,66.3648,-95.6655
-209.1946,-19.0979,-127.7570,32.6769,-68.4271,58.8791,-125.4767,37.5973,-204.6823,-15.8517,-222.0376,-8.4336,-53.8882,-22.3902,-201.0216,-16.0682,-121.3454,107.9006,-73.8809
-250.7337,61.7862,-109.1544,86.8772,-14.9819,102.0883,-62.0720,17.8149,-207.6978,2.4554,-174.4366,-12.4053,-32.7226,-15.9063,-228.2711,17.3123,-93.7026,139.5862,-74.4731
-152.2136,89.1925,-64.6510,98.5890,3.2771,103.0912,-106.9795,9.2584,-225.8691,67.6581,-156.8978,-22.5065,-76.6409,-29.2522,-247.0271,102.9842,-80.1279,110.0976,-108.4964
12.8306,56.4633,-35.9032,57.5320,-49.8484,64.3820,-179.8259,-12.9410,-186.6936,121.7524,-158.7860,-21.5457,-145.9205,-44.2498,-197.8910,90.9930,-106.7157,83.2108,-134.5589
75.2155,42.8310,-31.6553,47.0386,-74.2195,43.5876,-181.6108,-48.2067,-134.0344,139.7877,-137.0816,-27.4365,-165.6217,-32.9818,-157.3547,2.8777,-133.5275,104.5537,-122.0762
37.9562,32.2532,-16.9813,62.3582,-57.2802,43.9898,-163.5809,-59.7099,-101.8550,118.0895,-92.1724,-63.5688,-151.5524,-24.1183,-139.4988,-16.7708,-149.4455,94.0675,-81.9970
-7.9447,-17.8513,-11.7726,31.1457,-80.3876,23.8984,-181.8855,-28.7810,-58.4554,88.9188,-55.3850,-91.0631,-141.5520,-9.9839,-94.9208,27.6716,-185.7536,25.1384,-38.3333
-51.9383,-46.9034,-49.8074,-16.4910,-115.5499,-14.8210,-185.7518,11.3686,-6.9164,107.8557,-42.3630,-65.5960,-132.2001,38.4593,-56.5942,17.3829,-228.7608,-23.9217,-7.9215
-97.7111,-7.8700,-95.3171,-10.2506,-91.9616,-35.4315,-139.7375,32.4521,16.4087,142.8828,-46.9926,-9.5125,-114.9521,75.7523,-59.0678,-48.1531,-245.8151,-34.5654,10.3997
-109.5190,29.8982,-105.2555,13.3848,-46.6154,-33.9758,-82.5299,55.1300,7.7944,120.9750,-53.7783,34.7416,-80.8454,65.8701,-65.1513,-68.4408,-255.1593,-43.7819,35.1860
-81.8301,9.8910,-86.2048,-5.8551,-29.1764,-33.9461,-42.4017,88.3979,-22.7949,75.1724,-49.7964,60.7006,-35.1331,63.3579,-62.4039,-27.3915,-275.1703,-51.5358,63.9401
-39.6108,-20.2633,-54.6243,-41.1188,-24.5335,-41.8550,-18.7061,95.1070,-60.0784,49.7423,-38.6486,79.8634,-14.2211,95.5323,-48.7817,5.0641,-282.2177,-66.9905,61.7889
-2.0084,-19.9742,-23.7255,-55.6654,-22.0752,-54.6579,-14.2043,66.8503,-60.9284,3.8907,-32.0294,88.4817,-13.4154,103.4584,5.1284,9.1553,-273.0182,-107.6380,30.4394
-5.4024,-31.8752,-2.2436,-65.3785,-11.2384,-76.8692,-12.3139,47.8985,-7.0366,-40.9031,-22.7907,71.4077,17.0279,63.5099,58.4033,24.9445,-275.0483,-132.7250,32.1007
-66.7835,-79.9350,29.3561,-76.1038,35.6594,-95.3505,15.6970,52.1785,51.1789,-26.5245,8.3288,49.8251,60.4979,40.1979,50.0338,55.5224,-269.9176,-112.4583,88.4681
-101.9744,-98.6297,79.1259,-64.6978,95.0756,-84.9497,55.1941,47.0360,59.9788,-41.8818,55.2903,86.0057,62.5714,80.0334,31.4760,65.1786,-210.8099,-90.8719,124.6825
-12.8543,-46.1039,117.8037,-37.3592,114.3550,-62.4853,63.7496,28.9470,19.0379,-150.4785,87.4517,178.1632,48.0737,133.4077,48.5037,59.7219,-130.2340,-102.3183,75.7747
140.6490,9.8849,143.8773,-31.9634,103.0577,-69.6202,37.6961,28.9220,-37.9804,-200.1837,95.7322,230.1254,68.6300,127.7842,57.4970,75.4391,-109.3868,-130.2509,-13.3059
206.3968,9.0177,177.2292,-55.9122,105.1423,-97.4302,18.5129,46.5722,-63.7446,-104.9578,102.9396,199.5416,114.2958,76.7118,70.4624,94.4175,-139.3849,-153.5085,-53.8965
159.2767,-12.4873,186.3387,-74.4340,124.7352,-108.2057,41.0134,53.3840,-26.2913,-9.9263,116.7878,145.4957,160.5490,37.1477,126.0171,67.5093,-150.3067,-158.0934,-24.4928
93.2387,-28.5540,138.1411,-75.5137,134.7627,-111.9560,94.5329,51.5324,44.8808,4.4816,118.4519,89.1377,206.1667,-2.0049,165.8551,20.4926,-145.9143,-142.3344,36.5845
44.2965,-71.3526,73.7750,-91.0667,121.2225,-135.1688,138.2336,61.2728,90.5400,14.1202,108.9410,2.1757,247.6036,-69.6328,175.7571,22.1936,-159.4872,-123.7142,91.3450
-0.2287,-118.9388,43.8097,-119.9777,105.0893,-150.7420,155.8981,67.5476,107.9666,28.4652,110.5730,-75.1805,273.6307,-113.0557,231.0089,47.1766,-144.1106,-105.0509,125.9410
-1.4536,-105.2368,39.6218,-107.6056,116.3137,-116.8853,174.1257,52.9532,142.8835,13.9189,114.4284,-87.0339,264.7306,-86.5542,289.2880,15.3414,-54.8098,-72.5431,163.9036
43.4322,-55.4795,35.2613,-48.3632,145.3139,-48.8577,208.7450,46.0308,200.7413,16.3415,89.4747,-76.5489,214.8380,-51.1997,252.5207,-44.5520,52.9114,-25.5907,234.8026
51.4186,-46.4794,31.9815,-7.0103,168.3291,3.3456,237.5478,54.6651,233.0860,36.7744,49.6910,-101.6738,171.2596,-69.1034,180.4071,-46.9586,115.7683,34.0462,304.5988
20.1122,-70.7918,50.5455,-4.2402,192.6692,19.5090,249.6143,31.2885,211.8616,0.7992,43.3441,-127.1932,173.2904,-101.3986,157.4661,-19.1524,142.8562,91.9897,318.0857
35.4106,-76.5741,97.1079,0.5011,210.7910,16.4182,258.2982,-16.1937,176.8142,-64.8875,72.0984,-102.2692,179.7091,-87.7990,153.0832,-25.7169,158.7131,102.7723,301.0689
76.7810,-67.1500,131.6829,10.0606,193.1849,7.3777,255.1467,-15.7903,203.7737,-66.2119,93.6261,-58.1938,153.1241,-40.2512,167.9185,-21.3211,169.8346,62.0438,298.3232
71.4681,-73.3552,117.5033,-10.1424,163.4610,-14.2587,224.5495,16.4254,314.8036,-21.6828,101.4344,-58.8151,123.7459,-16.4783,238.2438,33.1678,175.3723,28.4666,276.6381
67.8949,-101.0775,91.0949,-56.4921,157.0735,-46.1281,193.1131,3.3317,426.2792,-2.1425,129.1928,-99.0038,112.0818,-37.1026,305.4490,59.4986,161.8110,11.6543,220.5041
108.2530,-133.0186,101.0136,-95.4333,142.0588,-68.2739,192.3901,-28.6141,438.9986,13.9073,184.6607,-113.4635,114.2665,-58.5723,317.6487,17.6436,133.1417,-31.7134,187.5419
121.1136,-138.9488,128.5049,-109.2616,105.5092,-78.8092,200.7844,-20.6325,358.6331,69.0208,240.3516,-86.9812,142.4863,-50.1389,305.3015,-14.7908,126.2950,-79.9772,181.0315
119.3657,-108.6351,142.3856,-98.4638,103.7070,-89.9905,183.6641,-17.8702,253.2290,118.3272,272.2246,-76.9625,177.7709,-48.3436,257.6037,-0.4494,148.3886,-77.7127,154.4531
205.7692,-74.4397,148.3117,-75.7552,140.3588,-86.8562,150.1262,-53.3587,153.4388,105.5018,270.6934,-100.8426,179.2961,-75.5766,157.8853,8.7742,165.1342,-42.8170,135.6561
313.4817,-56.9548,146.9071,-54.7274,153.2459,-54.3612,129.3658,-70.4683,83.8429,56.5719,248.9269,-108.7554,166.7628,-90.1464,92.7939,-15.7366,169.3546,-19.9581,156.2327
296.6279,-34.6058,129.7316,-31.0975,136.3720,-21.8968,130.3303,-65.8133,83.8553,6.9475,245.4590,-89.7020,164.7280,-76.4109,115.7764,-62.5221,183.3059,-1.8996,164.5051
220.8033,0.7718,112.4328,2.0528,122.5052,-9.0263,135.6432,-98.5557,115.1130,-80.7088,267.0794,-81.2294,138.9823,-69.2560,151.5577,-117.9196,218.7704,34.9903,137.4910
225.7194,35.1638,116.1084,38.4822,110.0733,17.7433,119.2215,-151.9802,93.9367,-214.7734,264.9023,-84.0470,95.1519,-67.4301,145.5788,-149.2423,275.7040,84.5869,105.1242
265.3164,72.1254,147.6257,74.0799,110.3364,66.8620,82.8583,-174.3421,44.0159,-278.1290,220.6217,-78.8647,88.8877,-45.7095,123.1628,-133.2873,320.1472,116.6782,43.8130
256.0840,102.3879,198.4841,101.5435,148.9038,85.7775,54.0325,-174.8236,44.0957,-187.0119,184.6196,-75.7789,106.1115,-23.4596,97.0861,-99.4198,299.6120,105.7407,-61.0598
256.2108,92.2697,234.8722,103.0518,193.8728,57.1278,34.0286,-166.8484,68.0345,-59.8116,187.4884,-75.1392,109.3904,-21.0570,63.6672,-83.6816,239.3266,69.6648,-135.7748
304.3308,60.1711,234.5685,84.9645,207.7002,32.2351,8.7644,-146.9370,47.7848,-55.9689,200.4041,-54.9001,134.7032,-14.0724,32.0526,-91.8276,213.6492,52.6466,-139.7632
316.1937,64.4762,219.0444,78.4247,221.6693,39.4869,0.4239,-144.2621,-6.1807,-147.0031,198.5784,-16.7686,194.3450,13.4907,0.6317,-114.5055,215.9730,59.0922,-113.2173
258.0477,91.9049,202.2109,86.6335,253.7173,54.6643,15.6691,-170.3788,-67.8601,-210.5282,183.8809,14.4547,221.8428,37.5571,-27.7000,-123.6594,201.9596,64.4889,-82.2813
214.2940,80.1788,179.8791,85.9539,252.2648,63.1378,-1.0327,-183.2245,-130.9964,-220.9813,157.2443,13.9284,193.8668,30.7188,-32.1011,-103.9110,187.6788,71.5877,-62.8534
221.5224,38.2640,173.2504,72.7221,204.3965,70.0323,-54.9539,-163.5800,-143.3487,-199.2950,123.4855,-30.7827,158.9317,-2.3037,-11.3817,-92.9709,174.1387,90.2815,-70.8233
203.5895,20.5767,181.6015,61.3353,177.0659,69.8774,-60.4209,-136.3703,-82.4513,-133.9392,95.6450,-82.1726,142.0778,-20.5898,12.9681,-106.5848,121.3439,102.5951,-69.9691
120.7720,26.0170,156.8384,59.7019,186.0936,64.3742,-6.9530,-126.5758,-44.7218,-76.6059,80.0903,-71.7459,130.6871,7.1881,16.5958,-98.7463,64.6524,89.7696,-44.7438
51.5176,28.7173,109.8500,67.8847,157.4509,71.0000,7.2752,-151.6522,-91.0349,-125.6725,78.3093,-4.2471,108.3121,50.4088,-17.6954,-76.7685,68.4862,59.9324,-49.8004
66.3109,42.2725,107.5833,77.4103,77.0208,84.6502,-36.0044,-189.9350,-136.6538,-225.7198,83.9403,37.4934,61.3660,58.3537,-62.0984,-106.4115,93.1404,42.2553,-72.4285
123.9003,69.7661,131.4632,76.7459,34.8479,81.8098,-49.5816,-170.5092,-123.0433,-208.3463,81.6185,17.3928,7.1946,36.0768,-64.7500,-161.9178,83.6438,55.1844,-35.1141
144.7046,66.0061,112.5292,60.1956,56.8474,61.3058,-11.3049,-81.7432,-109.3416,-80.0101,70.5040,-18.1544,-15.2088,22.8561,-45.4951,-153.3679,70.5349,64.5047,28.6562
107.3520,13.9917,67.9232,21.7151,51.5807,32.5051,21.0055,-4.7245,-114.4678,-10.5892,57.2526,-31.5555,-12.1849,34.2842,-62.5997,-83.1649,71.4815,21.4378,33.4484
50.3166,-32.7562,46.7490,-27.1580,-14.1656,-3.0007,26.9315,21.6146,-85.9535,-29.6146,35.4579,-32.0398,-21.2868,61.3325,-94.3092,-17.4138,56.5910,-44.2049,2.0693
23.9657,-30.4958,39.0113,-43.1757,-63.1278,-27.9955,16.7545,40.8102,-52.4169,-12.6067,20.7740,-22.9525,-42.4072,84.0189,-90.4838,15.6945,31.8406,-64.6774,-18.6817
30.4209,-4.4744,23.6662,-17.8321,-67.4507,-29.7108,-20.0153,72.1258,-87.7704,57.6192,48.8688,8.8250,-54.5873,81.7446,-73.5485,8.3639,16.0281,-54.4673,-42.3362
18.8256,4.8157,-4.1973,-7.8299,-84.2484,-37.8873,-75.5710,87.8779,-151.9892,78.8645,94.4094,35.8980,-59.5760,56.1306,-73.0731,-26.2724,1.1407,-68.7298,-66.7681
-22.4703,2.6771,-53.7635,-27.3980,-133.0089,-62.6358,-113.9390,76.4953,-159.5894,32.5917,89.5196,6.6732,-68.3855,26.9821,-74.0677,-26.9476,4.5509,-90.6720,-77.8866
-45.4284,14.8427,-109.3206,-14.9874,-183.7931,-53.2777,-127.2362,54.9731,-124.6195,-4.6044,33.0521,-55.7455,-91.7163,5.2280,-85.0767,27.1127,33.2010,-79.1286,-88.4069
-51.9965,33.1366,-140.6189,30.1313,-231.0366,-5.4075,-134.5952,47.8015,-95.9643,-5.5824,-26.5674,-76.2485,-139.0581,-9.7640,-126.7551,61.2226,24.7153,-57.9000,-88.0633
-80.0900,29.5497,-157.5532,31.1105,-281.3171,6.7491,-134.1002,60.9241,-74.8503,-14.0105,-73.1429,-55.0509,-190.5791,-17.3701,-162.8962,27.6496,-34.3929,-65.6867,-74.2113
-89.5040,15.1219,-176.8489,-10.7598,-317.2687,-26.8256,-113.3291,63.5829,-75.9808,-40.1569,-103.8670,-36.2701,-211.3736,-11.6264,-156.1302,-12.2387,-58.8176,-90.1410,-106.6481
-45.9708,26.9124,-181.9740,-19.2268,-317.5959,-35.4262,-96.8839,35.3714,-118.6891,-30.0657,-110.9214,0.3726,-208.5602,8.2246,-132.6805,7.9901,-36.4217,-104.2697,-200.3307
-29.0913,52.4243,-169.5003,1.2201,-280.6762,-17.4000,-126.3202,11.6049,-154.1186,18.5560,-112.0994,60.0826,-214.3318,23.4930,-119.4433,57.9844,-55.0100,-103.8756,-277.6963
-86.8711,43.7610,-156.3627,-11.3034,-232.0117,-28.5160,-190.5788,25.0205,-153.0459,10.7406,-123.8476,72.8399,-225.6739,24.0682,-109.0000,65.6958,-117.2595,-92.2332,-302.9913
-145.7233,10.2541,-148.3611,-36.1350,-208.1180,-51.6075,-238.8709,46.9522,-180.6360,-64.9314,-135.3283,43.4912,-222.6997,41.0956,-117.5280,30.3562,-140.7320,-77.5142,-313.0944
-170.3474,0.9475,-161.6612,-15.9031,-214.3092,-41.4904,-265.1940,34.9836,-261.9400,-70.6722,-143.6186,57.0018,-212.6648,85.4601,-173.1848,18.4523,-123.7833,-74.9108,-323.3308
-210.2012,8.9764,-204.5447,22.3292,-227.2882,-18.3849,-297.7993,-3.6154,-328.8914,12.5969,-145.6279,86.0498,-205.0491,100.7301,-245.0775,47.8712,-127.3053,-75.1574,-321.9163
-258.5472,-0.7121,-230.4520,30.0013,-234.3040,-0.8297,-319.5301,-25.7934,-362.3354,6.4163,-122.3716,46.7630,-189.3143,63.1712,-278.1776,59.9652,-152.0703,-46.1463,-300.2126
-253.1057,-11.8637,-206.0066,33.6558,-231.6064,33.4541,-304.3571,-12.4493,-398.2794,-124.3749,-95.5209,-14.8557,-171.2372,32.0791,-277.2354,26.7963,-163.3607,1.4275,-252.2739
-191.7991,-4.5846,-176.6086,54.2112,-217.5896,63.8309,-278.3889,11.9841,-401.5975,-178.7785,-112.4281,-29.5454,-173.4944,31.6685,-272.8186,-9.8561,-160.4997,8.8315,-192.4509
-138.5623,-12.9731,-183.2269,38.8452,-203.5559,37.0019,-245.3211,33.1454,-318.0177,-71.0251,-153.8047,-40.8815,-187.2004,18.0738,-249.9559,-13.6190,-159.4492,-34.8155,-139.0646
-149.7907,-58.7931,-199.9249,-28.7523,-193.4307,-29.4850,-174.0896,71.2113,-196.1137,51.9171,-167.9663,-81.7819,-188.3972,-14.8053,-195.1697,12.9480,-163.8144,-67.7293,-85.7011
-202.5364,-103.5622,-196.2222,-73.2428,-177.6976,-63.4659,-108.6319,119.3972,-119.3622,77.1700,-158.0576,-116.8961,-186.3530,-37.7319,-150.6523,44.4741,-160.7968,-55.6528,-33.9845
-213.4264,-110.8142,-173.4502,-58.7446,-161.8220,-43.6038,-98.9478,140.8426,-92.8463,63.3448,-149.0659,-137.4032,-189.6935,-55.7805,-145.0463,50.5535,-136.3128,-31.6876,7.4152
-181.0266,-95.4129,-145.5820,-40.6457,-145.7768,-17.4208,-67.4877,145.6418,-70.2584,108.8826,-143.2310,-139.6363,-170.5066,-69.5786,-146.3268,43.9889,-110.1314,-25.3708,47.5041
-186.5113,-92.9733,-133.8494,-45.0646,-110.0013,-24.1336,27.6927,161.9253,-28.5800,187.2499,-132.2236,-101.9465,-116.7216,-54.4390,-126.9675,66.5544,-112.8128,-31.9033,57.3140
-213.1990,-108.3444,-139.3478,-41.1672,-73.0242,-40.6159,61.7591,161.7200,15.3867,168.4941,-95.0250,-63.6473,-57.6458,-21.9980,-87.3280,92.2715,-118.1218,-41.9383,1.9785
-186.6708,-110.0931,-135.2215,-36.0513,-71.1162,-26.1161,1.4748,133.2847,46.8489,64.4324,-32.7665,-66.4676,-12.8192,-3.1925,-18.7908,71.7010,-87.0102,-45.9132,-34.1653
-154.8181,-89.4559,-122.5266,-57.5295,-73.3700,2.9317,12.1855,135.3242,83.1663,73.4753,-4.4285,-65.3599,17.6794,3.7276,60.5664,53.6035,-61.4592,-32.4180,37.2119
-172.0273,-81.4589,-119.4878,-75.0332,-37.9362,3.3561,128.2033,181.3513,125.0578,220.4710,-30.2303,-43.0135,28.7196,0.3976,89.0105,84.6735,-90.3766,-0.1843,127.7470
-164.4111,-82.6232,-97.2010,-49.2748,6.3062,-12.2436,176.7289,200.5430,130.1441,285.2234,-41.2948,-45.5672,29.3416,-14.8786,64.5610,95.5821,-114.5838,48.4008,134.6241
-110.2769,-39.4068,-34.0831,-1.9235,27.8078,-2.6719,117.0781,164.9920,92.3087,223.5591,-18.1697,-43.1349,35.6344,-7.7636,65.3143,60.8647,-61.2673,99.7144,109.0009
-81.1295,31.1133,14.2654,32.0176,29.4441,30.5746,83.3535,123.7239,66.0678,196.5401,-21.1693,12.4191,31.4217,33.8672,113.2938,70.6465,27.2510,115.9159,106.7562
-52.4282,48.6712,7.7556,50.5862,-0.3272,65.0997,108.9260,108.4158,75.3513,190.3189,-43.4978,49.2602,3.5645,53.3065,144.1281,125.9946,72.3095,87.5557,111.4800
6.2108,23.3294,-7.4519,60.6642,-47.7471,92.9151,123.3331,103.0185,89.6731,109.3232,-26.2397,19.5198,-18.0488,23.4384,126.3271,121.0516,74.5144,69.4314,132.1471
0.3250,31.8109,3.2730,64.9013,-51.4874,102.2447,119.9001,85.5404,82.4342,57.9062,11.8045,4.3729,-11.5009,-6.3082,87.8748,57.3889,69.1360,98.7411,161.0855
-67.8713,56.6374,16.2702,60.2242,-7.3191,83.2915,118.5768,64.2747,52.4489,125.7737,19.1558,19.9940,11.5757,-14.3265,47.9579,29.6853,49.1979,131.6642,148.5852
-63.4419,26.3495,22.6997,32.2755,29.8405,46.7268,109.1849,81.0396,37.5919,212.6787,-0.4138,-20.8079,49.2345,-34.3407,22.0822,58.5886,-1.2732,117.6603,128.4739
-13.8644,-33.2640,30.6211,-10.4772,56.8280,6.0109,111.0920,144.0164,86.4032,248.3546,-24.9431,-90.1326,101.2467,-61.2812,45.5281,101.5872,-48.9511,76.4422,158.8212
-42.7327,-44.9626,29.4785,-24.0258,95.7540,-21.5982,139.8719,183.3307,158.1303,245.6086,-38.6204,-74.9995,140.6786,-55.6681,120.3739,117.4380,-41.8824,56.9273,178.2842
-88.5945,-17.2575,30.7370,3.5723,122.0074,-12.6522,148.3445,152.2592,169.1969,197.4402,-25.6342,-6.8088,153.5479,-31.0321,196.0875,83.8248,13.1061,64.8670,137.3526
-57.9971,-13.1522,64.0783,26.9324,115.5608,14.1001,111.6140,102.7136,149.6451,143.7480,-2.6628,1.6488,155.5763,-27.2309,239.6298,49.3913,57.9021,66.3892,97.4899
-12.5960,-25.1841,107.9271,18.8154,90.9693,7.1174,72.6774,77.8836,173.1135,126.5266,11.0117,-20.8258,147.5347,-31.7801,264.8693,75.3984,84.3401,42.0738,74.3440
27.7636,13.9974,124.8400,3.7941,59.5486,-27.3866,55.9326,42.6418,207.0052,92.6872,40.5394,36.8417,115.0373,-16.7646,278.9670,108.4295,147.6914,3.2655,25.5392
121.9085,99.7569,133.4110,6.5302,32.3709,-32.5083,43.0609,-16.7264,205.8092,50.9254,84.3160,164.4818,64.6849,8.2200,263.3897,86.6458,250.3758,-35.8597,-8.7438
205.3813,140.9041,146.9350,26.7593,18.5936,2.5819,28.4902,-53.3446,197.2663,63.2584,93.0086,256.1769,21.8645,42.1783,221.3231,71.1872,320.8354,-61.4832,22.3075
193.7307,108.7391,131.8830,52.2290,9.8122,37.9983,21.8251,-51.0809,185.6432,36.5304,78.7446,272.0127,9.7861,96.5770,186.3230,92.2996,323.9312,-56.7931,72.5389
158.2781,72.4401,93.8051,58.6579,13.0951,44.9130,30.1279,-38.9198,162.8082,-74.4541,99.3477,249.2452,32.3862,130.9713,173.1801,80.8390,279.7479,-36.8244,99.9799
155.9125,50.3434,76.9740,29.3621,43.2216,20.6703,62.6282,-21.1554,170.7585,-83.7208,133.1771,208.2056,68.2920,108.2407,169.7898,57.0292,199.9074,-33.9076,123.5548
125.0235,-6.7289,73.6186,-13.0135,76.1375,-13.0243,107.5801,14.7879,191.1407,33.4486,118.7212,146.4846,96.8353,77.5253,168.5146,98.7553,112.6213,-30.4975,145.6038
68.7641,-69.4173,63.0713,-31.8244,99.8390,-21.6976,130.0750,52.4428,150.6046,57.0257,70.5139,83.8503,118.0766,71.4048,159.8582,139.6767,78.8701,5.8841,152.8962
68.6782,-61.6606,76.2732,-24.6663,149.7393,-4.5585,132.9353,69.3226,95.1900,0.2585,44.9414,43.7118,138.8312,34.8698,129.4153,88.6496,96.7071,47.9342,154.8617
102.6170,-13.7898,117.9031,-12.4473,224.0836,8.2099,163.4469,66.2805,108.7288,29.2724,57.7007,28.0088,168.7155,-28.5857,95.4033,12.0644,97.8374,70.1689,159.9877
83.2972,-2.4095,142.6822,-0.8392,278.5619,15.6867,232.3254,48.9147,132.9621,37.0284,83.2836,34.7059,209.8862,-27.5627,86.8664,-19.3882,78.3138,103.7197,177.0758
31.0869,-14.4767,157.2064,16.7511,305.7746,38.1081,285.5807,23.5197,101.6300,-81.8950,82.9326,54.3012,223.4936,29.9539,71.0955,-47.6262,94.8428,150.9206,217.2184
46.0770,-9.7837,195.2304,33.2576,305.8883,62.9648,278.5645,6.7544,75.0451,-138.0423,44.5070,60.9606,169.3505,41.4121,-1.1583,-85.7720,138.8757,170.0061,251.9717
146.3890,-6.9543,218.9815,28.3923,257.1810,64.7038,231.3902,-0.1313,104.6609,-56.3859,5.8525,43.7426,85.3911,-2.4990,-79.7507,-88.8306,149.1292,166.8419,238.4938
224.6977,-24.8287,188.9375,-0.9741,179.0670,49.7215,191.4548,-13.0474,174.0795,-13.0484,-6.6080,13.5900,40.6990,-37.9498,-61.4515,-66.9695,113.7375,165.3387,198.1842
186.6590,-46.2398,137.0468,-23.5373,115.0451,37.8766,183.1550,-17.3700,272.7282,-17.8414,-20.3268,-23.8354,37.5760,-52.4490,52.5812,-60.6369,65.5588,139.1685,195.5225
86.2902,-61.8614,86.8866,-11.9457,73.6594,30.0003,206.7507,13.3637,354.4430,58.1457,-48.7726,-58.0197,35.0007,-52.7563,151.9309,-73.3616,30.0182,85.7587,237.4340
41.8556,-70.8667,34.6217,11.8640,61.9722,18.0171,236.8967,48.1064,342.7347,136.6871,-59.3335,-64.7862,14.7694,-35.9546,164.2929,-98.9123,19.6430,57.9829,257.9245
56.1498,-61.1907,7.3059,11.4215,79.8544,5.2370,228.0901,40.1157,258.1003,82.4181,-40.9356,-41.5356,-10.5414,-26.3323,122.2800,-120.2592,19.1803,58.9737,220.8491
41.7375,-33.2226,9.4106,-3.4728,80.0539,0.3155,180.8811,14.9047,174.0182,-22.8703,-22.0716,-8.1276,-8.0682,-19.3076,79.2367,-99.0027,-7.2189,34.6197,181.0601
-20.7423,-6.7965,-11.4129,-3.4748,49.6274,1.2136,160.2470,23.3416,93.1423,-43.9879,-21.0804,25.1630,33.1843,32.3545,37.3811,-37.0602,-44.7566,-16.9624,189.5169
-78.5650,4.6180,-60.9718,5.1036,35.8002,1.8073,178.4583,55.8404,17.3218,-11.7975,-40.2170,47.3522,58.0671,97.2156,-4.5434,15.2635,-40.9038,-41.8821,202.0532
-104.5792,-0.6393,-88.6578,4.8262,28.3585,5.6449,154.2878,71.1236,-3.7746,-31.0052,-70.0934,45.1510,20.6112,91.2348,-9.4254,34.1873,-9.3663,-24.0736,162.3421
-98.2003,-16.0577,-87.8700,3.3320,-10.7473,10.4421,62.1438,51.5565,7.9446,-90.1589,-71.0085,37.4265,-30.1074,39.7447,21.0997,37.4747,-5.4856,-4.0721,84.8062
-59.4110,-18.5350,-73.1580,9.3881,-32.6744,2.6109,-17.6543,10.2551,-29.8658,-76.6521,-24.1810,53.3748,-37.8214,27.9160,11.9915,40.2838,-19.1209,-4.1564,-1.3710
-18.8813,14.1574,-35.0192,22.1612,-1.1089,-7.2108,-43.9991,-16.4525,-98.8662,13.1467,8.7098,78.2939,-33.1339,43.0364,-51.1741,37.9860,-18.6905,14.2127,-68.4338
-22.1990,60.6596,-3.6538,45.2572,16.1482,8.4622,-54.6949,-17.6431,-107.4526,42.3312,-24.0824,74.0797,-54.9733,28.8686,-69.3112,18.8247,-31.0003,73.2057,-69.7759
-58.6181,72.5060,-24.3258,65.4744,-18.0540,37.9480,-68.6245,-35.1321,-62.5976,-14.6359,-62.5822,40.0983,-80.3596,3.7720,-10.7680,-6.7613,-58.6284,107.5729,-26.7610
-63.8312,54.5481,-61.9286,55.0408,-55.4972,48.1420,-82.0408,-70.5234,-54.9052,-41.5242,-39.1455,18.6291,-85.5885,9.4565,13.1146,-5.4953,-44.0307,64.8842,-25.2424
-13.0308,57.4654,-67.9946,22.7024,-80.3377,40.3186,-103.0265,-54.7130,-98.7974,-38.3692,-7.0555,34.2866,-87.4399,31.5763,-50.3238,18.8186,-5.2969,6.4856,-53.2908
32.8015,66.4749,-71.7201,-1.1596,-112.7648,22.8204,-111.1969,14.6579,-118.4545,-74.6288,-39.3228,46.5093,-96.9164,31.1463,-104.0374,18.4163,-34.0968,-0.7049,-25.3958
6.4858,17.1189,-99.0161,-22.8294,-131.6194,-15.0807,-75.7979,58.7752,-77.7342,-60.6565,-95.9131,13.3374,-91.5022,-0.7956,-87.8781,-8.6687,-119.6064,12.2045,38.2476
-66.1305,-59.4944,-119.1174,-54.9611,-114.5447,-57.9296,-24.1426,69.2447,-21.9672,69.8881,-109.1684,-19.3963,-57.7684,-33.8823,-62.5772,-2.9751,-164.6118,-1.0814,55.6702
-100.4556,-73.0253,-120.3858,-75.4881,-91.4629,-76.6245,-3.1065,87.4666,-0.0188,149.5276,-90.4556,1.2868,-32.0628,-31.9538,-59.7204,54.5018,-156.7227,-41.6725,17.6199
-79.0263,-45.5946,-118.3414,-79.5997,-101.8575,-88.8623,-23.8924,80.8338,-17.8620,62.2062,-63.8792,24.3075,-53.0359,-5.8457,-33.7174,102.9862,-151.9837,-100.3275,-59.5484
-59.0000,-55.0578,-105.6156,-92.7012,-138.0513,-115.8039,-82.8214,18.1025,-48.3026,-44.4911,-11.8237,8.6118,-87.8279,-3.8981,12.1771,86.3487,-157.3540,-142.4861,-161.3270
-51.3799,-70.8737,-76.1385,-102.2877,-149.2804,-125.4483,-152.5054,-47.7986,-60.6066,-42.4213,57.8093,21.3110,-81.9695,-34.5791,12.2900,28.3574,-154.3769,-123.4329,-228.5526
-14.6565,-36.8842,-43.6823,-75.3106,-119.3807,-99.2685,-187.2170,-88.0130,-68.0977,-15.6855,94.5075,78.4517,-58.0075,-53.5592,-37.9610,-7.3980,-142.2403,-78.3456,-241.1667
26.0548,0.0525,-22.2013,-36.3021,-108.0583,-76.3384,-196.6337,-131.2774,-93.5709,-50.6562,77.9962,89.3360,-66.6045,-40.5836,-68.6346,-11.1522,-110.3527,-80.1716,-259.7955
-1.6084,-7.6475,-34.0383,-36.1395,-145.7995,-82.5990,-212.3272,-163.6841,-78.5334,-84.4120,36.2054,50.7107,-92.8654,-27.8180,-52.9185,-16.9314,-74.7931,-117.7238,-290.4984
-82.1192,-25.9726,-87.6974,-71.0023,-167.9580,-97.7098,-196.1857,-153.6214,31.7233,-41.2227,2.5417,42.8633,-99.7350,-44.4457,-40.7574,-19.6419,-97.9169,-137.8607,-275.7871
-142.0416,-32.2101,-139.3044,-93.8212,-137.4691,-100.8772,-126.1509,-128.1979,149.5124,33.4475,-9.1067,37.4211,-86.8196,-84.2034,-58.6809,-10.7601,-175.4800,-135.8123,-227.5963
-177.1546,-39.8573,-153.8266,-77.4196,-107.4235,-87.9834,-76.3830,-112.3866,176.4166,46.2456,-14.4742,-18.6047,-63.2509,-118.0954,-67.0637,-39.6345,-210.6290,-120.5673,-190.8564
-206.8836,-34.2982,-158.6440,-42.0138,-106.4046,-63.0482,-77.8212,-82.1387,155.0752,-1.3834,-38.1693,-42.1177,-42.4667,-107.3061,-47.8436,-98.4055,-165.9594,-91.2443,-146.8485
-194.3553,-6.6675,-167.7159,-28.8546,-104.1724,-42.8957,-65.7951,-25.6342,129.4928,-19.8497,-64.3600,13.2344,-46.9186,-45.9472,-39.6146,-73.9800,-114.3310,-69.6914,-82.9209
-139.3700,3.5789,-154.0888,-43.9534,-92.5346,-41.5891,-38.3184,35.9425,68.6477,34.8932,-54.8650,28.4461,-62.7406,-0.6687,-52.4033,42.0601,-107.1105,-71.3970,-37.3919
-113.6502,-23.2524,-130.5789,-53.8747,-87.7680,-50.4161,-58.5289,79.5907,1.1524,102.4058,-19.6182,-51.6794,-58.0356,-29.6625,-55.3230,98.6510,-111.1872,-76.6400,-23.6962
-126.7401,-48.1149,-131.2154,-46.6835,-99.6232,-52.8376,-110.8611,84.9157,-29.7675,91.0320,-0.8321,-114.1709,-55.8404,-82.0382,-62.2751,44.9574,-87.3951,-72.6524,-26.3015
-119.0568,-34.9094,-139.3099,-38.9390,-131.6000,-42.2553,-140.8513,52.3252,-72.9934,-14.3200,-2.0606,-98.8850,-91.6895,-79.9578,-101.4391,-2.3583,-46.4294,-63.2852,-44.6379
-97.7710,2.2695,-138.9471,-29.9344,-150.0030,-24.5157,-151.3329,16.8128,-130.0181,-121.6068,-4.6224,-68.5616,-133.2017,-44.7459,-127.7006,7.8113,-24.9489,-38.6739,-68.7782
-112.9817,24.4410,-148.9167,-15.2512,-111.6607,-15.4833,-150.4501,-3.6902,-129.2141,-148.8256,-15.4159,-46.6973,-133.5034,-32.8257,-105.5924,2.2003,-40.8997,7.0840,-75.6151
-141.3907,21.6467,-150.8955,-5.7461,-54.0348,-17.5053,-131.7441,-31.2116,-109.9195,-129.4163,-33.8705,-6.8508,-106.4290,-33.4092,-93.3968,-52.1175,-76.2995,53.8760,-67.1285
-133.2726,20.9855,-108.6918,7.8876,-36.9134,-6.9718,-118.6682,-64.2950,-144.5165,-110.6327,-34.8057,24.2656,-90.4957,-17.4131,-119.5536,-98.8721,-106.0191,81.3976,-57.7827
-100.5437,27.9652,-58.5044,36.6621,-29.8653,24.6881,-112.7774,-60.4358,-174.3722,-76.0361,-27.7175,11.4725,-91.2674,6.7536,-125.4586,-83.6191,-124.5468,90.5107,-47.9929
-77.9162,11.9256,-52.7099,49.0554,1.7174,49.7316,-80.7226,-14.0073,-166.0729,-63.4316,-47.6349,-19.3370,-84.8255,23.3939,-113.2497,-24.5436,-131.9139,92.4062,-41.0596
-79.0526,-19.0032,-64.6292,34.8044,8.8623,55.1228,-51.8046,20.2897,-188.1937,-127.7186,-74.8846,-33.1864,-57.3234,26.7120,-145.3392,2.7649,-127.9569,92.1596,-47.6208
-105.1019,-12.9175,-53.1053,43.6317,-20.0252,65.5707,-72.5400,15.6483,-227.0599,-167.4016,-68.4389,-21.5974,-30.8924,25.6706,-175.1375,-26.8094,-128.0213,90.4604,-64.4933
-134.1604,27.0930,-34.6477,80.3687,-16.0941,89.4467,-91.1310,7.4360,-223.4283,-100.7726,-54.0552,13.9379,-31.8862,43.2494,-113.4041,-45.6429,-140.1108,94.8330,-79.4289
-124.9015,44.5972,-27.3673,86.1839,18.5985,101.4406,-66.3955,3.2530,-219.1762,-84.8405,-62.0016,43.6053,-44.6431,66.1411,-19.6605,-23.7273,-128.3365,105.2394,-92.0803
-58.9886,38.8513,-14.0862,70.1844,10.7815,97.9324,-68.9628,-38.4611,-236.0847,-219.4193,-48.1238,29.3543,-38.3869,55.0213,-3.6120,-23.3166,-58.8580,103.7564,-112.0520
33.9938,55.4652,15.9689,96.4545,-16.5345,104.7746,-116.3355,-98.6243,-219.3710,-321.8071,7.8132,-6.0136,-12.7426,31.5690,-36.6506,-62.8403,25.8407,90.9346,-128.6479
91.8148,78.9759,52.1442,135.4119,21.7509,116.4073,-103.6856,-100.1115,-177.5444,-272.5867,43.2742,-18.3659,22.2692,38.6988,-33.2671,-77.1775,56.7554,84.1530,-104.6666
83.8394,54.7465,85.6673,103.7463,92.3742,94.5029,-12.2466,-53.6496,-144.7195,-193.9896,38.9179,-23.0143,61.2754,44.9936,11.5900,-37.8427,54.2740,62.1298,-43.9873
73.9136,4.7781,116.1493,28.4973,96.8361,41.0921,41.3073,-49.6734,-99.0509,-157.6518,51.9660,-32.2012,84.4350,22.0147,62.3546,9.6809,99.2562,2.6452,-19.6443
139.4114,6.6598,143.9026,10.6113,64.4498,8.8783,19.8447,-101.7399,-53.5376,-119.6030,89.5363,-3.0673,84.4558,15.2685,96.2213,13.1909,188.3034,-45.3926,-63.3456
224.7416,62.2103,166.5606,59.6392,92.7853,26.1200,7.7449,-141.5058,-30.9765,-100.1504,107.6593,56.6418,92.1929,41.7071,100.5552,-26.6291,233.8878,-41.9065,-103.3713
217.9433,94.5870,181.1812,94.6288,152.7250,64.0262,38.6284,-133.4630,12.3335,-115.6528,111.5290,70.7979,124.7777,60.1504,96.3676,-42.5552,216.9471,-29.8766,-82.6947
147.9622,76.5391,187.1378,77.7427,152.3822,79.8951,68.6815,-93.5734,59.1103,-105.3553,121.9677,39.7362,155.8913,58.8135,116.4751,3.5621,202.7541,-37.6886,-35.1894
123.0214,56.3443,174.9069,46.8016,113.7928,58.1296,87.7656,-51.4641,45.7202,-65.0320,117.3659,36.6010,167.6771,41.4688,147.0913,38.9522,203.4196,-39.2562,7.8311
131.3073,51.7388,128.9093,30.2521,100.0152,17.9445,126.0481,-26.0790,50.9170,-29.5639,91.2385,54.7789,177.2379,-2.8600,168.6445,15.8358,170.6046,-43.5578,65.1008
92.5666,21.0698,68.0387,6.6063,81.8804,-14.7402,182.7595,1.6297,146.9041,30.6371,70.8521,29.7326,198.5672,-51.3132,195.9902,12.6429,114.6845,-75.3644,126.6636
32.6779,-45.6805,36.7713,-41.9962,33.6276,-48.5486,219.2616,46.5381,203.0479,112.0226,64.9660,-22.2530,219.1830,-80.6732,215.8928,61.5416,96.4010,-109.5835,142.1480
32.0131,-95.6797,35.4032,-90.4735,9.8473,-100.2867,211.7291,60.4238,144.3816,145.3099,69.7570,-35.3256,216.3450,-117.7145,200.8604,78.0430,115.2845,-131.6702,101.1799
71.7279,-95.5384,29.7909,-108.8695,21.2205,-135.8677,181.2736,15.0282,107.6708,131.8362,82.2127,-12.0460,184.0336,-161.5942,192.2250,46.9147,115.6056,-153.8947,48.3737
76.8526,-79.7912,18.3346,-103.3805,8.3042,-119.4916,153.0719,-27.2896,148.9109,122.0093,82.4769,-3.9373,147.3656,-167.5433,221.3138,34.4893,87.5357,-148.3707,23.1920
49.0736,-86.3799,15.0178,-95.5264,-23.0249,-91.0861,105.7962,-28.6317,149.6779,112.9249,67.9238,-18.8196,133.4650,-139.1073,214.0589,32.2614,80.6834,-104.4947,24.0142
47.2040,-93.9778,13.5748,-88.8586,-16.2234,-97.4099,23.4220,-38.3700,67.4076,95.7613,68.5612,-18.6984,126.2244,-110.2606,128.6472,5.2661,120.3540,-86.9986,23.9805
84.9064,-77.0556,16.7243,-84.6821,5.5808,-115.0259,-40.9316,-82.9265,-10.6880,80.5533,82.8982,5.0943,87.7233,-88.0187,60.3620,-19.2673,163.0396,-122.4648,3.3255
120.4340,-74.2908,26.3667,-105.2267,-23.2615,-122.9993,-51.3012,-133.0845,-23.0571,57.5965,82.5976,15.7242,25.7735,-84.1552,76.3965,-37.3095,159.5969,-155.8672,-32.4310
121.8722,-115.9825,14.0587,-154.8153,-84.3883,-143.6559,-60.4606,-176.3890,1.2827,40.4169,81.6701,5.9534,-7.0236,-99.8923,106.5943,-75.3376,132.5026,-160.7414,-60.8932
106.9711,-143.9076,-8.8437,-180.9183,-99.6133,-169.5608,-95.5992,-211.3919,-14.0174,47.1721,98.8952,14.3007,7.4367,-100.2038,82.3826,-109.0003,137.5436,-153.8376,-72.8244
121.3646,-109.4657,19.4635,-144.1342,-52.4149,-169.8907,-105.7677,-224.6866,-81.1063,18.4458,101.2832,44.6396,22.9118,-83.0434,25.8625,-117.8139,169.8772,-142.6456,-82.3936
167.6316,-68.5438,75.2998,-100.7087,-9.8686,-156.1723,-91.9358,-222.8551,-115.4646,-73.2134,69.8925,67.6885,2.7403,-69.6174,-23.0360,-121.3883,170.1367,-149.5956,-92.2488
175.1751,-78.9706,65.3846,-122.9277,-24.6365,-150.9070,-111.0604,-219.0088,-90.8614,-111.9592,40.6707,90.2118,-23.4246,-39.1704,-47.3088,-110.1948,110.6584,-187.8047,-76.9272
104.9713,-114.0350,6.7027,-181.6708,-66.1528,-157.4630,-134.0560,-203.9518,-70.8643,-17.9137,36.1048,109.4076,-12.1348,-5.4397,-51.7486,-85.4488,29.4040,-207.2473,-33.2467
36.8931,-146.1586,-9.1697,-214.7948,-78.6689,-189.4186,-98.0120,-177.7422,-55.1107,97.8101,34.9852,75.0563,24.3598,-28.7024,-78.0274,-102.0550,-18.6637,-179.2426,-4.1873
47.4016,-183.5762,5.8516,-229.0677,-64.0140,-229.2950,-50.5412,-157.0953,-29.0958,91.1294,15.1185,0.6715,39.4320,-69.3400,-146.5397,-153.7260,-19.4744,-152.1685,-7.3839
79.2914,-199.2264,-11.4346,-226.8494,-57.5885,-208.5249,-54.5665,-145.3876,-59.2032,-18.2033,-26.3815,-26.3172,15.4960,-40.9603,-197.3206,-166.8843,-3.6140,-144.2625,-5.3746
48.9809,-160.5938,-42.0354,-165.8191,-66.0697,-130.0918,-64.4068,-141.3324,-123.1069,-89.8184,-83.6630,4.8981,-25.4369,15.7546,-188.2703,-140.5814,-3.1898,-123.4473,9.9840
-14.7815,-111.8863,-56.9771,-80.8897,-74.1160,-88.3199,-42.6463,-147.7446,-113.8468,-71.8486,-147.2285,34.9078,-57.3452,28.3369,-177.1776,-121.2961,-21.1764,-103.4856,-6.0675
-37.9455,-103.5176,-83.5848,-67.2017,-77.5105,-97.7613,-44.5532,-159.1051,-100.2809,-84.0993,-202.5735,51.1490,-73.7591,23.4053,-212.2652,-109.6119,-34.8053,-105.0038,-64.5987
-10.2819,-91.3955,-115.8136,-95.0282,-84.5224,-73.7602,-96.5860,-171.0451,-203.7996,-198.3238,-236.5540,54.2616,-82.3275,24.0599,-257.2595,-110.5481,-8.5125,-87.7648,-124.3411
33.4306,-19.9743,-111.8518,-55.3988,-99.5844,-8.6521,-145.7885,-179.5918,-315.3469,-278.4469,-260.2360,30.9648,-94.2488,5.8051,-284.4180,-139.1034,64.4600,-44.5912,-158.6312
65.7689,55.8671,-89.8932,18.8031,-118.0148,14.6671,-165.0645,-177.6176,-316.8089,-237.5877,-303.1476,26.5574,-121.4818,-29.3082,-313.4440,-163.5960,125.0041,-35.2410,-172.4635
79.8339,52.0994,-97.0040,11.5781,-139.9409,-22.3722,-182.0918,-186.2343,-306.5137,-217.9870,-358.1788,78.7566,-160.7412,-75.4182,-347.9599,-179.5845,123.5945,-59.4205,-179.6530
81.1129,6.6168,-127.1017,-54.2498,-169.6405,-59.2434,-208.1113,-232.8778,-349.7079,-303.6702,-388.4832,127.8192,-184.2924,-129.4580,-383.8251,-234.7075,103.7056,-52.6539,-203.2748
69.3013,17.1910,-152.1944,-74.4572,-193.4405,-66.6834,-227.8187,-289.1202,-386.3422,-381.3658,-410.6505,151.9192,-184.0130,-166.4056,-441.1207,-305.8709,117.0870,-19.5745,-256.6657
55.5992,79.9290,-168.7899,-45.7724,-201.0314,-60.7211,-241.2083,-316.6636,-439.9665,-404.6323,-477.8497,233.5735,-198.7165,-234.0053,-519.2134,-329.4579,138.4359,-20.5598,-317.0769
75.7605,128.4661,-179.0126,-19.0629,-224.4369,-47.3180,-269.0578,-334.5419,-550.8400,-433.3903,-578.6149,374.8795,-250.2149,-416.5928,-591.9413,-333.9438,148.1056,-63.5480,-365.1273
122.4012,154.4152,-191.7711,0.9744,-290.2376,-32.3626,-329.7051,-372.2791,-642.4166,-463.7857,-651.9523,460.3282,-304.4489,-621.0107,-656.3199,-371.3745,171.1342,-126.4414,-425.2654
131.3999,156.7019,-235.9478,-0.2578,-366.0323,-50.2230,-418.7314,-443.2427,-696.2614,-522.2210,-680.6393,455.1228,-339.0933,-670.1619,-710.4200,-429.2356,188.8554,-208.3502,-519.8434
87.7471,102.3639,-317.7948,-58.2660,-420.7393,-118.4426,-507.5184,-561.1764,-785.9943,-691.1725,-697.6453,441.6581,-377.7865,-590.4282,-735.7847,-506.0540,157.3168,-284.3436,-614.9641
26.1155,26.8292,-397.9360,-141.1045,-466.2764,-194.0000,-567.7711,-677.9761,-868.8788,-880.3990,-732.5601,460.1465,-432.2661,-521.2886,-746.1807,-605.2405,91.4996,-314.9566,-657.3003
-74.4137,-13.7578,-442.5587,-195.1539,-504.7305,-234.7355,-599.4445,-703.9169,-856.7341,-924.0373,-778.7252,450.7660,-483.2372,-479.7081,-765.7374,-660.0623,6.9030,-331.2357,-649.2349
-229.6149,-82.8752,-459.2859,-252.2976,-526.5503,-265.7897,-625.4097,-665.6571,-816.2044,-875.1617,-796.6951,358.4876,-513.2712,-428.4734,-781.9546,-628.7887,-115.1521,-392.1415,-639.0016
-351.6867,-231.6218,-471.7234,-352.8817,-544.4017,-324.3177,-651.5096,-672.8114,-843.4409,-856.1245,-763.7643,227.1409,-513.1638,-387.6524,-802.5891,-573.6704,-238.7445,-471.6591,-640.0905
-387.6166,-353.6200,-491.7172,-443.0051,-561.2705,-393.9088,-655.6417,-729.1758,-894.1042,-837.0363,-702.5615,135.1662,-491.4402,-387.4232,-850.5172,-551.9249,-313.1792,-507.0677,-625.7166
-421.7455,-388.5807,-518.4218,-474.8989,-568.3652,-448.6122,-635.1533,-766.2807,-879.7449,-798.1334,-630.1686,59.7674,-478.1293,-446.0297,-862.2513,-560.0505,-386.4465,-503.7368,-601.2795
-508.4169,-441.6325,-535.2126,-500.3765,-576.1339,-493.8693,-623.1550,-770.7287,-795.2572,-779.3428,-537.5173,-80.5112,-476.9059,-550.4470,-775.6361,-585.2354,-512.9616,-488.8215,-598.7827
-578.2099,-544.5256,-512.2130,-555.7626,-565.6765,-525.2281,-632.3256,-740.6681,-718.6224,-728.7376,-438.4152,-256.6049,-457.1695,-625.3994,-688.7574,-598.8736,-629.6296,-445.2539,-607.1041
-584.5048,-587.2531,-442.8425,-577.8447,-491.8024,-514.1457,-638.9094,-673.2997,-720.5249,-632.8249,-360.0471,-365.7788,-418.1038,-630.5622,-697.7322,-573.6019,-660.9968,-369.2190,-597.6399
-573.3773,-544.1479,-368.2821,-524.4093,-399.3449,-454.2229,-637.0024,-626.4340,-740.1522,-619.8195,-299.9265,-402.3160,-393.8045,-618.8231,-689.8274,-544.6578,-632.7768,-308.7025,-586.5334
-579.5097,-488.6881,-340.8817,-452.0463,-385.5571,-377.6915,-634.2112,-623.4661,-642.1114,-679.0197,-249.7428,-434.2589,-396.3096,-625.1318,-546.0355,-541.9327,-594.0220,-302.5035,-581.8153
-580.8265,-435.8030,-368.4620,-407.1282,-429.6190,-324.5811,-602.4554,-585.0281,-443.8090,-606.2914,-208.8279,-494.7178,-406.3742,-634.4247,-376.1331,-516.7217,-547.2252,-333.5698,-536.6389
-555.5894,-375.2589,-404.5453,-361.2709,-430.1691,-299.8469,-517.8328,-478.1707,-298.7929,-378.1174,-162.5652,-584.4646,-395.8338,-643.3552,-331.5132,-445.8960,-492.5661,-345.1132,-432.3321
-503.1922,-330.9491,-395.8007,-297.2638,-366.4754,-261.8783,-415.1411,-366.8295,-248.0210,-213.9668,-108.8583,-664.4856,-348.7216,-632.3595,-368.6706,-386.2342,-444.8809,-295.3967,-321.0038
-428.9222,-291.9724,-338.9510,-245.5303,-284.3816,-190.1187,-335.7431,-279.3611,-211.6006,-209.3645,-67.3209,-665.6837,-290.7438,-572.3049,-358.0080,-355.0523,-400.0018,-215.4200,-237.4057
-350.8956,-230.7803,-276.7189,-211.6632,-208.4426,-134.4725,-273.5882,-202.6031,-166.8404,-217.4686,-35.9369,-601.8721,-257.1696,-477.1888,-278.7369,-300.0204,-335.9926,-170.4977,-158.3259
-287.4635,-170.8518,-229.8124,-168.2011,-146.4925,-130.4970,-210.7843,-147.5748,-139.6360,-120.1748,-17.5244,-543.8985,-229.8515,-334.6957,-211.3369,-209.0589,-248.1397,-159.6753,-74.4685
-221.3259,-132.2151,-173.8763,-125.3053,-105.3397,-137.6841,-153.9410,-101.5711,-117.0286,-2.6669,-47.3976,-470.4085,-186.5622,-112.2833,-208.0349,-134.6231,-165.0609,-141.6546,-15.1470
-130.7096,-102.4623,-105.6624,-118.8837,-84.0951,-129.0182,-112.8765,-38.1776,-73.0519,10.5632,-103.9853,-343.1675,-161.9093,97.8380,-219.3256,-116.1234,-114.9693,-125.8771,16.2403
-56.3563,-87.0964,-63.1527,-129.5193,-81.2201,-126.5498,-75.6940,5.6059,4.3156,-30.6840,-104.8218,-231.4205,-170.2891,173.3748,-176.0708,-131.4239,-80.1791,-126.1114,53.0528
-45.5376,-81.1300,-55.9763,-97.7271,-83.1926,-112.4449,-25.1665,7.0063,107.8643,8.3285,-51.0951,-176.2921,-162.8260,172.0022,-102.6953,-113.3544,-27.7046,-102.2380,99.4623
-46.5415,-47.5657,-49.2642,-22.5968,-59.4047,-48.7689,29.7813,36.2293,187.7187,130.3381,-22.6558,-114.5947,-116.3931,201.0894,-42.7839,-23.4132,17.9852,-41.5676,121.7164
9.5117,4.2296,-18.5194,31.8713,2.7168,25.1384,70.6537,132.7556,208.9468,250.6120,-31.2969,-21.0778,-54.3698,230.2717,45.3249,95.4484,10.8706,11.7041,116.3910
73.8533,27.1448,33.9020,37.9431,85.8942,52.6628,114.6598,226.0502,217.2271,335.2191,-26.9494,66.6287,17.2948,218.1600,178.6000,177.8171,-17.5304,47.6228,124.1652
76.4802,35.0695,93.1424,41.3462,159.6725,59.1347,181.8815,252.7291,249.4772,349.4385,3.5158,121.6357,98.5806,202.6166,274.1269,210.0286,1.4826,94.9585,161.5026
58.8617,74.3039,135.5104,82.9827,193.5412,93.8852,238.9547,241.0306,267.1635,271.5950,41.3625,118.3855,170.5005,192.5394,298.9853,216.2758,57.1176,156.2325,203.1838
75.2039,131.9227,152.5038,145.9446,194.5808,157.3506,264.0520,258.1922,261.9574,220.6441,69.7050,80.8406,222.6974,176.3108,319.3600,235.7494,86.0251,222.2170,235.1757
101.5388,172.1749,168.8982,199.5881,211.3367,227.3710,298.5668,325.9464,283.2604,300.2308,79.0337,108.0960,246.1117,190.9193,359.5882,303.9307,84.0052,285.6684,257.3900
131.6886,209.5060,207.4472,243.4211,262.1137,281.2327,348.2542,385.9377,319.2604,381.6391,91.8582,213.1743,237.7686,248.1345,393.1997,395.8721,103.6181,320.9209,259.2219
191.3063,266.3036,261.4991,282.8806,315.5656,300.7315,362.4733,381.4884,316.9691,334.9882,139.3571,291.9556,243.6590,301.3482,431.9913,453.1720,161.4068,325.5930,254.1339
237.3480,307.6216,308.0863,306.5999,345.0402,298.5414,361.5280,360.3580,310.9196,283.2524,205.9829,312.5310,297.9306,331.4416,487.4072,487.1884,214.0793,331.9070,282.5357
229.5404,297.0200,324.8445,315.7495,346.9053,304.7578,411.8997,386.9499,365.3130,352.7410,267.0534,330.6409,353.0829,364.6601,536.2190,540.1520,233.5342,332.6435,331.9543
239.8933,278.5732,323.8494,332.7344,342.9042,328.2412,478.5879,414.5168,436.1483,431.1066,331.2600,362.8596,376.5094,413.7558,566.5231,583.0018,256.0359,301.0436,340.5792
318.5052,309.3600,354.6209,358.8352,371.8602,364.2939,481.7780,395.7008,442.9865,391.4027,386.2553,392.4858,404.6486,450.0482,561.3656,584.2554,313.8023,277.9270,308.9039
378.3586,358.2683,419.7003,376.1087,422.4872,404.9497,442.1881,392.7382,402.2666,302.8734,388.1641,398.6721,434.7923,437.8495,501.2827,582.8200,358.1840,318.2490,292.3972
349.6623,374.9785,450.9037,394.2408,442.0652,430.8024,427.8808,436.8407,374.7605,274.1367,340.1619,364.4356,426.3783,405.0630,444.0295,593.8574,328.5415,395.4245,290.1388
290.1337,375.0219,419.7107,424.6839,441.2075,435.5158,452.9621,462.7961,376.3434,296.0727,300.8887,331.1778,407.0497,411.6007,468.5039,582.8240,254.3096,445.9080,275.9355
257.7808,372.3157,376.0306,435.6007,453.5890,435.5190,498.9316,463.8238,403.9709,331.3333,303.1205,340.1014,416.1140,428.1989,541.0396,558.2159,200.5671,445.4295,286.1378
234.4292,351.2602,352.6160,410.4742,437.6810,427.5501,538.6354,495.0933,464.0429,397.6004,320.2861,338.6766,420.1358,388.7625,587.7106,543.2081,170.4523,408.1079,343.7165
207.0879,329.8142,330.1530,383.2172,375.7683,388.6720,546.5544,527.9029,558.2489,485.0464,315.2903,289.2655,393.6770,329.6904,619.7687,514.2354,136.8577,366.1350,387.7350
187.2830,317.1455,289.0572,356.3676,331.3986,329.0388,539.4068,507.5415,672.1093,525.1407,285.9016,242.2535,359.0905,301.4967,649.8590,472.9686,106.5436,342.1973,378.9376
161.3965,275.1491,226.0570,298.9308,303.6505,286.0284,538.0422,474.5153,751.6947,525.4685,251.9116,212.4670,315.1055,267.6193,624.2905,459.0504,94.3358,324.4197,350.1691
117.1917,221.2528,156.1830,245.5859,232.2158,271.4767,499.0177,474.6901,730.5745,584.4789,224.0073,174.9955,249.7609,228.6402,540.2320,464.6200,81.6910,298.9578,307.8715
80.7583,224.4915,110.5267,254.5571,156.0522,273.4913,394.2951,479.4920,624.1495,682.4327,209.2292,160.4652,191.6231,239.1530,468.7244,466.0565,47.1674,286.2191,241.8000
72.2947,266.0891,93.3474,292.2032,154.5259,289.4597,302.6047,470.4015,502.8712,669.4913,216.4868,178.6341,171.6400,263.7399,419.1981,475.7519,11.3902,310.9220,210.8476
73.5672,270.0971,87.1296,294.2704,209.2115,313.1672,296.1235,466.4364,377.0789,544.9540,233.0071,171.1731,190.4498,246.8949,345.4831,478.8565,7.1281,360.4168,248.8232
73.6799,233.7482,100.0532,273.6822,265.3077,315.9348,316.7014,465.7816,251.7045,474.8889,237.8414,134.6732,231.5795,237.7797,268.3800,452.6687,21.2864,390.6322,267.0267
87.1090,207.2890,130.3412,269.8884,303.9185,286.2247,282.8377,455.9159,196.2867,487.1444,237.2674,132.0395,263.2669,265.8951,230.3858,441.4864,18.5967,377.6458,200.1642
90.5720,220.2651,135.3592,283.4330,315.7249,264.1894,227.4635,442.5055,208.4568,459.0996,237.3724,172.1694,267.6461,278.7152,194.9051,463.7701,-1.0335,361.4936,128.7784
30.5842,262.9886,108.2384,310.6298,308.1992,290.2208,216.5556,436.9479,188.9807,389.5346,213.3148,204.7558,267.3563,277.2015,134.7028,455.5886,-25.0348,394.1817,139.4857
-59.3546,289.5582,93.4720,353.3429,291.4514,342.5679,222.8451,447.5392,136.0130,373.0043,150.4876,214.7740,269.1209,298.4196,110.3538,407.6117,-56.1696,447.9273,190.1608
-74.3742,281.4553,91.5244,383.6550,244.6543,369.5699,201.8504,457.4612,133.7925,385.8083,77.5804,255.5716,241.1097,304.9207,149.5544,380.5468,-76.0911,454.5014,200.6575
-17.5066,282.0537,66.3615,369.1362,179.8724,355.4911,199.7842,429.5096,172.9642,357.1478,29.7917,366.8606,191.0920,264.0548,187.3811,380.1201,-63.6680,415.7505,172.9547
3.5893,299.6073,36.9863,327.3732,151.6057,321.6797,257.9444,379.9217,204.6494,322.9635,10.6387,483.4578,172.6570,226.5380,188.4959,391.3781,-46.2188,385.6843,161.7720
-17.6549,292.0427,44.9222,305.1204,158.4946,294.0845,316.8139,358.9178,240.3896,326.6794,12.8832,521.0754,196.5440,240.3048,184.0924,422.0726,-40.5599,380.5775,185.4439
8.4277,274.2277,76.8368,305.4729,166.1077,283.6169,319.1054,339.6277,248.9899,315.9323,47.1289,520.2751,223.9785,294.0113,180.2875,410.6720,-10.7474,375.6386,206.3229
76.1233,273.4765,96.1193,284.2823,175.2098,275.1047,282.3765,278.4573,171.4934,250.7346,101.9135,549.9586,231.4724,342.7552,156.5537,306.5535,43.1456,351.4993,193.3126
108.2924,245.8536,92.6664,232.5874,165.8698,246.8272,227.2805,236.2854,74.4973,182.9924,111.3508,563.7848,219.6058,340.9433,116.4151,223.1089,69.7803,314.2581,168.9322
102.3180,191.5493,77.1940,202.1028,116.7179,211.0757,169.9574,262.4005,46.3259,163.5675,51.6659,526.9731,195.1494,302.1410,61.3762,253.2660,74.3682,288.0072,168.2780
90.0404,188.0501,73.2552,220.2016,92.0501,202.5509,154.0367,284.3440,32.4344,169.1329,3.9315,514.0154,176.8326,293.7516,-6.3200,281.1770,108.5536,283.6837,190.2763
65.8358,221.1941,100.1855,246.8918,135.0201,225.4010,178.1923,257.0751,-16.0194,161.9213,3.4964,539.8027,175.2190,325.5464,-33.8785,211.2910,157.6735,288.9501,216.6862
51.1278,204.2092,138.6777,244.7431,176.2893,249.5713,190.3670,237.1976,-23.8309,145.2404,-31.4412,516.1713,167.4967,342.7122,22.4102,140.5284,167.1843,298.0573,233.0389
97.2434,160.2591,153.7632,228.6065,175.8934,251.7457,191.5399,239.4122,26.8321,128.8626,-100.2758,442.5916,139.5038,330.4016,101.0633,143.4477,153.1284,305.9225,219.4980
184.3809,170.2332,156.2768,224.8652,171.1206,230.8624,203.5483,217.2203,37.8747,110.9825,-77.8746,406.5421,125.6142,309.0414,104.2071,158.4090,175.8628,286.2668,176.6051
241.4790,212.2105,179.4491,224.9527,162.7318,199.4072,197.7137,175.2881,-2.4372,107.1301,36.0159,410.1368,152.1317,280.7511,41.8592,149.6002,231.1423,238.2739,147.6067
255.7968,210.3301,207.8277,199.2012,141.6211,174.2115,180.5748,146.0266,-1.5780,116.8551,96.5483,402.9963,180.4237,256.6701,17.7453,145.9790,257.9308,203.1658,154.2985
261.0097,155.0769,207.3853,147.4274,140.6021,159.4650,200.0600,123.0957,45.5954,92.9997,70.8228,401.4197,170.3889,244.7896,77.1014,139.5082,244.6602,186.1341,155.8177
262.4121,99.9440,203.9949,110.2926,157.5449,143.9367,228.5186,94.3875,59.8837,32.9041,55.8430,418.2142,157.9537,210.4264,145.3094,107.1604,242.4211,155.4842,127.1543
252.6208,90.9827,242.6767,110.1668,173.0681,126.7182,226.2736,62.7617,30.0358,8.8084,80.9558,401.1754,195.6223,149.7898,143.5616,72.2200,268.1550,125.8310,106.1206
250.3571,111.2541,296.1619,116.7718,216.6660,117.8020,235.1102,35.6509,6.9649,34.6154,98.2963,339.0348,255.3558,127.1804,98.2937,59.9831,284.2252,120.9245,118.9218
272.6610,106.1350,314.0786,99.8394,280.6393,106.3725,252.4778,30.3558,9.7820,46.7455,97.3920,293.6722,266.8788,156.8449,78.3962,54.3720,277.2218,100.1612,138.5463
307.7956,71.3164,313.7520,69.0276,300.1198,75.9387,216.8776,47.5607,34.5124,44.2202,107.8436,282.0877,227.3796,167.5800,92.5361,37.3283,269.0284,43.9527,149.0025
329.0352,47.9510,319.3208,45.2705,276.4135,46.8111,187.0260,67.2624,86.1428,78.2689,141.0031,253.2120,205.3306,128.6591,118.1379,30.5606,258.7803,18.0087,173.7998
307.7597,41.8673,302.2200,36.5969,255.2359,42.1018,257.0916,90.5946,139.4105,126.0780,171.2299,195.7663,236.0530,87.2984,148.3984,48.1175,232.4521,52.2320,213.9640
252.9307,42.7392,265.7240,44.1670,235.3251,43.2705,336.7011,107.5917,135.8987,121.9659,178.3147,165.2376,271.5740,79.5348,158.5959,31.9179,218.8203,82.0456,224.8364
244.5185,79.3651,261.3136,72.2846,220.5039,47.4523,291.4953,78.3951,70.0272,64.7177,194.7320,191.3190,258.6102,96.2312,126.3553,-59.4330,271.5096,74.3543,175.4697
336.3527,167.9268,284.8222,129.1402,227.3421,94.2553,164.4941,31.2992,15.2735,12.8783,245.5172,224.7733,210.2214,108.7029,88.4939,-134.6387,389.8196,71.5377,88.7719
454.6417,259.8645,293.6704,194.2835,219.0739,168.0634,61.0676,37.7135,18.6175,13.3038,286.0117,197.8717,161.1176,84.3830,74.9102,-112.8389,494.2298,83.3014,14.9559
501.6089,296.1613,296.8279,211.6707,178.9005,188.8881,-0.8533,58.9272,38.1147,44.4289,292.1304,115.0757,117.5457,23.7816,49.0745,-91.3828,511.0085,69.2446,-14.8267
482.0264,279.3627,303.6952,176.9152,161.6476,149.8548,-34.9681,20.9714,35.4421,41.6211,306.5827,48.6039,90.3499,-19.0223,0.9279,-158.4020,463.4157,25.7569,-11.8189
439.0792,258.6630,277.8266,156.4081,172.9112,119.6513,-47.9706,-22.2267,36.6510,6.8844,331.5640,20.7816,94.5349,-11.5600,-19.6989,-209.7220,416.9878,-19.4527,-15.0413
387.8588,241.8935,221.2689,151.9416,148.7902,101.2450,-59.9396,-4.8274,49.1353,4.8715,331.7900,-47.4292,99.5015,-8.0022,-6.6881,-162.8839,368.6653,-65.6333,-40.2221
350.7861,181.6651,176.9546,92.9426,85.5291,47.3598,-71.4675,26.7101,38.3870,33.3430,330.4774,-196.0311,75.8767,-67.2055,5.4112,-114.2090,290.7231,-109.3903,-52.2532
325.8005,91.8906,144.8088,5.5224,40.9698,-20.5353,-69.8963,36.8399,16.6556,43.6876,346.5984,-327.7779,59.4109,-140.9457,19.9270,-135.7171,220.1322,-120.0790,-20.6429
268.7106,61.1589,114.4475,-11.5466,37.2451,-49.1270,-76.5279,44.1868,25.9159,46.0453,348.7238,-367.3312,73.9418,-121.8050,31.4780,-184.6506,192.5088,-99.0087,29.9093
203.8613,90.9942,109.5759,28.2611,56.7655,-43.1694,-103.8175,27.5724,50.6871,49.3911,356.9097,-394.0601,75.8364,17.0751,7.8150,-251.8438,176.4627,-80.4807,70.3387
201.6986,90.3273,127.1012,40.0236,79.2472,-34.8132,-113.9670,-18.9629,63.7206,25.6232,402.5952,-483.7691,43.8867,193.1244,-13.1738,-343.0101,156.2274,-64.2275,113.6840
222.9206,49.5521,132.6226,17.3010,89.5721,-40.5047,-85.3885,-33.7487,90.3321,10.0574,420.2978,-577.6448,12.0045,310.1029,33.1187,-382.1796,165.6416,-47.6283,163.6710
191.1243,20.0004,122.5700,-14.8297,81.2092,-70.8688,-51.0368,-11.9170,144.0893,41.2150,377.4819,-626.3944,-6.7857,336.8996,105.8417,-333.9064,195.6975,-79.5943,186.0944
152.0570,-17.2475,103.4376,-64.3048,51.1058,-119.0702,-37.5627,-20.1546,194.4492,40.9863,357.5019,-672.7816,-20.2772,314.7962,136.6261,-282.5511,192.5103,-164.1150,171.9220
163.5826,-70.1378,65.8864,-101.3627,15.9483,-152.1645,-30.0964,-59.1565,222.4589,-25.1120,377.2840,-711.3382,-15.5309,317.8005,151.6982,-276.8556,157.1310,-202.5685,155.3182
172.2745,-62.7043,31.8325,-68.4544,27.9520,-140.9252,-15.3302,-74.2674,218.5131,-37.6674,356.7848,-672.6473,7.2134,373.0069,178.2775,-263.1955,141.4609,-149.4234,151.6170
140.7425,16.7230,40.3444,14.2382,102.0269,-90.0465,-5.2986,-57.1523,175.0959,34.1212,304.6887,-582.4976,24.1602,417.1364,175.2043,-214.3212,158.7018,-97.1455,152.4888
119.9897,65.8918,81.2089,61.5859,165.8469,-50.8757,3.3142,-28.9126,133.2674,42.7012,289.5041,-545.3486,29.2223,387.7415,143.0108,-175.4952,170.0429,-110.8810,168.0649
131.7866,33.6692,112.6972,33.1123,166.1931,-68.2315,38.5940,6.0350,138.0346,-56.0018,288.7011,-567.7043,27.6146,332.5723,142.2562,-173.8396,148.0926,-128.4858,207.6965
135.5793,-18.6285,113.2418,-22.5464,144.4778,-97.1695,95.8206,52.8602,163.1031,-117.1224,254.8645,-558.8820,23.6701,334.3829,177.4454,-170.6906,107.6620,-94.3348,248.9603
109.2210,-33.5128,88.6830,-38.7698,134.8255,-77.4854,131.8786,112.6767,177.8056,-60.8028,208.9404,-498.5977,24.2860,365.0796,197.7720,-115.7761,70.8993,-52.5056,265.0519
75.0806,-26.3103,60.5077,-25.8348,98.1721,-56.6477,133.1377,160.2132,198.0083,26.6363,172.4897,-462.1779,3.0899,342.3193,187.7063,-29.5714,45.4679,-54.8401,254.2838
63.5048,-25.6768,41.0052,-28.6279,20.1188,-72.9697,119.2988,161.1779,207.0495,49.1609,133.2236,-468.7641,-67.6991,282.6866,164.7700,6.0864,41.8947,-75.1554,230.2694
55.6870,-12.4573,26.3442,-20.6949,-33.8584,-49.0539,96.0387,139.5576,166.3649,11.5555,91.9108,-444.7057,-122.8389,251.7624,137.3180,-25.8433,50.1594,-62.2426,204.8140
-2.7221,20.0246,22.3403,24.0033,-21.6468,18.9478,74.2151,146.2293,115.7773,-10.0634,62.7308,-377.0006,-89.2749,229.8411,123.3168,-31.3642,14.2080,-29.2204,179.1669
-81.6514,6.3074,25.6173,36.6571,-0.3585,11.7792,75.2411,167.4532,118.4149,35.1817,48.5877,-339.0328,-36.8680,179.7802,157.6314,48.0689,-81.6615,-29.0517,144.2097
-84.3057,-67.9680,2.0583,-6.4027,-28.1499,-51.8076,75.3072,168.5333,150.2575,101.0534,36.9369,-317.2002,-54.0881,153.2697,228.9733,137.2236,-154.6828,-53.5911,94.7386
-39.0681,-94.4790,-39.1261,-15.4431,-58.2884,-39.8748,39.8087,165.7912,150.1072,113.5690,8.2414,-223.8908,-77.1271,184.8475,254.0165,155.8956,-155.3082,-49.1307,34.3534
-62.9590,-42.1225,-33.0955,17.7555,-27.6078,7.1656,-5.7740,167.9806,103.4487,86.1325,-31.0883,-103.1039,-32.0606,202.6310,179.9146,141.2004,-145.4313,-29.3068,-28.6580
-124.2539,-28.8110,9.5921,3.0818,23.1797,-19.0193,-35.8877,146.8400,31.9886,71.4114,-47.2345,-74.2036,20.4278,161.1002,72.9720,156.8467,-154.5958,-47.1840,-73.0484
-111.3177,-80.8000,11.1041,-39.9575,27.4455,-51.6713,-69.5620,105.6531,-32.4952,65.3419,-39.2399,-110.3747,24.7615,115.6778,21.2353,182.1117,-128.9517,-81.7142,-81.1062
-65.5024,-90.5005,-15.2684,-30.4088,2.8711,-21.6055,-93.3468,77.0944,-63.3782,60.6253,-41.3029,-109.6388,20.1417,95.0809,9.7713,172.7238,-70.8687,-90.9620,-71.4000
-69.3814,-37.5092,-6.0395,0.8045,-4.2936,-5.4537,-68.3790,66.1977,-58.1661,86.1674,-55.4366,-70.7993,23.6726,59.7373,-11.0317,141.8020,-37.4648,-99.9604,-71.3385
-71.6604,13.3924,12.2124,6.0310,3.4748,-19.9991,-25.7150,61.3697,-36.0363,122.3635,-57.3897,-30.7050,3.0034,8.2266,-32.3759,114.9143,-18.8157,-116.0567,-73.7389
-44.5398,43.3023,0.4730,14.0997,-6.7521,6.2598,-27.0759,58.2867,-24.7934,129.9415,-50.3001,1.7171,-40.5264,-25.7989,-46.1064,87.3973,13.6013,-92.5642,-65.1441
-64.7413,38.4206,-4.7872,22.2892,-58.3467,35.1926,-70.4910,50.1307,-38.8298,161.1197,-51.4205,-4.4708,-89.9422,-56.8015,-76.0960,58.9364,22.5605,-43.6731,-59.3895
-106.0772,-4.8637,5.4260,5.6400,-124.9285,0.9732,-122.1004,30.2279,-62.6457,236.2920,-63.1291,-39.2322,-149.2108,-100.7100,-121.1936,33.2167,-7.0818,-25.4396,-71.5570
-55.8672,-20.2367,-7.0247,6.0214,-139.9821,-27.3686,-171.3259,-3.8570,-95.8433,215.2557,-85.9501,-18.3066,-196.1660,-113.2464,-171.9660,-1.9958,-23.5548,-16.7173,-105.9717
22.1412,6.3924,-20.7112,37.7393,-103.9278,7.6553,-218.9012,-49.3393,-163.2944,46.0429,-118.9420,56.2790,-197.4095,-76.4870,-226.4330,-34.3748,-15.2268,11.5626,-167.7422
-27.1015,6.9081,-6.3903,44.2023,-92.9383,42.5460,-259.9897,-86.8682,-218.6785,-73.5705,-142.2817,87.9687,-177.1978,-50.9574,-234.0144,-34.7427,-23.9270,16.2499,-237.2360
-142.7364,6.3910,-14.4683,34.4048,-116.8629,45.4267,-280.7000,-102.8951,-185.6693,-38.9589,-138.3062,80.8894,-172.4348,-64.2192,-167.9555,-25.3536,-48.7434,1.8292,-278.2199
-152.9244,66.9990,-64.2504,66.9865,-122.8608,62.3851,-282.9427,-112.3797,-136.5953,-11.2706,-125.8933,112.8587,-166.2875,-63.2894,-133.4526,-28.5687,-60.2208,35.4039,-299.1952
-79.4716,114.7376,-90.2070,108.0478,-126.6371,90.3082,-306.6935,-115.5862,-192.4779,-50.3869,-134.6930,159.7804,-154.1562,-34.6803,-213.3528,5.8619,-74.5154,84.6034,-328.6853
-53.2723,82.8446,-86.5242,87.8951,-172.4906,80.9141,-357.3607,-88.1898,-286.4365,-12.7506,-161.5461,154.9288,-187.5956,-40.4565,-313.4134,84.2346,-117.6950,67.1216,-343.2664
-83.2426,38.2441,-130.3240,26.1908,-242.3021,40.4335,-365.4426,-45.7443,-301.3852,87.7804,-206.4854,118.4618,-272.2648,-96.8083,-336.5765,103.9149,-164.5273,28.6848,-312.9178
-126.9429,9.8786,-229.4025,-21.4624,-313.1602,9.2098,-315.3771,-30.9579,-287.1178,95.4883,-303.8602,91.8841,-330.4845,-153.5328,-331.6760,43.0493,-188.8647,46.8521,-273.7795
-202.4316,-44.3483,-306.8676,-46.7599,-379.8331,-8.4453,-290.8319,-38.6532,-305.3759,47.9179,-427.1480,74.4911,-331.1706,-191.5339,-353.7257,27.4177,-219.9190,76.8836,-274.9821
-287.6487,-86.5971,-324.2828,-60.0519,-403.2733,-23.7390,-312.2614,-41.4962,-308.6111,61.8368,-463.2860,80.4276,-333.5613,-209.0333,-374.4229,97.3976,-275.3192,72.6443,-307.0880
-303.8950,-64.4398,-299.4838,-58.1331,-363.6240,-23.3601,-312.8000,-46.7315,-294.8224,70.7213,-408.0775,124.6954,-359.9432,-181.5241,-369.0892,129.8107,-303.4938,73.0752,-325.5078
-256.4045,-32.2122,-253.5047,-45.4659,-305.1564,-6.3425,-292.7060,-57.9640,-302.7873,3.4814,-411.5157,150.9464,-360.7550,-145.1777,-343.1078,66.6885,-270.0461,67.5670,-293.1924
-224.7721,-55.4930,-219.6087,-44.6516,-261.0213,-13.1316,-289.4363,-49.2236,-286.4092,-47.1783,-498.8634,98.8420,-322.9293,-176.7141,-302.1936,7.1974,-230.5973,4.7180,-208.3477
-241.6725,-118.6238,-233.9989,-65.2834,-228.6375,-58.3000,-260.7772,-17.8523,-220.1882,-16.8367,-513.9951,19.1390,-283.4566,-237.3115,-259.3377,23.5246,-243.1842,-56.8429,-123.3765
-285.9557,-163.1532,-280.1714,-83.6635,-205.1640,-92.2417,-182.3996,2.7534,-158.3409,41.9740,-436.3737,-4.5183,-249.9990,-238.1957,-215.4657,62.3351,-281.6690,-40.8668,-94.3963
-319.7512,-152.1482,-308.0261,-86.8473,-179.9309,-89.9262,-130.8724,-5.6521,-90.3800,94.0074,-413.9547,-2.8733,-215.8719,-222.4655,-159.1808,65.5922,-293.5211,-15.9405,-117.1512
-307.3298,-124.7339,-305.3972,-101.1112,-157.1165,-92.3951,-141.4864,-28.5239,28.3774,139.2567,-442.7791,-38.6547,-201.8938,-256.0714,-108.1459,53.5960,-269.2295,-60.9984,-150.5449
-269.5667,-141.1707,-293.2612,-130.4879,-166.8581,-115.9428,-133.7233,-45.6195,153.0668,166.7615,-377.8366,-58.7299,-206.7482,-278.3576,-67.9797,49.8921,-228.5946,-113.3271,-154.3579
-262.5687,-162.1693,-273.8608,-135.1555,-191.6741,-126.3879,-53.7648,-49.4735,243.0627,187.5840,-234.6332,-8.7646,-195.5247,-250.1318,-3.6833,33.6311,-195.3303,-100.0119,-99.1268
-262.3708,-126.2593,-236.4250,-103.6981,-184.4593,-108.9519,34.4712,-43.4494,309.7692,211.3706,-147.5618,40.8976,-168.2522,-230.0847,67.0568,6.7920,-177.5880,-49.7292,-13.2382
-191.3815,-78.4647,-187.3289,-59.8150,-159.0863,-67.3500,48.1850,-35.1563,308.9244,198.8672,-116.4651,49.7405,-147.8208,-215.9406,82.1549,4.4400,-160.3600,-0.9425,22.1809
-65.9492,-59.0248,-139.5298,-13.2528,-130.1151,-2.5063,2.0013,-28.8699,214.8528,129.7837,-57.0909,79.2905,-116.2441,-161.9267,57.8728,20.4402,-140.6909,39.3359,-0.6360
16.3046,-33.1570,-98.2398,16.8449,-62.3843,49.3222,-16.6985,-12.9852,134.4611,57.7504,21.2881,115.1235,-49.6560,-113.6556,46.3339,36.4834,-135.3813,50.2759,9.1407
14.3952,-21.0830,-65.9694,3.3322,16.8985,45.3093,36.1635,32.4192,142.6227,35.3590,71.0588,85.4279,30.7771,-108.7955,47.1783,82.7880,-137.6891,28.3771,84.2581
-26.2911,-63.9428,-42.6959,-26.5482,40.4610,6.6076,124.3050,94.5333,163.3593,42.2172,111.2441,47.5155,104.1192,-92.3460,79.9526,148.6275,-125.2930,1.7737,151.5320
-49.6932,-98.1975,-26.1751,-33.8984,52.3260,-26.1808,200.9349,124.3517,134.6815,31.0406,161.6730,85.5893,174.9984,-51.1807,171.7240,151.5844,-98.6707,-27.8777,166.8441
-44.9050,-76.8080,-15.8553,-39.5287,119.1575,-49.0197,246.5515,104.4189,108.1923,5.8098,179.8542,146.2304,224.4994,-32.4069,246.8099,94.4282,-59.5819,-62.7988,165.7330
-32.1241,-55.9460,-5.4923,-57.9830,177.9431,-52.9145,259.7007,73.7671,140.3910,-3.6982,138.7990,168.1651,221.2626,-30.7399,242.7857,71.6219,-3.9000,-64.7070,178.7339
-19.4055,-54.3991,23.5953,-59.5303,165.4176,-26.7061,261.3109,62.2134,205.7386,-9.0738,86.5407,174.2823,184.6671,-33.7175,229.9573,91.2019,44.1495,-29.1924,192.0916
-6.8966,-43.1343,81.2619,-44.6809,147.3741,-3.9137,265.8946,59.5041,233.1817,-22.6827,81.4970,172.8701,159.8517,-66.9213,235.4350,96.3467,67.7274,-10.9778,189.6414
0.7696,-42.9204,140.3887,-38.4261,187.0962,-11.0362,260.2936,52.8965,208.9424,-22.5256,126.0843,162.4198,153.9306,-103.4434,188.8522,94.5708,94.1113,-16.1544,182.6806
34.2082,-56.6523,160.9625,-36.3103,234.6326,-20.9399,259.3989,34.4903,203.1685,-36.4564,180.1604,163.8450,153.8503,-95.2901,132.2799,87.8692,133.4865,2.2092,188.5843
133.0804,-49.0787,151.5945,-39.6232,221.7785,-16.9540,292.6170,-9.1756,243.7831,-115.2774,197.9639,150.3018,161.9030,-81.7829,168.2832,30.8533,165.0825,37.5884,201.3666
239.2810,-50.5510,164.9974,-56.8838,169.9279,-16.1842,312.1583,-68.7279,265.2943,-199.5002,165.0734,100.2316,179.8160,-112.5386,234.0600,-49.0843,196.7042,51.3495,207.4811
248.9167,-88.6742,207.2719,-57.5838,153.8764,-15.1452,267.4914,-107.7673,245.0396,-215.9029,124.5866,75.1893,210.3616,-151.1460,233.0217,-86.0451,237.2271,52.0158,211.2930
187.2558,-98.8755,219.3244,-30.5389,195.9069,-5.0268,232.1304,-109.9702,232.1133,-207.6768,128.2644,87.8080,270.5331,-154.1303,224.9666,-100.9167,253.2692,50.0668,212.5257
168.6528,-67.3310,192.1950,-26.2285,252.9417,-16.2955,277.1639,-92.9211,227.5030,-179.6657,167.0762,62.5959,349.6367,-143.5821,255.0867,-117.0662,228.5639,21.5596,202.4766
206.2894,-81.2241,195.9787,-63.7390,296.5608,-66.6601,335.6656,-75.0316,204.5892,-72.4432,208.8894,8.0519,401.9426,-160.7513,255.0887,-91.9066,190.8738,-22.3027,199.0938
221.9577,-148.1206,246.2095,-100.3773,321.3031,-109.9295,341.5356,-65.3652,181.6576,12.7091,256.1670,5.2275,417.7807,-200.7773,229.0365,-43.0512,164.7106,-35.1026,207.5541
205.7983,-171.6312,273.0885,-110.0960,308.9777,-102.9082,325.2931,-76.6892,162.9920,-66.5772,298.7542,53.6012,418.7973,-205.8778,246.7318,-49.6217,173.0548,-23.2498,186.0474
231.7437,-121.7785,252.4863,-94.4240,277.5009,-71.5634,303.3625,-112.3582,135.4957,-205.7578,289.4854,103.3451,388.1447,-149.2049,268.0706,-104.7705,229.8448,-27.9614,141.7871
311.5551,-66.7364,232.5837,-59.2384,272.2371,-53.0929,262.5660,-145.1508,124.4715,-248.2311,225.3873,130.8118,312.8171,-96.2566,232.3225,-141.1232,291.3835,-34.3339,145.1559
342.1415,-55.7526,231.8941,-30.4391,263.8151,-31.7152,231.2435,-142.5190,127.6008,-235.8641,178.2493,118.7344,244.4112,-100.1610,197.7565,-145.6075,313.9536,-0.5281,190.8635
273.4753,-67.8752,227.3541,-28.2992,205.5307,2.9352,222.6644,-110.9547,104.4150,-222.5968,203.8519,78.8984,219.2493,-121.4433,207.8052,-136.7533,324.1974,46.7878,215.5385
215.8811,-68.2319,213.0563,-40.0469,150.8639,7.8484,208.3699,-84.6849,91.0702,-180.9456,259.2273,55.2248,211.2304,-131.9682,207.7615,-122.9480,337.1997,39.6152,232.0623
242.5828,-60.3713,195.6156,-54.2134,156.3802,-30.6306,210.0054,-82.5530,148.1729,-152.0916,248.5417,63.1361,215.6183,-148.0004,188.9720,-123.8318,316.1678,-22.7414,264.9549
244.1169,-57.8686,178.9615,-65.2072,187.6746,-60.1050,268.0612,-103.5976,222.0016,-178.6694,160.6401,100.1352,251.1813,-140.0453,204.5333,-149.1631,266.4850,-71.6848,268.1387
147.6131,-57.1200,166.5377,-61.6141,208.9474,-61.5695,332.2589,-131.4457,229.9699,-213.0416,91.6010,144.8520,287.2395,-87.4714,230.9066,-164.6346,229.1995,-72.1355,239.8492
63.7093,-71.0872,142.3709,-60.7255,209.1430,-68.9898,329.5824,-132.2724,187.1673,-242.0172,84.4748,130.8503,289.0692,-53.6365,210.0938,-132.9064,198.7590,-57.8570,230.0890
77.4748,-101.6189,99.1018,-81.8954,168.6214,-77.0641,277.0841,-106.3084,142.3801,-282.7838,81.6754,71.6138,270.7922,-63.7716,175.4082,-81.0996,171.7617,-61.2664,213.2372
137.4345,-90.4209,81.5763,-87.6473,127.5705,-54.9506,228.2420,-111.5419,106.0197,-303.5843,82.8444,85.7882,242.7363,-60.1356,179.6822,-86.9234,184.8201,-68.5092,160.5082
188.1170,-25.6681,115.7694,-52.2306,148.5461,-21.6587,192.0356,-161.3293,70.9664,-308.9162,134.9793,156.2460,207.2733,-40.8998,186.8941,-158.5920,224.0991,-54.1486,124.6649
208.7574,4.8442,143.6540,-16.0783,180.9772,-7.1566,156.2376,-185.1693,36.4103,-316.7293,170.2481,148.9688,184.9256,-52.8807,137.6815,-190.3458,233.7224,-17.4463,104.8986
200.1657,-10.6138,122.9491,5.9623,152.8569,-0.8803,119.7261,-168.5514,15.6182,-289.2600,117.2395,108.3147,157.5915,-71.1833,35.4534,-132.7175,221.6656,23.3190,37.3219
209.6191,14.7714,103.1389,39.0348,102.0345,11.1059,74.5610,-189.3083,-2.0254,-279.7480,71.8564,151.4207,91.4715,-49.9221,-68.2859,-88.7125,217.1812,44.7750,-49.3488
226.5047,57.7548,117.3443,57.0440,63.1414,23.8677,2.4516,-251.5134,-68.3927,-370.5478,106.9718,191.9922,39.1212,-10.4266,-109.3721,-119.7306,188.6726,29.7188,-91.8246
161.3482,28.4770,113.1379,29.8240,8.9644,27.7020,-86.0920,-261.0784,-164.5389,-422.7261,124.3363,134.7192,50.6227,7.4204,-70.0321,-146.4834,118.5242,-8.3131,-109.8990
52.2070,-25.8005,58.9553,4.7041,-41.7122,15.9930,-140.1465,-202.6060,-184.8741,-320.3086,76.8503,77.9183,51.0438,-6.8584,-32.0713,-138.3327,56.7982,-20.6928,-114.6346
21.3755,-25.8550,5.1747,13.4465,-48.8908,5.3278,-128.4478,-157.9220,-131.4535,-244.8165,49.6200,81.8906,-12.1621,-40.4775,-71.2959,-157.6745,29.0331,18.0833,-82.9529
16.8982,-16.4735,-8.4730,9.0235,-30.5333,15.1162,-81.5366,-146.7850,-120.7793,-285.1719,47.3303,70.7100,-56.7180,-62.3773,-127.7479,-190.0622,3.3665,59.5273,-51.7023
-48.4354,-32.4894,-12.1369,-24.2805,-7.3896,18.5219,-44.8065,-116.8959,-164.5119,-254.1648,6.7666,33.0889,-42.1156,-56.7815,-126.2861,-173.4113,-21.7178,46.6491,-51.0063
-76.1468,-24.1679,-36.1347,-30.4616,8.5410,-5.5566,-41.0633,-70.5483,-189.7350,-138.4737,-20.3604,18.3947,-47.8352,-41.1290,-127.4175,-137.1126,-15.3412,8.6754,-48.2578
-34.2190,7.5345,-63.3404,3.2913,-21.8559,-22.2803,-83.5062,-53.9029,-194.5724,-118.1740,38.1069,4.7104,-104.6924,-28.9052,-186.0011,-126.2864,-5.5294,5.6072,-50.5816
-81.6259,2.5924,-88.0030,8.5081,-93.2339,-27.8360,-143.3157,-49.2427,-177.7023,-151.9671,113.9068,-39.8791,-157.0095,-29.8765,-214.5527,-108.9152,-57.6070,18.0939,-76.3279
-229.5228,-46.6611,-135.9386,-50.1166,-149.4991,-61.6575,-151.9412,-7.4204,-113.7764,-89.7822,119.4445,-84.4413,-192.2502,-60.1348,-160.1890,-62.3729,-157.3015,-2.3223,-75.1248
-300.2392,-95.8894,-194.4665,-105.5166,-185.7498,-92.9973,-124.3907,42.9277,-86.2174,34.9393,100.8508,-79.8021,-245.3532,-93.7618,-134.9728,-27.3276,-212.4136,-31.6619,-51.0635
-259.0323,-103.8786,-219.3533,-89.6214,-222.4516,-69.4007,-161.3671,39.7788,-181.2514,125.4762,150.2489,-14.8424,-316.5849,-84.1683,-224.3743,-40.1562,-186.3390,-23.5738,-88.2332
-213.3165,-64.0283,-220.7704,-40.1594,-244.6013,-32.9349,-263.2956,5.9485,-300.5924,128.2935,249.1294,39.6800,-377.1744,-50.6918,-340.3212,-77.7890,-154.0192,11.4873,-169.0761
-203.3167,-17.3709,-239.9346,-21.2226,-259.1112,-24.7335,-321.6861,6.3936,-317.4901,40.4117,291.3475,2.7073,-412.0868,-42.1708,-366.7586,-75.8891,-195.4589,41.8111,-202.3079
-228.7031,3.6707,-267.9796,-16.0664,-293.5130,-12.3342,-321.8672,30.3931,-273.6544,-8.1932,250.8049,-61.7394,-432.2635,-53.9475,-321.6028,-22.5028,-282.8615,45.3855,-198.8645
-282.6063,19.9662,-288.0154,-1.3017,-337.0069,-4.8725,-352.6167,18.7121,-271.5930,48.9207,223.6481,-26.1164,-456.7566,-57.7618,-306.2558,-1.9648,-317.0463,-3.3549,-219.5113
-305.1720,45.3549,-325.6506,-12.3856,-379.6824,-44.5595,-428.9519,-36.7996,-328.5024,37.3112,249.6312,87.3813,-474.6368,-39.8574,-356.2640,-55.3247,-269.7771,-92.6888,-266.7693
-288.3032,60.3765,-379.9661,-47.0691,-423.7896,-89.0435,-478.9855,-84.9210,-388.5208,-91.1885,229.2854,174.6115,-459.8415,5.9053,-407.7026,-95.9166,-224.1497,-159.7805,-311.3231
-309.4922,66.0884,-408.2977,-48.4555,-435.0387,-83.5644,-460.1069,-75.2844,-400.5168,-132.0128,118.2805,213.2896,-425.4753,56.7570,-422.2441,-72.3149,-234.9945,-173.8690,-302.3970
-357.5127,75.9138,-402.7516,-18.8075,-399.6085,-56.4912,-393.6211,-21.4796,-391.4660,-85.6527,39.9321,209.4190,-399.8902,79.0460,-449.3207,-48.2023,-251.9451,-161.0807,-226.6315
-344.1560,78.0142,-378.9221,-3.5689,-363.2202,-40.6767,-342.5990,6.1231,-412.5266,-109.8662,83.5902,159.7252,-381.8683,85.0905,-495.8650,-48.9774,-246.6008,-142.8160,-190.7789
-299.6422,58.7000,-335.9166,-4.0578,-343.0667,-37.5775,-352.6237,-1.4432,-417.0484,-87.0483,140.1507,107.9134,-375.2514,95.3251,-476.4582,-22.9484,-272.2094,-132.6535,-251.0292
-317.2024,21.7903,-297.4884,-17.0611,-324.2037,-58.7188,-379.1915,34.3310,-354.5327,83.5846,62.1639,72.9834,-391.9276,90.4274,-384.7693,37.4504,-328.7235,-146.7807,-273.0414
-353.3150,-12.1600,-294.1499,-52.8120,-322.2573,-85.9120,-355.2356,110.4774,-304.2571,146.2163,-110.2507,7.3511,-401.2767,67.6656,-334.0569,85.2029,-335.0390,-154.4237,-189.1142
-301.8207,-11.3464,-288.1109,-70.1500,-335.6240,-73.2316,-315.4778,117.1706,-324.0682,-15.9699,-219.4077,-79.0563,-378.1434,56.3666,-356.8660,80.8346,-277.2018,-108.8829,-139.8315
-205.0732,21.6761,-237.0274,-29.6986,-332.0288,-33.1415,-326.5993,47.7692,-340.3243,-130.5107,-241.8040,-114.7946,-362.3436,57.1230,-357.7212,21.5134,-224.2396,-49.8800,-185.8661
-191.7452,44.9225,-188.6856,18.1913,-316.7016,-13.1984,-357.4944,9.8852,-308.6806,-63.9639,-288.7447,-97.1090,-370.2135,51.2101,-287.1366,-26.1646,-211.4486,-55.9006,-214.4856
-250.3142,43.4438,-193.6026,12.6972,-301.5602,-25.5023,-350.0524,18.0382,-257.0815,17.1746,-363.0461,-77.0543,-345.1088,39.8335,-199.5415,3.2945,-228.9224,-113.8646,-194.0672
-265.1584,27.3401,-213.1639,-27.4753,-271.5379,-62.4328,-318.9927,6.7895,-174.1668,34.9561,-358.9622,-76.0780,-272.3011,30.2877,-156.3185,51.3859,-259.8102,-151.8660,-192.1556
-244.0912,-3.4665,-202.9144,-52.4184,-242.1913,-94.2232,-284.4889,-15.3549,-61.4022,57.8621,-305.3092,-98.2288,-212.9259,31.3485,-159.3231,40.8121,-282.5167,-146.7847,-201.9200
-279.2298,-24.8726,-181.9319,-41.4565,-230.8632,-73.2795,-225.5714,-8.6888,19.0517,100.9500,-322.3833,-134.6906,-186.7863,48.0211,-152.1123,23.9542,-304.0014,-113.2630,-188.9776
-326.1791,-17.1305,-174.7688,-15.0993,-207.0175,-21.9769,-154.6972,15.1149,43.9851,132.0361,-371.6359,-149.9469,-153.4858,56.7034,-95.7771,46.5513,-344.0707,-64.5901,-174.0378
-286.0023,-25.0131,-172.6899,-15.7416,-176.2340,-12.3176,-130.7990,38.4918,12.7994,126.9630,-340.5376,-130.1579,-111.9672,41.1476,-46.2131,44.6227,-358.7831,-30.3506,-166.5416
-214.6718,-54.2047,-164.7669,-35.1699,-181.0763,-32.3479,-172.0686,51.9643,-100.2199,79.0521,-275.7773,-103.4529,-103.2283,29.0836,-64.3306,8.4661,-294.7579,-28.0628,-157.4206
-193.5506,-21.7370,-147.7714,-9.1810,-188.9743,-16.2871,-227.6896,37.6014,-239.2733,29.2369,-275.9899,-95.7081,-128.8573,32.1078,-104.4364,8.5632,-188.3496,-21.7528,-164.9443
-158.4527,66.3576,-111.8542,60.5184,-154.8676,32.0577,-252.9391,1.5283,-297.8876,3.7292,-305.2742,-111.2647,-152.4927,16.4878,-119.0231,26.3360,-96.2038,9.2424,-195.3822
-62.4242,94.7000,-60.3128,91.2687,-123.9929,63.4606,-260.6529,-42.9794,-285.6838,-29.4759,-292.3232,-135.1451,-161.0053,-26.4664,-143.7581,1.8782,-30.2804,16.4691,-222.3102
8.2346,53.0270,-27.2823,60.5079,-127.8418,52.4340,-267.5475,-96.6778,-259.0577,-54.1742,-252.9718,-137.7093,-166.4307,-52.7727,-173.6589,-21.0610,-12.8813,-27.0801,-225.7502
5.7066,32.5734,-34.3072,24.8706,-120.7992,3.6115,-248.2506,-123.3910,-203.0618,-19.2845,-226.3262,-108.7218,-165.1608,-26.5259,-145.0273,8.2985,-39.5252,-73.1017,-197.3130
-1.4860,38.5763,-46.7361,5.5825,-83.5085,-41.9792,-206.7121,-91.3503,-137.3677,17.6238,-215.6337,-79.8816,-139.1879,17.3941,-80.1347,36.1861,-32.1129,-87.1281,-145.7532
35.0745,12.5572,-19.1542,-19.2863,-42.3247,-50.1900,-209.6629,-59.4000,-129.4299,-29.0856,-207.2173,-94.7251,-93.3984,-2.4088,-50.2104,6.1582,29.0956,-86.0587,-101.1305
85.7918,-40.8489,34.3388,-48.0970,-5.8763,-51.7305,-253.8994,-78.6397,-143.0637,-100.2083,-186.1706,-156.9978,-55.1090,-85.5138,-36.8285,-51.8125,67.6886,-77.9682,-60.7820
110.0121,-77.8082,67.3937,-70.6118,22.9501,-74.9912,-226.0288,-100.8703,-83.6572,-90.0886,-158.1108,-215.2908,-33.5019,-128.1933,10.8937,-81.3802,64.6540,-70.4167,3.8015
106.5793,-88.4564,67.4901,-96.1694,33.5948,-93.4226,-96.7340,-91.2226,45.6960,-22.3138,-147.1953,-226.0858,-10.3859,-108.1843,79.7221,-74.9358,61.9528,-91.3086,68.4624
113.9856,-92.5084,49.7349,-117.7111,34.2462,-97.5257,19.7058,-73.5070,165.4044,17.0822,-148.6390,-209.3808,24.9246,-112.1027,133.0917,-67.7585,57.1531,-115.7701,97.2043
150.0534,-90.1268,36.4964,-101.2320,45.9273,-93.0431,74.2998,-41.8289,216.6352,22.0887,-146.0166,-187.0856,57.1745,-127.4586,147.6838,-70.6856,53.8753,-80.3282,124.1980
174.4918,-52.0346,55.2280,-43.2171,81.1161,-52.4077,140.0391,5.8444,212.3810,26.3524,-161.7745,-143.0607,69.8034,-80.6787,125.3741,-55.1212,90.3995,-13.5500,175.7986
170.2435,5.3824,96.8329,4.1297,117.9187,4.8769,224.8557,15.1190,215.6370,-1.3621,-196.7814,-105.4337,69.9989,-43.1335,118.0578,-32.6736,144.7968,2.6143,192.7118
186.2255,12.4899,113.0770,3.3763,104.4657,9.3705,246.1081,-27.5901,219.6376,-94.6378,-181.8627,-131.4385,78.3570,-91.0955,152.1846,-52.4463,167.2852,-12.4934,135.5271
236.8681,-22.0777,104.2109,-9.1528,57.6370,-13.3620,200.9642,-66.1893,156.9346,-175.8224,-94.2378,-187.2762,105.0360,-128.5416,166.0265,-94.3908,174.1130,8.6249,70.4494
268.6955,-17.7778,126.5631,11.5735,74.6930,11.8294,174.0460,-75.4280,74.9737,-158.7133,-25.7114,-201.4441,140.9191,-98.1152,128.5072,-104.0209,195.8598,48.2203,66.3434
267.1599,20.5763,182.8027,45.7215,161.4647,54.0013,184.1133,-76.4914,69.5116,-103.8585,-37.7121,-182.0805,163.2509,-84.6291,99.5856,-105.4557,235.5995,68.6856,95.0041
274.0203,38.8652,213.7537,60.6184,213.7203,60.1960,172.2206,-86.5890,78.8703,-101.7165,-70.0111,-162.4403,158.2072,-103.0210,104.6534,-128.9542,284.6030,91.5419,96.1866
279.8798,48.1753,205.1744,62.8498,211.6352,61.8870,135.3899,-104.8345,33.5849,-110.1023,-70.9303,-152.7906,148.2545,-104.5749,111.0329,-125.1742,285.0031,119.4961,76.1055
230.8964,49.9009,197.6549,55.3592,224.9286,71.1467,145.3337,-103.2629,28.6380,-72.9300,-71.7117,-168.5773,168.2149,-118.5643,116.8035,-75.5303,198.7879,115.3028,83.4106
156.3055,21.2702,212.8000,33.4157,256.9547,55.7059,206.3862,-68.1759,86.0431,-46.6892,-79.2388,-179.6593,202.5447,-136.8376,115.9298,-42.2694,127.6670,85.2567,125.3928
148.3427,8.5433,240.3587,24.0216,271.1197,36.4661,225.8897,-49.6759,73.5331,-79.2168,-54.7634,-135.2184,205.3262,-87.0004,78.1393,-48.4260,157.9314,71.2924,168.7498
190.8649,25.1735,264.1556,37.5874,277.7681,38.2124,188.7580,-72.6019,9.9530,-115.0432,-16.9736,-93.1898,188.8721,-21.5993,44.5514,-54.6096,187.5214,83.6089,193.6904
174.5305,-8.6613,275.7152,29.3324,284.6389,24.8239,186.5450,-79.7029,44.0568,-84.2323,-8.7969,-123.2227,203.7832,-37.5468,73.5341,-41.8039,125.6482,96.1385,191.7647
115.9814,-76.2253,280.0762,-20.6820,276.4643,-12.8932,209.7537,-59.2920,135.8661,20.2726,3.6273,-152.6893,241.5608,-76.7118,104.6527,-10.9193,59.8209,68.8306,152.8553
140.4628,-84.8170,279.0096,-69.2233,258.9835,-38.7372,160.8514,-68.0624,158.7118,144.9379,48.2918,-122.7177,257.2991,-59.9496,70.2478,34.8703,61.4141,-9.3161,96.1814
224.0205,-74.1355,260.1971,-81.4822,240.0666,-50.9546,96.3474,-89.8138,172.9005,210.8737,56.5938,-95.0296,252.3271,-24.9611,45.4567,64.5384,77.4011,-78.7311,64.1650
226.4897,-98.8419,227.5454,-65.4032,215.2423,-61.0454,139.0187,-69.6112,266.7847,188.3083,-10.0302,-79.4298,247.0806,-2.6148,107.6371,54.2455,80.4053,-82.0988,61.9751
157.3736,-88.9220,206.3216,-47.0537,189.8047,-57.4873,205.3962,-38.3657,335.3463,123.1598,-72.6206,-32.4042,236.5380,21.1828,180.6696,31.5170,99.6292,-51.8436,53.1727
128.7335,-46.2797,200.3569,-49.5454,171.8056,-45.3567,163.7930,-32.1174,256.0363,66.5539,-69.3642,-2.7788,228.4582,38.5746,163.0048,28.2292,123.3208,-33.1728,25.0196
139.5031,-63.5711,195.5826,-64.5777,178.6348,-35.5060,98.4396,-16.9012,89.2961,34.0678,-36.6202,-25.0710,244.5365,60.8014,88.0732,35.2258,112.3759,-7.4238,8.3622
139.0079,-100.7237,195.7487,-61.4039,228.8884,-20.9888,110.6134,10.2783,-43.6479,27.0697,-6.9753,-30.1604,271.6231,104.4001,47.6788,28.7874,66.6110,26.2065,23.0352
140.6186,-78.2187,198.3494,-46.6097,278.6194,-18.8015,130.6993,10.8355,-123.9581,34.4419,37.9541,0.2341,286.1655,122.9316,45.2423,10.7294,29.5997,18.6951,45.2799
130.6679,-57.3917,174.6454,-55.6339,256.5396,-52.0860,127.4960,-0.6637,-169.5914,32.9825,87.2305,18.8196,289.9895,93.0863,31.9715,12.1593,30.4557,-35.2622,47.4856
67.7010,-88.9876,113.9306,-88.8788,175.7845,-96.1611,164.8316,1.8352,-137.0207,9.4345,86.7690,35.1453,276.5069,63.7585,31.8451,42.1006,22.8880,-90.8791,33.2707
-3.1269,-122.3729,42.1200,-121.1051,96.3100,-125.5976,196.6676,-13.0408,-20.1202,-32.1267,30.0624,55.7097,232.8741,45.4898,88.8962,53.8936,-37.7256,-124.4070,6.3591
-25.7527,-138.9046,-13.6070,-141.2239,32.6191,-147.3798,142.5264,-62.9041,65.7592,-68.9183,-26.6916,39.5706,182.1172,13.4549,132.2449,23.7503,-79.1479,-130.2130,-38.1353
-33.5707,-152.6852,-46.2293,-149.4245,-17.3051,-152.3870,78.0591,-103.8205,49.0095,-67.0111,-64.9342,-0.2866,146.8150,-11.5209,77.3153,4.1016,-36.6150,-112.9884,-68.8885
-46.1444,-156.0404,-64.7332,-155.8641,-57.1425,-134.4493,83.6468,-102.0871,13.0249,-18.1676,-123.7133,-21.0945,105.8186,-21.6141,-4.6768,23.0207,5.7671,-107.9205,-55.9797
-29.2029,-161.0357,-78.6954,-164.8776,-106.0391,-124.9805,96.6990,-81.2802,20.5225,43.1919,-190.6273,-29.1920,50.9079,-44.9095,-14.3196,35.3692,-11.1451,-126.1329,-45.8532
-6.2414,-157.6458,-78.7820,-150.3600,-138.2652,-128.4347,68.9406,-80.1230,21.4190,65.9627,-203.7609,-26.3349,20.2017,-65.4925,9.4521,18.9948,-11.1559,-122.9574,-90.8976
-30.7899,-103.1319,-59.2986,-107.2114,-118.9193,-111.6470,37.6442,-99.7234,-3.2787,23.3579,-186.2446,-2.0074,27.5038,-59.0929,15.2697,-13.1235,14.4230,-92.8671,-160.2360
-69.9465,-43.1567,-57.9123,-80.2195,-109.9100,-78.4820,11.0831,-109.1386,-18.6036,-41.7481,-216.7683,20.3152,33.3975,-50.4861,31.6493,-69.3547,-19.5922,-87.1491,-209.4229
-73.9570,-53.8047,-105.5128,-79.4130,-160.2348,-52.9415,-17.8779,-92.0106,-32.6090,-48.0639,-283.7203,27.8778,13.1838,-51.3311,40.0853,-123.8409,-91.5555,-90.9290,-229.4592
-84.6042,-94.1913,-158.1553,-71.0320,-187.9841,-33.6747,-16.4547,-53.4174,-57.9860,-1.3099,-330.8071,15.2623,-13.5607,-56.7411,-10.9386,-112.8247,-132.0819,-39.2435,-191.8909
-144.2050,-109.6233,-166.3065,-66.2938,-145.9657,-30.9683,12.2358,1.4272,-90.0792,3.7862,-361.8227,-46.0915,-30.8352,-85.0961,-72.6525,-58.0314,-166.0920,29.4680,-98.2176
-198.8744,-118.7186,-158.8096,-82.6597,-116.7693,-56.3373,18.7929,44.9712,-161.4006,-58.6134,-380.4207,-107.3320,-47.5813,-111.4334,-84.9624,-37.9217,-192.3799,18.5338,-39.1318
-193.2126,-104.8623,-174.4987,-77.4328,-134.4386,-71.9150,2.3332,39.7499,-252.2940,-119.3426,-370.0068,-67.0618,-63.0183,-76.8215,-84.9269,-52.7351,-156.4559,-39.0760,-47.6484
-168.7278,-46.3254,-190.7406,-37.2652,-131.7106,-46.4150,0.2466,19.8470,-260.0157,-139.6820,-373.7571,29.8264,-59.9955,-12.4477,-97.1136,-67.7677,-115.6845,-26.8561,-30.5651
-191.8148,-2.1424,-188.2184,-7.3330,-87.6332,-7.3646,15.6681,55.5738,-201.2565,-131.1972,-431.4874,63.9645,-46.2098,7.8749,-101.4332,-82.3575,-148.4337,46.7656,37.5627
-247.3995,6.0321,-190.5251,8.9660,-49.4213,14.8963,24.3334,116.8920,-209.1019,-98.2433,-484.3506,60.6043,-53.1094,2.8694,-129.4769,-69.4849,-175.5488,65.0412,58.8158
-261.3090,26.3718,-192.9256,26.3592,-46.1083,15.1017,-0.9054,112.2103,-279.4745,-50.0717,-464.9094,90.0696,-78.4998,26.9451,-195.4266,-14.9645,-121.1821,-0.0217,4.6655
-199.9518,55.2419,-155.0108,20.5548,-63.2564,-0.8993,-66.6744,44.5707,-306.2731,-22.1568,-379.3759,124.3326,-80.1971,72.8335,-218.2838,1.7009,-57.5122,-58.5863,-54.7063
-116.7227,79.0650,-82.5462,11.7071,-61.8610,-2.7885,-118.4967,-16.4984,-293.3979,-63.0292,-272.8945,145.5090,-40.4057,106.1743,-167.9870,-60.4841,-39.7295,-51.3048,-100.3789
-86.5577,119.2375,-26.6864,44.9326,-36.7352,21.3871,-101.7518,-59.2242,-284.6090,-188.9727,-207.4417,165.5547,9.6346,102.2439,-129.2829,-115.3348,-29.8644,-18.2348,-151.9630
-100.3097,126.7634,-13.7888,64.4283,-38.9915,21.9775,-64.4882,-98.6380,-254.3725,-307.3216,-200.4677,138.2075,34.5495,58.6515,-135.1675,-110.9056,-16.3009,-20.7853,-172.6629
-93.1866,52.5432,-31.2439,11.1779,-75.6940,-20.4842,-78.0683,-107.3367,-203.1891,-282.9147,-179.7511,56.2997,24.4947,15.6126,-122.9987,-89.3839,-20.0127,-54.6069,-134.0829
-73.8095,-16.3181,-53.3412,-45.1720,-85.9236,-50.4816,-105.5574,-73.7868,-154.6240,-141.2072,-129.9061,0.2148,-13.3797,-1.6524,-76.4827,-64.7105,-42.3944,-67.7490,-85.2956
-99.3666,-12.5255,-65.3901,-52.7687,-69.7317,-54.1694,-84.7885,-41.4927,-70.3832,-31.6685,-146.4777,-16.6461,-59.3097,-26.2513,-44.4091,-33.6679,-95.6980,-50.4294,-69.6928
-155.7156,-5.5295,-85.8162,-69.7745,-86.9204,-76.2480,-47.2607,-32.3969,56.6484,5.2990,-216.8911,-44.6023,-83.8393,-64.0605,-36.2138,-31.1478,-174.0167,-46.6445,-65.8365
-207.3932,-33.1767,-135.3288,-109.1615,-128.1545,-106.0601,-31.8763,-18.7824,151.6693,18.5829,-206.4590,-60.1650,-69.4118,-72.5231,-20.1196,-47.8438,-213.8109,-66.0069,-52.8196
-263.6862,-53.7699,-178.6787,-116.8605,-143.1902,-102.5930,-13.4120,1.6886,183.5484,4.3147,-117.8383,-29.2437,-32.2552,-62.4598,2.4729,-40.9366,-190.3120,-75.9678,-45.9288
-273.0835,-63.2366,-169.3349,-102.3463,-133.9663,-85.8636,3.1082,0.4104,180.5241,-17.2248,-60.5593,0.2620,-6.5406,-78.4041,6.9741,-39.0556,-153.5562,-83.0055,-41.8142
-154.0599,-67.2708,-128.6602,-98.9410,-114.9056,-85.6983,-19.8048,-2.1825,153.0649,29.7064,-31.6216,-7.5327,2.5467,-94.4281,14.8373,-61.8685,-124.6761,-103.7598,-14.7439
5.4639,-48.7701,-92.4272,-87.1571,-81.6689,-84.4415,-41.8917,38.8149,127.1061,125.9451,8.0791,-20.4257,22.0895,-62.9697,70.7705,-35.1377,-90.3725,-93.5253,22.2922
47.8104,-35.0354,-49.5778,-64.0452,-49.6692,-62.8804,-4.1143,95.5648,143.9739,187.7358,20.4254,-12.1090,56.1953,-7.1102,147.8440,64.3215,-67.0760,-27.3630,43.2602
-2.0947,-45.9239,-5.7528,-51.4101,-32.1794,-26.1662,50.3420,112.1353,180.0420,216.9595,8.0501,2.3323,74.9625,24.1924,171.2371,142.6112,-58.8321,33.7876,68.0315
-41.0033,-34.2932,4.1604,-29.9053,-8.9538,7.5665,63.4060,106.5243,191.6119,236.9174,25.2671,-3.5746,69.5513,19.4592,141.2301,146.3869,-37.4812,53.7244,102.0202
-60.9167,7.0611,-2.6139,8.2372,30.0494,15.3884,61.2744,113.8904,190.5111,213.1246,59.9904,-30.1257,60.8688,-8.3747,121.9358,120.9539,-13.9001,69.9109,96.6564
-51.6042,20.0339,13.7571,18.7416,52.2452,5.0621,64.9165,110.7908,183.2435,149.4691,82.9191,-42.9143,54.8010,-35.9376,125.7072,113.5650,-17.9267,92.6625,57.2878
3.0245,-0.1486,31.4368,-1.0102,23.3527,11.1935,54.8998,89.4796,154.0030,102.2555,112.7889,-26.8951,42.9648,-36.8451,123.4747,132.9703,-23.4435,100.7639,61.7477
21.8083,-4.6310,24.5434,4.5098,-29.9175,33.2843,54.3399,87.3818,134.8636,87.2573,144.1256,-10.7525,26.3201,-11.6923,119.7458,152.7618,3.6683,110.9902,112.5580
-19.1553,22.6662,22.7280,44.9010,-37.8684,51.2221,88.1879,96.3784,159.5749,96.0576,149.3820,-3.4459,7.9339,9.7442,125.5436,132.5340,42.8879,130.0245,133.0253
-9.0198,60.4490,36.6491,74.0796,3.8193,70.8795,119.0460,82.0007,190.8498,137.8586,146.3467,13.3188,0.1643,6.7273,128.6451,96.1790,62.6237,125.2707,116.7675
43.8147,78.3426,41.2929,72.7054,28.2184,81.6683,135.0226,76.9414,193.2449,197.9115,157.8550,29.3653,23.7538,-8.4039,126.6494,112.2648,57.0614,109.2243,118.1704
18.3063,69.9320,46.5639,67.5239,33.2206,68.2421,163.1557,120.3191,186.7519,230.4570,170.4141,34.7561,57.9309,-2.5684,118.0218,161.2852,42.1693,125.6087,140.3236
-23.2902,76.1536,67.2943,89.2188,70.3611,83.8216,165.1169,167.4680,176.1071,207.9279,170.0840,51.2044,49.4955,41.3748,88.3708,163.9476,54.3748,149.4338,145.3844
47.8737,120.0586,74.5131,138.2074,100.2205,160.0642,96.9696,163.6216,136.5339,147.6354,159.9782,75.0741,-1.7568,99.5034,52.8924,129.6782,104.1752,130.3855,112.6709
135.1386,160.6426,59.3102,181.6297,63.3290,208.0155,20.4447,127.3651,83.5822,104.6581,157.5609,80.3308,-45.7527,133.0688,42.5647,122.0179,138.9648,90.1396,58.2549
106.8225,167.4075,53.8203,187.2685,22.5008,169.9447,-2.4365,106.9131,53.0717,115.6527,172.1461,79.1267,-64.3538,131.4919,40.5447,131.0199,118.1103,76.1341,32.2986
45.8014,153.4464,58.0132,160.2621,38.5482,127.1251,-7.6723,119.0536,26.9889,149.5889,170.6243,86.6437,-74.3737,109.3232,12.3970,107.7969,79.6385,84.7316,49.2884
55.1733,128.1956,49.1682,134.7006,53.3772,135.7247,-35.9273,143.1109,-26.1817,162.3869,138.2002,82.2612,-87.1222,80.2854,-27.3111,58.9241,77.7339,89.4535,51.4478
89.1615,110.5104,42.1170,133.3005,26.8609,146.7065,-81.3795,148.1219,-69.2847,151.1077,130.9854,70.6936,-110.2424,59.5043,-41.5436,28.5450,113.3928,87.2920,23.8438
105.5855,131.4158,51.1950,146.9896,6.2691,139.4313,-126.3927,133.0877,-50.6284,116.5633,165.6462,92.4632,-132.4515,65.6795,-28.2911,31.5273,147.0100,88.1983,28.2599
130.6390,164.6806,56.1979,156.1681,18.2780,142.4871,-132.8139,118.6797,-7.9604,64.7890,177.9832,141.2147,-116.7033,91.6526,-20.9293,38.2349,138.7038,87.8717,58.7823
142.6116,151.8240,52.4269,154.9474,43.9674,142.8695,-88.4133,97.2842,-13.1628,37.5593,162.9110,160.1912,-64.2843,104.1755,-41.2323,25.5953,98.6521,72.8615,53.6446
97.6087,101.3129,52.2261,138.5222,67.4985,120.0070,-62.2084,50.1175,-50.3898,36.2289,176.9904,134.7930,-24.9470,98.6738,-57.5240,20.3611,83.2097,55.5658,41.3757
45.9349,66.4035,44.6814,100.3563,77.1191,100.1157,-90.4460,-0.6161,-61.8700,-12.8345,209.1721,118.6776,-16.7364,106.0923,-28.3116,37.2969,96.3993,67.2778,69.1641
63.1959,62.5141,28.6554,65.2155,80.6006,101.7738,-105.9813,-22.0297,-58.6810,-115.2531,225.4373,146.9875,-20.7855,125.8231,16.0154,23.9354,84.1023,99.0362,91.5590
107.1707,72.8731,37.9622,69.4399,100.8851,108.6147,-76.7266,-24.0905,-77.8962,-152.7103,239.3197,179.1289,-32.7199,121.5796,13.7349,-37.8458,57.1136,109.6867,80.0231
94.6841,91.7380,76.5400,99.5630,121.5494,110.2559,-52.4058,-39.6366,-99.4046,-72.8854,234.4234,175.4182,-40.1711,94.6983,-32.2352,-70.5107,71.8434,97.8978,66.2371
72.5344,125.5241,94.9234,119.4791,114.1587,110.1431,-52.6757,-81.3432,-90.1271,-0.5963,184.5339,165.0361,-21.0109,77.7499,-79.0808,-39.8499,99.5151,88.8237,33.9434
126.5578,161.7431,69.4714,129.3176,90.5735,107.8356,-74.4649,-127.8611,-68.3142,-46.6048,143.3272,169.3517,-6.9057,65.4040,-104.1665,-14.7863,85.0076,75.8437,-36.7038
190.6818,162.7200,35.1872,132.9810,57.5133,98.6269,-135.0981,-142.5630,-76.1133,-130.7911,150.6247,153.5942,-40.9403,36.1326,-100.1835,-26.3569,65.6958,54.3388,-87.6329
162.7319,121.3843,20.9343,115.0479,8.5880,78.8288,-199.0319,-126.7736,-122.9103,-126.4229,160.9385,113.3722,-85.6257,4.9359,-89.2971,-34.0586,77.1523,49.4897,-97.5658
96.4771,80.9709,12.9018,85.2309,-29.4217,53.5085,-206.1518,-124.0301,-164.0838,-61.8380,158.2714,86.6206,-91.7802,-9.7968,-108.2157,-33.5846,65.7843,52.9108,-118.2884
73.6177,57.5353,-8.5905,60.6961,-44.6136,31.4894,-183.1439,-135.1442,-147.7692,-30.5457,167.9490,69.8950,-89.3151,-14.3723,-123.4896,-38.0926,-0.5836,28.2826,-136.3006
52.0157,28.0127,-35.7388,23.6562,-66.4315,9.8593,-179.6178,-110.1033,-101.3580,-27.3917,154.5817,48.4715,-110.7137,-11.5402,-89.3794,-19.3963,-75.9378,0.2770,-99.3138
-1.2100,10.5674,-51.0488,-23.4129,-85.9405,-9.9748,-184.8460,-60.3639,-103.9966,-13.9317,82.9764,45.6007,-130.0013,-6.6469,-79.7820,13.9904,-119.2875,19.0548,-46.8962
-26.4737,29.4900,-60.9699,-35.0904,-75.0310,-12.5993,-196.3911,-55.6935,-152.6645,-4.6212,4.2592,45.7081,-135.6533,-22.4088,-156.7420,3.7072,-130.0293,54.2168,-41.1256
-12.1576,35.3491,-88.5806,-9.4676,-70.6261,-3.6356,-219.1252,-86.1667,-167.0422,0.6094,-35.5152,-1.2871,-148.4422,-57.4361,-207.4253,-36.9203,-131.6143,48.5854,-58.3301
-31.7828,-7.1071,-135.1061,3.0939,-104.6918,-4.2464,-202.1085,-72.9882,-132.9729,26.3627,-59.2288,-63.1015,-156.1750,-75.4546,-147.0786,-38.9152,-153.5108,28.3239,-55.4535
-111.9082,-42.6814,-171.8780,-11.9131,-133.5182,-6.9584,-137.4944,-18.9637,-122.6730,54.5589,-89.9959,-69.1775,-137.2323,-60.4661,-100.2535,-9.6983,-179.4697,39.5975,-51.4005
-177.8381,-29.7962,-176.9365,-28.0259,-129.2216,0.5526,-123.2823,-3.4272,-178.9373,55.6296,-112.5990,-35.1286,-120.8851,-35.1334,-170.4122,-3.9442,-161.4551,49.3207,-98.0891
-140.3174,2.3494,-157.3823,-34.4676,-125.1139,2.6528,-203.4930,-45.2393,-261.7932,32.6127,-97.0721,-9.0597,-140.5994,-24.2561,-262.4231,-15.0107,-119.9942,19.3441,-207.9832
-28.4689,26.7320,-132.0055,-38.0451,-141.6161,-4.8444,-291.4510,-91.0180,-296.6395,1.1867,-39.0850,16.3739,-174.1357,-23.6897,-274.6723,-10.8106,-124.7596,-13.6921,-310.8299
7.3553,36.2389,-121.9299,-41.2621,-164.4223,-6.8477,-304.0903,-105.8033,-249.1365,-9.1194,3.7630,55.1477,-183.1440,-0.5680,-234.7844,-1.9448,-177.7095,-23.5411,-322.8742
-92.0556,23.3448,-146.3725,-39.9212,-179.4248,-10.9985,-246.8465,-95.7732,-169.7511,8.7632,-26.0532,86.7990,-170.0115,56.1944,-195.2760,-3.6639,-223.7176,-45.2552,-273.3311
-187.3388,5.5934,-190.2072,-31.9384,-184.8693,-27.4160,-187.8479,-79.7297,-143.8189,-2.9418,-83.7562,93.2300,-165.1272,95.4644,-183.1263,-8.3849,-226.0325,-77.7675,-258.0829
-166.1888,7.3879,-206.4514,-30.6792,-191.6387,-40.0326,-200.8640,-71.9804,-189.8039,-55.9801,-89.9924,82.0017,-179.0134,73.2642,-219.6078,-18.4402,-179.3872,-72.6093,-284.7809
-108.0019,20.5784,-186.4462,-43.1208,-207.6005,-43.0969,-271.5524,-68.6858,-246.2328,-65.4440,-65.0773,79.5305,-190.3904,28.3802,-274.1244,-38.1815,-126.6743,-50.1586,-297.8804
-110.6246,38.3020,-177.6877,-38.6431,-221.9006,-44.3406,-299.7334,-60.7562,-252.0299,-10.8273,-68.8203,94.6533,-187.1666,14.1170,-282.4556,-48.3389,-130.0940,-70.3032,-290.3767
-145.5323,63.8356,-197.8310,-0.3302,-224.2917,-34.9535,-253.8308,-56.5195,-213.8017,47.1585,-82.2572,84.7019,-191.3048,12.7930,-251.1772,-39.9956,-172.8774,-96.4488,-271.7480
-157.3773,65.2003,-202.5455,27.7075,-212.1798,-17.1594,-203.0448,-53.0819,-188.6075,100.9880,-66.6095,22.7181,-213.6656,-11.9503,-239.1018,-34.9515,-193.6591,-57.3614,-224.2572
-146.4202,14.4185,-173.5013,15.1724,-182.5880,-13.0531,-172.2067,-27.1624,-187.2417,133.2195,-47.0684,-28.7280,-222.5509,-42.0869,-247.2049,-36.9703,-199.6447,1.3613,-161.5387
-135.7034,-44.5184,-153.4926,-6.6093,-153.9584,-18.0506,-130.3761,6.0377,-151.6685,84.7217,-57.3770,-2.7580,-197.3546,-37.8126,-231.8201,-19.4170,-208.4299,-6.5185,-126.2682
-143.7307,-51.3638,-167.7158,-20.3848,-149.2662,-15.3250,-95.3796,5.8550,-84.1938,10.9874,-89.1765,75.2472,-162.2182,0.4743,-192.1194,11.2372,-179.6456,-50.1438,-118.5592
-170.1779,-15.4261,-188.5776,-44.9109,-151.6153,-17.0542,-91.9472,-13.4251,-71.7083,-9.7677,-129.3954,143.5050,-137.0475,33.3423,-154.0598,6.0375,-121.8422,-49.8599,-115.7734
-195.1416,7.8527,-191.2735,-70.2589,-150.3778,-31.8853,-86.9682,-18.3623,-111.0024,-52.7668,-167.7464,168.2779,-118.2339,34.8850,-111.5746,-42.0792,-101.9334,-25.0908,-122.3764
-208.8937,-9.9045,-184.4959,-70.0605,-168.7568,-45.2690,-66.7119,-25.4391,-104.5340,-133.1969,-173.2557,138.2475,-110.8509,22.8328,-60.6474,-67.7660,-109.5013,-39.2657,-138.9901
-213.5507,-45.2071,-178.1842,-55.3022,-184.8694,-53.2183,-60.5319,-38.0890,-64.7348,-117.0372,-137.5741,81.1177,-115.5270,16.7518,-40.0080,-24.0086,-97.1425,-69.2705,-145.9798
-198.1800,-57.6413,-161.8408,-48.2039,-151.5645,-56.5791,-59.9307,-20.0118,-78.0003,-37.9029,-105.1983,49.7193,-107.9764,2.0404,-62.6707,48.4573,-89.7825,-54.8638,-137.2120
-149.6813,-43.1819,-125.8009,-45.9681,-98.1951,-48.7354,-41.0462,14.4328,-111.3319,-52.9615,-99.6635,44.7974,-81.0049,-24.2842,-71.0817,82.1296,-103.9258,-17.8338,-116.8335
-84.0152,-34.2552,-82.4307,-39.3162,-69.7859,-40.1481,-30.8134,20.5223,-102.2247,-105.1066,-86.5012,30.1705,-58.0563,-26.9041,-35.0806,68.0322,-97.1010,-13.5289,-84.3931
-45.2829,-41.8982,-54.0360,-28.5716,-43.8017,-37.0580,-39.4025,12.5501,-93.2945,-88.9993,-54.8494,12.8673,-42.3346,2.8051,-6.7588,35.5686,-65.2690,-23.2447,-53.4857
-58.3461,-42.3303,-45.6479,-21.0182,-15.9742,-18.3255,-14.8337,3.4947,-93.1856,-95.4975,-46.1415,8.3057,-18.4938,16.8181,-14.2276,-10.5273,-38.2341,-10.1415,-39.0895
-84.7516,-31.4492,-43.7316,-23.7640,-20.1272,8.1933,56.3658,-35.6807,-37.3598,-159.0227,-67.8025,-9.4349,4.3212,-13.0723,-13.5038,-75.8265,-5.2525,-6.4562,-19.1032
-74.7509,-33.0864,-35.0690,-28.3890,-24.9508,3.9983,114.3658,-76.4811,38.3167,-161.0364,-69.7331,-37.1303,18.2746,-44.7926,14.3445,-132.0554,39.5941,-36.8480,30.3358
-45.7378,-39.2053,-10.2060,-18.1095,18.3798,-15.1281,121.4059,-66.8861,51.7728,-102.7489,-24.5033,-26.2032,45.4628,-33.1174,38.1068,-150.6245,72.7321,-53.7515,73.6632
-19.5068,-11.6244,32.1286,6.0256,72.9221,-1.1221,90.9614,-63.1885,49.6446,-90.3875,41.2342,18.3523,88.9450,-4.5490,53.2111,-150.9946,101.5647,-29.3974,61.7245
38.8555,39.8333,75.9892,27.4163,92.9952,30.3159,46.9519,-130.7062,91.4595,-134.8740,92.1432,46.3022,112.6069,-7.6124,79.7107,-156.7762,135.0034,1.5254,14.5798
111.7505,61.2897,107.7294,31.2085,96.2511,32.0900,26.5508,-196.8177,124.3029,-189.8688,119.5696,60.2955,101.5640,-21.9995,112.0788,-145.6103,141.8543,19.7100,-7.8509
121.0387,45.6763,130.1336,13.0819,99.2153,8.3280,56.9105,-176.1465,124.9250,-203.2774,138.0297,79.2303,87.5016,-6.7740,136.7906,-98.2037,123.4274,31.8610,7.8404
102.9966,29.8175,142.0365,-9.6904,95.6312,-10.1075,95.0021,-108.6038,139.7956,-134.7058,151.3297,70.8997,96.5282,6.8227,150.7699,-42.4784,127.0178,30.5594,27.7289
162.7809,20.1694,138.9928,-11.0059,89.9778,-11.6454,84.7294,-60.1164,149.3937,-62.4832,140.9818,35.3725,108.9627,-8.9029,146.9998,-3.3398,165.7086,20.4483,40.8519
252.2696,11.4832,135.8579,7.8747,82.5072,3.4813,63.0526,-24.6978,116.6055,-81.1084,112.7367,34.1980,89.1074,-0.8894,132.8095,29.9838,214.1765,18.8973,76.8984
248.8785,17.6057,145.2220,21.8628,70.5987,22.1348,103.1910,24.7851,101.8634,-105.8291,100.6471,56.4576,50.8461,36.9398,141.9445,64.6419,240.3815,13.0192,145.7364
181.2553,19.4054,154.5861,15.3938,74.0142,17.4278,197.1977,82.1491,165.0401,-38.6120,102.4109,25.5657,60.0398,16.8105,197.3753,93.0042,212.4739,-9.0940,203.4860
146.9751,-10.0442,161.7217,-6.7382,102.9817,-16.7034,282.8994,110.7105,266.1489,47.4308,95.8276,-25.6882,134.1883,-56.1137,282.8439,108.2807,158.6908,-30.5570,211.4455
145.7204,-21.0080,179.1696,-21.1113,135.0211,-51.2771,329.3766,82.2702,336.0317,70.4466,105.7050,10.6270,197.1867,-65.5231,348.6994,91.7215,168.5216,-54.7361,196.9017
153.2077,27.8247,192.8755,-10.2395,152.4765,-56.9621,347.8390,27.1282,344.6046,38.9765,149.6364,112.0064,199.6294,-3.3823,355.7327,43.9710,245.9887,-93.2509,202.6448
186.7013,65.0122,192.0714,1.7774,160.5866,-35.0886,364.2860,4.9310,313.3320,-19.1302,182.3532,153.4559,200.2880,29.8441,337.8971,28.5993,293.1319,-114.3268,216.5917
225.8917,37.8226,208.5093,-7.9011,175.5216,-5.6305,387.7655,21.6293,304.3829,-39.6731,187.8855,106.8293,251.8839,20.8215,362.2889,75.3764,292.6961,-93.9062,219.0506
229.0609,16.9123,250.6873,-4.6189,209.9684,21.5571,393.0015,36.6921,339.3739,13.3233,208.9303,50.9939,304.9589,23.6415,409.2309,95.6121,317.5906,-57.2137,234.4653
219.1193,48.1769,268.5338,31.9885,244.3771,41.8697,370.8346,34.6787,373.2983,54.7119,234.4097,32.3615,301.4349,29.7136,407.5777,38.6673,356.7126,-21.8095,270.8723
229.3007,66.4373,243.4936,48.3187,241.3579,40.2142,366.9199,38.9269,394.7852,58.6035,210.5471,22.1005,270.2750,10.5283,372.2341,9.7949,333.9182,11.5563,293.6159
231.2193,31.0816,226.7098,17.9127,211.9046,22.8841,398.9521,73.2379,422.6977,121.1586,161.8195,-14.6187,264.0667,-14.0393,355.2833,69.9668,265.5981,28.8633,300.6467
212.2619,-6.6423,249.9741,-0.2039,210.2579,31.0909,404.2293,125.5145,413.1935,199.8303,155.2995,-58.6216,277.0362,-19.0219,335.6351,106.7723,231.1859,43.3447,326.6617
213.3014,-5.9249,283.1139,30.3924,250.9419,71.2062,355.8020,157.5538,339.3724,156.9196,187.6344,-72.2376,282.7046,-4.7202,303.4246,59.0157,236.8055,90.0583,366.5691
215.6622,0.7821,289.6993,63.6433,288.8695,95.7522,332.3277,173.1242,285.8570,64.9951,208.8216,-76.5030,296.0787,15.8348,313.5532,40.2603,224.5851,145.3513,391.2441
141.0616,-30.7396,263.3620,51.5056,287.3144,91.0145,381.8782,222.7504,317.3514,93.2536,190.1048,-112.2907,334.6685,27.9793,350.4267,120.6354,170.9695,157.6072,402.7744
20.2520,-78.7583,219.7267,12.6119,258.1905,90.9359,419.3582,301.3466,383.1729,226.7063,128.0723,-149.4545,352.7839,39.6850,322.9777,215.7714,110.3794,138.1542,398.2340
-16.5912,-80.4180,177.5643,7.5339,221.6933,102.1090,353.0374,336.6227,423.6147,341.0682,57.2046,-144.5986,295.3993,69.9527,232.6582,252.0302,85.8746,131.3309,350.8716
45.0395,-29.9299,141.6317,56.1867,171.4038,112.2108,226.6944,310.1538,412.6916,366.3781,33.3667,-119.0448,193.9220,102.3150,156.6088,251.4167,95.1266,151.7892,270.1229
85.7413,20.7668,111.4651,104.9987,117.4673,131.9069,150.5802,282.7757,322.9500,327.3349,36.9550,-84.0517,123.2648,113.1925,103.9818,252.4108,90.0001,188.7790,205.2888
49.3595,50.7644,89.5415,117.3540,101.6921,159.2885,158.5694,291.9753,193.7507,324.3229,-16.2673,-21.9893,98.9614,120.0939,56.5367,265.1778,39.1206,208.1671,176.5008
-17.3792,63.2088,60.8030,124.4982,107.0883,171.8015,191.2392,303.8957,117.9183,356.8625,-103.6586,21.6567,87.5278,136.2230,45.6658,268.9079,-32.7934,175.0585,151.5221
-70.5370,45.5071,7.9045,133.3647,57.0988,168.2609,164.3920,262.2854,76.4950,271.2499,-82.9237,0.7361,60.1536,139.5327,61.9445,228.5422,-81.0657,117.0386,92.4658
-83.4670,27.9392,-41.2089,116.5995,-37.3947,153.4133,39.4047,165.4870,-28.6899,82.6812,71.6292,-30.3065,-1.7051,120.7924,24.5230,156.6431,-88.6336,96.2129,5.0217
-43.7164,68.9338,-49.7853,109.0511,-87.2853,128.8413,-123.0618,89.4766,-165.7709,20.5971,203.8063,-35.2053,-81.2151,87.0927,-83.0389,102.8153,-68.7790,114.4099,-72.3189
12.1268,133.1956,-44.9581,142.2558,-94.2095,122.8099,-214.4859,87.1969,-214.0854,100.6557,226.4124,-71.3114,-121.5762,32.5499,-174.9929,73.1389,-49.1706,127.5053,-127.3333
39.0118,132.2721,-67.2525,148.0850,-122.1766,138.2053,-224.6430,104.4298,-181.0959,118.2245,219.2598,-144.7503,-114.0614,-26.1670,-189.0891,57.3076,-62.4977,121.0707,-177.0223
30.6307,74.7183,-94.0409,94.0306,-152.0137,119.3586,-237.2548,83.4963,-168.5688,62.6029,223.4143,-175.6020,-113.8122,-37.2450,-148.5560,77.9067,-122.2076,102.3754,-209.3750
0.0324,34.8148,-94.8359,58.9549,-139.9843,62.7173,-262.6517,62.2186,-180.4286,56.3614,192.5810,-137.0905,-129.9727,8.4802,-103.6160,116.0450,-194.4401,65.4950,-203.2292
-15.4052,30.1960,-82.6530,63.0347,-117.0188,33.6932,-241.9243,77.0379,-146.1868,65.5300,160.3900,-81.9539,-122.0708,48.3620,-83.0882,108.0404,-221.1931,13.3383,-183.3237
23.3748,25.7948,-60.1211,37.0326,-111.9643,27.0567,-197.9796,90.9409,-76.2152,43.0431,197.2955,-66.3824,-93.3043,37.0931,-86.8310,68.2558,-187.8856,-21.6339,-165.2301
74.3057,-2.5584,-13.5702,-14.9548,-100.4352,-9.3424,-186.1489,78.5251,-44.1682,59.2999,250.9046,-100.8753,-63.8091,6.9817,-87.1969,61.6941,-140.8779,-15.7085,-119.4179
71.4047,-37.6037,28.5692,-34.1455,-65.8816,-41.7493,-166.5699,60.5656,-54.1120,106.5754,247.2396,-121.5980,-19.4116,-2.9529,-60.8412,72.5746,-116.5265,1.2490,-52.9921
49.3606,-35.6321,32.4536,-26.6386,-14.7852,-28.5732,-100.1220,46.0683,-46.7887,100.2948,226.7002,-73.8497,30.3723,-20.1853,-29.5424,47.6048,-99.3469,-15.3653,-13.3370
59.6930,1.6273,23.6729,-17.5307,33.2267,-20.1604,-42.3775,30.2704,-15.6071,64.6881,229.3748,-33.1614,50.6643,-72.2489,-34.0785,-4.0084,-82.3149,-44.9562,0.3574
63.0930,13.6204,25.4594,-2.7199,42.7372,-40.3705,-21.7685,17.3241,-1.5856,56.8635,215.0048,-83.3592,53.3570,-108.9965,-66.5086,-44.2419,-98.6137,-34.3799,16.1776
19.4636,-25.2517,4.8540,-3.3644,12.5363,-44.3358,10.0902,5.1182,8.2185,58.5072,161.1393,-150.8288,57.6894,-89.3455,-79.0437,-46.7393,-155.9924,-2.9825,24.4455
-58.2188,-83.0046,-53.9683,-44.8150,-19.7111,-48.8097,54.1023,-6.8386,56.3948,83.4271,87.8900,-152.2322,33.9896,-68.8982,-63.9897,-1.7322,-215.1908,-10.8767,4.3265
-152.5574,-131.8045,-122.3913,-96.5041,-55.2074,-97.1031,51.5594,-4.9395,106.1247,164.1357,7.7103,-146.4478,-28.4063,-98.1181,-65.0901,46.1510,-258.5144,-43.7507,-55.6439
-227.9147,-147.4161,-194.6010,-113.2267,-118.1569,-129.9484,-14.1580,7.6719,71.7288,206.0073,-64.3989,-186.3699,-95.1480,-134.5040,-108.7516,36.3243,-301.2214,-42.8782,-151.5364
-255.0115,-119.6613,-271.9173,-89.8426,-183.3999,-86.2537,-110.2808,5.0598,-54.4577,103.3998,-122.3711,-222.5938,-152.8334,-135.9498,-180.5854,-12.1250,-335.0194,-10.1242,-224.3739
-270.7996,-99.5107,-304.3426,-58.1376,-215.3959,-29.3833,-195.6182,-22.2679,-197.2978,-48.6843,-186.1928,-222.8997,-200.9918,-124.0030,-253.3694,-41.4264,-342.1440,12.2192,-228.4112
-286.1511,-121.2658,-259.9232,-58.5771,-212.9475,-28.1999,-232.2794,-54.7095,-296.6999,-88.0463,-237.8573,-202.8557,-217.4388,-114.0582,-290.0739,-42.6123,-330.7038,11.9989,-218.5923
-243.3853,-126.3974,-193.4845,-86.1014,-173.5075,-50.8273,-212.4001,-69.8256,-339.4902,-33.8035,-220.9165,-160.2370,-197.8153,-92.1125,-259.2996,-30.1521,-288.4138,-4.7361,-223.6714
-160.3333,-78.1044,-150.7769,-87.3369,-105.7098,-57.6421,-164.5502,-69.8718,-327.4923,-9.4798,-142.3751,-96.6556,-164.7289,-60.7244,-188.3976,-26.1223,-183.1245,-41.1097,-174.9139
-107.9564,-27.2946,-104.3884,-49.9215,-55.5390,-58.2936,-113.7638,-75.7994,-271.6237,-47.3300,-76.5157,-34.7352,-132.2449,-32.4862,-146.5970,-68.5801,-56.8762,-84.4805,-87.6550
-63.4587,-6.0703,-52.2389,-22.0750,-46.1866,-54.1179,-63.5222,-84.0781,-199.8014,-112.7101,-74.4735,7.2797,-114.0023,-9.2283,-151.3689,-131.2503,-3.0527,-93.9460,-59.8845
-8.5296,-7.2086,-40.5406,-28.1129,-53.3407,-40.9483,-7.1930,-65.5074,-135.7323,-172.5919,-121.4128,-0.7956,-113.6260,-2.2557,-153.5547,-127.3006,-18.1481,-53.4747,-51.1821
-2.2349,-35.2624,-50.1913,-46.5227,-51.5009,-42.6395,54.1745,-30.2391,-78.2032,-174.7054,-144.5101,-72.6984,-94.3702,-29.7041,-119.7611,-67.8240,-2.9956,-14.2351,21.5651
-17.3845,-56.6884,-12.6115,-49.9992,-22.5617,-61.2475,90.4192,-30.7939,-25.6175,-117.2548,-91.2689,-142.8987,-39.7667,-82.3569,-70.4343,-57.3239,70.6464,-27.8499,62.6419
19.2113,-19.9732,49.6659,-25.9076,29.0156,-60.3574,74.2814,-77.7032,-1.5334,-86.1312,-21.9215,-141.3937,-3.5038,-123.6805,-41.0801,-108.1666,116.3700,-65.5057,-14.7682
36.1457,24.9137,46.7029,-6.2804,45.8979,-49.3414,30.3442,-122.7251,-20.9704,-87.3159,-27.0242,-100.2089,-27.4923,-135.0030,-45.9304,-136.1543,66.8051,-80.6751,-101.8753
-45.4935,-5.6986,-26.1305,-43.3102,-11.1151,-83.9578,-14.6284,-136.0875,-61.1396,-42.2949,-90.1531,-85.8143,-85.5181,-138.4961,-73.2679,-118.7588,-36.5116,-93.9389,-122.8534
-136.7058,-72.3548,-92.8814,-107.7363,-89.2487,-149.5530,-68.4435,-137.8871,-98.0630,-9.6366,-143.8868,-92.6819,-132.9212,-148.4683,-96.5918,-109.7879,-98.6885,-127.2993,-142.3259
-145.9326,-87.9360,-119.7467,-121.7557,-122.3430,-168.8569,-102.0270,-147.0916,-120.0595,-78.2796,-159.0432,-82.8087,-139.4348,-141.0577,-88.6599,-130.4932,-80.1562,-150.0617,-154.0943
-104.6783,-66.1340,-124.0042,-100.8656,-115.8882,-138.6040,-66.8049,-145.9470,-86.4150,-115.0045,-117.2606,-67.7210,-99.4294,-119.0714,-28.4669,-139.6316,-24.5122,-151.7285,-85.2157
-61.9819,-67.1503,-104.8063,-107.3941,-98.0373,-119.6984,2.8695,-120.5245,28.3652,-23.2064,-32.3127,-84.4249,-42.7819,-121.8885,80.9833,-106.9551,28.1041,-147.2684,20.2254
-28.4545,-85.9811,-42.6849,-115.9063,-60.8068,-115.0651,48.9642,-106.7307,137.6995,-3.2914,31.8625,-110.6236,11.8784,-124.3668,184.8261,-72.8128,103.6334,-118.7412,79.3395
24.4337,-77.4158,60.3007,-80.4944,18.8948,-94.1667,91.2528,-137.3438,134.9806,-158.3360,70.6455,-74.6190,79.1528,-64.3227,216.0733,-86.5193,224.8667,-73.8030,118.3858
141.3492,-33.2286,174.8129,-35.1927,132.8437,-71.5815,149.1505,-172.6020,75.8434,-251.4769,135.4297,25.5270,142.8297,16.8660,189.8865,-116.1078,341.2575,-72.8592,179.6166
270.5615,16.8202,260.1381,-17.8877,224.9183,-55.0068,179.6481,-165.5303,90.0294,-165.2104,201.2165,103.0784,164.5535,35.6312,180.6413,-114.0363,394.7206,-112.5706,223.0059
313.1635,51.6154,286.5901,-15.2823,242.2896,-26.7213,158.2156,-139.2976,152.1370,-95.7703,218.6532,115.8702,159.9102,16.0148,188.7364,-105.9782,395.8213,-124.6395,210.0221
305.9979,57.7707,265.0517,-23.3503,203.5459,-17.4236,110.3670,-115.5134,154.0172,-127.1013,218.1028,100.3760,160.9872,10.9401,152.4342,-103.3328,381.6773,-104.0955,185.2307
316.0463,14.1959,241.5834,-47.0981,175.8507,-53.0526,86.0895,-64.6416,139.1308,-126.0731,226.9518,72.7950,168.0582,1.9553,104.2368,-55.4431,369.0393,-86.5904,228.6007
284.7530,-53.8787,251.4206,-57.9382,202.1951,-69.8110,147.4954,9.5174,217.1603,-73.3753,236.2413,31.6557,205.9122,-6.9828,147.3396,28.4651,375.5409,-60.5961,343.7375
218.4522,-66.5133,291.7488,-35.3648,276.5838,-25.8929,275.0009,58.6129,322.9254,-62.3948,262.9897,17.6747,292.4434,28.8264,257.0970,80.3912,406.5941,-20.8638,427.3588
247.5820,-8.8484,328.2631,-4.2204,347.8569,17.6289,332.1287,74.5512,315.3582,-72.2108,284.7456,57.8850,345.2463,83.0949,295.7543,102.5370,415.2797,-7.6028,386.4193
346.9168,44.3584,319.3244,10.6260,344.1281,19.5714,249.4529,71.8003,221.8848,-44.1961,232.8855,122.8034,285.4240,98.5910,236.9157,124.5610,353.8770,-39.2271,238.4390
356.4943,63.1252,253.6596,15.7189,245.1766,6.9183,122.6322,43.3860,159.8213,-10.1035,136.6046,185.7682,178.0236,95.8719,185.3134,123.7476,251.8607,-90.0379,74.6896
272.1501,76.9525,164.6964,22.9063,119.7916,-7.7694,62.0464,17.0298,141.9101,21.2064,66.1945,233.1874,124.7153,118.9425,186.3105,111.7013,168.1406,-123.5166,-7.1953
190.7676,78.0300,92.3799,29.0436,50.1996,-16.7927,90.5010,43.3071,130.3514,93.1172,-7.2205,238.9604,118.6898,157.1210,192.1427,135.8983,108.9777,-124.8941,26.5353
130.6421,58.3018,46.2641,27.6138,34.9265,-0.5015,155.8997,88.8398,122.0163,152.7301,-77.9914,207.0578,102.7590,176.1772,179.9813,158.6172,65.8444,-128.0230,74.8099
103.9988,56.6504,21.0452,24.0670,2.4304,13.8350,145.1662,69.9349,81.2617,93.5878,-50.4630,174.4383,63.3544,155.2238,158.6962,117.1800,56.5398,-154.2734,10.5710
134.1246,73.6688,12.9367,30.1289,-73.1878,1.1870,13.5668,-9.8972,-27.9761,-44.7611,34.7088,145.5210,20.5164,101.2976,114.6876,42.5201,62.9515,-146.1907,-118.4240
161.4226,69.7949,3.9126,43.7349,-127.4386,0.7813,-113.4427,-71.0961,-139.4262,-123.8768,26.6019,105.2488,-13.6309,52.5417,43.6587,-22.2982,23.7494,-82.1761,-174.4304
120.1323,57.7696,-29.4048,47.6905,-127.0523,14.5862,-146.6895,-80.0747,-194.7824,-118.3105,-69.0470,72.5874,-60.4127,33.9421,-35.2030,-84.5329,-68.0645,-48.9036,-163.9973
25.1855,63.7541,-86.4885,35.1506,-136.3713,-2.5481,-178.2446,-68.1939,-250.5344,-98.9159,-149.8881,66.9802,-144.1783,36.4121,-122.4599,-121.8404,-157.5153,-68.0073,-179.8871
-85.8511,60.9007,-148.6060,22.8680,-184.6687,-14.4913,-253.2038,-55.0009,-328.6724,-85.5623,-215.9650,64.2450,-225.3064,47.6292,-213.0727,-101.9395,-218.7707,-45.7876,-221.6107
-170.6504,31.9778,-197.3682,28.0423,-211.1655,24.0275,-276.9939,-28.7916,-357.1635,-73.7001,-285.9068,35.0547,-240.6729,50.5187,-261.5066,-63.2682,-257.9343,30.6897,-243.2009
-192.3895,2.4293,-218.8505,43.2221,-195.4712,51.2904,-244.2832,6.7617,-343.4801,-87.0881,-320.7294,-8.4601,-210.6998,31.3659,-254.7387,-48.4531,-268.7592,89.8899,-243.0279
-191.3308,-11.8817,-216.5428,52.2358,-179.7280,42.8904,-249.4010,36.8863,-367.1802,-98.0552,-329.6200,-34.8465,-206.2804,20.7953,-253.1259,-38.9660,-263.3454,132.5996,-224.7160
-226.3996,-11.5166,-217.0203,59.5137,-176.0996,67.9493,-283.4509,75.6688,-396.6615,-46.3194,-351.4070,-41.9399,-239.0464,42.5283,-299.0701,-23.9177,-271.1241,168.7619,-190.2676
-272.2097,0.5000,-236.2795,73.2519,-187.0855,106.8540,-282.9636,123.5767,-354.7314,30.2807,-366.2478,-48.5785,-273.4952,48.1485,-369.9637,-27.7251,-279.2699,146.1811,-170.4805
-288.8202,13.1464,-259.2699,78.1475,-223.4405,85.7047,-271.4989,127.6460,-290.5587,45.1875,-361.5468,-47.1577,-296.2726,5.7133,-439.1484,-50.6183,-263.4784,83.6424,-185.6193
-282.9725,25.7609,-271.8435,62.2501,-250.0047,51.4464,-287.2154,75.2357,-281.4555,8.9461,-365.7560,-21.2804,-317.0313,-31.6334,-483.1494,-65.3820,-251.2897,62.7852,-222.1080
-269.7331,38.7986,-282.0541,39.8396,-253.1730,56.4119,-315.4623,36.6085,-293.2660,-13.0797,-373.4064,6.6247,-343.6362,-24.3782,-456.6126,-64.4102,-270.9026,68.5381,-263.4456
-285.2097,30.0902,-303.7596,23.3189,-288.7584,45.4258,-342.1059,36.5327,-274.5071,-17.4262,-367.7647,16.5955,-367.0808,2.2437,-366.3028,-63.5677,-294.4380,45.8565,-294.5000
-350.9373,5.6975,-337.7539,16.3294,-344.0833,17.5368,-355.6562,24.3666,-243.1111,-38.0922,-377.6125,27.7129,-364.9343,28.8832,-302.4556,-66.2313,-291.4298,19.4545,-307.7469
-398.4194,7.4340,-361.4146,26.0508,-345.4509,36.2240,-342.4109,1.4851,-217.1098,-63.8538,-415.7538,36.2166,-346.2725,54.7570,-305.6283,-47.8221,-275.3521,14.8901,-315.7655
-390.6908,19.4346,-354.3434,35.4551,-327.4885,57.6575,-322.8378,11.2446,-189.3865,-40.4543,-441.1104,13.7519,-351.3900,63.1715,-310.1313,4.4078,-273.3193,12.6945,-313.6019
-406.7072,-12.2782,-343.4889,11.0613,-348.7161,16.6699,-308.1343,39.1217,-176.8343,44.1432,-427.4848,-16.4852,-371.2007,40.1704,-284.1039,56.2298,-297.8387,16.8015,-276.4254
-446.7232,-65.0163,-365.6688,-29.9967,-346.6967,-26.4097,-263.9274,64.2329,-193.2655,114.7533,-392.8946,-20.1917,-346.7415,-2.9146,-277.8386,70.6772,-341.7825,35.1971,-218.8871
-410.1278,-81.4209,-389.5201,-38.0962,-287.2834,-18.7767,-193.5150,101.0211,-207.8655,108.1843,-356.1026,-26.8538,-272.6596,-34.2670,-296.9937,54.6433,-384.1841,55.6899,-184.5672
-345.2178,-75.0154,-364.8157,-16.1888,-243.2868,-5.9105,-160.6627,118.7599,-205.9543,61.5388,-319.9984,-60.5041,-212.0089,-28.0089,-295.9537,27.3686,-408.7595,87.6651,-189.0310
-374.8440,-80.8753,-320.4054,-4.4388,-229.7691,-11.3447,-184.4131,74.2142,-224.0459,20.3359,-289.3655,-85.7141,-202.1377,-9.7870,-288.9701,-6.3169,-404.6149,116.2424,-222.6780
-429.9599,-84.8814,-302.2253,-14.9532,-208.1112,-18.5003,-213.9888,5.9700,-264.5983,-32.6275,-273.0178,-78.8170,-216.1325,-25.7923,-304.5459,-42.4237,-371.8518,87.6502,-265.2772
-396.5740,-71.3446,-278.6835,-38.7925,-198.0535,-39.3305,-217.8683,-42.3093,-266.1702,-88.8157,-267.2823,-52.4364,-212.9435,-54.6841,-291.7506,-79.0237,-346.0822,32.0415,-287.9621
-335.2380,-65.6414,-217.5667,-67.1096,-196.2414,-73.5403,-214.4995,-85.4975,-209.9259,-94.0328,-254.7734,-22.5364,-189.5045,-51.8419,-211.5151,-100.6274,-356.2342,24.7261,-282.9045
-315.1059,-95.0303,-162.2970,-90.9928,-158.6621,-96.6173,-217.4958,-111.4112,-151.5538,-41.1187,-226.6638,-20.8029,-176.0679,-46.8156,-120.6016,-70.9239,-359.2375,20.1931,-258.2452
-302.4498,-139.6201,-153.1044,-109.1429,-120.9882,-113.7467,-201.9991,-93.5377,-118.2291,22.2050,-189.9324,-67.6623,-177.3932,-73.8354,-70.9864,-11.8341,-308.7558,-39.3560,-206.8623
-303.6155,-149.6582,-169.9920,-112.7908,-125.5023,-127.2608,-145.6314,-75.7686,-93.2024,39.8313,-162.0866,-118.8422,-159.8262,-92.7223,-40.6110,-10.6981,-251.8907,-66.4457,-146.1523
-342.1909,-123.8879,-183.3105,-90.7465,-120.1706,-117.7594,-77.6738,-91.3353,-81.7468,-18.0192,-167.3246,-125.0422,-123.3643,-76.9506,-2.5469,-66.4515,-249.4912,-17.7585,-121.3765
-350.4734,-121.2252,-182.1977,-83.5385,-82.9870,-107.6292,-33.5138,-98.0850,-70.0604,-94.1385,-189.3379,-101.4836,-106.1594,-62.3016,35.5796,-75.6710,-269.9704,-15.7880,-114.1360
-295.8089,-161.5968,-160.5564,-135.7558,-61.1688,-130.7877,5.6318,-88.5420,-13.0344,-101.4520,-151.3958,-82.0979,-96.5507,-66.2222,54.0980,-27.5458,-254.4742,-98.2939,-69.1235
-247.1171,-195.6329,-121.0469,-187.1594,-50.0885,-157.9449,50.4143,-103.4617,46.7504,-78.9349,-35.3275,-81.6378,-50.0658,-67.4196,40.9282,-15.1783,-198.4682,-135.1447,-9.1736
-211.7745,-194.2609,-73.3010,-161.9285,-20.4914,-153.3690,53.9484,-122.8593,18.5387,-117.8786,56.1928,-107.4270,11.9304,-55.3138,24.9649,-42.8726,-122.1935,-87.2438,17.3622
-131.3213,-175.3380,-30.6361,-112.1927,12.1509,-129.8602,6.9851,-111.1996,-50.1625,-171.8548,66.5901,-135.7385,38.9590,-38.6728,60.4511,-34.4335,-44.3527,-52.7291,36.1906
-38.9237,-152.0962,-16.9839,-106.3551,52.3251,-97.7479,-22.6171,-100.9832,-42.2158,-146.1820,73.0801,-120.9049,50.4885,-35.2237,137.0463,-1.6377,12.0651,-54.3052,78.3604
-5.2727,-125.5379,-27.2409,-99.9107,116.1795,-57.3642,-4.1573,-105.7525,22.6756,-75.9284,114.9415,-67.1589,92.3238,-49.6873,182.7411,-16.9909,43.7754,-31.6992,119.5687
4.1950,-92.6834,-7.5438,-54.4176,168.7905,-28.2640,23.1621,-84.4496,57.0213,-59.0059,131.2542,-27.4617,151.0478,-52.3637,171.8376,-71.1238,75.2886,19.7652,146.1413
54.6331,-52.7807,58.3607,-16.4232,194.0339,-11.1330,47.3567,-51.3103,59.6603,-119.3963,114.0260,-34.8622,187.2678,-32.2320,142.9442,-96.2633,118.9979,73.6768,175.2001
122.4514,-38.8740,119.1443,-8.1764,222.9761,15.8894,94.0372,-58.3347,61.7392,-193.0161,120.0187,-81.2095,197.3152,-28.6375,134.9695,-82.4848,159.9315,133.1572,220.8923
163.6912,-79.1366,160.8005,-2.3160,257.4134,40.8875,159.1029,-79.8914,75.1438,-199.0434,155.6137,-132.4644,208.3926,-44.9556,167.3535,-75.0568,191.7582,184.5540,297.9962
203.8110,-122.3755,227.8418,5.8242,294.8502,42.5107,217.1617,-66.7480,122.6138,-142.4140,199.3195,-154.0505,248.1799,-33.8947,228.5483,-85.3302,236.5250,195.0163,390.6652
279.4229,-107.5116,320.2054,13.9207,359.3467,38.8165,262.7904,-40.0631,188.9089,-88.1137,249.9110,-144.2588,312.2675,-8.3653,274.3104,-75.1032,307.7936,169.8071,438.4045
366.9454,-66.1282,388.9128,26.3769,423.0394,37.6842,302.1305,-20.3491,224.7489,-28.4802,292.7157,-123.5719,354.2730,-27.0642,293.2427,-24.7336,375.9320,134.0657,430.9263
431.4734,-57.2042,423.7288,15.2254,428.6264,10.0485,327.7001,13.3523,248.3451,47.5719,328.3354,-102.4781,344.9516,-73.3637,323.6544,35.7699,414.4004,88.2584,423.4347
492.6312,-74.7521,451.7472,-31.0327,395.3886,-38.0994,324.6301,37.2510,296.8573,42.0564,397.4790,-87.4051,328.5396,-83.7451,376.5035,62.8876,451.9289,29.4458,424.1203
573.4879,-78.6115,486.2504,-58.3615,380.9470,-57.3547,311.9066,4.8613,332.2795,-63.6594,491.0591,-76.2214,367.0703,-55.6004,427.9160,36.9821,505.0809,-25.7352,404.4869
632.8015,-51.9128,519.6482,-39.5333,398.5916,-42.5786,345.4445,-45.1477,341.1157,-124.6615,547.3140,-46.0914,452.0197,-28.6182,480.9647,-11.7237,524.6378,-60.9232,392.7281
635.6089,-21.2678,529.4449,-28.0713,429.2463,-38.4217,434.8690,-49.0290,387.3032,-103.5002,566.3284,1.1509,526.5674,-14.6726,558.0607,-16.4421,500.4336,-74.6826,418.3780
625.4205,-25.6115,510.9541,-57.3043,444.2930,-53.1207,513.5712,-30.8239,479.9206,-101.7981,588.5327,29.3393,563.3981,-0.2072,656.0964,32.5870,508.3568,-77.8061,448.8206
632.1439,-39.9864,508.5884,-83.3822,443.1345,-53.7712,544.9027,-33.0224,557.6794,-102.9011,601.5717,39.8824,572.1387,19.3709,734.2632,61.1189,570.1418,-85.1707,470.2261
607.1157,-9.9954,547.5452,-65.9151,475.1220,-43.0626,558.1993,-32.8640,595.2263,-25.5318,585.9628,59.2890,566.0527,25.5929,735.0170,40.7856,604.7953,-96.6485,501.5670
538.8685,26.1671,577.0735,-29.2058,539.6165,-52.9774,552.4431,-12.6984,594.4746,88.3992,564.2193,62.1348,557.9301,0.1944,657.9327,25.0142,572.2097,-89.9845,513.6863
503.9982,1.0809,562.4017,-15.8653,562.6151,-69.9710,511.9777,-0.7919,563.0743,161.6777,544.0425,19.6737,555.4371,-38.0612,587.2974,15.4849,524.6711,-44.6974,478.2670
530.8715,-40.3153,547.2942,-22.7274,546.7614,-54.9404,489.8523,-8.4045,542.5049,158.8044,510.9668,-31.0943,544.6407,-58.6056,570.2733,-33.3717,504.0620,29.2797,442.9110
559.3785,-33.3177,555.9953,-16.6854,553.5770,-19.2769,510.7008,-25.9375,544.1525,64.3881,479.0174,-58.3560,512.7896,-70.7178,553.6909,-91.0417,506.3895,88.0068,440.8857
557.3402,-12.1040,545.7019,3.7982,541.2604,1.2479,492.8868,-61.0429,521.1154,-42.9254,466.9431,-77.2745,478.4266,-90.6165,505.8978,-109.3701,521.6985,88.7480,424.6209
524.9644,-4.9306,495.0729,12.4576,453.4858,8.9985,410.8446,-107.8491,475.0538,-63.0522,455.1483,-76.1912,463.0214,-90.0123,461.7591,-112.8364,533.7703,39.8022,364.3623
440.1684,21.4611,429.9070,10.8761,367.9957,15.9946,363.0124,-130.5089,451.0675,-41.1982,418.5357,-26.5217,457.2381,-47.4911,432.2257,-106.2891,522.6948,-7.7672,301.1827
334.8055,58.2792,368.8932,21.6534,351.7056,14.0522,376.7165,-115.1849,427.7757,-31.4816,368.7166,31.3950,436.3092,-4.5679,407.0952,-59.8389,495.4670,-27.7121,263.5816
292.7366,67.1342,323.1820,42.2174,342.5521,10.0183,359.3596,-87.1128,368.8136,7.7500,335.9345,39.4435,385.3627,0.7411,386.3276,-25.2196,478.6146,-36.2831,232.7189
286.1956,68.3190,305.2393,55.9825,294.8248,19.2576,291.2356,-73.1445,306.5944,28.0736,321.1584,25.1641,316.8825,2.6382,331.0229,-65.5923,476.6039,-44.1694,197.5475
214.8688,88.8270,297.5943,61.5737,242.7473,27.2547,242.9702,-76.3768,260.3861,-43.1985,288.3446,41.9855,265.4706,37.8535,209.6336,-118.6496,460.2280,-51.2120,166.1240
123.4194,101.7950,260.2318,61.9272,194.4415,22.9650,209.4913,-75.9029,192.8527,-95.6675,220.9043,67.8552,230.7374,67.4867,84.8049,-104.4793,406.3102,-72.5828,130.7717
119.7353,81.7714,179.3142,53.1265,122.1420,23.8441,129.8668,-54.2617,92.2013,-66.8879,151.3671,61.0473,164.1289,47.5330,21.7821,-55.4788,330.2072,-106.8797,74.1483
135.0755,44.1349,80.7517,31.5695,26.4027,25.2324,28.8508,-24.5727,-6.3731,-91.2208,108.7441,39.3263,65.1628,9.7288,3.6672,-30.7106,252.3381,-115.7387,6.1148
48.8501,20.9845,1.1996,1.6574,-64.1604,3.5315,-23.7535,-4.3873,-64.7609,-168.3824,87.0639,25.1618,-0.0058,-6.9780,4.9087,-29.5619,163.6752,-89.1927,-45.6231
-75.3088,30.0501,-48.4119,-17.8269,-121.7044,-20.8778,-45.4293,6.6806,-75.3751,-145.0326,73.0251,10.4970,-26.0743,-18.9536,-2.5932,-29.2832,68.3942,-71.6465,-88.8031
-125.3630,53.7866,-90.1151,-12.8033,-150.0791,-15.4518,-107.6012,-0.2789,-88.7560,-64.4763,49.1521,20.0024,-76.9710,-32.5702,-80.5678,-22.2796,2.2509,-80.4983,-157.7552
-133.3195,63.2613,-136.0071,-4.2599,-187.1770,-4.9710,-203.7824,-30.2993,-157.5797,-57.1802,-7.0675,74.3977,-151.3408,-29.4250,-214.5303,-23.5473,-41.0378,-74.3112,-233.6686
-165.3803,57.7479,-171.7594,-16.3059,-248.8454,-19.7628,-254.8114,-49.5681,-237.3893,-64.8662,-88.6853,99.3450,-202.0341,-28.7957,-303.0468,-53.7436,-110.4261,-38.1183,-252.3316
-219.0133,42.6614,-205.7101,-28.1484,-318.5130,-30.5179,-240.8518,-40.5952,-251.8270,-20.1189,-169.8415,40.6831,-249.4265,-40.5186,-327.6842,-93.7174,-199.6130,-23.7094,-224.4945
-290.9199,13.1499,-259.2375,-18.1376,-392.6418,-17.6555,-238.4887,-41.7520,-225.7514,14.4682,-249.3262,-6.5966,-321.8855,-18.3438,-349.5659,-99.5130,-261.1179,-67.6185,-243.9020
-358.9353,-10.5330,-304.3013,-14.4611,-455.1815,-24.7664,-301.1364,-64.8091,-227.6488,27.6882,-329.3537,33.8376,-376.4850,30.5124,-364.1703,-65.2067,-298.1873,-125.1270,-331.1397
-355.3674,-3.6726,-309.7774,-38.2978,-463.8286,-64.9407,-381.8371,-64.0286,-255.4972,64.0354,-393.9099,73.9943,-391.2549,28.8093,-338.5513,-22.7770,-337.3344,-124.2727,-396.5659
-310.5472,13.5151,-312.9964,-53.6556,-433.3475,-71.9765,-416.1255,-26.3260,-279.5990,90.0735,-442.1150,42.3434,-411.0965,-15.4074,-309.2350,-8.3456,-365.5530,-61.4216,-394.2536
-348.8113,15.4404,-347.5267,-26.5955,-424.6831,-20.0165,-410.0942,10.1049,-308.2195,73.2182,-477.3220,3.0142,-449.0906,-25.6945,-337.5879,-32.6754,-366.2680,-5.3291,-375.0854
-445.1523,12.6339,-378.9681,19.8566,-440.2704,18.6797,-408.4322,28.1492,-357.0269,63.5110,-479.7473,-4.8128,-470.6201,-18.7381,-441.4435,-52.0704,-352.3770,-2.9511,-374.9569
-440.0372,15.3383,-387.3954,41.7805,-454.5507,3.0902,-429.3922,40.9844,-411.1367,104.1472,-452.9727,-24.5607,-470.7405,-54.0072,-562.6860,-31.9690,-344.7923,-22.4417,-375.5799
-338.4999,13.8192,-402.5601,24.4929,-478.8640,-14.6466,-454.4155,56.5818,-435.3151,162.9961,-435.6092,-62.4210,-468.9873,-105.9139,-592.7823,-22.1303,-370.6393,-15.1528,-366.5651
-309.9340,-4.4309,-425.1533,-13.7878,-501.8802,-7.7076,-457.6919,75.1030,-420.6399,169.8446,-435.6302,-93.0125,-467.1501,-136.3718,-520.7839,-46.5051,-442.7173,10.5974,-356.8123
-387.5282,-45.8320,-432.0108,-42.6355,-491.0691,-17.3907,-435.0764,90.8970,-402.1808,115.7211,-431.5134,-124.6366,-458.1386,-161.8573,-463.7221,-26.2109,-514.1951,19.9947,-349.6966
-441.3104,-91.2309,-431.2122,-47.7024,-475.9687,-52.2571,-400.4485,98.3572,-391.4992,90.1626,-422.7208,-152.4910,-435.6455,-176.8344,-459.1237,51.1868,-530.4095,12.1242,-344.1916
-423.3108,-102.6542,-421.2113,-47.1801,-485.5451,-75.7204,-361.9172,110.6292,-353.5536,142.9278,-415.0856,-147.9675,-400.3468,-152.6952,-432.2146,82.6666,-510.9267,2.2422,-326.2756
-406.0135,-77.5959,-382.5335,-64.3187,-464.8999,-83.2663,-323.3236,141.3354,-300.1429,207.6362,-406.3744,-120.7797,-371.6350,-108.3988,-395.8563,55.5799,-500.9726,-15.4955,-281.7401
-419.3209,-50.3976,-347.9737,-87.7157,-387.4646,-88.6258,-297.7647,171.7916,-288.0695,240.3170,-405.5396,-100.1954,-356.8618,-72.7585,-414.1533,56.7342,-495.0894,-46.4042,-240.7068
-419.9200,-41.7956,-358.3293,-88.6712,-324.2683,-81.3265,-289.9472,172.1522,-300.7985,249.1081,-409.4550,-87.7235,-327.6069,-36.3519,-430.8019,87.8714,-472.3872,-71.5087,-237.4614
-385.9199,-53.3147,-366.7226,-69.8151,-307.4137,-59.8149,-280.0580,139.9818,-278.7301,194.5968,-396.0056,-78.2801,-267.0604,-3.7774,-375.4772,94.5076,-438.3349,-72.2260,-237.7494
-339.8116,-73.7111,-316.8314,-53.3074,-277.4722,-37.2248,-243.8129,99.0329,-222.6483,81.1451,-364.8522,-75.0626,-196.5747,-10.4727,-291.0647,71.8704,-390.5622,-48.9526,-197.4329
-297.6168,-70.3536,-246.8798,-31.0066,-209.7234,-3.1995,-174.1120,74.6655,-145.0454,22.9596,-319.8826,-76.9016,-138.0043,-55.2707,-215.8812,21.9630,-313.6707,-5.5330,-143.3092
-246.1907,-20.2951,-203.3432,20.7052,-146.3179,50.9721,-90.4378,71.6610,-46.7688,50.5235,-254.7212,-79.0386,-105.0607,-86.4727,-139.0406,-38.2028,-226.3019,53.6201,-113.4276
-174.8037,61.6340,-161.1221,89.4873,-100.3626,102.6750,-28.5662,72.8360,14.8047,62.9131,-207.8247,-70.1238,-111.1159,-75.5341,-89.5977,-50.2458,-168.0448,108.6466,-91.3702
-115.7835,135.1737,-106.1929,139.1039,-55.6723,137.5120,-0.0196,61.9486,8.6337,31.2157,-220.5890,-44.2805,-138.3393,-53.3511,-94.1427,-27.8230,-141.5990,134.7245,-59.4547
-113.3636,153.8556,-76.6322,156.0899,-37.7217,161.0767,9.4122,38.6761,10.7308,19.0011,-244.9088,-20.4988,-150.3605,-45.2041,-120.3875,-42.6965,-119.3484,132.4419,-41.8533
-137.2859,122.2346,-86.0033,154.6514,-70.9698,166.3403,-6.7718,14.0648,46.4503,30.5436,-231.1830,-8.5517,-154.3383,-25.9053,-139.3221,-66.8853,-88.1054,128.9052,-61.4594
-113.3475,116.6338,-101.0703,153.5079,-110.8501,150.0463,-57.4279,-5.5510,37.2911,2.5044,-213.3538,10.4855,-179.4373,12.2871,-134.6234,-52.6110,-46.8271,136.0525,-102.8053
-59.0934,155.3661,-95.8749,157.0644,-116.4361,137.8199,-104.7977,-36.5004,-6.9426,-89.1596,-192.1074,37.2959,-204.2287,30.8624,-92.8937,-61.8791,8.7318,126.9473,-126.2395
-55.5917,154.0744,-70.9708,153.5574,-113.7180,146.6613,-110.2214,-86.8431,3.7312,-162.7936,-120.8832,53.4935,-184.7679,32.1335,-54.9687,-103.4355,62.1875,85.2979,-105.5634
-75.1845,103.6651,-37.4465,140.1248,-105.0665,154.1187,-79.4387,-107.2181,51.0668,-115.7925,-43.2714,63.3579,-126.0253,57.0746,-47.0527,-68.8927,84.3338,46.1838,-47.7315
-6.8365,88.4770,-2.1803,125.8228,-33.4979,126.6254,-18.7570,-62.8930,69.3938,-8.8875,-8.1951,80.2159,-54.1381,87.2968,6.0579,38.4796,93.8385,26.9222,22.5691
141.3398,91.2173,47.4355,90.5376,94.5797,55.6675,57.4689,-36.6120,78.6738,-1.6493,55.2079,122.0408,33.8266,89.7929,131.6991,94.5809,141.1892,-27.4518,72.9850
234.9319,35.7398,119.1931,1.5865,191.2986,-36.0753,98.8863,-115.9436,108.0434,-88.0471,153.8894,215.1765,131.8596,97.4113,225.0161,85.5688,213.6746,-138.2197,86.1110
204.3274,-46.3446,175.2458,-112.8178,225.0383,-115.9824,118.1309,-227.8939,163.2478,-153.6631,160.2775,315.5668,202.1092,114.4078,255.5631,87.9043,239.4379,-215.8607,110.4797
115.3957,-113.7224,182.5395,-188.4776,240.1443,-166.8659,201.3256,-252.8926,273.8099,-198.1333,87.0121,319.2495,241.5318,83.1938,319.8734,106.3792,204.5377,-199.5253,206.0343
80.6368,-189.0579,187.1619,-212.0780,270.9142,-185.0058,328.4789,-211.5881,402.0712,-228.6168,104.0159,234.8633,299.4712,23.5253,427.8298,112.1598,183.0020,-159.3070,322.7107
156.0741,-227.0415,251.1881,-203.0701,338.6496,-172.0725,394.8880,-180.6116,445.0028,-170.0472,221.9267,182.0871,391.1008,10.1373,503.0511,110.9005,220.5168,-155.0194,381.4689
281.1850,-174.0625,346.1145,-163.9093,441.1820,-143.3439,431.6295,-148.9537,427.3973,-65.3502,304.5104,192.6986,472.5047,22.5641,553.1078,98.8680,269.7845,-140.3713,431.7611
349.8214,-115.5661,402.5344,-114.1546,511.8593,-116.1945,531.8075,-86.9669,459.7264,-48.5637,340.4450,204.1829,521.2063,15.8255,608.1324,67.4764,289.0514,-86.7611,532.2192
366.0304,-114.3784,427.2730,-89.1978,517.0146,-88.5442,632.4672,-27.7833,520.2690,-95.5157,401.6185,197.1329,558.4622,29.9197,621.8849,37.1924,320.7398,-38.1191,608.0073
419.0561,-87.4968,470.9930,-70.8164,539.5118,-51.5929,650.8448,5.6681,537.6316,-85.6589,467.9861,178.5361,594.6591,74.1433,586.6981,22.1188,399.2523,-5.2840,616.5079
511.1893,-4.0647,525.0361,-15.0467,629.5938,-3.8014,661.0574,43.9107,545.4241,0.9789,497.1526,139.4820,623.0944,85.0830,564.4429,16.8045,467.6964,36.6853,630.4432
566.2802,51.2572,550.5460,56.7627,700.5419,51.5281,702.9919,99.9932,549.0333,88.2211,511.0629,108.0545,642.0128,76.3389,548.4901,26.1757,475.7528,64.0249,647.9172
561.7784,51.2727,557.0261,87.6636,684.5742,90.7302,673.2795,142.4758,478.2278,73.3953,527.0894,117.7516,640.4655,120.2326,483.9527,54.9099,454.0722,52.4125,595.4732
510.7027,37.8927,565.0689,75.7347,629.0391,84.3103,552.7686,153.7478,371.1865,-36.7179,524.5072,140.1487,602.7365,187.1395,389.5324,86.2676,416.1604,41.2127,503.9500
419.6778,34.1668,551.7089,63.6811,580.0171,55.0256,461.4200,147.3952,337.5632,-45.9982,483.9343,146.6608,537.7416,196.2839,309.3209,96.2268,335.8584,52.6627,436.9949
347.1877,61.2963,503.5523,70.7697,530.2022,51.6657,440.7778,127.5552,359.6925,127.0395,414.8355,153.1549,466.1732,161.4558,244.8180,76.3195,260.3691,48.7254,383.2242
353.0969,119.0059,454.3256,81.5803,484.3913,65.7871,428.2698,92.8346,362.2824,256.2917,371.7632,159.1025,399.3546,144.8651,212.7199,46.8527,270.1196,22.1501,356.9640
392.3490,156.6489,424.4898,84.7796,458.8367,68.7179,407.9664,70.5472,359.9603,216.3708,405.5588,138.3783,355.4609,153.6476,229.7872,39.6418,338.8130,18.1751,388.6044
400.8690,155.8760,406.2943,91.7913,445.2343,82.9356,400.3200,83.4008,370.7171,176.2256,477.8711,94.4600,352.4841,164.7275,239.3929,59.6968,386.9630,47.7052,415.2262
398.1089,146.5173,407.5925,111.3915,428.4510,119.4720,386.4554,108.5753,348.0841,181.8179,508.1947,69.7685,373.1250,179.3178,199.7747,90.1215,396.5073,77.3251,393.2302
400.6243,133.5625,417.7902,129.3274,399.4786,136.8506,359.1301,128.0775,289.1197,96.7571,480.0745,95.8574,377.5208,210.8426,175.0531,121.5344,368.1978,96.3321,385.3790
368.5195,122.4603,383.0432,133.2386,353.9798,131.6225,355.1601,165.2783,256.0735,-10.3473,417.8047,135.8548,351.3561,251.0103,212.5890,146.5888,296.7450,117.3923,408.7311
292.9946,138.3041,300.5041,131.8132,311.9956,145.1550,378.6343,224.0147,260.6319,33.0400,339.2538,128.1820,317.3199,266.4942,256.3399,159.0282,228.3371,131.1844,403.0580
219.5841,156.8883,242.5772,126.9615,298.3900,157.6724,373.2119,262.2282,239.9007,155.3239,278.2910,108.5338,296.2289,239.9795,267.1497,165.7189,206.2491,114.9953,359.6982
182.9994,137.6186,226.0654,103.6661,293.2971,118.6006,312.7689,253.7073,167.1867,198.2050,252.0388,159.1977,276.5435,205.1292,274.9224,166.2088,197.7900,77.3779,306.9586
173.1383,104.0124,187.7770,69.1935,266.8529,63.5320,259.8565,217.3929,109.9025,179.9579,218.3452,237.3576,249.1789,201.8188,278.5388,155.5131,169.2332,61.3219,255.6164
140.3966,90.4793,120.9145,60.3247,240.4039,62.8796,266.3011,184.1036,118.0865,182.1010,148.0969,245.1432,236.7801,211.4727,241.4441,156.6279,135.0168,88.0823,221.1330
65.1083,92.5744,80.5356,87.7369,229.4281,98.2071,263.8124,160.1241,119.8858,201.9458,76.1447,207.3668,231.9684,192.1396,171.8487,180.4378,99.2655,116.7948,177.8260
10.9943,99.1895,56.6767,108.4442,175.7416,100.9955,163.9585,119.9444,40.7720,199.2820,35.4616,183.3784,174.9141,151.6609,102.7514,185.0681,51.0394,99.9739,65.7021
3.2747,88.6268,-4.7059,85.8085,42.9129,64.5798,18.8559,59.7213,-52.8763,172.1251,18.0543,149.6772,63.6963,123.6974,46.1112,151.4615,-3.1519,62.3728,-65.5779
-50.3270,50.7139,-84.9392,49.6115,-83.2700,40.3554,-54.6654,36.8625,-75.8371,159.1764,3.5516,109.2687,-22.0340,107.8123,9.2800,124.6688,-61.0058,63.6473,-96.8917
-169.7265,37.1035,-124.0650,47.4904,-114.1033,58.3427,-53.8343,83.8330,-75.4538,165.9329,-28.8079,115.1487,-61.8177,95.4300,-20.3327,126.3557,-122.0541,102.6150,-41.8820
-216.5509,73.5898,-131.4458,65.4573,-103.3584,95.4464,-58.5177,143.8356,-118.7342,151.7335,-92.0710,145.6557,-114.7968,105.9537,-87.4898,128.7639,-167.0348,128.6613,-13.4223
-145.6842,90.3468,-169.6620,64.2294,-147.5281,109.6188,-95.8893,168.4418,-174.8031,135.6715,-181.3593,148.0190,-193.2999,137.8176,-192.1596,128.7763,-202.2424,120.6191,-55.7315
-111.4481,58.0083,-255.9571,53.5756,-235.4547,88.6183,-146.5129,169.7471,-201.6389,162.0216,-283.0719,137.4819,-265.1550,145.4816,-266.4302,139.0454,-266.5320,91.5392,-146.0974
-211.7561,42.7327,-343.9009,53.9156,-311.5523,57.4907,-206.4629,143.3194,-200.8629,169.9134,-366.9922,127.7319,-330.1692,110.0097,-277.6513,131.5036,-358.2175,53.4521,-254.8019
-356.4181,56.7807,-392.3676,45.3143,-380.8975,39.7663,-278.9319,83.1429,-176.7318,124.7422,-400.7034,100.6309,-388.6249,63.5052,-269.8473,87.6091,-434.8501,19.4575,-354.4716
-443.4631,44.6903,-414.3839,22.1389,-456.6642,35.3326,-356.8212,42.6341,-151.8520,149.3400,-408.7911,78.4662,-427.4835,32.2441,-280.1857,57.9703,-478.1848,1.2718,-438.0374
-478.3118,13.7965,-443.3197,16.1763,-506.8258,37.2955,-427.3568,50.8074,-163.9686,289.1408,-442.0448,83.3877,-467.5231,22.9490,-294.3879,89.9454,-499.1091,-2.9997,-506.6597
-497.0665,6.0983,-477.0861,28.8216,-521.9228,39.2225,-486.4927,59.2790,-205.1254,385.0856,-488.0600,78.9614,-528.5680,36.6207,-299.7782,144.9600,-512.7775,12.0664,-554.3544
-493.0114,11.9736,-498.3943,34.5510,-548.7593,35.3453,-555.7734,44.2446,-251.1902,343.2373,-517.2549,49.5874,-594.7880,49.9854,-325.2058,160.0647,-528.2260,59.6077,-597.7608
-457.5438,25.6026,-520.5381,45.7033,-612.9029,42.0125,-641.9252,36.2581,-321.0133,251.3371,-558.0123,36.4480,-665.2791,43.3454,-401.6735,139.5612,-533.7661,118.9929,-641.7607
-437.4497,73.2630,-559.1660,83.9025,-673.6028,85.6064,-695.1278,45.3660,-428.3430,177.7687,-623.9617,53.2956,-740.5173,44.5115,-507.7767,112.2927,-514.6536,151.5475,-646.1448
-482.6799,130.1151,-598.1100,126.2054,-691.5809,144.6953,-694.3621,60.8873,-537.6599,103.2580,-676.6692,57.5332,-778.9916,69.4791,-589.7642,70.5422,-493.0495,160.2479,-625.0436
-569.3413,128.1461,-625.5765,141.2533,-690.6450,164.2890,-703.4377,79.9281,-597.0621,29.0282,-712.3905,17.0350,-764.6784,82.5028,-619.8711,29.7533,-504.4781,171.0332,-644.0496
-644.6141,71.5935,-650.9136,126.2691,-699.9608,144.2905,-734.7958,94.9044,-572.4977,-0.3551,-749.3010,-36.2980,-733.1022,75.8779,-596.3101,41.5274,-544.7162,180.2563,-665.5146
-686.2742,42.5070,-663.7025,94.2583,-689.9841,134.2666,-705.7384,104.9349,-488.5903,38.8977,-756.7280,-46.0972,-695.4506,76.0993,-532.6631,81.8854,-579.6546,176.3686,-615.6745
-676.6341,74.6364,-646.1813,75.5759,-639.9590,143.7529,-619.1920,114.6656,-427.0674,104.3386,-721.9386,-26.4599,-648.6108,64.0013,-485.2935,70.9957,-586.2484,170.1351,-554.3970
-623.8177,110.6071,-619.1921,98.0472,-592.6567,145.3619,-573.3528,106.8424,-421.7867,131.2093,-688.3129,-38.9102,-611.8346,22.3438,-504.1893,19.2465,-571.0749,169.6591,-554.9706
-586.3386,110.7251,-598.3148,133.4307,-571.7324,138.4438,-570.8344,71.4093,-436.9529,118.5054,-656.6169,-64.1656,-578.4157,-4.0532,-544.8445,-16.3748,-559.0871,170.6916,-578.1175
-565.4573,110.5238,-556.2592,135.5468,-550.9924,135.6153,-554.6422,23.4740,-469.2048,89.2800,-591.6625,-38.6931,-540.0881,-2.9445,-538.0390,-53.6474,-554.5540,175.9075,-601.2906
-504.5949,128.2052,-497.1962,126.2195,-537.3329,135.8722,-551.3311,-33.3944,-520.1885,23.5592,-533.6949,2.4941,-539.0985,-15.7280,-501.6845,-99.6936,-537.5597,182.7355,-645.6099
-449.2187,122.9896,-472.3250,141.9121,-553.4164,144.3242,-574.3478,-85.3084,-519.7027,-57.6519,-544.9293,-3.8672,-572.3046,-26.9435,-476.2210,-98.1185,-506.2849,165.4974,-667.1824
-465.6521,89.2232,-475.4569,142.3402,-562.7589,153.1480,-566.8542,-96.2551,-448.6635,-82.6518,-572.0703,-20.6403,-566.8296,-5.6675,-456.2025,-68.9001,-467.3703,104.5568,-631.5110
-460.7424,77.3832,-444.5974,93.2268,-533.3041,125.7405,-552.3721,-83.6928,-412.7670,-60.3610,-504.9126,-10.6928,-523.4911,-3.5794,-456.4163,-88.4884,-407.2649,24.0478,-589.3395
-361.3889,97.6405,-383.4791,57.5962,-491.7917,68.2088,-587.3776,-86.7287,-454.9723,-30.6199,-352.3577,-17.3444,-493.0159,-43.5836,-490.7534,-116.7508,-336.4766,-26.9573,-563.7996
-279.2250,105.5040,-353.1156,77.3998,-454.5239,39.9729,-587.9769,-67.9028,-475.1538,32.8149,-246.1273,-46.4262,-444.8127,-47.6965,-481.3580,-70.5323,-302.3008,-40.5707,-528.5769
-278.8458,81.8617,-362.4751,80.0198,-424.9000,44.9029,-483.9543,-4.3185,-411.9869,91.1417,-246.8715,-42.7318,-359.2360,5.4643,-363.2122,9.7786,-308.7430,-66.0774,-487.2107
-273.8280,53.9576,-379.0439,23.0746,-425.5911,26.3644,-386.6671,32.4049,-319.7468,48.4333,-252.0721,-6.5820,-306.2561,37.6824,-215.9229,50.8543,-305.5346,-124.8922,-436.7693
-233.7932,47.6787,-388.2495,-15.4254,-428.4559,-16.7564,-374.7264,16.0341,-255.5415,-29.6961,-179.8579,15.2851,-300.3806,29.0252,-143.4898,60.3744,-267.0230,-160.1609,-361.5980
-191.7298,54.0127,-371.4365,8.9787,-374.6505,-31.2038,-365.0424,0.9054,-226.4343,-26.5572,-109.9374,16.3591,-279.5941,29.6467,-131.1864,52.8155,-201.5010,-125.1045,-295.0332
-132.5793,47.6159,-304.5359,32.2537,-293.4975,-4.9149,-310.6614,-14.4128,-214.6009,-18.4785,-107.4952,12.8060,-240.3108,38.4587,-112.6566,23.2130,-120.0322,-49.8372,-249.1694
-79.1502,36.6559,-201.7396,23.5536,-233.5186,32.0519,-249.3587,-52.1985,-187.1996,-92.9673,-87.0831,1.8463,-202.0402,20.9505,-69.4698,1.9322,-45.2981,24.7518,-169.0908
-62.1864,55.7632,-98.7908,30.6069,-152.9071,58.7023,-175.7134,-69.2857,-123.9565,-151.6060,7.6333,-18.6807,-140.8603,-10.9904,-30.6531,6.3012,12.0658,88.9741,-56.4817
13.0095,94.7720,-12.5225,66.0694,-36.4138,69.2543,-92.1845,-60.9858,-52.2673,-118.1172,100.1706,-31.9876,-74.8562,-23.8697,-28.5579,0.1902,79.2140,124.5204,15.3048
187.6990,102.7194,55.3085,92.0541,45.9889,71.0948,-55.4077,-80.4657,-12.8833,-68.1531,145.9359,-22.4621,-49.1233,-8.2177,-37.0554,-24.5849,165.3274,116.8123,39.6705
309.0727,69.0612,112.5269,88.0059,85.2680,73.9126,-50.6108,-104.3048,17.8513,-68.9275,185.2003,-12.9938,-27.2346,20.7798,18.8034,-22.9553,233.5123,90.4021,79.1021
291.1836,24.8654,165.6841,49.9510,136.0938,63.7895,-5.9582,-74.3436,115.9592,-105.7496,226.9474,-48.6795,43.1854,32.2153,142.7032,14.7492,261.8958,67.4452,155.8709
236.9496,-13.5752,197.6754,-7.0976,196.3863,28.4235,74.4046,-18.6834,277.6172,-129.0574,259.5703,-114.8262,142.3300,8.9384,249.8046,40.5841,266.9069,43.9842,232.8223
224.6918,-40.2865,209.7206,-33.7599,255.5206,-5.7005,151.0103,14.3627,381.1891,-88.0885,307.5306,-146.6682,243.2230,-28.5053,297.2574,31.0444,264.1737,29.7182,267.1183
256.4474,-44.1523,251.8128,-12.5432,342.4250,-8.8158,215.7015,23.7107,360.7091,-8.3882,379.1035,-140.1232,339.7180,-50.3204,309.0267,18.0114,263.0103,39.7679,268.2250
333.5463,-30.3704,333.1477,12.9833,435.1349,10.8614,252.1930,7.2104,291.5164,17.5073,456.4274,-139.0141,413.5707,-48.1388,307.0685,18.9965,277.9321,59.4533,292.7849
396.8630,-16.4849,392.5644,20.6213,479.2925,24.8778,269.5950,-26.5077,233.9157,-15.8819,528.7288,-141.9328,467.2708,-35.8973,326.0110,5.5044,309.6876,69.3519,353.9796
385.3170,-8.9529,414.3840,27.7039,491.5284,18.0881,326.9277,-33.8992,183.9683,-25.6366,566.9877,-143.6637,521.1116,-43.7421,391.0565,-31.3748,338.1080,71.4463,410.6081
377.8639,-2.6747,446.0771,36.7651,514.5426,13.4198,421.0476,-11.4773,186.5380,-8.5160,560.7650,-172.1009,562.4689,-81.7636,437.8639,-67.4268,351.2062,77.2294,447.5528
458.1346,16.4215,498.1394,53.5657,544.1954,52.7379,481.8017,-15.4515,263.0607,-54.6235,571.3560,-196.5568,582.0773,-104.5879,409.2428,-109.0512,377.7015,99.2481,461.8237
559.6552,54.6550,552.5986,92.4230,573.2252,120.0862,503.7974,-66.2493,313.8585,-191.8869,621.3527,-158.1305,602.4881,-69.1134,382.3710,-159.1518,456.8910,133.1152,442.8101
602.1711,80.8643,614.8755,119.5968,617.4718,145.8660,531.1063,-103.9821,297.1781,-311.8636,635.4965,-111.5192,625.7064,-11.4400,432.6111,-163.8890,547.3704,147.4669,436.2313
601.6313,59.0583,670.3503,95.7532,683.0699,119.5634,569.0076,-64.5986,318.1973,-287.8209,595.3427,-144.3380,643.1585,0.6442,505.9462,-123.9559,547.7513,127.7559,485.0415
592.9254,8.5910,688.9227,49.1963,754.5213,89.3121,610.8192,26.1627,414.9326,-145.3480,576.7280,-205.6338,670.0189,-39.3986,550.4312,-129.8091,459.0678,93.3097,535.7520
584.4507,-27.7741,688.5864,7.2703,801.7791,51.7794,650.6250,84.4328,499.7506,-18.3506,592.4672,-198.9007,701.6986,-87.0947,585.2849,-172.8090,400.4844,51.4861,564.1452
566.0984,-51.4634,687.2861,-50.1260,811.6251,-19.5959,674.3387,96.4693,538.5504,53.2271,590.1667,-148.6085,722.2653,-116.4867,604.8102,-138.0586,423.3765,1.4547,633.8801
529.1143,-82.8790,660.6510,-107.0648,804.2209,-84.6541,712.8018,110.9195,561.5842,113.4110,572.1513,-128.1600,748.4401,-136.7925,601.3386,-43.2902,465.2459,-33.6911,719.0838
516.0305,-101.9617,621.0981,-110.7135,780.3499,-98.7195,788.5327,114.7227,559.7421,135.1980,568.7649,-128.0051,767.5006,-149.8669,613.7219,-16.4071,494.9718,-44.9508,727.1270
563.6535,-74.1543,615.7202,-63.3960,724.6954,-79.4799,816.5636,70.4032,518.0483,77.4520,572.9975,-97.0376,728.8641,-128.7751,625.7563,-55.9185,538.7202,-50.6419,691.3176
604.7644,-13.5186,633.8978,-9.2093,673.9849,-46.4441,734.6099,18.1785,460.7142,-0.1041,569.4568,-34.0206,654.8647,-70.8766,572.4482,-70.6941,587.9826,-44.6791,675.0463
584.6060,33.9363,636.6477,26.7857,653.8912,-1.8978,631.4546,-1.5611,421.6541,-12.1869,552.8370,22.6271,609.4675,-35.0258,479.0411,-56.5328,614.3865,-17.7257,639.0372
568.0038,54.7387,626.8371,34.4087,610.4748,28.2084,586.8728,-4.2671,416.6707,64.1842,524.2997,46.7113,578.2248,-58.6490,407.8528,-44.5959,621.4753,-2.4629,589.6591
576.2883,67.2017,613.4662,28.0057,542.1669,33.1360,561.7249,20.4990,410.5210,168.2084,495.5529,37.8020,528.8024,-84.5635,343.8475,-24.8544,615.0809,-8.4695,599.8198
525.7455,78.9672,589.4713,48.4351,538.3538,44.6309,529.6279,75.4446,352.1915,173.2617,455.0513,14.5396,488.7873,-51.9718,283.3745,-10.2682,587.0738,10.3359,621.2479
424.6310,84.3648,556.6572,86.5163,583.5715,66.3188,508.3110,95.1101,283.6819,57.5084,375.7664,3.3680,463.1740,6.3423,268.9412,-27.0998,537.8093,52.7590,553.7690
378.9718,65.7610,500.4611,72.9690,555.5095,57.4034,473.2945,74.6203,292.9697,-20.8003,288.1897,8.0517,420.3578,32.4932,271.0602,-43.1474,468.2796,45.6932,444.0702
377.4024,-2.7136,400.8198,-6.9126,445.9229,6.6070,409.2727,94.3067,365.7372,18.4005,244.3875,5.3244,376.9280,25.7318,234.7838,-16.4118,375.3050,-26.6793,393.7788
307.4073,-86.4129,295.1210,-78.6957,347.2934,-46.9779,353.9109,143.4954,426.3858,77.2957,226.4051,-1.6296,356.4273,10.3009,198.7739,34.1455,276.0553,-82.2192,393.2264
170.2642,-90.9930,229.0078,-86.4333,282.7805,-64.4761,313.1492,146.3673,446.8498,120.4220,202.6212,21.3607,326.4643,5.0101,202.6391,62.3946,200.1097,-68.6649,374.4290
88.3956,-17.4434,183.3346,-56.6747,229.1355,-49.5562,263.0769,123.8168,420.6617,173.2084,193.9277,66.6771,272.0594,28.5516,206.3197,53.3583,154.5769,-36.0561,319.4685
108.1243,22.9306,138.6668,-37.0742,191.4874,-38.9253,226.0886,119.1453,355.9774,164.0821,203.2379,95.3519,229.9322,68.9630,183.2739,35.0886,128.4372,-39.2902,268.9212
137.7810,7.1570,115.0294,-30.3083,159.4755,-44.9029,224.6816,98.0939,292.4109,96.0066,193.7862,108.0649,207.8883,81.8638,141.1924,40.2844,116.1439,-53.7305,251.2435
109.9741,9.7426,99.4639,-19.0589,94.4889,-41.0521,212.5624,56.1968,230.2832,105.7190,159.4284,102.5661,162.2140,56.0450,76.2405,55.7242,111.8883,-46.1715,226.6758
74.6055,25.0415,51.9760,-11.5075,-15.4124,-23.0243,138.3001,50.4591,150.1324,162.9791,118.9667,43.6679,67.1137,27.1038,17.4445,47.4345,98.7313,-41.1689,161.7534
54.5812,12.2679,-14.9301,-15.7420,-132.3049,-14.4296,30.0248,85.0425,92.2239,109.1269,76.9283,-27.5823,-40.0592,20.9931,1.5443,25.4338,66.6051,-54.7680,99.9963
-20.0191,18.4887,-63.5269,-15.4270,-192.1474,-13.8686,-40.1737,110.6171,60.4332,-6.3848,38.9860,-12.8702,-94.3799,32.7033,-19.9567,25.6035,27.6237,-63.4247,57.7769
-130.7303,59.3769,-94.6786,-13.9654,-177.2354,-16.4735,-66.5804,107.4861,-20.7041,-27.5794,4.2612,57.5759,-88.2054,41.7475,-103.5981,53.5308,-11.4634,-64.7914,-24.3048
-151.1023,56.5047,-118.2472,-31.4616,-152.1684,-34.6385,-122.3870,92.1526,-144.4738,24.3600,-46.4955,67.7104,-83.0892,31.0331,-212.1256,82.9043,-60.4433,-57.2965,-143.8242
-85.5460,8.4220,-126.9318,-40.9063,-161.3567,-42.3054,-223.4059,80.2907,-234.8716,43.8763,-106.5261,32.2920,-109.2370,15.9698,-288.9295,80.4656,-102.3226,-11.8980,-222.8419
-73.7686,5.1744,-129.4709,-11.6034,-169.6251,-10.7423,-288.0428,57.0521,-303.4780,14.9119,-144.3908,43.6615,-135.1168,24.4747,-313.8210,41.6702,-108.8214,32.8120,-253.5242
-147.9013,50.6494,-154.5711,8.2066,-170.2045,6.3072,-295.5086,-3.0485,-365.1381,-12.1081,-158.5906,82.1187,-157.6591,35.1311,-283.8741,10.9852,-114.7819,-3.0988,-287.2528
-220.1543,64.9720,-212.9694,-31.1406,-212.3486,-35.6957,-316.8853,-71.9004,-364.1117,1.1949,-168.6459,79.0630,-208.1131,9.8851,-250.0959,17.5898,-172.2768,-70.2115,-329.1093
-247.4833,21.7906,-277.6306,-85.9210,-296.1074,-79.0390,-357.6047,-103.2908,-338.6839,3.7918,-184.1259,52.4308,-276.6184,-25.4912,-278.8359,22.2743,-241.8335,-72.8260,-359.6846
-237.0859,-33.7776,-308.7432,-97.9485,-381.1311,-80.7865,-371.8813,-119.9389,-387.9966,-79.7739,-210.4706,43.0138,-337.8589,-30.4333,-338.6302,-5.7992,-251.2856,-68.5168,-376.8122
-204.5107,-52.2379,-300.8935,-81.5378,-458.2985,-76.1239,-391.3894,-146.4733,-458.2437,-162.9384,-243.9735,35.5641,-404.3464,-28.9580,-367.2733,-30.5895,-222.9235,-129.7411,-384.0560
-200.8404,-34.0320,-294.2717,-75.2491,-516.4298,-75.6019,-440.7785,-136.5459,-445.9901,-120.1705,-281.8576,15.3092,-478.2897,-44.5470,-378.7956,-19.2794,-233.1929,-179.9462,-395.1341
-258.1256,-27.7182,-329.4489,-84.3076,-529.0547,-66.8354,-446.4381,-76.7702,-391.2584,-44.5467,-345.3426,5.0104,-519.2368,-41.4377,-380.9510,14.7408,-310.1266,-174.5654,-412.9559
-339.7626,-57.0782,-401.9459,-94.2921,-509.1590,-80.3579,-382.2046,-23.1314,-363.4058,-53.8994,-432.4900,12.3157,-502.3841,-7.8162,-353.7240,52.0008,-429.3864,-182.2415,-410.8036
-426.7562,-101.3012,-470.9158,-104.6061,-490.3178,-120.1824,-334.0804,13.3463,-357.8832,-63.3704,-491.4032,6.9847,-455.2109,7.9488,-350.5182,79.0545,-534.4622,-198.9481,-386.1927
-531.2438,-150.2052,-506.8661,-131.9019,-480.4747,-138.0216,-348.2131,55.1031,-383.9565,-36.8821,-502.7106,-24.7663,-423.9053,-11.7755,-421.5273,78.8855,-565.7703,-171.9372,-370.4120
-592.8374,-184.8691,-518.0100,-163.3913,-474.9493,-128.7932,-388.2552,70.9976,-452.4059,-85.0296,-497.8802,-48.2861,-419.6396,-29.5367,-502.3952,44.4471,-529.3759,-144.6637,-366.8061
-533.7230,-164.3523,-517.1160,-147.4166,-456.5182,-118.0878,-425.2346,36.4006,-513.4579,-167.8984,-476.0609,-36.5938,-401.6176,-26.0574,-529.3627,-11.7602,-488.8045,-141.2699,-363.0544
-417.2660,-114.3630,-485.2603,-85.5106,-403.6796,-97.7001,-442.8322,-16.4892,-537.4155,-142.2917,-422.7353,-10.7294,-343.7652,-12.8445,-519.4097,-54.3579,-474.8039,-101.6482,-370.4148
-368.9110,-95.8897,-414.9737,-49.3620,-340.6155,-73.3857,-429.2844,-68.5624,-543.8873,-73.9835,-373.4832,14.8528,-296.8225,7.2235,-485.8348,-53.6503,-462.3274,-45.9180,-389.6953
-370.4121,-81.6740,-351.5586,-55.9130,-314.3546,-67.9917,-411.4796,-121.7745,-519.5186,-112.7731,-355.4109,53.9169,-316.3705,29.8729,-434.4275,-43.8711,-418.5372,-43.5282,-400.9355
-319.9079,-35.1272,-325.8862,-51.0704,-323.5439,-55.2774,-409.1725,-157.5591,-449.0204,-220.1679,-342.6443,89.2973,-370.7644,35.7623,-399.9547,-78.8675,-340.2558,-49.4561,-389.1494
-232.3272,-8.1001,-303.6156,-23.2962,-329.0352,-11.8736,-390.6526,-170.0251,-393.5351,-282.5275,-314.2868,85.5201,-392.5134,23.8178,-390.6939,-124.6278,-263.6993,-8.3424,-344.2509
-188.6091,-18.3210,-252.2773,-0.0817,-299.0582,23.4544,-346.5814,-176.0861,-408.2336,-292.1866,-275.0258,53.4355,-367.6436,14.5485,-385.2081,-118.5180,-219.1390,24.0490,-288.9046
-173.1989,-16.2763,-189.1023,12.0513,-231.3140,20.6362,-312.3835,-171.9275,-430.3215,-291.7593,-233.9156,19.8537,-320.0493,4.8966,-367.2396,-90.8882,-183.8818,6.0517,-265.4441
-136.6861,-19.1044,-139.5295,-7.1622,-165.1728,-12.6080,-275.8039,-150.8206,-367.5706,-289.7301,-200.8077,-14.1844,-255.7827,-26.2422,-301.8331,-91.5771,-144.6172,-34.1164,-243.2339
-101.9149,-66.4379,-108.5609,-74.0539,-127.2478,-68.6207,-190.9915,-132.8510,-263.7205,-267.3171,-157.3489,-38.3054,-159.9508,-62.7652,-187.7919,-98.8075,-137.8794,-83.0859,-168.8216
-80.9808,-112.2453,-88.6426,-131.8403,-73.5371,-116.2338,-88.8335,-129.8375,-226.8602,-209.6700,-71.9187,-38.6623,-36.5523,-68.5080,-99.5420,-104.4233,-152.1243,-121.0241,-93.7695
-48.8691,-122.0117,-61.4617,-131.6566,24.1917,-118.3453,-38.5245,-128.3074,-219.0625,-127.9970,13.0142,-36.9501,63.9189,-60.2875,-47.8431,-140.4416,-124.8382,-107.5013,-74.8784
-36.8861,-129.9057,-18.3018,-119.9513,101.8805,-102.3760,-27.4342,-117.6942,-127.8614,-55.6906,21.9973,-52.0487,89.2342,-82.0730,37.8702,-177.1584,-71.7931,-70.5619,-58.3616
-58.4978,-143.2427,19.4998,-138.3640,107.4024,-107.3342,-3.4707,-102.5088,-1.1639,-30.1783,-19.2564,-72.9231,56.9503,-116.1612,125.3634,-153.9073,-47.9139,-68.4852,-15.0715
-25.0001,-147.2889,34.1112,-153.1688,72.3990,-115.9621,18.7266,-95.2555,46.5402,-60.7762,-30.1061,-93.8591,26.1928,-115.9416,130.2386,-97.8796,-21.6208,-78.6845,6.3303
88.0214,-151.6956,41.0693,-137.7975,37.4220,-114.5413,9.6633,-103.0112,53.2729,-99.0401,3.5474,-102.1751,16.8335,-96.8692,95.4068,-83.9633,51.2625,-58.4199,17.8956
177.2597,-138.4855,66.1479,-108.0393,22.3363,-108.8695,3.7939,-122.2997,81.8016,-106.3499,59.7549,-66.3159,17.9698,-94.9723,81.4287,-120.4218,136.4069,-32.9847,55.4216
208.6711,-82.9210,116.2514,-77.9623,47.4075,-83.4599,28.4458,-151.8959,75.8454,-123.3383,118.0624,3.4185,33.0736,-91.8039,66.8122,-149.6131,201.1804,-33.2827,76.3025
234.0009,-25.2312,171.9880,-54.6277,104.6111,-51.9093,57.3825,-178.7533,32.1904,-162.3432,137.2952,56.4303,65.0511,-67.9736,84.5692,-127.5316,242.8374,-40.3159,66.7347
235.8468,-7.9256,208.8965,-43.9560,166.5899,-55.9796,89.1578,-169.3880,48.7588,-152.1824,120.2615,78.0464,104.2866,-47.5331,179.1697,-78.3968,235.9453,-33.4011,72.0135
191.1640,-15.7936,227.7051,-45.4598,228.1659,-72.9408,146.8108,-132.6827,131.1732,-97.3630,136.9885,85.8544,153.0918,-32.7872,263.1573,-57.3742,188.9462,-31.1782,75.8099
158.5467,-29.7482,237.4908,-61.5242,276.7647,-69.8566,200.4653,-122.7825,199.7766,-84.7757,192.4099,83.1757,216.8466,0.4581,280.8015,-55.9524,167.0648,-62.5762,58.5555
162.9187,-46.5677,232.1521,-83.4137,281.9321,-86.4864,213.0010,-127.5484,227.5129,-109.8928,209.7346,67.4153,274.6684,30.6677,315.4431,-24.0399,183.7649,-107.9438,80.2785
176.9836,-61.6886,223.4704,-87.4469,252.5386,-125.2508,211.5712,-86.6809,223.4434,-132.0672,180.8410,36.3719,297.4808,21.2351,377.1279,11.8475,200.2774,-108.1816,147.0402
202.7209,-79.0051,240.5308,-80.1321,228.6859,-120.8451,227.0149,-36.9675,214.0486,-181.0597,168.4158,-12.2077,289.2764,-11.0543,375.4558,-14.7039,217.1599,-63.7473,180.9809
220.2787,-86.3500,264.6627,-84.7057,225.8617,-87.6114,249.4324,-59.5052,242.3680,-223.5736,182.2141,-53.2547,283.1104,-40.3609,316.2115,-76.7130,244.5005,-46.7905,175.5776
205.8255,-58.9873,251.8526,-84.4953,230.7450,-89.7139,266.3210,-117.2953,277.4211,-172.3035,188.9360,-54.8293,284.1241,-68.3538,263.2880,-102.8517,261.9330,-75.3580,178.6595
221.5198,-22.9407,216.5874,-63.3141,210.5839,-101.4532,257.6533,-126.4690,267.1134,-86.1324,185.4784,-29.4715,247.4052,-78.4850,228.4180,-98.7774,271.2257,-90.5872,182.6803
275.2815,-14.9289,196.3638,-45.6361,147.1688,-79.1641,207.8933,-101.1271,278.8927,-65.1621,185.3889,-13.0185,158.5900,-57.0229,231.7062,-96.1348,284.3809,-71.9238,174.0174
250.8833,-9.4015,185.2536,-33.2934,88.0427,-48.1262,160.6283,-88.2281,361.1487,-55.2222,183.3732,-23.7612,83.9562,-47.0374,271.9625,-81.2647,277.1097,-49.6826,159.0379
164.8567,7.9420,171.6975,-4.2295,81.8873,-23.0650,153.8972,-79.9237,409.7898,-14.9873,157.0315,-61.6010,70.7395,-76.0068,266.4687,-56.6535,243.8948,-28.8927,115.0905
165.6558,-2.3694,158.0389,14.4024,96.6257,0.6039,150.0676,-67.7823,372.5177,-31.5495,101.7284,-104.9758,84.1310,-98.6947,198.3583,-54.1653,215.5922,0.6805,55.7526
196.1659,-42.4997,133.5715,-9.9819,104.1286,-6.0078,133.7856,-63.8053,325.7465,-105.7020,62.4386,-129.4932,100.8450,-96.2428,155.0305,-59.2369,184.9772,28.7831,59.0299
92.2962,-73.0166,103.6161,-40.1062,135.1749,-37.5836,142.7711,-53.5720,274.0236,-115.8707,73.4070,-140.6380,135.8396,-109.3007,145.0437,-39.8762,128.8985,43.8967,129.1707
-45.8770,-82.2419,93.1966,-32.6876,176.5791,-38.3100,153.8339,-24.0837,170.4327,-54.5665,86.3388,-139.3758,154.1733,-125.7887,108.8643,-27.8297,78.1788,43.0680,170.1523
-25.0360,-67.7882,90.2035,-4.5498,179.9936,-5.7206,122.9708,-5.4897,66.8002,-38.8804,61.3934,-103.9078,113.5073,-96.2665,60.4942,-61.3774,68.2000,33.0691,143.1438
87.3216,-31.8167,73.9002,14.5467,174.1334,18.3313,95.5754,-19.5811,17.3909,-86.4717,52.1366,-58.3377,64.8557,-62.0230,24.6206,-98.5965,84.4650,32.8547,111.1278
126.5936,-9.4554,71.3157,23.1950,191.2180,26.7825,104.9479,-41.0186,0.9395,-88.0233,81.0739,-62.1814,60.6084,-91.3978,-21.7978,-84.2704,104.7705,34.9981,120.1101
97.7127,-9.3571,95.8460,32.2083,175.2933,25.8395,98.8801,-48.6733,10.3032,-20.1146,76.8044,-106.0303,51.4412,-135.4021,-64.1716,-49.0189,125.5408,7.6071,145.0664
73.4622,3.6422,112.5971,44.1286,104.9998,16.7835,66.2369,-53.5871,24.6621,-6.9953,26.7399,-129.0703,-10.7981,-117.0814,-80.5648,-58.9098,141.7396,-31.4428,151.0838
67.0210,21.9286,111.4463,46.8646,45.6460,16.5120,45.4201,-52.0617,-19.3118,-81.5092,0.5049,-120.1370,-90.9923,-73.0034,-108.9514,-106.5175,146.8006,-32.7129,138.8311
79.0001,12.4528,110.1177,38.3473,19.4649,25.3231,17.0814,-21.9658,-99.0135,-87.1307,-2.7344,-112.0826,-144.2491,-60.0358,-157.3350,-124.7002,134.2156,-6.5892,115.5729
99.9811,-2.7500,105.7809,43.4153,4.6645,25.9418,-35.2932,13.6291,-141.1298,27.4279,-30.0592,-119.4710,-154.6704,-45.2492,-186.2302,-91.6741,94.6131,5.2176,66.4039
93.1763,8.0442,98.5509,64.6515,22.6111,25.2964,-63.1491,2.7468,-173.0456,87.0129,-54.6258,-124.7305,-116.3963,0.9977,-202.0472,-49.9258,33.1217,-0.9926,-10.1326
52.8060,24.7524,89.4159,58.3929,62.2756,18.0754,-54.9030,-40.3167,-224.8371,25.9406,-50.5924,-105.5880,-59.0019,30.9694,-206.3138,-16.0146,-38.4916,-23.8768,-83.2336
1.0289,7.9752,50.4702,1.5856,36.6349,-24.3592,-56.9326,-51.8603,-234.5548,4.0384,-64.8209,-78.0395,-32.2814,8.9754,-150.9405,37.8125,-120.6562,-66.8541,-135.6729
-69.2733,-53.1339,-16.4171,-72.4850,-65.8699,-77.0778,-82.8974,-28.7467,-201.9170,79.5872,-105.2391,-76.6709,-39.0040,-30.3322,-60.1693,88.9464,-199.0344,-92.6956,-176.0788
-167.4563,-109.8298,-64.7436,-114.8468,-150.5761,-91.8470,-119.4749,-19.8530,-200.3342,120.4184,-121.8207,-81.9395,-59.3786,-44.5244,-21.3243,70.7453,-245.2510,-75.3719,-213.7653
-260.4562,-96.9478,-105.5998,-95.5747,-195.8123,-85.0663,-158.2843,-32.7933,-203.6406,66.7574,-126.6102,-60.3858,-106.9985,-35.7366,-34.2184,7.2408,-264.1661,-60.4613,-262.4242
-302.9120,-45.1483,-188.8607,-35.2015,-273.6041,-82.9017,-183.7099,-42.7941,-153.1893,3.6067,-161.5148,-48.1861,-185.8523,-33.5655,-56.3138,-4.2536,-276.7294,-81.8296,-323.5506
-279.4521,-34.1294,-278.8997,-5.2283,-382.2115,-74.6228,-217.7086,-51.5398,-115.4882,1.2480,-193.3858,-71.9072,-258.3054,-52.7559,-107.3118,31.2307,-277.1852,-102.2636,-366.0963
-219.8705,-40.8018,-312.0992,-31.2136,-443.7888,-71.5859,-309.5116,-68.5426,-162.5016,31.3858,-183.9305,-82.8544,-302.6096,-72.2022,-183.0109,17.7748,-268.7962,-98.3475,-385.2024
-193.3900,-12.3629,-318.4062,-49.4730,-449.7502,-81.9455,-419.4096,-83.0384,-242.6366,25.7728,-171.1255,-65.6190,-337.9486,-65.5485,-229.7948,-43.9941,-285.0236,-103.8735,-423.5173
-245.2224,4.0989,-347.2145,-27.6042,-454.6937,-71.9568,-459.5927,-89.2587,-293.6043,-10.4050,-194.5486,-55.3025,-381.7767,-37.8967,-261.4740,-60.6651,-333.0310,-138.5978,-480.1448
-333.0327,-26.2047,-381.4991,-21.4017,-471.6241,-57.2310,-449.4164,-95.8010,-324.7440,-13.0282,-246.2453,-39.4385,-426.5212,-11.4740,-315.5719,-16.7512,-389.5799,-175.1934,-504.8966
-390.9993,-55.2119,-406.8077,-59.3416,-487.4605,-92.6956,-465.4923,-102.0562,-352.2721,-7.3339,-313.3895,-14.7304,-452.4761,-4.7066,-350.9754,13.8122,-450.5000,-184.0362,-497.3609
-424.3533,-67.4744,-441.7045,-90.4875,-509.1592,-137.5573,-501.9918,-98.3959,-372.1656,-63.1045,-376.1974,-32.9890,-450.2150,-26.4951,-352.5607,-8.6919,-508.2833,-163.3801,-492.7341
-459.3412,-73.8632,-474.6812,-77.2049,-525.5292,-118.7366,-511.7613,-88.2134,-379.6022,-122.1058,-404.9301,-67.5826,-436.8476,-51.1741,-389.1693,-55.6292,-529.7825,-128.2843,-490.0502
-467.0406,-49.8147,-476.0669,-47.6251,-510.9586,-73.2635,-491.4607,-81.8465,-368.2170,-104.1494,-407.5814,-35.1537,-437.1909,-32.8764,-463.7252,-78.1913,-511.0853,-90.1096,-478.1654
-422.2962,-15.3722,-455.6939,-42.3562,-478.9353,-58.5102,-457.7366,-67.2324,-353.4493,-62.8482,-406.6912,25.9100,-449.4238,20.1376,-497.2292,-48.6594,-482.0198,-50.5029,-459.7834
-364.3665,-15.5471,-440.6512,-54.3611,-455.1936,-51.3385,-424.9767,-26.5198,-375.8190,-51.2740,-394.5981,31.3454,-451.6677,51.1395,-486.1656,14.6095,-446.2731,-14.3872,-427.7990
-345.2006,-12.7664,-441.3180,-43.8479,-442.4670,-35.5825,-407.5664,14.7126,-427.7599,-42.9711,-386.0435,14.5372,-432.8053,45.7876,-484.8292,65.9470,-398.1017,2.5200,-378.5139
-387.8085,11.0324,-461.9961,-15.7808,-452.4095,-35.2128,-395.0277,21.2882,-440.4455,-29.2246,-419.5622,19.7733,-404.9083,34.8967,-479.6212,83.5625,-372.2724,-12.8609,-324.7729
-477.6562,-17.4220,-489.1920,-26.8186,-486.5086,-46.6542,-364.4263,22.2862,-383.3656,7.4447,-466.4543,8.5902,-392.6377,29.3027,-437.2477,81.9638,-395.3808,-50.9176,-282.0852
-527.8820,-91.9534,-487.4380,-76.1858,-495.3070,-52.3046,-319.6743,54.9224,-295.2162,89.7398,-471.8163,-20.2139,-400.3672,23.9580,-388.6128,85.5838,-422.8010,-73.8671,-268.3181
-457.8636,-109.9995,-452.8694,-82.6498,-453.7639,-46.9151,-282.0922,76.4844,-211.0091,140.1523,-457.2995,-16.6634,-402.6653,18.2904,-367.1273,97.9023,-389.7708,-53.8512,-276.4705
-344.8304,-60.0594,-425.7971,-20.5509,-410.5808,-16.5248,-265.5841,48.4890,-142.6623,113.4500,-450.1895,5.9429,-389.3653,1.1561,-348.4789,91.3338,-299.9443,-19.7078,-257.7846
-324.9294,-11.5254,-419.5769,33.0454,-387.9020,27.6520,-258.2204,27.1812,-102.1165,114.3908,-421.3932,-1.2137,-373.3145,-30.1640,-288.2597,57.0506,-226.5343,-11.2920,-198.4777
-368.9946,5.1323,-400.2319,27.4341,-341.9199,41.7923,-211.6357,61.5201,-76.8379,173.7211,-384.4524,-40.4482,-337.5077,-55.9499,-183.0111,37.3525,-220.9067,-1.5604,-138.6230
-357.2318,-12.5187,-353.2899,6.7032,-256.3316,30.3805,-103.9841,111.3829,-39.8249,192.5434,-383.9599,-89.8470,-255.8605,-75.0485,-98.4829,46.7937,-237.0071,48.1963,-79.8650
-284.2571,-41.1049,-295.6483,18.9278,-166.9956,33.4588,-4.8683,135.2653,-10.6269,159.0971,-378.8322,-128.9850,-164.5654,-99.9316,-100.5373,36.8961,-198.0449,100.5888,-7.6551
-211.3087,-31.7858,-230.7632,43.9929,-105.4288,42.9547,18.6107,142.4392,-15.7724,100.0138,-320.3766,-137.0610,-117.1382,-111.0100,-143.1869,1.1767,-120.6350,111.2253,38.7714
-149.9315,-0.7085,-166.8009,43.4333,-81.5562,39.5893,15.8092,142.0142,-14.6363,0.8447,-254.5913,-115.6930,-101.2574,-91.8107,-130.5280,-8.3548,-77.4539,103.3061,49.8317
-98.8125,-2.4150,-130.9596,21.7683,-80.1999,37.2310,54.4461,132.4516,21.4533,-35.7974,-208.4229,-82.0814,-80.8602,-71.3727,-74.5161,4.4902,-65.5245,92.0657,69.0345
-56.6150,-13.9764,-109.0011,2.5188,-58.2511,28.0615,95.6862,117.4744,36.4081,69.6385,-139.8723,-40.6851,-49.0024,-68.4419,-39.3681,-4.7076,-30.7137,57.3425,82.9185
0.7466,3.4417,-49.7448,-7.5294,13.8538,0.8344,88.9316,88.4929,1.6335,131.7861,-54.7055,4.5807,4.2723,-56.8954,-4.8647,-25.6474,25.4357,26.5205,66.7188
60.4660,26.1365,44.5296,3.1662,116.4209,0.6598,76.0547,33.9688,-15.3633,17.2904,9.4565,46.5208,80.0189,-17.8978,55.2588,-37.9694,80.4565,40.9716,71.9736
88.5330,44.3370,124.1988,41.5561,197.0907,45.4349,99.1729,-30.5348,36.7608,-103.1161,65.9292,86.0134,133.2100,33.3142,96.6793,-54.7208,148.7245,62.6989,109.0639
117.8026,63.9930,174.4444,62.8564,218.2104,66.2848,128.7767,-69.9808,129.6418,-103.8399,115.3708,108.9698,140.9826,69.6566,121.4292,-56.9661,214.5597,40.1231,116.3005
182.9240,52.1188,207.4757,30.7936,207.9353,31.4364,149.7677,-58.5470,216.8885,-62.8209,140.9900,94.8338,154.3145,73.7135,190.2273,-17.5575,228.7788,-8.7279,112.0629
239.0312,15.2484,228.6623,0.7904,230.6850,4.5636,194.4156,-12.5620,270.0305,-29.9116,190.9614,68.6016,211.4481,63.1681,281.9014,21.5894,211.9379,-47.2950,151.2306
252.9771,9.8726,255.6394,25.3033,285.6812,25.6545,268.3417,14.9599,290.3974,-23.3481,278.3749,74.9445,284.9230,79.6633,334.8062,23.7530,221.4747,-51.2013,198.4041
250.7770,24.5776,291.6845,57.0818,327.8919,58.1862,356.8862,16.4757,321.1677,-58.3510,304.0661,101.0326,351.5441,120.1519,383.7072,32.1882,237.9353,-3.1276,233.5133
246.9970,18.4709,304.4286,50.3859,369.0659,60.4811,459.9885,46.9408,379.8294,-25.1358,256.5746,96.3346,416.3601,128.8351,473.9702,75.4968,229.8051,46.1751,300.5220
267.4642,20.4597,300.9131,30.4762,423.3572,25.2511,531.7998,109.8570,407.9953,128.9466,281.7892,59.4944,460.2164,83.4242,533.4450,104.6850,257.9532,16.8898,377.8410
371.6336,51.3709,329.5304,14.2227,437.9221,-19.6595,501.2160,141.7476,360.4269,224.2240,426.2272,40.6905,454.5236,26.0444,480.3922,82.1831,368.6316,-42.8814,413.0688
531.9841,77.1552,374.7507,5.5929,400.2972,-23.1320,402.2316,131.7549,278.5326,150.5233,558.5558,54.7205,418.1539,-4.5852,367.0356,38.7807,485.7917,-16.3850,417.8646
632.0997,95.1747,385.9511,34.8226,373.1830,24.6979,329.5725,110.6748,226.2638,25.6703,600.7772,51.7142,393.0886,-14.3188,308.7552,11.3764,537.3520,66.0053,388.3381
646.5900,126.2429,390.7063,84.7390,368.3324,64.0962,284.6465,57.1927,210.8776,-54.7225,605.1463,3.2687,383.5606,-23.5110,327.4481,-12.5837,565.3984,79.7274,312.1764
656.0007,155.3856,429.8474,90.7373,353.7122,54.0760,234.1347,-39.4668,194.0001,-85.9698,612.7108,-45.4464,371.6245,-38.6352,347.9176,-62.1377,609.5670,22.2647,261.8821
678.0137,164.5088,452.4108,59.6274,347.2180,26.0922,221.0782,-115.3914,162.1656,-75.6274,613.6402,-59.5618,368.2770,-62.6162,333.9453,-128.9047,611.3140,-19.5028,271.9802
645.0948,140.3909,410.6759,35.3858,359.7885,4.3212,264.0256,-134.2635,155.7199,-74.7649,607.0792,-74.5278,389.7819,-102.7800,327.7549,-178.5074,528.2191,-34.2206,266.2363
549.1877,62.3881,355.2831,-5.2722,359.8138,-42.0438,301.9775,-128.4335,192.4227,-81.0006,595.5744,-121.1370,407.7127,-147.9906,336.2969,-186.2840,429.7666,-64.5015,243.4565
476.4623,-41.0768,342.5368,-79.4181,354.8670,-121.1011,319.5098,-108.6718,217.8979,-13.6626,561.4829,-175.8840,392.7542,-168.5907,312.9721,-141.8474,388.9366,-102.8937,277.4977
469.2296,-112.9937,352.8235,-138.4645,365.4569,-176.6593,345.8304,-68.2231,204.5513,49.2715,501.3442,-212.0954,377.6609,-161.9281,275.9537,-74.4976,374.6518,-112.6512,329.3250
459.5538,-158.7311,349.7745,-165.4913,360.4058,-174.4931,356.1072,-43.2376,202.8648,-38.0076,454.6124,-221.7265,398.4016,-155.0817,287.6172,-56.6887,330.5117,-101.8695,330.8250
403.1057,-200.0094,335.5468,-191.0999,328.5719,-161.2152,333.6803,-61.6726,227.4320,-167.4822,455.3534,-197.8372,417.8928,-152.7867,322.9972,-99.3289,274.6923,-116.9533,317.6908
368.7518,-208.3048,321.6205,-211.9932,300.8296,-184.6589,314.5543,-99.5209,232.3698,-179.1380,470.3040,-155.5288,386.3340,-141.9080,313.7924,-122.5145,254.8700,-168.8166,302.7198
397.0975,-179.4596,305.3831,-209.8579,272.7926,-215.1632,284.3560,-132.7587,218.5431,-149.2791,438.8369,-135.5470,316.1056,-132.7121,267.9191,-104.2675,268.9561,-204.4612,252.9921
407.4971,-151.9616,290.2836,-190.4221,234.2162,-202.0024,204.6230,-152.5164,216.1839,-155.0269,362.5167,-150.5658,241.0396,-130.7792,226.2354,-107.7593,281.6004,-183.6372,219.7338
354.3577,-124.5710,281.1893,-156.1258,212.4677,-156.5048,130.9865,-147.0418,209.9119,-141.4894,293.6686,-165.4325,177.1559,-113.2125,195.0242,-134.3909,275.9037,-144.2534,235.7603
304.6461,-87.3592,259.5723,-120.4236,199.1480,-126.2914,117.5832,-133.7130,187.1795,-113.9513,258.6001,-151.7141,142.6324,-83.0137,175.8391,-135.6856,258.1722,-138.8653,208.0617
286.1448,-78.4125,212.9121,-116.1190,158.5948,-125.1880,102.7395,-143.6948,160.4657,-97.2800,245.9623,-132.8015,141.8843,-74.2977,165.2272,-120.3538,234.6822,-149.5317,109.9954
248.0226,-106.0558,172.0518,-131.8646,117.4447,-126.0816,42.3869,-155.3758,113.5585,-69.9093,233.1661,-144.1367,144.4124,-83.2950,141.1709,-103.7910,197.9770,-121.6315,47.9865
187.6551,-117.9911,159.5894,-123.0024,107.7559,-100.7963,-1.4886,-138.0417,41.5412,-96.1917,199.6662,-163.6429,128.0020,-77.2811,107.7596,-81.1687,143.7353,-48.1439,47.2280
143.6312,-91.7538,142.7316,-87.9160,97.1830,-51.4269,4.0621,-121.9011,-8.6119,-184.3006,148.0769,-142.9265,101.7043,-60.3645,85.9289,-85.0826,91.2316,27.5456,32.3149
97.6068,-51.4116,101.9533,-49.5096,76.3098,-7.2983,8.6798,-122.0290,-23.3223,-153.2635,92.4851,-95.1240,69.9296,-58.6623,61.2163,-108.9440,52.9318,79.2553,-3.9278
17.7847,-13.4371,67.7665,-12.8034,85.0634,13.4461,-12.5675,-93.7024,-43.3016,3.2547,28.5631,-64.7908,25.5294,-70.7840,17.5596,-87.2369,14.4371,123.0171,-27.1238
-58.1228,14.4387,46.5356,15.2109,110.9689,24.8436,-39.8484,-50.3529,-82.7186,31.8731,-29.4524,-49.8096,-26.8103,-80.6554,-37.8191,-61.5721,-15.1989,161.7403,-58.8530
-74.9537,35.1248,16.2761,36.8522,97.3069,43.0443,-82.6424,-68.2064,-136.8763,-90.4904,-41.8239,-41.3835,-74.4655,-85.5376,-123.3860,-118.5731,-3.5144,163.0353,-116.8842
-47.1875,67.1539,-13.9972,69.8639,39.9892,62.3829,-157.0920,-122.1685,-210.1997,-138.6944,-33.7807,-60.0031,-109.8070,-89.8570,-245.0906,-173.0516,22.0405,125.7200,-167.4570
-43.3679,86.7453,-40.4668,85.9915,-29.9832,66.2470,-221.2927,-115.6376,-269.5633,-99.0251,-81.2084,-94.2442,-140.6626,-97.8296,-325.2589,-123.4050,-7.4763,91.8608,-184.4659
-96.1342,40.6689,-87.4440,39.9478,-104.3107,41.4770,-227.7726,-70.9600,-272.6504,-101.0539,-173.2947,-109.8173,-189.2645,-115.0778,-307.5773,-68.3298,-89.1907,69.5449,-180.6863
-161.8379,-34.8152,-137.6636,-23.6969,-165.2663,1.5944,-207.0157,-76.5098,-246.4207,-100.5826,-229.2335,-115.6809,-248.7285,-137.8473,-270.9467,-94.2439,-166.2389,38.0942,-189.3224
-199.3158,-46.8803,-159.3633,-27.4257,-182.2751,-7.3750,-221.4102,-108.3809,-242.2504,-41.2824,-243.5764,-124.9295,-275.4545,-142.6148,-308.3111,-112.7209,-227.1317,13.5057,-229.4097
-237.6572,-9.8647,-193.5716,8.4455,-185.9780,30.4160,-271.0987,-97.2644,-263.3662,-21.8893,-282.5444,-120.0074,-269.9612,-110.2776,-380.7269,-72.9909,-285.6570,16.0760,-265.8705
-307.8557,-2.4664,-275.8741,23.3810,-240.5578,67.7439,-315.1411,-57.9518,-293.6472,-78.2016,-368.5860,-107.6887,-288.5583,-65.7320,-405.8157,-47.2748,-334.1751,32.6214,-253.7021
-379.4340,-9.2307,-349.7677,27.8046,-319.8365,74.3521,-345.4003,-21.9616,-328.6339,-102.1572,-450.6992,-106.7599,-339.6133,-55.1818,-399.7948,-69.3535,-373.9122,61.1219,-219.3350
-421.5285,6.8558,-370.8751,48.0009,-340.5602,74.1913,-379.8613,14.7557,-363.9929,-46.0054,-467.8094,-105.4169,-374.2360,-78.6480,-424.8334,-95.2591,-410.9564,104.0306,-212.9147
-453.0954,-11.7662,-372.2782,54.2326,-321.3191,72.6181,-422.4812,32.3169,-392.3183,13.7632,-430.6239,-110.8707,-385.0748,-97.0257,-469.4037,-74.9897,-436.4018,132.9728,-230.0243
-498.5338,-82.5246,-382.3166,26.0183,-348.2639,54.9176,-452.3567,11.0353,-391.5013,6.8130,-415.0486,-140.5119,-400.2919,-92.9176,-481.5763,-5.5895,-466.8276,139.9374,-262.5868
-549.0465,-105.5730,-404.2059,3.6084,-410.4034,45.5603,-436.2866,-22.1764,-342.8144,-49.7256,-440.7943,-146.6626,-415.3060,-69.0122,-463.2126,35.6344,-525.8761,145.2319,-331.9281
-575.0745,-52.8389,-444.2767,14.9497,-441.4874,58.0059,-390.5184,-50.7519,-284.6770,-85.8999,-452.3592,-86.6980,-425.1411,-28.6221,-439.9800,-1.9366,-572.6149,133.4743,-411.6176
-562.2766,-17.8472,-478.8313,24.7145,-448.8269,52.7446,-395.6621,-75.0354,-264.5369,-68.1321,-447.7718,-12.0336,-451.1694,4.9012,-399.4399,-30.2511,-558.6099,95.3274,-437.0361
-545.9805,-22.9723,-476.8686,6.6713,-456.6110,24.6889,-464.2434,-66.9762,-259.9377,-39.5160,-466.1210,24.5691,-483.8552,15.5789,-342.6755,20.0338,-515.7904,71.0908,-417.4724
-563.2713,-9.9936,-468.0938,-4.6083,-450.3752,17.3657,-497.8065,-30.3009,-257.3127,-48.5777,-469.2752,39.7020,-489.5659,32.8686,-318.2664,76.3226,-493.7744,59.6559,-419.8945
-571.2996,5.3420,-487.6068,8.6190,-452.3241,22.3305,-466.7355,-24.5094,-307.8145,-77.1304,-421.7660,48.6094,-476.3761,69.9342,-335.8289,92.0751,-502.5022,14.2102,-457.4024
-525.2803,-22.1925,-507.1184,1.1839,-495.5569,-2.2493,-454.7578,-54.3988,-397.9435,-85.1683,-391.0404,45.0297,-468.7603,91.4010,-342.4503,99.9085,-544.9106,-49.4018,-490.3639
-492.7408,-59.8864,-503.0628,-38.9659,-536.1337,-39.6913,-475.0556,-63.6420,-434.4314,-78.4825,-411.0913,35.4223,-456.0204,91.1861,-325.9316,78.8028,-589.1608,-84.4608,-495.8465
-531.6827,-72.3412,-495.4872,-54.1569,-528.2098,-55.7711,-465.7478,-44.8759,-423.5582,-67.6446,-415.0385,19.2504,-429.8817,88.7092,-333.7224,20.4129,-569.5490,-89.5664,-476.6628
-555.8793,-76.4768,-488.5498,-32.5611,-496.0936,-64.0604,-435.6138,-27.7153,-446.2957,-13.7639,-387.5283,-3.6224,-411.0721,60.4519,-369.1915,6.0682,-507.8138,-69.6370,-441.2603
-497.7859,-71.9922,-475.5088,-31.4411,-460.9980,-79.1653,-404.4388,-12.9460,-459.6184,96.7258,-387.4776,-6.8556,-403.7807,7.4714,-368.0873,47.4794,-495.9312,-41.3432,-397.8247
-452.9493,-43.3199,-475.4202,-53.1332,-424.4737,-79.6211,-330.4111,1.5066,-369.0053,187.2084,-419.4805,14.6541,-389.6401,4.7286,-296.8650,68.8105,-526.2193,-48.7603,-350.9796
-492.1651,-12.6430,-488.7641,-40.9494,-406.0033,-47.8571,-231.5098,14.4584,-233.6824,202.9859,-441.1260,29.6706,-369.4316,68.2237,-204.8239,72.9338,-516.6568,-66.8907,-310.9075
-519.6918,-10.0631,-476.6972,-4.8517,-396.5938,-6.4901,-185.7842,44.7360,-175.0332,195.2036,-433.2740,31.9933,-351.5186,112.0373,-154.4817,96.5465,-469.0858,-36.5774,-298.6492
-456.6956,-37.0412,-421.7460,-11.9550,-362.8828,-1.7220,-185.0565,89.5441,-183.2659,206.2839,-387.8185,37.5117,-316.0411,100.8071,-143.6847,112.6524,-433.8827,-5.3290,-311.3167
-367.8493,-73.1685,-345.9839,-61.9875,-314.2294,-36.2266,-170.7992,120.4058,-176.8420,205.7577,-315.2444,39.8108,-244.7470,87.7925,-131.9565,120.1896,-407.4585,-17.0445,-305.3505
-316.9424,-82.3269,-266.9557,-85.0462,-261.4986,-47.3535,-140.1058,139.4014,-134.2050,184.1198,-251.8557,34.5283,-168.6916,99.4394,-112.8440,142.8323,-369.2466,2.6963,-249.8494
-265.3587,-47.7439,-187.5253,-49.8079,-183.0321,-7.6241,-102.8749,156.6122,-79.7885,167.4112,-194.8679,41.1555,-129.8925,114.0075,-111.5985,145.7434,-310.3044,61.3882,-166.6787
-164.5410,-3.0392,-109.9811,0.7554,-95.2015,27.6100,-57.4621,159.3610,-49.9386,159.3260,-110.8209,63.6909,-106.8712,113.6181,-135.1830,128.8594,-218.7356,70.9712,-95.3447
-45.5540,17.0405,-37.9723,18.7524,-37.1986,32.4413,-20.3141,162.3393,-73.1674,162.0713,-18.5524,72.3020,-48.3603,90.4590,-158.0053,153.4552,-122.3015,67.2817,-41.1930
16.5019,16.9608,9.2387,12.1378,-3.3889,43.1592,20.2973,191.1870,-105.7282,172.0228,39.5786,42.3783,25.7289,55.6425,-132.1822,192.1940,-68.7784,120.8875,21.7553
5.0849,7.6260,7.9169,14.7048,9.9010,58.3719,91.7189,213.2351,-71.2756,152.5328,68.6677,-6.1426,50.6124,34.4453,-29.7292,176.4700,-35.1854,143.9952,99.5499
-1.0317,-5.3770,-13.9345,26.3933,-2.4994,59.7599,154.6271,193.1455,3.4806,111.4556,93.1839,-33.5836,39.5168,19.3626,95.5593,144.9200,30.4758,91.0795,163.2539
57.3565,-5.6733,12.4810,32.6768,13.7264,79.9928,168.2366,161.9053,32.7818,105.9016,122.3756,-41.6633,62.2414,-12.0879,161.2709,136.3529,109.1688,83.0472,199.9935
125.1569,16.5205,95.5414,50.0508,98.3889,120.5124,176.6881,153.2312,29.6478,115.7496,156.2251,-52.8836,114.4264,-40.1710,180.8441,102.2667,156.3855,153.7785,234.1489
148.9927,51.0098,167.4735,87.9833,196.4826,130.8850,224.1301,160.5305,61.2902,87.1353,181.7242,-50.6325,144.2144,-38.7378,216.7047,49.8157,181.8243,208.9037,283.7245
177.3997,79.3558,204.4961,115.8079,266.0402,127.9800,286.3870,175.9114,112.3188,65.0129,199.7746,-22.9690,170.8139,-22.0329,246.4316,41.4015,228.6641,237.7759,344.5066
247.7325,93.4509,262.7532,126.7311,332.9182,162.9678,320.4996,185.6038,136.8463,92.2346,242.9949,5.6405,236.5395,-3.3195,225.9323,44.8461,326.3984,269.2052,407.7693
325.4688,111.8159,358.0110,151.8443,397.9689,200.0525,309.0164,163.8809,160.0232,103.2510,303.0698,44.6696,304.9521,23.6442,207.5451,9.4989,446.2332,258.7330,449.9215
396.9979,139.8982,424.4846,171.7450,427.0395,185.1146,291.7688,123.9810,232.3568,64.0475,318.6017,104.7381,325.3775,50.3757,250.6130,-8.4184,506.5220,189.1894,456.4351
461.8664,132.2549,423.6329,135.7310,408.2359,136.5501,340.2643,106.5729,364.4702,53.4157,292.5105,119.7758,315.9566,64.2722,319.4421,30.1656,491.1835,96.8437,468.8433
479.6747,82.8680,394.7861,79.3181,354.8156,86.1833,433.4420,111.5704,525.9892,126.9330,292.9519,74.8218,308.9183,68.2488,370.8457,58.8234,478.7710,0.4158,510.7478
453.6828,70.0434,387.7189,76.3843,313.8769,52.7177,474.7018,113.5322,651.2189,225.6489,321.7759,73.7673,310.2902,62.6712,427.8227,42.6888,493.0685,-60.2038,518.3339
441.4081,107.5740,409.8968,100.4587,337.1610,55.9729,466.6992,115.1470,689.1235,248.9408,332.1044,134.8505,334.2146,51.8639,510.6203,31.6948,483.2185,-49.6369,465.8811
437.1028,116.0504,430.2804,86.3296,393.4799,69.3368,485.1337,129.0983,670.1234,181.4792,337.4976,157.0987,382.5791,54.8917,587.8989,40.0949,462.9940,-23.1624,442.1874
417.0911,100.9179,416.7908,64.5283,418.3783,58.4503,526.5198,145.3225,660.9133,115.4168,365.1414,136.4491,420.9590,76.8981,624.3955,29.9231,482.2061,-23.6838,494.5798
425.4902,129.2439,393.0529,90.3469,430.3600,68.2112,555.4166,147.1176,672.2328,100.4983,382.0404,138.4115,439.2813,110.5232,625.7364,13.6439,516.1046,-8.8401,550.7846
452.7033,162.4875,413.9147,132.2305,465.0315,128.5498,573.5637,132.8349,671.5382,68.6597,372.5019,144.9659,465.7595,158.8323,621.5012,39.1189,535.1754,16.2899,552.4785
420.7141,144.9624,464.3369,141.1054,490.7336,162.9622,564.3691,112.0098,650.2097,-5.5060,386.2114,145.6024,501.6873,204.0586,626.8186,86.1579,558.0076,1.2084,515.0708
373.2642,123.5096,483.3294,123.4297,488.2729,120.6070,529.6406,93.5176,631.5756,-39.9491,444.0708,175.4144,528.0129,206.5425,636.4298,92.4454,566.6272,-20.6678,467.1009
421.2380,122.6086,478.7135,93.1683,489.0002,61.1960,527.6881,83.4636,631.7514,3.4527,498.7120,187.6640,551.2301,176.2839,641.4894,66.5413,532.3679,-6.3833,441.3302
515.7826,103.6367,490.6745,59.9506,504.3036,39.9038,555.4248,87.8820,636.8040,92.5440,514.2950,135.6743,571.2791,157.7663,635.0591,72.6505,495.2003,8.3496,461.4124
528.7485,81.6106,492.6615,55.6151,512.9815,45.8731,554.2850,105.4900,633.8002,199.0377,499.2947,92.3162,563.7394,143.4802,621.9324,121.0246,487.1436,10.6568,503.2430
460.3279,84.0251,448.9515,79.4487,497.0303,54.7502,553.3659,124.6635,640.3604,257.5753,465.4484,99.3954,532.4105,113.3250,617.9813,165.5337,482.8892,25.7702,537.9544
384.1384,77.7452,393.9789,75.5447,460.4547,47.9558,599.0158,136.9872,652.8065,211.0337,416.9344,109.3154,507.3500,108.3374,607.4551,183.8223,471.4626,31.5246,561.8031
324.2134,54.4542,369.3595,28.5245,431.9819,21.5211,630.5091,139.6605,624.2258,130.0955,364.3617,128.9402,493.5718,153.0130,557.1108,187.4250,452.2492,14.0432,557.9332
275.1237,41.4247,365.1875,-5.1682,412.7009,2.2467,594.0654,129.5366,557.5724,93.0520,319.1191,175.1948,475.4750,195.7294,501.2316,190.8723,408.4071,10.5100,522.1466
234.3633,30.4522,358.7339,4.7082,360.2003,7.7502,529.4849,114.7819,513.6891,64.6832,292.0463,185.7438,440.5817,203.9439,493.2090,206.6133,365.5395,18.2101,486.4836
209.8314,24.2748,341.1961,20.6332,291.7176,17.9943,478.3436,109.1594,490.1358,49.3394,292.8609,151.5355,391.2581,194.2940,480.4962,220.4413,358.4122,8.8866,446.0149
217.4267,46.4811,316.1131,10.6040,280.5969,14.4062,438.0007,102.6478,429.6185,120.8538,308.0670,140.9252,361.1179,154.6025,391.9178,188.7063,344.1836,15.9090,363.7159
233.1502,68.2389,301.8750,0.7342,309.5888,7.9117,374.6422,76.6184,332.4792,227.4910,310.7764,153.8159,367.8709,88.8588,280.7577,122.5091,289.9157,63.2775,255.6536
207.7888,67.5229,302.3683,30.6830,298.5044,22.4358,248.3851,40.2410,230.2621,236.6998,305.0965,157.5900,353.1618,78.8040,217.7633,102.4197,247.9505,95.0839,150.6824
152.8165,80.2036,288.5741,81.3247,240.7985,61.8266,94.9232,12.4897,124.1156,150.1959,307.8920,165.8563,269.3906,142.6455,172.6104,139.1021,239.2595,80.4519,40.8996
120.2707,98.7677,241.0526,98.1753,165.8156,94.9901,-4.7675,-2.7380,33.1106,72.1244,297.7330,158.6379,174.0396,167.5901,113.5127,141.5658,215.8052,77.2099,-49.2945
117.4215,87.9677,178.7897,86.3128,83.6290,99.5380,-60.5409,-6.3132,-12.9419,49.2714,246.9934,111.4835,122.1104,114.0387,59.4964,88.2433,166.4832,123.9799,-86.6709
110.4976,91.6849,128.1120,97.8916,28.4244,97.4826,-110.1205,-7.7683,-38.9164,50.7728,174.0822,95.1294,75.3266,86.7719,6.8377,64.2126,119.3706,168.2706,-108.9163
70.9560,143.5959,90.0285,132.9906,12.6576,108.9782,-109.4216,-21.4536,-75.5786,42.5830,107.4434,147.7734,11.4985,120.3979,-51.9879,83.0206,86.3992,157.6705,-136.2336
8.4713,186.7274,49.7125,161.1429,-10.0241,130.2430,-67.0682,-31.3047,-107.5313,37.9024,44.0861,177.1031,-31.7014,131.2977,-100.7036,65.0437,77.5913,128.0018,-122.8886
-26.3874,196.4991,7.4483,195.0109,-44.8552,168.4449,-84.7402,-12.2240,-119.4529,48.5497,-16.3450,136.7533,-61.2313,106.3095,-157.5158,10.6982,82.0731,131.8859,-89.4666
-26.2276,203.8828,-19.6567,229.3540,-65.6823,205.9451,-162.3043,12.5862,-101.9828,34.5090,-49.4656,106.4642,-113.3223,106.2642,-236.2005,1.8580,47.1328,137.5332,-120.2468
-53.8067,186.9304,-40.9397,202.0273,-111.1800,176.1757,-216.8935,7.7013,-39.4934,14.2803,-48.0038,123.5902,-165.6290,118.5629,-282.4868,52.2239,-43.7066,84.2519,-208.0730
-119.3857,116.7481,-97.7046,104.1251,-201.5016,71.5672,-248.3575,-8.7654,35.5699,93.7946,-51.8283,125.5626,-198.8102,93.2109,-271.1106,112.0985,-148.6490,-11.7821,-273.5848
-184.6596,36.9286,-191.8516,6.9491,-281.3301,-22.3429,-271.9787,-1.1217,56.6393,239.4705,-110.0083,82.0652,-252.0470,48.4062,-251.0108,151.4061,-246.0366,-82.9763,-292.7321
-275.6641,-7.7403,-272.7784,-44.3086,-340.3708,-52.3836,-266.1440,26.4157,7.4440,272.4423,-210.6674,45.2501,-331.0334,29.4482,-242.1729,149.3995,-330.2504,-91.9345,-299.4543
-380.4705,-14.5371,-319.2380,-45.4520,-399.7927,-37.7053,-275.8795,46.7546,-89.1237,189.3522,-287.6566,57.0570,-385.5362,43.6781,-242.4496,110.2023,-376.7375,-57.0117,-334.7745
-390.1621,12.3093,-355.4406,2.8899,-418.0673,-2.6899,-342.9430,44.5267,-207.1959,155.1481,-324.4515,88.0994,-409.8661,66.7989,-286.9860,91.6460,-389.4928,-34.1257,-407.0211
-327.0789,50.4472,-390.9350,58.2929,-394.3685,28.4969,-408.9928,29.3805,-299.4290,185.8190,-372.9958,93.5394,-445.4414,66.4850,-360.2039,111.5190,-402.3497,-46.0783,-463.8570
-343.7660,65.2693,-418.4930,65.6560,-410.5959,36.8487,-456.9876,31.8336,-344.7044,169.2661,-440.0912,78.5773,-499.3344,46.9997,-387.6522,111.2020,-422.6686,-40.7073,-465.3076
-426.8393,61.5337,-448.2500,51.6822,-469.8755,48.0374,-530.1647,62.9307,-389.7613,80.4261,-478.4995,71.8941,-547.0270,56.4170,-387.0228,75.3219,-440.2097,7.9630,-451.8336
-454.3461,69.3676,-492.1066,77.9283,-499.1685,89.4873,-578.8205,87.0449,-460.3112,-46.7732,-494.5192,80.4708,-574.4404,98.4000,-436.5945,37.4607,-446.8404,43.3711,-466.3547
-452.2706,93.0709,-533.5901,131.9623,-494.4698,138.3707,-566.1705,70.8342,-523.0066,-170.5155,-518.7609,92.7199,-572.0181,114.3034,-505.3271,-16.3494,-436.0974,49.8260,-499.2437
-484.5946,103.1105,-538.9987,155.4403,-482.7789,159.8221,-583.9701,36.1147,-555.4193,-202.2506,-522.3950,81.2231,-531.9374,90.3604,-501.4511,-83.8298,-439.7207,77.2461,-527.6135
-516.6173,65.9312,-499.2378,123.2310,-451.2400,134.2881,-632.8221,28.9242,-548.5756,-114.2252,-498.6593,31.1686,-471.8966,68.0849,-428.4481,-94.6755,-499.5913,111.0623,-513.6183
-534.6859,3.7263,-455.0319,60.5797,-408.5527,67.6385,-578.2438,58.3465,-498.7642,-22.9623,-506.0761,-6.8276,-428.4471,55.2562,-366.9258,-48.7993,-571.3936,103.8790,-434.5599
-538.6530,-8.2047,-448.3124,25.8311,-381.6962,18.7312,-440.6223,92.7821,-452.8797,-28.4587,-541.1791,15.9402,-412.0390,37.8523,-369.3657,-31.8048,-575.9761,85.2602,-360.3282
-489.3325,44.0818,-455.7071,50.2900,-364.3056,30.7054,-379.2807,101.2345,-448.0325,-84.6430,-536.0262,49.8487,-393.0042,26.0589,-417.0393,-51.6762,-524.2635,77.6075,-363.1680
-433.7450,90.3675,-437.1759,88.8956,-356.6671,49.1763,-400.9469,75.6354,-439.7487,-98.7406,-490.0711,43.1026,-352.3401,19.2975,-443.5151,-54.2897,-472.3687,39.8920,-396.7064
-442.9835,95.4820,-413.9694,86.3160,-374.4374,20.8994,-397.5311,26.6979,-408.3549,-75.8969,-436.4630,36.2820,-315.2687,5.0440,-416.9980,-49.2120,-437.5160,-14.6652,-409.9905
-449.8407,77.6551,-414.2451,54.8105,-403.3587,-11.0961,-363.9042,-15.4217,-403.0632,-106.9307,-361.5481,55.8738,-299.5852,-0.4348,-379.2960,-59.7943,-422.8849,-25.3803,-431.0095
-419.3971,42.2671,-410.1995,35.2302,-419.1330,-4.2412,-354.3895,-20.4211,-412.0617,-200.7198,-283.7596,67.0640,-281.9001,13.9394,-361.8519,-61.2856,-420.2097,-4.3778,-448.4644
-433.9400,8.3514,-376.8765,39.5713,-408.1951,13.4658,-362.9033,-4.2549,-384.2043,-232.9588,-262.4612,65.0770,-257.0163,22.8862,-341.6026,-52.9750,-401.7014,8.2979,-417.2784
-441.3945,11.4451,-332.4060,55.2542,-361.5595,13.6061,-358.9900,-9.4113,-356.0731,-150.6178,-271.2143,59.6208,-251.6791,10.2096,-311.3580,-63.2515,-373.3174,22.1546,-371.8099
-322.5290,33.6223,-289.2490,59.6472,-305.1771,2.6877,-335.3260,-31.5643,-367.2253,-54.2135,-233.7202,32.1424,-251.6517,-17.9754,-290.4174,-77.2477,-357.0484,34.4668,-357.1072
-180.0820,34.7976,-241.2890,39.8409,-272.4609,-7.0429,-298.1148,-38.5634,-365.4863,-7.4511,-165.3342,0.5836,-216.8563,-55.3251,-270.3243,-58.7321,-331.3127,13.6806,-346.5651
-146.9824,13.2142,-194.5135,7.9345,-236.8090,-14.8114,-258.5865,-33.9772,-321.6194,6.1786,-125.5335,-9.8766,-164.1236,-79.4835,-236.5750,-6.7336,-284.2654,-31.5722,-312.9197
-144.3194,-32.0942,-154.5697,-26.4524,-175.6210,-35.1243,-221.2239,-24.6866,-273.0496,-22.8221,-107.4882,-43.0256,-131.3015,-69.2326,-198.6381,47.7900,-241.1693,-64.7660,-251.6436
-99.8722,-96.4512,-111.7579,-66.6105,-128.3580,-64.0205,-182.9223,-0.6124,-227.9975,-63.9710,-81.0400,-105.5566,-100.5756,-51.8840,-154.7803,64.4712,-189.5257,-72.9888,-158.2134
-49.5922,-133.4328,-59.6089,-100.7197,-97.3670,-65.5813,-144.8915,5.6180,-187.1123,-53.7883,-49.8039,-113.2574,-42.6153,-58.8777,-97.6082,32.4322,-109.9716,-64.3464,-74.6090
18.8728,-120.6892,1.7334,-111.3732,-27.8908,-47.1777,-103.0074,-44.5757,-184.2434,-62.9538,-14.3381,-50.6682,27.9620,-62.4565,-49.6791,-7.3471,-40.5235,-57.3091,-51.4782
103.4953,-83.5028,68.2329,-96.5142,77.3686,-55.0135,-49.0148,-107.0614,-188.9894,-164.6151,35.8148,-1.6781,89.5109,-32.1555,-20.4827,-20.8953,12.0797,-64.3545,-53.8375
139.1021,-33.3759,124.5107,-61.7446,159.9449,-66.4767,7.1248,-127.3082,-115.7577,-229.9344,79.5042,-0.8129,133.8119,-2.9103,24.7239,-25.2206,92.2875,-72.2118,-24.6887
156.0057,3.0628,157.8503,-31.2203,191.0828,-38.3991,54.9669,-126.9261,21.2552,-173.4055,85.7912,-15.5851,149.1125,-17.7320,93.5406,-38.3062,177.4814,-69.1453,35.6755
211.1671,-23.8361,179.0417,-32.1999,187.1565,-14.2958,106.6449,-129.1971,122.3184,-136.5125,80.6076,-18.5088,147.0301,-48.8279,135.3287,-47.8760,214.8010,-64.0881,110.5561
247.5467,-82.0316,213.7035,-40.7412,199.0110,-24.4743,162.6732,-121.7001,149.7063,-197.4990,118.8694,6.2885,170.7526,-38.1002,125.8535,-47.5864,230.0677,-57.9344,173.7099
255.9069,-97.3423,270.2045,-26.5700,260.0247,-15.4070,202.8031,-115.5629,138.7666,-252.1851,183.4560,45.7173,233.4770,9.6042,116.4415,-50.9519,253.4681,-40.9729,201.3315
297.1541,-86.6874,322.4578,-23.2739,319.6585,17.6755,235.1026,-117.5143,133.3929,-251.7775,201.3931,62.7776,297.9865,38.8717,162.9751,-65.9026,261.9473,-13.7044,240.3525
308.3857,-87.8414,341.9350,-45.8721,333.0208,18.0586,289.5876,-96.8614,172.9544,-227.5621,173.8707,65.9915,336.9858,39.1138,246.0881,-80.4840,264.2694,12.5220,330.9573
247.3765,-76.6182,339.7845,-45.7773,355.8228,-6.1080,359.1737,-58.7265,251.4154,-160.8722,175.1754,86.9618,366.2631,45.0145,295.7635,-76.9113,285.9454,14.9866,402.5016
251.1257,-63.1125,345.5249,-29.2840,419.5591,-18.6773,407.4311,-43.7194,295.2371,-56.1856,217.2861,112.3687,406.5876,55.7545,286.4003,-53.5275,296.6705,-12.6690,410.2213
352.2705,-87.6997,362.4545,-51.0031,466.0135,-31.0461,428.7983,-46.5384,275.2162,1.8797,249.0674,126.8900,448.5507,51.3017,270.9160,-13.8641,278.9744,-26.0308,427.0163
394.8600,-121.1429,382.1821,-87.9727,484.5185,-46.4967,450.7803,-41.4861,266.6276,-33.9503,264.5586,130.9642,472.8435,43.7374,298.7725,46.4001,265.1664,0.0931,480.2842
361.5512,-136.4618,401.7457,-102.6063,506.2268,-57.4883,484.0273,-30.2374,316.5944,-104.6177,286.8753,96.3550,485.1275,27.9055,344.5615,102.4285,263.5098,9.9299,511.0566
370.7072,-163.4640,404.9325,-126.4796,495.4117,-81.2491,515.2686,-9.4829,374.3272,-115.3941,308.4419,31.7744,501.6533,-20.3967,369.8412,105.3970,272.0257,-26.2826,510.8412
409.7732,-183.9005,390.6149,-150.4552,443.9615,-102.4641,534.9606,14.2450,404.3440,-64.7774,329.4687,17.5595,513.1512,-57.3412,398.3328,60.0187,313.4081,-46.9195,499.7442
418.3141,-154.8386,396.3045,-120.8009,432.2842,-86.3594,532.4482,0.9112,422.6087,-54.9492,368.9114,66.3023,505.6427,-27.8797,451.8961,14.3553,374.4243,-22.2643,468.3222
436.1094,-116.2651,431.4909,-77.1295,474.4789,-61.1040,497.8430,-46.1217,415.6285,-102.2631,414.0819,95.3497,496.8765,17.3872,487.0876,-14.5225,419.7713,-5.1497,444.3775
473.5879,-107.8919,457.0247,-80.8328,497.1501,-60.7946,459.5801,-67.1515,375.0895,-100.3783,437.0284,83.5573,502.5305,14.7540,487.1437,-21.2500,466.8668,-25.9739,454.9044
480.3702,-95.0324,456.5026,-89.2282,484.4275,-66.3567,464.2561,-51.5288,360.8974,-52.0002,432.7981,80.8786,504.0927,-8.2690,512.5683,-1.5158,529.9550,-59.8869,455.6646
468.6301,-69.1360,440.5520,-70.5294,466.0150,-75.7328,502.8540,-49.5034,393.4156,-53.8465,407.6886,84.4208,491.0308,-29.3784,563.3724,-1.0998,569.2661,-79.0213,439.7719
471.1865,-63.2126,409.0242,-71.5302,442.1296,-98.9228,526.0305,-87.6840,399.2443,-70.4115,385.9331,61.6255,480.8340,-64.5279,538.8904,-45.2543,574.5546,-73.2543,459.0598
463.4901,-71.0137,379.8251,-92.7678,420.9653,-105.1167,519.8878,-145.9938,361.2806,-50.4736,399.0606,33.6615,477.2818,-84.3781,427.5288,-71.0297,571.5167,-60.5171,480.2467
426.8931,-78.9648,378.1553,-93.1658,413.5453,-90.7495,499.7563,-181.0078,352.9467,-74.4203,420.6989,29.2429,466.1567,-76.8103,348.0315,-61.0410,543.5544,-66.4380,440.5486
380.0111,-95.5061,376.9908,-89.6539,399.9586,-93.3323,476.2344,-162.6131,382.2614,-126.7794,397.3572,25.8156,444.9261,-101.3093,339.9382,-86.0057,481.5859,-73.6141,391.5511
330.5029,-100.0225,350.2700,-98.0502,386.3586,-101.1914,462.5220,-118.7143,387.9818,-81.6199,347.9660,-3.8708,413.1622,-149.2702,329.8972,-139.0472,435.7169,-55.1435,385.5538
272.1832,-75.2389,332.1212,-84.1315,399.6905,-83.7375,455.1830,-97.6635,368.4278,-1.7988,322.8658,-43.1713,373.7008,-141.2486,308.1932,-153.0607,422.4318,-24.1047,375.5231
221.1675,-55.5257,337.4214,-48.3060,415.6986,-54.6233,429.7334,-96.2506,347.8980,-26.0152,313.6321,-70.1947,356.4614,-107.3327,309.5368,-156.8152,398.6695,17.2641,342.8318
217.2977,-57.8668,337.0147,-27.5056,410.0446,-20.8981,393.1503,-89.8850,296.5551,-84.2637,296.6345,-99.2404,373.7139,-129.9995,286.5960,-192.3575,357.9783,80.3194,324.6448
264.7295,-56.4857,336.2780,-21.5147,406.6323,14.0637,367.5547,-76.3105,212.9527,-81.6465,280.0386,-138.4383,379.3595,-165.7407,217.2342,-205.4346,329.1673,121.6858,312.9467
290.6611,-53.2478,346.8037,-19.0743,394.3556,13.0065,331.0260,-52.3166,165.1793,-71.2300,259.9050,-160.6583,341.8249,-146.9200,196.7671,-167.5427,305.7360,101.7130,287.8605
245.1695,-64.5068,329.0754,-28.1421,328.7172,-15.5136,262.4602,-25.0771,167.5153,-68.8869,222.2302,-160.2146,286.3242,-118.3748,250.7001,-128.3610,274.0533,66.0598,261.8256
191.2995,-65.3052,269.2220,-31.7489,236.0291,-11.4833,186.0963,-19.2915,151.4186,-37.1883,182.3699,-160.6547,224.4280,-125.9370,256.8649,-107.9400,244.3946,63.1084,224.4857
173.8193,-38.4184,215.2190,-5.6960,176.5942,13.6743,119.8876,-15.5470,101.2031,-11.9173,151.3461,-154.5100,150.4454,-145.7127,169.1787,-90.3593,204.6521,72.4184,172.7260
132.0051,-21.6819,181.9501,17.2790,144.3634,3.0908,72.6128,25.8639,82.8764,5.4308,112.9953,-131.3206,100.2880,-158.2777,91.4782,-64.9126,136.7266,55.3075,148.6369
61.4861,-44.3717,132.6165,-13.0394,102.0032,-37.8889,65.7687,71.7442,103.5991,66.2348,68.6691,-116.4445,88.8989,-145.6238,75.0841,-10.8743,75.2186,-8.9402,136.4931
47.9928,-73.0385,58.4354,-74.4644,44.5590,-79.1837,70.2859,67.4692,74.6366,108.4482,39.9217,-103.9338,57.8329,-90.0125,53.7277,53.6215,55.4272,-97.5449,71.4866
76.7681,-64.6528,-12.7523,-96.6917,-14.4206,-106.2269,27.1304,33.1151,-32.5169,54.2383,28.3137,-70.0236,-10.8983,-46.8348,-18.8288,59.6845,49.0925,-135.8212,-8.0954
53.8630,-34.9576,-63.2984,-72.9711,-70.0251,-99.1924,-44.2440,9.5637,-121.9213,-21.2741,19.9853,-58.5235,-64.6143,-70.9561,-120.7312,11.0497,26.4550,-110.6571,-32.6283
-1.7971,-23.5581,-100.8700,-63.6498,-134.9492,-75.8454,-100.5646,-7.2085,-128.8251,-44.6828,5.0012,-88.1495,-108.9007,-96.2769,-208.0232,-13.7402,5.6211,-108.3523,-66.9228
-10.5546,-13.6787,-139.0617,-73.9039,-210.6033,-75.7986,-164.9698,-35.6328,-112.8839,-58.4616,-29.3397,-77.5392,-182.5526,-53.8867,-234.1034,-4.2192,-7.1389,-141.8248,-180.4275
9.3977,38.4744,-165.8745,-45.8979,-249.9278,-72.3881,-245.0812,-86.2546,-143.1326,-81.9840,-88.4503,-8.8973,-239.7874,0.5401,-200.1241,-14.3538,-27.8368,-127.3955,-296.9786
-5.8751,109.7268,-164.5545,11.1745,-225.0636,-39.9679,-304.2737,-147.6071,-205.8515,-86.0759,-148.4047,30.4580,-244.5506,7.2642,-180.9244,-56.6887,-40.8044,-77.3135,-348.0025
-70.1664,137.1080,-164.0891,34.4249,-206.0609,-26.8294,-345.1845,-169.8142,-249.8725,-81.9659,-184.5981,21.9870,-261.7878,-7.7437,-216.0791,-101.5868,-44.8197,-70.0804,-369.4891
-171.2334,118.6042,-196.0347,33.7463,-257.0995,-33.7467,-369.2106,-126.9378,-243.4813,-80.8490,-217.3810,2.2316,-315.6396,-22.7305,-252.1317,-121.4750,-95.2801,-74.3720,-363.6512
-277.4977,99.3574,-236.1996,45.5373,-327.7792,-2.6593,-345.6689,-67.8399,-214.3864,-64.6114,-277.7025,-37.6350,-347.1948,-44.0430,-266.3024,-111.6886,-192.5229,-39.4303,-309.7953
-326.9558,92.3974,-268.6016,42.8166,-363.2402,30.2898,-323.1976,-44.8696,-245.9310,-41.5307,-340.0354,-64.3726,-366.1520,-54.4618,-314.7991,-97.5137,-247.8077,-21.7774,-285.8997
-301.7017,84.0089,-320.9188,22.2692,-394.0556,3.8123,-375.9356,-50.7753,-349.7662,-16.6787,-364.4089,-28.1979,-422.6374,-49.0222,-398.1188,-87.9754,-245.3931,-43.5431,-334.8922
-277.9332,77.2140,-379.7349,33.0311,-431.9465,-19.7358,-437.2718,-49.6267,-414.2385,41.5452,-387.0035,-10.1128,-475.6028,-54.3030,-438.9240,-59.0381,-270.9774,-28.9276,-353.9712
-323.7875,84.2641,-398.5509,59.9978,-436.1542,13.0320,-415.6160,-21.6036,-382.5515,117.7596,-463.9539,-61.4510,-485.3919,-62.0344,-433.7608,-24.9245,-331.3095,20.0165,-307.9359
-388.6817,105.7798,-398.7477,54.7676,-418.7668,32.7740,-367.2208,7.3642,-335.8140,140.2615,-556.3430,-38.9628,-506.1655,-35.9595,-459.7899,-28.7482,-344.4725,8.7362,-306.1122
-393.1815,134.5608,-430.8558,42.2058,-435.6014,1.6977,-375.1618,-13.7421,-332.2635,99.7201,-595.4453,127.8962,-564.6746,15.5296,-517.5019,-55.8931,-313.5069,-64.9520,-363.2027
-378.6879,159.1513,-487.0495,43.6787,-489.2657,-22.1481,-426.4771,-77.9496,-352.0769,43.4924,-606.3428,280.4873,-613.5618,54.9405,-530.1193,-68.5101,-310.6574,-114.4019,-387.2791
-428.7671,157.8438,-541.7026,19.6770,-548.1107,-18.4332,-486.7570,-130.5555,-395.5951,-49.9489,-649.2708,316.7099,-636.4594,71.3419,-494.3807,-78.2394,-333.2508,-127.9896,-402.5625
-515.6074,111.1378,-592.6388,-30.8112,-603.6483,-29.4023,-539.4058,-172.9917,-450.8181,-218.1527,-715.3625,308.3087,-657.1217,69.7500,-480.1277,-106.2006,-345.4868,-165.8765,-477.1209
-582.3140,29.5976,-636.0468,-75.4260,-647.2552,-76.2923,-568.4617,-235.3915,-448.7553,-352.8585,-762.1868,291.3317,-681.4501,48.1567,-493.6168,-141.5632,-386.6309,-232.0020,-542.5135
-655.8220,-58.2964,-668.5229,-133.8956,-660.0348,-145.9984,-580.1008,-281.4775,-388.4749,-316.3832,-772.3556,231.5746,-698.5276,11.9581,-478.1730,-159.2195,-499.6231,-272.7905,-533.6467
-738.9971,-142.8331,-686.2742,-211.3853,-641.7123,-208.1605,-574.7144,-266.5943,-361.5214,-188.2705,-744.3114,147.6534,-679.6674,-19.2398,-430.5521,-142.7504,-621.5468,-269.6258,-505.9440
-766.5617,-210.2775,-667.5860,-247.3848,-597.5508,-232.3438,-529.2526,-220.0894,-393.7867,-133.5577,-689.3281,79.5942,-606.2165,-35.1338,-399.1351,-119.8811,-654.8257,-246.2919,-482.0712
-732.5410,-222.8348,-610.8578,-224.0634,-527.2144,-224.4232,-464.6257,-192.2303,-424.3762,-123.9595,-629.9899,17.8803,-528.8970,-50.9880,-396.4806,-133.9518,-603.9096,-218.4156,-423.1970
-668.7314,-196.7197,-551.7726,-199.4427,-452.4166,-209.0297,-421.0901,-193.7588,-419.9117,-70.1022,-571.6702,-63.0692,-495.8891,-83.0332,-401.7259,-150.5140,-556.1442,-194.4403,-354.0271
-572.6484,-218.9190,-502.5276,-212.5147,-404.5295,-189.6673,-378.9642,-198.2573,-378.6883,-33.7025,-505.0502,-156.1692,-464.5880,-116.2294,-401.5566,-115.3363,-553.4719,-186.8155,-306.1203
-504.4664,-304.1193,-448.9648,-249.0753,-379.9060,-175.1817,-323.3215,-167.1238,-293.5450,-59.5356,-433.2598,-212.6391,-405.5276,-121.7988,-375.1468,-75.5476,-561.2298,-185.6798,-241.5961
-529.0623,-356.0666,-397.9407,-268.7688,-347.6458,-184.4046,-289.8406,-108.4269,-192.4800,-69.7532,-374.9609,-198.0673,-366.9413,-98.4087,-308.9172,-81.9250,-548.1440,-166.7366,-160.5868
-528.8558,-326.9658,-351.1589,-240.6667,-291.1264,-195.8075,-278.2532,-78.9146,-132.0458,-55.7112,-350.3882,-157.9542,-353.9534,-72.1954,-242.3403,-91.8973,-516.1542,-135.9931,-118.7736
-393.6779,-272.5248,-295.2679,-191.8716,-223.3826,-175.0083,-251.8726,-87.5001,-117.2028,-71.5566,-346.7797,-150.3227,-316.4373,-66.6753,-211.5563,-89.7039,-467.5687,-120.2686,-110.5484
-267.0140,-239.2964,-245.5418,-171.6277,-173.1839,-140.4520,-210.2862,-92.6735,-102.9929,-76.6304,-311.9746,-153.1586,-261.0739,-77.3373,-178.2016,-102.2094,-410.0248,-124.3171,-98.6005
-268.9018,-220.8952,-210.0124,-160.0511,-147.0415,-119.9781,-165.6131,-92.7564,-67.8616,-41.3862,-233.6196,-127.6946,-214.0097,-69.8567,-108.2965,-83.4670,-351.3796,-127.5398,-95.0712
-259.7464,-197.7265,-153.2330,-114.2112,-112.3160,-96.1370,-121.7466,-100.8732,-18.8118,-23.6902,-163.8172,-90.9185,-152.7245,-33.6822,-44.8056,-9.0894,-265.8255,-104.2039,-106.2598
-147.8801,-160.8470,-73.4897,-66.5006,-55.5529,-63.4863,-93.3049,-95.6481,41.5731,-21.0547,-115.0556,-75.3452,-78.0293,-20.1709,-18.7891,30.3622,-144.1501,-53.3423,-104.3231
-51.8174,-131.4391,-20.7460,-64.4920,-14.9639,-56.2660,-64.9845,-75.1553,90.4133,0.4276,-46.5885,-99.9879,-24.6453,-55.9828,5.5262,3.4822,-47.2636,-17.3493,-77.2904
-26.4616,-129.9934,0.4427,-82.2265,-2.4810,-69.7391,-7.9053,-51.3021,81.1120,0.2620,29.6599,-158.7613,14.9596,-76.6087,44.7990,-7.4847,-17.2964,-26.3644,-20.0692
-6.0024,-122.2118,29.7870,-72.6263,27.6836,-53.3082,44.8406,-1.0932,30.4664,-2.3077,75.3252,-200.0388,56.2486,-42.1238,69.6918,9.6501,-10.5846,-45.5034,72.4657
10.0000,-84.7403,64.3470,-35.4286,88.3759,-10.0603,71.1840,65.3191,27.3863,77.5021,110.5147,-196.6986,77.9466,-16.3834,76.9431,2.5088,12.4487,-42.6476,163.1734
1.5881,-61.9900,78.6337,0.3009,135.5817,2.3669,125.3319,86.0158,93.6083,177.3541,140.4801,-192.4575,80.8290,-41.8067,88.4326,-9.3309,42.7584,-45.5642,205.9182
20.9981,-62.7973,83.0868,9.2655,152.2419,-24.6289,211.3572,59.5218,156.5050,174.0145,123.2717,-200.9173,94.3466,-72.2970,101.8280,0.6634,90.0676,-67.7645,212.2664
89.0583,-45.1872,97.1206,-16.6944,160.3504,-51.6970,256.7703,38.1353,187.4820,111.0839,91.4592,-194.8789,120.8650,-85.8314,109.4872,-3.4818,162.2018,-75.0940,218.2220
160.6153,-40.9904,118.8333,-65.3407,165.4351,-73.9442,252.9508,30.4671,215.0504,79.7009,125.4926,-213.3322,145.3216,-115.9862,121.9276,-27.3083,206.7062,-69.2303,233.6158
208.7474,-95.5676,140.0490,-112.1277,161.5706,-108.2155,242.0989,24.4456,233.5911,63.7416,196.0929,-285.1967,158.8211,-159.9543,147.7614,-37.1751,189.9101,-96.4862,253.9885
225.8874,-143.7093,158.9523,-134.9283,154.0211,-146.1430,225.8554,16.6001,243.2807,46.0433,219.1398,-321.2665,157.3274,-179.1682,191.4207,-43.9980,160.1190,-159.0142,267.7361
217.6132,-137.4512,179.6161,-137.9436,151.5403,-176.8172,217.3864,-11.7531,281.6837,47.6679,210.6146,-269.8098,162.4839,-170.0889,253.3947,-70.1311,157.5828,-203.1311,265.3142
225.4617,-137.5110,199.3712,-146.6039,169.5914,-189.5307,251.7225,-40.2300,330.1137,50.7131,233.9574,-220.5195,200.6716,-163.2859,307.4466,-85.6964,159.6888,-188.6343,267.0590
254.8603,-156.2806,202.3661,-148.8015,208.8992,-157.9177,301.7424,-7.9903,335.6243,40.4536,283.4171,-227.9833,249.7025,-177.0225,320.7379,-51.5581,154.9900,-128.4918,302.2012
247.4017,-129.3889,188.1742,-101.6487,231.5016,-93.1664,321.5748,68.6658,321.2047,51.3371,315.5019,-236.1697,273.7775,-185.5730,303.6635,22.2892,170.9798,-71.5400,361.5091
194.9579,-67.9218,183.1735,-30.1097,223.8860,-49.0548,322.7404,123.9245,325.1805,105.9784,307.7945,-216.9689,272.9283,-143.1479,289.7547,83.8359,200.7753,-47.0716,398.7563
159.7276,-35.1468,191.3622,-7.2947,223.5448,-28.4281,324.2141,162.4436,327.9724,175.5017,252.5961,-190.7868,255.1387,-63.4022,277.5015,94.9520,189.9736,-33.1471,374.1580
163.9377,-35.3936,177.1292,-25.1572,219.9160,6.9556,321.4111,199.4881,328.5848,201.4106,160.1253,-153.3885,226.5090,-12.8486,244.0511,80.1877,125.0800,-2.3152,299.0647
176.2746,-42.7773,128.2101,-20.7644,157.4568,43.5826,303.3222,200.1298,347.0424,166.2071,70.8391,-116.2691,196.4354,-1.2942,197.8405,85.0916,68.8846,36.2980,229.7981
181.2225,-33.2531,86.3442,9.3382,77.0217,58.0526,245.1737,175.7515,359.9573,143.4402,31.8227,-120.4953,155.8851,12.7670,170.9430,98.3769,74.5012,70.6271,197.7091
180.5809,12.2213,95.6200,43.7986,82.3167,81.1904,160.8458,176.5975,351.0045,185.9333,57.7011,-151.6732,119.4794,24.3896,175.1257,84.8167,113.9511,109.4782,182.0958
171.4942,56.1615,149.0558,89.2724,164.1681,122.3357,128.1170,185.4887,325.3331,222.7740,120.0657,-155.6781,144.2263,18.9936,197.7372,62.7840,134.5689,149.0495,169.2892
164.0554,53.3745,193.6141,124.0331,221.5729,138.9754,158.9905,165.5871,254.7209,185.4564,184.1881,-133.0190,212.7797,30.6005,217.2312,66.3824,138.9888,162.3140,166.4021
178.5608,47.0393,191.8012,112.9789,209.9353,122.5568,163.5184,132.0124,148.9762,100.4986,241.2160,-113.5468,233.9549,59.0446,202.8071,71.0467,156.6959,135.6197,159.6746
212.7473,76.8790,168.2087,84.2894,158.7583,106.2872,112.6080,97.9993,89.8398,0.4666,285.2773,-88.1089,212.7499,56.3801,146.2770,38.0816,176.3023,95.5965,139.9928
236.5659,92.3392,169.3456,78.2807,119.1192,104.5719,74.0852,62.5630,91.8308,-78.1866,298.3683,-54.7379,214.2100,33.8407,98.9810,-2.0769,160.7824,86.6494,128.3515
229.8758,72.6850,198.8266,84.2281,128.8200,115.0241,81.4118,45.5980,98.2190,-69.3074,283.1126,-53.2984,203.5149,36.5118,101.3361,7.4501,118.5910,115.0308,126.8500
216.4292,72.2983,226.3160,98.9200,167.3832,135.1701,109.9926,52.0484,109.1388,2.7842,264.7345,-77.0440,147.6049,49.9066,106.9751,48.4157,104.7631,144.8362,113.8067
232.6117,106.2047,237.4299,140.6377,181.0331,160.1610,126.6726,59.3860,130.4529,35.1289,255.8351,-53.4785,119.9917,50.3048,74.9183,54.2456,129.4221,161.7780,84.3622
271.9000,150.3553,241.8866,186.9933,166.3479,189.4027,99.1719,56.7886,118.9651,19.0566,255.9742,22.5658,136.0680,56.5055,53.9378,16.9073,134.5508,177.6374,39.7375
291.9328,203.0494,245.7221,202.8956,149.0328,206.6870,43.4893,42.2063,89.7533,16.4321,254.7905,69.5438,117.0986,76.4992,71.5676,-15.5955,101.1175,174.9270,-12.2167
255.3619,240.0821,234.8869,198.6803,119.9845,185.4489,27.6010,24.9793,88.3775,36.9779,224.6580,73.5292,70.2501,102.2440,69.1088,-12.6614,79.7617,139.5533,-38.9865
163.2437,222.1454,188.4383,191.5998,74.1179,151.2950,57.0865,31.9306,73.9734,59.7571,163.8036,93.4627,56.1452,134.2691,22.7951,27.2771,76.5097,114.8998,-43.0511
74.8118,173.7430,111.2383,171.4678,31.9791,147.8208,54.7536,53.4399,10.2134,61.8193,109.1255,110.8239,45.9173,150.1586,-21.3644,80.1461,40.0569,128.4045,-79.7031
45.5731,145.1701,38.7474,138.5269,-11.0044,147.2225,-16.2576,58.3301,-48.0049,43.5120,60.0026,72.6168,4.0781,133.8070,-37.8269,104.8715,-21.7126,136.4348,-147.9860
38.1549,144.1346,-1.3994,116.5445,-60.6683,117.0351,-109.3211,72.6988,-58.8877,77.5155,-13.3303,33.4556,-35.1036,127.3566,-15.2697,108.7213,-61.2033,109.5894,-189.1221
-4.2890,162.4560,-16.9783,116.4145,-88.7098,92.3409,-166.2119,114.2790,-43.9967,178.4299,-66.2530,57.6602,-61.1444,146.9494,47.0601,130.7496,-88.5856,71.2325,-213.4649
-39.4828,186.0204,-40.5445,120.9200,-101.4739,81.2943,-174.1337,120.9595,-43.8273,219.9935,-30.6419,84.5849,-91.9817,130.1913,68.9567,136.8831,-118.1834,33.8481,-268.4273
-29.9986,185.6635,-91.9112,110.8129,-150.1691,49.2588,-172.0605,73.4803,-95.8327,176.3373,37.4023,50.6608,-114.5481,60.3102,-11.0756,82.2853,-121.1246,0.3109,-325.6223
-50.0961,165.6256,-149.1252,93.8649,-231.6011,24.9922,-203.0966,43.4812,-173.1812,169.0788,26.8769,6.3037,-137.4065,16.3735,-93.4443,31.2056,-108.1257,-8.6667,-344.8864
-124.3459,158.4957,-179.9825,87.7762,-290.6859,46.0353,-260.8542,52.2874,-201.5482,171.1706,-40.6186,9.5247,-192.8839,42.0813,-79.6779,38.9078,-124.9092,-2.5829,-355.3821
-150.9173,153.5564,-190.0844,79.6776,-316.7744,62.3734,-316.6656,59.0572,-204.3024,76.6332,-59.4061,39.1234,-255.1540,87.6938,-46.6109,53.8350,-170.1987,-19.4533,-379.0777
-116.7181,120.0204,-202.6506,48.1934,-335.8611,38.3884,-352.1898,68.2341,-240.9907,-0.9933,-31.8277,56.7328,-280.4756,103.6216,-77.1234,65.6845,-229.5444,-50.4807,-385.0031
-138.8783,80.9833,-223.2770,13.4581,-344.6780,16.5993,-339.4531,96.9935,-248.9060,68.6820,-47.7253,63.1672,-280.1463,102.3187,-122.1278,123.3890,-297.5342,-59.4191,-358.2818
-215.2328,86.5036,-253.6432,9.7793,-326.5098,18.0185,-281.7907,121.0107,-206.4543,161.0427,-105.0444,89.2360,-270.8564,119.3550,-147.2646,174.3253,-311.6530,-54.7938,-319.5462
-206.3531,137.6134,-283.8353,35.6047,-289.9783,26.8782,-253.1291,128.4382,-244.6245,147.8613,-113.8006,150.2356,-247.1756,153.7336,-193.0654,146.9457,-221.0929,-60.1485,-276.6429
-98.1250,176.4337,-273.9834,67.7622,-255.8121,41.6452,-285.6329,131.9474,-366.4662,104.9846,-71.1089,205.0734,-220.2876,170.4693,-252.7325,107.0703,-105.9720,-64.3252,-214.3967
-26.5453,154.7836,-217.6284,82.9910,-229.0405,46.9723,-289.7434,136.9097,-392.4374,110.2383,-64.4714,207.7773,-191.6881,162.9164,-268.6623,114.0008,-65.9995,-49.6975,-125.6138
-42.2593,98.7571,-166.4619,63.1139,-193.4785,30.9296,-188.2600,146.2385,-290.8310,111.4448,-91.7084,180.0831,-133.3041,156.2690,-230.3513,111.4171,-77.3199,-13.4739,-41.5164
-57.0016,62.7011,-127.5524,25.5512,-134.4412,28.2773,-43.0484,143.2291,-183.9102,44.8989,-54.6349,155.5650,-48.1172,141.1345,-181.6948,88.2110,-70.0942,39.5597,-4.5738
-3.7314,47.4487,-51.9313,14.6731,-60.7986,46.4240,33.7601,107.6962,-83.5679,-35.5263,54.7838,120.6241,26.0431,93.9734,-153.5779,109.3695,-22.8326,82.6496,7.6526
86.0541,40.7688,47.7007,31.9412,10.8816,43.9217,32.4552,82.9773,48.2830,2.8464,135.9529,86.3247,77.9474,50.8105,-106.7644,154.4607,54.7875,86.8442,55.9429
145.2752,67.1171,113.0986,39.8156,80.4293,30.5449,42.0128,106.3053,152.3314,137.8530,151.3563,107.4123,123.1727,56.7451,16.8022,141.8172,127.9019,76.4447,127.0862
150.8611,115.3097,153.7101,38.7334,155.0624,44.7581,105.1108,112.4590,180.8826,155.7708,160.6827,176.8518,174.9068,85.7524,158.6723,81.4772,157.0154,100.1920,160.8563
151.7818,129.9061,208.5550,56.8930,230.4406,65.7829,159.2534,63.0932,156.5052,12.8159,196.7409,221.3051,242.1881,97.7811,200.7121,51.5805,157.6270,149.5979,165.8186
209.8701,114.5695,255.0702,80.8085,287.9573,73.2648,168.7429,36.5177,104.8983,-86.5956,232.3529,216.8440,314.0312,103.3050,183.5363,70.9721,172.2295,176.8186,186.4319
299.5471,111.7627,262.1482,77.7104,306.8065,88.2391,190.2873,58.0120,73.3861,-85.8602,250.3525,209.3452,354.6263,118.2276,242.6203,86.0318,205.7373,172.9344,217.2641
333.3525,112.7622,259.3578,64.0484,294.5181,105.9347,242.7988,51.0358,111.2812,-99.9996,267.9486,231.0701,353.7024,131.9436,353.7375,64.6770,252.4002,168.7518,251.2970
307.1696,102.2823,289.2132,82.2536,300.9278,114.8377,287.2118,16.9712,185.5301,-96.5328,306.9405,256.2700,355.1794,132.6080,405.7252,44.1815,315.1613,184.7084,313.6217
312.9751,101.5017,351.2205,125.8051,365.6378,135.5284,350.6551,32.6601,242.1522,-12.5788,368.8767,239.7937,400.9498,114.9722,419.9107,61.3171,376.8760,210.3595,390.3647
393.8866,116.3619,415.5712,149.7980,460.0266,157.8845,460.5694,88.5891,292.3542,46.7343,437.6502,197.4237,466.0003,92.2827,460.0517,92.2525,432.3722,213.6991,438.1619
496.5398,147.0975,461.3266,151.2485,519.2081,157.5917,530.0186,118.0758,351.6600,31.9507,504.7085,208.9262,487.7753,105.3626,491.2020,102.6389,506.2109,181.8342,462.7169
556.6146,208.3961,490.3538,172.3218,526.3403,169.6767,513.0045,116.6864,405.4238,22.4354,570.8359,287.2883,463.1237,161.8009,484.1151,93.0332,588.0444,158.1107,492.1337
554.2399,265.5211,511.0340,217.4291,531.0432,211.4914,507.6613,122.1402,449.4030,29.4364,618.1988,323.4732,460.4792,196.8128,481.6598,82.8236,636.8326,186.0999,521.3024
524.7084,257.6091,533.7076,239.7277,568.6619,227.5303,555.9844,147.6266,474.7901,46.4398,625.6959,248.2404,508.6446,162.0164,508.2032,103.2039,654.0640,227.9521,543.1207
534.9081,195.0299,571.3400,214.6081,603.8688,199.3918,577.7394,172.7981,470.7858,107.3577,615.7742,141.3955,553.4327,102.7573,549.6706,163.7786,664.5159,219.5847,568.2905
588.1348,120.9386,608.1884,157.5760,603.2443,164.8815,566.0613,174.1874,468.1897,150.9474,629.8361,95.1345,558.4667,83.7140,590.6680,213.3775,662.5809,174.3287,592.8052
609.0692,53.1974,609.5747,92.5849,605.1755,128.7694,591.0286,164.9377,495.9532,123.5076,662.2061,98.4074,554.2251,97.9813,609.4754,210.7900,644.6801,146.4783,608.3532
582.4372,31.3818,592.6754,58.2456,647.2117,94.5476,635.2294,168.7984,530.0946,114.6734,674.4349,113.5071,569.4379,109.0434,607.1656,183.0287,633.3719,148.3182,629.5729
573.7252,78.6682,608.1481,81.4403,698.3718,95.2384,643.8621,165.8735,544.1409,154.0026,658.3986,127.9429,601.1520,118.9480,619.5427,157.1178,632.8432,165.3813,664.6335
590.0089,121.7656,644.9675,116.2851,725.1014,112.7297,647.9139,145.7961,548.1368,167.9313,637.9293,113.2884,643.6561,134.4895,645.6882,142.9933,618.0119,182.0379,692.7431
584.6348,94.0995,655.3754,101.2375,732.4819,101.1486,686.8448,151.3678,557.4197,180.4298,627.8382,58.6087,683.8635,128.6129,649.1121,164.3015,575.5856,174.7283,686.7225
562.4227,38.9522,641.0674,61.7461,715.2076,80.1774,718.3384,177.0853,564.9219,208.8912,625.3705,16.0898,697.1016,95.3617,636.7654,190.8007,527.0941,144.7988,631.2518
550.6768,16.4664,624.1806,55.1631,667.7464,79.0102,691.3987,147.8165,549.1006,157.6213,625.5680,20.2391,678.8640,75.7827,637.8310,160.3820,510.8932,119.9490,535.4570
549.3564,28.3938,604.5504,70.2492,618.3387,73.2572,616.8437,64.1919,513.2253,61.1479,623.3080,37.7336,649.1791,79.4722,642.2368,113.5292,531.6786,90.7351,435.0149
554.1381,55.6054,583.1808,69.5248,580.5562,52.2115,530.6664,13.8788,496.4244,76.2489,613.5616,48.5878,625.0178,64.3182,626.4338,113.9458,543.1751,38.0257,359.1331
543.4611,70.8015,553.6700,55.5772,542.9247,35.9856,452.9171,21.2186,502.2792,180.0239,594.1973,65.4992,603.1055,25.5017,581.0349,116.4604,512.8781,7.8355,312.3143
498.9477,59.8378,506.6077,46.7376,518.3530,24.7882,390.2658,33.0067,481.8560,237.4230,556.1565,70.2178,557.9083,7.4110,505.9546,96.9802,465.7459,36.9547,295.3487
465.3015,56.6719,470.8370,54.9042,509.0714,20.7976,343.8376,27.6298,437.7208,231.6028,491.3021,46.2065,476.3852,20.0962,428.2045,107.9167,425.3149,73.3964,297.6350
456.6056,75.3169,459.5344,81.4042,471.3269,40.0414,310.8409,31.5318,424.0066,197.1986,418.9232,22.6857,394.9563,36.8619,375.1859,126.0363,367.8328,79.0137,281.1296
392.2655,72.4836,418.0022,98.6562,391.5107,70.0414,284.8106,64.6560,422.3529,150.0955,360.6204,7.6870,346.8362,55.0333,317.6049,109.8500,280.8158,90.2568,236.3124
267.8492,49.7513,323.7017,88.5241,308.9010,94.4084,253.0745,115.2423,365.4984,129.6645,292.6426,-19.7646,298.5438,82.5716,218.8670,116.4043,206.0705,115.3244,210.8634
173.1177,59.2539,230.4129,88.7034,238.5471,126.2256,206.8026,148.9345,264.3221,141.2147,184.6429,-33.8412,215.3237,101.8438,105.5684,141.1890,172.2465,122.1479,221.0329
90.1662,86.4010,158.3110,124.3229,171.5401,160.8752,165.1402,148.6874,187.7054,156.9227,64.1617,-6.6428,135.4015,98.2448,15.5253,97.5412,137.3961,128.2766,208.6824
-25.9793,81.8347,85.8874,149.4315,116.2984,170.3279,149.1489,130.4990,155.9112,191.4638,-22.4194,22.7653,95.0032,84.9145,-52.6472,31.4444,56.6999,156.6080,127.9717
-74.5299,69.4693,28.1488,135.7233,68.5030,159.0470,117.3942,100.8792,126.0273,233.1880,-71.1156,29.7094,55.9525,75.7623,-102.3534,25.2982,-31.5905,167.0624,3.4376
-22.2465,91.2374,-8.2398,130.0117,14.4874,151.9308,22.9110,56.9595,65.0140,229.7226,-101.9849,37.1577,-13.0994,65.9898,-132.4743,11.6923,-65.7254,142.9744,-103.7110
-31.2031,122.8294,-54.2591,154.3085,-32.4954,148.4951,-66.4551,28.2072,4.7749,199.9748,-139.3131,29.6345,-74.6809,49.1864,-157.1692,-35.3299,-75.0914,127.8935,-149.7225
-154.8709,124.3983,-108.2516,153.8420,-77.2628,132.3112,-67.4226,34.5991,-20.0629,164.9696,-202.7571,-6.0499,-104.7439,36.9534,-175.0829,-25.3749,-128.9878,124.0495,-158.6670
-255.6353,98.0545,-152.5411,103.9102,-153.0471,99.6071,-61.5381,43.1323,-62.4245,73.6866,-268.1573,-4.7769,-136.5653,46.0563,-176.4954,8.9800,-208.0055,98.5674,-202.7509
-295.1822,70.6273,-199.1925,67.3921,-238.0831,75.3037,-154.6827,42.3452,-165.5258,-34.3651,-303.4901,56.0026,-178.2742,68.6622,-196.6928,-17.9884,-251.9955,77.1627,-281.5105
-350.5351,61.9018,-241.3649,87.5963,-275.1122,89.3588,-253.8511,68.5741,-244.2745,-35.7446,-343.3967,88.0077,-195.8660,80.8050,-270.3644,-24.1328,-286.4852,89.6859,-313.1496
-408.2091,63.0981,-263.0741,110.7002,-279.7879,112.1538,-243.0410,107.0372,-249.4703,32.3993,-403.5871,50.2282,-207.2664,78.0176,-360.7423,41.9519,-369.2369,94.2674,-302.4169
-404.3758,54.3522,-296.2014,81.4376,-315.1994,86.4374,-222.1689,97.3123,-300.1867,16.1816,-397.8609,6.9200,-271.4068,71.1167,-425.6054,50.3454,-464.8467,68.2408,-347.8832
-345.9680,46.4661,-356.3223,38.3280,-389.5628,39.9578,-318.3467,53.2096,-461.0981,-89.4338,-305.7586,-3.2123,-372.9932,62.0605,-480.0202,-34.3352,-498.0801,56.7809,-446.7299
-294.7751,56.2909,-405.0027,35.6596,-463.6929,36.0948,-463.9338,37.1893,-615.4430,-152.9816,-269.4050,1.3651,-446.4130,53.5453,-529.5549,-77.1084,-480.3438,64.5294,-502.4628
-320.7589,62.3192,-437.6803,49.3228,-516.7000,44.6546,-555.6793,41.1833,-688.2463,-127.8424,-359.7367,6.1030,-492.9258,51.8893,-553.3057,-41.5554,-482.6450,45.5022,-517.5387
-425.1779,42.0163,-480.3413,39.0315,-563.9227,18.0908,-614.3391,22.3604,-732.1824,-108.2944,-462.5517,-3.8128,-550.4009,45.9626,-578.0983,-11.4667,-530.3270,14.0383,-568.7440
-517.5759,7.8563,-524.7128,18.1885,-626.0353,-1.3075,-670.2422,0.4210,-767.4952,-162.0641,-508.7667,-33.0354,-603.5425,24.3340,-639.1982,-3.1293,-589.8191,14.9529,-643.6826
-559.4362,-22.2397,-569.8652,3.5370,-682.5493,15.3524,-691.5353,12.1596,-785.5854,-203.9576,-564.2379,-53.0154,-628.9202,3.6820,-693.2040,16.2371,-626.1589,24.1854,-678.5048
-598.8845,-36.0255,-624.1039,-9.9448,-693.4450,24.5873,-683.1213,37.0235,-832.1782,-146.0364,-648.6292,-60.9458,-649.8293,0.1779,-700.3801,27.8352,-639.2552,8.0113,-676.3790
-630.9512,-25.2212,-655.7147,-4.2638,-677.8094,22.4771,-700.7225,41.9367,-903.7318,-65.5822,-704.9250,-92.7329,-681.7077,0.9806,-715.5872,-0.5526,-654.5183,-2.4883,-669.4825
-646.3969,-9.6980,-663.4790,35.0624,-687.9333,44.7057,-748.7313,32.9638,-924.7550,-51.1873,-728.7391,-141.4151,-710.7233,-11.2383,-790.3615,-49.6581,-684.3758,19.4769,-661.1230
-716.8511,-9.0229,-693.4816,71.5102,-714.0812,71.1193,-779.0884,20.4613,-917.7295,-70.7085,-752.6870,-161.5630,-736.9747,-36.5786,-895.4513,-71.9940,-705.3387,55.3658,-663.2372
-812.0114,-1.3709,-723.4473,70.5182,-722.0245,68.7307,-793.8930,-5.9426,-976.0604,-120.1226,-773.6858,-143.9954,-765.3439,-65.3228,-987.6042,-64.5355,-700.9781,87.0410,-700.3391
-799.8571,14.6810,-716.7100,39.6899,-744.5959,43.5993,-845.4691,-44.4880,-1051.6089,-215.0626,-792.1997,-109.8987,-792.8385,-86.8141,-1029.7430,-70.7430,-710.1729,87.2206,-757.6865
-741.6639,-11.1679,-747.1166,-11.1226,-826.3553,-9.4036,-919.0918,-70.1595,-1008.1171,-248.6685,-830.4693,-80.4639,-838.9740,-98.9236,-980.2735,-87.6907,-771.8871,21.7643,-789.6293
-801.1462,-80.1811,-860.2579,-70.6346,-935.5627,-86.8317,-937.1113,-69.8477,-875.5494,-172.6768,-884.4820,-80.4918,-920.2972,-111.6486,-880.1012,-71.0835,-851.2996,-68.8822,-785.2191
-909.5949,-125.0702,-961.5181,-107.9168,-1011.1382,-135.6421,-906.7571,-56.7874,-818.3524,-116.0380,-932.1679,-112.5824,-1004.2260,-131.6039,-845.9499,-45.6624,-894.4062,-101.5180,-778.3333
-922.5933,-128.0423,-992.8222,-118.4209,-1035.0052,-136.5251,-907.2820,-43.9929,-868.0138,-108.5080,-966.3616,-144.3925,-1049.9479,-151.9745,-903.4590,-57.8735,-908.7029,-82.1674,-786.5050
-901.1349,-128.6716,-1002.0520,-128.9816,-1025.0167,-133.4287,-930.1534,-34.9824,-916.8882,-57.7797,-985.0807,-153.7636,-1054.2368,-161.0224,-974.6340,-68.8572,-919.3552,-78.0674,-795.9630
-920.8363,-124.7460,-1005.7689,-135.6946,-1009.4677,-139.0212,-922.6633,-45.0676,-942.5035,-25.2240,-986.6863,-147.2865,-1031.8518,-155.4510,-1018.8761,-53.7542,-916.1335,-100.8108,-819.6263
-922.5361,-95.0744,-993.1874,-121.8157,-1010.2377,-137.1643,-931.7320,-89.5595,-996.1420,-97.2125,-974.4888,-141.1408,-1005.3998,-150.9285,-1025.2185,-68.3592,-904.0845,-128.7483,-891.1754
-914.2207,-72.3385,-984.4171,-111.5300,-1021.9494,-146.5289,-1003.5857,-145.5109,-1032.4364,-165.5538,-949.7579,-145.2566,-997.7040,-161.7814,-970.9180,-114.2231,-912.4931,-159.4090,-979.6378
-956.7101,-83.9274,-968.0885,-122.4777,-1018.0027,-170.4507,-1060.2335,-175.9174,-993.2580,-161.4110,-922.0066,-140.3921,-995.6121,-165.6513,-910.5940,-139.0338,-920.3272,-175.9097,-1007.2778
-962.6407,-91.6277,-921.0504,-124.2439,-984.7285,-168.9529,-1042.9230,-184.9037,-952.3047,-169.9475,-907.0784,-104.5682,-968.6322,-138.0802,-923.8318,-164.8413,-882.1365,-160.4869,-969.8474
-846.3132,-62.2308,-874.2389,-96.9452,-934.7670,-135.7231,-1004.9516,-192.6770,-966.5824,-187.6009,-890.1106,-74.0716,-918.4297,-109.5945,-942.1357,-209.0907,-815.8354,-139.7870,-932.9666
-721.5793,-15.1663,-832.5195,-60.1373,-883.2478,-101.9890,-968.6617,-192.1074,-957.0593,-144.8535,-843.0613,-85.5780,-857.8195,-115.5432,-862.0667,-205.7874,-757.4101,-134.3064,-918.4390
-694.8300,29.1135,-758.2425,-32.1579,-830.9213,-75.7862,-899.6689,-182.6034,-880.1202,-98.4863,-782.7816,-91.9776,-792.6839,-129.8279,-755.1935,-154.7119,-686.4120,-121.1486,-891.3919
-684.3475,60.2777,-682.9951,-18.6270,-780.1265,-56.4869,-829.7388,-176.3846,-800.1011,-106.1307,-733.3275,-57.2587,-746.6410,-120.4072,-717.3682,-134.9856,-590.2094,-93.6926,-827.6782
-606.6400,50.6066,-649.3989,-20.6755,-739.6154,-52.5774,-803.7863,-147.3530,-743.8837,-103.6939,-665.7157,-32.9589,-724.3704,-101.4297,-676.3444,-126.8912,-515.1348,-74.1650,-729.1260
-507.4978,6.2209,-605.1606,-24.8553,-695.8362,-49.4653,-769.4128,-76.3400,-682.9601,-54.6968,-562.0594,-35.5316,-679.5729,-83.2569,-564.8377,-67.2793,-478.5550,-58.2990,-607.7142
-436.3536,-7.7923,-517.0466,-17.2793,-615.5496,-26.6574,-669.3525,-20.5009,-608.2427,-9.7544,-466.8464,-13.7791,-592.2227,-57.5844,-461.1826,-16.4149,-431.1887,-24.8918,-483.2820
-389.4118,23.0258,-429.8104,-7.5862,-494.3860,-0.2924,-537.3837,-22.6691,-509.1346,5.3513,-402.5959,19.6682,-495.1411,-38.7777,-411.0564,-42.4695,-352.1074,10.9287,-373.4514
-357.5947,27.6286,-347.0316,-9.5588,-359.6930,1.6242,-414.1242,-36.5475,-392.3515,14.3506,-330.8999,21.9004,-386.1795,-37.1735,-342.4067,-73.9039,-273.0847,11.3554,-278.1730
-302.3960,-8.8216,-249.4715,-15.1927,-227.8379,-16.2614,-283.6163,-33.5849,-308.8858,25.4453,-236.3699,37.7781,-234.8541,-24.5211,-223.0231,-34.2575,-196.4055,-17.3832,-180.8747
-187.9970,-13.8586,-176.0544,-7.6754,-101.0850,-18.8315,-132.7700,-42.7419,-246.6825,9.5118,-143.5427,103.7667,-66.4457,17.3787,-99.4325,29.9014,-95.0044,-11.9547,-67.0766
-72.5757,17.3117,-122.9050,9.8528,21.2293,13.8140,21.3839,-44.9411,-134.4015,-39.5654,-52.9744,159.0674,78.5406,66.6530,13.4039,59.5967,13.4350,58.7426,53.1589
-4.4219,8.3368,-11.3125,11.2354,146.8630,43.9773,166.5273,0.1922,0.4485,-63.7895,44.3732,172.5993,207.8034,99.6143,125.7641,82.0969,92.3261,128.2641,157.0070
95.1353,-43.2553,155.3262,-12.3338,267.7276,26.2626,301.5133,48.2427,101.2338,-39.8458,134.7348,190.9389,327.6579,115.1585,219.6369,129.2068,166.6668,130.4810,244.7097
248.9537,-64.2396,292.3696,-25.7908,359.6492,-4.1956,425.9655,44.7333,239.6411,-23.0351,221.1385,221.6703,427.3722,128.6930,308.5820,161.8301,282.3086,103.0154,324.5402
332.3115,-30.8845,386.5371,-1.7595,435.2830,13.6435,541.9387,18.8743,460.6466,-0.2690,317.9333,235.9637,522.7847,151.0181,451.4860,144.0665,418.5418,96.5731,387.0508
354.6037,28.1795,472.8126,32.2880,528.0038,51.9803,647.8569,6.1648,650.9393,94.6292,406.3404,250.1509,618.9365,158.9599,634.7491,120.1849,528.4639,80.7096,443.3780
490.8302,81.1562,542.0223,39.8037,618.7892,48.2899,738.1501,-0.8527,743.6074,187.1016,479.2398,279.0163,683.2911,124.5479,759.7529,132.6619,615.7946,36.8726,530.8914
702.0160,89.0388,589.8230,24.0860,673.7348,18.2258,825.0471,2.2055,814.8051,168.5222,566.1539,292.1272,721.5708,78.1665,800.3298,126.5468,700.8655,17.9123,653.6525
767.7090,52.0438,649.2081,8.1150,720.3165,12.8628,933.0449,24.0978,903.6789,105.3496,652.9650,277.4698,777.5108,70.9887,840.5523,47.7582,771.5477,41.5514,784.7528
721.3165,36.2905,726.4989,8.2484,790.2323,30.3274,1046.3723,45.2045,970.7631,81.6861,698.4330,255.3858,841.0377,93.3590,915.8870,-32.8003,824.6844,51.4231,904.0015
776.2744,60.5924,793.0410,20.7096,856.1929,33.6562,1109.9026,49.7187,1015.4547,57.6985,741.6685,229.1985,879.2598,103.0290,969.9260,-26.7151,893.2241,22.6972,981.1905
912.2784,56.6233,839.3550,16.0049,897.3992,7.3543,1118.1675,35.4437,1071.5955,12.9686,836.1363,193.0010,919.2455,84.2231,998.6536,19.3539,982.7767,0.0659,997.6841
972.8976,5.3798,883.9800,-18.3804,941.6106,-26.6689,1136.6458,4.8109,1152.8134,-36.9285,932.7060,155.8951,990.7919,35.6770,1065.3684,20.4607,1039.0074,11.0739,1001.4662
982.9721,-35.2360,940.3257,-53.6185,1001.9143,-43.6343,1193.5219,-12.1613,1247.4497,-91.0339,980.6144,125.8358,1065.5793,-27.7318,1154.7131,14.7472,1024.5961,17.4003,1036.0453
1028.4205,-51.2594,994.0034,-72.4905,1046.6288,-56.3723,1233.1136,6.2393,1307.0443,-66.8672,1019.5202,104.4779,1115.5778,-60.5498,1183.8101,71.4601,987.2769,-17.7846,1057.5924
1068.8422,-64.5450,1017.4036,-77.0278,1054.5642,-73.2874,1217.0815,20.0624,1299.9425,68.7958,1066.1741,91.9229,1138.2401,-43.2938,1155.9641,122.7649,999.2111,-59.3906,1028.2791
1073.1628,-56.2541,1015.1317,-48.6773,1048.8879,-55.9746,1175.4633,-4.5433,1275.1309,125.8087,1077.0751,76.0043,1122.0139,-16.6533,1150.9120,66.7591,1051.2117,-55.3184,993.9744
1083.3040,-27.4220,1021.1977,0.7810,1053.1467,-4.9790,1133.0641,-34.0056,1270.5112,19.3560,1056.8300,42.6938,1076.5090,-17.5634,1190.4232,-32.7978,1076.0070,-27.6824,993.7668
1071.6489,-33.4361,1035.1927,4.7119,1051.5675,8.5515,1091.7181,-39.4231,1254.7334,-33.8252,1044.0464,-5.6966,1048.1426,-42.2495,1230.1990,-45.5454,1051.2588,-25.9146,1003.1198
976.0468,-85.8591,1023.0004,-45.8606,1030.1678,-24.7315,1076.8801,-35.4044,1233.9554,42.3393,1037.0043,-61.1787,1042.4368,-77.6917,1233.2313,0.5170,993.0179,-38.2723,995.8271
866.2560,-140.6085,984.6927,-85.1737,1015.2029,-41.0630,1098.6907,-21.9011,1236.2540,56.0057,1033.3510,-113.8147,1014.8198,-108.7072,1182.4333,-0.2127,901.5355,-33.0130,981.7894
853.2152,-179.2985,950.4398,-94.7404,1016.7000,-41.6548,1108.4038,15.5508,1195.4537,-9.3241,1024.5378,-146.2227,959.9837,-117.7116,1086.9684,-29.5597,803.4142,-14.4424,980.2437
880.2284,-190.3158,916.6663,-96.4226,995.4926,-57.7245,1072.5385,54.6724,1069.9868,-6.7174,949.4315,-150.3653,912.0782,-108.4942,997.1874,-33.0130,757.4810,6.2551,982.3146
821.6605,-148.9953,853.5974,-79.5692,937.5179,-52.6884,1017.7033,52.1638,966.5760,14.4079,813.2910,-133.9761,873.5316,-95.8971,946.8937,-58.4949,750.8197,11.4731,947.2775
714.0108,-97.2829,772.6781,-58.2281,871.3238,-25.7734,952.6168,-1.2141,937.7581,-44.0924,744.6998,-116.3709,826.9742,-88.3104,898.8481,-126.8426,712.7053,-28.7303,861.8419
669.4976,-110.5453,722.5309,-75.0112,798.7825,-48.3403,848.9147,-63.0007,865.3137,-96.2901,783.3971,-138.4911,776.8054,-104.6360,808.2840,-157.2471,652.0679,-91.9691,770.1841
668.0585,-156.4408,708.7306,-101.8668,714.8824,-102.9935,725.1071,-87.7072,699.9874,-89.6722,804.9063,-217.1937,728.3374,-151.4239,694.4059,-136.1662,630.2386,-115.9587,696.3130
638.9208,-141.9875,679.4822,-88.3545,649.9232,-101.5393,632.0833,-94.7774,556.7851,-109.3924,745.3709,-273.5037,669.4344,-184.0213,591.4409,-139.7134,634.9244,-98.3273,611.9209
597.5101,-71.2691,609.4055,-51.8817,602.5816,-53.3721,555.0038,-131.8137,488.4995,-167.8024,663.9967,-222.6477,586.5331,-164.7725,489.6708,-166.1233,621.2844,-77.1302,510.7538
552.2411,-12.9395,534.8073,-8.0838,528.2879,-15.4534,439.2512,-177.7672,412.7810,-186.9743,578.7212,-132.8983,473.0156,-125.8901,375.9286,-164.8394,584.7446,-61.4629,409.4716
469.0941,10.0748,477.2433,42.1620,431.1300,13.7667,292.6909,-179.4446,286.4689,-144.7388,471.5115,-134.6231,344.4918,-108.2336,269.9922,-158.7924,505.7376,-62.8295,299.4696
367.2951,-5.2277,399.2230,37.3176,346.7263,19.5682,172.8249,-145.7676,161.3718,-69.8815,376.5037,-204.4347,242.2242,-102.4324,187.3278,-160.5400,349.8491,-85.3429,190.0146
258.0711,-64.6073,272.0546,-45.8058,261.8943,-32.5622,98.5638,-109.8229,76.8967,-3.0064,296.4073,-220.0348,176.9350,-91.5172,118.2597,-118.1465,155.9897,-78.6859,117.6448
108.1436,-119.6565,129.1936,-104.5027,160.6411,-89.3873,36.1954,-79.7392,12.4717,-2.3263,185.1860,-169.5215,106.4845,-76.6272,43.7724,-50.1148,11.3775,-29.2949,71.6465
-22.6305,-108.8709,26.6016,-78.1140,70.6586,-79.9680,-48.2887,-76.4062,-67.4008,-81.7386,77.9483,-135.6417,10.7350,-56.0423,-64.8503,-45.5289,-49.6043,-8.2483,13.8732
-65.3324,-58.9378,-21.6439,-35.5840,0.3507,-39.4600,-151.1388,-103.9150,-163.7195,-163.4836,37.6854,-142.5637,-78.1727,-40.3852,-209.4994,-104.2871,-62.6144,-33.1726,-50.0164
-119.8616,-42.8950,-60.0853,-28.0342,-77.1340,-31.2906,-238.3769,-107.2656,-244.3307,-147.7659,6.4424,-154.3916,-147.8775,-56.3765,-315.4347,-148.5883,-99.6397,-45.6450,-107.1415
-244.7945,-72.3614,-134.5095,-43.8551,-172.5214,-52.9638,-300.0752,-69.8765,-300.1877,-17.3710,-93.6950,-158.4200,-230.7101,-95.9971,-333.2406,-146.1855,-216.0344,-45.6101,-174.8859
-310.9701,-100.4120,-230.9328,-72.3319,-274.3546,-76.3919,-376.6123,-50.6203,-363.5996,129.7624,-218.2348,-158.7683,-340.5950,-112.4854,-364.5630,-108.0974,-373.4306,-63.4002,-260.3035
-306.0414,-86.2691,-315.1834,-78.0550,-363.6296,-78.8273,-492.4194,-63.9865,-448.3131,174.0967,-307.5905,-142.4309,-450.5828,-86.8351,-513.7122,-57.5271,-470.5074,-68.4202,-359.3188
-379.0216,-30.6204,-395.1786,-31.6904,-434.2627,-48.9899,-610.5092,-76.5164,-526.0265,107.9376,-384.7535,-104.1577,-538.3246,-50.6653,-686.7740,-42.1103,-481.1199,-51.4520,-474.3018
-502.6107,18.9197,-477.7277,8.0090,-516.5225,-18.0779,-700.7458,-101.8715,-577.6459,23.9418,-465.1477,-70.6741,-609.5680,-37.5147,-740.7954,-76.5652,-479.1150,-60.4055,-586.6813
-555.4000,12.5410,-531.3288,-10.5398,-620.1500,-22.6033,-785.2876,-140.6732,-617.3777,-8.8273,-524.8165,-70.8633,-674.1219,-45.5471,-717.5355,-101.6732,-527.0059,-91.2866,-668.1127
-596.5981,-33.6755,-557.8449,-37.1637,-686.9464,-40.1876,-866.8275,-126.8810,-661.2649,9.8920,-568.4033,-97.0329,-723.8378,-54.1579,-737.9701,-74.1184,-614.8688,-95.4491,-710.4295
-675.9174,-55.9460,-602.8002,-30.1597,-693.2617,-34.9928,-896.8487,-55.1079,-708.8104,45.7957,-616.0253,-116.9626,-753.1852,-57.1877,-808.9263,-28.7781,-695.5403,-70.3773,-715.2842
-703.6410,-30.9043,-662.0709,-15.5496,-705.5347,-18.3311,-872.9844,-10.6287,-756.6964,55.4266,-669.1992,-112.4069,-787.9863,-59.5196,-874.8129,-21.3104,-735.5449,-37.6272,-709.1746
-696.4232,4.8528,-696.8362,-8.3360,-749.8664,-13.0537,-874.0457,-20.3280,-803.8815,26.2756,-732.6360,-85.1493,-848.3539,-56.8341,-911.8167,-65.7754,-741.9722,-13.8821,-735.6072
-746.5292,14.2796,-717.1498,-14.2811,-771.3386,-21.9856,-927.9491,-31.9527,-832.5792,6.4250,-798.3566,-49.1233,-896.6222,-52.9673,-906.7178,-112.5334,-749.0304,-24.5840,-772.0528
-794.0920,-8.6951,-744.2595,-49.0342,-761.8653,-43.4635,-943.3284,-22.6074,-812.7869,32.9408,-833.3022,-32.7726,-885.4789,-63.9447,-867.0539,-90.1511,-775.0052,-53.2547,-753.8148
-773.8475,-52.8527,-761.6783,-80.3013,-769.3922,-64.4671,-868.1776,-4.9507,-763.5759,43.9690,-839.6385,-45.9574,-836.9046,-71.0925,-839.4904,-22.3841,-808.1892,-45.4163,-704.3753
-762.6923,-89.7577,-766.7950,-65.7008,-797.9274,-62.0840,-808.4630,13.7675,-762.8946,-32.6718,-856.9506,-47.1319,-812.7321,-41.3650,-840.5092,-17.0368,-832.2788,-19.2575,-697.3428
-796.1672,-81.7970,-783.4484,-38.2127,-824.4484,-45.4164,-849.6904,26.1561,-825.8504,-106.3392,-894.0001,-11.0242,-836.7353,-13.0013,-831.9839,-73.1248,-851.5540,-40.6571,-721.0361
-830.0906,-42.9417,-817.3591,-47.0235,-857.8928,-54.1893,-892.2087,42.4816,-855.9637,-20.9754,-937.2022,3.4496,-884.6183,-48.0953,-797.2435,-68.1854,-892.0085,-89.9528,-725.3475
-880.0156,-48.9951,-868.9861,-84.3162,-909.0590,-93.6052,-841.8243,82.9852,-805.7484,150.1363,-973.0992,-55.7101,-916.2018,-105.9156,-769.3367,14.1129,-960.1470,-99.6490,-722.7941
-955.0992,-114.9169,-937.2499,-115.2326,-959.6367,-114.2601,-795.5070,113.7169,-768.3215,181.8821,-961.7448,-131.6814,-912.6977,-101.5125,-779.5928,62.1444,-1009.5049,-71.9562,-748.4679
-985.4282,-138.8909,-981.4438,-101.4024,-983.1127,-83.1591,-849.1650,84.0630,-820.2111,82.6479,-899.5884,-141.7919,-904.1589,-52.0942,-818.1771,43.3849,-992.2573,-46.1830,-800.5240
-935.5187,-63.5131,-968.1311,-33.4296,-966.2009,-34.2890,-918.9673,22.4322,-898.5569,37.1382,-872.5560,-95.5745,-920.4995,-29.0138,-838.7612,16.2116,-923.3689,-25.5546,-840.2717
-852.9517,18.1749,-927.3926,23.0841,-919.7161,-10.5427,-910.2869,-18.2850,-907.4474,29.0700,-911.8596,-60.5967,-924.8976,-32.7122,-808.6844,-3.4223,-854.8988,2.4954,-823.1337
-804.5160,16.6659,-886.8466,11.3133,-867.8149,-1.1659,-856.2959,-43.4673,-842.4325,-50.8024,-923.3183,-70.2034,-877.0515,-25.7264,-752.9355,-18.9009,-819.1598,35.3512,-762.7031
-808.3231,-28.0362,-835.1440,-22.0736,-817.1716,14.2168,-806.7010,-55.2179,-767.3376,-103.7431,-871.1169,-101.6059,-818.0607,-11.2683,-710.5796,-14.1558,-812.8932,61.2494,-723.1180
-795.0837,-45.9888,-779.2631,-17.5814,-758.9673,23.3477,-766.8480,-33.3983,-730.9468,-47.7500,-831.1649,-112.0789,-791.4036,-7.5290,-675.6326,-20.9741,-801.3069,72.6092,-713.1288
-718.4443,-28.3328,-732.3752,11.1091,-685.8175,28.6214,-730.3484,-11.2964,-716.8161,-29.5298,-809.1567,-91.9954,-751.7301,-6.5791,-624.1745,-72.2758,-749.7714,75.4746,-677.9517
-662.0438,-1.1739,-670.7784,33.1924,-587.9792,48.2470,-652.6982,-18.3796,-663.4232,-95.9747,-737.7089,-76.1979,-649.3537,6.3014,-553.5591,-101.7496,-674.2245,70.6060,-590.4200
-653.6705,-3.8054,-584.5764,28.7116,-473.9980,55.0949,-506.2896,-2.0750,-541.0266,-80.6951,-627.1456,-81.7519,-519.1606,27.8520,-475.7332,-52.3539,-612.3110,39.6817,-460.1337
-552.2372,-48.0899,-498.3715,-10.8183,-384.4611,21.9941,-374.9687,48.5550,-378.9476,16.1674,-516.5740,-77.3934,-413.8891,46.4626,-408.2161,5.2848,-549.2614,-8.9188,-318.0421
-332.5453,-81.4253,-408.3822,-45.2429,-332.8320,-10.2692,-323.3016,52.1567,-212.3394,13.3431,-386.9331,-49.1567,-335.1857,63.5020,-347.8506,2.0231,-449.0685,-29.3142,-217.6740
-179.6927,-77.6120,-294.8378,-44.3045,-270.5145,-13.7137,-265.2556,14.2781,-51.4629,-70.5284,-248.3672,-32.3351,-261.6188,86.9185,-252.0293,-13.3721,-327.5432,-8.5384,-148.2911
-154.9194,-84.4326,-172.6267,-48.5923,-156.0637,-21.0722,-132.7281,33.0964,89.7744,-68.8937,-148.6159,-47.9244,-174.9159,107.3398,-111.7093,15.1596,-216.0209,29.3048,-35.4997
-114.4730,-93.6536,-53.2966,-57.3907,-15.6282,-22.1294,-6.3017,92.6163,177.6533,0.7623,-66.0195,-69.2114,-67.9309,111.7395,3.2918,53.9214,-101.8679,82.8815,93.7025
16.2368,-39.5950,67.6553,-5.9706,95.9383,30.2424,47.6242,101.7018,199.1850,19.5086,40.3558,-67.9477,36.5798,104.7683,58.5426,53.0470,25.2080,143.1999,150.0718
163.5927,30.0043,161.2674,65.0478,163.4494,88.4869,84.8048,80.4795,206.8092,9.8258,138.5734,-48.4591,116.1491,86.0782,120.0822,27.2237,122.9695,158.0367,179.0462
229.6807,15.9248,197.9523,52.4539,215.9073,70.4648,170.5552,84.4521,269.5097,34.9252,206.8770,-30.0230,193.7623,55.5762,226.1701,27.5985,163.3819,114.3608,265.7206
190.7076,-35.8573,208.5298,-0.5940,271.0001,15.6406,296.1245,86.5936,364.1427,54.3110,280.0191,-17.4308,288.5495,43.1256,320.7613,62.5494,196.6372,71.2746,361.2829
163.7734,-31.5336,244.4940,4.6449,317.1024,8.1255,404.7219,75.3551,401.8722,35.3261,351.8917,7.0346,363.5527,55.6274,368.3511,74.4047,277.6695,60.6640,418.2274
284.6685,2.3536,321.3074,33.3237,367.0607,36.1563,458.3060,74.9366,385.7499,1.6777,387.8986,56.8431,402.2825,51.6661,408.3960,24.0881,385.5586,53.3756,483.9383
475.8324,23.3866,421.7506,38.1480,454.5043,59.1814,496.7600,46.2092,412.0053,-69.0481,428.0836,110.9177,463.0015,42.2315,473.1176,-39.7820,487.2200,31.5458,553.8131
568.8102,58.8397,514.7399,70.3948,559.6335,86.7243,577.4017,-30.0622,499.1356,-169.2055,529.3215,136.8392,575.9002,82.8356,552.5291,-58.5524,605.6495,8.7108,586.9767
599.8604,100.7319,591.5919,127.2036,644.8232,113.6854,675.8489,-64.5110,571.0208,-169.4252,657.7936,134.8762,683.3246,133.3809,637.1206,-44.5699,743.5914,-3.7450,631.2288
695.5944,108.9563,685.5533,126.2817,737.3372,105.2710,752.6658,-18.3139,610.3987,-53.2791,757.4047,126.9106,748.5993,119.1634,723.3607,-23.3861,842.1788,-6.8565,713.6948
823.8190,109.4732,804.0605,81.1650,854.1177,68.7622,829.4317,16.6439,680.8489,-17.0163,844.9943,124.9132,811.2908,85.8056,795.8030,4.6957,895.6954,-14.7394,764.0445
906.9628,135.2889,897.3411,69.6701,930.7799,41.6447,901.0909,-9.4882,795.0229,-103.6217,942.1317,136.3530,884.3562,89.2522,851.3812,11.8350,971.0788,-39.5300,763.6614
976.6511,149.3736,945.3578,69.0825,938.7885,30.3419,925.2773,-37.0882,874.4197,-116.8924,1006.2443,159.9445,920.1114,75.4321,912.6680,-24.1191,1066.2098,-65.2498,773.4736
1058.5389,118.4388,979.0436,25.5324,944.8455,17.3118,931.6254,-27.9063,863.3441,-45.4994,1017.8429,160.6799,918.1227,26.5726,980.1147,-48.3014,1113.0850,-71.3484,811.7928
1087.2506,66.6630,1004.5104,-13.3110,980.2078,-9.1883,962.6466,-13.7809,814.6631,-68.8142,1033.5543,109.7039,942.9738,7.9506,1009.1683,-19.6006,1116.5731,-67.8056,855.2374
1023.4469,29.5480,1007.5636,2.1369,996.7902,-43.5690,973.9528,-23.4786,811.0661,-145.1070,1070.9196,49.8321,1003.0593,11.5010,974.7571,3.0258,1120.6497,-71.3266,881.5441
944.7761,19.1487,994.6300,16.2317,975.8032,-61.1146,944.5181,-42.5159,843.6395,-126.2681,1060.3356,42.3368,1025.4856,-10.8492,910.6177,-20.2678,1096.9728,-84.6353,861.7549
950.3066,17.8063,963.8967,-19.9660,950.8792,-57.5060,930.4440,-41.1175,855.7138,-84.0671,984.4992,67.2934,981.9441,-24.1929,850.9586,-32.8196,1021.5029,-111.1735,815.9919
1010.5583,-4.3575,913.1578,-64.2434,940.8337,-74.6199,941.1332,-22.4527,859.7444,-89.8630,926.2691,64.6233,943.5047,-10.3012,805.1258,-4.1483,955.4811,-148.3756,818.5235
1008.0505,-44.0881,880.1044,-91.1938,936.8896,-133.1971,946.9313,-17.0073,892.3573,-53.4507,923.3899,33.2392,969.0229,-23.1483,804.0608,21.0726,935.3719,-187.4865,874.0161
928.7498,-78.2866,877.6278,-137.8629,923.3637,-187.4689,966.4141,-21.6599,923.8253,-6.3097,923.4896,6.8260,1014.9191,-51.4769,873.0824,25.7727,917.3488,-229.1612,919.5382
867.2734,-116.3079,852.5886,-192.5614,894.0605,-197.3022,994.0589,-4.6513,921.1196,-58.5936,897.1429,-12.9557,1010.5439,-36.1758,964.5598,32.3489,882.3967,-250.9831,944.2374
847.3648,-163.4830,793.4193,-192.3151,868.0733,-176.8815,976.6101,31.1031,905.5310,-109.2039,861.2871,-35.1550,963.6084,-4.4384,1007.9945,36.5981,856.2535,-213.9706,960.9962
818.2855,-172.8740,760.1932,-144.9695,861.0208,-147.5053,932.7299,55.9705,894.0630,-56.9470,826.5109,-47.0667,923.9323,-3.7885,993.3925,24.8402,835.3517,-153.6883,938.0084
785.9498,-117.2359,766.0942,-108.8887,845.1274,-117.2847,914.3566,52.6466,884.0787,-26.4349,806.0027,-36.7856,888.3822,-14.7779,953.2069,-4.0377,807.3427,-145.1879,865.2902
787.8401,-49.8228,764.7244,-87.2899,790.6368,-101.1500,882.1556,16.1362,879.5562,-68.3295,803.3562,-9.3359,821.4255,-29.4025,919.9141,-51.8790,787.4186,-162.9468,783.8692
809.6448,-29.2995,746.1211,-66.7048,724.6873,-104.0603,799.4000,-32.6880,859.6359,-57.0904,779.6271,19.8792,739.2497,-62.9063,903.0417,-85.5338,762.2882,-140.4785,711.1921
803.6652,-44.3973,726.1699,-71.8901,686.9748,-112.0648,729.2744,-59.6505,791.5986,-13.3775,711.7994,34.1240,688.6099,-84.4340,857.3931,-59.8910,691.8641,-111.7271,636.7387
726.1180,-52.6491,682.3299,-92.8276,655.6690,-115.1467,707.0309,-74.7269,692.5983,-79.7834,625.7773,29.8024,659.3814,-70.4141,735.4738,-25.8409,589.2974,-117.8190,571.5720
573.2699,-48.5053,590.2121,-81.2364,581.6768,-105.3096,671.7316,-98.7616,592.9137,-206.4936,524.8228,9.1681,594.4461,-57.7612,588.7603,-67.4492,488.3013,-107.0758,523.3691
404.8801,-59.0622,475.8560,-53.9686,475.0932,-78.3216,585.2582,-104.8695,491.1094,-226.2474,393.4152,-29.8327,479.7675,-68.8922,505.6640,-132.7697,372.1349,-61.2787,465.4912
270.4670,-85.7712,377.9352,-60.5168,391.9489,-54.9038,478.8450,-89.9781,401.6247,-132.7162,262.5309,-64.9655,363.7255,-80.4666,472.3776,-117.4176,242.6102,-36.7230,376.9232
159.4201,-89.7389,299.0752,-71.8289,343.3388,-49.2056,381.4845,-100.4049,341.5118,-54.3810,159.4480,-61.2828,285.1619,-75.8671,413.8415,-55.9093,157.6753,-34.7019,272.0314
78.9689,-51.5827,220.6913,-36.3747,288.5902,-34.8324,299.5262,-124.4628,275.5294,-57.6603,66.7145,-34.2424,231.5846,-52.3681,315.1701,-39.3928,116.0604,-18.4162,171.9959
58.1742,-6.9810,143.2537,13.8279,210.1524,2.2651,232.8940,-111.6644,179.5834,-96.3912,-8.2285,-21.7094,174.8119,-14.2145,210.2618,-50.1689,44.0516,-0.8142,79.3738
54.9604,3.1081,86.7871,26.6890,122.4255,34.2745,161.6807,-85.0940,88.6650,-114.9686,-45.2405,-13.7456,105.2875,14.0520,115.7006,-33.5111,-59.0785,16.7921,-1.9799
4.3322,-12.3860,49.3433,28.0398,31.7063,51.7181,60.7866,-87.0105,23.0330,-129.4652,-79.4632,4.1101,23.4111,20.0179,30.4624,-9.7255,-120.1225,57.8380,-61.5814
-76.8574,-9.2114,2.4847,63.3880,-56.1791,73.3343,-57.1969,-96.8073,-32.1213,-165.7478,-136.4969,15.8636,-67.2285,27.3649,-40.3702,-10.2266,-133.3518,86.1801,-120.1945
-135.6784,29.6904,-65.4915,102.4735,-132.3807,93.7412,-151.2449,-85.9680,-80.3988,-176.8907,-185.0716,28.7155,-150.8155,45.0237,-88.2147,-8.4441,-155.4482,69.0876,-205.3375
-164.9557,60.8120,-143.3746,89.7335,-208.7476,96.4562,-211.9644,-49.9080,-135.8011,-111.5644,-225.4377,42.2141,-214.2928,40.9869,-131.1711,21.8135,-208.5958,55.4521,-284.5025
-205.5935,46.0447,-223.3526,54.3880,-295.7609,91.5766,-284.1157,0.2950,-227.9834,-18.9969,-293.2622,15.4580,-276.5826,3.5187,-217.7113,46.6029,-287.8800,68.5668,-324.6009
-301.2329,32.0767,-302.7662,71.6594,-380.0847,96.0783,-397.5020,21.7333,-341.9249,2.8978,-375.6099,-15.2062,-372.2386,-16.0593,-355.7190,24.4441,-386.9221,67.6618,-372.4205
-427.6142,72.4867,-387.1143,127.3032,-460.7649,111.3148,-504.8075,7.8570,-432.4864,-50.8052,-451.0050,37.7370,-500.6579,27.4737,-488.9751,-12.6950,-479.9654,55.1831,-453.9191
-513.9895,111.9822,-492.9889,138.1165,-552.2951,122.6742,-549.9559,25.0675,-488.2365,-77.1182,-536.4370,104.6243,-619.2858,84.8206,-589.4127,-6.2554,-542.2181,54.9777,-504.6352
-568.5195,81.3697,-603.8635,98.5652,-643.8077,108.3721,-558.0967,75.6761,-529.6403,-22.7538,-619.1440,54.3747,-695.4660,76.0269,-673.9294,25.3597,-570.8174,37.0158,-514.4938
-647.1843,33.1711,-664.7039,75.8877,-715.1914,77.9642,-585.3875,86.5030,-583.3081,36.9262,-673.0061,-38.9184,-740.2470,30.8670,-727.0364,39.3419,-575.4047,-9.7264,-567.7089
-708.1265,39.8025,-676.4156,79.6705,-765.4360,69.6737,-634.6901,73.7271,-650.7744,49.4170,-735.9065,-38.9701,-777.7490,39.5241,-740.1800,63.6329,-595.5596,-41.1853,-671.1780
-695.7419,64.5832,-708.1607,62.1220,-794.3882,73.1292,-686.2783,87.7919,-688.0525,59.6861,-822.6519,-0.2988,-810.1799,85.2240,-766.7230,105.1059,-673.4581,-40.1545,-752.3201
-681.2704,49.8120,-772.2465,15.6056,-805.2283,39.3028,-746.0452,76.1841,-678.8849,68.1469,-847.7543,-13.0170,-828.9022,81.9130,-822.1536,91.3809,-773.0011,-22.8848,-812.5065
-726.3719,7.1395,-808.7694,-24.0759,-812.7552,-19.5081,-817.0592,21.0287,-684.9789,48.7098,-773.1844,-45.3875,-829.1360,25.4267,-856.1884,28.7609,-835.3743,-1.3626,-885.0068
-776.1151,-37.2847,-809.4257,-36.7135,-819.8024,-52.8747,-882.3339,12.9069,-741.8933,77.3789,-704.8074,-83.0010,-810.8788,-36.3200,-870.0624,16.3197,-884.9250,5.7657,-933.2561
-802.0323,-68.0357,-825.6752,-32.2407,-825.3569,-59.3880,-925.0189,58.2716,-804.8022,158.7560,-731.8674,-145.5822,-791.9581,-85.9460,-895.4903,36.1411,-942.0594,7.9811,-930.7061
-843.4031,-64.7474,-858.8050,-29.9164,-835.6555,-51.1525,-934.8281,67.6694,-850.4396,125.4532,-799.3712,-180.7704,-794.8980,-102.8340,-906.7400,-15.6689,-953.3477,50.4063,-913.1802
-891.3928,-43.5072,-858.4122,-31.2717,-832.9552,-21.4361,-924.7648,35.3128,-899.1534,-28.1652,-816.0325,-167.8002,-803.0259,-73.2329,-900.9286,-104.8905,-921.5326,108.3644,-895.1173
-905.3837,-41.9878,-820.8939,-19.7514,-805.0311,3.7451,-931.8358,14.2860,-939.1891,-82.1957,-785.5289,-176.4074,-786.7370,-40.9349,-928.3561,-122.2153,-917.1763,102.3940,-858.7576
-889.9072,-46.9946,-800.3278,-0.6377,-797.6710,-1.0163,-954.2932,19.7935,-952.3260,-2.6665,-773.4701,-209.6096,-772.7419,-35.6207,-974.6398,-80.3640,-932.3496,50.0410,-811.1970
-872.8541,-39.2460,-824.0294,-1.5136,-835.5674,-3.2896,-941.4528,57.0570,-957.4084,46.0725,-802.9642,-205.5344,-802.1998,-26.0358,-988.9313,-52.2437,-926.6234,34.0858,-765.2866
-876.4993,-52.3658,-851.2101,-22.8100,-858.5833,7.3533,-886.9900,103.3507,-961.9644,53.9155,-836.4080,-181.9478,-848.2873,-9.5977,-985.4711,-44.3729,-935.8401,56.1412,-722.0791
-894.2661,-85.9929,-832.0801,-41.2640,-825.8943,-10.7355,-842.4650,101.8360,-944.2753,96.3304,-841.6603,-182.1504,-863.2530,-22.7983,-970.4561,-34.3149,-963.6945,70.6185,-696.5792
-876.9954,-79.4704,-779.8023,-46.2762,-771.8367,-45.4195,-818.4199,64.8072,-880.0661,135.1871,-823.8623,-188.6389,-845.7310,-58.3266,-913.4731,-11.8864,-938.2908,69.8582,-697.2418
-818.4592,-40.5560,-737.8221,-34.7944,-731.7217,-49.8339,-786.2300,44.1656,-754.4672,160.8185,-795.2350,-193.6171,-806.2518,-85.5715,-853.5995,27.1294,-865.2628,48.2767,-705.1644
-773.8546,-44.2505,-703.8150,-17.8179,-720.8762,-49.9476,-758.0624,22.9886,-597.1503,219.5995,-756.4022,-199.9550,-752.1443,-95.9196,-833.9172,65.5571,-812.2275,-1.9195,-702.1616
-735.3529,-85.3718,-654.3859,-30.6683,-732.8723,-76.1402,-739.6298,-2.1781,-470.7578,264.4655,-704.4893,-167.7800,-707.1740,-76.9462,-779.1418,92.3378,-767.8531,-44.4412,-676.7303
-668.9050,-89.6774,-603.2350,-69.4828,-708.2593,-78.1474,-672.4613,27.0728,-386.2722,266.8502,-638.3870,-97.2067,-664.6912,-34.4551,-636.3773,126.2656,-701.4372,-41.0079,-617.8189
-628.9619,-39.9354,-565.3578,-66.6039,-613.6281,-28.1379,-543.5601,90.6583,-327.1011,300.1313,-563.9436,-56.8915,-585.9210,-12.5184,-500.3219,157.2562,-638.6807,0.7389,-540.0834
-615.2746,28.5651,-518.1371,3.0862,-513.8990,24.0316,-447.0656,102.7891,-325.7881,346.0786,-495.3751,-55.2287,-493.7926,-13.9878,-452.8840,150.9547,-574.8925,55.2535,-477.9804
-507.8634,87.2187,-451.1121,73.5953,-458.8879,52.9430,-434.3138,71.0610,-378.5954,301.6362,-446.7672,-27.1370,-448.1714,6.6208,-442.5895,124.4568,-475.4203,89.8860,-436.4373
-331.6571,106.3511,-390.3947,89.3498,-417.4104,74.9418,-427.5931,55.0318,-394.9883,184.2916,-424.2706,40.1830,-428.1536,45.5162,-388.8342,105.7862,-368.7777,73.3340,-387.3141
-267.5774,74.1190,-345.9663,65.5101,-376.5912,74.9712,-363.3329,48.9845,-344.1385,78.9220,-404.9797,95.5332,-375.9173,64.0680,-277.8740,77.2356,-298.7314,25.2326,-313.9963
-306.7225,29.0955,-298.3582,35.7683,-345.6666,36.0293,-284.4481,30.2045,-279.2256,8.6035,-333.5918,113.7459,-299.3516,66.3444,-155.4264,52.6200,-249.6628,-3.4423,-229.0479
-266.9124,6.9458,-232.2701,11.6159,-285.9400,-8.0599,-229.0817,13.8560,-203.8974,-12.1302,-198.5206,116.5449,-222.0264,66.6909,-76.9600,80.1284,-193.3122,-9.0447,-154.9986
-120.9481,1.3941,-139.7441,-6.5661,-171.0200,-20.3930,-161.2348,11.5207,-114.0696,22.0289,-64.7742,123.2874,-129.4814,56.8791,-38.9224,116.9920,-115.3222,-15.4363,-96.9852
23.3797,9.4211,-22.0508,-8.0597,-30.0486,-0.5615,-56.6734,7.4565,-70.4021,54.0299,40.6947,118.8150,-17.6838,41.7830,13.6172,71.8442,-5.7592,-5.6896,-36.2095
124.2283,37.0555,98.7980,24.1798,113.9516,37.5780,54.9570,-19.0062,-63.8553,45.6328,162.5537,86.1655,98.8799,29.5864,92.6064,-26.6071,109.0527,39.8957,45.2328
185.7841,64.7102,201.4486,72.1675,244.8056,71.6077,158.8912,-52.3749,3.2737,23.8922,284.7098,50.3255,212.3519,17.1621,160.1792,-73.2014,201.5795,83.2341,147.1457
233.4131,73.9383,282.2064,84.8933,337.1485,77.3996,263.6030,-45.5249,119.6589,6.9106,343.3182,34.8307,299.1661,16.8948,208.5664,-55.6357,305.1512,83.9158,254.0010
337.8761,70.4049,340.9449,56.6373,398.6570,65.1009,335.5772,-9.6030,182.4500,-15.1061,372.0967,14.2621,338.2894,24.4153,260.8896,-32.3667,439.1162,64.1810,341.9781
494.6631,53.1510,386.6188,33.1624,444.4931,63.3142,343.9430,-9.9981,209.1961,-40.9700,434.7924,-21.8721,358.2551,1.1790,324.5235,-11.5452,546.9075,52.8470,405.8589
593.4363,22.0447,444.2606,22.3973,463.0679,60.4135,356.1049,-32.3284,297.7709,-42.7481,493.1822,-35.0173,395.9367,-38.2912,395.5611,21.1994,593.9296,27.1434,473.8570
604.2176,2.5077,514.1177,-0.6819,479.3208,27.0292,448.9221,-10.9323,431.6284,15.9797,510.7775,-15.8171,451.2981,-33.3392,466.9073,33.2754,622.6907,-23.0599,562.8591
609.0553,7.8777,563.2672,-19.2665,538.7688,-14.2739,565.9882,27.2366,512.6166,104.0796,525.3701,5.4767,514.2018,-0.7102,521.6739,12.4024,669.0705,-50.8465,643.0330
637.9703,20.6899,586.1640,-11.5414,613.6196,-21.7841,618.1271,28.8178,521.3566,119.2784,532.1442,26.6016,567.5838,-0.2281,556.0695,14.2886,720.0117,-39.1737,677.8641
650.5344,29.0061,606.2606,-8.8498,655.9110,-14.2549,639.7764,20.7551,523.2737,44.1438,500.6286,50.0112,588.9234,-15.2715,599.1760,53.4909,749.2188,-39.5478,664.1706
631.0778,23.2409,618.1665,-39.3855,672.3679,-33.7886,679.6967,14.2900,556.0040,-22.0598,481.4617,48.0588,598.1049,-10.2683,675.6098,62.8431,737.3391,-74.5001,623.0295
598.9186,-10.8733,607.6786,-83.0157,666.3682,-65.3422,681.3793,-25.1692,588.3863,-41.0706,512.9944,25.7502,631.7191,-6.5095,747.4875,29.1363,692.8165,-101.6092,592.8062
577.6097,-49.8972,602.7943,-109.2063,640.9349,-74.4308,631.9013,-67.9867,592.1937,-61.7784,546.1353,24.3102,671.0776,-15.3608,743.3693,14.9620,656.6489,-89.8851,609.3642
568.4218,-56.4751,628.7030,-101.4843,642.9039,-71.8437,627.6368,-62.9175,592.0304,-80.6992,557.1738,36.9523,681.9072,-23.9961,672.8802,13.9709,652.7895,-49.2281,661.6382
559.7012,-46.3037,651.9907,-66.1399,674.0756,-71.1276,678.0229,-38.1171,608.6296,-59.9578,567.0583,28.5236,671.6272,-40.8596,625.1259,-28.0547,670.0500,-8.2711,705.9225
585.9396,-36.6406,636.4293,-38.5021,671.0588,-52.5076,684.5928,-35.9342,616.6754,-22.9441,566.8395,17.6554,647.8934,-47.9908,615.1876,-72.0587,693.3905,-0.7848,719.9167
672.6658,7.8941,604.1646,-31.5895,633.9159,-16.9444,648.5942,-53.1466,608.1309,-6.5194,560.7505,42.0616,608.6470,-10.3225,585.1849,-61.3166,707.9815,-24.2893,704.1614
726.2903,78.8256,586.8797,-12.7587,611.9363,0.8839,644.6794,-77.1696,615.4370,6.8582,572.1050,83.0223,578.3550,20.1248,570.6266,-46.7045,704.1964,-36.0967,662.9113
669.0692,93.5295,575.2208,17.4590,593.0482,-9.2124,638.5706,-90.8943,624.4727,42.1788,569.1658,94.8826,566.9588,-22.0427,635.1882,-68.4577,699.8764,-33.5437,609.0340
603.8452,40.5360,554.4092,10.6067,551.3734,-27.8129,571.0197,-87.4142,576.7375,67.2443,532.4899,73.0958,547.7527,-73.6042,682.2603,-62.1659,707.9626,-55.4318,557.8827
624.0230,0.2480,529.5974,-34.5886,502.4366,-47.0732,505.8254,-94.1601,499.0110,34.4220,508.0309,49.5388,522.6468,-60.9386,602.6434,0.8933,699.8307,-98.8250,515.9987
642.5461,-11.2048,496.3487,-71.2133,450.1195,-70.8378,504.0047,-109.5156,489.3272,-21.4441,492.7156,44.3835,515.6878,-37.6609,490.2045,47.4284,655.4344,-137.9579,488.1114
590.2469,-44.5948,445.6128,-89.6609,401.0118,-96.3915,508.2407,-94.2186,535.4579,-29.6856,443.9007,49.6406,508.9953,-49.0916,463.1685,27.9266,597.8389,-170.5440,472.0204
520.0452,-84.0897,396.7307,-106.1819,384.6446,-116.2973,469.6472,-68.6162,516.8051,-22.1996,384.2381,50.2998,472.1003,-44.6948,467.8208,-28.2466,540.9868,-174.5056,454.2794
442.9495,-84.2812,362.8674,-115.6670,379.6989,-124.1928,429.8321,-84.4582,424.7538,-56.1906,319.4132,45.5206,408.0033,-16.7114,432.0025,-74.7915,474.3070,-130.8827,431.9724
339.3999,-83.1926,320.7466,-123.4684,340.9186,-124.5709,423.3302,-125.0944,372.6573,-78.6501,212.8655,49.1687,332.8660,-24.4147,373.0027,-93.2609,402.4665,-92.2132,404.2009
269.8123,-129.8528,272.0362,-151.6581,290.5404,-134.0508,419.9058,-153.6914,367.4193,-71.1164,127.0529,67.6161,272.7492,-64.6997,287.5216,-111.4954,338.1118,-101.1105,353.7271
258.4287,-187.3033,248.2932,-189.5329,250.6875,-158.1917,382.7607,-169.0422,330.6226,-108.9970,123.6027,72.6655,255.9507,-88.8967,171.3033,-161.2583,276.2732,-117.0696,288.8474
225.9750,-219.5977,221.2848,-212.5356,182.8434,-185.9289,321.1086,-164.4034,313.8027,-127.4350,93.0204,30.7199,260.6350,-97.1794,105.1271,-191.6463,205.8560,-114.6812,250.0171
139.4286,-257.4573,138.3318,-229.1508,90.6359,-209.3520,272.7553,-143.2970,385.5354,-6.1720,-29.0352,-22.9937,241.1834,-104.8874,129.5319,-133.1038,122.8486,-119.0196,232.4375
48.2030,-302.4190,45.5904,-247.5664,41.8300,-222.8883,241.2111,-141.7206,411.0706,105.1072,-109.8007,-13.6894,206.8772,-102.9220,149.2070,-50.4358,36.5501,-120.1394,180.7261
-12.6076,-301.7376,24.8114,-245.0088,49.9990,-217.2500,179.9866,-166.6803,266.5679,12.4146,-97.5867,49.3222,183.2930,-93.1643,81.4816,-63.8191,-26.6575,-93.7214,80.1282
-29.2687,-251.7376,49.1875,-207.4433,59.2517,-190.4497,76.5967,-200.5425,81.2368,-151.9308,-111.4943,88.7766,149.1642,-80.3380,-40.2244,-144.9077,-50.3851,-60.4395,-25.5838
-14.0145,-191.6319,46.1643,-149.3559,31.1718,-148.9164,-12.4959,-246.1903,-15.5975,-206.5895,-181.5506,96.8924,89.2167,-56.1169,-159.7924,-179.5443,-50.8474,-37.4095,-106.5207
-19.2940,-123.8808,14.9121,-93.1464,-24.8068,-108.8303,-65.1717,-280.4478,-104.1143,-219.4064,-242.9330,120.5963,28.7564,-40.3593,-259.7924,-167.6259,-54.2561,-18.0407,-174.5020
-58.6219,-67.5528,-23.9814,-69.4260,-78.8764,-98.7656,-132.1628,-264.7886,-236.3654,-263.0435,-304.9161,146.6576,-18.6213,-62.9171,-319.2013,-171.5238,-87.4917,-7.3195,-244.6198
-113.8002,-88.6665,-76.8635,-100.6130,-127.0393,-123.1229,-230.1920,-234.1406,-334.1130,-293.0700,-374.9841,142.1600,-61.8269,-98.5706,-321.7317,-164.5362,-173.3515,-4.9042,-306.4558
-214.2234,-165.4887,-134.5288,-152.6473,-198.9503,-145.6326,-315.0844,-243.1381,-400.1230,-321.8218,-406.1026,139.2724,-104.4978,-107.3459,-306.4472,-110.3874,-278.5555,-9.7390,-348.8630
-336.2757,-186.1544,-185.7633,-165.7184,-289.8958,-149.1608,-375.4875,-274.8400,-501.5373,-364.7130,-425.8199,165.1799,-153.5174,-103.7341,-329.6269,-73.6584,-333.9308,-40.5472,-398.5041
-362.0822,-143.6052,-243.9351,-143.1860,-349.8948,-149.9802,-435.4021,-300.1249,-600.5154,-364.0096,-495.2517,187.8517,-212.3776,-112.3226,-389.0303,-99.4545,-346.4567,-68.5761,-477.8129
-300.3477,-124.3612,-304.7129,-127.3987,-371.4935,-133.9497,-483.2633,-313.7529,-653.9968,-340.7241,-569.1579,199.3918,-264.5533,-125.0181,-450.6133,-123.9720,-378.9037,-24.2962,-546.8343
-300.2438,-119.5225,-352.0522,-110.9458,-398.3788,-77.4180,-507.2160,-292.1201,-709.0474,-355.6757,-585.9501,232.4987,-312.1170,-150.4788,-512.5759,-105.0998,-426.3250,60.7500,-575.1163
-372.3582,-80.2026,-402.3719,-75.7402,-451.3868,-20.5208,-546.3201,-236.5927,-762.5225,-344.9359,-588.7500,270.1165,-383.0091,-213.1802,-574.2100,-72.9978,-447.4256,77.6604,-600.7461
-407.8471,-61.0336,-460.3416,-62.5331,-521.2751,-13.4337,-614.6371,-199.0524,-768.8824,-266.4892,-631.0939,262.2318,-465.5245,-278.4085,-607.8552,-26.3193,-453.9670,22.7365,-628.4434
-433.0591,-91.4003,-488.8187,-85.6513,-584.0025,-27.8488,-654.9630,-192.5449,-786.2207,-231.5016,-674.1936,225.7803,-514.4806,-277.5273,-620.9742,31.7182,-455.7159,-12.9842,-604.7430
-531.8152,-81.6782,-473.9213,-75.7533,-596.8023,-9.9668,-636.3307,-175.9180,-856.7894,-276.9470,-660.4412,212.9324,-530.3405,-220.9173,-647.0068,29.4559,-442.4384,0.5291,-552.1650
-631.3654,-18.5897,-441.6335,-19.4647,-562.3878,25.1395,-612.3139,-129.1554,-878.1328,-251.7801,-621.2340,209.5845,-551.8334,-192.3648,-664.1310,-24.3322,-462.6105,14.8721,-546.3225
-608.8171,-11.3185,-429.6261,-7.1548,-556.4076,21.1489,-637.2935,-70.4868,-807.5275,-92.1484,-620.8467,178.2015,-589.6235,-218.3183,-650.6774,-18.0793,-539.8539,-9.8510,-566.3087
-502.1784,-55.8926,-484.3284,-47.4812,-604.8541,-19.1484,-693.3629,-45.5573,-755.5854,14.3253,-629.1336,151.8065,-627.2081,-230.6397,-657.3406,25.9808,-573.5249,-54.2323,-558.2963
-468.0797,-29.1475,-583.7866,-34.1469,-629.1299,-24.1422,-725.1885,-87.0486,-748.8903,-85.0604,-596.0132,166.6810,-646.3780,-184.2702,-697.0358,-8.0971,-515.0766,-61.0849,-553.5383
-544.2617,62.1889,-607.4892,38.1619,-580.1849,27.1230,-708.8068,-134.5376,-700.7757,-227.3740,-586.9419,170.3323,-628.1212,-131.0366,-698.3464,-56.8394,-476.4259,-24.5322,-572.1364
-561.9747,91.6294,-535.7600,56.8999,-521.4283,55.2238,-678.3541,-106.8579,-642.0975,-193.8818,-635.9943,117.4431,-586.4711,-130.0468,-651.3904,-11.6635,-512.9393,-6.2626,-575.7458
-433.2321,45.9812,-520.3943,12.5918,-528.4407,25.6346,-675.4244,-53.9881,-658.3053,-92.8140,-623.7126,59.8109,-575.0807,-151.4022,-617.7937,17.6502,-539.3787,-18.3247,-573.3037
-371.2977,26.8532,-591.4814,0.5691,-574.0133,20.2661,-672.4398,-60.2145,-675.9907,-119.9949,-526.5837,31.8941,-592.6676,-136.8878,-591.3956,-65.4688,-530.7136,-7.1256,-583.3336
-515.5829,69.5537,-571.2708,33.3770,-564.5208,73.4542,-617.0108,-81.8458,-606.0577,-165.4006,-501.0294,-3.3294,-567.7897,-100.8201,-537.1570,-130.9713,-535.8162,23.8637,-551.8697
-587.4420,130.7558,-432.8730,63.6948,-483.4149,113.8135,-544.3298,-65.2997,-530.0733,-93.6769,-558.1698,-11.7646,-505.4149,-82.1619,-496.3037,-111.0253,-513.5086,29.2097,-476.6425
-351.7974,199.9182,-382.5038,106.6244,-425.4445,126.1956,-527.2142,-65.0070,-527.8265,-60.9910,-549.2376,96.8954,-503.2600,-52.7848,-514.7425,-119.5875,-402.5224,25.1420,-455.9365
-67.6074,287.8929,-472.5997,170.3728,-441.0906,159.2870,-543.1573,-105.0463,-542.7902,-147.8002,-495.8623,263.5765,-562.3157,15.9176,-575.7044,-160.9562,-260.2944,38.3823,-497.7695
-37.8352,350.1199,-519.6213,193.1274,-453.9690,187.6600,-523.0847,-113.9037,-529.7334,-161.8013,-518.2222,331.3094,-574.3472,61.8616,-640.0053,-137.1778,-166.7170,42.1311,-487.3464
-148.3459,337.3757,-455.1335,160.2131,-408.9670,169.8494,-473.5815,-64.3996,-511.3870,-71.6332,-577.8304,293.1942,-531.9526,35.1035,-654.7261,-108.3961,-121.4697,25.2716,-395.7542
-196.2893,287.9196,-401.8547,139.0167,-362.6273,147.1467,-433.7335,-18.7429,-482.9100,-81.1042,-609.1127,249.0966,-525.9054,0.9323,-586.1162,-169.3076,-104.6752,8.1199,-320.3121
-216.5332,258.3662,-407.6294,145.7008,-356.6879,140.8419,-398.8325,-28.6687,-433.1371,-199.3033,-638.1029,196.1050,-546.6014,7.9060,-491.2617,-233.4357,-118.0302,-21.3034,-319.7660
-270.7682,214.3493,-399.5398,123.2569,-351.2155,106.7028,-363.3702,-78.0044,-386.1040,-250.9903,-638.0348,87.3420,-515.9627,-11.9476,-444.0877,-210.9369,-153.1128,-80.4033,-346.6942
-296.8670,117.4081,-358.9862,62.1459,-315.9741,44.4940,-336.3353,-104.5373,-343.8549,-212.8926,-566.7008,-23.5427,-447.4221,-86.0313,-423.5774,-161.8287,-181.7015,-140.5131,-321.5151
-262.5352,39.2107,-320.5047,13.8064,-261.4019,-7.6353,-295.4097,-71.2560,-294.6099,-173.5618,-485.3355,-71.7102,-386.8331,-124.4731,-379.5769,-139.1188,-177.2179,-170.2641,-226.5131
-219.8014,44.0049,-271.5232,-4.8977,-193.6311,-47.6225,-220.8059,-21.9432,-246.9413,-156.7431,-425.2026,-84.3073,-315.9488,-99.4874,-309.8924,-125.3387,-148.4534,-179.5027,-135.8550
-194.7760,61.7891,-203.1676,-24.3557,-130.5753,-74.0785,-146.9543,-19.7109,-187.2930,-161.5626,-338.5931,-107.8274,-231.8348,-97.8232,-225.9912,-129.1029,-134.8628,-194.0305,-122.6193
-161.4219,11.9857,-162.2531,-60.5937,-113.3105,-80.1923,-113.2178,-53.3301,-108.1788,-183.9236,-241.0666,-152.5604,-173.8711,-143.5753,-149.9532,-145.9241,-137.7085,-220.9112,-145.0888
-123.1520,-73.1395,-163.6762,-107.7268,-137.3941,-101.1844,-97.6807,-63.9250,-48.0176,-173.3712,-169.5926,-214.5614,-137.0469,-171.4667,-101.6659,-113.0804,-123.3340,-243.7791,-98.8393
-128.6305,-140.5514,-155.4133,-165.3664,-135.0540,-156.1403,-40.6395,-31.0468,5.2899,-94.0353,-96.8540,-267.4673,-92.4963,-171.2873,-37.7967,-32.1581,-102.9350,-244.2454,28.2646
-158.6025,-185.4724,-109.7009,-218.7697,-67.1118,-199.9931,66.6801,3.6757,105.1050,6.7374,-23.8786,-280.0548,-44.5292,-182.2018,78.2789,3.8395,-88.2037,-219.4770,132.7548
-111.7754,-191.7592,-45.3789,-225.5589,28.4879,-202.1399,144.4417,-10.9703,201.8214,41.5993,33.6493,-266.6429,16.0123,-190.5982,188.7820,-30.0056,-25.4202,-182.1799,137.5687
6.3758,-149.4901,31.7747,-179.1426,102.5379,-180.1586,132.0022,-57.8058,231.3939,-6.8052,125.9491,-246.4403,104.9140,-158.1622,254.3899,-56.4108,94.9020,-163.3125,101.9844
74.4450,-111.2405,111.7844,-136.2884,149.0601,-151.4601,101.1027,-66.6655,264.6917,-42.6366,249.2838,-203.7859,179.1668,-91.6693,320.6051,-39.7762,192.4958,-175.1570,133.7613
92.5246,-113.8153,160.0343,-124.2531,179.1780,-126.1052,149.9517,-28.9709,339.9222,-0.3835,312.7469,-165.4440,205.3367,-28.7287,397.1543,-20.3197,239.0085,-157.4511,217.5562
147.4476,-117.4349,186.5231,-101.0326,200.6787,-104.4239,245.1053,1.3049,363.0988,37.9453,319.5776,-197.6138,236.7530,0.7369,451.9316,-6.7095,276.2451,-67.1944,253.7916
192.9661,-97.1250,240.8412,-60.6104,232.4496,-72.4586,304.9617,26.1740,327.5608,16.1362,351.9241,-271.3738,313.1565,-0.2751,500.6923,38.2126,305.2831,5.1260,251.9551
182.7302,-84.7266,312.6742,-54.6303,285.5966,-46.3324,338.1985,85.7365,334.8745,35.3171,403.9228,-290.6084,381.3060,5.3090,548.4461,109.1945,312.6927,-19.5080,304.6125
226.7750,-86.6218,349.7018,-69.7306,344.6347,-48.4719,386.3063,155.8191,382.5879,144.1679,428.7692,-259.2476,396.5197,38.4747,568.0390,158.9832,318.0700,-49.8262,398.2875
347.5275,-73.4800,357.0542,-38.6672,401.1412,-35.5590,450.2484,193.7547,408.8658,223.3095,436.7725,-248.4136,401.4303,74.9356,590.6646,174.7634,321.3690,-5.6145,445.9154
403.4074,-42.7166,374.7583,22.9205,459.5269,26.0908,517.6259,211.1830,420.1583,205.0836,448.7080,-246.2678,445.5353,92.8019,630.8170,177.6186,329.7055,35.5160,449.5396
386.9575,-1.7119,404.5419,55.6689,504.4888,81.7962,559.7627,223.0586,408.6264,179.1936,468.0456,-202.2883,499.1470,104.6941,608.1475,178.2256,383.1412,33.5456,458.6807
410.7693,56.2339,428.5479,77.2899,517.2970,102.0185,543.0125,224.0733,356.2204,218.1061,481.0891,-138.8179,499.4936,126.4267,519.0421,184.3439,446.7357,61.5857,457.9661
438.2873,102.0823,432.5998,114.6399,496.7884,129.8669,499.8230,227.3293,329.5627,268.9003,449.5818,-101.5723,452.9933,151.6749,477.9225,201.1187,437.3478,112.3322,424.3749
378.5884,85.7737,395.8428,125.9343,438.6653,153.9769,487.2590,239.0965,364.8606,252.1808,384.3181,-90.0594,423.9779,161.4129,499.3040,204.3162,375.5918,112.5972,388.5274
278.6367,30.3563,324.7114,99.5314,354.9626,126.7439,485.9622,238.4439,397.2054,189.1504,345.2771,-85.8458,422.6424,151.1730,503.8995,175.5448,319.8698,92.3630,368.2616
212.4531,11.6425,264.7280,89.6138,293.4122,94.9128,457.3212,225.6148,408.6627,165.2783,313.0319,-73.4133,400.4458,146.0259,498.1046,151.2301,256.5004,108.7404,336.5807
184.2175,40.0229,240.4838,111.6132,269.9008,123.6900,418.5832,222.7683,416.5806,177.7992,238.6042,-44.2386,354.9341,164.1564,499.6974,174.8048,198.8364,137.9323,278.3219
179.1548,64.0488,238.0640,141.2965,252.5227,174.8954,377.6920,229.9314,360.0642,161.6482,188.4839,-14.1547,323.5681,187.0934,451.0733,230.3486,198.9941,166.2469,216.5437
167.2080,75.0636,245.6132,180.9237,234.7618,193.4608,314.7198,229.6403,228.9430,152.3809,225.2666,5.9677,299.0634,200.4449,366.2016,266.0676,225.1947,200.2625,173.4071
133.3470,103.4530,253.6216,216.1902,212.7162,189.1453,242.8325,209.9165,132.4170,200.6013,271.7387,30.3786,258.1055,211.4144,329.0168,257.2267,231.2222,191.3403,138.6884
112.2516,132.0424,239.2176,204.4188,148.8066,176.9595,182.1131,182.7769,103.2454,217.7740,258.6757,44.8078,216.9590,207.8429,319.0614,232.0823,242.3335,134.0266,102.2305
94.5620,117.1262,194.9936,161.4951,63.2819,161.1395,130.7552,187.2906,83.6330,149.4773,213.8997,17.1866,186.4523,177.2909,275.6761,231.4753,239.9776,119.0309,85.0117
39.5941,81.3803,136.8094,142.0284,17.4066,162.5270,113.2896,220.9689,115.6241,95.9122,146.5110,-13.1156,149.4752,151.0832,242.3688,236.6784,177.8652,152.8312,85.7365
-1.9941,83.9815,66.4568,142.5553,-27.8253,171.7673,148.9386,212.2158,266.5944,97.8048,46.9851,24.6542,103.9837,150.2883,264.7708,201.5603,112.5640,125.8048,51.5751
-4.5686,107.9308,-22.5384,128.4324,-126.6228,140.7605,179.5960,143.3845,429.5448,100.6699,-40.4617,111.3912,60.3174,142.5349,292.6354,170.3168,82.8333,34.2478,-25.4391
-65.1514,84.1317,-104.0005,97.9906,-195.0612,69.2557,148.5924,96.2079,442.8635,142.6839,-92.8388,174.3047,26.9677,109.3628,274.4708,228.6592,13.9881,-0.3844,-76.2634
-177.9968,21.6186,-137.9655,61.4105,-170.9499,16.5165,95.6321,103.4816,326.2431,255.7965,-150.5953,201.9262,23.8855,81.5138,216.6945,325.3631,-90.7071,41.5332,-83.1357
-204.2628,-0.0122,-131.3738,33.0416,-153.3848,11.5783,80.0641,104.1700,218.9037,316.1104,-221.9134,229.2049,47.2966,87.4162,148.2217,325.0845,-124.8598,59.8935,-100.5733
-161.4638,32.2051,-132.3760,37.1933,-199.9323,25.9634,89.2600,71.4552,159.1131,245.4935,-268.2780,261.9421,50.9744,127.3898,98.8932,236.8726,-100.6601,33.4241,-132.4322
-183.7254,44.8633,-158.2016,54.5585,-230.2299,31.1592,78.6413,34.7931,80.5632,145.9330,-291.5411,282.2146,17.8671,184.7616,64.5349,194.9660,-120.8067,27.0072,-151.9326
-252.4635,1.0297,-182.8487,33.2305,-222.7086,27.8550,39.3710,9.2282,-12.4008,116.2089,-330.9305,296.9000,-23.0069,242.5175,6.9639,235.2785,-188.0126,35.2202,-188.8088
-289.2474,-50.6671,-197.4497,-10.9909,-245.2248,25.8363,-3.4034,5.5069,-44.8566,138.8934,-387.3145,338.4489,-66.2046,307.5359,-65.7066,264.5086,-251.4620,9.3741,-256.3554
-323.3549,-59.9146,-218.4208,-12.8757,-292.7796,31.4805,-37.1448,25.9044,-38.2860,150.6793,-424.9442,412.2384,-120.7022,383.5105,-110.6022,221.9237,-307.7943,-17.1332,-308.0185
-363.6729,-41.8301,-245.2316,23.3836,-305.5109,45.7645,-77.9359,29.1770,-77.5994,127.2106,-437.1740,469.3628,-160.1340,424.1066,-143.8688,150.3623,-356.1461,2.3151,-335.6600
-367.0714,-43.5923,-267.9333,33.8380,-282.8510,51.7187,-125.6874,3.3944,-138.5306,126.5223,-446.6635,462.2981,-163.8058,391.9193,-192.1822,120.2816,-392.2751,26.3461,-361.9871
-380.9548,-75.5920,-294.3275,1.2581,-259.0681,29.3197,-148.2175,6.1345,-144.6936,184.0708,-449.3235,402.9453,-146.1707,327.5418,-211.5398,137.1902,-436.7280,27.2364,-360.2544
-463.0425,-103.5661,-327.8951,-32.6381,-251.3536,0.7799,-145.2117,40.4575,-123.0380,191.1212,-438.9581,338.0182,-119.2386,278.5742,-191.5094,137.9540,-485.1347,55.4332,-328.8661
-529.9417,-104.9073,-349.5063,-33.5992,-265.6046,12.6889,-167.9108,25.6048,-148.6725,76.5646,-453.6733,306.1569,-105.3888,238.1683,-227.8766,80.6163,-500.2794,114.3895,-334.2523
-475.1517,-88.3520,-343.6016,-3.1580,-285.7976,58.4644,-237.4360,-44.2573,-233.6865,-15.5059,-492.8144,320.3159,-147.9209,208.6922,-363.4116,-0.5070,-472.0624,142.3829,-379.7978
-343.4456,-53.4500,-316.6171,41.2962,-284.0551,87.2305,-308.8384,-69.0746,-332.9259,30.9334,-479.0661,346.5462,-232.1678,218.4593,-488.4795,-53.6983,-428.7927,141.7358,-395.1642
-270.8062,4.7572,-289.4421,87.4871,-265.8517,94.7285,-339.4327,-7.1895,-378.0879,103.2224,-400.5896,336.5867,-279.3521,251.4455,-508.4869,-69.0066,-406.9673,154.8468,-372.2407
-293.7304,53.1247,-270.7583,124.0071,-253.8919,119.6914,-339.3768,63.1874,-350.1221,91.2899,-334.0057,302.8308,-270.9988,257.5458,-480.6500,-60.5033,-413.1697,165.3242,-350.3482
-304.5496,61.4849,-235.1104,136.5231,-243.9592,156.4768,-348.1414,70.9214,-324.9076,61.2369,-290.0301,287.1921,-276.4314,228.9610,-486.9808,-39.9538,-406.6427,156.8201,-326.9714
-233.2135,60.6268,-175.8412,130.8252,-225.3350,162.4398,-381.8029,49.8168,-335.9531,95.8829,-235.2921,277.9863,-327.4570,202.1037,-489.0558,-8.6523,-366.6397,157.5819,-295.3243
-167.9022,77.6865,-149.3244,125.0203,-214.5729,136.4794,-407.0068,66.9792,-309.8835,163.1212,-205.4771,245.6465,-365.7241,193.4852,-419.9751,35.9280,-333.8336,161.8420,-272.6573
-190.6762,78.7152,-175.0068,107.1007,-227.6618,112.9245,-383.2026,104.2928,-244.8207,176.4511,-206.0290,196.9657,-336.5655,171.9218,-323.9015,67.0819,-317.1656,142.6559,-253.6287
-236.3196,53.8646,-176.4529,67.6299,-236.3318,103.0721,-320.8470,98.7275,-221.9923,114.7825,-162.0352,132.4554,-261.4596,110.3240,-278.5234,48.5171,-271.4142,126.8299,-229.2031
-223.2631,61.0790,-125.5629,54.6894,-200.7011,99.0283,-264.3163,70.9917,-214.3175,67.0495,-83.9607,47.8471,-196.6730,38.9444,-261.3396,5.2554,-204.7030,136.5352,-211.7849
-156.3144,119.5891,-101.4369,97.4069,-142.3616,101.0639,-233.6285,83.2793,-153.5120,106.8214,-53.4122,-14.5192,-165.4540,-4.4610,-212.9538,-16.3186,-159.4972,135.8753,-186.2851
-63.4895,172.0795,-121.8180,134.2518,-113.4181,102.8161,-216.1175,108.7486,-91.8073,176.4889,-40.8912,-24.3643,-154.8525,-40.5163,-152.4462,-36.8267,-122.5660,110.0071,-131.6037
16.6413,191.7189,-107.0902,123.2561,-98.8298,93.1446,-200.9151,94.1182,-77.2969,193.0141,26.5226,-25.2727,-146.0375,-90.3051,-133.1783,-78.5413,-76.3469,92.4894,-83.3757
43.9136,212.2855,-47.6741,119.7862,-52.3417,91.7926,-196.5107,75.0947,-65.9858,148.8255,114.4532,-61.9044,-125.7849,-123.0016,-153.4863,-101.4392,-33.3177,96.3555,-67.8374
45.0697,235.4782,-5.8774,153.3746,-5.0737,120.0714,-213.3754,94.7144,-51.3643,61.9899,167.3923,-136.2765,-105.4158,-135.7798,-164.8171,-103.6418,19.4259,102.9576,-40.6940
61.1044,215.5484,12.7365,161.2301,-15.3577,134.5586,-237.5453,125.0708,-51.0319,-10.3849,194.3426,-250.6822,-124.2924,-179.0458,-126.2033,-129.6076,73.8893,92.1500,24.5712
69.5249,146.0283,28.5533,108.3654,-59.1977,81.0970,-243.5296,146.4779,-27.7769,17.2700,202.2802,-381.8154,-180.0729,-247.2085,-53.8861,-145.5099,68.8928,47.6662,83.5759
56.2354,82.8079,29.6018,49.2500,-72.0995,3.9553,-230.2568,162.9794,4.6217,92.6831,186.8562,-454.6559,-200.9451,-259.6760,-19.5548,-111.2673,19.5790,-16.4371,105.9360
37.3204,70.5863,30.2827,39.8724,-26.4852,-12.8098,-201.5334,147.4664,-15.8113,72.9483,169.0040,-446.0055,-153.5646,-183.9464,-49.0462,-112.0143,17.5676,-48.2444,120.1033
0.0924,89.0932,60.0364,66.6175,66.6624,10.4927,-140.7013,101.3391,-44.8792,-11.1838,164.2367,-434.3694,-92.8893,-95.0405,-69.2160,-203.3657,52.8133,-30.8641,146.8065
-30.6504,88.2406,88.4031,69.3565,152.7170,-10.7605,-64.2356,79.1298,-3.8591,-20.0968,185.6956,-475.2672,-49.9305,-83.3181,-25.9126,-279.5626,46.5450,-18.8631,160.9256
10.8549,57.1551,82.9507,20.3012,173.4680,-77.9292,-31.7929,74.2024,77.8241,27.4813,258.8826,-529.9631,5.2939,-123.4945,38.3671,-262.3848,26.9519,-57.7470,144.2999
77.7043,24.6094,80.8816,-34.0115,160.4230,-124.5719,-41.7711,24.7741,158.5466,23.6289,353.3703,-561.0818,66.6491,-90.1655,86.4353,-213.8359,68.9768,-120.2975,133.0030
85.3131,-3.3538,113.0583,-55.4734,186.0372,-138.8604,-17.7714,-55.3396,257.6301,-27.8932,396.7799,-590.8978,103.9121,48.1448,146.4095,-186.5092,147.7873,-157.9489,167.2122
109.4100,-48.8175,157.8141,-84.2283,238.7689,-163.7114,55.0737,-100.1137,364.6276,-52.2731,403.0328,-631.3358,146.2864,153.9804,230.1331,-171.2522,195.6154,-166.7907,220.7444
238.4435,-101.2795,209.2659,-136.8874,277.2058,-202.1319,114.8914,-87.5098,446.8002,-0.5407,442.7429,-649.0870,220.2858,134.5164,307.7312,-166.1746,208.5032,-165.9166,260.9430
377.9821,-124.2466,279.6158,-150.0753,325.2695,-210.0105,171.4274,-19.6960,526.1052,129.2604,489.4684,-630.0845,282.7895,75.9777,377.7947,-146.8454,221.0353,-153.8265,330.7459
422.0630,-120.5223,342.4707,-118.0027,396.5149,-181.2123,298.3681,80.2609,634.7793,260.9465,470.7065,-597.3234,313.5562,71.6099,468.0672,-77.3794,249.8966,-131.2352,456.1040
414.6098,-113.4517,372.9619,-112.6927,452.0539,-161.5558,461.7491,143.1138,747.5327,294.8422,439.7937,-548.6949,362.0493,99.2902,569.5870,-1.4616,297.2968,-116.4922,563.7402
424.9014,-91.5110,408.9218,-121.7391,495.5788,-157.7861,549.7656,149.3450,797.3251,237.5029,499.0791,-469.7136,448.6215,118.5794,641.6957,23.6640,363.2918,-95.8627,611.9438
450.7952,-49.6077,487.6233,-79.5563,568.4020,-122.7834,575.9830,168.3690,759.4289,183.8818,598.1949,-401.1354,533.8736,119.7177,681.3080,30.6690,434.9715,-35.9369,666.5000
475.9172,-26.8459,569.3210,-27.8980,654.2409,-60.5481,645.4218,207.9926,726.8591,183.1398,623.1564,-382.0397,594.6312,92.5714,732.7480,54.9023,497.6266,30.5646,751.2910
516.4150,-32.4692,605.1295,-25.7931,708.5313,-27.4647,739.7244,185.9336,795.0110,196.0448,616.7142,-362.0355,639.2623,59.5969,814.2222,67.0518,575.1907,44.9173,795.6095
605.6736,-11.5265,625.9310,-10.2341,738.8979,-11.8427,761.8832,102.5565,878.4893,165.7086,683.7074,-286.8675,674.9053,68.6736,881.1624,56.1998,700.1041,43.9700,779.4600
726.0978,64.2874,684.9800,69.9990,780.3746,42.8540,736.4199,49.3258,838.7296,93.0740,783.2021,-200.4465,709.9847,114.9507,887.2693,47.3749,823.1021,102.6441,751.3064
798.8741,149.3919,767.6038,145.7980,836.5293,112.7046,734.6812,44.5461,718.9349,25.9995,828.4645,-159.8922,747.3548,155.7924,840.3108,48.0217,862.5911,188.4261,717.0114
812.7991,185.4902,822.6497,162.7568,878.9355,135.5886,717.1575,36.7904,634.4342,-10.1897,836.3870,-145.6188,767.1204,172.8178,783.0173,59.9589,835.1937,215.1567,667.2607
830.9803,152.7354,831.6776,147.5526,881.0903,117.3766,653.2150,25.5526,586.4565,-27.9631,822.2474,-121.4453,753.1116,163.0226,746.2521,72.9340,795.4712,192.5635,642.4574
827.8503,86.1602,806.2683,123.9011,847.6027,99.2128,621.5107,42.1567,546.2686,-55.3497,758.6364,-88.4932,721.5602,138.7125,714.4156,45.4750,733.0537,201.8142,663.2420
744.8376,64.0504,770.4407,111.9841,805.3905,109.9472,648.1533,73.7855,520.3774,-120.6512,695.2532,-62.6239,701.0244,136.0274,649.7869,-19.8888,665.5222,259.7717,686.8146
662.5460,119.1811,754.1058,144.6241,767.3044,160.5777,655.7151,86.8775,487.0871,-196.3170,693.0010,-56.1476,696.9380,158.3254,575.3951,-60.6347,661.1533,290.4942,678.7086
673.0172,182.1933,755.6625,192.9788,732.9343,199.2494,628.2120,70.0625,444.4016,-209.7592,704.4523,-56.8480,687.7778,166.3439,551.9875,-62.4060,688.5734,235.9386,647.6023
716.5173,185.4347,742.7577,190.9853,709.1082,160.3661,614.6152,30.6001,435.2870,-171.3178,690.5849,-28.2533,660.1826,150.6939,544.5565,-57.9310,660.9288,147.3135,610.6271
711.1762,157.4085,710.4681,149.9832,691.3003,94.3529,607.0411,-7.9260,451.9487,-141.6185,684.1234,26.5081,630.7359,132.4512,474.3221,-42.4396,606.0705,106.7719,581.0823
654.2546,144.6889,672.5972,121.4042,651.0895,81.5340,583.4835,-17.8054,476.4288,-89.8598,667.2194,55.9927,602.4839,110.6145,402.2213,-16.2886,578.3268,94.0844,563.8437
562.9660,132.9726,612.5535,97.2296,574.7463,73.8574,561.8982,-3.6554,544.1802,-11.0392,597.3791,38.7029,543.9078,79.3750,427.9386,-17.5363,537.6974,47.8967,543.5859
483.0497,100.9618,524.4713,61.6186,499.0483,24.5274,533.8321,3.7313,615.5056,-20.3554,515.3751,-8.1766,467.4883,53.0510,470.2756,-34.3458,474.1454,11.2012,509.8564
455.9860,66.0341,461.3410,48.6845,479.7119,16.0023,481.7047,-4.9693,582.7816,-106.5065,465.9807,-66.4710,443.2150,44.3462,410.1707,-20.1725,446.4083,51.6193,478.1021
425.6986,49.2483,461.1302,67.6806,512.4283,77.7031,445.6659,-13.8093,480.6883,-103.5038,430.9222,-91.2200,471.6269,56.9335,315.7484,4.9702,443.5371,105.8178,462.0670
352.6657,50.3909,473.4823,72.2994,522.5163,103.6577,456.1384,-14.2558,436.9414,-14.7999,398.3022,-41.3156,469.8339,77.7276,296.1501,3.7649,407.1269,83.2997,450.0812
314.1777,56.4068,428.7587,45.6079,468.3092,58.6879,472.0443,-6.5201,454.5833,28.4210,373.8967,27.3968,421.7876,69.3669,323.7247,-3.7206,346.3482,30.0179,423.7432
335.3135,56.2575,338.3615,25.7357,399.1461,24.7778,452.2251,8.9758,470.0527,44.7433,358.5134,33.5296,391.1481,27.2687,344.3011,-5.2936,304.1183,25.2408,390.6501
338.7335,54.6270,274.7377,33.2880,368.9309,28.2716,411.5356,22.2652,483.9470,82.4934,346.9393,12.2464,387.8726,8.0131,354.3465,-14.5305,295.6884,37.4896,380.1382
312.8048,55.6579,268.7119,40.9040,367.0060,24.9977,391.4966,31.2817,492.9724,87.5448,290.4846,40.1052,371.5187,39.4062,337.4584,-3.9403,306.8041,15.9753,394.3058
288.8076,41.2750,269.2852,19.5816,359.2271,3.9031,409.7206,57.9246,469.7112,78.9209,172.6217,88.2250,342.1967,69.6572,300.6330,50.1609,290.2068,-8.9768,390.7672
233.6541,2.0866,223.6808,-24.1495,318.7643,-15.8766,424.2287,99.9296,430.9214,116.5877,106.0415,83.8849,311.1860,48.6279,297.8932,104.7346,221.4638,-10.2059,342.0564
149.3037,-37.3328,151.6389,-58.3321,234.4120,-17.8384,380.4998,117.1742,387.8437,148.2484,129.4200,38.9656,256.3797,-8.0818,315.9361,129.6868,149.6087,-14.4528,274.7988
104.5490,-55.2260,99.4505,-58.9828,141.2676,1.8574,297.4991,109.8718,310.3515,156.7568,83.5977,20.6340,169.7463,-51.2415,281.0866,151.2361,104.1877,-25.0091,213.7559
95.7998,-51.5533,68.0293,-35.1678,80.9455,10.3761,223.1040,116.2838,205.5316,193.9317,-66.6529,56.0624,74.8135,-52.2927,197.0172,169.0741,49.7571,-25.0585,137.7050
67.0424,-26.8919,29.2793,-17.7614,35.0198,-15.4981,148.1767,114.4781,111.6476,196.1623,-144.2824,117.2601,-5.1154,-30.4469,122.0846,153.5294,-13.6820,-46.6082,28.1403
22.4949,6.1089,-24.6182,-20.5384,-27.4297,-31.9619,53.9400,59.0851,26.1154,115.4300,-136.0496,163.3496,-56.0226,-27.4441,60.2588,123.3908,-55.7034,-106.3082,-89.5405
-21.2823,17.7812,-83.8382,-26.3703,-102.6326,-9.8357,-42.7475,-6.5113,-58.4493,63.3186,-185.5449,174.5634,-90.2449,-45.4904,-8.6961,114.6010,-95.4241,-133.8834,-179.7884
-91.2609,5.6289,-147.6868,-18.8365,-192.3151,6.2417,-131.3818,-19.0042,-116.9719,61.2443,-261.5226,155.8684,-145.4172,-47.2385,-71.8190,114.3904,-146.2643,-85.2690,-237.5449
-194.5176,-5.6281,-218.4594,-7.4602,-285.9775,-3.0970,-201.7012,-3.8970,-149.7179,7.3664,-286.7729,123.6626,-221.6439,-25.1417,-119.8161,105.9982,-180.4557,-27.7204,-278.1122
-277.1520,-13.1029,-278.5273,-9.6122,-333.9812,-2.4193,-236.9106,3.5097,-194.3422,-41.0752,-335.4515,95.3289,-273.8699,-15.9754,-170.3309,107.6221,-201.4554,-18.4372,-305.4183
-283.5766,-26.4452,-302.2681,-23.9925,-339.0325,1.6036,-271.5603,26.9167,-268.2363,28.6057,-410.2579,82.2222,-289.2399,-36.4846,-237.5830,121.5777,-228.6353,-22.8165,-314.4887
-241.9155,-31.7026,-298.7297,-30.4199,-363.5861,-17.4182,-342.6027,67.7815,-352.3585,126.0612,-420.4233,88.7716,-301.4987,-50.8998,-313.7119,122.6063,-249.1733,-5.3430,-314.5777
-231.6547,-13.6098,-306.2655,-11.3747,-402.6321,-19.2450,-400.9098,86.1336,-419.4463,124.7517,-422.5776,111.2149,-342.4262,-28.9661,-373.8352,110.1064,-270.1532,23.6671,-324.3143
-251.3200,20.0929,-332.1027,25.0705,-415.3471,28.1317,-421.1785,72.4895,-464.4930,64.6804,-488.9968,131.5003,-419.6086,-4.3725,-403.7693,104.2444,-311.1121,52.8937,-359.2417
-249.9547,57.6686,-352.3990,53.3645,-436.1203,67.3526,-482.3812,40.0119,-509.7215,50.7439,-538.5078,141.7051,-497.0041,-15.0703,-425.4207,105.2894,-343.7767,65.2431,-433.1063
-275.7940,88.3736,-372.9798,62.7027,-496.6157,48.7893,-600.8011,-7.7138,-568.0324,113.4055,-550.3062,168.1939,-527.7679,-22.1690,-469.0571,102.3654,-358.3502,35.0045,-534.7792
-382.4329,94.1547,-424.7987,57.2147,-567.6681,7.9144,-674.8645,-54.1213,-622.5079,153.6121,-591.1158,211.4636,-552.3004,8.0011,-531.2028,90.5964,-397.7480,-18.9575,-614.8640
-482.9761,71.5627,-509.8467,37.6320,-649.3247,-11.1358,-678.7543,-80.5121,-654.3491,61.6658,-604.3115,208.3828,-646.1234,12.6339,-582.3863,68.1325,-463.6093,-47.3034,-652.2320
-519.2503,47.9451,-598.9525,17.4559,-744.4308,-12.0313,-697.7787,-88.1100,-658.3950,-48.5885,-542.1622,148.5050,-762.1277,-37.7010,-603.6975,52.0965,-528.4031,-45.0487,-687.0447
-565.0168,51.9444,-669.1251,20.4019,-792.8980,-9.8229,-751.2527,-71.4305,-640.2305,2.0122,-512.5247,127.7755,-802.8411,-50.6322,-609.4150,69.1498,-603.2657,-47.3935,-729.6003
-629.6766,72.9322,-720.7404,31.2445,-786.0884,-10.8270,-770.1549,-30.2729,-626.7424,99.8565,-537.6549,178.1536,-794.1858,3.1241,-630.4671,102.3526,-675.5579,-69.4405,-737.8138
-650.5168,67.8881,-762.0219,12.9661,-794.0507,-17.2611,-735.4506,1.0803,-644.8316,65.7162,-491.1090,196.2381,-804.1754,20.0418,-671.8292,105.5224,-701.6892,-89.9343,-718.0860
-655.4644,25.7647,-783.3556,-20.3819,-814.8165,-17.0549,-699.0172,6.7666,-686.8897,14.2486,-352.2824,130.3724,-812.8079,-19.7312,-717.3511,76.2929,-702.5178,-81.3799,-710.9254
-676.3856,-1.2842,-770.8441,-28.2420,-803.2005,2.1929,-684.3115,16.7578,-740.9109,55.5567,-199.5599,58.5233,-797.2016,-23.4144,-770.1963,44.5145,-716.3941,-46.8005,-695.2047
-682.0121,21.2424,-747.3600,-12.8905,-790.5988,29.3484,-655.1735,44.3077,-806.7104,49.1794,-28.4948,35.7116,-784.1370,8.4106,-828.5388,16.9101,-721.4279,-13.6617,-639.9820
-706.4387,39.3939,-743.8575,2.3533,-792.8090,44.5132,-594.7756,71.5905,-850.1983,-46.6140,197.5700,27.6090,-772.3345,7.2694,-859.3735,-4.4401,-723.0469,7.4497,-579.8927
-778.0430,-1.0964,-743.5941,4.8065,-763.3368,33.7964,-552.8499,84.9579,-825.5451,-60.2419,456.7419,-6.6635,-747.9860,-15.4013,-858.5276,-5.5140,-764.8763,12.3520,-551.5344
-811.1048,-53.1919,-728.8030,-18.4728,-724.7841,-8.5671,-564.4456,70.4221,-739.3553,65.0350,705.7913,-69.0454,-730.7344,-47.6096,-850.2418,5.8021,-808.7993,-18.4633,-558.6983
-788.7376,-54.1284,-723.3813,-54.3078,-734.0651,-57.7881,-591.8538,27.4765,-624.0373,212.0285,895.0349,-126.5538,-725.1378,-122.5198,-808.0624,9.0379,-788.4995,-65.4652,-607.4279
-777.7632,-36.4528,-725.6556,-64.1279,-746.7959,-70.8335,-604.0836,-8.3989,-512.3278,272.5570,990.0294,-138.3230,-714.9777,-183.7115,-715.4666,1.1780,-731.1371,-67.6611,-665.1183
-719.9996,-46.0735,-695.7650,-51.5928,-700.0460,-45.1183,-606.1685,-15.8770,-459.8867,209.9847,1014.8842,-115.5459,-692.6337,-145.9604,-650.8029,-15.0796,-681.7990,-22.2515,-659.8246
-588.5788,-47.4914,-634.3153,-41.4177,-620.3384,-9.8598,-567.9603,-10.1034,-472.6679,83.5222,1015.2793,-110.0933,-638.3007,-77.2171,-646.2204,-24.1145,-629.9968,19.2362,-588.2602
-552.1359,-17.3622,-578.1188,-15.5637,-554.4858,26.2433,-470.5422,6.6914,-463.0896,-11.0527,1042.2335,-133.3752,-558.9177,-80.0748,-601.6801,0.9605,-576.9444,41.7955,-503.6497
-631.4377,-11.6127,-541.9289,22.9313,-516.9102,52.6920,-390.2759,34.1944,-417.3806,-65.9297,1151.5834,-154.9143,-513.5579,-108.0942,-492.3908,33.6103,-535.5120,43.5044,-416.9734
-592.0770,-43.7084,-520.3559,25.5608,-495.6810,45.7406,-381.9606,50.7183,-445.4039,-81.3243,1289.9760,-149.1803,-495.3789,-89.5812,-440.0851,17.2178,-476.6975,8.5929,-329.1606
-392.1252,-43.4701,-489.9058,6.6043,-446.5215,25.2458,-373.5161,66.4359,-538.9943,-4.5083,1323.2480,-105.8901,-435.1696,-64.2085,-465.4105,-17.9191,-390.8990,-26.6106,-265.3819
-254.8702,-8.8455,-422.6460,9.7865,-366.2376,21.6868,-305.5464,107.0141,-545.7819,107.0242,1295.6101,-52.8096,-364.3547,-80.2468,-440.8822,0.8841,-330.5074,-20.4034,-214.3259
-255.0642,-22.1883,-350.9105,-8.8828,-325.2346,0.4086,-228.0285,137.5319,-453.4338,134.0989,1393.7671,-36.5663,-342.2897,-110.8955,-338.4904,51.2996,-318.8584,-20.6239,-156.9777
-265.2924,-77.7898,-321.3457,-73.8493,-328.9460,-58.0750,-182.8267,119.8287,-381.8622,105.9551,1590.8959,-34.1673,-305.6965,-114.8763,-249.1828,72.1730,-307.8980,-61.8370,-127.1564
-222.6490,-84.1317,-286.5074,-97.3858,-299.2550,-86.0289,-153.3814,85.3696,-324.9846,76.3022,1669.2305,8.0013,-228.8818,-86.9320,-185.6313,73.3039,-253.4648,-79.3411,-132.6833
-156.9901,-32.3946,-198.8265,-52.1404,-234.3708,-49.1240,-134.2932,62.2276,-224.2743,-0.6290,1592.9402,51.5291,-202.8687,-56.5406,-109.7474,72.2818,-161.2706,-39.1970,-124.0091
-90.1225,11.3331,-121.8557,-23.4148,-182.9027,-7.4781,-113.4597,34.3295,-154.2833,-86.8520,1515.5770,38.1837,-204.0492,-55.4347,-59.4000,42.4112,-63.6347,7.1001,-94.2376
-33.0366,26.9485,-95.0292,-21.2139,-113.6768,2.8491,-52.2166,-1.6177,-158.6213,-88.6080,1484.5332,10.1453,-119.9925,-69.8045,-54.4194,-13.4574,9.1758,31.6728,-73.8181
6.2696,26.2414,-58.2783,10.5245,-1.7532,2.8003,23.2903,-35.9942,-139.4065,-57.7526,1431.9358,13.0775,-6.4020,-64.5436,-20.6921,-43.0775,46.8081,42.9473,-59.1131
27.0695,13.2886,3.6304,37.9979,89.5609,-1.9179,28.3432,-59.1952,-77.6564,-57.0402,1359.4829,21.0476,33.0228,-43.1396,57.9133,-11.2950,69.1107,37.6329,-47.5331
48.9342,15.4822,50.3025,18.6430,130.8406,-6.0142,-32.4064,-44.0850,-67.2542,-38.1607,1312.8831,33.9266,62.6948,-23.0733,87.8610,54.2392,106.6320,28.4765,-47.1973
114.3445,44.4345,99.8009,12.0634,163.2764,13.7206,-63.6022,-4.7016,-95.8888,-16.9025,1275.6577,69.2173,138.7369,-2.7820,48.2982,72.7658,155.2733,32.8812,-33.1592
209.9662,50.8863,161.4055,53.5728,194.3535,46.1417,-29.2724,-9.3451,-76.1387,-52.7522,1228.2614,76.0737,188.6084,6.2376,40.6138,8.3076,178.9226,39.5707,7.7604
259.7572,10.0531,183.7208,76.6959,206.9305,57.4146,33.8184,-55.8499,-10.7551,-89.3256,1196.2500,23.6526,194.5984,-15.4750,112.7574,-57.3557,179.1217,52.8153,54.9120
268.4648,-34.7324,191.3215,38.0062,222.4835,41.3188,104.0610,-75.5080,66.1889,-86.0995,1165.5175,-25.3730,211.9893,-56.6951,199.3222,-54.5959,209.0569,81.3480,117.5751
314.6718,-53.8793,264.4506,-13.8332,268.8813,11.3796,164.8361,-71.7164,149.9736,-101.9468,1101.7159,-30.5114,238.3250,-91.7563,247.9829,-37.5238,283.3654,83.6793,202.3226
381.5694,-51.4944,363.8057,-20.4402,342.4317,-6.8124,199.5654,-81.3433,206.2507,-127.9627,1061.5026,-17.0515,265.5507,-103.0685,274.1909,-46.9307,343.7004,40.8304,261.0378
394.1934,-30.5825,397.9540,3.2770,412.6265,5.5054,253.0347,-79.6810,231.4842,-110.4902,1080.6892,12.7024,315.0924,-86.5743,302.1515,-40.7168,354.2895,6.7311,285.7969
366.1611,-17.2008,390.0872,-0.8553,447.5432,17.1725,364.8950,-62.4827,292.8874,-90.7468,1030.0807,60.4714,360.4142,-68.9284,336.8276,-32.2573,351.6376,9.3989,330.9032
341.1220,-37.0076,401.8228,-24.0269,458.8907,5.1389,461.4763,-68.3353,379.1422,-111.2831,844.6496,68.1165,382.4336,-68.5649,367.3384,-67.5412,369.7481,22.8178,389.0845
318.9245,-54.9008,421.1111,1.4893,481.0867,16.8103,478.8099,-73.9395,401.3699,-138.2620,712.1116,-6.4514,425.5984,-53.7887,371.8545,-89.9479,395.2387,33.2031,410.2853
317.8317,-44.0054,431.9876,50.4916,505.6288,62.7987,490.2802,-43.1687,376.1560,-145.5647,730.8593,-106.0546,495.4103,-21.9483,358.5883,-46.3705,409.5184,25.8896,412.2273
356.4424,-45.0851,456.4196,29.2323,523.5528,72.2208,551.2477,-13.7090,382.0472,-123.0246,687.7750,-139.6147,553.5754,-25.4900,377.4507,1.2157,416.6334,-13.6095,438.3758
392.8005,-66.6544,487.1881,-29.4700,567.4117,37.0129,596.6130,-3.8808,402.5755,-68.4388,482.9447,-100.7347,602.2508,-52.6971,446.2070,8.1742,425.1030,-48.4758,486.5327
398.3900,-56.2491,493.3631,-21.5017,617.5179,20.7336,593.1403,14.9667,391.9406,-36.2925,353.8069,-67.9256,629.6353,-48.1795,511.5059,-4.4060,439.5077,-49.1973,526.0277
414.0544,-9.8767,482.3146,25.2730,607.1398,27.3247,572.5163,20.5229,363.6028,-64.3923,410.3289,-67.8078,600.6338,-41.1380,519.3599,-46.6039,471.1904,-43.7099,516.1087
464.1346,29.8331,482.1233,35.8612,561.9357,34.3425,518.0500,-8.8307,332.5708,-99.9822,435.4047,-27.2387,559.3949,-58.9450,478.6124,-110.5062,516.0003,-37.9657,453.6550
501.0653,51.0197,489.0932,41.3776,547.2604,53.1036,430.0548,-21.2756,307.5160,-101.7441,329.4993,64.9422,557.1391,-39.2660,434.4839,-127.0745,525.5770,-17.9220,408.6877
486.3640,47.9259,478.6694,62.0075,531.9453,56.1419,387.2437,-2.3570,312.7651,-95.5840,247.6196,98.0850,549.3513,6.3939,415.2643,-92.0794,468.8205,-11.6255,412.6360
460.6379,13.4183,456.1451,39.0396,485.4071,13.3432,397.5148,-2.5714,331.1418,-102.4022,215.4173,34.6598,522.8741,-26.9811,416.2206,-69.3995,406.7074,-14.3451,403.0981
458.9974,-13.2755,451.1576,-15.1892,465.7046,-15.3602,385.7304,-15.6556,324.4686,-117.6706,100.0072,-32.1176,536.4251,-111.7761,415.9873,-65.7342,408.5480,24.5120,371.8026
421.8645,-2.0253,456.2305,-18.2904,487.7111,11.2265,359.5569,-7.7583,304.2191,-127.3607,-50.6802,-57.6988,557.0542,-120.4030,391.8518,-63.0104,433.0511,74.9923,378.4344
327.0505,18.5412,431.8912,27.3392,488.0336,41.6132,361.7756,-7.5559,275.2085,-126.6834,-82.0495,-57.5493,498.4771,-52.7454,327.1502,-81.3630,412.2131,80.6701,389.3855
301.9210,42.8469,379.8562,64.0136,452.8077,59.3562,350.8862,-30.7932,213.8627,-160.1469,-53.7633,0.5362,397.0570,11.4740,240.6460,-113.8043,372.0921,91.3249,334.1292
397.1809,91.0555,337.2341,87.6760,408.9316,94.1426,303.3633,-42.3176,155.9049,-252.7994,-115.6816,97.4400,330.5683,52.2754,194.2129,-123.6698,351.0043,145.4468,257.4894
443.9492,118.8903,304.4106,107.2119,345.9623,117.6754,259.8794,-43.6767,150.9330,-322.4881,-223.9296,118.4806,279.2323,61.8819,209.0427,-106.1688,321.8190,171.7457,221.1660
350.5846,82.7705,259.3008,99.6103,263.2360,99.8743,211.2003,-58.3646,158.2343,-305.3320,-279.8870,58.2138,213.9236,35.2703,212.7682,-70.4018,274.7212,133.9717,191.5816
248.1106,34.7223,215.2063,61.3060,190.6286,66.6181,132.2367,-69.6744,128.1106,-263.4235,-337.8991,40.1246,162.2853,16.4936,151.0758,-36.9004,239.2011,74.8720,135.0892
213.3551,27.4231,187.3986,25.1911,131.2728,26.9739,70.9541,-70.6646,87.0090,-250.3344,-455.2837,89.0945,129.1313,19.0442,81.3819,-40.3645,214.9404,9.1095,70.0997
191.6005,45.8763,155.6523,19.5099,81.1685,-11.8366,53.5804,-79.5871,55.8482,-237.8529,-587.5195,123.6394,89.2973,7.0933,62.1190,-54.1449,193.6048,-48.4271,10.3426
175.0615,82.4336,113.4263,41.1983,57.5014,-3.0719,30.3646,-85.2353,8.4433,-215.9535,-731.8010,120.0032,44.0845,-5.9591,44.2450,-32.1409,190.3519,-49.4124,-29.9427
163.6596,128.8039,82.4458,60.8610,49.4917,42.4468,-21.6753,-79.9046,-65.4039,-200.9371,-895.2919,104.2268,4.5758,3.3639,-29.0070,-27.7417,188.6864,-8.4973,-36.9549
111.0722,133.0491,60.4574,61.9631,23.9331,53.0820,-75.9837,-87.5873,-137.2930,-180.1631,-975.1190,93.8111,-30.0909,3.1979,-113.6813,-76.3023,147.9144,12.0015,-39.9659
49.6307,92.8177,31.1368,61.4993,-11.8360,33.0691,-112.7061,-96.2861,-159.1900,-141.3812,-949.8944,112.2430,-51.9142,-5.6204,-145.1313,-84.9607,72.0079,4.9408,-62.6136
19.9498,68.6852,10.9962,59.9740,-30.3690,30.7168,-125.9544,-75.4931,-115.5436,-100.1785,-980.1500,141.9534,-51.5468,8.9006,-141.3728,-36.5755,-12.2121,-13.9592,-80.7098
-48.2670,49.0064,5.4687,26.9824,-42.9117,21.7483,-137.2905,-57.8575,-77.3302,-93.0925,-1095.2128,124.2861,-43.6770,14.3912,-152.8581,-47.1660,-92.1799,-42.9808,-94.6270
-154.2019,-13.3888,-35.1345,-26.9697,-83.3949,-21.4019,-174.0796,-75.3232,-106.4425,-134.4995,-1133.5844,78.7909,-56.6170,-9.5809,-174.1476,-98.5131,-147.4025,-53.9823,-137.3203
-196.2771,-63.3342,-124.6549,-52.1604,-154.8787,-54.9785,-200.4848,-79.5310,-144.5756,-141.6650,-1108.6176,73.4599,-99.8658,-13.7555,-173.5641,-62.5445,-171.8628,-40.8579,-186.1836
-214.7969,-44.3488,-191.8851,-49.8442,-214.6591,-54.7608,-176.0354,-35.3015,-134.4439,-37.4989,-1181.1252,87.9652,-151.6124,-1.6556,-161.8144,6.8071,-197.9103,-54.6483,-181.3352
-293.6871,-26.2964,-213.1782,-63.6793,-223.8282,-62.0188,-143.7821,4.0259,-125.4553,65.7308,-1292.3790,75.1294,-192.2806,-18.9535,-167.0296,-22.6515,-238.3459,-95.0625,-132.4248
-339.2739,-67.7576,-259.3875,-96.4233,-209.7613,-99.6952,-142.5494,-12.0039,-144.6691,31.0442,-1285.9862,57.8676,-229.2620,-36.4803,-188.1269,-86.0435,-273.4995,-95.7857,-117.5174
-302.4505,-114.2459,-335.3383,-119.8960,-229.3172,-131.2154,-149.4709,-53.9738,-157.2758,-52.1985,-1226.0481,44.0987,-255.0098,-33.6725,-221.0232,-67.3751,-312.6493,-48.9563,-170.3607
-320.9001,-125.3790,-358.2967,-126.4959,-280.1046,-121.3057,-169.8715,-65.7437,-182.4245,-55.3525,-1221.8435,7.7178,-245.6208,-55.9486,-266.8716,-20.6800,-377.9410,-3.5672,-228.6894
-419.4164,-126.3432,-341.8144,-117.4287,-320.1346,-94.8471,-218.7136,-41.0660,-231.1053,-22.5636,-1224.2955,-14.8228,-237.3890,-78.3159,-290.3442,-29.1453,-440.2791,17.1030,-229.1287
-454.2282,-122.2911,-373.6837,-98.8879,-341.8257,-101.2768,-251.6286,-27.4983,-229.3866,-2.6388,-1215.4103,13.4165,-291.9453,-42.6600,-261.1604,-63.3039,-454.0060,2.0221,-213.0591
-404.3636,-103.9130,-422.7501,-97.9786,-363.7355,-131.0203,-265.1740,-60.3179,-184.1243,22.2135,-1246.8796,38.0851,-375.8943,-15.2712,-231.0662,-83.9234,-428.1505,-44.4825,-257.4381
-363.1113,-82.3758,-413.1296,-113.6863,-394.1351,-129.8945,-322.1181,-108.3083,-207.2809,14.1558,-1242.5781,21.2610,-412.8811,-59.4041,-261.7944,-98.9148,-405.2100,-64.0448,-337.7309
-342.2059,-53.3926,-393.0800,-96.8631,-426.1431,-90.6302,-403.4289,-115.8175,-289.4200,-21.9955,-1114.6560,5.3570,-410.8716,-91.3872,-321.0577,-103.8498,-397.7350,-25.5060,-373.1157
-316.6288,-18.1801,-409.8038,-49.9143,-432.3139,-55.6727,-434.1737,-79.9895,-323.3238,12.8751,-980.0433,12.5823,-405.8017,-55.1048,-350.4194,-90.7168,-387.0530,4.9691,-355.0774
-298.0140,-19.6435,-398.0667,-51.1633,-394.5205,-53.3640,-420.9586,-45.6206,-314.0133,88.5940,-979.9979,29.4590,-382.9845,-23.1178,-352.7726,-76.5275,-372.0717,-21.5666,-322.5470
-293.2058,-68.8161,-344.2217,-112.8904,-353.2069,-81.0576,-391.8212,-43.8413,-310.2151,76.4371,-1065.1318,57.2302,-349.8990,-32.8046,-343.3053,-66.4369,-372.0252,-51.2200,-284.4821
-310.9402,-113.1951,-328.7241,-145.5150,-356.3772,-107.2592,-337.3191,-63.1797,-280.2010,13.5685,-1116.3846,71.4853,-345.7686,-45.9432,-317.1386,-49.2494,-376.1232,-34.3026,-247.3177
-347.8993,-121.0014,-346.7372,-114.1681,-382.3994,-96.3729,-297.2596,-70.7486,-229.7886,6.1698,-1082.0626,38.1175,-350.5055,-61.4018,-288.6548,-36.9576,-355.1670,-7.3331,-236.3547
-350.6469,-101.9776,-324.1401,-83.5271,-385.9154,-68.7355,-311.7086,-55.8390,-216.9771,18.9383,-975.6339,0.5926,-324.0491,-89.6781,-268.3473,-45.8665,-318.1234,-15.2524,-237.6491
-303.5412,-68.9046,-277.3983,-87.1550,-360.2631,-70.6019,-311.0470,-39.7527,-198.3443,14.3872,-886.8971,17.4573,-289.2558,-90.2728,-231.7558,-54.9326,-285.0154,-46.8063,-200.7989
-264.5700,-47.1699,-259.7380,-93.2454,-320.1961,-87.7881,-248.4164,-35.7218,-107.2814,48.9238,-895.3181,63.0873,-272.6294,-43.5895,-181.3872,-38.1795,-240.8317,-80.9383,-133.2008
-232.0884,-46.9533,-252.4658,-82.4820,-293.2071,-84.4944,-209.4108,-39.4301,-6.6101,100.7864,-922.8705,94.3769,-258.4543,-1.2520,-159.7131,-11.3572,-174.9362,-117.6984,-103.4207
-149.2838,-28.4251,-227.3577,-58.2770,-300.2861,-70.2723,-237.6270,-59.8059,43.4223,70.4673,-861.5970,102.5038,-245.0701,-17.4551,-158.3117,-0.6906,-103.8362,-139.4150,-121.1506
-60.2917,13.3563,-193.3526,-28.9389,-301.5007,-53.1721,-240.8331,-96.5761,94.5542,-26.5606,-774.7089,72.1048,-238.5506,-75.1157,-118.7091,-0.2881,-35.5728,-115.3911,-110.4819
-62.1813,19.0539,-156.3398,-14.3365,-244.8980,-25.4094,-157.4777,-109.4885,164.2599,-75.7383,-747.2883,23.4075,-205.9918,-99.7266,-37.2008,4.7771,16.1365,-61.8443,-36.3601
-133.5282,-12.2837,-122.5807,-10.9296,-160.4475,-9.6825,-39.2898,-76.9010,193.7136,-37.3949,-723.2464,23.6634,-122.2717,-57.4146,34.3834,12.6198,20.5958,-28.1039,46.6546
-163.5102,-21.6978,-99.4358,8.9107,-94.2800,-18.5836,48.2252,-35.7269,180.1455,22.5756,-664.2744,55.3329,-15.5437,-6.1720,76.8706,20.8350,-2.2359,-24.2433,93.5509
-101.8914,-15.6785,-63.0001,24.9003,-24.9678,-25.0680,84.0799,-16.0118,160.7958,50.2363,-604.8474,34.2610,69.1188,0.2625,102.5646,32.2484,10.5199,-24.6480,107.4123
-0.6900,-30.4505,4.8797,-1.6507,57.0123,-27.5847,87.0865,-2.6628,132.6025,75.2082,-514.0320,-11.6687,105.5000,-14.3987,108.1383,46.7707,62.3910,-19.6024,104.3888
67.5133,-44.6859,74.7650,-40.0742,116.2789,-44.2254,112.8564,22.5491,114.7576,133.5526,-395.5616,-2.0429,108.0751,-26.0936,107.6072,68.4943,106.0399,-17.5005,126.8512
96.7560,-52.5594,123.6492,-57.2040,158.2360,-63.7761,189.1868,56.8186,150.2544,176.5630,-363.1852,15.3508,130.3982,-46.4604,146.1625,97.2868,130.7097,-30.9630,194.4404
128.6109,-87.4483,165.6033,-85.5842,204.2356,-86.6573,257.5679,78.6370,205.0248,141.5319,-371.5799,-25.1874,191.0832,-55.3757,218.9630,117.4156,159.2616,-64.7276,228.3187
177.3883,-121.8413,211.3194,-121.7261,227.7572,-121.1988,261.6140,58.9979,227.5072,57.2580,-246.1537,-48.0911,244.4202,-25.7498,265.7358,120.9695,206.6219,-85.9482,182.0832
241.9554,-101.4197,266.0372,-105.3798,228.0497,-123.4186,240.6451,5.6225,251.6379,-12.0438,-87.1561,18.8704,267.9021,10.8642,276.5077,108.6288,277.7126,-59.3365,155.5207
337.3708,-48.5128,331.7672,-45.9040,252.3358,-68.4274,252.9691,-32.6861,303.2260,-50.7168,-102.5635,110.1066,288.4053,28.1604,292.4370,71.2051,359.1496,-20.4124,207.7123
432.3465,-4.5933,377.3572,-2.9037,297.1365,-15.9835,288.1710,-31.6325,333.4605,-53.5405,-143.5667,148.8725,311.4294,47.0252,315.9884,30.2263,416.1897,-21.0065,254.6325
454.9468,36.2485,378.3899,24.5584,325.1854,-1.9136,320.2180,-6.2757,327.7766,-6.5267,-2.8987,143.4073,328.0779,62.5620,333.7089,39.3239,433.5994,-39.3776,264.5220
427.3759,69.1011,373.3965,51.4902,344.4416,9.1612,346.6739,20.7501,322.1297,41.6061,156.8131,124.4720,351.8299,57.0553,358.0430,82.1989,441.2381,-44.7640,281.7348
454.3032,70.2214,404.9699,52.0791,360.4869,25.4867,340.6532,13.9922,303.7126,-5.2801,163.0277,115.7490,374.2892,68.1859,360.5088,84.1972,476.3792,-56.6786,268.2979
545.5073,53.0725,453.5066,27.0028,359.7630,22.5519,285.4408,-37.0606,247.4648,-137.9099,114.9635,136.9044,374.3597,112.1746,298.0817,57.6205,524.6820,-66.5905,205.7576
595.3561,40.2852,484.6536,4.6950,373.1348,5.8914,246.4092,-67.9945,192.6213,-203.9962,64.7439,167.2421,381.5322,125.1955,234.3937,74.5138,526.5869,-40.6232,196.0139
543.1551,25.7696,496.8354,-14.0080,413.2703,-11.8310,273.8555,-44.3354,178.2985,-124.5058,-21.2247,170.1371,416.2734,87.8366,253.7702,114.3541,476.8018,-17.0218,254.5883
449.1499,12.7358,493.8970,-23.3355,417.9381,-29.8102,303.3294,-44.7215,195.1819,-27.9367,-50.0762,157.7703,427.5220,66.3020,305.2883,112.7098,450.5508,-44.6556,268.9137
405.7340,18.8114,469.6639,-11.2719,377.8888,-42.6743,281.0864,-107.5941,229.9680,-30.0445,0.7576,156.2767,388.4537,68.1239,313.5163,89.7606,465.6815,-76.0548,228.0381
419.4601,34.3002,425.2256,-10.2611,369.4405,-55.0444,267.0512,-141.5871,269.5528,-55.0857,4.9092,146.6811,353.4086,33.3293,311.4354,87.7776,447.9453,-57.5749,211.3411
414.3436,34.6085,381.7480,-31.5653,403.6781,-61.5349,308.6663,-94.4680,291.2999,-30.2647,-30.1990,109.0104,365.1768,-15.4151,325.3336,86.2379,390.5527,-18.8674,227.9079
359.5159,17.2685,373.0658,-18.7708,424.7854,-28.0206,359.1552,-27.6221,295.6085,-19.9210,-52.3702,71.4889,398.6624,5.3203,312.8850,60.3725,365.8848,12.4470,271.8506
313.1839,-5.7079,392.6098,30.1890,428.3904,31.6835,382.1008,13.5783,292.3253,-50.0870,-139.2963,60.8277,401.3944,82.7385,280.2979,19.1757,364.9493,51.1090,350.7961
296.5446,-26.8374,380.4157,37.6047,428.3322,48.8248,386.1532,28.6268,265.4095,-66.8872,-220.9722,51.9672,352.3801,121.0852,272.9986,-27.0282,323.4630,81.8971,388.9032
260.9515,-42.2075,330.1213,-1.5229,407.5165,18.4517,350.6127,8.8471,207.1195,-76.3530,-136.5311,16.6195,303.3702,84.1960,267.7112,-61.1430,262.9876,70.3670,326.3566
219.4811,-52.8911,318.6211,-17.4981,372.2723,-4.6293,260.7056,-22.5734,149.5313,-80.5909,-55.6175,-18.7793,309.9165,28.9285,223.4004,-60.0596,235.2521,25.1097,249.8422
221.5583,-67.1886,346.7787,-9.4977,325.7419,-14.1724,186.3581,-19.9394,149.9024,-13.5448,-179.2116,-17.2685,314.8659,16.8379,172.4350,-38.8903,219.6882,-29.2962,243.0151
204.6982,-81.3171,304.6707,-25.3761,235.5558,-32.4875,208.3703,1.8541,265.8822,93.5451,-293.0479,1.4130,243.7165,33.4223,176.6048,-40.9318,180.8164,-80.7522,257.5252
93.3063,-71.4628,176.0732,-55.9504,135.1261,-53.1707,296.0873,5.2797,466.8755,130.1214,-223.8302,-5.3502,163.2840,10.7478,244.1264,-76.2936,123.4945,-101.5640,229.1975
-17.8224,-38.7752,77.4266,-67.2553,107.8691,-69.4506,337.1575,-2.0379,580.2336,119.2141,-166.8258,-36.1505,153.1110,-54.7929,303.9421,-109.1692,72.8721,-68.9392,174.6800
0.1963,-32.0132,51.6992,-60.6173,131.6228,-72.6047,276.3966,-12.5368,473.7858,132.3026,-214.4541,-62.4722,154.6359,-79.5274,274.7461,-102.3894,59.6438,-8.0795,141.0449
94.7087,-69.3411,44.1418,-49.5154,128.0253,-44.1935,169.8532,-29.0351,245.0592,117.3254,-248.0952,-73.7801,123.7477,-45.0894,182.4468,-59.6979,75.8758,43.6361,133.5854
138.7572,-91.1370,53.0091,-41.5200,111.5425,-8.5968,97.1272,-25.5622,78.4740,48.8190,-278.7968,-73.8044,121.7002,-40.9887,118.1610,-16.7997,63.6684,79.7602,109.4430
121.4352,-58.4618,94.7339,-34.6313,116.4933,-3.9525,72.6729,-1.0119,9.3343,13.3519,-327.6994,-65.8952,143.9139,-82.4481,77.6413,3.3278,18.8938,98.8295,56.0581
100.3216,-12.6972,109.7968,-6.1889,107.3127,-5.3845,63.8982,1.0221,-43.1929,17.2649,-306.7040,-48.3432,103.7052,-71.3829,3.9265,-0.7234,10.3196,89.8146,27.2649
92.3217,13.1444,60.6629,43.4256,68.8886,13.1097,47.0805,-11.9717,-116.4374,-11.1773,-272.1808,-19.6620,9.9859,1.0898,-61.8048,-22.2015,38.9708,60.2538,32.5680
76.0441,27.3563,-0.0095,61.1159,27.7328,17.1875,16.8739,8.7941,-176.0689,-35.9648,-313.5269,-4.7364,-54.4903,29.5793,-61.3723,-33.0490,23.9739,31.7657,0.8341
27.7449,23.6827,-36.8929,27.4615,-21.6177,-1.3368,-23.2798,44.7094,-193.6448,4.4966,-317.9263,-32.2946,-75.4369,-2.7185,-48.4295,-10.4528,-47.0305,14.8546,-76.7125
-46.1220,9.5646,-72.9215,3.1789,-80.3555,0.3562,-65.6576,45.0923,-201.6334,38.5355,-254.0848,-67.6435,-93.9099,-13.2126,-86.8951,8.9018,-108.8330,17.3500,-128.0565
-111.2605,18.9708,-122.7618,19.4450,-127.6980,20.5387,-107.5423,26.8083,-240.0451,-5.1273,-260.2407,-58.2335,-142.7921,7.5150,-154.3463,-14.9945,-147.6469,42.5332,-138.6607
-171.3190,19.9438,-190.8616,23.2131,-190.2709,17.9218,-144.7765,36.5475,-270.0277,-50.7459,-301.5860,-37.4043,-223.9585,-0.0036,-214.5123,-45.1926,-208.8157,66.2516,-150.3031
-264.2015,-45.4685,-271.5051,-15.7295,-278.9357,-7.1329,-167.1290,75.9977,-245.7058,-6.4191,-287.6075,-60.8622,-282.2301,-42.6239,-261.2795,-37.6051,-303.7505,64.1720,-176.5971
-369.1011,-120.2232,-318.5331,-55.8793,-312.4468,-28.4831,-176.4981,115.5588,-221.1672,84.8670,-347.2450,-96.4981,-270.7357,-84.5418,-290.1633,-12.7564,-394.7565,47.7014,-212.9855
-435.3506,-121.3865,-316.4151,-71.8909,-271.6550,-45.7629,-181.6980,131.0565,-243.1067,115.4636,-520.1163,-101.2653,-251.9962,-104.8607,-297.3715,9.0881,-454.7544,27.6239,-249.3477
-480.4411,-97.6475,-331.8569,-84.9731,-277.1726,-69.2355,-189.2570,118.1632,-260.0683,58.3302,-599.1006,-101.5085,-309.8970,-90.9865,-291.2651,33.8647,-490.2105,-5.6145,-271.7548
-518.4518,-112.4224,-394.0750,-97.1846,-365.6677,-88.3291,-229.1562,92.2264,-267.3845,-8.0983,-523.8139,-108.6358,-405.2271,-50.4952,-307.7200,43.1603,-507.1419,-33.8866,-301.9518
-493.4028,-118.4436,-433.9547,-86.9521,-414.8327,-82.2604,-326.4084,66.2474,-339.3775,1.5667,-455.4076,-92.8081,-448.7653,-24.5002,-388.5444,24.5315,-500.5780,-32.5445,-360.5667
-412.2185,-88.7206,-419.2178,-65.4127,-395.7093,-59.2156,-426.0280,42.3192,-439.4371,69.3465,-472.1023,-71.1149,-444.2092,-32.0739,-483.9754,8.0282,-483.2744,-36.5744,-406.6190
-377.6888,-81.2723,-410.7666,-65.3412,-429.6289,-54.4916,-448.8841,29.4193,-448.8525,85.3977,-538.6041,-87.0973,-455.0739,-45.4524,-480.8056,13.5373,-476.6702,-74.3918,-411.0605
-415.7244,-100.2138,-439.5978,-81.1988,-532.4025,-65.5331,-420.9403,37.3745,-389.1745,2.4166,-607.3719,-121.4865,-491.4658,-42.3133,-395.1259,37.5929,-475.6731,-93.9776,-408.4094
-454.6328,-82.8855,-462.3146,-74.4654,-574.6597,-49.0227,-426.7874,57.9000,-374.7337,-81.0633,-624.6387,-121.0706,-499.4293,-20.7594,-354.0127,77.0689,-468.9882,-65.5748,-421.5009
-467.0746,-32.8589,-453.4863,-37.7152,-526.6830,-9.9843,-471.8362,72.5246,-418.2027,-76.7408,-600.5570,-76.8879,-457.0211,20.7684,-374.8487,95.4974,-469.0906,-42.2054,-446.0999
-462.2730,-3.6873,-442.6302,-4.5775,-498.2967,4.8454,-503.8700,67.4128,-463.3546,-45.2504,-590.6675,-26.5134,-432.0909,61.0483,-387.5452,53.4524,-476.5934,-40.8223,-477.2838
-422.8654,9.5405,-454.8109,11.2099,-530.3776,4.5973,-508.1960,44.3219,-491.6558,-51.2059,-586.1523,-8.1368,-479.0142,61.2505,-397.5564,1.8036,-466.2652,-21.1123,-480.3678
-379.6504,30.9938,-468.8268,25.7742,-553.3752,23.5216,-500.9913,25.5907,-505.9216,-37.4658,-589.4975,-22.7984,-525.2676,28.8946,-428.1397,14.5399,-444.2242,1.2212,-441.9762
-409.8156,20.2239,-458.8599,24.0806,-536.9194,33.1410,-489.5354,27.6362,-516.4225,15.7455,-628.6267,-45.3160,-479.4791,10.2393,-447.8744,61.3709,-451.8968,-12.0138,-421.1176
-490.6947,-55.6516,-450.5908,-25.5396,-521.1741,-1.1829,-477.7104,36.2555,-542.4395,21.2991,-619.6808,-66.6452,-394.5535,12.3862,-453.2581,77.8447,-491.9097,-33.2885,-432.8869
-514.0399,-126.9855,-477.7622,-86.6596,-525.9453,-47.2843,-470.9303,29.7341,-561.8022,-23.0434,-521.5537,-85.9718,-381.3553,10.6272,-454.1121,70.6319,-512.1400,-46.7491,-418.3591
-459.5785,-112.9728,-506.9577,-89.0717,-526.7931,-61.7738,-464.0324,3.6298,-524.3446,-20.8089,-482.4993,-90.6273,-428.9675,9.0488,-415.5992,54.2719,-485.6362,-82.7465,-390.1846
-406.3744,-54.0443,-488.1212,-43.4732,-498.7520,-44.1324,-444.1191,-34.4462,-442.1797,23.7067,-521.1953,-88.3420,-448.8247,15.4679,-354.8759,7.2514,-456.0088,-112.4333,-405.3136
-385.7800,-39.2816,-442.0070,-15.8990,-447.3936,-20.3127,-409.4286,-68.4472,-382.2666,28.6949,-450.8888,-93.7141,-420.4055,8.1125,-346.5439,-51.0888,-458.7558,-80.9034,-424.1561
-360.8610,-61.7321,-409.4349,-20.0222,-401.8173,-18.4665,-374.2119,-86.5653,-369.0394,-7.8066,-308.3028,-82.0441,-375.6787,-10.6948,-369.5198,-63.7956,-448.5621,-28.7286,-391.5978
-338.9625,-55.2522,-380.5117,-23.2436,-369.5352,-29.7850,-345.0553,-101.6796,-362.8336,-47.0829,-307.0359,-48.3860,-322.8009,-4.7908,-343.1951,-42.7393,-377.9713,-16.0827,-339.6428
-358.8223,-10.7563,-347.2061,-8.2254,-328.1132,-5.6589,-311.7744,-128.8499,-334.6487,-82.6089,-375.3816,-43.0259,-275.5708,18.1613,-284.0186,-62.0400,-289.4071,-15.1432,-297.9861
-369.1099,24.7993,-327.4242,16.5268,-283.8547,49.3224,-278.8523,-151.0733,-312.2208,-100.3110,-318.3730,-65.2254,-261.3531,15.9696,-255.8573,-124.9619,-247.5408,3.9100,-257.9745
-289.6834,13.1671,-306.0618,21.9396,-259.6549,62.0422,-259.7508,-137.7487,-313.3582,-92.6984,-215.7409,-56.0108,-245.8169,-0.7883,-257.7924,-142.3207,-250.9139,13.7246,-222.3983
-184.8784,-37.7311,-260.3035,-9.5378,-220.1483,21.8008,-230.1320,-85.3854,-281.5520,-84.6011,-211.0474,-28.6136,-178.0952,4.5656,-252.6917,-85.8875,-264.4230,11.8274,-176.9190
-177.7635,-75.6654,-220.7528,-40.0775,-135.5354,-2.9403,-169.0776,-30.8506,-183.8776,-70.7668,-240.6871,-38.3760,-115.0894,14.1623,-218.3233,-46.4590,-258.0433,25.8124,-106.3466
-229.2681,-68.7819,-213.1405,-31.4596,-70.9973,0.1724,-121.1895,-17.6848,-99.0304,-24.4854,-210.8661,-62.7850,-126.2135,-3.3623,-163.5024,-68.6497,-216.3118,40.4393,-55.2343
-222.7639,-50.9206,-201.2211,-16.2358,-72.1083,-14.5955,-113.7858,-36.5257,-78.3928,22.3801,-137.6331,-60.2249,-139.8561,-29.6243,-120.5902,-76.5378,-175.7026,24.0831,-49.1895
-175.8902,-51.7307,-157.6298,-27.6716,-77.1474,-36.9010,-89.7493,-40.8947,-50.0934,12.6439,-62.7693,-45.8653,-85.9123,-37.2476,-85.4602,-43.4833,-177.5612,-6.5553,-35.2254
-150.5141,-48.5303,-107.1436,-33.7708,-46.2303,-23.9564,-20.2146,-32.0939,11.1971,-49.2543,-16.6842,-33.3355,-35.2078,-24.5971,-29.3969,-44.3537,-172.7936,-10.0498,13.4947
-103.2485,-28.7260,-55.9809,-8.2490,-10.1078,12.4087,32.0918,-41.8463,19.2642,-97.9822,-0.8982,-26.4726,-21.5913,6.1701,8.3936,-80.9570,-99.7947,17.8975,60.7291
3.8400,-6.1930,23.8299,31.0368,37.3336,42.0494,26.9283,-50.8964,-24.4976,-74.6808,39.6521,-47.0136,27.6640,40.2780,-13.1694,-74.3314,4.2986,38.0767,85.8181
118.5352,21.5311,121.6541,64.7567,117.3664,63.8607,0.1929,-36.9291,-14.6279,-0.8226,128.1440,-70.4368,94.6134,45.6077,-17.6395,-36.5907,91.5136,29.8373,91.9379
205.5015,51.8091,194.4858,71.6910,191.9052,69.4753,-9.1469,-33.9052,49.7273,39.2779,202.0197,-41.6094,102.2168,21.2705,62.6694,-37.7925,179.2946,28.4310,92.7500
276.3571,65.6303,241.8565,42.6637,237.2886,47.8870,13.4180,-51.0121,89.1975,24.6887,231.0156,5.7794,101.0838,-2.1618,150.1470,-60.7093,269.3518,55.1374,118.9474
324.1129,67.2120,294.3568,21.5102,275.1261,25.3947,65.2448,-51.3521,115.4023,17.4819,266.3723,-1.2158,151.8743,-16.3198,163.5982,-59.6691,334.4465,64.3171,169.5521
346.2268,63.2678,344.5137,34.7495,299.5147,21.8489,115.7549,-41.6513,171.5369,35.1911,327.4812,-34.9236,196.6629,-24.3694,147.9132,-54.7878,380.6345,28.9177,218.4705
364.0590,41.2949,364.5537,30.9795,304.6309,9.6150,146.2093,-48.6699,228.1385,30.5265,373.0906,-32.8711,214.6987,-14.4890,176.6072,-65.3181,410.4203,-4.9530,272.6804
379.6114,13.5767,370.9774,-13.7622,323.4042,-25.0527,179.6596,-56.6288,267.2579,-15.7137,392.0475,-21.0326,261.8662,0.1751,256.2840,-71.6894,406.6829,-8.8065,319.7323
394.6051,-2.4232,396.5257,-47.6006,360.2267,-50.5209,229.6672,-62.4286,322.3363,-66.7280,415.6569,-41.5924,332.6039,-18.0956,345.3671,-67.5426,397.1543,-14.5265,319.1155
420.6712,-24.6443,426.4334,-51.7617,391.1076,-53.6008,287.2961,-76.2914,395.3450,-44.2446,452.5083,-59.3326,386.7480,-59.8941,402.8723,-53.8627,420.6290,-42.4897,317.2119
424.9870,-42.4618,427.5272,-52.7387,418.1120,-54.2473,362.6916,-62.3641,460.9636,99.3750,473.2986,-32.7732,421.2850,-72.2272,439.1548,-22.1869,459.1367,-77.8379,380.6798
380.5355,-13.9052,407.1071,-40.9775,435.7242,-51.9681,452.3160,-14.8554,505.4145,256.9237,460.8868,16.1089,444.2500,-37.2420,489.5350,12.5416,479.9223,-98.4031,434.1523
351.7923,38.8988,395.4786,-2.0077,432.5491,-31.3251,500.8989,8.3686,495.0567,264.6083,456.5362,64.3363,488.2695,15.8329,523.2023,31.1964,479.5050,-83.1723,392.8475
400.5600,71.0239,406.5332,39.5158,440.3399,0.0653,478.6928,17.6712,420.8871,152.0706,503.3127,124.7691,560.8770,57.1331,494.9630,45.9806,484.7547,-42.1412,336.8955
470.3676,97.1731,440.3708,68.0412,462.9990,30.0288,431.9519,68.3697,362.5815,68.5676,546.6611,173.5351,571.5222,71.7484,460.8018,56.4570,535.1247,-17.2844,353.4317
475.1785,120.1926,480.5482,86.1555,447.3521,60.4222,405.5398,112.9604,380.0015,32.4146,522.3517,158.1201,502.9312,63.2696,486.7807,39.4645,596.4708,-12.5264,391.9990
434.9436,113.0406,494.4686,85.6287,414.7171,82.6244,400.9208,95.7763,427.8308,0.1269,495.6571,114.9802,486.4175,59.1187,528.1182,16.0998,568.0674,-1.8628,396.0500
433.3926,102.6169,481.3290,69.2956,444.9557,77.8575,421.0469,82.2600,457.7674,12.1779,530.6383,127.1243,536.3361,74.5514,529.0453,31.0200,467.5571,0.9546,390.5872
471.6930,112.6654,476.2234,56.6004,513.8354,51.0509,467.5397,118.1295,459.4898,72.2502,564.5189,162.1499,550.4161,84.6462,509.5093,65.7186,423.7472,-5.8382,405.2472
455.9756,102.1692,482.6108,59.5653,543.8339,33.3355,509.7028,146.9473,404.0856,97.3570,553.4558,140.4230,568.3431,76.6172,486.5884,73.1345,445.6777,27.3021,434.2543
368.3064,74.6441,473.0311,86.0521,541.3979,49.0193,519.4636,150.6983,314.7881,75.9374,517.9890,102.7954,612.2313,87.0212,450.2611,67.8396,450.5903,86.7288,454.3466
323.6560,82.6048,452.0423,122.8488,532.0923,86.6485,496.4930,169.6088,290.4121,74.5944,448.1083,108.9983,536.4939,124.7982,411.0375,88.2890,439.8333,95.7364,437.8298
363.2210,102.5135,440.8452,128.5380,495.4590,107.2434,438.2515,194.8884,323.2591,100.8513,379.7951,107.1039,376.5598,129.5341,372.2732,113.5206,421.3170,73.5069,379.9321
378.2843,90.8119,424.5062,104.7734,432.4756,99.8918,357.6209,193.0697,294.2607,102.6559,378.9326,67.1044,349.5990,87.8530,317.7359,103.1820,365.1636,97.3259,311.0352
324.7938,79.9241,378.1300,102.6687,364.3678,104.6761,309.0812,165.4371,207.9906,62.2400,367.9566,46.4242,394.2334,82.2888,260.3434,76.6584,325.6470,138.5853,265.2941
273.1830,88.2598,312.3948,122.5176,293.7617,138.0330,309.3308,125.7888,176.3502,28.9631,274.9918,54.7951,309.8797,134.2785,222.7405,70.6573,341.5694,126.4243,250.5220
238.2851,85.8843,257.2958,120.6916,243.6750,149.1262,293.5084,92.7450,195.9593,55.8537,214.5689,59.3377,174.5669,147.9571,189.1182,60.5456,321.1769,80.7801,243.2647
204.2424,80.8776,227.7117,105.2522,230.6659,112.0419,220.1294,75.7595,182.4281,99.9456,242.8475,72.5055,105.1104,91.3338,132.0386,9.8155,245.4789,52.6892,212.7465
210.8342,92.6154,209.2146,112.8936,204.9718,82.9380,123.7718,47.6160,132.5658,67.4605,270.0312,89.5183,32.5407,51.9343,55.7265,-45.1402,211.6150,52.6156,154.1543
227.1194,98.3717,174.8889,135.0320,133.0234,96.1261,32.6164,-4.5656,80.8925,-32.7807,294.8600,79.3596,-20.0528,59.9690,-5.3631,-52.7529,194.2324,74.1999,74.7239
154.3591,82.9999,123.2922,132.0743,51.3143,98.4012,-53.3931,-54.8528,18.1551,-122.2413,334.7169,69.1774,15.2888,49.4014,-34.9077,-40.7843,113.3371,84.2000,-19.9043
39.0273,45.1954,70.5318,79.5051,-24.3328,50.1612,-109.9485,-99.0442,-55.1032,-177.7084,314.0710,76.4141,-1.1986,4.0842,-72.7308,-56.9895,34.6796,41.2142,-88.6773
-0.1473,-19.0914,14.9736,1.0173,-103.9303,-9.1043,-122.6396,-130.8383,-101.6090,-180.7830,283.1938,51.6575,-131.1719,-32.8743,-141.7681,-77.1647,0.7357,-18.8480,-89.4148
-13.8993,-66.5583,-43.5207,-38.9660,-148.6672,-36.2543,-132.6180,-105.4341,-104.9045,-109.9145,362.4023,-8.4521,-175.2909,-57.1226,-180.5150,-65.9344,-75.1150,-18.2346,-67.6420
-96.6332,-49.0007,-84.1888,-24.1792,-125.5097,-32.6513,-161.4383,-41.8401,-92.0276,-52.0593,453.9632,-61.0439,-72.2801,-80.8425,-149.7050,-52.0486,-186.3601,37.7263,-92.2162
-174.5447,-10.1901,-105.8472,-12.5267,-78.4116,-11.5249,-163.2160,-25.3746,-88.7554,-77.9479,431.5938,-107.5264,-7.5597,-85.0845,-102.4868,-63.6080,-225.2100,69.0124,-131.1115
-173.1878,-8.4576,-136.1493,-22.5694,-68.2958,10.7736,-121.6002,-48.6516,-82.1928,-80.3165,411.0813,-125.1715,-67.9974,-66.0925,-75.8454,-76.7723,-194.3080,32.8211,-125.4313
-176.7970,-16.5592,-177.3240,-11.3544,-107.8933,18.5310,-105.4778,-42.2161,-67.0926,-0.3724,508.6225,-65.6100,-177.1983,-47.2309,-73.2214,-79.6614,-170.8257,-25.0410,-113.6963
-233.1966,2.3125,-202.1886,18.6339,-164.8096,27.8585,-152.7573,-25.9865,-87.4974,18.0496,621.2461,6.4313,-245.4836,-30.0418,-125.3513,-86.7543,-173.8207,-27.2237,-153.8677
-250.2001,27.7213,-212.2771,29.2220,-203.0012,55.2739,-190.2596,-37.1133,-147.3882,-75.9718,631.4348,-3.2765,-227.3731,-11.5990,-195.2232,-75.7982,-194.5744,22.4422,-219.5994
-211.5833,27.3672,-239.5243,24.5282,-239.5856,63.2425,-168.2441,-36.1557,-172.5662,-125.0801,599.4912,-54.9932,-200.6130,-21.4490,-187.2821,-20.2152,-218.6088,36.9561,-261.5302
-227.1895,-7.0971,-285.4601,15.5965,-300.6832,21.7574,-168.0328,-16.3075,-156.0470,-66.9993,645.0748,-85.1439,-271.8370,-66.7930,-153.7311,39.4011,-220.7390,-1.2657,-271.9353
-298.1680,-50.3911,-308.8992,-8.2448,-335.2571,-23.1419,-249.3419,-25.4933,-183.1176,-5.5349,736.6492,-105.8312,-352.2718,-94.0951,-216.5521,58.2636,-228.9974,-11.9368,-265.2962
-310.4665,-66.2790,-295.6222,-39.4903,-314.4941,-32.1885,-323.9094,-46.7250,-257.9947,22.2566,733.5507,-113.3657,-334.5382,-78.8610,-315.7701,55.5527,-295.9418,18.0497,-267.7219
-277.5711,-67.8128,-300.0002,-72.4441,-322.5299,-44.1401,-315.7641,-36.6542,-312.2293,53.6496,638.5297,-103.7340,-332.8223,-84.9613,-340.1522,44.5747,-392.9283,20.1168,-297.9025
-316.5794,-87.1533,-367.5165,-117.2357,-390.9440,-87.2976,-290.6723,-23.7822,-361.3860,58.1212,601.6808,-118.7222,-412.7366,-148.1471,-339.5267,8.8545,-457.8744,-6.4914,-339.9639
-418.2426,-105.0009,-454.3107,-148.7962,-431.2726,-119.3094,-313.4881,-32.4160,-440.1595,1.9006,651.0652,-140.3552,-430.5829,-183.4200,-370.5816,-10.4222,-499.1391,-16.3259,-381.4656
-493.1491,-108.6732,-488.3109,-141.1843,-428.1247,-111.6240,-348.6487,-25.9553,-484.1369,-47.1573,650.3722,-111.9841,-350.8349,-121.0372,-381.7337,43.1631,-547.9857,-25.5024,-431.0641
-553.4056,-121.9245,-476.1764,-125.1744,-452.9312,-94.3568,-367.5297,-0.9771,-439.2741,-17.6002,539.0876,-64.8123,-314.7832,-38.1192,-356.0265,107.1471,-571.9568,-55.3020,-463.1155
-625.6210,-115.5943,-485.6931,-115.7009,-495.6605,-90.3014,-386.1348,-5.6768,-354.4457,45.8047,443.4460,-34.9458,-375.6378,-27.2409,-333.9315,83.9215,-521.1893,-81.8670,-447.3952
-630.0603,-56.0098,-534.3629,-87.7070,-511.4242,-91.2089,-391.2061,-34.0667,-297.9077,65.0940,480.3127,0.9136,-464.4482,-51.3146,-325.6089,18.7999,-432.8512,-103.9879,-426.1073
-528.1160,-10.4251,-558.8558,-62.4004,-516.3585,-93.5572,-360.6689,-18.7425,-290.1815,64.4609,529.3826,11.7357,-489.1438,-46.6761,-328.5735,13.7759,-403.2748,-128.6556,-434.7942
-425.1699,-22.3034,-518.4973,-66.3259,-508.1437,-92.0308,-313.0363,48.1902,-302.4786,101.0393,419.1574,-30.5296,-400.8811,-30.8363,-323.6046,44.8994,-442.0246,-122.0988,-425.9588
-404.4592,-25.4899,-466.1723,-56.4727,-472.8905,-71.9406,-269.3680,85.2509,-279.9422,138.0371,279.5639,-40.0396,-306.2787,-23.3801,-267.4277,40.9874,-454.3072,-89.9724,-373.8972
-419.1532,-11.3048,-464.0773,-27.9611,-462.3390,-47.9923,-230.5562,61.2352,-209.5958,137.9246,308.7791,7.3531,-337.5790,-7.3753,-182.8570,38.2179,-401.2957,-89.3527,-315.2450
-416.2679,-52.2619,-486.5888,-51.1688,-490.0532,-52.9116,-193.9458,65.1498,-129.5408,156.8701,339.4636,1.2197,-398.2799,5.0653,-130.1571,95.2091,-351.6246,-95.0209,-251.1831
-408.1883,-119.8164,-468.5048,-107.5121,-471.9139,-67.2855,-149.6889,144.4216,-66.4755,199.2262,176.2076,-66.4047,-353.1346,0.7250,-92.7305,160.3890,-342.8100,-26.1879,-174.4165
-382.9940,-122.0165,-395.8203,-94.3372,-377.8959,-38.5432,-108.6335,194.3144,-50.7566,177.0772,36.6782,-94.7080,-282.1938,5.1619,-55.6625,156.7926,-331.7432,83.5822,-143.2869
-298.1909,-72.2178,-307.9956,-23.2808,-282.6123,18.9294,-113.8905,135.3629,-117.2989,106.3663,109.4458,-94.7180,-254.2212,5.4367,-73.2792,107.6408,-294.4029,129.6837,-176.6805
-186.4481,-35.6775,-257.6824,4.4012,-238.2100,38.7692,-147.1911,56.2086,-212.3915,92.2242,202.3204,-119.3094,-195.9456,-36.6778,-137.4740,82.3124,-259.1828,115.5702,-196.3086
-129.5381,-21.8674,-254.1185,-12.7921,-220.3936,22.4812,-125.4850,53.0517,-245.2215,124.7390,195.9462,-119.2698,-116.8918,-67.1231,-173.7415,89.6991,-248.1040,119.9575,-171.7161
-128.5746,-23.2032,-231.5543,-6.5103,-180.1099,28.6364,-63.3528,86.0836,-225.0067,127.0117,193.6435,-77.9893,-88.7469,-14.2161,-178.4041,91.2156,-240.3916,143.3135,-154.5994
-128.6205,-39.1688,-154.3538,15.0949,-111.8162,51.1569,-65.2460,88.6347,-189.0844,96.0319,167.6398,-67.7749,-81.1637,60.1406,-172.1985,72.8042,-199.8717,128.9418,-157.2895
-130.3169,-44.2815,-102.7012,13.0339,-76.2927,49.6517,-128.7494,68.0585,-135.2529,43.2834,79.6686,-82.8780,-67.8736,70.3214,-131.3571,55.6535,-143.0139,85.5105,-168.9113
-137.3285,-7.5952,-123.7244,29.1362,-93.7207,66.9098,-158.8220,51.8736,-118.4025,-26.5534,71.5965,-42.1417,-68.0020,63.8186,-77.1124,52.3204,-120.5064,75.6239,-204.0932
-90.0094,67.0528,-125.1315,109.9162,-78.6708,146.0282,-138.5855,47.2937,-172.5103,-54.4542,121.3968,43.0652,-57.5869,104.1094,-61.0600,47.7493,-103.7611,106.0631,-212.7692
5.1880,129.3895,-63.2673,186.4273,-5.4102,203.0693,-105.7926,59.2406,-183.9997,-19.0519,52.6285,82.4508,-62.2382,140.8990,-67.0286,30.1910,-26.3128,115.7135,-118.4586
37.4095,119.6097,-38.3283,165.0293,22.2044,161.7554,-61.4048,84.5910,-102.7792,12.3767,-22.5756,59.9794,-124.8491,121.1477,-64.9195,13.6531,54.0184,74.8861,10.2603
-12.7550,50.1061,-77.7387,80.4793,-15.4460,91.4100,-17.5444,101.8746,-51.6681,24.0468,70.7414,55.8571,-122.0117,85.8850,-48.7370,12.1832,38.1416,21.2715,58.4960
-48.2704,-5.8136,-74.7561,27.0508,-8.2193,57.0210,5.7566,90.6003,-29.7790,62.8608,137.7807,110.5043,20.0574,81.9846,14.4333,16.3667,-14.6514,-16.5674,81.1649
-55.3826,-31.8732,-9.0573,6.1059,51.2459,14.3767,51.7633,52.9558,109.0283,106.0716,4.6102,149.6136,105.8895,89.4695,115.4589,11.0220,2.1334,-49.0537,162.5303
-81.2289,-62.2644,32.2175,-25.9567,57.8665,-40.4540,138.4588,10.8843,304.7699,93.0302,-121.5414,114.9649,40.3362,74.3169,167.8125,-6.6680,53.7656,-66.2687,212.2490
-63.3301,-73.4746,44.3106,-46.0034,18.8882,-37.6751,177.8211,-20.4511,361.5055,35.2708,-82.4992,77.6280,19.9342,48.4008,158.0420,-25.6359,79.8175,-41.2327,155.2348
63.6943,-29.8349,90.2571,-21.4366,42.3885,7.3541,127.0941,-39.5716,304.9775,-0.7815,-17.4747,101.9284,109.6482,48.3305,156.3005,-21.7458,109.8825,1.4529,107.2499
208.0416,20.9024,162.4561,14.6691,140.8882,14.4795,81.3790,-35.7434,285.6778,28.8514,-16.5624,130.1902,148.1779,71.9469,167.4138,13.9360,154.4423,9.0952,156.8716
272.1559,27.0261,218.4938,25.8213,230.0891,-10.0908,112.3321,-7.2165,301.8663,86.4747,-8.7427,115.2965,128.5266,74.8628,172.2143,46.0822,182.2463,-15.2591,213.7780
296.4105,19.8753,261.7900,24.1138,269.7235,-8.7544,169.2423,5.6665,283.5397,83.2223,18.7845,91.4458,170.7464,46.3602,205.4070,37.5130,216.9134,-22.2192,207.3847
332.3954,37.8748,302.3500,32.6698,293.4778,24.0246,200.1788,-25.7354,249.1265,10.8113,12.2150,64.4749,247.3590,30.4899,249.7152,-1.3418,288.4209,16.4079,204.4368
358.0735,54.4893,337.1355,54.5732,338.4048,66.6402,232.5877,-67.1827,243.3931,-57.9845,-40.8121,21.4951,298.4402,45.4805,252.0199,-44.2330,353.6369,85.7424,254.6400
366.1153,33.8590,379.2429,71.8578,403.1488,102.3966,302.0361,-82.5336,265.7293,-95.5325,-113.6252,5.3636,358.9051,58.8339,267.1986,-73.1762,373.3905,138.0093,313.8868
381.9012,3.0305,421.2570,66.8572,458.5703,110.7887,394.6344,-73.6776,294.9248,-85.9245,-139.5581,23.1136,397.5706,58.0811,350.1087,-57.7279,371.1884,130.7459,348.7838
393.6300,24.0026,425.4101,62.5727,472.6357,98.4125,469.0383,-38.4295,320.9382,3.4723,-70.5644,11.8333,345.0504,64.4163,407.4889,0.1182,375.8269,87.4506,379.1573
369.0604,95.0973,402.1535,94.1804,443.1326,97.4259,498.4583,16.0579,347.4759,79.5322,-1.2588,-19.3777,289.8806,78.3280,374.2226,30.2179,393.5942,74.4451,418.4004
320.5403,134.5054,397.3233,129.6443,412.3234,105.7341,496.4438,42.4909,360.3717,27.8625,-53.6416,2.7988,341.2055,78.0155,343.6261,-1.8202,422.4476,97.3927,450.9960
295.3384,98.9478,392.4851,105.6977,409.2513,92.8051,495.7554,23.5424,336.1104,-29.0608,-147.8376,61.2993,410.1563,56.9288,369.9302,-36.6487,443.2181,97.0442,461.3897
309.3902,42.8848,350.8507,35.1295,401.7644,53.9793,497.6306,8.4949,304.4923,51.8289,-133.3336,75.7979,392.3652,24.7367,380.3860,-28.0755,426.7216,57.1182,448.7348
313.0918,14.7581,322.0592,-17.9988,366.7751,10.8705,471.5802,27.9635,306.0835,136.6454,-62.4732,29.6275,364.2125,-10.1342,354.7521,10.7411,365.7606,26.7887,417.8856
262.5235,-6.2600,346.7134,-37.3093,336.7122,-15.1395,406.5751,53.4405,309.8784,94.8138,-64.7621,-38.3211,376.8314,-40.1194,347.0758,59.4108,296.1648,26.1848,372.8284
220.8773,-32.5653,358.2977,-45.6797,313.6484,-22.7944,324.6038,50.3861,286.7197,32.4255,-113.0453,-80.9956,329.8336,-52.2462,329.9607,72.0185,277.7505,8.7108,313.0930
286.8778,-31.4518,326.3209,-49.8572,262.0583,-40.4165,248.8539,8.7266,266.4646,18.5583,-166.8962,-55.5181,230.3423,-40.1771,245.5685,5.3470,317.3070,-60.4971,238.0521
413.8465,-1.0642,323.4721,-56.6289,216.0649,-84.6487,200.5948,-51.8637,256.3210,4.4338,-298.4204,18.7292,237.4815,-29.3936,161.7364,-69.6003,338.1424,-142.1294,174.4490
448.2339,1.2696,350.2290,-87.3551,226.5173,-126.3978,205.1345,-89.6033,253.7512,22.2014,-467.5646,50.8236,321.1324,-58.0293,173.6583,-64.0267,297.7891,-182.4652,174.7133
369.7941,-48.5258,321.1393,-131.6204,240.3014,-143.6487,252.9422,-98.1868,303.8356,72.7759,-489.4290,0.4364,275.3009,-114.1550,233.9550,-48.7989,267.2803,-197.5778,242.3031
316.0104,-87.9923,253.7376,-149.4630,201.7356,-158.3376,287.4692,-123.9751,389.1440,22.6408,-362.8777,-69.8289,122.2607,-150.4436,254.3433,-112.7035,295.9385,-224.6684,298.6782
340.3322,-76.7272,231.6622,-150.3602,157.0105,-184.2463,274.6113,-179.6839,413.1904,-135.6440,-291.2934,-110.4027,79.7877,-167.6048,257.6881,-180.7914,314.7713,-234.9630,290.8917
351.9161,-77.4562,239.6793,-183.7242,144.5248,-201.7597,248.9761,-207.5514,384.4166,-240.6205,-333.9750,-146.0545,169.0953,-195.2141,283.5627,-178.4713,275.7870,-197.0383,269.2757
316.8535,-124.4189,236.2605,-227.5593,150.3512,-197.5634,255.0775,-173.8317,386.3400,-233.0793,-360.8136,-183.5908,237.2191,-213.3156,284.5559,-164.2475,235.0079,-156.0152,282.0960
298.5286,-134.1640,244.6432,-207.9572,191.5064,-178.4231,277.9890,-130.5534,390.9615,-170.7749,-322.1142,-177.4247,242.7511,-194.4082,229.4172,-175.3782,224.2678,-143.8679,290.8893
294.1897,-75.6047,256.9472,-144.3302,270.1470,-153.9756,269.9637,-134.2344,345.0549,-95.6182,-309.6168,-135.3345,242.4127,-166.7800,170.4048,-170.9978,200.1656,-120.7932,259.8258
239.8472,-52.4035,235.2559,-123.4695,313.5706,-129.7736,220.8482,-155.6568,298.9421,-66.5091,-387.2732,-135.8128,248.8447,-155.6215,143.2954,-145.3353,149.0340,-81.4058,214.2624
154.5961,-101.6969,205.9387,-139.5097,284.9441,-107.6590,164.2449,-135.4219,271.2084,-122.7228,-490.4235,-187.4409,239.4765,-145.5712,120.5751,-121.9445,102.6114,-70.4984,170.9037
108.6328,-129.4552,197.1465,-128.3048,235.8722,-97.3294,119.0802,-95.2058,198.7296,-190.7443,-515.2411,-206.8372,199.9243,-135.9237,81.6724,-106.8702,65.8702,-78.8618,117.1844
104.4709,-105.8427,187.1572,-108.9516,205.2434,-113.4579,68.2670,-99.3036,93.9502,-192.2270,-494.6779,-179.2167,151.3149,-139.8360,41.1890,-114.6135,33.5639,-81.4918,64.4351
100.8081,-100.0237,178.4307,-130.8920,180.1265,-143.7341,7.8846,-135.1477,33.0396,-150.8401,-554.9000,-184.2359,133.0003,-148.6587,10.9225,-140.9682,17.2370,-110.0290,33.3480
73.8463,-128.7637,172.1794,-168.4592,134.7197,-161.5344,-43.9147,-152.5562,12.1724,-133.9392,-669.8217,-234.7585,106.8430,-162.5252,-22.5064,-163.4611,-3.0917,-161.0337,6.7178
21.6701,-148.4939,120.2979,-181.3552,60.1834,-169.3554,-97.5047,-175.0512,-16.7274,-192.1400,-709.8718,-254.3113,15.7882,-188.2877,-75.9677,-210.8546,-60.5216,-176.5667,-41.7277
-32.8866,-142.5029,33.3902,-176.3412,-3.0397,-175.4039,-168.6942,-242.7094,-55.2651,-300.4546,-713.2255,-224.8303,-57.5844,-198.8978,-135.4082,-285.5732,-125.4811,-171.2268,-102.9192
-75.2907,-126.6334,-9.6771,-165.9534,-12.9706,-171.2617,-222.5068,-313.4225,-91.6401,-347.5345,-781.0007,-209.1310,-37.5718,-183.6427,-177.6514,-292.7263,-148.0039,-197.3910,-149.3130
-117.8162,-128.4196,-13.0997,-157.6734,-16.4525,-173.6269,-235.2884,-327.3722,-124.2437,-293.5012,-839.6007,-236.8564,-38.7097,-182.7254,-211.7076,-221.4662,-144.1369,-221.7982,-174.2492
-129.7021,-155.1585,-37.9592,-162.3923,-73.4070,-199.8032,-254.9953,-292.1217,-140.8798,-225.8396,-820.9066,-277.0719,-127.4824,-200.7022,-234.3736,-199.1631,-151.0844,-203.7077,-196.1687
-65.5654,-163.7421,-73.6183,-161.6992,-141.1650,-202.3884,-305.7366,-253.0262,-145.0186,-195.7995,-812.0485,-298.1165,-167.0485,-190.8884,-205.5423,-245.1736,-148.2829,-175.8797,-217.5628
9.0308,-130.5885,-86.4676,-127.4688,-156.0903,-142.1828,-329.9479,-246.1878,-165.8693,-190.4824,-827.6464,-290.5403,-108.2921,-149.5259,-143.5371,-252.0591,-105.5969,-148.0643,-210.4946
8.5375,-100.3556,-80.3183,-75.7286,-123.9381,-71.7275,-294.2244,-268.5261,-203.1903,-204.6146,-778.2734,-254.1264,-74.1505,-102.8184,-125.2799,-220.5144,-58.5765,-96.4848,-174.2527
-13.9159,-88.2160,-56.9328,-40.6456,-67.6912,-43.6027,-231.2335,-265.8486,-212.0776,-179.7641,-694.2385,-190.2241,-86.8074,-40.5095,-143.2885,-217.1505,-55.7530,-55.2160,-151.1185
-0.3763,-51.7983,-34.3022,-29.4443,-16.6667,-35.3090,-163.6325,-209.1055,-174.1996,-77.1507,-660.7363,-107.4618,-77.9768,31.6155,-129.1417,-203.0430,-67.4987,-58.7310,-150.3928
-1.5213,3.0639,-48.6322,-26.4449,-17.3473,-22.0456,-103.9966,-150.2050,-135.8728,-21.1949,-654.0666,-33.0736,-72.3047,69.4984,-97.8373,-135.1143,-33.0123,-67.8918,-137.0826
-15.8602,32.9686,-77.5730,-3.6679,-55.2195,-8.2504,-78.6459,-126.2198,-130.4132,-76.8120,-640.2800,6.2983,-85.5189,80.4455,-89.7527,-66.8972,20.8583,-50.7459,-111.8404
15.6128,47.0963,-76.0903,44.0697,-71.1758,12.0005,-71.4504,-100.9739,-117.5593,-87.6635,-635.1931,23.1326,-63.9674,109.5573,-71.8574,-38.9830,24.2025,-21.5654,-104.4901
50.0584,70.1951,-58.3240,71.0798,-67.3416,37.7480,-40.6716,-66.5780,-67.5524,-12.8775,-624.6915,47.8008,-37.5549,137.9193,-34.1156,-37.8754,13.2341,14.6282,-108.5360
41.8195,89.5554,-34.9372,56.1926,-66.5917,53.4490,-12.1059,-73.5178,-31.4016,-28.4384,-598.8995,70.8298,-62.7635,121.9767,-24.1686,-47.7816,67.2649,51.1333,-115.8404
40.8209,92.9086,11.9711,52.5894,-47.8543,65.5787,-31.7485,-116.2548,-41.7142,-131.1857,-581.9235,62.6751,-72.4078,89.4004,-34.3046,-37.2833,127.2052,64.8766,-137.7249
39.0603,79.4542,46.9476,81.6109,-9.7511,75.2829,-53.2486,-115.3273,-42.9347,-124.4663,-565.7322,35.9227,-15.1045,89.0716,-25.8149,15.2183,84.1404,60.4896,-131.0035
-3.9917,48.3773,33.2979,85.5407,26.3607,56.1657,-3.0684,-38.8996,-0.7331,-1.0457,-540.4752,26.4088,36.7603,106.6648,-22.8125,71.5369,-9.9111,53.1888,-43.6926
-12.4849,23.1084,17.7582,50.1615,71.2913,22.3674,88.4545,48.4453,37.5501,90.1461,-524.1160,37.5463,56.7492,103.3193,-39.5963,99.5429,-28.1010,36.9985,54.8069
38.2529,29.5308,37.4225,35.1141,116.6333,26.2288,132.4456,76.8957,38.1966,119.3739,-497.6331,53.4446,106.4610,84.0187,-24.0379,110.9077,25.0473,24.4348,66.0590
38.6511,55.0061,63.6995,55.3977,126.8541,62.1505,117.4654,61.8523,25.1687,130.6119,-454.5188,69.1387,175.7533,82.5134,37.9505,103.1598,64.7373,34.8536,37.9838
12.1840,77.3114,83.7554,67.3539,121.9702,81.5748,108.3226,69.4567,23.6205,120.3568,-452.6989,73.4956,201.1889,106.0222,86.9575,87.0800,66.3769,44.4224,59.6384
75.1533,82.9139,103.3893,58.9892,127.8956,78.7712,123.9770,113.1710,34.0360,94.5283,-488.6758,55.3098,194.2607,123.2823,92.2265,114.2923,46.5304,34.0949,88.9520
143.1784,58.7054,101.7361,53.1685,111.9704,71.4524,119.9543,148.9444,50.2248,95.9158,-504.7814,41.1552,195.0465,111.8995,89.9351,170.9904,21.8560,26.7977,68.6272
105.2103,34.9032,75.4202,61.5810,81.4307,64.2448,104.4469,160.3182,74.0492,145.6069,-553.3757,59.9239,190.0016,93.6034,111.6840,179.7308,23.9766,33.6282,56.0645
68.6397,73.9913,54.9689,91.1200,88.1227,79.9443,131.6815,162.9160,105.6183,198.7265,-695.9000,86.6509,163.1618,98.1784,133.0706,149.9044,70.3687,53.2199,90.5879
107.9968,163.6976,56.7920,144.2831,108.2712,135.5825,167.1186,148.7897,109.3038,175.9771,-826.0124,96.3590,137.6567,118.4414,117.9890,149.7908,129.7950,100.9099,113.2188
128.4986,220.6736,82.5763,195.3055,101.5199,188.3922,133.4187,109.8355,42.9612,87.7527,-845.2130,114.9929,129.4687,129.4815,82.6453,159.6638,151.9514,162.2993,98.4923
107.4792,217.5123,119.1120,217.9978,106.0114,199.1933,64.8963,73.3506,-48.9481,37.7734,-836.3170,147.2792,127.2111,125.7338,56.5404,125.2793,123.3066,195.1815,85.7369
93.0346,201.1227,126.2358,227.4864,129.3154,199.6256,32.5775,56.6948,-74.2126,39.8367,-882.8530,152.0936,119.9400,117.7025,22.8218,77.8934,90.1125,196.7593,75.4645
43.8164,199.4456,93.0437,240.6745,108.0188,214.5440,14.2165,45.4044,-38.5864,18.6030,-928.8706,136.4723,100.3316,117.0256,-16.7483,72.8264,95.4460,177.8010,55.8892
-44.1313,194.3732,53.3378,227.2695,44.5371,206.4806,-3.1096,41.9555,-18.4645,-4.9426,-916.2156,150.3162,59.6339,131.6545,-3.7956,103.7365,101.8832,129.8793,65.5360
-77.5051,168.2536,17.8715,164.9062,4.9708,160.6786,26.5782,73.7418,-22.2474,33.9566,-881.9799,181.2778,10.8160,150.6736,59.8565,142.6547,59.5625,80.6793,105.4382
-46.3641,130.3891,-16.9843,96.9988,-3.7540,118.5418,66.8778,142.4183,-12.1780,97.4290,-870.4147,182.0762,-13.7395,143.4907,87.2271,178.1402,7.8483,67.0760,111.5965
-12.4140,101.3262,-30.7199,65.5725,-17.7450,91.9069,42.6661,207.1310,11.0132,132.6661,-860.8961,162.0858,-10.0842,104.8911,56.1011,197.0806,-4.7782,57.0746,76.3078
8.3063,89.7139,-28.1091,54.3580,-44.1485,57.7474,3.1718,225.2354,35.4487,137.1203,-826.6108,155.5340,-9.3282,79.8840,33.7287,189.5302,-2.1572,20.7229,47.2252
-11.9348,96.7503,-43.8477,56.5535,-68.1614,38.4230,13.6034,193.7258,57.3333,97.9502,-800.1121,170.7305,-24.8030,103.7951,46.0830,166.1307,9.2359,0.9125,20.5369
-85.0013,120.3188,-72.1741,92.1608,-78.1823,70.6904,18.9582,142.8414,44.9817,45.0610,-814.3315,202.3165,-45.6423,147.1264,53.3670,146.5808,51.6032,25.2413,-21.4539
-106.3595,134.7918,-87.2879,126.8458,-88.6039,122.0258,-18.9931,104.8566,-22.4541,50.6400,-827.3035,217.9609,-76.8893,167.1379,22.8763,148.9169,79.0120,63.2704,-42.8308
-17.5585,111.4031,-97.3470,110.3559,-129.2050,137.8382,-53.5855,103.8314,-97.0835,92.5352,-787.4457,179.5844,-121.3601,168.6012,-41.6417,184.8038,44.8866,91.1156,-33.2210
49.8054,71.9729,-111.6142,80.0863,-181.2381,122.1892,-83.4705,138.7853,-120.8738,122.4654,-712.8189,130.4848,-151.5073,165.1641,-102.8980,233.1424,-3.0535,93.6452,-40.2772
-10.6125,66.6898,-129.8382,89.5339,-198.4684,105.8131,-135.2808,163.9173,-111.2891,180.5559,-635.0098,149.5148,-159.0950,147.6433,-128.1703,239.4790,-25.1834,61.6533,-71.7956
-116.4204,102.2826,-166.4468,107.9505,-197.9604,96.0132,-169.9585,146.4209,-135.0584,242.7572,-546.0695,205.1158,-177.4078,123.1511,-139.3362,187.0677,-56.4119,42.5000,-98.4493
-169.4674,137.5367,-213.0760,101.6279,-218.9936,89.4735,-171.5037,128.6456,-207.4758,209.8241,-445.8305,198.2891,-211.0443,105.5147,-170.2110,134.7352,-115.7515,81.7563,-134.8781
-187.8790,136.1713,-235.5050,97.4752,-237.8506,85.6247,-183.8085,152.0938,-262.4346,139.2481,-371.6395,127.9097,-220.5687,78.2783,-203.9119,131.2691,-178.9249,127.3380,-188.8687
-211.8925,106.1285,-234.8997,103.4757,-231.1148,85.0359,-195.1643,175.5737,-258.5435,143.1585,-355.2240,82.4333,-203.5139,48.9864,-218.6183,144.7800,-221.0032,112.9171,-209.6501
-231.4282,85.0897,-237.0948,92.3750,-235.0090,88.0698,-173.6130,150.0835,-255.7729,140.2101,-360.5054,105.6887,-205.3217,64.5641,-228.4739,128.6767,-224.1851,68.9761,-188.1580
-230.2834,80.4796,-246.9725,71.8319,-272.7745,83.3915,-173.0380,92.1298,-307.7462,50.7890,-301.9893,154.8206,-239.8941,103.2084,-238.5274,84.1602,-210.6038,58.7811,-196.6315
-223.3255,72.3764,-260.4837,71.3607,-312.1029,66.7288,-232.5951,38.4874,-360.6889,-6.6752,-182.1697,169.9586,-275.9429,90.0369,-235.1796,25.0886,-231.3045,86.4724,-262.0088
-237.8117,76.8103,-270.8187,86.1776,-313.4493,64.7944,-287.3585,13.7786,-349.2191,33.6361,-113.6043,151.4355,-293.3744,48.6223,-220.1084,-32.0617,-275.5741,110.3944,-319.4538
-289.4178,97.2179,-265.5220,82.7569,-281.8437,76.9550,-290.5330,26.2108,-293.6070,66.1531,-121.3013,142.8879,-297.2340,50.6029,-204.2978,-51.7638,-307.7217,90.8131,-327.7940
-361.4442,66.8645,-257.6848,39.8386,-272.8481,49.3475,-280.1140,39.2215,-239.4140,56.9611,-106.9822,144.4779,-296.9437,55.5381,-197.5027,-34.7454,-351.4384,32.2009,-318.2447
-385.0533,-15.4894,-269.9078,-17.4265,-310.0640,-17.8212,-287.8673,18.6960,-209.2400,73.5316,-50.2139,121.6216,-302.0532,5.7787,-206.6048,-28.5639,-402.2296,-14.2681,-318.6457
-312.7072,-42.2094,-286.4769,-44.6237,-327.9438,-52.2445,-312.5521,5.3630,-227.4229,81.3374,2.5835,90.0109,-312.0293,-33.9218,-221.9875,-34.0570,-400.3786,-22.7666,-320.8447
-231.9520,-15.3294,-288.3858,-53.4857,-293.3174,-46.6807,-352.9175,39.8077,-287.4187,3.9294,79.8386,81.8658,-306.0322,-12.6042,-241.0768,-10.0014,-366.9662,-20.4867,-315.2277
-263.7356,-55.8825,-286.2991,-84.9466,-278.7896,-57.6890,-383.8419,80.8515,-330.6284,-76.0802,169.3727,69.6945,-275.2693,4.6234,-289.6741,28.2305,-364.6213,-19.7265,-300.2461
-355.3405,-141.2617,-283.3734,-116.3355,-307.6499,-79.4770,-366.3376,87.8402,-328.5905,-18.0540,168.5021,27.9412,-248.1391,-14.8152,-366.1779,40.8769,-362.0523,-8.5914,-273.7378
-378.3624,-145.1101,-281.9673,-108.8820,-309.2276,-81.0589,-308.4268,78.1528,-310.1975,129.8556,106.2182,-13.5154,-249.9443,-27.6701,-416.2103,41.8200,-333.1376,-4.1755,-242.4934
-355.7445,-91.7229,-302.5277,-90.2229,-289.3096,-86.3119,-252.7588,63.5938,-283.6145,188.3765,110.6052,-36.4194,-270.7187,-42.0899,-401.5652,42.9174,-336.6251,-22.4307,-217.9187
-360.6946,-83.0951,-336.0959,-86.2319,-313.0815,-97.0241,-217.1600,44.7676,-230.2403,119.5784,158.2718,-49.9061,-293.9422,-81.8970,-330.7955,22.5108,-376.3109,-36.6384,-196.3525
-358.7392,-112.7543,-346.1230,-82.1013,-344.9161,-77.9840,-190.9902,43.8924,-174.2245,47.2632,170.6873,-50.0492,-313.2943,-97.7348,-233.5959,-2.5197,-391.1963,-35.8824,-176.5562
-331.6295,-132.1858,-326.5577,-88.2821,-323.2220,-56.5683,-169.6235,54.1174,-164.3283,27.7167,196.6020,-49.2392,-313.3130,-74.4770,-161.9790,-0.0705,-375.8931,-47.3622,-180.7685
-320.6553,-122.2547,-287.7060,-100.9003,-278.7184,-68.8812,-166.5813,34.4365,-196.4797,1.0538,269.3440,-72.3117,-278.1694,-74.9780,-155.1950,1.1558,-334.9209,-59.5359,-215.0428
-300.3073,-68.8180,-232.0583,-60.3371,-239.1078,-63.3622,-185.7149,-1.9160,-221.4277,-52.2748,328.1137,-92.7125,-221.2579,-96.7728,-175.2927,-21.8092,-252.9830,-24.4110,-237.3094
-246.4595,-9.9742,-182.5227,18.2686,-179.7018,-9.9571,-189.5193,1.9361,-211.5526,-78.8372,360.7411,-75.2345,-172.2057,-80.9601,-158.6902,-21.1153,-185.7243,44.0320,-209.4850
-215.3555,-6.7990,-154.4962,34.7592,-106.6936,25.0779,-143.3801,46.8924,-180.6713,-48.1480,400.0695,-45.3701,-139.7746,-50.4150,-113.6779,30.6467,-186.0502,77.3807,-156.2257
-202.4284,-22.9300,-118.6748,0.3682,-49.4312,14.2289,-90.4037,86.7505,-151.1631,10.8291,442.0256,-29.3956,-112.0625,-47.5005,-84.7183,84.9823,-184.0286,61.9354,-128.2420
-150.9348,7.0046,-63.0576,19.2924,-12.6254,14.7388,-92.8295,111.1211,-118.9159,48.4570,484.5416,-18.3402,-86.1994,-37.6845,-66.7522,100.0603,-112.4095,44.6052,-122.9503
-105.9433,54.5700,-17.6247,75.9690,0.3873,41.9987,-116.7260,142.9631,-60.0877,62.0131,518.7733,-23.7365,-73.3828,-13.7702,-28.5892,91.1002,-24.8531,38.6866,-90.2289
-108.4410,71.1168,5.1463,79.4409,-7.8075,53.6743,-90.8356,182.2049,19.4841,91.5209,514.2180,-51.6644,-70.6777,-22.0495,22.7162,90.6711,10.1898,19.2863,-17.1064
-85.7058,55.2992,9.8014,49.2403,-19.4027,48.4819,-35.7472,202.6131,67.0670,110.6971,505.9691,-57.1699,-59.6023,-34.1675,55.7637,106.3960,-4.3871,1.9972,42.3457
-19.5319,22.9417,-0.1610,57.7302,-33.9294,62.8967,-15.5713,188.5362,47.3683,50.3777,549.1309,-22.6551,-40.8110,6.2564,63.1699,109.8730,-23.8268,27.4205,46.1460
20.4773,22.3220,1.0130,94.5913,-36.7545,99.6887,-19.2938,150.4658,-0.5261,-42.0325,604.2485,9.0551,-21.3235,59.0689,61.1450,78.9771,-0.0891,75.6722,29.7050
32.9450,84.6832,23.1712,113.4613,14.3814,123.3317,6.4824,113.2171,-12.1432,-69.1167,638.3716,28.4608,20.1460,78.5100,65.6646,48.2116,64.9549,88.6111,46.5280
50.0120,137.9869,30.1326,107.7615,95.9176,107.0335,58.0277,92.7014,23.9552,-60.4425,699.6869,70.2854,84.2899,90.7104,89.0481,49.5654,128.2568,65.7580,85.6570
72.0961,130.0370,24.0943,92.7887,141.0755,68.4442,79.7978,73.3180,71.0789,-81.6496,785.2614,126.6275,120.2578,91.7440,121.2828,41.9108,191.3517,59.1066,97.9079
129.4053,128.3849,60.9474,85.8699,163.6019,51.7128,41.4458,26.9567,91.1695,-120.0466,834.1413,151.4464,118.8488,56.7868,113.4495,0.6742,263.9426,86.2956,71.4134
213.9104,154.8211,135.3203,93.6781,198.9187,62.5557,-18.4350,-26.8325,73.8646,-161.3901,845.5304,132.2327,136.1606,33.8048,53.9487,-10.6894,288.0102,109.8268,45.7019
228.7245,136.6853,180.1060,89.7954,213.2223,57.6217,-28.8693,-31.7667,55.1538,-173.4032,835.5652,95.0631,174.0595,47.9302,28.2856,34.8083,240.1975,96.2193,62.6339
166.2015,80.2849,176.4217,51.0251,201.2363,23.0230,26.5656,11.0589,85.7335,-97.7076,792.5309,63.2097,180.5722,36.6794,90.9140,65.7974,197.0937,58.0851,119.1131
133.2595,49.9631,156.5064,9.1384,209.5904,2.6441,93.0630,45.1745,150.7771,-13.6510,751.3141,37.9099,165.9455,-5.8952,158.2688,51.0608,204.5440,29.0634,176.5965
155.2945,35.9013,147.1630,4.8143,219.6756,14.6878,130.4167,59.8633,182.2803,-32.0292,753.0681,14.0153,162.6967,-17.0778,151.1513,36.5669,230.9811,15.1890,213.2431
187.1581,27.7871,158.3952,21.2877,197.0562,17.5911,160.3217,79.7930,175.5968,-37.9253,761.8459,4.1070,148.6067,-8.7577,117.3007,26.4318,255.3046,2.0276,237.5276
222.1358,62.0024,175.6851,28.7407,191.9891,-0.7479,208.1450,84.4205,194.0020,68.7722,742.2298,20.9621,130.6610,-22.7601,119.7989,-6.2716,267.4615,-1.9824,247.1774
236.2898,113.9568,178.3449,44.7341,231.6966,7.9909,248.1914,48.1724,239.4635,115.7188,717.9156,42.2790,158.5917,-35.7821,150.7851,-35.3263,257.3588,15.8985,226.4511
205.9892,119.5598,175.1313,78.6051,257.4203,48.0920,240.3769,-1.9479,241.4227,9.2875,707.2363,32.2661,206.7213,-41.2487,189.3310,-35.3849,254.0187,31.0763,189.5397
180.7936,77.1868,173.5164,78.7682,246.0862,52.6181,200.8897,-35.1764,186.8916,-77.2349,697.0977,-12.4195,213.7302,-63.5779,218.9911,-21.9675,263.0155,23.1877,171.0279
180.5195,17.0106,160.8740,18.1061,230.2809,6.7963,187.9901,-42.0538,147.1218,-63.1675,673.8703,-61.0930,197.9588,-72.7514,223.2097,9.0992,233.3498,21.1023,176.6251
165.9365,-32.6206,157.3027,-38.7311,215.6335,-22.7207,202.1017,-23.5308,164.3029,-35.6895,650.1353,-77.1017,191.8092,-54.1860,226.3877,47.9547,179.5850,48.7647,178.8171
158.2362,-31.8415,192.4519,-30.4696,205.3256,-6.6123,174.9080,-23.1261,197.1324,-16.5994,662.3443,-52.8855,180.3336,-60.3873,251.3502,24.7427,180.7517,80.7992,154.7260
186.7486,14.8329,228.8477,15.3399,222.0135,22.7878,100.7928,-76.0440,187.9943,-14.7392,696.9392,-28.5073,173.3939,-85.3521,253.3544,-62.4291,226.8315,90.4816,119.0024
208.9706,47.1207,225.3633,43.2039,246.9961,45.1001,61.0811,-114.3651,129.9733,-58.8328,683.1751,-44.5871,186.7331,-74.2265,198.7790,-102.5123,241.8076,82.1486,106.3165
223.3417,40.6917,218.9691,39.4120,242.8741,46.6431,73.5929,-73.6020,63.7126,-67.1186,635.5772,-81.6540,179.3690,-54.1659,137.0887,-60.1573,218.2899,63.2811,113.1089
264.3623,22.4242,237.4642,22.0356,223.3742,15.3445,76.9616,-23.1565,34.7924,-6.7316,642.2904,-91.3382,140.7732,-59.0783,122.0665,-28.5005,190.2071,35.0184,104.1985
276.6376,10.6516,236.1949,15.2981,208.1091,-7.1398,71.6938,-29.1646,51.3177,-4.8424,671.8554,-65.3640,126.5216,-45.4801,140.1304,-48.1244,160.5379,3.9958,90.0093
220.3403,6.0146,191.9821,23.3692,174.1933,16.0529,102.6930,-34.6331,79.1240,-59.1981,627.4181,-29.5823,139.2406,-14.1834,140.6279,-65.1929,127.0355,-23.1726,113.1098
177.2648,-3.1428,147.7699,18.6821,121.6840,28.2499,148.9845,0.3424,83.2512,-20.2904,547.8414,0.2443,129.9893,-18.6953,93.2610,-56.1185,91.8200,-43.6475,156.7897
189.1579,-33.0778,130.4714,-12.2469,103.3040,-19.1898,177.5396,26.8267,61.6515,80.9990,521.5939,21.5407,113.5464,-33.9146,21.6626,-38.2358,52.0868,-52.0057,172.8070
189.5639,-68.4412,118.0419,-41.8229,138.0696,-67.3719,202.0360,23.3864,30.2646,106.1851,532.6609,24.1665,131.4838,-17.4348,-29.6890,-15.9582,26.9833,-40.3519,159.1711
153.5835,-71.7386,101.6990,-46.7324,168.2244,-59.5939,202.4770,5.8823,-2.0128,61.1078,538.2462,1.8378,153.2642,-5.3518,-58.7927,-8.8830,40.7116,-9.5905,115.8693
136.0973,-32.4634,105.6683,-29.0354,150.3976,-22.7875,135.1533,-39.7932,-30.2401,-10.8549,532.7190,-17.9818,129.2354,-15.1047,-81.5981,-47.2971,80.1359,17.8322,29.4024
168.0376,16.7659,133.0109,-0.4872,121.5786,4.4858,37.8016,-103.0320,-51.3323,-106.2411,514.9417,-10.3949,79.1936,-20.4676,-86.9175,-104.5823,109.1244,18.6529,-45.6976
205.3752,14.1741,151.8302,8.7808,115.1102,5.2065,-18.9397,-127.7852,-66.9701,-159.5021,513.0774,-16.0621,55.8223,-38.4839,-75.7180,-122.4052,100.8282,5.1587,-41.1928
189.8993,-56.4100,149.5466,-24.4819,96.9651,-25.8112,-31.1779,-114.0344,-66.1999,-138.6479,546.1848,-69.8251,62.8164,-72.6959,-65.2931,-101.7929,65.0841,-5.8296,-0.7229
148.6751,-101.2945,145.6560,-68.6363,53.8947,-57.1917,-24.3605,-117.2958,-34.1033,-121.4844,545.4169,-97.7971,57.5556,-69.1061,-45.2575,-92.6838,55.9505,-37.3165,4.1717
144.8290,-51.2757,138.7234,-81.1417,34.0419,-61.9627,-10.4292,-139.4378,10.6437,-128.7795,471.3560,-36.1560,25.8919,-32.0015,-18.2392,-105.1171,93.1094,-92.9787,0.4277
137.7909,1.1805,108.1315,-73.2062,43.9656,-70.8704,-3.5538,-136.4630,39.1791,-105.9189,414.3594,26.4001,1.0753,-23.6374,-16.3742,-101.3944,105.3304,-123.3211,23.8919
75.4733,-32.5989,67.3803,-78.3514,34.0970,-103.9685,-2.8375,-108.7233,59.3874,-63.2860,434.8842,1.6292,-2.4371,-46.0017,-24.8582,-76.0919,44.8925,-126.5902,42.8922
31.5548,-86.8626,42.2540,-107.5490,3.0289,-130.3204,4.3657,-91.5851,79.9016,-38.2930,464.3477,-43.7099,-3.6856,-69.9031,-9.0620,-70.8763,-23.8017,-158.2041,47.8045
34.1062,-102.8333,25.8247,-146.8422,-17.5120,-142.2144,2.8748,-93.6158,76.3136,-32.6566,439.4932,-41.5849,-9.0855,-92.6699,6.1168,-99.1346,-43.2300,-201.8731,58.4091
-2.1743,-118.7632,4.8116,-164.1424,-46.1613,-160.5765,-18.3850,-105.3474,50.8355,-56.3834,385.4224,-33.2847,-24.4630,-94.5445,6.2612,-129.6064,-48.9772,-203.2032,48.1646
-50.0136,-139.5617,-26.0909,-154.7553,-105.4643,-179.3661,-36.4540,-126.9522,51.2704,-89.4378,352.7382,-35.9057,-60.4098,-69.4102,32.1018,-140.1418,-80.8686,-197.4961,-0.6678
-46.5223,-141.8699,-77.9977,-160.6598,-163.7627,-188.1502,-47.7775,-146.6727,92.5619,-70.4421,345.2237,-14.4084,-80.3787,-66.5565,79.1214,-120.2880,-129.7482,-219.6988,-42.9852
-96.8479,-152.4169,-132.5503,-186.7542,-187.7354,-189.8825,-62.6040,-139.8008,132.6281,-21.4676,311.9256,7.5435,-48.9551,-93.5074,94.2380,-65.5146,-173.8776,-208.4477,-55.0342
-203.6988,-171.8109,-139.6709,-191.6856,-177.5429,-180.3603,-55.3706,-110.8803,125.1512,-30.2385,238.1546,-10.0607,-22.6132,-99.9565,66.9815,-14.2339,-185.1052,-152.8361,-58.2474
-156.5516,-165.4203,-103.2731,-189.5733,-146.9743,-174.9562,-25.0363,-82.5767,57.5603,-85.6850,200.0079,-39.6391,-57.1109,-91.5302,12.0806,-6.4805,-146.9824,-138.6219,-46.2933
23.4755,-154.6527,-90.2169,-208.9786,-122.9174,-194.0706,-25.5132,-53.5960,-28.5977,-92.7276,233.3663,-54.1391,-100.4795,-102.4512,-56.9351,-12.4761,-102.6181,-164.2574,-14.0948
76.1985,-159.3111,-123.4850,-201.2816,-131.5124,-200.4824,-59.8643,-28.7081,-69.3554,-37.6283,258.4648,-75.6854,-99.8962,-113.8197,-102.9004,-4.1462,-109.1366,-142.2606,-7.7563
-4.6360,-146.6156,-154.3747,-149.7284,-163.6623,-160.9360,-69.4999,-37.5164,-63.1407,-18.8797,227.1914,-119.0046,-84.7861,-119.0855,-114.0904,-17.8960,-149.8736,-78.4530,-40.4128
-50.9135,-124.8959,-147.3236,-123.2885,-186.9029,-117.9199,-51.4734,-71.1000,-58.2949,-94.1224,181.0871,-161.9073,-79.9721,-138.6936,-121.6499,-60.7507,-170.2352,-36.5266,-60.8931
-76.9243,-120.4390,-125.0364,-118.7507,-179.3418,-96.4008,-50.3230,-85.9341,-62.9157,-174.2964,139.3482,-161.8897,-78.9995,-136.9215,-119.8467,-88.1319,-161.2707,-9.9020,-56.4426
-108.3504,-93.3509,-122.5614,-70.7503,-139.3741,-63.1325,-58.2483,-81.4490,-68.9261,-159.0343,101.2167,-105.2767,-88.0571,-86.6941,-92.4511,-97.2853,-144.4973,21.0557,-56.2132
-62.4014,-34.8555,-123.6342,-19.1680,-88.5599,-25.8235,-43.8666,-77.5512,-106.5951,-98.4803,95.7631,-57.2158,-94.0116,-53.3372,-87.2749,-101.9896,-124.1475,32.1943,-47.4051
14.1657,-6.3616,-83.6297,-24.8609,-52.4591,-14.9710,-29.1309,-67.8934,-169.9601,-79.0096,115.6762,-78.0380,-71.7089,-76.0089,-134.3229,-86.8952,-93.0597,21.3853,-16.8023
20.6673,-6.5703,-20.0780,-30.6352,-31.9122,-4.8656,-48.2399,-67.0943,-190.7301,-81.9827,119.3790,-115.0224,-50.8140,-101.8843,-183.0626,-83.5872,-54.0550,8.8770,-5.8378
8.5013,8.4931,3.6294,2.2253,-23.8071,15.2485,-81.4805,-95.8647,-147.4144,-88.0790,113.1393,-105.6894,-64.3671,-106.0525,-193.4375,-136.4174,-24.4184,-14.2097,-21.2516
10.1493,12.3432,-10.9892,11.3658,-39.7723,7.4662,-87.0827,-110.4577,-78.7213,-115.9369,114.7410,-90.5569,-81.6794,-111.9243,-176.1846,-180.0601,-26.6966,-54.8611,-5.4477
-31.8618,-17.2963,-14.2140,-18.6383,-76.5180,-18.9242,-62.1420,-75.8123,2.8431,-107.5797,103.6486,-99.7896,-83.4014,-104.2572,-146.4469,-141.8457,-59.2324,-96.1404,39.7365
-77.0585,-33.4754,-12.2531,-32.5270,-113.5528,-25.5051,-27.1383,-37.4644,100.0839,-15.4482,75.3919,-82.8566,-93.4475,-65.1082,-111.2399,-83.1230,-81.3066,-132.6584,42.2379
-64.6595,-17.9088,-35.9733,-21.0046,-137.5938,-27.4237,17.1867,-25.9017,178.0030,65.9423,53.2010,-26.5637,-101.0075,-27.2593,-64.8425,-74.4972,-64.9612,-160.0478,-10.3672
-55.8042,-1.4570,-61.7875,-5.7161,-136.1148,-36.0710,61.6375,-18.4534,182.0324,54.5271,44.2686,20.4643,-78.4514,-8.6611,-11.4260,-80.5875,-40.9225,-152.3936,-61.2442
-72.5027,9.8869,-59.5580,17.6071,-106.0157,-20.0539,66.4505,-9.6424,87.2106,6.6790,38.6586,44.4531,-46.9580,12.8486,1.8312,-60.2956,-43.0813,-101.6939,-73.9605
-50.0735,24.0503,-42.4973,48.0104,-75.3202,17.5411,27.8651,10.1361,-58.2808,-6.7636,15.1790,62.9273,-28.8269,41.4422,-26.3151,-25.1547,-49.2669,-42.4627,-48.3473
-6.6382,35.9601,-28.4578,72.9563,-65.3434,42.2319,-7.4129,61.2295,-162.4440,17.5152,-28.5504,77.0507,-12.2075,63.4190,-10.6263,11.4373,-31.0298,-11.6763,-8.2163
-6.7112,49.5977,-22.5124,89.3868,-59.9159,54.8892,-24.4734,97.4364,-209.9576,42.0341,-40.1355,84.0747,2.2547,76.4994,47.4606,44.8860,-8.0926,-4.4760,3.6297
-38.2907,69.2993,-24.0942,93.1530,-45.5703,70.2655,-40.8363,78.9400,-257.4776,15.2007,1.1051,80.4034,10.3825,75.6201,37.4966,80.6172,-2.4486,18.4296,-17.5905
-63.6098,85.5157,-20.6656,89.1292,-26.7463,87.4191,-50.9139,73.6262,-280.8369,-46.8802,29.9933,63.7456,31.1398,59.4989,-27.5377,128.2462,2.8340,69.9126,-27.7846
-67.6749,87.8318,-9.7635,91.4990,-3.8495,102.0616,-61.4489,117.2708,-209.2160,-54.3918,29.4059,48.9796,54.8271,47.8007,-26.2393,156.5048,15.7653,106.0656,-22.0392
-54.9911,67.8960,-5.5562,90.4176,15.5448,98.8003,-89.4046,132.7470,-94.9866,6.4224,56.2268,40.3164,43.7932,50.1277,32.5086,137.6829,7.9762,92.7992,-35.5273
-55.8126,32.9943,0.5688,77.2298,24.5966,73.0432,-86.4702,99.5749,-39.5111,62.2797,93.8958,26.2596,14.3328,54.9862,56.8126,123.7987,-32.4806,56.9434,-56.7503
-63.1843,8.6650,26.6552,71.7224,38.7503,56.5564,-20.6373,79.8808,-31.2140,84.1626,94.3353,22.7916,15.7732,61.5081,51.1166,154.0293,-70.5484,33.2291,-56.8506
-28.8551,-2.6518,49.1694,70.4613,52.7701,55.3668,24.1095,70.6174,-16.3310,78.2202,98.7071,42.2907,42.5012,73.0227,56.6500,171.9799,-66.5253,26.2597,-49.9817
16.2970,-15.1836,33.8302,48.5702,32.7163,35.9254,3.8379,47.8485,11.1913,53.0673,122.6573,49.2557,56.0367,78.7804,71.6469,142.8847,-23.3550,33.1035,-35.8096
3.6818,-19.9086,-8.8592,21.2722,-7.3139,11.3291,11.2043,56.7306,59.2732,62.0511,104.0462,26.1545,47.2183,78.2770,97.0388,115.1016,25.0177,35.4755,15.3794
-28.3639,-18.4407,-43.0635,10.6907,-12.4275,14.6285,86.3154,103.2362,123.3349,122.2104,69.4163,7.4751,28.3879,79.6944,125.1997,115.3014,57.1164,8.0653,79.9626
-20.2949,-32.6221,-46.1642,1.7335,23.1018,12.2716,151.7045,114.1947,153.8315,154.5623,99.7472,13.6394,23.6108,71.0543,136.6092,122.1169,66.9824,-25.0969,103.7131
-2.5010,-45.8900,-26.5687,-8.6251,62.4776,-19.5240,175.4608,68.7331,148.0645,125.9767,150.4957,37.1478,59.2179,50.4919,160.5666,126.6263,50.0186,-19.9001,99.2209
5.2888,-36.2148,-14.5536,-4.8316,88.3372,-29.4514,184.1699,21.0828,156.6358,88.3540,146.0080,66.8278,110.0403,47.8247,212.8743,122.7292,30.6310,13.9809,109.6752
32.2313,-26.6923,-8.6699,5.7828,102.9985,1.2148,174.0555,4.4352,167.4936,54.3826,121.2188,78.6605,117.2037,62.5071,224.2599,94.9552,55.2063,51.7167,122.6218
73.7295,-22.8284,24.4711,15.1648,116.1100,22.5626,154.4240,5.9258,149.2905,12.8877,113.3207,63.4626,90.0787,50.9709,173.8821,56.6381,105.3456,93.2109,106.8762
101.5985,-19.6128,73.6392,13.8837,131.5010,10.3081,153.3389,1.5631,156.7517,-6.5375,101.3321,38.5929,85.6424,9.5006,163.9303,47.3880,103.1786,111.0092,79.2728
98.5481,-60.6691,98.2466,-30.1663,131.0134,-23.4210,155.0009,-10.8266,226.1754,11.6383,99.1892,1.7020,100.6374,-13.3599,243.1909,83.8574,50.4061,79.7045,80.7959
68.4317,-128.0088,112.0998,-90.8671,124.4547,-57.2175,158.9411,-9.4414,274.9217,50.7676,127.7670,-33.6756,107.5639,5.1562,311.2462,125.1894,32.7108,55.6628,117.5031
75.9348,-109.5144,143.7803,-74.1813,160.1327,-44.2091,198.5607,3.7476,245.5592,82.1612,141.3934,-11.7390,125.0407,40.8540,281.9657,105.6832,64.7674,88.2361,153.5320
166.7993,-14.6639,164.3518,14.8387,214.6465,23.0915,238.8437,3.1126,224.5770,69.9084,111.3198,42.5114,145.0775,60.9835,214.4509,34.2789,86.4438,118.2122,161.8421
248.3754,15.9057,149.3090,53.4031,201.4219,61.0976,233.3175,2.2891,297.2244,52.4200,85.8626,34.2914,121.4226,47.2048,210.9664,-0.9576,87.6465,88.2399,155.7685
224.1322,-36.1173,127.7672,2.1594,133.8201,22.5288,234.5173,29.8169,399.7994,117.8201,100.1626,-10.4214,89.0312,12.2669,263.6692,28.9167,91.7541,39.4735,157.8318
147.2168,-76.1851,118.0083,-50.6708,102.2096,-25.3915,269.9625,63.2985,430.8257,215.9659,123.4394,-7.5051,119.2281,-11.3124,285.6215,62.6999,88.3622,15.1057,166.8931
94.5730,-87.1421,107.9371,-46.3655,101.1180,-27.9177,262.6442,69.6068,403.1928,221.1619,122.9793,-3.5974,166.7243,-19.8562,248.9251,63.7661,84.0353,-0.5678,164.4496
74.0969,-83.9233,99.3409,-11.4436,72.2187,-11.1677,198.4299,53.6861,371.6753,161.5133,109.9159,-45.2220,154.4787,-30.4263,195.9309,38.7918,109.3202,-10.0733,138.5271
92.8451,-41.5474,102.3492,15.6100,48.7826,0.0103,162.1700,32.6422,323.3275,126.0402,99.7495,-52.4350,124.1358,-34.6264,158.1581,-5.1831,136.3432,10.4902,110.7054
125.1604,17.2524,112.2989,28.4457,83.7635,9.5333,169.9737,20.1226,251.6128,95.3186,81.3435,-2.8075,130.0386,-23.2422,147.2942,-40.8181,122.4018,48.9441,117.2214
111.0681,43.5610,116.9018,38.6088,131.2807,15.5335,166.1893,11.9243,203.1469,47.9879,63.6299,26.9915,131.0820,-13.1477,156.6660,-53.2355,103.4927,68.2050,134.0299
79.0363,50.2261,108.8889,42.4776,123.6539,16.7673,139.7152,-20.4061,175.1970,21.8513,85.5946,31.5099,104.1484,-9.9566,139.7844,-72.9402,111.5893,63.7241,101.4778
80.1739,52.0241,96.2923,29.6215,82.4176,14.7584,109.0095,-60.5330,130.7773,33.0211,130.5611,35.2469,95.0277,-9.5005,81.1209,-88.2760,96.1083,56.0278,49.7023
63.0964,38.7490,90.6426,24.0938,74.5758,6.8708,78.7195,-55.4646,102.7708,67.0156,130.2286,17.2516,110.7761,-17.1415,38.5505,-61.7517,39.2556,51.6495,47.4477
10.8411,42.0683,81.7038,50.6638,101.5834,10.5632,52.4390,-41.5561,106.4521,49.4302,84.2872,26.0346,113.3940,-1.2203,29.0574,-49.6408,14.9414,49.5647,46.2758
1.4428,85.6027,62.4020,80.4375,101.0254,48.4222,23.0920,-87.5382,71.9737,-92.0551,46.8620,123.8236,103.8761,76.8637,2.9089,-93.2017,50.1705,59.8798,-17.2172
19.6108,121.4279,57.2864,85.2615,62.9655,92.6364,-9.7080,-125.9407,2.9467,-206.6384,13.7155,223.4389,101.5240,155.6126,-33.2806,-96.9357,70.1083,74.7606,-59.6186
-15.7947,114.0265,70.5694,77.8180,51.4319,89.7422,-8.9382,-67.4409,-13.6962,-102.5562,-37.0274,234.8624,90.1673,154.6920,-36.9065,-24.6425,35.6889,50.9032,-6.0960
-61.0317,87.5893,63.3531,56.1530,72.2409,42.7459,27.6977,12.8808,-2.3017,51.9484,-69.7999,210.7621,49.4308,124.8846,-31.2508,13.2575,-0.2275,-23.0342,54.3205
-50.0373,65.9155,23.8454,17.6201,49.1874,9.5428,29.9315,17.2626,-37.2418,31.2845,-69.2402,183.0077,-6.5444,135.0278,-43.1984,-5.2837,-3.4177,-79.7651,40.1537
-40.3034,51.1759,-25.7900,0.8169,-25.6745,15.7588,-18.4993,-6.5204,-60.8003,-5.7239,-77.5168,112.9710,-46.3484,131.5503,-42.5092,10.2252,-8.9038,-61.8183,7.7048
-83.1280,30.2516,-86.0945,3.4527,-78.7705,16.6692,-37.5308,13.2782,-21.1472,83.8492,-108.4737,33.5198,-58.4081,73.7276,-14.9225,51.6480,-48.2067,-11.4722,13.0480
-142.0247,-16.0561,-154.4904,-30.2175,-101.0517,-23.2512,-4.2741,55.4156,-10.6789,116.4641,-138.1004,-2.1292,-59.3285,31.3926,14.9127,55.0693,-99.5105,-4.2115,32.0240
-185.8917,-62.2123,-193.6121,-75.2647,-133.2617,-58.5330,4.7336,75.4397,-71.3472,46.1199,-156.9253,-17.7535,-61.4460,45.1268,18.0661,42.6927,-119.1000,-39.0851,40.9504
-208.7116,-56.2015,-188.3720,-56.4334,-148.6682,-40.7740,-38.9741,65.9929,-102.1909,59.0339,-159.9753,-27.1428,-59.1999,69.7080,-33.0005,42.3259,-98.4138,-55.7930,45.9293
-206.6532,-14.4699,-170.9805,-7.6081,-110.2570,-10.7740,-75.8630,47.8570,-61.1423,126.2863,-144.6617,-15.3810,-56.9594,71.1577,-109.8584,29.8359,-77.0139,-24.2207,51.1347
-200.2173,-0.1719,-165.8831,-11.3702,-64.3572,-19.2496,-77.0586,45.6376,-25.2497,105.8096,-131.4882,-11.5591,-67.0929,41.7283,-125.2032,4.8870,-84.3698,28.3275,47.5949
-200.8100,-24.4217,-167.0454,-50.3465,-62.0485,-38.0226,-76.9716,51.2904,-23.5155,72.7779,-135.2155,-39.0172,-87.9608,-16.5767,-78.1678,-11.2546,-98.0134,61.3312,24.3973
-192.8536,-53.5816,-167.9152,-65.2609,-84.0190,-34.4367,-88.7593,42.4869,9.9576,105.2139,-152.1568,-79.3309,-120.3490,-57.8623,-61.1427,-11.8571,-100.4144,65.0090,-1.3327
-194.1301,-62.1750,-173.6429,-51.1476,-104.4323,-24.0894,-91.8932,33.3566,99.1939,118.5248,-185.0212,-121.8900,-163.9055,-42.0833,-84.6672,4.5555,-112.6362,59.8093,-3.5578
-219.4486,-45.9792,-183.7862,-22.4576,-129.2230,-5.4264,-94.6837,40.7196,145.8573,81.7226,-224.8382,-143.4289,-189.5922,-3.8040,-94.8045,18.0899,-124.2608,65.8907,-5.3480
-211.2308,-35.4709,-179.5195,6.4825,-151.3516,31.8737,-121.3633,48.9237,47.3958,53.9019,-245.6230,-120.5141,-184.6149,11.2347,-116.7776,15.3311,-101.5114,80.3829,-33.8956
-140.0372,-61.5268,-151.0442,6.2935,-150.4925,48.5730,-154.9707,56.4700,-137.3249,60.7448,-241.6055,-100.6766,-183.3576,7.0659,-186.1037,28.6222,-80.0039,83.2750,-56.6069
-74.7668,-87.1465,-124.0761,-19.6195,-124.6660,23.5319,-164.4809,72.0528,-260.2826,90.6135,-214.6710,-115.3701,-187.3069,1.9011,-249.4380,48.5908,-104.1931,70.0360,-62.5017
-61.2646,-61.2353,-107.3238,-21.8496,-78.4424,6.7363,-163.3347,71.0442,-299.8472,79.2744,-167.8408,-108.4979,-153.9073,10.3758,-262.8629,17.8004,-126.5054,66.3696,-97.8849
-67.9992,-14.0172,-66.9947,15.0170,-23.9653,24.7640,-180.3508,47.6058,-324.7135,-19.4683,-146.3346,-72.7783,-100.8026,39.8635,-248.5934,-21.2057,-111.7467,85.2229,-151.7914
-74.1733,3.8350,-17.9746,45.0458,-5.1489,42.2527,-200.4801,41.9067,-315.7908,-94.3325,-181.8969,-60.6216,-90.7322,63.2043,-216.2069,7.8440,-111.3743,96.4901,-172.3195
-79.8043,7.2713,-30.8357,36.8321,-55.2655,45.9631,-190.1047,55.0094,-241.1196,-54.6685,-218.6505,-50.3668,-122.5411,52.5010,-159.3036,38.6989,-127.1888,79.0843,-183.8604
-69.7190,17.4041,-99.4018,17.6984,-137.3224,53.2159,-159.5854,46.6632,-176.8419,-22.8012,-212.3470,-32.3451,-148.8187,25.5401,-106.9324,5.3411,-95.9801,58.1179,-216.7766
-64.6890,15.2481,-138.1052,19.8303,-191.5919,56.1843,-154.3016,23.7831,-173.6378,-82.5651,-200.9255,-70.2089,-150.9322,5.1224,-96.2960,-14.1073,-40.8319,51.2922,-233.4063
-113.5304,12.0834,-117.9020,36.9674,-207.1431,48.8200,-186.4875,10.9504,-177.6496,-127.3105,-188.8875,-108.3090,-137.8640,-6.0931,-128.9343,6.6985,-23.8883,39.7676,-234.7335
-183.0446,50.6849,-81.2671,61.3891,-197.2774,54.0182,-212.0751,-18.5206,-164.9267,-107.8906,-134.1703,-30.0357,-131.7553,0.4329,-165.4234,-13.7451,-27.6324,16.6612,-262.7957
-187.4017,102.2349,-67.0530,93.2097,-176.6210,70.2120,-192.5637,-73.4235,-159.1896,-84.2423,-80.2933,67.8545,-149.1070,16.1540,-151.9737,-51.1032,-48.9476,0.3602,-282.6045
-131.9888,93.1084,-95.1395,96.6710,-180.0592,66.1541,-141.4613,-91.1945,-140.8064,-55.5512,-104.9556,43.6831,-165.8436,15.1827,-93.6502,-21.9254,-118.1291,-2.8031,-240.7517
-87.5327,51.9170,-146.6322,53.0665,-213.4259,47.3019,-90.2634,-44.8225,-107.7983,-10.6703,-172.4543,-3.2254,-161.9505,18.6731,-74.8270,21.4813,-158.4374,-6.6427,-171.2095
-61.5741,73.6531,-163.0443,32.4196,-222.3321,48.6532,-60.3567,-2.9343,-115.4829,6.2612,-201.3058,36.3476,-172.0493,57.5229,-138.9091,5.9727,-87.6132,-27.6699,-124.4353
-32.5944,133.8976,-136.3549,71.8230,-195.0065,64.5486,-66.8722,-6.8705,-154.3981,-8.8043,-191.3455,66.5083,-206.9381,82.9676,-204.5206,-18.0588,-7.6520,-60.7344,-106.8401
-29.8797,125.7602,-117.8544,82.6681,-194.1356,57.9992,-90.2187,-0.3959,-150.5790,-26.3443,-182.1622,28.6284,-210.7121,42.7837,-181.1045,-0.1103,-33.4447,-68.8869,-114.5811
-50.5382,65.1061,-112.9988,31.6068,-221.7803,31.6156,-79.7981,47.1080,-105.7037,-33.9722,-182.0299,5.7361,-162.2023,-12.5063,-102.7723,31.0811,-89.6358,-37.3835,-124.1006
-24.4506,54.9654,-84.6539,24.3983,-200.1785,26.6407,-38.5037,76.7375,-79.7294,-6.7359,-178.5184,20.5419,-109.6454,-17.1478,-63.5181,43.9870,-81.7366,-2.7635,-105.9910
39.2475,95.8285,-34.5972,87.8544,-115.8822,56.8287,-26.5210,64.9778,-81.1507,45.3175,-160.4013,25.2138,-86.2240,4.0409,-77.3621,26.5895,-50.1493,29.9442,-80.3966
49.1371,117.4009,8.9670,122.1127,-34.8978,94.1221,-53.5504,64.7701,-89.7822,61.9763,-136.5249,13.7228,-85.0958,1.3500,-90.8741,-12.5042,-39.2786,94.6114,-71.8161
16.7241,110.9773,31.4420,113.4917,3.4779,117.2295,-75.1622,81.8471,-115.6673,47.9596,-137.7264,-17.8168,-90.5342,-20.2895,-90.5852,-30.4300,-23.3738,137.4109,-61.2682
27.5275,103.0030,33.2388,128.3384,7.2776,135.2014,-79.9153,72.5538,-168.5593,43.1942,-166.8946,-73.3476,-79.9907,-37.4072,-105.1825,-18.5090,13.6988,63.4467,-39.0193
48.6473,101.7132,38.0253,149.4449,5.8344,159.6044,-73.3372,52.6264,-222.0379,22.0316,-186.0046,-109.0440,-41.7953,-48.3441,-131.5947,-21.9665,55.3474,-66.5634,-13.8300
-2.0655,113.0343,59.0281,139.1973,27.3491,179.5697,-42.1496,52.2594,-226.3737,-12.4927,-179.0085,-103.6687,3.0369,-48.0340,-135.8540,-41.0367,74.0721,-107.4802,16.5620
-65.8141,126.9453,56.9554,134.3156,52.5233,178.4366,-1.6909,43.5732,-149.8994,4.9092,-167.1983,-78.6368,29.3366,-22.0264,-98.9889,-32.7983,49.7466,-65.2850,36.4069
-44.3705,121.8882,13.0150,149.9326,45.3588,162.6870,13.6804,28.0800,-29.1132,65.3848,-161.7571,-33.6041,29.3094,13.6036,-30.4987,-6.5800,12.1333,-46.7548,33.0567
12.4087,108.3714,-23.1391,149.8796,31.8145,150.9613,9.7762,51.1298,54.9764,109.2900,-152.5509,10.0232,7.7397,28.6954,29.3213,4.7973,15.5175,-68.2332,42.9395
11.3361,100.9975,-24.4211,134.0144,44.3953,143.2424,-2.9233,80.6919,70.7548,126.5101,-125.5053,5.4648,-14.0111,41.9278,38.6008,14.4918,54.7776,-84.3197,71.3376
-10.2629,92.2213,-9.6575,121.8027,51.0585,134.6826,-38.3371,52.1084,45.1561,110.3394,-76.2833,-10.3147,-22.1699,80.8504,7.8128,40.9553,87.3295,-82.3597,65.9051
23.6391,92.3018,19.3716,106.0362,37.4975,135.8232,-71.8592,9.8047,-5.7310,65.0338,-30.5285,16.3609,-31.6167,104.0947,-24.2129,73.7111,101.7941,-58.5131,41.6305
65.2150,98.4983,47.4796,86.0014,38.4312,136.7341,-57.2052,29.5310,-75.9022,41.3093,-22.3667,31.2077,-38.4599,79.5515,-46.8329,102.2695,95.5684,-17.1061,58.4878
27.9557,63.5119,33.7430,66.2471,47.0754,107.7553,-16.1494,79.2291,-132.7408,22.9066,-35.7768,-0.0898,-10.1847,64.5322,-53.4379,114.8793,64.2378,8.9171,88.2347
-40.2461,-5.9611,-4.3197,38.8897,39.5151,69.3091,2.2943,92.9707,-141.8481,-44.4398,-27.9359,-10.1556,38.7360,84.8247,-30.0105,96.8736,35.2712,15.5468,85.3619
-37.7317,-37.2459,-17.0783,18.2103,44.2325,64.0858,7.1624,81.1978,-98.8997,-81.2340,-6.3880,12.4406,50.8220,75.1642,0.7204,63.5692,30.3191,30.4288,80.6183
7.4201,-21.7560,-15.8313,23.5192,70.0186,62.8080,22.1349,79.9366,-30.3191,-11.4674,-2.3092,14.7388,20.4859,30.0198,14.7331,43.8905,30.8876,40.3543,81.7104
12.6883,-6.9669,-18.2817,31.3330,75.2233,25.0427,34.7984,79.7618,13.6209,50.5207,-1.2501,10.8840,-5.4500,14.6983,36.8184,35.8570,26.6594,23.0801,52.4717
2.7833,-1.9914,1.7745,20.5427,58.1057,-5.2757,38.1998,60.3757,11.6410,18.2785,17.3221,18.2828,-4.2430,14.4452,75.0912,28.0834,30.3562,8.0204,21.6120
27.0444,-4.3246,37.8498,11.0413,55.6440,6.9705,47.3614,38.2002,8.7370,-18.0283,30.3056,9.1099,17.9086,-10.4818,92.7647,29.2785,49.3106,12.2389,35.9391
46.4538,-13.7713,55.8088,10.9538,74.5900,14.5573,58.9208,31.2514,27.6313,-18.6797,19.9521,26.3598,52.9979,-9.6035,80.9686,36.6599,93.5730,0.9975,63.3589
27.9086,-8.1107,61.4351,-3.2198,98.6720,-7.8728,51.0722,13.9076,26.8615,-39.9774,0.3731,120.2914,76.4871,36.1733,64.4030,27.5180,156.2455,-37.8745,69.0952
-2.3822,-8.8440,59.0322,-44.0554,100.8990,-35.0570,21.5417,-30.7269,21.0997,-43.2910,-22.2566,200.3921,56.8567,54.1036,59.7515,6.3182,178.7883,-72.3744,71.6959
-32.3785,-54.6576,36.9397,-88.3766,62.1980,-65.7841,-8.1014,-56.0734,75.5206,17.8188,-39.1135,180.5942,9.1914,37.5246,71.5616,1.0422,133.9865,-77.1918,78.6173
-42.0363,-82.0624,28.2279,-86.1701,36.3690,-85.9287,-19.4465,-30.4520,140.6892,46.0773,-21.5812,128.0985,-8.0252,49.0703,72.3610,9.7416,97.6119,-46.3389,86.1311
9.1351,-36.7541,61.4905,-25.6531,89.2067,-57.8922,-14.1892,-1.7706,117.7768,-9.9024,16.7135,116.2200,23.2187,77.8715,39.4402,14.3456,126.5857,-0.3710,111.6917
74.4068,-3.7452,91.9583,17.1775,166.2387,-25.2847,-2.4923,-4.5460,59.2321,-40.4000,24.2448,129.3646,51.9813,86.4745,37.9612,24.3583,161.1609,19.0674,154.9999
67.3219,-28.9761,84.9702,-12.4024,179.8460,-51.3212,19.9567,-1.9467,64.0247,-14.3962,9.0222,146.3899,50.0626,93.6037,109.7577,41.5289,142.8284,20.2172,194.9385
19.5862,-39.7243,75.7420,-48.7761,158.1788,-78.1328,67.1335,27.9417,88.5614,-44.0547,7.6977,142.6410,60.3817,96.0177,142.7874,36.1426,106.5890,51.3049,227.2098
5.9311,-35.9100,90.4303,-35.3289,160.3419,-46.7678,131.7350,58.0198,66.0138,-113.0758,-7.1314,89.1336,106.9526,65.6120,69.5747,14.7653,87.9983,85.6539,238.3061
10.1617,-63.7023,108.8936,-21.8190,170.8413,-19.8583,172.6556,70.6914,26.1947,-74.8808,-45.7384,34.1435,145.2841,35.2807,9.9245,16.0031,64.6634,62.0512,200.3070
7.1889,-61.9763,110.4117,-29.8514,166.3144,-27.0034,153.6445,64.3627,-6.5942,29.7196,-35.4286,38.8749,145.8209,38.9427,23.4736,10.8604,33.6593,24.1338,141.2867
19.0212,-3.6855,94.9072,-8.0867,154.4949,-8.6955,100.8664,35.9178,-16.4554,19.0600,36.0418,61.0675,134.0719,44.1091,16.2566,-52.1943,26.9415,37.2594,126.6710
42.0871,17.7535,82.4123,29.6206,138.0863,21.2380,80.4674,-1.9689,64.9264,-70.7294,74.9127,53.6786,131.6926,36.1407,-13.8454,-117.4619,36.0194,49.3976,147.0611
70.8529,-8.4229,89.8917,21.5432,128.1396,3.1669,101.0961,-27.2956,219.9491,-54.5220,52.8481,55.2515,139.2114,40.7140,24.2533,-107.2498,34.0734,11.8259,133.8026
115.5505,-4.5188,101.1552,-9.2784,134.8816,-23.2020,104.5385,-29.7184,300.9550,49.9610,32.5247,76.5540,155.8285,42.5855,105.4966,-75.9212,46.0457,-9.0595,86.7602
120.5400,15.1084,103.5428,-2.8774,130.3386,-0.8973,72.1031,-14.0696,253.3713,92.0772,26.9487,68.4489,166.3387,16.1905,151.4805,-109.0558,92.0221,32.2048,75.5392
49.9111,17.3643,115.1946,37.6005,104.3579,44.8647,55.8353,-2.0201,166.0346,62.1088,7.7831,37.9528,152.3525,-2.5595,158.8917,-168.2019,125.0973,96.0683,115.4171
12.1779,45.8007,131.2447,86.6769,100.7656,89.3320,81.3274,3.5198,87.3097,38.9249,-20.5888,33.5855,121.5507,18.5565,127.8077,-177.0112,116.9373,166.6674,152.6694
75.4055,93.5931,124.5070,135.6923,136.5751,133.5294,107.5676,37.9806,20.6733,52.7670,-56.1460,42.6207,91.7899,40.9792,54.6388,-146.4165,112.2290,244.1832,172.1912
121.0924,107.1278,112.7498,171.0879,177.9935,155.1228,109.5143,89.2655,6.5996,92.4615,-95.7788,24.5824,77.3752,23.5117,-9.3360,-120.4505,134.5630,288.8892,198.6189
81.7903,117.4664,128.0791,190.0134,206.1039,155.4567,121.3091,90.9470,30.4968,92.0647,-98.5267,-7.6921,88.4731,-9.2780,-41.2230,-99.4137,151.9375,299.1720,208.2104
70.7564,155.2991,153.5738,200.1648,219.0814,165.8271,157.6649,70.7986,7.0790,10.2476,-60.0295,-19.2790,104.2685,-14.5666,-71.1067,-60.5046,150.6259,309.9348,169.0686
128.6254,155.1315,165.6035,182.7311,199.1049,166.8976,158.5159,117.8491,-65.0245,-40.5776,-38.7420,-18.2237,90.5689,1.3883,-79.0326,3.4930,134.2021,284.7665,119.9295
133.5289,91.3118,161.3689,128.7305,136.1138,127.8531,91.0791,183.2468,-101.3545,14.1873,-49.9841,-30.4057,59.1629,11.5008,-29.6943,66.4825,95.2405,187.9401,95.7052
49.2450,39.6868,127.8540,82.0721,58.2114,80.4810,40.3874,160.1585,-76.9022,46.6538,-56.9890,-33.6836,40.9403,25.6530,35.1905,85.0466,57.3070,92.1843,63.3496
-9.4415,41.9549,74.2758,71.1153,15.2352,50.0989,66.5677,94.0978,-42.3131,12.1646,-47.9625,11.3657,31.7219,56.5682,59.4535,61.5079,56.4269,52.3539,10.4705
14.5802,57.4150,46.5616,59.6309,24.1925,16.4964,75.0624,74.2686,-34.2120,36.7725,-15.3696,66.1629,26.2607,68.4558,46.0611,55.8758,72.0572,19.8833,-25.3385
58.6248,46.4521,51.4157,17.9921,35.0331,-16.0657,0.5705,70.5386,-37.0794,81.2121,51.7069,53.8621,33.3950,35.6198,35.4026,93.1099,67.5716,-26.9171,-47.2252
71.8868,13.2591,52.2585,-27.5910,2.8606,-28.8303,-49.3642,44.3917,-17.7186,17.1060,110.8315,2.5595,42.4375,1.3184,61.9308,117.8823,49.3597,-52.0830,-88.9950
63.3068,-12.3489,41.5286,-45.5487,-32.1685,-40.5417,-13.8675,16.1486,8.4926,-45.1429,116.0793,11.1854,49.9757,9.1745,94.0097,88.5950,28.2964,-62.2253,-141.3951
50.8200,-12.0330,31.2774,-42.4977,-28.2175,-60.2007,-3.4578,-28.6157,-11.8743,-4.6113,88.5655,72.8704,65.6035,36.5436,51.9828,44.9728,7.0126,-79.2902,-186.2406
47.7936,-4.9163,17.5707,-41.9067,-29.5389,-64.4632,-64.1862,-101.0279,-64.4129,-11.9093,58.4306,86.2316,59.3924,39.2686,-45.5773,30.7806,-0.2673,-88.3965,-229.0872
53.2887,-17.4771,6.2165,-52.1569,-72.2211,-60.6511,-101.4207,-141.5545,-74.4028,-101.1584,30.8420,34.3008,11.8746,9.5416,-81.5232,28.1165,-8.7416,-96.9860,-261.0900
38.4467,-37.9624,3.9746,-65.7465,-114.5166,-77.3226,-93.8113,-126.0870,-38.5784,-93.5840,21.1646,10.0628,-24.3556,-19.4086,-32.4381,21.2134,-43.7706,-128.8989,-273.0261
5.7201,-35.4337,-12.5787,-75.7563,-123.5477,-99.7917,-100.1538,-107.8133,-18.6718,-5.9104,24.4383,61.2258,-24.4481,-8.5628,12.4683,32.6561,-66.9572,-157.2786,-281.6233
4.1350,-14.5833,-52.0583,-80.8038,-117.7002,-97.2745,-108.4810,-110.0526,-28.0870,-5.8905,8.3426,118.3090,-34.1379,28.3908,11.0777,51.1360,-45.7466,-151.9438,-285.9699
22.7761,-13.4539,-86.1682,-80.1209,-116.6825,-80.1803,-95.7471,-110.0999,-40.0421,-56.7483,-16.4440,109.7424,-51.1978,37.0890,-8.6807,37.8891,-30.5843,-136.3409,-269.3861
-3.1481,-38.3970,-105.5053,-77.7761,-127.8154,-77.3134,-93.6462,-94.0387,-49.8825,-49.3986,-24.7228,70.0957,-36.0924,15.7303,-24.2984,22.0676,-53.1090,-138.6406,-250.4228
-47.2972,-52.7123,-123.6647,-82.0276,-146.5370,-90.2901,-96.3486,-54.3889,-62.1780,-31.7712,-38.6998,61.9849,-21.4165,13.3959,-31.4614,51.7495,-74.4372,-157.7550,-240.0967
-38.0874,-57.5346,-136.8039,-91.2304,-157.8228,-98.0055,-82.7855,-6.6936,-73.3135,-48.9731,-57.8754,59.2209,-42.8547,30.7900,-39.0830,80.9364,-82.4281,-174.2617,-203.0528
-20.5368,-96.3463,-139.0806,-98.2930,-175.4830,-91.8541,-95.6300,8.3971,-74.0173,-54.8041,-42.8389,16.6797,-64.3947,26.4428,-47.2122,52.8591,-98.2072,-157.0004,-142.3588
-56.9971,-147.3870,-143.2342,-104.9324,-213.5766,-89.3631,-135.7234,0.8722,-44.4229,-49.7799,-18.0134,-21.9217,-73.4500,0.4305,-23.2328,14.0777,-115.6351,-105.4361,-116.8462
-84.0883,-142.6926,-152.4723,-108.7538,-219.4033,-101.6302,-120.4188,12.4912,11.4092,-70.4074,-35.8481,-7.2936,-93.2322,-14.2512,26.8574,18.1609,-135.3115,-65.6828,-131.7784
-61.3354,-98.7036,-148.5966,-97.0168,-157.0151,-106.3282,-50.0466,15.7706,45.4249,-98.9746,-67.8406,23.4208,-95.6451,-3.8739,27.6399,30.5014,-163.6353,-53.8173,-135.8777
-55.4841,-77.0204,-121.2710,-74.9833,-91.1334,-84.2108,-20.7850,-29.1603,31.0971,-103.8243,-71.8649,27.5918,-59.9352,16.5917,-34.5175,6.3679,-165.1096,-35.9626,-120.1863
-73.7780,-72.8647,-88.9113,-67.7822,-72.3646,-58.7607,-50.7631,-80.4608,-2.2336,-80.5071,-71.6902,11.6759,-39.7916,10.2233,-72.8571,-47.7155,-132.3461,-9.6145,-111.0389
-66.9838,-73.8608,-85.0119,-79.9647,-75.8549,-61.9370,-79.2971,-108.2828,-11.0879,-42.4678,-80.7787,-22.4330,-65.1662,-36.4486,-49.7718,-98.8463,-119.7533,-11.8356,-111.9635
-68.6000,-104.2816,-113.6170,-93.3105,-105.6072,-88.2624,-92.3156,-156.1598,33.8641,-21.5394,-72.8218,-66.7606,-100.2472,-72.6422,-20.0959,-105.3908,-131.2864,-51.7276,-127.9569
-93.9078,-136.1655,-131.1838,-104.3754,-170.0643,-113.2490,-112.8079,-222.1285,108.1814,-33.6728,-50.7573,-78.4885,-126.8053,-61.0462,-21.7826,-63.5988,-116.4066,-98.1937,-168.4312
-58.2728,-118.4632,-107.2954,-117.6744,-186.2191,-125.1980,-136.0586,-242.0352,117.4965,-53.8307,-34.1235,-52.1330,-144.0472,-45.3459,-41.0261,-35.9786,-78.4024,-108.7933,-196.3176
38.0411,-89.1973,-67.6221,-118.4483,-107.8159,-121.6994,-149.0497,-222.4618,20.6311,-66.3820,-14.6944,-41.6982,-126.5089,-61.8903,-56.6202,-57.1065,-50.8682,-68.3937,-173.3091
81.0126,-101.0748,-41.0018,-99.7231,-33.3355,-105.6983,-154.4181,-223.4311,-86.7841,-88.4011,8.8871,-65.1254,-70.3211,-84.0419,-60.8667,-86.9106,-31.1458,-22.1081,-132.7578
53.5706,-113.8825,-18.6001,-82.5089,-25.2465,-88.2890,-147.1700,-234.0791,-115.2099,-124.7377,19.5009,-79.8189,-14.1416,-96.9835,-62.9287,-108.8362,-13.0079,-20.0139,-111.5876
33.6055,-82.7479,13.7126,-71.6317,-8.9757,-72.9832,-115.5977,-211.9647,-93.1156,-147.9265,21.6062,-63.2048,14.8696,-104.3030,-71.4470,-140.7132,3.5785,-44.7102,-82.2350
43.9306,-44.9501,48.0576,-50.5639,46.5432,-54.5666,-74.4072,-175.7404,-66.8436,-125.9022,31.8694,-46.1067,21.7038,-83.9773,-74.9393,-145.6555,24.9445,-63.8082,-28.6461
73.7939,-47.5859,61.7872,-41.4811,63.7959,-47.9918,-52.0929,-149.0898,-36.1446,-64.8829,46.1931,-67.4249,23.5322,-50.7514,-64.1542,-81.5471,27.2114,-84.7767,12.8308
115.8348,-78.6521,36.7332,-79.3321,19.9446,-74.3403,-35.0247,-113.7028,-4.8896,-18.2044,53.9371,-117.7598,29.0921,-65.2808,-39.3588,5.1455,-5.4734,-101.6769,33.1402
125.2735,-99.3818,-11.1481,-127.4304,-14.3992,-111.9946,15.9250,-79.8678,25.5002,-12.7677,53.8527,-139.5491,24.2186,-112.8209,6.8100,48.8293,-24.5997,-91.3004,56.2755
78.8742,-94.9344,-38.5696,-130.6339,-3.9190,-124.7322,79.8216,-81.6379,68.9814,-0.9178,38.2701,-108.1628,-1.3331,-122.3716,54.6714,48.2319,-7.0050,-74.0408,71.3633
31.8381,-74.7719,-35.9210,-110.8397,19.6656,-120.6137,103.9012,-92.1393,113.2162,51.3634,-0.8575,-73.7673,-23.8602,-108.7379,54.9205,21.2308,5.4965,-75.2049,71.4190
26.5645,-44.8123,-30.7904,-99.0690,29.2332,-114.3638,111.8626,-72.3865,142.5633,95.2362,-41.1599,-75.5270,-27.5654,-126.7286,17.1493,-29.7674,9.7663,-70.2316,93.1335
37.0941,-16.3666,-23.1184,-70.6044,25.9346,-90.2278,148.0461,-55.7428,168.5066,79.7816,-48.0808,-80.0669,-31.5622,-142.5898,5.2777,-76.0322,25.3179,-47.0209,128.7838
35.0511,-21.4260,2.9092,-38.1902,22.8645,-64.7835,163.8327,-69.1946,174.9657,25.2999,-31.8286,-53.4653,-38.4894,-105.1744,25.5868,-61.7671,19.2270,-43.9318,111.2592
26.2192,-60.6344,21.8972,-62.5181,25.6506,-86.5519,111.8528,-76.9593,133.9194,-23.4019,-34.7079,-20.8848,-29.1293,-53.0166,36.9081,12.4690,-4.4518,-79.4329,39.0310
27.5596,-82.1742,6.6763,-119.9914,14.6584,-133.1774,58.7275,-75.0004,86.8106,-46.9549,-54.9570,-17.2949,-11.1672,-38.2750,42.4627,55.0011,12.8291,-112.9840,-9.2164
34.2690,-68.3373,-14.2855,-128.7054,-15.8347,-135.1534,70.9881,-88.6432,76.4651,-36.3014,-51.1054,-38.8864,1.3799,-44.5684,61.2524,14.2108,33.3092,-98.9087,1.0689
10.9442,-63.3916,-6.4173,-97.2587,-15.2631,-101.6999,105.6869,-71.2786,56.8714,11.8267,-21.2834,-65.9846,19.3547,-45.7537,72.2912,-12.7827,-23.8201,-53.4696,31.7021
-42.6819,-89.3007,12.1587,-91.6850,43.4403,-95.8576,103.7273,16.3169,0.6859,73.1445,-1.8136,-93.8828,41.5471,-58.0694,66.7349,56.7880,-101.2795,-41.7827,51.1968
-71.8467,-122.3947,9.1660,-115.8783,88.0012,-123.0044,81.3428,93.0982,-26.9725,114.8175,-4.5623,-118.6485,50.3122,-93.6013,75.4635,122.9957,-110.8321,-76.2850,61.8302
-75.5144,-135.5069,-14.9975,-131.8407,59.3639,-140.0170,82.6978,87.3948,5.7311,126.9444,-14.5018,-120.6416,50.1325,-118.5286,102.8434,84.0160,-95.2562,-87.9963,73.1601
-107.2323,-115.0309,-44.9555,-118.1720,12.9091,-122.3247,106.3078,51.2196,47.6783,95.8446,-16.3990,-103.2567,46.5058,-99.5683,114.2869,16.7874,-101.9647,-50.8005,84.1633
-140.7472,-84.3384,-67.4911,-77.4664,-2.1548,-81.3290,99.8228,36.9564,68.7012,3.6853,-4.4619,-113.6807,22.9730,-68.4107,102.9303,-3.4804,-83.1446,-28.7728,81.2613
-108.0720,-77.0129,-66.0165,-40.0400,-22.2507,-46.3824,38.2331,21.0348,71.4489,-98.6394,7.1749,-162.8353,-13.9033,-76.7884,91.0184,-37.2209,-17.1357,-42.8153,61.4276
-36.1165,-53.1873,-33.3048,-17.3071,-43.5206,-17.2375,-15.9573,-11.0661,35.8004,-132.8391,5.8078,-183.5835,-30.1826,-100.4019,66.5329,-115.3262,50.2327,-27.8604,45.5707
8.1668,32.5208,13.0226,34.4573,-4.9696,39.5201,-0.1954,-44.7997,-30.6659,-130.4040,5.8642,-137.7243,-19.9074,-84.5869,3.9436,-179.8628,93.4020,37.5740,50.0663
11.5441,104.5765,47.4568,110.8656,65.9132,102.8144,51.0406,-73.5656,-66.3256,-160.9512,6.8149,-80.3451,-1.9201,-57.8062,-59.5680,-208.3971,115.8690,92.7271,69.0496
-10.5700,88.7707,62.3203,122.3260,88.5364,102.9168,77.5562,-82.1457,-60.0901,-184.0092,-14.4178,-63.6778,13.2804,-70.0278,-73.5124,-212.6287,125.4534,94.5335,89.5467
-2.1727,55.4651,64.7914,61.9278,77.5577,54.5567,76.1966,-66.4609,-74.8412,-170.1004,-31.9301,-72.1497,13.1812,-81.3422,-73.2562,-193.8708,138.0071,63.1049,99.3560
96.8061,70.2803,64.2721,33.6388,81.9596,37.7280,56.8934,-64.1381,-128.9485,-196.3763,-7.1849,-78.1039,-5.9062,-51.9567,-103.8562,-180.7595,136.4657,42.1446,86.0485
199.0311,79.6771,69.6903,54.1489,78.8008,53.3446,17.3647,-91.5533,-171.4513,-258.5786,16.2693,-75.7390,-11.2895,-29.8470,-113.0372,-185.9379,86.0138,51.2038,43.6092
165.3654,53.6325,78.1944,46.5283,54.8135,53.9512,-23.5592,-119.1833,-181.2912,-257.4181,-4.0952,-57.3696,18.1601,-34.7074,-61.6722,-168.9833,31.4360,60.8676,-21.0909
61.7041,42.1110,73.7194,17.9610,51.5976,44.0932,-48.2272,-137.5219,-186.7873,-219.0254,-20.0498,-12.0714,45.6721,-18.4417,-26.2671,-136.0366,39.7156,31.6277,-82.7639
30.9752,59.9404,55.1242,24.2730,72.2329,31.1939,-67.8098,-149.4442,-197.5066,-222.5106,-5.7034,48.0159,38.0967,5.2690,-55.7912,-131.8138,57.9802,-16.1434,-113.5132
28.0159,68.4901,45.2481,35.7162,77.7223,-1.7986,-91.4769,-138.3012,-197.3509,-220.7275,-12.4872,77.7377,16.2432,-14.8501,-78.9245,-132.1611,5.8862,-23.0536,-124.9459
-21.9620,46.4872,52.9406,11.7384,58.9384,-27.9972,-115.5054,-124.3838,-186.6298,-182.4947,-53.2267,48.3540,3.2521,-40.3865,-58.1173,-118.8275,-60.7084,13.3225,-149.7225
-36.3852,15.0823,51.0156,-8.7577,25.3723,-12.2053,-137.9066,-150.4987,-181.1198,-167.2498,-85.9377,6.2652,-7.1333,-24.8255,-61.5288,-138.0770,-58.1419,24.0442,-177.6786
11.1402,11.4379,16.8141,0.3234,-16.8045,8.8580,-161.4826,-186.5480,-188.0487,-160.4498,-95.8634,7.0291,-22.9662,-17.0586,-116.7463,-160.6586,-30.9680,-31.1276,-185.8948
-5.5781,18.6434,-31.1527,-6.0527,-54.2823,-19.6072,-195.2601,-176.7416,-195.8421,-120.1885,-92.2375,14.8393,-54.4482,-47.0060,-155.8652,-105.0553,-49.1626,-100.0074,-188.7494
-106.5956,-27.9453,-63.3130,-57.7066,-88.6380,-92.5707,-225.2693,-136.6182,-183.0950,-91.1091,-96.7738,-23.3710,-109.3189,-66.6902,-140.0831,-21.0937,-96.9497,-115.9581,-184.7746
-160.8313,-105.7509,-81.3827,-117.3022,-127.5985,-155.1432,-208.8982,-99.3973,-153.7966,-73.2907,-141.5441,-75.0078,-156.3393,-60.3351,-117.2410,-5.6845,-148.6673,-95.5985,-150.4242
-130.9855,-115.5720,-104.0881,-133.6336,-143.6134,-152.3934,-159.6461,-70.4382,-136.3775,-26.7613,-200.0272,-97.2873,-160.1843,-48.7066,-131.9496,-32.1030,-192.1904,-90.0606,-117.9466
-106.2659,-61.2248,-126.4413,-101.7882,-121.2907,-97.5017,-148.4860,-74.9415,-125.3115,-16.9266,-213.2370,-97.9236,-148.0236,-24.9357,-154.6297,-49.4612,-179.5302,-91.1060,-131.0151
-128.5298,-25.1294,-127.4419,-59.9991,-100.2705,-67.5085,-171.4600,-116.0592,-93.5267,-64.7756,-202.2725,-74.6824,-156.0498,-5.5910,-138.0507,-71.9398,-110.7490,-70.9339,-155.6747
-155.8607,-13.8805,-110.3604,-40.5386,-98.2640,-82.2427,-167.8512,-123.8143,-70.3446,-54.0101,-206.4910,-39.4945,-157.8157,-29.5525,-103.3311,-89.7144,-83.5867,-50.3608,-153.0280
-150.5585,-12.0085,-96.4178,-48.3560,-90.9213,-88.3994,-155.7617,-70.5256,-94.5057,10.2701,-194.1996,-55.7427,-133.1968,-67.5480,-106.6097,-81.0537,-131.0124,-52.9337,-136.5883
-122.7469,-45.5104,-92.3585,-78.9658,-91.7843,-81.0792,-164.4808,-30.4167,-116.0174,-0.3409,-163.5043,-120.6200,-121.9407,-73.0795,-145.7246,-75.3948,-156.2412,-60.2900,-99.9534
-110.4731,-85.5037,-95.0299,-113.2391,-126.8009,-87.6688,-141.4517,-39.8364,-86.6034,-50.9155,-158.0126,-143.0979,-138.6364,-70.1226,-177.4923,-76.0595,-118.1943,-53.3050,-41.0092
-129.6403,-79.7526,-105.8401,-117.4371,-162.6375,-83.4586,-83.1510,-42.3262,-63.0267,-23.1373,-149.7518,-105.8667,-137.9600,-81.3964,-187.8951,-41.5785,-99.2919,-41.0384,-19.2202
-155.7755,-67.5144,-124.6431,-95.1533,-164.2781,-68.5713,-65.6864,-12.7614,-77.5772,51.1700,-114.9245,-74.5694,-102.0667,-91.8169,-169.2286,15.6849,-141.9473,-41.4687,-46.2847
-166.4757,-92.0754,-145.3282,-91.4809,-148.9110,-92.4758,-86.8559,0.5033,-64.1175,81.8910,-117.3694,-66.8031,-68.0380,-114.1864,-102.4700,42.1462,-182.9345,-57.8343,-56.7898
-152.1052,-115.0612,-154.3148,-116.2289,-132.2084,-125.9976,-96.1567,-31.0479,-20.6324,45.2182,-147.0510,-66.8047,-61.3889,-150.9281,-18.0343,25.3210,-162.8655,-70.0657,-52.2786
-101.6257,-115.3831,-134.4097,-134.6689,-111.1844,-109.3958,-106.2409,-68.8559,-20.9442,-22.5554,-117.3179,-82.4859,-68.9552,-158.3895,28.9403,-2.5792,-105.0198,-65.5473,-70.2048
-50.4908,-120.0539,-96.3195,-137.9123,-93.7150,-96.2686,-102.3615,-57.2786,-23.1710,-23.6847,-79.6678,-107.3562,-66.5417,-147.8868,53.2246,3.9624,-81.1236,-63.5497,-50.8172
-63.7776,-134.9471,-78.8845,-147.4094,-77.6872,-137.1719,-31.2142,0.6012,60.4119,60.1366,-122.9169,-129.9548,-44.8154,-173.6836,88.1153,44.0725,-110.0106,-72.1138,42.3769
-110.6062,-159.2948,-82.0498,-168.8634,-56.3339,-160.8913,47.8021,33.1482,143.6577,73.6012,-154.8586,-159.5605,-22.3267,-203.9406,92.1929,44.4323,-123.4788,-77.5725,103.3376
-97.7129,-194.6672,-70.2729,-191.1543,-57.0493,-135.8024,43.9328,-1.8843,111.9543,-31.8265,-93.9042,-172.9574,-22.3878,-179.0170,45.2299,-12.1685,-88.1148,-93.6290,69.4432
-46.6778,-206.5725,-57.2055,-198.2067,-88.1291,-132.5733,15.8489,-54.5510,55.2977,-82.7947,-45.9857,-135.0361,-31.3183,-125.7120,28.5896,-34.3510,-71.3546,-124.5495,33.1910
-46.9464,-171.1941,-71.6892,-171.9904,-90.8032,-149.6667,44.7210,-71.6659,76.4364,-33.5984,-69.2462,-72.6803,-15.0236,-77.4078,68.1199,-7.6112,-99.2340,-124.2767,60.2893
-73.8485,-121.0824,-71.2771,-120.7243,-33.5875,-117.9679,81.8433,-64.6420,89.3663,-21.9328,-71.7247,-22.9970,28.0300,-22.6294,59.4462,-22.3516,-102.3697,-93.6187,97.5658
-64.2434,-93.6079,-22.8856,-86.3951,21.2056,-65.3265,78.0013,-44.3020,40.3178,-46.4917,-36.6720,10.1153,64.8277,12.6276,-18.1428,-60.5937,-71.9549,-97.6807,93.7215
-55.8008,-98.4080,13.1754,-95.0706,14.6976,-62.4700,71.7152,-3.2418,37.1485,-26.7893,-38.0112,3.5950,70.5809,-3.2344,-29.6354,-31.9841,-67.1571,-130.0213,61.0476
-66.6874,-119.8396,-0.7239,-125.3742,-23.6863,-86.2855,79.2896,22.5171,97.4904,-30.7573,-59.8362,-42.8843,56.1163,-29.7288,57.0950,21.2765,-65.5997,-131.7826,32.6866
-33.5826,-117.8503,-2.5221,-138.7773,-32.7277,-88.2026,57.8346,-1.1803,95.2269,-98.9004,-43.1633,-55.0921,51.2148,-33.8052,92.7452,26.6728,-13.7006,-119.7107,32.8392
24.4511,-81.8622,44.3297,-119.7325,0.5871,-82.8977,-3.9058,-27.0686,34.1717,-120.2346,-3.8600,-5.6604,59.6675,-35.7973,18.4073,34.8185,51.1601,-127.5058,56.3312
33.4020,-51.2656,83.8372,-85.9567,36.7425,-86.8480,-50.7553,-4.8852,46.7760,-63.2527,25.5228,30.7445,48.3259,-31.2311,-46.0093,72.3773,81.8913,-132.6526,64.0223
48.7674,-41.3391,67.9618,-67.7730,30.2182,-83.1121,-35.1534,28.7704,135.8462,-24.8120,41.5867,15.8380,-1.1889,-11.1890,-31.4058,67.6293,92.2033,-136.8723,29.6804
138.6512,-39.3455,24.2732,-74.7596,-16.3699,-75.3000,6.9892,25.7686,207.6001,-21.2565,39.2029,-10.7803,-56.6011,-20.8105,7.7446,12.5491,82.0651,-157.8435,-28.4969
204.7912,-50.4132,16.8801,-86.6102,-50.7667,-84.7375,5.6414,-1.0067,257.2817,14.0854,31.6817,-20.7085,-76.0566,-69.0763,38.8089,-29.4071,46.3351,-159.9443,-81.7799
171.3189,-50.9380,64.0309,-76.9446,-42.5079,-96.0736,-33.9702,-32.3535,299.0659,68.2964,46.3188,-3.2316,-59.6761,-85.7383,74.3947,-52.6009,34.4722,-133.5873,-123.2517
129.4795,-8.0029,99.7642,-43.7544,-25.6512,-73.3643,-59.7288,-70.4327,276.0855,58.0874,63.9804,40.8748,-37.3929,-50.3144,110.4813,-74.3635,66.4758,-120.4683,-150.1195
120.7340,18.6758,71.6266,-16.1742,-37.4908,-21.5920,-58.2384,-93.4015,187.3972,-15.4295,48.5244,62.1511,-19.8336,-27.3136,149.2455,-75.0856,77.7476,-111.6087,-140.2457
71.7983,-27.2846,33.0582,-18.1953,-52.2376,13.2783,-19.9095,-75.1198,122.8562,-38.4057,16.2335,26.1427,11.8924,-42.4927,191.3063,-61.9424,35.8175,-87.9532,-83.7505
9.8260,-62.2971,39.4385,-28.8369,-24.8807,6.7233,58.8700,-42.9745,102.1843,24.1017,0.0641,-12.4823,59.3800,-51.8371,192.6599,-74.5654,-0.4982,-82.7563,-23.6063
32.7591,-9.0978,56.6708,-8.5624,32.5239,-5.0382,103.8651,-39.2485,52.8456,35.3128,-1.0626,5.5871,91.3392,-27.4105,131.3673,-115.3792,20.7391,-74.2208,-1.1425
105.1697,63.6369,72.5088,39.5487,75.9276,28.6332,71.2041,-51.5369,-37.6969,-64.6847,2.6326,49.7653,98.9014,7.7694,60.5169,-150.7961,75.9457,-6.9719,12.5926
137.2598,78.3880,130.9382,71.5787,99.1305,86.0993,54.8350,-43.9834,-91.7244,-116.2747,9.1345,49.3032,109.8323,10.2702,21.6145,-152.8633,112.3829,58.2832,56.6635
143.1527,55.0930,197.0282,63.3979,122.5073,91.2419,110.4149,-20.9489,-64.3730,-42.0236,14.0135,-6.1683,134.4112,-31.8983,2.1239,-126.6685,115.4840,55.8374,107.0371
155.5371,39.1798,192.6149,42.2251,143.4346,47.4325,154.4719,-8.9982,-4.6704,-12.2965,14.9901,-43.7109,163.2851,-58.1880,0.1534,-113.3006,110.3962,61.9065,128.2220
153.7153,52.0147,153.6479,50.8789,152.8724,52.2164,148.7004,-10.0511,24.1842,-118.6819,11.3613,-4.4148,198.8088,-4.0322,23.3320,-123.0509,115.9918,122.7515,123.1501
146.1304,82.4539,161.4059,86.8795,169.9382,121.4774,143.1932,-8.9808,29.0418,-196.9085,-0.1517,59.2316,224.2742,77.5389,42.0896,-103.8264,128.6306,152.1045,98.3802
159.3782,95.5352,198.2462,103.6440,203.8910,146.8874,136.0458,-2.0684,41.0697,-130.4942,-18.7579,75.9973,201.0924,81.5172,29.9974,-47.7609,141.4533,116.6080,62.1488
163.5865,97.3214,201.8266,85.6238,216.2922,93.7077,113.1460,2.9722,41.0516,-38.6681,-46.5710,83.5949,141.7750,29.2157,13.3254,-26.2506,144.2859,84.9812,50.1895
124.9921,114.9746,158.8684,66.8601,176.3962,51.1227,113.8553,0.2161,12.0605,-38.8572,-82.0645,120.5547,102.5830,14.1149,24.7479,-56.3149,123.8904,85.2867,81.9761
65.2316,110.4958,92.4483,58.1330,116.8251,45.7836,129.0841,-8.4022,-1.9669,-58.9252,-89.8958,121.0827,97.3901,18.7125,46.9228,-73.3016,91.3206,94.4030,128.2597
18.3923,57.5274,36.0820,38.6444,81.5147,20.4762,114.6392,-18.7695,24.4313,-11.6254,-43.8113,61.3971,98.8952,-15.8751,45.5400,-52.1557,70.9750,97.8946,154.0185
-2.0904,21.0388,13.0896,19.8723,61.3569,-13.2076,97.7373,-31.6369,49.6369,33.2750,1.7047,18.4469,92.2301,-38.8860,26.9636,-14.2898,62.4586,83.7324,151.6441
1.2431,25.8246,17.1562,23.1487,38.2134,-6.2459,104.5336,-35.1558,48.5330,11.5590,-10.4798,0.7686,78.6155,-5.3084,18.3310,41.0844,57.4951,68.8905,144.3909
6.1727,14.2400,43.3829,27.4857,38.1357,16.2305,102.4845,-0.3334,37.8362,10.6411,-30.9589,-44.5990,67.1769,17.6334,22.9758,99.1339,59.9913,100.1324,165.4494
1.7206,-2.7129,90.3514,23.2911,75.2221,26.2436,93.5523,59.2232,20.5485,61.6684,6.9934,-65.6725,62.3354,8.6658,42.8543,107.0598,66.0209,159.6936,194.8962
20.0625,32.1675,114.5280,43.1171,101.2592,49.3387,98.3283,67.5434,0.5240,33.4057,74.8269,9.1151,46.1511,37.7206,85.8216,54.9156,72.9767,164.7308,165.5678
77.4270,82.9002,81.3205,82.9067,70.9383,76.2602,78.2223,-3.4532,-5.7705,-83.8405,122.4367,105.1782,13.8508,88.1947,110.1700,-6.7315,93.2987,88.5223,79.3977
128.3159,96.5281,35.6211,94.7610,6.7639,66.5909,12.2853,-76.7448,-11.2973,-118.9012,148.3033,121.5191,-7.4089,83.4701,67.9515,-39.8265,121.2968,-4.1051,19.3489
137.9727,95.3156,26.6008,71.9567,-38.9244,34.1390,-53.6878,-96.3386,-21.2140,-56.3867,155.2374,76.4765,-17.8927,50.4896,14.3123,-45.3289,128.7858,-39.6749,5.4361
127.8246,80.3708,33.4194,38.6383,-50.5607,8.3339,-89.2686,-101.8028,9.6938,-51.4886,153.5273,18.7334,-39.1177,37.5659,28.8817,-38.2960,104.7596,-18.6488,-27.3370
109.3524,21.6048,20.1489,-8.7252,-56.4399,-21.4568,-93.4123,-117.0205,96.2850,-106.8178,173.2948,-37.8209,-46.1033,11.7217,76.9157,-25.5663,54.1208,-9.9852,-88.1691
57.5053,-38.1501,-15.2288,-64.3944,-80.7129,-60.4801,-66.0231,-102.1479,189.1797,-93.6704,193.5870,-58.2270,-17.9945,-27.2849,98.3725,4.7869,-17.8717,-47.9883,-111.5258
-23.1373,-43.9491,-54.5197,-90.5849,-102.5114,-92.7582,-28.9205,-53.5212,249.1596,-0.6303,170.5533,-23.7952,5.8790,-30.5908,116.1675,54.2585,-85.5529,-86.5529,-76.5634
-83.5037,-31.6721,-74.0064,-85.4288,-88.6109,-109.6340,1.8641,-15.7323,241.0040,89.4314,140.9730,10.5621,9.8326,-14.6526,136.7850,83.4106,-113.6008,-95.5345,-26.6144
-93.2828,-41.7934,-69.0625,-83.4420,-53.6367,-100.1297,29.0120,6.4199,123.6129,134.0010,139.3092,9.1274,20.0815,-7.4557,105.6778,60.0074,-97.9616,-97.7121,11.2084
-59.5308,-39.6939,-59.7310,-74.2927,-32.6247,-61.7830,22.6344,37.1317,-36.0255,142.2893,103.7430,7.5604,21.3666,16.9593,26.2009,10.8811,-64.6535,-85.6560,39.0663
-7.8723,0.9941,-48.9789,-23.3667,-23.3703,-21.6409,-23.4470,66.0979,-92.7054,143.5120,18.8759,10.0334,-1.8554,44.4418,-27.3109,-21.7013,-46.4182,-31.6575,47.6629
14.0693,45.4319,-30.9968,40.4854,-12.7212,10.5968,-37.0363,75.0664,-41.9133,127.9617,-27.0870,-21.5323,-7.2285,37.5936,-19.3490,-31.4451,-57.7332,38.3710,33.4954
-23.5889,59.2598,-25.3814,62.1593,-1.6375,54.9839,0.0618,82.9722,-14.4348,63.0200,-25.5661,-58.3406,14.5207,37.9090,14.2674,-25.5300,-76.0474,83.2440,30.0861
-76.9952,47.5511,-30.7976,55.5396,20.5227,97.5705,20.7440,119.6528,-50.0614,27.0238,-57.8849,-42.9537,20.7153,79.0354,17.4775,-2.8449,-80.3987,92.7167,62.7674
-90.3051,35.3796,-20.4148,66.0053,52.5232,103.9118,35.6002,180.4165,-70.7874,127.8564,-110.8690,-7.2429,19.4632,112.0773,-12.8192,30.8159,-91.7066,65.0332,103.7168
-87.0829,43.6202,-16.0202,82.2144,60.6955,85.5613,95.2400,226.1266,-33.8393,271.2191,-114.6742,-8.0142,40.1262,112.1504,-11.8239,66.4747,-127.4532,26.4810,118.0093
-116.2921,66.3543,-46.6273,74.7850,44.0826,73.5813,141.3359,238.1807,34.4400,302.8825,-93.3092,-19.3646,52.6182,97.6911,37.0021,108.8485,-163.1852,26.1716,113.8259
-167.9478,71.9753,-75.1852,62.6220,35.1026,68.4674,126.4410,252.4767,94.3094,280.0032,-98.2683,-4.9412,33.3641,62.5513,57.2263,158.1260,-179.2022,47.8069,107.2951
-211.1991,42.6680,-83.7710,57.1162,15.3179,54.9393,112.0127,288.5935,111.2297,299.8718,-114.5542,8.3012,11.6156,25.5192,26.5347,185.3960,-192.0070,30.2472,89.0239
-235.8326,-6.2460,-116.3243,22.0431,-43.2100,24.0125,107.5852,297.5208,77.5292,291.1523,-119.6067,3.0954,5.6540,33.8373,6.7191,169.1565,-222.7571,-15.5170,61.9777
-239.2148,-47.5109,-166.2309,-38.8134,-95.9701,-11.0716,61.1563,259.4807,25.5973,214.8877,-113.8584,5.8610,2.5000,63.6213,4.3302,153.6505,-264.5414,-32.9234,54.5297
-244.6996,-55.5156,-182.2940,-57.5811,-111.9214,-16.0833,11.8544,237.9951,-7.7301,183.4212,-100.1210,21.9835,-22.9017,63.9438,-4.8061,202.0341,-276.2328,-21.7891,69.2230
-274.3377,-23.8990,-181.2070,-19.7763,-131.4053,6.8898,3.3907,255.5094,-12.4204,245.4430,-106.2352,29.1514,-91.4396,51.1753,11.9298,281.9186,-234.4062,-12.9177,65.2499
-277.0276,9.3007,-194.3510,11.1819,-161.6273,14.9397,-28.0194,246.9713,-9.9933,299.3687,-151.0770,26.2503,-169.6062,51.5780,49.4098,295.3701,-189.7416,-6.2169,8.5374
-209.0849,15.4075,-189.5698,16.5227,-166.6320,14.1617,-102.1236,187.5278,-29.1236,258.8991,-176.9845,40.0395,-193.0718,66.9169,49.8489,230.9892,-185.1993,7.9345,-79.4136
-144.3206,44.8507,-154.0168,45.6342,-162.9060,49.1347,-139.2783,122.0565,-57.7636,166.3421,-124.3208,91.6362,-167.4351,110.9256,30.6809,165.4131,-169.1272,22.3288,-140.1914
-145.5018,134.6177,-123.1654,107.5440,-174.4493,103.1895,-126.3950,73.2311,-64.5421,126.9800,-38.1047,151.8986,-136.7287,162.5560,25.0837,130.4994,-105.2575,33.2233,-146.0349
-135.9632,202.3608,-99.5316,153.8072,-162.7483,135.3796,-116.5921,47.1041,-67.7509,151.0878,-2.0935,157.2974,-96.3123,170.4944,-8.5027,114.1780,-52.0575,58.3506,-118.9496
-52.4788,181.2579,-63.6331,166.6485,-113.4452,159.9352,-102.2969,64.1449,-94.1033,135.3730,-18.5292,118.1544,-48.3828,157.2587,-59.8034,135.1995,-38.8666,111.9439,-85.4720
33.8576,152.5240,-26.0550,175.4177,-77.5357,189.0212,-65.7773,99.9878,-109.7320,59.2245,-22.3951,127.7529,-28.7528,174.8587,-57.7768,184.1588,-19.7270,169.4394,-61.6643
60.7491,190.7240,3.4917,195.9723,-72.6328,203.4945,-49.6974,98.5015,-97.9368,27.0150,15.7808,201.7645,-27.7361,195.9121,-30.3781,190.4531,21.3838,200.7826,-65.4179
68.2657,236.7436,29.6522,214.4165,-63.7522,216.1226,-77.1705,71.2570,-109.8485,55.9115,50.6958,246.4723,-24.1710,181.8970,-40.4476,154.2222,67.2336,221.8054,-81.5510
98.9206,237.5300,43.7985,218.6921,-36.9719,239.5055,-109.5385,74.9421,-149.6852,67.9091,43.0828,221.7558,-38.0433,150.3842,-57.6315,170.6942,112.0841,250.2540,-61.6101
131.3649,218.7709,48.3748,206.0827,-2.8357,235.0306,-105.7679,111.0052,-155.4069,71.7815,26.5449,168.4581,-42.5142,111.4153,-56.8773,247.4409,123.9109,266.7968,-11.4323
121.1812,183.6797,66.9852,173.3635,32.7385,194.2800,-57.4920,135.5010,-126.7592,97.4163,33.7242,99.5551,14.9645,62.4143,-51.0219,266.0232,83.5369,270.3889,13.9889
60.7703,126.2659,93.9283,129.0706,56.1588,161.6692,5.2787,129.8111,-105.4831,86.9175,32.5840,22.0891,78.6797,21.3493,0.9828,185.5300,47.5855,268.8592,18.9144
4.2896,91.4401,98.7087,98.0100,52.5535,138.0687,30.6154,113.5230,-71.9278,41.1029,11.9450,-15.9700,74.4413,-10.4451,105.3336,111.3496,51.1259,223.7980,39.7068
11.1901,93.1749,83.4327,90.8836,43.0269,102.2860,14.1326,110.2544,-15.3871,51.2916,27.4500,-6.2448,57.1159,-34.3784,164.7862,106.3576,59.5039,143.1332,47.4951
69.4777,92.3883,84.1683,92.9455,74.1264,86.1806,11.4091,111.4525,3.1975,113.2419,94.5911,4.0444,92.9819,-23.5969,137.0517,98.4390,67.3671,128.4138,18.4009
120.3459,91.1736,120.3795,96.5721,149.2233,104.1190,46.6915,92.4198,-25.4157,140.0926,145.8658,1.9673,146.9600,6.2233,75.8799,35.1599,86.5199,196.3956,15.5590
126.3319,109.5301,163.8427,108.9354,210.0823,115.4426,91.3498,67.8835,-22.6795,111.8436,137.3293,4.8681,182.9583,1.7161,13.6225,-23.8823,87.3121,233.3983,75.5131
91.8902,122.6936,174.8436,122.4690,222.2296,117.8776,134.3545,67.9797,27.0189,54.9899,106.2316,7.0470,206.7499,-18.0797,-27.4696,-32.3609,82.7744,199.2586,129.6847
67.3195,118.5415,162.6679,122.0520,221.1234,136.5055,178.5733,75.7023,56.7460,-2.1544,101.6953,3.6719,211.1202,-2.2359,-22.7931,-26.0777,124.1094,161.0507,135.2934
87.9449,108.6856,159.9164,113.2001,225.8300,143.0197,205.5188,75.8310,63.9085,-14.8613,111.2138,0.7479,199.2467,25.7212,-4.0074,-18.8599,165.1990,142.7733,149.2311
84.4090,79.1192,154.4589,105.0855,203.1158,121.8547,220.4112,97.2154,114.0784,15.4539,86.8286,-7.0040,189.6121,32.2939,22.3794,16.1067,135.1779,126.8023,204.5581
-4.0301,43.7647,123.8339,93.1358,161.3489,118.3592,248.2010,127.8624,201.7303,40.8363,39.8007,-9.1870,168.5507,41.2394,106.2105,51.4648,93.6346,111.3928,244.4567
-69.4028,52.5241,96.1420,81.1638,147.3031,132.5412,249.5494,118.7646,240.8919,69.6928,42.3771,17.9638,131.2388,61.1988,192.0290,48.8453,117.2033,79.9098,230.4196
-3.5213,82.4888,96.0463,81.1798,147.6394,115.0805,180.3046,105.7193,198.7179,121.4952,106.0041,52.3948,114.6875,61.2848,172.8812,48.5621,161.4917,39.1051,208.5764
97.6912,76.9740,99.9148,88.4874,134.6901,88.3934,116.2723,150.8605,139.2720,151.2523,152.9991,50.7879,124.7249,36.1108,109.4342,76.4866,170.9322,45.4465,217.7152
117.5228,68.9540,91.4882,94.5722,134.7904,105.7111,136.7500,200.4248,118.3819,156.8778,133.7903,34.0309,123.6922,21.7407,109.1964,75.7388,172.6068,86.4924,225.6952
105.3212,97.5060,72.6861,103.5916,139.9643,134.2836,173.6580,187.2660,119.4700,184.4487,76.4926,60.0386,100.8733,54.7777,129.6319,33.6466,191.4578,82.0654,213.5976
112.9231,104.9985,34.7318,107.4191,99.7705,119.7597,158.2032,165.4086,116.4154,180.8066,31.7621,114.4727,73.6476,119.2657,124.6185,18.3196,192.7625,41.3508,220.4618
96.2734,55.2531,-0.6532,86.8220,51.1326,82.3336,144.3396,193.3035,113.9779,96.1972,34.2334,118.9553,56.8420,145.6843,130.1463,47.7910,150.2641,34.6270,249.1731
65.7716,13.2626,15.7796,55.7811,73.7096,61.2621,152.1398,235.5760,104.3179,55.3301,70.6413,68.4406,64.1482,111.2161,119.4554,81.2344,107.8770,58.3076,242.4187
83.7199,26.0271,70.8852,51.6772,136.2658,57.4324,127.8872,251.4277,75.2315,146.7116,85.5143,56.2580,86.7541,77.7435,63.0151,103.9143,120.8679,75.7588,192.2778
118.5307,56.0158,98.9761,72.9848,156.1253,61.2648,104.7962,233.1280,63.4566,236.9005,74.1498,104.8845,94.1133,76.4054,55.3597,110.1793,158.8472,79.7504,155.0331
99.4232,62.2428,84.9354,80.6467,135.5114,63.7849,140.6787,184.6183,100.5574,232.3638,81.7048,111.6682,83.7033,72.3800,137.8695,103.0756,152.8242,57.2657,147.1139
44.4069,52.3310,68.5394,63.4241,123.5412,55.1966,172.2725,157.0926,141.8500,235.9029,88.4847,44.7334,77.4077,61.7499,191.7275,134.0489,115.9610,19.4426,139.5679
10.9371,42.0647,73.5205,46.9852,133.2610,45.9695,157.6613,190.4664,140.3176,277.5251,54.9041,1.1918,85.1089,63.4403,151.2569,212.0671,99.1263,21.7627,126.2300
8.9727,18.5102,92.8219,39.1548,142.2886,50.0833,161.0830,210.1559,110.8558,227.6703,34.9708,8.0848,107.6004,56.6562,88.4389,248.1752,92.0019,63.4326,111.2398
24.5252,-22.3257,110.4637,28.9413,125.8037,58.6138,168.1235,148.1116,66.5354,76.6970,71.8210,3.3783,127.3743,40.0739,57.9983,206.0518,88.5886,83.7882,90.6769
56.1949,-33.8375,122.9853,34.4508,98.3742,67.9955,101.2230,82.2845,3.1812,-14.1860,102.5067,6.7306,112.3190,57.0813,54.8096,157.9281,124.6908,79.3537,78.2189
104.4253,16.1060,148.9297,77.1498,102.9791,90.6790,15.9044,88.3554,-46.9363,14.9357,100.6081,56.4780,76.9136,103.8304,69.3994,131.7737,177.7990,84.6492,76.7543
167.0191,75.0725,188.5092,121.7303,129.9654,117.7384,-0.5355,104.6658,-59.0417,45.0025,138.8807,75.8291,68.5748,122.2281,78.4595,84.3375,187.0023,86.2358,47.4004
238.8184,87.9432,204.6329,124.1259,126.9827,126.9524,3.9671,67.2107,-69.3174,-11.1114,238.4767,13.5771,82.7069,88.1282,56.7933,17.5867,165.0847,67.8593,-30.7506
293.1230,86.3744,186.4504,111.0070,98.9262,123.9556,-18.9355,7.7584,-104.3521,-85.0515,324.0167,-57.4378,92.9610,31.9417,11.0840,-32.3219,156.5044,51.4181,-118.4966
291.6154,112.6535,165.9583,124.9491,83.4125,122.0525,-35.4275,-35.4306,-141.3594,-83.5523,331.8327,-97.4544,107.0291,-4.6094,-38.5040,-62.5869,160.2138,39.8484,-171.5947
237.2686,135.5224,142.3146,135.8970,54.7183,105.6514,-57.3654,-60.9290,-160.7933,-50.5225,257.1392,-139.7611,104.8838,-12.5135,-60.5936,-78.0918,160.4430,14.1755,-186.3137
172.1483,105.5371,81.4302,92.6294,-19.1904,61.2373,-106.1800,-66.4298,-147.5632,-78.5743,144.2107,-172.3428,56.5523,-24.4517,-22.8747,-73.7808,130.4095,-12.2833,-180.2368
97.7313,32.5269,6.5151,15.3022,-75.9912,15.4498,-108.1793,-52.8531,-96.5607,-111.1929,64.5521,-172.1081,27.7798,-56.8239,33.2587,-53.7497,32.2355,-10.0941,-168.5403
-7.9856,-20.2705,-18.4227,-29.1468,-40.6644,3.9852,-36.3419,-33.1229,-71.4697,-49.3987,54.4440,-168.5500,78.8663,-79.7964,20.1137,-29.6643,-94.8848,18.6076,-155.5660
-83.9006,-10.6370,-1.1903,-12.5354,37.6036,21.9932,5.3974,-17.3771,-124.2503,20.5187,85.6750,-167.8348,117.3039,-76.2499,-52.1082,-25.7342,-153.3722,44.6862,-134.8728
-62.2264,16.9346,-9.8864,25.1358,47.4300,32.7999,-23.0408,-6.3075,-164.8553,-2.7866,102.6301,-146.6060,57.6648,-55.1051,-92.7733,-46.3696,-140.3718,44.1658,-97.0695
-18.8749,-5.1195,-54.1405,25.1111,-7.3390,16.3845,-29.1016,17.5234,-96.7446,-13.3562,73.1597,-122.2293,-10.1451,-16.3925,-90.4446,-28.4865,-142.4454,21.5629,-39.7974
-40.1475,-53.4026,-77.8927,-14.7372,-27.8569,-13.7468,12.1648,59.5253,-9.2761,38.8355,37.3104,-111.5974,-0.4343,12.2917,-113.1677,51.6522,-183.7273,3.1204,10.9198
-54.5285,-71.0354,-64.7932,-41.0429,-13.2822,-36.5661,1.3576,70.4819,-28.5429,-6.7965,65.2488,-94.9156,14.0391,-13.2135,-181.3112,82.5413,-206.2447,-1.1448,11.2145
-9.0710,-80.7321,-59.6855,-36.5771,-50.5921,-46.3622,-91.0708,25.4028,-93.0044,-136.0907,122.9777,-74.7916,-29.5289,-55.2462,-245.3409,8.5257,-185.6264,-8.6505,-35.2086
-4.8709,-112.0229,-86.8457,-47.9110,-123.4350,-54.6855,-162.3206,-5.8094,-72.8503,-101.3542,109.4595,-69.1035,-74.8505,-48.3920,-250.1895,-36.5373,-175.4533,-31.2334,-80.3362
-78.7390,-120.7371,-125.0851,-89.8430,-148.3305,-75.4445,-162.3945,10.8001,12.3264,85.8134,44.2676,-62.1866,-89.1681,-26.9618,-183.8124,26.6759,-208.9594,-59.7253,-121.1649
-119.6228,-84.0689,-151.2785,-104.4049,-146.0729,-96.6466,-175.1487,-0.2099,49.9971,159.8146,17.2983,-38.8273,-116.8585,-35.2539,-106.4354,76.1733,-217.2361,-81.7106,-186.2663
-92.6945,-39.7805,-155.3438,-55.8562,-167.6850,-81.9521,-248.2651,-56.4634,12.1343,92.9488,4.5710,-6.3622,-165.7074,-21.2199,-105.6424,24.3690,-135.5294,-89.9708,-240.1586
-69.3157,3.0299,-143.8870,7.5237,-177.5464,-27.5005,-302.5844,-73.3050,-31.6536,53.2774,-48.9645,25.7452,-198.2851,35.1613,-175.3729,-52.1852,-37.5055,-77.4068,-230.0717
-65.2641,44.3985,-145.1039,20.4181,-166.1666,10.1514,-284.8005,-43.0990,-33.9798,51.8417,-101.2413,27.1391,-212.8751,52.6736,-209.4987,-75.3300,-30.9733,-46.1196,-190.4410
-70.9818,32.2701,-172.6876,-21.0555,-186.3272,-15.3529,-248.8956,-38.2065,-24.2285,32.8756,-128.6979,-29.6724,-220.8259,0.9739,-156.4860,-52.8715,-97.1732,-19.8988,-181.4799
-109.3030,-38.7593,-203.7073,-65.7604,-217.3091,-67.0878,-236.3637,-57.8847,-40.1760,32.7785,-170.9468,-96.7972,-206.3392,-48.0143,-88.3767,-29.0445,-158.7314,-20.4447,-198.7214
-142.7665,-68.4966,-215.2640,-64.1537,-201.4008,-70.5510,-229.3207,-64.4503,-75.1173,50.1746,-204.1795,-97.1917,-175.9706,-47.4887,-84.8408,-48.5348,-178.4520,-28.9781,-215.7786
-107.5225,-3.6300,-201.7495,-14.0457,-160.3088,-19.7470,-217.4166,-77.4277,-118.6442,37.4185,-179.9474,-34.6609,-162.6689,-24.0469,-137.8286,-96.8960,-128.9312,-10.1841,-222.0149
-53.0698,72.5398,-163.1465,39.8818,-120.7938,18.1682,-195.6943,-106.8978,-172.2306,8.0005,-141.6068,18.3299,-160.1825,-19.4855,-188.2004,-101.0729,-31.0787,28.6772,-204.8403
-62.6191,82.8860,-123.5812,57.8472,-69.6337,13.1004,-151.5897,-116.6504,-199.5807,-27.3151,-139.0513,13.0392,-142.5034,-46.8651,-188.6352,-57.6985,14.2644,51.9256,-169.8862
-99.9527,61.9600,-116.9612,46.0500,-38.4431,7.0395,-102.6979,-95.7118,-153.9259,-74.1928,-148.2613,-24.7041,-126.9807,-72.9837,-137.1272,-35.3757,-23.1002,45.2220,-145.4356
-89.0866,53.7963,-132.4054,26.5549,-64.1682,9.2560,-74.6718,-64.0397,-62.7509,-83.2712,-154.7459,-27.3668,-137.5526,-56.0080,-86.9893,-32.5952,-59.7468,8.0100,-133.6524
-50.6512,30.5205,-142.9565,-1.0906,-105.9327,-22.0011,-60.3142,-32.2289,3.0766,-46.8631,-174.1419,9.6247,-151.5701,-19.1661,-83.0687,-4.3602,-71.1967,-41.2953,-111.3123
-50.3262,-17.6649,-150.1041,-29.6232,-118.4759,-57.5622,-49.4194,-8.5777,17.5745,-35.3883,-191.0159,12.2548,-144.4159,-20.7422,-89.4566,22.3023,-97.2431,-43.5081,-75.8029
-81.4049,-33.9426,-141.6765,-27.6841,-103.1785,-26.2088,-41.7617,-0.7922,-4.7878,-43.4258,-185.3498,-25.4806,-133.7094,-52.1720,-63.3405,12.2391,-102.0160,11.0264,-45.8746
-80.9962,-8.1115,-105.9312,-4.9095,-66.5468,21.7730,-35.7907,-11.4510,-42.1051,-19.0644,-173.9325,-12.2298,-144.7144,-58.3157,-56.2612,-0.4473,-48.7893,20.9001,-36.3923
-49.5493,-8.7973,-93.5080,-19.7258,-41.9215,-12.3120,-48.4837,-46.5014,-63.4784,-4.9060,-181.3503,63.1372,-174.9107,-39.8320,-117.6618,11.4369,-4.3670,-62.3597,-41.1021
-58.6056,-45.3717,-135.1198,-72.1282,-72.4975,-80.7364,-79.4465,-91.5854,-54.1170,-40.6111,-212.1160,103.6993,-201.0476,-39.6515,-172.4168,21.4353,-8.6599,-130.6070,-34.1456
-112.1492,-51.4689,-165.5500,-91.7027,-113.6935,-89.9851,-79.7455,-115.7150,-39.3101,-75.2476,-243.5180,76.6460,-201.9375,-58.8196,-140.7956,1.1029,-12.5827,-113.3559,-19.1157
-134.6822,-35.8678,-145.1946,-70.0510,-95.4410,-81.0368,-50.1963,-126.2491,-41.8494,-84.3491,-241.1848,37.5481,-178.0706,-69.1325,-78.6592,-41.5103,-7.9138,-90.6894,-36.4542
-123.3093,-70.2137,-117.5853,-75.9378,-52.5896,-109.4299,-52.6335,-145.1512,-45.6294,-91.1533,-206.3813,18.4109,-142.3002,-69.1198,-54.7214,-61.0199,-28.1815,-111.4574,-81.5802
-137.1807,-126.0069,-87.5064,-116.8838,-39.4419,-123.3147,-65.2295,-153.5609,-31.0164,-97.4914,-168.6114,23.7560,-95.2401,-61.7203,-27.9954,-32.5268,-46.2164,-116.4158,-105.8530
-150.6158,-109.9262,-25.2587,-121.7101,-14.9650,-94.9408,-18.1465,-141.9702,-12.8793,-114.9965,-126.2863,60.2775,-36.0879,-30.1400,23.2265,-11.4444,-27.5898,-85.8929,-106.3603
-113.8040,-40.8789,33.1015,-70.4606,55.7392,-71.3539,43.7363,-136.7477,-21.9284,-145.1842,-66.5935,105.8965,15.4669,15.8707,23.6698,-42.4504,-4.4169,-63.3880,-105.9963
-77.7981,-19.8613,55.1757,-23.4538,109.1224,-56.9766,34.8045,-132.7311,-58.6319,-138.1275,-15.8446,132.8352,37.2353,38.9773,-41.0943,-65.9271,0.0646,-55.2836,-96.1263
-76.1975,-53.0379,73.7999,-17.9027,92.5108,-29.4873,-24.1916,-108.0530,-84.3016,-102.0956,2.4062,149.9092,31.5103,41.0284,-73.8207,-39.2109,9.8435,-46.6760,-82.6668
-39.6866,-56.5734,92.8216,-24.6863,57.2463,-15.0630,-67.4739,-82.1996,-72.8200,-109.1004,5.6924,162.7333,18.0584,52.9676,-38.0508,-18.8536,24.5906,-44.3312,-78.1377
39.4321,-18.7728,82.0498,-17.4767,58.9825,-22.7914,-61.2962,-64.5230,-32.5061,-129.3133,8.7584,155.9472,6.3075,75.2168,3.3406,-22.2733,23.0404,-48.4225,-34.1787
57.1538,-23.3474,56.6269,-23.5738,52.3223,-24.8726,5.1732,-30.5222,49.5722,-76.6300,-2.7890,133.7235,-18.2634,94.4777,31.0189,7.4607,17.2176,-62.3343,67.2696
-19.9454,-99.2023,29.1941,-70.7001,-13.3384,-38.1311,93.3268,12.9914,202.9590,25.4063,-43.1990,109.9945,-59.9002,104.9166,71.7882,63.8989,16.2307,-96.3432,137.2388
-101.2311,-162.4098,-22.5738,-120.6031,-71.1621,-81.5281,150.1124,43.6999,371.1280,107.6454,-92.8272,83.2531,-76.6548,87.0010,104.7524,89.3077,2.3543,-112.8616,132.3372
-110.2285,-148.7957,-68.7068,-117.7119,-46.7062,-100.9345,184.0706,65.8219,418.5195,147.8258,-99.5530,57.9323,-41.1303,46.0393,114.8023,83.9967,-10.8137,-72.8464,118.3494
-56.9478,-102.8909,-52.9696,-74.2144,6.3051,-61.0988,194.5256,72.5507,299.5344,134.3418,-44.3631,40.3969,-5.5485,36.9065,143.6655,80.4988,8.6171,-25.7995,120.8188
3.8933,-82.6715,-1.5763,-37.1884,23.5524,-14.9953,145.5331,62.0984,127.8964,105.2409,13.5205,21.0285,-14.3934,70.0175,187.3251,96.0431,38.9642,-20.9651,118.9214
34.8511,-72.7185,31.9060,-16.2748,38.4302,-6.7764,92.2536,70.0638,28.1295,135.7134,21.7863,5.7065,-19.5439,85.7613,175.5427,132.8953,53.2743,-12.1460,146.3764
46.3216,-49.7904,52.8814,-6.0470,70.5797,-13.7358,118.3727,88.4355,4.7114,176.9604,12.8085,11.2300,25.2344,65.8176,104.6599,149.2764,82.0976,32.8130,209.3391
45.6983,-45.4311,73.4861,-16.8997,86.7411,-11.0355,163.0197,67.0671,0.9396,125.2072,25.7778,10.4852,84.1339,43.1362,52.3493,108.6402,124.6027,64.6241,227.8512
4.6756,-73.2812,82.9811,-38.2854,93.0083,-5.2148,146.4587,32.1274,2.4951,44.0970,41.1604,-24.8623,116.5588,24.2839,55.5274,64.3658,120.6112,60.7810,177.0287
-47.5820,-67.3064,87.9958,-32.8938,103.7322,0.3094,128.0247,26.8428,20.6590,38.7135,42.0805,-43.0588,125.1469,20.2512,84.9880,54.1337,82.6675,54.7433,120.9186
-24.0236,16.5488,97.1721,12.4267,94.0531,21.2178,148.2006,0.6150,38.5514,34.0412,40.8268,11.3640,113.0857,62.2612,109.5576,7.9903,83.6141,58.9457,86.1585
48.6057,99.8713,100.4347,68.1977,74.9615,64.4518,143.3416,-67.7213,44.9098,-59.6116,43.0459,85.4328,88.4143,116.9331,118.6315,-91.0208,106.4838,70.7976,57.1436
55.9289,101.9311,100.9267,94.4166,79.0960,100.8083,105.0851,-102.9357,59.6043,-158.3518,59.8088,100.0458,78.5794,117.9990,116.3216,-145.8843,94.3327,93.1351,32.4040
28.5789,85.0431,108.9475,87.8976,86.2877,98.9452,79.8950,-95.2073,74.2839,-167.5540,104.8679,80.0242,87.7103,84.5360,108.4647,-139.0872,82.2168,102.5096,-1.5142
89.1801,126.0653,113.4316,89.7649,85.9479,82.3626,48.9933,-105.8638,55.6193,-131.0094,148.9167,88.7953,94.8107,76.0184,92.1327,-148.1863,110.8726,84.9189,-51.5303
188.5285,153.2763,107.5924,110.8095,93.0777,90.2445,-0.6168,-114.7706,30.1761,-119.9191,151.0730,106.4281,95.4670,86.3956,81.2497,-164.6746,129.1373,68.3731,-76.6992
182.0513,90.6197,97.8632,97.9881,70.1771,99.9649,-12.4139,-73.6384,54.5465,-120.0772,124.0522,78.3294,97.0598,80.1717,101.1286,-128.4408,96.4861,52.9794,-51.0112
91.2713,13.7289,78.3852,39.0880,7.1539,69.9422,29.7228,-17.1852,110.3394,-73.8656,100.4059,17.1367,97.9472,56.1435,132.7256,-68.9834,48.1671,12.6507,-7.2017
36.2385,2.7163,53.8234,4.7221,-14.8983,22.2489,69.3100,9.1276,140.6333,19.2240,76.6448,-26.2336,86.0027,30.6907,142.5201,-44.8555,27.6912,-22.0889,16.3956
42.6470,25.0448,54.5416,24.0279,20.0009,6.5325,69.7624,1.7341,142.6632,76.8599,42.2092,-33.8534,47.5239,15.0487,148.5832,-53.0096,55.4236,-14.0764,8.3265
78.4505,51.3591,86.7063,46.7592,36.5305,26.5723,35.2978,-30.5463,129.1231,43.4835,18.0374,-16.3956,2.8409,9.2089,152.3699,-72.1727,115.5940,4.6167,-13.5673
117.5320,85.6505,117.1274,50.8693,33.0261,49.4934,-15.9771,-45.9987,81.5472,-20.0602,27.5260,9.0502,-1.0786,2.4370,99.8322,-90.6932,141.1750,8.7066,-8.3982
118.0866,86.6784,121.6835,50.1691,46.7384,50.9933,-49.8093,-12.3490,9.3872,-37.8725,47.2334,18.4998,22.6399,-8.3293,12.5631,-94.8162,97.6429,16.5695,24.1112
79.3510,39.7670,104.1625,35.2139,41.0579,41.9906,-45.7295,9.7089,-35.3112,-41.0378,26.7041,1.5881,9.7415,-16.2216,-9.5256,-90.2079,48.1165,19.2249,34.3785
58.6392,19.4835,77.3673,21.7321,5.6970,57.7118,-28.7323,-37.0550,-31.4529,-91.3525,-26.9991,-16.2338,-32.4473,-13.5884,25.8185,-91.8541,56.7853,8.4869,17.9397
60.8812,62.1645,59.0802,55.7826,1.3886,97.1584,-27.6892,-101.2337,-11.2054,-158.5896,-48.4368,1.2609,-40.6228,7.4800,22.5409,-95.2857,96.4440,22.8477,8.8635
54.3754,106.4566,61.2528,107.4638,33.9913,109.2276,-26.2158,-124.4005,-11.9890,-173.9655,-25.1537,55.3212,-15.3755,29.1606,-17.1948,-103.7685,102.2561,60.2213,2.3164
61.0833,102.8208,67.8517,101.7478,57.3421,78.2632,11.2769,-112.5040,-38.4986,-149.9011,-10.1835,99.9945,3.1886,15.5844,-31.7329,-129.7224,56.6532,67.1510,4.7334
65.4042,63.6536,55.0679,54.9518,59.9736,49.4816,75.0445,-75.3754,-57.3809,-143.2496,-14.0369,89.9985,11.3672,-9.4263,-30.1039,-146.9780,-1.7455,47.8937,53.5690
-4.5485,22.0560,26.3137,31.5691,46.8362,39.5342,117.3915,-27.2182,-26.9348,-130.6747,-8.5864,40.5367,12.9939,9.5544,-27.4000,-118.9240,-36.1595,39.8568,115.3176
-88.1736,0.2167,0.1119,21.3658,28.8214,20.0366,128.2309,4.3574,46.6769,-53.8561,-9.8266,-2.4825,2.5470,38.4264,-2.3453,-68.0585,-57.5145,32.3827,123.8274
-48.7233,-11.4168,-15.9752,-7.9489,24.6445,-2.9244,126.2508,25.5217,96.6401,22.5279,-34.8827,-34.0552,-16.2756,17.2105,11.6673,-45.6320,-73.2160,20.7925,98.2151
65.7065,-25.3259,-19.0370,-22.9401,12.1592,3.2053,90.6586,34.5854,70.2881,-19.3813,-46.7387,-58.7597,-50.7613,-5.0423,-27.2612,-56.0482,-49.8815,26.4391,65.5562
109.1770,-13.9751,-4.5824,6.3931,-29.0846,24.4834,17.3354,-4.2369,5.9902,-127.8250,-28.6053,-41.9023,-96.6459,22.3695,-62.4066,-65.1613,2.9930,26.4356,2.7572
87.3705,26.1800,11.3364,37.3143,-55.0355,22.9004,-19.9830,-55.8255,-12.9632,-141.5201,-16.2413,14.0428,-110.1796,34.3570,-46.7232,-54.6212,27.6444,-5.5994,-41.4113
73.7513,33.2873,-4.0334,24.2362,-52.2411,0.5363,4.2219,-43.3961,16.0158,-48.1581,-27.6791,33.7966,-91.8651,-10.4043,-44.2202,-29.5057,32.3893,-36.4334,7.8136
62.4848,-8.0346,-48.8541,-11.9034,-70.1460,-16.7868,7.6182,-1.7624,18.8248,23.7020,-51.8849,-2.7533,-100.0331,-44.1943,-92.3767,-1.0176,56.2348,-44.5720,77.1341
55.0623,-29.7172,-75.8447,-26.1659,-94.8479,-21.8908,-33.0643,-6.6629,-15.4762,11.8823,-78.7433,-16.3220,-125.7094,-24.7964,-126.3484,7.8384,67.2085,-48.2469,59.5542
81.2732,-6.5708,-54.5997,-11.7694,-78.2195,-20.6548,-54.4742,-37.7484,-30.3702,-46.5435,-89.9363,30.9483,-117.3022,12.6534,-118.4474,-21.5538,50.2431,-40.9807,-3.8469
105.5631,15.6020,-13.9326,9.1252,-61.2389,-12.3216,-72.0926,-64.7590,-36.9492,-110.4242,-78.3686,81.0190,-100.3100,40.6168,-116.9630,-53.9183,56.2517,-12.2617,-39.8982
81.9834,14.3071,-0.9600,22.4735,-83.0439,9.6358,-131.1230,-97.3025,-92.3317,-159.1098,-70.7800,88.9967,-100.7383,57.9334,-128.4190,-34.5456,64.3595,16.5234,-56.4178
38.1209,8.7405,-18.5715,28.3308,-86.4346,42.0836,-162.2724,-100.7960,-171.1708,-184.5054,-76.8310,79.3390,-79.5086,69.6422,-128.5176,7.0892,7.8860,40.2568,-59.8920
21.4759,22.2645,-33.4882,32.8192,-39.2829,63.3335,-117.5529,-60.0225,-208.8080,-188.8764,-69.0420,90.0548,-51.7034,85.0154,-148.6452,-2.9497,-58.3609,66.9260,-57.1497
39.2327,57.6463,-33.4641,42.8722,2.1124,57.2133,-93.5819,-45.0697,-211.3260,-174.2680,-43.6085,116.9101,-67.8880,89.6954,-204.7025,-42.5591,-50.4936,77.5651,-98.1550
51.3574,79.9241,-36.6655,54.2219,1.4697,41.0653,-145.2197,-67.0727,-217.1198,-157.3293,-30.2038,123.5162,-81.1215,65.4949,-228.6933,-34.2883,-18.8694,64.2318,-167.2103
6.3034,63.3867,-51.3856,52.3344,-13.0260,36.1384,-188.3786,-55.8253,-230.5076,-157.0410,-41.0815,103.3861,-50.7641,43.4443,-186.0157,13.9374,-36.3973,40.4226,-179.2641
-80.7231,31.6805,-74.4536,30.9596,-22.1279,25.5780,-185.3075,-24.8177,-235.9498,-143.6169,-60.7982,89.3873,-48.4132,45.3032,-135.0825,46.8729,-82.5536,4.3422,-146.0709
-150.1580,-10.2021,-116.2007,-6.6779,-53.2098,-9.6747,-190.9853,-30.1819,-214.8842,-84.8613,-67.7899,77.3021,-90.5751,28.1913,-99.4878,56.3830,-125.1343,-23.5503,-142.0360
-198.4424,-75.9103,-167.8511,-50.7991,-119.3885,-42.2958,-195.0270,-35.1027,-173.3960,-25.3887,-59.9915,30.1069,-92.7749,-23.2081,-46.5386,48.2958,-156.8915,-4.6390,-146.2463
-227.0847,-107.8882,-187.7085,-73.9768,-166.8095,-42.8226,-146.0480,-2.2389,-154.4049,-10.9156,-63.9886,-25.1340,-61.5570,-55.8420,-15.3727,32.3262,-161.1943,22.3208,-113.6670
-187.7763,-67.1755,-179.4921,-58.0894,-157.8301,-34.3189,-93.8739,28.5952,-158.2416,-8.8969,-82.2825,-35.4626,-70.5667,-51.0210,-68.0972,49.0872,-153.0930,-6.3283,-85.0359
-118.3298,-43.0942,-194.8886,-32.2595,-148.1963,-45.0710,-109.8302,39.8691,-136.8757,1.0372,-73.7645,-27.5185,-90.1598,-43.2188,-141.0329,85.5327,-172.8428,-47.6982,-87.9172
-130.1784,-78.0631,-222.0428,-25.0733,-161.5265,-52.2482,-142.2894,47.8476,-115.2166,-10.8015,-41.0675,-35.9081,-65.8120,-37.8312,-140.6943,62.5206,-199.8211,-34.6253,-78.9205
-191.6516,-76.9953,-199.8479,-17.8335,-121.4401,-33.1355,-116.2995,47.2411,-150.6171,-20.2101,-37.1249,-28.6648,-31.7459,-23.9426,-99.4262,-0.7207,-188.7962,-2.5963,-46.5692
-186.5448,-36.7831,-141.8356,-6.8073,-35.2764,-21.4321,-74.5941,54.1175,-182.1023,21.5928,-46.6750,-12.5933,-11.7894,-23.4994,-76.5854,2.9725,-159.0372,-9.3286,-25.3028
-130.9042,-64.5604,-105.1200,-24.3198,-16.2195,-46.2624,-77.9830,82.5865,-132.8068,59.4491,-7.5831,-44.4922,15.4245,-43.6561,-57.6896,54.4485,-139.3757,-45.1341,-17.1508
-90.4737,-118.7805,-80.0137,-53.6454,-52.9296,-72.1950,-90.5613,72.8124,-75.7005,24.2965,54.3681,-88.1461,24.3189,-49.4450,-52.9160,36.7298,-105.2548,-76.4846,-14.4045
-47.4461,-76.5606,-38.1002,-46.9096,-39.1493,-69.2361,-77.5452,-0.4076,-89.8320,-8.0949,74.3326,-59.0896,-11.4029,-36.8492,-99.7544,-40.4048,-49.4384,-81.4536,-37.7091
5.0330,5.7632,-7.0112,-31.0861,3.6971,-72.7784,-74.2193,-48.0446,-112.1376,46.2100,70.0292,7.4687,-42.1515,-54.0791,-143.8198,-70.3294,-20.8145,-60.3954,-81.0031
31.8513,8.8315,-8.5437,-56.3176,-1.8345,-102.8162,-86.0837,-25.5168,-87.1729,86.5618,76.7070,16.7107,-37.9207,-109.1919,-123.2251,-42.4511,-37.1374,-47.7293,-94.1529
34.8348,-35.4051,-20.3287,-89.1905,-27.9939,-114.3969,-69.9238,2.2072,-59.4742,7.8568,74.2849,-34.8001,-39.2067,-140.8257,-104.3746,-21.7124,-49.9294,-56.8315,-50.8826
23.4574,-61.5529,-26.2029,-88.6033,-26.3882,-95.8546,-34.7847,10.3002,-39.4299,-61.9465,64.2909,-94.5229,-50.8283,-126.0084,-143.1708,-16.3167,-33.6713,-53.4877,22.0829
3.4691,-87.0778,-21.4719,-86.1091,-1.8378,-97.8578,-20.8713,33.8124,18.2308,12.4318,87.0624,-132.5372,-27.7164,-120.0930,-151.5053,3.4200,-13.7889,-30.6882,84.7272
14.6734,-107.5501,9.3734,-93.6435,40.9512,-114.8204,-9.5600,58.2596,88.5523,83.4531,136.0751,-133.0436,22.4914,-141.4663,-64.6542,26.7257,9.6300,-16.8339,116.6558
50.6199,-83.9134,66.3838,-67.1949,87.0199,-81.7302,30.2398,53.2051,97.0053,-11.1027,164.6244,-106.3994,52.1360,-134.3349,25.9708,26.2186,56.8907,-9.1263,123.9807
51.0321,-36.4908,118.3306,-11.1178,115.5659,-9.0525,79.3462,42.1696,50.4962,-115.8397,154.2440,-93.8533,65.7440,-87.0566,33.7892,8.5778,101.4628,7.1398,131.9500
34.0129,-2.5669,136.7181,22.2877,148.4908,31.3943,120.3723,42.1817,30.6908,-53.2523,113.9586,-102.8066,92.8971,-56.2420,15.8938,-9.4231,119.6121,23.3418,153.7930
49.3765,26.5191,126.5875,32.7116,184.1433,34.7564,161.6317,30.0217,79.5558,45.7540,65.4517,-99.7150,111.7054,-56.6846,55.6205,-32.4283,149.4132,34.4244,170.0234
65.5735,46.4365,117.4585,46.7222,172.7589,38.3975,192.1746,3.9607,168.8548,46.3621,42.4295,-78.4281,89.5750,-52.6048,125.2173,-53.6315,198.5193,27.3405,155.9964
63.5721,27.7096,124.3693,43.0578,131.7729,29.7474,188.5936,-10.2954,257.0107,63.4004,52.6125,-57.8889,52.6432,-40.0146,147.0154,-41.1501,207.6376,-18.1285,117.8315
69.2101,-12.4956,130.8608,2.4518,120.1288,-9.1082,151.5096,-14.0579,307.0634,141.4270,66.0629,-39.5647,41.3328,-41.2114,116.8527,3.4663,176.1069,-59.9646,83.5774
48.5125,-32.9914,126.2667,-40.5390,115.0235,-43.2882,97.7809,-30.7922,273.8753,123.2217,62.2220,-30.2964,48.4889,-56.9458,86.2739,34.4988,164.1009,-41.3143,62.9600
-8.2187,-41.8987,118.6738,-55.1098,82.6286,-41.8157,46.9829,-56.3717,158.6087,-4.0313,44.0092,-44.9974,59.5577,-65.2774,69.5871,33.8898,163.2708,-11.2858,41.7551
-4.9035,-57.5271,99.9980,-47.2093,64.5467,-24.4565,20.7316,-61.1925,45.2260,-67.9224,20.6281,-51.6683,89.9477,-37.4287,53.8086,22.6518,134.9386,-39.9207,25.7952
74.2624,-54.8900,67.3129,-25.5193,79.7114,-22.7254,24.4181,-42.1010,-2.4720,-34.9938,10.3172,-6.7157,132.7869,19.1438,50.9398,6.3130,112.6131,-76.2379,49.1983
121.9796,-30.7381,52.5178,-8.0012,85.9644,-35.2445,40.7179,-27.2199,-12.2927,-7.9781,23.1296,43.0851,146.3085,38.3721,61.6024,-16.3358,124.0787,-51.3195,110.7421
117.9929,-38.4764,63.6078,-31.1420,72.5726,-41.5736,56.2586,-22.7106,-13.5491,-5.6706,42.1733,13.3047,127.9626,-9.2913,61.2059,-22.5781,115.8642,-12.9757,151.5553
118.8485,-87.3536,70.0395,-89.8698,70.2355,-51.6910,76.5243,-12.1089,5.7795,-0.4317,62.5744,-61.6645,121.5758,-53.7174,68.9454,-4.1214,48.5641,-29.0728,141.6418
104.2357,-111.2749,72.2087,-126.0158,90.9526,-91.2644,108.9777,-5.8038,31.1673,-7.5002,100.9886,-70.2494,142.1870,-45.0899,120.8425,8.3102,-31.3943,-70.0856,128.8731
44.7295,-92.1126,82.7573,-116.1655,108.5976,-124.5352,139.9543,-21.5856,41.7556,-21.7102,136.8716,-20.8184,164.2041,-36.3900,172.6629,-12.7897,-55.7303,-74.1364,148.4039
-10.2541,-83.3881,76.6354,-95.0598,89.0956,-95.0854,144.0518,-41.3863,64.3823,-17.1032,134.1547,-25.8681,169.5219,-71.3510,159.9819,-60.5062,-13.6278,-49.9465,159.9246
-6.4704,-86.7190,61.1263,-83.1504,57.1506,-50.1381,123.9232,-49.7189,104.5369,2.9129,121.7078,-92.3605,157.5495,-108.2931,108.1122,-101.4490,36.2981,-58.2471,122.6695
64.2275,-58.5336,93.0414,-74.6731,71.6823,-71.6549,105.9444,-59.2111,114.5857,28.4148,140.4452,-112.0806,133.2848,-99.2850,67.2904,-103.6287,38.2081,-115.4593,56.1945
158.8666,-24.2603,158.3988,-76.0960,102.2483,-120.1927,91.9688,-67.4732,84.7406,33.3150,151.0476,-53.5111,106.5915,-52.5084,34.7279,-72.7750,17.0562,-163.1931,1.8149
193.0925,-28.0671,179.5562,-84.1422,78.0314,-120.7798,64.8543,-66.9136,52.2775,-16.2472,106.0654,5.4416,80.9452,-13.1264,13.3860,-48.6344,23.8186,-157.4230,-21.0830
148.6946,-32.7148,151.6508,-74.2972,42.1512,-103.5632,29.7453,-80.0434,32.7511,-65.0062,45.0752,9.1007,55.3816,-25.6776,24.6391,-59.5826,44.8785,-132.0267,-24.5343
109.9902,-10.7911,133.7938,-55.8316,56.1853,-112.0786,3.6859,-109.1872,31.2286,-27.9785,29.3317,-42.2821,42.9763,-88.5788,44.7823,-100.5518,48.2433,-124.6357,-37.1126
113.2519,-22.5566,148.2893,-66.0731,59.2567,-120.1741,-3.3937,-114.3757,54.7919,35.4439,54.3308,-128.2983,50.1364,-145.5372,42.2126,-139.9409,47.6401,-110.6219,-50.1797
109.6193,-86.1045,172.0234,-93.3768,14.2822,-110.4637,23.5548,-89.0279,80.6565,17.2635,78.6048,-191.1750,58.4550,-153.8240,43.7235,-148.8219,61.5535,-64.1751,-16.5011
99.3370,-113.3628,172.3849,-87.6865,1.2065,-86.1268,76.8281,-72.1604,83.0021,-41.4927,83.8489,-174.1685,63.1326,-134.3757,79.1073,-148.4841,86.0114,-13.6577,48.5985
123.3352,-60.9408,140.3597,-40.8245,44.8320,-37.0136,98.7607,-81.1071,63.4236,-61.4429,87.3003,-115.3757,77.2422,-126.0411,118.5643,-178.1541,122.4338,8.3388,65.7053
155.6155,1.4592,110.9864,12.7721,73.9979,9.6441,57.9998,-107.9232,29.6914,-80.1652,104.0708,-97.4188,83.4404,-122.2964,119.3765,-205.3204,169.6719,15.6460,30.7536
144.3917,23.2273,108.4172,49.5208,67.4868,20.1185,6.8490,-145.7443,6.8705,-133.3317,100.9889,-108.4743,59.1732,-87.9990,88.2239,-175.4105,209.4995,31.3219,7.9853
105.7980,37.7469,105.0018,66.7109,61.0119,34.1535,-5.0734,-173.2861,25.2095,-167.8984,46.0365,-71.3031,37.8936,-27.2063,69.7889,-117.4099,230.7471,36.1017,-9.9631
92.3861,64.9056,91.1037,67.8296,67.6424,70.3068,-4.1027,-166.0554,47.8555,-161.2926,-8.8737,5.5320,57.0354,10.3990,87.5293,-69.2224,234.1557,1.6692,-65.1751
105.5687,63.9787,88.2519,54.1574,68.5552,64.6154,-27.6828,-131.3929,21.5065,-157.4787,-7.7445,29.5608,83.0669,2.1849,114.2796,-4.0274,220.8505,-48.3432,-115.0992
99.3705,13.7461,73.6224,20.7615,27.0298,13.1866,-58.8336,-96.4917,-16.8748,-162.4945,1.0348,-18.2695,67.4764,-21.4094,117.5608,58.8337,195.5363,-72.3049,-107.7684
67.2385,-41.6517,29.5246,-23.6821,-50.8219,-12.4073,-72.4132,-81.8451,-30.8794,-126.4655,-31.1804,-43.4009,21.2460,-32.7062,97.5245,45.4102,158.4994,-77.0730,-82.4359
50.6363,-52.2154,8.8701,-43.6717,-83.8835,-12.7482,-85.6625,-90.6609,-70.5876,-34.3088,-56.9188,10.7888,-17.3248,-28.3939,55.0866,-19.6847,106.2426,-84.5949,-84.8881
43.8573,-19.6423,21.2322,-23.3584,-53.2020,-25.5163,-111.4021,-105.5794,-137.6138,41.6105,-52.5997,72.6329,-28.2236,-12.7104,-11.5622,-50.9712,48.4256,-82.5467,-98.7685
-0.6711,16.2310,-2.6783,1.2426,-50.7162,-25.9612,-115.0866,-118.3203,-153.5601,8.1380,-61.9670,65.1978,-6.8773,-7.2922,-69.4625,-52.2780,-2.8438,-61.7859,-107.2566
-69.8647,20.4346,-56.5644,-2.4559,-91.3270,-8.1703,-80.1791,-145.2868,-123.3713,-121.2029,-71.8243,25.7242,29.5079,-28.2223,-83.3765,-57.4642,-47.6749,-38.9208,-114.9491
-117.9387,-10.7777,-65.1027,-24.1961,-101.1383,-19.2190,-57.5347,-177.9011,-116.1672,-225.0603,-48.9865,23.0084,38.0254,-48.8697,-58.6648,-47.9477,-91.4284,-30.1793,-115.6587
-137.1296,-52.6506,-53.9149,-52.4202,-111.1062,-57.2144,-73.0041,-179.4238,-117.1043,-230.5184,-54.0745,45.5677,-2.0985,-53.2858,-9.2168,-33.9885,-138.4914,-56.2029,-101.4911
-116.6108,-78.4088,-105.1670,-86.4550,-182.4706,-80.0226,-67.1352,-156.2170,-84.8981,-183.0432,-122.5604,54.4494,-49.1424,-64.8311,41.4403,-53.1729,-174.1629,-123.1032,-77.9113
-63.5957,-78.7649,-186.5964,-102.2285,-232.4234,-81.7918,-15.8727,-142.8553,-48.3262,-145.8210,-166.6286,65.8570,-48.3184,-63.9847,38.6579,-72.3901,-168.4867,-182.8549,-63.2454
-50.4982,-61.8997,-206.5720,-85.7258,-189.0687,-76.0454,7.7946,-125.7407,-28.8915,-128.7780,-137.0386,104.7762,-15.2007,-8.8429,-18.9356,-37.7099,-141.1880,-202.2285,-80.1217
-96.4942,-52.1551,-173.7399,-77.7809,-137.4527,-80.7699,-21.8728,-74.3229,-1.6861,-116.9583,-105.1153,138.9944,-16.9526,45.5037,-47.3757,31.3508,-145.6558,-220.5065,-111.6559
-137.5654,-68.1092,-174.2891,-102.1641,-145.7015,-113.1327,-28.4951,-6.6196,42.0578,-94.5104,-123.2297,124.4890,-63.5828,24.6570,-17.0276,81.4411,-151.0919,-246.0818,-99.0127
-176.6648,-89.1206,-239.6741,-109.6134,-163.6786,-139.0152,14.4795,43.0892,90.7449,-47.8962,-168.2657,74.9709,-96.4692,-17.2355,3.7590,89.2225,-96.7722,-220.5527,-36.7575
-235.8923,-91.5019,-304.9411,-78.9143,-155.0029,-116.8215,37.0071,69.5439,117.2330,15.3393,-209.1120,34.5718,-101.5774,-8.0337,-23.5704,74.0760,-50.0859,-149.3591,7.3502
-238.4641,-103.0445,-296.3990,-74.0649,-140.8922,-88.6970,9.9543,84.6641,76.5350,51.8820,-226.7059,13.1726,-122.3551,4.0183,-76.6160,74.2031,-94.9847,-105.8355,7.8768
-173.8315,-140.7061,-231.4911,-118.8024,-135.6216,-103.8031,-18.2229,94.2264,-13.4270,19.6656,-222.3960,-3.4854,-152.8503,-28.5524,-130.7514,76.5398,-156.7271,-100.0477,3.0448
-150.5422,-147.5282,-184.6930,-139.9891,-143.2148,-122.1839,-22.3366,84.7855,-66.3149,-45.3019,-222.1158,-11.3298,-150.2783,-56.1905,-152.3586,28.1460,-146.5141,-85.6408,1.5001
-158.6607,-93.1383,-167.4100,-99.6023,-147.8611,-97.3735,-17.9917,46.3412,-66.0250,-55.2331,-225.7492,-8.3300,-130.1022,-49.1223,-126.1525,-45.5473,-111.1410,-39.8971,-11.2859
-118.0545,-44.1555,-122.9151,-47.3644,-106.4270,-48.5773,-9.4510,8.0951,-72.3640,-19.3450,-213.2314,-15.4901,-124.4979,-43.0902,-103.2617,-69.2413,-98.5790,32.8876,-16.1447
-95.8855,-41.0782,-41.9051,-14.4286,-28.5268,-9.1527,-1.0021,-3.8486,-88.8695,-25.7823,-195.3444,-29.7029,-113.4479,-41.0352,-115.8567,-55.7675,-80.6403,92.1670,-3.5292
-128.5467,-34.6817,12.1315,10.1937,10.3653,3.1710,-10.9580,-10.8112,-88.6148,-48.4149,-174.0169,-24.9268,-85.3990,-17.0973,-124.2393,-54.0689,-58.4443,87.0032,-10.1040
-87.0041,-8.3254,7.7582,12.2863,-13.9863,-12.2340,-39.5929,-18.3633,-104.5396,-10.1668,-125.9450,-26.1758,-64.4099,1.4597,-119.4352,-46.3083,-63.2339,52.6790,-54.2406
36.7512,-14.5261,-12.7517,-19.3632,-50.1951,-23.4902,-74.2518,-1.4107,-153.4729,7.1971,-73.4476,-75.4407,-45.6883,-26.0852,-129.5817,-23.8391,-84.9777,60.2448,-97.9624
79.3010,-57.2619,-12.8239,-43.5245,-68.6002,-7.1105,-111.1173,13.8565,-181.0273,-68.8535,-53.8629,-126.8231,-11.9057,-68.4324,-128.5145,-18.0976,-102.7171,77.7008,-106.3958
19.8144,-70.0705,-7.3313,-24.3265,-70.3723,15.0723,-124.8327,-4.7019,-157.2385,-88.8714,-44.0050,-107.3949,20.3767,-62.1235,-95.9608,-16.3798,-109.7676,49.1934,-95.7694
-22.2206,-27.0912,-10.6909,18.1327,-36.9912,20.8236,-86.0107,-5.8950,-112.5047,37.8080,-23.8734,-51.0395,43.8669,-11.5835,-77.5398,1.0377,-103.0588,19.0238,-98.7185
-26.5691,11.8662,-7.2288,41.7215,22.0040,9.5024,-48.2770,38.0756,-76.5422,143.7480,-11.4041,-43.7952,66.3508,16.1891,-77.8708,12.5985,-103.1062,22.7959,-113.3233
-38.1046,-8.1295,3.2562,23.3736,40.1047,-17.0438,-89.6946,63.8336,-60.1329,135.5275,12.3436,-92.5225,67.4358,-6.2290,-44.2734,36.6680,-124.6180,14.5916,-120.6154
-52.4686,-45.0608,-7.0707,-15.8213,-4.5718,-39.4714,-153.0434,60.2038,-52.6539,131.7197,62.8222,-140.0261,41.9655,-30.3690,17.0489,97.3595,-140.3986,-14.9786,-128.8112
-67.0814,-27.9286,-50.0495,-24.3358,-57.3942,-36.7180,-122.1280,81.5740,-18.9858,161.4957,86.5873,-144.8757,22.0238,-13.9751,59.0608,124.6347,-140.8748,-30.4365,-142.1896
-101.4541,2.4079,-111.6420,-3.1229,-98.6816,-31.6765,-26.9670,107.1848,42.9347,148.6182,66.9114,-113.4173,5.7874,20.2277,77.1572,84.8335,-155.3714,-47.6437,-125.8271
-156.7498,-41.2025,-167.5291,-16.0009,-151.8219,-50.3456,29.3097,104.5205,87.1425,142.7908,54.2065,-96.0698,-21.6849,34.4817,86.3104,77.8301,-190.9021,-82.4666,-67.3925
-216.8912,-110.8876,-190.4140,-66.7779,-178.7005,-73.1144,60.8257,131.1539,106.8052,211.7495,43.1825,-120.3753,-23.3716,28.7896,107.1365,143.8139,-231.3333,-95.4564,-4.7298
-249.0461,-103.4410,-179.3746,-82.2177,-132.8023,-81.7945,114.7093,194.0651,136.3852,279.0521,10.7936,-138.5529,9.4629,19.2315,158.7965,183.9970,-251.0182,-79.7779,41.3861
-219.8597,-48.8759,-166.4201,-47.6549,-74.3311,-80.1204,135.7460,198.0745,154.6928,267.9660,18.7378,-117.5171,17.0644,13.6777,187.1480,148.5873,-198.8133,-74.6307,65.2657
-133.6235,-10.7218,-161.7994,-14.1642,-68.4833,-57.8590,85.2607,128.0939,113.2468,187.8690,95.7440,-101.4896,-8.1182,20.7861,120.7604,88.8525,-78.4934,-74.0594,35.1379
-28.0899,45.1804,-143.2164,9.7612,-73.6564,-18.8129,27.9112,65.9046,38.1172,74.1941,154.4127,-108.5914,-20.5666,36.7295,13.8373,45.4813,8.0094,-51.0708,-32.9862
38.8804,107.0602,-113.3559,29.4580,-59.6390,-5.5262,3.4484,44.5378,-11.1835,13.8467,138.3828,-110.7514,-37.9846,29.1449,-41.5398,30.7042,13.1497,-29.8937,-47.0616
21.3467,76.9281,-95.7264,5.5172,-73.0322,-31.6740,-17.6655,61.6196,-26.9430,68.3907,83.0633,-142.6117,-89.3253,-18.6071,-62.0329,32.8620,-4.1711,-31.5375,17.1091
-40.6174,-24.4711,-88.8895,-57.5802,-109.5770,-55.6726,-36.9614,118.8919,-17.4726,127.5383,18.6208,-236.0058,-130.6654,-67.1817,-70.0868,9.9373,-27.8673,-18.2572,75.6222
-63.6735,-72.7321,-83.4125,-84.2973,-98.8304,-53.6032,-31.1602,161.3107,19.5737,86.3429,-31.3202,-302.2344,-130.4982,-74.1126,-29.1827,-28.5332,-82.7328,37.0612,85.2028
-45.9393,-56.6434,-71.7538,-58.0363,-29.1691,-49.6394,-13.9073,142.2999,40.2592,39.4156,-27.0029,-277.6438,-108.5975,-53.9742,17.8453,-26.7070,-122.1944,97.6570,82.0593
-20.8385,-47.7116,-33.6514,-38.3278,49.0064,-57.5699,-1.0786,124.2812,-3.6178,56.1443,12.5554,-242.8334,-67.2552,-41.0975,-10.7930,-8.8945,-105.5513,129.4850,91.2840
15.9391,-48.9085,19.5639,-37.2933,97.9325,-48.4266,21.3455,156.2137,-54.2085,42.8110,23.9136,-251.9463,-19.3837,-42.2808,-56.6875,-33.7948,-81.8984,156.0474,113.2959
30.2770,-32.5749,37.9957,-16.5378,103.1536,-3.9227,48.4552,170.8609,-25.5867,-16.0667,13.3992,-249.2985,-13.3261,-52.7783,-32.4589,-73.8301,-88.2893,194.1875,137.1438
-3.1773,-4.3538,17.1339,21.9174,80.2330,39.5415,44.8613,116.0884,40.4594,-31.8360,39.1724,-213.6916,-37.5705,-56.3270,-2.5297,-98.4099,-95.6127,200.3864,129.8052
-0.5647,19.7852,-0.0263,47.6055,58.4931,49.2875,4.3932,34.3126,52.5368,-34.7606,93.0593,-176.6101,-38.0710,-23.0088,-37.1758,-129.2929,-74.7167,147.7638,92.5242
60.2472,16.9090,-3.0965,56.6932,26.0844,53.1251,-30.7888,-26.5127,34.2889,-81.0825,103.8003,-135.4495,-39.2961,29.0602,-69.2681,-132.1259,-20.3699,85.8414,79.5724
69.5740,-8.6579,-4.3483,54.3383,-26.3050,70.8128,-29.9255,-54.8119,57.3475,-86.8413,54.4265,-95.6554,-83.4576,38.4914,-42.0888,-63.2015,36.8650,53.6827,88.1801
35.7686,-1.5435,-2.9351,32.1385,-52.5080,60.4463,-18.4485,-64.1772,101.5353,-25.7389,18.4126,-80.4214,-119.8194,14.5638,5.0031,3.2862,34.3420,17.2498,46.1499
60.8849,34.5399,-13.8214,-8.3310,-44.9455,3.2653,-30.4992,-95.1225,109.5063,-28.1653,52.1892,-56.0425,-95.6620,23.2050,52.4200,0.9103,-22.4559,-46.5832,-42.8879
76.8827,20.8643,-37.6945,-42.0391,-53.2236,-52.1523,-49.5980,-147.5658,75.5887,-112.9962,112.4593,2.1104,-42.5834,47.1669,106.0031,-9.9106,-46.4947,-96.0203,-87.3154
2.4414,-28.2981,-20.9176,-43.8251,-48.5776,-71.6040,-42.1971,-147.7311,5.1814,-137.2219,130.4629,39.7902,4.5448,23.0590,115.9333,9.8664,-12.3055,-98.2640,-54.5329
-27.9815,-30.0583,49.5978,-23.0652,29.4464,-66.5454,-13.2558,-78.4229,-102.4000,-84.7637,103.7783,36.4885,44.9478,-17.4931,56.2784,13.2574,23.3721,-80.7119,-6.4799
70.7846,-13.9805,102.3229,-19.9422,102.7405,-52.1629,4.4574,-33.9442,-202.6805,-93.0153,66.5991,37.6598,59.9624,-11.9799,0.6113,-0.4411,40.0828,-83.8575,1.2981
157.6790,-36.3168,103.2562,-40.8125,71.6979,-41.4215,-9.2102,-63.1786,-231.0261,-176.7576,45.9974,42.3929,43.3540,9.4266,2.1252,3.5796,55.1568,-103.7670,-17.1744
140.5145,-35.2928,98.0142,-34.9070,20.1644,-36.9336,-29.8220,-99.5386,-187.8491,-197.8271,63.4282,29.2640,45.1877,0.1219,14.4988,-8.3051,59.2825,-98.9708,-9.8178
95.4134,21.4637,117.2927,16.4303,73.0648,-16.4013,-5.8245,-91.6441,-148.4523,-119.0011,109.4264,30.2446,98.8900,-15.5075,-3.5188,-69.9365,48.9786,-53.9076,41.7004
86.9388,55.7789,150.3353,55.3148,181.4440,22.7782,60.1212,-64.3413,-173.0741,-63.5031,144.5739,52.8654,166.7190,-13.2509,-24.6523,-131.5555,49.3554,-2.5677,96.7083
101.1621,56.3394,179.3249,50.7157,231.5306,50.9518,109.1537,-42.9255,-221.5141,-88.7786,152.4696,62.5683,205.0859,-9.6665,-17.2431,-136.1989,67.3507,31.8444,115.1771
99.1512,88.4430,179.8879,53.4401,221.6374,65.6119,131.7741,-25.8210,-208.0824,-105.1144,139.1828,76.7100,216.3854,-3.4456,18.7389,-94.7889,93.6229,55.4663,107.9907
69.8116,126.9778,149.1142,89.1253,201.6844,82.6074,147.3839,-18.3064,-146.2109,-84.5237,117.9284,115.7968,212.6901,19.9874,62.2428,-56.1523,130.8320,52.6633,96.9265
67.5372,108.0114,128.0757,102.8854,165.0323,85.5422,106.0997,-29.4313,-125.3901,-124.6007,130.9417,123.2539,188.3436,35.1052,72.4634,-49.2408,168.1628,15.3068,72.3681
120.2902,64.6330,133.2785,63.7502,98.0711,59.8272,-5.0112,-55.0142,-139.9446,-214.5466,191.6194,68.3102,143.9314,10.0806,35.1342,-57.8240,172.9846,-7.9733,25.6635
149.8613,52.8203,124.3657,19.5529,43.6544,21.6586,-72.1118,-83.6551,-110.9030,-212.7638,226.4997,13.0579,95.0140,-29.1739,1.1761,-58.0840,138.6887,0.8014,-17.0814
112.3618,57.8134,77.3406,6.5456,35.6327,-18.5681,-46.6891,-100.5866,-57.3109,-136.1034,192.6884,10.2442,57.3485,-33.0567,3.6730,-59.9875,100.3137,-14.0054,-21.1091
65.9671,46.6990,20.1641,-5.0223,39.6709,-54.7359,-23.0920,-91.6749,-62.4796,-139.8718,151.4079,44.1926,46.3611,-6.3207,-6.6169,-63.1360,80.6409,-59.0257,7.6441
35.9465,16.2903,-7.7754,-42.4075,26.1176,-71.5932,-39.1618,-60.9560,-128.4280,-189.4798,138.4050,70.1419,62.9377,8.0584,-66.6267,-36.2715,60.9270,-81.0327,24.4916
21.1608,-18.8926,5.1609,-78.3084,26.7550,-78.0046,-55.6270,-33.2587,-199.5715,-128.3436,123.9816,57.0613,71.2556,2.3401,-130.7005,2.0052,32.8132,-92.6135,14.4631
50.6596,-42.8612,28.5435,-82.1523,50.4748,-93.5979,-85.3151,-24.3480,-241.1718,-14.9038,105.1600,25.6337,38.7817,-8.6708,-156.5760,-10.8892,23.1175,-121.6218,18.8240
69.4094,-59.1774,22.7137,-71.4170,39.3578,-100.0122,-113.5483,-17.1750,-239.9433,-16.6441,75.7849,18.2413,-14.6487,-35.2521,-165.4911,-65.7868,35.3561,-104.3089,63.5189
0.1637,-77.8040,-3.8250,-67.8473,-22.9520,-70.7486,-71.1003,7.7557,-212.8145,-93.7160,5.8823,15.6506,-61.3799,-69.8698,-178.0822,-98.9821,38.4882,-11.0134,113.1108
-60.1740,-76.2356,-14.6341,-49.4742,-72.0455,-21.7450,-5.7332,28.4754,-176.1048,-93.5079,-60.6805,-18.2685,-109.3687,-69.6819,-175.1952,-106.0335,26.4926,57.8599,121.7521
-14.9055,-37.5935,-13.8771,-8.4208,-74.1827,6.0827,-12.1000,17.6889,-72.9299,7.4112,-69.9223,-47.2134,-150.4356,-46.4843,-143.3101,-116.2796,5.4339,39.0383,86.6517
16.3139,-9.2803,-29.1604,-1.1335,-63.0881,-10.8685,-34.4351,4.8708,134.0310,136.1748,-89.6459,-41.0222,-156.0701,-60.2644,-102.1435,-112.4665,-44.8810,-1.2485,44.2640
-59.0467,-40.2100,-57.6334,-53.4913,-64.4733,-48.5910,-12.2331,24.2715,334.2677,228.4515,-172.0326,-37.1088,-154.8746,-95.2539,-74.1517,-72.5755,-108.1104,-9.9402,31.4493
-129.5800,-90.8761,-86.5215,-88.5952,-78.9794,-53.9502,-22.6951,37.0692,411.3560,256.9679,-230.5645,-36.7636,-195.5687,-86.9654,-55.3107,-23.2426,-124.8668,-9.0888,32.8480
-125.3514,-88.9686,-116.0680,-53.5475,-106.9451,-23.4920,-85.2592,3.2438,404.7179,258.8920,-214.4825,-0.7469,-240.9181,-49.8096,-31.4210,5.8655,-110.4040,-4.6046,-5.0788
-117.7320,-44.1596,-133.0687,-15.4877,-128.4632,-4.7911,-102.5497,-32.3952,382.0743,263.7764,-188.5268,37.9860,-222.0013,-33.5666,-4.0331,24.0996,-131.1414,27.0472,-73.1076
-132.6972,-23.2336,-115.9249,-25.5337,-113.3140,-0.5820,-60.1695,-25.7938,321.4053,217.4182,-178.9921,31.3137,-155.8242,-25.3714,18.7142,46.3083,-163.6595,75.3982,-97.4971
-126.7802,-28.5426,-75.7624,-25.1020,-75.0068,23.2479,-31.0428,-10.3774,219.3603,124.8167,-159.6779,23.8105,-104.9905,-2.2138,29.1912,59.7459,-147.1370,99.4641,-67.8988
-94.0611,-4.2542,-49.7581,19.4038,-51.9967,51.5695,-35.2449,-8.4130,140.7536,113.1147,-143.3163,58.5462,-79.2431,18.7315,13.4674,59.8853,-113.2756,81.1256,-49.0610
-68.2536,43.5823,-43.1278,51.3386,-42.4028,56.1161,-53.0811,10.3201,112.4785,192.2363,-134.8440,88.7001,-50.6000,30.8317,-17.8345,80.2626,-113.2214,49.2091,-69.9785
-79.7300,65.2142,-18.0769,55.3411,-16.3177,60.7303,-68.1470,36.1095,101.2486,201.8744,-106.4307,81.0802,-15.3168,47.2951,-18.6883,123.9625,-119.0098,48.1922,-113.9944
-100.7052,79.2595,34.0371,80.0346,21.6178,86.8817,-62.6160,19.7656,95.3598,98.5053,-67.8577,79.8122,3.6524,65.7807,23.6133,125.2830,-103.6921,79.9661,-171.7314
-49.3329,111.3768,61.0774,111.2755,25.8927,110.5289,-49.2461,-29.1174,121.2045,7.2498,-43.7722,109.0738,-2.8483,81.6597,76.5713,68.0689,-99.7529,99.7144,-218.7003
58.3746,103.7302,35.0308,93.3201,-27.0545,108.6349,-43.3477,-57.6664,183.8779,-20.0431,-24.0576,118.9212,-9.8733,101.5928,135.8865,37.5635,-118.8228,80.5638,-214.6120
87.6275,42.5892,4.4472,51.6533,-89.3557,89.5795,-16.5925,-46.2252,238.5516,-28.7844,-10.6115,71.7418,4.9261,122.4145,198.2650,65.1103,-119.9779,48.8130,-167.3499
15.0076,22.5885,7.2799,46.4449,-87.6830,78.4331,27.7554,1.1688,250.1733,-6.6543,-22.6753,13.7121,26.3551,124.7118,207.1812,81.2139,-86.3894,43.2463,-121.1789
-40.1000,60.8367,9.5289,57.9999,-23.9131,79.6691,46.7780,68.6542,249.5371,91.3450,-45.6333,5.7492,37.5455,90.8816,158.1781,78.2258,-62.2884,58.5580,-91.5379
-49.2274,58.0382,-20.8959,32.6427,18.1256,55.0044,61.4925,106.4880,267.7746,223.4090,-52.3676,32.3610,49.2833,38.5950,139.1396,118.2358,-84.9225,45.5757,-71.4133
-71.3358,2.9548,-61.1162,-17.1997,-9.4671,-6.5922,101.1604,84.6841,273.9366,276.2765,-33.0966,51.2225,63.0123,22.4449,168.7975,181.7425,-115.5373,-12.8262,-62.4614
-74.6580,-12.7848,-75.8370,-36.4107,-53.1912,-38.9725,109.3321,49.4582,248.0570,204.3507,12.9562,67.6543,59.8796,51.0625,175.7791,204.3735,-88.8238,-56.2989,-64.9095
-13.4680,27.0268,-56.2229,-12.0091,-48.5609,-11.9151,65.4419,52.0139,220.8881,118.1480,56.7645,81.0719,38.6385,55.9298,156.9517,197.1945,-10.6980,-37.9597,-61.1389
45.9964,56.0088,-24.4022,8.3674,-12.1434,7.7277,49.4912,75.1491,203.5006,138.2037,58.3051,62.0901,17.5442,13.6016,157.2773,192.9657,56.2765,-6.1585,-27.8893
45.8965,40.4120,-10.1178,-15.4897,1.5982,-10.3103,85.4865,80.8926,190.3281,197.0166,37.9894,40.2624,9.4679,-4.3179,158.3237,185.2612,80.8994,-15.0872,23.0481
27.7928,4.0443,-10.0430,-48.6849,-17.9097,-15.5610,106.6168,67.7354,203.6899,182.6008,43.3866,70.5120,13.9107,36.0525,139.7237,173.4137,83.6762,-36.8152,45.9057
29.7621,-6.6336,-4.2780,-32.1669,-40.5442,3.5992,95.7829,55.5786,234.0709,171.8069,59.4546,108.6506,9.5450,78.9775,124.8529,158.4744,95.4526,-33.0668,41.0566
35.2435,23.0080,-6.2094,11.9538,-45.9705,15.7570,95.4726,57.5074,231.9165,248.8100,41.4013,89.1363,-25.6694,85.5341,114.2309,127.1161,124.2978,-12.2251,60.9854
28.5721,50.6538,-29.5682,20.9291,-38.4118,25.4094,112.7559,68.6039,204.6559,291.5122,-8.9697,62.2106,-68.6639,70.7471,110.1440,96.5269,147.1728,21.1095,91.3647
-3.0079,53.3655,-38.9858,9.6773,-24.7388,38.8384,115.9484,75.0498,185.5583,209.6791,-60.6677,88.1126,-73.1324,51.0674,138.8717,87.3104,138.1181,72.2427,63.5755
-76.2599,56.5956,-7.5868,25.2035,2.2899,38.9363,93.2007,84.1914,147.1795,121.6567,-96.3531,112.1576,-31.1295,35.1287,163.6174,75.2568,100.0559,121.7017,14.2208
-153.7135,47.6324,30.4133,38.1168,43.8496,35.7409,77.0143,112.3854,77.2659,110.7571,-119.3917,79.3379,28.5299,26.7583,129.2117,57.8102,48.3822,156.2879,33.9477
-154.9687,4.7349,34.0340,14.2832,67.4004,47.5615,95.2133,134.1749,29.5160,113.5987,-144.6617,42.7163,69.4662,18.9866,80.0881,66.0683,1.8734,186.3226,77.0402
-76.4861,-7.9550,5.4641,9.4639,51.3578,64.8361,111.0774,110.6478,22.1348,109.1479,-169.9823,66.2850,72.3722,19.4736,65.1252,75.8834,-10.0085,207.7370,46.5752
-20.6070,48.7385,-21.1652,63.4604,41.8212,82.9355,81.5324,69.8260,18.1561,137.1543,-172.2056,123.4898,65.1979,42.3145,42.6218,55.7782,2.8463,207.4806,-14.2442
-54.3458,87.2597,-16.9773,108.6275,78.6228,96.9960,41.1602,77.1448,3.1162,174.0358,-150.9901,147.2545,76.2732,67.7206,-3.4692,56.7338,-12.7713,189.3548,-19.4229
-119.9132,55.6722,-4.8634,91.7626,105.4934,87.0859,33.3674,129.1884,-26.6834,180.4909,-131.9963,123.1588,61.4224,73.8428,-31.7135,104.1461,-51.1736,163.5288,0.7771
-143.3118,32.6285,-30.5913,68.2732,62.1962,74.5995,30.2347,153.7350,-83.8802,166.8838,-121.6808,95.7634,-14.6040,79.5790,-48.9503,120.2887,-54.2403,149.3862,-14.1991
-138.3542,64.5419,-69.2757,92.7744,-4.7184,100.7082,-2.3974,117.8126,-140.6007,138.4730,-103.8951,95.3925,-85.3684,100.9254,-72.6973,69.3574,-34.0754,160.6284,-52.1674
-142.3180,86.4183,-56.3441,125.0552,-31.5384,130.7018,-59.1276,73.0343,-154.5796,86.2243,-67.3104,97.8910,-96.6584,118.9889,-68.1409,26.1310,-46.2924,156.7466,-89.1078
-138.8433,46.9057,-5.5381,108.7223,-32.7523,111.2637,-129.8066,68.0225,-144.8306,17.4578,-11.2739,79.2021,-89.5146,124.1639,-43.7112,37.2954,-74.3736,102.1909,-126.0565
-96.9370,-9.8408,28.8311,65.5866,-20.8394,79.1254,-188.9312,63.5802,-164.1965,-60.2950,50.2639,67.7031,-81.8538,136.6807,-69.3417,55.5816,-64.6652,60.9262,-150.0416
-31.0656,-5.1618,57.1044,57.8337,33.7410,86.5504,-202.9680,3.0972,-220.9018,-128.7076,85.5538,101.1480,-41.2378,166.0896,-148.6577,33.3887,-12.0292,88.6924,-145.2154
9.5233,61.6284,93.1743,91.2161,107.5544,108.6053,-185.5665,-68.2448,-259.3924,-145.0388,66.4839,156.1733,4.0245,184.8479,-203.5630,-11.1550,44.3485,109.9476,-120.2888
3.1593,97.7329,84.4048,107.6373,125.2095,106.8220,-163.4677,-67.0633,-225.3006,-94.2729,-2.7978,164.2833,-0.1591,161.1719,-187.7893,-30.5236,51.1340,62.9151,-89.7002
-8.3484,59.6942,11.7745,80.0412,77.0983,85.6498,-130.1444,-17.9638,-155.6267,-12.1404,-73.2714,107.0662,-36.4593,110.1247,-141.7454,-12.1252,3.6001,26.0430,-57.0267
13.1806,17.2545,-50.7365,52.4769,27.6458,61.1806,-95.5510,1.3498,-133.1382,49.5426,-87.0359,45.4692,-66.7337,73.9852,-130.0922,17.0780,-19.6444,59.7467,-21.3532
27.6440,7.7735,-47.0128,52.1626,10.4245,47.8217,-84.2084,-3.0315,-148.0146,44.5606,-52.2582,19.7726,-83.3636,54.3919,-141.8431,41.3886,19.2268,97.8978,13.8857
9.8617,-3.9715,-12.5928,48.8757,3.9090,58.1160,-75.0889,0.9593,-141.0852,-26.3915,-27.8576,4.0351,-77.6513,31.0314,-117.6301,57.8949,55.9240,91.1340,38.7458
42.2521,5.0231,9.7439,43.9610,8.1822,84.9050,-43.8412,-17.7939,-143.4562,-90.2883,-17.7889,-0.5472,-52.0791,20.8498,-85.8688,42.1493,74.5830,86.1100,44.2393
162.0692,73.1142,48.7601,82.8648,58.9248,113.4668,-15.9275,-68.4493,-200.1818,-98.1987,19.4280,38.5894,-28.6958,34.1098,-120.8847,-11.1247,127.3090,114.0120,23.1457
252.4759,137.2415,131.7789,147.0554,140.0370,138.6887,-19.6160,-101.4798,-254.2128,-96.6323,70.0766,79.7104,-6.1148,36.3002,-173.5660,-55.9598,182.6100,133.4838,-34.3053
241.4152,149.2584,197.9572,167.6232,171.0069,151.1997,-57.5583,-115.5832,-256.3080,-121.5219,94.2739,66.3927,18.0170,21.1867,-153.4573,-67.4258,183.4180,105.2810,-114.4098
212.9822,157.4720,184.0313,146.2378,131.9038,141.5470,-110.6983,-146.1288,-239.7438,-124.6799,105.2169,49.5776,20.4187,22.9314,-107.4863,-65.9830,173.6649,49.4769,-162.0780
212.8788,161.4301,136.2151,126.1162,96.8563,114.4413,-132.8395,-164.9737,-219.3160,-85.2174,122.1572,79.2743,10.4144,37.8020,-108.5458,-51.5102,176.3478,9.6762,-145.6382
186.3091,103.5556,123.6667,93.7640,95.6750,74.9788,-118.4153,-139.2037,-187.6919,-75.2848,130.6033,99.7171,20.7410,45.3807,-118.7765,-17.7795,134.8892,-9.2056,-109.6706
141.8011,21.1273,124.9698,37.2730,82.8767,32.3008,-128.1398,-103.9075,-179.3289,-132.9992,132.2408,82.5990,36.8809,61.7098,-108.5282,2.6346,68.8554,-25.3158,-98.8903
120.4643,-7.5900,103.7025,4.5588,59.3011,10.1073,-156.1877,-77.5350,-200.0374,-173.3452,129.1983,75.6856,35.1229,79.8043,-110.3139,-3.8752,48.2748,-28.4627,-87.4418
71.0672,0.3465,72.1940,7.9882,57.0105,8.6606,-118.3518,-39.5143,-196.2009,-118.8526,85.3874,69.6558,25.3212,57.9387,-109.6251,-6.0307,47.2717,-17.5792,-44.6776
-22.2450,-7.4661,25.7602,-1.1697,42.8292,-2.4468,-32.7365,-15.6615,-157.5471,-34.8263,-0.1028,22.1092,3.9234,12.1538,-73.3272,6.7903,23.1257,-28.8255,1.4710
-57.7578,-34.9021,-36.2478,-21.3248,-5.3216,-19.0263,-7.8473,-31.6852,-125.2002,-22.5594,-62.2623,-24.3979,-30.1667,0.0710,-39.7722,17.5834,2.8519,-48.7251,22.0788
-6.0258,-56.3956,-54.3890,-6.3884,-27.6856,-4.8417,-43.2721,-34.2979,-110.5489,-59.5082,-69.3055,-14.2216,-39.8313,19.8587,-50.4039,10.2001,-3.4827,-21.7761,35.9543
41.1108,-35.1146,-9.4826,25.8464,-6.0295,25.9798,-45.3624,5.4069,-106.7364,-73.7971,-52.2383,24.5285,-23.7669,24.3993,-84.0878,-36.7491,-8.8390,15.5971,50.8133
48.8939,24.9842,29.2476,24.2522,-10.3831,26.5628,-3.1221,23.4948,-116.9190,-79.0219,-31.7877,36.6216,-24.0300,-2.8673,-103.8460,-103.3033,0.9468,-7.1436,32.3532
50.0326,41.4553,32.4800,-0.2926,-60.5307,8.5999,12.0285,-9.6099,-124.3090,-102.8514,-8.3126,-0.0390,-30.9218,-39.5834,-87.6231,-113.3504,5.7200,-39.3827,-21.5760
37.6448,-15.9546,35.5919,-6.5437,-97.2181,14.2721,-23.1378,-31.6537,-108.1981,-98.4692,3.5126,-56.4559,-20.4849,-55.0641,-39.2383,-64.2227,-32.0453,-19.3623,-57.2445
6.7906,-46.5652,34.8669,11.2702,-95.2184,31.5131,-52.2754,-1.4651,-81.8568,-36.9428,-8.4598,-56.5643,-22.9528,-41.1694,2.7689,-47.9860,-68.7038,-5.3035,-51.0305
-16.7202,2.4168,8.5757,36.7480,-81.8875,28.6842,-32.5215,45.4905,-67.0539,26.7197,-33.1849,14.4551,-36.0535,-19.5434,16.8427,-78.4933,-58.2556,-26.6606,-35.2157
-38.7635,43.8317,-20.3729,52.7688,-77.3361,18.8271,0.9378,58.4210,-61.7301,45.2684,-48.4260,57.4703,-12.2602,-4.7576,27.5342,-81.8823,-41.6391,-23.7276,-21.1639
-60.7178,27.0788,-36.9636,44.1297,-77.4754,18.5745,14.1841,29.6355,-45.3099,46.4569,-39.0365,25.5133,23.5744,6.8340,55.5422,-54.8293,-45.8175,-10.1594,8.0208
-53.9815,3.8275,-52.0832,13.9250,-64.5997,9.2264,41.6060,0.4931,-5.4313,65.1280,-22.0167,5.3872,15.3469,8.2783,88.5634,-38.2576,-51.1114,-38.0040,33.3736
-47.2563,-8.0441,-59.5606,-16.1749,-36.3754,-14.7685,90.3948,3.0202,35.9695,55.2130,-34.9196,39.3472,-7.8704,-2.1415,90.1533,-17.8276,-68.4808,-49.9515,31.6696
-91.0968,-29.3645,-60.1051,-25.5767,-20.7006,-24.0883,109.6264,6.8689,50.3143,-46.0690,-71.5951,46.5537,1.1957,-8.9995,35.9791,6.0755,-93.8979,-0.2803,33.2904
-150.4342,-27.8322,-69.1031,-5.1530,-22.8668,-3.4131,109.8415,-18.5307,52.8144,-156.6217,-82.3748,-13.0521,25.6763,-22.5921,-17.1816,-5.8449,-77.4623,32.2976,58.1157
-170.7254,19.3342,-71.5558,29.9520,-10.8761,28.4206,130.9717,-40.8804,70.3146,-128.2232,-54.4645,-63.4455,37.9554,-55.0549,12.5063,-36.8329,-29.9807,4.8948,66.6470
-147.2583,55.1122,-50.7267,46.2098,6.8935,48.2888,127.0784,-37.8781,85.9342,-24.5677,-23.9334,-42.5165,28.2113,-62.7569,73.6135,-52.3319,-11.6474,-23.5494,43.7886
-78.3602,42.3479,-30.7783,37.5576,-7.7761,51.9950,83.5687,-36.0937,80.5537,-28.0757,-12.2853,6.2775,-0.6289,-20.0524,60.0870,-68.7004,-13.4986,-26.2856,42.4457
-1.6715,24.1745,-30.0489,29.3629,-28.4674,49.8577,93.3601,-28.1788,80.1846,-78.5504,-14.3749,10.6595,-9.5297,13.2227,21.6327,-67.0507,1.1882,-22.3067,90.5866
4.4181,27.9008,-34.9310,25.5690,-15.6833,41.8932,153.3759,17.8963,104.5832,-17.2959,-22.4518,-19.1548,18.6066,-1.3581,55.6064,-1.5078,22.6655,-16.4251,137.9690
-16.4737,27.0155,-34.2975,12.5145,-13.7233,15.8766,139.5660,68.1824,115.3434,33.5625,-20.6647,-17.2354,24.1768,-13.3769,100.4075,69.2425,57.2094,-26.1513,137.8873
48.7375,19.4481,-20.7737,3.1326,-56.5456,-11.9253,53.6806,75.6297,61.8414,-80.9545,-3.5335,25.9120,-21.7942,12.9894,68.6545,64.7600,122.2380,-52.7127,115.5552
137.2534,35.1240,4.7613,15.7317,-76.6214,-2.2414,13.2988,65.9456,-28.2316,-194.5965,-7.5864,70.2208,-55.8673,51.8673,7.2765,30.7324,162.6374,-39.8486,116.8304
115.8487,69.5627,12.7122,39.5553,-24.5524,36.6213,40.1637,62.5921,-58.0367,-164.9670,-58.0308,108.2008,-40.7304,85.4691,-23.6993,19.8910,122.1062,22.1697,134.1584
32.0120,91.4161,-5.7150,55.5002,41.7382,52.1814,80.2201,31.4645,-4.1709,-149.8385,-108.1836,135.2881,-11.7489,109.5511,-27.7812,-7.8055,53.4020,56.3494,133.0960
-13.9180,91.0548,-13.6391,53.1747,63.1235,29.0646,114.0938,-24.2494,45.3993,-208.6927,-107.3820,114.3968,11.0708,98.3975,0.0620,-47.3876,37.2055,31.9280,126.0483
-37.5477,73.2621,-4.3822,32.2287,54.1606,-4.6660,136.7659,-36.6751,54.6784,-162.9630,-82.6264,56.5181,32.5588,47.9766,44.4562,-36.5198,60.6043,-2.0481,150.6554
-47.6699,44.1647,-9.7155,14.0239,40.3705,-25.2827,145.7567,11.6024,73.9025,-33.0880,-77.8214,28.2698,35.9010,10.2089,45.4484,-7.8924,65.4350,-15.1743,195.4054
-12.5012,21.3462,-22.1015,14.6774,24.4694,-17.2463,146.1228,48.9104,83.4302,-53.2956,-77.9289,42.9419,11.4597,25.3478,4.4817,-29.8090,51.9607,-12.2754,215.3850
22.0224,9.8657,-8.9145,9.8746,16.1203,12.1784,121.2957,20.5453,35.5256,-205.6796,-64.0357,55.6131,-13.7529,55.1187,-18.0574,-63.8302,54.3543,-6.0666,193.1951
4.6073,-14.7946,23.2061,-20.4884,28.7640,16.2996,78.4580,-36.0279,8.6422,-233.8430,-58.2574,40.1413,-7.4376,35.6137,-9.6461,-57.3305,54.1990,-20.0437,144.5043
-15.4451,-62.0490,52.3183,-55.0572,58.7611,-25.6579,69.3489,-49.2671,71.5616,-76.7725,-56.9433,-7.6457,31.8135,-21.4389,18.8753,-41.2541,6.8339,-51.7282,103.2717
9.4428,-103.9495,78.1347,-81.8948,87.6373,-71.3784,89.7448,-6.4776,136.6400,85.3131,-20.7487,-66.9963,68.8913,-46.3025,73.1689,-33.4175,-56.5146,-68.1659,103.7496
48.9345,-114.8881,96.9591,-111.6612,95.2735,-90.2015,92.1508,47.0292,147.9441,143.2109,35.2908,-74.7882,73.7058,-23.0584,116.0383,-0.5962,-56.6865,-76.3541,132.3239
64.9119,-94.3281,92.9607,-126.7852,81.9347,-96.1950,91.9607,72.5654,180.3430,146.3418,52.2832,-8.8826,59.4662,0.3376,104.2037,47.4205,4.6350,-106.4061,131.1661
69.9331,-60.4472,64.2527,-105.9804,66.7210,-97.5575,105.2329,60.5876,249.2733,127.1653,35.8384,51.9168,44.3645,1.2412,81.7114,53.1922,58.8960,-134.3232,87.9084
111.4034,-43.6578,31.2324,-79.3095,41.4985,-92.1346,91.8043,24.5021,281.4424,58.1771,40.7864,37.5309,23.5903,-9.0464,105.9282,2.8795,83.6273,-122.7863,56.5026
181.5289,-54.4935,16.1407,-80.0933,-19.3330,-85.7280,65.3413,5.5542,263.5476,-5.1936,62.4956,-13.2613,12.9554,-28.5347,150.1070,-45.4627,89.9014,-88.4186,70.7093
182.0688,-65.4928,10.5970,-88.7382,-72.5898,-75.5996,88.0441,33.8598,223.3124,52.4269,53.0045,-25.6043,37.2958,-45.0036,170.7572,-32.1819,66.0066,-63.1549,111.9126
87.2271,-62.4332,-8.6695,-82.0465,-39.1677,-64.5540,144.2169,78.1709,163.5519,195.1884,18.3748,-2.2651,74.3892,-41.2690,166.2779,18.7002,21.9472,-57.0112,152.6852
25.1828,-66.0718,-22.7963,-75.6539,48.2589,-70.2505,172.7303,95.8348,103.3171,266.3694,9.3430,-6.8435,96.6288,-42.6544,135.0706,34.4468,4.2774,-65.9406,170.0272
63.3149,-73.1541,4.4404,-75.8169,82.7272,-78.4651,148.7315,99.3751,60.8603,244.3075,39.9385,-50.0400,113.5645,-69.6280,80.3088,18.5134,21.6992,-60.2835,142.9356
106.4088,-51.8294,54.2288,-53.4377,67.2959,-54.8430,75.5897,110.2205,22.1961,222.0435,75.2783,-64.2219,119.6728,-78.7348,36.5758,25.7099,42.6167,-12.4484,83.6933
97.2733,-7.9618,85.4358,-5.6169,81.5772,-10.0285,15.1367,109.5304,-0.6883,184.0127,86.5468,-19.3284,102.1667,-39.8765,22.3533,32.0104,61.9195,42.0382,43.7595
88.4720,22.1347,99.0588,15.9217,108.8202,22.0327,44.6725,82.9370,5.6458,63.9705,83.0022,27.9405,93.5275,3.3328,21.2192,-6.9896,90.0728,49.9624,48.5641
106.4038,31.3118,106.3505,-10.2844,88.6495,33.8122,96.6359,49.5871,-7.2996,-69.7574,86.3577,36.5237,112.5594,10.7488,26.1154,-41.5162,112.5279,33.8953,56.3278
124.7879,31.9100,104.6447,-25.5093,60.3689,30.1593,52.0279,32.4440,-53.8208,-97.4730,93.3273,22.4734,126.2704,-6.0824,37.6035,-31.3611,112.4220,52.8699,28.3178
114.2158,24.9483,106.9807,4.9862,77.2422,23.1860,-18.8231,41.1948,-63.4420,-18.5400,84.0008,1.1713,123.8020,-26.1536,49.6470,-24.3500,91.1642,94.7602,0.5148
65.6619,19.3748,110.2982,24.9013,91.9219,27.1173,12.9164,62.0858,-17.4724,63.2471,59.3485,-6.4443,116.8730,-34.0060,76.3898,-32.8416,58.0807,93.4037,17.8476
26.6000,31.9969,77.8854,3.3322,62.5827,20.8932,88.8524,56.3145,15.9457,57.1052,39.5043,24.3034,89.2778,-21.7151,118.5266,-20.7973,31.5456,43.3824,46.3660
29.8670,51.5853,26.0526,-2.6181,38.8755,-11.6070,104.5598,9.8864,7.1766,-14.7361,30.6033,57.7456,46.5260,-11.6190,115.9140,-18.8804,27.6804,11.8705,37.3817
8.9573,52.4194,24.1767,27.7013,54.3793,-24.3374,90.3909,-41.6876,-7.3217,-42.5590,24.4512,52.2849,27.1035,-23.8232,44.6743,-62.6536,31.8457,19.3864,7.9951
-53.8627,38.4398,69.2890,37.8619,61.3327,5.3582,82.3945,-75.3522,0.7380,-7.6473,17.1181,47.9306,24.0408,-31.7006,-9.7978,-101.8691,16.9837,7.9674,-26.5531
-46.2950,31.8540,84.2523,16.9717,24.9291,23.6731,43.9721,-108.8937,23.4273,-16.2104,5.6537,72.8555,13.4086,-6.5367,8.4433,-98.5978,-12.1515,-35.6824,-92.2486
49.0056,34.9689,46.3247,12.1651,-16.5322,13.9852,-19.5162,-141.1273,31.2060,-83.3117,-12.2688,80.6543,14.0548,31.6721,43.6155,-74.0868,-37.3279,-49.3189,-168.4185
94.8892,35.8092,9.3444,26.3245,-22.4786,20.8144,-58.9713,-132.9310,4.8139,-95.2559,-28.4400,61.1934,21.0618,50.5315,59.5669,-36.3546,-64.1932,-19.5740,-188.5140
40.5148,33.3126,6.2669,31.6163,-13.7074,40.1388,-69.1689,-72.4266,-40.5283,-41.8888,-37.1661,47.4473,-2.8286,50.6724,74.3345,-3.8619,-90.7617,5.4289,-152.2069
-37.0495,36.2677,8.8215,35.2945,-27.4764,40.5235,-68.7403,-9.6830,-79.2281,-37.8961,-47.9751,27.7541,-37.7055,50.9823,55.5590,-21.0758,-85.4482,19.6194,-124.9698
-86.2795,49.6945,-12.8689,49.3920,-51.2557,43.8728,-60.4999,1.7004,-89.0494,-97.9279,-59.7258,4.5659,-44.2159,54.2458,-18.1997,-64.1888,-48.9449,33.2418,-136.5745
-100.1238,63.0679,-38.3850,58.1993,-54.7785,63.7441,-47.0805,-23.5758,-52.2373,-120.9088,-49.7135,13.6543,-42.2744,42.0713,-62.2105,-68.9291,-38.7296,12.5299,-156.8405
-101.4262,48.8836,-41.0613,44.5066,-62.4281,60.9639,-37.2586,-28.8286,-3.9427,-82.2813,-17.5568,11.4137,-56.9304,7.9384,-27.8794,-46.0380,-79.8360,-42.0500,-146.8566
-129.0006,-1.6461,-54.1309,7.3274,-118.8288,22.9815,-40.0857,-4.9844,-6.3398,-57.4587,-0.7972,-50.6503,-84.6365,-20.8206,6.7308,-33.0715,-120.3380,-74.7259,-103.2814
-149.5564,-48.0294,-111.8622,-31.3609,-198.5674,-16.3017,-55.2487,10.5303,-36.3456,-69.0945,-22.3135,-87.6004,-129.2848,-23.5444,-2.4646,-19.7244,-124.6864,-83.1253,-65.6497
-122.2471,-49.7866,-166.7341,-39.9752,-231.1711,-37.5847,-64.3624,14.4508,-26.7645,-52.8827,-61.2579,-39.7263,-172.7471,-19.7967,-10.0496,-0.5236,-125.7908,-107.1588,-62.2560
-120.7478,-26.0809,-175.9552,-27.5872,-204.3843,-46.0444,-62.0543,29.8146,4.9592,8.9219,-89.6332,-5.4802,-177.2423,-27.8545,-7.6081,14.4607,-143.6383,-128.6694,-67.5844
-179.4658,-16.3588,-188.1100,-31.3811,-173.6858,-50.0362,-72.6133,41.1695,10.2802,45.1856,-105.1050,-44.1038,-165.1297,-37.9573,-18.4782,29.6292,-146.5286,-112.3644,-56.0497
-197.7090,-21.4638,-230.7719,-43.4293,-169.2297,-51.8266,-95.9879,28.2692,1.1016,38.4712,-116.3612,-78.9504,-175.5133,-47.9540,-23.0280,27.1460,-123.9113,-76.5232,-45.1064
-162.9372,-30.6267,-235.1288,-36.4911,-155.3715,-42.8860,-98.5278,14.7997,-12.0511,57.3493,-114.8302,-78.9825,-174.0764,-63.6961,-12.5218,-3.7962,-113.0855,-42.9097,-52.1207
-168.6468,-51.1852,-171.3191,-32.7606,-111.5296,-25.2719,-86.2470,12.5968,-40.2164,80.6751,-82.5504,-96.2530,-129.8815,-66.3957,-13.6316,-6.8506,-129.1927,-8.8350,-69.3021
-179.0434,-74.9224,-115.5819,-46.7870,-84.4007,-14.3640,-102.7101,-5.4294,-55.5546,11.1061,-37.7438,-129.6488,-82.2153,-43.4563,-25.5565,43.8260,-139.4532,16.8421,-85.1923
-118.4597,-70.4949,-111.1584,-32.7506,-94.6350,-0.1746,-145.4339,-36.5368,-40.5590,-87.6547,-36.5655,-134.4512,-58.0600,-24.4840,-32.8640,82.4683,-129.1572,31.1490,-90.7166
-71.0053,-30.9095,-109.4721,20.5660,-79.6511,28.9387,-158.2262,-42.2387,-29.9225,-60.9483,-88.7344,-107.9937,-44.1044,-34.6893,-33.8608,81.8727,-130.0695,52.7857,-83.8297
-113.2024,8.3306,-86.1882,41.6718,-17.7620,37.5994,-110.2389,-19.7564,-29.3953,37.2117,-127.1927,-77.4152,-39.3564,-59.7055,-12.8700,85.1444,-156.8546,78.4618,-76.0774
-163.9979,10.0256,-78.7453,-3.3127,13.1725,5.7555,-46.3173,1.1228,-13.8057,49.2808,-113.3445,-67.2277,-41.4363,-82.9515,23.0649,93.0983,-168.9531,86.8785,-69.9725
-139.2092,-16.9114,-95.7115,-45.5746,-13.2002,-21.2637,-35.0705,12.7398,-3.4872,24.8175,-87.1968,-84.2305,-38.9350,-100.4264,17.8685,85.4869,-130.0770,83.5694,-56.9312
-56.5816,-28.9580,-96.6773,-28.3724,-26.3381,-15.8512,-71.7944,19.4173,-25.5158,80.9624,-77.5209,-104.5466,-46.6073,-101.0528,-37.5950,83.0688,-62.6960,80.7075,-48.2045
15.2738,-11.6382,-69.3246,9.8365,-12.7280,0.5487,-92.3078,7.9911,-57.6580,121.9702,-70.3244,-108.1804,-66.3962,-84.8062,-82.3133,80.1075,-10.8477,70.2777,-63.3058
22.0082,10.5563,-49.3369,20.7649,-25.5418,26.3915,-82.7932,-28.1007,-79.4757,20.6423,-64.8125,-102.9870,-56.4737,-73.0277,-89.8249,43.6575,5.4628,55.1142,-103.0827
-4.0237,26.9599,-55.8353,20.7520,-52.9832,60.8938,-82.5625,-65.0366,-99.3585,-117.2213,-56.1315,-88.1751,-10.1837,-67.7406,-84.1795,-0.7185,-11.8842,49.8526,-151.6187
8.5473,34.3440,-62.6599,26.5455,-49.0847,61.3189,-96.2342,-71.5772,-115.6527,-126.6550,-19.2141,-60.1808,21.4894,-50.7829,-81.6387,-12.5548,-34.5085,43.2271,-168.3920
22.5600,9.3470,-39.9577,16.0793,-23.8931,20.6607,-108.1130,-42.1191,-115.7692,-37.3132,19.4090,-47.9002,18.2915,-33.6209,-87.0046,-6.2825,-23.7929,18.6022,-120.3998
-20.8803,-32.9030,7.2939,-4.0771,5.5986,-5.0144,-127.4904,-2.6475,-96.6819,20.6300,10.3547,-68.0707,9.9240,-44.4813,-83.8697,-0.9036,9.9907,-6.2347,-51.8641
-30.5663,-36.4145,46.2750,-5.0470,39.4819,-2.9084,-139.1446,14.9554,-63.6055,15.5301,-8.4294,-92.6401,11.8030,-76.5253,-39.4818,4.2987,24.5564,-12.8311,-27.5058
69.1374,-18.5083,56.0631,-13.2889,43.3116,-17.6609,-108.4308,8.0337,-33.1828,2.0139,15.5546,-105.8866,7.6468,-104.3132,22.0242,1.3088,30.8399,-18.4575,-18.0984
160.1768,-44.0977,50.9827,-54.4456,-1.1501,-48.3139,-62.7806,0.3972,-28.1537,1.6073,35.8606,-118.4020,-15.0833,-118.3806,37.2872,-6.9383,70.4282,-34.3342,33.3494
140.7063,-79.1348,51.9713,-76.5168,-37.5871,-52.9513,-53.2039,-0.8228,-53.1870,-12.5594,15.9242,-119.3762,-41.4459,-112.0458,6.9449,-14.5695,123.9153,-42.8334,95.0302
92.9023,-48.9101,54.8712,-51.3006,-19.6889,-39.2805,-63.7288,-9.7191,-72.2359,-31.5747,8.3947,-91.4923,-44.4348,-84.4038,-23.7113,-38.3335,140.0964,-49.3141,120.3887
94.6468,8.3863,49.7121,-34.8169,28.6829,-48.5573,-45.2694,-10.6747,-20.6641,10.9655,23.1873,-53.4594,-18.8469,-59.7473,-27.8510,-56.9354,117.8715,-80.3350,137.2907
86.1429,15.1992,38.9972,-48.9369,64.9921,-78.4307,15.6538,31.4715,100.9947,128.8750,5.5018,-34.0649,20.9432,-52.1970,14.0085,-13.1902,90.9683,-120.5699,173.2921
19.2776,-14.0343,16.6908,-58.6775,63.7326,-98.9444,84.7749,85.4240,175.2868,213.2558,-20.0398,-22.2567,65.9466,-35.2328,76.7374,68.7904,85.9343,-144.8688,198.7101
-34.2524,-30.7614,-18.3050,-69.0916,32.2302,-111.6774,95.1886,69.4463,125.4125,161.1807,16.7636,25.5192,103.1994,11.6866,84.4862,107.8950,108.4517,-178.4685,182.9711
-8.0666,-32.4811,-32.0297,-93.1107,17.4520,-129.7752,28.9547,-15.2163,49.3928,28.5052,83.9562,116.4386,113.5528,65.5026,45.3226,98.4029,126.9747,-224.5692,141.9054
39.6165,-40.2404,-8.1507,-103.5769,39.4651,-138.0366,-20.6424,-76.8584,59.2755,-43.7488,105.9595,179.5752,103.5201,89.8479,43.4497,80.4419,107.9785,-225.4777,123.0889
29.7954,-71.5904,16.7976,-111.6010,56.0421,-130.7395,17.5304,-79.4914,116.1668,-14.9335,99.7105,150.3285,95.7549,72.1525,65.1612,57.1406,75.3499,-181.1180,138.2066
8.7504,-111.4584,30.9409,-145.4269,46.3783,-132.7757,70.4049,-75.1753,141.6693,32.9302,129.3622,75.3998,97.2600,37.5669,50.4606,32.0228,71.3431,-155.1862,124.3965
64.0477,-101.2512,69.4444,-149.7733,45.7357,-132.4291,63.9623,-92.6036,133.3607,18.5067,191.1915,45.1075,107.5348,28.9486,40.2320,16.5677,91.7687,-131.2912,49.8732
157.6237,-30.0062,126.5191,-80.9956,70.6917,-82.3003,47.9072,-108.8210,117.3443,-61.1837,218.7155,63.9152,114.2972,49.0198,61.0280,-8.5679,114.4463,-56.1516,7.2039
180.1479,17.8334,154.0966,-15.3952,100.4990,-7.1044,75.7912,-105.1879,121.0389,-136.6776,181.4782,79.9813,95.4467,57.4751,47.9955,-37.8603,122.8464,20.1890,76.1510
114.6531,-13.2717,149.5011,-16.4630,121.9272,10.0532,126.6464,-72.6675,157.4758,-128.1960,133.3690,72.1761,75.8392,42.7338,4.0121,-24.3152,87.8844,38.9476,181.3849
41.2236,-67.8154,148.7323,-38.1171,136.2963,-29.8273,180.9869,-14.7234,183.2579,-49.7822,132.6286,38.3819,108.0187,25.7917,-3.8946,19.2293,16.0786,41.5874,217.7422
15.3488,-82.1882,165.7721,-41.9328,152.5885,-51.0406,229.6101,29.4966,170.7503,-11.2713,158.5525,-23.2954,171.8071,2.0577,11.8816,28.3501,-27.6462,50.2343,197.2692
3.9937,-74.6245,192.9328,-53.1087,172.1105,-44.3354,243.1153,35.7010,172.3827,-54.9192,167.0860,-90.9339,205.2344,-32.5181,33.0388,3.7525,-20.1289,21.6593,171.5244
-29.8032,-88.0866,205.1157,-77.6799,167.7854,-56.8536,224.2155,41.2446,217.0274,-81.5577,159.4793,-134.9099,207.2954,-45.9230,98.5080,-2.6329,-10.5161,-35.3620,137.8246
-35.6737,-113.6740,169.8826,-88.8894,129.6878,-82.0089,206.3004,73.5786,270.7039,-4.1484,139.0269,-145.2542,203.1815,-36.9489,177.3261,19.3260,-19.7397,-79.8606,84.6837
17.1837,-111.5040,105.9916,-80.6369,99.6004,-84.6611,187.0746,100.3664,323.1320,134.2986,101.5246,-121.4967,193.4510,-46.6470,200.7726,36.4392,-16.1201,-114.7866,34.8280
48.9929,-71.8278,76.5184,-63.1631,98.6423,-73.4287,161.4680,96.5353,349.5155,232.7883,85.9624,-76.2261,192.0235,-64.7806,196.9671,15.3295,19.5708,-118.1138,11.6837
44.5259,-12.1189,101.2586,-30.1280,101.2832,-56.9462,153.8788,74.9114,270.5710,224.7321,115.5670,-36.6605,202.4298,-44.3944,192.9872,-43.3739,80.9727,-49.4633,7.1512
102.2531,55.8237,144.1479,30.9372,108.2260,-9.1801,147.6630,41.4021,104.4027,114.2731,135.4735,-12.5357,189.5026,-2.6572,153.5759,-86.7380,145.2642,35.7731,-1.7916
171.8487,102.7161,173.5674,96.3549,126.1904,60.4263,101.4953,1.8251,-9.8319,-13.3184,113.5552,-1.9844,160.7093,9.9676,120.8723,-74.0030,171.7541,61.2968,-20.5345
97.7129,88.3212,179.4264,115.1977,111.7407,94.7821,49.6574,-15.3430,-27.7617,-74.8758,95.8456,-14.1976,161.4382,0.1925,152.3230,-43.0285,149.1782,61.8847,-35.9073
-28.9690,45.9580,162.3248,89.0664,61.9142,85.3891,50.3717,-5.2382,-35.2563,-86.7568,99.9008,-31.4126,174.2967,6.9556,161.4713,-35.0649,116.1622,87.6247,-39.8017
-7.2601,52.1138,135.2036,76.0957,54.2600,83.2381,73.7930,-0.6293,-64.6439,-97.7136,91.2807,-10.5589,167.3873,39.3769,92.6161,-22.5728,93.8506,104.1263,-36.0196
87.1110,88.0076,111.9776,86.9987,102.8397,96.0354,63.7780,-4.3681,-66.3752,-90.6238,76.8006,33.2913,170.1875,77.9728,61.0441,12.5999,68.1647,82.5100,-30.3334
83.9309,78.7208,101.6381,81.4555,126.3026,79.2862,35.7442,20.6206,-27.7838,-41.1599,91.6868,37.9663,188.0800,96.7690,105.5844,35.3995,43.2753,52.9419,-20.6399
35.0851,39.0029,109.6784,64.1773,95.1947,37.0469,27.2535,75.9474,14.1674,18.7702,125.0689,0.3349,177.4416,86.5640,103.4596,36.1889,33.5101,43.5741,12.5709
32.9958,23.2706,116.0388,60.0711,57.3854,24.6595,41.5298,114.2585,50.4504,57.6943,142.3680,-31.1493,141.9711,63.5376,49.2027,40.2818,25.3704,56.7516,78.0792
31.7184,12.4932,91.7615,45.1996,34.3723,46.6003,71.3682,112.0394,111.7915,80.5394,125.1725,-45.6151,109.4142,34.3525,70.8728,45.5563,2.0291,76.2010,129.2938
1.1162,-22.6313,53.2961,8.0386,11.3725,49.5789,93.5203,97.6659,195.2700,96.8602,68.9670,-59.8000,69.4891,-6.6486,150.7739,49.6872,-25.4567,74.4881,116.5339
-12.6451,-50.9085,37.1216,-14.4897,-10.2312,17.6396,68.9533,99.6715,237.3098,110.9972,3.8230,-66.0254,29.8125,-30.5201,157.9390,82.5974,-37.8074,55.1245,67.1285
12.9609,-41.7362,40.2052,-12.5722,-14.9105,-8.7320,18.9366,111.8431,212.2417,123.6086,-11.0695,-51.8952,18.4798,-4.6622,99.0888,135.6126,-35.2064,47.8428,30.8851
57.1153,-9.2564,44.9605,-6.4737,3.7179,-5.8069,21.2929,116.0484,184.5624,123.7938,40.5525,-24.8172,21.8280,35.3626,75.9461,146.7300,-29.3567,50.2011,5.9548
74.0084,18.7719,54.8347,9.1592,30.6191,6.3622,75.0793,104.2566,190.6831,102.7308,108.0220,4.2079,24.7773,37.4963,93.2404,102.7352,-13.6140,48.8749,-15.4509
46.0945,36.9364,67.3387,38.8560,44.4742,12.2632,89.7004,76.6486,185.5025,69.7080,137.1439,26.0612,39.3388,19.2537,89.9328,60.8331,28.2331,64.8225,-13.7930
37.8078,64.5780,68.0759,64.9360,58.4924,25.2498,50.5706,48.4819,156.3391,50.7628,118.9105,29.0746,52.0992,18.6556,60.2894,55.9566,68.8978,101.3420,13.1108
70.2890,96.1976,60.6498,83.7395,89.0221,52.3175,36.2666,48.0708,133.8507,61.2645,77.4015,14.4807,49.3148,26.4136,34.2090,71.6452,62.2800,113.0244,41.6631
56.4686,91.7977,56.2837,98.1311,91.8836,76.2647,49.1406,78.4495,98.0303,62.3600,38.3938,10.0485,49.8830,31.5539,12.0572,91.1131,36.8760,78.4018,47.5190
1.3791,62.6816,48.4294,97.0351,34.2204,83.3273,16.0946,105.1001,28.9359,10.6300,13.9253,44.6896,40.2572,50.9661,-24.1636,113.6699,49.8534,33.3397,18.1125
15.1915,62.6846,21.2633,79.4982,-25.5895,71.5014,-47.5652,106.7473,-23.9077,-36.1843,8.5873,97.6837,-8.1142,75.2558,-70.3742,138.0005,70.6074,10.2363,-20.2812
68.5898,73.2923,-26.4616,56.5647,-44.4867,40.6160,-68.5999,96.2014,-38.5058,-4.3086,21.7120,108.4350,-59.4850,71.8724,-95.8158,156.1452,53.3171,0.2850,-31.0048
51.7276,54.9377,-64.4511,39.9949,-67.2792,13.2088,-69.6840,75.6417,-66.7926,36.3594,35.4560,73.1335,-83.9683,54.6266,-87.4151,152.6270,41.7675,-12.7300,-41.1836
7.1636,57.7317,-63.7562,50.8584,-103.6268,26.4978,-111.4888,37.6703,-123.9626,-1.9032,28.5152,66.3563,-116.3464,66.3932,-84.6830,126.7104,65.3075,-15.2545,-84.9618
20.7267,106.3191,-50.8539,85.5329,-102.1804,68.2987,-163.2075,14.9628,-164.2240,-47.4372,3.5264,109.4025,-159.0795,97.5136,-124.8154,114.3459,65.9202,12.2388,-120.0136
51.9298,115.6097,-64.5701,95.3677,-87.8829,88.8264,-179.0429,42.7012,-176.3750,-25.2822,-26.7919,122.3250,-171.5318,101.5544,-174.3474,136.7985,19.7640,52.5981,-117.2242
38.3067,56.6944,-85.6845,64.0424,-122.1641,85.8198,-178.7023,85.6517,-185.4082,5.8710,-63.0726,66.8530,-161.3073,76.4582,-180.5363,153.0076,-32.7490,83.2103,-112.6881
-30.0895,11.9283,-91.8536,40.2185,-151.6367,88.9340,-162.6295,98.8083,-183.4077,20.0530,-107.5787,3.4541,-152.9865,57.6610,-151.8889,130.2499,-90.8627,116.9180,-103.6186
-139.4142,14.2908,-112.1238,53.3541,-102.5437,91.3653,-105.7114,114.3318,-156.1123,69.5208,-150.5877,-26.2343,-137.8388,58.4279,-126.1134,103.3074,-161.8879,146.3585,-62.6590
-214.1869,22.7807,-152.0197,75.7260,-40.4353,81.5217,-58.0333,163.1440,-144.9571,126.2035,-174.2874,-32.1767,-124.7334,71.5202,-119.5164,99.5061,-197.6547,121.7751,-38.8955
-193.9432,24.1528,-169.5824,74.4087,-55.0416,73.4294,-82.0163,190.7238,-189.3945,130.8798,-165.0068,-6.6003,-132.8318,88.7215,-141.9103,92.7099,-187.7135,51.5125,-71.6930
-166.1168,31.8551,-162.8544,52.6488,-105.3167,63.4077,-124.1465,155.1637,-240.2975,114.2724,-136.8572,47.3579,-143.3488,92.5045,-184.3118,73.8396,-185.4549,16.6150,-101.0765
-211.5146,51.3152,-161.9777,48.4607,-116.2291,45.7544,-111.8897,103.5241,-240.0400,92.8177,-126.1211,73.0276,-146.5160,78.0534,-209.6894,66.3384,-191.2855,42.9523,-83.2268
-233.2177,73.5129,-159.4065,78.5660,-100.4002,47.0691,-93.2860,75.5639,-230.9396,31.8893,-134.8761,38.8268,-161.2293,70.4767,-221.0220,66.0820,-164.7569,77.0368,-49.8380
-153.9494,64.9904,-149.1869,92.0805,-93.7378,64.3248,-127.5795,55.2340,-253.1318,-22.1236,-124.9910,-17.4927,-177.2162,70.8725,-249.1140,53.6254,-131.2176,88.0956,-25.2877
-79.4147,26.4393,-155.6111,55.6281,-90.6375,55.7269,-156.3248,42.4373,-248.9891,0.2384,-92.3861,-54.5715,-172.9603,43.1047,-254.0819,30.4124,-127.6907,87.7707,-17.4867
-89.5111,23.2280,-171.2832,29.3776,-86.8196,30.2766,-124.3431,45.8996,-200.5915,43.9612,-73.1733,-58.8292,-161.1728,-7.3629,-195.8561,-4.1515,-113.9855,79.0572,-33.4796
-103.9365,61.3845,-163.2187,51.8415,-90.6980,24.6893,-97.1216,34.1867,-187.6866,25.2318,-64.6236,-33.9103,-154.9523,-31.0927,-154.7430,-47.1635,-59.5241,56.6382,-47.0111
-63.2992,65.0973,-132.8418,63.8413,-85.0051,22.6429,-129.5741,-6.5551,-220.8188,-37.4485,-28.7320,-7.7477,-147.6794,-21.3682,-197.5736,-75.5975,-15.3952,30.1781,-47.4331
-10.1609,39.1332,-91.0038,36.6177,-48.3403,10.3059,-156.9892,-44.9214,-229.6621,-81.4184,28.2516,-0.8302,-130.7330,-11.1636,-247.4224,-98.0747,-11.2016,20.5417,-78.3250
41.2991,50.8638,-28.6488,18.3344,-6.8561,14.4349,-134.8095,-74.6811,-214.7447,-73.4017,62.9898,0.5569,-96.2093,-15.3104,-241.2596,-147.6124,2.8321,29.7207,-136.7744
105.0208,67.1305,35.1763,17.7742,-8.1681,22.7259,-123.9899,-102.9116,-196.3379,-30.3598,69.4330,-6.3085,-61.8770,-41.4660,-221.9695,-193.9815,42.2707,21.3313,-149.2081
128.0480,27.0458,51.3716,0.7702,-49.8817,0.4615,-133.4375,-104.1353,-123.3066,-19.5181,75.9046,-37.6736,-66.2811,-89.0208,-194.5110,-189.9329,35.8259,-23.6261,-102.3856
78.1398,-18.0523,13.2056,-22.4365,-81.7263,-24.2909,-78.8184,-90.2777,0.5283,-58.9470,84.7632,-53.1499,-91.6736,-117.3485,-121.0567,-175.8760,-38.3784,-57.4827,-61.6049
30.7725,-11.8012,-31.3752,-25.1342,-76.7658,-21.1162,26.9504,-113.5813,76.8615,-61.0768,74.6367,-21.1291,-82.8947,-103.7498,-45.1289,-193.2283,-84.8947,-46.9024,-52.6000
29.0861,3.3241,-43.7067,-18.6402,-57.4996,-24.4301,72.8964,-143.4911,70.5654,13.0491,48.0452,-13.5912,-53.8759,-95.0011,-21.0604,-191.6671,-49.3016,-30.1234,-39.9333
22.5219,-9.4167,-36.0584,-20.7306,-49.1977,-51.7316,56.7806,-111.0120,36.3894,71.0251,30.8678,-74.3200,-51.3486,-116.1933,-16.4067,-144.8323,-8.9010,-27.4550,-2.5085
15.0832,-19.7797,-39.4478,-28.2561,-50.4779,-69.5759,48.9550,-58.7147,18.1252,61.5959,33.2188,-103.3072,-66.3383,-119.7398,2.7587,-102.7836,-16.7747,-17.3926,33.2719
52.9991,-9.5241,-44.7019,-29.5020,-54.6579,-67.3322,18.0328,-58.2348,24.3458,48.3222,38.9343,-34.1301,-84.8439,-87.4108,25.9955,-73.9992,-12.9065,-14.5832,34.5334
92.0700,2.3956,-20.7658,-20.1670,-59.3135,-53.6970,-65.0424,-74.6260,27.4320,45.6394,26.8403,39.2786,-111.6808,-62.7495,46.8557,-40.6065,33.5860,-28.0919,17.9034
90.1599,8.2480,15.2660,-16.4095,-58.0203,-20.7867,-104.9345,-70.2757,-12.9451,-10.9774,-5.4024,39.2206,-113.4563,-58.2667,44.0376,-50.5224,62.9735,-16.3896,22.9386
95.7822,10.5951,19.1669,-31.5663,-48.1796,8.4731,-62.5844,-78.7281,-65.7796,-90.9185,-29.0403,9.5442,-74.9907,-52.6057,-5.3278,-110.8408,55.2105,4.9474,46.7315
115.6847,-5.9922,0.5724,-46.9083,-27.8185,-11.0954,-34.9320,-85.0245,-66.2714,-76.4615,-15.4177,-23.9382,-50.0324,-63.4087,-54.2964,-126.3261,57.6625,-22.3153,76.1637
109.3522,-46.9377,6.8639,-47.1546,13.8947,-51.3531,-48.3916,-36.7205,-35.4220,16.3654,11.9961,-90.0509,-48.9038,-111.4101,-52.0659,-88.5076,75.5589,-45.7609,124.9331
111.1163,-73.5772,46.0997,-41.2054,72.4054,-39.6623,-28.7447,16.3260,-28.6192,31.9330,9.7139,-156.3680,-14.0919,-152.7404,-30.2923,-108.9008,73.7996,12.0128,166.9971
139.4937,-55.5195,88.4190,-24.2199,118.4902,13.4983,19.5276,-7.3700,-43.2674,-70.3519,-8.9718,-158.3630,50.3264,-138.6159,-21.8764,-185.2444,56.7312,81.2976,147.1316
133.8935,-24.5529,110.7474,7.4147,138.1042,39.0388,41.3907,-74.6996,-65.0225,-167.2118,-6.6438,-105.1147,91.6457,-92.1312,-13.9702,-199.8755,56.4509,77.8748,96.5472
102.3803,-13.0601,105.9823,25.0669,141.5146,36.7772,54.9434,-119.1450,-84.9534,-198.8839,4.9833,-36.9514,113.4414,-58.4278,-16.1265,-156.2287,83.4890,53.3828,93.7210
89.1915,-1.4298,86.7788,21.9841,131.0554,52.2473,77.7889,-148.0475,-74.9673,-216.2087,2.8551,32.1675,125.4436,-35.9078,-40.9591,-149.8222,117.0108,55.6344,134.2024
49.9818,20.6504,76.2922,26.0917,109.9334,66.6443,77.1350,-168.0298,-31.7359,-211.3177,-3.5242,75.9286,94.5896,-13.8912,-54.4404,-165.7360,114.7626,40.3849,166.0278
-14.6455,30.7232,67.5739,24.6794,93.1648,32.7082,67.0409,-149.6369,40.9200,-131.6001,-15.2859,72.3779,31.2941,-19.3568,-32.3890,-135.2005,55.7731,-6.1088,163.1724
-27.1125,25.2468,31.0474,-14.7713,70.8879,-25.2971,84.9848,-114.4152,166.5328,-13.1915,-39.9678,55.7282,-6.9080,-62.2892,10.3323,-84.8883,-15.5362,-41.6992,108.4970
-16.1211,9.4705,-21.7892,-59.0555,24.4023,-49.2108,90.6009,-117.9019,284.4715,77.1969,-48.7072,57.7175,-14.3601,-87.2530,46.4952,-65.4439,-35.8280,-55.2682,24.7436
-25.1295,-15.0757,-39.2404,-55.4097,-15.5394,-32.8173,35.1597,-144.6158,260.3083,132.4668,-31.3376,62.1540,-24.3787,-49.9069,28.0404,-61.1515,-3.6803,-61.5180,-17.0207
25.2025,-16.6734,-11.5690,-23.0267,-10.4632,-7.5724,-41.6869,-137.5407,115.3918,145.1976,-24.2257,68.5715,-32.6690,4.1630,-56.0218,-57.7771,32.0329,-62.6572,-9.1199
117.9185,10.4643,12.8907,-17.0929,15.1301,-0.7479,-78.8955,-103.0695,6.1744,91.0464,-23.0875,87.1810,-17.6231,6.3017,-111.0967,-74.7679,35.3840,-51.8486,-10.0503
114.3036,8.7686,14.0991,-41.3766,21.8617,-19.3154,-75.9465,-90.7106,-36.4451,-11.0911,8.0535,79.3425,10.4485,-29.1092,-79.4335,-105.5011,13.7840,-18.0275,-18.0312
50.5785,-19.2971,25.6043,-47.0067,20.4161,-30.9078,-68.6027,-105.5952,-85.0479,-110.0893,36.6092,32.7530,26.8191,-32.9847,-60.1965,-115.3103,9.5140,19.8341,3.4560
41.8379,-8.5478,51.5134,-15.0849,32.8479,-7.3499,-77.8126,-114.5268,-130.1000,-153.9369,9.9996,15.2573,24.6750,8.6051,-116.6743,-86.1646,41.1807,5.4576,27.1880
21.6530,5.2978,43.3062,-0.1903,45.5471,8.5905,-83.3509,-105.1272,-124.7624,-123.0410,-43.9837,43.2383,15.3899,39.7680,-134.6823,-31.5429,57.0445,-57.4816,24.1437
-57.1029,-47.8384,-11.4070,-41.3227,34.9661,-25.4775,-45.6811,-88.7038,-78.8162,-81.7230,-73.9541,42.8903,12.9599,28.9186,-34.4637,7.7400,9.1599,-86.5448,22.3794
-89.8577,-102.5265,-56.0732,-84.0655,10.3037,-63.2134,23.5584,-71.7674,-29.2400,-88.6090,-79.6088,6.6822,21.6622,13.5794,67.4766,4.3931,-50.3595,-60.0690,37.7780
-73.1826,-89.9859,-49.6053,-76.3945,9.1820,-59.8975,59.3809,-55.2629,-26.0309,-82.2088,-77.5684,0.2542,34.9924,26.8881,41.6923,-11.1850,-38.7823,-44.1123,50.9186
-91.4023,-76.4649,-18.5258,-56.7217,34.6165,-51.7192,34.6131,-43.5311,-91.4858,-28.3385,-75.8271,13.7111,38.4361,41.1336,-63.6573,-4.4547,19.9421,-61.3066,43.1604
-94.0296,-103.9128,-10.4823,-64.7919,32.8613,-66.5348,-10.2833,-39.1761,-153.7641,-24.6132,-79.1116,-0.8134,22.4568,27.7145,-117.2559,4.2321,33.4124,-73.4925,1.5158
-23.8157,-112.0707,-34.1481,-78.7199,-7.3966,-81.9188,-31.7629,-39.4358,-147.6269,-81.4090,-77.0260,-11.2124,5.2915,8.7576,-94.1876,1.7529,-4.5480,-69.4969,-59.4184
39.1056,-78.1469,-49.4979,-82.8693,-19.6159,-92.7389,-28.1520,-43.0434,-127.0907,-76.5043,-61.6743,19.9934,11.0619,2.7740,-79.5713,12.6825,-4.9895,-63.3335,-98.5277
45.4596,-39.8331,-22.4346,-83.4893,6.8243,-104.4121,-28.9147,-54.5493,-147.2892,-21.0002,-42.5548,58.7632,19.9368,-8.3222,-117.1003,22.2124,66.4906,-55.7881,-114.9599
38.5974,-19.6977,23.2539,-73.1384,4.2963,-98.6323,-55.3841,-73.5850,-162.3203,-25.1258,-20.1929,75.8904,-3.4379,-24.9315,-152.7501,-4.4999,126.9397,-47.0369,-135.3033
36.6944,-25.6761,48.2333,-57.3602,-23.1202,-76.2097,-87.9808,-83.4434,-128.5967,-49.8745,4.7148,72.1124,-42.5298,-22.4372,-136.2570,-33.8790,104.5078,-37.0286,-139.5402
35.9250,-42.9834,54.4645,-54.8102,-20.4039,-63.4944,-94.6657,-74.2426,-77.5801,-29.6694,19.6358,39.2042,-57.8257,-9.9097,-84.3414,-29.1862,45.0343,-18.4343,-112.8081
36.8622,-42.7141,51.8607,-55.8489,-22.0484,-65.9119,-85.9859,-72.7542,-60.2290,-51.9730,36.8005,0.4692,-51.3210,-16.3263,-38.6728,-29.5125,21.2597,-0.4671,-105.8754
23.9180,-45.4653,32.9100,-52.8065,-65.4792,-73.6435,-91.9940,-103.1566,-90.1510,-151.4953,65.0573,4.1364,-39.5500,-30.7103,-24.3366,-55.1711,19.5393,-5.9187,-136.9245
10.7360,-74.1077,8.7168,-65.8574,-80.2942,-82.4305,-104.1895,-133.4424,-128.8305,-194.3737,64.0025,30.2735,-16.4810,-29.2848,-24.8820,-63.3371,-4.9915,-37.6650,-147.2353
24.2168,-83.9489,-9.4627,-91.3279,-37.0240,-89.9329,-95.6463,-126.4542,-132.8837,-126.9650,29.6787,29.4395,12.7609,-26.8491,4.2168,-51.7005,-38.4908,-74.3939,-117.2210
32.7828,-58.1580,-42.1552,-98.7305,-18.2734,-97.1322,-70.1649,-108.2158,-116.9050,-73.4755,25.1136,19.8854,25.5593,-40.3086,47.4184,-56.1937,-43.4215,-87.8632,-95.2557
8.1919,-48.0768,-81.7290,-82.5141,-46.5322,-91.8357,-54.7988,-109.2699,-111.5280,-111.4703,42.5421,21.9980,22.8358,-51.4754,32.2256,-64.3681,-22.6669,-69.7297,-100.8255
-24.8744,-57.7156,-91.8649,-55.4950,-56.8582,-56.3743,-60.7552,-100.5101,-104.6357,-161.9448,9.1635,4.6712,19.3866,-46.4857,-26.4882,-59.8996,-5.4272,-50.7336,-107.8204
-59.9666,-49.8073,-98.4938,-29.8156,-45.5808,-24.1394,-64.5734,-64.9818,-91.8984,-155.9660,-53.8522,-20.8619,9.6926,-36.7642,-35.4684,-66.6733,-9.9263,-54.7244,-105.2445
-98.5383,-37.5914,-139.8987,-26.1940,-59.5694,-35.1790,-45.7171,-49.1812,-95.9373,-154.5328,-74.9465,-6.3689,-13.4581,-25.3160,-0.5105,-73.2320,-26.4081,-56.4333,-106.3018
-110.6673,-42.2833,-167.4601,-47.7469,-96.4758,-46.2522,-35.3529,-71.6720,-103.7683,-191.7230,-65.7801,19.0590,-35.1631,-7.7660,-2.2126,-37.4728,-25.5966,-45.5543,-115.6389
-105.6337,-52.3918,-142.2421,-63.5166,-126.4775,-23.9410,-66.1207,-74.7420,-90.5046,-144.7791,-61.8931,0.2981,-41.4541,1.5789,-24.3387,21.1266,-5.0109,-61.8812,-117.7376
-113.3221,-60.1938,-116.0902,-50.8033,-131.1562,-24.1049,-95.9326,-27.2731,-76.3753,29.0519,-56.9147,-27.5596,-40.2114,-2.7927,-1.3808,49.5457,5.9644,-99.0121,-99.2048
-101.6217,-46.8504,-110.4483,-15.7105,-99.2714,-46.5299,-76.8556,16.2791,-80.9755,125.7457,-53.7083,-12.2173,-44.5884,5.7102,40.5467,43.8324,8.5317,-84.3793,-77.4869
-68.9649,-1.1682,-80.1296,21.7056,-49.7461,-14.5225,-43.6785,14.0469,-90.5404,41.4023,-60.6974,18.7720,-52.4174,39.5099,43.0849,34.4804,22.5987,-10.8470,-73.5990
-83.5861,22.6373,-40.1738,35.1853,-19.2219,37.2766,-31.8870,9.2397,-93.2048,-20.2029,-72.6886,28.8428,-52.9741,71.3837,17.3500,42.6561,14.0678,39.7659,-62.3886
-124.5672,-7.9446,-47.9918,17.4238,-17.0900,15.7984,-14.9078,41.9983,-83.6233,51.9864,-101.7757,33.6423,-51.3625,77.8178,1.5922,58.2571,-52.2546,28.8116,-20.8924
-105.8919,-35.7858,-84.0715,-7.8694,-43.9531,-35.0083,2.8744,66.6755,-58.0185,89.1611,-136.4792,42.7529,-62.3065,63.9194,6.5470,39.7768,-119.1156,-2.3502,5.6332
-65.8411,-36.2687,-96.4554,-23.3743,-93.2032,-35.6709,-15.8032,37.2895,-24.9865,21.0956,-130.6509,34.7369,-71.1061,46.9642,24.6567,-15.9098,-122.7629,-15.3971,-20.2949
-96.3447,-44.8220,-86.2818,-25.8812,-114.3856,-17.0927,-34.2018,0.3432,9.7626,-23.2504,-106.8127,9.0532,-50.5724,44.7591,38.6929,-46.2779,-103.5030,-3.4578,-47.1132
-160.8350,-43.6216,-70.3767,-5.3796,-75.4775,-6.1038,4.7595,12.4194,38.4038,-3.1640,-122.2007,-4.2000,-24.9166,57.5315,42.4048,-35.7141,-116.2331,30.9300,-22.4582
-170.8401,-6.4233,-50.1647,29.4829,-29.4258,27.0156,65.7858,46.6635,33.2676,34.5103,-150.2843,6.9141,-40.1354,59.8542,55.0631,-43.5675,-132.8474,72.3571,15.9055
-125.5305,27.0342,-33.6083,54.7671,-27.9758,66.3396,85.0598,62.8501,-7.4564,82.4196,-162.4196,21.7594,-77.1131,43.6483,71.9305,-72.1058,-113.6546,96.4926,17.3969
-62.4112,47.2392,-23.6252,81.8308,-49.4471,81.0360,55.1749,72.9834,-47.3948,89.5179,-185.8889,25.4604,-90.2535,31.6916,54.5464,-64.1849,-71.9814,92.5114,-1.2640
4.4835,83.6027,-9.5697,120.4790,-63.7985,91.1746,-2.1822,82.0559,-77.1194,22.9251,-187.3590,22.8081,-99.5080,23.1241,18.5244,-28.5147,-35.5014,70.5505,-10.8578
47.3391,101.5804,3.2989,131.0876,-70.8185,104.1800,-46.1147,72.9760,-96.1096,-3.8323,-129.4213,8.5732,-136.8264,0.2356,27.6699,-10.7641,-16.2996,58.8518,-13.4362
34.4662,70.4381,-0.8379,102.9747,-67.5806,103.5505,-31.6394,64.4353,-69.1205,62.0196,-98.8447,-28.4549,-164.6910,-15.7583,61.7093,-3.9110,-12.7612,77.4241,-5.5068
-5.8092,46.3583,-13.8501,85.1853,-49.5653,96.9913,19.3958,79.9082,-4.5958,98.5354,-139.8231,-64.9548,-145.6405,-8.6630,36.3933,5.5070,-11.6174,98.7677,20.7665
-19.4531,62.4450,-11.9289,87.8810,-16.4337,84.7945,52.3810,90.8252,29.4748,73.1096,-149.4175,-64.5632,-104.0993,-14.5571,-27.6141,7.0881,-6.9358,82.7866,41.2903
-17.1735,80.3250,13.3562,82.4948,33.7032,59.3676,65.0701,70.5026,20.0081,77.3143,-94.6340,-36.0535,-61.8464,-39.0539,-42.0493,11.0846,-0.3067,49.8469,26.8381
-28.5735,87.1956,45.5702,88.0954,81.1018,48.3589,60.8478,41.3163,9.2396,87.5494,-53.1854,-11.2450,-16.1056,-26.2763,-26.8733,19.9171,20.7944,44.5821,-10.3256
-16.9486,96.7230,60.2958,122.0428,99.8406,61.2278,30.8862,25.0271,11.8985,43.2504,-26.6672,3.3432,14.3677,27.5422,-33.8270,8.8468,50.5770,55.2368,-37.2046
23.9822,92.9504,56.4836,134.2278,101.3967,65.5573,22.7396,14.5930,29.5705,15.3945,17.0448,3.9038,20.3112,53.0753,-4.9740,-6.2793,51.4605,53.0792,-43.4558
14.2568,69.6828,55.0062,101.7544,100.0991,67.8794,55.7582,1.2601,55.4035,35.3012,45.3128,-18.8028,31.3895,28.0919,73.6465,8.7881,33.5064,56.6518,-43.2672
-34.6113,55.7408,61.0091,83.6599,78.8815,93.6398,39.5582,-19.0466,51.7883,10.7197,57.1147,-33.7634,44.9838,6.0742,86.7985,23.6178,52.6863,78.9503,-56.0237
-4.3328,70.4471,57.8811,110.5915,39.0025,112.8930,-50.0776,-48.4693,27.6207,-60.9316,76.3128,5.2429,18.8906,29.7491,31.8255,2.5362,103.7422,83.2582,-84.9889
87.0452,105.4179,39.8572,135.4785,9.7777,104.8348,-105.2271,-79.2888,43.5878,-77.8269,69.7064,77.0867,-33.9360,83.1077,39.7715,-18.1996,140.3908,51.5590,-109.0860
111.2027,133.5305,23.5676,130.5769,-2.5687,105.4768,-101.6536,-95.8762,81.3090,-37.8443,40.8958,111.2077,-58.2526,114.0905,84.9130,-1.7597,164.8448,25.5004,-103.6370
73.9016,128.3622,20.0197,127.3204,-4.4520,128.0892,-99.6717,-71.6556,83.6300,-18.7740,36.1956,83.0885,-52.2656,101.8741,47.8290,34.4037,175.8216,44.7751,-54.7294
45.0771,98.4341,12.6852,137.9687,6.6444,145.3858,-55.4531,11.5198,93.9555,-23.0299,15.6890,32.1036,-46.9177,93.2540,0.0952,66.8148,132.1178,92.4693,33.8412
-2.4654,69.2679,-17.1308,126.8414,10.3088,141.5257,54.7527,107.4175,155.7029,-9.8569,-38.6863,-2.2074,-38.2048,115.1635,52.0968,83.3722,56.1113,108.9261,114.3348
-67.2808,35.4503,-54.9134,78.0301,-19.0730,105.3865,95.2637,139.2583,192.8212,6.0326,-13.6658,-20.3954,-15.9658,110.6099,120.2617,74.4845,22.4066,52.7799,120.7925
-73.8784,-11.9208,-76.2571,20.9031,-60.7692,36.0437,19.5576,118.4273,150.4680,-4.7901,113.5676,-42.1286,3.5163,57.3078,123.0624,55.9398,17.8947,-37.1858,65.2054
-37.0599,-42.9907,-87.3679,-17.4930,-71.8004,-23.0070,-24.0612,122.3621,90.8892,-16.2894,198.1901,-65.4929,17.7329,33.3550,110.9921,55.6764,-24.3418,-73.3325,33.6383
-35.6924,-35.7837,-91.7092,-29.9769,-35.2849,-32.5188,18.0580,156.9444,63.6088,8.0175,188.4299,-68.5539,46.6120,64.2659,90.0353,77.6201,-97.3465,-36.8098,47.6631
-74.4099,-23.1341,-63.3400,-21.7312,25.4884,-17.3673,37.0728,169.7084,44.3141,43.3144,169.5689,-51.6523,80.0050,65.9515,35.3157,113.2175,-154.5384,-2.1813,39.6284
-109.6740,-41.0939,-14.9136,-22.3970,55.3695,-24.0827,5.2620,158.0564,27.2503,47.6943,164.0457,-43.1944,78.4781,11.5786,16.6504,151.3667,-179.3589,-21.4349,-8.3324
-103.5489,-65.0682,-3.4594,-49.2776,30.9811,-53.2160,-4.6599,143.7071,42.0201,39.5942,130.0953,-53.2901,43.3133,-21.8161,55.9314,168.9071,-162.2775,-59.2902,-33.7287
-53.2127,-49.2940,-24.4925,-58.2567,7.7091,-58.4127,25.2847,118.7191,72.5035,48.5523,70.1229,-60.9979,26.8172,-0.0328,56.0576,155.3792,-111.4407,-60.2009,-11.5415
-29.0100,-11.8266,-20.2562,-20.6548,29.4510,-14.6329,65.7779,98.3393,55.1420,45.6141,19.4820,-60.4290,46.5758,27.7003,-2.2426,128.0864,-80.1666,-13.3734,21.1336
-65.1929,-10.0088,5.4413,4.9089,52.4837,25.3709,94.6740,119.7666,-18.3197,13.5771,8.4105,-71.7466,56.0587,22.5239,-44.5080,102.3740,-98.5054,50.9309,52.2517
-75.2612,-39.1106,10.9770,-19.9392,40.0312,5.7335,98.8629,157.6327,-70.3146,8.3491,27.4740,-88.6469,37.5597,-8.6534,-68.0772,81.3790,-124.9593,89.9535,104.8669
-30.7635,-47.9378,10.9527,-43.1142,28.7400,-31.0755,103.3685,158.1034,-53.9969,67.6237,19.0839,-76.9723,35.3347,-42.3090,-103.0731,63.4344,-118.9495,87.2124,170.0337
-21.9243,-36.2137,27.6536,-37.3147,42.7681,-23.9493,137.1316,138.6437,-3.6142,141.7168,-21.5506,-49.1399,61.6305,-62.5891,-118.5411,39.7183,-97.2621,70.6548,208.8870
-50.9171,-36.5944,29.7143,-38.5060,54.6922,-4.0242,160.2993,144.3701,66.9314,173.5517,-24.0509,-56.5078,78.3209,-73.0325,-97.6979,19.7100,-91.4532,65.2031,208.4121
-43.2206,-44.0678,4.3507,-47.3742,47.0235,-16.5841,130.2590,159.4393,165.7106,174.4029,16.1099,-85.2038,77.9493,-76.4822,-74.1500,34.8187,-95.4001,50.7246,180.9550
-17.6613,-43.8371,-13.2513,-42.5270,28.2147,-39.6237,81.5950,150.2470,228.3194,181.9873,35.7508,-74.5444,72.8882,-61.1258,-58.9133,71.7839,-80.9971,12.9712,136.8510
-6.9366,-48.6487,-12.4266,-48.6493,8.1626,-48.5275,56.0437,126.0455,192.5113,191.0694,36.3370,-44.4977,47.0915,-40.2215,-32.3382,72.9811,-56.0226,-6.7298,94.5615
22.9203,-65.9597,-2.5605,-73.2603,-1.6213,-45.7632,42.3125,101.6413,98.9129,165.2774,55.0508,-56.0374,10.7585,-50.4851,4.5392,36.3303,-52.6634,25.2576,78.0359
73.8196,-75.5214,37.0016,-68.0840,8.8057,-24.3508,15.6578,72.4082,-3.4349,104.3907,84.0570,-78.6667,12.3183,-81.9155,16.4556,14.7499,-49.2701,71.5661,78.6225
124.8787,-45.4516,106.0517,-18.7061,36.0704,11.1518,-30.3961,42.7986,-109.6678,41.9264,106.8434,-60.3393,44.6691,-88.4567,-24.0427,10.8699,4.1140,85.5280,63.6504
174.5444,29.2920,145.1441,32.1652,65.3182,39.0879,-72.1927,15.0832,-185.6600,-26.6561,111.0872,-36.6050,55.0720,-69.4684,-79.5049,-17.3004,83.3275,77.9953,23.3650
185.4651,94.5839,130.5644,58.0371,81.1204,58.7041,-81.8157,-29.3962,-212.9114,-122.4445,86.7060,-31.7717,39.1369,-59.0692,-89.6720,-63.0719,124.3778,70.6642,-36.5503
163.2784,99.8406,121.5575,61.4377,84.7074,67.4231,-92.9622,-83.4339,-236.9769,-194.4746,72.0015,-5.8433,18.9387,-64.1787,-75.2911,-79.7686,123.8086,55.3598,-105.6404
195.6192,75.6038,146.4329,44.7935,84.6685,47.9078,-142.2357,-101.3748,-263.5069,-177.6305,96.8259,22.0238,-6.6120,-75.5962,-93.9039,-57.5974,105.4599,35.5453,-142.6227
240.7426,57.5161,150.0671,15.3055,58.7198,15.2073,-169.2255,-77.3779,-265.9513,-118.8671,110.9765,-8.1080,-28.5306,-91.8204,-131.9109,-28.1404,72.1128,23.7711,-125.1206
165.7744,19.5021,101.5247,-12.7924,-14.7498,-7.6218,-132.4483,-59.3872,-276.8814,-103.8906,85.6488,-59.8888,-35.4448,-101.7345,-153.8997,-11.6912,49.8685,-4.2233,-104.5631
45.0606,-28.0135,39.1716,-29.1280,-88.4876,-34.7641,-105.4813,-54.6365,-290.1499,-100.3427,52.8673,-68.7629,-48.4318,-94.0636,-161.9482,4.9822,59.9904,-59.3171,-110.4336
26.8725,-23.4334,-10.7789,-27.7715,-103.4036,-60.9424,-111.7980,-22.6214,-231.5085,-32.6258,0.9427,-53.8053,-71.8701,-77.2836,-145.6649,35.2410,58.5988,-89.2194,-97.9552
42.5449,17.6588,-57.0407,-14.7885,-81.2884,-54.8344,-83.9084,12.9997,-142.6377,37.4339,-73.6550,-33.4499,-79.2880,-55.9163,-107.2428,51.8417,24.1592,-77.2035,-77.9249
-2.3229,21.1442,-97.0345,-17.1017,-78.4105,-49.7539,-55.7177,-31.1529,-137.3819,-8.6310,-93.3932,12.6149,-81.6379,-26.5697,-106.5578,13.7646,7.3844,-101.0826,-122.3760
-51.5812,-29.1124,-130.9453,-63.1349,-114.1725,-105.0893,-104.3062,-147.5198,-171.7472,-113.4403,-61.1419,55.4326,-104.9811,-8.1943,-148.9079,-59.4197,7.7312,-199.2896,-193.9888
-100.0755,-109.0742,-176.5482,-147.5206,-180.4620,-188.2672,-145.8209,-222.8032,-131.6455,-110.8569,-95.4890,53.2873,-125.4881,-20.2433,-138.4981,-90.6352,-43.1705,-290.4765,-190.1892
-204.4663,-193.5387,-223.7375,-223.1567,-244.2919,-228.3758,-87.4374,-214.1519,-44.0895,-23.3007,-202.4491,33.1046,-124.2537,-40.2773,-39.4920,-47.1065,-133.3236,-301.2932,-132.7294
-300.2869,-240.0052,-244.4108,-247.7168,-263.8704,-229.9736,-20.2033,-200.9557,9.5999,-25.4030,-258.8661,28.7380,-124.9380,-37.5557,62.1752,12.2671,-175.2765,-261.5173,-106.6085
-307.6878,-233.9344,-241.2191,-231.4329,-247.7634,-230.1045,-30.7058,-221.4030,30.5651,-106.5285,-223.0185,36.0705,-125.8600,-22.9232,98.5794,24.6410,-157.3208,-227.2982,-115.7257
-265.0694,-207.0414,-223.2952,-206.0717,-228.9350,-220.1697,-58.6065,-212.5481,51.6907,-94.8644,-155.6677,52.5013,-107.3794,-18.9695,92.4082,7.8550,-141.4017,-207.2445,-131.6855
-222.3604,-176.0908,-190.0966,-178.3533,-199.7273,-185.4001,-55.3782,-153.6432,79.9090,1.1356,-110.3322,66.0396,-93.6785,-16.2965,85.4646,13.8378,-146.6808,-189.8492,-136.9560
-201.8373,-152.4526,-163.1468,-154.8361,-160.0952,-155.7389,-43.3306,-106.9504,92.9311,34.5681,-105.3504,60.8553,-101.0124,2.4206,76.6696,44.5902,-147.2611,-178.8894,-97.7499
-220.2513,-152.9390,-156.0967,-149.4648,-144.6234,-156.4377,-19.4446,-85.6163,70.2837,21.0871,-113.2206,64.3925,-94.8265,30.3757,50.6817,67.3969,-141.8532,-178.3404,-27.6524
-226.7245,-144.7243,-143.3075,-144.2674,-146.5060,-154.1183,19.8205,-37.9255,60.3882,51.0096,-95.3842,86.1931,-67.9993,51.5144,38.1055,73.7202,-153.5951,-172.1458,6.1547
-178.8776,-113.8883,-122.8063,-123.9662,-135.0417,-118.8126,45.1108,34.2429,124.7433,70.5476,-76.6143,71.4724,-55.0995,54.4903,83.1954,77.3662,-185.5977,-151.4384,10.4626
-151.5143,-136.8462,-128.1775,-123.2879,-128.9976,-97.2837,68.2405,82.0684,221.8495,40.0586,-83.1045,11.7643,-48.5661,29.2491,158.2910,89.4953,-219.4626,-146.7901,47.6058
-193.9516,-223.0431,-151.8481,-160.3902,-141.5412,-135.5146,125.3212,104.7465,298.5566,66.2595,-77.0267,-29.1034,-16.1555,-12.8754,201.6972,114.9610,-244.3895,-181.5634,105.2416
-235.2740,-257.4591,-162.5736,-194.2715,-138.5751,-184.9009,196.0348,131.1033,392.5191,190.1727,-56.0029,-33.8162,23.7099,-32.3241,209.5964,142.5272,-250.2755,-215.1833,138.9558
-229.7121,-210.9788,-162.4215,-196.2765,-112.2934,-187.5063,242.2032,158.9695,497.3974,310.4787,-63.1743,-28.7994,37.6723,-16.8669,209.5189,150.9900,-217.5430,-201.6061,152.1259
-191.7476,-162.6405,-142.8116,-172.2879,-85.7536,-163.4645,255.1895,170.7180,524.6740,367.7166,-70.3587,-8.4031,33.3753,-0.7729,220.0379,142.4162,-155.1333,-157.8031,148.2795
-107.6004,-113.4771,-83.0927,-119.8214,-53.1382,-127.9865,228.2622,155.3775,473.6210,367.3488,-34.0433,29.1458,28.6551,11.0993,259.9966,132.6264,-97.3231,-107.3021,132.5387
7.6479,-31.6295,-14.8891,-47.8406,-5.8474,-56.6414,173.7072,114.6916,408.6423,299.1485,6.6150,61.9486,29.3143,54.4538,296.6477,117.8112,-33.9281,-39.7715,146.2097
72.7637,25.4775,28.5838,6.4101,39.6724,21.5046,144.2135,82.8499,321.7450,201.8207,25.0460,85.8326,47.6459,108.0287,260.1754,96.0867,64.1402,25.5243,196.9341
59.1763,16.5273,68.1591,25.2801,71.7132,48.5726,167.3499,93.9269,219.8056,158.0839,45.4615,93.0974,83.2119,105.8971,186.9696,83.5280,143.1189,48.6371,240.2570
26.3457,-9.0300,96.5112,25.8194,82.6036,44.4926,211.6162,129.0343,185.8926,161.7671,48.9431,74.2820,104.9585,63.7635,178.9393,78.8501,128.1793,54.5897,258.8283
33.7310,-1.1086,73.9996,35.9870,79.0891,60.4407,242.5341,158.8336,226.4427,150.4464,13.1941,62.7284,101.3856,55.4422,219.5739,71.6737,65.9344,94.8434,251.8537
81.3446,48.5038,43.3868,75.2386,101.1390,92.7414,252.5746,186.3963,251.3750,122.7963,-21.8255,76.2622,108.2781,84.1514,235.9213,73.6701,50.6774,147.8010,203.0373
105.6808,110.6954,75.6597,121.6699,149.7917,120.9549,245.7457,192.0166,235.7994,89.6287,-34.3386,92.0152,146.0323,112.9472,240.2668,77.9508,74.8837,156.5006,139.8984
63.7207,134.8126,127.0765,132.1727,168.1341,138.9003,232.2683,136.0541,228.9694,30.5419,-39.6971,139.8715,176.1555,149.9225,243.2825,51.2011,90.7656,122.1935,111.6667
21.2130,132.4909,121.5920,122.2749,156.4910,137.7403,213.3337,50.9250,236.5205,-25.9985,-40.4892,243.3915,157.9876,190.1517,209.5793,9.2634,113.6267,95.8886,100.8131
50.9622,162.8842,91.6486,144.5410,165.1680,138.4595,173.9929,10.8268,219.8091,-28.5554,-61.6519,296.5948,110.8723,188.7085,166.9055,-3.0831,161.0347,114.2775,77.2071
104.4933,204.4560,101.0894,195.3393,174.9262,181.4305,115.1544,11.5965,171.7700,-8.5991,-110.6848,221.4775,82.5741,152.5883,152.8910,-4.3782,201.4673,167.2235,62.6778
117.2477,201.7475,136.0149,231.9745,152.9634,238.9949,60.4119,-4.3016,121.2515,-16.8444,-102.7991,119.9922,83.2165,128.3140,110.6043,-25.3113,215.1900,212.9115,60.9389
122.5918,185.5620,158.3392,235.6563,145.0949,242.5979,25.4058,-40.0398,79.9814,-18.7331,-14.8131,85.9415,88.2069,111.8334,18.4001,-26.5788,208.1459,227.1118,40.4817
147.6632,187.5004,166.0445,209.3134,169.8992,198.7087,8.2674,-61.0680,34.9964,19.7038,27.7024,74.7599,85.1049,88.8752,-23.7057,11.7991,173.3965,219.1369,1.3543
142.6536,171.5688,156.2768,178.0003,168.6835,167.8028,-6.3882,-65.2860,-5.1172,45.8313,-8.2959,52.0213,82.9337,83.2917,32.8614,29.4883,120.4456,194.8313,-35.7018
87.5441,136.9501,120.5526,170.2106,132.6616,162.0002,-35.8083,-62.3474,-26.4325,22.1189,-3.7148,41.2466,87.1674,90.8434,87.3058,5.9673,89.9084,151.4915,-60.0245
40.4032,117.1377,91.5628,160.2049,107.7519,153.0129,-64.9467,-39.6177,-54.4807,-9.3127,51.4163,29.5636,86.5629,82.3689,46.8337,-0.5900,87.1917,100.1784,-54.2612
35.4205,92.3389,103.0708,113.3573,83.9355,130.6189,-58.5559,-2.1465,-82.4664,-25.6523,69.9174,-4.2092,63.5395,71.6925,-34.2398,19.0638,73.0266,45.3042,-23.2794
24.3196,45.6847,113.3930,63.3673,30.3369,96.3219,-28.3639,7.7701,-42.1860,-45.7912,78.0509,-41.8408,20.0799,66.4914,-49.2824,12.8044,32.5125,-17.3388,-15.0097
-18.7944,15.5687,70.7859,40.4437,-21.2862,51.3581,-18.4071,-24.6149,52.8243,-38.4570,111.1097,-69.0070,-10.2768,33.9947,-12.3225,-16.0368,-14.6461,-59.1236,-49.1516
-12.7673,19.0687,23.6556,19.2878,-27.6932,14.9410,-29.4366,-55.9762,109.2925,31.7838,96.9698,-80.1151,-4.9251,-14.1201,-13.2804,-20.7344,-49.6259,-54.6031,-94.9412
84.4385,29.0021,41.8883,3.4101,-5.3623,8.6918,-45.1664,-57.5697,142.4899,96.5197,37.7957,-70.4510,5.0674,-32.1132,-35.3174,-3.6354,-49.3419,-48.3589,-132.5881
150.7390,27.0688,77.7634,17.0845,-1.5959,20.4594,-75.7984,-56.0907,219.5685,82.9511,29.4852,-59.0422,-14.0296,-28.7295,-1.8399,11.5715,-4.6455,-81.8310,-155.3168
102.8505,15.1828,48.8957,24.8110,-26.6392,21.4753,-97.6657,-74.6832,267.7180,34.6164,56.8580,-51.3257,-37.2766,-21.7073,51.5227,29.5701,37.1504,-102.1734,-148.2824
52.5709,9.2818,-8.9967,2.1849,-38.8874,13.3253,-62.0437,-106.0676,199.0007,-5.6321,51.7041,-27.6174,-33.4132,5.5024,58.9891,41.1034,38.4370,-53.3251,-119.0509
73.8203,20.8136,-9.2427,-4.1526,-10.5836,20.6570,-5.3573,-146.9255,82.7729,-80.5362,51.0117,-6.9016,-19.3396,30.7709,51.0910,24.6393,39.9457,19.8815,-95.3635
76.7462,29.6658,44.2959,20.3701,21.6926,41.8194,-3.2251,-180.4055,-0.3404,-184.7423,82.2828,-3.2228,-7.1304,22.6294,38.6877,2.4074,60.0447,52.2804,-84.5358
48.9055,27.5798,83.3499,35.9628,26.5701,49.8777,-30.2368,-162.9805,-76.1539,-230.9987,91.7051,34.9538,20.0213,23.5579,-24.7476,-4.3075,46.4182,53.4366,-73.1349
79.8259,46.2874,82.3411,46.2582,43.0250,44.4903,-25.5384,-104.2540,-171.2932,-196.6082,84.4962,103.7815,50.7101,54.6632,-110.7654,-28.3604,18.5772,57.6200,-49.7553
117.5674,82.9622,78.2960,77.5844,99.0220,55.8867,-16.2290,-79.1366,-264.2826,-140.9643,112.9420,109.9569,60.3342,56.4726,-162.5599,-75.6809,58.6358,65.2136,-22.0493
63.6605,90.3856,96.5519,102.6989,136.0338,86.4075,-30.0358,-104.0495,-307.3099,-100.8983,148.1113,53.8113,64.5399,27.0343,-186.0513,-90.5124,111.6593,66.9791,-19.5572
2.1669,62.2535,94.9006,85.0913,91.3414,95.1584,-29.1905,-113.2312,-243.6503,-76.4411,142.1387,31.3379,68.6000,29.4390,-160.9468,-62.9666,57.8581,58.4309,-49.1231
27.1513,26.1065,31.2276,40.8140,-2.1626,63.5069,-27.9582,-85.3934,-117.9668,-57.8549,114.9286,39.3965,41.8986,43.2387,-74.1802,-42.6513,-38.3291,33.6148,-72.5428
57.7960,-12.0566,-45.2926,10.0143,-63.1236,31.2268,-88.4877,-69.6582,-77.7111,-41.3428,88.9647,2.5044,1.5823,13.0266,-29.4005,-36.9347,-44.3141,9.5625,-76.9955
20.5175,-45.8142,-70.0253,5.0056,-75.7399,32.6600,-167.6747,-79.0784,-137.3663,-60.5904,66.1938,-64.8199,-2.6374,-25.1425,-67.0004,-26.0926,-12.9277,15.9857,-94.3423
-34.8024,-60.1331,-74.4528,1.4693,-86.4969,40.7951,-166.7880,-69.5743,-146.2340,-125.9586,64.5211,-93.9875,8.8922,-28.9609,-54.2334,-24.5000,-47.1924,36.2326,-118.2952
-62.7479,-58.7268,-103.6698,-19.3107,-100.4680,21.3144,-108.6831,-27.9245,-64.9741,-150.7787,73.9334,-71.0848,-5.0830,-26.5565,41.3538,-27.2801,-95.6472,25.8859,-109.2644
-61.7724,-47.0129,-123.7775,-39.2053,-78.0522,-4.1717,-86.7288,1.7498,-15.3776,-82.1455,51.5818,-26.0484,-16.0165,-21.2199,76.4334,-0.9159,-86.5633,-6.7012,-74.2326
-45.2335,-29.7554,-107.3424,-43.3245,-32.5137,-7.2282,-106.0296,-6.8198,-51.6450,-2.3564,5.4679,11.0222,-0.7939,19.9915,17.4588,35.9707,-61.1913,-20.9211,-47.4416
-62.4201,-29.7142,-82.4332,-47.8399,-14.7575,-14.3665,-116.4237,-18.6285,-104.7147,33.4109,-17.6096,28.9818,3.1506,68.1444,-36.4769,45.7041,-65.6463,-22.8581,-36.9419
-108.2977,-53.1209,-63.7353,-62.3829,-22.4469,-54.6263,-111.7910,-0.5125,-109.7026,67.5781,-14.8787,29.6656,-16.1858,61.3257,-63.7045,48.0095,-86.4002,-35.5403,-36.0575
-81.9254,-82.1784,-52.0478,-81.4989,-37.2372,-95.9974,-104.5354,24.3942,-71.9890,88.9258,-19.3415,-2.7952,-30.9880,6.6992,-81.9617,59.3247,-107.0184,-38.3058,-31.4227
7.4777,-109.0879,-66.4603,-97.4576,-75.5049,-91.9032,-86.0970,29.4524,-48.2771,57.7472,-45.6201,-65.4059,-40.5269,-28.6680,-58.1325,51.1601,-114.3659,-13.5648,-12.3005
14.2657,-108.0679,-99.4166,-84.6123,-113.3791,-48.8617,-55.8998,27.4734,-67.3357,36.2668,-76.4057,-87.3883,-50.6800,-7.2662,-7.2593,21.2557,-98.6587,13.8757,-3.7860
-54.4248,-47.0998,-113.4592,-38.4738,-94.0404,-10.4322,-32.3096,23.6744,-80.5573,66.5022,-83.1567,-31.6924,-49.7206,28.8289,1.2390,-4.6753,-81.9316,28.7592,-27.5230
-50.2677,22.4247,-103.5060,-10.5436,-44.6312,-2.7769,-27.0170,7.7542,-57.2843,74.7379,-71.3862,22.0679,-43.7538,17.9816,-35.7394,-21.7001,-81.1587,38.2406,-51.4253
-2.6225,25.2690,-89.3372,-15.1219,-32.4942,-12.1411,-36.6327,-0.3894,-50.4589,45.6327,-82.0380,9.6376,-34.9215,-17.3409,-68.6550,-16.7556,-80.2619,35.2947,-56.3503
-50.9389,-3.7669,-80.2211,2.0185,-40.6690,-7.5175,-44.6782,19.8079,-85.6768,60.1269,-118.3628,-23.0750,-3.6324,-9.7331,-76.0880,21.6311,-74.5896,23.6865,-59.8262
-147.3911,-4.4576,-82.2305,35.0710,-24.7722,12.5778,-25.6229,52.8910,-108.9931,110.9215,-141.0029,-35.6461,28.4718,18.9542,-62.2259,44.7861,-75.1783,32.5535,-31.5213
-176.7960,-10.8061,-83.7001,16.9562,-5.9040,15.1891,24.5040,90.2612,-92.3037,106.4126,-146.3236,-58.0521,17.7163,-4.4378,-39.9692,10.7206,-75.6215,58.6036,63.0790
-174.4215,-46.0596,-58.3996,-36.9457,-6.6503,-4.9348,75.2751,125.7894,-62.1067,28.4460,-149.8766,-103.8657,-11.6691,-59.5703,-19.1531,-35.0248,-68.5542,71.3562,154.7099
-169.9175,-49.9444,-18.2530,-49.0845,3.9481,-5.1670,107.6648,118.6688,-32.3033,-52.6570,-128.4673,-140.7869,-13.7414,-72.5304,8.7981,-41.8026,-57.0154,71.7370,165.8818
-96.1483,-1.6787,6.4852,-6.2134,46.1205,27.0905,132.9424,67.2641,-5.0880,-56.0229,-73.2694,-146.1479,0.4041,-48.3177,34.1954,-27.0745,-31.2634,61.5977,133.3283
20.1527,33.9212,28.3374,42.8003,91.5275,43.7309,144.3456,40.7989,-1.8695,28.8592,-21.6355,-127.1062,18.4982,-40.2789,20.3581,-19.8025,13.5323,25.1112,115.4285
72.4412,18.1586,69.6863,52.4720,112.9929,26.2700,114.8722,50.9340,-42.7553,92.7479,12.2629,-107.1533,51.8773,-53.3761,-17.9949,-26.7207,50.0808,-1.5317,101.8938
72.7484,-10.4938,116.4053,22.7261,122.8602,21.2086,59.9398,34.0575,-107.2410,36.4630,45.9537,-102.0064,74.9514,-60.6026,-15.3327,-46.8711,54.4293,26.1921,76.7153
94.4715,-6.0422,150.2991,4.1245,137.3763,38.9100,20.5540,-6.1978,-134.9643,-67.4076,82.1951,-98.4036,60.6924,-59.3246,28.3030,-58.9732,42.0377,45.2436,45.6696
130.4585,17.2298,170.9070,10.2093,134.7302,23.6770,-10.5832,-13.6626,-102.8249,-95.5651,124.7492,-83.1759,44.4375,-63.2734,38.7035,-42.5084,47.0031,-14.0181,10.1759
153.1056,12.0816,178.9644,-14.2080,103.0604,-28.7686,-50.3148,-4.1561,-70.2834,-59.9643,180.4595,-76.3741,63.6036,-67.8597,2.8248,-18.2919,79.7454,-79.1437,-8.6230
161.5804,-18.6853,175.7262,-60.2624,84.3964,-48.2130,-60.9701,-16.9141,-75.2414,-34.6250,223.4377,-89.2102,101.0880,-55.0225,-2.0328,-13.8459,113.8845,-70.9110,8.7834
149.7244,-23.2801,158.0323,-47.2921,96.0604,-17.6179,-24.8395,-30.0671,-72.1555,-43.3790,228.0562,-83.9156,125.1452,-28.4868,49.5419,-26.5762,128.5515,-48.0404,27.2726
138.9303,15.4701,126.5862,10.1525,95.9742,8.0438,5.3905,-28.1082,-55.0791,-85.3714,207.7039,-32.4218,121.8920,-11.4429,74.8551,-49.3779,138.2545,-59.5726,19.8050
151.3344,65.7496,111.9963,33.5723,82.0353,12.9408,4.7507,-34.1651,-82.5787,-131.7051,180.5844,20.0161,97.3078,-7.4725,25.4889,-77.4821,149.3711,-44.8000,26.8383
145.6557,94.9977,125.1551,33.6535,89.4180,20.6765,16.2568,-40.5943,-122.7056,-133.5703,153.0970,14.2978,75.3580,-9.2307,-23.6202,-99.2859,145.7303,15.3323,69.5796
112.7279,84.4223,114.4769,40.5602,88.3208,16.9637,62.8518,-28.1902,-77.6105,-120.7421,125.4838,-28.4206,68.3307,-30.3022,2.3869,-117.6366,138.5990,51.4791,97.0454
115.5756,40.1198,62.8179,15.6628,46.3440,-17.3825,116.9012,-26.0273,36.3742,-159.7570,87.5334,-49.0179,68.6727,-71.2268,66.1108,-136.2579,147.5241,42.0558,80.7226
146.9029,-8.1686,36.7754,-45.1052,19.8331,-56.4159,141.4187,-51.4371,127.0810,-192.1048,59.8240,-53.3791,75.9795,-98.5634,96.0305,-125.8614,147.5110,20.1700,63.0716
149.9732,-49.5804,66.2790,-83.7652,41.9781,-76.2246,113.6957,-58.6110,180.0134,-108.3545,83.5674,-74.2217,81.6749,-104.5292,94.8568,-72.4159,126.4483,-8.6573,78.3997
151.0785,-76.2347,98.9053,-76.9862,60.5127,-77.3034,66.4542,-22.5029,228.4529,35.4301,115.1678,-84.5322,68.0385,-114.2176,109.9753,-29.1989,127.0153,-29.9063,108.4828
157.6502,-53.9878,103.4377,-42.6988,61.1678,-57.4212,75.1699,7.7324,256.9129,82.1782,76.3614,-59.5242,58.1730,-120.8887,132.9063,-42.7498,155.5031,-6.8829,129.8690
105.6312,-2.6383,95.4228,-12.9357,81.5836,-31.7180,132.8442,-0.9079,224.1272,25.6650,14.9206,-35.0249,77.5356,-101.9152,96.5835,-63.8390,159.6684,32.5715,147.2999
43.0625,2.1406,81.6145,-23.9747,106.9202,-33.4860,148.1727,-1.3592,139.3707,0.9935,15.7353,-21.9552,85.7406,-76.2291,7.2223,-19.2991,130.2453,25.9167,164.0078
65.0960,-23.5472,68.5279,-53.9110,97.1191,-58.0533,106.8939,45.5607,74.9688,36.0989,36.8882,4.7907,57.8898,-71.7268,-21.1198,48.0822,108.9390,-11.5724,160.3317
91.2013,-3.9524,67.0602,-47.9886,60.5538,-74.0339,72.4839,90.9205,74.8530,21.5643,27.8731,12.7617,42.4512,-85.5535,38.7921,27.9978,114.8652,-29.2917,134.0044
42.6335,22.3346,61.5233,-32.6126,22.3280,-80.4337,46.7877,77.9743,78.3326,-43.0701,32.6023,-33.4386,47.5297,-112.3506,52.7522,-59.6900,136.6828,-40.8433,113.6882
34.9869,-15.7730,42.5955,-58.1908,-7.0676,-89.4092,-3.0047,39.6929,27.3435,-18.9683,58.8277,-73.6293,22.8179,-143.0788,-33.8650,-78.8684,146.6894,-77.2160,96.4041
117.7101,-56.6381,40.2832,-84.4032,-13.6956,-94.8410,-50.6749,34.6266,-16.4566,90.4266,68.3720,-50.1331,-10.2636,-140.2932,-93.2286,-14.3105,115.9635,-112.9271,45.7944
152.8389,-27.0833,71.5052,-66.5664,14.0895,-87.9286,-64.6460,43.3350,7.2178,112.9345,78.7581,1.3499,8.3230,-87.0582,-50.0322,15.1635,67.0834,-110.6967,-19.4285
101.5960,23.0597,105.3805,-33.7821,67.4141,-60.7398,-55.3385,16.6535,44.0858,27.3717,82.1822,39.6180,48.8273,-29.4989,17.3806,-13.6506,57.8226,-80.5394,-34.9218
71.2274,38.3174,110.7043,-7.7485,117.1947,-17.5342,-31.2096,-22.2873,44.5708,-4.7865,19.3716,61.4603,54.2905,-14.7766,40.4240,-25.5041,86.4666,-56.9726,-1.7981
78.0227,41.1171,97.1309,15.5009,135.0265,3.4525,-4.0672,-16.2210,30.0204,42.8427,-65.8103,50.0449,41.3353,-33.4228,26.6905,-28.3276,103.2048,-52.0980,19.4270
62.6974,50.7635,90.1613,21.2987,125.2135,-13.4169,2.2161,16.0163,4.1221,25.9521,-78.1447,1.3191,41.8907,-59.8699,11.7710,-69.7821,95.2590,-47.6933,12.0813
25.6949,52.5675,90.4594,12.1305,107.2699,-18.0420,1.4864,0.2914,-29.9369,-93.9371,-51.4640,-39.3233,50.0792,-90.6895,37.2259,-116.1630,70.0913,-25.2847,5.0298
-19.6068,44.4218,79.6034,12.9550,80.7910,17.3942,26.0746,-67.4319,-15.9102,-193.2016,-55.3378,-36.3183,56.5734,-112.4329,83.6579,-131.7023,22.8719,11.4790,11.1642
-68.9237,46.8249,54.1440,26.8811,58.4288,53.7676,67.2743,-112.9855,48.8790,-183.9609,-62.8371,-8.7919,58.2411,-99.5077,71.6257,-130.8498,-20.3472,53.0640,21.1452
-76.8105,75.6070,27.1919,55.9863,67.6364,74.2788,96.9095,-106.8889,64.9676,-118.6604,-49.8825,7.1765,51.1368,-64.5213,5.5035,-106.8242,-15.6508,94.0542,18.6842
-16.6179,114.7252,11.5851,101.3269,89.5575,102.2530,95.1972,-87.7564,-16.8505,-106.5147,-34.5864,15.2566,37.7186,-34.6169,-38.3203,-62.3860,27.6364,119.0380,-0.4782
61.8667,133.3784,23.7130,129.4681,93.5797,131.6450,47.4812,-69.0464,-120.0146,-167.2525,-4.9613,49.9110,12.5623,8.3079,-64.3646,-48.0533,61.8400,119.9536,-13.6469
99.2682,135.0602,59.8980,132.1964,89.8620,146.1960,-26.9724,-41.1427,-165.5345,-207.2172,33.9888,90.0933,-26.9167,70.1387,-108.2745,-62.2415,68.1164,116.9582,-13.1191
91.9673,136.6709,74.8292,146.9391,68.5248,156.8007,-88.5362,-29.3087,-172.6948,-170.7136,37.1500,68.0798,-54.9117,93.8050,-138.4888,-46.9148,59.1844,118.7205,-30.9368
74.9934,123.9334,56.4449,159.7040,16.7219,160.2420,-139.4027,-37.9657,-199.4314,-114.6833,5.5207,18.6855,-65.0259,71.7540,-146.2267,-6.6794,44.0920,102.5470,-68.8363
61.1715,97.5054,58.3929,130.7983,0.3066,141.9095,-184.8483,-19.5030,-226.3271,-88.6283,-32.5308,46.7342,-88.4279,82.3737,-158.1485,11.6898,21.5879,67.7877,-80.8092
25.3535,91.0155,88.0273,98.2149,48.8815,114.4591,-182.9117,20.3954,-183.6751,-81.2386,-62.7565,108.6302,-110.0963,122.8089,-145.3509,0.6216,-7.1502,41.1201,-70.6240
-10.4559,96.1013,87.9866,96.9656,70.3972,81.2708,-131.7234,11.4752,-104.5724,-88.0645,-28.2564,77.5534,-78.9197,93.6828,-101.0360,-36.5261,-34.3686,15.9723,-94.6348
30.3948,71.6053,58.3255,76.7732,31.0968,27.2462,-99.0414,-48.0910,-98.2953,-91.0135,96.2109,-10.5648,-21.4590,0.4052,-87.4398,-86.0047,-58.3606,-32.2138,-150.8643
117.6491,22.0867,39.2790,15.0917,0.0740,-24.4998,-104.8561,-82.6507,-143.1910,-46.4919,185.2505,-47.7278,-9.8783,-47.9177,-97.5432,-95.8451,-86.5362,-84.9440,-182.0842
122.6108,-24.2111,10.6215,-39.6082,-26.1311,-47.3067,-105.8054,-58.9497,-119.8320,7.7827,135.2604,-51.9463,-38.7917,-30.0279,-74.6975,-54.3866,-115.9955,-107.6396,-172.8869
44.3331,-63.7100,-42.8446,-77.5170,-80.3233,-73.3720,-94.0822,-12.4483,-51.4791,-9.8004,41.8197,-68.4005,-54.5451,-13.0425,-52.0738,-16.5736,-143.4817,-100.7272,-158.8300
-10.9703,-98.6440,-74.3338,-124.3013,-110.1560,-120.8101,-94.5081,14.6338,-58.1184,-45.9632,19.0697,-84.1438,-51.1941,-29.7772,-65.9896,-1.4196,-181.7517,-79.5286,-166.2672
-36.0735,-125.2153,-77.7212,-154.4209,-102.5686,-141.9397,-107.2639,13.4053,-119.1725,19.2016,31.1433,-108.6872,-56.1266,-66.2855,-65.3035,14.3282,-214.1918,-51.9501,-180.8649
-66.2170,-128.4480,-93.8753,-132.2797,-108.2830,-118.5005,-123.4351,6.8483,-133.9173,136.9452,17.6037,-128.4647,-76.6556,-82.2527,-41.1880,23.7802,-190.5111,-29.0597,-170.5893
-65.3751,-86.5274,-112.2783,-84.8319,-100.7859,-91.4219,-137.2175,4.7136,-115.2847,146.6445,-9.0940,-85.2669,-89.8372,-42.6833,-50.3409,19.4178,-124.0204,-13.3666,-140.1470
-45.8012,-31.8546,-114.3367,-55.1986,-54.6660,-67.0222,-128.1709,-10.1519,-119.8657,43.6200,-30.3970,-30.1002,-68.9143,9.9289,-83.8760,15.5997,-93.9617,7.9182,-124.9072
-80.4060,-28.7288,-131.6699,-37.3088,-41.5837,-21.3109,-85.8327,-20.0268,-126.2129,-19.8695,-48.4909,-56.6383,-36.6657,14.2248,-98.9146,1.7538,-111.1774,27.9255,-113.0373
-136.6139,-53.8039,-168.4070,-11.8654,-80.1421,14.9900,-35.1632,10.9731,-108.8844,12.4851,-59.6054,-95.1910,-44.2066,2.5134,-110.8912,-22.8377,-116.2198,16.9562,-63.6260
-142.1406,-52.1290,-185.2713,-11.1187,-112.9926,-7.9896,-14.0938,45.8861,-84.1822,48.2827,-59.4266,-64.5133,-68.1232,4.7602,-135.0963,-10.6769,-117.0722,-25.0961,-11.9134
-147.9489,-70.5968,-177.6750,-71.8177,-141.5412,-71.1224,-36.4342,37.4592,-35.5134,55.5462,-51.9092,-54.8055,-43.1502,-32.3658,-141.6120,48.1173,-165.5783,-57.2558,-23.9178
-211.3526,-144.6434,-167.0893,-142.7303,-164.0114,-114.8629,-63.9074,34.6748,65.6573,114.3267,-55.5417,-118.2448,-1.0277,-97.8881,-105.0487,98.4082,-227.6681,-55.1433,-68.0826
-270.5241,-188.4747,-162.9463,-149.0063,-134.0832,-115.2414,-38.5845,81.7786,170.5001,225.0147,-92.7489,-159.0621,-15.7536,-104.1268,-27.2283,113.3079,-236.9106,-40.7517,-68.6830
-271.9235,-160.3568,-180.0826,-117.8080,-88.5325,-90.3095,30.7701,124.4835,200.9938,278.7641,-140.2586,-147.2017,-52.3942,-68.4864,60.9008,107.4662,-212.0155,-36.6253,-28.4354
-250.1317,-134.9108,-210.1748,-111.7742,-82.1561,-72.9987,75.6615,122.1204,151.8741,247.5265,-142.0443,-142.3678,-39.6662,-60.6055,106.6216,87.3376,-199.1359,-31.0191,-0.5652
-228.5074,-136.8041,-200.2646,-114.0749,-61.8478,-84.4926,72.5421,103.0885,71.6174,205.4051,-94.9093,-137.0557,-0.8204,-47.6819,92.9107,67.3972,-190.8186,-15.1669,-8.0719
-187.6579,-120.9454,-138.1240,-98.5300,-8.5293,-103.4498,57.3559,78.4871,0.4798,176.3690,-49.1803,-108.6288,18.2267,-7.7442,58.6910,63.2223,-178.7503,-5.9267,-29.8998
-141.1732,-94.9472,-81.4595,-89.3620,2.3702,-87.9893,48.3725,41.8879,-35.5868,125.2300,-40.1184,-90.4510,20.7654,-4.7973,37.5262,46.6213,-176.0875,-1.9554,-26.9746
-133.0272,-86.5019,-65.0304,-79.0501,-28.5653,-42.7482,38.7904,15.6919,-33.4107,51.1873,-71.8846,-76.9393,5.8076,-24.9945,24.1803,-2.7248,-159.7809,20.9503,1.7473
-152.5841,-70.8139,-65.3067,-34.7225,-34.8768,-11.1764,35.8030,13.1138,-27.7715,-6.4850,-116.4276,-27.5586,-20.5249,9.9669,2.4711,-37.4447,-107.7977,51.3077,8.2372
-135.7042,-20.8593,-53.8422,12.9097,-11.9762,-2.7465,46.8350,25.7610,-43.6454,-13.4115,-120.3025,39.6610,-14.2580,63.9461,-21.6634,-20.6460,-63.0382,51.9908,-8.5663
-74.3047,46.1711,-29.5319,20.9596,24.5931,6.5955,62.4259,50.1612,-52.1575,17.9133,-74.0650,87.0258,22.2360,68.0199,-18.1192,8.5094,-54.4053,26.4776,10.5275
-37.6414,81.8889,-13.8479,12.4835,56.4023,19.9549,71.4913,67.4195,-25.7039,34.2196,-31.2604,112.5307,27.1479,69.4631,17.0163,16.4599,-40.8557,2.6597,56.2485
-44.6074,58.6983,-24.3382,21.1408,31.5036,28.4648,67.4562,59.5019,8.0298,35.5455,-20.1656,120.8519,-7.6403,112.4247,38.0205,33.9907,-6.3326,-15.2381,63.9476
-38.3934,34.3153,-44.6961,45.6358,-30.1588,39.4838,48.2687,51.0446,12.4424,67.7106,-19.9568,121.4680,-40.4259,144.6870,23.7108,74.9850,15.7196,-23.2585,46.5416
-19.8073,76.7487,-44.0596,75.4262,-43.0684,52.4850,17.8323,56.9330,-7.8474,78.3059,-23.2450,126.5780,-65.1919,140.3881,8.6118,86.3607,37.9085,-8.9826,42.8462
-36.7768,128.4435,-17.3810,92.9484,-23.0792,55.6076,-16.2515,52.4559,-26.0658,-9.2392,-36.0767,118.5886,-81.6555,134.7666,8.5859,41.5447,94.3497,11.9147,25.1944
-53.8858,111.1657,19.7564,86.4398,-32.2758,60.0974,-35.4000,40.2442,-26.8827,-91.7832,-54.6344,90.4364,-73.8644,129.0761,2.8823,-1.6184,147.9242,21.2768,-2.6661
-12.9887,87.8358,46.9393,81.6827,-34.9707,83.2553,-21.0146,40.5062,-18.9743,-45.1916,-80.9144,82.6707,-66.6848,106.9923,-22.2816,2.9287,155.1763,36.5686,18.0262
48.8552,121.2332,49.1230,96.5966,-0.3893,100.8652,9.6806,33.5470,-17.4764,27.9322,-100.6569,104.1567,-84.0427,89.6586,-69.7685,31.3014,138.4277,60.6135,54.0727
77.9705,130.5966,40.7898,91.4858,17.5901,67.7826,20.9449,11.6469,-4.7568,8.6488,-79.2731,101.2773,-90.2135,84.8352,-107.1957,68.4594,107.8955,55.2796,21.3933
74.3662,65.0797,40.4816,36.7610,-2.8397,-8.1333,16.6430,7.9229,44.9518,-7.7697,-36.4349,62.1456,-71.5092,70.0396,-69.4953,120.3836,45.7985,13.3917,-34.3046
27.8505,13.9511,28.0588,-17.1984,-28.0407,-48.8010,18.9744,21.6944,85.2303,51.4700,-30.4003,47.2257,-63.0496,60.4642,17.1229,140.3274,-10.3339,-15.2294,-17.6383
-56.3443,33.8451,-3.6193,-5.8265,-43.6523,-0.1527,11.5948,21.3148,40.6851,68.0185,-45.6759,80.9601,-55.5639,93.3018,34.5547,91.2135,-10.4080,5.2129,32.3573
-93.9018,70.4285,-8.5541,50.1976,-43.2404,78.0690,-18.2307,9.6967,-53.3991,-12.4662,-26.0466,108.5496,-21.1842,142.3366,-20.6670,42.2453,16.5272,55.6894,25.9197
-39.0581,85.6000,30.4202,78.0019,-19.7642,94.3614,-28.2565,4.6221,-85.4809,-56.5187,6.8940,92.8233,9.9812,146.9931,-31.0195,60.0936,19.8884,96.2664,-17.2317
26.2286,95.6051,60.5432,67.6894,12.6246,67.6758,12.1327,13.7569,-40.1708,14.0699,3.4119,72.2180,22.4643,114.1126,20.2985,100.3386,4.7310,109.2709,-23.2662
33.8647,99.2141,47.5515,68.9777,38.7089,70.8492,59.4022,50.9412,-3.7357,105.2299,-13.3404,77.0145,45.0002,95.5062,50.0770,114.3210,-1.3069,104.7690,12.1861
28.5801,86.2694,22.1013,85.8058,45.2112,93.1741,59.0992,102.6132,-16.7801,133.0758,0.4897,74.8160,57.5221,91.5723,41.9790,121.1557,19.7360,91.7068,38.0987
53.5018,84.3718,20.8131,87.0859,32.3556,93.2110,26.5276,115.9844,-30.9429,132.0132,38.3565,56.4071,32.1187,75.0678,27.5315,121.7880,69.5067,70.4982,33.4163
68.0129,114.4124,41.1103,86.4018,36.4829,89.8850,19.7617,74.1530,4.2346,137.8303,69.1012,64.4217,18.0157,65.4087,16.6536,92.7239,115.1615,57.7531,26.0700
40.5957,133.7046,51.2493,93.4730,49.7342,96.2685,57.2348,22.2239,75.7597,116.4072,69.4005,90.1223,36.3479,83.6738,36.9730,58.9167,132.3654,67.7733,40.0141
16.4537,98.8032,31.4469,74.9071,7.3249,88.4982,98.0073,7.0390,126.2221,64.9233,47.1262,80.0584,31.3867,96.4243,102.1220,56.0269,146.0472,76.3000,61.2787
27.8109,50.7097,3.6154,46.7151,-55.0494,74.7351,104.7963,30.9667,127.1774,40.1317,53.6895,51.0563,9.7144,79.9880,154.9907,67.2277,162.8540,62.5825,66.0412
37.5461,51.2040,-7.9032,59.2873,-41.7256,69.3280,95.7855,45.3897,113.8328,33.2810,113.0896,48.1798,30.9835,59.4060,158.5996,58.1413,148.5633,49.4962,45.2268
38.4949,80.0430,-10.7638,78.9621,-4.3647,48.4903,100.9332,2.8620,116.0635,-19.9785,169.0613,44.7498,65.5676,44.4551,147.2433,21.5289,118.8468,50.3128,-0.0612
84.2221,88.5111,-2.8485,59.8347,-28.8321,19.7460,101.2601,-63.4648,108.2338,-85.4235,175.6513,18.6217,58.6002,19.3993,133.8842,-22.6683,132.6764,47.4984,-41.6246
159.4008,85.8371,30.7161,49.1559,-39.3248,21.3277,75.6016,-83.1931,75.8887,-76.1537,159.5605,14.6581,47.3175,-5.7434,104.6226,-51.3920,182.9502,47.6241,-35.5137
181.3983,94.8607,66.1211,69.4356,23.4907,35.2265,61.7543,-63.0716,49.7855,-29.3655,142.2249,42.4229,71.5001,-11.6801,88.8517,-73.4630,210.7050,66.7938,10.4747
161.6373,102.3151,75.6722,62.1838,72.4981,29.9304,91.5252,-56.1267,41.0384,-48.3537,117.2888,47.8093,103.6983,-2.1735,108.6694,-103.4296,200.3368,78.4686,48.3537
169.3143,85.1834,84.6578,23.9428,72.7978,21.9423,125.7872,-66.6277,38.8404,-123.9066,106.6132,17.8122,123.4149,15.4138,131.0656,-109.1689,172.5052,54.5996,70.7302
174.8273,31.8790,113.0733,-1.4028,87.2295,6.7977,129.1907,-74.5623,62.8646,-159.0197,118.7672,1.6969,131.5085,30.8024,144.5468,-72.4613,143.3875,7.0625,92.5103
133.0613,-33.0979,131.8777,-33.1893,120.5854,-40.5744,123.8996,-75.8944,114.6860,-111.4220,111.8043,34.5269,123.9248,25.4118,169.6625,-43.4420,133.9192,-46.9886,98.0221
102.1170,-49.9850,128.5681,-80.5209,141.6783,-83.1149,117.5086,-60.1824,138.0861,-34.0342,84.0145,91.7188,121.6992,6.3829,179.9259,-41.8711,151.9910,-89.1152,91.8608
126.0390,-16.7938,127.3478,-83.1751,159.7685,-77.4319,99.1525,-29.1728,121.7221,-2.4090,88.6007,109.6643,140.2856,-2.2972,145.9610,-25.3330,169.1176,-87.1503,118.3896
167.3317,-1.2567,139.2227,-35.9353,180.9104,-50.5198,113.6225,-18.9468,125.0583,-23.2239,120.8468,65.6178,141.9784,-7.2205,114.3323,-5.5594,165.1054,-49.9596,174.2429
204.0852,-10.6034,157.6043,-9.5758,200.8184,-34.7376,187.8479,-44.4240,143.6046,-43.2057,126.2041,19.9699,111.9813,-22.7160,117.6398,-27.4899,160.2654,-38.0244,208.4601
224.8440,-2.2854,169.7294,-25.8640,212.8987,-33.1269,237.6364,-71.0900,116.2784,-45.8094,102.8822,25.3267,93.6830,-36.1791,109.6918,-53.0086,166.5530,-74.2836,209.9137
192.9470,-6.4768,160.8588,-53.0105,185.3925,-52.8674,200.0608,-64.8730,73.4707,-56.3385,80.4466,55.0487,94.1003,-38.7368,85.6063,-32.1894,155.9446,-118.6071,190.3036
134.3488,-52.2963,147.0961,-73.6926,128.2934,-77.2233,147.5838,-25.7634,85.7447,-63.4719,63.0965,72.5105,85.5682,-32.1782,106.9651,4.7879,113.6037,-138.7753,145.3025
111.8410,-76.2370,158.9867,-75.5852,111.5171,-74.6555,148.2660,21.9229,116.6762,-34.0631,54.1623,75.7655,84.9561,-11.0416,153.0011,31.8824,74.6437,-135.4230,104.0924
100.0037,-49.3087,173.9751,-50.4818,137.3846,-59.5730,159.3804,53.1945,103.7322,16.0168,53.0361,65.9770,101.8792,10.6991,141.4951,54.4364,74.4419,-114.4159,107.3637
70.4769,-20.4250,148.1994,-15.6459,144.4930,-41.8464,132.3884,58.7056,70.7536,26.2105,44.7061,62.8202,95.3496,13.5445,93.8717,42.4921,101.3454,-85.2948,117.5008
85.2429,5.1586,103.8992,12.4450,128.0172,2.4463,79.5114,32.0322,36.3343,-43.3371,48.8781,94.5034,66.2983,21.5183,76.5718,-12.2538,121.1567,-63.5778,81.2170
142.1720,31.2998,89.9849,26.0226,108.8518,36.3146,28.2042,-21.3875,-13.5535,-145.8009,87.1997,122.2835,64.0405,45.8510,56.9713,-53.0632,111.1008,-49.9145,45.3771
132.1929,3.0831,95.3444,10.1521,84.4506,6.6436,8.1536,-50.1090,-26.2106,-183.4251,101.9062,84.0491,80.8067,37.8479,-3.5587,-61.2636,59.7530,-28.3988,72.6659
43.5114,-66.7167,81.2414,-26.3238,73.1770,-27.6109,29.9160,-18.7287,30.0602,-152.6372,48.8504,8.9004,70.8268,-10.4677,-55.8043,-67.3800,-15.6400,0.2253,115.4845
-12.0281,-83.5583,48.3939,-48.0213,78.5086,-11.4835,45.2594,10.2612,50.4003,-137.3612,4.3951,-35.0108,37.2492,-41.9209,-70.2005,-69.1840,-57.1936,7.6428,97.6423
13.4255,-47.9771,24.2026,-50.4967,61.4620,-14.2640,7.7449,-24.4060,-21.4311,-139.7193,28.9626,-52.1265,2.0629,-58.9630,-68.0645,-73.0291,-33.8024,-14.1362,37.5423
67.8543,-35.1624,17.7535,-54.2834,26.4126,-64.3157,-52.3652,-72.1843,-61.4269,-114.8485,55.4020,-74.3122,-37.5311,-103.8404,-48.3295,-111.4052,12.7744,-26.9823,6.7716
99.2214,-42.9701,12.0364,-52.7697,7.2480,-78.8098,-73.8257,-81.5399,1.1451,-109.6181,34.3098,-87.1172,-74.0770,-139.1153,-39.3900,-151.1973,43.5877,-13.3505,33.7735
89.3374,-35.0992,-1.2417,-31.5957,-6.8408,-46.4579,-39.9039,-93.6842,53.1153,-147.0340,15.3509,-74.6064,-87.9046,-124.5100,-102.1276,-147.9221,75.1738,-14.9398,84.7113
58.6227,-24.5042,-6.5730,-8.5940,-16.9186,-37.3201,10.5097,-130.6781,27.7831,-148.5336,13.4100,-66.5109,-83.4945,-112.3772,-174.4772,-147.4138,110.7362,-52.2509,102.6381
46.9785,-33.9295,-2.7067,-15.6302,-12.3556,-53.4691,20.3352,-146.0901,8.3742,-124.0648,-23.1255,-96.1444,-82.0016,-133.3853,-126.9795,-170.1689,107.6745,-87.3916,65.6859
45.3118,-77.4561,-9.4022,-60.7635,-38.1961,-70.1366,-19.6075,-130.9928,34.6510,-164.3190,-88.5072,-143.5686,-99.8254,-142.1158,-6.3240,-154.3558,57.9346,-102.3709,16.6035
13.5814,-141.6133,-18.9197,-109.4443,-96.0782,-103.5119,-57.9728,-124.2314,42.2705,-215.6564,-124.4878,-155.7995,-135.4748,-132.2415,28.6853,-117.5531,17.0630,-113.3748,9.0063
-31.9093,-150.3723,-8.4611,-113.2554,-99.0154,-129.8564,-63.3103,-129.8872,7.5689,-177.3031,-132.3510,-128.5949,-156.8502,-136.4142,-33.1441,-140.4216,22.6731,-115.3242,33.6672
-44.3090,-80.3698,3.8497,-79.9972,-45.2644,-108.2453,-55.8604,-131.1334,-30.2767,-123.1633,-148.2063,-117.7512,-136.4124,-139.9613,-91.2917,-186.0571,50.2282,-104.5907,36.3187
-27.8027,-41.9019,-2.4209,-68.3311,-20.6607,-80.3135,-57.3053,-135.9156,-64.9882,-152.9006,-149.8181,-143.5301,-98.6989,-128.8344,-120.3938,-180.8740,57.5891,-98.2438,-10.4870
-13.2572,-82.9064,-0.9165,-87.6803,-22.5461,-86.8819,-80.4183,-151.3456,-107.4110,-200.8867,-102.0257,-156.6326,-82.0359,-128.1438,-145.7436,-172.0630,32.4778,-87.9377,-84.4113
1.2707,-90.0628,16.2254,-85.4988,-9.9668,-86.9218,-125.3907,-174.6768,-124.5580,-184.6614,-42.5197,-126.9141,-83.5047,-134.2356,-157.4528,-208.8676,2.6097,-69.1329,-148.3470
22.2299,-25.0486,11.1940,-53.7069,-24.5005,-66.3971,-159.0106,-217.8312,-100.0770,-167.8900,-25.5042,-86.1194,-89.3191,-129.3026,-148.3824,-239.9041,6.0770,-79.4994,-187.8352
14.9939,-6.5503,-20.7482,-44.2761,-97.2260,-68.3146,-164.3510,-273.1394,-85.5807,-241.0734,-40.0643,-67.7186,-103.7311,-128.8616,-129.4099,-230.8422,32.0563,-110.0229,-202.5626
-45.6753,-67.9530,-45.5083,-63.5651,-174.8256,-79.1660,-160.4704,-282.6722,-108.9506,-335.4254,-60.8268,-66.9480,-121.2395,-120.5238,-96.1186,-206.9736,20.6566,-94.9672,-184.6131
-90.1657,-96.4781,-54.3614,-56.7509,-195.5108,-52.1213,-144.0214,-224.1756,-136.5302,-301.0227,-90.4550,-60.4912,-133.0690,-74.4374,-74.0051,-187.5608,-31.3279,-48.4644,-150.3259
-13.7116,-45.1161,-53.8235,-12.0046,-152.5974,-14.6867,-136.6283,-179.1725,-184.6720,-172.3821,-94.2812,-44.3865,-153.5176,-45.8190,-130.6318,-197.0278,-39.8138,-43.0166,-157.2952
138.8832,7.0532,-40.6663,14.3384,-111.0588,-19.5246,-217.0357,-211.2032,-304.6698,-135.6345,-21.6380,-52.9359,-186.4728,-98.8987,-249.8798,-240.2807,7.6944,-68.8174,-216.7310
186.0577,-5.7780,-31.2473,-9.7018,-136.7965,-54.1567,-340.8835,-245.0454,-418.8363,-192.8287,75.6408,-108.0776,-204.8572,-170.4848,-308.1765,-242.1867,-6.7470,-81.9397,-248.7263
76.1481,-68.3107,-48.6089,-56.8026,-179.6190,-85.4217,-336.2803,-197.3524,-393.2734,-181.1127,93.1823,-167.0673,-199.8628,-179.1055,-260.0079,-158.9296,-122.4951,-95.3340,-215.4184
-47.9967,-128.8155,-77.3035,-102.5766,-163.6673,-116.5960,-217.7818,-129.7594,-276.0236,-106.9638,31.7042,-189.1982,-192.9257,-163.8059,-195.1600,-77.6291,-214.1868,-109.3444,-195.8253
-103.5089,-155.5842,-90.2697,-143.2421,-137.5847,-149.6188,-178.7065,-126.1137,-216.1816,-79.6468,-29.3870,-202.2321,-181.2798,-176.6876,-157.8593,-66.8706,-216.6418,-96.8775,-232.8502
-145.3736,-155.0985,-86.6191,-158.7677,-147.4307,-155.2905,-232.8553,-147.1287,-215.0866,-58.0147,-59.1846,-223.5182,-144.9464,-178.6827,-110.6525,-75.0189,-209.1568,-78.8804,-252.8159
-176.2842,-132.8882,-75.6618,-129.3599,-132.9427,-115.9429,-241.3778,-136.1553,-189.1560,1.2091,-76.5552,-209.9000,-109.1348,-137.2457,-83.2107,-68.9372,-213.2188,-72.5028,-211.5522
-149.1727,-75.2994,-69.9993,-70.2286,-89.3034,-59.3135,-201.7144,-115.5235,-143.4910,17.9315,-97.9088,-158.9274,-112.2359,-97.3630,-119.4721,-91.1849,-168.1853,-39.0748,-157.0125
-120.6696,-6.1807,-80.6905,-10.0389,-83.2226,-21.1611,-181.1837,-98.5491,-114.8866,-12.9928,-125.8169,-136.1383,-122.4788,-97.9089,-145.2553,-138.3834,-106.5259,19.4340,-118.8682
-146.3300,19.0248,-91.2808,30.1519,-91.1827,2.0147,-159.3858,-61.1944,-99.0456,-19.5135,-139.4665,-152.4803,-86.1661,-108.3044,-113.1097,-148.2455,-98.9264,45.9190,-86.8059
-153.3575,8.2848,-78.8291,35.9011,-68.2923,26.4347,-129.5282,-19.1488,-88.5269,-11.6784,-126.2531,-149.0190,-36.6730,-87.6313,-105.5433,-109.1941,-110.6770,35.0334,-73.4704
-123.6309,12.8304,-62.5604,21.6712,-63.8339,35.1310,-124.9457,-10.4320,-45.6873,-5.3209,-124.1365,-117.1612,-41.3790,-52.1569,-125.0724,-68.9674,-103.3805,21.1337,-83.2986
-157.6892,18.3645,-81.2524,19.6143,-104.3177,10.9296,-117.7470,-28.1209,87.8865,18.2365,-155.4451,-103.6503,-79.2179,-38.8718,-56.5410,-51.9207,-116.6055,5.8985,-86.1491
-223.2071,-14.4194,-133.1648,19.3327,-145.0344,-20.5640,-84.1877,-30.8796,259.5565,34.4657,-173.4788,-112.8608,-94.7715,-38.8861,70.1120,-35.2003,-149.3969,-15.7925,-74.9011
-175.7913,-52.4808,-176.5054,-12.4156,-168.1725,-34.0755,-66.4772,14.2462,335.4444,71.5584,-145.7392,-114.4933,-102.3914,-27.5984,100.7865,0.9772,-155.4124,-35.9962,-59.1763
-69.1340,-58.6370,-176.6568,-55.4472,-167.9360,-42.5647,-73.9554,91.1859,286.2975,190.0593,-97.2946,-107.2492,-118.1778,-17.5961,38.7595,41.3147,-157.0328,-54.5723,-25.4637
-67.9028,-63.0369,-142.4028,-63.9693,-126.5221,-52.9742,-75.1689,134.8149,193.0937,281.3365,-51.3316,-92.7132,-99.5298,-15.9260,11.7630,70.5871,-187.3082,-59.1786,16.4318
-129.8319,-77.0672,-115.7625,-41.0880,-72.9404,-46.5357,-65.3934,122.9725,125.6357,237.4232,-21.0514,-50.0129,-42.5330,2.5695,41.4617,98.5680,-203.4867,-33.1399,26.7086
-135.9790,-64.9725,-109.2824,-19.0998,-41.3710,-25.0704,-33.2013,111.3063,114.3358,182.5720,-20.0579,11.5059,-2.2007,31.8956,58.8213,117.1262,-180.8464,1.3546,9.5028
-128.2366,-36.4597,-89.1154,-12.2326,-17.4822,-12.8546,33.8015,125.9478,150.7733,190.4644,-28.5689,51.7817,17.7580,39.8875,40.3755,101.5870,-159.6029,17.0697,-3.0452
-135.4277,-29.7928,-50.3530,-19.2931,-3.1767,-11.9827,93.0192,132.5200,192.5931,138.1543,-26.6634,67.7330,49.7151,41.0201,20.2601,82.4366,-153.1077,21.9310,-12.1070
-83.4821,-27.8862,-33.2486,-25.3245,-13.7872,-7.2893,114.6807,126.2388,223.2487,37.8698,-31.2178,81.6711,73.5240,61.5319,36.0661,111.9760,-138.1247,22.7157,-14.1150
-20.5901,-5.3796,-40.6303,-9.0556,-20.0454,3.6357,135.5705,131.1151,253.0418,45.3216,-24.8151,79.0223,70.5723,73.2107,84.3111,160.8244,-116.8328,17.5760,15.3707
-59.7616,14.0196,-36.2997,18.0189,-9.7130,14.0021,172.4414,144.9383,270.3012,153.6749,34.0720,33.2854,72.4365,46.1707,132.5409,164.9315,-102.5999,16.4920,52.7989
-116.6328,16.2636,-27.7678,23.5092,-13.1595,18.9742,194.3215,161.4909,275.7398,248.8030,99.8728,-25.6558,86.4954,8.3746,182.7283,129.1831,-88.2574,15.9644,52.3483
-56.2211,22.8885,-43.5423,18.3247,-15.5872,22.9651,190.8961,173.7159,285.2972,267.1312,101.1906,-24.5232,93.8777,8.5938,243.6337,90.4893,-62.5980,12.5795,32.8748
51.2676,40.1553,-53.8144,39.1273,20.4936,40.6545,175.0282,158.9998,258.0008,177.2133,67.7201,57.5876,108.0514,57.4155,263.5787,68.4010,-25.2417,34.5029,40.8105
86.2679,49.9229,-23.0658,67.5226,70.3266,64.5095,156.8824,134.5941,163.6700,70.1830,52.1847,130.8964,132.1872,105.7842,217.7830,87.6318,11.4220,78.4276,79.9365
70.5126,39.7370,14.5040,57.3286,95.9867,61.3363,145.9721,143.4928,78.5715,105.1847,43.8305,103.2180,142.0079,97.5196,179.5982,137.2888,33.9010,97.3034,127.3116
67.2475,30.3598,26.7838,39.5864,109.1338,45.0436,135.1137,160.0769,59.8864,197.8840,40.0418,38.6844,150.6813,61.1243,187.7994,152.0538,62.4633,103.7861,156.7733
89.9222,69.3553,45.6797,83.7685,132.0574,74.7153,116.3973,140.8061,52.9925,144.7796,54.1513,64.7176,170.9801,69.0567,184.5649,132.1134,133.3411,139.9390,158.5600
118.6851,142.5681,85.6043,153.0251,159.5604,135.0920,109.7534,120.0066,24.8796,26.7442,56.1416,148.8596,162.5129,108.6227,146.9312,154.3839,224.5634,159.1061,163.2299
122.4847,158.0053,105.2590,149.5489,173.3317,145.0571,112.2709,128.0279,9.1231,36.8128,36.5579,178.8610,126.6370,122.5610,115.4342,207.5508,268.3566,114.8957,183.0069
127.5032,108.7086,103.6421,98.3930,176.0337,107.7309,85.2825,125.1886,-1.1252,118.2747,48.2639,178.3404,122.7189,124.2001,93.0946,200.1973,248.8251,75.0669,167.3414
191.9559,95.7704,133.0567,97.8215,191.7969,94.3459,38.8225,97.6419,-23.6981,132.3663,105.6656,205.6409,139.7914,138.9932,54.9270,141.4354,218.5488,90.4043,114.5217
254.2241,119.4837,184.3562,122.8083,212.8829,100.7448,25.6069,88.2973,-13.4736,94.0778,155.6453,199.4789,127.0864,138.1358,20.2337,124.9129,211.5209,106.7730,114.7157
205.4986,87.7083,197.0828,93.8189,205.8524,84.1531,45.5974,114.8103,46.1770,69.0345,167.3161,128.0416,113.0137,116.5905,27.9421,166.6030,202.1795,99.1173,184.1052
111.7122,31.2178,182.4290,57.9654,188.9893,69.9126,57.5196,154.7889,93.2243,79.0231,163.7184,75.1999,131.8657,107.1906,68.8914,202.8582,176.0151,104.1602,225.8064
113.3509,40.5116,193.1421,85.6156,199.9966,82.6556,53.2960,178.2440,91.4797,108.5381,183.4844,73.7005,149.7269,109.2947,81.6225,193.4871,173.4799,107.2199,207.4375
188.0916,83.4271,214.1298,118.4175,214.6600,84.5823,57.3976,161.6501,66.7135,102.0287,235.3461,81.6705,156.6465,112.8848,32.6265,151.0460,207.4794,75.0651,190.6814
225.8162,97.3806,211.3154,94.4947,207.3935,64.5174,90.9155,124.1529,48.7468,51.2881,271.7306,99.4112,175.8576,126.7668,-15.9376,119.2915,212.7551,45.5100,199.2424
201.5689,87.0306,205.2274,59.0413,198.0606,55.6917,144.6191,119.7764,58.2093,41.3594,245.3317,122.4458,182.3817,133.0390,10.9775,130.7395,153.1796,50.7382,212.9812
163.8369,53.7804,200.9987,53.1422,185.0216,57.3483,177.9896,153.9343,96.5661,104.5044,187.6662,109.3251,161.8576,116.9530,82.5081,161.6301,94.7244,55.6814,221.3820
161.2732,25.4625,170.6218,60.0551,163.4136,58.4888,172.7039,170.9923,120.7444,149.8154,164.7275,83.7383,166.9522,113.2146,122.7705,165.6075,97.6597,48.2976,198.0806
173.3930,68.3119,145.5018,74.6558,162.1903,77.5245,150.0724,136.4069,93.3605,107.5791,184.4911,97.3623,210.0555,134.5842,122.6732,141.6338,131.5377,62.8478,133.9120
125.2765,136.8618,166.9472,96.5948,161.6958,102.4834,120.4248,78.1994,41.2081,39.5089,198.3537,124.9462,220.7639,143.2039,110.1463,119.0722,146.5468,89.7792,91.4583
54.2868,131.7894,175.2226,104.7406,112.9173,98.0781,85.5386,52.0907,1.3497,47.8591,157.6671,136.2487,156.8105,126.9180,96.0760,103.8308,135.5785,88.9567,101.5327
90.2216,107.3230,111.6250,103.2670,50.0528,86.0346,62.2852,76.9025,-37.4930,108.4133,73.3902,151.8184,61.6662,106.6130,80.1744,75.2647,111.1992,73.3553,93.5036
183.2515,150.0370,34.2216,116.0708,20.9671,101.2121,43.5299,104.4710,-72.4276,103.7869,25.3365,171.2378,9.0228,97.0741,50.1128,20.8686,79.8744,69.8316,30.6282
149.4328,194.7212,2.5955,133.7972,-0.7007,114.1899,8.9133,87.3443,-39.5276,41.4668,45.7810,180.4699,17.3536,114.6283,8.3501,-33.1892,34.2672,52.9602,-26.2371
11.4875,177.7376,-15.4541,132.5425,-29.9297,95.6735,-18.1935,52.4070,80.1918,37.5126,52.2265,185.7446,20.4485,152.6296,-4.5665,-41.3807,-26.1072,12.3636,-41.9293
-50.5148,138.0869,-49.8277,112.4873,-56.2085,73.5422,-22.7147,48.6392,179.7806,86.1081,-5.8920,164.8093,-31.4884,163.8773,7.7039,-1.2421,-68.8300,-0.3566,-45.8341
-22.8190,93.8821,-85.8550,92.2421,-101.1973,71.0708,-45.3329,69.4445,164.4259,104.3172,-61.4093,106.2547,-83.4159,139.9257,-26.7675,46.3330,-73.9618,31.6168,-49.2082
-33.6762,58.7603,-119.6169,94.4094,-146.2350,80.5147,-92.3213,81.2943,91.4711,103.2681,-73.8957,74.6468,-79.3934,132.4213,-111.5303,78.6779,-72.3856,58.8193,-45.2001
-124.9776,84.7701,-140.2247,120.4651,-134.6179,102.1850,-113.5640,79.2926,46.1783,92.9720,-89.1068,98.3753,-58.7049,157.7851,-166.4952,93.8910,-80.6160,76.6487,-48.6704
-217.2775,134.5775,-125.2704,142.4340,-97.6335,135.1377,-106.6101,83.6720,-6.8279,41.6343,-122.9145,106.2599,-64.0431,179.7600,-183.6686,89.6240,-79.7819,129.2132,-59.5133
-214.0377,119.8193,-109.3500,148.7960,-97.0403,157.8257,-115.5698,104.0734,-117.2877,9.8823,-154.6902,69.9681,-88.7334,177.5270,-223.8060,87.6075,-90.4335,190.9140,-53.3387
-131.6951,75.6859,-141.2347,152.3065,-113.7869,157.9689,-146.6535,117.4012,-234.4933,50.5279,-196.9746,48.0714,-134.8401,155.3113,-278.0059,103.0525,-144.3304,198.0899,-33.9681
-111.5840,72.0135,-185.1256,143.8217,-123.6821,143.3433,-174.9714,100.4521,-299.0624,93.2518,-247.1851,56.9019,-186.1233,123.0880,-292.2200,93.8363,-203.0528,173.7673,-32.4088
-198.7981,78.7849,-184.0248,115.5686,-134.9673,121.5126,-191.7032,70.7574,-317.8384,114.9139,-265.3177,47.0551,-196.9591,95.2708,-281.5904,44.4889,-221.9020,172.7708,-69.2407
-249.1389,67.0513,-160.7098,97.6699,-142.5752,101.3488,-210.9684,48.3416,-315.1219,141.4274,-252.3519,1.2859,-195.9472,78.9993,-302.4388,27.3730,-213.8643,168.9814,-143.9382
-191.4785,48.6930,-165.6176,95.5377,-171.3605,91.2009,-248.9825,26.4146,-314.8118,103.9394,-243.9892,-38.7887,-245.4211,77.6458,-345.4933,75.1483,-200.0714,126.1203,-223.7826
-146.0185,7.7045,-201.1271,71.1170,-241.3173,80.9963,-288.8823,20.2280,-335.2852,13.7994,-246.6967,-35.4248,-300.0549,94.2077,-341.8214,117.7296,-204.3042,82.8251,-262.2347
-179.7333,-36.3476,-239.7336,32.6753,-274.2915,58.4751,-302.2071,44.9701,-352.7079,19.9244,-251.1935,-6.6650,-296.6286,106.2388,-289.0489,112.8721,-248.9193,68.6464,-268.3731
-211.9047,-21.2769,-252.9223,28.3454,-227.9985,37.0573,-314.6241,49.5250,-349.1947,98.7505,-245.6216,4.7876,-285.4011,90.9055,-285.3237,95.2664,-285.8943,47.1097,-298.0938
-199.1730,23.8536,-232.9234,44.8821,-193.0766,35.2355,-353.6687,5.8690,-356.6950,101.0670,-206.7734,-4.4427,-303.1121,69.3077,-357.3494,87.9458,-265.7572,6.6295,-344.6427
-188.5405,24.7208,-213.4700,33.2511,-208.1196,41.5538,-363.5171,-13.4424,-363.8508,62.1156,-146.4977,-22.4217,-289.9964,53.4254,-380.8369,84.1387,-253.4154,-4.8730,-336.8370
-197.5857,0.5291,-222.6839,3.0265,-220.3538,28.5810,-305.2526,24.1641,-310.8881,55.3563,-112.8442,-59.7937,-235.5448,13.6929,-303.0024,74.1623,-297.3246,24.0652,-268.6642
-186.1438,-4.6973,-237.2014,-7.7561,-237.3967,-1.8230,-245.5787,43.0477,-236.0109,15.3277,-105.6591,-94.7672,-200.7769,-39.8019,-252.5612,40.2271,-318.4029,43.1308,-213.4962
-146.7358,-3.7735,-229.2529,-2.2947,-261.1727,-13.7338,-231.0667,14.7089,-239.6230,-43.3119,-88.6567,-81.6407,-183.4922,-56.9243,-287.4403,-9.0459,-284.2650,34.2963,-203.3115
-140.1500,-1.5565,-205.5267,2.5157,-225.6020,9.5520,-221.6021,-3.3015,-296.4740,-15.7331,-76.2345,-46.0803,-149.1492,-45.2803,-284.5062,-30.9749,-267.0020,35.4273,-201.0902
-185.3898,12.8019,-183.7557,11.7625,-157.1388,35.3755,-196.1904,3.0411,-297.5140,63.5255,-96.2499,-40.7597,-125.1354,-45.4708,-192.3369,-25.1323,-268.6012,58.0546,-183.1091
-201.5963,24.4974,-182.4960,24.3371,-142.8401,32.7415,-172.7453,5.7909,-230.9201,97.1014,-118.6264,-47.9394,-131.1065,-45.6767,-125.4713,-25.1529,-243.1398,70.9584,-162.5277
-159.8732,29.5034,-204.9772,30.9203,-148.9166,24.1004,-152.2741,17.0295,-162.4029,77.4985,-113.2972,-42.2109,-134.0962,-19.4421,-147.9697,-18.6457,-219.9754,69.3158,-146.0658
-138.1096,41.6689,-207.2239,47.4220,-121.0011,46.9795,-145.2483,49.5756,-123.5426,38.1197,-103.7746,-44.6634,-134.8557,12.2090,-193.9135,11.9539,-208.5885,78.0160,-129.1534
-141.5387,55.6612,-156.1510,83.6247,-103.9415,88.0146,-166.3647,68.3324,-115.9437,19.7275,-107.7692,-63.0893,-163.3688,12.1934,-203.4153,30.8948,-161.9126,91.1340,-119.8455
-118.8734,61.0751,-104.3890,98.3128,-114.8322,97.7162,-180.9302,38.6483,-124.7607,22.8107,-105.3862,-93.3200,-189.4682,-22.0239,-174.3538,13.8434,-115.3795,76.0828,-130.7439
-143.4878,46.9355,-107.6456,61.4554,-123.4437,60.9473,-161.2904,-24.7590,-95.9482,-10.8405,-92.2029,-136.3148,-170.2384,-56.9245,-115.4622,-26.3975,-137.3653,24.4827,-153.4172
-254.4537,3.6376,-135.1230,14.5959,-150.1110,14.5477,-139.1460,-66.6979,13.1906,-30.8246,-91.3917,-151.0101,-142.8536,-68.1419,-39.3434,-86.8262,-181.7440,-40.0794,-156.2796
-286.7975,-31.4564,-152.1735,-6.5143,-193.8504,-11.9187,-126.6984,-51.8631,161.0549,68.1294,-105.2611,-110.0165,-155.9556,-72.6340,26.0988,-144.4060,-178.6103,-84.7588,-121.9325
-179.3957,-19.0088,-176.9494,-26.2361,-197.2557,-31.0883,-96.2278,-18.0052,251.1677,176.4750,-108.2584,-74.1164,-176.2178,-84.5813,46.0328,-146.1376,-142.6305,-92.2522,-74.8822
-121.1460,-2.3524,-198.4272,-47.3356,-160.9701,-50.2499,-56.4726,-19.0238,233.9978,156.4589,-85.4712,-85.6989,-154.7090,-88.2570,10.6623,-98.4981,-100.7334,-76.1896,-40.2887
-174.1584,-23.4710,-171.3483,-38.2289,-130.4797,-46.3824,-36.4604,-42.5662,156.8456,113.1000,-47.5150,-105.1165,-110.2406,-90.6925,-27.1610,-62.5223,-62.6935,-55.1289,-8.7867
-176.6352,-43.3188,-110.6771,-22.4588,-112.0595,-22.0242,-24.1314,-58.6525,99.7749,104.7570,-13.8362,-110.7472,-75.4337,-108.3609,2.8822,-56.4174,-44.1136,-28.7892,17.9250
-88.0107,-46.8598,-72.7715,-41.6997,-99.9622,-15.0733,6.8150,-81.1217,88.3235,31.8275,5.1068,-108.5715,-38.2076,-110.3291,93.2431,-63.4897,-34.1597,-7.3594,12.0715
-29.3748,-72.2996,-63.3469,-68.2797,-83.7261,-31.1880,59.0920,-111.8043,110.8216,-32.6274,13.9519,-85.7921,9.2444,-85.8651,183.5149,-76.3336,-26.5470,-10.8877,-11.6711
-37.0005,-101.0930,-51.4667,-73.0354,-37.9488,-44.4433,116.0312,-113.4445,165.8156,23.5392,24.6939,-66.0776,40.0884,-82.4525,253.2426,-73.3936,-44.8101,-21.7396,-5.6924
-44.0495,-87.3614,-23.8202,-76.8285,15.9145,-53.4037,139.9980,-77.1762,217.6936,63.4193,44.0364,-86.3670,45.6522,-96.8646,294.4757,-44.0844,-52.9661,-11.2601,17.8070
2.7575,-54.3376,18.3205,-68.7367,38.8210,-59.4587,105.2714,-39.7982,200.3894,14.3415,71.7170,-107.7184,54.0502,-79.6804,271.9720,-32.7638,9.3879,7.5292,21.8193
89.8698,-39.5658,59.4091,-20.6682,61.5053,-41.3713,60.2310,-29.0807,137.3163,1.5599,95.9087,-92.2301,84.2982,-49.8925,214.9181,-66.7823,85.4565,25.2730,38.1705
121.8792,-36.6852,74.3092,19.9677,111.7731,-9.0126,79.8382,-34.6331,116.9834,4.0144,87.7689,-76.3653,125.9947,-41.8579,220.0052,-99.2074,96.3811,58.8905,95.6387
49.0347,-37.3708,69.4009,1.7566,144.9147,-0.4273,146.9020,-28.3102,123.2080,-54.3169,45.3847,-81.1828,162.5687,-30.6289,278.3904,-85.6776,87.3517,84.7122,139.3404
-9.2920,-40.5376,74.3742,-35.0233,135.6682,-9.1709,177.7328,-11.6032,73.4531,-80.8042,31.7737,-88.2221,189.8830,-16.9860,276.5962,-45.2476,101.0420,64.1197,130.6782
53.6412,-35.6609,85.4139,-39.6624,115.0979,-3.6195,161.5056,-22.0473,-1.2644,-97.0586,87.3698,-89.5725,209.0047,-27.9192,217.3529,-23.0131,102.5642,31.3768,109.9202
146.0539,-21.8058,77.6908,-22.5513,104.4275,12.2974,160.9903,-61.0998,-9.2675,-225.7873,138.6803,-66.9759,207.4032,-32.2784,217.5704,-38.3861,110.6541,31.8836,102.1680
137.1150,-9.9735,54.5386,-7.0385,97.3079,23.3832,182.9198,-71.6994,41.3352,-311.2371,101.2785,-21.4356,168.1523,-10.9384,275.4885,-62.0637,151.6710,31.6262,93.0967
43.5966,-14.4023,24.6359,-6.6353,71.7249,25.8787,182.1881,-27.8405,90.1536,-183.0999,13.7622,-3.8404,107.5101,2.4023,281.3176,-47.9099,142.4099,-7.0058,94.1683
-34.5574,-44.2176,-17.8680,-28.3401,20.9697,9.0445,173.2745,25.4308,117.8937,-31.8815,-40.2130,-4.8763,64.8208,23.5819,226.8633,-1.3559,48.9600,-54.3876,107.2971
-47.1197,-73.4642,-51.1174,-49.1143,-11.5808,-18.4511,182.5097,42.7774,111.7472,-20.9457,-55.8865,39.7258,45.7603,79.9316,182.5931,33.4801,-17.7868,-84.7335,88.4759
-30.9604,-68.1938,-43.8012,-42.8503,-9.6270,-22.2680,153.9554,29.6573,73.6849,-26.5827,-66.4667,98.7661,24.8470,119.9563,153.4789,51.6624,-7.7867,-113.0884,36.0546
-38.3831,-45.8752,-15.2344,-21.9236,-30.7946,-3.8117,62.3268,23.9178,53.1276,10.1955,-77.2745,111.5710,-3.8290,125.7829,123.4984,81.2313,11.7179,-134.6382,7.8201
-47.2863,-27.5418,11.6285,-2.7144,-67.0626,9.4173,-0.9171,47.2783,60.1530,13.4537,-79.4385,111.1801,-24.5019,153.1074,114.5497,124.2908,28.2148,-116.7127,16.5288
-16.4609,2.7388,64.3066,18.5115,-24.4681,23.6519,18.5443,72.7818,48.0957,11.8367,-55.0249,113.5456,-25.2907,183.6952,120.0685,160.6810,66.9723,-59.6719,28.2487
28.5355,31.0307,139.2815,36.2064,81.2839,45.9426,63.9255,69.3505,33.3841,58.9419,2.3165,93.4231,-3.8618,157.7900,109.7909,173.3401,88.8454,-6.0456,45.3205
72.2173,36.6558,167.1467,42.6594,137.1415,56.9813,96.0633,59.6914,59.5274,107.8470,46.5714,85.7559,26.2313,115.3827,80.3203,156.0951,78.1768,21.3301,83.4841
132.2241,52.1486,140.7476,48.1121,133.1424,64.4879,106.5751,80.2531,63.1542,124.7233,39.0285,58.5024,41.0194,114.9221,16.3641,128.1125,69.4007,46.6770,115.1093
154.8687,58.7136,137.0886,57.8865,131.8985,86.9242,58.3966,136.9379,-21.2740,131.2098,14.4808,-108.8372,34.8610,134.6756,-85.8287,117.0223,38.3993,82.6506,115.5328
95.5693,-9.6970,158.8031,60.8096,129.9316,97.3809,-21.8348,223.7426,-118.1866,137.0485,2.5208,-308.7448,24.0943,139.4559,-149.8129,124.2084,-32.6682,98.9227,108.6902
42.3242,-75.1124,131.0115,41.0625,99.7151,73.2700,-43.9519,300.4691,-146.5347,123.7652,-16.2507,-267.4065,27.2164,101.2055,-126.6155,138.8886,-56.6603,83.6828,124.0306
58.3325,-26.9041,68.1360,-10.2329,57.4518,32.6982,-15.4397,304.3715,-131.3852,79.8117,-22.4392,-32.2670,55.7380,1.0764,-77.1971,150.2968,1.0392,58.8477,159.5352
73.7965,17.7351,55.4567,-71.6413,35.6273,-16.8841,8.2962,264.0689,-83.8356,69.9803,19.1079,79.3351,96.9670,-92.4337,-30.6412,136.9201,28.4135,20.8155,193.5669
57.5954,-64.9512,90.0669,-103.2632,56.2125,-65.3442,63.5704,258.8057,11.4194,161.9759,55.4633,-1.8111,118.3512,-93.1892,42.8829,104.7329,-17.3120,-31.0941,202.1535
64.9558,-126.0717,108.1240,-98.8401,107.8715,-72.8851,154.6620,247.3009,84.8080,241.4392,33.1707,-75.4730,120.3032,-52.6750,91.1499,95.7277,-20.1160,-49.0280,178.7290
87.1299,-46.6686,110.7475,-76.3764,144.8191,-47.8191,182.5500,159.8412,78.6964,170.5414,9.1146,-56.7491,132.1038,-68.8096,65.5356,106.1648,61.0950,-30.8336,141.3112
66.6009,22.3582,124.4963,-43.3320,141.8074,-47.3070,144.2036,80.3693,65.7230,73.9275,32.4878,-38.7424,146.3104,-117.9274,56.4636,95.2924,109.6097,-46.8296,100.8854
16.8936,-11.4689,119.2901,-25.5941,102.9372,-65.9432,136.9836,87.7575,92.8469,101.4067,51.6766,-81.0534,136.6582,-127.4845,108.2142,83.1320,65.2886,-91.2419,43.2608
-5.8824,-31.0452,67.1046,-51.7672,32.7064,-61.3195,140.3109,94.5371,87.8060,137.4141,28.5121,-139.8541,110.5457,-99.3172,112.4175,97.7473,7.5874,-84.2997,-25.0658
9.0037,-4.0362,1.0690,-84.1570,-35.2981,-49.4915,86.9540,42.2089,38.7893,80.0186,-0.8856,-164.0798,74.1806,-72.1197,48.1919,84.0834,1.8066,-41.3451,-49.8058
14.8420,-16.1251,-38.0434,-76.4225,-55.2379,-53.5238,48.0593,4.5185,29.1724,31.4874,-7.8746,-170.3940,19.9465,-60.2564,29.7126,15.2050,24.6998,-35.3713,-0.6141
-24.6208,-43.1208,-56.9051,-60.7951,-44.0760,-55.4970,86.2058,2.3737,49.3174,34.6156,0.3920,-193.9021,-22.3546,-58.7551,57.8255,-26.3136,33.1494,-44.9768,67.5693
-74.2108,-25.2951,-88.6483,-70.4449,-45.1977,-56.4323,113.8465,-14.0652,20.9880,27.3710,9.0247,-212.5039,-22.6705,-61.5052,38.1982,4.0149,4.2277,-19.2229,77.7476
-100.9099,-17.4345,-138.2385,-76.6566,-55.2703,-64.9643,70.5197,-22.9628,-25.7939,25.2476,0.5563,-191.2552,-10.9059,-72.1418,-9.6673,39.2521,-53.0136,16.1131,23.4716
-135.9215,-42.9416,-165.1522,-66.4240,-51.1029,-52.1214,22.8255,8.3387,-18.8965,44.0685,-17.3952,-147.9276,-9.4014,-97.1527,-22.5294,34.3710,-87.6487,31.3784,-36.5467
-167.7868,-19.6857,-135.6214,-52.7462,-19.8645,-12.9210,18.7534,37.2143,9.7747,31.9732,-15.9147,-115.4271,5.8350,-136.0032,-28.4444,18.4166,-72.0282,41.8362,-47.1149
-140.5874,58.5328,-76.1937,-18.4241,29.4096,14.3728,38.7340,44.1794,11.1837,-7.6653,-11.8017,-104.0065,28.3932,-184.0569,-48.5224,11.5626,-45.7065,46.5942,-4.3265
-97.5615,100.2133,-37.9098,34.0770,48.0819,24.2490,72.2284,55.1601,14.8362,-42.9406,-38.4328,-106.8709,28.2095,-218.6175,-49.1162,5.7896,-26.4618,26.4228,38.7728
-94.9884,95.3617,-27.5412,57.5972,18.9531,34.1012,99.5609,50.6440,36.0037,-85.0932,-62.4104,-94.9332,21.5891,-211.0896,-42.7016,-5.9906,28.0620,-14.8106,25.5803
-75.8944,109.2159,-16.9800,49.3654,0.7269,33.7891,77.7951,8.5113,41.6711,-112.0787,-53.1888,-53.8204,20.3870,-184.4513,-53.0751,-31.0411,105.5905,-57.4449,-32.5274
-48.1290,136.7836,6.3176,47.1768,5.9261,19.3754,17.1038,-31.2721,33.0138,-105.1616,-58.9405,-18.1688,-17.1151,-183.3600,-35.2323,-60.1332,120.0441,-79.7850,-87.2262
-104.1020,132.9845,24.5080,47.4953,-28.2603,6.4970,-35.9750,-48.1241,14.8399,-122.9488,-97.8387,-1.0417,-101.6402,-188.5661,15.7584,-62.7888,64.1443,-70.6016,-137.5798
-154.6228,119.7640,9.2474,41.7963,-97.1112,2.1078,-87.1675,-68.8932,-58.8462,-162.6855,-112.8122,29.0154,-176.1197,-168.2484,6.8121,-33.3069,35.3140,-43.7845,-198.4947
-61.3217,135.9220,-31.5949,59.5543,-140.9089,21.6001,-156.2937,-81.5633,-179.7068,-135.2625,-103.1214,62.8200,-204.5323,-151.3590,-91.1272,2.7283,75.6813,-13.6330,-232.5228
47.9618,158.4126,-43.3418,98.8985,-157.3361,71.8035,-210.8349,-56.8366,-246.1742,-69.4461,-114.7149,69.0387,-209.2332,-149.1154,-182.8556,27.2589,126.5711,15.2655,-213.6171
29.3207,153.6672,-8.2164,113.5946,-158.0991,101.5084,-232.1310,-32.1749,-230.3462,-79.9546,-106.8737,64.1540,-217.5373,-128.3332,-209.3250,29.1507,141.3856,21.9423,-192.7265
2.5249,126.8715,10.9500,89.7232,-145.5532,67.1388,-253.6810,-49.2566,-224.9536,-138.0160,-34.2492,52.6629,-231.5643,-110.6238,-209.9320,1.8415,123.7936,1.2508,-207.4503
52.3295,88.6492,-27.7718,53.1672,-159.6016,10.2544,-274.4705,-73.3559,-268.3360,-125.1301,22.1551,10.7882,-239.6425,-139.1826,-211.3597,-34.1790,78.6874,-8.6429,-217.2103
56.3344,50.5218,-79.3184,27.1492,-196.1483,-14.4595,-259.5177,-76.1167,-298.5021,-55.7266,-9.6868,-17.7878,-235.4422,-170.0416,-195.5454,-62.0682,13.6050,-6.2824,-202.8137
-28.6383,37.8951,-101.7214,20.6734,-191.2097,-14.4077,-237.8676,-96.8707,-284.2177,-40.3231,-65.6121,30.7439,-228.7574,-143.7884,-166.1410,-99.5068,-44.9807,-45.4081,-213.3109
-101.8695,39.9760,-111.9376,14.7706,-168.4247,-25.4394,-254.9798,-143.0794,-246.6369,-81.7032,-79.2766,107.9987,-228.5375,-92.0969,-144.1812,-137.3203,-87.5244,-116.0664,-257.5297
-127.5282,5.8652,-121.6637,-22.7531,-191.2095,-67.3223,-267.5739,-158.8008,-197.2370,-89.6312,-71.8530,117.3636,-221.2628,-76.0880,-124.9543,-122.5282,-126.3576,-138.2390,-271.9909
-132.1651,-61.7923,-117.7152,-75.7900,-209.1039,-118.6497,-226.1756,-143.2788,-151.3367,-73.1399,-50.8236,59.1680,-185.8280,-102.5563,-96.8982,-66.0318,-150.1988,-100.4080,-233.6228
-116.3917,-100.0021,-97.9783,-94.7226,-169.2386,-129.4566,-178.5017,-152.3080,-126.7381,-112.0020,6.6176,8.1496,-130.2941,-137.1086,-73.3032,-61.0663,-137.2810,-68.1309,-189.3475
-85.5334,-89.4998,-61.8257,-76.2494,-116.7186,-99.2915,-171.1859,-174.3544,-108.8702,-158.6230,70.7687,-0.6122,-95.1522,-144.4389,-76.1723,-138.3562,-104.5261,-61.4326,-157.2580
-49.8250,-65.9198,-11.5492,-52.8250,-63.3957,-80.4709,-156.3138,-168.1538,-91.4558,-123.3105,95.7912,7.4474,-97.0993,-121.2221,-100.7602,-214.3323,-86.5927,-44.2126,-113.5333
-14.9624,-47.8621,22.2738,-35.9394,9.1144,-82.4305,-89.8856,-172.2403,-87.4602,-76.9281,91.8788,20.3515,-91.3795,-95.6068,-116.7152,-222.0390,-88.6047,-17.1415,-72.3693
-1.8732,-41.9982,21.8838,-31.9505,46.8262,-80.2502,-19.3188,-213.6130,-60.1418,-89.7894,85.3195,52.5156,-43.0923,-81.9713,-117.1018,-188.4243,-92.2844,-20.4220,-62.0757
-4.6987,-66.9225,19.2535,-54.9766,33.4232,-85.8465,-4.6711,-218.5326,26.0571,-61.8713,76.9441,62.9769,5.3353,-74.3369,-126.9916,-159.8797,-83.5807,-51.6313,-53.5349
0.5006,-111.9713,33.0443,-91.1269,38.9964,-106.6527,-20.2295,-151.4268,115.7276,46.3621,70.2075,-4.4587,17.7301,-79.6482,-127.7737,-144.1230,-67.3604,-64.6481,-15.6452
-13.3270,-138.9983,35.1656,-110.6218,62.3013,-117.0901,11.7902,-87.3552,167.4545,110.7404,76.9692,-77.7653,37.1121,-102.0993,-61.2565,-139.2178,-64.5316,-51.5080,20.4355
-48.0070,-137.9116,21.6766,-107.1655,52.6923,-112.1223,100.1447,-64.5559,216.3532,92.3891,93.0003,-47.1722,87.9750,-113.1846,35.8945,-148.1186,-68.5570,-42.3817,32.1329
-14.3580,-116.5328,31.4894,-80.9987,52.4947,-90.2791,161.9701,-36.9948,228.8302,66.8527,108.6894,35.5037,125.4381,-81.3645,50.4112,-157.3018,-34.4389,-32.0900,51.8943
103.8756,-79.8388,78.1602,-34.8909,107.1572,-40.4990,159.0421,6.6659,128.9837,44.7362,129.3274,63.6303,141.0344,-22.5809,-1.8431,-148.3956,28.4915,-1.3335,90.0034
175.0359,-64.3067,133.4782,-5.9650,160.8648,-6.6846,158.4414,28.5154,5.3031,11.9229,158.0942,55.8267,172.9651,6.8780,13.7154,-124.2957,43.0087,24.7773,112.8301
132.7953,-98.8070,169.3847,-23.3809,172.9721,-30.1792,200.9533,21.5392,4.1035,-10.0785,177.4656,50.3035,208.6329,-9.6999,110.5567,-91.1591,12.2362,28.9955,115.8244
86.7880,-127.6924,183.1227,-49.4332,186.4293,-55.4863,241.4856,13.3272,72.9978,-35.4240,176.9076,17.0286,219.4785,-12.8033,172.4364,-40.4370,28.1699,31.7338,128.9922
135.4840,-98.8511,195.6276,-42.6318,234.7044,-42.5459,259.3812,27.7849,90.6372,-70.6911,185.0131,-33.6038,234.0645,29.2527,167.6073,17.6936,95.6717,21.5696,166.5702
213.4051,-71.0603,222.7937,-25.6699,292.3382,-40.3968,277.4185,55.8649,93.9450,-84.1498,226.9592,-48.2781,269.6684,55.3219,164.8769,42.6785,141.9199,-20.2956,216.9075
209.1974,-95.1320,248.8824,-26.9995,320.4333,-56.3944,282.8615,49.5376,148.9274,-100.8265,268.3918,-15.3919,293.0402,31.1225,189.2391,24.1880,172.3650,-50.9873,252.2842
149.4538,-110.7648,254.6190,-38.0890,319.5550,-53.0465,273.0390,-2.7930,213.7183,-137.4884,266.4113,52.6958,297.3904,7.3497,219.1229,6.5206,216.5094,-50.1855,255.3471
135.0195,-83.4409,248.9941,-58.2604,323.1389,-59.8266,296.5573,-32.8841,255.3750,-120.5199,236.2329,119.0862,304.6947,4.9317,249.5898,12.5830,227.9813,-64.3330,250.1410
158.8562,-67.8836,240.4498,-85.5261,336.3083,-91.8278,343.0446,-6.3625,281.2616,-53.6452,208.6049,126.5182,308.8825,3.1049,268.4189,6.0201,203.6692,-85.8513,265.6594
168.4501,-68.3663,227.9559,-81.9655,337.1767,-88.3969,335.5910,17.9189,254.8851,-44.7752,194.9785,95.2649,306.3546,19.9942,251.5002,-28.6448,221.8658,-65.4009,287.6804
198.3176,-39.7139,234.5607,-37.6494,329.7358,-49.0122,279.4892,9.0337,172.3809,-91.6984,219.5009,86.0613,314.4034,55.0397,210.9083,-47.8805,280.4349,-39.8093,294.8421
253.4362,-14.3507,270.2635,-5.0753,315.6678,-32.2848,248.2452,2.4917,126.3263,-118.5430,284.9055,73.3268,319.8848,57.8623,185.3227,-33.2046,307.9813,-55.1313,285.4902
260.5483,-37.4404,289.1219,-12.6262,274.6048,-30.2090,233.9664,-3.8585,154.3907,-142.2007,333.8737,31.2668,299.4272,34.8678,189.8455,-23.5189,310.9022,-66.2038,247.1464
250.9416,-68.0851,270.8797,-30.6198,232.5076,-24.9051,179.1241,-41.1204,173.0317,-173.7842,340.4683,11.5765,278.2748,31.5245,204.7189,-32.3528,325.9763,-52.8416,182.2598
306.8341,-74.8101,269.8768,-32.9273,237.9871,-41.1437,110.4111,-88.1157,139.8487,-152.2449,347.7899,10.4068,287.4788,35.9386,199.9781,-27.9826,335.6846,-54.6427,134.1928
354.7263,-79.4323,305.9610,-16.3094,269.4106,-54.9176,98.7655,-115.0564,120.2774,-87.7373,357.6184,-18.0054,309.1189,38.8967,172.8514,-8.7863,339.9118,-56.4663,119.3841
325.7707,-67.5245,317.0498,3.7365,282.1656,-38.6195,139.6783,-134.1422,152.8803,-55.8863,331.6719,-16.3964,316.7523,63.0230,160.6428,-4.8217,366.6836,-46.1344,113.8797
320.4411,-21.5952,280.5265,-13.7706,274.1747,-52.0244,168.5220,-152.0218,183.9303,-62.1909,300.1532,66.8381,310.1253,77.0219,187.4200,-11.7174,393.0136,-96.4044,116.3934
370.9407,5.6266,254.6684,-75.8534,244.0999,-114.3317,150.2399,-158.4548,168.6620,-64.8565,308.7808,146.5554,294.1838,54.5771,215.6860,-4.4455,385.7484,-208.3893,127.7777
370.4493,-26.1927,260.8311,-123.3781,201.7068,-143.8344,108.2633,-156.2439,140.2262,-57.6984,320.7785,140.8803,275.2213,49.3490,199.3155,8.0051,360.5026,-253.9352,129.0182
321.1124,-94.6684,248.5920,-130.1748,182.4980,-123.8020,92.5441,-143.9424,136.7333,-63.0001,287.5856,72.3976,258.9932,64.2870,156.3915,1.6292,322.7841,-192.6910,141.9552
296.7952,-177.0058,190.8725,-142.3286,164.3078,-123.3786,127.9465,-117.9803,142.3273,-84.4296,214.2549,1.5023,228.1362,28.9789,133.5954,-19.8980,250.2195,-135.0644,196.0987
258.8156,-242.0257,117.0570,-175.9444,99.3432,-150.8076,179.4484,-98.3105,145.6286,-80.7811,115.1924,-13.6283,166.1670,-30.2226,128.4368,-36.9964,152.1322,-142.2177,241.8302
183.3616,-239.0139,60.0131,-190.1900,30.5795,-159.1841,188.3314,-93.9867,161.5880,-30.8987,14.7969,30.6418,102.1452,-31.1804,106.7803,-46.9727,73.2792,-153.0163,231.1469
147.9454,-180.4252,31.1829,-163.7100,15.6910,-135.5283,156.4082,-90.7578,167.2695,4.2466,-41.4591,53.0313,77.0478,-7.3873,73.6326,-67.2149,50.2503,-116.7014,202.5632
158.3450,-132.9901,31.2960,-116.8270,29.0375,-98.7960,144.0387,-98.8994,136.3611,-10.4634,-56.0213,13.7193,83.9199,-29.5154,63.8525,-104.7644,73.2027,-68.8843,187.0318
137.5824,-114.2735,47.2766,-88.0423,45.0681,-77.4825,168.2994,-125.4475,118.2079,-24.3708,-79.1648,-27.5982,89.1391,-67.7035,80.6817,-135.6815,91.8168,-61.7308,163.0399
78.4886,-96.4987,53.2978,-95.9414,63.2737,-78.8751,176.9439,-130.0456,136.8507,-39.1676,-118.4874,-30.7875,80.5379,-68.4324,99.1956,-143.3265,96.0592,-78.5646,125.7120
33.7074,-62.9418,37.6332,-95.6143,50.8634,-62.2026,135.5210,-105.1235,104.2783,-106.5861,-142.5917,-3.7339,59.8003,-44.1907,107.0698,-154.2457,130.7438,-67.8058,76.6527
40.7065,-14.2255,15.4096,-48.5611,6.9529,-12.5743,66.1415,-109.4728,-13.4474,-180.9292,-150.7035,45.0929,27.2363,-29.8061,101.7588,-185.6345,180.1466,-43.2517,7.2786
97.4035,19.7523,3.4500,-18.1694,-22.5985,10.7470,3.6943,-154.7363,-109.5734,-193.2210,-167.1732,84.2360,-8.2187,-34.6858,76.5056,-202.2710,172.1259,-60.6340,-56.0251
142.6303,9.8574,-7.7658,-59.8427,-51.1701,-25.5994,-31.6680,-188.9016,-131.0110,-170.8578,-200.1427,101.6243,-36.1785,-45.0676,29.0632,-179.8130,123.5719,-110.1863,-94.9002
132.0733,-9.6805,-43.4565,-109.7514,-110.3036,-82.2415,-42.3393,-203.0725,-150.4354,-154.5124,-240.1579,142.4144,-60.0855,-44.5414,-37.7111,-143.3774,106.1166,-143.3775,-138.3927
110.8838,-4.7917,-107.0649,-121.5672,-164.5724,-126.9773,-53.0219,-219.0047,-201.0996,-168.5912,-286.1220,202.6436,-88.9483,-31.2615,-118.3325,-111.8790,105.4886,-166.4288,-171.5620
103.7655,-11.7046,-172.3344,-143.5272,-198.8318,-153.8159,-72.6881,-222.8099,-244.8550,-236.1708,-354.6740,235.2656,-126.8499,-17.6091,-199.7053,-85.9150,76.5502,-201.3493,-149.8762
60.8051,-45.6582,-215.6586,-180.8504,-247.7752,-157.4462,-95.9766,-216.6765,-279.8505,-285.6983,-446.6194,263.8270,-171.6409,-37.3266,-276.0636,-84.3695,31.2991,-218.5056,-133.4972
-14.9610,-67.7309,-244.0315,-191.1307,-304.9273,-157.6938,-150.6647,-241.5618,-329.2499,-254.8984,-533.9930,297.9059,-213.8938,-121.0259,-355.4216,-117.8979,-10.9118,-189.1282,-207.5810
-68.1308,-81.1688,-283.4025,-197.8072,-348.0731,-178.1805,-242.6940,-302.8884,-389.0473,-270.4479,-611.3223,279.5250,-249.5212,-222.4433,-431.3885,-168.8394,-34.3548,-142.8387,-317.0472
-112.9155,-106.7988,-336.8982,-223.8108,-384.9578,-198.4675,-298.5319,-372.9099,-447.7997,-405.8338,-694.0884,239.4221,-286.2920,-262.1339,-483.7481,-231.8451,-26.3619,-130.0977,-367.4281
-183.0195,-118.1868,-379.6038,-231.9023,-404.1565,-201.3100,-291.7618,-438.8836,-486.3680,-483.0311,-755.5864,250.4232,-318.8032,-258.8183,-508.3438,-300.4267,-51.7344,-165.5416,-380.3483
-244.4600,-121.8095,-408.5785,-237.4655,-405.1328,-219.2219,-312.0234,-482.3935,-488.8450,-420.5964,-771.5171,251.0220,-332.8298,-270.8650,-514.7202,-337.5974,-177.6195,-225.2521,-424.6516
-274.4164,-168.6754,-449.9477,-297.9649,-430.1580,-279.2721,-396.0996,-495.3440,-487.8491,-394.9175,-786.8734,184.5346,-346.6094,-271.0840,-519.2930,-341.6033,-318.8102,-284.9842,-506.5367
-310.3399,-251.0559,-499.4607,-382.6393,-471.4198,-353.3408,-465.9329,-520.1273,-516.8057,-480.5087,-825.0001,119.4081,-386.4609,-237.5537,-538.2916,-356.1697,-367.3101,-334.4714,-581.3378
-371.6768,-334.9395,-524.3192,-428.8263,-493.0594,-391.0482,-491.8761,-569.3241,-552.7215,-564.2101,-835.3293,64.7646,-430.7496,-218.2581,-550.3367,-365.1541,-382.3546,-354.2175,-614.5616
-426.6124,-419.7818,-529.7787,-444.6243,-529.9832,-381.6605,-516.7928,-576.6419,-580.6616,-604.2304,-802.6261,-31.2762,-442.9509,-210.7818,-524.0935,-317.3727,-447.2397,-332.8410,-618.7009
-455.6584,-470.0522,-534.9013,-445.2225,-582.6119,-364.1098,-535.1396,-519.7551,-613.5269,-615.0954,-763.7021,-105.3130,-425.4657,-179.9666,-499.9980,-257.2488,-508.6346,-304.4933,-616.2227
-492.7599,-442.5946,-511.8876,-420.4764,-562.9393,-360.2458,-519.9002,-466.5317,-622.1624,-560.5156,-721.7933,-96.3111,-399.8039,-163.4264,-526.9752,-262.0087,-503.9529,-301.3078,-583.2686
-556.4361,-391.8216,-454.5367,-391.8336,-478.0753,-346.1504,-481.8288,-445.8060,-570.7263,-458.7362,-674.7564,-77.4856,-382.6957,-171.5436,-546.9379,-295.9875,-470.8710,-299.6447,-499.8133
-587.2613,-391.1405,-425.6005,-381.4277,-430.7685,-321.4384,-414.3097,-411.2333,-483.3487,-378.0441,-644.1977,-93.1626,-379.7379,-143.4111,-491.6718,-283.8633,-471.5806,-269.2878,-400.2660
-549.2755,-425.9962,-440.6515,-367.6483,-417.0056,-310.4598,-311.3555,-342.9159,-388.1655,-312.3311,-610.1819,-101.1902,-364.4289,-98.8725,-408.9010,-242.9336,-519.0652,-213.9218,-306.3014
-508.0754,-449.2689,-429.8042,-333.4214,-371.3335,-285.7530,-235.9534,-278.0065,-301.1971,-235.6293,-541.2083,-99.1826,-316.3081,-103.0398,-365.0826,-225.3918,-564.4975,-148.3977,-222.2702
-494.9915,-423.0445,-368.4167,-284.9900,-319.6188,-219.4532,-241.4591,-255.6714,-276.9688,-181.4528,-464.4639,-104.1463,-276.1375,-116.8972,-351.9499,-226.3754,-536.2166,-100.3476,-190.9802
-454.5533,-328.1463,-299.5270,-227.2165,-297.3022,-159.6230,-279.3905,-267.9768,-321.6981,-178.0308,-402.0202,-101.5969,-271.2482,-93.7604,-338.2506,-214.5893,-427.4073,-86.6094,-198.1554
-398.2214,-228.5789,-232.1850,-177.9161,-269.5813,-135.4650,-263.6490,-252.3621,-322.8356,-203.1698,-342.1967,-100.0639,-253.0835,-70.8214,-285.6642,-179.9708,-299.7050,-62.9019,-137.9636
-373.7904,-206.9385,-160.6049,-154.4476,-214.5273,-102.3343,-171.5913,-171.7202,-212.0988,-208.5628,-303.9359,-103.9221,-200.9938,-53.3733,-171.4321,-136.1647,-201.5005,2.5978,-14.3831
-319.1172,-219.7809,-116.5500,-132.7725,-141.5011,-48.8069,-64.4795,-84.9270,-76.3141,-156.9438,-294.6693,-77.5905,-159.5211,-8.7302,-67.7860,-105.3141,-162.2087,53.1290,38.0734
-208.0188,-187.1930,-100.3377,-88.2059,-56.5497,-15.0949,-17.6505,-50.5504,-3.3240,-60.0222,-261.6232,-25.7053,-126.2257,38.5907,-46.4252,-84.7034,-198.5732,51.1894,5.6921
-162.2704,-147.4013,-79.7593,-47.6626,8.0578,-9.7253,-12.8928,-29.0886,38.3637,49.4570,-179.0195,3.2572,-66.3161,59.7614,-29.2995,-43.7143,-256.7271,42.6299,2.1040
-220.6561,-158.8407,-75.5712,-41.8572,20.3259,-15.3374,28.1054,19.9141,97.0850,151.5047,-77.9848,-4.0948,-13.6171,64.4624,63.4582,26.7866,-263.2646,51.4762,41.8247
-281.0983,-181.8354,-99.2701,-48.4637,10.5214,-9.2884,95.5777,63.1209,139.0301,194.4434,10.1136,-33.0386,-2.2833,54.2271,148.4075,101.5242,-239.5678,69.4069,61.9144
-315.2089,-167.8489,-83.0757,-27.9171,17.6310,37.2290,127.0019,90.4908,116.8083,143.6811,48.1702,-63.8332,3.8458,50.5685,152.3724,151.8964,-242.5917,116.7422,75.1023
-325.6902,-135.1446,-14.7132,11.3480,25.2624,93.1871,143.2460,137.3902,66.9557,89.8992,27.5012,-73.0019,13.8078,83.3247,145.3766,154.2610,-255.4719,170.4271,113.8394
-228.7539,-108.4976,7.3965,28.7499,15.1492,92.8592,175.3122,183.1993,63.0681,127.9510,26.8049,-67.7925,-4.9506,106.6704,175.4877,117.6277,-232.4527,165.7714,152.2373
-49.7223,-76.5148,-39.7418,27.7338,17.6872,68.5511,176.8718,179.7050,93.6702,200.6798,94.5742,-65.3167,-23.2786,80.0736,191.7189,112.5266,-174.4052,137.6947,171.0767
33.5516,-26.6420,-51.0189,49.1530,61.8003,89.5041,140.7818,157.7301,86.8369,226.8837,165.0129,-52.9479,4.7507,60.1518,171.0677,175.9061,-115.5052,161.1950,180.8171
0.8548,20.8591,19.4372,88.1504,122.9149,120.4449,127.1234,173.7890,49.5330,221.1763,211.0434,-39.9823,53.2743,74.7539,151.3446,218.9093,-79.2987,197.7554,178.9472
11.5845,41.6650,109.4293,111.2903,168.8791,120.2399,139.4142,208.0107,58.5439,193.9141,286.8636,-51.6104,102.1436,75.0624,164.0054,159.9819,-52.2721,198.2598,170.2428
90.5258,53.2807,179.8719,128.6203,225.0166,131.1873,159.6125,217.7508,134.7581,128.4529,374.6831,-61.9007,180.7954,64.9796,217.7490,77.3058,-12.6169,202.6260,190.4517
122.6680,78.5381,234.5697,146.6831,314.9259,152.8086,223.8066,217.9599,231.5690,61.0054,415.5406,-58.0041,271.4143,85.6126,293.0492,80.6349,23.6501,208.5794,249.2785
110.0194,102.6288,260.9026,138.5836,377.6167,141.0637,309.3135,231.9557,292.3677,33.1862,436.8736,-62.9837,313.2990,128.9984,345.8674,132.6282,51.4272,164.0582,290.7643
153.0621,129.7061,257.7279,133.3846,365.3140,140.0793,321.4577,243.3126,281.2754,35.2723,472.3191,-31.1069,314.8208,188.9362,356.8303,149.5347,106.4000,112.1980,267.4428
235.7169,183.1931,259.8244,180.5738,346.6597,192.0156,269.1404,250.3603,234.5480,59.3977,489.1653,58.7449,330.4113,252.5464,339.4814,161.1824,169.0255,118.2573,224.2045
258.3628,220.3548,284.5271,223.5932,377.9886,221.1393,246.4394,278.9378,233.2396,116.6125,483.0021,80.0964,355.8561,248.7985,303.0376,219.3743,187.3594,136.8956,237.4639
244.8041,200.7890,313.4131,197.0148,403.0171,183.3943,261.8417,307.2974,273.3100,201.1431,492.5107,-8.5702,349.5058,173.6799,260.8740,268.1737,208.2317,123.8547,293.4392
290.1737,187.2580,333.0802,160.3138,381.0101,155.7935,267.6822,283.0957,303.0239,279.2281,520.6697,-42.8625,312.3538,138.1742,249.7502,247.8443,272.5932,121.9925,317.5729
343.6836,214.7372,339.9861,170.5413,345.1450,179.4813,264.9924,226.4003,366.1232,299.5089,544.4096,31.2002,272.8380,177.1441,294.6238,210.3167,290.1446,144.9791,293.4188
307.8618,218.2347,326.8149,189.4158,300.6192,203.0771,259.1131,200.9189,491.2661,257.3384,548.2955,72.5643,232.9751,207.4043,359.6113,211.4792,233.7561,151.5267,259.9067
271.8409,204.9596,304.7493,205.9287,237.2654,207.7640,229.2564,206.3202,554.1481,231.0522,527.6365,55.0737,185.9781,198.7608,366.7991,214.1201,221.5821,150.0163,242.3235
341.2477,253.3813,301.6370,249.6599,203.3936,228.1971,185.1618,206.0264,475.2369,262.0254,509.4906,76.5456,153.2760,193.0036,300.9657,189.9972,264.7369,176.4342,239.2455
400.6683,319.7504,316.3832,287.8479,227.6734,259.8379,148.1095,198.2776,358.4218,284.3317,520.3860,114.8062,151.0777,202.0579,243.1364,181.9805,255.5656,202.2047,225.3526
346.6186,311.9466,320.3742,281.7733,257.6844,260.8835,105.0895,193.0968,290.9636,267.5539,529.3251,92.3422,155.4194,207.1319,235.0991,208.8403,211.7755,182.2791,190.6806
286.9045,269.7200,310.2311,259.2069,255.6022,231.2029,61.9715,207.1421,260.6877,282.2857,495.6064,36.0309,148.7000,187.7582,230.6830,239.9579,202.6585,146.3895,188.3232
287.0838,259.2908,301.6800,238.9650,247.3833,208.5848,68.9922,266.4339,286.6109,352.2520,427.3736,-3.3920,153.1913,144.2135,235.5395,265.9604,188.0883,145.4431,241.3116
268.4318,257.4148,279.7318,210.6752,245.6710,197.6829,131.0427,322.3411,365.1601,393.5919,351.0626,-6.4677,176.8273,132.6263,286.1445,283.3596,173.7044,153.7475,259.0281
231.0213,256.4832,225.3237,196.0354,214.3945,180.6578,168.4570,278.7080,389.7475,347.1383,279.8246,70.3013,182.0430,190.0527,298.1630,267.4409,243.1415,124.6060,182.9349
228.1178,294.9136,161.1254,219.0789,138.5290,180.5743,128.6357,170.0667,329.0985,268.5636,198.9399,226.5463,143.7335,251.2749,204.8061,237.4598,342.0342,94.7632,89.8116
211.7690,357.7999,112.2421,258.1431,76.4267,213.6648,74.4355,123.2257,283.0765,239.1424,71.9351,354.4237,91.5034,264.2103,122.6804,248.7581,353.4028,114.2057,47.2705
166.7074,388.4803,83.2934,277.8830,83.6159,226.9230,87.1973,134.9219,267.3888,230.6023,-76.3554,386.6336,71.0499,271.5119,125.3452,289.5509,322.6969,140.3573,42.3562
175.4282,364.3508,94.1585,263.1704,116.9840,199.5111,144.1803,110.3342,209.0042,161.2827,-156.6943,407.7029,93.0457,271.4934,117.1987,300.8808,329.0998,133.0202,64.8256
218.6645,299.0720,143.6277,225.9257,110.1039,198.4736,184.4870,54.9691,136.8118,69.4614,-172.2731,502.4045,140.0177,204.9990,90.6594,289.0280,314.9033,140.6812,89.4104
188.3319,215.0809,161.6664,183.2153,91.5619,227.4707,225.8156,25.7916,115.6714,41.5589,-222.8502,613.1696,210.9855,141.2754,135.0724,316.5418,231.8085,173.7431,73.4846
101.8726,117.5090,110.1833,114.0984,106.1747,195.6934,314.7515,6.9917,95.9986,10.6793,-314.0965,664.5610,314.5619,205.7011,186.4460,398.6570,145.9543,157.4440,58.0416
54.5683,1.2087,61.6572,7.5111,115.3837,109.9399,428.5588,-37.4423,25.4213,-122.1724,-360.3093,704.4396,412.5779,330.8220,155.5433,464.7584,123.9672,90.6066,92.2763
46.1614,-88.0476,72.6684,-62.2822,97.3212,83.2354,503.0621,-106.6432,-47.2336,-273.7717,-343.0785,807.1708,449.3438,380.6025,129.4809,440.0677,167.3461,62.9747,105.1936
24.0262,-83.3804,93.4907,-39.6060,103.2183,132.0598,506.4370,-187.5235,-91.2988,-329.1372,-291.4439,984.7518,443.7846,405.9367,148.4060,371.3024,224.8705,96.4892,44.3427
-7.6748,-17.2685,74.7567,6.3249,132.0415,171.9851,457.0609,-243.2982,-140.3762,-322.7990,-198.7783,1223.6613,446.8640,449.3746,104.7926,383.2643,215.6766,137.5279,-17.8747
-16.8090,11.4742,38.4733,10.6904,120.2214,178.2399,406.5992,-242.2407,-183.2639,-321.6483,-68.8815,1438.1969,443.5179,336.9414,17.9404,462.7356,124.1561,155.6030,-39.9774
-19.2642,-15.4902,23.2941,5.9903,77.3018,181.2948,385.7922,-239.7718,-168.5787,-340.1533,60.9601,1481.1997,412.3409,18.4367,26.3044,454.8015,34.7329,132.9763,-54.3698
-60.4586,-50.8977,47.5597,2.2388,63.8281,170.2224,364.7831,-305.8853,-103.4110,-378.3135,165.6143,1355.2128,386.7601,-225.4254,108.7841,327.0055,1.8941,53.3705,-48.8612
-122.7119,-97.8860,93.1172,-46.8751,58.1844,115.7950,319.2676,-390.1584,-41.3808,-391.9724,225.5922,1213.0957,361.7945,-235.6245,145.0759,209.8665,-22.6273,-49.9089,-12.2255
-135.9711,-187.0249,96.8683,-135.4220,-14.2177,32.8468,281.7284,-401.2494,-11.9774,-341.6481,223.0799,1100.1722,282.0424,-204.8389,127.8019,158.3757,-94.9122,-128.0509,5.5797
-115.4785,-279.1181,30.5006,-204.3247,-144.4307,-35.1370,260.5866,-350.1822,-9.7404,-278.3095,175.6083,967.1337,164.2971,-243.0686,107.3741,116.8796,-202.2105,-172.4207,-5.7284
-159.7562,-294.4824,-38.9173,-211.8333,-235.6908,-58.5351,206.4473,-294.5081,-21.4249,-226.3082,116.7901,853.5508,82.5266,-217.4486,97.3103,79.5950,-291.7577,-181.2976,-16.0279
-268.2183,-225.5166,-52.9226,-150.6046,-238.2765,-34.4703,111.1360,-238.5996,-51.8342,-138.8508,69.4379,793.5888,54.0351,-107.6946,99.0580,72.7064,-331.6265,-153.8287,-40.7829
-329.5678,-144.1035,-48.8746,-66.9638,-210.7496,15.8188,25.0692,-170.6816,-114.2093,-53.2277,55.4888,722.4633,47.1920,-37.6334,91.7773,66.3315,-344.3597,-128.8088,-83.5196
-319.3197,-100.2909,-68.8607,-31.0264,-209.3666,54.6913,-29.6790,-103.5297,-180.0966,-31.9034,65.1336,626.3994,35.0287,-15.6842,51.3994,45.0616,-364.3502,-136.0527,-100.8382
-327.3245,-84.2698,-87.9607,-35.5567,-203.3092,61.5609,-58.9318,-40.2633,-193.0019,-14.7671,48.3439,542.9763,3.6060,3.5245,15.7233,50.2913,-379.5136,-136.8149,-91.6139
-385.4438,-77.4631,-85.5815,-19.8034,-170.6967,64.5230,-68.5303,27.2199,-162.1079,32.0055,2.7235,427.2475,-35.3690,-2.0107,20.3494,93.9215,-371.9594,-85.9130,-86.9816
-424.7068,-66.3142,-87.0929,17.0957,-161.4487,96.6931,-97.5992,89.8799,-158.2947,47.9123,-4.1700,265.8631,-66.3321,-16.8974,34.2276,141.8917,-360.2394,-3.9331,-80.5305
-399.3468,-30.4991,-102.3429,48.7395,-186.2928,135.3319,-171.4121,143.2805,-200.4599,64.4387,54.3266,169.2643,-104.7511,-12.2663,40.7358,172.3767,-347.8237,61.9449,-73.2677
-341.9808,35.2927,-102.8717,99.5458,-186.7898,155.2456,-233.3495,198.7348,-240.9722,137.4794,113.5887,169.8286,-150.8242,-31.8668,43.5712,168.5655,-313.0045,107.5465,-92.1414
-292.6679,125.8965,-82.0889,186.8492,-158.6120,195.1241,-244.3158,238.1453,-251.2614,178.6676,107.9487,157.7089,-174.0197,-69.7111,2.2412,115.5117,-263.7436,164.4877,-121.9903
-255.4011,230.3830,-72.4232,271.8619,-154.9747,276.1885,-261.6940,228.9513,-239.7210,151.0276,55.2568,80.4651,-188.0962,-67.9937,-74.5562,46.6452,-219.2798,231.2620,-122.2106
-232.7730,295.6038,-87.4825,316.3916,-177.1095,337.3394,-313.2312,197.7098,-218.1994,166.9017,27.3670,-17.3485,-226.4947,-64.5299,-91.1280,9.7048,-172.4677,256.7786,-88.5404
-231.6100,282.1693,-102.2350,317.9706,-186.5848,339.9782,-326.7227,188.5382,-200.9591,217.2788,52.9276,-97.5047,-249.9102,-76.7457,-49.6162,-7.5394,-132.0108,228.4550,-44.4704
-238.1726,251.7801,-97.3655,297.3743,-176.9236,327.9952,-264.6324,181.2058,-196.9600,176.1164,87.1986,-125.7963,-207.8958,-6.6488,-63.5836,-28.9689,-132.0071,211.0632,-17.4236
-244.7309,255.6506,-82.6355,282.1105,-155.4008,328.5222,-192.4202,170.5564,-191.6114,92.3281,93.0954,-96.1492,-133.1263,122.9535,-128.4319,-21.6251,-170.2049,234.4419,-11.2287
-263.6325,233.9017,-77.9764,270.7816,-119.8034,311.4850,-168.1447,215.7691,-174.1222,106.5719,88.1226,-75.0349,-78.3590,149.9709,-136.0101,36.9682,-205.9762,236.4339,4.6884
-282.1687,181.8381,-93.4556,244.1022,-81.8544,269.6648,-173.4218,296.6984,-160.8083,188.9555,90.2909,-86.5734,-51.8372,71.4686,-105.7568,104.1279,-210.3525,188.8972,25.2498
-273.1606,211.0543,-114.0160,229.1980,-60.6552,240.0771,-174.5007,312.1897,-159.2662,238.4993,93.3757,-62.8400,-52.8075,15.6114,-141.3253,145.0363,-183.4700,158.5555,-3.1655
-240.8972,312.5550,-106.9598,256.0937,-58.6400,238.4215,-173.5639,267.5429,-139.3156,254.7851,92.9405,15.8166,-74.0984,10.8131,-212.7384,159.4304,-150.2783,169.8244,-68.5334
-184.2467,329.4559,-68.2152,264.9449,-61.7108,228.2375,-168.1157,219.3145,-59.9257,252.6266,83.8919,108.1712,-76.5110,56.9437,-203.0275,127.8394,-129.7594,142.5268,-96.2797
-97.8302,229.6814,-22.1762,191.4590,-52.0603,168.2931,-118.1015,115.4552,76.6749,205.2958,73.3519,208.4938,-34.1931,188.3242,-110.0678,52.4174,-104.7141,37.1686,-88.2530
-38.4776,135.0268,31.0909,90.3619,-38.2713,77.0069,-21.5294,-49.3668,200.4417,137.0453,101.9165,283.8666,19.0428,319.7093,-38.5841,5.9913,-61.2052,-65.2991,-100.5793
-35.8730,101.0377,90.5331,39.6938,-58.5196,14.0050,35.9302,-128.6675,236.6562,121.5971,174.7240,258.5550,30.3392,310.9381,-32.8769,31.1653,-17.4375,-93.5524,-115.6742
-1.8940,91.9962,113.4374,21.4718,-113.7650,-7.8521,5.0291,-72.0752,197.8574,179.4339,212.9925,165.3623,-4.8839,190.3861,-35.5331,81.9553,23.6835,-86.0901,-78.8209
97.2128,91.9438,89.9747,3.5198,-138.2029,-26.8914,-22.9009,-1.0283,163.5260,247.9681,164.8633,115.0016,-32.6226,85.8913,3.0576,119.3081,70.5743,-99.6807,5.7965
152.9607,91.6487,71.1971,2.3501,-83.6262,-52.9307,52.2964,16.8421,176.5874,233.9722,91.4715,113.7615,1.1503,35.1883,70.6177,135.7346,89.9833,-109.0814,94.5730
128.1059,68.1242,68.7172,8.6835,11.7222,-61.7926,177.0344,9.3777,211.7573,105.6053,70.9811,90.2494,81.2699,12.1502,144.9362,108.4263,63.3176,-66.6877,153.2475
112.8111,37.5160,59.2933,-5.5648,80.6159,-47.0674,234.9014,2.5532,220.5135,-41.1677,94.2304,43.9276,143.8031,11.9483,210.5368,58.9134,44.6068,2.2926,176.0087
131.5192,34.0418,72.7252,-18.1770,116.5674,-22.5163,225.8918,29.4614,174.2776,-80.8977,101.7268,27.9944,166.6975,28.7549,227.8069,49.0039,68.4860,35.5208,186.6978
137.2121,40.2699,120.0957,-14.3110,161.0433,-8.8781,226.6303,76.5751,100.1396,-42.9300,75.9771,37.3119,187.2587,32.0388,173.3609,47.2083,103.6439,26.1332,195.2098
130.8042,16.6022,137.0519,-25.2848,214.3705,-21.5530,237.4531,55.0376,62.4902,-61.3833,59.6526,14.1255,225.4899,5.0737,97.1654,-6.1563,135.1167,13.6895,171.7527
128.7857,-24.3260,120.1142,-37.8397,225.0380,-39.9072,205.1364,-27.4010,71.5795,-132.3518,79.1537,-36.0085,249.0847,-21.2489,65.8006,-39.8831,163.4757,9.7991,104.3346
143.5872,-34.8817,135.6879,-11.7867,191.5329,-33.9771,151.3505,-62.3242,70.7880,-123.1003,98.6307,-36.8756,232.1222,-11.6540,81.6712,1.8012,159.8198,4.4805,35.2666
201.1750,-6.7407,163.6060,12.2564,179.3249,-16.5696,134.0515,-55.6985,34.8417,-30.0683,91.9578,7.2150,193.8000,7.1932,105.9816,17.2569,135.7847,19.6177,2.9634
257.6126,24.5049,150.2818,-3.9760,190.3358,-0.7069,118.9729,-78.5494,-3.6228,12.7774,87.1686,6.7482,146.4973,-7.4686,113.5525,-34.2986,159.1181,68.6328,-6.6071
239.1940,34.0703,132.1443,-0.1744,144.9218,28.7187,42.7986,-95.6436,-17.1323,-23.7273,87.7483,-28.8241,63.9719,-32.6179,101.6101,-38.3592,227.3919,96.8278,-20.7352
189.7446,16.3007,122.9176,36.1021,39.2181,47.5866,-43.8227,-67.7644,-1.9540,-48.1826,48.5192,-18.9451,-48.3647,-29.7986,83.2557,34.8902,253.8432,60.9536,-24.8022
167.3982,-31.6743,62.3539,16.5938,-28.9832,17.4740,-49.0234,-29.2657,32.0717,-27.6074,-30.9924,-0.8576,-119.1386,-14.9219,72.7793,101.4812,200.5518,13.0742,6.2206
113.5912,-90.5531,-25.1826,-50.8309,-19.6668,-23.2948,5.5369,16.9744,54.6946,7.9752,-93.4608,-47.9640,-108.5059,-16.3774,63.7783,146.0050,112.8130,5.2702,37.7127
16.2181,-130.5753,-54.3193,-65.0044,10.2098,-30.6967,36.6725,73.0346,44.7638,44.4991,-114.4455,-99.2124,-60.5483,-32.2386,42.9022,173.6298,45.0776,2.8788,30.2127
-29.9764,-150.7378,-47.3600,-39.5159,27.9338,-36.4765,37.0538,101.2182,20.5629,54.2626,-121.6007,-70.4766,-14.5554,-33.1397,18.3772,145.8972,15.0808,-16.2868,32.2353
-22.1326,-149.7019,-61.9269,-46.1369,52.0476,-49.3734,46.8898,122.0754,3.0836,8.1551,-137.9689,5.9865,29.7990,14.1489,3.8237,99.0647,-2.7060,-7.5100,77.8801
-36.9804,-108.1432,-69.4736,-50.2401,77.5755,-23.9904,55.5433,161.6939,-9.4969,-54.5083,-154.6142,54.8159,47.4916,75.5900,-6.7321,92.1089,-30.1317,27.7858,82.8442
-58.5293,-49.0089,-53.7511,-17.2990,79.3250,20.6849,29.5430,148.6798,-16.6264,-74.2445,-149.8260,50.5890,12.6209,71.2921,-20.6402,77.4756,-35.1288,25.5321,3.0856
-41.9083,-19.6065,-57.3690,1.0075,61.9077,25.6593,-9.6527,68.1025,-14.8521,-56.4528,-126.9243,32.0951,-33.5346,26.6911,-29.3041,33.9781,2.0798,-12.7633,-60.7391
-8.8666,-11.6131,-74.8762,0.5857,47.0218,11.9022,-18.9728,17.5310,-15.4258,-52.7821,-116.5075,49.0182,-47.0882,31.6321,-26.6656,25.2349,31.9699,-15.9080,-47.5597
26.1292,-2.5236,-59.9506,24.9124,40.8225,24.5979,-14.9048,2.8210,-32.5282,-101.2283,-127.7833,68.7390,-56.5827,50.3328,-22.3546,23.6288,33.9956,36.8841,-23.0078
64.6394,-3.7790,-24.5832,45.9122,30.3542,42.7821,-36.2701,-41.3890,-59.8689,-174.1104,-136.2020,36.0994,-95.4414,10.4150,-25.8783,-33.4914,55.9680,91.7900,-24.8283
80.9041,-4.3135,-19.1992,35.0813,-6.6836,38.8026,-53.5075,-73.3493,-66.6622,-183.0651,-124.7558,2.4498,-137.4289,-26.0251,-30.8209,-67.6465,89.2070,91.3275,-23.1866
73.8857,4.5162,-47.5137,27.3615,-63.1224,18.3153,-21.4533,-46.8486,-38.1227,-99.5708,-91.6557,20.8994,-144.0606,-6.2232,-22.3797,-18.9908,67.8900,29.6547,-11.0477
72.2384,-23.6513,-64.6019,13.4621,-76.6988,-20.0742,22.4898,-20.6498,-11.0362,-8.3708,-39.2741,38.9036,-108.7472,5.2060,6.0047,18.0766,9.2418,-36.0792,1.6035
73.0560,-81.8098,-53.0194,-40.8733,-17.4287,-66.3944,29.4193,-17.4841,-9.4808,27.2409,5.2479,34.8204,-49.7931,-12.1516,49.0690,0.3744,-21.3635,-44.1250,4.7938
60.1339,-87.9336,-60.2104,-80.7939,38.4768,-78.9945,29.5449,5.7727,10.3823,32.1881,2.7831,39.8007,1.4087,-13.9353,93.9628,-0.1944,-34.2021,-1.6347,-16.8653
32.3589,-54.1626,-111.1863,-56.0988,36.7965,-49.1298,51.1818,40.3649,55.0867,24.9338,-44.2777,18.4745,29.4000,-15.8227,116.9520,22.3026,-59.5132,45.7879,-31.2887
-3.1162,-59.9331,-139.0895,-19.9077,48.7010,-20.0881,62.1716,59.7668,39.7581,-2.1970,-88.3224,-33.2000,52.9002,-32.8229,89.2763,25.1343,-70.8566,81.5774,2.9887
-10.0236,-77.1436,-100.1356,-12.7153,111.1834,-15.4781,55.7459,74.7752,-49.5877,-31.1996,-82.7938,-36.6056,81.8580,-29.9107,18.0117,27.7692,-50.0213,102.8935,36.4398
27.3595,-53.6234,-56.3726,-10.8131,131.0942,-17.3677,64.2219,72.0830,-102.4742,-41.1054,-31.7007,-14.3174,87.1562,-22.7688,-30.2399,34.8600,-20.6529,100.4311,14.1970
40.8798,-36.6748,-50.5856,-10.3162,71.2758,-11.5187,75.9287,30.3342,-67.9541,-24.0082,1.8191,-39.5769,46.7951,-41.9123,-0.1138,9.3329,-1.9598,83.8031,-22.9061
4.2439,-44.0963,-49.8971,-10.0497,15.2314,0.5514,59.9924,-17.2865,-7.8265,21.9616,-18.7043,-53.7055,-13.2824,-46.4159,67.2478,-24.0247,-3.3743,64.9628,-44.8083
9.1809,-22.7094,-46.9295,14.0909,-16.6468,15.0601,32.9818,-37.0282,28.1102,51.3599,-38.1830,-13.3588,-51.2067,-21.4400,89.5972,-14.9279,-14.6950,30.0815,-74.8760
84.1337,12.6501,-51.8036,36.7350,-68.5385,19.6707,18.4236,-41.4100,26.8626,11.8362,-7.8521,12.8871,-59.9374,-12.6483,66.3505,12.4827,14.1508,-20.3522,-89.9855
134.7559,12.3008,-33.1769,16.3943,-97.0995,0.3284,11.6209,-44.6561,-4.7381,-51.4211,29.6774,28.5410,-62.1687,-18.0890,54.5042,18.9160,86.2183,-52.0362,-64.7259
125.4421,-8.6380,7.1913,-18.2169,-52.8678,-32.5617,15.7840,-40.5383,-15.8857,-64.9279,31.5605,72.4663,-54.3091,-10.2654,54.3458,26.3825,109.3380,-53.8587,-40.3905
99.7691,-42.6972,21.9777,-41.3407,7.0399,-54.7726,44.3257,-17.9420,13.0201,-44.7343,21.0687,77.8252,-0.4338,-1.5880,34.1430,63.9484,44.2985,-53.8267,-21.9065
55.1097,-103.5693,21.8086,-77.4593,43.8512,-62.6212,93.3066,25.3826,29.8019,-23.6059,17.2714,32.1261,85.9507,9.9801,25.0815,106.5312,-23.0865,-61.2894,30.1195
-18.2498,-141.1343,32.5342,-106.7106,86.0382,-63.8469,150.8599,69.9535,42.4759,18.0657,6.7308,31.4561,132.0018,36.0629,69.5258,108.7194,-41.9378,-53.4133,87.2311
-73.1688,-118.9553,11.2038,-88.4905,111.0145,-56.2307,204.1408,94.8339,112.8988,87.8149,-15.2077,71.4332,122.8014,45.4380,124.0220,68.8975,-62.2396,-28.0424,108.9914
-79.0552,-97.2536,-47.9528,-64.3529,86.1064,-47.5426,230.4376,99.7890,189.4161,167.7751,-38.2194,77.8188,120.6297,25.6629,122.8995,23.3346,-92.1800,-14.4896,120.4813
-44.4441,-111.6665,-63.3247,-77.2569,71.0701,-53.0967,223.8843,83.0347,189.5484,233.5896,-42.1455,69.1446,146.1120,7.7987,91.7597,-8.4327,-67.6762,-20.8884,128.9368
26.2397,-111.2216,-7.8800,-84.9215,113.1028,-56.8789,212.9177,50.1959,177.7801,235.4580,-17.3565,79.9404,163.7212,-2.1658,104.7597,-21.5234,14.0422,-27.3137,115.5785
112.6636,-71.3959,57.1238,-61.9319,157.0137,-37.8175,212.9156,33.6713,226.2143,167.0767,5.3271,100.4263,163.2841,-8.5732,159.2247,-6.7718,86.0237,-34.6839,107.7403
181.0188,-31.1833,99.0135,-45.4997,148.8541,-17.3064,199.1219,26.6383,258.5487,99.9472,12.8904,139.1405,149.4005,-3.4493,176.6979,4.5790,126.3596,-47.2916,115.7230
227.7448,-14.7941,137.9716,-39.2814,109.2549,-8.4062,159.4679,-25.3604,207.9192,48.8659,48.2291,182.5700,119.3827,-10.4226,129.1093,-38.7270,166.7434,-26.4429,104.8483
258.0385,-2.0415,190.9812,-11.1909,94.6361,18.1001,132.0712,-100.8952,141.9945,-23.4424,104.0318,185.5444,108.3202,-39.0062,86.5648,-97.9116,217.6411,43.1731,98.6370
261.9091,23.0202,254.1216,25.2488,146.3064,51.5872,154.3871,-108.4227,136.5743,-53.7013,109.3122,160.6582,152.5219,-44.8551,109.4857,-81.7276,255.5177,94.9699,140.9848
251.0972,29.1222,299.4231,27.6793,239.2352,36.0286,211.6412,-43.4823,179.9308,11.3399,77.4285,147.6779,216.9157,-25.9516,168.1456,2.1269,262.7632,85.6089,189.4571
260.2093,-5.9235,300.1036,-3.5851,302.5912,-13.0711,271.4449,10.2518,226.5272,55.1988,81.2831,160.2262,260.1838,-17.3463,208.4193,68.7602,256.1958,61.2200,199.4925
295.9420,-16.6664,280.3266,-18.6145,317.8697,-19.7701,325.3976,6.5030,250.8141,-15.1256,95.4789,220.8145,298.2504,10.3037,219.9871,82.8496,281.3069,50.1551,196.8775
329.1832,53.6965,278.8887,18.3246,309.3228,23.4773,362.5827,-45.7348,251.8062,-123.1526,60.2957,308.8527,333.8185,68.7369,216.7874,61.4241,359.5132,26.5531,190.4463
337.7928,128.5916,279.2734,63.8045,268.9040,57.8533,359.7309,-110.3350,235.6966,-192.1744,15.1779,336.9534,333.1043,79.6446,219.8561,25.5392,436.6824,-3.4145,162.0157
327.3961,121.5606,247.5812,43.5992,204.0139,50.8805,329.1108,-135.2537,207.9265,-204.7116,16.9561,300.3769,301.7979,28.1044,245.4699,-3.2304,432.3720,-21.2194,133.8255
295.9619,73.5374,195.9772,-25.5701,171.1776,11.6125,314.7754,-120.3827,190.8727,-135.7508,49.4873,285.6251,280.6268,-2.0113,269.5871,-15.1590,349.0313,-49.7784,125.5006
219.3504,41.4260,158.2289,-62.4686,178.7291,-32.7651,322.9577,-124.2945,204.8634,-43.2537,74.1558,304.5984,270.5157,3.0404,259.8260,-14.5875,273.8018,-85.3347,114.2924
130.6277,15.5831,144.2921,-59.9547,175.1543,-57.6001,320.0867,-155.6840,225.4066,-41.2375,62.0568,314.8192,239.1990,-6.7574,235.2003,-3.6602,263.3539,-87.2667,94.8886
126.4472,-1.5902,144.1891,-66.4106,147.8509,-69.6982,292.0798,-169.4812,207.8754,-95.4845,13.0580,315.8235,183.1375,-21.9561,207.2312,2.4274,284.5435,-67.6674,84.9458
197.9105,-2.4807,153.1001,-73.4110,122.6986,-77.7812,244.0313,-160.2244,133.1646,-106.9684,-9.9768,287.9539,132.7291,-21.0412,128.5191,-13.3471,282.8362,-60.6303,84.0116
211.7154,-20.3410,167.4022,-57.8838,112.8667,-58.0492,188.9589,-139.3546,19.1152,-115.3034,26.5094,204.3444,106.2889,-26.4755,0.2159,-27.2505,252.5909,-51.8590,102.5042
143.5128,-63.3498,159.0298,-59.0961,118.9256,-23.0000,177.2293,-88.3784,-69.9055,-157.1543,34.1285,128.1701,91.7754,-40.5484,-84.0793,-14.5958,211.5611,-40.8713,166.6082
101.1880,-100.9578,99.8569,-99.5116,116.8903,-36.1932,243.0459,-17.9155,-70.7073,-141.2369,-54.8423,112.1482,80.4949,-44.5910,-80.7155,-3.8142,156.2294,-60.9442,251.2869
84.2849,-128.9516,22.4886,-133.1498,80.5761,-92.8429,317.5269,18.3128,-2.2366,-55.1154,-155.0618,96.5841,83.5374,-49.4917,-39.4892,-19.8818,74.8729,-99.8515,281.7378
-3.7907,-151.5493,-17.2270,-143.5066,39.4704,-123.1908,317.3326,-1.7254,93.3690,-13.5223,-174.4951,49.0069,95.4090,-68.7559,17.8481,-39.0905,-23.5848,-124.1142,224.8782
-125.4849,-159.9548,-37.7878,-166.3320,17.5982,-125.5514,275.1349,-51.6484,225.5829,-29.8966,-149.1236,36.4474,92.5013,-93.2735,105.2604,-43.6961,-107.7723,-136.2128,126.6441
-156.1361,-161.8782,-86.0228,-187.8782,-28.0080,-134.2470,250.9416,-106.0445,339.7612,-33.6620,-135.4725,91.4040,82.1484,-108.3624,183.8010,-48.8864,-139.1731,-126.6756,37.4218
-92.8195,-146.1984,-130.0131,-153.1956,-98.1549,-114.4879,209.3687,-168.2319,304.9174,-65.0434,-124.9792,164.7536,84.3474,-97.1056,204.9496,-63.4372,-99.4625,-81.3619,-47.1266
-24.9597,-82.2913,-121.2528,-73.8136,-126.8227,-43.4319,110.5036,-243.7332,146.1536,-170.2939,-115.3541,199.3102,72.2838,-64.2982,188.5910,-73.6302,-20.6414,-46.6884,-130.1360
-1.3520,-15.8317,-92.7280,-19.5633,-133.7819,9.9450,2.7738,-291.7518,34.1590,-233.5471,-122.9754,171.3604,12.5549,-48.0885,167.7841,-66.3362,30.5003,-63.9908,-172.2389
-16.8631,-24.4017,-92.8972,-25.0960,-191.9514,-6.8653,-62.1738,-262.7594,-2.0714,-164.8900,-116.9379,122.6423,-64.9243,-51.0293,129.5933,-49.4242,21.8326,-100.4477,-171.2050
-31.5524,-76.5760,-106.8962,-67.9238,-253.0833,-57.5304,-97.2485,-193.6182,-62.7835,-81.6810,-70.8187,126.0790,-113.1270,-29.1857,56.5915,-34.8695,-14.7507,-120.7884,-183.9888
-8.3335,-96.3943,-102.9480,-106.8913,-230.0289,-91.7229,-130.5735,-155.9184,-145.1920,-96.6481,-45.8992,160.1169,-130.5762,4.3993,-33.0256,-11.6748,-46.2970,-120.1518,-211.2835
13.3389,-100.3269,-82.0893,-123.1478,-161.0043,-101.0825,-162.7842,-132.0851,-190.2728,-133.2805,-96.1380,132.4618,-121.8032,-18.9493,-98.4832,17.9114,-96.6290,-88.4883,-197.0415
-36.0607,-131.4442,-60.8284,-136.9927,-114.2826,-107.2255,-169.7077,-80.0404,-220.1545,-116.3074,-159.8882,52.0745,-72.0049,-90.1520,-115.7440,10.9942,-197.1938,-43.3482,-158.5873
-128.0207,-159.5835,-52.1349,-157.2527,-76.7547,-122.6098,-129.2793,-38.4016,-255.6780,-113.6282,-167.8973,18.1893,2.2660,-117.0121,-114.0282,-34.0929,-306.5970,-19.9702,-147.8210
-181.0496,-147.8167,-58.5490,-145.3529,-42.8670,-115.4327,-65.7292,-36.5563,-268.4604,-162.6767,-158.6216,50.8098,54.2501,-71.3507,-136.4072,-49.2969,-352.8053,4.9457,-132.1204
-198.4090,-132.4600,-73.7662,-99.2609,-53.8080,-70.4198,-31.9480,-29.5406,-265.2259,-184.3518,-178.1218,79.9301,70.2233,-29.9062,-160.1108,-16.0711,-338.6081,49.1527,-78.3314
-220.6101,-163.9633,-96.3103,-91.8212,-100.8876,-56.2463,-34.4758,-4.4383,-268.9220,-141.2984,-189.4911,68.9931,68.6211,-50.5421,-137.4721,5.4111,-315.7935,50.4120,-46.4275
-220.7996,-209.2139,-114.9605,-139.0026,-122.1413,-106.8885,-48.3451,-7.9497,-262.7026,-88.8934,-164.8312,46.5781,51.1893,-98.3092,-93.6825,-11.7585,-284.1579,-3.4874,-77.4621
-176.3387,-188.1832,-103.1753,-154.2644,-105.0389,-128.0703,-80.3975,-49.3783,-230.4817,-62.6266,-139.7836,47.5244,11.8479,-114.8809,-71.4400,-34.2903,-218.5330,-22.7439,-120.2734
-134.7077,-110.1952,-71.1972,-106.9685,-99.0006,-72.0413,-124.2149,-92.9286,-172.1633,-51.4694,-139.9975,71.2535,-29.9798,-92.1654,-39.4954,-23.4223,-150.0692,8.3041,-130.8191
-116.8407,-69.6204,-63.0306,-72.6051,-122.3246,-35.8503,-126.5464,-115.1959,-96.2665,-50.1045,-154.2279,85.6612,-50.4770,-61.0404,18.9797,31.5566,-113.9157,9.5992,-123.4783
-83.8442,-92.5611,-70.3246,-85.1330,-126.1213,-59.3903,-86.6911,-109.1313,-52.7380,-66.0732,-160.0181,64.3647,-50.1849,-54.3336,31.2377,78.5308,-84.8539,-15.5734,-117.4392
-45.1097,-123.8049,-42.6442,-98.9412,-81.4574,-59.9637,-80.0881,-80.9406,-82.7788,-96.5284,-131.2450,18.8754,-37.0467,-75.9619,-32.7558,60.5658,-59.9875,-4.0812,-116.0710
-56.9135,-148.6862,5.1231,-100.8039,-36.9246,-32.7779,-123.2905,-49.0359,-135.8800,-111.3690,-78.8659,-12.2119,-10.6599,-88.0463,-86.4533,33.6958,-99.0726,10.8407,-115.7985
-110.4493,-181.3008,8.4299,-121.2708,-29.7832,-58.2024,-143.0047,-20.0462,-148.9445,-85.3331,-57.2723,-2.5724,23.7652,-66.4410,-78.1261,67.1760,-203.1375,-30.2241,-106.7949
-151.0151,-192.6458,-30.5120,-154.1494,-22.7239,-118.0547,-107.3235,1.0274,-142.6155,-48.3581,-72.0203,37.4961,51.2726,-45.9569,-69.7361,90.3158,-275.5303,-80.8796,-86.8462
-165.4148,-162.0365,-55.3839,-158.1997,7.0754,-130.2735,-59.9162,-5.0285,-141.6005,-26.6785,-77.5035,75.3867,60.3263,-46.6612,-106.8213,42.3101,-259.3821,-77.6949,-60.2213
-161.8409,-112.1952,-54.1062,-116.8200,22.0064,-91.9009,-28.6353,-34.2227,-112.0063,10.6013,-85.6693,89.2513,45.3041,-30.3361,-152.6346,-1.2922,-203.2203,-43.5595,-32.2331
-134.6557,-55.9546,-47.4558,-52.7558,7.4874,-38.8085,-11.0597,-58.8564,-49.5027,40.4993,-129.1098,85.6390,8.9164,7.8392,-175.3110,-11.4065,-160.9295,-13.6147,-27.0911
-89.0651,3.1082,-33.8462,4.1034,-14.2654,19.9806,-20.3253,-82.2444,-19.6803,-16.6726,-153.7439,92.3349,-31.3731,22.1057,-181.8873,-53.0329,-123.2660,20.6023,-61.3319
-48.4032,44.9016,-18.5951,47.9136,-53.2746,66.1585,-63.7055,-119.4306,-64.0919,-113.7515,-109.5651,125.2678,-64.6850,17.2588,-174.9668,-104.1358,-71.8166,54.0900,-94.1162
-37.0237,59.8619,-31.8312,85.4557,-121.9815,85.5861,-109.3608,-140.7067,-135.7930,-145.2246,-56.6501,158.5679,-101.8362,36.7065,-154.3235,-96.2919,-27.5636,64.7759,-83.0352
-54.3767,55.1769,-65.7646,106.8824,-172.5692,102.3321,-124.4023,-117.0499,-172.5563,-165.4468,-52.4381,165.5044,-138.1112,76.5410,-137.0002,-60.0101,-12.1842,66.9289,-71.4714
-51.9174,50.7642,-68.0858,108.4698,-155.1495,129.0711,-127.7962,-85.1635,-201.5207,-250.1708,-59.8209,182.6087,-141.9782,113.5553,-149.9616,-48.4012,1.2092,83.1552,-123.8008
1.6700,83.5049,-27.3118,120.0839,-88.9949,150.0697,-172.4372,-91.1689,-288.9064,-318.5822,-45.6679,254.3412,-115.2017,144.3941,-216.7059,-58.3536,46.6465,97.6274,-208.0188
44.2881,138.8724,11.4687,151.2047,-29.8466,162.3491,-259.3826,-108.5718,-393.9611,-318.5363,-48.5558,334.8461,-102.8149,155.5782,-313.7514,-63.7139,87.9472,94.1357,-237.0518
17.6896,134.6915,14.1168,155.0749,-11.4979,159.2943,-298.5909,-81.2378,-406.5596,-303.3087,-103.2333,344.6306,-116.6416,143.3771,-348.9973,-22.1920,59.6886,81.3397,-187.6141
-36.1182,62.1257,-21.4409,105.6271,-29.0833,120.3636,-223.9818,-22.3180,-335.3272,-267.9437,-172.6130,282.5953,-122.3038,133.6727,-275.5879,52.1101,-23.4727,54.9770,-111.0225
-82.4816,6.1328,-79.8363,45.0786,-59.4887,63.5675,-119.6029,0.3651,-294.5573,-213.6753,-189.9284,200.2974,-107.9571,124.9550,-187.7305,59.6242,-86.6362,3.6869,-62.9605
-144.1561,-19.2492,-133.9064,8.6454,-97.8249,28.4080,-106.1090,-27.3532,-306.9621,-211.3374,-154.9175,131.3904,-90.7141,91.2792,-180.4534,15.5704,-106.8531,-54.0392,-60.3352
-194.2958,-62.7487,-173.9876,-21.7377,-149.6793,5.6220,-146.3913,-49.9380,-291.4960,-201.6052,-135.3750,88.0392,-77.6832,39.9511,-200.0626,52.7426,-123.0923,-94.0589,-81.1922
-182.3181,-92.8542,-209.7930,-55.6667,-184.9427,-29.4305,-131.0905,-42.9372,-230.7335,-87.1524,-140.5325,65.7299,-75.7495,-8.9684,-167.7873,118.9257,-152.3221,-109.0822,-93.2448
-126.9603,-60.5744,-214.1684,-64.7785,-164.5280,-54.7353,-80.9910,-46.8486,-196.0363,-15.0015,-100.4788,58.0675,-89.9979,-40.9652,-123.2014,51.8775,-159.8495,-89.8033,-98.6396
-59.2470,-7.4735,-150.4155,-39.5732,-116.4604,-45.8325,-79.0755,-86.0491,-214.8839,-122.8523,-25.1690,83.0032,-96.5387,-27.6761,-117.6147,-77.0683,-109.6871,-48.7434,-129.0085
1.6148,24.6522,-70.4157,-8.6279,-98.8523,-22.2136,-103.8593,-130.8748,-225.8500,-242.4002,-9.8433,137.4318,-79.8775,20.6509,-110.9617,-108.9783,-21.1057,-33.6553,-178.9487
6.8572,45.0349,-54.9102,6.8312,-101.2506,-9.2745,-100.0298,-153.5553,-182.3483,-238.3892,-41.9763,162.3162,-66.7921,40.8979,-73.3465,-83.7782,37.6791,-54.3426,-203.3796
-33.9931,32.9644,-80.3336,1.4614,-81.5840,-12.9089,-92.4620,-159.8177,-116.2416,-223.3625,-21.2031,127.7123,-67.3689,22.8183,-44.8749,-68.6278,31.7722,-72.0854,-193.7470
-49.0274,-33.5007,-86.2482,-35.8562,-62.2913,-40.1611,-105.6417,-152.9485,-52.1437,-223.0184,35.0558,74.1350,-56.6482,9.5328,-35.1151,-23.4607,0.0297,-87.9191,-177.0117
-66.1497,-104.7632,-90.9939,-98.3915,-84.5499,-90.4556,-102.5193,-113.6440,41.4174,-119.3440,33.8436,30.4701,-42.2003,-6.3344,-0.9494,37.4424,-19.6093,-124.3568,-148.0860
-133.2988,-138.5702,-116.9531,-146.0059,-116.2112,-128.5753,-64.6249,-36.2317,139.9542,47.3293,-9.2774,-4.6520,-46.9322,-43.5819,46.0271,70.4852,-35.2000,-137.6304,-91.2938
-147.9912,-157.1740,-120.2260,-151.9550,-100.9571,-115.2884,-18.2938,44.6387,140.6202,125.2676,-28.7406,-16.5459,-44.6285,-61.6272,36.4725,108.2269,-49.3260,-77.3015,-34.9558
-58.8166,-162.1374,-77.3825,-122.4534,-47.0269,-63.5314,14.3959,90.7681,40.2480,86.4962,-38.5536,-0.5143,-18.0462,-36.2143,-35.2073,143.0330,-50.0850,19.1099,-4.5560
-9.7385,-121.9319,-28.1810,-67.5163,1.4761,-19.5579,23.6820,103.9606,-35.2087,13.3191,-62.2146,22.6308,-9.1797,-0.3157,-95.1044,129.1528,-50.3091,91.4401,21.8025
-63.5274,-65.2580,-6.4014,-11.7329,22.4484,3.2883,20.2733,108.6772,-34.3875,9.6460,-72.5525,44.0124,-31.7390,14.8111,-108.6108,114.3974,-59.7633,140.1264,60.7121
-104.8913,-52.6262,-12.6703,7.7375,13.6806,22.5623,43.3722,114.4838,-14.7086,112.5203,-66.0642,48.2324,-38.4936,-6.3193,-109.9212,132.4056,-56.0863,186.7354,92.9763
-88.5177,-63.7083,-28.6331,8.3274,-7.9810,43.0476,99.4788,112.9399,15.3099,201.8790,-67.9725,14.0651,-10.6951,-48.8399,-100.6644,118.5928,-34.1650,223.9008,93.9360
-65.2573,-35.4903,-21.4935,41.3081,-11.3877,67.3861,141.5014,94.9499,82.4270,162.2276,-73.3566,-10.1514,28.7055,-49.4765,-39.7658,68.4218,-17.0324,228.4878,55.4818
-42.3970,19.8513,12.0239,85.2192,9.4497,101.7207,150.9128,70.7529,142.4934,84.5176,-73.1416,43.4245,74.9290,7.7152,48.6890,46.4400,-5.0385,192.4951,5.7066
-24.3244,46.6250,30.5053,81.7966,37.4923,116.7038,148.7097,66.8445,143.5296,91.9250,-78.1757,125.8495,125.5261,52.2576,89.5269,56.1115,11.7159,138.2197,-11.8534
-23.0112,45.8270,23.0871,50.9728,70.5120,85.1319,126.2335,82.3363,105.3260,137.3888,-77.2487,142.9591,157.4441,60.5106,87.6391,84.0835,22.3967,95.0438,-11.1890
0.4362,49.8405,29.2267,46.0569,100.7378,52.9215,72.2742,81.0273,66.6344,137.9939,-44.7529,116.8446,165.3765,74.3332,107.0861,122.9324,31.8133,68.8245,-39.7743
46.1366,64.4659,59.0767,66.1446,96.8331,67.7189,18.9051,49.3720,42.4456,93.6146,15.8416,126.0681,160.4216,82.4604,134.4154,109.3937,67.6163,56.8600,-78.8897
63.6461,92.3074,76.8569,94.6370,60.8910,93.4616,-15.1374,6.1119,35.1103,26.5070,81.1782,168.7191,141.8296,60.4320,113.3701,35.9807,124.4435,54.8528,-81.4423
75.5779,122.8603,67.6046,120.1858,37.2968,90.4991,-35.9843,-40.7956,36.4218,-25.7932,120.0551,191.4947,120.0921,42.5600,78.0835,-2.4054,158.8279,38.1877,-61.5522
104.3321,104.1381,50.6769,108.8836,39.4389,77.3450,-17.1180,-78.7326,48.1289,-26.4385,111.9435,167.7305,116.7453,26.7766,99.9524,-3.9684,147.7874,2.6119,-37.3565
89.5145,30.5880,41.5164,60.0206,45.9552,59.8535,51.1468,-82.7345,78.5637,-12.3923,100.9483,102.6839,122.5965,-32.4963,155.3339,-51.7118,117.9167,-8.2577,8.6397
49.0712,-16.6879,51.5435,26.9507,57.3136,23.7914,102.1745,-75.2023,95.2993,-32.5700,148.1479,29.9238,119.3322,-103.0918,177.5164,-111.6460,116.5359,10.8396,56.0952
90.3438,-9.6590,95.7909,18.4163,88.0154,-8.7337,101.5105,-101.0036,70.7006,-65.6809,215.5288,-9.3009,122.7775,-126.3938,170.9032,-115.3337,157.9417,3.1840,74.8187
196.6801,-13.6007,160.3342,-7.2012,131.1559,-21.9483,114.0957,-141.1946,55.3815,-93.1704,230.8068,-19.4891,147.4599,-127.4364,169.1283,-111.5362,202.4110,-35.6151,95.8938
253.1968,-44.8596,193.6713,-45.7233,164.5202,-41.4195,170.9981,-161.7647,94.3224,-129.9485,221.0102,-36.8037,174.9507,-140.2630,164.2228,-142.3304,208.6216,-51.9742,131.6673
231.4213,-65.6589,172.4188,-68.3474,174.0279,-72.5434,208.6781,-184.6610,148.6567,-163.1722,231.9013,-65.4431,193.1038,-151.6621,157.6929,-175.1149,179.4401,-49.3081,136.0622
176.3989,-94.0912,144.7117,-87.8712,170.2657,-97.7648,194.6493,-217.1632,179.9214,-181.9308,227.8957,-90.7914,208.8729,-164.5170,184.9435,-206.9435,132.4813,-72.5832,109.9036
128.0138,-148.7450,151.1426,-117.3908,172.3731,-122.7750,170.8174,-221.7451,188.2870,-202.2336,194.6177,-116.8347,215.1049,-180.5203,230.8685,-234.6639,83.4693,-116.8539,101.8870
100.6243,-178.8408,154.4124,-143.2689,173.1353,-145.7696,159.7766,-197.5579,151.7224,-204.5428,178.3748,-128.5807,198.1090,-170.2908,224.3307,-211.0664,61.8244,-145.5605,111.9490
65.3990,-166.0146,126.5078,-160.7645,166.5747,-143.8854,140.9342,-177.1077,58.2465,-171.4997,175.6517,-85.0379,165.3233,-144.8153,152.7004,-158.6231,74.6501,-138.4364,112.7590
18.6583,-152.6016,119.3344,-161.1416,179.9865,-122.4925,99.6229,-170.8721,-44.0009,-160.2508,159.5241,-5.6868,130.0759,-140.1291,82.7877,-155.1700,86.7737,-99.0236,99.0418
8.9941,-135.0353,158.4018,-127.0181,201.0314,-103.5677,38.0069,-186.7482,-106.8230,-202.4054,156.9726,24.3506,93.4996,-134.4933,56.3966,-181.5223,87.2068,-67.6404,66.4080
2.7982,-88.0872,174.0857,-87.3146,161.2035,-92.2129,-17.9304,-220.2370,-109.2605,-231.8184,153.2261,-18.8304,60.8332,-111.3717,56.6501,-164.7218,103.2606,-84.3024,29.6704
-66.2723,-54.9552,118.5128,-99.6303,63.5201,-102.0210,-26.5351,-229.8994,-47.4780,-218.8157,83.3248,-64.1934,40.7274,-117.5579,64.8394,-122.5206,119.9473,-133.0298,19.9130
-96.9690,-76.2630,38.2487,-165.5729,-18.2199,-145.6983,-9.0122,-217.6284,10.7250,-235.0724,3.5491,-60.2287,17.8431,-163.6536,68.3221,-130.1348,86.7587,-191.3487,12.9639
18.3606,-117.1935,-15.1047,-231.3174,-74.0428,-199.6935,-44.6614,-243.0448,-21.7027,-306.6033,34.8860,-28.2691,-25.3483,-199.2487,43.4034,-202.6104,11.2081,-261.7989,-26.1326
139.3721,-153.3835,-38.1473,-261.1505,-116.4851,-243.3344,-119.9317,-294.9530,-97.1621,-348.9215,123.6598,-16.7653,-56.9334,-212.3118,-5.1005,-269.7946,-53.0671,-304.7751,-53.0166
97.2473,-212.9471,-40.3356,-271.3309,-98.2660,-282.7451,-118.3728,-293.8428,-101.8132,-310.8993,117.9086,-70.9495,-31.7320,-222.3378,-28.4265,-253.0950,-87.0470,-281.5779,-24.9864
-41.7710,-287.3054,-41.7674,-294.9651,-31.6486,-308.9187,-25.1476,-232.3733,-46.3608,-246.9813,26.3775,-186.0155,25.8295,-221.2923,-1.8150,-167.7904,-104.4715,-252.3144,21.5259
-138.8423,-320.0233,-68.0941,-324.0563,-9.3176,-308.2442,30.5529,-171.6649,-14.8690,-196.9771,-33.3055,-265.9793,54.5550,-207.3277,33.4920,-102.5593,-115.6999,-268.3326,50.6275
-157.8747,-303.0222,-101.4667,-322.1754,-20.8269,-295.8743,-6.3131,-141.4937,-19.4783,-138.7814,-37.4641,-236.5171,54.5632,-193.0664,32.4060,-84.5725,-130.3680,-269.4560,57.6019
-123.6555,-280.0247,-92.6866,-298.2647,15.9337,-282.4114,-39.1069,-137.9923,-31.7165,-101.2144,-26.1786,-171.6427,68.2350,-173.4749,15.0084,-72.1125,-146.9250,-222.6218,31.6993
-89.5185,-258.1258,-36.0472,-282.5889,70.0822,-257.8912,-2.1003,-154.7271,-35.6829,-150.9570,3.6604,-176.5343,101.0197,-163.6732,25.6121,-73.1080,-129.8819,-181.3487,5.7690
-80.9055,-210.2635,24.9607,-243.3813,85.5373,-218.9350,53.9843,-184.1183,-8.5297,-236.0332,52.1519,-224.8175,133.6759,-194.3609,47.8057,-126.0043,-50.4448,-147.1286,42.2079
-43.3118,-146.3400,65.4816,-154.1141,112.8160,-168.3129,84.2300,-220.8403,49.2125,-227.4710,75.6065,-239.3893,156.6590,-231.3533,36.0656,-187.7732,51.7090,-89.6488,107.3457
39.1761,-96.5560,96.6890,-87.7793,169.3175,-121.9939,110.5616,-241.0726,109.6610,-112.8063,62.5170,-218.7239,155.3514,-221.8142,19.3841,-178.4572,104.8629,-64.2036,116.2338
93.9988,-59.1393,116.5207,-100.9452,172.5098,-112.8218,143.7290,-211.9327,185.9516,12.7507,56.5522,-187.7777,123.6329,-195.1561,68.1330,-112.2679,99.5263,-108.8043,82.1689
101.0041,-27.7046,100.1886,-124.2285,102.0880,-132.6800,153.8339,-164.6540,302.8250,81.6522,74.1792,-142.8035,86.0080,-189.4279,165.1859,-81.4838,89.2757,-156.6152,65.7337
101.2512,-15.5761,54.8152,-98.0676,32.5202,-135.4738,138.2031,-165.3971,415.3697,74.0986,90.5966,-95.7270,63.2847,-171.5629,228.2109,-116.9601,105.8740,-178.4395,64.7423
102.3784,-24.3305,33.6056,-82.0482,10.6925,-126.7681,135.7470,-198.4178,451.3573,10.9878,112.9035,-80.6707,60.0593,-130.6391,235.2144,-146.9147,136.9777,-219.5505,65.8210
121.8573,-44.9391,65.8151,-119.9452,34.1941,-135.8529,150.7520,-199.3628,392.9005,-44.5346,167.6195,-103.2024,91.1584,-112.5954,220.1424,-123.2170,174.8256,-258.5328,91.2604
179.2032,-68.2916,120.8046,-141.0603,85.0554,-130.0076,140.8844,-167.1773,288.6186,-63.4884,222.9444,-133.3524,155.3021,-119.3577,200.0753,-98.1939,217.0833,-231.7397,143.3499
216.0029,-62.1578,166.4854,-88.1929,138.0807,-82.7264,108.3324,-138.3260,223.9324,-63.0884,231.3014,-138.4655,213.9950,-114.5191,186.6498,-110.6732,248.6410,-157.8060,193.4983
212.8610,-9.9470,205.6915,-16.9067,195.7526,-34.8668,111.8994,-124.0688,235.0300,-29.1223,224.7220,-107.5036,246.6094,-102.8090,195.6636,-111.6451,275.2016,-86.8406,220.0914
256.2929,40.9587,242.4374,9.8533,266.0716,-5.8839,153.7262,-119.2067,253.6508,37.7277,256.2169,-53.8770,262.3040,-89.9060,209.9563,-74.5117,313.8786,-25.6662,213.9930
341.7321,59.9917,261.4367,21.0513,297.4084,26.7372,166.0053,-101.2395,223.3869,69.3825,296.7924,3.6748,252.1660,-42.7840,201.7768,-34.6012,336.5861,13.2073,190.0714
355.8804,81.7852,246.5431,58.2116,249.5559,53.0798,141.1118,-48.6684,189.8055,52.3088,291.2643,52.0961,210.8390,36.1544,177.2107,11.6751,307.7444,15.1365,185.1641
295.5760,106.3604,205.4026,88.4897,177.4411,59.5970,140.4577,10.7940,184.1947,49.2494,244.6664,78.7763,168.3210,91.1554,153.3126,84.6475,253.3730,18.9045,207.2046
242.2469,92.3873,171.5112,75.5858,137.7509,70.9451,163.1656,46.7454,168.6060,57.1636,188.2254,82.3772,140.6448,97.9435,137.0542,138.0081,216.1264,59.8262,230.0186
200.9737,62.6133,161.3484,53.9596,118.5190,91.7925,149.3554,83.8321,137.8098,50.6746,137.7123,79.5013,115.6465,87.7556,129.1202,144.1094,196.6561,106.1502,238.7388
159.0251,63.0576,145.8992,61.9419,112.6049,102.7176,102.3597,138.3103,105.3600,95.8188,103.6929,84.6020,100.9489,95.5335,104.6442,155.4111,176.8875,122.4802,231.0415
143.2304,76.9517,110.2593,81.5346,129.0879,112.9685,77.8312,186.8384,39.8153,214.7030,78.3455,99.9085,105.2919,131.4678,39.8835,194.3602,136.0043,123.0116,206.9467
135.8241,90.7126,92.5412,93.6051,138.7813,134.7036,77.3027,221.7639,-43.1371,294.9078,38.6015,117.5220,96.5855,181.7573,-28.6045,228.2040,70.2276,124.6505,182.5432
100.3828,128.3549,101.8144,116.3115,116.7168,160.4984,57.2531,239.5196,-66.9585,277.8817,-3.1989,119.1518,50.3879,216.1522,-52.8232,252.1185,33.4925,117.3565,164.8693
58.6570,176.7608,88.5625,157.6635,81.4801,188.6112,13.6104,226.7413,-51.0307,242.8222,-14.1939,97.8985,0.1708,205.9909,-49.1103,259.4367,58.1193,99.3137,127.3975
28.7333,196.9448,48.6521,188.1544,43.0374,203.5782,-21.1851,213.6705,-82.7786,242.5347,-5.6580,71.3870,-7.6006,153.3107,-46.1570,219.1638,69.1413,91.7510,62.6872
-10.1595,185.9071,32.6199,184.5378,-2.2741,186.1545,-39.6791,227.8253,-138.3987,234.5390,-10.7693,54.5520,18.7581,110.8849,-33.9485,164.7318,19.0571,106.1564,6.1446
-56.0631,164.0161,35.6362,172.1866,-37.2347,173.6085,-61.9871,218.9237,-144.4633,180.5058,-31.3824,60.2610,18.8995,132.4187,-19.2605,156.6407,-18.1545,126.9007,-31.0734
-85.8509,159.1250,10.3372,189.8647,-55.8887,201.5410,-92.9739,162.1529,-141.6764,100.4710,-59.9997,113.2553,-36.7436,187.3798,-37.7570,166.8338,-12.8245,139.0478,-74.0071
-98.8191,182.8555,-30.8303,216.4772,-73.8265,222.0728,-122.6960,129.6955,-200.2815,38.9888,-99.3489,194.3026,-92.3042,203.3606,-91.6527,159.6470,-33.1238,143.9747,-119.6824
-117.6742,191.0498,-43.5959,198.1070,-83.9566,197.0979,-152.5169,159.4524,-276.2005,20.7933,-135.4115,231.0845,-94.5671,187.7666,-145.9847,179.5164,-74.4772,132.6522,-140.9204
-170.2331,155.4979,-42.7571,149.7073,-78.3801,167.8668,-171.9404,201.8116,-288.4908,46.7372,-147.3675,212.2735,-86.6939,191.8888,-169.5632,231.1645,-78.8228,89.9097,-139.0520
-246.0318,126.2681,-73.7657,128.3165,-87.3913,154.6120,-153.5794,223.3560,-253.4168,111.0718,-142.4474,204.9512,-121.4260,200.9296,-160.1455,241.5227,-80.7519,39.1792,-137.9663
-279.7600,124.6471,-132.3108,126.3950,-125.1841,133.5717,-118.8342,221.0588,-245.3365,171.3720,-141.1091,225.1147,-162.7526,186.7320,-157.8408,198.5957,-113.3152,23.3367,-151.8152
-242.8217,114.2721,-170.5009,113.0408,-156.3779,121.8234,-122.5540,181.5612,-270.9926,151.9408,-154.2451,223.5707,-174.3035,175.5957,-197.6743,154.5862,-117.3967,41.6174,-179.1474
-194.7307,116.3952,-163.8617,117.2027,-163.8028,144.1738,-152.4268,120.9527,-265.5478,60.1068,-191.1670,195.5740,-196.6439,175.2124,-246.3826,117.4331,-81.6830,64.4030,-201.1335
-176.2915,160.9573,-140.8941,159.2454,-172.9031,175.1899,-165.7113,79.9323,-209.7678,-3.7876,-245.6133,182.1797,-253.3305,164.3946,-258.9286,72.4148,-62.0591,85.9143,-198.3922
-158.5651,192.4461,-135.7998,199.2684,-192.4837,199.4584,-185.7531,56.5969,-164.0385,-13.9466,-281.1857,190.9301,-297.5706,163.6035,-251.5219,26.4884,-47.9698,115.7151,-184.2066
-135.2682,194.8086,-140.5612,218.9037,-204.2047,228.4133,-223.0527,27.0771,-166.1082,-28.6586,-274.2035,191.8641,-300.9537,178.2910,-249.2453,-23.3289,-7.3809,155.0399,-177.3804
-131.0911,230.0100,-134.0227,242.3921,-202.7722,247.7503,-218.6373,-2.2846,-193.2520,-33.5758,-240.9565,164.2872,-289.8349,152.8387,-255.3384,-67.0153,31.9000,193.7589,-163.9862
-121.5628,277.9673,-118.3635,269.8246,-198.0974,247.4961,-182.3845,-20.1071,-230.5071,6.7130,-197.6906,128.7928,-281.5470,87.7702,-290.8043,-67.1372,61.3685,199.6926,-147.7472
-74.2486,277.3328,-104.2189,280.3897,-201.5125,248.0804,-192.6765,-35.2001,-265.4200,11.9510,-151.8302,133.5272,-269.0803,61.8664,-341.2280,-39.4294,94.1871,151.1571,-168.3810
-32.9609,267.5551,-102.7941,268.8163,-227.2294,243.5133,-219.8963,-51.6391,-256.1519,-79.0319,-141.1625,182.6698,-265.2217,93.1174,-334.0952,-41.7126,92.1169,96.8518,-212.8993
-44.0536,279.3094,-121.8341,243.3155,-267.9975,215.7499,-191.2804,-52.2801,-212.1197,-166.4125,-194.4505,214.9613,-291.4595,127.4561,-285.5214,-71.3930,44.8373,101.0373,-220.5420
-59.3385,256.1058,-135.5930,220.5430,-277.7441,188.5407,-158.5166,-25.4618,-216.7564,-155.6656,-254.9868,185.8291,-320.8753,135.0890,-302.5103,-93.2660,5.4456,131.9076,-206.7912
-30.0715,192.7246,-115.4157,195.8760,-238.3559,165.2091,-176.3847,-2.2433,-286.2014,-98.8854,-245.1488,110.9922,-303.4745,110.7344,-367.4415,-104.5500,-35.8789,100.4099,-237.1908
-17.8201,135.0007,-104.5054,131.4788,-213.2691,99.2127,-189.4254,-16.6471,-324.6555,-57.8577,-187.7403,27.4609,-256.9433,63.1059,-356.8444,-88.0703,-129.1741,-5.1361,-283.8417
-91.8956,69.0862,-161.6051,38.0712,-252.9608,0.1510,-177.3981,-25.4799,-279.7841,-8.1155,-162.8120,-31.8992,-240.2358,33.9008,-279.9571,-24.8002,-239.5393,-100.2838,-271.9789
-210.5410,-11.2621,-246.3333,-14.4008,-296.8523,-58.1968,-179.6341,26.2721,-222.7582,46.9701,-186.5610,-59.4421,-237.2922,32.8623,-249.4790,28.4173,-315.2445,-110.0316,-222.4809
-299.1161,-60.4569,-279.8176,-22.7416,-271.8360,-60.6443,-169.0738,83.5491,-230.0883,39.3330,-222.8530,-87.9652,-197.0616,8.6303,-283.6048,15.4503,-366.2894,-56.1399,-198.7037
-336.4701,-82.8900,-265.5659,-46.9645,-224.7487,-53.5162,-131.9125,75.6194,-281.6982,-29.1719,-256.5399,-135.3793,-161.8978,-48.3219,-341.1508,-19.8965,-392.7012,-24.9543,-194.5547
-324.0082,-114.5262,-251.5035,-83.1572,-234.9908,-55.9069,-137.0720,50.0115,-310.0805,-64.5944,-284.0800,-173.3010,-190.3340,-81.3538,-413.9880,-24.9142,-390.7656,-47.0628,-180.8764
-296.8011,-140.8829,-253.1957,-100.0531,-270.7280,-68.0174,-171.8592,57.8063,-285.2528,-36.9260,-296.0670,-186.1147,-225.6481,-71.0111,-455.1351,-21.8011,-402.8852,-68.6130,-168.1719
-324.6218,-151.7502,-271.1662,-123.6628,-265.3477,-98.0749,-151.6320,54.0437,-218.4501,-17.7817,-305.2179,-178.6148,-211.5369,-53.1033,-396.7340,-39.9282,-428.9380,-68.2225,-170.2732
-380.4881,-161.8744,-301.2309,-157.3207,-247.5834,-128.2529,-120.8636,19.2707,-131.9773,-27.0161,-321.1219,-143.2600,-200.1302,-50.2253,-286.4962,-68.9109,-411.4764,-95.3424,-185.0552
-350.2853,-153.7961,-317.5287,-154.9030,-269.2619,-133.2185,-162.8665,-4.9257,-63.6627,8.4123,-307.4712,-110.4367,-211.4433,-60.4369,-225.3293,-83.8309,-366.1805,-159.5164,-212.9535
-250.4891,-124.2443,-312.3071,-125.4275,-305.2864,-127.2745,-210.4093,-21.1030,-45.0161,98.1005,-246.1990,-140.5116,-187.4234,-78.7088,-201.7312,-69.8054,-354.2395,-201.0167,-241.0625
-215.3346,-118.1480,-315.8313,-113.9698,-323.0106,-127.8647,-191.8634,-49.1038,-50.7080,139.0914,-200.9892,-207.6671,-154.9462,-97.6141,-152.0486,-54.0731,-359.8397,-183.5885,-246.8239
-262.4593,-141.5316,-330.3926,-113.0124,-337.6321,-122.3776,-178.4232,-63.2927,-43.4679,86.5544,-230.5757,-230.8293,-196.8016,-108.4613,-104.1817,-78.1567,-346.9890,-128.6326,-239.7496
-300.6286,-152.0467,-316.4973,-106.8240,-343.1497,-106.6422,-224.2569,-53.0391,-45.4267,51.4366,-296.2727,-214.1207,-268.1415,-106.1016,-116.2836,-107.5544,-338.3784,-83.1503,-244.7728
-302.7542,-142.9663,-272.8036,-115.5930,-314.5201,-98.3386,-272.0429,-33.2980,-73.9458,134.7071,-331.2260,-212.4780,-274.2191,-101.9916,-162.0770,-80.4128,-358.8967,-84.5156,-252.6902
-301.9919,-144.5913,-250.7388,-143.2477,-284.5121,-110.5323,-278.2902,1.0405,-89.1013,248.5087,-332.2571,-226.8083,-245.1557,-122.1848,-190.7738,-32.4978,-400.8400,-107.1822,-237.1595
-316.7390,-174.3442,-270.9029,-164.6642,-288.4107,-136.8100,-253.5809,37.0680,-89.0705,239.1895,-327.8187,-236.4857,-243.5826,-156.8570,-212.8646,-24.8572,-438.6298,-80.0569,-200.9662
-339.9081,-209.8731,-290.6233,-156.4284,-280.9772,-137.0581,-203.7637,46.8297,-123.7876,129.6745,-327.0406,-235.9508,-241.1303,-153.6978,-243.5342,-28.2028,-432.9380,-0.2216,-170.8014
-330.4237,-196.7494,-274.6046,-111.8188,-224.9165,-75.7076,-146.3343,48.6162,-170.6151,54.3261,-324.9998,-212.3480,-207.6994,-103.7223,-249.1098,-10.2637,-384.8717,61.6900,-161.4552
-277.5902,-135.9358,-243.5922,-64.7935,-171.5009,-6.8508,-120.3097,53.3760,-161.1259,20.2400,-307.7891,-176.5739,-168.0460,-62.0003,-208.4907,0.7375,-354.8996,77.2662,-166.2885
-257.0214,-111.0476,-230.6606,-59.3967,-169.2054,-14.6384,-128.4895,30.3438,-110.6904,-46.8950,-271.0843,-161.5215,-134.5536,-54.4568,-141.4348,2.4251,-355.5336,69.6249,-168.7431
-284.3601,-135.8546,-233.6761,-74.4784,-194.2095,-61.9568,-131.5618,0.9331,-72.9778,-119.5109,-243.4907,-144.2843,-113.0129,-44.7353,-53.4496,12.2809,-327.9707,46.3844,-151.0330
-257.4307,-116.1115,-225.6583,-64.4261,-204.9462,-55.7358,-115.2068,14.6961,-52.7562,-133.3748,-233.1834,-80.4413,-127.3453,-5.7575,49.1229,7.5736,-259.1627,13.3253,-110.2977
-167.5939,-40.2250,-187.1691,-39.2994,-180.3376,-13.2877,-108.8442,39.6649,-44.2843,-98.3116,-196.0442,-8.1739,-155.6608,34.1269,109.7659,-8.8247,-188.7764,-11.9659,-68.8017
-114.4559,-2.2973,-130.6112,-20.1381,-127.3147,4.3876,-115.3189,31.1254,-35.9757,-38.1560,-131.3659,3.0580,-144.8275,30.3341,96.9488,-0.2979,-130.0027,-29.8513,-47.6074
-82.7950,-14.9670,-92.9846,-2.3526,-90.1147,11.3198,-85.0729,9.9108,5.5532,12.7536,-97.8464,-32.0603,-107.3942,-6.0887,72.1800,4.4689,-84.7826,-37.4342,-39.2033
-3.4608,-11.3375,-81.2877,5.3942,-85.1888,21.7965,-15.1017,-13.5984,54.3840,-10.7925,-79.4876,-46.5618,-80.0195,-20.6136,92.5648,-31.8957,-57.2239,-18.0505,-26.6509
61.5633,12.8885,-52.3468,5.8371,-61.0150,15.1758,17.2082,-39.6151,42.3044,-79.0769,-11.3079,-24.8538,-41.4304,-17.5522,134.3182,-53.7485,-23.4372,10.3844,-0.2908
55.1644,22.2252,9.2409,26.5776,-1.9401,17.5785,0.0114,-25.4152,0.4457,-83.5643,63.8639,-8.5187,15.7015,-44.3576,165.6614,-22.3158,29.5543,17.0297,58.4178
49.6091,22.0412,56.9557,49.6320,39.8810,53.8119,24.5030,27.4427,9.9602,-32.4783,73.9919,-17.6999,48.4773,-65.2235,190.0778,5.9540,81.7195,16.8109,147.4634
89.4852,33.9060,76.4380,45.4989,68.7997,74.7791,98.8152,52.9913,46.9722,-1.5421,75.6628,-18.9770,70.0603,-21.8679,204.4468,8.4641,136.9436,29.3672,207.9743
141.2762,63.2627,114.5181,54.8580,139.6707,59.6950,128.6630,48.1621,55.4975,21.2372,145.3942,9.2981,139.2994,25.4306,206.0995,30.9763,208.2329,42.9062,204.3352
197.9044,96.7649,184.0831,97.6528,228.5018,58.6516,119.5731,50.0621,66.4739,33.4236,250.5826,39.1803,231.3371,17.8051,218.5926,69.1546,267.3026,63.2035,191.2691
250.9016,109.1387,248.6276,115.0434,276.0029,81.9517,159.5926,36.0043,116.4387,-25.3079,338.9393,61.8584,279.9048,26.8862,257.9374,76.6340,299.9393,109.1832,217.9269
270.9653,102.9574,293.4771,98.8387,299.4398,98.1199,237.5289,-3.1293,184.2890,-112.3114,397.5969,104.7006,303.2545,88.0716,312.5204,55.2353,332.9434,159.0819,255.5150
284.8634,102.5823,326.6051,100.6656,336.0553,105.8884,295.7679,-23.3137,251.3256,-132.3854,420.5651,146.4270,346.4011,114.2029,362.2677,30.3718,367.7480,174.3688,276.1779
331.1605,95.8073,352.9206,101.9761,377.3493,99.7445,345.5359,-24.0398,315.9218,-97.6007,440.5964,136.7811,389.2204,76.9484,392.4636,6.5469,388.6656,146.8375,293.1912
390.3956,63.9579,386.6803,63.6134,408.7219,63.7962,380.6550,-25.5366,378.6125,-45.4438,494.6481,101.6492,409.8635,41.9321,412.1544,-8.5365,402.5918,94.0098,307.7435
443.5931,37.3315,424.5678,26.4654,418.7705,27.2700,361.0914,-2.1204,446.0004,22.1034,528.3875,99.1722,427.4926,28.8423,443.2210,-1.8704,405.9966,44.5657,318.0055
475.6707,35.9210,431.3344,21.4501,405.0636,16.0154,340.4300,38.1876,486.7159,62.0961,493.2336,112.6644,438.3888,23.4277,468.2483,21.2214,397.9658,16.6231,348.3964
443.6281,31.9456,412.4119,13.0183,404.5160,7.7565,394.7627,46.8819,448.2965,59.0360,455.4802,98.1772,415.7562,31.9252,450.6637,42.5628,408.5383,1.6090,403.0486
374.8227,18.0779,412.0974,-8.4630,425.4476,-1.3828,460.8138,48.2576,373.6294,74.5178,464.7058,69.9156,375.0388,37.0251,408.0489,50.8281,422.6875,-3.9898,451.6990
366.6355,13.7928,418.3487,-19.5960,409.6384,-1.7910,449.1891,91.1443,358.0490,118.4845,476.9385,65.6443,358.2360,26.7355,383.7701,60.4384,382.3093,8.9100,474.3563
414.1284,9.6474,394.4492,-29.0697,360.0672,-21.6057,410.4040,139.2363,385.0486,158.3136,472.7783,91.2716,374.2078,33.4997,379.1181,93.0269,318.7959,24.1093,469.5662
427.7334,-8.2959,367.9497,-45.1128,358.8435,-56.4164,422.3429,146.0250,376.6983,204.5667,470.1096,122.2152,403.8942,53.6190,375.4500,121.2386,314.6948,27.0305,449.0845
396.8748,-21.1730,371.0469,-45.0910,403.9845,-52.4002,446.8052,129.3770,338.3306,224.0131,452.8294,126.9439,433.6868,49.5619,358.9513,101.3891,344.6524,39.1138,432.4348
363.4023,-10.6103,375.7105,-24.9229,419.7783,-22.0286,422.3395,110.6448,307.0021,168.6202,412.7833,108.6623,451.3870,43.0187,318.3177,70.6581,335.0223,57.9699,413.4779
337.3894,15.7645,360.2545,-7.7151,403.4243,-21.7651,382.4326,96.3689,282.5703,118.8447,361.6375,110.7676,434.8250,62.2280,288.5172,95.0867,294.9108,48.6474,375.8321
324.5174,36.3933,337.8475,-2.3701,385.3979,-31.8645,385.9917,101.3614,287.2325,138.5071,290.7688,142.2235,381.9386,71.4931,329.4199,144.2648,255.8548,24.7740,340.6619
315.6153,38.6525,308.6647,1.2229,352.7323,-11.0546,408.7804,110.5119,343.9234,146.9595,230.8814,154.2219,338.0116,49.6181,413.7784,146.2956,221.2725,25.2518,319.4465
281.3975,40.9656,274.6075,10.2417,312.8748,13.4725,381.5027,86.7863,389.8915,119.4901,240.1946,131.9179,335.0764,19.7846,447.9399,100.7660,219.7480,39.6873,276.1742
254.1649,59.4943,250.3908,20.6120,284.4846,17.1239,298.9551,42.4463,348.7256,106.8798,274.1305,125.4973,324.6859,-3.4531,401.0540,44.4813,256.4253,55.6075,218.4124
278.7543,61.0116,217.9600,31.1849,236.3736,26.8325,221.7851,26.1096,249.2015,59.5723,243.6725,151.9904,256.0854,2.6222,310.1016,10.3390,254.7789,90.5838,205.9602
287.9658,24.9645,162.1618,53.6691,168.4277,55.8321,179.6107,52.0888,179.3230,-26.4239,168.6929,160.6697,173.2175,54.8042,219.1262,38.8379,176.2376,125.1993,224.4167
212.8138,2.9119,123.6700,82.0815,138.3522,81.6036,145.3225,91.3033,168.5214,-12.3553,111.7971,130.2382,131.4792,100.2385,168.3683,110.2703,92.0165,122.3332,208.4023
117.6410,22.9098,119.7934,86.0990,136.1660,85.6160,98.5987,112.0498,157.6469,93.6349,77.9628,102.7109,101.1105,88.8551,147.7425,132.1740,49.1247,101.5994,169.8008
67.2349,32.1403,99.1881,72.3970,102.5493,75.7131,41.7773,117.7773,79.5634,129.8217,66.2483,94.8717,49.5433,60.5121,86.7381,89.8349,5.8816,90.9726,150.3707
31.6868,12.8422,44.7798,79.6241,58.2290,78.6397,-21.3121,137.4355,-35.4783,111.7689,78.4972,78.6622,7.5416,59.3872,-21.9036,69.7072,-55.0912,76.2654,123.6838
-3.4612,20.5089,5.7697,95.5931,44.5846,96.2124,-66.7435,164.5131,-97.2544,148.0945,84.2005,59.6652,-10.1182,69.1867,-101.1560,91.6257,-90.5654,59.5655,55.6473
-20.6347,61.5110,-2.4059,88.6387,27.7005,95.0584,-70.7675,153.0080,-104.9005,170.8457,72.4154,64.8928,-29.5246,77.0088,-135.9117,94.9151,-86.1461,65.9207,-32.2458
-39.5103,75.8360,-10.9961,87.3220,-17.5173,78.7296,-77.4260,92.6865,-135.3745,98.4740,59.1631,70.5127,-57.2896,87.0117,-175.9411,70.0647,-72.6346,79.3862,-111.0437
-65.6729,54.4157,-23.2903,113.7689,-59.4536,90.6973,-145.5818,23.1492,-181.5758,20.8679,35.3649,51.9206,-93.5746,87.5564,-210.7676,43.5184,-61.0951,67.6604,-171.6168
-74.5807,52.3372,-27.3383,129.7565,-89.2424,122.4650,-226.6266,-23.8470,-158.0521,23.2848,-2.4554,43.5583,-149.4613,74.4311,-202.2172,8.1173,-44.3546,46.9953,-207.7568
-89.8310,90.8915,-39.0892,125.3118,-123.2615,132.8363,-231.6065,-43.1555,-62.1056,61.6889,-39.1202,60.1423,-201.8849,57.4092,-172.0055,-31.8046,-42.5499,49.5395,-226.9889
-127.0662,128.0922,-69.4716,127.6836,-149.8981,129.6556,-189.2250,-48.6250,20.3007,74.0242,-84.9580,67.2795,-225.7785,39.6501,-147.8148,-46.6947,-74.7610,59.3610,-248.9033
-127.4998,119.5966,-102.1649,118.4167,-159.1323,120.8871,-181.5970,-64.8312,47.5869,71.2460,-133.2931,67.2194,-252.9898,28.5521,-122.8113,-34.0178,-115.8280,38.5377,-277.9567
-90.5816,72.8877,-127.6809,81.1433,-169.4397,78.9678,-194.5631,-88.9439,35.9297,101.3422,-138.0490,83.8012,-295.2188,27.0023,-110.8121,-8.0931,-138.3893,-1.1637,-300.6115
-103.2179,37.3932,-150.8246,58.1487,-189.2769,26.3207,-182.5196,-92.2302,-22.4977,147.1715,-105.6494,98.6551,-296.3398,20.5729,-137.5160,15.4317,-151.3486,-12.6447,-301.3755
-153.5349,41.5828,-167.0287,59.3303,-209.3381,19.5985,-176.2834,-77.7520,-135.3051,126.1138,-94.4561,106.8404,-255.2067,14.7547,-183.6087,13.4677,-160.5473,0.0370,-281.7799
-149.9237,59.7990,-175.0410,45.9013,-227.5652,41.1954,-204.4571,-65.4718,-226.7380,51.2283,-121.2688,123.9018,-254.9859,29.6761,-211.8246,8.3007,-155.3754,-7.4868,-260.7426
-123.1394,57.1600,-193.1326,29.1291,-240.7429,39.4657,-229.1009,-40.2349,-208.6593,41.6030,-166.4104,105.3409,-301.9984,48.0645,-218.8017,51.9791,-153.5644,-23.0540,-241.3913
-163.1065,31.3389,-225.3806,34.0706,-238.2534,18.2185,-226.2773,2.3449,-136.0491,107.9619,-204.2770,25.7722,-302.2550,44.0590,-220.5233,108.3227,-187.2724,-7.5525,-210.5936
-238.6189,-1.6261,-248.5506,25.4386,-222.1345,-1.6002,-208.8831,21.4118,-139.5616,136.3466,-204.9906,-22.6470,-235.3591,34.1702,-219.4323,103.3644,-245.3971,10.0789,-184.6653
-287.1575,-16.9870,-256.7942,-4.0071,-208.5110,-13.4077,-179.3347,5.9884,-210.2976,89.7261,-192.3727,20.4012,-189.6955,43.3996,-212.8474,72.4012,-287.0948,-2.1324,-197.5311
-326.6504,12.3846,-270.3352,1.3239,-211.8001,0.8881,-162.7140,-4.7362,-240.6244,32.5380,-225.1196,78.5739,-214.8484,68.6889,-217.6544,69.7009,-283.7912,-7.4924,-243.3174
-347.6284,64.1928,-290.4269,35.7898,-241.4714,33.1094,-208.7784,1.9087,-237.1052,12.9210,-280.1475,90.2250,-272.6613,86.5220,-251.5289,54.6594,-233.8475,-3.7524,-294.0038
-306.4035,64.2687,-300.7809,31.5765,-297.2614,31.5637,-302.2339,6.7483,-273.4911,22.5550,-296.2866,78.6153,-320.0188,72.4367,-293.0935,31.1006,-185.6636,-44.5818,-345.4973
-259.1510,-1.7461,-307.1995,-10.8083,-352.4850,-12.4271,-375.2771,10.2338,-316.3716,14.1849,-285.6011,57.5586,-340.9026,42.6225,-306.1199,75.8333,-201.8291,-97.9069,-391.1931
-275.7403,-50.1087,-316.3091,-37.2937,-369.1184,-45.1373,-400.6637,18.0437,-309.6707,-19.6518,-273.9590,31.1984,-333.9408,41.6909,-294.8824,138.8223,-253.2225,-80.3111,-401.5250
-285.5717,-30.7939,-305.3945,-38.5984,-349.4911,-41.6038,-384.1746,19.7247,-300.0834,-6.5610,-258.2449,19.1497,-327.7269,55.9994,-289.3322,102.9341,-247.7955,-26.1838,-363.8744
-222.0177,6.2199,-271.3371,-29.8772,-333.2469,-28.5066,-339.7655,12.8398,-325.8398,56.2171,-261.9005,6.0385,-351.0321,38.0938,-301.8690,26.9653,-187.2291,-20.1055,-300.6570
-178.6854,19.5458,-254.9019,-7.3565,-329.8111,-21.4901,-318.4112,-0.8720,-353.1610,54.1334,-290.9926,-16.3407,-376.6813,11.4262,-330.5829,30.2031,-152.9187,-33.7484,-245.6733
-233.4975,30.2922,-274.6283,23.4964,-313.0025,-3.5388,-351.8777,-27.6393,-377.1486,-28.5791,-308.2404,-2.6370,-367.4455,16.1841,-364.2279,57.5705,-150.4689,-2.6342,-219.5581
-297.4929,40.2823,-297.3309,39.9396,-284.0890,34.3133,-385.5689,-48.0671,-406.1441,-77.0120,-321.7863,27.3766,-340.8161,13.5791,-380.8345,20.2401,-136.4848,44.4036,-216.6062
-285.0192,12.8738,-291.5515,23.8126,-269.4515,55.6696,-368.7960,-26.8008,-393.6017,-57.1237,-346.9143,-22.5206,-314.6517,-35.7548,-373.4207,-24.6370,-142.4122,52.9941,-216.6419
-244.6475,-47.8740,-261.3747,-26.7532,-267.0152,16.2422,-328.2490,13.7862,-328.7751,-21.7442,-333.6927,-132.1077,-269.3348,-98.4131,-349.0176,-19.4363,-205.9029,36.0250,-210.3724
-233.7998,-83.6347,-226.6623,-73.0377,-252.2186,-50.5195,-295.2585,8.6751,-277.1920,1.3262,-281.8437,-169.5450,-219.2010,-129.8051,-308.8218,-15.3202,-269.7005,33.9971,-201.6661
-238.9342,-59.0243,-198.4314,-60.8958,-211.2455,-61.0508,-271.9968,-43.0854,-262.4480,-15.7999,-252.6828,-113.8923,-205.8111,-115.1903,-272.0306,-40.8592,-275.4591,52.1896,-197.6564
-247.8184,-10.5396,-169.9848,-11.8791,-152.3850,-17.2397,-265.8036,-75.6279,-256.9326,-69.2119,-222.5207,-68.9932,-206.8479,-72.5521,-268.2514,-53.2774,-247.4343,62.5562,-204.2116
-252.5130,2.9520,-132.3800,2.8395,-113.1823,1.8301,-270.7933,-62.2011,-273.0824,-82.1121,-157.9471,-81.7665,-181.7529,-51.6700,-285.5107,-41.9389,-208.3985,46.3533,-210.4717
-205.0399,-13.0108,-95.9296,-6.3378,-114.2789,-8.8011,-268.8569,-34.7467,-324.6451,-42.2547,-126.4248,-107.6915,-160.3557,-60.4856,-299.9165,-39.3737,-138.4277,28.3229,-191.9702
-96.6911,-8.9064,-66.9380,17.9639,-107.4589,13.5455,-272.1555,-16.3015,-374.4887,-25.2803,-140.5153,-114.1167,-167.0855,-48.0813,-319.3963,-51.1203,-55.4002,45.6799,-150.6770
-10.4324,7.3444,-28.0240,47.8471,-59.1663,56.8109,-286.0372,-13.6440,-400.0076,-47.0564,-123.4807,-109.3708,-156.7445,-18.7289,-329.3115,-60.9892,-14.0695,83.1992,-113.0242
8.6090,-3.4610,16.0172,34.1732,-20.2654,57.5401,-270.7494,-36.4057,-407.8476,-85.5556,-84.1717,-96.0692,-106.8759,-21.7076,-290.5936,-73.8300,-16.4772,89.7140,-84.3260
17.3364,-8.4609,27.8258,19.3607,-11.8744,30.9047,-208.8096,-65.7879,-381.2952,-139.9803,-64.2784,-62.3420,-52.8952,-30.8273,-220.1986,-106.0018,-18.2267,61.3618,-53.0859
38.2919,32.7219,8.1396,42.2554,20.0386,34.8791,-128.2589,-63.1520,-303.0901,-162.1885,-27.5872,-20.1639,-9.8146,-6.1403,-151.3600,-147.8343,-6.2438,46.5757,-18.3499
17.9972,62.1331,5.1447,55.2362,71.2699,54.5660,-36.8779,-31.0286,-188.7023,-125.2175,8.4027,-3.7223,27.1950,9.7728,-58.6128,-162.4948,-5.3281,61.3363,21.7945
-31.9510,26.5659,35.3935,32.3422,89.8454,39.3836,70.2300,1.0371,-63.5741,-95.2531,-23.0134,-16.1575,44.7183,-8.9459,64.3440,-136.5028,-23.3870,69.6901,73.9592
-32.1518,-18.3426,68.5074,15.2733,105.6552,2.4316,160.5419,27.5755,35.8205,-77.3924,-55.2377,-32.2592,54.3841,-24.4039,156.0810,-106.8562,-29.5338,61.8924,127.4734
5.0087,-19.7347,88.6384,14.4577,151.3716,-12.0818,199.8448,47.1966,74.7524,-29.1264,6.8496,-51.1250,93.7645,-31.8819,187.0013,-101.1703,3.4243,65.0218,160.4135
3.5457,-11.1173,100.9073,-2.7364,166.7746,-13.3969,206.6647,49.4141,83.1601,-28.7739,100.9184,-76.7759,155.9385,-47.1284,197.6891,-92.2984,51.5224,67.2530,170.5082
-2.0250,-22.0203,99.2491,-35.4312,140.1064,-34.4625,226.6656,42.8212,120.1386,-110.5238,140.1707,-81.8262,204.6835,-49.1273,225.8975,-68.9352,72.7210,42.2218,179.7431
79.5723,-28.1371,91.0184,-48.1729,157.4095,-52.9244,262.6541,31.5427,173.8618,-137.9587,147.7712,-55.8249,235.6046,-36.2271,263.0158,-81.1443,81.2111,28.6342,203.2734
205.1556,-10.1346,114.6916,-20.8559,228.4509,-24.8045,267.3885,-0.0152,212.2616,-87.9369,166.2167,-28.3390,253.7582,-30.1962,270.1730,-134.6291,120.8473,53.0011,223.3953
254.6211,16.0013,179.0980,21.3227,264.6871,22.6398,234.6646,-32.7036,271.0930,-82.7765,198.5784,-14.5378,244.3615,-19.3475,241.9805,-138.3048,181.5304,47.2980,219.3190
236.8219,24.0931,233.3730,23.1982,238.0258,21.4626,230.2882,-30.4432,367.6539,-84.9460,230.0348,-6.5005,211.0348,-1.7515,239.7178,-57.4232,230.9243,-17.6399,215.7256
251.6861,7.7731,247.5852,-23.4314,206.2904,-27.0702,269.4071,-15.7830,432.0369,4.6074,243.2862,-1.3857,192.4374,-4.6613,289.3099,6.8842,276.6844,-57.3061,245.9355
294.4008,-19.6142,257.4902,-62.9931,212.0171,-66.3281,281.0834,-22.6095,427.2769,92.1092,258.5508,8.6499,215.5382,-16.1819,327.2816,-7.5825,314.3434,-43.6146,288.5394
290.1765,-53.0800,277.5640,-76.6322,235.1964,-82.5236,257.0974,-30.0215,412.1914,75.2856,304.6479,22.3092,260.8032,-14.4164,335.2727,-29.4949,310.7970,-48.1222,307.6042
262.8960,-81.5300,269.8736,-91.8471,233.1894,-95.4809,265.3717,-28.1798,421.7820,12.7572,344.5446,8.8248,289.9310,-28.5467,367.7941,-19.2322,289.3170,-68.2472,306.3227
270.4613,-63.1496,244.9560,-87.8757,221.3090,-96.4380,304.1017,-40.7789,424.3750,-23.0518,348.8819,-35.4780,300.8807,-73.3480,409.6104,-32.2927,305.6288,-45.8412,298.9117
267.3428,-0.6242,261.2891,-46.7297,259.2906,-81.5305,330.1996,-48.0442,415.2859,-1.5859,357.7237,-69.8439,323.2085,-113.6448,408.9378,-61.8680,339.0124,-22.0500,295.0753
225.6123,20.4670,302.7714,-35.7872,322.4758,-84.4901,355.4429,-20.0164,410.6474,77.2183,376.0940,-84.7990,354.1289,-128.9523,392.2030,-35.2371,333.2039,-51.1393,305.1112
240.0663,-33.8201,303.2253,-82.7466,321.9618,-112.7011,373.4493,1.3141,376.6545,120.9917,378.5944,-97.4969,361.6250,-122.7050,376.8465,19.6374,295.0175,-77.7331,307.3849
330.1280,-83.5464,275.0738,-106.2924,272.9072,-125.5587,351.3632,-28.1007,295.7567,64.1940,401.1030,-85.7460,350.9025,-100.6075,331.5410,10.2609,260.9449,-63.3232,271.1497
358.3826,-72.0631,269.6958,-77.8937,258.7431,-105.7010,331.9110,-73.9147,234.7095,-15.4486,437.6447,-32.0665,347.6210,-80.6359,291.0316,-53.6803,253.4362,-60.0505,226.2917
290.9492,-31.8328,272.8615,-64.1347,271.1295,-80.2966,349.4984,-86.8368,240.6535,-65.2409,400.9895,21.1401,340.0727,-64.3511,303.5984,-90.9104,289.5324,-80.1168,214.3149
259.4121,-7.1609,258.6243,-79.2048,262.9605,-74.8682,337.3044,-64.2099,271.2133,-113.6539,313.1576,37.1644,316.9899,-33.0845,328.1539,-71.2744,338.8116,-85.1680,211.4587
294.1307,-14.1082,249.4103,-81.0471,254.2456,-91.5590,287.3798,-25.9191,296.1548,-118.4182,287.0603,32.0058,310.2317,-7.3667,348.2615,-15.7485,331.6421,-96.0803,193.5953
292.9768,-36.3135,255.8503,-72.7857,266.3558,-111.8460,298.2916,7.6234,334.2699,-42.5685,310.5234,25.8314,336.7090,-17.3833,404.4267,35.9592,267.6930,-142.6223,181.4052
238.7173,-39.3388,256.1845,-78.5541,277.5620,-115.2463,367.6910,21.0296,366.2023,21.5718,304.0449,19.7221,362.0882,-34.5496,450.6375,38.5608,212.8190,-181.5444,176.2563
196.3208,-33.4243,240.5041,-91.7880,272.3745,-110.6505,386.9878,12.5007,351.6897,13.0872,278.9872,16.1097,354.4612,-29.7505,410.1942,-0.4874,194.5925,-182.7056,166.3985
179.5648,-45.8208,212.0292,-93.5671,240.8074,-112.3947,335.1944,-9.5312,301.7451,-14.7035,256.5051,13.8749,315.0497,-24.5710,318.5802,-17.4218,203.5199,-179.9342,172.1165
174.0927,-40.6124,180.1401,-69.6140,186.4585,-98.6869,271.7050,-25.5801,233.5977,-33.4053,210.8615,-0.0483,259.9442,-33.7590,237.9552,5.5912,226.8665,-177.5147,197.3456
173.1649,-5.6739,163.3941,-34.1255,156.8797,-58.5080,232.6104,-15.6724,151.9500,-50.1499,154.6772,-34.1539,213.1771,-47.6196,175.6042,14.5204,222.0665,-137.2401,210.0733
153.4732,-11.3275,157.6136,-26.0290,169.9302,-26.8753,236.5991,7.1294,110.4035,-46.7801,116.3582,-72.5603,191.6724,-50.7964,139.7474,-13.3337,166.2754,-75.1756,199.8699
115.4117,-53.9830,137.0705,-36.3383,173.7342,-17.6330,265.9148,12.6793,146.1726,-34.3809,82.6773,-82.2923,179.2184,-15.4597,122.5133,-26.2366,111.3141,-50.1420,176.4965
81.0213,-50.2650,102.0499,-26.5832,146.9572,-12.8321,256.3310,2.7089,194.3215,-36.3633,42.8103,-60.0595,143.8309,40.8695,95.5069,11.2163,82.3954,-66.3356,145.3209
32.2590,-24.2346,61.1582,-20.0576,115.2888,-24.4926,198.7711,-4.7813,212.5722,-11.9141,-6.2838,-46.4067,82.3280,41.1478,86.4960,51.3985,33.9679,-83.8625,122.6462
-29.0730,-40.2826,3.7526,-36.2779,74.0906,-51.4679,144.4913,-5.6784,253.8714,68.7517,-71.0900,-56.0200,24.5919,-9.3221,110.5570,38.5657,-28.1959,-90.6657,101.8424
-47.2064,-45.2095,-51.2239,-17.9187,22.6946,-36.6497,92.4301,3.2593,303.9844,136.1955,-115.8704,-51.5644,-10.8671,-15.0475,92.6084,1.7503,-44.9810,-85.7527,44.0066
-38.6775,-7.0836,-67.4965,40.9456,-6.3477,26.5660,18.8986,13.0667,268.1519,111.4011,-112.8838,-28.6793,-44.6005,20.6375,13.9883,-1.2938,-30.5578,-47.5282,-27.0294
-79.8052,-3.4258,-68.8862,53.6108,-26.7037,61.1351,-39.4715,2.1482,167.6042,35.3329,-119.6503,-36.1985,-93.9225,8.7954,-43.3380,16.2796,-48.5676,13.2099,-40.8912
-141.7151,-45.4281,-98.4669,4.3265,-71.0625,38.4544,-50.5256,-5.6611,104.9242,28.5896,-171.9487,-75.7169,-125.7262,-42.6413,-75.4407,13.9597,-106.4791,41.2774,-14.0386
-148.2366,-61.5360,-138.8765,-35.6526,-96.3485,4.4089,-31.4357,32.0134,74.0026,104.5373,-201.2111,-88.5575,-107.9953,-67.6040,-139.7579,2.0924,-170.0280,28.1401,-11.0304
-137.0301,-48.0617,-159.0181,-43.2212,-72.6215,-18.4929,0.3322,78.8648,19.3323,134.0219,-169.2444,-63.4735,-81.3725,-70.9830,-191.1196,-0.1224,-211.6392,19.6816,-22.7633
-172.4153,-41.4430,-169.7646,-41.3938,-73.7703,-35.8884,14.7283,76.2871,-32.7726,74.8248,-138.7860,-53.1127,-100.2332,-75.2436,-159.1888,-3.5866,-218.3289,11.1519,-22.9392
-224.7507,-46.8551,-189.8935,-45.1543,-141.6345,-50.3297,-27.5106,54.7524,-50.6854,41.3502,-150.1551,-75.4197,-140.3748,-67.8493,-88.0456,-8.3539,-210.0445,-41.6446,-40.2048
-250.5020,-65.4120,-221.6601,-70.2099,-200.8819,-76.2135,-88.3690,55.2855,-58.1170,58.3130,-166.2531,-86.9432,-148.5900,-53.8381,-55.8117,-7.0255,-212.1487,-108.3066,-86.9770
-243.9412,-73.8286,-254.5076,-99.0384,-203.8450,-103.4997,-96.1493,35.5087,-71.2816,23.5055,-159.2305,-65.7435,-135.6956,-49.4613,-70.4641,-16.3888,-203.6949,-116.0221,-134.6684
-201.2198,-46.0893,-264.0401,-90.0313,-206.9195,-88.3290,-86.4560,-29.3719,-101.4618,-60.7752,-157.3815,-51.0344,-148.8027,-48.0443,-97.4607,-41.4604,-171.8766,-73.0637,-170.5796
-153.5683,-36.7782,-249.1965,-68.4865,-243.7336,-45.3792,-137.5338,-69.6106,-160.4403,-109.7924,-187.6123,-69.9641,-192.6747,-39.8025,-114.7846,-52.5754,-165.2862,-40.1907,-185.2144
-162.4527,-84.0865,-247.2330,-78.5013,-265.4243,-36.9112,-208.4392,-31.7831,-204.1594,-116.1720,-217.9410,-82.9468,-229.4258,-13.7619,-135.7429,-27.6257,-208.2390,-27.9190,-162.1469
-218.7059,-108.4238,-271.0987,-83.1218,-250.5651,-55.0526,-213.7767,35.1469,-197.7072,-88.8416,-206.7885,-53.6576,-237.5605,30.3477,-178.7636,20.4419,-242.1536,-15.1131,-127.7322
-250.0824,-63.1776,-294.4715,-50.8563,-245.0774,-50.1072,-184.4675,60.9121,-199.4099,-35.0375,-185.6161,-18.8616,-238.6155,48.2550,-219.1429,53.3252,-220.6505,0.1907,-127.3857
-232.9783,-10.8559,-299.6763,-21.5297,-257.5341,-27.2250,-199.9958,47.8209,-248.4162,-37.6553,-204.8589,-21.7549,-256.1752,15.8825,-231.2033,43.8013,-189.6849,24.9575,-159.0581
-203.4357,14.4876,-279.8720,-8.9455,-240.1778,-7.3534,-245.2268,35.8132,-297.5857,-117.6003,-231.6719,-35.4244,-276.1033,-9.8339,-241.3065,15.4016,-216.5817,65.3631,-194.2889
-192.2449,20.9292,-240.0746,7.4975,-198.9238,15.0716,-260.1924,25.2844,-337.9425,-162.5089,-215.6224,-29.4145,-283.4716,4.7972,-269.3406,3.4537,-282.9965,84.4473,-225.8412
-205.0667,0.0532,-212.9752,15.1437,-192.9293,33.1181,-253.9111,-0.0023,-402.6959,-147.6787,-193.4957,-42.7152,-299.2341,10.0698,-296.7686,-1.1101,-306.7343,53.9128,-258.1867
-219.0277,-11.9279,-205.6122,14.6041,-218.4638,39.9850,-271.7422,-15.9241,-456.6440,-151.8758,-213.1371,-102.8806,-328.3472,-12.9590,-326.3949,-1.6277,-263.8905,19.8606,-284.3856
-198.9021,27.9824,-180.0607,30.1150,-223.7054,48.3475,-316.7750,-5.3774,-468.5108,-145.8542,-240.9203,-145.3530,-336.9592,-22.9832,-377.5624,23.4243,-216.6126,24.1444,-290.1748
-159.1909,69.1260,-146.1869,40.5163,-213.9660,49.1566,-359.6045,-5.8739,-479.5084,-81.0814,-238.2969,-110.2981,-325.9060,-17.0430,-430.3706,36.5233,-202.3009,27.6227,-278.9503
-159.9254,69.7637,-160.2345,29.4174,-226.4424,33.2504,-370.0482,-38.3564,-480.3918,-50.8585,-239.2770,-52.6734,-334.0844,-22.1170,-445.0241,-17.2466,-195.1666,1.1960,-283.0723
-206.7885,66.3028,-210.0922,29.9840,-257.3275,28.6996,-337.9937,-73.7266,-422.4424,-110.7849,-280.7225,-55.0438,-351.6861,-33.6974,-413.2932,-89.0335,-191.7119,-16.7940,-317.9701
-237.0696,53.4608,-241.2163,30.7802,-288.9014,30.2353,-299.5668,-103.0220,-360.7919,-164.0262,-321.1898,-96.7420,-337.1130,-51.4631,-369.5675,-104.8267,-219.5269,-26.8357,-345.1049
-238.6437,1.1525,-255.9685,-13.4247,-319.0960,-10.2942,-295.4123,-137.1416,-360.0291,-161.1749,-297.8436,-107.1609,-304.0575,-86.6332,-353.3125,-86.0052,-266.7358,-78.1407,-333.0608
-267.0424,-40.9138,-273.3745,-66.6937,-340.2498,-70.0698,-306.5737,-156.8947,-367.3440,-175.0247,-234.2420,-77.8942,-294.0390,-106.5374,-355.0372,-79.0239,-288.8389,-135.4495,-308.9566
-303.0749,-37.5743,-279.3059,-69.0755,-342.9026,-76.2911,-308.0805,-152.0778,-351.8598,-224.2713,-207.3987,-44.8989,-306.2952,-79.4169,-345.8146,-90.9341,-261.3621,-126.3188,-301.3387
-256.3195,-35.6160,-268.7550,-45.3817,-330.8853,-44.3078,-323.0881,-144.1855,-353.9464,-219.2751,-221.4846,-31.2723,-318.5717,-45.8621,-339.2186,-116.2403,-200.4720,-102.3945,-293.9121
-151.6391,-53.8253,-253.0133,-45.1350,-312.7286,-45.1851,-339.1978,-133.4339,-331.5790,-128.8889,-220.3635,-40.6025,-315.8813,-46.0716,-325.5849,-119.6369,-160.9796,-141.2934,-260.7000
-114.9256,-69.0327,-240.2723,-68.1395,-294.0193,-76.3914,-295.6516,-109.2541,-231.7495,-61.2238,-199.0819,-50.3441,-283.7419,-49.9285,-242.5577,-74.8273,-182.9302,-177.9369,-203.5542
-158.7360,-82.2446,-243.2252,-87.8721,-268.6822,-89.1907,-212.7881,-86.5475,-144.0242,-83.6344,-183.8806,-37.6082,-232.2957,-36.4336,-119.2823,-43.2604,-229.1878,-143.7704,-153.4689
-188.3713,-91.4349,-251.3901,-87.5289,-228.1444,-86.2077,-168.6927,-68.1898,-126.9211,-98.7361,-162.0899,-30.3042,-198.6158,-37.5396,-61.8711,-63.9273,-238.7537,-114.7545,-135.6269
-181.4214,-93.7366,-232.8156,-87.9163,-196.4981,-99.7152,-152.8554,-43.9353,-88.2003,-55.4940,-136.0149,-53.3392,-193.2516,-52.7135,-53.8579,-64.4314,-207.4608,-143.3910,-124.2314
-171.0184,-106.3085,-206.2472,-116.6342,-199.1539,-116.8540,-114.1886,-32.4399,-10.6901,-70.6683,-142.3359,-63.7286,-193.9121,-40.2564,-21.4097,-25.5035,-153.4944,-148.5615,-79.5261
-146.4446,-104.6259,-203.0773,-132.3305,-199.9859,-99.4566,-79.5639,-47.7659,-1.6498,-158.6038,-157.1249,-39.9453,-182.2854,-12.3208,-15.1333,-24.6909,-86.0726,-91.7664,-31.5088
-100.9625,-61.2899,-177.0359,-91.3034,-158.9177,-62.6580,-86.1189,-73.9162,-54.8207,-161.8277,-113.9950,-28.9214,-144.7794,-11.5987,-74.8643,-50.7791,-33.4653,-48.5891,-32.5245
-56.0464,-42.2316,-102.1040,-55.3310,-102.2095,-57.5004,-100.3452,-99.4053,-64.2982,-72.6353,-29.9687,-36.7564,-82.8266,-16.6456,-109.8895,-28.1181,-10.9452,-52.0528,-47.1445
-16.6597,-91.5035,-54.1538,-78.0994,-56.3960,-75.7777,-79.1627,-101.9830,-27.6542,-30.3045,10.8735,-30.4801,-31.0813,1.9646,-83.9365,19.4288,0.0264,-52.3761,-11.1801
-0.8788,-129.6481,-63.1056,-98.4594,-7.8330,-69.3576,-22.9346,-54.5592,-0.5210,-26.5387,-12.2845,-33.6407,-3.6669,2.2084,-62.6789,34.6398,-3.5849,-30.2532,50.2694
-25.1627,-107.9980,-56.7370,-79.3890,37.6552,-51.5531,35.9191,-0.4963,23.5943,2.5812,-32.7810,-57.2186,29.3725,-38.8570,-47.8265,21.2415,-24.5903,-13.1501,80.6816
-38.4471,-81.9110,-12.7157,-71.6476,59.2639,-59.3166,56.7323,3.6973,56.9534,-6.5684,-4.1609,-49.2044,61.5606,-64.9296,-6.3402,-11.9073,-19.0659,-7.3276,93.7527
-9.2350,-78.2058,22.7194,-82.5077,66.7779,-63.4727,44.0914,3.4436,83.3612,-59.4545,25.3545,-21.6077,58.1525,-47.2166,35.8943,-38.7133,13.4475,6.0571,121.5828
14.1943,-75.8861,45.6991,-77.3751,79.0521,-39.0021,50.3162,44.6086,97.6991,-49.8249,2.8689,-38.1545,59.4530,-24.7724,70.8119,-8.4566,5.7608,28.3149,137.8819
42.3348,-75.5240,74.3311,-70.9301,110.5841,-29.0819,85.4720,65.1096,92.6658,14.7137,-3.5644,-66.6068,122.0920,-18.4750,108.4496,36.7835,-26.7221,35.8308,110.5989
135.6499,-69.4746,101.3923,-69.9138,166.7994,-46.4688,111.2141,29.4101,73.9604,51.3107,98.6690,-55.0359,192.8578,-21.3524,107.9386,6.1633,5.3642,23.3468,71.7349
228.5145,-41.0584,133.2949,-43.6750,206.1736,-40.7594,124.7007,1.9488,83.6664,60.0515,241.0389,-53.6896,197.7370,-35.8111,68.4717,-66.0105,84.6582,28.5435,74.5820
228.3003,-12.7702,171.5176,-9.0147,194.2936,-3.4505,145.9155,9.1905,118.5210,33.1667,284.2402,-91.2808,171.5917,-45.2282,60.6662,-90.2454,122.0952,71.8419,115.2190
199.4181,-5.3760,190.1065,-4.2598,180.6436,24.1268,164.4156,6.4732,118.5484,-48.1635,233.9708,-106.5305,173.0038,-28.7908,87.0319,-77.7476,121.4440,107.5025,138.8962
215.3589,-3.4927,203.0828,-8.2565,199.2276,34.6432,167.4476,-16.7731,87.5297,-88.3467,193.5123,-82.8850,188.4302,-13.2217,91.4785,-72.8172,136.1462,94.4845,116.9464
230.7388,4.7550,244.2709,12.4186,203.0087,52.2702,157.8411,-34.4196,76.3201,-32.1125,198.9348,-68.1196,196.6573,-19.2737,83.8615,-69.9261,164.3629,64.7120,80.6850
225.6433,23.6158,282.6777,52.7908,193.3730,84.5262,135.6547,-38.9890,70.8965,-7.8259,224.0757,-74.4458,207.0302,-14.7530,98.9220,-64.3676,192.2182,66.6417,66.0375
231.1573,55.8901,283.9783,95.6691,225.2994,113.2333,116.6416,-33.9937,51.9662,-81.4815,240.5504,-80.6490,215.8906,13.2838,129.2678,-58.1978,228.1362,96.8523,68.4959
223.8923,80.2548,275.1085,113.0234,262.8278,106.6719,124.7481,-19.1275,62.9761,-119.6703,226.2472,-66.5764,216.3025,35.3039,172.8258,-30.3219,253.7478,115.7128,78.1788
192.9135,77.9466,260.8917,79.7162,242.0060,60.1892,150.6336,9.1590,108.6372,-47.4693,194.6770,-21.6230,219.0373,44.6985,228.8300,26.6857,233.8009,94.9569,110.7779
178.8634,57.1551,213.4143,22.3947,207.6368,14.6031,179.3596,47.4542,136.0706,32.2150,184.2176,21.9385,220.3651,49.5491,259.6861,82.0105,174.9352,54.9830,167.6193
156.8371,21.0675,166.8430,-13.0096,214.0795,-7.5204,216.4494,65.0569,151.8204,40.8065,188.6643,23.0293,207.4267,35.4819,239.9542,90.7503,120.1640,44.5123,208.3471
85.8129,-24.0092,169.9991,-26.9147,227.3931,-26.6752,245.4993,43.4196,209.9436,20.9037,180.6931,-0.9572,196.3322,6.4521,194.6720,37.7426,98.0407,52.7482,201.5208
47.6775,-52.8560,190.7651,-44.7732,217.3152,-49.0367,239.7847,17.9448,307.9368,27.8654,180.3714,-23.1689,202.8262,-4.6434,173.9962,-19.4425,99.8945,11.4837,161.6216
123.5659,-62.3220,191.0256,-71.7474,198.9579,-68.9437,208.4348,6.0754,387.7574,65.8609,212.6306,-41.1697,203.1252,8.8069,214.2245,-10.3095,113.1819,-72.7579,114.7580
235.2105,-56.2115,196.1994,-83.5094,183.8025,-89.9435,169.0975,-26.6785,393.3434,101.0712,255.9405,-24.4524,183.3768,27.5224,283.7249,38.2222,156.6129,-102.0136,75.6382
270.4613,-7.3282,223.7963,-43.2734,185.7191,-77.1921,135.1441,-72.8613,314.2672,78.4973,284.1081,36.5082,186.2974,44.8863,304.7861,56.8479,234.3680,-41.2559,57.8815
248.4254,77.0792,253.7695,39.9182,215.0305,1.1649,135.2550,-85.4445,213.7721,-13.0682,294.2077,80.9764,244.0973,62.1882,275.8894,47.9718,292.9672,33.2259,62.9210
256.0131,132.2838,279.3701,98.2181,248.9672,73.4380,161.3298,-75.6021,166.4213,-88.4424,287.4815,94.8934,303.5723,76.9426,266.5687,34.9423,292.0568,60.3379,75.9727
294.1356,131.3144,303.1924,101.9589,268.0664,64.7057,161.0769,-75.6305,168.0060,-72.8557,264.6325,129.6491,297.1304,87.2485,282.0279,8.2516,260.8354,61.6906,97.4091
276.9063,105.7849,308.8003,94.6216,273.5336,35.1591,147.0409,-67.0017,179.3720,-18.0395,221.8066,165.7010,254.1627,90.4543,276.0994,-9.1004,236.6445,75.7014,141.7414
184.6457,88.6502,285.6859,99.4915,255.8289,56.1545,181.5472,-30.2853,194.5673,11.1243,152.9796,154.7915,243.1097,89.6318,249.8256,23.4143,224.7688,98.6952,199.4461
114.1214,99.9406,250.0048,96.5660,223.7185,83.0016,237.5433,27.2111,200.1011,60.0663,82.6467,137.6603,252.6026,92.7913,216.3459,80.5121,229.0334,105.0286,244.2256
123.7570,123.3231,223.0320,85.9872,220.3007,73.3981,244.7764,98.1412,173.7513,159.4112,55.4481,149.6960,243.5753,89.8372,169.4621,112.5727,237.2143,94.7093,264.1313
150.5304,110.5756,208.5803,79.1695,245.0436,62.2456,233.3082,157.5188,149.0454,238.3839,68.0284,152.1187,232.6891,65.0587,137.7448,119.2940,210.1981,94.3338,259.0724
134.8291,72.4146,189.9946,70.8781,244.5437,67.5160,266.9629,183.1926,166.8615,258.4989,67.3888,139.6927,221.4135,38.2484,146.8988,122.2741,155.7968,113.7471,242.6485
97.1032,67.4757,155.6765,68.7068,208.1673,75.0523,310.9117,195.8864,189.4168,245.5905,29.1045,147.7785,172.1146,44.8227,157.1139,125.6148,133.3633,134.6259,237.5249
71.8812,87.8610,123.3034,83.7951,178.0844,89.3049,292.7945,202.5516,165.5363,201.8743,-17.4210,172.5104,112.5210,81.2673,138.5116,124.3735,143.8074,135.1214,238.2280
66.2554,85.1501,109.9295,94.9463,166.0483,101.2682,222.4207,187.0612,123.1660,158.5843,-40.2733,202.4606,106.3190,112.3281,121.3537,128.4414,122.9061,98.7625,223.4230
60.2503,56.3702,105.6681,81.7620,137.7896,86.5614,166.5587,179.4038,110.1356,171.2096,-33.3197,234.7911,129.8703,120.2186,117.2958,158.1348,60.8472,32.3991,202.9525
28.9221,20.8527,103.8194,58.9285,85.7603,62.2097,151.8984,191.0230,108.2173,176.7553,-1.3191,239.1368,129.3482,119.1961,101.5009,188.1798,20.2292,-15.0265,188.7510
-2.8175,3.1162,106.8932,45.9853,61.2092,53.5097,150.2897,159.7204,80.0292,103.3808,32.8331,212.1808,116.0820,121.9637,79.6340,160.8500,28.7528,-10.5356,164.7046
0.9420,23.0705,101.0185,44.9658,90.9414,43.5712,141.3628,90.5233,50.6188,60.2198,23.6354,195.5669,100.6338,112.1712,74.5009,104.7606,51.2000,7.2114,138.8155
10.5795,42.0251,83.4636,52.3715,117.0328,25.1895,134.0174,69.7958,69.7774,139.8362,-30.6023,190.7594,67.0791,77.5609,73.4240,104.9784,70.0439,-4.2174,135.5000
10.4705,29.3695,82.8488,63.7151,92.4868,25.4342,121.5846,85.1057,120.6621,232.0174,-58.4422,181.4131,36.8054,51.4206,57.3712,135.5721,104.8420,-25.5912,123.5110
45.4021,43.6155,99.2112,71.7582,55.6436,47.9519,81.4715,62.8353,143.6615,234.4840,-23.8548,197.6083,24.7766,69.4444,41.0440,115.5669,150.6970,-27.4762,72.3939
96.5481,95.5567,95.9818,69.4282,39.4572,65.9956,22.6915,25.1131,121.9920,174.2373,14.9039,236.6151,0.4674,107.1565,36.4688,77.2632,174.0229,-9.9934,30.3571
107.2258,98.9743,80.9073,59.5824,24.6031,68.9616,-34.5264,11.2704,62.2751,76.7094,15.2977,239.4807,-26.0006,118.8509,15.8027,76.0538,169.4031,20.1685,31.4433
126.5300,66.0365,89.4106,64.6381,14.0046,71.9148,-89.2452,1.3325,-42.0833,-24.8546,2.9142,211.5553,-16.0905,108.5129,-42.0585,67.6565,159.6669,48.3398,33.9765
190.9945,91.0653,97.3095,98.4303,21.8191,92.3104,-115.2725,4.6936,-149.9565,-55.4584,-12.1038,211.9285,-6.9570,106.0618,-97.9848,25.2024,145.3538,59.9078,18.2991
201.8976,142.8022,63.6251,130.2710,19.2934,119.4188,-78.4544,30.9502,-182.7917,-19.6695,-37.1890,229.2280,-45.8604,106.4413,-101.3051,0.5829,106.3017,67.5208,9.2925
118.6741,138.7228,10.9981,121.6314,-10.9794,111.7023,-25.1175,28.3036,-143.5681,22.9669,-44.8108,209.1858,-89.6683,86.4261,-64.9384,12.8302,41.7129,67.0524,-2.2334
33.3583,99.6087,-26.5500,80.0071,-53.4680,57.1027,-30.5666,0.1243,-97.1195,75.0143,-30.5300,160.3929,-97.7093,63.1414,-37.6541,35.1684,-28.0722,17.2532,-34.0663
-19.7626,55.5741,-59.9726,34.7070,-104.9386,3.2432,-74.3200,12.0658,-52.4267,127.5661,-35.9058,136.7949,-105.5304,78.2474,-35.1724,59.7708,-85.8559,-60.2173,-60.1050
-67.0274,-1.8510,-96.0514,-1.8721,-144.5307,-12.4116,-92.0902,39.9159,-6.3417,126.8977,-66.3333,147.7644,-136.4914,117.5516,-44.4269,81.6232,-127.9892,-72.8694,-71.7408
-91.2682,-39.6063,-116.6579,-20.0902,-139.9024,-2.9413,-91.2855,23.6657,-10.1340,86.4593,-105.1973,139.4147,-163.3078,118.1982,-59.2815,90.7697,-155.9661,-11.5687,-103.6118
-108.7236,-37.5259,-123.0303,-10.4532,-124.8973,12.5400,-103.9567,-1.3217,-63.1080,59.9325,-164.8766,82.2058,-168.4532,75.7273,-80.1436,96.8551,-170.3447,32.9869,-156.4136
-162.2822,-37.7398,-132.3116,6.4137,-138.7891,18.6394,-115.1434,1.8130,-83.2849,54.4814,-218.3741,32.5228,-160.6190,47.6885,-101.4254,110.2944,-185.2784,28.6717,-187.6236
-203.5625,-54.5714,-150.5358,-4.1311,-147.1818,-4.5362,-114.5205,-0.4691,-57.2842,59.1130,-207.5979,35.8275,-154.8829,41.9109,-111.8048,126.0721,-217.0424,26.9082,-186.5585
-187.9886,-64.3048,-178.2735,-31.3268,-140.4259,-34.3827,-124.9632,-17.5575,-57.8597,48.1548,-169.3700,42.1930,-161.8623,19.8744,-109.5090,120.4201,-238.2453,47.0748,-186.0615
-169.2761,-55.7330,-204.2171,-24.1442,-158.4444,-20.0659,-147.4962,-26.6666,-107.4582,1.5319,-182.2684,14.3253,-171.5965,-9.9304,-114.6283,59.7735,-208.3760,59.1177,-193.9610
-170.0134,-18.8179,-208.4890,22.9567,-178.6057,25.8457,-155.5285,-31.6780,-167.3468,-28.3329,-217.4056,-7.4647,-166.3061,-20.7132,-134.9945,-27.1111,-157.6328,52.1397,-170.5052
-167.7269,21.0496,-196.7450,52.4059,-166.3838,50.6021,-144.3734,-36.7805,-216.0428,-30.6461,-212.2180,-20.5758,-151.7163,-28.7878,-137.0042,-56.8878,-138.2932,50.7330,-112.1124
-187.9110,11.3534,-186.7492,47.7730,-163.2737,61.8891,-132.0748,-40.1764,-241.5532,-103.8902,-196.3074,-64.8283,-140.6729,-41.3783,-102.8492,-37.0585,-119.4791,79.5515,-87.5505
-209.4751,-9.2294,-171.9490,60.9771,-179.9151,91.3424,-124.6176,-47.9903,-228.1998,-215.6767,-213.9577,-101.8138,-131.2629,-37.4463,-75.1602,-51.1550,-61.1567,123.2440,-113.1296
-151.6308,27.5604,-146.0672,96.4728,-164.8690,112.6955,-115.8015,-35.9856,-194.1392,-196.4103,-236.7372,-73.3248,-124.5446,-24.8733,-89.9372,-92.1868,-12.5689,134.9795,-101.2623
-52.1776,66.9280,-117.6495,102.5019,-119.4635,102.8482,-106.5387,11.6379,-174.4020,-85.6940,-218.8075,-20.8815,-121.1016,-15.0267,-121.5622,-101.6947,-10.3467,110.5963,-31.3129
-10.5550,52.2855,-76.7579,90.4086,-73.9734,99.1414,-102.8523,39.9233,-173.6560,-63.3450,-155.8824,-5.9448,-102.4039,14.2575,-129.1010,-90.4802,-11.9165,98.4724,-7.0875
-4.4224,43.3809,-22.7983,103.9902,-27.1163,115.4908,-97.4455,20.0813,-171.6403,-91.6701,-81.7122,-16.3580,-55.8464,54.1103,-99.1761,-70.7241,-2.5158,105.2265,-55.7690
17.6436,63.1479,-0.1007,112.6760,0.6831,107.4342,-65.6146,7.9067,-141.7933,-54.7858,-38.2178,-21.9282,-2.9181,57.6966,-35.9123,-27.5110,-7.2479,91.2219,-82.9973
32.5233,64.2649,-18.9993,85.6090,-4.2335,70.9063,-2.1001,22.0605,-73.0664,-25.8758,-33.6906,-16.5784,20.0342,26.7047,39.0515,1.6099,-3.7566,67.1074,-65.3781
42.8297,60.2911,-21.1575,65.9765,2.8724,59.2752,48.9292,19.7767,-8.2218,-73.0303,-38.0312,-4.3722,7.4068,4.0011,80.6697,-8.0310,29.3692,69.1125,-57.1156
69.1272,63.4375,14.1363,68.2153,31.9417,75.3899,46.8099,0.2510,-13.2539,-113.8068,-25.4474,-5.8989,0.1509,3.7209,55.0101,-9.4428,56.0958,69.2394,-48.3255
75.2978,27.2643,44.0832,51.2892,47.1573,63.4390,19.0725,-14.9093,-78.4365,-106.1380,1.2930,-34.7781,26.5847,16.8011,-11.7065,5.1855,65.7132,31.7363,-16.1825
60.4524,-23.6438,56.7673,21.5232,65.3734,15.5943,13.2603,-33.8228,-114.4496,-87.9635,22.3016,-66.7227,52.1684,28.6245,-48.5540,4.2266,82.9768,-12.9152,-4.5663
72.5357,-23.0733,72.1869,9.4454,97.9091,-21.7437,19.6052,-45.1012,-70.6889,-56.2712,31.7308,-77.5761,52.3532,19.4733,-29.4790,8.2084,85.9282,-39.8530,-24.9090
90.4473,-1.7072,78.5850,-5.1748,101.1999,-34.6417,11.6585,-24.7196,6.7403,-5.5935,58.2949,-67.1152,72.2511,2.9228,2.8712,19.7993,54.0289,-71.0398,-21.7367
80.9506,-5.4769,66.2546,-35.7538,90.0724,-43.2132,5.0498,6.9290,48.1870,27.3209,114.2079,-38.0659,127.5634,14.4521,31.1751,3.0656,33.6419,-104.4452,15.7972
83.9533,-13.6111,68.0061,-53.6380,110.7433,-49.6760,8.0379,17.9923,39.9775,24.4481,153.4391,-10.1227,154.4896,39.4537,77.5161,-4.1502,53.8533,-115.1540,42.7439
103.5808,-23.0631,100.0071,-52.7514,124.1545,-51.2756,-2.6992,0.9535,25.2933,-5.0405,151.3403,-16.4722,135.8028,38.5654,111.2189,38.2356,76.7916,-112.6285,45.1023
80.7749,-46.3717,124.0401,-57.4253,100.2661,-60.7761,-16.5667,-33.6472,51.8167,-34.5008,146.2170,-48.5850,133.0774,18.6439,93.0328,63.0612,68.0285,-107.3077,45.2176
22.8608,-59.4393,104.6913,-78.3884,87.2652,-80.5551,3.0212,-43.9442,115.8787,-13.7142,148.8368,-66.9588,157.5028,-4.9669,76.8766,34.8109,36.4657,-84.0441,53.1253
-3.0059,-51.9727,63.4690,-102.0836,94.5679,-98.4332,43.7183,-10.2337,157.7571,59.2357,133.5486,-65.2439,159.1748,-45.5260,108.1801,12.8669,24.0357,-54.8338,48.7319
22.4245,-29.0740,47.4785,-95.3666,90.4899,-103.5454,64.0860,4.4484,135.5240,108.3418,112.5122,-64.0998,130.6459,-88.6905,128.5930,5.5740,73.5463,-48.9286,16.0162
59.5339,13.7137,51.4452,-49.0076,80.2350,-83.7078,59.2029,-29.8914,93.0111,96.1246,97.2071,-73.4468,101.2075,-92.4499,109.4927,-18.7099,153.2614,-55.0561,-0.3003
47.6854,34.8199,24.3346,-16.1349,56.5573,-47.5470,54.3647,-38.1466,105.4168,79.1193,67.5195,-92.5347,77.3995,-63.3652,108.8339,-34.6674,168.1374,-50.7115,54.2471
-30.2349,-3.5220,-32.1607,-28.9897,8.0546,-32.3893,71.7555,1.0949,169.8806,100.2185,38.3805,-111.3681,55.4321,-48.3903,136.8044,-37.9792,103.7388,-31.6403,131.4276
-93.4026,-41.1821,-56.8333,-37.8293,-15.4314,-35.7930,104.8923,16.3785,212.5931,123.6871,21.3551,-118.8214,35.4613,-61.6489,147.5221,-68.1690,49.4733,20.5660,152.3559
-73.5154,-32.4524,-30.8301,-15.3363,4.7076,-10.1755,107.6464,11.4468,192.0896,119.7967,-25.5306,-122.4878,10.4695,-77.5464,133.8733,-106.5715,48.0418,101.0571,151.8971
-26.2055,-24.7175,8.5424,-3.0257,19.3927,32.0664,61.6682,42.5818,136.2338,120.4487,-69.2104,-130.0184,-15.6297,-75.3819,101.2265,-116.5438,50.2185,139.2781,185.5391
-8.6034,-29.9568,37.7493,-10.7271,33.0141,29.5060,25.8423,74.6514,85.3523,128.3129,-4.8595,-135.5112,-20.0706,-63.1115,43.8297,-117.3491,18.4855,104.4470,195.2048
18.0764,-12.0483,49.5864,-6.9067,68.5731,-1.3015,36.7186,61.9172,48.6328,87.4597,128.6937,-149.5953,6.1378,-63.2149,-17.2910,-119.6269,-19.9337,65.1702,131.2552
74.8208,10.4277,39.7101,8.3087,79.3537,3.6933,43.5746,40.9465,19.3023,24.9906,198.1508,-184.2924,40.5639,-79.1160,-69.9189,-115.9422,-15.3686,57.8066,56.0660
119.2729,12.3504,35.0730,19.9340,56.8314,29.8356,8.0973,24.0475,-2.7334,38.7830,209.2064,-207.9943,52.0229,-93.3077,-115.3169,-128.5835,33.1595,34.2656,14.5962
132.4769,5.2067,60.1824,22.5871,55.2356,24.9871,-43.9874,-21.0384,-13.1131,87.4649,223.5035,-187.6499,40.7853,-100.9829,-107.6768,-150.7399,55.6830,-11.0019,-22.7215
119.4090,-18.0615,87.9604,4.0548,65.5602,-0.1221,-79.8384,-65.5991,-8.1604,53.3400,201.1675,-147.1703,44.7342,-107.2621,-31.7606,-136.2032,6.8676,-20.0209,-57.9903
86.1134,-42.0606,92.4470,-21.5744,63.5584,-7.3077,-72.3811,-61.3591,16.9930,-17.0927,139.3627,-118.3542,84.7394,-94.3600,24.3473,-97.6615,-47.7428,12.1382,-65.2535
81.0939,-15.4746,92.2223,-15.9648,89.2031,8.2262,-16.1998,-29.3819,51.8075,-25.8618,133.8092,-84.5914,134.7904,-43.5541,15.6626,-86.7869,-31.9020,34.6141,-54.5775
140.3320,34.4368,110.2191,11.5528,139.5498,26.3147,29.4352,-5.1852,60.2412,-13.0909,191.2382,-27.0924,164.5335,17.4706,5.2248,-100.8438,18.3288,31.2384,-37.9161
197.1751,41.6517,145.1668,26.8614,156.1564,24.3701,19.5667,7.7826,35.9173,-8.3091,221.1613,24.4092,161.5215,40.3863,17.7531,-106.0343,36.3727,22.5685,-5.1708
167.8613,32.0084,167.2050,37.3614,134.6141,8.4239,3.0957,5.1124,36.2614,29.6079,206.2886,32.3937,118.7281,19.7000,22.7005,-93.6939,38.6995,13.0307,34.7973
78.5827,46.2370,134.8387,50.6410,87.7071,12.0213,19.0518,-8.9560,93.4636,57.3655,183.4163,11.6997,52.7075,-9.1954,21.6668,-83.1737,65.2564,-12.2469,65.5499
28.1290,57.7450,63.2895,47.0418,9.0321,28.1150,34.5750,-9.8730,160.2241,35.9917,145.0676,5.0610,-2.8741,-22.3894,3.5028,-103.1692,97.4621,-50.2628,89.3596
59.7371,54.3524,23.0634,27.3401,-61.5056,14.3639,38.4856,7.4908,204.9831,37.2249,88.2414,12.5209,-45.2796,-23.0816,-50.0955,-137.6810,95.9328,-66.7388,95.7202
101.5115,45.5823,29.2393,5.3644,-90.1391,-15.3259,49.2216,32.0125,250.5441,57.6836,52.4939,2.4700,-81.4732,-13.7301,-71.9429,-121.6479,57.5999,-46.8579,71.4829
59.6936,20.2777,33.9005,-11.9957,-104.0313,-16.2139,58.3005,65.5654,285.2903,29.6147,50.8145,-15.3870,-86.5215,10.3808,-7.8288,-47.8491,9.0222,-30.9084,46.7081
-30.9523,6.4469,24.1612,1.0837,-97.7548,2.1864,66.1852,103.4488,266.1041,25.0374,49.8474,-1.0942,-54.7325,40.9771,62.8837,12.5155,-19.2119,-39.6268,54.6107
-51.8385,48.1941,14.8205,53.2506,-45.7721,24.3492,79.5949,130.3979,196.6705,103.7328,36.5295,39.3103,-24.9339,64.5631,65.0677,27.5119,-8.6498,-21.6250,79.1156
-0.4847,102.4557,9.7090,97.6086,6.4683,67.5197,72.5711,147.4002,102.1950,154.7141,36.7914,57.2441,-13.1714,82.9090,38.7434,28.7473,22.3977,48.6000,96.5973
16.3850,103.5638,28.0819,105.4092,28.2658,109.5256,56.3446,159.9986,6.2259,122.1365,52.5504,32.0362,-2.4632,96.3485,29.6875,36.3366,21.3523,112.4629,114.4106
-22.7631,70.3558,62.3904,100.7048,52.7750,111.3757,73.7141,165.3570,-40.4156,73.0892,44.1155,-6.6115,7.8328,89.8809,26.2793,51.1300,-27.9439,129.5222,129.8511
-47.3794,54.6401,56.2792,97.1304,63.2676,100.7865,74.9462,166.0446,-39.1223,28.0462,5.6177,-19.7118,10.1510,63.4683,7.1688,73.4767,-60.6166,124.6314,108.4028
-33.7402,70.2095,20.9383,94.2166,28.5326,106.2851,3.7746,157.2169,-73.6969,17.4586,-16.6357,-7.1503,7.3110,43.0010,-36.5980,96.4591,-25.9144,114.8050,43.7065
-4.7655,93.2752,29.9875,98.5117,12.9742,97.7058,-53.5574,125.7145,-136.5516,95.2936,-9.9246,-1.3921,-2.0229,41.2220,-78.5728,113.0163,13.9601,100.4269,-6.8720
28.0366,93.6059,68.3585,95.5931,68.3237,75.6438,-32.1381,87.6464,-117.3510,159.2086,-6.7810,-4.5632,-14.9068,44.6450,-71.1158,103.9345,-12.1669,96.6985,0.7580
44.4987,89.3433,74.9256,80.2095,136.9357,80.1954,-18.0641,67.7591,-33.4296,89.9832,-16.1181,17.0784,-21.5032,44.3942,-28.2686,45.0024,-49.6550,95.7104,18.7821
25.8908,116.0450,67.4440,84.5435,152.8169,92.2997,-47.5648,51.5244,-7.3730,-14.6295,-38.3604,59.2026,-27.3375,43.3434,-3.4494,-22.9885,-24.7784,67.6745,-18.6364
-3.5295,130.3396,63.1890,98.2241,108.5723,70.5548,-44.2426,27.0101,-36.7375,-44.4541,-84.6534,81.6499,-35.1196,39.4416,2.6861,-26.8847,10.0244,26.0042,-77.2771
-16.2226,78.7148,35.4618,68.8241,37.4534,37.0979,-15.5529,17.7418,-46.8921,-47.0220,-117.9350,82.0453,-30.8289,29.6839,-0.8720,12.5547,-24.4926,5.0504,-89.3990
-24.9160,10.7006,12.5246,13.8158,-9.1398,16.6173,-36.4063,19.3214,-47.5784,-50.4802,-91.3158,81.1743,-20.9261,19.4467,-36.4003,24.1460,-97.3850,-4.6226,-83.4932
-41.8686,-21.5537,21.3627,-13.8773,-30.6039,-14.3927,-86.1190,-3.2487,-52.5979,-36.3015,-42.8691,73.7144,-26.1563,14.9637,-73.0228,13.2080,-137.0708,-21.7352,-112.2125
-55.0484,-44.6796,7.4592,-27.8959,-71.4836,-54.2291,-110.8590,-35.0723,-41.5734,-44.1715,-30.3550,55.3308,-44.3246,17.7892,-50.5153,11.5663,-134.6010,-28.3079,-140.1543
-58.8877,-57.1165,-36.4247,-43.6237,-106.9414,-57.1577,-123.6816,-35.3280,-51.1702,-80.1233,-45.8467,36.6566,-70.1025,26.3401,-1.3905,8.6352,-116.8340,-11.7102,-134.3290
-63.9108,-24.6614,-50.9357,-27.9929,-90.1378,-17.8240,-138.8479,-20.1963,-98.8688,-86.1053,-69.4432,17.2669,-102.1183,32.2632,3.5548,15.4510,-110.2500,3.6326,-142.6555
-90.5715,10.5027,-63.3851,3.0159,-84.3494,7.1360,-145.4331,-25.0515,-110.4562,-51.0034,-93.6921,2.4690,-121.9724,25.4506,-23.9241,61.0471,-145.8987,-4.0582,-182.1148
-154.1711,-12.9443,-130.6211,-10.7216,-153.2144,-17.0832,-146.7319,-35.9761,-72.0493,1.9802,-104.3117,4.6255,-133.0049,12.2792,-36.0050,115.7756,-221.4296,-21.6445,-199.7699
-225.9671,-59.9067,-204.7644,-49.6309,-229.5672,-47.2640,-142.1280,-28.2114,-69.7887,34.4156,-125.3802,9.4650,-168.6406,12.3617,-34.6350,132.1038,-271.6551,-25.8069,-196.2405
-255.6059,-49.5971,-238.2179,-40.6704,-247.6189,-25.9622,-137.0341,-12.4781,-126.6427,-17.6513,-179.2956,8.8715,-214.1132,29.9532,-53.6254,112.6573,-238.1982,-19.6786,-223.3307
-258.8010,21.0974,-260.0895,12.9132,-247.0907,24.4775,-168.3458,-9.7187,-189.0900,-112.4715,-201.7988,19.1851,-220.7632,44.5762,-104.2036,85.1392,-160.0579,-23.3994,-270.7431
-294.2029,57.3813,-277.1147,38.5938,-274.2694,34.3712,-240.2099,-24.6307,-225.1270,-120.7478,-163.2031,20.6825,-204.3854,34.2525,-154.3081,75.7742,-142.5307,-41.1035,-305.1967
-339.4590,2.9510,-283.4614,5.0456,-322.2320,-5.9174,-302.3146,-45.1762,-217.7253,-56.4731,-157.3009,-6.2258,-216.8240,1.1827,-173.8253,95.5683,-218.6216,-68.2864,-346.6461
-322.8692,-54.0520,-314.8752,-48.3517,-369.5340,-50.0928,-333.1324,-54.4226,-179.9686,-12.1192,-214.0187,-6.6094,-260.0299,-27.1114,-187.4557,114.7598,-301.1016,-109.2995,-397.1725
-276.1384,-38.4356,-364.8602,-82.0969,-400.9190,-77.7867,-348.7937,-57.7471,-178.7255,40.2235,-238.3403,39.0763,-303.9730,-31.3250,-220.4800,98.5096,-312.9512,-149.4402,-410.3226
-292.1545,-26.4608,-382.2068,-95.5093,-412.1151,-95.7800,-345.5260,-77.1348,-226.4565,98.4910,-214.2778,45.0146,-324.2408,-33.1752,-244.8510,54.0597,-286.8401,-150.2550,-383.9355
-356.8420,-55.3547,-372.4630,-87.1845,-406.7336,-97.8903,-324.3895,-105.5498,-262.7584,54.9929,-219.6131,-8.3351,-311.9759,-58.4995,-252.5622,5.0897,-279.8098,-110.3797,-357.3277
-389.7517,-40.5525,-366.8602,-52.1733,-395.0964,-80.4792,-314.5267,-112.3531,-285.1704,-47.0796,-262.3473,-27.8375,-298.5285,-76.0824,-270.6495,-20.8242,-284.0659,-81.1840,-325.9735
-393.1864,-5.5571,-367.3168,-29.6758,-408.7634,-63.8133,-318.0018,-92.5607,-315.3421,-41.0222,-306.7317,-3.3332,-320.7654,-46.4201,-272.7507,8.2876,-276.1042,-95.2215,-276.5702
-402.9540,-47.3421,-385.1085,-57.2666,-453.0582,-68.4024,-305.7860,-62.8544,-300.1567,57.0503,-343.9480,-13.7003,-353.7477,-9.9642,-232.6207,66.1658,-256.4585,-122.4943,-241.1857
-380.1900,-93.7868,-410.4536,-93.2093,-457.2885,-85.2382,-276.3311,-31.0027,-230.2530,103.8011,-335.4402,-50.2740,-350.5588,-25.3354,-216.8252,79.7105,-224.3271,-114.3456,-230.7416
-298.8016,-54.8171,-385.1152,-86.0683,-382.6514,-86.3311,-254.3177,-4.3790,-199.9693,80.1834,-254.9171,-52.2654,-313.3514,-63.3021,-264.7187,52.3528,-194.6231,-71.9128,-213.0836
-227.4783,-9.7541,-316.4897,-55.2622,-311.5016,-66.8999,-244.3179,6.9140,-225.0080,56.3253,-180.6449,-33.0732,-274.3145,-68.6870,-297.2500,51.5053,-191.2480,-47.7259,-187.0489
-206.1171,4.6004,-286.4513,-25.0888,-315.1148,-48.4401,-224.3159,9.3982,-211.5377,58.2244,-193.7678,-26.8066,-260.0762,-54.3263,-258.1841,74.9917,-183.0430,-64.5666,-172.8562
-176.2325,44.6256,-296.5450,7.7474,-345.4330,-33.9303,-181.4704,18.6638,-146.5229,75.5756,-260.1500,-29.3298,-270.7451,-44.3337,-194.0246,76.1272,-139.3180,-78.4073,-152.9266
-117.7710,54.7338,-278.2045,16.5723,-330.4869,-16.1617,-137.8431,39.8114,-107.2161,90.5672,-297.2126,-40.1596,-260.5295,-22.2869,-154.3013,72.3856,-126.2534,-57.3927,-113.8088
-104.0335,-11.0140,-229.3227,-14.0536,-269.7438,-13.9208,-126.2065,66.3646,-115.2702,83.4143,-271.0172,-53.2674,-201.2426,10.5328,-144.6441,95.1685,-190.8999,-23.7066,-90.3381
-154.7706,-33.8509,-189.5579,-26.8479,-210.1634,-20.7738,-145.1236,84.0144,-142.2606,59.4931,-210.0998,-41.3431,-144.4263,29.3519,-152.7943,111.3870,-240.3002,10.4655,-102.9268
-185.8710,29.8609,-157.1281,17.8662,-174.0070,14.7285,-161.5586,84.9734,-183.7793,54.1371,-168.9296,-13.4292,-131.7376,44.1230,-149.6807,96.5434,-204.2914,53.8062,-119.8688
-160.5904,67.4614,-119.3226,72.4070,-127.5218,80.0973,-150.8832,81.4823,-229.5166,79.0231,-162.2695,-8.1446,-126.0776,75.6888,-119.0154,91.2978,-160.1490,86.4023,-110.0931
-141.8198,51.3537,-89.7943,85.6605,-62.6633,95.8519,-112.3193,86.8182,-235.3437,84.9558,-156.2581,-23.6181,-100.9995,107.1119,-83.5573,118.0988,-161.4413,89.5797,-72.6996
-154.8163,32.3862,-83.2605,63.2994,-47.9624,60.7620,-63.3942,104.3824,-180.0276,55.9069,-139.2792,-33.0612,-83.1271,114.4441,-63.6462,138.7650,-159.6498,81.9030,-24.3107
-147.2831,-1.5559,-94.3759,30.0425,-96.3376,40.2580,-30.5524,140.7182,-95.8802,86.1644,-132.6670,-29.6302,-85.4472,101.4919,-57.9442,135.3386,-157.6546,73.8861,6.4606
-109.6853,-41.8297,-106.9220,1.1253,-123.3394,36.1982,-25.2396,181.4940,-14.4081,205.3152,-138.2743,-13.1673,-96.0055,84.1759,-60.0173,135.9502,-200.3580,59.9513,-1.8888
-94.8473,-40.4804,-116.2453,-15.8495,-122.1419,23.4998,-40.3037,178.6627,62.0177,269.0934,-140.6892,12.7579,-100.4486,72.5638,-51.0244,142.2482,-231.4973,51.0387,-43.2336
-107.0370,-11.7246,-126.7578,-10.3258,-153.9685,29.6838,-73.6847,118.5350,103.8761,219.5385,-125.4612,36.4334,-76.0028,70.3396,-22.0291,131.2285,-175.8075,46.0708,-97.2827
-93.1309,28.6604,-120.0522,31.4084,-171.4478,67.6022,-119.0854,49.3836,57.2159,177.7257,-78.3575,64.1974,-25.6307,84.3039,-1.7028,120.3924,-80.7968,24.2131,-141.4481
-35.6760,91.9102,-78.0416,84.6036,-113.4830,96.6955,-146.2026,11.1018,-46.9966,157.3932,-14.4487,105.3638,9.0633,119.6263,-6.6074,130.6291,-24.0207,-4.7241,-149.4209
35.2981,122.1883,-32.0489,88.7301,-48.4301,88.3772,-134.5214,8.2772,-107.8085,88.2943,27.5437,132.7828,16.5276,147.2077,-18.5038,131.0999,0.8231,-14.2607,-118.7290
86.4681,83.1173,-13.1552,44.3934,-26.1269,52.1890,-108.2787,30.5258,-117.0283,58.6590,41.2583,120.5499,19.3797,124.3184,-33.7650,108.2203,28.3740,-3.3474,-87.9065
90.4226,51.6708,-5.0216,22.8346,-11.9156,25.4424,-101.2927,41.1429,-141.6763,104.9467,41.3829,91.1330,14.5085,74.8728,-51.7056,100.4606,60.8773,21.9004,-84.1917
44.1752,56.6663,-3.9302,40.4905,-20.2443,44.3188,-105.4412,18.0277,-161.3436,60.3407,23.7267,76.0510,-2.9232,64.4985,-51.1020,106.2376,72.5048,48.0386,-83.6735
-12.4099,30.1597,-26.0901,42.2940,-61.6619,78.3277,-86.9475,4.3049,-123.6508,-84.5092,-6.6914,76.3117,-11.1181,90.4582,-46.8461,73.8063,41.3255,47.2719,-59.0998
-33.7770,-14.7500,-46.9282,18.9732,-57.2162,68.9529,-46.0955,15.2968,-79.8936,-150.5469,-26.1769,81.7136,-8.9246,99.0249,-74.9869,2.6992,9.3853,30.2941,-32.4424
-10.7681,-4.5510,-39.0429,12.4124,4.9952,38.8869,-29.2942,-10.9780,-83.7717,-146.3385,-33.8490,82.9301,-16.2310,76.3356,-110.7816,-54.4437,39.7696,29.8144,-46.5111
25.7582,32.5826,-24.6577,20.3096,29.7572,30.1718,-66.2794,-71.7140,-92.5879,-160.2155,-46.3218,72.6883,-34.1117,37.0305,-117.2226,-70.5095,83.9830,20.2343,-98.1891
24.8619,23.0262,-27.7062,5.4790,-6.2584,8.6670,-123.7205,-86.8791,-81.4105,-121.0374,-67.7913,61.2357,-60.9207,-4.6374,-113.0052,-56.9326,48.6117,-24.2870,-135.7685
-29.7660,-25.4625,-52.3324,-28.8437,-51.0256,-35.4015,-153.3168,-72.8370,-87.4551,-45.5437,-91.6322,60.8772,-96.3577,-20.9091,-110.0443,-46.6000,-23.2823,-50.1935,-131.7797
-87.6324,-62.8693,-99.9147,-50.4002,-87.2360,-44.2113,-150.9311,-102.5579,-111.1476,-81.4679,-106.4886,51.8812,-118.6242,-13.3921,-96.1797,-72.8390,-36.6520,-21.9818,-113.3860
-109.4968,-78.1450,-135.7249,-55.5274,-103.6376,-23.1500,-134.0165,-139.7740,-121.6878,-181.0933,-118.8993,4.5592,-114.2829,-31.0325,-90.0179,-121.1370,-22.0678,15.4872,-103.1368
-125.9848,-95.6676,-119.4250,-63.9169,-83.6054,-27.0000,-104.7727,-128.2872,-117.2626,-197.1959,-153.2649,-69.4367,-90.6162,-78.5429,-94.4567,-144.4776,-37.0937,36.1749,-85.5786
-152.1281,-124.9136,-87.7887,-78.1605,-49.4386,-43.5344,-66.6364,-110.1719,-99.7464,-160.7653,-182.4528,-123.6231,-44.1674,-105.3312,-65.9011,-138.7773,-42.5690,55.3444,-49.3944
-142.1388,-139.6057,-89.4311,-85.5870,-21.8192,-52.2319,-38.8504,-112.5848,-71.6620,-144.9078,-145.8040,-131.8910,8.0960,-107.1105,-9.0636,-138.7545,-9.1698,59.4453,-7.9153
-81.2000,-119.1091,-94.6677,-82.2278,0.3676,-75.0335,-30.3442,-105.2389,-49.5566,-140.3419,-69.6850,-116.2737,16.2651,-117.4588,20.9058,-164.3201,28.3266,32.6101,19.8469
-16.1142,-77.9972,-68.3252,-71.7926,11.1076,-92.0488,-27.3635,-102.5870,-18.8570,-148.6280,-30.5748,-117.4741,-13.1357,-131.9302,24.4744,-214.9355,58.7750,-0.0117,12.6370
18.8946,-46.4956,-25.3981,-64.4934,27.2572,-75.6919,-21.9122,-127.3132,42.2333,-156.4802,-26.0850,-146.1499,-14.6011,-138.5670,38.6845,-266.4084,92.5251,-14.0623,-23.4684
30.1707,-60.7107,19.5004,-78.7263,65.9863,-70.7703,-21.9708,-146.2288,95.5509,-145.7092,-24.3444,-177.5394,20.4682,-150.3496,58.5711,-277.9246,121.8647,-10.8676,-29.8121
41.2267,-123.7276,59.7823,-107.6136,82.3208,-92.5430,-21.2801,-152.7450,111.0877,-173.9107,-30.8489,-190.0465,40.0537,-161.0769,65.9580,-252.4279,153.7299,-5.7384,19.6865
74.9778,-156.0675,89.5391,-109.1993,62.6285,-82.1115,4.4276,-171.9712,126.4146,-232.0288,-19.0362,-179.7076,30.2481,-150.1728,71.4878,-238.4248,191.8292,-14.8845,64.5226
127.9017,-98.8027,128.4432,-70.9791,85.3930,-39.9989,54.7962,-179.7493,147.0279,-215.0938,38.7555,-145.4498,27.4264,-126.6338,94.2633,-251.1859,205.8395,-20.9989,73.7565
175.8183,-26.2362,180.1224,-30.9088,168.3784,-21.8777,97.4657,-160.5256,120.9143,-172.5634,89.4312,-99.7633,59.0210,-111.2737,132.9313,-263.3356,203.1130,5.9703,101.5216
215.8899,-15.3380,205.9381,-9.8412,226.5110,-16.0860,117.8078,-150.6323,56.0151,-225.8706,107.8701,-73.3316,107.7377,-105.5210,154.7542,-251.2621,235.4512,36.1973,162.7644
251.1701,-24.7030,202.6070,4.8404,227.8413,8.8332,130.1011,-144.0074,20.0454,-279.7666,146.8943,-69.8812,127.3918,-96.2301,141.7715,-203.0444,290.9843,22.3462,201.1636
263.0156,-10.7201,204.9374,16.1885,215.5913,23.9277,136.1293,-111.5043,37.2572,-209.3071,194.7344,-57.7698,113.7534,-72.4976,142.4753,-137.3012,311.5974,-12.1348,199.6882
253.7178,4.6495,214.5702,20.8440,215.6468,11.2778,123.9791,-97.0227,79.9818,-122.0109,202.6944,-34.7227,121.1950,-49.3598,187.0109,-104.8039,299.6872,-24.7428,181.6696
250.4677,6.2935,231.1812,18.2542,232.8343,-2.0352,104.5502,-130.7971,110.3945,-142.1297,217.6044,-30.8978,166.5795,-50.7800,209.2719,-106.6191,286.9438,-20.6644,152.6674
246.8942,-13.0385,265.4172,-0.1526,261.2133,-8.8363,114.7453,-147.9984,116.6064,-206.6958,265.1452,-37.3925,204.9834,-54.5490,180.1728,-85.0335,264.1030,-16.5227,141.1787
217.2012,-53.0772,281.5483,-24.9065,281.7879,-20.8092,177.1142,-111.3936,143.9070,-211.5466,267.2270,-22.6074,221.9044,-28.7198,185.8777,-41.0012,222.3140,-26.7535,179.8195
174.2698,-66.1481,263.7740,-33.7373,297.7401,-32.2452,254.1501,-71.6246,218.9963,-158.7336,234.7581,-3.4496,238.6143,-7.8187,254.7113,-37.1366,189.2889,-67.4304,217.3685
160.5161,-40.8454,268.6119,-44.0419,313.8973,-45.6452,273.5394,-61.1160,268.1042,-127.7651,286.1860,-13.8412,253.0002,-31.1443,292.3361,-67.8883,183.6179,-119.5023,196.0148
198.3210,-44.6902,295.2249,-75.7811,304.4787,-80.8662,230.7551,-63.1486,240.8293,-151.0926,404.3246,-49.5902,263.3246,-67.1371,255.1271,-63.5938,184.0016,-159.8931,164.3274
256.4595,-86.2946,276.9363,-98.3562,272.3153,-129.3505,200.3961,-68.4093,211.5666,-159.0005,451.0696,-97.0362,278.4111,-85.2678,201.3205,-18.8128,162.0887,-201.4503,176.6767
274.9898,-107.7098,239.5343,-101.9270,250.0001,-148.4116,205.1779,-76.1306,222.0372,-134.8943,409.0789,-141.8006,276.4891,-97.1522,177.3362,-0.4581,125.2218,-228.5165,189.5707
255.2265,-117.0398,245.8463,-121.0172,229.2697,-124.5031,187.7411,-81.5060,206.5514,-175.0908,376.4160,-148.6157,247.7357,-91.4897,185.9701,-35.1294,105.9667,-210.9056,162.0158
260.0288,-140.3360,257.7077,-145.3748,205.9425,-105.3267,148.0132,-82.7642,160.3979,-262.1389,383.0805,-117.2581,236.5199,-57.0276,203.1294,-71.1713,106.1560,-195.8406,131.6468
286.1453,-145.1323,245.5605,-142.8352,220.3074,-128.4488,160.1693,-71.0506,151.1395,-253.0817,377.2820,-102.4997,263.6574,-41.7351,185.5120,-65.7243,96.4855,-218.8156,135.7596
271.4885,-130.3590,253.8283,-134.4536,267.1938,-157.3660,236.0442,-41.7220,163.1804,-150.8530,344.1591,-116.3555,294.1064,-73.6606,141.1370,-47.0333,81.8634,-216.1927,166.1035
235.8071,-131.3464,266.2666,-135.4536,290.2900,-156.0627,304.9691,-13.5845,147.3821,-71.3884,331.9628,-112.7701,306.1802,-103.8423,129.1652,-46.5127,96.8647,-178.8000,208.5907
242.5046,-133.3715,235.6262,-129.4247,276.7809,-158.4262,315.0471,1.3298,127.8508,-34.4971,361.4321,-83.8195,300.5000,-96.9819,140.2298,-34.1707,141.9569,-188.4781,255.7228
271.7932,-117.6327,207.7301,-128.3759,251.7576,-177.9339,279.6092,8.8105,119.2274,-24.0536,381.2142,-59.4210,279.6124,-75.7112,119.3759,10.3144,191.2875,-222.1269,288.2966
275.2963,-99.7837,219.2366,-127.4927,229.4686,-160.1760,253.7750,-2.0288,107.5691,-44.4392,350.1586,-51.1830,269.7589,-62.5259,95.8587,39.8130,228.9608,-185.3540,279.9206
260.3841,-79.1745,213.9484,-89.9896,207.9023,-103.8306,270.5091,-42.7861,144.0061,-53.7281,299.3429,-68.5231,283.5905,-65.7022,124.0164,18.7211,240.6898,-115.7611,235.3768
249.2683,-68.0088,171.0861,-62.0100,167.0865,-86.3899,293.3599,-88.2240,261.6555,-42.8528,271.1528,-109.8169,281.1494,-91.5450,174.6297,-24.4802,222.0630,-102.2911,208.2966
246.1030,-96.9444,137.2589,-108.3488,118.6938,-124.4130,286.0877,-107.3501,374.6069,-51.7676,265.5934,-133.2104,252.1519,-121.9917,214.0530,-54.6705,200.6241,-122.2478,233.8079
237.9673,-123.7061,122.2445,-149.6929,127.7750,-151.3866,281.4224,-100.2787,411.7594,-43.1255,259.9268,-118.6631,248.8797,-126.7178,259.3934,-62.0541,206.7354,-122.7996,272.9977
202.6069,-86.0670,114.0594,-102.7942,193.5062,-134.7391,299.0908,-83.5182,395.2105,4.6968,227.0790,-95.0056,278.6729,-103.9733,295.3257,-50.8998,237.1221,-101.9779,290.2747
170.4357,-25.9691,125.4271,-49.4441,239.0307,-103.1596,306.5055,-69.8100,339.9836,13.8759,173.3498,-72.6969,291.2179,-77.4314,287.3315,-44.0393,264.3216,-62.3666,319.0454
199.2457,-19.5244,149.7899,-66.4993,265.6845,-91.1042,315.6945,-56.8756,265.7780,-3.3504,163.8434,-58.0348,284.8205,-73.7609,267.8697,-51.3578,265.5047,-22.1454,375.4328
250.1173,-68.5183,170.6288,-103.4970,308.2171,-110.5082,356.1272,-35.1460,238.1882,25.0846,224.0454,-84.7761,296.9589,-99.7751,283.2048,-42.1182,254.3396,-16.5896,407.4774
262.5797,-121.1238,202.7831,-120.8707,318.5493,-134.1725,373.3567,-22.8460,255.7485,22.2036,278.3192,-128.3159,323.9367,-120.4157,320.0822,-9.8537,276.7950,-27.8800,389.6973
288.2616,-120.5435,253.0526,-125.8472,304.3922,-119.2078,336.4773,-46.9022,258.9516,-61.3596,280.5206,-116.0100,344.4199,-103.8985,355.1613,-2.6413,343.1653,-18.6687,360.2416
347.6518,-68.6414,302.7578,-105.4058,360.8094,-75.7067,336.7994,-75.2716,277.2683,-92.3696,282.0638,-65.6783,362.8662,-83.2152,382.0944,-36.6349,406.2003,-1.7545,350.3676
360.0051,-39.3005,345.6260,-73.0827,453.5356,-50.1094,417.2952,-51.8533,350.3060,-27.7134,309.7039,-49.5778,385.1047,-98.0880,378.3698,-67.7132,427.5410,16.9505,358.3340
343.0977,-50.6343,382.4989,-59.5543,475.3421,-41.6040,472.7842,5.0967,407.9663,25.7757,327.5239,-65.1684,405.0133,-117.9698,336.1924,-68.5203,405.8305,58.8141,367.4160
368.2101,-45.7467,406.3554,-39.7600,466.5694,-21.4230,444.3554,37.2572,424.7376,60.4714,327.3976,-78.5819,415.7449,-103.4063,298.2375,-46.4693,353.8351,99.4707,366.2697
354.0147,-36.7524,416.6304,-10.8048,489.9518,-5.0666,426.8528,45.3409,470.7110,105.5293,325.8499,-79.6462,407.0900,-73.5425,301.8601,-6.2836,299.2701,102.6051,377.6183
251.7479,-58.5669,408.3470,-23.2383,482.8280,-16.5610,484.6465,58.8151,513.6771,87.9975,314.7219,-44.6013,379.9213,-54.5146,331.0251,35.7678,271.8233,91.2112,418.4090
207.6578,-55.1339,370.7336,-50.9091,416.8573,-29.5875,527.5919,63.7156,470.1030,8.8300,290.3545,12.5382,355.9030,-46.0722,348.5053,49.0798,271.9687,87.1495,438.1050
263.7230,-16.7117,320.3349,-32.3635,353.4022,-20.8053,471.4902,44.4061,414.6689,-15.8517,267.4947,18.1743,340.5133,-54.3039,339.6345,41.9015,280.5398,70.5852,402.4316
270.0366,-24.9158,283.4045,-12.5191,316.8311,-18.4640,393.3132,32.8080,440.3973,32.4942,254.8523,-20.4639,317.5430,-71.2432,322.2252,54.7682,275.7421,46.6387,376.9583
212.0536,-57.5814,263.5429,-33.2549,305.3697,-34.5094,395.7125,48.6012,470.3251,65.5105,254.8840,-16.2379,292.7464,-55.2129,319.5714,81.3913,245.1396,45.1232,400.4777
207.6627,-29.4523,264.4783,-29.3123,316.7896,-26.9391,428.0631,55.6578,433.7036,45.2359,252.2504,24.7165,278.0592,-5.5143,321.6177,66.9187,219.0576,54.8055,403.0051
246.4742,17.2096,279.2963,14.4500,306.0121,11.4837,410.1897,30.5403,392.7507,16.2221,224.0942,29.0307,253.2097,12.6394,306.3177,2.5499,230.9229,43.4670,351.5693
260.8473,12.7801,266.9220,16.5465,258.8491,19.0804,384.7807,3.9339,371.7708,22.2940,197.6215,1.1028,209.9169,-28.5080,285.4499,-52.6012,238.5729,10.3106,300.5620
255.5017,-13.5331,221.4129,-29.7786,219.3180,-25.8884,365.4413,-5.3870,305.1593,21.2320,211.6447,-18.4587,179.0146,-73.5278,266.7623,-66.5271,204.6173,-28.1301,260.5369
220.1417,-30.5008,198.4428,-52.6753,180.9571,-65.1168,263.3409,-17.4904,182.4832,-36.3351,222.5442,-32.7120,164.9165,-77.1001,214.0207,-68.9571,183.1970,-62.0163,199.5159
153.1612,-32.6356,208.3044,-44.1152,120.9309,-67.2177,108.2760,-31.6002,66.4274,-57.2227,175.7367,-47.7125,134.0594,-65.8575,114.8822,-69.9141,189.4346,-84.9865,134.0253
124.9750,-7.0568,190.0410,-45.5115,74.9968,-66.1568,39.7802,-30.8844,1.6734,26.2900,115.7373,-52.8731,86.1687,-74.4710,22.9365,-43.5071,144.2291,-95.8239,74.2069
133.1296,6.8778,126.0456,-59.6565,35.2553,-79.5751,36.1469,-39.7226,-20.7090,53.8654,95.0023,-40.4425,48.2549,-78.3072,-16.7894,-11.2673,44.0309,-99.3615,-17.5879
84.5785,-25.5100,63.7258,-63.5892,-45.3326,-85.7812,-15.4900,-81.4015,-51.8753,-68.4724,78.6221,-3.8074,18.5806,-39.4722,-16.6391,-32.3351,-30.3167,-98.6178,-128.5051
-5.2535,-42.2647,23.4214,-52.2058,-119.3527,-73.9600,-79.9195,-118.9811,-123.7334,-154.7448,36.5754,36.8084,-14.2010,8.4082,-21.3904,-100.1507,-79.5850,-94.4426,-193.5948
-41.6757,-15.5115,-14.9111,-43.3241,-134.1037,-56.7524,-102.1357,-116.8276,-202.5794,-106.5497,-1.6262,41.6384,-50.8312,-0.2029,-81.9640,-147.9178,-147.8404,-85.9651,-212.4799
-42.2301,-11.7365,-58.7393,-49.8166,-142.5629,-49.1542,-144.1448,-94.7000,-261.3604,-67.9692,-27.2065,20.7706,-100.4491,-45.3447,-198.6954,-151.9469,-212.7960,-68.8119,-235.2407
-90.2543,-38.8052,-99.6762,-52.5211,-178.2500,-50.6076,-210.9187,-81.4311,-325.0457,-90.6376,-63.0731,13.3941,-156.1768,-53.5898,-293.8537,-152.8055,-262.6048,-48.2839,-269.8324
-184.5029,-52.2646,-140.3824,-39.0664,-217.7793,-46.2095,-235.7522,-82.0529,-384.1873,-92.5704,-107.5339,11.5250,-194.7843,-37.6883,-326.6233,-181.9417,-322.1003,-44.0013,-299.0367
-262.1180,-65.6348,-196.6855,-39.2121,-271.8751,-40.5715,-252.4520,-79.9751,-378.1884,-61.5151,-160.6338,-18.8445,-234.3845,-68.5966,-351.9568,-214.5431,-372.1652,-54.0012,-324.8823
-303.3207,-80.9119,-268.4340,-56.5602,-325.7105,-51.4638,-305.0478,-44.0342,-296.2647,13.0872,-248.2380,-85.6834,-293.1655,-136.6766,-386.5309,-207.6035,-402.7032,-42.3949,-350.9411
-341.7318,-60.5262,-322.2981,-44.0296,-322.8297,-57.0005,-329.7939,9.6314,-196.0392,151.1232,-356.2834,-145.9366,-323.6891,-175.8398,-383.7781,-168.4531,-448.3179,-12.1030,-376.4911
-383.3888,-27.0435,-336.3877,-9.6239,-300.5063,-41.0298,-313.9368,5.5182,-142.6255,242.4205,-427.5708,-112.2848,-318.3063,-171.6403,-373.7027,-139.8240,-480.3029,-38.9583,-406.4429
-394.6493,-26.0791,-342.7832,-24.0261,-340.6920,-60.1359,-338.2784,-62.0674,-169.4136,195.9040,-462.5298,17.6715,-360.6235,-144.4386,-409.8702,-117.8548,-442.8382,-149.7932,-432.5346
-403.8472,-52.8228,-377.3729,-88.4566,-417.2253,-134.3082,-398.7763,-102.4506,-242.0762,93.5225,-521.8942,95.9669,-454.6875,-103.2138,-429.4022,-63.5612,-389.9436,-237.1916,-437.5142
-479.5410,-99.5806,-418.6893,-132.0920,-461.3108,-172.0574,-422.8723,-86.4553,-289.4882,12.6765,-610.8096,50.3782,-495.0414,-63.6960,-381.0383,9.2485,-400.6279,-208.3960,-426.0842
-571.5181,-147.0099,-426.7739,-132.5287,-459.0757,-133.0972,-410.6182,-67.9145,-303.0373,-41.7234,-661.0971,6.4357,-458.9230,-35.8498,-342.1454,50.3998,-444.5574,-128.7662,-407.7536
-571.9818,-144.0743,-400.0666,-117.1699,-416.5083,-95.9272,-388.9057,-61.6603,-316.5203,-41.5701,-632.9368,39.0514,-411.1705,-8.0484,-347.8185,50.0532,-455.1996,-97.2663,-376.0692
-508.8042,-96.4994,-360.2115,-89.3043,-358.5567,-85.8322,-344.3509,-65.9789,-317.7195,-27.1098,-553.6958,78.3895,-364.6124,15.3369,-324.2258,21.8476,-415.7162,-92.7313,-340.7267
-456.4201,-49.0649,-324.6760,-41.2984,-318.6318,-46.3127,-279.3034,-106.6514,-295.1451,-103.7125,-471.9543,109.6035,-315.9312,25.3758,-258.6857,-25.2260,-344.8523,-54.0767,-322.8535
-394.1867,5.9468,-296.3845,9.6439,-274.6506,12.8653,-225.9731,-146.9957,-285.6275,-221.5567,-421.6881,154.4135,-290.8284,42.4465,-210.7892,-54.9869,-288.8434,3.7846,-303.9636
-328.8350,56.5235,-258.2689,42.1453,-208.7053,35.6792,-203.6637,-122.5394,-291.3096,-241.9808,-393.3886,150.2326,-269.2396,63.2383,-193.1593,-38.2364,-270.3568,38.1388,-251.3380
-319.3663,44.6375,-206.7479,48.7845,-175.1346,28.2870,-211.3901,-78.6777,-278.4172,-190.7911,-338.0981,88.7568,-227.3607,46.9863,-199.7350,-17.4727,-243.4918,49.1532,-186.0855
-315.4258,-2.7445,-174.4441,33.5027,-196.4476,21.7583,-235.8712,-83.2896,-274.9919,-182.3814,-248.2346,57.3514,-211.0447,3.3003,-234.4372,-41.8596,-189.1617,56.7044,-152.6679
-233.4541,-9.5516,-172.1053,15.5593,-213.8353,20.3805,-267.0602,-96.2101,-323.0135,-218.6384,-176.9667,61.2778,-232.5649,-11.4682,-262.0497,-85.7449,-153.1463,63.8476,-145.3826
-127.0800,13.7266,-158.5597,16.5705,-193.7172,23.1292,-300.4384,-77.2846,-376.4659,-222.0924,-143.7950,60.5529,-237.9298,14.5057,-265.3008,-104.4689,-131.1778,63.2811,-126.0615
-76.9043,35.5024,-121.3221,36.1439,-160.6386,26.0970,-303.1411,-50.9023,-363.7272,-147.5038,-126.6688,80.8232,-222.7477,54.1098,-278.6174,-86.6753,-83.9842,61.5686,-79.1296
-68.2036,71.7354,-107.7789,60.7307,-139.8077,37.1917,-244.9665,-5.2471,-285.6420,-18.5849,-136.7370,105.7571,-207.2664,88.9272,-283.2029,-21.2356,-45.9896,77.6942,-21.9561
-64.7687,117.8298,-129.3174,88.1057,-137.0364,83.0406,-175.0457,70.9543,-206.1222,97.9489,-175.5462,100.7927,-172.4175,109.8962,-240.8023,81.7420,-38.0625,106.5486,6.1579
-33.5591,167.1413,-135.3383,125.6892,-135.9793,142.0694,-160.9070,108.9690,-200.8184,165.5615,-192.3025,157.1750,-144.3474,137.0518,-220.4305,156.1128,16.5100,122.8368,-14.5663
48.2836,245.1481,-110.6127,173.1143,-121.0476,162.6984,-186.8003,86.9001,-293.0661,185.7973,-189.5619,317.8769,-171.9725,201.5113,-283.1162,166.7682,135.1420,135.4207,-45.3290
108.0555,323.1446,-95.3223,215.0401,-113.6548,173.5745,-215.4421,82.6983,-412.4537,157.0439,-230.4672,426.9693,-206.6282,263.5997,-351.7942,161.2510,206.3281,167.3098,-51.3782
65.2033,336.1788,-107.1354,231.5115,-131.8482,219.9882,-252.3462,110.9135,-467.2337,118.1209,-291.9886,390.7488,-198.8786,255.6385,-366.1293,166.9207,168.8742,189.3711,-71.6780
-13.5300,297.2575,-127.2060,218.0066,-156.4680,241.7133,-285.9148,106.9677,-444.8423,134.8807,-298.4806,310.2757,-202.9059,203.8671,-375.2719,158.3066,82.2125,166.6983,-142.1125
-48.8287,252.1189,-143.8624,188.1911,-170.6254,188.0144,-284.0887,72.1642,-385.9287,177.3756,-273.7656,255.2781,-234.1439,178.1855,-379.5808,150.1125,-1.7858,128.7779,-218.4832
-102.0543,197.7766,-155.3417,150.8428,-161.6536,125.5364,-251.0626,51.6558,-308.7389,169.8906,-272.1479,198.7764,-221.1658,176.8849,-306.5325,169.3778,-90.0117,106.4203,-254.2086
-213.9049,134.5098,-161.6230,107.1618,-125.9198,103.4146,-202.7828,43.9430,-219.4994,133.1886,-259.5042,143.2348,-159.5040,168.5490,-178.7890,167.5364,-183.9552,81.5998,-255.5112
-285.1465,92.7355,-169.9067,79.0843,-108.3322,91.6108,-146.8554,44.0029,-153.6720,108.1623,-208.6149,108.2384,-110.2021,160.5973,-105.5743,116.6296,-253.7404,58.1523,-223.8618
-254.8848,83.5891,-170.2057,91.0685,-127.1118,90.3182,-110.2582,61.7430,-145.5774,73.3221,-169.2362,87.3708,-86.1034,164.7842,-109.4493,96.0079,-276.0993,65.6945,-160.8137
-216.3415,82.2932,-140.0738,110.3082,-125.2295,109.0997,-100.7277,77.9015,-159.9782,52.9626,-164.4997,72.4260,-75.8189,168.2724,-102.9698,148.6095,-272.7339,76.3576,-107.6394
-257.1030,49.5589,-105.0806,80.6233,-112.3357,97.2952,-81.4451,86.4808,-119.1641,105.5949,-163.5596,44.6029,-82.2294,153.4414,-34.2413,196.4967,-286.7690,52.0144,-85.9296
-310.5011,-6.3241,-113.2648,32.8788,-157.9485,54.1002,-48.4028,115.9689,-27.5402,174.7688,-164.2324,4.1755,-98.4161,120.8988,34.7410,182.8330,-308.1855,45.4504,-69.9874
-261.5463,-4.4962,-141.8547,57.5653,-198.7478,69.3772,-35.1810,150.4165,27.6172,165.1772,-180.0987,-4.4898,-120.0593,95.2496,35.7639,139.9914,-282.8420,113.2707,-53.0861
-143.1954,73.2796,-135.2220,145.6192,-141.3043,150.1705,-26.0294,147.7389,36.5382,126.1094,-185.0993,11.3888,-133.6676,84.0837,17.6424,106.2616,-219.7090,192.0200,-46.7334
-91.4783,119.2516,-107.9894,188.0444,-69.6938,191.1381,10.8294,132.4198,80.9139,163.4431,-148.2833,-1.4075,-100.1549,63.0015,61.0730,102.6783,-184.6639,203.6038,-40.3144
-115.8270,92.7485,-97.4606,160.7702,-68.5755,169.0145,36.8449,141.1205,154.9288,232.4349,-74.0108,-14.7665,-36.2385,45.7711,130.0644,131.2850,-171.8535,194.8746,-35.6420
-100.2677,89.0813,-77.2842,157.1647,-70.0828,168.1197,7.4798,142.0157,155.9575,204.5347,11.7120,12.0066,-15.0972,72.4274,145.3655,140.5924,-116.4903,227.8880,-43.2912
-17.6761,135.5242,-26.0496,206.5125,-49.5576,203.3275,-34.4391,116.8080,76.0886,107.0927,73.8975,29.0275,-32.9744,110.1713,126.9445,101.4200,-30.6990,245.7115,-28.8290
63.6202,160.5481,11.4156,227.3304,-61.4799,211.5075,-24.8109,110.8441,15.9864,93.1999,89.4826,27.2022,-30.6866,114.1594,123.3667,76.5380,18.3558,198.6715,27.0264
124.7214,164.8029,12.4771,195.9992,-68.3951,200.6743,19.9284,132.5922,10.2062,173.1287,81.7347,69.0081,-17.3294,128.6099,107.6319,100.7205,34.3744,164.8558,71.0852
167.3887,186.5981,16.7563,187.8147,-16.6239,223.3042,46.9962,139.4531,6.2610,223.2718,94.4398,118.7583,-13.8568,171.9184,63.3835,120.9719,53.2542,194.5623,78.5735
156.1307,184.0270,37.6850,214.9688,45.5073,240.7107,58.1795,144.1876,-5.6643,242.3141,122.6574,94.4057,13.7851,173.8854,50.8145,125.8902,50.7084,199.0345,94.2959
108.1017,132.9558,42.3299,200.4162,81.3718,189.4264,78.6418,187.7890,22.2500,296.5946,122.6542,45.5633,66.6921,137.0648,103.0285,151.2180,23.4351,127.6411,123.3351
93.5548,101.0243,29.1982,139.0472,104.8303,119.5936,94.4324,227.0676,99.1753,307.9445,93.4021,64.4348,106.4905,141.4869,173.7877,164.9490,38.3297,70.8041,120.8070
110.6218,116.7201,33.6757,109.9606,105.1562,108.7029,98.0361,198.8105,178.1166,213.7624,83.5449,131.5045,139.7398,170.4021,225.1228,134.1148,93.7357,87.5563,92.7557
110.9877,119.7165,62.0225,122.4717,91.5682,127.3870,122.0954,146.0370,226.0672,142.8192,109.2199,165.9278,181.7806,157.6312,264.2621,119.6816,105.8740,117.3820,92.1403
107.6397,87.9235,89.7686,114.5812,101.2048,117.0478,168.7979,144.1323,252.8980,181.5911,132.0511,130.0359,210.4737,129.8772,293.2825,160.4251,87.3615,109.1029,141.2731
133.2649,73.7639,108.3337,84.1376,121.1694,90.4952,206.8923,178.5569,283.3831,243.5325,135.5014,73.3589,223.0676,132.9400,309.3403,197.2369,129.0425,76.4409,216.0417
175.7104,97.9012,130.5925,78.9989,141.6311,75.9947,249.1740,204.6947,334.2177,282.3973,155.9585,82.9344,243.9604,149.5925,332.0297,191.1100,211.6607,40.7419,270.9950
223.7287,123.6346,170.5594,101.7321,195.7082,73.3323,310.0654,223.2736,393.8217,324.4630,212.1076,144.1113,278.3245,161.9716,364.3196,178.5832,251.9799,28.4149,282.5686
282.1080,137.9081,228.8549,127.1262,262.8135,89.5558,350.0039,224.6313,423.9171,319.8016,265.3661,155.1851,318.0507,167.5098,377.5804,189.4742,265.8794,60.0625,280.8336
323.9311,152.3308,283.2130,148.5004,290.3585,124.9874,364.1524,183.8795,420.1689,222.5808,280.2230,108.9416,346.6561,155.6828,377.3798,203.8941,302.2924,97.5379,295.7070
320.3571,144.0546,307.0617,152.1667,295.6834,146.8128,390.1867,136.5668,426.7757,102.6311,274.8483,82.5733,345.0924,141.6497,399.6252,185.1554,334.2521,95.1814,309.6288
297.6543,97.9702,305.3064,118.3457,310.5269,132.8493,402.1976,133.1890,448.2004,47.0678,278.7780,87.9549,334.6292,148.6210,424.3730,131.6516,327.7502,82.7951,314.1729
281.5640,53.8103,299.9118,62.3994,322.9838,95.9450,374.8074,149.8292,451.7348,84.3337,280.1367,95.0078,345.7229,156.0903,401.8136,95.9414,293.0841,96.2609,332.5316
244.9602,32.0727,282.2316,22.5177,330.6361,54.5536,373.9280,149.6461,483.4560,191.5344,258.2779,88.9270,351.2851,135.0331,353.7045,113.7403,247.9338,97.4001,358.3650
183.0203,10.9738,234.6773,15.8238,333.2245,24.6683,417.7215,146.3562,604.4518,279.8564,228.5740,43.5923,322.1505,89.6161,336.5133,137.7012,219.5044,58.2781,361.5713
147.4469,3.7228,186.2243,28.6843,309.2537,21.0499,423.3511,137.8955,720.2714,265.3154,207.8840,-14.0790,288.7537,44.9176,340.5015,108.6741,229.9650,29.2889,341.8125
152.6565,30.0679,179.1042,37.8341,273.8313,37.1752,382.2904,95.9208,688.3419,174.1054,192.3316,3.9748,282.6280,33.4938,317.9502,47.0149,247.9100,45.4502,305.8826
158.0745,53.7480,207.4800,42.2226,265.0305,50.4750,351.6716,39.1361,534.5518,79.8135,199.4879,77.7073,296.7561,56.9195,261.6851,11.0369,238.8256,64.2896,243.1199
159.0509,57.4132,237.5428,63.2519,269.6960,55.3762,300.2134,1.3392,375.2556,-1.4559,242.2615,93.7216,311.3476,70.1191,205.0028,12.0462,231.1890,53.3048,165.0917
173.1349,69.3911,245.4780,98.0604,252.0188,66.3313,201.3670,-30.9792,248.7237,-73.7816,261.6873,47.4073,303.1495,61.0882,179.1100,12.2249,247.3274,41.2190,105.5303
171.1205,77.7164,219.0209,111.8236,210.9103,84.4232,140.7756,-58.3956,154.2554,-109.1599,208.1918,15.7950,271.4203,67.4455,175.0320,-11.3610,241.5659,42.2688,77.9611
135.2667,54.1344,171.1178,89.0566,169.4471,83.0223,156.1049,-37.2217,103.6652,-90.7130,143.1033,14.3516,245.4290,79.8504,151.0664,-24.5390,169.9714,26.4937,75.7963
101.2030,14.0724,137.4490,45.4419,142.3393,47.6538,162.8294,30.2674,74.4746,-49.0876,126.5888,25.8571,211.3365,57.3782,95.8402,9.7013,59.7793,-8.0585,77.7188
80.6750,-28.3546,121.8034,4.1369,109.4441,11.2449,113.6029,74.4134,35.0578,-18.0124,107.9930,38.5141,122.5686,26.1857,36.6468,53.1177,-17.1036,-25.3494,46.4476
54.2613,-49.9170,90.4276,-7.6515,43.8752,9.8870,46.4701,53.9014,-11.8246,4.8873,40.1197,36.4919,7.6429,33.6502,-16.6434,43.2240,-28.7000,-21.6093,-25.2805
21.5565,-5.6180,29.8343,14.3338,-32.9473,27.5465,-14.3896,0.5775,-68.1474,10.2285,-40.4451,44.8201,-72.2785,59.0006,-65.9741,-5.0110,-31.4661,-23.3132,-90.1138
-34.3797,53.0394,-52.4982,29.8682,-101.5403,26.9390,-76.1536,-26.8381,-132.8968,-36.1915,-109.2903,78.0710,-132.9958,53.4240,-102.9998,-31.2173,-90.3047,-28.2774,-113.4681
-137.2666,23.9808,-148.8067,14.7831,-190.3868,1.8685,-142.9776,-5.0782,-171.4938,-100.0713,-184.4818,69.2447,-204.8287,8.4712,-139.5914,-18.6438,-178.6352,-18.7535,-126.9404
-236.4465,-36.2755,-227.3673,-3.4008,-283.5900,-24.1661,-210.4391,22.9816,-184.9780,-109.0295,-256.1143,13.9530,-266.0849,-37.1188,-182.1105,6.1884,-236.9069,-7.1561,-176.5705
-271.3276,-13.4997,-263.3912,-7.2315,-323.4713,-25.0960,-258.8833,0.3514,-228.6868,-99.1656,-297.0555,13.8523,-307.8808,-41.1923,-204.2019,13.2880,-272.4943,-18.4484,-256.7259
-278.7709,34.6205,-293.4927,-10.6740,-340.0818,-8.6697,-276.0074,-52.4706,-307.0694,-128.2253,-313.3242,54.2866,-338.8401,-25.7444,-226.5003,-3.3996,-320.2935,-50.1796,-325.2689
-312.0172,12.4667,-352.0751,-20.2644,-387.9347,-17.7346,-284.5911,-58.6209,-363.7455,-125.3134,-329.6174,24.3783,-346.7713,-43.2005,-292.0217,-6.6428,-377.3137,-75.1793,-357.5068
-357.8396,-41.1988,-405.1621,-43.1222,-428.0818,-57.2571,-312.9579,-1.4055,-393.1299,-56.3537,-357.3804,-39.0834,-351.4092,-68.6972,-343.9279,38.4006,-423.8459,-79.0193,-364.4538
-397.1648,-78.3192,-423.0364,-82.5696,-439.9153,-79.9891,-372.5778,56.1215,-447.1350,-21.0739,-382.2809,-43.1455,-390.1168,-54.0483,-341.6598,95.7019,-443.7493,-85.5430,-366.7117
-420.7325,-107.5118,-431.8839,-104.0097,-470.7484,-80.5878,-455.1190,71.0682,-524.7762,-24.2640,-388.9600,-36.7694,-428.9490,-45.8600,-388.2888,102.4611,-431.3112,-119.0641,-369.3637
-409.3086,-119.5677,-452.3227,-94.8902,-510.6284,-96.7106,-514.7246,68.4952,-547.3499,21.6982,-402.7170,-69.5940,-433.7388,-93.0447,-505.7145,62.1291,-411.2323,-153.2578,-371.0110
-383.7963,-121.6053,-477.3398,-109.5518,-530.3538,-120.3144,-519.6689,77.2232,-473.0751,69.8843,-434.1965,-85.2697,-455.5493,-139.6012,-539.1793,31.7069,-405.8452,-153.2976,-381.8777
-379.8435,-138.7130,-499.7197,-156.3446,-563.4365,-127.9171,-517.1498,78.9178,-377.8963,59.7650,-418.4453,-68.8316,-511.7814,-134.6666,-464.1784,40.6378,-401.8426,-136.9872,-412.9831
-369.6158,-134.6604,-503.2045,-156.5991,-595.5880,-128.0707,-543.6528,54.9166,-357.5102,57.8305,-336.3309,-53.6431,-530.3746,-105.8330,-431.8078,56.3741,-392.3227,-124.9301,-442.6673
-331.1332,-82.3816,-477.9147,-90.6966,-562.5513,-101.4218,-546.2358,32.7123,-401.7597,46.7890,-286.0817,-21.3128,-490.7636,-75.2363,-460.3582,27.6457,-388.7583,-91.8863,-427.0001
-320.6663,-31.8733,-444.1690,-32.3096,-489.4168,-30.9041,-500.6231,34.7667,-457.4113,-55.6769,-303.3203,20.3606,-450.0875,-47.6608,-457.0792,-41.0879,-381.1998,-32.1927,-375.9911
-363.8547,-9.4121,-410.5687,-11.2303,-429.3943,18.4501,-469.1744,35.1178,-520.8370,-146.6074,-302.7303,9.1446,-425.3580,-49.4893,-443.2392,-90.7239,-357.8999,8.6391,-361.7988
-387.6020,-0.7337,-368.3651,2.4686,-375.4578,6.2731,-470.3725,17.0234,-567.2130,-120.0239,-275.4389,-41.8882,-396.2712,-77.4811,-455.3251,-96.1411,-338.9831,7.0237,-400.4159
-342.8442,-21.3731,-342.9595,3.7381,-348.6346,-9.4251,-452.8332,3.9615,-531.6324,-94.2410,-291.7806,-61.2824,-368.5763,-86.0917,-431.4688,-91.0219,-343.9442,-13.6634,-415.5459
-293.5886,-64.4824,-353.5378,-23.7606,-365.0329,-9.9021,-406.2154,3.8108,-438.2663,-140.0611,-317.2933,-38.0431,-341.4597,-60.4790,-357.0770,-95.5794,-365.1404,-29.4518,-373.7818
-316.1006,-76.6880,-349.3427,-42.0151,-340.7578,-30.5933,-360.9716,4.3234,-387.3280,-146.6436,-281.8365,3.6684,-296.0201,-25.2556,-297.9921,-92.6578,-374.9275,-26.3104,-332.5155
-356.8928,-38.5321,-286.9260,-12.1207,-237.0877,-32.7483,-319.2617,15.2221,-394.5499,-94.9021,-229.1854,46.5389,-244.9863,-1.6921,-274.0985,-73.4504,-336.6693,4.2123,-312.0497
-294.4374,25.5461,-205.7687,36.9272,-146.2635,20.4559,-264.0526,40.4995,-389.7990,-75.8920,-204.1234,48.1206,-212.5522,-2.5678,-255.8744,-53.1322,-249.8890,48.5777,-263.7145
-161.6248,63.4385,-156.0524,50.4185,-116.0044,61.2670,-190.3632,61.5210,-334.6711,-80.9402,-163.8128,-8.9987,-182.3702,-25.7371,-216.6826,-45.8508,-163.2938,85.2367,-175.1916
-122.6906,20.6180,-131.3203,27.2663,-94.6642,54.5333,-110.8120,83.8155,-243.3648,-55.2064,-97.5190,-62.0302,-126.2971,-42.8612,-147.2542,-38.4646,-100.0699,110.9974,-81.4776
-177.4404,-49.2005,-97.9735,15.4826,-54.1782,55.2273,-52.2248,111.0592,-158.4404,-19.5129,-44.7403,-68.1170,-58.2196,-32.0612,-83.1044,-4.7643,-44.6228,126.9299,-12.9143
-153.0113,-34.5632,-37.9933,36.6423,-8.9683,70.0876,-33.8868,97.2107,-126.1598,-23.1500,4.6716,-76.4229,-20.5453,-12.1875,-57.7458,32.6539,-0.2211,124.0336,0.0620
-18.6220,25.1643,27.3861,59.6273,21.2763,62.4857,-57.5688,26.9921,-130.7454,-83.2530,72.4855,-118.8701,-24.3629,-18.0638,-39.4323,16.5595,38.6614,102.2000,-40.2498
88.4834,27.7742,58.5296,59.9067,25.2427,53.2461,-109.2663,-37.8756,-107.9655,-147.0620,125.7921,-134.8964,-30.8596,-42.5927,-10.3593,-35.4097,104.2975,79.5456,-65.1565
119.0470,20.4912,61.3116,54.7716,41.3130,68.0088,-137.1653,-64.8115,-53.1597,-129.7030,146.9238,-84.2593,-7.5398,-41.2552,-2.9015,-49.8985,177.4040,70.3160,-36.5368
130.7075,58.0187,81.1333,60.4795,112.4976,81.0070,-92.7268,-79.7514,-20.9357,-56.2954,167.5173,-39.8633,31.1236,-18.3930,-4.1432,-34.3898,206.6573,65.7195,-2.8817
144.1391,68.3452,127.4899,60.0211,197.5877,69.7999,-19.0334,-79.4366,-23.7017,-22.3239,194.5537,-76.3160,65.9721,-31.5746,21.2634,-39.6243,205.6813,50.3581,10.0576
147.6892,28.3183,168.2783,33.1319,238.7298,38.3396,14.6292,-51.0152,-22.3318,-18.8702,203.4548,-143.5382,100.9141,-75.5645,54.6512,-32.6784,205.1675,29.0794,34.3923
136.1782,-9.2683,180.3874,-7.8784,233.7769,4.4291,30.8136,-31.6693,0.5246,-11.7629,198.7965,-152.0384,123.8530,-88.4474,85.6399,19.8917,189.9304,13.6498,69.1655
112.3067,-49.8038,162.1233,-29.5146,190.5930,-7.7386,69.3767,-42.9863,22.4364,-56.0222,200.1669,-108.3358,115.2462,-76.8311,121.1312,46.7335,170.3483,0.8825,93.0554
114.6876,-80.3806,137.7263,-24.8823,143.1916,-8.6188,106.5240,-55.8794,30.3094,-136.9161,200.1302,-71.9825,100.1935,-82.5065,127.0567,4.7203,181.2935,-8.9932,116.8537
165.9339,-44.8003,145.8496,-27.8901,150.7960,-30.4567,138.2948,-63.3199,48.3317,-134.3444,199.2438,-62.8194,114.5216,-88.3679,116.7212,-29.0119,203.9843,-11.0724,134.7868
210.5789,4.0048,179.9089,-58.7298,187.8501,-57.9553,187.6513,-81.5011,94.3241,-42.7157,226.2425,-76.8133,147.3404,-86.9741,167.6886,-10.2232,215.5579,-19.7361,131.8754
212.2806,-16.2519,200.6217,-89.6711,196.7161,-63.6518,219.9643,-96.3809,140.1670,15.0126,267.2700,-102.2978,174.2082,-105.8556,246.7354,-8.6197,232.0771,-35.8436,142.4256
215.2452,-55.6724,217.0489,-90.3631,221.3527,-64.1667,208.6414,-93.1234,158.5499,-24.3809,263.2484,-101.4801,194.3438,-111.8279,244.6027,-63.3370,239.6459,-24.1455,178.2164
243.3278,-56.1872,253.7458,-64.5643,289.8226,-62.9443,202.6572,-87.6282,154.1092,-117.3324,222.6340,-63.0601,212.5566,-67.7055,184.4781,-110.0423,214.5371,12.7050,185.0666
262.7673,-44.8704,273.0585,-31.8697,320.9727,-40.7087,222.1325,-96.1444,122.5349,-184.8756,213.9150,-40.1312,234.8333,-31.7091,154.4509,-101.6782,190.3273,16.1027,160.1685
245.4886,-34.1768,235.9452,-13.5845,289.8356,-19.3647,229.4659,-120.1900,74.7121,-193.0111,235.6180,-66.6308,261.6699,-44.8044,144.8699,-80.0760,189.6689,-25.7598,157.2489
197.1638,-30.3103,179.5045,-25.4318,258.1005,-23.0180,222.1990,-139.6310,72.8769,-180.4506,240.0227,-103.0956,266.5994,-59.4977,131.9788,-87.7008,179.9976,-60.2459,158.4376
164.7581,-63.2064,156.9989,-58.1700,231.1588,-33.8476,212.6606,-115.0978,132.8580,-158.2924,239.5896,-107.3775,241.5766,-55.1089,148.7917,-98.4430,151.0696,-64.6495,127.9622
173.0237,-107.7441,163.8145,-88.5467,194.7678,-51.7493,189.3126,-56.4335,191.5737,-80.5077,249.6757,-91.0092,230.2216,-57.8261,189.0030,-73.8815,122.4700,-63.6262,117.5646
139.9507,-127.4103,160.4702,-109.2431,174.9645,-90.1570,178.6058,-34.4200,238.1681,27.4486,234.3679,-85.2676,237.8909,-68.7512,199.0021,-23.8527,98.0212,-78.4494,155.5452
33.3893,-144.5041,129.1103,-125.7906,161.5854,-121.6009,215.6724,-58.1545,306.5834,97.3025,198.7135,-95.8190,206.6442,-83.5125,174.7738,19.6987,89.3071,-106.7408,184.8154
12.9192,-151.3280,100.0145,-142.4832,138.0506,-127.2692,257.0495,-51.6766,349.3691,134.1113,183.9270,-105.9955,142.1394,-97.5598,172.0197,40.0213,103.9103,-117.1793,192.2586
151.4130,-120.1011,111.4633,-154.4589,133.4005,-124.5171,248.5706,0.5632,316.8500,111.1582,176.2657,-110.3262,115.5590,-86.1249,221.4568,33.4326,119.1353,-83.5689,206.8390
258.8585,-94.9723,141.9414,-138.1607,133.8853,-106.3139,206.9504,25.8553,263.8963,-39.9799,165.4847,-115.8806,125.9606,-58.4302,266.3263,12.2838,145.8560,-38.5571,196.6382
224.9799,-91.2210,147.8159,-81.0760,112.2057,-60.2495,161.8773,-2.5030,227.8486,-206.0039,181.6351,-103.3713,131.3535,-39.0581,235.3037,5.3923,214.1001,-26.5984,153.7823
179.1300,-50.7140,150.8769,-20.6900,130.2740,-17.6879,131.3806,-32.4544,176.5638,-189.9338,196.3067,-42.5761,160.1843,-0.5393,163.6576,23.8862,269.0510,-33.8372,158.1968
188.2704,5.3273,192.4851,-1.5727,216.9986,-6.3708,154.8493,-24.4807,130.6689,-39.0607,167.7072,36.0149,231.7767,50.0224,121.1853,41.2857,243.6582,-33.4960,222.0482
192.2808,7.1620,244.5841,-15.0391,284.4779,-19.1416,234.3078,10.2713,136.4620,58.5221,149.7751,60.7199,282.7017,44.0407,87.0161,26.1011,192.2699,-25.3876,258.6797
203.2553,-16.5532,258.8465,-26.6963,290.3699,-34.5350,294.3589,38.9716,163.5914,72.6946,178.6967,21.6447,284.1928,5.5168,55.1836,-14.5663,192.1836,-8.2651,253.2534
239.8752,-20.4021,246.2458,-23.3223,276.3316,-20.6366,280.9372,40.0816,173.2904,73.2933,197.2827,-20.7486,282.6566,14.6715,96.6446,-36.5166,218.5128,-0.1884,258.5522
235.6669,-22.3778,239.6561,-9.4821,248.2067,20.0479,234.8154,26.6302,175.1064,70.6484,190.2102,-23.9855,286.9428,39.1445,184.4964,-16.3707,231.6657,-28.7918,271.2462
188.3219,-19.9645,237.2009,1.9192,203.5365,31.0927,225.0029,26.7974,173.2151,53.1072,183.2379,-1.3794,263.4876,28.8505,204.2578,9.1697,248.5610,-51.7857,276.6616
169.0236,1.2385,223.6507,0.8989,173.0279,10.2760,252.9494,39.4604,173.6448,35.6029,149.0054,12.4802,218.2958,23.9483,166.1746,-3.0313,273.8544,-19.4261,292.7949
183.9058,18.5629,203.3231,-2.1624,154.8791,19.3538,260.0086,43.3458,191.0487,38.8032,115.2964,-0.5604,185.1010,20.7360,150.7539,-41.6925,281.5172,10.7977,291.6859
208.6084,21.9370,189.7227,-0.7133,135.4998,35.7225,225.8033,36.5751,196.6959,63.2805,176.0664,-26.5609,180.5734,-28.3014,147.9411,-72.8218,261.8679,-21.0422,238.1079
233.8036,4.4895,176.9543,-15.0936,129.0314,-10.4711,197.0050,30.8798,171.6605,75.5542,276.9974,-33.4232,191.4858,-69.6302,137.3935,-80.9453,223.4773,-68.4555,187.9175
220.7919,-46.9343,146.7337,-52.1400,127.1170,-72.5124,191.3374,24.2803,156.8902,57.3159,277.3214,-11.1712,176.8484,-44.9037,137.7985,-60.3815,180.5829,-87.4264,188.1944
173.8397,-78.0151,114.9339,-80.9333,123.3862,-74.1241,167.5556,4.0301,147.5164,32.3356,211.2406,10.8376,130.3508,-12.4128,122.8513,-26.3206,152.7447,-89.1891,184.1197
167.4942,-44.2448,122.4411,-76.6238,149.4279,-54.4146,117.2839,-32.4506,92.7029,-3.9498,189.6433,3.2772,109.8685,-17.1437,77.8415,-16.8008,151.2891,-62.8055,143.8707
186.9259,-17.2061,163.3181,-51.8872,189.1812,-56.1484,70.5755,-69.2853,29.4784,-69.8052,184.4575,-19.2660,127.6706,-23.3429,50.2476,-39.2946,169.2860,-8.9981,111.4408
144.4887,-35.2072,187.8189,-35.5024,188.6358,-39.9010,26.6968,-86.6026,18.1003,-121.9874,146.3309,-21.6251,122.8251,-9.6150,40.0971,-64.5103,180.0689,17.8662,87.0592
77.1914,-34.2996,174.6372,-38.7642,163.8818,-6.7494,-7.2975,-81.4633,21.1340,-121.0116,120.1646,-5.6698,94.4521,16.1821,14.6432,-73.9062,146.7955,1.1793,40.2409
74.3362,-20.2152,133.7544,-47.0002,145.4280,-16.0400,5.6947,-69.8950,13.0289,-72.5779,116.0674,0.8958,85.1536,32.6552,5.2934,-62.5027,70.6445,-22.3335,17.6504
86.9889,-39.9176,69.8168,-46.1571,108.5730,-52.4685,39.3630,-73.4556,38.8115,21.8996,82.4506,4.5939,56.5668,6.6178,23.1867,-46.6973,9.4683,-36.7991,66.9636
40.5297,-43.0612,0.4409,-42.7556,53.5910,-47.1021,26.4016,-100.3118,79.0049,90.0318,20.8670,31.9380,-24.1796,-31.0296,12.1596,-77.0013,-7.0047,-34.2033,125.0666
-16.2386,-12.9972,-46.6314,-46.2467,0.9107,-15.2535,-13.6224,-126.4676,72.3901,19.1000,-32.3291,64.7112,-90.4223,-18.2993,-34.1512,-148.9165,-31.4046,-13.2812,114.7699
-44.5396,-28.5870,-86.5797,-61.3116,-75.6059,-32.1035,-25.0017,-115.2516,56.9308,-87.2937,-79.1645,53.6171,-115.2635,-3.1981,-73.3705,-167.4456,-109.2318,-18.7981,54.6449
-108.4226,-80.5498,-154.1064,-91.4558,-176.7710,-95.2203,-39.3769,-70.6133,83.6986,-19.4101,-136.3501,-8.5533,-160.0769,-53.8628,-104.1659,-104.6667,-199.5738,-66.0558,-11.0141
-218.8177,-95.9262,-231.2281,-115.0848,-251.6949,-128.1281,-101.1668,-34.5418,89.5262,143.8305,-204.9108,-68.9772,-226.4339,-103.1819,-140.7290,-55.2212,-240.7440,-91.2776,-79.7434
-280.7332,-93.9562,-268.9338,-101.1661,-282.6598,-106.2127,-164.1596,-29.1141,3.6100,183.5567,-272.0995,-75.6000,-256.8248,-89.6460,-189.3710,-64.6530,-242.4240,-60.9042,-147.0433
-267.3060,-94.7688,-255.2855,-65.8675,-266.7789,-73.1209,-178.4442,-48.1705,-140.5256,130.2903,-315.9655,-42.5670,-248.0860,-76.3946,-258.6320,-78.1769,-256.8423,-13.0383,-195.4351
-252.9749,-58.6840,-220.5654,-42.7819,-203.5089,-49.4435,-180.0680,-86.7285,-262.0175,107.5068,-332.5512,-27.6582,-228.1434,-95.8105,-310.6102,-68.1790,-291.4562,16.0808,-236.0809
-253.9960,-14.6734,-203.8173,-27.3779,-170.9393,-29.5450,-217.9988,-131.9835,-306.8456,88.8141,-340.1782,-40.1787,-218.6386,-96.9636,-294.4398,-56.0608,-312.4068,7.7312,-287.9263
-229.4306,-18.2526,-218.5247,-16.3685,-223.1054,-24.0279,-271.9027,-158.3168,-277.4290,50.8416,-344.2238,-33.2049,-244.1240,-71.0816,-243.0036,-56.0649,-310.7390,-24.4633,-333.7284
-204.6516,-25.8742,-228.2322,-17.2423,-254.9449,-17.3571,-297.0975,-157.4025,-240.0393,30.7414,-349.2233,1.2076,-275.9916,-43.1558,-214.9143,-76.1683,-301.7400,-20.3111,-352.0291
-216.1846,4.2502,-190.7771,-3.6111,-193.7496,24.7067,-302.0156,-138.5404,-258.3996,2.7457,-379.4941,17.6671,-258.6072,-10.0589,-212.3903,-98.6450,-287.4871,23.8015,-352.0471
-230.5112,26.1571,-140.1995,26.6025,-154.7144,65.3535,-316.6697,-106.8190,-312.8093,-49.2715,-428.0494,-0.5501,-228.0918,17.4732,-223.6853,-82.0866,-275.7924,38.3611,-337.3649
-243.6316,13.7948,-147.3051,21.9404,-210.5430,52.7285,-317.4828,-70.6468,-335.8275,-69.2140,-448.4755,-30.9853,-243.2903,16.6661,-233.0501,-43.1130,-288.0902,30.4204,-297.3357
-291.8522,6.8717,-197.8128,0.1464,-250.9824,35.3473,-276.5150,-41.3470,-309.0164,-38.1017,-431.8548,-56.0836,-264.1454,-4.4199,-224.4293,-36.7907,-306.5117,60.0805,-252.2796
-323.4114,35.6665,-217.1697,35.2798,-203.4515,67.4309,-241.9331,-15.3540,-277.3992,17.8186,-409.0090,-62.2581,-257.5184,-33.3442,-239.2442,-51.7560,-285.0256,96.2152,-233.6252
-276.8282,83.3144,-198.6649,93.7243,-153.8979,99.7675,-256.6955,12.0821,-276.8428,75.5666,-382.0386,-43.6936,-264.5288,-57.2568,-293.3976,-47.9417,-228.6217,96.6186,-226.7180
-214.5746,107.1836,-188.2970,94.5845,-174.5872,89.3457,-271.0573,34.6589,-284.6651,99.6816,-333.3349,-17.2279,-276.9376,-48.7261,-295.5654,-31.8858,-179.4525,99.7339,-203.5903
-186.8961,90.9186,-181.6346,66.8787,-214.7744,70.4829,-246.1812,50.9833,-267.1384,91.6069,-270.9911,6.6932,-252.2096,-20.0374,-226.6870,-7.0329,-146.2640,109.9010,-177.6477
-147.7996,63.7693,-153.1146,59.0149,-210.9726,59.2156,-229.2510,56.0249,-237.4117,82.6077,-210.7658,31.7766,-225.4512,-13.9115,-197.5453,34.3662,-118.8189,89.2670,-166.2121
-104.4192,41.7673,-125.5193,44.3644,-186.1501,38.2096,-239.9470,35.2738,-212.8900,39.8225,-154.8812,45.2289,-225.6780,-17.2611,-201.4537,56.2564,-103.9376,65.5394,-157.5054
-100.1286,19.9344,-113.2888,20.7783,-181.3618,21.5352,-227.0392,3.9559,-172.9522,-33.6532,-109.0799,38.9216,-209.3736,3.8100,-129.7031,38.1646,-98.3207,59.7136,-148.7169
-77.2953,24.7790,-86.6418,22.5524,-168.0234,23.6307,-175.6085,-0.3028,-118.2809,-30.4610,-74.4976,34.6129,-167.6219,27.2377,-38.6160,26.9121,-77.9259,31.5561,-144.1474
5.1683,65.7121,-42.7792,38.2489,-109.0697,26.0252,-120.4311,16.6765,-89.7760,34.9043,-32.5803,44.1352,-125.1264,30.5596,-43.0761,41.0275,-36.8472,1.9956,-122.1519
65.5727,96.6453,-4.8592,53.6564,-36.7486,25.6880,-72.4627,17.1817,-84.4521,17.5784,18.6349,56.3171,-63.9178,35.5075,-70.8544,31.1681,11.7071,30.2328,-70.0912
68.1723,109.2886,39.8634,80.8450,11.8249,45.0615,-24.7484,-3.1779,-51.0488,-66.8805,47.2534,63.8385,3.9066,48.8450,-24.1324,-20.8703,68.4020,79.4981,-10.4612
79.0143,130.2845,98.6436,97.2859,47.6338,83.5527,24.1943,-26.7407,20.1547,-106.6443,42.7677,58.3526,22.9257,51.2194,36.6969,-64.9855,132.0965,90.0666,43.3024
112.4987,124.9272,131.3057,80.0037,73.8473,103.1575,80.1099,-45.7229,106.8622,-122.5826,42.2466,43.2733,20.0395,46.4586,60.3256,-57.9897,174.2987,71.6357,93.5679
129.9170,73.7856,125.5623,55.0349,80.3058,70.3161,128.4754,-47.2741,213.3124,-116.2213,77.8983,49.3830,58.1518,55.6676,100.9134,-21.6229,181.8640,25.8807,119.0114
134.5973,51.0378,125.6586,38.0201,83.4618,10.0161,136.5049,-30.4053,315.6474,-2.4369,145.9801,76.5044,102.2176,77.5635,164.4452,-11.0364,192.6707,-54.7498,99.9593
146.8769,84.0329,150.4205,23.8494,93.8100,-18.7930,112.4023,-26.9264,338.9377,140.2743,221.5952,85.5479,103.5230,83.6725,182.8562,-26.9428,229.8685,-118.6593,65.0245
171.9903,93.0441,172.2130,19.9616,96.6263,-17.9191,90.4451,-41.6573,284.3295,158.5401,259.0204,80.5132,94.4037,57.4656,156.9708,-11.7809,250.5089,-131.4774,56.7683
205.6573,43.4484,170.1290,12.0323,86.2903,-33.0460,77.5013,-30.2643,257.8033,128.5646,227.5008,82.9937,93.6036,32.1524,158.0853,37.2099,230.8329,-128.8231,83.4110
220.3876,-6.6008,146.4104,-10.2520,65.4490,-45.5194,86.0768,15.5439,296.5174,185.6779,175.8325,58.1037,78.3232,42.6198,191.1443,56.2793,221.7598,-121.5918,129.8233
207.0193,-14.2549,122.7419,-4.4081,47.0524,-12.3251,135.9223,48.7013,314.5615,249.4055,170.9114,-8.2079,67.5085,54.1692,186.8588,38.1947,249.1194,-82.2802,179.6137
206.8687,4.1361,125.8330,29.2994,63.5736,27.5161,185.5952,48.2837,278.1496,210.8526,189.6984,-57.2754,87.9985,24.1582,143.5648,26.1806,270.5808,-28.0162,217.6076
229.5887,11.8119,151.2158,24.6420,106.5181,21.1781,185.8555,30.4920,263.1832,131.0355,185.8679,-61.2137,111.8176,-13.9058,144.2870,6.5846,271.5570,-3.5606,230.2262
236.5404,2.2637,175.0035,-3.8221,126.4026,-2.4879,177.8266,4.5996,298.6870,88.0218,182.2968,-40.9478,117.9454,-19.6119,197.2822,-46.1709,277.7444,-9.7587,216.2787
233.8704,11.0035,194.7934,13.0270,138.9657,-0.2332,208.6765,-12.2828,323.8590,65.8898,193.4535,3.0467,125.2612,-10.9650,215.8978,-87.2527,279.1703,-5.9069,197.3977
249.0759,41.6443,215.3640,45.8639,190.8504,18.3676,234.4901,0.6529,311.0794,49.1984,190.2668,46.8264,133.7278,1.0570,183.6032,-76.7192,253.0263,30.3170,195.1539
256.2298,38.9433,229.7721,39.6269,241.9504,29.7368,221.0100,17.4070,289.7245,47.2068,188.6951,36.1236,127.3836,31.5487,169.1885,-39.4230,211.0594,61.0411,199.3392
229.8049,-4.7835,237.9188,24.4214,244.3438,27.2403,216.5232,-1.7198,272.2818,26.4908,212.5602,-2.8200,121.5944,63.4545,189.5852,-5.2683,165.4601,45.8587,188.3225
191.0175,-20.7094,239.2580,29.2888,235.0134,23.4281,240.9156,-43.4531,249.6421,-54.8951,216.3017,3.9063,134.4644,75.7198,204.3158,5.4487,133.9929,25.8188,160.0321
168.5905,22.8017,227.4302,46.7844,234.1874,46.0223,237.4093,-79.1908,211.7604,-159.0915,183.9854,45.7089,145.4178,89.8495,195.2817,-33.1458,157.4031,51.9194,118.4728
173.3895,84.9284,219.6714,87.9838,210.8799,94.0291,185.0529,-101.4679,150.6098,-205.1521,158.8882,66.2007,130.1993,116.8477,170.6210,-87.7748,214.4995,83.6277,82.4015
177.1717,122.0846,227.2070,135.3862,183.9999,124.8372,143.9998,-81.7593,94.8102,-175.0051,118.3138,55.4736,108.3413,131.9316,148.7928,-69.6175,217.0751,82.1235,103.1353
134.4024,122.8426,217.7047,140.9713,194.2585,121.4942,154.8627,-6.6425,77.1073,-116.0860,34.6345,26.1368,116.9216,126.5807,132.1844,21.0441,157.1532,91.1461,180.0241
84.1561,106.4262,184.0493,124.0437,214.1684,116.7960,169.3163,44.4372,41.0772,-88.7795,2.7747,-8.7248,146.3180,107.1333,78.9400,65.2607,121.2580,123.9109,215.3456
114.9291,96.9857,166.5136,126.4762,200.8520,128.4811,124.9926,2.2642,-75.4042,-141.2289,81.7234,-36.1161,148.3535,63.8925,-17.6614,3.1041,137.7497,130.1146,168.3748
190.4271,84.3620,162.2485,121.8803,163.9082,127.4428,46.8318,-59.8025,-193.0989,-243.4069,166.6101,-71.3637,113.0192,4.9488,-82.7876,-81.1427,146.3539,114.1659,131.8014
195.1858,52.9053,137.8735,89.7885,135.5631,91.2042,6.9231,-48.6956,-214.1376,-285.1496,177.7991,-119.4286,79.2939,-30.2656,-90.9779,-106.8941,109.7982,118.8267,154.2135
131.4883,20.1222,114.9373,58.7110,129.5776,49.7798,13.6834,-10.2403,-190.7079,-246.0898,158.4162,-137.6627,66.8590,-30.8039,-101.2699,-100.4494,56.5525,124.8763,162.3260
80.1148,-5.6072,114.6320,30.7694,126.4769,37.8609,27.4118,-19.5848,-191.3775,-225.7999,138.1548,-118.8437,63.5936,-27.8539,-117.1812,-99.1829,25.2751,96.3728,124.0067
59.2312,-35.2588,95.5813,-7.1988,105.7399,27.3787,43.3003,-41.2065,-168.7933,-235.3774,121.7299,-111.8204,69.9635,-34.1289,-97.0297,-88.5326,13.7255,45.4788,96.9929
55.4167,-56.7811,44.9644,-36.4060,93.3436,-20.3945,62.7879,-24.3479,-102.3660,-195.6905,143.6615,-117.9214,88.8938,-29.4407,-61.6913,-71.7910,-6.4047,-9.9677,97.9569
68.0931,-62.7423,15.7601,-48.4616,105.8249,-70.0335,52.0667,-4.0128,-67.0902,-131.7150,180.9663,-98.9184,98.3385,-5.4290,-38.5122,-71.4538,-29.3038,-63.6727,88.6087
80.9684,-71.6707,25.4290,-53.6082,94.4381,-73.8889,9.3920,-14.6008,-83.7326,-112.6520,162.7906,-69.8455,83.1902,21.9927,-20.9469,-63.9932,-22.0982,-90.6514,63.7817
84.3678,-80.7742,29.9583,-49.2203,39.6256,-54.8816,-20.9132,-22.3746,-93.2166,-114.2287,109.8773,-70.9029,55.1428,32.5438,-35.3038,-29.6679,3.4729,-66.1047,51.9418
80.8095,-83.4951,-3.8070,-47.1007,-4.4176,-45.1498,-26.2847,3.8820,-72.7214,-110.6378,84.0130,-103.9332,25.7933,11.9615,-80.8649,-5.7785,4.6061,-4.4661,79.1620
42.1559,-101.7521,-65.6900,-65.4262,-18.4339,-41.4652,-15.1023,44.7134,-31.3182,-108.1528,58.8490,-144.1208,2.7311,-29.7199,-77.4846,-5.5100,-27.5039,40.5681,144.2808
-37.4612,-121.2255,-116.1955,-79.9286,-31.1063,-50.5927,22.4205,68.6478,40.2889,-74.6503,1.0665,-155.7330,-5.4087,-51.6932,-15.7820,4.3398,-74.2287,27.8513,189.3294
-87.8470,-95.6396,-125.4945,-65.0380,-37.5894,-66.5463,62.2957,65.4685,129.5794,-22.3417,-39.7037,-122.8803,-7.7418,-35.6022,16.3197,14.9995,-104.9529,-7.2997,159.8085
-73.3289,-44.0415,-106.9347,-38.3689,-30.4430,-50.3067,61.6856,47.8621,192.4747,-11.8939,-30.6375,-83.4682,-14.0736,-18.0070,14.7322,0.5527,-84.5480,-0.6956,98.4790
-59.7542,-15.3955,-83.6238,-15.1189,-23.6227,-13.1054,49.1600,39.9484,202.6815,-4.7509,-15.2270,-63.4804,-2.0374,-22.4927,45.1146,-2.9269,-35.3666,26.9307,77.4870
-83.8447,1.1085,-52.9843,6.5520,6.0311,-5.0688,66.1499,50.0369,150.5793,43.1278,-21.7562,-29.6022,40.3107,-18.4436,87.2839,34.5954,-24.1399,15.7142,83.3870
-88.7754,26.7415,-20.2481,19.2851,67.4077,-9.5886,73.1383,63.0691,39.7958,51.5969,-20.9871,20.5595,74.9291,6.0150,90.4301,73.5573,-40.7872,-12.1044,75.8778
-57.2902,41.6237,-7.4847,22.0256,92.1675,9.3171,45.6496,70.8968,-70.2027,7.7895,2.9550,30.0739,76.4278,11.7991,77.4224,85.5619,-19.6544,-13.2708,70.4336
-62.8443,25.8478,-14.3457,16.3039,48.4633,17.9396,38.2261,79.5012,-97.1339,8.9292,15.6643,-8.8703,67.1787,-14.5371,73.3414,89.1179,23.5902,-19.9677,75.2064
-110.8624,-17.1302,-28.6557,-11.4571,-2.3607,-14.3641,63.3241,79.7603,-43.6166,20.9412,-4.9124,-34.8535,53.5684,-36.5776,58.1581,83.8276,27.5251,-57.8401,55.0975
-89.4228,-58.5886,-44.9138,-51.6757,-27.7006,-58.2454,70.2091,53.2897,0.1784,-39.5533,-23.7826,-17.1070,20.7165,-38.1745,29.9290,55.1679,-10.2227,-85.3449,5.2542
13.5049,-63.0847,-43.9361,-71.4121,-53.2844,-81.5128,61.2165,15.9349,-21.3139,-75.6654,-15.9481,8.6411,-7.1747,-42.9675,10.2393,29.8329,-71.6107,-78.3580,-35.0538
37.4045,-47.8911,-24.6988,-69.3281,-73.0646,-69.9268,68.7882,10.4105,-66.0874,-5.7157,-17.4620,2.7761,-1.4593,-57.1375,-0.8585,42.4007,-142.7907,-54.8107,-47.2250
-77.4807,-47.3018,-29.5527,-55.5100,-61.7305,-27.2456,67.4793,36.6190,-78.7938,47.3898,-52.7174,-15.2701,9.7968,-50.1098,-23.1614,65.7248,-171.3324,-14.9937,-50.8432
-179.7811,-27.3286,-65.7216,-18.1763,-39.1355,11.2511,30.1149,37.6873,-78.3417,-13.7166,-97.0206,6.3997,-5.3124,-4.9703,-72.4476,39.9648,-128.5522,45.2318,-67.9538
-181.0218,26.7564,-86.5974,27.0647,-44.1354,28.2057,-15.7905,-6.6154,-109.2338,-107.1860,-151.6370,57.1227,-37.2159,45.3176,-137.8000,-21.8206,-77.1136,94.9301,-95.4240
-171.2521,36.1459,-91.7703,33.2645,-84.7561,35.8397,-48.0757,-31.4006,-156.7045,-121.7534,-240.6364,73.9256,-80.4402,56.5759,-176.6283,-31.2502,-83.7077,95.6311,-109.1000
-204.0503,-16.5820,-127.6031,-5.0951,-136.9157,15.1920,-74.1449,7.3308,-176.0706,-40.2002,-326.3995,55.3290,-133.8515,27.2264,-160.2911,25.3533,-136.9768,46.9220,-101.4112
-237.3369,-37.3599,-185.3597,-42.5575,-175.8979,-34.7227,-97.5624,53.5883,-165.6172,57.3035,-354.3289,45.3288,-171.1178,-16.0014,-113.4875,45.0015,-190.1062,-2.1766,-104.4026
-266.2784,-0.7609,-216.7430,-35.8977,-204.9326,-44.6749,-128.9609,54.8701,-152.9901,84.1575,-348.0762,41.7729,-191.9815,-49.7549,-85.7920,-10.1608,-214.1082,-2.1928,-147.1559
-293.3649,34.6744,-220.5267,12.9410,-232.7836,0.4506,-184.2092,43.2303,-150.8881,72.6056,-353.1643,42.5586,-230.1699,-47.4462,-104.2303,-48.9853,-210.4348,27.6371,-212.6448
-271.3750,63.3536,-219.8280,50.0853,-245.1880,28.0461,-243.5310,39.0819,-165.5690,87.2592,-351.8513,77.5633,-268.1503,-1.9641,-160.1619,-37.6452,-199.9150,36.6874,-264.4062
-207.8994,97.1543,-206.9097,41.5930,-237.5819,26.6356,-267.0291,9.2521,-199.7967,73.8349,-310.0599,119.6605,-258.2989,43.4411,-219.2683,-44.9890,-192.2136,32.1707,-284.5298
-180.4603,100.1769,-175.9268,26.8946,-232.5921,32.9590,-245.4732,-26.7172,-226.7070,1.7737,-249.8933,111.1835,-222.5913,54.0881,-241.3486,-69.0772,-192.9745,40.0759,-275.1663
-209.4042,62.0922,-157.2186,30.5019,-245.6342,21.3801,-204.7850,-8.6084,-208.3529,-18.8526,-229.8056,67.7278,-212.2090,50.4640,-212.0577,-40.9057,-215.7251,38.3516,-251.7497
-242.8199,14.4031,-173.1189,15.4237,-275.7423,-15.6978,-180.7940,36.3168,-145.3888,50.3659,-267.1322,24.9545,-221.0022,44.6126,-163.4491,13.4939,-236.9710,17.8573,-234.2288
-245.9379,-18.7768,-197.4802,-13.6261,-305.4383,-25.2431,-190.3018,38.6753,-74.1069,104.2270,-306.8618,-8.6596,-227.5536,21.9013,-134.9434,14.6004,-216.7747,7.4107,-233.2288
-229.8689,-9.1264,-200.1626,-9.1273,-295.7002,-13.8119,-210.3831,14.1238,-21.2505,112.1067,-297.0343,8.9965,-236.9985,6.2080,-109.1250,-21.4623,-181.6519,-1.8949,-243.2118
-220.7642,44.5209,-192.5465,11.2681,-241.9229,-17.4474,-207.4846,9.8072,11.1009,132.4135,-257.6151,85.8387,-241.7767,31.6502,-50.7430,-25.7714,-170.6266,-30.0316,-242.1099
-220.5617,77.8425,-184.6294,13.1984,-194.2968,-3.6265,-182.9542,21.8186,29.2711,147.8022,-220.0590,123.1052,-224.5333,72.0190,2.9405,-0.7211,-148.7003,-38.4897,-205.9261
-199.3031,62.2409,-160.2288,26.3705,-166.2851,29.9070,-154.6487,44.5234,42.0645,108.5570,-174.8799,81.0334,-187.4175,85.7044,6.6165,3.3706,-95.9608,-8.5634,-141.4265
-143.0834,50.1169,-130.9347,55.7521,-132.5483,24.1375,-124.7877,75.7377,53.1500,40.8878,-132.5057,48.4917,-136.4837,72.1853,7.5501,-10.5181,-61.9205,6.4694,-84.4946
-76.7256,56.2866,-123.2765,52.5758,-119.2669,3.3751,-102.0149,74.0399,48.6664,-4.5437,-118.4963,54.3759,-85.5262,53.6762,39.0338,7.5845,-45.9578,-11.8670,-48.3976
-26.8387,48.0954,-104.0521,27.1699,-134.3470,32.5070,-105.0316,31.0877,25.6545,-12.2674,-93.6890,52.5853,-62.9096,58.7278,40.5268,49.0648,6.5694,-17.8455,-15.2979
5.7981,47.7903,-29.9953,34.7320,-91.4062,69.6279,-118.2271,5.7148,21.3934,6.2633,-19.2409,72.6308,-62.3418,89.5995,13.0995,42.5828,74.2502,-1.6081,16.3756
57.6246,83.9004,59.3156,64.6942,32.2260,58.8272,-94.6254,11.9105,60.4868,22.7943,50.0437,134.3391,-38.5658,96.4251,51.0761,-5.9523,98.0210,6.5654,36.4847
159.7859,104.4467,110.4631,66.0796,124.9952,35.7646,-22.1946,7.6096,104.7888,17.2899,70.7228,152.1183,25.9014,64.5870,146.5604,-3.9553,93.1532,2.9181,57.3167
250.2795,68.9367,144.1900,34.2416,143.0350,26.2481,53.0224,-4.4933,120.8256,-10.1812,97.8590,119.0035,114.2294,59.6089,205.2366,45.8180,103.1612,-2.0604,88.0009
250.9573,36.4633,188.7005,10.4577,173.5504,14.0369,91.5041,-7.7836,134.5101,-55.1909,165.8209,149.8880,207.8534,97.2366,231.4000,39.7165,136.6488,-5.6289,114.5317
225.5062,63.3521,222.4459,22.7384,248.9490,15.7456,114.6318,-23.3631,160.7409,-89.8964,219.3799,232.2419,271.4498,109.7433,266.1175,-17.6791,189.1203,-5.4562,136.8699
260.1089,92.8627,224.7424,35.8590,297.3637,30.9724,160.2968,-32.5480,177.8032,-69.3532,222.4725,221.6883,271.8097,87.6223,273.6725,-18.5430,236.9507,-22.7242,170.5067
286.4150,40.6584,207.1195,-5.9876,274.8659,3.9770,212.7272,10.4850,198.4669,-3.7061,210.9792,118.5437,238.5048,77.0082,261.0673,41.7090,240.2821,-79.9583,210.3969
241.0588,-55.1498,194.5253,-73.4223,221.8579,-61.1812,233.7833,71.5112,245.9266,53.0776,219.7798,66.2878,237.5604,66.3282,305.6044,77.1584,206.8203,-130.8034,253.3442
195.0482,-85.0190,201.1505,-87.7381,214.7819,-85.3302,244.9066,100.0421,281.2860,93.8759,245.0973,95.1248,290.0740,36.7849,383.2537,78.5282,184.1822,-115.6671,315.3582
180.6057,-51.4363,209.7391,-59.9014,276.1498,-58.4237,295.4635,123.3809,266.1944,136.6325,273.7419,108.1598,352.8603,20.5137,388.2804,94.3035,187.7729,-72.9871,375.7933
165.8633,-51.1639,196.7635,-58.6139,321.5078,-48.8949,361.0559,154.4811,228.6924,147.8550,301.3237,75.9793,365.5529,14.9447,317.2064,121.5633,207.9377,-66.4756,385.5966
183.1213,-91.2590,178.9639,-80.1532,282.7797,-66.6788,371.5217,155.8688,197.6854,98.7673,318.0657,57.3403,326.3082,-13.0819,256.7520,125.7868,237.5396,-61.1716,354.3782
217.8802,-94.5361,184.1107,-77.2646,239.9731,-56.7836,329.1829,142.1323,172.2181,41.2509,302.1104,79.7236,303.9496,-35.5900,249.2046,103.6209,248.7185,-9.7514,329.5283
180.1213,-55.7176,200.7470,-52.5958,275.6307,-19.7650,294.4689,143.8426,160.5871,25.8898,259.4071,122.7412,325.3336,-21.5303,273.2698,84.0619,218.4512,32.2332,304.2704
131.2707,-38.8019,206.5652,-42.9256,307.9872,-16.2488,267.9804,117.5975,148.7870,12.1791,238.1123,159.6803,325.3159,-8.3002,284.2943,94.4383,179.0022,10.4476,243.1686
191.2088,-62.8668,201.3281,-59.9458,252.5318,-50.9597,206.0299,43.0249,100.1104,-42.7425,247.6470,161.1440,276.3731,-10.5469,244.3490,120.4613,170.6909,-20.2635,158.2602
259.3374,-84.7739,193.7594,-70.7558,190.2221,-61.3418,140.3140,-14.8906,49.5344,-87.6372,230.6656,129.2702,235.1582,14.1267,169.7220,123.3609,175.0692,-4.4217,89.0028
205.4572,-62.6812,192.8543,-40.8967,201.6877,-30.6617,144.8913,-25.9944,63.0209,-71.7005,176.1285,114.2224,214.5783,58.1235,120.3333,109.6608,155.4422,20.0337,57.5028
122.7928,-15.8946,192.2558,-2.1060,221.6449,-8.5832,195.5115,-20.6621,97.4306,-37.6683,146.5402,121.7484,179.5941,61.0869,108.5079,115.4977,120.3155,21.1603,67.0351
106.3557,-11.3415,173.0355,-7.3167,193.9703,-16.2520,201.4712,0.6955,62.7374,-33.4439,150.7198,92.8967,156.1447,21.7615,82.6247,130.4873,96.8693,28.8262,92.5817
102.6322,-56.9533,149.3706,-30.8726,174.7661,-29.0769,157.6777,35.5197,-23.6707,-48.4112,138.7023,38.7201,174.5044,-1.7448,31.6636,126.3974,83.6905,36.1005,94.3555
89.8663,-83.0684,139.9250,-31.5352,186.5976,-38.1190,134.6534,36.0130,-85.6831,-70.2819,117.9022,35.7438,187.0810,8.9581,19.5363,116.9146,62.4284,-0.6904,69.1811
82.4880,-72.4084,104.9908,-42.0104,159.6567,-46.8639,148.3874,4.4341,-105.0786,-82.0564,113.3729,60.0155,168.7892,16.5675,60.2735,114.9694,21.5877,-43.8851,42.8923
32.7399,-74.7360,26.3540,-73.2945,84.5511,-45.3007,156.0700,9.2754,-99.7544,-50.5735,85.9342,28.9507,166.0417,-0.2323,66.0645,108.6005,-40.6520,-25.5967,22.9389
-49.3123,-85.5948,-24.4998,-71.9974,50.0217,-39.0737,143.0159,53.6195,-86.9729,-3.4251,37.1124,-26.5303,185.6657,-23.9247,3.0001,105.8796,-105.3047,4.4191,-1.9204
-73.1107,-65.5485,-13.7700,-45.2097,76.2875,-47.6378,123.4291,60.0534,-92.8026,4.3728,59.1725,-39.7773,179.6535,-45.7279,-37.6346,110.9363,-133.4923,-39.1348,-48.9662
-33.0285,-32.2411,-8.3666,-46.9240,66.7378,-60.0238,93.2960,1.4812,-110.7577,-6.1735,162.4750,-54.7083,133.2031,-78.9977,-10.9233,90.9164,-114.4079,-106.9273,-127.7265
6.5528,-14.0555,-42.5364,-56.4448,-28.0487,-55.1765,38.2199,-66.3784,-94.9939,-12.8158,222.3375,-117.1202,57.6824,-119.1810,10.6354,45.4836,-85.2998,-105.6413,-201.7286
24.4273,-3.7149,-82.4816,-38.3322,-129.2851,-43.0776,-37.8029,-98.8051,-53.0458,-39.6340,177.8800,-165.3379,-37.3658,-137.7806,-5.2911,19.9198,-71.1611,-72.0528,-221.6770
15.7718,-2.7139,-116.5740,-22.8258,-161.9804,-34.6356,-116.0867,-105.8666,-51.3858,-45.9169,111.2029,-149.2805,-114.4869,-119.0533,-16.7115,13.3525,-58.5140,-93.2544,-216.9212
-16.2178,-13.0138,-149.2852,-22.4487,-166.8153,-20.9604,-184.9614,-109.8377,-94.4900,0.0590,88.5021,-114.5344,-147.7325,-77.3647,-29.1799,-7.1593,-46.9391,-146.2979,-245.9436
-29.4021,-16.4128,-175.4745,-12.0819,-216.7989,-10.7540,-241.5595,-113.7331,-116.0584,-2.3189,78.7440,-117.4421,-177.8632,-48.7102,-70.8225,-24.0949,-55.2722,-148.9624,-281.0434
-24.7061,-20.3829,-203.9257,-5.8963,-291.3078,-24.2886,-275.6816,-109.9005,-109.6968,-75.7727,44.4904,-160.1434,-235.3423,-61.4021,-117.4283,-18.4892,-81.5804,-94.8109,-274.8733
-71.7047,-43.2450,-224.1492,-23.8071,-312.1730,-47.9137,-280.9721,-90.9506,-138.4928,-70.5899,-6.5427,-204.6583,-276.3495,-98.2112,-162.0601,-25.2699,-116.4777,-48.5187,-255.9447
-177.9035,-62.6077,-211.4460,-45.3759,-269.8366,-58.9030,-280.2825,-63.6143,-203.5193,27.3617,-63.6026,-208.3824,-272.3401,-117.4920,-230.2863,-57.1343,-161.2010,-50.3750,-248.9172
-250.1549,-59.2834,-204.4979,-62.6666,-234.0620,-68.2664,-296.1445,-58.2475,-235.4942,54.1721,-126.6656,-170.6774,-269.9269,-110.1713,-295.6158,-81.6005,-196.7927,-76.6433,-234.0942
-221.2859,-49.4460,-246.0483,-80.0608,-251.2325,-83.6350,-308.1724,-89.3150,-218.3290,-12.6868,-177.0288,-134.6116,-299.6599,-94.0001,-321.6345,-98.2629,-198.8389,-86.8158,-229.9221
-151.9014,-45.6303,-281.0372,-83.0830,-297.0744,-88.8011,-293.0137,-118.1708,-193.6703,-50.0512,-190.4931,-134.2037,-315.3170,-87.2061,-330.8200,-125.0273,-196.8644,-82.3920,-260.3825
-171.9604,-62.5474,-258.6099,-86.0759,-323.9677,-95.0686,-268.0701,-106.4857,-156.5396,-9.4272,-182.6472,-172.7025,-275.3160,-108.8480,-329.0060,-140.2708,-242.5256,-92.6989,-274.5114
-296.4302,-111.3738,-229.4362,-117.1556,-314.8893,-124.9952,-246.3099,-71.9777,-72.7418,82.6667,-189.6067,-224.5965,-216.4756,-141.2284,-284.6506,-128.0529,-322.7473,-119.2923,-240.0276
-380.9925,-144.0741,-241.6698,-138.7245,-296.6387,-144.1025,-217.4561,-42.6047,19.7886,167.8243,-203.3458,-235.8617,-196.9536,-127.3231,-222.8470,-109.0606,-369.8737,-137.3695,-210.4511
-343.7512,-115.0740,-275.5934,-109.4827,-295.4501,-117.2515,-198.7123,-15.4461,40.9009,176.3736,-190.4302,-186.3575,-205.0780,-75.1942,-196.9603,-82.9458,-348.6097,-133.4321,-205.1258
-278.2711,-75.1174,-299.8318,-73.8563,-285.5725,-89.7317,-216.8255,9.5375,-19.3206,137.4822,-167.9384,-139.7191,-186.0913,-60.2547,-190.6499,-29.3489,-294.3844,-106.7299,-179.3651
-262.4857,-73.3449,-291.7495,-76.5502,-240.2907,-101.0089,-249.0284,20.1372,-90.5683,116.2770,-171.2388,-147.7530,-143.6039,-82.1292,-165.8294,30.6488,-263.7811,-66.1468,-142.3616
-264.3362,-67.7355,-253.5034,-88.1488,-202.6245,-109.1691,-259.2181,13.7759,-107.0958,73.5805,-170.9667,-165.6624,-134.1667,-76.4920,-139.2259,55.0103,-268.9855,-39.8961,-142.2283
-273.4380,-41.1070,-228.8591,-83.7481,-213.1162,-89.0426,-253.5156,-6.4889,-72.9685,7.8389,-136.8930,-147.8558,-162.7488,-52.4194,-135.9162,43.6610,-283.6537,-44.7264,-165.0387
-308.7878,-50.0982,-238.9276,-82.1787,-234.7458,-75.8485,-248.3202,-19.3490,-39.7489,12.4943,-126.6320,-131.8966,-177.1496,-52.3302,-141.3716,29.9501,-293.8074,-53.7822,-172.8424
-331.9695,-99.0523,-255.9164,-89.5119,-238.8066,-73.5110,-238.5930,10.5654,-26.8610,64.0444,-182.1877,-152.5769,-166.7274,-60.0139,-139.2259,33.1624,-305.5971,-36.7536,-173.7449
-311.7250,-126.1484,-263.2748,-92.1173,-253.2435,-58.4206,-220.7157,62.9404,-14.5340,88.5446,-233.9389,-175.6945,-169.3666,-65.6617,-143.5141,44.2432,-317.7333,-6.2064,-183.4567
-273.2277,-115.3946,-256.8994,-86.7331,-268.8466,-48.1292,-199.5259,74.7206,-16.5807,139.3278,-227.1519,-169.3608,-189.6995,-88.4727,-165.0335,48.1283,-316.6023,6.5769,-194.2454
-228.2568,-95.8465,-229.1064,-74.3517,-241.3117,-55.7224,-178.3824,48.8540,-62.5028,193.9903,-211.8278,-149.4451,-200.4265,-103.7095,-176.3095,43.5738,-290.2881,-8.3895,-203.3563
-180.6518,-76.2305,-204.2676,-57.5404,-190.6951,-56.3792,-161.2130,34.1223,-114.7101,119.7174,-216.2654,-130.2077,-195.2950,-89.0067,-151.6315,29.9312,-246.3667,-35.8652,-209.7336
-163.9816,-60.9316,-198.9162,-49.4845,-165.2538,-52.5515,-142.6903,28.4173,-125.5116,-6.5004,-194.2353,-107.7933,-177.8823,-86.4897,-120.2593,0.1476,-218.5078,-51.3611,-201.1841
-179.1410,-65.7242,-181.5764,-59.9236,-163.7417,-68.2253,-111.4826,14.9016,-131.9210,-17.9252,-149.7818,-87.8152,-153.2052,-112.8100,-120.2026,-31.1167,-218.7397,-47.4363,-180.4741
-175.6527,-76.4447,-161.3520,-80.2537,-175.2093,-87.8203,-82.5154,3.5989,-174.3885,8.9875,-143.2318,-67.0053,-150.9715,-120.8076,-135.9204,-38.1349,-201.0992,-43.6115,-171.4676
-133.7760,-52.3461,-178.9371,-85.6493,-197.4164,-84.9677,-91.0153,-22.9917,-216.9983,-30.0187,-167.4995,-25.5249,-185.6853,-96.2007,-149.4029,-39.3787,-139.0218,-52.4456,-190.9377
-86.4911,11.0280,-189.2698,-48.6752,-201.6940,-58.8711,-140.2749,-79.9885,-235.5791,-61.1308,-169.9805,18.7272,-219.9495,-71.6234,-181.3835,-75.4318,-86.8153,-57.2509,-229.9852
-68.7702,64.7971,-145.5063,23.0133,-176.8243,-18.2645,-185.8120,-116.5623,-253.7751,-60.7810,-160.0654,21.0884,-230.3307,-61.3398,-220.9785,-128.5122,-95.6075,-46.2037,-255.1398
-90.0567,65.2336,-111.4199,68.2074,-159.9998,7.4294,-185.5618,-98.3342,-257.6474,-57.8987,-176.8805,-4.5800,-235.8982,-63.7176,-215.1469,-137.8729,-143.7416,-39.2783,-239.0613
-130.6956,25.7599,-125.7713,40.1188,-164.6258,-13.1798,-149.1034,-67.2686,-212.8048,6.6624,-209.3443,-8.9518,-231.1241,-71.5043,-164.4409,-89.1908,-190.7537,-55.9453,-202.9628
-160.3803,-4.6810,-136.8946,-18.1628,-164.7245,-46.5126,-118.0650,-62.1706,-152.9979,75.8550,-227.3466,3.9495,-199.8498,-57.4371,-126.0496,-29.9163,-219.1688,-76.9121,-196.7534
-165.0910,-3.1055,-140.1711,-27.0523,-158.9280,-34.9681,-111.2872,-82.4278,-137.7395,-9.4385,-229.7524,13.5528,-174.8195,-12.4846,-118.9778,-0.3729,-218.5232,-66.9407,-224.8714
-142.7784,5.2715,-160.1335,10.4922,-160.4795,5.8978,-127.4551,-109.5737,-168.1416,-153.8931,-217.4668,34.2008,-173.9436,28.2248,-113.1343,13.5582,-195.7601,-36.9519,-240.0323
-104.1969,-11.7658,-149.8847,16.5010,-159.4987,20.7272,-174.5356,-105.2808,-209.8192,-147.7779,-177.3688,53.3326,-162.5625,39.4859,-99.0600,42.3356,-178.7985,-43.8627,-217.5760
-73.0066,-41.3674,-94.0350,-32.7456,-148.4783,-3.6092,-227.4454,-66.6398,-227.7658,-51.1145,-119.6996,41.3898,-146.6653,34.8963,-100.3093,71.5263,-176.5671,-98.0853,-179.7443
-47.6109,-40.2436,-58.0611,-70.0441,-132.8633,-39.2661,-216.3915,-56.0317,-182.7635,-14.9833,-84.4809,36.9698,-162.7457,27.0493,-114.9928,68.2408,-172.1625,-127.5542,-149.3107
-13.9113,-6.9460,-49.9397,-50.5563,-111.7168,-49.0343,-142.0046,-89.7107,-77.5109,-23.6386,-84.3225,74.5708,-171.6226,13.1281,-97.2259,41.9087,-150.3617,-87.0108,-128.6489
5.7007,9.3696,-24.6528,-14.9059,-85.3325,-24.8041,-95.3228,-108.9992,7.4887,-47.2953,-79.1351,95.4909,-121.4190,-0.4759,-28.0448,12.8456,-107.6510,-27.9343,-112.4404
6.8817,-8.9797,6.3931,-9.6020,-55.7806,-8.6199,-101.5300,-97.5506,7.5618,-90.0245,-38.7381,66.0234,-51.6998,-2.7814,43.4053,-25.1781,-56.4754,-4.5674,-85.7869
40.8728,-23.0248,22.8243,-20.3440,-16.6167,-21.3707,-95.4460,-78.3311,-25.9669,-84.1866,14.1849,46.1780,-8.0141,-0.9615,75.5324,-57.5597,-8.6212,-0.7105,-28.4283
106.2977,-12.2089,43.7250,-12.9711,24.4753,-20.3103,-60.9363,-46.8407,-8.5256,-25.1920,51.8576,55.5466,24.8867,-4.6516,82.3525,-56.4944,49.6783,11.6978,54.6131
138.7536,-1.7182,67.1748,10.6151,45.0101,9.0766,-21.2025,-21.5399,41.5398,-32.9443,73.2834,43.9115,47.9543,-0.7166,77.9671,-47.9611,119.4169,32.4992,132.1393
145.3672,-6.9057,79.9481,18.8121,58.5117,24.5568,53.8186,-30.5948,63.1904,-127.1214,79.0409,9.3665,57.5336,17.4884,78.1462,-59.5254,158.2580,58.8710,188.5694
162.8504,-16.3516,102.7982,-3.4083,113.1632,18.9868,170.0839,-31.6361,80.2429,-187.1016,78.5552,-13.9777,102.8203,21.5239,134.0570,-55.2625,153.9388,78.0599,234.8292
149.3269,-21.8407,149.0904,-25.6396,214.1718,18.5913,253.1320,3.7190,134.2493,-160.9637,101.4021,-32.9671,197.5232,-2.9824,237.0576,-24.6228,164.4189,67.1545,278.1531
118.4939,-17.2312,203.7984,-8.4715,296.9069,22.3082,275.6792,23.3684,181.0742,-108.6328,151.1803,-50.0401,268.7230,-25.0179,284.4067,-25.2286,227.2445,41.4926,309.4615
196.8888,9.7096,250.4939,37.0313,309.3834,34.5690,294.0949,13.1056,182.8944,-83.1992,203.7068,-27.6620,281.3861,-22.9938,254.0744,-72.4997,311.7116,38.6715,322.3634
373.6554,49.9505,266.5685,65.1148,288.1142,69.5353,334.0783,10.0581,190.5543,-85.2319,260.8048,41.1967,290.2734,-4.7761,255.3644,-107.3307,380.6763,51.7182,334.2794
448.1944,64.5794,248.0112,58.9251,297.8760,94.4373,384.4234,5.4147,248.2681,-86.9607,318.6270,96.2743,333.9963,20.1761,337.2124,-85.9628,413.0873,53.6270,371.3653
347.1016,40.5442,239.3426,41.2608,329.3191,81.2641,452.4832,-0.9743,342.3015,-67.8883,329.2532,80.8334,387.2045,24.1065,431.2599,-26.4260,398.4456,52.2600,420.6612
234.0504,28.2355,267.4310,40.2635,343.6793,68.3565,523.8670,26.5754,450.5269,-35.2387,288.3379,28.3174,414.2514,-12.3056,488.1066,11.9338,374.8049,53.9013,434.0551
243.3155,65.1853,303.5155,58.8273,361.0668,73.7115,558.9189,53.9310,525.8885,1.3724,265.3878,25.9179,407.7329,-33.3328,508.4666,1.1982,394.2342,36.3796,408.8437
321.6787,96.5892,325.9952,65.0942,398.5113,53.0032,558.4987,35.3909,515.1517,49.7923,287.2313,71.2839,392.9062,0.9142,496.2164,3.3249,426.0082,5.3543,399.3602
361.8776,64.8437,339.4358,38.4586,414.9152,4.8506,532.8230,19.3377,458.4261,99.6212,313.0406,74.7778,400.8747,17.8924,472.2063,59.9807,404.6454,2.4631,410.2759
350.1988,25.2080,346.3802,20.7466,401.8911,-7.0199,457.8969,24.3537,421.5345,91.1946,324.2147,39.1210,424.8136,-15.1791,450.8523,88.4017,360.6902,34.4748,382.0515
344.9930,48.3575,354.7790,53.2240,399.6706,35.2864,355.4039,-1.9934,364.6445,-20.7898,322.0602,59.3309,432.6624,-5.8709,409.2024,41.0659,368.9084,63.5620,316.5224
358.6505,89.7417,368.1483,93.2186,399.2678,76.4652,305.1297,-27.7006,255.8080,-159.5323,290.5309,131.9382,417.3174,67.7682,350.9490,9.9610,407.4147,69.9202,283.0891
338.6593,88.8816,372.6005,90.9690,377.0339,83.4382,314.9280,3.7101,177.1679,-186.5537,237.0054,173.3514,395.1109,116.5319,313.0798,32.0621,411.1108,70.2256,284.0236
286.0009,84.1015,374.9081,84.8010,369.5439,89.2587,306.8583,21.1459,158.1662,-109.6866,191.1361,178.5256,368.6153,131.6407,280.5863,31.0678,393.1280,80.6689,252.7989
269.3940,112.2132,387.2181,114.1612,383.2197,119.1283,251.9452,-26.7098,114.1797,-65.8351,157.8779,176.2753,321.8558,156.8623,217.4878,6.2681,377.7313,95.6045,183.4588
282.6181,125.6526,372.8552,135.1376,356.2443,137.7477,202.2732,-52.7365,41.2040,-84.3195,137.3142,144.9259,255.6133,152.8264,148.9273,11.2188,317.0688,102.9416,137.6691
242.8496,90.6462,309.6645,115.9818,284.0154,119.7391,192.8743,-14.2017,21.8778,-95.0797,127.3460,90.0650,206.6010,101.2162,100.8621,11.0230,196.4140,108.2003,135.5955
151.4454,51.0363,248.6670,101.2851,228.5291,104.7081,193.5940,18.0566,34.5772,-110.2953,94.4571,57.4067,197.0670,70.6055,48.4357,-18.5285,97.9332,129.4425,133.9631
87.8749,50.8993,222.1233,114.5253,203.8557,117.7639,154.9244,16.0516,-5.7970,-153.8628,39.1157,42.1607,188.6873,74.3505,-9.2612,-22.4551,66.4011,160.9104,97.4644
62.5502,71.4463,198.0411,116.3855,177.6646,120.8670,69.4097,13.2715,-77.8721,-159.6745,22.1555,17.8310,145.7786,65.9438,-43.4629,-7.9507,49.5998,165.7262,37.1339
33.6510,68.5772,158.2413,91.7539,127.9913,94.6644,-15.2020,11.8265,-103.7293,-111.3002,40.1883,3.5491,92.7705,54.6311,-70.3350,-28.8982,15.8934,124.4109,-11.5070
3.6448,39.9136,109.3802,65.0772,40.8866,65.2039,-55.3838,1.9730,-82.6403,-67.1559,13.7410,19.0118,40.6822,60.9141,-115.0052,-44.9481,-13.6967,60.5563,-27.4881
-20.5346,22.5645,39.5210,36.3977,-67.8339,37.2403,-66.3016,1.4603,-61.0988,-16.2041,-62.6115,47.0568,-45.7983,63.0053,-147.8054,-0.7277,-44.7900,2.6255,-23.7626
-65.5441,24.7415,-53.2424,2.2215,-147.2025,2.9972,-83.0933,24.4892,-38.8337,63.8358,-127.7400,58.8109,-151.7847,55.6771,-142.1697,58.3364,-104.0102,-37.9501,-38.8395
-129.9000,18.7168,-139.2912,-4.4522,-186.8503,-14.8955,-111.5786,52.0367,21.5354,114.4818,-175.7369,33.8554,-212.0042,41.1050,-122.5430,71.0756,-186.0159,-47.0308,-106.4395
-179.6933,7.0758,-198.7157,22.7486,-222.4342,-1.4771,-149.8672,39.6606,105.0322,122.5609,-216.6317,-12.4635,-224.8058,4.3765,-115.3276,37.2707,-254.2820,-22.7136,-210.7696
-202.9335,14.5632,-234.9516,36.5840,-260.0317,23.1946,-200.2612,-24.6193,116.9809,135.9671,-221.9226,-34.4424,-239.9144,-26.8721,-133.3499,-9.9017,-266.1233,-1.1607,-289.9802
-203.1199,32.9098,-255.9043,28.8612,-286.1345,38.2261,-249.4392,-81.1162,-0.9630,118.8934,-204.7524,-22.0264,-262.5263,-10.2977,-197.5308,-25.4170,-226.7010,-4.9956,-317.2190
-193.3576,46.1139,-265.2532,42.1125,-304.1263,38.0702,-291.2483,-82.0274,-171.2811,29.8860,-210.7508,-3.6760,-266.8459,25.7772,-292.8085,6.3460,-216.0077,-0.6205,-333.3044
-208.5662,50.7725,-255.2272,60.7707,-303.7986,28.9453,-342.5081,-58.9302,-284.6424,-28.5475,-219.2374,9.6306,-254.7346,36.7225,-355.4625,45.9109,-277.5551,27.8504,-362.2234
-241.1931,25.3339,-225.8918,26.6854,-272.8653,20.7937,-396.5068,-40.6798,-336.3758,40.8497,-198.0734,12.7640,-251.2921,32.2191,-370.9524,65.6987,-340.1747,35.2779,-369.9964
-232.8972,-29.4707,-204.8686,-34.7444,-238.3283,6.0116,-421.2393,-12.5525,-369.8248,141.8684,-191.1701,-7.9300,-272.5617,31.7703,-395.8163,75.3133,-349.2279,13.1468,-344.5080
-206.0139,-59.2110,-207.6691,-47.5312,-222.9599,-18.4266,-414.3831,13.0400,-383.5644,121.9671,-232.0699,-36.1558,-293.0148,37.4526,-437.8389,70.5275,-348.7661,21.7113,-323.2629
-247.8719,-50.1785,-218.5970,-19.7867,-209.6002,-23.9597,-385.2114,10.4457,-376.1913,16.0406,-273.8027,-47.4353,-263.5281,44.2108,-435.8682,52.2935,-369.4737,66.5494,-322.5520
-331.5661,-55.5203,-231.6659,-16.8325,-194.2114,-10.1592,-327.4241,-4.0978,-379.6045,-13.6501,-282.6622,-52.8762,-202.7507,30.0414,-385.3406,48.3246,-390.5431,74.0369,-325.9263
-360.2087,-84.5548,-250.7486,-45.0600,-204.0105,-22.6975,-277.1985,-22.6217,-395.9563,37.3505,-295.6206,-60.2683,-196.7985,-8.5706,-348.5428,54.6021,-398.3763,24.8926,-331.1166
-348.3079,-93.0919,-269.7294,-62.9306,-247.7221,-58.2346,-293.0102,-66.2528,-395.8959,15.7891,-344.9961,-54.7156,-264.7391,-35.4244,-342.0735,46.1709,-366.7527,-22.1186,-348.9180
-353.7690,-70.4436,-299.9031,-57.9617,-301.5198,-65.9677,-339.9318,-120.6649,-384.2426,-69.6528,-407.2684,-37.2868,-330.2150,-43.4915,-342.6981,37.9835,-282.7247,-40.5978,-379.5918
-356.4259,-39.1329,-353.5082,-49.3136,-336.7722,-51.8679,-334.1864,-146.9571,-375.7059,-51.0540,-440.7415,-21.7756,-339.5506,-62.0239,-357.1907,40.0540,-221.7435,-51.1821,-405.3586
-351.9600,-26.1846,-392.6900,-50.3277,-346.9311,-53.8472,-291.2898,-139.1917,-346.1621,42.3138,-429.7368,-19.6166,-310.0225,-84.3313,-379.0226,20.9826,-240.0069,-57.5834,-394.1996
-367.9243,-52.6900,-386.3533,-54.6182,-352.3106,-59.7633,-281.4402,-112.3954,-295.7479,29.6969,-389.6852,-36.3576,-282.0393,-83.8569,-365.4376,-19.9858,-267.3687,-54.1516,-341.6203
-352.0263,-86.2131,-369.2234,-48.7792,-362.0215,-50.1987,-300.1054,-82.7723,-285.0606,-57.0469,-349.7064,-41.8302,-277.8658,-61.8076,-325.1429,-33.0219,-252.4882,-49.8347,-299.5311
-275.4653,-73.8196,-360.6900,-37.9408,-357.9000,-42.0967,-310.2096,-66.9801,-331.4985,-69.7740,-328.9057,-8.0081,-279.9080,-27.8905,-313.3968,3.2716,-241.6673,-48.1721,-305.4001
-237.2449,-44.5390,-329.1267,-39.7492,-340.3964,-44.5410,-317.0863,-64.1239,-370.6856,-53.2682,-315.1337,20.2918,-262.4445,0.9045,-326.6972,41.8867,-236.6881,-48.3310,-320.4720
-265.0123,-50.8773,-280.4046,-47.3538,-327.3074,-47.3219,-330.5892,-67.6753,-376.7533,-99.1511,-278.7479,8.7407,-247.1783,3.7224,-328.5745,22.8829,-194.4481,-55.0321,-301.3295
-247.5869,-62.1793,-253.6190,-38.8016,-301.6259,-43.4484,-347.6042,-79.7451,-390.2766,-125.2680,-223.1451,9.0347,-253.6008,0.3566,-337.8719,-34.2374,-145.9215,-59.8977,-266.3818
-178.8126,-46.9605,-237.1760,-22.3431,-245.0116,-28.5186,-366.9447,-82.0280,-401.9554,-55.8354,-187.8002,32.3496,-243.4736,11.9206,-368.3499,-46.5647,-131.0602,-50.3791,-247.7401
-167.3161,-38.9120,-204.3385,-23.6569,-195.8452,-13.8523,-364.3068,-63.9407,-361.3281,11.8892,-184.3774,14.2099,-211.4322,3.7319,-362.5698,-15.7825,-127.4226,-37.2317,-249.4464
-203.3852,-46.1822,-182.3709,-36.9735,-192.2109,-18.0920,-321.5192,-67.6905,-289.7802,-29.4379,-184.6014,-32.5703,-215.8365,-36.0416,-290.4425,-29.4124,-130.7136,-33.8348,-260.5497
-207.7268,-44.1500,-199.1006,-35.1431,-213.0625,-26.9617,-281.6830,-105.1200,-242.9406,-126.4451,-178.7020,-42.0887,-248.6066,-60.3488,-215.2309,-77.6823,-152.5487,-34.8307,-259.3096
-201.5563,-44.6828,-228.1592,-18.4362,-226.7478,-22.6777,-279.6491,-113.4825,-213.7533,-159.7173,-177.3154,-31.4163,-240.5815,-56.4409,-186.9918,-78.7012,-158.2286,-37.2284,-231.7749
-213.2007,-55.9256,-239.4348,-17.9158,-228.9233,-25.6342,-275.1926,-81.5899,-178.8323,-139.4653,-170.2169,-26.9570,-205.5157,-42.1454,-171.4826,-57.6081,-138.6829,-47.3459,-200.3278
-202.5711,-62.3596,-237.5455,-49.8491,-224.7488,-45.2251,-237.2392,-68.9460,-152.3379,-155.0168,-148.6061,1.6788,-198.9603,-7.2832,-134.4041,-59.5919,-139.6042,-70.7376,-183.1322
-171.8276,-76.4391,-230.4225,-87.9202,-221.8637,-60.0139,-190.5426,-65.4022,-130.3898,-157.7708,-128.0756,39.4704,-195.6330,31.9512,-97.6005,-28.5721,-153.5703,-108.7351,-149.4962
-150.7036,-96.0122,-210.7393,-93.7223,-213.7781,-65.4999,-144.4927,-22.3366,-86.8796,-69.9232,-113.6801,47.3372,-162.5391,34.9825,-77.2924,22.5160,-128.0354,-135.6543,-85.2613
-106.8538,-77.7928,-174.0816,-61.3449,-176.7765,-57.6503,-100.3948,12.2897,-42.8145,-34.6430,-97.3488,54.8351,-137.5973,23.3460,-55.4956,-14.6483,-69.3530,-109.8475,-47.2271
-30.7120,-29.5653,-129.7714,-14.9664,-127.5247,-20.1831,-100.1724,-22.9990,-36.8428,-160.8786,-82.2205,72.0570,-134.6015,25.1304,-28.6995,-96.3063,-14.7938,-50.1874,-72.6541
12.3534,1.2023,-92.4875,17.6044,-115.3335,12.8751,-150.9310,-76.5567,-44.1667,-230.5307,-66.4828,52.9290,-112.5135,6.8803,-10.3753,-88.6392,31.1100,-27.8177,-102.0600
7.1132,18.0251,-72.3837,16.5168,-120.0580,-5.7251,-174.4449,-77.3971,-14.3770,-97.1913,-47.0841,16.3493,-74.8228,-31.5396,5.3355,-37.2833,65.1671,-49.8424,-66.9980
13.6322,23.6037,-63.9144,-14.3723,-79.2947,-36.6551,-120.5759,-38.6040,37.3969,14.9738,-42.2179,9.8443,-60.4061,-39.5342,24.7829,-44.2037,71.6395,-57.2230,7.8989
44.9570,-9.1176,-41.9671,-40.6020,-21.8771,-26.2155,-43.9449,-1.7226,56.5553,-29.1039,-50.0732,3.5286,-52.7073,-20.1818,38.3414,-55.6355,60.2191,-43.2085,58.8499
54.9974,-41.2116,5.5109,-36.8124,-12.7755,-9.6489,-1.7389,13.5497,52.3768,-42.8383,-37.6564,-15.5851,-13.2991,-5.5227,59.4750,-23.6500,62.5202,-54.3725,84.3895
21.0116,-18.2217,50.2951,-21.7606,-9.8510,-27.9605,41.2312,4.1349,92.4601,60.5674,-18.8232,-2.2514,37.2986,4.7955,114.5222,-13.3476,87.1793,-89.6399,121.7798
-37.4999,8.7429,64.7228,-25.8259,46.9356,-52.8625,131.4833,-3.0941,188.2289,144.6527,-35.3485,18.2408,59.1656,-0.8504,181.7393,-31.6861,105.4489,-96.5865,166.3392
-69.0624,-13.4415,66.3107,-42.7738,101.8367,-55.8104,215.5336,21.2712,272.1758,147.5311,-49.4109,-12.6650,65.3249,-28.0279,215.1371,-26.2244,98.1447,-48.2260,185.5040
-19.1994,-34.6563,87.0434,-40.8368,102.9572,-40.5312,219.5772,55.9519,298.2781,113.4300,0.4097,-52.2245,88.7170,-32.0063,213.7774,-25.1815,98.8102,21.5262,188.9360
92.9087,-19.0894,127.7507,-14.7814,112.2205,-9.5930,200.3474,71.2096,287.1092,79.1564,75.1686,-45.4736,121.8120,-2.5761,211.5255,-55.6085,140.0767,49.9820,223.1880
176.0078,-4.8383,164.8839,-0.0847,166.1734,23.1395,259.4523,83.7113,280.0309,96.4262,113.2159,-30.7396,142.9959,13.5921,231.9746,-64.1363,189.8751,22.8073,293.9868
188.2466,-6.2111,178.2363,-15.1026,199.8630,35.5750,346.9279,103.5816,304.8634,166.8502,145.2456,-36.8203,164.4187,16.3152,273.0336,-45.0586,216.3608,0.5727,345.5997
184.4007,1.2284,178.5891,-21.1658,193.8622,39.3628,350.1718,102.5009,352.7980,197.9109,211.0905,-33.6209,207.8482,30.0546,308.0777,-53.1559,244.0430,25.9300,342.2564
216.6674,24.1839,212.1208,14.1009,218.1006,54.9744,309.3176,75.7418,379.7062,158.7738,277.3292,-25.1469,265.6363,27.3281,321.5011,-76.0845,278.1570,61.9320,322.6503
270.5330,53.6186,293.7475,59.7249,299.6736,68.3232,330.4209,51.1632,382.2579,120.8704,320.7433,-42.4860,319.4395,-1.4092,339.0391,-76.5048,286.3382,71.5475,334.6705
312.2275,74.5097,367.5910,77.7569,394.6705,65.0099,392.9796,37.3239,410.5478,127.7027,366.9301,-64.6018,363.6745,-13.5774,374.5310,-76.0703,281.9150,69.6778,366.5654
333.8897,79.9130,392.0345,73.8456,459.1671,58.2879,427.3461,31.6975,457.7030,161.7554,407.3863,-50.7740,392.3270,-1.0342,394.0464,-78.4177,309.7641,66.6213,388.7872
351.7467,92.5385,391.9908,62.2123,462.8933,55.1980,444.4118,30.8104,462.5037,169.8032,408.0253,-8.7497,398.3300,10.0785,384.7142,-54.7211,372.7791,54.0081,399.8322
384.4332,113.0083,390.4488,49.3720,414.3956,45.1985,465.1601,6.3186,435.0431,121.0924,395.7461,20.1547,388.3476,13.6371,377.9427,-30.0851,441.1969,38.5118,399.0793
418.3649,95.8907,382.5826,43.6188,385.9282,26.9815,467.8108,-36.0684,435.7429,108.4810,411.0746,10.6115,375.6377,4.6711,383.9322,-22.8849,476.8968,24.2173,397.1908
408.9469,41.5176,373.6063,29.4169,416.4958,9.7816,456.3392,-16.6455,468.4134,215.5352,421.0939,-21.8067,373.0332,-13.1248,395.6722,20.2930,450.1607,10.2453,437.2311
342.2576,3.3829,364.6503,-11.8519,450.6442,-2.1121,459.0815,82.2704,504.6306,309.5121,400.0288,-37.0562,393.4914,-7.7122,428.6034,95.3944,391.3456,20.1554,514.0569
267.1788,-11.6658,350.4136,-41.6741,450.3652,-4.1164,472.8578,160.0874,530.4254,259.6342,403.7191,-24.6055,427.6534,16.2003,480.1126,119.5363,363.0790,63.5065,553.5679
246.9708,-19.3437,357.0927,-14.7674,447.2667,12.0337,481.5294,176.1909,526.5606,186.6583,448.5129,-20.7596,435.5847,13.0955,512.3608,101.6590,371.6058,104.8803,542.5630
304.5681,6.5998,397.8083,37.8490,452.1600,43.4439,482.6315,192.3357,496.5849,202.7125,457.6854,-41.5963,398.3109,-6.6860,509.0786,106.5186,399.8487,123.0108,539.9243
403.9560,62.8556,430.2395,63.3607,449.2479,73.5199,474.9300,201.6255,475.8127,209.8869,418.7549,-38.8153,353.7295,6.6755,481.1255,94.6898,452.2536,123.2743,538.5914
469.7827,94.5603,437.8827,62.8938,449.3249,87.1637,459.6127,156.8190,455.3203,146.2236,406.4691,23.7862,343.0590,44.8714,429.4706,37.7268,488.6011,92.3162,496.2682
465.4863,94.4529,453.0521,58.9947,450.5898,76.9851,441.8690,119.6567,400.8314,90.5571,415.7076,90.3626,352.6631,63.4092,359.8492,27.2736,458.8920,41.7265,456.9657
428.2363,95.8359,471.1404,59.1410,430.9085,50.3590,422.0241,147.8455,339.9081,88.1288,387.1565,85.7691,347.0994,54.7377,302.0840,75.2060,410.9200,32.3348,463.3347
384.1942,98.7853,462.7615,65.4842,405.2828,40.1721,405.5105,177.6477,315.9784,124.7725,355.7428,37.7185,326.6452,46.8534,282.7111,73.8073,401.8752,62.6932,464.7788
321.8322,104.7187,435.0305,74.9427,389.1700,68.7580,400.3229,181.8360,319.3495,175.0110,367.1139,33.9308,310.5623,66.7623,293.3942,44.3680,395.0228,55.0141,432.5515
269.7984,131.9667,399.9083,84.9523,356.2671,100.7831,394.8711,214.7686,327.4003,181.2026,370.9857,83.0604,294.7205,101.7444,294.9326,86.8222,367.7499,4.8056,396.4983
260.8174,155.7561,361.6686,98.4465,307.8014,94.2785,372.5642,240.7358,325.5223,125.0237,349.3973,115.9722,270.9802,102.4853,269.2408,129.3578,348.7485,-13.8423,341.1527
249.8575,143.5581,337.0282,102.1726,270.5862,70.3514,332.1195,182.6106,293.3611,59.3381,359.7407,101.1081,253.2292,62.2731,246.5001,78.0821,307.6945,3.5768,243.8279
207.7200,121.6652,304.8898,82.1529,215.2070,59.2176,268.4449,98.1423,235.1586,7.3234,385.8501,72.6142,240.1165,35.2520,234.0934,35.9807,217.2858,-0.4401,155.2400
179.1456,113.7337,222.0499,57.0673,119.8744,44.6059,177.1719,79.2120,171.5794,-12.8866,358.4009,60.3405,198.9678,37.4982,183.7370,83.9820,148.8653,-25.2980,109.8612
150.5664,92.1512,126.0216,42.0523,51.6232,22.1512,82.9162,102.0432,102.0860,51.0800,290.9474,50.5315,125.1301,25.5280,84.6971,120.7193,119.7663,-29.5277,77.7275
60.9743,47.1355,74.5322,24.1834,50.6128,14.7694,17.9674,119.0795,38.5970,143.3070,227.1456,17.6460,61.1178,-11.2700,-9.0132,93.8920,39.0728,-11.1689,52.7806
-39.6661,11.9248,31.8747,6.2555,50.7302,12.4517,-14.7120,129.4456,6.4009,135.8347,162.6679,-31.5572,27.0603,-40.6278,-62.6147,77.1916,-76.5334,7.3774,39.1814
-72.7588,4.5185,-28.8665,5.3439,6.9003,3.3580,-39.7008,113.1357,-18.5639,61.6687,104.6747,-66.0785,-5.8720,-53.0225,-76.6058,75.4283,-102.0046,18.6266,-6.3075
-76.5080,18.8248,-50.6604,20.4014,-31.4188,19.0221,-85.0396,53.7124,-74.7393,30.1383,73.0685,-72.1454,-50.1362,-54.0695,-69.3723,36.9022,-51.2171,26.8920,-90.5009
-87.1086,50.8895,-29.0409,50.0204,-27.4481,59.7864,-145.8608,-6.4944,-147.5930,2.1805,47.0507,-51.7046,-78.4903,-33.5868,-88.9411,-10.3377,-44.8872,37.5347,-152.3070
-70.0083,83.2962,-39.4039,83.0067,-25.6673,75.4370,-176.1224,-35.6073,-199.1078,-86.0841,10.6836,-6.6498,-87.6299,4.5444,-139.1945,-32.5087,-83.3910,42.9206,-170.7267
-55.4662,85.5923,-92.7164,84.9348,-72.4807,63.9648,-154.9269,-53.0863,-192.4897,-163.1913,-23.2585,27.3016,-116.2396,27.4723,-150.3062,-62.3535,-96.3897,28.0659,-171.8448
-102.6170,64.8085,-130.8300,69.8731,-137.0907,68.7969,-128.9346,-61.5146,-113.0183,-149.0162,-62.2987,-2.6561,-176.6298,16.3715,-126.2934,-105.5426,-96.7374,8.7538,-155.9554
-149.8407,68.2271,-136.3181,91.4432,-161.1755,90.6763,-141.3142,-36.7677,-28.7741,-50.5798,-112.3672,-69.7903,-235.3875,-11.3369,-145.5694,-122.2907,-107.1343,18.8519,-129.3663
-123.0637,106.1308,-137.4800,123.0264,-156.7896,103.3380,-177.2027,7.6330,-20.9757,81.7625,-155.1877,-93.6936,-279.7803,-33.5673,-178.9773,-106.6836,-95.7912,51.0630,-123.1756
-85.9684,129.2822,-157.3995,110.2941,-179.3556,105.2057,-213.5762,29.4449,-60.9813,163.0968,-194.4187,-71.6372,-327.0529,-43.1504,-164.6355,-80.0868,-72.1451,73.2904,-127.3518
-118.5556,116.0114,-192.5920,98.6416,-221.9597,103.7502,-252.5952,27.2963,-104.1411,138.4560,-227.3483,-49.6570,-362.9199,-31.3620,-171.6482,-54.6155,-81.7682,85.8166,-121.4810
-184.1608,102.1020,-215.5335,121.5571,-240.6742,101.5440,-294.6907,40.8290,-172.0097,70.9642,-216.4272,-15.9934,-361.9131,3.3434,-228.0578,-41.4874,-113.7860,99.6522,-142.3298
-217.3129,93.2276,-226.1444,107.7937,-248.8097,94.4925,-325.6698,81.9351,-205.7254,46.2090,-187.2202,30.9663,-348.9471,28.1325,-212.9865,-35.0366,-151.2277,103.8817,-199.8315
-236.7263,58.4407,-263.5510,47.1902,-275.0616,66.0996,-322.4131,117.7538,-98.2242,66.1393,-218.5958,26.3863,-348.9130,11.5811,-105.4370,-13.5164,-221.8594,98.1692,-226.6745
-289.7395,25.7257,-320.5428,27.8828,-291.2732,23.9315,-273.9490,126.8674,52.2260,111.9939,-283.1761,-25.7592,-332.2464,-24.5549,-40.1998,8.8314,-302.7226,101.8702,-204.9961
-334.0912,41.6572,-341.0623,49.6003,-268.8228,7.3695,-215.6406,118.5912,42.8314,171.5804,-287.3185,-39.7611,-285.5263,-45.5920,-66.5895,6.1891,-326.0947,120.6839,-200.7101
-305.4111,51.6472,-316.0915,36.5438,-233.6894,17.9394,-199.1848,100.6820,-98.8846,199.6576,-250.1978,-35.7778,-245.5823,-56.9145,-130.4307,10.9101,-315.3782,144.3848,-226.1514
-278.6962,-16.8724,-277.0230,-5.9633,-219.5610,18.3193,-216.1501,83.3169,-183.6956,176.1095,-250.6465,-104.1104,-223.8893,-67.4007,-202.1154,53.9894,-334.8655,153.6087,-224.3842
-341.4125,-101.6659,-239.7533,-31.4500,-221.5931,7.2577,-214.4520,84.7360,-163.7149,142.1202,-281.0940,-186.0033,-201.9388,-62.7250,-243.0301,85.1828,-350.0571,125.8647,-195.4295
-373.0913,-96.1240,-224.4227,-34.7996,-209.7955,7.1089,-182.5442,90.9180,-131.3553,124.4393,-297.1134,-160.6376,-188.7862,-41.8857,-214.0830,64.1901,-308.3675,78.0315,-192.6044
-256.5021,-22.5608,-239.0843,-14.3616,-175.1349,14.2111,-150.6384,71.1795,-135.5113,115.5729,-291.5215,-81.9340,-188.4820,-20.1815,-155.7849,44.0788,-246.2217,60.4098,-215.5986
-137.2416,19.4582,-239.1753,20.3307,-152.1263,24.0507,-132.1004,42.2367,-149.2118,103.2576,-256.5921,-62.2805,-172.1031,-3.7086,-118.5782,62.3147,-201.3030,74.4051,-221.1386
-145.4835,10.9938,-199.8631,32.7780,-153.7203,42.1991,-110.8305,37.9181,-140.3114,59.6399,-188.6527,-56.4721,-135.8643,8.2794,-98.9989,71.5122,-168.1870,80.6747,-196.8821
-162.3800,12.1291,-159.2133,27.4000,-127.5252,53.9063,-68.4178,48.1223,-106.2787,-7.7308,-121.7885,2.0252,-100.4603,24.6691,-90.0286,56.8303,-166.7583,82.9560,-155.9570
-112.9057,40.3500,-133.5950,29.2057,-57.7289,41.3183,-13.7377,56.5228,-68.2060,-13.9036,-78.9777,41.8350,-59.1375,50.6671,-76.1983,69.5263,-195.7448,93.6741,-108.2779
-84.0197,47.6292,-106.5647,15.4747,-7.4509,12.2246,18.9270,75.2076,-54.0519,66.0555,-44.0743,14.0811,-7.6203,59.8619,-43.4257,103.8948,-186.9127,79.8846,-63.9822
-71.7032,26.2786,-86.3575,-11.7945,11.6124,-10.1307,19.1646,108.2857,-78.9618,119.5889,-18.4864,-6.1605,30.6914,43.6725,-33.0443,108.7148,-130.9574,45.5737,-24.8681
-22.6736,32.4719,-69.7117,3.8125,52.2731,-1.6432,19.9943,145.5740,-113.6548,82.1405,-29.1703,20.7516,58.8696,58.0171,-51.0487,104.9194,-96.4307,47.9993,22.7262
0.1066,64.9320,-26.5981,52.4069,103.1339,32.9418,46.9370,176.6015,-107.0707,35.8371,-57.6802,48.1028,104.2376,120.1896,-26.6908,129.6813,-70.5029,75.7512,77.7274
-4.3218,56.9765,36.3083,67.3289,126.8077,50.3851,84.8214,175.8977,-80.0214,26.2656,-31.1300,59.2628,153.5541,147.2632,22.6669,141.3499,14.5415,66.4219,112.0613
74.4235,26.6951,90.5427,54.2337,155.5633,40.4257,105.6221,130.3724,-92.8325,-15.5432,81.1912,67.4595,170.5318,98.5546,20.9279,108.8076,117.9509,34.0234,109.6637
203.4369,53.3215,127.9113,55.8599,198.0553,46.0103,101.6462,71.5134,-107.4259,-98.1115,205.3649,62.3442,158.4541,48.0947,23.3091,68.5692,154.6053,25.0946,89.9369
250.1575,105.0994,132.6833,64.4017,196.5971,71.2813,91.5255,21.2949,-59.0673,-128.7202,248.3920,46.5011,149.1696,48.0331,85.6904,31.6497,147.8947,31.3022,83.3308
225.9712,98.4425,110.8956,70.7981,157.0493,80.1229,91.0692,-33.5380,-4.8213,-96.0951,217.1215,31.1153,153.6139,61.3868,114.1210,-15.2630,164.7176,51.4869,96.9828
213.4361,61.5644,126.1469,86.1472,142.9045,83.2473,80.4563,-77.6040,1.0149,-95.7665,189.9505,6.7208,155.3761,54.1088,78.9278,-41.8134,200.1343,100.3420,110.0018
230.1703,50.0686,187.9363,90.7173,154.1483,101.9260,48.9075,-70.5766,16.4749,-145.8919,206.0080,-7.6068,149.7499,41.0096,77.7884,-44.1095,222.4556,130.3246,115.6299
273.4081,37.0729,217.2706,68.2471,162.7469,106.3959,45.6686,-23.0899,50.1145,-162.1912,240.4748,10.4712,158.5585,40.2411,103.7036,-73.8844,233.0225,106.1960,147.1773
305.9369,12.5771,202.1287,47.2387,175.9981,87.4326,100.6705,17.0953,47.4119,-126.1113,253.0024,8.9736,181.2215,43.1555,87.5002,-114.7808,238.5254,92.1720,219.4157
273.6081,12.0075,204.6332,45.9313,190.4046,83.5791,159.9624,34.6973,56.0795,-106.0357,234.9307,-39.8279,185.6319,33.2833,72.4306,-99.5483,233.2377,125.1283,281.5813
233.6366,18.7612,217.5533,50.1226,200.8720,95.1079,182.9834,41.4227,110.7260,-119.0290,227.3894,-60.9423,181.6655,14.8132,85.4067,-64.1264,217.1218,136.6393,287.7755
261.6899,9.3680,208.0317,50.6093,232.3251,84.2392,198.0778,32.3211,108.2297,-122.7979,264.3731,-31.7511,211.8676,-7.0518,68.4424,-90.9798,200.9283,90.8269,263.8369
283.5623,16.0315,212.5766,38.7132,270.9058,46.7908,215.4040,-10.4070,47.0915,-112.3842,305.3817,-25.4820,252.8098,-49.2368,43.8072,-145.4625,192.3645,41.1453,246.8552
235.6024,33.8744,240.0555,6.8872,265.0952,5.8545,212.1680,-78.1806,90.4510,-101.3725,296.3633,-35.8144,246.2381,-90.2457,78.5739,-145.0538,185.6461,21.1574,229.1328
211.8221,17.9494,231.6087,-20.6958,225.5244,-19.9696,206.1447,-125.1941,254.5291,-60.7721,257.0464,2.1179,206.7618,-63.5336,140.8149,-107.1505,173.2013,9.1822,208.5466
264.9259,-14.3089,187.0789,-22.9401,193.0440,-23.8133,228.8030,-118.8055,380.6513,25.2501,227.3755,48.1297,182.0661,9.0826,183.7734,-93.6180,164.9781,-15.7188,209.5447
303.5445,-32.6307,164.2858,-22.1570,155.9211,-21.7212,258.5118,-84.5674,402.8307,94.5098,205.1264,38.8894,172.7795,26.7892,215.5553,-101.3008,183.3890,-44.7950,225.9519
278.5885,-49.9139,170.8517,-25.8296,114.8420,-23.3721,252.2693,-69.6483,351.2886,73.6688,191.3808,16.5193,167.5426,-3.2232,226.7050,-96.7893,233.2083,-40.6340,218.6530
242.1447,-40.0044,189.3573,0.9229,118.5634,-5.9444,203.3269,-84.2944,238.1481,-18.1406,201.0037,28.3002,167.2531,3.7497,206.5865,-82.4518,279.6641,9.7228,177.4211
220.1038,21.3979,217.7611,50.1874,163.7088,24.7493,148.3661,-102.2476,118.6017,-88.0149,218.0759,52.8846,162.8959,30.6059,174.9202,-70.8507,276.5323,45.1329,128.4070
192.4870,52.4902,225.2809,54.5424,187.6789,21.3147,124.0582,-95.2070,68.8252,-84.8098,214.3164,70.9463,157.4246,27.8323,130.9978,-47.3290,229.3057,16.5215,88.6769
161.8629,2.6621,189.7763,-0.0559,173.8977,-11.7597,110.2709,-63.1400,73.1972,-41.3547,176.8005,78.8033,159.2491,30.0092,79.5267,0.2245,192.1906,-33.1702,63.6896
142.2151,-43.4260,152.4419,-46.1483,152.9507,-26.6922,79.3190,-36.4168,89.6081,-2.9129,100.4347,66.3294,146.0770,44.3032,57.7896,45.7219,179.0807,-60.6804,73.9325
108.8021,-49.4913,133.4991,-49.2495,131.8756,-29.9523,84.7899,-32.7983,119.3928,11.2085,15.4227,38.3725,118.0372,24.3308,64.8202,50.3453,150.4341,-77.1298,128.0657
34.6781,-80.4226,96.8438,-45.5571,107.7141,-44.7636,164.2017,-35.6279,136.7309,-10.0106,-15.3942,1.0537,126.9363,-1.6578,80.4707,11.3259,106.1518,-74.3481,180.8430
-27.7298,-116.3823,57.3141,-52.0935,100.6501,-43.3854,222.4058,-34.3315,108.0343,-39.0558,19.6461,-41.6053,177.3120,6.3647,118.0041,-30.2382,84.6249,-46.6379,176.1291
2.6209,-84.7627,70.0738,-46.1993,115.7021,-21.6952,182.2403,-39.2392,67.1963,-18.9161,69.4964,-52.7963,201.6940,-1.2777,146.9153,-33.1995,85.2254,-40.2451,127.3252
98.4691,-28.5150,107.4528,-30.2981,124.1258,-27.1921,119.9193,-52.5792,47.8306,32.8299,99.2310,-15.6401,170.0923,-35.6872,112.6601,-9.4779,97.8572,-55.7460,92.9809
158.1651,-16.9286,107.4091,-23.4726,113.4600,-56.5892,110.6018,-72.0700,32.0649,38.7270,104.5396,21.0748,121.3306,-30.7604,66.5129,-7.6905,133.4856,-39.5436,82.0007
158.3042,-23.7493,87.1250,-20.7781,99.4810,-57.8826,126.7726,-97.3244,19.6519,-13.1374,91.6838,34.3609,97.1696,-2.4475,79.1649,-30.6913,160.4250,-16.0706,58.1437
149.3293,-23.1538,81.7472,-23.7246,79.9670,-34.7545,146.7619,-110.1270,21.3279,-87.7290,87.4511,48.0796,103.7010,-19.6783,101.6497,-31.1983,143.2575,-28.0763,20.9077
158.6485,-34.7024,81.2514,-42.3203,48.3277,-25.7715,161.3082,-93.7855,3.0111,-156.4523,104.9269,40.7947,108.7393,-50.2614,74.7814,-3.6869,138.2760,-20.4819,4.5259
182.5459,-50.6043,89.9845,-48.3543,41.5828,-25.4389,124.2292,-63.5622,-45.2058,-146.9284,118.9097,-5.9306,88.0230,-31.5608,27.8819,11.4367,186.9756,18.8959,12.1980
190.3710,-56.5521,116.0537,-20.2071,82.8203,-19.6796,51.6370,-48.9631,-62.4079,-44.1391,121.2423,-22.0110,76.3824,9.0789,0.9930,4.2979,209.1772,0.6552,10.1393
143.7414,-60.3978,117.1592,1.1708,120.6154,-27.4619,24.1959,-71.4153,-29.6988,-10.8498,121.6814,40.2849,103.1819,26.1768,6.6554,-18.8054,153.2952,-59.2326,-16.7441
77.5831,-53.0058,79.5298,-14.2677,119.2892,-55.3876,30.5859,-121.3798,-23.2787,-117.7112,97.3635,117.7105,124.0756,25.3466,26.4993,-62.0039,79.6417,-61.0760,-43.0549
55.2313,-44.2313,56.8584,-43.8517,107.6558,-86.1940,1.4539,-148.3520,-84.3975,-159.7054,43.5541,143.5695,99.6581,18.2722,-1.0930,-89.4783,10.9803,-53.2231,-49.2796
44.2291,-77.1352,50.1204,-82.5509,75.1727,-115.0312,-40.8602,-137.5446,-144.7707,-47.2709,7.0136,125.1689,53.1734,2.9231,-77.0165,-66.3539,-81.3872,-126.1806,-58.0375
-10.4328,-128.6214,6.9992,-134.9236,-15.9005,-137.2138,-49.3403,-141.7496,-144.0305,10.0112,-8.3901,98.8155,9.4830,-16.9255,-107.8263,-42.9410,-158.7032,-203.5154,-91.6544
-78.1709,-139.6871,-49.9969,-163.1750,-108.6210,-143.1425,-58.1216,-158.4857,-113.2903,-55.5642,-43.1134,89.3770,-22.6069,-30.9134,-79.0366,-55.3424,-186.9123,-210.7378,-129.1285
-129.1363,-139.9605,-75.7634,-157.0308,-138.7696,-155.8849,-100.1688,-122.2266,-90.4718,-59.7835,-75.0006,91.2438,-37.0396,-26.0187,-69.7137,-39.9926,-217.3717,-222.8938,-157.5063
-178.1248,-163.1545,-106.0473,-162.2082,-169.9282,-193.5161,-154.5830,-60.9752,-69.8035,17.5751,-68.1175,81.4817,-64.4949,-2.3832,-76.0412,25.2273,-259.2627,-271.6472,-208.5839
-209.4300,-147.6274,-158.8807,-172.0088,-251.7563,-205.1873,-207.5851,-43.7427,-64.5133,36.9101,-72.7116,68.7411,-129.8943,15.9194,-58.8123,62.8706,-254.8616,-275.2046,-281.6018
-210.4746,-80.7534,-180.6308,-135.6746,-303.4707,-150.7440,-251.6633,-25.8892,-101.9463,18.1442,-136.3210,68.7285,-191.7533,13.5154,-78.1257,41.0076,-230.0923,-216.9701,-319.7133
-212.8388,-50.5624,-174.8088,-79.0746,-286.0682,-88.6880,-270.0043,25.4157,-162.6957,27.2223,-217.0253,60.9091,-228.8305,6.3885,-176.0430,-6.6206,-257.0167,-163.3778,-317.9696
-223.0334,-65.3057,-204.7632,-61.4206,-281.4800,-77.5704,-286.7397,26.7367,-216.8215,3.4399,-268.0199,48.9109,-282.4055,13.6813,-283.9301,-65.5938,-308.3584,-145.7488,-345.6154
-243.0867,-50.7924,-261.4669,-65.2064,-326.3537,-82.9487,-347.5920,-34.5963,-269.9112,-55.3490,-299.5577,64.4690,-347.5832,28.6137,-354.8240,-104.7173,-336.7418,-154.5891,-428.4328
-305.9493,-20.3061,-293.0297,-50.8408,-367.6153,-63.1335,-430.9229,-67.1596,-328.0766,-66.5647,-339.2327,67.9164,-377.1926,21.1904,-412.5822,-83.3421,-379.8394,-155.0728,-511.5112
-373.9962,-32.6389,-301.1080,-32.5632,-378.5303,-36.1631,-467.2816,-69.0368,-394.2007,-62.0190,-406.6294,4.8343,-383.2780,-25.1036,-460.2778,-49.0635,-457.4981,-100.0213,-551.5550
-374.8730,-60.7344,-304.1680,-29.7225,-373.9319,-24.0361,-446.5832,-91.4487,-476.3938,-121.2253,-494.6244,-60.5867,-397.7906,-75.1791,-477.9862,-67.3550,-515.0281,-17.5471,-566.0661
-360.4242,-54.3252,-305.0144,-27.9859,-365.3159,-24.3836,-431.4445,-109.9696,-543.4251,-214.0085,-558.6015,-51.0385,-418.7859,-82.8361,-475.3942,-103.5729,-529.1942,13.2414,-584.4942
-409.2602,-27.3581,-316.8039,-13.8218,-371.0792,-27.2531,-459.8471,-111.0900,-561.3502,-271.3981,-578.3105,-25.0987,-455.3609,-60.8570,-482.6990,-107.3155,-531.9017,3.2483,-598.3049
-472.6028,-14.5501,-343.4524,4.5307,-405.4247,-16.0078,-491.8122,-114.6330,-559.2754,-261.4328,-587.0692,-60.1605,-501.2577,-48.3580,-509.1363,-90.3186,-530.6494,9.8165,-581.9496
-497.3088,-25.5716,-372.8822,10.2285,-449.3000,4.3422,-483.7363,-86.7916,-551.8016,-196.3834,-598.6354,-117.9047,-508.8799,-50.4935,-517.5577,-66.4955,-513.5566,9.7551,-553.2880
-508.6719,-42.5695,-398.0936,-1.1698,-474.3589,1.3452,-468.2472,-32.5735,-517.5262,-157.7422,-587.5723,-138.6714,-488.2183,-64.0901,-480.0467,-49.8520,-492.0520,-19.2520,-554.0948
-498.9734,-38.6627,-393.0665,-16.4304,-472.0838,-18.5783,-491.9671,-33.3979,-508.1761,-190.9031,-554.0748,-139.8030,-494.7703,-91.6280,-448.9056,-66.7250,-475.2034,-22.9879,-561.1472
-451.6696,-26.1624,-339.7999,-26.6926,-455.5868,-17.0250,-520.3419,-68.7270,-562.1845,-211.6884,-526.0721,-155.6714,-503.1222,-114.8247,-468.3514,-84.3122,-452.4475,6.4352,-520.2365
-417.9520,-35.1047,-296.3220,-29.1398,-448.2153,-3.3736,-495.1270,-47.8951,-569.5754,-172.3815,-509.2737,-168.6986,-468.7793,-120.6297,-480.8963,-50.2251,-411.8452,5.0561,-462.8998
-407.7453,-34.6471,-311.8908,-12.1643,-451.2528,-6.5954,-438.0121,-10.5120,-476.7885,-147.2236,-484.4541,-136.2859,-435.1735,-113.0569,-444.5715,-6.2489,-342.9901,-27.3002,-452.6176
-359.9186,13.0152,-331.4909,16.2493,-443.1967,-14.5604,-409.9266,-32.5507,-424.5132,-158.6884,-433.5074,-55.7038,-432.7885,-76.6276,-399.3799,-14.7104,-252.4477,-41.1721,-455.0389
-275.2473,60.8478,-314.9939,25.5002,-420.1019,-15.2844,-415.1935,-68.2127,-472.8492,-160.7216,-360.0023,19.7678,-419.4638,-16.2919,-346.9828,-42.6148,-177.2037,-47.6420,-407.6317
-208.3723,63.6143,-306.7008,20.3646,-388.7413,-14.1311,-417.5719,-73.6634,-506.1248,-166.1490,-295.7865,35.8297,-386.2693,5.6508,-271.9326,-37.0716,-140.9710,-72.0893,-340.9851
-177.5271,54.1167,-309.9220,21.3036,-349.0019,-5.2796,-401.2977,-81.3341,-486.8543,-173.9725,-266.2826,-9.5468,-360.1307,-29.6159,-242.3194,-9.5219,-131.8949,-87.8801,-299.0716
-190.1995,40.6362,-288.9916,1.2446,-322.9987,-7.3937,-359.4710,-82.1686,-450.9984,-120.6029,-257.5495,-74.2784,-327.6226,-58.1477,-274.1563,15.0514,-148.9765,-83.1025,-250.3863
-241.5740,-16.7388,-276.2754,-53.3655,-327.7348,-49.9677,-286.7148,-39.2394,-357.9842,-27.9258,-239.9579,-108.3033,-279.8242,-53.3543,-265.0849,37.9759,-190.6760,-88.0541,-181.6934
-259.8395,-84.4850,-293.4200,-88.9467,-321.0753,-90.8614,-225.4539,10.3437,-235.0871,2.5406,-195.4197,-87.4767,-244.3027,-46.5024,-209.2482,62.0924,-198.0187,-106.9667,-151.5824
-184.1303,-79.4859,-281.2214,-78.1816,-273.4845,-80.2146,-227.9791,4.3294,-205.8256,-49.9082,-125.9554,-32.2948,-223.1791,-32.7527,-206.0849,70.0630,-124.8360,-116.4585,-179.5081
-69.8561,-10.1851,-223.0404,-53.7747,-227.8919,-58.3352,-250.8029,-55.9309,-237.0305,-128.8978,-68.0898,19.2968,-196.9501,2.8556,-230.8337,34.4341,-31.0816,-117.7037,-194.7897
-16.3752,37.9938,-170.8106,-30.9483,-203.6378,-61.7813,-211.6548,-106.1863,-202.1137,-172.8233,-56.0464,44.7479,-165.0279,24.3470,-201.1308,-26.0453,4.3005,-120.6701,-143.2402
-35.2742,17.2543,-134.3199,-21.9042,-167.8313,-61.8980,-138.5052,-79.9188,-138.0185,-129.8476,-64.4040,31.8094,-128.0247,10.2812,-160.6930,-35.7740,-14.5707,-114.0445,-63.0624
-55.3129,-50.5520,-107.8959,-56.9796,-132.7325,-58.5134,-101.4858,3.5121,-111.2973,-29.1204,-58.1793,-8.9345,-91.6081,-3.8399,-140.8659,24.3453,-53.6517,-90.7046,-15.8727
-38.1689,-104.5445,-116.9731,-98.4113,-125.6123,-64.0302,-68.4439,53.5327,-59.2800,13.3056,-57.3900,-33.2933,-71.4994,7.1625,-69.7886,73.7690,-86.3819,-59.4587,-0.4663
-27.2618,-98.3666,-131.5664,-74.4299,-102.2713,-37.1117,-6.3547,46.9051,19.2949,-49.4563,-71.7059,-24.3556,-44.0139,27.4931,27.4785,65.8569,-66.0987,-23.1427,21.5662
-46.7183,-52.2279,-91.2568,-19.2878,-27.8314,16.7716,21.7157,38.4289,41.1037,-132.5267,-61.5783,-16.5192,21.6994,38.7410,37.9273,46.0514,7.3501,10.7175,61.6100
-43.5600,-21.7485,-31.8860,-13.4112,49.6380,18.9728,15.3188,44.3739,47.1948,-132.6521,-27.2554,-18.7461,76.2507,37.8405,1.3802,51.7282,46.7790,15.8211,118.0477
-0.5949,-25.7951,-22.2157,-46.4682,88.8189,-30.2554,78.7313,59.2731,117.9351,-35.2306,-14.5900,-4.5295,67.6853,29.5544,42.7594,74.0284,16.2762,-8.2384,207.0057
20.2117,-50.0826,-40.0723,-73.3126,110.0273,-61.0952,215.8963,105.3402,207.1421,62.5968,-15.0586,16.0311,54.8536,19.7360,142.8925,95.8049,-12.7033,-14.7381,313.4451
6.2405,-82.3052,-33.4752,-87.7665,134.8995,-72.5860,316.0759,148.2267,275.9318,58.2772,10.6409,19.2575,101.7398,12.6328,220.3009,94.7213,-7.0021,16.2086,369.9091
24.5303,-110.0200,-0.5665,-86.8428,155.9889,-91.6051,342.8002,114.4059,347.2759,-6.1430,47.6445,21.4488,163.7162,10.1565,286.0284,72.2224,-0.6639,37.5374,353.6460
101.2238,-127.3966,49.0363,-84.6473,163.3509,-99.6925,340.2345,41.9479,366.0226,-22.2633,71.9300,25.3248,196.3757,3.0013,353.9544,72.5103,19.7823,17.8536,330.5228
189.5415,-140.5731,110.5680,-114.4551,174.0402,-95.8263,335.9960,29.2089,293.3669,6.0298,98.6124,0.6263,237.3694,-18.6712,378.6425,97.4633,82.6335,-3.4082,350.6430
241.5419,-137.3670,163.4743,-140.4702,229.3059,-96.5285,353.4134,58.3687,247.9713,33.8480,122.2352,-38.9554,300.1738,-37.6444,356.3707,89.3547,146.9765,15.1427,388.8979
245.5146,-96.1609,203.2401,-99.5123,326.4756,-81.8814,396.0221,47.9499,298.6621,77.9061,115.2283,-47.1397,333.6685,-40.7569,327.0062,45.2653,187.1549,55.0538,415.0544
230.9544,-38.1746,252.8914,-34.3330,396.3703,-51.9459,414.5201,1.9504,331.9127,111.0393,109.9441,-33.3201,326.1258,-57.2290,297.3913,10.3335,246.6719,68.0731,428.2050
243.7985,-10.4152,316.1692,-23.9235,408.9909,-46.1972,392.5528,-36.6508,293.7905,71.4764,171.9931,-45.8037,317.1653,-98.0187,281.7321,-27.6104,329.0084,27.1186,418.5763
292.9636,-17.4830,364.7904,-49.0212,410.5927,-59.0530,376.3600,-76.6449,287.7191,5.7954,292.2962,-91.0928,318.0665,-120.1245,319.7394,-82.7468,375.4200,-50.6756,385.2684
352.6149,-23.9263,375.1833,-59.7364,420.7344,-58.3261,384.1623,-123.8093,357.2358,-14.7016,397.5882,-129.2096,328.4561,-110.7882,388.1632,-99.9675,371.0807,-118.1890,365.6666
400.0916,-17.3185,359.6197,-65.6629,415.5144,-63.1858,403.6289,-144.4193,430.0374,-20.5337,448.8684,-129.4846,367.0108,-107.9017,423.3857,-72.9678,350.7884,-149.7559,373.7656
421.3076,-24.6477,355.0581,-84.5563,398.3676,-96.6804,431.1213,-138.2465,472.4928,-39.9059,455.8690,-109.6628,408.4944,-118.8015,427.9902,-80.5686,337.9567,-159.7104,375.2336
420.4747,-60.3288,373.0617,-107.8337,377.8335,-132.6968,437.2232,-139.1551,504.2905,-42.1603,426.1289,-111.3704,398.0002,-126.6775,428.9146,-121.2153,350.5902,-164.1057,370.7018
421.4309,-95.0458,385.3991,-128.4127,343.5063,-150.7566,400.2229,-134.0696,514.8066,-22.5803,377.5660,-132.0715,360.7541,-136.1405,407.4909,-110.4463,393.6005,-169.8556,403.0906
429.8480,-104.1119,375.3030,-141.5602,317.5614,-162.4325,367.6423,-99.9328,486.1025,6.6919,368.7113,-128.0437,365.3974,-136.6114,371.3490,-64.4508,428.2535,-183.8138,459.7956
429.7771,-105.6410,360.5742,-145.1895,324.2086,-171.1642,367.8011,-82.1905,438.0710,40.5574,424.0886,-94.4881,397.4927,-109.4645,366.6951,-67.8582,423.9656,-187.2595,482.3012
413.6741,-108.2945,355.2368,-142.7658,332.0934,-165.8920,354.3132,-109.4328,404.0424,44.5473,470.9997,-69.9770,403.6115,-84.0488,373.5630,-99.6254,404.3985,-152.8232,468.3536
381.9330,-88.6606,355.5857,-127.2866,327.7901,-146.8164,319.3105,-123.6891,398.2780,9.7420,448.1769,-73.6562,392.7180,-93.4233,337.8533,-95.8183,385.2150,-104.9750,455.6479
347.6293,-65.3352,354.8285,-107.1091,344.7491,-132.4914,321.9617,-104.8018,412.9910,-16.8513,400.5193,-109.0899,389.9804,-128.5876,287.8070,-87.1917,345.7525,-87.2710,446.6833
331.0324,-93.7083,335.1605,-121.8653,363.2241,-140.3635,381.1586,-110.0070,451.0408,-14.7373,371.2193,-176.3142,387.9708,-178.9344,285.8584,-109.0421,294.3730,-92.9307,435.9691
312.0819,-154.5983,284.4561,-166.1088,332.4728,-157.5580,447.6158,-134.2782,539.4005,24.4789,325.2867,-228.5578,385.8048,-219.1190,328.2741,-119.5715,264.2193,-100.1244,432.8363
271.7420,-168.3573,234.4801,-170.6389,291.4162,-150.4566,456.3432,-126.7202,650.8729,115.6882,264.2991,-206.7234,383.7157,-194.4390,373.0833,-112.8641,247.9769,-105.7208,414.8810
267.3118,-123.0597,228.5293,-114.7994,309.7623,-111.3480,384.0033,-117.5528,673.4738,176.1918,257.0677,-137.5350,367.4671,-119.5052,391.6245,-139.1395,223.6218,-85.7436,356.6190
322.1252,-74.0454,260.7968,-58.4286,357.5254,-64.8245,289.3263,-139.8406,556.5976,118.7045,304.7281,-94.9665,349.8236,-78.9827,373.8252,-176.9364,206.3684,-23.0507,297.2813
345.4923,-50.0249,290.8894,-41.4571,365.4928,-33.7630,242.6315,-143.1630,391.7321,44.4255,339.2594,-87.0112,351.9398,-83.1944,336.0981,-157.2136,210.5587,38.6264,286.0699
299.0416,-49.7620,294.6276,-48.1455,336.6610,-27.2722,228.6932,-108.9829,264.1384,57.9254,345.3505,-81.1037,353.1635,-78.7281,301.7982,-88.3333,211.6335,59.3555,302.3485
246.9660,-69.5009,274.1237,-57.6347,299.7244,-38.4373,210.9539,-77.5903,171.1868,58.5302,342.9592,-78.4164,335.7273,-65.7987,274.6457,-26.7386,184.8338,56.8901,297.1540
195.3169,-79.4566,242.4492,-56.9528,245.5556,-40.6230,198.5202,-50.2563,118.9631,-24.3750,318.5099,-76.1103,310.6010,-55.6456,258.4406,3.6583,137.2224,53.7722,250.5222
122.3258,-43.3988,214.4233,-29.5073,183.0606,-15.6682,170.5685,-33.2171,108.9836,-92.3783,266.3320,-38.9481,266.7626,-20.9281,243.2470,-3.2733,93.6580,61.7582,164.7228
88.1176,21.2368,195.5939,23.5180,161.9242,19.0329,90.5827,-65.5967,69.5886,-108.1744,208.6800,29.1497,194.9791,20.3841,184.2677,-41.0705,74.8046,91.2993,68.1658
108.2190,61.2111,175.7371,62.8110,174.4788,32.2915,7.5284,-107.1385,-17.5788,-119.0428,152.7437,69.3776,127.2837,16.5959,83.8363,-76.9475,71.9337,104.1793,2.5263
103.1858,59.0622,142.9000,49.3794,140.5154,18.8436,-23.3490,-87.4444,-58.2431,-95.2924,102.0106,59.9125,76.9669,-11.7932,10.8792,-91.6860,55.1512,57.6854,-31.2273
60.1276,45.3100,100.4235,10.6305,57.3911,6.8877,-36.1529,-39.7604,-41.9669,-23.0920,64.8288,46.1060,34.9407,-10.8728,-28.8694,-84.0714,21.2341,11.3418,-51.3703
11.9096,42.6437,59.9587,6.6766,24.5214,15.7202,-49.9484,1.3862,-66.6884,29.8515,21.2427,59.1598,24.7481,18.0172,-81.1610,-36.4404,-19.5885,36.7077,-36.1986
-72.2020,31.5802,19.2924,22.0318,50.8073,19.8718,-23.1234,76.6239,-106.2794,56.5383,-37.4159,74.4935,41.6754,53.4133,-99.7737,42.9304,-84.0514,80.7206,20.5331
-179.6938,-3.4288,-29.2631,4.2095,26.9322,2.1475,33.4851,158.2810,-53.5275,78.1164,-72.0433,71.9567,26.3720,92.6896,-31.0816,94.5757,-161.3130,80.5748,50.9296
-225.8239,-27.4189,-70.7815,-8.7271,-58.7847,6.0578,51.1744,168.1681,20.2476,56.0883,-76.4229,78.4555,-19.1092,128.3666,31.5298,97.1197,-191.6625,82.8949,13.1331
-210.4542,-11.4359,-91.5529,34.7925,-101.1038,55.1332,10.0422,142.6528,-27.2787,29.5834,-100.2183,113.2326,-43.0064,149.5764,-6.3763,103.2632,-183.0284,120.8620,-35.1839
-199.7950,10.0623,-113.8793,69.0639,-87.5075,90.0583,-43.8699,149.2434,-130.5227,90.1121,-155.7207,139.3392,-65.8418,150.9036,-83.4114,145.1833,-216.0714,145.7370,-55.2424
-206.7450,10.6834,-154.1553,41.9395,-97.4490,76.2029,-67.4612,152.1443,-140.0031,161.2051,-212.5186,127.2876,-118.2100,129.4836,-129.0023,179.3335,-282.6613,144.9046,-100.0719
-224.1140,24.8427,-185.3390,31.4336,-134.7934,67.1819,-80.5807,119.8642,-80.3224,135.9871,-256.7982,114.8956,-159.6846,105.6442,-170.3135,151.4633,-306.7133,154.0553,-193.6848
-250.6679,58.9749,-190.5501,77.6138,-163.0361,91.1750,-139.9187,90.2512,-52.5459,118.4762,-274.6606,131.0394,-187.0170,108.0511,-210.6712,82.8417,-308.0736,160.2329,-271.7815
-267.3622,59.9274,-197.7635,103.3224,-205.6952,104.1687,-228.7207,77.0489,-55.9409,196.5657,-261.5786,132.6619,-246.3138,123.7377,-206.6976,57.9652,-334.4814,139.7723,-295.2249
-286.8173,25.4986,-222.5776,86.6716,-265.2211,92.7620,-260.5233,74.5217,-67.0595,237.8103,-266.7966,97.3111,-301.2527,121.9126,-183.5666,103.8777,-333.8723,130.5057,-293.6840
-327.5612,24.3590,-241.8627,94.1770,-278.1718,101.7515,-219.7475,102.0336,-114.2197,171.1943,-317.4803,78.6557,-288.3265,106.3697,-201.7255,143.9729,-275.6628,162.4456,-278.4326
-341.1065,80.6833,-242.8301,142.0742,-230.4511,150.1329,-165.6340,143.1492,-183.8815,128.0496,-355.1933,98.8798,-246.5332,94.0559,-241.9349,127.2145,-226.1031,198.7487,-240.9844
-306.8101,146.4558,-234.3881,193.5661,-188.3764,199.6889,-133.7857,146.1568,-217.8860,156.8513,-341.4475,111.1535,-236.6489,89.7323,-251.7297,100.2198,-205.2809,198.2257,-223.5179
-272.7313,182.2739,-219.1599,224.5832,-196.2077,207.6102,-151.2318,112.9088,-218.2474,159.3311,-312.2524,109.4960,-250.9759,98.8809,-243.6644,102.1409,-179.0654,162.7618,-264.2693
-235.5994,187.6676,-204.4322,216.1779,-238.1877,180.6334,-219.5173,93.3803,-211.1218,134.7444,-293.2330,130.3391,-277.6793,113.9348,-245.1696,115.1983,-182.0586,113.9837,-313.2746
-196.9510,173.4569,-212.6912,178.6862,-285.8982,161.5184,-244.5052,115.0489,-157.6775,155.8152,-288.6414,147.2108,-317.7231,111.8370,-222.6922,126.2851,-240.3130,75.7321,-301.1476
-247.2133,147.5700,-247.3464,158.2227,-322.0149,157.2336,-170.2444,158.9396,-42.2682,180.0843,-308.8265,111.4399,-337.9003,94.8446,-153.5773,130.1038,-278.9039,63.7244,-235.1536
-367.5618,117.1197,-277.3198,151.3892,-333.3185,131.2448,-101.9592,178.2334,33.1620,150.1690,-313.3643,57.7284,-311.8500,82.2811,-101.4993,119.1518,-256.7658,63.2252,-172.1888
-386.3903,97.6659,-279.6046,117.9194,-312.1856,82.3797,-118.2256,153.7776,-14.1819,123.8647,-239.9017,46.6292,-263.0573,68.7320,-117.8628,114.3413,-224.4741,45.1659,-151.4950
-275.6837,104.1699,-269.6358,79.0598,-276.0270,50.1038,-154.5918,119.0767,-109.7510,128.7694,-125.5189,61.9748,-225.6903,44.3639,-150.5964,122.8250,-198.4539,15.6273,-168.3888
-181.7191,119.1617,-269.0065,73.0771,-266.5547,43.0361,-172.5524,95.5446,-147.7867,100.0365,-63.1071,48.8050,-215.5004,20.8697,-149.1285,106.4334,-160.4198,12.2170,-185.0644
-159.1446,113.7618,-270.2328,81.4862,-286.7964,46.5970,-195.7914,73.3646,-146.1758,43.4693,-66.2068,-0.5681,-226.3864,6.0281,-146.8435,67.6657,-139.6000,45.6423,-189.3127
-160.5856,101.0675,-251.3353,90.6056,-274.1885,61.9813,-204.3001,68.2080,-167.1768,28.8788,-86.8838,-39.8356,-229.4414,0.8438,-162.3404,59.6063,-154.5121,83.7676,-220.2358
-166.1050,102.1144,-204.4684,110.3604,-200.6223,79.7928,-200.1432,86.9113,-204.9495,32.8385,-88.4744,-27.5928,-206.2152,20.4132,-162.6930,84.8992,-165.3730,102.9531,-275.6601
-150.0968,94.8799,-139.0599,117.9749,-129.0715,87.4590,-230.1252,81.9882,-241.5306,-5.6750,-53.3961,12.7349,-167.2896,67.9357,-160.3108,106.4071,-147.6606,120.8193,-273.7282
-94.4336,73.2173,-74.6358,105.7005,-102.4157,111.4876,-255.5316,47.7987,-295.2193,-57.2261,-6.6406,18.3310,-122.7552,110.8425,-192.7821,114.7363,-112.1331,161.5800,-185.1659
-46.1603,77.8887,-32.0769,119.7140,-75.5201,166.3356,-214.4129,51.8739,-353.9329,-61.3267,-1.0317,-17.6776,-80.1248,122.3724,-223.2693,107.9496,-70.3028,211.9380,-91.0992
-29.9406,105.4521,-12.8879,162.0731,-19.0275,202.7256,-160.4012,103.2431,-372.0435,-3.2754,-28.1064,-42.4632,-59.0547,117.4973,-195.6640,89.4478,-52.0915,231.8908,-53.2473
-20.7884,99.5393,-4.0863,171.3515,18.1664,184.5201,-143.2440,139.9068,-344.7064,90.1052,-37.5003,-35.0155,-61.1766,118.7347,-126.0394,81.9996,-80.8588,204.7499,-48.3525
-31.9860,64.3952,-12.5187,139.0375,-2.7455,145.6754,-117.2433,152.4442,-288.0993,155.2443,-36.4647,-15.9699,-62.2304,116.6237,-54.6709,80.4046,-115.8949,158.5770,-50.3080
-73.6128,61.2699,-47.8784,119.5171,-49.8795,122.2723,-80.6535,168.7928,-192.9664,170.0018,-54.0565,13.4890,-56.9004,100.2720,0.3602,73.7576,-110.0831,126.1598,-66.0300
-103.3584,97.4875,-80.3448,129.9886,-72.8513,108.4974,-89.0487,166.3821,-77.8313,202.8713,-72.1497,60.4992,-59.9747,95.7122,19.7330,97.4460,-80.1401,102.1905,-92.2570
-119.7016,123.1396,-80.3811,135.8627,-64.0099,96.7725,-123.1829,117.5698,-3.1152,255.8570,-83.9493,101.1221,-69.9707,114.5367,6.6078,144.9411,-55.8090,64.6006,-109.4365
-148.2618,107.4012,-74.6531,115.0053,-60.6868,92.2028,-131.2267,51.1712,14.9929,220.1790,-113.1860,111.5253,-79.0317,109.9075,4.0028,145.8725,-37.1391,18.5622,-105.0024
-139.1611,68.1854,-95.8605,86.7296,-92.0362,89.6120,-122.5246,7.9910,5.7447,101.7539,-137.0395,105.6518,-94.9701,64.0895,27.2049,108.5313,-25.8921,-10.6522,-85.6688
-58.3801,56.3906,-119.5287,79.8142,-131.7874,80.0684,-116.2214,-3.0683,-28.9919,23.8852,-116.2067,106.8743,-122.8027,41.5252,43.4187,94.0287,-24.7260,-14.7381,-77.5114
10.8273,90.7392,-114.3899,86.0185,-137.4282,68.1600,-105.0155,4.5232,-79.4560,-7.5038,-82.5128,105.7099,-143.7565,69.3829,38.4963,79.3716,-18.1630,-8.0442,-86.8398
-4.9469,110.3327,-99.8469,78.2326,-112.1863,61.7196,-81.5170,13.2567,-90.9861,-44.6881,-84.8883,77.9849,-131.5213,83.5961,24.8610,42.7291,-1.0973,-0.1254,-79.3553
-64.9035,76.5658,-97.8141,70.6167,-74.4546,62.9914,-32.0083,20.5725,-56.8154,-42.8218,-105.1753,40.4708,-89.4750,58.3112,0.2689,34.0755,14.3978,18.9669,-42.8657
-92.4754,56.9691,-86.8301,91.6471,-18.8692,76.1850,38.6317,33.7194,-35.0161,-1.6887,-103.4931,34.3290,-52.7582,40.4852,-23.8074,41.1644,30.1644,52.0917,-12.4106
-61.0108,85.1739,-48.3264,112.7405,35.5654,95.2818,76.6252,42.1956,-36.4187,-6.1348,-80.2997,46.4381,-39.1804,38.5939,-3.9448,9.1022,53.1225,69.6121,6.8834
-2.6659,80.7741,-9.8362,89.9680,46.7619,89.9016,63.8857,38.7534,-32.9755,-29.7136,-52.5949,33.8365,-29.3336,27.1241,53.1338,-19.2758,74.5717,47.1232,53.8061
32.1352,22.4676,-2.7867,40.2237,35.2704,45.4454,69.7312,51.3444,-36.9663,10.7856,-23.9119,16.3795,-9.5690,18.0063,72.1719,2.8679,80.7120,9.0147,122.3649
32.6966,-7.9764,-11.2361,2.4783,52.9165,0.0900,131.2880,91.0753,-36.7000,76.1074,5.2489,30.0485,12.8101,16.9720,40.1551,30.3110,58.9745,-14.2427,157.4863
29.1153,-5.5221,0.8493,-17.1769,83.2510,-7.8332,183.6286,110.2585,24.2464,106.1053,34.2974,38.1749,40.7306,5.4819,39.0244,42.1455,13.8224,-32.2080,144.9989
52.3063,-23.4010,45.0508,-18.7095,103.9842,5.9668,175.0357,77.7028,97.7572,113.7518,72.3716,10.9161,82.1315,2.5168,82.5889,54.9013,-9.3034,-50.2345,120.0616
118.0342,-23.6802,116.0428,2.6561,159.4071,15.1224,143.6314,34.7516,59.1930,93.4859,125.8520,-2.8728,127.0631,24.2381,77.3986,41.6290,28.6530,-43.9882,107.4292
194.5992,21.4314,195.6615,25.5400,239.5061,21.9220,128.5107,20.7573,-57.0252,39.0260,176.7038,18.3996,159.1095,28.1462,6.9047,7.5771,93.6196,-12.5834,110.4422
207.9548,29.8610,242.1212,24.7663,242.2022,26.1694,100.1674,15.0754,-92.5013,-10.6388,199.2722,20.3160,161.8708,0.0511,-32.4528,5.7605,135.3612,16.1539,121.8065
165.6272,-13.5781,234.4636,17.3168,166.8273,23.9323,39.5674,-4.1044,-34.3067,-50.2361,198.3579,-16.5184,131.0735,-13.1372,-12.6698,17.8577,171.6190,37.1383,124.0930
169.5444,-6.6199,213.6931,31.8719,142.7993,31.6084,3.4978,-19.1139,-2.2306,-82.9205,196.4914,-44.6070,109.4570,-7.0349,3.2726,3.5999,223.3326,57.7868,113.3629
227.5921,58.2810,217.8997,51.8435,197.6158,51.9657,30.0835,-21.7237,-22.1213,-69.8101,194.4350,-34.3000,145.3051,-17.1165,5.5722,-5.4766,245.8279,64.4565,110.6740
241.8563,80.9940,224.2996,42.7045,220.9989,57.1194,63.0418,-30.8822,-31.9524,-40.0862,185.8632,-5.6306,202.1462,-29.3698,31.9476,5.9038,217.2109,48.9452,126.8004
211.6689,48.5229,211.3938,17.2658,176.2222,40.5662,57.2607,-42.3977,-23.7990,-60.4832,181.0056,-0.7152,203.3734,-17.8986,76.3548,11.4338,190.9314,29.4555,149.4165
217.6479,27.6797,197.0478,16.3844,137.8909,29.6203,58.0779,-26.1379,-7.4751,-76.7429,179.0723,-39.6480,155.4280,-3.6550,114.7035,15.0125,195.6428,24.7449,170.9362
241.1132,29.7209,186.7778,38.3453,140.2450,37.3843,94.7555,10.8872,51.4193,-34.8625,161.0088,-77.2646,125.3144,-1.9763,138.7226,3.9928,196.6012,32.0888,180.8688
216.1784,23.8434,175.3011,43.8790,146.0946,44.3852,115.0624,16.1777,138.8583,-25.1026,129.5314,-52.4514,129.9938,4.5008,139.6525,-43.6181,178.1346,24.5235,152.7710
170.7009,4.8949,177.5712,16.3598,132.3960,22.3785,89.4175,-30.2253,174.0107,-94.9345,113.8937,15.4442,138.0765,24.4448,137.1116,-65.1078,153.7757,-20.5621,90.1465
153.9416,-12.4483,183.7346,-25.3043,109.9838,-26.4962,59.0271,-75.9332,152.5394,-153.9109,128.9472,60.4595,136.6581,48.6786,168.2081,-27.4875,121.8221,-74.3848,39.6042
146.4696,-14.6646,153.2723,-49.0467,87.4712,-53.9771,51.4144,-72.3467,158.7229,-151.8242,152.0141,71.0230,132.1349,61.6894,210.4356,-22.5636,98.3975,-86.6741,23.9448
132.0812,-1.8290,97.8914,-32.4021,66.7591,-29.4739,49.7837,-51.0983,202.6703,-118.4598,145.8789,81.8493,122.0599,55.6845,215.3194,-69.9072,117.3005,-65.5751,16.2373
138.9159,18.5876,74.1944,5.5940,61.8209,7.3615,36.7010,-66.5112,206.6091,-81.0796,116.3423,112.3383,101.5459,54.9549,189.3308,-74.1425,157.6498,-53.9003,-9.6772
177.7938,51.3017,90.7897,20.7014,83.2923,17.2832,0.8862,-101.8645,155.2965,-75.0989,115.9640,148.3657,73.7809,77.1171,149.1242,-43.0914,178.4898,-50.7360,-47.9250
215.6816,79.7267,117.2458,11.3165,97.8124,16.4687,-62.5694,-107.1784,97.4440,-106.7615,142.9279,152.7363,38.9698,83.7403,87.6967,-45.2880,196.4566,-36.2847,-67.9407
207.7216,59.2702,140.6065,10.9616,62.5632,16.8952,-120.1468,-80.9393,40.4263,-123.3480,120.0473,116.1633,-4.2874,53.4517,32.1580,-37.8441,222.4857,-23.5458,-38.7981
139.2728,13.7510,145.6645,21.1528,8.3706,8.9846,-119.7255,-43.6724,-9.4687,-112.1152,37.9955,88.7200,-39.2809,33.6338,19.5521,11.2954,211.1174,-23.0092,21.6262
53.3965,24.7714,112.7792,24.4060,-9.2297,6.1554,-68.4035,3.1417,-3.3779,-84.4734,-20.0502,96.7815,-49.2803,38.9490,29.9668,36.6395,157.6115,-16.9901,54.6875
14.0009,75.8246,56.5206,24.6767,-15.3074,16.9664,-27.2254,47.6046,42.8913,-4.2876,-33.5092,89.5450,-54.8340,22.5885,33.4634,28.6215,122.5865,3.3422,53.1799
25.9120,76.5814,5.7981,23.9779,-45.1253,23.9147,-12.9225,75.1845,46.0018,88.2417,-49.9730,39.3535,-75.2875,-9.8712,31.7290,32.0003,116.3834,28.0800,61.8102
35.0674,39.0457,-23.5438,23.0364,-51.1717,36.0687,8.3706,104.2165,6.9955,85.5449,-62.0081,-3.8984,-73.0241,-4.9010,17.4743,31.0921,90.0745,50.5777,79.8979
11.5167,41.8665,-14.8711,43.5267,-5.3792,70.3980,27.5374,140.6129,-11.5774,36.6486,-51.1278,-6.0081,-20.8759,32.5949,-18.0342,19.1937,41.4330,68.4608,76.4637
-25.1841,79.7947,23.4974,81.4637,33.4109,96.3110,6.7214,149.2140,-30.5626,40.1095,-57.7236,10.5948,22.5215,62.0518,-60.3539,28.8177,17.3846,82.8539,59.0622
-52.5886,102.3203,40.8587,98.3330,32.6751,96.5811,-33.1584,119.6041,-94.1793,7.8756,-82.6490,25.3422,6.6605,74.3657,-107.2885,32.8206,28.1602,103.9140,27.8848
-62.0633,101.8421,22.1890,94.6978,20.8336,106.9416,-63.2201,82.0283,-158.4905,-108.8078,-71.5965,34.0575,-21.5594,66.4573,-159.6103,-4.3116,27.5974,136.2095,-39.9333
-50.1328,83.5764,9.6988,93.3977,6.7086,128.9579,-108.6203,54.8329,-175.7307,-143.5667,-38.8821,34.0507,-15.5753,40.8857,-183.3374,-43.6417,-20.4801,162.4521,-106.5180
-34.6854,55.0121,4.2491,77.0295,-10.1570,120.2980,-148.7050,46.8152,-158.5394,-45.2149,-39.9769,38.9630,-7.1812,36.7744,-160.7814,-59.6561,-82.7150,159.5884,-111.8558
-50.0511,45.3734,-33.1014,48.5934,-18.0793,91.8116,-112.4370,64.0371,-113.2014,17.0824,-65.3118,68.4375,-22.0981,72.6894,-128.5497,-68.8994,-96.6587,134.7545,-79.4208
-93.7098,60.3270,-82.4056,60.0029,-34.2350,92.7770,-34.9658,83.8280,-50.5589,1.6223,-84.7759,114.8034,-30.2703,105.3840,-116.3263,-58.5240,-60.4056,126.1741,-48.4419
-115.3857,73.1515,-98.5382,103.7067,-59.8344,116.2171,-4.0489,92.8623,-25.8587,28.7007,-96.5987,143.7645,-12.0507,101.1332,-115.5024,-26.4276,-22.6358,145.9076,-6.0452
-85.0351,80.7275,-92.9501,113.7481,-47.5762,117.5238,8.2069,113.0751,-50.3987,98.2454,-90.8215,125.4503,7.9298,76.6144,-111.5112,-13.5193,-2.4112,154.5492,24.8391
-33.9212,90.4064,-83.9073,91.2348,-12.3134,95.6770,35.6684,130.0027,-57.6379,114.2757,-73.5190,72.4315,-2.6737,54.2529,-95.4783,-23.4596,14.1604,129.6704,-0.7854
-15.3207,82.4212,-57.7460,82.0273,-29.1960,85.1501,11.7013,99.2623,-27.2604,74.0120,-84.6691,38.8447,-42.9632,43.5447,-72.4435,-26.5285,33.2657,100.6591,-39.7599
-43.0470,54.9478,-27.1689,78.5140,-74.1195,91.3942,-48.7594,44.4065,-19.5426,28.6302,-119.8081,52.9533,-67.3537,52.0828,-68.6381,-26.1482,55.4844,81.6029,-40.9738
-67.7134,47.0097,-16.6296,62.3899,-61.7970,88.2827,-38.9465,18.7619,-55.8335,-10.2545,-131.4369,78.4572,-43.7224,72.1407,-94.2561,-26.2520,75.8829,51.8212,-51.1914
-31.8647,72.0401,-5.5688,54.9736,-20.9660,71.1674,-3.2993,12.4986,-79.3331,-35.8493,-117.6282,72.9914,-17.6650,82.9134,-119.2967,-5.8589,86.4271,11.8536,-98.0194
44.1561,93.4705,10.7021,61.6154,-31.7567,60.5733,-55.7675,4.5911,-51.4260,-14.9568,-102.2226,46.4488,-43.3912,81.7304,-105.3526,35.0432,100.1294,-23.5760,-124.5980
86.8495,88.5380,-8.2843,61.8605,-68.1445,56.2052,-129.8688,4.9147,-16.3249,54.8716,-76.0505,42.0939,-88.0999,84.4982,-51.4182,68.2955,117.4036,-55.7950,-124.2331
82.4518,76.0501,-46.3113,55.6469,-66.8604,42.7172,-130.2217,-4.8372,-39.7090,92.0975,-33.2198,76.1126,-100.0474,91.0713,-15.2778,64.3513,102.4227,-72.1462,-150.6734
76.3712,62.7441,-39.6117,44.6567,-52.3958,22.5051,-127.7400,-44.7214,-109.7225,25.6497,3.0489,98.1313,-100.1278,76.1780,-50.1960,23.0016,63.2558,-57.6589,-185.0098
70.5765,26.8270,-7.6605,15.3475,-80.7891,-0.7653,-175.4035,-72.9936,-159.6886,-64.7959,13.7926,53.5608,-120.5858,31.3491,-110.8714,-7.6626,55.3354,-40.8355,-169.8197
35.2025,-13.8122,-18.3409,-13.8914,-133.6527,-20.1532,-204.8825,-58.0936,-177.3787,-61.1479,-3.2733,-9.6627,-140.3394,-6.3103,-127.0083,-7.8860,68.8867,-43.4880,-126.8914
-10.1275,-1.4939,-54.2844,0.1841,-142.3978,-6.5152,-197.8050,-37.5821,-196.5184,-12.8217,-39.6811,-4.8399,-136.0125,-3.5065,-135.7092,-34.1164,53.2510,-42.0597,-111.1358
-37.8696,50.1043,-63.6392,46.4356,-97.7502,27.3694,-192.2128,-45.4670,-203.5819,-20.5443,-81.2565,39.4390,-116.7513,16.9998,-180.6788,-88.3566,19.9696,-43.2532,-121.9981
-73.0601,56.7008,-73.8982,56.6400,-72.9075,8.9375,-165.5995,-73.7940,-172.5068,-49.2045,-111.1085,38.3053,-94.7230,15.0015,-192.2662,-86.2857,-12.5905,-87.2838,-138.8382
-126.4439,5.0754,-127.1960,1.1094,-111.2934,-64.7951,-113.0193,-110.7424,-144.3793,-60.4759,-97.1021,-1.4857,-79.6408,-13.8429,-139.3120,-40.3709,-66.5883,-152.1629,-170.3350
-151.5529,-41.2783,-187.8131,-70.9801,-163.3156,-110.6520,-97.4824,-144.5142,-154.7359,-104.6262,-28.0779,-36.0038,-79.8568,-47.7317,-108.3495,-50.7907,-121.5164,-181.7625,-217.3327
-129.4776,-67.6192,-202.1369,-111.3386,-177.5666,-116.3246,-119.6977,-157.6404,-160.8882,-154.8766,22.8645,-69.4735,-80.9219,-59.4017,-120.1110,-104.2236,-141.5787,-177.6293,-239.7943
-111.2969,-98.2781,-177.0979,-132.1116,-160.1387,-137.3064,-109.5814,-142.6496,-129.2229,-127.1524,-16.0488,-98.1612,-64.1283,-41.5975,-111.3514,-119.2815,-162.3783,-154.8813,-199.9228
-139.5512,-119.6656,-155.2486,-148.5588,-114.9551,-157.6281,-54.7876,-98.2651,-87.7313,-63.4446,-83.6001,-110.8788,-43.7839,-40.7577,-96.4350,-103.3947,-208.9443,-90.5906,-115.1329
-198.5355,-122.6795,-156.0600,-140.5103,-41.1094,-134.9091,-6.8984,-37.2457,-51.1682,-43.5079,-83.8934,-137.2375,-44.0199,-97.7719,-108.7501,-89.8964,-243.7220,5.6366,-40.2594
-246.0881,-128.2309,-160.8929,-113.0198,16.4748,-101.2631,-3.8749,3.1538,-12.9294,-39.1091,-37.5024,-174.3299,-57.4230,-153.7241,-106.5187,-72.5186,-256.7040,76.9924,-3.4926
-243.7823,-126.6520,-141.5044,-97.4198,27.0309,-83.3498,-36.0467,12.0251,-6.2319,-16.4286,-5.9106,-171.9139,-59.4308,-127.5262,-98.9363,-58.1285,-254.9077,116.2896,15.7343
-183.5356,-96.6969,-91.4902,-73.0704,34.3092,-45.0518,-49.5347,27.6487,-51.5448,4.0320,5.7716,-145.1725,-46.1504,-54.7295,-147.2883,-41.9702,-209.7230,166.3297,50.8124
-110.9490,-60.8320,-30.6038,-7.7745,67.5806,20.6333,-9.6968,63.8716,-76.2439,24.5329,3.2521,-140.5734,-35.9214,-23.0200,-190.8802,-1.9175,-133.3186,212.3752,109.1053
-78.0854,-41.9483,8.5924,47.7615,80.1234,65.7971,42.6790,84.2570,-2.7273,47.5263,-7.5149,-133.6425,-38.4816,-35.6624,-120.3451,24.6664,-78.2787,190.7497,162.8756
-71.9538,-29.5313,4.6031,41.7001,46.4866,70.8992,65.5893,73.2242,135.4552,60.5284,3.7602,-111.5428,-35.3810,-44.9665,29.0569,7.6097,-37.1815,115.3565,180.7579
-44.6840,-16.1674,-20.1848,27.8582,18.3295,65.5028,83.5960,56.0443,264.5165,101.6535,42.7201,-118.0196,-7.5658,-40.1802,150.3910,4.9378,6.0748,72.0307,166.7329
5.0718,-0.5965,-17.2410,60.2597,24.4542,68.5241,116.7037,48.6117,376.4181,181.9188,82.0292,-130.2175,23.2665,-32.4437,203.8536,40.6102,21.5877,63.8098,143.8918
45.1956,24.6208,14.1950,89.2933,21.6798,59.0162,142.3712,45.4260,468.5712,210.9868,107.3608,-82.0724,20.7702,-17.7119,193.1648,68.8728,34.9200,6.3109,114.2209
70.6001,53.1148,31.9542,71.0446,-6.4989,23.9376,146.0717,40.2572,475.5548,160.5787,105.0674,-3.3360,-2.9794,11.9885,149.2330,99.8207,100.8007,-94.7152,70.1482
95.2085,71.5551,32.4692,49.3894,-16.4386,-1.4643,117.7947,27.3457,366.3690,128.3862,71.9357,43.5052,-4.1868,46.0943,132.4336,149.7925,175.1836,-139.0048,26.8019
121.9059,73.4891,37.8695,48.3273,-2.6580,0.6171,55.8483,0.1191,223.8276,139.7025,56.6697,68.2080,23.8249,54.9113,154.3356,157.6049,201.3387,-120.7661,6.8069
146.1447,47.0128,38.1076,17.6904,-4.5346,-19.4111,14.4440,-38.0623,140.4520,113.5150,96.2970,82.4934,53.8725,26.8983,165.5887,115.1101,210.0633,-122.2627,7.3544
159.3905,-2.5487,34.0894,-53.9901,-7.6598,-79.0994,37.2460,-66.7495,117.5392,53.8532,156.8889,68.8744,76.4300,-8.0050,147.8652,91.7491,213.4550,-143.7722,11.2554
151.1359,-40.5490,57.4130,-99.7630,28.0074,-119.4469,81.5985,-60.5352,118.1423,56.7397,191.6354,42.1848,98.8189,-30.7568,132.6640,84.4236,173.1710,-137.9382,22.2837
120.0115,-58.8412,88.4340,-93.9083,75.1022,-125.0422,116.8396,-17.5984,129.6681,131.0505,179.2060,19.5102,120.4469,-61.0501,143.6694,58.9978,97.3143,-126.1104,60.9435
73.3954,-80.6048,73.6658,-93.3604,95.8029,-134.4252,172.8629,35.9745,143.2334,165.6577,135.2623,-8.4816,141.8207,-92.6597,168.5198,53.4241,18.7320,-118.3535,117.3317
25.0181,-103.0410,37.6062,-121.2868,108.5554,-130.1647,230.0380,79.2213,147.1158,91.6744,124.1866,-20.0517,170.5743,-85.7586,173.9009,80.5315,-51.9988,-72.0316,151.1549
-6.8657,-109.9056,39.8665,-126.0722,125.9395,-90.2736,245.6591,110.4616,152.6266,-1.1729,154.6101,10.9550,211.4799,-46.3045,157.7059,91.7152,-88.8294,-19.8833,162.0771
-22.6098,-105.3088,63.8304,-92.2567,141.8687,-65.5755,262.9999,127.2544,168.1946,2.5492,142.8480,45.0881,260.6457,-18.6739,158.8054,74.9164,-85.1715,-30.8418,186.8184
-35.5361,-94.7477,73.3547,-72.2052,170.3158,-69.9111,302.7372,125.4012,163.4863,39.5451,100.2468,39.6308,289.4723,-9.1083,173.0039,40.1802,-84.3238,-46.3846,211.4646
-31.1646,-87.2499,88.5497,-77.3888,193.7056,-45.4486,284.3943,115.4796,120.2999,-13.0456,126.5840,14.6590,262.9189,8.1938,153.5931,0.5389,-88.7260,12.6930,194.8869
-2.8107,-92.6565,120.1994,-60.8034,171.7635,4.7365,203.9557,110.7572,87.2617,-79.8044,167.4459,-2.2285,208.4135,41.5809,123.1896,16.1066,-63.4376,71.3985,163.9223
5.1020,-86.5503,134.4032,-21.9166,140.8953,24.6664,171.2135,107.7596,119.7687,-24.4148,118.4852,-14.7340,188.6730,71.5631,141.7520,89.4385,-29.8512,49.3061,165.1323
-15.5607,-60.6541,114.1335,-12.7952,143.5431,14.1108,206.2685,102.9772,203.5214,89.8675,63.8110,-29.6492,186.5115,62.3612,196.0449,112.7672,-20.3944,12.7963,175.0858
-8.7359,-68.5835,71.1979,-44.1342,120.0449,-6.7852,231.1678,109.2577,287.8114,163.7223,64.6885,-38.0065,148.8968,12.0749,256.6519,72.2217,-23.3315,10.5126,161.0865
17.2092,-115.5346,17.1192,-77.4887,43.0176,-40.2804,225.7842,124.4013,339.4177,245.3755,16.7002,-16.5658,116.9514,-11.4588,321.1177,78.1059,-39.0902,-16.5704,144.8792
4.4634,-126.6481,-24.6558,-86.9555,-4.9729,-59.6108,204.8050,112.7572,332.7399,322.6295,-48.8130,32.3850,130.7892,32.0100,326.7484,127.1640,-61.5347,-60.8748,141.3532
-10.3521,-95.8370,-30.6294,-70.4424,-5.1153,-35.2638,161.8084,64.7688,266.8819,263.6295,20.6261,52.8986,104.5551,70.2694,228.3698,121.6427,-37.6626,-38.4057,130.8814
29.4085,-82.8104,-16.5730,-38.0675,-20.8841,2.8014,131.9485,31.2234,197.1857,98.9078,141.2199,24.5195,-3.6835,39.7058,143.1463,79.6803,33.4709,21.3156,109.0316
71.6372,-76.5509,-4.0208,-13.2089,-28.7945,13.7698,149.7651,45.0287,165.0040,19.5743,135.3755,13.5822,-70.1419,-4.0479,177.3402,76.9751,78.0384,23.2669,92.1697
75.4035,-50.2314,23.1489,-8.8196,27.6043,-0.4112,163.4209,74.3518,141.9621,73.9970,65.1721,38.9805,-21.5182,-2.4164,233.7128,102.3408,79.6785,-7.3295,93.1051
85.3294,-41.2965,73.3821,-10.9208,95.8615,-15.2720,132.7460,85.7073,106.7326,134.2284,47.9681,30.7296,47.3817,3.9537,203.3902,102.9089,86.7859,-4.5522,107.0011
104.7338,-43.6586,111.3527,-6.1235,112.3185,-8.8356,99.6516,63.4499,78.0046,96.8371,52.4773,-2.6967,62.4420,-24.1929,144.1696,42.0541,113.6336,-3.2354,101.4705
104.7719,0.9466,114.0943,4.7777,108.0342,11.4285,86.7569,-10.7406,48.1388,-19.5997,55.7826,20.0452,50.3015,-49.7853,123.8453,-69.9929,140.6564,-30.5126,60.1624
112.3968,60.0938,113.2462,18.7558,118.2440,10.8967,76.6819,-97.1549,-0.8288,-102.8504,71.9700,58.5948,33.8902,-47.0578,110.1714,-135.3629,141.5777,-31.9141,25.5770
128.9017,53.0508,136.6876,22.8098,118.7782,-5.8802,80.2496,-114.6083,-47.9885,-92.0281,64.8080,11.2528,24.0905,-52.2034,77.4264,-90.8339,106.5795,-11.1279,32.4067
120.4519,0.4808,153.5698,2.0796,82.9324,-0.8879,95.8621,-91.7979,-83.4792,-93.7025,43.4832,-64.9827,30.2792,-81.2154,41.4784,-36.3316,96.0703,-42.2479,47.4687
122.9726,-17.9224,130.3263,-22.4918,24.9449,10.3209,83.0729,-131.6138,-113.1075,-201.4626,44.4440,-28.5871,11.2163,-85.1590,1.5923,-72.9105,163.4354,-114.0303,34.4251
148.6868,14.5051,95.5215,-19.5709,-10.5842,-14.2129,45.2687,-216.3717,-101.1799,-309.1353,4.5709,116.2005,-48.9480,-33.9746,-41.8001,-143.3960,224.0345,-157.1239,4.0473
108.9552,45.9455,87.2321,-16.0634,-1.8946,-59.4390,23.3637,-256.4108,-41.6353,-308.4561,-100.0148,232.5166,-78.2081,20.8117,-60.9442,-163.5739,178.1496,-182.1111,-21.5145
5.2361,25.8639,83.4775,-59.7718,12.9552,-96.0492,11.1472,-253.8245,-9.7319,-266.9439,-157.6901,233.3307,-63.5998,23.7525,-37.8890,-138.2374,90.2230,-227.8483,-27.3149
-44.7342,-30.7854,49.8768,-122.5223,-5.9061,-128.3243,-21.5619,-239.7723,-30.2070,-252.5432,-136.3974,156.7882,-91.0213,-3.1992,7.8781,-99.7387,62.6899,-267.1925,-18.8943
-36.2037,-66.7912,1.1142,-139.4148,-50.3841,-145.4101,-74.0328,-205.6800,-46.4601,-238.7128,-126.0976,86.1218,-161.6756,-22.1598,30.0152,-74.6690,69.2360,-272.1315,-35.9945
-48.9398,-81.9328,-39.2990,-124.7719,-103.5811,-129.7109,-125.1298,-179.0283,-55.7217,-223.7587,-142.8498,39.0686,-189.2010,-51.5587,-0.2709,-77.7914,45.4860,-260.6132,-82.4137
-76.9138,-122.7810,-71.8473,-142.4513,-151.5011,-117.2803,-143.8037,-179.5398,-85.6640,-206.5378,-155.4229,-23.1424,-171.9274,-107.4306,-54.5272,-82.0566,-15.6594,-239.7699,-92.4899
-111.2501,-178.5016,-93.9838,-187.3654,-169.9966,-148.2331,-119.9938,-149.5479,-94.7467,-131.2474,-186.8336,-94.9360,-165.9518,-154.1232,-93.1786,-69.1443,-105.1252,-203.7961,-46.0332
-183.5342,-203.7677,-112.3449,-204.0656,-169.5120,-189.6611,-102.9995,-84.5286,-63.9452,-12.5665,-221.6871,-134.0818,-176.6756,-172.5447,-123.1083,-69.9320,-198.1128,-168.8434,-17.1324
-244.3301,-199.6461,-153.6113,-191.2508,-188.3100,-189.2054,-133.1919,-67.6770,-59.5531,47.4587,-210.9739,-148.2283,-202.0226,-190.8080,-152.7998,-96.4191,-242.5889,-142.9616,-51.7175
-246.7319,-180.2309,-209.1313,-185.3994,-219.9778,-161.2975,-174.7886,-104.4458,-108.6646,9.7625,-194.6656,-159.9039,-242.9986,-215.6829,-165.1160,-131.1671,-230.9260,-112.8621,-106.9466
-262.5625,-146.0890,-237.6617,-179.8575,-238.9416,-153.2249,-197.8920,-135.1391,-165.1852,-88.3539,-226.7312,-146.1630,-254.8178,-220.2491,-181.1546,-177.7577,-221.9959,-82.7773,-138.7220
-316.5498,-122.6685,-245.0052,-152.6689,-258.9815,-157.7788,-231.2081,-166.6273,-202.8247,-202.0235,-271.3138,-102.5982,-224.1429,-198.1859,-243.5854,-221.0852,-257.2127,-68.2000,-161.0719
-326.8727,-131.5587,-269.1625,-127.5498,-292.2017,-133.8576,-277.7701,-211.2682,-220.4906,-269.4361,-298.2717,-70.7868,-209.7043,-162.2348,-322.1218,-215.1414,-310.6167,-65.3393,-208.9589
-298.8930,-151.8118,-300.6409,-130.4223,-326.5070,-100.2406,-302.9873,-227.9399,-220.3407,-249.5489,-330.7104,-66.1343,-225.3703,-123.4196,-349.8290,-167.7927,-331.3966,-69.6763,-279.2219
-301.6949,-163.9776,-310.3243,-142.2421,-356.3663,-112.1727,-310.5559,-208.0371,-226.2048,-173.1863,-352.8165,-76.5442,-229.9498,-104.0869,-330.4067,-129.0786,-308.9281,-85.9005,-321.2321
-301.6762,-168.5219,-305.8588,-148.2744,-365.2093,-153.7836,-319.3810,-173.0434,-249.2223,-80.1752,-323.4519,-95.8794,-231.0406,-108.4939,-316.7436,-110.1561,-285.9343,-100.1287,-306.9433
-261.6373,-159.0167,-294.0976,-158.6714,-331.9964,-162.9232,-320.0159,-127.7088,-273.8240,4.6294,-274.8484,-92.8930,-244.2758,-92.6263,-328.8976,-104.1412,-292.7233,-92.8885,-279.1412
-239.7282,-130.9233,-264.6957,-152.4486,-281.1249,-132.2326,-320.9414,-108.2482,-308.8999,29.3993,-273.9156,-45.0054,-232.0224,-43.0702,-348.1819,-113.1795,-296.5480,-78.4779,-285.8646
-248.4178,-89.0734,-235.3687,-100.6170,-250.6324,-91.6723,-344.7889,-145.3614,-363.5883,-20.8938,-307.5977,-8.3636,-196.5635,-24.0946,-353.5153,-123.8159,-265.0819,-80.3153,-321.7901
-234.6818,-46.6388,-234.6483,-47.3504,-246.7398,-58.8881,-363.4222,-180.7428,-405.3810,-81.0857,-310.2841,-31.2400,-194.9932,-62.8919,-343.6169,-137.7376,-234.1508,-84.4893,-363.2331
-222.4442,-36.4298,-249.8456,-52.8285,-268.5078,-55.7438,-341.1618,-164.1853,-425.8168,-110.3637,-289.8502,-63.6676,-220.0672,-94.8610,-329.7951,-172.3228,-249.5809,-67.8108,-398.1952
-257.4636,-59.4280,-251.3712,-82.2821,-298.8022,-79.5037,-313.3791,-137.0277,-456.1803,-124.6945,-305.9160,-56.7618,-223.9092,-87.3829,-309.3300,-187.6960,-284.1907,-43.7852,-416.4361
-275.7836,-49.8101,-239.0391,-68.3137,-295.8586,-75.7682,-324.8622,-135.0503,-486.0943,-119.7542,-332.2632,-35.5342,-220.7023,-80.3969,-282.1339,-140.3174,-275.0110,-31.6069,-410.4176
-210.4961,11.3457,-226.6488,-23.8705,-262.0879,-27.5696,-351.8452,-151.4469,-488.1112,-94.4103,-302.7971,-24.1609,-228.9772,-81.4570,-286.3281,-90.4568,-220.4934,-19.1530,-379.7591
-123.0878,46.1959,-214.8846,7.9845,-236.6127,13.3142,-360.9193,-181.9507,-485.8176,-93.5384,-259.9121,-19.5734,-216.6098,-64.1517,-342.1642,-104.2932,-178.5715,1.8383,-334.9399
-94.4074,27.4979,-198.8647,26.9053,-215.6546,25.8858,-359.4951,-192.8779,-489.7526,-126.2836,-268.0286,-20.4119,-191.9136,-41.4937,-388.9044,-132.2823,-171.5108,15.8559,-300.0858
-102.1502,18.1808,-179.2755,32.5777,-187.6141,29.8979,-342.2087,-147.7843,-454.5712,-134.9316,-275.3741,-6.8155,-205.0858,-26.7904,-369.3565,-113.8052,-156.5650,17.9969,-278.4533
-98.7769,31.4640,-162.4258,15.5145,-170.9695,20.7375,-283.9508,-92.5889,-363.0903,-97.5038,-235.9832,29.4108,-228.7742,-5.2093,-313.4848,-74.8783,-103.7652,9.8374,-238.2153
-101.3203,22.2514,-154.9019,-0.7626,-154.3020,-0.7290,-197.5427,-78.1579,-254.0982,-65.7116,-205.6387,37.8075,-198.2655,0.9737,-256.2061,-47.4859,-46.4314,-21.7178,-174.2961
-131.1451,-8.6955,-159.3940,-6.8455,-124.5711,-13.8739,-107.4119,-77.5831,-151.4073,-76.9656,-205.0482,4.2751,-144.3438,-36.6790,-177.8783,-28.9950,-30.2066,-67.9689,-122.3578
-158.1216,-32.3408,-175.9263,-36.4075,-122.2890,-34.4120,-13.0294,-80.4211,-49.1526,-100.6049,-188.3373,7.7669,-130.8667,-73.2409,-87.9689,-32.6958,-51.5433,-95.6295,-97.1591
-160.0518,-46.6458,-192.8783,-79.4133,-150.9549,-77.2724,42.3871,-111.0973,36.9158,-99.7839,-165.7076,79.8875,-132.5237,-65.1070,-38.9141,-63.8645,-70.1372,-107.0308,-94.0374
-152.5980,-56.1868,-187.4675,-84.8355,-153.2498,-103.1587,-1.4797,-133.4041,72.3217,-97.8334,-168.5584,146.2002,-102.5506,-41.9581,-24.5845,-85.0669,-64.3740,-123.2368,-109.4619
-143.2467,-66.8186,-160.7675,-71.2250,-127.0296,-97.1569,-69.5987,-109.1791,65.8767,-123.9811,-160.5174,158.0394,-59.9583,-29.3964,5.0383,-78.3283,-53.7072,-130.7759,-107.2665
-136.5238,-91.9354,-143.2355,-89.9176,-108.2427,-101.4386,-33.4217,-82.1714,68.7719,-140.4212,-112.9795,135.5482,-23.3225,-17.6293,40.7382,-70.6125,-59.1459,-128.3316,-53.9411
-151.4491,-127.4877,-139.6848,-119.9146,-85.1369,-125.2012,57.1180,-80.2382,86.3623,-115.5715,-59.9157,97.6603,28.6407,-6.6308,49.6884,-64.3533,-71.8329,-150.0214,10.9809
-173.0592,-161.3730,-118.1766,-131.9853,-54.8003,-140.6133,76.4340,-67.6649,68.3041,-99.6588,-26.4776,63.2093,91.1657,18.7799,53.3251,-29.9272,-81.0828,-185.5597,40.8667
-156.8177,-191.3998,-74.6399,-150.4858,-42.6997,-148.1320,64.6029,-38.6581,17.2464,-118.6690,-0.5908,51.6992,133.4865,79.3605,60.4959,22.0127,-84.1381,-183.3980,62.0098
-100.4343,-201.6798,-39.8083,-165.8688,-24.8564,-151.0109,106.5511,-15.9817,-8.6552,-103.0263,22.9324,40.6240,155.4528,131.4422,26.1204,44.1886,-62.5958,-143.7095,105.0624
-32.1936,-177.7373,-14.6758,-139.2519,28.7967,-135.2533,148.7774,10.7334,-11.0671,-30.1820,26.7025,15.2037,166.1943,139.7636,-41.2389,28.5338,-12.6167,-114.3559,145.1500
37.9920,-145.1627,19.9910,-110.4085,81.2482,-120.0172,144.6110,41.6903,-25.0253,6.7819,6.8681,13.7635,156.5140,163.7907,-65.9165,12.6961,25.1107,-126.5767,152.9594
92.2868,-133.1320,47.4493,-132.9046,90.7283,-137.9516,149.4608,40.3891,-15.0164,-32.1093,0.3132,36.4492,132.5319,230.7688,-42.1062,15.2815,23.8921,-173.0005,133.7126
106.9674,-130.7819,47.6155,-156.0376,64.0535,-166.6308,173.2160,-2.1093,65.6793,-60.7530,26.4059,24.7789,113.7118,260.0333,-31.7116,10.6442,12.5720,-199.6060,115.0798
102.0198,-114.6018,46.9897,-123.0650,40.2084,-159.8281,174.4227,-55.0435,185.3505,-39.5449,38.2294,-20.0773,100.3009,211.2267,-33.8404,-26.7560,24.5497,-159.1657,111.0873
103.9794,-81.3612,67.4278,-79.0161,60.0346,-119.5563,170.0524,-94.5794,280.0805,-43.3503,15.2380,-43.5217,91.2437,139.8971,-8.1099,-72.6998,57.0791,-98.7324,94.1069
97.6945,-50.5779,78.0180,-69.0742,98.7887,-80.4489,172.9175,-110.8454,306.1821,-90.0951,5.8772,-48.6203,99.4293,86.8107,30.9287,-76.7388,82.2352,-82.5644,50.6840
76.6472,-42.5196,60.9763,-60.9946,89.5009,-54.5748,145.0467,-106.7347,249.2456,-95.8203,15.5762,-64.2373,126.3310,52.6034,59.3326,-49.2541,75.5115,-66.1943,21.4546
73.1354,-39.3820,60.3149,-29.0241,63.7385,-31.1001,91.5857,-108.9456,145.8287,-56.0216,32.2150,-72.2261,159.9005,31.7838,84.5770,-60.8287,58.2566,1.1494,13.5785
107.9320,-12.9045,102.4061,3.2018,98.0996,-10.7464,58.0976,-130.8335,53.8557,-52.7695,112.2163,-69.2032,188.1470,4.9010,92.3923,-109.9289,70.7069,57.5133,-7.2892
146.3566,4.6523,137.9832,13.0224,137.9599,-5.3765,59.9699,-131.7859,6.2975,-66.6144,208.8746,-96.4176,199.4921,-28.9910,73.7501,-100.0846,86.3993,51.3942,-0.2913
120.3298,-28.8175,121.6740,-4.0312,109.7519,-10.8472,100.6914,-72.3024,27.9387,-25.7271,152.8350,-150.5880,201.1899,-38.9755,77.2158,-8.4351,64.2903,32.5785,85.2716
30.9278,-73.4240,87.3532,-37.2747,85.1052,-17.2383,158.2439,6.1735,99.1440,15.9492,9.1860,-174.6184,213.1972,-28.0330,121.8874,67.7522,52.4297,38.6894,165.0675
-4.6979,-78.3911,90.1364,-56.8889,117.0333,-30.5660,162.5599,27.8432,115.8787,-13.3264,28.7452,-152.3015,220.0364,-19.0093,147.3916,74.5603,96.6416,43.3122,153.4109
80.0570,-72.0179,123.6733,-53.2379,133.7119,-46.7378,101.1338,-6.1459,34.1426,-63.9613,167.4043,-124.3694,195.5833,-0.6542,122.5858,53.0677,146.0612,32.4705,111.9544
174.0565,-85.2383,148.0099,-52.4294,121.1513,-42.4780,50.2804,-33.6443,-37.6392,-92.5356,191.0870,-120.8357,168.6766,12.8408,85.8973,35.6247,158.9460,26.3099,101.8190
172.7493,-87.8836,157.5602,-53.5751,153.0213,-18.4556,51.8994,-32.6734,-15.8924,-108.7664,135.9390,-132.2176,179.0640,-19.9152,69.0344,29.7894,147.8936,46.7910,93.5984
125.1017,-62.4572,171.0212,-26.3274,220.7282,2.4069,96.0009,-24.4759,51.3023,-87.3460,139.8702,-137.6059,209.0737,-64.7118,86.4644,39.5327,103.8921,90.2792,86.0176
88.3863,-39.8846,183.1190,11.5026,250.9964,14.6381,168.9060,-21.2372,108.7975,-57.2134,138.0671,-135.4686,223.1671,-67.8464,148.8730,28.7198,50.0268,112.5494,99.1105
64.2282,-36.4886,174.9447,18.0958,236.7946,18.6638,213.4837,-30.0935,149.3441,-96.3465,101.0247,-136.0419,215.5535,-61.7631,227.8186,-19.0787,67.9661,90.0801,101.6143
82.7324,-33.2500,161.7986,12.0747,221.0171,13.4014,185.2043,-44.6007,168.7950,-124.0046,130.9050,-130.7201,201.3279,-64.5484,281.3075,-31.2044,140.0880,76.2644,95.2030
131.5640,-21.1774,177.9774,26.5488,221.6766,21.0402,158.7019,-28.3301,177.4012,-50.8845,191.4770,-105.4859,205.2735,-27.7507,303.6248,20.5007,166.7931,111.5769,132.2196
135.5655,-14.1475,214.4327,39.6633,225.9408,50.8938,200.5727,18.0863,176.6761,-32.2999,189.6894,-79.9344,224.1065,26.5654,293.6425,42.4434,164.0958,152.3415,193.0860
129.8656,-9.2901,232.7922,39.9131,225.3038,69.3423,239.2503,37.6063,137.3704,-139.7753,202.8132,-80.0187,212.3559,24.4616,249.7559,-2.0262,205.6290,160.4347,211.7964
202.9854,23.9669,234.2514,64.1185,233.7970,69.7797,214.7359,22.9759,85.9188,-143.1762,288.2767,-92.6315,176.2674,-11.7050,211.0699,-30.8728,262.9891,153.6425,194.2204
287.9104,88.8883,247.2345,115.4771,246.2183,86.6318,172.2246,23.5045,83.3228,6.5402,352.9869,-97.8493,182.9955,-27.4118,204.7209,-20.0442,294.0284,142.3789,180.3229
299.7827,142.6193,265.8050,153.4722,228.6110,112.4050,134.5261,36.4971,100.0707,48.6909,366.2613,-97.8279,212.0354,-41.1644,199.7979,-23.2863,318.8183,122.8606,171.4091
311.9798,163.9338,268.8889,167.8618,198.5491,117.0440,87.0910,32.8067,97.7910,-47.5592,386.9818,-89.3385,179.2353,-62.5347,192.2549,-29.9996,330.0349,107.2569,157.8037
366.1092,170.2435,266.9889,164.5377,206.2680,116.4222,59.9539,33.7957,128.4547,-68.9404,412.5238,-76.5991,126.5388,-68.2831,222.8399,1.0987,313.0652,96.1415,139.8396
387.8579,159.2886,273.2570,133.4510,232.4783,117.4018,67.3757,42.8178,181.4963,-27.2709,434.3617,-87.2563,162.1827,-77.5870,268.0797,35.5652,309.0832,75.3870,123.2828
381.9382,130.6323,280.0593,96.2886,248.0878,92.6776,70.7197,16.3847,151.8800,-62.4364,477.2967,-104.0997,253.3181,-92.7563,250.4295,27.5540,325.7775,50.2348,125.7562
403.1552,132.0665,287.9685,95.0872,281.0595,66.1305,67.3118,-24.1765,58.2858,-115.4354,489.5274,-66.3789,285.0314,-60.2436,163.3824,3.7765,317.2187,36.8998,152.8087
399.7543,177.5108,294.8725,116.4896,307.1453,80.5432,83.4460,-0.6804,26.5681,-76.3479,407.4745,3.0424,236.4965,-2.9745,77.4009,10.8355,280.8698,44.6335,178.8349
324.7898,196.2534,277.3458,118.7592,264.3955,94.2479,97.2211,81.4453,65.9315,25.1087,294.9056,11.7393,164.4102,-12.6827,41.9396,43.6655,230.0769,70.2583,179.2632
235.7729,154.5869,232.9092,98.8970,199.8854,61.3188,81.7320,142.6109,104.8165,108.9634,237.9375,-37.6525,112.8305,-65.1895,42.6681,59.0875,149.3833,87.0871,154.8960
174.2513,113.3988,183.3390,70.8351,170.7287,29.1493,55.4201,160.0077,143.8139,132.7538,210.7994,-66.8301,80.5200,-61.0551,36.3076,42.3635,64.6722,75.8043,119.1323
130.0482,106.4524,123.4306,42.7095,107.7870,33.2250,27.8421,171.3155,201.1033,122.2448,164.2700,-74.8988,24.2988,-23.4038,10.6121,31.5655,24.1383,56.2158,80.5996
101.4501,94.3907,48.7754,30.0098,-15.8238,33.7345,-16.5471,178.4034,238.4723,130.1192,130.2258,-99.2685,-59.1450,-34.2985,-4.4583,47.7958,15.0990,45.8490,35.4751
71.8590,72.8672,5.3760,36.9801,-89.0971,27.0853,-72.3029,145.9452,212.7153,122.5296,155.6756,-106.2064,-90.6458,-57.1949,-4.3137,50.5743,18.9520,44.9914,-16.4710
37.4535,97.9850,21.7242,61.6523,-54.1913,58.9678,-126.0685,83.8566,112.5569,68.4408,206.6084,-66.8474,-43.8378,-23.8906,-34.4973,13.6549,52.3544,72.4381,-59.2470
55.4499,173.0648,53.2811,116.8827,20.7499,110.6261,-188.1594,46.9484,-34.6517,68.4230,211.9599,-33.8441,-9.2579,16.2101,-111.7668,-27.2497,83.9604,125.9590,-95.0965
131.1585,218.9603,56.6376,174.4843,54.7177,121.7639,-259.0683,47.7262,-168.9138,160.1924,173.2271,-47.3036,-43.4151,1.4780,-189.6632,-40.8139,54.6870,149.7280,-150.2363
172.4219,199.6863,32.8775,168.3917,7.2108,98.0178,-306.3234,48.0243,-259.6136,223.4650,138.3026,-72.3897,-106.8433,-18.1994,-229.6312,-33.1846,-10.0332,121.5948,-223.1659
136.8083,178.4943,-14.1508,120.4963,-92.7037,84.0697,-317.2391,34.6517,-325.1649,220.3682,87.5400,-68.9601,-166.9738,8.7870,-246.3115,-14.1826,-45.4502,84.3488,-292.8672
59.7350,194.7682,-75.6270,114.9402,-161.2020,88.7390,-328.9333,27.0843,-369.7744,201.2766,-24.5894,-42.6864,-214.8543,41.2666,-268.0263,4.8264,-61.5964,59.6306,-355.2281
-40.4944,196.5679,-121.9309,131.0604,-185.7858,98.5519,-363.0952,36.4445,-384.6787,138.7723,-148.1667,-27.2951,-233.1000,43.5168,-290.8125,15.0009,-111.0516,33.9336,-393.8709
-133.6231,154.2255,-145.4483,93.5782,-226.4456,97.8507,-389.4787,68.9681,-396.9201,63.7772,-199.4791,-44.3206,-240.0329,41.0807,-297.9241,33.3895,-194.0917,4.7266,-387.9571
-164.3436,111.1644,-172.4538,34.3995,-280.1786,67.8802,-391.7057,118.0689,-429.0102,95.8676,-191.2562,-71.8478,-276.0280,45.0201,-308.9184,70.8421,-264.1110,-25.9285,-359.7626
-161.4323,79.5959,-218.8988,14.0418,-315.9292,21.7298,-393.1133,153.1767,-454.0166,193.3361,-199.8090,-82.4489,-338.7086,38.8968,-349.4442,107.6821,-310.1267,-48.5275,-328.8114
-212.4692,27.0666,-282.4983,1.1920,-366.2309,-1.0847,-398.2831,174.3800,-441.7089,234.1398,-267.1701,-93.8877,-407.7471,28.6460,-382.6943,138.7982,-374.7267,-42.7318,-281.5395
-318.8498,-25.5311,-356.2335,-27.8339,-437.8792,-2.6761,-394.4796,209.0309,-398.1781,246.4035,-372.0694,-112.5157,-468.6762,26.2346,-368.3431,171.1023,-469.0714,-20.1561,-242.9278
-411.2876,-24.8802,-417.8195,-28.3870,-471.8876,-11.7063,-396.0304,227.9034,-354.9917,255.7464,-447.3223,-94.7953,-492.6591,29.5961,-356.9318,177.3162,-538.4994,-3.8699,-251.8733
-453.7961,18.0171,-447.4205,4.0508,-454.2319,-10.5030,-410.3073,191.5107,-352.4461,195.5215,-449.3882,-43.7830,-479.4090,41.8055,-405.5188,142.2716,-546.8430,23.3100,-273.8464
-453.0639,44.7802,-453.7539,22.2141,-426.2586,26.1750,-417.1955,146.1182,-408.3040,91.2525,-421.7947,-25.7110,-468.2798,54.3850,-474.0977,109.2837,-517.4464,67.0546,-277.2250
-438.8825,33.6166,-447.2569,24.7857,-405.2191,66.6686,-422.2018,139.5337,-485.5089,15.6786,-427.1205,-40.1194,-457.7987,47.5317,-509.0558,103.3902,-475.6855,97.6567,-295.8055
-438.4468,21.8106,-424.0974,41.4282,-376.2288,81.3017,-439.7030,143.6365,-512.4630,-24.8126,-449.8621,-26.4125,-422.2747,40.0294,-509.8720,93.0669,-429.6970,118.1792,-320.8913
-431.7479,47.0947,-390.9773,63.8987,-323.0865,88.7153,-441.3443,142.6459,-446.6113,15.2726,-442.8143,4.5827,-387.7144,59.6253,-466.9408,71.3896,-391.7680,137.8705,-301.3331
-393.7067,82.3200,-362.0031,74.9999,-262.7482,100.9905,-406.1874,153.8249,-317.5917,148.8454,-410.6448,6.6207,-372.4017,77.7681,-374.0798,67.5170,-365.8640,127.7725,-261.5884
-358.2753,81.5803,-337.9287,88.7453,-239.9939,111.1822,-353.6169,162.2150,-198.2282,234.6289,-384.8924,3.1769,-341.8938,62.2833,-281.4078,69.2287,-351.2738,106.0671,-249.0196
-347.7601,71.1810,-312.2756,111.8417,-246.7943,122.9683,-291.2232,157.1848,-124.7233,212.3277,-369.8111,24.1184,-295.1703,34.5382,-223.9798,41.0670,-350.3199,127.0750,-239.4660
-318.4561,87.3365,-274.6409,117.8393,-234.2099,124.4943,-219.9626,149.3819,-71.1945,180.7747,-348.4834,40.1118,-263.5518,17.6480,-176.2504,0.5015,-338.1137,156.9549,-208.3988
-263.2556,85.5195,-212.3010,95.5439,-218.8946,98.7311,-162.8720,116.9408,-10.3816,139.3826,-309.9858,41.2329,-231.1025,14.8312,-123.4482,-12.4104,-288.4785,141.5465,-174.0054
-238.5129,45.7973,-140.3120,78.5665,-224.1178,79.0616,-117.6010,64.7370,48.0316,59.9052,-252.1928,65.6093,-179.1199,38.2655,-75.2224,-0.1136,-225.1476,118.6138,-139.7107
-236.3578,45.5286,-97.7624,89.4123,-186.6722,95.5221,-54.2138,57.5211,82.2310,65.4629,-176.8913,116.4705,-130.1666,76.6733,-27.7118,22.1149,-173.5150,113.3937,-103.5314
-188.4693,109.5075,-86.2696,102.1527,-88.0950,109.5596,21.4578,90.8511,85.0539,165.2975,-99.3464,148.1568,-83.8595,88.5955,13.4957,61.9493,-124.1893,92.7247,-74.6744
-99.8000,152.2087,-64.4857,97.3588,-14.3404,96.6818,87.3804,102.2904,83.8689,178.9353,-38.2546,136.9231,-24.4661,69.4121,34.7057,111.5169,-82.4148,75.5822,-29.6412
-29.5096,127.4978,-17.5425,87.8829,9.1647,89.8887,147.1449,118.8397,129.5426,112.7428,18.9994,106.2780,22.1113,46.3885,51.2785,139.9105,-53.5980,86.5463,53.2328
14.8919,73.0589,22.4209,70.8296,31.2238,87.8122,197.7605,178.3619,224.3415,126.9877,96.7112,91.3673,43.8914,33.0474,86.6413,147.0692,-6.0549,70.2807,130.7449
52.3178,21.7346,34.4222,38.0280,51.4440,58.1988,224.1769,206.2839,298.9180,164.6807,180.3715,102.7451,76.5780,52.0703,155.2426,156.2179,58.7938,14.6540,148.9009
81.2774,-10.6766,48.1626,17.3733,65.1295,27.0088,222.3743,152.1682,299.6404,82.5234,251.1157,125.5655,125.7787,112.9773,257.7489,156.9002,98.2639,-10.5334,114.4743
121.9692,-9.2207,101.6905,25.2236,105.6393,33.8911,190.8609,80.3235,247.5639,-37.8086,323.6839,145.7009,160.5601,152.2920,335.4753,130.9864,130.4966,-2.1668,85.0616
198.1883,14.5019,180.6651,37.1677,157.4058,56.2883,155.0831,45.3994,202.8084,-51.0719,377.9678,153.8339,176.2839,118.1959,328.7826,108.0169,197.7536,-7.8970,115.8872
271.7819,33.3705,240.9187,45.5880,183.3984,62.4821,169.2050,49.8824,218.5703,12.3989,360.3335,136.6303,177.7472,62.0819,301.2946,115.3201,265.9909,-8.5464,199.5690
304.6398,32.8374,277.1372,55.9765,208.8912,56.0594,228.8481,84.7637,296.0779,52.1289,309.5023,98.3856,162.1688,30.9051,335.9160,112.3101,298.7593,17.2763,276.2983
327.8107,18.1633,315.3145,47.1148,263.0776,42.4809,275.7576,98.7952,358.9193,44.2312,327.7852,64.6714,161.0141,-10.7227,375.3706,48.1659,326.5997,30.9335,317.3908
360.6900,18.5002,355.6180,20.6607,334.5463,25.2599,305.0501,45.1431,345.3091,5.5338,413.8971,41.8809,217.7076,-67.2360,363.4861,-50.7152,359.8462,18.6271,334.0262
365.2480,35.5128,383.0646,9.8172,402.8618,12.7053,340.1406,-26.9375,309.2528,-54.6513,478.6732,14.0764,318.3399,-85.3858,375.7600,-111.4835,359.9872,9.1503,333.1839
333.0532,10.5949,400.4633,4.8470,433.1042,-0.4436,362.2715,-53.1913,331.1884,-102.5767,481.2626,-20.3344,402.7557,-76.5847,442.1707,-112.6498,326.2110,12.7131,345.8288
305.4264,-61.1759,402.2436,-14.5495,419.8229,-14.7175,376.1076,-46.0086,385.8728,-93.0844,435.0509,-45.7825,433.5661,-91.8541,477.4682,-99.4575,309.3001,24.0968,406.1649
298.1344,-84.9891,377.5499,-16.7299,431.6588,-12.8452,419.8106,-28.1943,404.0988,-55.3477,365.7201,-42.2207,431.7925,-95.3679,469.1339,-101.7623,334.5425,30.7022,464.0563
299.5454,-31.2771,356.1256,8.3593,493.3114,4.2907,472.3777,-2.0992,389.7395,-57.0826,319.3764,1.3808,442.2307,-33.4906,483.5197,-95.0420,361.7691,16.1223,462.3981
312.6501,18.0023,372.1897,23.3061,534.5694,21.3672,494.1087,11.9830,381.3836,-69.2435,324.2259,50.5778,463.7723,33.5118,504.1928,-65.4778,346.0321,9.3914,452.8049
340.6203,27.8423,404.2848,31.7858,531.8532,39.7802,500.1993,14.9692,374.8624,-27.3728,349.7104,49.3894,458.3100,27.1907,476.8697,-42.3861,323.5042,54.2719,489.3106
374.3365,26.3597,421.7423,54.8797,522.8887,55.8383,495.2224,44.6711,362.5015,28.0070,359.5170,6.0087,430.5202,-13.1211,429.7162,-33.5344,350.4406,114.0721,538.2770
398.7800,7.2313,433.9998,61.0824,498.7084,55.3442,462.9066,97.2376,377.0172,46.5290,356.0247,-29.6800,411.2842,-25.4253,409.6493,-14.0183,379.4815,122.5301,573.5682
392.0267,-24.0704,441.8001,36.6896,450.2661,49.8455,440.1953,119.8062,429.7248,47.5632,354.1613,-51.5578,388.7952,-35.1292,399.5821,2.2077,356.5953,98.0616,593.7214
361.5546,-17.2382,420.0558,23.4175,420.7632,56.9186,461.8099,89.4359,465.8615,17.2688,359.2250,-62.4301,358.0562,-63.7077,365.8860,-19.1304,352.4638,97.4563,562.6655
351.0520,26.2296,376.7623,35.7992,419.7015,66.2081,483.7189,38.5038,444.1435,-32.8983,365.2845,-39.9149,356.8218,-72.2757,321.7402,-48.2494,402.8290,116.2768,480.2069
355.1139,55.3682,344.0625,52.5925,415.4717,66.8980,462.1756,14.5627,412.9611,12.5593,364.6938,-12.9447,374.7954,-60.7723,320.5337,-29.6455,403.1708,115.2424,418.1111
317.1382,60.3601,319.0711,59.1727,400.8017,56.9603,423.6669,31.8638,432.8207,148.1802,360.6231,-34.7697,360.0404,-70.9406,384.4402,19.5503,327.8561,89.2792,412.9458
251.1098,55.9785,285.9323,37.2757,377.3641,30.8386,412.8521,66.2396,462.8707,211.0093,345.3144,-64.6272,332.7286,-86.3192,446.8409,42.9313,295.8665,64.1259,441.6905
230.0983,40.3856,257.1302,-3.8665,350.9865,8.4464,435.8054,104.1155,426.7273,195.9834,294.0418,-42.3188,332.9520,-72.3741,427.8963,46.3319,334.8268,55.5448,481.1242
247.5916,14.9268,242.5085,-15.5215,335.2103,15.6337,459.7148,144.5382,359.8577,218.2545,217.8209,-18.0415,316.6401,-56.4451,352.0198,79.1381,352.0837,57.8594,500.2834
242.7242,-15.8947,229.4187,-3.5878,304.8056,23.5014,458.5544,154.4812,357.2351,236.0384,167.3646,-45.6654,258.4473,-60.0549,303.1778,127.5025,324.6721,64.3726,474.4775
227.4866,-39.2950,221.4927,-13.1011,245.7207,5.7585,441.3317,117.0657,397.1723,197.0942,167.2596,-69.2478,226.6207,-55.2833,297.9336,120.2050,299.2429,69.5272,427.7310
251.8181,-19.1939,236.9166,-9.8409,216.7989,8.3924,404.3523,89.4627,385.6688,193.7163,202.3161,-37.1428,241.6967,-30.2612,293.8833,61.7074,294.6923,54.7767,396.1755
304.7829,43.0758,256.3249,45.4479,235.6223,55.9361,337.9994,112.9028,344.9704,231.8041,243.1445,11.2103,236.0122,8.0556,290.1257,45.9867,314.3823,18.5936,396.4065
340.9395,84.9808,244.5142,88.5244,246.4356,91.5235,300.7427,143.6151,354.4100,210.8533,252.5545,29.0995,203.3507,56.9076,329.1187,92.1401,343.5482,3.5300,426.9333
342.2272,84.3573,224.0395,82.9482,264.8282,88.5543,337.1096,143.6590,370.8774,156.3932,223.3460,17.4976,207.9301,81.3877,401.9107,112.9087,339.3705,39.5267,440.2234
310.9671,79.2431,244.4461,88.2948,329.9584,84.7961,372.1484,136.6789,330.4497,147.7168,193.8189,-4.1710,252.9179,58.0562,435.1705,90.4225,292.0700,93.4023,394.4629
248.4615,67.1416,283.5360,102.3292,364.8234,81.5050,350.3142,144.5504,302.2252,164.2447,181.3997,-19.3760,286.2757,39.3453,401.2408,101.1282,230.6477,113.3884,341.8639
171.4205,21.5613,273.4791,58.1540,316.0355,52.2774,324.1774,156.1440,332.6353,169.3461,174.7501,-27.6036,290.9367,53.9700,355.9587,150.1657,177.2734,87.1739,332.6881
130.6615,-18.3054,222.9794,-14.2883,268.8085,21.0343,297.8981,153.1128,328.9753,149.7014,190.3402,-34.4046,279.8708,46.9566,331.3252,169.3372,154.2569,46.9689,311.1321
167.6471,-4.0397,203.8473,-33.2019,271.0955,14.7109,222.7145,125.5375,254.9266,95.6854,234.8425,-21.6308,261.1133,8.5670,296.2327,149.6241,168.2846,35.4104,237.8710
239.0293,33.8252,219.8179,-5.2165,267.2379,11.4846,145.6565,78.8333,196.3606,48.5956,260.7433,21.0437,238.9118,-1.9235,242.6514,125.4307,184.3297,52.3194,162.5531
249.9401,49.7115,210.3226,20.5480,237.2570,5.1007,118.4669,26.0943,160.3700,30.0793,233.7409,64.4162,206.6263,17.9766,189.9086,101.4089,187.7792,56.4028,109.8494
190.3218,60.9878,169.0605,35.5843,202.5576,22.5641,89.5584,-20.9992,72.7789,-6.6951,172.2759,93.4506,156.5228,32.4106,121.2469,76.8719,200.2325,37.3115,60.2440
145.8238,89.6348,139.9902,44.4138,158.3039,51.0535,33.5535,-43.7554,-45.7020,-46.7678,110.8826,117.7337,104.9948,48.2696,23.4973,58.4056,201.8936,24.0412,9.5267
149.1531,99.9720,123.4563,43.0104,104.6276,48.8466,-25.7380,-40.4907,-118.0516,-56.9196,75.9204,118.9401,63.7422,64.3432,-63.8027,44.1160,159.9709,24.4013,-52.7771
130.6520,63.7205,85.9757,32.3605,48.9205,25.7788,-106.3823,-47.6171,-132.8309,-111.3428,45.9488,94.6830,12.4229,61.4778,-103.3421,41.2415,103.0250,30.4507,-120.0037
38.2947,22.6936,23.8517,15.0313,-14.8952,22.8705,-183.8282,-78.6275,-117.9874,-207.6006,-41.8178,99.5200,-56.1554,65.6222,-106.2866,44.5058,62.5761,42.9396,-142.6411
-82.9455,18.7898,-48.3403,-2.1419,-65.9740,33.6322,-186.2560,-94.5297,-114.1365,-199.4193,-167.3042,139.0930,-111.7768,88.0535,-116.8855,23.6650,21.7125,44.9955,-129.8952
-159.1851,27.0626,-116.0598,-10.7940,-81.6146,21.5024,-164.1476,-77.2704,-164.4001,-90.4090,-231.4880,139.1358,-137.8681,76.0934,-174.2715,-4.6408,-41.2260,26.0395,-146.8374
-186.2006,18.2459,-155.6339,-15.6787,-100.2935,-9.6828,-212.9566,-51.4933,-234.7839,-37.3785,-237.5317,85.1238,-160.6036,24.6432,-255.8982,1.6364,-129.2720,17.9615,-179.6834
-218.0525,8.9604,-175.4515,-20.1588,-162.6617,-25.9573,-284.9502,-36.0089,-243.9949,-60.6092,-278.3596,42.2748,-214.3591,0.5887,-298.1382,6.4282,-214.1602,29.5668,-190.9921
-278.1481,11.3143,-226.2369,-20.4434,-250.9973,-22.1065,-305.1818,-42.9222,-200.2147,-83.9596,-363.5410,28.3086,-301.1702,14.1888,-303.4753,-30.4039,-249.9607,24.8866,-225.9867
-342.6718,18.3014,-309.0989,-22.3487,-334.4559,-14.2752,-300.8477,-72.2670,-175.1193,-100.6455,-442.8571,13.4682,-381.9869,18.5704,-321.3693,-52.8916,-260.6812,15.9196,-299.7631
-396.7195,38.4493,-358.9333,-15.8458,-394.5338,5.0690,-307.7928,-93.5429,-196.4140,-114.8911,-500.6471,2.9231,-419.4643,16.5945,-345.7906,-34.4752,-308.7458,52.7538,-358.3898
-429.0119,75.9708,-356.3315,29.7816,-421.5714,48.1292,-345.7175,-104.3158,-267.4209,-127.6427,-523.0206,12.8262,-431.7047,36.3998,-371.3061,-44.8829,-348.9076,113.8117,-411.0603
-407.9280,117.1231,-347.8987,95.6626,-434.5011,88.6231,-436.4016,-140.9582,-380.8916,-156.9292,-513.0132,34.2911,-458.0949,56.8948,-441.5086,-99.3423,-310.1159,126.6702,-492.4176
-350.0141,158.2789,-354.1106,122.4100,-460.4961,95.0371,-530.2177,-185.1275,-482.3141,-154.4433,-517.7226,63.8493,-489.9464,50.2969,-526.7606,-135.0656,-268.6589,74.0506,-568.3859
-334.6411,187.7983,-365.3394,114.5397,-500.9831,84.8717,-570.4388,-186.5258,-528.1705,-82.3122,-530.8362,98.0780,-501.7248,37.1747,-542.6429,-138.5915,-310.8305,11.1464,-623.4052
-378.1307,179.8618,-388.2574,123.1530,-539.6882,91.2909,-600.1498,-162.4746,-540.0253,-22.7161,-510.3707,106.3516,-508.1829,38.0756,-524.9035,-133.1391,-373.4071,6.5453,-673.1573
-412.9102,148.9263,-416.9148,140.7120,-547.2173,106.0088,-645.4315,-142.7733,-547.3118,-17.1392,-504.7958,67.3901,-525.0509,25.5378,-558.4235,-120.0071,-399.6636,64.1850,-676.6802
-427.0983,122.1359,-433.6679,126.8424,-511.7182,104.3507,-654.0530,-103.2738,-552.4362,-1.7054,-556.8687,8.4047,-530.0070,-19.3091,-598.3193,-107.5526,-439.0256,106.8565,-617.9509
-480.2194,72.6916,-456.3609,86.9466,-486.2120,84.5118,-622.2523,-37.3003,-548.4866,28.4194,-593.1164,-26.0839,-505.2502,-52.9271,-575.4686,-88.8998,-508.4625,85.3700,-556.7889
-564.5067,-10.1163,-495.5347,42.2071,-512.5805,46.8996,-579.6447,25.4477,-524.5148,50.4588,-575.1232,-26.5372,-465.7531,-41.9076,-538.5458,-34.9460,-555.3521,41.3965,-497.5696
-582.7285,-67.6498,-514.4517,-7.0819,-534.3535,-8.2330,-512.9470,68.0090,-491.6764,99.2299,-550.9225,-18.9904,-436.4826,-31.2455,-537.3969,13.6832,-553.5323,11.3305,-416.3666
-493.3574,-76.3932,-502.0456,-51.1550,-502.0796,-49.5230,-441.9423,71.5264,-473.2610,141.9212,-514.8438,-15.7693,-429.6844,-58.2746,-526.5578,-6.5392,-522.1717,-14.0371,-374.6978
-390.3076,-79.2067,-489.8415,-73.6904,-461.8414,-49.8697,-397.0547,40.7992,-439.9107,109.8200,-454.9244,-0.8513,-427.6528,-79.5274,-462.6967,-40.4428,-495.9120,-25.0065,-381.3044
-374.7038,-88.5226,-472.1201,-82.4784,-454.0579,-39.9191,-329.8690,42.6915,-366.8715,63.9030,-427.3812,23.9685,-405.3237,-58.3973,-376.8554,-4.8642,-485.4236,-24.9119,-330.6631
-392.2479,-88.2188,-427.4697,-88.4924,-461.0446,-54.1715,-232.9238,98.0563,-316.0149,74.7537,-408.8739,43.6220,-383.0444,-17.3439,-321.3776,62.0003,-450.0451,-63.7246,-226.5377
-327.8903,-85.6481,-386.5059,-84.2093,-463.1512,-66.5652,-176.9906,133.2208,-308.5750,87.4161,-317.7870,79.8659,-383.3301,33.8617,-289.1582,96.2586,-380.2803,-130.3271,-185.5211
-238.9341,-74.5811,-367.5142,-66.4507,-435.2429,-47.7335,-137.7144,116.1397,-259.1809,47.5812,-221.6141,144.3504,-355.7346,95.4620,-217.6714,105.8635,-338.8238,-145.6919,-202.3425
-263.3785,-38.5028,-328.9646,-44.6226,-357.3214,-24.6026,-55.2017,79.6245,-167.1090,-37.8465,-210.1061,182.0199,-260.4066,121.6756,-104.5556,93.5739,-329.7738,-113.9200,-199.8299
-318.7982,-8.4721,-256.5304,-28.5761,-270.6137,-30.7022,-3.7668,31.3229,-147.2773,-134.8393,-182.7992,159.5292,-160.0460,87.7748,-42.5663,44.0752,-286.9732,-107.4956,-198.0074
-213.4359,-16.9057,-192.6994,-30.7841,-219.0605,-55.6984,-38.9713,-2.7184,-208.2184,-163.9415,-64.3483,123.2271,-111.3557,48.3618,-68.6669,-10.4511,-221.5732,-117.7553,-208.4801
-16.2048,-37.2951,-162.2751,-50.6262,-176.4408,-67.8797,-67.1687,25.8210,-239.7890,-109.5262,21.0041,99.3943,-76.8947,40.3604,-99.4210,-29.7404,-184.5229,-87.9378,-162.6676
42.3514,-40.1853,-151.0485,-54.4679,-117.4510,-50.6614,-27.9457,67.8825,-197.1398,-87.6502,10.8526,60.0576,-24.5271,22.3442,-71.1057,-23.7414,-156.8013,-36.7864,-68.7654
-33.7383,-33.2555,-137.0994,-21.3728,-61.7396,-17.8859,33.3695,46.9922,-113.0101,-133.7241,21.8253,6.9745,25.1369,-33.3598,-7.2031,-23.1768,-125.1664,-18.0274,-13.5405
-52.1790,-26.2028,-105.2527,10.9908,-17.4559,3.3815,87.5356,7.9441,-24.2497,-146.1019,96.6327,-34.1306,68.0399,-82.8249,50.7450,-37.0046,-107.0795,-25.1652,5.5545
23.3358,-28.5102,-62.2658,4.5391,17.8017,11.3337,123.6674,7.9424,29.9158,-102.7741,148.5046,-62.0334,108.6536,-82.5873,72.6320,-37.0430,-67.1050,-22.5084,55.2170
68.0997,-56.5876,-29.3839,-16.7931,37.8773,18.7257,134.2668,9.1067,47.0386,-51.0112,160.3806,-66.3176,131.9606,-50.2587,58.8024,4.5334,9.0836,-11.0193,134.0152
37.5931,-94.4562,-2.4350,-16.5488,62.6305,17.0066,160.9326,-5.5436,71.2676,15.9032,177.8752,-38.4265,148.2249,-23.8117,56.9332,44.1289,58.2825,-3.7433,192.6555
8.2157,-95.1315,38.6389,3.5249,113.6875,9.3127,216.5825,-6.4374,105.7288,69.2413,182.7211,-22.4922,172.8781,-10.2438,81.5398,18.9838,81.9536,15.0199,210.4979
46.8481,-50.8875,92.0675,31.9069,165.9575,27.6230,246.1171,-11.9553,121.3961,63.4788,159.2334,-47.2639,178.0776,-11.4024,86.1955,-33.8953,140.5255,47.6866,201.9250
139.1432,-17.3032,148.8849,52.1902,192.6447,56.9035,251.9163,-35.0523,134.7265,71.8013,162.3663,-69.6877,159.5142,-46.6270,69.8711,-44.2972,197.0570,51.4293,204.2716
217.0424,-39.7363,204.7562,28.2727,207.8900,37.1102,282.9882,-31.4396,169.3775,153.5216,211.8369,-67.5504,167.0057,-102.0352,83.0300,-34.1723,195.5756,12.5279,245.4190
238.0059,-90.3878,247.7219,-40.2829,230.4536,-25.2644,310.0174,-2.2691,225.2258,224.4742,254.5461,-80.0498,210.0682,-130.9376,134.6050,-49.1110,183.9917,-21.1758,292.4165
232.4934,-114.9724,277.0471,-92.0163,254.1532,-67.8784,297.2616,-5.7647,317.4491,212.3559,272.0729,-116.0837,248.7912,-135.5091,207.6408,-81.5630,201.5746,-33.6918,288.6858
250.2265,-105.3248,303.3544,-87.9223,262.1536,-80.3417,296.2551,-47.3856,419.3553,145.3146,297.2918,-134.0533,276.1514,-148.4798,283.6757,-124.1090,224.1123,-56.2395,247.4993
285.0967,-83.2194,319.7931,-59.2554,259.6460,-86.6122,334.7381,-82.4958,436.5832,83.1744,331.8313,-114.2713,305.7892,-150.2762,307.1299,-155.4589,253.1409,-78.5430,234.1274
295.6141,-64.1611,326.2561,-50.0728,282.6833,-84.8289,361.4707,-89.6996,364.5430,76.3821,351.3611,-74.7626,331.2941,-117.0760,263.9111,-118.1731,290.4482,-76.2849,262.7385
275.3214,-62.1791,347.3164,-65.0851,337.9221,-81.2991,353.2435,-81.6258,315.1140,87.0051,355.5457,-36.2626,346.3810,-82.5980,247.1391,-41.4155,306.8441,-75.4969,276.8098
266.8153,-63.1770,380.9100,-64.8916,376.1297,-86.4630,334.0510,-91.8378,318.1341,12.1470,353.0362,-6.3659,342.3300,-69.4147,308.0518,-38.4218,322.3612,-80.2794,234.8153
307.3351,-27.0893,397.8652,-13.5977,380.0488,-67.8013,308.3058,-135.7068,306.7346,-104.1845,351.6550,9.7179,316.4799,-68.5705,371.3002,-105.8590,364.5476,-51.9456,176.7756
367.9510,14.8563,401.1215,41.8273,385.4497,-14.3223,280.5450,-165.5861,285.3597,-124.6233,370.1758,-7.8206,312.7981,-94.2858,379.0364,-137.1979,378.1757,-5.5974,178.6688
382.1516,-15.2738,409.0970,23.4759,392.5945,16.4452,285.0198,-136.8922,294.8101,-92.0033,405.7257,-65.1339,358.4595,-134.5246,353.7621,-128.6308,339.4094,20.5993,241.5539
352.2590,-76.5595,421.6683,-26.1057,382.8466,6.2632,319.5916,-95.5363,292.5218,-126.1992,421.6784,-112.4107,392.3495,-128.2615,316.7950,-148.4678,331.3041,47.2076,277.1814
349.4195,-58.2904,441.7923,-3.1116,380.1644,13.2394,316.7800,-105.8230,243.4194,-187.8945,400.3445,-95.8472,372.7807,-79.5912,286.4249,-182.0067,388.4384,76.8630,241.0969
382.8433,15.9133,453.0798,65.4482,387.6192,49.1796,255.4507,-142.9188,201.9926,-209.8009,364.0598,-36.0114,353.8841,-49.2880,290.2513,-183.8213,431.1361,65.9943,198.2548
384.4359,42.1730,413.2399,80.2011,367.1377,56.4921,214.9122,-145.1351,196.3871,-215.1081,342.5050,7.2262,359.4824,-30.6521,303.0349,-165.0532,406.1440,30.6805,194.2829
346.2611,15.0476,343.3478,41.2142,326.1448,17.7652,228.1421,-115.5863,187.9671,-197.4281,343.7389,8.0835,335.0879,1.2675,276.8879,-139.5345,356.1770,11.7778,184.0273
331.7991,-17.6905,312.0002,-4.3581,296.6632,-30.3297,216.2775,-97.3791,177.4500,-136.6819,340.7290,-19.6580,275.7398,6.5296,232.2089,-104.0414,335.7945,-21.7302,147.7898
342.4172,-49.5712,308.3005,-50.3040,265.4272,-65.8736,156.9099,-93.5525,180.8715,-84.3201,309.9276,-46.3338,240.5716,-25.7354,206.6523,-73.1081,335.7921,-81.7830,126.7850
324.1097,-76.1071,278.6865,-79.1100,222.1765,-87.2834,122.5417,-80.3756,144.6705,-76.9390,286.3457,-58.6747,241.2277,-46.9838,175.5350,-47.2100,311.2705,-109.4363,118.1734
275.7418,-90.7046,237.0978,-82.3009,182.2750,-100.4531,112.0162,-69.2944,53.5498,-89.3320,294.6833,-70.4912,240.0631,-52.4035,122.2461,-6.1385,259.7722,-108.9038,87.8201
211.8569,-113.0637,203.1227,-112.1738,139.8959,-126.7209,80.5262,-85.5160,13.0641,-93.0276,272.2475,-67.5849,222.1080,-59.6493,95.4714,35.1088,220.2644,-151.5358,56.3618
110.5333,-137.5555,150.9288,-174.7091,99.5192,-167.5992,76.0191,-113.1717,71.0914,-75.9024,185.9888,-13.9411,195.2415,-44.3308,113.7769,46.3072,197.6947,-225.5822,47.7093
8.5991,-127.0887,90.9103,-191.4733,86.8494,-184.3513,115.6732,-125.5204,119.8371,-64.1180,112.8692,53.1268,160.3759,-8.7086,114.7967,36.9810,169.4427,-257.3638,38.9352
1.4004,-82.2447,52.2119,-148.5265,78.7363,-164.0609,103.8632,-124.8166,95.0585,-88.1330,97.0049,68.8095,117.0812,6.6847,72.5571,29.0602,143.9390,-242.7181,23.3202
73.4210,-44.1247,14.3835,-116.4208,41.1380,-149.4307,19.0439,-114.0339,66.2693,-97.7188,95.5911,62.6233,78.2251,8.5283,50.2108,27.5067,126.5223,-226.0685,4.0987
105.1826,-50.5053,-21.9788,-118.4349,3.0145,-162.8828,-59.6750,-96.5252,63.3370,-65.0531,95.9612,78.0035,58.8969,21.1434,65.5586,36.3505,90.2922,-213.5538,-43.2875
64.0680,-100.1600,-24.3552,-127.3878,-18.3623,-173.4894,-106.4443,-99.3184,38.4407,-71.4175,100.9896,78.6012,49.2212,28.3603,47.5233,47.3997,31.3821,-187.8806,-101.0465
4.3193,-128.4898,-32.7591,-131.1568,-59.1147,-160.4612,-121.3709,-125.9229,-1.7929,-116.0783,68.9680,62.2203,24.6032,27.8370,-16.0861,38.7890,-25.9094,-157.7505,-121.8386
-59.6956,-81.2183,-98.5025,-114.7535,-115.5544,-133.9037,-107.0795,-139.1241,-24.9650,-97.0784,8.1267,82.7981,-12.8465,40.3596,-60.6238,17.9100,-60.4598,-142.7865,-140.2441
-113.3577,-8.3325,-164.6284,-68.3867,-144.6373,-98.4218,-143.2699,-133.6626,-63.3082,-53.4336,-22.2711,110.4707,-49.8922,52.6157,-88.2733,11.0248,-51.1322,-131.6051,-201.9171
-105.7147,18.0481,-172.4426,-25.6895,-153.7570,-64.6874,-249.9269,-137.0511,-137.5354,-82.1171,-38.4307,82.9347,-100.6871,47.3508,-142.4760,15.0282,-26.1283,-101.0499,-252.2732
-66.0323,7.2365,-168.3412,-20.9674,-177.3883,-61.5752,-301.3107,-145.1923,-202.3839,-123.4696,-75.8915,41.3313,-168.3883,37.5194,-194.7607,21.0702,-72.3599,-70.9502,-257.0676
-88.5213,-17.3891,-194.6884,-49.8847,-216.1116,-85.7042,-276.3047,-146.0213,-227.9880,-124.5954,-101.1414,39.1569,-221.4421,22.9680,-219.5345,43.3672,-188.3663,-75.7219,-274.2378
-167.9476,-59.6202,-228.9105,-94.6573,-257.7511,-99.1592,-292.0707,-151.5601,-223.6833,-145.2912,-120.6481,49.4156,-252.6284,-0.2365,-248.5398,77.4250,-264.8948,-94.7012,-311.4469
-229.5611,-95.7342,-265.2422,-130.6992,-296.5721,-98.0409,-328.9323,-162.6535,-206.1083,-179.5392,-193.4362,46.2746,-281.9248,-4.6328,-268.6556,94.5954,-282.0509,-91.4220,-324.1129
-272.8109,-103.8491,-314.0168,-130.8296,-321.6187,-102.9855,-301.7187,-178.7913,-218.4453,-191.9717,-291.7968,32.9365,-302.7146,17.9661,-259.0615,92.1902,-310.2381,-79.8709,-341.4691
-320.1513,-92.2910,-349.9528,-95.5587,-322.8730,-94.7893,-277.2297,-211.1205,-293.6507,-227.7296,-347.9641,10.7587,-308.5716,34.8530,-294.1198,77.3692,-331.3174,-72.9815,-388.4665
-336.6726,-46.3506,-351.6669,-44.8722,-304.6802,-48.9687,-310.7500,-227.1995,-385.0400,-260.8792,-374.2726,6.6081,-322.7514,34.8025,-404.2936,28.7674,-304.4450,-44.6713,-405.3014
-314.9040,29.9827,-337.6894,3.0042,-291.8327,4.1902,-340.5078,-184.4659,-431.1347,-211.3280,-400.7117,37.2125,-348.0624,37.5353,-482.1061,-48.4379,-295.2516,-0.2894,-383.6917
-301.8608,67.6514,-334.3348,26.4291,-310.0995,27.3460,-365.7083,-125.3419,-438.1715,-148.3094,-426.2964,61.0956,-367.2243,51.6998,-473.0189,-85.5453,-341.7719,13.3661,-393.8118
-314.4503,49.4625,-351.0674,24.2423,-351.9958,28.4388,-418.7738,-108.5269,-435.1428,-165.5196,-460.2552,58.8309,-390.4671,69.6109,-444.1063,-48.9468,-378.7625,-9.5579,-433.9441
-349.6626,32.4064,-378.0192,24.6056,-396.5211,26.3238,-449.8105,-104.7562,-439.5620,-204.8843,-486.1740,50.1341,-423.8121,74.2019,-425.6441,-4.3155,-391.6315,-28.0716,-447.7339
-417.9591,11.8817,-394.0212,28.7359,-441.1794,25.0065,-449.2037,-69.7726,-475.2581,-204.0442,-472.4596,13.3100,-444.9834,56.4727,-409.3275,-5.1686,-434.6742,-20.1376,-441.6260
-486.6035,-35.3001,-397.0007,17.4837,-469.9182,30.5560,-454.6716,-16.4035,-526.7870,-177.3573,-465.2137,-50.7544,-452.2364,41.1865,-429.0747,-8.3970,-494.5786,2.3143,-436.7535
-503.8255,-41.4574,-406.3568,15.8728,-457.7427,43.9490,-424.3551,34.2363,-530.1706,-132.6726,-509.9878,-67.3860,-459.1413,41.4642,-472.9930,19.5656,-514.6896,20.3410,-416.8882
-492.5464,20.3485,-421.2742,45.1842,-432.6949,48.7229,-358.7470,69.7317,-480.9404,-95.9912,-539.8621,-36.2113,-458.2308,19.3833,-464.6363,27.5379,-499.3412,20.8581,-394.7777
-490.8478,55.7598,-421.9137,59.8584,-435.6346,36.1447,-355.5992,78.8626,-446.7613,-85.7092,-504.9988,-41.5881,-450.4656,-27.6263,-404.7692,-3.3710,-485.7743,-0.9877,-392.9740
-469.5998,29.0362,-411.6627,33.8678,-447.1906,22.9521,-388.5627,81.1183,-443.6680,-46.2413,-474.4642,-71.5793,-448.5212,-31.0962,-364.3823,-6.2784,-481.2076,-34.6528,-378.8017
-420.6956,17.4380,-409.7702,17.9828,-442.4080,27.8439,-346.9969,89.9449,-425.6919,8.6104,-498.3509,-54.0412,-439.3779,23.2678,-354.1161,28.1004,-466.5569,-53.0042,-343.1433
-397.0977,43.9670,-414.1005,41.0303,-430.5334,45.3192,-274.1835,73.0170,-382.4875,-30.6297,-526.3583,-15.2702,-412.5206,63.8382,-329.7881,18.9387,-431.1862,-44.3949,-343.7773
-411.4350,49.0993,-408.6712,60.5489,-410.0014,55.8428,-255.0578,34.8003,-332.3738,-126.1661,-505.4616,-14.5721,-382.2201,60.1148,-271.4937,-38.5388,-400.2797,-38.8186,-372.2458
-428.3949,18.0515,-396.4286,44.1887,-387.7334,54.7273,-246.5610,39.0298,-268.0628,-121.8319,-442.8503,-39.7611,-345.6509,43.1001,-200.4234,-57.0833,-393.0391,-54.5809,-334.5094
-424.1045,4.1042,-387.5941,13.8298,-388.4278,49.6215,-220.0886,84.1610,-199.3006,-18.0808,-378.0946,-55.7496,-295.8915,20.9423,-156.7965,-25.5519,-367.3920,-54.9361,-240.4447
-365.6544,40.3583,-360.5201,3.5897,-381.6671,39.0385,-223.5468,89.6143,-173.9081,60.3816,-335.9268,-40.9284,-256.8423,-6.6138,-151.4180,-13.8657,-290.6468,-24.2654,-213.6778
-249.7887,87.3297,-289.1141,17.3042,-322.2679,24.5384,-245.3061,31.7485,-192.8508,65.2185,-296.4253,1.6916,-231.6714,-17.6470,-149.0655,-33.7247,-212.3322,-10.2298,-260.3568
-172.4409,84.8773,-205.9332,23.8365,-245.8357,17.6254,-231.7772,-29.1088,-200.2246,28.4869,-231.4373,19.5219,-185.8006,-22.3102,-134.9622,-45.4207,-172.8241,-33.1149,-261.2010
-187.1475,42.8322,-164.0718,-1.7996,-192.8348,9.7729,-189.6601,-49.7136,-185.9670,-7.5174,-149.8824,-8.4097,-114.0708,-47.8302,-125.5597,-47.2684,-132.7775,-60.9963,-202.4786
-183.4114,20.1413,-148.3661,-37.5552,-142.5950,-14.1821,-151.8863,-44.9132,-179.1880,-26.8254,-75.8542,-14.5368,-43.5030,-61.8633,-95.2524,-52.5015,-65.3353,-87.6934,-158.7370
-91.9709,25.6760,-109.6193,-49.4102,-97.6925,-38.7253,-115.9196,-38.5716,-146.4700,-40.5289,-34.0233,33.0165,8.6721,-25.3427,-7.7465,-43.6231,-2.7738,-121.3707,-99.2419
-20.5295,25.7684,-57.9580,-44.7520,-74.7834,-55.4518,-46.6831,-25.8586,-42.2714,-16.8684,-36.6281,77.1997,34.0065,20.3112,99.6161,-7.7536,42.6010,-135.1317,26.2802
-25.6568,14.5671,-32.9853,-45.3057,-35.0037,-78.9016,63.5440,-3.9864,66.4485,78.5469,-29.8751,85.7035,46.8505,20.5984,170.0683,30.4399,96.4281,-113.2106,129.3031
1.7436,2.8779,-22.8471,-43.6094,34.2770,-81.5750,139.9051,-5.9736,82.8033,157.7312,49.9541,70.3403,81.1250,-9.3660,200.7864,35.9463,163.9155,-78.3190,141.5797
117.9164,-8.1100,15.9514,-29.9685,89.7158,-36.0097,128.9288,-46.5876,42.3485,137.9562,152.3396,33.6182,126.7990,-36.1420,200.9915,11.2229,223.4411,-50.9860,147.6538
232.6351,-13.3346,96.0104,-22.9775,139.9585,-10.7124,108.8735,-76.3841,46.1961,102.8938,193.9638,0.9972,149.9656,-53.3623,175.7302,-4.4576,263.0856,-40.7926,205.0357
275.9561,-11.7404,185.0732,-35.8779,213.8991,-53.5355,144.4929,-61.6318,100.4294,117.2926,204.9601,5.8632,171.1881,-50.7947,168.9602,-1.4036,295.7941,-38.5962,258.5435
278.7621,-10.9256,240.9535,-49.3950,272.5493,-73.6242,177.6505,-40.7408,145.6803,96.6956,243.5336,23.9457,214.1928,-26.0433,220.6771,-13.3152,331.9829,-9.8125,279.5872
295.9536,-12.8655,265.4355,-49.0093,294.1557,-18.1791,182.4635,-43.7450,169.9664,6.8577,294.8986,31.8302,249.8166,-10.2177,292.7166,-35.8148,346.4676,37.4953,283.1353
344.2388,-26.7881,296.0982,-51.6036,317.4979,14.6483,207.0720,-47.5179,201.5517,-63.2099,343.3188,51.0841,274.5676,-15.0080,323.7222,-26.5767,316.6824,48.1065,267.4934
385.0909,-59.1267,334.6961,-67.6907,346.2758,-22.5207,245.3083,-32.4887,250.3541,-52.6332,382.1562,63.6368,316.9621,-11.3373,329.8160,3.1947,278.9898,29.6118,264.5301
369.1926,-81.4642,350.4960,-76.6675,360.8673,-47.9635,285.7341,-3.2401,307.6404,24.3230,369.8046,32.4837,355.6556,6.2661,368.2340,19.3852,277.3792,32.5795,314.6382
318.9995,-73.0639,347.5735,-62.3155,378.0593,-32.8051,362.7054,20.8875,361.6203,99.7988,315.3402,13.9841,365.7070,18.2592,425.7532,41.1774,296.0732,33.3721,369.8419
296.6532,-58.2785,342.5818,-39.3293,392.8559,-28.3738,428.2026,2.3838,395.7371,87.8843,292.9395,80.5511,368.2631,33.7956,438.6614,66.9594,314.4948,-12.8756,372.8428
299.4532,-59.0225,317.4268,-40.1758,375.5384,-49.6904,406.8190,-62.2579,403.4390,5.2616,300.0267,177.1068,353.7115,54.8270,411.4540,41.0263,344.7522,-81.3968,355.4957
278.6554,-88.3951,275.2758,-91.4791,343.9431,-96.9066,365.4745,-114.2197,404.3365,-53.0585,262.4910,201.0498,298.3863,43.7142,402.4101,-19.5370,357.5826,-143.1575,352.1418
222.1045,-162.8990,261.1128,-173.1738,321.8638,-168.2620,381.8564,-120.9694,421.6750,-84.3983,177.8121,155.5755,251.0188,4.7583,411.5028,-29.4121,297.2764,-193.5133,353.1782
149.8178,-237.3570,277.4346,-214.0633,295.7891,-197.6682,399.8952,-109.8556,449.0252,-119.8369,110.9787,111.1157,248.5318,-4.0955,405.5994,10.1758,199.9017,-199.5989,368.6165
86.5816,-238.9695,282.7223,-186.5137,275.6802,-151.8300,383.7348,-84.0377,462.0391,-91.0964,96.3399,83.1435,240.6578,13.9424,399.8886,28.0994,158.1807,-151.5542,405.0946
65.3992,-198.6099,273.0907,-152.0571,290.2195,-121.8062,384.5353,-23.3547,458.6932,22.7275,116.9194,43.2679,207.5393,0.1715,403.7452,8.7996,172.6439,-98.0418,435.1138
93.2219,-186.0095,273.9185,-150.6250,329.8501,-153.6409,406.5215,40.5586,457.4456,91.1194,130.0820,-0.3752,200.5087,-41.8508,379.5470,-24.7747,168.8059,-53.2823,453.1102
128.3525,-177.1968,286.4406,-142.8496,374.5485,-157.0409,415.1875,57.9978,459.7990,36.1220,114.6939,-25.2555,231.5432,-70.5194,322.3063,-64.2698,138.9693,5.2309,465.6692
139.9831,-143.9662,298.1590,-108.4141,415.4439,-98.1123,420.5241,33.0251,446.1388,-47.5045,102.7360,-52.6712,269.0943,-94.9287,267.7157,-97.2357,140.4252,51.4142,447.6371
138.5131,-122.9559,302.4615,-82.3984,430.7642,-61.5484,430.4244,3.8129,409.6423,-63.3252,119.5432,-96.1885,301.7436,-125.4372,223.5074,-120.5033,172.7049,56.6156,397.5734
129.1703,-111.0960,292.0666,-79.7471,411.0031,-74.4952,422.1469,-1.6915,381.3122,-45.6024,143.1761,-118.3420,316.0127,-129.1029,193.5949,-145.5851,178.8846,45.5851,358.3243
105.4977,-84.2322,265.5491,-82.1900,368.2054,-84.4331,380.6638,13.8918,403.5817,-47.2019,163.1930,-110.8027,292.9556,-106.7144,194.1318,-151.8955,161.7489,21.2658,343.3260
86.6627,-80.5797,228.7534,-77.1800,300.0824,-85.3053,306.6638,17.3714,466.6507,-18.9811,188.3820,-111.5438,241.7012,-99.8882,186.8011,-120.6454,180.3861,-42.2989,338.4055
98.4972,-101.3772,183.1933,-63.6161,214.9539,-96.5395,240.1676,-1.5959,515.3284,77.7195,195.8596,-114.6264,172.6905,-104.4586,123.8970,-88.6864,222.4291,-109.5255,347.2284
128.1795,-85.9546,133.6528,-57.7004,143.7482,-97.1969,243.6544,-0.5623,537.1829,161.5801,164.0480,-96.6039,90.4766,-91.1474,57.3655,-75.8244,203.5220,-118.8972,358.4361
141.8824,-55.8626,91.3299,-73.1199,85.9961,-81.0381,292.1410,41.6753,554.5240,195.7930,116.5593,-89.0539,26.8283,-77.2137,60.9707,-52.5362,120.6465,-82.8748,340.2339
126.2208,-64.5399,67.0059,-79.6607,36.7301,-72.4893,283.2236,83.2859,526.3786,260.2889,80.4775,-102.0962,-2.8158,-81.3316,96.7584,-30.6467,74.3220,-50.6272,290.5846
90.1387,-63.0240,72.9467,-51.5599,23.1498,-59.9754,180.1459,90.6568,400.0219,322.5980,60.0325,-88.7568,-35.3780,-73.9050,78.8249,-45.7022,104.0205,-29.8132,220.3371
63.8752,-18.2274,98.4720,-18.3679,19.0928,-19.4059,30.8039,73.1166,231.0206,265.2356,54.9006,-50.1928,-85.3718,-38.4438,0.8063,-65.1171,130.9372,-8.9897,121.5595
85.5606,10.1146,99.3959,9.1823,-40.0208,23.4267,-109.7921,39.7421,97.6958,164.1025,53.8525,-26.9770,-114.1009,-7.6032,-75.4200,-58.3743,94.6566,10.0808,5.5951
130.7952,23.2756,63.7741,60.6247,-105.3644,43.8506,-195.9840,-1.4081,-6.6960,138.9054,35.0317,-12.8906,-100.7094,-4.3331,-99.9944,-66.9356,26.8259,38.2654,-83.2748
105.5274,72.8700,33.3722,111.3815,-80.1649,66.5516,-208.4524,-22.6209,-82.2118,104.5931,-10.9944,-7.6319,-65.9033,-11.7825,-73.5948,-94.5735,-36.6219,89.9992,-125.6702
-12.0867,111.0881,17.8095,111.2579,-18.2019,99.4972,-177.6441,-15.4166,-101.4573,17.6092,-77.3069,-29.6032,-39.7101,-6.5776,-43.6288,-86.0547,-100.5307,130.5070,-156.7852
-112.0409,91.5120,-21.4056,89.3179,-36.2627,107.6385,-146.1811,-11.3660,-118.4886,-9.7026,-144.0314,-20.7677,-49.8664,23.0397,-65.5058,-65.1987,-149.4664,110.0202,-211.6184
-126.2930,83.8473,-83.6124,93.6267,-116.1041,89.0495,-146.1539,-22.5850,-186.7356,11.6971,-198.1545,64.9216,-106.8829,73.8235,-144.0348,-92.7251,-157.7371,56.4185,-260.7641
-128.4685,111.8223,-132.9837,105.5196,-180.8805,84.2205,-189.3382,-8.5113,-238.0308,12.3469,-258.2924,127.7859,-189.7516,115.8176,-220.4869,-105.7869,-158.7399,38.1596,-245.9013
-175.7865,98.3650,-170.4961,101.6703,-232.6615,99.3237,-227.8469,56.0345,-229.4740,56.6167,-328.5406,91.5479,-264.6758,118.7783,-247.5893,-23.3136,-194.0044,52.5787,-181.1632
-224.4288,54.4280,-209.4454,95.4180,-285.3970,105.2564,-215.7355,124.6100,-232.0163,117.2822,-366.3383,57.2360,-307.3887,104.6010,-259.3457,69.9035,-234.1806,60.0243,-141.2175
-255.6629,63.8895,-238.9525,94.1567,-307.7417,99.5279,-200.3201,147.5989,-258.1322,85.4504,-367.7559,98.0262,-318.8508,120.9480,-302.7078,67.6641,-253.4628,72.2912,-144.2653
-308.1121,92.0695,-263.7565,96.0872,-303.3366,99.9640,-221.6741,151.4031,-246.5527,77.5611,-389.7531,112.2246,-327.1765,151.2304,-342.5850,36.3500,-290.5007,103.0764,-153.0245
-373.9008,62.7868,-300.3846,101.0679,-318.1641,106.7416,-226.9925,174.3829,-233.4307,181.2211,-432.3725,33.8835,-343.9463,129.7739,-342.8250,63.9092,-343.7083,125.2861,-172.5151
-403.0031,37.2995,-329.9624,106.5482,-342.9064,114.9754,-206.8532,182.3451,-297.1344,189.1453,-432.6371,-31.9426,-343.1797,63.3867,-360.5009,94.1477,-348.2280,138.7062,-236.0668
-384.5479,92.0177,-331.1722,127.0708,-326.3226,128.3715,-237.5567,139.2256,-405.7831,46.6058,-387.6371,-3.1547,-316.6497,33.9145,-428.6814,73.1571,-312.5016,162.2520,-328.8999
-347.6562,156.0594,-330.6616,165.9143,-286.4159,142.1216,-320.6596,89.1495,-483.5151,-24.8693,-350.5741,44.2112,-290.6830,64.4796,-468.7373,58.7110,-304.5932,170.6655,-400.0693
-324.9574,147.8411,-356.4458,172.2923,-292.3347,142.9427,-381.9484,79.7148,-509.3901,-19.3407,-338.4557,28.9181,-277.4241,99.9125,-434.9631,82.5654,-315.4973,147.7114,-424.3365
-323.0757,110.2500,-382.0084,123.7641,-343.2720,126.2443,-417.0387,87.5040,-488.2854,-64.4234,-331.2292,-8.6317,-278.4658,112.8499,-393.5679,98.0595,-305.9093,122.6896,-428.7457
-310.4675,93.8182,-369.7692,84.6386,-377.6137,100.2297,-456.8571,81.5946,-430.1435,-48.8117,-311.3675,-15.4449,-306.0287,112.2082,-389.5555,89.6196,-302.1991,99.2683,-453.8510
-286.1538,77.3469,-339.9566,88.1525,-386.6458,78.6982,-469.1486,71.9632,-355.4106,82.9276,-285.5461,-16.7749,-348.7035,93.3889,-389.8085,82.2533,-318.8355,61.7284,-482.5987
-307.5565,55.2665,-353.0439,83.6795,-413.0360,65.6504,-430.4040,68.2879,-291.7417,144.2109,-285.0202,-29.5903,-373.0656,76.1279,-369.9632,88.6614,-323.3227,28.3432,-463.8521
-364.0141,46.4497,-422.2632,52.8679,-462.3199,50.5173,-395.0146,67.4561,-290.0219,103.5182,-305.9166,-29.5119,-373.4092,99.3033,-343.4189,117.3743,-328.6686,5.9569,-415.4025
-357.1490,35.6889,-479.2565,37.2455,-498.6781,33.9523,-411.5108,73.8533,-374.8051,91.1494,-301.2855,-27.7074,-368.2123,134.9797,-333.2819,144.0783,-361.5090,-16.2486,-395.4714
-287.5674,19.3362,-460.3317,50.5370,-492.0168,34.4736,-450.7232,82.7649,-473.5423,73.3165,-284.4308,-37.9296,-369.5669,133.8361,-352.7083,114.2397,-378.9843,-9.1620,-391.0464
-272.4241,23.4430,-393.0400,67.6401,-438.3368,49.4443,-460.5595,77.7339,-515.1913,1.9874,-313.9474,-22.5814,-375.8707,118.9040,-373.3577,56.1841,-359.7407,34.0137,-365.0121
-330.1125,34.3138,-351.3281,64.3789,-376.0193,49.6517,-436.2978,64.9166,-529.6909,-18.9190,-357.8870,6.7191,-366.3780,104.7406,-355.7401,46.5460,-359.9827,49.5708,-346.4171
-352.7574,28.5105,-357.1284,32.4815,-355.0320,25.4963,-403.8629,65.9620,-537.6052,31.5853,-345.0666,-21.4479,-333.9218,47.8699,-326.8852,48.2079,-394.4966,21.7870,-362.5704
-305.7339,26.8993,-370.0876,-4.9235,-360.0609,-2.2146,-377.5754,78.0519,-496.8063,61.1261,-308.2934,-81.0634,-319.7669,-28.7781,-331.8142,-2.9230,-414.5955,10.4749,-377.6666
-266.3305,22.9579,-354.3642,-15.9287,-333.8456,-14.0480,-361.6240,81.6341,-421.0598,65.8732,-308.0899,-88.1759,-339.4985,-51.3762,-333.4056,-38.6051,-411.2957,22.8285,-359.8551
-266.5214,-13.5044,-317.5548,-7.1718,-281.7520,-8.3269,-349.8981,75.0505,-369.8353,82.6769,-313.7301,-76.1346,-338.0923,-47.1972,-275.4770,-3.5192,-398.9020,11.7836,-326.7064
-244.3491,-35.9755,-286.8011,-1.3940,-266.8011,0.4610,-321.3600,69.8765,-337.5241,88.9566,-278.2228,-104.4448,-304.1515,-65.5338,-189.0215,28.6520,-354.1703,-31.0599,-309.6191
-167.8898,-2.4929,-273.5502,-1.9963,-311.3836,-2.3197,-284.0519,63.4070,-295.8717,63.6044,-217.6572,-108.5413,-299.9567,-46.1483,-140.1779,25.1539,-275.2255,-83.8651,-309.8256
-106.3917,18.9243,-268.9193,-8.9445,-369.4933,-9.4922,-280.3511,41.5987,-256.6930,4.9447,-171.1169,-36.4361,-325.7377,33.3855,-135.6084,31.4657,-210.7677,-118.8769,-289.4864
-117.3561,-6.8212,-258.5974,-13.9637,-378.2103,-8.7045,-297.1340,10.3593,-222.4156,-67.1717,-157.1298,36.2348,-318.8287,73.2744,-133.8202,29.9848,-182.1852,-101.6252,-224.8654
-143.7520,-9.3175,-231.0013,0.0841,-314.6224,-7.5443,-262.8609,1.2852,-183.3604,-84.4344,-160.1122,44.9786,-279.3158,44.7533,-105.2867,1.0347,-168.6351,-39.4536,-145.0788
-118.9655,19.4248,-183.6821,17.6754,-215.1287,-7.1081,-166.8595,30.5422,-146.7855,-20.5950,-153.4440,16.7995,-242.1531,25.3435,-60.1783,-2.1784,-157.8364,22.2944,-67.1147
-75.4812,17.5423,-129.9078,16.0362,-127.0478,7.6013,-66.4415,68.8896,-100.9910,49.2190,-148.8174,-14.8865,-194.5169,20.9982,-22.5025,9.5826,-138.9921,67.9719,24.2581
-53.4739,6.5251,-83.4943,15.3003,-58.2488,24.6677,8.6535,74.2910,-29.5689,59.8005,-156.2119,-39.6352,-124.3836,-8.2286,14.7178,-25.4222,-95.3755,90.6772,93.6083
-27.2608,28.4641,-45.5499,22.7307,-0.7233,19.7301,62.6801,44.1795,51.2491,36.4454,-123.2347,-42.9468,-48.2085,-30.4001,77.3342,-52.8558,-40.1105,65.5925,98.1592
21.5046,37.2108,-17.2855,6.4670,41.2656,9.3320,104.9485,14.8389,143.2379,59.8565,-24.2826,-26.3366,33.7892,-25.4998,160.7041,1.7177,4.2568,11.7124,92.8613
86.7633,6.5604,1.9177,-23.2259,66.5368,14.1942,148.6777,10.7165,255.9234,170.4468,77.2410,-14.2367,115.2420,-29.4377,235.7868,73.4750,59.5092,-24.0698,132.4848
171.0093,-11.4296,31.7964,-19.2269,84.4859,17.0189,181.2879,13.5156,333.5459,266.6939,150.1192,-16.9407,171.1148,-27.5322,292.2657,83.2392,152.8636,-39.3112,172.1431
238.3537,9.7933,93.3812,22.3601,116.1775,20.7770,187.0737,-5.6402,335.2788,210.9574,233.7020,-13.4356,219.8367,11.3028,339.1291,50.0259,252.7914,-33.8889,180.0491
250.4309,51.2067,177.2828,79.2604,187.8552,60.3766,210.3788,-37.0437,319.7881,63.3119,320.6021,14.2711,299.4179,40.9698,377.6157,13.7745,317.7902,11.0649,189.7420
271.4600,90.4626,254.9431,129.6235,284.9535,115.7632,279.1946,-41.9894,330.8226,0.9412,369.2195,35.9697,385.6861,35.5526,401.7269,16.7355,356.5997,56.9142,210.5380
361.8527,95.2475,311.0164,134.9715,356.5872,124.8419,330.5382,-4.2979,342.1739,50.7994,399.7881,11.8916,435.2163,46.9063,416.8597,97.2200,382.1230,53.4876,245.2478
446.9272,65.8636,350.1432,99.5389,403.5226,95.4015,340.0768,55.9871,362.2036,112.1999,440.5976,-27.0487,462.1315,76.9764,430.3737,194.7102,389.1153,46.2329,329.7174
458.0067,54.7124,387.8955,89.0291,468.4160,91.6979,379.1151,109.8683,413.2794,121.1816,463.6865,-32.2081,496.8514,69.0802,426.9927,211.5902,406.8603,91.5140,448.7855
442.2871,64.1722,434.0020,110.0414,533.6388,123.0428,461.1692,139.0274,450.6740,82.8944,456.4810,-29.7370,532.4112,39.6958,402.6731,177.0615,466.3990,145.0947,540.8871
445.8646,43.6341,476.1701,100.7779,558.3554,142.4460,523.3989,145.2343,451.0523,72.9415,459.4176,-42.1854,554.2206,46.5772,410.9044,178.1511,523.8407,152.2702,597.0211
469.9597,13.3509,502.4733,64.0459,577.4890,130.9335,559.7070,148.1955,464.7120,151.4418,497.7346,-22.8838,572.3937,72.9412,487.8252,208.3238,531.9573,144.3070,633.6471
515.4439,29.4551,530.9648,54.7849,636.5058,111.6636,602.2066,156.6522,509.4712,224.6706,545.9769,28.4411,606.5195,78.1492,570.5062,222.4162,528.7505,168.8219,649.9127
546.0101,62.6572,579.2773,72.9400,702.6728,101.5709,640.3987,155.2672,548.5389,186.2909,571.3364,44.3897,656.7972,79.3767,595.7047,221.5958,551.6652,207.7531,664.5610
539.7135,59.6855,622.6528,87.0346,732.9716,96.2320,653.6248,135.7926,558.2642,108.9846,585.1245,30.3476,699.2617,95.5263,591.6818,210.4378,576.5174,213.1403,677.9286
567.0379,43.0165,628.8387,88.9889,744.0223,92.1355,640.5440,108.3111,529.2338,74.4079,621.5015,45.9670,716.5750,103.1106,584.9389,177.8287,600.1144,187.4005,648.0524
630.4133,50.0821,618.7582,79.6534,763.7976,92.6618,613.4444,75.9917,478.8887,40.7139,658.8462,76.3630,715.5493,93.3958,554.9146,135.6789,638.2232,180.0789,594.8101
610.6775,65.7005,635.3267,68.8476,784.0436,93.5876,607.7759,45.2634,467.2649,10.4111,644.0594,78.1558,704.8210,87.2297,518.3849,111.7964,649.8113,202.4087,590.0903
529.5955,63.1078,665.1296,65.6275,781.7964,87.2842,638.2933,47.7506,504.2581,30.2465,603.1354,68.4092,685.9843,79.3878,508.6669,110.5668,599.8317,213.6991,620.0101
533.5551,50.7930,658.2846,55.4489,754.0988,82.8760,668.0765,96.4747,524.7823,46.6222,595.1832,74.2869,662.9017,52.5666,507.9129,101.6251,531.5240,203.3514,623.5355
580.7650,61.5253,615.4388,49.7770,722.2139,96.9163,677.9086,147.2771,510.1716,22.5477,590.8528,89.2737,633.9841,36.2740,499.3650,59.6004,490.4016,195.3275,607.0519
543.7719,103.8622,583.2820,91.3153,698.9187,124.2287,676.3414,151.8721,487.6214,26.5090,556.5656,98.4310,599.7933,58.4810,472.8003,8.2215,471.7920,182.6119,584.0484
494.0724,139.9563,572.8669,153.2529,668.6135,143.1931,640.6611,112.6280,437.8871,60.0426,557.3233,85.7576,577.8646,72.4065,383.3111,-23.5804,462.8892,152.4289,526.8022
517.0130,144.4836,556.7092,163.2200,616.2990,143.8536,561.8931,58.4228,359.1069,42.8532,614.0975,46.5899,562.5686,32.9902,259.4420,-53.7535,451.6004,128.7165,442.0062
518.7926,146.0425,528.6856,136.8188,540.5301,133.3084,477.5571,10.2793,306.8648,-14.9095,620.2416,3.4517,506.1458,-14.0743,221.7889,-82.7132,430.7447,118.3202,363.4069
460.2190,161.8272,493.8148,137.1565,438.5954,126.5484,392.1580,-21.8103,271.6953,-44.8405,530.8073,-22.8906,398.8011,-14.4706,265.5201,-70.3864,417.4086,92.1166,287.2563
425.1426,163.2968,438.8673,154.8592,329.4105,131.2859,285.2457,-43.6052,195.8085,-51.3706,440.4225,-25.5155,301.2226,12.1129,258.8023,-38.1066,402.8766,47.4914,203.9602
400.9593,144.2181,370.8961,152.9923,261.4701,128.0463,189.4905,-66.8354,118.5900,-63.2580,398.4733,1.3351,250.0762,34.0818,199.1346,-43.0034,344.2000,8.4909,130.4128
334.6111,129.1153,323.4304,133.0116,245.7724,92.2180,142.3000,-83.2354,102.1793,-42.3111,346.8567,33.7567,215.2143,41.6488,183.8610,-48.6243,252.1863,-20.3359,80.5806
274.6535,106.4121,294.2580,94.0982,228.9108,43.2286,122.4268,-76.3500,95.7918,47.7610,264.2635,24.6359,172.2508,12.6469,188.5425,-3.4400,171.2058,-39.1799,61.4738
228.1315,51.5279,246.8862,35.1317,172.4023,17.6113,99.2203,-47.6943,49.2452,120.6601,195.9043,-21.7557,132.0572,-42.9425,144.8194,36.7900,89.2641,-33.7546,73.7971
136.3985,-7.8538,175.9912,-14.1543,101.0151,0.2153,69.9802,-6.2838,8.3648,61.5228,147.4942,-52.3724,95.5743,-64.4320,97.0063,33.1779,-8.2042,-8.5326,89.9660
49.0017,-34.1944,104.0414,-40.2294,45.8593,-40.2787,47.2353,33.5317,-3.0792,-51.4227,85.4342,-46.5621,50.4107,-46.8445,94.6713,40.0077,-81.6900,2.2608,79.2465
22.6660,-40.1456,35.4137,-57.0446,-0.0499,-76.3844,45.8709,39.2832,-9.8523,-52.3277,16.9337,-29.7251,6.6455,-51.4485,98.7368,52.5244,-119.5924,-17.8206,42.0949
-34.8623,-46.3569,-30.8307,-57.0124,-46.6574,-72.5822,52.7629,0.6405,15.3649,11.5810,-28.7209,-26.4899,-15.3360,-83.9832,71.3130,7.1141,-156.7433,-39.4829,-7.5191
-163.7330,-43.6907,-83.1071,-43.4751,-84.4439,-58.0825,41.9479,-32.4344,102.0038,17.9263,-61.0065,-35.8406,-26.6225,-99.3041,21.4300,-49.0464,-201.5801,-37.2443,-49.9459
-236.2026,-38.1324,-124.0314,-60.1538,-122.6479,-68.2241,27.1450,-10.6440,191.4178,57.7222,-99.6766,-39.7955,-62.5693,-98.8077,-29.5149,-27.1813,-248.8837,-34.1352,-66.8182
-197.3623,-56.8199,-170.3490,-103.8041,-184.2433,-87.1671,18.5289,45.6423,221.7797,203.6354,-133.2863,-32.6015,-129.9299,-103.7982,-63.8360,31.2549,-295.9497,-47.0574,-80.8583
-146.3934,-81.4840,-216.4972,-107.6545,-238.0028,-96.0499,-15.0467,82.9411,197.3608,285.0472,-153.8129,-23.6403,-188.8055,-96.8783,-89.5787,50.7972,-307.9143,-41.8679,-131.7531
-148.7554,-62.4309,-232.6194,-59.7042,-231.0612,-89.9458,-76.4570,83.1345,118.2847,201.1300,-173.2512,-7.7254,-203.9335,-64.3477,-132.0473,57.4619,-275.4881,-5.1664,-203.1062
-187.4300,-12.0399,-205.6211,-13.9253,-196.4780,-49.6198,-144.2662,68.6518,-18.7074,71.7669,-180.9929,14.0824,-189.1774,-28.1442,-180.1205,82.7100,-253.9427,26.1440,-249.9559
-233.3297,11.0350,-164.1750,14.1337,-203.0363,13.8100,-224.4674,62.6097,-144.7752,-28.7412,-160.0388,6.9947,-180.3549,-10.9309,-202.9410,90.8504,-258.7005,44.0475,-276.9341
-253.6130,5.8769,-148.4514,42.0842,-234.3352,42.3011,-289.3801,57.6357,-189.9311,-101.3952,-145.8902,-27.2783,-191.1333,-6.5339,-206.1796,73.5003,-245.6507,60.8436,-315.4237
-243.8059,19.5279,-162.3569,57.9461,-244.6629,28.0382,-297.9392,35.4538,-206.6146,-96.3439,-182.0933,-22.0353,-213.3931,14.5633,-216.4894,75.2087,-215.5762,49.9021,-362.4871
-243.6087,56.3007,-179.7140,54.0601,-242.0964,25.2010,-313.2179,9.7523,-291.6605,-26.6938,-242.1091,40.4189,-234.6211,55.9525,-253.4358,103.8527,-200.3083,14.5519,-396.1352
-262.5650,82.5443,-193.3991,52.0182,-231.3230,40.3450,-391.0564,6.1499,-415.7839,13.7304,-274.0613,91.7020,-242.7236,68.7620,-317.4467,116.3068,-197.6767,9.3588,-410.0334
-279.8747,85.9441,-219.0363,52.6850,-212.6721,38.5240,-441.1020,15.0576,-460.9440,3.7721,-277.1547,91.8412,-236.5237,37.0579,-364.5359,92.6380,-209.5274,19.4518,-409.2603
-300.9309,75.1093,-254.7114,39.9956,-236.2802,29.1853,-404.9961,21.8308,-413.8961,-31.0440,-278.9329,71.0165,-235.6345,24.7366,-363.0705,68.1462,-236.8724,-13.6541,-397.4958
-312.9170,55.4814,-285.4078,20.6010,-307.7242,25.8202,-361.7505,42.8220,-382.4068,-63.8073,-288.2328,57.5089,-257.1807,53.7973,-368.8788,85.4150,-238.6013,-55.9309,-369.9819
-294.8500,22.2659,-311.3949,-3.6948,-347.2389,-0.4973,-345.0077,79.9011,-410.4052,-38.2698,-298.7376,42.7482,-288.1496,57.5960,-421.1368,132.8031,-217.4347,-51.6861,-321.2068
-308.5397,-30.4271,-332.8404,-40.9405,-341.9373,-45.2957,-315.2562,105.0838,-425.2022,14.0240,-301.3408,12.3347,-302.9554,23.5248,-444.9736,155.7749,-250.0522,-35.1311,-269.1766
-394.6151,-76.8598,-339.2985,-62.9680,-345.6985,-62.0942,-280.1531,112.2410,-387.9292,-8.9323,-292.5054,-9.8305,-294.2815,17.1357,-395.6892,128.9262,-340.5901,-41.2655,-250.2447
-448.1184,-76.5498,-337.7674,-48.7657,-336.7306,-56.7951,-247.1595,109.4478,-348.5657,-60.6188,-285.8912,21.0343,-269.8154,39.6269,-352.0935,75.9162,-394.6791,-52.1641,-273.5389
-396.0942,-52.6367,-352.1920,-43.1311,-294.3772,-69.2755,-206.3150,87.0231,-335.3967,-54.2145,-296.6701,75.4617,-240.4728,35.6650,-357.2441,28.4808,-373.8136,-63.9171,-305.3731
-330.8154,-64.7294,-382.2292,-71.7148,-286.7429,-86.8541,-200.0487,56.0620,-322.7163,-57.3713,-316.7319,66.0542,-221.2781,14.3766,-352.9850,11.4457,-331.9377,-70.0836,-315.5136
-322.0611,-94.3360,-396.4110,-82.8727,-317.6225,-78.2423,-231.6899,49.0416,-299.5096,-79.2075,-324.4810,10.5397,-221.2101,17.3482,-323.0337,31.3672,-309.6425,-49.7465,-308.4938
-321.5531,-83.8077,-374.8062,-56.8155,-309.5147,-58.4367,-235.0543,53.7716,-268.3202,-17.4847,-310.8537,12.8602,-238.1947,31.7064,-310.9336,48.9293,-293.3360,-38.4681,-297.7198
-302.8446,-59.7728,-335.6682,-50.6620,-286.6898,-58.1102,-231.5826,35.6102,-219.4486,54.6889,-289.5300,61.3961,-274.9821,25.9930,-310.6333,27.6202,-261.1010,-76.4841,-287.7971
-275.6132,-77.1776,-312.1254,-82.0485,-315.1321,-79.7276,-275.9318,5.8663,-165.4388,16.4184,-279.3654,62.1339,-323.8753,3.3000,-298.1109,4.1179,-221.2429,-117.8108,-285.8775
-219.5667,-104.8923,-306.4902,-94.9838,-338.0930,-101.3511,-307.2638,-11.6580,-140.6906,-18.6966,-275.6885,29.3372,-345.6527,-13.4845,-301.9380,21.1026,-198.5590,-122.8752,-292.8220
-159.1930,-89.8105,-285.0003,-65.3439,-294.7788,-100.5404,-294.3602,-22.7341,-151.3624,40.9818,-261.7949,27.5193,-322.7778,-4.7479,-327.6263,37.6854,-189.1365,-127.5029,-291.9899
-156.0564,-55.2576,-235.6953,-39.7897,-240.0982,-85.5993,-310.1552,-28.6607,-177.8630,71.6868,-241.5158,34.1181,-292.3996,23.9497,-316.8697,4.3036,-169.9998,-144.8070,-274.4801
-173.6566,-48.4554,-195.2992,-57.6797,-221.0525,-86.1091,-344.1679,-27.3850,-208.0594,9.2083,-221.1483,24.1515,-273.1261,36.2286,-261.7638,-50.9102,-146.3098,-142.3336,-250.8163
-133.5298,-58.8413,-188.5937,-88.8716,-211.6900,-97.2007,-329.5374,-40.7294,-234.1679,-79.0229,-187.3326,37.4544,-239.9332,15.6801,-236.2374,-87.3447,-125.2695,-118.3621,-227.4284
-65.0546,-50.1872,-188.7421,-78.9835,-190.1933,-88.1328,-296.8324,-75.4243,-248.2399,-154.9789,-144.0229,70.9012,-196.8705,-8.5922,-257.8489,-111.3173,-91.3095,-94.7627,-210.4895
-39.4415,-34.3175,-165.9412,-42.4986,-157.5783,-65.5182,-272.5507,-107.1936,-251.4276,-180.5230,-119.2996,60.0178,-168.9598,-19.6962,-255.5716,-132.4127,-59.0103,-79.0315,-209.7002
-49.0234,-49.7875,-126.4205,-37.4347,-121.5519,-54.4357,-225.5795,-128.4467,-245.5917,-145.3744,-114.7469,-7.2013,-141.7051,-38.7854,-210.6779,-145.0270,-58.6351,-59.4615,-200.1427
-56.3928,-78.5195,-86.5758,-49.8177,-96.0103,-44.7485,-181.2486,-139.6012,-226.7307,-141.5091,-113.3744,-73.3448,-105.4948,-69.1610,-176.3799,-155.6223,-66.7897,-12.1712,-147.0678
-58.5343,-69.8367,-57.7269,-27.6152,-77.0610,-24.1096,-155.2988,-118.3789,-191.6779,-185.9361,-111.2338,-89.1240,-85.2840,-78.2384,-143.6776,-174.6220,-52.1227,33.1350,-81.9581
-56.1125,-40.6225,-54.3832,-5.2919,-60.1854,-14.8275,-101.0977,-68.2078,-146.1016,-186.6867,-85.5535,-53.3017,-73.1703,-56.0440,-59.1656,-195.0830,-29.7321,-4.3335,-56.4170
-40.5569,-38.8960,-71.2840,-37.8578,-66.8994,-30.9174,-60.4921,-34.0084,-114.7567,-149.8845,-17.9569,-8.1892,-45.4401,-36.3640,36.1324,-191.1905,-4.4873,-91.2534,-44.6033
-17.4195,-47.2447,-76.7790,-79.5464,-84.6338,-49.2363,-92.6623,-26.9182,-114.9773,-113.2522,31.0368,-2.5849,-28.2352,-40.2717,62.4674,-139.3595,31.7580,-90.4120,3.4337
-1.3939,-44.8721,-58.0401,-77.8885,-63.8131,-46.1172,-94.6927,-18.4756,-115.9200,-53.9613,5.9111,-41.8975,-30.6505,-51.2893,44.2334,-69.1991,46.3627,-12.3498,65.6314
6.7733,-67.6258,-31.1044,-72.6353,-16.3333,-31.0937,-3.0409,-13.3115,-90.0317,-52.7785,-18.2647,-94.2221,-3.9969,-66.3691,39.6405,-49.3670,29.7899,1.7220,96.1873
23.1426,-109.5512,-2.3828,-97.5555,7.6766,-37.8900,53.4091,-35.0701,-74.4173,-155.4211,47.4219,-140.8194,54.6066,-107.6796,31.2976,-75.0258,39.4412,-51.8677,102.3946
52.6258,-112.4764,29.6165,-120.0437,18.1299,-80.2190,24.7003,-63.2295,-91.1472,-157.8684,146.0014,-183.1832,94.2084,-160.4860,6.8598,-72.5846,93.6838,-69.4790,113.7178
82.1492,-83.8395,52.7143,-115.2860,49.3068,-118.5876,26.9640,-65.9258,-88.6215,0.9679,182.0343,-205.3615,119.0827,-177.9751,5.8438,-51.4419,143.9137,-45.9218,133.8085
116.9680,-67.8485,69.8109,-92.0843,99.2927,-110.5837,85.0178,-61.0731,-48.6125,37.2653,171.1025,-179.5387,162.4370,-166.3017,20.5004,-88.6277,169.3595,-26.6689,149.3225
167.9494,-56.6836,104.9870,-69.6341,149.1426,-84.7944,119.5621,-80.1476,-19.3624,-121.7506,169.4978,-125.3598,201.5701,-171.5913,8.8396,-158.1882,179.9926,-11.5000,154.7596
206.4790,-47.1431,147.0512,-71.5970,172.1073,-95.0616,130.8760,-107.2165,-1.2371,-204.6836,185.1297,-105.8977,215.9825,-183.6136,7.8914,-166.0879,173.9048,-11.2235,155.5654
209.3058,-61.3741,163.8264,-91.1954,163.7994,-124.8362,161.7034,-108.9505,34.7661,-156.4249,216.7179,-130.0566,239.8788,-157.5199,74.1001,-121.8838,168.8271,-35.4561,153.7556
199.0961,-76.0251,177.4398,-92.6510,178.3974,-122.7715,202.8169,-94.4284,54.8686,-167.0144,263.4492,-133.1048,284.6187,-108.7318,160.1892,-103.7851,198.0226,-44.6651,158.8571
178.4043,-66.5693,224.0824,-78.4726,238.4069,-94.6692,235.4879,-92.6907,46.6687,-239.6277,290.6774,-93.1070,305.2079,-84.2039,190.3040,-123.2457,253.6711,-26.5111,198.5954
139.9986,-58.9794,268.9990,-70.7246,277.8251,-70.7010,254.7875,-97.8488,67.4881,-253.2698,278.6710,-64.5437,282.5134,-77.3852,176.9732,-149.2896,300.3106,-14.2363,262.6698
148.8641,-50.1299,270.1628,-48.7221,271.8773,-37.1042,254.6764,-89.0218,113.0453,-215.4158,266.8709,-66.1235,259.7249,-55.5913,163.3830,-175.6248,321.8286,-7.5099,287.2383
232.7965,-14.6551,264.2425,-6.2229,274.0256,10.8228,241.8996,-75.3378,135.0083,-174.0795,276.9364,-55.1471,261.7315,-28.5852,146.0517,-191.3227,325.8345,0.2312,263.2655
275.5620,9.8246,285.6410,9.2216,283.4328,23.1275,235.0024,-72.2596,187.8831,-125.1638,263.4496,-24.9702,245.8653,-26.5065,120.9097,-172.0918,333.4931,-17.1412,256.8499
217.2980,-4.5794,292.2486,-13.3408,258.2244,-13.7970,254.8962,-71.9602,322.9769,-64.6728,207.0679,-16.2460,192.1120,-44.8354,117.4156,-130.0807,352.2468,-48.8231,272.3919
176.4444,-12.4127,259.7834,-27.2558,218.7420,-35.1284,297.8788,-73.1821,432.7734,-2.5153,165.8826,-36.8537,160.2742,-53.2696,147.3224,-106.3813,362.3229,-55.8897,251.0553
222.3332,-1.9567,238.7065,-16.3169,193.5578,-13.3111,304.0465,-89.0225,417.7076,25.3585,174.3094,-50.2021,174.4749,-41.5478,183.6130,-108.8791,364.4368,-50.2472,209.0729
278.1391,-8.9834,258.3854,-4.4981,174.0227,0.8199,238.2424,-107.8475,336.8575,-9.3065,193.2581,-30.7378,174.2272,-31.5772,203.8084,-110.5503,378.8490,-50.7914,202.4796
304.0091,-11.9147,279.2717,-0.4629,175.3597,-6.5830,170.0650,-104.3352,263.4335,-46.0274,203.0609,9.7219,152.9713,-41.2659,214.6545,-108.7600,381.0650,-36.1533,210.9428
320.1859,20.5635,264.3542,6.8674,200.1864,6.6528,158.4397,-87.7433,212.8133,-25.0825,223.5522,41.1127,162.4735,-53.5457,233.9464,-124.2317,341.0013,-10.3528,194.3473
300.9731,44.7200,220.8476,21.8531,183.3801,31.6222,162.3329,-88.0720,227.4789,3.4118,227.6501,47.3230,162.5839,-44.6659,262.9170,-139.4387,293.5965,-4.4462,162.0847
245.4906,28.4225,173.3136,27.4353,104.8950,23.7337,152.2136,-108.7522,300.2722,-1.4440,178.7870,40.5910,95.1091,-27.2989,278.8951,-121.5993,268.5125,-6.5141,128.4211
219.2539,9.0358,143.7581,5.8925,52.0286,-0.2514,146.5316,-126.9252,300.6544,-3.9407,125.0096,44.8001,33.1903,-25.7815,259.2219,-93.7241,237.6614,8.4351,103.8994
232.3858,5.8161,143.8755,-19.3374,75.0592,-1.9725,123.2434,-123.2622,171.5940,-7.5558,112.3126,67.7596,39.7091,-24.6824,201.6381,-82.0243,199.4183,24.2764,108.6840
238.5264,-6.9719,162.7026,-17.0657,105.2667,2.9081,60.8923,-99.2644,37.7087,-52.9730,93.9069,93.4676,49.1957,5.9079,122.1756,-54.9850,186.8255,21.9942,129.5311
225.6626,-25.5734,172.3452,-10.3685,79.7186,-6.4175,4.6491,-74.5021,-8.0265,-125.1367,42.2239,113.2223,29.7248,52.3761,60.8606,-16.1058,179.4121,6.3706,129.1698
183.9521,-9.1063,150.6530,-21.1212,41.0474,-10.4019,-8.5663,-60.9331,-16.3224,-171.5462,5.3441,148.9002,28.6444,82.2207,63.0213,-24.4028,138.2152,-19.4441,101.3207
100.7660,43.9720,104.6724,-17.1248,47.1497,3.6715,9.3594,-48.1950,-25.4238,-146.5459,-11.3215,199.0253,33.4715,97.1040,106.6907,-55.5326,84.7815,-48.9425,59.2103
29.4046,77.0289,67.8183,9.5681,58.6960,19.4887,30.0004,-29.2310,-9.6472,-55.0569,-44.6224,205.0929,9.0155,105.8013,108.1553,-34.4465,50.1891,-59.4033,21.1566
17.4687,63.2181,49.8911,22.2492,18.5788,23.8475,9.0191,-13.1057,8.4951,20.5608,-67.7525,147.2429,-14.6100,90.9975,49.5720,3.6213,20.3502,-37.5789,8.7851
13.3844,47.2106,20.7240,19.6627,-29.7115,18.9598,-65.0092,-1.6980,-24.9881,40.5254,-55.6138,89.0436,-30.0410,53.0364,-1.1885,-5.8227,-24.0932,-0.6944,-3.2434
-31.6399,53.8545,-26.4984,19.9971,-40.4621,17.2697,-127.7152,5.8576,-85.0977,62.1933,-65.7999,62.2276,-72.2830,31.2006,-25.0377,-24.7333,-76.7159,19.5093,-59.1143
-78.2661,56.8356,-60.3866,19.1240,-68.4968,32.1911,-143.3359,-4.9236,-106.3336,79.1637,-124.4254,41.7273,-124.5927,47.2563,-70.2977,-24.2526,-121.0323,16.2509,-126.6817
-96.2109,66.4236,-77.7922,33.7379,-130.5513,59.4132,-159.0767,-27.9347,-101.4916,34.9724,-171.6470,47.5606,-151.7829,81.2809,-146.4798,-29.2783,-153.7516,21.7416,-158.0101
-120.4029,98.6780,-101.1090,71.9335,-144.8506,81.8220,-193.6605,-18.2071,-134.4889,0.0793,-181.5190,95.9571,-161.2565,109.2371,-222.3442,3.0116,-197.4465,53.8494,-184.4437
-177.8924,93.6137,-120.8139,81.2426,-114.5170,89.5102,-215.7638,36.9762,-198.0423,44.7863,-191.4466,110.9245,-167.9923,118.4321,-272.7022,102.1603,-268.2401,80.5826,-229.9283
-251.1403,37.6801,-126.7314,52.8629,-133.0059,82.1233,-227.9892,85.9866,-224.0446,79.2524,-221.7997,57.9610,-194.4166,105.5418,-270.1273,161.0474,-333.8279,87.0551,-252.1085
-308.5433,33.1247,-142.4033,59.7179,-181.6569,76.4826,-244.1813,95.4301,-214.5042,55.4291,-267.7386,27.1566,-257.6464,86.5731,-235.5828,121.4368,-355.6535,114.5306,-236.9810
-330.7645,99.6257,-164.2888,106.9342,-177.8542,100.1678,-254.0386,90.1112,-244.7730,50.9704,-315.0478,59.1186,-308.6604,78.3116,-259.1357,85.9325,-348.2274,175.2515,-217.7606
-327.6230,129.1993,-164.2965,123.8905,-153.5116,140.3427,-265.0644,87.9072,-311.9190,65.7331,-339.1497,75.1815,-306.8822,71.5254,-343.6634,100.1449,-345.5115,214.5988,-209.6287
-337.9578,97.9818,-166.7135,107.8526,-172.4768,144.1356,-285.2988,80.0146,-316.0540,59.1371,-354.1664,33.1195,-303.4492,50.4463,-368.0750,86.2344,-358.7458,203.5930,-219.7571
-385.4058,72.5495,-204.1356,100.8389,-210.2528,105.2920,-296.7285,73.8487,-235.2662,89.7742,-397.3270,-20.6053,-323.5925,18.8875,-310.6595,30.0631,-384.7663,176.7009,-252.5801
-426.2855,64.0016,-242.6212,102.5350,-234.0648,81.1166,-308.4001,73.2620,-176.9619,156.5042,-424.5626,-40.0882,-319.4345,-6.3533,-289.6301,-11.4164,-398.1857,159.3918,-286.3563
-388.8233,72.3329,-250.1607,113.5857,-248.1304,101.9503,-345.5512,49.1874,-210.3520,150.7718,-365.0807,-20.2611,-299.5898,-10.6736,-337.4444,-26.6801,-362.8326,143.2981,-310.1558
-290.2124,117.6374,-246.5482,143.5787,-244.6742,136.0184,-382.1552,2.8740,-275.4437,88.7328,-274.2856,0.7309,-303.2400,4.2153,-376.8000,-17.3768,-291.9793,127.7745,-323.0533
-231.7982,150.4458,-235.3957,162.7916,-226.0054,148.2771,-383.0691,-5.0742,-297.0806,79.0302,-254.6217,-27.3417,-294.0109,21.6365,-382.2811,23.6371,-238.0052,117.0780,-299.2209
-239.1776,122.8996,-207.5120,150.5767,-221.9708,138.5674,-365.5895,46.7905,-282.5986,87.7191,-279.3777,-85.9333,-252.1567,36.9739,-359.8740,58.8927,-214.9591,94.7001,-251.7445
-239.7994,83.0963,-200.2312,125.6683,-239.2903,121.3474,-352.3777,91.7788,-265.9943,21.6578,-262.2571,-109.0096,-227.1814,52.3924,-279.5446,59.9500,-207.6793,51.3654,-240.9545
-229.4859,57.9814,-234.1715,91.6409,-261.8696,97.5557,-333.9603,78.1959,-239.8490,-70.7626,-212.2169,-94.9766,-222.8030,46.4884,-166.3967,60.2388,-223.9782,14.5824,-253.1725
-272.3261,20.8995,-261.7804,54.2156,-278.2495,64.5172,-301.1690,41.7646,-191.9150,-80.4542,-187.1861,-90.6716,-208.1813,10.3342,-110.4034,74.9826,-252.8985,10.1829,-225.1548
-335.7398,7.1138,-257.4452,50.3318,-269.8343,43.6273,-260.9948,28.3096,-149.7007,-0.8468,-189.3556,-94.4549,-204.8804,-14.8443,-126.2793,75.0216,-238.3116,20.3082,-179.8168
-331.1594,50.3658,-248.1458,78.6522,-230.5570,52.5163,-226.1051,16.9072,-136.2535,77.0127,-190.6269,-70.4511,-224.3609,-2.4029,-144.2086,53.1517,-170.1460,19.0756,-170.1336
-263.3880,89.2034,-234.4961,94.0764,-185.9090,63.3873,-201.0034,-25.0637,-132.1167,67.8328,-182.9455,-20.0225,-229.6965,15.8148,-136.8280,21.6685,-115.5880,21.3788,-170.4397
-187.2115,87.9514,-193.8108,89.7305,-147.3521,54.0180,-176.0762,-67.7710,-128.5276,-17.7004,-165.7545,14.5001,-206.4326,13.1520,-144.1275,-12.6625,-106.8638,47.8619,-145.9540
-130.0758,88.2236,-137.6754,88.2204,-102.3245,53.9591,-152.0403,-67.3895,-148.3342,-84.7883,-135.0345,7.9061,-161.6224,2.4139,-183.6861,-29.2801,-98.5582,73.8179,-114.8785
-112.8635,92.2036,-91.7622,88.6878,-59.5631,70.2952,-143.0386,-43.3479,-177.9250,-75.0778,-94.1298,-8.2639,-101.5951,0.0295,-204.6210,-11.8233,-76.4439,68.2961,-100.9910
-114.8012,62.2368,-63.6995,74.2401,-44.8923,57.1278,-138.6384,-30.7326,-171.2674,-30.3285,-52.2056,-4.5521,-59.1395,13.3202,-152.3781,30.6221,-91.9654,43.8186,-107.4725
-73.0139,1.9985,-52.8696,26.0962,-61.8904,10.4236,-114.5357,-9.5478,-131.0655,-10.8356,-14.2132,-16.3907,-48.9817,35.6971,-49.2559,88.2563,-144.0736,19.5080,-109.4190
-9.8774,-54.1775,-47.9730,-44.6423,-83.7469,-22.1627,-79.4003,32.3909,-92.2574,-12.6840,18.3119,-60.1405,-40.9559,41.3188,37.9681,134.5327,-150.6982,-10.4057,-75.9885
-4.8738,-68.2377,-37.6684,-70.6505,-80.8569,-30.3157,-61.0760,43.4031,-57.2492,-9.8070,40.9042,-71.3725,-38.0200,28.1287,82.8007,120.1354,-82.4626,-39.3579,-39.5476
-26.7146,-28.0712,-36.1245,-25.0543,-63.1550,-29.9545,-61.3584,2.0933,-22.4676,-16.8032,49.5334,-27.8734,-55.8599,24.8453,94.5806,60.5807,-9.0311,-45.8846,-47.5345
0.9884,17.4312,-49.5462,13.3499,-61.3329,-16.6471,-50.8200,-36.2082,-3.8346,-38.8871,48.1434,5.4173,-48.9909,26.5574,78.8359,33.9008,20.6102,-38.6292,-55.4908
46.0211,30.1276,-53.5893,0.9749,-55.4528,-1.2199,-6.1238,-53.3497,2.2597,-43.3336,45.3663,7.5469,-0.9462,6.2196,50.8566,39.9661,40.1061,-38.6717,-10.8688
52.0693,33.7738,-44.6604,-1.4430,-16.3252,-4.1708,43.0882,-96.9111,11.8539,-62.9756,45.9735,6.2765,24.4664,-20.4130,37.8013,7.7834,81.1600,-38.2792,40.8345
32.2796,23.9160,-42.4883,16.9976,6.2960,-10.6948,50.6717,-159.0093,26.1384,-162.5266,51.0673,-11.5004,14.6223,-29.3874,57.3313,-47.3215,112.6629,-34.7757,58.5843
6.3087,-27.4368,-38.0003,-13.6957,-19.1254,-18.1928,49.3420,-173.1181,59.7324,-244.3130,63.6561,-43.1845,26.4180,-35.2240,113.6896,-43.4057,92.7988,-51.0141,71.3392
-8.5321,-77.2235,-13.8991,-86.7696,-12.6440,-58.2064,92.0574,-137.9212,123.9022,-175.8153,85.8578,-45.3689,64.7430,-46.2950,172.0985,8.2407,34.4859,-77.2974,92.9634
10.3308,-92.8541,18.7983,-123.4328,64.4496,-114.6435,129.0249,-107.1123,181.7200,-80.8517,106.6720,-34.0508,95.3719,-46.7716,177.7275,19.9692,-6.3850,-69.4624,122.9830
22.9813,-123.5450,51.1226,-120.3914,126.7031,-137.8412,118.8322,-80.2862,209.3570,-109.7285,102.0609,-50.2237,118.0845,-34.0662,166.1018,-19.6141,-6.2371,-32.0504,182.1852
-11.9222,-171.6029,79.0311,-138.3667,136.2943,-139.6037,147.7435,-21.9614,242.3310,-110.3455,67.5232,-67.7135,143.7081,-17.9797,229.9776,-35.4781,-6.1147,-18.1656,252.8684
-32.6873,-180.6426,83.9092,-182.2964,156.3827,-148.5802,256.5412,49.1141,293.7956,36.2481,39.7257,-69.3289,178.6765,-11.0282,330.2377,2.6053,-31.7848,-35.9795,294.5910
-3.7273,-165.1651,84.7950,-196.0414,204.7741,-136.2089,342.3192,82.3944,326.1707,122.5712,50.9809,-85.4709,224.1024,-30.3096,337.5134,33.8890,-32.6560,-35.5597,314.8512
-4.6790,-155.1830,136.1106,-152.2029,242.3944,-88.4954,354.8129,75.9228,327.1964,31.5558,88.1495,-108.0655,252.9537,-70.4244,261.4330,10.4733,29.5299,9.5104,322.1708
-44.7346,-120.0131,214.2780,-91.9281,265.5872,-49.0980,362.4683,70.4646,320.6231,-42.0875,128.7600,-120.3500,257.4445,-108.6399,223.4300,-26.5790,92.9755,65.9039,303.1044
-18.6112,-74.8839,232.1552,-67.2011,281.5365,-39.9133,402.0431,82.6803,329.9838,5.2948,159.0310,-147.5567,272.7575,-138.5911,260.6041,-24.3629,91.8752,83.0742,288.6809
81.1320,-74.3689,188.6468,-75.7120,279.4816,-41.9583,455.0688,91.0210,371.2518,65.8463,149.8377,-168.3922,290.0652,-144.7285,321.6191,-3.7951,77.0396,47.0374,318.3488
154.2564,-86.5807,164.5737,-88.1745,274.9557,-50.1127,497.0635,81.8985,410.7802,98.9364,110.7858,-130.5120,275.0545,-109.3754,352.6630,-0.8672,128.8873,-6.4432,367.1035
180.1950,-63.5913,185.9297,-98.5632,290.5445,-66.4066,487.0254,71.2180,379.6348,126.1151,128.1305,-74.3832,269.8096,-77.7226,321.5706,3.2867,215.5346,-37.3598,396.6675
211.9108,-40.0338,209.8706,-102.4585,307.9628,-77.5690,432.5594,74.8310,309.3888,115.0185,228.0623,-69.3767,306.1042,-94.9880,265.7111,25.3173,257.5177,-51.1687,398.4670
250.7499,-41.3273,206.2939,-87.5649,296.7144,-79.4233,402.2215,84.6992,310.9666,82.4890,300.7730,-97.3098,314.0776,-114.9620,265.4901,32.6614,267.1810,-74.5098,372.8376
262.1771,-43.2754,177.6668,-71.4488,251.7753,-80.2394,384.0597,81.1069,369.5261,87.1123,281.3096,-113.3839,266.7379,-103.6964,305.3996,4.4502,301.2312,-103.0879,339.7607
246.0157,-42.6747,145.9157,-76.7028,193.8313,-81.0671,321.0722,57.5014,369.7024,108.1655,247.4252,-100.5122,236.9694,-106.8573,301.7138,-36.7695,341.5564,-114.8288,315.8186
230.7312,-41.2720,140.2213,-81.0534,159.2928,-78.2538,275.4601,28.0864,322.6311,100.0958,249.5168,-46.5662,236.4868,-120.1705,261.1127,-71.4734,342.9142,-106.2973,280.3104
238.4129,-21.9296,159.9110,-56.9719,167.5476,-61.7609,311.7512,-1.1496,328.2934,46.3182,243.4108,23.2820,211.0863,-89.2359,241.3115,-98.5651,325.3848,-81.5671,234.9911
264.1960,9.0525,181.2925,-15.4704,197.4575,-19.1034,338.8750,-56.5367,358.2768,-67.8428,225.3556,63.3505,174.9800,-45.0138,232.0626,-120.4663,320.6721,-42.0864,204.4372
287.8932,39.2879,210.8233,23.8761,221.4090,31.1516,284.0843,-143.8016,314.1166,-184.5839,231.8313,87.7329,165.0363,-34.0959,213.9962,-143.4404,314.1956,-9.2892,162.1213
300.3833,65.2993,265.4541,42.5866,234.3160,44.2906,224.4831,-196.1280,231.0734,-192.5560,233.1316,113.1421,157.9101,-20.1085,211.3896,-154.4243,293.7861,-16.3510,100.9392
296.9400,51.3030,314.6290,13.2439,234.2950,8.0459,219.1270,-160.8470,209.4958,-109.5327,191.2560,94.8616,141.6461,-0.4036,216.2309,-120.6621,265.5590,-63.0103,87.0407
277.8684,-13.0558,313.9414,-51.2012,214.9867,-40.9287,222.0443,-101.1565,221.1591,-61.5317,143.6323,36.5197,141.3436,-20.0624,191.9196,-62.4961,226.4955,-110.0105,114.2746
264.0550,-51.7371,272.4963,-83.9452,180.4742,-62.4790,190.9454,-104.2721,170.9692,-88.4902,126.5560,17.2201,149.7640,-33.6116,148.2408,-46.8848,189.8394,-129.8428,96.7806
258.4222,-25.0610,229.8842,-60.4610,144.8524,-53.1271,136.6367,-139.1565,76.9320,-129.1986,124.9043,46.7025,145.6359,8.9695,111.7452,-66.9737,174.7132,-138.1306,55.6246
229.4068,-5.7948,199.9605,-43.1391,122.3760,-49.1620,98.7593,-120.2971,20.1661,-120.1116,127.1840,56.9994,138.5128,29.1261,81.4513,-51.9752,145.6783,-152.8682,69.0122
178.9766,-42.0909,176.3211,-77.3670,116.3325,-79.7406,108.3333,-57.0930,-2.6398,-48.9253,121.3295,32.7809,130.0671,-19.1357,65.3353,-5.6733,74.6457,-149.3193,99.9643
143.4000,-77.0488,155.9456,-111.4214,116.0241,-111.2273,131.7302,-29.3315,-27.7247,17.0451,79.5406,19.4766,106.8154,-48.9462,76.2374,9.9392,28.9850,-102.6358,87.4312
120.6272,-46.3763,138.8552,-79.1775,113.3067,-89.7886,105.8338,-56.8399,-40.9588,5.6922,28.6309,42.9698,80.6112,-25.8956,80.4298,-8.9745,63.0095,-47.2857,54.5083
103.4657,38.5198,127.3286,-4.4353,108.2677,-32.9139,35.5424,-83.5236,-53.9714,-54.8941,27.6716,83.9670,63.1858,-8.9042,35.0420,-32.8372,111.9302,-27.2284,20.8092
121.5423,104.3591,117.6133,44.1345,94.7520,3.9931,-29.7431,-68.8764,-101.3310,-100.4144,36.5331,97.5413,34.6659,6.7044,-29.9189,-50.8859,106.6409,-23.6319,-13.6594
152.7403,92.2844,87.7573,50.3255,60.9739,20.4965,-75.6605,-33.0956,-132.1744,-107.0282,-30.1123,64.5941,-13.7285,49.0113,-43.0844,-38.9154,70.0773,-5.2210,-24.3254
125.8086,36.6368,26.4380,37.8371,7.9625,36.1261,-112.3518,-16.8741,-101.2509,-60.9509,-115.6346,22.8978,-57.1868,60.4550,-2.1757,0.2359,41.3655,6.4166,-27.9559
59.0076,17.2568,-30.9660,18.3341,-39.6768,27.8445,-147.5294,-34.9498,-93.1038,-1.0223,-94.2591,6.3195,-77.0472,13.5713,13.7044,0.3544,23.9511,-11.2030,-72.0832
28.6488,37.4551,-49.6088,3.2667,-54.8645,-7.4891,-184.9229,-68.2242,-161.1995,-13.4747,-2.0641,2.6544,-75.3120,-13.0567,-46.5486,-36.7766,9.9415,-35.8750,-132.3649
22.9009,41.7310,-61.2142,1.2257,-56.2516,-23.6179,-206.2000,-81.7642,-222.1776,-61.8914,27.1693,2.5319,-58.7875,15.6337,-138.0064,-17.8298,-25.2736,-51.4144,-163.7359
-18.6819,17.7987,-108.3667,-11.4517,-97.7189,-19.9362,-193.2350,-60.3078,-242.7105,-38.0777,-11.4080,8.0188,-49.1443,32.3343,-178.5952,42.2581,-104.7157,-69.6769,-179.5204
-93.4975,-9.5278,-165.7755,-46.6829,-179.5996,-42.8826,-169.3595,-29.2675,-277.8537,2.7916,-43.0653,-1.1133,-79.6356,2.4804,-138.2936,30.1254,-194.2235,-88.0359,-188.6031
-165.8589,-27.4236,-202.2106,-67.6281,-250.1144,-73.4772,-169.7467,-17.3401,-304.2762,-46.0434,-76.5662,-30.7959,-150.3015,-28.4899,-63.9425,-32.3750,-239.1353,-91.0201,-189.9640
-222.0027,-27.0185,-246.9265,-57.7588,-308.9719,-55.6632,-205.7552,-13.7740,-279.9288,-119.6501,-137.3468,-49.5805,-220.6974,-25.5400,-36.4336,-39.0253,-248.3970,-85.7758,-216.8384
-256.5751,-11.8288,-310.6339,-49.5866,-379.3589,-16.5734,-262.4196,2.0553,-269.4992,-127.1344,-180.0823,-48.8742,-258.8995,-1.2750,-94.0088,-21.0622,-276.3751,-89.2357,-255.1352
-266.6544,-16.8284,-338.4343,-54.4623,-409.1171,-20.5689,-295.4868,20.4320,-318.1144,-84.5340,-184.4143,-52.4823,-264.1096,20.3214,-202.2116,-57.6342,-338.9860,-96.9162,-239.2308
-252.3984,-56.7831,-312.0010,-54.7580,-358.4424,-51.9478,-291.5330,23.3282,-375.8874,-1.8344,-185.3279,-57.1381,-254.3661,29.6776,-307.6786,-100.8753,-382.9591,-89.3941,-198.6706
-221.5122,-86.5117,-285.7554,-49.7197,-301.9691,-56.6340,-318.9325,5.9324,-408.9928,80.8413,-187.4804,-40.3656,-264.2105,36.5485,-379.5345,-85.9988,-352.0147,-63.0841,-224.4477
-214.2990,-69.5844,-284.8222,-41.8490,-307.0728,-39.2193,-405.7743,-30.3028,-400.5087,54.1009,-190.7496,-12.9540,-316.1332,51.5491,-399.6592,-47.3951,-278.1812,-44.1321,-296.0340
-259.3495,-43.2865,-285.7036,-36.0878,-333.4554,-39.1411,-450.2004,-63.5438,-311.9483,-29.7792,-225.3729,-5.7640,-369.6645,59.9705,-376.5873,-30.1937,-245.9563,-53.0647,-327.6656
-306.3019,-57.0824,-287.6825,-59.0104,-333.4960,-59.4135,-383.9492,-61.9839,-174.0126,12.7765,-265.9208,-21.1293,-361.2267,45.3252,-351.4707,-40.6238,-267.4000,-66.2992,-320.1823
-301.3528,-87.7986,-299.8594,-94.8205,-321.1957,-64.6227,-288.7766,-39.8609,-74.1749,133.4552,-250.9984,-29.7220,-302.8309,29.8046,-341.0204,-74.2846,-290.8698,-57.9309,-320.0043
-277.7359,-82.6180,-304.0963,-75.4659,-316.5956,-38.0236,-252.6901,-41.1975,-38.6521,136.0175,-207.3645,-11.9106,-264.1346,39.4043,-322.5996,-93.4171,-306.3107,-49.8612,-323.2497
-276.8860,-48.3209,-291.0397,-14.2798,-314.5774,-17.0834,-265.9099,-66.8000,-59.8191,53.3349,-194.7557,16.8874,-267.6319,48.6022,-293.8352,-66.0103,-326.5815,-58.5400,-315.9422
-273.7520,-27.0655,-269.9034,-4.3784,-302.2455,-35.5853,-290.8420,-90.9900,-134.9560,15.8303,-193.7955,33.2098,-277.0567,21.4034,-275.4165,-45.3148,-326.3402,-51.2816,-317.8226
-249.8517,-26.6565,-239.7224,-43.4693,-285.1380,-55.2736,-304.3139,-109.7350,-210.1550,-20.1349,-182.8434,35.6751,-268.2992,-19.3267,-263.9207,-77.9510,-294.2968,-18.3088,-331.8291
-233.2721,-30.7475,-215.1327,-48.2796,-293.6305,-32.5653,-288.0574,-110.3445,-232.9516,-77.7140,-194.2745,30.7743,-251.9534,-26.6054,-242.6803,-100.7664,-256.9420,-2.2296,-318.0833
-228.8977,-29.1128,-228.9953,-22.4412,-323.4908,-3.5305,-246.0411,-73.7647,-221.1202,-54.2026,-220.3949,16.2317,-242.9431,-8.7337,-210.9677,-65.6656,-222.4973,-11.9575,-259.7474
-202.6146,-18.4282,-261.2928,-18.4883,-321.0108,-7.4132,-205.0093,-33.0265,-182.6080,10.1513,-216.2060,-8.1502,-243.4372,-12.7025,-176.1206,-33.4152,-196.0060,-10.9790,-203.1720
-149.0488,-12.5370,-254.7209,-15.6265,-278.2068,-13.1563,-187.7635,-26.0913,-111.5191,-16.8221,-189.3332,-31.7040,-246.8669,-41.7311,-142.0779,-34.3669,-199.3923,-0.2667,-184.3167
-114.7100,-24.1056,-210.2659,7.9194,-234.0414,-3.6174,-188.5193,-18.7591,-72.9530,-47.5218,-162.0985,-35.8395,-241.5235,-52.9130,-104.6233,-10.2257,-212.8689,-4.5928,-175.5909
-133.3685,-29.5333,-169.9018,9.5384,-179.3813,-10.6167,-171.3151,19.3646,-114.4572,48.1314,-121.7497,-11.1742,-211.3780,-38.6340,-67.2978,41.2408,-195.2701,-5.0658,-154.3962
-161.1116,-14.8243,-142.5454,-16.6140,-100.4752,-26.6654,-129.2526,45.3888,-170.7949,139.0132,-79.9264,18.7309,-151.6772,-37.2312,-62.9297,54.3571,-162.3636,18.0962,-139.7640
-129.7357,-11.7479,-120.9979,-22.1550,-42.0954,-18.5313,-111.6103,39.2462,-176.9871,99.6976,-70.1283,23.7613,-89.3668,-51.1463,-99.7348,40.9203,-140.2341,33.3959,-126.3039
-59.8296,-29.2848,-105.6127,-12.0296,-15.9501,-10.6263,-123.2160,49.2321,-138.2789,57.5384,-72.1211,12.7680,-54.8697,-47.0960,-112.9016,60.1829,-111.6562,21.6103,-79.9185
-33.1380,-45.8926,-82.2222,-29.8155,12.3749,-34.0303,-95.8656,84.9671,-71.0739,89.4151,-45.8491,-5.0159,-34.1001,-45.4594,-61.5764,84.7008,-81.9770,12.2687,-8.0874
-61.4548,-74.9153,-45.7336,-65.2686,25.3506,-59.2862,-26.0781,97.8892,-3.8287,85.3162,-4.6102,-53.8385,3.7221,-87.6874,2.8909,66.4121,-76.6089,11.9960,49.9848
-78.5917,-111.1571,-18.1247,-78.7865,13.2502,-58.5945,13.1318,82.2351,32.0854,45.2517,33.3177,-112.4712,51.4373,-128.9319,41.6015,46.4444,-63.1663,-8.1566,75.2294
-41.9421,-92.0080,7.7728,-61.4363,39.3110,-47.0391,10.2291,69.2963,49.8948,77.8146,97.4547,-102.7731,85.3332,-108.7093,63.9812,57.4326,-6.4645,-34.3938,66.0802
31.7365,-21.5171,59.2558,-21.6878,109.5175,-33.4744,-1.1524,51.2554,50.3741,139.1378,191.2230,-26.5053,101.0647,-72.2633,46.9937,48.5229,64.9559,-22.7736,42.9452
101.8587,21.0149,107.2153,25.8075,150.0052,-7.3739,-25.7969,18.7601,10.9434,136.9874,239.8671,17.2947,101.0232,-75.1515,-5.5110,8.3572,134.1242,13.2701,46.6538
141.7018,32.9267,114.4847,56.3865,157.4417,30.5953,-45.6284,12.0182,-10.1041,107.0978,198.6984,-11.7524,93.4667,-74.7039,0.9628,2.5714,213.2872,28.8040,79.3178
162.6779,57.1862,118.7928,63.5702,184.7011,61.5943,-7.1961,49.6130,53.5093,72.9816,148.6817,-55.7871,100.0797,-35.6288,94.6624,39.1246,267.7932,29.6066,103.6624
187.5188,62.6828,156.5883,62.0343,226.4899,61.7593,69.2229,80.3582,132.6658,5.1025,180.0491,-66.9619,126.3732,0.6682,174.1961,57.5363,262.5010,35.0880,112.1146
208.5566,32.8206,192.4884,55.8525,249.1873,37.3491,112.3183,65.0390,160.6914,-53.2465,247.3155,-43.1331,153.0786,15.1748,193.3863,48.4416,242.9283,22.5437,122.2524
214.9277,30.8158,201.3372,46.7262,242.5513,33.2821,121.9420,37.3376,203.7902,-68.8955,259.3322,2.3664,164.6896,27.1779,203.5643,49.8893,261.1748,-10.1651,142.9254
217.2526,68.2631,207.8623,48.7386,215.2276,59.9042,154.2936,44.5304,290.9894,-85.2103,227.7509,38.8737,153.0923,21.9640,211.9722,67.1297,305.8689,-16.6394,193.6820
223.2288,84.6313,216.0418,60.9799,207.9190,70.3298,229.4056,77.5063,345.0930,-87.8923,209.9415,40.2089,125.2664,-7.4045,201.7698,77.7584,353.9600,8.7401,276.8979
242.6730,70.7047,212.2937,64.5264,241.0524,52.4914,310.4299,89.4312,352.8419,-41.3121,209.0776,21.2323,120.1227,-18.2216,215.4453,66.0930,388.0068,17.7659,333.3920
274.2845,57.9015,215.2871,55.2751,259.2480,40.8936,349.4908,63.4982,369.2494,-2.8712,215.8051,7.5573,160.2730,3.8631,268.7536,35.3114,379.3343,-0.6648,325.3591
263.7411,47.7733,235.4559,46.0544,238.4108,34.7219,350.3641,30.5960,384.7915,2.2373,240.4649,-0.3657,211.2629,23.7462,299.7064,13.5339,337.7036,-15.1115,301.0717
196.4237,41.0121,249.1902,47.9223,236.9320,21.8098,355.7289,13.6557,362.0060,14.2040,267.4746,-4.2955,238.6782,28.2687,275.5718,13.5175,310.2222,-13.4151,296.0644
183.1665,41.6325,247.1285,56.6537,260.2084,25.5459,367.6078,-0.4503,316.7942,-8.5027,265.4327,1.3170,248.2026,31.9427,241.4780,6.0673,296.1986,-3.1030,282.8340
265.4362,23.1919,232.1922,43.5707,251.7056,36.3891,363.7996,-16.5254,280.6182,-100.5839,232.9877,6.3969,251.5275,40.4523,247.2227,-14.8580,256.3772,2.0774,255.5153
288.5553,-20.7493,196.9686,-3.8589,223.3090,13.3646,355.3475,-22.1096,266.6454,-173.4755,194.8500,2.0410,259.2468,52.9278,285.1369,-14.3317,201.6825,-17.3426,241.3087
184.1164,-43.2918,163.1781,-38.7820,226.2877,-18.6746,337.7931,-27.0093,278.8154,-176.0471,180.4220,8.2707,285.9931,61.0047,303.5493,7.3391,179.6356,-50.8721,240.4177
113.6294,-27.3633,172.9996,-29.4586,259.8641,-19.8234,293.2107,-38.4796,310.0896,-138.1026,189.6729,36.0591,320.3499,52.3999,282.9528,23.6007,192.7565,-65.4952,244.1678
155.0825,-26.3557,214.2158,-24.3911,299.7693,-25.4471,275.2622,-32.3387,348.4499,-61.6163,181.1294,48.0340,340.1147,35.8788,268.2591,40.0476,201.5473,-64.4008,259.6715
191.4931,-68.5975,241.3863,-47.9027,323.3617,-51.9578,323.0540,-14.8570,367.5613,3.9634,146.3864,10.4253,349.2913,23.4859,284.4031,51.5611,187.5219,-56.4650,275.9452
185.9777,-96.5902,251.5428,-45.1140,313.0376,-45.5734,356.9615,-24.1134,330.7811,-9.5310,128.9527,-43.9209,348.2533,8.4688,294.8411,30.7837,169.9530,-10.4781,278.7935
201.5436,-68.7374,257.0443,-12.5332,293.8374,-5.5419,343.2381,-33.3071,269.9409,-13.6767,123.1204,-60.3487,326.2705,0.0083,287.5548,5.0031,168.1998,70.4927,292.0723
199.2547,-47.0421,249.4254,-14.7532,293.3078,11.5875,374.9245,10.4845,271.8348,58.0398,90.7971,-41.2575,304.0560,18.0736,297.3084,18.5089,173.8925,126.4473,333.9478
139.4171,-80.7799,241.5745,-35.5354,290.4876,11.2541,452.4605,65.5943,323.5459,81.0970,72.8727,-25.2561,303.4699,41.3162,331.1722,44.2042,173.8149,143.0655,373.1402
113.5365,-99.1975,256.3728,-10.2281,284.8814,23.4793,459.1753,66.9734,326.6516,37.9971,111.8961,-22.6027,306.2549,38.2505,363.5946,51.4096,169.6990,149.2862,370.5434
154.9735,-51.3775,270.2400,26.8302,302.8119,27.4478,394.9415,44.8259,273.8600,64.8279,149.0631,-19.4602,303.6916,27.1781,366.9920,63.6025,155.2425,135.7831,316.7040
171.1392,-9.0907,252.2371,21.5160,314.2339,26.6500,347.9502,44.1594,222.4098,99.7897,143.7152,-11.3650,308.0006,40.2579,316.5694,77.5116,124.5243,102.9031,230.8900
142.4010,-11.3539,220.9155,21.7484,283.8516,60.4427,308.1940,44.1249,162.5462,10.5349,130.6891,-4.8881,296.1936,70.5084,239.3187,62.2437,104.1469,94.0080,156.3545
118.1841,-5.2348,199.4167,61.6302,234.1234,98.8745,235.9311,26.5580,90.8498,-89.6455,104.8566,-9.1061,240.9178,86.5102,202.7887,35.9385,110.1843,97.9057,118.5316
88.1615,5.3042,174.2633,77.3635,169.0034,84.5650,162.1398,-0.1038,67.9027,-89.5822,60.5163,-26.4379,170.1364,64.9386,188.0330,13.8313,111.7549,57.5412,83.0729
71.7330,-20.9590,133.8634,39.3288,77.8830,46.3177,100.7400,-37.7002,81.4031,-60.1292,76.2845,-48.9590,118.4063,12.5720,117.6855,-35.2500,99.1617,-15.7706,17.3552
136.0055,-43.0311,86.8170,1.1842,4.7324,28.2949,39.3518,-67.2305,54.0691,-2.1130,161.4468,-75.8936,80.7909,-36.4627,34.5744,-88.7418,94.3420,-73.4678,-35.5904
210.7356,-36.9587,36.7734,-18.3226,-34.4510,-2.0230,14.9380,-55.7825,17.4862,111.3777,191.5348,-105.1658,47.5515,-63.6413,45.2463,-71.8474,62.8426,-109.2364,-29.2436
160.0096,-57.9066,-18.6122,-46.6824,-90.8133,-62.7112,39.4089,-27.9492,48.7098,153.1811,121.3721,-101.8176,11.7707,-76.5237,112.0023,-6.1597,-31.0882,-119.3382,-3.2718
35.8744,-92.8540,-75.1143,-67.0116,-160.2425,-92.7650,39.7806,-27.2069,95.4767,88.4614,35.0440,-49.5380,-47.2876,-74.5677,115.7803,9.1606,-112.0789,-88.8744,-12.2409
-26.6427,-80.9364,-120.1674,-49.3180,-194.5043,-59.8408,-23.8808,-33.8912,77.8712,70.2171,-33.6173,-19.1747,-130.7095,-64.1608,51.6142,-27.7270,-122.4112,-36.0811,-38.8018
-49.4031,-70.1823,-142.9828,-30.0168,-209.6934,-21.3377,-99.5526,-10.0578,30.0843,126.0048,-105.8431,-73.2215,-199.0298,-74.4599,-11.6450,-23.0232,-144.1628,17.6750,-49.8886
-103.0279,-116.2425,-158.2168,-52.8587,-230.7561,-25.2363,-141.4532,35.5293,-16.7122,149.2290,-158.8295,-145.2511,-221.1330,-97.4622,-60.9389,45.5222,-220.6129,70.0157,-59.7976
-155.9943,-143.4885,-193.1621,-79.3378,-241.5265,-38.2999,-162.7416,71.8541,-98.7568,130.1536,-184.5905,-139.7015,-221.0679,-83.0658,-110.8098,97.6879,-261.2950,101.0176,-86.6585
-186.5920,-89.0269,-237.2661,-48.6078,-251.4365,-11.1936,-185.4355,82.8748,-183.6912,104.3362,-223.2543,-78.4051,-243.2962,-30.7664,-144.7164,84.9678,-242.2026,105.2435,-117.9320
-231.9420,-11.1916,-258.2042,18.7744,-272.7185,45.3466,-208.0642,81.3739,-200.0509,80.7232,-270.9082,-31.5570,-278.4206,7.7714,-156.2166,49.8802,-245.1329,119.2160,-147.6965
-275.3164,35.9211,-267.6216,61.5563,-280.4877,86.1388,-226.1359,93.8262,-194.2431,89.9695,-284.6501,2.8193,-280.0173,22.1148,-182.6315,41.1144,-271.6278,146.4518,-189.4521
-270.7379,65.5758,-297.1674,74.1425,-283.7398,96.4849,-247.1487,111.7112,-229.3900,104.7667,-272.5219,51.3122,-260.0911,42.5239,-249.5272,52.7867,-274.7760,150.1338,-244.0685
-249.0212,84.0518,-333.8474,78.5849,-313.7998,91.2652,-274.7262,105.1496,-238.3424,61.8989,-281.6741,90.2306,-274.7189,65.8275,-315.8973,62.9970,-290.6162,125.7084,-293.2249
-268.0932,75.2821,-353.0509,62.1856,-350.3773,74.5118,-301.6857,86.2689,-178.5787,28.5331,-326.2277,91.6996,-317.2887,64.3837,-329.2315,68.6657,-331.6821,79.3802,-320.7547
-325.5505,45.1474,-361.4990,25.4233,-381.0833,46.8006,-332.7018,77.0147,-149.6994,80.6180,-371.7079,72.5345,-343.5616,45.1924,-318.7798,70.6408,-331.2623,10.3111,-327.6810
-374.6203,28.7114,-362.2693,15.5107,-426.6871,32.3884,-379.5724,59.8804,-216.1172,126.9927,-379.6853,62.3015,-364.0368,40.8748,-354.0373,63.5383,-300.9680,-33.4683,-328.1523
-363.9562,48.9657,-350.2941,42.4728,-451.3347,44.0722,-428.6400,36.0644,-322.1241,99.0035,-362.2549,74.1430,-399.0403,56.1442,-427.3184,48.1219,-317.1131,-19.6859,-332.2288
-285.0713,74.0328,-341.4053,49.6128,-415.2105,42.0532,-463.3250,35.8528,-426.4670,74.4771,-363.0596,106.6188,-425.8894,69.5449,-480.7623,45.8343,-358.1062,-18.0484,-342.8272
-211.5730,61.9677,-343.1515,16.2692,-377.5333,-4.7286,-494.1811,40.7011,-525.1048,83.1987,-379.1129,138.0656,-435.3841,81.3453,-512.1700,81.0762,-364.5010,-67.1983,-364.2794
-220.8170,38.0810,-338.8262,-4.2885,-389.7166,-45.7403,-517.3988,13.6678,-592.9279,55.5241,-372.2441,143.3711,-432.4927,101.9527,-544.6840,121.8761,-361.3649,-85.6849,-396.0708
-280.1645,42.0142,-329.9413,17.3113,-403.9103,-24.1714,-506.7818,-22.7492,-630.2678,-18.4915,-347.6820,131.5094,-395.5945,103.0004,-552.7552,94.7574,-379.6839,-42.1105,-429.8993
-297.5972,46.9543,-330.8285,37.0505,-386.9594,16.5409,-470.9301,-35.8056,-651.3442,-66.2415,-334.2636,119.9665,-337.3114,60.8626,-507.0566,11.1527,-403.1686,-19.6736,-462.0867
-269.5876,24.5336,-333.3654,15.3595,-383.7317,8.5317,-440.3479,-35.7424,-621.9769,-50.9140,-328.2400,90.9995,-319.8570,21.3659,-426.3875,-31.6325,-433.6090,-44.2357,-487.1702
-279.7632,4.6179,-334.6165,-16.9207,-422.4151,-16.3012,-418.5847,-39.0665,-551.7949,-42.8934,-325.9167,43.0931,-347.2123,28.4675,-348.0771,-21.1585,-462.5806,-47.2269,-495.1126
-340.3194,12.5716,-342.9357,-5.8347,-457.0717,3.1560,-412.5621,-56.6957,-539.9283,-125.3990,-343.0361,25.4124,-361.5713,45.3868,-309.3785,-36.0945,-438.2643,-1.0313,-507.2742
-347.3905,41.5042,-333.7466,45.2671,-428.9730,41.8209,-444.2857,-98.3566,-609.2994,-229.2504,-368.0426,49.0713,-348.5732,30.3144,-337.5357,-80.5885,-363.8531,55.4475,-558.9695
-257.0475,84.0538,-287.6491,83.4392,-355.6313,53.6714,-491.5043,-146.8997,-662.9713,-229.8664,-369.7143,66.6046,-336.0052,5.9332,-404.7516,-106.4675,-310.3964,83.4565,-618.3296
-182.8700,120.0350,-245.8964,78.3806,-314.9138,51.0120,-503.3272,-178.8778,-648.1546,-177.7973,-347.5587,72.7166,-334.9821,-1.8751,-446.0939,-134.3686,-297.2959,71.2215,-616.2714
-210.6911,119.7349,-242.9672,46.3304,-321.1284,44.4304,-476.5348,-189.5036,-588.2184,-171.0909,-317.1336,81.5366,-341.4781,-3.4887,-441.1513,-176.8843,-285.4654,45.0858,-555.4309
-259.6596,82.6401,-250.1516,13.2183,-313.5319,18.6532,-443.9750,-163.2162,-500.5107,-151.3461,-278.9487,42.2485,-340.0657,-11.2941,-411.5707,-174.4163,-263.1313,42.9350,-483.8410
-241.9096,29.4354,-234.9791,-9.2872,-285.4356,-9.2990,-420.9001,-98.3566,-414.4655,-85.7891,-234.9352,-52.8402,-314.2816,-30.7478,-366.0392,-119.9715,-238.4549,53.9953,-410.3287
-187.5417,-12.0837,-198.0767,-17.6128,-271.6825,-14.5155,-398.9767,-44.4978,-361.7599,-54.1927,-190.8668,-95.0902,-276.9816,-57.7447,-314.4294,-77.1405,-202.5105,42.2905,-337.6127
-139.0731,-15.9252,-148.4622,-13.9814,-239.8741,-18.0182,-357.7617,-21.6340,-306.3486,-22.3318,-141.2745,-44.9901,-238.4520,-68.4155,-276.8866,-50.6150,-160.4057,8.6680,-289.7465
-102.6762,-7.6233,-105.7871,-13.6389,-162.4210,-43.0836,-287.7445,15.8423,-207.3159,81.1281,-92.3336,-2.8012,-178.6739,-55.6292,-234.7302,-3.4638,-140.3738,-29.7043,-254.0587
-102.3259,-33.3810,-90.1988,-34.0862,-96.8438,-76.6585,-210.5409,68.7549,-102.5766,133.7371,-68.6646,-10.1720,-106.1559,-41.9549,-148.6325,47.4173,-145.8336,-64.6890,-203.1176
-138.7483,-54.6157,-88.7736,-59.7075,-73.6379,-95.8796,-150.0982,76.5965,-35.6883,43.6732,-65.1355,-2.9186,-59.3356,-26.7182,-35.9711,68.0943,-142.8014,-80.3294,-158.2720
-165.3137,-13.8881,-89.5445,-48.5700,-52.7588,-83.6797,-104.4626,35.3528,7.4625,-41.3022,-46.2585,33.8990,-31.4525,8.7375,50.1375,64.4489,-111.2228,-76.4283,-123.9894
-169.3594,26.5888,-107.5499,-11.9378,-28.4049,-52.1876,-57.9525,7.4382,52.1328,-4.0734,-15.1668,53.4191,1.4562,44.3226,96.6863,61.8925,-80.8330,-79.5765,-47.0926
-162.8715,-12.0766,-125.3353,-18.8355,-26.0073,-49.6565,9.1429,25.3834,108.7594,74.0783,-1.8798,35.2963,19.3497,51.2101,119.3989,74.2539,-76.0978,-88.5213,71.8571
-115.8627,-70.1868,-98.9975,-65.8975,-30.0570,-73.8798,90.7288,57.4109,164.9754,90.4870,23.7768,-3.6644,14.4362,46.4880,122.5403,73.0638,-50.9165,-78.2749,151.7427
-12.6420,-53.3566,-39.3162,-59.8256,-14.9060,-54.4436,125.1754,48.8459,167.7846,19.6836,109.4889,-13.8737,21.7325,55.8150,107.2494,8.2192,44.8829,-57.4699,162.6048
105.2706,23.8520,17.3245,15.6981,23.7394,11.1371,83.5114,-8.8627,95.5532,-87.6694,204.0086,39.8162,50.6488,70.9125,71.8272,-96.5103,168.1459,-43.3602,162.4695
195.6207,93.9342,82.2937,70.5471,86.7855,44.7732,45.1864,-58.9927,25.2446,-118.9963,229.7359,96.0850,77.6570,75.0442,16.4811,-149.2202,242.9624,-30.7934,191.8628
228.0204,124.2733,165.4927,69.2442,157.2243,34.1959,70.8184,-62.0507,28.7433,-53.1620,225.6886,87.5070,94.6557,70.2039,-17.4398,-114.7440,268.2621,-34.7008,229.3746
202.2492,114.2966,227.9657,54.4281,209.6209,23.1973,116.1493,-37.6919,72.5103,-8.8595,261.8210,63.8278,107.1561,71.3311,18.1109,-39.2727,283.2392,-69.1782,248.8573
195.3834,80.9430,248.0252,37.4984,245.1253,5.3381,158.1321,-2.1414,104.3444,-39.6444,304.0939,68.9560,130.7389,83.4990,86.7850,14.9586,294.1235,-92.2810,258.4861
259.9926,50.9082,247.9977,13.3301,262.3979,-23.7623,222.0678,31.7106,141.5331,-86.3452,314.8312,48.5316,189.9524,88.5957,119.4078,1.3195,300.3463,-84.1828,276.5981
324.5240,44.5171,243.0222,8.8287,249.6614,-24.5927,270.8990,20.3319,204.4600,-132.8808,347.0023,-1.6439,269.0124,76.3575,140.7105,-61.7641,320.4187,-102.9740,292.2082
333.1656,65.7134,241.9607,24.3565,234.9604,-7.0028,271.1857,-34.9466,262.2276,-186.9018,416.9873,-11.6228,314.5899,66.3394,210.1719,-91.9004,351.8877,-158.5104,281.0068
341.0387,91.3456,260.8326,24.3679,254.9785,-19.2330,287.0229,-70.1137,299.4909,-197.3528,451.0147,8.4357,320.5568,61.1139,287.7040,-70.5539,364.6144,-170.6445,256.8663
372.9674,83.9448,288.0081,2.8623,288.1186,-52.7521,347.6607,-74.6039,344.0283,-146.9449,427.3596,-3.9207,329.9935,31.9256,300.8733,-55.4388,346.8757,-127.7481,253.0532
382.0050,37.9810,299.1962,-27.0020,298.8969,-83.0909,391.3614,-85.2715,391.8077,-96.4719,409.6568,-45.7606,352.4717,-14.8554,279.6971,-46.2886,318.4711,-110.1124,269.1370
371.6234,-14.1608,308.6784,-60.5702,300.8247,-115.8850,409.1083,-88.0237,401.6256,-77.1263,428.8369,-85.9741,364.7219,-39.2659,300.7488,-17.4618,297.8860,-127.9133,292.6006
381.0093,-44.5677,334.7860,-76.7001,323.8688,-128.0951,431.1692,-70.6031,379.0309,-61.4961,458.2266,-106.1094,371.3123,-42.3714,358.4442,-15.2035,291.0117,-118.0681,324.7780
401.2855,-50.6178,352.1125,-61.5459,366.1629,-91.8379,420.9278,-76.0662,363.9897,-46.4154,472.1574,-92.9735,393.7019,-47.5171,385.1470,-48.1350,307.1747,-77.9348,349.8280
410.1753,-52.7540,349.2060,-45.3338,401.1765,-49.2990,370.5667,-104.6238,352.8070,-62.1064,455.6360,-81.8037,422.0438,-42.8430,359.5362,-38.4897,334.6996,-49.6894,349.8805
403.3804,-75.1085,364.3959,-52.6977,420.5713,-50.3319,351.9841,-95.8033,337.1996,-77.7935,407.8481,-111.8485,430.9372,-23.1758,331.1279,18.2039,321.3082,-38.1147,352.7684
372.6033,-108.8016,399.6933,-72.0076,450.0420,-77.1900,374.3208,-37.3471,362.0012,-1.7378,356.8469,-132.8499,428.4259,-18.8070,347.5392,52.7851,252.1597,-34.1550,387.3571
310.5974,-130.2378,394.4917,-95.8420,489.0183,-93.8062,388.7574,23.3888,451.1286,141.4462,327.3205,-98.9189,439.1618,-31.8628,403.1398,67.9547,195.7729,-33.6598,425.8018
218.1728,-146.4334,336.6023,-119.4619,484.9060,-92.2183,411.1072,48.4845,561.1566,184.2103,314.7210,-59.1443,447.8076,-28.9773,470.8651,92.2563,194.4258,-19.9707,430.1931
124.6608,-156.3370,291.2058,-119.7090,426.2045,-79.6068,449.2486,35.2795,639.4926,95.8421,307.9466,-42.5990,419.8121,-8.6777,530.6071,103.4705,205.4178,-3.0390,400.1513
103.2227,-124.2114,285.6166,-92.0025,370.4044,-67.1285,438.0559,18.3871,642.8773,50.8374,295.9480,-17.3898,367.1759,2.3656,544.0854,104.6077,208.5185,-13.4675,355.2144
169.5472,-60.1888,278.1268,-66.0505,337.1423,-55.5952,376.3491,29.0047,562.5117,106.3564,260.2736,9.0218,322.9808,-5.6183,482.2584,110.6424,227.8806,-25.4910,317.9549
216.6083,-25.8521,252.2446,-61.4262,285.0675,-37.1294,335.4117,39.6778,483.0802,138.0292,197.9560,10.9082,274.4764,-35.0498,392.6109,78.5949,240.0076,-2.7969,292.5884
172.0772,-21.1671,227.0454,-60.2029,200.8705,-16.3254,301.6349,23.1731,474.2000,134.7558,131.5910,3.2761,195.8185,-78.2563,337.4435,11.2339,221.1085,9.9605,257.2101
98.3882,4.8374,195.0421,-29.2032,123.1125,5.1517,226.2181,23.3270,453.2838,196.7906,78.0671,-5.1121,111.7915,-94.5197,284.4663,0.6138,212.4835,-26.5783,215.7482
55.6894,40.0734,149.9148,26.4443,94.9613,28.0683,165.1846,71.5100,341.7293,286.1960,32.4636,-4.6485,65.2645,-62.4675,178.6294,62.2412,215.9801,-61.7555,200.1732
36.0700,39.6858,118.7504,53.7092,114.5654,26.0095,171.2354,114.4302,221.7583,280.6872,-9.7317,39.1996,54.0456,-23.1981,64.2116,106.5515,181.0705,-55.6426,194.0897
31.6295,28.3208,109.4362,44.2417,123.4835,5.6255,167.8214,102.8674,160.4194,180.0543,-41.9679,102.1948,36.6330,-4.0327,7.3670,95.3948,137.1175,-32.3969,156.6197
24.9721,61.7354,103.6508,66.4247,93.5926,41.3561,90.2521,67.0104,99.6127,86.8868,-66.1853,113.9767,-10.3641,24.6475,-18.3621,59.5263,140.9697,0.0212,109.4920
-4.8923,128.6183,96.2532,129.6492,72.4124,131.7079,13.3066,57.5686,24.7408,68.0375,-95.0530,80.7267,-54.8598,65.2883,-59.0171,18.4288,149.9109,48.1118,81.1725
-27.5132,165.8265,72.1843,151.9697,61.3363,166.2110,12.4903,67.1088,-15.3914,85.1894,-121.4843,54.3266,-53.8751,74.0522,-96.7585,-11.3184,125.3561,85.8400,35.9490
-27.3942,157.3706,18.1892,130.4045,5.9393,132.0736,30.2250,46.4462,-46.1996,60.6179,-119.9606,47.6365,-24.7134,51.9999,-115.1545,-19.5946,116.2325,104.0301,-40.5675
-42.2566,160.3084,-12.1903,150.6282,-46.3874,131.1268,-12.3614,-4.7649,-98.6548,15.7643,-97.7144,66.4932,-17.2614,41.0410,-132.8502,-32.9163,125.0849,123.3253,-102.5630
-59.7733,201.2225,21.6844,202.9767,-25.4539,164.7765,-81.4523,-22.9726,-120.5957,22.8462,-98.1046,101.5835,-39.0668,44.6724,-136.3456,-58.7880,87.1787,132.8840,-131.5239
-44.8662,212.8821,41.5280,203.0597,-15.2234,154.6520,-105.6192,5.0302,-98.9908,43.2714,-134.2991,102.4925,-67.8258,48.3864,-100.9943,-61.2208,8.6268,115.7613,-140.8581
-45.5527,146.9624,-15.1956,156.1797,-82.1864,115.5107,-95.2460,16.5011,-96.4690,23.6434,-174.8908,64.4776,-94.9671,57.7584,-75.1175,-38.5434,-55.1084,96.1898,-129.9091
-92.4935,62.9446,-76.7655,114.3585,-123.3345,94.1153,-97.4010,7.6786,-125.1740,35.5962,-200.6050,29.9808,-116.9327,60.6492,-109.5020,-22.5692,-103.6310,88.1232,-116.0509
-133.3347,23.1956,-91.4672,71.7736,-98.2796,70.2581,-109.4661,43.7895,-153.7496,103.1388,-219.4680,-10.2542,-131.4670,41.8749,-144.0136,-4.3737,-155.5941,71.5161,-121.2587
-165.9496,11.8715,-115.0784,28.7938,-110.8481,42.0634,-110.0570,115.0747,-191.6177,111.2096,-232.2227,-59.5976,-140.4339,34.8562,-110.3259,29.1661,-195.7095,44.1012,-115.2601
-222.0569,8.7928,-169.0162,20.8423,-166.3434,44.1499,-105.0065,148.7382,-243.0198,41.6657,-228.2365,-61.2456,-133.6427,62.4072,-69.0928,37.8796,-206.9953,24.2891,-79.9001
-257.3156,14.9205,-207.2063,31.8727,-175.2660,56.2478,-108.5973,136.3124,-267.3247,26.0295,-212.4053,-22.3927,-119.3979,82.3546,-99.0255,3.4330,-193.8047,18.1736,-62.4062
-251.9270,5.6516,-220.7264,17.5253,-150.2712,37.8704,-134.3616,111.8260,-246.4341,89.5047,-210.7763,-7.3342,-139.4491,66.5291,-162.2917,-21.8751,-175.8600,22.2210,-84.1661
-252.7280,-25.8546,-223.2794,-4.5822,-146.4078,7.8129,-187.8148,74.2670,-220.4270,95.9408,-235.5981,1.3751,-184.4125,42.6265,-202.0187,-9.6283,-174.0208,32.2636,-119.0285
-243.1010,-32.5303,-209.1604,4.6091,-158.1349,5.6852,-234.3882,16.0401,-239.2244,-16.0499,-256.2640,36.6269,-190.3492,30.2985,-231.1422,0.7779,-182.4315,50.5025,-166.4056
-208.2267,6.4869,-198.6490,39.8153,-181.6930,40.2393,-228.2002,-44.1496,-295.8282,-121.9269,-247.5668,61.9087,-162.6635,29.2523,-249.9833,-11.0286,-183.0839,86.7520,-214.0749
-233.1348,53.4019,-212.2218,81.7326,-207.6453,90.3847,-185.9882,-80.7534,-322.4930,-114.3636,-245.2486,78.0031,-160.8472,44.7388,-234.3791,-21.8867,-185.0413,130.5114,-218.2850
-310.2665,77.4816,-219.6687,112.8730,-200.0428,119.1614,-169.8559,-79.4073,-292.4452,-98.3641,-272.7581,111.9035,-177.2026,62.1116,-220.1608,-30.1308,-195.7391,158.4370,-207.9331
-292.3695,72.7319,-205.6222,105.6935,-183.8741,114.6995,-204.7522,-56.6439,-280.8053,-190.1507,-270.3803,106.8544,-180.2289,52.4656,-255.1206,-43.3817,-192.6808,176.7865,-248.6328
-175.0377,41.1778,-193.8264,68.1976,-201.7172,104.3222,-262.2602,-43.6917,-347.9212,-247.1021,-209.6005,32.6492,-191.8375,15.7854,-311.4529,-37.7689,-172.0114,191.8983,-295.7891
-117.1413,6.3111,-186.8557,48.0056,-206.2195,97.8748,-299.5624,-27.4559,-430.3392,-118.1781,-174.9597,-36.3711,-212.0352,-30.4128,-337.8170,-8.9682,-173.9415,181.5194,-269.3557
-173.4274,-14.2174,-191.9715,42.0060,-169.2957,75.8303,-285.3737,26.8337,-424.8213,41.5160,-218.1822,-81.8181,-202.8076,-71.5002,-316.3855,13.9080,-237.8044,156.9081,-202.6472
-274.1588,-41.8342,-240.6294,1.3084,-157.1840,42.4956,-213.0701,97.6332,-315.3851,69.8215,-271.0571,-144.6012,-180.5461,-93.9556,-248.4115,38.6204,-350.3447,157.9017,-158.0044
-358.1973,-80.4096,-302.9572,-53.2433,-180.5051,21.7610,-109.6220,131.0353,-179.6440,74.9908,-283.3313,-169.4787,-184.6569,-107.4867,-167.1018,80.5105,-435.9393,168.3173,-127.5954
-379.0012,-87.1789,-309.5793,-54.1818,-178.7836,17.5257,-34.9566,111.1462,-107.8190,126.8581,-286.9305,-106.2140,-203.0459,-124.9604,-125.9074,95.3709,-429.0511,152.6250,-105.4093
-335.1802,-55.9546,-275.9844,-19.0426,-169.8819,20.4047,-40.3001,65.1868,-110.9266,123.3690,-293.6366,-51.7701,-223.3828,-117.1403,-131.1328,67.9366,-358.4632,127.3978,-100.6336
-296.2299,-41.3072,-262.5867,-14.0000,-206.7242,21.7476,-92.9178,45.4663,-124.3138,85.7919,-278.2351,-83.5418,-255.0297,-78.6221,-153.7692,63.3913,-297.0019,107.0848,-81.1029
-280.6250,-60.0878,-264.7335,-23.2907,-252.8838,21.2433,-102.5632,84.6975,-120.0357,117.8874,-244.2606,-126.1526,-273.0455,-63.3057,-183.6575,92.1943,-260.3494,84.4357,-37.5015
-232.9448,-62.4531,-253.3267,4.6024,-247.9328,33.9889,-61.8008,137.5249,-132.3457,159.5731,-206.8997,-105.0832,-248.9673,-62.3996,-205.3444,90.0946,-228.8149,77.5997,-25.0169
-161.9534,-29.2689,-229.2269,39.5158,-202.0029,50.2868,-51.7975,144.6811,-156.3065,151.7301,-167.0799,-56.8682,-203.0169,-15.8584,-190.5788,67.5402,-199.4766,73.3977,-52.3027
-122.2093,-12.5080,-198.4382,18.7269,-159.2641,20.9936,-78.1535,137.3350,-134.7320,184.5803,-137.3122,-37.8873,-155.3319,22.0201,-141.1421,83.6434,-167.6202,11.7906,-48.3831
-103.7308,-47.3897,-176.8839,-47.1113,-139.1681,-52.9830,-55.4825,162.9832,-47.8658,268.3639,-124.5839,-48.7584,-97.1384,-28.1581,-73.6996,111.8891,-135.6272,-80.4808,10.0037
-83.8365,-92.6104,-177.7434,-96.7486,-127.2914,-93.1781,25.1302,181.6655,69.7671,275.5234,-105.4651,-60.4745,-32.1695,-80.3946,-2.0621,100.7409,-123.9325,-107.4050,59.3172
-74.4446,-96.5161,-162.9589,-98.6642,-102.5171,-66.8894,79.9033,150.5327,172.7212,180.3214,-66.7248,-55.6675,20.6792,-43.1247,47.2391,64.7116,-118.6985,-71.9042,57.1426
-60.2654,-65.0189,-95.9760,-67.3342,-65.7520,-32.5009,80.7629,102.0796,222.2908,97.7795,-21.3234,-33.6409,54.7992,2.7627,79.7279,19.7298,-83.8363,-35.5823,29.2369
-16.4185,-19.8611,-9.8186,-21.6448,-14.0099,-20.3182,79.6759,62.7735,204.6992,91.2508,27.9387,8.0660,81.2293,-3.2121,132.0692,-37.0844,-25.9514,12.2053,11.3425
39.2935,41.0466,61.1546,37.9421,72.2965,8.6230,107.2205,15.4809,139.8809,92.3678,83.9730,64.8492,119.7931,10.4158,169.0524,-75.2362,34.1453,78.8517,19.9732
87.4270,94.4247,128.1439,91.4806,165.3520,56.3946,141.7267,-31.1089,63.1748,30.6945,137.6127,106.9103,162.9840,52.5329,131.6241,-78.0738,98.6626,107.1481,67.7658
127.7066,96.5212,184.9061,96.2019,201.7016,67.6676,159.8785,-46.0115,19.2988,-33.1215,191.0352,113.6912,171.1089,51.3799,81.6139,-80.8575,161.9009,94.0001,142.1514
160.5909,72.0521,213.1490,68.8830,193.6736,40.6106,166.6942,-39.8513,37.9848,-19.4042,246.4804,99.6982,149.9081,26.3450,100.6128,-98.7805,215.8097,104.1936,190.4797
210.7157,78.1949,232.0733,72.5469,212.8727,36.4513,179.1622,-40.9720,101.2774,5.3240,270.4875,78.3998,160.8430,30.2134,140.8094,-108.5339,262.3556,135.2797,195.0111
293.3396,82.4878,254.7992,87.9782,267.9975,60.1032,207.9108,-34.2057,181.6128,-25.0438,247.1994,47.6003,216.1931,27.6964,151.7389,-102.9116,284.7448,125.4337,215.8712
354.1704,28.6832,273.3570,53.3745,318.6114,60.0015,261.2138,10.4146,262.5488,-32.4893,238.8430,11.4594,269.1334,-3.2234,172.1515,-90.8009,285.4734,85.2356,292.6046
361.4377,-25.7488,309.6779,11.3207,373.3873,46.7151,337.6266,71.7065,297.1313,5.6864,299.3078,-21.2542,307.9595,-14.0268,202.8988,-75.6178,310.7990,94.6655,388.1074
373.7416,-10.5423,378.8318,25.1575,465.2049,66.4612,409.4601,100.4050,269.4169,1.0090,375.1146,-41.8749,352.4566,-3.1312,208.7996,-53.8082,354.6880,171.2837,472.9182
411.8641,18.5168,442.3599,46.5956,565.6762,89.5827,461.0834,96.6244,270.3742,-14.5048,392.7129,-50.8030,401.3279,-22.7765,228.9261,-10.3816,366.9575,232.3868,547.7294
428.2124,3.9959,475.6136,36.8660,614.1549,72.7366,524.1866,103.4024,357.5996,45.4520,377.3298,-76.2000,450.0451,-67.4176,299.1236,47.4487,373.4036,217.9685,583.7164
433.0166,0.1226,493.7848,41.4894,606.8743,51.3305,604.0103,126.4939,449.7426,105.3542,382.1468,-119.7462,487.2197,-83.4688,376.5286,70.3765,413.6367,174.4841,566.5789
449.1587,35.3766,487.7414,53.1699,581.1180,51.3887,635.8512,122.3066,491.2005,85.6985,393.9818,-115.1797,481.8168,-57.3537,435.2543,48.0788,441.8227,156.8027,543.9043
419.1275,45.7179,446.1876,25.4558,535.4300,35.3922,595.3266,69.7582,528.1199,43.9901,402.4273,-49.4202,449.0760,-22.5450,485.7198,38.8813,427.6795,136.8433,532.4044
340.3704,17.6503,410.0589,1.3520,458.1842,-0.4721,546.3429,9.4089,565.7528,9.8475,436.6220,-14.7288,447.0922,-8.4930,514.1260,61.6844,404.4135,87.6003,493.7784
319.3314,11.4730,410.1648,19.7078,402.8058,-14.8306,523.2864,-2.5252,569.8117,-26.6994,471.5276,-27.9207,467.2149,-7.9199,522.0488,69.9796,388.6744,52.8669,435.3257
379.3194,35.0119,425.7514,27.4026,416.7082,-2.2187,486.2073,28.1614,548.7406,-23.6417,451.1294,11.6536,454.5180,10.8541,526.5305,52.0295,405.3444,57.9715,382.6769
437.7950,54.2194,443.1164,16.9967,448.9945,19.4939,407.1186,30.4546,479.5766,-14.4556,415.3554,118.3127,421.3029,62.3257,498.1409,39.5228,482.8171,53.2015,300.2068
465.3501,73.9408,458.9731,44.3576,440.1374,39.1262,302.4160,-25.2880,338.5772,-88.0107,435.1428,208.1008,406.1843,125.9794,430.9914,37.0276,543.3162,2.0617,182.6906
461.6802,96.3093,445.3820,82.0571,408.0496,35.4966,207.2266,-73.7315,236.0976,-165.9482,471.7094,264.7834,390.3295,165.3471,383.1051,31.1443,501.1413,-54.2208,115.2816
408.8953,93.6244,396.4566,68.1114,372.3985,13.7635,162.9724,-67.9017,255.2873,-122.5102,458.4549,289.0914,356.7608,155.0875,349.5230,31.4692,426.6656,-61.1813,138.7995
355.3204,74.5944,354.7300,33.8637,320.2994,14.6408,171.3621,-55.8115,269.6234,-41.2968,417.8904,216.6429,325.2588,107.2130,272.0529,51.3394,410.3309,-33.0682,182.7615
342.0817,75.2315,340.1724,33.4322,265.1978,38.6955,174.9769,-75.7646,180.8244,-58.0707,386.2069,79.9742,284.4388,66.6831,191.7675,70.9650,424.6461,-23.9623,177.9638
308.0978,88.0362,325.7984,59.4926,223.3545,54.0283,137.2469,-92.1286,91.2241,-124.7161,353.6983,41.5240,207.5102,60.8123,179.1317,52.8843,421.9772,-38.8600,125.9843
259.2526,88.5595,296.9203,83.7988,174.1080,60.1992,77.0526,-88.2981,58.2229,-130.4597,318.4323,132.4311,125.4321,76.7773,176.1307,9.7781,376.4170,-42.3295,59.0970
289.7436,93.2667,262.1228,84.6457,118.3878,59.9804,12.7174,-97.4128,2.2626,-85.3326,284.0744,193.9172,88.7399,90.2959,97.5906,8.7974,283.8989,-33.9494,2.9090
336.1646,119.5126,224.2665,60.6051,92.1661,46.2956,-44.2273,-116.0482,-78.2678,-71.5498,240.2734,142.4175,95.1224,79.7158,-20.7922,54.2262,225.0903,-31.1055,-34.8485
273.4110,129.3402,189.2255,44.7420,96.1529,36.3150,-77.6389,-104.2070,-108.3492,-110.7364,202.7231,70.1900,104.0551,42.0481,-95.1325,56.3953,238.5217,-26.4030,-59.4324
188.0291,72.3836,163.3635,40.8932,92.3649,24.9841,-103.9143,-69.1347,-99.5019,-150.4656,182.9985,59.2437,84.9447,15.7984,-102.3116,-11.0452,199.3747,-28.6392,-75.8384
173.6512,-32.4131,127.8134,5.2857,56.5981,-17.7829,-142.0227,-51.2601,-102.5336,-154.9154,137.8299,75.8909,47.6425,24.1271,-76.9634,-54.3768,60.1397,-54.2240,-87.0167
116.9576,-109.3340,63.8707,-53.3742,0.9789,-55.6738,-153.4811,-44.9222,-116.3190,-120.6137,53.6351,64.2618,34.6043,19.8384,-66.5709,-17.6627,-38.5243,-67.6307,-88.2554
-21.4592,-125.4354,-5.7443,-76.7377,-34.3068,-48.0752,-119.2200,-20.0633,-123.6710,-33.3155,-9.1112,24.7195,50.8157,-27.8274,-72.4025,41.3837,-60.9812,-49.4985,-83.1625
-104.8021,-121.8748,-53.1360,-70.9574,-35.6513,-55.7069,-109.6702,2.6553,-108.6349,59.8120,-30.3463,-12.1217,41.2805,-67.0792,-43.5591,56.8422,-114.3304,-52.2637,-113.0620
-102.6444,-137.2146,-96.3229,-85.5261,-49.5333,-109.7275,-167.4573,-10.5379,-73.1284,52.3697,-56.8180,-26.8653,-12.5056,-62.7678,20.8371,34.6682,-189.5320,-83.1246,-189.8057
-84.4008,-162.4592,-155.7389,-113.9510,-102.5973,-130.4582,-227.5543,-29.5357,-67.7162,-18.0997,-99.1945,-24.6348,-60.9783,-49.4562,35.1168,22.4964,-217.7801,-81.7031,-231.8786
-48.0708,-167.5606,-202.0338,-114.3069,-152.8763,-97.1274,-236.8931,-20.8363,-104.1393,-14.9235,-132.7511,-28.3456,-86.7153,-45.1720,-46.8687,29.8553,-221.6958,-57.6865,-197.9656
-29.4320,-131.0765,-210.0154,-77.9155,-176.2091,-75.8936,-227.3806,-18.4690,-118.5686,14.0173,-165.0187,-47.8948,-118.8260,-36.4622,-161.2979,8.0180,-210.4681,-60.8235,-179.0024
-105.7964,-80.1035,-211.7417,-34.9455,-197.6041,-64.2549,-224.2256,-32.3194,-114.0691,-45.1261,-216.8633,-61.7836,-150.7226,-34.1971,-231.7757,-43.2741,-179.2668,-59.0644,-213.0535
-212.7379,-83.2989,-235.8539,-19.9378,-215.9175,-30.8308,-203.7421,-7.7615,-157.2531,-87.8155,-287.2681,-50.7798,-163.8805,-41.7659,-252.7885,-42.5020,-193.5134,-20.8921,-205.4738
-257.9457,-133.8854,-253.7533,-29.3676,-208.6026,-16.7742,-170.5895,38.0814,-217.7570,-13.2170,-354.8264,-25.2259,-185.4518,-32.6680,-262.7840,10.8933,-251.6654,0.4360,-146.8343
-273.3720,-136.5783,-240.2971,-29.6545,-190.9561,-38.7307,-176.7413,19.1346,-236.6149,31.0897,-380.7910,-2.3046,-229.8827,-10.4181,-293.3105,12.3675,-268.3250,-25.5569,-144.8810
-267.9835,-86.7655,-221.5859,-22.9411,-194.1253,-49.9026,-237.1911,-48.3675,-264.3155,-63.1708,-357.0955,6.2056,-271.0038,-2.6308,-339.3078,-40.2899,-267.9420,-62.4266,-202.8797
-230.9130,-83.5197,-224.3612,-44.7768,-227.5535,-53.7000,-300.4811,-84.7016,-331.6619,-163.2696,-341.4867,-2.7153,-309.6880,-6.0299,-363.2341,-44.5523,-307.4207,-93.1239,-233.2077
-258.5533,-124.1676,-247.7378,-91.7714,-278.8186,-88.0728,-325.4937,-100.0934,-363.7847,-149.8259,-370.9806,0.3365,-357.2640,-12.3732,-351.9845,1.0926,-325.1595,-123.5224,-231.2650
-358.2737,-119.1206,-288.5670,-122.8974,-319.0059,-126.8896,-331.6282,-122.5257,-345.7712,-86.4865,-404.4102,34.4287,-379.9366,-28.2968,-348.5137,12.2468,-300.2126,-140.1514,-238.3605
-364.1891,-81.9627,-330.7672,-115.5038,-337.0742,-121.2909,-353.5267,-122.3879,-354.0898,-88.9181,-409.9117,46.5196,-366.0859,-35.7110,-385.7552,-34.2538,-290.1316,-135.9438,-261.0922
-253.0980,-77.4318,-341.3080,-80.0337,-355.1168,-79.7170,-391.8072,-120.5546,-399.7031,-168.9240,-405.8180,5.3220,-364.6230,-17.9224,-432.0194,-104.9686,-257.4203,-125.5699,-306.4587
-178.6206,-87.8167,-320.0913,-51.3812,-375.5127,-50.5567,-422.5689,-159.6601,-433.4735,-220.6121,-395.2817,-14.8856,-388.3670,-6.4626,-451.2070,-148.9624,-182.4095,-125.0691,-347.8474
-176.8064,-86.5259,-300.7030,-57.4680,-374.8044,-60.7390,-417.6198,-174.5615,-442.1059,-180.8402,-369.2325,19.5795,-394.3339,-25.7217,-455.5318,-126.4034,-188.7908,-138.9857,-307.3841
-195.6293,-87.4216,-292.3581,-79.8927,-356.1250,-83.2377,-361.6829,-113.7130,-421.5802,-126.9730,-351.9711,27.0735,-377.2595,-53.4023,-454.6732,-80.8623,-297.8711,-151.2364,-195.8786
-245.6105,-81.3680,-287.2792,-91.4912,-333.2784,-83.9111,-282.8656,-62.5336,-362.2439,-104.9603,-363.5305,-5.3938,-368.1862,-74.0244,-431.9376,-75.6464,-357.1932,-151.5788,-127.3147
-297.1512,-72.3074,-296.5592,-104.6419,-304.8314,-85.7859,-237.1162,-74.0886,-289.3648,-61.5914,-384.8616,2.6440,-364.3642,-90.7208,-394.7565,-78.0716,-316.8115,-161.6733,-141.3609
-298.4615,-94.4760,-314.7731,-125.5273,-287.7372,-116.5145,-240.3801,-85.3791,-227.6612,-25.3184,-395.1808,27.1996,-343.5571,-92.1220,-360.2772,-60.6171,-255.0340,-178.7120,-183.3701
-304.7636,-119.4555,-313.4971,-132.8591,-294.1561,-142.1522,-254.1363,-78.8750,-159.2044,-45.5969,-394.5001,-5.2683,-305.5740,-76.3987,-302.0350,-65.9503,-208.2070,-157.5498,-227.3943
-341.1144,-112.3680,-301.8309,-133.3886,-291.0156,-139.5759,-243.9137,-95.9049,-62.5114,-14.7450,-391.1170,-32.6034,-268.8284,-68.3060,-203.0797,-68.8190,-216.5844,-104.8015,-271.5486
-329.4348,-133.1658,-305.2354,-146.9459,-265.6401,-144.3385,-215.9859,-109.3031,45.2649,122.8630,-390.0410,7.0176,-256.5555,-79.8850,-117.8084,-17.6635,-321.3214,-82.7072,-287.4786
-283.0087,-196.9050,-302.3322,-154.7319,-251.2844,-167.4516,-195.0076,-76.5664,99.1278,220.4387,-379.5281,25.3287,-268.3717,-101.0908,-100.2213,18.4191,-413.9599,-97.8868,-260.8428
-276.4278,-205.7536,-272.0439,-140.4086,-247.7517,-170.7125,-190.0962,-38.4743,32.7811,209.4433,-346.2961,-22.8053,-269.7485,-117.0123,-131.4806,-7.2739,-359.8652,-98.8773,-217.7673
-244.7902,-153.5955,-241.0069,-121.1526,-225.3514,-138.1407,-188.7550,-48.3569,-112.0649,170.3468,-308.2906,-33.3301,-245.9417,-104.0723,-162.2192,-16.7301,-237.7346,-64.7582,-193.0832
-115.0570,-148.4994,-217.4127,-107.2252,-189.9215,-95.7634,-177.1107,-96.5322,-205.0106,87.9779,-288.2617,34.8789,-217.7648,-57.4761,-166.1587,2.1677,-219.0907,-24.3802,-199.2963
-4.9360,-199.7687,-175.3773,-104.2337,-163.2909,-79.2144,-154.7778,-141.0950,-207.0040,-77.8125,-273.2244,80.8900,-184.7253,-20.0818,-145.6833,-12.9667,-312.1861,-16.1106,-206.2840
-50.2382,-233.9286,-132.8963,-123.4359,-152.4205,-93.4226,-125.6128,-148.4125,-186.8181,-204.3622,-244.9261,38.9860,-134.8609,-23.0676,-115.8565,-32.0062,-381.4288,-31.5958,-170.4164
-185.9952,-241.5582,-126.2505,-135.7796,-152.6463,-90.3356,-95.3114,-117.2671,-164.0190,-183.0124,-209.2572,-43.7717,-96.9786,-33.6871,-72.5976,-23.1998,-331.8185,-15.3107,-100.2000
-248.8007,-226.0840,-129.3174,-94.4917,-138.3853,-37.2619,-76.9189,-80.4568,-118.4607,-86.3876,-169.7376,-90.2889,-96.5235,-11.2339,-1.9033,-31.6598,-202.6657,27.1622,-38.5930
-195.9489,-169.3373,-110.5867,-21.5837,-101.8273,19.0874,-69.5971,-58.2404,-87.2358,-29.0315,-125.7754,-67.6785,-107.4260,35.8783,70.7553,-35.4871,-107.0495,21.2913,-0.7454
-127.9150,-116.5498,-95.7818,19.8949,-86.7069,36.0120,-55.4429,-35.7097,-88.4074,-36.8336,-95.0681,-18.1223,-103.4393,71.1612,110.0819,4.6328,-90.3739,-16.9683,13.3196
-112.2137,-110.3901,-91.8887,26.7925,-99.4015,44.2003,-39.3053,-0.3062,-71.0337,-58.5527,-82.8630,-11.0131,-85.3252,67.9565,128.1207,19.0800,-90.8020,1.6412,2.7256
-98.0374,-96.4720,-57.9842,48.0603,-80.2319,70.3126,-42.9985,36.6329,-36.3631,-33.6506,-55.6098,-41.6487,-50.3428,34.2793,131.2711,-3.4197,-58.7903,56.1626,-13.3649
-53.6171,-46.6128,1.3069,92.9097,-28.0001,95.5212,-54.9502,58.3014,-40.0322,16.3435,2.9237,-48.6419,-6.5676,12.9914,92.5300,29.7233,-24.0701,67.1449,-22.5363
-27.1641,-24.3194,30.9472,110.7851,-4.5430,105.9871,-47.7524,59.1191,-52.5155,16.4000,48.5687,-24.7037,16.3865,27.6321,39.9862,86.0684,-14.4525,48.0096,-40.7556
-18.1216,-36.1872,27.8627,78.1131,-13.0872,100.3276,-30.5208,39.8243,-2.1433,-34.4883,47.8813,-9.5607,16.4053,45.9393,40.2912,68.2544,-2.5548,28.1457,-69.3466
28.4392,-7.6750,40.5035,51.3974,-10.8681,83.4378,-23.9544,-5.7023,76.7838,-72.1486,49.7035,-5.6557,27.6169,35.8919,81.1403,27.3568,39.3531,-8.3782,-90.0337
98.2988,65.0223,81.4415,75.1031,19.0450,76.8944,-20.4658,-68.4176,98.6222,-55.1761,106.7523,6.3722,65.8615,18.2791,112.7899,29.5810,95.6959,-35.1959,-96.1039
137.5422,112.1459,122.8193,102.1261,73.4761,83.7218,-9.6967,-94.3034,67.9509,14.6152,176.0052,17.1325,110.1306,24.3719,142.5670,34.7836,142.5193,-21.8621,-69.2772
143.1500,117.8299,149.6064,90.2270,124.1169,85.3141,10.4061,-44.7011,51.4709,75.7204,198.1880,12.6569,139.8242,38.9149,173.8380,37.6058,180.4261,-2.3712,11.3122
133.8366,118.3788,169.3161,77.1035,141.1015,87.3298,52.3787,31.8347,72.6961,61.5536,200.3208,-5.6444,165.7214,22.3781,178.2148,54.7418,204.1910,16.8506,106.3315
121.3482,119.1116,190.0244,83.5684,158.9909,91.6193,112.0205,72.1139,112.8669,25.7402,214.0553,-39.6738,208.6709,-22.2330,179.9991,39.3961,190.8165,59.2873,159.8759
121.3510,107.9527,207.6068,77.3440,208.2307,78.9444,155.2785,87.5771,159.1269,55.6475,213.1445,-73.7842,251.4622,-42.1548,213.7553,9.5562,155.6337,85.0329,181.3471
138.3796,110.0329,211.2241,67.8320,237.8856,73.0400,175.8352,107.2871,199.0509,96.4708,211.4847,-56.5245,258.3408,-10.6797,231.7963,35.2067,162.4548,71.4652,196.2892
172.7985,155.9973,200.5812,90.2192,230.2763,101.1837,209.0230,123.1759,220.1302,69.1100,257.6695,29.3821,245.3356,34.1016,205.9825,62.1587,234.9919,67.5898,198.5338
210.7396,221.0480,191.5443,116.3566,235.8154,114.4665,264.8801,132.7896,236.6511,27.6558,315.0494,115.4035,256.1742,55.6229,211.7094,32.9664,311.0636,68.9510,197.0896
210.1310,256.6971,199.1870,108.6956,243.1242,90.0303,309.5381,141.6718,256.1901,25.0810,332.0902,128.0275,284.0848,63.3284,285.4413,32.4232,326.7272,39.2068,205.7208
198.4373,263.0077,224.5166,97.5753,225.8716,92.8958,315.8946,133.4376,238.4885,19.0562,356.3429,77.7540,297.6794,64.3979,348.1289,82.8113,304.9341,24.4633,199.8021
261.6684,269.5350,254.1680,117.1051,239.3483,132.2912,288.9769,105.2607,175.2281,-6.9226,413.6247,28.4703,296.6338,48.0924,348.5020,77.5264,313.5671,47.0603,173.3928
337.2993,269.5120,262.7268,138.8406,283.2239,142.9328,261.5185,81.2353,145.9966,-20.9103,436.0919,25.3519,289.3967,29.0845,327.6761,18.6320,354.8026,44.5516,167.5235
286.7673,232.0483,239.5320,118.4296,269.1019,124.2641,269.0464,68.7470,185.9610,-25.0085,407.9609,61.3897,281.2055,29.0576,310.0320,4.4417,366.5581,21.9883,190.8976
185.7638,162.9347,213.6878,64.9602,213.2026,108.3373,298.8427,62.4130,221.5224,-23.7030,384.1245,84.9088,284.1664,30.9682,274.1795,23.8805,338.9187,29.8205,215.8155
182.7698,112.4971,210.6403,30.3262,202.6391,72.9384,311.9366,64.5725,235.6215,14.2994,367.6462,65.6439,285.5595,12.2480,236.7569,16.7307,318.3712,19.7569,243.5312
207.3954,114.9328,205.6046,26.0878,211.2065,18.2442,326.3754,64.4280,302.5900,82.7591,339.8440,40.5620,260.8028,-15.4809,243.5447,2.9373,297.0709,-43.5252,271.7704
166.3718,130.8925,173.1584,6.5472,183.0831,-10.2762,372.5115,49.6416,401.5286,114.3488,315.2020,38.0382,232.6659,-32.4337,286.3987,15.8092,248.3961,-75.5556,260.3138
139.8409,98.5665,142.3048,-28.6819,154.7720,-11.2078,393.4664,32.3891,432.1692,85.4485,278.6894,30.9845,231.4845,-29.7859,315.4041,45.2216,221.3091,-38.5279,200.4549
162.5683,46.9915,143.2300,-23.3903,151.4232,-8.4550,338.0713,18.8577,404.2376,57.3805,213.2818,30.5254,233.3070,-0.4157,306.9979,63.3563,239.3268,-8.3920,141.2893
163.4078,51.0276,152.5188,5.0887,139.7217,-2.2356,273.2327,0.8185,379.1555,50.2416,165.2225,84.1103,214.6936,45.8163,269.7910,43.9748,229.6683,-19.4239,120.3429
137.9502,78.4421,145.0208,-15.1708,111.1286,-6.9619,251.0220,-9.8065,327.8250,1.7648,150.2750,144.7120,193.2022,75.9199,228.0254,15.1374,172.9313,-31.7973,126.1257
99.2533,51.3983,133.2349,-55.2607,84.1902,-28.6814,216.8043,-0.0626,237.0017,-61.3296,114.7721,138.6847,181.7868,79.8895,211.5306,46.7097,133.0459,-20.9220,123.7245
29.4982,13.1437,119.6386,-35.7793,76.0194,-25.3009,169.0785,17.6380,175.2269,-21.7505,51.1930,128.9764,178.6320,92.5275,208.8484,118.7205,101.7682,14.2397,97.1846
-20.7148,27.1129,83.6278,12.5965,94.6380,7.9420,182.9981,40.0602,146.7354,84.3895,-1.5263,186.5142,176.7070,133.4130,172.8859,140.0512,36.3842,53.1065,75.0617
-33.7300,27.6380,27.1123,12.4202,97.0029,12.8028,219.2961,76.0588,102.4030,123.0884,-40.2256,221.4385,150.6456,163.4550,123.4839,117.1712,-13.7540,50.5140,82.8311
-95.9204,-24.3632,-27.1028,-20.7333,35.0958,-11.1727,175.7617,111.6970,82.8813,135.1339,-68.2579,163.0095,94.9209,152.6856,131.3468,124.6151,-12.0036,11.9419,85.3859
-180.5770,-27.7404,-67.9328,-23.9684,-41.0774,3.1746,100.5858,136.6586,126.3216,200.1472,-85.0168,116.7141,46.0617,144.8801,165.4610,155.7060,-11.9565,6.4075,53.3055
-171.2084,52.7256,-89.4952,15.4921,-62.9152,62.2772,97.2967,166.6545,150.9140,217.3090,-118.4451,157.5342,17.0405,177.0460,128.9824,160.7051,-27.9466,52.5219,26.9912
-124.2205,104.2723,-90.7717,64.9260,-67.3882,102.4647,125.1903,193.0574,104.6638,136.8783,-158.2274,190.7723,-8.3222,199.2793,42.7275,138.5199,-20.3268,90.4892,27.4943
-144.8390,82.7879,-96.3152,91.6116,-105.6901,101.0900,103.5880,182.0786,45.5138,88.4538,-152.7858,150.9471,-19.2943,171.8691,-6.5938,110.5005,-11.2068,82.9128,7.3530
-179.7099,63.4177,-126.0221,90.1027,-143.9795,91.6189,57.3148,147.6602,-11.8033,121.7091,-133.4185,119.4382,-19.5670,145.3846,-38.5163,104.2527,-52.7964,48.3255,-48.8628
-195.7259,62.2437,-161.5059,69.1235,-151.8498,77.5878,28.6817,141.8259,-99.9548,173.4668,-173.9197,156.7497,-53.3818,150.8194,-103.3878,140.3696,-140.5371,8.2435,-96.4032
-242.8426,35.4344,-185.3758,27.4427,-162.2819,31.3013,2.7677,163.9821,-168.8430,220.2392,-251.5793,203.2649,-116.8067,142.6356,-152.8158,165.7632,-231.7967,-20.8840,-118.4368
-278.3898,15.8062,-201.2556,-8.5686,-195.5178,-11.8775,-38.6759,157.8118,-180.3245,206.1833,-310.7916,208.4230,-157.9518,114.2482,-149.4771,111.0274,-276.8678,-10.2033,-138.2272
-262.9211,63.3718,-199.3591,20.3949,-219.5955,23.9211,-92.8512,104.4082,-216.6322,77.1573,-350.0856,208.9147,-167.3135,114.7927,-155.5015,25.1474,-256.7982,43.3909,-170.4768
-278.1808,131.2658,-175.2850,93.4812,-213.4331,108.4169,-140.3897,48.3087,-309.1574,-63.2033,-358.5943,224.9060,-159.6973,138.4019,-202.9488,-2.3054,-235.3597,88.1250,-219.4249
-330.2590,123.1538,-166.6268,102.2860,-210.8255,124.9090,-157.7614,18.3893,-356.0697,-125.8307,-325.5106,212.4985,-139.6953,142.6934,-237.8063,6.9196,-279.6313,78.7326,-274.5545
-322.2590,49.2177,-198.1388,31.0311,-236.3981,58.4616,-172.8595,-7.0358,-334.8466,-166.3132,-294.2625,166.2384,-136.4570,127.5298,-247.0544,-3.2282,-343.2590,42.4856,-310.2569
-265.3860,12.2798,-232.6973,-11.8214,-246.0331,8.5007,-236.7318,-34.9959,-354.1302,-175.7027,-281.5490,134.8232,-164.3364,95.7275,-287.9868,-16.2556,-339.4020,41.6237,-324.5938
-227.7714,52.9740,-231.5555,20.9601,-211.3438,27.2045,-312.2799,-33.3826,-429.2129,-109.9922,-259.4204,121.9286,-184.3149,42.4531,-367.7760,-19.5201,-269.0699,92.5433,-326.2523
-201.0137,113.7190,-204.4925,67.6743,-190.1126,79.8757,-328.0846,1.5450,-457.1621,-78.3384,-252.9010,111.1586,-191.0618,13.1309,-426.1683,-39.1086,-199.7444,145.0261,-306.3440
-188.2854,147.6381,-180.9038,86.0719,-218.1089,115.2283,-321.7016,27.6562,-426.0002,-141.3150,-283.0566,133.2256,-221.5206,36.6234,-445.7027,-66.0712,-178.3844,132.0539,-285.0733
-206.1035,153.7415,-189.3701,82.3635,-247.0040,100.2208,-359.9959,28.0776,-419.3260,-173.3924,-283.5374,171.2868,-256.8219,48.2117,-461.3650,-72.9025,-199.4639,55.4473,-292.4247
-209.8222,127.9671,-241.5742,54.7558,-257.0308,49.4844,-393.3700,36.2737,-437.8396,-112.9995,-234.1679,137.6189,-267.0216,6.6181,-464.6127,-57.6881,-235.6841,2.0295,-285.6719
-205.1771,80.1887,-302.2185,9.7766,-280.4605,17.0163,-353.5647,77.3868,-402.9704,-20.0256,-217.8926,40.6842,-284.5043,-26.9253,-416.3813,-19.9487,-276.5616,19.7205,-229.7635
-251.6933,47.4523,-326.7603,-16.6563,-307.5190,19.0252,-287.4701,127.0774,-311.5833,67.0207,-249.3943,-25.6247,-311.7189,-22.6243,-342.6351,7.0288,-304.8826,49.1186,-192.1480
-290.1833,39.7221,-322.7422,-0.0300,-307.8647,34.1399,-265.7099,145.3053,-248.2061,101.0995,-251.0173,-61.3978,-300.7860,-35.4619,-300.9190,-38.7956,-285.2696,54.6002,-202.2122
-248.4509,56.0246,-315.7679,54.2236,-284.0574,67.9355,-270.4279,133.9630,-245.2560,64.8017,-217.4613,-108.6925,-271.6980,-68.1816,-284.2200,-106.3080,-242.5534,88.7832,-179.3444
-235.9175,118.3603,-296.3162,127.2229,-240.0129,123.0758,-264.6390,125.9304,-244.2374,37.1214,-210.6774,-133.9255,-279.7675,-55.9782,-262.5077,-84.1175,-248.2824,155.3379,-118.3821
-332.3709,192.3508,-252.6900,185.5657,-192.9297,163.5609,-272.7972,119.8391,-227.5659,26.8378,-224.0100,-134.8467,-302.6325,-6.8383,-256.6198,-36.5803,-277.9571,182.2950,-111.8426
-382.4814,193.4581,-203.2096,191.8152,-180.8244,168.0875,-315.4701,88.5874,-258.4182,-15.0490,-201.3210,-164.0977,-302.4352,4.3957,-283.9906,-88.6757,-247.5622,159.7318,-149.4682
-267.7743,134.5677,-170.2856,145.3001,-193.7962,144.1388,-341.9948,47.4925,-314.1648,-5.7229,-147.8808,-193.6774,-301.6719,-32.4851,-308.0133,-152.5270,-183.4946,134.1383,-139.8475
-134.0830,99.1984,-167.3102,88.8834,-203.5006,101.4235,-305.9413,35.4816,-253.6751,95.3788,-117.9845,-189.9813,-311.8709,-68.0746,-293.0488,-108.9238,-162.5416,107.9845,-83.1580
-138.2992,88.8318,-193.4257,57.0494,-231.2751,62.1788,-250.3153,48.8241,-60.4110,164.1272,-117.7880,-221.3387,-305.5832,-81.6592,-245.7173,-44.8803,-166.3831,64.2286,-42.9330
-201.2394,66.6234,-220.3255,37.5690,-270.7228,31.4755,-235.4321,55.7450,97.8354,190.7293,-99.1857,-288.8513,-285.3065,-69.4177,-191.0641,-29.8861,-151.1311,-0.0277,-46.3452
-175.9645,42.8609,-226.4861,-0.1679,-272.3539,-25.3234,-237.4992,36.7295,140.0155,250.9191,-47.4146,-284.1991,-279.2278,-27.9446,-144.6143,7.3770,-127.8276,-85.8967,-82.4793
-80.5020,11.1697,-219.5843,-52.5912,-253.3297,-97.0342,-207.1302,-4.4966,147.1787,265.3031,4.2538,-221.5325,-278.0020,-2.4124,-103.4144,49.0567,-101.4070,-144.2674,-100.0328
-19.8624,-36.6214,-185.6836,-75.1982,-236.0705,-114.2640,-157.4841,-26.2042,153.4066,220.9681,47.0070,-214.6595,-243.0140,-33.8098,-59.5045,23.6221,-60.1573,-108.5560,-46.4185
-10.0704,-45.9302,-94.0834,-38.8356,-159.7948,-70.5918,-112.4625,7.2381,135.8976,249.3924,87.5535,-247.0347,-169.0926,-62.4304,-10.1098,3.9930,-11.7849,-30.5249,39.2603
-0.5369,-7.7948,17.1619,15.3666,-29.6400,-26.2549,-56.9778,51.1808,145.4733,274.3542,97.9176,-240.6202,-95.2704,-27.7825,58.4518,35.2470,44.3361,-14.2773,80.2401
37.2804,4.4061,70.3492,19.2489,48.3224,-10.5723,5.4537,47.8175,208.9954,158.0600,81.7195,-222.6533,-40.8558,6.0099,151.3132,14.7855,107.1323,-39.7341,80.5875
108.8010,-8.4235,75.7160,-17.8470,71.4396,-23.6494,42.9906,28.0909,241.6509,54.8286,106.6618,-234.2169,21.2078,-24.8007,229.4066,-63.8057,143.4342,-35.7959,79.3162
188.3784,13.4438,109.0729,-21.7115,127.7522,-47.7953,64.6743,39.1706,209.3344,81.3549,181.1137,-247.4339,98.8501,-62.8397,262.6135,-90.4250,149.4684,-17.8965,86.0121
229.7697,44.9192,176.7795,18.0157,207.0938,-32.5886,103.9025,62.7916,186.7858,87.4501,230.4250,-246.3060,156.1812,-55.7406,270.4355,-64.5260,166.3760,-11.0263,115.0179
247.5375,47.5977,221.1012,37.7882,242.2734,22.3393,143.3454,75.2694,199.3314,29.6704,238.8970,-239.5316,177.9789,-36.9081,253.6399,-37.1972,200.7809,12.1098,170.4563
284.9305,50.7377,229.1642,23.0323,236.5334,46.1599,149.5930,80.4642,201.6614,0.8908,258.7722,-221.6986,183.6798,-26.3922,201.8335,3.2695,230.3247,60.9764,225.9227
307.8157,51.7549,241.1402,16.2610,232.8091,28.1137,146.7778,83.0401,184.6961,-35.4776,285.4590,-202.8064,184.0970,-19.4365,169.9402,28.9445,256.8007,116.9574,275.7646
292.3233,24.1388,273.9684,20.1947,250.9430,18.6516,166.6414,94.7612,161.1042,-97.0531,270.0781,-202.0104,183.7408,-39.5007,190.4327,7.7807,284.9094,152.0761,319.1738
303.1491,4.1080,300.0115,11.3926,265.5514,13.8359,181.1395,105.4165,126.1040,-104.3803,220.0912,-211.3185,182.5781,-73.2225,196.6528,8.4354,308.7614,125.0820,330.1753
334.5003,11.7648,294.6360,5.8935,238.8834,4.5477,167.6671,78.0201,101.0845,-85.6896,189.3931,-215.8071,164.1159,-59.5663,165.1796,53.0220,323.7557,59.8803,332.0049
304.1792,21.3137,272.2937,25.0726,216.9098,33.8935,165.6325,46.0136,122.9394,-90.6739,205.5332,-193.6665,143.5976,-2.4047,154.2225,57.1468,316.7776,49.8294,373.0983
254.4762,54.3164,269.7727,54.8722,269.3861,86.3255,190.7362,68.7004,174.4406,-91.0593,245.0105,-120.5211,169.5714,37.0511,155.6488,7.8069,298.9888,89.3073,404.7587
263.9904,110.8144,298.3244,74.3886,329.1172,85.9799,199.1721,81.1095,201.3437,-124.4244,269.0588,-45.3353,231.2663,37.7343,143.1440,-37.1714,314.8066,77.7274,365.9400
274.3039,107.1161,324.0822,72.8592,313.2886,40.0272,196.2102,17.6938,194.5143,-176.8778,278.3099,-51.8136,272.1641,13.5947,183.2169,-58.1683,347.6630,20.6679,310.1180
266.3580,51.5945,314.6673,55.9245,295.7721,18.0267,225.2942,-31.1232,192.9957,-122.3967,295.9810,-92.5550,282.2079,-2.6500,271.1775,-31.3963,343.1386,-1.9124,279.8328
330.8431,69.1908,290.7963,61.0213,324.8325,36.4047,229.6457,-18.9177,193.6438,-61.1733,303.1148,-35.1782,264.0739,41.4341,266.3589,33.7511,352.6474,-4.8737,229.4517
423.4901,168.5604,295.5693,109.7375,308.4775,71.0076,131.5911,-45.0590,131.3642,-186.0538,266.3282,112.3139,201.5795,126.2872,147.2444,36.1684,442.7405,-23.4599,159.9635
420.1483,238.6964,320.6744,156.4808,234.5751,96.0169,17.8862,-110.6442,9.1800,-313.9005,205.3449,217.8735,136.9112,154.5266,50.2806,-34.7742,518.8947,-14.8808,123.6953
375.3506,250.0834,317.3786,155.8078,200.0571,88.1886,15.6413,-112.7415,-59.8305,-226.2726,152.8545,241.5012,130.4016,115.9514,13.2022,-57.7720,479.6739,27.5614,111.6870
377.0170,243.6961,283.0231,132.0567,204.9451,64.0396,71.1977,-80.0788,-36.0785,-124.4259,99.2963,251.1451,141.4373,96.2073,-31.4528,-24.0952,400.4823,42.5627,94.3635
363.4539,223.5832,256.7046,116.8879,187.6044,57.0722,69.6279,-90.5175,-17.7360,-173.2562,37.0874,270.3426,108.5626,108.9268,-64.9566,-19.0097,365.7772,18.0222,73.7149
305.9012,183.1982,229.3034,90.0986,151.2242,43.3503,33.8429,-110.2853,-40.8726,-198.4832,-5.7001,260.2156,65.0957,102.8336,-27.5950,-20.1822,328.4264,-20.5448,38.2026
261.1422,130.5174,165.2973,38.0425,106.1319,-9.7460,29.8383,-119.4239,-34.1761,-129.1854,-6.6052,210.3064,49.2876,75.7045,38.9143,-3.1911,259.3573,-75.9069,-2.7255
217.3220,73.1400,99.7038,-5.6341,56.6272,-65.2225,40.4677,-145.6204,-4.1260,-96.4169,19.3110,145.9547,36.3272,40.4266,53.2299,-30.8649,212.3784,-126.0488,4.3893
163.2098,31.8237,91.3475,-24.2758,38.0941,-83.5247,40.8933,-146.7321,-26.5931,-114.3238,31.3951,83.1889,20.7166,-8.4559,17.2164,-78.7622,194.4747,-124.0072,49.6420
153.0701,12.2766,112.8932,-48.4284,43.7976,-86.1765,50.3892,-103.1760,-84.0855,-127.1938,9.5517,31.7439,28.0369,-40.8080,-10.2538,-69.0894,158.9963,-90.8541,67.2708
162.3762,-13.2785,106.6055,-82.0990,40.0466,-97.1969,75.0490,-92.7984,-110.4529,-144.7570,-10.9162,-0.9115,50.6630,-38.5215,-14.5939,-56.5351,106.6711,-88.1868,60.4190
127.2114,-39.5819,88.8215,-83.8071,52.0348,-107.2069,95.1586,-135.8224,-107.7827,-157.2446,3.9711,-26.5121,66.1317,-54.5455,-28.6433,-105.4648,71.4372,-115.1611,63.1440
89.2350,-34.0889,94.5443,-58.3034,81.3659,-106.8890,90.3894,-172.2286,-94.4517,-153.5079,23.2105,-48.2489,70.2862,-105.5292,-44.3762,-145.4549,57.2662,-121.3467,54.0868
76.8722,-18.7301,102.7890,-62.7932,72.5704,-99.3924,46.0323,-179.7449,-53.2612,-136.3248,9.5323,-41.7291,55.2293,-122.4049,-24.3089,-117.3799,45.7745,-88.7682,18.1113
28.8184,-32.7435,86.9526,-94.9781,45.9533,-94.9923,-20.3082,-154.1283,24.6420,-48.1603,-22.2996,-17.9163,16.0907,-88.1783,-2.1920,-60.4005,25.9164,-59.7567,-18.3133
-50.3336,-62.1810,54.0866,-100.3088,52.0382,-106.5031,-60.5441,-109.0230,121.6228,96.7845,-54.8793,-36.9419,-24.5535,-75.0703,-32.9816,-24.3054,1.1621,-85.5257,-44.9016
-89.0498,-86.7942,16.0742,-88.3555,31.6906,-128.8946,-69.9664,-110.2748,193.4417,150.3766,-86.3248,-103.2145,-46.7705,-102.8477,-72.1395,-33.8224,-19.7674,-145.3780,-63.3857
-71.8497,-112.5935,-17.3875,-106.3241,-63.0008,-143.3919,-94.4825,-140.0641,190.8646,96.3558,-94.8341,-139.2871,-64.8041,-105.3982,-48.1954,-65.9843,-42.9569,-167.6870,-61.8650
-21.0789,-136.7925,-42.2211,-140.5477,-148.9538,-150.1395,-132.2005,-89.9853,138.8484,89.5354,-73.8829,-103.9945,-95.7881,-58.9596,24.1117,-49.4389,-86.4069,-147.1013,-42.7752
9.9589,-153.7141,-74.2536,-156.6001,-158.8590,-159.9266,-121.7600,11.4135,116.0937,164.4045,-54.6594,-44.0465,-116.1338,-23.1366,94.2601,16.1635,-139.9872,-134.7971,-18.9637
-41.7049,-163.8218,-110.4834,-153.3579,-129.2894,-160.0280,-57.2801,47.0148,120.4603,213.1666,-40.0183,-17.5711,-90.6852,-33.8801,122.9137,45.4380,-158.8352,-119.9248,1.9180
-99.0216,-151.9257,-109.6363,-125.4023,-97.3044,-129.9181,-13.1717,38.5885,83.9946,194.5899,-6.6913,-30.1844,-43.8581,-49.0839,80.1232,17.1655,-125.5477,-70.1247,-2.0216
-32.0810,-112.0412,-66.7327,-79.0003,-61.6258,-83.1854,-20.2162,41.4383,11.7159,149.7758,25.4195,-40.4397,-33.0951,-32.4770,6.3207,-15.0401,-82.8478,-37.1424,-37.4761
67.9994,-75.4915,-28.9296,-62.8074,-34.4718,-58.5698,-27.4703,17.3706,-38.6229,111.8389,24.5597,-21.6356,-51.8170,-15.0111,-23.4095,-22.8927,-71.5781,-62.9178,-70.3012
38.8214,-73.4434,-10.7578,-86.9034,-44.1773,-66.7391,-25.8386,-15.5034,-68.4548,83.5244,5.7840,-7.4265,-53.4156,-25.9581,-36.6135,-4.0678,-77.0620,-81.1998,-90.3802
-38.5431,-99.2850,1.2272,-95.5000,-86.3758,-75.8165,-72.2222,0.5329,-114.9211,54.0302,-8.9098,-17.7209,-42.7072,-34.2149,-91.7091,20.5040,-76.5810,-41.2587,-126.0363
-25.6670,-113.6246,-10.9888,-67.7906,-105.5145,-62.5038,-153.9683,7.4540,-176.4304,32.2465,-24.4128,-1.0899,-44.5490,-12.6829,-129.0678,10.2401,-86.8491,5.7176,-170.6507
11.4314,-87.4552,-48.0925,-33.7022,-75.1426,-41.5563,-186.9204,-35.4145,-222.4341,24.6683,-41.4006,48.1732,-50.2332,6.9643,-89.1652,-5.3320,-116.8218,18.5712,-191.0241
-15.8158,-54.2356,-64.9674,-6.3173,-60.3510,-28.2783,-159.6880,-50.2579,-231.3987,3.3266,-52.8876,44.6060,-59.4319,-9.4210,-40.8516,36.5373,-143.2121,21.3369,-192.3086
-66.6616,-62.7445,-61.2250,5.7019,-101.1313,-18.7216,-122.9951,-25.8874,-206.0855,-19.0161,-66.3087,-21.8387,-76.8634,-46.8681,-44.3676,87.3289,-169.9432,26.0176,-197.9890
-108.2975,-84.6065,-89.8020,-13.8519,-130.9261,-18.6252,-81.7366,-26.4041,-173.3695,7.3836,-94.3547,-57.3654,-75.0536,-73.7977,-62.7261,77.2671,-227.4245,15.6179,-209.2967
-163.1769,-75.5773,-152.1429,-45.0349,-124.8323,-40.5199,-45.8013,-29.5526,-168.9932,41.7775,-141.8608,-36.9193,-64.7374,-77.8469,-74.8861,62.8220,-298.2328,-14.4103,-224.3646
-232.6839,-66.1525,-203.7945,-55.0874,-154.3816,-68.5802,-78.9398,-11.0641,-212.0051,16.4964,-201.9521,-8.8694,-109.0010,-59.4339,-106.1061,89.9916,-329.5968,-55.7519,-249.5851
-292.8738,-76.0285,-240.6070,-47.2552,-221.9407,-71.2859,-173.9444,-29.3710,-274.8175,-28.5142,-251.1568,16.3453,-191.0673,-27.8871,-143.3938,89.4073,-319.8239,-91.6217,-284.0210
-320.6021,-67.2105,-279.5601,-36.8473,-252.8507,-48.2231,-229.0783,-80.4530,-294.2407,-52.2307,-265.5826,33.6164,-221.7722,-0.9493,-145.9812,37.6273,-318.1214,-107.7968,-314.7769
-329.1634,-50.9054,-307.1066,-34.4847,-242.0157,-33.6340,-219.1771,-91.2929,-257.5177,-79.5371,-242.5185,24.9601,-198.6756,17.2220,-120.3360,10.1544,-342.5590,-123.9925,-325.7703
-357.1241,-72.7048,-301.6861,-50.6050,-231.3885,-49.2304,-228.6035,-65.9120,-241.3288,-90.0219,-201.9142,13.3318,-190.8697,34.8871,-123.4679,29.9268,-358.0858,-157.1564,-321.0184
-354.2469,-103.6729,-261.5064,-66.9651,-227.9167,-71.0682,-292.7058,-48.2530,-300.0503,-60.6514,-180.9605,-1.3332,-204.8835,34.3587,-194.1087,43.0153,-340.9841,-164.5081,-318.9044
-244.3858,-104.9857,-210.6319,-58.8381,-228.8021,-65.6747,-345.3782,-35.9258,-371.7788,-44.2881,-207.4060,-63.5187,-205.2911,-12.7535,-288.6439,25.0000,-319.1354,-111.3242,-305.2930
-146.0472,-111.7572,-191.7451,-52.3971,-228.9719,-45.9805,-326.0689,-28.1174,-361.5303,-58.6359,-261.4825,-135.6343,-198.7821,-77.5344,-316.1340,1.7422,-320.7274,-47.7583,-253.9211
-210.6193,-147.2547,-214.9586,-75.3921,-217.5055,-47.1042,-251.9413,-36.5112,-259.4681,-71.8269,-295.4213,-145.6072,-204.1540,-101.0266,-253.1014,-1.5758,-323.8115,-27.2455,-194.8179
-304.4753,-177.1716,-233.3056,-97.0289,-203.5549,-66.9982,-187.3498,-49.5503,-135.7119,-75.3822,-288.2318,-141.4748,-201.6391,-97.1033,-172.4142,7.4510,-306.1915,-26.2949,-175.3804
-248.1884,-180.8584,-211.8801,-91.9443,-178.6549,-84.6437,-176.0928,-59.0550,-53.3032,-18.1912,-247.0280,-181.4541,-164.8920,-126.5438,-140.3700,1.4660,-288.9162,-18.6169,-180.8223
-152.3939,-167.3127,-172.6784,-83.1067,-121.4586,-100.1657,-197.0634,-66.3487,-6.7943,120.6392,-183.4308,-206.7947,-110.8810,-181.1040,-134.1901,-23.3520,-278.8140,-31.4146,-176.1926
-152.5648,-145.5096,-147.5863,-84.4857,-85.0597,-110.7267,-186.3027,-67.6692,40.2086,186.0518,-122.4690,-179.5177,-82.2750,-200.4505,-90.0123,-48.3375,-250.2287,-70.7257,-168.9970
-159.0102,-121.5617,-149.8212,-80.9147,-120.5958,-95.7839,-115.6210,-73.8821,80.4450,92.7034,-95.2860,-139.9933,-85.3889,-165.1755,-11.1914,-63.2880,-213.2915,-84.7810,-169.1092
-113.1200,-95.9569,-176.5018,-64.4568,-160.8151,-55.4272,-40.3373,-83.0098,86.6959,9.5388,-101.3911,-97.5655,-94.8528,-96.2406,27.0680,-51.2708,-202.9015,-49.0695,-157.5005
-99.4128,-80.5414,-192.1753,-47.9123,-158.0789,-20.5124,-34.1180,-62.9183,67.5974,15.1937,-107.3152,-59.0178,-113.0200,-30.3557,-0.9041,-0.5919,-204.9277,-12.1624,-124.5054
-123.4829,-101.3603,-165.3711,-54.6071,-171.3710,-17.6366,-79.5670,-27.7540,33.1285,-26.9682,-85.8342,-65.7452,-144.1866,-17.6717,-26.9725,43.9139,-188.9297,-13.6564,-90.1746
-115.0331,-136.9808,-123.7659,-82.6600,-197.8902,-43.0398,-99.8154,-27.3400,-18.6663,-108.6030,-43.6329,-95.7555,-146.3185,-62.2590,-6.4978,35.0780,-169.6206,-19.3831,-81.2272
-75.5767,-129.5521,-97.1033,-86.0206,-157.6566,-61.6550,-88.5857,-43.8168,-51.6805,-83.2975,-9.9311,-96.1872,-99.4950,-102.0609,15.9206,3.0629,-156.1517,12.9660,-94.0454
-21.5425,-86.6483,-58.8102,-45.6126,-60.5983,-42.8862,-86.6109,-37.2241,-38.3776,-6.4563,-1.3516,-86.1880,-46.0456,-105.9126,-3.8159,-8.4886,-119.0256,61.7156,-90.5123
41.9420,-60.0688,-1.7732,-7.9396,21.2687,-1.3860,-72.3800,-34.3336,-22.1327,-38.8772,-10.1979,-78.8455,-7.2559,-97.0296,-37.7215,-4.7011,-55.7487,87.9235,-54.2656
51.2363,-45.8678,22.7788,9.7232,67.6746,33.4866,-23.6953,-56.2311,-31.8764,-152.3404,-17.1650,-48.4794,31.5418,-72.5548,-33.3278,9.6442,2.6781,94.4747,-11.5969
-9.6420,-14.8170,7.8097,45.6763,90.0362,62.6174,3.6438,-72.2993,-41.8618,-210.0307,7.2900,-30.8112,61.8044,-26.1251,7.1678,34.2242,54.5992,91.5997,22.9528
-24.4663,18.8021,15.2850,84.9352,107.4427,83.3420,-9.2750,-74.4057,-52.8311,-192.2697,80.7125,-60.0515,85.2903,-3.1248,34.4735,41.2953,108.8352,69.7899,51.1218
62.0813,24.3072,60.9835,70.2417,133.2448,71.2784,8.5877,-76.8782,-57.8847,-195.3921,164.1345,-78.3057,134.4541,-20.9739,49.7470,23.5068,138.3905,37.5524,57.2389
129.2389,0.9873,97.0978,27.5215,144.8141,37.7522,75.5023,-70.9088,6.5337,-248.5676,200.3163,-56.2293,199.3807,-27.4826,105.4080,6.9411,135.2619,19.0321,50.4299
93.0083,-8.2044,113.5608,30.9546,149.7163,26.1411,130.9620,-58.4442,124.0262,-237.9714,200.2915,-32.5620,242.5959,-2.0002,173.9153,-6.4298,148.5306,11.3969,71.9984
55.0664,32.6015,142.9436,67.6001,193.6899,36.6633,162.7553,-63.6418,175.6970,-126.7805,211.7878,-2.2283,269.2944,18.2969,179.1845,-25.1465,193.1470,1.1832,107.5676
120.6594,64.7781,181.8579,64.8379,234.7942,34.4018,202.4143,-87.7087,147.0956,-83.5050,236.6270,42.6531,287.4194,23.0613,161.9722,-39.3722,213.6248,-5.2802,113.4751
227.9887,14.5528,204.0134,16.2532,210.9683,12.1939,245.9499,-101.9433,139.1232,-169.7843,258.3055,54.3543,285.1126,30.4587,196.4675,-53.1028,196.2289,-5.0225,120.2465
272.2255,-49.8679,220.0703,-21.3111,192.1480,-15.4840,279.7997,-71.1213,174.9599,-190.9831,278.5102,31.6252,283.6956,30.9862,236.6138,-59.4707,191.2324,-5.1151,166.1945
260.4322,-40.2785,243.1164,-29.2986,234.4087,-36.7420,306.2625,4.8974,213.0897,-76.2443,281.8770,11.6460,302.5864,9.0262,255.9308,-11.1099,198.8590,4.7893,210.5052
236.0687,-30.3736,252.1369,-39.1172,266.5042,-36.1050,315.0783,61.2733,250.5018,-2.1148,255.9370,-22.6561,315.9061,-18.2313,309.9768,81.9901,186.3251,35.6446,224.3132
196.7577,-86.3126,256.4329,-51.6177,276.8077,-16.1835,301.1097,53.6883,263.0281,-17.9182,235.3076,-64.2391,322.6124,-27.3457,340.5616,121.2367,189.4485,70.0457,242.2405
172.6810,-118.0228,298.2453,-39.3219,332.2041,-8.7503,294.7310,41.4694,219.4877,18.3047,241.9990,-62.7572,350.7476,-23.0677,264.4353,75.4456,226.3582,92.6599,283.6767
210.4713,-86.9962,347.3805,-26.1777,397.4541,-20.1804,331.3770,84.6199,193.6409,135.0770,243.4936,-57.1218,378.3044,-22.6737,210.3745,34.2703,218.8475,112.2187,343.2820
258.2945,-80.7280,333.4501,-45.4718,411.9557,-13.2832,398.8606,146.0254,250.7133,221.5356,228.9993,-100.8070,375.4415,-23.0131,282.1110,47.7410,170.3084,127.8006,414.3458
260.4131,-90.9781,293.6592,-43.1542,414.6989,27.2385,426.1501,173.0332,292.5676,219.2711,240.9711,-121.5255,364.9442,-11.3020,319.3419,53.6350,215.7424,122.7914,446.5508
278.6055,-26.4223,312.6374,25.7555,418.2839,68.3859,364.3833,161.4021,228.6281,164.5145,297.2232,-75.6471,351.0164,-1.4208,222.9801,8.2424,353.5626,96.1141,391.4087
337.8182,63.8359,350.9659,74.1586,369.6602,78.2156,277.7011,122.0545,161.3045,128.1387,349.6172,-55.5879,302.4537,-17.8255,150.7496,-35.5274,409.1234,52.4757,296.0383
344.5487,55.9744,326.7102,25.3901,272.4128,54.2878,252.7555,75.3343,205.6561,137.9494,338.5763,-100.0132,232.3321,-52.2736,189.0675,-39.5024,343.2083,-10.9074,226.6938
293.1919,-22.2476,272.4598,-37.7050,174.7809,15.5766,255.7672,38.4816,289.2969,148.2965,273.5703,-132.1908,174.1580,-79.3273,222.9173,-61.8708,291.7189,-67.8320,172.5365
292.7155,-38.6321,239.4415,-22.9756,108.9957,-6.0936,222.4620,-0.9437,300.2443,133.1961,228.8232,-124.2008,119.0538,-94.1014,188.6726,-133.4055,299.7186,-74.6382,117.5618
331.1492,28.3473,197.1171,22.3188,91.5143,4.1277,185.1817,-39.8220,271.6935,117.2329,217.4871,-116.4046,65.5969,-103.4304,151.7443,-167.1728,292.7048,-49.2209,86.2903
291.2838,69.8746,136.7870,28.3985,91.0745,19.3543,178.2892,-48.5456,273.8457,93.6393,154.5933,-117.0210,51.8949,-106.3092,168.3073,-120.3886,246.5356,-52.5746,82.3632
177.6647,26.8951,99.0720,7.1783,74.6464,10.4508,177.3754,-37.6366,269.2270,59.0776,29.4047,-108.8294,83.7025,-97.7679,213.3207,-96.8866,187.8343,-84.2589,93.0426
91.8565,-35.4208,75.9739,-17.8312,88.1982,-11.5212,190.2147,-37.3528,210.4575,55.9268,-39.3374,-96.9620,109.5458,-82.4704,205.9939,-151.8214,125.6509,-96.4043,127.6677
54.9049,-61.6316,43.3878,-44.3630,142.5593,-25.8455,229.8021,-43.5610,151.5090,63.4660,-15.3674,-111.0897,95.3137,-83.8358,120.8740,-192.4944,71.0174,-84.9510,179.1690
15.1764,-80.8537,26.0627,-58.9335,148.5264,-37.7229,242.1504,-56.2905,149.0836,17.1277,-8.3543,-168.5993,64.2979,-113.8755,41.9881,-178.4790,29.7079,-73.1581,210.9485
-38.1134,-112.1861,22.9069,-68.6879,95.1228,-59.1160,209.1107,-79.3151,182.4838,-34.6994,-63.2182,-221.4949,44.3764,-138.4101,17.5634,-184.0700,-15.6925,-65.1441,207.7550
-67.9643,-135.9835,-4.2610,-105.5452,69.6279,-92.0508,190.1544,-82.1976,235.2358,5.2891,-110.1318,-207.4281,23.1002,-131.7320,-2.7841,-217.5125,-67.3580,-73.2146,181.7591
-71.9875,-152.1030,-37.2099,-151.4108,74.0772,-131.5664,190.7406,-57.5921,312.6855,117.6711,-126.3662,-160.0804,-13.6464,-127.4426,-21.2801,-211.7406,-111.2992,-103.9477,154.0522
-102.2414,-159.1383,-40.8049,-159.3215,51.6769,-159.7055,163.4093,-30.9350,365.1080,207.2516,-144.0331,-149.8675,-47.3480,-145.7772,9.9621,-168.4216,-144.2362,-118.5973,154.5537
-170.2080,-151.2886,-41.5748,-148.9511,7.6935,-162.8078,119.4612,6.8122,330.7807,218.4734,-156.4800,-163.9406,-70.1035,-155.0135,57.4996,-133.7669,-151.8172,-98.9947,184.4561
-200.1765,-155.2317,-56.6360,-159.6970,-30.6003,-153.6148,93.0292,42.9635,230.1997,168.3558,-157.2999,-161.9547,-97.5675,-142.6424,56.7038,-114.5780,-117.8407,-84.6874,200.2978
-146.9374,-156.5275,-53.7529,-153.9371,-40.5852,-136.6240,78.8545,21.0402,126.8912,119.3735,-173.6266,-146.6087,-120.0804,-117.2634,1.0872,-106.3292,-71.7034,-82.1083,184.7761
-77.9992,-99.4940,-30.7462,-96.5398,-10.8044,-94.9610,70.6825,-19.5092,59.2562,96.2455,-205.0686,-123.2148,-119.4773,-75.9712,-84.6983,-104.7500,-54.3290,-58.6983,170.5785
-66.2437,-42.3878,-19.5350,-50.8529,1.0410,-49.6493,66.3190,7.7394,42.2185,76.6059,-231.0805,-107.4212,-109.7458,-55.2391,-138.3623,-94.2778,-62.2538,-32.8795,164.8000
-95.7832,-80.6513,-25.3989,-72.3385,-40.7901,-46.1672,54.2057,48.5516,54.4649,78.1623,-253.5232,-132.4144,-98.4070,-90.3094,-103.1742,-92.7541,-75.3547,-31.8074,132.7023
-120.9725,-134.7748,-43.8275,-102.8101,-57.4214,-62.7538,43.7570,26.4514,47.0792,108.4689,-258.4012,-169.4220,-78.9468,-111.4863,-41.0874,-128.3997,-82.9220,-18.8813,72.2247
-134.7853,-99.5685,-76.2836,-70.6128,-21.6583,-41.9312,36.2336,7.3492,16.6764,95.9406,-220.3678,-159.7658,-72.1731,-62.8933,-31.4402,-163.0190,-76.4148,26.1946,24.4121
-154.5233,-46.0748,-99.9006,-2.6274,-17.1056,3.3861,-5.2366,35.6852,0.4887,38.9242,-173.4943,-119.6786,-83.5780,-23.8258,-31.7007,-147.5524,-69.3266,57.7872,6.0860
-176.3492,-39.7913,-98.2095,28.0907,-45.7350,21.3765,-70.7378,51.7045,2.2079,36.9885,-169.1268,-80.2537,-81.9583,-36.4201,-17.5020,-104.8424,-88.0663,45.3245,-3.3522
-171.8604,-34.5363,-99.5898,-5.4185,-53.5308,2.9963,-85.2901,50.6936,10.1753,77.6431,-191.3111,-30.4731,-84.5013,-27.6419,-46.5479,-69.9810,-124.4718,2.4418,-16.0218
-145.5396,-42.8827,-129.5955,-68.0412,-84.3126,-36.2552,-33.1062,60.6852,36.5680,65.0259,-209.3435,0.3028,-130.0437,-0.3374,-87.9787,-38.8373,-148.8285,-46.1666,-24.2895
-139.7623,-96.3152,-170.4866,-101.3496,-157.2082,-74.7395,16.7415,43.2669,65.2088,30.9894,-229.2119,-22.9974,-171.5162,-19.7308,-66.0107,-11.3031,-152.4457,-67.3093,-29.3044
-151.0922,-111.0235,-184.7219,-81.1758,-186.9892,-75.5868,11.8134,0.0375,43.0936,43.2939,-227.4301,-37.4700,-158.3571,-35.4013,-27.5878,7.8859,-139.3361,-49.4515,-46.4361
-135.1631,-47.5485,-154.6711,-36.4882,-155.0898,-39.2634,-42.8567,-17.5135,-32.9657,48.8279,-159.3352,12.0692,-134.9151,10.7118,-28.5925,30.1491,-114.5971,-23.7567,-79.6702
-98.7305,1.0587,-112.3420,-6.1375,-123.7390,-16.7695,-107.5037,-35.0939,-108.4453,-1.5726,-68.2671,68.3896,-126.7475,45.0024,-30.1987,46.4284,-91.6782,-6.8472,-114.5213
-73.1035,-0.1167,-108.2681,-4.1731,-105.5413,-23.7199,-138.8656,-74.7614,-151.4930,-56.9007,-47.8374,81.3370,-92.4435,21.9224,-29.3501,36.3902,-76.5147,4.3040,-137.3645
-55.3250,1.3644,-134.9736,-22.2668,-90.4444,-33.4362,-130.6242,-74.8112,-162.8415,-63.4341,-93.0995,79.3032,-39.6783,5.3052,-61.6673,24.1473,-71.6836,-14.8001,-148.6181
-67.9692,-1.0744,-147.7336,-46.4217,-84.3909,-54.2172,-106.5348,-34.8365,-140.0903,-30.2828,-119.7190,81.5777,-7.6529,16.8126,-92.1786,42.0444,-103.3324,-68.7171,-159.9914
-141.9718,-49.7839,-152.3970,-85.9724,-81.2121,-103.9423,-82.6868,-21.7826,-101.3013,-12.6495,-99.9009,73.7743,22.0812,14.3605,-82.5277,71.2580,-179.0402,-112.1494,-177.2253
-217.2418,-132.3700,-175.6894,-154.7274,-98.5879,-149.7031,-77.4616,-24.2183,-99.5567,-42.8820,-72.9172,49.5153,53.0496,-10.1202,-54.7498,81.7958,-240.5002,-126.6420,-189.6070
-228.7502,-194.4632,-196.8590,-206.1069,-149.8303,-161.7704,-108.0955,-14.7456,-154.8048,-72.8857,-68.8732,16.9504,32.6275,-44.3864,-31.0579,73.3015,-234.1622,-119.8452,-192.4717
-210.9988,-185.9645,-199.0876,-186.4139,-177.5560,-159.6653,-151.1270,-30.7427,-216.8922,-75.5121,-85.3174,1.5550,-38.9792,-81.4791,-33.4915,52.0226,-191.0866,-77.5128,-201.4551
-191.7893,-124.9681,-202.8375,-144.9336,-165.6374,-157.0433,-176.8182,-66.0139,-246.6471,-111.8647,-98.8761,19.2505,-102.6190,-101.9250,-80.4801,26.3006,-168.9910,-25.7858,-219.7127
-154.3137,-83.1302,-208.6492,-138.6378,-189.8057,-134.6157,-198.8522,-74.4065,-267.6922,-178.3093,-95.2644,43.7867,-145.3491,-99.2962,-131.0208,8.2909,-157.2305,-23.4996,-229.1469
-128.1113,-49.5141,-202.6295,-104.2069,-251.2493,-83.6156,-230.1216,-83.3878,-291.5739,-195.3031,-102.2638,63.8705,-189.6552,-79.4854,-152.5823,-15.3844,-113.1662,-41.1489,-241.8228
-121.7736,34.7998,-190.6210,-3.3236,-273.4480,-25.1048,-259.3695,-130.5701,-289.2916,-189.8414,-136.1513,102.0277,-225.3204,-41.1583,-183.1602,-65.8269,-61.8185,-21.4342,-292.9785
-77.5880,101.2049,-166.5061,60.4911,-258.7782,10.1068,-287.6271,-181.4061,-277.2148,-215.5776,-141.1196,127.8798,-233.1245,-19.4215,-225.7885,-119.1238,-66.8541,-11.3880,-359.5939
-34.3706,60.5027,-127.5888,31.0850,-250.8487,8.8739,-312.7842,-201.6629,-311.1733,-208.9673,-86.1394,95.4732,-228.7332,-52.0479,-236.6226,-133.7198,-111.9560,-51.3990,-379.0269
-90.0726,2.8376,-116.4811,2.4804,-253.8394,0.6876,-318.9122,-195.7516,-374.4896,-170.3388,-45.8612,60.5747,-243.0805,-77.3077,-239.7272,-113.2085,-114.7487,-70.8669,-353.5631
-169.1039,38.4720,-146.8121,34.6150,-275.2552,30.0385,-317.3098,-179.4632,-395.2010,-211.6379,-71.0157,87.6966,-279.6342,-23.9118,-273.5785,-88.4054,-64.2536,-35.0651,-337.0273
-141.9595,100.4708,-163.5606,68.8762,-301.5512,77.3743,-323.9521,-180.9596,-356.5728,-295.7152,-105.7632,121.0859,-309.6038,44.2062,-296.3141,-67.2006,-37.6973,-18.6265,-339.8660
-75.9647,91.1965,-155.9400,54.1669,-286.8578,65.6815,-321.1818,-204.6300,-284.0759,-278.7307,-114.1057,103.2851,-310.4543,42.1846,-278.0598,-37.9581,-72.8446,-60.2771,-337.3228
-74.5621,41.1822,-172.8336,9.8666,-252.6606,-13.3739,-308.8969,-212.3345,-190.7695,-185.8722,-127.6077,84.7748,-288.8469,11.7302,-255.9054,1.8634,-116.2442,-101.4621,-326.0847
-80.0135,25.1818,-202.5495,-18.9174,-245.1093,-63.5818,-311.3384,-190.1281,-110.2129,-134.4563,-142.9958,107.7355,-260.3538,19.8404,-242.8773,38.4350,-100.0113,-87.0145,-300.3306
-40.1047,43.8259,-193.5285,-14.9740,-228.6335,-36.0344,-309.0565,-145.7318,-87.3816,-122.4866,-123.5162,121.1105,-231.8634,40.6670,-213.1879,61.0093,-26.2668,-34.3256,-236.0020
-14.9611,27.6104,-155.0844,-15.6225,-179.8738,-10.5112,-274.3930,-67.8540,-109.2402,-88.0114,-69.6138,74.6908,-197.7496,20.7371,-169.6908,79.9162,27.7140,-2.7066,-146.0238
-23.7024,-44.6438,-120.2582,-47.4159,-133.2832,-43.6857,-235.5768,8.4121,-130.2692,-31.3919,-3.9683,8.6628,-143.3419,-28.9635,-141.6199,99.2066,16.9253,-12.4563,-74.3592
-14.2165,-73.6629,-90.4614,-60.5170,-71.3234,-66.9184,-212.2916,15.3560,-142.1456,-12.9463,33.0613,3.6246,-78.3970,-45.8009,-139.4698,88.4607,8.8277,-16.5819,-22.5089
13.3147,-3.7216,-65.5864,-20.0299,25.5931,-24.5024,-174.2789,-13.3470,-151.7916,-74.9912,-5.3669,57.1939,-33.6900,-1.4553,-142.0159,37.3693,55.9985,18.2195,37.4188
15.4666,44.1006,-44.5505,19.8644,99.5681,30.7059,-103.7376,3.5671,-142.1608,-148.9472,-71.0733,78.5456,8.7350,50.5766,-127.1470,5.0065,76.0211,64.9069,93.0675
-3.3254,-11.4265,-12.3466,20.6274,139.9748,50.4011,-13.0056,42.1258,-105.7671,-135.2117,-59.6317,47.0659,90.8706,61.1931,-104.1579,36.3392,15.7784,102.1664,114.4878
6.9783,-48.6393,24.0494,21.4510,198.5375,61.9324,76.2223,43.0072,-75.1130,-86.9832,2.8267,49.7714,174.9915,69.9906,-76.3492,76.8346,-10.6047,140.6042,117.1395
68.1554,16.2262,48.1047,50.0201,248.5990,90.9147,129.2860,22.4201,-81.9811,-115.6267,19.9552,97.9589,196.5381,112.5124,-14.1992,56.1917,71.7006,174.6239,132.7237
128.6016,71.3032,78.1503,75.9768,243.6204,115.7214,137.1597,11.3988,-98.2660,-176.4279,20.4878,99.6767,180.8013,134.3846,70.0321,5.0642,151.8008,176.0627,155.9887
134.8403,33.0037,129.9881,62.7957,223.4771,103.7500,137.3616,15.8906,-61.3357,-163.5372,59.0546,60.1280,176.1545,102.0714,115.0515,5.3751,148.0766,125.1856,169.7369
129.9715,-16.1026,183.9367,21.1800,216.0300,55.2098,137.4381,36.1194,16.6964,-90.5901,81.0126,84.3783,164.3617,80.9917,115.5842,60.9262,140.1911,40.5435,173.4422
175.6792,7.4223,222.6756,6.8608,194.5304,18.2254,107.7108,38.1864,41.1298,-46.6110,71.6277,185.9517,132.3495,116.6075,106.5355,91.3013,189.2900,-15.4965,169.5488
227.4838,69.2007,241.2583,37.6076,166.8894,25.5427,77.8168,-3.4105,-11.8353,-88.6839,93.1981,290.2976,116.4545,156.3988,79.1649,52.0927,247.2509,-15.6620,172.7169
225.3629,100.6273,238.1069,55.6714,160.4939,32.5459,108.2579,-34.8209,-43.9991,-174.9514,103.2866,354.7570,134.4645,149.5358,36.2346,-4.3534,278.9673,-16.5350,213.1497
208.8574,92.1958,228.9448,36.6591,175.0073,2.3309,177.6945,-21.8947,6.5193,-190.5197,31.7710,357.6744,165.6723,122.9929,25.6552,-20.5281,298.2107,-51.6291,278.5027
213.5126,69.0146,223.9987,21.3391,201.9520,-22.8017,218.1046,-28.0521,80.3874,-139.0227,-27.2452,295.7854,184.9505,113.3653,55.3361,-15.9424,298.6457,-83.3548,300.1238
202.5734,34.4240,209.0185,4.2941,208.7677,-23.2160,216.2030,-86.2709,114.7654,-154.9793,22.2547,233.3309,181.3006,101.9476,100.0417,-22.6542,269.8204,-108.1291,250.9689
181.0435,-2.5715,187.1333,-35.2743,170.0476,-37.1449,208.1340,-139.4475,129.8303,-226.6547,98.8839,216.2710,175.2767,65.6940,154.2744,-25.9008,235.2563,-145.2860,193.0637
189.4681,-2.7524,180.3629,-43.8914,148.2722,-52.9724,224.0181,-150.7614,159.9652,-218.3651,110.6974,195.6098,190.6869,32.6885,184.8688,-20.3769,212.9909,-151.2210,184.2354
183.5549,26.7393,186.0346,-8.0400,200.2549,-33.5493,260.8486,-127.2271,185.6403,-162.9702,74.2303,151.4730,205.0598,36.1789,161.9910,-17.1534,193.7866,-105.2381,211.3451
119.6081,25.6781,195.0111,-0.5126,256.3165,-9.6164,289.8763,-69.6935,180.4912,-155.8254,16.8537,146.7991,197.1208,62.5250,152.4845,13.0724,170.3285,-64.2150,240.8741
77.0413,0.2765,203.1311,-18.5806,244.5343,-10.5917,305.9369,-7.7032,182.1089,-130.5977,-24.0384,178.4768,197.8128,81.0070,215.3774,73.8806,145.4736,-48.2524,266.7375
110.2696,6.5691,183.3281,-5.7073,211.2652,-14.8341,345.0634,2.1931,248.0268,-56.5900,16.1960,170.0987,223.2848,78.1725,285.4177,84.1488,126.8825,-41.7563,294.3575
125.4459,20.8034,138.0259,0.2129,207.6436,-24.0564,413.7271,-36.1630,354.7350,-41.6960,99.5036,138.2499,236.1351,59.0868,298.2098,20.2112,126.8484,-70.1823,322.0421
61.8559,-10.7857,121.4427,-35.4987,202.3116,-46.4201,458.8405,-64.2616,432.9128,-78.6089,109.3669,152.5794,214.9236,48.2229,285.8273,-17.7417,137.3088,-119.4215,340.1799
10.1197,-62.5893,129.7088,-60.0058,167.2011,-57.5497,446.7355,-55.5180,477.0338,-48.9631,51.1058,162.6852,187.1225,48.9142,283.7920,12.4459,120.1548,-126.2402,328.5356
33.5632,-95.9631,109.5358,-71.7676,137.1402,-72.7149,402.6731,-24.3384,506.3143,44.4887,22.4642,82.3336,186.4501,13.0919,289.7576,33.2271,66.9954,-113.2804,273.0881
69.0480,-117.7843,89.3997,-108.4693,148.1175,-115.1682,357.1033,12.8588,483.0837,132.1409,35.1569,-28.7669,211.7675,-64.6065,299.0524,17.2761,28.5891,-128.8302,196.3455
68.8000,-120.8309,115.5678,-119.0656,172.1823,-124.2557,313.4145,38.5257,384.1203,197.6215,44.1269,-65.1045,221.8536,-98.4881,288.7637,18.3519,34.8616,-120.7960,138.1428
67.7993,-90.1594,134.6196,-70.3008,166.1821,-70.3070,266.5059,33.6593,262.2285,214.4819,46.8786,-51.7662,192.9234,-60.8411,235.5190,45.8554,53.2216,-60.4663,101.9699
93.2899,-56.4793,111.5211,-34.0252,154.8105,-35.0544,212.8470,-0.3731,167.9929,168.3068,48.8854,-66.6792,160.8983,-44.6105,167.0001,65.8460,62.0586,-22.6477,58.6800
122.7952,-59.2869,105.8217,-42.1846,164.7777,-48.1632,147.0488,-39.4719,106.9827,117.3541,49.5436,-105.4407,148.6627,-89.6623,121.4911,58.7290,74.0661,-38.5543,8.7271
120.9473,-92.6583,127.0332,-49.2698,137.9000,-43.5343,73.6804,-55.9374,73.0706,97.5492,72.5975,-124.1971,127.5256,-113.3083,97.8078,12.7030,78.0296,-59.5150,-7.4192
74.6222,-109.7764,116.4848,-36.6461,49.4754,-6.5026,19.6280,-31.7539,44.7101,90.0774,107.4063,-113.9673,97.7508,-65.9741,83.2787,-41.5332,55.0523,-55.9121,19.4449
16.2956,-69.9870,79.5230,-5.4258,-11.6911,33.5779,7.7869,26.2615,4.3915,94.5880,95.9633,-91.8905,82.7390,-3.4164,68.2893,-39.5902,26.5445,-23.0757,43.8938
-4.9517,-1.9697,54.9855,38.6813,-8.5725,77.2510,16.2881,75.3455,-21.9368,102.1537,48.3315,-78.8122,51.2220,14.7217,39.4972,-10.1363,8.1405,19.5129,38.9594
4.1155,27.2202,29.4272,59.6437,-18.9141,104.1640,1.7793,79.7655,-23.7954,85.1858,35.2568,-68.7324,-22.5044,6.3813,1.2187,-38.0224,-14.3773,23.7704,25.9720
-11.5408,23.0969,-15.8439,58.6395,-69.6061,92.3233,-31.6604,71.4214,-34.7090,80.3632,39.8069,-21.4540,-95.2000,32.9270,-25.4118,-77.5193,-32.8576,6.7542,17.0557
-76.5059,36.4307,-71.2906,74.0667,-104.4933,81.7674,-43.0223,103.0104,-46.7886,144.6018,-10.9293,56.7365,-137.3117,91.3231,-32.9524,-32.2694,-44.3330,36.6345,2.4253
-155.3851,53.8275,-119.6704,81.5303,-103.2549,90.9553,-34.2698,151.7891,-30.0074,233.9462,-78.3024,87.4106,-161.3390,93.9853,-37.1405,34.2404,-85.7912,89.5455,-7.8359
-185.4204,48.6516,-134.3109,61.5571,-91.1012,89.2526,-45.7724,162.4017,-25.6025,242.2778,-70.7959,43.0320,-164.0308,25.1726,-60.0993,18.5837,-140.9899,102.4397,-10.1533
-149.7528,56.0083,-117.6935,77.5869,-98.2469,95.6887,-81.8484,143.0096,-72.5117,134.3964,-29.5969,-1.9181,-153.7111,0.4614,-92.6615,-25.5421,-140.9264,103.8620,-44.7272
-117.0999,90.6486,-118.7967,133.3641,-143.0229,133.5493,-116.2668,120.2657,-126.3158,3.1356,-49.5062,13.6096,-162.9331,69.5134,-95.4028,-17.2573,-111.9123,123.6648,-122.7066
-134.9528,107.5861,-140.2541,145.8198,-188.4544,151.4069,-148.7990,85.5331,-155.9042,-14.6392,-86.9464,67.8680,-181.4760,136.2535,-81.2044,13.6512,-133.9618,121.3274,-182.6182
-142.2299,91.9926,-135.2698,119.6592,-186.8310,130.6317,-190.1001,58.5910,-179.6754,75.1298,-53.0299,106.9790,-183.9136,149.6252,-116.1223,33.8307,-170.9783,93.6210,-189.5103
-102.5560,79.6217,-121.2501,119.3816,-172.3012,123.5874,-220.2190,78.1921,-187.7670,104.2167,9.3578,98.5275,-187.7938,158.3525,-182.5173,46.2678,-155.0403,86.7779,-180.3727
-88.5646,88.5032,-136.8940,128.7269,-189.9443,133.7692,-218.0452,111.6862,-179.1262,4.3285,23.7553,55.4266,-194.7607,161.9476,-187.5608,23.4973,-141.1352,113.3430,-174.9709
-123.0714,95.6394,-144.8730,120.8333,-208.0244,128.8832,-195.8445,111.4430,-190.8797,-74.4653,13.5947,19.5260,-171.7561,119.6752,-138.5074,-24.4574,-187.2870,164.2944,-158.8064
-139.9530,74.5292,-125.1055,118.4880,-195.8427,123.1810,-163.4367,103.4557,-190.3139,-18.9942,6.9427,1.4660,-125.5960,61.1044,-118.9520,-26.1956,-238.6754,214.2602,-151.7494
-147.8689,41.0035,-130.4905,108.5608,-169.7512,120.6149,-112.7137,107.5661,-106.7630,77.4579,-22.3381,-19.0817,-92.8217,31.5852,-111.4839,5.8213,-253.0590,209.0328,-170.3638
-194.2133,28.5787,-170.7197,63.4590,-141.3542,89.3778,-61.3102,94.1833,14.9444,107.3915,-53.5429,-34.0541,-77.3405,19.4346,-44.3037,-0.4256,-264.4234,153.0766,-167.5394
-227.6853,14.6038,-198.6974,11.4690,-119.6222,35.9114,-35.7377,76.7593,85.1735,110.0522,-31.7383,-21.3153,-59.8742,14.9462,45.1996,-7.5086,-284.8144,118.4976,-120.5749
-203.9053,-32.8401,-201.8790,-22.1371,-110.3806,-6.6977,-11.0488,94.2988,109.5075,143.4430,24.0180,7.8209,-27.3454,32.0392,62.3158,44.9746,-286.5365,114.1552,-85.6616
-169.2569,-66.0355,-182.9559,-43.1343,-89.4057,-32.5870,40.0197,117.6620,101.6513,174.6251,57.4815,27.3768,9.2818,50.9178,6.1758,89.2999,-257.7981,91.6411,-84.4004
-138.0389,-52.6582,-134.0063,-47.0485,-54.3383,-47.1774,74.3948,111.0444,25.5987,183.3107,56.7193,21.8096,18.4773,36.3048,-39.2528,74.5490,-204.8141,56.8411,-65.8980
-94.1861,-49.2272,-85.9936,-41.9693,-36.3174,-51.2702,58.6614,108.7161,-79.7360,205.2210,37.8860,-2.9079,6.0330,10.8900,-25.9016,73.0954,-149.7793,44.3354,-23.2254
-80.1360,-61.6375,-70.2222,-40.8003,-31.1791,-35.2958,37.5282,136.3554,-123.7226,214.1387,26.8635,-3.1478,5.8039,34.9700,-0.3863,107.7215,-121.1194,60.6591,-7.9217
-92.5630,-28.2786,-56.2620,-13.0531,-31.7157,20.6836,33.5196,159.2173,-126.6293,150.9348,40.0435,44.5697,-7.4038,104.7721,-31.7690,111.4849,-103.1861,105.7651,-23.3859
-46.8875,19.2936,-22.5377,47.8763,-55.5067,91.9472,10.7576,149.1194,-161.8517,72.0337,42.0264,82.6452,-61.6102,137.3772,-102.0276,89.2505,-61.4339,157.8738,-31.4060
33.2067,17.4425,0.0752,85.6521,-61.2238,118.8318,-19.0120,116.3198,-197.8835,52.7762,2.9361,67.6231,-88.0584,95.0493,-134.7589,82.9351,-19.4350,175.3318,-34.3043
24.6982,19.5230,0.7976,96.6763,0.5682,114.5275,-12.3424,79.0111,-171.9529,37.6550,-31.2285,52.2411,-37.2910,48.5402,-117.4794,58.9767,-11.8843,170.0771,-48.3808
-62.0917,73.6233,4.1414,138.7156,67.6011,136.9469,1.0499,47.4774,-132.3959,-7.7980,-28.5483,74.6169,17.2797,54.1311,-100.4687,9.5962,-6.8932,181.9803,-58.7914
-94.1633,119.2632,12.5170,194.2498,72.1923,168.4416,-30.8274,21.9701,-162.6161,-6.8805,-29.0793,91.2392,8.5663,69.8561,-108.0969,-4.2722,28.9857,193.3909,-65.1569
-34.9518,123.2792,4.7696,193.7952,42.5014,168.3394,-93.0531,7.6113,-230.7380,40.6082,-45.4581,82.0499,-40.5468,62.6818,-136.9548,12.6877,61.4092,177.7348,-87.2423
11.1111,115.2610,-24.2103,150.2443,-2.4665,160.2996,-145.2313,28.2466,-233.7066,63.8663,-56.7006,80.7177,-94.0354,74.1799,-177.0613,18.5592,52.8360,161.4994,-103.4544
-46.9585,95.5935,-54.3205,131.3532,-63.4368,165.3043,-162.6547,85.3206,-160.8818,86.1992,-82.6502,91.4601,-129.0006,120.7151,-185.4029,45.3509,21.6920,169.3203,-81.1123
-153.8940,77.2289,-66.6347,150.9323,-91.7329,170.2232,-139.5073,133.0693,-109.4952,121.3180,-111.1070,89.6194,-131.3510,146.9583,-133.3043,97.1516,-4.8531,194.0707,-58.2085
-168.0573,107.9040,-73.1867,172.8103,-85.8857,177.4249,-120.8217,143.2030,-131.3661,107.5226,-68.6357,73.2076,-129.0364,119.1995,-81.4925,97.2611,-30.2966,218.6454,-88.9725
-66.2441,162.2526,-95.8122,173.2723,-112.5262,175.6863,-153.1170,138.5051,-168.9723,81.4037,28.0668,54.7723,-151.0255,78.0528,-94.3654,47.5464,-57.6611,207.9622,-140.8429
15.7932,161.8921,-117.3655,152.1775,-160.0881,133.9743,-199.8593,132.7244,-175.9702,109.8378,78.7129,44.5388,-179.7357,70.2266,-130.5880,27.4839,-83.1579,144.8899,-154.2776
-11.3538,106.6628,-110.6540,111.9355,-168.0836,78.4003,-216.6375,114.9692,-186.7641,123.6493,82.7599,48.5076,-195.7589,80.8897,-136.8750,38.9868,-128.7104,84.1443,-148.2902
-91.8423,62.6497,-95.5772,66.4773,-145.9940,61.7419,-227.9948,100.2309,-222.9471,93.4801,102.0514,59.3227,-191.1565,72.2489,-149.5162,52.2527,-207.4954,81.1984,-167.1562
-151.6456,64.5146,-99.3909,56.8622,-120.0525,76.6259,-244.1561,111.7477,-241.7269,86.5386,102.9085,66.4130,-159.3901,55.9814,-189.8394,82.1355,-261.4560,105.9395,-195.0957
-173.5015,89.8859,-107.9736,97.7619,-101.1359,91.9720,-243.2630,125.6142,-214.5605,62.3610,44.9740,63.0399,-135.4498,59.0735,-197.1154,94.6150,-229.5079,101.4936,-201.3922
-158.8837,93.7644,-105.6240,128.5824,-122.5128,97.4567,-252.5672,106.7333,-177.1666,0.5915,11.7081,38.7487,-155.2402,55.0237,-162.3400,42.5485,-157.9462,65.9524,-193.6107
-115.4507,70.5299,-101.8104,102.6638,-167.2564,83.6006,-295.4606,73.4529,-183.5391,30.0596,76.9343,7.1806,-180.8762,24.1181,-166.2742,1.5639,-125.9383,33.2732,-179.6819
-57.4604,65.4913,-99.5646,71.7631,-163.5368,62.5050,-318.3866,65.0125,-244.9964,114.7601,163.7007,6.9921,-175.9403,14.0474,-219.6283,44.0127,-120.3188,22.9634,-153.2708
-6.7683,89.5136,-89.3797,85.5259,-117.0072,63.0783,-281.6270,77.2828,-309.8083,79.9294,167.6536,34.7531,-163.5021,45.0617,-243.6679,87.8297,-98.4931,22.0267,-127.4854
9.7550,99.8522,-73.9219,103.7880,-88.1955,70.2642,-220.7490,78.9831,-305.6047,14.5194,118.9540,53.4080,-147.8360,64.8875,-225.6521,57.0220,-64.1846,8.8415,-120.2085
15.1427,95.3598,-64.5095,93.5723,-88.9708,60.8710,-187.8934,55.7852,-219.9826,51.6906,110.9736,69.2821,-125.9649,56.1918,-210.6708,7.9105,-7.4471,-7.6811,-131.3238
68.2238,119.5724,-58.9452,87.8200,-117.8138,58.3644,-213.6581,6.7927,-114.6760,31.3818,150.0685,99.5409,-142.1170,49.5586,-179.1701,-8.4974,82.8611,-8.1078,-161.7612
143.8767,164.9021,-40.7819,93.7923,-156.1538,62.9531,-268.1942,-60.2040,-51.5422,-94.2882,181.7611,110.9304,-185.6343,32.8709,-104.6901,-17.0205,146.4736,-5.6878,-199.2415
162.2265,175.3229,-3.1853,71.8271,-132.4853,35.8966,-256.7434,-112.3473,-41.8948,-98.8659,193.4851,83.9087,-167.3692,-11.4200,-49.4356,-30.0282,137.3985,-11.9845,-199.2948
134.1446,132.1716,32.9132,26.7345,-43.8830,-2.0781,-156.4400,-115.3290,-52.6433,11.8637,191.8015,55.5266,-79.9075,-37.3973,-54.7937,-22.5449,97.9966,-1.0578,-148.0960
108.8330,78.5512,39.3892,10.6284,14.6598,5.0387,-60.4428,-82.4884,-32.6726,27.7938,163.2947,47.2229,-2.4538,-11.1866,-46.2040,19.5487,52.5402,36.2827,-101.3315
71.9244,66.9351,15.1692,34.3424,23.5186,42.2023,-10.2302,-64.1588,28.3718,-20.8946,130.8919,44.0332,44.6021,31.4857,33.8132,56.0047,-8.4049,62.6910,-97.4758
38.7924,97.1163,-14.8469,57.3021,46.5543,60.5437,39.1836,-75.9752,71.6425,-27.3558,142.2784,45.4074,89.2606,52.2565,112.6410,16.8672,-34.4817,54.7619,-92.7970
58.4179,116.0305,-21.3718,55.6594,86.5003,56.7334,84.0797,-61.4558,58.1761,-28.3741,175.0116,53.5580,125.3571,50.3686,110.3261,-58.2715,-7.1726,34.5419,-36.9354
74.1750,83.5550,5.8578,40.5442,105.9705,44.7681,100.0043,29.8451,43.8504,10.0799,169.3747,41.6378,138.5054,33.5527,78.3607,-27.7434,-10.9005,28.6221,49.1531
24.7072,14.3891,44.9588,20.4628,105.2571,23.9672,123.7953,130.6180,86.6299,113.2916,140.1495,-11.7217,137.0406,4.3265,109.1140,87.6691,-46.7315,34.9365,110.6231
5.5585,-36.1601,75.3535,-2.1812,99.0613,-1.4427,165.3747,124.6091,145.8356,112.6280,151.1296,-77.5133,134.4505,-28.0946,176.1157,107.2679,0.6848,31.7623,130.6181
94.9961,-16.2725,107.6392,-10.0758,103.6921,-16.9746,181.8297,39.3737,159.7048,-24.7264,202.8536,-91.8748,137.8565,-36.7497,190.5917,36.7914,123.7121,13.7024,137.7893
195.1866,55.3232,147.5127,9.9750,126.1368,-7.1486,175.5413,5.3484,143.6196,-88.8146,226.1801,-30.7569,136.8756,-2.8292,159.2505,28.5386,197.4405,10.8857,156.5349
218.1067,101.2219,179.8549,49.3598,151.5048,31.5535,170.8496,25.0376,135.4438,-48.9497,198.3160,45.4983,129.2759,39.2793,142.1703,34.9042,210.0059,45.5760,174.5977
212.4621,106.2864,208.6945,94.9041,200.0354,75.7937,160.2421,2.2446,121.6312,-56.9676,192.0311,68.7093,156.5744,45.1294,128.3032,-53.5207,223.7546,87.8633,168.4064
221.6417,120.0631,241.7871,122.8235,288.0767,97.1870,152.9051,-43.3705,80.7887,-101.4428,244.5338,51.5932,230.8318,36.1991,96.6417,-115.5031,221.8120,95.6367,140.9733
219.5432,130.5779,253.2823,104.1420,326.1107,94.2089,160.9122,-28.9376,44.6731,-94.2609,282.6279,39.1153,282.4301,43.2919,95.7948,-43.6218,190.9335,71.1951,122.5817
203.4578,101.8525,240.8678,61.3822,264.1697,77.6051,163.6004,19.3313,59.3136,-46.7617,272.5999,36.7683,280.5536,39.8389,144.5538,41.2239,184.5048,36.3043,138.1729
209.1153,79.7036,249.3503,42.9911,225.8536,49.9406,169.8002,41.2120,107.8573,33.1867,284.6934,39.5202,287.2140,21.4156,179.2757,63.2795,209.9039,-13.4150,175.0047
246.8725,90.3299,276.3271,31.5863,271.6046,14.9765,194.5191,51.1525,127.7464,124.4787,332.7338,47.7197,316.6233,31.2276,167.2414,90.8632,224.2171,-77.8237,192.9754
279.3224,73.5397,268.8568,-1.7359,274.2498,-14.7935,183.7650,67.2290,107.4340,144.1615,342.3279,44.4024,301.3604,55.9322,149.3840,121.2831,228.4488,-110.4338,178.7719
258.1971,29.2151,228.5441,-11.8797,188.5615,-24.9367,123.4271,78.7403,97.4912,111.3254,297.2097,33.3671,234.6267,44.4572,154.4271,119.0627,235.6017,-82.6097,159.3387
195.0531,26.5621,199.9412,12.3826,122.9747,-21.3373,99.5663,83.7926,112.0494,117.7648,241.9474,45.8854,181.0480,13.6550,163.6411,126.9225,224.2551,-57.7923,143.2845
169.3270,51.1501,190.2335,-1.9823,107.8346,-33.0457,126.9937,60.3956,115.9997,118.6759,192.4757,65.7156,151.3985,4.0415,158.8246,132.6637,197.6108,-91.5864,108.1384
211.9986,49.3874,183.3397,-45.6226,92.9964,-51.3776,121.1832,-7.8208,112.1845,42.5554,160.2452,52.9552,112.6652,7.7140,157.3585,85.4916,188.3331,-108.9559,58.4308
235.7732,38.6066,172.3654,-26.4177,84.9464,-24.5249,73.0242,-66.2254,121.6939,-28.5758,159.5971,34.1845,81.6048,10.8772,176.4616,52.0613,190.9989,-39.3675,26.0828
170.7461,29.4040,149.6086,24.3497,90.1674,24.4549,50.1954,-78.0585,119.6302,-20.3764,149.6943,43.4546,81.9743,7.5426,182.1599,80.7695,184.4233,20.7247,23.0388
91.1741,-3.9092,115.2585,0.7121,76.4956,3.9617,76.0340,-89.5335,102.1877,-4.5267,89.1306,41.4482,76.1169,-18.0858,142.4663,83.1383,179.2874,-18.6821,35.5457
84.3463,-31.3177,80.7313,-60.1684,51.0323,-62.5958,116.8079,-105.5652,114.4171,-44.7553,30.4110,9.7703,53.0706,-44.1183,97.5309,35.5550,171.5102,-58.0323,35.6358
100.4146,-14.0089,56.2277,-49.9027,47.0132,-54.6888,117.4240,-67.9993,149.9595,-79.5014,45.1822,5.1588,73.5654,-26.5382,83.1830,21.7339,133.2144,-7.7868,13.8302
73.1379,8.7546,57.2317,13.8612,65.0240,19.8002,66.7736,2.0134,167.4523,-32.1775,96.0623,31.0991,114.1088,12.6909,75.2399,35.7465,90.3684,39.2144,12.9219
46.2420,2.3057,74.9195,44.8588,73.4798,47.5366,35.7311,23.5849,177.2828,53.1526,95.7684,10.3187,62.6489,22.0305,78.8267,22.0516,94.5016,10.8659,45.2704
50.2352,-4.8457,68.1620,31.9309,35.2617,25.7783,44.4178,-7.5226,169.2405,71.7107,57.0007,-58.0095,-26.0539,7.1114,113.0094,11.7741,113.6113,-13.3345,30.2174
43.0790,7.1689,59.8281,19.3265,-22.7273,32.3947,16.2066,-36.6631,94.9957,29.1638,56.9675,-77.3070,12.6370,-6.0643,115.3593,26.0047,96.1575,17.2726,-42.7470
53.0902,33.2562,115.9570,34.7590,-9.8306,63.8558,-27.2371,-40.0147,14.2846,8.2256,83.5397,-21.8856,92.5969,-14.5908,55.4092,15.2561,97.7147,50.5609,-44.1099
136.2440,72.4933,186.2367,73.1134,74.8038,74.3504,2.7518,-37.4709,22.4314,-10.1274,77.0338,23.7202,23.0552,-12.9724,22.3861,-37.4449,164.4015,61.5130,42.0295
194.7921,100.8765,178.8655,102.1133,132.8703,68.9137,25.3324,-59.4855,42.7113,-81.7682,85.1105,10.9807,-47.1770,-4.2839,43.1854,-102.0198,192.5601,69.6000,60.1328
114.3444,87.6748,144.2427,95.4819,149.5320,63.6865,-54.1800,-92.8820,-26.8062,-135.9464,162.3522,-16.2888,100.0171,-11.4600,32.9821,-145.9953,101.7399,72.3823,-10.3902
-14.3034,55.5150,135.1269,71.4251,161.9709,54.5552,-110.4674,-84.5795,-92.7110,-100.8923,184.2098,-21.1770,230.5440,-30.0778,-21.1862,-136.7795,-3.3735,63.4145,-28.3340
-56.5999,42.6362,61.6146,63.2495,116.4889,47.0464,-57.9926,-31.8350,-63.5147,-46.8444,32.0377,-20.3737,40.6178,-25.4631,-77.3165,-85.6757,-26.6825,44.8164,17.1616
-52.2981,34.1938,-85.5889,61.2659,-0.5053,44.2307,-26.3452,25.3798,-48.8395,-41.1538,-141.4321,-27.1682,-226.1205,14.4581,-153.3538,-40.9814,-54.7167,15.8160,14.3062
-98.2068,-0.7454,-149.4787,32.2957,-66.7539,28.9774,-72.1439,88.8618,-148.9295,-44.0549,-118.7683,-31.6752,-151.8420,63.9970,-235.0131,-0.6970,-179.2059,-2.5402,-54.3120
-178.3804,-48.3171,-88.0519,-12.6489,-38.2247,-1.4618,-105.2684,145.6125,-274.5572,-17.9575,52.3059,-31.5830,181.7742,83.5989,-251.5295,47.5047,-314.7813,4.7512,-124.4690
-201.8935,-70.4780,-17.9943,-28.9349,-16.9287,-18.3287,-110.8937,132.3277,-301.0947,9.8528,179.2853,-23.9273,394.5405,67.0186,-201.6429,63.3584,-317.3482,7.8054,-141.1322
-127.4966,-53.3597,24.7702,-12.3440,-35.0359,-0.0719,-105.1831,73.2652,-222.7788,-0.3528,200.8708,4.4443,380.6007,61.7873,-117.8866,45.8548,-181.4761,2.6846,-77.0501
-34.7356,-20.0532,63.2206,-1.7872,-27.4427,26.0740,-41.8329,59.7076,-111.5794,-35.0191,148.7148,36.5669,274.3067,77.2283,-10.7995,32.3119,-44.0049,23.1944,12.0583
-30.0447,-11.0629,39.7806,-19.7373,-5.8663,6.6380,51.0710,63.0422,-25.1541,-26.0581,3.1318,32.2142,94.1056,37.2269,51.8988,-6.6083,-8.9809,37.8725,48.9843
-80.1386,-43.0259,-65.0744,-60.1670,-39.0941,-55.0096,99.9019,16.7272,27.0070,26.0918,-224.6130,0.0174,-183.8547,-68.4452,27.3425,-66.0485,-37.5382,5.2273,72.2218
-95.7793,-86.4793,-147.1458,-102.0412,-105.6293,-89.2630,123.7463,-10.2104,42.6612,21.4711,-370.0153,-18.1678,-356.6391,-128.4651,7.5403,-43.2113,-73.5258,-8.0394,110.7321
-115.0382,-107.1786,-153.0066,-113.2768,-128.5534,-74.9615,125.3175,33.8386,4.1896,-41.3416,-293.0388,-32.3046,-235.4385,-104.2520,31.5962,39.0938,-147.7827,35.6469,73.5210
-183.7354,-110.4317,-171.1106,-95.0720,-118.8440,-73.3210,60.2466,55.1723,-56.0576,-50.5751,-152.7738,-68.3738,-51.4627,-75.6444,5.6831,23.9837,-234.4455,37.4147,-24.1677
-224.5891,-108.8800,-264.0129,-91.0337,-149.1697,-101.7980,-8.3487,13.4676,-67.1899,-21.5639,-208.9396,-82.2717,-122.7582,-59.9227,-66.6816,-68.0657,-218.8771,-27.2901,-31.8226
-203.1865,-91.7059,-331.9384,-101.4272,-190.5872,-101.9113,-18.4015,-5.5379,-41.2598,-38.8158,-346.3647,-35.9468,-269.9172,-21.8536,-86.1157,-71.9758,-131.1348,-37.2467,24.4192
-173.5307,-70.3594,-243.7363,-86.5060,-141.8962,-69.0706,-53.8387,11.3710,-45.6718,-34.2528,-255.2262,7.7163,-170.7112,-5.3668,-71.1429,0.5035,-116.5626,11.7206,-4.4221
-118.1292,-75.3516,-76.1258,-67.5552,-54.5549,-65.6749,-133.5184,-13.7030,-61.7989,43.6825,-66.3805,-1.4672,-39.2476,-34.7144,-86.1199,16.5621,-131.3091,-20.0120,-71.9418
-13.0892,-77.5341,-58.7649,-78.0998,-100.6392,-89.5339,-145.4682,-78.7240,-27.9282,74.3200,-156.3125,-1.6725,-236.2952,-31.6824,-108.6494,-17.8146,-34.5844,-128.2213,-69.6374
61.3199,-32.2324,-211.5432,-70.6654,-262.7281,-76.7583,-111.9169,-111.1070,37.6921,28.5709,-392.4130,44.0978,-534.4058,16.1896,-126.9197,-21.0157,90.5963,-164.9160,-71.9479
66.9202,13.2909,-280.0665,-20.1807,-321.7470,-25.9528,-146.6122,-101.5902,90.0324,39.2066,-350.1044,61.3569,-504.1580,16.3047,-144.0751,-5.2802,91.9460,-108.7521,-136.6733
41.2917,3.7034,-151.6482,9.2865,-198.9388,5.2906,-189.8990,-102.2185,133.7919,108.4389,-113.3461,11.1893,-257.3760,-39.1534,-96.5551,-21.2951,30.5573,-63.1731,-167.8468
-29.7509,-13.1703,-24.6152,-1.9217,-48.4747,-0.9109,-136.3947,-129.3720,166.3982,113.9410,-53.1269,-40.2929,-143.3661,-68.9526,21.2078,-60.7646,5.1441,-53.0025,-134.2526
-111.0387,5.6397,-34.5815,-1.2583,14.5517,-13.7710,-45.6296,-142.1741,154.0096,53.2087,-103.5178,-48.3947,-119.5804,-62.3977,100.2502,-85.3854,-17.1782,-30.1670,-98.9651
-61.6548,26.2532,-48.6753,19.6575,49.5885,-5.8667,16.4311,-113.7664,97.8634,-4.1970,-8.4176,-34.3995,-3.0598,-57.6508,104.5962,-84.3006,-22.4031,3.9305,-41.3873
112.1424,45.9657,43.5073,37.8143,123.8483,25.9792,86.0230,-68.7260,43.3388,-50.6649,124.5110,-17.0071,89.0118,-48.7454,102.2215,-72.2610,63.2194,17.5851,68.5078
225.4558,81.1809,145.1790,52.4234,185.1965,56.2605,148.8544,-26.8163,24.1414,-74.7851,133.2725,-13.8941,50.6703,-27.7498,113.7476,-46.3364,171.4667,12.2495,146.4571
213.0268,76.5103,163.6715,43.8781,174.6374,52.4181,157.9048,22.3079,57.9638,-45.3707,161.7815,-45.4638,78.5090,-10.9336,139.4499,11.2227,192.0536,-2.5670,153.7303
178.5409,14.5662,154.9928,1.6519,148.5295,20.5303,194.3156,66.7792,176.1220,6.9781,278.1466,-83.7578,243.9400,1.4852,237.4581,76.5787,187.7682,-31.7314,196.0645
194.4826,-16.9714,185.9626,-24.9099,177.8052,-8.0531,342.7639,80.0000,366.5938,26.9922,303.4787,-86.8227,302.7321,4.5083,406.7917,106.0498,259.3346,-65.4010,319.8417
251.0454,7.4490,238.0020,-8.7015,230.0833,-22.7970,481.3937,71.6453,504.2326,16.3152,254.3118,-66.2441,226.1306,-11.8998,522.9466,109.0690,357.9811,-80.5289,407.0085
311.0139,20.3928,286.1023,17.3812,269.1020,-19.1084,457.6897,53.2950,485.1003,14.4435,336.4286,-43.6691,275.4368,-7.9675,512.0583,110.7723,402.3404,-79.1103,384.4865
346.7266,18.8692,332.2973,33.7117,323.8723,7.3220,370.2086,11.9589,408.0021,36.9958,458.0264,-12.8797,402.3151,40.8455,467.5286,95.1400,409.3748,-87.2771,355.3480
369.9500,37.2559,354.3286,29.3741,379.3874,19.8742,402.8712,-32.9252,425.4388,52.6592,394.2799,15.3131,344.2787,59.5921,492.4321,62.9614,411.6639,-112.1298,409.4926
380.5688,34.4391,342.3248,-15.1568,391.8846,-16.1502,500.2262,-37.5152,494.2213,30.2004,298.6797,17.5362,258.8096,-0.8394,540.4395,53.0521,385.7815,-128.4652,472.3261
345.8597,-28.0763,346.3993,-71.5882,401.5126,-63.6573,501.6317,-5.6018,506.5847,-2.4812,415.5424,-2.7813,426.0085,-59.5041,533.4031,67.0885,326.5139,-122.7422,469.9564
306.4491,-111.0307,379.9430,-102.0242,432.3410,-87.8649,442.1436,26.2960,496.0377,2.7528,569.6038,-37.2856,609.7873,-57.3276,512.0129,73.9059,296.0187,-123.6140,469.8067
334.8410,-167.1964,379.8710,-126.3502,418.6907,-119.3625,425.0041,40.4952,499.9359,43.8157,517.7993,-74.4444,512.3928,-46.8635,529.7046,75.7693,333.8665,-150.3347,524.7429
384.2614,-180.0847,349.0953,-150.1694,380.3274,-158.3306,416.1920,40.4948,476.9697,88.4277,419.4633,-81.9310,371.1665,-48.0133,551.8431,89.2113,377.1725,-160.3031,563.7041
392.7887,-155.2736,373.9882,-144.2984,419.9061,-156.3183,399.3354,45.2490,466.7638,113.0654,487.1784,-73.2043,454.8596,-26.3309,566.0331,97.9960,359.7401,-118.6328,540.8786
413.5932,-123.7305,442.6297,-124.0309,492.4182,-124.6856,435.7349,57.8572,527.1777,100.1334,601.5985,-113.1036,573.7036,-25.1386,597.8881,71.8468,344.2506,-75.2010,512.6392
460.0408,-97.8405,446.6208,-101.0804,474.4492,-99.6132,463.6295,34.9477,564.5938,48.4502,592.7634,-172.8828,520.0513,-87.3411,602.7484,11.1341,414.8492,-71.2909,508.1429
448.4568,-56.0740,383.5956,-43.9369,397.4405,-58.2074,384.2282,-38.6252,501.2666,-21.8804,502.8088,-133.7351,408.9713,-116.5814,548.7237,-41.5595,492.2891,-53.6762,478.4018
383.6861,-15.3773,347.3541,7.8717,353.4944,-10.5797,294.9304,-96.9658,422.0422,-83.7846,422.7370,-12.0750,375.6135,-40.3794,508.2939,-48.5548,450.5695,-2.0606,402.4545
348.9036,-27.9359,340.9628,-24.2395,330.0961,-26.8120,312.6698,-99.2787,389.3105,-99.4869,370.3524,22.3825,377.9539,28.3374,508.3327,-25.8282,339.7990,0.9395,336.3366
340.1554,-87.1941,294.7076,-91.1448,302.6319,-85.6030,366.5294,-83.2455,372.1679,-54.0514,334.5108,-70.1024,349.0289,-14.0677,479.8312,-7.3178,282.8045,-53.6557,332.7948
308.7726,-121.4644,216.6248,-92.0640,300.3965,-89.3623,390.7317,-66.3012,371.8872,-2.6886,286.2815,-124.3903,301.2386,-88.5200,415.0240,-0.3123,270.3889,-55.3851,365.8965
255.4638,-82.3602,167.7799,-44.3238,315.2446,-37.5071,423.7522,-29.6822,382.3002,-4.8423,212.7068,-59.0335,274.3405,-98.9439,357.8390,-10.1799,247.6300,10.0169,375.4560
199.2259,-8.3630,146.8380,-15.6449,299.3648,-4.8150,438.5298,9.9845,350.8830,-42.8705,150.0736,3.1880,256.0813,-72.2954,296.9129,-33.3107,234.9882,38.0071,358.5941
169.3912,20.2790,118.6702,-10.6083,250.6934,-9.0397,382.3466,32.4949,299.0080,-71.8161,125.8431,-9.8896,209.9985,-39.6169,229.0003,-32.2918,227.6130,17.1657,340.3659
187.1162,9.7522,97.1747,2.5246,204.4115,-14.7614,310.7743,51.8033,284.1978,-83.8028,133.5998,-10.2989,166.6118,23.9295,187.7736,-4.8661,181.3801,21.4790,299.5652
206.7719,40.9831,103.0586,44.5306,163.2811,12.3519,261.3977,57.0770,269.0455,-95.9056,148.6950,21.2543,144.4508,78.3747,158.5324,-3.8727,146.8608,45.9196,226.8087
189.0786,95.2643,112.8550,90.7694,102.9352,71.4625,180.4914,17.7100,200.0161,-125.1124,117.9962,-6.3006,61.6342,31.7072,110.2267,-30.9236,193.5406,47.8877,166.0898
176.5273,89.2302,121.7834,90.5840,49.9132,105.8213,70.4094,-40.1809,92.9964,-161.2600,41.1581,-55.6659,-70.0116,-70.1247,53.5763,-38.5880,255.3986,44.1333,118.0820
181.1030,75.6527,153.8986,72.3485,65.1113,87.2535,-4.4973,-64.2763,-23.8856,-176.2465,21.2029,-4.1552,-82.6620,-62.3062,-6.9937,-32.1257,246.3954,52.2970,36.5777
145.9380,137.6957,176.0104,105.8001,112.0819,77.2576,-42.4023,-64.4154,-112.7280,-180.5348,92.7618,93.4665,39.0944,64.3242,-64.6919,-34.2286,194.1357,55.3345,-58.9802
82.2511,186.5662,141.3566,144.0681,93.6430,97.7683,-75.4308,-88.1663,-135.4187,-184.2714,160.7716,103.0216,129.2859,123.9451,-84.4822,-24.5727,140.7277,45.7986,-114.1582
50.4545,139.7150,100.0287,107.2750,40.6545,82.1581,-102.6120,-125.3044,-135.1602,-137.2443,187.2196,57.0565,152.3445,43.6890,-74.8490,3.6484,89.6157,23.8968,-129.9088
28.7398,88.5581,100.7292,52.1626,41.1013,33.0642,-118.3018,-107.5346,-164.5931,-39.9140,187.5800,41.6067,152.8422,-34.7449,-75.6517,36.4490,72.3542,-4.2132,-114.6375
-15.7203,88.0863,78.1285,45.9923,39.0573,20.1237,-119.7463,-22.1849,-182.2779,15.4017,103.3947,34.8114,63.3570,-24.1408,-80.7161,71.3663,93.7389,-13.0411,-61.2616
-37.5527,64.2468,0.7421,37.8177,-34.3889,23.2815,-100.8538,49.1348,-163.7506,19.6949,-52.8061,17.9025,-94.4356,5.8841,-93.8604,74.5915,80.8994,1.8754,-3.9918
-25.8571,11.4422,-47.3250,4.2586,-88.3027,-2.5391,-69.8463,58.7573,-150.3432,46.4776,-131.7131,21.8371,-143.9704,20.3984,-139.6181,26.0255,7.3513,21.9924,25.9301
-39.3898,-1.9835,-42.7767,-0.5105,-60.2349,-11.5885,-32.4324,57.6639,-127.1064,74.6563,-110.4468,33.1403,-83.0516,49.1676,-157.8443,6.6361,-66.8297,48.2166,42.4838
-80.1751,8.7414,-57.3514,11.8337,-45.1833,11.8662,-1.9473,77.2917,-61.3238,66.2443,-121.6207,32.4595,-88.2835,62.5971,-85.7839,64.4167,-119.5365,66.3472,38.3181
-113.4407,-8.9380,-96.7526,-11.6452,-96.4125,1.6241,-18.7401,87.9479,-0.1118,95.9087,-189.7400,40.0941,-179.9109,33.5677,-2.1078,107.6223,-182.1632,51.7204,1.9557
-169.9373,-37.8633,-115.7008,-40.7940,-140.5450,-33.1826,-65.1632,92.6010,25.0364,188.1221,-245.4953,46.4021,-235.3079,16.2042,-0.0987,86.2244,-247.1096,50.7618,-27.0537
-245.4043,-33.9050,-122.7191,-21.9665,-128.7290,-14.1857,-60.5144,101.4805,29.3193,229.2254,-276.6258,34.6324,-218.8145,30.2637,-54.4533,62.4550,-266.4416,99.6168,-46.9955
-228.9896,2.2039,-126.6597,21.4115,-97.5038,37.2767,-26.8636,65.3953,-16.7546,151.8680,-254.8759,24.5940,-171.3718,21.1534,-116.1422,33.3644,-221.3898,113.7052,-117.7776
-103.0958,18.5680,-106.6774,34.1204,-102.9557,37.4262,-67.1842,-23.2514,-112.5587,15.1304,-145.6322,-1.0993,-125.4189,-21.7889,-163.7578,-49.3270,-156.3167,45.8339,-221.5854
-15.9448,-14.7955,-82.8188,13.0747,-148.8649,1.2907,-152.3755,-84.5420,-168.4455,-86.9201,-42.1015,-61.5523,-105.9498,-55.3895,-171.8114,-124.0069,-131.1443,-9.6910,-273.2570
-34.4467,-33.9259,-85.0314,3.2096,-170.3362,3.4266,-174.5457,-86.7810,-162.8056,-97.6599,-40.3264,-84.3723,-111.1359,-59.8847,-160.4597,-119.2522,-134.8447,-18.6270,-265.8802
-68.9463,7.2135,-97.8492,11.5084,-143.7542,27.5857,-150.8774,-67.7872,-155.4971,-46.4032,-75.9421,-39.6416,-117.0892,-41.6071,-170.3989,-74.0633,-124.2453,-65.5210,-242.6494
-83.5091,13.7357,-114.8911,-23.1886,-144.5413,-10.5519,-150.1234,-28.1902,-130.2134,8.9135,-65.1464,-26.8613,-116.3274,-29.3710,-161.0595,-23.7419,-140.4390,-153.2691,-206.6531
-118.9010,-79.2289,-147.8222,-110.9285,-195.6503,-106.6018,-152.2490,39.3551,-55.4879,86.5034,-34.8555,-76.9536,-106.2095,-57.0029,-88.3562,43.0491,-219.2392,-198.5427,-157.0403
-148.3769,-157.2856,-176.2479,-157.3444,-218.9735,-155.3842,-121.7769,89.0130,1.9641,168.2722,-38.5876,-95.4220,-93.6037,-90.8292,-12.8504,87.7288,-250.2153,-183.3541,-99.7567
-135.0364,-130.1409,-177.8934,-121.7495,-200.5022,-117.0585,-76.5906,91.6370,-8.0297,130.5823,-83.6494,-62.6698,-103.1501,-76.9171,-4.0616,65.2887,-152.6969,-136.7763,-25.1249
-113.7576,-72.1792,-160.0199,-80.3927,-186.9713,-66.1748,-52.5401,71.8600,-56.0348,-2.9398,-115.5177,-49.6778,-109.4525,-56.4685,-50.4869,16.2615,-50.6705,-80.4700,39.1759
-97.9591,-52.1187,-131.1052,-71.4039,-147.8250,-48.0054,-71.3098,59.2880,-118.4913,-32.2550,-63.0066,-71.6195,-55.9575,-79.7336,-106.8626,0.8184,-61.1837,-40.8678,48.1527
-81.9617,-51.1960,-104.8810,-59.7205,-53.8068,-33.2102,-92.4911,68.5977,-162.5556,57.8412,14.1868,-98.2905,16.0423,-92.7610,-136.7106,15.8286,-119.0894,-8.2487,32.2044
-111.4473,-55.9842,-104.7005,-47.8359,22.6497,-15.6339,-49.7414,78.7892,-130.3148,88.6627,-26.5227,-110.6871,14.8610,-56.7069,-134.3201,14.4532,-143.7865,41.2833,30.4602
-179.6909,-54.6736,-122.9657,-48.5543,26.3180,-11.6890,0.4283,34.5523,-41.3148,30.9119,-140.8960,-86.3815,-39.0325,-24.5448,-121.2754,-37.7140,-145.9745,59.5042,-7.8737
-198.6417,-19.2391,-130.7070,-28.2511,-7.9051,-6.9162,-50.9625,-59.4505,25.6031,-8.0831,-154.1456,-32.7642,-63.5572,-18.0652,-87.9971,-108.6666,-132.9443,11.7530,-111.5924
-155.6920,23.8097,-124.1284,7.6003,-38.5782,-0.7933,-142.6803,-121.5564,49.3461,1.8700,-80.4143,-3.7594,-61.5610,-9.0742,-28.8001,-122.0780,-100.3272,-35.8735,-193.6926
-105.4644,16.4092,-115.4867,4.3651,-60.8736,-14.9415,-156.6531,-115.9212,43.2436,39.0081,-56.0767,-26.2704,-80.8312,-6.9770,-15.1079,-74.7791,-74.6780,-48.0565,-181.6296
-65.7003,-35.9406,-112.4270,-27.4240,-89.2882,-30.1361,-139.4084,-78.4815,15.0903,66.5887,-70.9709,-72.4462,-109.6301,-11.5577,-68.0266,-48.6017,-66.1984,-65.9025,-116.0401
-71.8076,-77.6963,-115.0217,-32.3675,-130.9435,-21.5596,-153.4259,-39.9558,2.1211,23.6830,-66.9960,-94.9857,-112.7358,17.6868,-79.0126,-71.7213,-62.9830,-81.4092,-71.2014
-138.1015,-73.7011,-110.4874,-17.0621,-159.0130,-13.6758,-145.8232,-26.1885,10.7090,-55.2473,-93.1553,-57.9086,-108.8916,63.3212,-27.3698,-88.6412,-65.7052,-63.6921,-77.1640
-146.8236,-35.6539,-96.9327,-14.8150,-151.1825,-21.0089,-120.2961,-54.0846,-23.3206,-65.2339,-148.1396,12.7317,-126.6499,65.8718,-36.5894,-76.9084,-63.8515,-37.9505,-120.0148
-46.1283,-4.2323,-86.7842,-11.8812,-125.5913,-21.7115,-138.3300,-85.6245,-99.8770,-24.3263,-132.3557,44.7064,-129.3021,30.0927,-106.4014,-70.3762,-49.4688,-10.9852,-163.2905
9.1133,2.5182,-70.0994,5.2468,-92.2220,-14.2834,-147.8320,-89.6797,-123.1310,-11.9247,-62.4739,32.3731,-84.1714,-7.0932,-108.6056,-78.3200,-46.7236,27.4261,-176.3414
-51.4029,-3.6246,-49.7622,5.0701,-56.2378,-14.5531,-88.9316,-99.6882,-73.2281,-8.8815,-68.0883,25.4571,-53.0995,-35.1058,-54.8627,-82.3892,-57.5481,32.8731,-154.0786
-108.0754,-25.7755,-66.6127,-28.0984,-54.3063,-21.0249,-30.1181,-123.3612,-39.5308,3.7049,-154.4140,15.0548,-83.4838,-42.3297,-43.7566,-89.0705,-57.8520,-0.2399,-116.1009
-129.2322,-55.2986,-104.0693,-53.2009,-77.6109,-28.1948,-23.6461,-117.1830,-66.3550,-13.9001,-197.1980,-20.9644,-105.1379,-32.4736,-48.9582,-107.1263,-59.9611,-8.4302,-97.3481
-167.7883,-48.0126,-99.7898,-39.4430,-68.8815,-34.1113,-36.5847,-85.6399,-107.0868,-38.8681,-158.9454,-32.5834,-76.6689,-34.7880,-21.6805,-104.2578,-66.8799,-6.5305,-112.1505
-171.1889,-9.8512,-89.7217,-17.3294,-53.9069,-37.3623,-53.3780,-67.0369,-112.4928,-36.3185,-129.0308,11.0334,-71.7668,-31.0674,-10.5318,-58.6432,-30.8532,-47.8512,-124.6429
-111.9962,5.2666,-135.7935,-14.4185,-90.6011,-37.4954,-66.2391,-57.5174,-88.0180,-67.2919,-155.0002,58.8115,-112.1638,16.0540,-28.3855,-19.0952,48.1100,-80.6239,-106.9267
-70.3437,8.3428,-164.8991,-6.7271,-130.6778,-19.7945,-63.3253,-50.2571,-80.7195,-146.2747,-177.7213,78.0226,-129.9185,65.6300,-30.2343,-29.9875,104.6918,-62.1861,-87.8326
-47.1601,27.9893,-106.6049,13.2094,-117.5422,11.0439,-79.1517,-54.1838,-109.3556,-160.6650,-156.7808,96.1378,-124.5420,73.9009,-41.3709,-36.0380,112.9158,-54.7263,-76.1355
0.1621,16.9412,-36.3347,5.5572,-86.4624,-0.7823,-103.5434,-42.0885,-122.8750,-76.6777,-138.5229,125.4690,-139.0346,82.9665,-83.1527,32.0551,82.3067,-71.6417,-29.7170
7.7649,-37.2162,-15.7671,-31.4264,-66.2872,-54.5438,-57.2034,6.6464,-82.1959,-19.1443,-153.4869,139.6336,-142.9124,112.1841,-72.0601,119.6671,20.9842,-52.8078,39.6524
-50.0253,-56.9131,-10.2316,-47.2605,-48.5518,-54.8473,25.7930,46.1101,-31.7948,-57.9503,-161.2621,122.4500,-106.7426,104.4830,16.2412,115.0880,-25.0898,-9.7036,61.1957
-91.2427,-26.7828,-11.4109,-35.6555,-37.1382,1.3129,35.0252,31.0806,-21.6014,-112.6240,-143.0625,95.6150,-69.2152,46.4178,61.9993,18.2980,-27.0282,8.5849,26.9316
-105.5017,-11.6398,-30.8742,-36.9273,-19.1127,1.5673,7.5008,-22.5390,-28.6796,-114.7618,-130.6804,86.8384,-48.7116,-8.1283,19.4008,-62.6410,-40.7635,10.5838,-15.9773
-131.3608,-17.3275,-39.1064,-50.9199,6.9464,-50.2062,31.3636,-71.1355,-15.5527,-84.7641,-123.1090,84.4516,-21.9487,-28.4928,-6.4252,-59.5010,-92.3300,9.6589,-60.6517
-131.3102,-4.7866,-35.6271,-43.0165,-5.8375,-48.3331,59.2059,-79.8684,-0.7582,-39.4813,-96.3227,70.6263,8.0494,-13.0388,17.1355,-11.1233,-118.3040,6.3442,-106.1638
-95.6632,21.3660,-44.2141,-7.5288,-39.7916,-0.3308,40.7645,-48.7933,-27.3345,4.4077,-75.8136,71.9798,17.5591,31.4890,-1.2699,13.5232,-100.9933,30.2247,-116.8145
-81.5116,35.6494,-36.9529,34.7841,-22.3307,33.0209,7.6820,-14.3665,-96.5861,-17.6471,-84.0387,95.7635,0.2486,73.7039,-71.4154,8.1305,-97.1861,87.3353,-103.0469
-77.5122,23.8676,-2.2903,63.4431,10.4176,70.0996,-49.4253,11.9188,-159.9155,-95.2000,-77.9615,90.0666,-28.6986,96.9038,-105.2960,14.6434,-119.7341,131.5195,-113.6193
-38.5272,-7.7214,11.7034,64.9213,-11.4127,104.7107,-126.6080,52.5486,-176.7467,-95.5246,-42.4503,51.1951,-50.1762,118.6023,-93.4244,44.2817,-133.6114,133.6246,-122.9215
-1.7743,-15.4075,-8.3745,48.6063,-50.0685,85.9316,-134.9811,93.1981,-159.6828,20.4871,-47.8200,45.1733,-79.9227,126.6843,-94.6167,67.6991,-125.5381,101.5386,-79.5629
-25.6390,19.5749,-42.4534,42.3985,-80.1299,48.5646,-89.4629,101.0231,-144.7931,130.7143,-121.2147,75.6619,-142.9411,97.9406,-111.2596,68.6028,-109.3885,62.0208,-30.7977
-107.9762,44.8324,-89.7823,52.8806,-129.9187,51.3467,-119.1128,91.1193,-148.5106,158.8552,-180.8767,82.8058,-194.7452,71.0344,-124.7169,51.7139,-117.1786,57.0563,-46.5962
-188.2467,35.8242,-124.7058,62.1237,-150.5366,66.7254,-196.7612,82.9208,-158.3506,128.7372,-174.6242,61.9376,-182.5024,78.7074,-152.7959,20.9507,-164.6103,87.0437,-93.2593
-189.9825,32.4699,-127.5615,63.0499,-105.8939,66.5908,-181.6510,65.9801,-128.1107,81.6521,-152.3267,46.3304,-155.9188,79.3441,-182.4111,-6.4427,-216.9143,94.2067,-108.7590
-133.9474,35.4222,-149.4238,57.7119,-87.7346,60.5303,-105.0097,55.6326,-20.5020,93.4358,-152.8187,35.7114,-176.3522,56.5573,-165.9417,-1.4841,-250.3781,58.7284,-109.3317
-127.0313,13.4497,-203.6944,38.2340,-141.1860,31.8032,-95.1815,71.8122,108.7613,177.2356,-149.5752,23.2399,-204.7890,59.2827,-110.5197,32.6001,-274.6542,16.4902,-130.9756
-164.3869,-10.5912,-221.3263,8.8201,-191.0091,-13.6740,-137.2324,79.7204,148.0489,182.8529,-127.9651,11.4532,-196.5756,85.6126,-65.2626,59.0581,-261.2588,-17.5962,-160.7539
-153.9022,-4.5034,-201.6837,0.3258,-203.3366,-21.3426,-155.7191,60.3026,70.3851,55.8686,-109.9327,-3.1427,-177.4021,82.5891,-54.4815,63.4409,-190.6380,-34.3974,-177.1310
-121.6104,22.2879,-202.8760,26.7946,-198.5406,11.3672,-168.5235,57.2512,-57.5734,-27.4887,-113.1749,-6.5562,-175.1702,64.8496,-94.0630,71.7703,-126.3997,-11.7907,-187.7524
-120.6127,57.1058,-199.6412,58.8187,-185.2348,39.5110,-204.0629,75.7487,-178.8838,3.0661,-142.6967,10.6626,-197.6383,81.1063,-194.8859,98.6159,-98.1242,17.2758,-205.8401
-88.3334,78.7992,-166.6623,70.9724,-196.3115,54.5502,-228.7257,59.5396,-258.3259,32.1449,-182.1697,13.1863,-244.7012,109.4172,-305.9748,112.1646,-55.3209,4.2158,-222.1813
-29.5764,61.3309,-166.9733,72.9922,-231.5841,58.4362,-223.2175,4.1826,-264.7897,48.9725,-198.7021,-6.4269,-277.7306,110.0757,-339.5121,84.0303,-18.5155,-15.5399,-215.5707
-61.4339,37.0462,-203.5390,68.2538,-218.0983,44.7870,-204.7511,-35.9690,-219.3256,74.2989,-199.0794,11.9762,-263.6943,101.5084,-275.9570,42.0627,-50.2172,-2.2280,-190.9916
-155.2428,43.1346,-199.0408,41.1242,-163.6059,35.9334,-174.8669,-46.3564,-174.5596,7.1926,-213.1900,78.2814,-234.2815,99.9303,-182.0827,24.2864,-101.5094,6.5572,-182.0870
-173.2718,38.4185,-164.4017,7.8276,-153.4192,43.2412,-137.7098,-51.1111,-139.5703,-109.6927,-215.9691,118.0123,-217.1243,82.5294,-121.5249,21.2276,-111.4014,0.7457,-195.6501
-133.0478,5.7407,-158.7043,8.6873,-162.8087,43.9679,-125.8977,-48.7132,-108.6904,-82.6140,-174.3643,108.2449,-196.3023,54.8478,-94.8664,18.9915,-115.4848,19.1943,-196.7160
-129.8070,5.1175,-153.1686,34.1265,-124.1840,37.0466,-143.4330,-27.4088,-98.7945,46.9151,-124.8998,102.4470,-177.5997,51.9199,-79.0546,36.7955,-124.1839,31.7631,-176.9289
-145.3054,29.7217,-119.5857,35.4684,-85.8239,30.5606,-153.2780,-4.5200,-95.1557,89.0558,-93.6723,111.1940,-173.9555,64.5611,-81.1156,72.5226,-110.6295,-4.7133,-173.7605
-140.5995,9.7791,-109.1041,11.9054,-99.1959,14.2194,-152.1933,2.6280,-64.5331,61.1070,-42.3610,98.0122,-158.7919,59.5464,-104.8089,93.1231,-117.5818,-28.7073,-199.8982
-154.6741,-30.1283,-136.5510,2.2384,-127.8682,0.2329,-166.1879,9.4172,-35.0985,57.7429,25.2072,69.2585,-132.8778,47.7984,-108.2047,102.0498,-169.1872,1.5204,-226.6390
-209.8319,-32.5731,-156.3036,1.1245,-152.2321,-3.3940,-179.7647,29.9895,-52.5252,47.7309,54.2673,55.7403,-137.2723,51.4055,-73.6185,122.5341,-200.1105,10.3416,-238.4285
-256.6909,-32.5926,-166.0490,-19.6303,-179.8517,-22.0382,-181.3710,42.6138,-107.5532,10.6383,63.6176,49.6464,-156.2858,53.2548,-69.2779,126.8335,-187.8831,-25.7334,-241.3231
-244.9477,-47.1929,-179.5359,-26.3054,-192.8652,-28.5867,-226.6080,25.3309,-186.4651,-16.1408,106.8149,38.2571,-148.2250,43.5152,-150.5028,83.6706,-162.6210,-24.2545,-235.4682
-188.1024,-18.0088,-165.2656,25.3565,-194.6221,24.8619,-328.8122,-2.0508,-283.8435,-29.9834,153.3526,42.5542,-150.1852,47.9526,-261.3981,43.5255,-108.8199,14.3872,-220.8474
-137.2036,37.4270,-122.6747,79.3531,-201.9945,71.8718,-387.5297,-7.1304,-347.6574,-34.0431,164.6200,70.0203,-206.5183,65.7033,-320.3242,72.6418,-44.9397,11.9389,-205.9393
-102.3076,34.0365,-105.0192,56.0140,-192.1663,40.7763,-348.8140,9.7178,-345.1883,-30.4971,183.0145,91.9858,-262.4614,59.5667,-330.8677,132.1970,-47.7790,-6.1306,-189.0260
-73.2546,-12.3162,-116.0708,0.8877,-155.4498,6.4078,-294.4980,25.5623,-327.6561,-30.8791,240.2401,97.6823,-251.6091,32.2985,-333.6096,132.0899,-93.9497,23.6216,-156.4721
-95.4048,-25.9502,-114.6643,2.6008,-122.7014,30.0262,-279.3711,28.6015,-321.5649,3.1278,305.4178,109.3635,-199.9519,29.2590,-322.8033,86.7796,-93.2257,52.2790,-106.8417
-169.7352,-13.0860,-114.0672,29.2696,-105.6130,43.8305,-247.5095,28.6457,-287.6028,67.3547,359.0715,131.1328,-156.1678,58.2421,-278.6832,87.6312,-59.5042,34.0355,-54.5869
-174.5651,-14.8760,-141.4842,12.2027,-100.4486,21.7228,-173.1288,40.4709,-243.7654,46.3018,410.2953,135.3123,-116.6351,80.2109,-226.9185,123.1653,-49.7685,28.9891,-13.2443
-79.0225,-18.7361,-154.8213,-6.5220,-105.1266,26.5200,-117.6823,56.7464,-245.4995,-55.6537,465.2987,107.4326,-75.2011,75.6726,-206.8440,91.6914,-49.4005,64.2289,10.2351
-23.8418,4.6265,-120.7690,32.9368,-85.0788,65.4088,-103.0297,55.8585,-255.6010,-77.0794,529.3946,72.4116,-53.1789,62.6580,-211.8015,0.2543,-39.0028,84.2912,11.2686
-44.4872,51.1405,-83.8881,86.0473,-26.2212,93.3944,-77.8018,42.2719,-224.2093,-21.3917,599.0254,64.9038,-56.0197,57.6668,-209.1579,-37.8615,-29.7275,73.7610,-5.2262
-29.6848,84.2451,-79.8562,92.6225,-1.4438,93.7135,-38.9430,38.2334,-200.1256,-38.1172,670.4295,83.5995,-76.7794,59.6409,-191.5709,1.3001,-14.6920,54.1258,-15.7317
9.1983,72.2975,-89.9129,67.5792,-62.6982,63.2725,-44.7845,37.8273,-205.7626,-102.0444,752.2582,98.8359,-118.0309,62.9699,-163.2611,43.1460,6.4751,11.2192,-3.7383
-13.0680,45.0198,-103.5900,43.7684,-133.4410,20.2320,-81.8503,22.1887,-172.5412,-88.8915,813.2292,102.8541,-148.5760,60.7883,-116.9647,54.2167,19.3833,-51.0779,11.9512
-40.8594,49.7694,-120.5612,24.6299,-117.9653,6.7287,-67.0612,0.8716,-97.3003,-30.9460,806.8585,97.7540,-116.4220,44.1649,-67.1180,42.0390,30.2678,-82.3927,13.1744
-25.2688,46.8344,-117.1135,4.9447,-49.7951,17.4015,-5.4821,-6.6289,-59.3626,-27.4168,780.1689,54.2768,-49.8256,15.2869,-44.9531,6.4134,24.6245,-63.5081,23.1851
-47.8694,-14.8856,-90.0207,-13.7231,-27.5032,16.3930,22.9256,3.2851,-60.5316,-71.4962,800.1498,-24.6051,-25.8479,-6.5788,-34.1212,-21.0209,-23.2844,-26.4720,61.8653
-103.5562,-64.6876,-69.1629,-19.0624,-45.3762,9.3084,26.5060,24.7620,-46.1421,-91.6994,832.2740,-62.0241,-32.2355,-10.1915,0.6008,-6.6180,-61.8538,-9.2427,94.1244
-83.9045,-30.3442,-55.5085,-7.0461,-20.3004,2.0528,55.6439,36.0661,-31.1029,-60.8584,859.0970,-35.1906,-2.6753,-11.6966,25.0346,3.3605,-38.5776,-20.6180,80.4223
-18.0559,20.3270,-28.9942,-3.6412,33.8366,-16.2670,64.5179,11.6759,-42.9410,-30.9123,942.5292,-20.2739,52.7678,-24.5084,-3.3516,-43.0168,-16.1671,-19.3802,42.3297
-5.7309,18.7404,0.9319,-21.0006,35.4075,-18.4288,19.5883,-31.6750,-46.8944,-46.3099,1051.0967,-34.5783,79.6583,-28.5135,-26.6531,-93.5401,-46.5094,21.0663,19.5400
-6.0904,3.7367,14.1879,-31.9310,0.6666,2.9975,0.4807,-51.3043,-24.0624,-60.0282,1077.6792,-23.5906,65.0301,-2.4011,20.8438,-69.6499,-61.8182,36.3414,3.0542
45.3384,-6.9764,5.9005,-35.3036,-19.2369,-8.4779,34.1925,-42.2686,-1.4784,-41.1561,1041.0144,-13.9812,23.3054,33.2466,86.6394,9.8307,-21.7389,-14.3598,-34.0827
85.4119,-46.0172,-14.4724,-56.2207,-55.4897,-50.9834,34.3692,-31.2980,9.0089,-51.6513,1034.5760,-53.4916,-16.6106,43.5193,100.9785,60.3645,14.0085,-43.2164,-77.9862
62.7938,-78.9096,-16.5736,-65.9726,-95.2512,-45.3674,-13.9875,-31.8795,1.8617,-96.5643,1060.2119,-77.8638,-15.8392,33.5308,94.1967,39.0213,24.8048,5.9602,-95.7500
37.4767,-51.4229,16.3559,-23.4400,-48.5387,17.4711,-34.7527,-38.4734,-31.1636,-91.8215,1062.5258,-43.6317,17.5300,36.2662,100.7655,-16.7636,51.5358,58.8715,-87.6860
54.0612,1.8316,50.7620,38.4305,53.2980,75.2771,-13.2395,-34.8396,-50.4597,-31.3252,1020.8596,-24.9846,39.8043,56.5140,84.9951,-41.5549,86.6969,74.3592,-71.4786
77.5520,32.0687,62.3816,73.1067,97.4917,102.3255,17.3924,-14.5865,-19.4997,19.4178,963.4199,-44.1078,52.1536,64.8472,45.3751,-22.3651,98.2486,85.0763,-42.7300
84.4011,52.3044,73.7988,82.9877,102.5255,97.2400,53.6371,-3.3454,12.0778,41.4221,941.1037,-25.8818,80.4693,50.2022,41.8120,-5.3283,105.3621,71.9812,6.5766
96.6159,69.4780,85.2022,69.4434,135.1198,60.7067,89.6507,-13.6062,10.5882,44.3768,952.3674,35.5034,119.7491,40.9381,79.5158,-17.7267,121.0814,23.1547,63.9634
104.4772,52.2114,74.9114,27.0504,167.7649,27.8009,118.1588,-8.4845,48.4556,44.0180,942.2562,71.8332,160.5093,53.8275,108.6477,-30.9112,101.2249,12.2978,114.8908
60.6875,-6.4899,66.0553,-19.0823,176.9176,21.4083,153.7200,25.0773,162.3037,61.1858,916.4709,67.3893,190.9751,63.1843,123.9386,-17.0739,33.8797,53.1051,150.5869
1.5763,-60.4451,74.0587,-48.2978,172.7820,10.6198,187.3732,42.9630,272.2530,76.8756,916.1129,55.3189,177.6304,51.8150,146.3241,7.4739,-8.2070,58.0190,159.9927
37.4497,-58.5311,60.5223,-61.9822,127.8224,-23.3474,197.9700,32.6349,330.2746,87.8489,910.3349,59.8300,126.0527,41.0223,169.7780,18.8772,18.9449,9.0695,146.4793
143.7070,-13.2627,23.0794,-50.3261,60.0892,-55.9968,197.6870,29.8988,368.0204,141.9430,888.7171,80.9997,96.6923,38.5825,201.2190,28.3515,59.5368,-25.7771,130.7812
164.5819,10.5305,12.5467,-18.3329,51.9783,-62.6950,184.1712,37.4635,373.2716,210.0540,912.9869,82.5813,111.9658,20.9221,252.5002,58.5671,68.4786,-16.8826,117.5833
99.2071,-2.8760,42.5627,-3.4495,100.7407,-39.6197,140.0013,30.1950,309.3483,224.5138,960.2106,41.1811,137.0022,-10.1056,277.4356,96.1062,80.4223,24.6908,95.7169
102.7324,-5.6340,93.1574,-11.4070,143.9438,-13.3689,105.8472,7.6235,225.1824,232.1759,961.6683,4.9044,146.6542,-25.8899,236.3120,102.3918,113.9380,76.6933,69.0100
172.7254,10.4139,150.8642,-11.0983,177.7268,-19.4109,115.4931,-24.2094,181.8316,245.4382,969.6924,14.5778,135.6818,-29.2983,175.9496,68.3163,138.0181,94.5818,50.2865
175.7356,9.6571,179.1570,-1.4625,193.3541,-34.4895,121.2222,-54.9506,155.5633,159.9851,1009.5546,33.2578,110.9794,-39.5759,142.9865,27.2097,154.3803,70.7477,51.9268
129.6647,-5.9983,149.8272,-2.2686,161.2740,-10.2228,107.1274,-46.0775,124.1044,34.4857,970.0980,29.1277,102.3256,-43.4675,124.6316,13.4786,171.8018,55.6187,88.6363
116.8299,-18.6944,106.9244,-8.9806,126.3915,25.9199,130.8259,13.7240,123.0524,53.9645,859.1879,21.5602,121.7058,-27.2220,129.9811,30.8423,145.8838,60.0783,146.1514
91.2442,-30.7624,99.3622,-11.3780,132.5725,25.5468,193.0476,69.6901,162.5998,164.8818,832.0200,16.9458,138.4966,-9.3855,177.9858,64.2354,77.5077,41.5793,181.5840
43.3328,-26.6821,112.8007,-11.3655,130.2460,17.6539,232.3414,80.3001,205.5811,198.6136,884.0017,5.2673,130.7812,1.9122,207.0121,103.4207,53.7351,-10.4149,187.2958
72.5666,5.1010,124.9626,-0.8317,91.3569,38.4930,227.9527,68.0007,222.9361,189.1745,890.9406,2.7147,108.7506,23.1958,157.8516,134.5129,101.4680,-72.1514,189.1332
150.4415,35.6654,134.6163,36.4985,63.9224,67.6828,194.1947,63.5726,199.4586,204.1962,865.5004,24.8896,90.3112,51.3093,88.4063,130.4717,150.2954,-117.6654,184.6615
144.2198,52.0227,133.2686,87.0424,64.6552,90.9362,153.7197,71.6361,144.6837,188.5910,854.7038,54.2343,85.9813,65.7972,76.0834,98.1315,154.9873,-115.0838,166.0943
77.3149,59.6765,111.8795,101.3039,58.9565,106.4103,140.7492,89.7606,112.8055,146.7874,808.9555,61.3797,79.9091,64.9144,111.5982,98.3316,119.0828,-70.0734,157.2990
56.9523,37.5902,66.0550,65.0062,27.4376,91.6568,143.6794,106.8877,124.2222,128.4639,739.2273,39.0009,47.6423,54.2055,157.5200,147.4328,57.3755,-39.9358,149.6461
70.7831,10.0865,3.3647,47.5580,-10.7503,64.3125,111.1748,100.8559,119.3983,86.3394,722.8176,22.8449,16.1084,36.0886,184.6018,168.2357,18.2022,-38.4236,92.7095
71.6449,51.0684,-27.0399,97.2243,-12.1976,80.9815,56.4905,69.3291,71.4491,6.5217,726.6306,58.0531,26.1308,32.1674,156.5063,122.0872,38.9872,-21.4001,-0.3135
62.6332,128.9838,4.4983,144.6886,21.2224,124.0832,30.5220,39.7942,32.0363,-20.6644,678.9988,125.4268,47.2060,60.6529,90.7721,78.6635,76.9846,7.9904,-52.4106
25.7029,145.3317,26.2182,130.3441,20.7312,129.3033,21.9825,35.4790,21.8918,30.8400,620.2043,159.0455,37.9384,94.6640,58.9010,81.0544,82.8937,12.8929,-40.4440
-36.1295,125.9192,-24.8071,115.9142,-22.7837,117.6698,3.0437,55.1462,12.4182,90.3687,604.4047,143.4045,21.5557,102.2689,60.5784,82.5604,64.0585,17.6699,-13.1021
-57.9334,143.0233,-84.8615,145.0531,-45.4678,145.3445,-21.3093,86.6557,2.5846,95.5380,598.2469,125.2046,6.1864,100.2611,29.6728,58.6471,29.3395,50.3832,-10.4158
-39.2136,156.3816,-96.1253,158.2948,-70.9972,175.9613,-62.1724,107.1318,-6.1711,29.5645,565.2615,137.5365,-50.6283,108.0608,-26.4736,42.4610,-12.0480,58.2615,-34.3305
-48.7453,128.6441,-116.1085,131.0455,-165.9436,148.6697,-122.7325,83.3789,-41.5216,-43.5162,524.0806,160.7766,-146.7261,97.5540,-52.0211,50.4984,-30.4910,3.2250,-73.9406
-88.1402,114.0761,-182.3790,108.9758,-268.5701,97.5590,-158.5540,23.8988,-90.9226,-16.4818,501.0442,153.6983,-226.9680,55.8332,-59.7972,71.8541,-43.8642,-54.1695,-121.9975
-129.4910,123.2486,-233.1835,94.9977,-291.7912,80.3191,-164.0972,-7.8741,-106.0003,93.4160,490.8798,112.2941,-264.9138,33.2032,-78.5308,91.9037,-101.2433,-59.8361,-174.9128
-193.9534,102.8417,-226.9849,63.7812,-274.5547,70.8124,-194.6838,5.1180,-92.3760,138.1812,460.6359,79.2857,-273.1650,52.9480,-81.7980,91.0044,-177.6243,-47.4646,-222.4998
-252.1455,60.9816,-203.0182,30.5195,-266.7889,25.4264,-245.5543,2.4390,-94.0622,52.5333,393.7254,75.6430,-273.1995,53.3121,-72.8783,73.1255,-218.4410,-54.3575,-252.1976
-218.1592,50.7747,-202.0641,11.8623,-243.1802,-24.5738,-255.7549,-30.3784,-131.6652,-62.2991,329.0936,76.1849,-277.5276,5.3301,-103.4930,66.0254,-231.4051,-63.4097,-275.7456
-117.2808,76.8502,-217.4025,9.5475,-201.3538,-31.6003,-243.5789,-45.0052,-207.4600,-105.8628,316.8915,76.6553,-275.0476,-11.9326,-157.8656,58.2189,-227.4948,-59.2494,-318.1126
-75.5764,95.7226,-227.0805,31.5839,-184.3262,-12.1848,-280.1001,-53.9698,-290.3868,-122.1301,344.3248,97.1488,-263.5761,46.7793,-175.0127,16.2822,-200.0444,-53.5100,-372.9862
-135.3306,66.6773,-228.9812,52.4007,-210.0580,-8.3793,-343.6488,-94.9186,-319.6998,-183.2985,347.6844,116.6961,-268.4884,97.5698,-183.3471,-37.3411,-197.3813,-53.4024,-404.2147
-220.3204,12.1167,-233.8560,31.4848,-249.1065,-24.1470,-346.2701,-115.2489,-302.0933,-220.2907,295.6828,102.3518,-279.5061,76.3797,-247.8533,-61.5469,-252.5052,-55.7755,-383.8866
-256.1163,7.1266,-239.4381,-5.9098,-250.2500,-34.0759,-286.4828,-66.7825,-307.6308,-160.4359,230.9091,71.8674,-264.9625,40.3709,-325.2951,-70.0860,-294.9575,-52.1471,-315.4549
-243.7927,49.2484,-242.9644,-16.9965,-218.5294,-26.1020,-243.8916,-5.5356,-327.6729,-102.7028,203.9015,55.1905,-262.2364,38.1830,-329.2094,-83.0133,-278.0849,-39.8569,-233.2773
-232.2160,45.4581,-262.3255,-22.7748,-230.5307,-25.1641,-234.7870,22.7919,-291.9364,-104.3456,188.0592,52.3827,-305.7019,40.5752,-277.8759,-72.9235,-266.4083,-45.2965,-171.8683
-250.2210,-15.2953,-296.8363,-46.8867,-286.8580,-58.5999,-209.1782,40.2172,-223.5580,-49.5855,125.1738,58.9988,-327.3912,43.1617,-249.3983,-26.3938,-298.7630,-79.3919,-135.1587
-274.7747,-48.1764,-311.9222,-62.8201,-287.1475,-92.2391,-173.0696,48.2371,-205.1378,51.2223,39.7900,70.4890,-283.1808,71.5973,-259.4978,10.5120,-324.3572,-83.6374,-117.4315
-266.1747,-40.5180,-295.3762,-52.1726,-224.1831,-72.1143,-170.2550,36.3787,-235.1812,34.1888,14.5915,70.9917,-237.0311,92.1963,-278.4767,2.6698,-320.5598,-20.9116,-128.8561
-219.8250,-46.3905,-256.7485,-31.2701,-186.5491,-28.1371,-185.2794,23.4728,-258.8619,-68.0376,63.4857,58.0441,-218.2048,67.0283,-298.2141,-12.9820,-319.1817,44.9507,-165.5444
-175.5002,-62.0341,-188.8658,-17.7374,-174.5477,-20.5030,-187.5773,2.1223,-264.9135,-108.4849,117.3440,44.1711,-187.4124,33.7150,-311.2872,9.3790,-319.1382,63.9378,-196.0323
-172.8894,-56.8801,-113.3931,-16.4399,-146.7944,-27.0426,-186.3560,-43.2532,-260.3077,-117.5825,126.2058,26.8192,-160.7390,19.8140,-287.5283,43.3647,-301.1912,66.4719,-202.9731
-199.9841,-42.9751,-92.8912,-19.7504,-138.5452,-17.5356,-168.9452,-70.7701,-227.7823,-133.8993,117.3185,-3.2888,-170.1368,-9.3725,-223.8397,40.4218,-286.2827,55.7908,-190.6340
-219.2951,-34.6189,-126.7394,-22.4821,-159.9230,-32.0104,-118.4534,-54.1124,-168.1739,-84.2915,141.8640,-39.1201,-173.9044,-57.1690,-166.6207,17.2906,-282.2583,6.2619,-160.0553
-224.0233,-25.5579,-142.7923,-33.7107,-159.9619,-69.1594,-93.1733,-32.8494,-132.0780,-12.6823,190.9093,-66.6398,-153.3177,-79.3354,-148.3817,12.4877,-241.8822,-44.6183,-122.6302
-203.6774,-16.8579,-122.8523,-43.1165,-147.2779,-60.3318,-129.6967,-28.3115,-157.1340,-21.5847,214.7001,-78.1900,-157.2069,-70.9116,-142.7389,9.6198,-153.2705,-59.5732,-105.9235
-133.4132,-11.5774,-109.1491,-23.1362,-157.9221,-14.2042,-153.5004,-37.5563,-199.9122,-64.6775,213.4397,-75.0170,-184.4893,-65.5172,-113.2801,-22.6343,-82.9396,-57.9574,-119.1239
-59.6207,-4.8105,-104.6359,11.4312,-164.9550,-0.5386,-125.5494,-82.2982,-195.1920,-101.0846,224.0842,-66.9194,-183.9411,-81.0195,-74.4032,-77.3433,-57.2831,-32.4110,-140.8731
-51.5780,5.7659,-84.6473,25.7778,-146.0952,-12.3359,-110.3074,-151.3039,-158.2597,-163.8246,244.5340,-62.5758,-157.4049,-115.1876,-66.2865,-131.2186,-23.0554,24.4162,-142.1030
-64.7764,17.6719,-60.4734,26.8910,-116.0344,-10.7967,-112.2908,-191.5341,-134.8467,-189.3127,262.4618,-59.8515,-130.0127,-141.5395,-85.0150,-160.4867,20.8891,46.0377,-111.3048
-31.2678,21.1263,-51.4211,22.9334,-62.3041,-11.7296,-57.8347,-198.2491,-102.2514,-129.0936,293.5398,-52.4448,-84.6965,-126.7932,-77.8938,-150.6088,17.6990,16.1267,-70.2181
7.6834,5.1601,-40.3122,-5.2053,23.1951,-24.0565,37.8022,-193.0193,-37.4758,-76.9220,327.4185,-49.0197,-10.1397,-96.7533,-18.3625,-120.7836,-6.8122,14.5329,-44.5356
19.6447,-24.1384,-2.6067,-45.2053,97.4932,-31.2900,95.4293,-154.6909,20.2378,-48.9078,335.7358,-73.8977,62.9683,-104.6590,51.9332,-85.2132,10.9557,38.1626,-10.4875
43.7568,-55.4905,45.7547,-66.7491,131.0949,-49.7391,127.5618,-70.9842,73.1569,42.6483,338.2000,-123.3283,104.6244,-127.9468,88.6902,-19.5610,31.1035,11.6911,65.4603
54.7785,-88.6303,65.0160,-84.0653,140.0720,-89.6354,187.7547,22.1815,167.3883,153.9416,358.9195,-146.0438,114.3649,-116.1225,110.8529,63.0074,3.0201,-35.0129,144.2679
6.1003,-119.3127,52.7909,-116.5653,139.8763,-118.7185,245.5653,88.9855,260.7449,184.3090,379.0024,-118.2857,116.5097,-93.3941,151.7036,95.6816,-15.2844,-47.4118,172.3016
-27.8199,-141.6608,46.3379,-145.5237,128.8932,-126.3140,257.0085,118.2039,285.6163,164.3947,386.7696,-87.1422,133.8641,-90.5209,195.7560,74.0059,18.2388,-71.3936,176.6262
28.8236,-153.1441,59.6498,-152.0002,101.8538,-124.8550,255.9256,121.7260,284.2654,157.2221,382.2757,-81.4916,150.7559,-75.0285,219.1428,57.3580,61.5188,-112.6688,193.3158
127.5428,-134.3264,79.0758,-130.5977,72.0264,-100.9551,269.3041,113.8976,303.3554,154.1771,364.5849,-71.9058,141.5429,-45.6141,231.9077,47.7164,108.2956,-93.1821,187.3880
204.8887,-83.5697,109.7989,-86.8710,80.3210,-62.5436,260.0066,72.4713,298.3920,125.8857,377.4163,-56.9234,133.0458,-59.2642,240.9045,3.7627,169.1821,-31.9360,145.1677
247.2815,-53.5039,147.4170,-55.3811,139.9419,-55.3309,233.0878,-1.1956,256.3825,65.7739,446.4966,-66.8148,167.3502,-111.1713,240.7260,-62.8287,183.5196,-18.6025,133.0342
252.7121,-64.7415,154.3027,-53.6093,204.2038,-68.0720,257.9449,-25.1900,224.9314,12.1412,489.8563,-88.7637,223.9592,-134.4633,244.9133,-108.5183,141.7303,-26.8383,182.5555
241.8977,-60.2498,134.6675,-41.5740,233.9868,-37.8394,320.4232,21.0077,204.2382,-8.8474,455.1667,-100.8914,253.0880,-124.2942,257.8504,-119.1568,145.6735,19.7737,235.6062
229.5817,-22.1950,137.1582,-2.7658,237.2173,25.2266,321.2039,29.3287,181.7858,-51.4320,421.6224,-114.7525,252.3452,-129.7677,258.6060,-109.0073,212.8023,82.9675,245.1729
198.2499,-8.2169,160.4112,11.1140,233.4953,39.0694,259.8456,-34.0695,189.5916,-114.4158,426.3690,-120.5275,251.6788,-151.9394,254.1976,-101.8875,231.6881,82.6247,222.8233
178.4769,-37.9699,173.3711,-27.7598,242.1864,-16.4355,236.7066,-72.7345,224.0789,-92.9995,408.8635,-97.6130,257.9602,-150.3695,263.6059,-99.9395,174.6775,37.1846,194.3904
210.4431,-72.9126,185.8320,-76.1133,267.7502,-64.5498,271.9286,-61.5467,240.0545,-14.1088,380.8946,-72.0571,253.1743,-115.0135,256.9694,-75.6593,131.1243,16.7765,183.7605
227.2921,-81.6257,199.2966,-83.3994,269.9724,-46.6383,291.7447,-61.5001,229.7085,-18.8321,398.1303,-57.1958,226.9009,-73.1804,214.4118,-39.5052,138.4591,23.1174,195.7925
185.4256,-49.5978,188.3284,-44.9780,218.6298,-2.6539,257.5180,-73.2266,202.9873,-85.1719,419.7250,-20.8862,189.4102,-48.5569,178.8708,-46.4744,163.8148,1.8155,194.8825
171.1905,-3.6272,174.4119,-5.6489,150.2614,1.3850,189.0676,-67.8603,166.7780,-108.1601,399.7038,24.0453,148.6856,-36.0870,164.1109,-85.7518,189.5904,-49.3650,164.9536
209.2259,-11.0886,185.1850,-14.0942,108.5287,-27.6847,120.8941,-54.1056,151.8456,-101.4538,369.5303,31.4007,95.3236,-16.2616,129.1455,-80.6626,205.0788,-72.1560,151.7971
217.8028,-65.6256,179.1652,-58.0261,95.1469,-46.3867,81.9494,-38.6880,158.5430,-90.3325,334.3833,23.0682,38.4008,5.4167,84.5123,-27.6303,192.2061,-54.7517,173.0270
190.3523,-86.6209,136.6802,-92.0985,93.9200,-57.6081,65.0937,-38.1534,152.6668,-72.3759,270.7194,39.6947,19.0583,-3.4682,80.8307,-1.3735,157.0352,-48.2556,172.5956
154.2254,-79.8986,104.6785,-114.9150,79.6429,-84.9888,47.8351,-74.1052,176.8686,-74.7066,210.1259,52.5789,47.2608,-50.9306,108.2928,-21.2532,113.8519,-67.7722,126.9775
81.5115,-113.4679,81.4591,-142.1079,45.1415,-117.9605,49.5843,-97.4698,283.3806,-22.6762,176.9366,32.9631,79.6118,-99.9374,124.0749,-34.5290,62.4453,-81.3782,87.7295
15.9374,-152.8292,27.8276,-154.1064,34.3268,-135.3639,81.1572,-57.5732,367.3748,168.6696,139.0317,17.6916,92.1765,-110.3315,113.9823,-15.2619,23.2992,-82.9087,89.9860
38.5643,-124.6866,-16.2597,-137.4792,71.9221,-131.4088,92.1912,-6.0657,299.9711,322.8795,93.6345,37.2915,104.1930,-77.3039,76.7471,8.9029,33.1160,-79.4950,110.2483
93.4907,-64.5414,4.9262,-107.9134,110.1771,-102.2812,54.0292,5.3639,140.8217,247.0599,82.1970,57.2433,118.1116,-30.0696,26.0972,5.6412,77.3840,-47.6688,104.7361
105.7107,-37.9419,58.1885,-67.7300,116.9046,-52.0911,-1.7166,-2.9144,18.6628,62.1115,114.3210,33.6473,115.1407,-0.4978,-14.9568,-29.9736,98.0663,21.6466,52.9834
110.6746,-34.8284,97.8829,-17.7356,114.2891,-4.4681,-52.2230,-25.2402,-54.0998,-57.9093,153.8847,-13.9657,97.8498,12.2559,-57.7130,-65.6502,77.3606,80.9326,-6.6996
111.7309,-32.5423,126.5320,5.9501,99.3285,15.4710,-83.6720,-55.7937,-114.2182,-94.2450,159.1738,-28.3833,73.6424,28.1835,-104.0018,-53.1845,51.3321,82.9183,-17.7906
76.6932,-36.9136,132.6670,-19.7168,51.3525,3.7598,-73.2857,-43.1699,-150.5867,-35.2808,126.1186,-9.0434,34.2480,36.9100,-108.2723,5.4312,45.9667,50.5978,-3.3439
56.4378,-35.5278,102.5455,-49.6078,3.1761,-12.4814,-47.6353,6.3773,-149.2414,59.6702,88.2439,-13.9758,-11.2485,13.7961,-83.1520,46.9739,51.6759,45.4799,-27.7096
59.4807,-11.2298,72.9219,-26.9689,0.8608,-0.2826,-52.3376,27.0090,-129.4968,49.0992,51.1994,-55.5776,-31.0102,-15.6850,-97.6224,43.8898,49.3289,72.9829,-69.4544
4.3901,11.4754,68.7682,22.9922,33.2233,24.7473,-56.2419,25.2381,-109.1004,2.9358,-6.0467,-86.0625,-13.2628,-7.6317,-113.1746,37.9696,19.5638,81.3233,-65.8853
-75.5069,1.7665,58.5808,26.7240,53.6346,18.8088,-12.7961,38.8439,-80.7587,74.1844,-58.7772,-84.7571,17.1485,10.6290,-45.8783,34.3908,-46.4056,62.9712,-35.1167
-76.4120,-18.5131,23.2385,-9.5314,36.4666,-3.8590,44.8938,44.7550,-37.0354,142.4557,-80.1721,-68.0458,27.5406,-19.8989,38.8837,-8.7771,-116.1671,65.9239,-30.1733
-50.7053,-6.3021,-14.6305,-10.1732,-2.4081,6.6813,67.5739,33.6668,-3.7603,81.3763,-100.5427,-48.2167,15.8692,-75.5772,44.5005,-54.7978,-144.6429,93.5392,-51.0097
-95.9900,27.0926,-42.3590,25.8380,-34.0297,41.2247,56.4041,31.8478,-0.6283,33.8038,-118.3447,-42.2928,9.6325,-82.0810,26.4912,-33.1321,-137.3096,101.0202,-70.6458
-154.5870,39.9189,-68.9377,40.8816,-56.6733,63.8458,30.9102,24.9032,10.1440,69.4199,-95.7777,-59.1587,9.5113,-39.1858,44.6350,0.4300,-122.5723,86.8187,-76.0015
-140.1626,49.9661,-89.2608,57.3612,-83.7394,90.7821,2.1649,-2.3769,43.9021,63.4606,-74.9337,-65.9829,-23.7550,-3.0408,36.8362,-38.6154,-87.9676,88.6742,-77.2553
-89.2228,101.8886,-83.6618,121.4502,-111.8256,138.1055,-35.0590,-24.7331,31.0813,6.6348,-98.2684,-29.6323,-92.8719,25.7383,-24.6515,-84.4370,-15.2012,110.8627,-98.4505
-66.7715,162.4083,-52.8819,177.1190,-133.7527,163.4621,-97.5560,-39.5708,-55.6018,-20.2266,-100.8225,34.7264,-151.2591,77.5890,-76.3338,-51.4980,64.0091,121.3251,-130.1645
-56.0820,169.6159,-28.7384,166.1739,-149.4475,139.2809,-175.6841,-51.9662,-138.9126,-33.5667,-61.9387,88.4654,-185.7717,116.7749,-101.0286,0.4726,109.2626,103.2149,-140.7208
-13.2823,143.1904,-33.8359,136.5778,-153.4499,110.3826,-239.9202,-36.5423,-183.8612,-49.0316,-59.9942,106.6085,-209.4481,94.6723,-134.9921,-1.7580,116.3080,84.4661,-149.5502
18.8883,129.8646,-47.8544,134.2874,-146.2729,120.8527,-281.5345,-6.8749,-231.0584,-48.9389,-94.3451,97.9877,-198.6034,55.1755,-179.6873,-26.7926,89.9839,95.5213,-178.3354
-47.0191,116.9680,-52.0205,128.4954,-134.7086,137.7270,-287.8452,0.6636,-260.5141,-54.9223,-108.3193,96.5221,-145.2051,63.1730,-213.4857,-29.3973,30.9511,96.9768,-178.0992
-168.6270,82.2454,-71.5956,90.1956,-117.7154,98.1291,-244.0416,19.2782,-222.6158,-37.2745,-124.8811,102.2296,-99.7584,86.5688,-216.7821,2.5797,-48.7669,32.3304,-139.3618
-211.1635,40.8856,-122.0730,34.7681,-111.6470,14.9087,-193.5722,76.2736,-166.9350,58.2296,-149.1170,81.4564,-88.7229,67.5838,-177.8243,65.5524,-130.9073,-49.0775,-133.7576
-181.6685,15.4519,-172.4936,0.9866,-135.0650,-25.3695,-179.8029,115.2033,-158.8004,148.1003,-139.7239,48.1679,-93.9715,35.3381,-138.5010,107.7462,-193.3662,-54.7294,-156.1804
-200.6252,20.4585,-203.4712,18.3078,-152.6382,10.2419,-169.7648,108.9020,-161.7151,128.4965,-154.7451,45.9610,-119.8493,41.6159,-164.8546,84.0396,-218.0346,0.1874,-141.1514
-269.1787,46.5523,-228.6380,54.6333,-133.8590,52.4646,-152.8273,105.2255,-138.8936,60.5192,-242.3381,64.3861,-163.2045,71.3704,-237.6660,49.2631,-224.2205,42.4904,-118.8862
-297.0867,47.4617,-245.8901,46.5008,-124.9667,42.4244,-174.1329,126.0615,-138.9596,58.0361,-288.8624,71.7653,-182.5121,89.4143,-268.0060,68.3004,-252.6246,53.6157,-124.9118
-280.2251,2.6613,-244.8862,-3.2230,-162.5614,2.3983,-200.7926,157.4299,-176.7981,128.0302,-240.7813,63.8556,-186.6879,86.5658,-220.7916,106.9326,-297.2434,40.2034,-95.1904
-279.7953,-46.2816,-243.9976,-44.6472,-217.9315,-25.0025,-164.8618,186.7278,-177.9811,174.7686,-211.4734,32.2054,-230.4458,58.3340,-150.8668,110.0792,-312.5721,19.5367,-28.3604
-313.1620,-64.2122,-247.9018,-50.1440,-267.4291,-16.5977,-131.0425,176.9113,-136.0992,105.8286,-216.8227,-9.8467,-291.7866,24.4295,-141.1958,80.1876,-284.1519,41.8224,-26.8251
-323.1335,-47.4310,-220.5837,-3.6141,-282.2010,36.1823,-194.4638,111.7566,-158.8747,-21.1265,-166.1244,0.6023,-301.8795,37.2769,-222.7409,46.4809,-231.1967,103.2182,-97.7047
-241.7718,7.9858,-155.8352,70.6358,-209.5764,95.2025,-293.0534,53.0213,-262.3740,-54.6839,-107.4488,72.6329,-261.4311,95.0984,-329.8190,40.4029,-175.6287,123.7493,-149.4248
-129.8175,72.2805,-101.5820,91.6632,-87.7607,97.4321,-313.4446,42.4923,-318.9626,-8.3451,-123.6214,125.9111,-203.2194,121.1076,-370.4265,64.0844,-146.9063,88.6346,-152.4728
-125.0669,87.6247,-84.7527,57.1700,-23.9728,58.2298,-260.8472,36.6500,-293.3732,-24.8385,-137.2947,114.2742,-126.9177,84.4804,-337.4575,66.5277,-155.4259,64.2006,-130.6769
-183.4262,64.2064,-82.9054,60.8738,-12.6961,56.3396,-201.7063,11.7849,-287.0765,-100.6422,-86.9209,65.8680,-47.1001,45.7432,-282.9754,25.6038,-163.2077,69.3278,-98.3825
-146.0510,55.2312,-75.6143,102.2218,20.3284,97.6492,-154.9111,8.6416,-306.9020,-136.2526,-54.2345,16.8862,-0.6265,51.3095,-229.3249,-5.5204,-144.4953,80.7265,-66.3431
-57.8227,47.0624,-64.0744,98.0763,57.7513,112.6905,-100.5745,40.8162,-272.8010,-137.3231,-84.2061,-7.6828,13.2256,74.2675,-179.2436,1.0551,-127.7932,101.3656,-20.8697
-58.7519,11.3032,-47.3118,63.8303,63.8123,84.3121,-33.7670,68.7071,-217.6031,-133.3046,-127.1002,-10.0448,15.6008,74.2177,-142.6911,9.6352,-128.8141,119.8723,47.1266
-96.4526,-10.8988,-26.3521,52.5120,71.9797,56.5597,23.3507,72.2242,-192.0331,-84.2957,-157.6929,-22.6322,4.3940,53.8195,-107.9684,9.8776,-125.6263,98.2074,92.0409
-87.5237,-2.2185,-17.4750,31.3279,81.4422,36.7205,64.7030,83.1588,-117.6471,19.6989,-170.8799,-39.7615,-24.0892,42.1518,-58.4083,31.4723,-120.4437,36.3145,106.8709
-92.2465,-19.0833,-32.0135,-14.5190,38.3942,2.6098,113.2372,129.6613,29.3326,127.0495,-149.4378,-32.6996,-58.7419,47.1573,-10.6405,75.5185,-117.3831,-24.7356,155.1656
-107.1075,-61.0750,-54.4847,-26.4849,-41.6201,-19.4990,154.8232,173.0293,122.4138,179.0230,-113.2861,-32.4005,-85.7626,52.1107,21.5669,102.6118,-68.6309,-44.2902,219.3519
-38.4948,-50.5999,-48.7638,13.7040,-75.0508,8.6962,140.4713,149.7929,103.3197,134.5140,-88.9522,-58.1627,-87.7205,55.8389,47.4567,79.3067,34.6398,-12.9710,215.9858
62.6624,13.0454,5.5765,60.1070,-28.2912,50.5592,94.5737,73.5252,48.8069,23.7961,-56.3725,-51.1016,-54.1941,64.1786,60.4653,23.1795,100.5090,20.4923,167.2633
78.6704,46.9752,74.8462,65.6253,39.8074,42.8435,101.3651,10.3335,31.2405,-55.8096,-10.8084,-6.4098,3.1809,48.3918,57.8052,-15.7554,78.6626,0.7183,137.6213
42.7109,34.9019,102.4252,18.5780,58.9287,0.5390,166.0388,-28.9980,97.8850,-56.2604,18.4925,-3.9274,69.1167,-10.8785,77.0834,-36.1793,43.7173,-47.5738,108.8168
39.5698,24.4380,90.4727,-26.3597,51.2215,-20.5064,221.4828,-66.7465,255.7348,-4.6880,44.3806,-49.0462,135.4432,-72.5865,140.9750,-73.9195,54.3436,-66.3716,80.3265
60.7477,11.3135,93.7636,-18.9069,83.3091,-27.5102,247.3621,-80.4080,404.3137,64.8400,96.6226,-82.8284,187.2411,-104.1277,222.3368,-102.1487,76.3186,-60.4683,100.1337
88.1451,-25.4291,125.9984,-16.1652,133.4607,-60.8857,267.4881,-48.5361,460.1349,125.9192,146.2564,-109.6961,216.3099,-121.3074,299.0337,-71.7311,91.1511,-68.3749,146.6963
152.1130,-48.3455,156.0988,-66.5395,155.7303,-103.5766,287.0831,-2.5573,472.6133,171.3860,163.1839,-148.3941,242.1667,-122.3357,364.3551,-22.5885,123.1195,-96.8677,179.8242
239.3724,-46.9864,187.3907,-99.8080,199.7535,-112.5671,306.4682,27.1275,478.1630,207.1749,181.8813,-171.5284,288.0097,-100.9224,397.8817,-18.3469,157.9539,-119.9963,236.1322
266.7581,-76.6041,235.8191,-85.8015,282.9066,-96.3919,337.7120,42.2288,441.4341,197.1748,229.0366,-173.7782,341.9254,-96.1555,403.6855,-41.1553,178.6446,-103.9122,330.7409
213.6042,-124.7877,269.2653,-89.7275,306.4545,-87.5839,377.0634,47.5373,391.3870,125.7214,265.6882,-164.4065,355.8810,-110.2492,415.4586,-43.6565,228.2875,-56.5407,401.8070
199.6181,-107.6709,268.9808,-102.4311,251.9134,-85.6808,399.4869,47.0409,380.8756,71.6468,258.3076,-120.2229,305.7572,-86.3823,422.0583,-16.3941,321.2526,-37.4134,409.7162
316.3578,-34.6311,279.1580,-74.9070,233.8517,-76.4106,386.4539,37.2462,371.9141,65.2006,235.2660,-52.2720,254.9940,-40.4825,390.5236,14.4784,385.0104,-57.2640,369.5202
459.4014,13.0048,323.0809,-50.7145,291.6985,-56.5950,351.9677,-4.4324,337.5822,29.0558,231.4836,-14.0004,286.2168,-38.2818,352.4437,0.2422,378.3771,-50.6409,317.8662
492.3825,32.5834,361.6064,-46.9900,361.6905,-19.6537,341.5886,-70.7014,328.9278,-29.0600,237.7686,-5.4423,368.7153,-51.8364,351.8567,-63.9043,359.0378,-2.7388,298.1717
449.6905,55.1355,369.7035,-3.6324,414.2668,29.7111,377.6438,-106.7634,355.1666,-22.7173,237.4397,3.5872,413.3318,-34.1289,367.5291,-104.1676,371.8163,26.3691,303.5001
414.3775,59.2964,361.4472,51.5447,444.7502,55.0700,411.2324,-93.9159,364.5155,7.8485,240.7986,-4.8451,427.6222,-28.5148,373.3616,-87.8382,383.7524,15.8671,285.4675
387.4181,45.7120,346.3480,45.6329,435.4133,37.8562,388.0223,-71.5225,343.6745,-21.9913,254.9055,-48.6852,459.3837,-54.0424,374.3147,-70.1661,372.5664,-6.2203,266.5297
369.2134,43.3824,335.7648,17.8483,397.3453,16.0343,340.5241,-53.1037,320.4644,-67.2189,263.7380,-96.4865,463.3940,-59.5244,354.1114,-63.7404,372.4141,-26.0640,300.0015
365.7826,29.4636,346.4146,16.7256,354.1118,21.4365,333.0540,-22.5573,318.2836,-77.8771,257.5598,-112.5211,395.6922,-42.2026,312.6829,-31.3091,397.4751,-36.7310,341.8163
335.5280,-6.2458,359.1834,5.3275,315.4760,23.2470,351.3826,2.7802,343.7298,-91.1093,239.1982,-92.6142,322.9448,-28.6081,314.1225,6.6245,404.5251,-40.3207,337.7180
274.1851,-19.2384,337.2039,-26.9568,292.8852,-16.0213,347.4808,11.1701,377.3583,-95.3911,203.9342,-70.1870,298.3634,-7.4949,374.0109,23.3025,366.1439,-58.9748,338.6580
236.4502,-22.9675,285.2710,-50.5473,274.3098,-67.5007,340.4160,42.5114,392.1348,-39.6264,159.9308,-93.3701,280.9956,0.3077,399.0288,41.7095,318.0599,-77.9159,378.5539
238.4305,-55.4668,245.2050,-63.0672,248.7657,-68.1630,349.8626,100.8132,362.8622,26.1930,138.6152,-147.7848,254.8707,-31.9271,330.9354,46.4882,300.4822,-49.8263,388.5113
270.6590,-54.8658,251.0449,-47.2171,270.2355,-12.0995,312.6566,112.1166,254.5885,23.1416,142.0636,-157.1997,258.5937,-44.9337,225.3592,6.5388,305.6954,17.5327,331.9704
317.9116,10.3541,298.3166,6.6276,353.8911,35.5735,205.8360,47.1522,93.7724,-20.2471,134.6552,-106.4015,280.5244,-15.5383,146.3253,-32.3302,308.1308,78.3286,264.7836
312.6414,34.9374,337.8873,36.7790,390.6588,34.2959,126.4530,-22.4914,-2.5437,-48.7215,113.9719,-59.0425,275.3208,-23.6299,100.2771,-44.5946,300.8338,116.8584,221.9474
238.9704,-12.1510,324.6936,20.9633,327.2869,25.5736,120.1521,-41.6233,12.5353,-85.7722,114.3404,-37.4243,250.2734,-61.8767,72.7513,-80.8964,283.6175,120.2337,177.7772
192.5428,-22.8585,276.7902,21.2889,255.9901,43.1054,105.0742,-36.5155,49.8845,-148.8473,128.8029,-9.1469,228.8003,-35.0550,48.8105,-120.6951,246.0520,72.5441,118.3320
190.0122,8.8658,237.1565,32.2511,221.3405,40.0860,53.0796,-41.9043,52.6826,-171.2137,116.7225,26.4062,198.4963,25.1087,17.3049,-85.5744,182.9918,7.0008,67.1051
153.1226,-11.1591,203.3444,-3.3458,167.2316,-12.2343,31.3661,-56.3015,42.2840,-114.2040,83.4513,49.1476,154.5073,28.3310,-18.5720,-17.7292,117.4447,-30.9111,38.5981
111.2598,-47.6804,153.9097,-42.7347,87.2754,-49.4206,36.1143,-69.0000,8.6373,-60.7708,63.6805,70.5045,118.0017,8.1775,-48.9720,-13.7911,86.6628,-43.2623,12.2728
119.7391,-7.6752,94.1104,-23.8648,18.5420,-26.4129,6.8308,-72.9710,-43.9883,-86.4959,50.6850,95.1048,94.4567,13.4340,-53.2550,-46.4073,92.8044,-44.4113,-25.8962
100.4291,52.8396,35.5885,4.2779,-50.5265,0.4614,-36.5416,-66.9710,-50.6210,-132.5617,21.8301,86.1417,66.9619,6.7875,-8.6697,-40.5795,89.5639,-41.7849,-51.1712
21.6770,31.7875,-17.5911,-18.2869,-132.5851,-24.6164,-52.2329,-62.1538,-24.1627,-117.2031,-4.6022,24.9363,25.7758,-25.2612,48.8276,-14.7517,47.4375,-55.4241,-52.9220
-14.1191,-35.8919,-58.4129,-65.6047,-191.9110,-72.3782,-66.5049,-68.5590,-54.6661,-73.0721,-7.4899,-42.8622,-14.2853,-59.1602,41.8218,-24.7156,-4.5684,-76.4325,-73.8097
2.1730,-53.0214,-85.7429,-84.3636,-195.9119,-88.1937,-99.6961,-85.8692,-130.1957,-81.5483,-16.4231,-62.5582,-29.2852,-95.1268,-26.0156,-69.7428,-35.7458,-59.3492,-137.2410
-24.3142,-10.0643,-102.6652,-52.5630,-157.9847,-64.8052,-130.0029,-104.8854,-169.3552,-147.8820,-65.9378,-39.2859,-31.0585,-107.5756,-76.8599,-105.3172,-55.9112,-5.0848,-194.3316
-83.9438,26.1771,-101.2716,-0.3044,-124.0715,-36.3497,-153.8003,-100.9560,-184.4606,-191.5486,-134.2047,-19.9445,-59.7618,-76.7533,-101.6706,-96.7613,-78.0834,35.8714,-204.2308
-104.7080,20.5846,-84.3752,12.8185,-119.5129,-26.9127,-177.8671,-63.6710,-224.5072,-145.9174,-179.8650,-29.9917,-104.5415,-69.8590,-146.1849,-57.1579,-99.0396,43.1090,-197.7613
-98.5830,8.7278,-82.1596,-15.3647,-122.4772,-25.6158,-186.8566,-34.0907,-251.7521,-62.6718,-204.9901,-57.8407,-113.5980,-117.9296,-175.1134,-28.7457,-122.8194,25.5693,-211.9960
-114.5469,17.1353,-109.8287,-34.0968,-128.2548,-29.1439,-177.9842,-46.3810,-220.0301,-54.0878,-234.9923,-79.1286,-100.8730,-135.6533,-131.7120,-25.2039,-154.7836,-8.2771,-231.9750
-156.4492,12.4087,-143.2169,-36.9043,-164.7139,-53.9459,-174.5674,-67.5214,-181.6882,-126.5229,-266.7208,-68.1630,-118.9472,-88.3817,-91.5492,-35.5628,-181.7712,-23.8275,-230.2013
-190.1079,-19.4919,-156.9855,-39.6026,-203.6176,-71.3540,-188.0966,-66.6531,-212.0838,-192.2720,-281.5461,-17.0648,-147.9352,-43.9395,-158.9147,-60.8745,-191.5421,10.4166,-209.3773
-186.5292,-39.6086,-154.3650,-25.5187,-196.2141,-39.5821,-200.8869,-64.7299,-282.2851,-205.2327,-284.6944,33.7976,-156.8008,-28.9989,-262.3129,-91.7275,-193.6978,47.3296,-182.9624
-168.0202,-48.3266,-158.8914,-14.6012,-187.7025,-13.5834,-187.1313,-65.6999,-291.1598,-152.8831,-292.3911,29.9889,-190.8131,-23.5312,-258.7549,-102.5268,-204.0049,14.1775,-152.6781
-179.7991,-87.1582,-187.1169,-58.7630,-232.0877,-65.5571,-158.9052,-49.2476,-212.0057,-34.2048,-305.8024,-15.0813,-262.2502,-32.8175,-179.4040,-100.5166,-221.6586,-70.9385,-127.6701
-217.7863,-138.2793,-221.5666,-127.5718,-275.1790,-140.2616,-165.5235,-36.6933,-111.6441,79.8867,-320.0071,-32.2825,-296.1413,-48.4562,-155.5062,-107.0360,-228.9495,-129.5426,-130.7127
-250.6587,-152.6876,-229.4097,-153.9336,-261.0554,-161.4483,-207.5377,-53.6504,-23.4814,140.2322,-329.4839,-4.4033,-275.8620,-50.5966,-178.1010,-98.8777,-218.8584,-136.0357,-164.7496
-262.8428,-140.9665,-214.3243,-151.1488,-226.1785,-160.5093,-229.2506,-72.9935,64.8416,212.9432,-324.7870,15.9048,-263.0424,-56.0967,-157.2938,-51.4794,-208.7823,-120.1698,-203.7311
-243.2330,-130.5940,-209.0092,-148.0422,-210.1573,-161.6984,-227.6304,-72.1379,105.1663,299.6497,-309.3317,4.6942,-251.0171,-68.3387,-119.5611,0.9354,-205.3048,-101.5685,-224.8956
-219.9692,-109.7701,-214.5297,-121.4370,-202.5542,-127.5775,-243.7426,-66.1483,31.7909,283.4436,-297.6751,-10.1055,-194.1360,-64.7218,-132.8180,21.6443,-193.2282,-91.7669,-225.2217
-241.7666,-74.7714,-208.1303,-77.8736,-195.2482,-81.7491,-260.5758,-58.1106,-102.0276,181.4158,-285.2583,-16.5885,-139.1423,-55.2593,-163.6264,30.0127,-177.9349,-113.0884,-213.1007
-256.6660,-48.3067,-205.4162,-62.0821,-202.2581,-80.1914,-250.5943,-42.4007,-183.0602,137.0193,-262.9119,-11.9658,-151.3498,-35.8801,-177.1103,51.8609,-179.5740,-154.9436,-207.1332
-186.0040,-35.9118,-233.9175,-63.1379,-232.3885,-89.5619,-256.3965,-35.2838,-209.1554,146.5378,-253.4497,28.9847,-196.3033,35.7177,-223.5553,68.7852,-185.0689,-161.5862,-221.6533
-101.6585,-23.7232,-259.9696,-34.5971,-260.3085,-57.8441,-305.0974,-39.7482,-263.3509,112.9502,-278.0034,89.4478,-216.3136,128.8373,-315.7696,52.5434,-172.1952,-109.2852,-236.2499
-103.5378,-3.5486,-233.3017,19.5634,-248.5870,-3.7364,-343.7678,-27.3977,-345.2328,59.3242,-314.9654,104.7202,-221.0747,160.8836,-376.2297,10.4528,-160.2438,-39.9518,-217.2331
-150.0789,21.8757,-183.1996,60.9977,-221.7717,47.1503,-324.3835,16.6463,-368.6602,38.9535,-337.6759,80.1432,-233.5085,144.2423,-355.7401,-23.1068,-179.4100,12.4535,-176.2365
-187.1325,40.8098,-173.7038,77.1152,-232.1495,90.4955,-257.9144,71.2677,-324.0955,22.3622,-346.0019,78.8332,-236.0549,138.3380,-290.2103,-21.9024,-225.0940,63.8616,-162.1903
-231.7219,49.6055,-192.7072,84.5041,-248.8428,110.2981,-183.0172,104.7113,-293.6476,5.1359,-344.6444,87.9991,-211.7199,128.7144,-242.4736,8.6421,-271.4819,119.4953,-190.6331
-266.0368,59.5004,-189.9431,95.8564,-225.3359,106.1889,-134.4265,112.5388,-290.1297,34.0257,-338.6713,60.5898,-186.1964,93.3161,-236.2539,38.9233,-297.7558,137.1670,-222.3266
-266.1247,64.5267,-179.7360,99.6657,-211.4735,97.1204,-118.1736,124.2666,-257.8248,97.1833,-335.2163,30.3884,-195.0263,63.3493,-232.7211,51.5596,-305.2714,96.4885,-228.1337
-267.7175,51.4083,-202.0769,87.1875,-239.6622,87.1581,-123.7582,149.8564,-229.1241,127.0202,-322.7967,38.3413,-224.2275,52.9162,-197.8086,58.8942,-310.5172,57.5606,-234.4659
-276.5110,48.3549,-238.4161,85.6546,-240.0918,88.6846,-153.7773,157.1684,-268.6860,102.1743,-289.3490,51.7035,-226.4983,46.4678,-172.5453,74.3408,-305.6611,84.7933,-269.4631
-269.6841,78.6610,-243.9135,113.5095,-185.9297,114.7023,-192.4772,141.0274,-320.2368,77.3164,-254.0207,42.5388,-197.3449,39.8653,-194.3004,93.0655,-272.3451,136.5106,-305.0010
-262.9589,96.3017,-211.8604,131.9060,-145.4242,131.4362,-204.5149,137.2090,-316.4912,86.4345,-231.4750,29.3153,-175.3425,30.0418,-220.5578,110.0912,-230.4818,119.5708,-296.4206
-234.3941,68.1913,-171.5226,108.0183,-156.6609,115.6305,-201.0681,139.7084,-301.1539,55.8366,-205.1450,32.6453,-175.9294,24.4440,-216.0078,119.4005,-198.8563,40.2066,-246.8314
-156.0275,43.6600,-156.1950,73.2149,-198.5085,103.0898,-202.9870,105.8616,-288.6710,-70.9631,-169.0341,64.7265,-188.8482,48.3616,-196.4306,103.1030,-156.0810,-15.5440,-193.8231
-121.9844,52.8231,-168.4804,59.1488,-232.0832,102.9403,-174.4674,43.7156,-221.3265,-175.9042,-136.9518,105.3311,-205.6906,90.6616,-156.2894,69.6640,-107.9330,-31.7803,-156.3296
-180.2549,52.7569,-172.4077,50.2832,-213.3181,79.1256,-116.3822,0.3058,-129.1677,-136.0936,-114.9236,101.6027,-210.7316,115.0794,-93.8322,60.3832,-93.4806,-55.2877,-124.4550
-176.5853,33.4951,-148.8143,37.3540,-155.5448,41.8437,-97.6557,-10.2580,-84.3704,-51.0102,-108.7985,70.2220,-198.8107,124.5813,-54.6831,69.6759,-96.9248,-75.3612,-94.2518
-30.3785,36.3478,-119.5030,32.2845,-126.3918,27.1604,-108.8683,-12.9955,-48.9758,-68.3182,-112.1991,82.9689,-189.3734,124.3626,-37.7213,50.5373,-83.0375,-57.8681,-85.6676
96.0302,48.3651,-90.1801,20.5918,-127.1680,18.2472,-79.3704,-35.4384,19.2800,-137.0281,-88.9941,113.9063,-173.4759,95.9597,10.8098,29.0975,-73.8795,-44.7394,-95.6374
89.8232,25.1710,-51.8114,-14.1954,-107.1660,-13.2752,-27.8877,-68.4920,68.8393,-139.9860,-38.5044,92.2551,-120.4948,67.4829,74.8289,65.4399,-69.6820,-80.4572,-71.5481
44.3000,-3.1576,-27.6724,-37.3816,-70.8404,-48.7257,0.2643,-72.7445,86.8147,-98.4403,-14.3635,56.7733,-58.8028,77.9101,106.4489,104.9130,-17.9474,-111.6260,-7.0127
49.6984,14.5751,-21.1538,-16.8046,-32.5555,-54.1206,23.4631,-55.8788,125.1853,-95.5351,-15.8388,60.9740,-35.4796,84.4862,125.0490,63.8274,68.4920,-84.0860,17.4690
85.0560,42.8269,14.8301,7.8823,24.4191,-31.0479,35.7977,-68.5925,179.7949,-130.2174,15.7817,66.9645,-24.1156,51.0786,146.7861,10.8822,118.5542,-53.5815,-11.2309
107.7762,22.1948,79.7376,-13.9757,73.7158,-23.8811,22.0849,-90.8975,217.2442,-140.5720,68.7069,58.3353,9.9748,32.1797,155.7861,42.1706,123.5519,-82.2990,7.0410
112.1640,-23.2251,111.9478,-56.7478,85.4928,-55.1596,42.2320,-63.1702,246.6695,-110.3044,89.2749,63.6063,39.0846,53.1963,186.7199,84.4914,123.2457,-114.8726,90.6493
127.4230,-34.9327,105.9904,-61.9450,101.8439,-71.3609,111.5253,-23.4372,267.8332,-87.0593,100.8710,62.8589,51.8778,58.0901,259.5732,44.1010,137.5513,-76.8057,142.6907
167.0203,-13.6348,110.7434,-30.7487,141.4778,-37.0086,153.3282,-37.3163,263.6726,-101.4781,136.7391,46.4138,82.4115,28.7236,297.7558,-9.4871,170.9512,-10.3248,150.4649
188.5389,0.9964,129.9465,-12.4161,163.7236,-12.7951,175.0912,-61.4606,252.2116,-134.8268,155.4926,49.2102,131.8262,-0.8177,265.1389,0.9345,201.4543,9.4845,187.1820
162.4242,-13.2691,137.8828,-27.2515,173.9933,-29.4236,238.9898,-40.8151,250.5816,-163.7310,137.6738,44.9296,171.5814,-25.3788,238.7536,18.8183,192.8686,2.8062,249.7551
116.1787,-55.2166,131.5409,-50.1959,197.5231,-29.0704,293.2488,-12.8941,253.1806,-157.8463,125.7286,-4.3603,198.9823,-45.5762,268.2997,3.4402,167.6471,11.2826,296.4451
65.6366,-99.1406,110.8074,-60.7979,206.5318,-14.4939,295.4796,-7.5623,278.6092,-83.9160,120.3214,-42.2671,222.8787,-48.7068,329.0621,6.7043,169.1686,2.9685,335.3289
14.1615,-106.1318,84.5674,-69.6762,200.2347,-48.2595,322.9477,4.1537,340.4292,17.8284,88.7649,-38.3938,249.0157,-59.5398,389.1346,33.9431,176.2777,-42.8278,360.7491
3.5858,-78.7040,83.3984,-84.8882,226.4267,-93.8067,382.0705,30.3541,400.6059,69.7403,60.1444,-49.3365,287.1119,-95.5249,406.8890,33.6924,169.5874,-72.2527,351.7185
44.1748,-61.9749,110.8840,-86.9741,278.4385,-80.5376,386.2506,51.5323,427.7203,72.9559,75.7143,-70.3238,322.6048,-103.5977,371.2305,16.4648,179.6635,-55.2859,333.6669
76.6459,-62.2843,141.1972,-65.9023,307.8064,-48.4937,360.2073,55.7106,433.8688,52.0328,106.3494,-43.8971,328.3223,-52.5409,359.9704,12.7749,203.1106,-32.6286,317.0099
82.0795,-44.3141,174.9838,-47.1225,303.0924,-48.0637,368.2457,25.7813,420.7191,-11.2610,120.0281,4.7646,322.1505,-0.3864,406.0183,-3.0958,210.9919,-27.6858,270.5293
109.4666,-16.0137,224.1069,-41.1333,278.8698,-38.5404,347.0574,-32.1030,362.4040,-81.2108,146.2379,25.7998,338.1132,10.0176,404.7607,-33.7005,226.4815,-11.3131,209.2824
182.3182,-6.2669,269.2767,-12.2100,270.3417,9.8726,258.4014,-69.9158,255.0023,-95.4289,206.1218,31.6636,364.2231,10.0103,306.2714,-42.3200,273.0374,36.4785,173.5641
273.7911,15.5185,294.4762,54.3050,319.1804,59.8578,199.2979,-75.4371,142.4286,-97.4771,257.9643,40.5322,376.0571,18.6222,215.1845,-54.0429,326.6980,88.2503,153.1615
341.2339,71.7309,313.6252,107.3110,386.0626,76.4605,213.4898,-82.9227,82.8807,-132.0806,258.2107,59.3278,377.5815,9.2158,189.8578,-105.6407,373.4810,96.7504,145.7304
360.1079,97.7848,331.1610,100.6023,384.9281,57.8262,236.8198,-81.6621,82.5381,-135.3975,221.1521,95.2568,371.8094,-22.6697,162.4603,-139.3337,405.4693,60.8299,185.9457
355.4863,57.0060,331.6081,56.2482,332.1894,27.1922,254.1678,-39.3740,80.6957,-92.4475,190.0420,113.8122,351.4363,-44.9162,107.0154,-110.7727,394.9697,43.6516,259.3981
361.1750,25.9036,317.7124,25.6317,310.5760,19.0762,286.7238,1.4220,31.9468,-83.5684,189.7514,89.7235,326.2206,-42.9076,78.6414,-87.3316,358.2109,76.3503,302.5563
363.8974,57.3914,317.2635,30.2138,316.5591,34.6763,288.1400,-19.8378,-39.3102,-116.7309,216.7960,70.9733,312.2353,-33.2014,82.6198,-110.4986,346.5536,95.6355,283.0731
350.9009,93.0672,336.5898,51.2355,291.0914,41.5024,222.8973,-69.0053,-88.5784,-136.8766,237.0238,83.7801,302.4679,-25.7120,65.1346,-117.3117,359.0855,51.3865,224.0753
326.4612,81.2240,333.6180,51.0553,238.5080,26.6715,149.5608,-70.4177,-90.1958,-137.9988,208.6343,89.3309,278.6861,-10.3766,20.5108,-70.6256,363.2505,-6.3307,183.2151
254.3466,45.6785,281.7202,15.0176,205.2339,2.1870,122.0007,-30.5518,-36.4837,-123.3608,147.2003,80.2260,245.9159,14.7105,1.9950,-16.7049,341.0080,-18.8925,182.6677
135.3996,18.7032,225.9507,-21.3503,202.0769,-18.3853,110.7637,-17.1945,33.4703,-85.4606,117.9365,76.0746,230.8602,36.0971,30.3856,-0.5621,275.2538,-4.2400,164.8311
79.8394,13.4017,205.0697,-19.2302,206.2486,-26.4769,81.3861,-44.2331,50.0415,-46.9088,126.8478,68.5384,231.7238,51.1086,54.9619,-21.6364,186.5429,-6.3848,99.8881
125.6705,28.5024,180.4103,-0.2750,191.6275,-34.9232,53.2346,-66.9931,18.3399,-19.1857,113.0579,71.4149,200.4809,66.6159,26.6945,-44.9252,137.7240,-40.6842,44.5455
149.8353,26.7230,118.3208,-13.0613,134.7810,-61.4972,35.6014,-78.2665,31.9602,0.0399,72.7091,108.9558,113.2916,78.6487,-27.5062,-37.0309,129.7153,-100.9069,4.1389
92.0245,-19.0496,51.9763,-55.4609,31.7548,-88.9745,-9.4481,-104.1080,122.6896,-7.4022,57.3014,139.9712,17.8133,86.6629,-49.3460,-19.4331,104.5035,-166.3544,-79.3417
30.0722,-68.2013,7.3195,-88.2598,-73.1849,-99.4354,-87.5786,-114.1944,191.1951,-9.4201,54.0959,119.9406,-28.8658,99.7146,-36.3995,-22.1857,51.5913,-200.7405,-160.1503
-9.5216,-81.4705,-26.7117,-99.0494,-115.5395,-105.8529,-134.3705,-60.5630,155.6031,51.6383,14.3219,71.4715,-25.1347,105.5761,-30.5958,-5.0075,-15.6731,-170.1571,-146.6212
-61.4612,-75.5162,-48.4026,-93.5224,-89.7341,-100.4186,-119.6618,14.3496,62.5387,112.9511,-42.8925,28.2268,-11.0489,85.5022,-56.3611,44.5172,-96.1768,-81.5993,-81.3978
-90.9771,-54.9157,-57.3690,-60.5849,-49.6720,-61.7082,-101.3977,38.7027,-26.0075,86.3872,-77.7937,5.2604,-22.2602,57.2403,-110.6528,33.1814,-141.1469,5.8215,-48.0433
-67.9311,-7.8865,-68.7407,-5.6192,-25.7550,-17.6986,-116.9481,36.2756,-123.5255,46.9299,-104.5818,-3.9875,-53.7340,40.8899,-171.2646,-58.2595,-121.0621,48.9060,-31.2588
-55.0445,29.5911,-71.0846,31.0029,-12.1156,3.9109,-126.8144,67.0082,-210.2595,94.9253,-143.2459,-41.6054,-74.4887,24.3449,-204.2013,-96.3934,-111.4145,70.5035,-7.9332
-85.2075,33.8787,-53.6806,38.0947,-15.1556,28.0497,-115.9017,102.7685,-212.5756,159.5440,-186.3313,-88.1401,-92.9559,12.0206,-208.4361,-35.0368,-141.0425,86.0490,-14.2746
-97.0643,52.1881,-51.5706,49.8294,-48.7168,57.8354,-140.1315,70.3992,-170.3407,116.5572,-233.7485,-31.9097,-149.7838,25.0133,-228.1144,0.9392,-119.0238,59.2944,-77.4753
-54.5643,100.2062,-89.0563,68.6550,-115.8190,58.8616,-224.7368,-30.8548,-197.0388,-23.1298,-288.2289,129.3458,-233.8117,41.2371,-275.5783,-42.8040,-32.7863,-9.0917,-187.2411
-8.6323,126.7183,-145.3240,58.2651,-209.5424,35.9010,-311.5118,-135.7926,-257.6696,-138.1327,-346.2326,255.8421,-299.9272,37.9890,-306.8114,-80.0115,19.2997,-65.0475,-302.6019
-17.8693,129.8804,-201.1785,24.7963,-290.4362,11.0817,-355.6210,-206.6408,-261.6397,-162.3144,-421.6768,313.2173,-351.7733,46.8100,-317.0770,-79.8527,23.1753,-95.0161,-373.8307
-74.2723,149.4389,-244.4696,11.3327,-315.3630,-22.9768,-398.6029,-255.9896,-286.4771,-166.2106,-519.5854,372.1225,-406.6293,70.0951,-361.2800,-93.3150,28.3949,-113.7890,-412.9265
-135.4635,153.5089,-262.6593,14.3994,-313.6816,-55.3815,-484.4903,-290.3692,-406.6180,-214.4674,-608.7694,396.2820,-445.6481,52.2304,-438.7299,-109.6541,-1.4884,-109.3070,-466.3777
-202.4021,92.3395,-278.6989,-10.1884,-336.8285,-61.5748,-558.2025,-300.6309,-493.4879,-252.2860,-669.5197,323.3286,-469.1522,-5.3405,-477.8401,-92.1638,-111.5737,-93.1194,-504.2085
-296.6750,3.3306,-318.3210,-70.4136,-365.5873,-66.2540,-535.3698,-305.5848,-461.9291,-264.8148,-707.2476,216.1651,-498.7254,-48.8004,-464.1435,-100.4794,-247.6039,-94.2652,-472.3251
-382.7909,-62.7960,-353.2584,-127.8555,-375.7486,-99.2296,-441.7937,-324.7706,-436.7641,-327.8728,-712.2629,126.0610,-512.7920,-85.4610,-455.0021,-195.1517,-339.4106,-86.8088,-403.4845
-421.0180,-123.5414,-362.0758,-154.9283,-392.7629,-137.7114,-373.0323,-321.8839,-480.9147,-384.7550,-685.6686,16.3927,-488.0165,-138.3945,-458.5032,-283.1045,-376.5904,-58.9141,-348.4800
-446.5244,-192.9003,-371.7389,-166.9797,-410.2271,-160.2268,-344.2210,-261.7678,-484.8721,-304.9200,-664.7193,-96.3982,-455.3153,-167.5519,-427.0212,-237.4262,-384.5627,-64.4268,-295.4866
-481.0410,-234.6655,-385.6717,-186.8974,-391.2891,-173.2144,-301.2847,-181.0657,-410.3899,-170.3276,-653.4691,-146.3744,-432.8538,-156.9565,-358.9463,-112.1327,-397.0670,-92.2307,-224.0341
-481.0146,-231.2380,-376.0451,-198.7869,-348.8587,-169.3225,-246.3897,-128.2497,-337.8619,-138.4566,-609.3587,-140.3593,-395.0370,-148.3720,-297.6670,-50.3515,-421.5156,-64.7803,-154.8430
-450.8216,-210.7821,-348.5938,-177.9926,-312.3276,-145.2428,-235.2445,-104.4354,-294.0068,-172.8027,-531.9952,-121.1363,-343.3922,-135.7556,-260.9969,-51.8471,-426.9203,-12.1798,-140.1065
-432.3541,-190.1338,-326.2514,-144.8567,-286.1938,-127.9325,-274.7902,-101.2060,-255.5297,-186.7608,-460.7807,-96.8383,-308.0622,-83.8029,-240.9167,-32.3439,-401.1925,-22.3830,-203.2678
-397.6736,-160.1536,-306.1086,-125.4881,-278.9706,-124.6421,-311.1434,-112.9209,-228.9454,-178.7278,-397.2305,-81.1192,-290.0998,-34.1702,-233.5908,-10.6797,-369.1825,-63.6785,-264.2044
-337.4206,-129.4284,-279.9116,-102.3356,-276.7493,-109.4378,-303.6060,-114.0366,-206.1828,-125.0986,-330.3838,-105.0173,-274.1589,-46.8778,-240.8277,-36.9327,-340.1552,-65.0466,-224.9091
-319.3387,-124.0731,-254.7206,-72.7678,-249.3688,-84.3213,-257.3855,-85.9851,-150.1339,-24.9925,-289.5158,-164.3733,-259.5526,-96.6502,-257.4738,-61.8652,-311.2217,-50.6125,-127.4020
-333.1817,-142.2224,-248.0395,-79.3633,-238.0529,-79.5560,-193.9166,-31.8063,-51.1678,50.3179,-292.2298,-208.5601,-248.0979,-121.5735,-249.5180,-32.4054,-298.2974,-56.0552,-63.3907
-308.9653,-156.2115,-271.0345,-121.7374,-283.4671,-90.5441,-126.7705,43.1128,67.2452,116.1914,-299.5126,-196.1080,-232.9933,-103.9814,-178.4499,23.5925,-300.8675,-61.2121,-20.5976
-287.8755,-154.4688,-289.5515,-140.0046,-299.1367,-87.1587,-74.0923,112.8892,157.8537,236.8635,-269.6666,-156.0607,-201.5590,-71.3267,-79.6593,74.1700,-294.0436,-47.8780,12.5237
-301.7443,-139.5878,-247.7883,-114.1318,-209.6386,-70.4702,-55.9032,139.8067,173.1840,350.3060,-208.0042,-147.0863,-149.2893,-56.4887,-30.7250,109.3875,-279.8621,-8.0041,-9.5199
-246.3963,-110.8317,-159.3398,-74.8761,-92.1948,-50.4199,-54.8243,137.4685,135.6806,385.4524,-147.2791,-151.5071,-96.2279,-49.2171,-24.1917,116.9747,-275.2864,56.5320,-41.6428
-121.4685,-84.0796,-89.5358,-33.2807,-28.4589,-5.9339,-30.3960,151.3409,110.1324,375.3024,-110.9107,-114.7670,-62.1518,-12.1807,-0.8656,122.8370,-262.7768,98.6905,-1.2162
-93.4555,-80.5186,-58.4403,10.8384,4.2147,60.7197,18.4088,188.2936,105.3105,337.4329,-96.0186,-71.1736,-38.7582,36.8253,31.5541,162.0587,-223.1766,95.0731,61.4707
-178.8287,-80.0517,-48.6012,39.9035,28.5517,98.1493,74.5292,233.1484,114.1809,283.6135,-82.5230,-85.3632,-17.5004,48.4345,60.0070,194.8010,-186.8170,107.5215,75.8053
-222.9917,-47.8126,-49.6556,55.1786,36.0172,100.1423,149.2729,270.8952,161.9472,264.2421,-55.8576,-119.4953,1.0561,44.2957,125.4827,171.9335,-178.5330,164.5578,77.1561
-180.8567,7.6007,-42.2401,82.1448,44.0361,120.4909,223.1844,266.2457,209.2588,241.8683,-17.0606,-95.3183,28.6638,74.9380,201.8046,128.3792,-149.8202,195.7796,84.7049
-114.3920,55.2426,-15.5262,123.4435,65.9871,158.6938,231.6561,215.9797,182.2251,165.0395,9.9981,-18.8525,55.1135,122.6093,207.0571,115.1103,-57.9312,172.0603,75.5628
-61.3430,81.2099,5.8950,160.9890,91.2465,173.3709,189.4077,185.9065,144.3616,137.3841,-11.9878,40.9133,49.7636,152.8392,182.3421,130.8018,28.3925,165.8003,89.3835
-62.7505,88.0568,20.1400,189.6859,124.3449,188.2638,190.8313,206.7523,200.1548,217.1443,-72.3537,39.9356,45.7005,169.5459,223.7293,151.5868,22.9320,215.9548,151.1007
-107.7188,99.5050,63.3392,209.3664,167.0713,228.1666,239.8546,227.9809,274.8634,274.4860,-96.1323,5.4617,94.6972,167.3589,285.0672,147.1205,-21.3423,265.7516,197.8799
-88.3593,133.4150,124.3716,209.1776,195.2445,240.0191,253.2189,225.7283,253.3329,256.3925,-56.7612,-1.7798,140.3504,139.0336,283.8983,110.7277,1.5544,267.5105,206.3867
4.7684,151.5937,148.8060,185.3169,193.0197,206.2565,226.6907,229.9863,200.9747,260.9604,-30.8209,8.6447,108.9872,107.6890,267.2249,99.2522,65.6787,250.2326,223.7248
53.4984,119.5867,135.2249,158.8205,169.7986,189.7427,223.4703,244.7100,220.6304,312.6267,-56.5137,-30.2847,59.7219,76.5510,286.3874,149.2627,81.5062,254.3423,260.1064
52.8819,86.3573,132.2284,157.4907,157.9469,206.7038,252.5756,253.7452,278.8216,357.9121,-54.5535,-101.3584,73.2274,39.2440,292.0117,202.5383,63.5125,267.5183,295.6937
88.0383,101.2413,157.7750,179.8483,192.3504,221.5948,287.2641,261.0513,311.0674,365.1238,16.3125,-114.8932,116.0508,43.0812,253.8061,213.9746,74.1554,263.4427,321.3267
144.1333,133.9452,183.6064,197.8147,250.0308,237.2702,318.0053,265.0540,311.0875,310.7832,74.7463,-60.5252,139.4211,107.1764,210.6346,223.4095,106.3156,251.5365,317.5235
177.6332,150.2630,189.4654,197.2719,268.5304,249.4335,329.6466,260.0197,284.9405,239.8883,78.0291,-0.5090,160.2374,152.4757,192.9541,251.5309,126.5928,243.8754,292.2307
189.3059,151.6480,196.7612,185.4128,247.8976,220.7539,317.2086,256.1064,259.2180,229.5712,102.0249,40.3415,192.2804,137.8165,210.5009,253.3407,134.1814,229.1017,290.1257
161.1853,134.2897,225.3479,169.5158,233.4624,176.0862,309.6823,242.3521,279.6425,211.6483,183.4459,67.5222,223.5210,125.3137,258.8152,205.4915,140.4435,209.6589,291.0327
139.7276,118.3092,249.2684,163.1702,223.2219,177.5930,307.6637,196.2487,338.1427,115.8370,245.7428,76.6205,240.1274,142.2641,298.1472,147.4233,164.1651,196.3015,228.0156
233.6797,146.4600,247.2799,178.8165,203.1431,208.1947,274.3818,150.9878,390.1235,76.9716,241.5709,73.1977,223.3644,151.6537,296.5443,132.3691,216.7130,173.8924,130.7758
370.6717,192.9408,245.3679,192.1666,200.7247,210.1277,225.7692,152.8318,414.0690,174.7208,220.7803,69.5711,191.1514,153.7597,264.1930,160.8097,258.4768,141.9347,96.8981
369.1046,195.4376,250.8329,174.5991,223.9675,180.4691,222.2329,176.1543,393.8769,271.1554,219.7476,64.9610,201.1708,161.4799,219.1354,169.7921,244.8994,129.5953,142.3430
270.7567,164.8583,232.9985,152.0365,239.1233,148.9546,265.7354,180.4021,339.1062,303.6262,214.1609,51.7558,246.4988,149.1104,194.4466,127.5292,196.4651,127.1479,196.5372
225.8624,142.3916,206.2849,156.1944,232.0706,132.2528,301.5841,182.8203,306.8396,323.5408,198.3512,25.8510,263.6412,122.3538,230.8905,87.8326,146.1085,104.7615,201.3661
200.9847,128.5274,211.0786,163.9237,221.2253,134.5881,306.6143,197.0651,300.1669,282.4203,199.7565,8.3228,260.5639,121.2616,286.1196,85.2374,95.8825,91.3189,163.5389
133.0752,122.9923,227.5280,153.5219,225.5294,148.4208,299.5586,192.9650,249.7958,175.6510,215.3868,30.4862,279.8286,129.0626,267.9085,84.6539,73.4593,114.4100,131.6450
110.6988,130.4305,228.6478,147.5328,241.1418,161.2725,278.5271,161.4395,151.9577,135.1542,224.7075,64.2042,288.7039,107.5380,189.8507,75.4343,116.0231,130.5059,123.7149
194.6826,137.9812,241.1811,159.0906,240.3898,166.6015,220.7504,127.3819,65.7868,145.6764,241.3374,59.3359,258.9673,84.7044,142.7942,73.6817,186.4191,118.2212,107.4263
306.7509,153.8579,272.5958,171.5081,220.1427,163.8481,149.7498,94.0866,0.4621,69.1389,274.3275,52.1398,241.1543,94.0189,142.4288,61.8130,219.5935,122.0164,71.0209
353.9616,186.0483,288.2886,175.5852,216.3013,163.4669,118.7960,52.4885,-44.4953,-41.6639,291.1146,89.5821,256.4068,101.9639,147.7405,50.1472,227.3497,143.4869,39.5183
323.6680,195.9417,282.4135,174.3134,224.3096,166.1357,108.1089,18.1162,-39.9800,-54.3902,283.3703,112.7027,255.9295,77.6719,151.9168,80.4839,258.9597,130.5863,12.6134
288.5754,174.7166,269.3445,171.1642,196.1705,144.5513,56.4035,6.3409,-7.5002,-5.0361,283.3285,77.9425,221.5385,53.2797,164.0683,115.9066,303.6842,85.1846,-16.9049
311.0510,165.1747,239.7010,164.8317,143.6520,103.4662,7.6664,14.1742,17.1121,29.9039,276.6860,53.9141,182.4934,63.1264,188.4329,106.7347,305.1429,54.9927,-15.2710
321.4242,151.6374,191.4463,134.3751,111.7623,89.7568,48.9501,39.2561,55.7272,43.7247,227.1511,69.3226,158.0754,83.8047,226.5637,107.4344,236.9178,43.6963,24.5068
241.3688,89.0447,142.3954,68.0286,75.8889,84.9435,115.6255,67.2794,88.9418,15.1642,190.3461,52.4244,153.9828,68.3628,240.6074,143.6314,135.5828,17.6768,45.6397
160.1438,16.6908,97.7440,5.8268,7.8097,27.0008,85.5439,68.4725,48.4932,-40.3695,234.0469,-13.7863,155.7255,12.9509,195.1724,134.3800,67.5754,-30.0759,27.1071
163.7200,-9.7150,56.4702,-13.6067,-41.1011,-44.0895,1.2484,47.5588,-31.1293,-39.0650,282.0254,-56.8202,121.8468,-34.6432,140.2764,70.6363,58.5727,-69.0151,10.2264
170.0959,2.8363,17.5748,-8.2625,-38.3874,-45.7961,-35.2853,35.0690,-68.8116,7.9236,230.8008,-40.8980,50.1802,-37.8054,125.7031,30.5702,75.6006,-70.1659,1.0813
122.6400,40.9929,-27.4933,1.8917,-35.6644,-9.4065,-53.0443,20.0363,-91.8824,-2.7783,137.6101,-4.4227,-2.5193,-20.6324,98.4702,5.7508,83.4142,-44.5856,-30.3913
84.1456,79.3423,-68.1409,18.4559,-64.9506,-6.4017,-94.6307,-16.6076,-135.2609,-69.5044,102.7868,8.5883,-12.5605,-23.9230,19.4329,-41.6511,68.2564,-32.6601,-64.0790
61.0634,66.4213,-84.0010,16.7156,-85.1056,-29.6230,-103.9071,-38.8334,-143.7675,-92.0372,97.6655,-4.4077,-15.1169,-40.2138,-43.9315,-58.3923,16.5281,-51.5482,-64.7379
7.5566,24.1364,-88.2034,-12.6689,-72.0452,-50.0480,-73.4784,-28.6611,-112.4166,-45.8462,65.9538,-22.8230,-27.6864,-43.3048,-55.2023,-25.6658,-56.1864,-75.7327,-63.4051
-30.5586,16.4362,-95.1920,-17.7189,-68.3913,-54.9710,-81.5323,-33.3976,-119.1899,-10.7302,33.7375,-44.0773,-37.4106,-42.2311,-80.5617,-13.9878,-88.7010,-71.2200,-92.4847
0.5179,11.5130,-88.6565,12.4514,-103.3379,-26.1837,-126.3509,-58.8217,-172.1399,-48.3466,20.0845,-64.3326,-49.2463,-46.0326,-143.4647,-32.6865,-65.8548,-35.7827,-115.2198
30.3386,-31.2335,-75.7671,13.3399,-132.9458,13.1257,-143.8179,-53.7381,-205.4530,-114.6102,-0.1375,-50.7867,-77.0000,-31.1154,-172.8561,-34.3138,-51.8088,-6.4545,-110.3891
-28.9991,-48.3205,-89.6827,-16.6302,-120.6865,14.0191,-152.7126,-31.3910,-197.4452,-117.6377,-24.0265,-11.0120,-114.9800,-1.3541,-150.3920,-27.5262,-73.0381,-12.8283,-116.6060
-128.0663,-18.3679,-124.6705,-16.5346,-118.1469,-8.3411,-193.5552,-36.8071,-177.0710,-39.2801,-45.4663,-12.8369,-159.0245,-4.2046,-160.4773,-20.3462,-91.5726,-34.2914,-134.8589
-146.9868,-24.7378,-164.7802,-11.7524,-179.3719,-24.4313,-222.9249,-30.8518,-158.3152,69.9217,-94.2777,-63.5684,-216.6299,-44.3033,-241.2335,16.0621,-116.3218,-45.9428,-125.4577
-96.4821,-82.5705,-224.2074,-59.2236,-263.3540,-59.1475,-207.4099,21.3652,-120.5297,169.6663,-164.5253,-98.4908,-276.1577,-75.3095,-308.6301,51.5029,-182.9668,-61.9225,-117.1860
-110.5211,-116.8286,-282.5741,-101.4310,-312.1243,-101.1807,-197.9938,49.2286,-64.6076,206.4374,-210.2389,-103.2652,-308.0964,-84.7667,-296.0305,34.4688,-241.3902,-77.9499,-161.7950
-193.6481,-102.0431,-289.4749,-71.3881,-332.7943,-85.9386,-230.1813,8.2139,-71.2741,118.0296,-231.4880,-97.6770,-306.3758,-85.3541,-263.6984,2.1123,-228.5243,-57.1171,-214.7956
-209.7674,-63.8662,-262.1936,-25.4203,-338.7602,-22.3705,-273.8777,-28.9936,-204.2314,-41.2607,-252.2428,-66.0130,-290.4293,-64.5493,-288.0802,0.9164,-192.8954,-14.4298,-214.4532
-171.2455,-23.0191,-258.1045,-17.3490,-318.8939,20.0448,-304.9811,-6.7686,-368.6507,-128.2702,-260.4707,-22.0126,-266.8174,-32.7812,-341.4696,-5.6855,-201.7309,-0.0410,-192.7959
-203.6483,-5.6002,-277.9708,-5.5078,-287.1576,26.6986,-320.2415,32.7742,-423.2048,-110.8061,-253.8693,-16.9402,-231.4873,-34.1762,-361.2264,-51.0952,-229.9240,-1.8174,-197.7041
-258.6122,-14.1290,-289.5655,25.0896,-272.6974,20.1206,-307.0148,45.4383,-378.4013,-76.0885,-252.0716,-42.1016,-202.8714,-56.5325,-341.5612,-103.4719,-242.3544,12.3209,-221.6343
-238.4709,-7.4047,-284.3137,33.4559,-275.5506,10.5148,-272.1700,44.1769,-326.2800,-67.3525,-236.5310,-50.4302,-199.4441,-46.6088,-305.4338,-123.4889,-253.8772,16.4846,-251.6124
-226.7484,29.5322,-264.2819,28.0108,-277.9832,15.3664,-248.2785,46.3751,-296.4526,-74.0320,-189.4492,-30.6467,-200.4356,-16.3687,-276.8474,-103.1666,-262.3868,-4.4160,-282.0142
-268.7379,57.7234,-238.1601,31.0193,-267.4570,32.2451,-242.3563,33.7884,-291.0632,-103.1116,-150.0103,7.9332,-183.4872,-16.2337,-278.5101,-69.1906,-244.1782,-11.5757,-295.9033
-242.7238,41.5129,-220.1994,7.5130,-243.7046,19.0833,-239.3797,-11.0692,-311.6422,-132.8120,-133.9638,35.5239,-168.2821,-46.4244,-286.0441,-66.4969,-209.6983,0.6402,-295.6130
-138.7658,-6.4452,-195.9164,-41.6327,-220.1050,-25.1478,-240.3448,-58.4012,-328.2279,-114.5523,-98.6615,17.9104,-174.3660,-78.8615,-254.9903,-96.8314,-181.7530,-9.2278,-292.5356
-78.8542,-26.8117,-148.0859,-51.5713,-199.6381,-44.8656,-240.7518,-69.8246,-330.2118,-85.0491,-44.5948,-5.9175,-180.8159,-99.6210,-221.8087,-116.0966,-162.0670,-41.6693,-271.8839
-61.8961,12.0526,-106.1712,-24.9118,-170.2662,-29.1418,-223.7500,-64.6883,-338.0611,-116.5668,-21.8390,13.4904,-166.1795,-101.1249,-244.3530,-112.8626,-154.7212,-56.7525,-237.1407
-31.3766,50.6724,-93.1423,-18.8584,-136.7658,-20.7803,-202.0353,-75.3571,-336.7099,-160.1846,-26.7831,25.0730,-141.5435,-88.4084,-266.0774,-106.1586,-158.2850,-49.0998,-221.2046
-23.1107,40.5434,-80.4210,-15.1077,-107.9988,-23.6910,-191.3566,-86.0262,-312.8668,-137.9739,-11.7755,-7.1136,-119.8773,-73.5536,-208.8717,-90.3056,-139.8694,-47.7258,-216.6618
-40.9520,31.1941,-52.3650,17.6070,-77.6758,-7.0421,-168.6648,-92.0927,-298.1638,-120.9370,29.6812,-14.7924,-92.7877,-52.2506,-127.5991,-71.0043,-77.5257,-58.5351,-191.6892
-29.1215,42.7298,-31.2755,24.2287,-57.7810,16.6675,-130.8940,-114.9792,-282.3221,-190.1041,68.8397,21.7254,-51.1859,-26.7129,-105.1903,-80.9577,-2.2288,-59.0767,-151.1151
2.2951,16.2484,-16.3143,-18.5287,-60.1864,9.3259,-114.9700,-118.2570,-216.6913,-253.1845,90.3092,36.9812,-4.6732,-12.0927,-109.7656,-100.5438,37.6127,-48.1442,-107.7544
21.4787,-29.5516,16.6646,-34.2788,-48.6702,-17.3837,-114.1233,-64.9560,-126.7958,-213.2239,99.2611,22.9802,32.7354,0.4667,-90.2211,-76.5769,34.4593,-49.1220,-66.4941
37.2208,-16.2202,63.5568,0.8715,2.1442,-22.0574,-83.0277,-21.8694,-68.5366,-130.6583,107.6702,6.6091,65.7010,13.3415,-67.5837,-27.7166,29.9177,-50.2831,-48.9382
40.7923,20.9278,103.5811,12.7496,56.1683,-11.2833,-23.3998,-35.7878,-31.5018,-76.3243,111.3665,-26.0550,99.4577,-7.2911,-46.4112,-5.9842,57.4447,-19.4309,-49.4622
39.0327,8.1702,125.1895,-20.9554,84.4046,-22.8470,34.2474,-37.2055,8.8039,-53.0307,94.8169,-51.2086,112.7367,-51.3880,6.9065,1.5277,96.2748,10.3392,-25.0537
80.6267,-9.3327,118.3089,-38.2041,91.7232,-47.7063,78.8186,-2.2039,51.3984,-81.6857,74.7613,-18.3148,96.4825,-55.8304,64.5896,23.3938,120.3802,-12.7745,18.2751
142.8344,26.9333,92.7470,-8.7131,78.0484,-41.9854,93.7537,1.1295,97.8056,-140.4998,83.8937,33.0086,86.8268,-22.3378,66.7371,38.9077,152.8423,-44.7959,41.7668
155.3201,67.3081,86.6716,30.8837,64.9196,-3.1294,73.8491,-17.8520,117.8832,-137.2223,112.8935,33.1361,103.7275,-9.1788,36.3764,35.4617,207.0226,-25.2927,66.2088
137.4409,47.0176,115.4155,33.3760,89.3521,22.9320,58.8219,3.0630,69.1467,-87.9801,137.2271,-1.6772,118.5903,-16.2454,31.6226,36.2085,234.3196,-4.1771,122.4311
137.7496,-22.6589,148.9375,-9.9261,127.6689,4.3252,76.2415,34.1546,4.7047,-88.2958,157.6489,-17.6915,124.8777,-6.2408,39.2469,44.7706,205.3176,-38.1887,187.7483
138.3054,-81.3604,156.4797,-53.4749,136.4706,-35.0325,115.3285,35.1737,11.7797,-94.7759,166.9161,-2.3492,146.6321,13.9693,31.4329,47.9872,169.1022,-76.8418,244.9891
131.4960,-80.5789,139.8218,-53.7538,134.1821,-48.5737,161.3939,40.9816,50.3244,-24.2718,163.1189,14.7085,166.5218,14.4373,35.4263,53.0512,174.1712,-74.9128,282.4028
152.7354,-39.2166,126.5786,-36.1859,143.5585,-39.2721,176.9558,54.8295,26.2618,52.9338,187.1804,10.6961,156.7196,-6.8942,52.3547,59.5726,205.8211,-73.3983,256.3282
200.5876,-13.9026,142.2617,-39.3522,151.1237,-49.0918,132.7701,37.3781,-40.1339,50.4152,233.8811,31.5846,143.1424,-9.8507,27.7956,49.0221,230.8756,-96.6995,179.2428
225.2040,-4.9748,170.0691,-40.5315,158.5946,-71.0871,92.6154,4.8721,-73.0874,-11.9238,216.0284,122.9754,141.8946,47.8585,-28.3373,34.8850,241.3233,-113.6507,140.5012
189.9565,8.7327,163.4372,-25.6327,160.7872,-71.4121,117.2652,-12.1073,-70.4878,-93.1304,127.4922,196.9783,122.6423,117.7899,-28.7482,52.6758,232.0086,-117.8304,159.7799
122.2786,-15.0421,124.1233,-46.0553,124.0407,-81.2884,141.1398,-18.8123,-60.7981,-130.1784,81.8089,149.4845,93.5940,97.2303,43.0423,90.3350,180.9810,-127.9145,171.5778
96.5769,-89.9356,104.4819,-111.9811,72.6624,-125.4557,111.6754,-3.4292,-34.4892,-70.4270,117.6468,50.6993,102.2936,6.0491,106.0537,94.8333,95.6041,-126.8450,157.6246
120.5358,-124.0966,119.7906,-138.3916,77.7420,-131.9954,91.9580,32.6113,0.8705,-10.8502,156.4047,7.6783,142.6344,-41.8206,117.1849,44.1066,39.3314,-83.7455,140.1316
112.6070,-70.2004,139.4398,-82.5215,130.9769,-65.9294,107.9755,39.8700,-2.9512,-52.1451,157.8028,-8.8679,173.2751,-40.0557,116.5710,-28.1252,43.2335,-10.3899,118.9641
55.3281,-12.8039,148.3581,-19.7929,167.9549,-11.9575,116.7650,23.5633,-44.4436,-98.5573,142.7809,-37.9152,189.3564,-52.1110,141.9992,-67.0760,51.0664,53.4716,113.1672
14.6043,-14.0107,148.5998,-11.9136,179.1847,-8.7827,129.0209,35.1721,-63.6923,-89.5848,119.2148,-49.8362,198.4529,-57.6346,178.1291,-55.3822,37.0168,86.9747,134.7831
1.6317,-27.0039,141.2858,-14.7069,185.6246,4.3658,149.1303,35.6462,-52.7599,-140.0448,102.0873,-52.3532,196.7135,-27.6623,189.9978,-47.7630,59.2521,86.6566,125.1553
8.1601,-13.1869,140.9992,16.6532,180.5955,34.7412,120.4908,-33.5255,-43.3647,-238.6076,114.5358,-64.2485,197.5336,-4.4743,177.3605,-102.8933,109.3930,49.4930,63.7346
73.2237,-1.6608,154.8215,42.7610,160.5784,36.5460,68.0911,-111.2174,6.3385,-229.8423,130.8544,-51.9439,209.2087,-4.6604,179.1202,-182.4197,100.3726,-1.7817,38.3974
158.2809,-9.1933,156.9369,25.4981,145.5922,20.1323,89.7236,-131.5990,148.8313,-137.9603,112.5293,-28.1735,203.4508,-13.2561,210.7837,-202.3221,54.0729,-21.9691,84.0622
162.2217,-17.3850,135.9390,-7.6724,145.8992,1.5080,177.3652,-130.2849,318.3535,-78.6956,69.7190,-57.2704,163.1911,-53.5556,236.5563,-164.6390,58.4041,-15.0034,117.7419
118.7404,-31.5268,118.0015,-33.2619,145.5826,-38.5042,245.3486,-127.7952,426.4593,-14.7157,27.2852,-124.3724,121.3303,-114.5878,235.3837,-133.5423,76.8758,-25.6934,107.5830
123.5835,-66.7882,115.7761,-62.4273,131.6304,-75.4237,264.6720,-99.0875,480.3441,75.5112,-0.1785,-161.0034,118.8634,-123.9598,234.2323,-124.0437,45.8164,-40.4817,110.1277
135.0832,-96.0572,119.8328,-88.2348,122.0705,-76.0940,247.5308,-74.6290,487.6107,102.7346,11.3878,-149.0363,151.9279,-72.8696,250.1525,-109.4535,16.5646,-20.8101,127.2066
95.0865,-99.6904,126.1529,-99.4360,131.3437,-82.0476,212.2248,-91.3777,415.6168,86.6494,67.1559,-107.8781,176.7546,-26.9927,270.8717,-76.9719,15.9195,-9.9331,114.7143
68.1348,-116.5233,125.0599,-117.0803,128.6559,-120.6565,180.0804,-109.9412,299.3570,109.9292,122.6713,-75.1375,166.5036,-22.5952,290.9184,-28.8773,-8.5332,-49.0552,92.1646
75.7748,-156.6272,109.5882,-140.2592,97.1648,-139.5958,140.1292,-100.7363,208.7078,114.6649,126.8423,-87.9601,144.2078,-50.9042,299.6826,2.5394,-31.3746,-71.7787,96.9732
36.7449,-155.0344,99.0950,-129.4643,85.5922,-112.4689,86.5099,-92.2079,141.3408,56.0412,81.4985,-107.0374,133.3071,-74.1356,267.3348,-27.3801,1.1689,-35.1866,102.5664
-26.9466,-94.8346,103.8055,-84.3591,119.5930,-76.8837,51.8679,-88.4780,76.5513,32.2303,45.4474,-61.5984,115.7377,-44.9149,190.9126,-85.1668,29.3952,-10.9485,74.8632
16.7495,-46.1705,107.3258,-39.6267,150.5510,-51.7597,22.3211,-70.2735,24.4269,60.4403,64.8502,14.9293,81.3935,11.9070,107.6386,-92.8833,14.9516,-31.0454,32.3489
160.8708,-32.8264,113.3191,-0.4305,148.2883,-29.8275,-41.0735,-60.1108,-23.7177,31.7323,102.8877,36.4931,54.8175,18.0711,44.9204,-65.9603,28.3195,-30.4345,2.0378
239.9097,-13.7240,131.9558,26.4440,130.4278,-17.4714,-90.6079,-81.4289,-61.1957,-45.7567,98.6901,7.2013,42.2236,-19.5937,1.4408,-63.7074,74.6831,-3.0734,-15.5617
193.5789,4.8660,132.3883,14.6932,99.6589,-17.0663,-83.9441,-106.6188,-44.2795,-73.0636,72.8998,-11.9022,28.6168,-29.8183,-30.0833,-65.4591,87.2972,-15.7294,-24.4489
136.6849,-7.6814,100.8914,-13.0098,55.1517,-16.9389,-81.1254,-107.8495,-4.9585,-76.2733,74.8989,-7.4152,19.8090,-14.7751,-57.6619,-55.9853,91.1752,-57.1147,-28.8027
139.7619,-19.4131,85.3127,-9.7774,21.3604,-9.4923,-111.8879,-97.2413,-30.7485,-120.8412,83.9292,-9.7710,22.9499,-23.0893,-91.0824,-86.0855,132.4206,-53.6157,-40.6723
148.1846,7.1179,108.0122,9.3601,13.4714,6.6801,-136.2012,-92.4805,-100.7623,-144.3451,65.0500,-33.6417,30.7967,-46.2113,-122.3041,-133.2636,162.3761,-14.7120,-62.8716
132.3948,44.9094,125.6092,14.8450,25.1701,20.7006,-154.4022,-93.5772,-127.6782,-97.0814,33.6774,-48.1850,45.0036,-41.2526,-119.2635,-113.5327,154.5004,-12.5200,-79.4016
120.9685,57.7727,108.7124,21.6852,37.2113,14.7215,-162.1365,-97.6346,-110.6605,-67.5970,5.8420,-21.3119,49.6871,-5.1473,-67.2064,-57.7223,148.5610,-45.4952,-73.2628
106.4813,50.7585,73.0498,27.2551,20.4205,-6.0554,-123.0297,-105.0255,-93.3279,-99.9622,-16.9074,9.3456,9.2771,10.7294,-8.9976,-49.2157,132.1458,-56.6875,-48.3234
78.9519,42.6813,32.1390,5.0731,-17.2129,-25.6123,-83.8255,-111.3708,-75.4625,-99.9028,-20.6538,-10.0150,-45.7328,-34.6251,4.3808,-63.9165,79.8956,-60.4206,-31.3302
63.3080,35.6918,-17.1880,-28.7280,-34.7597,-47.9353,-96.6014,-110.8054,-49.3976,-40.4394,-13.3794,-46.3963,-45.5507,-89.3451,-2.0734,-53.3179,39.3829,-108.3019,-42.9626
36.3138,13.6825,-74.8026,-54.7624,-48.6392,-72.0419,-96.6399,-105.4346,-19.8440,-25.4881,-25.7864,-45.6440,-19.8854,-74.0851,27.5034,-31.7660,24.7050,-160.6109,-61.8760
-34.7760,-33.5007,-129.0954,-92.0274,-95.6946,-81.7138,-61.6941,-94.4476,13.5135,-74.1477,-55.2004,-31.8402,-46.6164,-24.3980,67.6797,-0.0765,-20.6981,-150.8779,-46.0639
-89.4932,-84.9027,-155.4108,-128.6230,-125.3913,-85.4042,-60.8225,-67.0597,29.2939,-78.5387,-84.1948,-33.0825,-95.4712,-23.4480,49.3995,35.4033,-88.3863,-121.3209,-4.7531
-83.8508,-110.1736,-135.6706,-126.9341,-89.6261,-101.2380,-65.6750,-36.3416,5.1104,-14.8968,-113.9817,-21.6198,-101.5659,-48.0925,-18.1947,12.6883,-113.4685,-132.9533,4.4792
-76.7904,-104.1092,-95.3791,-108.1800,-52.7913,-114.3434,-26.3996,-45.3297,-20.6419,10.2864,-134.8246,6.4062,-99.8520,-43.2095,-61.1592,-63.4370,-100.3791,-150.0727,-31.8212
-97.5638,-78.9055,-93.6558,-109.8487,-81.7004,-113.5107,-31.0186,-96.5247,6.5486,-56.5189,-146.5631,22.3280,-134.4224,-32.9299,-42.2684,-97.8152,-85.4943,-147.6437,-68.8602
-114.4357,-50.7902,-155.5111,-113.8352,-151.6963,-121.2876,-106.0272,-135.0389,70.4304,-128.3075,-181.9677,35.7304,-169.4789,-39.0367,9.8856,-77.5684,-63.0994,-164.9768,-93.5045
-135.1797,-42.0660,-226.9704,-106.2111,-214.6279,-144.2538,-128.7327,-140.4863,103.2028,-102.3038,-227.7878,54.3873,-181.6875,-43.4386,41.7520,-70.1405,-53.8933,-180.9287,-135.6834
-169.2611,-67.5870,-236.7722,-111.0769,-245.7252,-159.6918,-86.5483,-145.8137,75.2515,-10.9773,-230.2889,37.9736,-193.9894,-62.0222,32.5949,-73.1919,-112.8219,-138.3033,-181.1595
-194.9689,-119.6449,-203.1609,-131.2008,-244.7141,-163.6708,-72.7969,-147.0852,38.4598,27.1658,-217.6770,-18.9623,-202.6692,-104.0588,15.2985,-50.8683,-216.5304,-79.7689,-176.5707
-231.5765,-167.5954,-201.0390,-148.4453,-238.4350,-166.4776,-64.3360,-109.3296,50.6170,2.1057,-256.1543,-59.7263,-197.4152,-120.2601,10.3511,-25.3604,-280.7242,-70.6336,-125.2548
-285.1768,-170.9327,-232.7720,-153.6505,-226.7915,-152.5226,-19.0530,-54.1174,73.4159,12.0665,-310.6846,-69.4646,-195.5746,-97.6193,-12.5363,-17.5317,-286.6738,-76.6908,-76.0779
-303.9558,-127.5280,-248.1391,-131.1588,-177.8901,-105.1432,1.3608,-26.9520,40.8172,66.6938,-313.9167,-90.5427,-185.4947,-87.9559,-55.4418,-12.8567,-277.3220,-51.9836,-36.6798
-309.2150,-97.0504,-253.1323,-90.0312,-119.1272,-56.0063,-11.8652,-14.6550,-6.5806,89.7936,-283.2973,-119.3031,-147.1452,-101.0725,-73.6734,-11.0600,-271.3971,-18.8764,10.0131
-358.8839,-121.1166,-272.5140,-84.8753,-107.7626,-54.1254,0.0732,12.6887,-2.7007,76.1941,-251.1146,-109.3845,-123.7379,-93.2891,-75.8507,-16.1838,-267.4934,-1.3754,44.4520
-381.6455,-159.3072,-280.4833,-118.9657,-127.0599,-87.1239,2.9098,38.7088,3.2526,52.4838,-211.1702,-79.2795,-143.5201,-55.3581,-115.0457,-17.4706,-272.1622,7.5920,38.9203
-305.0108,-159.0357,-262.5612,-122.1706,-135.4391,-91.3061,-58.3270,41.2176,-50.2253,4.9188,-181.3657,-96.2037,-151.0311,-26.7510,-175.2239,-17.8011,-267.8261,15.6581,5.1712
-208.9615,-128.2600,-237.0621,-84.4993,-129.9726,-54.4884,-121.6959,29.3298,-110.4821,-32.1075,-183.8741,-154.8456,-124.0194,-39.9518,-195.4612,-24.7096,-224.9447,24.5611,-26.2515
-162.8029,-100.4010,-196.4883,-67.9408,-106.1614,-32.5291,-114.3690,14.4107,-116.6517,-2.8131,-184.2481,-181.3843,-117.4029,-77.0758,-177.8288,-31.1668,-165.1403,26.3028,-36.5490
-133.5191,-86.7011,-145.9784,-78.0934,-74.0651,-43.8772,-70.6981,3.8311,-95.3957,54.2380,-149.8226,-150.2342,-133.7304,-91.0477,-165.6177,-29.7435,-134.1999,12.8169,-25.0885
-107.9446,-85.1990,-125.6959,-81.6792,-70.8769,-53.0473,-62.7958,18.8274,-89.2154,92.7633,-106.0624,-105.6447,-123.3660,-80.8470,-160.5493,-6.8872,-130.4914,-5.8333,-10.9002
-96.0386,-97.5907,-120.5636,-98.8751,-78.3846,-64.9800,-95.3501,65.6894,-98.7464,133.0245,-81.1971,-83.7980,-101.4952,-84.4171,-135.2061,41.1727,-132.6217,-32.0146,-4.6338
-90.2922,-116.7626,-92.3967,-139.8540,-56.4142,-105.7248,-106.0042,104.2774,-92.0207,163.7635,-68.1215,-80.6635,-102.0455,-89.5655,-90.9639,71.3813,-150.0614,-78.6989,8.2299
-104.8066,-113.6277,-84.2728,-149.1023,-45.8489,-132.6259,-67.3907,90.5786,-36.0319,161.6267,-61.9710,-78.6715,-99.3124,-62.3689,-51.8646,58.0483,-180.0288,-112.3409,21.7756
-116.5913,-76.4923,-127.0710,-108.6975,-79.0176,-99.2461,-31.1200,40.7441,39.5068,156.7161,-72.6830,-76.1076,-84.9235,-37.3661,-10.7391,51.4463,-176.5594,-97.1827,9.0741
-71.8174,-51.6776,-152.0689,-76.6545,-98.2184,-51.7692,-18.5978,13.3863,62.3326,133.2689,-93.3643,-95.5532,-85.6372,-55.4156,59.0060,74.4543,-117.5926,-71.8638,-7.9254
-31.0168,-69.8019,-123.8232,-75.2219,-75.8835,-44.9904,13.1176,33.3827,39.9814,51.7760,-99.9335,-141.0109,-74.7954,-82.0883,124.0766,69.9611,-40.1785,-74.5240,19.1431
-55.7627,-71.4772,-90.4477,-59.8199,-44.6239,-50.7161,54.4143,70.2800,43.3654,-11.8804,-87.2098,-165.0293,-22.1131,-82.3922,120.1626,22.3071,17.4964,-73.3530,74.9519
-44.7189,-11.0457,-59.8445,-13.3912,2.9023,-30.0511,62.4322,82.3930,74.4447,9.6891,-69.8782,-137.5180,21.8828,-74.4093,76.5923,-15.9925,54.0510,-41.8981,110.5340
33.9785,53.6822,-7.0200,27.0259,78.7215,3.7835,71.0904,47.5146,96.3620,47.4221,-43.5972,-95.4458,25.7813,-66.9425,78.1467,-30.6723,88.0804,2.8194,123.9334
54.2675,74.3964,49.4384,40.4363,143.9337,33.2350,104.1651,-24.1115,124.0555,58.4369,4.4425,-66.4694,37.7672,-48.4935,114.0434,-41.8710,138.8134,42.4066,131.8062
53.0908,85.7850,104.2176,52.7704,178.3192,61.7163,98.5261,-80.6905,162.7756,61.2458,52.2093,-34.4677,67.6189,-29.3928,114.8669,-48.1323,207.8742,61.9789,133.6201
174.6379,112.6314,176.9834,89.1934,192.4393,87.5648,46.0966,-79.9513,172.2583,5.5494,80.7503,-7.9323,71.2461,-22.0572,81.7513,-58.7254,270.1839,64.0563,137.0962
312.2532,136.2816,241.0407,127.1905,182.2244,100.4330,21.9477,-52.3518,145.6452,-111.3728,119.8254,-3.9105,62.7813,-15.1097,50.5027,-86.0547,301.1929,72.1992,140.8167
302.0211,142.9344,266.6480,124.2388,160.5003,89.7202,34.4216,-45.7183,112.5204,-161.5606,177.9644,18.6300,86.0069,5.3927,26.0499,-95.0509,307.0037,64.3403,128.6237
245.0124,126.2776,270.6207,87.9375,158.9509,57.2908,51.4990,-43.3763,89.3329,-108.0477,200.0463,91.3307,122.4801,38.0821,18.6139,-61.7592,310.5357,7.8735,129.6609
256.6196,105.9088,257.1842,73.5832,179.8804,38.9594,99.8710,-18.9520,89.4064,-53.1598,163.9187,160.9855,138.3597,64.5532,33.6095,-29.5131,322.3542,-32.3809,181.0602
269.2505,125.1731,227.2978,99.8161,213.9610,70.6846,174.1024,2.7076,106.7154,-37.4321,127.0312,167.5810,142.2318,65.6663,40.6248,-31.8386,335.6184,7.6874,231.5155
253.4338,160.1253,224.2924,123.6521,245.3775,122.3114,201.4262,11.9757,104.2464,-29.4452,133.2336,125.3676,145.6662,50.4050,32.5298,-46.9450,337.7393,64.0283,217.3777
252.2504,149.6583,249.9602,117.2905,236.1535,131.0786,183.8578,37.4674,91.1196,-18.4504,159.8213,92.0648,145.1188,42.1477,35.7087,-57.7959,329.4160,73.3712,181.8925
242.1957,126.1485,238.9480,102.6355,192.4435,96.5810,190.4152,64.2002,110.7171,-3.6321,171.0289,105.8032,140.4050,44.5935,46.5380,-61.4185,327.3205,61.2692,185.2539
214.9825,136.1374,188.7147,92.2869,161.4427,69.5179,201.5563,48.7656,131.6304,-7.7765,169.3937,142.4012,125.7389,54.2117,54.8052,-30.7766,335.6087,28.9472,191.9128
214.8423,129.3950,163.4740,72.8585,133.5195,66.7928,154.5462,12.7795,107.9473,-41.6014,186.9962,144.2583,102.4157,72.6725,74.1447,42.6603,334.1673,-27.9084,153.6010
227.8512,93.9420,170.2026,56.9351,93.6200,67.1550,95.9818,8.1373,86.0501,-34.2680,222.0135,119.2473,95.8711,90.3473,89.7539,100.0350,306.5530,-39.4081,95.4564
227.8295,97.2654,170.6432,68.2484,87.7222,63.1003,103.4277,28.8265,103.9413,29.6566,215.5724,127.3634,108.0456,99.4158,83.5663,88.8781,257.7598,1.0039,61.7370
223.6331,115.2897,154.9625,80.0458,102.2005,58.0647,133.2936,41.2688,128.6020,58.2774,154.0225,151.5173,101.6387,105.5804,95.8315,48.9519,201.2903,-9.1706,58.4059
167.4271,78.6787,123.9087,56.2266,65.8674,41.3447,116.3955,42.1905,161.3054,76.3304,118.1681,127.7703,72.5176,103.5507,140.2921,46.3637,150.0694,-76.8089,61.2432
35.6724,34.4656,80.4380,23.3960,18.1074,10.3161,98.0011,39.6856,207.7518,165.9053,147.0093,84.8675,61.8434,84.7563,153.9342,69.8006,111.1042,-100.5644,45.2585
-50.5542,25.3442,48.8312,9.6131,27.6025,-17.0148,119.1093,29.8318,190.5901,204.0889,176.9792,79.7817,73.0543,54.7993,121.8028,82.2371,69.1564,-68.3024,13.6164
-14.7402,-14.6237,35.6347,-22.3647,30.2888,-38.0828,108.9356,7.4747,97.0009,87.1242,172.6116,73.6690,61.9986,13.3031,106.1259,103.2117,5.6160,-43.4814,-7.6452
37.6382,-93.5920,13.9685,-86.6410,-20.4448,-66.4011,50.8033,-21.2546,56.7344,-12.6625,154.7686,35.2188,20.7535,-26.2103,122.2683,136.9587,-55.7191,-37.6189,-8.9825
19.9692,-124.0251,-23.9852,-118.5406,-45.1478,-88.7400,43.9971,-36.3931,113.1010,16.6208,105.6545,25.6997,-10.4280,-20.3207,131.7885,122.2514,-77.2650,-38.7487,-6.6315
-19.5294,-90.3934,-62.4722,-89.2281,-20.8029,-83.5181,88.2626,-28.7429,149.8365,35.6506,21.9308,57.8323,-17.3035,18.9203,124.3403,49.1018,-80.6077,-42.5132,-15.3858
-38.7547,-59.1537,-94.7107,-57.5854,-20.4246,-68.1869,76.5577,-19.3027,121.5377,-7.9000,-18.2230,54.7681,-26.5153,16.1727,103.4787,-5.6740,-118.7674,-21.3023,-30.8420
-61.3873,-66.2555,-111.6281,-57.4496,-50.4481,-62.0631,28.3811,-15.8401,100.1065,-9.9965,7.6598,14.6330,-49.5417,-25.0735,67.2216,-14.7038,-183.3104,25.7715,-31.4933
-92.7085,-90.3937,-105.8058,-56.9974,-63.6877,-47.2910,33.1411,6.7601,98.5273,31.5735,5.6158,11.2329,-69.9376,-29.0573,39.9763,-23.7938,-217.2870,52.1453,-12.2159
-107.0210,-81.6322,-95.9409,-41.5005,-64.9051,-23.3793,40.1481,39.8060,64.8917,45.9236,-60.6114,29.8189,-78.0494,-5.6955,33.5188,-39.8904,-208.0101,55.3992,-12.2655
-109.4911,-32.8117,-99.6956,-26.5158,-80.0581,-17.6523,-21.1303,41.9141,-1.7484,19.3891,-110.8708,3.9588,-77.1001,-12.1526,3.8661,-34.7090,-192.8423,80.1606,-54.4238
-131.0513,-12.9719,-108.5601,-12.9546,-109.2503,-12.5798,-80.8178,28.2435,-62.7754,-41.5446,-109.0542,-37.9986,-76.4263,-18.1321,-73.0010,-19.5290,-192.5612,122.0236,-91.7697
-156.2292,-36.8003,-112.4380,2.4018,-131.8528,27.8610,-85.6903,41.0489,-106.3715,-84.9352,-111.4773,-35.5038,-93.4673,13.1692,-156.1516,-23.4115,-192.7422,141.1888,-88.7293
-135.1302,-16.2875,-107.8904,22.6536,-115.0774,74.9810,-97.1659,55.9732,-152.3167,-37.1201,-146.6456,-14.2520,-121.5227,27.6076,-221.4805,-48.0186,-176.2867,145.5374,-78.4569
-99.0472,55.1798,-91.6403,62.6796,-66.4946,88.1427,-141.4482,40.4747,-219.6420,37.0809,-186.0268,-22.8881,-122.7727,-10.7600,-287.2016,-70.8512,-156.7618,166.6857,-84.6167
-136.0179,74.5141,-84.5545,101.5514,-48.0074,83.1416,-170.3278,28.8420,-281.9975,26.6181,-218.9790,-53.7180,-105.9565,-50.6707,-336.0993,-63.2741,-170.1600,185.0589,-90.8495
-218.5847,27.1316,-117.5230,80.8206,-81.6233,68.9797,-172.8567,40.9616,-285.8086,-12.2807,-255.1904,-80.4157,-133.0838,-56.5332,-328.2855,-30.5605,-216.4146,157.7559,-104.6073
-244.3255,-14.8032,-169.3883,9.8926,-130.9811,28.6321,-183.2177,38.5400,-243.4251,4.1688,-282.6606,-85.5746,-202.6014,-58.7400,-291.3279,-20.0311,-248.0631,102.6093,-144.6175
-231.2827,-38.1482,-191.6200,-28.7139,-178.4809,-9.1361,-212.5326,9.3857,-221.8294,9.6581,-292.8650,-62.8357,-244.8676,-79.9281,-277.4267,-46.6419,-248.3702,74.5900,-189.3861
-257.1317,-53.3498,-189.5922,-14.7590,-215.0741,-8.5353,-237.8289,-21.8934,-227.7542,-43.0540,-307.7436,-43.0468,-251.0039,-94.8515,-266.6209,-70.2079,-251.2475,67.3681,-216.9758
-289.6778,-43.1391,-196.4818,-6.7429,-216.4760,-4.5879,-241.9726,-50.9028,-219.6873,-66.6497,-331.8433,-53.9752,-265.0372,-78.9739,-238.8133,-70.0077,-260.9033,33.7808,-238.2781
-268.2460,-25.6189,-204.4832,-21.4074,-194.2721,-30.7849,-244.1655,-72.2242,-206.6149,-15.4666,-331.1481,-61.0553,-277.2987,-52.0254,-252.9119,-61.5090,-250.4121,-13.5117,-261.2686
-225.3501,-24.6920,-197.7764,-22.3459,-180.5005,-53.6341,-260.9058,-69.9856,-220.9953,23.7962,-297.3152,-36.1379,-265.1924,-39.9845,-319.0294,-55.4720,-232.8875,-33.1366,-283.3877
-207.0321,-13.7883,-195.5671,-6.0012,-175.4785,-47.0090,-261.5356,-62.7377,-241.5232,-10.0516,-264.7771,-17.5580,-265.6616,-28.8914,-330.5384,-57.6388,-231.0322,-42.1492,-297.7967
-201.3059,8.0307,-207.8690,-0.8263,-185.6491,-32.1701,-232.7593,-65.6982,-226.8597,-38.4196,-248.4478,-29.7458,-299.1033,-15.3103,-248.4504,-59.4649,-230.9417,-65.5861,-280.7713
-189.8533,1.8604,-218.3665,-13.6870,-229.4876,-29.8485,-218.7974,-45.4845,-178.2913,18.4634,-241.1041,-48.6106,-321.1381,-37.4576,-178.4933,-34.3710,-231.5475,-74.2860,-225.8368
-188.6668,-17.7642,-228.9754,-29.7081,-277.9508,-43.9170,-227.6566,-0.9456,-126.0158,77.7831,-253.3745,-67.8619,-308.2287,-86.6363,-179.8795,1.0521,-241.1392,-51.0602,-175.7774
-230.8485,-12.0226,-246.7929,-35.9511,-294.1682,-62.6257,-218.6328,6.0581,-89.0252,37.1299,-282.7373,-89.7876,-291.8130,-98.5105,-191.3466,-3.0815,-227.7455,-31.8277,-169.8193
-300.3681,-0.1117,-258.3969,-34.8902,-294.2375,-60.4304,-194.8402,-33.8075,-62.5518,-16.1651,-290.3886,-93.0652,-288.1012,-73.5642,-174.1668,-30.3908,-191.1145,-42.4335,-195.9166
-309.6992,-11.7194,-272.4341,-45.2979,-293.2419,-44.0218,-167.8274,-52.1394,-33.1745,36.0239,-260.1197,-87.0264,-272.2966,-63.0590,-148.4242,-24.0057,-205.8396,-64.9133,-216.7091
-236.1224,-35.6300,-307.4283,-70.7263,-279.5958,-50.6862,-112.8040,-23.1660,2.3838,131.2459,-218.2892,-104.9899,-230.7557,-60.2409,-116.1896,9.8880,-278.4591,-76.7295,-203.7012
-182.8405,-58.2220,-328.4854,-85.3973,-260.7894,-76.2938,-61.3570,6.2867,39.6155,180.3944,-182.6830,-128.4691,-190.2591,-47.3962,-77.8500,32.1291,-297.8648,-88.4518,-160.7920
-192.0263,-80.7982,-303.5768,-83.8285,-247.8519,-91.3849,-77.4124,7.0840,64.9946,195.3784,-154.4438,-124.8115,-174.4874,-50.1761,-62.9683,33.1696,-218.1261,-125.8821,-129.9691
-184.3107,-102.4261,-273.9340,-95.4861,-233.6604,-104.5173,-119.4943,-3.1659,54.0838,156.5365,-136.4646,-109.7643,-157.8065,-52.3758,-81.7947,10.1257,-133.3503,-167.4544,-132.3575
-153.8869,-123.1025,-264.5360,-123.3631,-223.1986,-120.6229,-109.9871,-11.0527,8.7393,39.9951,-118.3198,-100.0800,-108.6613,-16.8690,-106.1397,-25.4996,-123.1543,-151.9511,-135.8815
-174.7456,-142.9056,-231.7861,-135.9196,-212.8191,-113.0028,-72.6365,-23.5676,-32.5810,-47.2669,-90.3414,-94.5048,-51.9973,4.9283,-108.8037,-31.5773,-160.8688,-82.0767,-124.4429
-216.1411,-155.9288,-171.8930,-125.4375,-165.7292,-89.2395,-53.4197,-34.4614,-54.6173,-14.6093,-75.4931,-108.7775,-20.7524,-34.4144,-91.8454,0.7401,-187.2187,-27.4532,-120.7340
-201.4228,-157.1673,-131.7921,-107.3233,-82.1329,-82.2743,-35.5088,-24.8022,-73.4454,55.6294,-90.5497,-138.4739,2.3841,-67.2514,-83.7815,31.9444,-184.7807,-8.7085,-123.1958
-166.9653,-141.4714,-102.3275,-83.8628,-22.3560,-81.4107,-8.1309,-11.9876,-77.2591,46.6870,-102.9878,-140.2908,27.5102,-42.8722,-96.1713,39.1093,-167.3621,4.3425,-113.4494
-167.4830,-105.3488,-51.5640,-56.0230,-11.0038,-62.5866,11.7546,-36.0594,-49.0076,-42.1011,-84.5367,-102.7973,28.0190,-13.5680,-95.9546,23.4812,-135.5441,16.3170,-103.7613
-156.9815,-61.4206,-1.2902,-29.2239,-5.6016,-31.3603,20.2241,-74.4066,-26.5586,-114.1618,-67.8641,-58.6183,10.3232,-7.3664,-71.6695,-2.2556,-77.6095,33.3241,-100.2081
-81.9743,-31.3379,35.6492,1.9123,23.8062,4.3341,12.0588,-63.8230,-49.2341,-88.0243,-81.9220,-36.9890,10.3533,6.8401,-69.2034,-4.8311,-11.0164,73.0358,-80.1788
21.7670,-25.6871,82.5346,26.2012,58.2036,27.7641,-18.4135,-22.4379,-95.7389,-30.5158,-70.9550,-60.0574,19.4972,19.8905,-95.1968,11.2385,27.8087,98.2289,-54.2730
81.3518,-36.4660,127.1524,14.9899,70.2952,12.7689,-53.1434,-23.7745,-132.6552,-77.3505,25.7772,-118.6039,10.4331,2.0736,-82.9014,-15.3272,40.4510,67.8062,-61.4753
88.7928,-37.8730,140.8080,-10.8398,60.7950,-11.3144,-75.3234,-61.8202,-153.1364,-182.3324,146.8622,-150.3399,0.5109,-22.9491,-12.2665,-81.7424,59.4399,27.1453,-89.2307
107.1416,-13.8420,141.3765,0.7554,53.2958,10.2423,-85.5540,-78.1999,-153.4079,-189.1748,188.3022,-125.0724,14.0385,-21.1104,43.4960,-102.6420,94.9036,25.3651,-89.3717
157.2726,12.0752,151.4301,33.4884,64.7486,52.4637,-83.9173,-69.3604,-132.9258,-118.1472,167.7982,-87.2954,33.6671,2.1555,29.7814,-59.7352,129.1385,31.7051,-54.6256
183.4935,11.8775,160.2844,33.1182,87.7443,56.7156,-70.6995,-53.4299,-105.4409,-84.7507,161.4974,-67.2665,36.7400,32.2605,-17.0853,-18.0151,139.1976,11.6198,-12.2089
175.1868,-3.1490,158.1460,12.9884,98.1909,34.4004,-46.2853,-23.7295,-84.2158,-81.9863,162.0051,-57.0392,37.9921,65.0451,-32.8408,-3.6981,121.8812,-20.7583,19.9183
177.0299,-12.8246,144.3497,14.8080,80.6825,22.4203,-9.6316,3.7139,-71.8680,-80.9748,150.2591,-60.2601,66.5838,90.5572,-3.5582,0.2800,108.2507,-40.4436,33.1629
169.9305,-20.6248,126.9315,21.7571,55.1173,18.6283,22.5487,4.4652,-57.8540,-103.2310,167.3581,-66.7279,115.1972,92.0341,41.8374,-1.3678,113.8784,-33.6686,28.8584
133.8820,-33.0073,128.9534,5.8520,57.3672,14.1391,33.1873,1.6246,-31.8465,-93.7536,206.0894,-48.9944,144.1414,67.5942,75.0260,1.2334,112.2410,-16.7268,33.5381
139.4803,-45.6977,145.4207,-11.5779,81.8254,10.1872,34.3673,15.5286,-13.9941,-2.6757,209.9828,-21.1520,142.2639,43.9557,73.4489,14.3967,109.5689,-24.6498,68.7370
184.0266,-45.5599,142.8953,-4.5746,93.0208,7.8800,39.8190,19.7017,-16.9486,58.5936,195.8439,2.8244,135.1003,48.4006,36.9905,6.5017,144.6582,-40.8700,112.1427
155.8287,-16.4337,130.9255,18.3288,97.5067,16.0062,58.4689,-1.0149,18.7226,-2.2704,198.4993,56.1145,133.5731,70.1331,26.7139,-40.7801,188.9018,-26.4550,132.5308
90.5835,24.2685,142.9359,32.4237,128.0589,23.6298,104.8737,-28.7708,139.1512,-71.3568,187.5076,126.5223,137.2805,79.6213,92.4193,-82.3876,190.9622,-19.0746,136.5646
138.5555,28.0711,162.0730,17.1206,173.6595,-1.2845,150.9335,-46.4647,267.9079,-16.0017,170.2182,145.4831,159.1426,69.4276,171.2696,-63.3685,185.0813,-60.5822,147.9610
254.6004,-4.1700,162.4567,-18.8446,203.6414,-36.4015,155.8854,-38.0563,315.1978,103.3678,203.1433,120.6101,191.6176,49.6554,191.7446,10.8991,210.3967,-89.2900,176.8245
284.3079,-13.4727,169.5591,-31.9533,220.3873,-22.2551,157.0299,-5.2581,300.9902,139.5545,262.6065,120.6165,210.9268,40.4435,191.0919,74.7929,236.8922,-48.7857,220.0201
267.1062,20.7135,214.3849,1.6336,243.1400,30.2688,183.7772,14.5016,260.5386,63.1991,296.1450,145.8363,230.7006,69.9169,192.7060,73.2888,260.7570,14.6063,254.5523
316.1957,61.1008,290.2902,54.9608,283.5562,67.6816,178.1724,9.5234,181.3365,-28.1346,321.5909,159.3653,266.3463,127.7439,152.4307,35.2869,300.2080,53.3370,250.2961
374.1772,88.7306,356.2047,94.8296,326.7360,85.4600,147.0627,11.5021,107.9985,-52.2689,333.7674,174.9758,287.5464,157.9224,119.4938,30.8401,311.7365,70.1439,218.9124
351.1767,116.9492,352.1242,113.6449,324.4552,93.2781,179.7293,14.9050,129.2811,-19.1007,289.1199,206.5845,282.1640,144.8927,193.1679,61.8183,283.8374,58.3783,195.0412
294.3532,146.4188,277.0768,119.3934,268.1429,85.4113,244.1877,-9.8394,222.3316,13.5220,226.8265,218.5390,276.3113,134.8714,313.5065,75.3468,285.1293,26.9971,170.3149
262.9232,166.0385,219.7837,128.2308,224.8524,89.3454,247.7990,-32.1978,274.7356,0.8862,207.8754,190.2537,266.5614,144.4703,359.7972,55.4870,312.2100,29.0688,135.1236
232.3814,176.2045,225.2794,143.4921,224.0637,124.3983,230.9255,-15.1033,254.7904,-44.8054,203.4122,159.3432,242.9766,137.5816,350.5708,19.7683,294.6166,77.7191,130.8887
191.2569,177.4563,233.7982,144.6564,216.7171,145.1560,239.2360,7.5120,224.1457,-59.9053,190.3219,164.6951,235.6951,104.6758,337.6044,-16.2956,258.2833,122.5880,164.9411
183.7832,163.9784,211.5925,133.4060,194.9848,131.4587,221.4794,4.8660,214.1965,-27.9981,202.6331,184.4847,251.3871,84.0122,294.4941,-21.6601,267.0874,135.4494,181.8483
226.2340,148.0760,194.5734,141.6441,193.0764,130.1106,197.9170,5.7429,198.5132,-3.0959,227.3490,167.8365,253.6115,94.0638,225.5544,22.2648,288.8198,132.5314,177.1225
268.8959,151.8318,188.7413,162.1782,184.7445,146.9376,229.2164,30.0694,168.4462,16.3608,221.1524,119.6556,234.2445,101.2459,187.0820,74.9137,279.5471,132.3930,193.7629
263.8632,158.0220,172.7493,155.2136,147.3040,141.7328,246.4118,59.9387,151.1569,77.0646,197.7383,94.9670,207.8383,76.9331,186.3826,95.8839,253.2499,145.8479,210.4543
223.9593,131.6586,162.4509,132.1400,132.0843,129.5408,191.1960,84.6256,148.2349,127.9277,177.5188,108.7917,173.9095,51.3823,187.6336,102.1404,209.4658,165.0031,185.7073
181.6750,94.8270,169.1812,131.0552,145.5220,139.3469,141.3096,111.9962,128.4647,105.2104,149.4541,126.1821,144.1102,62.6890,169.1589,115.6268,142.6550,152.2811,143.8339
124.9616,84.1392,165.1107,129.4863,115.6901,129.2388,127.5195,149.1967,91.8044,83.2994,121.7809,125.7913,126.6801,81.9115,139.5143,133.4185,85.8282,90.1133,106.0304
40.9720,68.6548,132.2900,89.0648,37.6834,70.9202,91.0322,181.5368,66.6358,124.1834,104.7213,107.7355,94.6393,66.7703,128.2347,155.1591,53.7201,28.1238,57.7205
-13.2482,33.5573,83.1470,50.0564,-14.1564,30.0316,45.1810,169.8380,45.7563,139.8762,76.1378,81.5970,46.5464,48.2142,124.4781,159.6232,26.9607,31.3329,14.4844
14.0530,44.1410,43.7929,75.2825,-13.5374,63.8510,33.3927,113.9423,8.4580,71.5536,28.4984,79.0250,21.1227,72.0289,78.0072,108.5908,0.7310,86.0454,-8.1046
66.5945,104.2666,34.9336,132.9580,10.9021,126.0277,26.3162,83.8826,-19.6276,13.8714,-13.6568,114.7830,18.7654,111.7758,14.5383,37.0837,-24.3188,108.0338,-30.2204
59.2579,122.3483,39.9305,136.4534,38.9928,139.5473,3.3647,111.5768,-17.8669,59.7440,-39.1367,147.8893,9.1178,117.6339,2.5087,29.4014,-50.0025,65.7071,-39.0360
3.8114,91.1476,21.4880,83.2669,50.3088,101.6401,-11.7523,132.8574,-23.7588,155.9178,-66.7284,144.6647,-11.4213,90.6641,9.2868,73.8756,-64.4604,29.3703,-11.0978
-42.5970,81.6542,-21.0075,48.3312,24.5712,67.8297,-15.4459,112.3625,-56.4190,171.8055,-118.6184,125.4276,-37.6007,65.1308,-16.3368,88.7904,-84.8062,48.8055,4.4983
-85.6089,74.9294,-65.2308,45.3582,-24.9452,62.1450,-16.9109,101.6972,-77.1121,86.2812,-176.4114,107.2475,-61.0418,62.0255,-32.6908,77.9645,-150.8271,73.0881,-31.6602
-150.2085,26.8830,-108.3984,23.7074,-68.9183,54.5924,-24.6824,119.9489,-75.8634,31.3259,-185.5766,78.6199,-60.1246,69.1508,-30.4253,95.1434,-226.3990,57.3595,-71.9488
-201.9039,-7.1290,-142.7601,-4.4094,-98.8002,30.4271,-56.4222,118.8631,-91.7263,75.4226,-145.1704,43.6744,-53.6853,58.8943,-56.3972,116.2611,-232.4156,35.1606,-92.5229
-209.7404,14.7199,-151.7330,13.7122,-124.8356,21.0609,-104.0552,89.4150,-129.6454,114.1018,-116.5343,22.9289,-85.6629,36.9386,-76.3794,106.3948,-185.3915,28.7937,-132.3636
-211.4517,43.5916,-156.7877,48.7867,-156.0767,40.6765,-146.8905,73.0400,-156.7889,92.4625,-109.0866,21.6862,-129.6204,37.1611,-53.6567,114.3485,-168.2775,14.9162,-183.6005
-233.9164,48.7962,-190.2964,43.2143,-187.6216,56.3598,-190.4330,75.6948,-170.2307,95.7816,-94.3641,36.4005,-136.0629,58.5757,-52.5107,172.2585,-194.7841,1.5091,-206.2625
-233.4650,52.0811,-235.6430,23.7223,-208.1197,49.5969,-218.2646,70.4475,-190.2832,138.3099,-102.2343,65.9528,-135.2633,69.3260,-90.2966,219.7323,-207.8218,17.5097,-220.2852
-183.8329,71.9724,-254.5291,32.5609,-221.2514,42.5331,-208.4557,55.2750,-224.2277,139.0305,-141.9458,98.4551,-169.0085,58.5574,-112.6229,208.2140,-181.5762,45.3827,-258.1377
-136.6930,109.1032,-238.1795,46.9670,-242.5826,46.1451,-222.5502,45.4549,-280.5555,96.5434,-149.7709,109.4983,-211.6388,33.0024,-150.9856,169.7246,-159.6398,55.0194,-297.8987
-141.8171,125.0724,-212.9844,42.8934,-275.6505,43.5019,-307.8565,46.2217,-358.1980,69.0973,-131.5406,85.3546,-233.0428,8.4340,-247.1853,154.3240,-184.5051,46.4454,-309.0753
-191.4222,76.4499,-216.8328,25.5744,-311.9468,26.2047,-379.2639,59.7901,-413.8928,79.6074,-158.0386,42.5804,-242.4951,12.0344,-331.2774,171.6310,-228.3213,15.8983,-295.8736
-263.1141,14.2812,-251.6062,-6.6365,-342.5559,1.7025,-366.8051,86.0911,-408.9243,127.0455,-204.4266,14.9577,-259.0398,34.6577,-358.0252,185.5718,-249.3446,-33.4160,-273.7838
-335.3583,12.8969,-276.1206,-35.8385,-355.3486,-22.2550,-325.7727,118.4410,-368.9013,175.4914,-219.3090,16.0792,-291.1563,32.0832,-361.4874,159.3610,-274.4261,-56.8284,-245.8422
-369.5688,30.8329,-276.9692,-26.5190,-342.1427,-34.6869,-299.3298,156.5454,-340.0529,181.5098,-243.6248,27.8157,-314.2821,13.4262,-338.2986,116.5133,-327.2941,-40.2170,-213.3945
-341.1574,12.4400,-283.9171,2.4899,-313.8152,-27.1331,-262.1549,191.9789,-326.2303,163.8814,-278.3270,25.8298,-289.2252,24.5768,-288.9662,91.4490,-349.2999,-41.5892,-199.8273
-273.8226,-1.2408,-292.3702,6.9238,-291.6720,-11.1216,-218.0160,181.0843,-312.1797,124.5583,-244.4897,0.5743,-236.8095,44.2043,-276.3591,44.9486,-304.0062,-76.9153,-229.7226
-216.0541,10.8161,-267.1169,-1.6315,-281.7474,-4.8749,-196.6428,97.8907,-300.3000,20.5353,-161.4837,-37.1991,-209.0939,22.0167,-312.1155,-45.4316,-248.0054,-76.7910,-270.9230
-194.6927,12.1876,-219.1099,2.7365,-262.6626,-9.1558,-191.7793,-0.3976,-295.6357,-94.5381,-123.9622,-65.6287,-195.6062,-21.9681,-341.1214,-97.0142,-220.6734,-19.1446,-265.2832
-190.4393,10.7240,-181.2389,5.7615,-211.2103,-14.5916,-179.3676,-46.9378,-287.0425,-139.4773,-130.2984,-75.4370,-167.0357,-41.7208,-335.6824,-68.9767,-196.6446,28.2946,-221.3791
-163.7700,18.0565,-151.9409,-3.3062,-137.3618,-15.6220,-147.9317,-65.1202,-251.3860,-162.8038,-123.5834,-72.3028,-134.0348,-43.0575,-278.2018,-47.8395,-158.9905,26.3565,-188.0406
-117.6869,0.3999,-124.1303,-13.5230,-67.2582,-12.3752,-111.2243,-101.9193,-181.8497,-185.5635,-93.2897,-67.4834,-87.5578,-60.1469,-167.8152,-79.1431,-103.6089,2.0805,-170.0257
-87.5758,-27.0852,-99.1714,-20.2058,-4.6699,-14.9478,-99.2869,-135.9088,-114.5669,-142.7395,-51.7534,-90.1377,-15.6153,-104.3446,-76.3671,-110.6770,-21.0505,-16.4957,-141.4953
-60.5875,-22.0267,-63.0891,-21.2131,56.7377,-33.1779,-94.0431,-142.3995,-79.6572,-110.8580,-30.2385,-160.1370,24.6930,-149.2382,-47.4237,-133.8238,55.4219,-15.3476,-78.2889
-10.2375,-25.8459,-14.9510,-29.9899,107.3464,-59.9138,-35.1260,-152.2312,-42.8985,-198.9104,-60.5516,-231.3887,2.1017,-167.2473,-27.8262,-181.1638,70.2129,-0.7062,34.5075
12.3800,-87.5225,16.0925,-83.8055,133.7620,-92.0149,68.8038,-181.4055,24.3630,-293.5569,-90.6073,-250.1266,-14.2838,-184.3802,4.3214,-235.2911,31.8531,-20.5645,157.6917
-30.4270,-172.4954,23.1466,-175.2408,129.9643,-146.0512,140.0451,-209.3799,78.7754,-304.7074,-49.6233,-255.6283,6.9467,-238.1867,13.8661,-283.8117,-4.7979,-98.9449,219.7381
-59.4533,-243.0062,32.8795,-240.6910,102.6335,-217.1206,150.0745,-242.5844,102.6140,-350.5659,17.7361,-308.6227,9.0793,-298.4657,8.9423,-345.5013,-10.4626,-184.3468,223.8820
-17.5820,-298.5367,56.6753,-265.6922,89.1386,-273.6509,141.4725,-294.5156,158.2025,-435.9968,43.2221,-379.6672,-4.8326,-326.4771,11.3792,-390.7978,12.2321,-241.6274,223.0627
29.7538,-338.6327,87.7479,-304.2225,123.6910,-322.5849,157.0954,-332.9881,269.0164,-404.6645,59.0616,-418.9463,36.1144,-348.1859,25.6962,-384.7762,35.0501,-303.5134,213.3752
46.5886,-380.7452,123.5824,-377.1051,181.9209,-394.8358,201.3713,-330.6877,388.0835,-276.0593,106.5494,-438.8278,127.1802,-381.4338,93.3444,-369.8753,24.4648,-377.5694,186.8964
77.9368,-437.7642,162.9750,-443.7075,228.1888,-458.5259,250.0777,-314.9659,491.2451,-194.3011,169.2334,-460.2362,203.1176,-404.5957,221.7176,-384.8554,4.5938,-416.3968,192.1583
115.2746,-466.5674,217.5006,-463.6415,280.9369,-457.3843,291.0308,-323.8650,554.5446,-178.6850,241.0929,-482.2403,257.0084,-427.5946,325.4094,-405.7664,39.2030,-396.8752,231.0341
142.0618,-438.9848,303.9034,-437.1017,359.2009,-414.2086,338.0376,-362.7140,526.3582,-211.6781,318.6326,-504.1633,322.4966,-460.9771,372.6520,-420.5740,125.7544,-344.3626,241.4533
228.5384,-396.2008,394.2468,-403.9712,429.9312,-387.0692,385.2658,-405.9493,438.1404,-312.9796,363.5086,-502.0971,390.4444,-464.2190,422.0907,-433.9527,199.8202,-305.2327,230.1202
368.6837,-368.5896,435.7152,-395.3674,463.5771,-377.9464,415.5861,-414.7987,393.5479,-416.7902,371.2487,-447.3152,429.0469,-426.0459,466.1032,-415.5683,250.4642,-313.4860,266.7445
431.5117,-343.5175,433.8012,-385.2292,478.5287,-366.7360,455.9477,-377.6929,409.8979,-431.6334,385.4614,-369.9234,447.4651,-385.0376,457.7552,-352.5826,324.6279,-333.8647,352.9554
412.0005,-308.9129,438.5348,-341.8678,501.7194,-351.0493,521.1165,-328.4534,431.7256,-393.7008,410.4746,-314.3658,473.0539,-344.3324,446.9441,-292.2588,423.8133,-300.6447,422.5123
439.1778,-253.4661,456.7874,-289.9006,525.5313,-315.4637,557.7365,-297.5642,442.0645,-387.2947,419.4790,-275.0389,493.6738,-291.8017,493.4670,-269.2300,498.2151,-240.7162,445.1161
510.1672,-186.4838,460.7786,-256.8359,521.6575,-255.8407,542.9474,-277.5844,437.2131,-395.7322,425.7977,-245.7836,487.1322,-249.5644,553.9401,-259.3769,526.5386,-223.1327,455.9387
529.3773,-156.7756,456.6085,-230.1424,496.8666,-214.1023,527.9988,-251.4986,416.5501,-348.0018,456.2179,-233.9138,478.2682,-218.7536,572.6648,-226.7440,527.5755,-221.0026,497.9525
519.8921,-169.2782,471.4294,-205.6756,499.8764,-209.3927,536.1469,-217.6007,420.9128,-268.9615,507.1940,-209.2568,500.9703,-178.9881,558.5403,-168.5418,525.0995,-192.0559,558.3958
534.8918,-163.1695,506.2275,-191.6742,536.1411,-204.0646,545.1749,-184.4035,446.2232,-251.0442,566.7849,-153.4716,545.0040,-141.8687,535.2654,-107.9594,544.8744,-181.0551,583.8679
544.9025,-120.8597,543.2593,-170.4637,555.2905,-176.4580,555.8369,-156.5518,430.1317,-259.3445,618.6457,-106.0920,589.4908,-107.5538,518.3223,-59.6842,596.4220,-194.8912,566.2198
553.3451,-74.1854,572.2166,-128.0520,564.8118,-135.1781,576.4129,-122.6901,404.8527,-179.9720,635.3182,-75.9742,625.4481,-55.5559,528.1171,-24.5248,643.6375,-163.2197,550.5369
598.5034,-21.8097,596.3965,-75.8095,618.6096,-78.4588,591.7502,-74.7995,444.2708,-73.0773,622.1791,-18.3745,635.1592,-11.2601,564.7739,-15.2256,660.2996,-99.8965,556.1508
648.1891,41.7627,622.7214,-16.3961,681.6232,-19.8541,592.1064,-31.8426,484.6345,-62.1066,623.6321,64.0160,623.9960,7.6528,594.9941,-29.5279,682.4025,-79.5085,570.5092
679.1495,89.1584,641.7662,44.4285,676.1655,13.7025,583.8924,-4.6229,453.2818,-73.1087,650.5645,123.9537,627.8865,45.9649,589.5991,-17.5746,725.1816,-74.3605,593.9782
723.9892,111.9392,629.4210,78.9217,625.2484,41.8404,584.4943,31.5657,433.1007,-26.4525,669.2172,151.9819,637.8016,105.5826,562.4056,38.6512,732.9558,-27.4536,627.3157
743.2896,118.1807,584.2840,85.4798,594.5806,86.5258,613.5111,90.0455,483.9778,-0.0681,669.2497,158.0419,615.6069,131.9188,557.3865,83.9248,684.8025,16.9698,658.9769
668.3400,102.1496,535.0306,91.5158,578.3392,106.3716,651.3709,149.8662,527.2891,25.9174,663.6740,145.2921,585.2093,134.8771,589.8358,109.5751,637.6050,13.3060,682.0022
571.6017,88.3334,497.8519,99.8562,550.2768,86.4737,653.2352,192.1937,523.2061,133.5139,645.1471,149.2963,582.3161,152.3226,622.1393,174.0601,627.2482,7.3262,682.7560
563.9024,120.5413,471.0711,109.7986,525.1694,92.1411,619.1110,206.5227,515.2845,194.5771,611.9552,199.2974,573.6942,162.8135,609.9455,251.4073,635.7908,51.7055,649.1414
599.8915,182.6289,459.8987,145.6496,523.1688,147.9775,582.1859,188.0838,506.1367,125.5116,581.5784,248.5922,540.3176,164.0794,549.7350,252.6339,642.7327,139.5317,610.5378
575.5032,225.6815,454.3361,199.5979,539.2621,198.2689,560.5024,160.0225,483.3450,102.8385,541.0547,248.7290,526.8944,191.5471,482.8208,199.4705,628.8754,220.5338,594.5347
499.7289,244.4783,426.4261,228.7094,540.7015,218.0506,554.8925,148.3454,468.7868,177.5839,472.1455,240.0337,535.4872,219.4779,455.8037,176.0529,582.8491,239.6959,565.7863
441.1588,258.8064,385.5474,232.0856,499.7931,231.4556,533.8554,153.1494,454.3607,203.5689,413.2891,270.9849,509.7771,208.7901,460.1031,178.3777,523.7408,206.9885,495.3890
410.0458,271.5038,363.1745,235.0809,441.9659,243.7844,457.0911,182.8391,416.4587,201.7645,384.5480,302.6332,441.9819,192.4895,441.7599,180.0799,456.5923,193.3668,421.7103
372.8168,270.9563,334.7222,228.9859,386.9501,248.9654,354.5344,237.2543,372.0038,228.8367,324.0180,285.4953,367.8836,196.2598,384.8637,208.1850,367.5633,213.9663,373.5150
315.3317,247.7343,254.5078,213.9709,289.9477,249.3780,278.2573,257.8203,328.2877,173.2086,205.1259,255.2318,290.7348,200.3718,319.3679,241.8811,290.1376,218.5483,324.4639
234.1719,222.8785,150.9973,226.0618,157.6610,241.2532,207.1442,213.3792,266.3138,81.4784,88.9017,263.1946,202.3133,212.6539,257.7263,216.1961,253.5424,203.2557,253.3807
119.2100,236.2572,82.6196,262.3734,87.9312,235.3844,128.5189,178.0486,193.0313,147.7704,3.2319,281.7775,122.4335,246.3715,201.8212,168.0549,203.4041,202.3903,165.3528
2.6198,275.9380,43.2599,275.4451,83.8615,251.5809,85.2958,207.1597,117.6594,286.1732,-69.9399,264.0146,66.0548,269.5855,161.4289,187.5246,100.6185,211.6004,63.6123
-50.5421,287.7203,-5.3436,260.4120,32.0801,269.1233,51.8707,250.8065,32.9117,305.5887,-113.3518,234.7052,18.5926,262.2558,112.7234,247.6707,-7.1224,220.5124,-37.2302
-60.6638,267.0996,-73.5554,252.4571,-84.6355,264.7596,-37.8288,268.9003,-42.3013,274.9386,-136.2496,242.5804,-40.0436,246.2231,22.8310,262.4253,-91.4617,241.6084,-110.7635
-126.0508,253.2334,-155.4702,256.9381,-180.7578,270.2574,-148.3148,283.4341,-100.0092,271.8152,-207.5674,276.8384,-114.0715,241.2207,-88.3375,238.7775,-172.0168,268.5951,-163.2522
-253.2553,256.7699,-233.4397,263.2187,-234.3801,306.5081,-221.1810,291.9712,-175.8984,222.5945,-314.3286,292.3366,-190.1113,246.9589,-193.7105,221.6059,-239.8684,294.2426,-224.0135
-349.9655,265.3386,-276.7978,282.9534,-270.8120,334.9868,-275.9381,268.6445,-267.6248,169.0064,-357.4911,268.5133,-248.7555,241.1397,-298.8505,199.1595,-296.2695,332.2033,-299.1918
-384.5837,270.7702,-287.5796,316.4447,-291.7850,330.1964,-328.4685,231.4151,-342.4146,207.1295,-334.3257,219.0148,-287.1286,207.9139,-395.3164,172.6115,-377.0649,358.6339,-383.1686
-395.7365,267.4188,-308.7581,335.3859,-320.0683,312.3606,-383.9794,216.2311,-431.5160,254.7560,-341.3859,184.0071,-328.2094,191.2582,-476.8974,183.2238,-455.5507,332.9305,-474.5619
-415.9238,266.3799,-357.3874,328.6667,-385.1234,301.4373,-484.7190,221.0065,-564.3437,228.7831,-417.1161,194.6337,-400.6525,227.1473,-575.9598,208.3744,-480.5370,289.0495,-557.4568
-480.2233,277.8012,-411.7940,315.6409,-468.4796,303.5621,-616.3774,211.3597,-683.3563,192.2685,-519.6707,219.0381,-506.9080,250.9649,-690.7086,181.1145,-503.6693,278.3918,-626.6704
-582.9919,272.7811,-470.3575,308.4814,-555.2587,307.7539,-706.0378,165.4543,-750.7977,184.6435,-603.1905,198.1346,-619.4408,209.1487,-767.6824,123.0302,-591.3195,268.6139,-715.9627
-648.0149,234.1614,-550.3309,297.5144,-661.2353,284.3518,-764.1600,114.5851,-806.5085,177.0655,-655.3740,141.6276,-717.4937,163.0133,-803.9806,102.9854,-690.3250,217.2263,-825.0931
-665.8538,200.3695,-637.1157,269.7191,-775.9641,237.2946,-845.4592,105.7709,-866.0898,161.2397,-700.5494,111.3312,-806.3196,159.5046,-845.6194,107.4553,-723.0173,154.7771,-885.3267
-709.9861,190.4089,-693.6686,229.4510,-866.5127,208.9622,-936.2198,115.7402,-916.8795,130.0734,-750.3224,121.2388,-888.3748,155.0380,-900.9035,92.9774,-706.0295,116.5860,-885.7488
-754.8280,178.6559,-712.1259,203.2309,-911.3890,202.7811,-1010.2780,91.5362,-978.4048,88.8426,-770.9637,137.1013,-947.2699,130.2378,-958.0268,78.1743,-698.0961,97.7229,-908.5460
-721.4357,167.2020,-719.4798,204.1194,-900.4940,186.8600,-1057.4846,60.9907,-1036.1603,90.9626,-762.9463,144.3587,-969.4825,114.5122,-1017.8442,79.4019,-730.0953,92.8146,-963.2717
-674.1293,162.4300,-737.9660,198.0501,-870.8109,159.3027,-1054.2249,77.2548,-1019.1326,157.3510,-784.1350,142.3756,-961.9402,107.8911,-1058.0038,71.9851,-800.0153,87.6398,-965.4838
-716.8588,126.1458,-770.3974,153.5636,-893.2964,129.8397,-1022.1163,103.7592,-909.8116,231.0715,-835.4356,118.7748,-951.9246,96.9281,-1046.6503,61.9197,-874.2902,59.6171,-918.4633
-814.1875,64.2865,-817.5071,101.0363,-959.1034,99.3629,-997.2402,78.5401,-761.9229,239.4530,-860.4080,85.3420,-962.6748,85.2384,-987.1943,74.7764,-913.8821,40.9738,-912.0058
-885.2123,50.0259,-872.5973,81.3535,-988.2543,91.2342,-947.6886,20.6355,-628.4460,158.3973,-858.6752,76.8298,-970.2681,73.4886,-904.2587,91.7488,-910.1938,78.3578,-952.8904
-904.5862,82.1301,-904.6545,81.3453,-963.7817,112.8724,-886.6583,-12.7365,-558.1609,66.4512,-853.7624,80.0813,-926.4745,70.8944,-827.9979,96.4643,-881.9386,129.3834,-979.3242
-873.9744,81.8645,-887.0215,78.1594,-926.2396,119.5986,-893.6390,-1.4295,-578.3704,76.1560,-825.8364,50.3201,-848.7069,81.3649,-787.5606,109.1830,-858.1332,133.0434,-968.3407
-828.5202,54.5635,-839.5923,85.7105,-882.3507,99.0716,-914.7686,38.3727,-642.6537,147.6112,-783.9346,12.1749,-812.3950,73.3211,-778.1122,118.6173,-848.0132,123.7250,-911.3220
-797.8440,71.4926,-803.2034,112.6225,-831.2998,97.8112,-846.9443,76.1028,-691.4629,149.9680,-777.3662,29.2078,-838.8394,48.9468,-774.6825,91.8617,-820.4543,138.9927,-816.1829
-748.2381,115.2292,-786.1268,134.4989,-801.8948,120.8538,-777.9730,87.5958,-723.4319,109.1149,-796.7554,81.2019,-875.5979,64.9254,-777.3149,53.7902,-759.8278,130.0106,-753.3763
-683.5903,116.9568,-774.3867,130.7807,-798.2375,126.5712,-799.1407,70.4066,-736.3674,126.8340,-789.8074,106.3552,-878.8696,112.6726,-785.8440,40.3138,-707.7350,81.6037,-754.3355
-669.5671,88.7846,-763.5565,108.2215,-788.9158,110.8953,-805.8221,32.9428,-715.8329,145.4738,-747.7789,118.7127,-845.9899,122.2940,-778.6258,25.6302,-689.2059,64.6387,-750.8558
-674.8768,75.8872,-748.2910,86.8431,-763.1805,93.8273,-750.2319,-7.2461,-703.1517,83.8767,-698.9196,142.9140,-794.0096,95.0196,-755.0067,-7.5759,-671.8628,92.6014,-709.6644
-630.3383,58.8081,-716.2585,76.2706,-735.1346,77.4703,-733.7344,-19.3531,-728.2634,40.3381,-677.1068,128.2802,-743.7530,70.9801,-730.2227,-20.7969,-644.6016,101.7407,-663.9632
-607.6816,17.8439,-671.1100,66.8424,-704.5129,71.0079,-749.1191,4.6016,-729.6786,97.8698,-698.6657,59.1341,-702.9129,42.4136,-698.3263,-7.1362,-634.1690,92.2934,-606.6520
-657.0740,2.5049,-633.3068,59.0460,-653.8457,85.1272,-710.7724,32.3587,-670.5264,133.5258,-721.9809,10.1587,-666.9155,19.7808,-656.2973,-6.7850,-630.5817,115.0934,-530.0579
-655.8153,36.6936,-609.8517,71.8092,-585.8248,100.3201,-658.3025,42.3929,-605.0272,49.3488,-696.2402,-0.1264,-636.6431,38.5603,-611.3154,-9.2664,-600.0178,148.9815,-476.5375
-556.6190,48.1381,-586.2455,85.6681,-532.1343,95.0803,-635.8835,56.1567,-549.4460,-18.1463,-642.2720,-36.0361,-602.4593,60.9296,-548.9991,31.2679,-547.2528,138.6531,-427.6736
-490.2517,-13.4320,-548.2154,49.9583,-496.2125,68.8733,-577.3676,97.8904,-466.3126,59.3321,-590.6631,-92.4128,-539.0416,35.4644,-466.1279,89.8992,-494.8384,92.0445,-326.9339
-493.5182,-80.9995,-490.5020,-16.3843,-438.5077,23.3306,-469.4150,145.9915,-385.3583,149.4130,-520.2551,-97.9240,-452.1887,4.4523,-401.6187,101.2030,-443.4202,44.6903,-228.8407
-455.0641,-82.0590,-415.3825,-40.2384,-360.6162,-25.9337,-389.3817,149.2966,-349.0281,90.0660,-434.3811,-50.4992,-378.4488,17.7855,-371.4091,65.9289,-378.0987,6.2427,-200.7701
-348.8381,-48.9558,-340.6024,-20.9801,-312.2156,-42.2494,-346.9489,107.8880,-309.3249,-22.1649,-376.9097,-8.4977,-328.6221,45.5242,-337.4649,33.1069,-288.8546,-15.2763,-174.5044
-257.6570,-38.1503,-288.7635,-14.0907,-279.6075,-19.0864,-270.2468,94.8025,-227.8918,-21.0552,-350.6676,-4.8083,-286.6432,46.6669,-274.9629,26.8474,-197.0099,-8.6064,-86.7535
-212.9785,-42.1008,-251.1559,-23.8562,-191.4873,-0.0103,-126.2191,140.1154,-140.9001,61.3140,-327.5204,-38.2518,-235.6420,19.1330,-195.7167,47.9418,-149.5414,14.7629,8.6137
-178.3765,-43.2544,-188.8859,-31.3343,-48.4594,-19.8428,28.4248,173.0278,-59.4024,114.7021,-290.2836,-78.0804,-153.2508,-18.9233,-103.7391,79.8105,-150.1552,28.6077,73.7969
-133.0573,-54.1367,-92.0050,-48.8877,78.5014,-58.8930,120.3398,155.6381,30.5639,119.2929,-212.3430,-83.6087,-36.4231,-38.3307,4.3723,81.9400,-141.8239,18.6050,141.0444
-87.1721,-73.7046,2.5972,-69.8882,159.8600,-75.9175,172.0568,146.5072,101.9337,98.0725,-97.8025,-67.3344,75.4170,-33.5219,105.6133,47.5110,-95.3152,2.7312,220.0143
-28.2947,-87.2366,73.3791,-67.5398,221.1042,-67.2173,256.4680,162.7172,160.8460,83.1637,-15.0254,-70.3565,155.6969,-34.7243,175.2290,21.5437,-34.6228,17.1232,292.6675
92.7456,-95.5798,141.0959,-56.0414,281.4800,-60.9538,348.3413,140.6670,266.5888,96.5231,20.0543,-80.5431,223.2078,-41.9036,243.7630,9.4921,43.2622,49.4076,348.5714
262.3768,-94.4401,222.6014,-57.6090,331.3817,-63.5844,385.4065,72.9205,407.1288,87.8270,84.3611,-70.9924,290.6324,-26.7443,366.2638,-27.4411,167.3869,35.8290,381.3249
373.0941,-79.0678,308.9428,-59.6599,359.2768,-62.4361,420.3869,25.6067,523.3741,30.0396,198.1547,-58.4930,352.4318,-7.5924,522.6005,-67.3025,314.1867,-26.4064,423.0596
399.0346,-75.4188,392.3851,-61.8456,392.5973,-64.9530,521.5380,18.3175,623.6874,1.2288,303.3563,-49.3076,422.3518,-14.1219,636.0721,-62.7164,434.1406,-61.5497,515.1747
460.7690,-92.2665,480.3661,-75.5390,471.1965,-79.0041,633.1805,5.7226,714.1104,9.5857,407.7082,-25.4910,517.1073,-23.1451,700.9082,-50.2802,538.2036,-53.1249,604.6994
615.0501,-88.7706,582.3638,-79.5422,572.5126,-90.6552,682.5997,-42.9427,751.9280,-35.5279,564.6019,-3.1204,623.0400,-20.7421,769.7161,-73.0103,666.8540,-63.0363,619.0310
765.6027,-59.0600,693.4025,-70.2507,644.7089,-98.0788,689.3047,-109.2899,763.0461,-96.3135,739.4651,-5.2081,706.7462,-38.2396,829.9637,-87.9929,804.1349,-96.8510,613.4772
839.6328,-55.2166,785.9857,-87.8499,695.2378,-110.2578,708.5495,-155.4277,813.9451,-73.2304,858.4520,-24.1207,745.3984,-80.1897,843.7358,-78.2503,900.6776,-103.6064,669.9272
871.0400,-87.4060,834.7062,-129.7742,751.2750,-120.1387,769.4047,-171.3519,878.5114,-36.0907,925.8096,-66.5224,761.9152,-117.7829,857.5467,-100.5934,940.7366,-94.9080,750.4479
903.5754,-118.2607,854.4285,-150.3965,799.3169,-132.5573,847.4285,-171.8629,916.9935,-67.7736,977.6069,-131.7440,807.7055,-144.0481,922.0626,-143.2671,936.5637,-122.3096,801.0652
940.8981,-142.7177,878.4460,-152.8194,837.0490,-157.3778,888.1669,-151.5949,969.2448,-81.5230,1007.3979,-159.0046,875.7524,-158.4939,992.1625,-133.0610,913.5919,-172.8736,850.3903
963.4656,-161.5570,908.0502,-159.3051,880.1706,-162.4146,906.2343,-114.7119,1041.0430,-32.2066,1011.5585,-120.5204,906.4719,-149.8273,1016.7108,-105.9789,912.2221,-194.5021,910.4096
950.5848,-144.0197,924.0944,-146.6119,908.1890,-129.1412,965.9934,-116.0767,1074.5350,-32.9492,1017.3986,-80.8872,905.1892,-125.7466,1016.1369,-157.7701,938.9335,-180.7090,947.4838
911.9490,-100.5414,924.2502,-109.2883,913.3435,-102.7240,1047.7244,-166.4686,1064.5621,-128.4881,1024.3834,-75.0294,931.9608,-102.3251,1020.2114,-247.4236,944.5606,-161.8757,972.7979
873.5275,-90.4255,920.2099,-87.7919,934.3205,-101.1652,1081.1117,-184.1620,1039.7010,-203.1909,1001.6297,-74.7797,982.3728,-84.0606,1025.9736,-256.3015,910.0811,-148.2469,1007.5633
855.8733,-119.3092,923.8250,-86.9234,969.5005,-90.4476,1060.4084,-140.9255,1000.6878,-177.2180,963.9888,-92.2769,1010.1586,-83.3413,1015.9490,-198.1280,884.0873,-125.3133,1009.8030
892.7720,-137.3191,943.9443,-81.0193,973.3470,-80.1119,1004.6953,-113.2832,971.1339,-130.4330,962.5230,-137.4232,1010.0773,-102.4188,973.0715,-185.5648,892.4996,-96.8463,956.3985
967.6476,-130.7893,969.9505,-83.1276,941.0992,-96.2038,923.6095,-131.9362,979.4445,-161.5045,987.3800,-137.0172,981.5688,-107.9715,913.8973,-231.5918,904.5614,-95.3398,904.7880
961.3779,-124.6871,967.5912,-106.7432,891.1682,-106.5574,865.5409,-145.0770,997.1286,-204.1629,970.6266,-63.2952,913.6755,-84.2477,886.4250,-242.4512,888.8499,-124.5843,892.8914
827.9205,-126.1010,919.4423,-123.7978,833.2408,-94.7597,860.3120,-123.9376,997.2896,-133.4210,891.3848,-8.0732,840.4995,-59.3317,886.4409,-180.7743,822.4294,-135.7314,884.5442
702.0698,-120.6922,848.2156,-120.6690,801.5033,-95.4628,865.4954,-75.1863,970.0903,-0.5686,798.3870,-10.9070,802.0551,-43.5137,849.8660,-103.6225,707.9055,-102.9594,852.3165
657.5315,-99.3312,781.2498,-111.6263,807.5961,-109.4663,851.4246,-19.2743,867.3046,68.5623,730.3230,1.3422,780.4875,-22.8872,765.7974,-54.5007,612.6951,-58.9294,806.3892
586.8441,-68.9790,721.2433,-93.0364,792.2382,-109.9579,815.0534,-3.2461,693.5518,87.7210,674.9807,46.9236,745.9811,-12.4172,693.9151,-27.7590,582.2413,-17.7840,744.4214
469.0921,-38.8282,660.2247,-59.1871,725.3903,-88.6697,728.2353,-31.7615,559.2590,76.3963,603.1850,61.0807,690.2598,-28.0093,649.8622,-19.8478,558.5591,44.6782,663.9006
434.8489,-3.9068,593.4326,-23.3992,644.8162,-30.4258,602.6503,-39.2518,499.5025,-32.1742,505.9001,41.2422,601.0980,-36.8164,578.9992,-28.3623,500.4659,108.5120,584.9098
473.8232,31.2337,511.2421,12.5115,550.0349,44.7539,502.2152,-14.5999,430.1906,-166.5878,396.0611,45.2976,481.8819,-7.0014,459.1316,-32.4419,458.9454,116.1815,507.8599
431.3671,41.1298,407.2161,48.2616,415.7330,59.2729,428.6625,-15.1352,338.4618,-156.2136,290.0188,71.5024,360.8289,32.9402,338.8945,-24.7600,442.6167,75.5421,409.4041
305.3146,35.7727,303.6330,63.0472,287.9966,20.2328,335.4326,-31.3654,272.3615,-38.3913,205.7991,70.9842,253.2707,33.6226,249.6348,-14.2213,385.8828,55.0668,291.8930
216.9232,58.5106,230.8980,57.4524,216.9772,23.5992,227.4036,-8.1436,195.2417,27.3398,166.9595,38.5700,174.6387,-5.8649,158.8707,7.7792,282.2803,75.3550,178.5494
160.5680,90.3093,176.9896,51.7188,164.7563,55.9088,130.3315,44.0938,70.7079,31.3403,157.5359,5.3292,136.7589,-42.7117,49.1227,46.3916,177.1458,87.4764,84.6665
66.6223,71.8244,102.5701,32.2937,81.4887,31.5705,47.3912,92.8857,-41.6433,43.5282,104.8526,-12.3540,88.8091,-50.2712,-40.3976,83.4511,80.4834,59.6269,25.1941
-25.3207,28.0964,5.1093,-5.5397,-17.4012,-13.1625,-14.5712,134.2898,-104.2748,78.6622,-15.6078,-4.8402,-18.1083,-34.7917,-93.0820,115.0001,-1.0423,23.7437,-7.3684
-80.9897,28.6508,-83.7945,-13.4796,-102.8055,-6.7153,-67.0155,145.8372,-153.4228,121.2472,-127.9715,38.9513,-130.4666,1.3226,-143.0219,142.6333,-58.7748,17.7609,-61.6675
-167.0390,57.5519,-163.9389,17.8654,-182.7697,15.4345,-140.2178,112.4857,-215.3464,122.7765,-187.6604,94.7925,-195.3749,53.5109,-199.8768,139.1067,-127.9882,27.9686,-156.9301
-286.9872,57.5583,-262.9444,29.9940,-272.9224,19.7408,-221.2347,73.1785,-301.4207,62.8638,-247.5447,112.0184,-249.7012,85.2188,-250.2528,105.4046,-228.1494,32.4295,-253.5094
-356.6687,36.2429,-361.8979,18.5441,-352.1697,36.1602,-283.4615,58.2967,-414.6267,38.1522,-327.6534,90.3313,-299.0550,82.2220,-318.6725,98.0127,-330.1910,56.7115,-332.0622
-397.1948,32.8538,-405.0931,39.7978,-379.6729,64.6475,-341.5513,61.4369,-512.0447,105.5411,-371.6880,82.0373,-301.2854,91.4353,-419.2453,128.5153,-434.8995,119.0755,-410.9796
-488.7461,55.7931,-401.0893,88.4841,-371.7856,91.1168,-406.7600,79.5643,-570.3192,166.4935,-378.3944,98.3745,-307.8668,128.6679,-503.0677,142.3102,-544.0989,171.0459,-492.0140
-565.7621,95.9212,-428.9956,119.8937,-410.4093,134.0147,-474.2574,96.4377,-633.5601,164.1289,-422.6370,104.2124,-397.7021,147.1711,-540.9593,133.1133,-590.7294,166.5993,-568.9105
-531.9810,142.4431,-512.8412,145.6105,-524.5757,179.2374,-558.3306,90.8004,-708.9050,160.3104,-523.5403,110.3070,-523.1605,149.5000,-576.3860,147.1963,-556.5449,130.1514,-644.8489
-469.7364,182.8052,-582.3159,182.2700,-635.0827,188.1062,-660.6364,87.0309,-750.4015,160.6787,-607.1126,156.2368,-608.7500,183.9295,-646.2098,173.6752,-536.8019,100.7944,-710.1000
-486.8373,204.6168,-595.9765,192.3734,-674.5082,171.8269,-761.1339,92.6842,-774.9857,101.7668,-606.5153,207.9157,-665.2935,225.2054,-726.9648,160.1145,-575.7471,81.2812,-768.1016
-529.7869,185.4331,-597.1829,156.4496,-684.1869,152.3499,-854.7772,54.6382,-831.0025,-19.0562,-542.9354,191.8621,-704.2758,218.7706,-777.0967,113.7136,-616.0773,65.8289,-847.1205
-534.2728,119.0012,-623.5901,112.1203,-731.7554,122.4286,-915.3188,-20.8797,-884.7178,-132.3165,-496.4221,118.3462,-713.1302,187.6963,-785.9756,85.5028,-639.9702,53.4263,-927.3278
-554.7307,59.6282,-666.5792,92.3102,-798.7079,89.5943,-900.4342,-52.2302,-879.2497,-161.0391,-508.1320,68.3787,-718.8266,164.2395,-776.9050,87.5530,-681.4116,43.4440,-949.8886
-629.4285,63.2426,-712.8214,93.5474,-821.9595,68.1683,-847.6107,-29.5060,-833.4355,-104.3166,-551.9999,78.1444,-736.6457,128.2297,-765.5736,91.6857,-737.5317,45.8566,-914.5959
-696.0518,96.2887,-746.0051,96.7520,-803.6560,54.0242,-823.9822,-0.9954,-794.9379,-50.1217,-605.5615,108.2422,-742.6387,86.9299,-734.1299,80.9894,-783.2988,55.4200,-863.5396
-702.9783,89.8590,-750.5587,86.9027,-796.0776,56.4196,-809.3641,33.9645,-777.6734,-37.7613,-664.1628,109.4854,-752.3349,79.4608,-683.3561,64.6339,-800.2643,39.2654,-817.0591
-688.3109,46.5806,-746.8144,70.2538,-807.2601,79.4297,-776.3450,67.8544,-774.2147,-35.6307,-688.5804,78.3924,-786.5397,97.3847,-661.8235,57.5047,-768.6791,1.5571,-790.2202
-705.0524,15.0541,-750.9968,62.9983,-812.5175,88.3807,-767.7477,59.1660,-773.1736,-61.7352,-651.4323,49.8559,-800.9644,109.6854,-689.5581,63.4211,-709.9850,-15.1986,-782.6266
-722.6651,9.2048,-732.7972,60.3334,-819.6280,70.5493,-798.5270,34.9605,-775.5041,-102.2206,-607.9083,49.4450,-782.7128,111.9979,-726.8883,68.9103,-679.1880,-22.8790,-760.3004
-679.6411,14.7688,-693.4420,55.4288,-829.2625,57.9204,-827.3972,43.1968,-799.1248,-58.7196,-613.9146,63.6611,-787.9082,100.7099,-750.2376,51.4674,-676.1465,-60.5176,-729.3542
-621.8276,26.9669,-682.9677,60.1187,-803.2590,54.0940,-832.9420,39.1801,-835.4097,20.0232,-640.3599,55.6837,-811.9702,70.1816,-772.3779,12.2606,-670.7432,-91.4365,-741.6552
-637.8033,38.8012,-689.6372,63.8782,-747.1459,33.6443,-815.0670,-18.4160,-832.0632,-16.9985,-643.2972,6.6983,-797.5587,25.9584,-791.5201,-11.0063,-684.8287,-72.3219,-787.7570
-669.8965,29.5296,-661.5423,34.7857,-716.5994,1.4310,-789.6675,-80.1491,-755.1935,-98.0768,-629.9985,-52.3334,-761.1653,-31.2390,-790.5613,2.4091,-733.7531,-54.3225,-810.4792
-615.8239,-6.7221,-623.4501,-15.3264,-711.8558,-24.5698,-789.3203,-108.9081,-634.0984,-81.1007,-620.8928,-68.9341,-745.6327,-80.2104,-759.6417,18.9961,-767.5193,-82.9327,-796.4919
-546.1448,-47.4783,-619.2773,-48.7995,-685.4057,-47.7800,-780.6202,-116.0793,-523.9964,-45.3160,-614.6239,-46.7257,-721.8019,-81.3242,-693.4705,10.9004,-749.8754,-111.8756,-747.8536
-560.4273,-73.0494,-612.8935,-71.2053,-626.4158,-75.1840,-693.1866,-96.9091,-459.5455,-44.7435,-588.9811,-45.1671,-648.0831,-65.7132,-602.8679,-0.1304,-703.3658,-105.1371,-661.5106
-581.7922,-84.7634,-559.6877,-98.7122,-539.8546,-103.7968,-577.9298,-59.9829,-451.3653,25.7493,-520.0899,-80.7684,-530.8956,-102.9319,-516.4396,1.8730,-653.9315,-90.5860,-575.7486
-521.8586,-89.4268,-478.7354,-111.9937,-424.9480,-126.2797,-532.8314,-41.5660,-484.1433,118.7874,-426.9839,-110.1355,-402.1544,-159.7167,-453.4798,3.5517,-609.1595,-82.8746,-516.8328
-439.1342,-95.3565,-410.6995,-108.0963,-329.2025,-136.0267,-508.5704,-38.1628,-506.4725,90.6470,-363.8796,-116.9585,-314.5702,-158.3604,-421.9288,8.2208,-564.6725,-71.7556,-448.3889
-399.2166,-106.9089,-383.4832,-109.4572,-304.5324,-129.3049,-413.2918,-36.3897,-468.0583,15.4872,-344.4952,-116.6692,-296.4294,-125.4225,-412.2016,19.1468,-493.5414,-61.9254,-355.3004
-393.6118,-107.0840,-386.8159,-101.0339,-306.1035,-102.0123,-291.9694,-62.1465,-383.2471,12.4559,-336.1922,-106.9993,-285.5362,-120.0188,-376.3213,3.7739,-393.0700,-55.4274,-272.6528
-409.3517,-93.6867,-364.2488,-71.6225,-263.4675,-71.5831,-222.2286,-102.8764,-306.1848,26.0804,-319.6564,-104.9595,-221.3332,-127.8709,-285.5041,-43.6636,-322.4048,-51.6367,-220.3868
-411.4179,-111.8253,-303.4707,-76.1265,-206.1071,-85.8327,-184.0339,-103.2507,-243.7393,17.0463,-286.7876,-151.2531,-153.0618,-132.2182,-187.1745,-69.3736,-307.7823,-64.5420,-206.8998
-345.6361,-168.5901,-257.3199,-132.9307,-194.0002,-141.4320,-136.3855,-78.6078,-173.8842,19.8991,-226.4556,-214.9315,-134.0697,-145.8171,-126.5885,-51.7140,-279.1630,-88.3077,-230.6629
-232.2518,-188.8335,-221.4173,-164.0288,-192.8568,-161.0731,-93.1711,-84.9918,-119.9787,-3.0368,-154.7059,-212.3392,-120.2396,-147.8399,-85.8468,-38.1012,-188.9337,-104.6599,-236.6751
-137.7900,-153.5028,-147.6025,-147.2417,-135.1047,-136.4256,-78.4548,-110.9482,-101.2823,-75.8358,-95.0923,-147.3687,-70.9242,-120.2218,-48.5845,-56.5320,-99.8123,-126.9004,-182.3952
-86.8166,-146.6878,-67.0878,-160.6461,-41.9804,-149.4789,-73.7785,-123.8625,-68.8800,-124.5422,-34.8026,-105.4467,-15.2990,-101.6272,-14.4821,-78.7092,-69.3488,-150.9043,-105.2981
-66.4366,-182.8431,-24.5900,-204.7059,22.6092,-195.3772,-31.9650,-133.0539,13.4545,-115.4834,40.9237,-116.7987,30.4627,-120.4103,42.9366,-81.3886,-48.0035,-138.2535,-33.3934
-24.6331,-180.5135,17.9122,-200.5697,61.5027,-198.4319,57.9135,-140.7891,110.1572,-94.3098,116.1474,-133.6010,89.4014,-148.7397,128.1136,-76.0520,21.9332,-117.5747,53.9546
97.5042,-147.3802,81.3738,-175.0341,110.5245,-187.7917,160.4725,-136.4554,195.5461,-95.1234,185.5123,-118.0363,170.0016,-154.6496,210.3268,-79.7900,105.5191,-149.4093,152.6373
251.2145,-167.9253,131.0638,-203.4620,165.9593,-219.1148,267.0551,-137.9242,286.4978,-118.6620,270.6488,-84.8028,262.7171,-144.0829,308.9899,-94.4758,155.0124,-184.5142,248.4591
337.6854,-221.4484,179.3179,-236.8900,223.4570,-234.6705,385.3468,-157.5926,371.2222,-138.1286,378.2763,-64.2597,352.8637,-145.5111,449.2040,-110.9451,201.8193,-159.0565,349.1379
378.7190,-221.9845,254.1276,-211.4512,299.5842,-199.8097,473.8651,-175.2443,416.4395,-133.1072,482.9469,-47.7446,423.3859,-157.4259,562.5407,-119.0504,294.4366,-140.2938,441.8519
431.2251,-176.6970,323.7498,-183.4062,375.4604,-184.0640,514.6849,-177.1263,438.5830,-127.7429,552.4272,-7.2912,482.3340,-139.4246,600.6677,-115.0587,410.7709,-177.2533,520.3829
456.2529,-145.5173,371.7924,-188.5706,423.0592,-198.6885,565.4510,-160.9768,480.2512,-122.7071,581.1987,28.4096,543.2952,-97.2831,631.3065,-106.8976,497.7070,-190.9572,610.1371
458.7788,-133.8718,421.2478,-168.7546,467.6534,-178.5518,636.9602,-119.3765,535.6376,-93.1956,594.4171,10.7376,577.5314,-87.8493,681.4478,-110.0997,553.1772,-150.6837,684.0193
521.3761,-116.7837,467.3419,-113.4743,529.8221,-121.8773,673.8062,-66.7964,557.7755,-95.1603,603.6035,-18.9141,572.3629,-90.8541,677.1790,-126.8589,616.1303,-115.8996,695.9892
615.9837,-81.6274,515.3543,-64.5406,594.9949,-59.7389,683.7739,-41.7016,534.5944,-173.3284,595.9000,5.4092,587.7465,-39.3348,622.7902,-138.6338,701.0104,-76.4236,696.9243
666.9572,-28.0029,602.3984,-13.8597,680.9966,8.0396,702.1088,-59.2496,512.9350,-235.9816,590.5576,36.1611,653.7139,16.3837,614.5002,-134.2101,780.7064,-3.9593,727.6573
720.6635,11.0287,707.1498,33.7191,790.0058,46.6083,696.5499,-95.1791,524.9552,-227.7676,631.5927,4.0407,710.3043,-9.1219,658.7101,-120.2812,831.9041,28.2021,727.7038
793.8423,-8.6351,770.1581,25.5349,842.4556,18.8113,662.8831,-114.1943,545.9137,-219.1046,707.6232,-39.4395,725.9307,-62.3031,679.2786,-96.9803,863.8853,-19.8517,704.8111
790.4063,-56.8396,793.9366,-18.7003,811.0992,-21.0150,662.8234,-103.8817,566.0107,-214.7239,756.1449,-28.5386,731.3632,-69.5490,657.8642,-66.6348,885.2756,-72.2148,741.1833
736.0654,-48.9014,800.6525,-26.0311,779.7503,-20.9229,695.7841,-85.7115,619.5592,-162.3368,738.4572,0.1554,713.2518,-71.9418,627.3647,-54.6135,882.9146,-87.5641,784.4032
757.3060,16.5495,780.5265,-7.1941,772.5127,-20.1385,710.9006,-80.4997,693.1618,-112.8643,665.2415,11.5045,643.4802,-92.5301,608.6694,-68.5963,852.7614,-93.8043,743.4252
799.4919,41.6099,746.5591,-13.1826,729.0821,-40.8529,709.7936,-77.2121,714.5758,-115.3533,589.0533,30.6963,574.9979,-79.3239,606.8223,-77.5154,805.5517,-92.4046,698.0115
736.6464,-14.3936,720.7549,-35.5055,656.3581,-42.8982,702.0427,-61.2167,669.6387,-118.1872,566.1629,43.1232,551.6231,-36.9793,595.0337,-72.8601,739.7328,-85.7565,722.2739
637.4632,-78.5300,688.5483,-53.7377,596.6525,-25.2465,673.7484,-38.4922,615.5642,-100.4460,573.9918,0.2683,522.3519,-17.1111,536.3911,-79.7091,655.4349,-96.8161,717.2742
594.2407,-100.1561,645.7635,-69.2226,529.6953,-25.8523,646.7544,-10.0347,581.4691,-84.7632,533.1376,-68.9804,460.2202,-13.0497,459.7141,-84.8000,576.1722,-103.2934,632.8759
527.8688,-109.1318,599.1732,-68.5137,450.7256,-43.1485,634.6987,32.0688,555.2346,-48.9992,442.8095,-91.6506,418.9323,-0.9516,422.5434,-44.4089,517.4832,-85.8488,569.0977
394.1268,-111.4398,526.5137,-50.2292,402.5455,-57.5163,590.3544,72.5484,533.6375,3.2560,376.1383,-64.9084,411.6447,5.0241,410.3636,27.4628,469.8968,-85.0459,546.8924
293.5953,-77.6940,437.4128,-41.5520,384.1394,-66.5877,499.5710,78.6145,525.0076,21.4452,347.3828,-42.3066,394.5271,-1.8403,378.7159,64.8273,419.5353,-102.0552,469.7563
256.8754,-39.0963,380.7561,-44.0051,360.2164,-61.4540,414.4783,47.0253,532.3983,20.2012,308.4455,-50.9437,363.0307,-7.5025,336.6266,46.4909,341.7568,-82.5217,334.1400
196.2718,-43.1754,338.1957,-39.4144,317.8604,-39.3220,357.2679,20.1948,539.8137,51.3456,234.9489,-72.7931,329.0877,-8.2617,309.4045,20.2242,222.8639,-37.2593,239.4678
89.8834,-57.8992,259.4404,-35.0993,252.7538,-24.5236,312.7025,30.6575,514.4469,101.5950,137.1635,-79.1885,274.2611,-17.8820,301.7651,24.3485,113.9570,-16.9369,209.6058
-7.7292,-48.4760,174.8629,-41.7319,176.0743,-29.3470,278.0455,46.5318,453.8134,126.0474,50.3993,-67.8458,205.2650,-56.3562,315.6576,36.8302,64.5560,-11.8527,173.2760
-85.2144,-47.3262,118.0308,-53.6658,107.1400,-38.5728,241.3676,30.0708,390.0950,109.5943,18.4190,-59.6200,149.5613,-104.4668,325.4254,25.4084,28.1831,3.1148,106.6701
-158.3067,-62.2236,51.6662,-64.3172,25.1080,-39.7538,191.5139,18.5945,316.4319,72.3955,19.9433,-54.9383,90.7721,-98.5390,280.0730,2.7359,-41.7551,25.7716,69.8184
-214.8017,-52.7830,-24.9859,-56.5142,-73.3520,-22.2108,157.5843,55.0566,203.3799,56.7607,-20.1786,-35.0643,15.4434,-37.4161,182.8636,-3.9453,-96.5335,65.7572,85.1797
-250.0558,-22.9855,-65.0282,-18.4427,-122.9851,18.9500,153.1896,102.5161,95.1082,78.9440,-105.8321,-13.0060,-44.5688,-1.5721,90.8564,11.7232,-113.7148,119.3222,87.7691
-291.4897,-4.2415,-86.9252,17.4847,-114.8314,53.8189,129.3257,123.0777,52.7355,112.7556,-167.4153,-18.1356,-90.9238,-11.8375,22.4366,49.0079,-153.5419,148.9620,35.0740
-352.2365,11.0370,-130.6457,20.4904,-131.3278,55.7358,48.0486,135.3528,30.3846,137.8267,-181.0962,-36.2239,-157.2848,-15.3788,-54.2000,87.1072,-211.2421,146.8892,-37.4702
-394.3452,22.8969,-167.3494,11.4015,-189.8288,48.2430,-61.6673,138.3156,-50.6309,139.9220,-179.8080,-36.7131,-215.5639,-7.3513,-149.6373,86.6775,-222.5293,128.5219,-103.8683
-375.5414,2.0365,-177.6194,6.4570,-238.0173,45.7913,-155.9174,113.2565,-161.5703,100.4417,-186.5229,-30.2357,-226.2499,-7.6632,-221.5773,66.1846,-222.4578,82.1839,-178.6646
-329.4240,-39.7348,-203.9917,-9.4987,-276.6296,20.7734,-224.8922,85.8535,-221.5767,46.3528,-206.4979,-36.3270,-226.5343,3.8674,-220.1331,80.6422,-273.7324,16.6983,-257.8689
-335.6230,-53.2993,-256.5790,-24.3975,-317.9427,-17.8284,-274.0700,68.4159,-232.0661,27.6404,-236.9404,-40.3102,-250.4539,16.5072,-169.5134,94.6771,-318.2144,-22.3202,-326.7182
-393.3600,-21.5916,-292.7560,-10.7528,-332.2233,-24.1481,-295.4753,38.3844,-255.9222,35.6967,-269.9254,-23.0287,-272.2589,-7.6673,-157.4680,47.0164,-297.9583,-27.6295,-381.9158
-423.6617,31.2249,-305.2841,10.5207,-327.8046,-9.5060,-283.8636,22.1131,-305.2658,33.3110,-308.0900,6.9375,-288.5997,-36.9324,-201.4230,6.8386,-279.4138,-22.8128,-401.2697
-408.6196,60.7566,-323.3649,5.5245,-344.9161,-15.5127,-270.3258,44.0508,-340.3088,23.5730,-346.1756,24.4135,-319.9238,-33.0939,-234.1112,44.6850,-317.8857,-9.2156,-377.5309
-398.9666,35.7700,-349.6334,-10.2256,-372.9315,-29.1758,-292.5920,44.7755,-359.0464,34.1608,-360.3951,15.6920,-341.7551,-38.2321,-253.7156,66.0405,-369.3318,7.8768,-359.4479
-406.9219,-12.5383,-368.0006,-14.8010,-389.9773,-28.3671,-337.4423,3.2212,-396.2983,61.4119,-360.7798,-0.9617,-342.3033,-74.0630,-314.3526,-4.4086,-401.9063,17.9345,-366.3127
-419.4035,-31.3979,-381.6060,-30.7942,-413.4915,-29.6208,-369.8154,-6.8659,-446.4834,34.3088,-379.0212,-3.3258,-368.0863,-87.0142,-380.9097,-70.6934,-429.9878,36.0739,-344.4528
-443.8109,-32.9697,-398.9828,-69.6154,-446.6307,-32.7723,-387.2266,28.0744,-482.5640,-96.9867,-389.6870,-8.7880,-420.8788,-54.0846,-388.9833,-61.2990,-440.3600,58.3093,-277.0046
-454.4314,-45.7479,-404.3112,-83.9604,-453.9115,-20.1990,-392.8557,45.7552,-511.0506,-216.4892,-359.7694,-27.6217,-433.8452,-8.1024,-367.9295,-31.8357,-407.1279,54.3834,-218.7394
-407.3603,-35.1376,-378.5010,-43.7040,-404.2198,-5.5127,-372.5568,36.3893,-518.5742,-179.8747,-332.7227,-14.6445,-388.2909,30.9455,-351.9002,-11.9170,-337.7359,38.1670,-197.8682
-336.3525,22.0791,-339.7404,2.7947,-313.5783,1.2670,-334.8235,16.6308,-469.3989,-71.3786,-339.2495,37.8865,-327.1479,52.9262,-325.9425,7.8871,-259.9668,34.7926,-206.7645
-308.0189,73.6058,-324.1105,14.3522,-253.8580,14.0514,-318.1784,-18.3923,-417.6920,-54.4718,-326.8181,55.6900,-272.6098,45.7003,-325.2686,-9.1955,-218.0582,19.4056,-258.9522
-315.4922,78.0316,-330.5920,23.0657,-270.2785,22.6466,-352.8416,-38.8706,-455.3209,-104.7174,-273.1760,21.8387,-234.0201,27.1975,-389.9806,-57.1435,-252.8215,-8.3031,-352.3773
-326.6882,55.3655,-325.9655,49.1581,-311.2143,16.2035,-442.7539,-28.1574,-549.0880,-142.7926,-236.1302,7.3325,-240.2712,25.5646,-461.1370,-60.1170,-338.1883,-3.3042,-441.4288
-356.8402,29.4224,-308.1029,58.5532,-334.9586,22.8143,-555.0058,-41.3772,-614.2893,-186.8344,-250.7543,16.6064,-297.9621,37.9107,-490.8436,-24.5246,-404.4651,19.9962,-504.7782
-419.6569,9.3925,-320.6701,46.6108,-395.9170,46.3209,-634.2062,-87.6093,-660.1038,-236.0077,-306.4403,-5.0249,-380.2525,46.4406,-520.4088,-22.7063,-441.1865,11.2955,-565.7744
-488.6801,8.9344,-386.2485,45.2118,-518.2828,52.7218,-663.4069,-99.2338,-703.0873,-253.2392,-394.0743,-34.3533,-471.8181,44.7539,-560.6798,-40.5406,-483.8027,-12.6992,-622.3035
-524.9231,28.8166,-461.9456,54.0391,-620.9223,50.0185,-661.8539,-67.6049,-699.3591,-221.9103,-475.9090,-31.4031,-564.5989,40.8284,-577.2248,-29.9646,-514.1671,-20.1479,-628.9105
-505.3227,55.6583,-491.6669,61.9873,-641.8562,66.3531,-626.3595,-34.5530,-657.6521,-109.3082,-498.6738,-32.1831,-632.7551,45.0654,-590.0511,-16.9232,-481.8952,-25.1465,-566.3777
-453.9408,82.2238,-478.3477,77.6882,-602.7361,84.2508,-564.4075,-1.3478,-635.4806,30.6248,-485.7065,-41.3404,-657.0726,45.1390,-626.6401,-23.8795,-400.9623,-22.3909,-479.2980
-431.0955,99.5360,-461.0393,95.5044,-539.3350,93.6578,-528.6465,28.3286,-625.2858,38.4099,-501.2107,-10.8569,-638.8996,20.5354,-651.9139,-21.5681,-339.0335,13.6393,-427.7019
-451.6979,102.6742,-443.1506,109.0971,-468.7276,116.3661,-521.0862,38.7487,-592.5004,-56.1847,-535.0306,18.9228,-577.5035,-10.6744,-631.5923,-11.2681,-330.1033,59.5096,-420.8674
-468.2578,102.7798,-407.4922,122.8320,-398.6014,131.6683,-467.5254,54.6253,-533.4921,-62.3568,-533.9128,-27.5699,-476.3541,-19.5983,-563.5406,-17.9459,-351.3789,81.4876,-413.5611
-457.0405,86.2224,-370.0572,103.5534,-333.5837,99.2425,-360.0529,71.3132,-423.0559,2.6192,-493.5932,-100.9303,-366.0925,-24.4337,-449.9576,-20.5795,-372.2375,86.5105,-372.2437
-442.9743,21.4081,-350.0692,35.8787,-285.6826,46.4830,-279.7754,32.9620,-237.2650,26.3837,-436.8983,-114.9479,-278.9644,-47.7781,-317.3257,4.2091,-380.1785,77.6644,-322.6945
-431.5015,-49.0419,-328.2930,-2.4301,-247.4791,26.4622,-242.6104,-39.7041,-28.5858,65.4234,-367.4178,-87.1713,-211.2053,-61.7747,-208.8436,29.4397,-359.1982,49.7075,-306.0620
-381.5335,-37.8464,-283.3459,31.3097,-186.8575,39.0801,-190.7225,-71.1857,121.4298,119.9888,-283.5042,-57.1735,-144.5034,-38.8401,-140.6109,25.4604,-286.7658,29.6157,-307.3318
-256.6895,39.4807,-222.4204,63.1865,-112.8949,57.9237,-128.4737,-66.8181,181.8618,89.1800,-186.4223,-14.1777,-85.2826,2.9438,-105.3912,-1.6466,-170.3430,39.0641,-266.8939
-94.6466,86.0891,-154.6839,60.6359,-64.4110,70.6222,-96.7126,-57.6463,176.5398,56.1084,-89.7551,29.6552,-51.0147,38.4825,-69.0445,-25.0149,-58.6380,58.7947,-158.3727
5.4106,76.0965,-82.7428,70.9128,-33.6314,73.0603,-59.3866,-19.1918,151.0960,106.9626,-32.4643,35.5135,-37.7185,60.8726,9.3500,-15.9435,8.1194,73.2929,-16.5269
13.0396,47.7883,-19.5157,79.0613,-6.0340,71.0760,24.1114,42.3046,114.4149,119.6413,-19.0238,3.5021,-29.0442,60.3930,80.3718,23.7611,38.8950,87.9096,105.6175
11.4072,14.3857,25.9430,50.7099,-0.6588,76.3000,89.8945,75.8046,42.2646,96.1920,13.3781,-48.0916,-18.6976,29.4015,54.0128,52.6700,62.3759,99.4633,175.7962
54.3213,-1.6686,60.9783,37.0852,9.7386,85.4838,85.7479,81.7367,-17.7112,163.9491,84.3993,-103.0530,0.6339,-6.9287,-10.2531,46.3971,84.6508,104.3477,195.9716
106.5409,42.8602,90.7832,66.8723,77.4233,87.9496,88.1550,84.2830,16.2475,197.5346,125.3731,-115.0630,47.1459,-6.2451,20.0167,21.1962,103.0324,106.3443,190.7950
155.0048,115.7996,113.0845,90.0633,164.6519,87.8544,149.9869,66.9386,89.8322,69.8932,121.1924,-59.7462,124.0842,28.4953,109.8936,-7.6919,137.2472,93.7169,175.3316
218.7731,132.8441,133.8941,92.0720,211.5034,94.4392,182.8738,29.3436,94.3845,-18.6994,149.0532,-7.5438,206.8926,45.0683,150.8510,-21.5680,201.5534,60.4745,160.0388
269.2784,90.9371,172.1720,87.5830,246.7518,93.6355,142.3224,14.5143,78.0309,54.1855,227.3998,-27.3232,272.1399,27.3067,180.0167,11.2942,260.3589,38.1677,176.3527
285.5683,50.3865,236.9983,56.8467,304.4380,60.6406,135.0073,36.5157,142.7508,121.7807,299.4266,-63.4459,319.9965,20.7794,262.6460,66.0019,278.8433,47.9248,234.7526
304.3537,25.6271,302.5417,15.4415,357.7289,14.6267,210.5030,58.4542,245.9417,102.6699,356.3614,-36.4680,361.6371,42.3232,331.4339,72.3838,297.9967,59.5753,292.0597
332.9504,2.5791,335.2483,10.8702,389.1298,7.2567,273.7498,53.7630,297.7971,59.9576,410.6909,8.4208,400.4204,56.4571,323.7810,47.7558,371.6815,46.8695,331.6049
349.3815,-8.4047,344.7433,18.7994,403.3989,29.6577,287.9347,46.6215,305.7733,12.0878,432.6697,-3.2548,429.3786,59.6262,295.1212,75.8045,460.2083,25.5816,392.3060
385.7568,-9.7264,366.0579,-4.2352,396.0411,19.5529,316.9853,73.0427,310.4250,2.0515,436.9398,-27.4426,438.6878,76.5308,301.0160,139.7935,487.2220,6.6693,464.5214
470.7151,-24.8047,401.4136,-30.9400,384.8444,-22.2078,358.8950,117.2942,319.0131,63.3036,483.1425,3.4657,431.7954,86.6578,323.4137,149.4087,464.9811,-16.9763,499.1464
559.4987,-42.3703,428.1294,-36.8837,407.2936,-43.1957,379.1845,134.2296,331.3537,109.8328,540.0132,51.3997,437.9335,60.2139,341.0628,102.8981,461.1841,-27.1859,524.4905
603.8610,-32.8849,443.7331,-41.7007,467.4377,-43.2510,427.0087,119.1421,341.9518,107.8379,530.5893,62.2493,483.4855,19.8577,361.9500,62.4833,485.3557,-0.7629,581.2608
597.0204,-10.7608,458.6577,-38.8623,533.6882,-39.5429,514.4874,89.4820,340.7349,105.0667,479.9574,51.8927,544.4600,-2.7385,387.9844,44.4608,498.0360,39.3261,610.8329
552.0759,-4.2947,469.8537,-7.0235,565.2988,-9.6512,540.5341,42.3159,332.8516,48.6880,447.3713,38.7139,567.7941,-0.3017,405.1617,38.1131,486.6954,60.6372,570.9550
509.6434,4.9670,465.5708,32.6398,547.4752,36.3518,480.3156,-8.8969,330.5267,-77.7267,419.5076,33.4869,548.7607,35.2239,403.8663,29.5891,467.2169,72.0839,531.5827
494.6414,33.7254,444.8300,45.6737,527.9913,47.7004,449.9199,-27.2440,345.9715,-127.5594,385.6329,68.7957,531.4460,89.0768,389.9337,-5.8872,441.3850,90.2939,539.9099
463.8692,35.3272,431.5840,24.2064,551.5332,22.4450,492.9760,-8.0432,379.6430,-54.7282,368.5831,116.0333,527.2148,106.8468,374.5667,-38.3512,398.4608,104.5272,546.2495
413.3952,-13.0288,443.6963,-11.5566,573.0347,-7.3157,507.5073,23.2953,396.1006,14.9764,355.1011,103.2361,507.2437,74.6854,361.6931,-5.5868,354.1921,94.8888,507.6241
434.7178,-31.0489,449.6487,-26.0123,537.2223,-27.7818,434.4423,41.8439,366.3167,21.5567,335.7325,71.4459,470.1004,54.0723,349.3869,46.5389,344.7242,49.3559,428.2967
529.0672,25.3991,422.1931,-15.8767,473.5782,-24.6080,343.7102,33.7049,323.4503,-3.5292,344.5520,100.5446,435.5509,82.7081,335.9923,34.0294,363.4883,-16.1647,334.4303
549.8668,52.7086,399.0331,-19.8384,425.9407,-7.1573,304.4348,28.7774,312.1261,-28.3717,367.4078,122.6985,397.4134,112.8274,326.8815,14.6132,356.5222,-47.9500,281.7477
438.9895,-16.0915,399.7113,-43.2340,388.6917,-19.6673,296.7579,59.8010,327.2212,-36.2394,339.2680,59.5662,350.2686,92.5382,331.5695,59.7766,309.7144,-22.0577,293.9864
307.8221,-76.4016,367.2406,-51.6287,350.9065,-50.7635,279.5799,66.1559,341.0590,-79.7150,258.4548,3.5808,313.0602,45.2628,339.5848,82.2773,271.4143,7.2414,306.1087
231.7219,-60.6206,283.0422,-55.6099,313.1230,-54.3687,257.8537,-10.4840,335.6794,-181.1209,174.9651,41.4316,286.6604,17.8677,324.3679,24.7728,259.2776,-9.8648,274.1576
176.3270,-59.7754,213.7298,-95.1012,276.9223,-65.1485,248.8639,-85.2733,318.6076,-195.5311,110.7543,110.1542,257.4103,2.5470,289.5311,-9.3986,237.5149,-52.9615,255.8227
136.0530,-110.1379,193.2438,-148.6038,267.2445,-120.8729,251.8226,-78.4641,325.7281,-62.3102,73.0053,159.2294,246.7285,-21.9790,264.6455,18.3493,205.4864,-85.2937,294.0114
148.0882,-123.3253,200.9242,-158.0416,306.5574,-157.1132,271.0472,-57.9771,350.8808,38.0764,54.9005,212.2593,276.1347,-26.5773,250.5463,16.4727,204.0728,-90.4817,333.2061
177.9515,-87.8914,226.1412,-119.8279,355.1089,-129.5198,294.5759,-69.6201,326.7934,31.3436,15.8566,240.2032,305.2917,7.2743,225.9824,-14.0689,229.6583,-65.2454,309.5756
155.3659,-75.7254,232.8026,-81.4184,337.8848,-88.2700,264.6548,-54.4729,243.4016,39.9743,-52.4554,190.2238,275.5163,32.1257,187.4285,6.7545,229.9538,-41.3607,230.4124
101.9198,-79.9341,171.5982,-71.1188,232.1419,-65.3709,159.5820,-17.0575,166.6100,59.6765,-105.9716,101.6989,184.8855,22.5005,140.8790,46.7002,185.1185,-56.6249,142.8915
87.7334,-63.0091,89.8361,-75.7351,104.9587,-49.4022,58.0769,-21.5586,122.7136,10.8223,-127.9562,55.6377,85.0337,23.8954,97.1088,40.0623,137.2998,-85.0140,81.5177
97.4362,-53.4727,77.3496,-76.7460,46.2338,-41.3006,33.6102,-42.0272,98.3056,-28.0784,-124.6040,67.0691,26.8161,53.1478,69.7724,28.9741,127.0121,-84.0475,51.9665
75.5631,-63.1345,116.1109,-71.3413,57.8825,-34.7514,59.4275,-21.0722,86.0416,19.0711,-82.4700,83.2215,13.8542,65.9288,38.9528,50.4336,131.3418,-72.5431,49.2382
52.4208,-60.2466,127.3117,-59.8278,67.3616,-28.8051,78.1833,22.3224,46.4258,86.4529,-29.7566,57.6381,10.4949,46.6971,-14.8804,51.5385,104.4402,-76.5085,68.8096
72.0501,-53.9670,97.5368,-51.1681,50.3614,-48.8582,72.8205,50.0016,-28.9126,102.5409,-33.5285,12.5024,2.4003,17.7561,-39.0201,6.8102,58.8845,-79.0086,91.1346
77.1150,-65.7901,60.1688,-63.8662,40.3696,-75.9587,53.0015,53.9589,-38.3883,62.2317,-78.6365,-5.6453,11.2543,-16.3591,10.5316,-35.2490,34.5070,-70.7417,96.5208
17.0800,-75.2315,36.3134,-87.1199,42.8974,-72.9928,44.5632,42.3464,65.1873,37.4560,-90.3688,-11.0523,38.3048,-48.0846,71.8219,-41.3406,13.4119,-66.5783,90.4860
-51.0890,-77.2903,20.2664,-94.6957,39.2613,-82.4850,62.3840,37.3565,181.6158,116.3171,-69.5196,-30.7270,55.0527,-55.0338,89.6031,-22.2557,-32.7612,-78.2619,76.6820
-90.3693,-92.8243,-20.0457,-106.6466,20.1229,-131.9831,78.4320,36.2573,267.3920,218.1052,-62.8567,-45.0001,53.4660,-51.7301,111.0905,5.0275,-65.2064,-112.4773,49.1844
-140.6579,-112.7011,-81.0779,-143.2813,-25.9316,-152.9663,72.8603,8.3696,368.2861,215.1473,-59.1061,-65.4594,46.7998,-68.4995,163.5642,25.0823,-50.8300,-147.4013,27.3388
-167.0399,-117.1921,-95.9835,-152.4699,-76.2708,-124.4015,67.6055,-23.7431,418.0209,208.0044,-23.4080,-120.9317,40.8913,-80.4107,180.9286,18.2908,-22.5362,-133.9339,25.2734
-69.4713,-99.3178,-48.5164,-95.0657,-70.4605,-97.0718,61.9627,-19.0214,318.5684,275.3341,37.0175,-139.8313,41.0636,-46.8586,120.5791,-22.7168,2.3537,-76.4260,10.5069
107.3990,-42.3783,-9.0320,-20.2714,-15.0626,-54.3307,32.5644,-17.2216,153.2953,236.7637,95.8050,-59.3059,50.6284,8.7407,37.0100,-72.7853,49.5180,-32.9192,-30.2831
207.5987,43.9935,-3.0607,27.1450,19.7870,22.4197,6.1216,-54.5299,60.3820,49.8053,138.1381,22.8248,57.4886,36.7362,11.4514,-94.5558,109.8189,-15.1050,-54.1433
205.3205,99.8829,10.7402,54.2768,21.2733,57.9310,17.3190,-78.6673,39.0049,-67.5542,155.7741,20.4479,53.6983,34.9077,54.1800,-91.6029,141.0440,4.5202,-39.0449
189.5756,92.7272,31.5158,55.4557,18.3922,30.1189,40.8165,-60.6423,31.2650,-79.6158,144.1214,1.4451,48.1417,25.4323,90.0035,-93.2085,132.3024,21.0630,-2.8061
169.2869,49.6986,28.2049,25.5929,13.6477,12.7653,50.7727,-40.6113,20.9494,-108.9546,107.0275,9.0512,48.1777,7.6160,66.9380,-85.5286,99.6545,22.5106,38.3798
112.6090,7.2655,13.3054,-0.6589,24.3891,13.2125,52.7052,-36.1099,2.1542,-118.5183,62.6441,1.6966,53.2491,-15.1920,32.2493,-51.3929,64.9691,13.7477,50.3118
81.3357,0.9385,11.3910,0.0838,69.4354,-6.2086,37.6779,-44.6157,-20.8655,-95.6210,35.4434,3.8552,57.2300,-12.6434,28.4748,-44.3440,52.5936,-6.9301,8.7941
117.1096,46.0313,24.9869,19.7341,100.9301,-13.3688,13.7548,-69.9735,-32.2619,-148.6190,29.7090,42.8920,50.7130,17.9577,18.1188,-95.6124,53.9173,-20.4165,-27.4939
128.1897,92.8358,46.0613,49.0985,79.9241,13.8103,24.5941,-79.7003,-43.6789,-217.8222,31.3583,40.1602,40.4278,31.6216,-19.4560,-133.2278,36.4972,3.9943,-4.3840
68.0774,97.6883,46.3603,68.4025,46.3982,39.8608,57.3685,-60.9368,-72.6428,-185.0761,30.5002,-17.1296,37.2098,14.2605,-60.9202,-118.1833,11.3418,33.6362,15.4179
34.3987,102.8291,5.7822,66.1699,21.1494,61.4235,46.9084,-74.5861,-108.4081,-148.7290,11.0542,-15.3000,17.5715,9.1928,-113.8437,-115.1320,10.4413,17.4504,-32.0473
54.2240,136.1791,-49.8517,66.8819,-32.3720,81.6090,-2.7598,-126.5592,-134.0688,-185.5687,-42.3375,54.5938,-35.1551,34.6731,-167.0712,-141.2813,13.4745,-20.9496,-93.9215
22.4743,135.4981,-98.9583,67.0243,-113.8137,59.3280,-35.8294,-131.0027,-139.8876,-195.1241,-103.4622,76.3757,-78.3757,56.4661,-155.3845,-137.5601,-15.9834,-40.6405,-114.4128
-61.1297,75.0172,-143.2953,34.0057,-176.9934,8.1725,-53.7181,-81.9206,-132.5854,-166.8832,-132.6217,32.0644,-83.8903,53.0666,-91.4943,-114.3578,-61.2132,-38.9448,-128.1737
-82.9430,35.1214,-155.2120,10.7554,-197.5553,7.4543,-93.6157,-67.0310,-145.5454,-182.2360,-137.4967,-0.8982,-95.6778,37.1968,-75.6860,-122.5785,-88.0397,-2.9330,-179.4621
-60.4394,70.6965,-121.2317,61.7315,-185.9275,64.0332,-163.4855,-102.4029,-189.2553,-202.2920,-144.7096,3.0771,-145.9223,28.5150,-129.9312,-128.9192,-102.6871,59.3556,-269.6286
-97.3991,130.0310,-103.7192,134.8968,-173.2346,109.7441,-248.9033,-130.5570,-228.1857,-174.4133,-158.7637,32.6438,-207.5271,41.5042,-187.9286,-92.5877,-133.0240,78.1299,-375.1320
-162.8226,142.1212,-144.9772,143.5797,-189.6129,109.6997,-316.7747,-130.5713,-250.6953,-143.6756,-188.7569,69.8223,-255.9024,60.8008,-213.0339,-53.6553,-192.6069,34.7299,-445.5521
-183.0049,100.7074,-205.3181,98.8985,-237.4333,70.0804,-333.0578,-116.6352,-278.6879,-124.0288,-237.5207,64.6202,-287.2810,45.9595,-212.8142,-37.5897,-272.7526,-2.0654,-445.0286
-202.4537,49.1203,-258.6747,50.7480,-301.6536,14.7275,-318.2482,-102.3693,-303.9590,-92.0261,-264.7046,12.6744,-300.9742,5.2715,-214.3523,-20.6370,-343.3956,-11.2956,-414.9445
-261.6180,23.9595,-308.5581,23.0617,-359.2468,-6.8184,-323.9596,-100.4733,-305.6122,-73.7559,-247.1139,-12.7556,-318.8732,-8.2423,-242.8002,-17.0812,-371.8759,-29.6269,-415.8354
-310.5298,23.4219,-325.9362,30.3045,-376.8340,25.3066,-356.7070,-101.0098,-280.7494,-74.0498,-226.1783,4.4868,-357.8998,2.3786,-265.1872,-47.8067,-358.2470,-47.5856,-431.9694
-326.8267,21.7026,-307.4020,45.2923,-356.9699,52.8791,-392.1629,-81.6618,-217.9285,-34.8544,-227.6731,1.6000,-388.6501,-8.6703,-240.8731,-64.4566,-339.6160,-52.1461,-418.9490
-328.4426,0.4058,-304.3192,14.1741,-348.3867,18.2694,-423.9335,-56.9496,-129.0688,64.0777,-221.0423,-27.4183,-395.4558,-31.0548,-221.6720,-29.5778,-336.9822,-85.0271,-395.1207
-296.7025,-33.8811,-316.0810,-40.5187,-361.1578,-49.8541,-443.8528,-55.8252,-71.1926,161.7843,-191.9040,-37.6154,-406.0595,-27.6726,-251.8662,13.5059,-317.9893,-147.4747,-397.8036
-229.8740,-49.3840,-290.5340,-49.7158,-353.6855,-81.3976,-427.0746,-67.6875,-62.4867,188.3901,-161.2847,-31.3634,-412.3230,-10.0300,-263.0348,23.6833,-253.7332,-167.4609,-399.2283
-166.9776,-25.7393,-235.7063,-19.1695,-312.0255,-55.1850,-367.5870,-64.1231,-76.7545,142.3037,-133.4579,-27.3678,-375.0618,-0.2209,-217.1080,17.8277,-172.2380,-118.2239,-348.6975
-114.6592,3.1363,-190.3692,-1.3592,-254.5936,-9.9123,-297.0677,-42.6177,-119.4603,79.3528,-97.8032,-25.5388,-312.7725,2.6158,-184.1763,21.8169,-109.3642,-57.9461,-267.6526
-83.7245,-7.1868,-145.0654,-3.4943,-200.3990,8.5906,-260.4438,-21.7814,-173.6763,32.2357,-59.0676,-46.6069,-270.9232,-11.7194,-185.3895,37.1137,-73.3432,-34.1866,-225.9901
-108.7801,-36.5887,-102.9696,-4.1562,-171.5456,-9.8842,-265.9422,-17.4128,-168.1606,4.1342,-28.4100,-93.0865,-243.6540,-44.9052,-162.7299,46.8179,-77.6634,-27.5291,-237.9051
-130.0256,-41.9859,-106.0614,0.1413,-160.8648,-35.8174,-271.5873,-27.3386,-118.1480,16.1841,-13.2609,-110.4734,-208.6529,-59.4061,-124.3518,38.6240,-114.1364,-6.6791,-253.1063
-59.4465,-32.3738,-138.9274,-3.0926,-131.8883,-36.2776,-250.1867,-34.9471,-112.7643,65.6020,-9.8941,-76.6448,-168.2298,-37.6629,-127.2567,38.1583,-124.5335,7.1579,-235.3960
21.9275,-27.1259,-134.4005,-22.7225,-87.6871,-25.3126,-212.6855,-32.0286,-119.6297,107.4049,10.2586,-34.0175,-119.1845,-18.9479,-145.0851,68.4411,-104.4661,-14.9578,-189.8370
0.0074,-13.1680,-86.2659,-43.4274,-50.0157,-44.1572,-144.9081,-26.3608,-47.9457,122.5353,63.7522,-6.1986,-55.0903,-34.4413,-101.1148,74.5977,-125.5002,-32.0362,-132.0576
-44.0987,3.2991,-48.5458,-40.7654,-4.3365,-76.9751,-28.3002,-23.1428,49.6389,98.4716,114.0179,5.9550,8.9411,-61.2900,6.3575,3.0797,-169.4341,-2.7059,-63.6119
-14.7224,-6.9769,-43.4293,-29.4293,39.2874,-69.5145,87.9907,-11.8574,87.5482,24.5590,128.3652,-10.9566,60.4729,-64.6086,106.7233,-67.8858,-135.2726,11.7703,29.9498
12.0292,-36.7378,-46.2374,-46.7541,44.5005,-42.5401,163.2400,24.7312,117.4342,-5.5393,137.5670,-42.8207,106.0663,-47.5037,160.7809,-32.4495,-39.7722,-47.0450,144.6899
5.0856,-60.5564,-28.1925,-82.9646,51.2423,-57.2230,232.5411,83.3442,187.0464,97.0160,175.8175,-63.0409,152.4733,-38.8681,188.8291,58.8421,22.8255,-104.1982,227.4624
72.1139,-72.9313,31.7517,-86.7884,120.3347,-81.4242,290.8894,130.2366,224.1008,215.6360,219.2443,-85.8602,200.9666,-43.1912,197.4951,86.9603,64.2497,-74.2422,238.1453
208.3820,-58.5856,131.8832,-40.7604,218.9854,-46.3306,281.8414,144.8426,194.6426,221.7587,235.3801,-104.9187,247.8180,-33.8799,175.6897,65.9304,130.2793,-1.2763,225.2500
280.4018,-7.4063,226.4490,15.2473,296.6705,17.4327,253.6892,150.1250,173.2704,196.9399,230.4197,-75.2335,280.2640,-1.8602,168.0425,89.7257,182.4701,44.1059,250.7854
278.3511,41.0073,275.1632,45.7619,352.9221,50.3639,289.7488,163.4570,192.2608,199.8446,228.1357,-21.4364,289.9662,33.2949,212.0548,144.8711,202.9120,68.7821,282.5088
305.8654,58.2131,304.3282,66.6097,379.1138,70.9071,322.1663,161.3953,198.3432,133.7223,258.3145,-9.2583,284.7120,57.4585,232.9140,134.9769,236.2678,87.5016,259.6135
380.2199,69.1759,354.1234,91.5740,372.3509,96.5037,265.0450,126.3085,165.7579,6.7994,334.2466,-23.9255,281.0235,60.1357,172.2444,52.9862,272.1811,88.3933,204.6705
429.9900,76.5401,397.9367,89.3968,358.9426,93.4012,198.6512,76.9431,125.1340,-47.9996,403.3885,-32.9953,293.0779,34.4110,119.1050,-11.5738,267.7575,85.1868,185.3137
407.5088,65.3344,391.4623,63.0502,330.6178,70.4080,209.8584,37.5077,104.7527,-24.1215,401.4934,-59.8841,312.9021,10.6357,143.9885,-22.3309,246.9832,94.0723,213.6797
332.2399,77.1888,350.3238,71.9587,276.2649,77.9555,242.4883,17.2991,114.7751,-5.2027,357.7515,-85.8868,309.4183,20.3567,179.0874,-25.9376,240.5972,91.1814,239.1754
274.7736,127.6687,302.8958,105.7212,240.8951,99.8503,242.8963,14.4236,154.0572,1.7103,329.9733,-55.2292,280.2400,32.5898,181.4770,-37.7128,220.5801,64.7584,223.8097
262.9811,136.5685,245.8765,91.1108,233.0423,80.1683,248.8705,20.4203,198.2467,22.5842,290.1158,-3.6788,264.7884,15.1234,189.0844,-25.7694,165.1008,45.4625,194.4583
231.3895,82.4326,196.7971,52.5681,211.0006,38.3305,275.7477,32.3512,212.3264,61.4879,210.5579,2.7900,270.6921,1.9656,181.8034,-2.1256,108.6148,50.5349,199.2160
161.4545,62.8801,188.3375,67.0897,196.9651,39.5219,278.8778,47.4368,182.5380,111.6400,147.5159,-8.1680,254.3410,13.3038,113.7241,-6.5355,110.4064,66.5291,225.9642
147.8004,107.3246,200.7333,103.5523,211.2428,79.9342,234.6383,46.0411,118.4881,123.2476,118.0366,7.1499,196.1664,13.1041,30.7885,-28.5028,187.6208,84.5902,222.1719
219.8798,137.4347,194.2901,104.2100,183.9751,103.8508,176.9326,22.3534,46.1321,59.4381,67.4934,28.7731,124.3603,2.3049,-8.3091,-43.0672,266.9391,97.5922,186.4317
273.9719,129.6900,172.2804,100.9194,103.4084,101.2529,155.1927,12.5088,11.1646,-3.8762,13.3871,34.5643,64.5894,16.5802,-17.5339,-54.4021,257.6564,92.6049,162.6982
239.5800,114.0528,144.4788,107.7154,55.9302,94.2303,160.0913,41.2868,51.3910,24.0159,9.9181,26.8387,21.0105,27.6842,-20.4947,-46.7912,178.5103,75.4564,164.4618
147.6474,76.9134,103.2006,79.1846,45.5005,71.7473,130.3835,78.3603,147.2312,103.9596,10.4310,8.4405,-10.5358,-5.7351,-22.9991,0.0353,112.5064,60.5593,169.0247
55.1201,20.9271,65.0400,31.8963,9.1692,29.9453,61.3267,84.7990,226.9810,138.3443,-29.7108,-6.2342,-38.9229,-39.5618,-33.8890,41.1062,78.4250,42.7932,150.0711
17.3796,3.1691,48.1244,24.6970,-32.2620,11.5032,2.2105,58.0898,234.8804,118.6999,-51.7487,-4.2009,-68.1727,-28.2699,-37.3915,33.2542,59.1496,23.1172,91.0838
50.0194,33.0528,28.7015,46.6674,-40.4092,27.2029,-56.8992,19.1095,168.7853,109.9241,-39.8047,4.6858,-93.3400,-13.5321,-16.6088,18.4724,59.8047,20.4804,7.9616
82.1995,58.5624,-8.9467,57.0787,-51.1549,33.7485,-139.4740,-8.6395,50.3175,111.4588,-54.1151,13.5046,-111.7793,-26.5086,-10.3995,31.2825,59.5722,27.5695,-56.8709
51.2191,59.2494,-41.5024,56.8588,-87.5902,30.0719,-189.8629,-18.1083,-93.0079,41.0488,-77.4317,21.4489,-120.9566,-21.8003,-55.9749,27.0380,25.2431,21.5718,-93.6030
-9.9343,54.9048,-54.8617,58.5427,-121.9460,50.7082,-191.1548,-30.6607,-210.7778,-93.2842,-67.3562,23.6339,-122.9597,19.8518,-124.3942,-17.6281,-20.9208,16.0291,-133.6394
-50.5186,57.0056,-56.9701,61.2171,-140.6124,72.7620,-221.1317,-59.9508,-261.8550,-151.3572,-74.7881,31.6898,-138.8552,47.1573,-176.9408,-54.2720,-50.8961,23.3117,-187.5647
-63.4816,57.3966,-58.4289,56.5818,-152.4563,55.2224,-282.1260,-77.3551,-277.3016,-73.5756,-114.4315,46.9150,-180.2133,36.9410,-212.1482,-51.6530,-84.3981,11.0934,-234.2066
-57.2068,42.4646,-79.3914,35.3546,-173.2175,16.0134,-302.2576,-55.0610,-315.9039,43.0528,-118.1852,41.8216,-221.9414,26.8325,-237.2547,-33.4818,-124.4055,-30.3584,-262.6106
-55.5520,24.3119,-129.0571,12.1773,-216.7298,-14.1838,-306.2430,-19.5533,-359.9193,113.6253,-109.6557,31.1129,-242.8798,31.9918,-250.8167,-27.1350,-143.0392,-56.5869,-279.4577
-86.0076,31.4439,-177.9030,5.5855,-264.5812,-31.5261,-344.8474,-21.1414,-356.7804,122.8361,-160.7127,48.1168,-254.0292,16.7432,-247.6105,-38.6658,-153.9271,-52.2474,-301.1141
-131.6658,44.9761,-202.7953,-7.9495,-292.3093,-33.3113,-371.3528,-66.8731,-331.4388,71.6309,-212.3832,41.7968,-264.6294,-37.6912,-233.7340,-62.0649,-189.7391,-50.1233,-344.8640
-156.0146,27.3993,-217.4668,-39.5500,-311.3428,-30.0538,-364.4044,-113.7044,-336.1923,2.7436,-200.5672,-28.7788,-272.0385,-92.8120,-243.5653,-87.4585,-231.5245,-54.4638,-396.8617
-158.2042,8.4247,-223.8989,-41.1705,-318.7462,-39.4938,-372.6261,-122.4574,-354.4807,-37.1292,-202.4979,-80.0185,-277.9479,-100.0584,-296.3954,-105.0193,-244.9423,-35.2257,-417.1327
-162.2190,22.9411,-207.4183,2.0783,-276.5773,-37.3531,-377.3385,-95.7308,-358.0159,-67.7867,-259.7906,-59.2473,-271.2993,-69.3523,-350.9349,-100.9509,-238.3343,13.4500,-395.7595
-188.8143,30.6873,-181.0966,33.5166,-193.5427,-0.3160,-336.2880,-59.0987,-357.7214,-93.1198,-290.1974,-42.8709,-240.7798,-57.8439,-372.3494,-75.6456,-238.7603,62.8384,-359.3804
-224.1727,9.3366,-168.5805,29.0934,-138.8880,32.4745,-295.3596,-27.7404,-343.5234,-78.0006,-274.4657,-67.9057,-220.7793,-79.3391,-386.4714,-64.4877,-254.1652,79.0197,-319.3651
-214.4494,-0.8865,-174.1940,21.7330,-151.9618,28.2516,-280.9501,-2.2237,-302.9807,-44.1063,-285.1589,-82.0011,-246.0664,-81.0220,-403.2843,-81.2097,-277.3925,58.4879,-263.7064
-165.8185,-3.8555,-195.6499,19.1531,-199.7382,12.6451,-250.6836,22.1778,-283.4427,-10.7316,-326.5496,-74.2470,-277.3645,-42.5250,-385.8622,-74.7956,-301.1886,37.6609,-196.2481
-167.2390,-37.7424,-222.4469,-0.0079,-228.8448,7.4391,-219.7477,48.0753,-303.3241,48.3555,-338.3345,-72.1670,-264.0886,-16.3389,-332.8004,-25.1338,-319.5085,38.2074,-147.7970
-225.6161,-75.3031,-238.2979,-31.5088,-242.9365,8.9119,-231.3329,65.8167,-297.7327,73.5754,-306.0138,-83.9375,-237.0478,-30.4574,-284.4267,0.5070,-323.6224,39.1027,-146.7689
-250.2339,-74.8000,-253.5223,-43.7031,-291.5938,18.8119,-248.6575,63.3114,-249.6575,-0.4984,-262.3493,-116.6689,-248.4806,-45.3977,-250.0794,-29.5497,-303.3390,37.8931,-177.4581
-229.2745,-51.2518,-284.7288,-16.5042,-354.4599,29.9089,-237.0507,52.0415,-219.3688,-64.1755,-233.7575,-138.0118,-276.7419,-33.9267,-211.3310,-50.5583,-256.8047,57.9720,-184.2062
-205.5573,-23.1097,-306.8992,23.5595,-344.9385,27.9582,-227.9087,51.4247,-214.4667,-28.2182,-212.4193,-85.3645,-270.8568,-11.4229,-165.5358,-21.2594,-201.1912,78.4906,-150.2213
-162.0376,8.3953,-293.2560,29.9271,-269.4686,22.5457,-229.9494,49.7620,-200.7870,7.2052,-173.3160,2.5036,-233.5499,11.6765,-126.6120,25.0338,-165.9889,65.0892,-125.3616
-121.1639,28.0429,-261.6935,12.1306,-215.4094,22.5930,-218.4591,26.0124,-196.1984,-11.5954,-134.3099,31.0147,-198.7011,31.6171,-112.9415,58.9092,-164.6138,47.8988,-133.9381
-151.0798,29.6629,-232.1836,15.9802,-187.8749,19.3206,-197.5603,-1.2278,-216.0800,-21.2429,-136.3019,19.1397,-176.9101,35.1744,-125.4492,71.2882,-173.2545,65.6558,-132.9791
-192.7876,18.4685,-208.1237,30.5589,-148.9481,20.7289,-181.4108,1.7324,-224.4072,-38.7853,-151.6425,23.0924,-163.5013,25.4422,-132.3497,53.7532,-162.0197,96.7968,-98.7314
-171.1529,-13.1900,-202.9053,17.2008,-132.7716,37.9287,-180.2803,26.8492,-211.9296,-93.2973,-133.6765,10.5996,-156.7738,17.7976,-116.9106,33.0163,-144.7925,115.6131,-66.7575
-178.3511,-47.9833,-213.5978,-7.2742,-154.4248,50.1198,-205.7242,40.5701,-207.3965,-115.3652,-118.9138,-27.6988,-146.0208,9.2655,-106.4385,45.4434,-151.2779,127.8108,-67.1635
-250.0321,-48.8373,-209.7002,-16.0210,-153.3095,35.7826,-226.0058,35.2491,-208.2942,-101.0563,-142.5126,-32.8038,-121.7705,-2.0121,-111.2254,64.0792,-167.8677,126.5687,-93.3039
-246.1917,-33.0607,-188.5680,-25.6598,-123.0381,0.5774,-200.2128,24.5580,-189.1307,-117.3746,-158.7320,-5.6861,-103.1628,0.2459,-106.2356,44.1068,-168.4354,97.4236,-119.8748
-165.4602,-37.8306,-174.8339,-41.2507,-121.4526,-35.0093,-161.8889,11.6808,-145.2407,-132.0997,-147.8891,12.5526,-113.6233,17.4479,-90.9211,1.4133,-166.0277,55.5179,-116.4034
-163.9537,-44.2220,-166.5669,-40.7836,-143.9962,-44.8059,-154.5614,-10.6955,-108.8169,-99.9668,-149.0820,35.7770,-142.4946,30.0274,-86.1774,-32.5659,-174.4599,25.0649,-93.3919
-206.3629,-31.9457,-153.7515,-28.9177,-145.6856,-28.5321,-160.1752,-46.8477,-136.1065,-72.9238,-156.6597,69.0265,-168.2656,29.4275,-91.7372,-58.3759,-170.7695,8.2797,-113.5553
-154.9906,-27.2934,-151.8884,-28.1424,-137.3054,-25.5901,-170.8514,-88.4561,-216.0854,-79.8862,-143.5195,71.6130,-187.9105,20.8347,-96.0851,-67.6520,-149.0432,-8.5249,-188.7854
-95.1474,-45.5081,-168.5453,-43.0803,-154.0917,-48.1519,-196.6717,-108.4010,-235.8189,-91.2986,-137.8948,37.2724,-196.6244,10.4843,-78.3663,-44.8581,-153.6846,-36.0559,-241.1503
-155.3843,-74.3887,-192.7521,-71.5494,-184.3120,-65.8900,-195.2424,-87.2191,-147.8432,-88.3358,-155.5990,-10.0251,-181.1560,2.4906,-17.5282,-11.3130,-209.7420,-63.9068,-226.6613
-239.8252,-104.2188,-213.9988,-104.2044,-181.8723,-81.0684,-135.1166,-46.9072,-58.7413,-45.2288,-161.2297,-69.0801,-148.0970,-14.2605,36.9590,6.7142,-270.5312,-70.8065,-189.4466
-237.0685,-114.9103,-206.8525,-113.2677,-135.3359,-105.0062,-61.5418,-15.3066,-49.0663,31.5226,-145.5495,-131.3997,-118.7746,-55.9098,0.9557,14.0396,-278.0528,-61.2672,-155.8868
-198.7561,-88.3187,-158.0644,-85.3657,-94.4768,-95.7198,-10.9757,22.9297,-77.4205,68.6794,-126.9356,-166.5028,-95.5252,-103.9635,-86.4419,15.3036,-243.6429,-56.3525,-100.8169
-172.9240,-49.4795,-118.1594,-48.6316,-97.0880,-48.0261,22.7548,81.7214,-105.6260,51.8679,-105.2969,-158.6373,-65.0128,-119.7227,-102.9057,14.7618,-224.1645,-54.6150,-34.9469
-146.6842,-40.0508,-132.5456,-40.4697,-111.6416,-36.6214,34.9034,122.4949,-121.7225,30.3206,-86.5573,-114.8136,-26.5503,-101.3061,-47.1464,32.6145,-231.3478,-43.7963,-7.6145
-144.1801,-65.4036,-153.2753,-58.4545,-104.6686,-66.7995,30.4947,107.8918,-88.3327,-11.9776,-75.9344,-68.2443,4.0805,-79.7681,-10.7276,53.0885,-217.7229,-24.9929,-22.5586
-157.4811,-85.5209,-116.2255,-56.5732,-86.7186,-49.5010,27.4065,57.7128,-32.2005,-83.0124,-49.5631,-63.3746,15.9949,-69.3680,0.0155,29.9420,-148.2476,-0.3421,-32.3235
-103.7568,-50.2600,-41.5723,-5.4937,-55.6248,24.1245,9.5182,17.5217,-37.8444,-111.1986,-9.0781,-90.0453,19.1199,-59.8661,33.3708,-6.9217,-42.4063,26.5627,-7.9596
5.3323,24.0372,20.6489,53.5986,-2.1561,67.7962,-17.0652,15.5229,-68.0010,-87.7030,12.2568,-88.9837,27.7417,-45.3878,80.0631,19.4877,43.1312,40.0353,32.2016
54.0917,53.6983,59.8691,59.7646,42.5365,54.3588,7.7109,46.2163,-9.7672,-65.4254,30.9177,-43.0795,40.0252,-35.1769,114.2607,84.5313,65.7190,32.4750,63.5286
40.1204,22.1344,78.5696,22.7409,64.1238,28.2068,77.8281,69.7787,103.1602,-28.6455,79.7107,10.2531,56.4022,-36.7423,138.9684,107.7474,55.0001,13.6119,89.0124
55.6045,6.3136,80.3713,5.4589,95.6883,14.8379,109.2166,61.4495,159.6463,28.1704,129.2728,38.4844,90.3833,-37.6546,154.9829,104.7538,82.5814,-5.7528,117.1803
82.5856,26.1020,86.9584,31.9932,142.9634,19.4962,97.4967,54.1934,189.0179,44.7347,160.0556,32.8820,139.2000,-17.0217,175.8976,119.4521,145.1660,-10.0993,148.2416
63.7260,27.6256,111.7210,60.5365,182.9802,40.9896,127.4974,82.9753,275.7516,24.3164,205.5261,9.7748,187.8557,20.8035,228.3966,113.3450,168.0560,15.5607,197.6128
71.2622,8.5262,142.1507,45.8707,222.6806,49.5013,225.0257,125.7833,371.5826,21.1651,259.7559,1.2384,245.3014,44.5722,293.4659,79.3565,150.9297,51.9664,277.2198
169.7302,-0.6735,174.8366,4.0349,276.9539,27.5865,329.7698,142.2456,392.5417,42.0296,292.4983,12.0785,320.7667,38.3373,339.4345,96.0530,173.0611,58.5124,357.1273
272.2899,-5.8866,228.4395,-10.9123,344.6980,12.6053,399.9618,125.2133,387.7483,85.9764,341.6894,26.1236,391.9155,25.6994,392.3197,155.0925,241.3041,31.6935,416.9592
309.7794,-1.2119,303.9288,8.7347,425.6864,27.8184,471.3326,103.5097,458.0808,135.4695,439.3114,48.8884,449.6634,34.0866,478.9351,153.3306,287.2281,12.4942,492.1037
336.7688,24.7493,373.2004,18.9441,499.2043,32.4931,586.5939,115.2524,591.2999,134.5561,528.4099,74.2312,513.9446,48.5323,571.3201,106.3656,305.4443,31.9699,591.7031
389.8882,38.4342,424.4666,7.9786,537.9114,8.2922,692.6411,153.0661,688.5021,111.1196,567.4731,65.8377,576.6469,38.2515,640.7160,121.2225,362.1848,74.0979,663.9772
457.8290,42.6932,480.9597,12.8364,569.6744,9.8030,716.0835,159.3405,706.7363,128.8572,595.8788,39.0028,611.5129,20.6742,682.3998,171.7794,485.3280,100.6058,694.6938
556.1998,94.6404,554.7138,52.4995,628.1156,62.3731,712.7751,114.5037,693.0135,104.7326,640.7445,64.6628,632.9741,38.7720,697.9095,149.8689,627.4877,98.4853,712.2478
661.4424,167.6918,616.9167,107.4009,678.1882,109.7968,762.7331,59.9193,697.0261,-25.7969,685.1700,148.3602,668.9290,86.3003,711.5594,75.8928,724.6292,82.6880,704.4003
703.6436,182.2941,642.4764,147.9211,689.1390,119.7302,806.6866,24.1877,714.1090,-110.5385,727.5894,211.2796,712.8913,122.7562,739.8402,47.5239,757.0558,68.9073,665.5728
701.0629,161.3058,646.9405,154.2519,694.4384,127.4491,789.0296,25.7034,720.2582,-42.8213,772.2887,206.4083,746.8815,132.1841,745.7842,71.7196,748.6791,71.8970,653.9189
722.8883,156.5026,652.4514,136.4641,722.0474,141.6988,777.0159,88.8111,717.2775,52.6034,795.5908,162.8902,761.8674,116.6090,710.1233,94.2606,715.4504,96.8197,687.9140
748.1514,133.0625,661.5887,124.7038,755.2585,130.3005,780.3364,162.2690,714.8820,81.6018,780.5029,125.4921,752.3707,91.1697,675.5863,96.3248,659.8094,113.1189,701.9691
718.9206,87.1638,667.7212,125.7643,762.0659,102.4672,725.3953,156.1260,700.8053,106.1544,747.5263,118.1598,726.6750,95.2427,660.0255,89.3551,617.7899,92.2625,669.8544
629.0192,87.9538,648.4557,126.1767,712.6785,91.0200,656.7040,103.1221,666.5255,149.5521,722.1911,141.5484,690.8477,126.7149,642.7719,92.3696,621.1018,60.8003,638.4407
505.1971,112.5142,582.1837,117.9730,613.0599,86.2240,658.0132,98.9844,632.8962,151.2961,694.8896,156.4585,627.0707,118.1675,626.5001,114.4534,620.3674,53.8158,629.9990
425.4179,65.6420,502.6900,87.1869,524.0309,70.0680,666.8759,125.1393,610.4114,107.7417,639.0598,106.4093,540.0004,57.0285,596.5303,123.9374,554.7023,65.5747,622.9739
460.0602,-23.2412,476.5746,35.0728,494.0275,51.6265,620.6346,118.1324,574.7349,93.4495,562.3173,1.9888,474.0014,14.1169,512.6995,88.6398,458.8937,82.8035,594.8317
519.6539,-45.9378,505.6546,9.2200,501.3027,34.0101,574.9928,91.9632,528.5544,141.9609,495.1769,-67.9298,438.9648,9.7337,406.6200,35.2477,400.2352,88.8008,530.7279
474.6287,-12.4829,519.4875,28.7892,487.1165,16.0208,546.7172,62.7952,526.5142,180.5563,430.1339,-58.0707,398.0191,1.0373,338.8516,-0.5282,371.7410,54.5796,442.6370
379.5599,-8.0133,471.4240,34.7266,418.5589,7.7637,497.8309,23.1888,584.6710,153.9915,342.7840,-24.0409,341.1871,-12.4070,289.8339,-23.4269,330.2052,-0.7843,373.1990
327.9849,-28.6146,384.5784,0.1884,326.7831,1.0232,460.0772,15.4428,637.2881,148.1552,261.8004,-12.5658,287.7877,-10.8369,245.4653,-29.5874,275.5439,-26.1224,332.7640
275.6923,-19.7203,307.7180,-16.8135,264.6119,-16.9446,446.4484,55.8821,624.7332,232.0268,225.6456,-6.5915,237.7022,-11.2088,249.8926,-6.8625,237.5248,-38.1467,277.1749
209.2322,4.7846,256.8802,10.8271,214.6553,-22.0192,382.2310,67.3867,556.4357,296.5929,204.3837,-8.0879,183.6595,-16.0962,271.7502,8.5390,233.0754,-69.4765,185.9199
193.8878,8.7227,206.4550,41.2413,132.7862,2.8865,267.1058,16.1782,468.4329,246.6199,153.8423,-35.6205,130.7250,-7.8032,235.9611,-13.1959,253.2325,-75.1892,104.3032
176.6117,19.5691,142.5676,55.5773,59.5209,28.6969,190.8904,-33.7902,372.4665,162.7589,86.0780,-40.8852,76.8783,0.9973,183.8067,-30.0993,262.5795,-39.2398,71.4931
70.0568,66.4825,87.8777,69.1431,39.0389,35.9658,149.0288,-51.3895,261.9288,136.8911,23.4312,27.1633,17.6912,3.8831,165.2803,-9.2111,220.8864,-32.6577,53.7232
-47.2353,100.9867,46.5129,73.5115,9.5524,36.1997,61.8686,-57.1327,143.4348,166.2282,-42.9507,111.5513,-38.3201,17.6158,105.3097,18.0712,115.0869,-60.3682,-6.1668
-91.4441,67.4644,-12.9982,52.8476,-74.4149,30.2818,-58.2971,-40.3140,38.2087,220.3108,-118.2713,126.7543,-85.6088,21.7442,-25.2358,28.0937,-31.0628,-46.9999,-95.9592
-128.8325,3.4583,-98.1016,24.2135,-150.8710,19.0876,-132.4838,7.6530,-53.8956,244.3227,-190.5041,85.6393,-127.5330,-3.3115,-129.8840,26.2601,-163.9566,2.4806,-156.8305
-206.8869,-9.2143,-181.4937,16.5201,-183.0542,20.6678,-153.6599,47.7572,-150.0808,200.5302,-254.9164,58.4103,-169.0709,-7.3527,-178.4242,9.1564,-229.7137,28.7075,-185.1636
-271.2834,33.0089,-242.5416,30.4295,-212.6712,34.2637,-182.2828,55.5281,-230.6163,139.2053,-312.8496,73.6581,-220.0938,44.0667,-220.2552,-7.2706,-227.0276,37.5767,-219.2471
-293.4692,57.2783,-268.1493,37.6338,-256.7090,44.1517,-233.2349,53.9559,-265.9395,87.0234,-353.5743,106.8993,-278.3667,98.6526,-237.5979,9.1244,-211.9683,44.3232,-253.3393
-295.5160,34.8354,-259.5380,24.5035,-297.3031,54.8535,-259.2401,66.8580,-289.1283,4.2419,-358.1055,120.7096,-315.4341,109.7474,-222.1842,34.5865,-223.7868,26.0432,-264.5325
-292.1874,13.0372,-257.5588,15.2468,-324.8724,65.6827,-252.8854,90.9127,-333.1035,-57.3300,-330.5950,102.7697,-314.7047,96.2045,-251.2462,25.1875,-246.9448,-2.3085,-270.9354
-297.1229,11.4676,-284.3930,22.3257,-321.9868,54.2157,-265.5007,106.6603,-356.4676,-9.5509,-315.8960,73.8901,-297.1595,85.1962,-328.5969,7.3561,-268.0327,-0.3532,-287.7922
-316.6016,-3.8727,-294.1068,22.4150,-290.0722,25.9443,-299.9351,102.4445,-344.6616,82.1941,-341.1715,51.8780,-285.1190,80.6636,-365.9982,24.6038,-296.7332,26.8083,-299.9427
-336.3175,-23.6547,-262.0283,17.3789,-273.5348,19.7065,-313.8887,86.7378,-365.3862,108.1067,-361.2834,29.5165,-283.3005,74.9944,-367.9860,55.8642,-313.1808,58.7935,-313.8087
-344.2991,-2.7918,-242.7469,37.5965,-295.1666,44.6533,-332.7896,62.9697,-433.1969,63.7606,-340.3874,5.3011,-301.2811,56.7239,-398.6452,64.7299,-282.9818,82.3636,-354.4942
-324.0301,38.0831,-279.2047,65.7506,-342.2139,66.0644,-394.8591,18.6364,-471.1323,-23.7019,-330.6187,-2.6236,-345.1320,30.8937,-421.1183,51.9331,-230.9266,72.1051,-408.5437
-275.5947,48.8726,-341.6594,58.9086,-408.1997,61.0253,-438.0161,-35.4838,-453.5754,-106.7909,-371.7603,5.0508,-394.5416,13.0664,-382.5762,29.0456,-216.5731,42.2056,-436.0048
-264.2997,41.0014,-384.4637,36.3011,-463.5959,52.0189,-415.3825,-60.3947,-442.6436,-112.8883,-408.3369,-0.3182,-424.5187,-2.6883,-341.6938,4.1804,-248.6483,51.6492,-426.8172
-330.1547,37.6139,-401.7654,42.6262,-468.7585,65.5308,-406.1065,-44.0251,-485.4908,-80.6864,-401.7797,-21.1894,-433.3622,-22.9827,-360.6239,-15.3038,-295.5519,89.5331,-419.3016
-402.4633,22.4902,-420.8949,57.4688,-459.7358,73.9128,-469.2054,-20.7969,-564.9285,-101.1050,-401.9054,-18.3808,-436.1988,-31.9112,-404.4418,-31.8868,-344.6017,73.4216,-459.6325
-430.2865,-7.8856,-459.8164,28.5935,-490.9959,30.0583,-537.6522,-25.7901,-613.6041,-124.5032,-435.7763,16.6610,-451.1922,-29.5761,-421.2346,-42.5305,-395.6252,-5.1346,-530.9146
-457.9343,-40.7782,-496.9002,-36.8433,-529.9603,-43.0302,-545.7368,-50.3389,-580.2952,-83.9255,-463.6937,30.8912,-487.3821,-34.7161,-409.1854,-31.5801,-442.4147,-59.4600,-569.3397
-491.8222,-76.5680,-509.9208,-76.8053,-539.0776,-75.7594,-524.3842,-53.5525,-523.7966,-52.4222,-479.9692,-3.4652,-524.7911,-37.4914,-397.1956,-2.0949,-479.4438,-42.2791,-568.3489
-489.8167,-97.6293,-516.2891,-63.7630,-549.2714,-61.1185,-532.6953,-21.9708,-546.9109,-82.3099,-518.4034,-41.0404,-527.4609,-19.4772,-420.1266,24.0227,-496.7818,-9.1104,-574.0413
-488.1914,-92.2693,-528.3008,-47.2291,-573.1696,-53.8475,-581.1555,7.7189,-628.0827,-123.8394,-559.8264,-44.7845,-504.1282,1.0855,-476.2854,36.5884,-496.7329,-34.7548,-585.5305
-537.8437,-99.5736,-536.3270,-74.7878,-589.8706,-77.1132,-628.0593,6.4169,-664.8441,-147.5581,-561.1295,-31.9952,-513.3495,0.4370,-511.0037,37.4550,-514.2057,-105.0575,-573.5869
-590.3319,-124.0372,-550.7008,-113.1407,-608.9272,-107.3702,-632.5388,-9.3085,-642.9251,-136.5455,-548.8771,-19.2116,-569.9003,-15.2121,-503.3268,35.4885,-564.3102,-136.6814,-554.5585
-600.4396,-107.9606,-567.7933,-112.6795,-626.0444,-125.5666,-608.0422,-13.1191,-614.1499,-62.8328,-570.0841,-4.5403,-612.1064,-29.3517,-508.9076,42.5019,-604.5646,-113.1531,-550.3445
-605.9974,-62.2450,-551.5656,-92.8616,-604.3754,-129.6310,-588.1321,1.8400,-593.1546,22.3085,-594.4564,6.8432,-606.3260,-30.8443,-548.6708,45.9015,-604.2502,-103.6727,-549.7228
-624.2889,-51.4416,-524.0862,-88.2667,-566.1136,-119.3963,-568.9802,18.9295,-581.5375,32.8186,-575.7998,18.9473,-595.8226,-15.9362,-561.7982,19.9656,-585.2909,-118.9146,-549.1988
-613.1957,-52.2621,-542.7863,-83.0612,-564.3887,-93.6524,-543.9002,2.1863,-589.3931,-40.3782,-550.5352,43.2869,-608.9670,5.5261,-531.5361,-20.2073,-565.9676,-100.2468,-549.6645
-561.1153,-20.0031,-570.6694,-58.2554,-575.7267,-56.8006,-544.1957,-50.9802,-606.1877,-150.6236,-565.1184,62.2416,-623.5558,22.9972,-528.6428,-28.8129,-547.4990,-65.5808,-542.4217
-511.3317,1.0840,-545.1314,-29.3310,-561.6682,-25.4203,-596.4455,-84.0883,-636.5475,-224.6889,-581.3277,57.4569,-630.7817,38.1448,-587.8400,5.7491,-538.9240,-76.5072,-539.9384
-495.1430,-12.9348,-508.6479,-13.1336,-546.9946,-14.0978,-670.1045,-71.2478,-700.7862,-214.1654,-557.5521,50.9028,-629.5472,50.3194,-660.4093,40.7511,-529.1555,-90.5545,-539.6799
-498.1545,-12.4771,-503.1405,-13.4241,-535.2971,-15.8721,-688.4686,-59.8686,-753.6581,-187.8498,-531.9011,59.1006,-597.9515,50.6042,-694.6478,19.8846,-499.2677,-45.6780,-496.0022
-494.1310,2.9131,-486.9291,-23.4180,-490.1612,-17.8281,-613.9390,-73.0049,-725.5061,-211.1971,-531.3830,62.7275,-549.3956,40.0589,-672.7343,-54.5650,-473.6407,-0.2140,-421.1725
-477.0823,-5.4426,-453.1174,-19.5219,-436.9481,-15.6851,-524.3059,-82.1980,-646.6940,-205.7414,-504.1580,55.4999,-524.7560,36.2171,-604.4473,-102.5562,-465.7998,-7.8981,-401.6731
-441.9226,-9.0743,-431.7682,11.3032,-423.7047,0.4695,-518.8217,-90.1201,-592.4341,-134.4039,-419.3514,55.2951,-503.4105,52.3118,-533.5699,-75.0666,-426.0133,-5.9956,-445.9938
-375.4716,26.9372,-393.9208,47.9587,-412.4869,28.2069,-555.1261,-112.8606,-542.7764,-91.6592,-331.1441,55.3952,-446.7397,68.9747,-488.5149,-27.3123,-337.0705,38.6154,-462.9869
-301.7328,57.3479,-327.8609,62.3769,-357.7021,30.0129,-525.7869,-118.1036,-440.0697,-85.2315,-291.7661,25.0611,-389.9055,46.2303,-440.4578,-15.4734,-267.8384,66.9268,-410.8562
-264.6290,30.6725,-281.4695,41.3361,-302.0502,-5.6099,-446.4925,-90.3575,-325.5605,-60.6653,-278.9008,-29.9359,-362.9539,-12.6279,-372.8961,-29.0171,-259.3358,71.9579,-329.8728
-246.3451,-28.8361,-241.2162,-7.4931,-275.2876,-27.0956,-382.1556,-75.5435,-273.5764,-76.9265,-237.7150,-54.8437,-315.2883,-50.0694,-305.3416,-60.6258,-264.8225,93.5677,-254.0041
-209.5188,-58.6168,-160.4625,-45.2703,-225.6263,-13.2666,-294.4410,-88.3781,-245.1008,-135.7097,-155.8879,-28.5812,-213.7591,-42.9956,-215.6147,-100.5134,-235.8600,95.0953,-179.4920
-176.0595,-38.6403,-81.5796,-39.7940,-125.2415,-13.0618,-145.9212,-81.5646,-153.7001,-103.6845,-73.0238,-11.5632,-96.1393,-36.6397,-82.8550,-96.7909,-170.6456,47.6340,-85.3519
-144.5488,-6.6213,-39.7912,-9.7285,-10.2802,-33.1382,-11.4376,-47.9068,-32.2831,-6.2901,-12.4574,-41.2267,5.6945,-55.9747,22.8249,-53.8763,-76.6410,27.2106,26.4507
-54.3711,16.0916,23.6721,20.4848,95.2897,-13.0168,49.1057,-48.9066,28.5412,-17.3643,60.8339,-50.6756,86.3027,-64.6186,62.6700,-52.3102,45.5582,63.6905,107.2716
81.5231,51.8660,126.9330,55.6870,181.3783,44.8651,82.6930,-111.1982,58.8082,-129.8078,176.1899,7.4803,141.6769,-39.4693,128.5463,-93.1576,177.9329,70.5580,131.7321
190.1480,82.0745,214.1398,78.3073,227.0440,62.4415,141.9674,-173.8345,140.1376,-197.1503,297.3978,64.4544,190.3150,-10.1552,267.0328,-97.3297,280.8256,23.6309,151.5007
285.2448,55.4141,274.0207,56.6851,252.8728,25.4692,221.5184,-174.2238,243.3524,-179.2539,376.7915,63.9167,255.5503,-4.3547,392.7451,-59.0832,340.6165,-6.2736,213.2670
391.3563,6.4615,318.1146,15.3662,303.0381,-3.7092,309.4502,-130.6605,325.1786,-118.6561,417.8969,44.9909,320.9446,-10.0031,468.2112,-27.1771,394.2532,-17.4237,296.4933
431.4072,5.4233,326.9282,-3.2689,354.8337,-9.3497,404.2976,-92.3502,435.3268,-54.5808,452.7978,38.3591,365.4430,-4.5053,535.3353,-5.6979,462.1315,-55.5521,370.9306
388.1981,22.6230,326.3531,-9.2957,374.6425,-27.2391,486.0671,-63.0610,559.7164,-21.7162,504.2250,33.1417,398.6041,10.8971,569.5393,11.6403,510.2439,-82.8088,431.8137
378.6425,5.7283,379.8387,-20.2007,413.6319,-51.9897,525.1619,-36.3183,585.8010,-8.6048,568.6205,38.3557,427.0998,15.5851,537.7406,13.6732,527.2374,-54.9360,476.9108
443.2659,-10.6402,474.4431,-23.0888,507.1787,-55.6443,522.9455,-33.7672,543.0547,24.5437,614.0522,50.4779,451.9465,-3.4754,514.2563,10.4284,549.1877,-27.6281,513.1162
500.1028,2.3423,543.3436,-20.8352,586.0765,-56.7877,525.3109,-46.5571,587.1461,77.4711,622.6477,28.5532,489.0752,-36.9111,562.8159,16.3989,575.9303,-56.2791,559.6431
518.7615,6.0044,566.2451,-32.3137,605.1289,-75.8620,573.2733,-29.4672,702.4790,129.0445,618.5981,-28.9909,538.1669,-63.9869,641.4651,27.7637,580.1406,-103.2067,622.5997
529.1541,-18.6833,566.1225,-49.6403,619.4677,-80.9487,646.8387,13.3964,739.1541,143.4248,620.0211,-78.3110,580.4454,-74.8007,697.4110,38.3020,587.5038,-110.3694,686.7776
541.2924,-49.8288,572.2586,-56.9942,661.7839,-53.7175,694.8929,37.4688,695.7912,85.3564,617.0328,-103.6167,624.6509,-76.8565,711.1363,31.0107,626.0012,-74.8457,717.0621
573.9678,-73.0035,607.5332,-57.5161,696.2260,-33.8447,708.5070,37.7886,672.5289,17.7199,620.6649,-115.7432,685.4091,-75.0279,682.1505,-2.5957,659.7570,-33.8031,691.2628
624.7391,-75.1370,663.5604,-53.4166,717.4131,-42.0297,717.3010,28.2974,673.7732,24.1605,657.1191,-118.3872,735.3593,-62.3296,665.6979,-27.4117,658.9335,-15.9089,649.2394
626.6988,-48.8286,709.9149,-39.7758,752.5057,-43.2924,724.9431,2.4439,673.8842,42.8468,707.6212,-109.2372,742.4827,-43.8567,705.4122,-24.5675,640.3761,-10.1979,639.8843
579.7596,-17.1192,725.8579,-18.7826,780.9803,-20.1398,707.8080,-20.6866,698.4705,13.7325,723.4725,-80.4806,719.1998,-34.9862,735.7957,-24.8654,615.4057,6.8210,645.8038
579.8306,-5.4510,699.9409,0.1438,764.2906,2.4846,677.9580,1.5730,726.6486,16.4499,685.3304,-44.6972,694.9183,-25.3646,703.4298,-28.2022,586.1201,30.2394,649.8768
623.6227,-15.7148,644.6736,9.1856,716.1813,18.5878,678.2536,62.2419,700.4399,53.2643,612.8386,-44.6094,677.0325,4.3633,663.4180,-8.3169,567.1452,56.7954,685.6165
610.5183,-31.6018,603.0106,18.1057,671.8276,48.9459,702.6232,115.0105,637.8337,21.5608,544.8483,-75.0650,657.3442,38.4555,633.0570,10.5637,560.4338,105.6793,743.7358
537.1480,-21.0299,586.3026,46.9408,634.4159,87.0939,697.8093,141.7958,584.6171,-28.5589,504.3394,-75.3882,628.7624,55.4347,564.1222,7.2564,553.9041,160.2772,762.4658
469.0207,24.2591,557.6661,81.5134,597.2126,104.3312,654.4971,154.5259,537.9293,2.4580,466.2419,-46.0867,587.5178,64.2030,500.0229,15.7843,543.1542,172.3537,733.3539
420.9157,58.5775,508.8607,84.9315,570.8943,100.6510,605.5419,162.6642,495.8409,27.7452,401.7474,-41.0190,535.0657,68.3168,498.0027,45.3200,520.9520,147.5269,678.6701
403.3029,53.8277,467.6846,65.8030,554.5211,95.8075,549.2454,162.4126,455.6549,-22.4267,342.2136,-49.0795,485.8921,58.6918,466.7196,59.7402,485.5140,124.8392,588.6610
415.9830,43.0636,432.7497,56.6042,522.9226,84.4986,483.1162,144.8607,384.0588,-35.5304,329.1242,-31.2603,457.1815,48.6751,340.6914,46.1857,448.8683,93.2545,485.4301
386.3181,46.4413,389.1662,44.5279,463.7045,51.7496,446.1356,119.7823,304.2658,39.2246,330.8536,-9.7903,434.3832,46.8086,237.4270,18.3590,400.5443,33.8313,418.5663
303.1502,47.4484,344.6948,15.4672,387.9525,17.4407,421.3857,101.3749,290.1799,86.7004,289.8526,-5.5838,379.3023,36.0322,230.5375,-5.4538,336.5329,-10.5001,363.7455
278.3984,48.4505,301.0665,6.4345,307.1029,13.4272,326.0590,59.9219,304.4190,28.2130,217.1912,7.1630,292.3796,22.0387,214.7442,-12.1015,313.3713,0.5182,267.1737
323.9123,58.2595,257.8424,34.4951,235.9794,30.0976,172.0623,-29.5003,242.5652,-80.6616,166.5834,32.8196,216.4856,22.6752,131.9026,-19.5161,352.9125,29.0457,150.1511
314.3819,60.3111,232.9319,56.6254,191.6469,31.9748,67.0918,-100.5770,144.6632,-127.4496,148.1613,44.3412,170.6924,18.9047,71.4024,-34.0050,361.7459,15.1681,63.1634
238.3980,47.0143,217.8925,42.2373,160.8497,7.6605,39.8715,-83.8596,123.9022,-67.0525,131.1837,32.1774,138.0781,0.6202,80.3858,-13.6378,270.4534,-33.2734,16.6370
197.7605,32.5361,173.3791,8.6718,119.6406,-27.3943,36.8511,-31.3958,144.5570,13.7514,107.8486,5.0487,109.9134,-4.3435,84.5713,34.0793,146.4791,-54.2790,4.2910
192.1430,24.7736,104.3656,-15.1562,86.5442,-51.0114,35.6947,-20.3427,100.5823,31.1685,94.7438,-19.4611,93.0026,2.8643,17.3308,45.9220,75.5930,-22.6972,11.1194
156.6007,22.0490,61.4287,-16.2574,83.9811,-45.9147,19.0010,-32.1707,12.7540,16.6680,85.8663,-23.6430,89.9835,-2.4356,-88.3464,38.7616,49.6256,15.2627,7.0150
101.4822,14.7403,59.1803,-10.1381,84.6855,-20.0911,-45.1110,-32.4060,-30.9762,-10.0529,63.3562,-14.5585,93.5358,-5.9204,-139.1164,53.9120,20.8378,14.1113,-12.3720
50.6586,-11.6831,63.7201,-21.5477,65.2868,-5.4097,-116.8184,-31.8986,-24.8951,-60.3646,36.2650,-7.1517,89.4682,6.0157,-105.1558,39.0211,-28.3408,-15.1863,-18.9619
-11.0535,-49.4942,47.7469,-40.3911,41.8794,-15.8324,-126.3125,-18.1756,-22.1099,-45.0777,18.0130,-1.4342,77.5442,13.5629,-81.2349,-10.9135,-84.0594,-46.9517,-2.2595
-66.5996,-70.9201,13.5308,-45.1516,20.5581,-36.0587,-97.8161,30.2699,-42.5676,81.4594,-2.3624,-8.2425,73.6562,17.8178,-139.9178,4.9990,-125.1294,-74.7834,8.8118
-79.3442,-64.1831,-20.3642,-48.9564,-4.6127,-52.7054,-98.0610,79.2276,-67.7327,167.5941,-35.9456,-33.7675,59.6545,28.9139,-204.2346,83.2334,-141.5077,-88.4346,-23.0962
-57.4966,-40.4982,-41.6443,-56.8760,-25.8156,-57.5521,-132.7095,96.9972,-87.8368,119.3116,-81.0039,-46.4032,-6.3545,26.4826,-204.1544,118.6018,-127.0117,-79.1066,-90.3841
-37.9222,-20.9802,-55.9625,-43.4477,-54.9944,-41.5912,-185.2039,96.1525,-113.8587,52.9478,-135.4573,-39.2690,-101.7446,11.2899,-207.8238,109.6272,-91.0710,-62.6102,-141.1633
-63.2864,-19.0946,-74.4507,-20.4588,-112.8414,-20.7927,-250.8814,76.2012,-142.3910,51.4776,-190.1436,-55.5171,-165.4135,6.2606,-253.9036,108.6398,-87.4539,-59.9455,-159.3866
-149.3581,-24.9327,-107.2761,-29.8598,-176.7439,-28.5871,-295.0265,40.3153,-155.5993,73.1933,-237.6917,-92.3069,-207.9517,-10.8298,-265.3962,102.4854,-147.9108,-79.0890,-184.1980
-233.0012,-33.6975,-161.1942,-64.2528,-233.3164,-63.9163,-289.9948,29.2673,-170.6803,93.3258,-293.8732,-96.9884,-273.8898,-56.5205,-233.2637,88.2541,-206.3420,-112.2626,-228.9767
-251.9291,-56.1149,-222.8531,-85.5849,-313.5221,-88.3859,-277.0511,37.4696,-214.9770,103.2091,-364.8959,-67.8843,-342.3581,-80.1451,-245.3932,79.0958,-202.6649,-125.0788,-271.5949
-258.2968,-63.2240,-270.6802,-77.2641,-396.6261,-75.7634,-301.0633,10.8338,-264.1835,84.5707,-427.8504,-36.5071,-379.1541,-53.4996,-309.9069,42.4331,-190.9050,-94.8521,-318.8904
-312.6683,-13.4182,-308.4336,-29.6881,-418.4526,-32.7442,-348.0044,-30.8389,-301.8212,57.7793,-477.8916,5.2599,-407.0842,-15.8969,-379.5295,-20.0850,-223.9906,-58.8164,-385.6866
-356.6441,59.1673,-351.9322,43.3764,-403.7340,16.7462,-399.0083,-35.5746,-369.9405,30.9193,-527.5851,67.7695,-448.8833,7.3257,-475.0261,-58.5051,-255.3930,-49.0701,-452.2917
-342.4985,107.5741,-402.7865,84.2969,-429.1765,47.1083,-455.7173,-41.0071,-472.0351,-9.7323,-570.6181,123.0573,-494.4648,12.8950,-597.4324,-76.6926,-253.5351,-37.2978,-506.0674
-339.0958,150.2527,-465.9479,70.4743,-498.4011,43.9269,-499.6181,-86.2683,-550.0237,-29.4716,-616.8759,142.5695,-545.8674,-18.5282,-671.6444,-101.6750,-263.3265,-24.0392,-554.9771
-384.0792,177.1944,-544.3088,45.9839,-584.6213,15.5927,-523.3735,-125.5227,-603.7479,-35.2910,-691.0608,125.0961,-611.1429,-79.5709,-693.8448,-141.2044,-304.2705,-60.1557,-599.1404
-407.8198,144.5727,-609.0999,30.7636,-689.4562,-10.0190,-577.0964,-145.0677,-686.0142,-110.4241,-759.0862,101.9000,-679.9065,-127.7221,-751.1965,-228.7756,-340.6930,-122.9056,-655.0836
-372.4893,105.9584,-641.3565,6.8078,-786.5266,-15.9712,-688.9963,-190.1548,-800.4171,-227.6983,-775.6790,115.9731,-752.3139,-148.1938,-863.4536,-347.0553,-355.6663,-136.4773,-752.6819
-324.7153,126.6493,-666.2846,-17.6499,-837.6100,-26.1607,-804.4767,-252.3424,-927.9857,-292.3730,-782.4811,148.1885,-835.9855,-163.3609,-974.1551,-404.4675,-373.7340,-121.5972,-879.6993
-299.8556,131.9009,-696.0513,-39.9070,-864.5607,-70.7269,-881.7770,-309.1051,-1059.2405,-361.7657,-828.2695,117.8293,-905.2551,-206.2422,-1056.0459,-423.4771,-424.1392,-148.3676,-996.5751
-296.0986,56.1342,-719.1160,-90.5597,-901.0544,-128.0674,-945.5969,-389.5129,-1144.0576,-498.4658,-881.9534,9.7278,-929.9589,-292.7641,-1107.4832,-504.6613,-503.1978,-196.4699,-1081.9858
-321.5155,-22.4037,-755.4471,-156.6260,-937.4619,-162.9776,-1001.2863,-470.6269,-1153.5802,-589.6890,-921.8329,-84.7370,-927.2675,-371.2529,-1130.4286,-589.0140,-574.5432,-220.2651,-1123.1901
-390.1222,-48.6875,-823.4393,-192.3900,-964.0908,-198.1186,-1021.3983,-485.4901,-1156.0665,-588.6175,-975.3857,-96.5003,-925.4863,-371.1928,-1151.5779,-573.2622,-628.3214,-256.9084,-1121.5483
-492.9105,-94.2219,-890.2548,-235.2838,-991.2076,-274.8011,-1025.2169,-478.6877,-1194.3302,-617.1647,-1039.6202,-74.3315,-916.3365,-340.5933,-1173.1265,-524.6616,-702.5699,-358.2923,-1106.3981
-593.7402,-228.6325,-936.4327,-363.6707,-1030.5916,-387.4695,-1048.7728,-532.9594,-1203.5948,-687.9728,-1088.6842,-114.1969,-893.2256,-388.6517,-1144.5898,-518.0696,-802.3584,-503.7316,-1088.0271
-650.7954,-420.9724,-981.8759,-534.8871,-1083.9987,-504.0548,-1060.9642,-597.2394,-1144.0963,-692.6920,-1120.8256,-221.8749,-876.9916,-487.4555,-1060.0573,-514.8192,-875.3901,-619.0452,-1049.2704
-671.1203,-556.6780,-1007.1829,-618.9330,-1110.0688,-587.1261,-1011.2803,-604.0493,-1072.8472,-660.6519,-1136.3793,-294.0076,-862.4247,-516.0204,-990.8969,-518.8681,-901.4078,-643.3464,-1001.9769
-712.0084,-552.3734,-978.8440,-597.2674,-1057.3470,-604.4434,-921.2215,-618.9028,-1045.4399,-702.8849,-1145.6324,-266.3209,-816.4568,-468.2458,-969.5014,-565.6962,-902.9898,-610.6641,-967.7869
-778.0178,-493.9351,-938.5195,-586.8014,-970.1292,-590.7236,-863.1317,-698.5069,-1051.2522,-796.3755,-1164.3115,-211.1082,-757.0303,-437.6531,-941.9009,-603.7180,-874.2994,-633.1508,-931.1774
-795.0988,-528.2784,-932.3607,-650.5881,-936.9865,-623.6938,-867.1329,-770.8782,-1035.7887,-840.7453,-1143.8058,-215.9703,-730.8363,-452.7527,-864.2664,-592.7579,-805.1212,-729.2422,-875.7652
-737.3347,-629.9595,-923.8717,-719.2088,-937.5169,-691.0063,-871.2767,-766.2336,-958.8449,-810.7723,-1035.6636,-260.2159,-710.5580,-471.2775,-763.4805,-558.0893,-734.3293,-782.7351,-806.2257
-671.6686,-687.5375,-878.6557,-734.9767,-901.8683,-714.8553,-798.4250,-719.6314,-854.9713,-754.3052,-922.0997,-286.4045,-646.6616,-477.2399,-684.1531,-501.1047,-694.8914,-751.4902,-722.0790
-639.9256,-708.2074,-819.7441,-738.5381,-844.4521,-704.3020,-674.8466,-700.2480,-782.0636,-721.8261,-895.1620,-287.7996,-577.6437,-484.7558,-626.0343,-447.3118,-660.0212,-731.6823,-627.3920
-608.1517,-733.3053,-744.3357,-765.5380,-781.0979,-719.5157,-570.8732,-729.6556,-718.3697,-720.3354,-886.9124,-284.2106,-539.6082,-495.0269,-556.0203,-468.8683,-593.8722,-755.0229,-534.9065
-541.2173,-742.7232,-619.7166,-784.2697,-659.0947,-742.6004,-464.3172,-767.0148,-615.5712,-716.1896,-799.5965,-300.8513,-469.0259,-502.3817,-459.3021,-530.8442,-496.4568,-737.9124,-436.1996
-435.9614,-737.3890,-470.6427,-767.0817,-478.1959,-726.4596,-313.9777,-748.5388,-487.7082,-685.1931,-661.2818,-354.3603,-331.1885,-501.6405,-344.0090,-523.4120,-384.2617,-656.9844,-313.5329
-314.8322,-722.1575,-347.5191,-724.2008,-311.9700,-680.8129,-167.2872,-663.4161,-351.9581,-633.3293,-534.2822,-406.7555,-193.9135,-476.8281,-211.2583,-458.8817,-288.0469,-581.6967,-167.8189
-227.6669,-677.2425,-247.4476,-677.5371,-178.3349,-633.8749,-46.6890,-567.6406,-192.5361,-572.5733,-421.3714,-398.7824,-88.2721,-427.9323,-64.3528,-417.3488,-247.6960,-544.3167,-11.1824
-187.0342,-652.9519,-152.3514,-653.8767,-41.3941,-600.2684,98.5779,-506.7889,-23.0618,-514.6373,-299.6300,-345.5181,27.9658,-392.1419,77.3345,-391.3451,-245.0242,-508.6167,129.6130
-135.4524,-683.8024,-61.9017,-646.2753,97.1553,-577.3941,248.3698,-474.4813,126.9942,-479.9723,-149.8622,-317.7195,157.2581,-386.9404,207.8496,-353.3023,-192.3880,-436.2710,228.8268
-60.2257,-664.9751,47.3311,-596.4313,221.4878,-524.9504,350.1306,-449.1044,256.6999,-484.8428,17.9761,-340.1698,273.9559,-378.8209,338.5163,-335.3759,-61.7595,-332.7809,312.9290
-25.1225,-567.7064,192.6691,-502.4751,343.4933,-432.9204,461.4275,-419.0040,363.8124,-502.1978,156.9754,-372.8523,384.2842,-354.8017,461.5077,-348.6758,49.7125,-250.9585,421.1199
-13.3420,-530.8877,325.1936,-446.4988,462.3784,-376.6437,614.2623,-375.6955,458.2167,-449.0272,252.1484,-370.1327,475.6551,-342.7692,556.6746,-348.7653,75.2725,-224.9203,528.2647
79.2261,-554.0532,397.8853,-432.1971,554.3582,-379.4423,704.8016,-320.3700,581.6796,-278.8570,332.7832,-329.8056,522.4391,-338.2107,622.4713,-314.6071,91.9241,-206.8326,596.2479
241.9574,-490.9165,448.3928,-371.7503,616.8110,-347.4843,701.5152,-268.0721,718.7190,-79.9513,401.4271,-294.6368,553.9485,-313.9068,664.0846,-275.4358,169.3190,-142.5996,639.1819
345.3393,-380.8672,527.3885,-275.5458,676.0773,-253.9422,712.7208,-219.9888,800.5872,20.1049,456.0688,-299.2799,597.4542,-278.9901,684.2983,-242.2043,247.4150,-60.8907,681.9909
342.0515,-355.2219,614.4821,-227.3959,746.4916,-184.3654,769.1774,-153.6796,845.3052,22.6146,528.2291,-328.4486,624.6442,-240.9442,704.6993,-182.3474,274.2068,-1.6915,730.8047
302.2651,-352.2595,670.2798,-197.3239,796.0928,-145.1999,802.8698,-74.3484,924.5685,20.5530,611.9305,-348.6338,631.6517,-190.3147,757.9204,-107.4908,308.7652,52.2743,776.1009
310.7097,-280.6108,696.6852,-115.2030,785.5078,-70.3940,808.3284,-36.8881,1015.7206,48.5492,671.7843,-350.0176,650.5356,-159.9506,848.0660,-91.8055,395.2661,108.6476,779.0187
411.4283,-204.5672,712.8307,-29.2066,745.9619,9.9101,814.1425,-57.4462,1050.0780,72.2633,731.0831,-341.2587,670.5930,-176.4347,931.5128,-126.0510,479.1680,144.8625,727.1535
542.2392,-166.6706,726.1057,10.6669,746.7358,41.7291,808.2090,-56.7813,1029.5991,84.7727,808.4252,-333.1604,675.8139,-186.2257,957.0414,-100.4042,503.4576,174.6063,686.9812
555.0188,-120.0459,729.2488,59.3553,781.0111,75.3116,804.0978,24.6053,993.2874,136.2379,849.3937,-323.5574,700.9290,-146.7256,945.5610,-4.4627,474.8399,216.8625,694.2442
430.9115,-67.3297,702.9395,132.0666,781.8247,138.5442,833.6472,121.8746,964.6570,243.6451,839.0625,-284.0346,750.4135,-88.2661,970.9585,55.6774,432.3444,227.5553,687.6747
333.9537,-33.9284,643.0612,157.4057,738.3638,158.6857,857.8569,149.4782,950.8799,324.5559,835.5260,-189.7389,764.4100,-30.1642,1019.4674,62.5339,418.1830,173.1906,641.8726
339.9983,1.6529,584.0262,129.7074,692.2459,119.7042,816.3465,134.6969,920.5513,321.4751,843.4666,-62.5135,719.4467,27.4800,991.5547,92.9555,437.0999,111.5317,612.9361
344.9148,36.0530,557.5634,111.2878,653.3681,101.4533,731.9082,159.3913,839.4069,314.5172,824.5411,47.7230,661.6531,64.2162,894.5414,162.4315,437.7552,106.7134,621.1963
307.2479,42.6887,549.4224,111.0164,606.9883,129.8009,680.6725,231.9525,747.6923,359.9932,803.1554,109.0109,629.5189,95.7603,848.0171,231.8921,399.5378,138.1032,641.0224
305.3527,46.5979,535.1174,116.9335,560.6281,162.9391,684.8659,291.8649,707.0094,383.3596,816.5646,120.2390,614.8388,151.1782,860.8150,279.8730,383.5932,159.4057,665.9454
343.8367,84.8237,519.5096,154.7788,536.2750,194.3534,685.8773,310.8592,702.6311,385.3261,837.6931,109.1728,593.9103,189.1064,826.9335,302.6949,418.9288,175.8552,678.8121
348.1140,151.1096,513.2512,217.3374,544.5166,237.8704,632.8206,328.5075,676.0464,469.2537,827.2143,116.2799,565.6935,192.3292,739.5472,327.8132,431.1505,215.0054,641.0186
310.8700,221.6531,508.1987,263.0297,568.1722,278.4193,549.0867,375.8447,595.8593,567.6295,783.9515,154.4509,552.2837,227.6928,674.9649,379.4513,372.1365,274.3546,557.8989
281.9315,277.1591,489.5088,302.6941,567.3499,310.9285,472.5979,419.8765,468.4648,514.6803,730.9041,201.0033,552.0522,293.3301,616.1889,410.7259,308.5387,328.1941,478.9233
278.8920,317.3563,454.4630,358.1240,523.0809,354.0355,404.1465,428.7776,335.3828,378.4659,687.6861,240.7538,521.2410,322.6229,508.3041,391.3006,299.1582,360.2253,437.9435
284.3754,362.8179,417.9197,395.4164,461.2279,408.8767,355.2142,428.2024,249.2958,334.1241,640.3026,282.9422,443.0937,351.8505,401.1191,386.1287,305.7679,380.2112,426.0511
278.8145,406.5504,396.3546,403.6115,414.1148,460.0336,342.7010,438.7220,221.0573,348.1239,566.1093,328.4500,368.8183,431.4311,356.1906,420.8413,294.2544,408.0840,400.1501
263.6587,421.7892,378.8911,425.0594,383.3626,495.8155,332.7764,438.9408,224.5539,323.2492,492.6969,361.7863,337.3971,490.4251,323.7495,429.4922,300.0894,435.2849,340.6774
254.4034,427.7146,336.6431,456.4019,347.9581,504.5279,298.9323,427.4856,256.8642,329.4588,449.7211,380.1499,313.7229,488.8852,257.5783,402.9288,329.4243,432.5454,287.4009
232.5819,446.5952,275.3513,454.3784,294.0323,485.2558,270.4913,426.2322,337.0517,435.6606,400.7281,389.4607,261.7731,484.0475,217.8291,395.9534,314.2176,408.3711,253.2077
172.8657,442.1437,234.3079,429.1927,240.9216,455.1657,248.5879,423.1443,431.9525,535.8233,322.9279,380.9490,212.3165,475.4991,235.4662,411.2363,227.1346,401.3194,185.2400
113.4914,402.5316,218.6148,414.6695,216.2944,426.5361,196.1993,405.1896,446.6474,517.6185,258.2712,358.0800,191.6202,438.4127,229.9170,436.9307,131.2218,410.0255,84.7635
81.7011,382.6912,187.0979,407.2123,192.9393,406.7979,125.5791,402.8283,347.1437,443.3615,210.7850,357.3221,155.8135,431.5836,164.8757,492.1205,74.4662,405.4861,30.1668
30.0729,394.5468,118.0265,398.0470,118.4554,407.0729,69.7841,424.5879,221.6499,424.1987,137.7229,385.9517,79.4703,470.4799,104.6643,543.7913,36.5979,390.8222,31.1964
-35.7856,384.8977,40.9483,382.4556,16.2038,413.0242,13.6929,424.1675,126.5633,417.5991,59.5903,393.7165,25.1669,481.0703,52.5183,525.4471,-6.3593,376.5294,8.5150
-50.6542,346.6903,-7.6751,348.3243,-41.8335,397.7771,-61.0471,388.2852,7.9108,339.2595,20.4502,364.0748,34.1461,461.0292,-43.9703,463.3814,-54.3859,357.6715,-65.0313
-74.0480,326.2402,-30.8242,320.3412,-53.9686,379.7416,-133.4096,369.2922,-114.8152,291.3425,-12.1252,348.0216,46.0769,458.4785,-126.6806,443.7639,-114.5652,356.3571,-130.8188
-197.9692,329.6999,-59.9994,333.8890,-75.7028,385.3260,-174.3491,390.6160,-128.9120,387.0073,-70.9831,364.7752,7.5668,447.7279,-125.4053,460.6150,-186.8234,386.3096,-149.6175
-298.4821,321.3662,-112.2918,352.9684,-114.0897,379.8445,-176.2220,403.2612,-82.4160,478.7188,-116.7210,376.6017,-47.4179,413.3416,-132.8298,425.2516,-241.1478,394.8548,-151.8869
-232.4128,292.2900,-170.9713,329.8400,-135.8289,334.3814,-166.1385,375.6181,-129.0746,425.0299,-135.2875,372.8071,-79.7248,393.4793,-221.2071,340.5414,-264.4870,357.1933,-173.4771
-144.0599,266.1532,-211.7010,291.3576,-149.6350,294.2905,-170.0397,352.2766,-215.1909,375.5375,-168.1537,375.2356,-100.3364,355.1973,-276.7101,324.6844,-285.9222,332.3153,-189.4216
-213.2583,252.5541,-232.7462,267.8215,-189.2236,291.8467,-154.3656,371.2462,-201.9999,437.3734,-201.1529,389.1245,-115.9417,243.9894,-237.3389,397.2183,-318.6499,330.4182,-163.2711
-337.9089,230.6404,-245.7046,245.2997,-240.7528,288.2307,-95.3569,394.2195,-172.2946,459.7480,-185.9343,419.3355,-105.0688,135.7877,-224.9374,427.3360,-339.9589,295.4475,-126.6927
-368.2393,179.4504,-260.2270,225.9072,-266.1786,259.1086,-53.2549,384.0363,-236.3870,399.7844,-173.8062,479.3800,-62.7744,133.7570,-295.2948,385.2393,-349.0639,260.3665,-117.5216
-350.9953,109.4553,-282.1966,213.8335,-274.1724,229.6252,-57.5179,367.2569,-294.1350,400.7607,-257.6891,571.0593,-25.6651,209.0199,-353.0127,384.5540,-371.1155,302.8504,-106.3177
-344.3516,58.4661,-298.8396,187.9722,-289.8504,211.6303,-57.8902,357.5092,-284.3498,433.4873,-402.7130,707.2695,-30.5600,297.9316,-362.1674,421.9922,-394.7365,373.3483,-88.8598
-310.9446,51.9726,-287.3188,165.3747,-290.6311,198.0012,-62.5807,322.3354,-311.5482,363.5811,-494.3402,890.6190,-54.6786,421.2029,-378.0457,405.9027,-390.3502,379.1319,-130.0304
-276.0937,65.7345,-263.3383,174.4314,-263.4843,193.3925,-117.7116,263.1370,-379.9736,257.2661,-512.1635,1049.4102,-51.3559,590.6243,-407.4673,392.6402,-381.5928,349.3748,-229.3138
-299.5725,57.1481,-270.5817,179.2196,-261.4071,201.4102,-173.4177,213.7223,-393.3459,221.8748,-511.9507,1122.5319,-43.4423,727.8500,-418.1633,447.8808,-401.8891,355.2647,-296.4847
-320.1657,41.1898,-303.6575,168.1597,-309.7428,225.8504,-183.1772,173.2283,-395.3823,198.9834,-502.3727,1171.8306,-80.7278,771.3279,-407.0701,463.9053,-417.5796,384.8010,-299.5958
-267.6901,67.3841,-317.2933,192.6772,-354.9002,274.8705,-204.1947,140.2761,-455.7218,139.8278,-462.1407,1262.2950,-130.1726,759.7296,-384.0646,392.6872,-389.2256,385.3148,-284.9842
-212.2671,116.0855,-307.9766,220.9599,-362.9671,318.4932,-256.0830,134.8536,-489.8732,89.4824,-400.4892,1329.9242,-137.7466,727.1426,-364.5205,348.1961,-343.2181,336.0526,-280.0834
-223.2135,125.8060,-290.5604,170.4555,-346.3985,305.3112,-288.5879,123.0468,-457.5743,50.2465,-332.1071,1296.1818,-135.5329,627.2072,-370.2779,341.9977,-311.3608,261.5819,-296.1856
-243.1525,112.7615,-245.0750,97.9749,-306.8815,252.5840,-308.1951,51.5350,-460.8479,0.2280,-277.1320,1182.4465,-170.3770,455.9797,-392.5473,283.8963,-293.9571,208.4403,-344.0634
-233.7258,135.8689,-188.3516,106.5512,-271.8399,226.3950,-328.1141,-32.9530,-502.3387,-30.9690,-277.3335,1049.9392,-225.2897,319.7078,-397.0889,213.8516,-313.5886,187.9369,-392.8339
-260.5988,195.5884,-193.7242,159.4229,-293.5484,238.0696,-315.4453,-49.8045,-481.6999,-37.1169,-317.8697,953.5101,-274.4393,286.9505,-380.7572,205.9599,-371.8150,174.2995,-414.6163
-322.4063,284.6889,-253.3430,205.9988,-341.2953,268.0648,-320.8435,-21.7164,-453.9460,-59.5470,-306.5740,923.5191,-311.9809,308.5482,-386.2693,203.4388,-367.1699,170.3673,-448.1176
-294.9254,423.6890,-265.5471,293.6487,-353.8529,336.4903,-436.0924,-8.4440,-545.8882,-99.9699,-219.4547,901.8385,-339.0354,323.0090,-448.9451,154.7408,-227.0373,189.0277,-520.9995
-147.7104,559.1216,-214.0472,403.8570,-368.1827,430.3576,-593.1032,3.8405,-679.0008,-111.2447,-148.4578,807.6006,-379.2117,306.4312,-533.2173,100.6421,-64.7095,196.1409,-575.7975
-17.8557,592.9194,-187.9765,426.9784,-408.8600,454.9769,-648.2708,39.4702,-691.1330,-67.2692,-144.6911,685.0764,-433.9414,249.0249,-563.0548,68.6896,-21.5965,167.9879,-558.4672
4.2314,550.8868,-207.8542,365.3844,-397.7249,379.1733,-605.0784,64.4351,-613.3826,1.6604,-151.6929,615.1769,-453.3902,178.3045,-533.0562,55.0113,-47.7185,136.0084,-505.5096
-28.0964,533.3298,-212.2930,323.0786,-326.1760,307.4157,-561.8389,55.2561,-562.3355,43.8497,-118.8612,538.1503,-436.1829,119.0890,-501.9808,56.4058,-28.9798,118.6459,-475.1850
-59.2276,524.0997,-192.9700,311.8307,-288.2649,299.0750,-553.0915,50.6293,-525.6450,54.8034,-59.0546,363.9613,-435.3091,29.9334,-477.2506,48.3556,-9.6524,106.3211,-462.3657
-86.7963,450.8995,-185.6470,272.1528,-285.8784,276.8901,-551.6804,88.6352,-459.1668,72.6630,5.2157,153.6001,-430.5818,-93.5072,-431.1705,21.2451,-76.2352,109.7341,-429.4334
-96.0930,363.5020,-183.4130,220.4873,-250.5353,209.4435,-521.5596,150.8042,-398.1429,105.6177,68.9186,3.7548,-377.5654,-160.5001,-376.3083,0.3207,-149.2145,128.0013,-359.2985
-81.7609,350.5924,-164.9093,210.8028,-201.8328,181.0816,-444.7952,197.2032,-336.4554,129.7154,130.2348,-119.0336,-328.1815,-153.6600,-307.0543,-20.2640,-112.1278,118.8767,-250.8052
-64.8846,372.0633,-136.4877,224.2848,-176.9758,204.7405,-348.7858,214.2307,-207.9957,132.2350,193.8663,-279.4853,-316.9635,-168.3490,-186.3961,-58.6397,-19.6129,65.0037,-124.7475
-30.7374,352.7509,-92.1827,218.0990,-137.4819,194.0811,-271.0349,203.8987,-47.6765,110.9363,274.0458,-445.1594,-272.9668,-224.9111,-51.8264,-89.8699,24.2256,6.2989,-32.6273
36.3944,328.5233,-10.0710,208.6250,-56.1492,152.1401,-198.7214,176.3129,48.3682,94.1177,370.6974,-567.2175,-172.5640,-259.8241,26.2149,-101.2918,52.6561,-20.7174,20.4307
92.2378,340.0530,94.0239,213.8056,46.5428,147.8780,-98.9882,173.8959,107.8988,145.6056,455.0231,-669.7696,-86.4879,-274.0886,71.6122,-104.5284,126.0580,-28.4018,109.4573
124.0280,322.1447,178.0475,197.2533,144.8827,143.9871,13.3096,226.1701,211.8938,252.8424,504.5934,-784.0550,-41.7399,-292.3647,142.2031,-87.8856,196.0058,-49.1376,251.7774
194.3000,245.0291,226.9427,149.2270,203.1633,81.7240,90.6893,275.4789,319.3286,291.3024,541.3058,-885.2172,-10.1593,-273.9760,235.5374,-74.2941,221.3883,-74.9784,352.1063
308.7177,197.5841,251.5284,123.3319,213.7509,26.1288,125.7006,254.9966,358.0728,203.6813,588.2256,-938.3147,19.3203,-203.0132,333.3477,-111.8883,249.2269,-65.5275,369.3384
382.7850,211.7797,266.6512,134.7325,226.0114,32.8893,164.9014,208.4987,378.2166,97.2065,615.4850,-944.5200,60.4549,-144.0176,424.8582,-139.9482,302.5071,-33.6623,376.2954
385.2579,201.6518,291.2221,135.2588,262.4940,37.8547,243.6477,202.4493,461.1107,82.4583,605.5897,-930.3272,133.7055,-144.2389,503.6385,-81.4425,354.8903,-37.9338,415.0117
390.0414,143.9784,342.6407,105.8113,315.7398,0.5114,348.6177,200.4634,581.4454,134.6431,620.0614,-928.9003,231.5938,-180.9948,602.7038,-31.8865,416.3837,-71.3656,464.2456
470.0012,106.4087,424.2939,65.7842,421.9236,-32.4275,455.3076,161.8981,661.5811,173.1125,705.6048,-949.6342,338.3812,-213.9230,727.0295,-88.4004,503.1389,-79.5796,527.3450
599.1630,97.3755,526.7753,28.5215,578.5980,-42.9913,554.4864,141.4733,688.0657,184.2170,803.7601,-952.6616,436.5317,-229.2711,794.1729,-143.5462,581.0200,-69.0016,609.6853
678.5850,84.8455,629.7620,16.9971,695.0001,-53.0435,643.4842,173.7645,718.3239,200.6022,841.7520,-903.7872,498.3766,-220.5413,783.8881,-100.3256,628.7732,-69.4223,682.5872
680.7705,90.4073,703.8484,42.0679,750.0007,-56.3427,730.1556,203.9028,794.3478,215.5726,839.0316,-839.4377,533.2786,-143.3029,794.2179,-50.0562,667.8008,-63.6762,735.7361
698.8206,122.6174,737.3358,62.9175,808.2675,-47.2806,803.8162,200.5325,865.1194,199.2050,855.4971,-807.6146,576.0583,36.1231,838.7631,-59.8510,707.1183,-46.4941,766.7333
777.1348,142.3407,750.6433,61.4942,851.7825,-38.5139,802.4998,188.1384,838.2402,157.0130,894.6706,-788.9384,611.1116,228.4773,818.1622,-65.9535,748.7261,-40.5585,749.9205
832.7417,146.2730,757.2589,77.5972,820.2252,-22.6193,704.5969,162.3402,728.5925,96.4646,903.0375,-752.6957,604.7380,293.0753,731.9346,-54.1947,796.7061,-30.7535,697.8223
811.4544,150.7643,737.4318,108.8680,745.3544,3.0545,604.5899,116.0891,659.8901,18.6254,836.6462,-718.5317,566.5334,236.2923,676.4009,-73.9468,805.5761,2.1831,658.2777
740.0174,140.9646,673.6620,114.6305,678.6088,15.6139,584.5795,100.5345,681.3499,-9.1067,711.3020,-697.5041,509.9554,173.3014,665.9898,-90.2036,729.7586,26.5286,627.3638
629.1076,128.3335,585.0486,110.7818,621.6091,13.2030,595.9636,133.4265,704.3431,71.2508,586.4142,-665.8023,439.1380,132.9800,640.9098,-47.4990,622.8432,13.4631,569.0666
505.2754,137.9200,509.1975,113.9715,575.7781,7.4078,550.8221,140.0733,657.6323,163.7994,501.6477,-628.3832,374.4422,81.2298,580.0173,2.9189,555.9607,-25.6741,482.3679
435.3032,130.7161,460.4235,86.8777,524.5717,-10.1008,438.2453,89.0749,574.6530,154.0890,444.6919,-604.6291,310.9514,44.1713,513.0228,4.0265,499.2688,-61.4947,382.8600
399.2626,83.0799,413.1935,45.2858,431.2148,-24.8446,315.6720,56.8994,496.6880,97.3864,382.0147,-566.6072,222.7990,48.8639,468.9185,-2.1188,410.3897,-58.4984,287.1833
323.9823,56.5636,335.0901,58.0228,322.0403,-3.1720,238.1251,76.5289,415.4580,75.2670,306.5121,-496.5693,135.5300,55.4363,424.4173,22.6506,333.8144,-21.2758,218.8897
236.5930,70.5673,237.8040,101.2720,241.5608,26.0459,192.8211,80.7707,328.0727,54.0250,237.8482,-446.9209,83.0951,39.2354,328.3061,43.2126,300.2064,-14.2788,172.1913
168.3642,57.6979,159.3631,91.2574,156.8031,5.1553,130.2015,53.8380,252.1023,24.8417,175.9461,-448.7615,36.7048,25.7866,205.6803,45.4172,252.7932,-60.4740,121.7929
55.2940,2.3448,93.5309,33.8664,40.4145,-46.3002,66.1552,59.2200,196.0050,45.1940,99.6947,-451.7325,-27.3916,21.3348,137.3687,61.7530,159.3095,-103.6436,66.7754
-85.0299,-37.6924,9.7474,-3.0622,-60.2025,-69.9673,37.4954,85.7747,166.3470,99.4632,21.6802,-422.0725,-89.0898,5.7910,117.6140,80.8345,74.8741,-115.1576,-5.0815
-125.2518,-34.5954,-70.6057,0.6923,-113.3478,-63.8312,-7.4112,56.1779,163.6861,132.8873,-29.4804,-389.1410,-148.6142,-17.6465,75.5032,62.8999,39.8718,-113.6646,-114.1629
-73.8909,-4.7791,-114.3343,19.8702,-141.2002,-53.8664,-111.4413,-12.7102,154.7502,153.1010,-77.1626,-362.6384,-217.2909,-28.2723,7.7454,30.5722,16.6414,-97.8861,-212.4847
-79.8733,19.7052,-153.0406,30.7803,-174.4719,-40.6193,-213.3933,-38.4036,99.7669,158.0021,-153.3662,-316.3837,-276.1087,-20.6699,-52.4529,23.0414,-37.9650,-73.7945,-241.7198
-183.6649,5.7380,-225.4532,25.8415,-237.0931,-28.8921,-279.8300,-22.8167,-6.0563,107.7905,-229.4420,-254.2754,-318.2850,-5.3397,-124.6052,14.4952,-111.1265,-69.7848,-241.4278
-290.5274,-32.4534,-303.5193,8.0278,-317.5961,-42.2980,-354.5968,-24.7914,-151.3389,16.8378,-284.1054,-204.7260,-366.3866,0.5132,-238.4838,-20.4432,-169.1779,-71.2939,-275.2215
-339.9297,-45.6767,-346.6982,-16.6592,-372.2729,-72.1192,-433.5858,-52.8782,-312.0698,-66.0567,-349.5569,-176.0652,-429.2499,-19.4948,-376.7518,-53.2371,-203.2118,-44.6645,-333.0414
-350.6584,-30.7472,-360.3983,-25.7186,-403.2594,-69.3759,-478.4144,-81.3743,-430.4218,-122.1147,-428.2422,-162.3809,-494.0977,-56.4881,-495.6243,-78.8525,-229.8090,-5.0195,-381.4785
-358.1897,-14.9144,-370.8913,5.5828,-442.5540,-22.1718,-500.2841,-87.8133,-474.3030,-129.4613,-486.2339,-151.1224,-538.1005,-68.2352,-568.5692,-119.9230,-273.4948,18.4653,-406.1941
-383.5209,0.3254,-402.6204,44.6289,-470.6165,13.2021,-506.0676,-48.9357,-489.9255,-76.2603,-528.3112,-127.3821,-545.5289,-34.3558,-614.4291,-138.4389,-338.7105,19.7037,-401.6879
-437.5105,7.1008,-459.0810,37.4231,-469.7049,2.8464,-490.2802,15.2334,-520.7678,-16.8162,-567.7155,-104.7711,-539.5054,1.5235,-656.6696,-93.6608,-394.4603,3.3708,-397.4333
-512.7638,-10.2481,-504.1041,12.1455,-477.3571,-8.6565,-493.1769,39.0998,-543.7728,-1.6167,-587.4853,-100.5489,-548.9311,3.8418,-659.9367,-46.0676,-412.7592,-7.5221,-429.2527
-563.5598,-27.1057,-519.2189,21.7990,-505.4062,9.9098,-526.5701,17.5744,-537.2339,-0.8950,-592.3108,-81.0397,-561.2470,9.0007,-593.8148,-49.6148,-413.9564,0.7024,-470.6632
-556.7103,-24.2431,-538.6419,31.9146,-529.0665,18.2848,-541.1876,10.2725,-525.8618,17.4557,-603.5218,-20.1804,-572.3848,43.4017,-523.2670,-43.6486,-433.4607,2.0198,-486.3600
-538.7366,-25.1527,-564.4007,9.3719,-552.7915,3.2329,-541.1783,17.8989,-540.4283,22.4308,-617.9313,33.5393,-599.1081,68.5716,-527.5288,12.3830,-457.5468,0.5957,-499.6180
-548.7885,-25.2166,-544.9254,12.9296,-574.5522,20.1772,-572.3589,-0.7656,-598.4934,3.4553,-639.4340,39.9551,-613.8434,67.6145,-595.3972,54.0734,-448.4082,37.6777,-533.6522
-531.6324,4.6417,-483.9326,68.6540,-568.7606,78.3633,-623.2527,-14.6288,-687.2856,22.8056,-664.3174,29.1664,-596.1331,61.4881,-669.3877,56.2491,-416.3843,83.5329,-568.1757
-466.6526,36.6178,-449.0604,101.0469,-550.4166,107.4972,-663.6220,19.8379,-738.2247,102.6011,-646.3679,24.4480,-594.9225,36.0635,-707.7900,72.7865,-405.8253,83.1693,-578.5861
-439.6768,29.4264,-461.5010,69.3951,-544.3060,76.4968,-678.4991,55.8509,-709.5706,151.4641,-592.0453,22.5661,-620.7629,-8.0255,-698.7853,102.6848,-426.6986,79.0549,-560.3236
-475.7194,5.3065,-487.4686,30.8439,-534.9403,38.0872,-646.4076,48.1631,-668.6188,108.4193,-573.3144,50.6767,-615.9114,-12.1727,-676.0301,107.7277,-456.1323,114.5043,-534.6406
-493.9682,-4.2659,-502.2745,33.3117,-525.7576,38.5675,-602.6844,33.2623,-677.2783,49.7978,-574.3802,116.9165,-585.7717,17.8931,-672.0351,111.5873,-486.2990,134.7460,-534.5410
-465.4022,-11.4534,-489.8919,51.1077,-534.3100,57.0105,-614.7108,31.5448,-684.2454,34.5978,-531.9786,161.1436,-571.8413,5.1431,-664.3282,122.3710,-513.2277,112.9307,-548.2172
-428.0406,-33.4569,-446.1657,39.8446,-520.1968,46.5795,-632.0988,17.4335,-641.7567,10.7445,-495.7993,150.0740,-534.8478,-35.6874,-637.5095,94.6033,-510.8389,100.6582,-530.2615
-402.4970,-64.2418,-399.1338,2.7909,-447.1470,6.7710,-565.8385,13.2821,-593.0756,-22.1046,-513.9451,126.0726,-442.3812,-29.8508,-611.1931,58.8920,-476.9531,107.0429,-482.4051
-393.3340,-74.9190,-367.3975,-14.5390,-351.0740,-11.0936,-471.3106,56.6968,-560.0035,8.3268,-509.2199,122.0421,-348.4922,6.9362,-559.0164,84.6128,-451.3646,95.6135,-430.3600
-372.5473,-36.3622,-332.3667,9.6965,-264.6490,15.8742,-427.9793,109.3100,-506.2146,64.2996,-448.4353,125.5190,-279.0726,28.5671,-444.1380,118.8582,-441.1293,68.1236,-362.0870
-304.9844,23.3652,-279.2371,47.0616,-186.6621,46.2120,-386.8755,128.2772,-442.2782,59.2115,-396.7227,115.6970,-198.9008,41.5344,-331.0662,89.7453,-407.2924,48.7552,-277.8436
-245.4515,44.0176,-214.3844,71.0030,-127.1350,55.6479,-297.7131,139.8245,-396.5650,31.7204,-348.7567,82.6916,-105.2383,37.0221,-298.7130,59.6225,-345.8320,59.2275,-208.1472
-235.7329,33.0153,-146.8150,83.3738,-79.7316,73.9699,-188.4613,164.4061,-322.4288,26.6219,-270.0376,53.0904,-22.9015,8.0455,-294.8998,82.4067,-286.3921,111.6914,-139.8960
-178.7310,30.9633,-89.7864,80.6108,-18.5692,101.4361,-68.7458,185.7327,-185.5815,-2.7765,-214.8544,77.0349,37.9961,6.0063,-218.0483,103.7572,-225.8145,160.9480,-36.5955
-44.0167,14.8205,-53.4657,51.4712,37.4085,91.6608,66.6142,201.5710,-41.1057,-32.1934,-192.3666,140.3949,74.0040,35.5717,-70.7394,107.3701,-154.8156,148.8203,79.9695
35.6593,-32.3807,-26.1940,11.5831,60.2390,44.6912,180.0182,201.6538,72.0745,13.0946,-117.6109,173.7905,112.4699,32.0703,62.7178,127.9405,-89.5688,108.5313,161.5883
48.0123,-51.7991,10.4560,-1.7433,84.4279,13.9646,244.5381,161.2378,167.7450,71.4347,10.5949,167.8901,193.7153,6.3065,136.0597,136.8296,-17.2181,101.8850,202.4375
122.1895,-25.5658,69.8847,20.8022,150.6371,15.2024,275.7025,110.8102,229.2743,66.4221,118.7809,160.4867,287.3438,13.9245,181.5386,120.3512,81.7837,109.5030,228.2839
243.1189,-24.9546,159.6585,35.1893,245.6007,14.0198,294.1285,102.5881,255.5517,72.9819,206.8208,146.2298,341.2453,27.7117,245.8210,137.3521,159.3114,93.5783,269.6078
320.2654,-76.9649,256.5431,-2.9720,343.6065,-12.0703,327.0750,127.8178,317.8475,139.7486,296.8145,113.4694,390.0432,18.2610,333.0196,180.2029,175.8768,69.2139,345.3530
372.3452,-133.5600,325.1716,-73.9150,434.5959,-58.3413,403.8836,165.0496,431.0916,182.6238,362.5695,87.1482,481.1216,17.6150,432.7283,179.9078,181.4816,54.6721,441.1732
392.6813,-171.0367,371.6260,-129.6915,510.9909,-106.8789,520.4756,208.1131,523.7090,161.3999,402.3964,70.3314,578.7443,14.7013,546.2084,151.4184,218.3313,49.2494,529.7880
347.4311,-188.4915,413.3058,-156.5025,570.1178,-125.7793,648.7713,208.8870,595.5603,117.9457,439.1609,44.8995,644.0099,-23.1465,654.3369,140.8317,265.9657,53.3564,601.1531
346.4738,-166.2788,438.3106,-147.9288,614.0083,-96.2001,760.2089,146.8315,690.0829,67.5874,469.5576,26.2169,696.8720,-52.3391,727.6281,129.7207,330.4583,52.2961,649.8890
471.7058,-112.4641,458.5647,-96.8880,652.1039,-48.4347,832.7550,97.1162,756.2537,31.1309,507.5937,31.1992,752.8333,-41.4744,773.3019,105.3221,440.5376,34.8955,674.8315
604.7679,-65.1223,518.6999,-45.1025,701.8372,-26.9282,865.0366,82.5535,760.0659,40.3022,576.8062,52.0760,795.0494,-35.1783,813.3908,72.8338,567.7102,26.4278,690.9030
660.2763,-25.0183,612.7288,-28.1126,751.5950,-26.3098,868.4980,24.7195,786.6746,43.1184,646.8450,95.3928,812.7097,-48.4503,853.9467,5.3779,674.2265,36.9882,706.1284
690.9884,24.7206,689.0118,-3.4903,763.0807,-9.0945,856.5725,-72.0522,866.0715,-17.4316,685.9809,156.4260,816.4747,-56.5513,900.4310,-82.4254,769.6362,33.7949,710.0031
720.7977,65.2443,730.7548,51.7903,739.5056,28.7119,849.8022,-126.2619,908.5605,-85.4842,709.8821,186.5418,824.5562,-65.3335,940.2838,-124.4914,858.9979,9.8185,694.4122
765.0326,79.3212,749.6791,82.9815,722.5507,58.2989,837.4650,-153.7535,878.3345,-116.8695,727.9705,170.0890,837.7325,-66.2487,942.2477,-119.1526,931.1337,-6.8935,662.0134
850.7358,76.9052,755.0109,71.9285,722.5505,63.3423,779.4290,-198.3683,817.3679,-169.7759,742.6024,152.2443,837.4438,-31.4312,918.2347,-98.7923,983.6094,-21.3540,633.5756
879.9703,57.8003,766.0040,54.0237,727.2634,44.9736,715.2252,-211.5334,751.2133,-254.4665,769.1517,152.5957,829.2581,6.6586,901.3898,-49.4244,993.5106,-57.0172,646.7495
780.9311,24.6379,784.2182,27.2423,744.8913,10.2474,741.0212,-170.2270,717.2571,-280.2365,781.2847,153.2640,840.3889,6.4512,876.8049,9.6928,942.4155,-92.7081,699.8427
707.2201,7.3703,776.0156,-7.1703,774.1229,-19.7927,827.3386,-124.7498,742.8594,-209.0650,739.2993,153.7885,852.9426,-9.0596,831.7006,17.7411,881.1782,-95.2465,736.0098
763.8722,13.3076,734.2527,-10.0467,781.9375,-25.0355,854.0392,-84.5624,765.5225,-104.6303,682.0883,153.3693,822.2178,-20.8832,789.4991,-15.2964,865.7267,-83.0912,736.0526
814.3892,17.0227,694.6854,2.4014,750.3550,-17.0147,814.4309,-54.2778,730.5527,-43.6836,662.0944,144.7577,762.6208,-33.7205,740.8024,-49.8082,871.5385,-93.2558,741.5355
778.3430,18.0994,673.5978,-17.9657,704.3662,-22.2980,783.8461,-91.3618,678.2481,-73.6380,655.5733,154.9132,723.5026,-24.6314,677.2225,-89.2717,856.4995,-114.5787,751.8271
747.9702,19.0099,658.2993,-47.9767,674.5294,-43.9740,773.2697,-180.1290,642.5463,-174.8083,634.9437,190.3999,705.6560,0.5794,657.4364,-108.2428,824.6917,-109.1393,713.6841
747.4927,-13.1574,648.2445,-58.2827,654.5936,-62.3004,752.9256,-227.9410,617.5494,-236.0382,613.7900,186.6120,680.8187,-5.3009,692.9972,-78.4154,793.1547,-83.6328,629.7772
723.6854,-68.5369,653.1554,-70.8515,626.7374,-60.9807,703.7693,-229.9914,607.1058,-186.0090,596.1609,127.4150,652.3140,-19.5065,698.4386,-60.5742,779.9307,-85.4427,568.1282
696.5660,-80.9367,668.0282,-78.3874,609.2542,-51.3382,620.2932,-233.5271,582.6108,-104.3940,586.3445,98.4064,633.7894,8.3599,653.0312,-86.5222,789.5551,-125.9522,557.2244
690.9238,-59.0429,666.9329,-66.6405,612.1240,-65.8872,551.3691,-208.9471,527.4294,-79.2423,585.2309,118.0698,607.1631,30.5470,624.7712,-82.7686,768.2668,-155.9780,561.7277
665.0870,-77.0621,624.8963,-80.1258,590.7676,-101.9492,554.4984,-130.4951,523.8381,-70.8784,541.3952,94.4701,554.8251,-2.1030,621.6550,-39.6282,669.5516,-133.3476,559.0012
591.1814,-123.7725,562.8123,-124.8410,538.1298,-112.2406,584.3868,-51.7341,580.0399,-30.2015,435.9752,19.8661,505.3400,-37.1509,596.2192,-36.5366,547.2552,-83.1683,556.5690
491.9344,-143.0040,523.3032,-142.6658,519.3603,-95.3130,558.7977,-11.0135,545.2288,7.8101,357.5907,-11.5967,494.7479,-42.3560,534.3856,-67.8125,466.2451,-66.0335,539.4928
411.5784,-165.2094,485.5353,-143.7894,524.0950,-109.5714,483.7494,-3.3255,405.5554,22.3747,347.1868,-0.3806,501.8610,-53.8940,445.9196,-71.2393,395.1352,-98.4987,481.8683
367.3890,-219.5817,400.1145,-176.8347,456.2964,-155.9494,409.9767,-34.4022,338.2110,37.7431,319.9240,-17.6104,478.7952,-66.2068,363.4458,-61.2739,299.5011,-141.4687,402.8626
310.2533,-238.8532,295.0161,-208.6135,325.1490,-172.9978,363.5970,-89.4365,366.9323,58.6131,246.1078,-30.5637,423.2408,-58.2785,328.1880,-66.9242,225.8521,-165.8985,331.1795
213.7798,-192.1212,229.3036,-200.6898,233.1125,-161.6644,337.5959,-122.0111,361.9877,95.6292,191.6036,14.6578,359.9070,-73.7156,304.6860,-70.0038,201.6869,-172.8105,246.2524
154.4240,-146.5448,191.6417,-181.2413,191.7192,-164.1170,281.7587,-127.7351,330.7244,159.9145,152.6238,49.9748,289.0680,-126.3384,233.4772,-75.7420,178.5950,-150.6480,142.1544
167.0997,-129.3629,146.0250,-159.9485,146.7034,-157.9195,183.5591,-138.7334,340.2571,187.8474,80.0946,21.2027,206.1137,-147.6937,165.5503,-103.1994,124.1581,-95.2135,73.8129
155.7448,-109.7994,97.5708,-129.2723,86.7638,-121.5760,128.4494,-153.7324,340.5273,134.7999,4.7421,-1.5161,119.2817,-114.3881,167.8505,-124.9714,58.5592,-57.7762,56.9289
69.9411,-101.7812,50.7403,-121.0261,6.1006,-106.6195,136.5398,-154.2074,298.0095,81.7374,-40.4233,23.0610,26.8713,-84.0370,178.4541,-121.0848,-3.0115,-75.7164,29.5688
-25.0449,-120.0564,-6.3062,-133.1663,-95.7856,-125.4377,90.5809,-154.3415,242.5000,68.5532,-90.8441,38.6458,-67.4126,-82.3528,110.4884,-124.3962,-58.0612,-97.1229,-43.7854
-96.2219,-116.9511,-67.7468,-116.5839,-170.6594,-112.9469,-40.7126,-174.9471,144.7393,6.6180,-159.8289,19.3085,-137.5750,-81.9705,-25.6916,-155.5517,-97.0629,-71.9196,-137.5177
-158.6883,-78.4419,-131.6746,-85.7213,-209.6895,-64.2018,-143.2826,-193.1358,1.2035,-97.8888,-233.0210,-12.5893,-182.8893,-75.8788,-171.2856,-178.7930,-139.3612,-40.1648,-220.0524
-200.0198,-60.9128,-211.7897,-88.1874,-269.3810,-44.3607,-182.0318,-167.1532,-101.5339,-120.2366,-326.8626,-51.3271,-241.7720,-79.3065,-274.3243,-151.9090,-232.7335,-43.1603,-267.9189
-231.2474,-79.9440,-294.5288,-99.3546,-341.3861,-58.0201,-230.3039,-110.9489,-164.5622,-79.5955,-421.8514,-71.5562,-325.9635,-84.1546,-322.5040,-90.3308,-367.7266,-47.1757,-279.4118
-297.5858,-92.6503,-348.7913,-82.3010,-372.6185,-60.1064,-305.7943,-79.4652,-274.0424,-92.8582,-463.9111,-39.4763,-403.1228,-68.1276,-369.7886,-49.3849,-470.0937,-23.0601,-288.1032
-391.8188,-84.7617,-380.4755,-57.4957,-397.0168,-48.1441,-367.4772,-65.0600,-399.7051,-112.7811,-490.6415,6.5831,-455.8407,-34.1309,-448.4752,-42.1457,-513.8256,-1.1756,-302.8219
-475.3442,-71.3100,-425.3151,-40.5199,-466.9175,-38.0992,-390.3246,-16.2971,-454.9304,-36.3413,-566.9577,14.0673,-502.8827,-10.7610,-504.5190,-36.3281,-554.0925,-3.1002,-304.9581
-549.4002,-57.9774,-495.5861,-24.4475,-552.1573,-27.4163,-383.2397,34.1830,-470.7202,56.8281,-637.7349,-2.5862,-565.2299,-18.7502,-512.1362,-34.9563,-625.3231,-3.8548,-331.7007
-624.5668,-56.1912,-566.2795,-22.9577,-625.2598,-23.3394,-407.9095,16.9938,-512.9000,45.1862,-646.0317,-26.3850,-640.5369,-52.2812,-527.5034,-60.4167,-694.7684,14.1730,-420.4926
-693.6323,-74.7207,-614.7099,-43.0388,-701.1656,-32.0273,-503.0956,-23.6800,-565.5741,-13.1150,-662.2276,-64.0558,-704.9090,-85.7635,-577.1189,-77.4206,-742.4653,29.6657,-510.2773
-757.4378,-99.1109,-656.8107,-67.6365,-763.0800,-41.8412,-587.8702,-1.0371,-594.4920,8.5402,-731.4128,-92.7636,-738.1962,-90.8073,-630.7483,-45.6692,-806.3694,15.6318,-548.5363
-815.7036,-127.7564,-719.9738,-96.7206,-785.8522,-59.4757,-595.7894,63.8344,-598.7820,103.0463,-784.6331,-104.7311,-746.3659,-69.4049,-665.2606,-0.6296,-908.1338,-22.9170,-582.1492
-867.6030,-170.4026,-787.4348,-131.4624,-787.0490,-93.7216,-603.8364,107.5674,-593.2255,166.5746,-792.4250,-133.7272,-744.6429,-62.5867,-670.4401,10.3396,-993.8410,-45.9956,-642.0887
-933.8739,-194.1000,-820.3486,-142.1964,-775.0326,-111.6034,-668.6567,126.5469,-603.9492,166.9081,-804.3565,-162.1084,-733.2487,-83.6447,-666.3312,7.5836,-1005.4575,-19.3533,-694.5056
-1011.8151,-170.0981,-823.0157,-118.6377,-742.3771,-94.9440,-721.4988,128.2537,-638.3887,163.6158,-834.1330,-140.4064,-716.3135,-86.5162,-700.2460,34.5606,-977.7618,32.8851,-727.0900
-1048.9319,-146.3608,-826.8043,-94.3936,-724.2642,-77.8555,-723.1065,105.0922,-664.0378,162.1967,-870.2455,-94.7299,-718.6462,-53.8950,-748.9517,74.2804,-981.4129,52.5360,-744.0118
-1020.9646,-154.3024,-836.0072,-82.6426,-748.8549,-63.1805,-707.3740,70.2932,-660.7404,96.0651,-923.9003,-64.5237,-745.7238,-29.1490,-745.2977,59.3181,-992.6951,38.9153,-737.1290
-969.2687,-128.0771,-833.8419,-56.6226,-768.9720,-15.9388,-679.0324,31.9399,-648.1194,1.0401,-970.4014,-25.6341,-763.2833,-24.3057,-725.9681,-11.0532,-940.2758,44.0697,-733.8733
-927.3368,-38.4723,-813.8798,-9.4285,-744.9742,33.7640,-645.8834,-16.7655,-640.9732,0.2805,-958.7885,18.3110,-758.7867,-18.1155,-754.4894,-38.3465,-849.6237,64.3425,-757.8096
-881.8667,27.3293,-784.8210,24.8921,-723.5575,24.2123,-648.8975,-56.9148,-630.9854,67.0432,-899.4343,19.7473,-768.1256,-31.7427,-765.8831,2.3874,-797.3997,48.9300,-767.2250
-823.3111,22.8555,-753.5275,22.0881,-749.8682,-15.6148,-674.9073,-73.6388,-617.6098,56.9152,-836.4734,-4.8551,-796.9159,-73.0432,-709.4884,2.4120,-772.5284,17.0793,-738.9583
-769.5148,13.6783,-711.7000,9.4051,-776.0722,-13.9962,-684.0216,-82.3824,-621.7904,-26.0697,-779.1469,-6.9742,-793.1054,-86.5664,-679.3417,-53.5687,-721.7454,28.3592,-701.3265
-726.6440,29.5918,-656.9950,27.1985,-736.5540,19.6719,-693.8672,-71.3690,-655.7660,-65.6587,-729.4587,1.9976,-738.6055,-64.5089,-716.1926,-42.6227,-660.7379,60.6374,-651.5634
-675.6007,23.7205,-615.1301,53.7285,-656.7037,26.9171,-705.5305,-20.5049,-684.7914,-59.3428,-694.2794,9.1846,-672.0389,-60.4179,-718.8000,31.3202,-622.5374,54.2843,-589.3984
-605.1045,-5.6310,-596.9603,31.8975,-605.9866,-0.6612,-671.8546,20.9987,-665.2055,-70.8891,-645.7543,45.7443,-606.6719,-56.6016,-663.8746,43.1008,-580.5891,17.6551,-570.7081
-522.2782,-10.5466,-564.9134,-18.9543,-586.3068,-22.6597,-620.6553,1.0391,-629.6403,-95.1389,-556.5655,111.0222,-534.6516,-8.7376,-647.8471,7.0008,-502.6996,-15.7428,-603.0427
-433.7511,18.5605,-501.0878,-19.4664,-547.7209,-10.2592,-627.0936,-44.4020,-638.2960,-121.0685,-454.6555,161.9812,-480.7024,29.5324,-674.2570,9.3432,-407.6788,-41.3837,-617.5609
-356.2075,60.5382,-444.6649,28.6604,-480.2346,20.1141,-654.1790,-69.7185,-655.1853,-160.0734,-375.5318,182.0233,-455.4871,12.8899,-646.5439,12.3162,-338.4439,-49.3381,-595.2988
-316.5351,91.9847,-413.2303,45.1927,-419.4025,27.2874,-617.7057,-92.8881,-610.1023,-174.8785,-308.1603,182.3602,-433.0097,3.7147,-554.2915,-19.8662,-314.4549,-42.0746,-565.2429
-294.8349,78.0055,-378.4269,11.6345,-386.8088,2.4956,-547.0850,-126.5221,-532.9769,-141.5640,-235.4065,169.2390,-415.8237,34.2719,-472.5929,-22.7605,-305.4319,-61.5305,-514.2458
-239.6820,13.2990,-332.6833,-25.9334,-374.1391,-25.3277,-506.2909,-140.5442,-482.0935,-118.4130,-176.0009,145.6916,-413.6805,50.1138,-424.5252,8.6768,-264.9217,-109.5875,-429.2626
-167.7832,-54.3744,-289.2603,-58.2615,-364.1849,-47.3972,-467.3812,-122.2630,-434.4472,-141.6999,-146.6172,111.2762,-388.4474,36.7572,-377.9999,6.9891,-198.3769,-126.1668,-334.5766
-130.0949,-92.7407,-239.7436,-94.9884,-338.4300,-77.5497,-393.7614,-99.2876,-365.8045,-173.4512,-123.7285,61.4443,-324.6708,20.2951,-324.7016,-24.8064,-146.4229,-100.0333,-237.0652
-101.0686,-110.8787,-175.2337,-113.9225,-279.3668,-106.1260,-312.0984,-94.5582,-308.7256,-181.9812,-80.9862,6.4400,-259.5922,-12.4546,-278.4351,-48.2400,-109.0749,-91.4692,-134.1569
-48.3265,-115.8187,-109.0507,-114.5840,-184.4092,-120.6895,-223.6550,-91.3082,-259.7758,-149.5395,-30.0723,-30.8265,-194.4361,-56.8151,-235.5522,-69.9431,-61.0856,-127.1054,-39.6284
-26.9037,-119.8271,-54.8460,-132.9983,-79.7678,-140.2946,-95.8224,-59.9612,-170.9301,-65.5309,10.0899,-47.7687,-110.3699,-70.6336,-181.1034,-93.2803,-15.1681,-167.2917,49.8519
-53.6893,-144.9151,-19.1825,-168.6073,0.2583,-173.0571,35.5771,-18.3606,-41.8668,4.7652,48.4586,-72.0527,-35.9413,-73.0919,-106.4861,-103.6968,7.0400,-174.6626,131.7114
-31.6666,-171.9920,2.2860,-189.0445,58.1774,-194.2637,108.1470,-17.5607,98.1089,-8.5116,98.2768,-117.8764,22.1338,-115.8097,-7.5875,-104.6978,29.8608,-159.8331,168.4712
77.8636,-163.5586,35.4883,-190.1939,118.1974,-196.3732,142.3924,-62.1616,242.3305,-36.3240,156.4589,-147.9220,98.3353,-172.2979,107.4604,-107.3163,95.9512,-158.1450,163.8772
185.3311,-137.1246,91.9464,-181.3236,171.1067,-196.4324,179.9559,-118.2469,363.4295,3.4527,217.0256,-127.9624,171.1340,-190.4514,214.9664,-122.2338,211.7605,-171.8172,175.3759
236.4196,-131.3118,148.5867,-163.0573,201.4204,-190.8761,200.9651,-177.4304,418.9655,24.5404,269.8744,-97.0767,203.3361,-184.4174,300.6405,-147.3940,338.1927,-159.5740,214.4895
271.9056,-133.1018,200.6702,-141.2926,241.2002,-159.1662,199.0187,-228.9225,431.8872,-64.5391,304.6423,-101.5945,230.1400,-183.8928,364.3728,-151.8933,433.8232,-101.3431,257.1885
326.6997,-106.2335,272.2554,-107.7185,317.5003,-104.1542,219.9068,-237.1856,453.3704,-166.6425,336.8189,-111.7305,274.5784,-182.5359,400.6134,-134.2500,503.4516,-32.2795,311.8551
395.3524,-57.0151,360.6451,-51.7609,395.2401,-57.2989,273.4582,-215.1194,468.7553,-166.0137,384.1423,-94.5094,302.7556,-173.3307,416.3286,-139.2143,573.0085,1.5723,371.4308
462.3161,-31.3670,434.8210,-15.5684,436.6944,-44.1207,329.3048,-214.0442,452.7141,-117.5765,423.7259,-69.3250,315.9261,-158.1587,443.5368,-166.5361,632.5002,-11.8872,406.6328
510.6317,-50.8740,475.1522,-34.7511,450.6913,-50.4023,391.3894,-222.3169,446.1665,-115.1214,427.7794,-36.3722,335.8170,-131.4141,486.9413,-174.4644,656.0919,-40.3928,445.0368
533.6406,-79.1818,476.8645,-59.0327,452.8044,-43.7914,464.8589,-190.4711,479.9830,-133.4639,413.0836,3.3414,353.2837,-98.5866,514.9395,-154.3746,644.1271,-40.8612,520.8817
528.0746,-91.5832,453.2985,-57.1714,451.9403,-32.9026,513.7847,-119.4138,516.4774,-104.5080,416.8883,-18.9231,396.3900,-80.5508,531.7162,-100.9927,598.6476,-24.0727,589.5449
480.1036,-126.6385,443.3591,-89.3670,467.8889,-52.8406,533.5560,-35.8214,525.4677,-40.5934,452.7904,-115.3158,497.9404,-87.1876,563.4210,-21.1197,518.8848,-33.4749,611.0006
419.1628,-188.0015,466.2090,-159.2196,502.3878,-91.1615,569.3152,41.0851,522.9446,-13.6033,494.0609,-169.7384,584.3325,-109.5925,578.0597,11.4620,446.1239,-52.6555,617.3232
419.4904,-198.6339,492.4517,-168.5831,528.6492,-100.7797,620.5881,82.9426,518.3592,-46.1416,492.8337,-140.0447,584.9842,-126.2799,542.2682,-25.4873,429.4035,-31.0416,630.3176
471.2917,-138.5919,497.9684,-95.1319,540.0381,-69.5793,635.3113,91.7728,503.9734,-80.6054,445.4301,-124.4905,561.0361,-111.9461,508.4940,-42.9266,453.6502,24.9796,636.4671
482.7883,-74.6649,496.6792,-21.0349,562.1590,-12.9523,611.6738,107.4961,481.7014,-83.0033,410.6071,-145.6137,575.0800,-64.9101,519.8162,-28.0252,476.7614,80.4100,639.9254
454.5321,-25.1683,504.2171,19.0977,600.7325,52.0738,595.5384,116.3796,452.2409,-101.8981,423.0692,-125.0045,594.3702,-19.4381,520.8587,-56.8126,492.0775,116.6257,629.4149
466.6556,20.9165,519.2895,46.4179,619.1343,90.8940,581.9767,67.2227,414.3706,-165.1556,453.8134,-63.7259,591.8541,-3.9110,470.3832,-100.2356,505.2675,112.6592,564.6924
502.2116,22.4610,537.0593,58.1481,589.7819,86.6052,532.7866,-8.6111,382.7669,-221.2427,470.1369,-12.5782,576.3375,-0.8863,418.2005,-93.7616,510.0185,85.0728,465.5317
486.1768,-8.9212,546.6284,58.4254,538.5345,80.0252,474.8629,-36.3496,363.4799,-234.5996,455.7407,34.2166,543.7161,17.1698,395.4488,-83.8226,504.6296,91.5919,406.4503
439.6609,6.4671,531.3341,71.8827,505.5463,95.4740,464.0169,-19.9444,336.4789,-219.2920,408.6388,63.4669,507.9400,29.2679,364.2022,-98.2420,485.6804,115.2356,403.1143
415.1219,42.2817,497.7269,84.2787,490.3897,91.5973,473.7199,-5.3039,290.7457,-177.3516,369.3723,38.6969,491.9665,1.7419,308.9042,-89.8213,441.6557,87.8608,403.3336
391.9823,18.7208,478.1491,69.2003,475.9515,52.0319,433.2406,-0.6844,239.1486,-125.0593,367.6700,17.1923,466.9734,-29.4139,251.7159,-67.5493,384.3656,36.1638,369.8688
363.2751,-8.4763,478.2039,47.2269,461.3042,23.9970,339.1004,-6.5038,188.8335,-120.2369,359.6015,67.6748,408.1136,-3.3694,188.3263,-57.2704,342.2038,21.9333,301.7437
364.2830,31.4623,459.7292,42.1239,433.6255,28.3688,229.4198,-33.3605,126.6792,-170.6465,318.2283,127.0034,352.1793,52.5731,113.0470,-33.1051,308.1775,21.3308,217.2926
354.3346,64.2738,404.2225,40.1026,374.1765,35.0336,118.2946,-68.2061,45.3893,-214.7753,288.6177,116.5690,321.3531,68.1987,63.1303,-12.6917,252.5702,6.5139,148.1163
254.6527,26.3578,340.5539,24.6120,295.6575,23.8848,26.5280,-90.8403,-21.1603,-223.5661,275.5961,72.0204,285.6104,46.9945,58.8865,-23.1152,179.4519,-8.5134,100.6728
113.6470,-31.3708,276.2578,-9.0300,203.8652,-8.0846,-16.1606,-100.7845,-18.2906,-203.0571,231.4773,42.0501,229.1270,23.4119,62.4633,-12.8845,112.2137,-39.2727,42.6865
61.9090,-69.4222,180.0567,-57.3265,87.1274,-57.5359,-23.2533,-96.0261,44.4282,-129.6158,173.0717,16.1503,164.7423,-10.2808,44.2183,21.8398,50.7545,-81.0816,-28.3561
115.9282,-79.6182,71.4506,-89.8291,-11.4797,-93.9931,-32.9779,-75.7637,76.2434,-7.4066,148.6774,-1.6977,93.5032,-43.7569,12.9578,12.5941,1.1667,-82.4973,-70.4613
162.7530,-36.1262,15.8838,-75.4342,-42.3307,-88.0734,-72.7593,-67.0556,21.0347,70.4449,141.4639,12.1021,12.8664,-37.5575,-32.9701,-20.2261,-2.0947,-65.1884,-85.1445
120.5123,26.2747,3.4886,-35.6712,-58.4521,-56.9660,-153.9334,-93.0570,-75.8978,33.4203,115.6193,42.4405,-56.2259,-9.7004,-95.9563,-25.0434,29.3028,-79.0872,-122.8421
20.3335,34.1234,-37.1782,-14.8548,-117.9739,-30.9126,-224.1688,-123.8262,-148.8502,-48.8735,59.4227,62.8205,-91.6241,-0.5716,-139.1442,-32.6408,16.9200,-71.5279,-176.2867
-66.1425,13.4999,-114.1729,-16.1131,-172.6282,-14.7452,-199.9936,-110.6660,-178.7747,-64.9536,-40.0300,70.9060,-112.4006,8.6894,-141.7730,-38.0402,-66.3753,-15.6177,-188.0302
-129.1173,22.5508,-188.4372,-17.6691,-199.3045,-10.7852,-127.6800,-63.0363,-179.1403,-33.4053,-164.1632,58.2612,-159.8671,28.6987,-144.8631,-3.2260,-160.9274,-1.2337,-172.3424
-208.7364,23.3267,-260.6913,-15.5700,-264.4675,-20.5129,-141.8024,-32.4907,-185.2363,-50.5036,-255.1450,16.3432,-228.5385,24.8462,-176.1385,5.8188,-234.6932,-44.5101,-190.5600
-290.5013,-13.8923,-332.4121,-12.2271,-362.5382,-24.8619,-228.7457,-18.7548,-231.8046,-100.3426,-296.3103,-23.6423,-281.8775,9.3793,-213.8819,-57.0402,-304.4029,-59.0980,-226.8001
-311.1377,-30.7006,-371.8849,-4.0363,-410.5405,-17.3024,-268.9144,23.4753,-307.1976,-89.4267,-323.2986,-28.1717,-333.4579,20.0194,-259.3690,-108.5299,-354.9930,-51.3324,-233.0896
-292.2961,-8.2555,-392.2787,-0.3624,-413.2910,-22.8672,-265.4561,78.2742,-369.1483,-29.8082,-363.1884,-19.5580,-402.3154,22.3344,-329.7581,-106.2711,-376.6819,-79.0262,-240.9162
-334.2981,0.5178,-440.5994,-14.0528,-427.1668,-46.4038,-291.1895,82.4944,-406.6555,7.9186,-416.6296,-28.3890,-434.3778,-16.8042,-388.1733,-81.5785,-420.1937,-98.5383,-299.1756
-437.4804,-5.6547,-492.6862,-30.9007,-435.9090,-57.7540,-339.0973,38.8245,-447.6565,30.3862,-454.7891,-23.0374,-406.0057,-44.6400,-406.6007,-27.5964,-492.2740,-59.5552,-384.2371
-485.3275,17.2858,-499.1806,-29.0348,-417.7915,-48.7499,-392.6206,-8.3635,-515.4856,29.3493,-447.9083,31.8962,-399.6033,-23.4956,-435.4200,16.7987,-515.1768,-11.6544,-460.3554
-444.6144,56.0744,-494.1088,-14.2152,-420.3074,-41.4069,-471.9767,-58.3562,-597.0022,-68.4638,-431.1287,93.1204,-457.5419,10.1096,-499.4480,-32.1844,-472.0695,-13.4328,-526.7106
-408.6997,70.3131,-524.4195,2.4472,-481.5438,-35.5641,-558.4583,-102.7072,-655.9595,-223.3953,-452.4427,110.8267,-519.4139,33.8209,-540.6051,-112.6417,-436.9466,-60.3647,-568.2498
-425.3592,68.9881,-554.6872,24.7901,-571.7687,-14.9566,-622.3066,-94.7274,-682.4257,-284.4575,-480.7544,112.9990,-556.6328,54.5291,-544.4305,-104.0424,-441.8407,-109.0305,-565.3249
-467.1244,68.9469,-549.9573,37.3795,-626.0751,0.7409,-659.4590,-43.4629,-698.7768,-219.8947,-484.5728,117.9848,-582.1314,55.6828,-570.3983,-42.1634,-470.7314,-113.0175,-535.9188
-544.9269,46.1792,-542.8002,9.3032,-597.7359,-21.2134,-635.2303,0.3926,-711.5079,-120.1957,-494.0131,79.2516,-562.3395,34.6235,-614.0894,-8.4161,-537.7162,-74.1206,-502.0929
-656.6201,-6.2308,-548.4409,-45.8262,-518.3409,-60.7154,-542.6263,49.0456,-712.9634,-26.1258,-504.0810,11.1205,-495.5213,27.8851,-605.1315,2.0482,-633.8536,-42.2935,-474.4890
-696.4811,-41.0549,-541.9357,-76.6513,-476.3290,-68.2534,-472.0784,121.0091,-707.0438,60.6021,-483.5590,2.7909,-463.5545,44.8006,-545.6203,-5.9225,-682.0518,-36.2871,-471.4247
-610.1202,-30.2357,-536.3463,-61.9766,-492.7312,-40.9358,-469.4978,161.8407,-688.7147,100.7765,-470.0715,42.3249,-488.6797,55.3449,-503.0413,-24.5005,-645.9939,-29.2477,-482.3025
-513.8956,-4.7293,-553.4401,-19.4600,-506.0410,-10.3795,-470.6911,143.0686,-663.6664,62.8471,-486.4936,32.7130,-499.6269,50.0503,-497.8613,-7.0586,-584.6561,-6.7754,-470.3201
-495.6909,12.8344,-554.6666,27.3169,-492.1491,19.9177,-453.9822,111.3962,-672.5514,-21.1369,-475.7091,-12.0959,-474.9325,41.0182,-506.5201,25.0939,-550.1006,22.6812,-452.3328
-491.4658,34.3261,-509.6095,55.6961,-478.6006,55.5467,-457.6695,85.0942,-701.1086,-64.7264,-427.0200,-10.4528,-450.0464,26.5376,-519.6622,10.8030,-531.4439,45.0549,-472.0802
-463.3679,54.1659,-456.0962,57.8732,-458.4430,68.7471,-466.5367,47.5297,-668.4180,-15.4944,-386.2022,15.6042,-414.5215,4.7875,-528.7929,-11.8658,-506.1413,52.4677,-502.0550
-449.2178,55.2101,-422.0901,52.9943,-406.6921,44.2555,-455.4323,21.9253,-588.1877,48.7604,-341.1935,12.0471,-349.1323,-8.0558,-514.3010,11.5218,-464.3116,56.4158,-490.1549
-413.5563,51.4836,-387.3407,53.0439,-346.2295,19.3631,-441.2512,23.6301,-552.8301,33.6191,-280.0581,7.3631,-297.2553,0.1044,-477.2758,42.0252,-397.7253,55.9297,-442.4560
-309.2180,59.1696,-347.4941,48.5994,-308.4608,22.3558,-408.9966,12.6074,-537.9531,-0.8313,-247.8184,18.9860,-290.8660,17.6844,-434.4394,43.9054,-321.2376,24.8291,-378.2924
-216.9239,64.3692,-312.6219,41.8038,-275.7063,27.7998,-339.5393,-28.9709,-466.7182,15.8378,-230.0078,7.3064,-282.3333,20.8559,-387.7303,31.4033,-275.1095,-19.8831,-309.5888
-206.0239,53.4421,-265.3775,40.6691,-223.5316,13.0406,-280.9766,-66.1479,-385.3135,0.1313,-162.2240,-24.9760,-222.9255,-0.1866,-334.0969,8.4126,-266.6754,-26.5139,-273.4000
-208.7140,29.3083,-201.4263,31.5170,-168.7820,-2.8112,-250.3614,-76.4554,-341.0806,-82.0745,-72.0938,-42.3319,-140.2973,-30.3642,-277.2388,-11.8228,-256.8418,-2.3267,-267.5668
-167.4906,3.7102,-149.8748,7.4152,-126.8890,-3.8436,-189.0259,-65.5654,-268.9028,-103.8375,-27.7236,-49.7887,-83.4513,-49.8391,-215.8071,-3.7087,-225.7607,13.8202,-220.2393
-111.4186,0.5080,-113.6929,-8.8966,-69.9829,-2.8375,-91.4267,-45.0892,-154.8695,-31.4086,-9.1870,-48.6780,-46.5421,-53.2171,-155.2001,11.4407,-182.3547,23.1399,-113.6011
-55.2472,26.4778,-60.7174,-3.5017,19.3686,-5.1306,-12.5603,-38.6935,-80.5114,12.1331,36.7770,-21.7355,-0.4712,-41.4825,-114.9445,-1.7305,-110.9268,28.6617,-19.9768
9.1015,47.2845,19.0075,8.2346,102.7860,1.4148,44.8735,-60.1279,-55.0785,-11.6668,107.1620,-2.5447,49.1720,-19.5439,-85.0930,-38.0882,0.6869,27.8641,32.6255
77.3259,41.3722,99.0254,8.0093,153.5471,8.9819,105.4555,-78.4114,-11.0099,-19.0610,165.9105,-30.1033,90.8255,-9.6155,-20.7365,-74.1390,100.9320,42.9455,93.8672
155.4744,31.9968,152.0237,-9.2548,199.8290,-8.1836,155.5023,-58.3586,79.8801,27.6313,196.1651,-59.6278,140.5840,-28.0403,81.2886,-78.7223,143.7461,53.9298,179.2881
227.4573,34.6568,176.5574,-31.6265,247.0543,-39.7576,189.9001,-21.1388,204.1423,71.9622,226.1457,-37.7886,199.4493,-42.5598,169.5637,-35.4846,173.7881,11.4574,243.8392
256.3286,37.2692,194.8253,-34.1927,257.2924,-39.9461,228.8561,-16.4798,321.9158,38.4852,287.2386,1.3935,236.5380,-8.5241,225.0042,14.0460,240.9036,-33.6810,262.8068
271.8263,37.1526,225.3885,-8.1744,246.5822,1.5534,272.6489,-45.7194,379.8120,-60.6252,343.8738,8.0917,251.9106,51.6692,273.4784,29.4216,305.0735,-1.1292,269.5824
314.0197,46.5611,273.2798,27.6144,285.1667,45.9258,318.5654,-58.0187,390.2274,-112.6034,358.7214,6.4102,294.0577,77.3886,317.1540,27.4179,319.6263,60.9496,302.1408
338.4504,71.2625,346.4767,54.2876,379.6391,67.0001,373.1331,-32.9329,408.8162,-70.2256,386.3897,40.6290,381.8235,64.2371,344.5389,15.3538,317.9465,76.0726,340.9783
340.8990,95.0283,429.9120,65.0198,466.3912,66.5219,415.4679,-12.7655,431.2850,-6.6888,467.9165,84.8648,465.3515,46.6195,375.9001,-13.7484,347.3627,64.2997,354.5781
394.8038,86.9323,470.7358,57.8402,511.4504,46.2850,431.2188,-22.9835,443.1497,44.9481,534.0385,75.6148,498.0934,26.2667,427.3043,-21.5335,401.7595,50.9036,378.9156
462.6963,56.9913,462.4789,42.9316,527.0195,22.6085,454.2568,-33.8810,485.0544,81.4214,536.4277,23.1901,500.5623,5.2723,483.7733,5.4179,465.3692,24.5082,447.4892
453.5396,61.5759,470.0328,34.9619,529.4769,22.6817,494.3304,-35.2799,558.2333,30.4863,531.4924,6.0749,516.9661,17.6636,536.6064,12.4565,544.3204,-3.1017,500.8627
436.3022,97.7368,515.0815,28.5053,535.5233,30.8703,506.2997,-51.9253,599.0897,-84.8551,562.0513,40.4289,549.2089,58.0150,577.6835,-11.0932,618.7570,-26.8096,497.8685
502.8492,96.0441,550.4120,13.9229,552.5107,14.7665,490.5812,-66.2800,592.9734,-110.4031,603.3633,68.3819,573.1409,78.7762,580.0156,-19.5960,642.7067,-51.2976,508.8966
594.7397,59.0588,562.3704,2.9765,566.0013,-3.0027,505.3612,-42.3373,580.6662,-46.0697,635.2640,75.9991,580.8513,76.3530,553.0204,-11.5321,624.4373,-43.2174,569.5264
661.1210,50.8684,574.0423,2.4820,574.1261,2.3001,550.6412,-12.5556,578.8519,-18.6414,659.9062,82.5261,580.2208,65.6237,553.0972,-9.3535,625.5215,-10.1477,602.3185
715.7008,59.7441,581.4897,-1.3036,597.4813,-6.0714,578.5984,-19.5199,590.6848,-1.4823,680.9908,58.4034,593.7336,27.0925,597.2634,-9.8791,656.2012,-18.3360,581.0950
712.0294,43.8901,586.8052,-4.0315,630.8204,-37.2958,602.4551,-24.7124,629.9669,54.8225,700.9480,0.2786,642.9050,-16.6319,648.1934,-15.7959,669.9209,-39.3409,584.2857
650.7676,35.7036,614.1486,15.5805,645.4022,-33.0137,651.5219,10.9672,686.5039,38.7902,703.6889,-16.2396,691.8474,0.4772,682.6416,-22.8342,670.8416,7.0427,638.8527
658.4224,51.5755,647.2763,35.8377,641.0116,5.6917,683.5392,39.3720,715.5923,-73.9831,680.2354,22.2468,675.4594,52.1528,698.7100,-9.3712,696.6259,57.3119,678.5781
743.1794,31.0600,647.8860,3.9508,625.4566,1.5854,669.7082,11.2906,679.7543,-135.4878,674.8178,29.2355,613.3694,50.3998,694.2062,1.0997,712.2042,9.5337,660.3697
750.6094,-34.9304,619.1226,-70.0465,577.2938,-47.8268,659.5332,-41.5173,606.8672,-110.0147,713.1929,-11.9693,584.0122,3.8663,684.1519,-30.2908,670.6636,-69.4976,614.4609
651.3774,-66.5487,585.6121,-106.2128,505.5182,-65.8552,667.8812,-69.3283,573.2374,-87.4260,723.5336,-25.4030,586.8046,-18.8119,681.9204,-70.5557,619.0672,-69.5198,590.0236
570.4871,-30.8592,563.5561,-67.7150,477.7384,-40.5154,638.4637,-62.6218,577.3156,-75.2455,644.7636,0.4241,566.2807,-11.0144,664.1658,-65.3957,605.6639,-22.7205,591.5121
557.2058,11.0764,554.7591,-13.8025,509.8428,-25.5304,567.7570,-29.3509,530.6526,-37.9600,541.9637,5.4120,536.2054,-0.8030,616.6490,-15.6913,583.5625,-16.8699,571.4365
547.9796,2.9542,526.6893,-14.5137,515.6529,-36.2658,510.5269,10.4612,440.9455,14.9768,496.9815,-21.2103,544.1469,-3.6849,572.1750,46.2774,509.0386,-62.0714,500.0717
486.8788,-38.8269,454.0892,-63.0693,443.6995,-51.1265,470.7389,25.4594,418.3420,71.1268,475.8413,-43.9741,566.2177,-28.0815,553.6934,81.1063,418.5695,-104.6276,417.2602
390.5332,-65.2811,383.6130,-97.5128,361.9484,-58.3785,423.6438,20.6164,448.1231,100.0917,412.8789,-59.8828,540.8569,-47.1444,537.2347,70.3173,353.8626,-93.9986,374.0145
326.3288,-65.3688,366.9531,-81.6775,334.5463,-47.9202,381.3664,32.7394,403.1673,69.5554,333.3761,-82.8450,465.9016,-24.8727,493.1166,52.4970,313.2838,-39.3153,362.9307
312.4655,-57.5871,375.7231,-39.5741,327.0997,-19.4365,346.4728,54.7110,289.5750,34.5930,294.3160,-87.4637,400.5217,11.4484,416.6777,56.0903,280.9614,-4.7857,337.2373
289.9579,-36.4762,363.7736,-11.2342,293.9220,-2.4295,293.6099,46.7810,226.1900,63.6452,280.1435,-43.8329,370.8457,27.3296,325.0434,49.6730,236.8849,-21.9303,265.5566
234.0121,-0.5544,323.8961,-4.5721,243.8020,-12.1317,227.5872,22.6775,238.1138,124.1180,236.5698,9.7316,318.3509,46.0009,251.4837,33.3556,165.5462,-50.1158,166.7676
158.2582,10.7515,250.1286,-11.0155,177.9258,-20.9124,171.6052,23.6812,276.2172,155.2878,144.3694,14.5774,200.6169,70.4425,216.2046,49.5584,73.4562,-44.0074,83.4941
38.4144,-8.5563,146.0727,-25.4127,75.6747,-14.4101,120.2497,32.6307,322.6262,140.3764,17.8567,5.5823,83.6415,70.7393,189.5523,79.8811,-19.9878,-7.5834,9.9066
-94.4074,-5.0218,45.8491,-24.2770,-35.1702,-12.0558,61.9877,17.8163,343.2120,91.2009,-105.7912,55.2421,28.4551,68.6142,121.1028,82.9811,-93.0170,27.6758,-85.6025
-141.2979,25.3035,-35.1188,10.6919,-105.5265,-8.5231,-4.5566,11.7673,280.4472,55.7048,-179.1171,116.5451,-17.9141,86.0030,13.5468,77.1803,-140.6615,48.3038,-171.4978
-138.4218,26.5276,-107.6710,39.8127,-158.7194,23.6986,-88.5523,52.7552,159.5435,65.2919,-201.9765,85.8853,-104.1966,81.9110,-75.4888,76.3335,-194.9546,66.6144,-202.1331
-205.7977,-0.2296,-167.9038,23.9382,-243.4600,65.8034,-188.1564,113.8990,64.0573,85.7862,-223.0193,-7.2299,-189.1419,51.8317,-123.9506,67.6996,-271.3615,81.8545,-216.7456
-302.4512,0.9128,-215.7118,7.3975,-331.5547,77.1332,-281.5014,157.0092,-1.5631,115.5422,-264.4450,-47.7807,-254.8480,49.9411,-185.5267,76.4676,-322.9088,74.4713,-269.5164
-328.8727,44.8943,-271.7544,42.9911,-377.6673,76.2478,-356.8394,182.8602,-95.4541,187.0836,-318.6925,-16.8938,-336.1035,77.3443,-296.8360,117.0474,-325.2440,55.9666,-342.4317
-329.9330,97.6542,-337.9949,97.8453,-409.1071,100.5488,-410.3177,194.6707,-210.2180,246.2326,-391.6450,19.6707,-416.1526,95.3706,-406.3837,148.0229,-333.8753,59.3050,-407.8287
-374.8738,121.2687,-396.5462,120.3436,-451.2143,123.6747,-434.1919,185.7127,-286.8850,250.8092,-474.2936,31.9092,-450.9886,101.4970,-454.8294,158.2850,-385.5224,81.5793,-462.4122
-452.2810,111.3194,-441.8853,115.0209,-472.3040,113.9709,-436.5994,168.0289,-330.4646,266.1410,-539.9885,38.7315,-460.9979,98.3920,-458.5479,169.2768,-448.0573,105.7757,-493.7943
-546.1023,110.1194,-477.1256,105.2304,-484.1018,109.9683,-440.0112,153.9422,-399.7010,266.6186,-598.9753,61.2944,-493.5035,88.9836,-465.4688,156.8210,-495.2355,133.9007,-519.0356
-612.3399,137.3651,-511.4400,108.8477,-546.7928,144.9533,-461.1777,132.0455,-500.3693,143.0333,-661.8609,97.4940,-555.3049,104.8411,-495.3719,110.0792,-524.0605,153.2786,-576.0508
-590.6026,149.3226,-550.6539,142.4013,-631.8588,182.3957,-509.0144,104.3636,-583.0147,-1.2700,-694.8539,119.0884,-620.4265,138.4853,-545.5144,86.1540,-530.5963,148.7115,-629.7053
-535.6127,140.3017,-572.9602,185.1114,-655.1661,192.3249,-569.6051,101.5063,-628.5144,25.8596,-693.6174,114.7914,-659.1829,135.5053,-602.2639,109.7627,-530.2871,140.5554,-624.6290
-528.5181,163.5975,-571.6668,192.4094,-631.3192,191.4258,-605.5339,125.7080,-662.8830,142.3832,-693.1818,117.8233,-667.9919,105.9820,-648.4709,135.4297,-532.8767,136.4483,-600.0265
-532.8748,199.0385,-584.5538,168.1151,-626.7075,180.6776,-605.9539,130.6871,-699.9644,151.9108,-687.2410,145.3099,-668.5285,106.2993,-674.2047,129.7921,-515.7315,112.4394,-609.5980
-526.8561,182.9406,-613.8475,150.9778,-634.6084,147.1470,-588.7516,88.2763,-708.6440,70.4998,-668.2209,162.6723,-658.3018,128.1753,-661.9303,93.9565,-488.7022,74.3253,-628.0436
-550.4997,152.7693,-614.9844,146.0188,-630.1976,113.8455,-556.8195,28.9778,-656.1045,12.9130,-672.3688,147.3486,-620.0607,130.8932,-595.8911,57.5831,-491.7032,41.3317,-635.8069
-559.0558,159.7428,-594.8462,132.3795,-633.1592,102.8026,-529.9260,-1.3178,-585.6455,7.3319,-683.3151,125.4246,-576.1827,115.8375,-510.3274,79.9414,-500.8746,6.7536,-650.0646
-513.2980,146.8214,-587.8982,107.2309,-638.0529,99.5593,-549.5037,13.3637,-578.7005,31.3434,-640.6653,125.8468,-548.3968,105.6468,-464.3478,155.2095,-474.4867,-6.2345,-641.7932
-502.2689,87.9090,-570.2784,89.9675,-607.2873,102.2848,-581.1978,55.6671,-613.5131,34.5303,-572.3558,146.0655,-512.4952,119.3456,-466.2905,179.9059,-450.2035,40.2912,-574.9608
-545.8270,65.5835,-525.8464,102.0175,-543.8131,127.2517,-547.8088,86.7308,-589.8898,-6.2177,-542.8238,166.2580,-458.4450,154.6656,-482.4666,131.0576,-456.5750,104.9026,-493.5570
-537.5107,100.7514,-493.2823,135.5914,-473.4381,152.0579,-478.9583,79.4364,-510.4392,-1.3786,-534.2351,173.0190,-410.5210,169.7704,-483.7836,119.8723,-442.8162,128.0853,-456.1521
-473.2732,116.4647,-471.4763,152.2015,-401.9981,141.0292,-451.7804,51.1573,-465.7057,87.6135,-516.6320,165.5824,-376.1529,146.8594,-452.8554,165.1853,-392.8322,130.4840,-451.1263
-420.5768,96.8619,-423.3834,136.9663,-339.3789,114.2095,-437.8642,31.1137,-462.5549,120.6942,-500.1235,144.1028,-356.2079,127.3687,-401.7226,149.5646,-351.3094,132.6042,-435.5974
-354.9943,84.7705,-367.0774,111.2855,-302.8273,110.2237,-395.9537,15.6853,-445.9860,38.7968,-467.4832,110.4505,-354.4283,122.7133,-368.0508,71.5578,-318.8273,105.2772,-397.4439
-282.6922,67.4479,-334.2720,81.2299,-293.8193,112.3017,-383.1718,2.8128,-410.7744,-17.6828,-403.7175,81.9315,-336.3281,105.9023,-350.6781,55.1904,-279.7943,62.4576,-350.2903
-281.4057,17.3517,-316.0801,40.7829,-300.5707,83.5052,-407.2939,16.9015,-358.0482,-5.5031,-347.7000,69.0485,-272.5023,98.9890,-305.0333,87.8798,-275.7889,51.4853,-296.3862
-310.7655,-32.2492,-306.0954,8.5849,-293.9601,40.5925,-363.6617,50.1988,-268.6333,-30.6027,-315.9427,54.3991,-205.8393,120.0493,-210.6446,55.0473,-314.4835,58.3278,-224.7688
-276.1253,-41.8470,-291.5409,-0.5854,-243.9355,27.3094,-237.8458,56.4611,-172.9592,-66.3494,-279.3955,33.9241,-181.9459,112.6471,-89.4246,-6.4959,-309.8079,48.8953,-152.1487
-220.7705,-21.6154,-236.5587,1.5325,-171.9509,40.8344,-147.1598,33.6551,-123.0170,-9.5602,-234.5643,32.7629,-181.6568,58.1132,0.2591,14.0959,-220.5974,38.9331,-116.0010
-205.6582,-3.6578,-162.7018,8.8554,-126.6919,45.8207,-124.0321,23.8999,-120.5721,57.9395,-194.7739,47.0483,-176.1580,25.8670,-5.9486,72.8678,-132.2724,46.5114,-108.2189
-184.4592,-10.8913,-138.6750,20.9716,-110.7965,39.2982,-86.6318,27.7869,-138.3697,9.1735,-158.3268,38.3971,-157.0357,36.4168,-65.7051,65.4603,-121.4240,55.3173,-96.0927
-147.2825,-47.3607,-154.1945,23.3673,-105.4688,39.5095,-30.0468,5.5088,-141.8126,-85.7076,-130.1589,2.7045,-115.4577,28.5414,-54.2864,6.9921,-148.4598,45.5843,-100.0207
-155.4073,-94.9340,-145.8934,7.8122,-112.0902,34.0400,-23.5888,-46.9888,-104.2691,-104.3300,-106.0824,-26.4448,-65.7848,-17.9365,14.1849,-34.3541,-153.5260,9.9807,-138.1111
-197.9424,-137.1195,-115.9107,-20.5610,-116.4567,1.7867,-49.8512,-85.6458,-58.3251,-57.7560,-70.3498,-42.9818,-43.2255,-56.5907,12.7392,-31.4457,-159.3906,-37.3616,-156.5447
-208.5164,-179.1553,-95.8168,-53.1681,-100.2138,-38.5218,-52.0222,-78.8042,-51.8691,-6.8250,-34.7587,-75.3230,-47.1498,-60.0357,-26.3243,6.3272,-186.5694,-59.5956,-129.0410
-171.0408,-218.2756,-73.9129,-65.4652,-83.1755,-54.0201,-64.7603,-53.9763,-66.1945,12.6688,6.4471,-127.3169,-45.6832,-57.6733,21.9344,22.3514,-167.9901,-43.6048,-112.5319
-106.0369,-221.9042,-37.4874,-47.0898,-73.6233,-46.8673,-115.8571,-61.4627,-76.5543,-17.2396,88.5749,-157.4075,-29.2236,-89.4030,100.7993,-20.8544,-76.6502,-25.7947,-125.7003
-37.2743,-175.4218,-4.2963,-42.0411,-46.2087,-43.4917,-125.2592,-89.2642,-92.0270,-40.8883,164.8447,-136.7930,-14.6934,-137.7280,92.3889,-50.0336,-17.3215,-42.3264,-115.5677
10.8970,-123.9723,13.4164,-75.9476,-10.7715,-54.3637,-61.7792,-80.5963,-88.3506,7.5309,154.3888,-101.3772,-17.0482,-145.9165,47.0374,-14.1992,-49.3093,-78.1608,-76.1404
42.0426,-118.9057,26.4904,-94.9715,1.3393,-60.4641,-25.1806,-46.5875,-51.4630,37.3099,107.4999,-102.5637,-32.2056,-113.4838,36.8976,-3.0693,-70.4676,-83.1049,-50.2019
78.7592,-148.8529,52.4452,-66.1258,7.1827,-40.0896,-42.5081,-48.1940,-21.9576,-57.0300,102.8453,-131.6369,-37.8613,-89.5123,35.3167,-58.2809,-6.4345,-41.5453,-21.5289
113.6714,-174.7151,90.8892,-46.1628,33.1824,-11.2498,-2.7728,-68.7858,20.3969,-137.7631,94.1055,-150.4216,-16.7136,-81.8688,66.7624,-76.9029,66.6224,-8.6752,56.9750
126.2161,-193.8193,119.3965,-76.1868,69.9442,-15.5786,116.6824,-47.3369,124.4515,-35.1757,65.6107,-158.1117,30.0665,-78.2747,177.1055,-29.0928,85.3619,-26.4004,156.9514
128.6107,-211.3017,137.2588,-111.0927,117.4049,-42.5996,202.1904,-7.9301,206.4194,119.7706,108.8254,-172.6631,89.1599,-96.8527,267.7694,-13.7680,92.8876,-35.7990,209.0586
147.5457,-200.0305,177.4123,-96.7847,184.9301,-30.8111,216.7392,-12.9149,185.4678,113.4828,206.7356,-190.2046,132.5799,-125.2014,237.2829,-61.9548,125.3727,30.2346,219.0137
191.5782,-148.8784,236.3774,-34.0030,248.7255,30.4698,231.0811,-46.5911,157.8543,-3.7786,235.1200,-195.0503,143.2155,-116.7515,169.5587,-114.0171,174.0358,120.2746,252.6117
252.3298,-96.1222,266.8400,38.4087,282.7092,76.7835,260.4449,-61.9427,194.9857,-68.9209,202.6678,-178.6413,151.6203,-86.4639,176.1472,-139.2433,237.7994,143.4446,310.1194
307.7240,-69.9794,262.7807,73.6887,292.3507,71.8501,262.1776,-63.5087,222.1202,-60.4642,208.6799,-150.4236,186.2195,-81.7031,220.8245,-134.8349,299.4144,105.8083,325.8829
334.2781,-54.5306,260.6109,56.1637,291.3977,55.0402,246.2498,-66.1239,225.5005,-29.8263,248.5579,-136.3270,220.2450,-86.3599,227.0363,-99.5586,323.0387,72.9871,302.5528
333.9995,-38.8920,272.9839,28.4784,290.8528,61.9305,247.1564,-53.6651,256.9627,-9.1930,273.0552,-143.7646,233.9589,-66.2677,203.1855,-51.2353,322.9934,69.0352,309.4207
331.0566,-33.9830,295.7592,40.1512,300.6817,75.0790,250.1586,-22.9324,268.2938,-29.5746,292.1066,-149.6514,250.6238,-34.8098,194.3090,-8.9241,337.8992,72.0322,346.5032
334.5527,-29.5536,327.3560,73.8999,319.1961,75.3751,237.0906,-2.7931,232.4127,-64.9443,306.4076,-139.8161,268.0890,-14.5909,202.3595,6.8523,351.6855,56.6639,358.5792
332.6361,-2.6451,343.0792,76.6309,335.8115,70.3560,237.7541,-8.3832,244.5908,-42.1102,289.7317,-118.9053,255.1966,-15.0173,192.6090,-24.7497,339.2218,22.6386,352.1915
328.9309,27.0139,319.6832,49.3130,335.1244,56.5548,274.7260,-20.4874,325.5479,19.6734,259.8135,-94.3843,215.7678,-40.7005,160.2889,-64.0927,326.0043,0.6186,360.2809
334.0477,16.4781,284.7559,34.4167,307.0440,24.2210,314.3772,-20.7488,383.0595,37.6910,245.9658,-83.9150,175.5758,-70.7490,151.5083,-49.3886,325.4146,11.2389,367.0294
325.9853,-22.8315,272.8351,32.9531,274.9608,0.0509,321.4978,-15.3672,402.4698,14.3706,228.8778,-91.8312,150.9818,-78.1630,190.3137,-13.9409,313.5395,27.6797,361.7281
293.1943,-33.9988,268.0300,20.2256,261.2712,9.2041,308.6005,-16.9730,433.2399,-6.3323,188.8059,-84.4862,152.0343,-67.9824,236.9189,-25.6433,301.1394,14.2986,348.8530
279.3376,-3.8446,245.9274,10.1307,229.6981,18.6854,287.4788,-32.1587,468.1802,-33.4076,154.9387,-46.2464,153.9971,-46.3023,249.7018,-62.6979,322.3629,-24.3087,295.4468
300.7036,24.6878,218.7407,15.4774,161.5410,-1.7959,242.7710,-63.6187,482.0466,-58.7641,164.2227,-2.0914,117.9814,-8.9334,234.9848,-70.0125,355.3394,-60.6000,206.3452
306.8524,28.4076,205.3241,9.7663,125.5370,-19.3761,184.1175,-94.3179,461.4232,-30.5103,203.8479,42.8058,75.0625,16.9033,224.5564,-39.5006,350.9965,-79.0837,162.3953
294.2417,25.4867,203.2442,-4.0106,156.4904,-9.9599,141.1433,-94.7557,389.5105,39.8734,222.9315,88.2197,82.6368,3.3193,232.9094,12.6423,313.5258,-83.2049,171.3770
307.2068,25.0918,202.8741,3.2078,186.5968,-7.4280,114.4825,-72.1089,303.3442,74.3084,202.0289,95.0935,117.3907,-28.1760,229.6601,53.1289,278.2492,-88.8123,149.1915
304.8560,14.4676,194.1228,-3.7723,174.7888,-34.9722,105.9120,-58.5791,261.5670,49.1634,176.5284,56.9719,127.8770,-53.8149,179.6967,51.2941,253.6923,-104.7107,100.0624
237.2467,-8.4791,160.0658,-61.7341,151.0132,-75.3879,127.3656,-46.6231,235.9298,24.0538,168.4226,24.9034,117.7121,-78.3530,117.9807,28.9152,231.2849,-117.6745,100.4850
180.4789,-33.5234,100.4927,-107.7734,122.5342,-113.8576,135.9575,-17.7109,179.3160,40.4453,144.8072,10.6371,96.6655,-91.8705,97.2089,14.0135,200.2120,-119.0391,124.3682
166.5368,-60.9717,49.2378,-96.6661,76.7715,-139.6963,90.1959,-2.9552,125.4836,50.8695,81.4142,-9.9426,56.3697,-77.5881,85.8549,-3.6048,140.6640,-126.3467,102.2159
78.1687,-98.7436,25.8094,-95.3928,29.3711,-143.0035,51.0672,-20.0176,97.0950,6.5244,12.6002,-31.0457,15.7299,-55.6814,40.1621,-11.4693,49.7290,-144.9976,63.1243
-80.4128,-143.0121,2.0589,-140.1953,-7.1324,-142.3597,61.2025,-21.2404,48.3292,-20.5061,-21.6992,-61.5451,-5.1585,-63.1219,-10.4546,11.4752,-39.4645,-147.3438,42.5566
-118.8844,-173.9799,-39.2330,-173.3113,-27.3832,-158.5224,40.1284,13.2905,-33.7555,56.8038,-30.1176,-119.3109,-23.5528,-109.8741,-55.3329,27.6671,-98.8892,-124.0775,-3.7577
-21.0604,-172.3975,-67.5066,-174.2319,-22.4171,-177.2488,-40.2118,30.0875,-105.8260,144.8407,-41.9323,-148.0150,-58.7180,-162.0326,-125.0167,12.1667,-139.9973,-104.3389,-86.2016
2.2522,-143.1974,-71.0753,-171.6134,-25.0815,-182.7177,-85.5784,0.5803,-146.6982,99.4859,-67.5404,-100.4870,-109.4689,-163.4158,-185.2885,3.0612,-180.5461,-103.8507,-145.1354
-104.7001,-117.0980,-89.3153,-154.0558,-75.0758,-174.7010,-84.5422,-36.2752,-166.1180,-5.9377,-109.6717,-43.1626,-161.0729,-111.8636,-199.4291,14.1267,-211.9173,-108.0721,-164.3762
-188.6768,-114.7615,-140.4892,-117.4721,-137.3507,-149.2210,-118.6561,-44.3710,-177.1912,-14.5184,-176.2306,-32.3240,-191.7707,-75.2433,-230.3821,22.5759,-228.8106,-102.2624,-175.1810
-199.2910,-114.1354,-194.4152,-105.1769,-166.1787,-118.0188,-163.7740,-27.4646,-195.8397,19.0976,-257.2971,-27.7369,-206.8746,-77.4828,-304.2012,18.1743,-253.7695,-72.3849,-174.1181
-217.5920,-80.2808,-227.9624,-116.4224,-178.0539,-101.7136,-153.9529,-8.8821,-230.7452,-43.8746,-324.5138,-9.9633,-235.7000,-69.3568,-339.5127,-18.7898,-298.5546,-16.4596,-157.9117
-256.8897,-26.6771,-244.4588,-101.1468,-187.8698,-84.9077,-152.8221,-7.4567,-279.4300,-150.7247,-369.4597,-8.0708,-271.6606,-46.9459,-322.6560,-74.6419,-333.3820,21.7214,-168.1996
-280.1202,-1.5018,-261.1104,-62.0181,-192.2792,-55.0894,-227.1503,-13.1948,-332.5125,-162.3058,-402.5852,-9.0553,-290.3289,-49.5345,-322.5936,-60.7416,-334.5151,4.0989,-213.2780
-301.7233,-9.7330,-302.5056,-44.8332,-219.3271,-42.9009,-307.3865,0.0301,-365.7168,-77.6936,-422.4677,14.8040,-307.3681,-55.2822,-330.9778,26.4087,-332.1965,-31.8954,-243.0842
-337.1322,-13.4320,-364.4336,-55.1077,-278.5320,-52.5047,-329.1203,25.7863,-361.8050,8.5139,-429.5445,44.7191,-334.4901,-35.7894,-316.3221,50.7288,-362.0109,-42.3767,-246.8361
-366.9089,-9.8457,-404.9448,-65.6687,-331.9983,-53.5141,-330.3465,32.0845,-339.4234,34.1891,-437.1292,52.3574,-351.2693,-31.6693,-321.2744,-21.1898,-404.5880,-50.4352,-263.9699
-383.4178,-24.5126,-412.6615,-68.1515,-377.6027,-59.4282,-341.4500,14.0617,-322.1530,0.5523,-440.2766,33.9430,-368.4670,-52.1599,-342.7274,-63.7849,-419.0541,-74.7548,-288.2030
-379.4163,-37.2137,-423.6790,-71.3151,-437.2269,-83.6758,-340.3903,-7.7112,-312.2921,-32.9869,-425.8265,10.1900,-405.6144,-44.1018,-312.8257,-40.3215,-395.4261,-87.4813,-278.7982
-347.1055,-12.8006,-440.5892,-72.7245,-471.1981,-83.3426,-321.7696,-24.0391,-314.6092,-16.6788,-408.0981,8.4993,-420.6736,-20.7179,-256.0318,-35.8182,-350.5656,-79.3440,-251.9937
-330.8563,22.6398,-419.9737,-58.4525,-432.1598,-55.2087,-301.5850,-34.3785,-328.8865,20.4407,-394.0063,9.4048,-378.2672,-43.8367,-245.8118,-62.2384,-309.0441,-58.2124,-244.8302
-359.4206,30.9157,-351.9943,-29.6574,-345.6188,-45.9506,-283.8015,-30.6209,-335.7474,47.1867,-360.7791,-23.8350,-321.9884,-86.3461,-262.1331,-65.3629,-282.2690,-12.8952,-237.2128
-355.5580,36.0478,-270.1115,-0.6108,-262.8118,-31.8197,-279.9604,-12.0488,-339.8207,76.1472,-314.5142,-41.7829,-301.5115,-77.7293,-269.2245,-56.9608,-242.9106,36.5516,-212.6031
-262.9179,69.7444,-199.0289,34.3875,-207.1564,27.8631,-310.4771,2.2630,-364.3921,63.3861,-286.6734,21.9263,-306.5889,-26.3402,-286.1986,-79.3258,-158.9982,45.6812,-205.6255
-163.9448,104.9128,-151.3153,79.0602,-179.1955,75.8101,-351.3263,-1.0976,-383.3858,-44.5130,-268.9886,100.7093,-296.4836,13.9415,-289.0424,-110.9262,-61.0081,33.5592,-213.4227
-131.2316,104.9589,-138.7589,95.0824,-165.3618,67.3286,-334.1513,-6.1668,-344.8667,-156.2446,-244.5223,90.7452,-243.7851,18.6362,-234.2413,-101.2858,-6.6971,38.8224,-179.8835
-116.2273,82.8894,-148.3738,61.9943,-155.3815,55.3597,-235.7864,5.0798,-251.3225,-161.5726,-227.7753,25.9937,-163.1468,-1.1829,-174.3551,-57.1049,3.9558,32.6623,-108.2388
-84.3852,68.3365,-140.0006,27.7103,-139.7308,58.9927,-120.7239,19.7873,-149.0796,-116.4526,-207.3076,5.3256,-94.4020,-4.1511,-170.8320,-31.3938,2.0070,-4.7153,-57.7224
-72.7543,59.6387,-99.2616,24.2275,-88.3986,35.0516,-52.0534,19.8926,-71.2041,-99.5469,-154.4425,40.2785,-43.1373,34.8637,-169.9510,-36.4949,-11.7383,-28.7318,-32.4900
-81.5963,44.1169,-66.1210,23.1496,-5.1190,0.0448,-18.1459,12.1906,-22.9627,-84.6031,-101.5038,70.7618,4.6051,66.4239,-100.4045,-37.3977,-32.5722,-27.9527,-0.4803
-82.1091,34.1392,-71.8797,17.4995,39.1533,-1.3982,6.6543,7.1059,11.1497,-72.2684,-80.0005,58.5547,30.8601,41.7777,4.3878,-29.0283,-24.2088,-37.7044,30.4989
-81.3921,40.5327,-78.1207,26.5022,24.6745,7.5197,16.6619,6.2776,44.1517,-96.6200,-37.5935,26.2449,34.6610,8.3869,62.5161,-27.3297,22.6881,-45.0849,50.8852
-68.0441,39.6368,-37.6365,25.8222,26.5043,-2.2986,23.6936,12.7339,60.9197,-115.2720,54.3181,19.7494,59.8908,22.1438,51.2281,-13.8770,71.0193,-22.2531,72.9928
-4.8590,20.7011,21.4906,-3.7026,67.7299,-13.1594,46.3111,14.9837,52.1274,-104.8867,125.7450,39.6727,106.4147,44.9704,24.0081,14.3538,102.5148,-11.1394,82.2821
84.1739,14.7175,54.6130,-21.5738,92.9696,-24.8175,60.1831,-3.6555,51.9505,-107.0404,134.9851,48.9500,122.7343,26.7566,41.9665,18.2238,129.9740,-54.5042,69.2215
134.1707,18.9938,84.1131,-16.8607,101.1932,-55.6703,63.4370,-21.1414,91.7438,-89.6616,129.8381,40.6101,108.4952,-5.8563,101.5347,-3.3758,140.9947,-108.8929,74.4573
126.9698,-10.1398,130.8248,-38.1921,130.0716,-84.3197,114.5279,-14.3208,157.9834,-19.5908,146.9624,37.5903,113.3239,-9.2233,151.8279,-22.5647,111.1422,-115.1812,103.9290
97.1028,-45.3579,155.7559,-82.0008,157.1579,-86.9758,203.7141,-22.3180,230.3739,8.9900,177.2397,51.6988,151.4610,7.0156,167.4650,-54.0126,69.0590,-96.8914,94.6919
100.6163,-17.3716,146.9283,-89.0935,153.1051,-90.8916,229.7541,-73.2636,309.9108,-17.2586,211.6037,72.8252,192.7736,4.7292,170.5801,-95.5895,68.0268,-114.4440,48.3180
154.0822,30.3930,145.5618,-66.0111,143.4111,-119.9616,193.1156,-103.5864,382.7577,47.2592,238.8067,59.7882,210.9897,-28.3037,200.9617,-91.1270,99.2885,-155.3435,60.1223
184.2421,0.5811,157.9590,-73.8227,149.0371,-141.7126,215.0932,-56.9964,396.3097,186.3272,250.7013,-15.2085,218.0620,-64.4161,260.7971,-42.6848,115.9245,-154.4522,155.1795
155.8535,-71.8651,165.8647,-107.5696,162.3132,-120.8346,302.2268,11.9852,311.5648,200.2751,268.0955,-87.3364,247.9463,-73.9832,280.6870,-23.6994,125.3783,-111.8718,243.9647
174.3426,-80.1995,192.6293,-101.0386,180.8605,-74.7724,324.2854,24.9077,174.0211,79.4943,295.9288,-78.1307,284.5911,-61.3863,213.1639,-48.5207,163.5583,-83.7399,269.5724
279.0795,-22.7829,244.8630,-34.5321,201.4173,-33.8834,263.8709,-6.2854,86.5253,7.7300,297.1225,-28.1581,269.1321,-42.7891,139.4004,-64.7434,211.3514,-69.7292,264.3823
326.2566,33.5524,271.3719,41.0211,221.2757,2.0533,240.8701,-25.1598,95.6466,35.0543,265.0623,-12.5576,212.9406,-24.8144,151.5849,-58.2759,230.5455,-34.8165,251.4772
261.3738,66.2608,259.4289,74.5598,246.5438,31.6724,272.5872,-29.6299,151.3327,60.3988,237.5029,-23.9100,185.2111,-23.6709,198.4183,-62.6661,230.9913,-2.8842,206.8332
229.4557,75.8786,253.4003,63.4208,260.0698,37.4260,262.1099,-49.2225,187.3477,37.1283,222.7267,-43.9501,187.8333,-44.5713,199.2475,-87.3723,229.0377,-6.2113,136.9458
285.6579,53.5941,258.9123,34.4963,241.6629,23.7771,214.1880,-62.4104,186.4313,8.7373,211.6055,-75.8714,182.2164,-55.7599,185.1761,-97.9500,206.6626,-15.4697,98.4504
307.9078,11.1786,253.7578,5.2859,220.9300,5.7340,211.5948,-32.6830,176.5743,13.8891,230.8004,-82.7565,178.8811,-53.0502,202.0008,-76.2738,165.9808,-8.9754,113.5288
248.2082,-25.6614,249.0071,-22.3148,219.4900,-23.9050,227.6640,0.4543,202.9639,24.2432,285.0034,-55.1122,182.9333,-80.0276,233.8515,-58.1090,151.9098,-16.0376,141.4640
192.7800,-50.3825,245.7969,-47.3121,196.7703,-58.6273,197.7963,-14.3391,266.5338,-5.7582,311.0246,-57.2889,165.6714,-121.1749,275.5512,-61.5461,180.9235,-51.0883,156.6587
190.4684,-71.7697,222.3606,-70.3318,145.6642,-70.1174,177.5772,-32.7884,299.6694,-36.2798,276.7137,-96.6501,150.2433,-103.6792,328.3709,-44.4242,208.8461,-86.9653,179.3330
209.0916,-93.0815,203.4179,-91.8893,136.3885,-65.6829,222.1018,-4.5313,265.1097,-5.5460,244.9947,-110.4419,188.1361,-47.0370,354.9546,-1.7442,198.9411,-93.1928,210.4029
217.7126,-98.3210,227.2894,-95.9325,194.0462,-68.3949,256.3419,23.4583,218.9737,37.9760,268.9669,-102.2343,257.8521,-43.8459,337.0875,12.6223,181.9127,-69.1786,224.1971
227.9216,-72.7345,262.6907,-70.2213,258.3450,-67.0403,231.4291,14.3100,214.4246,37.8822,307.9643,-108.0725,304.2943,-87.5344,299.4471,5.0894,206.8130,-51.9335,234.1440
263.1283,-46.5351,269.6975,-45.6427,290.6194,-65.1337,220.2127,9.7569,233.8027,40.1697,308.9156,-101.3183,319.8040,-96.9286,264.8087,19.6430,255.3096,-60.1065,270.8124
301.3476,-57.8731,269.7547,-55.9341,302.9062,-84.1937,250.4467,15.6435,248.3279,45.9974,295.2626,-69.6709,319.5401,-73.7807,261.2148,21.0730,279.2399,-45.8528,311.0782
303.8165,-77.0570,281.0640,-73.8603,298.2932,-85.9124,252.4165,-11.4499,249.5096,-23.2448,308.5103,-57.9111,309.2131,-72.8039,301.7137,-27.5121,293.1971,16.9367,313.6471
296.5250,-63.3181,291.0416,-62.8985,276.0080,-36.4987,215.1174,-51.8094,234.6895,-131.3132,323.5490,-78.7228,295.0822,-82.5581,334.5333,-71.0492,325.0719,63.5036,287.7018
319.1079,-46.5430,305.6419,-45.0976,265.4135,-1.0960,203.7313,-53.6265,226.1494,-155.2327,305.9790,-102.0051,289.0717,-65.1970,324.6729,-67.8505,338.7141,51.5591,267.1190
338.3939,-45.3804,325.7390,-39.7313,293.9435,-18.6743,230.1413,-31.1150,243.1620,-94.4956,295.7626,-104.5008,310.9232,-37.5165,316.9190,-45.8442,319.5103,30.0989,260.1237
328.7369,-11.9888,322.7613,-16.7272,340.4478,-16.5523,246.5865,-25.5043,250.8662,-49.4024,334.2949,-69.2886,359.1512,-24.8327,324.2894,-26.9818,328.3192,32.9572,257.2398
328.9885,51.8282,298.5717,25.2304,354.3474,27.6605,230.1506,-40.1615,223.0203,-73.8579,372.4828,-13.0781,375.4906,-12.6803,303.4566,-25.5408,377.6713,35.4617,250.8346
339.2798,77.1934,279.7862,41.6263,318.9674,34.6621,194.4098,-56.2342,196.7971,-139.5994,351.5094,10.1566,317.8670,3.2942,270.0835,-57.9849,402.6877,25.2728,238.0094
314.5561,70.0580,250.9013,32.4650,269.8114,-2.3303,164.7090,-59.1770,196.3783,-170.1038,295.3761,2.3937,245.2586,-2.1700,267.3242,-92.5861,391.1085,11.3373,227.5379
259.9780,91.2942,199.1147,33.2429,232.3601,-4.6066,162.5996,-57.3225,199.2296,-141.8485,244.2463,17.2031,224.4609,-22.2577,273.4419,-93.7766,374.5816,-5.2670,232.0889
194.8415,109.1126,161.6133,30.0674,183.9470,27.9069,176.3712,-70.4532,198.2903,-138.8690,198.9979,44.7138,218.9781,-13.9904,257.3922,-79.9874,333.8743,-26.1642,246.1147
121.0593,54.5101,143.6409,-8.7336,116.4700,23.8604,168.7753,-78.0678,196.6347,-190.4910,169.7263,40.3795,176.3520,22.6971,211.2478,-57.8925,260.3601,-52.5337,246.2564
91.1035,-25.6384,109.8631,-58.0093,74.1703,-21.3938,132.3595,-50.4662,176.3807,-196.3571,161.9722,26.9371,128.8188,39.8111,121.5671,-20.7282,207.6956,-66.4623,217.9735
138.7240,-29.3349,80.9645,-66.9252,85.4605,-44.3700,98.7587,-27.9957,143.8807,-138.5995,136.7157,43.2382,121.7382,28.7362,33.4680,-16.1404,197.7616,-36.0001,177.7725
172.3711,39.6306,90.9072,-26.4066,120.8710,-20.2154,87.3374,-53.2604,128.1986,-122.5701,85.6854,72.1359,134.9209,28.2829,28.6892,-66.4706,192.8707,6.8786,149.5376
114.4017,85.4864,92.0032,20.0810,134.7141,6.2343,79.5828,-78.5461,121.0450,-149.1008,56.6451,90.1964,128.5836,42.3445,73.3759,-105.8207,166.1272,-6.5811,120.2390
33.6058,61.9569,42.1559,22.8132,100.8629,-3.0282,54.2279,-63.9899,103.9025,-130.0963,45.6603,98.2193,101.9368,39.2087,82.0453,-101.8165,114.3502,-42.7358,59.8204
7.2424,21.2185,-2.7825,-7.7865,31.0478,-21.5224,17.0653,-66.5216,81.1906,-93.8953,7.9996,92.2840,75.2177,25.8058,77.9336,-93.4684,61.0316,-24.5008,-27.4423
14.5182,21.9043,12.1262,-13.1013,-18.6444,-10.6310,-26.0623,-129.4978,28.8875,-126.8818,-23.9775,77.7294,51.2213,37.4030,78.1108,-87.2199,62.1161,9.4964,-115.5475
24.7866,53.0409,57.2283,19.3324,-9.9585,19.0077,-88.5931,-195.8152,-84.3717,-197.6188,-4.0640,76.9801,21.7722,64.9607,6.9083,-70.0237,113.9577,3.1264,-183.0681
30.1332,80.5332,85.4353,44.0540,19.9531,39.5539,-158.2759,-195.1691,-202.3562,-196.2665,5.2557,84.6312,-7.2978,64.1399,-111.9574,-65.9563,121.9234,5.4564,-199.7314
9.4969,97.6960,82.7121,37.4998,17.5362,39.2310,-184.1243,-137.7833,-225.4982,-88.2903,-64.1663,71.0539,-32.1799,28.4002,-145.5707,-71.8193,48.8358,32.2959,-159.7785
-34.7155,90.9743,49.7072,12.3769,-22.2514,12.4796,-159.2296,-88.8362,-152.5578,27.4550,-158.6820,43.6859,-73.6954,0.3385,-96.4841,-44.2187,-28.6797,16.2944,-123.2518
-72.9277,51.7429,-0.3913,-10.4567,-81.9269,-16.6575,-146.5979,-78.4095,-82.2659,38.6746,-198.9335,46.7430,-138.5066,10.1148,-77.3149,6.6814,-55.3967,-26.0883,-130.6447
-107.3004,31.5847,-48.8072,-3.9514,-137.0998,-5.1676,-172.6870,-72.5098,-81.4928,-13.3017,-195.3006,84.9750,-188.8980,37.8768,-97.0074,17.5952,-57.6163,-13.2051,-141.3518
-150.0199,62.1759,-93.4428,27.7429,-159.7088,29.2919,-190.1783,-54.6869,-125.1961,-22.3791,-197.4072,99.3660,-197.5530,47.6018,-112.0146,-31.4008,-68.7886,33.7139,-139.4847
-175.3628,73.0082,-132.8385,39.7574,-164.5724,35.8145,-181.3258,-63.0750,-166.7273,-24.1280,-211.7334,54.9799,-183.4490,33.2456,-152.6284,-82.1499,-88.7863,38.4032,-169.6985
-167.1078,25.3605,-143.9287,29.1702,-186.6969,28.5711,-187.6648,-97.6029,-196.5498,-84.6797,-210.8002,2.2340,-167.9833,16.1158,-230.0790,-66.2418,-105.4208,0.0444,-222.2969
-154.4550,1.8865,-119.2256,34.7551,-204.4317,38.4754,-218.5483,-103.1394,-203.2541,-118.2257,-194.2765,-6.3082,-159.4086,16.1536,-271.7618,-3.1707,-119.8323,-36.4890,-239.6094
-157.7674,41.1793,-105.0235,45.3627,-190.4080,41.4524,-236.8520,-77.4431,-168.0857,-61.1224,-203.1998,3.7320,-177.3651,30.3631,-241.8087,16.9576,-143.2588,-40.7413,-227.0211
-163.5258,67.3157,-142.5754,32.9328,-182.7429,29.6455,-241.3810,-62.8444,-144.7363,-11.9669,-245.6450,-1.4070,-223.8667,29.9217,-209.6862,-24.5954,-162.2490,-11.2320,-222.6544
-162.0928,54.0629,-191.1294,19.9526,-197.6457,31.2617,-263.4137,-51.4300,-209.1289,-28.2992,-260.1873,-2.5144,-252.8605,1.4043,-247.7978,-51.1733,-158.1356,11.1862,-220.2769
-163.8371,45.8613,-190.7326,13.6366,-192.8147,30.3096,-283.5455,-24.7609,-302.3225,-42.5079,-219.2399,-2.0423,-231.8278,-21.5928,-318.2912,-28.9143,-170.5270,-1.0326,-205.4113
-184.5394,21.5236,-175.7540,-13.8960,-184.6349,0.6410,-253.2783,-10.8401,-302.3062,-26.5826,-189.7054,-48.7629,-202.5428,-21.4629,-320.4081,0.2609,-234.5110,-9.7301,-179.3428
-222.2817,-54.8220,-211.8948,-52.0926,-227.9553,-29.9035,-195.7128,-15.3634,-225.0944,-0.8722,-217.1407,-132.0256,-222.1274,-40.8630,-245.4855,12.6383,-288.8046,3.3661,-140.5040
-246.8326,-119.8834,-261.0895,-82.0625,-278.0025,-48.7827,-179.4357,-4.6042,-158.8697,54.9080,-250.3443,-162.1321,-272.4835,-89.1419,-190.7245,16.4742,-284.4332,-13.3177,-112.3872
-243.0295,-109.7683,-253.6970,-114.2873,-257.6699,-80.5631,-195.0332,18.6959,-92.7445,134.8428,-235.9402,-102.3040,-289.5909,-99.8218,-200.3036,15.9937,-281.8107,-69.5895,-120.2905
-250.6647,-66.0761,-222.5789,-125.8065,-204.3814,-106.0712,-173.8451,25.7938,8.8329,173.1798,-195.2311,-37.3697,-264.7363,-57.8065,-220.7744,18.7528,-322.2311,-93.3762,-127.2506
-295.5869,-55.1428,-224.7793,-95.8947,-199.8485,-90.3590,-120.9880,18.7201,96.0757,144.1497,-179.6584,-63.3477,-242.2501,-36.4313,-220.5476,24.9840,-355.1054,-52.3395,-100.4640
-315.8105,-78.7148,-240.7906,-76.4341,-236.1597,-58.2156,-98.6126,12.3111,112.6115,89.3988,-200.2431,-148.9097,-225.9352,-57.3279,-215.9361,20.9896,-346.2541,-3.3261,-83.9437
-253.7553,-89.6547,-237.6617,-83.6915,-243.5312,-41.5265,-108.8790,14.8193,52.7598,53.3536,-213.5127,-173.5451,-183.8978,-63.1328,-206.1768,13.8153,-308.7762,3.0198,-107.0293
-162.4356,-53.1888,-205.8295,-56.2782,-192.5268,-28.2433,-123.0490,37.3930,-63.1478,44.2232,-182.3282,-107.2698,-134.1837,-39.2901,-187.2141,16.2126,-255.4314,-14.8609,-127.4709
-113.8775,-5.0828,-136.9424,-5.5532,-133.8994,-10.0942,-152.5724,71.6911,-173.3111,41.7027,-130.0389,-55.8611,-118.7376,-27.0758,-169.3824,13.5663,-214.4698,-19.0230,-123.2130
-93.4820,-8.2873,-69.7346,0.9751,-130.1599,4.6352,-186.4272,88.9480,-216.9543,40.7990,-89.5190,-86.4226,-122.7428,-35.4962,-145.9725,2.1581,-196.8327,-7.8392,-118.4958
-71.6353,-35.0489,-64.8034,-6.3728,-147.5713,25.4246,-174.0168,86.5612,-218.3646,54.9415,-55.3215,-129.7781,-111.7787,-32.2149,-118.9335,-0.8168,-155.0247,12.8171,-111.8206
-67.1465,-11.0237,-88.1013,24.8347,-105.3803,60.8623,-127.3699,88.7090,-221.5003,58.8255,-40.8758,-113.9205,-89.4502,0.4639,-116.6652,-0.6066,-92.2620,58.8443,-83.5896
-86.1825,37.3649,-71.9384,48.7076,-26.5370,86.1504,-96.1119,104.0730,-207.1400,23.2960,-72.8005,-63.5014,-60.0417,37.2568,-124.7279,-0.3966,-84.1511,108.5370,-43.5744
-101.5345,40.6864,-45.5715,27.6538,8.3763,69.7610,-57.8385,118.6178,-167.8284,-11.6763,-100.6777,-19.6896,-17.5846,39.8355,-92.2487,20.0541,-108.3327,94.9995,-10.3337
-98.5528,24.3775,-46.8227,1.2062,3.8459,25.0532,9.4971,114.4564,-142.7858,-24.7129,-61.0347,15.2472,15.0355,18.4314,-34.3294,42.3897,-66.8431,27.6753,16.7505
-74.7578,31.9684,-42.5448,-6.4526,-3.1747,4.7578,49.4329,92.7154,-131.3529,-65.5774,2.0723,32.8265,23.8246,16.7841,-9.3567,27.2112,12.4550,2.7994,50.8448
-41.2634,28.2537,-33.0769,-6.2471,-21.2718,22.7831,56.4724,85.0857,-94.1978,-105.1447,26.9619,20.6105,40.2350,27.0090,-7.1330,7.2798,29.5248,39.6433,97.7251
-33.0794,-0.4300,-48.4962,0.5185,-33.3101,32.2555,102.4713,111.4816,-25.3525,-36.1753,41.1072,3.4714,73.9794,11.9119,25.2101,36.5100,0.3591,57.1525,136.7805
-43.6129,6.1883,-49.6129,11.0321,-1.9441,18.0324,162.1308,139.3101,52.0986,107.1145,69.3381,7.8622,93.8520,-9.4948,85.0667,83.7090,-1.3642,33.4522,141.2434
-13.5984,61.1361,-2.4210,20.9440,45.2059,17.1101,143.9067,134.4062,104.8976,173.4523,83.1046,16.8170,100.3961,-7.1020,130.0876,94.9327,20.3135,29.7661,114.4267
59.1989,95.0734,54.3136,32.9512,78.5065,25.8030,83.1262,112.7050,102.0676,133.9765,92.2819,15.4040,117.1843,2.0873,145.0788,86.2419,26.9588,63.0008,70.4815
115.4021,76.1269,109.4472,35.7810,124.2015,14.9716,66.0232,93.6249,63.0657,80.8066,136.4816,30.8766,132.1013,15.2645,137.9200,86.0942,19.3099,82.2629,13.2016
134.1829,52.4628,179.9335,24.3658,170.9885,8.9921,66.9040,67.4998,39.2625,62.2837,190.3766,79.2408,132.7532,43.3613,112.5320,75.5462,23.0933,57.5432,-26.0808
118.5058,56.2197,215.8431,17.9939,171.6797,23.7236,59.7786,42.9389,38.6407,69.9007,196.7602,119.1095,137.6794,46.5337,83.8407,43.4375,47.8500,24.6832,-0.0337
64.0220,53.2088,179.1341,20.2436,144.8194,23.6239,95.1528,43.8369,38.8855,83.9061,161.7380,104.0871,144.0606,9.7337,82.4763,18.9905,59.2446,39.1733,68.6306
24.5738,23.6002,129.8713,26.2270,131.1612,19.1611,147.6166,49.1778,34.2367,68.6516,148.6485,54.5269,132.3453,6.6251,110.4799,21.3506,30.5987,92.8447,103.6071
58.2955,13.4110,119.6834,49.0544,128.6553,52.0217,141.7384,27.1407,29.1633,19.9931,187.9054,37.5449,124.0361,68.6804,126.4686,42.3973,11.9057,117.3300,96.7980
96.8181,44.4019,126.5691,74.8277,145.7301,83.8006,134.8316,12.8259,47.8361,4.0756,222.1516,76.4418,146.1476,120.9698,110.9004,77.1415,43.3181,92.0638,118.8421
53.9214,59.1914,123.7787,71.3634,188.8163,62.8443,210.8353,55.3196,120.1912,73.4492,194.1355,111.8798,179.0499,112.4521,105.2305,115.8515,63.7037,62.3587,191.0118
-3.8417,22.4273,108.1774,47.9551,207.6127,18.4718,294.7025,121.1164,203.8815,185.2632,165.1421,80.0808,199.6577,71.8350,139.9590,137.2244,32.5599,35.9645,233.0830
28.7310,-23.8283,89.2362,14.5985,172.8397,-18.4670,290.1000,141.8619,220.2645,248.5307,219.8554,2.8651,208.3879,34.5220,173.9528,149.8540,18.1554,-13.3318,185.2931
122.1139,-43.4622,85.3272,-33.4171,125.1108,-47.8899,227.2083,114.6965,178.4435,221.7451,304.2563,-56.5181,196.7312,12.4176,160.9138,174.3323,57.6893,-54.9435,106.6089
177.2682,-37.6637,91.9405,-48.9238,90.2284,-42.7521,151.1403,85.3358,133.3045,138.9667,324.2658,-91.7197,163.3581,1.5307,121.4321,174.4204,94.0068,-47.5109,75.7441
165.5219,-7.5305,92.1827,-2.9824,70.3980,-1.9857,71.3054,80.8393,85.9849,61.2639,305.4234,-121.9219,140.8054,-3.7959,94.6672,117.4983,99.9163,-21.2800,75.6779
135.8353,26.7488,105.3872,38.2727,91.3219,23.9052,31.0762,95.3925,41.5738,34.8219,298.5818,-119.2706,145.0540,14.4038,76.0872,67.9577,100.1587,-11.5929,61.6890
134.3378,35.8006,140.6663,51.8376,142.4366,38.9238,45.4763,101.0792,39.7446,71.0658,280.5845,-71.5676,148.8208,54.5562,56.0133,78.9212,92.8930,0.2514,43.0554
154.3843,39.5762,155.1994,92.6052,165.8318,78.5877,56.9602,77.3561,62.0566,115.7068,251.0183,-37.2049,137.5645,61.9156,58.6574,86.7685,70.2107,22.9437,24.2063
167.3878,59.6275,142.2310,126.5926,159.4704,99.3008,46.0445,48.1344,47.7372,86.9100,251.5903,-42.8913,127.6989,30.9587,79.9439,48.6477,47.0689,32.7610,-13.9532
165.7429,62.2416,148.7047,89.7968,165.5907,64.5729,42.4965,47.5428,0.4888,1.0871,266.9609,-35.7666,126.8747,36.8085,56.1175,26.5364,24.6183,30.1967,-41.2839
146.0089,36.3528,169.3208,52.3519,174.7287,38.0911,41.3605,60.2243,-33.9727,-42.1643,253.2628,-0.2463,129.1406,89.4406,-24.5521,41.5930,-1.2895,39.0900,-18.9650
111.4782,20.4017,157.4009,77.1323,156.9173,61.2266,41.4454,52.2984,-39.5247,-40.8343,216.2547,12.6722,128.3355,118.3036,-64.8839,38.1141,-15.2027,64.1405,16.0566
100.8186,19.1417,120.1205,98.1232,126.4941,88.8493,65.2042,23.9956,-13.9189,-80.9301,181.7268,-7.1497,114.4326,111.2205,-14.6335,15.3308,-11.9965,91.5340,21.1367
116.8438,16.0707,101.6312,86.4633,106.1804,95.7734,81.1316,-6.4381,38.7590,-132.7218,163.1013,-24.8244,89.6217,96.5491,26.8745,13.0837,-3.5491,105.5372,18.0131
88.3872,25.9952,118.4693,89.6209,97.9210,97.1071,58.4484,-21.2796,89.7146,-86.0880,159.0316,-32.2944,76.7162,66.2253,-17.0818,18.9035,3.1822,97.7497,25.1332
16.1017,45.0930,145.4561,93.7324,99.1384,84.4603,49.8248,-9.6067,119.1662,31.1809,137.0523,-27.5458,79.1476,39.7867,-59.9683,17.2080,-6.3625,77.2543,21.9586
7.7592,43.6728,133.0288,66.1690,92.9283,49.8121,73.7334,10.8013,137.9278,103.1553,83.1845,-1.6279,70.6514,53.7486,-8.6909,29.1471,-39.0634,59.9532,-1.7855
75.5892,27.8525,68.9505,35.1588,59.4963,21.0835,66.1619,21.6399,154.6447,117.4389,47.6815,8.4543,46.5474,59.5731,85.2112,51.5307,-62.6243,56.6826,-37.9424
101.0027,12.0489,8.2882,17.9232,15.5765,24.6767,26.5037,36.7626,162.9083,104.4377,50.2004,-37.5888,28.8151,14.8201,133.9317,58.6957,-58.2031,78.9670,-74.7312
46.9572,-10.1094,-20.3896,11.9344,-10.1323,50.8761,10.1079,48.2967,156.4857,36.2896,33.9262,-95.1643,15.5574,-6.2390,131.2287,51.5938,-54.0475,116.8816,-85.9073
-9.8419,-24.1121,-52.4240,28.1288,-19.5987,61.8296,4.5563,27.0351,133.7899,-44.2855,-16.8853,-101.8904,-12.3031,37.6070,104.8129,45.2832,-59.9826,125.6131,-54.8500
-49.7230,-25.5886,-85.7520,34.0840,-19.8173,34.8757,-5.7086,12.1707,103.4737,-4.9876,-57.1809,-82.8002,-41.8167,59.5767,73.3131,50.2820,-63.1659,93.9944,-5.6564
-117.4113,-48.8666,-88.7801,-7.5814,-3.3415,-2.5264,16.5323,57.8486,83.8180,138.9850,-90.3763,-90.9375,-42.2845,16.9473,57.6427,67.1878,-87.9583,77.7431,26.4852
-197.4266,-80.5606,-95.8237,-50.3161,15.4573,-19.3103,52.4253,112.7754,80.0225,209.1941,-146.3778,-113.1617,-18.8150,-19.1049,54.1591,71.6555,-145.8964,99.2309,29.8459
-229.4204,-68.2561,-137.9223,-54.3493,0.5182,-27.7501,53.6775,109.9250,77.7815,150.4529,-194.7496,-108.3587,-8.6489,-10.2117,39.6782,46.3235,-177.5228,101.3642,16.7358
-210.8702,-31.5366,-169.4373,-48.8406,-52.3053,-33.6511,57.0961,82.0868,64.7670,83.6040,-197.8345,-74.9059,-33.5914,12.6365,30.3175,15.0756,-150.9556,59.9366,12.5768
-192.2361,-15.0447,-176.8253,-35.4084,-109.8568,-18.6520,80.5607,69.7851,41.4225,73.7982,-180.2769,-35.0834,-82.6262,39.0862,51.6140,1.4088,-126.8334,28.6278,27.5117
-194.9447,-5.1287,-202.0999,-6.3114,-148.4653,0.8915,48.0645,59.0777,13.9156,84.2192,-180.5815,-4.1531,-126.6812,72.5934,74.1291,5.2053,-144.5988,33.7906,39.6250
-198.5063,0.1174,-218.6196,-8.9927,-162.4920,-3.6966,-41.9797,52.5905,-11.8197,109.1631,-192.0811,3.0174,-138.3507,88.7601,71.2928,31.4867,-157.6465,38.9493,24.3598
-190.9103,-17.0036,-177.9785,-39.2332,-145.7458,-16.0471,-91.6009,57.8999,-26.2351,160.9071,-175.9310,-15.4267,-120.2919,80.3793,68.8426,78.1641,-133.7485,21.4183,-14.8916
-174.6044,-17.7412,-142.3096,-25.0501,-111.4171,-17.7157,-91.2652,50.3463,-18.3485,203.4603,-123.0520,-19.6427,-110.6136,83.5228,66.1816,125.0754,-110.4691,-3.3703,-47.2239
-150.1005,21.6828,-180.1043,24.1501,-97.5224,-12.6031,-103.5664,41.7938,-1.5942,213.3804,-92.0969,26.2690,-128.8988,119.3466,22.5307,165.1047,-115.2684,-8.4592,-39.2470
-134.0168,50.8571,-228.3892,49.4679,-106.4314,13.6797,-111.4584,82.8834,-9.8716,215.7643,-132.3256,78.9754,-145.3124,158.7426,-43.5308,195.5623,-120.9662,28.2722,1.0394
-142.3668,50.9751,-209.8460,60.5803,-97.3494,59.6162,-75.1999,169.3596,-37.4972,220.7971,-195.1430,70.0867,-141.7240,165.7116,-72.8861,207.3637,-113.4072,82.0790,28.5567
-157.5732,45.1897,-164.6118,64.7654,-76.4591,78.2995,-33.2799,244.1197,-40.5876,204.7390,-213.1643,24.9250,-142.8496,144.5259,-74.3018,215.5951,-124.5344,89.0183,32.5809
-176.0421,18.3453,-162.6501,35.2335,-95.9537,61.0271,-26.9272,264.6593,-23.4384,158.0591,-204.4035,20.6758,-150.7192,125.0133,-90.1362,228.6948,-157.4547,58.5392,39.8275
-215.8413,-14.1451,-191.3930,12.9192,-138.3131,58.3329,-37.5872,230.8294,-35.2750,110.0610,-210.3602,56.2624,-141.1828,120.1714,-108.0137,212.5675,-157.1890,78.2766,43.9406
-228.6901,21.9489,-192.8636,55.4985,-131.7997,91.2066,-40.3753,188.7695,-76.2123,97.6350,-220.8640,79.5461,-136.0379,117.7010,-102.2270,161.4331,-105.3771,154.3534,23.9537
-158.8952,112.5200,-146.8663,121.9433,-86.6749,131.8950,-38.6675,175.4022,-109.5260,115.3295,-208.1679,87.5831,-163.1904,99.5371,-87.7120,116.2670,-62.1003,193.2059,-1.8585
-81.0943,154.6070,-87.8827,146.5124,-75.9843,144.8231,-49.8350,161.3602,-137.6852,132.6295,-154.7140,98.9185,-180.2667,61.6196,-84.7138,86.8230,-64.1041,164.0827,-15.8464
-71.4351,125.6062,-62.9447,128.9557,-102.7938,109.3870,-78.7583,122.5307,-172.4493,149.4186,-66.5139,102.5234,-155.0795,24.4905,-96.9970,73.3092,-70.1107,120.9700,-26.5859
-48.6705,89.8745,-76.8235,95.6296,-119.6830,55.8801,-105.1595,83.7558,-192.6524,155.6391,0.8372,95.8190,-135.3613,7.8995,-119.8081,99.5875,-46.5549,84.3171,-38.6025
48.3225,83.0847,-88.4045,71.6931,-130.2182,38.8967,-125.7693,35.3932,-189.8706,98.2249,6.6180,93.8621,-146.1314,-3.6868,-130.1890,127.0706,-17.0965,43.7253,-67.2027
123.7218,94.2360,-71.4527,75.1745,-156.1075,48.2876,-161.1089,-41.5602,-179.7305,-8.3140,-7.9824,92.3505,-145.1400,-26.3334,-109.3579,84.8675,-3.6695,20.9865,-128.5229
114.3834,105.8873,-48.7788,91.1539,-171.9297,51.0769,-178.8312,-94.1927,-161.9524,-70.9048,-6.2782,89.2873,-124.8142,-32.7118,-75.2741,7.0101,8.7266,22.7779,-183.0556
83.7468,120.7429,-48.7821,99.2783,-158.1522,72.3740,-131.3335,-104.3658,-137.2833,-83.0505,-9.7818,106.1724,-117.0099,-5.4789,-53.4522,-39.3130,38.1113,6.6713,-191.4222
77.7486,149.9316,-61.0204,103.0469,-138.1083,108.5313,-79.5445,-131.8147,-126.2247,-100.5947,-11.0487,140.9429,-109.6235,18.5480,-52.2120,-69.0786,71.3862,-36.7736,-185.0230
81.5479,155.9626,-53.6270,97.8001,-107.9442,96.7500,-91.4589,-148.4301,-124.8543,-79.7234,13.8714,151.8303,-78.1567,12.8866,-70.8627,-76.7671,70.9942,-48.9668,-177.6096
74.1011,86.9895,-12.8696,72.7728,-32.5336,50.0198,-85.0600,-76.6312,-102.5655,20.9950,19.5832,109.8804,-40.8921,-8.2378,-80.6515,-15.8199,22.8066,-3.5508,-129.8769
32.8967,-15.7603,38.1580,34.5102,48.5083,25.4428,-0.7774,7.2886,-63.7621,87.0680,-22.3994,39.4035,-15.1648,-40.8208,-48.9938,50.5354,-33.2404,29.9036,-62.3557
-22.2665,-81.9309,49.8264,-21.0247,42.6508,-14.5012,43.1404,-17.1460,-45.7605,7.1758,-47.2713,3.4578,5.5780,-79.0404,-7.9391,19.4243,-58.4579,-13.5501,-38.1620
-35.2682,-138.6079,2.8524,-102.3985,-28.1548,-102.8608,-4.5026,-105.3807,-47.6773,-142.3789,-31.6292,31.5945,26.6968,-87.5470,5.0166,-58.9128,-81.2124,-89.4316,-44.1154
-41.5439,-225.4673,-46.1773,-183.7983,-34.8533,-169.8434,3.5412,-152.3031,-18.2325,-182.7780,-41.9422,68.0139,63.3684,-68.3752,32.8954,-73.3697,-149.1006,-122.0461,-26.7305
-122.1599,-301.5595,-32.8577,-237.5737,54.8032,-190.0956,122.6474,-135.4824,66.9339,-40.5447,-82.6417,54.0245,128.3863,-71.2210,98.7296,-27.4601,-240.8556,-121.3203,25.1515
-218.0622,-333.6389,22.6626,-262.0789,143.7446,-214.7508,215.9394,-76.7847,156.2025,133.4332,-83.7393,26.2825,189.5370,-91.0668,144.1632,21.9235,-286.0351,-127.8226,91.1931
-222.4707,-326.7452,62.2903,-251.0769,180.2314,-222.8371,228.6465,-21.8623,193.5515,138.1618,-39.8682,42.1928,212.9241,-70.7911,168.8096,59.6514,-252.5324,-131.0324,131.3291
-184.9688,-274.0760,84.5206,-208.3291,199.1379,-170.9925,239.7420,-14.2691,200.0460,39.5542,2.5490,82.7915,220.4521,-7.2902,227.5902,76.3286,-171.5954,-122.7175,122.4455
-181.3200,-201.4569,119.5886,-163.1979,212.9006,-110.5201,260.2201,-24.3607,212.0965,29.0543,39.3851,116.6798,232.5610,56.8306,262.7410,52.5078,-83.3963,-117.4740,112.2882
-127.4772,-151.8736,163.4811,-116.7656,206.6348,-76.0376,252.6164,-19.5690,196.0906,29.8972,78.2690,154.3995,221.6113,107.2284,191.0473,-1.1745,9.2633,-90.8616,138.9037
38.0760,-89.5427,194.0026,-46.2514,198.4431,-16.1248,242.8014,-35.8953,123.1780,-97.0033,103.0834,189.6268,180.2197,143.8983,93.3121,-45.2850,117.2460,-22.0799,162.4677
170.3840,15.2936,209.5416,36.0153,212.2777,78.0378,240.7208,-65.7692,56.1460,-189.8554,124.9027,199.1184,158.4852,156.0930,75.1361,-57.4416,223.3795,45.8927,175.8811
152.2220,90.4976,226.6637,107.9974,243.2298,148.7558,214.8190,-50.4756,59.0694,-128.3224,176.1504,198.0694,188.1372,145.5522,90.5410,-64.2137,295.3759,88.6332,222.3260
112.1087,105.5287,255.7299,167.4371,274.8379,175.0061,194.5031,-19.3405,106.0505,-99.7411,240.2322,213.1088,229.5033,124.2975,83.6396,-101.7163,319.3022,125.2068,267.6697
168.2375,128.9986,277.4435,196.5478,284.8455,172.6637,221.7887,-26.6414,159.6060,-156.1200,263.7772,246.9468,232.0771,101.2940,100.0677,-146.4282,303.0175,123.7257,256.2583
195.2865,163.6968,266.3167,178.4840,256.6750,146.3772,255.8421,-30.5975,234.6465,-105.3728,230.8406,289.8024,206.3268,89.7403,156.5754,-147.1388,270.6232,48.6606,229.5666
111.6314,147.0380,235.4800,131.2211,203.0319,100.1933,264.2195,1.1092,329.7466,35.0460,172.7259,304.6143,190.2523,92.8808,198.8229,-106.5102,247.6142,-31.0807,229.9742
85.1819,96.8156,200.9067,73.8021,141.6329,48.9674,282.7804,34.9980,400.1056,96.0751,121.2207,254.9987,180.0042,97.9456,213.4667,-53.8315,229.5037,-42.5544,232.9542
180.1151,66.9117,142.3622,26.1190,76.8148,18.7298,309.6020,75.2547,421.9893,115.2343,92.2504,189.8068,155.7871,103.9089,235.0022,7.5902,196.7298,-22.5961,235.1200
203.7718,57.2206,73.4479,25.9462,35.1376,32.7996,297.2375,131.1830,400.9467,169.9384,100.8168,186.6976,139.0531,114.5664,267.3326,64.3396,160.0983,-19.7374,247.1433
113.2239,66.1778,57.3170,66.1889,49.6717,71.3098,264.5923,152.4880,339.3481,201.8808,145.3177,218.9094,154.3897,120.9057,283.0443,89.1610,138.0181,-10.3217,249.6637
86.0422,96.9084,91.9930,91.7895,97.0093,93.0118,272.4157,139.0617,265.0366,209.1782,183.3683,217.5137,178.3557,127.5810,273.1639,99.5667,124.8596,27.3057,254.3674
120.3549,111.7069,110.7775,90.1372,126.9372,95.5657,316.0002,153.8058,231.4089,236.1931,178.0172,196.2360,179.7791,141.1692,263.5617,136.4229,124.8454,62.8796,279.3070
82.7268,95.1019,107.5875,79.8365,135.9535,88.0251,341.8523,186.0371,238.1541,248.7186,156.9118,183.5034,164.4574,136.2222,272.5616,195.6472,141.7516,65.8141,279.4178
45.5130,85.3305,119.0049,60.1926,149.0540,63.7994,328.1732,193.0509,237.1180,254.7729,163.0928,147.6570,158.5321,109.9649,268.8449,239.0798,136.6191,56.8733,240.5289
114.0311,82.8065,136.8501,50.8589,166.0688,44.9607,294.9851,206.3855,224.8466,289.3479,174.8293,84.3549,176.2323,101.9839,227.6926,242.8795,95.6606,82.0136,219.5419
173.8367,43.8891,148.7592,67.6963,166.5278,52.7122,266.8874,237.0632,224.7871,282.5679,146.2219,47.5443,195.8067,100.0150,196.6534,211.1961,76.9415,132.0851,225.8529
127.0164,-19.0777,158.4477,63.6431,143.4761,52.7148,256.5885,228.8060,225.0947,228.2578,89.5859,47.4802,181.8678,58.2251,223.1055,166.1905,95.5643,148.2369,236.7857
53.2767,-45.3961,136.0913,21.7921,116.0991,27.4384,273.8025,195.6125,234.0554,255.6017,52.8464,34.1911,150.8175,9.8999,275.5789,130.9141,88.5650,125.6498,278.0948
17.9542,-27.7995,78.0841,4.0424,109.3824,13.2382,314.6447,213.9556,282.8373,361.7739,58.0589,-7.5508,151.9053,0.9067,300.3821,120.8666,54.5089,112.3051,337.1273
23.3892,-12.6833,57.6584,29.1203,127.3981,19.9691,334.8797,257.7293,307.8241,399.9050,96.4997,-31.8314,182.1906,0.6487,277.0313,135.3266,64.0312,118.1785,338.0340
88.7633,-0.9218,105.2680,67.0454,159.7395,40.9326,289.0013,227.7455,219.1962,323.4812,136.6475,-1.3796,207.1162,15.8573,213.5516,137.3189,124.5450,133.0247,269.1004
171.2625,59.6108,156.6833,128.4461,191.5974,99.6258,202.8488,119.7863,95.1445,179.1408,142.4672,62.5156,218.9415,102.2528,162.3730,89.8350,186.4156,155.7660,173.6495
175.8573,160.7435,173.8034,198.7438,192.9295,171.8548,128.4310,13.7477,63.6104,15.2494,126.0447,109.6849,201.2067,193.8454,168.9962,26.4395,231.6485,146.5679,62.2012
134.4535,218.4834,178.0830,217.9717,149.3790,186.1499,51.9792,-49.1602,62.2362,-94.9898,133.6517,119.8690,137.6047,179.3060,169.1623,6.6267,256.4575,87.5776,-45.4965
174.6007,203.5734,177.9161,204.2130,103.5206,152.1867,-46.7115,-68.5365,-18.7034,-113.2555,152.7849,107.7832,77.4803,118.6848,77.1886,22.5651,248.0922,50.3776,-107.9568
283.2907,167.4613,174.0448,202.4100,95.1545,128.7074,-108.6938,-38.2089,-103.9591,-67.7925,126.1794,88.2535,63.9110,120.1356,-45.6435,41.2567,210.1955,53.3101,-126.3754
288.9147,133.4112,172.6783,169.1784,95.6917,107.6172,-88.1581,18.3182,-86.0709,13.0337,70.6654,67.7046,57.9433,136.3845,-82.9790,66.6804,147.4102,15.3258,-120.7028
125.0456,92.4029,152.7974,95.2638,69.1744,71.6295,-46.6540,43.0360,-18.4787,62.6140,57.1033,43.3173,39.0885,97.0099,-51.4951,86.7459,64.3575,-48.9862,-105.9775
-36.8814,67.6127,102.3869,62.8860,27.6682,53.3277,-58.2953,26.5007,14.6637,19.6706,77.8878,-1.8736,37.4941,42.0109,-41.8871,66.6515,0.6759,-39.8569,-118.5686
-28.3485,74.1478,50.8927,79.9323,-19.6533,62.9871,-110.4729,9.6287,23.8660,-18.7271,68.8903,-64.4987,23.8798,6.7034,-69.7776,20.2470,-13.4425,24.1679,-158.9154
73.4255,88.1561,5.0083,87.4207,-88.9580,81.8491,-161.2542,-8.3444,27.3748,22.7380,30.0543,-105.8173,-50.3255,-21.7749,-96.1147,-19.6587,-8.4647,66.6732,-175.5199
102.3646,97.8147,-58.5676,94.8564,-175.6554,105.9266,-207.3417,-54.4637,4.2325,-1.9700,-1.6751,-109.3990,-140.8450,-29.6593,-112.0471,-58.6792,-14.9305,95.2200,-171.8442
48.1334,101.1237,-119.6528,107.7482,-250.6127,114.3392,-256.7444,-97.6108,-53.5551,-145.7961,-37.1729,-94.9445,-194.7125,-12.9111,-146.0118,-89.4013,-26.0308,108.4238,-194.2812
-13.8957,89.4684,-143.1257,83.6469,-294.8614,86.6452,-302.5224,-98.0269,-129.1628,-207.8180,-87.5396,-65.2509,-234.8396,-7.3715,-220.1933,-81.1828,-41.8816,67.0496,-235.9015
-60.2427,82.3472,-151.1628,56.0624,-307.8351,58.2813,-341.8622,-91.5463,-189.6341,-129.2963,-117.2419,-26.6270,-273.8019,-17.5563,-310.1860,-55.7517,-66.3982,11.4600,-283.7160
-97.5428,91.2412,-170.5071,79.1893,-297.6575,55.8731,-377.8514,-118.3803,-208.5139,-77.4517,-123.2987,-24.3958,-286.5667,-25.1410,-367.5447,-56.3297,-88.0882,4.9674,-347.3655
-138.2505,80.6720,-176.8203,98.1994,-269.3807,54.1773,-402.0405,-135.9646,-217.5985,-91.3554,-161.8090,-64.0453,-279.4346,-36.7364,-386.7185,-57.4032,-109.7573,25.9378,-385.8258
-173.7038,55.3751,-160.5222,75.7514,-233.4824,54.7807,-409.1464,-91.4157,-270.3860,-99.8414,-244.2388,-84.6758,-278.2839,-39.9523,-396.1145,-17.0454,-134.7565,36.4722,-370.1266
-151.9123,66.9663,-162.5356,74.3390,-229.1815,78.7108,-417.7057,-19.8934,-346.8723,-135.1759,-308.0189,-77.5231,-294.6862,-11.0162,-401.4692,28.0788,-137.4620,26.2965,-359.4065
-99.4236,94.6983,-200.3947,98.3488,-281.6379,93.3080,-438.9731,2.6274,-388.7657,-208.8261,-319.2204,-96.7854,-332.0573,12.9184,-401.8112,19.9061,-115.3431,-16.1054,-376.6560
-132.4779,88.2023,-235.1497,83.1471,-341.0415,68.4595,-451.1491,-26.8724,-394.1145,-225.6336,-312.7563,-127.7844,-365.6683,-11.7643,-411.8950,-17.9708,-109.4514,-63.1352,-368.4419
-224.6796,78.9339,-239.9544,43.9354,-346.6788,32.4371,-441.0626,-40.0656,-389.7436,-150.3659,-314.3130,-105.0480,-361.9653,-51.5347,-422.9421,-25.2840,-136.7619,-66.7794,-335.4503
-236.5280,89.9742,-238.5425,30.8653,-311.5625,6.3564,-421.1154,-11.4530,-375.3224,-51.0866,-305.7260,-49.8875,-335.6173,-62.8575,-403.0909,-14.6365,-182.4694,-41.8529,-313.6502
-200.9760,70.5251,-252.8752,22.4675,-271.5023,-18.2930,-382.9131,11.8370,-347.2611,-0.6745,-284.2708,-35.2483,-307.3585,-63.3165,-342.6352,-38.4459,-238.6324,-19.7006,-288.0333
-233.7610,17.8451,-268.2868,-9.1568,-235.1993,-38.3825,-315.5713,8.4567,-312.7849,-11.9900,-280.5285,-56.6276,-264.5241,-80.1237,-256.7106,-75.4433,-280.0854,2.1506,-260.3346
-281.2288,-8.3535,-268.9616,-41.0401,-221.4752,-47.7818,-267.7309,4.6706,-280.4970,-19.2474,-298.6342,-65.2305,-230.4418,-98.9727,-182.6165,-63.2269,-269.2457,6.1827,-263.2486
-261.8066,-3.0431,-261.6288,-46.5600,-241.0328,-44.4752,-284.6039,-5.0324,-270.5117,10.1051,-304.8132,-63.1661,-247.1925,-87.4799,-167.8515,-11.7174,-219.9938,-19.2460,-277.8340
-223.9544,-1.7054,-256.9855,-27.4864,-259.3547,-25.6175,-316.4006,-40.5887,-286.0455,-2.3602,-284.1649,-70.0617,-278.4893,-45.4298,-197.9787,28.0282,-182.6900,-43.7716,-282.8794
-202.5938,-9.6897,-258.6975,-17.3531,-259.7320,-18.3095,-302.0434,-70.6905,-288.3363,-66.5940,-248.0942,-70.3167,-271.1931,-16.8340,-203.8253,48.4399,-176.0629,-72.9095,-302.8572
-172.6949,-20.1261,-259.6732,-45.0621,-260.4557,-47.5219,-273.4406,-67.2781,-262.4194,-74.1536,-198.3124,-60.0065,-243.2629,-23.5150,-178.5427,51.4702,-184.8905,-116.1853,-321.9600
-144.9816,-27.7429,-241.3266,-73.4924,-239.8408,-71.7189,-276.2275,-56.9426,-241.8888,-36.5166,-145.5533,-69.0864,-209.6495,-24.7500,-161.5879,24.1598,-187.7504,-106.0860,-300.4409
-137.6793,-26.2810,-205.3780,-53.8080,-169.6807,-52.6789,-285.2523,-60.0701,-227.7039,-59.2637,-127.5137,-90.4737,-156.7747,1.6554,-135.8061,-10.3430,-165.7099,-37.1939,-261.9324
-141.3722,-21.5473,-179.2399,-19.2245,-96.5455,-29.9944,-276.7057,-66.2808,-201.0976,-106.8518,-151.9270,-66.5478,-118.5170,17.3116,-102.1615,-20.1459,-114.6483,-21.5950,-231.4218
-136.8289,-11.0682,-161.2233,-21.5558,-75.0470,-40.4109,-280.6596,-72.5157,-210.0146,-104.5624,-176.3995,15.4039,-128.3609,8.2988,-141.4789,-19.0807,-50.5684,-70.6063,-191.7704
-88.4578,4.0718,-133.2763,-52.5792,-91.7403,-66.5001,-303.5371,-73.1788,-282.8157,-90.6870,-180.5224,87.9045,-146.6170,3.1733,-246.1452,-15.4224,-4.5943,-82.9806,-152.0581
-20.5772,-15.8977,-124.8723,-90.2629,-115.8489,-92.2578,-290.7185,-53.4749,-322.8463,-80.3184,-192.0952,92.7042,-144.5181,-0.4454,-283.3400,4.6091,-9.0999,-59.6611,-122.3056
-31.8990,-65.8299,-153.6502,-110.2033,-132.0545,-105.0261,-218.7454,-21.7619,-259.9338,-47.0329,-224.7666,46.8385,-152.5978,-21.1712,-224.7512,10.1808,-50.1048,-56.0882,-75.9186
-103.6762,-62.0890,-163.6831,-76.6149,-123.2759,-86.2076,-148.4742,0.9535,-181.2776,-33.1490,-250.3205,4.1224,-177.6680,-46.4580,-170.4065,-34.0860,-65.9253,-46.5521,-34.2106
-111.0913,-6.1372,-136.6548,-22.5888,-97.2429,-58.6226,-131.7302,6.8345,-167.2089,-48.1209,-242.2877,-7.3781,-189.1714,-64.3482,-141.0452,-86.0020,-39.2327,-25.2885,-48.8813
-64.2314,4.4527,-132.2815,-23.3793,-81.0660,-54.8428,-133.7391,-3.0997,-171.8309,-39.3810,-206.2257,-1.0044,-178.7757,-75.2805,-102.3817,-97.4266,-9.8776,-34.3989,-85.7170
-44.3344,-20.2004,-138.4360,-53.0509,-62.6847,-55.3599,-108.3219,-15.0961,-163.8540,-46.4765,-158.9929,-1.6475,-154.1492,-71.4767,-104.2439,-94.1751,16.3822,-45.3560,-88.9204
-21.1541,4.3929,-78.0732,-34.3959,-16.1108,-39.0885,-75.2176,-25.5364,-188.9556,-126.7823,-106.2597,-9.2076,-119.2285,-58.6163,-174.8632,-111.1783,53.0426,-13.5421,-86.4769
24.9073,51.0650,13.9608,18.9730,33.8221,-11.8267,-67.1476,-68.9283,-248.8757,-221.7016,-59.9063,-6.6586,-89.7748,-46.9902,-230.3698,-143.3686,70.2578,34.2996,-107.8612
42.7147,56.2543,46.0310,58.1707,43.3121,31.4906,-86.7766,-145.4373,-289.2705,-284.4861,-44.8791,5.2164,-83.3815,-25.0818,-228.2241,-183.3061,59.4975,67.9138,-123.6770
48.2325,35.1746,42.9110,70.8117,11.0148,61.4497,-133.0085,-184.0973,-286.1214,-317.1059,-50.3180,11.8792,-96.1874,-11.4831,-227.8712,-222.2616,58.7064,62.4925,-113.1054
66.8675,-1.9440,59.5289,32.5046,-26.3788,11.2868,-172.0245,-162.6039,-236.0502,-266.5872,-30.3615,4.1665,-104.7054,-52.9028,-248.5928,-234.4432,54.6073,-15.8230,-78.7527
52.7280,-55.4483,54.6432,-53.1182,-36.9104,-88.3619,-133.2198,-135.1120,-138.2169,-140.5670,3.0189,-25.4321,-86.8101,-119.9736,-238.5568,-214.9633,5.5841,-114.1552,-26.2479
8.7516,-74.0978,0.6561,-104.9211,-29.9147,-128.4549,-25.7208,-109.1975,-26.4041,-63.3969,-10.5127,-64.7200,-54.1791,-136.0954,-176.6659,-191.2796,-54.6689,-138.8156,18.1827
-29.0363,-49.9519,-44.5238,-89.8401,-37.0290,-103.4999,53.4683,-65.7096,57.1870,-63.3926,-50.2268,-70.7011,-40.5520,-107.1842,-94.2641,-179.9501,-80.3006,-114.5425,35.7249
-75.1535,-45.3130,-50.2922,-75.7553,-52.8944,-91.5145,68.3608,-49.1480,88.8481,-78.6817,-38.7707,-35.2071,-38.2743,-88.0895,-32.3030,-177.0795,-91.3061,-111.4984,40.2897
-91.9031,-66.7941,-48.1303,-98.3875,-53.4271,-105.2006,48.8204,-80.6119,41.6974,-139.8455,9.5305,-15.7886,-13.5046,-84.1612,-13.3040,-176.6457,-101.9063,-117.3376,28.7531
-34.0035,-87.6141,-51.6486,-128.9613,-56.3341,-117.6289,-5.2320,-106.1563,-64.7715,-249.2231,20.9851,-39.8965,13.6096,-80.7037,-24.3395,-163.7494,-102.6978,-114.3788,-15.4067
0.8614,-121.9381,-51.8559,-149.3901,-73.3120,-130.8490,-63.5707,-111.9603,-131.8273,-273.5113,-4.8666,-56.3665,5.2534,-79.3737,-38.4746,-128.1813,-115.4164,-114.2652,-65.6145
-51.0551,-141.3585,-49.5317,-141.9852,-60.9969,-140.1500,-49.8856,-127.8885,-111.6580,-175.1770,-23.0128,-32.6447,-10.0193,-79.5615,-46.0610,-100.2723,-139.2647,-100.6921,-90.3133
-83.1672,-91.5222,-38.7470,-94.7883,-11.2549,-134.9685,-0.0718,-139.6002,-74.1348,-94.9400,-18.8674,-5.8714,6.0345,-85.1050,-40.6751,-112.7613,-117.1233,-82.9170,-102.3861
-35.3169,-26.2646,-10.9884,-53.8248,15.3789,-123.5840,-23.1352,-138.5336,-75.7266,-124.3803,12.1213,-4.9937,29.3221,-89.7488,-20.5260,-135.0411,-36.5201,-94.2521,-111.9500
45.9204,-19.1381,24.8367,-55.7847,10.4850,-99.4111,-84.3971,-150.2108,-99.8146,-202.2614,63.1202,-7.5000,34.8984,-66.2911,-4.5004,-125.3113,46.2281,-90.8789,-99.5901
135.3343,-22.1098,62.0243,-56.4655,38.0334,-54.6571,-74.1033,-148.0896,-122.2700,-205.9693,91.5928,9.2774,41.6148,-33.3378,9.4399,-104.2083,95.7711,-32.1435,-50.5079
178.5103,13.0360,102.6688,-22.4749,105.4239,-17.4586,-13.1106,-91.9682,-114.5089,-91.3600,71.2169,25.9159,58.0143,-40.2038,44.1718,-87.4854,109.0572,18.1398,28.9593
125.5583,24.7793,130.8458,2.6518,140.5322,-5.5094,27.4909,-26.4430,-63.5674,-0.6932,27.3463,3.8202,65.5465,-59.3240,67.5818,-44.0044,90.0427,20.6049,109.4030
64.1814,-34.4584,117.6520,-21.8481,103.4977,-11.8501,61.6843,-2.3417,-31.2059,-76.9109,-5.3359,-55.4945,59.1839,-43.2604,38.4328,3.8738,72.2956,10.0078,159.5653
56.8275,-108.7548,63.3967,-77.2318,37.8588,-44.6225,106.3568,6.9147,-52.0824,-168.0688,-13.0999,-92.5221,52.2543,-31.1057,15.3942,-4.8886,79.6905,-20.2445,187.2538
36.3247,-124.1708,12.9358,-115.3332,12.7494,-83.5247,137.5028,25.1254,-42.3714,-67.9350,-5.5018,-63.6950,56.9196,-44.1247,64.2174,-34.0836,72.9125,-67.0205,212.3563
13.5237,-84.5815,10.3947,-103.0750,47.1174,-69.8103,159.9349,26.1308,29.4673,59.2085,-3.6091,-4.2137,75.0212,-22.6622,123.4821,-24.7213,27.1728,-52.7996,223.7951
46.6617,-51.9682,42.2474,-54.1648,98.6254,-12.7822,178.6380,0.0396,55.9431,-29.5404,-5.5390,34.1783,91.7649,36.2533,110.7052,-25.2198,-2.8646,18.6374,223.0109
67.5880,-42.7949,59.7092,-7.9802,127.9574,22.4886,171.2783,-26.8113,8.7080,-175.4152,1.6551,59.7703,94.7644,72.4106,57.0703,-53.4023,22.8827,44.7223,226.9769
38.2482,-14.6462,57.0983,21.0323,136.5296,30.6035,158.3022,-44.6850,2.3706,-137.2865,4.1129,93.6517,98.8121,85.4508,33.6260,-27.8577,60.7905,17.8154,197.1360
19.7805,20.9738,64.9929,28.8325,128.6472,30.2754,165.0434,-76.8169,71.2376,-49.7410,0.3695,109.7838,115.2457,90.2721,51.9599,30.6493,68.9191,0.9847,97.2727
3.7352,9.0354,75.6971,0.1593,100.3394,0.7259,137.5406,-126.0088,131.4094,-98.5755,15.8078,91.1174,119.2538,63.7727,81.5527,17.3076,66.4082,-21.7210,-8.9015
-8.8495,-27.1577,61.2004,-50.3691,69.3847,-50.7470,48.6178,-144.5066,155.2036,-142.1302,32.0245,77.5425,95.2459,30.3509,89.9611,-28.6175,66.8615,-75.3131,-53.8034
48.5981,-45.1182,39.6675,-86.2634,58.1633,-86.7255,-13.8345,-108.4012,175.8002,-31.8464,15.8084,88.5930,76.5075,30.6958,70.5122,-17.2525,48.1529,-113.5248,-55.0608
106.3577,-78.6715,41.8079,-107.8040,63.5406,-111.6060,6.3571,-68.1124,186.4377,97.6050,-5.9792,77.7083,86.1396,27.0617,49.5687,12.0425,16.9352,-108.0865,-24.0875
72.9858,-126.8876,51.3307,-126.9196,68.5279,-131.9839,43.4215,-56.3486,169.1709,114.1123,-20.6784,35.5423,88.8572,-5.9729,43.3597,26.6251,9.3338,-80.4855,50.3734
47.7183,-130.8926,38.9470,-129.8399,55.9760,-130.7383,45.4585,-44.2904,135.7444,86.2783,-55.1843,30.2041,62.1171,-24.3369,42.9536,54.7361,11.8407,-51.7476,113.3990
55.3688,-124.1361,11.1007,-121.9709,26.9633,-127.3900,48.3977,-33.5104,98.2123,65.7504,-65.7487,66.5112,53.7152,-24.1948,55.4407,46.5319,-22.0458,-41.0419,112.3637
-36.5853,-171.9470,-12.8737,-132.0534,13.6406,-137.1546,87.1200,-47.6200,86.7551,5.9314,-9.7223,52.8165,99.2227,-36.3194,99.6008,-18.8652,-80.5198,-46.0239,96.1448
-166.8075,-223.6553,-36.3885,-158.3754,23.9390,-126.7392,151.9920,-53.3006,152.5034,-66.3788,19.1662,-20.8717,147.2019,-45.5294,165.9379,-27.9670,-114.0635,-33.4998,112.2967
-166.1279,-227.5723,-71.0490,-180.2220,18.3296,-109.8781,215.7450,-34.4114,270.7335,-66.0375,-41.4448,-55.3267,138.7812,-48.0339,219.2142,33.0984,-112.1747,-12.8447,124.3572
-80.6889,-218.2922,-97.9011,-186.8340,1.7673,-132.8042,241.1511,-34.6395,335.1639,-6.4646,-86.6532,-29.5758,103.0581,-60.4306,223.9715,43.2755,-87.7895,-21.6329,106.3514
-15.2822,-196.2272,-76.1295,-166.6479,28.1292,-150.9730,212.5395,-40.9244,306.6664,37.5711,-56.5515,-10.2095,110.2668,-54.9838,181.2760,23.3536,-53.2074,-27.8647,84.2432
12.2948,-144.1261,-12.8172,-126.1404,78.5359,-115.2437,170.5518,-7.9539,250.4758,50.2030,-34.8759,7.9547,170.2682,-51.1547,145.9363,73.5927,-34.4671,9.5091,70.6884
-20.2309,-113.7532,29.2165,-94.2505,91.1340,-82.1408,158.7261,18.7117,207.1146,58.0517,-63.1730,70.2412,218.5375,-135.2274,148.4471,134.8680,-32.3000,42.6350,62.1692
-34.6740,-116.2065,32.5267,-73.0029,84.8040,-79.2654,168.1932,1.5973,165.5294,65.9894,-105.9051,143.5206,195.9085,-254.7375,145.2695,132.1516,-10.2885,32.2242,68.4793
65.5447,-96.4278,45.8109,-52.6315,95.1311,-53.6162,181.6172,1.9517,148.7775,47.1979,-148.4945,174.8230,128.9958,-258.1924,124.8800,117.0335,25.2558,27.5546,93.6685
109.1042,-74.1327,75.1289,-48.8397,88.9425,-13.8184,204.6714,31.9354,176.3891,-18.4731,-164.9843,162.1264,96.1690,-179.4400,138.2816,99.8202,34.5849,62.7928,129.8568
-16.5485,-85.7080,75.9432,-44.2582,59.3594,1.4685,225.4131,29.3664,190.2871,-78.9573,-126.7637,119.2335,110.8006,-157.7756,160.1179,36.8880,33.7894,102.3989,172.4241
-42.0310,-77.9066,53.8307,3.0840,53.1198,27.2442,224.9731,14.7691,150.5718,-42.4933,-80.9464,80.9428,115.3034,-164.4333,113.3071,-23.2986,47.4887,114.7061,217.2841
125.6782,-45.1871,45.0284,47.0870,64.7243,65.0668,227.9007,43.0607,113.2249,67.3733,-76.5430,90.9736,91.6076,-117.7891,42.7288,-33.8579,44.2289,103.9684,264.0657
176.8595,-57.8228,42.0969,22.4326,65.5062,56.0016,258.2394,68.7461,116.5695,107.2710,-90.8401,114.7223,75.5581,-75.9116,41.3383,-46.1976,27.7794,93.2292,305.0580
64.8960,-82.2317,42.9238,-2.7436,81.5559,32.3271,275.4020,37.8171,115.2008,25.7102,-98.3544,85.7209,74.2511,-91.7115,67.8192,-81.7289,59.9125,105.9167,296.7179
52.9798,-45.7492,74.3001,44.6897,110.7682,58.3988,233.3926,-15.7853,80.1988,-71.0102,-83.9375,34.3135,63.3498,-110.7619,44.5951,-102.1248,141.2186,122.5460,214.2754
108.7717,-7.6828,114.9102,81.8938,94.2277,80.6325,158.9962,-51.6374,42.0483,-105.2521,-37.3757,29.3293,36.4816,-104.1551,7.2577,-111.0973,214.7368,98.9741,123.0135
54.0607,-10.5043,127.9779,49.5595,43.0618,55.7439,102.5633,-76.4430,23.5065,-122.5973,-23.3027,69.2047,1.3425,-93.7113,2.1553,-132.6779,264.1203,52.8893,85.6101
19.5296,39.3438,137.8979,47.4757,30.0463,53.0597,59.7170,-113.2561,9.6289,-172.3341,-90.9311,125.0423,-34.8009,-79.4474,-7.6076,-166.1586,300.2294,29.8243,52.1631
178.2131,149.5807,143.3323,110.2101,44.7470,80.0722,-3.5207,-177.4219,-37.6776,-226.0092,-135.7572,168.8609,-70.3523,-78.2230,-55.7186,-214.0847,323.1636,-1.1654,-38.2852
406.1292,174.4588,86.6278,110.2758,13.9099,42.9521,-86.8697,-249.1875,-140.4671,-248.0940,-76.0647,155.8172,-117.4663,-126.4435,-129.2832,-267.7751,336.7365,-83.1797,-142.0173
477.0458,83.8314,7.7754,13.2658,-60.1453,-58.0525,-158.4150,-295.6562,-250.2020,-266.3847,-22.0659,95.6086,-167.5863,-205.3577,-209.5394,-315.8501,334.1959,-165.6653,-204.3959
347.7144,13.7583,15.7960,-55.7986,-109.1101,-126.0080,-206.8697,-338.3321,-301.1198,-330.8056,-67.1542,51.5101,-184.8683,-277.3391,-270.5172,-393.6574,308.6098,-200.8736,-252.5383
215.1952,2.8210,69.6722,-65.3043,-120.4480,-146.7275,-260.1190,-413.6410,-319.8681,-435.4908,-135.0026,13.2946,-189.0287,-343.7912,-298.4736,-507.2249,286.5225,-243.6922,-318.6378
282.4383,-55.2984,41.6746,-118.3854,-154.3736,-189.1826,-338.3389,-497.2326,-372.1499,-529.0596,-151.7016,-75.3231,-246.6441,-398.7514,-334.6534,-572.4008,261.3183,-334.8787,-385.2758
432.5869,-186.4434,-48.0651,-232.3309,-237.5461,-271.8092,-414.1352,-554.6141,-445.6269,-595.1522,-143.6726,-188.1146,-341.3781,-429.0450,-408.3592,-559.6246,172.1129,-408.3785,-433.1350
386.0465,-294.1622,-106.7441,-316.8748,-312.4667,-344.6938,-446.5624,-587.7656,-488.2393,-662.0677,-147.2690,-267.0495,-392.9823,-459.4427,-465.3830,-557.0595,33.4698,-408.4299,-454.2336
140.7936,-341.7525,-144.4227,-343.1040,-325.9755,-374.2198,-431.5673,-593.8157,-489.0493,-718.8047,-177.5001,-309.9583,-395.4186,-496.4485,-463.1263,-589.3456,-71.2421,-379.8668,-441.4810
-78.0723,-389.3322,-186.9594,-357.7657,-302.0060,-382.8169,-395.4415,-568.4584,-473.3624,-695.4399,-237.0961,-325.6131,-390.2836,-497.9814,-456.3141,-562.3900,-144.1043,-381.6454,-408.4165
-141.4779,-461.6430,-204.4071,-384.4756,-283.2911,-400.6589,-367.0635,-527.9741,-479.5910,-577.5280,-302.0225,-324.2916,-376.0050,-463.1977,-489.7282,-460.0201,-225.9599,-409.6077,-370.7112
-68.5533,-523.8578,-210.8912,-413.3904,-272.5781,-418.8342,-368.9956,-487.5074,-513.2161,-478.1172,-345.2609,-340.6024,-355.7985,-442.4389,-510.5488,-404.7366,-269.6215,-436.4763,-325.7849
9.2857,-562.3594,-234.4808,-431.8773,-261.6893,-426.1290,-401.2492,-476.1740,-518.2000,-509.9848,-345.0297,-372.0504,-355.1641,-444.1424,-473.8941,-456.6427,-242.5909,-455.8481,-296.0582
-57.2620,-590.5546,-226.5296,-435.2812,-255.7880,-441.9768,-432.0416,-516.7056,-473.5206,-625.2849,-289.9720,-386.9451,-347.7592,-438.1158,-417.4951,-513.4188,-218.9306,-469.1452,-313.1351
-205.1483,-608.3942,-175.7779,-434.6877,-261.2650,-460.7026,-429.7120,-541.4146,-435.4270,-680.8834,-235.9099,-405.9435,-299.3936,-417.2014,-365.0308,-485.9106,-246.8998,-466.6645,-338.1200
-248.1284,-599.2809,-165.4591,-424.0378,-271.3195,-433.4096,-394.0569,-481.2671,-409.9592,-623.4575,-248.5407,-450.3211,-251.7401,-385.3895,-285.1100,-433.4413,-280.1508,-437.6291,-317.9172
-200.1264,-548.5023,-203.7860,-369.7014,-258.9889,-356.2813,-351.4735,-419.5773,-346.8029,-511.1111,-269.7617,-483.7113,-247.0072,-346.1030,-191.6932,-430.3973,-280.6155,-399.5923,-291.0513
-189.5176,-481.1166,-211.8870,-296.8444,-223.1086,-299.1346,-329.3822,-445.2488,-269.3148,-408.7167,-212.8626,-493.7498,-257.5768,-322.3083,-152.7818,-434.2911,-264.1389,-394.4627,-302.9336
-222.5529,-458.8105,-201.8736,-289.1577,-223.8632,-308.7032,-322.9470,-469.9229,-227.4364,-353.8286,-129.7362,-501.6940,-255.5280,-325.2274,-176.6647,-392.1069,-263.8799,-425.5094,-304.8948
-266.5805,-483.8893,-234.8160,-342.2001,-275.3153,-347.3530,-299.2284,-406.3526,-208.1161,-363.0853,-101.9657,-497.3653,-243.4279,-328.7422,-199.5230,-343.3292,-303.0698,-437.6330,-255.8941
-312.3672,-490.3425,-269.3245,-367.2271,-284.8208,-353.5673,-259.3088,-331.3563,-210.2424,-401.4138,-99.3633,-499.6112,-211.7315,-320.8761,-175.4165,-327.5832,-365.8483,-402.1966,-200.4870
-330.8742,-475.2223,-252.7472,-355.6768,-229.4881,-324.7307,-246.8138,-306.6617,-232.2535,-389.6180,-77.9008,-565.9247,-163.6769,-323.6902,-110.9009,-311.2449,-415.4929,-358.8335,-176.0581
-357.4197,-486.4191,-236.9966,-363.7673,-220.1094,-308.3869,-261.2395,-266.6390,-192.2785,-281.5303,-57.4106,-654.2018,-138.5828,-336.5862,-49.6984,-255.9818,-454.7158,-334.6069,-168.4873
-430.1722,-488.0522,-266.2264,-380.2628,-275.0309,-323.2608,-249.8398,-177.3426,-72.2183,-120.4843,-54.9288,-660.0269,-148.8723,-327.9387,-40.0419,-175.8073,-496.7413,-306.9745,-167.9414
-447.4711,-424.5514,-295.7858,-364.5309,-280.9836,-333.8356,-211.8909,-105.0286,2.6476,3.3626,-65.8802,-592.5991,-162.9225,-288.9858,-73.1360,-113.8179,-505.5843,-268.4754,-168.0173
-364.5585,-337.9371,-289.9153,-323.8136,-226.9150,-306.3216,-193.0710,-88.2487,-7.9643,62.4706,-80.9690,-529.6992,-164.3751,-234.8265,-86.5647,-85.0232,-457.3319,-234.4810,-151.5277
-310.9027,-272.2693,-266.8225,-272.0948,-198.6453,-244.9677,-177.7101,-76.8885,1.7532,105.6675,-75.0748,-490.3458,-155.6820,-168.6685,-53.5633,-45.9692,-404.1817,-196.7598,-128.8399
-319.5677,-210.1133,-237.8383,-217.3074,-185.7155,-177.2673,-124.5584,-19.9169,57.9183,143.0934,-40.2854,-473.3399,-127.2943,-99.0063,-5.2180,30.7099,-393.9233,-150.5659,-120.8949
-307.1964,-157.5601,-198.1801,-176.8405,-138.8198,-127.2940,-75.6981,55.1203,87.8242,138.3995,-0.1324,-476.0276,-86.4126,-56.2144,29.7077,84.0376,-391.4771,-117.3075,-112.1406
-303.1818,-120.8864,-159.0712,-135.5665,-100.1688,-83.4044,-91.4986,95.4669,78.9526,123.4145,35.5149,-449.3765,-71.1913,-41.3224,46.8249,69.8331,-345.1299,-89.8240,-91.0668
-327.7050,-58.5224,-137.3727,-73.6480,-109.1384,-15.2196,-132.0331,117.7659,65.8932,152.3206,57.9812,-369.5776,-90.2240,-10.2891,58.9849,57.3214,-270.9567,-38.4648,-82.7996
-284.1433,24.3648,-126.7568,-26.7950,-118.2808,52.7043,-119.1480,162.5426,65.8773,192.1767,50.1101,-288.6294,-102.2241,46.8006,83.9586,106.7266,-213.6067,22.0569,-86.5782
-192.3053,82.9494,-98.8680,-7.2130,-79.5116,70.3804,-54.6079,208.2934,84.9686,222.0387,48.0841,-241.2704,-84.0556,85.0635,103.6676,175.3494,-170.7618,66.0988,-57.2689
-163.8652,141.3344,-41.6865,36.9003,-13.8614,71.4010,-0.1088,237.3822,91.7186,292.5070,93.8388,-210.6951,-60.0044,97.3522,80.0374,223.1998,-119.8644,112.5789,8.4717
-159.2780,219.0660,13.3067,104.6800,20.3120,118.6623,5.4644,281.7648,54.0944,381.2944,134.2144,-177.7104,-47.0825,129.8150,30.7041,265.7887,-67.9726,168.4595,46.9819
-105.8885,263.2730,32.4322,141.7082,9.1703,181.0179,-20.4136,326.1698,25.1151,419.3629,122.3546,-126.5696,-29.9044,181.5422,12.2920,303.6499,-16.1622,205.7608,33.3972
-56.8638,270.3823,31.4618,152.0329,14.0962,202.8298,-24.8051,328.3263,53.1106,453.5843,117.5770,-74.3598,-0.4443,198.5685,48.1446,328.7388,40.4004,231.9094,32.3117
-52.8127,286.7714,42.4186,158.2696,60.6859,200.7216,13.6334,335.9324,84.9358,526.9598,150.0826,-71.8104,30.8918,179.5778,128.4676,362.6380,55.9811,271.5775,82.3198
-78.0471,293.9741,58.6804,148.1575,79.4587,197.4912,55.1147,393.4558,82.3780,540.2059,164.5678,-82.4707,65.2030,184.5488,212.1217,403.9166,12.6299,300.4303,122.1071
-123.8840,280.1856,59.6187,147.7036,50.6257,191.0034,76.4949,428.2703,80.5660,452.8132,159.3061,-5.4247,105.5494,239.4088,231.6850,410.7204,4.5458,300.5951,112.9840
-129.1781,294.5526,53.5585,187.6277,47.0095,200.6994,113.1557,395.4629,85.4117,388.1474,175.9181,125.5958,130.8242,311.6074,187.5512,380.1718,76.3914,304.5562,115.8885
-50.8766,325.8481,61.9183,216.4165,76.2079,224.7462,171.3276,365.5460,75.5264,416.8343,185.8631,197.8271,130.1934,369.6811,152.7902,366.8055,117.8969,320.4509,157.1618
7.8779,330.3398,86.4720,207.6388,89.0292,227.3800,201.1882,376.0732,65.4611,478.6594,160.2991,242.2027,134.6808,414.8682,133.7069,392.4543,76.2771,325.7015,175.9854
-29.3726,347.0983,104.0170,222.9234,102.5195,224.6171,199.8385,388.5500,78.5942,513.2016,132.9951,337.5861,160.8926,457.0225,95.2666,406.5377,47.4371,334.1472,168.9135
-84.8684,384.0981,85.7865,260.3705,113.9138,247.1936,217.6098,391.8588,145.1609,489.0719,101.1046,421.6129,168.5361,487.8601,93.3021,379.2744,59.0957,354.7854,196.1316
-111.7986,354.1020,26.4026,244.4576,51.9303,256.7252,253.0746,397.6927,289.0541,413.9524,36.4093,427.3322,136.2812,499.9673,165.5975,367.0587,33.1164,352.2864,239.1028
-138.3259,262.2480,-44.4335,194.7111,-50.4033,232.9339,269.8237,401.6738,431.2494,383.6551,-6.9143,423.0054,118.3051,516.7770,214.7877,409.2961,-27.1548,329.7240,240.9194
-137.3156,230.5668,-79.9462,193.4885,-64.8737,222.2637,282.1040,406.0719,455.3432,455.6093,28.7019,475.1788,154.3607,554.1807,187.3340,437.3684,-46.3345,333.3868,222.0130
-97.6331,292.8233,-53.9971,233.4229,17.1448,232.1880,307.6599,397.2339,392.9569,515.9606,98.3845,554.9376,200.1428,575.7625,166.3609,383.0040,-4.8188,355.6653,211.1617
-80.6505,369.7707,8.2243,258.5015,98.2268,237.6211,304.6931,352.0714,342.2745,452.6325,150.4727,617.1060,214.8466,559.5944,179.4809,290.5279,66.2605,360.8237,184.3074
-74.2024,408.5527,56.1061,267.7980,136.5682,256.7827,246.5531,310.5860,283.4714,353.4998,196.1794,648.9938,224.9911,560.8532,155.4505,243.6371,116.2721,357.9791,143.1175
-7.5097,412.8807,82.1037,282.2210,149.1728,283.4047,177.6136,314.0982,178.7283,351.1611,233.9485,664.4920,248.4622,613.5402,93.2402,261.5492,109.3308,354.5297,116.0434
85.3758,397.7809,118.1593,287.9109,157.6733,271.4834,140.9326,309.1820,98.5127,386.9280,242.2469,672.6060,259.0840,642.7190,66.1695,292.7917,89.5925,340.9307,94.3913
119.2714,370.0488,158.9449,264.1654,173.5881,248.4540,128.8223,257.3577,93.6404,329.0200,231.5823,632.1628,253.4917,581.7144,99.2524,272.6403,105.3947,350.3964,69.1630
87.8779,335.8052,168.1546,236.9220,173.7602,274.0876,120.7676,212.6733,110.1301,223.8215,214.0175,528.8743,253.5673,494.4706,157.3494,211.0781,113.3189,405.4749,50.2929
30.7786,325.7551,153.9458,258.6730,141.2843,319.2122,105.5141,187.8431,103.0469,184.5420,197.8578,466.1458,253.5433,470.7355,188.7339,174.9480,99.9369,444.1418,21.1470
-1.5758,360.1995,150.9714,310.3800,115.1952,324.5322,71.8423,131.0620,91.7030,147.2376,225.5808,509.6422,240.1801,475.4571,162.9017,148.1599,127.1252,409.5772,-26.9643
52.5554,388.0999,157.9043,305.4319,112.2070,283.6425,13.9688,64.4271,89.5157,37.1645,299.8463,547.6783,215.2027,419.4047,100.6545,72.0539,165.0322,332.2144,-65.9098
178.0544,361.8530,156.4342,247.8127,88.6665,221.7270,-56.9454,52.8858,81.0266,-16.8257,337.3099,488.5945,165.5086,321.8105,27.1329,11.3967,138.3256,269.4384,-94.9000
253.6420,322.4389,141.4406,242.5919,31.8450,192.1121,-104.2234,76.5539,65.4866,44.3162,307.6021,414.9250,87.0086,270.4045,-59.6342,30.8109,102.0726,249.1297,-128.7017
201.1000,303.5568,109.5257,292.7467,-28.3733,223.4932,-86.3044,76.9761,60.2360,44.1237,281.4288,395.0684,23.6778,258.1833,-122.7822,27.7586,102.9718,255.4443,-138.3530
95.8337,263.1716,70.3235,280.7425,-74.0428,232.5225,-26.8580,51.0358,52.6236,-58.0403,275.1870,363.2909,8.8171,208.8010,-115.1560,-45.9422,51.1574,226.4115,-119.1697
68.7585,182.6133,48.8309,185.6701,-84.9619,153.9740,-15.0261,28.6312,5.6786,-84.1608,237.1977,279.3766,17.9622,131.4801,-87.2131,-59.9815,-63.9608,144.6935,-122.8591
140.7776,102.3420,45.4766,118.0165,-54.1210,93.2746,-66.1149,25.1220,-58.3150,-42.3447,191.9848,206.3249,25.5897,95.4195,-101.5980,-4.6199,-113.2387,102.5141,-139.2277
204.4244,48.6284,49.2999,139.4613,-14.3810,144.5432,-78.1254,26.2508,-66.3613,-86.4138,198.1748,189.5818,36.7272,96.7016,-107.6964,-33.7241,-72.1964,157.1964,-97.1159
176.6143,21.1470,78.1183,206.4430,30.1187,220.3591,-14.7651,12.1080,-23.9669,-147.7993,224.7467,199.7120,48.4462,91.0998,-66.2067,-125.9508,-29.1742,220.4400,-6.6236
119.1750,12.0391,132.5496,261.6335,102.1921,240.3640,21.1871,12.2721,-11.1207,-94.2235,227.9504,199.9226,45.0637,82.9066,-51.0339,-117.6345,8.2163,219.0548,61.4789
136.9607,10.7253,168.2971,289.3441,162.4176,264.8532,-13.7586,65.8950,-36.4405,-10.9617,229.3322,188.6889,26.4279,79.0197,-97.6932,-23.6305,77.6252,219.7691,99.4605
202.4183,31.7050,171.8962,315.2878,168.1765,332.7747,-33.9048,123.6737,-41.3243,-0.7236,233.6392,170.1333,10.5680,58.7467,-134.5338,29.8579,158.1178,279.0494,134.4270
208.3065,80.3739,176.3897,366.4456,155.1010,387.9921,-14.5922,119.7879,-20.5692,-27.3719,219.9340,129.4884,15.7140,35.2778,-125.7122,40.5428,218.4192,327.5738,154.1694
157.0124,95.7790,184.9547,411.4608,148.3170,395.3151,-20.3014,100.2856,-4.8874,-52.7232,213.0303,69.3899,35.6971,38.9291,-102.9503,62.4486,234.6210,300.2077,147.7478
137.1581,40.9388,175.4403,395.0479,135.2828,371.1060,-37.5750,132.7335,10.9973,-43.8829,230.9128,27.3467,44.8663,52.8465,-67.1153,87.8092,183.0770,241.0072,139.0479
156.0370,-16.3484,159.5859,336.4438,139.7087,333.7996,-14.9733,179.8578,31.4079,42.6634,235.1166,7.5939,43.0239,49.2574,-7.5619,104.1690,110.6212,201.6334,137.0914
167.7255,-15.2164,158.7737,304.3769,165.0501,303.0762,5.9178,185.3408,32.8462,139.6338,214.6102,-33.9829,54.0894,36.3008,40.0459,125.2827,96.8252,156.8013,120.4666
183.2297,25.5154,168.2183,304.9314,165.9947,290.8317,-5.3628,168.6766,9.9180,154.3242,209.3663,-98.4970,78.4494,26.1533,53.3243,152.9479,122.3546,91.6585,85.4656
196.2467,79.6014,186.6356,292.9726,160.9265,281.4466,-1.7645,165.6504,-22.6832,135.5525,231.8524,-148.5654,103.9767,13.4306,57.0672,178.2331,120.2413,54.4796,56.8783
156.7929,122.3428,218.0382,267.9150,188.0273,263.1723,-1.9282,174.6541,-65.5813,135.5335,259.6353,-204.3674,133.5726,-7.5629,59.5397,192.0112,105.3033,54.2171,44.4410
110.4979,121.9080,238.4424,259.6374,189.0654,252.8030,-54.4697,175.0282,-126.2739,84.4472,270.4080,-297.0103,153.3319,-25.3833,51.5364,179.1367,115.8502,37.4863,32.7879
131.3144,117.9841,219.6146,259.5707,133.9380,269.2168,-80.3005,152.5002,-189.3278,-50.4171,244.9551,-372.3367,134.6061,-9.5293,58.7000,125.6051,126.0697,9.9837,23.9903
144.0730,176.5801,173.8777,251.4146,104.6643,299.5829,-23.2603,126.9827,-218.5963,-174.9143,195.4819,-374.5828,86.2763,36.1300,94.3840,43.4729,113.5177,19.2495,37.7914
87.8065,250.1481,141.5018,250.4717,127.1547,298.3551,1.6377,134.3118,-207.3617,-183.9547,165.3992,-346.2079,44.9083,43.4716,106.5238,-10.5719,105.6696,26.0254,62.6290
77.4761,258.4769,147.0341,251.4478,142.0483,242.7337,-51.6165,164.6439,-204.8149,-69.0504,159.3148,-352.0730,35.7219,-11.1418,68.0673,10.7760,114.7070,-21.8843,75.7367
151.6960,238.9342,178.8140,220.4644,153.8154,177.6994,-49.5107,188.0946,-231.9866,62.7390,146.3610,-393.0617,62.8533,-53.5775,42.9866,67.3772,121.6705,-65.9131,99.6318
170.5412,247.6957,205.2216,164.3746,189.7653,147.5676,45.0073,214.0491,-221.4135,102.9251,128.0741,-431.0441,91.0168,-55.9665,77.8164,92.5593,127.7689,-58.3161,157.6033
116.5543,248.9472,206.6345,112.6932,202.6990,125.1323,118.2226,243.4993,-135.3579,87.7364,117.3857,-431.7890,79.9463,-73.8814,129.4756,99.4073,142.2037,-59.1495,213.4753
114.6468,222.3831,183.9178,55.5489,161.3801,81.4731,142.0746,246.1981,-48.5657,107.2267,100.0470,-392.5679,62.2614,-95.0602,156.3085,127.4908,147.5431,-101.0929,230.9461
154.2919,211.1027,142.0781,-12.1904,104.4839,41.3032,163.5161,233.3896,-11.8752,136.8737,79.0391,-353.0599,82.0305,-65.3746,165.0667,165.6009,142.0905,-145.8781,223.8978
155.6918,214.9353,91.0888,-58.1564,64.3677,9.3874,168.6597,226.7566,19.7737,121.4370,84.2133,-349.3556,94.7183,-36.1538,155.2543,189.0385,158.1049,-190.8324,195.0259
161.7444,205.7474,57.6818,-73.9921,49.4646,-38.6971,148.7655,181.3234,48.3826,94.8415,113.0283,-370.2809,64.9473,-69.2870,126.1349,175.5208,192.8374,-238.8449,124.8296
205.7001,216.0110,63.5385,-73.1993,63.2014,-72.0199,125.0885,86.4043,13.1246,104.6546,122.7981,-381.8684,50.8293,-105.7000,106.9753,115.0927,208.2911,-241.6604,52.0496
217.9367,260.4727,93.5255,-47.0994,88.9743,-47.4656,82.4805,37.3770,-56.0887,146.0748,84.5571,-363.8124,77.4732,-92.2229,107.3999,68.8535,211.1455,-193.9744,46.2665
177.0643,271.7089,109.4583,-12.3004,109.2635,-10.3374,44.2361,71.9311,-66.4636,179.6652,30.2108,-322.3889,91.3393,-76.1126,105.0229,89.8091,227.9662,-151.0099,90.2133
137.9408,228.3471,97.3327,-16.6388,116.8247,-19.8490,70.6152,94.5536,-31.6516,160.8145,29.9480,-295.3517,79.3025,-94.2583,97.0764,107.9267,235.6977,-128.2126,104.8921
121.0591,195.1472,83.3319,-50.2251,92.1271,-42.8070,99.0577,54.9586,-26.4791,120.5143,80.6415,-318.8683,64.0561,-127.5339,85.3850,67.8030,218.1199,-114.8058,80.8325
103.2309,180.2616,86.0462,-66.2585,40.2014,-35.4278,44.6039,22.1591,-20.4290,148.6436,82.3237,-372.2314,33.1508,-158.8387,60.0899,42.9901,199.5694,-122.1662,73.6780
52.7461,134.8143,75.1817,-74.1294,9.4511,-39.8060,10.1436,38.9262,79.3097,228.6594,2.1090,-391.4060,-9.6475,-178.3551,55.4074,68.3278,155.1046,-142.4958,91.6481
-39.4868,75.1338,19.7447,-108.6294,12.1354,-102.3025,101.6257,63.7282,271.4236,273.7983,-67.1996,-350.8927,-31.2045,-185.7311,119.7655,82.0476,38.2960,-160.8007,94.1740
-123.1224,31.8104,-46.7533,-164.7060,11.0579,-180.4293,211.7734,64.7508,462.1553,312.9697,-78.4875,-298.1286,-34.0035,-192.6259,217.1531,81.8468,-85.5538,-191.7064,74.6538
-152.1809,-16.5953,-69.1429,-208.3184,-4.1192,-206.0883,228.4431,56.7305,570.8813,393.1925,-82.6499,-275.6380,-31.6611,-177.0094,275.9765,101.2807,-111.9548,-225.0761,55.4184
-149.4976,-42.2976,-56.6285,-201.0423,-21.1046,-178.1569,202.5610,52.3974,578.3511,423.5223,-92.6508,-242.2135,-22.4979,-117.1646,299.3366,105.9797,-64.5910,-227.0309,38.9713
-132.4607,7.5946,-58.1541,-145.4349,-44.0131,-140.7647,183.8273,43.5472,521.3751,339.6847,-84.1727,-147.9436,-27.2406,-62.8964,325.0084,82.8834,-35.3719,-205.7727,20.7952
-88.6777,63.6169,-74.9079,-104.1306,-66.6454,-115.8400,155.2689,28.6758,452.9675,226.6087,-83.3116,-52.2737,-45.7542,-51.0767,345.7650,73.7544,-38.3873,-171.6792,4.9110
-46.8390,42.5572,-70.0880,-102.6794,-70.0442,-99.4640,137.1231,27.3861,384.1941,165.5015,-105.9261,-45.0814,-29.1621,-40.4770,339.0746,76.1689,-38.0215,-115.0331,-8.5030
-39.2329,5.5000,-46.9882,-99.5572,-57.4859,-96.2400,149.3581,49.3014,301.1842,161.2469,-115.6523,-92.8321,16.0694,-27.4163,309.6363,76.1320,-37.6366,-78.7630,-12.2241
-43.6171,7.4169,-47.3368,-95.5634,-41.9056,-113.3271,150.8170,68.3569,229.0220,198.0317,-111.2154,-99.8780,26.4595,-56.0329,271.6731,96.5438,-58.4048,-101.2554,3.8665
-45.0248,0.4559,-78.5048,-112.6374,-28.8952,-131.0259,118.7235,65.2749,197.7453,229.0845,-125.6061,-62.1256,1.6150,-87.5295,226.3876,119.7645,-76.9299,-122.4855,22.0020
-64.2866,-10.2097,-105.1196,-105.7406,-30.2445,-122.7406,73.9119,69.2538,186.5428,220.1124,-149.9126,-36.4646,-25.3278,-63.2092,166.4447,113.2393,-52.7087,-101.9735,25.7782
-115.9035,18.6030,-118.2240,-65.1088,-54.2627,-99.3792,26.1376,103.8097,184.4682,216.2849,-164.9831,-25.9446,-66.0922,-30.8728,103.0713,108.8766,-20.0253,-91.9404,33.6783
-192.9815,34.0182,-150.4704,-58.4486,-91.3039,-89.3090,-10.2616,126.0683,210.2544,231.0457,-182.6127,9.8819,-115.4210,-33.3742,70.0663,116.2950,-59.6818,-98.6977,48.6091
-242.9598,1.4988,-208.7649,-80.5957,-124.5345,-88.9359,-8.7664,86.5083,222.5485,187.6981,-203.2983,71.4385,-136.4949,-24.2125,69.8621,89.4832,-149.2476,-75.7204,48.3753
-209.3192,-18.5335,-251.7467,-82.5715,-141.1672,-84.9200,17.4385,21.0010,165.6406,95.5272,-215.8796,110.2006,-135.6233,5.9706,56.9883,53.1649,-190.1519,-51.4644,42.3105
-158.1232,-23.6203,-251.1075,-97.4776,-145.4571,-90.0704,29.1953,12.5299,98.6800,80.5448,-230.2433,115.7507,-132.4511,17.2355,9.5853,77.3780,-191.2980,-62.3624,38.4585
-194.1783,-52.0050,-224.3265,-123.7454,-148.1422,-101.3618,16.8774,68.4995,95.9866,148.8134,-244.3687,147.0966,-114.9851,31.8555,-42.3905,131.6974,-220.1155,-60.6648,4.5188
-256.4359,-56.6080,-192.6758,-86.9137,-130.1857,-85.8795,-6.9650,105.4372,98.1303,154.4955,-232.1945,210.8365,-92.3439,68.6024,-72.2868,132.9260,-234.1883,-25.4744,-55.2887
-233.1848,-18.5168,-153.4807,-27.1102,-75.6419,-53.3146,-31.1504,72.7563,39.0379,69.1758,-198.4772,228.4442,-92.0281,74.9412,-82.2053,86.9468,-184.5587,-1.8810,-92.7272
-165.2734,-2.3437,-106.2739,-31.1524,-25.6460,-48.3582,-48.9720,18.7261,-26.9386,34.7005,-179.5075,214.4588,-105.3425,58.3134,-91.3006,66.3913,-138.2905,8.8749,-111.9038
-120.0662,4.5343,-65.8968,-36.2669,-17.6139,-54.9399,-71.7543,-5.7265,-58.4065,80.5172,-180.7748,267.3363,-113.5482,89.0127,-124.6403,81.4824,-122.2984,31.4238,-142.0172
-74.4160,53.2196,-41.5335,18.0612,-32.8534,-24.3213,-114.7338,-25.7171,-99.8743,55.6475,-169.8066,320.7528,-114.9696,121.4249,-173.6825,55.6327,-63.7904,45.3743,-162.7320
-37.4970,89.6676,-29.7828,59.2074,-59.9930,24.6676,-158.5014,-65.3755,-159.0280,-70.9682,-136.8348,228.9104,-110.0801,61.2707,-192.7299,-30.5615,28.1397,48.8386,-160.1067
-45.6489,77.2274,-26.6644,66.2370,-96.9048,46.7501,-169.4554,-80.5928,-193.0688,-134.6460,-117.6473,88.8621,-113.4223,-21.9525,-174.6503,-65.7982,63.8792,72.9405,-149.4228
-51.1748,78.8767,-28.6569,89.3605,-99.3775,46.5415,-149.7248,-45.2352,-205.3524,-85.2167,-128.7029,98.9548,-132.8247,-8.1325,-159.1259,-2.7181,48.2686,93.2246,-119.7969
-14.3902,101.6434,-31.8557,93.9500,-60.0501,36.2105,-127.9450,-20.1281,-215.3340,-65.0037,-127.9971,203.1460,-136.0004,51.5105,-151.1147,29.1777,54.6110,68.2045,-74.1699
14.2366,91.2781,-40.2532,52.9345,-43.8919,14.4163,-114.4738,-49.1679,-194.1908,-128.6832,-93.0485,223.2661,-108.9100,51.3629,-120.8516,-30.5314,88.1674,37.9916,-48.7483
1.5335,59.3729,-52.2724,34.8931,-49.3201,5.9403,-88.3832,-67.7585,-121.0265,-172.7144,-65.7126,157.9174,-75.3146,17.7686,-64.5916,-52.5147,92.0816,53.8256,-28.1822
-23.9254,34.8884,-45.0291,53.9298,-5.0677,21.1022,-29.4819,-11.3351,-35.2303,-135.1690,-58.1575,110.0351,-23.8856,16.3305,1.0588,22.3125,43.6707,76.2794,20.4446
-26.7118,11.9752,-11.6696,55.1813,68.2521,23.5366,46.0815,69.0271,14.9595,-62.9459,-23.1420,116.7040,54.9337,40.2893,57.1049,94.5655,7.5673,50.5383,64.2420
15.4160,3.4054,14.7933,39.8725,89.6195,6.0839,102.9255,98.3597,33.6142,-34.5116,37.4330,148.5466,100.2802,69.5894,82.4492,120.0294,53.3407,6.8319,85.4779
75.2425,3.8519,19.8954,23.4400,69.0251,-3.1366,134.0382,84.7202,60.3937,-76.0733,69.5696,158.8178,88.2801,96.7451,90.5532,130.6967,120.1330,-0.1872,112.8747
84.8654,-24.2022,32.7733,-7.2020,73.2875,-18.0905,160.2561,51.3455,102.6215,-101.6102,70.7747,157.3691,94.6310,103.4125,119.9572,111.8434,104.0685,16.4461,125.5771
48.3324,-50.2110,59.1226,-29.3431,121.7155,-52.6266,194.7393,-5.9576,125.6621,-34.8548,68.1465,209.1706,156.9977,98.3527,161.5528,52.7554,56.6831,16.2568,111.2597
42.2435,-21.8971,72.3370,-21.9220,187.7005,-59.5328,234.8732,-50.1588,130.3497,23.7829,63.2527,279.1525,221.7404,98.9028,185.4048,-19.0203,87.2407,1.5257,136.2225
90.2576,17.1121,81.2328,-10.1014,230.4630,-23.4515,265.4106,-47.8511,166.5152,-25.9605,83.7251,251.1060,246.6744,70.3635,213.8608,-99.6604,158.4390,-10.2206,198.0911
154.8832,15.8588,110.2496,0.0100,233.7124,-4.3309,268.7230,-49.5499,240.7558,-67.1165,155.8437,146.2639,238.2882,-0.4723,260.6451,-156.3209,189.9496,-17.1797,216.7968
204.0291,-1.8293,139.0790,10.3622,230.7399,-19.4536,261.0216,-72.0213,299.8591,4.4452,208.4633,73.5846,225.1921,-52.2897,275.0862,-121.7765,206.4467,-3.6507,221.4827
218.2479,-25.2780,148.5975,-2.5959,239.5475,-16.1558,278.0325,-40.7441,316.3336,68.0137,172.4083,32.4218,233.5509,-65.7186,238.4634,-43.7792,241.6464,41.1202,273.3942
207.8161,-61.2039,161.5268,-19.8015,236.8176,14.7907,307.4530,34.2405,312.5124,39.4100,117.4887,-3.3620,244.4103,-85.5042,210.8908,-31.7900,269.8100,76.5353,304.9185
202.5584,-75.5706,186.4010,-12.6162,236.9915,20.6589,313.2601,57.6441,316.3381,44.6252,125.8211,0.5630,229.3922,-102.6103,232.9350,-47.1917,266.4504,62.3419,280.5435
190.2741,-64.7316,203.1641,-26.4880,268.2537,-21.1988,312.9460,49.2450,339.5223,146.6275,154.7779,18.8036,227.6756,-88.4312,281.4025,7.9717,227.7815,14.4836,284.9640
163.5470,-72.7418,205.6242,-75.4798,286.6586,-74.1227,333.4862,67.9627,371.9219,198.4796,157.9608,10.5125,271.6347,-77.2390,320.0310,78.4560,187.9446,-39.9475,317.0494
172.7961,-87.9194,193.3964,-91.1534,258.3168,-99.3152,346.9544,46.5953,391.9002,112.7147,174.2327,33.5731,304.0280,-75.4033,318.9029,62.3666,209.4243,-84.4910,296.0515
217.6740,-68.4244,165.9825,-70.2556,234.7816,-102.1889,339.9404,-37.4757,392.2551,21.0674,213.1178,98.8335,282.2757,-44.9864,269.0953,-3.4078,274.1307,-89.3434,259.0085
231.1481,-36.8071,149.7656,-70.2641,238.5392,-108.8424,345.0032,-69.3462,365.9912,24.2913,224.2179,115.5966,242.5907,-25.6723,214.1112,-39.3816,304.8006,-54.2505,269.1364
227.3168,-29.0443,163.2613,-76.7671,223.5585,-114.3154,348.6191,-43.6537,298.2278,7.0954,208.4445,88.0178,209.6276,-60.9883,200.1063,-59.3838,314.9440,-25.9908,272.0531
260.4606,-31.6209,177.2041,-57.8643,192.1319,-96.8278,306.8191,-77.8808,215.5295,-119.5619,209.2044,94.7095,178.3944,-69.3475,205.5568,-91.0870,349.0534,-20.6978,233.2787
280.9799,-27.9528,168.5808,-37.0228,188.3194,-69.6919,248.6997,-152.6948,169.8629,-225.2387,215.5398,118.1277,159.7788,0.6028,191.6629,-100.6648,362.7900,-20.5573,206.4528
244.4477,-24.9387,156.1966,-26.9206,204.1493,-61.9309,219.1138,-171.6165,156.2080,-209.1726,196.7415,125.2900,154.5796,52.0849,171.9796,-82.0140,335.9357,-34.9172,202.8040
225.9036,-30.5593,157.3510,-28.5913,216.4659,-71.9698,193.0088,-160.6620,139.6866,-165.0887,178.3494,142.9979,154.7277,28.8966,165.0513,-89.0885,318.2062,-57.7250,195.2702
256.5274,-49.3240,168.6543,-55.8606,233.3973,-83.2411,162.9618,-156.2890,125.9881,-154.4925,191.3258,139.0414,171.5986,1.6437,151.6869,-117.7667,293.9893,-42.0136,204.8788
242.0237,-78.1617,172.6921,-79.7867,244.4765,-86.3695,174.6798,-113.6465,116.4582,-142.6424,210.7777,61.1675,195.6225,5.3646,131.3866,-96.0784,226.3103,3.1056,245.6105
148.9035,-108.2637,143.2412,-72.5779,222.4581,-76.6174,213.8592,-45.2535,82.6899,-162.8308,201.9140,-23.0239,200.3026,6.2658,134.7501,-30.8594,167.7640,11.1615,283.7637
75.4845,-137.4952,86.7128,-73.3255,174.7574,-64.6817,222.8646,-15.7980,41.6176,-225.3077,167.8620,-25.4124,194.0408,8.3637,152.0769,-7.9426,152.7649,-19.3578,301.7323
81.6933,-152.5632,46.9280,-85.9626,126.6201,-61.9515,213.0242,-21.5816,41.3431,-231.6124,131.2096,27.1312,177.5875,34.7351,143.4560,-39.2777,145.6475,-30.7446,299.7341
107.5907,-129.9278,38.1490,-59.6374,96.0977,-50.9072,208.8997,-41.0667,67.6455,-179.3328,113.4552,65.8884,134.8469,68.1132,118.7106,-61.9150,151.4495,-10.5639,258.0751
99.6263,-83.7753,42.6372,-19.5255,100.7445,-24.4351,178.9728,-79.8997,71.7292,-157.5936,126.9566,71.8766,112.4991,84.6624,114.9266,-51.3799,186.9254,10.8858,173.0131
92.8783,-55.0861,59.3250,-18.6552,128.1219,-13.2227,119.2757,-109.5610,46.6770,-151.7486,158.5543,69.7489,149.5785,81.3906,121.1255,-21.3599,207.5856,20.1176,82.2855
116.1480,-48.0497,77.2109,-21.6326,132.6058,-19.3790,65.8337,-102.9089,6.2066,-144.0372,175.7043,85.2029,171.5312,67.5472,104.5294,14.6921,193.3056,24.6479,28.3287
122.9278,-43.6239,69.4837,-0.5115,110.7718,-6.2950,16.9514,-80.0586,-46.2740,-172.3219,156.7026,92.9865,127.9437,58.2627,67.6534,34.7362,169.7794,34.9998,27.1533
83.7376,-52.7784,56.3133,3.2416,106.4393,17.7882,-30.2795,-47.0871,-106.7793,-169.1795,110.6415,51.9074,92.4977,48.0102,26.6080,34.4025,132.9903,51.6219,56.9626
42.3194,-94.3687,68.6928,-19.6849,119.1130,11.9315,-49.7549,-6.0349,-174.7831,-108.3333,76.6106,-1.1629,103.3154,16.0970,-14.5506,28.0536,83.0280,65.6717,76.2809
22.9824,-147.5430,78.3534,-45.7499,105.9054,-13.0630,-52.6486,8.1983,-238.4377,-136.7595,78.7475,-5.2364,103.8640,-19.1406,-44.3534,-1.0420,43.4646,78.5753,77.7637
0.3389,-166.7860,61.9283,-70.0818,69.9978,-18.5236,-57.7882,6.2910,-256.7730,-230.0623,76.4534,16.5013,73.4092,-20.8746,-49.1780,-57.4503,8.1830,90.7462,86.7957
-13.6361,-130.8441,39.1148,-60.5745,47.7565,-3.4470,-46.0259,29.6259,-223.6160,-180.0080,26.0079,13.0962,33.3649,-7.3401,-44.4367,-92.0563,-10.2564,87.2042,92.0471
16.0766,-64.9402,8.6526,1.9561,35.5396,12.0739,-45.6310,36.1206,-200.4956,-51.9604,-31.1873,-20.4330,-13.7796,-24.1411,-65.2981,-98.9574,24.0208,78.0074,52.3606
55.8193,-21.1440,-27.1976,41.5928,12.7284,14.3033,-99.0450,-15.2690,-211.9344,-45.6140,-45.0777,-72.7175,-51.3626,-64.5064,-116.3848,-124.4312,50.2323,91.7463,-17.0971
45.4142,-32.6625,-24.9674,3.9205,-14.0780,-5.2280,-138.1132,-53.5637,-206.5510,-79.1427,-51.4581,-114.3081,-70.5131,-83.7553,-153.4371,-148.1414,-12.0587,103.6540,-59.2187
1.3673,-75.3797,4.3093,-41.3506,-47.4560,-31.9599,-119.7833,-38.1624,-181.4360,-54.8622,-77.5835,-107.0526,-108.2545,-71.2826,-148.7204,-132.1463,-85.6814,74.9914,-72.8311
-15.9904,-88.9610,-9.7912,-32.9568,-104.1062,-33.7705,-145.0281,-37.9918,-201.6959,-80.7394,-79.0203,-78.1547,-154.2060,-62.6657,-143.0281,-122.5935,-67.0076,42.8941,-98.7925
-11.5712,-59.2322,-58.4344,-11.3029,-157.4237,-13.0592,-234.4693,-73.8021,-255.2581,-130.7043,-56.1470,-75.2718,-144.9881,-79.6026,-164.6203,-139.8723,-12.8602,47.2792,-133.2863
-43.9192,-37.5598,-78.1955,-20.2347,-162.8807,-12.7991,-265.5511,-90.6617,-252.5811,-65.4847,-64.9230,-68.6838,-105.9646,-92.5230,-162.7938,-123.2140,-13.6113,48.2957,-146.3589
-109.6945,-46.5419,-81.9477,-43.4927,-134.6995,-50.6259,-233.6706,-85.4161,-193.2420,32.2011,-91.8565,-31.4835,-116.4380,-75.1264,-115.6552,-74.6662,-62.1057,23.3344,-140.0353
-153.2294,-57.0693,-110.5485,-55.7620,-119.2942,-83.8425,-226.2260,-76.5976,-164.8794,42.7110,-97.5067,-13.2330,-156.1771,-52.9193,-88.7748,-56.5375,-131.4706,14.3898,-118.4125
-191.1523,-78.7299,-147.9124,-62.3530,-127.6282,-70.9090,-201.8304,-33.8828,-173.0019,47.0535,-116.5057,-31.2854,-160.7147,-48.2951,-101.4398,-53.9470,-203.3133,19.0285,-74.1144
-260.7421,-129.8193,-175.3235,-79.4935,-146.7500,-42.7358,-121.3906,35.9315,-141.6849,99.8546,-164.9980,-35.4626,-144.5034,-42.4783,-95.4393,-27.0164,-232.0202,-7.5694,-38.7659
-280.2843,-148.1827,-198.9590,-99.2396,-167.4505,-54.0260,-80.4148,61.2476,-73.9228,127.2174,-189.5255,-14.9258,-146.5173,-29.7769,-70.2489,-6.8082,-201.0758,-42.6373,-49.5513
-186.8743,-106.3904,-209.1688,-102.8298,-180.7652,-86.2192,-107.7596,26.8460,-46.8700,98.3412,-186.1684,-3.1177,-157.6035,-30.6734,-70.5156,-12.5128,-156.1892,-41.1943,-78.2642
-103.3709,-98.5506,-195.4617,-99.0882,-186.4321,-86.5591,-128.1938,-2.3031,-65.1611,52.8974,-194.1107,-6.2352,-156.4941,-47.2183,-85.7068,-6.7220,-143.4483,-32.9602,-86.5063
-128.4468,-150.2975,-168.8297,-96.1941,-189.0383,-63.8122,-136.6923,4.3786,-65.1509,41.9896,-188.0091,-10.9746,-139.4619,-64.8252,-106.1727,13.6443,-165.0398,-49.3129,-86.4954
-172.7505,-153.8734,-145.4199,-73.3116,-183.9930,-47.0468,-142.3105,6.1117,-39.6556,76.0456,-151.3122,-6.1566,-118.6356,-60.4946,-153.2804,10.8352,-185.5372,-55.6325,-88.7364
-180.1291,-92.3555,-149.2690,-36.9801,-185.3371,-22.8529,-105.7760,-21.2604,-33.5186,84.3031,-155.6015,17.5075,-120.7215,-7.9588,-191.3384,-4.1163,-175.1946,-41.5547,-85.2124
-206.5148,-60.8274,-195.0272,-25.0848,-219.8888,5.9145,-70.9584,-36.0195,-45.1964,60.4385,-227.8204,40.9576,-153.2464,56.8245,-174.2295,20.9722,-155.0400,-49.4042,-91.9523
-225.3862,-64.0165,-248.1315,-31.0174,-262.7109,4.2299,-100.8302,-3.6386,-36.3043,108.0040,-279.7822,28.1083,-184.6326,49.5984,-142.3224,74.8714,-153.5953,-67.2402,-120.0804
-179.0384,-49.4228,-264.1431,-27.5705,-262.5501,-14.8361,-130.1728,39.1577,-13.1536,176.4622,-250.2980,-18.9759,-181.8492,-19.3525,-138.2520,71.8955,-152.4123,-34.3185,-142.0431
-138.5280,-41.1686,-244.1316,-30.5187,-225.6991,-9.2031,-114.4531,50.4798,-22.4075,111.3558,-185.7396,-64.3107,-136.5100,-53.2468,-149.1365,-6.8906,-148.9154,35.3899,-131.2876
-168.3400,-59.0233,-208.2121,-47.1298,-183.1929,9.2115,-112.4968,53.1534,-77.7842,4.8942,-153.3836,-77.9265,-66.0021,-34.2365,-176.9316,-55.2814,-185.3399,70.6382,-87.1053
-216.6457,-63.9399,-178.4260,-48.6447,-135.6850,5.0418,-117.8667,72.6236,-136.7589,28.3976,-162.3916,-47.8419,-19.6235,-17.7927,-209.9325,-11.2911,-249.6710,61.0438,-43.7697
-238.2431,-54.7005,-185.5539,-36.4064,-103.4507,-19.2008,-101.2383,76.8848,-153.6578,93.4711,-172.7550,5.4571,-37.9244,-14.1447,-194.5048,42.6657,-269.0094,41.7238,-65.4313
-229.1454,-60.4669,-220.7533,-31.4211,-122.5029,-36.8164,-136.6759,37.4057,-133.1675,75.1013,-153.4510,36.7311,-88.4239,-10.3398,-150.1792,34.2128,-232.7242,22.8651,-147.1380
-194.0803,-63.6042,-228.1266,-18.7815,-157.9246,-21.4043,-222.1158,-20.0664,-117.6734,17.7866,-124.0070,34.4908,-103.1105,-10.5872,-151.8457,-13.0444,-204.4835,21.9584,-189.9349
-183.6372,-34.8072,-192.1197,15.5158,-147.0986,25.5059,-229.7411,-58.6116,-133.8095,-44.6911,-119.6556,31.1512,-78.1368,-1.6877,-184.8113,-77.3142,-206.5272,65.7595,-169.7838
-208.4316,16.1960,-157.0854,49.8790,-111.4717,57.1852,-176.6026,-69.8233,-171.1166,-94.2107,-141.0539,37.7781,-69.6247,13.4640,-205.0604,-136.2906,-186.6353,114.9004,-171.4854
-177.1124,50.8536,-147.0535,60.1719,-111.3833,47.9627,-200.1535,-68.5720,-206.3692,-73.8768,-169.6347,28.7605,-100.3510,-0.1411,-237.2224,-130.6548,-119.0526,108.7551,-211.4508
-83.2884,34.9747,-142.0823,40.1283,-139.7223,33.2531,-281.7898,-79.6668,-223.0170,-51.4641,-186.5795,-0.2641,-134.4266,-21.5054,-273.0197,-81.2409,-66.4287,72.6357,-240.0708
-44.8564,-7.2251,-126.3035,9.6818,-147.8718,29.1687,-318.3484,-113.1438,-205.8197,-104.3490,-170.0728,-21.9571,-144.8736,-6.2831,-257.3393,-83.0277,-77.2884,57.7083,-267.8139
-79.6974,-18.1685,-109.2794,3.8420,-132.8820,11.2441,-314.7905,-143.4884,-143.8751,-88.8174,-128.2306,-32.4030,-149.0079,-1.8221,-210.8756,-118.0125,-88.5384,48.6367,-290.4916
-106.5088,-12.9860,-108.5713,13.5840,-133.5238,-10.6829,-290.3850,-136.3585,-55.9382,86.1086,-99.3625,-54.7439,-158.4255,-58.2230,-179.0901,-97.7131,-40.9628,31.9155,-244.4092
-111.6475,-39.9474,-122.2172,-3.4198,-149.1756,-15.8784,-224.1605,-95.0290,3.1719,238.8764,-84.4756,-78.4667,-148.5025,-112.1433,-143.4757,-52.7796,3.6488,41.3588,-149.9694
-106.8429,-64.6364,-125.6663,-32.8037,-126.2248,-22.7188,-164.8977,-54.6079,-4.5333,235.8714,-56.5300,-64.4441,-107.6069,-102.0533,-104.5035,-54.8769,-6.3782,82.0239,-81.4408
-87.1656,-47.1434,-109.1772,-25.8710,-57.8751,-25.5986,-161.3130,-28.3284,-44.2517,151.4627,-35.8341,-20.0036,-62.8523,-59.6363,-95.6545,-69.8267,-11.8895,124.1425,-14.5560
-94.7554,-33.6702,-88.3438,4.6967,-12.0011,3.0503,-145.1836,4.2335,-52.4681,71.4582,-55.6743,6.3043,-33.8633,-24.7358,-102.3051,-50.8277,18.5946,152.9487,79.9800
-125.2705,-51.4283,-65.7831,13.3764,-5.1767,23.3845,-68.0572,43.7710,-29.3628,52.5348,-83.8266,1.4302,-12.9160,-11.5150,-109.6072,-23.4519,37.1230,143.4288,139.0523
-81.4846,-59.2437,-25.5302,0.1619,25.3412,-6.5621,-3.6254,60.9592,-19.7347,116.5815,-70.1335,-7.4307,8.2003,-24.5299,-128.8971,-11.6754,39.0134,81.1469,147.8549
26.2379,-40.7106,31.8179,-3.8414,84.8929,-28.2151,9.1059,54.4951,-16.2006,156.5821,-23.5253,1.6795,37.7867,-19.4546,-113.0212,-16.2897,55.2142,35.4177,170.3105
61.4170,-12.2166,80.6638,16.1297,119.2292,9.4429,42.7017,49.2304,27.7531,90.0585,17.7294,26.8307,85.2705,38.1910,-16.5564,-43.2079,75.3164,69.2815,210.6789
3.9006,13.3318,96.4138,41.3551,136.9391,50.6886,123.4588,44.3625,102.4385,21.9043,42.0757,34.5071,131.8435,79.7732,91.1671,-67.3309,100.6455,116.1624,238.0366
-27.2001,9.7245,86.4337,39.4442,169.1102,43.2656,177.3508,41.2968,162.0722,44.8873,66.0886,4.7238,148.5314,52.6151,134.2906,-44.9439,149.0398,98.5564,271.9473
28.3064,-21.8326,91.4548,12.4133,186.0788,13.7009,186.9436,70.9542,214.3876,83.9488,107.5140,-7.6221,150.1100,27.4247,146.3993,4.7058,177.6004,63.6856,318.1000
113.9100,-32.5819,131.8975,-9.8963,177.4382,-7.5736,223.2989,121.3980,280.0629,57.6958,158.6838,36.4396,170.2037,45.5212,181.1162,17.1978,157.3118,65.1427,343.8807
160.7275,-18.8301,176.5248,-21.2129,185.2054,-19.1031,281.9984,128.7898,308.9162,5.2641,198.8633,64.9019,201.5749,41.6897,226.5944,-12.2980,159.2983,61.4146,351.4536
177.7618,-19.5909,203.8675,-21.8629,213.3960,-17.7789,280.4526,83.1055,260.2721,2.8714,236.0372,37.6787,221.9463,7.4624,240.4247,-18.5579,225.9236,34.8432,366.1284
207.4374,-24.1690,237.6129,-0.5926,247.5286,-7.5303,245.7030,41.0882,211.8722,40.6330,284.5994,30.2042,243.7838,11.6318,213.3530,22.3465,285.9781,41.7351,390.2399
219.7102,-18.8737,282.8080,15.6655,311.5805,-5.4494,288.3319,36.0878,254.7898,46.8848,310.3549,47.9740,283.0249,40.2538,199.7917,40.7775,290.8777,79.4301,413.4919
192.1003,-39.0597,307.0785,-11.0536,386.9616,-20.0159,381.6290,53.4099,335.8682,36.4440,283.4753,12.2807,313.9367,25.8850,237.7452,-9.6128,288.3137,65.9955,413.1191
223.3837,-84.0027,305.9768,-55.4647,403.3297,-50.6734,395.8864,56.0895,344.7255,67.5582,261.7105,-25.8786,306.9090,-13.9882,264.7853,-60.3980,312.3399,-16.1923,371.9171
334.1778,-117.1596,309.0177,-87.1832,367.6396,-90.5806,329.2854,10.3546,301.8534,55.8940,315.1671,29.2679,289.6666,-31.9067,245.3655,-47.3237,324.0151,-96.2008,319.6674
351.0119,-147.1601,321.6910,-120.8857,345.5749,-118.6472,294.0508,-64.5420,312.1396,-74.6616,407.4173,95.7483,319.5415,-40.8167,267.4178,-14.5795,298.7166,-132.7537,292.5277
236.7426,-173.9603,324.5497,-137.3363,342.2656,-116.1382,327.5866,-107.0501,375.8664,-167.7369,457.4965,70.3203,394.9132,-47.2916,353.5995,-0.3546,287.6423,-140.2530,282.9413
194.1398,-152.0047,319.5139,-99.5867,344.9119,-88.6960,376.0913,-100.9384,399.4059,-102.0240,462.2558,22.2268,448.9951,-22.8777,393.4238,34.4673,334.6140,-126.6071,281.0864
274.4364,-92.6979,325.9625,-50.7322,380.2877,-58.6593,399.2649,-79.6658,371.3194,-14.0692,458.9793,30.3408,448.5657,16.0857,374.6619,82.4654,387.8965,-100.1703,291.2908
309.9217,-61.8911,334.6471,-40.2865,426.5215,-40.7945,399.1207,-60.3568,376.0649,-3.0837,441.8448,62.6711,433.7787,25.0071,397.5468,65.9547,382.0134,-84.8291,303.3248
261.9754,-62.7094,314.3309,-29.8143,416.6199,-23.9565,395.2422,-40.4500,435.0044,0.0213,407.4106,84.8767,439.2282,17.6244,448.6379,-11.2611,351.8743,-64.5930,326.3011
235.6519,-51.5012,278.3889,11.6182,378.8232,10.6653,400.5052,-10.7391,467.3373,8.3382,401.0855,85.3388,452.4889,31.4867,441.6989,-44.3438,358.1575,2.3199,388.1060
251.3443,-25.4584,285.6273,44.8786,403.0283,47.4738,399.9350,37.0468,414.0898,-7.6565,440.9804,51.2497,461.2480,52.8518,388.6930,10.7468,378.7773,85.5518,451.1575
272.8925,-7.6464,340.6946,46.5009,466.2690,54.5682,370.8893,65.0784,309.5095,-20.8134,476.6926,23.2454,461.7846,55.4141,337.8817,68.2138,377.1251,113.0769,445.0766
292.8052,-0.0726,371.1831,37.9448,465.3778,41.2565,327.2622,30.6319,237.5839,-45.1586,468.6347,43.0487,434.9585,52.8332,302.0590,42.5334,370.8264,92.9254,390.6886
284.6942,10.5622,341.2886,37.8203,397.0623,40.1727,307.5625,-9.6633,256.7896,-77.8916,429.1160,67.2416,384.2008,62.2395,300.9752,-17.2804,366.8822,79.9509,366.7937
222.3908,23.3591,295.5927,47.4490,344.6089,52.4616,314.9174,18.2331,339.3350,-24.1054,379.8892,59.1535,349.9498,73.4594,316.3994,-6.9641,340.9529,67.9671,386.0468
138.5251,13.1739,267.4646,45.4913,324.0434,56.0938,307.5022,67.3667,399.8402,96.5262,337.6776,51.1158,334.5984,75.3736,284.5573,53.1193,292.6752,30.7015,402.7728
102.5351,-24.3494,236.4718,10.0857,286.7277,34.8079,273.8098,71.2316,416.6885,156.8185,312.9907,54.4506,295.0387,68.6665,225.1724,64.7488,239.5033,-4.1967,390.4734
152.9647,-42.4339,187.1885,-24.9181,231.1824,-5.8529,262.3611,58.4414,443.9279,177.1618,283.4510,51.7008,236.0217,55.7031,216.1303,42.8927,194.7989,-5.2273,347.5793
219.9209,-12.6016,141.3050,-5.9111,192.2760,-19.8981,276.8728,52.1336,480.6173,222.8547,224.1772,56.4242,204.1008,45.9870,238.7871,63.2749,185.1084,18.8588,281.0093
197.4415,31.0605,121.9058,51.8647,168.3445,29.6098,239.6589,30.3623,463.4789,241.3355,164.5331,73.0262,189.3295,53.7496,219.8812,91.3241,217.9386,53.2564,218.9398
136.5820,57.9932,120.7999,90.8915,143.0512,92.5257,144.0325,19.3208,390.1241,239.2796,142.7263,74.6436,146.3596,75.0441,161.7680,69.0944,243.5107,83.9004,197.5287
145.1998,69.8160,113.5907,91.3445,124.9256,100.0887,95.0446,56.3340,313.9280,276.7769,139.6524,61.0144,90.1452,88.1560,115.2084,51.5287,222.9467,94.4835,223.5475
147.0821,67.5105,92.6388,75.6975,124.4024,79.1448,124.8394,111.0643,257.2617,291.2346,120.5714,58.3438,67.2510,81.6250,97.3506,90.1845,187.1815,101.7156,271.9159
61.8495,66.3009,64.1623,75.3354,137.8470,85.1278,151.4311,147.9821,219.5551,260.1100,84.4304,75.0730,69.1321,65.6912,71.7206,133.3868,168.5591,131.3053,305.2304
17.2605,88.2588,28.5912,99.8750,150.8918,101.6350,143.9178,163.0909,196.1289,285.6017,39.2124,91.0083,58.0085,55.2424,-4.9969,132.0090,144.1437,153.5937,287.8249
72.9125,107.5083,-7.7779,124.5270,138.3197,100.8222,136.5491,147.0281,172.4119,351.3696,-12.9985,69.4795,36.4261,49.6117,-87.0122,100.1713,93.2728,128.3537,219.2738
81.2508,89.0626,-35.3923,126.7241,100.3021,93.9255,121.4637,113.6935,164.6352,358.0900,-65.0545,11.1354,26.9699,37.3573,-75.2324,63.0587,39.4576,86.4068,151.0001
-5.6282,56.1140,-67.5146,109.6758,76.1145,79.9873,87.5070,99.0777,192.4348,319.9917,-110.8693,-25.4760,20.0894,21.8302,4.3701,40.4901,-0.2138,79.0911,119.2841
-87.8687,40.7184,-107.5691,80.5865,71.1276,55.8758,74.3447,91.5599,202.6458,251.0831,-142.6707,-24.1581,-8.2996,19.9834,29.7578,35.1104,-35.0613,92.0016,101.4154
-136.6058,37.1074,-121.0082,57.6591,46.5819,53.2602,97.1125,70.9652,160.6849,147.4747,-151.8222,-41.2103,-48.0113,26.0642,-6.7591,18.2610,-51.0089,84.7610,89.9924
-154.5406,37.5785,-100.1051,65.2607,14.5367,77.3326,116.5822,71.9939,131.7870,122.4447,-155.8327,-78.6176,-63.1886,13.7896,-30.8116,-10.4024,-25.8294,64.2286,112.5596
-130.8415,40.1278,-85.7625,78.4713,18.7896,82.7161,103.7614,110.1334,134.5210,210.4603,-177.2083,-71.3702,-44.4381,-8.6343,-47.6204,-5.6028,10.3298,53.5382,145.3975
-130.9751,37.9716,-95.8158,52.5973,26.7846,53.1500,71.5424,146.4748,106.6380,269.3353,-191.3218,-14.0761,-20.3269,1.6888,-70.8593,38.2018,17.5531,37.8330,146.1955
-171.4052,36.0355,-117.6440,6.5490,-18.7379,14.1838,53.8868,165.3496,73.5688,281.6580,-164.0472,41.4905,-18.4434,44.2500,-50.0370,75.5227,5.9970,0.6687,145.1594
-153.1006,31.4886,-145.3153,-19.4125,-86.9216,-18.8512,54.6652,174.6343,87.9034,318.6025,-113.3852,71.1203,-39.3040,61.6446,-0.8632,84.9530,-7.6896,-26.0002,165.8411
-85.9527,10.8913,-156.1564,-25.0228,-115.5933,-28.6084,29.9355,163.4684,75.7597,268.7663,-72.4005,74.3984,-61.9586,32.1226,-4.8497,75.5634,-13.9991,-7.6572,163.0361
-68.7928,6.9394,-125.2604,-2.8979,-105.0394,5.5984,-27.8061,136.3236,0.1275,87.7452,-48.0142,65.2792,-63.1693,5.3954,-45.3138,57.0877,20.4881,28.8322,127.9858
-68.7756,61.7356,-80.4454,53.7215,-85.7899,53.3703,-61.1166,115.1311,-34.4870,-4.3628,-45.8552,75.0946,-45.8202,18.2032,-46.6453,44.2300,78.0216,33.4369,92.8538
-36.0173,125.3201,-61.2768,90.2564,-75.3453,60.8411,-61.5516,101.4010,-6.7236,69.7697,-67.7720,102.0405,-40.3407,44.0035,-27.0256,43.2161,69.6929,4.1301,44.8251
-23.1706,118.0144,-72.0667,65.6111,-82.7137,36.3822,-75.7456,96.1021,-9.3434,110.6281,-90.1296,115.1173,-56.9503,50.7212,-48.7053,43.2239,0.4062,-25.5229,-6.6945
-30.5442,66.3673,-105.1561,32.5253,-96.1439,31.4567,-95.0456,91.1742,-43.5337,38.2687,-94.2585,116.4724,-70.5945,48.6454,-104.3473,41.3026,-18.2273,-33.2744,-15.4431
-28.7804,58.9382,-123.9036,50.5349,-91.6391,61.6345,-104.5590,42.0386,-75.4480,-47.2260,-86.8801,122.9143,-72.7075,65.2268,-149.5450,30.1823,36.0036,-16.4593,-23.2980
-47.9326,107.0759,-86.3808,100.7433,-73.4655,97.9014,-146.2278,-48.7271,-146.8294,-115.1430,-79.5520,130.1610,-80.8298,102.2512,-163.9378,-8.8426,94.6188,7.4911,-81.1247
-35.7724,134.5627,-43.2194,119.8706,-65.9864,102.7353,-200.6125,-101.3222,-231.9140,-175.8998,-86.7192,130.4471,-89.8596,114.2443,-151.7351,-49.5824,125.8245,10.3362,-120.6086
62.8835,91.6889,-60.2937,69.9493,-75.5336,62.3399,-191.2874,-94.4386,-233.0577,-187.6458,-114.5454,104.1951,-77.7292,49.6335,-135.6073,-39.0168,103.7433,-1.5377,-105.2631
104.2872,27.5964,-87.6050,-3.8317,-83.0325,7.5962,-141.9365,-83.9638,-165.2618,-138.1463,-135.2048,37.7098,-48.9530,-54.0268,-132.9916,1.8532,26.3514,14.2509,-86.2872
12.3122,11.0536,-85.6979,-15.6559,-60.2602,-18.1665,-114.1932,-73.6902,-111.8422,-67.9024,-126.1507,-22.0930,-27.1067,-89.6582,-130.1380,6.5773,-5.3691,61.7629,-43.6405
-44.0469,24.3333,-103.4133,22.8011,-9.1069,-13.3658,-87.6134,-41.0840,-102.1849,-24.5514,-104.1200,-35.4807,-28.2423,-44.5396,-117.7236,-22.4912,52.5452,91.0734,27.5840
-20.7579,23.8683,-111.4756,29.6548,18.3576,0.1064,-71.9299,-22.9223,-148.3879,-40.4790,-69.0759,-40.1050,-49.7532,-19.5272,-119.4122,-39.3779,94.9417,77.8377,22.1249
-45.9998,33.6641,-54.1905,17.9461,-10.8520,20.3264,-122.0165,-32.8428,-208.0977,-84.0948,-1.9488,-43.4155,-61.5878,-43.5611,-140.6990,-39.8226,100.8551,49.0523,-28.2858
-64.4433,65.4685,-33.6506,43.1050,-55.8302,41.4057,-174.4375,-26.4534,-173.3785,-93.0503,51.6978,-0.4220,-44.3807,-41.6503,-142.7981,-37.5255,136.5895,23.2122,16.0822
9.5424,61.4591,-105.8884,56.3605,-77.2887,35.3766,-139.0225,-12.0400,-78.0539,-80.3899,22.0255,43.6316,-38.6270,-5.2489,-108.6685,-27.8198,108.3764,-7.3533,47.8352
32.8540,11.9874,-121.5370,10.9308,-94.5385,2.0279,-85.2422,-32.5964,-78.3493,-88.1145,-59.2445,12.6343,-80.4570,-0.0320,-76.6315,-16.1563,-63.8313,-38.2486,-93.9632
