Fp1,Fp2,F3,F4,C3,C4,P3,P4,O1,O2,F7,F8,T7,T8,P7,P8,Fz,Cz,Pz
29.2005,-33.1453,10.1630,-8.0394,34.5859,13.9819,-41.3190,3.5341,56.8935,-2.8414,-17.0584,-56.6948,-36.9540,-55.6729,16.6061,-54.5560,3.0529,-23.8943,78.5617
53.4784,42.7940,33.8247,44.6831,87.5460,34.1896,-160.1212,-95.4726,70.7370,-134.7565,-54.4111,5.8726,-43.3753,-5.3497,-53.2500,-90.4549,110.0352,4.8051,-42.7339
-5.2462,53.0109,4.8099,52.7152,13.5055,49.0134,-85.8612,-83.2497,18.4456,-108.0163,-72.0810,52.8078,-40.6613,56.5423,-23.1896,20.1999,44.8937,46.2214,-90.8480
-76.7411,-4.6033,-44.3464,30.7815,-77.4482,49.6464,68.6010,-16.4365,-26.0516,13.5343,-62.3813,51.8225,-17.5333,70.8974,34.7697,101.5694,-91.5183,73.9214,-49.1678
-88.2615,-43.2651,-74.9705,11.9854,-74.4111,23.0927,71.1565,-36.2671,29.2308,40.4962,-49.0459,23.1727,2.9705,35.8599,29.3225,45.9047,-112.2035,53.7385,-35.7131
-73.3329,-33.0863,-70.2922,-13.2441,-70.2547,-18.3279,7.2036,-85.9884,79.2607,30.6962,-40.4275,-10.7785,-2.3467,-6.3627,28.9086,26.3365,-92.6636,6.5545,-70.9572
-62.0583,-9.1165,-47.6447,-33.2083,-101.1027,-32.2339,15.1939,-74.3305,58.8152,50.2246,-60.2061,-30.1267,-31.0363,-24.4085,71.7105,91.2128,-102.7891,-16.3811,-62.4457
-42.2904,-9.0466,-44.5418,-25.9966,-77.2304,-18.6735,28.5736,-43.7183,74.0107,32.5342,-107.3323,-30.4513,-54.4935,-17.7323,90.2063,96.6599,-79.6850,-14.3931,-0.5808
-30.9010,-49.3285,-65.0366,-24.2700,-29.6549,-26.3296,9.6679,-17.2665,126.7979,16.4274,-92.5996,-40.3144,-45.3517,-9.9457,70.8669,45.5643,-60.2770,-21.5707,37.8201
-36.0604,-98.0898,-70.5706,-43.7997,-35.3505,-50.7861,-3.0450,21.6810,112.5436,45.0453,17.4545,-68.0108,-17.6990,-19.4647,48.7751,18.8479,-98.0138,-35.5317,30.3172
-24.4532,-109.3278,-40.9490,-40.4322,-34.6675,-35.5331,-25.0011,36.1479,62.9677,24.7890,101.3056,-86.3333,-2.5674,-33.4653,30.7029,-7.8855,-123.4754,-29.8393,12.6740
0.8591,-99.0701,-5.1874,-14.2131,7.9843,13.5980,-33.7031,30.0930,50.1488,-29.3551,87.7837,-91.3986,5.8725,-32.7140,32.2785,-28.8046,-116.8121,-11.9172,10.7255
6.5082,-95.2945,7.8014,-9.7494,24.5618,40.3945,3.5159,48.3007,42.6672,-17.5022,61.9921,-86.5335,21.8139,-23.4260,50.4441,-11.5653,-118.9410,-8.7208,25.4965
4.7505,-68.9768,12.7833,-14.0566,10.8304,39.0370,11.0846,47.4192,26.4017,-4.4659,68.0454,-49.5041,30.9201,-18.2202,38.5185,-15.1656,-99.3443,-16.2886,31.7802
15.8781,-16.9323,27.1275,-2.1831,6.8961,31.4741,-27.0868,2.8048,21.9726,-42.2942,57.2987,-0.5822,28.1106,-16.7621,4.5792,-50.8754,-52.6799,-15.5881,11.4171
20.0820,4.8969,29.8091,-0.1629,-2.3543,13.7044,-33.3585,-3.4302,8.5539,-41.4827,44.0600,-1.2285,21.9756,-22.4536,-9.2288,-55.7546,-27.6700,-10.3719,-4.6338
12.3792,-6.5424,18.4079,-6.5343,-6.2608,-5.6325,-46.7645,31.9700,-9.7567,-17.4898,72.7017,-42.0409,5.4611,-41.7880,-25.5356,-60.7641,-11.2951,-6.6645,4.0885
18.8005,-2.4897,32.5059,6.4770,22.4541,-9.8689,-98.6241,28.2816,-13.1276,-41.8569,99.6342,-60.6797,-9.8599,-58.8766,-48.8502,-87.6511,5.8722,-0.0764,1.8069
38.6429,12.2543,59.4808,10.4098,34.8709,-16.5947,-84.1087,13.6209,-23.9482,-47.9069,76.8265,-49.5418,-1.3951,-45.9328,-30.1028,-55.0998,-0.5077,-3.2585,-19.5143
48.2825,12.7422,45.6422,-8.7054,9.9838,-24.2877,-38.1334,28.9046,-21.3290,-26.6771,32.3405,-32.7921,-0.9447,-10.1658,-0.4452,4.2683,13.8015,-19.8007,-24.1970
46.7893,20.2168,24.1191,1.4201,7.3986,-1.5203,-85.4311,0.5444,15.5819,-61.0351,-4.0156,-16.3368,-31.9495,1.2149,-20.4823,-23.2665,57.7551,-13.0985,-25.8725
43.1432,36.6917,48.7769,28.4440,16.5949,18.4634,-106.0418,-62.7193,5.4153,-61.2222,-27.9824,-18.6512,-38.1595,-31.3572,-36.6204,-66.7909,41.7754,16.6537,-48.1989
30.8948,22.4052,54.3041,-6.7123,-24.5710,-20.5660,5.4787,-36.3504,-42.9463,72.1300,-28.0370,-43.1401,-1.1987,-60.6550,0.2830,-19.7633,-12.5976,0.4406,-38.4644
7.5695,-16.7851,-13.5386,-78.3100,-76.2794,-74.4010,67.8417,51.7514,12.6910,189.8655,-22.1818,-44.3575,9.5476,-47.6497,30.2818,30.5281,-1.4217,-68.1074,29.4016
-13.1913,-31.2692,-65.2925,-88.1674,-67.0498,-77.2618,20.2184,56.3032,123.9291,180.9848,-56.7324,-22.8545,-15.6076,-32.0659,28.2912,13.3383,26.3733,-93.1335,75.5539
-21.7368,-12.6162,-35.7451,-40.4449,-19.8857,-56.4414,34.3216,-9.1578,104.4820,150.7775,-110.0190,-41.4691,-15.2400,-61.2896,35.2550,-1.2749,-5.4166,-41.0358,54.5275
-20.7621,6.6930,8.8295,-6.8308,11.7521,-43.3907,88.8511,-29.8328,-4.1772,139.1356,-96.0163,-85.8134,8.5076,-101.2962,33.1569,-4.7369,-28.0898,9.4625,24.7533
-16.5468,6.2978,17.9034,3.1662,16.8785,-17.2286,61.0326,-2.0436,-58.5992,87.7862,-9.4365,-81.7699,17.9593,-93.2748,-4.2068,-37.1904,-10.4817,22.1317,18.3738
-14.0042,-6.9685,13.6508,16.8804,12.4566,6.7040,44.1481,14.6506,-79.9263,36.3733,37.0659,-45.3435,19.9862,-45.8579,-24.1829,-39.7827,-14.3336,39.6887,7.1692
-8.1687,-8.5124,11.4548,31.6892,25.7034,-2.9629,94.2441,8.8466,-94.2999,21.2256,-17.1471,-30.1649,13.9107,-6.2361,5.0836,21.5738,-22.2804,60.5035,0.3778
8.3322,9.8881,18.6033,33.0723,54.4901,-10.3604,91.9185,-1.7116,-64.0908,-6.6487,-76.8573,-16.8834,-12.3390,12.0876,42.0197,77.0708,0.8829,43.3882,21.9131
16.2456,13.9389,33.5307,21.1297,63.5722,12.4727,43.5114,14.0904,-40.9457,-24.5807,-46.9772,-2.3730,-27.2746,23.2329,57.2402,104.1647,4.9095,9.8884,39.3187
-6.6603,-20.7914,24.0374,7.2812,59.0667,23.4468,43.9266,76.5518,-54.8473,25.0203,19.8997,-32.3739,-12.7263,28.3160,54.2991,126.0522,-21.3815,5.5254,35.5161
-32.8217,-57.4263,-2.9093,4.9018,70.8419,8.7900,52.0784,134.5502,-31.2086,79.7768,38.6486,-69.6490,-0.2403,22.6685,39.8941,111.3693,-37.0182,16.8014,50.9897
-27.2666,-51.9159,2.1937,13.8712,73.7941,9.2025,35.2138,120.5065,8.9020,63.5400,25.7383,-36.1170,3.7211,19.6526,30.1412,62.6030,-51.2103,17.6519,78.7899
-11.2069,-14.6806,23.6205,20.8786,48.6043,25.1864,40.1700,58.0569,-16.8454,11.7873,22.0010,26.9722,15.0149,29.9564,26.7177,45.2430,-51.8760,16.7807,59.0295
-6.4120,14.2255,16.9605,22.6654,35.5354,30.1662,33.4427,16.3946,-58.5663,-21.8294,18.4283,34.9176,13.1544,38.3038,4.0995,47.3412,7.0286,21.3771,4.3339
11.8533,11.3052,10.3712,28.9460,42.0325,38.1954,-18.3677,4.3157,-69.4819,-41.8395,17.8028,3.9805,-12.2683,32.9012,-36.2039,8.8378,73.6210,31.9576,-27.5190
43.4498,-4.6713,29.1387,42.2034,32.3334,53.3963,-45.8583,-17.5617,-114.2809,-76.1447,47.4450,-11.7767,-24.8246,24.7678,-68.0199,-45.7235,80.8374,55.3400,-51.6985
44.4193,16.5149,38.7110,57.3558,21.0535,45.1887,-34.2556,-66.7807,-188.3569,-136.6669,96.9215,3.5651,-4.1417,18.0016,-96.0731,-73.8891,81.5095,78.5665,-97.4799
14.4692,81.8305,38.9820,74.9596,38.1165,31.2028,-33.4837,-118.7194,-219.1874,-193.8866,129.0193,57.1731,32.8839,11.0806,-127.9472,-94.8593,109.5097,85.2083,-125.3838
3.2803,124.5438,59.5167,88.6291,56.9658,52.9118,-27.5146,-138.6431,-221.1719,-210.2556,137.1783,122.1561,65.9914,18.0258,-137.3659,-110.8225,110.0428,83.1463,-114.4189
24.2341,100.9614,74.4330,75.8169,53.1832,72.6404,-14.8061,-120.9963,-216.7428,-194.3329,143.4366,126.2426,71.0958,32.7121,-113.4802,-92.5453,87.0421,65.3295,-100.7412
41.6456,50.0864,58.4267,39.0683,46.3578,45.8192,-42.1588,-84.9224,-167.8237,-158.2536,147.2499,65.1257,37.9691,24.6758,-81.9310,-57.0932,81.6296,23.5862,-83.9579
38.3114,19.7955,44.1861,23.3895,53.8375,24.4342,-68.8524,-50.3131,-87.5235,-100.4571,110.7260,28.1658,8.3604,6.8633,-61.2309,-51.7044,66.1838,2.9919,-38.7704
38.7782,16.7782,50.7542,42.7204,70.9859,44.5453,-34.3264,-40.4572,-31.8003,-70.5647,32.9383,55.3663,27.0396,16.2039,-49.7389,-80.7348,33.6224,23.3691,-1.4451
55.2109,31.1969,56.6885,48.2282,76.3572,44.8360,-0.4182,-62.4403,-9.6490,-106.0660,-8.1483,83.4333,61.7310,31.7910,-38.5126,-94.7665,26.5214,23.0532,-15.1862
59.5954,37.0183,48.0317,18.0797,48.8262,4.6557,-26.6104,-77.9820,-7.5097,-136.0525,24.2084,58.0263,46.8923,18.7850,-18.2075,-55.0373,29.2858,-15.7807,-44.4000
42.5998,9.0297,25.2239,-7.4334,11.6546,-11.4890,-58.1761,-55.3035,-5.2534,-102.4513,49.8531,9.0554,-4.3190,3.3627,1.1673,-6.1458,15.7256,-33.0403,-37.8512
36.8206,-22.3758,1.0660,-9.6993,4.6441,4.8817,-46.6611,-19.9200,21.4702,-64.3597,22.9429,-4.4841,-13.9803,12.9626,-0.8369,-17.7228,18.0216,-23.4979,-11.4018
44.9300,-11.1051,-2.2138,-13.1519,10.9644,-0.3908,-15.6912,-3.6533,45.8795,-72.5826,14.1895,21.0062,35.4081,21.2033,-11.6730,-58.2295,27.1804,-31.7055,-5.8212
33.9485,20.8806,7.9364,-22.4763,-1.2268,-24.2647,9.9353,-5.7710,34.5839,-91.9228,49.9297,42.7728,81.0787,10.9717,-5.1595,-56.0441,-0.1624,-47.7425,-20.8775
13.1005,29.5124,5.9349,-21.7070,-13.4462,-26.4125,24.9268,-19.8381,20.5798,-87.0941,59.6101,49.6718,89.5044,8.0890,3.2185,-35.5408,-25.8107,-43.2140,-35.9848
10.8209,22.7727,-2.8043,-12.9176,-10.9909,-14.1711,26.3786,-35.2043,20.9636,-63.7441,33.4410,57.9286,84.5993,19.6619,-13.0659,-46.8968,-6.4219,-27.7407,-47.7358
6.4202,17.6592,-9.6936,-7.4472,-14.1626,-16.7488,21.3606,-37.1417,8.3170,-40.2270,31.2431,47.6010,76.2766,11.5714,-35.5116,-68.8989,9.6278,-12.5153,-51.9823
-18.1459,5.7068,-25.4224,-8.0468,-21.8388,-33.2889,21.0391,-30.9660,5.6278,-25.0225,43.3962,4.6497,61.4459,-24.2558,-33.9210,-75.5499,-12.9989,-1.7022,-38.8663
-32.8967,-4.0463,-36.5595,-10.1660,-18.3506,-40.7342,28.5131,-20.2027,35.7593,-4.4825,20.0250,-20.1189,56.2788,-39.0870,-17.0854,-67.1371,-34.0348,-1.0985,-23.8358
-23.5929,7.8166,-24.0259,-5.9053,-13.3659,-21.3093,35.3185,5.1312,47.8127,24.5515,-23.1652,7.7791,55.4354,-5.0984,-9.3950,-36.4628,-19.5251,0.0830,-21.9175
-11.1547,24.1028,-10.7424,-1.2508,-13.7041,11.5346,28.8283,26.9370,36.8823,44.4666,-54.1754,47.1548,33.4446,34.4522,-7.7609,0.9295,17.2053,0.5544,-8.6747
-5.6077,14.0932,-18.9431,-16.1842,-18.2246,20.9787,15.4227,26.7550,69.5187,75.5261,-84.0836,59.2251,2.3952,45.1398,10.7278,28.1210,34.4682,-23.7086,23.0235
-8.3247,-19.0851,-34.1274,-45.4050,-40.9099,2.9406,9.1230,39.4093,131.0540,144.8067,-112.7106,51.6640,-17.9957,57.3091,46.7023,78.1874,4.4035,-56.8389,32.1489
-17.0300,-40.2559,-39.2755,-57.8075,-72.7395,-4.7325,2.1913,85.8623,147.0686,206.1018,-121.3658,51.6112,-37.3494,94.6895,66.0370,147.3041,-26.9777,-59.7466,14.7110
-11.2719,-20.0334,-29.9249,-51.7048,-78.2266,8.3369,-4.2250,123.2569,130.1092,219.6244,-129.3023,89.8965,-45.0571,134.3569,53.5831,173.3905,3.4517,-53.0378,16.3379
5.5241,20.4156,-16.7948,-59.0030,-66.9057,3.1162,10.9205,128.4408,143.1725,230.4457,-160.5447,148.5607,-26.5335,157.2410,53.0776,182.5609,50.0023,-78.8452,35.9598
-8.2983,29.6940,-27.7269,-84.6442,-79.0079,-35.5773,28.5716,125.1930,188.0789,265.0000,-188.4608,155.2177,-21.6976,159.8807,93.7848,244.2900,28.8109,-115.4156,34.4289
-49.5973,16.4206,-54.9042,-91.3285,-104.5780,-60.4716,13.1089,113.4490,216.0204,277.5100,-192.1997,116.2097,-50.1996,140.3023,120.9287,289.2282,-22.8718,-112.8728,18.0912
-61.8193,41.6024,-46.8719,-55.1711,-102.1843,-34.5919,-8.5819,83.0184,194.7430,241.7297,-204.0984,125.4224,-62.7114,119.4139,87.1405,229.9797,-18.8817,-67.0096,18.6689
-41.3364,100.6697,-1.9437,-1.0125,-64.2053,6.2423,-4.7166,63.3455,150.5279,188.6275,-241.0643,181.4910,-51.3485,118.9296,43.9318,154.7072,19.8827,-14.6400,41.7344
-40.2620,129.0191,24.8019,33.0173,-15.0403,15.0468,-4.1278,69.8367,133.0235,162.5705,-266.8155,191.4399,-63.5694,115.7273,44.0444,158.8717,28.3011,13.9103,75.1766
-60.4615,124.0167,21.6544,44.2809,16.9189,7.5380,-17.4984,65.1819,127.6578,166.3336,-263.6120,150.1601,-87.6355,85.4166,49.1289,170.6814,24.9162,26.0534,91.8138
-56.7868,130.3856,22.9534,55.4745,25.7371,14.0322,-13.6082,32.8335,89.6353,144.4273,-259.8793,118.7743,-82.7871,54.8629,26.0032,128.6554,51.1243,45.5873,68.3978
-27.1259,136.5218,36.0768,67.1876,36.4761,17.8765,0.3965,14.1288,48.8352,88.6941,-261.8385,102.6522,-69.8350,54.6589,14.3270,104.7725,76.0901,61.7635,36.0507
-7.6265,112.0136,43.3607,57.5076,52.7429,3.3316,-7.7969,33.5815,50.4350,88.2204,-238.8676,87.5215,-75.0118,66.0228,25.9478,127.9437,72.3511,45.6670,40.2441
-8.2861,89.5497,40.3029,31.2537,39.6135,-2.6224,-35.9613,58.0135,56.0546,152.7391,-187.5020,79.4889,-81.6438,49.9150,9.9164,110.9787,80.9824,15.6117,63.5946
-16.2570,103.0764,34.7954,24.1784,2.6193,18.0909,-59.6223,60.5672,25.0833,166.1988,-140.8955,71.8264,-79.4937,5.5389,-39.4953,24.9307,112.3713,18.3272,75.7194
-27.5499,116.0027,29.3047,43.1951,-8.4574,44.4118,-52.2816,58.7561,-6.3787,113.2357,-118.2560,66.8451,-70.5716,-23.0182,-66.5363,-45.5073,111.4109,49.8668,94.0555
-38.0288,90.0705,15.2603,51.3593,1.8089,51.4381,-17.8158,61.6469,-1.0553,91.8404,-111.1615,71.7234,-57.5319,-15.0460,-53.6421,-51.2414,73.6832,62.9183,119.2890
-38.7323,51.1407,-6.4408,33.8801,-9.7161,33.2361,-14.6338,50.0703,25.5922,98.6100,-103.0650,55.0478,-60.3783,-7.1961,-35.1192,-32.2646,47.1704,46.6331,106.9237
-35.4735,32.0270,-13.0245,24.2230,-26.3379,8.0847,-57.7938,27.4715,42.2413,71.9214,-79.6636,13.8059,-70.6410,-13.3158,-31.3514,-21.2763,24.7195,38.7557,46.1880
-39.3817,25.1279,1.6042,40.1252,-9.9175,6.3773,-73.8449,12.1921,29.0575,35.7094,-39.3846,3.3009,-41.1318,-0.5781,-40.1522,-17.7196,-12.8354,56.6999,-23.0470
-40.5328,24.6456,14.6893,56.1653,15.8610,24.4916,-52.3904,-10.7440,-9.7697,7.2227,1.1308,17.0054,8.8338,13.1979,-58.8378,-35.3780,-22.5661,73.6939,-70.4628
-24.3421,37.5548,24.2843,59.4148,18.7083,32.8832,-66.4272,-46.3606,-50.2791,-44.4681,23.7721,-5.5480,5.4874,-14.5775,-74.2313,-68.5895,8.0519,75.7804,-89.3712
-0.8059,40.5059,42.0818,63.6995,18.8778,40.8185,-101.4587,-49.3135,-78.6211,-88.9442,28.1536,-44.1162,-40.4764,-36.7425,-66.5005,-63.9338,23.7897,79.2910,-78.9372
11.5411,6.2755,49.5840,66.0198,35.6763,68.5802,-93.5653,-4.4486,-84.5098,-81.5327,28.1159,-50.1538,-63.6868,-4.6861,-38.4944,-14.0324,7.5918,82.0079,-45.5015
9.5680,-35.7763,34.8897,57.2205,48.6951,85.7958,-72.0429,34.2664,-58.1675,-57.2268,30.1233,-49.3601,-63.0433,19.9923,-15.9024,9.8479,-12.5056,72.0263,-5.6220
-2.1521,-40.2621,18.4407,50.1805,41.1505,73.7653,-65.3281,32.3763,-33.8012,-54.8114,29.6725,-59.0206,-57.1273,-2.9978,-15.3455,-17.7777,-23.4329,65.9138,15.2886
-14.4318,-15.1588,5.4773,41.5388,21.7667,63.8396,-34.0750,9.6489,-50.6937,-65.7660,34.1024,-49.6278,-29.8779,-19.8145,-22.3435,-35.8565,-9.5330,59.5793,2.4429
-11.7950,5.3826,-11.3217,7.4847,-1.1949,50.8756,5.9867,-15.7521,-66.5359,-78.5526,50.5281,-32.2502,5.2703,-18.9558,-10.9687,-17.5579,25.6210,15.8883,-19.8318
2.8671,7.0631,-22.9944,-30.9382,-23.8498,5.3688,11.9441,-38.5356,-31.5330,-81.2092,53.1769,-34.8557,16.2123,-35.1286,11.3470,-11.5043,29.6048,-37.2103,-21.1527
4.2042,-9.6327,-33.8646,-31.8123,-34.1975,-34.2458,24.5408,-50.6367,5.1187,-68.1275,31.5102,-36.6613,23.5823,-44.4382,11.6589,-41.1173,-4.5427,-32.5661,-15.9432
-11.7042,-29.2743,-50.3067,-17.9474,-27.0273,-34.2930,64.7897,-48.4096,-7.4292,-54.3330,33.8556,-24.8031,48.6412,-27.4887,-2.7100,-56.2387,-21.8418,-4.4474,-21.3806
-16.5397,-34.2697,-43.6422,-31.1935,-14.7382,-38.7825,77.1145,-22.8418,-26.3352,-35.9608,72.1307,-28.2648,59.3381,-19.5188,13.7964,-9.5450,-28.5033,-24.3189,-17.9002
2.4274,-40.6387,-9.4023,-43.7527,-3.9750,-53.8870,62.4739,26.4063,-21.1126,-12.6878,78.6744,-64.6652,42.8974,-22.1234,54.5091,55.8797,-60.4474,-45.7436,-10.2077
24.8819,-60.6756,12.3004,-14.4176,15.3895,-26.3546,61.5888,54.1793,-34.4939,-27.1009,40.6620,-115.1351,31.8450,-18.0977,54.5857,45.8946,-75.6747,0.6527,-31.0841
33.4251,-54.7687,26.8679,34.9569,44.4371,24.7112,47.0205,28.1150,-78.6080,-69.4263,20.7764,-131.7937,29.0676,-28.7877,4.1012,-33.3577,-44.9775,67.1707,-55.8057
34.4836,-8.5878,65.2442,64.3051,66.1684,45.1873,4.3428,-5.7139,-106.0502,-64.7403,15.4663,-85.6931,7.5539,-39.8492,-28.1129,-61.3306,-17.5860,86.6179,-40.4605
44.7377,12.2290,92.4494,61.0812,71.6254,51.7549,-17.3071,-9.5607,-99.1268,-30.2519,-6.3487,-36.0333,-19.1305,-10.9544,-8.7272,-0.9735,-8.9132,65.7360,-24.6519
68.9695,-30.9317,71.8483,24.1750,64.2575,50.3408,-13.0948,-22.2289,-87.2511,-53.1412,22.7195,-55.8753,-10.4243,15.8649,18.3491,39.8402,3.1313,19.1333,-59.9982
87.6809,-87.2424,35.4966,-30.9207,39.7923,4.1277,-16.3607,-63.4173,-90.9975,-122.0403,150.0506,-105.7990,34.1814,-10.1004,17.3858,2.4998,-5.7879,-44.5740,-110.3153
79.8940,-107.6745,8.8131,-68.5276,-1.6737,-54.1686,-13.1881,-92.4975,-109.1827,-173.8218,281.7901,-116.2254,83.6712,-44.6841,-1.1720,-52.1293,-40.4856,-83.7517,-138.1836
59.2523,-93.7176,-15.1944,-72.4975,-34.2500,-66.3196,13.2284,-102.8531,-131.7360,-212.5235,321.7339,-101.1062,123.5504,-46.0360,-22.1503,-82.7711,-46.4768,-77.4058,-169.6550
52.1670,-61.7202,-28.4323,-60.7850,-38.9577,-59.2388,45.8497,-132.0306,-136.0300,-247.6215,276.1936,-81.1023,148.2669,-34.0733,-29.0144,-91.0658,-20.2426,-60.8056,-204.3860
46.9063,-39.3008,-38.5637,-56.9945,-41.6117,-66.8655,78.5129,-178.7732,-106.6370,-248.0311,195.4698,-49.0008,146.4823,-21.6300,-4.1582,-63.8918,-16.4025,-61.4016,-207.8345
19.2368,-47.9660,-68.4892,-62.5967,-64.5470,-73.6563,101.7744,-205.8383,-73.2649,-213.8902,150.1182,-34.4389,133.0578,-17.5831,16.8620,-39.1436,-39.5528,-61.2649,-197.8141
-5.8344,-60.1656,-82.9989,-47.6440,-66.4583,-79.7844,95.9357,-199.9033,-87.2214,-191.1700,179.6807,-41.6610,140.1363,-30.9577,-23.2469,-88.0043,-48.9366,-29.8444,-200.8226
12.0944,-44.9737,-40.8352,6.4030,-6.3280,-71.6214,81.8254,-177.4104,-142.3295,-214.5455,207.0233,-14.1504,153.2061,-21.7348,-85.0262,-157.9995,-30.1163,29.1678,-184.1695
52.6786,-29.8992,13.1081,55.6983,67.6050,-11.3444,85.4673,-157.4899,-171.0938,-260.4345,160.0522,31.7635,134.2480,24.3244,-78.6901,-143.2873,-6.5280,66.0560,-134.1517
63.2975,-41.8715,26.1125,54.3088,84.6829,51.7572,86.3981,-143.1403,-144.5635,-251.7569,108.3268,25.3277,102.5597,34.8000,-29.6046,-95.1708,-10.7587,53.6355,-89.4751
38.6105,-49.2713,18.2728,32.9090,58.7702,44.6968,71.7361,-124.2917,-106.8443,-163.0250,109.3420,0.8983,92.8395,-12.7746,-28.5103,-117.9603,-33.7251,34.5231,-53.1413
12.8433,-30.3596,14.3359,27.6683,36.6497,18.1952,53.3355,-103.4594,-88.3740,-77.6640,106.4273,13.3157,77.8601,-48.8068,-55.6621,-155.3741,-31.3463,33.6155,-6.6359
2.8830,-27.5757,1.3948,8.6242,11.4571,21.1815,28.2839,-91.3459,-69.2357,-48.3263,90.4438,0.3437,35.0562,-59.0154,-37.5445,-120.3032,-16.8980,11.9543,18.0813
0.4056,-75.4243,-26.9837,-40.4120,-32.2093,-4.6541,11.2065,-74.6363,-36.6298,-12.6260,113.3789,-71.6216,6.2656,-81.7803,2.9625,-72.4108,-43.9287,-34.4569,9.3692
-5.1062,-131.9356,-60.3057,-82.5637,-74.0496,-57.4649,31.7124,-39.5872,-0.5472,64.2275,137.6596,-114.8863,11.7776,-98.2968,16.5794,-71.4441,-85.0903,-64.6146,19.7753
-13.7158,-137.0692,-87.6010,-105.9237,-102.2036,-66.1721,58.5263,-13.0087,38.7935,119.1073,102.1576,-94.2594,11.0533,-85.9860,28.6320,-58.6290,-74.9261,-86.8496,54.0894
-14.8999,-101.3970,-98.7102,-123.8487,-117.1688,-65.0893,46.4055,-20.4843,86.2413,118.1894,36.7329,-76.8736,-11.6742,-75.6229,58.7324,-8.4600,-36.6954,-120.0800,59.0328
-7.9670,-77.3101,-97.2115,-124.3888,-110.0851,-104.2503,23.5461,-38.8679,133.0638,103.3803,-18.5087,-84.2395,-26.8867,-77.9138,74.9160,16.0321,-27.3245,-130.7491,39.7673
-10.2485,-73.8597,-97.2555,-110.9213,-99.1247,-118.8796,18.5674,-37.7821,163.5332,101.7561,-51.0170,-81.5230,-24.0451,-71.1645,72.4000,8.9567,-39.5555,-115.8209,31.8788
-22.0049,-68.3568,-97.3494,-114.4211,-114.0236,-86.9374,9.9075,-20.8768,169.2193,103.9648,-41.5024,-67.4976,-17.5975,-54.1819,77.7347,27.7695,-48.1498,-120.2717,20.0988
-22.1363,-62.9976,-93.2416,-128.1291,-131.0398,-84.3406,5.5278,-2.7860,164.6698,111.1174,-24.1447,-58.6980,-14.5868,-37.1986,89.3684,65.6024,-51.9408,-137.4672,4.5979
-16.5965,-62.6720,-97.2793,-125.4684,-121.4061,-114.8090,26.1486,11.3741,175.2948,130.2505,-56.8351,-53.2343,-17.7700,-27.6946,92.4654,75.8884,-44.9147,-132.7544,21.1424
-27.2549,-47.4290,-108.3470,-113.7745,-111.3193,-122.5324,30.0980,22.9570,189.0345,145.8238,-96.6748,-41.5102,-30.0581,-24.8766,81.5166,69.9176,-19.4270,-118.0430,45.8863
-36.8722,-14.3227,-99.5618,-97.1512,-105.7539,-110.1997,-8.1928,39.2303,169.6477,137.2406,-82.6492,-9.8224,-41.2505,-4.5270,50.3742,73.7715,16.0759,-103.2632,35.9828
-22.8767,10.7758,-61.7094,-65.4501,-66.9839,-90.3335,-30.4625,64.9019,131.4507,117.2963,-59.7673,33.4432,-31.8403,32.2029,18.5968,71.7331,38.4417,-77.1743,28.3403
-11.4805,15.6951,-27.4954,-41.2327,-16.3887,-58.3959,-1.4867,93.3374,120.5214,115.2150,-69.3379,47.1863,-2.6558,42.0569,23.6459,63.6929,24.3116,-58.6308,55.2694
-23.4512,4.6738,-31.0356,-45.4729,-13.9936,-39.0924,28.6473,109.6850,127.0093,121.2705,-73.5391,24.7672,11.6634,31.2537,49.3369,76.8731,-5.4769,-60.1339,67.3882
-29.0701,-15.3656,-55.8419,-54.7792,-47.7790,-36.6359,17.1915,97.7831,108.8414,106.9426,-55.7541,7.6428,-10.8964,41.2159,47.0501,94.0688,0.0397,-57.5583,37.6087
-11.1910,-23.6024,-55.3361,-54.6295,-68.0852,-27.9652,-13.7636,66.4129,76.9746,87.9658,-36.7147,9.2564,-35.7859,47.2828,24.5625,78.1644,26.7389,-52.5831,10.8328
3.7410,-11.1561,-27.1475,-53.4753,-67.1383,-31.7582,-22.2200,57.5866,66.5083,85.7139,-16.7098,15.6463,-22.1232,27.3353,16.7775,46.9232,13.6074,-57.4039,12.7922
-0.3336,-3.7336,-11.9765,-36.6102,-53.0920,-47.3642,2.7282,79.8039,64.0002,67.4076,2.4166,32.9217,16.0936,28.5108,10.6805,21.0511,-30.2578,-38.2212,21.5318
-10.1066,-7.6444,-12.7233,4.1142,-28.8715,-21.9186,29.6826,80.1244,38.7663,12.6601,11.9305,53.0309,46.2152,45.0903,-16.6234,-29.3100,-51.6852,16.2245,19.0907
-9.3653,4.7329,6.0422,39.6666,-6.5929,25.1680,26.1873,39.4669,-5.4624,-36.2020,20.7648,44.4418,58.1386,16.1316,-49.3717,-103.4603,-45.9168,59.4510,7.6218
7.2983,26.4859,40.0971,61.7157,15.5063,32.5611,5.2746,6.6200,-54.4508,-57.5083,25.7166,17.0822,44.8167,-27.7728,-72.4479,-148.1198,-25.7684,82.7792,2.5785
22.1698,27.6733,56.0991,92.3463,50.7713,39.0633,-5.0948,0.8325,-99.5996,-78.7098,14.4481,10.5345,11.9235,-23.5677,-90.4266,-152.1698,4.3347,118.8447,15.8137
10.6077,29.6378,58.6818,124.6508,84.8214,86.0348,-11.1538,-6.6218,-127.6389,-99.1544,5.0040,29.4363,-7.1137,-0.9382,-102.2664,-143.1760,24.0274,153.9264,26.7861
-8.8214,68.3111,71.8718,136.6302,96.1012,111.9120,-29.1556,-19.9560,-147.6178,-97.4330,8.1923,55.7116,-6.7420,3.5705,-112.0830,-123.0214,45.6619,159.0150,10.4012
3.3220,123.2638,93.2642,138.6645,92.2162,96.4350,-51.2057,-30.7542,-183.4229,-92.5315,-7.4596,75.6456,-22.0097,3.7958,-131.6874,-105.8856,108.1024,154.9339,-12.2889
33.4528,155.3586,108.1616,147.2072,89.7547,99.7174,-61.6144,-50.3422,-208.7544,-108.7450,-57.0283,74.2104,-50.7944,-6.3960,-146.1947,-124.2599,171.2170,163.8795,-11.1587
39.4097,152.0794,106.1918,151.2354,93.4249,115.2150,-56.5063,-70.4289,-183.4997,-130.5928,-93.6915,55.5682,-51.6256,-24.0050,-133.3796,-147.1504,163.6767,167.3003,-5.7656
22.7836,114.9174,82.7666,136.2636,93.3826,98.9344,-50.6683,-70.2697,-146.8501,-139.5287,-60.1189,42.3842,-28.9423,-12.0661,-112.2636,-124.7070,114.4025,150.0406,-26.5761
12.7536,69.0085,59.6536,114.0555,78.0816,80.2135,-69.1160,-62.0657,-145.1725,-137.4721,14.4318,33.1148,-27.9338,10.5024,-108.8458,-92.5642,86.4790,128.7620,-52.8808
21.7917,55.4961,71.6022,109.0742,72.2849,88.9357,-98.9079,-57.1199,-134.5691,-124.1103,23.1197,20.8511,-48.9141,2.0331,-102.5010,-92.3562,71.7580,120.6683,-42.6292
42.2475,67.1961,103.7629,113.1361,100.7965,91.9249,-86.1613,-44.2016,-87.7692,-102.7904,-41.7653,24.8493,-47.3094,-5.8756,-66.4645,-81.2116,49.7095,109.8095,-2.2996
45.7728,55.7378,95.9060,85.0579,107.5147,65.0787,-27.1267,-33.1525,-61.3760,-90.4218,-45.2569,38.2654,-14.4945,7.0027,-18.8879,-32.6304,23.5134,68.2867,21.3578
8.7192,17.4503,36.2841,26.5704,43.1622,25.2410,15.2825,-29.1302,-57.7364,-77.8249,39.9062,29.4892,8.3485,1.2608,11.8776,8.1175,-19.4375,13.8727,22.6972
-42.8319,-6.2528,-12.4153,-2.2730,-11.9658,0.7672,19.7504,6.1683,-11.0987,-27.2547,68.0927,25.5441,3.0759,-8.9231,26.1459,23.6205,-72.5040,-4.5520,52.4635
-64.5857,-4.3761,-12.1689,14.0135,12.3977,3.2462,25.6136,68.9306,50.9380,41.6610,14.3399,60.5457,-0.1253,15.5209,31.3763,36.1832,-94.8610,10.2868,113.1852
-54.2598,-1.1818,-4.6110,18.3654,32.6038,-3.5755,36.6231,76.7475,43.9233,39.4734,17.3468,71.2476,15.4595,24.6006,23.0794,28.8910,-81.3320,11.0278,116.1595
-31.2166,-6.6012,-26.1234,-12.4574,-22.1696,-54.4624,22.1165,4.6909,-8.8757,-51.6531,91.1743,3.0384,30.8993,-22.9813,0.9420,-19.5956,-59.4255,-9.6788,18.0872
-6.9221,-12.7053,-46.9480,-37.2945,-78.4679,-101.7508,-5.1786,-58.9695,-34.3155,-126.3891,127.7603,-72.5090,36.7071,-66.1121,-20.7290,-68.8673,-39.7483,-21.1561,-86.9325
2.4186,-17.5800,-40.1100,-34.2874,-73.1066,-88.6205,-16.5111,-54.2994,-35.8637,-118.2663,118.4284,-91.7477,34.6722,-67.5523,-27.4632,-76.3087,-27.9899,-15.4037,-104.0501
-4.4352,-18.1674,-24.1413,-24.9935,-43.7778,-50.5158,-23.6869,-28.6575,-39.0444,-78.9670,107.1877,-101.6978,21.6258,-73.1103,-22.1673,-61.9670,-20.5999,-9.3570,-74.0867
-2.5393,0.7141,-10.8758,-27.9607,-27.6433,-45.2238,-32.1987,-36.1565,-33.9949,-51.0273,79.9843,-125.5462,18.0917,-98.6401,-17.9196,-57.4151,4.2364,-18.8407,-78.9265
9.8295,37.6438,2.4218,-41.2284,-26.4969,-69.9027,-12.6006,-59.0268,-21.2008,-23.4695,38.4205,-111.5868,44.3437,-105.5737,-11.8591,-48.4292,32.1948,-43.4153,-104.5706
11.5032,59.1939,1.9935,-50.9211,-38.3953,-90.5847,32.7573,-58.9951,-18.6415,-12.5364,14.3318,-65.6819,66.2488,-81.5198,5.9322,-16.1100,30.7127,-58.3598,-98.9025
10.2716,50.3287,-10.3221,-46.6779,-44.8162,-78.4479,54.2843,-37.6375,-36.9212,-36.8979,14.5623,-52.7989,56.8296,-52.3818,15.3353,10.8380,31.5106,-47.4875,-84.2234
20.8447,38.9607,-6.5461,-37.8563,-34.3522,-38.8326,30.9564,-18.5081,-77.7383,-64.5652,45.9467,-76.9671,46.9835,-40.5926,-5.0074,6.1582,65.6499,-32.4015,-105.6301
26.9193,36.9149,8.6402,-36.7030,-32.0492,-14.7856,-6.3268,-11.3626,-110.2287,-73.4996,90.7750,-94.6854,37.4522,-44.4499,-20.7049,4.3239,79.8962,-31.6393,-126.8011
19.2704,24.4400,6.7811,-37.4604,-45.6166,-5.9148,-29.8282,-13.5185,-86.0650,-74.4594,82.7304,-86.8463,-6.9431,-46.2109,5.4152,28.2959,45.8140,-36.0571,-82.6688
13.7603,8.2176,-2.9758,-34.7125,-49.7117,32.9015,-36.3210,-15.9118,-21.4490,-61.8262,23.9309,-55.7529,-50.6978,-43.8598,38.3291,26.7199,20.4151,-41.6887,7.5370
13.5517,4.6580,-2.4697,-35.5410,-44.0613,74.4683,-24.8760,-2.5046,21.1812,-26.1530,-9.3443,-31.1169,-45.0591,-56.7478,39.5129,-22.5637,20.9331,-49.2188,77.1504
6.7955,-14.3478,-10.0183,-47.2144,-46.5366,59.0351,-1.0996,26.3448,42.4541,34.0068,-16.6004,-56.0211,-35.9619,-84.7832,42.5497,-46.5863,2.9383,-54.9899,113.9991
-11.1579,-62.6987,-38.5532,-73.1022,-54.2077,22.5047,12.8059,44.1806,86.8895,124.4968,-38.9337,-103.9955,-59.3251,-100.3149,74.1491,-4.5922,-28.7462,-74.1363,136.1014
-34.2502,-89.7021,-65.6333,-100.2089,-60.0760,14.1636,7.9072,38.0816,135.3682,199.9980,-48.9683,-106.6169,-64.8238,-89.2362,93.8779,43.4944,-34.7177,-107.0542,127.9179
-42.3195,-68.3923,-69.1938,-100.4964,-60.9349,0.7282,8.3571,23.5840,128.2968,187.7389,-35.0738,-76.0239,-39.3334,-64.8040,80.9747,59.2045,-20.2495,-111.4033,83.1659
-24.5382,-40.0053,-55.4446,-80.6975,-53.9505,-27.9560,28.2915,9.8245,78.6542,122.4499,-38.6968,-62.1509,-30.5655,-44.6891,72.7798,72.3417,-5.9591,-86.8512,47.0046
-10.1237,-31.1100,-51.8807,-79.5499,-55.0207,-32.1218,39.8803,-0.6445,67.1475,95.1002,-49.4867,-46.3870,-35.1649,-36.0725,78.6068,77.4369,6.1510,-88.7821,55.2220
-21.9660,-30.8038,-71.3548,-90.5537,-68.7150,-26.5239,28.0755,7.9661,110.5992,96.2527,-33.9227,-13.0258,-19.5309,-34.5580,64.4778,36.0111,7.9527,-107.0287,83.8490
-30.5637,-42.0839,-85.8680,-80.5377,-61.9845,-44.7735,26.8868,32.7515,128.6110,84.6224,-11.4309,-8.4859,5.0021,-30.1454,35.0507,-13.6306,-3.1155,-90.0476,87.3255
-11.2677,-65.3586,-74.4040,-73.3461,-38.2536,-71.3249,47.7423,39.8648,93.3387,82.9752,2.7030,-39.6809,17.2382,-19.4934,33.4528,2.5848,-10.5735,-74.5234,52.8701
12.1937,-73.8732,-66.7775,-97.9129,-53.4558,-99.8925,48.1146,19.6511,88.4013,86.2942,5.7809,-53.5850,13.5248,-9.5363,60.0397,54.5686,-13.3232,-105.6543,11.2573
16.7129,-63.2684,-83.6141,-112.9050,-99.5173,-132.4541,24.2644,0.7653,143.0794,61.7047,-27.9768,-38.5150,-4.4185,-4.5381,73.5729,57.4232,-25.9450,-123.8999,0.3212
8.3786,-61.9560,-92.0008,-87.4574,-98.9041,-132.8005,29.0478,3.4628,170.4115,47.2996,-74.7132,-24.7624,-12.3623,3.7441,66.8004,31.1167,-45.8698,-88.4033,16.4434
-0.1702,-70.8476,-66.2109,-57.1147,-41.0607,-94.9139,61.5225,28.5242,135.9291,72.0187,-72.0351,-24.4738,9.6151,18.1982,67.4924,47.6611,-63.4977,-54.7551,26.2187
-1.4181,-64.5770,-24.5880,-43.4641,7.2498,-64.5277,71.0744,67.2536,101.3741,88.3253,-38.3621,-38.0873,38.5107,19.4427,76.2952,77.0165,-83.0753,-47.4946,20.7183
-2.5754,-47.8754,4.1905,-29.1980,18.0058,-50.3109,64.7543,91.4520,81.1898,80.9073,-17.4554,-52.9622,56.3166,1.5474,68.4131,58.6288,-104.0269,-31.0318,13.8772
-16.3579,-43.1021,8.3111,-9.0272,24.7068,-31.8470,68.8885,80.2531,39.1869,69.7258,13.1589,-40.9167,66.0459,-1.5631,41.4307,30.5370,-106.4802,-2.2228,7.8893
-22.7396,-40.2365,8.8002,15.9355,49.9822,-15.3143,53.5356,57.1306,-10.7327,36.0685,45.7839,-11.0046,51.6516,22.6695,12.8377,32.4486,-78.4725,23.9424,2.0463
4.3880,-17.0443,38.2946,46.5985,74.6357,2.8727,14.1065,45.5557,-40.2525,-11.4923,29.0915,3.2678,20.4925,35.1505,-9.3915,19.0219,-39.8433,51.3084,-0.4695
34.9808,13.5261,76.0902,64.1371,76.4299,37.7773,4.1868,27.7224,-57.7623,-29.9662,-9.7145,12.7191,17.7959,24.8113,-19.7669,-17.8649,-18.8710,66.6764,-6.1556
26.8369,24.9922,71.5048,55.8813,64.1824,67.9153,27.3236,3.2285,-58.8192,-30.1058,-21.5343,34.6174,30.2676,25.7440,-5.3430,-9.4447,-15.8472,53.6636,-4.6822
-2.2780,22.2162,36.1618,36.8850,51.8434,75.2752,40.4348,10.5299,-30.2392,-20.9501,-36.2278,46.7694,9.9746,37.8748,27.9803,47.3890,-11.2365,28.8198,30.2421
-16.8224,22.7156,14.1231,18.4123,30.4017,79.3870,46.6543,40.2436,4.8212,19.8123,-69.1618,50.5840,-11.2154,40.3576,48.2706,76.0546,-1.3587,9.4040,70.3309
-18.7847,22.6417,-1.0795,3.1776,-1.1652,82.4736,58.1805,34.6538,30.6688,44.6300,-84.1493,71.4760,7.9976,47.8209,42.3765,56.2440,1.7840,-3.8088,58.9420
-19.0950,16.6797,-23.6497,-0.7707,-21.7059,66.0658,47.8226,2.9960,57.6711,11.4643,-83.2565,87.9826,21.3537,63.5188,29.4208,33.2860,0.0370,-6.4962,20.8709
-15.3063,16.1418,-31.2954,3.4190,-28.6493,37.2428,12.3034,5.2688,63.3867,-8.9341,-74.5104,79.1682,-0.1693,63.3280,10.3656,19.6586,11.1767,1.2502,11.7412
-7.6400,22.0124,-23.7167,5.5020,-35.4928,7.8203,-18.1705,19.8806,26.0584,3.1068,-31.1587,75.0349,-11.0492,56.6449,-30.0620,-4.8000,37.8004,9.6549,1.3055
0.4894,22.0632,-23.5238,7.8737,-34.9324,-23.6119,-36.1641,-22.6584,-14.1608,-32.5314,22.9023,79.5896,-1.4339,57.1774,-62.0231,-25.8330,53.3050,12.8259,-47.0332
5.0666,24.7687,-18.1082,13.7944,-21.0168,-40.0112,-45.2732,-95.2817,-34.9859,-92.1472,35.9466,67.9944,-10.3912,42.6708,-49.4474,-12.2825,43.6102,11.5906,-80.0772
4.1431,46.3546,10.1419,25.5403,-5.2638,-19.7474,-43.3882,-110.1637,-75.2269,-94.7338,30.9216,63.3786,-33.2584,22.7621,-31.9851,16.0050,41.2151,18.9413,-59.7883
11.2733,70.3929,47.7349,52.0716,22.0864,27.6628,-42.2360,-62.0072,-135.8781,-84.8041,47.7312,82.8571,-31.9062,34.0951,-56.0488,9.2732,67.5306,48.2501,-34.1352
33.1937,70.6793,85.9279,84.6043,75.2212,77.7507,-45.7174,-15.8276,-171.6586,-109.9405,75.3696,85.2399,0.7290,52.9466,-87.1930,-30.6318,81.4169,80.9090,-36.2283
42.4912,53.1172,113.9295,96.2174,117.0126,103.8505,-36.1272,-0.2792,-173.5677,-112.2050,99.3950,58.2689,39.0688,38.7536,-85.4689,-58.8314,48.8837,89.0061,-40.3368
22.1249,36.4506,99.8617,82.8178,104.0559,80.1278,-11.2136,-1.7706,-146.4034,-76.8860,98.7498,31.3677,53.8434,6.9050,-67.8841,-66.4269,1.8904,80.7669,-29.8698
-1.1362,22.8250,51.6505,64.3101,62.7387,23.1232,8.3167,-17.1996,-87.6551,-55.3674,49.7475,-1.8222,39.7164,-25.9315,-51.4726,-79.0592,-23.5848,75.0657,-18.0677
-9.6021,10.8909,19.4736,52.2349,41.8210,-11.5653,-0.4451,-48.7133,-39.6113,-51.5455,3.4343,-49.6230,13.8651,-64.8712,-40.3454,-97.2923,-26.4465,69.2753,-18.4937
-14.7679,8.2252,9.2644,46.9244,34.0311,-6.7940,-48.7715,-78.6300,-41.3213,-58.5468,15.6099,-80.9265,-20.6191,-91.3803,-52.2924,-108.3381,-0.0541,63.4376,-31.5887
-10.3250,17.0957,0.2191,47.2620,14.8127,5.8793,-103.1391,-88.8852,-62.2175,-87.9982,33.9223,-88.8444,-59.1519,-93.4803,-80.5421,-122.7577,50.0238,66.5925,-46.5125
12.5253,24.6441,7.0385,48.2853,0.1922,9.9458,-106.7820,-85.4935,-77.0118,-108.3630,22.0051,-94.7978,-63.4224,-92.4160,-91.2442,-142.9450,72.8733,72.4164,-58.4270
27.6046,17.7860,27.7927,41.2663,5.0994,6.0297,-76.4319,-81.5457,-95.8656,-96.7544,42.7330,-94.6187,-30.7089,-92.4816,-81.2141,-140.0390,48.9267,63.1009,-69.0803
24.7596,3.1009,26.7672,18.2468,3.6947,-12.3255,-76.2478,-69.5303,-95.6604,-83.4840,94.0981,-85.2251,-22.6953,-81.5814,-63.6152,-99.8424,30.4955,29.2540,-63.5419
31.4458,-9.1378,9.0108,-17.7209,-21.9614,-31.3383,-92.5561,-32.6256,-55.2946,-58.5837,95.0333,-82.3453,-48.5279,-67.1219,-37.6786,-55.0102,42.3632,-17.1926,-31.3173
38.7898,-33.5433,-5.7393,-47.8811,-51.1979,-26.3367,-75.9849,20.9984,-6.1885,20.3761,61.6002,-83.6225,-51.2097,-57.2268,-20.7015,-46.9827,42.9871,-45.5972,6.7073
8.0038,-74.5040,-39.1794,-61.1979,-71.0377,-13.5453,-52.0054,60.9361,33.6281,117.7308,54.9213,-86.2876,-39.4857,-55.8176,-27.6182,-66.6357,18.4956,-44.4646,37.5411
-34.7024,-87.3933,-80.0500,-67.6051,-89.5501,-21.3273,-51.8824,71.1336,66.7785,162.5357,38.1418,-98.4916,-61.8295,-68.0695,-24.8543,-58.0984,9.0222,-40.6536,64.0329
-28.2685,-45.0259,-69.5435,-71.4458,-94.1614,-34.1723,-39.5336,57.5607,73.0446,154.6677,-28.1540,-93.9147,-81.9316,-68.9300,10.3621,-0.6465,28.4336,-53.0885,63.3307
10.3678,9.9863,-20.3814,-64.5569,-68.3593,-32.0219,-2.6950,28.5934,67.6019,133.2803,-100.2697,-46.7351,-50.6876,-35.1857,44.1019,54.8850,46.3578,-67.0279,25.3932
22.1693,36.3929,0.4840,-53.0164,-39.2568,-34.2580,10.6192,-2.0423,90.3008,110.0469,-134.1710,-0.8536,-13.7630,-3.7144,53.6284,71.5866,43.3656,-71.5347,-9.6414
10.6578,31.7953,-4.7148,-54.0918,-42.1518,-52.0509,-11.2371,-12.5358,98.7349,84.8423,-102.8943,-5.5560,-15.7868,-5.8450,56.5661,80.7656,17.8162,-75.1763,-25.4104
-0.8376,-9.4254,-6.8748,-69.6839,-64.1175,-55.3223,-18.9341,-1.0363,53.7608,76.6320,0.3793,-33.2424,-17.8573,-10.2541,66.3739,108.3062,-37.4292,-83.4950,-39.6720
-35.2090,-68.2709,-28.5685,-83.3819,-68.7964,-23.1098,25.7637,12.9045,34.6736,102.5945,80.3364,-32.6261,13.3436,2.8514,87.5856,133.6736,-107.7807,-89.9487,-26.6470
-85.6427,-83.5687,-67.9415,-76.7283,-47.3501,24.2647,103.7978,26.1444,77.1638,133.7535,37.8895,-2.0430,49.0487,18.1553,114.5268,142.5412,-136.6777,-80.4912,29.3380
-90.3928,-53.7528,-75.9518,-51.4497,-24.8421,60.4023,150.7892,48.3006,85.9244,118.1265,-47.4383,23.8266,56.5227,40.5262,117.8666,140.7267,-99.1141,-50.8117,61.4062
-54.3879,-45.6852,-58.2598,-30.1893,-26.7255,77.3280,132.1941,69.9129,40.0413,66.3697,-54.2873,25.5428,36.2607,72.7963,93.7779,134.0477,-59.1134,-19.6918,37.8998
-48.0788,-61.1351,-57.8191,-15.4218,-34.1550,79.2932,94.6201,82.6145,28.7285,36.9101,-32.7481,28.8373,8.9027,97.2005,77.1517,133.7445,-66.1931,3.0163,26.8713
-60.3928,-43.7726,-55.6305,16.1000,-4.7133,86.7412,82.6671,95.0321,49.7150,26.4306,-68.3413,65.7097,-2.3045,121.7688,65.0920,131.9214,-61.3680,32.9277,51.3565
-24.2988,-2.2855,-17.0528,56.0752,43.7590,113.6792,69.2810,88.2512,24.6606,-18.3866,-104.9342,110.4807,5.9481,147.5935,26.4556,89.3271,0.9717,64.5856,48.2408
36.7195,16.6305,28.7163,69.3418,54.6797,124.2521,33.4193,30.2153,-38.5803,-90.7511,-66.6268,116.1764,15.3127,129.6307,-20.6554,4.8580,50.5094,70.3063,8.9307
56.3009,14.5920,46.0914,59.5773,43.7970,79.9638,-0.3036,-36.2701,-80.5957,-128.4326,15.7532,91.1719,16.2903,66.6562,-49.0777,-67.1139,42.0452,55.8206,-6.3282
50.5691,6.9293,47.3477,51.6582,63.1236,17.4415,-30.0483,-32.9180,-90.4449,-108.5837,84.4391,64.2345,14.7529,24.7327,-76.6990,-100.2088,42.7899,43.4811,10.5144
62.9466,-7.0701,50.0427,40.4591,86.9751,-13.2645,-64.1438,14.0270,-89.5864,-72.4735,122.8058,29.5377,13.3935,17.7333,-103.9223,-111.2265,80.0264,29.2777,9.5912
78.4718,-6.1658,52.5184,22.4671,68.5755,-33.4955,-68.6807,10.4145,-95.5838,-67.6126,123.1512,-6.3771,14.0993,1.2610,-99.5101,-105.9224,91.7038,13.0924,-23.7224
75.0523,24.9710,49.0522,12.0523,32.6582,-70.6807,-31.9880,-42.0627,-100.8008,-87.0545,82.6294,-6.2656,16.8143,-19.6699,-69.0312,-79.7578,72.6297,4.5523,-49.3910
65.4438,46.0386,29.6837,-3.0162,7.9635,-104.9878,-2.8548,-63.1467,-72.9516,-84.1291,31.7023,20.9131,5.9558,-10.5678,-35.3633,-31.1955,70.3304,-15.6044,-37.6543
56.7875,23.8099,-7.0960,-37.5926,-21.2990,-131.9274,-8.1045,-40.8151,-15.0834,-54.6612,10.5468,17.6673,-24.0866,7.1158,0.5482,27.6329,68.1912,-55.4063,-13.6842
41.9055,-0.7025,-35.6082,-56.7488,-49.6762,-161.1117,-28.8928,-35.2824,25.6566,-45.5090,14.4920,-22.2582,-43.7018,-10.4734,14.3815,36.1509,41.7039,-69.0338,-18.4907
25.4263,21.1417,-30.5688,-27.4599,-48.9332,-162.1281,-54.4957,-74.8734,28.9327,-68.7524,4.0572,-41.6053,-35.3260,-56.0683,-23.4420,-46.4481,28.4093,-28.8268,-44.9488
16.0737,63.6453,1.2099,24.5052,-17.8479,-114.2535,-77.1317,-126.9857,6.7230,-88.1926,-23.8515,-17.3901,-27.0028,-85.3017,-71.7308,-134.2532,40.5630,26.4306,-52.3107
14.2510,73.4065,36.6470,59.2890,33.8930,-52.9300,-74.1765,-147.8045,-30.0184,-83.1821,-32.0237,12.7718,-31.1608,-76.6138,-75.1316,-130.5389,42.8662,54.5047,-30.4213
17.2042,53.4439,56.4586,66.5637,83.9392,-15.7825,-43.6821,-137.0280,-53.9217,-62.6122,-17.0497,26.0470,-15.7974,-51.5259,-54.3514,-87.6286,33.3404,52.4518,-11.7934
17.2592,43.6630,52.3106,54.5401,85.7323,-12.1724,-16.1219,-134.7317,-40.5723,-50.3747,-7.8199,33.8927,24.5758,-41.5748,-48.3691,-89.7384,21.7768,37.0247,-27.8629
8.0877,52.6079,42.9821,43.5799,48.6696,-31.9462,-12.8777,-145.2325,-13.4284,-67.0960,-0.7795,31.4010,55.5611,-55.0913,-48.3950,-116.2849,-13.2977,29.8362,-62.5342
-0.6503,58.7250,57.7957,52.3195,52.9398,-39.8200,-12.6703,-120.7525,2.6919,-86.2031,13.1702,12.2003,77.3160,-76.6842,-39.8184,-133.9575,-66.5588,39.8326,-59.5200
0.7047,49.7741,86.0274,68.3665,111.5543,-17.5007,23.6324,-58.6951,21.9866,-60.4419,5.0634,6.6973,115.1015,-76.9206,-22.3567,-138.5878,-102.8456,49.2154,-9.5888
2.1062,28.0838,87.7867,64.4480,140.7097,-1.2476,80.5772,-17.8219,41.4395,-9.5196,-24.1536,24.5485,143.4492,-40.9791,7.0545,-95.6756,-118.4958,41.5408,16.9859
-1.9184,5.2461,62.6927,43.0505,105.7035,-14.6888,89.4381,-11.3531,27.9711,9.2842,-20.7128,22.8045,117.6043,-4.5686,28.5571,-19.4066,-115.9867,28.1265,-7.7889
3.3251,1.2212,52.1064,34.8863,65.4152,-27.0793,41.4953,0.5010,-20.6022,-7.1002,16.9858,-4.5345,56.3459,-7.4231,12.0734,0.6684,-82.9146,32.2604,-16.3560
19.3737,22.7392,70.2927,55.7971,64.3940,-19.3991,3.5730,15.6777,-72.0233,-34.9492,29.6617,-6.7238,12.8789,-19.6801,-22.3451,-30.9469,-40.4714,59.9529,10.0265
27.2598,52.3605,89.0685,82.7928,80.3694,-10.1462,-8.2044,-0.9256,-102.0920,-75.1195,13.5793,19.4709,0.0784,-2.8406,-35.3012,-25.8524,-19.1769,86.0035,-1.2969
24.1612,70.9674,89.0483,85.1518,75.6670,-7.7446,-32.9776,-35.5631,-104.1321,-114.8948,15.8468,26.2588,-1.4574,7.4735,-35.5485,-6.2180,-9.0619,83.0736,-50.1088
19.4098,65.6764,76.6404,67.1677,51.7179,-4.0230,-57.6379,-34.6750,-82.2553,-114.6558,39.2961,11.3311,-3.4598,-17.1425,-41.5723,-37.8207,-8.1869,62.8746,-42.5435
5.7039,24.8082,55.0435,45.4651,36.2919,-2.2282,-44.1038,19.9010,-48.6291,-58.8566,65.6747,7.2908,-6.9565,-27.4688,-31.9381,-54.1593,-39.7873,43.9653,33.4674
-20.6785,-39.5158,18.3453,12.4520,24.3169,-11.6096,-3.2455,87.3239,-15.6897,20.0438,97.7078,13.5081,-9.6805,4.9952,8.7025,14.1858,-91.0525,13.4726,95.6547
-45.4588,-86.2162,-26.3949,-25.3890,-11.6660,-21.1485,46.3525,124.0708,13.4082,73.8035,103.6161,15.6818,-9.4157,36.1334,55.6901,89.9469,-129.9573,-18.6410,119.6499
-69.0150,-88.3810,-60.1988,-33.3597,-50.2404,-6.1534,99.4926,138.9478,48.8645,96.1612,39.6705,22.4540,-5.1733,42.7672,83.4779,102.9559,-151.5282,-13.3906,141.9793
-100.0584,-57.6161,-78.2316,-19.8337,-53.4394,24.2330,132.8527,156.1670,96.8501,119.7580,-49.5829,42.7907,9.7954,51.9935,93.5280,105.6141,-147.8064,5.8613,154.0087
-121.3043,-24.6970,-92.1068,-27.9732,-46.7447,27.0802,141.2658,159.6143,135.5555,137.5434,-89.0254,62.1280,35.8905,70.9061,101.8473,141.4182,-119.6299,-12.0210,124.5307
-124.9614,-12.9427,-106.2726,-44.8266,-65.0053,0.0192,145.8593,137.7115,138.5132,118.2441,-85.8773,60.5008,47.3457,79.0611,112.4103,174.2883,-111.5206,-31.9900,78.1259
-140.4876,-16.6145,-113.4779,-32.9615,-82.8798,-13.4417,136.0068,127.0207,115.2513,100.9834,-69.6367,47.4333,30.4699,73.9578,104.4991,177.2974,-135.7935,-6.1113,57.9940
-168.3415,-9.9971,-107.1716,-11.2887,-74.3195,-2.0239,107.4798,145.9291,90.3504,129.0802,-36.1626,52.0275,23.3854,70.0969,70.0450,162.5785,-141.2359,24.9088,56.4729
-160.6071,8.7464,-82.9575,0.4246,-49.6393,18.4149,102.3940,155.8918,64.4907,141.9185,-19.3282,66.8687,50.6493,74.6450,40.3020,137.2421,-113.2225,33.0888,40.0872
-108.6265,17.8745,-47.0877,23.0253,-18.5699,49.4076,115.9826,126.7254,27.7729,88.6366,-53.9815,61.2243,67.9474,85.1580,29.5277,105.1588,-77.3118,54.5417,2.6396
-61.5764,19.4740,-27.5765,43.0466,-0.6472,71.1785,91.6465,74.1336,-14.2960,27.3943,-73.7854,56.8387,46.5089,97.1165,5.8286,77.4988,-20.6141,74.4869,-36.7164
-43.7473,29.5181,-39.2884,25.0646,-18.2540,48.1744,40.1042,30.8467,-43.0037,2.0717,-16.7771,89.8883,28.1268,105.6693,-38.2682,53.2174,53.8616,45.7014,-57.8755
-35.5219,35.4554,-51.7921,-3.7375,-42.4690,0.5673,8.2340,15.5396,-48.3651,-12.6157,56.7694,120.3257,32.5643,103.8601,-65.4073,30.7763,83.7566,4.2743,-59.2668
-21.5840,23.5960,-37.8576,-6.5337,-36.7817,-35.6147,-18.7687,11.3149,-44.9992,-20.2126,84.0122,100.6508,21.8359,88.9222,-64.6858,26.2861,61.3955,-2.6334,-62.2691
1.6612,12.5225,-13.1375,-7.6265,-20.1868,-66.6051,-56.0362,-5.6170,-43.7952,-6.6942,84.3922,66.5563,-8.3860,68.4192,-57.9576,37.4347,54.5832,-10.0049,-70.1784
30.4569,12.4307,3.8400,-25.1049,-15.6541,-83.7013,-75.2093,-10.0530,-26.3369,21.1223,70.7018,54.2648,-24.6601,48.0831,-50.5828,31.4146,75.4727,-40.1847,-49.6962
43.4007,0.1280,5.5093,-41.1982,-27.5209,-70.0296,-78.8242,17.7134,11.9210,63.9621,43.0173,35.2290,-34.1697,25.0886,-41.3867,3.5459,77.1645,-58.2907,-6.0850
33.8338,-31.8975,-20.8433,-60.7934,-67.7726,-68.6284,-87.4715,19.4155,43.5639,104.4022,30.2315,-5.7728,-53.7981,-0.2470,-35.4004,-14.3917,59.3278,-65.3937,-2.5845
34.3089,-46.4577,-50.6140,-85.8794,-102.6903,-105.5129,-84.8807,-36.8264,62.1903,100.2542,17.6553,-40.3468,-58.2226,-25.2527,-26.3886,-20.1688,60.1217,-86.0394,-44.0465
62.9377,-15.7670,-30.8597,-80.7018,-73.8187,-128.9624,-72.4626,-76.6290,70.2546,69.3485,-34.4440,-52.2001,-43.5623,-45.0904,-19.6151,-34.6274,90.2482,-92.4184,-63.7421
89.6988,24.5839,14.9906,-48.1857,-26.5075,-117.8011,-84.2207,-60.8203,43.7287,58.4173,-75.9790,-47.6515,-52.4180,-43.7868,-33.9590,-40.1403,130.4299,-65.5900,-56.2083
85.4366,23.6979,13.4664,-39.2573,-38.7924,-100.2350,-118.7860,-50.1972,7.3743,47.5728,-56.7384,-47.6258,-94.8319,-25.9013,-45.7146,-12.4507,149.7398,-48.9627,-62.5191
53.5918,-2.1955,-19.6093,-50.3150,-62.1937,-62.3563,-154.6749,-59.4265,32.5852,19.8442,-41.6856,-81.2878,-136.5004,-33.5276,-16.6624,23.8125,126.5781,-58.3694,-58.7357
12.2772,-6.7345,-19.0473,-35.8814,-32.7829,3.6925,-188.1692,-38.6062,95.0810,14.2886,-67.8841,-128.7932,-156.0451,-68.2539,22.2563,37.9020,76.4527,-50.7120,-22.3780
-15.2030,-4.7805,0.3440,-7.2161,-2.7251,50.4631,-198.1440,-1.2101,119.5842,37.3817,-79.7529,-125.5475,-148.8939,-67.2753,27.5661,37.2787,28.6682,-20.9980,0.9304
-19.3010,-31.3999,-6.6307,-4.3189,-16.1623,68.6375,-160.3230,8.8230,138.0419,64.8834,-90.2674,-76.8501,-123.0564,-21.6178,34.8494,43.1015,-14.8964,-11.8383,4.0728
-25.3731,-61.1879,-32.1069,-20.0801,-41.4575,83.3695,-99.5939,10.2003,189.8875,94.0832,-149.2808,-63.4695,-107.7292,-0.2378,79.9596,67.4377,-59.2878,-22.8748,23.0585
-49.6803,-66.0886,-57.3486,-29.3382,-61.6452,74.6191,-48.3983,24.6361,206.7873,99.6259,-187.4032,-100.0929,-103.3507,-17.0222,119.9600,100.0582,-94.5940,-20.2039,31.6109
-63.4910,-69.8778,-71.1444,-29.9499,-67.9313,47.4117,-4.5423,30.3679,165.3254,60.6723,-139.3165,-114.0381,-68.7658,-19.0100,119.6823,104.6680,-118.9787,-9.5607,7.7952
-54.1244,-78.0451,-54.6169,-19.4190,-36.2566,59.1328,26.9851,14.8292,128.7168,18.2694,-73.9932,-81.4873,-10.0415,-6.4498,103.3155,67.9914,-137.3842,-5.6320,-1.0214
-54.3440,-60.6757,-23.0876,11.0760,11.6774,92.7101,30.5860,-17.9065,87.3544,-15.2813,-40.9043,-57.7507,17.1474,-21.3761,79.8653,20.9317,-138.4074,16.9899,7.6758
-65.6668,-20.3211,-6.5390,49.3812,42.7860,83.7661,20.2807,-58.0617,5.8871,-70.8160,-4.5146,-58.7155,14.9724,-52.2716,33.5235,-21.7215,-107.0849,61.6954,-6.2901
-46.1301,21.9976,17.8309,68.7818,68.0371,58.1291,19.6948,-75.5982,-64.8326,-112.8425,30.7323,-37.2316,31.0537,-63.4233,-14.8827,-67.9228,-51.0848,78.6538,-15.3755
1.1331,66.7473,68.0174,64.5901,80.0812,62.2173,28.5413,-64.9282,-103.9727,-108.8496,37.8622,4.7338,56.7243,-65.7984,-34.0354,-99.8237,0.5964,57.7108,3.5802
31.6592,99.5769,101.6983,58.3256,65.9497,63.3693,33.1031,-58.5086,-143.0099,-108.9809,32.8233,8.9106,51.1141,-82.7706,-33.4201,-105.1830,26.6281,47.2262,15.4415
43.6904,94.3460,98.3695,56.3443,65.2306,40.1782,22.9385,-45.9969,-137.2739,-110.5166,11.6984,-19.8062,19.8880,-95.5269,-27.7940,-101.4895,39.1609,48.2488,35.2417
57.5044,67.2788,81.7847,39.4658,79.7983,21.6768,2.9162,-0.3627,-62.5939,-64.9052,-31.0676,-25.4930,-8.0040,-78.7065,-13.7334,-86.0252,60.2637,21.4283,85.7737
58.8831,54.8100,57.3353,14.8131,62.1007,7.8653,-8.8777,25.1256,-21.6392,-34.8595,-44.4399,-20.1823,-22.6100,-59.4109,-6.3480,-62.4416,83.3319,-7.6911,98.5908
49.1267,64.7715,39.5627,15.9205,43.3567,-14.2933,-8.3063,-13.2042,-59.6505,-76.5102,-19.4618,-38.0768,-20.7946,-75.4413,-25.5066,-76.9899,98.7991,3.7557,55.1173
67.0325,80.7168,59.8058,30.9604,65.4783,-28.1011,-6.9466,-41.6638,-91.4200,-100.6413,-10.7042,-37.4326,-6.3150,-92.5879,-50.8338,-119.9502,117.8093,17.4249,42.2769
104.2237,75.5703,89.4688,23.4238,70.7365,-31.4989,-8.2024,-3.6578,-87.9029,-60.3148,-7.2739,-1.8169,3.9019,-63.6207,-57.8380,-123.3264,127.0826,1.0634,62.0848
110.5120,43.7485,85.8377,15.8513,43.5386,-37.2268,-13.1360,28.7183,-99.7044,-41.1234,27.9074,-5.3832,4.6780,-37.6805,-65.5989,-113.9694,102.7808,5.8122,40.4059
97.2420,24.3916,79.8819,37.5383,53.7290,-36.3210,-19.1485,-9.7901,-128.7375,-76.6673,53.9646,-53.4799,10.0245,-67.2445,-85.7099,-154.4217,77.7112,43.6765,-1.9485
106.0102,31.5381,91.7757,46.6484,83.8670,-25.0291,-0.4709,-70.5304,-145.6651,-111.3155,49.1336,-53.1367,29.7734,-84.6009,-81.8966,-173.7103,83.4041,44.0303,-15.7462
111.5959,21.0715,79.1083,18.8837,71.4395,-7.4263,49.6491,-85.0107,-147.0431,-117.5777,56.6540,-6.0742,55.6454,-38.9959,-43.2263,-111.8324,82.0515,3.5732,-19.1858
85.5752,-10.2186,45.7675,4.9944,51.4462,23.7686,84.0157,-59.8050,-138.9460,-102.9042,68.9271,-0.8628,65.8741,-10.4191,-20.9736,-73.9690,58.4971,-2.3281,-12.6779
71.8864,-11.9921,41.7736,21.5473,51.6892,48.5082,73.1410,-44.9617,-133.5139,-89.1512,52.5047,-19.9062,53.1968,-33.2155,-39.1393,-117.4766,57.4245,25.7450,10.3883
93.2027,10.8076,58.1076,26.7360,37.2554,41.8028,48.9012,-55.9333,-128.5486,-102.2323,37.8039,18.1909,47.3144,-18.0723,-56.0958,-136.8049,73.6181,26.0936,1.6725
99.5914,19.3703,60.8132,18.8428,28.4341,38.2223,41.7702,-58.2020,-100.8684,-113.7343,41.5820,89.1505,69.8198,50.3813,-46.8022,-86.7867,66.0723,3.8484,-36.6017
71.5846,28.1478,53.2256,16.1908,46.9016,56.0702,48.0011,-40.2908,-73.0426,-82.6846,34.7514,118.8642,87.4533,80.8095,-32.6868,-36.0645,64.1383,-8.8177,-39.8058
47.9950,50.5310,36.3997,-2.9043,34.2334,45.5174,52.2171,-45.0377,-84.7467,-47.4722,32.8892,111.3006,71.1632,60.3654,-25.6711,-1.6073,98.8983,-30.6870,-28.7739
41.5033,56.6595,12.9081,-33.1318,-9.7168,10.4082,36.2577,-77.4336,-94.8835,-53.8398,59.9809,107.0868,52.5439,52.5122,-21.1606,27.3998,117.1705,-62.6184,-56.7765
36.2723,42.6338,10.3886,-28.9631,-8.7048,14.6158,8.6398,-74.0047,-60.3425,-75.4306,74.7420,110.3206,59.6940,66.9644,-20.6734,23.0761,85.0305,-61.1811,-75.6353
36.2044,29.8528,23.1349,-3.7341,24.7510,40.3052,14.8437,-22.4440,-30.4160,-81.0406,51.9401,107.5564,71.1303,82.7989,-14.6748,11.6844,51.0521,-33.3094,-47.4317
42.5636,17.4836,17.1006,-5.4049,32.0950,29.6952,58.5276,9.1650,-34.7249,-69.7968,25.6465,97.3207,73.7055,98.4943,6.0320,43.2466,47.8831,-28.7977,-30.5381
39.7112,14.6408,8.0207,-16.2358,38.2144,5.2113,86.0317,-4.4921,-31.6425,-51.5371,12.2601,88.2713,86.3484,98.4498,20.1073,69.8169,50.6556,-41.0733,-46.2865
28.7820,41.8059,22.7306,-0.4972,67.0993,-2.1463,88.9967,-25.9481,-22.3777,-62.1017,3.5555,86.2064,114.6535,71.2229,12.0138,39.6217,41.2661,-31.3384,-55.5718
23.9007,76.9176,34.9867,19.5166,76.1949,-15.8756,100.4712,-47.8965,-42.3522,-116.0601,7.5759,83.0302,140.6766,41.8688,-2.5688,-3.9346,32.5741,-9.1087,-69.0154
29.3056,79.6033,27.2847,16.2332,50.6266,-36.7285,99.5345,-78.5167,-71.1321,-155.5017,31.9715,69.5837,143.3971,27.7978,-16.1189,-26.8545,35.0741,-4.3327,-102.6731
42.8950,40.3805,19.5759,-4.0808,20.5002,-42.6900,56.2607,-80.6677,-71.1225,-136.6059,73.3156,48.9627,109.6988,23.2065,-24.0631,-34.7356,31.8649,-21.5155,-104.3871
49.9956,-25.1058,5.3005,-39.3419,-7.3941,-49.0802,11.7424,-33.9958,-30.9724,-85.0415,115.4746,22.9886,56.5534,24.7443,1.2842,-5.7255,-2.3390,-59.8941,-48.4231
30.9323,-76.5316,-36.5830,-85.1357,-48.6271,-67.5015,3.6770,7.0115,44.3306,-36.7053,122.2973,-1.6278,22.5346,21.8725,51.6147,43.4373,-48.8496,-108.8149,6.7451
2.4651,-76.5494,-83.1650,-109.1794,-100.6679,-72.7473,2.3253,-2.9453,106.3650,-22.2225,87.3132,1.6710,11.9557,13.6679,65.2293,41.6361,-54.0789,-129.3789,14.4820
0.7568,-53.6870,-96.2521,-95.9604,-128.4413,-51.3611,-15.1288,-30.2765,106.2021,-48.5532,56.8970,33.2608,2.6747,27.2444,34.2842,4.2240,-19.0748,-108.3670,-7.4542
16.1390,-61.7147,-78.7782,-77.6009,-108.3114,-18.6039,-24.6267,-36.3513,79.2095,-60.0566,59.0465,36.4564,3.0110,47.9735,19.9250,-0.4730,-6.8590,-87.3169,-31.9478
11.8505,-94.9746,-69.2117,-77.8481,-84.8513,4.9980,-16.8808,-43.3744,69.5686,-35.3940,78.3260,-23.0803,18.3467,18.6556,30.9189,-5.0411,-37.6521,-83.0686,-53.2784
-6.5111,-121.0711,-86.8520,-71.8060,-98.4349,12.1059,-16.7270,-73.1840,52.4162,-39.4995,89.6880,-92.4732,8.1116,-37.4706,20.7870,-55.0217,-61.8807,-56.5761,-65.6115
-6.5065,-130.8813,-96.7260,-39.9334,-97.8397,21.1415,-32.6718,-98.8921,29.5471,-71.2947,62.2743,-107.8049,-35.1882,-45.0183,-3.2355,-91.2839,-50.8083,-6.4533,-58.7836
4.2818,-126.2588,-71.2938,-16.4422,-53.4305,43.2200,-37.8066,-100.4134,48.0512,-48.4757,8.5660,-87.6603,-48.1972,-28.1497,4.2099,-77.9047,-46.2932,8.3541,-36.7014
-16.8422,-128.9155,-58.1657,-31.8587,-34.1530,56.0064,-8.1029,-86.7057,86.7324,18.8570,9.1581,-87.5384,-6.5855,-47.3792,36.4179,-60.1979,-94.2253,-20.2319,-16.3300
-72.7454,-154.0415,-91.7503,-51.7616,-57.0124,62.5951,42.9014,-48.4905,89.4539,59.2855,66.7683,-99.6890,38.2628,-55.0765,54.4791,-39.2397,-158.2348,-28.6785,-9.8378
-103.9189,-152.3330,-109.0249,-37.3367,-56.2050,96.0173,82.2550,15.7989,68.1253,78.1263,64.9023,-74.2534,60.0117,-0.6305,49.8793,5.8015,-157.5494,1.3467,-18.6220
-75.6485,-96.1238,-71.5221,-13.8111,-35.9031,128.7281,94.4609,50.1837,51.8503,93.8786,-9.3882,-21.3706,72.6313,46.2806,32.9612,19.6851,-92.7164,20.7259,-30.2642
-36.7448,-67.1053,-46.1085,-16.8305,-38.6825,104.8435,79.3929,24.8657,34.4581,85.8802,-20.7836,-8.1362,64.1921,23.8346,11.2864,-25.5940,-47.0843,8.9215,-19.3523
-37.8514,-115.9867,-68.5582,-39.9198,-39.9597,50.0222,42.6297,9.4197,26.4223,78.1837,68.1578,-55.4912,27.3997,-24.2688,3.5313,-53.2892,-59.5425,-16.4286,23.3258
-60.3132,-169.5810,-88.8554,-72.4424,-29.4752,18.8734,15.1159,60.0181,51.1849,114.0089,151.2252,-116.3046,4.5740,-56.4010,28.9898,-20.9081,-99.5587,-55.5666,75.3457
-75.9098,-180.7992,-90.8915,-109.8674,-39.0782,1.6005,36.9929,125.6843,88.8093,169.7541,172.4782,-153.5296,22.8988,-81.9843,74.6099,21.7551,-143.4899,-100.6649,112.0759
-89.6911,-186.7313,-105.3764,-128.8400,-55.4415,-26.4007,87.2619,146.4149,97.9407,194.4373,166.3387,-174.7398,45.6121,-93.4422,103.8308,49.2912,-175.4722,-113.9969,116.1080
-99.1765,-191.6110,-125.3648,-121.4555,-67.1128,-57.3794,91.9503,137.0881,72.3325,168.1701,165.2496,-195.2908,29.2434,-80.9575,101.2857,80.0113,-174.4365,-91.6029,76.9580
-94.5293,-169.7434,-126.0744,-108.5738,-98.1288,-79.5218,39.4266,125.7243,37.9803,112.8307,171.0122,-211.0118,-18.1956,-76.9029,81.5641,93.3381,-152.9679,-67.0384,32.2486
-81.1460,-138.8503,-107.6097,-88.2649,-109.8880,-79.8376,-0.1164,110.0311,11.7216,83.2636,157.6309,-212.0777,-54.8012,-101.0997,53.2378,50.5792,-126.7838,-41.5195,39.8906
-53.6348,-120.4271,-73.0792,-52.6543,-58.6758,-55.3442,-1.9065,95.0918,-10.7682,93.5109,112.7328,-207.8630,-60.2476,-124.7491,16.5701,-23.8305,-79.4907,-6.8295,74.9642
-8.0312,-111.1107,-34.7630,-35.3206,-13.7595,-38.1251,-13.3721,96.0974,-27.9324,91.6345,87.2394,-210.8104,-55.7598,-123.4061,-6.5310,-61.1774,-29.3244,2.9153,73.8857
23.0217,-111.1806,-19.0724,-51.1348,-26.5102,-40.6117,-33.0629,104.6573,-33.4179,67.8105,109.7367,-201.2920,-59.1234,-104.6350,1.2747,-43.1656,-19.1756,-22.9314,60.9388
21.5752,-110.0467,-21.6667,-58.2482,-36.5872,-24.2085,-14.6558,99.7948,-42.6200,67.8933,117.4044,-161.5599,-57.7085,-83.2975,12.9239,-21.5454,-19.9363,-35.3583,80.5437
14.0027,-96.6478,-20.3491,-45.2354,-22.9402,20.3687,9.5402,81.9318,-53.0503,90.3676,81.7154,-121.3838,-52.8294,-66.9185,7.2724,-23.2278,6.4661,-23.7071,96.2498
2.9058,-95.8302,-26.0784,-52.3052,-35.5448,49.2334,-18.1555,68.4200,-16.2611,119.4950,58.6467,-102.7865,-67.4924,-55.2644,14.6410,-6.1740,9.1012,-37.4899,90.7291
-32.5486,-114.5858,-53.1388,-83.2826,-70.3449,40.1879,-48.1906,63.8461,69.9350,182.8544,50.5854,-82.0538,-89.2167,-49.8878,49.9311,41.3538,-39.7820,-79.8040,110.5751
-71.6779,-112.7287,-81.6534,-103.7732,-88.8627,12.6955,-15.7427,63.2969,134.4040,260.2018,9.0914,-61.0504,-80.8340,-59.7597,77.6202,66.2705,-73.0016,-103.5072,145.4010
-89.1301,-83.9009,-90.8279,-105.6887,-84.4466,-9.6720,30.1440,76.2821,149.3850,280.3962,-31.4208,-69.1096,-46.8692,-75.0191,84.7032,67.9801,-67.9834,-102.4714,141.4631
-99.6994,-64.6882,-81.7127,-94.6959,-59.5056,-16.8601,28.3219,97.8748,139.5588,241.6049,-10.6603,-84.3319,-22.8800,-69.0713,87.7394,92.8778,-75.9837,-94.0872,108.4717
-104.5009,-62.3706,-65.8672,-66.1379,-34.7267,-13.5560,7.0355,81.8796,99.1364,190.0470,29.5685,-80.1057,-22.6833,-53.1286,72.4924,102.2471,-92.5698,-62.7920,71.5254
-87.6984,-59.6303,-56.7111,-29.6514,-33.8188,-5.8004,1.7023,19.1088,38.0225,139.9794,18.9460,-85.5991,-37.1691,-60.5703,31.7187,45.8042,-73.7671,-7.8020,30.1223
-68.0673,-39.0737,-46.7742,-1.7677,-19.0322,5.3841,2.7538,-17.8622,6.4319,99.5776,-25.2805,-94.4392,-50.2729,-73.4949,7.3149,1.9553,-31.1067,27.9290,17.8642
-60.6786,17.7596,-13.4400,16.8844,33.1495,7.2988,6.3386,6.1808,-2.1156,74.0610,-49.1238,-52.6883,-45.0631,-56.5339,15.5763,37.4385,5.3703,25.2106,50.8019
-44.9242,82.6386,24.0509,20.8526,56.1527,-8.7983,14.9276,34.3764,-15.7854,51.7425,-51.6627,16.1304,-25.5970,-27.6729,22.3493,76.2676,33.9220,5.7362,73.1651
-22.6052,92.7227,21.1604,-1.2192,24.0260,-25.3375,15.0830,48.9643,8.2342,54.7675,-61.7224,47.3098,-16.4663,-7.7902,21.9022,71.6026,52.8171,-22.7615,73.8307
-18.5784,60.9111,-10.4589,-34.6862,-0.9265,-30.5912,6.4112,99.1123,79.1029,104.2065,-78.2967,58.1239,-24.7054,23.0451,34.6525,88.9254,62.9493,-61.0385,103.1521
-28.5016,52.4539,-28.2559,-52.6794,-8.5524,-28.6804,3.5188,169.8379,120.6823,148.3746,-88.9118,80.9449,-36.4800,63.8301,51.6994,142.7945,71.9334,-84.2481,139.6715
-41.5396,59.7810,-34.5028,-52.9820,-29.8078,-15.9097,8.1497,199.6017,118.6000,153.5338,-102.4831,86.2076,-47.7464,85.8664,65.8849,186.6951,63.8497,-77.7370,134.1427
-59.7188,41.8069,-45.7069,-49.8808,-38.9011,-5.2650,13.1612,201.0810,122.3794,157.5792,-110.7821,65.6284,-60.7634,91.1711,86.1516,221.0984,30.4160,-65.3710,121.7656
-65.7294,17.5658,-49.6868,-47.1276,-27.6929,-18.0427,9.5173,213.4946,127.1300,162.6270,-92.1875,53.2817,-69.6477,92.8353,92.1416,231.7277,3.9509,-60.3828,135.2981
-46.8304,10.4429,-40.1697,-33.0558,-29.4105,-20.6903,-1.1157,217.8406,123.8002,142.3804,-92.1231,50.4544,-72.8307,85.7452,70.4184,177.8421,-0.9666,-39.3838,145.1161
-26.1710,3.3451,-24.4946,2.0564,-11.4578,26.0361,8.6416,192.4251,131.6346,122.8539,-161.3137,36.9894,-71.7850,75.6140,57.7850,110.0909,-4.4478,7.2334,143.3347
-19.5338,-7.3869,0.0032,41.5916,57.7768,79.4692,38.3198,145.0759,112.1182,111.8657,-212.2341,10.2628,-59.8430,62.3461,64.3080,91.7949,-8.2236,48.4736,133.1565
-22.3525,-11.9298,23.2014,54.1019,100.6488,86.5109,31.0739,78.5529,40.5183,80.2992,-137.8599,-22.2255,-42.3662,23.5021,48.4580,73.8569,-11.1708,56.4322,92.7181
-34.9387,-17.2603,25.3201,40.8914,73.5006,67.2430,-19.7954,15.0696,-5.4827,55.5162,-20.4183,-34.7099,-38.1279,-22.3269,13.8297,26.5069,-29.4944,41.6714,50.8247
-39.5699,-16.9089,23.7506,36.2868,55.5375,54.1493,-41.3622,-14.4154,2.4089,58.6834,2.9965,-9.0997,-42.2887,-28.4981,1.9035,5.0107,-43.0150,33.2364,51.9951
-13.3172,6.9222,43.8187,49.8180,78.6111,43.1239,-26.6873,-42.3803,-10.1502,36.8916,-32.7083,21.1603,-35.7254,-14.4139,-2.3269,1.5693,-14.9911,38.9164,46.4964
17.3248,37.4640,64.4331,49.8405,78.3001,23.9338,-42.5399,-102.9968,-41.9453,-5.8145,-26.6399,27.5191,-22.9879,-25.6029,-24.6364,-26.5101,25.7528,31.0448,-8.9595
21.6788,42.7613,57.8469,13.8707,41.2837,-11.7452,-78.3410,-143.4075,-26.8749,1.9294,13.5782,23.9035,-18.3460,-46.8592,-29.2170,-32.1276,33.1908,-16.0660,-49.2320
16.7055,21.4939,28.0209,-37.9594,5.0533,-64.7700,-80.7427,-130.2007,14.5320,44.1698,33.8167,2.8771,-28.9160,-57.7851,1.7472,11.8373,25.9689,-76.1163,-37.8701
5.7733,-2.8733,-18.4241,-71.3887,-35.0066,-107.0263,-68.8861,-115.7635,44.3519,62.5687,16.4095,-40.5271,-57.5660,-69.6114,28.4291,46.5214,27.9153,-100.7411,-26.9456
-23.4960,-7.0425,-65.6431,-81.3148,-76.4081,-113.0829,-57.6486,-106.6417,89.5273,70.3046,-35.9771,-51.6696,-77.9205,-63.5973,45.9475,68.8938,22.4439,-97.5209,-25.3897
-31.9725,8.3879,-73.6639,-87.7807,-76.1233,-99.5633,-16.8881,-57.3016,137.7413,77.8608,-88.6122,-19.5245,-55.5494,-26.0957,83.1033,117.4691,11.7450,-110.9636,-1.1416
0.3786,13.3460,-44.8055,-98.3063,-43.3104,-98.2164,22.2610,-10.5824,136.5443,64.1435,-87.4292,-15.6216,-20.8799,-8.5438,115.7601,150.0571,11.3889,-137.7009,20.7380
9.9049,-8.5426,-39.2652,-102.2420,-35.8484,-114.5023,11.5832,-30.1476,106.7015,48.9825,-35.4695,-43.4560,-24.1539,-31.0048,108.3483,132.8826,1.8486,-141.1926,14.7772
-24.1565,-33.3284,-68.1265,-94.2354,-48.8676,-122.1751,-0.8753,-57.7689,92.4686,47.8074,10.8896,-34.2631,-37.9007,-32.3428,86.7146,117.6025,-22.9325,-121.4980,14.1960
-34.8127,-36.0562,-73.6847,-76.4458,-35.3534,-97.3285,26.4069,-21.9874,81.7996,37.2477,15.1557,4.8426,-21.8781,8.0368,79.8318,123.9858,-27.6847,-98.6745,35.3801
-9.9541,-22.1917,-44.4791,-55.0049,-6.2367,-62.0876,45.4122,38.9888,76.6547,27.9080,-19.2025,21.9652,-4.5508,42.3168,79.3328,125.5109,-13.3644,-77.6419,51.6651
-0.2702,-12.5761,-28.8397,-43.8874,3.1040,-54.5670,37.8469,73.8372,102.8950,29.0536,-58.7173,23.4656,-5.2166,62.3097,88.8865,142.2605,-20.9754,-67.4442,47.7304
-0.5517,-17.3724,-32.8332,-41.7039,7.1324,-61.2634,33.3599,81.4390,119.8952,-6.7072,-59.4110,29.3994,-3.0670,92.9670,107.1259,182.0062,-40.2613,-68.6171,25.5308
16.6461,-20.1272,-19.9401,-24.5792,24.1825,-49.6785,13.0130,56.6897,72.0638,-69.9038,-22.6687,36.9613,-11.5874,113.3625,91.6973,184.3481,-24.8455,-52.4417,-3.7404
30.6703,-0.5728,7.7083,5.6052,32.0839,-31.0408,-34.3105,10.9431,7.5226,-75.9062,-4.2197,51.2078,-41.6068,96.5240,33.8617,125.0541,19.4300,-16.2634,-16.5040
34.0192,26.9385,23.1720,20.0409,25.2235,-20.5129,-56.3315,-9.5876,6.1798,-32.3985,-34.7019,69.0056,-45.0404,71.0769,-10.1682,54.1521,50.9426,2.4784,-12.9330
47.4981,41.2117,34.3743,25.1249,30.2489,-4.0304,-40.9461,-4.8949,37.5696,-29.8353,-73.6204,84.4861,-9.1175,73.0479,-16.9256,11.9112,53.9697,4.4055,-18.5428
56.2634,50.9288,57.1256,45.8620,45.5305,19.4984,-31.7872,-17.2148,22.3325,-65.7767,-70.7734,113.7658,11.3775,89.4483,-19.4386,-0.0078,34.8831,22.4721,-28.0185
41.7911,55.1332,72.9655,65.1511,49.0698,36.9812,-29.4820,-41.0886,-20.6117,-61.5392,-43.3724,139.4178,6.0038,87.1029,-29.1413,-2.5665,9.5198,46.0006,-20.8384
28.8485,39.6681,67.2417,65.5816,48.5776,47.3086,-14.3264,-49.0196,-29.1276,-12.1226,-46.3264,119.1188,9.5004,63.2062,-38.5123,-26.3478,3.6190,56.2766,-15.1408
28.2522,30.9381,62.3611,74.6659,56.5159,48.2354,-2.6114,-51.4064,-30.5706,18.8561,-76.6455,84.7309,13.1009,41.3746,-55.9056,-62.7889,16.0792,78.3342,-23.9692
14.2644,50.2105,70.4842,98.0235,59.3768,44.9990,4.6748,-53.6793,-62.1038,16.7326,-86.7878,89.8768,-0.6403,32.2035,-65.4804,-64.7467,8.4279,111.7055,-13.4653
-16.5512,56.5801,62.5210,96.6058,49.9590,53.8361,25.9723,-43.1872,-63.3937,26.1743,-79.5576,107.2167,-6.3859,29.5243,-41.3027,-31.2981,-25.0184,110.1731,23.8973
-36.9495,36.4435,29.9057,71.8448,41.2919,62.8116,42.7999,-37.0522,-15.2402,49.2409,-81.5760,112.1683,10.0558,39.3667,-19.5730,-11.7505,-33.6213,79.2275,33.9911
-30.2975,43.6065,18.6836,71.8832,41.2650,59.3349,34.7967,-55.2653,-18.3903,29.7170,-75.9679,140.7571,25.9433,70.0747,-44.9133,-19.8647,5.5732,76.9477,-5.9160
-6.4680,84.4130,45.5319,98.3509,44.4736,66.6986,17.7305,-81.1634,-80.4868,-30.2859,-69.0843,188.9268,21.1229,102.3248,-78.0932,-24.8891,49.4396,102.9277,-42.8396
5.9980,101.8608,52.4519,95.9512,32.4042,70.5020,3.2801,-95.4330,-65.2626,-49.6321,-103.9667,207.2501,-3.9676,112.3304,-59.4585,-0.0741,58.2014,92.2868,-36.4238
-6.6996,79.1866,6.3604,38.4269,-14.1285,26.7562,-1.4019,-82.6280,38.0309,-2.8618,-144.3540,186.9482,-29.3417,109.0404,1.0125,66.0272,39.3797,22.7145,-13.3952
-21.1440,35.9077,-45.3011,-32.1315,-75.8671,-20.2166,19.8633,-21.6161,90.0115,50.9618,-122.0355,142.6636,-35.8777,115.9214,57.8739,152.7468,13.5840,-46.9479,-6.1437
-24.0493,-15.6710,-68.5426,-60.1188,-107.4164,-14.3769,44.3454,58.3859,70.6903,76.1604,-72.9618,88.8269,-33.7589,130.2626,76.8881,193.5632,-9.2728,-56.9704,-8.2790
-37.8766,-39.4690,-81.8306,-43.8338,-100.9972,-16.3571,32.7594,87.8522,65.1349,74.2742,-44.5023,56.2309,-29.2927,119.6641,44.5770,146.5101,-21.7659,-23.3126,-11.4209
-60.7098,-5.7576,-77.5335,-21.2986,-80.4818,-57.0368,17.0272,67.1049,56.0760,45.5535,-10.6433,46.0516,-0.0193,69.8878,-0.5962,68.8198,-26.7046,1.8071,-22.6614
-60.5811,45.8908,-34.2236,-3.2710,-52.7502,-49.6164,45.7146,54.6984,7.0528,15.4514,-0.0521,36.3212,41.8377,29.1953,-0.3587,49.5449,-35.5015,14.8113,-35.4937
-43.2218,67.9368,7.0161,25.5041,-21.5471,10.9974,77.9509,55.4605,-12.6832,5.5591,-66.0853,51.1879,48.0738,50.6648,26.6051,81.1429,-41.0132,41.2362,-37.1133
-36.4492,67.4939,5.3392,54.5921,-3.4672,29.5133,61.3045,42.4371,13.7486,-15.9779,-120.9343,92.0324,27.0023,94.8085,17.6541,81.3004,-29.8148,70.3629,-35.6756
-36.4305,57.2639,-3.9495,65.5897,4.4151,17.3472,36.0202,30.5964,-3.7888,-58.3559,-75.5904,85.7577,22.9391,85.2873,-15.7787,33.5402,-19.9276,85.3734,-36.7541
-36.8927,34.4418,6.7538,72.1987,21.5668,41.9294,52.2976,29.6717,-64.6496,-74.4756,-19.2957,30.0077,29.5282,39.6580,-21.8634,-1.7082,-34.6232,101.8707,-24.1504
-43.2077,12.9160,8.5538,86.7636,48.9568,70.7079,82.0552,14.4014,-79.0334,-62.4495,-31.3804,16.1677,28.7707,24.8614,-13.8000,-14.4471,-50.3798,121.3181,4.6268
-36.5530,8.9685,3.9653,94.4506,76.1287,71.1160,85.0020,-6.3917,-53.5933,-57.7821,-53.1651,50.1451,35.0584,37.2096,-26.2951,-41.9654,-29.9549,120.0216,27.6392
-10.8937,22.6193,23.1873,86.4405,91.8897,77.1478,71.1513,7.1891,-44.2708,-38.9703,-64.7945,61.7463,41.2362,44.4879,-33.1505,-46.3281,10.9108,98.7536,31.2057
-6.9767,44.4778,33.2190,66.2864,75.5541,77.8316,62.1852,42.6688,-29.6440,7.3699,-101.4732,50.2735,28.1167,57.9867,-6.3132,25.4761,30.9193,73.2815,10.6304
-31.4637,51.4024,-4.0989,35.1629,25.1922,44.6708,57.9116,40.7180,-1.3679,18.6206,-111.0579,41.3719,20.3297,72.0680,16.0804,90.7607,30.9567,45.1344,-36.7758
-32.9259,37.7035,-38.9753,8.6411,-19.8266,17.0964,49.8513,-21.5519,-14.4376,-30.2021,-53.3029,21.9209,35.7490,44.7913,-4.0002,43.0070,39.9397,23.1760,-85.7005
-2.8016,41.6588,-22.1611,6.8380,-24.9626,16.4503,37.0668,-100.3861,-60.3782,-81.1939,-8.0920,2.9487,48.1576,-14.1163,-37.3216,-55.8886,61.0367,18.5396,-101.1901
16.0427,72.6794,10.1690,18.1028,-1.8207,11.6335,33.3897,-140.1194,-76.8643,-110.2177,-16.4997,-1.1555,56.1771,-52.4575,-42.1708,-93.9772,70.7607,19.2569,-97.4454
16.9607,81.1822,19.6088,20.2337,14.0671,2.3250,44.5309,-146.9424,-77.5580,-144.5809,-5.5138,-23.6363,82.3508,-71.3443,-32.1740,-100.5536,52.5017,17.3538,-114.4908
14.6029,53.9535,17.7932,14.7450,1.8451,-8.3164,37.8689,-171.1751,-102.4703,-177.6243,64.8267,-66.0025,101.4392,-103.9053,-40.7726,-137.4412,11.0569,19.6423,-148.7071
-6.0971,25.1884,6.3598,8.3897,-26.0077,-41.2528,-7.7998,-207.4211,-122.3339,-185.8902,153.0773,-87.0275,81.7827,-133.9284,-59.6707,-159.0660,-35.5462,20.6573,-168.4901
-42.2249,-6.7390,-21.4512,3.9673,-34.2790,-60.6877,-44.8658,-198.4485,-108.4061,-180.6030,210.4337,-96.2903,55.6527,-129.2724,-60.0041,-132.3311,-73.0366,19.9779,-163.2380
-53.2715,-48.9791,-34.6672,9.4732,-9.2814,-24.1430,-31.9035,-148.8203,-79.2271,-166.6145,205.9898,-116.9902,59.0949,-109.6516,-42.6981,-118.1378,-99.3247,29.9485,-135.5878
-32.5740,-66.0229,-15.8704,16.0949,16.8495,4.6626,-11.2851,-117.4729,-43.5907,-126.6491,152.3989,-122.4979,66.1248,-108.2480,-27.4139,-135.5318,-110.6574,33.9543,-94.5112
-15.8790,-51.0847,-4.7899,3.3451,9.7430,-34.1308,-27.8455,-109.0558,-8.6009,-80.5766,111.1131,-111.8453,41.3224,-115.8823,-19.2529,-125.3476,-96.9870,11.6529,-65.2123
-14.9152,-35.2495,-18.5520,-13.8255,-16.8115,-80.2478,-58.1145,-91.1776,-5.5719,-71.1853,104.5576,-122.8839,-2.9619,-118.8144,-18.2039,-89.6714,-62.5803,-5.6574,-57.7437
-9.3217,-12.2442,-9.7325,-3.5014,-18.1983,-75.7000,-78.2326,-70.4439,-38.0207,-86.9996,98.0766,-147.8065,-31.6328,-135.8608,-32.5171,-95.7043,-26.2505,11.1911,-49.9443
12.0596,23.7355,40.6974,19.8416,20.2293,-54.5764,-86.8082,-56.8072,-72.5283,-82.7558,87.3527,-161.6232,-25.6278,-170.3497,-51.8329,-137.2684,-1.0614,29.7831,-31.5172
38.1577,33.1680,77.0430,12.3991,56.6750,-56.5648,-59.6856,-29.9039,-80.2982,-48.9917,84.2468,-174.9198,7.0258,-186.2585,-40.7803,-138.4860,8.0835,9.9655,-15.4421
47.5015,11.9719,58.9836,-31.6286,43.6269,-82.6111,-6.3371,8.3733,-41.0581,7.7918,60.6319,-184.8134,30.9738,-170.4319,4.1952,-82.1810,5.3422,-40.9140,-3.2865
30.1600,-2.0666,17.0773,-72.1999,-3.6673,-121.3944,-1.0234,26.2055,25.1669,84.9741,20.3508,-175.8651,10.5079,-153.5781,31.1801,-27.8685,5.9245,-81.9537,8.2570
3.3088,-15.6943,-10.8535,-75.5770,-28.5353,-149.1840,-58.3464,6.8801,52.7750,136.3404,19.1087,-163.6421,-46.7081,-150.4398,12.1119,-15.9393,11.1159,-80.5526,15.0937
-9.7565,-42.1970,-24.8256,-55.9602,-18.8102,-154.7610,-106.0417,-45.0286,45.4640,115.9837,42.0884,-151.4701,-98.6755,-146.1161,-5.7320,-22.2013,2.9775,-58.5677,25.0207
-6.0748,-44.7552,-30.2667,-47.9420,-13.5230,-159.4068,-121.2989,-102.0109,74.9947,69.3184,17.7244,-121.0826,-121.9791,-135.7182,11.1935,-15.8191,-12.1964,-61.4964,35.5894
3.5365,-17.6487,-25.1628,-44.5705,-21.5559,-163.1388,-134.2437,-120.2808,120.3356,46.4518,-34.0221,-90.5874,-118.2083,-120.2214,18.3751,-16.8384,-8.9873,-67.3984,19.4608
3.8270,-5.3538,-21.5745,-19.4099,-10.2382,-138.2664,-128.0339,-101.9285,111.3170,8.9102,-39.2705,-74.4108,-88.8774,-93.7354,-6.9857,-44.8249,-1.3448,-34.3525,-9.1473
-17.7902,-8.5923,-34.0600,2.8434,12.9297,-98.4766,-91.1591,-100.1936,87.5046,-48.6934,-9.9856,-42.4162,-54.2285,-66.7064,-12.3403,-53.7788,-15.5432,-8.9222,-2.5124
-47.9361,-2.6386,-54.6070,-11.6185,1.6587,-81.6195,-75.6335,-125.8244,95.9936,-52.5503,3.2524,-6.0666,-52.5251,-55.2949,14.1573,-9.2733,-26.8192,-33.7958,11.9396
-57.9125,-5.6851,-64.7512,-31.0737,-30.9840,-79.0111,-97.5783,-134.8242,86.7994,-7.0443,6.8964,-17.7142,-76.5582,-50.9094,16.8485,33.4501,-10.9097,-49.1836,-23.0081
-49.6387,-26.1497,-60.4341,-27.2390,-29.3016,-67.5186,-108.4640,-115.3060,62.8307,16.5606,15.1488,-54.6673,-80.7132,-45.6900,1.1421,34.2682,0.1479,-32.5926,-58.7913
-44.4960,-34.8756,-55.1440,-38.8171,-14.0831,-66.2185,-93.0157,-91.9056,89.8825,31.7112,12.6571,-60.4004,-65.4336,-51.0250,22.7569,40.5106,-14.1728,-53.8171,-29.8069
-36.9897,-30.0265,-62.0001,-73.9509,-44.7546,-92.6889,-72.3508,-71.1245,126.3931,60.8420,-4.3010,-55.7936,-64.0156,-61.7510,55.4676,60.6762,-21.7863,-98.1906,6.5170
-15.3563,-27.7075,-70.4550,-72.8110,-83.1224,-115.9983,-49.9433,-54.9951,103.9913,41.9188,-30.1098,-71.2286,-66.4424,-57.5275,41.1868,36.2684,-7.4894,-76.6163,-13.1948
1.5986,-18.2873,-60.8861,-34.2331,-62.1475,-108.7853,-32.5113,-57.8596,68.9167,-27.2698,-48.3866,-75.7464,-47.4336,-43.0754,12.7969,-6.6243,3.2955,-23.1829,-46.4231
-0.7267,-3.0263,-45.4660,-27.1847,-29.4777,-99.8354,-33.9418,-72.6097,53.0502,-65.8602,-16.4939,-62.3285,-24.3670,-37.6919,16.4164,7.3102,2.9986,-29.6707,-60.7022
-0.7339,6.5410,-42.0399,-46.8055,-44.6365,-117.3703,-43.2654,-72.8066,14.1684,-78.4504,43.8580,-69.9205,-23.9585,-47.4682,17.4409,31.6977,12.9636,-54.2158,-75.3809
20.0986,32.9086,-23.0245,-24.3377,-45.6416,-123.3162,-46.3323,-49.3259,-27.9754,-109.1131,24.6060,-94.0040,-42.6676,-70.8613,-7.3802,-10.6241,42.1664,-18.5063,-60.9590
44.6734,76.5003,28.1610,26.6241,17.1633,-80.5347,-41.2172,-11.4397,-22.6966,-110.0542,-75.2169,-97.0774,-58.4179,-94.1845,-14.6408,-60.1281,70.7381,30.1674,11.4065
49.6994,84.5920,58.5847,34.8179,67.6496,-35.7984,-22.3073,20.7954,-1.2484,-60.4354,-115.1134,-80.0355,-51.0405,-92.6064,8.1174,-44.9105,74.1534,22.2842,72.4343
42.9424,59.8992,39.4007,8.5572,51.3105,-42.8980,-8.9738,16.0023,-7.5838,-45.4185,-62.2719,-60.5644,-32.2962,-70.3655,12.9986,-19.5015,67.7008,-7.9567,59.2559
47.6720,69.0778,26.2338,4.3799,23.2159,-71.8020,-31.6677,-28.6398,-32.7674,-88.9389,-29.6826,-43.9231,-37.5267,-63.6341,-13.2938,-34.1980,89.8433,-9.6119,14.8953
62.3812,103.5820,45.1674,17.1269,23.0911,-88.3102,-62.9183,-68.1872,-60.4372,-110.6831,-44.0640,-42.4445,-61.8012,-82.2450,-34.8225,-52.0359,125.4850,1.3848,-4.3040
62.9136,96.3165,44.6328,14.2073,25.5329,-108.4613,-58.8979,-67.3548,-60.6092,-81.9336,-46.6334,-54.1267,-66.1676,-94.5639,-38.1389,-57.3510,124.3388,1.1767,3.7155
50.7490,59.0075,16.4120,6.4123,22.0005,-114.3894,-40.0578,-45.7543,-16.7705,-48.4502,-49.1188,-42.6972,-52.5724,-76.6634,-37.2551,-69.7385,99.9780,-2.1230,27.2238
50.3922,46.5504,10.4648,3.4482,19.7237,-73.0946,-35.0131,-41.8108,13.7810,-29.8508,-66.4189,0.2921,-48.4752,-46.3030,-30.7032,-69.5077,98.6458,-11.5463,51.8727
50.5873,49.3399,18.1133,-16.1131,1.3666,-40.7350,-34.3051,-63.8537,1.7893,-10.4467,-48.3257,27.1728,-53.3508,-44.3019,-12.4180,-43.7105,99.5120,-42.2704,62.9497
22.6941,36.4838,-3.9101,-45.5467,-29.5857,-75.0671,-42.8801,-87.8050,7.6088,12.9275,1.8384,11.6187,-64.0759,-78.1547,2.2019,-27.1831,68.1469,-74.1798,71.0569
-5.5814,17.1976,-28.9304,-52.3413,-36.2132,-113.8053,-61.2037,-84.5088,33.9353,22.6217,28.2995,-14.7460,-79.7589,-102.1011,4.2945,-28.1828,35.6958,-77.0964,86.4525
10.2682,4.0043,-13.2118,-46.5827,-21.2710,-96.2062,-53.4661,-53.7628,16.3926,6.6982,42.1861,-25.0346,-75.7278,-89.2280,12.6523,-17.9190,25.8137,-70.5390,93.4700
42.9853,-4.7221,14.2878,-57.7719,-25.9874,-74.2934,-33.4265,-30.2076,-18.0193,-15.9298,76.0450,-23.8772,-55.2894,-72.8919,30.8297,-0.3916,13.7249,-86.2496,87.1392
41.6406,-13.9825,11.3412,-71.6920,-43.0353,-91.8817,-50.3365,-30.9831,-2.0043,-14.7829,105.1238,-17.6326,-54.4360,-70.6966,35.6616,5.9812,-8.9870,-104.6728,81.5540
15.9820,-41.4196,-8.9644,-63.9151,-25.5538,-111.6228,-55.6063,-24.3356,34.4417,10.8699,107.9761,-20.6357,-50.3823,-59.2947,31.8772,11.0790,-40.7577,-92.6676,78.9103
-2.8910,-81.2429,-20.5834,-44.4403,19.3073,-108.6011,13.1989,4.1730,34.4557,31.9348,97.7757,-52.7425,-5.2166,-50.0204,41.7696,13.7717,-86.0212,-57.5290,74.7822
-10.4099,-83.3705,-18.0577,-27.7144,43.0694,-94.1492,77.2576,15.5819,-1.2412,20.4242,85.1215,-90.1961,32.0577,-65.5764,48.4287,4.3952,-101.2047,-26.2158,63.6849
-1.7193,-40.5147,-0.6653,-16.4506,45.7126,-70.7782,61.4258,3.2534,-47.6511,-21.5981,80.4982,-90.1435,23.6212,-66.1772,36.0949,13.5777,-51.1769,-16.7631,33.3754
20.3537,-12.5761,18.3799,-16.8325,55.2734,-54.2878,36.8012,13.0128,-67.6826,-57.9108,82.9130,-71.3622,21.4738,-28.5190,36.2052,58.0335,-4.2431,-29.1763,-4.5318
22.7319,-13.8024,10.9482,-26.1723,51.1680,-65.5467,52.8108,35.2075,-43.7256,-66.5826,67.8971,-69.9557,35.9068,-5.3762,56.9379,91.6717,-13.5860,-40.8568,-18.0910
-1.6766,-3.3490,-23.1938,-34.7618,8.8900,-78.2413,49.2570,20.5450,-16.4152,-61.4357,40.0938,-53.3494,14.3193,-6.4707,58.0946,94.4683,-10.3811,-43.1572,-9.8796
-11.6703,9.7124,-47.7152,-49.0481,-30.5507,-66.3169,20.4250,6.1596,-1.0830,-26.6864,23.4468,3.5710,-18.4274,22.4408,40.7399,106.1459,38.3156,-60.5906,0.0979
3.7295,-3.0738,-42.4849,-71.7066,-34.5742,-63.8284,24.3175,45.6243,42.1184,68.5138,-1.7084,43.4576,-7.3119,60.2305,43.0596,126.4740,54.0267,-92.8779,16.8488
9.6952,-12.4433,-31.5754,-88.8830,-46.5566,-99.9629,30.5314,73.4156,101.2432,165.8212,-42.1861,32.1973,4.7045,42.3240,53.1300,115.9557,20.4230,-110.3898,29.9846
-3.0655,-6.0733,-44.4173,-102.1038,-94.4852,-144.8911,-18.7962,30.7467,134.2133,186.9495,-48.8646,14.3640,-29.5323,0.2680,44.2590,90.8145,2.5876,-119.7235,14.7162
-20.0234,-23.3631,-73.7073,-113.1643,-125.6135,-160.8074,-70.4926,-5.5804,157.9036,167.6859,-21.1301,9.3636,-64.9597,-7.0728,38.1098,87.4479,-6.5269,-130.3999,2.4956
-44.1694,-50.7349,-86.3449,-95.4637,-97.3584,-141.0530,-53.1069,19.9522,171.5714,161.5898,-18.4045,-2.3099,-62.4800,-0.5563,50.0232,93.5927,-45.0435,-106.5238,32.7920
-66.1638,-36.2252,-67.9493,-50.0966,-44.2371,-103.4030,-5.5871,43.2709,133.8123,139.9607,-35.4685,-0.9128,-45.3124,-1.6210,54.7612,95.0785,-69.9806,-52.6516,65.6061
-57.7621,-8.8728,-37.7825,-24.6840,-9.2711,-78.1209,-0.1727,30.1242,84.1972,103.5940,-21.1168,27.9350,-33.6778,8.3107,41.5166,91.8720,-51.5869,-33.5644,63.9712
-34.7651,-24.8008,-18.9477,-26.6902,11.6161,-72.8472,-24.1187,18.3902,87.2726,101.2437,13.3845,44.4117,-25.0755,14.7514,29.4080,67.4578,-49.8143,-48.3805,67.2208
-43.2725,-54.0606,-17.6183,-17.5832,26.7107,-62.0996,-16.9683,9.1524,101.8527,110.3710,26.1940,38.8254,-16.8046,0.9293,32.5267,38.2602,-96.1596,-37.3408,90.3445
-74.8340,-51.3945,-28.3360,0.9889,22.2646,-38.8991,25.1945,-8.5845,87.7711,93.8168,9.4290,47.2056,-6.6208,2.1908,48.8362,51.3968,-138.1802,-6.9429,90.2380
-80.7347,-35.7231,-35.0671,3.4440,7.1137,-23.9901,47.4532,-4.6478,88.1631,87.3136,-25.6276,67.8241,-0.2253,31.4655,60.9647,85.4803,-133.4083,-0.3889,68.8148
-53.3098,-23.0113,-18.2516,0.7286,18.0836,-19.4952,24.3645,18.3165,102.4331,98.5445,-49.1401,81.9362,-4.8636,55.3748,53.8880,94.1539,-92.2589,-12.8675,62.9609
-22.7693,-0.6074,14.9776,-0.0279,47.2131,-21.3549,-8.9478,25.9480,80.5090,88.5843,-29.4051,98.0881,-11.6081,67.8157,43.6664,109.7368,-45.3471,-31.8762,60.3654
-5.0220,17.7579,26.5097,-17.6049,36.5682,-44.1898,-18.7675,34.5450,49.7374,76.4192,-1.3948,99.7905,-18.5584,73.7478,48.0390,145.5561,-16.6588,-57.3760,46.6010
2.7804,18.0006,0.6248,-39.5577,-17.2678,-73.8330,-3.9091,64.5783,63.2290,86.5370,-35.2018,62.8074,-32.6193,55.1415,51.1911,131.7864,-1.1056,-63.3090,50.7693
5.0445,26.2631,-26.4311,-35.1353,-47.8878,-63.7389,28.2898,85.4486,90.4501,81.8283,-114.7041,33.0430,-32.6662,30.8086,41.5934,68.2140,22.6767,-38.4855,71.2122
3.2998,49.7756,-23.0447,-15.7879,-34.2854,-15.3690,55.1498,89.8633,86.1363,59.2234,-148.8222,57.0081,-4.6563,43.1159,30.4824,39.4374,45.4748,-17.2679,72.3162
-6.4465,53.8293,-12.0077,-4.7618,-22.6025,19.8469,46.7753,108.4620,67.2865,56.5563,-112.5123,91.6813,11.0010,72.5323,17.5457,48.2166,42.1021,-9.2080,66.6826
-22.6827,33.2889,-23.7626,8.4311,-31.2034,25.8067,18.4538,130.0948,56.0668,51.7837,-80.8644,86.3132,-17.3642,78.3089,-0.6737,39.2965,26.1335,16.3737,81.1586
-25.7387,20.0226,-36.3344,34.1896,-33.7865,32.9644,5.6554,118.7482,37.0122,10.1953,-99.6889,55.2075,-57.7924,68.1040,-11.6358,17.9609,25.1188,60.3126,86.2378
-1.9223,22.3370,-11.4000,60.7123,-13.4452,54.9817,-4.4460,79.0173,-1.5253,-45.8791,-111.3013,26.4844,-67.8680,52.8132,-19.2564,-8.5986,29.9332,91.8647,56.8348
31.1414,29.9449,39.0595,83.8500,29.5164,74.8446,-29.9565,36.8455,-38.8456,-101.2290,-69.8422,16.9349,-40.8836,29.2092,-42.6515,-68.1248,25.3428,104.4831,24.8775
45.2526,44.7149,72.6751,109.5119,78.8428,84.4579,-33.9366,6.7930,-54.8576,-149.7223,-36.2390,34.8423,4.7291,16.1342,-69.9097,-133.0408,18.7892,118.6127,13.3389
30.8594,62.9116,76.7517,129.5134,102.6759,92.4846,6.9086,-9.0011,-61.4674,-147.3116,-62.5163,53.4078,40.0568,17.1173,-75.2214,-146.5629,12.0812,141.3700,5.0360
4.7779,72.7885,70.8179,128.4949,99.8052,94.3886,49.4500,-23.0157,-72.9096,-91.3696,-93.9203,46.1830,53.5156,5.1135,-63.2869,-119.9641,4.0092,148.3860,-8.3970
1.6411,76.2449,72.8079,105.9480,97.6944,76.2716,60.9667,-38.1015,-78.4497,-47.4872,-83.8349,37.8190,63.0117,-10.1864,-51.4837,-93.9025,11.0876,118.6186,-19.2065
31.7536,71.9097,79.3422,74.5910,87.6656,51.1122,60.0267,-36.2395,-70.4486,-31.1921,-67.5231,50.1518,73.9393,2.5684,-43.2707,-76.8821,32.6132,73.3062,-27.6406
52.1628,48.6435,69.5679,44.6817,50.6285,41.1201,58.0180,-26.2894,-53.5736,-7.3327,-57.8442,65.3095,72.4460,28.4955,-35.5802,-61.5239,34.8501,41.3577,-35.9465
30.9444,24.1575,37.7194,20.7683,16.3709,31.8527,42.4048,-38.0507,-28.2792,6.3249,-23.6455,79.7588,65.4028,43.2518,-28.6646,-38.8176,14.9383,16.3762,-45.4799
9.7834,30.2684,15.7023,7.8272,7.0888,8.4140,17.5527,-54.1705,-8.0960,-13.0555,9.8546,102.2327,62.2548,52.9163,-28.4060,-16.9425,15.9344,-6.5886,-53.7021
31.1703,54.9346,29.0779,7.7780,-0.7574,0.5427,10.8673,-40.2351,-9.4293,-16.3937,-16.4164,115.6802,51.6687,55.3483,-34.4459,-24.6761,45.7776,-9.6954,-40.8539
58.7661,69.2817,53.1054,17.7346,-3.1592,21.1045,35.6752,-17.9649,-12.1355,19.2695,-87.5573,117.2223,39.9478,44.2850,-33.3406,-52.9002,64.4407,6.1706,1.1305
47.4048,81.3922,58.8726,36.4331,29.4871,30.8187,63.3057,-14.6078,-2.3089,34.8481,-130.6875,123.1745,42.1293,32.5774,-25.1830,-58.8750,60.8430,23.6127,42.7251
20.5721,96.5981,56.1970,51.0759,64.1020,14.8633,50.8187,-4.0174,-7.8942,18.9579,-111.5805,112.4545,32.6581,16.7689,-27.6364,-45.2175,61.2266,34.1566,64.9459
13.8362,87.4228,50.2688,33.7876,42.8378,-2.2377,2.2075,27.9329,-25.0004,40.6940,-62.5072,66.7991,-10.0229,-12.9796,-36.7257,-36.7292,74.2381,21.1862,79.6210
15.9567,53.8713,25.3371,-11.4713,-13.5090,-25.4412,-34.1872,48.1785,-15.5021,98.3802,-27.5949,25.4113,-49.4836,-30.4645,-34.0234,-19.7640,85.3882,-18.4724,80.2570
7.3074,31.7292,-10.2538,-41.5223,-44.6227,-68.3926,-36.7284,49.5153,9.8223,109.0272,-11.0265,11.4956,-53.3603,-20.3524,-23.3600,11.7641,81.9366,-46.4570,56.9311
-4.6116,20.2046,-34.3526,-47.9187,-47.3161,-100.0672,-24.5718,64.3735,31.5886,74.6345,-1.8906,-2.6768,-41.2678,-5.0035,-6.3175,41.6153,58.7211,-50.5581,37.9022
-7.7341,-5.5511,-50.6949,-60.4075,-57.3865,-93.0400,-8.5198,89.6351,64.7817,68.0461,-11.1426,-14.1157,-34.1090,18.6051,25.9098,79.2416,27.8809,-61.8680,31.9739
-6.4345,-23.6417,-62.2616,-67.6942,-78.0911,-62.4010,8.1793,85.8137,80.3566,70.1402,-33.5859,6.8250,-28.5137,62.0238,47.5293,118.1675,13.7827,-66.7307,5.1601
-12.3394,-2.2054,-54.1487,-43.5610,-83.6747,-27.2837,9.5345,53.1278,43.5002,29.5111,-38.6839,36.6484,-24.2579,83.0060,34.3881,118.2143,17.3056,-36.3312,-32.5523
-23.5675,30.5655,-35.8175,-21.8212,-74.1590,-0.3269,-6.1168,30.6799,16.0848,2.0658,-35.9301,39.0876,-28.3312,58.7933,21.2206,95.3512,22.0807,-14.9430,-34.1480
-23.2388,30.4268,-33.1483,-32.6320,-74.8120,7.8652,-21.3085,28.8503,46.6052,31.7174,-53.7603,40.2068,-41.8898,48.6648,33.7661,100.8185,24.1093,-34.9419,-11.6444
-11.9122,2.5725,-41.0264,-39.3500,-85.0321,12.9636,-30.2336,30.9716,79.1768,45.7354,-64.8409,72.8346,-52.8868,89.9134,42.2695,118.8683,12.3741,-45.1298,-6.5125
-17.0409,-26.5965,-48.1433,-21.7500,-82.9075,33.8304,-35.4087,36.8941,83.3907,11.6579,-37.0379,104.9672,-44.0876,134.6722,34.0406,115.2155,-25.2569,-21.9384,-16.9037
-48.3873,-52.1005,-66.6449,-11.5467,-74.5667,56.4524,-32.4803,45.5148,83.4429,-6.1124,3.0731,90.9965,-25.1340,140.5104,30.2521,111.3972,-62.8739,-2.9495,-32.7230
-82.4888,-71.7962,-91.9019,-11.9833,-78.9365,71.0764,-18.2183,36.7176,65.6328,3.5465,23.8405,54.0636,-23.2017,124.6628,32.8335,122.1599,-78.5521,9.8909,-51.1214
-100.3634,-66.2880,-94.3298,3.2265,-80.6780,90.0814,10.1727,13.2416,37.3174,0.5384,11.2538,55.7389,-24.4971,113.3908,35.7513,119.6129,-93.0623,34.9938,-45.9392
-99.2418,-24.9592,-69.1903,32.7236,-54.8624,106.7236,49.5552,0.4695,41.1774,-8.6917,-48.1139,92.9400,3.1333,104.8904,34.5443,83.9954,-98.7999,61.3742,-19.2167
-84.4469,26.7889,-39.9229,69.1248,-7.9400,107.6414,71.9388,-7.4809,34.9753,-23.2417,-112.8125,102.3023,35.7677,86.6665,4.3669,21.6318,-58.3839,96.6775,-20.2937
-75.5378,51.0127,-18.5542,109.1111,38.2139,106.9895,61.0986,-29.0874,-28.3997,-58.0112,-108.0731,77.1104,38.8876,62.9855,-46.2127,-32.8192,-11.1580,145.9682,-47.6244
-79.1727,48.0091,0.0467,121.9155,64.4319,112.9332,50.5053,-44.7366,-79.7473,-71.5541,-50.9253,74.3259,37.3204,51.8374,-58.9771,-34.7434,-17.3285,156.6851,-47.6185
-65.1606,53.3063,20.9714,96.1007,61.8343,114.9036,60.4348,-29.5534,-86.2608,-48.6961,-20.2259,97.4864,49.1028,57.4454,-34.0638,1.4368,-21.9695,113.2894,-25.2768
-22.9771,76.0171,40.4502,73.0561,47.2603,118.4786,62.7552,5.4270,-111.1487,-53.0745,-25.0667,101.1770,47.2933,73.8549,-27.4290,27.6160,36.2891,81.3210,-28.1663
10.4322,83.7144,46.1732,64.8856,37.3295,126.5741,54.7304,35.3403,-138.5194,-86.3447,-26.7032,93.4782,37.4241,103.1913,-29.5305,52.7501,87.5403,73.4636,-52.4362
21.4345,59.4203,35.9314,40.5019,20.6354,118.9749,63.1809,45.4572,-113.4882,-88.7024,-12.5542,103.4496,48.2240,131.0992,-5.1959,85.0620,69.1963,42.4980,-60.8804
30.4825,27.7693,25.3335,18.9562,-0.7337,101.3045,68.5932,42.9653,-90.5523,-82.9140,16.9012,108.3163,56.6854,127.8340,2.7760,65.5000,38.3497,18.3077,-42.7188
28.9568,14.2334,20.7165,40.6099,-0.3360,105.3068,41.3313,49.4158,-106.6238,-108.0656,45.5392,91.5825,40.1237,102.3977,-38.6380,-13.3919,37.8311,53.6124,-16.8658
6.4948,15.7353,13.6193,65.9980,9.3782,118.5599,15.9351,52.1167,-99.1369,-117.3266,43.3172,73.6895,31.7071,81.9153,-66.1927,-60.3961,30.9194,89.8797,-13.1559
-5.6151,19.4983,4.6289,40.4776,-7.9745,99.5860,26.5988,22.1071,-65.7661,-90.5214,25.7827,48.1969,44.0264,51.3466,-37.3000,-42.1474,10.9428,58.3452,-34.1587
3.4255,21.5881,0.7372,-0.4239,-31.7720,61.7960,43.0870,-0.9080,-64.5273,-70.3333,31.7355,2.2863,47.2178,4.5131,-7.1549,-23.9529,14.2348,10.3092,-42.3958
8.0606,17.5487,4.2002,-4.8860,-22.2421,52.3277,39.5945,31.8607,-82.6321,-51.5245,51.7870,-28.5828,44.1523,-12.6977,-18.1857,-32.8305,33.3895,9.0910,-29.6301
12.4082,-0.6962,15.9835,1.7124,-5.2993,57.9736,37.3938,59.9942,-89.3464,-16.2327,70.1625,-21.0867,55.8115,9.2036,-31.5884,-30.7456,25.3130,18.2534,-35.4017
19.3699,-24.8987,22.7948,-16.8987,-20.6341,28.8646,56.1324,22.2070,-89.6357,1.6675,99.5286,-1.7962,71.5827,18.9053,-7.5297,-1.3592,-27.4398,-6.2854,-56.1677
-11.1960,-35.2978,1.3728,-37.7148,-41.9879,-13.3014,91.7729,-11.7060,-65.5308,5.1178,121.0895,15.7101,84.2822,6.7056,32.8230,33.8269,-96.8501,-32.8555,-38.7683
-67.4137,-42.6751,-34.1757,-35.1024,-26.5555,-6.2364,126.0320,22.0446,-12.5536,41.6755,102.6682,28.3018,96.3395,5.5885,53.5214,50.5001,-133.1317,-29.4635,20.8635
-72.8778,-76.1781,-42.4560,-28.9919,10.6102,23.0778,132.2928,66.3423,25.6082,97.9764,69.1049,5.0598,87.9084,5.0725,57.2545,40.4980,-128.3388,-21.5764,72.1821
-32.6431,-111.7350,-26.5078,-34.1242,25.7902,6.1627,102.4157,69.6432,39.0298,117.0731,56.9960,-46.8193,58.0558,-16.4115,57.2461,17.3210,-121.5844,-27.3347,82.1085
-19.4784,-92.5119,-16.3997,-26.5943,14.6389,-16.0763,54.3945,52.7167,39.5325,79.8719,57.4483,-58.6939,39.3519,-28.2518,37.9613,-4.9136,-109.0664,-19.6160,51.1012
-17.9534,-31.4189,1.9722,6.0430,9.1955,30.2401,0.9569,28.2987,1.7956,11.8416,53.3247,-13.4223,29.1137,-6.0646,-8.3857,-30.1906,-50.1492,12.2027,4.6169
25.4528,2.8622,48.9806,34.9219,21.5337,90.1133,-46.0781,0.2151,-56.6608,-33.7503,41.8572,21.4743,2.3761,17.4510,-41.7240,-50.7912,14.6109,35.3419,-20.2785
63.0012,-8.3778,83.6211,34.8340,27.0898,80.6545,-56.8764,-11.1239,-69.6070,-27.5156,27.9940,0.3515,-20.1394,9.8184,-23.8799,-36.3701,0.2695,31.9420,-23.7640
36.7003,-33.0535,61.4129,16.5681,8.2070,40.6473,-28.6824,-16.5301,-52.5977,-19.3314,38.4235,-53.0363,-13.5235,-18.1954,15.9118,1.3538,-65.4464,22.0913,-40.1393
0.2415,-52.4465,18.1845,3.8942,-13.0321,32.6070,-5.1255,-37.1591,-68.2512,-53.2438,86.5107,-96.0151,4.9571,-45.8689,18.5582,-6.7200,-86.3510,22.4016,-65.8081
10.5578,-57.1801,18.3953,8.6314,-3.3356,41.9026,-4.8911,-49.0790,-95.6871,-80.9431,123.9699,-104.2988,23.3884,-67.3525,-14.1109,-74.6027,-63.7685,29.4477,-61.6662
29.5059,-40.3844,50.2268,23.4024,31.8913,44.0776,-1.6188,-39.0162,-79.7121,-65.2798,99.8904,-84.0491,41.1111,-77.1125,-24.2130,-115.5423,-60.1356,33.8003,-27.8911
24.3036,-18.7517,53.4843,28.2441,50.3100,34.3919,6.3906,-41.3123,-35.8207,-55.7549,40.4057,-66.9858,38.7297,-71.5973,-1.0045,-88.9717,-62.3503,28.0068,-10.3357
30.2174,1.5489,35.3781,21.9213,35.1385,6.0359,-15.1500,-72.4270,-25.1086,-88.5748,11.5046,-69.8121,16.3582,-69.6157,-5.5301,-79.2473,-18.8618,19.3996,-38.1494
62.5027,41.5475,55.5518,27.3095,24.5762,-18.1444,-68.6936,-110.8105,-64.0603,-130.9409,22.7211,-76.3894,1.5321,-90.6293,-53.1095,-128.5314,48.5318,22.9117,-86.2668
82.8693,88.0737,100.1599,44.3750,42.6944,-10.6820,-108.0801,-131.1130,-87.0199,-143.0739,10.9237,-72.1380,-7.0548,-111.4384,-72.4326,-149.1064,79.6660,29.9995,-102.8400
73.4934,101.4206,100.2140,47.1760,52.1626,4.3214,-107.1532,-116.5925,-42.4654,-122.8036,-53.6243,-60.1321,-26.4180,-96.9118,-40.2383,-101.9969,76.7150,25.0838,-78.0646
56.9224,90.0569,63.1063,34.7691,25.6714,5.1814,-97.0521,-83.0791,2.0316,-100.0349,-96.3110,-47.3749,-47.5533,-65.5158,-21.0928,-62.4871,81.0118,18.0444,-55.4104
48.2360,80.7791,42.3852,19.3902,-7.7484,5.0618,-102.6910,-67.3706,-14.4192,-91.7656,-65.4653,-42.6699,-62.2818,-56.2038,-28.2596,-51.3555,93.0454,9.4116,-51.0523
47.5087,62.1546,30.5351,-8.8292,-23.6261,-4.1601,-93.0835,-56.6786,-10.9774,-66.5426,-41.8461,-47.3971,-67.7327,-55.6050,-7.0491,-19.0505,88.7268,-23.6311,-33.7137
51.6000,36.5366,9.4519,-41.3809,-29.3828,-29.8918,-47.4421,-20.0760,58.1691,-11.8984,-82.5610,-43.1635,-45.1704,-35.0892,34.0428,18.1942,69.3126,-63.4044,-7.3171
41.4603,34.2656,-1.2933,-44.6567,-32.5045,-44.1828,-8.3145,2.8611,92.7447,15.1766,-105.6674,-24.9493,-7.0672,-19.3376,40.2835,15.8650,44.4074,-63.7148,-7.1582
5.9453,39.2038,-16.1255,-35.0701,-47.5479,-49.4401,-3.5461,-24.1421,67.9201,-6.6980,-65.8312,-26.0447,-0.0298,-42.9374,27.4791,-5.2143,13.0985,-43.8775,-15.3233
-24.8352,14.6403,-59.0932,-57.2187,-86.0873,-67.0962,1.2524,-48.2828,74.8588,-17.8607,-33.2142,-59.3494,-17.9462,-80.5948,41.5649,-11.2343,-14.5550,-57.6770,2.1362
-32.2043,-18.8596,-88.7180,-88.6580,-110.9082,-65.8366,20.5093,-41.1966,96.9060,-1.6010,-18.9063,-78.8991,-17.3740,-85.2029,67.7419,5.9723,-29.1323,-88.7589,17.7080
-48.0108,-31.5049,-85.3633,-87.9375,-91.6844,-38.2089,25.6015,-63.7095,65.6304,-7.2395,35.1616,-57.5291,-3.6301,-66.5955,74.3049,40.2666,-44.1326,-95.3923,3.7643
-74.2762,-35.7048,-95.3151,-81.4842,-72.5787,-41.3109,21.7012,-125.4361,36.1873,-41.7926,95.2313,-39.6465,4.9558,-72.5079,67.0802,43.9934,-57.6490,-95.4904,-11.8481
-58.3739,-38.4401,-104.5518,-89.7439,-76.2671,-56.8523,42.5778,-140.0689,45.0759,-69.4194,86.3199,-62.6797,25.8483,-98.0254,63.1442,-4.4552,-46.7754,-102.4723,-12.6693
-7.7783,-40.5051,-63.9741,-76.2749,-51.8198,-1.6846,82.5239,-75.3775,26.1412,-73.5928,34.4928,-96.0702,52.3333,-85.4952,73.6130,-19.7085,-29.9422,-82.2630,-12.0306
-0.0001,-63.9973,-29.2897,-46.2457,-5.1846,95.2104,105.8550,-2.9616,0.9308,-50.2464,5.5619,-100.2192,49.2743,-31.6689,102.1902,44.9557,-48.3005,-46.6988,2.2007
-45.2023,-90.0873,-56.9566,-47.5185,-6.1918,143.8456,103.7112,27.0804,44.7419,-8.3722,-2.4935,-76.6979,30.9474,0.5873,129.5325,99.4402,-82.2830,-48.5115,40.1577
-76.3353,-60.4093,-76.6597,-56.5272,-29.7513,156.9445,112.2043,49.2030,84.9260,22.6511,-28.0014,-35.4023,40.5413,4.3509,130.3665,97.9825,-74.7088,-61.2751,72.6973
-67.5784,2.3723,-42.0272,-26.2866,3.2420,180.9784,166.1337,100.4958,37.7514,37.1353,-74.3869,20.4417,76.6726,37.3847,110.8973,103.8804,-24.6715,-30.1640,89.2546
-47.6615,18.1528,-16.9863,3.5009,56.4553,194.8817,224.7287,151.3163,-8.4066,47.9479,-100.3914,65.5840,109.1193,92.0081,95.8637,121.0808,11.9393,2.0341,105.0674
-35.6594,-2.8516,-23.9844,-5.7642,53.7078,181.7832,209.1297,152.0003,21.8639,39.4368,-83.4595,67.1494,120.9980,100.0704,88.4329,96.8666,4.2741,-11.2135,96.2675
-29.0832,4.0655,-11.8207,-7.9442,32.7876,154.0751,141.6130,107.2655,48.9822,12.5624,-66.0886,34.9287,113.2791,61.7772,73.6855,54.9523,-19.9589,-16.2621,42.0802
-12.8376,27.2905,27.6523,17.2014,55.7907,100.2828,110.9220,62.0348,12.8424,16.4064,-70.2236,16.3184,100.0118,34.9390,48.6898,41.7514,-22.4969,11.2724,-4.1740
23.8751,22.3729,65.4236,22.2946,92.7103,26.1869,98.3222,41.8090,-35.1514,58.5486,-35.3843,29.9387,88.7026,32.5839,20.5903,39.0837,-4.0825,8.9551,-1.6765
62.0799,-0.2283,90.6024,5.4415,99.1416,-21.9256,35.4252,40.1962,-62.9808,80.7211,53.2048,38.9190,69.1736,34.2047,-14.9678,21.3102,17.7417,-20.4917,-2.8912
85.6840,-12.3175,97.1507,10.3822,85.4703,-38.7773,-27.5879,32.4202,-101.6804,58.2370,101.0481,18.2839,41.2016,39.1845,-60.0960,-5.1456,49.1100,-6.7168,-51.8657
108.7344,-2.0842,96.1307,31.9302,70.6457,-62.5754,-23.4612,-10.8050,-152.8399,24.0129,64.9673,6.7228,20.6645,44.4680,-90.3220,-26.2300,87.0366,34.7853,-104.7536
120.7844,33.4257,106.1559,38.9506,54.9518,-94.0777,-6.4989,-86.4726,-172.5824,0.3757,23.2856,36.6692,10.9242,29.8628,-88.5620,-34.6149,95.6888,39.7101,-116.4295
91.7170,58.6521,96.6005,25.9918,28.1853,-107.7242,-26.6742,-144.8210,-142.6747,-14.1816,39.5085,65.4829,6.9473,-4.1276,-76.7935,-44.9352,66.2658,13.0390,-102.3125
49.0515,27.8012,39.7284,-8.1711,-21.7867,-105.6163,-54.9651,-139.6647,-79.7551,-21.2583,92.0387,49.2468,6.1420,-27.5264,-71.4596,-70.9160,32.2366,-20.5216,-84.0459
33.5059,-27.7535,-17.3357,-46.1168,-68.7766,-98.1798,-110.4977,-79.2713,18.7481,-30.2231,126.6637,15.4197,-12.4337,-23.3177,-63.4391,-91.6248,10.2280,-57.7751,-57.4885
19.1767,-47.9031,-35.6407,-43.6159,-61.2021,-83.2899,-224.8145,-19.8573,147.8427,-43.5670,103.7422,-7.7736,-67.5514,-15.5216,-56.9026,-95.5636,-6.6552,-67.7275,-20.7503
-17.0421,-50.2005,-44.9279,-11.0353,-23.8185,-69.7739,-286.3842,-10.7214,221.9113,-28.7911,41.1754,-35.5327,-122.8354,-31.9361,-51.3098,-91.1868,-26.0125,-35.4805,14.5261
-46.7197,-71.1643,-65.4749,-9.9290,-36.7662,-71.4889,-173.6835,-32.3270,168.9078,33.5619,3.0711,-53.0880,-116.5884,-48.9889,-17.3600,-52.6396,-64.7564,-9.0751,36.8093
-64.2118,-82.1474,-81.3015,-35.3770,-85.1972,-78.5780,14.1307,-16.6458,75.8956,93.2886,4.6536,-21.8842,-50.4188,-24.4069,34.8735,23.5273,-117.9873,-9.4731,46.8494
-82.9579,-59.0505,-84.4816,-29.6804,-86.0762,-71.8532,80.4707,43.4429,62.0114,90.7770,6.2146,29.4635,-0.0453,23.3559,45.1202,61.9233,-134.4991,0.2166,54.7424
-78.2476,-32.5264,-67.3404,5.5948,-48.4734,-51.0097,11.0372,71.7552,79.9147,44.1318,0.5680,45.3217,-18.0464,40.8824,7.9539,30.8645,-99.7713,28.6104,58.4670
-44.7506,-17.5472,-27.6955,34.4027,-32.4756,-24.6938,-49.6197,33.3079,35.9753,7.5877,0.5083,40.9973,-60.2822,26.4537,-24.7474,-10.4588,-64.6056,56.0841,47.7727
-24.4296,4.8317,5.4591,58.9284,-17.9214,4.6802,-39.5014,-4.3098,-28.2950,-11.3313,-8.2414,52.2789,-61.5176,17.2854,-43.4942,-36.8513,-40.6004,83.9332,37.0250
-20.1813,29.6651,17.9064,81.1748,19.7106,28.6133,-31.9956,24.0695,-49.4872,-25.1490,-19.3532,60.5197,-44.8318,25.6569,-68.1464,-58.4743,3.7312,105.6261,45.3685
-1.0527,35.3497,27.2666,79.8288,24.4365,33.8551,-71.7028,87.2018,-58.2208,-23.1985,-4.8389,48.7510,-64.6892,41.5915,-89.0063,-55.1892,50.8869,103.6705,52.4572
18.0000,29.0842,28.1773,58.9043,-21.3719,23.5751,-110.1358,109.8144,-68.0853,-6.7602,13.3451,40.0114,-96.5253,52.7735,-95.3612,-37.1681,68.3382,87.2804,34.1069
10.7102,36.6976,8.9989,38.4411,-55.5615,3.1555,-110.4009,74.5827,-45.3704,1.7067,-1.6357,41.7529,-94.0731,44.0626,-88.7940,-32.6681,71.3112,65.7283,6.1150
-4.5206,64.2182,-8.5485,19.5263,-67.5835,-33.1314,-88.1865,26.7219,-21.2833,-6.2262,-30.3773,39.0994,-80.5641,21.0186,-64.6286,-10.6314,74.9201,37.9660,-13.9057
-6.2318,83.2562,-13.5187,11.0461,-87.8584,-62.3855,-47.9415,1.9259,-49.8179,-27.2320,-48.2579,33.0872,-84.4373,12.5567,-36.6205,31.6152,69.8224,32.9036,-24.6471
-0.4201,64.0098,-15.8907,30.0649,-79.4270,-44.6633,9.9321,3.7672,-93.0086,-49.3615,-65.8897,22.6901,-81.1518,20.7230,-27.5105,30.7488,54.9466,68.8121,-11.0906
3.5466,28.7617,-4.8125,60.2033,-15.7246,-5.9272,41.1667,24.9384,-95.3800,-52.2087,-74.0810,-2.9448,-60.2355,16.0653,-29.3066,-6.7806,34.0388,103.9569,23.4295
6.2652,28.4318,22.0364,76.2764,32.5435,-7.2074,12.7013,32.8543,-89.9606,-53.5364,-50.5320,-24.3880,-51.3707,-6.4401,-40.5340,-31.6976,22.4281,111.1514,29.9209
14.8370,57.0471,36.5117,82.5275,17.8066,-30.7583,-37.3489,-9.7140,-114.4252,-86.4583,-20.6124,-15.6708,-62.6826,-24.8285,-75.0980,-66.9865,42.0131,114.8814,-6.3219
20.6969,58.7786,30.0586,75.2908,-13.4904,-26.3311,-56.3358,-67.5666,-115.4299,-102.1284,-15.4992,-6.2321,-66.6432,-38.8832,-90.0667,-104.9697,49.5105,108.0742,-33.1043
-3.2931,20.2302,11.4693,35.4559,-26.8774,-21.4094,-43.8801,-74.8786,-43.5243,-40.7072,-12.2110,-34.2068,-49.7201,-62.1821,-37.5394,-72.8560,-13.4018,57.1778,-23.2504
-36.1538,-22.4066,-14.7645,-13.0771,-30.8345,-48.2204,-28.2806,-45.0498,35.9878,33.2259,7.4432,-66.2527,-36.0195,-74.1430,26.9287,0.5790,-81.3142,-5.6366,1.3376
-12.6560,-54.2976,-17.3972,-26.2863,-17.8660,-55.9203,-13.2121,-9.3770,36.9234,48.5438,17.4188,-54.4512,-44.7464,-40.4460,40.5008,31.2598,-70.4372,-24.3268,36.6842
46.6982,-88.1277,15.5591,-19.8681,6.9296,-6.9325,13.9316,62.1421,-4.4123,55.6629,20.6795,-26.8124,-47.4891,20.7121,42.0281,43.5637,-44.0551,-18.1956,81.9849
47.3020,-116.8973,21.2249,-34.4471,4.5904,53.1345,36.4219,146.5327,0.7658,80.9709,51.8784,-30.4299,-16.8599,54.5368,64.5514,74.7118,-69.6992,-32.2658,95.2533
-6.8353,-115.3966,-26.4334,-57.0905,-29.0484,75.7325,33.0065,146.5054,39.4319,63.5498,84.5567,-40.0183,14.4267,52.9939,74.5746,90.2743,-88.0366,-54.0501,55.7090
-26.9776,-87.2034,-57.9912,-61.7024,-56.0012,58.6611,32.2794,75.8044,45.8838,15.8669,67.4994,-15.1085,12.8889,54.7960,72.6613,97.2300,-66.4439,-60.6452,15.5109
-1.7006,-72.3626,-47.2216,-62.2265,-61.3581,25.1604,54.1267,49.9190,33.1486,8.2314,30.6463,13.3916,-0.4719,69.4009,85.5884,121.2532,-54.6303,-65.0621,20.5548
18.9763,-85.3053,-39.2209,-60.9731,-53.4264,15.3486,51.9017,78.8540,44.6115,17.5560,18.6792,4.7652,-6.4747,74.1887,83.9782,109.8096,-53.0687,-62.7914,39.6627
20.9582,-86.2471,-33.6192,-36.3573,-31.5174,43.7352,18.9956,84.7889,60.5529,-1.7311,8.9628,-14.2446,-0.8967,64.0445,51.2071,47.3795,-41.8054,-33.1707,27.2391
1.3333,-57.9824,-18.9401,-17.4227,-9.0652,58.2642,23.2180,57.1800,51.9557,-12.4469,11.9773,-11.1780,32.5947,43.7272,38.8711,23.0358,-52.9941,-16.4552,-0.3720
-40.5142,-45.3820,-37.6497,-53.0421,-21.8715,16.5637,45.4748,24.3554,40.2320,10.7026,80.5855,-4.2638,59.0098,16.7950,61.6321,71.7101,-75.7344,-65.1699,-8.3259
-62.6929,-65.2459,-83.9680,-105.0305,-71.6243,-38.4296,3.8778,-15.2202,48.4608,31.8472,151.3756,-3.3677,19.4247,6.0189,67.6884,115.5818,-60.0139,-126.7059,-11.5404
-40.5049,-70.5953,-90.9286,-99.3594,-105.1816,-48.9077,-44.0229,-56.4959,60.9981,26.7730,116.5816,14.1406,-27.3082,18.4218,41.0227,85.2494,-33.5362,-114.3571,-29.8796
-16.0185,-43.7877,-61.5765,-51.5346,-87.8922,-24.3246,-5.0863,-85.2663,52.8375,-3.4908,38.2394,41.1905,4.5404,13.6958,12.2598,-6.7361,-37.4571,-54.1210,-33.5363
-18.2464,-17.0940,-44.3832,-25.6669,-55.6630,-4.2546,39.7557,-95.1790,30.3557,-32.7661,27.6515,43.9919,47.9910,-21.3192,-3.4358,-77.6456,-39.3194,-26.3794,-7.9667
-22.2942,-3.1734,-31.1915,-29.8496,-43.7178,2.2099,6.4865,-69.9484,30.5358,-10.0742,35.7815,24.2817,27.2428,-37.7070,-1.5351,-58.4829,-20.7041,-38.0116,6.5181
-7.7482,-0.9889,-7.6196,-37.1101,-26.1045,7.7069,-22.8280,-28.4370,58.4580,46.8833,0.1928,6.6162,9.3279,-19.9079,17.1816,-0.6592,-6.5217,-54.3907,-5.1114
17.0494,-15.8155,2.3307,-38.6237,2.3030,12.1349,-1.8316,-37.1444,62.3728,48.2364,-15.3753,-2.0317,30.7790,-12.5399,23.4502,-5.6893,4.5525,-61.6833,-15.7547
30.0745,-23.5764,-4.7741,-34.5685,-10.6760,6.0370,-1.2686,-89.6248,30.5402,-4.6042,11.9203,1.0840,30.1044,-27.0867,2.4274,-57.0009,11.9155,-52.7998,-25.8085
14.1467,-3.4967,-11.3166,-27.2806,-53.2608,-3.6790,-14.8054,-102.3084,19.0524,-17.6016,12.7573,15.3613,16.1404,-32.6668,-11.8625,-69.8767,-3.0813,-33.5201,-40.6234
-7.2875,14.1471,-13.1643,-18.6563,-43.2376,-2.7462,14.4523,-72.6948,26.0169,10.5597,-14.1224,21.5549,34.2152,-27.9781,-7.2388,-53.5178,-9.5688,-20.5251,-33.1176
3.5980,15.6156,-0.7662,0.5149,11.6634,3.6634,42.7926,-64.3909,-1.8731,0.5164,-21.7515,14.3802,47.0512,-29.5719,-14.9396,-64.7323,18.0756,-3.6341,-10.6580
23.2975,28.6061,22.9125,23.2854,27.7909,5.1134,36.3828,-65.5949,-29.6715,-39.7239,-24.1803,15.3973,42.9430,-30.0625,-28.0182,-86.5528,23.0093,21.2810,-11.8962
11.1875,39.6919,24.1934,22.4391,7.3477,6.1748,46.1846,-40.9224,-3.7431,-44.7112,-30.3187,23.7500,65.6312,-25.5764,-15.8748,-84.0959,-17.4651,22.9231,-19.2327
-1.2217,18.6653,5.2212,5.3926,3.2038,7.7035,60.6306,-25.9699,13.4811,-27.5194,-10.8651,15.9015,78.2645,-25.9977,-4.6114,-76.4319,-29.5491,4.7705,-6.8091
20.6701,-1.2578,3.1725,0.8928,2.7607,3.0323,22.6818,-37.3385,-20.7917,-39.5385,14.5507,-3.5234,32.3895,-21.6062,-18.3540,-66.9944,11.8505,1.4443,-10.7044
37.7928,7.5337,8.2947,-2.4133,-7.2823,-5.1438,-21.8032,-27.1360,-26.5383,-61.5396,6.6164,-18.0905,-7.0409,-3.9265,-15.2435,-25.2206,42.6944,-3.8172,-37.2647
26.0596,12.0274,-3.4333,-15.8828,3.9525,-17.4666,-13.4928,8.4473,15.6214,-49.2907,-13.3352,-32.0009,2.9507,2.5205,10.8403,15.9255,41.7657,-25.0697,-31.6374
20.5348,2.9497,-8.9264,-9.6554,22.4876,-31.8834,-3.3749,23.3301,20.0978,-25.8827,-16.2289,-33.8960,-2.1516,-8.8658,1.8839,-4.3818,43.7755,-16.6022,10.1477
21.8140,4.9582,0.2159,15.6024,12.5118,-20.9833,-26.1554,24.0027,-3.3642,-22.9035,-15.4680,4.3065,-38.0947,1.7021,-27.0801,-34.3612,42.9125,17.8486,45.6991
0.4828,12.4835,-0.9454,18.5241,6.8654,15.6432,-21.4037,43.9307,24.2897,-4.0327,-26.0683,68.3583,-34.4558,45.0769,-9.9620,5.2178,19.2139,12.9443,70.5327
-13.1559,23.0463,2.5900,4.4637,34.9173,22.5345,22.7385,61.7166,64.0817,45.8494,-42.8520,115.0075,16.1821,74.7708,18.3913,51.3780,8.6977,-20.3777,82.1211
13.8940,49.1579,33.8246,7.9133,53.5870,-12.1840,29.7933,51.1170,38.3763,66.2197,-44.9052,126.8218,40.2641,67.3665,-5.4297,28.5718,37.1918,-22.4354,61.4996
33.9426,56.5328,58.3973,21.5293,46.4893,-26.3296,-15.2961,40.6719,-13.4266,46.2014,-15.8188,97.1142,9.4432,44.8446,-35.9054,2.6131,51.8555,0.1072,36.1169
12.9497,17.1213,56.0242,32.6705,61.5502,-1.0441,-37.6266,49.9027,-23.1997,49.8521,7.5657,25.9919,-21.1327,16.2628,-21.4426,16.6408,9.0062,23.0129,38.1942
-0.5474,-18.2960,60.6737,51.5347,103.8281,22.9534,-15.7464,50.1335,-0.3117,76.0552,-24.3901,-36.2580,-11.0834,-14.3023,-1.2776,4.3659,-40.7247,50.5134,42.9030
16.9802,-13.4764,77.4273,66.8848,123.0781,38.7982,-11.3704,30.4254,21.9429,78.4998,-76.8107,-39.5226,0.3751,-22.5642,-5.3065,-33.2028,-38.3228,64.6408,36.1403
24.2931,1.1371,77.2117,62.3871,107.3853,49.1037,-35.1103,12.1084,23.2714,76.4887,-87.5654,-19.3803,-16.6443,-16.8138,-14.8597,-37.0055,-6.9315,55.5670,31.3324
18.1205,19.7729,66.0929,53.0559,84.7782,19.8502,-25.4554,-5.7715,-8.8270,75.8592,-75.5121,-25.6660,-16.1142,-31.8662,-27.4889,-37.0207,17.3675,52.4323,9.6915
31.7084,56.9496,63.9251,47.4364,66.4156,-36.7597,19.4105,-21.1013,-48.6234,36.9122,-79.7424,-30.5397,14.8377,-47.3900,-37.9274,-52.6689,43.0498,53.4561,-22.9350
44.9858,80.9375,63.1615,38.5818,54.9218,-55.0079,35.3285,4.5726,-58.5803,7.0660,-82.2902,-7.9491,16.6908,-30.0187,-30.8580,-32.5493,67.9165,39.8073,-7.3938
26.9312,74.4259,59.4452,36.9122,64.0243,-35.9308,16.6807,67.0103,-52.9042,53.7295,-61.0423,4.9981,-5.1512,-17.3003,-35.4923,-11.5981,77.4256,36.0586,47.9300
10.0031,68.8824,62.4017,42.4142,89.6757,-29.4239,10.2736,103.0961,-59.9629,113.6204,-29.3104,-0.7534,7.6408,-36.0685,-68.5637,-49.9402,89.9922,43.9697,78.8437
24.0362,66.2376,66.3341,30.5010,97.8386,-26.2535,14.7628,103.3146,-57.5372,131.1406,-19.0276,12.5631,19.7744,-37.9916,-75.8075,-69.2527,113.7045,23.0782,96.8467
40.0579,45.6064,54.2274,1.6349,64.0566,-14.2353,-1.1567,106.7965,-6.8967,158.7155,-60.6962,30.2237,-21.1813,-8.5528,-36.3271,-15.7987,115.3742,-15.3765,119.5953
31.1151,25.5221,18.7464,-22.9357,2.4788,-45.5216,-33.7027,98.4084,77.1840,185.3329,-120.2252,7.8413,-57.7186,-0.0678,-8.5964,18.4210,84.9797,-32.5331,85.9487
6.7224,22.1854,-25.0035,-37.4604,-49.5250,-119.7991,-68.6009,59.0438,122.3476,141.5058,-100.9823,-29.9570,-48.1171,-21.7778,-23.3076,-7.2005,52.6830,-35.0945,2.8016
-16.3825,17.2527,-37.9754,-32.1190,-60.6168,-140.7952,-106.9076,37.9647,74.4935,76.2820,7.3417,-38.2001,-48.1437,-34.4510,-55.8735,-28.4300,36.6321,-24.0211,-29.0822
-26.1351,5.6757,-6.2429,1.8825,-26.7087,-78.2824,-138.6651,54.6950,-24.3043,60.1783,99.3624,-31.7420,-72.9946,-25.8073,-85.7348,-24.4313,34.9976,15.9948,-11.9381
-23.8899,-3.1555,27.2545,38.3935,25.2401,-15.2952,-139.1820,59.0531,-84.2557,48.2944,121.6332,-32.2672,-68.9077,-3.0130,-95.6407,-8.7136,33.0398,55.7687,-28.9357
-23.7483,-6.1906,35.4509,53.6306,61.3245,1.3240,-101.9991,40.3938,-91.0311,16.1915,108.7436,-27.5524,-32.8520,21.3069,-76.8389,18.7047,13.7370,67.8716,-64.0776
-20.1560,9.2908,47.3579,56.6482,71.2532,2.6179,-64.4539,30.1154,-91.2178,10.9226,77.1944,-20.2625,-11.6544,22.9715,-53.9030,38.0224,0.8042,67.2100,-69.3413
-5.5947,35.0660,67.4378,48.9191,66.3004,3.4855,-65.9999,24.1798,-87.9287,24.4584,43.7606,-26.7809,-15.1855,9.6857,-39.4342,52.6172,15.4683,52.3711,-76.6042
-10.4351,25.0337,55.6163,27.8569,57.1062,-4.1110,-69.9794,18.5881,-62.8735,24.2272,54.7553,-34.1802,-9.9270,13.7554,-17.6231,83.1529,4.1973,23.5211,-91.4975
-45.5803,-22.2307,14.3286,14.3918,47.9699,-9.5108,-16.3071,32.7847,-39.1109,33.1764,91.1584,-26.2293,21.7995,26.8463,5.1210,94.0401,-59.7605,17.0313,-65.5398
-66.0788,-50.4125,-13.9203,10.6413,36.2212,-12.6327,50.7175,49.4684,-32.4289,56.8957,87.9838,-13.1415,44.3154,31.6382,17.7699,84.8555,-99.0319,25.6887,-23.4589
-60.1885,-46.4352,-26.5565,-4.8145,14.3114,-27.2530,50.0088,38.5899,-20.8963,61.2577,63.1005,-2.7960,22.8547,43.7790,32.5325,116.9808,-80.7183,7.1768,-23.3397
-65.8305,-44.1658,-44.5343,-18.8998,-10.9390,-39.9115,11.1168,16.4254,1.8936,42.9243,65.7199,4.4837,-7.7287,52.3587,39.9635,144.2253,-71.2514,-13.0610,-37.0543
-77.3810,-45.0634,-61.3855,-11.6148,-26.0307,-39.5947,-7.9547,-0.2007,18.9616,15.2377,70.8753,-1.5145,-12.1541,28.5641,18.8858,85.1757,-77.5837,0.5739,-28.8434
-63.9631,-30.9860,-66.3985,-4.1901,-41.1827,-46.8375,-34.2693,-21.3741,17.1592,-20.7409,61.1362,-17.6514,-21.2088,0.2532,-15.9963,12.5820,-44.1223,14.6387,-37.9218
-42.4172,-4.8065,-59.5058,-4.7803,-63.0470,-58.7821,-76.4593,-36.7281,-17.6395,-52.0864,73.2832,-19.9319,-41.8983,-0.5309,-48.9048,-4.1018,11.7389,16.1483,-77.5872
-29.2797,29.5084,-35.8658,10.5226,-62.1731,-47.4139,-83.4507,-30.2255,-74.1090,-74.2475,86.1861,-2.5466,-41.8633,6.7453,-75.6165,-12.8029,48.8529,34.2884,-93.0768
-5.9159,66.2793,-4.6744,33.3367,-30.3482,-25.2785,-61.9288,-20.7018,-102.0010,-101.6137,36.3248,14.2946,-45.4432,18.3566,-68.0433,1.1797,82.8845,51.6867,-74.6681
21.1257,83.0208,7.8179,36.7088,-10.8961,-19.4293,-49.4511,-24.4015,-92.0840,-123.6612,-41.4828,14.0194,-70.2890,44.6984,-29.3729,65.9777,113.0904,45.5988,-76.1695
24.3658,70.0637,-1.5981,29.2873,-15.9409,-19.5736,-24.6434,-22.5619,-87.9680,-117.3080,-59.6983,-3.5032,-58.1821,54.3084,-15.6766,84.8553,109.7575,43.4811,-100.5353
7.9307,42.5195,-13.1918,24.8528,-5.4672,-21.9578,16.4189,9.3311,-85.4094,-83.4124,-24.0281,-20.3554,-8.4720,41.9164,-25.8646,48.4970,78.8482,47.8108,-91.3150
-11.2049,12.3669,-18.8479,19.7115,24.3144,-38.4032,28.7691,65.9362,-50.7523,-38.1219,5.1978,-18.1891,8.3407,53.6737,-11.9758,70.8085,36.8050,37.4219,-47.9043
-23.0718,-19.4487,-21.1867,19.1442,38.8377,-45.8347,19.0810,100.8998,-18.0830,-17.5340,23.9800,-19.4992,7.6724,77.8165,6.6252,108.8003,-11.6077,34.4734,-39.5721
-18.3806,-49.0813,-23.4803,20.6418,35.6021,-32.9863,24.9132,71.8956,-30.6185,-54.2039,58.5505,-58.1873,37.4854,62.6069,1.3190,71.7998,-44.1615,44.7938,-90.1717
-10.8054,-59.8981,-29.1953,8.3884,30.1606,-38.2874,32.4650,10.5900,-56.0498,-107.0938,95.9220,-97.1915,58.7472,31.1947,5.3723,50.8918,-49.1419,31.7403,-139.9344
-17.9020,-39.2814,-28.4021,-3.7822,23.3654,-60.0083,31.7650,-11.2649,-55.8853,-101.2188,98.0341,-76.7348,53.1977,30.0071,19.7043,86.4412,-45.2968,9.0067,-140.2542
-18.7042,-18.5871,-12.2407,2.2395,22.0083,-55.9301,46.5813,18.9095,-36.2566,-35.0208,57.5251,-33.6202,63.5903,41.3361,11.3160,76.3008,-44.8568,14.2066,-108.8571
-3.6051,-43.2978,0.2915,4.1026,30.9142,-48.9491,65.0603,58.3235,-4.3799,38.8755,19.6349,-40.5168,74.8347,39.1263,8.1585,43.1112,-62.0475,21.9730,-77.1187
-3.6296,-83.4592,-1.4052,-6.2025,37.1094,-73.4126,60.0682,75.2489,22.4279,79.7414,29.8688,-67.5036,59.8686,29.6688,27.5243,58.2627,-104.2991,11.7712,-51.9583
-13.8899,-73.2261,4.2656,1.4903,40.5959,-79.0179,44.7258,61.5873,13.5033,62.1633,60.0878,-44.6368,55.6406,22.8824,18.9047,47.0693,-117.3021,14.5358,-35.6192
2.0567,-34.8199,17.4707,22.5809,45.8637,-31.7753,34.3861,29.9243,-11.9480,1.6551,49.6066,7.9518,60.6864,33.9424,-12.1283,-4.7517,-65.5027,28.9280,-30.2879
28.4099,-30.8238,12.1736,25.0775,29.9760,9.8428,28.0651,5.3048,-17.3588,-46.7715,13.1856,37.3907,34.8554,63.9227,-10.1499,-6.1061,-21.9503,28.8897,-26.8185
36.0803,-41.9684,0.5498,23.6663,-4.2538,8.7371,31.6120,-7.7969,-21.2224,-64.1572,0.3492,49.4602,10.0672,73.3432,-5.4232,-8.9780,-31.3814,35.9543,-16.4340
43.7593,-19.8039,14.8118,47.5589,-4.0286,4.2585,38.1647,-13.7844,-33.2336,-62.8575,-21.9322,58.5214,22.4793,47.5689,-44.3464,-91.5658,-22.9605,70.1600,-3.8897
57.0768,24.0124,42.4847,80.6933,39.3617,25.6803,30.5295,-4.2864,-20.4338,-44.7008,-95.6383,55.5841,39.0146,28.9997,-82.5964,-158.2819,31.6472,103.0620,-4.0676
50.1458,56.7469,54.8170,92.8386,68.3758,48.0219,16.2283,4.4783,1.7795,-36.9488,-139.8155,51.3061,48.0796,31.9940,-82.8335,-143.9708,59.8381,107.5124,-25.8663
27.6895,60.8257,47.8587,67.7157,54.2179,29.0109,4.6557,-12.2252,-4.0914,-53.3885,-69.9762,49.4318,60.8559,20.8961,-63.8336,-103.9975,33.3332,70.6353,-47.1247
7.5327,30.8068,17.7141,2.0703,15.7694,-34.7330,-10.4387,-24.2734,5.3532,-32.4598,30.1390,16.2738,45.7678,-16.2188,-23.3398,-44.5987,1.4575,-10.5435,-31.2348
-13.8551,-2.6528,-31.6243,-66.4578,-27.2447,-92.1176,-14.4168,-0.8800,69.0944,38.0326,33.3062,-45.2583,4.5521,-54.6844,34.5550,26.7788,-7.9155,-86.8574,12.1377
-23.7687,-6.0793,-60.9193,-82.3442,-46.8978,-111.8346,7.3128,28.7165,120.3181,68.5274,-29.7731,-77.5715,-7.7304,-68.8707,58.6396,38.7489,-5.5258,-95.9488,37.1534
-3.2869,-1.4402,-43.3077,-53.4341,-20.4925,-117.7933,25.1418,47.0677,98.8757,45.7858,-48.3195,-66.6452,4.6483,-49.5386,38.5569,13.6733,0.8024,-59.3878,36.6194
24.4082,-8.5515,-7.3908,-34.9008,17.7461,-111.9828,13.7025,60.9890,43.1336,35.4678,-10.9092,-54.8704,-2.2804,-24.2958,23.8890,28.3658,13.6422,-44.3153,35.5118
28.9482,-4.7685,5.7657,-40.6287,21.2754,-81.1685,-4.5914,44.6634,14.3345,22.4604,12.6276,-61.9602,-22.4256,-33.5398,35.5746,51.4609,27.3776,-58.4989,39.8868
13.5188,-1.0939,-9.4857,-45.7100,6.4738,-67.5564,-0.5237,15.8280,32.8796,-4.8790,-8.5781,-82.5612,-37.0864,-63.0917,61.2531,51.8514,11.4488,-64.2486,54.2972
-8.4456,-29.3899,-28.5851,-40.9838,7.5799,-85.3799,24.0057,52.0260,72.4103,18.0032,-38.1222,-110.8283,-44.6382,-65.6470,88.4625,71.8101,-44.5109,-47.6959,83.3697
-19.0011,-59.2157,-25.9396,-30.9924,18.8201,-73.4259,40.9428,120.1752,81.1680,60.1272,-34.1634,-122.9053,-33.5733,-43.1481,93.4966,88.5527,-86.2566,-25.4841,96.1821
-0.2408,-60.2697,-6.2925,-20.0651,27.6310,-40.0674,29.9606,106.8436,58.4265,33.2727,-8.6137,-109.5677,-13.6744,-36.8794,70.3889,46.7296,-78.3119,-16.3100,76.5393
28.2777,-63.8437,1.1730,-17.6863,31.9141,-52.8933,10.1823,35.8203,51.9762,-10.6674,1.9733,-106.6491,-13.2229,-59.3922,48.9061,-16.5920,-62.0768,-20.6813,61.2914
34.1671,-73.3782,-5.8989,-25.4891,21.3428,-75.4826,3.8635,-1.7552,46.4064,-11.8953,14.3755,-121.3233,-18.5925,-85.2157,38.1061,-47.8802,-58.2846,-26.7329,54.5137
30.0527,-53.3778,-1.4741,-33.3403,1.7269,-59.9726,-6.4046,-26.8702,-6.7587,-32.0280,69.7154,-105.1975,-9.6740,-88.0996,19.5572,-49.3356,-34.0419,-36.4333,23.7667
38.8447,-24.8283,11.8959,-39.6779,1.8744,-71.5813,-21.9533,-59.8968,-67.2388,-64.0913,140.4410,-51.2461,-1.2597,-69.2361,-4.9809,-37.0951,6.7739,-56.7986,2.9278
43.2121,-21.6748,8.1580,-45.9997,20.1717,-116.1305,-3.1104,-44.3312,-81.5981,-38.1582,168.9749,-10.6188,13.7063,-50.1729,-24.8274,-35.7867,34.0927,-69.9480,29.5492
28.0445,-12.0098,-6.4244,-43.7249,22.9947,-99.0074,37.6499,-4.3923,-80.7441,-19.9704,157.4852,1.1902,48.7545,-40.4034,-36.8526,-53.0350,50.9432,-60.5242,42.3465
15.9674,15.7287,-5.6825,-34.0273,4.7019,-45.5237,39.6179,-12.7627,-74.0522,-63.3476,129.1338,9.9634,62.2194,-32.1102,-26.4033,-49.4975,45.6732,-48.8510,11.6007
20.5058,5.5889,1.8390,-29.8953,-10.9593,-49.5888,14.1138,-21.8940,-23.4007,-65.7332,86.2924,17.5570,30.4702,-19.1111,5.2548,-20.2166,-5.4398,-47.5688,15.6479
19.8740,-48.9323,-10.6017,-27.4614,-10.6843,-64.7541,12.1249,23.8317,30.3729,-12.3528,56.8405,7.9898,-1.1292,-0.3135,23.4049,-6.7872,-56.8186,-35.9228,65.2512
4.3279,-72.0253,-27.9596,-15.6913,4.0293,-30.4419,9.2396,55.6946,18.2391,-15.8444,66.3080,-17.0472,-14.1275,10.0112,15.9128,-1.7083,-46.5888,-13.0781,74.2891
-3.1947,-32.7779,-15.5726,-5.8524,17.4778,-14.9184,-31.7401,33.1247,-18.2880,-47.9858,74.3933,-41.4476,-36.9938,-13.0774,4.2745,12.2396,-0.4028,-7.9904,44.6411
-0.1913,2.6801,2.7860,-13.0319,4.1245,-48.6263,-62.2848,16.5604,-4.7682,-13.7940,48.1999,-51.4019,-56.8319,-50.6870,2.1691,7.9520,10.4368,-21.4243,42.4300
-18.1232,-16.8747,-24.2754,-28.4337,-30.0141,-63.7924,-33.7264,22.5356,45.3685,25.3947,22.0750,-51.4784,-39.7335,-53.0559,16.5854,-0.6434,-32.0907,-28.0157,46.0719
-49.4128,-40.8221,-66.0766,-35.3668,-41.9908,-53.0883,4.5523,9.2339,79.8424,5.8675,12.1808,-57.2114,-9.0142,-35.1478,39.8968,19.1539,-68.1929,-27.8089,16.1583
-43.4256,-4.8058,-49.9158,-33.6525,-20.9508,-68.2087,-9.4740,-22.4739,76.1506,-5.2438,-5.7973,-60.0631,-5.7032,-47.9158,39.5856,32.4430,-36.0402,-38.5656,-12.8525
-7.3496,51.9800,-3.6047,-36.6180,-8.9050,-109.5963,-42.1212,-47.4517,47.3857,12.1109,-15.5702,-39.6998,-17.0195,-66.7922,19.0690,29.2583,23.3359,-59.4482,-23.8697
-1.0398,56.1060,-5.9295,-50.0750,-26.0970,-141.9235,-30.6930,-55.0300,33.1940,3.4747,11.4584,-9.6894,-5.5725,-44.7790,21.5251,54.0842,20.5915,-76.7577,-40.3984
-22.2931,27.2890,-35.1622,-60.5987,-42.0779,-138.9604,3.1818,-35.9623,48.6315,-4.2750,40.3610,9.4505,23.1571,-11.3810,36.8790,77.3328,-20.6102,-82.2846,-44.7662
-19.4965,23.4153,-30.3331,-58.0017,-39.4803,-103.4938,4.9502,-11.3418,63.2071,36.5008,23.0057,29.5484,28.2485,-2.8050,25.1450,51.9661,-8.6816,-79.6101,-16.7784
9.4827,38.5739,-13.9875,-57.1574,-39.3487,-85.3122,-4.2046,-21.6393,66.1516,78.3107,-37.3414,43.6132,3.5387,-6.4707,12.9097,29.5175,46.0560,-82.3308,5.1405
31.8154,46.4388,-20.2469,-67.7922,-51.9793,-113.1971,14.8907,-53.5401,73.1308,72.8700,-102.3953,7.0192,-12.8119,-29.3520,30.9198,33.7702,72.9071,-89.8411,-9.3949
32.9519,45.3657,-29.4134,-71.4730,-60.6876,-143.7351,25.8378,-72.0806,79.1199,46.8719,-125.1709,-71.5534,-7.9792,-81.4685,41.0403,9.8674,59.9877,-82.1800,-42.1691
11.3432,32.1141,-37.3704,-60.9451,-60.1448,-148.1207,-2.2579,-87.4830,85.9798,31.6268,-96.6545,-109.8351,-5.1402,-109.1042,25.9136,-21.7170,27.5972,-62.7729,-72.1050
-12.3091,20.3470,-49.8101,-52.1010,-59.7997,-140.5104,-27.3641,-102.1227,104.3969,26.0425,-74.7060,-73.7864,-9.4544,-77.4196,20.4659,-3.8067,2.0513,-56.0682,-85.9774
-7.4192,31.5865,-33.9255,-40.9579,-50.9836,-109.3200,-27.0223,-87.3132,98.4101,25.7232,-86.4568,-32.6057,-11.8591,-42.7949,24.5934,20.5047,6.3735,-50.2201,-75.1527
7.1015,32.9758,8.4492,-14.7200,-23.1396,-57.9803,-26.3751,-58.5702,41.4942,29.0632,-69.8311,-41.2537,-15.4577,-46.9082,14.4211,7.9421,3.4116,-18.8522,-56.5830
-2.9540,-0.4232,24.0549,7.0256,-0.0953,-37.3032,-22.5690,-52.8474,-12.1668,32.6618,-10.2202,-57.1984,-18.1588,-52.3970,5.1879,1.9653,-40.6215,14.0600,-47.1769
-18.5189,-13.9613,12.8764,5.4221,-9.8548,-42.2809,-4.6771,-46.4105,-16.5199,36.7537,5.4434,-40.7873,-20.6011,-36.5268,18.6968,30.0949,-71.4055,16.1779,-33.9236
-22.6190,7.9711,7.0738,-5.9537,-39.3570,-22.6940,5.1602,-9.7489,4.4928,39.1623,-39.6292,-36.9663,-36.7004,-27.2941,48.8745,70.2180,-65.1318,4.5922,-12.6853
-29.6212,-5.1687,-8.6659,-20.0186,-56.5668,1.9096,7.1359,19.8945,23.6487,28.0087,-45.8938,-71.4420,-44.7217,-30.5495,75.7233,93.5992,-74.9141,-6.3734,-7.4235
-17.6076,-52.3032,-31.8453,-41.9697,-52.5892,-3.5626,19.5465,1.9953,24.6443,-7.4405,20.7685,-87.9934,-8.1038,-28.9260,69.6962,60.3593,-79.4794,-31.7711,-26.5618
30.4147,-53.5868,-22.0190,-54.0794,-43.5008,-15.9068,13.9808,-50.0494,-4.3873,-59.0477,75.0697,-67.9266,31.4325,-37.7139,25.8882,-27.2575,-25.0824,-56.7973,-50.4267
57.7607,-6.0417,1.1968,-39.0239,-48.3052,-31.2022,-28.3641,-104.1701,-24.8927,-105.3715,56.8783,-55.8156,12.2344,-68.2658,-11.4557,-91.0392,25.6844,-47.0885,-63.7217
37.4666,40.5639,-2.8069,-8.6076,-58.8033,-58.7278,-58.0219,-133.8429,-4.8419,-139.2941,-1.8983,-34.5106,-22.9792,-75.3379,-22.9743,-97.8950,25.2753,-11.4707,-66.6453
25.7599,77.0393,-2.1027,23.3452,-40.3440,-51.0074,-42.2245,-120.2530,3.3081,-161.0085,-43.3305,33.2523,-5.7854,-26.6752,-40.1076,-93.5772,39.6849,20.6966,-65.9215
38.6198,90.3769,22.9713,46.5461,2.8573,-1.7179,-11.2811,-73.5103,-37.6962,-154.9711,-39.9366,85.1227,32.3452,33.5445,-60.4159,-79.5037,76.1477,41.4523,-69.0423
36.1265,65.8873,29.5909,45.2268,18.0048,12.2512,8.3501,-24.4207,-79.6343,-119.8779,-2.7088,72.7977,37.5282,59.7509,-55.4233,-30.9886,71.0503,47.0429,-72.2568
24.3169,43.3599,24.4796,29.4116,4.1554,-12.4402,19.5014,12.2336,-93.9134,-79.7795,38.7555,60.1221,32.4143,61.4683,-42.3923,7.0648,39.3377,36.8184,-57.9266
27.0268,46.8763,53.2614,26.7644,16.3089,-5.3252,28.0964,37.9847,-103.2295,-39.8219,68.4488,76.6432,51.3200,50.2067,-41.3797,-2.4676,16.2723,26.5537,-23.4032
28.5984,44.8306,86.6486,32.8045,48.3510,20.3432,37.5996,52.8861,-109.0396,-3.6770,89.3755,78.3985,78.2359,32.6965,-39.3499,-20.6194,-9.9768,24.5076,0.9131
22.2900,36.2499,79.2383,34.4708,52.7708,17.3898,46.8922,57.3978,-106.3913,-2.9727,100.6960,84.1697,93.5122,41.9874,-45.1116,-25.5870,-17.6275,28.3850,-5.2156
17.5413,45.0405,59.1521,46.7547,47.9607,19.6180,55.9112,51.5116,-100.9260,-26.6791,84.2336,126.6803,103.3513,74.2692,-69.2042,-46.5874,6.7599,45.3632,-11.1870
4.8164,57.1478,56.3142,69.4446,63.8906,53.2218,74.0447,32.6055,-75.4388,-18.8211,24.6076,145.6105,111.5640,68.6332,-75.1086,-83.7345,8.0516,70.5949,9.1617
-13.3582,66.4569,56.9809,76.2058,68.6667,77.0740,85.9625,6.4724,-40.3320,5.7354,-41.7171,105.3956,107.6369,18.6027,-52.9881,-102.8341,-13.2927,80.2801,20.3116
-19.4275,83.0369,57.6220,67.0073,51.8707,75.1617,51.5822,-12.8362,-52.4937,-1.9858,-34.7184,63.7748,83.0350,-17.2891,-51.7157,-95.5227,3.6288,71.2848,-4.0082
-24.2879,78.3754,62.2484,59.1353,49.2843,67.9935,-14.0875,-17.6093,-105.1654,-2.5237,55.4708,46.9064,48.6014,-27.7631,-80.8593,-82.6949,33.0025,60.7857,-22.3997
-39.3286,45.9813,59.1192,53.5167,57.3707,55.5413,-47.4665,-15.4677,-124.3409,36.8660,126.0871,29.5064,32.1289,-40.8742,-98.8850,-83.2949,19.5639,56.7789,-16.5121
-45.5810,39.0950,54.1302,54.9176,54.5484,40.5667,-43.9840,-26.1930,-93.6730,44.4740,104.8335,10.4726,43.8965,-53.8055,-93.8758,-97.0835,-8.5354,62.2666,-35.1147
-34.4236,65.1106,61.4813,66.3951,50.0941,36.7812,-49.3098,-54.3376,-59.6998,-8.8886,43.5567,-6.2874,55.0392,-59.0292,-81.1709,-105.5739,-17.2711,73.3508,-85.2766
-16.1572,74.6854,67.3174,68.2711,41.8151,37.7462,-60.1428,-65.9525,-50.1052,-46.7907,9.3414,-16.6756,40.3736,-53.3494,-66.6111,-91.9156,-11.1163,73.7469,-105.5228
4.9406,59.0192,66.5702,61.2087,35.9484,44.9293,-43.4137,-33.0477,-62.6469,-39.1772,0.7003,5.6648,21.4255,-13.7125,-53.1794,-54.1832,4.8320,66.8678,-76.7958
20.7988,36.3546,81.7532,73.4151,73.8943,71.2901,-17.3850,14.2673,-81.2262,-27.6467,6.5687,49.1787,23.2019,49.9221,-41.4413,-4.9134,4.6309,74.0610,-42.3165
26.7383,12.8289,111.0295,95.1359,131.9927,93.2105,-18.0435,40.1557,-92.2633,-15.8078,27.8338,65.0058,27.8686,84.3440,-32.5218,30.4744,-22.3350,87.7730,-26.8179
33.5719,10.9278,125.1349,92.1620,131.9277,85.6986,-27.8305,61.2760,-105.6851,14.4131,40.1260,52.0659,19.5450,75.4366,-37.2977,32.9496,-21.6980,86.3779,-20.0856
38.8552,36.8885,115.5364,73.7430,92.6213,69.4350,-21.2320,85.2648,-120.8946,38.0143,24.0413,32.5143,10.0130,47.9652,-51.2573,12.3490,24.6866,76.6873,-10.1328
36.2641,55.0713,96.3269,67.8882,78.0844,56.3928,-28.1917,78.9351,-111.7553,24.0185,-7.2058,8.6422,-12.8352,20.2273,-55.1885,-4.9622,62.9032,73.8438,3.6338
40.4446,56.1506,77.0618,71.1752,62.6184,38.6347,-68.7524,56.8901,-79.0479,-12.4990,-45.9641,3.6642,-65.1912,21.1893,-51.9068,-2.0841,79.2280,77.1415,12.1686
41.8766,48.7176,53.1410,64.0250,25.8936,40.1582,-88.3919,75.0913,-34.4221,-21.3157,-85.8002,20.5870,-96.6136,55.9922,-40.0207,22.4727,80.8207,73.7590,15.5452
11.4043,14.5605,11.5777,32.0356,5.7386,63.8567,-47.6957,102.3624,29.8543,13.7706,-95.6248,11.1599,-64.2064,69.3857,1.3814,55.7315,43.1165,41.2153,21.7630
-23.7244,-21.0849,-41.7694,-16.7426,-22.5116,50.7608,-1.0898,55.2140,74.9551,30.3334,-70.2841,-11.2993,-28.2260,41.4959,43.5321,71.7494,4.3234,-13.6129,14.5426
-22.4010,-6.2754,-71.2937,-41.8474,-87.1590,-4.1924,-1.4702,-37.8012,47.3134,-14.5668,-44.5357,2.0273,-38.7504,15.4931,31.0927,47.7983,21.3014,-35.4451,-23.2533
-8.6453,15.0871,-60.9699,-26.0164,-110.1875,-21.8911,-22.5673,-74.3226,-2.3489,-67.1610,-16.0422,2.3070,-36.4564,-0.7086,-12.8531,-11.5562,35.7029,-8.0856,-67.9087
-1.2149,-14.5508,-39.2499,-7.0294,-63.9008,15.4038,-30.5338,-46.9544,-9.8441,-96.4042,40.5414,-37.5662,15.3998,-7.9338,-33.9093,-66.2554,5.3979,13.0923,-98.0649
23.0058,-42.5397,-28.4289,-3.6008,-39.3301,43.4517,-23.6771,-24.9958,-25.8328,-139.7313,90.2844,-33.2732,54.0714,25.6845,-42.2800,-80.5540,0.8948,13.0533,-120.3235
40.3298,-36.2801,-22.9739,12.2735,-49.2717,46.1538,-5.2364,-36.4248,-83.3254,-179.8642,97.8839,1.7077,46.0130,56.4189,-57.8662,-79.8312,18.1772,37.8246,-126.1059
11.8899,-47.7527,-17.3783,44.7591,-23.5651,60.8157,-0.5169,-73.5132,-117.2723,-183.3024,106.9167,-36.7094,32.0893,8.6137,-64.9716,-111.2472,-22.4327,84.2264,-113.9687
-16.3218,-61.3314,-4.4126,68.6923,19.6405,88.4652,-33.4892,-125.3372,-118.7885,-197.7254,138.5465,-86.9836,27.7683,-54.5040,-68.9754,-154.4950,-66.1037,105.8664,-112.8486
5.6968,-19.6166,25.5840,80.8839,32.9250,101.9910,-64.9543,-156.9816,-147.6616,-224.3643,134.8385,-45.6483,12.5390,-50.1044,-89.2728,-165.6630,-15.8253,103.7714,-111.8078
39.5036,35.3452,57.8882,90.7869,43.5064,95.6194,-57.5434,-146.6865,-194.5751,-196.4916,89.8477,-1.9349,-4.6683,-42.4180,-116.8469,-172.8858,71.1168,108.3294,-82.1721
47.6806,59.0795,73.2691,101.4530,67.2144,81.4217,-47.8915,-130.8971,-211.1870,-165.1083,66.6698,-21.3118,2.2592,-75.4733,-142.8485,-215.9053,109.2110,122.3106,-63.3523
54.1142,90.8016,85.4338,111.3959,82.8211,73.1743,-59.1153,-140.2819,-186.9055,-205.1044,58.0445,-1.6061,31.3487,-79.1974,-156.1297,-252.2466,116.4249,121.5021,-76.0159
74.0482,126.4519,103.7423,98.7477,90.4516,70.0339,-58.0721,-150.0784,-129.6826,-229.3553,25.5511,68.7800,57.1136,-46.6600,-127.8279,-227.2921,119.0656,77.9566,-65.1276
92.1807,112.4605,102.9098,50.9089,81.1486,52.7519,-41.2431,-134.1937,-82.5069,-185.4564,23.3466,85.6704,66.8918,-30.3319,-79.0869,-167.8385,114.4146,6.6499,-40.4201
101.0363,68.1827,75.8008,6.1978,43.3153,20.0172,-29.4575,-99.5514,-90.1035,-162.3598,87.4916,64.6703,78.2287,-9.6780,-70.0457,-132.6602,110.9453,-33.6554,-63.0124
97.7561,41.9068,47.1019,-13.9161,5.3105,-8.0460,-20.6930,-71.6878,-92.3503,-152.1868,129.7351,68.5075,95.5715,17.8477,-84.7000,-130.0897,104.5204,-41.8142,-91.7258
78.2754,32.2519,18.2326,-47.2977,-30.8246,-35.3946,-31.6979,-82.6800,-19.2540,-87.6409,94.0335,49.3843,80.6323,-10.8503,-62.3374,-122.7618,89.1066,-78.4211,-79.7274
51.5375,31.5789,-22.6132,-93.2310,-87.3195,-73.0409,-69.8823,-121.4331,59.5992,-45.2501,40.4805,-20.4559,22.5164,-77.1696,-16.3034,-89.2593,82.1257,-127.8344,-76.0764
28.8746,28.8032,-54.1348,-96.0071,-111.9669,-89.5425,-80.1675,-117.2863,76.6728,-58.3015,2.9334,-71.6206,-28.0673,-100.2035,7.1048,-57.4911,77.2394,-118.0373,-65.6647
11.3635,-3.7558,-56.7557,-59.8503,-65.5807,-52.2926,-47.6300,-51.1637,85.4492,-20.1267,-35.3236,-67.2959,-43.8827,-73.8298,13.2356,-48.4031,50.5933,-68.6100,9.6730
-0.3235,-43.7920,-49.7527,-36.5942,-28.2531,13.4459,-31.8836,-1.1911,96.4518,34.3147,-46.6435,-38.4323,-44.5277,-27.2679,18.6023,-29.0667,21.8132,-41.2436,54.6087
0.0735,-40.2850,-43.8197,-25.1217,-41.4160,57.9494,-31.3878,-8.3197,52.0701,-13.5031,-23.0814,-18.3518,-29.6955,22.4391,16.3378,9.2436,19.7752,-22.9468,-15.9683
15.9438,-7.9680,-23.3230,-8.2297,-31.8593,59.9088,-1.9156,-25.4803,1.0423,-70.5388,-28.4486,-15.5248,4.6041,35.8097,10.0358,14.9673,34.9728,-2.0894,-76.0636
33.4924,5.6596,-4.4077,-13.1855,5.1960,31.9221,20.2915,-28.7845,29.5048,-31.8780,-60.7922,-1.8169,24.5659,16.3915,15.5371,-5.5019,48.8024,-23.8781,-34.5081
28.1333,-16.7519,-29.6571,-54.9408,-12.5028,4.1623,-0.1324,-33.9287,91.7877,-2.1806,-32.1710,40.3842,9.7476,30.5567,40.4263,25.3080,40.2384,-89.0422,14.6654
-0.0904,-73.1794,-93.0125,-103.7026,-83.7027,-8.2008,-22.6690,-30.2440,118.1357,-27.3897,54.7204,67.4645,-23.2280,75.4493,73.6435,97.7718,-0.9190,-140.1828,25.0274
-25.4511,-121.7002,-143.0667,-130.3315,-136.9090,-17.5229,-38.2761,-15.2967,139.4385,-11.6291,93.0430,59.1247,-57.3742,88.3792,83.4496,122.1756,-28.3292,-155.2619,39.9389
-40.2097,-102.5095,-156.1761,-126.7705,-148.3557,-27.2140,-63.4206,-17.4812,180.2494,30.6716,42.7916,61.7207,-70.9595,77.7031,62.2518,97.7424,-3.3901,-147.8464,36.8736
-53.3581,-45.7436,-150.8906,-104.8630,-139.3919,-27.7665,-60.5895,-34.9735,198.8019,24.3095,-25.7329,80.3550,-51.4184,78.1077,47.2231,86.7616,24.1428,-125.7703,-0.2787
-58.4361,-31.5822,-143.7012,-89.4383,-134.5655,-30.2852,-32.0405,-47.9968,180.5396,-0.8922,-37.1036,76.3445,-31.2098,69.6642,49.4768,78.0896,4.4024,-103.6709,-16.5415
-53.6098,-51.8019,-133.2896,-83.2649,-133.7524,-39.1536,-36.3517,-60.0647,153.3354,-20.9462,14.3780,62.6786,-30.1793,45.2161,39.3517,40.0081,-30.9156,-92.9163,-4.2605
-54.9491,-57.3396,-116.7759,-68.9400,-102.0069,-27.8214,-42.9489,-54.2780,121.7512,-47.8428,71.8049,57.8361,-17.6037,29.7005,23.8962,9.7590,-42.8145,-81.7216,14.7515
-58.2477,-51.8053,-92.7570,-50.9303,-40.5716,-0.9444,6.9262,-6.0118,73.8086,-36.5083,84.5834,40.0476,8.4881,21.0667,30.8135,22.1457,-35.4377,-64.5481,55.6324
-45.0056,-33.7337,-57.5722,-39.0864,-4.6133,0.5932,50.4753,42.1983,20.3538,8.3053,65.0982,22.7139,14.2720,14.8801,37.7816,51.6372,-16.6133,-48.9831,81.1836
-23.6994,10.0312,-13.4560,-18.9235,9.0826,-12.7972,27.2585,38.5562,-17.8990,3.8167,51.1068,30.3879,11.3557,20.2155,19.7699,63.6965,6.8139,-30.8012,38.2082
-9.6181,39.1051,25.1552,9.6737,50.1650,-0.8368,-5.7134,5.7706,-36.7297,-32.3822,51.3054,28.6765,26.8711,14.8607,-2.9303,41.6478,20.6164,-10.2552,-12.5675
3.2556,27.5906,41.7548,19.1099,85.4582,13.2612,-13.4508,-21.3691,-39.4020,-30.6998,60.1547,7.2537,41.8021,-14.4269,-19.2214,-11.7974,25.7285,-5.5830,-12.6030
14.4103,16.1080,33.3826,3.3585,57.6031,-6.0949,-26.2515,-37.8071,-26.6369,-21.2967,74.6525,13.1281,40.1977,-24.7909,-32.8654,-48.4965,26.9733,-21.0947,-11.4182
9.3527,15.9840,10.2184,-18.4873,7.3114,-24.4719,-27.8379,-28.4909,-13.3435,-26.2025,87.5797,42.9211,37.4583,4.4577,-27.1257,-21.8100,21.8119,-40.9190,-24.8607
-3.8243,1.2492,-13.4192,-36.5362,-9.2696,-12.0653,5.8336,-1.3741,-17.0569,-1.8633,89.4642,53.6028,38.6889,32.9088,-5.7764,29.5540,25.0054,-55.6635,-13.6224
5.5673,-8.7513,-22.4947,-45.0378,-11.2180,-6.3364,33.7506,-2.5678,-19.5755,31.9607,55.6627,52.3557,34.4710,39.9015,-0.0892,38.3564,51.0369,-60.9044,-3.9784
42.9344,0.9663,-12.9794,-36.5768,-20.3437,-26.4418,28.4669,-27.6011,5.1548,34.5537,-31.0197,55.6077,12.1617,45.6536,-4.4381,17.2411,77.3000,-49.2192,-15.9961
66.6916,-7.6849,-1.8153,-19.1780,-20.8353,-31.5137,11.6202,-31.0660,34.7893,44.7307,-107.4607,45.6011,-30.5064,48.6172,2.4772,9.8802,71.0671,-25.3396,-0.6280
40.7571,-35.2218,-5.0811,-5.9206,-10.7660,-5.5881,-4.7384,-22.5880,35.6344,74.2566,-90.1530,21.4216,-53.7338,25.8257,0.1664,-3.9922,35.6027,-3.5035,32.6470
-2.5936,-36.1651,-13.1061,4.1674,-5.8204,16.1457,-13.7067,-30.0123,18.4247,67.1590,-23.5569,2.7062,-26.5700,-12.7271,-23.8663,-50.6828,3.4963,13.2469,26.0207
-8.8692,-17.2307,-8.6489,12.7723,-7.1886,19.9904,-1.3973,-36.6878,2.1317,22.4940,-2.9383,-3.9532,7.7114,-28.6222,-34.4658,-83.3733,-8.0787,25.2298,1.5212
6.0212,-13.0957,5.8199,12.3797,0.0590,27.2054,16.6790,-32.4256,-13.6682,-8.2472,1.8939,1.5690,18.9109,-15.6669,-15.5902,-59.8945,-15.7918,19.5842,-2.4739
-3.0978,-13.6451,18.3675,0.8087,26.1896,36.4354,21.0413,-23.5355,-22.2447,-3.3849,50.9626,5.3420,44.0045,-11.0603,3.0399,-19.3549,-29.3798,-7.4605,-6.1807
-17.9501,-4.0226,22.1436,-11.4094,47.8598,22.2284,27.2318,-1.0643,-25.4096,28.0841,81.7448,-13.6942,69.7575,-29.1373,4.0219,-4.5500,-22.9129,-27.1382,-9.1187
-4.0303,5.5861,14.7906,-11.1248,33.3132,-11.9323,42.0402,11.6444,-40.5150,44.8572,30.0756,-38.3307,36.5684,-40.0108,1.7888,0.6481,12.3380,-14.0066,4.8854
18.9978,19.9863,9.9091,4.6194,11.3051,-31.7620,48.4997,-26.1487,-55.8173,8.3718,-47.4407,-36.8626,-14.0240,-35.0501,6.0606,5.7285,39.0057,13.5067,5.0762
30.2490,47.1514,29.9607,26.9275,34.4710,-21.4059,43.8763,-78.6107,-56.5984,-40.2910,-73.6308,-13.2795,-0.8598,-35.2732,-0.2638,-17.7143,44.9594,27.1032,-18.6314
40.7578,64.8487,64.3455,44.5154,79.7359,1.1105,26.3228,-87.4744,-66.4823,-50.0634,-39.1598,16.7296,41.0685,-33.4065,-32.2611,-64.1429,56.7901,30.1604,-31.3361
43.9806,56.7375,70.9738,47.4081,83.0375,11.3027,-10.7743,-72.1527,-77.5079,-53.6808,12.3789,36.8429,39.3014,-15.9428,-58.8738,-78.8315,64.2215,29.8580,-33.7611
26.9779,38.4088,37.4008,30.0864,40.5248,1.8170,-40.9539,-61.3700,-42.3131,-74.4740,21.2437,25.3900,6.0643,-4.6255,-39.8467,-45.3923,42.5594,16.5030,-36.7211
12.4289,22.6120,-0.1243,4.8122,-2.8510,-12.9327,-35.4858,-40.0341,7.2948,-75.4675,-2.1154,7.0617,-16.1087,-6.1912,-5.6185,-16.6171,20.5898,-4.4834,-14.2603
17.7791,6.8164,-9.7233,-6.5458,-15.9540,-15.3457,-16.4023,-17.3657,-1.6042,-61.5098,19.0686,25.2608,-16.3457,1.9798,-8.5237,-26.2636,23.5272,-13.9022,25.2117
23.9861,-5.8915,1.6020,-4.7193,2.8286,-10.8828,-8.2033,-10.8346,-24.9754,-60.4623,58.4634,42.1399,-4.5905,14.0906,-12.3575,-23.8090,16.4308,-16.6779,37.7919
15.9862,-12.8501,9.6976,-10.3837,27.0601,-14.1435,4.6045,9.8711,21.2507,-34.3936,15.2262,8.2446,-0.7554,15.7737,40.1804,45.0711,-23.0819,-30.1014,30.4625
-3.7496,-25.5754,1.4939,-26.1085,28.3502,-14.1813,24.4214,53.6594,86.4028,37.4723,-52.8175,-28.1029,-6.8401,21.4226,96.9293,125.4438,-60.4617,-46.1941,34.1220
-32.5562,-47.2697,-16.6836,-29.6145,14.3949,7.6879,30.0102,75.3729,78.2565,89.9434,-24.5603,-24.3547,-4.8306,25.6747,83.5201,122.6952,-72.1229,-38.5238,44.9100
-57.5811,-51.2566,-27.5314,-7.2613,5.0971,39.5344,25.9781,63.0701,30.5206,77.1683,21.0557,-13.4950,-5.5053,11.8330,39.6918,62.1673,-72.5213,0.5709,54.9478
-61.1058,-15.4362,-21.5981,24.0720,0.2409,58.9294,23.6686,48.6682,22.6087,34.4961,-29.9110,5.5881,-21.0376,12.3386,28.2889,39.3991,-62.4611,39.8221,57.9610
-48.5337,33.3912,-6.4220,39.8628,4.5766,66.7089,13.7864,40.9059,38.6546,9.4959,-88.3728,55.6598,-18.0523,45.2653,21.6915,48.9897,-26.5222,46.7614,38.3038
-36.0620,51.4915,5.7424,47.3290,29.2826,72.4805,3.3679,27.9554,22.5148,2.0812,-73.9492,88.0024,5.1508,63.6938,-9.8395,28.1937,17.8266,45.1690,15.2441
-24.6148,40.9765,14.6943,67.3689,58.5981,77.2358,8.2687,9.8869,-10.7512,-13.7536,-71.8712,78.0926,-3.2691,58.2189,-24.6367,6.4203,30.1783,69.6904,21.5467
-12.4813,35.4743,26.3981,77.6886,65.7638,78.4209,8.3850,-1.7735,-9.3648,-22.4199,-105.2621,84.3471,-33.1086,70.7440,-1.7675,38.0451,14.9853,78.4901,36.3553
-4.8865,43.5176,34.1948,40.6746,46.6278,66.4618,-11.2880,3.3195,18.5419,17.7625,-84.6047,110.1757,-27.9434,80.5499,17.0492,77.9636,20.3512,20.9417,34.2925
2.9710,51.7542,28.8015,-16.8067,16.2226,28.7597,-18.5596,13.1943,20.8404,67.6875,-19.9138,104.3250,-2.1960,50.7511,12.4168,73.2505,54.7450,-52.8876,33.4562
22.2019,59.4557,23.7858,-35.7854,3.2674,-23.0789,1.0450,8.6129,-4.4315,47.8465,6.8439,98.4939,9.5366,36.9216,5.6043,60.6855,78.2997,-73.3021,32.6723
46.4396,70.3842,39.1502,-16.9565,29.3014,-51.7949,16.2842,7.2920,-11.2054,-2.9732,-3.1921,138.7065,28.0408,82.0598,3.5162,75.7153,77.9218,-60.0181,14.3742
55.9591,75.4458,60.8468,-4.0295,61.4570,-41.7727,20.6653,23.9657,0.2433,4.7753,-14.7825,171.7350,50.2400,118.7324,5.2510,95.0632,72.5317,-56.0706,5.7193
42.5990,70.9155,54.7281,-13.2918,44.7828,-26.5082,37.1529,25.8440,-12.2301,42.0521,-22.3089,155.1279,36.3309,99.1028,18.7491,108.7035,67.6029,-59.1175,25.1857
13.8569,72.1771,21.8905,-25.3339,-2.3344,-35.7907,61.6838,12.0565,-37.2004,50.0463,-26.7980,133.9313,7.5587,71.2325,30.6620,123.5681,62.9690,-54.6056,41.6154
-15.1140,88.9878,1.9239,-10.1330,-10.9126,-40.4981,73.0071,26.2119,-30.8182,50.4427,-49.5642,133.5221,9.6582,63.3229,15.0868,103.3462,62.7153,-25.9676,48.3568
-21.3701,101.8698,19.0046,36.7471,24.5984,-9.8807,59.5782,42.2372,-16.7569,42.5792,-86.4440,124.3166,21.7678,44.5992,-23.6562,19.7254,57.2425,31.9932,59.6156
5.4267,89.1214,52.7023,72.3017,49.1091,15.9312,20.6732,7.6429,-45.4325,-3.2926,-67.6270,99.6423,14.5906,14.6043,-60.9107,-69.5659,45.4787,74.0787,48.4454
37.9932,66.7300,70.7446,69.3732,49.3524,3.8673,-14.1735,-28.8646,-84.8786,-39.6368,-7.0230,83.0516,7.2225,7.7695,-79.7911,-94.2405,47.8985,68.9653,13.1208
46.3703,62.0215,72.3093,63.6646,58.1984,4.8649,-9.4981,-11.3563,-73.5783,-19.7797,-24.1994,82.0912,6.1477,21.3719,-70.9522,-73.1292,60.0779,59.7827,16.7543
36.8910,62.3426,69.0791,68.9757,70.2651,40.7595,11.1997,18.0802,-30.2340,19.6679,-100.1989,79.2969,-11.6427,19.3866,-41.2236,-56.6059,56.5664,64.3035,73.7472
16.0552,40.8482,45.0419,43.8152,48.9109,41.3394,11.1327,34.5438,3.4308,62.7167,-105.0760,54.5091,-42.2920,-6.4688,-10.3964,-34.1277,37.9705,38.2753,127.2227
-23.7822,11.7994,-4.0862,0.1282,7.1514,-1.4902,16.1252,74.4253,44.0483,130.0211,-79.8876,23.0263,-59.9566,-23.4916,15.6645,11.4460,13.1580,-0.5066,157.9726
-55.6910,6.2492,-28.1520,2.2092,-8.0987,2.6542,39.7586,126.5634,94.8261,189.7457,-136.9656,26.6474,-62.2202,-6.2748,30.9364,36.8672,-13.4385,13.9931,181.4944
-47.3707,16.9730,-1.6048,37.0124,1.3646,58.7096,35.9027,153.2908,111.1589,210.9324,-204.5624,56.6920,-63.7599,26.3766,21.4029,22.5383,-21.6698,56.5145,182.7197
-26.9073,12.4778,19.5196,39.1137,-1.1793,73.9383,4.7446,164.4780,99.3954,214.3569,-188.4572,58.3011,-68.1806,43.0957,8.7358,22.4138,-15.0320,57.8238,156.2686
-22.1911,-14.7150,4.8883,14.4136,-12.3454,37.3240,-2.0951,167.0878,113.0340,203.9083,-153.2805,28.1324,-65.5859,43.9852,25.9452,49.8458,-33.4160,30.5441,131.9650
-10.7588,-39.9339,6.3628,7.9137,-0.4137,16.4944,11.7503,158.3969,139.2885,183.6391,-149.2103,6.3396,-44.5659,42.0938,49.3849,53.8528,-74.2661,19.8221,117.1549
0.3868,-39.3290,35.5504,16.8135,29.8016,24.0676,23.0052,164.9222,129.8707,186.4649,-140.1904,-7.2639,-11.5015,37.0354,51.6750,47.8573,-93.4185,24.9903,96.1750
-21.5949,-21.1818,31.9557,20.0922,41.4982,29.3628,53.8158,173.6201,103.3460,185.9609,-144.5108,-28.7038,4.8035,32.5592,64.4519,87.3691,-88.8770,32.8726,73.5196
-44.6008,-8.9531,-8.4329,19.5018,22.2182,25.7067,96.5540,133.6319,100.8375,135.1840,-197.2726,-38.7213,-9.5997,36.5654,97.0006,133.8963,-80.0920,40.7947,58.1442
-34.3485,-4.4786,-27.7580,21.2005,3.1313,20.1040,103.4684,78.4786,116.1437,93.3203,-247.9866,-28.0846,-25.4965,40.0889,102.0443,121.1952,-62.9350,44.4752,45.7545
-32.0215,-3.4447,-17.7544,27.3968,13.8270,19.2175,81.2765,73.6633,122.6477,114.7233,-235.4253,-21.3185,-12.6125,34.5588,73.6863,82.9378,-56.4967,49.0317,33.4447
-51.6711,-15.7020,-8.0505,35.8083,34.1052,22.1611,61.0438,79.9463,95.3142,121.9087,-154.6478,-26.2300,9.0769,25.2865,48.2639,64.4604,-82.2451,58.0647,18.9281
-44.5462,-28.9577,2.6193,37.1758,30.1053,16.2149,33.2428,45.0870,32.4191,66.0388,-52.8711,-25.1353,4.3622,11.3316,26.0985,38.7568,-94.6231,58.1066,7.5677
-13.4167,-12.1259,20.6123,35.7154,18.9414,13.6909,7.8664,15.0647,-14.5345,23.9150,-18.6978,-8.0605,-15.2119,-2.8155,1.9601,0.8624,-54.8807,50.5461,18.9872
-0.6234,18.9193,31.1923,43.2655,31.4633,37.9197,18.4716,25.6261,-14.3802,30.3242,-65.9983,19.6183,-16.2911,5.1360,-4.8446,-9.5976,-5.7988,52.0819,46.1061
-1.5745,22.9524,25.7430,46.5461,44.3702,57.7864,43.5607,35.0584,-14.8118,28.5443,-82.7174,41.4192,-0.9480,29.8583,-2.1625,2.6757,12.5240,53.3505,50.2658
-5.0877,13.1510,7.5044,33.0046,24.7723,40.4969,44.4533,20.7412,-38.0734,2.2336,-29.0988,50.7370,8.2949,39.4108,-12.6397,3.8061,16.7591,41.2828,29.1239
-11.4841,18.5745,-5.8981,24.5675,-4.4325,28.5672,32.8964,10.9568,-40.5422,-16.6509,-2.0534,66.8523,9.8887,41.6011,-24.9062,-8.7735,17.3163,34.4871,17.9181
9.0169,14.0744,12.3064,30.5522,-8.1923,50.4666,29.5843,25.1725,-25.7873,-15.1984,-20.5857,85.3276,14.9961,59.8840,-23.5356,-22.3835,3.9893,39.4229,21.7347
49.8438,-20.9329,41.9438,22.6552,3.4024,58.8455,35.6037,53.7160,-33.3734,10.2106,-11.9813,59.4002,21.1338,65.9040,-11.3100,-21.0396,-12.6720,30.6631,22.4797
47.4623,-46.9022,30.6972,-3.6367,1.5418,36.1096,53.3304,68.8288,-44.3042,45.5590,7.0380,-7.3218,18.6270,35.2877,10.1822,7.5870,-15.7122,8.7899,18.0826
9.7424,-32.1229,-3.4014,-16.4957,-16.4881,22.1722,71.6086,51.1754,-39.5999,47.6942,-9.0374,-42.7353,14.9773,5.2305,26.7663,34.0109,-9.5420,2.2446,3.6099
3.0719,-6.9226,-2.8481,-14.0635,-27.7004,22.9981,70.3525,20.9039,-40.0453,18.0000,-12.9587,-32.2157,29.4562,-2.1703,23.8383,23.7963,-9.8433,2.5422,-24.3868
12.8343,-14.5408,8.6397,-28.9164,-24.6037,13.5535,56.7469,7.6378,-30.2045,13.2395,29.9297,-35.8841,53.6562,-16.1068,23.7982,5.2835,-26.5538,-23.7536,-37.8216
-3.5720,-47.8900,-18.6485,-63.7778,-34.5332,-12.7932,44.3830,9.6244,3.9246,38.8459,77.6395,-62.0469,51.7490,-37.4851,40.1124,16.5512,-45.9763,-66.5653,-20.7249
-11.7885,-57.3302,-45.2945,-82.9753,-61.3156,-51.1730,32.3177,19.7120,13.6802,45.3477,90.5640,-64.3330,22.3077,-32.5855,46.5046,45.8894,-39.9396,-84.0749,-7.0622
10.9565,-25.3478,-22.0423,-65.0941,-57.8175,-72.0757,25.5724,36.2980,-11.7133,33.9759,54.0710,-45.8779,2.4529,-6.7118,37.9149,71.4492,-11.1754,-63.4449,-19.7296
19.3934,-1.4254,12.0963,-27.1213,-13.9317,-39.6021,21.0866,37.1809,-18.9540,43.9714,-9.5376,-44.1981,-2.0965,4.2571,31.4289,76.5238,3.8843,-24.3482,-34.0560
-2.7964,-14.6365,12.2450,-0.1566,13.0362,8.0627,6.4765,6.5907,-5.4737,63.1415,-37.1236,-57.3174,-12.0662,-11.0251,22.1481,48.9433,-10.2808,8.1365,-33.6108
-23.2790,-15.2809,-3.3522,1.9972,-2.0470,4.8557,-8.6765,-34.2093,-2.0053,52.6502,-26.3563,-63.6493,-23.2688,-39.2097,12.4736,19.7223,-22.3027,14.2669,-34.7013
-31.2158,20.1295,-14.1656,-9.1903,-27.4706,-27.9081,-22.4898,-58.6345,4.8445,22.1616,-31.7853,-63.2093,-33.6529,-61.8278,14.6136,21.2372,-5.5588,-1.7332,-42.3988
-39.8646,31.2796,-27.7320,-16.1411,-45.0831,-43.0694,-45.3326,-56.5843,24.7048,7.0582,-32.1970,-63.4015,-49.0784,-66.9892,14.4461,23.7590,0.9482,-10.6437,-39.1145
-57.0133,-4.1440,-43.6183,-15.3389,-46.9840,-55.2929,-38.9770,-38.0216,49.5314,7.3236,2.9514,-62.4093,-33.6828,-60.2821,16.1857,10.3696,-55.9729,-4.2772,-25.8167
-74.0344,-29.9512,-49.6287,-13.5303,-24.2600,-65.6843,19.3276,-39.1610,85.6011,5.9362,7.2490,-53.5357,26.9996,-48.2346,45.8591,18.2186,-133.6298,-4.5554,-31.8910
-64.9962,-34.3700,-42.4362,-17.1012,-10.8395,-41.8738,51.1075,-67.7911,106.7376,19.4432,-33.1345,-34.6858,56.6926,-23.3674,70.7554,44.9576,-142.0379,-16.4469,-61.9447
-29.5836,-59.9142,-32.6808,-32.9233,-36.3743,-8.7571,15.5813,-68.5597,87.9572,69.6507,-32.7317,-18.3360,19.6018,10.7731,56.7691,59.0877,-97.5703,-31.9342,-75.0657
-12.3590,-91.7743,-39.8287,-59.3855,-62.2992,-13.5663,-5.7898,-24.8030,82.1432,110.8296,6.7992,-15.2567,-3.1896,34.2295,50.5908,77.1524,-79.9336,-57.5174,-57.8205
-29.1677,-84.0702,-66.8741,-74.5713,-63.4527,-37.5929,13.6206,-2.5345,107.2511,68.7024,25.1855,-14.6631,21.4378,40.4546,67.6272,97.0396,-83.6011,-79.3167,-52.1806
-42.9510,-61.8742,-84.9897,-65.1774,-71.5319,-44.5315,14.1940,-17.6177,97.4094,-20.4616,42.4999,-15.4044,29.1049,32.6373,61.8853,78.9480,-81.2230,-67.4633,-63.1361
-42.6540,-75.8004,-77.8998,-55.3197,-85.5130,-34.4481,14.3498,-9.7160,75.5946,-33.9933,58.0093,-41.7440,15.5265,8.7459,61.4680,52.5590,-115.5765,-44.8537,-46.2320
-52.1151,-111.3067,-71.0104,-64.8571,-75.5063,-12.9166,50.1952,16.8707,117.4966,29.5828,26.8256,-86.2204,28.8687,-14.8531,108.8524,71.2328,-182.9675,-52.2265,-19.0423
-65.0512,-124.9113,-79.8336,-73.3941,-60.0227,11.9651,66.2288,10.4980,153.5232,49.5413,-0.1679,-97.4454,43.9631,-4.9214,140.6984,110.4642,-197.9098,-67.4564,-34.2924
-58.3288,-110.0091,-83.0807,-68.2262,-61.9136,21.2636,53.0376,2.9799,108.2341,21.8943,13.5351,-63.4385,22.3359,35.0784,125.2465,145.9409,-145.5329,-63.3359,-51.8021
-43.0667,-85.1802,-73.8256,-68.7257,-64.9347,12.9821,67.2777,40.7990,77.9015,54.9710,-18.5849,-34.7666,-7.5321,57.3936,123.7894,182.5090,-93.9340,-63.4851,-11.6937
-47.0208,-67.3349,-75.6654,-73.0514,-70.5917,-2.3944,63.8711,74.5249,117.4902,124.1202,-80.5271,-35.2074,-29.3876,41.9026,123.1390,177.2043,-72.1354,-67.3160,33.4803
-70.5034,-66.0196,-91.7606,-57.9153,-90.7504,-13.0298,-13.4417,65.5789,126.6506,113.3501,-40.7088,-29.7187,-60.6048,29.8757,69.8749,121.1967,-67.7380,-43.5192,25.2700
-85.7774,-70.8287,-94.6376,-34.9905,-100.9236,4.7086,-70.8215,64.2200,77.4383,51.8580,51.0194,-5.3442,-80.5419,46.2715,23.2689,91.8316,-72.0412,-12.5449,13.6950
-80.1546,-61.1371,-78.2104,-29.3919,-87.9024,40.6830,-41.2203,83.6844,53.5225,34.6014,56.0245,0.0610,-63.1041,42.5883,33.7966,86.7377,-73.9521,-9.5369,41.3772
-78.7431,-44.7991,-70.1555,-30.8101,-73.8271,33.6867,-9.6862,66.0088,70.1719,31.1966,32.2918,-29.0221,-31.6044,-14.9642,40.6184,30.8879,-83.4628,-14.7557,62.8896
-92.0075,-45.1661,-79.9702,-22.9435,-65.3396,-21.6036,-19.7483,13.5301,79.9909,-13.3237,65.3216,-61.7361,-10.3405,-69.7312,19.7013,-38.3955,-115.5924,-4.4213,42.1107
-81.8979,-53.9805,-77.5965,-10.1706,-56.1542,-46.0820,-19.9452,-14.7400,59.4402,-66.8219,85.9828,-82.0686,2.0866,-73.4955,9.0052,-58.0229,-130.7273,14.4105,0.3095
-37.1695,-59.9451,-47.6804,1.0503,-51.6733,-12.6207,-13.6503,-18.7421,6.5182,-99.4736,81.7642,-104.0224,3.9621,-67.2199,0.0310,-77.1459,-107.8786,32.8727,-30.9109
-13.6195,-88.2397,-28.0004,0.1748,-49.9326,14.3814,-31.5992,-29.1137,-36.4446,-105.4414,131.7081,-132.3856,-4.9524,-88.6399,-13.5284,-113.3883,-109.4483,35.0272,-29.5578
-40.4235,-134.1419,-47.2020,-14.0165,-44.1636,1.2643,-47.4353,-34.9625,-20.9114,-70.8947,185.7184,-164.7648,-19.3181,-117.0231,-3.9708,-110.2560,-151.9625,20.3528,-2.9257
-70.7809,-131.6369,-61.4199,-3.8039,-28.2332,-6.9142,-50.5527,-31.9021,-0.6891,-41.1893,150.4986,-195.1782,-39.3791,-137.0745,3.0180,-92.9415,-156.5147,36.4454,7.0386
-60.8169,-68.2812,-20.7412,50.1984,18.7411,32.9461,-64.5871,-37.7188,-44.1320,-73.5701,84.6664,-187.7717,-51.4809,-138.5892,-27.9454,-113.2660,-97.5333,93.3430,-6.4930
-18.4260,-19.5052,46.3010,96.6635,88.1396,96.5782,-75.7673,-33.1914,-99.8224,-109.1303,68.4133,-119.8043,-36.8791,-97.0586,-62.1803,-133.0677,-33.0947,123.2011,-0.5147
28.3332,-11.4902,86.6501,99.9336,121.9511,120.8976,-66.3491,-4.4462,-116.3176,-89.1361,72.3424,-42.0572,-15.6017,-40.5728,-75.8357,-131.3212,8.2086,107.2804,28.5275
54.9085,4.6469,100.7077,94.5812,111.1253,96.0792,-51.7926,2.1194,-129.2449,-77.7464,57.0071,-13.8194,-14.8907,-30.4572,-81.7007,-135.7583,29.5329,99.4969,41.3313
49.3428,33.7566,104.5269,101.8707,109.6976,81.8163,-29.9409,-27.0029,-138.3765,-100.0972,21.7790,-25.2265,-16.5474,-57.7211,-67.6605,-133.2868,26.2442,108.2865,39.6449
26.6502,48.6338,94.0971,107.5788,120.3431,99.7738,-5.1389,-32.2720,-116.9675,-92.8891,-19.8847,-39.8985,-4.2395,-80.3186,-55.7299,-140.6643,24.8487,115.3617,51.0567
16.3534,66.9956,85.3703,118.1162,107.2069,105.3967,-24.6746,-0.5949,-117.7442,-79.1157,-19.3525,-40.9356,-3.5671,-97.6495,-102.9211,-207.8258,57.4710,137.6189,65.1981
24.0066,88.6325,94.6627,126.9952,83.9598,89.5760,-85.4974,17.2282,-164.9743,-108.1763,47.0758,-29.1452,-26.4398,-105.1513,-161.4559,-258.4030,93.2414,152.8751,61.9564
21.2230,69.0567,87.7687,96.0129,67.7447,80.2640,-116.6480,18.5128,-172.6201,-98.5171,107.4489,-36.3875,-48.1194,-95.9330,-142.5578,-198.8472,91.0756,111.4850,52.3138
-7.1220,22.9580,46.4112,42.4048,43.2594,65.3301,-108.6835,32.9639,-110.8763,-0.6067,102.6708,-81.3596,-56.4910,-102.3809,-94.2862,-123.3101,70.3894,54.0986,48.8056
-28.2272,5.4731,18.2223,24.7435,22.5941,34.2153,-114.0463,36.5371,-60.1202,71.1145,73.0307,-110.2828,-63.2861,-120.1625,-93.2259,-123.7429,60.8948,44.1252,40.7905
-16.6119,2.5474,22.9983,30.8350,19.5029,17.3599,-128.4321,-0.4990,-46.8882,46.8874,57.9900,-91.0854,-72.8876,-101.2527,-87.2278,-111.4710,44.9007,46.5685,14.9632
-1.2802,-14.7779,23.4523,16.1729,5.1213,18.5297,-117.1765,-47.0554,-30.2159,4.1692,43.5893,-82.0176,-76.3224,-71.0830,-34.1520,-43.5892,6.0205,21.8633,-23.0268
0.3463,-18.2964,20.6350,0.1932,-15.5519,20.7241,-98.3177,-61.0030,-20.3677,-5.2163,32.8015,-102.7168,-62.6700,-76.4180,-4.1300,-18.7123,-18.0474,5.9106,-53.5126
14.4411,-7.3615,37.8878,4.0492,-4.8329,33.4928,-86.1666,-42.5928,-41.7946,-9.0856,46.4727,-103.9844,-29.7311,-77.4109,-21.8298,-47.4919,-2.2487,10.2694,-67.8705
31.5764,-23.0577,39.5754,-5.8235,4.5995,35.6593,-53.6962,-20.1455,-57.8558,-19.0608,74.8900,-96.7241,4.3181,-54.7188,-19.1000,-43.3464,1.3974,-1.9633,-72.6131
16.3638,-48.1088,4.2764,-33.0555,-27.1805,-7.3782,-8.7907,-12.5213,-44.0261,-24.7079,96.5962,-107.2093,18.5288,-55.7993,10.9280,-16.8932,-39.9411,-23.5664,-63.0696
-4.6870,-41.1882,-14.5753,-34.0207,-45.5343,-37.5075,12.3400,-5.9939,-38.7038,-26.4332,102.9855,-87.5335,21.1901,-61.2156,10.2425,-24.0351,-60.5426,-19.1700,-34.1868
3.1657,-24.5572,-0.6893,-15.0219,-17.9462,2.4394,22.5478,11.1919,-57.3888,-28.8764,90.7976,-40.3478,31.0515,-27.5202,-6.8796,-29.3965,-24.1662,-4.9435,-14.4529
8.8298,-24.6714,-6.0347,-24.6210,-13.0122,38.0580,45.0740,12.5295,-54.0739,-37.7335,65.9568,-40.0528,40.5114,-5.7733,17.4585,8.2769,-2.8089,-20.0551,-26.8526
-3.4833,-24.2011,-34.2614,-54.6621,-52.3219,11.0813,57.1315,-5.3506,-9.0543,-46.6793,41.0115,-63.0885,38.5674,-22.2368,57.0769,39.4247,-25.3719,-52.3218,-39.9161
-0.8938,-23.4513,-41.9780,-54.5618,-60.1140,-5.6991,50.1192,6.4828,26.4645,-43.1739,26.4533,-43.6679,43.0604,-14.8578,46.2672,12.3446,-27.8133,-52.8493,-26.3262
13.8861,-34.9120,-28.9193,-22.4472,-17.7291,28.1693,48.1933,43.5307,7.7495,-49.8103,36.1211,-23.1273,62.6214,16.5716,1.9664,-38.2675,-1.5561,-14.8899,-17.3569
18.2057,-36.3533,-14.7861,2.1388,8.0865,56.1770,38.5757,37.7094,-33.0241,-89.2146,59.3078,-34.0557,63.9186,17.6258,-16.7165,-56.8793,5.5589,14.4892,-32.6381
26.5929,-22.0300,3.1521,10.4391,2.9468,62.6510,8.4665,-1.6180,-34.3392,-120.5039,44.0925,-32.7915,31.4638,2.8591,-3.9329,-51.1861,-5.2936,16.5459,-31.4184
37.3871,-25.0804,17.8122,20.8656,17.0346,74.0476,13.2148,-2.0490,-4.8708,-108.8079,-13.4823,-33.0149,8.9369,-2.0054,21.7547,-44.5104,-24.6124,23.1340,7.9454
23.8462,-44.3380,18.3700,28.7487,52.2866,77.1718,72.7508,27.4253,-13.6692,-90.4434,-27.7049,-62.6456,22.7858,-9.0427,55.8359,-10.4805,-60.8167,36.3463,41.2266
0.4599,-47.4200,16.1005,20.3332,58.2065,69.5107,103.6399,32.9497,-66.7435,-88.8039,31.8510,-60.7687,32.7403,-0.3003,76.0189,56.4212,-80.8958,27.4511,35.9842
-9.2294,-38.7223,12.3683,11.9857,29.4914,79.3391,68.2313,22.0433,-81.7751,-80.7958,68.0592,-13.2813,14.2567,30.6671,63.4114,85.9375,-67.7870,14.6598,19.8458
-16.6577,-38.4109,0.4146,21.1636,17.7844,96.5575,43.6005,9.9232,-29.1565,-71.2662,25.3704,3.7555,9.4847,35.6632,48.4471,46.8039,-69.1977,26.1589,17.2184
-20.1272,-38.3277,-2.8885,30.1732,43.5632,96.0268,67.2878,-23.5620,13.5036,-78.7061,-18.5514,-10.5080,43.6569,13.0121,53.9227,6.0470,-85.4857,32.1353,7.2506
-7.1251,-27.1275,8.6518,24.4215,67.5685,87.9457,78.0056,-69.2942,-1.2105,-84.8354,-7.5744,0.1349,73.3451,9.2288,48.4731,0.8335,-60.6117,13.4099,-23.9560
7.9235,-0.4846,19.7725,23.0997,60.8116,80.0599,44.4917,-96.3880,-33.0188,-79.4353,7.4623,33.4216,62.6785,20.9006,12.9747,-7.3520,-2.3026,6.1193,-51.3403
24.3866,50.2754,41.6263,37.4328,45.2943,69.8681,6.4439,-105.1082,-56.6966,-73.8500,-15.9094,81.0831,37.0787,31.4441,-27.0585,-27.3623,53.3786,19.1528,-56.8499
56.7247,100.6491,82.3742,47.2758,52.5679,70.0459,-7.9235,-97.8178,-75.4580,-52.7714,-52.5807,130.6229,30.6416,48.0694,-47.9349,-31.1303,107.4544,18.5092,-50.6940
79.5778,94.2285,98.5578,37.7248,77.0274,72.2324,-5.0587,-71.2169,-62.3182,-9.2777,-71.9054,115.2232,36.0484,46.5215,-43.1258,-27.5031,131.9150,0.9445,-37.4124
70.9451,30.9182,63.8744,15.2980,80.5309,48.7632,-1.6046,-54.2741,-16.0148,14.8332,-62.4175,37.8766,26.3530,15.1728,-20.1964,-32.5614,98.9068,-14.9994,-17.8633
58.1001,-19.2704,20.0236,-12.1005,40.6842,14.6579,-13.5034,-64.8492,9.6930,3.9233,-28.1902,0.7021,-2.2937,2.1554,-1.3365,-22.2670,62.5347,-34.5852,-11.4979
57.0086,-19.2394,4.2582,-36.7627,-8.4843,2.4675,-29.5171,-68.5328,5.2315,-2.4187,-3.2483,21.3809,-23.6728,20.8795,8.0535,14.7390,65.4407,-60.4241,-21.4311
58.0782,-4.6959,6.5781,-45.8469,-14.7245,4.4058,-14.5792,-45.1964,10.9087,5.7401,-15.8332,33.5090,-14.5189,34.5273,22.2912,43.2981,71.9526,-73.6568,-18.6077
63.3066,-11.0155,6.0400,-39.1055,9.3570,5.7642,30.8990,-21.4609,23.5169,-0.7599,-44.8666,26.4336,12.5387,41.4841,37.2410,41.9129,61.3133,-65.2871,-3.3666
60.7115,-30.0868,-9.1775,-34.6701,4.2100,14.0202,62.0928,-12.9657,21.8235,-14.9322,-58.3553,7.8188,24.2990,48.7661,43.8963,38.4512,46.0254,-48.1831,-13.5353
37.6899,-41.6461,-30.3472,-43.9108,-33.0919,24.6723,56.8397,-10.1592,22.0518,-5.0859,-52.4099,-26.2815,17.4977,40.4077,49.8027,53.3249,26.2174,-42.8108,-48.2583
27.0255,-36.7814,-33.2341,-58.3645,-51.4081,14.3031,37.8925,-12.6620,32.7479,16.3592,-32.2859,-32.8120,21.9972,27.6362,46.6101,54.5710,20.2711,-59.4090,-66.4732
38.5430,-17.1989,-27.5979,-67.3485,-44.8667,-27.1685,25.7684,-27.1244,47.6598,11.2173,-11.6926,-1.9258,41.5691,20.1764,26.5157,20.6747,39.1456,-82.7905,-59.3828
28.1884,3.6230,-46.5514,-70.1909,-52.8222,-74.8381,19.7007,-50.3601,72.2333,-18.9884,-17.4410,6.9274,40.4984,1.3284,19.2459,-2.2405,45.2889,-89.6581,-50.2646
4.7092,13.0693,-75.3240,-67.8697,-74.2196,-84.5861,19.2247,-69.9932,85.8649,-44.2034,-49.5135,0.8012,11.2057,-3.5610,33.0409,19.4654,43.6760,-80.6992,-47.4767
14.2877,15.1238,-76.7285,-61.4167,-73.2936,-55.2900,27.1210,-73.5551,65.0611,-55.1005,-74.1459,21.0176,-6.1483,28.6693,36.8889,48.2667,74.5486,-72.8766,-49.2560
24.9749,17.6796,-62.3861,-57.8942,-52.0150,-41.2597,33.9161,-68.1359,46.1747,-53.8644,-71.5557,25.0985,2.7657,43.4795,38.4024,66.7178,90.1528,-73.8909,-59.6630
0.6287,19.8854,-54.3038,-60.0056,-38.2808,-60.6628,24.5199,-75.6528,52.9300,-33.5585,-51.9690,-1.5677,7.0408,20.8552,57.0242,101.5381,50.2146,-80.3118,-77.4534
-1.1596,24.1281,-35.8371,-59.6361,-28.6765,-74.1844,4.0772,-94.4003,48.6429,-8.7041,-39.9699,-0.3788,1.2238,15.0020,59.4575,122.1757,36.5715,-86.4009,-94.1997
51.4923,36.3049,-0.7735,-55.2880,-7.3001,-79.2839,-8.6586,-104.6792,37.5644,-15.9413,-54.8076,11.8432,8.8825,16.2080,36.3746,78.2901,81.5558,-92.2973,-98.1762
91.5272,51.2037,23.2584,-54.6268,12.6208,-103.4054,-12.9026,-104.4245,56.4112,-46.3609,-76.8501,-7.6518,21.0692,-16.2168,30.9109,19.8812,99.1140,-101.6726,-79.1818
79.2756,61.0646,22.7013,-55.9461,12.5609,-122.7688,-18.1002,-89.4725,68.3955,-48.1636,-65.4402,-11.3871,17.0538,-37.6342,34.9427,12.8664,82.6806,-105.8639,-47.9485
58.9227,64.1464,11.2044,-54.8627,1.5878,-108.5215,-18.2039,-39.9542,41.3502,-20.8710,-32.4090,8.3332,12.2773,-19.8487,12.8879,19.8229,101.2123,-96.2722,-25.2927
67.0254,52.9141,4.6883,-56.8376,-1.6305,-85.0646,-7.2477,30.0719,30.0736,-11.0365,-25.7400,-11.9609,19.1406,-9.9788,-1.4996,2.5055,127.0686,-87.3054,-7.3093
84.2474,27.8306,9.6558,-56.2091,7.0882,-68.6426,2.6304,73.2545,49.7812,-17.0378,-43.6053,-46.0790,19.2972,-8.8710,16.7379,-1.2615,108.7596,-82.6778,11.8502
80.0350,16.5832,23.2849,-34.0911,21.1468,-47.6851,5.9356,77.9386,35.8379,-7.9218,-50.8096,-39.1881,13.1170,8.2185,17.9894,11.7149,81.1092,-53.4765,9.4777
63.3323,36.5161,42.4775,3.6354,32.6455,-31.4113,15.0344,65.0779,-23.1133,-5.5064,-41.4953,-26.5186,24.8284,7.1422,-16.6496,-11.6424,72.3255,0.4303,-18.1206
66.3782,61.5076,63.0973,26.4211,39.8855,-27.7119,31.7288,36.2551,-76.1988,-37.1690,-19.1912,-12.4178,51.7398,-11.4731,-47.4171,-64.8854,73.0986,29.3369,-33.1698
80.3394,64.2179,67.8748,22.8631,45.3133,-23.0291,47.7946,-0.7934,-98.2784,-58.4231,13.4671,44.3911,73.5528,4.6276,-60.2847,-87.8516,88.2166,14.1823,-21.8279
69.5816,56.4753,51.2086,11.2908,43.5427,-21.4343,67.2521,-4.9891,-89.8528,-25.7290,22.9266,93.1517,86.7268,34.7725,-62.0769,-71.2197,98.0389,-3.3903,-8.0349
48.1742,58.6421,42.7220,13.4628,36.1807,-25.4531,85.1442,31.7704,-67.8568,17.7928,-10.8174,79.1318,87.3637,30.9429,-51.8928,-55.7823,77.8285,8.6877,3.5434
48.7180,60.2659,55.4032,30.3658,43.3614,-11.8205,73.0721,56.1474,-62.3279,18.8693,-40.2365,49.6162,65.2836,15.5709,-46.6627,-61.4821,63.9106,32.8914,20.5666
51.6509,33.9248,55.1112,36.6632,59.2544,10.2661,24.0433,40.4811,-59.7643,4.2436,-20.7610,24.5188,27.6601,6.3777,-51.5126,-69.1388,68.0177,36.5079,28.4984
33.2185,-16.8180,26.2471,13.1332,41.7233,4.1280,-24.2013,22.1839,-20.9454,22.8426,10.3380,-22.5231,-11.9981,-10.7170,-31.8523,-44.5373,36.4411,12.3204,22.7645
3.6013,-42.7347,-7.9388,-21.0006,-11.2361,-19.6160,-38.1128,23.7058,43.7345,65.7629,-8.5181,-46.7318,-46.9067,-16.4545,18.0912,21.1289,-18.7208,-19.9157,24.6588
-40.1442,-17.9815,-41.7791,-42.7687,-47.0890,-35.2352,-21.4947,22.7045,109.3792,103.0995,-61.5084,-14.4639,-53.8166,-7.0405,58.6137,84.8443,-38.6877,-48.0537,40.6026
-95.8710,3.1927,-77.4709,-61.4966,-45.8481,-58.9665,12.3457,21.7655,168.6226,143.1467,-69.2653,12.5248,-12.6568,-17.5542,75.3636,102.9286,-56.4917,-77.4276,58.5970
-122.7576,-30.3858,-90.7686,-79.1566,-35.4723,-93.4853,48.0989,47.3388,185.3976,199.9690,-11.4673,4.0450,34.4460,-31.4581,79.7625,97.1123,-112.2207,-94.5702,74.5318
-111.3651,-76.8046,-74.0644,-73.1367,-29.7439,-102.0819,52.5517,78.2706,149.7302,246.2540,29.4258,-3.6291,23.0335,-14.0925,74.9696,111.4361,-151.6204,-76.6504,84.2072
-101.9636,-77.8035,-55.8761,-47.9710,-31.3542,-76.9642,13.2730,77.4583,129.9957,242.8725,2.8013,-3.5750,-30.1825,3.1223,70.0262,131.2400,-149.2973,-43.2347,80.2697
-102.6076,-47.6594,-49.4121,-29.4985,-47.2326,-50.1809,-31.3943,62.5339,143.8721,186.4122,-25.6070,2.8527,-55.8327,0.9394,63.8407,114.8003,-143.2793,-24.7086,67.3773
-92.4332,-15.4006,-41.0387,-8.3522,-52.7330,-40.1321,-52.2989,53.6665,119.1606,105.4361,-7.9386,31.6217,-47.3333,10.8050,30.9066,69.8179,-120.7444,-2.6073,49.6153
-74.5724,22.6820,-20.5158,31.6934,-20.0791,-38.6603,-67.7382,26.0984,53.0849,31.4348,5.1874,61.0380,-43.8977,25.3795,-21.7166,28.5345,-63.3750,39.5750,21.1793
-49.6003,53.9774,14.0764,62.4922,17.7163,-31.2665,-86.9512,-14.5080,15.4275,-12.8996,-4.9956,71.2247,-38.5851,23.2681,-51.6789,-4.0002,-26.1959,65.1545,-12.3006
-10.9772,53.5783,50.4354,59.6654,16.9200,-16.8828,-92.2706,-17.7115,1.8165,-14.3580,9.3439,90.9583,-17.3460,36.8742,-57.3373,-21.7899,-29.0943,54.8165,-32.6667
14.9735,37.7764,63.6442,49.7457,-2.3384,-8.8297,-89.2393,17.9709,-28.5272,19.1919,30.4487,116.5158,-23.4956,74.0143,-65.2204,-3.6593,-17.0762,48.5847,-29.0733
9.0024,39.6845,55.5406,57.3488,-0.4081,-6.4938,-89.3633,49.8222,-53.1222,50.6569,-1.5762,102.2292,-70.5763,83.8029,-64.5266,37.8775,18.3190,67.0142,-4.2225
4.2534,62.0518,54.2913,63.1715,18.8705,-0.9525,-75.8652,62.3745,-54.7234,39.5587,-49.5679,59.7043,-89.5388,53.1800,-45.7548,52.1043,45.6132,73.5009,21.1527
28.4607,82.4068,63.7161,47.0339,28.9140,-7.5678,-51.4144,51.2384,-63.2279,-7.2395,-37.6513,36.1533,-51.6124,16.6238,-40.7407,13.2386,72.0422,45.6680,21.7402
53.9437,71.3369,62.3241,21.6007,16.6942,-29.1690,-37.6401,22.2422,-77.9279,-28.6967,10.4575,26.4921,-16.7800,-7.0825,-52.4133,-36.5553,83.6745,14.4130,6.3180
41.3073,25.2477,40.5382,4.6173,-8.5169,-25.5931,-14.5379,28.6427,-68.2544,12.3334,22.5674,4.2097,-16.3533,-7.6948,-34.4524,-23.5995,41.4563,9.1415,8.0658
1.2925,-11.6081,8.8939,-4.6202,-24.5943,11.3813,29.3279,89.0571,-41.9064,66.0306,-6.9217,-23.3086,-24.5324,14.2451,14.7891,52.7111,-7.9036,15.4290,30.1677
-16.0662,-8.7337,-12.6307,-10.8979,-29.4999,31.7343,41.4423,125.5472,-28.2371,65.1971,-32.6396,-40.9391,-37.9645,21.3931,36.9420,91.7823,5.8174,12.2283,48.3163
-3.6525,1.8618,-15.0371,-11.8697,-42.2722,20.8489,8.1756,99.1564,-27.5833,35.5332,-32.4571,-51.2233,-60.8002,-5.7634,18.1141,47.5125,33.1697,9.8839,53.9567
-14.4231,-3.8536,-14.4851,-6.4655,-56.0736,16.6721,-2.4253,74.5007,-24.2528,51.4653,-25.1233,-51.6995,-64.9121,-28.1760,6.4302,13.7931,5.3983,21.1996,55.1042
-56.1599,2.2295,-21.9398,4.0159,-44.1295,26.4502,28.1757,76.3280,-19.0667,99.4609,-34.5634,-22.7958,-45.7402,-14.9767,13.5067,45.2156,-24.2567,34.5637,59.0243
-70.5186,29.6780,-23.5790,17.5899,-17.8025,23.5366,48.8861,59.4865,-18.8893,107.8348,-61.2277,35.1428,-35.8176,14.8710,10.3281,71.4959,-1.9025,39.3177,67.7766
-51.3722,44.8666,-18.7458,23.1144,-14.5873,7.2272,53.0183,27.5208,-13.0504,86.8030,-91.6476,78.3550,-40.4756,35.4311,7.9917,69.5761,17.4353,36.9547,70.8333
-41.5441,32.5160,-21.6959,13.9129,-33.3908,2.6420,60.2322,11.1398,2.4693,83.6956,-104.6945,77.0170,-38.8360,38.8621,22.3859,72.3775,-1.9214,28.5401,58.1766
-31.4266,12.2926,-23.2065,10.5539,-42.4795,20.5294,58.7946,-8.3301,-5.3560,57.4025,-74.3865,61.2391,-19.9493,26.2939,11.3151,26.8134,-12.8418,28.7742,38.6718
-9.1844,7.9760,-17.7840,29.5365,-37.3121,39.7099,63.0572,-41.4033,-50.5454,-27.6688,-19.6113,64.1241,20.4936,10.3888,-39.1992,-84.6739,-0.4644,55.0099,17.5393
-11.9057,25.9969,-22.3038,48.1666,-33.9582,35.9423,96.6058,-62.3215,-80.3463,-85.0198,-9.0109,76.8988,62.4629,8.8111,-64.4102,-133.3768,2.1838,82.3949,-9.4291
-27.0722,43.2019,-23.6572,46.0188,-27.3738,24.2853,107.1402,-70.6449,-63.8045,-54.7096,-49.0285,83.1136,59.7492,19.2212,-42.2407,-76.9946,1.9458,75.7876,-25.9393
-10.6890,33.7100,-3.2992,35.4416,-11.9270,29.2869,51.8211,-80.3116,-46.6467,-19.2346,-57.0729,68.2431,13.0591,17.7975,-24.9135,-32.5450,16.5290,49.5659,-21.6806
-6.6242,9.5531,-2.7690,21.1851,-13.4267,31.4911,-4.7394,-85.7505,-52.1814,-37.5897,-1.4067,22.5193,-20.7653,-5.4437,-20.6243,-23.8127,14.6729,29.5238,-26.2352
-54.2610,-10.2286,-45.0708,2.2905,-37.5723,14.1652,-13.5619,-87.0005,-48.2968,-53.5544,57.6229,-20.0728,-23.6224,-25.3450,-7.2186,6.9516,-18.6451,17.9530,-47.8163
-80.4363,-33.8980,-65.8734,5.4527,-33.8462,9.7382,-22.9701,-77.4609,-30.6882,-35.7859,76.1201,-26.0074,-27.3999,-20.4904,-12.7143,9.9772,-41.3476,26.9470,-44.6070
-45.4313,-52.8286,-34.1907,31.7366,11.4877,29.8437,-50.5478,-40.3205,-10.3063,-15.0732,50.4888,-26.5632,-36.5102,-11.5035,-37.7874,-42.5693,-30.7679,51.4028,-9.0811
-17.8137,-38.1633,-12.3669,31.1970,26.8353,37.7698,-51.2623,-8.6489,31.9464,4.3894,-12.6946,-39.2124,-33.1504,-20.6651,-26.9484,-59.3961,-13.5952,42.8859,13.7277
-26.7856,-8.8595,-26.7778,-1.6169,-18.0186,25.9613,-37.8073,-20.2245,81.1404,25.7578,-61.0595,-31.7760,-27.9226,-32.7383,7.8925,-29.4789,-13.2931,1.3924,8.3211
-39.9687,-9.8929,-40.2766,-18.8148,-58.8102,15.5338,-61.0007,-30.4532,91.2846,30.0132,-36.5515,-26.3266,-41.0288,-37.7559,10.2906,-21.3349,-29.3408,-15.0921,-1.2032
-62.6493,-30.0023,-57.8502,-24.6200,-69.4168,-4.3443,-96.7704,-6.9728,82.4510,25.9079,22.7145,-61.4997,-65.8494,-51.4038,3.1915,-9.5666,-46.2752,-13.7675,0.1336
-96.8247,-21.9180,-96.4651,-46.1276,-89.1587,-40.9777,-85.1639,3.4954,90.1933,28.4514,41.6827,-72.9387,-71.4886,-66.2833,13.3952,19.1909,-38.7169,-34.1834,15.4507
-103.0715,27.4635,-107.1370,-48.1170,-103.5366,-59.1461,-30.0607,5.4246,80.2094,25.6876,20.8353,-8.9950,-30.9331,-58.7176,-5.6656,-10.9256,-1.4900,-37.7132,38.7792
-86.1864,86.5902,-64.5807,-20.0603,-75.8419,-41.0802,24.9036,52.4576,48.1343,40.9693,-7.2552,50.5906,37.7780,-42.8137,-41.8984,-64.3639,28.5981,-9.5421,52.0790
-91.7868,106.3866,-40.8049,-30.1955,-59.8821,-21.1360,63.6682,95.7230,58.5082,103.1165,-31.7647,45.6347,78.6859,-43.9141,-15.1776,-26.5848,18.0627,-26.6391,50.3501
-119.2598,69.0514,-88.2656,-86.4244,-110.7254,-31.6267,96.1010,67.3572,103.2683,149.2646,-34.5641,20.0653,77.0624,-50.4528,47.7690,48.9627,-19.4365,-85.8928,36.7824
-140.4037,22.6449,-151.7467,-109.2302,-170.8496,-57.2245,127.7218,27.2085,108.3467,118.7424,-15.5948,-3.4277,78.9053,-47.2178,57.9832,49.3530,-51.9913,-87.5984,-1.5608
-146.7785,18.5720,-164.8566,-85.3685,-177.7283,-56.2973,142.8980,25.6692,79.3593,57.1416,-9.3706,-34.7266,102.8149,-42.0554,35.1835,19.0046,-63.7779,-40.5532,-63.0631
-133.3056,35.4227,-141.7636,-70.6641,-163.2910,-19.5741,121.1580,7.0000,59.5452,4.4217,-7.6033,-45.8866,113.5209,-35.0884,31.9382,20.4371,-52.6193,-29.5572,-116.9253
-106.5782,28.9700,-127.9096,-69.7581,-166.4087,11.5649,83.2245,-33.7646,31.8407,-50.7303,27.5444,-32.8529,100.7836,-20.7431,21.5796,10.6917,-32.8419,-36.6793,-145.9462
-92.4296,3.8401,-130.3745,-65.2162,-170.7601,5.4817,75.7598,-29.7651,0.7058,-69.8801,67.3286,-35.3370,93.5837,-10.9846,-0.2575,-12.7023,-30.8264,-23.5695,-147.8591
-87.9755,-21.5536,-132.4547,-79.1054,-163.1990,-19.5712,94.2825,10.8666,15.1573,-23.2669,70.9035,-49.5399,94.9366,-6.9640,15.2707,10.1981,-46.9158,-37.3711,-120.5918
-66.4474,-52.1860,-133.1736,-108.1885,-154.4547,-39.1088,94.6140,40.4351,49.5985,12.7791,73.0955,-49.0469,84.2324,13.6027,46.7840,57.1377,-47.5088,-81.2568,-89.1872
-36.6354,-83.8270,-137.1949,-111.5689,-140.6788,-50.6213,79.5474,71.1643,45.9554,-9.0789,94.8542,-48.6775,66.6142,48.1050,40.8754,66.5936,-24.9007,-86.8006,-75.5974
-24.4028,-92.9947,-131.2992,-92.1637,-112.1024,-53.5651,78.6367,113.6127,37.6677,-21.2426,84.9764,-56.1456,52.1616,65.6636,32.9161,67.5306,-13.6287,-62.3503,-50.4075
-19.4578,-74.3535,-104.0674,-82.1722,-81.3803,-51.9068,71.8579,137.0891,62.6838,13.3894,29.7440,-53.8692,25.0545,61.9050,59.9898,105.6496,-16.5259,-63.5304,-5.3553
-1.6320,-50.9590,-69.7586,-76.8690,-62.4996,-58.1224,39.7722,123.2804,72.9368,51.6516,-17.6306,-52.4363,-9.4200,52.1546,70.0501,131.8054,1.4435,-70.5290,3.0118
15.0665,-37.5822,-46.0670,-56.7379,-44.6458,-70.1031,17.5339,71.9561,44.4299,64.7197,-33.3781,-62.8702,-13.5742,30.6515,33.4460,88.6575,28.6801,-46.5477,-37.7900
7.4613,-19.0606,-24.3541,-15.5539,-8.5013,-67.4282,9.9409,10.9932,13.9071,45.4389,-33.0177,-58.1713,2.3840,1.4215,-7.0942,20.6601,23.3367,-0.3566,-62.2356
-14.7084,9.8707,13.4249,50.5555,49.0706,-27.5664,-24.1583,11.0314,-19.6444,5.8797,-26.5097,-35.3077,-14.0064,-2.6276,-36.1341,-7.1892,1.2686,68.1066,-37.1393
-18.6558,11.7519,59.8389,119.3451,115.9452,49.9624,-57.7870,83.7005,-64.0100,-3.2694,-29.3651,-39.5227,-45.6044,16.3826,-63.2060,-18.3890,-5.9150,148.5615,6.6895
9.0909,-33.8976,91.0675,147.2215,171.2760,116.5517,-29.2188,132.2588,-82.8351,10.5000,-42.4818,-84.7994,-27.0139,18.4638,-62.8686,-53.2239,-23.8536,186.8835,28.3730
44.9833,-80.3230,99.3373,137.9971,186.8178,119.1765,17.1132,95.4175,-94.6287,-34.0735,-19.5078,-120.0376,15.6794,6.8824,-41.0654,-82.6529,-61.1379,176.6383,4.6569
54.0230,-89.1588,88.6092,130.2436,150.7918,81.2452,-0.7775,22.8069,-151.3749,-113.7347,54.9412,-104.3494,-3.8822,9.0318,-50.3288,-80.2250,-70.4683,170.6037,-31.9731
26.8827,-84.4613,58.0627,120.1948,92.6666,60.2923,-46.6782,-26.8907,-192.5523,-114.5699,104.6669,-67.8586,-73.2827,4.1247,-72.8243,-67.3364,-51.5092,166.8157,-14.0570
-7.6679,-76.9805,21.3610,91.5676,54.9692,57.7426,-42.7252,-38.7282,-143.5041,-54.5995,66.4334,-54.7032,-104.0382,-18.3776,-48.8877,-46.3878,-44.7555,133.6716,38.7260
-11.3279,-42.5882,12.0988,72.3450,47.0938,52.8641,-14.6595,-12.5569,-74.4248,-36.0955,-13.0728,-44.9038,-80.0762,-8.1893,-12.8445,-9.9280,-31.2936,102.8086,39.3881
15.3159,-1.1200,34.3839,75.6749,48.9184,49.6468,-32.3787,37.1987,-49.7500,-42.0512,-48.1107,-4.3426,-55.2689,44.2289,-27.0326,6.3521,8.9232,97.1370,0.9635
34.9429,4.3965,49.2041,64.6747,45.5110,42.0938,-88.6860,92.5552,-4.1182,-12.4235,-26.8482,34.8776,-50.3428,74.9163,-53.3551,-11.8075,28.4853,72.0255,10.8400
30.1571,-9.1579,34.1260,26.2189,35.6298,18.2457,-115.8068,144.1702,85.5828,30.3610,-14.9105,32.8149,-49.3268,61.4857,-32.8802,-13.7186,14.1605,14.6066,68.3290
14.2166,-8.2780,1.6516,-12.0339,14.4243,-17.1254,-86.2166,163.3870,148.7302,71.3762,-61.5226,10.2192,-58.4361,37.5142,15.1598,26.5627,10.6175,-31.0875,113.7523
-6.7744,-12.8328,-37.2556,-40.8466,-25.0071,-69.7633,-57.1034,131.1170,180.3282,127.1301,-124.3259,-15.8211,-98.3861,6.8059,53.7907,71.8283,6.0078,-53.7768,136.2519
-27.8837,-45.8001,-68.3031,-64.4870,-65.6664,-129.4442,-84.6892,90.1515,210.3205,167.4986,-123.1127,-65.5238,-151.7591,-40.0615,72.2504,85.0040,-34.0510,-69.1435,142.6067
-32.5177,-86.3639,-68.8194,-74.1326,-74.6646,-142.6081,-123.5321,80.8967,198.9455,180.1034,-59.3816,-129.3515,-168.1482,-82.3063,64.6043,62.3122,-69.9115,-71.1226,126.3238
-26.3701,-111.1625,-51.1992,-75.7215,-56.7535,-106.8281,-98.0595,80.8692,145.4800,208.6979,-13.7255,-167.8585,-134.9255,-103.1154,54.4409,40.4549,-74.3170,-65.5442,102.8204
-29.1710,-117.5094,-51.0920,-86.1846,-51.2141,-92.0994,-35.4003,67.7982,127.3274,236.8927,-27.0537,-168.4971,-99.8415,-97.0205,79.6597,72.1372,-83.6211,-75.2248,86.1580
-27.1919,-105.2221,-59.2528,-95.8253,-57.0662,-110.3486,-12.0437,49.3856,142.3917,209.0995,-57.9769,-144.5249,-95.6306,-61.6931,116.4685,142.3215,-87.8377,-93.4709,59.9376
-2.5797,-78.7411,-41.5076,-90.4570,-38.5229,-111.1149,-26.8772,17.9261,111.8310,153.9379,-56.5732,-119.5380,-98.6579,-30.7694,116.2455,179.2327,-44.4342,-101.5313,18.7864
27.2880,-52.9018,-6.5625,-79.5401,-3.4811,-92.9513,-32.4344,-32.2347,35.8940,112.9772,-26.7876,-107.1540,-91.4360,-31.4228,96.7398,176.0832,11.8471,-102.5413,-13.2269
53.4398,-39.8986,20.1338,-69.6636,17.9853,-78.7732,-17.7186,-70.1634,-19.2671,64.9020,-8.1665,-76.3916,-88.1619,-18.3638,99.2411,185.5795,29.9586,-102.7868,-14.6022
86.6590,-36.1734,43.7191,-56.0038,36.9443,-56.9693,-2.0843,-70.3234,-31.6242,18.1651,-14.1111,-6.5542,-83.2049,37.0885,108.5940,202.0021,33.1238,-101.9220,8.9006
114.7746,-21.6360,72.6319,-38.5177,64.1979,-25.5609,-10.8107,-50.4619,-24.9185,-1.4096,-21.2295,45.9436,-61.1940,72.6878,89.1571,172.1259,53.6106,-96.0807,20.9610
126.4590,15.4802,96.9306,-14.3406,76.5964,-1.4605,-50.5774,-49.6705,-24.5125,-33.8802,-30.6951,42.3983,-46.4713,52.1794,45.9132,95.7543,85.0564,-72.2960,-0.6158
133.7875,52.2363,107.0858,16.0061,72.8419,13.0506,-83.3625,-80.4021,-34.4388,-87.0172,-64.6844,34.4724,-59.5762,24.7799,8.6117,23.4823,115.3698,-33.9415,-18.3999
124.5824,59.6695,101.5207,34.6034,77.7640,19.7986,-70.4989,-99.2000,-38.8922,-95.7362,-83.1236,50.3225,-60.2477,13.9568,-7.6563,-17.2675,116.6858,-9.2122,4.4863
84.4989,45.7590,88.0311,32.4085,88.2808,28.4467,-26.5100,-66.7612,-42.8354,-72.3388,-26.1591,54.0464,-13.7697,-4.3640,-8.1325,-39.6560,69.3183,-7.6089,43.8099
59.4709,29.7847,79.2785,18.2450,88.2445,50.1450,10.3277,-24.6018,-60.6163,-80.6504,54.8566,50.1939,30.0924,-17.1250,2.2087,-47.7954,29.2351,-22.4369,77.8359
83.1898,9.0140,72.6630,-0.4195,84.3402,60.1473,16.1619,-24.7014,-61.8904,-90.2012,60.5067,69.8510,8.8724,4.3859,20.7788,-25.0930,51.2905,-51.1657,115.5018
105.8236,-8.7201,63.2950,0.6935,91.7509,50.3742,-11.7786,-43.7744,-28.2913,-77.4791,10.8998,99.0819,-39.0183,40.7481,21.9253,-5.2760,85.1507,-57.1070,134.8348
88.6841,2.2057,66.8804,42.4070,115.4168,61.5554,-37.8744,-56.3003,-8.7252,-101.0245,-1.7678,131.8179,-27.9291,56.7528,-15.7646,-53.9625,69.6605,-10.1949,118.9892
63.4246,30.3330,78.5393,73.8922,131.9478,73.1601,-21.6092,-72.3736,-18.7202,-130.5713,31.8789,182.1602,31.6560,50.3157,-54.3353,-128.5737,36.6598,22.7961,114.5846
52.6497,38.4866,62.6775,44.8569,105.0690,29.6672,14.6635,-65.0451,-10.6600,-85.3840,51.4144,216.6392,58.2831,48.7865,-52.1257,-124.0647,33.5371,-10.4929,135.7312
49.3475,40.4997,35.9122,21.1739,60.7168,-5.0070,27.0777,-18.8453,0.1257,-52.1122,28.2598,208.9087,48.4219,75.3954,-43.8553,-73.8254,52.4044,-22.8396,115.0695
60.8661,78.9208,57.2257,67.6954,66.2123,37.8557,19.6960,-2.5024,-41.3186,-133.1617,-8.6816,204.0900,62.7366,111.0746,-71.0682,-82.2673,74.8988,41.6684,34.8596
79.4483,130.2943,108.0183,113.7918,107.8521,71.5036,6.6693,-43.7952,-93.7006,-212.1155,-11.5439,224.0098,95.3494,117.7646,-100.5251,-113.2612,92.1086,83.3960,-30.9579
68.8777,132.3763,111.5875,92.4498,114.6152,36.4563,-10.4643,-73.2445,-91.3952,-173.6447,26.7304,228.0657,96.5032,102.7968,-93.9709,-82.7562,88.8335,47.0906,-41.1066
32.2401,91.4467,63.0280,53.3274,77.6762,6.8391,-16.3302,-82.4427,-68.1831,-117.4556,63.0174,206.8210,68.6108,91.3190,-72.7511,-36.9906,67.6609,10.8421,-28.9280
16.8395,64.8271,22.7312,38.7327,28.6248,-2.3281,-16.3756,-131.7523,-74.6207,-137.3165,74.2953,183.3527,36.6577,66.6267,-67.8853,-50.3514,54.5034,9.8958,-30.0505
41.3613,68.6555,23.6667,34.2738,-8.4794,-30.2704,-38.2529,-193.1528,-99.2738,-170.7978,73.4624,159.6185,8.2349,25.3049,-85.4278,-103.1661,68.6766,12.8155,-47.7251
78.5764,81.6297,56.4276,45.3557,2.3687,-25.7456,-59.6231,-196.9456,-124.0326,-167.6476,58.6495,148.0966,3.0254,14.7902,-112.1602,-142.1828,105.1535,24.5378,-63.9983
92.6892,86.0575,82.3587,57.9728,40.1825,20.4252,-43.6262,-165.5828,-133.0861,-152.8377,41.8661,161.0263,25.7206,41.4138,-110.1749,-129.8014,121.9527,31.2898,-62.6360
68.9950,62.8303,56.4707,20.9045,16.2261,11.0894,-16.9505,-146.8627,-97.4642,-129.3396,64.7887,157.7577,39.5792,50.2489,-61.2567,-65.6790,76.9990,-12.6584,-53.3120
30.8261,17.3099,-1.3652,-38.7906,-49.1335,-42.7281,-3.0687,-133.5878,-39.6862,-89.8737,104.4114,117.1605,37.8670,32.1832,-11.6785,-10.5083,11.2303,-68.8612,-52.8692
16.5947,-1.1484,-22.3172,-45.3934,-46.0811,-43.6303,19.5172,-125.3205,-27.1995,-65.7582,94.4199,95.0361,48.1373,31.4556,-4.4689,-0.7003,7.7577,-69.1275,-58.6796
29.6593,17.5204,-4.1316,-16.0435,-3.2705,-18.1994,36.9714,-141.5937,-60.4850,-86.1162,60.3939,111.0509,54.5793,49.3490,-17.6583,-3.0247,46.1456,-40.4010,-68.6034
40.1201,17.1686,1.5855,-3.9028,-14.1172,-22.3244,25.9314,-158.5794,-76.6222,-132.8289,65.1378,102.8754,43.2338,44.2878,-22.9838,-21.8261,32.3625,-21.6516,-81.7644
29.5159,-11.3532,-4.3997,3.9645,-29.5245,-9.9795,26.6703,-132.8002,-58.7041,-147.8904,86.0546,53.1540,59.9323,6.3962,-29.8425,-90.1092,-27.7975,3.3412,-73.4008
10.4779,-21.9910,3.7306,13.7227,7.9238,26.9681,56.7701,-78.4858,-42.0803,-101.3807,94.5865,16.5908,110.0261,-33.7714,-41.9471,-155.0344,-50.0213,18.0885,-34.9876
11.5607,-23.9474,10.8762,1.6072,29.6707,27.3557,60.6632,-60.4361,-47.5945,-60.3846,120.0718,8.3871,126.0648,-50.0062,-49.7429,-164.9414,-29.2206,-2.0916,-15.2224
38.9547,-43.6285,13.0762,-3.8917,11.4910,3.8035,15.7056,-103.9719,-76.8860,-99.6747,162.7200,-1.0704,96.9304,-46.8645,-67.7559,-174.6796,-17.0739,-6.6691,-53.8937
57.1719,-40.4017,36.6986,28.7215,16.6518,6.1360,-39.6415,-152.4482,-123.6929,-163.9109,192.3009,-7.3278,78.5581,-43.7944,-107.3392,-209.1539,-14.4256,33.8658,-117.9182
42.4114,3.2346,67.1129,57.7386,39.8810,21.8637,-73.3818,-154.7625,-152.1282,-167.3814,197.8145,9.9993,79.9898,-37.6368,-130.2558,-196.1898,-3.8520,60.5599,-153.9670
24.2006,32.9949,67.7846,52.9343,40.2680,32.5274,-67.0973,-135.5812,-125.6649,-146.5002,154.2489,32.6281,76.5808,-10.8297,-97.4441,-119.2661,-1.1265,46.4408,-158.6401
23.6029,34.2786,53.5822,46.5129,35.6861,47.8439,-25.7081,-115.1570,-78.3773,-153.3557,76.0972,33.5407,82.2541,20.3974,-47.0491,-60.1136,-13.0772,38.5688,-158.5905
16.5877,33.4978,53.3113,54.4725,39.0593,68.0279,7.0970,-71.0253,-79.8599,-148.0828,68.3718,21.2987,112.1320,21.7874,-48.6592,-76.3386,-26.5132,56.8647,-153.8818
-0.3766,15.2875,57.8867,62.5892,45.5991,95.4343,19.7763,-33.2227,-122.1219,-114.0717,142.2379,19.8391,141.2256,1.8820,-87.6516,-139.3839,-41.1097,76.7582,-122.9595
-3.6181,-12.2211,58.2245,75.3172,72.7978,128.6477,41.7458,-51.9830,-134.8449,-96.1155,148.9603,35.5933,140.1711,-3.7241,-92.7050,-170.5934,-49.9280,89.7610,-73.8798
-7.0528,10.1310,63.7720,97.1840,103.3296,141.8685,54.7422,-69.2374,-103.8086,-85.4954,48.4855,57.1078,109.2589,9.4742,-64.8391,-130.7117,-37.1638,104.9452,-41.5931
-29.8855,64.6693,70.9289,110.1251,96.7535,133.6359,29.4090,-20.9202,-76.3385,-50.4488,-20.7838,66.9227,77.8447,20.8878,-58.0127,-76.1299,-18.9082,119.1180,-37.2547
-37.6402,76.0555,69.5034,99.6164,75.3684,126.9208,-2.5147,13.1876,-75.1646,-35.2461,-0.8125,51.0230,67.6371,16.2603,-67.0519,-65.1345,-8.3224,111.0005,-50.5163
-5.2997,52.4529,65.6860,67.4883,70.1168,106.4732,-23.6391,-35.4460,-88.0393,-67.7572,38.9117,7.8702,56.5099,-10.6187,-57.8317,-69.0105,18.8114,67.4467,-75.0621
29.8912,33.6304,65.8894,32.4444,62.2631,61.5813,-53.5388,-75.3151,-99.8306,-77.4711,67.3558,-44.5478,24.5622,-47.4049,-46.3420,-61.3083,50.8106,21.4066,-85.9862
34.4736,0.8577,62.9035,20.5072,50.6409,40.5496,-69.7477,-34.2430,-91.8433,-27.2657,87.2573,-76.3567,1.4391,-62.0523,-50.3915,-69.7618,35.8684,17.2643,-56.0811
19.3627,-37.4363,48.1777,25.5770,42.9914,64.6077,-57.3903,7.0522,-62.3608,10.9241,82.3807,-74.7687,1.0782,-50.5747,-48.6897,-86.8102,-5.9436,34.4241,-18.3595
0.1103,-33.8227,21.1964,15.5708,12.1276,80.6158,-62.3074,-18.4494,-34.9492,-9.9135,68.2035,-60.4101,-8.8749,-46.7613,-34.8208,-77.0902,-10.6506,23.2808,-20.9655
-18.7223,-13.7892,-6.7517,-8.4081,-26.8680,58.4617,-80.1825,-52.3724,-10.0021,-35.4982,66.9841,-59.6996,-21.4660,-56.7917,-18.7449,-49.9963,-3.2225,-6.9460,-43.8868
-31.3161,-26.0299,-19.2572,-20.3362,-23.2684,32.5409,-55.1559,-36.8915,20.0250,-18.1796,60.5970,-73.4955,-0.2519,-50.4744,6.3368,-15.3708,-34.1230,-19.7013,-55.1923
-30.9726,-41.0667,-12.8535,-20.6938,-1.6444,28.3789,-18.1693,-2.8936,15.2958,10.4716,53.2646,-88.5948,22.4459,-30.0282,26.7120,29.4730,-53.2665,-16.9420,-68.4557
-11.1844,-33.1677,3.9052,-19.4235,-5.1869,34.0667,-26.8938,7.6617,-44.4308,12.7418,73.6406,-94.8459,3.2856,-26.3827,10.3212,38.7720,-14.0164,-11.0913,-75.6890
19.1328,-28.1607,24.2370,-8.2946,-3.0167,42.3188,-40.2659,8.7999,-96.4478,3.1357,96.5989,-79.6619,-15.9988,-35.2282,-27.0894,-15.5267,27.1052,2.8715,-42.0979
30.8135,-12.0842,44.5448,11.4982,24.0760,59.2064,-17.9384,31.5405,-95.0394,11.1172,74.1666,-45.6415,0.7360,-38.7999,-43.6602,-68.1650,36.6235,19.2663,16.1030
20.9680,40.4360,61.6790,21.4058,40.3637,73.2334,-0.1381,68.3211,-71.1238,42.7502,10.5515,-27.3821,9.7381,-52.4600,-36.9349,-69.5961,57.5409,22.0808,59.7545
20.4109,74.1417,68.1554,15.4998,34.0385,64.2129,-8.6667,80.9908,-44.2589,73.2790,-48.3954,-42.0971,-10.8229,-76.8034,-23.8402,-57.3192,80.8882,11.8516,78.3027
29.0205,45.0064,52.1586,2.8295,12.7530,39.3340,-20.3906,49.6489,-8.9939,57.8845,-55.0605,-58.3188,-17.8880,-74.7407,-9.8350,-56.4360,52.1175,0.4470,50.0052
22.4481,7.8426,20.4709,-10.5742,-23.7910,12.7744,-27.7689,-0.4085,5.8215,-5.2292,-4.9095,-58.1995,4.0377,-48.6990,-4.3736,-48.6399,0.5226,-7.5318,-29.3371
15.2646,3.2480,3.4708,-22.2347,-42.9357,-19.5392,-25.5514,-25.5794,-11.7558,-44.5885,45.0624,-63.3205,25.5713,-44.3028,-10.0428,-41.7910,-10.6354,-16.4066,-81.7903
25.0470,0.7780,11.4314,-23.6229,-18.0995,-35.8079,-9.2029,-20.8122,-23.3340,-30.3984,53.9822,-65.7371,34.6046,-55.0493,-13.9431,-52.6024,1.7986,-22.6427,-57.9260
26.7942,3.4092,23.7270,-1.0953,16.2705,0.6402,-2.0971,-24.1652,-25.5440,-40.1937,42.2336,-25.7460,39.6610,-32.9480,-19.7013,-62.5717,7.0953,-6.6363,-29.7110
15.0537,44.3457,36.6051,39.2755,40.1654,54.5480,-3.3942,-41.5318,-43.0650,-100.3399,19.5178,45.3798,48.9838,14.7351,-32.7102,-53.5930,22.4260,29.0508,-41.9638
18.4150,85.0650,60.5830,60.3989,74.7012,67.3453,13.5092,-25.8155,-40.9438,-110.6045,-20.4300,93.1900,63.6427,43.7006,-26.9315,-29.1918,38.4290,38.7366,-27.2639
28.7961,66.2040,77.2293,42.5725,101.0403,66.3991,16.0662,29.6762,9.9616,-34.8777,-37.3374,96.3954,61.6110,50.7532,4.4010,4.8467,22.4891,4.5169,31.8851
22.7426,13.4588,64.6270,15.7979,83.4100,82.4144,-27.4773,65.4741,43.8164,30.8195,-2.3828,68.1900,30.0163,52.0219,14.5978,25.8466,2.3461,-22.8199,51.4655
19.7647,-17.2267,39.3292,7.5833,48.1629,71.4532,-48.1867,55.2455,11.6430,41.2916,35.2596,29.9037,9.4586,39.5485,-17.1716,-1.7390,16.9989,-10.5658,18.4787
32.6981,-22.5047,29.6195,8.7083,39.5377,37.7015,0.3791,33.2285,-24.3534,43.4449,29.2558,13.0812,27.8649,11.7924,-39.9906,-59.1100,31.9438,6.0160,19.7482
33.2109,-14.1600,39.7928,12.9740,55.2258,47.1518,39.0442,26.7445,-11.7600,50.2114,-0.1889,27.4326,39.7980,-9.3502,-20.4963,-78.2502,13.3879,3.7920,74.7181
9.8313,10.4574,53.2483,26.9246,75.6708,80.0761,18.0456,43.3709,9.8197,54.4856,-21.2856,40.8011,19.0524,-12.7848,-0.3901,-46.8661,0.5256,7.2593,112.4021
-17.1499,37.4204,52.1773,38.4606,94.6300,77.5136,8.4501,77.4573,9.3103,79.8884,-33.7368,38.9701,14.7591,-6.2477,-7.4193,-13.0871,19.6316,20.0032,108.5916
-30.2770,48.6693,40.4415,29.1592,101.4122,61.0642,48.4080,90.7163,12.0322,105.1382,-46.6450,44.6235,42.3996,1.7057,1.3089,13.7262,30.3466,9.8528,102.5677
-20.3356,44.2062,33.1830,0.3689,75.5978,46.6392,77.7428,64.1704,26.9848,82.9139,-49.3741,49.4401,50.7168,-0.0034,45.0205,46.9302,6.7816,-28.8276,103.5303
-2.7383,20.1750,17.3392,-35.2811,22.2262,9.2570,70.6117,46.3028,41.6876,54.4947,-26.4935,19.7627,33.7010,-18.6823,72.6495,54.1889,-21.7269,-64.2647,96.0397
-13.5490,-19.0639,-21.2736,-62.7603,-10.1809,-12.5955,69.5223,73.8011,68.4152,82.1046,-1.8729,-27.1687,34.8953,-37.0355,68.1262,32.6454,-30.0106,-79.4810,95.8110
-41.0108,-41.6531,-47.1416,-73.3771,2.9106,12.8816,81.5333,116.1247,106.1372,126.9244,-3.6322,-46.0088,52.4636,-31.8585,75.4047,43.5836,-30.8405,-88.9181,109.4249
-37.8137,-40.4297,-35.4733,-74.1900,12.5574,14.8808,71.6101,134.0587,114.7821,124.5348,5.2788,-36.4431,56.9853,-11.9935,86.6012,74.2152,-42.2695,-97.0576,101.7476
-17.8782,-44.1744,-26.0739,-66.7497,-11.8703,-27.5702,44.7146,113.5249,82.5391,81.9566,48.4935,-24.1116,48.3825,-1.6010,60.1389,52.7866,-57.6309,-82.0623,65.8409
-24.7238,-47.6824,-40.2432,-42.6981,-29.0548,-26.0406,34.6096,67.0402,39.1648,33.5834,60.9589,-15.2468,27.1353,2.4976,29.1557,22.1937,-53.4407,-40.8978,40.6372
-35.3188,-28.8106,-43.2118,-17.3947,-24.2262,30.0254,33.8398,42.4174,5.4762,-2.4126,19.8055,-6.6458,-6.2409,19.5500,33.2367,51.2709,-22.7341,-9.0315,33.2612
-13.3999,-15.4488,-26.1990,-12.6604,-21.9428,58.5035,20.5076,59.5651,5.3999,-13.9379,-7.2295,6.7983,-13.4601,47.2478,35.7309,68.6979,3.6052,-8.7045,21.8390
15.8562,-27.3100,-10.9700,-13.2806,-3.6122,50.0081,19.1176,71.3690,50.9242,-3.9428,-17.1704,31.0372,24.5556,66.6761,23.5928,26.0258,-3.5211,-19.1144,17.4876
28.9992,-24.1003,10.5897,0.6857,37.7300,48.2050,52.0833,58.0206,71.4189,7.9872,-55.7024,46.4064,56.3530,66.2393,31.9009,8.2064,-18.5603,-13.6235,29.4245
45.7479,7.1511,44.8619,18.2574,53.3623,49.3572,79.7011,46.5811,2.0817,4.4690,-82.0532,29.0762,44.3731,47.1741,37.1316,27.0184,2.0678,9.4545,26.2628
70.2279,23.0180,65.6618,28.4858,46.3466,41.6221,60.1221,14.3992,-71.9698,-21.4296,-63.8960,6.8113,19.2605,25.6089,9.1132,6.4452,41.5563,28.0558,-3.0913
77.9430,11.1452,64.8966,27.6358,56.0592,34.4476,12.9657,-60.5175,-46.1117,-47.0129,-54.4221,12.0010,6.5507,17.4479,2.3352,-13.9160,41.3504,14.0883,-31.6002
62.3093,-1.5267,56.3177,7.0534,49.5143,17.9111,-25.7586,-109.0446,19.1225,-34.7447,-56.4756,10.2316,-6.9980,9.7024,36.3770,24.8126,0.7249,-24.0654,-50.8924
44.3738,-3.8647,42.4735,-14.1073,13.5800,-15.5658,-50.2953,-89.6597,29.9957,-0.7001,-36.7811,-26.0172,-25.1641,-13.8877,40.0822,43.8991,-13.3984,-38.5551,-63.6668
45.6706,4.2548,36.6280,-3.0688,15.5167,-37.6802,-63.8488,-65.9152,15.4959,5.6244,-41.0361,-49.9449,-38.2464,-31.7546,4.7746,3.8642,20.5392,-15.3416,-56.6503
58.7159,15.4161,51.5202,20.0396,49.3587,-26.8271,-71.3776,-73.2228,16.4847,-8.3743,-75.9538,-39.9804,-51.0960,-29.5346,-4.3558,-13.7033,43.1118,3.6477,-35.9602
52.5701,7.6516,55.9141,12.0383,43.3218,-6.4815,-86.7898,-79.9126,12.8646,-8.9171,-53.8397,-47.0292,-67.2167,-38.4348,13.3477,7.4744,26.0624,-9.6031,-25.5094
24.6604,-12.1390,25.3351,-20.5306,14.9536,-18.8428,-109.1227,-84.3386,6.8907,-9.7734,23.7295,-80.4519,-78.2773,-68.4947,19.4772,20.5889,17.0256,-43.5364,-24.1632
6.1554,-13.7090,-5.9834,-47.8009,5.4711,-67.1707,-124.1032,-93.9163,14.1006,-19.3902,67.5213,-97.6514,-89.7433,-87.2734,23.9831,42.5247,33.1796,-78.2586,-19.5534
0.3418,-7.5191,-10.5681,-60.0008,-8.1087,-101.5386,-129.1523,-76.3803,22.2452,-1.1147,62.2965,-106.8683,-112.8662,-93.3176,40.9860,80.2349,27.6368,-91.4700,-3.7993
-15.4329,-13.8713,-12.0799,-56.4913,-19.1107,-93.9416,-117.2472,-27.5556,44.5570,46.2566,32.5990,-120.6350,-125.1538,-102.3846,54.1424,85.5484,-4.0016,-77.5868,36.0597
-31.7460,-10.1726,-27.1167,-50.7302,-5.5396,-85.1682,-72.4798,10.8296,91.1685,71.5354,-6.6643,-92.0092,-88.1026,-90.7241,55.2265,60.2286,-13.4954,-71.2467,78.1913
-25.0566,9.7007,-36.2667,-64.1977,-8.7155,-103.8388,-15.1483,20.1743,103.3622,59.3525,-3.0332,-32.6461,-18.1686,-58.2148,49.6687,45.8335,-0.7997,-93.2079,70.6996
-3.2443,9.0741,-26.8179,-84.7862,-33.4462,-117.5040,4.7641,12.9013,59.4608,44.7510,46.5644,-30.9220,11.9929,-53.7838,46.2630,46.9121,2.2685,-113.4720,31.7595
15.5452,-17.7026,-18.1242,-88.1505,-31.3274,-110.4198,-19.2590,2.7191,37.2822,49.3560,53.8522,-76.8029,-26.1392,-69.9386,52.9941,56.8632,8.0559,-113.2468,28.8743
27.2040,-36.0532,-34.0708,-82.9606,-32.6531,-108.8400,-42.2203,-4.1103,67.3705,57.2975,-0.0179,-76.7351,-73.8843,-52.4270,53.3055,62.0238,33.2522,-105.0603,47.0851
36.7042,-27.2415,-57.8423,-75.4190,-74.7421,-110.3791,-34.6594,-14.0727,88.9347,43.5447,-56.9916,-33.5820,-76.8744,-17.7806,28.5924,26.2688,57.8168,-84.1452,31.5163
53.2239,4.3145,-48.3360,-49.0838,-94.0844,-85.7860,-9.7950,-23.0649,78.6744,9.5940,-110.4673,-6.0190,-50.0468,-11.0513,-2.2698,-44.8379,73.5648,-43.6086,11.0693
64.5397,38.0991,-15.7421,-10.1211,-62.2602,-38.2353,3.6600,-12.4720,61.8019,-21.9096,-145.1891,16.2771,-26.8788,-11.3977,-23.6352,-98.5311,85.6814,-3.1558,25.3477
39.6665,47.1436,-5.7056,20.4817,-31.8658,7.2456,-6.2684,-2.0154,37.0312,-42.9368,-110.9509,45.5316,-14.3964,5.6276,-44.0600,-106.7334,75.8834,27.7930,30.4442
-2.0700,37.5963,-7.5094,42.6254,-5.6247,39.3961,-22.7652,-24.0001,0.1730,-54.2048,-49.6202,55.7787,-8.4126,21.7498,-54.7536,-76.6320,48.0063,52.4211,-3.3460
-0.1330,32.7780,14.5689,52.5799,25.5484,53.3910,-32.3110,-50.8163,-27.7621,-49.5295,-27.6082,63.9327,-7.3609,35.3704,-51.5367,-43.8346,42.2883,54.8323,-29.2494
37.8671,22.8992,33.3145,38.8127,11.2248,42.3963,-54.6029,-60.4853,-33.8293,-47.0511,-6.3338,92.7220,-18.8744,51.8279,-57.2512,-50.5801,52.0973,31.4833,-24.7268
44.5503,0.3393,12.6537,15.8259,-44.9035,9.5790,-99.0718,-88.0369,-24.0021,-69.3304,40.4268,100.7901,-52.7057,47.7423,-65.2015,-67.3405,36.8374,9.7377,-26.1703
11.2692,-9.9972,-18.8056,3.0113,-73.0584,-24.0641,-124.3502,-116.0596,-19.9785,-79.0357,65.1809,63.4783,-85.6384,23.9311,-52.2378,-33.5234,13.8265,3.4562,-47.4313
-13.2510,-3.3787,-27.0874,-1.1030,-65.7897,-33.1203,-99.3037,-83.1975,-41.1436,-43.8784,59.1871,17.5208,-81.8512,12.6070,-38.6231,16.7930,18.7515,9.0833,-65.2562
-11.7876,2.6824,-20.0293,3.5686,-54.9597,-16.6625,-54.4475,-28.7449,-57.0726,-14.8232,29.7957,-8.8469,-56.4981,15.7862,-33.4001,27.4730,27.8598,24.8853,-68.0490
-3.9413,7.7729,-11.7301,11.6944,-43.3347,-0.1740,-17.6556,-19.1472,-32.0462,-13.7724,-32.8389,-11.6307,-43.4507,18.5363,-7.3526,32.5278,12.5856,33.2143,-54.3370
-3.8314,-0.4435,-13.5946,2.1180,-42.4929,-1.3531,21.0026,-6.1383,-10.5731,22.0106,-67.5854,-6.4975,-40.0370,19.2752,22.5870,54.4307,-5.4459,21.3671,-18.2669
-7.5516,-40.7580,-30.6812,-19.9839,-57.9674,-16.0352,46.0461,49.6648,-33.8099,88.4829,-32.0914,-42.1652,-50.8097,6.8302,22.3428,60.3218,-7.5173,13.1677,23.0851
-2.1936,-76.4293,-39.8069,-26.9566,-59.7980,-31.8608,26.7900,79.8624,-47.8976,103.5698,-14.9920,-118.5700,-87.9386,-21.3475,23.3505,62.9503,-6.0507,19.4029,32.0042
6.9365,-64.6135,-27.9008,-20.5935,-43.4507,-35.8054,-6.0380,56.5380,-23.8447,70.6842,-48.2946,-155.0285,-108.8596,-42.6217,39.9425,72.1567,-4.6467,18.1668,13.5133
-0.0098,-33.1387,-18.9473,-14.4369,-29.7809,-30.4612,-7.8939,37.1729,-22.1174,54.9338,-41.2325,-130.7281,-85.4600,-58.9982,25.2295,38.0981,8.2563,14.2164,19.9158
-7.3716,-17.4811,-18.0410,-3.2801,-16.9357,-39.5506,-5.0087,36.7942,-46.4957,62.3190,-14.6747,-109.2579,-75.6601,-79.8419,-14.1759,-21.0310,32.6955,26.5608,55.0519
13.9214,-10.4850,-5.2742,7.0483,-10.5567,-61.5772,-25.3738,35.6691,-22.2723,86.7511,-71.2228,-101.9805,-100.5726,-70.6440,-21.6880,-24.5973,49.6219,36.4969,56.7239
33.0759,-10.6276,7.0304,2.5870,-20.0203,-58.2569,-32.9785,48.4667,41.2026,136.5304,-152.0056,-86.1674,-95.8530,-28.4231,-2.2098,12.9991,40.9702,28.5402,15.3243
9.4917,-18.0242,-2.4174,-7.5699,-23.1652,-26.9211,-16.4546,70.5087,58.4458,166.2777,-139.9361,-85.3135,-61.5060,-16.2352,7.6279,31.5397,22.2786,18.4201,-3.7138
-21.6798,-15.0234,-17.7889,-16.1413,-24.4015,-15.1882,-16.0694,68.1681,28.5325,148.1724,-76.7938,-91.0148,-60.8434,-36.4227,9.0206,41.4039,21.1329,7.2528,14.6065
-19.8420,-12.7485,-28.0965,-29.4711,-55.0421,-37.8705,-25.3836,52.4752,29.8318,140.5241,-61.4512,-55.2321,-77.6307,-22.0884,10.8289,54.8625,20.6522,-9.9758,24.0785
-15.8066,-30.3843,-48.4532,-38.0244,-85.7116,-57.6247,-10.4989,54.1217,86.4899,159.4356,-96.2199,-8.8150,-67.3456,16.2798,15.7454,49.5192,-5.9690,-16.3400,27.0810
-37.3783,-38.2504,-73.6748,-35.0647,-82.1248,-57.6386,4.4573,67.6472,143.5070,151.9301,-126.7230,-12.2539,-56.2491,10.8905,28.0192,31.7905,-31.9715,-11.9810,54.6246
-60.5299,-23.2789,-84.6029,-36.9793,-78.9572,-63.7177,-2.1264,85.6623,154.8484,137.5701,-117.4408,-43.9762,-61.6050,-30.4847,32.0330,16.4365,-34.0660,-14.5314,86.7290
-75.0754,-27.9430,-89.5532,-45.3538,-86.0271,-89.6635,2.0347,111.1490,141.4692,169.3254,-83.3619,-69.1488,-59.0894,-58.6890,23.3296,5.5653,-45.1520,-16.1037,102.9133
-98.2942,-50.8916,-103.1721,-44.3245,-71.8997,-110.1941,17.6546,125.6040,146.9715,206.1453,-70.9584,-87.9635,-59.1015,-69.4845,27.5274,14.7495,-72.4471,-8.7737,123.1176
-120.4920,-40.5803,-111.9763,-34.7727,-52.9925,-100.4537,14.6687,118.4868,164.1797,200.7421,-90.8065,-78.5253,-72.9577,-70.1278,38.9311,34.5628,-71.8912,-4.7664,147.1015
-118.9238,-3.4181,-98.6727,-24.0066,-46.8710,-76.2234,19.5027,112.1101,155.1893,188.7455,-116.8112,-35.9933,-70.0942,-54.8481,36.3009,41.1811,-44.9239,-1.5808,155.1729
-106.2142,16.5822,-78.2471,-17.4371,-35.7870,-68.4240,48.2982,114.5949,128.7971,191.6786,-133.5422,-5.3879,-56.7770,-32.7603,42.7974,65.9426,-33.4320,1.1612,153.3353
-105.6913,19.5186,-71.8805,-25.2726,-34.9250,-72.7299,39.4814,113.5046,127.5520,189.3034,-125.1707,6.8368,-65.4815,-10.3186,64.1571,124.0306,-39.5271,-15.4832,138.9803
-106.9354,16.0510,-61.6662,-34.0198,-42.7579,-65.6307,-15.9866,119.6122,146.0278,193.3460,-83.5577,24.4891,-64.2373,18.8092,59.5764,153.0556,-51.5226,-34.6401,94.9021
-92.8187,-0.8761,-30.3827,-19.8107,-10.8429,-51.9619,-34.2578,143.5932,137.4740,209.5076,-41.0970,24.3250,-22.7391,40.5903,32.1610,131.1540,-70.2647,-20.9538,48.0943
-82.4941,-14.2151,-18.9449,-4.4346,21.4623,-48.6443,-1.8103,157.5731,96.2303,196.7423,-18.2551,2.7329,9.0000,40.0882,17.5253,109.0068,-70.9618,2.8070,34.7877
-96.9179,-4.9951,-54.6656,-15.2188,-20.3271,-49.6618,5.0275,139.6288,62.5804,144.6305,10.4926,7.7498,-3.1125,37.6328,7.4415,103.9393,-42.8655,0.9398,30.5849
-111.0790,-0.0200,-82.6753,-29.9632,-69.6504,-48.8507,-28.6082,104.3288,49.1686,92.7372,56.4050,25.1089,-23.2123,44.2049,-1.7679,108.8058,-32.4455,-12.8395,3.9808
-100.0790,-23.5772,-74.0111,-35.4986,-58.4291,-60.1002,-48.3149,59.6504,31.2715,61.3625,97.4783,-1.9663,-33.2999,31.9118,11.8094,125.1217,-53.5896,-24.9099,-23.3325
-87.5614,-49.0326,-82.3292,-44.7656,-54.2714,-80.4687,-32.0258,10.5211,8.7841,46.9336,101.0855,-47.0773,-49.0873,-2.1989,25.4576,119.6176,-52.8762,-31.4185,-24.3813
-88.7506,-45.0433,-106.2290,-37.9267,-68.7445,-76.1641,8.0504,-1.8679,1.8346,52.5942,44.4033,-53.7629,-53.4476,-14.4943,13.3958,81.8956,-21.3108,-8.4965,-8.6255
-79.2916,-17.5878,-83.1943,-9.9061,-39.7760,-42.2589,56.8050,35.5326,1.8692,71.5408,-28.3934,-30.1493,-20.2227,7.9590,9.6375,70.1765,-7.4901,24.6389,0.8902
-60.7479,15.9943,-46.8291,-13.8882,-29.7016,-29.0400,89.7869,55.8264,8.7570,80.1391,-55.2095,4.4739,22.2255,29.5202,34.9854,101.2093,-16.0735,6.2645,-8.5134
-59.1229,51.0137,-66.0064,-52.6884,-98.5094,-61.7721,94.8884,30.3918,50.5639,61.5741,-81.3384,47.9038,26.7676,45.0471,65.5933,140.7971,-14.6674,-44.2491,-31.6463
-59.6451,77.9179,-91.6940,-60.2021,-138.9301,-91.9964,81.4593,27.2567,95.2069,21.6593,-140.9930,74.5652,0.1565,80.0568,83.9817,186.0795,0.5182,-52.8039,-51.5956
-44.6985,75.6268,-68.4501,-34.9981,-95.4855,-85.1696,49.4826,63.7639,74.7244,-2.4419,-129.2493,67.5917,-18.3948,107.0168,72.9363,208.1033,15.3886,-29.4810,-54.0815
-40.8103,47.6283,-43.8209,-25.7353,-60.4385,-74.9471,-1.2945,73.7950,29.9747,25.4403,-34.5227,50.1376,-30.4882,81.1286,30.1453,161.5292,19.0074,-22.5927,-30.7186
-48.8167,29.3319,-33.3251,-18.5611,-51.8444,-76.0392,-48.9380,63.9085,43.3823,79.5638,-12.0819,42.5988,-57.5758,44.9817,3.7367,110.0804,2.9546,-15.6508,5.9211
-32.0841,28.9646,8.1368,8.6464,-14.8418,-58.5771,-69.6663,90.0918,68.5467,103.4817,-56.3539,48.2970,-69.9079,61.6182,14.0138,123.5114,-25.5627,6.7529,18.3126
-4.4002,12.8530,47.9161,20.1488,17.3708,-37.6417,-52.3007,113.9949,39.1103,97.8506,-26.4670,63.8702,-38.8817,95.1709,20.4592,140.0451,-53.1942,13.3727,4.9832
-2.4770,-24.1785,33.4330,8.7164,9.7237,-48.3665,-2.2221,94.0372,11.5671,99.4069,17.2013,67.5898,-10.2069,92.7143,20.9464,118.6913,-79.9900,8.7125,12.1569
-3.9754,-42.5203,17.1178,19.5643,9.9955,-55.9037,43.9960,87.8875,15.9171,99.6264,-28.2061,51.6827,-12.2693,84.6467,30.6141,101.4614,-97.6905,34.1185,34.3055
12.0158,-25.0498,45.9841,55.8685,36.8651,-25.7751,50.0492,102.9903,-12.1016,66.8211,-51.3532,50.3372,3.0732,93.5676,10.0601,69.9118,-90.5770,78.6642,17.3620
10.8069,7.2108,69.2062,74.9598,54.8278,0.7744,30.1884,66.2974,-56.1543,20.6122,0.1176,75.8420,36.5207,83.1251,-30.5405,17.5435,-71.1781,91.4904,-17.0662
-16.5549,32.3650,51.4097,62.9327,50.1201,-5.0185,19.3547,11.0705,-41.8295,7.9474,-0.9527,88.1993,22.9190,56.6704,-16.6999,32.9310,-58.3688,65.6824,-6.2505
-29.9365,33.9084,21.4626,39.6280,27.8326,-20.4296,24.6925,22.9152,-4.0060,19.3079,-51.5966,66.9616,-19.7547,54.3838,29.4222,101.3267,-49.1678,39.7055,22.3212
-18.2851,15.9605,-3.3230,21.7085,-2.5719,-40.5685,37.5092,42.7079,1.4165,-5.3757,-48.7823,42.3567,-18.0323,62.6960,34.5899,102.4810,-42.9814,31.0212,7.0702
1.0130,17.2176,-20.8766,11.4934,-24.6615,-63.4595,43.2058,-10.9080,8.5678,-76.9222,-42.1094,43.0767,7.4319,56.8995,23.3926,55.0061,-30.5627,19.7213,-36.1142
26.1420,42.8973,-22.2663,2.1130,-40.8738,-62.9908,30.1241,-64.3804,25.7207,-122.2986,-83.6756,59.3905,0.9446,58.9739,27.7217,46.4194,11.1728,-1.0185,-62.6352
42.8993,35.0209,-25.4548,-10.4424,-55.1862,-49.6686,16.4072,-47.0077,18.6452,-91.4255,-89.9212,59.8316,-17.7059,72.8681,16.5640,50.0829,53.7492,-11.9066,-60.8258
23.3947,-17.0520,-51.8164,-21.5234,-51.7004,-53.1221,15.4741,-24.3106,20.6761,-35.7700,-45.9171,36.3798,-25.7919,68.1426,5.9844,43.8216,41.1329,-14.0547,-36.1509
-15.0114,-37.3924,-73.0612,-24.2609,-40.5303,-55.6820,-0.6780,-43.8221,55.7737,-21.9462,-33.2048,16.9471,-43.0584,44.2338,25.2877,59.8511,2.4376,-20.7699,-13.9745
-26.8303,2.7817,-58.1599,-11.7343,-42.8108,-45.7053,-35.4872,-58.5198,63.6257,-42.3624,-54.9427,10.1024,-61.1222,17.6200,25.9165,56.2421,4.0408,-12.5462,-19.1867
-11.7754,39.8555,-25.9548,15.8341,-29.7042,-44.4494,-41.1565,-50.5250,28.4792,-66.9262,-72.4173,-12.3683,-54.7017,-12.3286,-1.7089,6.4812,21.5890,23.2782,-31.2784
-4.2892,43.9704,-0.5584,47.5712,23.4435,-34.0752,-8.7336,-54.5430,-0.1311,-100.4314,-89.0929,-44.5075,-34.9988,-33.4879,2.7150,-12.5102,6.6174,58.6703,-28.1702
-9.3771,53.8972,26.6038,82.4337,85.7355,9.5660,19.8766,-69.9833,-27.3778,-142.1387,-99.1575,-42.6986,-14.4816,-30.9716,18.7290,0.2743,-11.5052,87.6556,-23.5188
-3.3122,75.2943,64.6523,122.6735,131.9581,49.7869,34.0470,-69.7799,-73.6920,-159.9811,-90.4315,-10.7355,11.8650,-26.4268,-9.9052,-41.7517,-7.4302,127.6644,-11.2307
16.8227,69.2979,97.2214,143.5169,159.5672,63.9625,46.5140,-56.3993,-99.3890,-136.5417,-72.0634,7.8837,34.9777,-38.6218,-43.4984,-115.7014,-13.4056,150.7507,25.3780
28.7329,35.8703,103.6053,127.1637,158.6647,78.3750,50.6696,-43.3163,-82.5781,-92.7151,-47.0861,8.0452,48.9930,-46.5135,-41.9261,-144.1599,-33.7213,129.9726,54.0166
26.5662,15.4282,87.2162,100.8692,139.3920,89.2553,45.0860,-30.1105,-51.8510,-57.7114,-32.9284,12.4096,61.8820,-33.0849,-38.5257,-138.1812,-30.5831,99.5573,45.2238
25.8722,18.7050,68.3393,82.2158,122.3334,75.6173,32.8509,-24.3683,-24.1370,-40.1549,-48.0722,17.3285,61.1982,-13.1524,-38.8375,-114.1736,-1.8114,77.7659,18.4232
24.2874,13.1829,49.5927,52.0183,94.0365,48.2520,10.0562,-38.0971,-8.1276,-27.1970,-46.9478,0.4625,36.4071,-6.4035,-17.8904,-55.5810,11.4203,42.6516,-13.9401
5.4536,-20.3781,16.1370,16.3017,50.7534,11.9546,-1.1476,-56.6646,-9.4376,-14.5342,-0.3487,-38.6362,15.3702,-15.3721,5.3120,-2.5637,-14.7870,12.4155,-47.8086
-17.5264,-49.7194,-20.1498,4.2191,23.9381,-20.8648,19.9227,-59.7836,-5.5495,-23.3612,28.8710,-62.2214,21.6361,-22.4661,12.2144,0.7128,-52.5396,13.7716,-58.5951
-20.0536,-35.7941,-27.6846,8.3781,16.6217,-8.0767,42.9748,-55.3491,6.3476,-55.3000,15.0410,-33.1367,44.2079,-8.5000,13.2265,-15.0825,-54.2858,17.3153,-50.9720
-15.9827,-1.5282,-17.3804,7.8557,8.8248,28.3285,46.7590,-43.4939,2.1085,-65.0232,13.4428,22.8641,66.6477,17.6182,2.8011,-20.8609,-24.2653,7.3873,-47.3765
-32.9486,1.2800,-29.9148,5.3850,5.1270,15.6598,56.0954,-1.6051,2.3338,-30.0056,29.4009,41.6514,74.7820,28.1740,-13.8451,-22.9318,-16.2139,9.3632,-23.3949
-63.6134,-20.3481,-62.7459,0.7583,3.0503,-24.8770,71.8604,44.4697,25.0696,0.8846,31.1955,10.7137,57.4964,10.9394,-5.2937,-13.0425,-40.7599,16.3314,26.3595
-81.2432,-28.5333,-79.9277,-8.9860,-8.4549,-29.3890,73.1104,34.2266,24.2972,-13.1164,34.8669,-30.0174,29.9685,-21.9791,21.2403,7.8950,-56.9432,9.4356,46.3901
-70.7438,-33.2829,-73.6303,-11.7256,-10.2080,-22.7331,70.0685,-7.3407,-2.7897,-38.0362,42.1235,-52.2631,14.2338,-41.6975,32.0374,12.4067,-54.6973,5.5064,34.5619
-35.5827,-52.2678,-55.9165,-8.2197,3.9197,-33.6774,61.6957,-2.0572,4.7831,-31.7725,28.0998,-52.6459,5.3912,-30.7167,28.9650,-1.3206,-52.0423,6.4424,43.0144
-5.3806,-63.1966,-31.0062,-11.6160,6.6880,-31.6454,33.5083,34.8721,24.0206,-7.4986,27.3667,-51.8471,-0.3785,-19.3986,24.2236,-11.9452,-53.5179,-2.0140,52.6697
-10.6186,-64.2728,-16.4731,-17.1042,-1.8401,-25.9099,22.4872,37.8152,-14.2109,3.9151,80.6881,-81.9944,11.4239,-43.8263,14.4005,-17.9420,-66.8974,-2.7589,23.2804
-30.7692,-75.6189,-30.5150,-23.0808,-7.6189,-39.4413,56.1785,21.5207,-61.5998,-8.0050,134.3213,-119.0483,37.7831,-72.8808,10.9270,-25.3602,-85.6076,3.0199,-2.7480
-23.6348,-64.3934,-47.8610,-37.5657,-24.3419,-32.0513,91.7812,26.0025,-38.8981,-37.4160,108.8007,-92.4206,59.3623,-57.4066,26.6507,-27.7609,-70.0864,-17.0236,12.7832
-2.7820,-4.6815,-39.9189,-43.6027,-47.5031,-3.8409,106.7001,31.0128,7.3560,-61.0200,24.8668,-9.8149,70.7001,-19.2369,42.4677,-21.1842,-27.2435,-41.1636,35.7580
-8.2242,33.4755,-27.9786,-29.9727,-53.7695,-14.3036,115.0397,19.9885,-0.2912,-55.5398,-5.1249,33.8473,69.9907,-9.9521,36.2868,-15.1527,-23.1642,-28.2159,38.9634
-23.2558,-4.2067,-29.9119,-24.6606,-54.7638,-37.0888,92.5392,13.1811,-41.3134,-36.6060,67.6288,-0.6037,52.9898,-29.7024,16.3089,-23.4319,-59.6409,-9.0487,26.6182
-2.8531,-56.3687,-19.9676,-34.8265,-54.6426,-16.0036,38.6651,10.4473,-56.5200,-36.8653,133.3710,-50.3909,32.9530,-39.7745,7.1702,-37.3399,-71.4736,-17.9720,1.1462
44.4482,-64.0565,8.7834,-31.8034,-28.4184,-13.8293,18.4165,0.0135,-38.4053,-51.6378,99.6785,-51.5497,27.3744,-16.8515,16.7483,-27.4692,-55.2262,-27.4236,-20.8354
72.4228,-50.7187,24.9612,-17.1707,3.3221,-83.7665,35.9576,-7.3284,-24.6465,-63.0588,58.4074,-15.2974,33.9211,16.0896,18.4057,-7.6621,-52.9919,-20.5163,-24.8295
69.5798,-36.7876,26.0566,-7.4036,8.2869,-125.0710,32.4884,-6.1097,-39.0968,-82.2674,87.0782,0.1742,46.5345,13.8375,-8.1335,-33.5867,-53.0779,-8.7827,-28.3328
64.7089,-13.4646,41.3615,13.3123,24.9639,-47.4543,15.8893,-4.1406,-58.5885,-113.0356,88.8999,-19.1164,63.2876,-13.3718,-33.7785,-94.3820,-24.1845,13.8494,-34.9925
73.5441,6.2721,70.2439,46.6801,79.7983,70.1355,12.9208,-4.8738,-59.4846,-129.6948,27.4778,-18.0052,70.2245,-6.6362,-34.5220,-114.7563,19.8064,39.3283,-27.0183
78.1690,7.9563,86.3294,61.8985,121.7250,105.4616,-6.4993,-17.4195,-65.0859,-126.6708,25.7376,21.2421,60.5064,27.2712,-38.3771,-89.4958,44.8430,40.3846,-19.7876
65.2737,-0.9214,85.1871,58.2415,125.8703,66.3251,-36.8911,-39.9535,-93.2905,-127.7405,108.9582,37.9004,57.2436,26.7335,-60.5278,-85.0844,33.2607,31.8680,-31.8149
52.9574,-18.9937,85.8285,61.9354,130.4856,56.8254,-30.8399,-40.7939,-116.5348,-135.3692,166.3996,18.2361,78.6771,7.5633,-71.7272,-109.9399,-3.3309,42.3796,-40.9395
56.0610,-37.5754,96.8575,74.7223,146.9127,113.4085,-3.9358,-16.0694,-120.3858,-135.0173,163.2107,27.8753,105.7499,33.7241,-64.3742,-111.6976,-25.7291,58.6831,-39.8204
58.3427,-29.5058,101.7734,85.4275,152.1489,157.5404,5.7259,-13.7473,-118.6492,-136.0042,134.0260,77.0847,111.9982,84.6364,-59.9901,-81.8230,-12.7738,65.9243,-50.4034
45.6768,-3.2998,87.8078,88.5441,145.9898,135.0471,12.4123,-47.4822,-102.1083,-140.1188,86.0352,100.8468,100.5728,93.3584,-52.2242,-55.2161,2.0279,66.6705,-61.1627
24.2251,-0.7398,69.6794,75.6111,140.5661,95.0421,27.0486,-65.4436,-57.9993,-110.1883,46.3325,76.0558,91.0091,59.2752,-22.9822,-37.3149,-22.1043,51.7769,-43.3386
-5.1361,-23.5215,56.4937,52.1209,131.7100,81.0308,33.1620,-40.5483,-11.5475,-39.9755,46.8254,38.5722,87.2756,25.8349,10.2126,-12.7334,-71.7598,27.4588,-11.6617
-37.5016,-35.6686,33.8891,36.7106,106.7348,71.1765,27.1069,-15.9135,9.3233,9.5208,59.5010,18.0835,78.2142,11.1747,16.1773,3.0296,-94.6390,19.5450,-2.7381
-45.5512,-26.3064,8.9054,26.6041,65.7703,52.7546,7.2768,-35.4045,9.7927,7.9970,59.0192,18.5244,62.5230,3.7817,-5.8754,-16.3184,-68.0769,17.6849,-24.1139
-26.3177,-16.1041,5.0426,10.4242,30.7801,34.8726,-19.7983,-79.0109,9.0499,1.1074,59.1943,20.1668,52.4198,-12.7458,-25.8724,-51.8839,-35.4156,-0.0551,-51.7358
-19.8956,-19.8299,1.5623,-5.2258,9.7678,12.1885,-26.4179,-97.6163,15.4759,6.6206,64.2133,4.0335,48.5420,-32.4668,-22.4886,-60.2870,-40.0968,-15.9374,-62.6384
-35.7633,-29.4897,-31.3578,-21.2081,-22.5655,-6.9455,-19.3837,-84.7556,26.9134,-9.6719,70.6629,-13.1065,37.4820,-32.2561,-8.5118,-39.1466,-49.1418,-24.2731,-62.1761
-33.7899,-29.1876,-64.6462,-48.2967,-63.8722,-7.7608,-21.9970,-66.3580,49.3263,-26.7573,58.8081,-11.5372,22.0924,-15.5871,3.1331,-17.8240,-16.9548,-51.3030,-58.8711
-4.6564,-17.1645,-67.5526,-72.0041,-73.3885,-10.6087,-5.5735,-44.9149,91.5747,3.0348,-9.7764,-0.2355,18.8282,-2.6177,22.1726,-4.3734,30.1101,-85.4835,-34.9601
15.9695,-2.4373,-61.7276,-73.7222,-58.2678,-23.3622,33.1702,-17.8394,124.5067,35.8302,-90.0486,17.0396,23.2240,11.3742,40.1084,7.8631,54.6120,-92.6997,2.1513
16.7975,8.3315,-63.2469,-66.7533,-67.2973,-18.3147,27.0422,-10.5124,101.4647,11.5958,-76.6031,35.0219,17.8986,26.5374,25.2346,5.5106,70.6760,-82.0256,-1.0966
20.7427,7.6900,-60.1828,-62.5138,-94.8676,0.4749,-23.4756,-29.1267,37.8538,-32.0307,4.5512,30.8622,6.1071,24.4253,-20.3199,-29.1561,92.7745,-68.6596,-46.9791
37.7116,2.7432,-47.7077,-46.6616,-97.1813,12.4641,-35.3967,-39.3385,-8.0265,-49.0021,28.2214,26.5821,3.8395,21.2970,-56.0533,-75.4247,108.5118,-41.8456,-64.9821
51.9409,22.1421,-21.6514,-20.0964,-69.2840,32.2837,1.0073,-24.9186,-15.3898,-50.9476,-19.4457,65.6015,17.1904,41.5654,-53.2445,-82.4267,107.2562,-16.5574,-33.2269
43.6608,56.8872,11.8979,-8.2232,-34.8474,51.1199,31.5011,-2.7560,5.3619,-32.9878,-56.7448,102.5232,44.9699,55.0077,-18.5082,-38.1950,77.1703,-20.6506,-8.9184
15.0833,53.2257,15.7441,-13.9173,-14.9165,33.2171,46.4814,8.9528,30.2629,0.9941,-43.8550,82.0079,75.3900,44.4239,8.1532,1.9932,24.2919,-31.3203,-26.3117
-4.8334,12.8695,-14.0775,-14.2931,-19.9904,9.0160,51.2313,-6.7905,19.5500,-7.1904,6.5155,68.1169,85.0186,53.1370,-5.0793,-1.5561,-4.9030,-19.1323,-57.1337
-2.1753,-6.1574,-27.9528,-9.4414,-35.5035,21.7065,38.8918,-46.2986,-13.9288,-48.5550,50.8323,110.8263,69.8431,84.2070,-23.8948,-8.7040,0.9755,-11.9911,-63.9028
-2.4290,-1.2271,-22.5272,-21.2854,-48.5033,27.7502,24.4408,-69.0732,-7.8696,-42.6387,52.0387,130.8952,46.6337,83.6481,-2.7252,21.4637,-6.1277,-34.8542,-47.0373
-19.0190,-9.2441,-36.6973,-42.2071,-68.7079,-1.8909,12.2376,-51.9667,24.4766,-7.9095,37.3315,82.1057,17.3798,54.2756,28.2277,60.5166,-28.9932,-53.8272,-36.1716
-23.6022,-18.7677,-48.6447,-42.9054,-79.5303,-10.5267,-5.6609,-13.7301,25.8185,-7.8531,32.2008,33.5128,-11.8155,42.2860,29.3143,69.8180,-24.6387,-42.6494,-32.1789
-0.2847,-9.0658,-21.5223,-28.4586,-50.7962,12.0394,-6.2823,25.1442,22.5626,-1.7035,9.8668,27.6923,-8.2597,39.1018,19.2171,42.0542,-2.4919,-30.4102,-3.8468
24.6649,3.6997,12.5363,-23.5898,-12.8336,3.5367,8.6455,43.6687,38.8671,37.6338,-7.5339,39.0912,24.4992,19.4051,6.2210,-9.9224,6.3221,-37.1175,32.5032
26.3476,13.6122,22.8213,-20.6714,-3.9331,-30.2215,-1.4494,31.6656,19.7990,47.9053,22.7181,48.5143,31.8884,7.0242,-17.9949,-31.6013,12.5156,-36.4540,28.0663
12.0421,25.6167,27.5738,-6.2284,4.6746,-27.0379,-16.1818,28.9897,-24.1617,32.8491,38.4621,42.5546,9.4796,20.6735,-19.1408,19.0339,20.7210,-17.1778,0.2393
1.9403,27.0527,30.2076,1.9669,24.7030,6.0251,6.9564,50.7955,-22.6342,38.8910,-0.4981,16.1032,11.8678,29.7621,9.1924,66.4453,16.2082,-5.8267,-9.7080
-0.7273,21.6261,18.6382,-2.6244,13.3351,21.4790,27.9971,32.1175,-13.8405,18.2172,-4.2465,-5.7211,37.5292,4.1380,9.4546,22.4321,6.5244,-5.5201,-19.2490
-10.7611,23.5085,9.0829,3.9622,-14.9420,25.7539,17.8936,-29.3519,-56.4396,-45.1770,46.0250,-22.1640,35.7498,-42.4754,-14.7832,-45.5625,-6.9109,11.3594,-33.2677
-26.3794,19.9445,17.1233,27.8830,2.6767,50.1273,22.5444,-37.7530,-97.0047,-65.3612,52.3616,-55.6675,13.7869,-69.5365,-9.3837,-44.9310,-27.3677,45.6067,-17.2181
-18.9952,12.1483,36.8642,53.2795,54.3925,86.4538,41.5898,5.9599,-113.2945,-45.5551,21.1112,-74.5532,12.2922,-57.3666,-6.6804,-32.2002,-14.5761,75.0890,5.9295
16.5025,24.0349,62.8485,72.1765,82.2585,104.1211,35.7789,10.1642,-157.8244,-57.7662,26.5526,-47.4958,23.9727,-31.2140,-48.3945,-66.3651,43.6792,92.7866,-8.4519
43.1092,41.3865,83.8673,75.0522,80.4354,97.9102,31.7319,-9.3919,-196.3193,-60.3349,33.1965,-21.4632,26.6375,-20.2943,-70.8803,-78.4848,78.2054,93.2076,-28.4633
38.9940,43.0545,87.9613,58.7976,74.3905,90.9068,46.6051,11.7881,-165.3611,-9.3466,1.5251,-23.8174,27.7460,-16.4538,-38.1990,-31.2717,60.0183,71.6173,-20.4909
23.5351,49.3257,83.9583,47.0028,69.8493,93.2395,36.0879,35.9964,-119.2311,22.0774,-12.8517,-8.3338,29.3373,-2.5232,-18.5931,4.9941,46.0400,50.5637,-12.5529
19.2275,53.0487,74.9128,45.1841,55.0653,85.7543,2.6647,23.0915,-113.7519,4.8925,11.3262,27.9020,14.4827,19.0539,-32.7761,8.6508,54.5259,43.8403,-17.5357
28.4036,12.9065,48.7169,25.3156,18.8274,62.3326,-11.6992,8.0636,-110.8501,-9.5685,35.7322,27.7240,-18.3938,41.6707,-21.8807,35.7007,42.6751,28.4149,-24.5703
36.2416,-47.2019,15.3759,-3.0223,-20.1920,50.0752,-17.1693,0.2129,-88.0547,-26.4326,48.9320,-7.3463,-51.0190,55.7669,14.7237,76.8136,7.9430,6.4965,-34.4542
27.0093,-66.7827,-5.2853,-0.6792,-26.4525,63.2728,-28.2280,-13.7314,-60.8813,-55.8811,40.4851,-19.8247,-68.8745,49.4492,24.1167,64.1952,-8.8221,11.2745,-19.7167
10.2419,-51.6779,-18.0937,14.2141,-19.7166,77.2088,-28.6868,-8.6375,-25.5833,-51.4374,2.7948,2.6815,-74.3245,35.7865,9.1463,14.5290,1.6055,26.3775,33.5102
1.2212,-42.2224,-31.9462,0.9574,-47.4829,65.7823,-29.9424,12.0198,8.0873,-21.5037,-18.9038,18.1254,-80.8978,35.4224,11.8921,13.4140,3.5163,13.2181,57.0474
-14.6191,-45.3710,-42.6980,-18.2416,-79.8648,36.0072,-42.9310,9.0127,20.9423,-10.7416,-7.9565,-5.1386,-91.4825,31.7593,35.5148,64.4098,-28.3363,-3.5402,20.9191
-39.5753,-44.9723,-43.8706,-9.1953,-60.5638,15.3774,-46.7289,-8.0602,22.9680,3.4651,-14.6681,-47.4150,-97.1112,3.0052,45.1040,84.3737,-52.9673,9.6741,0.3856
-37.3269,-22.0183,-25.5788,10.8441,-18.4052,18.4816,-49.5501,-15.3306,12.0302,28.9582,-44.2472,-60.2603,-97.2716,-27.3036,21.3363,47.2398,-14.8705,27.6722,17.0627
-7.5565,22.6405,7.6571,26.6441,-0.3432,34.8963,-62.9007,-23.2056,-18.9982,17.7409,-61.8714,-30.5252,-89.4392,-27.1042,-14.4414,5.4319,49.2930,36.0053,12.6923
6.3281,57.2141,26.3116,48.6148,10.5455,49.0019,-51.8144,-28.4161,-35.8760,-20.7773,-80.0699,8.9294,-63.4443,-7.9653,-35.7279,-23.2134,70.6810,56.5196,-2.5474
5.6466,68.0325,22.6748,59.0210,19.2820,51.6918,-20.4262,-34.2720,-31.0964,-40.0408,-97.3563,31.6586,-36.2771,-5.1574,-43.1387,-55.2336,71.8051,67.6928,8.6406
15.0154,68.2135,13.2748,29.1441,-6.8113,31.5834,-20.9159,-76.8250,-37.0026,-44.4041,-71.3382,33.1558,-37.3266,-28.1003,-38.1972,-64.0612,87.3654,28.8775,7.8895
12.5267,45.5215,-9.3195,-17.8435,-49.1779,-7.7713,-38.8637,-129.5518,-22.4816,-34.5838,-27.8783,18.0547,-51.1367,-46.0693,-12.1646,-28.9872,71.9528,-28.1995,-17.7543
-11.2669,-0.2460,-42.2025,-38.0132,-61.5371,-30.7703,-30.2944,-119.5672,44.4359,3.1794,-29.8714,12.8678,-47.1842,-28.3486,20.0138,9.3621,12.9570,-48.1879,-15.6499
-17.9340,-12.6894,-44.3489,-29.4599,-57.6866,-12.6561,-18.8986,-72.9833,86.7144,26.0003,-57.3162,45.9702,-38.8397,11.8501,31.0868,24.6289,-17.7025,-38.6251,9.5315
-2.1115,24.3764,-14.2728,-12.1438,-56.9119,27.5766,-20.6834,-57.9734,58.0413,4.7456,-73.6057,99.6757,-42.3921,44.0925,25.8388,35.9377,5.4944,-26.6719,20.4326
4.4046,47.2027,0.8588,7.1475,-32.2722,59.7667,-1.1181,-43.9319,35.6178,-6.7808,-99.8096,128.7007,-40.0075,62.6836,22.6905,40.4062,33.6938,-10.0046,44.1960
-3.5448,30.1898,-11.9458,17.2248,-0.0305,61.7923,23.3556,1.0485,53.1752,15.7684,-117.5312,111.3080,-30.4283,60.5225,16.1833,19.4219,40.0447,6.0517,85.2235
-23.0231,12.5390,-37.1276,4.5194,-22.1519,21.7523,-0.2288,14.4192,52.3837,24.8776,-68.0801,62.3687,-39.1387,22.9573,-4.5202,-10.3036,30.7951,5.3452,80.2142
-53.6261,8.1703,-64.2828,-12.6959,-71.9312,-28.1358,-51.9760,-23.1866,30.3655,18.2945,5.3375,22.5291,-67.3342,-22.5069,-28.4856,-24.1682,17.6958,-0.6254,40.8680
-67.7001,6.4737,-64.5982,-9.0448,-63.2933,-36.6893,-74.3251,-33.3656,37.9394,50.3623,1.4926,11.9092,-90.3837,-39.7566,-31.9803,-20.0181,15.5223,2.5356,51.6725
-59.6040,18.4543,-33.1841,-0.8987,-19.8599,-20.7085,-63.0804,2.9467,64.5779,113.8536,-57.4454,-4.6279,-88.5905,-55.2361,-13.9311,-9.3007,19.4165,2.2252,89.4337
-63.8122,51.0428,-20.7465,-8.3994,-30.7561,-31.6313,-52.5507,9.4301,56.2000,124.5486,-67.7939,-48.3402,-61.4449,-96.3024,-13.1804,-20.1172,22.6443,-1.3435,52.0401
-67.0425,84.9661,-27.8627,-6.4448,-71.0583,-50.9321,-61.9342,-35.9852,2.6624,52.5270,-31.8485,-79.2111,-36.9760,-125.7464,-48.7126,-63.8398,42.2473,15.6907,-40.8319
-31.2048,97.3029,4.2381,22.7178,-54.8332,-35.3965,-83.5600,-64.9231,-45.4351,-11.5819,-30.2822,-78.9154,-43.2908,-119.9528,-75.3771,-98.8467,64.4926,47.9693,-75.4308
7.5492,82.1587,57.0417,46.4408,-2.4199,-7.3318,-103.6591,-39.6663,-43.3194,6.5106,-51.1574,-73.9311,-59.7094,-103.4662,-67.5556,-94.6983,52.0308,61.4004,-43.3996
10.3527,56.3118,66.9872,40.1681,11.7912,3.1913,-114.5786,5.1829,-26.5838,45.1317,-17.8054,-56.9799,-47.7347,-73.2998,-65.8998,-75.7195,31.4368,48.6604,-31.8756
15.9340,31.7308,53.0988,21.8254,-4.8141,15.1082,-98.8425,40.5285,-49.4544,37.1560,48.7525,-20.2727,-17.2553,-16.7452,-74.0901,-51.8172,36.8850,30.4627,-51.1372
36.7557,-5.7471,52.9492,9.4936,-4.9187,36.1531,-45.5988,67.7744,-72.0028,32.9173,58.9944,-13.0694,-5.3799,24.2241,-39.2694,-2.9935,18.0800,19.8201,-38.5435
23.7284,-50.3709,42.1147,4.5617,7.2813,45.2742,4.6390,75.4109,-41.1066,66.4091,16.0046,-44.2659,-20.3492,20.6218,25.3174,54.3806,-47.7168,18.3684,5.5296
-17.8396,-67.8733,9.0784,0.5448,3.0701,40.6501,8.5944,55.3592,-3.4660,81.5990,2.2118,-52.9560,-41.4031,9.4448,52.7598,85.3079,-84.5406,15.5920,28.3795
-38.4589,-65.9088,-23.7476,-20.7371,-24.6722,26.2101,-4.8939,35.5519,-1.4127,72.7883,40.1111,-36.1941,-45.8888,11.3997,44.2326,92.1796,-64.8688,-8.9998,21.7224
-44.8663,-74.4705,-54.9018,-57.1441,-64.8986,-5.5624,0.0170,28.8286,3.3784,83.2124,78.9960,-41.1816,-32.9566,2.6473,39.5444,87.9297,-51.5858,-45.1395,6.2080
-59.4977,-70.5052,-73.7009,-66.1971,-89.3816,-36.4647,2.9588,11.4044,21.3170,81.1307,77.6923,-54.9504,-23.6581,-17.1674,37.5362,72.9364,-66.4809,-48.6977,-14.3591
-60.3615,-32.6973,-52.6774,-32.7036,-71.4659,-38.8010,-3.8646,-10.8987,19.6394,33.9753,38.1070,-48.8159,-23.1059,-25.2905,32.4974,57.7165,-75.8350,-14.2479,-30.8530
-40.5489,-1.8238,-15.3802,-1.7322,-26.5753,-24.9865,-1.0879,-7.1301,13.3528,-4.4808,1.4758,-37.9193,-12.2791,-18.2707,33.4155,52.2701,-68.7938,8.9256,-30.1879
-31.7424,-1.7850,-7.2443,-5.1155,0.2139,-19.9791,2.8712,12.8723,25.1043,-0.3796,13.4229,-23.4432,11.7210,-5.2549,31.1839,49.7394,-56.0961,-5.9128,-20.3389
-39.0067,-2.1198,-19.4520,-26.4413,-11.0137,-26.5003,3.6373,25.1879,30.8701,15.5749,56.2244,-1.0961,31.8062,-2.9775,21.2161,39.7680,-44.3397,-34.7218,-7.5382
-33.5808,10.4367,-19.1407,-41.2557,-35.3567,-40.8529,12.0932,35.1983,22.0707,26.3882,67.8535,-2.1557,36.9790,-26.0972,14.6012,14.2249,-34.5177,-48.6166,11.3384
-12.4023,21.8074,1.1848,-31.5824,-34.0528,-47.1391,2.8796,45.0091,13.2690,31.1583,43.2759,-20.8530,22.0775,-49.7585,2.9748,-19.9689,-22.0282,-34.5638,27.2709
-2.7104,30.9473,30.9107,4.2067,-1.9234,-25.5320,-31.2580,47.9281,-3.0543,24.6424,27.9826,-10.1489,-4.1648,-42.0344,-17.9062,-34.5535,-14.7837,2.1965,37.9220
-4.0654,40.1379,52.4828,32.0497,23.6180,-4.2806,-40.5809,44.7218,-28.0777,10.4159,28.9665,12.4562,-16.0804,-28.7837,-24.8332,-28.5205,-21.3624,29.3935,48.6927
19.8769,47.1351,61.3222,28.8413,19.8626,-20.0692,-30.5467,18.8091,-48.0112,-27.0707,30.6627,7.2596,-12.9852,-41.4239,-23.2843,-45.4609,-11.4312,23.7111,42.7960
70.9049,53.6729,76.4539,23.2943,17.1377,-34.3230,-49.6972,-33.3494,-67.2519,-93.1588,41.7577,8.8094,-11.9500,-53.3047,-42.3040,-99.4898,29.8735,8.6275,21.5624
97.0151,55.0740,96.1264,36.6229,40.4622,-8.7885,-54.0749,-65.0152,-81.6880,-125.5559,51.0615,38.6039,3.5289,-47.4798,-63.4265,-149.0004,49.1458,13.2599,24.7308
75.6085,47.7959,89.9219,46.4072,60.5206,6.8100,-2.4285,-65.8748,-70.2209,-97.6161,32.1782,47.3078,38.9906,-54.1445,-56.8821,-166.4419,20.3288,27.0225,45.7913
45.7179,40.1044,63.1121,40.3281,49.7775,-14.3133,25.4274,-83.2444,-43.1555,-76.4602,12.1934,31.8460,51.5611,-69.3931,-42.3236,-159.0580,-10.2379,28.0421,36.5898
36.2135,36.8922,51.3042,31.4393,28.5376,-15.7837,2.3864,-102.1050,-22.3486,-79.4782,14.5130,48.1794,40.1285,-49.4708,-33.6350,-128.4639,-20.4850,15.7840,10.4722
34.2604,41.2087,46.3786,20.5240,14.4010,4.7926,20.7776,-77.9956,-1.3540,-69.8174,-6.0391,83.0045,54.1570,-3.5082,-10.2957,-76.9109,-24.1339,0.0756,-0.3075
19.6212,48.3715,7.5943,0.9351,-13.2080,-13.4632,76.2734,-60.5534,15.3518,-85.2424,-40.4023,72.1967,80.1453,14.9019,16.2344,-34.7787,-17.1296,-11.4353,-27.5147
-14.7567,27.1270,-59.3723,-20.1738,-59.4905,-46.5398,68.3444,-90.9927,8.7708,-141.5797,8.2431,25.7326,73.0056,0.1042,7.2733,-35.0605,-11.3162,-16.1412,-78.5737
-46.3175,-24.6345,-95.4797,-32.9032,-84.7608,-30.0929,19.3951,-99.2573,-6.4834,-143.0579,117.5553,6.2527,61.9434,-6.3020,-25.0537,-63.1335,-28.5954,-19.0230,-95.7462
-41.7070,-45.8076,-74.6718,-38.2129,-73.3551,3.2337,24.2707,-51.7399,-10.2631,-64.8003,143.2573,23.3599,80.3070,8.8068,-33.5941,-66.8088,-38.1642,-26.2312,-71.7233
-22.8528,-20.5253,-49.8522,-48.8016,-69.0815,-0.3183,64.5980,-14.8964,-13.4419,2.7620,90.5266,34.7731,91.2577,13.4276,-15.9155,-35.8283,-14.5462,-41.4846,-49.5370
-32.7867,-11.6214,-61.0209,-71.7767,-90.1704,-23.2905,73.2530,-13.8231,-21.8774,44.6232,90.3705,18.0154,74.3202,-15.4452,-6.9646,-18.4551,3.2029,-64.2327,-28.2613
-42.6620,-28.3095,-62.1708,-85.8988,-86.2484,-51.8062,58.7184,-13.0946,-23.4731,102.4994,121.2334,-11.1091,57.7256,-55.3305,-11.7682,-27.6376,-3.3325,-79.3388,0.4186
-20.6140,-20.2644,-24.7563,-71.2893,-37.3630,-87.3022,56.6364,3.7781,-10.7577,144.2143,78.9871,-31.6061,50.6720,-71.5761,-5.6147,-21.9442,-5.8745,-71.6828,20.2592
-16.6282,5.9183,-5.7425,-49.2824,-0.1496,-91.2726,65.0509,49.6874,13.9617,144.8173,19.6043,-34.3549,47.5789,-67.7511,6.2840,-8.5848,-1.9934,-53.2371,52.7248
-47.5213,20.2350,-20.3724,-40.5009,0.2399,-58.5082,65.3420,120.3537,30.0165,143.7397,30.0901,-22.0418,50.9971,-70.6376,-5.0385,-32.8223,0.6031,-40.7580,115.7245
-46.5499,36.1377,-5.5036,-29.8942,8.2728,-48.6114,56.5511,160.4987,18.0143,150.2803,40.8231,-16.3496,48.9274,-81.0119,-23.2805,-61.2153,11.0266,-29.1467,152.7804
-9.7856,48.6794,31.9758,-17.9481,30.2994,-69.5681,50.2624,151.9177,4.2382,141.6641,-1.4970,-36.2866,33.0080,-77.7581,-8.7494,-31.4361,16.8942,-20.6745,126.7360
-0.3383,29.4413,22.6594,-28.6828,19.6415,-78.6448,35.1542,142.8465,21.7902,117.1060,-15.1060,-62.2607,13.3041,-56.6560,20.4061,23.7486,6.1899,-31.9914,85.9185
-9.7637,-4.0588,-19.1490,-52.1015,-21.6518,-84.1336,-4.5399,144.7277,56.6022,79.2658,20.3438,-67.0370,-12.6222,-32.6307,29.1053,45.8367,-3.8915,-54.5902,70.9043
2.3775,-19.7704,-37.8380,-62.8460,-48.1434,-99.2223,-31.5344,138.4152,97.3172,44.1119,7.4749,-60.3466,-40.1329,-14.7505,41.2534,52.6594,-10.1713,-68.0769,74.0133
15.7011,-19.1033,-42.3257,-68.4088,-54.6417,-90.3911,-9.5279,139.1915,147.5556,43.0500,-68.0741,-54.2741,-43.0993,-0.4045,75.8079,72.0825,-15.8068,-77.9977,86.0071
13.0969,-13.2949,-51.3075,-76.4809,-62.0432,-61.9127,16.4655,142.6089,173.0211,60.5156,-115.3226,-40.5865,-35.2645,12.3140,95.9374,88.9859,-5.6298,-88.8209,94.6375
11.1868,-19.3831,-56.3840,-76.1857,-68.1783,-54.3008,10.8657,121.6261,164.2769,65.0308,-118.7164,-31.8186,-51.8667,21.4515,96.7359,103.3673,0.2877,-87.3465,88.8039
5.2963,-42.7998,-68.2276,-72.1308,-69.3507,-56.1779,19.3519,105.7587,174.2143,71.8891,-145.9678,-44.7445,-72.2344,30.9669,116.4047,133.3572,-22.1611,-76.5347,83.0326
-2.4235,-46.8000,-84.9219,-68.4262,-70.7998,-42.5896,47.7408,123.2951,187.9784,77.0554,-195.4833,-56.6881,-73.9555,46.8538,133.1635,159.3016,-18.4466,-64.0233,80.1304
15.1792,-21.7956,-69.1964,-48.4231,-60.2758,-27.5390,39.1349,133.8640,135.6059,52.4662,-198.2558,-51.5672,-80.5641,59.8042,100.6557,145.6761,36.1277,-37.5974,62.0817
43.8867,-13.7532,-25.8826,-17.8930,-31.5092,-15.6003,14.1943,117.3012,64.8436,34.0704,-159.6164,-43.1276,-80.8647,57.5728,54.4363,98.9752,57.7179,-3.9699,43.0972
50.3956,-20.0993,-0.1593,-4.0531,-9.9589,-0.0064,35.1534,99.8901,60.9716,52.0819,-156.1810,-27.0663,-46.0337,51.4243,48.2760,62.9632,24.0081,8.1904,42.0995
51.4126,-5.1893,5.9617,-4.6030,-7.3047,8.6727,75.0467,78.4190,65.5422,55.9892,-189.1855,-9.7859,-17.4564,53.9925,64.5452,69.4432,16.9219,4.0410,31.9295
66.9149,-3.3876,14.8123,-5.0870,-2.2839,13.8078,85.7083,45.3017,7.6390,28.4372,-178.6783,-33.9264,-24.9157,51.3023,70.0668,96.6526,42.1400,5.9279,-5.9168
79.5139,-35.4021,21.1861,-8.8011,6.1912,18.5127,78.7067,21.4618,-51.6216,6.1771,-111.4800,-81.3372,-20.6261,37.8954,59.9920,93.0766,41.5354,8.5149,-51.3864
80.5634,-36.2006,20.1435,-7.0289,-4.0687,4.0359,59.4210,2.4107,-63.2174,-25.1876,-61.6607,-71.2851,3.4309,40.7500,30.3544,56.5031,34.6244,12.0748,-93.1806
75.2569,5.3513,20.2098,12.9996,-19.7552,-0.4235,26.4695,-19.5382,-57.7146,-70.3956,-68.3398,-4.6429,3.6546,72.2078,-3.2009,35.8169,53.8094,29.5521,-118.3313
62.8680,16.6784,18.5984,29.1360,-8.6371,52.7563,20.8439,-17.0460,-37.5023,-72.6571,-98.9060,39.6731,3.3643,104.9891,-5.0493,42.1058,64.9582,41.0121,-107.3643
53.5467,-11.2232,8.7969,23.7437,15.0865,106.7454,51.5262,-6.4747,-8.8568,-53.2332,-106.3585,32.6194,36.7595,110.8944,12.2781,36.6426,53.1570,31.3446,-94.8011
50.8693,-28.9043,-4.2273,21.7192,18.0588,88.1443,62.9151,-41.4229,-25.4105,-93.5551,-71.3402,-2.3036,56.0416,86.4257,7.3572,9.4029,38.2737,34.6027,-124.6496
37.5642,-25.8518,-7.8684,39.9216,9.4506,51.8615,37.6959,-95.3353,-74.1451,-161.3489,-19.8245,-32.3222,38.1001,50.6438,-13.7252,-17.4500,14.5755,64.5973,-158.6482
22.0328,-13.4936,9.3177,61.7478,18.0881,63.9947,14.4989,-106.2767,-95.3480,-184.0966,17.7310,-20.5491,38.3270,35.7432,-30.9970,-43.6457,-13.2689,87.0519,-154.2493
28.3274,-10.4673,37.5112,74.4144,50.0696,86.2789,13.5328,-88.8538,-112.8375,-182.9261,59.2287,11.9743,69.7478,50.1734,-47.8571,-62.8288,-21.1141,90.8421,-145.0683
40.4564,-39.3414,50.3915,74.0926,90.3313,83.5704,23.7325,-75.7573,-143.1527,-168.2230,100.1401,-2.0627,80.5358,63.3341,-46.2398,-38.5815,-20.2940,86.4537,-148.5261
38.6622,-63.7650,49.0212,61.1782,109.1894,75.7476,14.0632,-60.3568,-112.6147,-107.5202,70.8751,-40.5961,50.7329,56.9379,-15.7310,13.9342,-23.8685,68.7487,-132.9260
35.3126,-33.6786,54.6374,58.4124,90.9438,72.0307,-33.1505,-53.2980,-31.2879,-51.1070,-19.7673,-28.4948,8.7521,45.5373,-5.0754,18.3844,-14.8739,57.4222,-105.2453
28.1961,10.7636,60.7548,78.6505,72.7016,76.4525,-59.7137,-69.8753,-12.0125,-62.7932,-63.4605,5.2515,-7.1940,30.1927,-29.8197,-31.9562,-2.3607,79.1113,-87.9071
9.3891,21.1661,54.3602,87.7924,90.7215,89.7796,-4.1193,-80.6923,-42.8372,-85.0867,-54.2860,0.2874,22.5247,1.4701,-26.7418,-57.8951,-8.4572,91.9630,-59.0906
5.3086,28.7955,49.7124,62.8057,109.1076,80.2450,65.5454,-65.6163,-26.4993,-56.7045,-72.2941,-5.7576,61.8340,-18.5243,12.3041,-36.1260,-8.7044,54.5395,-18.1712
22.3596,41.9560,53.7454,34.5618,90.1727,45.0977,51.5848,-44.7162,1.8381,-19.6270,-79.4924,15.5288,52.8815,-11.8863,20.3813,-14.8837,12.8808,12.9200,0.7589
24.0976,17.1570,51.8692,24.8955,67.7430,28.7799,-3.2410,-26.1644,-25.8354,-1.3024,-11.2139,9.0668,7.9026,-9.3442,-0.5188,-6.8813,15.1373,7.6760,10.6324
8.2566,-31.1593,41.7685,19.2743,70.4187,32.3870,-15.3702,-8.4649,-44.6565,31.2376,43.2410,-39.9141,-15.9657,-35.2675,0.2610,-7.2730,-15.1369,12.1894,35.8891
10.7308,-52.0940,34.7364,16.1707,73.7206,28.1100,-6.7704,-8.2516,-5.8339,70.6552,2.0594,-80.3977,-11.9210,-63.3246,3.2228,-41.4443,-26.5131,15.5713,40.9804
34.4790,-51.1888,35.3061,17.9434,64.4726,23.0608,-18.4765,-26.5250,20.8085,79.9108,-48.5198,-97.9127,-5.6746,-69.9849,-17.3595,-89.2084,-0.7834,23.0940,3.3047
51.8287,-61.5012,37.7609,-0.5979,49.5079,9.9827,-27.7471,-39.2440,8.9784,76.0387,-18.3338,-108.3088,4.0629,-65.4759,-19.2563,-82.4594,5.9459,2.0851,-37.0052
47.1294,-91.3175,27.0290,-42.5569,21.2174,-27.9165,-20.9185,-38.7076,11.2435,91.5775,55.2401,-103.8718,18.7002,-50.1645,13.0994,-19.2351,-38.8703,-49.2121,-57.1211
29.7261,-122.5661,-1.8157,-68.2240,-14.2193,-50.3470,-21.1992,-37.7774,25.6963,102.5200,97.9692,-78.1931,14.8443,-10.1136,33.6727,41.9672,-75.3810,-75.2986,-74.5638
28.9205,-122.1141,-23.6549,-64.4024,-36.2869,-32.8599,-33.9590,-42.0632,24.2679,76.6182,80.1906,-46.0293,-9.1497,35.5816,26.6046,66.1399,-45.8102,-66.5064,-90.4633
49.8569,-86.7314,-20.8067,-58.3607,-53.0718,-18.8654,-42.4562,-43.0083,28.6597,43.8028,31.7062,-23.4788,-16.9793,46.6159,12.1228,41.8720,4.4862,-60.9787,-94.0879
49.6069,-52.8191,-17.5382,-61.6211,-75.6242,-23.1156,-37.5063,-35.0568,39.2766,42.6454,17.1507,-19.2844,4.1894,19.1929,-3.9514,-9.1942,15.7345,-62.6629,-89.0023
11.6461,-30.6209,-39.5665,-68.4505,-92.8726,-28.4640,-21.5643,-33.2848,30.1509,45.0956,36.1089,-33.7618,16.6933,-18.5427,-9.7808,-25.3364,16.5551,-63.5910,-77.8619
-20.4206,-9.7100,-78.1332,-78.2427,-107.1842,-47.6214,-5.7394,-50.2840,37.5266,17.2876,13.4272,-59.8185,-2.7255,-49.3035,8.8985,-5.0238,35.6251,-70.8022,-61.2059
-25.1925,-9.1407,-109.5262,-84.0104,-121.7911,-66.2975,0.2040,-62.3021,96.2453,-5.5594,-54.8156,-79.0282,-23.6236,-61.8900,31.9071,-7.6433,37.6220,-75.0967,-42.9637
-24.2210,-24.9218,-118.9691,-84.5380,-121.5193,-54.3251,-1.8879,-48.6826,145.5434,3.9931,-80.6329,-57.9998,-23.3488,-41.9689,39.3244,-15.2249,24.0358,-79.2022,-19.3301
-23.5920,-16.6379,-113.7258,-92.3861,-118.3738,-50.3087,-9.6722,-29.5146,134.5715,7.4972,-42.7930,-0.2673,-25.4320,-5.8867,38.3923,17.3954,38.3616,-100.7810,8.0254
-26.3677,0.0571,-115.3119,-95.0121,-131.0421,-71.0611,-19.2144,-8.5394,110.8460,1.7370,-19.6672,21.7624,-43.4456,5.9556,30.2737,38.4468,55.7662,-103.7065,24.7474
-48.3750,-15.3103,-125.0541,-69.2060,-128.1813,-56.0962,-18.6649,37.4702,111.8749,31.2856,-50.0483,-24.5209,-60.9388,-6.4696,16.0072,19.1317,38.4023,-52.2481,33.5348
-66.9385,-30.6374,-120.2404,-32.2955,-89.5664,-10.2005,-13.8704,78.6633,99.1530,56.3178,-82.7079,-62.4173,-75.2935,-4.9431,8.6674,20.5447,31.6586,2.4609,44.8965
-44.0064,-6.5323,-85.6669,-2.0565,-47.2734,9.0478,-28.7684,62.7891,49.4047,4.2878,-79.3682,-36.2256,-87.9394,16.5590,-3.4110,31.3263,63.8166,24.2217,41.3710
-4.3377,31.8514,-30.0240,34.8094,-15.3267,22.3238,-64.3904,14.8835,4.6768,-66.3183,-74.0967,4.6726,-86.6141,27.5542,-33.0401,-3.6374,84.2227,49.6258,11.0134
0.4824,53.0700,7.7844,59.1767,5.9129,42.2480,-95.5482,-13.8384,6.3625,-66.0482,-91.3382,7.7851,-84.5512,13.7753,-42.5228,-24.0667,68.2014,68.9188,-14.0313
-28.1230,44.9588,-11.2019,41.9442,-5.8451,21.7931,-103.1955,-31.7928,36.4502,-47.4031,-88.5838,-20.8638,-100.8961,-16.7828,-14.1267,4.9417,36.5229,48.5405,-6.0206
-49.8773,8.3186,-49.4279,29.5702,-23.4371,-13.0586,-89.4050,-53.7790,44.7014,-83.1422,-43.8151,-59.0340,-102.7917,-53.6070,-4.3439,-21.3285,-8.7016,44.7360,12.7416
-38.4449,-15.7649,-27.5314,61.1493,7.6492,-14.0177,-71.4128,-59.0037,18.0878,-116.0117,-3.9200,-81.2122,-60.3047,-80.5464,-36.7770,-115.1674,-56.6634,88.8161,8.7952
-7.1091,-2.8808,34.1485,77.0026,50.5165,-17.7212,-53.6626,-41.4921,-4.4435,-82.0906,8.8485,-69.0288,-5.3042,-82.3927,-52.2849,-145.2857,-76.5641,97.3400,-8.5619
3.8711,3.2210,49.5021,41.2128,50.7200,-20.4023,-16.8911,-18.7015,6.6637,-23.2001,20.3042,-37.3797,36.0111,-62.8133,-22.4917,-95.4232,-76.2184,42.3467,-4.1690
-16.9568,-5.1174,22.2848,10.1731,38.4964,8.2195,27.3480,-5.4479,29.8532,8.3389,29.0682,-4.2517,68.7614,-39.3495,4.3122,-58.9385,-73.8589,1.5478,14.7865
-36.5390,24.1148,3.6739,5.0458,23.9153,-27.7339,31.7662,-12.8719,28.8577,15.6373,26.7619,27.9894,73.3011,-25.8858,-8.2013,-39.0431,-49.5205,-4.0870,-0.2555
-36.2020,71.4151,-15.6999,-9.1435,-21.3009,-153.6033,14.1674,-25.8666,5.0663,10.7915,28.8524,47.6396,47.5468,-17.5551,-34.9640,-4.0357,-3.9210,-12.3743,-44.0033
-26.3310,74.6364,-38.4586,-23.8558,-47.8941,-179.8258,40.5539,-13.7675,-4.2654,-1.5650,17.8758,59.0812,49.1504,6.9334,-35.0541,13.8899,26.6921,-21.2552,-53.0978
-11.0620,53.9955,-28.8758,-17.8302,-13.0002,-52.6666,85.9458,4.2207,16.1603,-8.3282,-21.1130,86.0552,89.8563,44.9195,-10.0856,5.0055,37.8453,-25.6549,-25.9900
-1.3192,48.2273,-4.1810,-8.1153,18.5030,34.0089,79.4803,-7.0152,23.1102,-0.8343,-35.0311,102.2667,101.2652,55.5475,-2.5814,-3.9654,45.2141,-28.4582,-17.9036
-11.6561,41.1890,-1.9470,6.4243,17.0490,22.9355,39.9238,-22.4837,-19.0168,4.7804,-5.4628,65.2247,58.8586,24.5300,-28.5023,-19.2079,49.0735,-0.9738,-23.3188
-15.6642,30.0448,2.9243,34.1051,31.1704,30.6694,3.8554,-23.2106,-71.3155,-18.2001,11.8451,9.6202,4.2949,-8.0084,-50.1451,-37.7460,58.9893,43.4581,-11.8289
8.1984,19.5857,25.0630,41.0818,46.0312,51.6567,-50.8744,-38.8514,-86.1881,-50.2592,22.8149,-19.0980,-44.2001,-19.9486,-45.3764,-31.7545,70.4954,43.5732,-6.3221
17.9137,-23.1818,28.5872,20.7540,28.0617,29.2422,-104.1722,-46.5395,-73.2461,-24.8762,71.3535,-46.7737,-82.4569,-33.6507,-37.1424,-20.2962,36.2704,19.8160,-4.0436
-7.7345,-83.9069,15.5622,19.0533,20.3427,19.0334,-102.9159,-1.0595,-52.9543,44.9229,111.9501,-82.6120,-84.8288,-52.3193,-39.5978,-42.6067,-40.1364,35.6878,29.9792
-15.5956,-83.9059,19.9838,41.9619,35.5954,44.6371,-81.7231,27.3328,-39.3804,38.0351,98.1004,-75.1327,-55.7608,-52.3107,-51.9754,-90.1154,-64.1374,66.1938,49.7697
16.3518,-16.4433,37.2425,58.0449,34.3018,53.1586,-84.0190,-32.4350,-62.5659,-64.7474,67.2498,-17.8434,-33.7926,-36.3614,-76.4175,-128.7553,1.0921,69.7211,9.3062
41.4349,40.7165,51.8072,63.0042,33.4954,48.5313,-70.5300,-84.6785,-113.0965,-119.8074,46.3769,26.2804,-28.9612,-26.2189,-90.2970,-128.1479,72.0238,65.0333,-15.9211
42.4045,51.2185,61.9784,51.8595,50.1116,48.8747,-43.4848,-40.3990,-137.6862,-82.0001,51.3031,22.0952,-25.8087,-24.2318,-75.3776,-84.8007,94.8463,48.8297,13.6644
46.5815,46.3255,58.9800,18.4770,41.6115,25.8893,-59.0206,11.1567,-140.3106,-73.6942,114.9130,0.8064,-14.2176,-21.8701,-69.2295,-51.9205,107.5144,6.5806,6.9350
57.4129,55.6516,49.2105,-1.5908,13.8378,-8.4835,-81.4231,-10.8677,-150.7659,-125.0751,172.4844,5.4138,11.5181,-15.3592,-89.6174,-65.6381,124.4592,-17.9547,-55.9276
58.9790,66.2820,45.7687,1.9097,7.4956,-19.9883,-54.3416,-43.3207,-124.5036,-134.7394,129.8341,29.0516,36.4901,-5.3939,-81.3568,-72.6349,108.6566,-15.2065,-79.0865
48.5885,46.3375,22.2643,-21.7167,-10.3929,-32.8977,-31.0283,-42.6518,-41.0577,-93.7115,71.4315,32.3582,34.1357,-2.8453,-33.5583,-42.2766,68.4594,-45.2075,-49.4106
30.2246,13.0693,-29.6997,-69.9869,-58.8624,-65.1002,-45.2591,-48.5250,13.8748,-82.7773,109.1997,23.8492,23.8357,-15.0734,-16.7249,-38.0696,55.4363,-98.9768,-30.0625
15.1835,21.5348,-51.2545,-78.9027,-71.4768,-87.8357,-32.4998,-52.7387,-3.7547,-101.2063,157.6757,38.2512,46.5253,-27.5642,-41.1190,-73.3244,69.3238,-106.2754,-22.2786
13.9679,55.5338,-21.3113,-53.3836,-32.2916,-96.4820,12.3192,-16.1380,-34.9449,-91.9935,137.6292,41.0229,79.7754,-31.5813,-44.8540,-71.8383,66.7807,-77.4820,-12.0071
13.8009,46.0550,0.9028,-45.2851,-6.4140,-106.2521,15.8904,23.6060,-47.7658,-54.3480,133.8196,-4.3927,75.0931,-39.4554,-30.2806,-34.2604,42.7111,-63.7304,-18.5744
6.4300,9.3572,-4.2633,-41.3922,-8.5135,-104.3683,-22.3852,17.8492,-60.6165,-35.9880,176.1042,-28.9503,49.8974,-43.9614,-48.3347,-42.6195,26.5234,-50.8598,-31.2745
12.4788,12.2926,9.1067,-11.0049,0.4353,-80.6576,-51.0689,-6.7660,-77.3169,-70.9998,192.4313,12.2902,48.1757,-25.6032,-86.0123,-91.5450,26.4566,-18.1692,-38.8914
35.3518,36.5980,49.2128,17.0740,26.4156,-55.4679,-67.7025,-17.3733,-103.7478,-128.7463,195.5531,28.3108,62.1272,-11.4910,-96.5980,-104.1177,26.1718,4.2341,-69.5192
52.5747,31.5070,78.0695,17.8066,49.6849,-52.3945,-82.7906,-22.7479,-135.8273,-141.3785,215.1352,-31.6707,58.2200,-36.1841,-83.4555,-82.9795,21.4361,2.8606,-104.9689
69.9818,16.3079,86.2973,20.4164,64.7652,-64.0618,-88.5939,-19.8530,-133.8208,-116.2791,181.3360,-77.0935,27.8289,-60.7967,-76.8595,-86.7006,30.8277,9.5162,-87.0431
98.4756,17.4796,91.9482,45.6102,75.6499,-54.6165,-93.8102,4.2293,-104.7298,-115.2033,91.2685,-59.8734,-13.2514,-40.3451,-83.3651,-110.9606,58.8522,40.0983,-35.2490
103.6574,12.7753,93.5372,65.8204,80.4145,-22.3058,-101.8244,20.3572,-106.2805,-117.9608,58.5186,-48.1050,-39.4938,-20.1912,-91.0344,-116.6188,71.0157,67.4930,-13.3275
72.1394,-6.0568,81.7906,56.5035,73.2466,-16.2180,-91.8147,-9.7279,-128.9307,-74.9747,95.3552,-71.3057,-37.5156,-50.6346,-88.3174,-110.4613,45.9380,64.3743,-21.3972
53.8373,-13.8964,70.9689,33.8716,60.3213,-42.8612,-70.5360,-65.6850,-125.3505,-26.2348,106.0262,-82.5359,-26.3366,-90.5036,-75.7764,-111.1404,24.2835,38.7294,-27.4781
60.0641,-4.6103,69.3706,14.3048,45.5473,-59.2233,-73.2713,-91.8068,-105.1390,-2.7743,87.6812,-69.9052,-31.2673,-96.5561,-64.3907,-99.1453,36.2444,9.3468,-28.2680
36.3654,3.3272,47.8533,-14.0801,7.9998,-75.5267,-94.2889,-73.0168,-73.9601,35.9871,93.9375,-65.4673,-46.3898,-93.7744,-51.1665,-55.9455,36.9898,-22.7448,-29.5411
-14.6886,-1.8829,-4.6635,-47.1130,-42.8319,-115.1082,-87.7380,-45.7169,-10.7774,75.0813,90.0563,-70.4457,-48.9591,-91.0967,-21.8891,-2.3056,-0.0176,-51.1949,-29.1037
-30.4032,-18.2662,-41.8238,-59.9399,-53.1378,-132.9411,-42.4040,-34.7361,47.0382,70.0594,49.4038,-59.5075,-30.5904,-65.1139,13.4763,30.0973,-28.7852,-63.3961,-20.0230
-18.8978,-34.0065,-44.5730,-67.6364,-42.4345,-119.0555,0.0121,-23.5867,58.1603,70.6510,43.7844,-33.4216,-4.1581,-42.1207,30.3006,33.8913,-35.1570,-77.3407,5.8169
-35.6351,-34.1173,-58.7705,-96.5970,-82.3738,-131.9182,11.7308,-2.5597,69.2750,105.9977,79.6417,-16.8252,6.8850,-55.5357,36.2496,30.3588,-54.6879,-107.9072,37.0002
-59.9474,-18.6002,-90.0825,-115.5191,-131.1935,-154.2464,18.5955,7.4042,113.9836,97.8928,56.1459,-14.1660,1.2772,-64.8193,57.8078,43.0074,-74.9841,-123.9161,48.9586
-45.0101,-8.9615,-93.0380,-102.1030,-115.2636,-125.6854,42.9283,-0.7830,140.0180,30.2082,-6.0054,-3.6526,11.8819,-35.4662,83.2093,56.7838,-67.4780,-115.0910,39.6546
-23.6523,-22.9860,-82.4062,-100.8321,-97.6079,-87.0439,65.3091,-10.7954,120.0945,-12.5485,24.2282,20.6861,50.3972,-6.2609,83.6290,46.1455,-65.9604,-121.2310,23.1269
-39.7620,-47.7501,-103.5513,-126.8295,-131.4503,-92.3509,80.0243,-22.5080,97.7277,-10.8070,108.4163,36.7204,77.8606,-1.8925,79.2704,44.3159,-92.4319,-145.3340,8.5576
-59.8896,-60.6336,-127.9243,-135.6083,-137.1830,-105.3430,101.9298,-39.9257,98.4731,-7.2692,104.3118,28.7854,68.5754,1.7652,102.7297,88.1341,-105.2236,-151.3680,6.2044
-38.8286,-63.7908,-106.5326,-116.8974,-83.7758,-101.0646,108.8213,-42.1754,93.4533,-3.4178,48.3383,2.0669,45.0502,5.7598,122.7178,123.6359,-85.5747,-137.1433,15.0885
7.6267,-61.0766,-51.6188,-87.3022,-36.2923,-94.8535,80.1855,-22.6210,50.1222,0.6095,39.7912,-28.4003,26.7021,-5.2806,96.6055,93.5115,-57.9431,-106.1845,16.0017
37.9041,-40.5614,1.9562,-41.7260,-3.0606,-68.4569,50.3318,-9.5783,-16.0527,-22.9333,41.6320,-46.9442,14.8295,-17.2863,53.4171,43.1147,-36.3051,-50.1034,1.9948
36.0756,-19.8143,31.4199,-1.9915,28.1892,-22.5028,35.8475,-15.3553,-59.3270,-68.0037,47.5569,-55.0198,20.2143,-22.0992,32.6658,19.4190,-35.6146,-4.7776,-21.0251
21.7985,-33.8784,28.6617,1.0096,25.9370,-4.2388,12.6530,-27.0106,-75.4085,-103.0095,115.6706,-67.0495,37.8510,-30.2520,16.7930,-5.2783,-60.5631,0.4544,-51.1352
25.7208,-59.6231,18.8434,-1.3786,11.7056,-8.7859,2.7825,-45.8133,-89.9866,-114.1753,150.3497,-72.8225,36.8102,-28.0918,0.8952,-27.2506,-69.1614,5.3131,-71.4742
43.5406,-52.4602,19.1397,12.6284,21.0924,1.4622,33.3925,-72.8613,-83.8188,-101.1827,54.7303,-48.4194,14.2661,-1.6402,14.8021,-4.2994,-39.1313,21.5168,-62.5515
42.8471,-30.6389,5.7944,7.8840,11.6085,9.4214,46.2120,-82.6992,-36.3582,-73.7343,-36.5747,-7.2320,-7.8343,22.7720,36.8527,29.2262,-8.6554,9.1008,-36.0792
25.4578,-19.7066,-14.1281,-6.3856,-19.3760,2.9797,5.5589,-56.4979,8.3750,-36.4159,-41.1687,19.5354,-32.8696,26.7654,23.3008,23.0894,9.3437,-8.7559,-5.4148
21.7531,0.2405,-3.8571,8.0482,-10.9131,12.1413,-20.1003,-9.7095,24.2857,17.4907,-84.3962,30.0927,-59.7428,33.8189,4.7953,21.8388,38.9991,8.6044,24.7846
27.3967,18.2165,10.3584,15.6193,13.6324,26.6104,3.8312,24.3936,40.6765,60.0878,-157.2265,26.1147,-54.3116,52.2840,22.2331,62.2176,59.7362,15.0605,22.5547
15.5250,-1.1718,-11.8711,-11.4251,6.0031,12.7859,25.7049,18.2173,52.4297,50.4642,-122.0023,-2.8549,-17.0128,50.5249,42.9526,87.8366,40.5803,-14.4774,-20.4710
-9.1113,-22.4253,-36.5096,-19.9900,2.2982,-6.4590,28.7200,-19.7006,40.5992,14.1304,-56.3791,-33.3204,2.9392,20.7465,39.5089,67.8538,10.4063,-19.7338,-45.5449
-23.1830,-0.4774,-32.0374,5.0455,10.6591,0.3163,36.4108,-39.7380,33.1074,-4.4915,-84.8916,-24.5968,-4.3642,5.3144,34.6575,48.3372,1.3412,10.3203,-30.5123
-20.2069,23.6648,-18.4592,18.9707,-1.0657,18.9171,30.3102,-18.6845,27.7805,-15.0836,-100.1064,7.0148,-5.9898,24.0064,25.3221,43.3712,3.5344,26.7929,-26.0026
-5.7995,13.7477,4.8502,24.9117,5.4952,34.2999,-9.1172,1.7312,-2.3328,-19.6153,-36.2769,14.3191,-2.8869,36.6743,-4.1532,23.8950,5.3126,31.4396,-40.7982
10.3881,7.6009,39.9754,40.4278,41.4096,42.5687,-49.5305,-13.7673,-7.4178,-0.8918,-23.5754,8.6492,-12.7145,25.1740,-19.9063,3.1336,2.4148,38.7830,-43.5210
16.3626,21.4096,47.9814,41.7379,38.4255,31.9896,-59.7249,-43.2614,41.8012,6.3743,-76.4567,33.5679,-15.4132,31.8849,-4.9082,9.5213,-12.3338,30.4248,-51.3824
10.6227,19.7071,31.2188,34.3326,14.9749,15.4418,-44.8952,-57.7847,56.8938,-23.2899,-64.8898,71.3669,6.3745,63.4724,1.7389,23.3427,-35.6478,21.8625,-75.6761
1.0088,-3.5547,34.7766,44.4800,37.1259,24.4845,-26.3853,-54.9140,7.2718,-43.4886,6.1802,73.0993,25.1653,69.3599,-6.0288,22.7964,-61.6795,35.8907,-72.4493
-9.6709,-22.2407,45.3430,49.4298,60.1982,50.8937,-23.4343,-30.4987,-10.6563,-26.2321,38.4574,51.1721,17.5354,48.5442,2.9986,23.3505,-84.7497,40.7933,-28.2668
-20.8153,-19.2028,37.2114,37.7746,50.2016,64.9548,-29.6212,19.8319,23.9073,14.2278,17.3383,43.8464,0.0150,36.5504,14.2830,26.6025,-78.9156,27.4342,26.3380
-25.2735,17.9654,44.9501,41.9700,63.4170,70.6297,-22.2159,69.3945,37.9429,75.3854,-44.3004,37.2596,-13.6429,10.9364,5.9590,11.9926,-30.2257,31.5242,84.0597
-19.1611,73.0892,71.4332,52.6159,82.6368,77.0330,-11.4731,82.7889,37.7098,125.1951,-134.8460,13.9975,-37.2786,-41.7464,8.7998,-4.4708,20.8449,39.7557,135.4432
-17.0890,91.9611,60.0619,36.5387,47.3297,63.3918,-29.3867,67.6869,67.0366,117.8322,-177.3534,3.0580,-73.0499,-62.5273,28.5250,6.6840,33.9091,20.6288,148.2203
-37.1442,66.6474,14.1152,17.2637,9.0060,28.9296,-70.0647,62.4643,92.7916,89.9946,-128.0817,12.6322,-95.3766,-37.4651,21.0340,26.3405,26.6830,3.6336,127.8513
-63.9166,55.7450,-6.3743,21.8153,17.7424,18.4020,-93.8102,76.8028,85.5034,86.9722,-78.7176,12.4731,-95.8400,-22.9203,-1.6463,35.4766,30.0810,12.2377,111.6182
-62.4922,68.8000,3.4409,28.9855,24.0093,49.2303,-85.5612,90.4820,77.4221,76.3096,-106.2122,0.0059,-100.7119,-21.6001,13.8642,56.4171,36.9318,20.3086,111.6255
-40.0330,43.0597,7.2602,25.6562,14.7817,76.3973,-74.4001,103.4390,80.8588,63.1258,-132.4861,-21.0308,-118.9618,-10.3383,42.5940,75.5818,22.9377,21.1930,121.3494
-34.6643,-26.2195,4.0205,24.6403,30.7532,71.9643,-82.1812,125.7191,68.7960,98.9665,-73.8145,-70.2643,-120.0519,-23.5459,26.8949,42.9285,-11.1061,32.5608,129.8938
-44.9410,-60.4156,16.2897,35.4118,63.2193,70.0254,-76.2452,133.1828,33.6925,138.6947,-7.1542,-118.9554,-86.8478,-64.0040,-5.7021,-15.5051,-40.9785,54.8819,120.2788
-47.4877,-32.8186,44.0916,61.6651,87.5926,93.7019,-33.9139,102.1951,-2.3814,116.5668,-22.5275,-107.3663,-44.5864,-71.5064,-6.0511,-30.0421,-59.3621,83.3150,92.2479
-51.3526,-6.2440,57.8811,82.3529,93.8212,111.3433,-19.6278,55.8094,-12.0713,81.0349,-45.7921,-56.5400,-26.1439,-41.5665,-0.6448,-11.0451,-73.2710,99.4706,55.6617
-60.6651,-15.6879,36.2316,61.7965,59.4222,97.5890,-72.2419,23.9283,13.2091,80.9022,-8.8490,-29.1119,-38.0628,-16.8576,-12.5082,5.4314,-68.9489,72.1060,11.5054
-57.3475,-27.2728,2.4497,20.2394,7.7852,71.8186,-97.3621,14.5337,49.5038,88.8510,-5.0887,-29.5619,-55.6921,-0.3449,-0.0482,40.3054,-48.2507,25.9238,-17.9236
-57.7474,-23.9744,-10.9129,10.0753,-1.5717,62.7575,-38.4374,37.9540,70.1463,99.3504,-68.9546,-39.6522,-49.8132,8.3398,42.3643,85.1747,-57.0355,19.9061,-1.5399
-81.2737,-26.8554,-12.4988,20.7228,11.3479,79.7793,6.7445,83.3350,72.5111,119.6500,-77.4617,-47.1821,-28.5508,-0.1854,56.1804,84.2329,-93.3099,38.8338,39.0418
-89.3284,-34.5717,-20.1615,13.3867,-2.6679,108.4659,-9.0228,100.2631,60.5995,115.6082,-17.2780,-23.3633,-19.9052,2.7644,32.5560,49.6761,-86.1665,30.0215,61.2226
-62.0575,-31.6010,-24.2266,1.0200,-11.6891,119.5140,-1.4176,72.9176,37.4875,85.8270,-1.3903,20.7325,-14.6176,26.7242,19.5902,34.8461,-36.6436,8.4040,64.7353
-43.9343,-27.6204,-18.9932,4.4908,8.7358,102.8858,38.7262,42.5263,9.5852,66.9317,-8.7273,34.8208,3.8792,29.9542,19.3422,28.4570,-18.5687,8.6207,64.5758
-44.6588,-25.6016,-15.5013,6.9326,10.7975,76.8599,33.8630,25.6608,-16.9936,51.1247,28.9010,30.7314,4.5462,10.9419,5.1065,8.5881,-23.3032,12.0108,64.8729
-31.1269,-9.2817,-16.6212,-2.8641,-17.5356,51.8255,2.0236,9.1922,-24.4915,28.1156,35.3505,38.4711,-26.0314,4.6866,-2.7530,6.0843,1.4223,-0.8981,64.7021
-16.5293,10.5988,-19.3124,-12.4846,-29.5482,27.3060,1.8463,7.5149,1.5823,29.1421,-25.5289,22.1434,-37.1176,5.5177,12.9816,31.0336,26.9818,-12.1824,42.4724
-16.3088,12.2908,-15.1850,-11.9502,-9.8204,18.3776,5.6422,28.6762,31.1678,50.8732,-59.1018,-18.9023,-10.9695,4.2394,18.9773,43.6789,26.1239,-9.8020,-4.3261
6.7729,13.7750,13.3974,1.9501,18.5555,35.8503,-10.0791,41.7131,25.5377,48.2544,-56.9850,-20.3575,4.7906,12.4940,1.6199,20.0219,37.1704,0.2658,-20.7374
52.9650,35.0086,59.5957,28.6278,40.0051,64.0728,-18.0370,33.3050,-6.1003,8.9959,-75.3292,11.1405,-0.8679,17.1187,-16.9992,-28.0412,60.6159,20.9551,3.4581
70.4389,53.4790,93.2890,64.3702,61.3396,89.3486,-22.9861,20.3409,-49.1211,-40.9446,-69.9778,27.5947,5.6623,17.9181,-41.3426,-70.3514,59.8405,60.1286,-2.0025
58.6363,52.3250,110.8844,103.6106,101.9747,113.6197,-29.5242,5.8445,-103.1656,-68.4447,-24.4264,52.6351,22.8707,44.0440,-74.9306,-78.8234,50.9941,104.7919,-33.7423
51.6949,52.3107,124.6672,126.2885,152.8243,134.7528,-6.2163,-7.7668,-126.3507,-57.8172,-20.3466,100.2551,34.0016,71.9522,-77.9773,-61.0577,53.7095,119.1222,-10.2264
43.5999,66.1084,126.0332,109.9184,166.2655,143.9958,25.7435,-6.2100,-87.0471,-26.3088,-51.9331,126.0595,45.0468,61.3936,-41.1570,-40.1259,48.3388,83.9095,48.8480
27.2387,74.3508,109.1836,65.8267,124.4901,131.6154,16.7619,1.1002,-41.9723,20.7576,-46.1792,125.5072,44.2615,41.6945,-14.8915,-13.0595,43.4577,28.0787,61.8773
18.2249,57.8447,84.2266,22.9182,67.4627,94.4613,2.1470,2.6924,-28.3595,106.7917,-34.0547,116.6801,18.8129,33.5697,-12.0380,16.2954,51.6870,-10.6619,55.1677
6.3895,26.2356,52.0940,-9.3902,33.4485,56.0444,30.9921,24.9280,11.9737,202.1521,-65.2499,91.2529,6.2358,16.0918,5.8987,28.1967,37.6395,-33.0376,87.1735
-20.4519,5.5608,14.5019,-29.7241,21.3460,45.2587,61.2973,72.9969,94.2002,232.1260,-95.9756,79.7863,28.5757,20.7739,37.4622,42.1456,0.0422,-52.3766,115.3336
-33.8799,-0.1541,-14.5093,-37.3718,6.1939,45.0016,51.6824,92.1042,140.4509,193.1916,-95.3566,105.3109,39.1421,70.4262,50.3398,79.4226,-10.9255,-63.6725,89.3017
-16.4023,-7.6033,-28.1842,-37.8298,-17.5602,24.5813,34.2773,58.4143,125.8609,139.4550,-98.5282,104.2111,12.7852,92.6106,47.6686,94.9110,4.5328,-58.4427,48.5616
4.9209,-9.6033,-19.9766,-20.7296,-9.0699,13.1774,30.7779,27.7052,102.9906,93.7686,-120.7247,64.4523,-9.4582,63.7279,42.6322,62.2139,11.2483,-33.0207,43.7208
5.2591,12.3313,12.9890,21.4355,46.1932,54.1319,15.6275,33.7162,81.2152,57.5748,-127.0960,73.6244,-10.1793,64.0614,28.5350,43.6634,16.8226,4.6280,60.4337
-7.9566,34.4122,40.0259,51.9473,83.9459,112.7216,-21.1240,33.3228,36.2482,28.2642,-84.9062,126.9552,-21.5858,103.1301,13.0047,77.1113,31.9660,23.9965,60.0949
-10.3095,25.5911,40.7706,46.3851,76.4017,126.7782,-49.7198,11.6093,-1.1935,2.6199,-28.8937,135.5154,-44.5881,115.0198,14.0198,109.3883,35.5887,13.8884,46.8661
6.6612,10.3841,45.9432,40.0730,83.3381,110.5398,-39.8645,26.1417,12.4083,10.1244,-36.6231,113.7359,-39.8945,105.7551,23.2506,100.2980,25.8303,7.0084,58.4720
14.3299,22.0195,62.1051,46.4542,112.6533,110.0939,-0.3816,80.1099,50.2836,57.5714,-89.7176,121.6327,-3.1729,108.9551,29.0166,84.5152,22.2396,10.3176,92.0157
-10.7911,42.9300,48.6443,30.5367,103.0909,106.9723,29.2442,95.7143,56.1883,79.1080,-82.8613,137.1796,22.8679,105.1269,39.1033,103.6962,25.1107,-9.8228,102.6723
-40.9389,41.6465,9.2937,-0.8695,58.4942,69.1566,31.1180,76.0773,32.9344,60.4815,-20.3630,132.6318,10.8265,94.9515,49.2575,143.5063,23.0294,-39.3848,92.7475
-44.3273,15.4785,-14.9070,-7.1585,25.9206,35.4852,26.8767,105.8231,24.9976,66.3686,-5.5643,119.9412,-21.2163,107.9441,46.0776,159.8057,11.8878,-29.5189,102.9194
-32.4412,-11.7252,-24.9450,6.1929,10.2849,45.1487,33.5483,157.4154,37.2013,75.2016,-46.9489,99.8205,-42.6763,126.9157,40.5764,144.0290,3.8138,5.1265,119.4743
-21.2454,-7.4107,-28.1386,18.1757,17.7982,60.9308,39.0101,132.0387,43.9085,28.8785,-86.1500,82.9601,-44.2471,119.5247,43.2646,121.2159,16.8924,19.5197,107.7631
-12.3875,26.0344,-5.4452,36.4525,52.4690,49.9071,33.3305,71.3375,47.9300,2.2852,-117.9192,87.4698,-31.8742,91.6622,35.5718,88.9361,30.3440,26.0176,91.5054
-17.1727,45.6591,24.3356,59.3355,67.8456,41.8665,38.7788,73.3870,45.5767,48.1553,-131.1901,93.6644,-6.4752,63.6907,7.9311,32.9745,7.1116,54.5637,94.8086
-36.0858,41.3433,20.6675,70.7815,46.7041,50.9486,93.4615,95.8833,-6.1240,52.1628,-90.4584,92.7627,40.1714,53.7542,-16.0556,-12.8130,-28.8041,89.9387,86.3376
-46.9306,43.0059,-5.0891,67.3065,27.1647,48.6071,190.3908,69.5416,-100.5157,-34.8656,-21.0783,101.2996,106.2439,62.0072,-19.4746,-19.7677,-34.5388,102.3163,47.0062
-42.4303,44.3363,-24.4698,46.2586,8.5834,31.4549,260.0379,39.2977,-156.4377,-92.5946,25.6647,93.7860,158.6672,56.5714,-12.6026,-21.5534,-26.1834,85.5584,9.4080
-27.9037,27.8760,-33.2527,17.5543,-14.1550,21.1770,264.7227,41.5313,-149.6225,-67.9483,30.0446,57.2021,159.0989,31.0127,-6.4126,-35.3922,-13.7406,57.9535,8.8063
1.0793,28.6053,-21.3261,15.6464,4.8268,20.9037,247.6465,39.0355,-139.0493,-32.8609,-21.3493,51.3530,118.1912,23.8894,-5.3999,-35.5003,36.7737,48.0696,47.1837
34.1919,61.4155,10.6098,39.1563,51.2750,25.9869,233.7113,25.4784,-139.3358,-16.2280,-96.0690,91.9782,82.5422,36.7745,-15.8150,-36.8424,102.9819,56.7960,92.1012
48.7264,74.0679,25.9211,40.0277,44.4190,30.1789,194.5298,21.7476,-114.7895,0.4354,-111.1837,114.2003,68.4799,34.9641,-31.8218,-65.6415,117.3767,50.1052,102.3714
48.6045,44.8926,9.0914,8.2899,-6.5900,21.3339,143.6088,17.9171,-76.8206,5.7167,-62.4128,100.1564,61.9241,29.6181,-33.9520,-79.3120,90.3763,17.0689,74.1214
45.6903,9.9989,-12.0722,-19.1416,-26.9714,7.9992,125.2363,13.7346,-62.3026,-3.6857,-14.4827,81.1576,62.7911,45.1634,-18.1472,-42.4643,70.8795,-13.1689,36.2031
32.5132,-12.5291,-18.4032,-27.1544,-14.5635,3.6527,114.4753,12.5248,-72.1015,-7.3668,33.6120,58.5215,66.6237,52.3112,-7.3473,-1.5364,52.8258,-23.6656,6.6587
14.0411,-18.1100,-7.8018,-22.5924,-6.4040,-5.9934,64.9966,-13.8668,-95.1576,-2.3903,95.1682,39.2040,44.8966,23.4361,-19.9829,-0.9715,31.3558,-21.5749,-4.6968
9.1868,3.8589,16.2633,-7.6796,-5.5246,-18.9234,6.9175,-55.1120,-119.0840,2.6574,114.3672,46.2375,-2.4196,-11.6414,-39.8428,-18.1261,31.6202,-11.2348,11.5686
11.0511,22.7207,28.4054,5.3459,-6.9681,-8.3202,-12.5767,-60.6689,-114.3706,2.0721,79.5169,61.4482,-35.2993,-13.0641,-36.4086,-12.4049,36.9192,-0.2019,35.1461
3.5515,1.6652,12.5919,5.6370,-10.1732,10.1909,-9.1252,-46.3704,-77.4088,-5.3285,53.4149,60.8840,-40.2825,15.7487,-12.4083,19.7087,13.0501,2.0457,30.8996
-5.9800,-24.4301,-3.0875,7.6084,-11.6368,10.7075,-13.1672,-58.1852,-44.9283,-8.7619,45.0339,59.0936,-36.3256,36.4706,-2.9820,33.3445,-18.1747,7.1423,4.0255
-10.1334,-14.0677,2.9150,21.0436,-9.0124,21.9706,-12.1981,-73.5643,-26.8244,-7.9630,20.4883,62.2650,-17.6495,24.1752,-15.0790,-7.9109,-29.8749,23.4528,-8.0127
-16.8567,9.0240,9.9874,29.3087,5.3941,52.2720,18.0886,-65.8253,-2.5666,-21.3101,-3.9087,65.6115,29.3759,1.7376,-15.2342,-59.1872,-37.6931,28.0361,7.0552
-24.8627,27.2257,1.2307,23.6100,17.8913,54.6580,56.7394,-59.5316,16.7148,-49.9113,-8.4472,88.4119,69.9664,5.8651,-1.0834,-61.3938,-37.0087,11.9896,23.3694
-23.0462,55.3637,-10.1267,20.4681,-0.9703,31.1334,57.6237,-58.6405,10.8164,-76.6110,-17.8522,129.8442,61.1139,34.3400,-6.1521,-38.3239,-5.5027,6.0917,21.7836
-17.7221,68.1066,-11.0563,28.2721,-16.9687,29.5365,30.1116,-46.6471,2.3880,-86.5245,-35.0747,144.2740,25.3468,57.1793,-15.5398,-18.4448,18.9361,18.3952,18.6416
-27.7439,30.7107,-8.8131,27.8380,15.2989,42.8150,23.7314,-39.0045,12.1108,-64.5257,-21.1131,106.4146,12.8112,53.8790,11.9133,22.9693,-13.7271,14.7661,25.4697
-47.6332,-16.5837,-14.2782,8.5084,35.0870,29.5727,26.0054,-32.6301,15.6320,-23.8223,33.0484,46.4293,18.3544,28.8746,40.7245,63.1166,-64.1374,-6.2391,18.7666
-47.1624,-17.7852,-18.1091,-2.8536,-1.0026,-26.3097,-9.9617,10.8489,-0.2585,-11.0744,81.2119,8.5670,5.2959,11.2064,13.3488,49.9266,-67.1836,-3.6110,-3.8338
-21.8134,5.8282,-2.6400,14.1655,-9.1545,-103.9720,-55.9911,72.2736,-9.2252,-31.8321,86.8989,0.0713,-19.7275,17.2021,-29.3212,23.6379,-47.0393,24.1840,-7.2669
-1.0018,7.6716,23.3512,37.2563,34.4536,-122.4876,-63.8446,74.0947,-12.2586,-57.9798,71.5831,-5.2566,-27.6273,22.5638,-26.9135,27.9281,-52.6909,41.9803,-0.9761
10.1464,-3.0612,41.5225,50.0922,45.3597,-26.3676,-63.0236,-0.6197,-45.2090,-100.6788,65.9945,-11.8392,-27.5763,12.0509,-15.0094,9.5196,-52.6450,51.2149,-25.8013
30.5927,2.1691,57.4060,61.2980,32.4992,77.1919,-82.8629,-74.8904,-94.9423,-149.4435,63.1248,-5.3663,-39.7501,3.6656,-30.2514,-35.1656,-12.0352,62.5085,-55.9395
43.6923,9.6805,65.5744,54.7927,48.1567,60.9477,-92.8433,-81.6289,-107.3187,-142.4978,66.4631,-13.6426,-51.3545,-6.0036,-32.4012,-26.4734,20.4788,47.9270,-50.0788
24.5873,-9.0250,40.7928,18.0240,39.4020,-4.8547,-80.4023,-44.8777,-83.4014,-98.9386,100.4679,-63.1318,-44.9851,-33.1932,-8.9115,11.2613,0.1045,9.9718,-40.1357
-2.5760,-43.0383,0.3678,-6.8847,-8.1818,-4.8162,-57.5876,-22.2837,-65.5826,-95.1990,138.1722,-102.1853,-21.6497,-53.0961,-1.2090,-9.3979,-43.5258,1.3284,-47.9441
-12.4825,-56.5332,-15.1665,-0.8990,-21.1259,20.5609,-15.1192,-15.0225,-52.7863,-102.4103,129.7738,-85.1636,14.0369,-45.1650,-4.7806,-50.3237,-71.9565,17.7891,-38.4683
-14.0030,-37.7535,-12.4508,-7.0367,-16.6795,14.1702,34.1410,-6.3354,-29.2119,-65.2958,86.5342,-52.4018,47.5665,-36.5000,9.7536,-42.9625,-73.3636,5.7945,-20.8553
-2.8873,-4.6443,-10.9885,-26.6157,-42.3086,7.9606,53.4324,-25.2872,-13.7338,-37.3048,30.2346,-39.0285,55.4182,-41.1048,22.0907,-30.7983,-40.1473,-19.6178,-36.0679
22.8219,19.1674,-7.9260,-20.4222,-48.7873,5.3555,51.2523,-75.5660,-2.1931,-52.2203,-49.1839,-30.4111,38.5843,-39.3182,19.4409,-42.9454,4.2816,-14.8611,-60.0307
26.0283,18.6742,-18.7329,-11.8726,-36.5214,-12.1738,52.3796,-95.1047,30.3962,-49.7178,-111.8568,-29.2390,20.1028,-27.6497,27.8916,-28.5567,15.9318,-6.4604,-62.6598
1.8568,-3.1182,-46.1111,-34.2861,-62.9815,-8.1133,45.1658,-68.0472,42.2404,-21.3079,-80.3827,-44.5730,15.3113,-20.8742,36.4779,2.6235,5.3132,-24.1416,-68.3046
-1.0111,-31.4078,-43.5239,-55.5882,-72.6716,14.1560,21.6896,-55.2759,-12.7379,-22.9896,45.3201,-64.7653,30.2398,-35.8860,15.1216,-14.8452,3.7641,-46.3885,-79.0610
19.0763,-62.6910,-13.3591,-63.0222,-28.5056,-10.3859,-13.9373,-83.1318,-70.8742,-60.8771,194.1727,-98.2230,50.9965,-84.5690,-11.5562,-69.6563,-12.1484,-69.3283,-75.0046
18.2875,-97.8328,-20.4938,-80.8210,-31.0911,-62.7035,-62.0658,-121.2404,-65.8924,-109.4082,294.7532,-146.2891,45.1040,-137.4290,-15.7184,-109.5714,-58.1868,-94.4288,-79.4828
-0.5424,-116.0193,-54.8168,-84.8016,-86.9521,-61.3196,-82.4303,-143.4664,-47.3922,-150.2394,301.6901,-165.2579,24.1812,-147.4651,-15.4886,-130.7002,-92.9585,-82.4286,-100.3307
-10.7363,-97.6386,-54.9793,-56.7567,-86.3727,-15.9135,-37.8259,-137.8787,-54.7811,-160.9754,240.3244,-140.9100,39.9039,-126.6865,-14.5216,-138.1132,-96.2770,-41.4446,-99.7353
-13.7872,-65.8737,-40.4685,-48.0527,-50.3094,2.3861,10.9904,-116.3832,-34.2218,-153.8289,188.9246,-112.9152,81.4113,-109.0680,7.9199,-113.7133,-91.5926,-44.0219,-87.0119
-12.4197,-61.1916,-53.1657,-72.4753,-52.9608,-17.6639,1.6116,-108.7423,27.4111,-150.9846,163.2478,-101.6416,85.6126,-84.3960,39.1815,-60.9541,-86.9281,-85.4521,-99.2244
-14.0054,-80.9602,-69.4635,-76.3035,-53.0130,-30.8083,-21.8081,-96.9858,71.9765,-115.1611,120.8093,-101.0726,51.5397,-52.4345,51.1568,-14.5004,-81.0603,-89.3802,-103.2124
-37.3624,-80.0993,-70.2633,-53.7781,-35.8324,-4.9040,-18.9542,-42.5093,86.6702,-38.6110,67.1534,-92.8883,27.3095,-36.5554,43.7841,1.8835,-75.2450,-55.5963,-61.6404
-57.6041,-36.7731,-63.5369,-41.4986,-46.6824,37.1095,-18.0925,16.7157,83.9786,3.8503,38.5607,-44.1919,22.7462,-18.1931,26.4060,3.3144,-44.8976,-40.4880,-19.1473
-36.5841,8.1126,-36.7724,-39.9460,-43.8366,37.5593,-17.0313,25.6539,46.4608,9.2682,35.4341,13.2758,25.1666,10.5991,11.2249,22.8709,8.4285,-49.6943,-16.3320
-10.6155,6.7686,-6.8104,-45.8554,-3.3030,-11.1432,6.7983,10.2753,10.0536,52.6456,38.1770,-6.3578,31.5672,-2.3804,19.7669,54.5825,22.6190,-63.8837,-24.6787
-26.2066,-23.3233,-27.2438,-70.8999,-12.3393,-48.3732,16.6696,4.1750,48.6757,105.4470,28.2625,-72.5664,26.4872,-51.8070,45.6424,58.5847,-11.3520,-84.8405,-18.3424
-51.9476,-34.9243,-81.3524,-97.3604,-77.3257,-44.2913,-15.8117,-7.1876,124.1428,95.4952,8.8116,-73.2832,0.5526,-58.5673,54.2267,42.5357,-19.0882,-108.1374,-10.7692
-54.7146,-25.3272,-101.4798,-102.9431,-105.1349,-33.5359,-56.6306,-16.0215,137.9169,71.5408,13.7117,-25.8239,-28.6072,-24.3825,39.6682,50.9816,15.9949,-119.0752,-9.1068
-50.7297,-17.7791,-83.7249,-92.4819,-92.2762,-30.2661,-80.0224,2.1370,105.4392,90.9844,27.3461,-15.7884,-55.1981,-12.8764,26.6010,72.6099,36.4140,-108.9559,1.6383
-39.0141,-13.1906,-63.1435,-66.3509,-80.9381,-5.8622,-85.5312,24.2137,95.8899,100.0107,-17.4583,-17.9676,-84.4150,-9.3308,23.1013,65.5277,38.9767,-74.5921,28.9700
-8.3177,-1.2835,-42.1025,-27.2986,-54.7438,38.9392,-70.4596,17.3054,92.5585,56.8574,-93.7131,12.3211,-94.9108,17.0577,17.3601,34.7545,59.9181,-32.6035,51.5066
10.7195,20.4663,-14.2137,1.0759,-20.5681,61.2143,-52.3179,-12.2875,57.8337,5.2948,-103.8255,27.1549,-70.6887,15.7808,3.8457,-0.6263,72.0214,-7.0078,40.0173
-6.5462,40.3254,7.3695,12.4851,-11.2704,46.1266,-52.5983,-41.9242,18.3206,-12.0362,-55.0485,-9.2286,-41.0867,-40.7678,-10.1109,-37.3497,37.2463,8.5377,7.0291
-36.9061,29.9254,4.6396,16.3614,-11.4541,31.8241,-58.6025,-51.6231,7.5197,4.2956,-22.2694,-61.9999,-40.7475,-92.0424,-11.5970,-53.8123,-7.3707,22.8984,-0.8581
-52.3997,-6.3893,-20.6468,8.2225,-14.5155,44.1920,-53.6365,-37.8118,18.5609,25.8536,-19.3946,-94.4623,-60.6065,-99.5549,1.4934,-42.4947,-18.4563,22.4768,22.7476
-46.5757,-13.6907,-29.8429,2.4667,-28.4549,59.7449,-34.0156,-18.9568,25.9404,22.2318,-38.9209,-94.0565,-61.7080,-89.6282,13.1965,-39.3443,-16.3134,20.6382,38.5888
-29.5425,13.8723,1.5876,22.6906,-11.2427,62.8236,6.3652,6.1044,15.7857,18.3069,-79.3463,-73.4562,-30.4601,-77.1239,16.8539,-45.1318,-26.3659,42.4599,41.2831
-21.8868,14.4354,26.8258,36.8784,36.1965,69.6391,45.6815,54.9020,18.5373,66.3111,-112.1001,-62.7978,-6.5586,-55.0092,28.3217,-19.6921,-32.2865,53.5541,66.0093
-25.0310,-12.3026,7.3620,7.6722,34.3497,69.0141,43.9966,104.2988,75.6033,140.4138,-135.3338,-62.1391,-23.7386,-35.1601,53.9941,25.5447,-22.6234,15.8748,109.3199
-25.2540,-13.0034,-19.3442,-31.5773,-12.7145,32.3143,13.7149,122.4831,149.2351,170.2138,-161.7805,-56.0140,-51.5977,-26.9401,78.1372,60.9681,-17.3180,-32.8814,121.7042
-34.3755,-7.5982,-34.9179,-46.0835,-30.1369,-13.8479,-9.8097,119.9128,165.5397,148.5460,-141.1581,-60.2991,-57.4802,-15.4667,86.1934,101.7564,-23.8566,-51.0969,85.5104
-54.8985,-32.5770,-63.9003,-52.2402,-32.5945,-23.2446,-30.4953,101.1684,132.8373,103.8279,-62.9144,-80.5026,-58.3924,-2.4104,74.5839,126.6677,-22.0321,-52.5081,35.7054
-45.2984,-44.3197,-75.2328,-52.5684,-54.1757,-4.9938,-44.9591,59.7739,95.0512,46.4846,-19.3641,-92.3974,-56.8809,-12.8293,47.9046,77.9346,-4.4411,-45.1266,2.0796
-0.9959,-25.7929,-35.2409,-34.7113,-51.3020,12.3494,-35.3989,32.8498,50.8146,3.3660,-24.9531,-95.9032,-33.9873,-34.8747,22.6702,2.3400,9.1568,-23.7007,-17.2025
20.7155,-37.3251,-3.0005,-25.0313,-26.3611,23.5821,-33.6362,41.9830,13.9741,2.9194,9.0171,-97.5482,-17.4249,-24.6023,15.5592,1.0452,-1.4209,-15.4804,-32.2642
7.9635,-82.8871,-20.1726,-39.0101,-43.1982,28.1190,-67.0369,37.2556,16.8725,12.2955,76.2032,-79.6049,-32.8317,11.8625,17.9053,39.5260,-32.8248,-30.8373,-49.9048
4.0012,-102.4342,-36.2279,-38.4984,-78.2095,43.9577,-83.7308,0.2659,31.9518,-12.3654,89.3491,-51.0858,-36.6380,27.3607,8.6578,12.0000,-59.8171,-25.3662,-66.7771
9.3466,-92.3310,-28.0801,-8.1152,-69.6509,99.4929,-42.0717,-12.6349,29.3150,-40.8742,37.2788,-37.9820,-3.9495,24.7228,-3.3879,-54.8265,-65.3521,15.9040,-63.2792
-2.3953,-89.7600,-29.3466,12.1611,-47.1131,163.3913,12.3938,15.4276,33.5115,-24.3946,-22.8067,-28.7881,18.1303,42.7911,9.1893,-52.4538,-63.6609,43.9018,-40.3103
-17.0300,-102.6610,-36.7216,6.3243,-46.8299,180.4383,31.8408,37.1984,32.3624,11.1334,-33.4387,-18.8145,8.1693,74.5858,36.8022,18.2714,-74.6524,38.9785,-34.9997
-18.2616,-123.4138,-30.1344,7.2066,-33.7726,171.7841,32.8400,33.2115,-4.4612,13.9190,7.5567,-26.8277,-0.1100,86.6118,44.5175,59.7239,-91.6006,40.9862,-48.1785
-21.8263,-139.0244,-25.9932,24.5484,4.2019,178.8443,45.7105,24.3772,-16.6538,6.5430,16.4487,-37.1559,4.7270,75.6717,40.3675,40.5496,-101.9285,59.0790,-27.3693
-34.2452,-136.7222,-34.3049,25.2736,27.0072,174.0285,63.4751,24.3891,35.4724,41.8812,-34.0373,-34.6917,4.6459,53.0858,54.5835,23.8771,-106.5639,52.3341,28.6063
-45.8601,-124.9397,-40.5642,3.4522,22.6864,135.0388,53.5367,32.9524,67.7560,96.1659,-42.7867,-41.3014,-8.3334,25.3007,64.2207,37.1648,-98.7550,20.9518,60.7336
-55.1544,-102.3356,-34.3593,-4.9558,10.9157,98.4376,7.7947,43.2522,48.6945,121.5821,-1.9818,-48.5787,-34.0659,-1.2039,40.8531,36.5958,-76.9184,9.9732,66.9618
-61.3502,-63.3568,-17.6265,-0.8814,-2.4037,78.1280,-34.4147,49.6263,66.3564,149.9257,-22.4490,-37.8591,-63.1798,-28.6038,28.6436,22.1346,-69.5697,9.5064,92.0031
-63.4525,-55.1326,-14.5437,-24.8821,-13.9209,55.4992,-35.3142,58.6535,133.7360,210.5972,-74.0940,-46.3665,-70.0700,-50.7937,64.4691,45.3957,-89.3333,-26.3069,118.6090
-64.7231,-90.4223,-39.5809,-59.0047,-11.7789,48.5505,0.6342,70.7489,166.6856,233.3053,-70.5662,-80.8047,-37.0995,-43.1513,98.3801,83.1649,-98.5967,-64.8072,96.0247
-55.4671,-70.0555,-45.4307,-42.8994,3.9399,73.5276,41.7650,61.8317,141.7267,162.8475,-89.0043,-82.3256,18.7537,-18.4996,82.7608,63.3979,-63.0940,-41.9230,29.2751
-28.9977,30.8645,-0.2203,5.7941,21.5195,90.0102,46.5401,15.4460,90.9143,63.4346,-154.5400,-51.8787,50.0275,-23.7668,43.8379,8.5997,-0.8265,6.8393,-35.0497
-10.9278,78.8075,32.5599,20.1640,30.5874,71.8656,4.0691,-38.6510,36.2552,14.0664,-131.8615,-37.4158,28.3883,-45.4015,17.9479,-5.9627,39.5951,11.0891,-56.9158
-16.6860,30.3213,13.1936,5.8540,27.6731,51.6580,-26.8760,-47.5578,9.2119,12.7610,-38.8818,-25.3602,-5.0587,-28.3554,9.9332,17.1660,30.7933,-6.1677,-34.9078
-15.1061,-2.5194,4.5079,6.7225,23.6159,43.3841,-4.9189,-3.6894,14.5974,26.7394,-22.9436,-2.8878,3.8427,14.6726,13.3428,35.4249,-0.9220,2.3201,-20.9327
13.3189,9.4153,33.9227,11.8486,27.8644,15.2451,6.3032,39.2313,16.0270,39.2162,-42.9024,-1.6213,27.3515,34.7831,11.5657,42.3854,-9.9328,9.6950,-45.3011
38.0500,-2.6552,42.8490,-4.4111,21.1290,-35.3304,-41.0211,46.5609,24.6724,48.0775,-6.1654,-6.1456,10.5739,40.6740,-0.6593,47.3408,-2.6741,-14.1455,-60.4868
32.6771,-35.1984,11.5702,-26.9273,-14.5216,-68.9826,-74.6731,48.1952,62.7162,65.6908,14.6871,14.1522,-26.4271,63.1263,2.9636,68.4652,-15.4321,-38.0640,-42.2927
12.9058,-53.7729,-19.0034,-35.1850,-46.3723,-72.3339,-39.5548,66.9614,76.2186,92.1449,-14.5347,26.0376,-38.1252,94.6912,28.0594,119.8428,-39.3825,-33.5857,-35.7587
5.2539,-66.8271,-25.9560,-30.4772,-38.7404,-66.7943,14.3490,82.2827,49.2593,103.5179,-26.2261,21.2716,-25.0654,115.2627,45.8014,159.6901,-52.4856,-18.2915,-40.3286
9.1703,-59.9609,-19.4645,-22.1343,-24.5145,-65.9989,49.6365,85.2446,53.0077,91.8073,-41.7414,41.8190,-2.2395,117.6902,52.4840,144.9666,-65.3125,-12.4092,-15.9764
-2.2989,-24.4583,-27.6064,-17.7775,-41.4091,-75.1782,81.5928,79.9595,75.7593,69.7356,-83.1540,65.6576,17.7963,105.1019,57.8521,119.4190,-72.8899,-7.1843,2.6496
-37.1610,-6.9187,-59.7795,-14.7066,-54.1112,-96.7985,101.0552,55.3161,37.7005,42.0313,-63.9405,53.9986,21.7739,92.8683,44.4966,128.0132,-55.8902,8.2653,-25.9828
-51.1009,-7.0590,-64.5725,-6.4213,-31.8503,-112.1102,91.5285,24.8805,-25.0390,16.4803,11.9588,57.2037,29.3288,92.1752,12.2838,126.4010,-33.7415,17.2776,-54.9470
-8.3306,23.2900,-6.0508,2.9140,-6.7622,-105.5281,79.9936,21.7285,-40.6110,3.6366,32.5205,105.5533,64.0095,96.2150,-7.4016,82.4106,-26.5167,7.2662,-50.9750
44.8485,56.6270,54.8768,15.8507,12.4074,-96.8866,93.6066,31.0983,-50.5569,-12.4350,4.6529,132.4806,96.4040,95.9701,-10.3457,42.9731,-23.5783,8.4437,-45.2176
44.5197,51.0663,61.5174,38.5049,48.0455,-99.6342,113.9656,20.8502,-85.7613,-47.2094,11.9536,108.7773,98.0835,82.4340,-11.8244,34.3840,-30.7237,36.6826,-38.9409
11.4974,49.3772,45.4297,46.9161,62.0021,-97.9304,101.5009,1.9679,-94.1113,-78.3926,46.2286,84.4788,85.3753,47.8341,-12.3799,23.8739,-45.3212,45.8061,-18.9363
5.4028,73.4671,40.5299,27.1181,22.9227,-97.3365,48.2705,-11.1499,-80.2406,-84.3680,65.9805,75.4620,61.6055,10.8694,-22.9639,-1.7380,-24.2140,19.5370,-15.6486
29.6199,79.7469,46.1581,21.7239,4.5433,-115.0144,2.1439,-21.5227,-99.4924,-78.4220,68.0745,61.2087,23.6159,-0.7047,-50.8124,-22.0449,24.4777,16.6133,-27.7553
55.5856,70.7699,69.7221,53.1193,53.3885,-126.6450,1.9326,-19.5088,-135.4987,-83.8289,57.4438,57.7301,6.0452,5.4077,-73.0959,-41.1865,44.9377,51.9457,-8.5353
78.3280,76.6132,97.0153,77.8829,97.6233,-114.8644,8.2842,-5.9737,-149.2115,-100.8363,53.3144,78.6545,14.3894,8.6444,-90.3400,-81.3204,58.1181,70.9150,31.7207
93.8405,75.8683,96.7278,78.5966,98.5858,-114.4325,-22.7201,3.8659,-149.6981,-94.4975,60.8581,88.6191,-0.4853,12.2862,-122.2215,-117.5432,100.1647,70.4097,45.2362
86.0872,64.2442,87.8025,85.3242,99.5855,-136.9068,-64.6404,14.5856,-140.0906,-45.4973,41.7647,69.0290,-43.1983,19.4166,-140.6021,-98.8500,118.5784,86.2669,31.5854
67.0823,78.3517,95.7352,92.9455,100.3258,-146.5309,-92.4793,13.6981,-114.0975,-12.1378,5.8416,59.5639,-66.0279,20.8099,-125.6397,-51.0829,97.6419,93.7437,8.1354
68.5422,105.1386,95.8301,80.3556,78.5402,-139.8168,-113.7558,-24.0358,-94.5850,-44.9044,6.4079,88.7243,-58.4236,23.8041,-120.5006,-49.4728,107.1955,67.4193,-17.4863
84.1275,108.0620,82.5162,72.9224,68.8020,-137.8171,-105.7689,-47.7481,-87.1116,-78.5632,3.2892,127.8941,-46.0398,47.5919,-129.6992,-68.5506,136.8462,53.4640,-21.0213
76.8676,103.8173,82.6970,89.5647,80.0525,-124.1126,-54.3393,3.9639,-67.1857,-44.7144,-67.1463,143.3681,-42.9769,86.2077,-101.1633,-21.8728,110.0798,79.9176,5.1645
42.3394,106.0491,81.9851,101.4135,71.1152,-86.3054,-10.6946,72.2426,-37.4005,5.8580,-137.5021,135.5402,-48.7470,104.5097,-51.3031,48.2744,50.5341,105.3192,34.1178
13.0801,90.8358,57.8709,91.9149,52.2466,-53.2563,-2.5763,80.2182,-12.9536,16.9353,-132.6629,115.7377,-44.5502,82.6366,-39.4335,33.5897,25.4887,101.3137,54.4433
2.7007,69.4566,31.5464,79.8380,51.9045,-39.4787,8.5942,52.1608,9.1542,7.2917,-108.3968,102.4921,-13.6833,53.3378,-52.7130,-32.6604,26.2224,88.1283,60.9823
-7.6782,78.6815,13.3759,77.4790,40.9722,-32.7699,29.9640,17.4761,20.2083,-19.9792,-116.8319,121.0383,15.0276,56.4028,-55.2040,-51.5685,28.2838,85.3562,37.4503
-26.6326,100.7200,-6.7760,78.3115,9.1287,-34.5078,27.1665,-24.5040,12.7583,-66.1849,-115.5878,153.4166,9.0931,69.8012,-54.9604,-36.2529,29.3465,87.7165,10.5899
-38.7146,95.7548,-16.7891,72.4277,-9.2199,-44.1775,2.0170,-32.7162,6.3053,-79.0888,-78.9950,146.9728,-9.5509,56.5738,-59.5487,-38.8904,19.0719,83.2830,14.6762
-35.7644,76.2213,-10.2820,62.1188,-11.8253,-43.6352,-21.8898,4.0043,-1.6150,-53.8317,-40.1453,100.6709,-13.5553,37.3689,-66.2433,-45.1781,13.0587,77.5468,9.1781
-25.7854,74.4940,3.0485,64.7772,0.4704,-33.7523,-34.4488,21.2443,-32.5368,-49.4235,-27.3550,58.8965,-13.0009,32.3807,-75.7638,-36.2828,34.2724,85.5654,-27.4647
-9.6395,83.0755,31.5974,79.4816,51.3233,-32.2313,-23.9209,13.0469,-57.8766,-43.4562,-47.7947,35.3323,-14.3688,17.6006,-69.7728,-25.1954,53.7319,94.1033,-23.4767
19.3300,73.7838,71.2350,76.4949,105.1955,-34.6628,5.5644,39.8576,-46.2175,32.5469,-82.7931,22.8160,-6.9734,-1.4376,-47.2398,-20.1989,54.1024,77.0064,35.4780
49.8256,42.1873,87.4302,48.3638,100.2840,-34.6581,20.9838,88.2999,-36.4634,139.3111,-85.1651,15.0752,2.8521,1.6817,-46.7902,-24.6692,64.1816,47.5809,60.9317
54.0996,5.7534,67.9508,18.2767,60.6543,-58.8281,2.7860,96.2410,-51.1648,189.0523,-39.3393,-21.0441,-10.2090,-9.9205,-64.2862,-32.1777,73.8366,29.1604,37.7207
25.4088,-17.6079,25.0170,-8.0647,29.3928,-122.4248,-40.8544,56.5040,-42.8085,170.1981,11.2884,-95.0370,-55.1805,-70.2523,-58.5183,-28.2714,59.3465,8.2876,27.1819
-4.6742,-14.4632,-22.0807,-31.6092,-4.1997,-175.9268,-91.9033,-5.5525,-4.2137,118.3494,29.3699,-139.5562,-98.2627,-124.7554,-48.2267,-31.4930,59.0326,-19.8284,19.5343
-6.3330,12.7991,-29.8760,-33.6518,-21.7598,-164.2307,-120.9475,-60.5681,11.2481,71.8003,22.3832,-115.8719,-97.6104,-129.7770,-59.6130,-56.8978,83.5544,-30.8830,-9.1125
4.7384,35.6477,3.4022,-19.5949,1.8223,-121.3163,-114.7533,-73.4851,1.0940,53.7507,18.8356,-83.9783,-70.6191,-123.0081,-58.4495,-69.1467,81.7365,-28.6640,-11.3306
-2.3299,34.1158,0.4856,-24.5459,4.5850,-118.1865,-100.9602,-47.7140,3.2215,34.7789,42.8474,-85.9098,-59.4364,-128.4591,-45.6862,-66.9303,64.2063,-36.7665,17.0686
-18.2350,26.3605,-49.7994,-44.6279,-43.8803,-137.3994,-87.7537,-15.3446,10.2201,-12.1765,84.8935,-84.3380,-43.3279,-121.0303,-60.9464,-95.2632,72.0919,-45.2198,21.1928
-16.6748,26.1583,-57.7288,-40.6477,-51.7651,-113.6422,-42.1797,17.3972,2.3529,-49.1595,101.9211,-57.8521,8.3371,-96.8106,-70.3114,-128.5978,62.9111,-34.7657,22.8235
-1.8140,15.4658,-13.3638,-11.0627,13.2814,-63.3274,24.0838,41.7097,-11.5799,-59.2219,86.2412,-39.4185,54.6329,-78.8071,-38.2026,-121.2513,9.7632,-12.0786,60.6002
15.5926,-1.1199,8.9690,6.8028,48.4446,-49.6884,48.2789,29.9725,-35.2034,-80.8432,84.1219,-46.0438,60.8252,-76.1418,-24.9325,-119.8616,-12.9659,5.0080,69.6639
39.4983,13.5481,8.8616,-4.6291,15.6093,-74.5780,21.0089,-6.5463,-68.0005,-106.4732,105.6139,-49.1874,57.0608,-80.3226,-56.5305,-145.1989,31.9336,-3.3410,12.4825
55.0996,52.1949,20.6449,-24.6971,-1.6975,-102.8468,0.4138,-27.7436,-71.3633,-97.5880,104.9171,-29.5770,66.3579,-75.3160,-65.2004,-126.7183,75.5955,-36.0364,-34.6314
44.5346,62.3891,23.0211,-26.8247,25.0426,-121.1311,13.2087,-28.3057,-44.2706,-79.5998,84.3433,-17.9335,84.1314,-58.5022,-43.7376,-77.6815,67.3371,-49.5917,-48.8178
36.1390,36.9098,14.6219,-13.3657,34.0567,-126.4212,18.8185,-35.8111,-47.0363,-90.8156,98.7470,-38.5411,104.6339,-49.7594,-55.3555,-89.8960,38.1360,-23.8784,-93.2294
56.8867,22.2259,25.9607,-3.5454,11.9947,-122.5595,-10.7794,-71.1775,-89.1507,-116.7747,131.9257,-49.9485,97.2394,-51.3337,-88.3303,-130.6285,36.6302,-1.4229,-146.4662
74.6105,39.5403,39.5559,8.3788,14.4249,-113.6400,-35.6576,-111.3875,-111.6790,-140.1576,104.6611,-21.9883,48.0267,-41.6712,-87.3065,-112.7696,69.3084,3.8441,-131.1658
62.7291,65.9405,34.8428,39.4969,51.7166,-80.6196,-15.7947,-103.2537,-97.4957,-162.6562,20.0384,2.1858,17.3441,-24.4929,-69.0827,-85.7870,97.4561,32.1610,-74.1143
49.9521,85.1924,32.4219,71.8959,65.9371,-27.9912,16.1118,-63.5118,-83.8958,-188.8446,-33.0236,12.5080,40.1528,-16.0657,-77.6621,-126.2718,97.6144,75.8074,-48.5442
55.2764,99.3682,32.5511,77.0470,37.2721,-6.9350,16.6924,-69.7203,-86.3084,-228.1660,-20.1725,52.3139,59.7650,-8.8858,-98.7597,-180.1068,94.2618,83.3677,-46.5929
58.7476,96.5482,23.9544,62.1019,15.2386,-23.2936,4.1197,-101.5406,-89.3923,-255.8062,9.6868,78.8478,40.2165,-7.7848,-89.9705,-171.2621,89.8804,59.5945,-28.7686
52.1081,64.7672,20.5260,46.3633,16.7709,-29.1834,-3.3220,-78.6145,-74.3876,-228.2878,14.7857,25.2005,6.3057,-29.9696,-49.9673,-124.5471,56.1115,43.5367,0.6642
47.4696,35.6383,19.2055,34.7119,8.7406,-27.4035,-23.1235,-43.7532,-37.0328,-181.5573,-5.9789,-28.5969,-24.7616,-45.9384,-19.8879,-92.6121,22.5479,36.2032,14.0731
49.4690,47.1776,14.3128,33.3016,4.1143,-47.9670,-39.4973,-72.3525,-10.9445,-178.6028,-30.7105,8.1676,-30.7013,-19.8299,-22.0629,-73.6010,34.5450,27.0610,-8.4168
53.4228,71.1332,29.2833,42.8309,35.1525,-69.5271,-24.8778,-112.4835,-23.7805,-189.1302,-23.9522,63.8115,7.8580,14.1912,-32.6713,-54.3161,46.2483,23.0553,-51.3076
45.4540,58.1080,44.0374,45.2541,58.2341,-75.7362,-13.6725,-118.8317,-32.4178,-174.6444,19.9348,63.6529,42.6130,8.2373,-32.8870,-58.0548,6.2037,21.5857,-64.9603
17.0737,23.7015,8.7188,28.7353,28.3019,-84.8614,-34.0192,-136.4534,4.4983,-164.4141,52.2172,41.9334,28.7158,-23.8440,-32.1876,-89.8157,-32.4250,10.0618,-44.5146
-5.1637,2.9307,-42.4864,-3.0854,-18.6103,-91.3625,-48.3399,-151.1734,43.7732,-144.8995,42.8986,7.0992,3.9968,-45.7164,-24.5055,-90.5677,-19.4194,-15.0714,-47.9183
2.7796,-12.8341,-55.5650,-43.9018,-60.5121,-98.2017,-40.4478,-112.3487,49.2470,-80.7972,23.9440,-51.8506,-4.7972,-46.7062,1.6824,-31.9085,-1.6469,-47.1475,-87.7545
9.8575,-26.5454,-65.7123,-74.1976,-115.3163,-136.5068,-36.7798,-72.5966,64.5136,-35.5629,13.5057,-70.7084,-20.5533,-32.7612,24.9010,19.5330,-22.1208,-67.7206,-106.2003
-12.7552,-23.6972,-97.3267,-75.5812,-144.4353,-175.0307,-28.4071,-82.6749,108.7269,-49.7074,-9.7109,-31.3015,-32.4064,-17.0505,36.2505,29.4503,-53.6616,-66.9815,-82.6679
-28.9417,-28.5929,-103.8320,-70.6757,-113.7792,-159.6411,-3.2064,-91.6971,125.6722,-47.2925,-23.4254,-19.2729,-21.3025,-12.1387,56.2577,48.2093,-65.2153,-69.9682,-58.5528
-1.8559,-66.4013,-79.7397,-90.3743,-87.6825,-132.7254,3.7859,-78.4058,92.2288,-18.7564,28.1505,-57.1119,-8.9811,-21.0725,70.5222,62.9594,-63.1072,-97.9167,-58.0115
37.5523,-112.2040,-72.1425,-118.4771,-107.6325,-146.0078,-14.8815,-88.4558,61.5910,-41.6592,122.5326,-88.8204,1.2433,-45.1371,54.8636,8.4500,-71.4213,-127.5625,-65.6851
37.5120,-148.0969,-92.5484,-126.3338,-119.0212,-161.2350,-25.0404,-120.6838,72.3419,-83.6363,177.9792,-111.3008,14.9915,-75.4844,39.7811,-60.8306,-101.4401,-132.2710,-65.8372
0.6237,-169.1285,-115.1464,-113.2528,-98.4950,-150.9439,-28.0687,-133.7162,88.9215,-69.2725,174.6473,-132.7788,6.8507,-84.3098,41.2916,-54.9037,-123.2802,-112.5457,-65.0662
-19.7290,-133.0656,-104.7416,-78.6887,-78.1668,-131.5836,-32.6516,-116.3941,51.3390,-55.6791,147.1044,-113.9313,-5.4188,-62.5422,16.8236,-31.2787,-92.0021,-68.0945,-80.2125
3.2514,-42.2647,-50.1416,-27.2012,-52.7112,-88.1180,-10.8062,-82.9457,-31.8073,-103.2778,104.8462,-64.7816,21.4743,-36.4952,-26.5275,-55.4476,-22.8820,-10.5351,-100.2250
24.9131,8.5474,-10.0354,0.4779,-16.3651,-31.2259,30.7954,-59.4764,-79.3400,-142.3246,56.9068,-47.1383,42.5378,-22.5269,-18.9650,-44.9706,17.7581,13.0618,-90.9136
7.6463,-9.2715,-29.7609,-18.8314,-5.5259,-25.4622,43.6886,-62.0320,-55.2072,-113.4173,32.8403,-58.3604,12.6344,-13.7954,32.0770,40.5057,15.1222,-16.1990,-63.1154
-4.2765,-11.0049,-46.5577,-42.0840,-20.3815,-60.8703,33.1984,-73.4127,-19.2084,-56.8606,14.1568,-54.2818,-2.4051,-12.5132,44.7248,79.1654,20.6888,-45.5564,-68.1947
30.0643,24.0524,-13.8105,-32.2949,-25.4472,-72.5862,39.1344,-88.9172,-22.3373,-22.3879,-37.2367,-39.5804,29.0920,-23.1153,6.8041,12.6035,54.1884,-32.3745,-105.8349
66.1671,28.5919,11.3505,-16.5630,-21.7055,-76.9067,45.1689,-124.3311,-48.7220,-19.6858,-67.4653,-37.2928,32.0266,-32.6794,-19.2063,-40.8350,73.3910,-10.3007,-124.3362
59.2338,-1.1862,6.3130,-24.7640,-20.6304,-101.4611,17.3046,-152.4515,-77.0816,-24.6479,-3.7047,-36.5543,-11.0442,-33.3704,-8.8487,0.1042,52.5619,-23.6159,-105.9188
31.0959,-15.0297,11.6513,-40.7858,-19.9248,-97.6483,-24.1733,-139.0844,-95.6003,4.2695,89.7562,-18.9161,-39.4056,-33.0495,3.7319,56.1313,22.6735,-53.3040,-70.7216
10.2802,-10.0793,16.6323,-41.8346,-32.5629,-59.3121,-44.0055,-106.5091,-82.5534,67.0712,95.4292,8.4716,-48.8190,-30.7824,-5.9300,51.7165,17.8943,-54.9530,-35.5206
6.6229,-1.1247,8.9806,-28.7774,-48.2410,-51.2118,-45.1224,-71.6900,-52.2897,118.0698,23.3249,24.1707,-68.1393,-14.5392,-21.6129,37.4339,35.4865,-28.9229,-16.2546
28.9137,15.6371,32.6802,-10.9967,-23.2199,-70.2803,-50.1700,-25.1178,-48.6535,138.4134,-32.8205,24.6046,-86.3950,14.2757,-20.6925,73.1427,58.2326,-9.8067,-15.6053
55.4167,24.5226,74.2245,1.0689,24.2286,-60.3239,-63.9026,5.6430,-63.2842,140.7889,-38.4226,25.7139,-93.0985,35.9298,-9.0174,115.9512,71.8040,-10.8981,-11.1230
52.2896,7.1396,67.2803,-2.6159,26.4932,-31.0261,-68.0553,-3.2102,-53.1933,125.8549,-20.8879,27.1868,-89.0419,36.0877,-3.9311,104.2648,62.6695,-18.5607,-1.5542
34.8340,-21.6703,27.9025,-17.5260,-11.0994,-19.6102,-49.4331,-20.4557,-17.0995,96.9367,-7.7475,15.7869,-64.3746,23.8590,1.4662,60.4158,25.6289,-24.7999,-7.7477
23.2508,-45.5683,7.0439,-27.1594,-33.6988,-12.2923,-18.5292,-23.6929,19.0659,74.7424,-6.1888,5.3110,-34.0178,16.1365,22.8875,38.6161,-29.9378,-29.1198,-8.1543
-5.2012,-63.7987,-10.2176,-26.1477,-35.8839,11.6354,13.7230,-9.4482,40.8434,73.8106,-2.0829,12.8005,-22.4437,14.8742,47.4293,42.5889,-80.3877,-25.3443,32.7522
-45.0013,-73.3103,-36.6973,-24.5421,-34.7964,32.8843,55.0026,37.3504,43.8564,92.8467,12.3539,18.7650,-5.5061,16.5076,53.8620,46.0444,-102.4037,-14.9519,80.7440
-52.5101,-77.2378,-48.0496,-29.1065,-28.5632,25.2076,101.6959,80.4551,45.6313,110.3431,13.1464,7.4618,38.1501,21.7860,51.6728,39.3819,-104.5615,-11.8864,77.4644
-37.9076,-85.1334,-49.7434,-35.6794,-25.3620,-4.8112,120.1971,59.0703,74.2661,105.1074,-15.3223,-10.5656,63.9576,19.6805,62.8537,34.0188,-118.3967,-19.3785,39.9663
-43.3433,-90.3199,-58.8946,-38.5152,-34.5575,-26.4000,90.4642,18.9342,116.3709,100.1745,-50.8806,-33.0733,30.8731,1.1619,82.8205,47.5371,-138.4641,-24.9941,29.8423
-55.2547,-74.4711,-58.8147,-32.9413,-41.2082,-26.9468,44.7263,43.6949,129.2790,116.4957,-76.1185,-44.6043,-27.3562,-7.2761,87.0440,76.0467,-123.9991,-18.9657,60.9835
-45.6500,-27.0111,-37.2392,-14.0563,-36.0185,-20.5603,35.4973,105.8436,96.1161,112.5156,-93.9462,-9.2534,-48.9824,16.5383,67.1938,89.3978,-74.4344,0.7600,97.4221
-36.4783,36.5508,-10.9220,12.0786,-29.4995,-9.8178,68.6220,140.6405,28.7885,69.7118,-92.4192,42.3400,-22.9918,35.1286,37.6750,71.8643,-31.9045,30.2864,109.9870
-49.8858,67.1407,-0.3126,27.8561,-25.9633,12.3310,95.7953,144.1805,-36.3489,42.8484,-57.7798,37.7990,9.3661,12.8243,12.4911,37.8684,-19.8477,55.7190,97.8091
-62.8131,44.0169,-5.8693,27.9403,-23.3975,29.1119,91.2676,118.2652,-52.5642,44.9792,-15.2262,11.7363,24.5869,-9.5193,-0.6542,7.6989,-37.6891,61.4511,74.0603
-47.8711,22.6196,-2.2440,22.0849,-25.0954,27.0472,86.3623,65.8055,-29.3352,31.6502,-3.2370,48.7065,40.0621,10.2479,4.6598,-2.5732,-65.3577,44.5438,54.6667
-15.1387,34.3357,17.3298,9.8712,-32.6174,24.6006,98.1279,34.4609,-23.1553,17.0630,-17.1444,95.7503,52.3970,31.1028,20.6525,6.6383,-60.7614,16.1321,52.1500
3.1956,23.6175,13.0850,-10.6211,-40.6005,32.0497,101.2963,55.5730,-35.4242,35.2103,-19.0254,59.0984,37.4174,15.0567,25.7226,7.6406,-22.7437,-3.2984,68.1259
0.6469,-20.2186,-17.0570,-19.1259,-34.9048,38.9913,96.3275,102.3672,-25.8074,47.8520,-1.5047,10.4706,22.7888,9.0307,16.1282,-11.1685,-4.6728,-1.1415,95.7748
4.0787,-24.0789,-14.1272,-8.7811,-12.0919,44.0642,109.1863,139.4200,-5.6604,37.1850,3.0929,50.5453,46.2575,44.0502,11.8770,-17.7199,-13.9369,3.5198,122.8057
16.8253,7.0359,12.8790,-13.2866,-7.3365,40.1019,118.7555,146.5316,1.2685,60.3125,-16.8402,95.0597,62.1680,63.1130,23.2586,9.7106,-8.7439,-15.2890,126.2831
9.5465,-7.1965,-3.5976,-41.7886,-43.3441,15.8493,91.3945,132.5994,19.7220,126.7485,-47.9631,30.5920,17.0667,33.5857,43.3010,54.4709,-1.2869,-36.2960,94.1677
-10.2604,-45.6452,-33.3047,-46.3261,-66.5377,1.6557,60.4755,138.5334,48.6741,167.6747,-95.1478,-75.1944,-38.5200,3.8121,61.6696,88.3388,-20.4133,-16.7083,55.1831
-4.8374,-33.1013,-6.0327,-11.2874,-28.8832,28.1782,66.6305,157.6455,39.2324,144.0738,-134.0913,-109.5355,-28.8551,-3.6589,61.9022,77.7479,-31.4522,26.0613,38.2204
13.1279,-7.0284,30.7425,7.5787,12.4740,54.4489,79.7577,125.5241,-5.6074,82.7497,-88.7990,-87.9363,27.1649,-15.6871,38.4732,21.9156,-22.1044,32.4965,19.3577
4.4933,-30.3462,7.9462,-13.6462,-10.6218,39.9863,62.5926,45.9028,-34.2577,29.6800,25.1724,-61.5521,54.7758,-19.7454,14.1864,-13.2375,-34.0279,3.7713,-24.0951
-13.9829,-53.2216,-25.6524,-19.9803,-49.3501,30.9392,34.4741,-3.6971,-41.6958,4.7279,71.6444,-21.7808,32.4068,12.3159,0.5163,0.6518,-45.4917,1.7570,-53.1727
-1.3026,-23.6842,-5.1190,18.0469,-21.7581,70.0872,22.1492,-3.6330,-50.8165,-11.3606,14.9760,32.0984,10.4104,49.3588,-19.2103,-5.5017,-4.9528,37.5742,-32.9558
32.9458,7.1107,38.1553,45.3151,40.0595,104.0958,17.9510,5.9273,-43.6447,-21.3113,-30.4443,62.4209,22.0818,52.9187,-34.2145,-47.4724,39.7101,47.2706,6.6967
46.1480,-8.0791,44.1412,14.1507,43.8240,78.0474,12.8491,18.1929,1.6882,16.1499,-23.0500,47.2525,29.8139,36.0598,-7.8703,-35.6897,24.0475,-0.4266,28.1435
18.9168,-34.5233,6.1856,-39.3774,-7.4214,32.6836,18.7801,51.2928,55.2459,93.0305,-26.4979,4.1442,8.1817,22.6174,43.8412,44.5576,-10.6083,-52.6811,35.6498
-27.0462,-29.4617,-36.0037,-59.0469,-34.9969,19.4321,40.3922,91.2404,72.5051,132.6395,-39.6631,-20.1866,-1.4769,16.6479,64.2240,97.2486,-9.2610,-62.3305,46.8131
-50.3542,1.1167,-45.7189,-54.1207,-35.0798,11.2778,53.2791,95.9924,48.5694,116.7744,-15.0112,1.4785,12.9307,7.7122,45.7846,83.6578,8.6474,-56.8198,61.3153
-36.1438,20.4763,-33.9840,-67.8204,-64.6709,-19.4413,36.9197,55.4828,16.5392,98.9095,28.7623,20.8980,6.9322,-19.1447,30.3576,53.5788,16.4429,-76.6495,63.2013
-11.7087,-1.3849,-35.4445,-100.2421,-99.6731,-44.2041,23.4023,35.8822,18.8183,104.2686,47.0693,-13.1263,-9.7339,-42.6643,46.1859,55.0753,10.7767,-111.1034,52.0358
-3.8565,-40.5432,-49.8188,-121.2056,-83.1466,-73.3056,56.6101,93.5801,68.6625,135.1116,26.1711,-50.8518,7.4288,-23.1819,85.7079,103.8788,-14.6067,-133.3592,58.6025
-12.2237,-37.7068,-58.1592,-125.9348,-60.9358,-153.8630,100.0358,158.8821,124.5145,186.8230,-17.9684,-33.3073,28.0073,8.4699,111.3770,161.0562,-42.3291,-141.3112,85.5211
-28.5586,-2.4864,-63.1371,-127.4433,-84.4114,-221.9687,85.4178,139.5899,134.9943,209.9304,-28.1967,-5.1460,15.5561,-2.7986,96.7297,163.6300,-43.1297,-142.8810,82.0839
-43.9362,-10.2046,-68.9832,-128.7149,-94.6572,-170.0536,40.0012,79.2507,111.9072,180.3958,28.0147,-14.0470,11.8897,-22.5280,75.8940,133.0280,-34.8825,-146.4766,42.0069
-43.9222,-57.3797,-63.2784,-125.2617,-55.4138,-65.4833,30.8522,54.2640,97.7974,149.6407,83.0340,-27.0522,37.1992,-7.7302,83.6052,127.3682,-44.5291,-152.4858,19.3735
-23.7985,-52.1209,-34.9427,-98.7552,-18.3531,-43.2826,30.9332,37.9983,75.6604,118.4563,76.5202,-15.1084,48.1326,3.1757,72.4761,108.3620,-39.5521,-129.3794,8.6702
6.6910,21.3151,14.4865,-32.1482,17.8070,-54.2039,-8.3412,-2.4712,11.6736,28.9422,45.1031,17.8128,37.6969,3.5330,5.6805,39.5526,16.7275,-58.2803,-29.5646
39.9982,77.3395,65.2219,37.6759,88.1457,8.4444,-36.8921,-36.0249,-51.1307,-74.6502,15.3589,72.5154,35.7312,39.1954,-44.1115,-3.8325,89.2596,4.1640,-49.8224
72.7333,80.0653,91.4565,55.9755,137.7056,88.6962,-5.5788,-53.0385,-66.6516,-107.6085,-26.3608,121.1470,41.3826,77.3812,-25.8036,5.0736,125.0334,5.5734,-12.2730
96.9415,73.4974,98.1121,43.6354,128.6846,108.4623,29.6441,-72.1907,-73.6140,-111.5111,-42.5156,128.6708,50.9817,69.3599,-8.7015,-11.3718,128.7714,-10.9375,10.6632
103.3238,76.8048,105.4919,47.8930,123.5702,109.3358,16.1324,-87.9184,-93.3963,-142.7051,-6.6571,128.7446,71.6133,68.1416,-30.6449,-41.1566,127.2897,-4.7727,-28.6888
90.5712,72.8213,103.4793,46.6466,130.9434,114.9470,-14.9765,-101.6222,-72.7318,-151.3663,16.6726,149.6656,77.7353,98.6197,-26.6586,-4.5115,113.3048,-15.9161,-68.1315
67.2405,58.2887,79.7173,16.3892,92.9921,90.9512,-30.0808,-121.1755,-13.6557,-110.7994,-3.7085,140.3561,48.4718,89.1938,16.9281,50.7324,71.6789,-51.6232,-64.6407
41.2347,28.1836,50.0567,-5.4599,39.0983,63.4293,-30.9456,-120.1166,11.6720,-64.9332,-3.8121,88.2050,17.2693,39.4111,34.6178,41.4042,19.8743,-56.4248,-40.6621
15.8217,-20.9547,22.7809,-8.2027,23.1475,72.0308,-16.3394,-85.6104,2.7431,-25.7473,38.9073,62.0252,15.6326,29.3836,22.5123,16.3337,-15.3317,-38.8644,-13.0544
1.0992,-49.1417,0.0184,-19.7156,11.2776,82.7920,7.7749,-47.9934,5.1034,-1.0972,66.7552,75.3028,28.9611,55.6622,25.0880,31.0704,-28.9271,-44.1727,3.4023
4.2824,-23.8913,0.7728,-19.1394,-7.8341,72.2347,24.2047,-21.6018,-4.5490,-26.9525,54.2637,75.6013,39.0817,60.4143,27.0211,36.2850,-23.8051,-37.7998,-5.8081
9.5766,13.2218,20.6226,14.6635,14.5969,68.9321,41.2023,-3.9414,-50.6486,-68.6208,36.8714,55.8608,54.3973,46.0689,1.3838,4.0441,-3.0905,8.6203,-21.9523
6.7381,20.7657,31.2237,33.6733,57.3197,78.2619,63.8072,-8.7151,-89.0170,-62.6994,43.7593,39.8347,82.4958,32.8870,-23.0229,-22.2268,21.9923,31.7004,-36.0340
15.6050,24.2131,38.5270,14.9717,59.8183,84.7045,57.7543,-26.6883,-92.5162,-48.7242,60.1886,24.8523,98.2387,15.9131,-22.1383,-25.2397,42.7309,3.4344,-58.1081
37.9652,37.4850,52.4144,2.1988,39.8248,90.6204,19.7348,-22.4111,-76.3889,-71.4915,47.7835,11.2840,70.2661,6.4354,-6.3523,-15.0998,54.1386,-18.3436,-56.1416
41.5128,29.0743,46.8964,10.1665,40.7250,95.2115,6.1692,5.7012,-43.4900,-71.6324,-0.1263,11.8756,25.8556,21.3587,13.0229,9.0896,50.0992,-9.3242,-11.5609
25.8659,7.8057,31.9353,24.3214,62.9971,100.4921,28.7784,32.5026,-13.5780,-21.9389,-42.8163,23.2867,23.6926,44.7467,13.3223,17.0993,41.2824,12.2723,17.1276
23.5998,17.1574,50.9355,51.2606,88.0643,117.7964,25.0044,42.3421,-24.7465,3.8893,-47.0977,34.8771,47.0303,46.0168,-24.9906,-30.0357,47.1787,45.7069,5.1786
32.2242,38.7967,74.8066,69.0712,83.2727,128.4550,-27.3454,25.0121,-52.5424,-26.1735,-15.2765,35.6235,30.8893,16.3331,-64.3755,-93.6888,59.2257,64.3842,4.6472
30.0531,22.9271,50.5913,40.7848,37.0953,114.4030,-69.9058,-6.7115,-50.5503,-60.4925,33.5959,13.2297,-10.9552,-17.2259,-58.8100,-105.5654,58.0084,33.3821,20.2230
24.4392,-13.4771,15.1482,4.6940,4.9116,106.6363,-64.8466,-18.7861,-40.2261,-66.7029,62.5779,-20.5975,-21.3114,-24.1293,-32.0809,-76.9370,50.1204,-1.8794,11.9766
22.2060,-22.2302,15.3162,10.6674,18.1213,116.0442,-45.8431,-14.3097,-36.8495,-57.5405,37.3685,-35.9180,-13.5184,-13.4727,-18.5789,-53.2461,40.6137,8.3656,-6.4305
15.0815,-5.5710,18.6624,25.5643,24.5305,104.6269,-46.6106,-21.2594,0.4993,-55.0737,-24.3125,-21.0144,-21.0494,3.1588,-2.4215,-24.7298,22.5619,22.1236,-17.5051
13.5395,9.9362,4.5040,21.4941,5.3931,80.7554,-56.3287,-33.9495,55.0928,-76.5961,-72.3518,14.7972,-24.6360,42.1962,16.1965,15.1591,15.3793,11.3065,-45.7632
24.1018,17.2336,5.4080,29.8759,0.9150,90.1940,-62.0904,-43.9330,52.7300,-105.2424,-81.8798,47.6626,-17.9456,81.2383,6.5032,22.6419,29.1288,19.2722,-79.1745
21.1037,10.3235,16.4402,44.6083,1.9347,110.0437,-67.4923,-62.0824,15.7342,-96.6535,-64.6493,49.6888,-30.6771,72.3311,-8.6650,4.8636,21.1036,41.6392,-75.5325
-2.8685,-15.1725,0.6824,24.6944,-13.8405,89.0104,-58.9907,-68.1744,35.3666,-51.9555,-55.6122,20.6992,-50.1866,40.8897,23.3057,32.3842,-25.4269,23.1978,-45.6193
-22.0793,-34.4293,-30.1967,-11.9951,-16.2468,45.3934,-19.3487,-41.7538,91.8291,-24.8036,-67.0809,-18.4129,-33.2422,26.5547,76.9296,87.2340,-57.9651,-20.2086,-28.5861
-36.1075,-18.7990,-46.9860,-25.9252,-12.0397,18.7468,26.0683,-23.6314,89.3979,-36.8887,-56.6126,-49.6674,10.8838,-1.7002,82.1938,77.2257,-50.5835,-32.5423,-33.5921
-63.3243,17.8906,-56.8489,-25.7905,-40.7222,1.1494,42.9930,-41.5011,51.2383,-43.7251,-20.3641,-41.8580,39.1214,-39.9793,48.5871,25.6169,-43.5313,-22.6471,-44.0870
-86.9629,36.7437,-65.9855,-28.5741,-63.2903,-19.3628,39.6367,-54.1422,83.9802,-4.8283,-33.2262,16.3550,42.7086,-26.8745,42.3572,28.5724,-60.3554,-29.2230,-34.0741
-81.5133,24.5559,-59.0730,-31.3889,-37.9514,-23.4520,29.6727,-38.6579,164.9370,49.9425,-85.5989,61.2265,37.9081,11.2441,66.9692,63.1474,-79.2018,-50.3446,-0.9671
-61.8477,0.2015,-39.5988,-35.4744,-16.9935,-5.3474,11.1126,-21.6762,172.4339,64.9219,-72.4774,42.1595,27.6202,6.5322,77.2584,63.8367,-87.0291,-62.3043,20.4024
-52.3848,-20.8701,-33.5886,-35.4804,-27.8641,3.6951,3.0548,-10.6716,117.2704,41.8492,-21.2946,7.1288,7.6868,-5.4471,73.1239,63.2586,-93.4861,-51.6466,19.6601
-47.2345,-43.0476,-48.8761,-20.3125,-29.1648,-10.7204,14.0190,4.2547,112.5188,17.0184,-41.8498,-2.3262,-12.0766,19.3219,73.2865,73.5083,-101.7770,-21.5678,19.3150
-39.0431,-63.8095,-65.7700,-6.0749,-33.3012,-11.5511,3.9258,17.0429,138.6178,-3.8413,-70.1601,-12.1941,-18.7214,37.1738,55.9063,40.4734,-100.5797,5.3895,8.3787
-43.8629,-63.1754,-64.5220,-10.1179,-68.4393,23.6483,-38.8908,31.3753,96.8606,-17.3578,0.0754,-25.6808,-20.0678,27.2063,18.3681,3.5177,-86.0696,11.2935,-22.3045
-60.3878,-41.9379,-44.2548,-11.3178,-78.3660,52.2120,-67.8097,54.5616,25.8724,-3.2979,72.9539,-28.0880,-32.6842,19.1810,2.5114,31.3256,-71.5551,11.5603,-31.7611
-50.8113,-25.1691,-17.4671,10.4213,-35.5018,45.3247,-75.9302,63.7580,8.5865,13.0582,43.1792,-39.2996,-52.7777,12.5826,-1.0450,45.2558,-49.8701,30.4812,-16.8791
-6.1423,-9.2655,6.2778,36.6670,-7.7199,39.3538,-98.2067,43.6855,1.8184,-10.0175,-11.8650,-49.0167,-66.7747,4.9032,-37.1262,-17.1419,7.0088,58.4002,-27.2647
24.1162,28.4938,23.1925,46.8178,-17.2730,46.7579,-123.1399,16.7976,-37.1009,-43.0631,-24.3089,-27.1153,-76.6218,8.3593,-75.9145,-55.1225,76.1204,68.0798,-54.0457
17.0705,66.1241,29.3641,49.8373,-14.5168,33.2021,-133.5626,-3.5166,-56.4622,-53.2716,-27.9096,-12.9115,-87.3748,-0.0150,-80.7592,-38.6305,104.3220,64.6942,-58.8860
17.9365,70.1002,32.1480,61.1230,3.9580,13.3562,-158.0190,-26.0876,-55.4511,-75.4839,-18.9723,-31.5254,-92.1664,-25.2456,-99.7154,-74.4877,110.7368,74.7869,-64.5797
49.8019,67.5100,51.5120,74.6564,11.2973,25.0465,-192.9329,-43.4570,-87.4312,-111.2084,14.6765,-24.3961,-91.6661,-24.8524,-143.7051,-138.6325,141.0442,88.7421,-82.2876
72.9472,87.6775,85.1490,73.3253,20.1235,35.1928,-197.1318,-40.3608,-116.6087,-101.1825,20.4451,7.4603,-97.4834,-10.2677,-139.3554,-113.0979,160.4423,75.2667,-71.6728
64.4356,92.9844,99.6131,58.7374,37.3375,12.2153,-175.3075,-22.4035,-88.4696,-46.8275,-9.2018,-9.7764,-102.6881,-28.5725,-89.0105,-49.6824,127.6947,48.8444,-38.6205
45.4795,57.9808,80.0481,49.6032,41.8683,2.3612,-145.1141,-1.8554,-43.8386,-5.6597,-25.8150,-51.2829,-86.3496,-49.3198,-65.8187,-52.8758,80.0996,46.8676,-22.1930
25.7530,24.8308,49.1976,48.2698,30.9382,27.0287,-90.2063,18.0194,-19.9862,11.3956,-38.1899,-41.4333,-53.0121,-29.4905,-57.3264,-66.5141,45.7176,58.4238,-8.9037
-3.6857,19.0237,18.6563,38.6270,11.7309,34.1450,-27.1176,35.3217,5.9704,20.7133,-60.5198,-8.9114,-29.5730,-4.0011,-23.1847,-29.4047,9.3425,52.4005,17.5584
-37.0473,17.4224,-19.8601,20.0349,-13.7937,8.4399,-0.3930,47.7236,30.8138,19.1100,-53.5615,-3.5012,-23.2151,-1.8589,-1.5551,1.2886,-12.1455,36.0352,33.2588
-56.2941,17.4018,-45.4845,13.2157,-26.1696,-0.3253,0.6409,54.6878,27.4613,9.9514,-29.2862,2.5365,-21.8268,3.7021,-10.7435,4.7060,-0.9603,32.5465,33.7967
-53.6871,33.1375,-28.5400,31.6482,-14.3805,31.9292,4.6722,57.0757,1.4386,3.4101,-43.4023,27.4860,-25.2083,25.7847,-13.9682,20.1959,10.2020,51.5206,31.2745
-48.0066,45.8298,2.9014,60.2491,-4.4731,75.3951,4.6005,59.2688,-27.2702,8.1691,-68.5343,44.6266,-30.2268,43.9728,-17.8503,28.1541,0.3982,86.2490,18.7550
-66.6294,35.2730,-2.2289,63.7452,-17.8124,89.1715,-0.7205,59.5114,-33.9623,37.0540,-45.5872,44.9591,-21.3352,38.7185,-36.5772,5.7669,-18.0458,99.4275,6.5651
-90.4161,8.9472,-34.7140,29.5410,-45.0549,61.3285,-13.1955,49.4994,4.1782,70.0144,-1.2895,34.2482,-17.5192,16.5130,-31.1427,-0.1269,-41.1594,60.9129,15.2790
-74.3862,-29.0907,-50.8429,-8.1648,-65.3296,25.1582,-42.8302,45.0768,62.3903,77.4630,5.0495,15.4978,-48.3104,17.8152,6.6859,37.3378,-62.2834,9.7306,29.1994
-42.8806,-70.1725,-48.4612,-17.1666,-56.6605,17.6463,-39.3362,77.6838,97.0424,93.5717,-30.9536,1.1250,-67.4993,55.6165,39.6586,85.0914,-75.8342,-1.1790,35.6108
-54.3808,-83.2995,-49.7670,-6.5923,-20.8705,33.2210,39.0085,130.8375,104.7357,137.9029,-74.2713,-9.8716,-22.3700,76.2903,61.7801,112.4443,-97.7889,18.4819,45.9804
-80.6831,-65.8333,-48.7433,13.1280,6.4856,55.3830,101.7493,147.1947,86.7913,138.1399,-95.4332,-29.8317,25.4063,58.5628,66.6629,101.9341,-113.9511,48.4791,42.4946
-64.4512,-54.6756,-30.9733,45.9182,16.6263,81.8275,72.4682,115.7538,42.0747,72.7466,-91.1427,-47.4876,14.4686,47.2515,32.1508,50.1489,-93.2867,91.1250,7.2688
-42.7900,-56.9060,-9.2594,68.5997,35.9029,91.5596,37.6399,80.4032,8.1813,30.9783,-63.6020,-54.7442,11.0117,36.0309,-4.2834,-5.6027,-79.4860,115.3827,-18.4865
-65.8618,-48.6043,-3.0034,54.7064,50.9385,64.4108,57.9281,63.1657,3.1577,43.0823,-2.4878,-64.5676,53.4019,-15.7530,0.3819,-29.3760,-115.4811,90.5208,-1.8312
-88.7596,-38.0923,-8.5713,29.2935,34.0253,26.1587,54.7431,50.1526,-3.2650,54.8599,59.8975,-69.2621,58.1854,-61.3077,7.8831,-30.4149,-137.6602,55.8912,24.1272
-65.2599,-43.0338,-12.4818,23.7376,13.3036,1.3774,7.3671,33.9385,-5.7302,54.3276,53.8326,-54.6838,4.8945,-44.5638,-7.6323,-23.2258,-99.8355,49.1509,25.0460
-29.8880,-39.1494,-13.1127,20.9974,7.6744,-24.9111,-13.1134,15.3276,14.5842,46.7214,-0.1748,-40.1890,-23.2837,-15.9686,-10.8987,-10.7084,-55.6470,42.1721,6.2111
-15.6639,-12.0066,-12.7411,2.8259,-14.8677,-50.3383,-15.4243,-3.5041,23.0905,22.2782,-12.2497,-42.3493,-15.8132,-27.3110,-3.7835,-9.1887,-34.9968,16.6186,-18.1167
-7.8652,-1.4428,-10.4448,-13.8415,-45.4383,-47.3614,-43.1534,-7.5671,17.2101,18.5974,10.4971,-50.4978,-20.1773,-42.6729,-14.1994,-25.6960,-17.7242,-1.8516,-35.0397
0.8461,-28.1270,-10.9217,-18.0915,-39.0771,-26.9880,-62.2170,8.6159,42.9536,55.2395,5.6300,-56.3207,-23.2542,-31.1437,-21.4782,-36.9446,-12.3532,-6.8099,-34.0014
-0.8602,-48.4419,-17.1061,-22.5906,-16.9128,-24.6895,-55.7897,21.2901,76.8604,78.4646,-4.8743,-54.7985,-15.4839,-17.9029,-9.0261,-23.3822,-19.9570,-17.8788,-20.0586
-13.4232,-35.5642,-23.6763,-34.8020,-23.0835,-43.8435,-62.9472,12.1279,79.5935,80.6534,5.4712,-46.8923,-29.5829,-24.4019,4.6212,8.9112,-16.9839,-38.3202,-7.8740
-30.2976,-25.4488,-35.2723,-46.1661,-38.6714,-69.3327,-72.2570,-10.3219,88.3375,93.2303,-3.7971,-56.3004,-52.4854,-40.6505,20.4917,41.8461,-20.3387,-51.8083,-10.6717
-45.6217,-40.4266,-57.1718,-42.1762,-37.8359,-86.8440,-51.1490,-29.6525,99.6965,77.3890,-27.6237,-85.6374,-56.4336,-46.2003,39.4429,60.9948,-44.6275,-38.8641,-26.8820
-54.1644,-53.5870,-64.0127,-19.3970,-29.7657,-70.0710,-32.6037,-26.0510,59.6758,34.4612,-18.5669,-99.6275,-66.5620,-37.0740,39.5413,68.2141,-58.8880,-1.2931,-27.0682
-59.3700,-53.7473,-36.7235,3.7488,-14.3555,-12.4873,-43.4436,9.1361,11.9309,55.7441,1.4826,-93.9538,-87.2947,-32.9071,29.1593,71.9987,-61.7542,28.1558,5.6902
-61.6941,-56.0641,-9.8687,13.6265,9.2476,44.4601,-52.4369,39.9802,16.0557,112.2977,-8.3610,-91.3137,-87.8975,-37.7928,28.2516,64.0708,-65.4741,34.3137,38.2013
-50.6836,-52.8052,-12.3333,22.4936,23.4639,69.8647,-44.4124,23.0517,27.8562,81.7581,-37.8927,-80.7818,-79.2816,-29.7858,25.5654,40.4922,-44.2701,39.6169,39.6207
-34.1022,-39.0354,-19.5972,33.5989,25.8680,78.4979,-38.3042,-23.7644,30.0866,1.7247,-66.0168,-56.3312,-74.7476,-11.5480,24.6566,24.6905,-21.3179,46.2756,19.0689
-31.7031,-44.4131,-15.9332,28.6064,23.8606,75.6367,-37.0159,-47.3007,49.4351,-14.5308,-55.2759,-43.9914,-48.8787,-2.0251,34.2080,26.4666,-50.4012,34.5941,-11.6162
-27.2485,-67.6967,-10.0541,12.9509,18.7217,50.4456,-22.1879,-27.4374,28.0906,12.0472,19.1360,-35.0201,-5.1127,10.7298,19.7955,20.4638,-76.9477,20.0276,-36.4853
5.7085,-61.7085,11.3793,11.6702,28.1784,29.1624,19.3749,10.0937,-50.8306,26.2965,73.8660,-3.1498,32.8482,31.6033,-20.2354,-7.0714,-34.7593,23.0166,-29.6990
42.2148,-29.8789,42.9209,16.8684,52.5579,34.2839,71.3557,17.4409,-71.6396,33.6580,30.9090,20.7230,70.9517,32.5231,-24.4287,-33.7376,3.9993,21.3638,-14.6355
47.2818,-25.4032,39.5257,9.3880,49.0325,27.6112,97.3248,-18.2933,-19.4585,19.9336,-30.1780,6.2423,92.7138,17.9418,9.7492,-34.6132,-22.3754,8.3109,-34.7018
40.4049,-44.7618,13.4856,10.5217,22.8927,-0.4071,94.5404,-34.7971,-11.5508,-13.9356,-38.4687,-13.0623,69.3806,23.5099,19.1647,-20.5076,-47.3296,22.1983,-54.6678
48.1310,-43.7199,24.7550,39.3276,35.4742,16.0980,90.2425,13.1910,-45.6228,-10.8451,-53.9693,-15.7166,42.0995,37.8530,-3.6930,-30.7365,-27.7335,65.9903,-27.0891
52.4694,-29.6285,52.1174,60.4058,72.9248,72.5091,77.7419,62.4175,-37.2241,22.7610,-81.7948,-27.7846,49.8216,23.8212,-23.0258,-73.3260,-2.7170,85.8917,5.6815
38.4519,-31.7317,36.3602,44.4382,71.3197,68.9799,41.6437,52.2252,-7.8371,21.3650,-52.0512,-50.6979,51.3374,-6.6640,-32.7276,-100.5238,8.3438,61.8258,3.8961
22.0185,-33.9327,7.1360,26.8207,51.8339,13.0224,12.3540,26.8069,-9.1238,-8.7549,-0.3642,-53.7406,30.2323,-15.3134,-37.7094,-83.8721,12.7971,40.5865,-5.2128
10.9711,-11.5832,14.5392,41.3725,63.3476,21.9453,7.0083,20.5563,-34.2983,-30.1041,6.7123,-32.1144,27.2919,1.6005,-41.0845,-55.9554,21.1007,53.0346,-19.0834
5.3179,20.3590,33.3029,57.3553,78.4179,89.8992,0.0356,-4.6551,-66.0594,-50.8891,-2.9338,-5.9343,33.6664,19.4029,-43.7053,-35.3376,51.7119,62.2709,-49.5846
15.2848,37.4299,32.7225,43.3298,64.6307,106.9151,-9.5468,-43.3927,-75.2375,-69.4851,-13.2566,18.1381,12.9507,27.9741,-29.2235,-5.0966,87.0217,35.8207,-52.2544
29.1640,46.5896,27.0963,27.4451,42.5465,76.4525,-13.4810,-45.2228,-57.8887,-67.9825,-32.3917,49.5206,-15.3084,38.2492,-15.5636,15.2544,101.0328,11.4157,-16.0766
20.1793,75.7669,29.0208,37.9989,30.7400,68.7651,-36.6009,-32.7608,-75.8434,-56.0757,-19.2900,88.8043,-25.4150,44.3651,-54.2129,-9.3178,130.3496,24.8435,-2.9686
6.3672,128.0637,39.3304,52.4480,30.7103,60.6611,-73.3972,-60.1340,-116.2526,-45.8433,4.1594,120.0533,-28.2734,23.3921,-112.5723,-55.3002,187.0129,38.2195,-16.2172
23.9751,165.1674,58.6954,49.8947,40.4904,18.7921,-83.8534,-102.5840,-89.1447,-48.2170,-32.4898,133.2465,-26.5733,-8.8828,-112.7559,-83.4061,202.1487,19.3457,-6.8829
52.6409,159.7057,74.1278,45.7430,43.5718,-6.4932,-76.6312,-104.8391,-47.7482,-77.5413,-52.5004,132.1091,-11.4997,-15.9652,-91.5244,-104.9815,166.5266,6.0451,5.7894
49.6189,134.2261,74.2988,48.1996,39.2849,11.2857,-75.8429,-71.1181,-92.8207,-96.9375,32.7803,113.2030,13.4525,-20.2165,-118.8556,-144.1302,149.1254,20.4591,-1.3129
22.2072,120.7052,64.0243,43.7737,47.1754,28.1115,-63.4752,-44.5510,-133.4482,-58.8611,100.9573,80.0354,36.4846,-58.2421,-148.5776,-186.2351,155.9852,26.3009,15.4786
7.1935,123.2771,47.5853,32.0645,47.5642,22.6617,-45.5376,-49.4932,-89.1244,-8.4971,51.3560,65.7109,34.9596,-89.0996,-135.3041,-197.9946,161.3956,12.3530,49.3090
23.2993,125.5727,35.0312,24.0446,14.3313,13.1027,-52.8976,-74.4655,-72.1559,-13.3310,-1.4952,79.7222,4.0861,-65.9630,-124.9958,-173.6154,182.0187,6.7512,30.7699
57.4395,101.5110,33.3256,16.8338,-16.9702,8.4072,-62.1486,-95.5949,-121.6028,-53.1150,22.7862,80.4543,-15.8587,-23.4187,-129.0316,-141.5963,198.8513,8.7344,-28.5957
68.1090,51.6368,17.4381,4.4877,-18.2565,12.1137,-50.4796,-103.3618,-127.6213,-80.8036,56.9114,58.1591,-8.4813,0.3916,-111.5816,-116.6608,176.7212,-0.4110,-58.6359
37.8530,24.7435,-17.3070,-5.0379,-18.9736,29.3989,-44.4797,-86.6950,-89.3713,-82.6004,62.1242,56.2938,-9.8521,21.2228,-86.5733,-77.9813,153.5688,-10.7772,-47.3835
14.3055,37.8197,-22.9371,-2.9903,-25.6175,52.6304,-32.5123,-31.9383,-80.8905,-54.8497,40.8516,76.9647,-22.4451,46.7634,-67.6882,-25.2833,148.6903,-6.5447,-14.5876
29.4751,34.9149,3.6167,3.9609,-17.2575,66.0261,13.2991,28.2453,-75.8396,-18.2900,-10.5838,73.2368,-18.6290,61.8965,-31.4708,11.4967,114.2061,5.1607,20.9953
37.1907,-2.8160,3.1946,1.5600,-16.6557,56.2979,40.3471,40.1823,-55.3262,-6.8108,-32.9629,37.6262,-17.3890,62.8486,1.9121,32.7075,60.9007,10.6498,19.6093
10.4101,-25.5007,-24.8647,-8.1949,-39.9635,30.9982,13.7740,16.5577,-58.4138,-15.0233,9.6941,3.6227,-37.4706,47.8992,1.2813,48.6071,36.8714,9.6017,-11.8416
-3.1062,-29.3338,-28.2964,-3.8307,-43.2179,27.6425,1.9123,7.6810,-59.4204,-31.3118,25.5257,-13.5515,-48.7745,28.2764,5.0932,43.8486,12.8147,16.7854,-6.6183
17.0247,-46.1955,-7.4015,21.2583,-8.3865,62.0099,31.7125,17.3905,-32.4839,-66.5864,-27.6826,-18.9839,-40.7975,36.6706,36.6801,34.1702,-30.6693,40.5716,24.8058
28.9590,-52.9974,10.2899,42.3990,22.4199,97.2284,38.5310,26.0128,-30.7462,-97.4993,-51.0181,-24.2401,-32.0540,58.9929,50.0531,47.1918,-44.6077,60.9780,11.5059
12.2401,-39.7224,19.9231,39.2345,30.4536,106.4290,20.0475,29.5695,-50.8951,-82.7148,-10.3464,-44.9486,-18.6630,36.5666,38.9468,47.9411,-40.0229,55.2431,-11.5909
-19.8250,-53.6924,2.8776,18.1329,30.2812,101.0973,38.1238,24.8104,-18.3272,-32.5514,5.5602,-74.0854,-3.7273,-17.8501,55.7214,27.3271,-72.8461,30.2780,29.3870
-56.1125,-85.1876,-46.3281,-9.8733,13.9246,83.6074,80.1151,26.0126,57.8329,23.4868,-37.1000,-86.3524,-5.2053,-31.4384,100.8488,54.5737,-111.5969,2.4071,76.3586
-76.9248,-79.4931,-81.1884,-40.7697,-29.1268,48.2510,84.8645,55.4024,100.3431,70.5068,-68.1281,-90.7825,-10.1855,-9.9412,120.7275,118.6205,-103.8460,-24.5308,48.4928
-73.6776,-65.3700,-86.3578,-72.7758,-73.4552,5.5032,50.0005,75.9846,89.2501,85.0781,-23.0642,-124.4933,-10.0648,-28.1452,105.4735,126.0519,-81.0339,-53.9918,0.0818
-75.3147,-89.3964,-104.0338,-110.9729,-97.2966,-43.7510,18.0796,36.6017,71.8976,72.6873,69.0159,-182.1177,-24.1443,-96.6525,100.6126,94.6610,-84.0115,-97.1122,2.3335
-91.8037,-108.3488,-138.8646,-154.1739,-119.9218,-102.6729,13.5824,-25.0262,103.0269,79.2822,101.0826,-212.9668,-40.0353,-153.0374,127.7440,98.2116,-99.9108,-152.4928,22.8113
-95.1854,-89.7174,-157.8151,-179.6394,-155.6796,-147.7222,26.9221,-42.1714,179.0235,111.1503,30.5623,-200.3009,-36.1794,-162.2391,154.2267,107.9041,-109.3320,-184.6506,24.1508
-85.9167,-74.0131,-161.6012,-174.5898,-173.9557,-165.5167,33.1783,-24.4100,231.5011,136.1808,-50.5593,-179.9165,-38.8258,-147.1472,152.8223,93.6317,-105.5368,-174.7497,30.1507
-79.7346,-73.5141,-159.5377,-158.7032,-151.4384,-175.5842,22.3038,-16.2890,232.8282,143.7033,-71.6214,-166.5302,-60.3162,-134.1267,138.5983,90.4005,-83.1486,-158.7097,53.0335
-56.7734,-64.7165,-140.5974,-148.8117,-119.4349,-183.7989,3.4078,-29.0565,221.2583,125.5412,-66.0789,-136.1123,-71.9837,-118.5711,126.9210,89.0890,-52.6249,-162.3548,69.4285
-20.1452,-59.9282,-114.0938,-139.2426,-108.6016,-177.8949,-16.4530,-45.2158,197.0863,83.6681,-47.0271,-96.5984,-76.5065,-92.7171,112.4146,75.0896,-34.5642,-162.7444,68.5171
-16.2318,-69.0657,-99.6837,-122.8418,-99.0460,-156.9642,-28.8489,-36.2928,145.5430,65.0636,-5.0162,-87.3801,-89.9065,-72.9682,98.9898,86.5409,-36.1525,-141.2112,65.1507
-35.2322,-65.7470,-85.7365,-95.7058,-69.0786,-120.5555,-25.0461,0.5142,114.9476,80.2786,0.4363,-96.5764,-91.9899,-69.4722,90.5433,96.4281,-42.4962,-105.4798,78.0109
-20.3425,-44.1661,-55.9885,-61.4501,-30.9128,-74.4170,-23.7254,25.8578,127.7206,74.0892,-52.7995,-78.1906,-81.0750,-62.6112,75.8330,53.1648,-27.9456,-73.1557,105.1309
15.1288,-29.7762,-21.9466,-47.6383,-2.4205,-45.6761,-43.5435,29.4513,139.5601,58.3477,-76.9019,-47.0804,-79.4497,-48.3719,66.7064,24.4730,-2.9824,-73.8927,125.1647
14.2408,-40.1431,-9.7978,-74.2182,0.0456,-46.0560,-56.5315,49.7678,154.9500,104.4137,-38.9267,-54.4645,-71.6812,-58.2946,85.4447,51.4399,-19.0340,-114.7038,137.3942
-20.3893,-74.0608,-37.0848,-113.3965,-31.3406,-63.5097,-35.4869,84.2958,207.7697,181.5766,-8.7942,-93.3453,-43.1540,-95.1495,109.8132,49.4110,-80.4510,-150.3475,155.9321
-54.5058,-101.8011,-87.5033,-130.1105,-70.1261,-92.1828,-5.0250,90.0878,252.8787,196.5156,-7.4797,-116.1544,-19.7739,-112.6865,112.8241,20.2583,-123.9864,-150.8393,154.0618
-78.5388,-92.9119,-119.1322,-127.5659,-89.4428,-107.5118,6.9506,70.5719,244.0430,150.0603,-2.4890,-112.0294,-10.0894,-92.9289,110.7352,44.1105,-123.3489,-138.9933,105.1592
-80.6382,-77.9541,-115.1430,-114.6860,-92.7268,-73.9063,12.5790,54.6798,218.3799,101.7387,-6.3348,-104.8953,1.0203,-71.0825,113.4778,63.3630,-119.9544,-122.5315,58.9647
-49.1341,-93.8115,-88.9473,-84.5748,-70.2174,-19.2774,28.3707,40.2980,195.1372,62.6444,-27.1819,-100.2394,11.0677,-60.9616,104.6574,14.2682,-128.1693,-86.3555,60.8267
-8.8395,-97.4906,-47.2781,-47.9546,-11.0810,7.1528,41.0804,30.6899,132.0658,20.1971,-14.9237,-79.9197,21.1903,-38.0966,81.7102,-11.9844,-105.4832,-52.2628,65.2322
11.3982,-54.9770,-1.2310,-30.0308,38.3654,17.8402,27.3886,47.9500,32.0534,-7.3294,50.9664,-50.5878,34.9231,-10.6954,48.1768,18.4134,-38.3990,-46.2079,38.6771
16.8124,-18.6124,21.4579,-27.6602,40.0343,5.7305,-10.9932,78.0410,-31.4442,-0.8513,109.2104,-45.9202,27.5321,-15.4422,4.6992,14.2877,16.4956,-44.6683,25.1842
20.5020,-10.2648,19.4278,-16.0442,32.9020,-80.8453,-43.7649,75.2688,-18.6533,11.5228,96.6333,-55.0172,-5.6792,-38.9498,-25.3030,-20.2436,14.3963,-24.4670,36.8204
24.9842,19.3179,21.3015,6.9055,45.6627,-179.1235,-49.3039,27.5487,20.1299,-12.5129,29.3569,-29.4400,-25.5326,-40.4784,-25.4196,-19.4615,-2.8110,-4.4295,33.2041
31.0663,59.4062,33.8298,18.4525,49.5084,-148.1228,-38.7884,-24.1400,23.5878,-52.2543,-22.3779,8.4538,-19.7844,-35.2959,-13.9066,-18.7804,15.8519,-3.7528,23.3958
32.6607,50.2676,40.3443,12.8406,36.1311,-15.0569,-27.3849,-36.2846,9.1263,-54.7163,-32.1673,-3.7994,-12.8276,-52.6448,0.2228,-49.7763,30.3685,-9.8072,39.0828
27.3862,19.9098,39.6468,17.8588,28.7809,64.2788,-10.8047,-17.5910,13.6668,-38.7122,-47.6241,-24.8921,-11.3968,-55.9728,14.4437,-66.6133,3.9866,5.7051,57.6214
35.7237,35.6951,50.9420,51.2361,39.0343,66.6748,19.5528,-3.4894,-2.1766,-54.1398,-93.6168,21.0161,-4.3438,-10.4898,3.8722,-61.9720,2.2046,49.1987,55.0741
65.3654,75.5614,83.7914,83.2072,68.3063,80.8042,57.3251,5.3744,-80.2546,-80.7379,-109.3179,77.3638,17.0471,36.3611,-26.7004,-59.9676,59.0563,84.0258,40.8687
79.8016,78.3474,111.9803,81.1444,94.3922,111.9794,71.6399,19.0677,-163.5691,-87.7319,-42.5209,56.1981,42.9541,32.3560,-37.1887,-48.4107,88.3651,79.9003,16.3891
51.9459,42.8304,103.5093,64.9203,86.7435,113.3838,40.0713,21.4304,-179.1428,-88.2112,51.4021,1.4221,37.6033,0.4246,-27.8231,-32.0741,39.1997,65.8987,0.1371
11.1457,6.6514,77.4003,67.4731,72.4412,105.3890,-1.1837,16.5244,-139.5003,-73.3517,80.1160,-14.1741,1.0731,-16.8442,-22.6388,-33.5608,-23.6035,74.8471,26.5096
-1.7768,-3.6941,74.4023,78.7132,88.6731,121.9986,-10.6281,23.9056,-99.6918,-45.8965,49.0266,-8.8489,-10.2298,-16.4488,-18.4713,-40.7741,-40.0928,84.8923,56.3387
13.8512,11.5878,88.1759,81.9034,105.6518,142.2438,-19.3011,17.4521,-97.6936,-72.5858,42.2197,-10.0449,9.9623,-11.9576,-24.2613,-52.6038,-14.9957,79.9189,28.5775
34.5036,25.0164,96.7863,95.2487,108.3108,151.4199,-51.9971,-16.7835,-138.4060,-155.6128,80.8412,-1.9225,11.0456,-5.2325,-56.8903,-88.1964,19.2340,91.5754,-11.9502
45.4866,21.9791,109.2664,128.5359,126.2484,171.5946,-55.6522,-31.2192,-186.1931,-205.3090,99.5157,18.6845,4.0365,9.9394,-85.6197,-122.1337,24.3264,132.9145,-9.6124
44.8612,27.2387,121.2350,152.9785,133.7554,198.3310,-15.5144,-23.6310,-206.8674,-211.7156,70.7094,37.6153,22.2765,29.3661,-83.8359,-124.0308,4.0567,167.8767,-11.6570
36.5128,45.8111,112.7973,147.7139,108.7050,200.8724,2.5770,-42.1360,-202.0764,-218.1468,43.0983,41.8565,31.5844,27.1643,-73.3645,-114.9593,2.3379,165.9388,-34.7650
27.1180,40.0612,102.9705,124.9737,112.0205,185.0518,-7.1249,-54.0917,-177.2724,-183.1208,48.1061,13.9618,22.6033,-10.5888,-60.7986,-113.7969,8.6293,133.7427,-12.9520
21.5994,11.6881,106.6835,98.5948,136.7374,169.7435,6.0505,-12.3559,-142.4218,-102.1051,66.7321,-32.0896,39.8458,-51.4959,-40.7792,-116.3340,-13.9475,98.6754,33.0755
19.0912,9.6805,96.0088,74.5037,98.1839,141.4522,23.7496,16.7913,-128.0394,-77.9800,80.0839,-47.4126,66.9664,-61.1092,-38.4755,-124.3000,-33.2339,81.5852,16.2907
17.5543,31.5151,76.8126,63.5474,45.1910,108.2715,16.3899,-16.2138,-135.7773,-116.6075,88.4782,-23.4558,68.8794,-50.2993,-51.7206,-127.1672,-23.7975,76.1132,-31.4065
21.4368,27.2972,86.5763,65.0462,74.1670,112.1595,20.2626,-44.5073,-139.5623,-119.1357,100.1806,-1.8905,77.0756,-39.7151,-44.0192,-110.6949,-24.2424,64.7122,-30.3479
32.5862,-2.7619,100.9915,58.7332,109.4140,133.8990,41.3407,-34.2012,-142.7808,-88.4806,114.4158,-7.2776,90.2599,-31.5169,-23.4159,-88.1833,-36.3706,49.2166,-10.6081
38.1382,-18.6976,81.1232,39.3504,67.6817,112.1850,37.1159,-30.3701,-140.3484,-75.6216,107.1166,-27.5865,61.8832,-33.3634,-16.0081,-73.6818,-32.7663,39.4345,-14.2950
31.1055,-15.0736,61.3255,28.0622,28.1443,66.5110,17.5135,-35.1548,-102.9649,-48.7455,71.3874,-35.7714,28.7049,-48.0137,-14.6827,-74.4884,-37.9423,34.8451,-8.1547
26.6598,-8.3519,70.6426,33.0932,39.0358,55.2284,13.7620,-25.6682,-69.0417,-9.0325,55.7794,-16.6405,45.7058,-51.2160,-25.4242,-99.3964,-51.5471,35.8041,3.6452
26.4552,-6.9756,70.5442,33.7977,38.3588,63.1512,6.5485,-24.1503,-96.6885,-19.6112,101.4903,2.2029,67.1914,-33.1676,-52.7937,-112.2951,-34.3078,37.3051,-24.9681
4.1322,-27.2046,39.4844,14.4112,15.2571,60.1576,-15.0275,-36.4431,-130.6634,-51.9257,179.4757,-13.7119,52.1650,-22.4855,-51.5203,-67.6592,-29.6585,20.6664,-59.5589
-38.7117,-68.8666,0.0036,-13.4907,-3.1606,63.0940,-25.5445,-36.3746,-98.6347,-43.4635,226.0027,-42.2360,31.3644,-32.1456,-10.2992,-12.0704,-80.7974,-10.0028,-41.6856
-58.9822,-92.4818,-38.1428,-28.3395,-31.5252,65.4096,-17.4794,-33.3668,-44.0483,-40.2392,198.8423,-52.2097,15.9047,-35.9753,15.8139,-6.1176,-107.7944,-20.6932,-13.7261
-42.7031,-83.5959,-66.5412,-26.0002,-55.1444,42.1485,3.0018,-46.7285,-23.9235,-79.8126,120.0927,-62.8436,5.0569,-20.9573,16.4778,-12.1598,-71.5881,-6.1257,-40.1350
-20.8784,-75.8583,-63.9020,-24.3762,-44.7600,23.0427,28.6418,-59.7441,-23.8073,-95.9160,75.9231,-78.9173,24.9951,-8.5971,21.9547,-0.7324,-50.2360,-2.4327,-88.0148
-8.3527,-72.0072,-38.7772,-36.6375,-35.3629,36.4347,37.0101,-58.4256,-29.6649,-60.8517,100.9602,-59.7962,58.9245,-9.8617,20.3740,-8.9867,-51.3767,-26.6376,-91.0533
0.8136,-41.9614,-20.8246,-50.0473,-48.3664,50.8670,29.4105,-46.4101,-41.1949,-31.1135,119.8894,-3.8339,63.8991,-4.1208,7.0293,-18.8271,-18.9099,-53.8795,-56.7682
-5.3527,-8.4718,-21.1312,-49.5005,-52.2234,48.3807,35.7952,-21.9506,-37.1641,-20.8676,91.1655,34.6004,56.8501,20.7471,11.2037,16.7869,8.2458,-58.3235,-39.7171
-37.1062,-16.6695,-43.3191,-41.3257,-51.8583,50.7287,49.5394,7.7289,-13.3959,-3.5336,70.6385,27.6556,63.8110,42.5792,19.5601,49.5814,-15.4826,-39.2179,-54.9959
-71.5950,-38.3647,-74.9248,-28.5030,-59.0266,61.3588,45.0809,22.3023,3.7179,-3.2037,77.3036,3.1011,69.6490,40.0826,1.1752,22.9343,-38.2041,-8.0510,-70.4341
-76.4792,-24.0930,-66.3559,0.2496,-31.2684,74.4898,37.2347,14.8534,-9.4330,-45.8333,79.7557,-3.3923,77.2511,23.5586,-21.5894,-23.2879,-34.3714,23.7400,-67.1229
-46.2647,-3.7002,-3.9324,32.8981,31.6601,96.8285,45.3959,-5.4578,-58.4178,-86.0954,96.6464,8.5264,100.5690,11.1311,-25.4652,-48.3118,-43.9120,43.0573,-57.7087
-11.8351,-22.7216,43.8264,40.2989,64.1381,114.7260,66.3187,-23.6541,-106.9329,-79.0899,135.7468,17.7390,122.8599,6.6546,-23.1315,-65.1218,-69.2926,42.9417,-48.5149
-9.0074,-38.8255,39.7859,33.5133,62.1009,111.5521,103.2600,-29.6905,-107.3649,-52.2231,133.1521,33.8445,141.5305,13.5108,-17.3334,-69.2537,-82.8705,37.6300,-36.8520
-23.5554,3.6847,40.9505,46.4104,81.7758,106.3515,138.4176,-32.0916,-81.9527,-43.9802,68.1593,76.5521,164.7462,32.3830,-6.6304,-45.6409,-71.7599,43.4603,-32.9727
-12.4106,55.0826,71.5973,61.0584,115.5760,107.8800,129.4468,-39.4978,-66.4692,-37.6715,0.1322,99.9685,159.9428,41.1129,2.9831,-14.1906,-36.2602,42.0466,-37.2829
11.1043,41.7203,65.9136,29.3580,91.7195,80.7992,89.0420,-48.5372,-26.8364,-8.7155,-33.2498,55.1941,110.3113,18.3317,26.5385,9.5440,-14.5295,3.2311,-34.5147
6.0270,5.1772,6.5642,-36.7637,-4.3397,10.0274,66.4167,-67.4264,35.9644,16.1111,-36.5931,5.1817,59.2947,-13.0936,64.8864,39.8004,-33.5313,-57.9633,-35.1320
0.2463,16.6043,-27.3475,-76.4213,-84.2699,-54.0636,58.9819,-90.1849,45.2377,4.9531,-22.6321,22.4098,35.0359,-9.8893,79.6289,77.6781,-34.8939,-96.2890,-53.2017
32.4164,31.9955,-9.7884,-73.7543,-81.4400,-57.1145,41.2392,-73.6647,4.3852,-18.1541,-6.0615,51.3042,19.8496,22.1787,59.9233,89.0072,16.4894,-98.3002,-55.1760
59.2181,-6.2422,-5.3721,-66.4737,-58.9309,-18.8869,16.1516,-24.3521,-11.1776,-15.6738,20.6636,29.9527,2.0018,31.5227,31.4542,46.5301,51.1711,-86.0559,-20.0968
46.6283,-31.0808,-21.9364,-68.2347,-84.1359,-4.5225,-11.2724,-17.2367,-12.0196,-1.1471,62.8234,15.2043,-9.1273,4.8413,-1.4249,-20.3915,43.0837,-75.8040,1.3905
41.2893,20.9813,-1.1343,-56.9272,-99.6923,-25.4504,-30.8783,-57.9160,-33.7737,-8.1219,73.2368,55.3257,2.7769,-13.9445,-34.4952,-58.5917,51.3012,-67.6822,-21.9332
56.7992,77.5600,37.1200,-37.9664,-67.5246,-37.8680,-18.5957,-68.9556,-29.0540,-25.4201,31.4959,93.2461,36.6173,-8.3575,-37.1161,-63.1207,64.6393,-63.2372,-36.9255
42.6960,62.3521,21.5053,-42.5442,-62.6145,-32.7790,11.8076,-35.9442,19.6311,-18.2821,1.9403,79.4731,50.0121,-8.9884,-5.6263,-51.9950,28.3406,-67.2294,-5.7482
9.2951,11.5993,-24.2496,-61.1327,-93.7278,-32.8624,22.6618,-11.4420,46.2139,6.8796,12.0377,44.9808,19.1749,-12.3806,25.6174,-16.2495,-16.8576,-72.2223,27.4000
14.7195,-14.7770,-27.7471,-53.7363,-74.9667,-31.3007,21.2369,-12.3386,26.2331,11.7896,9.8472,34.8694,-5.9887,13.8229,31.7765,25.9074,-9.4232,-60.5015,18.6705
42.7349,-4.4366,0.7235,-21.3156,-18.8111,-24.0603,25.5980,-29.3490,-2.2363,-13.6931,-11.9612,57.3438,9.2627,48.0568,10.2438,22.6102,24.9592,-32.5449,-12.3666
42.9983,25.8737,15.0026,1.4277,-3.3364,-30.3275,20.2662,-56.3589,-24.0570,-44.6176,-6.5375,87.0217,27.1744,49.9049,-19.3114,-9.5882,37.8525,-11.2156,-33.5546
27.6700,41.3660,16.3497,6.4649,-17.6784,-34.4556,3.7752,-73.6635,-46.9808,-66.8631,27.2402,94.1354,26.9040,41.8305,-31.1731,-13.0999,27.0620,-3.7034,-53.9315
24.9748,34.8611,14.8883,10.3154,-23.9392,-12.7803,-8.8878,-82.2934,-65.6679,-92.7911,47.7853,86.4634,28.0632,56.3449,-34.1467,0.3955,24.4626,4.4940,-94.2899
26.8043,49.4680,11.6082,17.7622,-21.7360,4.0623,-26.2768,-101.5727,-68.6048,-124.2462,32.2686,87.8836,25.3328,69.7433,-42.7928,5.4627,54.2356,11.1544,-132.1623
27.0927,81.8910,21.5776,20.5760,1.8761,-3.1984,-46.5802,-102.8235,-50.8800,-129.8434,-0.1559,79.4901,11.8796,56.1837,-34.8975,23.0366,84.7662,1.4579,-125.4055
27.7307,70.9883,34.7956,11.3676,29.6056,-1.2257,-43.4880,-63.7405,-24.8211,-88.9393,-9.5769,39.4484,10.8879,31.2573,-8.2291,40.4362,69.5474,-15.4933,-89.5050
16.7004,36.1465,19.5909,-3.7811,10.2405,17.4690,-23.3758,-43.9212,-13.5310,-43.5912,1.5569,12.3431,23.1842,18.2111,-1.8298,26.0413,42.0748,-20.1628,-81.3607
-2.4446,51.8605,-0.0162,-2.9530,-18.2342,29.6156,-14.0723,-73.9823,-19.2923,-44.3075,-8.3279,40.8512,29.8794,23.5903,-16.8566,11.9809,54.5126,-12.6881,-99.8565
-8.8971,90.8546,17.7010,18.1610,12.7139,35.3400,-1.5604,-85.4783,-24.6653,-51.7678,-38.7769,78.0499,40.3811,32.0810,-17.9775,21.9485,67.9069,-0.3792,-91.1302
-9.6601,84.0230,38.4673,31.8314,56.6955,27.9762,36.8756,-49.0710,-18.7301,-2.3539,-64.2249,64.0323,56.8544,19.8346,-4.9972,23.9869,41.4673,13.8785,-49.8341
-18.3563,56.0501,22.6322,24.5328,56.1828,-5.0706,65.5900,-24.3295,-5.2391,55.6840,-83.8283,24.2019,49.3974,-2.9144,3.8917,22.9805,21.8814,19.1129,-21.3446
-11.9021,51.9322,10.3555,11.4794,39.5854,-32.2198,37.9358,-33.8788,-6.3116,46.0792,-74.6385,12.1348,15.0759,-7.2742,3.8503,37.5768,42.6177,4.7073,-20.7597
23.9911,60.2650,31.1529,-0.3381,16.6313,-31.2559,-10.1069,-40.7084,-33.4438,13.9594,-33.1825,28.1734,-8.5037,-1.9903,-11.7238,25.9130,72.8810,-16.2200,-26.0967
55.5477,74.4958,47.6899,-5.5266,-15.0633,-28.6825,1.9427,-30.3660,-55.1247,21.1647,-44.1817,48.7022,-1.0791,0.4798,-28.8988,-11.1220,93.5834,-16.2694,-23.1994
58.4322,90.8636,43.1621,8.9467,-6.2755,-27.7419,56.7580,-13.2364,-54.8076,20.5800,-112.6233,61.0444,11.9938,19.6435,-19.6593,-0.7866,106.8810,6.5244,-13.4984
50.9525,72.3093,34.3612,19.7384,23.6342,-17.6596,51.5507,0.2842,-58.0046,-15.3570,-105.3352,44.1660,-7.7949,39.0281,-1.2443,43.4152,101.7417,16.0977,-5.7061
41.0095,19.6846,5.7211,-10.0923,-17.9836,-26.6696,-15.2046,-7.9540,-44.6072,-23.7925,-28.4017,-8.5742,-54.9853,11.7438,2.2164,41.6578,74.4300,-10.4035,-7.2473
14.4121,-12.2183,-50.4086,-51.8224,-101.0075,-48.3351,-42.9258,-37.5609,25.8994,2.8232,-34.0728,-54.1084,-82.6538,-37.3671,13.9966,7.6236,42.0440,-41.2400,-8.3083
-11.9447,-8.3653,-81.1502,-53.8503,-115.4498,-32.9449,-28.8092,-53.8137,92.2911,10.6618,-99.6101,-57.1863,-78.6388,-51.1753,30.5452,-8.9604,29.2115,-41.0433,3.2736
-7.5717,7.6124,-52.4042,-28.3143,-69.9173,-2.5693,-47.4712,-37.7645,78.8608,14.2989,-93.9424,-40.5053,-69.7024,-45.8666,5.7708,-31.9897,49.8575,-22.3061,14.8814
2.6622,34.2556,-6.1113,-6.6263,-29.0035,-1.3480,-73.8098,-11.2133,36.1260,42.0451,-50.1051,-27.7364,-47.3411,-54.5326,-41.5231,-70.4391,72.7456,-5.4850,10.4549
-25.5189,62.6361,11.9641,10.0938,6.5754,11.7672,-52.7365,-2.1646,30.0303,58.0237,-36.2297,-11.3984,2.3989,-60.1526,-47.9071,-72.0737,53.0184,6.0660,-0.9391
-66.7386,61.9635,5.1461,10.2133,31.0822,49.2187,-32.2714,-20.2979,40.8496,57.2761,-13.4981,0.2364,31.8229,-59.0396,-19.9344,-34.5156,15.8530,-4.3938,-3.0044
-69.2832,34.7719,-8.7254,-14.6568,20.3806,34.1460,-50.6261,-52.5580,59.4280,76.7113,9.7476,-8.8107,10.2576,-72.0985,-2.7472,-16.9067,5.0243,-38.1224,6.8551
-55.8486,11.6573,-25.3485,-27.3293,-1.0228,-29.6034,-63.3852,-73.0180,93.5320,92.2254,-3.8148,-16.0987,-13.7123,-83.9359,-5.8974,-38.4887,-6.7666,-47.9142,18.6334
-73.4940,2.2789,-41.5234,-6.3297,-7.5404,-41.4350,-60.0985,-75.6855,94.5779,68.7669,5.7090,-0.6246,-8.3899,-73.3050,-27.3674,-69.2140,-35.4893,-13.2453,15.0360
-93.6400,0.7277,-45.6462,15.0998,-9.2306,4.6043,-61.7460,-77.9799,44.0547,41.7758,47.2857,11.9255,-0.8092,-57.8380,-54.5014,-82.8818,-34.8086,20.8862,-7.0177
-73.2962,2.8515,-35.5697,16.9591,-1.7918,21.8121,-40.5740,-82.4581,18.1915,36.5780,21.5580,1.6360,-0.7713,-49.1624,-46.6615,-67.3779,-9.7793,24.7342,-21.4054
-42.7307,1.1916,-32.2590,10.5158,13.4678,-4.2188,9.4858,-73.2988,64.3705,31.9172,-68.8075,-5.7368,6.5267,-31.8716,2.0271,-28.6176,-15.6062,11.7459,-9.5744
-33.0065,-9.4689,-47.6986,-3.5926,2.9850,-15.7862,39.2178,-51.2748,123.9963,27.8644,-118.9406,14.1631,14.7693,0.4071,39.2484,2.5517,-34.7917,-8.1352,9.2727
-14.4830,-31.0205,-59.6379,-25.7345,-35.3320,0.1475,35.3389,-34.1357,124.5972,27.9110,-96.5129,45.4190,8.4704,37.4931,39.2358,10.2371,-23.5572,-30.7175,14.9398
19.4709,-64.9204,-58.5316,-53.7385,-72.2305,-3.2379,21.6334,-22.4928,78.9675,16.4457,-24.5722,54.3207,-11.8063,62.5026,37.3570,27.6618,-12.7150,-58.6755,15.5876
26.8244,-97.7274,-71.8198,-95.9811,-103.1553,-51.5724,10.6932,7.8395,58.0242,12.5534,65.9078,28.6585,-25.6669,63.5061,57.5692,77.7487,-29.8823,-104.4758,19.4270
10.3228,-113.1607,-97.0139,-127.5579,-115.3356,-101.3290,21.3095,68.5158,73.4531,34.7251,110.4231,-10.1695,-10.2440,58.4352,71.8195,114.8896,-42.2087,-134.2288,18.9303
8.7558,-120.8048,-95.5098,-104.0335,-86.6951,-98.9080,47.9062,125.0232,67.7889,43.3670,94.2294,-28.1967,15.1034,75.2124,54.5764,100.2351,-43.4258,-95.8999,13.5667
8.0819,-131.5874,-76.1897,-55.1724,-52.8422,-58.9552,43.9841,132.6772,48.9207,25.0935,84.2061,-4.4566,14.2314,104.1724,30.1375,72.5961,-66.5772,-35.7015,16.7670
-16.5444,-128.2457,-70.5529,-36.5674,-43.3969,-22.9625,25.7973,104.4329,72.2285,23.3898,91.0414,52.3540,16.4846,119.3003,27.7999,63.5192,-103.7232,-25.5566,34.2572
-30.4965,-96.4971,-52.2047,-11.9055,-3.1537,16.5681,55.9006,86.7075,86.9491,26.3900,53.5742,96.6773,56.6888,121.3154,26.9171,40.9655,-108.1211,-11.2402,49.9234
-11.0194,-51.4741,-0.8245,63.0177,87.2154,77.3152,93.3634,77.8662,21.2594,-16.3910,-26.7638,88.2212,74.7648,117.8750,-0.6393,-0.6167,-61.1243,72.3565,42.9787
1.7276,-13.4464,38.7985,131.0691,141.4718,130.5683,57.7520,49.9162,-66.1308,-71.4121,-69.2586,53.4708,27.6606,100.0624,-43.4106,-30.2811,2.1610,155.2618,19.3680
-12.2046,14.0701,51.3013,144.0084,128.2759,141.8949,-11.7558,21.0607,-117.2057,-76.6130,-21.3188,43.5755,-10.6948,62.3676,-89.3844,-66.0424,34.0981,172.4992,5.2398
-17.0239,35.3648,76.1222,141.6543,126.5094,119.0073,-40.4331,15.0362,-160.0514,-54.1792,57.0147,44.4677,5.0741,19.2218,-130.5481,-117.3144,36.6817,167.1902,3.2678
8.1517,48.4588,105.8741,145.4297,158.3491,91.7346,-39.4937,-2.2527,-174.0475,-53.5522,47.7767,19.4160,14.0499,-6.3100,-131.1747,-126.9997,49.3716,163.2732,-9.7289
44.5135,51.7665,103.6169,130.0932,155.2918,69.4110,-41.8599,-59.8445,-132.2969,-77.8459,-41.2087,-9.0308,-13.0143,-12.1147,-92.1520,-96.5652,76.7130,137.2722,-38.3329
68.9690,61.1798,89.1724,104.0813,102.7857,32.4333,-54.8429,-118.5325,-115.1293,-110.4608,-73.5739,-12.0336,-40.3524,-23.8148,-77.0055,-94.0595,94.6093,107.9970,-64.1074
70.6611,85.8980,87.4614,84.2694,53.4860,-21.7534,-83.8265,-130.1117,-146.1278,-124.6044,-25.8975,-10.3201,-61.3650,-45.8803,-91.1710,-93.8259,104.3786,89.4076,-76.5462
58.8155,90.3792,76.0133,50.7456,24.9769,-55.3230,-103.6733,-93.6255,-122.7352,-87.9856,-7.3204,-21.1776,-78.3377,-46.5700,-68.9983,-35.9609,102.5356,49.0830,-71.2990
51.7038,46.2599,46.2685,6.5478,0.1793,-55.4442,-81.1587,-36.0032,-34.0581,-22.5139,-31.2084,-33.0673,-68.1648,-24.8177,-15.9515,16.2556,63.5902,-1.1880,-43.7215
41.8636,-1.3916,16.0175,-13.6865,-23.2237,-59.0233,-48.9295,6.9128,28.6084,5.3347,-29.0681,-36.7802,-42.9798,-17.9548,3.6599,-3.6452,6.5571,-15.2474,-7.5079
15.8872,-5.1701,-12.8399,-14.4188,-44.1651,-74.7434,-39.2674,17.2902,51.3745,-13.8347,-11.4536,-27.5827,-32.4084,-27.8951,-3.8387,-37.2639,-20.7019,-9.0125,17.6296
-3.1531,4.7199,-36.1265,-22.3696,-59.1569,-78.0318,-10.5560,27.3647,57.4888,-25.4475,-11.6832,-13.7320,-20.5349,-27.4901,3.5556,-33.9808,-20.1116,-15.3569,38.1251
4.1189,-8.0926,-40.4438,-30.1723,-47.5715,-79.5336,48.6753,64.3243,38.1410,-5.7009,-17.2666,-21.1748,-0.0672,-18.3099,18.6093,-16.1812,-14.2101,-18.7756,64.1541
13.9658,-19.6486,-33.9426,-27.0750,-14.2552,-94.9542,71.0845,89.4999,21.4842,22.1230,-28.7057,-40.4813,-3.6517,-11.7666,25.3784,12.0531,1.0746,-14.5947,77.6192
12.6082,-6.4841,-24.6277,-26.9074,-0.9525,-105.2537,36.0047,72.1261,31.5826,47.0817,-41.8878,-32.2176,-27.6129,-7.8093,25.0713,42.5383,21.0436,-24.5975,67.6836
19.9222,15.1251,-5.2111,-32.5278,-12.9258,-111.1200,3.9525,52.5510,31.8826,75.3991,-36.3959,-5.7806,-35.1358,-14.0673,10.8538,33.6516,33.9342,-39.1605,60.8163
38.0347,30.4573,10.7992,-31.4038,-13.7553,-126.1189,7.5386,61.3349,19.2655,95.0543,-41.0661,7.6562,-28.4156,-21.9410,-9.7178,1.1246,55.1254,-38.2674,73.6642
50.4167,42.2650,8.9053,-25.1635,-3.6644,-124.3836,24.9455,72.9100,23.1749,89.1601,-77.6860,24.3066,-22.8294,-2.6195,-15.2555,-2.1060,87.7062,-32.2559,79.9369
57.2944,57.0589,6.7048,-21.8917,-10.7765,-103.2974,41.2797,67.0945,20.4097,68.9408,-103.3113,58.0184,-9.8362,32.3281,-14.1330,12.4956,108.1011,-29.9655,58.2768
59.8117,76.9461,6.9779,-19.5812,-26.4296,-111.2763,54.5543,40.2138,-1.2990,51.6564,-106.5184,86.8554,2.5437,46.8433,-23.1243,14.8542,119.0746,-25.7704,27.9070
52.8388,85.1341,-6.7041,-15.6808,-29.5798,-143.0434,57.2294,-10.1401,-13.4557,27.9747,-102.2667,105.8848,-0.1602,47.7084,-34.0614,11.7964,127.4134,-21.6882,9.1722
46.9749,66.9800,-15.5291,-11.7415,-28.1094,-146.1780,48.5312,-50.1672,-29.3768,-10.4474,-54.1267,117.4337,5.2053,51.6399,-44.2473,-2.7266,109.0628,-18.3003,-7.5554
49.7406,47.4780,-0.0656,-9.5794,-26.6830,-131.4296,31.8962,-46.5014,-53.9944,-39.1783,22.6425,105.1997,30.4227,45.6271,-56.6805,-29.5428,71.5764,-15.0909,-32.1617
49.8108,49.5047,15.6034,-11.3448,-16.2880,-133.4464,9.1077,-32.8703,-37.6671,-34.3092,34.6138,78.4192,40.8937,31.6944,-52.1092,-27.5800,53.2942,-21.6152,-52.5654
45.8042,46.3417,18.6871,-12.9825,-4.8262,-133.8566,-3.4124,-34.6389,7.1021,-4.9869,-16.5318,56.8709,22.4432,28.0123,-23.3391,9.2731,39.3707,-28.6007,-54.8713
41.5942,16.7117,23.2617,-10.2147,-2.6644,-124.6617,8.3448,-11.3008,22.1253,39.6806,-47.6352,25.7452,1.9571,27.6144,7.0693,44.9541,-4.0767,-17.1559,-39.9639
23.6805,-13.5152,22.3880,-16.2796,-4.1704,-132.6581,16.0072,37.4311,27.6436,101.8055,-35.8788,-7.7062,-9.2520,23.4575,27.4194,84.5999,-50.2123,-13.7938,-22.2242
-4.9940,-23.5041,10.5617,-36.7759,-6.8677,-145.9040,-15.2682,52.0044,46.4780,149.3521,11.1673,-3.5260,-18.0798,26.6912,32.7954,127.4657,-61.3140,-43.4232,-19.1631
-13.7254,-20.1657,8.2120,-39.1816,-8.6225,-134.6123,-57.6302,36.4350,37.7283,144.8312,60.1961,27.5479,-25.8605,38.2407,8.6238,121.7772,-42.1038,-54.2100,-25.9404
0.7637,-4.8230,13.9804,-6.4596,-4.1957,-118.1452,-66.0504,42.2972,13.2918,121.9524,25.8774,51.8092,-44.7804,57.4375,-29.4200,80.5864,-3.3182,-9.3842,-17.9229
10.8769,22.4777,8.7654,16.8122,-9.3514,-120.8799,-61.2119,60.9754,25.2744,125.5783,-69.3278,74.1265,-77.8425,83.5899,-41.0673,81.5131,41.1588,24.6520,-1.4279
11.5455,51.0511,-0.9643,4.0345,-35.4861,-123.1739,-74.7175,56.0038,49.5060,110.9669,-103.0598,84.7294,-89.6012,89.2158,-30.9077,101.3745,68.3956,6.0147,-12.6725
16.4147,79.4277,-7.4846,2.8819,-50.2741,-105.8218,-78.1267,24.2210,51.5068,30.8425,-107.6556,66.9270,-66.5771,64.4694,-36.5846,57.1515,88.8913,3.0387,-47.9558
20.4057,106.2984,-13.9075,38.2377,-33.4561,-82.3047,-54.1126,-22.1898,47.0716,-51.9831,-169.5741,56.2109,-48.4332,47.2246,-54.8153,-10.5901,113.0047,48.2396,-70.4687
10.6720,112.1213,-8.7474,60.5323,-19.4198,-71.2118,-43.4197,-54.5029,22.5168,-70.7944,-178.2763,60.5144,-49.6879,43.8747,-58.6669,-14.4927,102.3419,75.9364,-80.6628
-3.6201,88.6925,8.8027,51.0290,-19.9778,-73.8652,-57.8811,-45.9193,-34.1064,-59.1603,-65.8883,35.1517,-43.1185,22.5525,-58.7819,3.5709,54.4356,67.4427,-90.6004
0.3431,59.7409,20.0617,52.0759,1.1462,-80.1285,-56.3465,-24.9633,-64.2919,-50.2151,1.7807,9.4109,-27.5157,2.2862,-74.5014,-28.3088,33.5102,71.5566,-74.6830
21.2484,50.5773,29.8392,63.3908,38.9522,-83.3135,-29.3978,-20.6405,-42.0446,-20.4774,-36.4922,40.3803,-13.1456,12.9013,-83.9935,-65.0107,46.9911,76.5649,-28.5222
27.6084,59.4697,45.9600,44.3485,47.6406,-85.2213,-1.3014,-1.5729,-21.0337,26.4792,-38.9017,70.2725,15.5510,13.8913,-64.0668,-52.3028,39.0239,41.4239,6.1077
11.9039,59.6270,45.9323,6.3652,31.0356,-88.9657,23.6840,38.3427,-20.2849,67.2722,8.2100,36.4159,46.1183,-22.2110,-35.9395,-30.7711,15.4166,-2.6659,22.1766
8.8971,25.6320,26.1862,-20.5231,20.1240,-99.7671,39.5003,55.5209,-9.5742,116.7965,13.5438,-10.2941,36.4293,-48.7509,-19.5573,-24.8859,12.7277,-24.9048,46.7952
20.4862,-27.4051,6.3344,-52.6719,-3.8748,-126.5684,31.3594,55.6381,12.9578,171.4987,21.2806,-26.2844,-0.1029,-43.1529,1.2920,6.4904,1.2092,-56.8572,68.4051
-0.0413,-53.3228,-23.5759,-91.6796,-57.9681,-162.5090,17.7852,65.6679,42.8996,189.7256,69.7652,-26.7981,-12.9104,-39.6874,27.5231,50.0203,-44.8407,-97.0430,70.0108
-46.7950,-43.6274,-61.5107,-96.0087,-88.2298,-177.3627,24.7117,60.8814,91.2325,173.7801,67.8910,-12.9278,2.8955,-45.7254,35.0468,45.1295,-85.3506,-97.2091,69.3967
-56.0200,-39.2377,-64.3159,-65.5067,-53.5376,-154.5746,37.7316,41.5808,125.7643,154.3273,11.1484,-1.5753,22.2269,-34.1165,30.7685,20.1597,-92.9572,-65.3705,59.6742
-26.0821,-57.6596,-35.5419,-46.6808,-8.4503,-122.7894,32.2373,50.1976,98.4566,130.3765,10.9026,-19.1025,26.4680,-1.3881,34.3978,46.9938,-83.8783,-48.5038,22.8669
-16.6507,-71.5525,-26.9291,-49.0278,-13.1555,-120.6461,7.4901,70.7802,43.7479,115.7193,66.0420,-25.8777,-1.6875,26.1868,33.2589,99.9431,-74.7422,-47.7726,3.3358
-35.3386,-69.6693,-38.9265,-48.2626,-40.1650,-135.6446,-27.3034,66.9056,34.8534,129.6777,85.0384,-4.9899,-50.7657,25.0078,22.5194,110.8944,-76.6091,-42.8412,33.2365
-42.0888,-72.4667,-41.9056,-39.7802,-45.5060,-120.6838,-58.1739,60.0473,55.2132,122.9310,71.1257,-15.5346,-80.5521,6.0899,20.0544,87.5071,-84.3351,-32.6506,56.7432
-31.4719,-80.6270,-43.2340,-28.5367,-40.6284,-73.1315,-67.5505,58.0897,41.3559,66.0289,70.9779,-38.9394,-86.6367,5.5558,16.8866,64.9608,-69.4693,-16.9666,48.7898
-21.7891,-70.3935,-44.9647,-14.7645,-35.7303,-36.0645,-52.3680,41.2401,26.6323,35.6627,45.3756,-5.5248,-90.7144,20.1159,7.6474,41.4137,-37.6368,-3.4681,71.2685
-12.8818,-42.2623,-29.1703,-11.2164,-18.8300,-35.9784,-26.1671,38.4717,75.5820,71.6278,-39.1612,22.5675,-87.1243,6.7713,27.7277,28.6866,-33.4483,-12.4186,126.0006
-7.4878,-22.7375,-16.4766,-27.1772,-15.6741,-92.1233,-13.9140,67.6534,122.6470,98.3251,-87.8537,-27.9159,-81.0465,-30.0985,66.2861,57.0051,-58.2844,-34.2174,129.4768
-19.5153,-25.1444,-36.3518,-43.1979,-48.7157,-209.6784,-36.2865,82.0927,80.2629,75.7274,-11.6303,-77.8100,-100.0245,-42.8624,55.0958,101.1053,-74.8199,-35.3692,74.9874
-37.1474,-40.2680,-62.9354,-37.4780,-64.8792,-292.7358,-71.2601,65.4737,14.9708,43.7109,95.1675,-70.0832,-121.3572,-30.7417,1.7655,98.7735,-70.0341,-14.7135,39.7016
-28.3038,-46.0694,-59.3912,-18.8095,-27.6029,-229.1116,-78.0760,33.7077,13.5127,4.7908,93.2406,-59.8951,-102.5576,-26.9287,-19.3759,45.4258,-38.6371,-2.6607,35.8419
5.8046,-23.1735,-34.1381,-9.4600,2.8045,-98.3001,-65.6357,-27.9797,29.2249,-58.9760,26.4678,-47.3096,-65.6888,-29.1931,-5.8170,-5.0116,13.0152,-13.5284,16.3053
28.0026,12.3598,-12.6092,-7.0963,-13.0610,-57.4497,-62.8613,-85.3985,10.0968,-105.0764,14.2010,3.8217,-46.8468,-20.5926,-10.7748,-30.1321,36.0999,-22.3628,-8.5521
26.3182,23.0079,2.4102,12.5616,-18.2703,-72.1538,-58.7257,-63.3870,-20.4760,-97.2700,40.0439,41.9833,-37.7721,-7.7515,-41.8733,-57.6950,19.8881,6.4017,3.5808
29.2971,19.1205,26.3357,51.0881,23.9417,-41.0179,-43.4530,-8.2238,-59.8331,-73.2385,34.0566,35.3888,-31.6315,0.0672,-72.2961,-88.0741,26.9582,59.6785,29.3599
49.1952,42.0551,62.4993,78.9430,71.5478,-21.9261,-33.3018,-20.5676,-105.8503,-78.9512,9.2863,38.8960,-29.0672,4.1905,-82.9736,-85.1060,60.6379,84.6571,19.7733
63.5904,72.7862,88.5953,82.1160,88.7885,-67.2450,-21.2586,-64.2246,-105.6507,-101.3856,-9.7103,64.4167,-15.2825,7.4460,-62.6196,-52.6685,45.9808,72.7126,-4.3044
56.3997,62.1866,83.2236,71.0462,77.3011,-89.4245,1.2961,-62.6220,-53.3284,-96.2589,-34.6596,71.8188,-5.2406,13.2112,-20.0317,-21.1348,-15.4684,56.5274,7.0366
29.4034,29.4588,50.4466,48.7419,46.3818,-62.1173,4.2211,-42.0949,-2.5196,-58.3428,-55.5664,53.1939,-29.4652,14.2845,19.7822,18.3880,-49.4441,37.8046,35.9972
-6.8681,23.3782,13.6215,24.6665,20.5925,-58.2782,-16.1737,-29.7664,24.8547,-33.1053,-57.7153,6.2890,-57.7628,-8.2978,39.6206,57.6777,-42.7254,17.2025,34.3319
-24.5720,38.1260,2.1729,23.0941,22.0865,-64.2245,-21.1560,-4.6206,17.7103,-36.6395,-52.7227,-57.5275,-51.0935,-51.2808,27.6295,36.7757,-21.9379,25.0875,19.5145
-5.3855,41.2394,23.2537,31.0284,32.6474,-33.8156,-10.7043,16.9798,-20.3795,-18.8847,-45.3788,-78.6821,-38.5814,-79.7265,-0.8517,-25.9576,7.2961,40.1709,39.3557
26.1019,19.3064,41.5945,10.3927,30.5812,-15.6727,-10.6927,19.9318,-18.0711,41.9957,-42.3503,-50.7977,-46.3140,-67.6668,3.9705,-26.0607,22.2902,8.0116,74.6153
46.3483,-19.0196,36.1236,-22.3143,27.6341,-34.2157,-16.7557,31.4578,37.6775,90.5652,-56.1420,-43.8662,-50.2185,-28.3388,39.3266,35.8895,10.1691,-38.5539,64.9535
63.4267,-36.1000,38.0731,-26.6994,26.5500,-38.8727,-27.2612,35.3347,39.9568,87.5717,-58.3840,-59.6330,-44.7036,1.7183,41.7636,64.9530,13.3125,-40.3465,7.0852
72.0178,-9.0599,52.0760,-19.7077,10.3034,-34.7599,-46.5247,-0.6320,-21.0119,55.1719,-28.1518,-43.9857,-48.4482,5.9776,14.6919,61.0220,44.3950,-30.5117,-41.6711
62.4301,16.7538,39.4084,-28.5772,-8.4420,-54.7090,-47.5329,-26.6848,-26.1025,19.6402,-18.0100,-21.8685,-51.1103,4.4472,18.2586,74.1169,56.8380,-45.4478,-46.4104
62.7189,4.3391,15.8546,-36.1380,-6.6010,-62.0823,-21.9899,1.6921,27.2661,-0.6743,-54.9724,-38.7878,-35.2980,10.5603,40.4586,72.2761,46.6133,-52.7427,-31.5078
78.2292,-11.2285,19.8697,-39.7004,-4.4935,-39.4498,-1.8115,38.1129,49.1168,14.7101,-76.6935,-62.2436,-10.9869,6.6991,43.3838,41.3572,41.5288,-51.6747,-24.6995
59.8390,-15.4238,12.1009,-60.6397,-24.2952,-35.7008,15.8457,46.5802,56.7659,51.1258,-53.5827,-59.2154,5.5698,-6.2295,57.0013,50.0712,18.4523,-74.6041,-11.2560
6.8643,-38.0635,-36.1689,-76.5552,-36.2045,-52.6436,45.6143,47.5242,88.6406,64.8367,-32.6352,-44.2044,7.7519,3.9894,87.7988,99.9699,-26.7517,-90.1357,17.1854
-15.3988,-55.9882,-59.1792,-54.2698,-12.4390,-39.4843,50.7827,46.2477,93.4720,42.9774,-32.4246,-22.4252,2.9413,35.9952,79.7566,107.4926,-32.4991,-62.6494,26.5242
5.3382,-32.4216,-27.3269,-21.3073,17.7442,2.3357,27.3808,43.2550,57.1556,9.2308,-30.5795,6.8777,9.9580,55.9126,40.7738,69.3962,6.2473,-31.5721,10.5280
21.6087,-6.2236,-1.8032,-11.6882,24.3042,30.0445,31.2013,61.4034,34.2580,-14.1720,-26.7961,33.8564,26.0491,68.4819,32.3532,57.9470,22.7946,-26.9958,15.1353
20.9928,-8.7902,-0.6239,-3.0885,29.4118,37.7668,55.2976,90.5128,27.9503,-21.3068,-26.6916,66.3828,31.6983,99.6193,38.9236,75.3617,9.8582,-17.0452,41.0653
16.3112,-7.6981,10.6388,28.1239,51.4732,54.2031,53.2644,93.5834,6.0399,-26.4402,-19.6852,102.1427,37.9092,128.1657,11.8794,60.5661,5.1112,19.9596,37.8190
-2.3928,5.4117,17.8201,57.9753,60.3191,88.7397,55.0939,75.6553,-19.6706,-48.3483,-5.9636,110.0790,62.6051,116.8895,-19.9450,6.7428,-6.9494,60.1348,18.0159
-33.4620,14.6785,1.3515,57.6983,36.8177,112.2085,85.0371,65.7681,-23.1679,-72.7482,4.6963,98.1223,81.3897,78.2606,-11.7624,-27.4818,-39.4919,67.9637,37.8485
-47.2819,36.5192,-5.2233,38.0859,14.8293,106.9100,82.5612,68.4506,-6.1549,-70.5984,6.3594,103.2293,68.1521,51.0677,9.5384,-16.5178,-41.5693,38.7134,79.8091
-35.5336,62.3274,9.9577,31.9379,23.8785,108.7375,35.2024,76.5950,8.6890,-53.1798,-12.1746,105.3046,37.7725,47.1104,6.7389,0.2463,5.0843,18.1657,89.8583
-26.0543,54.3853,13.4368,47.7763,44.6387,141.7350,14.9396,81.7745,3.8387,-48.8372,-52.3541,73.1581,8.9298,52.8594,1.4649,7.4035,38.9824,40.1833,77.2200
-38.9508,32.2587,-0.5761,57.0918,48.2420,163.4805,28.1417,74.9613,4.3804,-40.7740,-91.1377,40.4611,-17.5460,54.1501,23.7394,39.9679,25.3605,61.1811,75.2458
-54.7386,23.8034,-10.3800,38.1749,33.0655,145.8081,17.8938,70.0549,44.5882,3.5994,-109.5313,28.1049,-35.2985,46.5220,53.3081,83.8248,-0.5664,37.7706,76.1848
-41.1245,-3.2003,-13.5210,9.5241,11.2378,120.7320,-10.6656,84.5366,88.0182,58.4997,-103.3769,1.6227,-38.0278,36.3729,54.0404,75.4389,-9.4270,6.7842,63.4826
-4.0840,-48.1114,-10.5439,-1.3641,-3.0598,102.8681,-20.2803,97.0967,71.3981,70.5112,-67.4105,-34.4706,-34.2188,29.3589,27.3454,22.5919,-7.2204,7.6029,46.2912
19.9711,-54.3004,7.3821,9.8073,3.4035,77.5721,-20.6738,81.2419,5.9468,43.8076,-14.8800,-39.8788,-30.8908,17.7178,-6.4956,-19.4980,1.6182,26.1674,35.8548
20.0267,-20.2818,31.2787,37.3556,25.7992,59.8010,-32.8013,46.7060,-51.7098,11.9639,13.0860,-32.1812,-25.8935,-4.7049,-44.2730,-56.3710,19.1156,55.6003,17.2100
14.3097,13.8002,45.7685,72.5018,40.4387,64.1613,-53.5811,1.8243,-82.8006,-33.3784,1.6348,-40.8008,-22.3750,-24.8352,-78.7422,-99.0727,33.4114,98.5947,-30.7516
10.2479,40.0085,55.0763,94.8492,37.2945,71.0736,-72.3978,-60.4209,-102.1337,-89.4686,-12.8190,-35.1241,-31.0732,-31.2743,-85.1920,-105.1513,29.2593,122.8508,-77.1111
-0.5496,40.6878,58.4726,89.0700,35.1068,75.3318,-70.6676,-109.3479,-111.2574,-92.5350,1.5284,-6.9010,-46.5588,-32.6425,-60.1594,-68.6225,6.3701,105.8503,-63.2652
-23.6261,-2.3145,38.3822,64.0380,45.0647,83.2223,-39.2518,-97.0041,-95.1363,-30.9696,36.7663,-3.5675,-36.1251,-31.3593,-33.1485,-36.3852,-23.5957,74.2817,-18.6014
-45.9062,-32.6298,7.0876,42.9872,46.0333,74.5247,-10.7806,-48.9641,-63.4405,-1.7939,69.8300,-18.5852,10.9096,-16.1223,-29.4755,-27.8534,-42.1311,56.5006,-30.2747
-37.0374,1.8306,9.9611,41.8818,24.8363,51.0766,-15.7986,-37.4734,-58.6477,-49.0457,77.0097,2.7409,45.3395,2.4975,-46.2072,-41.2030,-32.3688,54.5606,-79.0330
-1.2649,52.9798,43.5107,49.6135,3.1995,52.1062,-30.5055,-62.5875,-85.1776,-84.9102,47.3718,45.8424,29.9105,4.3204,-57.6607,-60.5322,3.2960,55.2994,-78.6368
6.0734,63.3774,44.0969,34.2049,-8.9478,71.2473,-24.7220,-64.2470,-85.0046,-48.8610,12.6363,56.9712,3.0571,2.2024,-40.9089,-35.0798,37.6006,33.5257,-45.2566
-27.5347,46.5789,-1.3654,-7.0157,-32.0835,62.9247,-12.5050,-35.3992,-37.0035,5.7743,11.4136,39.5728,3.6708,7.3342,-9.7024,24.8303,41.8490,-11.3027,-39.0019
-45.8899,32.6601,-30.2794,-29.4692,-58.1854,36.4336,-15.6713,-13.4008,3.9592,21.1568,23.7101,18.6945,9.9165,-3.8195,-2.0800,24.5867,22.2879,-30.9170,-37.5831
-38.6091,30.8523,-20.0257,-10.3242,-49.9559,36.7029,-23.9016,4.8768,3.9812,8.0713,16.4041,-5.6509,5.7641,-29.5022,-20.2529,-31.5091,11.9455,-2.5254,-16.1280
-50.1933,31.6625,-16.7413,11.1621,-18.4180,59.9959,-13.4439,33.3391,-4.4982,3.7838,6.7258,-23.9614,9.7934,-34.2025,-24.9028,-39.4676,12.6899,24.8626,1.0582
-69.6661,10.5850,-35.5767,2.8873,-8.3199,73.4799,19.6827,41.5475,16.6420,19.3220,3.6306,-23.2177,23.1211,-25.5939,1.7291,-11.8560,-10.3109,14.4190,21.7195
-58.7951,-22.3455,-42.2818,-12.2696,-16.2016,74.9592,53.4930,15.9666,52.7636,24.7850,-9.3917,-14.7123,37.9208,-30.6505,31.5213,-26.6606,-53.8157,-6.0471,49.2883
-39.5376,-23.5377,-27.5046,-12.5392,-15.0869,79.8854,61.9642,-2.7541,46.2958,-4.9770,1.8359,-6.6795,60.5175,-27.7443,34.2428,-42.9440,-66.4723,-10.8951,31.2060
-35.3971,-7.2933,-13.0975,-11.2525,-12.7711,88.2286,48.6942,7.6861,-3.3138,-32.9254,52.7797,-3.4764,77.4836,-6.7384,19.1180,-18.0098,-46.1238,-10.5041,-21.1266
-27.1876,-23.8241,-10.6914,-13.2207,-15.0618,92.1843,46.9329,27.1497,-2.4038,-11.0605,50.1486,-15.3421,72.7056,0.1538,18.3777,-15.4031,-48.7071,-7.6510,-22.3406
-20.3088,-53.7781,-18.8910,-7.5737,-5.2665,93.3697,67.7254,44.1320,72.6122,36.7847,-30.5829,-16.3251,68.3831,4.2152,35.6437,-38.4467,-78.2185,1.3411,22.5725
-34.2810,-59.2475,-28.1275,-4.0468,8.8253,95.1548,77.9231,57.5476,108.1793,62.9338,-51.2264,20.0555,74.2255,34.0885,43.9666,-16.4868,-89.7323,-0.4691,43.4435
-44.2093,-63.9725,-26.2299,-10.4745,8.4098,88.6330,57.1745,57.0964,66.1505,63.6198,22.3792,43.6859,61.7934,50.1312,35.3558,17.9345,-86.9564,-12.1873,44.1779
-32.8695,-75.3105,-18.9759,-4.3145,5.4343,69.2632,34.7747,43.2136,37.7446,42.3228,48.3111,20.4578,35.5422,32.7914,25.3062,3.9726,-92.9933,-0.3649,43.1870
-29.4982,-55.6507,-21.1942,17.9279,4.3523,57.8683,34.6156,29.8810,31.7909,-2.8725,9.5340,15.7546,28.7253,38.6182,15.3122,-5.2412,-82.9276,31.5395,15.2919
-43.7561,-18.4282,-26.4843,27.7605,-6.8031,72.2343,35.7244,30.9876,-8.1017,-37.5175,18.9421,49.3206,29.8550,65.3178,0.5691,19.9093,-48.4456,44.2407,-8.9291
-49.2311,-7.1176,-12.7665,35.2638,2.8805,97.5823,28.9004,59.8779,-41.0509,-29.3951,40.3233,41.7943,16.8577,48.0644,-7.9868,12.6485,-34.9862,52.9612,26.9414
-38.0619,-5.8594,24.0493,74.0038,62.1926,118.7227,40.1736,101.6975,-39.5366,-11.8964,-11.8189,-6.3688,12.1695,11.2843,-8.9548,-28.8649,-48.8590,98.4607,76.4035
-23.5830,4.7314,55.4571,112.1164,110.9682,142.1593,59.0355,112.8243,-68.1777,-28.5875,-44.6030,-13.8624,24.2534,18.7563,-17.6350,-40.3011,-44.4828,141.7789,70.7883
-11.9370,-5.5909,53.2050,99.4350,90.9910,161.0461,37.9279,95.6025,-114.9134,-54.6869,19.4342,6.2310,18.6201,43.7236,-33.1616,-28.6724,-18.2029,126.8278,41.6882
-2.2796,-36.2335,37.6330,69.9463,60.1682,156.4547,-14.7644,94.4645,-113.9610,-48.0781,78.5296,-2.3915,-10.4093,50.1870,-43.3138,-22.5519,-0.1275,93.3400,31.5080
7.2611,-43.7941,49.3563,75.3373,82.1927,142.3390,-42.8283,98.5074,-111.2696,-32.1140,76.2740,-14.0979,-27.2888,60.1344,-46.9354,-0.7035,8.2743,95.4044,16.1763
14.0155,-28.9634,71.9173,89.6556,104.4150,144.8233,-36.8326,67.6820,-148.1290,-50.2052,75.7361,-8.0942,-24.0940,66.9502,-42.9321,25.5110,10.5618,106.2888,-13.7375
11.5856,-20.1232,62.5914,82.8814,72.5543,154.0920,-24.8302,28.3788,-149.6408,-80.2160,60.3633,-14.2079,-24.6188,48.2453,-30.3268,14.5348,1.4248,102.9783,-27.7293
5.1086,-5.2708,39.8359,85.3410,39.3070,154.5503,-7.5740,17.9775,-98.3133,-82.0761,-25.6928,-18.3435,-28.1506,35.5693,-23.7975,-17.2817,-0.0781,115.9436,-24.1471
5.1255,26.1615,41.8543,107.9305,52.0153,158.8337,14.9327,7.7802,-74.4046,-84.0433,-103.9231,1.0567,-12.6808,38.8856,-33.6030,-45.9078,18.1205,141.7943,-27.2701
11.7444,35.2936,51.2758,106.8449,68.1355,164.6965,18.3213,-30.4597,-81.9225,-120.1568,-79.8526,-5.4326,19.2673,13.4801,-40.0699,-84.4758,21.2785,131.4576,-45.1631
23.3915,-4.3347,38.5913,60.6517,49.9480,135.0840,2.5306,-82.0542,-65.3320,-152.5630,0.4878,-66.3489,45.2452,-36.5947,-20.7438,-107.7762,-10.4148,73.0400,-84.8148
33.7702,-58.4396,7.0479,-2.4987,14.0593,59.4272,-13.7236,-134.0199,-34.3967,-149.3884,66.3384,-137.3026,56.1126,-69.0696,8.1220,-83.8135,-39.5849,2.0230,-152.6964
26.8925,-86.2601,-30.0115,-50.8987,-29.7222,-14.6369,-36.3857,-165.0123,-21.0767,-133.0041,119.4796,-189.4567,52.1860,-94.5234,12.7364,-62.3735,-42.2897,-45.1293,-210.7547
10.9173,-90.3096,-52.7233,-72.3671,-72.7235,-38.0879,-56.4741,-142.3824,-12.1113,-103.5343,141.0306,-217.2226,33.2193,-123.2074,3.2585,-76.3733,-40.9275,-57.4026,-199.7078
12.4811,-88.9162,-48.4641,-75.1379,-78.7777,-18.4437,-31.1400,-87.0027,17.3512,-41.6977,81.1000,-199.1038,14.4141,-113.1324,26.4332,-56.7344,-44.0563,-59.2671,-128.4601
16.8462,-84.5855,-46.9634,-82.7946,-56.1187,-5.1460,33.2864,-45.4614,65.9883,31.0465,-21.0278,-152.0761,13.0479,-64.1203,81.9586,28.1602,-38.4674,-78.8762,-67.6732
-10.5000,-81.9681,-75.7611,-106.5241,-67.5000,-27.5841,75.7478,-9.8623,107.4523,95.4616,-59.8568,-130.5698,17.2858,-40.3254,117.2246,99.2959,-42.4699,-105.8582,-39.3651
-54.6467,-95.6455,-111.2537,-129.3518,-110.4645,-60.6435,88.9569,29.0130,125.4011,146.9959,-21.1253,-130.7871,16.5543,-54.6572,121.7317,109.2904,-83.8509,-118.2746,-4.0250
-82.1905,-115.9029,-132.1788,-128.3789,-116.9244,-61.1695,114.2442,31.5699,131.6457,141.1086,14.8559,-102.6702,27.6360,-51.9208,126.6823,97.9432,-130.2014,-114.4378,38.8869
-93.3198,-113.9528,-141.2988,-101.6134,-82.3598,-25.4456,138.9514,-0.9234,120.5043,76.6540,18.5940,-49.8033,45.7524,-19.8635,122.0478,88.0945,-128.1321,-93.2710,53.6643
-93.4566,-95.5932,-124.9168,-70.3877,-55.0015,11.6424,126.7794,-7.8847,79.0778,59.5242,22.3102,-25.1543,39.1942,-10.7661,89.5992,62.8785,-95.5527,-59.9369,59.8370
-78.9215,-89.2496,-85.2884,-51.8506,-33.4248,26.6362,100.4441,20.7983,55.4325,124.9932,9.4345,-42.6142,11.6149,-40.5767,64.4951,28.0584,-80.5518,-37.1064,98.4424
-61.4608,-89.4058,-61.6549,-37.8123,-1.3382,31.3176,87.0044,40.1108,85.2649,168.0258,-49.4969,-58.8738,-12.6509,-57.5418,67.3755,11.0983,-72.7900,-26.7348,141.7829
-57.4002,-84.2991,-65.5382,-25.2556,6.3829,41.4820,61.8003,36.4057,106.2179,151.2881,-88.2917,-50.4092,-38.8042,-37.5473,65.8961,21.8280,-52.2978,-15.6595,139.2488
-71.0528,-96.9395,-82.0126,-35.2023,-32.0487,46.0830,21.0806,23.7673,86.0349,149.3674,-44.3812,-51.4768,-64.6547,-21.2410,54.2605,48.4768,-51.3227,-18.0921,96.2657
-96.2824,-120.6820,-110.5564,-60.1446,-75.0452,31.6394,9.4623,9.3749,87.4023,169.9116,-0.9087,-69.9200,-65.1365,-20.7621,59.0003,77.1694,-77.3999,-34.9248,49.5627
-107.4389,-98.4701,-124.7937,-53.4535,-79.3736,17.4086,27.9742,4.6816,114.1026,157.4692,-49.5821,-46.8040,-52.5995,3.2011,65.1726,97.3031,-73.5112,-26.8487,27.6072
-82.0123,-35.7402,-87.0119,-11.3070,-47.4549,26.6747,21.4694,10.0008,99.1238,118.0581,-113.0512,22.1158,-57.4761,42.0592,41.6244,90.0756,-25.0281,7.7045,36.4645
-41.7448,-7.8579,-32.1683,16.6768,-12.2907,43.8335,-22.2077,2.8049,53.5607,81.7567,-87.6088,52.5852,-63.1967,46.1270,3.5892,47.0098,9.4143,24.2130,39.3074
-21.3989,-16.8102,-14.0724,14.3728,-5.9719,43.4032,-56.0112,-15.0545,40.9080,44.1058,-33.7667,31.6138,-45.8152,32.4515,-13.5092,11.3091,4.0666,16.4812,-0.0913
-21.6191,-1.1848,-18.3641,4.4793,-24.2299,27.7918,-50.3960,-15.5523,70.1548,13.8370,-45.7008,35.9698,-17.4478,48.6463,3.0361,33.4142,-13.2076,2.8844,-47.7109
-29.0220,19.0814,-28.4900,-15.8991,-37.1627,2.3964,-19.0172,-4.6654,117.0212,13.5669,-75.5168,63.7737,10.7589,69.9932,39.6957,81.9365,-30.3292,-29.2830,-53.0451
-35.1429,-12.3294,-59.5789,-58.5272,-48.8792,-35.9772,12.5864,-9.9388,153.9161,33.3761,-50.9859,47.7217,31.4928,57.7079,72.5788,102.7631,-50.6704,-81.2751,-38.0386
-33.5743,-50.2518,-91.7147,-100.1162,-85.0844,-75.1599,29.5210,-24.1646,152.3491,44.6118,-15.3649,7.2003,27.4058,41.4760,94.1492,125.6483,-60.2570,-119.0580,-51.2290
-31.6819,-26.4529,-95.0826,-112.4598,-118.1404,-102.5633,35.8512,-28.5988,119.4827,30.8231,-16.4840,3.4481,14.3001,48.7407,104.6854,175.2557,-43.8669,-126.8939,-85.4043
-30.0414,22.5790,-77.1385,-94.8995,-97.7080,-117.7344,42.5580,-32.8428,75.2310,-0.8975,-15.1597,21.0073,25.0244,47.9132,85.8584,177.3376,-6.5354,-112.2924,-98.4022
-5.1371,38.2689,-40.6349,-59.4537,-45.6325,-103.9494,39.7649,-45.6272,17.0582,-27.3305,3.0781,22.4359,33.2877,21.7649,39.5712,98.2041,29.9503,-76.9791,-74.2833
35.3718,35.4092,6.3485,-21.1249,-16.9500,-54.1752,17.1032,-49.8413,-25.4218,-40.6045,-18.3330,17.2529,0.1516,6.1313,13.5411,34.1084,46.1909,-33.2490,-36.2329
48.6213,42.2552,23.7267,4.7603,-1.3816,-12.7779,5.6754,-33.4424,-11.8646,-44.8430,-88.2687,20.5047,-34.4441,21.2361,23.5904,42.1537,54.4007,-5.0606,-10.3775
40.2132,60.2613,16.9769,16.2175,34.6415,-8.3390,27.5173,-15.6075,13.2563,-35.5088,-137.0543,35.3106,-21.0728,36.2219,24.8190,51.3300,84.2165,1.0391,7.1571
49.0409,89.8721,35.7108,21.0881,64.6433,-7.5228,32.9751,-23.9198,-8.3670,-31.6655,-122.8819,67.9021,1.4038,29.2757,0.8661,21.7212,125.6611,-7.0345,25.2892
64.1505,113.3072,61.8887,24.9715,56.8088,4.4888,-17.6007,-48.8544,-36.2349,-61.5797,-83.6203,108.2361,-24.3161,29.8456,-16.6677,9.6297,143.2941,-16.0468,36.3144
58.1907,104.1645,48.8053,34.2100,42.5620,11.9244,-66.2582,-41.5751,-11.3881,-82.3406,-88.0958,139.2863,-74.2047,63.1774,-18.8300,29.0581,140.0877,-7.3768,58.0158
42.5887,85.6176,23.5901,48.9928,47.4870,38.7248,-51.9640,17.8955,45.1731,-35.4509,-154.2052,167.5992,-89.0944,100.2594,-20.9275,23.8573,140.6931,17.0628,117.9160
32.5395,92.3988,21.7957,54.6524,42.2131,92.3691,-13.0293,80.9283,76.3574,31.3564,-210.4574,194.7787,-66.6623,111.5088,-25.7224,-6.8742,146.2963,30.2767,170.7713
32.8210,103.9854,28.9068,47.3295,23.7444,110.2853,-0.9009,97.6133,53.4080,39.1938,-190.7779,196.6040,-42.7367,110.9233,-33.1612,-13.9324,150.7836,26.7368,152.4122
46.5118,104.1639,40.0058,50.0837,32.5220,80.1668,2.3995,73.3113,-2.5281,-1.1766,-141.6131,172.0170,-24.1250,105.4606,-47.6043,-13.5973,155.3320,33.4846,94.9698
50.6220,120.4024,59.7361,73.4544,60.8762,74.1965,9.3857,29.6475,-42.2367,-45.1232,-131.0700,155.4247,-4.4016,82.7197,-62.1883,-41.1144,152.7287,58.8423,58.5017
30.2014,143.1917,72.8942,89.5905,68.8186,105.3631,-0.6886,-13.8145,-57.5486,-71.9029,-126.8055,154.5230,0.3753,61.4763,-58.6935,-43.6054,134.2022,72.2723,35.8893
20.4425,126.9773,80.7565,78.4256,69.1799,121.2694,-7.1924,-18.7384,-77.7809,-65.2835,-84.2401,138.3002,-7.1054,58.9644,-32.8038,5.8311,104.6681,56.4438,26.8206
33.9286,85.1722,90.3612,64.0753,81.5542,123.3947,18.2165,21.9466,-94.4187,-38.9317,-39.8325,100.9300,5.4253,43.4331,-17.5764,3.0880,75.2412,44.0212,59.9944
33.0599,65.3425,87.2838,70.7654,80.0616,140.5439,33.4867,55.4485,-83.1324,-22.8336,-29.0269,76.0497,29.3205,5.5845,-43.3884,-92.8010,56.4226,63.3950,102.5685
23.5182,62.9871,86.5983,83.0489,72.3923,161.0589,9.3589,65.0504,-55.8601,3.3639,-43.5848,71.6425,29.9643,-10.6420,-70.4957,-152.0934,48.5531,83.9389,108.8047
40.6677,48.5893,112.9288,80.4791,99.9339,171.0403,2.6600,93.2999,-20.8042,59.2278,-81.5255,54.0579,27.5736,-1.3253,-45.3353,-117.6131,34.0443,72.9645,111.1182
55.1518,20.8566,121.1169,64.3656,128.2269,160.9768,37.1685,126.0796,25.7263,107.7737,-119.7246,16.8722,45.0883,-8.0984,-2.5302,-89.5528,6.9670,49.4048,132.9668
28.9722,-7.2344,75.4670,35.8975,98.0542,112.0312,49.0447,106.4307,62.5177,139.9095,-111.4696,-6.3929,42.4311,-30.4730,8.0610,-87.5374,-15.2661,26.4857,134.9329
-4.0164,-17.0507,37.1016,5.0504,48.5912,51.1952,23.0345,61.6508,74.7080,179.4337,-84.9726,-11.3748,7.7358,-45.0362,13.8521,-45.8981,-27.7344,-1.6658,112.0017
-7.3575,4.7260,48.6649,3.6673,38.5649,28.9407,13.9879,51.1595,68.9950,190.6560,-105.6433,-23.2761,-11.0319,-55.7042,29.3856,-6.9373,-34.2587,-3.4256,93.6743
3.5991,27.1780,61.4372,25.0811,38.7201,28.9341,20.8081,55.5735,45.1076,148.0453,-134.2923,-34.2773,-12.1008,-51.8544,24.4870,-10.0029,-28.3577,27.6973,68.4153
8.4775,6.4966,42.1696,13.0130,11.9883,14.1495,8.1001,54.5627,24.8608,114.2975,-90.3893,-22.1091,-23.3883,-11.8893,22.8488,26.5813,-25.7132,19.5456,34.3106
6.4087,-40.0241,15.7384,-33.0540,-17.1207,1.9619,0.1042,79.4175,39.8939,116.7619,-6.3328,-4.0781,-18.3563,32.8842,50.9189,94.5194,-50.0813,-37.9704,28.0621
5.7654,-63.8168,-0.5149,-52.5617,-28.5773,3.1499,14.8157,109.4519,57.8397,104.7983,33.6718,-6.7291,9.2434,38.9474,57.8131,83.0528,-69.2373,-59.1700,39.6073
14.3313,-61.5645,-11.6942,-50.2848,-40.3483,-9.3464,11.9686,89.9887,49.1921,80.1157,24.8281,-23.0240,2.4115,22.0055,39.5841,44.0429,-46.3820,-49.3100,31.2439
19.5581,-58.3855,-25.3657,-78.1579,-67.1405,-36.0164,-7.2137,54.9658,63.6796,89.0283,5.1924,-31.8476,-37.4308,15.3932,65.8686,93.4284,-25.3428,-85.8854,24.6186
6.4434,-57.1384,-43.8581,-108.4319,-98.0178,-50.9318,6.9090,62.4338,108.6325,114.9524,-16.7249,-17.1031,-44.9824,23.8774,109.2308,150.1387,-46.1175,-125.0074,44.0584
-10.9230,-52.5033,-54.0442,-87.0884,-100.6145,-44.0487,40.9008,84.8400,118.4237,122.4541,-38.5889,18.9312,-18.3811,43.7201,90.9769,117.5051,-65.6457,-90.9728,58.5037
-24.0282,-55.8345,-51.1020,-48.3056,-59.9543,-19.8544,49.0628,84.9611,104.5522,122.3846,-46.8369,33.8620,-1.2223,58.2597,56.7131,80.0837,-62.7549,-42.5619,54.2639
-44.6888,-69.6151,-52.8663,-36.4038,-18.0356,3.1867,39.1148,72.8148,113.3330,114.8366,-41.4663,-7.5023,0.5129,38.5700,66.7575,88.1443,-76.1856,-33.4681,45.6845
-59.8937,-65.5901,-50.0711,-21.4668,-13.2272,10.7120,18.3251,45.2216,93.8377,77.5945,-29.9781,-66.0779,-7.5942,-4.8681,63.1935,69.4860,-93.5010,-9.3845,11.7301
-57.7790,-24.1452,-17.0630,15.0253,-12.1953,20.5123,-24.3929,2.0766,19.7717,30.7200,-10.0983,-85.5189,-17.5534,-32.5764,16.9267,29.7936,-74.1989,39.3589,-55.2319
-65.5405,23.3927,20.2467,37.8134,21.1044,38.2554,-43.8115,-19.0420,-26.6155,13.5214,14.7903,-79.5717,5.7733,-45.1552,-5.7595,27.5823,-56.1605,54.8167,-100.2366
-79.2350,38.5869,32.5095,37.2297,58.6664,39.8174,-0.0005,-14.6616,-30.2917,12.5600,35.3951,-83.7674,64.8983,-64.4025,6.4182,24.6447,-74.6378,44.0906,-99.4910
-56.2543,36.8008,47.6905,37.1287,72.6536,34.9714,43.8205,-19.3726,-68.6194,-9.3433,61.6136,-86.5362,105.6545,-77.6794,-1.6755,-15.0736,-72.8348,44.2718,-96.6858
-17.7109,44.6989,74.4898,38.9404,80.2533,42.4909,32.0466,-21.6343,-128.1076,-34.3565,100.8467,-73.7241,105.0793,-71.1248,-29.3213,-39.1594,-26.7056,41.9943,-101.3032
-15.6030,48.7510,77.6276,36.1614,92.3991,38.7593,11.1345,0.4074,-134.6582,-22.1962,119.8295,-57.0371,89.4335,-55.9226,-37.3191,-19.5134,0.0956,31.7174,-81.8600
-20.0894,43.6292,66.9490,38.9793,95.5377,35.1085,9.7439,15.6874,-106.1133,-4.1230,87.3379,-27.6490,68.3925,-23.9531,-27.0952,12.6717,2.3126,32.0756,-56.3381
17.4694,48.7778,77.1031,47.9720,87.0540,61.5257,-4.8131,9.7672,-91.9642,-31.5375,30.3973,23.4114,41.9025,33.5984,-23.0180,31.0418,33.6551,35.6231,-58.4677
63.3740,50.4646,85.3832,51.3568,78.0738,43.2511,-19.3327,10.4485,-79.1744,-63.5212,-2.7157,55.1096,27.2885,68.9183,-34.9376,14.1970,63.7966,36.0066,-59.6890
68.2301,29.1594,64.5337,46.8717,70.5676,-63.8787,-3.5145,12.1853,-63.7998,-47.7994,8.5256,43.1898,27.4091,46.5679,-55.7625,-30.4141,41.6910,42.2396,-36.0045
42.7910,15.0768,39.0330,35.9534,52.8324,-110.2466,5.3168,-4.7059,-81.2281,-35.3652,60.7155,35.2231,28.2832,21.6747,-68.5677,-44.3043,22.1953,39.2344,-28.7577
22.4457,21.3079,27.2420,21.6104,22.1273,-4.1287,-16.6714,-19.5957,-115.7358,-70.5531,113.6994,56.4495,28.8850,40.5380,-66.3832,-22.6943,50.9505,19.4794,-53.0643
24.2327,11.6178,20.5551,15.6677,0.6228,96.5944,-29.2415,-28.3040,-102.5075,-100.6742,106.8043,64.3151,30.5935,54.6420,-56.1283,-36.2089,61.8369,10.5712,-59.4455
32.9475,-12.4265,14.3895,17.2607,-2.1939,72.7218,-24.4833,-57.5194,-35.3407,-91.3877,51.4694,47.8553,26.1415,28.4682,-40.4560,-80.2411,16.4940,13.2554,-38.0903
14.8401,-22.4281,-3.3569,5.6294,-14.2751,17.0371,-30.6583,-81.6018,29.5383,-57.5540,21.2983,37.8508,15.4222,5.9370,-19.8989,-73.6808,-28.3352,-0.9224,-29.6432
-27.7386,-36.5615,-38.1640,-21.3056,-44.9558,5.1918,-35.8160,-51.9091,63.1271,13.4750,27.3801,22.3229,2.2796,6.3327,-2.2545,-20.1147,-44.8759,-22.9886,-28.4119
-51.8139,-53.4516,-55.5015,-37.6900,-65.8028,4.8959,-36.1348,-3.4879,69.1117,90.3328,32.2019,-5.3945,-14.4153,-1.1499,1.5030,6.8319,-48.9420,-28.3614,-12.0059
-39.3146,-26.1737,-33.4873,-33.1064,-73.8145,3.7784,-64.2001,-5.0756,44.8198,80.9568,42.5298,7.0578,-27.8514,-6.6033,-14.5132,-1.8404,-28.4589,-27.0439,-16.0414
-9.2625,17.5597,-6.8105,-25.7335,-84.6798,2.4786,-92.9995,-37.8198,12.3973,8.6541,58.6908,56.9858,-24.4727,17.5928,-33.4424,-7.8961,5.1400,-31.3087,-54.4743
16.7597,5.0663,-5.1001,-28.3450,-80.4417,-16.5594,-61.2072,-34.3425,12.2186,-13.1782,44.8716,62.8455,-5.8616,43.8716,-22.1142,2.8769,1.1835,-33.4945,-69.0368
17.8748,-31.4767,-16.7932,-35.7000,-59.5838,-29.2351,-2.1837,2.7549,21.8703,8.7473,22.8231,19.0222,6.7459,44.2020,15.3085,37.1302,-26.9843,-33.7203,-46.9445
-7.4588,-21.4584,-29.7066,-41.2315,-62.3896,-15.2413,9.2718,14.7434,-1.0136,0.1701,33.2783,-3.9754,-3.8184,35.4242,35.0509,83.5814,-21.0755,-36.8017,-44.1993
-26.3391,9.4348,-40.5766,-42.7360,-79.8218,-15.0153,-10.0474,-7.0124,-12.6852,-19.8897,31.5323,-3.9519,-22.4338,23.1579,31.6385,98.1623,3.7026,-38.7728,-58.6271
-29.9429,11.7581,-48.3843,-43.7089,-69.6908,-41.2808,-6.3989,-14.8039,30.1511,-17.5358,-3.9774,-22.6326,-21.6051,-0.7092,42.1853,82.6718,-5.9189,-43.0163,-43.6340
-47.8175,-10.0453,-68.4804,-56.2438,-66.0677,-55.9591,1.9492,4.6201,69.5362,-19.2549,6.4481,-54.4561,-15.4619,-20.1819,66.0972,87.2497,-41.8809,-57.1523,-19.3659
-71.2072,-42.5699,-102.3813,-81.0657,-111.6581,-57.4553,-19.5823,20.7016,67.6527,-26.3351,70.5710,-86.0267,-34.8542,-31.7774,71.3115,97.1789,-67.0725,-72.4700,-19.2314
-66.0680,-65.0146,-117.4700,-94.6283,-147.5233,-66.4524,-34.1668,31.3334,72.6281,-17.7892,82.7231,-114.2973,-55.4609,-51.0442,64.0383,68.4259,-72.2924,-75.2219,-8.6637
-51.0814,-56.0756,-108.2575,-84.7528,-119.3197,-73.4057,4.5464,50.9870,88.5966,-13.9370,32.9292,-114.7323,-39.8079,-58.5521,71.2731,46.5118,-64.5390,-67.2559,30.1276
-50.9389,-49.2412,-107.1908,-71.9755,-80.0407,-72.1175,52.4617,52.3957,66.9145,-32.5589,25.5345,-87.2628,-16.5733,-34.9727,77.6968,65.9239,-51.1998,-59.2119,47.1856
-37.4166,-64.2747,-107.3022,-67.8061,-78.4585,-68.8884,32.1954,13.2553,26.7533,-58.7561,76.1108,-61.0246,-19.9173,-15.1534,46.7707,46.3516,-29.2180,-55.7861,22.7039
-6.0274,-43.0830,-74.7640,-54.8885,-75.9190,-56.5442,-27.0722,-26.8148,16.7486,-72.2821,93.0987,-27.6361,-19.0834,-21.2425,-5.3975,-30.7225,7.2209,-51.9351,-0.7211
-2.5574,20.8897,-30.6574,-24.9994,-35.9961,-34.9347,-31.7822,-30.2881,16.3889,-54.6171,45.1237,17.0008,5.3005,-21.4928,-27.0618,-52.5449,37.9444,-34.4545,-2.0004
-22.6109,47.6287,-10.4818,12.1270,15.9937,-14.4406,-0.9695,-15.2332,-17.9467,-26.0852,5.5111,30.5086,11.9025,-2.7214,-28.8449,-11.7129,48.1890,7.2939,-3.2467
-11.5516,34.0367,9.4835,51.9401,46.1864,4.0276,-30.5915,-7.2925,-87.1987,-46.6089,34.8215,19.8643,-17.6939,13.3607,-69.8200,-26.6762,66.4762,62.2546,-16.5225
28.3163,45.2503,51.3128,88.6836,58.0654,15.7090,-101.5620,-12.8099,-158.2530,-110.1979,92.8385,43.4072,-46.4640,26.3063,-134.9685,-89.4536,101.4757,102.4778,-30.1798
48.3876,73.4907,87.5702,116.1122,80.3282,23.4425,-120.7631,-36.4296,-191.5555,-149.4250,100.0814,89.1001,-46.8601,44.5154,-155.8508,-103.0123,112.4583,122.1242,-38.6821
43.0779,92.1913,109.6475,144.8450,122.9675,49.1738,-101.7197,-68.3505,-186.3311,-165.5088,59.0071,105.8077,-24.6961,50.6350,-144.7905,-96.9192,95.2976,144.4877,-53.8899
39.4902,119.5257,135.8174,173.6907,153.0573,80.2178,-112.7941,-86.9354,-182.3760,-196.3693,39.2709,100.4413,-1.9825,33.3214,-154.6403,-131.9314,85.4022,170.3062,-77.1115
42.9174,130.3880,146.0552,172.5682,136.6720,79.8637,-130.5223,-91.1725,-186.4179,-209.0549,52.5999,94.6996,-5.2488,13.5387,-159.8968,-154.0383,76.0716,169.2441,-78.4642
41.3183,92.0167,114.6954,137.2112,88.6984,66.9319,-101.8620,-85.5621,-164.9835,-168.2600,41.2493,89.4476,-32.3995,15.5766,-122.0193,-118.5145,52.5744,139.0621,-39.2346
19.5546,56.0153,63.4084,97.0259,45.4966,67.6073,-46.5566,-59.7885,-109.8883,-102.5888,-11.2601,87.3873,-48.5412,32.8552,-64.6970,-51.5106,32.8326,103.7827,6.2258
-32.7670,45.2600,6.2247,55.0353,12.4147,43.1397,-1.3585,-21.6635,-39.2710,-38.1485,-49.5782,64.9572,-43.9840,34.7180,-6.1621,35.8028,5.2744,63.3265,22.0875
-85.9363,4.0092,-60.8096,7.1714,-20.9595,-12.3933,33.1164,6.2570,20.8715,14.0797,-37.7399,6.0784,-39.1941,15.8008,43.5445,103.4630,-44.0303,22.6471,25.1305
-85.9287,-47.3154,-92.7815,-12.0443,-42.4966,-25.2368,57.8002,30.9041,30.3905,34.2901,-12.8071,-24.5223,-28.7072,13.7757,41.4033,80.3122,-61.4746,17.5359,33.7068
-45.2522,-35.8655,-59.3992,6.7841,-38.5996,16.3515,65.4240,59.1250,-10.3613,29.4957,-8.1928,17.8003,1.4685,44.6473,-4.3178,17.4203,-23.9856,41.2622,27.8426
-37.9948,-1.9042,-32.7030,12.2096,-27.9632,29.8349,63.4165,57.7888,-36.3960,17.9373,13.8829,61.5563,30.4423,66.0813,-17.2374,24.6337,-6.9189,35.7857,3.9784
-72.6891,-14.9176,-65.5308,-17.3918,-35.4858,-13.7308,66.5968,13.4071,-16.6844,-7.1056,71.0623,46.0042,41.6599,44.0123,14.2402,64.7289,-45.3133,-5.5823,-10.7501
-80.8924,-37.0306,-95.8660,-46.7668,-56.8725,-58.9252,70.7728,-30.7596,15.4411,-33.1748,89.4697,-1.0106,43.4410,-1.5275,39.2360,54.4193,-75.0168,-37.9516,-17.8930
-51.6418,-30.3918,-87.7315,-65.9032,-80.2136,-81.4614,53.6683,-43.2884,44.7939,-28.8390,42.2491,-52.2861,27.3934,-37.9487,55.0477,42.2977,-63.2716,-58.5210,-37.1661
-42.5119,-29.8284,-94.6519,-93.7955,-106.5160,-115.4098,14.0225,-36.6905,77.0717,0.7670,20.2976,-92.8580,-11.0537,-55.2572,71.7539,76.2369,-44.7863,-90.3960,-49.5680
-52.6515,-42.5403,-117.5960,-118.2930,-124.0192,-167.0684,-13.5984,-20.3765,101.0660,42.6748,45.2445,-97.5815,-35.4937,-60.3824,66.1869,91.7415,-35.4202,-117.5647,-31.7757
-30.4478,-38.8502,-99.0503,-116.9149,-113.4039,-186.6405,-11.6053,4.7879,115.4856,93.5342,20.0402,-87.3731,-28.8566,-63.0542,48.6621,59.6481,-20.5629,-117.6228,-9.0538
10.6164,-23.0869,-57.3698,-99.7742,-85.6153,-154.0826,-4.9070,20.4352,120.9856,115.1993,-52.0836,-94.2874,-22.3955,-62.6937,46.3411,34.4421,6.6709,-102.9362,-7.2198
20.3967,-7.4802,-43.1074,-84.5715,-63.7089,-125.4678,-3.8479,12.5727,95.1708,85.8969,-60.7473,-92.9578,-21.0064,-61.0407,39.6486,27.2632,33.5902,-90.0640,-11.0990
7.7499,15.7813,-36.8047,-68.4769,-50.5040,-133.6443,8.8349,-12.3890,46.2006,45.6206,-18.7683,-73.1989,-3.4364,-72.2543,19.8825,7.5658,34.6779,-73.6827,-13.5656
-0.2209,38.3886,-21.0829,-41.2488,-42.1059,-124.5471,26.8883,-45.3071,20.5901,10.7460,-32.0128,-63.2093,9.3550,-82.8030,16.7447,-9.4520,10.5731,-40.9053,-28.3822
-13.3772,43.1023,-22.3590,-3.9759,-27.5509,-69.4774,32.6714,-65.9758,20.1908,-28.9598,-83.9811,-47.3980,-2.2248,-56.7083,21.6035,-1.7557,0.2041,4.9622,-39.9842
-23.4943,38.8315,-22.9364,28.0116,9.4780,-28.3078,23.4795,-52.5021,2.7725,-45.2970,-76.5549,-9.2322,-5.0396,-13.3147,-3.9001,-2.2911,20.0878,38.7264,-31.2930
1.4857,48.7038,18.0675,43.8738,46.3440,-33.8677,-9.7625,-35.5515,-44.8052,-46.1226,-8.7925,15.1594,14.3687,-2.6526,-52.6061,-38.4160,45.8718,46.7003,-42.2599
41.0451,79.1999,70.5648,54.2350,48.8153,-40.3986,-51.1940,-64.9338,-102.1685,-86.5075,40.4925,27.3128,28.1746,-7.1153,-87.1130,-70.4165,63.4715,49.7957,-100.2644
50.4414,102.6337,90.4011,68.6153,48.5705,-15.9369,-44.9607,-109.8199,-141.6225,-131.1873,38.7308,57.0673,38.4279,12.7595,-86.8500,-55.3192,67.6772,61.6704,-144.6219
45.9052,85.7552,94.8912,72.3491,75.1124,15.8488,0.6001,-105.6315,-143.3695,-113.8713,21.7158,66.5015,53.2140,29.8910,-56.0819,-20.0059,45.5906,62.1716,-123.6656
60.5262,51.5666,96.9889,54.2283,72.8270,12.8703,6.4916,-75.6851,-124.0286,-90.6622,25.5672,33.1147,40.5328,16.1676,-28.3795,-11.0264,20.2082,42.4259,-85.7862
72.9169,47.3433,77.7760,34.0092,23.6049,-35.2698,-25.2969,-70.9874,-117.4681,-114.1772,42.2298,16.8323,4.3783,2.9983,-34.9813,-23.1316,29.2271,27.6629,-79.9179
56.6276,54.7868,50.9727,37.2354,9.8527,-62.9323,-21.2631,-57.8315,-118.9897,-117.0024,45.7088,38.1346,-0.9888,15.3701,-57.6731,-32.9239,47.9774,39.2352,-68.6954
28.3764,34.8321,41.5232,57.0368,47.1089,-7.3817,13.6450,-3.4811,-99.9289,-72.4394,29.6462,55.6559,22.2493,39.0193,-59.8960,-38.9090,34.5198,64.6387,-21.3946
10.6850,11.2709,31.2493,56.5042,51.4220,54.2821,31.2796,30.1443,-59.4709,-41.6506,6.3542,57.8161,32.6915,50.9186,-38.6390,-35.2856,8.1115,65.0222,11.2610
9.5125,1.5572,4.1896,14.8824,8.5271,10.0020,35.9498,-8.6014,-20.9740,-32.3275,5.8143,35.4056,40.3928,28.2721,-14.9409,-24.6002,-3.7218,18.6676,-19.1446
18.2003,-35.5348,-25.8716,-41.4121,-31.0925,-86.9519,23.4314,-78.3043,2.5618,-19.7390,59.7443,-29.6290,51.9482,-24.7963,-5.4084,-35.0520,-22.7100,-41.6243,-81.3368
10.2169,-100.8512,-59.0770,-79.9729,-70.5458,-129.2115,-26.0021,-125.0821,18.2377,-18.6061,148.3660,-98.0576,32.6703,-70.1016,-5.6348,-56.6865,-65.3225,-76.1281,-116.3169
-19.4918,-133.0401,-92.7155,-107.7148,-111.3088,-147.0502,-64.9822,-137.4002,31.4630,-19.6818,215.4664,-136.5640,5.4951,-101.9156,2.1871,-51.0702,-100.0407,-100.3143,-116.8042
-23.4979,-120.5676,-93.7452,-136.3447,-110.9018,-196.2109,-47.5434,-121.9682,31.9603,0.0940,245.2686,-175.2229,33.6315,-141.9624,12.9202,-44.3098,-97.9347,-135.7593,-121.1915
8.9017,-108.6991,-69.0714,-150.7117,-87.8139,-233.9211,-20.6809,-104.5725,25.0820,14.3346,253.0362,-206.8841,87.1476,-166.3739,5.1621,-73.8304,-78.0499,-156.9070,-146.5816
13.6641,-108.4525,-71.5749,-145.2392,-100.6300,-228.9822,-31.5076,-108.7024,34.4180,13.6950,242.3832,-195.3759,91.5664,-156.0173,-13.4704,-100.3048,-72.8737,-146.2576,-165.3562
-16.2277,-97.0087,-85.6478,-130.8250,-123.4845,-206.0827,-55.1203,-112.4303,38.1035,20.6642,229.7902,-179.4539,64.9997,-154.8839,-27.9844,-106.7782,-76.2161,-121.7862,-159.3828
-4.5687,-74.9384,-47.0038,-102.4798,-100.0941,-168.4642,-65.5013,-100.2515,-5.6426,6.1587,232.8974,-191.1269,63.8056,-176.9427,-48.1664,-144.8203,-67.1035,-89.8022,-148.7505
46.0714,-67.4271,17.0943,-62.5784,-49.6085,-127.9434,-63.5186,-108.6110,-61.9471,-46.3826,236.0764,-189.1251,76.4380,-182.3289,-65.6512,-199.6904,-65.8938,-52.8911,-141.7045
51.3913,-85.7669,30.6478,-37.9051,-11.9994,-121.5537,-49.3733,-142.4188,-79.9833,-71.9730,240.1332,-175.5595,71.0221,-180.2399,-60.4036,-208.2075,-94.1559,-30.3771,-117.2758
17.4552,-102.7570,15.3176,-28.8744,12.7973,-121.8513,-36.2125,-147.7990,-92.9194,-51.0626,262.0991,-186.6774,59.7148,-199.4030,-58.2965,-201.6237,-111.8266,-17.5656,-79.1886
19.8934,-80.6052,35.9388,-12.4218,28.0185,-81.1467,-35.5144,-116.7172,-129.5484,-44.9989,265.5443,-184.8088,62.8470,-208.7679,-80.5084,-229.4723,-81.3811,2.1214,-56.2755
51.4752,-28.7080,71.1161,0.2482,28.8626,-45.1741,-30.3854,-91.9172,-150.0440,-61.0515,223.5159,-147.1304,70.8367,-195.6569,-94.0453,-250.7796,-30.1568,9.0093,-42.6503
63.9626,6.8414,72.7804,-6.7096,24.2078,-61.6961,-16.1309,-70.3540,-142.4760,-61.2551,180.4549,-132.3674,63.6778,-195.8463,-87.6892,-241.7251,11.7525,-4.0469,-12.7539
73.1309,11.5518,61.6901,-10.3832,22.6912,-81.2058,-12.6907,-31.3340,-128.1038,-53.3584,144.0593,-146.8492,42.2752,-194.5248,-86.0324,-236.0919,43.5338,-4.2283,17.3192
97.2827,4.1133,66.7401,-8.7138,20.7278,-74.3920,-21.0476,-8.0045,-87.9112,-38.8845,83.1109,-137.8628,26.4494,-161.0422,-74.2330,-218.2185,51.6344,-3.5211,17.7462
102.7759,-12.0278,62.2220,-38.0038,5.7236,-89.8249,-30.6799,-24.2161,-24.3621,8.1649,51.3849,-123.1239,20.7793,-138.2809,-35.2043,-160.2811,29.8582,-47.6453,1.8038
75.1365,-40.0669,22.8810,-83.8637,-34.2130,-127.2421,-43.0837,-45.7769,1.9250,51.0409,94.5523,-135.9773,6.9202,-147.0828,-12.2999,-110.8857,11.6948,-98.2611,-9.7623
46.7187,-58.6001,-23.0115,-82.1132,-71.3383,-122.8567,-50.4346,-54.8912,-23.0006,23.6998,124.7882,-132.4111,-16.0140,-126.5783,-32.4750,-105.8234,20.2400,-77.3892,-29.1164
46.6326,-40.0032,-26.3549,-28.5042,-54.0072,-73.3010,-45.0533,-75.3780,-51.9176,-54.9194,73.5009,-81.5507,-27.4000,-65.5606,-56.5551,-108.6396,47.3883,-10.9700,-54.9084
77.8240,12.1084,15.7931,15.0215,-3.1476,-32.7248,-44.1406,-109.8693,-57.6558,-116.8989,-8.1508,-20.4073,-29.2674,-27.6825,-55.5614,-103.1503,87.6737,16.5721,-56.6977
109.4956,57.2900,47.3659,21.7496,7.6789,-17.2245,-50.0281,-134.9927,-36.4695,-137.8224,-74.1381,21.6789,-33.4067,-22.2946,-44.8395,-109.0558,119.7470,4.2905,-41.3685
94.8516,60.2403,30.2617,24.3435,-9.7265,-10.2546,-40.0269,-141.5699,-4.0177,-132.1341,-105.0303,42.6953,-22.7665,-10.5782,-45.7327,-120.0438,107.7496,11.4302,-47.7743
45.1320,37.2049,3.1344,42.7905,11.7924,-10.3515,-27.9966,-133.2636,-0.5633,-121.8036,-68.0028,39.0616,4.2114,-2.6659,-63.1810,-125.6658,68.7612,42.2021,-63.0209
26.2801,29.7859,9.4241,51.2249,42.6687,-16.0411,-50.4796,-117.6244,-23.8126,-123.5804,-4.2200,21.1950,0.7389,-21.5844,-75.4230,-127.6949,56.5668,47.9209,-45.1856
47.0012,41.7024,22.4480,30.3932,16.6674,-11.6967,-86.8732,-104.9367,-28.0436,-132.6926,2.7721,13.5475,-44.5004,-35.2040,-56.4999,-103.8375,76.5518,16.6651,-13.2034
52.2725,46.6194,11.3761,7.0938,-19.9284,5.6914,-80.9137,-91.6844,-19.7939,-132.5567,-20.3940,25.2090,-64.3196,-9.5489,-24.3182,-45.1524,90.4606,-9.8659,-12.6987
33.4338,36.4485,0.4114,5.3598,-6.0921,15.6873,-35.7807,-70.2208,-34.1359,-119.7094,1.6093,43.2055,-23.1581,26.5320,-16.2231,-5.0780,77.8231,-9.3036,-33.2371
28.6650,18.3680,5.9648,1.4606,7.3983,0.5467,-12.2884,-47.4459,-47.8333,-97.0711,54.8361,41.2187,19.3884,24.9927,-26.6176,-20.9250,48.9842,-11.3371,-37.4144
38.0585,-4.8563,6.2290,-24.5756,-15.0058,-29.1189,-27.9434,-16.9627,-27.9424,-63.8307,88.1762,10.6870,14.4108,-1.8389,-21.9815,-37.1322,25.6409,-37.8089,-15.3573
35.7342,-26.6228,-6.6281,-48.1387,-18.5469,-46.0902,-32.1234,35.7527,9.6156,-26.6484,83.1760,-13.4220,-7.1100,1.7121,8.6362,9.4376,17.0434,-65.7269,21.8140
20.8871,-37.4117,-21.7079,-55.6205,-4.9683,-44.5403,-1.2261,78.3941,43.2908,6.1921,47.3410,-6.6691,-7.6759,35.8545,46.3670,81.5701,6.0669,-76.3887,43.8836
1.3953,-36.0097,-37.4858,-67.1116,-35.8219,-44.7795,25.1554,71.9436,62.2828,32.9625,26.3112,-1.6381,10.8356,41.0847,61.6937,100.8482,-19.4566,-81.3556,18.4762
-17.2393,-29.1345,-48.7560,-77.8713,-77.7383,-56.2915,24.9627,46.9786,52.2034,37.4209,53.1764,-24.8093,35.9822,10.6650,45.7043,69.1031,-39.4306,-79.9524,-35.4808
-19.8416,-27.4622,-49.3056,-62.5708,-68.7283,-68.6638,19.2541,34.5997,19.4974,-1.8672,81.0577,-52.7432,46.4410,-4.2579,21.1227,39.5752,-36.8415,-54.6819,-70.5680
-5.4625,-29.2842,-47.2386,-33.1358,-48.6043,-76.2871,15.5753,0.6817,-8.4818,-61.1171,65.5956,-63.1579,27.4415,-7.4863,3.6161,9.4400,-23.9876,-16.8902,-77.3966
9.5302,-15.0307,-33.0777,-13.2908,-40.8295,-75.9340,13.5009,-53.2405,-16.6383,-86.1058,31.3973,-55.6839,13.1593,-35.3346,-8.2663,-42.9501,-17.3855,2.9314,-61.4537
26.4391,14.4356,10.8881,5.5398,4.7777,-57.6597,22.9991,-59.8028,-14.5698,-74.2885,2.6215,-28.4577,28.4236,-52.0282,-7.5328,-70.9721,-13.5149,5.6605,-19.6605
45.5652,28.0777,48.1822,25.3921,58.7392,-26.5300,23.6944,-17.9095,-24.2064,-70.7693,-11.0869,4.6682,25.9381,-19.9384,-0.0777,-41.8332,4.7232,10.8128,22.1795
41.2356,16.5026,35.1403,21.1773,50.3432,-5.6732,3.4051,11.1025,-38.9929,-68.8784,8.2711,13.1600,-9.0513,3.9339,-2.0585,-11.6286,29.5388,8.2399,46.3184
14.3844,-2.0504,5.1543,-13.1692,26.2074,-12.1735,13.4718,29.7070,-19.2041,-17.9006,41.9244,0.5333,-7.3571,-19.1406,9.8182,-4.7175,21.9011,-27.7723,81.9850
4.2715,-24.1216,-3.8056,-57.0620,32.6004,-49.2134,60.0237,59.1956,25.2943,55.1132,66.8447,-2.1526,37.4696,-29.1139,49.0063,30.1978,-14.3308,-87.4381,112.7013
12.3973,-49.8280,-22.6148,-90.2742,6.1519,-91.5223,61.1584,55.2644,29.2680,59.4578,109.4879,-1.7221,46.2745,-6.2548,59.6415,68.4397,-20.9450,-123.8359,77.3522
7.7102,-68.0712,-58.7078,-90.9758,-50.2092,-87.9001,11.8408,8.6873,-7.7222,-7.2570,154.6267,-36.3889,10.3159,-20.5953,20.6897,22.4568,0.3974,-102.8993,22.0659
2.9747,-84.1017,-59.4101,-56.5461,-44.5516,-47.7424,-4.6133,-8.0165,-23.6660,-49.4639,138.5711,-98.6956,-16.8694,-74.7940,0.1397,-61.6683,-15.2872,-47.1828,40.0637
22.4175,-96.9637,-25.9880,-31.3066,-1.6015,-64.9656,8.7937,20.4068,-7.5499,-26.1437,88.6880,-125.0776,-28.4062,-84.2637,19.3668,-58.9916,-55.5976,-19.4595,75.1031
37.9423,-78.1928,-16.6681,-44.3763,-5.5917,-151.9456,0.4551,26.3470,20.1423,5.4957,69.1337,-87.2185,-23.4896,-39.9274,26.7184,7.4398,-54.9852,-43.1799,32.3915
23.9552,-36.8393,-29.2042,-52.9774,-19.0894,-170.8746,1.1122,-3.2586,56.1420,4.5024,40.0166,-37.4885,8.9095,-12.9472,21.9797,26.3030,-32.7918,-62.5419,-19.8530
4.4283,-14.9300,-17.7960,-17.6103,9.5097,-53.5558,26.0310,-15.1759,68.7838,-1.4383,-35.8083,-18.7115,21.9394,-14.0121,30.4926,-0.8694,-28.1939,-26.4696,4.7248
-2.1547,1.6684,14.6864,30.1117,37.0174,75.5877,17.5091,0.2313,32.2357,10.5085,-89.8480,-2.0777,-9.4220,-3.1913,21.6586,-11.4685,-6.9962,29.5309,41.1208
-7.5708,36.6463,36.5990,50.7159,42.6627,103.0730,-18.3785,1.1631,-10.3539,13.8797,-74.7970,30.1294,-23.5271,10.6250,-11.8703,-10.1757,29.0368,49.8353,26.4209
-16.9898,45.3256,36.8491,53.9235,51.5027,72.0164,-24.6012,-25.5150,-21.8520,-10.5575,-37.9585,41.0016,-12.1468,2.7007,-21.3981,-15.9479,17.8467,48.2381,13.6994
-24.9925,20.5757,22.3226,62.6230,51.0453,61.9689,-13.8906,-41.7487,-12.8244,-28.7091,-50.0679,28.5966,-33.6649,-3.2572,-5.1894,-13.5646,-17.7651,64.2775,35.7818
-27.6278,36.0212,17.3437,80.5559,38.5647,86.6774,-7.4299,-16.8331,14.3988,-6.0327,-140.9020,40.0918,-58.9137,15.8775,-2.2339,-7.5966,-3.6880,93.6573,51.9770
-21.6934,83.5590,37.2473,95.1291,45.0506,122.9365,17.7435,22.1927,41.5855,37.5838,-237.8815,72.2222,-34.7231,41.0828,-4.2741,-4.5276,30.3264,108.2356,47.3512
-19.1768,72.7589,47.9872,84.8419,54.1216,133.6350,40.7325,33.5122,24.6205,66.2341,-214.2336,77.9084,-11.0809,55.4648,7.5935,25.4495,20.3116,93.9309,37.0290
-32.2678,21.2888,23.8391,51.1985,38.7423,99.8656,21.9640,29.6381,-19.9203,71.2762,-90.7310,54.3708,-24.2209,62.3552,11.2432,78.2868,3.6519,60.1933,15.8779
-34.8768,19.6747,9.6696,30.0202,30.5463,62.8374,-7.3764,40.6054,-44.5054,54.3362,-24.6252,28.5804,-31.9892,57.0838,-0.8789,99.6576,32.5008,36.3342,-9.0977
-4.0041,55.1112,36.0224,32.3771,39.5427,63.8264,-15.8808,48.2776,-52.0302,22.8667,-51.1025,12.6480,-29.9892,37.6286,-3.5960,78.4180,70.6538,31.4043,-10.5485
24.7060,64.4617,54.1040,22.8542,24.7450,74.7369,-21.8986,30.0212,-36.0083,1.5980,-69.3505,19.8817,-30.7986,24.2242,9.3210,54.4321,69.3647,11.9627,1.2374
15.8229,57.1535,29.7371,-10.2820,-12.5512,57.9156,-16.9125,6.4418,19.8537,-0.6007,-53.7441,52.3289,-1.9217,33.0287,27.1273,54.8043,40.5848,-32.9425,-9.8916
-4.0427,58.2576,-1.8776,-32.6791,-34.8440,26.6398,11.4698,-8.6552,59.6978,-9.6835,-50.5426,84.3976,33.9365,59.1252,46.6671,86.6886,18.7955,-61.5024,-37.6894
2.6337,53.9080,-7.5722,-26.9937,-34.9087,7.0345,18.8839,-25.6019,46.8703,-34.6675,-56.7813,113.2232,17.2471,94.2536,54.7864,125.0030,19.2503,-56.0117,-43.4203
29.7119,42.9816,8.1235,-10.3980,-14.8871,7.9498,-6.4480,-29.5911,36.3615,-42.4649,-52.9096,155.3760,-8.6670,125.5626,33.7447,111.4464,38.6158,-44.7558,-16.4545
43.2787,38.7056,24.7464,2.0472,18.7789,24.9441,-6.2364,-1.4628,42.6990,-12.3022,-46.0632,177.4440,14.2858,125.4968,0.2733,48.1505,57.4763,-36.5008,22.3918
16.7486,39.0373,14.6081,4.3937,25.4131,36.3417,30.4512,28.0250,28.7626,26.7786,-38.1696,145.1066,38.0744,82.8822,-12.5179,5.7257,54.4956,-21.7602,54.6100
-33.8059,52.5233,-23.7383,-1.5583,-12.7315,32.3177,54.4758,18.6688,21.8187,33.7694,-40.1087,109.4764,31.7088,28.1726,-11.1815,-14.5304,41.5518,-10.1068,71.9985
-55.1204,87.7305,-44.2723,1.3748,-44.3070,37.7805,62.6803,-16.3376,39.6979,12.8236,-78.7511,115.4542,36.3579,-6.3448,-21.9781,-65.1978,52.5924,-1.3548,75.2265
-29.0979,110.5491,-21.0254,22.1755,-27.2179,60.7189,78.0326,-37.9132,28.7783,3.2380,-138.8545,112.8425,41.8914,-23.1342,-34.9249,-114.1623,83.2486,21.6517,77.3073
7.1828,89.3662,13.5222,43.7062,14.0609,74.8018,72.7385,-36.6687,-8.5528,9.4899,-162.5491,71.4740,10.4080,-29.3975,-31.7874,-109.1520,94.2249,47.4852,84.3897
27.6800,53.7660,30.5003,49.7143,35.2278,77.0741,32.2410,-30.3053,-24.1097,-5.9682,-124.4268,49.7966,-19.8079,-15.4655,-28.9431,-87.2785,80.2971,50.9276,78.7246
32.9144,43.8232,30.0748,42.5188,21.5524,80.0720,13.0281,-31.8991,-35.5024,-48.7199,-64.9917,71.5843,-7.4884,12.6374,-33.4618,-77.4774,66.5654,39.1293,49.6680
22.1113,46.8100,15.6674,32.2771,-0.7789,70.1241,39.9910,-38.3707,-45.1205,-76.5310,-43.8006,86.0662,16.4262,29.9480,-20.8964,-51.6459,47.6869,31.0010,22.1694
9.9622,34.0509,5.8431,28.9128,10.0198,50.0075,51.6909,-36.9378,-5.7767,-63.7921,-64.4393,74.0158,22.8234,30.9977,3.2632,-26.4825,15.3582,25.2681,21.6038
16.4067,14.1769,20.0495,29.7319,50.1944,46.5661,22.9605,-19.5231,42.6218,-31.8425,-67.8784,52.2303,28.0250,23.2564,6.7855,-34.6510,0.8483,14.5265,30.2676
25.5250,9.8238,34.9851,21.9634,67.7444,39.2840,15.9012,-0.1971,17.2477,-26.7244,-22.7878,12.7589,47.6699,4.0045,-2.2389,-40.7947,9.5316,4.9304,8.3499
21.5326,18.7192,28.4280,17.5559,49.1888,1.1649,48.9653,-4.8751,-48.8546,-78.0281,23.6376,-31.7037,70.5306,-14.2153,-3.0264,-27.5948,1.5495,15.6892,-46.2401
21.3110,28.9875,27.9119,41.2860,44.0896,-14.7652,64.6948,-30.6957,-74.4457,-150.4093,17.9040,-35.0922,78.0432,-9.0294,-5.7887,-34.9067,-22.5025,51.4585,-83.2162
23.9041,41.6632,46.5765,73.1947,74.0405,27.5982,54.7862,-51.9628,-61.0299,-178.4084,-20.9914,-8.0401,73.5919,-0.8512,-8.2576,-57.3439,-27.7016,78.0840,-68.1020
17.4306,54.6182,56.6957,73.1019,98.2608,55.0491,50.7447,-72.9547,-53.6842,-166.5027,-27.6446,-0.7908,72.2021,-23.1500,-0.6930,-64.2458,-14.9833,64.0082,-37.2002
30.5940,59.2931,61.9697,48.6888,93.8293,20.4310,28.7818,-108.9433,-65.6214,-158.6227,12.3177,-2.1596,63.2777,-51.3702,-5.5791,-71.4343,8.2698,25.3327,-32.5872
72.0264,64.1274,80.4625,26.6149,81.5692,-15.3372,-17.3968,-132.9535,-68.3393,-143.5388,29.7650,25.2162,34.8110,-44.5542,-18.4616,-70.5285,50.5129,-13.6572,-31.6797
87.5191,78.4638,76.8478,3.3074,62.1795,-21.3996,-21.3515,-122.6461,-32.8114,-106.9215,-21.0538,61.3311,11.5261,-15.2020,3.6074,-21.8212,86.0983,-49.9127,-12.1098
60.8073,87.4691,30.4653,-20.4850,21.6671,-38.2913,24.7353,-101.1507,10.4638,-76.8764,-87.4820,74.1324,6.0575,9.5048,40.2250,42.6468,92.6190,-67.7690,-2.9856
42.4403,83.3451,-3.8328,-27.1641,-9.6612,-59.0252,45.0572,-72.7441,15.0091,-43.6058,-114.8858,75.8306,-6.1027,32.5241,37.0553,71.2934,106.0030,-57.8181,-8.8894
45.0783,75.3052,3.1352,-25.2002,-3.9053,-45.3000,25.8767,-25.9208,4.0809,12.0927,-110.7186,83.0350,-23.4373,57.8174,20.0573,90.7424,131.3801,-52.0684,-0.3731
37.3783,55.0306,3.8375,-29.7039,2.1844,-19.2038,15.7692,-1.9318,9.1306,27.2795,-79.6043,91.3362,-19.9421,79.6953,26.7967,115.0279,115.0063,-60.2701,2.7579
26.3891,26.6492,-15.6420,-20.7778,-12.7359,-4.5438,19.1826,-25.5916,6.1376,-31.7155,-41.2219,101.3518,-3.3860,99.3099,21.8456,95.9192,72.3885,-42.4181,-25.8954
39.2028,36.6068,-3.8122,14.3821,-7.1870,18.6828,13.4425,-43.7018,-13.2894,-82.4799,-59.7381,119.4840,-0.0642,110.7487,-8.7025,42.7593,76.7151,3.0237,-42.8065
62.2518,84.5870,42.6165,46.9773,19.9825,34.8199,-13.8261,-39.8724,-30.0773,-83.5616,-112.8387,134.0963,-26.7873,98.7634,-26.5803,19.5884,112.0997,30.8344,-18.8439
61.2237,95.7301,63.0456,55.7930,21.4113,11.0195,-66.0990,-57.0799,-46.8940,-83.2365,-94.8752,115.5733,-79.5090,59.6699,-31.2797,16.9463,102.9793,36.8617,7.1908
28.3647,58.0171,47.3594,54.7527,14.5554,-13.9002,-103.6475,-74.0618,-55.7107,-75.7954,-19.3920,58.9070,-104.7705,2.0306,-42.9354,-15.5851,49.7658,46.3016,20.2005
-5.6744,42.8478,48.9528,55.9149,40.8284,-0.2316,-94.3729,-49.4337,-49.2071,-29.2394,25.1504,14.6397,-67.9096,-49.2510,-52.2402,-58.6779,11.5412,50.9435,38.1635
-3.6452,53.9821,78.1754,51.4524,60.8770,12.7112,-90.4962,-21.9962,-60.8948,17.3372,53.0047,22.0714,-38.9380,-58.8153,-58.3154,-64.0713,10.4674,37.4949,48.3666
25.5661,32.5245,86.0224,34.0921,37.9275,-1.2715,-113.5059,-12.6439,-73.0113,49.2912,68.4909,33.8661,-69.9829,-36.5378,-60.7608,-43.0241,24.2916,19.0446,51.9429
36.8318,-10.0192,58.6767,10.4109,18.0522,-10.0885,-92.3041,22.7209,-20.4676,112.9184,5.9391,-8.4295,-91.5569,-38.2229,-35.8696,-33.2144,25.8220,5.2854,80.1783
15.9442,-29.2869,34.7509,-6.4671,28.2448,-10.7504,-36.6986,78.4655,44.3628,187.6725,-61.3587,-73.0736,-64.7680,-69.0343,-0.9761,-27.8190,5.9110,-3.5671,107.9648
-14.2829,-40.8833,25.7118,-14.1948,30.1126,-25.0213,-35.0296,111.1053,33.3556,204.6319,-4.4310,-101.1279,-44.5401,-72.6685,1.8634,2.7608,-25.4731,-6.0673,84.2077
-39.0514,-60.1194,3.7590,-26.2365,4.5204,-33.0264,-51.7962,125.0522,18.2366,175.4139,76.5788,-90.1367,-34.5748,-34.2541,3.0368,52.5635,-56.9618,-14.4908,36.6790
-54.0018,-62.6318,-35.3805,-49.6257,-33.9514,-19.6479,-14.9427,129.8046,77.8263,156.5736,38.9864,-55.3437,-8.3924,9.2379,40.0208,93.0665,-73.7973,-40.9290,22.2634
-54.8810,-51.9207,-64.6211,-69.0129,-68.8975,-11.0570,11.2149,126.3761,132.7201,156.2244,-24.1539,-7.1258,-7.0014,43.5454,65.6738,116.6522,-59.1450,-66.4987,38.3460
-49.6600,-49.5139,-69.1477,-66.9961,-73.3064,-12.2198,-8.2307,140.6238,127.5285,150.5403,-15.0263,23.6540,-27.8185,68.3125,51.2825,121.1683,-33.9605,-66.4379,57.4557
-48.0084,-43.5780,-58.3624,-49.8824,-45.5457,-5.3943,8.4138,154.7901,118.3892,122.4948,-8.5057,17.5780,-2.3590,60.8636,43.3461,92.1291,-41.2667,-48.4098,65.3819
-47.6329,-35.2687,-50.6664,-40.1329,-35.2758,-2.3127,51.7551,125.0385,116.1841,83.2518,-26.3396,-15.8599,36.9348,17.1291,54.9901,45.5954,-73.6183,-34.4036,55.6988
-51.9804,-54.1550,-59.2840,-43.3986,-57.7593,-10.4065,43.6504,102.8748,93.8578,74.4975,-8.7547,-65.7884,12.6361,-22.0322,55.9150,28.2291,-92.3313,-24.6307,50.0901
-66.0289,-86.1140,-71.9963,-38.3774,-58.9350,2.5338,33.7236,143.1501,77.9599,106.1269,3.9941,-96.2365,-24.4470,-19.8743,54.3665,47.2239,-98.7257,-4.9860,76.8192
-72.2260,-88.7696,-57.2092,-15.3028,-18.2459,51.7313,80.5003,175.4561,64.8056,130.8815,-19.9941,-61.6132,-2.4396,15.5881,63.5955,68.9513,-106.4712,18.2695,108.0237
-53.9000,-74.5777,-16.7470,-0.0198,14.0069,101.1472,108.9390,150.4276,12.1143,123.3154,-1.2502,-5.4163,32.4618,46.2873,61.0009,77.9161,-99.9107,21.9193,96.8599
-30.6677,-84.9863,-0.5123,-10.3605,5.0751,109.2803,83.0409,122.4730,-32.8401,110.4661,50.6533,-12.9573,27.6524,46.8874,48.7871,78.1284,-83.7363,8.5105,58.1080
-32.9928,-111.1007,-35.0367,-25.2494,-21.2745,75.7239,71.6309,99.5809,4.2817,106.1727,28.5780,-55.2803,9.1533,32.3796,54.6752,71.1423,-88.6922,2.5184,33.8216
-56.0745,-111.1327,-76.0733,-27.3419,-35.1339,42.5037,78.2386,50.3674,71.7999,92.4296,-28.4539,-47.5407,7.5720,29.7502,65.5900,64.4589,-102.2193,1.0844,21.7898
-70.9707,-80.1508,-75.9634,-27.1040,-35.6753,44.4289,53.8334,18.8596,72.7698,67.1889,-4.1632,-10.0541,18.4214,34.1862,52.8471,64.0942,-88.1813,-11.0192,1.7476
-69.9933,-53.8494,-56.5107,-26.2961,-36.0683,60.9278,20.0683,29.8050,24.9674,50.3238,52.8265,-5.8530,19.0021,29.3216,27.9319,61.1402,-57.5202,-14.6471,-15.7435
-64.1978,-49.4432,-54.4223,-13.8415,-38.0872,60.2850,5.8223,29.0624,11.7877,43.5135,34.6254,-15.6737,-5.0388,27.7294,15.8863,53.7257,-41.3001,5.4078,-18.2196
-51.0149,-44.0122,-51.3099,1.6308,-37.1502,60.5398,-7.0660,13.6165,37.5341,26.7595,-21.6609,-0.1148,-26.5686,45.8085,18.4732,53.5110,-37.6759,21.2517,-20.9636
-34.5588,-29.9131,-32.8909,6.8170,-35.8566,79.5706,-9.9322,25.7327,42.2241,4.1278,-34.3307,18.4678,-18.1497,62.8708,23.9011,55.5842,-37.3783,20.7942,-24.4397
-44.2891,-33.9648,-33.8046,14.1467,-29.7025,89.6684,13.2229,41.2874,18.1022,2.9043,-16.2659,7.3880,-6.3288,49.3078,18.2082,37.1563,-47.3184,35.9335,-6.7042
-75.7655,-48.8979,-54.5512,38.2516,-10.4858,82.3996,16.3892,26.1474,-1.5046,4.9979,-2.1317,-20.8883,-15.2057,17.8220,-10.3458,-6.9892,-54.7686,76.5854,7.7210
-81.2098,-32.6693,-48.3232,66.4191,4.8573,88.3315,-33.8684,6.6336,-20.9083,-32.1478,9.7560,-36.2252,-29.7737,5.0703,-51.2651,-46.6652,-31.1989,110.6833,-25.1898
-60.6179,3.9085,-24.0488,78.5993,1.2016,105.1905,-84.5585,7.6787,-37.9455,-77.1655,5.6093,-30.0985,-45.3993,16.1426,-70.9232,-49.4053,8.6230,118.3693,-61.7860
-53.1044,17.6488,-19.2471,78.3783,8.6653,109.8061,-81.1346,23.4152,-16.3582,-78.6258,-26.9192,-8.9773,-51.4672,31.6922,-56.6740,-30.1881,20.4411,109.5393,-37.7023
-43.6252,19.4562,-1.2078,82.0536,51.6691,119.5490,-41.4718,41.1208,11.8274,-70.5467,-43.8809,23.3726,-9.8968,46.7969,-37.3303,-29.7600,3.9888,97.2299,-2.1579
-12.2190,28.5958,46.6277,83.9432,89.5280,140.3002,-0.8737,42.1733,-21.1967,-84.5744,-4.3718,48.4672,62.0630,52.5155,-36.3552,-51.9128,-9.3786,83.9251,-14.3004
-1.4095,14.6181,51.9322,64.5632,76.3808,125.8291,35.0396,24.9400,-64.8841,-78.2189,52.4329,38.6358,95.5316,29.0527,-39.7388,-76.2713,-22.2575,66.5131,-21.8300
-18.7630,-22.4954,2.9784,35.0970,35.0939,75.2773,59.7558,6.5081,-38.8922,-48.5116,61.0401,19.5581,85.5087,3.3507,-31.9519,-92.6057,-44.5235,47.4799,3.7476
-12.3614,-31.0572,-13.9328,22.1262,15.4060,57.2234,57.5115,-20.6827,6.7319,-40.9370,22.4916,42.7817,73.9360,21.0756,-17.4293,-80.0265,-46.9862,29.3516,1.6176
6.6987,-13.8773,5.3402,12.2618,15.3407,76.3941,40.5763,-58.6287,13.6070,-32.9363,-7.4880,71.3881,63.2916,44.3552,2.2605,-32.7057,-23.2208,2.5719,-27.3024
-6.3661,-17.4412,-7.2278,-12.7050,-0.9551,64.3783,34.8204,-65.1412,16.5903,6.3912,-0.6015,38.9129,48.2432,17.0484,16.6572,-6.5793,-15.5154,-23.7824,-28.8902
-18.5216,-28.3024,-22.6329,-16.1518,-19.0922,32.4784,35.3840,-27.1755,14.2380,29.8553,14.3854,-4.2719,46.7755,-8.8050,-0.2533,-32.5501,-25.3920,-9.9688,-26.4640
0.4472,-13.6008,14.3056,21.1335,7.5214,52.3064,38.1489,7.9914,-31.0149,22.0583,8.4275,9.1518,58.9396,17.6264,-30.0473,-48.6523,-17.4059,37.5778,-43.4999
6.4806,-0.5139,46.2736,37.6812,46.8092,87.1271,62.0690,11.4443,-67.6565,34.9050,-3.2260,18.5622,66.2420,24.1779,-18.8242,-21.7030,-10.9051,48.5603,-32.1487
-11.2099,-11.9290,24.3721,2.9879,30.5630,53.3250,85.0991,-2.9651,-41.5573,71.0697,-6.5251,-24.0286,55.3032,-28.7032,21.0792,-1.4773,-32.1431,9.0013,5.0425
-11.4353,-14.8356,9.7632,-16.4094,2.6842,4.7800,58.3486,-10.2910,-3.9730,95.2179,-24.2446,-40.1211,21.1671,-49.1488,29.9312,5.4511,-35.1055,-11.8421,17.3950
1.7957,3.4158,35.5991,7.9473,36.4113,27.4439,9.4764,14.7699,6.1030,111.0257,-58.8647,6.4439,-14.6237,2.7297,18.0534,43.8574,2.4616,1.5228,26.9574
4.7669,6.1069,43.9362,8.0927,62.7361,51.1367,0.5070,65.0726,29.5271,124.9684,-71.5548,36.6569,-24.0514,44.9330,36.0339,96.3475,16.7259,-12.2131,60.2670
8.6935,-15.7552,10.6193,-37.5219,4.4055,-4.1438,8.7811,98.1690,77.5508,125.5554,-54.9900,23.5174,-24.0440,45.4294,64.6246,115.5354,-11.6950,-57.6411,72.1823
13.9714,-26.7176,-18.4063,-62.2782,-54.8987,-54.3509,-6.9589,105.8919,102.3357,117.1836,-45.0126,27.9596,-37.7761,59.2731,61.4711,118.1501,-18.1783,-75.0247,53.9982
5.1499,-14.6734,-22.7817,-48.1067,-45.4148,-26.1163,-7.4212,111.9749,86.3725,102.5745,-51.5073,64.8936,-42.7342,99.9683,54.1024,146.8332,6.8872,-61.0653,47.6442
-11.6402,-3.8680,-30.7526,-46.6809,-40.0194,5.0147,32.1227,110.2503,65.8629,74.9869,-48.6602,89.9440,-22.7029,126.8826,76.4442,192.9675,4.8286,-62.3253,42.0762
-29.0945,-4.5654,-47.9026,-61.9024,-65.8780,-8.7953,57.1469,97.7154,60.1273,44.8800,-13.5400,86.3383,3.6639,120.3190,91.9972,204.3041,-27.8127,-75.4193,20.5438
-40.0282,-5.2459,-40.7695,-52.6326,-50.6489,-10.4554,41.8468,104.9903,38.6632,22.3103,52.2542,77.2980,22.7748,95.8512,65.9107,158.3749,-42.6106,-65.8531,27.1207
-26.2330,-4.4211,-5.1468,-24.1692,0.6866,10.1710,25.2404,129.2873,-5.1437,8.3076,101.2445,81.9685,26.1290,82.0362,31.9944,105.9882,-32.7360,-41.2057,70.8799
-5.4753,-2.5050,16.7735,0.3482,25.9940,16.0055,26.5798,126.5100,-22.3024,4.8378,75.8270,93.3561,13.4840,86.6877,18.9417,83.3816,-22.6928,-14.6402,91.6537
-10.1053,16.5231,18.0891,43.5518,46.9277,36.7909,30.3199,81.7770,-13.5028,-14.1605,-4.1525,97.1178,13.1133,83.2812,-6.2524,33.9566,-9.5248,40.7466,66.1892
-11.8932,53.7812,43.6604,115.1977,98.2503,100.2845,23.5742,15.1482,-46.5390,-71.3769,-67.3590,95.7010,26.6181,61.8614,-59.1247,-62.7709,20.3423,125.3286,26.5587
13.6409,83.5982,90.7801,164.6983,135.2018,149.2785,-5.1429,-50.6047,-118.2764,-124.1747,-84.8082,90.5207,11.7037,43.5530,-97.4673,-115.1475,57.1590,178.9157,-12.0320
21.1914,95.7031,104.7387,159.9330,125.2716,138.5118,-54.1120,-93.3289,-153.9097,-133.1249,-58.0858,71.0582,-22.5232,24.1301,-106.1353,-98.7394,79.5138,170.4323,-49.1208
-2.7464,95.6723,85.3449,133.5236,101.0189,98.5322,-90.9602,-103.1349,-137.7834,-117.1764,-3.7545,50.0507,-26.2960,-7.3213,-113.3116,-99.6247,72.7690,139.5583,-63.5670
-8.6229,73.3485,72.4469,116.8595,84.0848,72.3101,-93.3896,-92.6845,-104.4615,-86.6540,16.2041,48.1823,-20.3546,-20.4480,-113.5566,-122.4492,43.2907,122.9513,-41.5811
6.5931,34.4720,64.6990,106.7431,66.4934,74.5693,-79.5508,-79.5486,-80.4462,-45.8088,-19.2615,42.0711,-47.7916,-10.4730,-91.7663,-111.5198,23.5850,119.2393,-6.8817
11.6373,19.0514,59.1577,100.4964,56.6701,87.1019,-76.8182,-68.0036,-91.1204,-20.9446,-34.2499,13.0790,-77.0804,-25.2989,-85.1808,-108.7306,36.7407,120.4712,18.1376
22.1765,31.5587,78.2799,97.4060,66.9521,73.8280,-93.2245,-45.3245,-106.0979,9.1982,-10.5125,-2.5186,-75.6391,-61.1852,-110.6446,-152.7146,60.4504,114.5201,45.3159
50.8615,28.7999,101.1513,83.0517,75.9344,40.7392,-109.3328,-10.9322,-60.9984,69.1484,-24.1812,6.6681,-67.7864,-64.0641,-115.1455,-173.2171,62.1885,87.9417,72.0632
69.8269,7.1530,87.7018,53.7393,57.1208,24.4036,-90.3192,-1.6709,-8.4014,87.7194,-62.6533,0.5484,-60.3030,-43.2484,-79.2828,-138.9016,53.1251,52.9189,62.3153
68.7861,5.1315,58.4242,25.6046,29.1622,11.6556,-33.3855,-25.9170,-28.0054,40.5368,-54.5299,-19.2208,-33.3433,-43.6106,-47.0462,-104.4071,56.7194,27.1405,28.7622
52.0553,21.8720,39.1683,4.4067,23.6519,-21.6150,22.4877,-21.5328,-34.5464,34.4960,-46.2221,-22.5714,-1.0070,-55.2593,-23.5835,-75.2937,56.6465,2.7098,34.1964
15.4212,23.1749,7.4425,-22.4304,22.5792,-43.4798,56.7855,33.3970,46.9604,93.5509,-92.6670,-37.2459,13.1654,-58.9963,23.6735,-19.8647,33.4782,-30.6009,72.3162
-15.5940,2.5643,-36.3984,-61.8413,-7.4505,-43.9362,84.7772,75.7929,107.2646,119.0220,-114.0788,-88.7634,18.4990,-68.0502,79.3373,40.6028,6.5558,-68.1087,77.6958
-15.1824,-19.4027,-60.9710,-96.0954,-51.6966,-57.7352,104.0729,81.9576,76.1941,86.7563,-54.8534,-125.5687,27.8390,-72.4409,97.6140,68.2533,-3.1561,-94.9254,46.4462
-16.5280,-25.6029,-72.2736,-93.6069,-75.3682,-65.0540,96.5748,86.6426,33.8299,34.4670,12.1509,-108.8043,36.6881,-49.5331,71.5330,56.6524,-4.9507,-83.1127,18.6232
-44.9426,-15.5205,-87.3309,-56.7139,-71.4410,-47.7558,78.5029,90.1366,26.9560,-15.4350,23.1810,-77.2310,36.9602,-23.1258,36.6320,29.8197,-12.2153,-33.9821,6.9360
-60.8625,-2.8925,-93.2968,-34.6009,-56.1852,-79.5581,69.7848,85.6068,49.2957,-7.4595,-15.4983,-64.0658,18.5928,-19.8816,27.7110,30.7037,-17.6278,-8.2500,19.0740
-38.4889,6.6894,-85.2344,-47.3970,-56.2679,-158.3149,46.8583,89.0347,96.9032,51.1514,-73.0904,-54.5042,-20.9091,-19.1085,38.0228,60.3887,-2.5077,-31.3696,43.8439
-10.5004,17.4310,-70.3477,-49.5862,-74.8870,-133.9395,-1.1236,74.4733,98.0335,40.1537,-96.7543,-44.3477,-58.7506,-5.3035,33.6645,66.3744,33.8225,-39.1345,29.0823
-6.2455,16.6202,-44.8219,-16.2644,-67.5181,16.5837,-30.2153,16.6082,16.4742,-38.7478,-67.5404,-49.5650,-65.1442,3.3509,17.1387,43.4096,55.2315,0.2327,-27.4992
-17.2998,-0.9898,-21.1408,11.6265,-22.9267,113.0015,-18.3356,-36.2577,-30.9924,-57.6359,-46.4616,-61.1626,-40.0874,2.2186,20.4580,40.5084,34.6475,28.3807,-67.7565
-21.9587,-7.6905,-21.2133,1.9097,-5.0339,76.6454,-8.9398,-51.7435,12.9676,-30.5903,-60.7033,-63.0935,-17.2930,1.4775,39.9994,61.6763,6.3717,8.4406,-84.6849
-12.4260,-7.3640,-32.6801,-31.9544,-34.6277,9.7789,-31.0060,-60.8925,50.9217,-27.9131,-52.5249,-78.0515,-26.2079,-11.6570,56.3579,81.9720,0.8099,-34.8297,-99.8422
-2.7862,-43.5882,-40.7805,-70.9993,-62.0442,-35.1694,-59.2708,-79.5082,54.2537,0.3409,-4.3608,-127.1950,-56.8913,-48.7177,74.3795,98.2141,-16.7374,-77.8241,-98.4056
-3.3637,-95.7591,-57.7364,-102.4494,-84.0007,-87.8703,-75.2854,-112.6687,74.9854,38.7149,38.4095,-174.4122,-73.4930,-88.9568,86.9649,90.6039,-61.1292,-108.1380,-98.9700
-4.0794,-101.9193,-76.8365,-118.7847,-118.5866,-138.4231,-82.1940,-169.0154,91.2909,-4.2855,72.2303,-183.0424,-54.2642,-116.9592,79.4136,46.3241,-90.2629,-123.8178,-135.7584
-1.9984,-87.8963,-78.6341,-131.7974,-127.6319,-171.0181,-74.2587,-202.8615,82.6437,-59.9227,128.4788,-179.5824,-9.8977,-141.4914,69.9687,6.2538,-101.9878,-144.7415,-161.9305
-1.5553,-113.5526,-75.8711,-149.5542,-108.4588,-195.4566,-55.9053,-174.9643,79.0529,-41.2183,200.0165,-191.1033,30.0460,-154.5915,68.5389,-9.1899,-127.0295,-169.1656,-144.3523
7.7851,-145.7358,-80.7081,-160.9017,-117.1223,-192.3783,-42.2360,-128.5567,66.5984,-30.5437,250.4107,-192.1799,50.1767,-138.9458,58.4458,-24.8832,-138.4980,-174.4955,-132.2705
19.9142,-136.2396,-84.7450,-168.7568,-143.1951,-162.4217,-23.2687,-92.1839,47.3245,-52.2712,257.9122,-169.6328,62.1434,-115.9482,53.3868,-31.8621,-113.1601,-178.8229,-121.4788
6.2458,-119.9392,-96.3885,-180.7171,-144.5177,-158.3072,6.4994,-52.0925,70.4583,-22.0454,234.4841,-145.8868,70.7320,-108.2104,69.0116,-10.9371,-99.7396,-196.6293,-73.9921
-20.5891,-124.0758,-117.8132,-171.5248,-146.3034,-168.1744,18.8835,-38.4235,97.5306,16.2130,202.9563,-114.6640,60.7827,-83.6733,68.5269,8.2651,-112.0420,-181.0277,-51.4620
-21.1914,-112.0142,-117.7793,-124.1495,-156.0722,-120.8332,12.7222,-58.8039,71.4531,-13.7896,148.7038,-56.1909,39.3783,-21.6136,36.7232,2.7604,-95.9389,-114.7921,-84.7009
-4.7310,-69.2312,-91.5465,-67.4932,-132.1418,-36.3208,20.0857,-54.7592,51.6667,-51.6299,53.9271,4.8396,29.9743,28.6126,12.4605,-19.8797,-47.9544,-51.1462,-79.3088
3.4265,-25.6972,-67.0736,-23.5348,-84.5813,12.4660,24.7410,-37.7380,61.8585,-72.9034,-27.0132,40.6783,21.4475,34.4892,-1.0608,-57.2447,-7.7662,-12.3243,-22.1906
17.2045,1.3221,-37.9135,13.9736,-41.1147,37.3785,-8.0331,-62.0170,29.6067,-123.8088,-32.0250,62.2590,0.7371,36.0718,-26.7374,-83.0694,26.3877,17.9754,-10.7797
40.9242,10.4375,7.0642,36.5346,8.6460,71.8616,-44.9129,-84.3606,-27.3717,-156.6707,10.5790,80.9449,-4.1128,58.6104,-42.7729,-65.2409,52.7451,26.5737,-38.6937
48.6301,5.2189,34.8079,33.8031,40.3471,84.3462,-42.0541,-67.3424,-39.9910,-132.4716,44.5783,94.2340,17.0241,72.6187,-34.0988,-37.9863,41.9043,10.9117,-36.6825
36.6583,4.6972,31.4370,25.4596,29.0701,60.8442,-19.1538,-62.7303,-39.9871,-116.4010,60.0746,96.7685,31.7094,61.5501,-25.0773,-33.7724,11.8131,4.3549,-27.0124
18.2368,14.2568,25.3066,23.4034,26.8260,37.4899,-7.4486,-69.3253,-48.2244,-107.7225,56.3818,69.4162,27.5903,35.3548,-14.4657,-16.5622,0.9761,6.7935,-30.8869
-2.0392,8.3122,23.7181,11.3334,49.3489,18.7306,-7.0304,-43.6261,-16.8670,-45.9047,36.7642,12.3895,18.6255,-2.1111,12.7427,17.4772,-12.7745,-8.5943,-12.2295
-4.9488,-17.7527,20.0851,-10.5007,41.7516,-12.1775,-5.5558,-26.1371,29.0567,19.2130,26.0805,-26.4789,14.9771,-34.6715,33.8145,16.7416,-49.5393,-30.7997,11.1591
21.8169,-29.0871,26.6546,-15.1146,28.4533,-29.1762,16.8005,-42.6649,32.5851,13.7143,13.4228,-24.7032,31.6971,-38.6397,33.3773,-17.3927,-63.2278,-32.3061,4.9616
42.8951,-8.8302,38.6434,6.4676,64.3579,-5.9463,59.4352,-37.8555,22.9516,-20.2840,-35.6148,-15.3188,61.8061,-30.5542,26.5392,-49.4966,-28.7515,-11.2386,13.3118
27.8121,14.9856,32.8285,24.2636,84.3104,27.7028,74.8678,-12.5096,27.5845,-12.0241,-74.7431,-8.1666,61.6273,-43.2269,12.1691,-83.0492,6.0641,9.4190,62.3631
-2.2742,9.9805,8.4049,1.8368,23.5460,30.1942,43.0456,-13.1439,26.0775,41.9198,-30.4915,6.7344,29.9068,-70.2043,-8.8971,-109.9084,3.0014,-5.8401,98.5389
-22.3911,-20.0953,-26.8186,-51.8394,-53.0067,5.1681,17.2007,-18.9183,30.7048,94.9512,46.0401,1.9487,11.1248,-87.1225,-7.4256,-97.3174,-13.0339,-57.1557,98.1373
-30.9524,-44.5714,-62.4906,-84.7436,-75.4687,-15.1750,27.4679,-5.9356,54.5994,107.3702,48.4896,-31.1882,0.3879,-88.3288,19.9732,-56.3352,-9.2889,-89.2525,98.5658
-28.7378,-50.3283,-70.0354,-75.8317,-60.6172,-17.7857,38.1940,11.2565,67.7526,105.7111,-4.3900,-52.7719,-25.9859,-78.8663,40.4418,-22.5010,-1.6416,-75.7716,113.7096
-23.1372,-52.8596,-53.8405,-59.4946,-50.6913,-16.4704,33.7036,43.2142,66.4285,125.6729,-26.1609,-56.4120,-39.8674,-67.2751,40.1888,-11.4737,-14.5743,-52.9115,122.8235
-20.7231,-57.6727,-58.4801,-55.6583,-64.4131,-20.1133,38.6956,75.1386,72.9388,119.9176,-29.4622,-64.1748,-29.6407,-59.1429,31.2094,-28.6046,-24.7806,-38.6575,114.8480
-10.3504,-53.3708,-76.7014,-46.6756,-76.8357,-23.0118,56.5607,51.5123,75.6467,54.9973,-61.9087,-63.4983,-22.7013,-46.5332,27.7808,-49.1161,-12.0670,-21.6336,88.4814
3.0758,-45.3101,-64.6418,-30.1901,-49.6706,-21.9590,63.7954,5.1622,61.0251,-10.7393,-68.1470,-55.7397,-6.2946,-29.8619,34.8407,-37.0316,-13.9581,-11.5979,44.0126
-1.3388,-43.3645,-37.5999,-21.1685,-11.9738,-16.3857,46.6570,13.4846,40.5499,-51.0260,4.2941,-67.8219,34.7633,-24.7943,33.9650,-21.8508,-46.0812,-12.6085,-3.2117
-2.8796,-34.2180,-26.7327,-17.0646,-17.0349,-10.7322,11.9702,36.0162,18.4911,-94.8532,72.9677,-71.2802,51.8860,-24.3388,9.5499,-43.5765,-52.3100,-8.5426,-31.0391
26.3227,-19.0591,-15.7785,-13.4397,-38.6897,-17.8682,-20.8655,0.8264,-0.7877,-122.1247,62.4673,-39.4956,18.6600,-9.6807,-8.3056,-54.0281,-17.8382,-7.3840,-41.8596
48.3398,-29.7271,-4.9399,-17.8874,-32.0461,-25.4978,-38.8547,-47.4845,-2.8364,-113.4101,38.4236,-31.3399,-16.9799,5.2732,9.9666,-10.4678,-6.4938,-21.2732,-55.6044
28.5990,-63.5431,-19.5514,-27.4154,-14.7319,-4.7905,-49.5539,-49.2654,12.1968,-104.2768,64.0048,-65.0223,-19.5505,6.0586,31.6054,27.6239,-26.5068,-34.3036,-69.3702
9.7325,-74.0649,-39.3250,-31.1273,-10.4635,17.6063,-64.7618,-41.6163,27.7114,-101.8164,90.4299,-63.3104,-8.2834,10.0901,15.9345,10.3427,-15.1433,-39.2885,-71.5679
24.1457,-50.9776,-34.6368,-27.0271,-16.3554,-3.9274,-85.6478,-69.3076,21.4084,-95.2589,78.4003,-28.0976,-15.4472,15.9062,-18.2197,-20.0752,28.6792,-38.2660,-81.7706
38.1400,-32.0306,-17.8019,-16.1858,-21.3253,-32.6652,-103.6131,-103.9453,-12.6482,-101.6865,61.8889,-45.6998,-41.3067,-1.7874,-30.3667,-20.2025,45.0122,-21.5672,-112.7642
32.6068,-30.5358,2.6864,-5.6602,-4.6970,-21.7197,-98.2110,-110.9030,-40.9442,-96.8227,63.4071,-91.8215,-40.1989,-30.1606,-18.2665,-6.4387,22.3996,-5.6811,-134.6380
24.1424,-20.5428,22.0809,-8.4932,17.4380,-14.5292,-62.5151,-114.9625,-40.5095,-51.9776,69.8835,-72.6844,5.9242,-40.1271,-11.5767,-9.9025,1.6562,-17.4481,-129.3734
12.1380,6.2958,16.6923,-19.5400,-2.3552,-39.0899,-26.2276,-137.0267,-35.4507,-16.7499,67.2781,-11.3551,38.3567,-40.8964,-21.4377,-29.7226,2.2522,-33.7930,-112.7532
-0.7320,19.4581,2.4227,-21.0390,-29.5622,-43.7502,-12.8512,-130.7909,-30.1841,-10.3260,51.2187,8.3603,34.6508,-40.8567,-24.4066,-37.4279,1.7258,-28.8924,-95.1052
7.2935,-7.2019,19.6162,-10.7296,7.0154,-18.4681,-9.5968,-72.7684,-9.9524,9.4107,45.3558,-18.3517,48.8043,-25.6482,-12.0984,-26.1178,-24.1563,-18.0026,-87.1287
20.4493,-53.7943,42.5350,6.0838,65.0550,-2.6826,-3.0543,-27.8665,-12.0580,21.2040,72.1741,-52.8131,70.7304,-10.5089,-7.3157,-21.5616,-61.3369,0.1175,-87.7460
3.1730,-78.2715,30.9343,23.0131,74.0305,15.3217,8.2895,-25.2500,-51.0600,7.2666,93.3310,-72.1887,41.7857,-20.9030,-6.9432,-21.2290,-77.0201,30.4890,-50.9319
-22.3841,-73.8584,13.2217,22.5751,60.0276,47.2431,28.8957,-8.9114,-59.8129,27.6803,68.8745,-65.8216,1.4573,-33.9509,13.8757,0.5651,-71.7591,35.0319,24.9559
-13.4963,-57.6687,15.9232,7.5544,48.0672,56.4999,50.0331,22.4050,-31.3520,57.1552,23.5677,-49.8765,4.9301,-25.9953,35.3391,18.6671,-57.7687,13.5016,54.6347
17.1673,-20.2826,23.3220,11.5488,26.8497,46.6870,53.8155,13.7739,-39.3495,9.0788,-25.6637,-42.7756,3.8434,-19.4959,27.2824,2.0642,-15.4133,19.9657,28.6494
38.2799,40.6247,37.2921,33.2405,23.9074,48.7220,42.6251,-12.6569,-73.4459,-49.8184,-84.7898,-19.4676,-33.8814,-21.7088,14.0072,-5.1170,53.9294,40.1400,37.7223
48.0532,78.6865,56.6582,35.0554,37.5159,44.6247,22.5023,-6.5650,-72.3376,-23.7925,-114.5254,32.4599,-64.9779,-4.5256,13.8706,27.0273,100.1942,25.0492,79.3996
48.5850,74.9516,55.2683,27.1486,21.3641,35.3126,-1.6202,14.6977,-56.4468,16.4983,-104.7745,70.3589,-74.3610,27.3484,1.2137,41.8881,105.5320,14.5370,81.3348
39.1377,82.9079,49.5317,44.9322,8.8263,56.1338,0.6260,33.3282,-54.1218,5.7064,-124.3535,77.6676,-66.5681,40.2523,-16.2794,18.4150,101.9855,45.5439,68.0637
33.0679,123.2748,66.8915,60.9147,38.3784,72.8726,34.8328,59.2576,-38.5517,-8.5814,-170.3631,86.3919,-32.0538,37.7348,-1.5041,21.1146,100.9151,55.2497,80.4624
34.9335,140.4840,69.4890,36.6840,38.1884,42.2807,51.2195,80.8574,-12.2729,-13.4087,-160.1732,98.5621,-2.7854,46.5193,27.1085,62.3303,91.4681,14.7838,78.5208
32.7051,116.0333,37.3125,8.5482,-15.1902,17.3918,41.1994,94.4368,-1.2357,-30.0033,-114.3960,98.0706,-0.4251,65.0119,25.1954,68.4498,77.9250,-6.4603,53.1390
25.4017,98.4653,19.1693,16.9750,-38.3295,31.9408,50.0934,103.6398,4.7902,-38.0871,-109.3275,104.3489,17.3656,75.8964,1.7079,21.2460,61.3161,18.1410,40.4675
12.0788,101.2687,19.7785,28.4508,-32.7589,28.6472,62.0738,77.8186,11.8000,-36.0265,-108.4204,125.7265,40.5370,73.7045,-7.3607,-2.6467,35.2036,30.7482,31.4365
-20.7369,91.7258,-6.0679,6.4955,-60.1741,-10.4733,30.1141,26.7868,14.9041,-23.9846,-56.9187,132.4923,10.3460,57.9836,0.6654,32.3737,13.4531,3.0573,26.0008
-59.2496,65.5726,-40.3390,-20.9593,-80.3378,-37.1493,-8.0592,20.6633,29.3150,41.1675,-10.8520,113.6874,-33.5778,32.1214,1.0797,59.0740,10.6108,-25.3163,54.5906
-69.8807,40.7224,-40.4045,-19.2867,-49.9201,-35.4822,-0.6799,61.4659,49.3763,142.8136,-28.1992,80.8261,-29.9227,9.5174,-14.1289,33.8099,15.6018,-16.9945,88.2930
-64.1253,17.0560,-27.3559,-6.3325,-17.7337,-21.2408,20.3929,99.5173,60.6123,214.5226,-75.3693,34.8542,-22.6193,-1.1184,-15.0482,22.2996,9.4240,7.7310,93.9086
-76.0742,-4.1116,-29.1028,-14.7924,-8.6016,-14.0352,25.9283,145.2376,88.8632,267.8625,-101.6870,-7.8458,-37.9014,-4.0439,20.0991,75.4850,-15.6120,1.7879,109.4579
-93.1823,-10.3411,-38.4016,-35.9033,-8.4363,-40.3738,37.0820,191.6497,134.3303,315.2905,-108.6868,-18.0875,-33.6579,-2.9726,53.0317,124.9293,-43.1394,-25.8982,134.7344
-93.3173,-5.8452,-57.7570,-35.9184,-33.4597,-82.0054,41.1265,165.2717,150.7125,297.1053,-130.9361,-10.2705,-31.8986,1.6274,43.3942,109.7211,-46.0131,-18.2798,106.7761
-97.2020,-2.9870,-85.6902,-9.5220,-69.0163,-85.1748,6.4273,73.6170,135.0814,219.0858,-165.8754,-11.6755,-72.1109,10.6047,15.9485,84.6877,-31.1718,27.5927,32.8747
-111.2174,5.3252,-87.5455,20.3025,-60.5920,-54.7736,-33.2387,18.3487,104.6329,151.8163,-152.6844,4.7734,-93.1741,36.2336,-0.2574,100.8327,-24.8820,60.3739,-23.3391
-99.0154,29.4962,-45.6334,43.1122,-13.8049,-30.2331,-28.7229,32.8585,44.4400,94.7337,-79.8790,61.6807,-44.7353,83.4845,-17.1981,118.4403,-22.5391,68.8395,-49.9209
-58.2856,57.5211,9.2577,62.4436,25.1835,-14.7194,-1.0802,60.6774,-14.7698,31.2671,-29.9278,106.1297,18.0146,115.9766,-32.8132,100.7389,-18.2633,76.5759,-65.2870
-32.4498,69.3751,39.3635,74.3565,45.2827,-14.1258,2.8218,55.5816,-21.2561,-12.8687,-31.0033,89.7825,42.0645,96.8525,-33.1349,63.8834,-30.0788,84.0897,-75.0709
-31.2447,67.0539,39.9469,80.6226,51.4135,-33.6855,-16.9301,23.6920,-24.8825,-58.4829,-10.7465,54.0280,37.8116,59.4129,-39.8195,27.9199,-43.4311,91.2777,-86.6059
-27.8897,70.7284,39.5788,94.3638,50.6384,-28.1171,-35.7982,5.5580,-82.1711,-129.7590,46.0355,56.5893,26.0516,58.5114,-65.5695,5.8031,-26.5846,109.6047,-95.3276
-19.6235,83.6945,57.8437,107.7597,53.7810,15.0708,-47.2493,15.7166,-130.4550,-160.6853,74.7689,78.1692,16.7690,71.1846,-79.6253,1.0741,-5.9061,122.6172,-83.9822
-20.8910,86.2459,66.3175,96.5180,44.8115,28.7747,-50.7483,18.6464,-118.0866,-115.1399,63.0842,69.9400,9.2278,44.5457,-72.0004,-8.8758,-8.3344,107.9477,-57.3658
-25.7648,70.0011,38.4362,66.9315,15.4275,-5.8844,-39.5345,3.7421,-93.4951,-64.2817,46.4666,35.7306,-3.8853,3.2206,-66.4159,-28.2110,-0.2070,83.0356,-37.3692
-20.1693,49.4115,9.3059,49.0361,2.7058,-33.4476,-20.9051,-3.2608,-91.4134,-51.7002,35.5111,12.1831,-10.7980,0.1731,-66.3512,-26.9273,25.8896,71.8635,-41.5916
-3.8052,40.4064,16.1113,47.5839,18.1973,-40.6701,-14.2108,-9.0414,-98.7834,-44.6667,35.8406,16.2319,2.5581,21.2685,-69.2640,-13.5885,38.6656,67.5480,-69.1900
14.5271,51.0586,36.7290,47.4149,28.6369,-46.6758,-16.0310,-12.7770,-109.1338,-24.6611,42.7744,46.1723,22.1717,38.1604,-85.8149,-19.9514,56.8935,60.1109,-86.1682
25.1046,75.4309,42.2316,48.6420,28.8490,-39.8146,-7.8070,19.6753,-104.8993,-6.7760,16.2922,88.3936,29.5822,67.7111,-98.2903,-18.1700,96.0071,57.4130,-70.1523
20.9878,86.2351,35.7870,53.9607,28.0982,-24.7699,4.9481,56.0278,-71.2852,-0.8002,-42.2139,108.5082,20.5319,101.1868,-77.2742,20.7043,99.4726,62.5700,-52.4110
-0.7561,67.2628,20.5111,49.6148,14.8922,-27.4835,8.9004,37.5335,-45.3123,5.1394,-57.0589,86.8993,4.8695,90.3912,-45.4370,50.7716,51.3044,62.1832,-53.5191
-34.7308,40.5716,-1.6216,32.6963,6.1554,-33.4572,10.4728,6.4848,-53.3164,29.5780,2.0442,57.7708,10.2371,50.1213,-43.4699,41.1515,20.0503,47.8207,-52.0538
-57.9326,27.3577,-13.4585,21.2581,26.5953,-23.4225,13.5965,8.5645,-55.9329,54.9484,58.9343,58.8380,39.7372,42.2241,-54.9109,32.6983,23.4949,29.3720,-48.4107
-50.5508,24.0250,-10.8427,19.2712,38.9510,-21.7509,15.4750,-0.3997,-26.2762,44.4251,44.0988,70.8518,52.4567,55.5346,-41.6108,40.0589,14.7739,17.9135,-53.8396
-30.7377,30.7830,-8.9528,16.0850,15.3002,-39.6789,21.2765,-22.9727,3.4773,12.0969,-6.5946,59.7431,40.9723,39.5031,-19.4127,26.3465,-3.3586,15.1341,-50.9764
-27.0335,41.8798,-7.8838,18.1552,2.3648,-46.1911,19.8961,-6.9306,4.1943,-5.2731,-14.6243,35.7820,40.7696,16.1901,-24.9637,-3.1902,-3.4708,23.8316,-45.8860
-33.2495,28.1919,0.8300,31.6547,23.8674,-25.0972,-8.0458,23.6266,-8.0429,-8.8972,26.1906,27.3582,43.2460,30.6170,-41.8685,-2.8111,-10.4298,39.5129,-57.6855
-36.7441,-11.2079,7.8057,38.2716,40.1028,0.8829,-35.7815,31.2089,-2.2107,1.8216,58.7838,37.7152,24.8819,61.1828,-31.7976,30.0680,-47.4610,42.6896,-52.6281
-42.1594,-32.7570,5.1718,34.1273,41.3156,6.2448,-29.0842,46.8433,14.6298,26.7223,61.3647,54.3722,13.6105,75.0385,-13.1430,53.0563,-75.7419,35.6615,-15.3052
-35.0954,-16.6546,9.7604,46.8296,58.2441,-6.0576,-24.3009,66.6961,-0.2625,15.8076,57.0683,66.8298,15.1292,80.3326,-32.8708,35.7874,-47.5930,49.2985,2.6971
-3.3411,14.8076,36.6180,78.0830,87.3566,-14.1832,-60.9293,52.6215,-47.8455,-39.0588,51.1838,62.6422,-8.3460,72.6320,-75.9476,-7.1475,14.2342,81.3003,-7.2888
10.3849,39.0532,62.1718,88.9450,94.9777,-11.7616,-96.0760,36.3376,-65.6951,-51.9842,37.3546,37.4630,-42.1248,33.9264,-82.5762,-27.3317,34.6491,89.1155,5.0844
-24.9234,37.2944,47.0555,60.5393,67.9278,-9.4677,-86.4790,52.0436,-19.2604,9.1920,25.7482,10.7591,-49.2657,-9.6926,-42.6547,-4.5459,-6.7563,57.4805,47.2322
-65.3011,6.0658,-4.2965,13.4851,15.1334,-14.1445,-66.7427,66.4119,51.2561,81.6479,19.2913,-0.8900,-53.4889,-27.9383,-3.9114,20.4246,-44.9282,11.3304,86.0676
-79.7586,-13.5769,-47.0261,-26.4816,-42.7980,-37.0965,-73.4358,59.6804,93.7268,132.7592,11.2636,-14.1847,-70.6533,-41.3201,3.3620,23.2453,-40.0512,-23.8418,87.3545
-96.6311,7.0392,-61.5219,-46.7372,-75.6191,-83.0607,-81.6779,40.1636,98.8160,161.6075,5.5641,-40.4776,-65.9413,-59.1317,2.1953,49.0866,-31.7025,-39.3215,25.1623
-121.3684,22.2462,-73.3331,-55.5539,-80.1103,-120.1213,-66.0433,4.7535,100.2438,154.2961,5.3088,-53.3890,-39.5956,-51.2929,23.2045,113.3533,-51.8175,-48.8112,-56.6974
-134.0432,-13.6669,-104.5911,-68.6815,-94.7629,-122.2533,-47.3618,-16.8880,134.1344,138.2581,6.0196,-53.6816,-30.1378,-30.1912,50.8367,140.3548,-91.2618,-60.4949,-75.8736
-144.5517,-63.1110,-136.8616,-64.9604,-124.1030,-105.2728,-40.6530,9.5251,169.8444,138.2230,-5.0185,-87.3841,-38.5098,-39.6064,47.8419,88.2223,-135.5324,-34.2753,-51.9108
-145.5102,-63.7956,-129.4712,-12.6600,-105.1677,-71.0787,-27.8754,33.8630,137.1399,95.5277,-43.6409,-134.4305,-41.1599,-55.2448,18.4437,25.1014,-142.9636,48.1333,-58.9113
-106.6088,-20.8082,-75.6162,46.9220,-27.8917,-10.7580,-16.2424,0.3159,58.5896,-3.8952,-76.8596,-112.0700,-31.4287,-31.3755,-1.1068,9.9595,-86.7210,101.6654,-81.5144
-66.9769,4.8426,-32.3326,43.1492,7.8164,32.1120,-41.5069,-48.8472,39.5614,-55.2334,-40.7968,-39.4765,-15.3513,-4.1398,0.8110,14.3753,-46.8348,60.1865,-78.6711
-85.8646,-22.9950,-52.8314,-6.2284,-46.2565,22.5141,-83.9639,-60.9632,96.1917,-21.2776,33.9655,-27.0430,-9.2830,-21.3952,13.0986,7.2755,-95.3014,-3.3686,-72.9346
-120.4279,-67.9849,-102.8955,-33.6030,-104.1484,-3.7516,-86.0070,-56.3791,130.9317,5.6931,51.4467,-88.5052,-25.1950,-53.8800,28.5037,6.2203,-148.2238,-10.5197,-82.8079
-104.5961,-70.4961,-114.2307,-31.0455,-103.2281,-25.1769,-64.0910,-61.8650,99.4491,-14.6291,11.8336,-140.9193,-52.1034,-67.5980,35.0982,20.4178,-111.9561,5.4187,-93.1349
-62.6414,-34.5712,-85.7919,-24.8536,-76.5582,-54.1418,-70.1516,-62.6741,66.8508,-30.2541,-25.6299,-150.9391,-73.4201,-73.9887,27.1347,27.9385,-41.6497,3.8218,-91.1446
-34.0310,-10.4846,-58.2034,-15.7157,-49.0222,-63.2548,-78.4125,-44.6882,75.1940,-29.5241,-54.1257,-132.5800,-73.2017,-70.5799,18.0709,11.1366,-10.5412,1.6697,-66.2462
-12.3167,-4.4604,-43.0948,-3.7570,-26.1585,-36.5251,-55.4567,-21.1981,78.5751,-54.4999,-58.5008,-90.4754,-41.0308,-46.9089,7.2588,-27.1194,0.4607,6.4884,-35.3376
-1.4638,14.4650,-33.8639,2.2289,-32.5639,-16.2371,-42.6246,-9.4715,42.8783,-110.8128,-15.1269,-53.4928,-7.8514,-31.3604,-14.3426,-62.1681,12.3536,11.0844,-36.1041
-8.3653,40.8755,-28.0618,9.0258,-48.4924,-12.2144,-58.3862,-9.0263,1.0413,-154.5110,20.7147,-51.4522,-13.2244,-38.6290,-28.2150,-64.8889,20.7475,21.5983,-50.0759
-4.4061,44.0164,-16.2947,18.5790,-24.0098,-4.2135,-66.4573,-14.5890,-20.8596,-151.4298,16.0485,-53.7061,-33.2550,-34.3198,-25.9133,-39.8375,38.9606,27.6150,-44.2823
22.0123,24.1081,4.1714,17.5583,16.9137,-16.4448,-70.3275,-30.8690,-29.2150,-121.0684,26.5565,-28.7232,-32.1334,-3.9363,-26.9171,-12.9578,54.8991,12.4053,-48.6020
42.8931,3.6537,17.9687,9.2364,29.3070,-46.0643,-80.7275,-51.3496,-12.5028,-108.3241,44.0734,2.7558,-24.8423,27.2493,-18.8827,12.4203,34.1304,-9.2757,-65.7357
40.3385,-8.8543,17.2554,5.3748,36.6616,-40.5512,-55.8013,-51.2597,27.3216,-109.6138,23.2634,22.8804,-10.4543,44.5363,16.6903,38.4941,-8.6272,-21.6736,-47.7255
8.9853,-19.0997,3.7333,-1.6925,50.3053,-23.0876,-3.9647,-25.6521,38.9094,-83.2141,40.4757,27.4975,32.2606,41.3246,35.7694,47.7981,-42.4511,-29.7343,-20.4573
-44.7249,-30.6132,-21.5482,-17.3191,36.9386,-52.9637,0.3884,2.7234,8.9680,-36.9489,143.5837,3.4883,63.4212,12.9598,9.9028,41.8790,-69.6433,-34.0055,-33.3577
-71.4511,-38.6193,-37.6852,-27.4858,16.6182,-90.7680,-32.5941,16.6798,-15.6774,-22.3213,215.3660,-26.6681,47.9820,-10.2929,-11.4792,44.5200,-78.3881,-35.0439,-46.0493
-36.6491,-39.8425,-21.2204,-21.6808,37.6516,-82.0535,-29.0579,12.3734,-28.6865,-50.3090,194.7606,-26.4319,37.1262,-1.2635,-6.7136,42.3825,-50.5594,-35.2771,-33.1125
8.5622,-39.9199,7.5689,-2.3060,77.0327,-52.9726,-3.2096,-4.5086,-51.7326,-86.1321,160.8990,-24.9656,55.6064,6.5763,-12.3814,6.7339,-21.0961,-19.5845,-34.9998
7.5901,-34.9093,15.7377,18.4319,82.8911,-30.0851,-16.7863,-24.9222,-63.0709,-102.7868,144.5369,-50.8354,47.2372,-20.4709,-28.2364,-35.7901,-20.3899,9.8750,-44.4749
-17.6265,-15.1217,7.9702,15.8742,49.2248,-26.3334,-59.1017,-60.6933,-51.5794,-91.7003,133.4748,-65.4470,7.9189,-62.4663,-30.3838,-46.7288,-24.7094,9.8685,-42.4076
-29.5383,-3.0400,-4.4324,-20.0164,-0.2237,-75.0607,-76.6324,-119.3704,-41.4078,-57.3051,155.7691,-69.9882,3.3350,-104.2783,-28.3081,-49.3566,-30.9788,-31.4710,-68.6179
-28.7332,-24.4453,-25.6495,-55.3834,-33.5675,-144.4920,-53.7138,-158.2531,-30.2200,-30.5595,183.0065,-112.8529,35.9943,-146.8419,-28.3501,-77.8320,-54.8964,-61.2574,-112.3341
-17.5325,-45.7631,-40.4686,-52.2374,-31.8383,-153.1746,-25.5367,-145.5434,-19.8954,-46.8771,156.6379,-152.2765,46.6794,-157.6027,-28.5976,-111.0658,-57.3662,-45.3467,-112.4173
6.3694,-25.8248,-32.1599,-24.2883,-20.5815,-118.3056,-35.8866,-126.0200,-38.9764,-99.0131,118.5831,-120.4970,23.0208,-120.3215,-47.9985,-123.2892,-6.0997,-14.5980,-95.0945
31.0603,8.8133,-21.0461,-10.0252,-27.4177,-108.8577,-76.5713,-140.4406,-62.3007,-148.5429,113.1771,-67.1241,1.4957,-83.6968,-81.9336,-134.2611,56.0469,-6.1023,-111.3125
50.4738,24.3205,-17.6831,-13.2129,-34.5393,-109.0515,-97.8101,-154.9751,-50.5227,-172.9401,101.1661,-49.3720,0.9166,-74.7771,-93.8679,-152.5477,87.5404,-16.5817,-125.7153
67.8269,31.9456,0.4148,-15.8969,-29.2071,-87.1714,-84.8919,-127.3984,-38.2655,-165.8309,78.3152,-31.9894,9.8570,-59.4337,-77.5180,-141.1176,88.5481,-26.9292,-105.1659
78.3085,22.9300,22.6265,-23.4055,-31.0470,-70.9394,-57.0462,-64.8760,-41.2150,-121.1028,75.5562,-14.6352,15.2355,-30.9492,-48.5946,-92.5142,59.9091,-36.1751,-72.5980
81.3968,-26.8599,9.8504,-46.3921,-39.4957,-69.7899,-24.3959,-5.6582,-21.3979,-60.7721,76.2350,-46.3088,16.3255,-23.0978,-19.9983,-64.1999,30.4417,-51.6984,-40.4794
81.6493,-77.8093,-24.6109,-67.1809,-32.1291,-62.4084,-12.0373,12.2292,-1.7797,-36.4343,86.7309,-93.1082,13.3509,-37.1415,-17.8593,-83.9978,48.2962,-68.0023,-13.3682
71.6682,-83.6133,-37.5428,-70.9931,-14.3550,-59.2505,-39.8943,-12.6621,-15.2676,-59.3733,136.4895,-99.1716,6.5791,-51.0437,-35.7651,-99.4848,76.6045,-79.7085,-10.5001
52.8026,-77.4557,-33.8813,-72.2541,-11.5407,-75.0621,-65.1594,-48.2273,-15.8707,-87.3169,181.7305,-97.6908,10.5247,-62.4663,-28.2442,-81.3999,42.9516,-89.9311,-36.7869
45.4077,-93.3475,-34.8825,-75.4403,-22.2965,-90.2054,-51.4177,-78.4910,2.1177,-100.4941,187.7966,-116.8437,36.5978,-72.1291,-8.6461,-78.8973,-18.5311,-89.7935,-79.7126
50.5523,-101.4105,-26.4213,-62.6278,-16.8236,-81.8335,-28.9692,-99.2377,-12.9649,-116.8789,191.3728,-123.9864,67.4197,-77.2125,-17.4182,-112.3221,-42.2984,-69.1689,-109.2467
50.1850,-84.1997,-3.3391,-35.7321,14.7619,-50.7707,-12.5049,-103.0734,-35.0926,-140.9905,179.4538,-118.1694,80.3228,-84.7147,-18.9727,-129.5475,-48.9904,-42.7668,-96.6364
44.8966,-59.5170,10.0305,-16.5156,38.3445,-25.4931,13.7281,-115.3073,-29.7701,-160.4102,116.8620,-123.0897,74.0104,-97.1356,11.2551,-110.5405,-57.3035,-26.6005,-74.9068
40.7948,-25.6188,9.0962,-14.1242,26.1891,-37.4765,22.9630,-150.7048,-36.7104,-164.0907,66.7088,-123.0615,56.0124,-113.5826,20.8301,-94.8641,-36.7005,-23.3798,-82.4214
32.3966,11.0700,7.9224,-27.6269,0.9726,-71.9162,-0.5631,-151.0144,-44.9710,-139.8711,75.2046,-116.0331,39.1930,-138.4289,4.2695,-98.2339,-4.5067,-39.8702,-74.9335
29.8210,14.1129,6.6965,-45.2851,-7.7090,-91.3001,-6.3879,-91.2869,-21.9400,-94.1983,84.7212,-128.8476,40.8362,-154.0029,2.1712,-105.4475,0.0533,-59.2341,-37.8955
48.4197,-8.2862,12.1488,-41.3257,-0.6862,-95.9349,17.9145,-46.2932,-36.0273,-58.0722,76.9783,-143.0130,54.1026,-136.6719,-11.3477,-115.6520,5.7948,-42.4609,-40.8694
73.9661,-8.0841,41.0976,-19.7314,16.2842,-94.7211,15.8895,-51.0272,-105.6021,-43.6646,94.7511,-129.3516,54.8610,-113.6873,-50.0397,-125.5814,35.3884,-11.5944,-75.0351
90.4963,7.2725,76.9367,-18.5868,30.2868,-78.4003,-22.3989,-60.4505,-132.4668,-37.5284,127.4352,-115.6622,42.1792,-122.0621,-60.0399,-127.0306,52.0071,-24.1515,-68.9728
102.7904,-5.8689,84.8060,-39.5259,18.1628,-60.3453,-47.1099,-58.8513,-112.9051,-24.7953,146.4551,-120.6309,29.7415,-136.9286,-46.4997,-133.1536,45.9199,-56.4191,-43.3467
101.7439,-43.4872,65.1301,-52.1529,-8.1036,-55.4940,-35.5495,-40.5312,-109.9370,16.8299,155.8550,-117.7720,18.1858,-125.9522,-49.0758,-139.3279,35.4552,-58.2842,-19.7350
76.1295,-75.4617,36.9635,-62.1056,-23.2207,-47.2604,-12.5144,17.0314,-77.7617,79.9886,143.5830,-109.1007,1.9819,-108.0663,-31.0800,-111.8936,8.7605,-59.5134,41.3195
52.7646,-93.2316,6.4080,-80.5914,-44.0581,-41.2502,-12.7959,65.7276,3.8872,99.4181,102.9173,-117.0205,-20.7306,-97.7863,16.2765,-66.0454,-27.7598,-80.7969,89.7491
50.5654,-91.4492,-16.7839,-77.8300,-72.7414,-54.6201,-34.9355,49.6403,45.8959,59.3896,58.5700,-118.5834,-43.2128,-81.5314,23.6720,-57.6829,-33.4207,-72.4729,61.7932
45.6409,-67.0165,-21.7694,-46.4076,-67.4786,-53.1461,-41.5306,23.8837,38.9773,33.2850,15.8717,-92.7086,-51.6480,-66.4692,-6.7989,-83.8642,-6.8212,-31.9329,42.2874
35.2938,-41.5936,-16.0506,-27.4486,-40.5454,-24.3211,-32.2478,35.5192,35.1582,35.9498,-12.1587,-70.9627,-51.4617,-64.5987,-14.8652,-91.9751,19.9309,-16.0999,75.0570
43.6737,-35.7404,-9.1203,-33.4015,-45.1040,-20.9172,-44.1477,41.1309,9.8428,12.3135,13.5002,-71.8659,-61.7268,-56.5154,-9.7421,-65.7850,32.4914,-25.9951,67.2221
51.9558,-39.2378,-3.0840,-36.7425,-58.4209,-40.1132,-62.6991,36.1455,-21.3721,-11.8457,52.7694,-70.6572,-71.1885,-37.3605,-11.3234,-33.0578,26.7611,-27.8756,29.7076
34.4418,-26.8642,-4.4893,-32.3664,-43.4908,-29.2497,-52.4783,47.5045,13.2618,9.3206,21.4034,-58.6121,-60.2020,-37.3540,0.3321,-25.3624,17.6242,-29.0701,48.7345
20.5358,10.9762,-13.4349,-35.1290,-45.3000,-16.1170,-34.2955,35.0665,62.6524,10.3570,-46.9546,-52.1061,-45.0558,-60.3729,15.1212,-42.1019,32.4737,-39.5727,65.3288
23.3675,47.6013,-21.8728,-42.9676,-81.5316,-38.5033,-13.7481,-6.6543,46.8810,-45.0086,-68.8001,-54.9797,-34.8978,-72.4936,24.8087,-36.6909,43.6498,-44.3443,20.8846
7.3589,45.3084,-34.5700,-43.9782,-88.9345,-47.3192,36.4259,-10.2412,21.9761,-73.3224,-58.9019,-58.9720,-11.9440,-59.5746,49.5696,5.9488,12.5845,-37.6498,-3.0395
-17.7483,14.0530,-52.7271,-36.5742,-60.2614,-28.0029,68.8569,8.3393,34.5073,-57.0054,-49.2281,-54.4395,9.0775,-39.5842,59.4700,21.1824,-15.4464,-27.2836,14.5401
-8.2980,-4.2396,-58.9389,-32.4445,-56.5924,-32.4107,32.3639,-22.8440,34.2371,-73.1646,-19.7656,-36.3814,-1.6377,-27.5050,30.1149,-10.3934,-0.2650,-25.6897,2.2636
17.2416,-2.0430,-47.8760,-35.0584,-72.0956,-44.3833,-5.0536,-77.7391,6.1175,-110.2341,7.7256,-16.2942,-24.6211,-21.4604,15.1049,-18.1575,18.5387,-34.4099,-25.8856
26.6676,10.9845,-23.4349,-21.1915,-49.4245,-22.0973,7.1488,-96.4027,-20.2748,-101.3339,-13.9996,0.9224,-27.0374,-13.4142,20.3743,-0.4955,28.7493,-24.8774,-25.8331
35.0933,39.5256,15.0314,13.0397,0.9450,-1.8523,5.6479,-87.5734,-28.6195,-69.3785,-49.9624,30.4137,-11.1773,-3.8409,-6.3356,-23.9968,50.4103,4.9671,-21.0264
37.1016,56.9170,38.4125,22.6206,20.2132,-4.9806,-29.7599,-71.4177,0.8666,-57.2959,-39.3335,54.2368,6.2290,-3.0793,-26.9058,-53.9602,43.5554,3.3970,-19.4015
16.6271,29.8109,22.2483,0.6101,4.5313,-9.3194,-38.9866,-49.0556,35.0858,-40.9554,-6.5929,33.9348,5.0186,-8.7972,0.1002,-25.1050,-2.3565,-21.4103,-9.2967
14.6544,3.5663,14.7011,8.5294,6.2109,-50.0874,-17.4940,-25.0357,4.3888,-0.8735,-16.0725,5.6150,-22.7951,-1.2862,0.8439,9.1041,-13.5796,5.9698,-4.7592
37.0887,25.6737,45.0077,50.0606,40.7469,-127.8470,2.1545,7.7605,-39.1381,42.6886,-63.4742,28.4772,-41.0455,20.1356,-36.9865,7.9941,6.7957,63.1675,10.1045
14.4615,42.5585,46.4202,52.2910,57.9473,-115.4169,24.0686,40.6590,-6.8557,62.5844,-76.9086,59.5329,-17.7302,30.2280,-19.9421,26.5027,-12.7355,56.0563,46.3306
-33.2691,11.5705,1.3147,9.4310,34.6161,23.3486,37.9489,34.6905,29.7221,32.6181,-25.4147,41.2717,18.4230,25.0843,32.5371,53.2796,-29.7010,-1.0446,48.4842
-6.7709,-13.4163,-9.0893,-20.9689,12.0471,123.0042,23.0881,-2.4615,-8.2227,-27.8498,29.0922,20.7776,29.0851,29.9890,33.2945,36.4305,26.9020,-39.2752,6.3823
59.9146,-4.8371,12.9286,-42.9028,-3.2981,87.6100,4.9009,-21.5018,-41.9506,-44.4946,32.5469,34.1488,11.7643,47.5792,21.2428,39.5912,94.5020,-71.7469,-16.9587
56.3935,-3.4148,-14.4603,-83.4496,-50.2308,21.5674,9.8855,-16.0838,-14.8963,-1.2478,13.9748,31.3570,-13.4332,52.7818,49.3039,104.7717,101.7449,-114.0830,-19.7450
8.6639,-15.5980,-68.7250,-110.9363,-103.6852,7.6980,34.2212,1.6144,19.8489,36.1273,3.3566,4.1809,-10.2890,46.3182,70.2516,139.1837,76.9614,-126.0172,-35.7117
-3.8683,-25.0107,-83.9067,-109.7425,-113.9336,5.0637,66.9493,37.7557,49.1001,48.0603,-16.4183,-2.8427,20.6828,54.2846,74.0303,126.7691,46.9824,-113.5012,-39.4440
-6.6794,-46.3189,-91.9559,-120.2094,-120.5113,-16.5253,75.1390,72.8247,96.2383,75.9706,-37.9550,-4.1440,14.0744,71.8436,104.3720,164.6355,7.4895,-124.7753,-19.0182
-39.0113,-69.0544,-124.1612,-148.2970,-166.4594,-38.2274,42.4928,82.1874,131.1407,114.0719,-25.9244,-24.8237,-37.2997,65.2045,135.4726,226.2773,-26.4997,-150.1207,-4.3020
-69.6944,-62.9111,-139.0985,-155.5021,-196.4868,-55.9070,22.0973,80.4586,130.4385,117.3050,8.7849,-43.3177,-51.9179,27.3935,129.9309,212.0095,-50.3274,-151.0459,7.1597
-74.2597,-48.2802,-124.3223,-134.2441,-168.0029,-64.7023,34.7348,75.5164,115.8804,88.3888,16.0913,-69.1689,-30.5115,-14.6093,117.5858,160.3430,-66.3765,-126.7008,18.4843
-64.5426,-42.6294,-102.4907,-100.4289,-121.7122,-44.1549,20.1337,58.0564,104.7674,68.4171,-24.3755,-109.1635,-45.8825,-37.4513,108.7965,136.1844,-52.8683,-89.2685,10.8590
-56.7958,-19.5109,-69.5329,-59.0175,-82.1385,-4.7434,-14.8663,42.9808,100.0017,77.4330,-70.5372,-95.2175,-62.3386,-37.2089,78.2877,101.1335,-26.8764,-48.3881,9.0741
-68.3301,5.6058,-37.5060,-28.0513,-41.0501,22.2078,1.1866,42.8741,90.8518,108.0027,-61.4595,-25.6584,-18.3999,-27.4342,46.8567,55.1342,-39.1298,-24.9562,35.3462
-92.2332,-13.8156,-35.6380,-31.2026,-22.6852,32.8987,32.6053,53.1171,77.1128,155.0181,-16.8611,-18.2157,14.0933,-31.6363,50.2433,60.8177,-74.8246,-28.6021,50.8251
-100.8219,-54.9461,-50.1704,-52.6453,-42.9906,29.5766,2.3259,72.2853,104.4898,216.0162,-25.7717,-89.8882,-29.6588,-54.8453,73.7584,96.2230,-94.5907,-41.3042,47.1357
-102.9972,-67.3138,-64.5555,-55.8616,-69.3187,3.3580,-47.2432,68.6040,174.1015,251.3624,-92.9764,-119.5979,-89.4166,-71.2022,85.1702,99.2173,-108.5340,-39.2822,58.9021
-111.3948,-53.1995,-80.7690,-34.6008,-75.5080,-17.7361,-53.7398,17.0746,192.2724,212.0715,-132.5980,-77.7890,-111.2304,-60.4922,75.0357,80.9796,-109.9110,-16.0768,65.8519
-91.4256,-32.4230,-65.3584,-7.8003,-59.1207,10.6819,-50.9134,-11.0319,134.5496,139.3028,-124.5160,-49.0976,-104.2157,-35.3405,49.6883,63.1397,-72.2474,12.2137,37.5619
-42.5461,-22.6615,-7.3699,10.4308,-19.4304,60.9028,-73.5708,40.4510,91.9356,125.2272,-105.6343,-62.0082,-81.0041,-16.7674,24.6890,41.5038,-36.2584,25.9228,9.9195
-23.1813,-47.7911,23.8392,11.7414,17.4335,68.8088,-92.5938,90.9816,95.2147,162.8040,-74.0426,-78.2751,-69.5814,-6.1911,22.1364,47.1686,-50.3450,20.6028,15.4413
-39.3448,-87.8964,-7.8374,-10.3603,10.4281,39.8517,-80.0289,80.0178,114.3285,178.1219,-52.7127,-72.8314,-91.2934,9.0102,55.2973,103.7659,-79.7890,-5.6263,41.9189
-51.4981,-100.7543,-60.0127,-50.9001,-36.4388,10.8067,-47.6548,67.9979,173.7637,173.5261,-91.7698,-47.4738,-110.6627,34.3892,110.5308,171.6667,-88.5751,-53.6035,70.1674
-69.7459,-106.4532,-117.0846,-97.0371,-94.5626,-29.5498,-25.4408,81.9861,265.4572,185.8841,-133.1671,-29.5903,-104.5998,57.7068,151.6540,216.7856,-100.8366,-104.6650,74.4995
-105.5812,-132.9306,-181.1506,-140.2526,-153.9397,-80.7804,-20.4570,84.3932,306.0430,194.0747,-89.8506,-36.8432,-94.1600,63.2453,161.1865,240.4321,-123.9977,-141.7708,50.7815
-119.6294,-138.4513,-206.8988,-167.5621,-193.5501,-95.5135,-3.5909,86.2474,282.5399,183.7022,-29.6322,-38.2764,-77.7909,54.8085,158.7088,239.6181,-125.7936,-164.7815,44.0949
-103.7338,-97.3675,-181.4813,-159.1882,-190.0316,-71.2057,28.6252,102.2921,250.2599,178.8851,-58.3049,-16.2984,-63.1991,50.7094,156.3131,226.6296,-94.9320,-158.2566,66.7017
-94.7599,-55.6743,-157.8703,-120.8085,-168.5238,-52.5108,39.8395,103.4784,220.7140,177.2614,-136.5278,-0.2897,-85.9256,59.0381,143.9788,227.3729,-56.7498,-111.9706,76.3391
-93.9369,-38.2920,-148.6337,-86.4689,-155.7563,-39.5406,35.5563,97.1554,192.2619,167.4805,-176.9574,10.1145,-108.8907,72.6879,123.1133,222.5625,-35.0004,-65.9454,69.4068
-79.1344,-17.3210,-121.8945,-66.0587,-127.0152,-18.4249,41.9878,97.2023,169.5796,150.4757,-170.1884,41.2027,-75.4285,84.6702,96.3060,185.7466,-16.4370,-50.2022,60.2401
-56.0436,15.4310,-84.6126,-38.1821,-76.3216,-12.5598,34.1843,64.5731,124.7965,98.7901,-144.6658,74.5865,-39.9775,95.9150,60.1342,151.3894,19.0001,-34.4063,25.3353
-38.5478,34.2603,-61.3865,-3.5036,-45.1269,-7.2493,14.4431,8.9100,66.3979,17.4778,-131.8807,87.2099,-51.9636,105.7243,38.6903,143.3034,41.1222,-1.1237,-11.3328
-29.0877,24.2642,-47.7966,17.7467,-34.4637,47.3166,38.4078,-2.6851,49.5957,-13.2646,-153.9019,88.3514,-52.8950,103.5262,49.4794,119.7637,21.1162,25.3545,12.3093
-22.6045,1.1785,-34.2357,28.5122,-12.7845,118.1204,80.9232,14.1978,56.5623,16.1419,-180.3094,76.6468,-22.6512,87.5525,54.8332,66.8047,2.0553,40.8658,51.1429
-9.0661,-7.7153,-22.2244,34.9738,-3.0752,133.2847,70.5873,1.6447,38.1516,17.0965,-165.0877,61.8841,-9.6020,80.0994,31.8457,30.3495,13.0757,50.6759,23.6813
1.7717,-3.8089,-18.3626,23.1965,-29.5740,114.7053,51.5546,-10.1873,28.5129,-10.1220,-122.8082,75.9423,3.3236,90.6645,21.9011,26.7114,6.4707,36.2477,-15.6890
-12.6507,-8.0476,-29.7392,1.2132,-44.3756,116.0275,95.5019,20.7829,50.0670,1.6743,-99.9492,93.5773,43.8657,90.9781,44.9856,31.2520,-28.1459,9.3366,14.7184
-34.3424,-6.6501,-40.5140,6.2076,-15.8067,122.0874,152.1918,52.1938,45.3692,9.3795,-112.8529,70.6542,63.1198,67.5905,62.6166,31.9151,-35.5042,18.0613,64.7420
-27.7071,22.4160,-22.1705,42.4810,17.6561,119.2806,161.7781,41.3546,-1.4223,-41.2195,-141.8806,46.7903,48.6252,46.9706,51.8192,17.3098,-13.8657,62.3271,67.3217
-4.1180,49.1216,14.9227,70.2576,37.1707,131.3276,153.4906,14.7474,-42.1545,-74.1575,-147.7169,58.5745,51.4818,36.0039,27.5928,-24.5305,0.7947,89.7390,57.6283
8.7936,41.4671,37.6885,65.2927,61.8943,140.2794,151.6996,17.2878,-57.0928,-33.6356,-113.6632,59.0822,68.9735,14.5965,10.9366,-61.1162,10.6517,76.2197,80.9049
6.6352,18.6166,41.6938,46.1022,82.9475,113.7040,150.9924,57.9849,-47.7574,25.5624,-73.6423,37.5800,71.6034,-4.5788,16.6682,-52.8649,1.1285,49.4390,123.2547
-17.7605,0.0712,33.8838,40.3269,88.2820,89.1263,164.6295,101.8144,-16.7964,70.1004,-57.4808,46.7414,78.0773,4.5936,34.9739,-22.0688,-49.9576,42.9488,159.3101
-54.0518,-10.5954,16.3744,48.2281,92.4874,107.9407,184.3135,105.2546,2.2492,97.5690,-57.8067,77.8825,94.0450,27.5066,39.4465,-4.8279,-82.7659,54.1549,165.6483
-51.4518,5.2530,9.3072,52.5238,87.4063,133.5251,171.5377,65.5706,-17.1749,66.8046,-70.6394,87.2952,89.2511,42.6475,26.6479,0.4396,-38.0378,58.2946,120.0251
-0.8819,41.0304,29.7018,57.0130,64.4096,126.5755,127.2222,16.2833,-61.6648,-12.1447,-82.3943,89.5519,65.7511,51.7435,-0.7254,-16.8352,31.9692,61.1644,51.5824
33.9459,58.3504,61.8622,81.6911,65.1047,116.0989,84.4158,-11.3375,-122.0929,-60.2087,-48.4786,100.8126,51.8663,47.3405,-53.1426,-76.1713,62.3916,90.6488,23.5507
23.7917,61.1041,88.1666,116.8403,104.7887,138.0196,53.1368,-9.0702,-185.1606,-70.7914,24.3741,100.2268,53.1721,25.6978,-105.1909,-133.7538,65.3719,130.8121,35.6996
11.2441,69.8847,108.0358,127.0480,128.8193,174.0266,26.9528,2.1512,-208.1048,-84.2896,67.1941,87.2385,56.6133,14.5018,-108.6323,-127.6249,59.7002,135.2324,31.1650
20.5440,56.8086,115.8788,104.6558,114.2368,181.7728,1.6406,1.6380,-186.8807,-74.5229,77.6360,73.3927,49.8344,24.1987,-80.4504,-81.5618,42.2784,103.2640,1.9850
29.0081,18.0813,110.4706,82.8199,102.5412,154.2540,-20.8560,1.5837,-174.9148,-36.4125,110.5545,55.7207,38.0429,28.9445,-76.7834,-63.2354,25.6506,80.5127,-13.5850
27.4179,12.8047,112.2963,94.8894,115.5601,134.4793,-26.7094,2.5202,-191.8030,-43.4205,133.8311,52.8561,39.5686,26.6904,-96.6738,-81.2393,21.8910,97.4003,-16.4820
35.6967,51.2521,132.1436,132.8117,138.4574,158.2780,-16.8236,-27.2678,-200.7680,-103.8036,80.8234,87.2691,46.0747,40.4720,-103.3637,-100.1891,31.6861,134.0937,-24.9471
58.9664,74.9153,150.0676,151.5930,154.8355,194.5840,-12.8350,-70.7946,-186.3524,-140.3301,12.0268,131.9041,39.5395,62.9007,-93.1647,-103.6039,53.4884,141.3836,-20.7302
71.0586,67.9417,146.7431,132.8728,150.0679,191.2749,-13.0935,-71.2383,-185.2689,-140.3404,33.4544,143.1209,40.3069,66.3907,-88.8438,-101.1266,69.0788,113.4404,-4.7006
57.7496,60.8245,131.5871,115.6001,133.7539,159.3533,-5.8404,-42.2223,-221.7556,-148.7310,113.2655,111.6950,60.3218,44.2390,-104.8392,-113.0399,66.1331,104.2397,-13.2499
46.0408,57.8557,125.1553,122.8563,136.0605,139.7737,-5.7748,-30.9373,-252.5858,-157.6534,147.1280,64.6709,68.7802,11.3292,-129.1998,-147.0948,65.2592,125.9263,-29.1767
57.3251,54.2322,126.5755,120.7734,145.1053,126.5050,-11.4979,-19.3269,-229.2816,-143.1101,128.2724,48.5198,63.8676,-7.9358,-134.2229,-177.6072,75.5085,122.0185,-3.3306
68.6890,57.0664,120.5686,92.7289,126.9201,104.3374,4.9915,10.4698,-181.9294,-122.3308,114.5854,71.1442,77.1912,-2.6541,-113.5387,-173.3496,72.1545,82.1377,34.9614
57.1685,49.1245,104.0340,65.1230,93.2601,98.0683,29.4540,17.9933,-153.5470,-103.5805,115.5842,76.4092,95.3388,5.0546,-82.8351,-139.9374,40.9067,52.6604,27.4191
33.6854,11.7223,77.4302,44.3159,62.2512,108.7994,22.7534,-11.2191,-117.0743,-81.8358,113.4739,43.8745,83.9323,-1.5028,-49.2186,-104.4323,-7.5096,36.3611,-3.0992
13.1844,-19.4745,39.8047,23.6755,25.8213,93.7363,1.2012,-42.6080,-62.1016,-82.0888,103.2127,29.8753,51.8622,-3.6719,-19.3288,-75.5546,-45.2589,16.3493,-7.6426
1.1033,-1.6333,13.6921,23.4065,5.5842,60.9736,2.0328,-58.1079,-42.0034,-113.0642,67.3291,48.1184,22.3686,4.0388,-7.1088,-51.2071,-37.2238,16.7600,7.7260
1.4984,34.1352,21.8717,43.2333,25.4683,62.4989,13.2830,-55.5144,-58.3461,-125.9874,14.7080,42.8224,7.0179,-3.7586,-7.7028,-42.9358,-1.5396,38.7533,19.5784
5.2034,26.5913,36.8022,40.8441,40.2674,75.7852,8.5013,-36.3284,-60.0783,-90.7912,18.1106,5.4870,14.4849,-26.0087,-8.5529,-52.2454,-2.3198,37.1993,16.0174
-0.4451,-16.6437,20.6632,2.2525,10.0539,40.6807,-9.9355,-24.7981,-53.9541,-47.2713,97.9776,-25.2443,26.3289,-34.3065,-9.5819,-41.8088,-31.7962,0.0998,-14.2312
-11.4004,-40.5487,-10.7955,-38.3909,-28.7090,-11.6247,-31.0325,-34.8903,-60.0479,-32.8933,160.4705,-49.0784,13.7663,-30.4976,-2.2153,10.9496,-31.1593,-40.2908,-58.4998
-25.2385,-32.1977,-26.5312,-52.3102,-44.3863,-22.2850,-49.7521,-50.7383,-50.0728,-31.3903,151.6457,-68.8954,-4.5528,-34.1116,11.3840,53.1586,-18.1187,-55.9251,-89.2324
-39.8880,-16.7396,-26.4612,-42.1319,-49.0851,-17.4991,-57.9632,-66.9415,-25.2328,-23.8897,125.8382,-55.0985,5.0828,-34.1848,5.0766,41.2625,-31.4129,-44.5720,-109.7661
-33.3263,-7.9303,-18.0661,-33.1880,-44.2331,-23.7845,-48.2489,-82.4408,-19.2764,-26.1090,111.8760,-23.0738,26.6873,-14.1170,-3.2697,32.9764,-36.6312,-37.5108,-130.7586
-3.9227,-16.8823,-8.1486,-38.8194,-30.7970,-13.9589,-34.7812,-82.4284,-25.4274,-46.1441,91.9775,-31.2967,22.9558,4.6487,19.8043,64.5430,-20.4908,-49.4983,-136.8271
11.7661,-43.1089,-4.8023,-31.0079,-25.8777,-23.0870,-45.1967,-71.6395,-34.8156,-53.2796,89.5906,-68.6467,-4.5596,-4.9324,19.6904,55.3744,-29.5846,-32.3302,-126.1182
9.9411,-42.4030,5.5577,5.3373,-18.4804,-109.4357,-66.6585,-58.4206,-56.6752,-31.5482,112.4776,-63.2718,-11.7217,-20.4657,-46.1272,-18.7815,-52.4965,25.1299,-121.4569
25.5377,2.4239,35.9046,28.8085,12.4399,-174.9371,-50.1136,-27.1639,-64.3613,-25.1859,109.0297,-9.7921,33.9266,-0.9289,-86.9585,-52.7167,-40.3424,44.9484,-124.3416
51.1743,23.1879,62.9975,21.0759,47.1352,-85.0719,-4.2036,3.3592,-47.3640,-64.9010,83.2208,21.9960,94.9102,35.9734,-46.1281,-26.7293,-20.7184,12.2446,-117.6787
51.2289,-18.4108,63.6757,16.8704,61.9695,68.6025,5.2481,-10.1590,-44.1937,-96.8507,92.2125,1.7335,105.3935,36.2455,-10.2821,-34.8774,-30.3201,0.0462,-98.9906
37.2178,-61.7960,45.0277,12.1180,59.0362,103.1787,-23.6957,-38.3308,-45.2720,-72.5402,116.9933,-32.5775,69.7282,6.6593,-16.5002,-60.3937,-33.2652,0.6074,-77.1171
39.9887,-68.1905,19.4576,-19.8540,33.8859,43.6551,-37.7678,-32.5604,-24.1029,-45.3996,111.9723,-51.7069,35.9797,-0.0521,-4.4388,-23.9016,-8.2834,-34.2259,-67.8596
52.0805,-63.5631,3.2779,-35.3048,-2.9420,29.0781,-42.0572,-31.8949,-32.1775,-78.5667,103.3565,-61.0340,14.5146,12.2850,5.3343,3.4841,14.4091,-45.2591,-88.1855
56.6907,-42.6704,16.2608,6.1409,-4.2674,64.7324,-61.9112,-77.0254,-85.9137,-138.7463,102.6240,-57.8166,10.0191,-0.5928,-44.6823,-72.2595,34.6532,12.3547,-122.7381
63.9527,12.0971,47.2925,49.3723,37.4023,80.1556,-74.3701,-124.0593,-107.7561,-168.5941,75.2155,-28.0026,32.6611,-29.0653,-100.5394,-168.8290,79.4157,51.7319,-127.0776
84.9108,56.6058,69.4643,41.2853,64.4596,72.2818,-79.4429,-131.3204,-86.3130,-161.6553,48.9226,18.2869,40.4373,-32.7541,-100.5623,-176.5550,131.7214,16.1039,-86.7103
102.6094,61.2839,75.6813,9.4798,45.6166,53.5400,-99.3670,-110.6218,-82.8587,-129.5686,68.9686,53.3087,8.9862,-16.5840,-84.0409,-129.4716,157.0022,-33.3263,-42.4554
96.8253,73.2877,63.7074,-5.8347,11.5086,16.8574,-95.9364,-87.2048,-97.2937,-108.2854,86.8240,69.6566,4.5067,-5.0376,-93.1064,-108.9517,169.1823,-43.1957,-46.0308
83.3191,116.8189,46.8582,5.9779,-1.8473,-1.2997,-49.5078,-91.4130,-118.8407,-148.3836,64.7063,84.3780,53.5372,3.9174,-116.8369,-130.6530,194.8151,-18.5038,-96.6831
86.1408,139.1672,59.2217,34.6164,14.3932,26.1147,-32.0596,-126.9708,-161.6393,-203.8983,65.9183,104.1646,80.5468,9.3075,-140.3004,-165.9362,206.8884,14.7742,-128.5135
87.2975,103.8122,82.2236,44.9925,41.1277,37.6807,-67.8811,-143.8072,-164.8839,-170.7878,110.3282,104.9408,58.9104,-8.8578,-148.2895,-190.3366,167.6434,19.3267,-91.8487
69.7406,48.0201,60.8797,20.4510,41.6076,-10.1370,-85.1200,-128.4576,-84.9562,-82.4682,116.9083,70.2764,39.4435,-46.2416,-130.6572,-203.9287,109.6536,-8.1776,-33.0003
64.4653,16.6327,19.5102,-8.2839,7.5118,-56.3676,-70.7532,-132.2875,-17.6249,-54.0922,72.6858,28.9623,27.1017,-67.5527,-104.2415,-204.4207,87.7277,-29.9757,-24.3391
75.6846,-2.4827,10.2668,-29.3134,-27.8094,-58.6705,-75.4316,-150.7132,-15.2252,-61.4481,65.4217,6.8100,2.5094,-63.1717,-74.9904,-164.3318,76.1264,-48.6301,-47.9838
51.4672,-33.7119,-4.0948,-60.1397,-50.0784,-64.3089,-83.5612,-131.4494,5.1475,-26.3212,106.8912,-16.1957,-9.1010,-62.9327,-33.8396,-94.7942,25.2655,-83.0978,-47.0200
-3.7355,-49.9579,-53.4566,-79.1779,-73.8102,-88.3838,-55.3489,-98.0710,53.1438,-2.7134,108.5195,-47.0913,2.8158,-73.4134,-3.2287,-56.7078,-24.4098,-92.3835,-39.8855
-21.2736,-25.6642,-76.6574,-61.1585,-84.3085,-80.0431,-18.4294,-95.0311,51.2122,-40.5400,50.6852,-54.9540,15.2777,-62.4460,-3.2044,-53.3893,-11.3463,-57.7096,-69.4387
0.9314,-2.0041,-51.5959,-40.9065,-58.8877,-42.8305,-9.5678,-88.4963,22.2190,-55.2531,12.4495,-42.2754,23.9919,-31.9264,-10.4811,-38.5468,31.0079,-38.0876,-98.9074
6.8696,-13.7935,-32.2227,-46.2918,-28.1844,-31.4076,-15.6879,-51.8316,27.0359,0.6591,25.7107,-41.2244,26.7790,-24.4020,-6.0758,-17.7012,35.1028,-53.3244,-74.0733
-4.8896,-27.4598,-29.3348,-52.4636,-27.3104,-39.0085,-9.4323,-23.9835,31.5576,50.6059,41.4275,-40.7558,17.7753,-35.2919,2.9829,-8.1093,8.2372,-59.4178,-28.5026
2.3680,-19.0486,-19.6347,-49.0186,-31.9162,-27.3777,14.4870,-22.4733,9.6357,44.3471,34.0145,-19.0333,21.9327,-21.2251,11.1377,5.8054,6.4652,-55.2494,-21.7112
32.3336,-10.4902,-13.4529,-53.9725,-19.0680,-17.2410,35.8641,-22.6601,3.5424,14.3502,19.4053,1.0434,44.9565,6.5797,13.0895,9.2281,45.6806,-69.1169,-34.5817
61.0762,-8.3699,-15.9952,-66.0596,-15.3989,-38.4860,35.5034,-14.1105,21.0446,-1.2908,0.9502,-0.9134,42.7473,9.2771,13.2249,-2.8101,81.8430,-88.8828,-20.9096
62.9810,-8.7851,-19.5633,-77.9611,-34.0791,-68.8842,30.2447,2.6540,31.9770,9.7112,-11.0013,-17.5920,14.1472,-1.0216,32.9980,24.6382,71.5230,-99.7194,0.2918
38.4047,-20.7241,-38.4612,-95.0262,-58.3701,-91.4101,41.5085,20.1361,37.3794,22.4515,8.3859,-41.6996,11.0339,-4.4607,59.3126,73.1927,34.1261,-110.7074,-9.0502
24.4942,-28.3100,-67.6616,-105.8381,-87.8587,-115.9367,47.9552,9.6203,46.1959,-3.7258,33.7216,-50.2302,27.3395,-13.7222,50.2409,47.7434,20.5143,-113.6077,-28.5861
33.7596,-15.2989,-71.8555,-85.3508,-106.7032,-119.7131,26.8671,-32.1254,44.0624,-47.4786,17.1451,-21.5475,10.7886,-20.3052,15.0973,-22.6414,33.4902,-86.2931,-23.7423
35.4509,-6.8819,-44.3651,-34.0142,-69.3855,-70.6971,-7.4390,-62.4284,17.3650,-57.7798,-16.0206,11.4420,-31.1734,-2.6244,-8.9664,-36.2437,43.9785,-31.9716,-9.2587
32.4510,-8.2974,-1.2730,14.5124,6.5896,-2.5004,-37.3505,-57.9414,-23.0754,-48.0367,-14.9389,14.3391,-47.1794,17.8357,-23.3588,-16.4538,50.8745,13.6133,-12.2415
48.7982,5.2123,38.7623,25.5807,43.3612,24.6357,-54.6711,-38.4422,-46.9202,-46.5524,5.2075,6.5852,-29.5816,18.7123,-31.8578,-15.4831,62.9899,15.7270,-29.6935
60.2439,17.2489,44.2908,9.3811,31.0453,12.5372,-57.7835,-28.2684,-53.0046,-49.1348,16.6941,-1.6094,-18.4567,20.0413,-28.7082,-0.1626,78.4620,-4.5527,-55.4726
56.2468,14.0352,29.6246,16.2396,27.3051,10.0469,-62.2963,-39.8220,-85.4305,-77.0789,23.6352,-14.6905,-33.7037,34.9986,-38.1475,21.0448,100.9392,12.0375,-90.0165
76.0214,30.2274,57.1911,59.2645,51.4078,36.3426,-65.6307,-64.4878,-139.9984,-131.7290,10.0118,1.9561,-40.3420,50.8900,-65.4824,-5.8455,117.3605,63.4005,-111.1312
105.8625,55.2389,110.2663,90.4382,84.5087,61.6894,-39.1002,-75.5603,-144.2345,-139.7612,-29.0117,47.4758,-5.7877,56.2312,-69.4473,-49.7612,95.8012,86.8936,-95.1536
94.0496,42.2417,114.6060,81.4854,106.9977,57.1614,0.1685,-70.0522,-99.5144,-91.8333,-36.5453,52.3397,36.7719,38.2952,-47.0267,-62.4261,48.4452,68.5007,-62.7942
65.2807,19.1678,87.2290,60.5833,95.7307,40.4861,7.4097,-65.1662,-84.4073,-77.5529,1.6079,13.7486,40.9842,3.5491,-33.2610,-62.8474,18.7431,50.1662,-46.6337
58.3219,17.4902,79.0346,56.6463,63.7869,47.9540,2.4175,-53.2681,-90.4553,-103.0851,10.2911,-3.6250,22.3156,-7.4840,-21.3962,-58.4366,-1.6329,54.3421,-37.8495
41.6744,-2.4824,60.0850,67.2194,54.1379,70.1119,16.4395,-35.3969,-56.1744,-106.9082,-27.7300,-5.9783,12.4753,8.4392,-2.1303,-48.4785,-38.9376,75.5241,-21.6297
7.4722,-29.7662,17.9285,74.4704,53.5652,70.7845,19.6606,-49.3547,-17.8879,-113.3126,-42.1862,-20.8086,5.4774,4.5894,-1.5912,-62.3437,-61.9758,92.9913,-14.9231
-6.7423,-4.0702,4.7726,65.4130,29.5959,59.2685,13.0959,-85.2220,-28.9721,-133.9029,-28.9572,-4.1898,-3.2031,-14.2544,-6.7338,-68.9923,-45.1202,80.2383,-11.8466
-20.5837,38.2685,10.5589,50.0888,16.4703,68.0705,46.1876,-71.6297,-35.5144,-93.9688,-50.9222,54.2015,-3.7156,0.3218,19.5762,-10.7584,-27.6280,51.9152,31.4283
-64.4351,36.5798,-16.1994,44.5107,33.5055,85.3867,98.0763,1.8281,18.0439,-11.1607,-103.9930,88.5583,1.0309,35.0364,56.5938,59.6356,-39.6433,43.5474,104.8759
-92.5843,26.1249,-46.7547,35.8069,36.2502,85.6336,115.1460,70.7396,88.9718,15.3309,-132.8129,81.8736,14.9946,48.4643,77.2032,77.6961,-59.1605,35.6196,140.6319
-74.8808,24.7616,-41.6111,8.6460,22.6560,76.3634,114.2962,106.2174,121.8043,6.5051,-118.5736,72.4585,40.2239,53.3269,98.4228,89.4776,-69.8553,-2.3986,133.0493
-54.1377,-10.6093,-39.3651,-21.4106,14.2195,60.2979,111.6620,123.5102,120.2587,27.3404,-74.9531,64.4166,36.0408,66.6587,118.4945,124.9580,-81.1108,-40.1829,138.3114
-55.0643,-54.9894,-68.9791,-40.4352,-25.1993,28.5533,85.7587,127.0222,117.9325,43.6237,-43.8926,47.1982,-17.8593,69.2668,119.7245,142.0397,-91.2404,-48.5354,158.0100
-65.5349,-53.7369,-97.3720,-49.0888,-81.3191,8.0055,65.2512,125.0360,139.4243,46.9060,-78.4940,26.4974,-59.9815,56.6490,120.6337,141.1396,-91.6012,-41.9627,154.0452
-85.6526,-35.3814,-101.0488,-39.2930,-73.7348,17.3135,74.5198,123.5878,163.2301,83.3600,-137.8929,1.1883,-51.6144,38.5556,121.1702,138.8323,-86.2960,-25.2673,132.9077
-103.1485,-28.2586,-85.7720,-13.2321,-33.2317,13.6089,46.7135,96.3330,132.2185,106.4970,-110.5686,-22.4774,-47.3518,3.4573,78.8466,96.4073,-76.2575,4.9877,110.8800
-95.4316,-1.9708,-48.3986,14.1119,-34.5059,-15.0828,-37.5042,48.2864,48.9004,75.5671,-19.1804,-31.6519,-77.9572,-51.2903,2.9538,10.5244,-59.2549,38.0854,88.5159
-80.7849,38.9673,9.1699,49.2031,-13.6234,-4.8467,-80.0906,43.4568,-1.5811,89.9697,-11.9089,-35.2380,-95.8517,-99.1907,-42.4911,-58.4698,-44.9040,75.4068,106.2859
-78.5963,55.5345,58.2437,85.7245,74.4722,49.4703,-49.0264,90.3548,23.0544,190.4498,-101.0174,-32.3548,-82.5098,-118.6756,-39.8832,-83.1910,-35.2343,103.6499,187.4504
-65.2832,55.0497,76.9111,86.6907,123.7857,68.7630,-23.0712,118.8160,53.6360,254.6259,-148.0750,-7.7169,-71.8830,-107.9677,-26.8099,-75.8264,-14.0693,88.9718,246.6953
-35.0420,63.4571,82.8181,71.4674,104.3597,51.7274,-27.4915,111.5256,23.0003,225.1638,-123.5779,14.3311,-69.1331,-79.4914,-33.0394,-56.7958,19.5203,68.6590,214.0269
-15.0262,76.1406,103.7150,97.8721,118.0409,74.5219,-25.8678,112.0321,-30.7731,177.3186,-126.5220,8.2483,-61.0393,-54.6411,-51.6713,-55.0900,42.0767,104.9527,160.4475
-5.4409,80.1709,126.1531,132.0311,156.9921,123.6089,-25.2770,111.1524,-43.9499,141.8747,-160.5359,4.3873,-64.3877,-40.1305,-48.9509,-54.8037,43.7557,140.5345,155.2782
2.3631,70.6747,116.3071,108.7822,130.9832,123.9247,-40.6806,77.9410,-36.9003,93.8135,-136.6013,19.2164,-84.7233,-24.2090,-15.3820,-8.2806,32.2739,104.4344,148.5938
-9.6563,52.5676,82.0587,71.0889,71.0739,90.2237,-44.0841,54.4373,-52.6811,53.3238,-67.4100,25.3032,-92.6471,-3.4592,8.5170,53.4829,8.1233,66.9609,108.1284
-33.9337,38.7714,55.6185,71.0010,48.7616,82.9144,-28.6942,87.6227,-54.9401,49.6799,-45.0533,24.1275,-79.4520,19.0467,3.5673,67.2880,-15.3255,82.1323,89.8198
-30.6219,24.0919,40.6117,61.2695,42.7678,93.4497,-27.6075,137.4882,-5.4218,72.1766,-65.9398,29.5295,-66.8134,42.8230,3.2969,59.0537,-9.7882,72.6963,102.9486
-3.4801,-3.2755,27.7640,21.5252,21.8363,85.6563,-46.9775,141.9105,30.5026,93.7958,-53.6451,24.3723,-64.8524,57.4577,9.8397,65.3247,16.2751,21.8311,88.6658
9.5359,-24.2048,18.0200,10.0118,1.5837,61.6333,-54.4316,101.8583,-9.5067,84.6829,-11.3138,16.1585,-72.2141,57.9068,-8.4489,57.9918,30.5172,16.6066,50.6357
7.2106,-20.7054,9.5217,28.4321,-3.6874,38.8206,-31.8605,59.2778,-66.7227,47.2681,-0.0445,26.0461,-81.3019,55.2969,-28.3606,41.6831,36.4125,48.6803,41.0114
7.5811,-9.2448,6.9003,27.0391,9.0044,27.7177,-6.0976,42.8542,-75.7609,28.8010,-9.1915,20.9447,-71.3394,42.6657,-18.7830,44.5722,47.1819,43.4957,47.0837
7.0862,-2.3956,22.0663,22.2639,29.2106,28.6796,-9.0506,49.6720,-72.5504,40.2428,6.2326,-14.0371,-45.3261,10.6676,-19.1204,27.9829,44.3731,33.1477,33.8518
7.2153,4.5944,42.6681,46.4148,35.5797,29.2995,-15.5987,59.1063,-86.8036,46.1524,8.5256,-19.2417,-36.4587,-4.8546,-45.0053,-18.5224,23.7550,67.6549,30.6164
22.2848,7.7674,51.2981,62.4619,35.6571,25.1171,13.4257,58.8945,-69.9638,47.2987,-46.4587,24.1510,-37.6627,20.6376,-37.4533,-24.9230,6.7334,85.7900,59.2070
41.0701,4.0713,53.5733,38.5612,38.2814,15.3189,44.6238,47.0052,-5.7745,47.8275,-83.0312,59.3986,-6.9532,43.9097,7.9817,3.8162,-17.1237,40.2242,69.2099
31.9239,-3.2651,36.6591,6.0168,13.9431,-12.3174,35.8284,21.3705,47.3527,8.2032,-26.9121,67.5220,42.7033,36.6481,23.0241,-9.3328,-63.3195,-8.1003,33.7927
-12.0615,-18.8360,-18.7367,-9.1857,-33.9929,-34.8477,28.2576,-3.3403,65.3645,-46.8461,43.1467,73.0479,64.4288,33.7216,10.1718,-33.9314,-100.6780,-14.6117,2.3509
-59.1648,-34.4339,-70.4685,-23.7627,-61.2132,-16.9369,52.5606,0.4401,81.8884,-23.5814,38.7201,76.6850,61.0681,51.0936,25.9126,9.0732,-105.3114,-19.6898,1.1425
-68.2278,-30.9032,-73.8482,-50.3532,-76.0569,-25.3554,57.5964,27.5745,100.8188,65.5236,17.2437,81.8516,55.7235,65.3437,44.3190,71.5804,-91.7810,-50.6989,-2.6930
-38.9699,-20.8271,-64.3272,-72.1112,-99.8493,-136.1255,35.3366,41.7183,99.6667,118.1979,37.7589,102.1536,50.0110,73.2414,14.5187,71.9297,-70.3963,-74.6312,-19.5584
-24.3040,-26.0100,-80.9562,-72.1574,-101.5809,-232.6401,44.2914,21.1371,95.4335,114.8072,43.6849,113.5002,53.2666,77.0372,-17.4869,42.4235,-54.9643,-68.2800,-31.7594
-55.4302,-32.2938,-102.2021,-60.5335,-89.7980,-163.8481,65.8099,-32.3358,111.7160,88.9134,5.2067,89.5113,64.5747,58.4350,2.8180,34.8195,-66.7623,-53.3482,-50.4267
-87.4435,-24.2478,-107.6090,-54.6889,-112.0088,-24.0016,40.8311,-92.6490,119.5519,38.7184,-17.9235,52.5995,56.7831,24.9014,30.8567,26.2659,-80.2573,-46.9635,-87.6870
-74.4972,-16.7966,-96.9150,-49.1373,-126.4648,16.7953,5.1865,-111.8724,89.4968,-8.0123,-2.2047,29.5158,41.6480,12.1808,17.4342,2.9753,-58.9558,-38.0664,-119.2216
-41.9684,-24.8802,-67.3204,-36.4519,-80.3783,-7.3854,4.9248,-83.7254,50.1380,-5.0921,23.1926,16.0841,52.1003,23.7857,-3.7635,-0.8307,-35.8351,-26.6587,-127.5073
-28.7275,-40.4247,-43.3332,-30.3988,-43.1369,-0.1548,2.2444,-64.2300,32.3234,7.4821,46.4528,3.2989,56.3740,29.2514,-0.3148,14.3755,-41.6362,-25.9653,-122.5023
-26.4121,-38.6601,-47.3746,-29.6039,-63.3892,15.1163,-14.9475,-71.8458,21.2702,-19.3955,42.1975,-14.3839,24.0720,12.0217,2.7471,5.8093,-35.1528,-20.3164,-108.8471
-16.2587,-12.1361,-42.1681,-11.6884,-63.3814,17.3046,-2.6740,-60.1961,4.2012,-34.8215,-12.4646,-37.8616,4.8797,-13.1566,-7.0112,-25.3612,-2.8634,8.9244,-86.3540
-5.0429,-0.3986,-10.3591,8.8199,-14.2909,35.1653,24.4439,-22.5150,-7.0227,-0.4864,-46.8257,-50.1200,23.5378,-19.8123,-8.8213,-33.7879,7.7743,29.0289,-63.3501
-6.0947,-25.9894,-1.8462,-4.5037,4.2348,38.1349,22.7676,2.5325,-16.2850,30.3074,13.3760,-40.5742,33.7058,-6.8565,-1.9118,-7.5691,-8.7903,5.8774,-44.0640
-18.6419,-38.2337,-18.9850,-34.3992,-24.0268,-0.0171,13.8137,16.9457,-35.5243,32.1865,95.6281,-27.6727,25.1974,-1.0292,4.0343,29.8972,-20.7908,-28.8499,-30.4675
-23.3056,-15.1244,-7.2251,-37.8401,-32.3972,-15.7834,18.2444,35.6084,-44.9263,40.0073,91.5750,-27.6881,19.4246,-4.9735,19.5686,65.5784,-29.4214,-33.8884,-26.4850
-2.9932,-12.3858,20.0708,-21.2614,-11.7247,15.7760,11.1267,35.7120,-25.9182,47.0659,27.6752,-32.9085,3.7650,5.9913,39.0763,82.8325,-33.9347,-20.7144,-28.0393
20.8047,-29.3290,14.7324,-8.6722,-6.0539,30.7369,-1.7870,11.0102,-2.1833,20.0637,-17.3337,-30.1236,-11.7423,23.0235,31.3007,54.2292,-17.1457,-5.8845,-35.8647
13.1778,-5.8122,1.1273,8.5671,-12.8802,18.2977,6.5038,-16.0502,5.7550,-19.3276,-41.8620,-18.1463,8.4088,14.7546,3.8982,-1.2449,-6.5970,19.2441,-56.7140
-12.9399,32.4739,13.3432,32.5605,-1.4944,29.7380,18.9485,-48.4656,9.4928,-37.4642,-64.7989,-11.7004,38.6814,-10.7368,0.1768,-26.8769,-33.4830,44.2727,-79.0277
-18.6372,30.3276,26.9047,39.9839,16.7792,56.9228,16.7563,-86.9726,3.7392,-49.3607,-63.5992,-25.1275,43.5039,-25.2620,15.5559,-18.6758,-55.0637,46.4570,-97.6304
0.0949,18.4683,28.1077,29.6319,12.7955,54.2587,20.6964,-96.7921,-31.4519,-65.3144,-36.9368,-47.5302,47.8942,-24.2066,11.6575,-13.9462,-34.8895,38.5462,-129.0997
20.6245,13.5857,29.3963,21.4155,-5.8875,25.6491,39.7074,-71.8518,-65.4195,-60.0577,-26.8061,-60.4183,52.8870,-12.8244,2.9969,-6.6863,-20.8250,41.3944,-150.3349
20.8119,-19.2839,12.9110,12.4117,-22.8480,-1.2053,49.0513,-52.1200,-49.9396,-36.5274,-38.0905,-70.8695,21.9344,-3.4932,24.3730,23.3713,-48.5987,40.1727,-120.2134
-12.7008,-46.3368,-30.9039,-7.1733,-49.4404,-18.9148,29.5805,-52.0582,-14.2543,-29.0027,-20.9346,-86.4459,-19.4173,-18.0403,43.6049,45.6115,-70.4281,22.2338,-79.4374
-53.4488,-20.7370,-56.2838,-17.9564,-72.3587,-25.3123,-7.5316,-50.8247,-19.7062,-30.2434,32.2932,-85.3618,-24.7128,-43.9760,15.4720,29.3148,-46.0887,10.9992,-79.8512
-50.7459,10.0520,-29.7718,-0.2115,-42.3157,-17.8908,-22.5952,-37.3429,-49.5844,-12.1226,52.7609,-50.7677,-10.4104,-38.7150,-23.6166,3.5871,-9.6166,22.5556,-73.5133
-14.6504,22.7813,15.1879,27.4577,19.7380,-4.0583,5.3970,-13.1933,-55.5548,1.8784,6.4523,1.3335,0.7428,-0.0690,-20.6244,12.0813,6.4855,36.9531,-29.8526
-1.9308,61.6897,31.7167,33.8114,29.8130,8.1133,32.2155,17.5279,-51.1274,-10.0240,-44.6894,43.5966,8.3959,34.8633,-1.2362,52.4263,29.6484,34.0923,-12.0673
-10.4413,101.5786,19.7925,19.3053,-5.6769,16.2002,19.9788,42.8627,-61.4667,-10.3706,-51.7044,59.1686,-0.3803,48.9091,-8.6383,80.5082,81.7041,19.8030,-27.4825
2.5440,99.0542,12.1369,11.0782,-6.5881,16.4592,10.6639,45.1886,-66.4826,-1.0955,-51.1436,55.7082,-6.8284,48.2022,-27.3928,60.3626,127.1337,10.9875,-23.9772
24.8449,104.9624,25.0137,22.9491,23.5843,4.6070,38.1096,12.2996,-58.7098,-42.4198,-68.9232,59.8657,35.5332,42.1129,-32.4756,15.6453,124.9269,16.9059,-42.0536
20.8742,132.5760,41.3523,39.1749,28.6666,-14.7806,56.5674,-39.3217,-65.2471,-104.4658,-58.6993,72.5577,95.8111,41.6898,-35.6898,-1.1831,82.4746,31.7934,-122.4685
8.9115,111.2706,46.8604,44.3773,22.4941,-25.9480,32.3630,-66.5895,-92.2677,-103.1543,3.9263,66.5048,102.5387,43.8540,-51.6476,0.5744,41.7641,43.5580,-174.4207
22.3978,65.1543,57.7971,51.1022,41.5476,-18.3564,-0.0326,-60.9150,-123.2942,-80.0798,59.6505,49.7512,71.7763,35.3129,-74.7237,-27.3755,37.2114,54.0910,-142.9319
47.8157,76.6352,84.7134,73.6972,71.9578,-1.2142,-11.9988,-59.6625,-141.3194,-109.6303,49.3783,57.3794,56.0016,23.5214,-89.4530,-69.5425,59.3355,71.6578,-99.7702
54.2218,101.1443,102.4232,91.4019,91.8890,12.8071,-13.6352,-69.3913,-120.9815,-123.4520,-3.9183,74.4316,43.1479,18.1856,-77.6331,-74.4557,61.3048,81.1745,-68.7296
40.5167,68.3196,89.9238,73.9546,91.1357,18.4071,-15.2022,-68.5829,-68.8098,-54.1135,-32.6259,59.8083,13.8098,1.5413,-43.5085,-50.8116,32.0022,58.5163,-17.1956
22.1168,30.0151,61.7976,30.9677,62.5032,1.0555,-21.3139,-72.4088,-39.3410,22.8228,-8.2503,20.6686,-6.5144,-37.5583,-22.8724,-38.6007,16.5862,13.9864,11.6689
-1.5326,27.9892,33.9705,-2.7734,28.3882,-43.5927,-32.8689,-81.2973,-41.4447,50.6063,38.2265,-21.5543,-7.0851,-80.9706,-27.8460,-38.8839,21.5926,-16.4028,-7.0091
-35.7812,12.2932,0.0328,-18.0907,10.9623,-74.0779,-33.8416,-46.3809,-21.1540,74.6782,60.1218,-71.8870,-10.4515,-109.5809,-24.9925,-35.0625,2.4367,-20.3136,-0.4245
-60.1328,-26.6803,-39.2506,-34.6141,-11.2993,-57.4002,-10.5265,16.3051,30.7805,109.0453,35.1713,-113.8560,-19.1253,-113.9410,4.4673,-22.2931,-28.8345,-23.5759,41.4882
-55.0010,-39.7397,-71.0313,-65.8486,-54.5589,-39.5506,21.7144,20.9830,75.9832,118.9865,-16.5519,-116.2137,-14.7654,-98.6037,38.1462,-1.2517,-21.7044,-53.3007,40.0896
-48.5728,-27.6605,-103.3115,-101.0788,-102.1906,-75.6533,29.4364,-31.6740,106.7156,97.6401,-39.6101,-100.7961,-8.6612,-91.9971,52.5050,14.7983,3.5173,-95.5607,-1.3122
-73.0685,-23.9827,-142.8144,-116.7115,-138.9719,-130.0374,0.4425,-60.1969,120.7208,56.3873,-6.7827,-104.3246,-32.2639,-103.8475,49.1543,22.6636,-0.0816,-109.8820,-13.5621
-98.8532,-27.1330,-154.6466,-105.7674,-141.6114,-138.5001,-34.1966,-41.6561,101.6651,27.3141,35.9112,-106.1446,-73.1812,-97.8063,46.8419,54.2232,-14.0714,-94.3822,5.9781
-84.3568,-31.1980,-117.6719,-92.1734,-96.1798,-111.8808,-41.9486,-4.0302,78.1262,54.6542,42.9731,-83.3848,-85.3660,-57.8384,58.9627,114.4771,-10.4772,-91.5413,24.1479
-47.2746,-50.3303,-79.0751,-96.0247,-53.8316,-92.1748,-34.3704,39.7512,87.2798,107.6419,32.3470,-68.2422,-69.7451,-18.0258,75.0503,152.1407,-6.0069,-109.9429,33.4204
-22.7615,-79.2266,-75.5922,-99.2897,-51.7309,-77.1307,-29.3422,71.2929,101.7719,114.5511,19.6557,-82.5492,-64.6324,3.0176,80.1243,149.0869,-8.8700,-109.5221,29.8609
-12.2891,-88.4777,-70.9210,-80.3214,-35.5639,-59.3487,-16.9964,77.4700,92.2432,89.6350,-4.9801,-96.6887,-64.8405,15.4437,81.1197,145.9698,-10.4816,-82.4764,20.0943
-13.4619,-66.9235,-42.2579,-56.1746,12.8188,-62.2519,-5.9785,77.1613,77.4111,80.0651,-10.0818,-88.9171,-46.9913,13.5965,82.1188,153.6814,-19.0969,-65.4916,22.2258
-28.4826,-37.4406,-25.5238,-48.8159,27.6645,-84.8309,-20.2610,72.1674,67.3811,71.9216,26.5000,-75.4896,-32.4164,-7.9398,70.1192,141.9154,-31.8720,-66.5980,26.7504
-34.1864,-25.7164,-27.0331,-44.3096,14.2921,-87.9657,-34.9234,47.1913,57.2870,59.2182,39.5440,-70.8540,-35.0087,-27.7934,49.8743,104.9565,-28.1302,-59.2588,22.5720
-14.6713,-26.9534,-15.6246,-27.5649,32.3733,-62.9656,-19.9367,26.1706,59.8525,63.9297,-7.7386,-63.8959,-28.1359,-27.8476,38.5533,64.2569,-11.1129,-40.2936,26.1830
-0.8069,-22.1731,-7.5090,-19.0245,45.0737,-43.1496,-7.8295,31.2051,80.8381,71.3357,-48.0235,-43.3184,-14.0140,-13.8434,34.5926,42.7323,0.8715,-34.5853,34.9406
-14.1347,-14.6806,-34.3372,-36.7553,0.6188,-46.8849,-27.7908,36.9503,113.3493,68.9803,-52.5673,-25.5231,-27.4642,-4.1970,35.2666,48.5364,7.9250,-52.0559,34.9257
-21.7176,-19.3851,-67.6332,-59.4713,-51.1006,-61.1998,-58.8020,32.1444,152.6947,67.8788,-70.3310,-32.3871,-69.1996,-10.7944,44.0605,54.6649,16.3032,-72.2568,46.6347
-7.0091,-36.3764,-78.1074,-66.3984,-72.8201,-64.5707,-77.9883,38.2209,177.2923,53.7388,-94.0744,-49.6977,-106.5886,-13.8613,56.1128,51.4304,15.2895,-76.2352,69.0682
-13.2786,-62.3851,-96.0326,-76.9974,-99.5660,-49.8294,-68.5216,52.9531,182.0236,38.1984,-80.7142,-52.2868,-109.2279,13.3829,78.3214,88.1305,-14.0043,-80.3046,55.4601
-52.5311,-95.9068,-137.1538,-108.9667,-136.1558,-42.6463,-26.9788,57.9914,206.6886,69.2337,-56.1662,-50.5647,-72.6056,46.9275,115.4867,158.7890,-65.6693,-106.6212,8.3784
-62.9764,-119.5801,-156.0676,-133.9525,-153.8347,-65.3795,2.1016,50.5677,237.9279,112.4257,-48.8674,-53.1427,-36.0650,50.1744,128.0307,166.8388,-96.8180,-130.7444,-18.3378
-22.3453,-120.4505,-123.1441,-120.8697,-141.9523,-83.5891,-1.2059,33.0651,201.5722,101.7238,-29.8923,-40.0288,-27.1015,42.3650,95.5779,106.4194,-87.9813,-117.2519,-17.6076
6.0255,-115.2601,-73.7296,-86.0646,-93.4858,-65.7374,16.4254,17.2631,118.3624,71.2316,7.5388,-26.2123,-7.3967,43.1626,70.2027,74.8018,-86.4625,-81.7792,-19.8998
-5.4209,-111.1701,-53.3359,-58.0776,-39.3290,-53.4487,52.8751,10.5190,77.7196,39.2104,33.6076,-48.6608,37.3266,27.1825,68.2256,63.0967,-113.2803,-51.3469,-38.1168
-6.2470,-85.1585,-56.1291,-33.6726,-37.2254,-70.0177,35.7886,-14.7720,65.1905,-51.8850,38.6743,-76.3721,49.2181,-1.6655,38.8572,0.3730,-107.1751,-18.1630,-75.5146
20.6077,-39.4952,-40.0744,-4.1558,-48.4548,-60.1789,-12.8421,-61.8388,14.3057,-147.6269,29.4964,-66.7474,17.0569,-10.0540,-6.2371,-54.5453,-45.5369,16.0099,-107.1849
35.4989,-10.6055,4.7746,16.6635,0.2383,-16.0329,-25.4410,-73.9912,-53.8011,-129.2772,26.0381,-59.7367,-11.0540,-20.0969,-15.0450,-36.0898,9.5204,26.5197,-82.2820
32.6162,-4.6854,37.7585,16.1456,44.2645,-8.9831,-41.6477,-42.9023,-82.9065,-52.0165,46.0802,-84.0860,-38.7009,-58.8288,-13.3578,-18.0390,29.4013,15.5301,-20.0363
37.2497,-1.4448,31.5096,3.7202,5.0837,-44.5002,-90.9198,-32.1855,-58.7041,-34.8195,49.5082,-89.7521,-77.5824,-78.7904,-28.6847,-42.6664,33.7686,5.4962,-0.8587
41.0228,-9.0069,8.2522,-3.8207,-39.4203,-59.4717,-100.2807,-43.9546,-2.5359,-48.6878,8.0296,-66.9461,-82.1113,-50.3865,-22.6245,-45.5481,14.5341,2.7507,-26.2044
25.4305,-32.3028,-4.8800,-3.3707,-23.1667,-48.7233,-62.1324,-21.4974,24.5221,-32.8586,-4.7080,-65.3121,-53.0789,-24.3375,0.2126,-15.7350,-19.5005,5.1638,-29.2016
5.7956,-34.5426,-6.0403,-4.7658,-9.0563,-41.5660,-54.9317,24.2413,-5.6345,-10.4636,38.2305,-73.8358,-52.7323,-24.3649,-1.3666,10.5406,-16.2701,5.7113,-4.5233
1.7833,-8.1742,-0.2094,-9.3732,-21.0359,-32.0999,-74.7228,44.1964,-11.4432,2.4902,28.6626,-60.1871,-77.8671,-17.8302,2.9005,43.8474,9.4479,-3.4693,8.5762
-1.3416,-2.0749,-0.1313,-6.1048,-20.0742,-24.6787,-72.5540,44.2563,53.7002,15.0826,-50.7257,-64.8598,-84.9261,-15.4622,35.6945,64.0948,-14.5529,-4.0161,12.7768
-32.7890,-23.8126,-24.7674,2.1490,-26.7254,-34.0556,-65.0793,46.9952,98.3293,21.4439,-69.7308,-108.1202,-84.0067,-54.7104,41.8113,24.5081,-69.8976,18.4368,30.9278
-80.2388,-26.7693,-60.1600,-1.3515,-51.8471,-34.0973,-61.4326,46.3821,73.9604,25.8823,-11.9831,-131.7796,-82.9124,-105.6686,13.9034,-29.1583,-76.7995,30.3054,58.7748
-88.2486,-15.0928,-72.7849,-17.5973,-53.3601,-19.2886,-42.8451,27.9520,54.2852,10.4974,22.9895,-120.8176,-59.1919,-121.0698,7.9914,-47.2050,-46.1978,6.0077,68.6014
-47.6249,-37.0440,-73.2754,-40.8087,-57.5578,-43.0856,-35.6003,-24.4026,68.7781,-59.8170,47.7161,-132.4819,-31.3023,-128.6902,23.3705,-75.3657,-54.5569,-30.6283,38.8262
-23.4333,-83.0382,-92.9660,-72.6791,-102.7304,-111.3438,-47.8097,-94.7151,78.0174,-125.0782,109.4604,-177.6551,-28.6835,-168.2305,33.2880,-118.0369,-106.5761,-60.8389,0.6589
-38.5543,-98.7033,-110.4304,-93.6430,-117.2668,-151.0806,-34.0836,-110.6501,80.6257,-100.5924,135.7615,-202.3856,-28.3291,-200.9983,44.3065,-115.6932,-129.9168,-80.1481,10.2563
-36.5703,-68.1744,-87.3579,-81.0415,-71.1399,-130.9684,-3.2392,-47.0278,80.8665,-40.3858,88.1042,-176.1147,-8.1256,-175.2386,42.9318,-87.6027,-89.1715,-74.2985,41.6517
-4.2647,-20.5925,-47.4084,-65.0321,-57.4240,-106.2022,3.2787,15.2114,61.5163,-21.3653,48.0489,-119.8677,15.4033,-116.8114,20.6119,-71.5914,-33.3065,-62.4683,25.8208
13.4039,4.4381,-31.8883,-77.6110,-82.5517,-117.1377,16.0140,26.9889,47.8976,-0.5050,42.8910,-67.8691,33.4008,-73.7746,20.7586,-33.8084,-17.2343,-79.9787,-4.3436
19.2204,-8.0838,-25.3245,-81.9698,-55.7374,-124.2232,59.8867,37.0839,59.9506,43.0033,25.7139,-28.5717,55.1713,-38.4027,42.1907,6.7389,-28.7653,-93.8256,16.9160
35.4418,-21.4813,-5.1198,-46.3444,-4.6132,-95.9012,81.0969,60.5899,51.4861,36.1548,15.9605,14.6475,77.8426,4.9543,21.9339,-19.3548,-31.1157,-57.7691,40.1754
35.0059,0.3778,5.5885,-3.9235,-4.7653,-98.1435,61.7137,52.1992,3.3003,-25.0429,47.4287,59.3951,84.9419,29.1683,-35.3555,-73.3894,-27.9453,-1.7963,14.3104
16.3190,30.0924,0.4632,26.6275,-2.5305,-172.6380,55.9317,25.4281,-37.6072,-56.4116,62.1993,77.9127,67.9191,17.2769,-73.6060,-94.8202,-29.2685,41.4456,10.8805
26.0416,33.2081,18.0396,61.5750,52.3230,-196.8904,70.7360,31.1660,-50.8153,-32.3554,13.2402,62.2703,43.9798,-8.9340,-90.0032,-129.7359,-13.3864,82.2234,69.0184
51.7102,21.3419,59.4312,81.3484,90.8742,-73.5527,57.2347,52.6477,-64.2860,9.0974,-26.3190,25.7002,34.0381,-35.5761,-98.4523,-184.7754,20.5891,102.0205,105.3943
38.3531,-1.5515,75.2399,64.1765,81.2967,57.4767,10.6642,54.5245,-92.7839,51.1264,28.2996,-20.3904,25.0287,-62.0067,-94.3046,-182.3422,31.1433,81.6979,86.0619
3.7668,-39.8660,60.3970,42.3070,77.4251,49.5564,-23.0419,58.6497,-108.7569,96.8050,118.5844,-51.2191,5.5524,-75.1879,-88.2033,-136.2003,1.1361,58.9954,80.6593
-0.2805,-53.3975,54.4270,33.1301,78.4337,-7.0216,-19.2077,80.5357,-67.2609,134.3939,111.2018,-42.2688,0.1360,-69.5823,-73.5717,-114.9962,-33.0333,46.2917,108.9702
13.1017,-24.7920,51.2544,10.9029,44.5184,-5.1083,-3.3926,91.6371,21.1215,145.9731,12.2782,-13.9338,6.9171,-54.7646,-29.6023,-91.7065,-36.4834,11.1297,121.3038
8.5323,-12.6966,23.6670,-17.7419,5.0013,-2.6244,-9.0483,89.9033,75.8745,144.1421,-39.9489,-4.4090,-9.8409,-32.2007,6.4078,-35.0647,-19.1484,-25.2645,107.3775
-0.1600,-38.3900,2.5936,-22.2418,4.2881,-30.4432,-31.1091,100.5787,66.7783,161.9597,-14.9130,-12.8654,-36.3176,-5.0747,-2.5255,7.0085,-7.4386,-23.5415,87.2477
13.5477,-43.8462,22.8196,-9.9057,24.9708,-28.1235,-44.7109,106.4462,52.5433,178.7441,-12.3351,-7.9897,-32.1668,19.1083,-16.4289,18.0871,-1.7349,-10.6103,55.4386
35.1624,-8.0775,49.0263,6.0349,37.1051,-3.0118,-42.0657,75.9698,52.1774,130.9978,-45.5149,39.3943,-5.2606,53.3850,-16.6228,22.0719,13.5457,-6.0649,12.3324
37.6070,35.4178,48.5367,34.4401,43.6466,6.5775,-23.8814,30.0322,31.1728,34.1101,-53.1163,125.1060,26.2222,101.4083,-38.7339,5.3161,35.7733,16.7248,-16.8931
32.4456,72.5280,54.8362,65.6404,56.4932,27.8477,4.3570,8.6971,6.0220,-22.2621,-65.8147,186.3760,56.4967,126.3165,-60.1114,-23.0535,46.7997,48.6248,-21.5323
44.4584,91.8604,83.7839,80.9053,73.5137,58.1081,19.6955,16.6096,3.7642,-20.4403,-120.0225,165.3230,55.8242,109.1533,-41.5590,-22.1790,42.7250,64.2512,-13.0459
57.0956,79.6224,92.5757,89.7788,83.7754,52.9038,17.9119,32.2806,-6.3251,-24.3858,-146.2325,99.6538,28.0797,77.5512,-30.5530,-25.8626,37.6513,83.7430,-3.0502
46.2637,72.4616,75.6021,100.9870,88.9985,34.9521,29.5312,29.4891,-40.4977,-55.0778,-110.4241,70.4692,36.2221,47.9800,-60.6453,-79.4507,44.0868,109.0563,1.9881
34.7237,100.1941,82.3917,103.2931,105.7246,41.0333,53.6146,8.3609,-72.8733,-69.7064,-70.8495,89.7568,78.3130,21.6281,-81.1265,-121.7888,59.2476,104.4770,9.8149
44.9193,116.3773,115.6078,97.5482,127.6930,48.8264,56.7352,22.7185,-93.9785,-41.0956,-50.0520,113.2530,81.9433,21.1654,-69.4992,-94.6791,64.2653,82.6436,40.9017
57.7534,94.7433,130.8440,97.4447,128.2102,53.5556,51.7109,103.8357,-103.0069,1.1387,-44.2770,118.3721,49.9643,55.8791,-55.7914,-44.3661,51.6520,86.6256,86.1681
64.1140,83.0042,130.3757,104.2993,118.2542,73.0280,69.7961,180.0521,-98.6000,11.9143,-73.5244,115.1033,43.5597,96.1721,-43.2162,-10.6353,41.6440,106.6524,96.8616
71.8185,88.7767,140.6215,106.0470,125.5131,83.0340,86.1744,181.2231,-104.0135,4.7802,-95.2615,109.1916,58.8562,117.1226,-25.7905,28.3624,39.8637,107.9184,56.5104
64.9995,60.3301,136.6088,89.3945,125.0254,71.8675,70.1296,150.7081,-120.7596,22.5942,-47.9239,84.1585,51.9812,114.1280,-15.0492,68.3364,23.6769,88.7246,17.7423
42.6408,4.2165,98.3485,63.8706,90.0833,70.5948,44.4974,141.2584,-121.3731,39.5795,8.6932,32.2863,16.6094,91.0949,-7.7388,77.2902,-1.6093,74.3371,18.4240
35.3766,-17.2040,73.4552,66.3236,63.6743,82.3142,30.7688,121.0566,-130.4083,13.9889,2.4924,-7.7530,-22.5880,69.3234,-9.0987,59.6226,-2.3389,92.4739,20.3757
36.1932,10.0424,95.7140,102.9683,85.6140,95.7026,16.2894,74.2216,-172.6767,-9.7235,-18.0799,2.4599,-35.3173,65.2092,-34.7007,42.7142,15.5189,134.1934,-8.5189
17.4462,47.3039,124.7168,126.9786,123.0682,121.2909,8.3322,47.6154,-181.3937,5.3715,-23.3498,36.6397,-11.8330,65.9117,-46.2376,45.8368,14.8455,147.4593,-28.3698
-1.1829,65.2355,117.5947,115.7049,132.5159,138.3118,35.9521,47.8882,-117.6798,9.4015,-64.2292,55.7858,21.0774,65.8574,-8.3236,65.8943,-5.7491,119.9692,-11.7041
-6.9803,59.0457,80.7220,98.0141,108.6684,116.5108,82.2702,32.0207,-59.0089,-10.6856,-113.3830,68.4814,41.6527,73.5374,22.2563,67.5009,-24.2348,101.2004,-2.6539
-32.0924,40.0572,37.0763,85.0469,61.8484,85.7887,85.5412,-3.4593,-53.2298,-6.8369,-81.4850,82.6984,49.7856,72.6741,-1.8444,35.9472,-38.4098,101.4985,-27.7100
-67.8110,29.0195,6.9549,62.8516,20.0903,72.8862,28.1948,-31.8829,-49.4788,5.7359,3.1866,85.7714,36.7691,50.3259,-30.8167,12.5778,-45.2145,79.3884,-43.9602
-66.1703,39.3072,4.0186,39.4100,15.5983,56.0123,-24.1466,-47.7135,-13.5195,-5.8722,27.0394,90.5740,12.4921,30.8017,-22.5123,17.1825,-28.7367,33.9312,-20.4283
-39.9593,64.2312,10.4049,19.8390,25.6520,35.1215,-14.9510,-46.9697,38.5873,-3.0646,-29.2764,111.1109,14.2258,28.8457,3.3804,25.8581,3.4827,-8.1859,17.1128
-36.2232,76.3505,-6.3989,-16.5914,-0.4488,19.6428,17.4176,-20.9083,88.7880,26.1840,-66.8670,123.7507,33.8837,36.2893,35.2172,54.2771,15.5857,-54.9261,33.9250
-46.9110,50.6431,-40.7639,-63.2117,-51.9221,-15.4129,13.2515,14.9499,113.3113,35.9395,-17.1175,116.1663,33.0587,58.7713,62.4030,115.5427,-5.7885,-102.8309,18.7729
-36.3297,3.5391,-56.9384,-78.3616,-74.2024,-49.7642,-7.0861,41.8317,106.3576,31.2990,44.3435,104.3896,24.3960,89.3394,54.1932,132.9949,-25.9104,-109.5104,-5.9944
-6.3968,-23.4916,-43.4372,-53.6744,-51.1237,-21.2901,5.4938,66.0694,105.6592,41.8783,6.5115,84.1280,29.7060,91.8801,30.6595,68.9142,-18.5073,-70.8811,7.5686
10.5052,-27.2040,-25.7230,-25.3457,-9.9321,37.4234,36.0001,84.4184,122.5197,41.3677,-79.2644,45.1198,25.2020,61.7218,42.8107,19.0737,-11.9969,-36.9146,62.6275
-2.1688,-37.6883,-27.4400,-17.8638,19.2230,41.4311,37.3343,70.2152,118.7106,15.7698,-78.0514,5.3966,1.8598,31.1315,69.6869,37.8537,-31.0467,-32.5259,92.2972
-23.6768,-56.1203,-40.2927,-22.8980,19.2704,11.1055,9.4207,29.6077,85.4678,1.5959,-10.5203,-19.2819,-18.9214,16.4599,66.7849,66.4320,-47.3983,-36.1377,61.7914
-33.3993,-55.9598,-44.3717,-21.7651,-1.1979,16.4667,-7.8195,6.2401,51.7856,3.9984,7.5226,-27.5709,-32.7897,21.2692,55.7911,85.8792,-41.6218,-25.8214,14.8282
-39.5609,-28.9798,-37.1413,-4.4642,-8.3993,45.8505,5.8980,-3.2317,26.5970,-15.4320,-22.5811,-15.3069,-27.2784,37.0983,55.1166,102.2010,-33.6567,-0.9674,-19.0084
-35.1032,11.9979,-20.2230,20.9827,14.6285,57.0976,30.2927,-53.5891,2.9552,-72.6146,-37.8091,5.7896,18.0538,24.6637,33.4444,49.7244,-18.7862,21.8522,-52.5762
-0.6586,43.0938,6.7352,31.7681,42.3687,54.0333,40.9171,-134.4204,-15.4639,-131.5549,-38.4859,10.4423,65.3771,-23.2681,1.4479,-57.2689,14.1456,20.2950,-72.9737
26.7033,32.3078,19.1236,14.0214,40.8806,42.8392,43.0097,-162.6137,-23.1381,-131.9324,-24.4221,-2.2451,64.2102,-48.2160,10.1482,-75.0850,18.3241,-6.3829,-61.9243
11.0606,-17.5373,-4.4150,-17.9746,10.4149,11.1353,45.3754,-130.1535,-19.8862,-75.6787,22.8062,-16.1231,40.3048,-29.2046,39.0416,-1.5110,-24.4081,-32.9744,-52.2264
5.1783,-47.3073,-27.0098,-39.4192,-20.4612,-25.3073,37.5879,-118.6458,-11.4665,-45.0563,59.9095,-16.1903,37.8821,-13.9976,33.2011,12.6420,-40.2755,-48.0093,-68.6679
38.3224,-18.9461,-13.9289,-46.2361,-36.1750,-31.6058,23.8064,-146.1220,-3.7528,-64.8708,37.4838,18.4282,43.0193,-9.9380,17.0180,-22.5579,0.9659,-65.2316,-78.7027
42.6049,21.9330,-4.7521,-48.2209,-45.9411,-9.7686,20.1137,-153.6440,9.9941,-65.2271,-10.9794,75.1163,27.9926,19.0182,33.2161,18.1856,31.8144,-81.1540,-65.5770
2.7817,16.3200,-31.2059,-45.3191,-57.2551,8.2443,12.3979,-128.3285,26.0398,-31.9300,-28.1525,88.1204,-0.3806,52.5735,46.7576,84.8338,23.7502,-71.1497,-62.9174
-14.3560,-20.4503,-56.7372,-39.0195,-70.4974,13.7641,-8.1698,-100.3855,20.0207,-18.7863,-6.1014,37.9104,-18.2021,44.2800,22.6944,60.9263,16.3814,-42.0747,-76.4894
-8.5494,-37.9503,-62.4658,-40.5346,-85.6520,21.9813,-1.2900,-71.1533,4.0058,-19.7630,16.2713,-3.7345,-11.0975,11.7010,1.9260,-2.1151,15.3587,-28.3830,-60.4342
-16.6500,-32.2959,-67.7676,-43.8948,-86.9190,32.0320,48.2891,-36.6681,22.0044,-3.9550,-9.5546,4.1509,7.7105,-1.8399,19.5209,-18.4758,-0.2548,-30.6794,0.1789
-12.9637,-32.7983,-62.6782,-34.7952,-62.2158,31.8866,78.4009,-9.9370,63.0175,6.6296,-66.2195,11.7462,8.4284,0.6481,46.2903,-13.4630,-20.1152,-26.2437,55.3082
2.7859,-45.3591,-44.6515,-28.5289,-45.0013,24.5640,49.0693,8.8706,78.5309,10.5465,-72.3587,-14.5527,-11.4243,-5.1885,51.6098,-11.1981,-33.0804,-22.3202,62.6709
-18.5822,-57.3078,-52.0261,-38.4208,-60.4058,17.7662,9.5038,25.4638,71.2310,40.6560,-19.8499,-41.6694,-24.0460,-19.2856,37.0985,-4.5102,-42.3704,-26.9390,44.6111
-50.6209,-67.9200,-72.8238,-37.4490,-60.5862,21.5204,9.7436,42.3188,70.3724,82.2901,4.6881,-50.1776,-13.4332,-27.9190,13.1543,-23.4537,-42.0042,-16.0751,45.3958
-38.0276,-77.4695,-54.6521,-15.2662,-18.9092,51.3836,29.6923,64.1483,70.9761,104.7684,-23.8751,-56.9122,6.1974,-27.2272,-0.0592,-60.7463,-35.6420,9.4604,63.1319
-19.7844,-76.0558,-24.3662,-6.7688,-1.9662,86.8574,27.9466,65.7690,61.0575,109.0419,-38.1177,-56.3370,6.7020,-20.9171,10.9749,-50.7941,-39.8585,12.8644,60.5466
-38.8539,-65.7623,-31.7331,-17.8022,-35.7900,83.5696,5.5240,21.5287,40.8356,89.9164,-3.8667,-36.7265,-12.9003,-14.4366,22.7337,-4.1396,-54.5307,-1.5177,28.1714
-55.8428,-58.6679,-38.6511,-15.0430,-42.7772,60.8357,-2.1330,-17.2537,4.4670,53.3635,46.2084,-29.9458,-11.6205,-17.5375,13.8415,7.8769,-65.1961,2.6515,-4.3540
-45.7636,-49.0379,-12.2355,-0.8894,2.0796,68.9586,18.1853,-0.2927,-38.7360,35.0939,72.3670,-57.8552,22.2832,-33.2036,3.9793,-7.1018,-54.7200,15.7734,-15.7142
-35.7865,-27.2827,3.5087,0.3234,28.6083,83.0658,36.1153,20.6558,-63.5647,30.2489,61.4230,-83.1936,34.3639,-47.6214,8.6690,0.5021,-18.9442,12.9733,-12.4448
-34.8142,-7.6753,-2.3257,1.5000,23.1909,68.9394,28.4665,6.8092,-70.2394,9.1590,36.5312,-85.9819,2.9945,-55.3818,14.8761,17.2670,7.0490,12.9572,-0.5249
-33.4417,-3.1630,12.2782,13.9352,38.8556,69.2119,16.3974,10.2677,-67.9112,0.2263,26.4905,-97.6593,-14.7328,-70.3757,22.7030,16.9393,-7.1447,23.3981,21.8283
-33.2768,0.6215,34.0966,10.7279,63.8420,92.9617,18.9463,35.9756,-44.0205,27.5168,20.8639,-110.3567,5.8919,-84.7844,39.9793,19.3793,-23.1152,9.3229,38.4532
-31.9031,13.9469,19.7214,-13.8514,47.6756,78.1693,16.8177,20.7611,1.0363,45.4449,-4.0925,-81.4561,15.4634,-70.9142,50.1692,36.4647,-0.8367,-28.8333,28.9479
-25.1633,25.1691,-8.7697,-23.0991,13.1338,41.3473,1.5942,-22.1465,37.4260,30.7317,-48.6700,-35.4980,-7.2147,-40.3374,43.7948,43.5688,29.4331,-40.8798,11.1164
-11.7613,31.5579,-5.7072,-5.2232,14.6753,58.7840,-2.4346,-33.9851,43.7176,12.1224,-93.9484,-18.6987,-21.2515,-26.1125,34.9820,24.1567,45.8987,-19.4716,14.2273
17.5998,37.6764,23.4607,3.9533,41.1933,99.8925,2.3965,-32.1938,23.5484,-9.2587,-91.1683,-8.4500,-0.2511,-20.2609,26.6901,-3.7957,68.3755,-18.4287,16.2980
56.1083,30.3652,44.5411,-21.8501,40.5667,82.4005,-21.2934,-56.5883,-0.7797,-43.4202,-6.8072,14.0371,28.2856,-5.9178,15.9277,-10.2923,82.6343,-64.1778,-20.8096
77.8559,8.0271,42.3691,-60.8345,5.1266,24.6123,-72.7450,-89.9749,-4.8342,-65.3331,85.7297,16.6525,24.3415,0.9404,12.3278,7.1284,72.2479,-116.0591,-71.6069
84.5734,-3.1852,36.2853,-72.6302,-14.8006,-5.3858,-100.5170,-95.6016,-3.6697,-62.7966,97.8046,-5.3563,-3.4308,-7.0943,12.5517,17.7424,72.5228,-125.3823,-82.9543
93.8011,-7.6623,51.2668,-52.8567,14.0312,8.6065,-84.3941,-59.3485,-31.6709,-56.2896,83.0577,-40.9293,-8.8197,-22.2688,5.3080,-0.2191,81.9994,-95.2899,-57.9180
93.7024,-45.0043,66.2510,-38.6719,49.9017,43.3014,-67.0450,-7.9324,-56.2430,-54.5866,118.9240,-107.2841,6.5040,-52.3292,7.5601,-30.4820,46.2841,-69.7622,-31.4761
71.2637,-104.8975,38.4767,-53.1174,33.3532,62.9509,-80.0271,6.4869,-15.7448,-52.2706,150.6974,-168.6174,-4.8551,-81.3950,32.1918,-42.3001,-19.1362,-75.6074,-13.2202
42.4501,-130.9917,-17.4875,-73.0040,-18.7884,49.8077,-95.8440,-15.5401,52.0521,-54.9448,133.7910,-150.7995,-32.4101,-66.6829,47.6550,-31.4829,-45.3030,-91.5601,-4.3273
23.2751,-114.6785,-48.0403,-69.0717,-38.8141,36.3044,-78.8465,-25.0911,55.1837,-75.4128,132.2599,-81.1482,-20.9224,-21.1383,29.7184,-25.1039,-28.6196,-85.1762,-9.3406
19.3746,-83.9469,-40.5730,-46.2475,-8.9081,43.1646,-41.1615,-21.6482,-0.8135,-111.1288,157.8499,-28.6402,17.0668,7.3538,1.0910,-34.9902,3.2610,-63.0471,-10.2428
34.5837,-38.3648,-14.0543,-26.5028,32.7902,37.5870,-20.1713,-26.8019,-39.6717,-124.3615,142.9354,23.7983,28.3094,23.6235,-15.4086,-33.0651,54.8426,-55.5140,12.4685
55.8537,13.2813,23.4060,-18.1613,63.2776,21.5682,-22.8820,-16.6681,-44.0036,-80.2231,96.8835,77.1396,21.6430,36.4524,-24.6855,-16.6793,107.7715,-64.6872,43.7673
60.1461,30.8919,54.0750,-19.1952,83.1348,35.3903,-25.6416,6.7684,-39.5383,-10.5272,80.5440,67.0653,33.0975,9.2540,-30.3797,-32.5096,119.0543,-71.9395,62.1458
42.7054,16.6700,49.1997,-34.5812,77.8683,30.9019,-18.0230,3.7062,-18.2275,37.3859,87.5032,15.0427,48.3876,-46.6229,-22.7413,-62.0617,89.1664,-83.8606,67.5038
18.3703,8.7405,12.0509,-65.7297,37.4608,-80.3026,-12.4295,-5.7728,23.4089,70.7831,91.0968,-0.6022,36.7461,-62.7474,-2.5768,-21.8826,49.6372,-111.2741,58.2197
13.4584,1.5935,-22.2933,-87.9603,-2.4933,-230.1167,-18.0028,2.7056,42.3276,76.8195,99.9619,-5.3826,9.4237,-40.4021,5.7082,46.9279,26.4655,-124.7140,24.7249
43.4122,-18.2906,-23.9867,-75.9695,-4.2061,-240.8214,-35.9167,-24.7649,13.6557,5.1829,113.6735,-42.3510,1.9006,-40.2644,-15.5525,11.1865,39.3113,-101.3200,-25.0055
78.4345,-20.4918,7.2444,-48.9983,13.2961,-93.3923,-67.8109,-95.5114,-27.4915,-97.9670,126.9421,-58.4148,19.8899,-63.6119,-43.8289,-97.4503,75.1472,-78.0364,-60.8014
80.5371,-5.8100,36.7993,-45.1321,20.1037,30.4269,-98.0246,-122.7947,-38.1772,-120.3446,149.7433,-35.8637,32.4797,-75.6826,-45.3842,-134.3498,88.5976,-90.7307,-53.5531
66.8318,-21.2655,28.9456,-65.9918,22.1250,10.4484,-96.7965,-92.7110,-7.1220,-68.4004,162.1658,-41.4781,23.8976,-86.0361,-23.4875,-106.7853,68.2802,-119.3333,-7.8509
66.0184,-57.8104,-7.8906,-92.6500,10.6808,-71.8798,-68.1861,-81.6956,50.9782,-33.4887,131.7830,-80.8354,11.4714,-108.5842,4.2456,-99.7590,41.8278,-141.8292,29.2879
61.3374,-70.1570,-42.3448,-119.7637,-38.5739,-107.4630,-47.4864,-101.7901,95.6995,-29.7543,89.5198,-98.9932,0.4387,-117.0986,37.1496,-79.7438,19.5230,-163.1448,21.1290
44.1719,-74.5613,-66.6646,-138.4607,-90.5154,-104.8283,-45.1360,-105.1819,96.0480,-24.0695,85.7508,-94.1935,-18.6654,-94.6123,60.0450,-20.7975,6.0431,-173.9489,-6.9584
45.0751,-92.2213,-79.4836,-137.4501,-95.7455,-96.7848,-42.8223,-86.2086,83.4494,-18.4713,90.7119,-82.8641,-30.3830,-59.9665,54.6070,2.2645,18.9867,-166.0333,-10.4073
67.7088,-78.3772,-69.2335,-129.5199,-87.4542,-74.7710,-25.7736,-67.1791,96.6121,-14.6258,42.7455,-41.7199,-20.3478,-26.6134,49.9278,-6.6564,49.0582,-162.2375,6.0654
77.3881,-19.7871,-47.8753,-122.4644,-103.2225,-57.4723,5.6211,-53.7930,102.9473,-8.2961,-32.2731,27.6549,-8.8323,11.2588,65.0245,27.6535,68.8006,-161.7250,11.0808
66.0405,14.7741,-38.0440,-95.2331,-98.3799,-63.1732,25.7027,-40.8319,66.5579,-18.5023,-48.8555,74.1654,-6.4607,47.5686,53.8278,58.4501,73.5883,-127.1958,1.9027
58.4945,-3.8531,-25.4036,-47.6855,-48.7258,-46.1381,8.5701,-24.3216,16.3307,-51.4004,8.4997,74.7240,4.0190,61.5850,1.7181,9.9043,64.9703,-66.3328,-5.6101
65.7504,-19.6360,9.0306,-10.9993,-0.6183,5.3870,-10.7985,-16.6636,-26.8308,-90.0164,67.5544,58.6664,25.9511,49.0987,-31.5687,-54.4575,44.7433,-26.1486,-7.1876
74.1491,-2.1607,39.8730,10.7826,32.6363,28.1282,18.2726,-29.8295,-71.0586,-124.6764,69.8715,45.6822,47.2688,25.8760,-27.7863,-72.6008,36.3682,-4.9688,-3.6038
71.3483,13.0984,43.4424,34.8817,69.5676,22.6199,57.9744,-37.1640,-85.6491,-140.6401,27.3429,23.4266,60.7565,5.3102,-29.0831,-91.4671,46.5024,25.5146,4.7205
66.1951,5.7551,43.1274,52.1666,86.3181,50.6525,52.6786,-20.0782,-61.4538,-131.9748,-6.5835,0.3239,63.4255,-1.1583,-36.9184,-120.2809,43.2085,50.0098,6.1517
74.5140,0.5721,58.2754,52.3634,73.3020,88.2342,41.1321,-20.5411,-75.1139,-136.7520,10.2461,15.6459,63.7491,15.8728,-34.1540,-112.7949,30.8611,49.2750,-7.8470
92.8074,11.2609,69.7784,50.1599,71.7688,75.8214,57.7899,-57.8017,-144.8339,-165.3143,57.0537,64.4455,66.6942,39.1316,-45.7854,-96.4899,57.3725,41.0966,-15.9267
108.0112,20.5181,67.9352,46.5317,86.2070,40.7314,57.3314,-71.1322,-168.8026,-150.0973,66.8340,92.7585,54.6413,40.9172,-72.5841,-111.8736,113.3737,30.8679,11.8067
113.9633,22.0998,65.6797,27.3479,83.2457,20.1185,34.6398,-24.0572,-109.3407,-63.9145,26.0016,94.5328,31.1049,30.4066,-74.2641,-118.9479,140.4568,3.6580,68.7888
97.6571,29.8543,54.6784,2.9303,62.5360,-6.8192,36.1088,33.0129,-43.1906,22.3139,-12.0338,103.3185,22.6732,25.8249,-54.7901,-94.2867,130.7215,-25.7192,119.0046
50.3537,42.0901,15.9047,-10.2246,24.2016,-40.8250,38.2383,46.2623,-10.9523,58.6920,-25.3359,98.4544,6.1625,6.0072,-48.5738,-77.6439,115.2137,-29.8568,138.4277
-1.4057,45.2879,-31.4789,-16.1700,-38.8623,-54.3389,6.9971,18.7228,-3.6937,63.5271,-31.5029,54.4889,-44.3955,-38.8086,-53.4203,-81.0863,101.7896,-13.7109,126.0788
-26.0747,47.3262,-49.6970,-13.2119,-73.8176,-50.6907,-3.6030,-20.0724,-26.8195,50.5216,-28.7196,26.0591,-67.9498,-64.2119,-56.6886,-81.6340,90.3252,4.7930,94.6063
-28.1874,63.5090,-35.3227,7.6794,-35.3954,-42.2322,28.5693,-51.7982,-52.5315,21.2319,-27.3353,56.3001,-28.2934,-44.5543,-60.0623,-75.0794,88.6465,20.1963,65.0276
-23.8174,87.9538,-9.3165,35.3954,16.4257,-28.8575,34.4444,-70.1784,-43.2835,-1.8573,-55.8608,94.9743,-2.2210,-17.7825,-59.2635,-64.7560,89.1954,34.3619,49.4238
-22.2091,108.2728,16.2566,57.8702,22.3032,-16.6552,2.6146,-60.5242,-41.5373,-0.4268,-85.5853,93.2077,-25.9348,-17.3128,-61.6007,-56.7504,80.4764,58.9349,43.2156
-32.8868,115.7943,34.8446,78.9538,21.4450,0.0664,-0.3040,-10.8432,-83.7225,17.4190,-71.6904,71.7042,-34.7404,-24.8696,-76.3663,-57.9433,65.9614,96.8498,47.8313
-41.2923,98.7395,42.9102,89.3722,47.1964,31.1831,38.4649,52.9039,-117.2004,32.6316,-44.1768,63.5719,-12.6344,-7.2972,-70.6930,-37.9938,48.4519,115.2394,71.4098
-23.4269,63.7323,42.7002,73.0777,62.8273,51.4485,75.9358,96.7625,-110.9628,33.3383,-37.1578,72.7312,-5.7530,34.4373,-28.0182,21.0846,34.4091,90.3238,105.3566
-6.6591,36.4395,28.1625,41.5526,45.3428,37.8685,84.3744,128.0147,-88.1728,38.4635,-26.1546,75.4953,-16.1701,57.5815,1.9341,61.4735,33.1868,51.2122,132.5037
-26.3665,23.2052,-3.0914,13.1955,10.4535,4.4071,57.0509,152.4705,-45.4055,79.6292,-11.6197,45.6043,-29.1630,36.1602,-1.2442,57.4004,30.4314,26.5833,136.4094
-42.2291,21.4991,-23.6511,-8.6965,-29.2552,-37.8865,20.4763,144.5285,-1.8165,127.1776,-30.6879,11.5906,-50.8860,16.8564,0.9003,73.5525,23.2829,10.0887,98.3106
-9.1029,43.2805,-11.1466,-12.4844,-50.6135,-74.6879,21.1902,109.2029,-13.9883,110.7587,-73.7274,30.8352,-59.2665,48.1581,7.0056,113.2041,46.7082,5.2980,36.9001
29.7680,76.5102,10.8239,13.2381,-24.7921,-73.1221,44.0325,78.3487,-48.4852,33.9432,-100.1400,84.8757,-34.2366,89.0980,-12.3280,95.4797,91.0636,24.6965,9.5815
24.0814,91.4611,18.7455,52.5475,28.7418,-47.1326,30.9208,43.3969,-38.6286,-35.5215,-99.2049,111.8735,-10.0108,87.7439,-41.0220,30.8255,95.5734,55.7166,14.0265
0.2552,106.9937,27.2992,88.2905,56.4004,-43.5236,-7.2915,-5.8859,-40.7624,-75.1992,-87.4611,123.8621,-14.1529,78.1458,-64.0484,5.8407,74.4129,90.3736,-10.9144
-10.5186,149.3413,39.5630,116.1988,41.1374,-46.5712,-17.3855,-32.6811,-104.1677,-101.0125,-88.8293,156.8410,-32.2050,95.8805,-89.4446,25.0606,91.0977,129.6323,-51.6412
-26.0933,175.1831,32.4888,120.0569,14.9000,-25.8090,-5.6575,-20.5346,-139.4261,-102.1710,-100.6021,170.5495,-50.5482,103.3003,-90.0498,50.2979,112.2841,142.9199,-45.3269
-51.7239,148.5211,11.3242,97.3332,9.0815,-15.5133,-6.9765,-2.0997,-104.2310,-78.7357,-87.0370,131.3872,-60.0151,82.4673,-54.1247,82.8065,80.0066,117.0296,-21.2997
-55.2407,113.7669,5.3135,84.3739,20.6387,-30.8909,-15.4892,5.4159,-80.3752,-68.1902,-56.8072,97.2121,-49.8825,78.3585,-39.2915,98.4659,46.8113,101.0820,-37.2534
-27.4881,107.3887,19.9882,94.7833,31.0257,-32.1358,-10.5056,11.5254,-87.8063,-71.6207,-59.8693,110.5807,-25.9453,99.5715,-64.0962,63.5910,57.9586,114.7087,-60.4460
-0.3986,105.6557,43.6826,96.1603,40.2308,-24.3393,5.5970,20.8292,-80.3130,-50.1690,-75.8575,117.6162,3.1079,98.3205,-72.0132,24.8174,56.2947,113.8549,-58.7598
6.7431,88.3221,64.8498,79.6037,54.7895,-42.1717,21.3488,36.0342,-76.6426,-11.2900,-51.1543,74.7698,27.8086,66.0681,-49.7880,31.4364,17.1625,92.2661,-58.6853
5.8462,56.7912,62.0872,66.2583,57.6985,-65.0774,33.6225,51.7752,-91.7831,5.6912,-12.6879,32.9067,24.8621,45.8689,-34.9091,46.0654,-10.8304,83.0482,-46.7837
0.5784,21.1735,27.7356,56.3761,36.9206,-70.0289,42.5167,48.4235,-80.3557,3.4488,-1.4489,45.8538,1.8168,53.2770,-33.9265,32.6260,-16.5660,78.8199,-1.1457
-15.8997,14.9646,-2.2098,50.2067,19.1197,-75.1207,41.6670,22.3195,-52.6733,-3.0012,1.5351,79.6391,1.7151,59.2499,-42.5912,9.7136,-16.9279,71.0731,15.0261
-24.8346,46.1067,10.5687,67.3209,27.8006,-75.3659,20.8679,-9.6564,-69.8513,-26.1004,9.9640,77.4766,18.5005,42.3163,-69.2530,-18.7423,-7.5986,88.7682,-31.7469
-8.3559,58.0239,53.9477,100.7948,48.5940,-48.7619,-15.7599,-32.3590,-120.2317,-52.6519,23.2449,46.2153,8.4529,13.2935,-97.4983,-62.5910,-9.9637,129.3355,-63.7616
3.6975,26.6201,81.5702,122.0435,63.7701,-15.0272,-46.4564,-37.8410,-145.4773,-45.8740,47.2847,22.7543,-19.5571,-5.9586,-108.3751,-96.7483,-41.1023,157.2445,-44.0477
-13.8108,7.3673,68.5083,127.1117,70.6008,-6.5332,-60.8028,-42.2338,-128.8755,-26.4999,45.7068,12.5983,-36.5053,-11.3119,-110.2491,-99.4053,-52.2339,165.6526,-31.5672
-26.6768,26.9745,43.8577,123.3722,62.6450,-28.8682,-73.4309,-72.9213,-96.2740,-37.1179,-3.2646,0.6630,-55.6050,-22.1679,-105.4896,-88.5697,-24.3905,160.5737,-48.1615
-11.1676,50.4686,51.3232,117.9315,44.2753,-63.9748,-96.9025,-104.2116,-89.7480,-52.2217,-36.8648,-17.7297,-85.7193,-47.4813,-98.0461,-84.9597,-10.5553,152.3601,-61.0262
-0.7545,60.3355,79.3712,130.3430,46.0531,-68.5368,-113.5543,-84.0139,-113.8145,-37.4801,-38.4634,-30.4996,-103.5210,-55.3847,-103.7164,-80.6645,-18.0476,169.8692,-60.6541
-10.2535,57.6790,83.8109,151.2843,75.1796,-24.3988,-93.0408,-30.2810,-112.5244,-20.0705,-67.0511,-22.1090,-94.0534,-19.5707,-99.9897,-54.9938,-16.0013,196.3971,-49.1637
-13.6311,33.4165,64.5890,134.6158,84.2707,9.1842,-50.1964,4.8539,-71.5800,-12.9834,-86.7043,-9.9920,-66.6409,17.7213,-62.1998,-14.8405,-26.4555,172.5540,-30.6110
-16.4410,0.4705,43.0939,79.7480,38.5396,-14.8565,-43.2450,23.7661,-45.4322,15.7807,-28.5857,-36.4104,-49.3313,2.5642,-32.3981,6.9658,-59.7202,112.2002,-32.0557
-43.8539,-17.7771,7.4859,33.0032,-27.2314,-54.8609,-82.3340,42.9409,-31.2129,52.6367,40.1785,-86.1117,-63.9065,-32.0599,-33.9894,17.6651,-74.1714,72.6934,-55.1531
-72.2374,-29.6914,-38.7468,4.8470,-62.0790,-74.3430,-109.0540,50.6029,14.1040,50.4253,52.5265,-94.2336,-86.3913,-22.2413,-17.8178,59.6758,-73.7654,42.5741,-61.3606
-67.9681,-43.5374,-55.7114,-15.4609,-67.7680,-90.9092,-95.1890,50.9796,57.0675,30.7827,43.7507,-65.0061,-86.8924,12.0515,21.6325,111.3602,-91.5444,8.3289,-44.9082
-54.0138,-46.5193,-50.9855,-17.3834,-76.3474,-96.8500,-73.0042,56.1112,75.0965,46.1756,4.7894,-56.7917,-84.6490,18.0794,35.0995,110.6722,-103.8150,7.9683,-32.3258
-66.2258,-44.6058,-72.0628,-14.1345,-100.8540,-74.2533,-57.7831,50.8395,122.8461,83.0592,-80.5344,-63.3887,-90.5663,10.0505,38.0685,85.5105,-101.7002,23.3581,-28.2892
-93.3668,-56.1300,-110.2093,-37.7642,-137.2457,-63.5298,-33.4587,33.2594,177.1000,101.9689,-113.8672,-54.6730,-82.3449,18.0092,71.1096,113.2207,-126.8306,-0.0617,-33.9157
-107.7640,-79.8249,-129.5582,-72.4567,-170.6887,-91.2957,-1.0835,30.0768,154.7797,110.7300,-57.6709,-61.0852,-73.1853,26.3563,106.5783,181.3158,-164.9038,-33.9738,-50.8021
-112.9767,-106.6639,-140.3874,-88.4719,-176.0107,-109.6683,29.0079,49.9706,114.0748,138.4715,-21.1028,-88.9890,-77.7591,26.8509,120.2329,224.6738,-171.8729,-41.3583,-48.5057
-127.5797,-120.6517,-153.9996,-96.2019,-154.4787,-90.2956,54.4314,77.0275,158.2935,186.1262,-46.2523,-82.5168,-59.2179,33.7670,134.8023,231.2199,-173.5821,-55.1421,-13.0832
-145.0363,-103.5235,-151.5064,-99.5876,-136.8061,-71.0114,67.9618,93.8077,226.7716,225.8903,-83.5344,-48.7129,-23.5772,36.1121,148.6144,223.5801,-189.1047,-73.7012,15.3235
-141.9599,-72.7164,-133.9791,-80.6890,-122.6826,-72.3380,71.7683,94.2022,218.7913,228.7071,-124.4154,-51.6359,-25.4096,22.5404,139.9876,210.0821,-173.6086,-52.2849,16.7168
-118.5526,-53.0426,-111.5209,-48.2983,-85.1161,-68.3837,78.3730,94.5054,156.8591,190.1087,-138.7261,-72.1709,-35.1150,12.2718,111.9846,180.9597,-125.4464,-11.7452,16.6171
-94.3011,-24.9524,-69.1196,-20.3578,-33.5393,-44.8366,82.2650,102.4379,91.3595,130.3768,-81.9044,-48.6414,5.8781,10.4177,72.8361,124.6192,-95.2826,7.4492,21.5923
-70.1670,18.2361,-14.3750,9.8836,9.7729,-16.5082,76.1530,88.6283,32.7911,72.1330,-31.1844,-2.6129,48.5207,5.6044,34.0462,61.8968,-76.5970,23.7445,22.1643
-37.1217,38.6372,17.2888,42.4644,51.0494,4.6752,64.3346,43.8442,-3.9567,27.9649,-57.2920,16.7347,36.3041,6.6789,9.9868,24.8075,-31.9779,50.2425,23.0962
-7.0860,39.0006,28.0480,61.6944,73.9375,22.1482,33.2651,3.9845,-28.1795,-4.1172,-74.3890,18.3954,9.5014,10.7334,-19.4796,-10.1637,23.3657,68.0355,12.4508
6.2728,53.3123,36.6680,63.8744,48.7417,36.8822,-19.7641,-16.0608,-66.4198,-35.8390,-27.6044,16.1693,0.4697,-3.2845,-66.7168,-65.8589,61.2621,74.1635,-23.0699
10.3718,55.3695,29.5461,53.6120,17.8607,36.1935,-49.2817,-23.6856,-88.8708,-60.4443,7.1031,-3.4016,-10.9239,-15.4244,-84.2293,-82.3859,80.0932,69.2827,-51.3458
10.8083,23.5473,6.6810,41.2142,30.5722,16.9608,-42.6293,-13.3126,-68.3147,-62.6308,0.8038,-28.4217,-25.9573,2.2120,-58.3456,-33.4331,80.0467,55.1662,-49.9787
7.0295,14.8280,2.8729,43.4363,42.0202,5.3117,-51.9428,-2.5150,-49.6288,-59.5409,-3.6630,-26.0749,-33.6241,19.1755,-50.6450,-7.6591,70.9968,54.7877,-50.3049
13.4143,47.1828,27.8957,51.7696,21.4686,20.3813,-75.0930,-9.0743,-59.8541,-62.6571,1.8591,6.0670,-26.0629,15.2659,-73.1870,-42.1454,71.4589,61.6595,-61.8507
37.4534,50.5632,57.2170,42.3607,29.1987,40.6056,-57.5650,5.3223,-67.5723,-42.1436,24.5664,42.3504,11.8421,27.9875,-74.7931,-57.5046,70.4019,39.9458,-50.6773
56.2375,9.5677,73.4066,27.6916,74.9088,42.7728,-26.6344,43.9342,-61.5466,-5.9884,68.3502,58.2934,47.4365,57.3508,-54.6777,-30.0748,49.3526,9.2083,-18.5496
52.3176,-7.5538,72.8076,33.3094,87.5989,39.6578,-37.6301,32.8840,-53.6391,-11.2334,72.9574,50.1097,27.9302,50.8284,-44.8449,-24.2990,28.0684,13.0078,0.6307
39.2842,19.2135,66.2768,47.4015,67.8557,49.5037,-44.5471,-29.3342,-42.6938,-44.1965,17.3729,41.2031,0.4750,10.5329,-38.6516,-53.6339,23.4322,31.7274,4.5587
31.3107,39.1666,70.1481,46.9768,64.9558,62.8652,1.3962,-62.1708,-35.6715,-39.4586,-16.6295,48.1560,35.1802,-13.5947,-24.1681,-74.1780,7.5165,29.8226,3.4954
25.2720,22.0952,66.7967,29.7192,51.4705,53.5994,39.9373,-61.2899,-30.8212,-11.4182,4.6135,50.9948,72.4421,-15.1139,-9.0464,-69.8649,-32.8964,13.6812,-4.5505
16.1078,-13.1587,29.7396,4.9796,0.0401,14.0390,22.0624,-66.8758,-3.6153,-1.3882,16.9308,31.0926,36.8015,-18.6439,2.4587,-55.4783,-59.5593,-1.3876,-3.2873
-0.0308,-34.1542,-14.7516,-9.5933,-39.3137,-12.5089,-2.5687,-59.5129,31.8418,17.6723,-9.1949,4.5177,-18.3409,-27.9040,5.6012,-47.4830,-50.2215,-4.1020,20.0468
-22.8307,-27.5533,-30.6949,-5.9193,-43.7069,24.1853,3.6371,-35.1600,41.8288,48.5041,-46.4953,-11.2510,-28.9929,-33.7188,5.9856,-43.1677,-30.2795,8.2456,33.7993
-32.1986,-3.7024,-29.0462,-0.6282,-42.4781,69.5543,10.9313,-29.2029,44.4774,41.2241,-86.4744,-16.7682,-24.9575,-27.3428,19.4850,-18.8388,-11.6133,13.4525,15.8338
-8.6078,27.6595,-20.2041,4.4869,-31.9250,7.2989,0.3901,-28.2382,47.6187,13.4405,-123.2900,-7.2398,-40.9096,-8.3503,19.2793,13.2886,22.2358,12.5382,-2.5587
23.6702,58.1543,5.2537,25.6881,-4.3208,-120.0258,-9.7039,-12.2279,17.7259,16.1664,-125.4169,21.6570,-56.5142,5.4234,-20.8833,9.4844,50.4834,34.1994,3.5680
18.0380,66.8597,28.8961,44.0597,11.4501,-118.8943,-4.3785,-4.9682,-11.1843,23.8264,-88.3690,57.5893,-38.9676,9.2928,-39.7220,-9.9970,25.8470,52.0605,20.7137
-21.9827,51.1908,29.3836,36.2818,14.8290,38.6520,11.3333,3.8525,26.5132,9.8281,-58.4495,89.0378,10.0194,27.2446,7.5750,7.6647,-32.9904,27.4474,38.9825
-43.6893,31.8333,23.0941,26.6848,24.3786,152.4497,19.3878,42.1449,80.0432,11.3607,-63.5362,105.4771,38.3236,61.4736,50.0703,42.9825,-60.7331,4.4432,55.7578
-30.9803,3.3808,14.9993,25.9788,16.9867,130.8472,9.9937,80.6039,71.8697,38.4370,-67.0846,88.8760,5.7597,83.3231,43.3090,63.2675,-51.2451,15.9509,62.8300
-26.1538,-42.7995,-10.9977,5.8109,-12.0550,99.1852,0.5482,104.5618,52.2858,64.4054,-40.9950,45.0349,-42.1750,82.7032,47.7095,92.0781,-48.4504,10.7705,75.0881
-48.1533,-69.1538,-36.6429,-24.6748,-23.4998,118.6613,9.2432,139.3665,81.8441,89.8106,-26.5451,1.9950,-48.8426,63.0609,85.3214,125.7298,-65.0730,-22.2115,107.6476
-62.8310,-57.3295,-40.2937,-32.4966,-24.8685,109.6203,25.6340,154.6520,108.8224,98.8568,-50.4981,-42.1877,-38.7363,19.0120,107.0031,119.0279,-84.3630,-29.1795,122.7185
-53.9532,-47.5752,-41.8879,-29.0130,-44.8391,67.5436,41.8218,116.4705,89.6876,62.1345,-70.1372,-99.1570,-37.9838,-34.0550,104.7239,78.1238,-95.7953,-11.0133,92.2126
-45.5493,-48.6135,-47.9557,-28.1655,-47.2064,64.1817,69.5457,79.4107,63.0531,27.3429,-69.8776,-134.3871,-17.0740,-66.8606,96.3819,33.8075,-86.5019,-1.7633,67.0035
-43.4295,-27.2489,-37.7108,-17.0727,-11.9035,77.7112,96.0424,76.8031,52.6293,51.6588,-84.0430,-120.0554,18.5897,-83.3500,67.7955,-19.8865,-46.4511,5.4427,84.6772
-31.5162,6.0102,-23.4286,-8.5846,3.3102,52.1762,89.3450,60.7867,39.0754,86.9535,-99.7889,-89.9061,22.9599,-98.3239,24.2911,-71.0386,8.3224,9.5950,98.5213
-16.7529,25.1576,-24.3424,-18.2618,-17.8651,22.6839,59.0258,27.5432,22.2948,77.0393,-85.0888,-68.3031,7.4625,-97.9138,-1.1244,-83.7621,51.1460,-4.7179,77.7767
-12.5872,41.9938,-14.2936,-18.4200,-18.3469,28.4486,40.3105,25.4243,18.3463,58.9620,-65.2044,-36.4537,18.4507,-73.5530,-9.0255,-71.2621,61.5544,-13.6331,53.6209
-12.0690,50.1656,15.5451,1.6056,6.1214,34.5940,29.5104,35.4168,20.8818,62.9333,-47.7446,-3.1588,49.9304,-47.1589,-21.7938,-72.6038,30.9314,1.3099,26.7495
-14.5594,24.4769,22.0603,12.0843,6.3260,16.6752,2.3531,-3.6494,9.1773,46.4309,7.4285,3.4736,62.0649,-35.9119,-41.0860,-85.9748,-14.9568,15.4879,-27.9122
-21.7567,-7.3944,3.0798,10.9911,-7.6158,2.0480,-27.5137,-83.3431,-24.5922,-11.4470,79.5919,5.9742,45.0712,-31.1856,-51.6352,-83.9700,-35.5145,16.2887,-74.5698
-7.8829,-6.0014,18.2230,21.2507,16.7678,14.8115,-29.5835,-133.7174,-61.1160,-66.4182,102.4093,37.2626,31.6310,-16.3574,-41.2449,-62.0783,-30.6766,13.5096,-68.2198
34.1222,6.8400,75.9514,40.3299,76.2341,52.4929,-9.0873,-118.3695,-69.1100,-81.7703,80.5539,71.5863,55.9557,7.4254,-22.1793,-54.0258,-31.8936,12.0471,-39.1155
54.5601,-5.7157,104.6790,53.5258,110.7827,89.8601,3.4234,-76.6607,-49.9990,-72.2032,68.0402,67.0119,90.9006,17.2263,-20.8795,-82.1078,-50.7362,22.0619,-29.1585
27.1101,-40.7776,68.4089,52.2885,88.7602,94.4026,-8.5480,-58.6134,-41.4636,-68.0215,88.7476,27.8116,72.9070,7.2548,-29.4077,-95.2499,-70.3232,39.3122,-28.5893
-2.0377,-71.8545,22.6465,32.2985,52.4216,71.6709,-28.5841,-52.9083,-56.6040,-67.8146,128.2692,-10.5185,20.5556,2.8835,-19.0383,-45.7244,-71.6434,32.1773,-25.3672
-1.6966,-75.5164,15.1880,4.8593,47.0060,56.2937,-20.9226,-33.0600,-58.7852,-51.3909,147.9024,-26.7958,21.4599,5.1415,2.6817,2.9642,-59.3133,-2.2018,-27.7659
-1.4299,-61.2390,12.3242,-21.9907,40.0622,49.6669,17.1503,-16.5686,-24.3141,-26.2933,135.9761,-31.7525,75.9436,-10.0341,18.0538,-7.2509,-59.5206,-37.7171,-34.0191
-17.9452,-63.8333,-21.7599,-58.2808,-11.6733,29.9463,37.2106,-16.3505,9.8235,-11.9086,142.3403,-36.0780,96.3900,-23.1502,32.2632,-9.4183,-72.4900,-72.2665,-40.9504
-29.7914,-79.5033,-57.6980,-92.1554,-70.3546,0.2123,15.4427,-17.8312,11.6645,3.5883,177.2106,-25.5915,62.5689,-7.3436,36.6353,31.3476,-65.6163,-102.8130,-46.7506
-30.5060,-76.8787,-71.6130,-100.4355,-90.0667,-26.6223,-1.2374,-26.0483,21.5004,30.6957,163.1519,-7.6490,33.2537,-1.7497,26.9712,37.3480,-42.8020,-110.4831,-34.4371
-28.8161,-63.2185,-85.1526,-98.4153,-92.9312,-46.6959,18.8219,-48.8116,68.8940,37.5659,81.9805,-18.2466,28.2392,-31.1430,34.6324,1.5369,-33.8701,-106.9456,-9.7401
-18.0137,-51.3893,-93.7917,-98.1499,-95.2805,-51.2442,34.8075,-67.5329,94.3531,1.8569,19.3760,-40.7471,21.9709,-44.3308,55.7011,-1.1058,-22.2598,-106.7557,-11.6976
-1.8788,-26.6298,-74.0341,-82.3478,-85.0215,-42.8443,21.3207,-72.6181,62.5354,-39.3281,14.8689,-28.0592,15.2896,-24.7853,47.5486,14.1524,3.5235,-93.0805,-37.8590
-8.4051,-6.1030,-63.8421,-70.4378,-89.7848,-43.6387,13.1550,-60.8599,41.4140,-44.4664,32.3444,-6.6610,21.6399,-17.5138,27.6846,5.9366,3.7656,-77.7464,-45.8175
-39.4967,-20.1926,-99.5247,-89.8681,-123.8065,-50.4059,23.1977,-22.0306,64.0888,-27.2682,50.0330,-19.2606,24.3794,-14.6220,38.8761,26.5484,-17.5188,-88.1952,-38.2411
-57.4163,-39.2262,-124.9272,-98.4750,-128.6404,-31.1028,23.9357,17.5489,70.6107,-16.2768,49.0255,-31.6331,5.8567,16.9674,57.6168,88.7787,-10.0280,-91.9920,-38.5028
-41.7099,-34.6831,-93.5535,-68.8583,-88.0587,13.8054,12.4227,23.6116,49.3089,-1.9319,7.7258,-22.1345,-20.2291,40.3314,56.4878,111.3928,12.7061,-63.8623,-29.8687
-11.6744,-31.8537,-55.2515,-50.5247,-69.4465,42.9375,-0.8140,17.7993,40.7379,20.6990,-31.6695,-25.7186,-36.9863,30.7598,49.9320,84.5827,21.1428,-46.2182,-16.5482
13.6314,-29.5447,-42.5238,-49.6773,-78.4195,38.8385,-27.2070,19.0421,20.4547,5.7768,-18.6438,-28.1861,-47.1443,36.1890,29.3927,67.0705,45.2999,-43.7581,-36.3221
33.1140,1.7517,-11.3428,-11.0420,-46.1840,33.6376,-55.1632,16.8746,-31.0286,-61.5022,3.9062,4.5870,-48.6735,63.1068,-9.6365,50.8360,73.0944,-6.2300,-59.2330
42.3903,42.9349,44.2683,45.9880,17.4320,50.2358,-49.6506,34.8990,-56.2778,-104.3357,-17.6387,30.1035,-33.5768,60.9642,-23.2021,19.6013,53.6656,47.0323,-29.6352
37.4095,63.7908,66.4032,53.0651,34.6043,61.8822,-29.0469,68.6589,-45.0090,-77.6907,-48.8154,19.3816,-24.0407,37.4063,-5.3546,20.0572,36.2015,51.3284,7.7797
34.2015,66.7547,46.5742,24.5858,2.2812,49.4545,-34.4539,42.4538,-46.0733,-43.4535,-61.1039,10.6087,-48.0088,29.4465,3.5916,51.9053,70.8043,21.5925,-6.4020
44.4218,50.1371,36.1704,21.8211,-15.3486,46.4745,-42.8093,-35.3538,-40.7742,-43.7633,-95.6898,0.3207,-75.0711,15.2682,6.8810,38.7522,74.3757,22.2884,-30.4252
47.9244,26.4651,50.9720,53.6727,5.7794,74.2167,-21.7960,-69.9666,-6.3859,-56.3021,-147.4119,-34.6357,-50.9382,-21.0467,11.1078,-38.8677,7.0042,65.5983,-34.1944
30.5424,31.4815,62.9054,89.6328,37.0345,101.2869,-1.6448,-75.2170,-3.7434,-92.8038,-139.9528,-47.0674,10.4524,-40.5371,-13.0194,-113.9888,-37.4671,111.0965,-62.8162
17.0380,51.4128,66.1116,107.2429,55.8531,108.4945,-10.0127,-115.6966,-43.8234,-156.4023,-79.2585,-18.7092,43.2936,-35.5968,-44.1632,-140.5473,-30.6873,124.3907,-101.9896
23.9470,51.3954,79.4642,107.6246,69.1526,106.9062,-29.3954,-142.5862,-53.8521,-166.4647,-61.1563,-10.4644,23.3646,-46.1749,-38.5823,-135.3690,-31.3894,113.8664,-82.0831
24.3752,52.4432,93.7708,106.9250,84.5137,91.9285,-47.6929,-113.1294,-30.8844,-95.5761,-95.6956,-27.2457,-15.5369,-70.3711,-29.4194,-123.3865,-28.3132,109.3274,-25.4545
-0.8940,59.2953,76.8286,102.0734,88.6451,68.1653,-56.7861,-81.0331,-20.0402,-30.2623,-103.1459,-22.4750,-35.5049,-69.0291,-41.0219,-99.7876,-2.2573,106.2593,1.2674
-29.6616,31.4746,35.1658,73.2182,71.0660,61.7163,-39.5595,-62.2062,-9.0934,0.8477,-62.9954,-15.6007,-28.0701,-50.2334,-31.1525,-62.0512,-3.3212,77.8429,9.7862
-41.2796,-9.9121,8.8088,28.1888,37.1641,52.2796,-27.4898,-36.2318,3.4113,46.2192,-2.8710,-37.9805,-16.3471,-59.7844,-12.8160,-44.7174,-27.7726,32.6392,22.1099
-42.2470,-20.5568,-1.4468,-11.2445,-16.9692,4.8760,-65.3704,-31.9908,-4.5263,87.0297,66.3254,-69.2312,-27.7715,-98.3212,-30.3883,-63.4030,-28.5769,-3.5234,7.9444
-43.8185,-35.3508,-30.9370,-45.6791,-88.6384,-38.5611,-104.8537,-44.6920,9.9305,82.3735,97.0836,-101.0474,-54.6002,-114.1942,-31.5694,-60.5765,-36.9208,-29.3916,-30.6254
-49.9072,-72.2622,-74.3663,-70.1364,-131.4697,-31.9932,-80.3971,-28.9295,67.6890,60.8096,50.1655,-127.4992,-66.5614,-82.6013,25.2118,2.7547,-73.0270,-45.8446,-47.7857
-54.4304,-77.0706,-89.0955,-65.4300,-114.3517,-14.1680,-34.8813,-12.2814,86.5302,38.0125,1.0596,-114.6960,-59.3090,-40.3651,63.8502,63.0365,-77.9355,-42.5722,-41.7359
-42.8877,-49.6837,-69.3329,-43.2444,-84.4514,-21.0027,-29.9100,-30.1271,37.0121,-4.5094,16.7316,-80.1967,-53.9811,-25.0865,43.9184,61.2411,-48.8717,-25.6296,-44.8040
-20.8970,-42.3347,-49.0830,-38.1294,-88.4575,-31.7165,-43.9315,-39.6025,3.4954,-33.0329,42.4657,-75.7466,-58.8344,-27.9970,30.3108,44.8112,-44.1912,-20.8231,-54.1321
-16.1950,-49.9918,-47.8050,-56.2096,-101.0454,-39.5144,-48.1579,-16.5196,22.6029,-8.2954,45.6424,-80.4016,-63.0754,-25.7776,47.1410,67.2091,-54.5031,-43.4501,-43.7470
-26.1520,-51.5043,-54.7009,-71.1787,-91.8067,-49.2510,-45.2504,16.6323,48.1797,35.4196,51.8109,-63.7296,-55.9469,-12.6002,54.0524,93.5777,-47.2951,-67.7149,-18.9883
-17.4389,-58.8229,-49.4347,-61.8150,-72.3348,-46.5880,-21.2627,50.6846,54.1475,54.8568,28.9069,-66.0702,-35.4170,4.2467,49.0603,87.4673,-45.1136,-53.1283,-18.6168
5.3824,-66.2765,-33.4166,-45.7394,-55.9005,-48.5760,13.5932,57.4991,47.8339,53.3284,-19.6090,-99.0531,-14.3093,7.0872,54.2899,79.1310,-55.9842,-25.1419,-52.0221
2.7840,-68.6543,-36.8270,-58.7321,-52.4941,-80.4888,9.2132,22.7694,50.8247,57.6244,-9.6011,-116.2981,-18.2111,-12.4808,66.1405,96.5383,-60.2538,-44.8353,-66.5537
-27.3467,-81.7831,-68.2602,-88.0222,-78.6414,-103.2568,-22.4842,13.8487,82.5238,94.6265,18.8014,-112.8219,-56.6179,-27.9249,79.8749,126.5813,-66.1921,-82.1555,-29.5613
-48.8111,-87.8129,-92.1505,-91.6634,-114.6542,-88.0050,-22.7450,48.1177,113.5808,139.9604,-29.4906,-107.3140,-98.1774,-19.9305,94.4272,149.6528,-74.1334,-74.3126,14.4410
-43.1958,-76.9344,-91.6543,-87.0135,-115.4840,-82.6575,-0.6547,38.0509,110.0987,120.4080,-50.1160,-91.4582,-94.6947,-21.3270,99.0323,137.3244,-69.4068,-70.4060,33.6850
-20.3239,-93.2317,-90.4194,-109.9721,-86.3914,-108.7942,8.5101,-18.2104,98.3967,38.0299,60.3188,-81.1055,-37.6760,-57.4395,87.7950,60.2916,-71.8165,-119.5194,51.1909
1.4121,-127.9660,-90.4440,-126.1276,-67.7662,-120.5593,24.6201,-36.1312,87.7529,-18.2919,166.0770,-95.9696,30.3147,-93.7924,62.7536,-43.5971,-90.5956,-144.9603,58.9227
6.3543,-117.0888,-73.2131,-105.5320,-63.3208,-106.8600,60.9011,-28.2135,47.6840,-22.5233,169.1420,-98.2048,73.6742,-99.7810,36.1793,-92.2708,-97.7045,-109.7327,33.1851
-2.5710,-80.5265,-54.2828,-89.4487,-56.7811,-103.3238,87.5546,-38.9710,10.3242,-25.0432,161.0098,-73.2277,96.0512,-93.4854,32.2703,-76.8500,-98.4121,-91.6479,9.8358
-7.2712,-71.6910,-51.5581,-93.0286,-53.9709,-115.7928,91.7417,-32.6145,12.9370,-40.4209,168.4210,-72.1285,101.5685,-88.6444,48.9222,-46.3006,-111.9717,-100.3536,4.4082
-4.4738,-58.5729,-45.3896,-77.8589,-57.5952,-126.2708,78.7429,-7.5162,-2.2608,-56.6058,142.5994,-95.0780,81.0172,-72.5925,49.3972,-10.6525,-106.1034,-73.8621,-30.0324
-0.6150,-16.5832,-25.3276,-44.1756,-47.2555,-128.5221,50.4333,-10.6444,-52.3260,-77.3711,114.2544,-84.7029,50.9451,-48.1138,22.6162,18.5163,-61.8079,-31.5020,-74.5440
16.2916,11.3293,-2.8932,-19.3070,-10.4602,-117.9152,32.0866,-13.0264,-60.2054,-82.2622,86.8743,-47.2476,42.8108,-32.6616,-4.9811,-3.1390,-13.6556,-15.1802,-57.4135
54.6022,15.4772,28.2698,-3.5282,36.9734,-97.0795,38.2228,26.6379,-35.5653,-49.4565,33.3300,-26.9799,51.3396,-20.9296,-18.6182,-44.4042,22.7730,-9.0295,-6.2981
86.2763,14.7836,65.6972,-3.3934,65.9829,-87.3088,34.4690,71.2812,-50.9683,-8.8939,36.3046,-12.8544,53.3860,3.8328,-19.2923,-21.6411,42.7910,-18.4768,9.3496
79.3818,-3.1275,70.3735,-25.0117,60.6930,-99.2013,12.6871,93.4802,-65.2259,16.4411,116.7270,14.4765,50.2854,32.7421,-10.5726,36.2093,22.7733,-51.5351,11.2940
47.8342,-28.0607,32.0973,-41.3851,35.5621,-115.7493,8.8591,106.8293,-21.8916,48.9815,131.4447,31.0453,41.5390,43.1141,-5.2779,47.3518,-3.7967,-65.4614,37.3353
36.5563,-30.1668,-1.5116,-51.1423,15.0451,-122.4624,11.8062,112.0641,19.6094,91.2238,70.4149,27.9365,14.9035,39.5599,-5.6970,42.7311,26.9834,-68.9244,64.0309
62.1224,-26.3880,-1.7301,-82.5832,0.3606,-132.0198,-10.5968,118.8895,22.5228,114.7435,74.5883,32.9051,-6.0159,45.5544,-3.2386,64.2455,82.1705,-113.3872,72.6044
90.1897,-31.7723,3.8945,-114.9273,-20.4285,-164.2840,-18.4428,128.7242,37.2545,120.6720,116.1441,53.8939,17.9936,54.7043,-6.7243,53.0499,87.6320,-158.8235,66.7097
83.3833,-26.1206,-15.9379,-122.1405,-52.6459,-213.4098,27.1134,93.4827,68.6202,133.4749,87.3033,71.1870,62.7089,40.5614,-15.5998,2.4613,58.0845,-157.0939,44.1211
54.5664,-14.7576,-53.1602,-132.4196,-95.2041,-250.7685,70.8040,16.3599,72.5929,149.1059,47.2119,79.1937,67.0980,16.9311,-9.3050,-1.4464,48.0708,-155.9212,19.2563
41.8111,-7.1572,-69.9353,-139.3921,-122.5185,-252.5421,60.7284,-14.5738,51.5667,142.9109,45.8158,85.5619,34.0693,22.4518,-3.1665,37.1041,64.7280,-159.6762,4.6381
46.1735,17.6676,-47.3813,-95.8038,-95.7280,-217.1973,32.8535,10.0576,36.2822,108.2588,5.9773,84.2537,17.0831,46.1946,-22.5635,37.7312,83.6409,-107.7053,-17.0990
38.7012,45.2868,-18.7714,-32.8164,-36.0742,-173.7567,22.0735,-0.0554,39.8955,55.5705,-57.1345,67.8921,24.5434,42.4490,-35.8237,6.7076,72.5866,-38.1738,-42.2096
10.9709,43.2124,-21.1074,-11.2212,-12.9946,-153.7022,7.4967,-59.9947,49.7280,-1.0767,-46.4548,51.5341,21.7829,9.0616,-24.7172,-12.9909,27.4135,-20.1840,-44.7177
-21.7254,37.5824,-36.1674,-2.0778,-25.6323,-131.8988,-20.4188,-96.2004,37.7526,-33.7424,-4.3772,45.9337,0.5686,-19.7854,-33.1864,-38.2163,1.6163,-6.7425,-32.7837
-43.0143,50.3012,-26.7137,34.9228,-10.9640,-66.8730,-44.4470,-84.0709,15.2656,-22.5361,-29.9804,27.9834,-25.5229,-37.7591,-59.7745,-71.7224,16.2695,44.8691,-19.1112
-39.8862,55.8466,6.2474,70.9008,29.0469,-3.4076,-70.3520,-62.9419,19.2797,-9.5629,-88.5019,-11.6647,-58.4535,-59.4927,-55.2642,-83.3954,16.2797,84.9353,6.5468
-14.2697,57.2516,40.4371,86.6924,47.2848,-0.7143,-104.7222,-54.8167,23.0895,-41.7746,-99.6758,-28.0905,-93.6593,-72.9860,-40.7795,-84.9358,-3.7614,94.0870,36.4463
10.1036,68.6416,60.8090,94.8399,50.7407,-9.2341,-118.1139,-43.0605,-8.2542,-64.2088,-80.0194,7.4298,-111.8133,-54.9367,-54.4328,-87.9446,15.1673,97.3394,63.9209
18.0063,64.9592,58.7054,84.2575,56.4090,13.1269,-105.3285,-15.8232,-24.7148,-17.4208,-81.2967,48.0494,-122.8718,-18.9817,-57.1722,-56.5655,61.7207,80.7940,99.8198
18.2450,49.1115,42.0119,50.0860,44.7109,1.1200,-107.4739,4.6779,-0.4320,30.4010,-87.4797,46.7056,-146.5514,-0.2719,-25.6640,14.2210,79.1584,36.7906,115.9173
17.6819,45.8427,28.5035,18.7912,25.5637,-52.9909,-119.1940,1.3232,9.2491,25.4883,-60.0826,29.2438,-155.7518,2.0032,-0.7292,74.3310,74.7292,-2.5797,89.7109
18.1773,27.8868,19.1132,0.8801,27.6179,-59.6452,-89.8077,2.0142,4.4100,37.3051,-32.2738,34.8771,-124.7030,18.5222,8.2640,94.7007,70.2596,-23.9154,72.8216
29.3433,-5.6152,13.8513,-9.3529,28.4539,-28.0696,-33.7513,30.0658,20.1083,80.1136,-49.5430,50.1545,-82.7117,50.2754,19.6652,91.6989,56.4787,-30.1332,78.1531
43.7657,4.8087,20.8969,-13.9099,8.6102,-40.6156,-0.6366,60.0435,9.1933,75.1599,-56.5355,51.0299,-46.3497,67.8175,19.4962,93.9779,50.1527,-26.4548,42.8895
34.1538,37.5693,19.1087,-32.0269,-7.9583,-76.8758,28.4211,65.2301,-41.3901,42.8720,10.1471,45.4920,7.6825,59.8173,10.4754,107.0128,59.5973,-44.3113,-12.8832
3.7590,18.4513,-18.1928,-69.9553,-27.6135,-86.0838,76.9121,47.4599,-49.0096,47.5604,87.2219,41.2982,63.5081,36.8907,17.3819,95.0465,42.1743,-85.0609,-16.4781
-12.1689,-15.7388,-55.5881,-85.2132,-61.8503,-81.8564,102.0564,17.4697,-16.0120,36.9146,98.6128,33.8802,84.0574,15.0697,21.2746,41.3639,2.3817,-92.0757,-6.6169
-3.2351,-0.9127,-43.1972,-58.7750,-58.4077,-59.6998,92.0866,0.6823,-17.9389,-16.3423,76.8248,37.5917,92.3676,17.5113,6.1966,2.2827,-2.5224,-60.2727,-32.4923
10.4043,20.9588,-8.8202,-34.4188,-11.2030,-16.0097,87.7295,16.9037,-21.4960,-31.3466,56.7925,63.4336,109.0552,43.3707,4.1351,9.2504,14.3111,-47.6714,-33.1575
13.8007,10.9609,-8.0597,-33.6707,-7.0994,5.4450,78.6391,36.7261,27.5136,-7.1701,18.2212,79.8622,91.3599,50.5346,18.1013,4.4110,4.4917,-53.1327,16.8107
3.6178,3.6455,-30.4278,-25.0533,-49.1471,19.2667,39.5536,26.8205,64.3927,-17.9569,-26.1284,69.3367,31.0090,29.4649,14.6546,-32.8282,-6.3806,-31.7550,54.6004
-5.5680,15.0791,-29.9995,9.1823,-40.7136,50.1173,4.3538,3.3750,36.6513,-50.0135,-44.5105,74.2206,-16.0005,30.5634,-8.6558,-46.2187,17.3365,11.4765,60.5604
18.0381,38.9639,7.0018,56.1326,18.0840,8.5920,-14.4385,-14.3820,-14.9216,-72.4808,-52.1589,108.3385,-31.0930,61.9895,-47.4467,-41.2236,48.6419,57.5308,40.4803
67.5796,83.0160,62.4834,100.6479,52.8219,-98.7181,-45.1346,-32.2393,-61.8583,-107.3287,-66.9939,115.7431,-31.6231,66.8663,-102.7072,-75.8079,67.8868,107.5578,-21.7932
85.8640,118.2130,108.6979,125.9110,77.6106,-66.2731,-65.4487,-46.8566,-96.3794,-125.3466,-80.2004,81.9479,-11.3433,37.3064,-126.0156,-115.7805,86.7229,134.4036,-76.0213
57.2859,101.9781,125.5979,119.4180,122.9559,125.7553,-50.4207,-50.8027,-95.7357,-85.8933,-80.3169,57.4070,16.8321,23.2528,-81.0069,-87.5852,92.2144,109.8705,-60.2210
33.7878,53.2809,116.8789,89.6637,134.1142,219.6603,-50.3356,-47.1591,-78.8828,-36.2973,-41.5276,42.1538,15.3101,25.8002,-33.7156,-31.8536,69.0844,65.3227,-33.7003
38.6909,4.9353,98.7762,58.8887,90.8495,143.6055,-90.6560,-37.0346,-82.8615,-13.5187,42.0546,-5.5270,-3.5948,6.5802,-48.9421,-39.4997,35.9929,45.6125,-60.6474
40.1263,-39.4205,78.7655,46.5435,60.9519,88.9908,-118.9659,-33.9900,-85.8716,-2.4627,100.9036,-64.0478,-7.7966,-25.2311,-80.5179,-92.4577,9.9914,52.0329,-90.8718
26.7966,-58.7426,60.0045,49.7621,70.8139,108.5456,-108.1052,-51.6509,-55.1949,-13.3106,73.3894,-88.2284,-9.5626,-37.4967,-62.7723,-98.8212,-7.1566,57.2800,-83.0537
17.4116,-36.1638,45.5735,40.3200,75.5658,95.2925,-77.6668,-60.4454,-1.7381,-27.6685,-2.6150,-86.9246,-14.5749,-38.1292,-10.5415,-46.2849,-10.8951,36.1432,-61.8938
11.9780,-4.6253,30.7924,13.2351,54.5769,53.9836,-39.9847,-38.0782,52.1097,0.5731,-61.2849,-71.9872,-0.9619,-41.2828,23.8289,-12.7567,-5.3170,-0.3615,-35.9109
1.9574,7.7028,13.8276,3.2849,33.1409,52.5443,-5.3731,-17.0692,82.1742,19.2736,-86.1077,-36.8869,25.2647,-29.1762,26.2052,-24.4941,-6.0722,-9.7285,-14.1840
-8.9301,8.6664,0.4281,12.3586,32.5436,67.0866,25.4949,-5.2450,71.6586,-17.8708,-77.4392,-11.2131,48.1523,-0.8979,26.4358,-19.6847,-14.5418,4.2277,-15.9220
-24.8553,2.2830,-14.4586,-2.5427,39.1022,54.4141,60.7687,25.8188,44.6156,-21.5369,-28.3381,-19.1777,69.2835,2.5347,38.3064,13.8995,-15.9558,-11.0852,-3.5581
-48.9797,-4.7304,-36.0351,-37.9349,21.1900,28.8015,68.5636,51.8492,25.0385,34.2302,46.3340,-19.1262,70.1534,-26.2473,30.5229,14.7170,-1.9096,-50.3543,47.1966
-58.0795,6.5636,-43.7980,-44.3260,-12.9047,20.4640,25.5090,49.6423,4.1932,41.8144,96.4068,20.4531,39.6617,-26.9907,-3.5205,-7.4743,20.4211,-56.9914,72.8595
-37.0563,24.8949,-20.4462,-23.4907,-18.8740,40.8737,-12.7523,74.5074,-2.9251,8.0038,80.6632,58.3922,17.6041,25.0687,-13.3522,16.5237,31.6875,-36.3587,51.9804
-15.0300,21.0393,4.3342,-19.2230,-7.1640,69.2657,-8.2336,139.0197,25.2119,29.2029,30.7833,56.2928,18.6086,66.6314,15.8941,67.0329,19.4642,-34.1393,49.2325
-22.9918,-2.0643,-10.8167,-32.9082,-29.3374,73.8192,-0.3807,162.6479,49.7079,62.8371,14.5937,36.7148,4.0022,65.1241,37.2112,86.3623,-3.0008,-41.1635,66.6919
-46.8225,-26.2850,-48.9620,-34.7633,-64.6221,65.7503,1.4711,132.4845,36.0418,42.7780,32.6309,33.8554,-18.8474,72.7578,35.7352,97.5936,-20.3652,-27.5150,50.4401
-57.6212,-43.9198,-57.6496,-20.5936,-56.9223,77.8049,18.6473,118.1016,17.2824,25.0922,45.3825,45.3702,-5.2078,102.2274,32.7077,112.7546,-39.6983,-5.1356,18.6470
-56.8253,-48.1375,-34.2138,-2.8551,-28.7356,107.0278,21.7022,116.1512,22.2736,26.5902,53.1350,51.6586,26.5212,99.7807,25.6661,81.1750,-69.0954,9.7770,12.6685
-62.7662,-40.2487,-22.8871,17.1385,-23.5153,133.2793,6.9355,74.0147,37.3620,-5.3935,46.1092,56.7258,34.4598,71.2455,16.4033,21.0648,-98.1948,28.3754,15.8400
-77.8168,-27.3877,-33.5663,42.0255,-17.6792,142.8350,23.7742,11.0279,46.7091,-42.7995,-1.3833,79.0296,32.1728,66.8146,17.3308,-0.4640,-110.1190,56.7147,12.7711
-91.0342,-6.2890,-35.7536,62.5806,8.6512,125.6456,54.7698,-24.5121,38.9652,-42.0035,-38.2122,100.2819,42.5201,64.7096,11.1355,-4.0847,-101.8563,78.1941,13.5760
-94.9623,12.4164,-25.3009,63.5116,25.1093,103.3396,55.4138,-29.5664,16.8715,-36.5115,-15.1521,84.9761,54.3275,31.2548,-3.2739,-25.3666,-89.2580,76.2211,17.0314
-85.5602,7.6019,-20.0403,53.6021,28.8270,111.4375,58.4829,-18.5126,4.5654,-40.1908,1.6598,58.9320,56.6001,12.8532,2.4426,-31.0887,-80.4820,63.9998,26.9373
-61.9243,5.7556,-6.7907,67.6393,54.1537,134.4489,74.1694,-9.2036,-7.3151,-42.3357,-27.7416,78.5001,56.0593,38.1441,-2.3358,-34.7782,-52.9057,76.5583,42.9708
-31.8659,47.1004,31.6959,106.3191,96.3479,138.7695,50.0084,-23.1977,-44.4159,-68.7070,-36.7360,127.4361,63.3981,52.3655,-59.9559,-94.8493,6.8846,109.3456,39.0885
-7.1914,94.3832,66.8845,117.2231,113.0239,131.6735,6.4562,-42.8412,-67.2766,-94.6787,-15.6043,144.6334,74.8734,27.8617,-106.2962,-160.0856,58.1694,107.7055,26.1819
2.0872,89.5927,61.7241,78.4835,83.0310,115.9370,-0.3402,-30.7308,-43.4422,-63.8194,-8.9973,126.7357,64.7166,8.3543,-82.1350,-141.3472,62.1630,59.8943,43.5182
-4.3982,60.7165,29.7125,38.2018,30.2432,77.4903,-3.0328,-2.6740,-30.0191,-34.5396,15.2805,111.4328,31.9138,16.5606,-54.0681,-83.7951,47.1565,23.8140,57.8764
-4.0496,60.5834,18.9052,34.1091,7.2198,46.9964,-24.9783,3.9493,-53.4365,-72.6363,58.3563,105.0388,23.3181,28.1918,-68.3139,-73.3615,51.0353,26.2910,25.0271
22.1464,70.3048,45.0566,46.8396,35.0139,61.6884,-17.7485,2.5692,-57.5107,-99.3471,38.3842,93.9390,49.5009,30.5853,-70.1374,-90.9971,59.9969,35.0265,-1.9625
46.2907,51.4203,66.6441,50.4219,67.3226,92.7279,12.9104,14.8121,-41.7574,-62.3815,-11.3520,77.1715,63.0924,33.6837,-48.5423,-88.4640,55.5097,35.5093,10.9962
38.0913,17.5094,51.0036,44.3269,68.9025,99.4007,23.5647,16.4068,-57.1288,-43.4122,13.1694,54.9757,62.7245,38.1887,-47.8641,-75.9526,49.3714,37.3877,1.0087
30.6773,-0.7315,34.5109,38.2465,75.1618,85.8593,39.4556,-7.9668,-79.6655,-71.8500,53.1677,28.7229,84.7073,33.2617,-49.1134,-72.7414,44.1582,35.1036,-38.0855
54.6288,2.2466,54.4555,42.3539,101.3630,65.8073,73.6421,-30.6157,-71.5839,-92.1081,16.6561,18.6194,101.9093,23.7455,-21.8391,-67.7544,26.1182,31.6943,-38.0212
65.9203,21.0919,72.9134,57.3362,98.7941,52.6851,76.0740,-38.4485,-70.0040,-111.3287,-20.7257,45.6559,79.2135,32.7162,-6.0622,-50.7138,7.4710,44.5374,-15.9451
36.4755,46.0391,58.3925,72.5157,71.3844,68.5735,49.3152,-42.4264,-92.1299,-142.7500,-0.2080,91.4878,57.6736,59.7190,-26.8698,-36.6054,14.7333,66.2218,-24.6469
19.8692,56.5767,54.4587,87.6292,85.8038,99.9879,37.3459,-34.7708,-99.2407,-133.3753,-0.3745,109.2384,59.6960,73.1557,-50.7490,-45.7199,40.9781,83.2696,-27.5085
49.6740,45.3339,80.7193,108.2737,126.5568,106.4293,14.0944,-19.3149,-87.7159,-103.4401,-45.1648,89.8490,34.2201,68.7864,-63.8545,-71.2119,62.9152,103.2884,-3.4283
87.3542,34.0547,91.9757,120.3339,117.0234,99.0365,-44.3745,-30.2742,-75.1359,-133.3350,-76.8501,77.7503,-23.1595,75.0691,-75.2264,-90.7655,79.6871,118.0737,-4.1022
98.9990,40.0480,79.5830,109.1891,73.8074,118.4256,-71.4448,-56.7054,-49.0962,-174.7270,-98.9282,94.8030,-43.9101,87.3727,-68.0028,-95.3234,90.4513,104.0465,-18.8615
79.9322,48.7550,71.9657,82.2963,62.7091,141.7349,-26.5524,-49.1448,-19.4358,-132.1362,-117.3870,102.5802,-14.1957,74.5120,-29.3538,-69.2419,74.5715,67.2743,6.2472
36.0576,42.6551,57.1253,45.5228,63.2723,117.0807,27.1980,-20.1666,-18.4326,-50.4205,-83.9706,72.9503,9.7644,40.0145,15.7693,-2.6725,37.6396,25.4554,38.1388
4.0010,28.3699,26.8097,0.9569,33.0772,63.3126,38.2869,-5.2466,-24.7221,1.9389,-24.5704,32.5178,9.6567,10.1047,36.0632,48.7762,22.8128,-17.9192,35.3258
10.0965,12.6106,12.2851,-34.3345,2.1366,31.3685,39.9724,28.3669,3.9501,65.1391,-19.1486,8.7875,17.9390,-3.0685,34.9453,41.3959,30.3760,-50.9493,36.8168
12.8021,-12.6283,5.7103,-58.9706,-10.6248,7.4295,64.6628,94.1294,54.7065,155.4793,-39.7756,-5.9326,40.9815,2.3734,46.5719,47.1851,7.9800,-71.5217,53.3069
-14.0649,-44.4826,-26.6403,-95.1839,-40.1901,-43.6878,80.7729,123.5235,94.1416,206.8326,-14.4518,-25.7819,51.8877,12.0310,78.8361,110.1655,-41.6503,-104.9902,37.7621
-19.4700,-66.0989,-55.7836,-126.5191,-78.1069,-91.8211,60.8212,93.6467,111.4368,194.2626,20.8554,-50.9140,44.7922,6.4500,89.8479,133.8625,-57.4310,-136.2273,-7.2449
13.2744,-73.8263,-46.4669,-106.7850,-73.5855,-91.6868,37.5685,57.8511,104.2951,142.2061,-1.0545,-70.9364,34.4465,3.1025,66.9628,82.8247,-42.6571,-109.3419,-42.9562
23.2687,-78.0294,-30.9214,-52.0596,-36.3172,-55.5599,41.6634,28.5947,91.4624,71.7513,-57.1751,-77.0408,21.9134,20.8021,64.4382,65.2373,-61.9001,-42.4361,-62.3923
-9.0390,-85.9204,-39.8069,-28.1244,-21.5938,-14.2831,51.1232,-5.1595,104.6262,31.2529,-84.4930,-79.9252,8.4819,25.7614,99.3768,100.7617,-113.4609,-15.9894,-62.7961
-39.2054,-103.2078,-65.7921,-47.9691,-42.8497,15.9816,44.7316,-13.1928,128.4028,44.2272,-60.1588,-95.7260,5.2743,0.6828,113.6243,95.6811,-132.3739,-37.3602,-43.0792
-51.4533,-132.2208,-105.2812,-68.9963,-74.0293,17.4217,35.8342,4.5869,123.4932,50.7917,-11.3102,-111.5590,-2.3431,-7.3175,90.9901,64.1579,-111.2105,-48.5572,-27.8915
-60.2090,-156.2061,-138.6930,-69.2653,-94.2895,4.4736,30.8592,11.6281,105.4910,31.8388,7.5348,-101.3146,-37.2284,23.5997,83.7246,88.8004,-100.1063,-37.2984,-19.5538
-63.6898,-149.6946,-133.2489,-63.1204,-98.3939,24.1438,22.8499,22.6936,108.7077,44.9611,-23.7112,-65.8555,-74.1782,60.7026,106.1785,152.1832,-101.5720,-34.7388,1.3137
-58.7818,-110.2093,-114.1353,-68.2843,-99.9710,58.3543,14.1278,50.0972,113.7262,68.9346,-58.7858,-25.3937,-83.1114,91.7174,120.7115,205.9683,-64.1338,-53.4351,9.1248
-45.2269,-64.3436,-119.8193,-85.6054,-114.0314,38.2976,-2.0817,41.3494,93.9518,39.0903,-58.5436,-1.0233,-85.1333,112.9859,108.2885,237.0967,16.7198,-82.0472,-27.9577
-16.1195,-40.7581,-112.6787,-95.5567,-123.1785,-20.8461,-30.1199,-12.3313,63.4665,2.9590,-36.6411,-16.6988,-85.6594,88.1342,77.9927,206.2336,65.2286,-96.3364,-82.1861
9.9726,-39.1772,-65.1840,-80.5951,-104.1413,-49.9919,-43.7304,-50.2224,32.3557,9.2511,-6.4353,-70.6022,-56.5818,14.5223,44.5805,109.6735,35.3415,-76.3295,-114.1978
2.3259,-32.2739,-34.1682,-50.2232,-75.6252,-55.0580,-41.0134,-60.9351,-1.8802,-1.9049,23.7349,-114.4775,-33.3955,-49.9417,19.8717,33.1371,-7.5656,-35.7528,-111.5830
-19.3146,-7.9405,-40.6257,-22.1322,-66.0752,-66.4896,-63.5116,-69.8453,-27.3760,-37.4629,23.8047,-115.5825,-74.2987,-74.9061,-1.7462,11.5602,7.0406,-0.5785,-74.0079
-16.6170,7.8722,-26.1064,1.3765,-60.8429,-53.1203,-103.1880,-61.6180,-47.8449,-24.8218,4.4365,-109.3733,-128.2655,-86.2465,-26.4462,-8.6455,36.1590,27.8709,-32.4190
-6.9477,-6.4082,15.7540,17.9977,-30.9674,-3.8440,-98.6664,-31.8541,-73.9379,17.0614,16.4696,-136.8725,-112.3689,-103.9948,-30.2906,-31.4916,9.5965,48.7978,-23.9149
-19.4971,-27.8075,28.3752,22.1629,13.6992,25.7553,-49.4628,-13.0495,-69.3151,27.7784,30.2167,-167.5981,-58.2560,-114.5615,-1.5804,-21.6999,-40.9261,50.1021,-25.3095
-26.1703,-26.4505,13.2495,25.4534,40.3227,16.5433,-14.1345,-12.8053,-16.7473,28.1834,-24.6110,-143.5472,-37.5854,-92.5407,19.8682,-5.4977,-45.0895,45.0883,-7.3480
1.4484,-12.7628,15.0667,41.2855,38.3977,19.6446,-6.2101,-24.3543,9.9712,22.6883,-95.3344,-67.8763,-39.3073,-35.1894,4.4179,-18.8397,-12.3297,58.1455,-3.5320
28.6178,-7.8024,27.4551,58.4664,25.1367,62.5396,5.0644,-50.7903,-31.7123,-29.6495,-79.8841,10.6898,-17.5658,22.8735,-24.1658,-47.0697,5.5034,76.7622,-28.9868
22.9196,-5.2043,25.5971,61.0030,22.0190,107.7648,29.9767,-65.8122,-74.1040,-90.6282,-6.0781,70.7552,30.0455,53.9800,-38.8505,-67.5195,0.9669,73.9651,-36.9299
14.0541,0.8086,22.8991,51.3017,29.9968,114.6846,57.9704,-44.4057,-77.9791,-95.8484,38.6709,113.4468,71.5360,70.6962,-39.9786,-69.5810,-2.3568,53.9328,-13.5430
26.9139,-5.7594,24.3354,36.3587,24.6375,96.9688,79.8167,-17.0649,-74.4291,-71.5355,39.9723,121.9316,81.0797,81.5252,-30.9478,-56.6151,-1.4285,36.6446,3.7139
28.1408,-26.2241,5.6117,18.3653,-7.2905,94.6140,91.7057,-7.6236,-51.1238,-53.3006,15.0595,90.2278,71.6267,72.2467,-11.8478,-50.9863,-14.2501,27.5463,2.9097
-7.0098,-35.6280,-27.4124,4.8582,-35.1205,106.2828,95.7593,4.5179,4.4688,-25.4361,-17.2974,52.0772,72.6496,48.0228,7.8669,-50.6772,-41.6894,22.7580,1.4004
-47.1335,-24.7664,-38.4362,5.3004,-25.9508,103.9882,94.9353,21.2084,28.7872,10.7365,-23.4291,34.7425,75.8938,26.6067,16.2821,-33.3771,-58.8158,23.5224,11.7536
-63.5230,-10.5002,-28.4102,17.9322,-0.3614,99.0355,97.5227,24.9853,6.7209,36.3764,-20.5336,36.6416,64.4611,12.5851,12.6870,-20.2695,-54.2872,34.9443,38.2192
-65.3423,-4.4014,-27.7566,32.9059,9.7832,116.2565,114.0712,23.2460,0.1918,45.3502,-49.8409,57.4319,59.7176,19.8498,5.6964,-31.5636,-41.8784,53.3296,61.8535
-58.9080,-2.6048,-27.4675,44.6091,22.6909,135.4849,126.6574,22.6716,-9.5286,30.4913,-63.2401,83.3416,68.5469,51.9475,-0.9945,-25.6587,-23.9294,65.3615,52.3846
-37.3372,7.4686,4.6050,54.0138,61.7049,128.6117,105.3329,17.5937,-71.7235,10.8372,-20.9848,78.0304,62.1739,65.6987,-12.3460,10.3940,10.2752,66.3307,20.5152
-6.3340,35.2340,52.7160,58.7387,101.9762,103.7180,72.2107,15.3708,-111.9318,21.0496,-14.2605,44.5224,45.8482,40.2637,-18.8737,28.8692,49.9973,58.9014,2.9383
22.0056,63.9553,71.4216,48.1322,109.3934,77.5928,70.4443,13.0040,-67.8439,39.0924,-90.8025,25.8106,43.8876,21.7673,1.6234,35.1098,75.1229,36.1555,-0.5194
39.9367,65.4973,58.2461,19.4414,80.7056,56.8063,75.2028,-1.8382,-18.9459,36.0784,-140.5931,24.2223,36.3542,31.4564,36.9113,69.7129,82.2728,-1.5056,-14.3688
40.0987,42.8823,47.3413,-10.9180,38.3833,37.7666,43.1122,0.7180,-14.4729,50.6836,-95.9260,11.1531,13.3201,33.5475,48.7787,102.7466,64.7158,-32.5235,-30.8179
27.3234,11.8941,45.0963,-31.1230,16.2416,6.5615,7.7786,51.7897,-4.1949,95.5956,-15.0830,-8.3992,9.8355,20.3322,39.1845,97.7801,19.7683,-49.6016,-15.9406
16.9008,-30.4218,27.0752,-50.5751,16.1419,-25.7637,12.5233,109.3782,9.9903,114.3242,59.9079,-23.0299,23.9385,15.9134,38.5130,87.5566,-17.6360,-67.9424,26.8762
10.5912,-62.6003,-5.5222,-68.4453,-2.3380,-37.5081,24.1825,117.7577,-10.4225,91.6357,111.9649,-37.3884,16.9744,19.6261,39.8579,94.1878,-16.2578,-79.2028,38.6560
6.7757,-39.7810,-17.4396,-58.8454,-30.1690,-71.0433,7.2996,88.4166,-34.4657,56.3769,106.0663,-30.9761,0.1510,27.0133,17.0174,94.7495,3.0677,-58.3723,-8.2959
16.8088,12.2467,3.6505,-22.2082,-5.3398,-159.6884,-7.6150,62.3441,-35.7058,11.9153,73.9653,4.0546,8.1095,41.0703,-15.0269,82.9185,8.4702,-22.4958,-51.0101
38.5006,17.9216,24.0898,-4.8187,41.7575,-200.9639,4.9219,52.1008,-35.0832,-27.4065,74.3768,15.3132,26.3355,41.4009,-17.3501,65.1095,0.4593,-15.3086,-37.7876
50.9245,-16.5121,19.1064,-23.0921,22.0276,-99.3720,17.9261,43.1323,-22.1136,-40.6845,62.7011,-16.1713,24.7290,22.5276,15.5101,41.4407,-6.5436,-34.9015,-13.0357
48.0942,-25.0065,12.7885,-27.2245,-18.9035,47.0121,16.1949,20.7186,4.6206,-54.5135,-3.1888,-32.5688,12.1449,18.9896,48.5241,30.1281,-6.4868,-34.3204,-20.9697
39.6995,-4.7297,33.8422,11.4638,22.2892,104.2500,18.4993,-4.2176,-9.6668,-79.6212,-42.9739,-20.3251,15.8792,30.1375,47.6843,33.7902,-3.2074,3.6477,-36.9520
33.3096,8.2791,67.0621,46.2741,93.0530,98.0749,19.8476,-11.8788,-57.4381,-81.2699,-10.3561,-28.7888,37.4892,13.4494,21.5721,16.9862,-2.5723,35.6887,-43.1527
33.3326,18.3631,75.8067,36.8270,86.6378,96.0890,-1.2708,-14.9066,-60.1729,-66.5602,16.2186,-47.0230,45.9380,-22.3366,4.9640,-20.5608,6.0312,23.1788,-46.0222
33.6267,34.4972,52.5011,13.7727,37.7103,89.4129,-23.6496,-29.6306,-21.9180,-60.7044,-10.1660,-25.1636,23.2757,-29.5996,1.7707,-39.0164,35.5716,-4.0077,-29.3522
27.5030,42.5508,32.5175,18.6093,29.8316,76.2640,-14.7559,-36.8381,-11.2991,-37.7281,-52.3410,11.4744,-0.6309,-14.7483,-9.7828,-42.1375,66.0767,4.2409,3.9018
28.7457,49.5166,47.7127,40.4977,54.2821,74.6434,-2.6235,-37.6874,-27.1550,0.8077,-84.5729,9.5134,-2.1720,-23.8862,-27.8236,-62.3751,75.8404,33.5078,12.0931
37.9083,66.6963,71.8582,43.9053,63.1280,55.0911,-34.1404,-71.7292,-26.1827,8.8319,-91.0352,-23.3755,-7.8208,-69.6176,-37.1761,-91.4658,76.6985,32.5943,-10.2322
29.6904,69.1832,61.1803,19.4330,40.7423,4.7970,-89.3278,-126.0041,-6.3374,3.3251,-55.2228,-58.0655,-31.8125,-121.3282,-39.0990,-103.4469,73.1657,-0.9561,-32.0773
21.4256,45.3138,41.4176,-8.3711,8.5402,-20.9203,-114.4971,-136.8645,9.7644,25.8361,-20.7505,-81.6391,-46.9684,-137.1026,-34.1288,-94.6782,58.7392,-28.2317,-44.4330
55.3046,28.0916,64.7118,-14.3988,5.9032,-1.8585,-104.7351,-103.5547,4.1122,50.7969,-35.3003,-82.1843,-45.9909,-110.3485,-20.5881,-73.4669,56.2254,-33.8500,-47.4703
95.1350,32.3970,98.0249,-7.9041,25.6156,6.6833,-96.6082,-89.5571,-17.9806,46.0132,-52.0008,-72.9600,-44.9573,-90.8122,-16.7250,-63.9955,74.5855,-32.7963,-45.7376
81.1338,31.5894,75.6813,-13.4833,15.0657,-18.8172,-108.0221,-119.2252,-16.0222,12.4352,-21.3835,-88.0307,-39.3359,-113.0230,-30.2241,-91.3594,74.5939,-36.5158,-63.9662
47.0263,14.5929,22.1062,-26.9544,-21.3276,-34.8152,-111.9654,-149.3291,19.2015,-41.5847,5.8350,-114.4443,-26.7298,-135.8507,-31.7804,-125.3665,47.4907,-41.2754,-88.1506
40.1839,0.4891,-3.5358,-30.7487,-33.5900,-17.9287,-73.4141,-127.4400,35.2722,-68.2876,-15.2406,-106.9377,-24.7156,-115.1430,-6.4310,-108.1404,34.5878,-40.0592,-59.3346
30.4716,-4.9814,-11.6213,-29.4803,-26.3341,4.9631,-14.2086,-58.4742,17.2660,-30.6733,-35.0530,-67.6416,-31.9287,-70.8310,17.7526,-48.5745,39.2515,-34.7222,12.2641
3.8261,-13.6698,-26.8807,-27.3694,-24.7311,20.7675,1.9248,-7.2845,6.2618,-2.3384,-8.6853,-33.0977,-32.2117,-34.1735,16.0469,-12.7234,34.8243,-28.4572,46.1497
1.9177,-22.0956,-22.9204,-12.1158,-11.6187,51.1560,-30.5607,2.1786,1.0980,-39.7241,29.3727,-19.8177,-26.9241,-9.8370,-3.6489,-25.5319,32.0332,-14.2908,28.6504
24.6323,-14.4876,16.7681,12.7585,22.1529,94.5187,-49.5173,33.2485,-18.4522,-55.2346,31.6649,-23.9217,-17.1379,0.3526,-19.0083,-45.7379,40.2212,8.8022,21.6951
31.7118,8.5108,57.8867,32.0815,59.0760,111.5143,-37.3960,101.8571,-19.3140,-3.7284,2.1293,-20.7356,2.8996,7.6196,-21.6546,-38.8721,38.9757,26.8351,41.3843
21.9882,32.5530,70.3203,48.9829,84.8831,92.7866,-40.6135,114.3157,3.3698,9.3414,-15.7641,18.1546,20.1106,31.3114,-29.1107,-26.0121,31.4429,36.6119,37.3188
14.5317,52.4719,61.7645,64.2058,74.2620,75.3016,-66.8528,37.2728,-15.3656,-60.3513,8.1190,66.1642,17.1037,48.8821,-53.6940,-38.0957,36.6763,48.8668,-9.0526
9.8920,70.2564,52.8655,67.5931,30.0620,74.9047,-71.0117,-28.3437,-80.0839,-120.1293,41.5023,71.3645,1.9521,29.5458,-72.8623,-61.3596,46.3908,63.7538,-42.9524
7.6206,85.1892,55.2597,73.3590,19.9849,75.9066,-39.0779,-22.8090,-121.2671,-126.6517,32.9614,50.5651,-0.8847,2.5545,-73.0802,-73.7683,52.2387,81.3870,-27.0848
6.7004,101.1719,66.4854,99.8500,62.4626,82.4384,-6.6341,-9.4168,-137.7625,-137.8550,9.6526,51.9002,21.0869,0.3025,-83.5819,-93.9984,64.0491,110.6049,-11.6959
3.0239,117.0207,76.0204,122.9489,88.4005,104.6015,-1.1020,-35.0436,-171.8808,-181.2452,28.7930,60.2093,47.9112,-1.9777,-108.0542,-127.1987,76.4107,134.6025,-37.2485
3.2917,109.0428,74.7762,112.2031,80.6501,118.7214,-6.4752,-58.8868,-182.5816,-202.0519,52.2331,39.7511,46.0381,-18.5637,-95.7463,-123.1780,69.6027,120.8222,-49.1326
4.5116,63.7639,56.2533,77.0278,73.6248,101.4025,3.2247,-42.8028,-121.4812,-146.1415,21.6436,4.1557,17.1700,-24.1493,-36.6778,-62.4516,37.4197,78.1271,-9.8929
-9.9053,15.1761,25.5156,39.2286,47.2410,66.1641,14.0973,-7.5249,-50.9187,-49.9967,-7.5672,-18.7841,-9.8303,-19.2191,10.2106,0.2658,-4.8636,41.3574,25.9888
-28.1093,2.6195,4.5898,10.1070,-0.1971,37.2527,-0.5974,13.4953,-34.9527,-2.4062,20.9053,-21.0872,-27.4808,-23.2021,16.9006,25.4291,-24.3711,16.2370,33.7451
-23.0749,9.9867,5.4046,-1.1944,-7.3540,26.4756,-18.9473,20.5436,-27.8328,-10.2338,40.3326,-11.4117,-36.6012,-29.3317,16.3723,21.6433,-14.5023,-3.7279,55.8870
-3.8146,-6.5496,9.5397,-0.6298,13.5098,32.8141,-9.2570,29.5863,12.0711,-2.9122,3.8513,-18.2219,-32.1329,-33.8762,26.6255,-4.7554,-17.5390,-8.8511,88.9666
2.2259,-46.4092,-5.2649,-8.4350,-4.2099,38.3988,5.4311,35.6964,41.3065,32.5288,-25.0464,-48.3872,-36.4374,-42.9342,34.2401,-28.7322,-40.9378,-4.3609,97.1314
-12.4696,-66.1519,-34.9958,-28.9610,-33.2668,27.0189,11.2114,32.8440,46.9349,61.6464,-27.1436,-64.9551,-58.6182,-43.9431,47.9792,2.6794,-40.1942,-17.9178,97.9078
-38.8497,-51.3928,-60.3401,-52.5356,-27.6058,4.7878,46.4681,40.2696,82.6964,92.9362,-62.0206,-67.8242,-50.0076,-44.0647,87.2876,68.8198,-30.5597,-51.6675,110.0638
-56.6774,-41.7324,-73.5810,-72.7696,-28.9751,-20.6357,98.0438,58.6746,143.3502,130.0041,-114.4631,-101.9247,-6.3764,-72.6602,125.2591,80.8412,-60.9622,-73.9414,108.2480
-50.8867,-61.4707,-80.6377,-81.0617,-58.8387,-49.8097,90.9595,56.3622,160.3109,136.3770,-111.5578,-149.1075,-0.8716,-105.3105,117.2330,36.1598,-91.3940,-68.6932,83.4564
-37.4270,-73.7229,-80.8284,-73.3283,-71.1432,-67.5284,31.4699,37.0767,131.2550,104.5483,-63.9439,-155.9677,-32.0408,-102.0001,77.5971,8.1583,-72.8280,-54.5639,52.8396
-35.6787,-44.4807,-64.8445,-58.5029,-53.6169,-55.0168,1.8495,31.0131,110.8953,53.5130,-35.6373,-141.8288,-21.4931,-96.4645,56.4387,-3.6420,-51.1445,-47.3057,27.7259
-36.0904,3.5394,-39.6053,-38.1713,-32.4700,-22.1141,11.3684,20.0670,101.5774,-5.7404,-43.6759,-129.3483,14.5783,-116.4951,51.6076,-42.2859,-47.0450,-35.4478,24.9297
-25.7747,38.0125,-19.8349,-8.1660,-16.5901,11.2903,4.6669,-14.4385,76.1181,-41.8435,-68.5189,-80.6666,4.4393,-114.3694,26.7872,-84.9537,-13.9099,-9.7390,48.9719
-4.1220,52.1272,4.8241,17.7903,-5.6352,39.1853,-20.3419,-26.7818,50.9902,-38.3836,-82.9157,-10.1571,-21.9446,-76.4297,-4.9393,-102.2563,21.0054,12.3474,71.9560
23.6782,38.9733,40.3498,26.4648,12.1514,55.4909,-30.2693,3.9276,45.9065,-32.3491,-55.6760,16.9836,-6.2985,-51.2150,-12.8931,-116.3582,-0.0610,14.6363,83.2855
35.2922,0.5857,55.2032,25.0403,45.4433,57.4423,-28.6724,25.8484,40.1545,-21.5714,9.8473,20.3653,23.0990,-41.0585,-20.5636,-133.7328,-28.3014,6.3991,96.1194
17.7048,-30.8382,34.8947,17.0592,53.4773,56.6253,-25.2245,16.5807,21.7098,35.3035,60.9180,47.5938,30.9848,-22.6338,-48.5774,-137.3847,-13.9310,0.0972,100.0049
4.0483,-36.4678,11.1775,-0.3322,13.0085,51.4079,-6.7925,5.2942,17.6774,91.1604,50.3941,61.9198,29.3685,-15.5145,-55.5596,-129.2950,-2.8845,-6.9514,86.8579
18.7617,-34.8005,3.7441,-13.7856,-13.0626,28.3426,17.0594,0.6891,43.8473,81.5821,-6.7553,42.0679,22.4907,-14.8763,-20.9048,-100.3661,-13.8470,-17.2883,73.1594
32.7855,-34.4640,6.4879,-8.6086,12.0548,9.5554,13.5319,3.2663,65.0121,56.9314,-41.2878,40.8428,14.4789,16.5579,-0.2060,-50.5636,-6.5943,-19.5779,53.0415
26.6128,-23.2003,19.9884,8.3966,37.8816,27.2746,-4.5458,21.8688,40.6634,59.5439,-16.3261,63.0854,28.8541,52.0100,-24.1601,-30.8735,12.1449,-3.9026,17.6447
17.0736,-5.1030,30.2830,16.7838,40.8122,47.2395,13.7207,32.0165,-8.1329,41.7466,17.6555,59.4573,55.3881,45.9700,-36.2384,-37.0197,14.9257,10.1930,-1.3663
9.8290,2.5547,14.0331,0.9534,42.7319,9.0844,55.5323,10.8451,-29.5341,8.1320,18.9394,33.5572,52.5179,27.3616,1.0323,13.6465,15.6459,-8.9509,3.8615
6.0995,-6.6473,-3.9755,-24.9201,33.7647,-64.2433,48.8536,-17.3988,-29.6506,11.7116,31.1159,14.9622,17.4903,26.3539,33.1686,94.0776,12.6624,-41.8277,-9.0173
18.2124,-25.4871,11.6087,-23.0466,13.8001,-94.9774,-2.7471,-39.3265,-50.7812,19.0316,75.3626,2.5167,-10.2412,19.7273,12.9026,84.9194,-12.7625,-33.7779,-42.7560
32.2335,-34.4943,36.0933,4.1446,19.0499,-71.6056,-20.5511,-58.2645,-77.3852,-8.9563,97.9550,-0.6390,-4.3969,4.4738,-18.1408,13.9871,-36.4809,2.5172,-52.0186
21.8227,-20.1669,34.7217,10.9281,34.5093,-50.1943,-4.3668,-42.9905,-67.8869,-23.7111,90.9588,7.4048,14.6813,-1.2025,-16.9825,-2.7191,-32.9245,5.6262,-27.7703
-3.8581,3.5749,14.8313,-1.6084,16.2849,-53.9272,-23.5550,4.0179,-41.7359,-16.9536,95.2354,5.6386,4.5065,-9.4463,-17.5734,7.4282,-14.6151,-9.1378,-0.2862
-22.9262,20.6903,-7.4751,9.9201,-10.0884,-50.9289,-58.2883,13.9624,-37.0873,-46.9993,91.2912,0.8979,-23.8503,-21.1818,-45.2499,-27.6003,5.3342,13.9779,8.1400
-32.0754,35.1889,-21.4462,29.6706,-13.2450,-25.3136,-35.4429,-16.3099,-44.0241,-95.4590,63.3981,23.2559,-10.0081,-10.5396,-55.5732,-54.1453,13.9929,41.0123,-5.6496
-37.6149,43.3992,-27.2495,7.7248,-30.2160,-8.7430,14.9688,-15.3685,-37.1141,-97.9460,67.3243,56.3872,36.3159,13.7249,-25.1229,-18.0649,-2.0290,10.8362,-19.2960
-52.0558,37.1042,-50.5093,-33.5990,-70.9671,-28.1319,19.8027,17.2254,-11.9930,-72.9318,96.1662,61.7819,36.3841,23.3173,4.9583,35.7724,-15.5805,-36.9668,-7.6753
-69.0566,34.3568,-81.5050,-33.5044,-76.2330,-59.1867,-4.4613,36.4951,15.4121,-66.0016,64.3512,39.9909,-11.3913,24.7849,7.1771,63.9308,5.2319,-30.5532,10.3269
-52.1556,42.8307,-60.2042,4.2239,-30.0820,-61.2365,-16.0973,58.9963,18.8883,-53.1004,-12.9065,11.0961,-36.6995,31.1884,-5.0079,63.5413,31.5966,15.8716,5.9004
-10.3527,34.3883,-2.3384,25.2266,8.4319,-41.2101,-25.0712,91.1513,4.8395,-3.6058,-38.9796,-9.4514,-30.1233,33.7673,-15.6294,46.2958,27.5558,38.3226,-4.0087
-3.8854,8.9863,5.5864,7.9650,5.0349,-39.9551,-32.2676,81.0168,6.9582,37.4069,-4.9562,-11.5628,-23.0508,26.3673,-13.5036,42.4016,9.8738,15.6096,-4.9764
-24.7014,3.3695,-23.0876,-15.8089,-12.4687,-60.9057,-16.6172,31.5270,2.6084,12.2065,41.9096,-7.4060,-4.5186,12.2849,-3.4163,49.9599,-0.2586,-14.1643,-21.6553
-13.0434,13.1210,-11.1288,-15.7686,-12.3780,-66.3223,4.5227,9.2979,-45.4003,-41.3295,88.5862,-8.8163,27.2253,2.0669,-9.7551,31.1002,-3.9307,-14.7143,-47.7041
12.8919,6.8000,16.8089,-7.7541,1.7422,-46.4404,0.9298,20.9454,-78.3213,-39.3333,110.1162,1.1043,30.2609,10.6995,-23.3583,13.9017,4.3194,-8.1491,-39.8557
6.4912,2.5607,5.1774,-15.4528,4.0337,-37.0849,-20.7363,9.9157,-54.2637,-6.5184,86.2226,20.9065,-4.8873,24.4944,-14.8424,45.6301,28.9762,-24.5672,-16.0063
-6.3956,25.0715,-13.3390,-22.2926,-12.8527,-58.6193,-45.7236,-42.6441,-55.3106,-34.4018,73.6516,17.3325,-38.7790,10.4783,-9.4699,70.7480,55.9008,-35.6053,-34.8296
-4.9642,34.0084,-10.8606,-16.6562,-20.2089,-86.1874,-63.2162,-90.0477,-97.4377,-84.2339,112.6199,-10.3281,-43.0237,-22.5427,-28.1899,43.5399,56.8963,-24.6540,-72.6177
-17.9412,-5.8005,-20.9195,-25.7356,-6.2826,-98.2560,-51.6019,-86.2199,-68.6105,-51.2793,141.1756,-34.3575,-19.5428,-40.6243,-21.9825,24.2914,11.2546,-33.4705,-62.1270
-36.5443,-49.0277,-45.9338,-49.6467,-6.5907,-109.0477,-14.7858,-55.6945,20.5003,13.1907,116.3654,-48.8641,11.6592,-46.4711,14.7838,25.8468,-51.1764,-59.9636,-27.7466
-29.5548,-44.8109,-50.4883,-50.2280,-27.1325,-125.5343,12.5594,-53.3225,41.4221,8.3968,84.9513,-47.8513,32.2519,-53.4786,15.5442,-7.1719,-68.9902,-53.1887,-29.0123
-13.4192,-16.0687,-30.7019,-31.6685,-16.5884,-122.5039,22.3868,-60.4437,14.1293,-6.1555,68.0844,-22.0373,45.7916,-47.8489,-8.8855,-37.5104,-41.4285,-33.4570,-35.6229
-3.1942,-4.8626,-7.5307,-31.2056,22.3563,-98.0118,30.4140,-28.5265,36.2882,38.4564,29.2224,-5.7479,52.4246,-28.8387,9.3458,-1.8928,-21.4743,-48.2807,-10.7850
7.3633,-8.8672,-4.3677,-47.0882,16.2760,-92.5244,33.1643,7.2995,67.5521,64.7164,-18.0861,-33.9899,31.9569,-24.0400,49.4171,51.5677,-22.3319,-67.5745,0.6438
-8.7080,-19.0056,-36.6673,-60.7970,-35.1808,-112.7722,29.7225,10.1929,58.5952,40.1074,-16.2382,-78.2982,-7.1812,-40.7813,67.7370,79.4383,-36.9420,-64.4069,-6.4142
-62.7926,-47.5946,-80.9771,-73.1903,-59.9123,-112.8836,39.8455,41.1696,71.8201,58.8457,17.8231,-100.8058,-27.4506,-53.2672,89.5108,111.8845,-82.3942,-65.1929,34.5568
-99.8899,-78.1119,-100.2570,-70.8098,-56.8579,-76.7173,61.7320,122.2556,118.2038,122.5864,4.2416,-100.7852,-28.0465,-41.3682,108.7754,126.3213,-129.4670,-54.1037,103.7162
-92.1537,-63.7118,-91.6327,-33.7598,-59.1394,-34.9025,72.4869,162.9637,126.7384,124.4761,-66.3602,-77.6601,-27.5084,-16.9079,81.9773,78.0434,-119.1867,0.7628,118.4539
-79.3439,-8.4533,-62.9679,15.3166,-36.0787,-10.3990,68.5044,130.4555,93.6582,69.5058,-113.3353,-34.1870,-18.5291,-6.6730,40.5705,25.0603,-80.5975,53.3126,96.8819
-76.0592,26.0019,-23.4265,37.1374,10.9028,-12.9602,51.5157,93.6827,61.6557,56.1271,-93.1636,-0.9670,-11.3516,-11.7237,28.4155,27.9037,-71.5162,58.1258,93.4288
-57.9532,14.3064,-1.1083,31.1143,19.2578,-29.7022,21.3650,74.4512,35.7244,91.6099,-58.6526,4.9125,-28.6279,-9.5746,16.8691,40.4482,-63.0788,45.2790,81.9032
-30.6253,-3.9726,3.8654,25.5408,11.9661,-17.4588,3.6951,46.4343,18.1317,115.5217,-61.1158,-0.2252,-38.1746,-2.9013,-5.9024,18.6187,-26.6494,42.8148,50.1102
-17.7645,0.7624,21.7714,32.2748,47.2287,-10.7071,12.3699,26.1481,12.6434,126.1842,-70.8281,-7.7178,-15.2272,-16.2239,-15.1644,-5.7347,-8.7272,42.8526,39.2572
-18.4297,8.5785,29.2255,29.3042,58.2867,-130.0372,8.8160,23.9838,4.4425,156.6185,-42.0867,-24.5151,-15.7864,-46.6336,-30.0600,-6.0565,-28.6126,40.7558,36.9864
-22.2451,-3.9585,-10.7947,-1.1570,-11.3494,-329.3530,-30.2555,7.7066,6.9608,188.8772,1.5645,-54.6115,-66.0743,-74.0362,-59.6026,1.3119,-46.0403,28.9243,5.9627
-24.8531,-22.7258,-46.3748,-30.7989,-68.5516,-364.7824,-69.8188,-22.1034,38.0464,177.6652,3.7006,-96.9185,-101.2482,-94.2647,-52.7929,4.9242,-47.5717,5.7903,-29.5610
-22.6785,-23.8310,-26.3196,-28.0471,-58.1514,-186.0151,-91.3899,-33.5743,63.0472,129.3116,-35.9430,-131.7660,-98.7074,-101.6973,-6.2878,11.5683,-44.5051,-4.5752,-42.4681
-18.4514,-21.2602,-2.4428,-14.9559,-48.2749,-33.0481,-114.2947,-34.1700,65.4261,94.3388,-63.7724,-132.9150,-107.9598,-88.8326,20.0363,20.3883,-35.7410,-0.3305,-40.6775
-19.8410,-41.6436,-19.7505,-21.2083,-57.4636,-25.6980,-126.8898,-52.3308,77.2790,83.8583,-50.8956,-112.4603,-124.0540,-73.0727,20.7666,21.7343,-35.2207,-9.7646,-28.0153
-27.1011,-64.5326,-42.7487,-36.9673,-55.1434,-43.3817,-101.7508,-84.0056,95.4045,61.9260,-22.7102,-97.7729,-100.5678,-69.2557,35.8105,22.1078,-57.7042,-33.6014,-22.7991
-34.7842,-59.2215,-50.2468,-52.2317,-67.2312,-30.6955,-51.8773,-95.0525,100.9780,32.8876,-14.0386,-82.5507,-52.2927,-60.9799,65.5676,40.0481,-85.9152,-54.3994,-39.9096
-41.1956,-51.8983,-61.5219,-64.5739,-90.7618,-32.0844,1.8833,-57.7460,110.4622,38.2983,-27.4947,-60.9573,-17.6171,-37.9929,85.4951,62.2122,-103.7330,-62.6362,-35.2165
-46.1756,-65.9949,-70.5940,-53.3661,-75.2677,-11.7393,52.9063,1.9640,102.1670,53.1343,-34.6826,-47.8222,5.6884,-13.9650,80.8815,52.3010,-105.2026,-40.7978,5.9684
-41.3525,-58.3913,-60.2938,-22.4174,-49.0479,49.0684,79.5452,15.3868,33.3245,7.1391,-11.6318,-26.9778,26.2596,6.3230,49.7708,18.1450,-72.5055,-0.7944,11.9976
-18.7122,-10.0971,-41.8261,-10.0887,-53.2941,65.6658,75.6900,-26.7886,-37.2876,-80.6210,21.3647,29.5297,42.9284,32.0897,18.9924,3.7193,-16.2013,4.1441,-28.0501
2.9810,19.0624,-28.9368,-16.0464,-39.1101,36.7130,77.9481,-48.1936,-31.7741,-112.6048,24.2877,93.3997,61.9339,67.1288,20.8986,25.4468,9.6697,-23.8676,-34.8695
-4.5894,6.3558,-20.4261,-7.2209,2.6148,54.5042,94.5141,-13.6527,-7.5282,-71.0377,9.9583,122.3084,75.8620,104.7404,35.5106,64.6387,-4.7799,-23.5879,-10.7755
-19.9467,9.1357,-9.4603,15.5054,11.8315,96.9212,83.1542,12.5970,-49.3370,-49.9491,23.6188,123.3541,70.8467,124.7507,13.4089,78.4339,3.1959,11.4497,-32.3486
8.0738,46.6281,16.0246,35.5629,12.5138,79.7785,39.5394,-16.6837,-118.3057,-99.8019,50.8592,115.5966,62.4302,110.0424,-44.8638,26.8961,65.1088,37.0862,-86.3201
68.3412,72.0204,52.6579,48.6727,51.9908,34.1831,9.2129,-55.2044,-135.9558,-149.1664,42.2145,104.9579,61.8526,78.4389,-83.7518,-51.7514,126.6431,37.2655,-91.0418
97.3206,66.7838,69.5268,43.3193,70.5457,21.0245,7.1117,-47.3982,-99.7447,-131.6571,6.7756,103.4517,47.7285,61.4460,-69.0230,-71.7741,129.2946,19.4177,-34.4875
77.7142,53.9079,49.8083,22.3778,29.5343,15.8525,8.0909,-18.1208,-55.9187,-89.2825,-11.8273,104.3139,19.0595,56.5744,-36.6295,-41.2712,91.6189,0.9591,12.5610
45.9290,45.6114,15.0117,9.2198,-9.8931,-5.8377,-6.8190,-30.0288,-33.9971,-83.4144,-3.3111,84.3835,4.4559,42.9218,-33.7559,-32.3900,70.4361,-2.4472,-6.7578
23.8818,44.7360,-10.1254,-2.9855,-27.5422,-23.0665,-34.4036,-82.1115,-23.6924,-96.7776,19.0805,63.5391,3.8200,23.1562,-41.8515,-35.6790,73.3951,-14.6645,-57.9556
8.6855,54.1999,-22.5404,-23.5181,-52.0451,-31.0788,-56.0848,-109.6003,-6.3586,-89.9042,31.8837,74.3479,-8.0154,14.9228,-31.0267,-13.6156,73.7756,-44.3514,-64.5992
1.3230,61.7369,-22.7187,-17.2749,-55.4519,-35.1849,-62.7811,-87.6081,-0.1452,-69.0154,13.4338,87.2934,-32.8552,18.7567,-30.6452,-2.7448,74.8096,-35.9432,-30.4987
5.5038,57.9303,-3.7139,22.0790,-18.2804,-23.4602,-64.5041,-64.5425,-28.4280,-57.3154,-9.8811,70.0688,-47.7221,17.5400,-56.2241,-27.9935,80.0377,17.7678,-17.6679
15.9202,58.5859,29.4673,48.9041,11.3828,3.8164,-54.0774,-72.6269,-67.1287,-62.3724,-4.5756,60.4841,-31.2513,6.4588,-69.2034,-57.5170,65.4536,49.7693,-27.6577
19.8308,75.4217,52.3574,56.6025,13.5296,29.2262,-16.6615,-81.4984,-84.2784,-65.8448,-7.4894,84.2274,7.9861,2.6298,-65.2130,-77.9291,43.2066,56.1290,-28.9386
7.6677,87.2605,47.6111,59.5349,10.1345,36.9505,8.1213,-64.2560,-79.7788,-28.6497,-39.0827,91.5218,21.6895,7.6090,-68.7237,-75.7169,51.0052,65.6049,-29.5148
-14.6951,61.7752,22.6299,31.3611,-3.9897,18.2384,-24.2775,-35.1050,-51.8003,48.8112,-32.0817,47.5564,-14.7340,-1.7385,-56.9007,-24.4416,58.8118,39.3879,-28.3740
-32.2884,-1.4936,-8.5160,-17.6900,-29.5302,-8.6362,-65.9253,-5.7586,-2.6004,109.8600,24.6980,-5.3297,-52.2972,-16.4263,-22.0975,29.8341,20.0350,-15.0788,-7.3127
-38.3964,-59.3232,-37.1680,-30.3519,-40.2547,-15.3828,-55.3451,27.8666,35.4442,131.7112,38.8034,-21.5691,-51.6644,0.8795,-9.4559,32.9372,-21.6712,-19.1298,10.4814
-35.3245,-73.3617,-53.9615,-24.6048,-43.3656,-19.8628,-26.5843,52.9847,49.5424,144.6352,-6.3007,-20.4893,-49.1649,32.7735,-6.7968,46.9745,-17.4461,-1.2512,3.4833
-29.8474,-62.8496,-60.5798,-53.4672,-63.6635,-51.1391,-25.7020,53.8242,60.4739,148.8002,-26.5729,-45.2193,-71.6035,27.6690,32.8734,115.8643,-6.6721,-37.5524,-5.8198
-28.2118,-71.8965,-68.6806,-80.9725,-80.6942,-79.4236,-31.9864,50.1988,61.4168,128.7774,1.3480,-88.6019,-86.5159,1.2114,64.8011,150.3302,-20.8664,-70.3590,-7.0022
-24.4337,-97.3554,-70.0002,-62.1835,-66.3729,-69.6984,-28.7274,69.8809,36.5952,106.4096,30.2282,-102.3403,-81.0557,6.8476,42.1332,115.3477,-30.4946,-38.9620,-3.6331
-9.3519,-99.3914,-50.6350,-29.0364,-33.1786,-40.8235,-26.8141,99.0715,17.8965,77.1255,26.8138,-73.4198,-77.9638,41.9033,24.0976,98.5453,-26.4700,-3.0533,14.7711
11.6886,-68.2491,-22.4374,0.6591,1.2626,-9.4615,-13.3327,104.6555,24.2587,6.7949,-19.3061,-35.8808,-65.6053,72.3715,38.5552,103.8315,-24.2575,15.8411,26.6283
29.5877,-30.9321,4.0408,41.1122,32.1854,24.5866,14.3864,77.6139,9.9460,-63.7971,-65.3629,-8.3032,-22.5387,82.8814,20.5828,50.9762,-13.9679,57.0364,-1.8057
37.0732,-10.5462,30.7478,61.1561,45.8482,28.4605,12.9742,26.5117,-39.3265,-67.6342,-34.4357,7.7276,12.9874,59.9740,-28.3754,-22.0252,-1.6662,79.7280,-40.5752
23.8562,-15.7079,39.9052,37.0572,35.0747,-14.7101,-30.9067,-29.0933,-56.5504,-32.4572,43.3378,-5.9961,-2.3954,12.3957,-31.6356,-16.5148,-24.3399,43.7962,-52.8688
4.2668,-41.9926,22.2475,11.4961,19.4539,-49.6289,-67.3017,-56.7984,-15.4352,-14.3186,62.6647,-38.1528,-35.0575,-6.6538,3.1666,34.3983,-66.6216,10.3264,-61.4869
10.9389,-60.5883,11.5752,9.8600,17.8084,-36.1038,-62.9085,-51.7281,8.5849,-10.9051,38.3226,-40.1011,-28.9638,17.3196,7.2066,39.3611,-65.0016,11.6893,-80.7561
30.0146,-42.4387,21.6172,7.3618,20.8384,-14.8922,-42.3304,-49.2844,-32.7728,-23.3269,55.6172,-25.1597,1.3771,20.2702,-17.1318,6.9929,-16.6893,7.8166,-90.3896
24.2795,-7.8577,18.5109,-3.2365,9.3660,-27.3824,-43.5274,-64.6960,-78.0757,-70.4838,98.6031,-51.6720,5.2484,-28.7315,-28.5345,-18.1435,17.5143,-4.7706,-89.3485
11.8552,-6.6245,-7.7549,-14.3532,-17.1576,-54.4976,-66.2913,-80.3387,-66.4225,-118.1517,120.0758,-90.7231,-14.0950,-72.8445,-30.0381,-49.3906,14.3540,-12.2752,-80.4616
14.8065,-42.6286,-38.8388,-34.2369,-46.2289,-62.0908,-69.3840,-89.4086,-25.9988,-108.0227,129.7651,-72.3214,-20.6042,-69.2803,-34.7258,-87.4141,5.9556,-32.0705,-47.2222
3.2424,-73.0489,-71.3246,-54.8677,-70.2050,-45.2396,-30.4288,-78.2938,-0.4790,-40.9435,113.9765,-28.0726,-20.3037,-43.3015,-27.5477,-83.3286,7.8737,-50.2509,4.0344
-16.9509,-75.2872,-87.5214,-53.8420,-81.6428,-25.3572,11.7057,-26.9547,5.6109,19.0669,60.4315,-20.4270,-31.7536,-18.7121,-8.8196,-36.7340,8.6212,-36.2021,35.4598
0.2078,-60.0604,-64.9644,-36.7208,-69.5454,-24.0943,15.3613,18.0259,-9.7099,9.6716,35.5374,-18.0071,-32.3808,11.9095,-7.8584,-8.0944,15.3886,-14.5309,21.6609
21.4247,-44.2889,-38.4773,-21.0913,-39.9299,-28.8611,0.9316,-4.1706,-33.7710,-42.3382,63.5549,18.2188,-12.8807,41.3554,-21.9344,-5.3419,25.2532,-11.2165,-11.8265
-11.0290,-47.9866,-45.0605,-5.2182,-16.8924,-4.5189,6.2493,-43.5680,-27.1516,-45.8052,70.0373,51.5065,-9.4874,49.7596,-14.0031,8.7024,-3.9851,-1.1650,-1.7274
-47.6364,-71.5795,-48.5218,16.0483,-4.1660,44.8140,22.6521,-30.9918,-2.7646,-4.8473,44.5905,59.3428,-23.7754,46.6307,7.3005,14.7181,-65.5146,27.4241,54.4302
-27.9410,-74.3784,-14.7390,35.8893,19.6990,70.6557,22.6550,-11.1005,-20.5920,-9.1804,53.7995,69.8327,-12.8592,51.4522,-2.7931,-13.2412,-79.8003,46.5317,71.3266
6.7950,-40.1352,25.8970,43.3528,54.7202,53.0079,7.8670,-23.3284,-64.9019,-42.6941,86.5285,79.6010,17.0739,52.6826,-30.8382,-30.3287,-35.4593,40.2863,30.1190
15.9135,-21.7427,43.9185,32.1812,71.8089,26.7007,-0.6718,-14.9945,-67.8279,-18.3137,89.7827,55.4749,24.0269,31.3709,-28.2204,-16.2264,-15.1485,19.6405,18.9480
16.5872,-46.8507,40.9892,8.1428,59.5520,17.3688,4.8744,19.0642,-41.1009,41.4845,85.5465,7.5108,14.0201,-5.5251,-7.2385,-19.1958,-36.4171,-2.1928,56.6586
4.7213,-60.9367,20.9690,-15.1836,38.5300,2.9806,10.2797,24.0077,-34.4436,76.0701,103.1825,-24.9057,10.5506,-41.8690,-6.0824,-36.1968,-36.2212,-21.3644,76.1684
-27.2734,-28.8085,-0.7184,-29.3169,24.1570,-36.8904,1.2927,21.8193,-35.1047,100.3573,110.3037,-34.0265,4.5642,-65.2365,-14.9160,-16.6430,-7.3985,-35.7942,66.7169
-39.8610,7.6078,-7.3701,-30.8864,10.8114,-78.1296,-17.1852,47.9091,-23.3621,103.2353,87.7109,-43.5878,-6.9594,-64.5106,-18.6550,14.2613,13.1165,-34.8053,44.0448
-19.2702,11.1926,-10.2475,-21.4008,-3.1444,-85.5634,-29.3609,51.2726,-20.5945,44.8292,62.3128,-69.0514,-9.5123,-52.7475,-25.4693,2.4669,23.0715,-15.2223,-3.2653
-4.0818,1.5264,-13.5296,-8.9003,-8.4123,-56.4692,-23.2500,12.6450,-33.2715,-24.8090,49.7104,-94.6124,-1.6597,-59.5881,-27.8230,-34.6469,20.9112,5.9097,-40.5653
-1.0984,10.5228,2.4447,4.6998,-3.3988,-12.6709,-4.7400,-14.4192,-48.7096,-53.3257,41.0462,-89.0909,15.5788,-74.2668,-23.7500,-65.6160,5.9867,19.4722,-38.4807
14.9016,34.6216,31.8255,20.7189,6.7721,24.0358,-0.6984,-27.7282,-66.1196,-73.2229,32.0840,-49.6531,36.0002,-58.9135,-33.2604,-84.3618,13.6321,29.2222,-47.7239
36.1811,41.0609,47.2584,29.5523,19.7829,43.3304,-22.7123,-49.2040,-73.4270,-85.6645,24.4348,-13.1530,31.4495,-24.7377,-46.2759,-78.7813,43.7558,29.4113,-69.8431
46.6841,24.2523,50.5719,31.7449,31.2498,51.5643,-42.7170,-47.5977,-56.0482,-69.4635,9.0160,-7.4694,4.7339,-13.7393,-42.3319,-71.4134,48.9339,27.0509,-46.8205
60.4774,26.0332,59.4996,44.1911,41.1025,58.7177,-41.2357,-28.6542,-31.8116,-79.7087,-27.2989,-11.1801,3.5022,-18.2954,-42.4722,-102.5141,44.6439,40.5768,-21.1242
79.7346,54.6701,71.0066,59.5066,60.9054,62.7216,-36.5386,-36.8802,-12.9012,-123.6873,-69.8245,8.5220,28.7807,-3.4162,-51.1032,-126.9374,69.3338,49.0911,-41.8789
72.0072,55.8109,70.1818,57.1128,84.3420,63.2392,-32.4831,-39.2422,12.3222,-109.9132,-80.0918,32.3494,35.1112,15.7861,-35.1639,-92.9461,67.7552,33.9122,-32.8244
25.6190,22.1236,50.7822,52.5950,80.0230,67.6864,-14.9416,-10.7945,27.9434,-55.0599,-50.4821,18.6259,28.6187,-2.6166,-14.3304,-74.9579,0.3847,37.4070,18.5669
-16.1031,9.1028,27.9126,64.1103,51.6705,73.9687,-4.7444,-24.8114,11.2229,-69.1067,-11.6564,-14.2382,41.3030,-47.0207,-32.3601,-132.1936,-53.4820,71.9361,12.0781
-15.7621,12.7205,25.7661,71.1945,47.1025,79.8771,-17.0529,-76.4697,-10.7145,-122.6022,18.3880,-17.7459,53.2576,-62.8032,-51.8611,-173.0253,-52.0276,80.4035,-23.6851
-5.0147,-9.5938,35.5608,66.7001,75.6858,92.9209,-16.2627,-47.5606,-9.6193,-118.0426,38.9516,-3.0311,42.3291,-35.6084,-29.0252,-129.5826,-58.0683,63.4000,16.0480
-26.3207,-25.1654,29.0272,72.1255,93.1620,104.5431,7.3363,47.7183,-8.5731,-84.2192,46.1064,2.2558,32.7644,-2.3080,-9.1838,-71.5454,-78.3326,74.2660,74.7001
-49.9546,7.2193,16.2357,77.7689,80.0601,100.1326,15.2315,73.8613,-29.2273,-79.2430,47.9028,31.1770,40.1545,21.8728,-27.8239,-49.2716,-50.9466,86.7806,59.9720
-33.0656,42.0231,22.7007,60.3011,60.5613,93.3281,10.6780,34.9208,-45.8964,-72.7528,48.0763,95.7856,50.1329,53.6521,-39.9891,-27.9231,3.4562,54.6408,26.2617
-6.6202,35.7767,33.7140,36.1093,48.4006,89.2002,25.7992,37.2598,-25.0145,-33.5650,24.8483,121.8242,54.2892,76.1588,-15.4479,3.8176,6.4421,18.8679,32.8693
-15.1029,15.2182,23.3737,20.2838,31.6425,59.8901,39.6202,74.7034,22.5168,18.6316,-9.7194,70.5654,49.6916,52.0388,13.7897,19.1182,-36.3045,11.6682,44.8862
-40.1056,9.8057,-0.1529,-1.1676,5.7840,11.8483,29.7473,81.0043,47.2318,58.9785,-6.2139,9.1654,37.9269,-0.9548,19.0958,14.6393,-52.9836,-1.1785,42.2626
-47.4312,22.1965,-11.6344,-19.4278,-9.1532,-10.8480,29.6877,69.1767,25.3668,73.7110,21.8553,-3.8378,37.8607,-32.2963,5.0058,-0.3569,-22.3435,-19.7505,45.1190
-35.4436,40.4416,-0.0884,-13.6043,4.8324,-10.6560,49.1057,74.1007,-2.6407,70.1260,22.9670,11.4740,53.6864,-32.8039,-10.8510,-20.2736,7.7424,-15.5484,55.3326
-17.4838,31.6591,15.4695,-8.8486,23.4326,-23.5782,50.4574,80.9514,4.8949,74.0143,18.1520,17.0692,58.0832,-23.1041,-8.0534,-20.6897,-2.5370,-15.2080,61.4254
-10.3671,-2.6934,3.7639,-34.2769,7.8835,-51.3432,34.3603,73.1426,31.0537,90.8479,33.8013,6.2920,38.2316,-12.8951,16.6517,19.8044,-24.5481,-46.3176,55.6617
-15.6604,-4.0013,-22.0140,-63.0937,-22.4324,-78.6448,32.4221,60.9599,48.4013,112.7435,15.6067,-2.7736,15.4502,-8.8173,37.6551,69.9902,-5.1968,-77.1474,42.1595
-5.5622,32.1006,-17.8485,-64.1220,-25.7526,-96.9805,36.7120,46.3281,57.7480,134.7451,-48.0174,-1.9989,9.4286,-20.5106,32.1279,66.1250,40.3724,-79.8213,32.6857
25.7412,38.8594,5.6430,-52.0205,-24.7407,-107.7986,25.0749,13.1243,53.8730,129.8283,-73.1833,-14.2582,15.2504,-44.5693,6.9815,1.0229,49.0373,-64.0304,9.2533
44.6737,14.9737,5.8674,-43.4981,-47.5927,-153.5895,12.3104,-32.5428,32.5889,88.1977,-46.2057,-41.2224,17.2682,-58.4716,-16.7552,-47.2688,15.8055,-39.6174,-47.1741
46.1099,20.5151,-5.7772,-31.1112,-53.1704,-255.1427,18.8198,-52.5497,21.9245,52.0215,-46.1982,-37.7927,14.5281,-41.6947,-28.4068,-28.8183,-3.3330,-16.3260,-92.1092
50.1675,50.8216,-3.3703,-23.9584,-27.4480,-311.4603,31.1829,-45.2143,39.6613,33.7065,-75.7487,-7.2865,19.5838,-20.9312,-21.8646,2.2134,10.7111,-19.8146,-83.2259
39.8029,60.2656,-8.4889,-48.6874,-33.8781,-231.6092,29.4357,-61.9929,62.7944,10.3505,-72.3741,-15.7544,25.9289,-48.7126,14.2154,4.9000,22.2839,-63.5972,-55.0034
4.4044,45.4335,-36.0970,-93.7166,-81.6988,-106.5072,22.0356,-100.2385,78.5439,10.8978,-53.0747,-61.0019,14.2358,-98.8027,67.6136,23.6173,17.2763,-117.9936,-43.5873
-14.1349,15.7955,-62.1905,-114.0888,-102.2138,-63.8668,27.2748,-91.1898,99.3019,51.0420,-66.8696,-80.1454,-4.3573,-91.8439,95.5034,64.1780,13.3797,-134.8947,-35.8870
-4.0937,-24.2803,-76.5014,-102.3484,-90.2849,-84.4282,37.9296,-39.7115,117.5110,66.3036,-81.0678,-76.4284,-11.9818,-48.4060,86.9444,68.2673,2.7956,-110.6513,-18.8640
-11.6822,-48.4337,-89.1339,-90.5253,-95.4409,-99.1592,36.8539,-13.2930,115.9510,43.4296,-54.3899,-80.0957,-22.9157,-45.4659,78.0657,46.7189,-30.5423,-87.1767,10.5082
-40.9138,-41.0954,-94.3439,-81.1972,-100.8797,-93.5618,30.3994,-2.6330,99.1619,38.8393,-20.7462,-66.8861,-34.8981,-56.0295,71.9126,44.5410,-51.1828,-74.1189,43.3920
-42.7303,-16.9638,-77.9379,-49.9641,-67.8905,-63.6338,23.1988,23.0241,66.5803,26.5515,-10.7067,-31.8142,-21.1222,-30.3805,32.6121,21.8961,-16.0063,-41.5241,45.0455
-12.0031,14.3298,-39.2122,-6.8232,-21.7139,-21.1691,2.1421,25.0219,15.3591,-29.0157,-11.5649,-15.9986,-6.8817,-16.6483,-18.6869,-36.6016,41.4013,1.7835,23.0458
6.5885,41.0340,1.1032,17.2010,11.1724,-3.5610,-15.9110,12.9031,-10.8285,-35.4976,-42.1047,-19.9037,-34.5858,-33.8536,-18.4246,-36.9345,60.2843,19.3365,42.7023
-2.5489,43.2316,14.4007,18.5238,41.8026,-6.2077,0.0666,58.4057,29.8394,53.8526,-118.0771,-15.7709,-67.5985,-22.0196,26.5728,42.8578,48.6142,12.5710,104.1653
-14.1395,33.0262,5.1844,3.1338,52.9537,-5.4060,22.7323,121.2867,84.2134,122.0262,-153.7707,-8.2539,-55.9479,6.3555,55.6980,95.8729,39.6311,-8.7356,131.2476
-17.6198,31.3174,-0.2937,-27.2364,17.6194,-17.4304,11.0664,104.1960,76.5592,99.1956,-77.3254,-5.0356,-29.3656,-4.6460,56.8537,91.2392,20.4147,-46.5812,100.3441
-28.9376,25.4653,-7.0033,-44.7533,-23.8277,-34.8588,-7.3438,43.2528,36.3588,50.0606,8.4915,-4.7068,-26.9324,-17.8062,59.5020,102.6163,-15.4006,-64.5629,49.3464
-39.8890,19.4369,-19.4201,-21.7974,-18.5999,-19.2450,0.5013,19.9731,24.2466,12.0010,-20.3443,-11.5113,-35.3090,9.2946,64.3684,131.4770,-23.0060,-29.3610,4.3334
-14.6126,35.2174,-7.7038,12.7248,9.7679,4.4034,5.9817,19.3546,21.6945,-23.2852,-95.5987,-6.5776,-38.7976,37.7017,49.0872,115.2877,17.5666,11.7321,-16.7643
34.2590,32.9255,15.0619,10.4270,11.4166,-9.3238,-7.0273,16.6590,16.1957,-22.3798,-94.0688,19.3158,-36.6660,46.0565,22.0020,64.2699,49.7462,2.9935,-5.1938
45.2944,-30.2109,-9.8461,-27.0055,-17.2728,-38.7216,-10.6413,21.6893,49.5824,26.8533,-42.3467,20.9621,-31.6036,48.8310,18.3615,37.6009,24.4922,-35.2770,15.9193
17.1836,-93.6983,-63.3587,-64.6202,-57.5590,-57.6402,-3.7443,16.7085,100.3412,71.0590,-18.4289,-10.6844,-40.3955,38.6336,43.2023,51.1147,-23.0220,-65.3196,25.0339
8.6337,-92.5000,-73.4751,-85.1716,-94.8664,-70.6836,1.5428,6.6001,103.6672,88.3633,-20.9054,-16.2478,-54.1090,28.9429,64.9629,81.3382,-38.4131,-84.1993,22.2561
20.7214,-63.0271,-51.5151,-92.0812,-106.1469,-63.6092,28.5211,33.4609,91.9651,110.1778,-38.3661,5.3148,-27.8122,41.9524,72.7126,99.8022,-30.4659,-93.9185,12.8199
11.8511,-41.8047,-45.6636,-90.0492,-80.9580,-42.8789,74.8080,70.4262,114.7924,140.7418,-78.6790,0.8542,26.6088,41.7957,80.0368,96.3857,-23.6041,-93.8424,7.9165
-2.9649,-6.8290,-40.5891,-81.6038,-47.3434,-56.7665,86.2229,61.5439,116.6388,153.6090,-105.4547,-15.5220,44.5760,13.0833,74.3227,91.1510,2.9978,-90.4486,1.8789
3.8821,28.2901,-24.7623,-73.4103,-35.8781,-101.7244,54.7516,32.9101,70.6797,145.9373,-85.3668,-13.8882,29.5756,1.8557,42.3745,93.9419,48.6812,-85.1621,-31.6803
3.8321,26.2479,-31.3625,-70.4035,-45.9092,-126.8564,35.3756,17.7218,47.0075,129.4032,-53.7142,-21.6740,29.5041,3.3376,15.0496,79.7783,58.3859,-74.4485,-72.7214
-20.4248,19.3353,-56.4418,-60.1683,-62.3510,-121.9355,38.2667,-8.2592,52.1887,90.1705,-47.5540,-33.6307,30.2444,-15.9149,7.6861,43.2547,33.0179,-52.6138,-76.5131
-38.9069,44.2792,-63.9220,-31.1662,-70.9493,-96.2868,24.4323,-39.0749,31.9941,20.1448,-54.2836,-11.2878,7.9992,-18.3507,-5.4896,20.9607,33.7533,-17.0028,-68.6599
-42.1330,58.4995,-59.9716,-7.3828,-67.6292,-60.2606,0.0603,-38.4906,9.7436,-33.7219,-48.8366,13.1287,-5.6918,13.3542,-18.6915,30.2880,47.1092,9.2885,-85.9293
-43.2518,33.7744,-62.9085,-16.2996,-69.6966,-57.2248,-7.1792,-17.2092,12.5562,-32.1066,-14.4931,0.5029,-1.5297,25.0298,-10.5748,48.9980,25.3722,0.6855,-94.8968
-31.3456,19.2576,-57.5048,-39.3435,-86.9323,-90.8498,-19.9925,5.2225,-1.8755,-18.0163,39.9035,-7.6621,-11.0985,19.1819,-6.3010,64.0720,14.5281,-25.9419,-81.4435
-0.8102,34.9968,-39.0927,-52.5938,-95.9228,-94.6250,-46.7303,36.4176,-18.5868,-31.3745,66.0180,15.5721,-20.7784,42.4130,-13.4685,79.8659,52.7040,-50.2503,-76.8213
24.0127,30.9411,-31.1599,-68.1539,-83.1083,-67.2812,-26.9755,66.1815,19.2126,-27.9319,43.5056,34.9033,9.9089,69.7986,7.0756,87.7252,65.3209,-80.8300,-64.2940
29.0136,-1.6325,-39.4435,-83.5846,-70.3301,-74.4187,54.7217,75.5351,57.9537,13.4214,17.3499,45.2715,60.3095,71.6535,39.6564,77.8877,21.5636,-99.2649,-24.8057
22.5193,-6.1803,-44.3950,-69.2225,-65.4146,-91.0875,111.9722,67.3192,26.3779,31.8597,8.7527,75.8190,75.0482,80.8215,30.8805,66.1587,8.6837,-73.3937,-1.4705
15.6980,28.4198,-32.5040,-32.1209,-51.4331,-46.1613,96.6276,47.2459,-24.2183,8.0129,-11.8017,120.3034,49.1115,107.9936,1.8904,70.4529,54.1982,-31.6815,-6.4720
21.3787,53.3347,-6.8189,-2.4178,-31.9975,25.7886,57.9887,28.8712,-44.9523,-17.1193,-34.2838,154.7668,23.0417,131.0006,-11.7832,72.5974,87.5285,-8.0256,-9.8840
39.2506,54.9428,19.9247,23.0264,-22.8033,53.8625,28.2952,29.5365,-67.6005,-44.3110,-23.1908,172.6861,15.7317,148.9615,-35.0880,47.6198,85.7704,19.9658,-22.0037
44.0926,56.2059,29.3421,41.8950,-26.6872,48.6520,2.0635,29.3414,-80.1174,-75.1066,-8.6174,172.3932,7.0622,150.9375,-56.3107,21.5093,72.8827,46.3394,-37.0196
24.8098,48.4261,8.2513,26.5334,-48.3736,43.7599,-2.6887,8.1987,-35.7279,-62.3696,-37.1227,154.2600,-19.5724,123.6248,-24.4255,35.9206,47.1605,28.5429,-10.6892
5.3999,18.8770,-25.7374,1.6299,-73.9469,40.3700,10.1076,-5.0633,18.5907,-15.2622,-86.9910,124.6015,-57.2368,100.9549,21.4933,69.0899,22.1552,5.2881,29.7749
4.2539,1.7464,-28.6588,29.7063,-56.3474,47.2458,1.6280,3.6301,4.6977,-3.3710,-122.6156,99.2949,-93.9818,105.6767,7.7012,66.4137,30.5191,50.1714,35.3423
13.9857,22.7577,11.1486,93.9919,9.1325,76.7251,-14.0380,8.0964,-49.5366,-25.9382,-143.9931,105.8528,-107.9511,110.3980,-37.1339,25.7560,56.9947,123.4094,43.6352
23.4894,55.0516,51.7184,120.6521,60.3498,106.3776,-7.6332,7.1224,-69.1073,-35.9914,-138.6548,141.9626,-75.2599,104.1527,-58.0420,-17.0746,70.3468,136.8983,68.0888
26.4792,75.7921,64.6178,107.2246,68.6969,107.4799,-17.0900,11.8004,-62.5070,-42.9202,-90.5441,161.2127,-26.2837,97.2441,-74.7913,-47.3518,81.8322,107.7169,52.1886
22.6283,89.6728,69.8256,109.6179,69.4357,94.1931,-45.4801,11.8497,-94.5839,-69.0883,-33.3804,150.8791,-14.2231,87.4360,-105.1870,-66.3408,96.8984,111.0282,16.4623
23.1832,89.4321,81.7132,135.4299,80.9353,100.8498,-24.5971,13.8611,-167.1023,-101.7762,0.7800,149.3703,-13.1286,87.4807,-124.8274,-80.8956,91.5873,150.9696,17.6319
37.4119,71.0877,91.4601,150.2838,92.7079,122.4072,21.7910,21.5615,-212.2527,-132.9029,27.5341,156.6923,23.9360,104.5894,-133.7086,-106.5647,73.5751,175.9159,9.9751
58.5974,61.7329,102.2994,149.7463,105.5900,128.9800,6.8570,4.5684,-205.1040,-158.0730,39.9555,139.0239,51.7436,106.6681,-144.5742,-132.8211,77.9756,171.2235,-40.9144
73.0008,70.7147,112.7417,151.0249,114.8551,128.3819,-29.9274,-31.8255,-188.9416,-171.7909,10.4335,112.4345,31.9186,90.0499,-141.4638,-133.1575,97.8714,165.3775,-70.9446
71.0783,65.3204,101.4484,147.0287,105.5687,137.5985,-12.2807,-52.2055,-177.5561,-188.0734,-15.3877,102.3741,26.6811,82.3563,-120.1648,-127.3763,88.1734,162.6284,-65.9713
55.3434,32.9155,73.8238,120.6137,84.5370,124.3186,9.5616,-72.0171,-145.6935,-194.3564,17.1365,74.5730,58.5394,58.7463,-99.6816,-141.9736,39.9977,136.6257,-78.7721
44.9890,1.3388,62.8673,83.9101,70.1959,74.6589,-10.9864,-93.6270,-111.5855,-151.0619,56.3740,9.3723,59.0536,3.5369,-79.8148,-139.8176,-1.3301,95.1974,-95.4251
53.8182,-15.6419,73.1855,64.6117,66.7148,44.6944,-19.3953,-67.8510,-113.0557,-88.6677,55.7555,-33.2691,29.7644,-15.1420,-58.7222,-97.6981,-9.0277,76.2883,-82.3096
66.5400,-26.9917,81.0947,62.4456,66.7221,55.5692,-0.8092,-23.2960,-127.0260,-69.1474,64.7320,-3.9111,35.0222,26.9161,-54.5122,-68.2236,-8.9197,74.8724,-67.0374
60.7425,-28.7905,71.8559,51.9990,58.0832,56.6644,4.8374,-34.5590,-101.1325,-60.8269,74.1223,47.3563,51.1212,50.4854,-52.1043,-66.1323,-17.4639,54.4289,-56.0387
36.9434,-19.0176,44.1037,24.2999,38.9152,33.9181,14.3083,-57.2221,-33.8269,-11.5110,9.2164,39.5278,28.1011,23.1240,-10.3382,-29.5844,-19.6868,17.0757,-23.4008
8.3859,-24.9453,8.3847,-4.3381,23.4147,15.1210,37.0611,-24.4189,24.4346,40.8067,-57.2124,-20.0245,1.8875,-1.3201,45.0012,38.7622,-26.3118,-8.9387,2.2127
-16.4833,-60.0709,-15.3354,-19.2043,9.9229,-4.8332,23.8989,8.7753,34.0157,57.5903,-2.3945,-57.3771,2.9275,-3.3697,48.3901,59.6150,-62.5326,-15.2007,-12.4635
-32.8581,-79.5876,-18.5520,-15.7897,-8.5747,-26.1414,-13.2762,-2.2683,13.2516,54.8966,81.7781,-51.6071,2.6525,-12.6258,14.3300,24.0747,-99.7777,-4.2185,-27.9702
-38.7074,-40.8146,-2.2789,7.6528,2.4876,-15.4474,-10.2864,-12.2423,1.3852,27.2641,60.0497,-38.6803,4.0684,-35.2987,4.0780,-9.0778,-95.4849,18.8345,-6.8186
-34.5708,19.4719,31.8996,43.2349,60.2592,25.3390,14.5290,-8.6988,-8.8089,-25.0204,8.5247,-21.4956,28.1468,-48.5180,7.3897,-29.7063,-66.5607,41.8324,23.4980
-18.6165,40.7950,63.8363,71.1974,99.7305,58.8939,2.4488,-15.5888,-33.9031,-49.8699,7.9254,6.7346,37.8904,-37.2234,-15.9161,-56.5059,-41.0878,62.2798,24.8740
7.3614,36.8687,73.5055,76.3194,77.5301,68.0990,-37.5268,-23.3366,-43.6312,-35.5755,-17.4176,1.5694,3.9358,-23.7180,-38.6769,-67.5386,-10.5324,76.1536,-7.2257
27.2445,54.7935,75.2376,58.7710,44.6869,48.3836,-71.1540,-34.5939,-23.3143,-20.7599,-76.6064,-48.1140,-33.1348,-46.8843,-27.0680,-48.5681,23.5620,60.8259,-45.9466
21.9670,81.8079,77.4117,32.1268,38.4827,10.5947,-88.2440,-55.2168,-2.0412,8.8044,-81.5301,-68.9583,-37.8547,-87.3496,-13.1535,-31.0614,40.6749,19.7200,-50.5019
-5.7483,79.9985,55.5069,11.9501,29.8550,-10.1587,-79.7218,-48.6021,13.7300,69.8378,-52.1102,-32.0466,-26.5806,-84.5563,-22.2213,-25.7276,45.0518,-6.4919,-20.9949
-28.9998,58.1873,11.7448,-4.7650,1.9290,-13.8706,-53.6639,-20.1216,24.4684,98.1653,-40.7030,-4.7363,-21.7321,-47.2950,-24.3720,-1.7598,51.0063,-14.3736,-10.1996
-26.1357,35.7554,-15.7873,-35.7477,-31.5343,-32.2713,-32.5310,-15.9044,14.9072,70.2193,-12.9983,-24.7034,-23.7081,-33.2151,5.1281,47.9291,45.4307,-42.7720,-29.3440
-8.8844,3.9386,-23.6743,-75.4335,-57.8988,-51.4368,-3.9031,-2.7764,23.5050,63.4068,12.6564,-50.4737,-18.7714,-34.6499,54.5170,92.4118,11.9944,-88.1153,-20.5678
-7.6656,-31.9963,-40.4126,-92.9379,-66.0214,-46.6257,38.9765,49.9671,84.2405,92.4584,-13.5637,-44.2923,1.5276,-11.4337,91.6884,107.6757,-32.8144,-105.9656,22.8999
-28.8789,-46.5803,-65.9706,-82.3240,-68.8950,-41.8067,50.9018,64.0649,117.6656,82.3758,-18.0099,-16.0035,18.0610,16.0297,84.1021,92.1279,-58.1613,-88.8448,30.8107
-46.6744,-43.2770,-78.4073,-70.5998,-90.9087,-46.4559,20.1783,21.4314,79.9251,43.0459,35.2946,0.4498,7.2852,13.8940,48.6177,64.4346,-59.1464,-68.3392,0.0423
-42.0504,-47.1735,-70.2611,-69.8381,-102.6991,-37.2933,5.2614,29.9401,68.3129,57.8082,37.2434,-11.0490,-13.9713,3.8546,45.6217,59.6586,-60.8262,-62.7835,10.3844
-28.9293,-60.7883,-53.0611,-67.8364,-76.0959,-23.3000,26.3447,97.6556,104.3747,106.6695,-8.1478,-20.3631,-13.2720,14.6272,71.6835,78.7622,-76.7776,-63.7620,61.5860
-26.6589,-67.2698,-43.7835,-55.3185,-57.7955,-15.3705,36.8781,110.8015,87.6145,96.2911,17.3004,-0.4031,4.9367,31.2476,60.6637,67.7837,-87.6884,-50.9114,68.2579
-25.3551,-55.1911,-34.1427,-27.0563,-61.1551,8.3129,18.6051,59.2493,30.2690,28.9916,57.1519,14.7899,14.5043,30.5718,18.7265,15.3725,-81.6024,-13.4283,20.2360
-8.2899,-29.0239,2.9678,12.5340,-26.0672,37.1664,-7.5758,23.0247,12.2069,-18.8380,13.9590,-10.9027,6.9311,14.4038,7.9297,-9.4547,-72.8028,27.5980,-20.9299
9.0179,-12.4816,49.3283,33.6220,30.4686,42.6357,-35.5584,3.5575,-5.6765,-28.0317,-3.7403,-53.5870,-7.4531,-12.0074,19.2876,10.8316,-68.1217,37.7934,-40.5441
5.7317,-19.3480,55.1353,22.0689,29.9338,37.1497,-57.3929,-32.3711,-51.7064,-30.1935,64.3337,-76.7401,-16.7537,-45.0380,10.0442,6.8863,-62.7259,22.5856,-52.8923
-1.6742,-20.7875,31.3684,16.7849,-4.3137,5.0924,-58.0528,-61.1374,-60.1719,-41.5310,82.2341,-66.3771,-22.8222,-58.4883,-12.9283,-31.7152,-60.1326,26.4839,-53.4867
4.9536,8.8749,28.6252,42.5497,-4.8166,-93.5848,-53.1047,-67.1399,-47.7880,-63.3737,40.4236,-23.3241,-32.3212,-39.8080,-38.2736,-47.0674,-63.3146,59.4571,-50.3798
8.7370,36.0212,43.0284,57.8219,16.2875,-176.5762,-54.8320,-70.7196,-75.5664,-80.1272,71.4018,16.4532,-30.8288,-33.5330,-62.6953,-47.5620,-62.7812,69.9009,-38.3512
6.2169,23.4289,46.2635,33.8817,37.1215,-111.8650,-34.4537,-59.4506,-87.3549,-57.5478,118.0574,14.3654,-6.6875,-57.0664,-50.4407,-62.5747,-42.0343,29.4653,15.3204
23.3877,3.1038,51.3956,10.1675,61.1958,44.3460,11.9834,-9.0230,-52.4806,-2.1534,44.5443,-2.5341,9.1056,-45.5535,1.5414,-40.7415,7.4921,-8.6589,73.5510
50.8324,17.1413,70.8853,19.1434,64.0120,122.8330,34.9251,41.8507,-56.4971,30.7612,-62.1406,-1.7054,-8.7935,8.4408,28.1395,25.8911,58.2995,5.8566,60.0135
53.6062,34.1838,86.4525,37.8162,49.9292,106.3503,16.1306,37.3877,-99.7198,26.3806,-64.1089,-15.9756,-25.1358,9.7996,6.9054,32.8270,60.4372,39.8280,10.7225
42.4714,11.1622,88.6460,43.1030,61.3969,93.9690,-12.6317,-6.3608,-94.5118,15.1806,-5.7519,-51.7251,-8.9121,-47.1681,-18.3107,-47.5416,19.8251,46.1043,2.0476
41.8425,-15.8403,82.2050,43.7733,75.0672,100.7661,-38.3242,-37.0510,-58.1755,-5.4571,27.7635,-51.0061,9.7037,-61.7563,-33.8766,-109.2856,-3.5671,39.2732,2.9758
36.6595,2.3241,71.4052,48.2577,56.0303,86.2058,-57.6958,-47.7033,-49.2826,-43.9620,27.6522,-17.6795,4.4775,-36.0482,-43.4476,-101.2582,2.1221,43.0393,-19.2891
24.1584,30.3317,65.5204,49.7898,48.5735,69.2230,-54.1477,-59.5375,-42.0355,-65.7323,-3.5874,-21.3211,-11.2358,-47.2583,-24.6872,-73.6331,2.9150,42.9726,-16.2696
28.9079,15.6772,63.5364,43.3890,63.7577,74.9325,-49.4041,-70.2999,-18.2580,-56.7031,-40.8750,-60.9242,-34.5338,-73.9463,7.0107,-60.0762,-0.9092,31.9642,11.9306
36.3666,-13.4736,53.7757,35.4166,49.4808,75.9448,-73.8634,-65.4342,-7.4129,-40.7270,-36.8603,-77.1447,-64.5852,-73.1776,5.5111,-62.9419,-0.8847,28.2843,21.6580
17.9416,-13.9049,44.4510,31.7879,26.7814,65.4100,-79.5045,-39.0290,-3.0194,-9.5946,-13.4733,-59.6463,-67.2606,-76.1046,-9.2790,-78.2456,-15.8497,30.6285,47.4007
-5.7917,-10.4975,39.6330,20.7106,35.3680,71.6253,-21.8260,3.2052,20.6344,51.3168,-21.4589,-33.8800,-31.8208,-81.2804,10.6701,-72.6157,-40.6331,14.8208,110.1851
-15.7007,-31.0351,13.0032,-11.0672,20.9787,72.9854,25.2019,28.0971,62.8370,102.0359,-38.4122,-13.9315,-8.2242,-56.9185,43.3739,-33.5916,-50.5117,-22.3967,132.9563
-26.3943,-49.8066,-29.4858,-45.9837,-34.2226,30.0196,-11.5738,3.7859,110.9463,106.8774,-27.3168,-15.4485,-27.3128,-42.7721,48.9850,-6.3401,-53.7601,-57.5438,89.4005
-32.2409,-46.4163,-41.0347,-58.1474,-57.1034,-17.2830,-70.4053,-40.8481,126.9415,81.5448,-0.2778,-38.0340,-53.4967,-65.8269,41.5018,-5.9432,-56.7781,-73.6021,48.1186
-26.9198,-30.5911,-27.2796,-52.5094,-40.5402,-17.1708,-72.8263,-58.5524,84.9839,46.6342,27.9814,-46.9157,-49.2877,-76.9739,35.9643,-2.9319,-39.7684,-71.9390,32.2965
-38.2889,-6.3049,-31.6039,-41.9159,-30.5279,-0.7842,-44.3657,-60.7809,46.7409,18.7514,39.1337,-28.8342,-22.9964,-67.7779,21.2309,-6.7312,-12.6247,-58.5666,19.4814
-55.6768,16.6615,-40.7833,-26.5135,-12.2186,2.1543,-30.5105,-73.1603,67.1482,14.8042,2.2028,-13.6005,-5.0445,-70.9468,10.3283,-28.6667,1.0836,-43.7025,20.5051
-32.4242,17.1898,-23.2953,-19.3871,16.8472,21.3476,-26.7294,-77.3526,85.6166,17.8526,-49.7998,-18.3693,-12.5412,-67.5503,26.2178,-23.5116,16.6170,-44.9838,34.4356
4.7361,4.5751,-0.3977,-31.6411,15.2329,48.0711,-29.6736,-58.8882,45.3015,11.2679,-37.8676,-34.8385,-32.8156,-50.4801,45.3480,18.6715,39.2658,-60.9080,30.4257
1.1408,-1.1747,3.9938,-41.5426,1.5524,29.5475,-52.4741,-39.8345,-6.5025,14.5215,34.4737,-61.1907,-44.4515,-59.2518,32.3220,38.5854,41.4176,-64.9016,9.7471
-11.7846,-10.8074,2.5553,-37.2764,10.6105,-18.7648,-83.4343,-38.7392,-24.7504,19.7621,90.7941,-90.9774,-50.4345,-81.7233,6.7869,25.5479,27.9950,-54.9559,-7.9195
6.8385,-21.0493,6.6288,-37.2548,12.8883,-34.4468,-96.3528,-46.1790,-29.6955,0.3788,98.5542,-96.7731,-59.0348,-75.0118,2.9838,23.4700,32.5530,-55.6978,-19.4975
29.7000,-8.1961,19.7110,-34.5958,6.2072,-9.3874,-92.4265,-32.6832,-38.6342,-10.2004,78.9402,-65.7761,-58.3073,-46.9215,-0.2252,24.5431,57.9492,-55.6026,-16.6058
45.6195,1.1428,40.3280,-9.2248,28.0069,23.6566,-90.4441,16.1566,-44.5086,8.9308,54.0331,-26.4196,-50.0492,-9.8811,-28.7843,-0.0824,83.6906,-26.8936,5.0500
66.3158,-26.3471,40.8048,12.5743,48.5931,45.8039,-87.2558,62.3496,-39.5155,1.3317,34.8852,-13.9371,-57.9397,29.6538,-44.9961,-21.4617,93.0733,3.5499,33.0711
57.1650,-47.2299,5.7147,2.9456,24.2885,54.0385,-65.2467,67.9714,-17.0953,-36.8152,17.6651,-28.1194,-75.8776,29.1105,-16.3807,-12.9010,76.9645,0.2247,66.3394
12.2791,-27.1904,-31.7506,-15.1252,-18.6940,49.7965,-37.4442,55.9244,11.0477,-44.6661,-0.4689,-40.5793,-76.2908,-10.4908,12.8746,-6.8251,51.5284,-13.6189,91.5802
-0.9431,-8.9564,-44.7182,-21.7362,-51.3155,29.6239,-30.6488,46.8126,19.8466,-49.6344,-0.5518,-33.3071,-59.0544,-21.4129,3.7352,-27.3930,43.3034,-14.6279,71.8345
26.4865,-4.8224,-37.2866,-24.4183,-61.2764,1.8320,-19.5966,31.1095,11.3516,-89.2080,11.0049,-15.2605,-28.1749,-2.1119,-7.0393,-45.3744,43.6751,-18.2535,29.6409
27.9027,19.3208,-10.6722,-18.1726,-24.3327,6.7401,32.7026,42.0986,6.7014,-77.8007,-6.9579,-3.5450,21.7718,-4.5941,11.9772,-32.7347,30.1686,-21.5056,34.4943
-0.0027,32.4093,17.3269,-3.4695,28.5575,51.0201,82.6029,103.2075,11.4240,7.6731,-32.4234,-0.3215,63.7360,-4.9500,31.7838,-1.2354,4.4902,-10.3410,69.0881
-8.5056,-4.4849,13.1363,-2.7570,33.2591,72.4272,71.6929,136.9958,16.5557,31.2098,5.5886,11.8029,70.9890,36.9066,29.0337,24.3975,-22.5236,-6.3168,56.2056
2.1121,-35.2880,-5.2291,-11.8880,13.1324,55.3968,32.6283,87.2609,11.0773,-41.7063,78.2819,45.1283,68.0228,79.2810,17.1655,31.0723,-34.3358,-21.3833,5.1202
13.8435,-23.6963,0.6877,-11.0497,12.4696,56.2406,13.6479,16.0593,-1.9195,-81.9546,91.1137,73.5704,66.2488,78.7144,7.6423,15.4373,-17.8621,-31.5092,-20.0084
29.1106,-21.8492,8.7975,-12.3032,-3.7309,66.1054,-4.5256,-22.5758,-0.5924,-55.7319,54.8518,61.9003,39.3087,51.4970,-0.6171,-16.6049,0.7737,-30.2880,-19.1305
36.9467,-33.1675,0.7391,-17.0657,-33.2653,40.9858,-27.3805,-33.8108,14.5415,-39.9285,33.6192,31.6715,10.1190,27.7128,-8.8271,-43.1601,-2.8142,-24.4352,-24.3211
33.7933,-6.8119,13.8953,2.1115,-7.4108,27.6966,-15.0203,-10.7434,13.2952,-31.2525,0.9345,29.4850,23.4040,28.9575,-16.9573,-41.2760,6.8876,-2.6068,-29.9105
39.3820,28.8033,40.6136,27.8180,45.6478,54.2165,22.3171,22.0645,-3.3431,6.7284,-65.3716,41.1984,45.3091,46.8197,-22.4621,-23.7193,52.7140,21.8087,-26.1613
43.7081,25.8404,27.5783,16.0892,37.7309,41.4791,38.8104,2.8131,-10.3407,35.1548,-86.3654,29.5850,38.6154,34.3283,-25.6516,-28.0808,83.2630,13.4993,-26.2315
27.7494,22.9194,-1.2687,-9.8306,-1.7770,-21.2748,43.8344,-45.0924,-18.1224,25.3774,-38.7314,16.4563,40.9889,-9.0556,-31.6110,-53.6547,68.7535,-9.5406,-32.1787
23.2831,43.9127,11.8086,0.6494,6.2784,-36.0218,53.8958,-56.2288,-41.9882,3.3999,-21.1397,27.1545,55.0601,-20.7590,-37.2277,-63.1082,57.1182,-0.2886,-32.9242
53.9067,47.5178,46.0429,35.7140,43.0016,12.9130,37.9812,-52.1105,-70.1089,-21.1755,-60.6506,33.0294,29.6164,6.6274,-43.8713,-58.5899,83.4154,35.6514,-33.5046
81.9605,41.7941,65.5761,59.4406,58.3608,58.4813,-0.4914,-61.3913,-101.1678,-49.4858,-72.9062,28.3678,-6.0053,21.5612,-65.3933,-75.5692,121.4000,62.9250,-42.3607
79.9025,67.5039,82.4410,68.9100,60.9981,88.4098,-5.8027,-49.2946,-124.7977,-62.7939,-54.2338,47.2835,11.1072,23.4467,-81.9041,-92.2102,133.7653,70.4513,-47.0915
66.1596,94.6696,90.5641,69.0756,65.3271,109.1860,19.5928,-20.1125,-105.6617,-61.9629,-74.3388,75.6915,38.0979,41.8348,-57.4655,-57.4375,117.8831,62.5670,-38.8784
54.6880,87.8122,70.2019,61.1948,59.4353,99.6305,14.5529,-14.8696,-64.9207,-67.4619,-100.7578,80.1638,19.4975,63.1652,-29.3422,-8.3283,106.9538,50.3909,-34.2821
42.3171,75.3878,46.1244,57.2483,45.4616,76.2211,-19.8132,-20.5443,-59.7025,-76.0949,-65.6868,85.1841,0.5090,68.9325,-51.6267,-17.5826,115.2977,49.4425,-39.1087
24.4776,73.0729,35.4038,59.6938,39.3530,71.5524,-25.7011,-16.4405,-57.8572,-72.6235,-32.0200,104.4670,10.4894,66.0119,-72.3879,-47.2465,104.4334,54.2299,-25.7185
-3.5689,65.8062,16.8215,54.2970,37.7702,73.9890,-0.3570,-8.0918,2.3767,-50.2025,-84.9740,97.1819,-0.5795,55.0095,-23.9831,-12.7625,57.8752,46.2929,20.5094
-30.6202,61.0599,-5.7644,39.4485,25.8112,74.1269,12.4240,21.7212,75.0808,-11.0583,-166.3603,60.2981,-39.8296,38.5883,41.5569,55.1060,24.2523,30.4913,69.7698
-37.5855,51.7619,-14.9962,28.4127,11.9887,85.8667,12.2349,67.7407,89.1035,18.5188,-179.3044,25.7217,-53.1877,29.7390,54.4915,70.5105,23.8518,26.2545,86.2400
-34.5076,11.9600,-24.9029,24.4579,16.0838,100.8629,27.2455,80.0477,65.0043,17.6377,-139.4284,-18.1897,-33.5595,22.3058,44.4419,46.8417,16.1571,34.5060,66.0371
-38.4269,-20.9143,-36.0851,18.0454,19.3976,101.6810,41.7593,61.0365,48.0446,10.4422,-110.4663,-60.6721,-19.2992,12.0724,50.8918,50.4063,-3.3869,35.6123,29.9669
-33.7830,1.3028,-26.8354,5.5235,-8.0918,90.9331,23.2500,43.8826,38.8487,6.5320,-97.8239,-37.3928,-21.0389,24.7652,53.6788,79.9177,1.4508,16.8009,-5.6620
-6.0577,29.8974,-8.0805,-0.5917,-34.2253,75.4685,-3.9316,8.5584,18.2567,-27.8642,-78.1718,28.3633,-22.5833,62.6435,40.1664,93.6033,24.7364,-1.5486,-43.3117
26.6612,12.0654,4.7474,10.2377,-9.6997,63.1665,10.3162,-35.6151,-20.2067,-69.2784,-60.1768,37.8246,-10.4292,79.5563,28.8117,79.1302,33.4078,7.8356,-71.0667
41.6984,-6.3684,28.1693,23.9822,40.4683,60.4227,59.3634,-24.6052,-44.1212,-41.3095,-64.4921,6.6067,20.5756,54.6361,28.4487,48.2826,19.7192,25.1868,-48.4327
34.4641,12.5630,54.7160,23.6831,65.8593,59.1373,93.0298,17.3873,-22.7584,29.3756,-71.6314,28.8855,59.0174,28.3196,30.0475,17.3173,-2.2418,15.2696,16.4046
20.9321,25.7463,55.5367,18.4249,69.5804,57.5798,92.6673,11.7613,-7.8351,40.6818,-38.2325,88.7815,81.5607,34.7588,19.7199,-0.7226,-9.1276,-4.3835,48.9596
24.0096,6.0609,46.9087,17.1926,65.6083,62.9008,78.6079,-12.4138,-52.0696,6.5304,28.5757,102.4347,76.6226,49.1851,-1.2291,-8.0570,2.6429,-4.3677,34.6733
36.2710,-19.6587,51.0804,9.5854,47.9524,63.0591,58.4509,3.8090,-89.2239,14.7364,70.4170,62.7592,51.0167,32.9948,-10.3118,-15.2851,2.0147,-1.5020,34.7497
31.2509,-34.5924,45.3209,-1.4549,29.0322,50.3056,26.3635,15.1389,-58.4765,42.6200,62.3790,14.1270,21.4619,-2.2966,-2.4293,-23.7935,-16.6658,-7.7830,44.8428
13.3726,-37.6084,19.6549,0.3874,20.5293,42.8605,0.9766,-22.6613,-21.0010,19.8852,32.1589,-14.9494,2.2230,-18.1458,2.7354,-26.1577,-20.2695,-2.7492,17.1840
-5.0173,-27.7313,-2.7825,7.6286,8.2124,50.2641,1.8688,-55.7805,-14.4963,-17.5957,7.8475,-12.8165,-4.7643,-11.0515,7.4338,-13.7096,-17.1456,9.4496,-10.9247
-35.3075,-25.1831,-19.0990,3.2120,-7.9951,68.0294,8.9651,-32.4629,7.9395,-8.8792,10.1772,2.9583,0.9503,1.2920,22.3225,11.5749,-42.6966,6.1681,0.2400
-67.4972,-44.3094,-40.9141,-8.5262,-22.3596,85.3853,0.4482,20.1021,41.8492,16.3195,44.3592,1.2964,18.9635,18.7873,25.8624,28.1379,-74.0093,-2.2496,-1.8858
-78.4929,-55.9034,-64.8625,-17.3347,-52.4403,72.7370,-5.8010,49.1664,48.6107,19.6414,63.5393,-15.0821,28.6328,28.8897,9.8105,21.0330,-76.0487,2.3971,-33.5871
-91.4173,-31.8761,-85.7592,-18.5566,-83.3683,33.4514,7.2706,40.3081,50.0977,21.0042,26.1487,-30.2147,15.0094,2.6828,3.3237,7.2317,-63.2045,13.9100,-33.5435
-118.9402,11.1379,-91.2957,-9.6286,-64.5017,23.5725,30.7710,25.2302,57.8134,34.2493,-30.1040,-38.6996,5.9568,-35.7441,16.2817,15.8557,-43.2488,19.7263,0.4309
-113.0009,39.9036,-64.6303,-2.5557,-8.3162,41.0394,69.3258,33.3832,46.1501,53.0851,-64.4083,-20.7812,25.5951,-28.0682,38.9761,57.7821,-15.1546,9.6619,25.0072
-64.5303,37.6766,-25.5470,-4.5664,25.6592,25.5398,126.0864,44.6379,29.9174,76.8900,-94.4200,19.4265,49.7033,10.8896,65.6621,97.1386,-13.7663,-5.6418,44.0909
-29.7612,13.7544,-2.8151,9.2759,40.0140,-2.9713,158.4219,28.9678,20.8029,79.5893,-114.6613,20.3374,59.8711,11.2324,66.5905,66.6753,-47.4984,14.1439,51.4874
-21.8110,-2.7485,16.6265,44.0003,66.2600,9.4692,137.4435,6.1775,-7.1122,37.8791,-90.2755,-36.0533,70.9172,-33.0941,29.8412,-22.9956,-71.7140,64.0017,23.3355
-16.3569,-2.3625,36.5331,55.6590,83.5514,29.2169,107.0297,8.8143,-27.5929,-3.2910,-48.5773,-80.3522,79.5885,-66.7326,14.4555,-64.7992,-79.4021,76.4221,5.6939
-20.6268,-5.9905,32.1881,37.1104,74.7063,24.6918,113.5036,22.9268,-8.7585,-6.3934,-38.1533,-77.6497,73.3436,-69.5386,46.9336,-32.4043,-100.2317,48.2937,38.4329
-28.5098,-10.3126,23.5324,39.1743,71.3803,30.8369,138.1978,15.9530,-14.4603,-21.2030,-42.8422,-62.2681,68.4348,-62.1815,63.7405,-16.1610,-115.8977,51.3840,61.8286
-12.0757,10.5628,45.3580,65.7558,85.7512,53.6580,139.9149,-8.0948,-78.2493,-78.5910,-33.5726,-43.1837,67.5731,-45.1622,44.9840,-21.0383,-90.8088,81.1843,36.0700
8.7573,37.8250,65.1307,69.6676,91.7815,68.1099,111.6351,-17.2655,-124.0581,-117.5870,-14.3422,-5.6310,49.3268,-5.0034,37.2004,24.2434,-39.9924,73.9050,9.6647
10.8196,35.1489,53.0602,53.1685,85.8589,50.0914,79.5150,3.2955,-117.1133,-92.9303,7.8636,33.2893,26.9267,40.7466,28.7570,72.9724,-1.6021,47.6825,10.2544
22.8707,21.0477,44.2680,43.6564,80.3117,-51.5169,67.1788,41.8175,-84.8684,-24.0917,9.6717,53.2059,22.3085,60.4420,-1.4189,64.2741,1.4022,41.9839,20.5583
42.4843,20.4451,43.5256,17.6692,57.4391,-194.0463,63.9635,78.7400,-11.9527,62.9538,-32.6857,53.4904,14.2527,54.7230,3.2324,74.8778,-24.2320,14.4307,36.4331
26.4659,8.6907,13.0524,-32.7352,10.4391,-196.8568,49.3779,89.9359,83.2698,127.1548,-72.5731,37.2579,1.3629,44.8713,50.2168,118.4807,-39.4576,-47.1738,45.7980
-7.1779,-18.0582,-19.6314,-50.2157,-14.7095,-43.5203,32.8476,57.9972,104.7007,119.0107,-50.2576,24.8920,21.0441,35.6383,53.5811,82.2399,-25.7747,-66.4760,26.3169
-12.2539,-18.9931,-6.6099,-21.0911,3.9059,48.2576,15.7175,3.8847,42.5864,63.3992,10.0979,33.7642,51.4494,23.2502,3.4564,-3.1799,-7.3128,-32.8151,-10.4965
-0.5934,-0.9796,16.0563,-10.3413,13.8358,13.5552,-24.9697,-28.1531,-10.4786,29.4970,61.6702,33.6808,34.4522,12.4181,-23.5440,-6.8168,8.9168,-25.4702,-40.1274
9.0435,-8.1303,9.1226,-31.0020,-10.9197,-0.9196,-65.5556,-23.0614,-24.7877,23.6666,88.9627,2.1751,-7.2242,2.6589,-20.8527,18.3938,33.8857,-46.6279,-46.4928
22.2712,-19.9064,7.0070,-23.9904,-17.4492,29.7121,-60.2331,4.3844,-25.5952,20.9980,64.2573,-23.0639,-20.2619,-12.3726,-29.3774,-26.9669,47.0257,-28.3207,-13.2257
16.6604,6.0873,23.2752,9.5990,10.0274,30.3172,-35.2841,36.6317,-3.7251,33.9722,-6.8078,-16.7607,-18.6595,-25.5562,-30.5774,-56.6980,33.1201,11.3335,37.0859
-19.4910,32.8854,16.6276,10.7187,15.9133,34.5365,-28.4003,55.1220,34.6070,60.5619,-45.8556,-1.9122,-22.2307,-20.4214,-1.1515,-1.7770,16.5038,5.6890,55.0988
-35.6184,7.0091,-10.9733,-14.1350,-3.0302,70.3686,-11.1773,58.4366,52.4531,62.9698,-28.9600,9.3882,-13.1455,9.0206,29.7016,46.6919,4.3226,-23.5722,50.0594
-6.7940,-44.6861,-18.3058,-18.7024,-2.6244,78.8587,19.4482,65.5928,54.2780,41.0437,-21.7831,16.2065,-4.1780,46.4784,44.4624,48.4451,-18.4501,-24.3428,56.5675
12.3138,-71.5224,-18.0374,-20.1089,-6.2203,57.7955,17.8985,66.5031,69.6755,35.4204,-36.8498,5.2190,-22.0174,58.6833,60.1129,62.2399,-41.2756,-23.1227,58.1388
-19.2481,-76.3181,-48.0490,-47.5686,-46.4768,45.6746,6.6436,42.6788,100.6638,65.1045,-32.4619,-7.4642,-36.0884,37.7359,79.2077,86.8477,-59.9207,-50.8676,50.4041
-68.9576,-80.5708,-84.9238,-63.9116,-71.1411,36.5748,40.7013,38.9904,133.4553,115.7229,-25.7366,12.6970,-10.3320,27.4552,86.1154,86.7912,-93.5178,-63.3068,67.8320
-88.3983,-84.4522,-81.9156,-42.1868,-48.1182,48.7442,92.2194,91.7339,150.2176,153.5990,-43.3693,47.7114,36.9302,57.3795,81.3951,77.5911,-133.0834,-33.3277,89.9405
-77.6390,-87.2143,-59.8077,-27.4752,-36.7024,92.0928,115.9411,132.2682,145.6285,143.5496,-48.3568,55.3778,77.4625,88.0853,84.4426,76.0784,-157.1434,-14.0924,67.3243
-75.8408,-91.9873,-74.6528,-47.9085,-63.8619,93.0530,118.2598,98.4800,149.4516,92.9264,-23.1359,42.7634,94.4178,82.0619,99.8120,78.3298,-167.7963,-38.0077,28.5020
-95.2113,-85.9107,-110.8387,-60.7876,-77.2084,40.2831,100.5457,44.2327,166.5622,50.7111,-8.2135,40.0111,74.2226,60.6223,101.1539,79.8193,-158.5223,-56.6059,26.2063
-101.7127,-54.3191,-100.2075,-33.7904,-54.0773,27.5269,67.2673,27.6682,142.9369,33.5592,-14.2264,49.5146,42.1694,44.8187,72.5211,61.1001,-126.4093,-30.3895,43.8328
-82.3100,-13.1944,-46.1866,2.6984,-27.3739,54.8386,51.6432,20.9051,75.1643,8.9926,-8.7086,56.6506,38.1504,26.7394,43.4234,26.4843,-107.2804,7.1803,42.3452
-63.1996,4.2377,-19.6439,9.8402,-18.9366,40.8043,43.4097,-7.1130,41.4050,-30.2039,9.6970,49.7990,40.3933,9.7382,40.2781,16.9377,-107.8354,9.7037,23.1545
-47.2069,-2.7056,-32.2904,-6.9827,-25.4698,0.6617,4.8035,-38.7613,61.0621,-49.2030,12.3815,30.1589,11.1855,-3.0256,38.7704,15.8728,-80.6076,-15.2122,12.5797
-21.8113,-1.2819,-31.7771,-15.4471,-30.5978,-13.5426,-31.5385,-49.3102,68.4695,-38.5156,-0.0699,16.1483,-17.8113,-24.6258,15.3498,-25.5281,-29.7206,-26.9480,26.9017
-6.3202,14.1828,-11.5260,-5.7130,-17.0925,-17.5029,-24.1915,-32.9134,45.0514,-28.3682,-0.4575,17.1387,-10.2416,-42.1273,-6.7371,-66.7158,-9.0558,-15.7703,50.5230
-6.7997,9.1827,-10.2147,-2.5312,1.0450,-24.3648,-13.3861,-10.8987,34.5944,-34.3447,14.9327,13.3280,-2.6521,-33.0919,-4.5830,-52.5921,-10.4186,-12.9662,56.8645
7.5072,-18.3136,-25.0084,-17.1361,-3.6844,-31.0593,-30.3319,-15.5644,37.4082,-46.2044,21.9997,-8.1637,-29.5404,-21.2251,5.6707,-26.4864,7.1797,-28.9111,49.1997
34.5703,-14.1999,-20.0208,-20.0250,-15.8693,-55.0246,-35.6644,-44.6444,11.9462,-62.4318,9.2728,-18.8050,-52.0749,-30.6314,-1.3282,-35.4622,35.8212,-29.1021,37.8867
43.1363,43.5074,8.8574,5.2552,-2.9722,-76.0612,-7.8612,-75.4211,-31.0822,-84.8016,-15.7003,12.7243,-23.0769,-39.9974,-25.5259,-64.0807,56.6970,-2.8458,14.5329
39.7088,101.4947,33.8744,27.0130,20.7173,-57.6939,24.5614,-102.3670,-32.9684,-97.1466,-51.6541,65.0535,34.8032,-37.8407,-41.3539,-97.9422,70.5293,9.8910,-6.1752
42.2981,110.4767,33.9912,18.5338,20.7487,-34.6797,39.5080,-108.3830,13.3052,-87.1465,-91.4247,85.3626,57.5253,-34.8151,-24.8596,-106.9704,68.8880,-9.2428,3.3554
41.9483,76.8614,14.3962,-8.4897,-2.6868,-44.3999,37.9398,-74.0635,43.3822,-61.3835,-98.8851,55.3884,27.0709,-24.9640,14.8359,-48.0345,49.2306,-34.9562,20.7883
40.5996,25.5936,-1.7495,-35.1088,-26.3365,-56.0312,26.8617,-34.4525,20.3937,-33.9419,-48.3635,2.9051,-10.4716,-17.8421,39.2899,18.2145,30.0800,-51.7180,19.2352
48.1444,-15.1547,-1.4576,-42.8108,-29.4144,-46.7643,10.5890,-21.5938,-14.1340,-29.2526,20.0717,-33.3083,-21.5168,-36.7408,25.5419,-7.5003,20.8837,-52.3194,30.9233
43.5888,-8.6497,5.3837,-13.8865,-4.1425,-24.4825,-4.2765,0.4428,-15.1783,-58.3413,32.0772,-18.2065,-20.6711,-44.8184,-5.4045,-71.0127,23.4274,-21.4614,76.1209
14.6694,38.0532,7.3333,26.3458,28.2171,11.3978,1.3292,47.5480,7.5589,-71.9729,-19.9436,50.6158,-15.4002,1.8433,-16.0967,-56.5822,39.0963,15.9916,113.0987
-6.6835,57.4756,7.0234,24.7346,34.7175,37.5820,32.4007,77.3074,22.3484,-16.8805,-53.2008,104.5147,6.5872,52.8269,0.8244,10.7804,44.4851,8.5113,109.5359
1.5798,23.7641,9.2341,-11.6940,14.4731,29.4493,56.6497,82.4853,12.2195,55.8597,-21.7665,82.5802,30.1098,54.4922,19.0120,45.8855,25.7836,-27.1983,76.7392
16.1969,0.6403,9.1740,-24.6603,-9.0766,28.6370,59.8900,82.0725,-9.9384,53.5243,-5.2826,39.3012,30.4440,48.5449,25.7040,53.6045,15.4204,-29.6416,36.0376
5.0021,25.8876,-5.3426,-6.2426,-29.4884,60.2148,66.1021,53.2226,-6.4171,-3.6900,-68.3737,48.3199,13.6357,66.6830,38.9851,74.4859,22.8454,-2.6423,6.5451
-32.5025,41.6690,-35.0885,4.0187,-48.7167,67.0054,58.3806,-5.4862,27.9798,-22.6749,-123.3802,61.7796,-11.2477,67.0668,54.9684,98.4802,9.0320,10.8981,-12.5930
-57.1974,4.9413,-47.3663,5.9833,-48.6390,36.9669,-1.1597,-39.6271,39.2975,7.9537,-79.2297,14.7116,-38.1152,36.8455,35.1019,85.4659,-25.5881,20.7959,-48.3992
-36.6692,-28.8314,-9.9825,28.6917,-16.0622,39.1180,-63.9121,-31.2473,-7.7730,24.5402,-2.3717,-39.0421,-36.8755,15.4427,-21.4565,24.0672,-33.0570,54.1046,-96.8024
-3.1754,-2.9820,45.2428,61.1226,24.6391,71.7350,-56.0161,-11.4790,-78.0029,1.9501,21.1134,-35.3259,1.4180,13.5151,-61.8586,-30.4483,-7.0743,88.7955,-115.6044
-6.2931,44.1677,56.5431,69.3446,38.0101,57.7171,-8.5970,0.7276,-122.2096,-27.2865,24.3557,-7.3280,31.5059,15.2121,-63.1016,-19.7583,14.4601,94.0583,-104.4689
-21.9524,50.5651,30.6064,54.3389,23.4241,1.1625,0.1366,-16.8115,-123.8994,-33.3581,42.7566,7.5892,24.6493,18.0009,-59.1436,9.6284,19.4355,76.8136,-103.7098
-0.2928,26.3737,26.9641,41.4054,12.7742,-20.6448,-34.0388,-79.8625,-95.0710,-22.5225,41.6811,22.1216,6.1690,15.5479,-67.5464,-16.8142,22.6932,54.9059,-115.0013
33.1103,12.8912,50.4351,38.2394,23.8530,-1.7062,-59.0554,-133.8997,-74.4134,-22.9494,30.2393,29.5890,0.3722,-0.3375,-66.6996,-58.3113,23.1666,37.1172,-109.4842
29.2522,3.2383,52.5699,35.9495,39.9581,-3.1279,-47.6530,-104.8725,-86.9040,-43.2846,64.5883,5.7894,5.0639,-13.0345,-52.1568,-48.5382,5.3715,33.0067,-82.7184
14.4060,-29.9543,32.6305,30.8989,49.2071,-30.8785,-20.0451,0.2563,-98.1843,-51.9529,117.9415,-38.5606,11.5332,-3.2682,-38.9536,-16.4104,-26.2098,41.2386,-45.0863
34.3975,-69.3597,34.5342,24.0584,65.9547,-38.9821,-5.7479,111.8008,-75.3249,-22.5767,112.7315,-82.3775,8.9535,17.7755,-20.2253,9.0337,-40.1259,41.5373,-6.3281
59.3334,-81.5492,50.2622,9.8993,80.5224,-34.5816,-6.1362,164.8057,-48.5142,24.6809,69.4813,-122.4799,-7.7027,18.0622,9.6008,47.2400,-27.9366,22.4443,14.1634
35.5294,-78.3759,29.8333,-17.4533,49.1159,-61.7575,-15.7421,140.5941,-39.9903,65.0396,72.9960,-148.6497,-32.3050,-17.5645,25.9406,75.6475,-28.8679,-5.3345,13.8279
-16.7175,-89.4355,-17.7709,-48.4781,-13.7599,-100.8797,-42.3427,92.0053,-14.0123,111.1108,112.1637,-146.9847,-61.6861,-58.2231,23.6722,71.2195,-59.4264,-31.7736,24.4820
-35.9617,-107.4200,-34.3350,-63.4283,-28.1545,-106.9687,-68.0682,83.6394,35.2680,168.5185,103.8939,-134.2461,-89.1989,-63.5926,33.1681,81.4998,-77.1109,-52.3908,56.4845
-15.5062,-112.8723,-17.7296,-57.9384,10.3848,-106.2127,-65.7920,99.8577,51.6090,198.6692,55.9296,-144.5055,-102.8592,-51.9362,48.1923,109.8032,-57.5309,-54.2392,72.1404
-0.3093,-114.0154,-18.5742,-50.1475,18.4548,-132.5071,-58.0433,89.0829,27.4015,182.6504,43.6749,-178.6327,-107.3982,-68.1635,33.5581,88.0182,-34.9712,-36.8884,54.5785
-12.4191,-119.4689,-42.9469,-55.1997,-15.6069,-148.1507,-62.9020,48.6851,23.2688,166.4412,61.5674,-194.5730,-105.5003,-100.4588,11.1146,33.0538,-39.4692,-30.3981,36.3165
-31.5804,-117.6233,-50.6949,-66.2499,-26.6801,-126.8596,-52.1235,-7.3857,42.7460,180.8154,65.3362,-165.5708,-83.3345,-110.5200,20.4552,23.5225,-59.5636,-50.5193,28.2234
-34.3628,-108.5287,-32.7751,-71.9059,-17.1052,-105.3250,-35.0580,-69.8681,30.1260,192.3903,77.2557,-125.7612,-55.4730,-103.6716,35.4594,45.8343,-74.1687,-71.3632,1.3779
-20.5338,-102.4793,-17.8727,-76.1622,-34.1782,-103.0642,-48.5194,-96.4727,3.1650,180.0755,100.9520,-117.0131,-50.0097,-97.5859,27.9292,48.0561,-72.8593,-76.7157,-41.3061
-5.9985,-88.8077,-21.1813,-84.8963,-60.3115,-106.6949,-65.6362,-72.5757,23.9604,155.5791,85.2129,-124.2830,-46.7761,-87.7865,24.3954,41.5841,-55.7339,-84.0605,-66.6888
1.1317,-58.5707,-30.1100,-88.8840,-62.8792,-117.2003,-63.6327,-70.0641,56.7116,102.9154,54.2223,-113.9005,-30.3833,-79.0294,30.8487,38.9898,-31.4771,-96.7475,-78.5544
10.1812,-27.6125,-24.5381,-75.9734,-52.1128,-120.9683,-82.8758,-124.9936,32.7105,24.8686,63.1247,-85.1438,-39.2463,-77.9464,18.9725,27.6601,-0.1873,-94.6055,-90.4524
26.4255,-1.2151,4.6988,-47.4242,-25.2017,-87.5363,-115.6479,-154.1756,-10.8928,-6.4498,58.4990,-49.5526,-71.8773,-66.5791,-2.4396,21.6303,42.5200,-73.6577,-78.1054
41.2743,29.0836,42.8777,-16.9607,18.2729,-40.7632,-109.8289,-99.4002,-23.4412,24.6593,6.5548,-18.8183,-75.2374,-40.5241,-12.9481,26.7368,80.0167,-46.7143,-39.1610
49.9550,46.3254,59.7413,-2.6326,29.0548,-29.6865,-89.4674,-27.3477,-36.9616,29.6253,-7.1468,-13.6886,-60.7444,-25.5384,-21.7644,20.8801,89.5597,-25.7692,-15.4684
45.9692,38.1915,42.4210,-8.3677,-5.8961,-37.2783,-89.6141,-6.4666,-54.8896,-12.3453,25.9679,-28.8967,-70.9095,-29.0270,-22.7227,13.9997,76.0810,-19.8854,-10.6183
17.9757,39.4714,12.1515,-12.0907,-25.2845,-19.3456,-77.1586,-13.2229,-31.4528,-28.9909,7.9677,-26.9539,-77.7997,-33.8911,-6.4847,20.0414,65.7659,-20.2275,7.4175
-11.7736,70.6942,0.0290,-0.9782,-11.6211,9.1055,-46.3049,-10.9501,7.6205,-22.2003,-50.0097,-3.8154,-52.6993,-35.7222,2.6015,13.6399,69.7508,-12.5149,26.8776
-5.1648,93.9290,6.0480,-0.4093,-16.6897,6.0115,-26.8926,-10.5795,14.4309,-43.2400,-70.3112,5.6222,-29.8269,-39.0016,6.2191,-0.0227,71.1036,-14.1169,21.6795
17.2877,81.4847,0.1353,-22.8772,-47.9285,-21.9023,-9.1979,-17.7181,20.2704,-62.7495,-74.3383,-7.8910,-31.2715,-40.9989,30.3186,11.5503,57.0923,-36.0181,15.0960
10.0232,50.7083,-23.5085,-33.7689,-55.9162,-32.0095,5.5561,-0.1756,44.0821,-43.2062,-83.7362,-29.2239,-40.9806,-41.0435,46.2256,22.6898,40.3907,-40.5782,35.3991
-9.5808,19.6294,-34.0407,-16.5456,-27.6297,-18.1583,0.2772,54.0620,43.8276,-24.0560,-55.7626,-52.5589,-41.4057,-38.2416,26.7153,3.7247,27.2848,-11.8219,63.1391
-2.5955,2.5075,-20.8129,1.9701,-2.4334,-16.4330,13.6358,95.2439,13.4531,-41.9910,-15.7785,-59.7367,-15.9495,-21.8361,9.6970,-11.8852,7.9602,15.2660,57.9617
23.3778,16.1400,-1.3544,21.6102,-1.5471,-24.2608,54.9108,75.9186,-25.6508,-88.2276,-28.5749,-23.1485,19.3090,16.9603,2.4097,-12.8907,0.8439,41.2654,10.4590
52.3380,40.0883,26.8773,64.5955,9.5491,7.6281,57.3136,23.5356,-76.4974,-139.4242,-66.9664,36.3925,17.8084,65.3377,-27.1458,-27.9775,28.3450,90.0756,-35.9670
76.8025,35.6009,69.4873,103.1501,59.3054,67.7742,32.9614,-10.2860,-121.2011,-156.1336,-71.2994,60.8596,-1.1144,88.4223,-43.2301,-34.0354,43.9543,123.4944,-40.9940
70.9142,11.4296,95.5269,98.4402,101.9791,82.3794,55.6877,-28.7157,-143.1574,-123.1685,-30.9324,42.1561,17.6856,70.5071,-11.0529,3.3856,-0.7919,106.9217,-33.8374
34.5919,-7.4484,85.8015,71.5951,89.2135,52.0152,86.7513,-41.9495,-165.0901,-77.7477,41.2847,32.6611,41.1327,51.5008,14.9694,53.0622,-59.5762,78.8866,-42.7128
8.4960,-31.0988,67.6382,52.5735,58.8300,47.7577,63.2558,-18.9399,-168.7107,-34.0863,108.2232,57.9761,23.9193,68.3039,9.4833,80.5511,-80.9813,61.0970,-23.7044
-1.1720,-57.0697,55.7757,36.8597,53.2918,67.8279,36.6302,25.8763,-123.1330,9.8907,132.8613,84.4623,12.1830,85.3600,10.2013,79.7393,-90.1096,36.7332,31.4635
-14.0700,-59.4488,35.6040,28.8008,46.0362,52.1257,50.0353,18.8024,-90.3125,10.7704,131.3126,86.2371,29.5285,64.0808,7.3067,40.7751,-100.9885,27.8041,53.6769
-12.4430,-55.5965,12.8890,31.9810,24.6554,12.7822,66.9115,-28.2432,-101.9032,-21.3644,118.3022,79.5689,28.3678,41.5185,-12.4305,-7.0413,-89.5978,42.7239,41.7085
9.8042,-75.3163,3.1439,20.1472,13.5818,9.9555,64.4784,-23.4165,-74.7482,-0.9079,80.4153,76.2176,8.4917,53.7998,-6.5374,-7.4534,-69.3284,31.2713,53.8712
12.2509,-83.3203,-3.1609,-5.2122,-0.4760,35.8174,40.9414,24.3314,-7.8766,46.0523,46.5342,67.0476,2.0742,70.2570,17.4452,24.9703,-61.4592,-3.1736,59.3301
-12.6048,-44.3898,-15.9598,-10.6012,-31.7948,30.7435,2.4451,26.0635,6.7278,22.0065,41.8883,52.2439,-6.5847,61.1758,14.3993,44.8279,-47.7003,-7.1890,13.6846
-29.7591,-6.6982,-28.7607,-11.3240,-47.9037,-13.7603,-8.1858,-4.3407,4.6366,-10.9869,24.9038,29.8743,-19.1220,33.6059,16.3250,58.9575,-35.4417,-5.6374,-18.2156
-36.4638,-22.3940,-41.4163,-39.5795,-45.8166,-46.3347,9.9452,14.3653,67.4493,55.3101,-8.2570,-12.2252,-11.8209,-3.8253,46.4322,63.1213,-54.1142,-39.5203,12.4208
-49.8807,-64.0374,-59.7024,-69.4988,-55.1422,-43.2844,-3.7672,73.6889,144.6010,154.5091,-11.8848,-54.9778,-9.6841,-32.9204,54.2212,38.0090,-77.1241,-69.1702,57.0598
-64.4971,-88.0438,-83.1474,-84.4106,-64.1335,-44.3246,-32.2127,112.1582,193.4467,202.4997,-11.8891,-65.9059,-29.2380,-30.2453,52.4492,40.4136,-75.2752,-83.9146,84.2040
-76.4446,-99.5489,-112.6282,-117.9856,-68.1277,-84.9053,-14.8790,116.9276,250.3573,237.0945,-36.0367,-61.4004,-32.4498,-13.5636,95.1773,111.5867,-79.3622,-130.5777,95.5439
-89.0806,-112.3932,-143.8864,-160.7574,-101.1774,-143.7769,8.4414,100.0357,280.5448,253.8879,-20.6175,-70.0206,-17.6841,-13.0496,130.3322,166.1459,-103.3095,-179.1167,69.1725
-94.6612,-110.8118,-159.5163,-160.4890,-143.5679,-179.4805,-2.7042,71.3017,232.5956,190.3791,49.2955,-72.8191,-8.1043,-18.9867,97.8107,133.4106,-115.3680,-163.8954,16.0172
-89.7417,-82.1508,-145.9151,-120.1686,-133.6646,-173.5660,1.7671,49.2261,163.0919,86.8448,98.0932,-53.4616,26.2894,-21.5998,43.9285,54.0471,-107.8458,-111.5548,-17.2374
-73.9421,-48.2643,-102.6834,-76.9689,-76.7677,-137.9467,24.2208,29.8779,112.1449,24.5564,116.0578,-39.5979,88.2149,-37.8064,3.8482,-30.9325,-96.7518,-70.5103,-34.8911
-41.2508,-34.8371,-46.9828,-40.6595,-27.1664,-112.6421,8.7524,-8.5419,46.1639,-3.1196,141.6215,-50.0178,107.5427,-64.5729,-37.9927,-101.8186,-80.3379,-35.2655,-61.7181
-6.1397,-30.8563,-10.0337,-15.2030,-8.2383,-116.1944,-25.3875,-48.8805,-22.0107,-25.7773,146.2150,-68.5633,66.8696,-76.4568,-62.9575,-115.9415,-51.9828,-4.9397,-84.1894
10.3257,-11.0842,4.9739,2.9915,-1.4851,-100.7338,-39.4265,-63.7104,-59.6706,-42.9837,105.5624,-74.4207,26.2933,-67.4884,-65.4323,-90.3319,-10.3113,17.4874,-96.8103
20.7535,18.6036,27.9909,33.4174,26.1063,-37.6287,-60.9713,-75.4287,-80.6567,-64.2453,61.1818,-62.6802,12.0232,-54.6647,-82.4791,-99.0318,39.8418,46.0996,-109.8339
40.3024,37.2347,57.7977,59.5640,65.4276,11.0900,-94.2708,-102.9680,-80.0114,-88.9383,30.5100,-55.4282,4.9194,-58.9206,-99.1601,-134.6460,73.7486,61.8943,-112.8453
59.2043,50.5230,68.1938,56.7143,66.2044,10.4628,-97.4988,-108.2391,-53.5104,-92.1348,-20.6758,-72.9111,-5.7277,-78.4167,-84.4554,-144.7022,85.4254,53.7246,-101.3379
74.6900,75.3723,73.1391,60.6525,45.1941,19.7999,-71.9620,-67.5394,-45.2713,-71.2937,-103.8479,-82.8056,-19.1948,-80.6794,-76.9857,-148.3394,111.2123,68.8296,-79.2718
79.7903,103.4757,83.7314,86.6609,59.5110,50.5207,-49.4632,-27.4746,-54.1807,-43.6584,-169.4061,-47.6726,-25.9521,-58.4241,-95.3129,-162.0650,153.0357,101.9187,-39.2524
49.3149,110.3814,61.2819,78.3550,64.8448,35.9231,-41.5887,-32.1840,-37.1059,-19.4073,-149.0020,4.3252,-20.0236,-44.2809,-98.1936,-145.9766,158.2075,83.2546,-4.1764
-1.2415,88.3983,10.5368,35.2189,10.7361,-7.7823,-46.1427,-51.0411,-18.5119,-2.2779,-58.2304,39.9787,-16.1768,-34.0548,-83.3952,-98.3101,112.3527,34.8263,-4.9266
-25.2093,62.0355,-5.3687,22.8751,-24.0352,-2.5346,-45.9119,-34.2176,-22.4551,17.3590,-8.6157,72.5254,-20.8058,2.6222,-70.6908,-50.2176,64.2730,27.3114,-6.6373
-26.9226,58.9474,5.3314,33.6486,3.2130,27.6878,-31.7647,3.6760,-0.0706,40.4541,-48.7632,93.6872,-25.2330,39.7602,-44.1101,0.5057,53.7172,32.5138,19.5163
-32.1861,60.2367,-12.7793,26.8939,16.8980,24.7288,-29.3755,23.7283,48.6854,36.9750,-97.4930,75.4254,-32.5170,49.5169,-18.0365,36.7191,68.3562,19.8091,25.2719
-29.1259,31.1035,-32.5560,32.5916,10.4951,31.9927,-46.2460,34.5891,53.4911,0.0419,-84.7716,44.3487,-33.3849,64.2203,-32.2502,19.8345,67.3999,38.2030,-11.1562
-17.8872,1.4143,-11.5716,59.6139,30.3006,78.9466,-55.8923,40.0618,7.6199,-38.2500,-29.8820,31.5397,-10.2183,79.7973,-59.3130,-17.5851,42.0063,76.7054,-49.7793
-19.6224,21.4042,7.6527,55.3369,27.2667,89.5136,-57.1397,0.7263,-34.4459,-70.5765,13.5350,14.8477,8.3479,46.1841,-56.3188,-23.7440,33.6320,67.2316,-82.0732
-16.0257,58.3063,-1.0470,29.9222,-13.7754,42.2361,-54.2080,-62.7466,-45.7426,-96.8238,2.2479,-4.8596,-0.6649,-2.1494,-45.0343,-25.1628,55.3845,37.7382,-107.7089
9.7029,57.7487,8.2029,38.4568,-4.2777,24.6695,-26.0720,-61.3524,-35.6946,-87.4587,-47.0817,9.0208,3.4072,5.9211,-45.5411,-45.4868,60.9988,48.2238,-88.2767
21.7352,48.5369,39.7209,65.1191,50.8071,55.3974,7.1967,-0.9397,-33.9792,-59.1822,-63.4549,41.0607,25.2958,35.9862,-42.8601,-48.8366,42.7556,71.0663,-30.0571
6.6047,66.4088,48.0736,74.3922,69.5869,62.2539,3.0541,24.4440,-49.3685,-67.7097,-45.6035,50.8561,12.2878,29.9324,-37.7302,-30.9257,42.6537,74.7803,13.5107
1.8320,77.3812,36.5110,75.9595,66.2343,41.3852,-10.1516,13.6421,-40.3509,-90.6581,-61.7918,52.0263,-18.2676,23.3434,-31.8485,-20.2651,54.1567,74.0547,34.5831
16.0846,66.1104,30.7311,69.1477,65.9799,41.9158,0.6585,29.5302,3.2888,-78.0529,-104.7830,69.5690,-15.7233,53.6315,-15.1396,-4.0298,54.4272,62.6354,42.9592
25.6721,71.0527,25.0993,48.8060,41.2982,49.8544,-0.8285,53.7199,25.1038,-57.6901,-122.1683,90.0705,-11.1186,87.2189,-5.5181,29.2209,74.7397,37.8022,26.0882
34.0289,94.5318,26.4284,42.1308,30.5919,36.9302,-20.0801,55.5812,5.0883,-52.3522,-127.9680,94.5924,-29.0008,97.4387,-17.0551,53.6059,123.8877,29.6408,4.3528
55.3543,99.5452,48.1111,45.6512,66.9661,22.3962,-7.6603,71.6598,-18.8627,-32.1123,-139.4226,73.5910,-26.0346,93.9908,-17.4809,68.3245,153.2332,29.6679,4.5270
75.3011,83.1974,57.2381,22.8804,72.3479,6.6441,28.5511,93.9280,-24.6596,-8.1542,-135.9863,31.3718,-3.1005,79.5444,8.5132,87.7918,145.6463,5.3416,-0.7317
69.9190,69.3987,29.3746,-8.2399,25.3454,-31.3888,40.0974,60.2884,-7.9626,-12.1009,-126.3089,6.6544,0.2190,55.9751,25.8245,88.9973,123.5819,-21.7385,-25.0892
44.3816,68.3677,5.4193,-9.1518,10.0817,-67.2362,31.1220,-4.5849,15.3403,-20.9839,-118.1276,22.1677,0.2491,37.1563,17.7653,65.2870,97.6917,-22.8602,-37.9498
34.9052,76.2867,15.5328,0.8840,25.8322,-74.7109,24.6965,-27.6962,2.9818,-26.4277,-89.9286,36.7035,11.7776,25.8588,4.7988,47.4510,84.5255,-17.1225,-39.1095
55.9213,80.4350,30.1445,-2.0534,15.3129,-73.0363,11.9200,-23.2549,-28.4835,-56.9469,-60.2403,21.8396,8.3051,13.1813,-4.4501,27.3327,94.9564,-19.0724,-44.5607
70.7897,76.6965,30.6755,-1.7172,5.4195,-66.2251,-9.5339,-32.8048,-19.9443,-85.5259,-57.7859,13.3468,0.1142,-0.9965,-15.7859,-16.0431,101.7604,-18.7288,-38.7174
61.3698,79.1712,36.2154,7.9226,22.0339,-40.0447,-17.3970,-31.3825,2.2279,-67.0633,-65.3817,30.8387,11.1910,-2.1860,-25.1386,-41.0778,97.3137,-13.7712,-23.1715
62.6087,77.6183,47.9958,13.4937,33.4152,-18.2449,1.2843,2.3844,-7.7677,-27.8665,-79.7747,42.7337,20.6806,23.8076,-22.4065,-14.6448,99.9250,-5.3024,-23.0108
76.9489,42.3526,45.4679,13.5552,36.8202,-19.2094,27.4199,33.8178,-10.5695,-8.5134,-92.2164,34.2426,22.8012,60.5381,-9.4183,18.2672,84.4988,4.3107,-33.0736
67.0497,-1.0824,33.8538,14.6046,42.8284,-14.3432,24.5967,36.6321,-1.3834,-14.8900,-50.4442,22.5763,33.1307,70.1670,-7.7767,13.8261,40.2344,9.9366,-41.1160
51.8925,-1.6802,41.6174,26.3228,43.1850,8.3126,-7.1668,28.3422,-37.6781,-46.8808,18.0534,15.6855,31.9942,52.2560,-30.1748,-14.1208,24.5824,24.5412,-48.6648
68.3371,17.6011,71.3261,49.0309,54.6434,24.5398,-28.1563,34.4312,-91.2976,-78.2062,36.5382,9.7817,15.4427,39.6238,-54.1594,-40.8661,44.2878,51.2768,-42.4984
78.9701,5.6924,90.8839,57.6811,75.3104,27.3308,-35.6059,56.7820,-107.4367,-69.8098,61.7261,-0.8866,17.1078,34.4670,-63.6309,-56.0850,34.6167,60.4024,-28.3541
50.5494,-12.3914,84.0000,50.1449,66.7924,30.1953,-59.4373,73.4645,-126.8408,-47.9643,144.8247,-15.0303,26.7308,23.1030,-81.6947,-60.5780,9.2152,57.5388,-41.4224
25.8531,12.8591,75.4899,62.7903,52.4945,44.3913,-83.4934,65.0225,-164.2484,-59.1868,167.2522,-8.6753,15.6773,19.8274,-114.2372,-69.4879,36.8776,79.5670,-65.7944
32.2582,57.8436,82.8018,83.2966,68.8710,67.3509,-79.7455,36.6757,-160.4716,-76.8572,92.3702,24.0926,4.1696,25.0946,-121.5096,-79.8261,90.1241,94.1301,-55.1652
41.1940,67.5143,80.9776,60.8094,62.6771,65.5377,-76.1844,6.9565,-119.7979,-64.7221,53.5168,35.8313,-6.4637,10.9028,-89.9735,-65.6867,100.2708,54.0238,-26.2215
38.3475,42.5352,52.3530,19.9900,14.4472,23.2981,-93.8368,-5.5546,-80.8249,-42.5595,58.4104,7.4850,-44.0614,-13.4391,-59.0968,-39.9079,81.1508,10.7295,-8.5091
30.9420,26.8458,22.4648,14.9276,-5.9650,-4.7323,-99.2665,4.7355,-33.7767,-24.9727,17.3221,-3.6343,-71.2158,-15.9098,-55.5490,-47.0684,76.5625,13.8561,14.8770
19.2919,38.0376,9.3452,18.2655,-0.9181,11.8546,-80.0914,4.9946,2.5104,-7.4525,-17.1446,27.4411,-46.7751,-11.7792,-65.7741,-81.7915,89.2446,14.5397,35.0902
8.2553,49.7562,-3.1074,-3.7312,-23.9670,14.3060,-70.4893,-37.5498,1.5369,-1.1258,1.6190,46.7037,-27.2999,-24.6049,-65.0838,-88.1460,99.3664,-14.9562,20.2383
-3.3935,39.2859,-20.2091,-18.8964,-40.7229,-22.6640,-83.3936,-81.4154,10.9370,-1.1578,0.7970,26.0827,-57.0492,-35.7598,-40.1720,-41.5485,81.9850,-31.7241,-0.8124
-23.4074,15.5924,-27.8105,-16.5776,-23.5708,-44.8062,-90.9179,-67.6332,32.7586,7.0200,1.0761,-9.2636,-79.0587,-38.6280,-9.3155,11.3008,36.9098,-28.1572,5.2495
-33.3530,-7.1012,-28.3764,-21.7766,-24.2880,-34.4359,-68.9852,-30.0279,-11.6411,1.3403,75.1884,-40.9039,-52.4407,-49.9312,-13.2150,5.0496,10.5135,-23.3113,3.4969
-22.2502,-24.2775,-31.6728,-18.2413,-40.3951,-14.8513,-37.6518,-32.2621,-88.9385,-23.3083,139.5128,-44.7145,-19.3420,-50.2682,-53.2260,-52.2578,24.6716,-1.6157,-21.1737
-17.5079,-31.6891,-26.4922,9.8514,-19.3629,19.0039,-39.6980,-51.1616,-83.3979,-22.1128,110.6553,-4.8784,-16.8719,-20.3111,-76.0781,-82.6593,31.1154,29.2015,-21.1482
-20.6355,-35.0384,-5.9987,28.4331,16.3636,55.8580,-64.2373,-44.0755,-22.2064,1.0140,61.9699,24.1482,-29.5330,0.7147,-54.6145,-64.4357,1.4108,33.2849,10.4339
-7.1435,-47.0219,6.4484,25.4180,25.3089,66.3969,-58.3261,-46.9076,-12.2176,-17.7239,56.4963,0.4169,-28.0545,-12.1546,-28.5612,-60.3430,-23.6031,25.3408,18.0362
0.5351,-56.9823,-6.6124,28.0123,22.4295,71.0980,-31.2224,-93.2215,-44.2462,-77.8312,70.6261,-15.9309,-8.1064,-19.3936,-33.5204,-86.6008,-17.9066,34.8714,-17.1168
-12.3745,-42.2656,-20.8552,41.2814,19.7896,69.7368,-37.5613,-133.1496,-56.1222,-115.3717,74.1613,9.9601,-0.8448,-3.0504,-55.2952,-95.4952,-1.9331,50.9975,-55.8416
4.0795,-9.5568,-1.4364,56.5487,20.9526,-2.3784,-70.1033,-121.2040,-57.5779,-109.0846,43.2025,12.6992,-28.8537,0.2009,-75.6772,-86.6847,15.0699,69.3023,-72.0842
49.9719,10.6136,39.1573,67.4458,43.3479,-120.0784,-86.6911,-87.2189,-76.9220,-76.8950,14.1911,-25.4386,-57.3547,-22.0754,-93.8998,-86.5559,32.2518,84.8140,-71.1043
50.7448,-3.9285,50.2225,50.3437,66.9236,-145.8202,-83.4350,-59.8858,-91.4878,-32.3758,68.7689,-44.6106,-45.9003,-41.4959,-92.5246,-76.6082,28.3998,59.4773,-46.8921
12.5974,-43.4026,23.5709,9.6108,59.6079,-41.2133,-60.6076,-17.5160,-73.6195,0.8348,140.3501,-41.7556,-18.2277,-39.2312,-52.9057,-46.4956,8.1396,5.0372,8.8276
14.3723,-58.4866,14.2620,-2.8605,47.1747,80.7589,-23.5867,43.6597,-49.8292,10.6272,87.0502,-45.0160,-18.6524,-11.6009,-7.2550,-14.9120,21.9247,-7.4492,55.6077
51.5904,-19.3218,50.5578,20.8988,55.5545,124.5508,-23.4033,84.3664,-61.0430,22.1478,-17.7320,-35.0087,-42.4654,27.5082,-3.8975,18.4477,78.3025,20.4589,42.9535
66.8503,25.8726,87.5091,32.2151,61.0730,96.1600,-70.8194,87.0140,-86.8411,36.2869,-18.5170,-23.0284,-54.6109,32.9762,-31.7444,32.5684,112.3861,27.0105,-0.0074
63.0326,28.1108,84.4052,21.4610,55.7793,52.4674,-84.5529,68.5736,-79.9336,16.4026,23.5713,-52.7294,-38.4439,-12.9099,-42.4021,-10.6768,95.1132,13.6564,-8.3731
60.2628,16.2618,58.5697,11.7441,56.3537,32.3461,-25.9256,38.9417,-51.1276,-22.2016,-1.6714,-90.1346,-3.3418,-55.3597,-19.4810,-55.0303,70.5025,6.8313,5.0467
46.5413,14.4507,35.7578,-3.8570,49.1089,20.5920,33.4288,9.4979,-31.1980,-24.4236,-29.8612,-85.5566,29.8663,-50.9736,14.8422,-24.6084,50.5881,-10.5876,-11.8273
24.4885,-9.8242,15.6512,-28.5527,17.1170,-1.9141,35.7761,8.4987,-1.7691,4.8050,3.4038,-74.2238,47.0484,-30.3756,33.8252,17.0981,-0.9122,-35.4705,-43.8513
7.9992,-53.9540,-4.6935,-41.6712,-20.1149,-5.5876,18.9242,39.5944,50.5734,30.5259,32.8347,-82.9683,55.7669,-24.4157,36.3096,-1.6209,-69.8182,-38.9270,-46.1799
-9.0105,-75.7385,-25.3817,-48.6951,-42.0968,20.1905,43.3671,65.0849,90.7845,55.8990,13.7437,-85.3504,72.8318,-21.0962,48.9978,-15.4582,-104.8803,-37.3450,-30.5085
-20.0024,-89.2084,-46.8666,-68.2120,-54.5616,30.1087,100.1900,58.6202,91.5165,74.2412,-1.1235,-95.7908,95.4237,-20.4455,78.5359,12.8204,-113.6886,-53.3525,-34.2507
-10.0218,-123.9432,-58.8936,-85.4596,-69.4318,14.4862,124.5208,38.2856,59.2517,57.0859,40.0454,-133.9889,103.9033,-34.7507,87.3467,11.4533,-129.4379,-62.5686,-55.9670
-0.3479,-140.8077,-55.1576,-79.1108,-77.6609,12.8572,100.4396,30.0134,18.5059,19.7934,102.0138,-148.6887,97.9276,-46.6978,58.8748,-30.7386,-133.8769,-48.2397,-66.4655
-10.8452,-103.4835,-45.3860,-52.6335,-53.2294,21.9817,88.0223,24.3144,4.5858,-4.2243,99.1027,-113.9153,99.3175,-47.5017,30.3886,-59.5607,-107.1755,-25.8353,-48.9601
-21.7087,-48.1675,-32.3100,-22.0287,-3.4656,6.0565,103.8375,0.4391,25.8409,-9.2521,31.9161,-74.2921,106.0968,-64.1351,21.3806,-85.2005,-80.3964,-7.7125,-5.5726
-27.6220,-17.9971,-14.7211,-8.3625,21.5189,-28.3024,95.5651,-16.7699,48.6615,25.0241,3.7347,-42.9034,94.1280,-96.4319,10.4000,-119.5098,-80.7944,-5.3557,55.2824
-45.3535,-11.1344,-6.9902,-16.9223,10.7299,-47.3099,71.7649,12.1003,46.8543,99.9767,43.0988,-5.2620,75.1007,-105.4235,-7.0942,-121.9372,-87.0194,-18.8779,112.6795
-50.4766,-9.5565,-5.1573,-17.4749,17.1085,-38.5334,84.7101,59.5610,20.6892,136.7975,61.4668,10.6352,78.2541,-85.3782,-18.1859,-103.3531,-66.3454,-16.3395,133.3331
-14.6782,-6.9069,19.7289,6.2536,58.7547,-16.4751,101.7709,76.1435,-12.1662,104.2427,25.3138,-11.1770,82.5214,-66.3311,-20.9750,-99.7683,-30.8340,10.8712,115.0846
17.2424,-13.4638,49.3979,21.4163,82.3992,-5.0052,78.1223,80.0908,-15.0280,86.5015,-5.8530,-37.4047,59.8686,-54.4582,-9.1029,-77.7595,-29.3135,24.4192,93.8472
2.0013,-36.5504,33.4174,8.7739,59.5113,-8.2183,66.1474,88.4324,14.9327,100.5345,-4.7396,-51.4017,47.9702,-40.0042,15.3609,-33.0237,-67.0463,15.1501,73.2184
-14.0350,-51.2549,-5.5346,-2.5667,30.6559,-11.9904,96.8416,54.4272,25.0482,68.1752,-2.8261,-58.7584,76.3975,-34.4678,19.1661,-41.3641,-79.2666,13.5463,27.8510
10.8418,-31.5799,-6.9133,5.8784,28.9180,-16.2105,103.6699,-14.2943,8.6568,10.3270,-26.9536,-51.8954,91.7215,-46.9764,-6.7935,-102.4386,-36.0177,22.1604,-9.1497
27.6959,-2.1170,13.2058,16.5240,35.0251,-18.6188,68.3496,-25.3508,12.2834,5.2434,-59.2748,-37.9839,57.7001,-58.4292,-17.2968,-117.8162,-3.4200,24.8721,14.8870
0.8447,-1.2636,10.4706,15.9184,32.2668,-3.0937,58.1416,31.2128,17.3760,18.9282,-44.4129,-39.0601,28.5512,-53.9186,7.1503,-66.7995,-28.3726,23.6797,65.8876
-17.9762,-20.3808,2.8315,6.1763,35.3947,7.3624,75.0610,60.7536,-14.1817,1.3407,25.7016,-51.5070,38.4632,-50.3021,25.0621,-30.0063,-56.6741,14.2643,79.1854
3.6001,-27.1538,7.6805,-12.7675,34.7810,-28.1857,55.5487,29.6784,-32.6040,-11.5039,72.6696,-62.5706,40.0006,-65.4183,14.6949,-41.1536,-37.5989,-13.8277,58.5778
20.7936,-16.1997,-4.1160,-38.5682,0.5391,-78.7716,14.7945,-10.6310,4.9567,-9.7858,49.0344,-71.5109,11.5493,-85.2415,13.4777,-48.9913,-9.1723,-47.6534,39.4237
8.8203,-7.8086,-28.5877,-58.0681,-34.9470,-89.4649,23.1002,-30.2276,52.5686,-15.1303,1.4022,-73.2791,-0.8879,-90.0797,49.0234,-18.7525,-22.0231,-69.8317,38.4686
-3.6303,-13.3916,-27.1504,-59.2251,-20.8064,-79.3313,61.4027,-32.2708,65.8783,4.9275,-18.5019,-66.8020,14.6927,-86.5643,81.1245,13.5848,-54.3130,-74.9889,53.6420
-11.2643,-20.8325,-11.8594,-45.7075,4.0209,-77.4834,49.4464,-13.6517,47.0897,55.0368,3.8258,-58.5080,13.7101,-80.3838,58.9472,12.5321,-56.2906,-59.0669,60.1192
-35.9006,-22.1238,-20.1201,-34.4889,-12.3957,-57.1570,-0.0729,24.1494,19.1740,79.8511,53.9174,-40.4800,-11.4737,-57.9873,15.5244,10.8805,-38.9003,-36.1312,55.4623
-71.6317,-30.0350,-47.6426,-36.1648,-32.9059,-17.3302,-2.4192,56.4058,23.7296,79.5544,76.0797,-14.8197,-22.8402,-29.8774,21.1954,40.9094,-49.3472,-32.9818,78.9211
-100.4328,-46.0393,-75.5909,-43.8109,-25.2947,-5.8692,41.7796,54.0727,66.1958,90.6273,45.0387,-13.9799,-13.1483,-30.2840,61.6626,69.7227,-82.1256,-43.4916,114.2118
-119.2306,-56.1697,-92.7351,-46.6934,-13.7099,-22.7544,59.8761,35.6863,95.9802,108.9038,14.8875,-43.7556,-6.8357,-46.0520,80.8270,85.5575,-100.3619,-44.5671,102.1631
-119.0194,-69.3174,-80.2351,-44.3536,7.2822,-20.3495,43.8610,58.5517,106.4837,137.6201,9.2993,-64.5663,-11.4083,-27.3198,94.5536,134.6164,-113.4020,-43.9308,74.7063
-97.1600,-93.0258,-49.3085,-43.7396,35.9871,-1.0131,33.1014,105.6507,126.9568,173.1566,-3.8217,-59.1915,-19.7345,17.9774,126.5473,203.0837,-138.2616,-53.4987,77.8041
-83.3062,-93.9942,-47.6099,-47.6082,15.0293,-10.0765,23.1501,87.7282,129.6613,158.9904,-10.8872,-49.7300,-25.5400,31.8900,127.8931,208.8797,-141.6700,-56.5411,50.8075
-91.3372,-56.2416,-71.7676,-45.4379,-36.9782,-40.6202,4.5360,15.0613,98.7046,94.9083,2.2928,-46.0252,-20.0237,6.0243,80.8022,145.2319,-106.2251,-41.4439,-17.6385
-86.5661,-16.8631,-66.5638,-28.3631,-33.6173,-40.0571,-3.0223,-15.3558,76.6321,51.4113,-5.4844,-32.9416,-8.3874,-10.9057,44.8809,88.5267,-64.7150,-23.5321,-33.8252
-50.0870,0.9992,-31.9502,-13.0966,-2.9284,-12.0353,-14.5734,-9.1528,64.9269,25.3291,-24.3279,-5.6796,-13.7015,5.4572,39.0640,76.0556,-30.5983,-20.9946,-11.7511
-13.1020,7.0393,-14.3888,-18.3925,-17.0526,-12.4289,-57.2018,-26.4155,51.4115,-12.1580,-12.3442,13.0861,-37.2673,28.0277,31.8112,83.3668,-1.9373,-35.1465,-35.5820
3.2111,6.7184,-14.0469,-29.1438,-33.6135,-40.5490,-96.0175,-36.1640,76.6821,-22.4126,-12.0111,10.3869,-53.8520,27.9006,27.7683,78.0789,3.8639,-51.3362,-51.3146
11.9962,13.8647,-9.8616,-28.9633,-20.3173,-48.8537,-96.4269,-15.2169,123.9300,-21.5035,-46.5083,14.2065,-54.4258,15.4374,37.0747,53.9171,1.4351,-60.1224,-3.0658
12.2517,35.2708,-20.3083,-32.8404,-33.9627,-40.0946,-84.4500,-9.1387,121.1636,-65.8414,-47.3096,36.7265,-52.2073,18.3296,39.4940,44.8757,21.7391,-67.7592,22.4606
-13.5044,33.1478,-55.5801,-43.6195,-68.3709,-33.2841,-76.9665,-8.3773,94.6525,-90.0900,-15.1350,34.5929,-55.7561,31.5948,36.5865,70.3681,33.0521,-67.5738,-1.8427
-50.6773,-0.8722,-79.6571,-38.4143,-64.2796,-9.1696,-57.6245,12.8928,101.6757,-37.5808,-22.3529,-2.4028,-59.8529,23.2532,43.5012,82.4570,3.7966,-45.4000,6.0348
-67.1151,-7.3147,-74.5083,-24.1012,-42.0502,12.8981,-34.3181,2.3161,114.7675,-0.6163,-56.0101,-19.1617,-55.5663,-9.2104,51.3030,56.7871,-22.2390,-27.1265,38.3173
-68.5898,16.5223,-73.2208,-28.9347,-37.9528,-14.1052,-23.8287,-40.3796,126.0209,-11.8611,-77.0244,-10.5399,-51.1745,-30.3972,63.6013,57.9981,-19.3547,-42.1802,40.3856
-79.0775,3.2123,-97.9667,-42.8404,-42.9728,-48.4986,-12.4785,-39.1907,153.2117,8.6321,-101.4283,-20.3016,-64.1915,-16.4201,87.1241,109.7808,-23.4594,-55.5589,34.3863
-85.1460,-34.9364,-120.4380,-38.6775,-63.5824,-30.8014,6.4967,-17.9721,140.6507,26.6736,-105.5820,-22.4528,-73.3010,20.0849,84.4447,127.5013,-36.4611,-31.1154,20.8866
-63.5494,-34.3673,-107.7526,-23.5611,-85.8262,0.6714,16.6336,-43.9199,78.1627,-32.7126,-55.1270,19.0906,-39.1885,47.0203,44.4691,71.7325,-33.6417,-5.9327,-23.2929
-36.9727,-22.0901,-77.7586,-19.5461,-67.1429,10.2517,17.2662,-77.5466,55.9359,-88.5097,-4.4624,47.5801,8.0642,40.6047,26.4710,16.0188,-36.0541,-16.5724,-38.9467
-37.0880,-46.6658,-73.5284,-29.0573,-46.0164,18.8327,22.7518,-88.7572,72.4726,-71.4798,7.7139,21.5856,7.2402,5.9212,47.0204,2.9253,-60.0210,-34.8905,1.1192
-47.8686,-67.5011,-89.7143,-35.9828,-73.1303,12.9686,36.2928,-118.0442,43.5384,-53.5735,17.7744,-13.1616,-16.4443,-33.0300,47.8227,-14.3360,-73.1161,-26.9165,13.2631
-42.1210,-41.1071,-80.1691,-20.6370,-81.9804,-5.9337,47.6211,-144.1038,-13.9697,-68.8023,20.9452,-27.9713,-4.8554,-57.5787,11.8826,-56.9396,-48.6144,3.2856,-26.4274
-26.5288,6.1057,-40.0223,12.7863,-29.2051,18.7393,40.2728,-133.2071,-37.9402,-76.4973,-15.3310,-27.3450,16.7789,-57.3172,-16.8387,-79.1159,2.1658,32.3042,-52.0434
-13.9770,42.6330,-11.6212,31.3446,2.3174,53.0108,12.1900,-140.1244,-27.7116,-85.9307,-61.1049,0.6602,5.9965,-39.3007,-17.7541,-63.8235,39.6800,35.9700,-55.5465
-5.4314,62.1202,-12.4153,21.1225,-24.9870,18.0052,-13.7106,-174.8821,5.6096,-114.0603,-78.2670,29.1654,-10.6267,-34.8790,-5.5116,-52.1856,31.2971,14.8686,-64.5758
-5.9612,64.7366,-21.6506,4.7520,-48.5838,-29.2307,-21.0620,-164.1737,26.0581,-134.8887,-57.6531,17.2756,-7.7896,-47.9012,3.1872,-51.7104,8.8679,-3.0765,-65.8907
-8.0378,66.0373,-23.9004,-2.7909,-46.1812,-51.4147,-16.1722,-109.7710,-19.8690,-142.0988,4.4432,15.3779,-8.1189,-34.6458,-5.7650,-22.7447,26.4053,-8.4218,-51.0255
12.0573,72.7178,-18.2059,-8.5691,-38.4705,-149.4739,2.1071,-64.5194,-74.4931,-128.4708,57.6119,64.2594,-18.5728,5.2490,-25.1275,19.9949,52.1185,-16.0161,-17.4834
40.8086,59.1524,-11.7109,-19.5140,-25.4287,-269.7108,44.2744,-17.8234,-41.8565,-67.3167,35.8994,83.6455,-12.1657,8.7972,-20.3175,16.3279,28.3979,-29.2708,47.9501
33.3906,23.4190,-19.7829,-39.2404,-19.3184,-199.4356,94.9308,34.6854,32.4974,7.7985,-19.4024,37.0580,23.2799,-27.1061,18.1017,-21.3982,-5.3710,-48.3018,109.6489
-4.3378,3.7315,-40.3189,-63.5560,-35.0714,4.8918,121.9433,53.8457,67.7947,45.3130,-39.6201,13.7146,64.2643,-35.9462,55.5822,-28.0386,3.0468,-76.4511,117.8836
-24.7290,3.2171,-52.1103,-80.2460,-54.7909,80.2000,116.9366,43.6696,84.6934,72.8099,-48.3577,29.9750,70.7851,-15.9434,73.0141,7.0772,13.9380,-99.1061,94.9678
-26.5271,-17.0506,-58.8649,-93.7375,-71.0679,15.7784,94.4217,36.7557,100.7256,113.9833,-56.6509,-1.8003,32.0165,-19.7267,91.3019,60.8800,-12.1191,-108.1221,74.2858
-42.5465,-58.3374,-82.3184,-112.2781,-96.3594,-17.4571,63.7147,32.9642,92.8933,121.6983,-18.7144,-68.6943,-13.6316,-34.1509,112.9575,117.4559,-43.8834,-115.5904,45.7224
-68.3103,-79.7414,-114.7997,-116.3290,-124.7708,-2.0825,26.7627,20.7001,83.0176,77.1956,36.8969,-75.5179,-34.8780,-19.1381,105.8124,133.8958,-53.5578,-112.2327,15.5945
-86.3703,-71.4337,-133.9849,-98.7596,-144.2928,10.0914,3.1659,-4.7245,95.4675,30.5865,40.2007,-38.0872,-38.5575,-1.0145,81.4149,102.4048,-59.4215,-89.1281,0.9202
-108.0197,-63.8316,-137.5934,-91.1919,-143.9899,41.1983,20.6904,-27.3032,103.5300,30.3801,17.3181,-37.0797,-27.3657,-9.6402,95.0254,105.6270,-79.7331,-79.8372,-6.1351
-125.6012,-68.1769,-126.1869,-101.0068,-114.5015,73.4641,60.8664,-5.6246,90.9994,83.8278,20.5620,-56.5419,-4.7542,-16.5301,129.5750,160.6139,-93.1030,-95.9736,4.4012
-101.0994,-63.0978,-97.5559,-100.6965,-88.2013,52.8302,69.4463,47.1789,68.8051,143.6381,24.3854,-45.6790,-1.1891,-7.7258,113.4307,162.3850,-64.2975,-99.0414,36.7225
-46.1837,-40.7259,-67.6321,-89.5707,-98.8032,10.0173,37.6132,58.4091,44.2593,139.3078,6.1372,-36.9692,-21.9485,-12.1248,64.2317,97.1880,-11.6500,-82.7481,37.9362
-19.1532,-21.5494,-48.5522,-79.7965,-105.3984,-0.5710,3.4919,28.3123,24.4588,77.2436,3.9076,-63.3120,-32.1073,-28.5081,50.8410,71.8508,4.1101,-71.7288,-9.2393
-24.3834,-19.6598,-29.3773,-60.3865,-72.1182,13.1332,-16.8109,16.6428,6.5578,35.0411,32.5363,-74.6971,-27.9425,-24.9965,55.0574,91.2008,-17.3488,-57.3116,-37.1576
-16.1555,-27.3990,-6.3781,-31.5754,-35.8424,31.9258,-29.2033,13.5545,-12.2484,30.4461,43.7226,-45.1024,-34.4409,-6.8247,36.7697,74.7798,-23.6086,-30.6674,-17.5717
6.9044,-28.3830,13.8267,-4.2468,-11.1282,53.6159,-33.1093,-13.4378,-16.0933,11.5918,6.6120,-27.8776,-46.0951,-1.7935,25.3985,38.7942,-16.6682,-3.7354,-3.3315
13.1627,-6.7138,35.1732,28.8076,21.7949,71.5784,-40.8486,-44.0975,-17.6049,-34.1894,-34.2512,-31.5427,-44.9800,-4.9411,23.2369,25.4221,-17.1394,27.8943,-25.9902
15.4144,32.8775,55.7672,52.7811,37.5702,81.0338,-60.9942,-70.7452,-44.8451,-71.1578,-25.5374,-2.0813,-25.7878,1.2251,-11.9013,-4.0020,9.3108,48.4655,-65.5119
45.0857,58.3165,67.1373,38.3835,25.5907,78.1011,-64.7029,-96.8260,-70.8041,-88.0522,12.7607,46.8024,15.8384,13.8527,-52.3365,-53.6199,65.0315,22.6809,-98.7688
85.8287,53.5747,78.1942,15.9401,29.9350,66.7066,-39.7186,-92.9220,-77.2454,-104.1656,34.0359,63.2887,57.7969,35.0959,-50.9098,-59.9848,89.5701,-12.1252,-117.0044
100.6963,36.6509,87.1802,20.7077,42.3440,72.7695,-17.5804,-65.9997,-96.6511,-113.3252,39.2225,75.8789,60.3753,75.0987,-35.7677,-18.6652,78.6502,-6.1471,-116.2500
87.3237,19.7702,65.3015,12.7404,17.9399,96.4568,-5.5861,-52.2831,-103.5261,-79.4514,37.6514,117.6383,33.9791,113.4483,-28.5032,20.7869,85.4028,-9.6400,-83.6584
68.0665,2.6591,19.2290,-25.7962,-12.2057,97.4354,16.2673,-29.1179,-53.0170,-9.1609,14.2056,139.5472,19.4953,119.2870,-10.8460,39.0019,110.6190,-52.7880,-19.2366
56.7784,-6.4339,-6.2774,-38.9147,-11.3793,77.1490,41.5119,11.2140,-7.1682,34.5533,-22.1311,121.3695,22.2424,106.2486,-1.6304,31.4263,116.7434,-63.0677,25.2898
52.5990,-8.0689,-9.4445,-18.6836,-18.3251,81.6697,55.6290,11.0409,-15.0109,30.6410,-42.9873,119.0693,30.9161,108.1383,-20.3219,-1.8607,104.6811,-26.4047,9.9692
50.2728,-11.3553,-13.9796,-10.1586,-44.0129,110.2119,51.9776,-18.7554,-29.3037,25.7857,-39.4816,142.4469,36.9867,117.5827,-44.2331,-38.0322,103.0878,-8.0729,-15.9987
45.0078,-7.7678,-4.9221,-1.8305,-38.9519,122.4179,12.9565,-11.2538,-52.5512,33.5518,-1.4847,135.8542,18.9157,97.4973,-74.3620,-70.4752,119.0239,1.6784,-0.6930
28.7008,-0.0679,18.5157,25.5115,-1.3880,110.0523,-42.9962,7.3570,-100.0187,24.8538,58.7004,81.7680,-18.8055,40.0705,-105.1938,-101.0107,116.8406,33.8232,29.2873
0.8676,-13.7715,16.3509,34.7634,22.5522,95.9750,-50.6434,-10.9870,-91.0678,11.3631,70.7158,23.1835,-34.5896,-10.5805,-81.0193,-94.0802,64.3003,44.5381,43.5091
-13.6906,-36.7940,0.8606,27.0856,27.5943,103.1969,-8.4378,-27.4735,-32.8669,15.0496,17.5389,7.5894,-18.8214,-5.6721,-22.9210,-49.7262,5.6737,33.8454,39.9663
2.4551,-31.9841,26.4863,48.0353,42.6193,129.5030,11.9124,-19.1515,-50.8961,15.1023,-6.3896,33.1769,5.2373,34.7321,-25.9161,-36.6496,-1.4214,58.7089,5.3781
17.6023,-9.1488,69.9762,73.4922,66.1918,131.8161,-8.1669,-18.8382,-115.1967,9.2609,39.6837,50.2309,28.4457,46.0540,-69.4112,-56.6929,11.3235,86.0592,-43.2073
4.0645,5.1297,67.9823,54.1710,66.9151,88.1259,-29.9484,-24.6480,-100.4199,23.6545,76.6965,47.4207,39.3472,30.9117,-68.8849,-37.9467,9.8836,54.3379,-60.0122
-3.9667,16.7807,40.3601,21.4558,44.2730,48.3879,-41.5087,-22.4414,-45.9988,40.8352,62.3908,69.1147,34.7622,45.9725,-52.5715,1.8436,31.0611,7.7043,-59.9468
19.8575,28.9678,40.6359,21.1621,40.3877,48.8902,-45.0624,-25.0140,-27.7264,27.5819,31.3368,104.1536,44.4994,78.5136,-65.9798,-10.7380,67.5246,2.2809,-76.1791
37.5803,36.3241,57.2659,36.1676,60.0947,56.8797,-34.8719,-19.8374,-9.9137,2.0682,-2.1961,96.7714,65.2232,75.1327,-65.0185,-41.4474,60.1925,16.2148,-79.9428
22.9459,45.0363,56.6730,36.8644,50.7188,55.2144,-24.5860,2.1546,3.3445,-5.6749,-22.5937,69.2270,55.7430,55.0319,-36.4197,-19.9154,27.5008,21.0134,-62.4310
1.7026,40.7596,39.1348,22.6895,7.6285,66.4637,-25.7900,3.5025,-28.7950,-6.2844,10.6588,62.7728,32.3777,54.3333,-25.1614,17.5410,17.2686,16.0852,-66.8796
-7.0497,13.8426,20.6839,14.9306,-7.8855,84.4068,-21.9119,-16.6575,-64.8141,-27.8864,61.3074,41.5771,32.8210,48.6708,-30.3369,12.5489,13.2596,17.0896,-87.2061
1.4497,11.6664,24.8733,41.1698,20.9136,91.9631,-4.6441,-16.5081,-84.2778,-76.9565,38.8596,1.1317,33.6218,30.2397,-34.6776,-18.3525,15.8534,53.7326,-85.4684
35.7137,50.9825,65.0597,89.3567,60.9064,103.8099,15.0122,-11.2503,-117.6002,-121.7159,-36.8222,1.8751,28.2993,27.6474,-50.1172,-55.3973,46.2203,108.7170,-72.3259
67.2743,66.7216,106.3406,114.4107,100.0882,121.1893,30.2954,-31.4051,-135.2679,-124.0083,-60.4956,30.2856,52.2131,25.3303,-68.9287,-106.3869,57.9269,126.9656,-61.0826
56.7951,43.2217,111.6695,120.3077,130.5881,125.7787,34.1949,-40.8066,-129.1837,-99.4982,-22.7249,28.2651,77.9211,4.0325,-82.7208,-150.7022,29.3471,129.5477,-41.2205
39.9025,38.3512,110.4465,140.3704,142.7835,132.3270,27.9202,-16.5400,-157.6689,-93.0433,-3.1950,15.6964,65.5605,-0.9920,-103.5291,-161.7009,26.9316,161.9545,-27.5169
70.0973,52.2316,138.8568,153.2113,155.8994,156.1176,26.8949,-4.5844,-196.0973,-109.1620,-15.9050,21.9137,59.4460,17.0102,-110.6103,-155.4484,59.2826,174.5169,-36.0359
113.1511,49.9219,169.8811,137.3525,171.2219,166.6576,25.6696,-29.0949,-189.3442,-130.2043,-9.5262,24.7888,84.0034,18.6835,-92.4905,-157.5942,64.0442,138.4406,-54.9026
115.4065,54.1357,174.1103,131.7256,162.3575,146.3860,15.5118,-53.3937,-186.8519,-149.0019,14.3951,25.7154,96.9898,7.3306,-95.3373,-171.1711,47.5111,128.7667,-77.2206
99.0333,78.1828,169.3894,146.1714,149.9927,126.3776,25.1374,-52.7744,-202.8928,-149.6988,6.6177,37.0153,103.1913,2.9146,-116.6686,-188.2384,47.3051,154.7802,-87.6757
100.4084,87.9726,170.6130,138.1024,163.1074,125.6945,64.3248,-47.8220,-167.5993,-126.6962,-41.2370,36.8000,127.3578,-8.6150,-92.1740,-187.3743,43.9211,139.0677,-64.5212
102.2756,84.2150,164.7799,114.6015,165.7726,126.5780,91.6515,-59.0295,-109.2419,-105.7652,-93.1301,32.4504,133.6726,-15.6525,-39.9536,-151.2308,26.9986,100.4003,-42.1816
77.0200,89.6754,143.2780,112.7747,141.5585,115.9421,91.8409,-73.4334,-100.8814,-92.7489,-112.5570,48.8634,116.1982,3.4182,-30.2514,-106.3436,18.8492,104.2674,-61.0680
32.9196,88.7251,112.5666,109.1877,128.1824,97.6301,86.2532,-74.5676,-102.4542,-62.3863,-84.2963,54.4898,116.3883,7.3922,-44.8535,-86.5091,14.3194,108.6513,-79.1676
2.1872,67.8457,82.1887,73.4898,111.7290,75.5506,69.0300,-72.6254,-72.4926,-16.9524,-38.5896,27.5483,106.2834,-28.6518,-33.6288,-77.4093,3.5552,66.4162,-51.8716
2.3577,33.0268,52.9274,30.9319,52.0673,51.5715,34.5798,-68.8660,-40.7109,15.7535,-23.9415,-0.7986,44.5490,-53.4952,-8.4696,-58.6865,-8.0142,24.2786,-8.1718
9.1873,-17.7266,11.1952,0.0882,-17.3111,24.6551,8.7349,-39.8373,-3.6738,24.0799,-25.9395,-29.2313,-17.7561,-46.8512,10.8824,-41.7673,-28.0752,7.4775,21.4751
-6.8430,-64.1271,-41.1492,-29.8128,-53.8289,-6.5693,-6.6453,7.0809,45.0057,15.8578,2.2560,-66.7263,-40.2133,-40.3303,28.1076,-21.3186,-50.3696,-14.6165,38.9513
-31.0334,-76.2436,-70.5145,-51.4962,-72.5995,-30.5357,-23.8541,37.3281,63.9195,16.5003,38.8121,-77.6809,-56.2629,-32.5362,42.8833,24.5181,-60.0293,-37.8113,46.5330
-42.9669,-73.1289,-69.5276,-56.6431,-87.7416,-31.6562,-22.2442,49.9738,59.3899,38.2716,39.4582,-70.0500,-71.9619,-25.6637,59.9514,65.8899,-77.6060,-41.8686,55.9700
-55.0935,-72.9957,-74.4925,-58.7226,-96.4731,-18.3336,0.4707,53.6590,69.6021,42.0068,20.1270,-96.9936,-64.5164,-52.2882,77.4854,57.5149,-100.5847,-38.3172,66.7478
-61.8388,-47.7342,-87.9094,-55.3708,-103.3032,-28.1629,13.3393,35.9014,68.1965,1.1608,-3.7506,-125.2771,-52.7002,-80.5425,72.4073,31.0475,-81.3449,-29.0623,45.1981
-32.9114,1.8448,-74.2644,-36.0775,-100.2059,-98.5449,19.0992,14.2103,33.0313,-43.3896,-40.9596,-89.6342,-54.7976,-50.0070,46.9099,43.5108,-32.4474,-7.6764,-0.9460
12.3728,36.2714,-43.5251,-21.8657,-88.1359,-208.3064,27.4323,22.4977,-2.4712,-63.0170,-51.6533,-30.5206,-59.3482,-0.0082,28.0812,77.9310,-9.6211,2.4922,-17.6629
18.4462,48.2742,-38.9236,-28.4088,-94.3671,-249.2654,5.6850,38.8755,-29.4461,-81.5069,3.9391,-7.9310,-70.2534,7.8697,12.5035,87.1967,3.5001,-9.7494,-4.7897
-15.8313,42.1001,-57.2063,-31.3104,-107.4479,-134.8220,-47.9943,27.1360,-58.8349,-110.2776,79.1146,2.9327,-89.0669,6.6590,-8.1565,71.4380,36.4894,-16.8123,3.0856
-40.0191,16.6922,-61.6494,-16.5957,-91.8619,46.4595,-77.3474,1.0558,-73.1237,-140.6513,114.9429,27.9438,-88.9986,26.1500,-13.8677,46.0880,52.0977,-8.8505,14.0603
-30.3831,11.7256,-43.1293,-5.5603,-69.3386,113.9268,-62.0134,-17.5324,-63.9237,-161.6241,107.2783,49.4648,-63.0528,24.2107,-6.2013,7.0740,37.9778,-7.4398,37.2594
-15.0051,48.5591,-24.5442,-6.9076,-65.0980,52.5430,-28.3741,-26.6069,-40.8312,-141.9953,66.8530,71.0011,-30.0332,-1.5659,-9.2564,-30.9939,33.0469,-15.7906,54.3139
-26.9015,68.5924,-28.6329,-3.3861,-49.3575,12.1650,12.1184,-27.0532,-15.9525,-86.6693,26.7534,109.1918,3.7941,6.4247,-18.8985,-37.3557,37.2062,-14.1949,61.9909
-49.7622,40.8758,-42.1658,9.3457,-17.1688,43.3561,43.1356,-34.1132,-20.9484,-58.7776,38.0172,141.8850,29.5948,44.8321,-23.8218,-20.9351,26.2158,0.3505,58.0837
-41.5005,14.6164,-26.8572,14.9245,-5.7030,52.9849,34.2930,-53.4941,-59.7990,-61.3069,84.5030,133.1794,30.2653,51.4632,-29.3626,-13.7963,6.8111,8.2706,30.7059
-14.7302,11.3581,5.6924,7.4493,-14.7451,14.6184,-2.9380,-55.6149,-79.2724,-48.4260,109.1601,84.9769,15.1173,21.4751,-31.7230,-13.8461,-9.2527,2.0742,-4.8334
-18.5426,8.7217,5.6949,4.4248,-16.3450,-2.9628,-28.3274,-43.3695,-66.2310,-55.0223,115.4091,35.5462,10.5622,1.0952,-28.5072,-9.3163,-21.4787,2.5088,-33.7914
-41.4532,15.1779,-3.7907,23.5012,0.5211,12.1620,-34.4632,-60.7257,-71.7381,-109.7248,130.5259,16.0101,25.8228,-8.8304,-36.7656,-24.6231,-32.3003,25.8584,-63.8342
-34.7852,40.5910,39.0342,57.7666,39.4745,21.4933,-37.7372,-94.0379,-111.0477,-136.0060,145.6156,22.5090,48.8079,-33.8937,-60.5097,-72.0797,-46.1162,57.5791,-76.8166
-5.1476,54.4521,97.8230,81.9381,80.2741,28.2895,-42.4422,-95.8079,-151.8285,-110.6588,150.7956,33.5280,53.3808,-49.4214,-78.6458,-102.9462,-47.1312,75.8988,-58.0798
15.0114,34.4875,95.7360,76.6479,82.1174,38.8590,-47.7495,-83.0584,-158.6946,-103.4924,139.1143,26.5204,25.2545,-32.1966,-72.5753,-83.3692,-21.7513,71.0837,-43.1168
28.7224,-4.6774,55.8172,42.8986,46.5973,28.3694,-57.4971,-84.3162,-106.6952,-102.1831,102.4607,-13.3125,-9.5030,-27.1796,-42.9357,-58.8024,-8.0823,39.4378,-44.9967
40.8504,-26.1554,37.0806,4.0647,2.1803,0.7910,-69.6261,-79.3176,-39.6259,-65.6178,71.4348,-54.7929,-20.4305,-54.5683,-18.9159,-67.3950,-21.6371,-0.1960,-44.2368
43.0542,1.0561,30.8302,-10.7627,-44.5810,-12.5017,-73.1327,-70.4956,-44.6533,-65.6916,69.6008,-45.6128,-15.9085,-57.3365,-31.0464,-77.5922,-1.3153,-10.0408,-64.3523
47.3940,48.0994,21.8581,-0.6863,-70.7983,-5.8608,-58.2029,-87.7231,-101.2302,-133.0582,64.0283,-11.3177,-8.8035,-30.8447,-56.7116,-77.4826,57.9441,8.1104,-106.6703
64.1509,52.9379,29.6844,8.0664,-47.2997,11.9098,-30.4481,-110.2092,-117.9760,-162.7964,48.4765,-10.9711,7.5121,-39.8295,-58.0816,-106.7010,78.2239,13.6341,-97.0151
79.9431,28.4001,52.3199,6.4678,-7.1780,31.3840,-8.6700,-95.7096,-104.1222,-116.4392,53.5138,-10.6964,23.3817,-64.3667,-51.5083,-147.4510,62.8247,0.8940,-25.7294
90.5350,32.8707,68.9568,7.2507,6.0396,28.7086,-4.4932,-50.5511,-111.2291,-74.8374,56.2008,27.6011,16.1985,-39.6021,-55.7668,-130.1768,76.6203,-4.3948,20.9808
95.5127,49.5675,71.9679,4.9806,3.7471,-1.5725,-18.4629,-13.8174,-109.1719,-73.6926,38.0347,25.1957,-8.2009,-17.2390,-44.3214,-72.5697,92.7639,-7.8605,15.7001
77.7398,27.2706,52.3335,-16.3329,-5.3887,-26.3182,-39.6602,-16.1364,-68.9806,-85.1119,45.5495,-62.0751,-22.4237,-64.4017,-8.0512,-49.3896,53.4971,-28.4408,-2.9777
42.7330,-19.3408,13.1462,-44.3208,-29.4712,-26.4583,-39.8586,-48.6554,-20.9866,-89.6247,74.4224,-129.3750,-12.8709,-107.6033,27.7645,-47.4888,-13.3592,-52.9562,-25.8756
22.6829,-54.3874,-15.4381,-55.4553,-44.1014,-17.4409,-7.8774,-60.6390,20.7057,-69.3645,66.4123,-101.9838,12.7774,-68.3605,51.7809,-16.1713,-60.3865,-62.1906,-45.2059
17.2857,-75.2684,-23.7161,-51.8852,-35.0263,-9.6125,22.7510,-30.0646,57.9999,-26.2834,44.2590,-41.7793,41.1180,-1.2152,57.4567,13.7057,-83.4313,-59.5280,-42.4681
2.6249,-77.5019,-28.8509,-47.6714,-25.4698,1.4167,23.5217,1.5074,74.4498,3.7303,55.6738,-12.4608,64.0396,23.8636,40.2371,7.5104,-83.7981,-55.6456,-38.7280
-13.8305,-57.1348,-27.3415,-46.5365,-16.0624,16.8603,10.0048,4.9980,67.9971,17.2716,66.7172,-8.0863,71.6451,20.2738,27.9829,12.0711,-60.8674,-58.6938,-49.8337
-11.8154,-34.8197,-15.7579,-47.5712,-1.8472,25.3351,0.6041,-5.4073,49.2355,38.9247,47.9930,-2.4467,52.1422,23.9275,32.7461,52.1814,-20.4409,-67.8054,-53.4744
0.8544,-19.8425,-16.5709,-44.5542,-7.4869,6.7724,-10.5221,-26.1135,28.7068,52.7707,20.5734,28.2186,17.0160,45.4919,19.3847,73.8526,27.9604,-65.1990,-53.1045
2.9981,-0.4274,-28.2077,-25.1764,-21.9487,-27.7295,-29.1208,-58.3105,28.5828,39.1860,-12.0279,76.7782,-7.1981,71.9768,-14.7892,56.3484,56.0366,-39.1458,-65.9600
-10.9402,19.3705,-25.3457,6.4661,-8.1046,-26.4545,-54.3350,-75.1937,38.0524,23.0276,-41.8113,98.3802,-24.5074,79.0473,-34.1264,42.2421,56.0418,-4.1837,-69.0234
-23.7071,26.7862,-14.8579,24.4475,10.2265,16.7323,-78.3637,-57.0664,20.8657,27.1878,-41.7109,82.8696,-48.8902,66.7827,-41.3789,40.7193,68.0740,16.2531,-47.2432
-16.8983,22.9533,-14.4420,13.7083,-0.5309,35.8218,-80.4205,-17.6935,6.4385,47.7063,-30.0195,62.8673,-58.4207,54.0006,-47.1037,28.4450,91.6115,9.3521,-19.8245
-4.8948,9.7970,-17.9057,-9.1732,-12.1146,6.7114,-56.3483,19.7021,34.6220,72.9927,-32.8144,42.9580,-43.1948,38.5986,-30.2875,19.6422,74.7925,-14.6376,9.0154
-16.9556,-11.0827,-28.1230,-18.4362,-8.8695,-19.9410,-27.4792,40.6435,58.6896,87.4152,-31.9366,16.5923,-37.0556,19.8872,-1.3699,32.2946,28.0978,-22.0315,40.9631
-49.1161,-28.0906,-57.9146,-13.8517,-18.3277,-24.1272,-3.6445,48.3482,59.3831,90.6755,-32.2410,2.3976,-47.2986,11.7454,6.8860,38.9720,0.7739,-3.6668,64.6129
-77.8600,-34.3960,-93.0185,-21.6600,-41.2889,-32.0153,14.0141,60.2580,99.2354,107.6722,-55.9595,-4.7641,-47.7012,-1.5454,14.2899,26.8495,-15.7921,-3.1686,90.4637
-96.1380,-32.9754,-114.6864,-55.1739,-65.5801,-46.1782,19.8863,82.3180,161.6731,146.1222,-72.4479,-25.1521,-44.9435,-35.6691,43.1889,29.3595,-30.1819,-44.3365,129.4607
-100.9897,-27.7792,-127.7048,-92.0851,-100.3754,-59.4123,31.8545,106.6616,169.7471,182.8429,-60.6077,-34.7512,-45.2999,-52.5648,61.2529,50.7198,-20.0963,-85.0828,150.2854
-89.2582,-31.4286,-134.3411,-109.9444,-131.1567,-79.9489,68.8037,127.1256,157.4348,201.4686,-53.1221,-19.2256,-15.4180,-28.9273,59.0126,58.3798,-19.0642,-95.8010,126.6892
-73.2871,-52.0208,-129.8351,-116.5083,-133.8486,-98.2073,99.4996,133.6239,180.2101,201.8090,-56.1052,-19.0787,33.5558,-3.6205,70.0411,61.0302,-59.1452,-100.2366,79.1477
-59.0858,-66.5094,-118.7621,-120.7076,-125.6101,-99.1496,96.1993,121.2910,181.6826,190.6774,-53.9357,-43.7344,39.6159,0.0639,87.3335,83.5716,-75.6304,-107.3688,43.1503
-38.9553,-51.0328,-101.5466,-111.5542,-115.8822,-94.2293,91.7383,104.4983,131.8772,182.3222,-68.7108,-48.1353,10.0897,0.2641,82.0157,101.1774,-32.2934,-97.3645,39.4218
-23.9742,-22.2461,-77.2594,-86.7821,-80.7468,-92.8366,108.9196,90.6430,99.7476,182.0305,-108.7439,-22.2096,1.7119,6.3740,72.8645,102.1596,3.1254,-75.9111,58.3502
-27.7185,-8.3909,-57.9532,-63.3242,-32.3952,-93.2592,120.1743,77.3556,100.2752,184.3987,-133.2510,1.7811,9.0941,19.7028,79.0251,123.5099,-2.2485,-61.3531,64.9224
-34.2147,-10.7189,-46.5057,-50.5480,-13.2438,-98.6244,112.0270,74.6584,77.1565,186.3527,-106.0669,10.8924,11.9355,34.1391,70.9152,142.9503,-14.3621,-48.4477,46.2483
-33.3027,-19.3217,-33.4096,-42.8367,-18.4937,-87.3875,96.0835,75.4994,40.6052,175.0552,-38.8217,7.2335,35.7501,24.1548,35.8146,92.5893,-30.0349,-33.4267,20.8906
-38.3559,-26.1676,-24.4128,-30.8488,-13.3995,-32.1806,73.4811,56.8280,44.1551,143.9526,-6.3621,-9.0963,65.5053,-2.1732,12.8381,17.7007,-48.2701,-20.1390,-0.1868
-43.2438,-14.1846,-21.0580,-6.1719,6.2083,30.8754,48.5667,39.9358,64.7851,118.4342,-67.3268,-21.8056,44.0224,-0.8855,16.7008,13.8784,-28.2042,4.4272,-9.8113
-24.7288,24.2271,3.4629,27.1617,28.5682,56.0220,31.7578,50.6522,38.1053,103.5999,-141.0053,-12.2203,-0.6191,20.1968,9.4981,39.0375,27.9440,40.5774,-4.4274
13.0967,66.1169,55.2557,53.5904,53.2374,70.0105,21.0033,46.0759,-28.4163,59.8050,-127.6370,16.1655,5.8569,25.1163,-20.8785,10.1665,66.8741,61.3185,-12.2948
42.2695,87.9676,91.4821,73.1963,75.9420,95.6478,16.1546,-7.7750,-71.6831,-18.5674,-95.6300,53.7173,36.5027,34.1195,-38.8121,-26.6016,74.9694,68.8819,-45.9288
43.1631,93.2480,84.3467,95.1235,83.1570,100.4608,15.4736,-68.4999,-76.1707,-85.8813,-118.1613,94.1447,21.0851,63.2716,-34.7557,-15.0863,72.7146,88.2013,-60.1852
26.2763,89.9563,64.6943,105.8279,77.4388,88.3848,-0.4205,-95.0100,-72.3771,-110.0270,-119.0767,121.9741,-18.1149,71.5807,-35.4429,-6.3456,66.5169,99.6808,-29.2924
27.2842,75.9367,73.6926,93.6711,83.7339,97.5427,-25.0321,-77.8679,-54.9405,-74.4469,-86.6711,121.6952,-26.6161,49.2725,-37.6048,-29.9177,58.6568,77.3112,20.0853
47.7354,57.8501,99.8263,78.3014,102.8174,106.0095,-19.7083,-10.9565,-6.0473,13.7462,-116.0840,99.4042,-18.1811,35.6986,-17.7460,-34.3982,43.5534,53.5456,71.2508
36.9359,44.7617,91.7608,68.7577,92.1374,82.7478,4.5226,63.0875,42.2079,80.1875,-161.0727,78.5379,-23.3706,39.9628,11.1499,0.5937,7.4776,52.2494,107.2821
-9.3626,25.7290,41.4998,50.1059,45.3576,61.3279,-2.5016,76.9675,62.6732,68.7218,-121.3600,69.0135,-33.4727,49.7712,24.4630,40.5504,-31.0744,44.4798,92.5296
-21.6624,-5.4637,10.3411,36.4285,27.8682,62.6719,-32.8074,47.8214,69.2023,30.6632,-72.4322,51.0821,-37.9922,60.3586,22.0395,50.5641,-37.8267,32.2973,45.5508
15.7705,-27.3092,33.2539,50.3985,65.9483,60.7628,-42.2142,33.3620,57.7030,20.9111,-86.6262,9.1636,-40.9609,47.8936,11.3802,18.8552,-23.9056,47.4207,28.3048
37.0974,-27.2893,60.6379,59.4338,94.7077,42.0905,-31.9836,33.6387,26.8331,26.2309,-85.8051,-31.2126,-42.3655,8.8510,7.8623,-7.1637,-22.0787,58.0368,44.3076
23.0312,-19.6810,46.1657,31.8109,74.4950,-20.8674,-29.5530,39.5567,22.1747,41.4769,-47.1733,-37.7379,-47.7262,-6.4114,20.0261,30.8963,-27.2859,25.8314,50.4286
20.1325,-8.0302,17.6526,5.9122,41.4673,-162.0592,-41.8180,56.9876,45.4007,63.2174,-36.1342,-23.2736,-61.7026,15.9782,12.8524,82.9334,-20.1013,0.9717,23.9965
38.2927,15.4213,13.1812,12.1284,18.2649,-289.6007,-60.2876,56.6454,32.4967,48.7988,-36.2325,-17.5454,-67.7383,29.1614,-29.5477,73.5992,-3.3961,20.2726,-32.1890
44.1568,30.4783,21.8456,14.2132,-2.4408,-247.5156,-70.7706,28.4720,-9.9332,3.7975,-10.4994,-19.8906,-57.2764,26.4036,-42.4641,57.2501,12.7251,25.6971,-79.3578
28.3611,10.8351,20.4484,-4.8641,-9.2699,-70.8797,-66.4345,12.9562,-13.6294,-9.9434,3.4415,-21.9283,-49.8762,33.7618,4.6374,89.3830,17.0876,-7.1851,-71.3545
12.3365,-22.7403,12.1305,-7.0320,-2.4115,48.1866,-65.7390,6.6476,12.4186,-0.1491,-11.3949,-31.7511,-56.9504,31.7741,34.4168,88.2986,2.8698,-13.7865,-38.2759
17.3434,-30.9107,13.7683,18.4768,-4.8791,53.3152,-82.1122,-17.9595,17.0913,-18.6324,-31.5928,-46.7537,-67.6027,6.1098,5.3330,10.6758,-9.4767,25.2490,-35.6474
40.3250,-24.0461,28.2910,38.7933,-3.2217,51.6101,-92.2344,-22.3393,11.2047,-46.9488,-51.1668,-48.5956,-71.3554,-3.7426,-19.4729,-48.3033,-2.1384,52.3918,-32.5017
50.7261,-43.0484,36.6421,38.2382,27.4247,92.8606,-74.1461,17.5145,29.4908,-41.9549,-58.0080,-38.6158,-64.6410,16.0880,3.8319,-33.7944,-6.5985,41.6776,17.4435
30.5037,-78.9119,23.4261,20.3124,49.4454,120.7568,-42.3860,52.8356,74.9099,-6.8526,-54.8957,-37.4136,-56.5570,26.8227,55.5827,16.8373,-49.7473,11.5802,77.6841
-2.8494,-80.0591,-2.9905,-13.1018,17.3921,93.0941,-22.6333,65.6150,128.5300,39.5667,-77.6794,-48.3333,-65.8395,13.5715,109.1082,83.5541,-91.1499,-26.6829,101.2607
-33.4206,-50.1212,-29.7483,-43.1079,-33.4658,29.6930,-20.0604,75.7448,161.3597,78.0335,-104.1508,-55.5860,-83.5887,-0.6285,135.9295,144.1536,-99.6911,-55.2780,94.3651
-58.6796,-48.1350,-50.6411,-45.2964,-44.0223,-17.2062,-21.9951,71.8608,163.2083,92.6945,-85.9164,-50.8825,-84.4347,-0.6744,124.4266,155.2579,-109.4461,-51.5304,81.9158
-61.6978,-71.3355,-52.7018,-27.3354,-22.7893,-8.6698,-22.1246,64.1305,152.0454,91.9673,-66.6816,-36.7397,-79.6997,14.8694,103.7117,132.9738,-118.4818,-28.5803,83.7593
-32.4001,-55.6360,-31.9413,-13.7104,-13.9426,32.0284,-24.1627,82.3042,122.7010,74.8826,-82.7625,-17.7556,-78.9853,35.8239,82.6801,110.6310,-70.5633,-14.5325,85.7384
1.7275,-8.1631,-15.3901,-16.0176,-29.5783,39.2339,-21.2046,78.6621,59.4186,23.9275,-62.5502,-8.4316,-49.2994,32.6743,39.7302,61.5674,9.5951,-15.9997,42.8413
15.1240,-3.1245,-27.5038,-41.3596,-58.7282,-12.2305,-6.5542,8.1743,-4.0461,-31.5798,29.7506,-33.4682,2.0792,-12.0466,0.7184,-8.2379,33.4570,-37.8309,-29.5685
18.6261,-46.6595,-55.8207,-86.4992,-96.0031,-83.1076,4.6545,-61.3583,-39.2447,-53.4057,131.0167,-94.0522,18.3801,-70.9718,1.5680,-36.6636,7.4534,-79.2928,-69.3885
29.7210,-77.0195,-73.4702,-116.1352,-126.5190,-118.9695,5.6924,-80.3671,-75.9169,-77.7046,197.9229,-145.3674,14.1792,-101.3097,2.4110,-44.6484,5.1634,-102.2841,-91.2898
46.3616,-73.2069,-67.7871,-98.1634,-124.9777,-101.5520,9.5370,-103.9794,-122.5486,-133.7855,222.4843,-145.8206,41.0060,-96.7459,-35.8277,-100.2316,27.5325,-74.2620,-138.6319
56.0159,-59.6674,-47.9202,-55.9960,-99.1029,-72.5430,0.1104,-153.7883,-139.3138,-173.1380,199.2941,-119.2736,56.4686,-87.6433,-73.0776,-160.2162,33.9749,-27.2773,-174.3390
54.2993,-47.0825,-36.3742,-35.1411,-86.2498,-83.9781,-41.9263,-179.7509,-113.6358,-174.7051,156.8721,-113.0137,15.7418,-91.0329,-72.5143,-153.1221,27.3986,-10.1780,-169.4539
58.1319,-29.5544,-33.4261,-33.0038,-88.7170,-111.2166,-68.2096,-171.1068,-71.7176,-178.5273,113.9828,-108.0621,-9.8713,-86.3306,-59.9301,-132.2077,26.0413,-14.2222,-160.4612
84.4763,-7.9317,-12.6245,-16.9684,-72.1075,-93.8022,-39.4089,-155.8198,-46.0123,-189.1202,59.3317,-59.2716,25.2358,-58.6992,-65.5586,-166.9004,35.2383,-4.3072,-145.8822
111.9607,0.2299,22.8048,7.6599,-35.4273,-55.0662,-12.7196,-144.1873,-61.7194,-186.9427,40.7734,-5.7297,48.5649,-35.0779,-79.0348,-203.3913,44.5793,13.5747,-106.0500
104.4409,-17.3586,35.2248,11.3650,-14.5180,-58.6756,-31.5971,-142.7445,-96.4041,-187.3618,101.1794,-13.9030,26.9478,-41.6890,-73.9193,-176.2188,22.2747,13.1710,-85.2099
70.3490,-28.2390,23.7617,0.2043,-14.4438,-84.3681,-45.6920,-143.2900,-92.9293,-183.5840,148.0144,-43.4807,17.4290,-59.8842,-50.3439,-127.0628,-21.3247,-0.4134,-91.5376
44.9008,2.7507,22.1365,-5.9599,-9.4539,-83.8663,-24.7255,-114.7810,-54.9691,-128.6033,102.2140,-23.9700,25.2112,-65.0708,-29.8900,-97.5237,-20.8337,-14.5091,-54.9221
26.4950,34.3345,23.0780,-23.6129,-3.0023,-83.1869,-9.4380,-66.2229,-30.3942,-25.9201,48.3034,-0.9625,-2.1475,-70.9058,-5.9097,-41.3611,17.0368,-44.1960,24.9317
-9.8842,6.2410,-7.5048,-68.1987,-19.5116,-106.3319,-16.5991,-35.2369,-6.2422,73.5092,58.7456,-42.6888,-54.9926,-90.9293,43.2856,59.3544,9.0555,-93.7141,72.5504
-53.4884,-61.2723,-58.6439,-110.8132,-52.8305,-112.8536,-21.1838,-10.2175,51.1683,153.8442,77.6583,-101.0889,-78.6940,-98.2344,88.8867,128.3156,-46.0735,-129.0238,75.8248
-68.2675,-116.1860,-91.3018,-124.3224,-78.3417,-96.3565,-19.4556,25.4624,104.1955,213.1317,72.1174,-113.0256,-70.9282,-75.2749,88.4490,120.4700,-79.2193,-128.7541,69.9831
-51.0444,-140.9453,-96.5240,-120.6246,-92.3314,-106.3939,-21.9688,32.6526,105.6420,223.1529,72.6064,-108.8203,-69.7014,-60.4027,63.6817,82.4422,-79.9987,-113.5581,61.0157
-35.1642,-124.6932,-92.8081,-115.2024,-98.5448,-137.6983,-22.9101,-0.7266,83.7652,186.4451,63.3406,-116.9785,-81.9315,-81.6289,53.5585,57.4860,-62.9832,-105.6309,55.4743
-41.3378,-76.4791,-94.6558,-106.1429,-90.3754,-137.0885,-15.1105,-24.0966,86.0236,149.6832,19.1829,-104.8538,-82.7743,-94.3388,55.4110,55.1446,-25.6200,-103.1739,59.8128
-55.8791,-41.4265,-96.9842,-89.4741,-75.5317,-108.0047,-6.8121,-27.5814,92.1040,124.2401,-12.6665,-58.6811,-68.2092,-58.8072,53.8681,78.1657,-1.1544,-92.5450,46.1498
-53.9165,-26.0154,-77.5774,-62.2670,-68.8326,-90.7026,-17.8461,-46.4161,50.5991,87.4898,11.7659,-9.0586,-57.5899,-17.4132,29.9763,83.9364,-4.7118,-63.3264,4.8371
-27.9712,-4.5823,-28.4195,-27.5495,-50.5409,-83.9123,-47.1154,-60.9315,-22.0961,55.3141,58.4905,7.0508,-46.3830,-19.7207,-22.9413,27.6640,4.5651,-23.6867,-29.7841
1.0819,0.0742,20.5007,4.2373,1.6556,-64.6514,-54.3258,-34.9632,-63.1782,45.2553,75.0565,-31.9153,-19.4888,-45.7865,-57.4303,-37.7955,12.6084,12.5243,-40.3688
6.6255,-22.3729,40.7334,34.9079,56.9682,-32.2756,-25.9404,-9.2865,-71.2096,19.4930,59.2288,-89.5928,2.2817,-62.2326,-44.8638,-56.6868,-22.3239,51.6359,-36.6694
-4.9145,-21.2117,42.5733,62.3073,75.6710,-5.8442,-13.1733,-30.6788,-80.1983,-31.8531,47.3311,-91.3133,2.4421,-67.4022,-37.8348,-69.0657,-48.9972,83.5795,-29.4257
-7.2682,-4.2011,36.3163,55.7457,61.9223,-11.0376,-40.8566,-63.9139,-64.4514,-53.8979,63.3645,-43.8172,2.9123,-53.2346,-49.8570,-76.6808,-34.4806,64.7533,-38.5605
-3.3561,-29.8278,9.4365,14.4134,28.2166,-41.9509,-61.9741,-61.6342,-8.1411,-42.2456,81.5716,-23.7594,1.6840,-13.1861,-25.1046,-21.7616,-44.2734,10.6084,-64.1700
-10.3859,-53.4153,-24.8076,-1.3164,-13.3989,-42.3207,-49.5993,-31.8621,20.9445,-50.0576,52.6892,-33.1589,-22.2790,19.0449,8.0470,31.9932,-62.4817,5.5193,-65.1275
-12.8568,-2.0991,-23.0935,31.2211,-17.5967,6.9565,-32.3267,3.9367,-8.5466,-68.3510,-14.4672,-20.6782,-32.7821,16.1703,-23.7832,-13.8715,1.3063,54.0686,-34.3892
8.4461,62.9459,18.6689,57.8396,34.2519,37.8436,-26.1660,38.1549,-44.3388,-55.0958,-43.6750,1.9868,-0.3893,5.6564,-73.1484,-73.6581,91.5750,72.8508,-16.2180
34.4478,57.6760,54.1228,53.1923,79.4572,16.6617,-19.4218,67.0498,-66.3847,-28.4443,-10.7566,6.9947,15.7117,19.9277,-66.0182,-39.8266,95.9447,53.2439,-6.8602
45.3132,12.2314,54.6555,47.0668,72.2445,7.5432,-0.5715,100.3514,-76.5085,-9.0537,0.8800,9.2230,-16.0103,49.3089,-32.2887,16.5421,51.9302,52.3803,34.1302
49.5778,-16.5797,36.5115,44.0555,48.2944,37.7132,34.1806,136.7422,-45.1598,12.3961,-57.1219,6.5723,-31.4236,67.8126,-5.9668,23.3815,32.6138,61.8117,75.6225
52.2337,-15.1697,26.1154,34.6223,38.9760,48.2161,59.8084,136.6855,-4.9113,10.5814,-105.8050,-11.6333,-8.8580,60.6418,13.7544,14.7680,27.6980,52.9574,63.5841
46.9084,15.6545,33.0813,38.8216,36.5828,26.4352,47.6910,90.5052,-27.1863,-25.2271,-84.1936,-16.8791,4.5220,29.5191,-3.3858,-12.6302,34.7731,54.5345,28.8867
34.4088,48.7488,44.1458,55.7301,46.5334,22.8159,35.7986,57.4335,-70.7623,-41.1443,-46.3410,-1.7419,19.2764,-0.3638,-46.3959,-67.3073,56.2428,71.9330,20.5471
16.1742,53.5016,41.6005,53.3609,69.9525,35.0066,76.9012,71.4761,-65.7808,-22.8106,-36.6848,6.1023,68.7122,-0.7077,-41.4543,-67.7820,47.7191,65.1970,23.1090
-6.0696,51.9073,33.2719,36.8938,75.1794,27.5879,130.9083,93.8714,-53.6082,-5.2421,-30.2247,20.1393,105.4378,21.4544,1.9055,2.8569,9.3181,42.1446,22.7745
-22.8126,61.1740,31.4289,30.6523,48.8466,16.7478,127.0657,90.4673,-61.1033,22.9215,-20.4845,58.9233,84.9426,36.0991,10.5953,43.2133,-7.5817,34.9508,36.8033
-31.4141,53.6755,18.5109,20.2215,13.8028,18.6021,83.6431,69.7584,-37.7380,60.8710,-19.7646,84.5428,48.0123,37.2511,-2.4196,33.8804,-3.2773,23.9257,49.5533
-32.3686,37.1752,-12.0464,-4.9693,-8.9321,3.3784,58.1276,50.9963,3.0700,55.9675,-20.4354,78.1395,30.2140,40.5401,5.6137,43.6307,11.3285,-7.2895,41.2455
-16.4032,41.4274,-25.3368,-17.5657,-5.1567,-27.8704,53.9484,49.9406,19.4863,31.9279,-41.1921,66.9757,14.5718,43.0969,15.0533,59.8400,47.6423,-27.0049,46.7236
4.7558,34.0377,-11.3741,-8.5267,21.7736,-28.2890,55.8101,66.2508,52.2955,58.0331,-94.1982,51.9998,6.2143,30.9858,17.9141,32.4308,53.4588,-20.3484,83.0152
-0.5841,-8.7207,-7.4567,0.6333,36.3628,7.7051,70.3752,80.6166,105.6136,96.8054,-113.4567,30.9045,33.1222,13.9131,24.9820,-22.4133,-10.8374,-5.3729,106.4919
-24.4245,-34.2932,-17.8214,7.9137,26.9731,37.9455,83.3909,88.8110,105.9904,99.4063,-66.0445,30.4055,71.1529,2.4094,4.5293,-82.6555,-58.7508,13.8412,107.2250
-35.6350,-15.0801,-9.8475,27.6631,29.5735,44.0243,57.8847,95.6063,71.3635,113.0723,-36.9649,42.7037,63.3206,-19.1720,-46.6221,-142.8037,-33.9913,41.3894,127.1364
-41.9315,15.1637,13.1115,60.5509,58.1625,46.3459,7.9201,87.2652,73.4366,139.2682,-77.3145,49.3424,13.7579,-43.6697,-72.4011,-167.3545,-9.2362,72.5306,165.5156
-51.5383,50.4879,34.6272,100.0023,93.3295,67.1570,-2.5990,68.7580,65.2015,112.4996,-121.3273,85.4007,-9.4148,-29.2142,-70.6307,-146.9577,-6.1237,106.8996,181.8274
-37.7793,98.4793,69.0663,131.2101,131.3499,100.6416,30.6367,67.4299,-8.0628,60.3485,-115.1712,148.4970,21.8436,14.0592,-86.4561,-129.6668,33.7372,131.4582,168.3120
-8.3789,117.6755,106.7219,124.4169,161.1149,113.8715,40.1284,72.6115,-57.6553,59.2913,-75.1227,161.3491,59.2465,25.5240,-94.8985,-117.9151,71.5693,109.8692,140.8470
-10.2810,82.0825,101.3350,71.1793,149.2514,87.8899,18.4468,65.4534,-10.4080,96.9780,-27.2078,117.5526,68.3776,9.3533,-46.0017,-56.0608,30.3354,37.3633,111.4438
-38.5619,34.3591,54.3304,10.9736,105.8781,42.7666,30.5944,73.3908,57.5051,122.7254,6.0455,90.3858,71.0952,19.4805,24.9090,42.9885,-37.9120,-31.6244,97.0079
-49.6278,14.5643,18.2678,-13.1130,78.4888,5.3161,75.1427,105.9694,70.9197,124.1391,7.7225,85.1458,80.3349,44.4778,53.9758,95.4260,-56.7448,-48.3695,97.1690
-45.7763,13.5189,10.4176,-7.0766,69.8014,-11.7780,87.1748,127.9176,65.2165,116.9360,-8.7777,63.8155,81.8262,45.2688,44.9862,84.6773,-52.5132,-28.9489,85.0542
-51.8949,11.1691,3.7307,-8.8145,49.5164,-2.7859,66.4335,134.6953,80.0858,128.7298,-18.4997,47.7240,76.8917,45.3599,37.9353,80.1865,-54.3218,-23.3527,56.9698
-59.0832,2.8288,-16.7581,-31.0714,16.3487,13.6520,57.1845,142.6666,91.1026,145.3376,-10.7977,58.2607,69.4321,67.9099,44.8986,110.7832,-41.2836,-45.7893,42.3367
-53.1303,-10.6356,-41.5321,-49.9386,-10.7203,9.8393,60.2523,139.9128,83.8052,113.1280,5.2534,60.1821,49.0214,78.7801,56.2872,128.2613,-25.0595,-64.4063,55.4430
-41.2751,-30.6541,-55.0850,-50.8956,-20.6156,6.3153,67.8949,129.0083,78.9187,63.5833,1.1896,26.4402,26.6283,58.3277,69.0537,109.2322,-32.2232,-58.7114,78.1428
-26.3046,-55.1151,-49.5973,-48.4776,-14.0260,28.2844,83.6820,127.4045,69.4883,76.1575,-22.9540,-25.3850,19.6888,31.6857,77.0464,87.3898,-35.3784,-46.5157,82.7099
-2.5648,-70.8509,-33.6138,-49.1419,-4.4299,19.8729,79.7255,122.1413,37.7298,112.7600,-22.6127,-56.4058,9.2448,20.8420,63.4142,79.8640,-13.9311,-41.2361,65.3824
19.8313,-66.7544,-23.8471,-41.1653,-2.6349,-76.4036,44.9833,116.6493,19.2948,108.7792,0.1760,-40.1855,-20.1559,31.1216,31.8115,77.6122,-4.0469,-31.7889,58.1807
22.4146,-53.4771,-28.9189,-30.2956,-3.5979,-196.9464,20.9911,131.9896,47.6001,112.4981,-8.4514,-6.1848,-47.6295,46.9883,12.0789,83.3043,-18.2977,-19.9850,78.8963
9.4099,-48.8882,-42.5527,-33.7282,-3.4312,-228.4990,18.9583,129.5882,82.8458,141.9687,-39.3885,-1.6132,-61.7877,39.5782,17.4812,91.0483,-19.2620,-25.5455,100.4855
3.1158,-50.0294,-48.9206,-42.3711,-5.8090,-145.7469,6.3524,81.3745,88.9399,123.8649,-49.1124,2.8792,-74.7168,29.2319,35.4199,90.5422,3.6534,-46.1121,109.2684
4.9697,-40.2003,-43.0331,-39.5601,-13.8154,-12.9017,-17.5163,54.7680,96.8550,71.3481,-63.6077,59.4632,-88.9461,69.3709,57.8172,110.4520,26.7941,-60.6650,121.1503
-6.1724,-14.0407,-39.6730,-33.2100,-33.5973,87.5002,-32.3882,90.9500,123.7912,68.2671,-107.4593,131.3404,-97.7490,139.1633,75.9117,164.4495,43.3008,-62.3695,126.7799
-29.4972,13.9185,-44.7383,-24.4518,-51.6127,117.6902,-35.8902,139.6989,138.3432,96.8758,-141.0744,160.9185,-95.5578,174.1474,69.6138,192.9948,54.3511,-46.6653,116.6243
-37.1172,24.0309,-40.6382,7.3732,-29.8415,118.5065,-24.3298,165.3275,130.9942,89.4913,-158.9686,164.5006,-79.5812,181.8027,42.5718,160.1907,53.0452,-2.4445,114.9468
-19.6462,22.6648,-19.2495,53.2711,17.7073,145.4091,-5.9656,153.5427,117.0498,47.3071,-196.0851,173.6490,-63.7229,196.7427,24.5400,116.4685,49.5119,50.0549,111.1794
3.3885,39.3074,7.5667,77.0650,26.7822,185.4240,-9.1005,87.1618,93.7128,0.0919,-231.1492,189.9163,-61.6928,202.5453,21.3334,97.8375,57.0827,71.8405,69.4574
14.4285,76.1118,33.7453,85.6097,7.8051,204.8970,-27.6487,23.2327,57.7453,-40.8885,-228.6758,214.8878,-61.2362,195.7774,13.2865,88.0882,63.8982,75.7472,23.1537
15.0184,101.7438,56.2465,108.4016,27.5382,211.7799,-35.3611,24.7095,20.2777,-77.1754,-207.5325,234.7845,-55.1749,204.9071,-1.6631,88.1395,68.0709,96.8501,14.0666
22.0259,104.0476,68.4122,117.8046,66.2026,203.7330,-35.5747,35.7315,-8.5979,-106.4202,-179.3623,219.4850,-46.4370,208.7520,-5.2022,102.7875,82.1325,101.5571,4.7787
39.8266,96.0071,74.9150,77.2953,64.1866,153.2167,-20.6030,13.2416,-21.9324,-91.8753,-126.0220,175.9444,-12.7830,166.4134,7.1741,102.5209,82.6478,49.5230,-23.1605
40.5155,78.5974,78.3009,29.4659,49.8076,79.7159,24.2754,13.9297,-22.6861,-18.9499,-63.2785,128.9074,44.2741,100.1356,17.9439,76.9283,41.9133,-2.1168,-24.3867
9.7367,48.2073,65.7446,20.6003,60.0860,34.3140,58.2018,30.7740,-14.8218,43.7783,-32.8358,76.2541,65.3464,47.5084,24.2671,58.5886,-15.2027,-0.5475,1.4572
-23.7331,17.3336,35.7092,12.2165,52.6087,18.4514,49.0685,4.5265,23.9333,65.5329,-42.0374,26.3235,35.6807,6.0070,49.1386,66.4396,-58.6230,-3.4713,18.8934
-48.9113,-5.6656,-1.2515,-28.9839,5.6718,-2.3974,32.3870,-19.4270,96.6041,107.4333,-55.1461,-0.7705,11.2897,-27.1809,86.9399,86.5201,-93.7194,-49.5294,33.2696
-84.9281,-29.9040,-44.7972,-63.0663,-39.8761,-40.2737,17.8207,-0.2484,144.4043,157.7797,-31.2038,-27.4123,0.5104,-46.8060,95.8741,99.2045,-122.5878,-77.3862,39.1802
-110.5063,-65.4460,-81.5514,-67.8254,-64.3544,-77.8568,-21.1616,2.5815,138.1491,142.1240,25.7773,-78.8556,-30.2793,-63.0720,78.8565,95.9007,-142.8467,-64.8517,16.5534
-91.8325,-104.6481,-79.6133,-66.8346,-65.3727,-84.1270,-52.5670,-5.8675,121.8919,100.2529,66.4670,-124.7239,-55.8530,-73.7343,79.1421,85.3779,-163.8093,-58.1686,3.7381
-60.0685,-112.1403,-42.6809,-54.0701,-32.5755,-47.7910,-44.0517,33.6883,106.5368,95.8213,62.6825,-133.0119,-45.6333,-65.2396,84.7517,76.9915,-165.2363,-49.0216,24.4378
-55.7731,-61.3635,-10.7034,-20.9701,-0.9313,-5.6090,-35.8799,65.2359,64.7790,84.0364,30.7029,-117.5988,-35.4051,-55.2705,63.8846,71.9534,-119.8886,-13.9648,23.9079
-66.5442,6.5950,-3.9250,-6.6112,-13.3761,5.2685,-46.0024,31.0808,21.7646,54.0767,-1.6554,-100.3396,-49.2754,-60.0412,48.2749,88.4195,-62.6061,1.6805,-13.6590
-76.0259,27.6179,-14.5504,-19.3529,-32.4007,-2.5477,-52.1665,1.4460,0.8962,57.0876,0.0255,-86.4885,-63.1725,-52.0328,50.5360,130.3406,-29.9056,-14.3419,-41.6804
-76.8749,13.8562,-20.0225,-15.4191,-15.3690,-8.8745,-68.5404,13.7144,-31.2969,57.9260,49.9276,-73.6439,-63.0625,-20.8075,23.0046,143.8450,-3.2600,-9.2017,-61.1432
-55.6082,17.2312,0.8340,-0.3980,1.1141,-18.2470,-85.1158,17.8115,-66.3396,22.8813,100.0500,-56.9017,-41.0454,-8.7469,-15.8938,101.7387,7.8770,5.5538,-82.9394
-39.3642,29.8248,23.6251,-15.9640,-9.8672,-25.3859,-45.2670,15.5564,-50.2673,21.4620,106.7256,-45.1406,13.7971,-34.4743,0.6938,62.9975,-31.9114,-19.4271,-71.6183
-59.6192,20.9803,5.6387,-44.5299,-23.6375,-22.8638,26.7869,28.3913,-8.9266,54.7190,95.9581,-54.9976,71.0326,-58.4578,39.7264,59.8049,-78.3119,-50.5646,-49.5852
-65.6578,10.4686,-27.8169,-49.6598,-42.1768,-32.0984,54.0696,17.8271,-12.1018,26.7255,89.0287,-72.4966,88.4869,-50.6882,33.8200,50.9953,-66.4286,-42.6706,-86.6129
-20.6893,20.9501,-26.8855,-41.0448,-69.2487,-59.5750,47.7803,-21.8042,-45.1067,-51.8833,67.0140,-66.2121,78.0321,-26.0214,11.9194,30.2126,-28.0445,-24.4611,-146.9563
3.3365,33.1833,-14.2053,-30.1085,-61.4052,-69.6373,45.9064,-43.1103,-50.2316,-85.8281,45.7152,-36.6162,68.9007,-9.6885,9.2219,25.1155,-13.6917,-19.2576,-142.2433
-29.8233,30.0026,-23.0330,-15.4673,-21.8022,-46.1564,24.9284,-41.4565,-33.7759,-61.8756,61.4108,-13.1112,57.7373,-11.0929,-3.7574,18.7745,-7.7079,-13.2759,-94.7273
-47.1205,15.8340,-23.8847,-11.4886,-18.4334,-16.1995,-11.9740,-36.4334,-46.2073,-24.3142,97.2509,-17.9059,38.0486,-21.3432,-27.7391,1.9652,-0.5225,-6.3925,-82.3680
-25.0106,-2.8164,-4.0255,-11.9853,-49.2089,3.4930,-24.5411,-27.8561,-89.5705,-7.2190,113.9465,-41.5311,19.2645,-22.4453,-35.5136,-2.6874,-11.0210,7.7868,-106.1527
-18.9461,-14.5589,-0.5581,10.3091,-51.6434,21.5773,-32.0687,-32.5425,-95.4494,-36.1814,96.1569,-48.9933,6.0977,-12.1926,-41.3613,-17.7702,-28.7043,41.9423,-119.3514
-26.7456,-13.5015,-18.1704,37.2019,-36.0999,40.5337,-66.3148,-64.6646,-30.3336,-98.0576,47.2565,-31.4037,-8.2220,-5.1651,-49.5575,-63.1499,-33.5152,65.0489,-109.5181
-8.9501,-14.0284,-26.9607,36.1196,-42.5062,56.2723,-95.6204,-97.5856,27.9729,-154.1200,2.2158,-20.7127,-29.4611,-1.7123,-34.4500,-83.8828,-27.2089,52.1166,-97.2259
13.1640,-19.4867,-20.1941,27.3694,-41.2096,68.9983,-87.5811,-112.1649,11.4265,-187.7884,3.9322,-20.8325,-39.8647,6.9385,-11.5450,-58.0276,-17.2718,35.6674,-92.7549
7.8619,-14.3913,-5.2351,30.8893,-9.6891,67.4194,-51.9375,-112.9593,-28.6248,-178.2235,39.9255,-2.9150,-11.1747,8.6719,-9.5317,-42.6283,-22.0782,32.9790,-81.4150
-5.6768,-4.1996,12.0626,25.6678,11.6845,34.1965,-7.9674,-90.1604,-36.3448,-117.6769,68.1328,14.6203,36.9878,-7.4794,-9.9678,-46.5346,-52.1680,22.5406,-57.4750
-6.5179,-0.6550,17.9406,9.1995,6.3250,-14.2126,21.9513,-43.2631,-33.0782,-64.5748,70.6654,-3.0875,53.9693,-21.2186,2.0314,-27.0476,-70.2150,8.5950,-42.5716
-7.5882,11.6991,5.9089,1.2100,-1.0795,-34.0527,27.9177,-5.3252,-16.1867,-57.4347,35.2443,-23.2614,43.3386,-15.4417,14.5371,5.6152,-49.1455,3.7407,-41.8316
-23.2539,34.2531,-16.1276,-2.1244,-5.2458,-19.7980,36.2286,2.2562,38.9425,-56.4598,-33.1698,-11.3938,43.5580,-4.5619,31.7867,23.0185,-28.1342,-4.3584,-33.8391
-39.8162,39.9774,-35.9607,-1.8097,-5.0644,-12.1227,57.3057,-8.5359,77.4001,-50.6253,-80.7771,-1.4467,49.4872,-3.5804,45.4156,24.4594,-29.3262,-5.0425,-21.4157
-34.4600,30.2776,-35.2051,17.0678,7.0056,-20.1910,52.8990,-20.5453,49.0462,-66.8096,-73.4358,-15.3883,37.5948,-12.8310,21.6888,-7.9852,-22.3649,24.1549,-21.4080
-18.2650,26.2833,-15.3360,38.8287,4.2700,-8.2523,7.3990,-31.8988,13.8578,-77.2605,-49.0802,-24.7537,11.4585,-32.1946,-22.0182,-72.3573,-11.5902,55.7122,-21.5324
-17.6282,20.6774,-10.0335,35.5772,-29.5158,22.2703,-41.4605,-52.7870,26.5064,-56.3639,-45.9064,-21.7063,-19.3520,-50.6398,-35.1692,-107.6095,-18.2481,54.1116,-15.5050
-16.4510,9.1288,-19.4297,17.8585,-47.6477,27.9015,-66.9180,-75.8356,42.5522,-34.5109,-47.2742,-21.7599,-40.1120,-46.9091,-28.6984,-88.7611,-7.1621,31.4255,-28.6899
8.0694,10.6521,-5.8392,6.5194,-27.9900,6.1801,-80.9108,-72.8228,13.5737,-20.7291,-18.9810,-13.8627,-35.6714,-19.0301,-40.9517,-53.1438,39.7448,10.0669,-64.3281
30.9289,21.2835,20.8201,4.6178,-17.2642,-5.7853,-93.6050,-49.5669,-38.1495,-12.4219,32.1154,23.1750,-26.8088,23.9722,-61.9462,-18.6431,71.4391,1.1918,-90.9222
40.6195,26.5207,30.2931,18.9639,-24.5546,1.8101,-86.6553,-40.4775,-66.8633,-35.8796,44.9756,87.7650,-27.6922,80.2573,-70.4970,4.1308,68.2213,16.8846,-92.1790
61.2677,39.8637,45.1541,47.3013,-3.5716,14.3323,-42.8349,-36.8817,-65.4052,-65.9135,-8.5935,148.2307,-7.6481,125.4063,-69.5289,-4.6277,65.9887,44.8925,-72.9210
69.4686,58.2145,71.7010,62.0781,40.0328,23.5094,16.8742,-14.9803,-65.1385,-41.4450,-57.0973,153.3173,28.6807,117.7418,-53.6262,-9.4082,60.3696,55.4303,-40.2332
27.1419,52.0404,64.2370,54.2815,56.3895,24.3558,60.0236,-2.9117,-73.5097,10.9072,-51.3513,96.8262,39.0377,65.2475,-20.8633,20.0525,22.1357,52.7533,-13.9427
-18.9959,33.1769,29.1331,46.5925,46.6634,21.1556,82.0757,-26.4616,-54.7798,24.8880,-49.5998,48.1939,44.2572,23.1483,-1.1763,21.6246,-19.2228,55.3914,-17.3186
-12.8610,36.4335,21.9634,43.8864,45.3250,19.5814,83.4763,-58.3054,-16.1342,5.1586,-67.2687,54.8037,77.6774,17.0723,-10.7482,-25.9771,-18.5630,47.8843,-44.3203
14.9677,56.5798,40.8978,33.3943,53.9899,0.7988,60.5172,-72.8229,-20.7169,-16.4353,-37.5770,81.5029,98.3915,25.7118,-28.7990,-41.3141,15.7476,20.1137,-67.4795
26.9677,80.4763,55.6099,30.2383,62.8535,-34.3613,40.1777,-71.1439,-67.9850,-30.5410,6.4254,88.3096,88.7073,24.4301,-47.8088,-26.5640,54.8003,10.1123,-75.0454
39.3176,109.0964,71.0010,56.5719,78.2733,-33.5761,45.0544,-65.0455,-91.3191,-44.0787,-29.3466,80.1425,91.5481,11.0209,-77.5056,-72.0863,88.4017,45.6205,-77.8839
67.8988,120.7761,84.8504,88.3288,92.6881,13.4235,43.7795,-82.5432,-82.7726,-91.6526,-96.1699,75.6370,96.9870,7.5670,-99.7979,-147.3690,116.1028,84.1049,-86.1222
109.4480,103.9511,89.2913,85.6202,86.2093,44.2982,21.5820,-121.8671,-87.6038,-168.0576,-98.2110,86.8688,75.4336,33.7283,-89.5228,-148.2893,136.6363,72.6493,-100.6213
146.8908,89.1924,107.0569,62.1679,71.3606,45.9780,14.9314,-124.0873,-113.1588,-184.3652,-67.6866,99.9548,65.1632,68.8519,-64.5634,-90.5727,141.7260,38.1492,-121.9244
143.8882,80.5802,132.9101,59.8479,80.6870,64.4595,18.9134,-78.5254,-135.4310,-123.2854,-47.1511,81.5669,77.5100,77.9998,-56.2243,-48.7154,120.6267,39.1739,-140.7036
100.8374,53.0029,121.6174,71.7131,103.8156,84.9470,-4.3229,-57.5693,-138.8201,-95.9565,-2.1638,49.8997,66.8265,68.2876,-60.7943,-32.6151,87.8232,58.2794,-136.3015
71.1861,29.8229,80.0441,66.2323,98.9214,66.2384,-30.6204,-83.0278,-120.8571,-139.6767,48.7731,55.9150,45.8428,64.9820,-64.8287,-37.8918,75.4549,49.9341,-114.8112
68.7690,36.0890,59.0386,57.5208,70.3569,44.0409,-25.5658,-95.3124,-102.1640,-163.7540,44.2580,68.5236,47.4540,56.9960,-69.7488,-66.8354,76.2380,43.0893,-104.1349
59.0982,30.7454,63.9531,67.6144,61.2958,56.0237,-16.8275,-69.9004,-104.7423,-130.3802,19.2315,26.3251,37.9224,25.5077,-69.1480,-87.6921,52.1741,69.7901,-90.4950
46.6242,-5.8362,69.7961,73.1128,76.9831,66.6895,-20.5777,-36.6724,-111.8684,-89.9230,37.4456,-23.0517,9.3467,-5.6106,-55.3510,-83.9678,10.9239,83.9831,-41.3352
53.7001,-28.9095,70.3420,60.2868,86.9723,55.2769,-12.3530,-16.5553,-99.4990,-72.2307,61.2555,-11.7188,4.9107,-4.2497,-40.9818,-78.2024,-5.0797,62.1905,12.4783
60.8569,-30.1898,57.1386,50.3007,75.2589,48.1439,2.3644,-15.9048,-72.7979,-77.5523,36.4032,7.4172,9.0993,11.9836,-30.7593,-74.1952,1.1609,48.9045,21.7002
53.1709,-46.5357,22.5972,39.8073,43.2150,46.1076,9.3042,-29.5541,-43.4162,-101.5789,0.4013,-28.6839,-6.2032,5.1955,-10.7167,-67.3995,-7.2188,49.2364,4.0255
46.3463,-69.8747,-7.1082,19.4073,12.9585,39.0512,31.4380,-38.8354,-27.0186,-120.8896,2.6254,-70.5290,1.1980,-17.7285,9.0934,-76.6390,-29.2764,37.2195,-4.8007
43.1943,-67.6635,-2.4788,17.4489,20.4117,43.9173,64.9371,-42.1873,-35.4146,-110.9292,15.2298,-64.5890,39.2460,-29.0781,6.1299,-100.9349,-39.8474,34.5830,-2.6685
38.7181,-49.8539,21.7617,28.6627,43.0635,50.1146,63.2038,-45.5952,-31.5714,-65.2239,0.1844,-44.7088,46.6508,-40.1890,-1.7692,-112.6445,-42.7040,39.3470,14.6641
36.7251,-42.8894,24.7904,3.3338,17.4357,24.9169,22.6430,-33.4574,24.8670,1.7820,-20.4723,-48.5997,18.0743,-64.8764,9.9617,-105.4803,-48.3992,3.7855,42.6814
27.0312,-51.8244,-2.9644,-36.1346,-26.4622,-5.2836,-10.7057,-9.1197,93.6342,49.4918,-27.0916,-63.0625,-0.0053,-74.6097,23.0677,-90.9992,-49.1207,-40.7739,50.9176
3.3347,-64.5055,-25.2048,-23.6338,-9.2488,-5.2788,-16.4077,-6.2588,116.7895,57.4092,-43.2479,-66.4740,-6.2688,-59.7526,17.8128,-80.0466,-50.8280,-23.0835,44.9927
-10.8653,-57.1813,-16.2687,15.4403,29.8753,-30.3894,-17.5192,-15.5228,103.6828,56.7888,-59.4554,-47.8369,-19.1841,-49.5403,0.7088,-78.0588,-65.0102,21.8054,53.9666
-0.0654,-20.1950,4.8615,20.9590,14.7452,-136.7699,-31.8526,11.7054,70.6849,65.3504,-30.3556,-9.8006,-31.6196,-36.8332,-25.3592,-59.5089,-67.9599,29.5914,53.5163
26.2253,16.9721,23.9829,10.5203,-7.1817,-249.1151,-42.2465,67.2873,5.9266,65.1410,25.4214,16.0890,-37.8332,-3.0686,-53.5306,-8.4262,-34.4996,22.0357,24.3967
61.8125,19.7655,53.4558,13.5202,21.4809,-244.7394,-35.5140,87.9744,-63.9614,57.7453,51.9375,3.6021,-39.3975,10.6555,-63.4030,13.4723,13.0130,23.1025,13.3216
97.2204,-7.3111,85.0142,19.4220,52.8960,-118.5273,-42.2328,56.0389,-95.7282,42.2449,55.3267,-24.8144,-40.1929,-15.9523,-62.4020,-44.7654,44.1345,20.8358,34.8018
115.1716,-28.2654,99.8258,33.9851,55.8965,24.1255,-81.6849,18.5188,-106.0880,-8.3704,60.6522,-36.4694,-52.7956,-32.7589,-74.4232,-121.9581,64.0274,32.7058,44.5311
117.9625,-16.7832,108.9217,55.1842,57.1480,92.3206,-106.4617,8.0204,-121.7179,-69.3100,55.1832,-35.4199,-67.5036,-31.9023,-80.9098,-145.7331,76.5329,55.1786,43.6837
110.4534,7.5335,105.4652,40.6685,41.4071,73.9674,-77.3096,10.4892,-111.0758,-77.8503,41.6098,-31.4774,-55.1703,-46.8633,-54.2397,-126.5526,65.1570,35.1959,59.0737
78.8372,1.2656,52.1361,-9.5116,-6.7649,15.9959,-27.7094,11.5290,-46.7555,-46.4423,35.5509,-20.5534,-25.2342,-46.8659,-13.4450,-84.5653,34.6915,-19.6587,64.2759
32.2555,-32.0810,-28.5753,-50.3979,-44.6037,-27.7186,5.5194,10.4585,27.8280,-28.4811,26.4720,-17.6663,-11.6851,-13.7003,23.3964,-15.8441,11.9488,-58.3640,42.8909
4.2387,-47.5871,-71.1355,-86.6015,-67.1094,-45.7619,24.7223,-3.4968,55.8234,-18.1596,27.5424,-37.9500,-18.0525,-13.3647,67.3723,55.4616,3.8748,-99.1729,33.7605
-8.6057,-36.6500,-81.1615,-135.7302,-114.2527,-64.1571,33.7691,-19.2786,46.6162,14.5846,62.1608,-51.8168,-28.1530,-54.0568,101.8782,95.4950,0.6657,-158.1994,51.6127
-32.8072,-21.9059,-103.7848,-160.9333,-163.8216,-90.6550,37.9802,6.3261,46.3227,61.9402,86.0884,-33.1918,-28.6517,-61.3323,91.2887,99.4834,7.6572,-177.9770,67.2301
-54.9153,-6.5544,-123.0771,-144.1325,-165.5309,-100.3614,42.8235,58.7923,58.7448,91.7016,62.6792,-13.8635,-17.6756,-37.0340,54.7433,81.2748,31.0267,-146.5254,67.5617
-49.4085,1.8443,-107.4845,-118.9971,-132.7564,-82.5298,35.1658,66.2337,54.6982,81.8302,35.7892,-23.1227,-19.8084,-34.1922,44.4836,70.7046,43.4384,-119.5819,63.1308
-37.4331,-14.2090,-86.1627,-97.6917,-110.1193,-58.8671,25.9035,28.3976,39.5680,49.7026,24.2946,-35.7692,-44.4926,-37.9726,62.4961,80.2882,13.9731,-99.1311,63.0505
-51.7679,-34.4701,-95.4460,-73.6062,-115.0982,-48.1325,46.1313,2.4226,40.4122,30.0732,2.9703,-29.1413,-50.8252,-30.2899,68.9753,71.3247,-36.8559,-60.5989,63.0851
-78.7899,-31.6156,-113.1730,-55.0459,-124.2625,-43.4197,62.5073,-11.2975,44.6584,15.5730,0.2006,-19.5273,-27.4077,-35.0378,47.9860,28.0289,-61.1389,-28.2079,49.2058
-82.6916,-21.8084,-97.2529,-32.4421,-93.3463,-27.2239,29.0102,-20.7643,22.8529,-8.5476,35.7096,-20.1377,-19.5060,-43.6953,13.9658,-9.1519,-48.8989,-7.7866,33.5543
-58.7097,-14.4581,-50.4939,0.6780,-35.5186,0.3117,-0.4272,4.0326,-18.6675,-15.1882,56.3736,-22.8759,-23.5715,-42.4938,-16.5491,-36.0625,-24.9237,21.0022,45.9308
-30.8641,10.2882,-14.5922,11.5483,-18.8385,12.6832,24.0859,29.3847,-58.7863,-14.6938,54.0622,-16.8360,-0.9002,-54.6271,-32.4896,-73.7592,-2.0431,31.5145,66.4176
-16.3849,37.1260,-7.5337,2.5815,-35.6991,-2.6793,36.7832,-3.1164,-87.2060,-54.5785,66.5686,-2.2423,8.6668,-68.2619,-32.7026,-85.4112,14.8849,16.8201,59.0947
-13.4790,29.4550,-6.3072,21.2550,-23.9999,-12.9043,-5.7964,-37.3473,-89.4683,-89.5289,53.6235,-4.8766,-44.6144,-56.2506,-28.0376,-55.4898,12.2251,34.8489,51.3933
-10.5492,1.6684,-0.0926,46.6620,-8.3106,3.6168,-39.9750,-9.4776,-56.8932,-49.5248,-19.6623,-52.4607,-103.5152,-54.3522,-18.7202,-38.5825,-3.3435,74.4818,63.5861
0.4483,-9.4797,-2.0370,18.9645,-28.5558,9.2127,-27.4179,26.7891,-9.8280,9.6398,-74.7922,-116.8727,-96.4175,-80.4427,10.3337,-30.2701,-5.7914,50.8873,51.7720
7.6866,-5.2552,-10.1592,-33.2053,-36.6711,-24.6878,-5.3069,37.2847,26.6859,29.1562,-58.5990,-139.0826,-50.2002,-86.5971,47.1720,16.1018,1.5691,-20.8351,18.4476
-10.8877,-4.9829,-20.5446,-49.8413,-23.7478,-64.5975,0.7571,59.6528,58.7555,62.9113,-35.1070,-121.0444,-26.1219,-73.8639,55.5368,49.3748,-10.9126,-48.9630,22.9060
-48.6322,-11.1345,-45.2155,-43.1657,-50.2524,-79.3760,-0.5769,68.4874,100.5382,119.8166,-59.9045,-113.8177,-32.2600,-88.7809,40.3505,16.2078,-46.8269,-27.1916,44.3279
-71.6651,-13.7023,-67.4869,-33.0112,-82.8524,-76.6489,1.7229,21.7414,125.3746,121.4603,-100.8748,-119.8528,-39.0472,-108.6404,34.9170,-19.4816,-76.3014,-1.7366,24.4990
-69.9284,-12.3624,-52.7379,-5.4364,-48.7222,-59.4225,2.9360,-21.0699,95.8352,78.4439,-96.8519,-99.6530,-38.4226,-90.6404,32.8065,-9.4133,-83.3820,22.8370,4.7202
-70.7802,-27.9597,-29.5990,20.7607,-5.6155,-31.6584,-22.6646,-8.7455,48.2691,66.7083,-39.8844,-68.0825,-63.3753,-61.4058,20.6248,13.3098,-89.0590,43.6480,37.6292
-95.0457,-66.9854,-55.3891,22.1041,-25.2393,-15.1107,-70.7303,15.4567,52.3956,65.3927,-1.4407,-81.4093,-121.7360,-50.7266,21.1249,36.3458,-111.3994,54.6006,67.0538
-126.3531,-88.8888,-100.3973,36.2703,-47.6951,3.1191,-82.9981,18.3493,74.1817,24.0652,-28.9449,-120.2503,-147.9793,-39.1872,24.3753,47.2853,-126.8805,90.9336,35.9673
-132.9684,-64.8975,-88.2420,84.3483,-14.6846,55.1735,-50.3139,11.1551,34.5397,-9.8566,-59.5150,-103.6469,-103.7749,-16.6983,-12.2363,5.9916,-108.6884,154.2392,-10.9324
-115.7240,-31.1245,-34.7164,108.8962,24.9689,101.6538,-37.2314,-3.0048,-8.6490,22.4803,-50.5065,-43.6103,-54.7919,-7.6486,-50.3896,-41.7189,-84.4898,168.6875,-17.5333
-110.0172,-21.9417,-23.0964,75.8304,16.8966,83.0648,-50.5785,-13.8422,37.6633,78.0676,-62.7311,-34.6424,-55.7439,-23.2419,-20.9774,-12.0724,-89.9756,114.0411,-3.9234
-118.9609,-18.3174,-55.7424,39.4565,-20.9621,39.5527,-40.8988,-8.1379,86.9746,77.9034,-101.8726,-71.5121,-69.5637,-30.9746,26.4566,51.0655,-94.6260,75.4830,-20.0573
-101.8167,-1.5681,-55.2577,46.4959,-35.3485,36.8695,-23.9930,-4.2795,24.9415,23.2352,-87.0276,-64.1864,-59.7185,0.4924,9.4434,65.3473,-58.9373,93.2399,-69.9302
-61.9506,21.4726,-13.2548,65.1850,-11.1348,42.6662,-38.8385,-16.4054,-58.6791,-26.3473,-21.4751,-14.2186,-35.3332,34.9594,-38.8002,40.8591,-12.7013,104.8296,-107.6228
-49.7111,45.9276,0.5680,54.9364,0.7138,11.3229,-57.8238,-30.5071,-42.5357,-51.8463,25.2197,17.6564,1.6454,17.8767,-61.4177,-12.0744,-1.9371,74.0189,-100.4357
-60.4626,59.2979,-18.0649,35.2039,-27.4900,-16.7542,-53.6365,-30.2452,12.3167,-66.2057,43.9259,34.9227,38.8546,-17.6210,-71.4035,-87.8299,-22.2888,46.9645,-68.2200
-49.9958,44.6142,-10.7371,37.9494,-38.0723,-6.9458,-48.8458,0.2790,12.7176,-55.8075,42.3926,41.1151,30.9614,-7.6297,-68.5154,-94.4444,-41.9650,55.3545,-41.9146
-29.8835,16.4376,10.8591,45.1255,-8.4890,5.0479,-50.7174,48.3809,-21.2835,-31.4090,26.8650,1.4847,-18.8579,18.3027,-35.2527,-5.3676,-40.3574,66.5753,-27.0317
-35.3136,-3.9703,-7.4288,28.7460,-8.8666,-2.9883,-40.2087,54.0035,-59.4234,-53.5379,62.3037,-61.8849,-37.6571,-4.5612,-15.2723,31.3050,-30.0102,55.8993,-29.6789
-57.2524,-25.9712,-47.2272,7.6985,-51.4338,-15.5529,-18.7650,3.0789,-105.5638,-124.3874,171.8589,-104.5520,6.7648,-62.4980,-41.8482,-53.1203,-51.4890,49.0970,-64.0939
-72.3465,-50.3828,-62.5864,9.3508,-62.6637,-33.9181,-3.5062,-43.3249,-138.5560,-183.8954,262.6117,-137.7425,63.2386,-100.3701,-71.3128,-131.3607,-99.6602,63.9371,-119.7327
-66.6051,-58.3583,-59.2310,22.4811,-36.4722,-47.6913,-9.3385,-69.4733,-147.0466,-226.7478,280.8979,-156.6198,81.9853,-101.6746,-82.4037,-147.5333,-106.1460,77.3159,-161.5036
-35.5304,-65.7114,-52.3535,29.7756,-26.7991,-17.7892,-39.7512,-110.3650,-156.0264,-266.6311,277.7293,-146.6576,65.6473,-95.3568,-102.6514,-187.1244,-64.5872,78.4865,-168.5454
-10.3534,-95.8255,-42.5824,35.3761,-29.8824,33.5084,-73.1306,-151.1912,-170.1825,-271.4452,285.6069,-155.7513,38.1330,-111.8099,-122.6771,-247.2030,-49.5525,85.7800,-157.4579
-14.5656,-110.3503,-35.7040,41.8923,-17.7053,31.1760,-90.8462,-168.8903,-176.9131,-256.7113,294.7108,-181.4251,21.2503,-132.4013,-123.9511,-250.7099,-64.9804,94.5154,-159.3742
-10.0956,-71.8628,-18.0045,45.3328,-1.1790,-16.3189,-104.0941,-184.6928,-179.1236,-271.7443,300.1776,-147.9976,27.4832,-125.8636,-128.9197,-230.7852,-52.7637,83.2918,-170.9816
20.9371,-28.9349,22.3890,48.0440,11.4288,-34.8450,-122.4207,-193.2478,-170.6653,-277.1652,287.6281,-96.4145,36.8020,-120.9774,-137.2027,-245.8249,-33.2103,65.2659,-158.5861
34.7742,-34.9848,49.3647,47.7177,29.9703,-29.4447,-133.8605,-171.6361,-145.9567,-230.6159,260.1341,-114.5168,20.2022,-140.5286,-119.4435,-243.1201,-49.1752,57.8337,-120.5406
24.7175,-53.7748,41.1437,31.6842,45.4132,-61.7506,-123.4982,-146.7834,-124.6029,-178.0381,252.7697,-133.2318,1.9131,-141.5971,-88.4285,-184.2333,-62.1322,36.4936,-89.3252
22.3123,-42.3470,27.1541,-3.3576,35.2813,-122.3101,-87.4060,-137.0878,-105.5000,-126.4521,254.1561,-91.3335,20.9181,-122.1311,-70.0664,-133.2008,-48.5267,-12.4843,-72.2392
23.5943,-36.1343,17.9914,-36.3651,-2.7081,-147.5049,-48.0421,-117.4188,-75.1737,-46.4110,223.5700,-71.5704,42.5136,-124.4652,-57.9016,-128.0133,-48.0024,-46.1049,-55.7596
34.4156,-64.8210,10.4568,-38.2967,-35.9548,-120.5596,-40.4439,-91.3028,-65.6929,-4.4764,183.0282,-86.5782,18.5391,-117.3085,-55.9117,-140.3311,-55.0410,-30.4177,-40.6041
70.6397,-89.4469,23.3261,-19.9536,-32.6370,-88.9235,-51.0467,-75.4950,-83.2860,-32.0683,169.6951,-73.7306,-8.6406,-83.3300,-65.8327,-156.3917,-44.4065,-5.2615,-23.2847
73.8042,-87.4947,30.5841,-36.1729,-24.1597,-102.4447,-33.6999,-46.4095,-62.6340,-8.4332,176.9306,-74.5157,13.1151,-92.1915,-49.2848,-149.7078,-55.5225,-31.4722,2.7779
4.8154,-90.1383,-15.2874,-97.4771,-58.3538,-143.9331,4.1956,1.4399,-3.7245,112.4853,199.1750,-102.9221,43.6422,-122.8365,-2.7889,-72.0577,-92.4513,-98.0039,18.4513
-55.2019,-106.2823,-70.9633,-139.9039,-97.4164,-151.1571,28.7636,34.4414,13.1479,212.0112,214.0771,-94.4539,37.6929,-92.6346,24.8607,35.6474,-90.3807,-135.8098,12.0560
-56.7767,-113.5071,-80.8526,-136.2031,-86.9515,-128.8292,45.7667,50.7881,2.0969,232.2953,174.3586,-108.2253,20.1756,-69.0825,36.4453,81.7223,-60.8677,-125.3261,6.0981
-48.2288,-114.3279,-79.7911,-132.5186,-65.9749,-135.7131,52.7212,72.1737,39.6531,217.4431,115.0239,-173.8532,14.0112,-97.1491,63.9287,84.3339,-65.7003,-119.9700,11.1790
-29.3748,-120.9194,-87.3000,-142.4839,-77.6068,-152.5833,28.9534,85.6884,88.4191,175.2405,118.5141,-120.4550,11.1285,-42.3023,74.6325,106.8369,-72.3944,-144.3614,15.4650
21.2651,-126.9644,-76.3279,-137.2032,-86.4821,-130.8536,1.2928,64.3440,80.5123,106.7788,159.5875,40.5081,12.9303,81.7719,45.7109,111.2988,-38.3871,-161.1295,18.4447
44.4469,-132.2168,-69.5740,-125.9624,-70.1503,-119.5483,-3.7854,17.9372,60.3707,54.8783,169.4308,47.4655,13.2147,74.1725,29.1624,63.5915,-19.1437,-153.9392,19.1083
23.7643,-136.4592,-78.0006,-122.6994,-51.2764,-150.5444,-18.7597,-6.3518,68.8506,35.4927,159.7820,-77.7022,-7.3616,-25.8532,43.6657,34.3943,-40.8481,-141.7308,14.4840
25.0719,-123.8547,-52.7614,-104.0670,-28.6271,-141.1087,-46.5826,16.3704,66.2635,35.3857,140.7081,-102.9208,-34.4957,-36.1423,51.5143,54.2708,-47.2653,-123.6895,23.2132
35.8313,-96.6607,-13.4356,-77.0703,1.5380,-75.4619,-39.9197,42.7967,50.5206,44.8779,89.9070,-99.8946,-37.9033,-35.2789,57.5768,55.2161,-32.8868,-98.2416,45.4739
6.4366,-73.1431,-20.6014,-74.5385,14.3241,-54.3785,-13.6907,36.0912,56.9772,43.5771,44.5388,-202.1111,-27.1917,-129.0554,76.7123,21.5688,-32.8742,-86.4981,49.4279
-16.3223,-55.2766,-35.5320,-81.1320,7.8483,-81.7773,-20.9629,39.4553,65.7185,43.7114,37.4670,-256.5987,-35.1380,-177.9840,79.7885,16.9534,-27.5654,-88.1572,45.5932
-1.6600,-51.6166,-18.2024,-76.7625,1.7882,-72.9067,-43.3023,79.1148,57.8632,87.7807,25.8470,-208.2515,-67.0106,-129.5396,72.2098,55.4627,-7.7953,-85.5947,66.8426
-1.3290,-70.7488,-15.4800,-81.8354,0.3561,-44.4778,-38.5925,101.1676,59.1950,137.4158,4.7723,-225.6864,-85.2552,-124.9245,88.1929,83.7404,-9.7793,-86.3394,79.9420
-16.2305,-73.7136,-32.0684,-96.0495,3.9830,-54.8149,-13.5384,83.3028,65.9850,120.2548,15.2832,-280.4886,-52.5330,-165.5518,102.0778,72.8093,-20.2641,-99.2838,51.9516
-10.4859,-36.1315,-35.6277,-103.7080,-1.3909,-82.0315,17.4041,57.4576,65.4780,72.7527,27.0965,-227.9137,0.1080,-153.4779,91.6900,50.8843,-1.7956,-118.6240,32.6618
-4.3104,-11.9204,-52.1114,-118.3924,-31.2431,-99.0580,50.7822,25.1035,85.1232,59.1100,5.8039,-133.9574,17.3470,-116.7414,94.5707,50.4454,15.9608,-145.4040,54.7541
2.2744,-25.1039,-68.2624,-125.3034,-41.2175,-99.4261,77.4004,-2.0807,110.0015,57.2987,-8.6955,-63.8431,25.9261,-76.0969,101.9356,52.0038,11.1772,-160.1837,79.1085
36.4632,-16.4915,-29.4414,-91.0693,1.1527,-58.3628,99.5730,16.0588,95.4357,54.0216,-23.1381,35.7638,62.8076,-3.9682,72.9430,24.8074,26.6196,-134.5347,96.9415
52.1206,23.1305,5.6996,-65.1462,23.4805,-15.2599,116.9060,49.8012,90.6618,84.1341,-92.1354,74.3809,67.0709,11.0346,63.4768,10.4874,58.3321,-110.3716,131.6868
19.0347,28.3237,-28.7268,-104.1342,-13.9446,-51.6053,105.4557,53.8029,146.8558,128.5445,-155.3437,-45.1878,10.0859,-78.3497,123.7736,60.5013,49.1664,-144.6146,151.1852
11.0132,-10.4272,-53.0016,-150.5200,-32.3256,-124.4567,64.5615,67.9187,178.6533,136.8000,-102.9321,-145.0098,-16.9897,-115.5424,162.5490,124.3288,17.9519,-194.5500,118.2935
52.0430,-38.0201,-22.1205,-144.8592,-11.7223,-133.3208,25.3968,100.7443,120.6584,113.0532,23.4130,-67.0553,14.3870,-21.4696,109.3395,131.5101,31.4623,-198.0976,70.1136
68.5296,-22.4453,-9.7155,-119.3487,-16.7496,-95.4531,-1.1220,92.5759,59.7110,80.4907,80.5137,59.0112,19.5882,62.9700,42.1902,103.8224,82.5171,-174.9262,60.9346
51.6411,28.7124,-11.5312,-94.8232,-22.0089,-62.4299,-8.1412,70.8036,62.5157,55.1489,19.7154,93.1990,-5.9396,53.0732,32.5641,82.5965,115.3803,-150.1363,92.3837
51.3868,75.8563,25.4386,-67.0830,15.6047,-28.9243,18.3159,90.2511,79.7782,64.0374,-69.6968,68.2941,7.0464,15.1427,52.7330,67.7006,111.5441,-124.7125,119.3155
55.7722,76.0528,42.1211,-72.1587,21.2819,-22.8369,38.6204,85.2069,81.5998,93.7790,-83.7858,41.1411,34.3396,-3.6053,65.1699,67.7671,93.6272,-129.3841,92.3201
44.6322,50.6324,0.7530,-102.4990,-32.7506,-68.0349,5.2464,20.9267,81.8542,86.2663,-36.1592,35.3051,17.3948,0.0617,53.7762,80.8886,95.2328,-154.8490,25.6605
47.8652,48.2680,-16.3301,-85.4694,-46.7865,-85.5426,-33.9618,-8.4330,61.2718,34.2174,-20.2251,55.3647,-12.2386,26.3069,17.2164,64.8140,120.2643,-128.6915,-5.5410
64.2850,52.7695,16.2019,-30.3784,0.8383,-25.1865,-15.6926,20.0448,21.0667,-13.5433,-48.1827,59.7503,-7.6040,42.0221,-1.0984,24.4851,119.6030,-61.8874,17.4119
58.1604,37.6691,32.1053,-8.9066,30.0610,41.2422,24.4705,28.2473,12.0384,-36.4492,-62.1585,42.6903,13.5064,37.1205,27.3103,22.7441,73.8492,-36.7228,36.2212
46.3929,32.5729,24.6997,-11.2749,33.4497,64.0190,37.0422,18.3753,35.0034,-47.5746,-74.3362,65.2428,19.5794,61.6296,55.8285,62.0365,52.1123,-46.5571,35.9560
70.2165,47.7890,31.6891,-5.9310,40.5056,62.7079,45.0109,30.7907,34.5071,-54.2946,-107.7082,116.7591,13.6071,108.8184,52.6582,83.0227,89.9619,-47.8091,47.3862
107.3737,54.7162,46.1493,-21.1199,23.3339,35.1083,65.3322,25.9345,-1.2943,-61.0023,-95.1886,125.1789,19.7988,104.7815,47.4102,68.6297,113.8221,-64.6433,50.9149
100.2471,57.5281,49.5212,-48.6184,-12.1133,-9.5606,71.0926,-17.2865,-32.0401,-63.1638,-23.5141,102.6471,42.1622,55.2071,51.2138,56.0039,76.1637,-93.1346,20.4628
48.6031,64.1417,39.4671,-41.6621,-9.7784,-21.9796,62.6829,-42.8211,-24.6035,-39.9913,-1.6035,96.0870,49.4258,35.4780,54.2779,77.0844,29.8416,-83.3585,-3.9360
11.9888,48.6907,16.6998,-24.9707,17.7994,-7.3387,64.9971,-29.0947,23.0945,5.4647,-59.6388,91.0596,30.6786,55.2521,70.0057,119.4981,15.8000,-61.7976,7.9782
18.7863,22.3404,-2.5444,-37.4281,15.8179,-12.7419,68.2056,-18.1632,76.2163,33.2875,-106.0617,85.8792,14.9883,72.1776,90.7457,138.8229,16.7545,-76.1730,25.0152
33.0495,30.4913,-7.1858,-47.0861,-7.3790,-33.0784,47.8342,-38.0436,92.6494,20.5826,-112.0698,110.9678,2.8017,78.2396,82.8963,124.9596,32.5121,-91.2746,24.6044
32.5304,64.0819,-9.2272,-34.2936,-12.8642,-45.3579,12.6167,-73.3549,77.3105,-10.7718,-116.3039,146.3057,-21.4578,85.3419,53.1149,112.2175,76.2733,-81.6663,13.9749
40.8722,86.6923,-2.4349,-19.6321,3.4270,-46.0443,-7.7373,-86.8807,53.1236,-35.1967,-113.9738,161.3730,-22.7563,96.4600,22.3949,97.9610,122.7508,-68.8737,-9.7037
60.2429,102.3712,28.9989,10.8233,28.9544,-12.3853,-2.4680,-63.7696,4.5015,-55.4197,-99.2948,172.3656,14.8417,115.0382,-20.5140,52.1022,145.7733,-30.2879,-44.3166
63.4285,118.4582,63.0168,62.2590,52.8393,46.9144,5.7962,-40.4924,-73.0961,-77.7731,-90.0437,174.8896,33.7253,127.0682,-66.6643,6.7143,153.7616,42.2775,-71.3488
54.9427,119.4621,73.5907,84.0268,62.1666,58.6866,-15.5278,-56.9557,-126.9935,-97.3195,-62.2035,148.2171,11.2570,110.2406,-84.5875,2.3594,154.0870,74.7849,-90.1246
58.0866,104.7100,72.3197,70.4344,59.4464,21.3461,-62.3707,-101.9433,-125.0810,-121.9243,-5.7564,129.9922,-5.2316,86.3731,-87.5902,-2.8109,140.6985,51.4303,-109.2301
67.1790,91.1144,76.7431,79.2960,61.4114,30.1946,-86.3686,-137.0231,-114.0204,-162.6171,20.0655,145.8901,3.5462,86.3356,-102.9974,-50.3986,119.9197,56.3571,-119.6664
68.3721,94.0252,90.8379,116.7649,73.9934,95.3478,-60.9794,-142.2894,-144.6205,-202.0780,-1.3480,145.3722,21.0525,82.5400,-118.6629,-106.1300,107.8497,108.5920,-118.6683
69.5932,119.2375,120.2969,145.6459,98.4318,132.0063,-18.6806,-125.9771,-199.5451,-218.9940,-17.4695,118.6932,43.8477,53.9233,-122.8745,-134.0022,105.6926,149.0501,-111.6811
83.3254,145.3456,163.4761,167.0687,140.9501,133.6620,10.5430,-102.6679,-230.1589,-213.9134,-24.5471,129.3144,64.1890,42.4578,-121.6121,-142.7259,99.5082,164.8371,-77.6207
100.5651,144.0506,195.0249,179.4041,182.7833,145.1227,37.2162,-69.4676,-216.2406,-179.9769,-47.4430,167.1446,72.8473,53.3401,-108.7469,-147.2450,83.9145,164.9859,-3.5910
90.2226,124.6505,178.7766,149.3936,174.9541,134.4992,59.5792,-29.6378,-169.0065,-110.6186,-53.7564,156.8400,76.9736,31.1764,-86.3488,-148.1079,70.0595,129.4869,61.4877
45.1082,104.1197,112.8217,87.0284,107.8349,77.7931,54.5839,-12.1218,-108.6550,-40.3465,-24.5922,115.2372,71.8511,-8.4978,-71.1488,-132.0274,60.5469,70.8121,69.5373
15.0516,71.0624,54.9572,41.4492,44.9540,40.6282,41.9923,-17.5108,-55.7754,-1.1122,-7.2570,106.7060,57.3180,0.2375,-53.1783,-91.6466,41.3806,29.3646,48.6390
31.9424,37.9171,47.8171,22.1961,34.3898,46.3984,57.4149,-15.7381,-24.7744,19.9272,-31.8957,104.4587,57.6096,27.8132,-21.8739,-54.7919,25.8091,7.3938,38.3829
48.6584,49.1096,52.2857,13.4825,44.5441,34.1810,70.1993,-23.6099,-8.8743,27.5080,-84.1195,70.9439,60.0592,14.4253,-3.5579,-38.8752,50.8209,-5.2937,18.9400
30.7275,93.8229,34.7780,15.2890,35.3128,1.5623,41.9762,-64.8441,7.5626,15.5856,-138.8180,60.2101,31.6183,3.2958,-5.6602,-8.6910,95.3450,-4.8813,-23.7146
15.5457,108.5867,27.8954,21.2545,16.8697,3.4536,10.2185,-87.9659,16.2458,15.8001,-154.4233,103.9528,2.8524,41.4839,-5.0712,39.8061,98.4764,-1.0641,-49.9319
20.8670,82.2510,39.9486,24.2188,9.8257,32.0219,9.8221,-56.2528,3.3957,44.6624,-121.2488,139.4264,8.4281,81.2367,-11.2557,48.8173,71.4935,5.3548,-41.9180
18.6886,61.2723,39.7640,34.6551,15.3855,54.6133,12.3699,-19.9363,-7.7306,64.8109,-101.6745,132.9770,18.6863,87.2790,-34.5364,16.0682,66.6655,27.1998,-32.4718
13.1943,55.3199,34.4154,39.0991,18.7157,79.1876,3.5859,-15.3360,8.8726,62.5266,-113.2432,123.0078,18.5193,86.9435,-35.7661,5.3580,66.9147,33.3998,-34.9678
22.3391,32.7572,31.6052,9.5263,-6.7126,90.4589,-1.5797,-30.0614,24.3235,54.3716,-84.2953,116.3574,21.4428,85.9165,-6.0549,25.7888,41.1855,-5.4401,-43.2568
24.1235,4.1536,5.9357,-23.2545,-50.8469,58.3873,-18.9541,-63.2378,4.5877,24.1474,-16.5051,88.5144,7.5753,73.2499,-0.3467,37.7800,31.8440,-35.6942,-75.4647
9.4598,9.6222,-22.5451,-13.2710,-56.5203,20.5900,-52.8596,-93.8991,-15.0744,-22.8145,-3.7202,62.8708,-20.1466,70.4660,-26.8436,40.1548,62.8522,-15.0441,-122.3691
8.2835,25.9519,-18.0935,8.5249,-26.0335,19.3835,-62.3020,-80.2171,7.8753,-30.4350,-45.1111,70.6084,-19.6288,87.3813,-35.3196,41.7411,78.8520,5.0023,-127.2506
25.9555,2.2967,-14.5287,2.6369,-30.5992,29.0529,-51.3158,-46.4692,37.1573,-9.6620,-51.0299,87.9129,-9.7913,102.0430,-32.0753,17.6766,60.7139,-2.0175,-90.5559
33.4703,-24.3636,-29.7615,4.0261,-64.9225,35.3586,-70.0259,-37.7970,23.7330,-33.7369,-14.8819,92.3801,-25.9219,107.7798,-59.3903,-30.6693,55.2671,13.0819,-79.7556
15.3019,11.9738,-20.4632,36.9351,-56.3893,56.8673,-102.8380,-32.0195,-7.3348,-88.2790,5.3400,104.3513,-29.0679,110.5331,-92.0108,-50.7403,67.3957,51.5590,-99.0420
-13.2060,71.9356,7.6073,59.7219,-11.1016,71.4103,-95.1812,-11.4212,-16.7375,-98.8112,1.0863,125.4017,-3.2718,103.0387,-85.0378,-22.6579,66.8489,60.9272,-87.9478
-18.2986,84.6668,16.9652,53.8990,15.9103,54.5277,-55.2353,-2.1730,-20.6924,-74.0230,-9.9380,121.5214,7.7068,82.1673,-59.8259,1.0074,63.0409,46.0054,-46.1040
7.3993,69.5964,24.0899,48.4003,22.7036,34.8214,-20.9773,4.0947,-34.7056,-73.6735,-21.0974,88.7625,10.8342,58.1610,-49.3777,-18.9328,61.3938,44.5656,-21.7406
19.5058,55.4523,29.6064,48.1318,21.2805,32.2410,3.3635,30.2183,-31.6366,-94.6354,-17.1741,57.9981,30.7919,42.6476,-38.5935,-43.8205,30.0723,50.6214,-12.4558
-5.3479,23.7150,2.7946,39.5577,10.3081,34.9595,23.4063,47.8288,0.2065,-93.8370,-6.7457,43.2196,36.7936,41.3859,-13.5746,-32.5331,-21.0270,47.5064,8.4189
-27.9757,5.8077,-22.7472,32.5269,11.0612,34.0993,39.0339,33.7814,35.7058,-71.4164,-31.8443,41.3251,29.8676,42.5591,9.7324,-7.7272,-39.7601,39.8885,23.0272
-31.0246,48.0422,-10.6001,35.4218,25.3130,11.9363,55.5036,16.4535,52.9966,-61.7037,-84.8866,46.7773,44.4529,30.6120,22.8359,10.2315,-28.4562,34.2333,9.4553
-36.6685,87.5117,-2.7517,39.7148,18.0701,-27.4118,64.0614,19.9451,39.7300,-69.2522,-102.3995,42.5278,47.5729,18.5277,23.5724,27.0307,-24.3967,41.1722,-8.0272
-31.3289,56.3247,-15.7085,41.0985,-10.1964,-29.5736,49.1950,26.2749,3.1978,-67.1395,-72.2796,27.5931,13.8584,22.6101,2.5012,12.9299,-22.1644,60.6718,-6.5206
-6.9847,19.0846,-16.9583,38.3932,-32.9673,-2.4606,24.7225,6.7480,-10.1853,-51.9580,-54.5449,32.5590,-5.3042,28.4230,-25.6973,-37.3571,-9.8568,66.0438,-7.5005
-10.8955,46.6463,-17.1326,36.7560,-42.1790,-38.3554,12.8038,-20.3450,15.2202,-39.8062,-81.3996,58.8286,-3.2521,28.8700,-32.4414,-36.7598,-2.8711,58.4525,-26.3652
-39.1887,99.8348,-18.1847,51.8026,-20.8531,-139.1718,11.6207,-1.0697,11.8960,-21.5310,-111.5870,76.6321,-25.1575,43.7626,-29.8062,47.0999,7.6630,72.1723,-34.4122
-26.3309,129.7648,15.5807,75.9018,26.3912,-201.0417,13.9629,44.2026,-52.7741,1.4014,-101.6902,101.2146,-48.5295,73.6476,-46.4073,108.0496,41.7053,94.8379,-15.9838
6.0519,130.1932,47.4198,84.0813,46.6501,-171.2820,19.6911,33.0424,-98.0946,-6.2674,-70.7217,148.4227,-36.3392,93.3173,-65.9725,82.3323,64.8066,93.6685,2.0208
-15.1977,89.3071,23.7646,87.8005,45.2627,-59.1665,25.6886,-15.3064,-73.5286,-33.2810,-57.6908,159.4363,-16.3920,89.1223,-62.3603,24.6196,40.1485,96.5779,15.1701
-54.7450,31.9472,5.9223,112.3284,84.9813,94.5495,30.4579,-19.6847,-47.5340,-32.4054,-62.0314,110.4211,-3.8865,64.1092,-54.1928,-31.7997,6.2010,129.8659,44.9241
-36.3345,31.5915,54.5952,144.4143,143.3727,187.5585,37.4674,-11.3008,-76.0747,-30.2486,-77.4472,76.6218,18.2867,33.8036,-62.8697,-88.5358,11.7968,160.9414,60.1073
20.1516,87.9500,117.4088,165.7590,161.2434,176.7668,40.8886,-44.4037,-127.0191,-79.9594,-111.7600,84.7826,35.8283,24.5019,-76.0255,-113.9687,45.8698,175.2205,15.8877
61.2767,116.6107,143.3491,174.9299,160.2648,160.2360,27.4245,-69.9009,-162.2182,-149.3349,-125.0577,85.3218,34.5355,43.0035,-81.6278,-102.1613,77.8580,181.7560,-45.5332
70.6242,91.4361,133.9247,153.6327,148.9955,180.0006,3.6442,-65.1676,-170.7785,-182.2166,-64.5094,83.9112,31.7418,64.2138,-75.3601,-80.5701,85.2595,152.7097,-60.0716
38.0719,60.3240,84.2872,98.5796,93.7334,160.2062,-1.0752,-64.4602,-142.2006,-174.3361,17.3429,94.0157,30.9916,64.0820,-48.0750,-42.1467,55.3556,89.0189,-41.7352
-15.2372,42.7098,18.2190,55.7318,41.1682,112.1030,23.6654,-36.3960,-88.7497,-133.6831,23.0096,62.5170,24.8901,42.9750,-14.0254,0.9452,23.5053,54.3864,-18.9609
-32.4613,33.1875,-13.2959,48.1020,41.2922,110.3002,48.7049,23.9688,-44.8162,-82.7709,-38.8408,8.1845,18.2586,22.2836,-4.6953,-3.1971,42.1377,59.8961,15.3194
-17.4373,44.5422,-18.1081,46.1736,36.4976,122.2923,54.3151,30.3765,-16.3169,-64.1745,-97.0932,22.9169,10.6777,22.9529,-11.2630,-32.4374,81.8093,56.1924,44.9001
-21.9432,64.7732,-26.2148,38.2311,3.7100,107.6335,59.8643,-5.7891,11.3690,-68.8431,-127.5142,74.6744,6.1342,36.3928,2.2341,-20.2343,69.8337,41.7967,48.0201
-34.9650,54.4663,-27.1055,33.5967,-3.2524,106.4839,69.0380,4.0926,39.2635,-62.5619,-133.4569,71.3671,10.2372,41.6734,34.0881,14.1371,18.2149,35.9593,49.2067
-19.4593,17.2378,-23.5418,22.3756,0.2898,113.1977,59.0755,24.7276,67.4190,-56.8864,-128.1534,44.4950,2.9228,45.7784,57.7175,27.1118,-11.0216,21.5323,58.0129
0.5539,-13.6442,-29.4163,7.9921,-14.4348,93.1465,44.8209,11.3233,88.2968,-40.5093,-132.7688,44.7091,-15.4127,61.0735,64.7569,37.3880,-17.7829,5.8914,50.2556
-4.1154,-39.1035,-21.3007,10.2469,1.4576,82.7230,50.8670,36.5357,77.9791,29.2026,-116.4576,41.4842,-10.3708,74.2832,56.4509,55.0188,-34.4899,14.1542,46.7653
-18.0879,-67.9222,-0.2353,12.2554,35.2258,90.4032,48.8558,100.4418,49.9880,112.0286,-49.6187,29.4351,0.0767,72.7880,44.1345,67.3052,-59.8090,18.1619,77.3825
-29.0850,-81.9678,-6.1722,-7.8662,17.1511,65.9854,24.8952,108.3056,51.8537,136.9119,-7.3394,10.9344,-23.4318,51.7250,53.4135,85.9671,-79.4437,-4.2714,95.7271
-33.5284,-80.2935,-23.7354,-26.5473,-6.2196,29.6894,19.8088,72.3594,69.5439,118.8785,-32.6296,-57.9805,-38.3270,8.2467,79.5397,103.0217,-86.4730,-18.9530,55.4652
-22.5053,-86.2020,-17.5229,-28.6497,20.4692,23.8140,33.6313,52.2258,45.0964,86.0745,-20.3657,-131.5575,-8.3884,-23.0274,84.1257,97.0028,-77.8784,-18.7022,-5.0009
-14.8758,-99.2328,-20.8906,-37.7054,20.4099,12.0418,23.8426,26.9278,0.6899,40.4313,67.8778,-111.9373,7.9843,-7.4411,65.0163,92.9013,-69.5281,-33.5218,-31.8647
-30.9367,-104.6946,-51.4159,-57.2873,-29.0031,-19.8040,5.8355,-4.5303,7.5695,30.3318,109.4636,-68.5132,-10.9303,0.5510,57.4825,92.0555,-80.2136,-54.3079,-21.3670
-42.0913,-97.9310,-53.9852,-63.9953,-30.6884,-29.5754,10.1777,-11.6190,50.9565,71.5320,71.6034,-106.2741,-4.5415,-58.8426,61.5925,44.2749,-92.7803,-60.5823,3.2078
-28.3430,-72.3905,-17.7755,-56.4977,15.9260,-26.3583,9.4106,-22.3619,65.7606,87.4922,54.0386,-137.3453,28.4207,-118.6434,52.2762,-20.1554,-82.3621,-66.3199,16.7806
-19.4191,-45.4681,-5.2881,-51.6923,22.2024,-41.3190,-3.7893,-42.1710,52.7182,66.2790,66.0840,-86.5878,29.1501,-98.5136,39.1681,-14.8006,-60.5513,-73.2692,14.5577
-24.9357,-61.9454,-34.2448,-53.4618,-5.3494,-54.7420,3.8461,-26.5038,43.8826,73.8284,51.4899,-61.9960,-6.6281,-52.1869,41.8307,32.7880,-49.2769,-62.9284,20.9653
-21.3437,-107.1800,-56.2714,-52.5181,-17.0945,-48.7726,17.7535,0.0929,34.7673,91.9303,30.3364,-111.0163,-44.7644,-54.9004,49.8262,37.7092,-53.2819,-40.9622,44.7739
-12.4445,-115.0838,-47.1661,-43.8558,-26.4912,-28.1036,9.3958,-9.5378,27.5065,74.3711,22.3060,-132.1292,-63.1610,-78.0305,51.9635,7.9487,-69.6558,-25.9539,59.4755
-12.6297,-94.9639,-32.6012,-40.3954,-40.9861,2.5598,4.8636,-29.3199,43.3191,58.0377,14.9912,-103.2234,-40.5997,-78.5401,52.8957,-16.0489,-89.2649,-28.3078,45.7734
-15.5064,-102.6005,-35.8987,-55.8242,-38.4626,12.6703,18.2063,-41.4355,59.6604,57.7793,49.8783,-95.1547,16.6250,-75.1538,48.9139,-36.7858,-100.9710,-51.6783,9.0400
-22.2471,-113.5592,-47.5559,-74.4836,-28.5381,-16.3069,22.7548,-58.5242,41.0124,38.1503,130.6125,-105.6663,59.7352,-83.3614,35.1456,-46.3724,-99.0955,-77.0071,-28.7850
-27.8898,-87.5736,-47.3027,-75.5780,-26.6986,-43.6354,21.0215,-55.5826,16.0305,23.0522,150.3980,-97.6765,59.9229,-83.9024,27.1474,-29.0162,-77.1390,-80.9313,-35.2432
-5.8584,-62.2550,-32.9023,-67.0659,-20.8764,-48.1390,28.2742,-28.4362,21.4795,40.3539,75.6831,-87.6951,32.4179,-68.5678,36.0330,-4.2780,-40.2828,-72.8071,-10.1863
28.8390,-58.8802,-13.4497,-57.0691,-8.2484,-49.1377,24.3487,-13.8181,33.1238,52.4959,6.2905,-89.1850,2.5903,-51.6894,45.4237,10.8099,-15.7589,-63.5852,3.8721
28.3071,-42.8575,2.7530,-42.6409,-2.9194,-31.1812,5.2397,6.9972,34.2371,61.2571,-15.1692,-85.4357,-8.5390,-41.7792,41.5528,22.0241,-12.2171,-47.6861,-1.3837
5.3336,-24.8719,1.3069,-38.6639,-12.1240,9.2380,-1.6552,61.4564,51.9978,101.1622,-31.8907,-74.8500,-3.3458,-32.7820,33.7276,23.8884,-4.8274,-39.3801,12.5523
2.1983,-39.5902,-20.0563,-48.5456,-31.7418,23.1290,-0.6026,98.4703,73.0273,124.4355,-39.6439,-68.6695,-11.5984,-20.5756,27.5205,12.0285,9.1864,-43.6522,42.0558
6.9328,-56.4445,-33.0473,-39.9145,-43.5251,14.3111,-17.2180,81.6094,43.5149,81.3617,-11.6543,-65.3271,-39.7755,-9.3086,11.6814,3.5738,14.0538,-26.3781,40.2429
6.5545,-40.2635,-17.0678,-8.6750,-25.7242,30.9548,-42.9870,45.7563,-21.5681,27.5156,16.3070,-50.3086,-59.2971,5.5744,-12.9554,11.3561,32.5954,8.5472,6.9098
25.3131,-11.1046,13.9524,9.3258,14.9160,53.5313,-47.8553,19.1634,-52.5840,24.3065,-2.6323,-12.5617,-55.9447,30.6289,-24.6645,28.9796,80.4196,13.4905,-10.7946
48.5506,13.5653,38.2531,10.6977,38.9089,52.0836,-29.8412,7.6255,-41.0927,54.2411,-52.0604,25.7787,-44.9020,41.4199,-20.1153,32.5024,109.7208,0.2421,5.8150
35.7907,26.7237,41.3887,11.9612,15.2493,52.8662,-26.6059,14.6843,-28.3446,86.9176,-75.3125,19.9331,-51.1681,9.9890,-20.4538,5.6845,88.5271,8.7286,30.4455
7.0040,5.0024,19.0723,-2.0691,-34.5424,54.2936,-59.2567,30.0230,-14.5959,126.0994,-55.9227,-30.2357,-86.2490,-32.5554,-22.3229,-11.1653,56.2542,11.4420,41.3166
-1.3045,-39.3692,-11.4028,-33.6904,-57.9513,30.1512,-83.7978,58.0527,24.5833,174.6077,-46.2928,-70.9703,-122.6665,-33.4390,-1.1542,30.0338,45.5033,-17.6064,52.7905
-3.4747,-55.7713,-31.6318,-50.4931,-52.9497,6.5130,-60.4767,106.0681,72.8900,202.1982,-77.7801,-67.7013,-123.8511,-2.4172,30.9967,84.6980,40.1029,-38.9595,79.2529
-9.1403,-35.3251,-39.1433,-45.4874,-59.8638,7.3555,-28.6972,130.8602,89.8024,174.3151,-99.1130,-34.8169,-98.1263,18.5891,37.1663,82.9531,33.0603,-33.7150,92.4035
5.4895,-7.9097,-20.9119,-35.0611,-61.5499,17.8655,-28.4158,109.1065,60.4080,113.5307,-70.9445,0.4326,-66.1147,29.0870,16.6211,50.4673,41.5975,-28.2111,63.3461
36.0994,14.4038,27.8918,-19.7664,-21.0178,38.2377,-33.7063,88.9909,1.9441,75.5152,-23.8192,20.6598,-25.3248,40.8884,-6.0591,36.1468,63.2421,-25.6391,17.3260
49.6984,30.0212,65.0356,-5.8800,16.0057,59.9694,-31.4057,83.8141,-47.5419,62.4843,12.3704,20.4486,4.5825,35.2721,-21.8743,23.2022,75.3928,-18.2355,-5.0529
42.0307,38.3643,65.3587,-2.2906,14.2160,56.4089,-36.6122,65.5531,-48.5938,49.3305,13.9532,11.8780,-1.7364,10.3561,-21.5858,6.7312,66.9229,-14.8174,4.4193
30.9154,50.4243,60.9904,6.7597,24.2847,50.6928,-26.2925,60.9925,0.2979,46.1881,-48.3260,16.3092,-12.2201,3.1283,5.0574,17.1472,45.6336,-10.1805,35.4476
16.1075,57.5318,53.0555,16.3251,43.1225,64.2803,12.2738,86.1047,55.7992,51.0513,-116.5999,31.7668,4.1113,19.7112,37.6816,38.9445,20.7670,-3.9427,66.2729
-13.8408,30.6247,5.6563,-6.6428,7.7765,52.2562,43.9666,91.5310,73.8692,41.2609,-86.9242,25.3309,19.4097,20.0192,53.4990,46.2077,-10.9180,-18.6110,72.6793
-51.2382,-15.7359,-52.1164,-40.7718,-39.3915,11.6778,64.8506,70.7386,45.4450,30.1363,6.2460,-9.3517,19.0011,-0.8858,59.6027,60.2617,-45.0252,-38.1712,61.5216
-69.1696,-30.1675,-60.9021,-32.6129,-26.2712,7.7246,89.7830,56.4598,0.7523,24.1276,40.5884,-24.3535,25.8125,-5.1834,56.6376,72.9901,-57.4079,-20.7074,49.6500
-53.5274,-5.1114,-31.9435,2.1432,-0.4339,40.6868,89.8102,33.4174,-15.5991,-1.2322,3.8326,0.9797,38.9870,4.9580,34.5377,36.2886,-42.5879,14.7359,31.2593
-21.0826,19.9414,-2.5015,17.4382,-0.1791,58.0303,63.5203,-2.4382,2.2858,-27.8119,-35.1458,21.2831,46.8993,-3.8939,13.3521,-29.1417,-27.7647,23.4879,14.0860
-2.1585,27.0363,17.8367,15.4555,13.7614,51.0291,56.1653,-27.7384,15.8767,-32.0347,-40.9585,23.2811,58.5432,-20.9239,15.1051,-53.1958,-29.7837,9.8199,13.3051
-16.2830,31.8633,8.4538,2.6069,14.8026,21.7312,57.5003,-68.6586,19.0706,-45.8211,-5.4193,48.4312,70.0253,-22.1558,23.6869,-33.8731,-42.1943,-15.7108,6.0371
-47.7444,38.3647,-31.7120,-28.2765,-32.3804,-26.2058,39.5027,-122.7359,47.7996,-58.9160,35.9785,81.3550,69.6137,-26.9696,26.5011,-21.0935,-55.7229,-55.1612,-12.0726
-46.2023,35.0472,-44.4947,-46.2802,-48.1350,-48.8653,36.4945,-116.6096,82.8022,-26.1010,12.5074,65.4944,63.6712,-43.4618,30.9578,-29.5553,-47.9305,-73.8677,-1.7814
-0.1750,29.2691,-12.6436,-29.9603,-4.7918,-34.6344,50.1684,-67.4497,69.3239,2.2326,-51.9668,21.8370,50.3203,-43.6522,29.4376,-36.9707,-3.9385,-52.4741,17.8977
23.6966,31.4357,1.8883,-25.2514,0.1366,-30.8174,34.2063,-62.8304,37.9814,-15.7533,-55.7870,-1.7914,31.1530,-37.9931,25.0723,-22.9071,24.9396,-44.8021,-5.7658
-10.3964,23.8676,-18.3871,-54.5770,-40.5755,-47.5111,15.1526,-75.0845,44.7944,-7.8095,4.2354,-26.0622,33.1012,-62.0567,41.3570,6.0056,-15.6141,-74.2636,-34.5312
-40.3037,2.0476,-25.1055,-65.4482,-39.7046,-62.8247,28.8427,-48.1841,46.3537,27.9016,52.1899,-57.0641,47.8630,-87.2185,55.5561,19.5866,-68.9447,-81.0018,-20.2075
-24.7540,-1.0850,-12.7673,-38.5152,-10.9708,-77.4620,22.4882,-36.5772,3.1525,5.0319,70.1163,-36.4041,33.7488,-60.3159,26.7423,13.2922,-49.1786,-49.0323,-11.1448
-3.0140,15.7013,-9.8281,-20.7436,-7.9498,-72.6997,-15.8401,-62.4041,-17.2075,-30.9610,66.4134,35.5464,7.7345,-2.4823,-10.4013,13.5655,10.5671,-37.0612,-26.5045
9.0257,13.6357,-0.3781,-22.9249,3.2773,-31.6490,-12.5042,-53.8994,14.5958,5.6606,28.1193,69.5368,14.4833,22.4331,-4.2410,14.7046,26.2248,-49.4018,-7.4325
35.4583,-0.2726,35.3362,-10.3342,43.6830,0.3631,28.4958,-9.3046,18.1303,39.8287,-15.6301,29.4284,34.9407,0.2658,14.1802,-10.2176,7.7343,-34.3843,31.4817
63.2060,9.4510,69.1459,14.0275,68.6309,-2.6544,27.3557,3.1480,-33.5035,-0.9219,-10.4274,-17.9945,35.5309,-25.0647,-1.1634,-41.4153,15.1422,-0.8346,16.2156
68.8537,31.6376,75.8990,20.5264,60.8481,-15.3220,-20.0821,-16.0424,-73.6147,-52.1305,37.1904,-11.3249,26.2429,-15.9375,-33.0054,-43.1428,46.4716,4.7950,-35.1421
62.2128,49.1596,63.2795,10.8653,36.5236,-61.0956,-56.3974,-17.1400,-76.2808,-66.1747,77.2321,31.5685,13.3377,12.0008,-53.4447,-20.8795,64.7210,-10.1441,-52.6871
52.1732,63.4106,39.6225,-3.4184,6.2661,-166.5476,-57.4344,16.7116,-64.1238,-48.5687,86.7131,56.3887,-7.7966,25.9781,-59.4964,12.1964,63.9069,-20.6146,-31.2405
45.9049,43.9163,12.0701,-25.2064,-14.2734,-255.9035,-43.9378,60.8809,-37.9260,3.3624,86.9841,48.7807,-22.8620,34.4688,-53.0744,45.6180,50.6367,-35.0288,-7.9017
51.1208,-12.6717,-2.7394,-40.0555,-22.6157,-244.7347,-56.2727,67.5930,0.3393,38.1204,100.6900,41.6070,-26.6390,51.5215,-46.6675,41.9421,21.8969,-48.5465,-5.4007
39.3962,-35.0487,-0.9441,-24.6601,-30.9463,-133.4133,-91.7307,26.1850,29.9749,7.6647,96.7151,47.0016,-26.5393,49.9670,-45.4109,-4.6404,-11.4795,-33.6736,-18.6592
-0.6925,-14.9560,3.9415,4.8790,-25.5810,31.2948,-89.5536,-6.2062,43.0476,-18.9046,36.8422,30.3731,-19.9419,21.6916,-24.7444,-33.1231,-25.6267,-0.3545,-19.6149
-15.1687,-32.0667,6.7047,15.5303,3.0735,161.4183,-47.2088,4.8662,44.3365,8.3756,-30.9070,-20.1530,-17.2468,5.5042,15.3057,-18.4137,-21.8757,16.0511,1.4928
7.4124,-74.6709,12.9993,15.9808,30.1233,181.0023,-32.4195,25.0464,39.9554,29.3811,-40.0473,-53.0216,-25.7986,10.2078,27.5734,-14.1042,-22.0896,19.3901,21.6770
9.8615,-57.9072,27.1740,36.3511,50.7611,145.0843,-39.6408,24.2753,23.8155,16.2886,-17.4523,-27.6603,-13.6258,8.1284,-5.4839,-51.7340,-22.2151,39.3870,28.4872
-3.5280,0.8323,50.8171,70.3117,77.2374,143.6942,-11.7557,2.8811,-29.9663,-6.4978,-10.6059,17.6901,25.6215,-2.3707,-43.6587,-94.2548,-3.4304,74.2335,23.4740
4.3633,34.7079,70.7019,87.3830,90.9359,144.8597,27.6572,-24.4564,-100.1952,-35.7177,-11.3701,29.5191,42.0416,-10.3026,-53.4880,-98.6568,20.5338,94.8095,11.0346
-2.2285,45.3765,62.9154,83.5382,85.9495,113.5141,31.7457,-20.8727,-107.0005,-35.4926,-18.8762,23.7833,24.8941,-12.3857,-44.5119,-67.0462,27.4824,92.1915,15.8164
-36.7433,43.4609,32.1828,76.0512,78.4804,105.4734,15.6757,16.9270,-53.7340,20.5387,-41.8109,36.0092,8.1148,2.5428,-44.5824,-41.2493,33.0288,85.4603,40.7259
-42.7758,25.7514,7.5348,63.6213,46.5389,117.2752,-6.1102,29.6408,-26.3920,60.6067,-56.5345,43.7519,-16.1507,17.8524,-55.0501,-44.2152,50.0488,79.4811,46.7088
-29.8380,17.0199,-7.6576,35.6570,-16.2234,84.0423,-29.0088,8.5322,-15.8410,61.2837,-61.9633,24.1493,-56.3805,-0.3061,-42.9419,-39.1109,45.6612,56.7815,40.5252
-48.6766,10.7885,-26.4538,11.9597,-49.0403,40.9971,-23.6982,20.1037,27.6222,96.9814,-72.5357,14.6625,-68.0278,-14.7672,-13.3899,-8.6320,5.0143,33.2945,59.6446
-65.9044,-26.8825,-36.9694,21.1750,-33.3689,56.1232,4.3365,70.5510,38.5055,141.8052,-54.2210,33.8073,-38.0033,25.2798,-21.7392,-4.6821,-29.8478,52.5473,68.2589
-53.5031,-57.9030,-30.7508,44.5835,-25.7791,90.1269,22.5987,99.9825,-17.5649,118.9407,-9.3814,42.4231,-11.7822,67.4646,-54.9416,-29.7480,-37.0020,94.7779,38.1969
-55.7886,-38.3304,-30.7655,42.6230,-41.4907,87.0295,40.7432,95.7266,-37.3784,88.0075,-13.8651,36.2304,-10.8544,58.9525,-40.9964,-14.4602,-39.5087,95.4227,32.4495
-66.8749,-17.6358,-41.1508,25.7397,-48.5448,70.8792,57.9163,85.7789,7.1417,105.9089,-65.2943,51.3806,-21.6720,52.8236,-1.6182,28.0654,-41.2122,65.7136,64.0208
-46.3941,-29.6991,-35.3104,29.2102,-42.3809,74.6743,44.3962,84.7343,30.0789,110.5768,-86.4463,77.1610,-29.5687,82.6359,-4.2109,27.3953,-35.3494,64.2116,66.1034
-31.1068,-30.7442,-16.3698,44.9201,-26.0993,85.7443,27.6778,99.8306,34.5513,90.3219,-84.4235,84.3396,-18.7207,101.8246,-15.3108,13.9433,-42.5404,78.7757,49.0868
-46.7522,-10.4966,-9.6970,48.0956,-1.7373,79.2562,43.7204,121.1194,58.0907,94.9499,-100.2029,83.2718,3.0189,97.2504,3.8112,37.2145,-58.4112,73.8606,58.0410
-43.2569,-1.5365,-5.5510,46.6929,7.1318,58.1044,55.8205,129.1831,46.0757,104.5606,-105.8406,70.8482,5.9337,89.5500,4.4038,46.5559,-46.2713,72.9870,57.0057
-16.4868,-4.9613,15.5987,47.9645,3.8212,50.8675,49.8219,137.3015,1.1955,108.7765,-95.5846,23.7029,-0.5414,67.5388,-10.0933,28.6195,-29.8554,84.6656,31.0412
-15.6901,-16.0058,31.6413,35.9485,11.3489,54.1847,61.1216,157.1736,12.0855,145.6701,-103.0044,-27.6656,9.9695,42.6606,21.0023,55.4119,-61.8340,71.8485,20.9419
-36.2884,-37.5111,13.7797,13.5605,4.5167,26.8208,73.4831,165.8420,53.4996,180.4059,-97.5974,-37.4860,21.6576,51.0235,54.5678,108.5354,-104.9006,45.3329,9.4682
-49.9799,-48.9360,-19.6162,3.8177,-27.2799,-19.2987,69.9892,161.1482,32.3344,160.8414,-41.3753,-26.1907,28.5554,69.4625,26.6281,105.3289,-101.2071,46.8842,-25.7374
-54.9217,-43.5977,-28.8317,7.3653,-33.2157,-28.8136,86.7033,151.1107,-29.1277,115.1611,25.6842,-22.1684,54.7245,64.1769,-6.0255,71.1926,-85.3660,58.8741,-45.6410
-40.5117,-35.9327,-10.1258,9.9735,-16.8204,-12.4463,100.3244,105.7539,-61.9985,59.4874,61.0693,-2.5271,81.1340,62.6987,-1.2334,61.5530,-89.7743,49.5551,-60.2594
-9.9023,-13.1566,5.7328,10.3478,-33.2436,-11.3795,65.5739,35.5019,-59.2113,-8.3026,58.8450,40.8012,79.7561,78.4690,-8.5602,44.1633,-74.0161,35.4390,-103.5750
5.6710,23.0725,6.4601,11.7533,-50.0958,-8.0422,47.5155,12.1987,-35.7745,-36.8123,16.2522,70.5046,80.4334,82.1603,-24.7363,10.0204,-33.0364,30.5451,-116.0268
14.4701,30.3070,12.7760,12.3582,-14.9638,12.7486,89.8465,35.2293,-17.8282,-18.5904,-35.6831,70.6601,92.3202,79.5570,-1.5658,17.1510,-12.4800,22.4060,-67.1943
35.0461,11.2859,25.3979,6.8410,13.5063,21.8027,104.2755,39.8179,-23.5577,-13.0586,-46.9625,64.6944,74.2011,90.7395,31.3845,62.6050,-9.0406,6.4363,-35.8153
27.9433,3.6509,10.0904,-13.6587,-18.5827,9.9954,57.1117,29.4183,-5.7578,-11.0508,-26.6473,59.4808,34.3998,88.1750,39.6990,89.7296,-8.3205,-18.5955,-37.5952
-21.3033,-8.9994,-41.1624,-45.3962,-65.2282,-17.8815,30.4969,27.8666,58.1699,13.2948,-12.6904,32.4475,10.8439,52.5718,57.7442,98.8369,-39.6039,-49.0326,-17.5987
-54.4638,-44.9717,-92.0687,-66.7534,-94.5840,-64.3283,42.6949,2.5393,92.9887,7.2186,-8.7160,-19.0722,-12.8558,15.6619,89.6044,113.9833,-86.9423,-60.7709,-3.7792
-49.7869,-68.3318,-111.6201,-70.3511,-117.3674,-91.9817,43.2564,-37.0911,70.5895,-26.1914,-6.6265,-62.8043,-41.4171,-0.9847,96.4905,119.1249,-95.3428,-50.7731,-30.9929
-44.7948,-64.2575,-97.5946,-69.1875,-114.3864,-72.7586,31.0458,-27.4282,60.4316,-6.0672,-3.6700,-78.7732,-37.0078,-10.7682,85.7750,106.9303,-83.9655,-48.1138,-45.0426
-49.2193,-54.4416,-71.3303,-65.7889,-85.6339,-56.4171,23.4471,21.9861,80.3178,53.4273,-6.0256,-81.3971,-17.5616,-19.0473,82.1067,101.8091,-89.5725,-51.9401,-24.1283
-49.5011,-42.9707,-65.4259,-56.9923,-78.5079,-70.1196,19.2202,56.4358,86.9544,82.1070,-31.8079,-85.1815,-26.3403,-17.4230,72.7614,102.9400,-78.3411,-38.5833,-11.8560
-46.0899,-35.6094,-80.1549,-50.7017,-92.8198,-73.7879,15.9934,70.2614,80.6556,82.7512,-56.3408,-92.0006,-34.4416,-12.2166,45.2916,77.2095,-39.2561,-19.2995,-23.5616
-33.0230,-38.3166,-76.6518,-45.8368,-87.9360,-73.4994,-15.3235,53.5664,80.4696,63.8449,-36.1092,-104.6008,-18.9470,-18.8447,10.0786,24.8637,-18.8214,-13.3625,-65.1403
-8.7776,-23.6227,-49.5319,-32.8812,-73.2681,-99.0585,-85.4197,-15.9072,83.4827,16.5151,-20.1215,-108.0543,-23.5418,-29.4720,-17.4946,-7.3853,-10.4615,-11.7468,-135.7714
7.4595,6.4945,-37.6321,-20.7253,-69.6684,-106.3349,-125.7095,-81.7230,92.9082,-15.4643,-62.5071,-78.3730,-49.3658,-17.9450,-25.5264,-2.2945,22.7405,-10.5837,-171.1035
9.9991,3.2550,-45.8491,-22.9845,-59.1066,-72.4085,-100.5385,-73.9529,101.1075,-10.0185,-80.3297,-40.5176,-41.5864,10.3436,-18.7237,5.4396,45.3841,-19.5756,-139.5359
5.3038,-26.3733,-48.6926,-38.0787,-46.1404,-59.9710,-73.3541,-29.1503,92.0370,-10.8267,-11.6774,-44.1895,-6.5202,17.4122,-6.7292,11.8398,17.0047,-39.0345,-113.6047
-8.4194,-38.9892,-50.4172,-62.1191,-58.9345,-84.2215,-71.5195,-3.9916,87.6995,-15.0647,51.2841,-77.7441,7.6813,3.0477,20.5580,52.6818,-28.7541,-65.9349,-125.8419
-17.1902,-49.6564,-61.4047,-83.2172,-81.7448,-90.2050,-57.0131,17.9325,101.4167,6.0050,50.7397,-87.9729,4.4546,11.5222,52.5389,103.7989,-51.6587,-86.4668,-125.9267
-7.1060,-69.3887,-70.4771,-79.8739,-88.1096,-72.7459,-38.7365,36.2769,100.3592,7.5955,40.1240,-61.6380,4.3889,49.3561,49.5438,105.5903,-47.3753,-77.0650,-114.4610
-3.8386,-61.9702,-78.0114,-63.2747,-92.5231,-62.4032,-40.1379,8.8869,85.0746,-30.7924,30.7658,-25.6254,-2.0702,73.5315,30.4298,89.3037,-28.4225,-56.6200,-123.2316
-25.3767,-41.2445,-89.8652,-67.7218,-102.9868,-58.5795,-34.1587,-37.3118,97.1713,-38.1449,6.9949,-3.4527,-13.7072,66.5911,51.7850,116.8600,-31.1223,-68.6799,-118.0395
-47.4004,-52.5015,-95.0066,-85.3068,-103.8684,-61.6891,-14.1102,-31.7345,138.2432,8.4760,2.5202,-0.6813,-8.2669,49.5904,89.0377,141.9720,-78.3628,-95.2946,-75.1903
-60.3244,-72.5426,-101.0925,-88.0476,-108.6620,-75.6438,-0.8741,7.9731,179.9872,45.6007,8.8475,-9.6471,15.5085,32.3973,86.9729,101.3328,-127.5521,-92.1412,-42.5166
-76.3967,-75.3408,-129.3857,-88.4595,-134.1910,-79.1265,18.2839,10.5300,203.4076,45.1934,-13.6126,-29.7843,31.9494,10.6349,73.9421,49.9234,-134.2880,-77.3801,-45.6956
-82.2051,-92.6793,-154.9521,-97.2540,-142.6313,-67.2044,39.6225,-24.8727,187.6065,31.0266,-26.2148,-68.7316,19.2354,-8.6512,87.4295,56.0449,-119.2933,-78.4092,-55.8586
-65.3742,-118.7736,-138.1778,-85.8007,-103.7434,-59.7663,18.6981,-53.0584,138.4401,12.2939,2.2201,-107.0652,-15.8323,-19.7161,89.6999,74.7662,-107.7084,-68.6484,-58.2492
-46.0384,-106.8976,-96.3308,-51.2483,-57.3019,-53.2341,-34.6350,-69.2533,102.1585,-9.2664,17.9661,-116.0018,-42.9471,-34.8061,58.5735,45.3550,-89.6700,-38.5359,-58.5972
-39.7474,-72.6484,-69.8150,-31.3360,-38.9577,-42.5680,-55.9411,-87.1704,93.4064,-19.6231,-0.1495,-108.3657,-46.8155,-56.6285,40.3243,10.9852,-71.2268,-23.8785,-53.9981
-43.5643,-58.3923,-63.2276,-30.2401,-27.5902,-46.0515,-34.6846,-92.5569,79.1704,-18.8666,-8.9706,-104.3000,-43.5921,-59.8753,54.6487,36.0463,-69.7747,-26.6035,-46.5147
-51.3622,-54.0730,-57.6981,-20.8712,-11.4070,-55.7636,-14.6746,-67.4386,41.6997,-20.2586,8.3497,-97.3162,-45.0158,-40.1676,60.3808,80.9450,-73.0641,-13.9321,-41.8322
-51.6271,-44.7280,-41.6793,-7.3429,-8.9571,-44.5112,-9.9025,-19.5857,-0.0715,-16.8553,33.3206,-101.8361,-42.7112,-41.3679,42.6633,70.0313,-71.2626,9.4972,-26.5690
-46.1179,-45.4682,-26.9470,-6.9434,-12.4726,-24.1887,-2.2958,18.1796,-5.8210,1.3626,33.5018,-135.1286,-37.8577,-75.6699,41.4575,32.8356,-81.6953,16.3709,4.2081
-52.5944,-56.2173,-35.2644,-4.5991,-2.3655,-14.1869,1.2259,7.1406,30.9734,-1.8571,-2.9256,-149.5293,-45.3464,-81.2610,64.2497,41.1713,-99.4370,16.3669,14.2632
-56.9645,-58.6461,-47.9060,22.2712,14.1057,6.7479,-26.9557,-44.1565,31.8080,-63.5721,-12.4607,-101.4467,-64.8238,-30.7576,50.7528,54.9844,-84.4524,40.1041,-15.2735
-31.8209,-46.6823,-17.6237,65.4384,40.6887,49.0770,-68.6122,-66.6834,-50.6480,-123.5746,42.1306,-38.7870,-74.6222,10.4341,-17.0556,4.8967,-34.6601,84.6806,-29.9004
-2.7237,-23.5671,40.0111,94.8912,85.8504,60.3990,-69.9095,-29.3447,-122.8894,-100.0515,78.9903,-17.6280,-60.9628,-0.7825,-65.8594,-52.5898,-4.0996,113.2592,8.4606
-2.3460,0.6220,58.5209,91.7142,109.6133,-16.4807,-44.1523,9.8029,-115.3901,-42.7258,71.6391,-18.0503,-41.2463,-23.1844,-67.2494,-49.0544,-11.6106,105.2393,41.0464
-7.6039,10.5081,36.5981,68.5083,87.4338,-138.5981,-52.7119,10.9104,-98.1606,-35.9743,108.4204,-4.9776,-36.6205,-24.1916,-80.5552,-36.7410,-15.1603,78.9589,27.6982
-2.6527,3.4814,28.1227,51.0259,71.1542,-170.8296,-80.3492,6.7840,-102.2774,-42.5861,171.6509,14.6747,-35.5980,-23.5811,-103.7284,-58.6490,-5.2221,55.1569,30.5427
-9.9610,-17.8262,37.9207,43.8865,87.5431,-51.1463,-76.7871,7.8249,-75.9674,-24.2018,169.6773,16.1526,-24.6426,-35.4471,-74.6477,-73.3635,-18.5311,33.9293,78.2684
-21.2425,-54.4101,38.7305,37.6369,94.0726,110.4446,-64.1376,-15.7855,-50.9739,-31.2220,149.9943,-7.7525,-19.1740,-50.2659,-24.3629,-77.4983,-45.5219,19.3605,105.1921
-10.0183,-85.1189,38.5197,32.7193,87.6284,179.5469,-62.5509,-47.8652,-69.9301,-50.8623,162.3951,-34.4712,-18.8165,-60.3984,-16.5636,-98.4320,-45.4008,17.2313,90.1470
4.0376,-81.0514,47.3019,30.1393,101.5504,160.9871,-39.1099,-49.3070,-58.1521,-20.1906,124.7673,-43.6252,-0.0298,-63.3475,-12.8470,-99.3272,-35.8593,13.4180,76.9178
-1.2611,-58.0057,46.9489,30.0390,113.0424,134.7493,-12.0737,-34.5918,-3.8268,1.4032,48.7266,-49.4537,19.7929,-60.7323,13.7345,-71.2707,-45.5529,9.4711,67.1092
-6.7477,-49.7149,39.8913,45.4279,101.7665,135.4712,-25.4304,-31.6952,-21.6791,-54.5716,60.6111,-58.0109,12.1740,-58.6033,-0.0856,-85.0337,-47.2115,35.0306,49.2956
-7.4666,-41.7950,50.3278,72.5313,104.9287,153.1404,-35.9561,-33.3350,-106.2837,-101.4701,130.5669,-43.6710,11.8125,-60.3305,-50.8382,-134.6845,-29.0961,74.8859,47.7685
-21.7079,-6.5339,68.6220,76.1271,124.3129,164.0195,-2.8654,-32.5329,-128.2015,-68.0201,132.1228,-14.7264,47.7912,-68.4380,-54.5480,-132.0851,-19.9397,71.3297,56.0060
-34.7104,27.7644,70.5392,50.6864,123.0033,150.4689,30.1743,-32.6288,-84.2983,-19.7874,84.3481,-12.7454,80.5762,-82.2898,-17.5682,-89.7876,-19.8280,31.0713,47.9430
-25.3583,20.5615,64.3745,34.2437,112.8035,128.5694,43.5644,-30.6186,-68.9970,-3.5550,73.4282,-30.0321,88.7240,-92.5875,-9.2668,-92.7236,-18.8459,14.6511,44.4339
-18.4362,-8.6587,56.9020,32.9712,106.9579,119.5649,54.8444,-31.6784,-79.8515,2.3804,97.4574,-32.5675,91.6154,-95.3811,-21.6799,-124.4701,-31.8271,21.1544,57.9797
-35.7372,-21.3945,30.0226,18.7396,77.3471,112.1529,45.7123,-33.4287,-57.1772,2.6076,106.1719,-31.6286,78.0824,-91.7304,-12.6789,-110.6776,-46.3287,9.6056,60.3596
-51.6327,-22.2969,-8.1580,0.2427,39.3993,100.8277,28.7063,-16.4142,-3.3939,4.0632,62.5364,-42.1606,48.1490,-73.9151,9.6272,-65.0489,-38.0496,-5.6176,50.8999
-48.1055,-27.2023,-24.6162,1.2204,32.6302,95.9520,51.1296,1.6381,42.4155,21.3878,-15.7488,-44.0823,44.8491,-49.0543,27.2630,-44.2147,-36.0511,1.9226,46.5102
-46.5657,-30.3641,-26.5585,2.6239,24.2879,79.1565,73.8827,-11.4892,59.6359,28.7721,-48.1739,-35.1750,50.5858,-42.2673,41.3821,-36.1645,-61.5130,6.4595,40.9651
-54.3363,-33.7594,-38.5182,-9.1395,-12.8031,43.0514,39.5391,-19.3835,50.5325,13.4990,-12.8570,-37.8962,11.2152,-46.1704,44.4672,-10.7223,-76.3316,-2.4379,39.5688
-49.7263,-40.2462,-37.2845,0.0359,-21.7557,38.0728,0.3215,12.7656,27.9134,1.6011,11.4483,-46.3321,-26.6057,-33.9465,25.9039,-4.6170,-65.1649,15.2823,44.6439
-33.9349,-23.9842,-0.4282,42.9080,24.6299,84.8159,1.9776,30.5556,2.7867,-15.7479,-7.6001,-33.4014,-1.4017,-18.5256,-5.2301,-47.9256,-51.5021,61.9767,33.5660
-27.5093,19.0751,38.7604,74.2874,72.9243,122.6363,-0.4347,7.0819,-8.5348,-46.1902,-23.6327,0.2102,29.6336,-20.3239,-20.7737,-79.3136,-36.0309,79.5870,26.9306
-21.3396,40.5711,53.9733,63.4257,90.8715,110.9890,-20.6310,5.4010,4.2525,-41.7057,-17.9505,24.9377,16.9974,-20.5471,-5.9873,-48.4241,-18.2485,46.4960,57.0816
-0.0845,23.1430,59.6730,39.3542,91.5286,81.2942,-29.9523,39.5492,9.9308,-3.5495,3.5887,27.4153,5.9968,-3.2839,3.2307,-12.9571,-6.4000,13.3154,74.0012
14.9290,14.9731,60.8314,42.7538,87.3462,66.0751,-42.6666,63.2005,-25.3313,1.0057,36.6119,34.2745,6.6788,22.8808,-32.4931,-22.2805,22.4840,25.6203,49.0006
9.9721,46.4020,60.3055,73.8172,93.7659,68.0648,-63.8747,88.7659,-72.6003,-23.6139,43.8223,71.8499,-14.4045,52.1153,-82.5805,-36.4265,77.2493,66.8299,54.6306
12.9507,93.7427,83.6173,101.1992,116.3726,89.4467,-60.5831,130.1083,-89.5127,-19.0952,6.0897,121.9204,-24.8995,72.0542,-99.6907,-38.2363,117.5586,90.9083,103.9410
32.8913,123.0608,119.1487,104.2372,130.3873,124.0890,-37.2684,134.3302,-86.2843,6.8705,-32.5108,148.0204,3.8698,68.4115,-94.3329,-55.8111,129.6889,83.2727,117.8830
40.5497,115.3102,114.6944,89.0673,122.1697,140.8769,-22.3274,96.5300,-79.9196,14.0976,-45.5382,133.8666,18.7798,52.7837,-84.7988,-68.4891,137.1379,65.2131,97.2991
34.4408,81.2901,75.7061,66.8807,100.9140,116.9016,-19.7814,68.1896,-59.3495,0.4900,-49.7335,84.0226,-4.8504,30.3818,-63.2276,-58.7866,131.4595,48.6679,92.8024
36.3823,59.7260,53.7007,43.8444,64.6271,71.9622,-37.2940,35.5807,-28.1878,-21.8897,-46.3901,33.1649,-24.3452,-6.6189,-43.8591,-66.4480,100.9194,29.1232,75.2467
31.9764,61.7180,45.8796,31.0305,22.5010,43.2253,-70.3461,-18.8230,-10.3265,-41.8184,-33.6199,24.4653,-31.2821,-25.7084,-43.3019,-76.1782,73.0191,16.9077,25.5832
6.9030,62.1043,24.9789,32.7406,4.9154,38.4803,-78.4105,-35.5399,-15.7249,-48.0495,-25.1190,45.3817,-45.5376,-0.0774,-42.1504,-35.6499,66.3707,23.2792,0.8994
-2.2719,58.6933,14.9223,37.9839,11.8328,46.0997,-58.8784,-6.2405,-36.2554,-49.3978,-22.9400,53.9999,-53.4576,24.0149,-37.2799,-1.8728,76.1353,33.5902,18.0494
28.2253,59.0298,40.8247,43.9696,24.3932,67.7068,-51.6959,1.2797,-55.8966,-52.3985,-30.7834,49.0418,-49.3979,15.3288,-43.1959,-33.5166,90.5897,38.2067,34.9579
60.7520,43.3601,74.0042,54.3972,45.8299,93.3792,-54.2490,-6.6607,-62.2345,-42.7987,-52.6583,35.9075,-55.6893,11.7609,-35.9354,-46.3944,82.0403,46.2448,39.1851
63.5228,17.2824,82.8376,53.6449,64.5313,89.2541,-48.2690,16.6028,-52.2815,-20.0346,-62.4548,10.1312,-68.2648,23.4541,-3.0957,8.5911,48.8300,45.0370,42.4799
50.8169,16.4949,73.1375,29.3035,50.2910,55.3315,-46.3702,40.8646,-25.8562,7.7512,-46.5110,8.1079,-63.3895,23.2098,18.0389,47.5277,29.0005,14.3469,48.7925
33.2044,23.5092,57.1807,-0.3548,20.1223,26.5531,-37.3436,45.0187,4.2331,48.0024,-23.6543,40.2157,-42.6447,20.4318,22.9503,52.3084,15.7230,-23.5357,62.5881
2.8902,-5.7789,33.8493,-19.4040,15.0342,5.7145,0.9213,69.3479,17.3828,96.4664,8.5436,36.1136,-20.1771,21.4760,42.8179,82.1966,-29.0436,-39.2120,80.2633
-30.2528,-48.1637,5.3855,-31.2787,23.6070,-18.2030,33.4659,100.2932,24.6954,132.5668,46.5325,-7.5529,-4.7884,5.9982,58.6709,101.1803,-74.9928,-41.0549,95.2436
-47.2866,-56.8599,-14.8398,-29.1912,14.0332,-23.1957,21.9151,85.2297,44.9447,142.6200,49.9748,-2.4330,-6.6660,-4.3390,39.4390,64.2236,-79.1009,-34.0690,101.2889
-50.4389,-44.1734,-18.5534,-7.6921,-1.9920,-4.1957,-10.8274,46.6359,53.3376,116.5867,26.5231,33.8052,-19.5774,16.3719,12.1037,35.9328,-70.6103,-7.5263,70.2965
-46.2496,-41.7978,-13.6328,11.2260,3.7795,5.5986,-31.3940,24.9010,40.2968,68.5638,23.6014,17.2040,-15.9386,31.1190,1.3069,38.1740,-71.2031,18.0800,3.4537
-24.2755,-42.3919,-1.7839,15.6156,30.9004,-3.4179,-35.0699,-2.2822,43.2426,38.4202,22.5092,-2.6147,9.2362,21.9756,-8.0762,8.9138,-58.3608,16.4912,-33.5614
18.2839,-16.8400,30.3118,25.0234,55.2006,-19.6134,-26.9178,-50.5728,46.4421,16.1152,-13.0154,42.4273,25.0849,24.6033,-16.9273,-29.1451,-33.4416,9.2570,-28.4829
56.4297,43.0015,70.7762,43.8354,58.7206,-42.6341,-13.5297,-93.7609,0.6896,-37.4945,-60.7481,79.4431,19.4612,34.1078,-15.2092,-14.7073,-1.1460,21.1519,-52.5981
65.3344,101.5976,84.2327,51.2998,52.6009,-55.9547,6.4937,-115.4063,-47.8087,-77.5767,-99.9651,57.5998,25.5233,17.3162,-15.7633,3.0557,45.4272,33.4121,-104.7603
50.6063,115.7171,72.2268,44.7625,57.6715,-48.3928,28.7858,-110.9902,-35.9573,-50.3002,-114.4398,39.7041,58.8296,-9.9546,-28.6480,-32.4969,69.5997,28.7824,-108.9885
35.7017,95.7756,62.3150,36.3232,64.1503,-57.3801,21.0963,-83.7548,-8.5673,-20.6533,-68.6054,44.9708,76.4319,-26.5791,-44.8219,-76.8899,49.0849,16.8270,-66.4427
30.0321,81.9748,47.6848,20.3274,43.8918,-100.9922,-13.1801,-68.7637,-10.4771,-45.7992,2.7172,36.0420,52.1293,-45.1196,-51.5227,-86.8554,34.1241,-1.3659,-33.8575
21.6698,80.1673,13.6439,-9.8618,-1.8370,-137.8591,-14.7713,-87.8277,-10.5844,-68.5893,25.5002,24.6566,28.4514,-64.8373,-39.1149,-74.9512,41.9981,-30.8544,-22.6255
1.5088,75.0428,-18.5205,-36.8269,-39.8082,-142.5104,16.2194,-102.3537,1.6254,-60.4193,25.1016,24.6324,35.2638,-71.1428,-15.3015,-53.1126,31.2889,-55.6862,-21.6233
-18.8564,61.5632,-36.2116,-44.1745,-50.6220,-123.2606,20.1607,-80.5156,13.9208,-68.1675,45.3642,19.7258,41.1669,-61.6269,-1.6007,-33.6168,9.4719,-60.8304,-19.1620
-25.0387,37.9439,-53.3023,-41.5461,-49.8862,-92.7165,6.8363,-51.3020,39.4239,-86.4872,47.6358,22.4899,29.3128,-36.0424,4.3260,-26.2278,2.8068,-56.8543,-1.3039
-20.1165,16.6741,-57.8313,-40.8365,-50.1791,-85.8470,13.7971,-40.2820,52.0910,-76.7544,33.8672,31.9052,20.5003,-11.7672,15.6311,-7.7147,-10.1497,-54.1404,8.6201
-8.3692,15.6699,-29.0675,-34.5223,-35.0497,-112.1971,7.7515,-27.9513,9.4777,-59.4346,57.8666,7.7838,11.7400,-16.8107,15.6879,21.6212,-21.6665,-44.6503,-9.6085
15.0158,12.9344,6.2306,-23.4191,-10.1092,-115.5862,-22.5813,-6.1934,-46.2243,-57.1046,95.8214,-33.5531,-7.1450,-33.4208,-2.3231,20.0231,-5.0774,-30.5837,-19.3737
36.4284,-18.2082,9.3501,-31.5340,-23.6382,-95.1346,-27.2179,-1.5472,-63.3736,-54.0412,120.3683,-44.9259,-13.9534,-31.2820,-8.0019,-0.5474,-5.3631,-33.8489,-15.5748
33.7349,-50.6639,-12.6142,-60.6222,-74.7058,-121.1013,-18.0170,-19.2305,-66.4236,-56.3963,168.3018,-56.8093,-5.6173,-34.0362,2.9059,5.0558,-46.0511,-55.3153,-44.0484
29.6770,-58.0981,-24.6397,-75.7503,-94.5320,-165.2203,-37.3836,-32.0563,-76.5095,-80.4147,211.0785,-100.0470,-9.6497,-58.3659,1.7569,9.1039,-57.5592,-66.1720,-81.3614
62.5916,-56.4795,-7.3567,-65.0437,-67.4618,-150.2147,-46.9480,-36.3188,-88.2143,-107.7456,192.0659,-118.6451,-19.0597,-69.7758,-9.1843,-25.7384,-18.9831,-59.1390,-69.4310
103.7323,-50.9570,24.1709,-54.6781,-41.8951,-123.7633,-17.9042,-47.6464,-109.0444,-114.3977,164.1972,-86.7665,-9.3756,-61.9000,-9.9652,-54.9895,4.6661,-57.3581,-34.5407
95.8681,-33.8592,32.9360,-54.1861,-31.7806,-138.1301,0.4651,-52.4735,-116.5441,-92.7767,164.8555,-64.9036,2.9747,-65.6756,-7.3704,-44.9408,1.0084,-62.3087,-21.6972
53.8216,-19.0780,6.4475,-52.3982,-36.8625,-131.2176,-8.4794,-42.9905,-84.2297,-53.6737,133.5201,-73.1569,-4.2067,-75.2525,-12.4412,-35.9551,11.8947,-55.1103,-22.5516
31.4558,-10.1692,-23.1175,-51.5694,-70.7990,-94.1337,-12.8607,-54.5297,-56.2545,-34.1427,79.6436,-64.4597,-17.1763,-69.9928,-20.9607,-48.6362,34.3191,-43.6235,-32.9574
32.1541,2.5508,-26.8685,-52.7570,-92.6797,-97.2393,-20.4370,-93.1080,-61.3464,-49.2527,77.8436,-33.7322,-22.5444,-63.7225,-28.6240,-55.4603,41.1899,-46.3794,-47.1162
31.0802,4.3300,-13.0986,-47.0234,-61.6741,-127.9149,-47.2075,-108.6780,-59.0489,-54.9206,108.6737,-20.2365,-32.2189,-68.0657,-30.5892,-45.8809,30.6057,-54.3350,-32.2982
25.3367,-6.5300,-1.8847,-38.2791,-34.7999,-159.8224,-70.6924,-87.0044,-52.5092,-19.0576,122.5214,-19.7489,-58.2511,-68.9625,-31.9670,-26.4646,12.6530,-49.2420,1.9705
18.3408,2.2102,-0.9728,-27.8275,-47.4039,-240.2366,-80.4438,-62.3141,-73.1782,27.2253,128.8130,5.0782,-88.5997,-55.0782,-57.1738,-7.1079,6.1569,-26.7782,14.9155
15.3020,32.2790,-3.0915,-8.3497,-42.7319,-337.7307,-82.3964,-44.1622,-82.8144,47.0050,119.7078,45.9655,-91.5009,-32.8630,-100.5106,-12.2312,24.4090,1.1526,9.7513
27.0627,54.8633,1.5547,-0.6354,-25.4432,-349.3416,-69.5830,-34.1132,-60.3610,37.5561,83.6584,55.1630,-59.3332,-25.2774,-114.0774,-38.8337,48.4943,5.8429,-6.2889
38.6083,60.6029,4.2384,-20.2625,-46.5768,-280.3786,-50.4422,-50.8473,-47.9489,9.0201,59.1259,22.9691,-28.4126,-42.4529,-84.8016,-47.0752,54.0782,-18.0007,-41.9602
30.0912,48.0058,-2.8604,-24.2930,-53.9099,-180.6958,-35.8452,-76.7643,-45.7456,-32.2544,44.9027,-5.8082,-16.5988,-48.8583,-50.9903,-39.4083,44.0222,-22.3789,-64.1387
29.5935,30.8849,2.4125,14.1080,-9.9284,-49.3737,-6.8802,-79.3328,-43.0278,-90.0849,-2.7902,3.1173,-0.0091,-17.5708,-35.3811,-56.2195,40.3697,18.0740,-51.0806
55.9969,45.7361,26.8040,44.6513,2.0160,58.1978,30.4986,-74.5787,-72.0281,-156.6152,-51.9860,29.3684,21.0750,12.9464,-29.6535,-82.4927,57.6900,52.3816,-47.5782
59.3504,72.5309,28.9176,30.1552,-38.3130,74.0162,37.7107,-74.6289,-98.9735,-185.7397,-41.5736,30.9000,26.7135,8.4782,-21.4433,-71.1516,69.2734,39.2770,-68.1522
15.9732,46.7011,-6.0759,-3.4199,-57.1032,56.4124,29.8220,-53.1554,-58.4741,-146.2702,5.7636,-0.7074,34.2531,-7.8972,1.8611,-33.9067,30.5734,3.3890,-68.9408
-15.8393,-11.4137,-35.5599,-33.7003,-65.8903,58.3332,54.1390,-13.2775,-4.2870,-73.1625,32.4648,-34.8983,53.0161,-20.5297,34.7644,-16.3338,-35.3508,-24.0939,-38.3593
-10.5205,-32.9232,-45.8356,-54.2109,-98.4254,32.1765,91.1278,16.6761,4.2379,-12.8667,21.1321,-44.4477,50.5180,-37.7573,43.6690,-31.4298,-55.1293,-34.0668,6.8992
-10.4330,-28.6222,-63.0787,-53.5669,-98.8555,-7.3800,93.9848,35.7946,25.1876,22.7518,-12.1969,-30.3402,29.4050,-41.5249,24.5058,-55.6947,-23.9279,-29.8176,55.9560
-17.4584,-32.7312,-77.2243,-49.2307,-68.4850,3.2045,74.3745,41.6174,72.8656,32.4032,-37.3641,-3.1111,21.7969,-14.5890,21.3486,-47.3746,2.3655,-37.5847,77.2659
4.0925,-28.3766,-63.5804,-61.4823,-81.3674,16.8187,55.9181,27.1913,76.0673,24.4118,-44.7742,29.2759,6.6358,22.5583,42.0295,4.6487,11.8660,-62.7354,57.1451
36.9657,-9.2043,-35.0244,-55.8727,-100.3916,-12.7245,26.9525,17.7603,41.0854,17.2679,-53.4423,57.7350,-29.8879,52.7150,36.0439,42.0305,28.2499,-57.4447,31.0360
47.4475,15.6092,-0.6275,-13.1215,-48.7676,-19.4171,-8.8829,23.1262,16.0207,8.8011,-54.5725,82.7986,-31.6707,73.1520,-8.7380,21.8987,54.5644,-16.2384,13.2294
50.9218,49.9589,44.4274,12.6269,20.5568,9.6853,-27.5836,20.2220,-9.6552,0.6195,-24.4756,99.8782,8.4323,68.6684,-37.1192,-2.0062,80.0512,-8.0358,-3.5709
63.1895,62.6609,69.1303,-6.4950,32.5319,0.1816,-36.3278,18.0528,-26.9636,16.1270,5.6054,82.2073,12.0536,42.4608,-23.3004,18.3777,90.3788,-42.3926,-0.9278
67.3714,32.1173,45.8774,-21.9512,8.7981,-34.1389,-44.6125,27.5160,-8.8600,32.6527,-7.4548,45.7394,-27.0880,33.9103,-10.0986,33.7061,84.1903,-48.9338,13.7840
55.2408,20.4701,9.2375,-6.5632,-7.6797,-20.8352,-20.1912,18.7689,4.1538,-0.7310,-43.6506,61.2170,-27.3464,56.3914,-21.6384,6.3816,87.0090,-17.1990,14.1912
36.5015,56.1574,-3.1962,9.8619,-1.4914,17.7676,37.5801,-1.3137,-16.4694,-57.3998,-58.8265,114.4365,12.3357,69.6630,-24.1320,-13.7434,102.6022,-1.6732,29.8331
27.3033,74.1979,4.6635,10.4837,25.0532,15.3268,56.0044,4.4557,-34.6443,-73.8955,-48.4585,103.6167,10.1822,43.6131,-4.0784,4.8164,104.9349,-10.2339,71.4963
46.2690,68.2210,33.2073,11.7608,47.4388,-21.2742,14.3565,20.2272,-47.0870,-46.9396,-44.1170,44.7957,-34.6487,7.2574,0.5856,20.9092,106.3868,-10.9021,84.5081
75.5674,89.8625,79.5138,26.7848,62.6155,-35.7753,-8.0504,42.1438,-70.0341,5.1012,-60.8278,50.9082,-40.4843,5.4153,-28.5120,2.9030,128.1871,4.8038,77.7674
68.1802,103.6187,102.8737,47.5740,88.9250,-5.9383,14.2260,101.0085,-74.2100,66.3844,-61.1931,93.9611,3.6061,26.4395,-60.8103,-31.3246,128.4805,28.6312,100.4739
32.6828,63.8366,80.4381,51.2434,90.0045,26.4361,15.1789,137.2723,-51.8771,89.7150,-27.6261,66.5611,21.7173,21.8724,-65.9237,-52.2131,82.0833,45.0253,105.9047
18.4001,23.5134,39.7280,22.9325,27.4108,15.0905,-5.3294,82.2988,-20.8948,71.9427,-24.2140,8.8370,-7.6518,-8.0998,-38.6412,-45.2952,38.6969,28.3402,63.3726
12.9293,14.3848,-3.5453,-24.2313,-49.0389,-20.2446,18.0252,25.5304,35.2102,83.6493,-70.5080,4.9251,-19.5180,-23.7843,6.1027,-20.8981,17.4756,-19.1185,49.9068
-25.1962,-1.3893,-59.5810,-59.5192,-92.3901,-42.5217,61.8343,38.2982,91.0420,113.1419,-75.2473,11.3380,4.2007,-24.8731,31.2105,-7.2843,-10.0046,-50.7710,68.9747
-69.3596,-15.7934,-111.8996,-59.9678,-123.3332,-59.7955,56.7538,18.5407,74.7224,61.1572,-21.4823,-9.0121,1.6445,-31.1968,14.6907,-14.1876,-24.6068,-33.7139,36.7958
-73.5289,8.4951,-126.6323,-33.5713,-143.0201,-68.4749,24.2837,-68.8840,17.3166,-47.2743,-11.3717,2.5653,-37.8175,-28.3939,-12.0888,-23.4448,4.3959,2.4539,-15.7768
-52.7427,43.9261,-103.5495,-15.7361,-129.3573,-40.8072,11.7273,-92.5316,9.5687,-77.2734,-56.6791,43.1985,-55.8951,-11.5661,-14.1967,-21.7032,42.8164,9.6944,-6.1523
-45.1049,37.7315,-77.6268,-17.3039,-101.0520,-2.2257,5.0087,-21.0562,36.7062,-15.5927,-72.8066,27.9091,-49.1324,-9.7065,-3.5091,-12.7293,42.0467,1.2464,28.5859
-61.0028,-11.2836,-79.8858,-8.9343,-79.4429,8.0388,-2.6074,24.0332,43.8860,27.8311,-56.1666,-39.9763,-56.1010,-23.9036,0.9266,-7.3597,-1.7477,24.6004,28.6784
-83.3863,-49.2167,-96.0779,11.0099,-60.4302,15.6423,12.7240,-0.0952,46.3305,12.8015,-55.4045,-70.4839,-53.3320,-26.6475,8.8993,-7.9972,-51.5158,57.7027,10.7346
-80.7365,-28.0196,-82.5087,8.6922,-44.7721,39.0983,41.1269,-23.7743,56.5157,-2.8229,-73.2084,-44.7658,-13.9202,-16.8223,29.9043,7.2480,-55.3583,41.2434,-7.5136
-48.8591,12.4315,-43.3402,-6.0362,-23.1182,45.6188,51.4977,-8.8131,54.0232,15.7576,-98.9557,-28.0321,10.4438,-5.9389,48.6160,46.0146,-13.7563,4.3682,-19.1006
-25.3227,-1.7369,-23.6373,4.6397,11.3900,37.4706,37.4614,21.5712,44.3362,43.0358,-110.4299,-43.5652,-9.3064,7.6192,41.5689,59.8828,6.5168,14.8750,-9.2900
-21.8889,-35.7053,-16.9290,27.6032,28.2442,48.3329,8.6872,36.7817,34.8152,52.3503,-79.2458,-40.0142,-19.9472,22.6425,8.7696,23.9452,-10.5637,47.3527,-3.3643
-9.7977,-15.9327,8.7539,33.2233,24.8750,63.5974,-16.6517,31.3009,18.9747,44.8771,-48.7393,3.7903,-3.7685,40.4233,-15.4259,5.0851,-3.4633,45.2195,-23.2732
6.9750,18.8495,24.1267,31.6202,39.7357,55.8871,-21.5601,21.1340,13.5178,25.4308,-68.7665,36.7994,-6.4827,63.6539,-7.6604,43.5253,37.0333,27.4485,-31.7647
0.3388,20.4632,3.2633,32.5133,52.5252,37.8143,-16.3522,14.7605,24.8646,1.7032,-91.4028,37.5900,-27.7337,73.3315,5.7398,73.9633,56.4570,24.9669,-14.6194
-17.4199,32.4642,-10.2385,26.2746,23.6087,23.5747,-10.0174,19.6471,29.4400,4.7933,-85.4242,50.0049,-28.7606,63.6864,4.7008,67.6320,43.9371,23.0927,0.2979
-20.4935,60.6126,-0.1185,15.3232,-7.7582,11.1029,14.9709,47.7897,26.6703,39.8827,-95.2762,82.7632,-17.8328,65.6508,12.7795,80.3370,32.7354,12.3695,21.8236
-5.6439,58.2224,-2.6431,2.6673,-7.4442,1.4895,50.1423,67.2070,24.0286,47.2198,-107.2503,95.4487,-13.4966,76.8530,28.7454,96.7883,46.0305,-4.1643,54.1157
27.6370,55.6780,-4.3938,-16.1380,-5.8683,-9.0908,58.2576,36.3511,7.4345,4.2622,-83.1931,81.6945,3.2391,54.7605,19.4633,51.7630,87.4052,-31.7993,51.5483
62.0337,88.1828,20.3339,-31.3843,-9.8574,-24.8343,41.1587,-4.7224,-2.9599,-20.2072,-78.3109,56.9215,28.1293,11.0760,3.3726,0.3607,127.9892,-58.5939,8.9455
66.8250,100.7234,29.9843,-37.6282,-2.8538,-37.5706,30.7055,-6.0139,25.0571,0.2975,-121.6768,21.8079,27.9124,0.7331,22.0210,30.5114,131.9619,-69.0125,-27.6890
62.9764,75.9291,14.9332,-42.0313,6.3643,-43.5222,35.1941,2.4363,48.5380,6.7665,-144.5792,3.4357,16.9618,28.2581,48.9722,88.9298,120.8765,-72.3412,-47.7161
88.7999,69.5203,32.4051,-37.2416,23.7456,-40.4098,44.4220,2.8344,24.9453,-9.1686,-129.9455,28.3063,30.9368,61.2739,44.8135,99.0577,129.9493,-72.5215,-61.3763
112.4593,74.3978,67.3478,-27.9821,41.8520,-20.7670,45.9218,17.5557,4.9984,-3.7243,-118.2969,55.3138,50.7074,84.5408,37.7597,97.9252,128.8123,-69.3515,-68.5836
95.9919,47.4852,51.9784,-38.0473,13.1932,2.1813,28.2580,14.1598,24.6231,0.6684,-98.5780,44.4382,43.2468,88.4445,49.6282,108.6465,91.3021,-74.4534,-84.4641
73.9092,18.2435,18.3158,-39.2985,-25.1595,17.8305,0.4980,-28.5402,31.7383,-32.2795,-74.2087,21.0918,20.6190,70.0002,41.2669,76.5136,64.9581,-62.3514,-103.6482
75.1581,28.9474,36.2233,11.4508,17.0509,52.1719,-17.0669,-44.6542,-0.6957,-66.1243,-95.8153,5.2053,4.8875,46.5718,1.0397,6.3632,84.8810,-0.1859,-90.9026
80.2064,60.3641,77.5186,65.4731,87.3575,101.6305,-24.1974,-20.1620,-27.7406,-77.2498,-141.2854,-11.8538,-0.3508,28.6929,-22.9402,-32.5564,113.6569,56.6237,-63.6322
83.9454,68.6878,88.6865,64.0993,85.4521,114.5415,-30.7810,-22.5769,-29.6110,-88.1429,-137.3024,-16.3705,0.8344,18.1250,-16.5235,-35.4243,108.7607,51.2407,-62.9014
82.2324,32.7805,77.0873,51.5304,55.4211,99.0776,-45.8183,-44.4787,-38.9727,-78.9600,-82.1772,0.0089,-13.7604,23.4846,-23.3262,-43.0221,76.4458,42.2937,-58.2522
44.4684,-15.6101,57.8527,66.8720,51.9988,112.7909,-74.6607,-34.7883,-64.2304,-19.0600,-25.6001,12.0167,-58.5473,30.0269,-52.7559,-49.3010,46.7033,74.3755,-16.2436
-12.3031,-20.9244,35.9854,68.8432,37.9561,135.5974,-92.2454,-18.0857,-67.8036,51.4079,-9.1148,10.0821,-94.6931,12.8641,-57.5536,-27.8029,32.3553,86.3208,22.5123
-26.1448,-1.4445,30.7617,49.4195,24.1808,114.2384,-79.4330,-18.0634,-28.3184,87.6472,-47.8430,3.3366,-93.0598,-5.3820,-26.4895,5.1459,21.2966,59.7280,29.7291
-1.5781,-20.6906,38.8858,47.4983,40.3783,79.0042,-80.8630,-7.8741,22.5000,101.8920,-90.7775,-13.9534,-94.6494,-0.3449,-8.6775,9.0850,0.4546,53.4349,31.7018
2.6847,-56.0098,32.0613,51.7484,27.6234,74.0888,-122.5749,6.2875,39.8538,102.1397,-70.9004,-34.0446,-121.7560,-0.3597,-23.5632,-17.4918,-22.6300,66.8180,35.4141
-17.9697,-44.0027,15.8402,41.3803,-19.7818,76.6226,-142.2671,6.4913,16.0800,72.5407,-16.4484,-27.5319,-125.7537,-7.1346,-37.0595,-24.2030,-27.9397,63.1646,20.2695
-21.1274,-3.6771,19.3534,41.6198,-16.7143,69.8178,-102.7633,15.9737,-22.4679,25.9664,2.2780,7.7406,-83.5078,22.4539,-34.6242,10.8384,-8.0822,58.6750,-10.1932
4.0966,19.7909,40.8008,51.5985,21.4939,69.5996,-49.6429,34.6236,-41.2070,-4.4647,-16.6065,44.2814,-33.3234,64.5095,-27.6829,32.8048,13.8078,59.2705,-24.1089
27.8764,30.0135,55.3979,39.2984,19.5128,62.3411,-8.2350,32.8055,-25.1723,-9.4225,-38.5718,62.1603,-2.2211,56.5779,-6.8523,15.4905,2.7761,37.0071,0.7605
21.3412,30.4973,47.6018,14.6606,2.5802,30.1844,28.6116,19.6336,-4.3664,-2.6811,-34.5117,60.0594,13.2466,24.9641,26.0835,18.2925,-33.3655,5.0097,34.5523
-9.8681,14.0532,22.2766,-1.1777,7.0500,1.5154,45.3501,24.0837,-9.6924,5.4230,17.0470,45.8134,27.8415,21.3996,37.6178,54.4486,-53.9588,-11.2897,29.3945
-30.7729,-4.2155,5.3044,-14.7461,10.6704,0.3287,53.3825,58.3067,-13.3704,22.9265,70.6916,22.6343,58.1356,20.6433,30.8585,59.1344,-61.1862,-21.3568,14.0052
-22.9224,-11.3788,13.5467,-13.2889,21.6895,9.7470,80.4686,114.4956,8.1127,49.9634,45.6480,-0.6980,79.1110,9.5852,36.8336,34.3755,-73.9643,-14.9976,45.3769
-5.3824,-6.9420,29.2797,17.3913,44.5025,21.3455,87.7309,147.7168,10.1884,58.2611,-26.7823,1.3430,49.1530,26.8583,36.0509,34.9629,-61.0139,24.4427,80.3355
-3.9906,6.3375,31.9375,40.1760,40.6129,51.2935,53.9907,128.3519,-32.4019,46.2145,-38.3257,16.5393,10.2812,48.1300,5.8561,39.0021,-14.7184,56.2794,56.8705
-21.4246,3.3491,26.5264,30.6713,34.0066,93.6707,49.7119,97.9417,-77.3587,51.4362,15.8803,-14.9332,29.7270,15.4855,-13.1484,13.6266,4.4401,50.9133,19.4783
-33.5935,-28.6667,22.8526,25.2714,65.3541,114.5262,91.1184,75.6175,-108.5754,53.4476,56.1616,-83.8948,68.6679,-31.3672,-2.5433,-6.0638,-16.8523,50.2677,2.2984
-19.3950,-56.7030,17.6613,43.2737,70.8724,104.5117,95.7021,18.2933,-144.4266,-12.0685,71.3001,-111.0423,67.6011,-32.2997,-13.1457,-29.8938,-32.3118,81.0161,-47.8073
-2.4394,-74.7613,3.6757,56.8145,15.4294,94.6997,46.7613,-60.7730,-160.7770,-107.6708,109.1558,-102.5090,58.6318,-27.2164,-57.5586,-108.8976,-52.6596,111.1604,-124.8471
-19.6669,-107.0208,-17.8021,54.4985,-17.2803,101.3138,4.3243,-105.0001,-137.6351,-136.4589,163.7462,-115.8885,63.3567,-52.6165,-82.0392,-179.4836,-98.2233,116.2937,-152.4864
-49.5591,-117.6366,-32.6123,48.8167,-1.4248,102.3666,-21.5375,-122.9914,-108.8807,-113.8441,175.8604,-113.9566,42.0036,-57.9399,-67.9035,-146.5713,-109.4627,99.9523,-134.7213
-46.9120,-75.3975,-29.8437,41.3907,-1.3393,88.3513,-44.0057,-127.8261,-87.9279,-110.0550,126.2094,-64.3195,2.6727,-22.1606,-44.5511,-65.1105,-64.2922,73.2204,-122.4547
-22.4768,-36.9644,-18.9870,34.3790,-14.3173,61.4318,-44.1320,-97.0966,-61.1603,-110.3536,60.6183,-38.0349,-14.7940,3.0429,-26.2970,-24.8066,-32.5327,57.6093,-109.8100
-6.2630,-22.5158,-8.3086,37.9986,-0.3484,-12.6546,-29.0276,-65.3846,-50.6604,-89.6570,17.7981,-49.5693,-26.9190,2.2946,-17.2718,0.7307,-30.6231,62.6153,-93.3913
9.1391,19.4934,9.7419,48.9152,19.1053,-137.3733,-27.2089,-73.6294,-67.3305,-84.3570,-3.8138,-27.7201,-41.8372,5.2117,-29.0496,32.2477,-14.0362,69.3024,-98.5938
28.7110,59.5725,28.1307,53.7614,26.0795,-215.7642,-30.6396,-77.1694,-73.9440,-103.9624,3.0293,8.2600,-24.4909,8.2339,-53.5150,14.3098,2.2365,66.0085,-107.0112
35.2287,34.0754,27.3247,45.8040,35.2951,-186.9623,-25.8929,-54.2839,-60.4336,-114.6279,45.2091,-2.8814,10.6842,-2.1057,-61.5638,-37.8202,-10.8261,54.7540,-90.2004
28.7311,-2.2388,13.4360,24.9365,33.3380,-126.7009,-20.9411,-49.4593,-46.8461,-107.4940,72.1243,-22.0853,17.0316,-7.6792,-39.3887,-35.5240,-19.8595,28.4571,-70.8894
20.0390,4.4838,2.5998,-3.7828,8.2088,-85.0464,-17.4799,-56.8122,-15.9205,-78.9310,37.9049,-19.8820,5.9254,-6.5667,0.1495,12.9455,-7.6132,-10.9914,-64.8349
3.6394,-9.0020,-14.5368,-38.8912,-20.9527,-9.0413,-19.1016,-47.6954,48.1187,-15.6119,-8.0594,-47.7803,2.1684,-25.1917,41.5742,32.3059,-7.7979,-53.0245,-50.8666
-25.9223,-70.8581,-53.1458,-88.5531,-57.1672,82.2674,-34.5396,-45.3384,111.8476,57.8827,3.2065,-98.9619,-11.9147,-56.4998,83.1173,40.2430,-29.5577,-106.8952,-22.2049
-59.5934,-121.3338,-102.9573,-142.9606,-109.2251,91.6649,-45.4577,-44.5267,149.0267,109.9916,51.1955,-112.4784,-41.5200,-63.6984,121.7265,91.3553,-56.8084,-165.5788,10.1583
-81.1796,-146.2411,-136.7075,-165.4863,-143.0138,44.7321,-32.8149,-14.1356,167.5269,146.0843,70.1058,-103.3363,-60.6445,-47.9959,138.7077,135.6473,-86.1926,-181.6708,39.3504
-80.8989,-163.8174,-140.8616,-144.4841,-136.9724,44.9153,-16.7834,9.7237,175.6718,157.7695,40.3346,-115.0255,-61.2598,-47.0869,125.2954,99.9238,-103.4157,-144.3110,55.9616
-75.9000,-154.2513,-133.7332,-113.2718,-122.0486,81.7652,-11.0527,0.3593,176.6707,127.7510,-5.2034,-132.6234,-54.5471,-68.1562,105.0226,30.9226,-95.9812,-102.1513,58.6666
-90.2831,-125.8825,-136.9989,-95.3546,-118.7698,98.4061,5.8942,1.8904,167.8612,93.6824,-29.4122,-130.8667,-44.1553,-73.6157,101.0141,18.9881,-88.9481,-78.4117,56.3476
-109.6856,-117.8882,-136.8010,-81.1464,-105.4013,113.5415,38.9116,19.8041,143.4964,96.9314,-32.4690,-111.5886,-28.8682,-43.9506,109.0315,62.3769,-99.6168,-58.8049,46.6761
-112.0090,-115.3508,-118.1413,-63.4606,-69.0734,129.8891,55.9686,19.4650,119.9846,113.5861,-38.7014,-88.1412,-18.2384,-12.1305,113.6626,104.1031,-101.5580,-44.2050,32.8320
-110.4985,-89.0865,-101.5435,-43.1917,-33.5053,105.6436,31.5209,13.9598,113.2822,109.0349,-51.5819,-74.3832,-33.5671,-6.8571,99.2539,116.2638,-76.8671,-31.2381,32.7529
-108.2564,-56.5863,-89.5663,-14.9982,-17.2297,69.7709,-14.8760,10.9672,105.2718,87.0524,-62.6133,-54.4872,-68.0501,-5.9074,65.3185,99.6985,-49.1225,-3.4167,41.2173
-86.0696,-31.8582,-55.8944,14.7493,0.7325,77.3635,-35.1746,-11.7136,87.2659,60.5596,-74.6627,-3.8928,-72.2012,13.8001,40.3927,72.6488,-39.0480,20.9371,39.8038
-59.9518,-8.6143,-17.4398,30.5483,38.6571,95.3307,-20.9900,-29.3473,72.2459,34.7734,-76.1404,42.3918,-35.8733,33.4183,35.2704,59.2218,-30.5877,20.8209,33.8812
-52.6484,14.0205,-5.4719,40.4229,66.7101,83.8719,-13.0039,-18.0366,39.3549,5.5448,-52.0390,50.2652,-11.8439,39.2736,15.8444,51.9669,-0.4846,26.5932,22.5935
-39.0909,47.4236,9.1674,57.1347,61.1994,74.6601,-14.2571,-14.9801,-25.2825,-37.6688,-26.3766,67.2480,-2.2627,49.7925,-22.1310,30.8986,36.9779,51.2821,-8.6135
-5.6975,86.3962,47.9898,63.3098,52.4651,82.4231,15.2528,-26.5274,-67.4890,-79.6708,-17.9444,115.9347,44.5187,68.6340,-31.0753,11.7248,41.6399,51.8403,-39.5854
16.3356,88.9272,66.1713,46.7514,55.7162,79.2178,55.2932,-18.3537,-58.1453,-96.8338,-0.1470,133.4749,101.3058,74.3731,-10.8070,5.0267,16.5028,22.6385,-43.3454
20.3861,60.2999,46.1265,28.0246,42.1969,64.6134,49.2385,-10.2281,-49.0369,-106.8818,33.9564,104.5147,102.0171,62.2777,-12.6286,-13.6287,14.0315,6.3716,-40.7800
31.3944,52.1541,30.7908,15.4664,16.1897,44.4727,24.5720,-33.6475,-63.7693,-123.8456,52.9305,82.6588,79.2854,46.2776,-30.1616,-36.0655,42.3702,-1.0766,-56.7220
52.3489,52.1691,34.1260,-3.4806,8.7234,5.3457,38.7626,-66.6799,-67.8427,-123.3210,51.8231,72.7923,89.2850,33.9194,-20.7385,-31.9509,48.9415,-25.5931,-79.1869
69.8412,26.9234,34.7308,-15.7263,7.8517,-24.7475,62.3489,-87.5746,-59.5368,-115.6091,48.2755,54.3044,101.3321,26.1529,-4.2621,-32.2766,24.0175,-37.8045,-90.5123
70.6819,13.9332,30.3525,-2.1002,-0.3019,-2.8431,53.7944,-89.7821,-64.8302,-138.4173,49.2172,48.4509,88.7244,20.4753,-16.9145,-69.9872,14.9205,-14.4293,-78.1235
50.1020,29.1193,26.0940,15.2631,10.9265,35.4988,48.6288,-69.0727,-75.8598,-163.1705,61.3216,57.6721,85.8220,12.1291,-31.4737,-96.6426,25.8725,4.8750,-41.0639
36.2970,24.9808,22.7992,11.2083,37.1333,27.9245,75.1511,-59.7568,-71.3376,-140.2120,66.4057,52.8009,99.5004,2.7562,-17.1258,-80.0262,18.0465,-4.8137,-14.7851
45.8122,8.6865,20.8465,-1.5400,34.0433,-14.0053,97.4000,-81.2843,-45.4056,-89.6540,28.9871,38.5776,101.4653,-8.4371,-1.2505,-72.1302,0.6885,-16.6710,-20.8545
36.8907,15.6086,3.1932,-11.9803,9.1819,-47.7594,93.9895,-79.9250,-5.3828,-45.3067,-12.7602,22.6440,94.4240,-32.7889,-8.2428,-95.4059,6.1612,-20.4931,-18.0021
-0.9491,8.8374,-32.1754,-29.8792,6.2615,-71.9079,85.6380,-45.3119,19.9316,-7.5201,12.3807,-15.2545,88.7385,-69.6053,-14.7553,-104.6986,14.4602,-35.3419,16.1096
-10.0566,-25.3528,-45.0635,-48.3823,14.6989,-96.5086,72.5333,-47.9160,9.7884,9.7462,68.5100,-60.8798,72.1877,-101.0567,-8.6641,-96.2966,4.4871,-55.3248,32.5356
11.9624,-24.1982,-22.4621,-46.1587,1.1125,-106.7521,38.5212,-82.5678,-15.5057,0.7565,78.5802,-78.3054,49.1345,-118.8789,-17.7935,-108.4448,2.8846,-51.3597,2.7886
12.3754,16.2471,6.8018,-24.0831,-9.7125,-90.9568,2.9339,-77.3020,-39.8949,3.1804,66.2757,-75.9682,42.5919,-125.1588,-46.5360,-126.1195,15.0747,-22.0327,-33.9357
7.8289,37.1451,45.2205,-4.0883,23.5715,-70.7290,-6.9848,-48.6579,-70.4552,29.5233,81.8183,-69.1617,52.4733,-119.6042,-54.8601,-106.1425,10.2086,-5.2442,-40.3830
30.0546,34.3790,88.6694,-2.2317,70.5674,-75.7934,-6.6237,-46.8005,-90.2595,43.7961,107.6110,-52.4675,55.8148,-108.8102,-33.8356,-63.4712,-4.6868,-23.1037,-22.0409
34.7760,24.6701,81.2645,-7.9682,68.8016,-86.1132,-20.5750,-44.3914,-81.5091,26.9698,118.0264,-49.8044,38.0455,-101.9454,-27.6533,-52.7457,-2.9667,-33.0970,-6.5990
4.4321,3.4815,34.6185,8.8914,35.9025,-43.8899,-32.5016,-20.2424,-73.6201,-8.8626,105.3214,-79.9065,14.7297,-97.4352,-48.1477,-87.0883,-2.3601,11.7975,-10.4929
-10.4891,3.2843,38.7832,48.2433,43.1821,42.8106,-20.0092,-8.0078,-89.6447,-37.2263,68.1505,-92.8909,15.9711,-94.9063,-55.7506,-119.6989,-16.4388,70.0851,-11.3383
-3.6966,38.6194,84.8302,63.1987,83.6379,84.0246,-2.5643,-10.8898,-102.2037,-22.1517,48.6988,-53.1138,35.8930,-93.8043,-41.2973,-106.8620,-16.4247,66.9480,16.6099
-1.2727,43.5312,83.1405,30.2952,82.9701,43.7526,-3.9186,-5.0047,-86.1934,32.1391,73.4134,-10.7899,35.6224,-79.9680,-30.8619,-64.5968,2.7670,13.4237,46.2968
10.3759,-4.0820,36.9083,-16.1367,30.2821,-7.7908,-10.9285,3.4050,-47.5612,70.8603,83.2632,-9.8134,9.4630,-54.0287,-22.0828,-37.8847,13.4879,-30.4137,49.0933
22.2610,-43.0274,-1.5548,-49.1289,-24.1914,-18.7170,-8.9054,12.8212,0.7158,77.8177,58.2034,-28.0913,-13.0010,-44.3501,0.0529,-32.5561,7.1255,-56.2542,56.3925
-4.1992,-60.1631,-39.9716,-76.0138,-64.3414,-23.6359,-10.0417,38.4647,47.3068,89.0869,64.6673,-46.5421,-24.0927,-60.2115,21.1651,-27.4167,-17.2188,-79.9025,88.2024
-38.1563,-78.2415,-75.5573,-94.0024,-93.5039,-56.9146,-22.4427,63.2877,93.4779,108.7858,83.7683,-74.3829,-30.1303,-81.4993,28.0806,-29.1289,-54.3987,-91.0865,101.6040
-23.8445,-75.2047,-72.6095,-96.8196,-96.2632,-93.0896,-31.2960,63.8556,145.2619,111.8144,37.3391,-103.2377,-19.0026,-93.4425,33.3196,-45.9215,-67.2143,-93.6233,71.3172
12.1104,-59.2880,-55.3063,-104.0113,-84.3176,-103.5027,-28.0635,56.0571,173.7890,95.2382,-9.5389,-112.2013,5.1963,-84.7129,44.1229,-44.0352,-43.1360,-111.7431,30.2061
18.3718,-75.7504,-67.9979,-121.7702,-90.8717,-108.7746,-29.3960,49.6750,148.8539,65.4717,42.1690,-104.6046,7.5622,-57.2293,49.4875,-6.8780,-29.6538,-134.5648,6.6412
-0.3845,-92.6122,-87.4740,-123.5173,-107.3388,-136.4070,-47.7290,23.1974,106.3992,34.9481,112.4750,-100.2680,-18.4272,-52.5641,40.6922,16.1232,-43.8661,-130.4950,-3.2560
-17.3374,-64.0508,-82.2252,-105.6540,-105.0663,-159.9171,-61.6557,-13.0125,99.3483,30.2803,92.5400,-108.4446,-35.0663,-86.8137,30.0578,-0.3752,-48.8358,-108.7905,-7.8604
-17.3262,-39.9297,-66.0213,-97.4616,-85.7332,-140.3307,-46.0173,-10.3803,118.9874,49.4163,35.0120,-118.2430,-22.8699,-100.4294,43.9181,1.4308,-43.3042,-104.6178,-6.5519
-3.6141,-56.3445,-54.5423,-101.2046,-64.9540,-105.4482,-23.4065,29.2572,125.2918,57.0009,29.3348,-107.8435,-7.8404,-63.3407,69.8436,42.4004,-49.2955,-115.4205,4.7337
-2.2447,-68.0400,-50.0145,-86.9262,-51.4218,-99.3214,-33.8495,47.0438,98.8588,44.4633,69.5814,-74.4024,-13.6289,-30.2869,50.9930,45.7314,-49.7355,-100.1699,18.1650
-17.4615,-62.0832,-49.0919,-49.5604,-44.3279,-94.1842,-61.9576,31.6594,48.7166,34.5290,104.0869,-48.1422,-29.1789,-28.6243,-10.9694,-10.9901,-34.6692,-47.4883,17.8024
-16.3109,-65.5255,-37.2130,-20.5587,-29.4490,-61.9951,-66.1806,31.8298,14.0875,39.1242,93.0158,-55.8450,-41.7021,-29.6303,-36.0616,-38.8466,-24.8523,-5.0665,16.7254
3.2750,-63.4581,-15.9790,-19.4644,-8.9861,-50.5742,-54.5524,55.8339,21.1210,53.0795,44.7075,-81.7652,-60.1703,-35.4733,-3.4315,-5.6479,-21.8319,-8.6593,43.5689
10.4875,-38.7407,-4.6908,-24.4163,-7.9074,-77.4066,-58.1427,65.7749,34.5501,56.4460,15.3664,-81.1465,-83.8488,-51.3910,16.6983,15.6778,-15.9809,-22.6047,81.1266
12.3568,-9.3522,8.7107,-5.0499,-12.1144,-74.2872,-71.5253,61.2142,18.4269,31.3600,14.3189,-32.4207,-91.1575,-35.2712,-3.3375,1.0765,-7.7490,-4.3672,91.1963
31.6422,14.4037,43.2465,28.1351,16.0834,-25.0769,-71.4365,68.7129,-8.4325,3.4390,-0.2450,31.9846,-76.9359,18.2754,-20.6105,2.2986,10.4017,23.5995,82.5061
50.8604,20.1256,67.3794,36.6154,48.1214,-4.0954,-51.3071,83.5053,-27.1440,11.5585,-6.7751,66.6517,-56.9193,57.3258,-18.5353,28.5250,28.1259,23.4454,79.7531
46.3692,-5.7585,47.1024,13.5663,30.9196,-33.9685,-19.1562,87.6643,-36.5957,39.0247,31.1636,75.2019,-36.3376,70.3655,-15.8014,43.9183,16.0520,3.7553,74.7137
19.5535,-22.8165,-0.6726,-9.7910,-15.4096,-60.7722,4.8131,70.2897,-22.2723,41.1427,54.9726,84.3757,-19.0986,74.4942,-17.4768,40.0788,-0.3144,-10.0326,56.9484
-16.7410,3.2400,-44.5555,-16.0398,-45.3215,-62.3918,4.7460,24.7658,4.4338,10.1845,23.5484,79.3726,-21.4463,54.5672,-17.9971,31.2723,20.3992,-12.4100,33.0468
-32.0939,20.3908,-62.7860,-15.5474,-56.9851,-55.1614,0.2262,-15.4840,4.8373,-26.4271,-2.3559,46.1442,-34.6233,24.9520,-10.7079,29.0771,36.2564,-8.0538,9.5144
-6.8183,-4.1015,-46.4588,-12.9204,-53.9794,-40.3740,20.9430,-2.0025,-7.8121,-37.4805,-0.2470,36.0543,-20.8393,41.5683,1.8478,32.3147,10.8970,-0.9843,-2.3783
18.7998,-9.1832,-20.8814,0.9378,-31.3060,-18.6897,56.4948,32.5117,-3.3499,-25.2614,-16.7189,84.5889,24.1186,92.2269,-2.7615,24.6545,-0.5579,10.4650,-3.2315
6.3568,34.6427,-11.2163,29.0451,-6.0676,0.6734,71.2454,11.3331,-14.4237,-42.0737,-44.7379,134.1320,54.5405,112.5579,-25.5557,12.0796,24.4633,35.5271,-25.5274
-6.1623,69.8533,-0.1117,63.1794,10.6266,19.4222,49.5042,-57.1829,-54.5637,-110.9106,-56.7094,136.7000,38.5728,105.8783,-35.7967,17.4911,36.1431,71.1131,-73.0831
18.1804,62.7180,21.0170,88.2470,29.2132,34.1729,8.3104,-99.1372,-65.7380,-160.0742,-73.3080,131.1107,0.2979,112.6069,-38.0119,14.3452,36.4222,94.3579,-89.9125
40.4694,39.8988,26.5593,90.4525,43.8758,32.7692,-20.7999,-85.4168,-35.4979,-128.1132,-82.8971,141.8631,-18.4554,115.8970,-58.4544,-28.1688,52.3955,91.9978,-49.3971
21.9473,20.4889,18.4369,75.3989,45.2431,23.3351,-24.6504,-44.6983,-15.6574,-61.7523,-48.8571,126.7429,-15.9338,85.7323,-66.3519,-54.2605,37.6468,76.8697,3.8399
-14.4663,0.6959,17.9972,63.7026,44.9396,20.1239,-18.6858,-11.4150,-10.8237,-24.2600,-11.3042,73.7433,-21.1880,47.0944,-29.0335,-13.2140,-31.4155,68.2873,28.8501
-34.4081,-18.3240,15.1665,59.2007,44.4078,19.3052,-20.2777,7.1143,6.0335,-6.8549,-14.1195,29.9020,-35.8288,37.1107,7.8449,39.2923,-80.7435,67.7551,24.4091
-31.3438,-29.5031,8.6872,48.4476,37.4424,19.5631,-31.4794,23.2136,22.8779,14.6629,-14.5508,20.8697,-31.0775,51.2772,5.4482,50.1530,-72.5049,57.7589,0.2045
-18.6975,-28.5171,17.9339,32.4499,34.4947,20.7547,-45.1799,28.0713,31.9336,31.2098,10.0709,34.2300,-5.3121,64.2530,-3.7547,47.2652,-60.3141,32.2727,-28.4573
-18.4414,-14.7294,22.6833,25.2500,28.4588,10.3400,-47.3133,5.3404,48.8890,29.8757,7.8638,57.2813,10.1087,68.5632,1.8296,53.0944,-67.9801,15.8718,-46.1251
-33.1996,12.4166,2.0028,30.3683,1.1355,0.1619,-29.6048,-16.8622,54.3756,8.1917,-34.7695,77.2046,5.7247,72.8454,1.8868,54.8190,-58.0804,28.4298,-55.9433
-36.7988,48.4764,-4.8986,46.0682,-12.9835,21.3088,-3.5622,-16.2250,16.3980,-31.0043,-65.6907,86.0277,6.9868,75.8217,-11.8578,42.3579,-19.1228,56.0325,-62.5892
-20.0713,71.7527,22.9295,68.6905,25.7351,54.3183,24.8835,-25.4471,-41.1512,-60.5864,-60.2026,93.8804,32.8641,65.8647,-31.9903,4.9080,15.6254,76.9047,-54.8993
-5.1329,68.1871,44.2939,77.8130,73.5957,52.5478,58.8891,-45.3666,-63.4078,-41.9586,-51.2956,99.1894,64.4420,43.2527,-45.2903,-40.5704,25.0193,78.7623,-27.2570
2.2569,63.4175,46.4169,59.5277,76.1058,26.1173,75.3405,-31.6342,-36.1158,10.3731,-76.0129,79.5711,64.6833,16.9614,-29.1778,-42.2390,23.4278,55.6833,5.7299
17.8631,80.9958,58.3256,38.1018,59.7250,10.8811,62.7956,-3.2240,-6.8130,29.1708,-117.3694,42.4831,40.1367,-7.5449,4.5473,-10.0267,30.4491,27.2010,21.3545
39.4236,97.4650,74.7396,36.1612,61.3307,5.7393,65.7909,-3.5103,-23.8219,-3.2905,-118.8843,29.6955,44.8205,-17.5033,9.7083,-12.9457,43.8012,21.4079,13.0162
52.7409,85.5466,72.9432,32.2015,61.6701,5.1455,101.5983,-2.5127,-52.2720,-18.9065,-79.6729,50.4943,86.4671,-4.2435,-7.9866,-46.4612,47.5163,19.8336,7.1865
55.0460,54.9843,57.0477,3.8608,40.6436,11.0794,116.6574,24.3255,-21.1866,25.9118,-63.8009,68.1826,99.9461,11.4241,2.1083,-45.6641,35.9906,-12.1071,34.3857
45.9967,24.4452,33.5346,-31.8468,14.9428,4.8528,93.9740,48.8433,47.6069,91.7813,-84.6770,60.2113,55.8876,10.0788,40.6443,-0.2557,21.6030,-56.8144,87.6029
29.0993,-2.1800,9.3835,-54.4507,2.0054,-11.6241,79.7745,73.2685,77.7727,143.6722,-93.0913,39.6712,3.5600,5.6288,71.9921,56.7781,13.8855,-80.9101,136.8139
16.6143,-30.5979,-2.1879,-65.6149,-5.2742,-15.7877,83.4268,104.2177,77.6153,184.1064,-78.0217,19.1553,-15.0043,9.0490,87.5117,93.6793,-5.7592,-85.9167,155.0166
2.9521,-62.6868,-18.0454,-68.6269,-23.9801,-49.9687,84.7838,110.2216,102.1123,201.4180,-60.1883,-1.0347,-0.0287,9.8449,85.0227,85.0444,-61.7053,-75.9346,124.5139
-28.6445,-77.2926,-59.0180,-65.2823,-53.1829,-162.9470,93.3328,105.0591,132.7212,190.8733,-31.9083,-11.9300,32.9440,8.3100,56.1885,54.5221,-122.8673,-50.9589,67.5264
-57.0548,-57.6068,-91.2540,-61.0491,-70.7353,-277.6015,93.9573,111.9498,117.4144,168.9488,10.8724,-5.7266,44.4446,10.5994,18.4062,51.6680,-126.8525,-32.4651,32.3402
-47.4217,-33.3063,-78.9475,-51.9624,-68.8536,-296.6860,49.8915,77.8045,65.3346,122.7202,41.9641,0.2593,5.0100,8.6533,0.4100,68.0739,-89.4777,-27.6395,14.3396
-21.9498,-27.7213,-47.7553,-33.6082,-60.2032,-255.3963,5.0161,12.8072,27.8361,56.0035,39.7306,-7.1775,-37.6369,5.8935,10.1650,81.8875,-83.3451,-16.1882,-14.2512
-26.0288,-17.5495,-31.8715,-18.4106,-41.5581,-201.0375,27.7314,27.1419,30.7705,30.5715,10.6610,-8.2399,-19.6137,19.0111,37.7263,106.6642,-104.3850,-2.9856,-19.0762
-47.8112,-10.9228,-32.2383,-14.4688,-12.9865,-91.7767,73.9155,95.4354,45.6753,36.1701,-0.6507,2.2911,33.3079,38.0586,55.7838,108.9458,-97.5453,-4.0971,14.6000
-50.4364,-49.6794,-43.5595,-12.1307,-7.4478,53.3204,62.6027,83.1009,31.4606,-14.3345,45.9835,-11.9743,52.7856,34.9953,43.9558,43.0821,-81.1490,-1.6949,19.4407
-42.4428,-104.4087,-52.8181,-6.8366,-25.5119,124.1460,22.9239,15.0084,6.8029,-85.7673,101.6466,-53.9030,33.5439,9.8512,33.4954,-19.9972,-106.3397,12.6407,-8.7250
-49.5753,-111.6201,-43.0461,1.5871,-11.4610,109.3229,26.9506,-5.9706,16.7586,-76.7031,89.3920,-60.5985,21.1738,-6.1965,54.0781,-6.4636,-148.0616,18.9220,8.4205
-63.1579,-80.0634,-24.6603,24.2987,42.6624,101.5337,54.0793,-13.6994,36.7635,-40.8030,39.7275,-7.4354,34.4337,4.6002,61.1201,11.6165,-146.8628,26.9983,49.4842
-63.8463,-39.0125,-6.4643,60.5103,77.1082,124.7510,38.4335,-52.7944,12.1484,-66.0409,22.0244,38.2519,43.0680,13.7234,18.9152,-28.1508,-102.0041,58.7230,34.1390
-53.2656,12.4325,28.0137,87.7234,78.8026,138.4291,-13.4931,-65.3075,-45.0230,-98.2017,24.6686,27.6404,18.9142,-6.5848,-21.2397,-53.8578,-55.0987,90.4834,-2.2966
-34.6966,47.3160,68.6011,97.4699,90.5195,145.1359,-46.5436,-38.2033,-91.5437,-102.7609,24.9079,4.0047,-11.7824,-16.9057,-22.1809,-21.4407,-23.8404,97.3914,-9.1023
-2.4190,43.7258,83.7988,98.0558,110.4409,158.0573,-56.9872,-35.4215,-112.5026,-135.7908,36.2707,11.7184,-7.7710,18.3398,-24.9231,-0.3714,10.1270,89.8584,-38.3617
32.8211,43.9514,84.4422,83.7543,102.6065,145.1068,-80.6625,-71.7402,-101.8238,-167.3412,46.8692,24.7677,15.5696,36.0466,-48.1655,-31.5900,50.1899,66.0884,-97.8329
44.9396,66.6330,93.1313,53.4124,79.0284,90.7047,-105.5877,-101.7102,-74.2475,-124.7530,47.8791,17.3190,21.0027,-8.3593,-56.0216,-59.8674,64.8284,23.3364,-109.2234
35.3305,74.6230,96.7424,36.2724,78.2678,43.4208,-97.2949,-83.2688,-68.7814,-54.7424,50.4431,15.5983,10.3962,-32.4299,-46.9031,-37.5763,60.7757,1.2818,-69.4399
35.2519,71.8614,89.4553,45.4322,93.2318,45.1681,-81.0719,-27.5831,-73.9038,-23.0619,19.9592,33.4505,-8.2990,7.5018,-48.7715,0.0146,90.3963,16.3022,-37.0031
47.4425,82.6506,77.2594,46.1884,80.7937,57.1703,-91.4939,-14.3330,-48.0667,-20.8042,-42.8398,42.1342,-38.5028,21.5919,-51.4911,-3.0662,135.9416,18.7845,-17.0251
39.4337,80.1971,45.4436,21.2616,35.1016,23.4248,-98.6900,-72.5039,-21.3175,-47.0914,-41.9101,31.1269,-58.3061,-20.7131,-40.3788,-31.2603,126.2313,-7.7881,-4.2050
13.0005,57.0515,11.0119,9.3686,6.5985,-20.0548,-78.8305,-101.6556,-39.3895,-82.3591,18.7854,18.0180,-53.8135,-39.7459,-35.4908,-34.1918,81.7039,-9.8687,-8.2562
9.8955,51.9377,22.3014,28.8579,21.1247,-6.5614,-69.0021,-49.2007,-63.6389,-64.4675,17.2727,4.0478,-54.1415,-26.9584,-44.3015,-26.1465,74.3161,22.8135,-3.0614
38.7537,58.4807,55.5177,35.5090,33.0409,27.8309,-83.4731,-11.9658,-50.8485,-27.3562,-27.3795,-10.5752,-62.3537,-33.5594,-46.7209,-47.0631,92.6625,27.8223,15.5597
67.4120,48.1874,48.6653,6.9875,9.5217,18.5703,-80.8761,-43.7439,-27.6810,-55.4316,-18.4077,-5.8364,-43.6986,-38.1815,-38.9345,-74.4364,100.7189,-11.4356,2.8896
76.3540,44.0589,20.1825,-15.2268,-14.7169,3.8937,-48.8043,-71.9724,-10.4465,-94.0347,-22.2072,15.8535,-13.6235,-15.8498,-29.1739,-73.2023,112.8832,-37.5512,-24.9793
65.2670,52.7301,10.3682,-13.7958,-18.7892,23.0001,-16.9671,-54.9513,21.1757,-56.3493,-95.6496,22.1386,-14.4616,-5.1002,-7.9770,-49.5401,115.2558,-32.0929,-9.0932
40.9534,30.0672,-7.2955,-27.8463,-32.5378,17.8729,6.4536,-31.2944,56.4211,1.4172,-123.0426,-2.6042,-29.3419,-19.6027,28.6968,-14.5531,72.8556,-40.4404,27.3488
20.3718,-21.2267,-47.7536,-63.3296,-63.2797,-27.1911,27.3562,-33.4888,77.3213,14.8627,-79.2107,-48.7257,-28.8749,-40.0150,60.4147,11.2474,18.4615,-69.1951,28.4529
5.7015,-45.1274,-74.3704,-74.6783,-87.4130,-30.4399,32.6690,-56.7464,105.7634,17.5549,-88.8477,-85.0838,-24.7205,-60.0884,70.6499,-1.7923,-8.8104,-71.2716,3.8863
-14.6901,-30.4772,-74.2675,-49.1246,-94.5581,25.9376,19.1496,-62.5850,140.7839,17.6953,-139.4044,-67.7129,-15.5234,-49.6987,59.7200,-30.6223,-24.8376,-38.1422,-18.0597
-19.9931,-12.8232,-54.0200,-14.5412,-68.9120,72.6912,11.7501,-19.2721,128.6973,-9.8794,-126.2616,-14.6744,11.2550,2.9444,34.6938,-35.6777,-27.7734,-3.0551,-26.6886
9.0010,-5.4856,-9.2031,19.4419,-1.9445,89.9729,24.3516,30.1305,54.6699,-34.3782,-92.1128,-7.6256,24.8949,26.1516,10.4010,-38.2396,1.3841,29.6963,-8.5363
30.2656,3.9978,31.8789,52.2433,61.4276,105.2277,40.2012,29.3194,-17.6581,-34.4020,-103.1715,-47.9852,8.1176,-9.7724,-0.4771,-56.0017,32.4938,65.8623,22.6535
14.9146,17.4111,38.9283,66.5728,85.9204,118.2087,46.2762,10.8681,-38.6849,-33.0080,-102.9332,-48.9396,5.7100,-28.6590,-3.2492,-58.9448,36.6816,78.5563,36.9580
5.5761,23.5845,43.5443,57.2320,98.7511,121.6160,47.2881,22.8193,-27.1120,-9.1716,-72.7644,-4.8898,29.0894,-7.8451,-2.7948,-41.3656,35.1121,54.4888,49.9867
18.0643,21.8846,62.1926,35.5600,102.3638,113.3130,37.3777,42.9154,-4.3710,64.9553,-78.7766,13.2050,20.2458,-2.7115,12.7827,-9.2677,39.8262,17.6753,79.0310
8.4550,22.7060,48.1445,4.2116,58.2037,77.7532,3.3715,46.5437,36.5114,131.9211,-108.5288,3.0397,-32.8247,-11.6543,38.8531,48.0420,38.7931,-16.8831,90.2181
-22.6028,21.2278,1.9336,-24.5636,-0.9614,25.6969,-36.9570,46.3518,74.9872,137.3121,-91.2015,-3.7015,-65.7354,-10.9935,42.4669,82.7623,32.5260,-41.3334,70.2690
-29.8767,5.5022,-10.5956,-24.1433,1.8700,1.8336,-46.8703,46.1859,75.0382,117.0103,-45.3744,-21.7752,-46.6913,-22.0811,20.4224,46.8533,19.8664,-36.0756,51.8223
-12.7342,-9.6034,17.6406,-2.2054,49.9227,16.0623,-26.5269,38.6031,59.0829,105.1187,-40.2200,-41.9291,-11.8078,-30.2322,14.8694,14.1800,-1.6030,-13.8661,37.2249
0.8669,-5.6649,33.3570,3.3394,62.6569,33.7591,-8.9711,17.7905,66.9060,78.1417,-66.3395,-26.8570,8.5227,-4.4189,39.4111,43.8085,-18.4204,-15.7292,4.8251
0.8152,5.3591,20.3523,-12.6499,24.5849,31.9071,-5.3210,-18.2275,73.6565,31.0618,-57.5678,0.8996,19.8183,11.9666,54.0358,60.5493,-27.5319,-36.7934,-29.0015
-13.3037,13.3662,-1.7786,-24.5056,-13.8807,18.2363,-2.8389,-37.8086,51.6977,-2.7924,-11.0665,10.4105,26.5797,-4.1090,38.4630,31.8384,-26.5673,-43.4325,-32.3527
-20.2419,23.3069,-17.1343,-28.3893,-21.8295,12.4728,-2.0769,-5.2994,35.1209,-6.7744,8.1119,26.5831,16.6906,5.1725,23.1342,32.0169,7.0110,-45.2067,-2.0882
6.6488,23.0816,-14.0271,-37.3601,-18.7421,18.0773,-15.8484,52.0138,44.1783,12.2008,-15.3038,50.8829,-16.7950,46.2625,27.7306,68.8556,57.0264,-61.6767,41.2592
39.0347,4.3659,-0.0326,-44.8039,-27.1479,15.8713,-37.5316,95.8497,54.6244,43.5764,-35.5598,48.0238,-56.5489,65.6596,36.5173,89.4558,67.0198,-69.5471,73.4447
36.1178,-11.3990,1.9267,-37.8662,-29.2477,7.3239,-33.3943,139.2531,64.1939,75.0297,-53.4261,26.3481,-71.7356,65.8425,43.2686,98.7538,40.3123,-51.1919,93.6604
20.3466,-17.5025,-6.6805,-29.8553,-10.2732,20.6870,11.4480,180.0247,81.1792,102.9488,-92.2622,7.8108,-56.4013,61.3995,58.5931,102.4469,26.6309,-35.2813,125.4833
18.9736,-31.6461,-10.9851,-42.8322,-1.3335,46.7710,55.9510,185.3492,84.4996,131.2264,-104.5823,-17.3223,-40.1343,29.5610,78.6832,84.6766,24.0340,-49.1716,167.4378
13.8540,-48.1261,-16.1570,-65.9673,-15.5286,44.5626,59.9798,172.0975,67.3303,145.5794,-55.5034,-34.1180,-41.7466,-0.7235,87.7574,81.1113,12.4453,-75.6084,186.4274
3.0415,-50.1195,-23.1051,-65.8772,-17.2852,19.2495,46.9904,177.9230,47.4548,132.3616,-7.0928,-16.0898,-42.2537,21.3257,76.3222,105.5143,8.1133,-75.2873,170.0681
1.9533,-42.9486,-15.8498,-36.8491,-4.3826,12.6261,45.3319,184.1992,22.7928,113.2721,-3.1510,4.7251,-28.7229,54.0541,46.4114,98.9310,7.4934,-35.5879,131.2334
-5.8851,-31.6662,2.4781,-3.6418,-4.4331,35.0558,31.3603,160.9387,-6.3371,100.3613,-8.7283,-6.3884,-22.3670,44.0877,18.5607,62.8473,-11.9698,13.3955,82.7476
-25.6979,-15.9947,12.7937,19.3144,4.4157,63.7676,3.7259,120.1982,-18.0690,67.7978,-10.8809,-20.9431,-30.3706,29.6704,17.0222,65.1979,-29.8365,38.5900,42.7199
-29.5696,-5.0483,12.6079,32.7077,37.4394,76.6952,11.0533,84.5338,-17.4790,23.0232,-28.4798,-8.2493,-23.0347,46.5528,29.9505,92.0884,-20.2352,42.4351,22.5822
-18.5064,3.5897,11.8077,36.3286,51.0945,73.8162,45.8523,63.5834,-28.9394,8.4505,-42.4865,19.5945,4.0383,62.9976,24.0292,82.6506,1.4313,42.9145,14.0167
-13.1686,18.6201,20.5148,38.6830,44.3737,76.5736,41.5146,54.9784,-50.2874,12.6121,-30.3272,41.5886,6.6846,59.1942,3.1939,57.3700,19.9783,44.7192,18.4881
-4.7426,24.9515,42.3695,48.7122,64.1333,85.4839,-2.0702,48.6001,-70.0190,8.1463,-12.5009,44.7771,-31.0342,51.6732,-4.0295,63.1704,36.1272,46.0900,41.9138
11.7904,9.9644,59.6956,49.4628,85.4998,74.4604,-19.7184,51.6134,-74.8318,38.2579,-16.7493,26.5410,-59.9874,43.6937,1.6117,77.7755,40.2550,42.7009,61.7674
17.2294,-12.3510,47.8517,23.5281,53.7444,47.9012,3.7721,69.2697,-44.1834,119.9817,-41.4907,3.4381,-47.1609,26.9411,3.2248,58.6378,29.1587,26.3238,61.7957
5.0573,-31.5581,7.5104,-12.9015,-8.6200,23.4594,20.9581,64.6588,4.3857,166.7432,-53.2037,-11.6606,-32.1445,3.0744,3.5934,21.7143,14.7032,0.0128,57.4270
-18.6781,-45.9824,-39.8374,-39.3907,-60.8023,-13.9674,2.6815,25.0591,31.2624,137.1997,-29.8361,-30.4962,-54.9803,-20.6395,13.4025,20.5627,-3.1341,-22.4860,48.4591
-42.1084,-46.1110,-69.6653,-54.5541,-97.4673,-48.2606,-28.8889,14.6354,47.4944,104.5238,-14.7278,-64.0334,-85.8385,-33.2808,29.7705,57.6926,-19.6230,-33.1976,21.7846
-39.6359,-27.5251,-62.0656,-54.5213,-102.2717,-29.0840,-36.4043,64.2476,67.6139,107.2197,-49.2404,-95.2855,-77.0640,-30.7340,37.1642,71.2351,-9.4166,-29.4387,-3.1383
-19.1496,7.3668,-29.7211,-39.9252,-73.0701,7.6959,-13.4896,113.2237,56.6914,108.1849,-79.5750,-93.6382,-35.9004,-27.4054,23.8146,42.9300,25.7549,-17.3037,-3.1052
-29.4504,44.1567,-18.9465,-32.4435,-50.1033,-7.2054,9.0505,126.9623,24.3651,100.1566,-48.4894,-61.2973,-5.2129,-32.2340,5.4679,31.4546,45.3380,-16.7250,17.6195
-66.4310,38.4039,-42.2773,-41.0769,-43.7442,-27.0018,2.4673,136.1620,30.8820,102.4772,4.8936,-44.5095,-9.2738,-30.4612,10.4499,60.1866,28.8057,-32.2038,47.7579
-73.6103,-20.3773,-58.2117,-46.3688,-34.1828,2.9049,-29.6370,140.9109,57.4848,104.2762,36.2657,-62.3513,-36.6182,-13.2306,27.3952,83.5391,-2.5208,-39.6431,60.6244
-52.7500,-57.0897,-45.6275,-39.0601,-33.0334,15.5076,-56.2462,114.2844,52.4709,92.8927,50.8685,-75.8311,-49.0154,-2.1404,24.6968,75.5426,-28.5772,-28.7368,28.1684
-52.1830,-26.8296,-33.6786,-32.0460,-45.4007,-25.1529,-47.6306,76.7844,54.1460,72.4568,37.0028,-72.0465,-21.3112,-19.8206,18.1660,53.7160,-51.9410,-19.6347,-18.4874
-70.6172,9.8379,-43.8264,-34.4751,-48.7147,-47.6358,-18.7103,59.2798,94.8805,46.3205,-4.6451,-78.0440,13.9581,-46.6564,35.9407,42.4381,-67.1296,-26.5009,-30.6595
-74.5388,8.4357,-59.1519,-42.4405,-47.0589,-32.5800,-12.4031,49.3194,114.4071,29.7504,-18.0247,-67.8060,12.0895,-36.7136,51.6623,58.0844,-55.2823,-41.7990,-20.3033
-60.8309,-1.6138,-56.9988,-42.3107,-44.4948,-24.4463,-22.6122,37.2293,83.3590,38.8362,12.6331,3.6531,-5.9540,17.2464,34.6180,82.1585,-24.5848,-49.3683,-5.5609
-43.2149,-6.2746,-35.8907,-24.5563,-15.8488,-15.7561,-12.6382,39.7433,48.5877,60.9734,37.3285,89.7480,1.4179,71.4384,5.8195,78.5301,-6.6942,-38.6537,23.9417
-26.1100,-13.5682,-9.4388,-5.2324,20.1392,2.7022,6.0686,49.8069,25.5515,78.3470,40.1310,119.6744,18.3345,92.5328,-7.4821,63.7753,-6.3302,-21.4179,41.7713
-11.7768,-9.7303,8.4334,-3.2772,20.6273,-0.5349,15.0159,39.7949,0.6508,84.1647,36.3251,114.2766,19.0701,88.8221,-4.8914,69.7966,-7.3483,-17.9203,28.4395
-6.7030,3.1410,13.0888,-6.0742,12.4943,-8.9080,36.1154,22.5257,-3.9371,78.1553,16.9802,123.2014,19.8285,81.0362,8.9454,75.1202,-11.9378,-22.6923,37.2034
-16.5247,7.8127,6.5915,-3.3837,20.0759,9.6023,55.4468,33.2457,20.3791,81.6116,-9.5416,139.1646,23.5823,81.0078,21.7504,71.2717,-16.6278,-23.7676,77.2997
-32.7395,13.0479,-12.8634,-14.4049,-6.4967,13.5626,32.4739,53.8140,40.8399,96.5858,-13.3190,138.8532,7.0441,87.7166,19.4525,86.6179,-3.4949,-32.1620,74.5084
-38.0745,15.1999,-47.2217,-38.2412,-70.4004,-21.1926,11.3058,38.2582,52.8608,74.3132,-11.7699,126.2059,-14.4204,88.9101,19.1581,99.4359,5.1897,-46.8882,33.8409
-34.5734,-6.7926,-79.6459,-42.4421,-90.7204,-38.2452,53.8817,5.9084,79.4938,21.2587,-43.6305,112.8552,-4.5500,82.0162,39.4798,74.1757,-21.7045,-42.4989,36.3881
-30.3877,-30.2772,-76.6474,-22.4611,-42.7145,-16.2023,116.2774,15.7458,99.1164,23.2531,-90.6806,96.0718,27.9032,74.8734,56.9702,45.0703,-48.9042,-18.8037,72.7615
-13.9497,-27.3891,-32.9003,-2.8506,14.8273,-4.0389,137.4225,57.8083,63.7918,73.7872,-95.1971,66.1444,52.2742,60.9176,45.4600,34.8543,-39.8093,2.3709,79.7366
7.8261,-21.5149,4.9691,9.5426,36.9527,-18.8373,125.1322,67.7296,-11.4136,72.0766,-35.4350,37.7584,60.4603,37.0493,11.5058,5.8714,-25.9437,19.7834,60.2654
2.2059,-27.1683,-0.2458,17.7378,22.2653,-25.8840,92.8988,38.0725,-52.5840,25.4135,37.0393,39.2601,57.0549,25.3778,-26.2290,-39.0694,-28.8262,35.0287,37.2410
-19.6116,-27.8281,-21.8398,19.1636,2.6919,-6.0094,56.7234,22.0935,-33.3992,16.4602,48.5231,52.1311,49.4948,33.8992,-45.6190,-54.0530,-22.8104,39.0318,14.8908
-14.6996,-27.3130,-20.0450,24.7059,18.0855,19.1844,48.5453,38.2202,-5.8854,21.3134,5.3279,36.2643,46.7507,44.1210,-37.9617,-43.8707,-7.5408,43.1951,4.9430
10.1884,-26.8682,-0.1276,43.5598,49.4540,20.0074,39.5683,48.1796,-6.3549,-21.8119,-13.7053,13.6102,49.4557,53.1884,-37.0936,-46.3007,-3.7226,61.1627,-16.2429
22.6759,-7.9889,16.6580,57.0824,42.8715,8.7479,-13.5227,22.8196,-15.1994,-85.4193,19.1676,24.4111,55.7428,64.5651,-64.9487,-67.9883,-4.6579,71.9653,-80.6693
21.0917,15.9324,24.8579,51.3290,10.1134,21.3050,-53.5747,-23.5222,-25.0390,-128.0205,57.8788,51.3450,62.1344,64.5610,-76.9809,-78.9933,-8.2687,58.8130,-129.8940
9.5025,26.3732,20.6338,44.2451,-2.3178,24.2564,-32.1049,-61.7494,-53.9440,-149.2580,76.4624,79.5711,53.7901,62.1705,-56.0659,-48.3531,-17.6388,45.7423,-112.1575
-0.9402,41.9113,10.2287,52.7729,2.3517,-58.6089,-16.8085,-76.5406,-92.5710,-141.2405,89.5896,124.4738,31.1575,84.6700,-70.1925,-7.5761,-5.1849,57.1500,-98.7171
24.4316,56.5078,19.4505,65.3926,7.8884,-194.0207,-45.9877,-69.3064,-121.0091,-109.6747,110.3809,157.6223,20.6457,112.0694,-136.3506,-21.8121,30.7128,77.6294,-133.6348
76.6121,41.7847,49.3317,59.5136,15.2216,-260.9245,-69.0878,-59.9172,-143.5460,-96.6308,145.7183,138.2461,22.9706,101.5058,-168.6704,-64.2944,43.9945,71.5787,-149.2832
94.3557,21.8322,62.2675,32.8691,6.4198,-238.8211,-74.7269,-70.9406,-157.0695,-110.8937,184.1568,91.3279,13.9331,60.3033,-137.0852,-62.0814,29.0663,35.7387,-132.1752
67.5701,23.1052,39.9672,11.2733,-21.3995,-213.5726,-74.5049,-91.0784,-145.1153,-116.5020,184.8877,52.1393,3.9483,22.6129,-107.8939,-45.4807,19.5344,13.9631,-133.4121
42.7630,21.8325,9.3063,10.0554,-28.4719,-209.9453,-37.4292,-93.7934,-114.7963,-106.6041,135.5686,18.7668,15.3940,-4.9477,-96.2565,-63.9302,13.4198,23.8125,-125.5593
36.0237,19.2986,0.1333,5.7772,-12.2705,-171.0963,18.8336,-93.6791,-94.7995,-110.6749,90.3942,-2.7708,33.7553,-31.0174,-60.2400,-71.4513,7.3456,16.6675,-81.1674
33.7671,37.8774,8.6089,-13.5510,-14.2541,-81.5249,32.1908,-114.3500,-108.0917,-137.4738,97.0068,-4.4689,45.6946,-50.3999,-25.5907,-55.8108,29.3469,-20.0081,-65.9296
29.8403,48.0367,9.9744,-14.6689,-25.1357,7.3220,27.6656,-129.4234,-142.8838,-161.0039,117.5283,-1.2178,62.1014,-47.8965,-37.7781,-73.6213,65.1724,-20.9546,-94.5961
21.0160,33.3563,-1.1500,13.4068,-12.0784,53.4461,61.6255,-122.2835,-149.3336,-163.8905,81.2102,2.0148,78.5451,-28.1722,-52.6790,-103.5852,63.9447,24.5420,-98.9429
17.7327,29.6045,-2.3908,31.4049,1.6185,59.8836,99.9413,-124.9410,-118.2463,-161.0495,7.5121,2.9874,79.1815,-22.5199,-26.5143,-95.8872,33.0219,47.9356,-79.3727
32.5434,26.8491,14.8501,29.3650,1.2961,55.2583,99.2874,-122.5422,-114.2417,-155.0895,-10.2475,-11.7509,65.2914,-31.0778,-5.4372,-79.6675,15.2147,43.6199,-70.4088
40.6720,-5.0468,31.9195,42.2675,27.8165,65.9029,81.8809,-61.2712,-151.2794,-124.2472,36.5791,-21.3163,45.1519,-10.7171,-22.0639,-67.2988,12.4026,63.3294,-42.0955
22.8872,-21.8761,45.2415,74.9246,84.1460,92.6108,60.1135,15.7289,-158.2758,-87.3688,57.8815,-8.5691,31.6221,26.4320,-40.5203,-43.6021,7.5497,98.6671,-2.7061
7.4221,0.3292,66.5334,103.5940,119.7687,116.3817,22.1671,23.0332,-132.5723,-87.5644,30.6478,-25.7143,31.2111,13.7418,-48.4094,-52.9711,-1.6584,124.3226,-18.6378
5.6708,5.0190,83.8841,129.5885,129.0253,131.7404,-17.0626,-12.3144,-139.8030,-109.6652,12.5228,-87.1602,16.4494,-31.5439,-63.7100,-94.9906,-15.4378,161.3541,-63.9116
-0.4234,-7.6884,88.1983,157.3134,139.8178,146.5861,-38.7121,-27.2985,-163.1797,-121.2866,5.2033,-102.7114,-20.0185,-32.0664,-72.9475,-94.8963,-26.6418,200.9134,-67.0487
4.0031,20.8865,100.8011,168.2673,139.2174,151.5245,-42.8313,-40.1066,-157.7328,-131.3942,-18.3955,-40.3345,-23.3211,-2.0553,-74.8268,-82.8302,-18.6164,202.9210,-58.8730
29.6197,60.2607,121.3307,157.9471,116.4533,135.2843,-28.5325,-62.0845,-157.0997,-128.1199,-30.0717,6.2170,17.9604,-2.4734,-93.6704,-125.6133,2.3990,184.1503,-80.9826
39.9626,49.6696,118.7589,142.0262,100.9731,114.8829,-2.5776,-57.8145,-172.3460,-91.1243,-24.1775,-17.1418,35.0128,-21.4019,-101.4301,-146.7778,8.8029,176.3056,-90.1196
28.4498,26.9688,97.0039,123.7168,94.4501,101.4186,17.2835,-38.9216,-159.0263,-68.0449,-36.6227,-59.0200,16.5816,-33.3356,-67.6425,-103.2396,-3.3525,162.1435,-70.7284
29.1934,31.3599,83.7730,100.3883,66.5819,77.6864,32.3852,-34.2448,-136.1795,-79.6574,-42.9596,-73.7528,21.2156,-50.5669,-43.7954,-96.3055,-14.9419,136.3928,-62.1371
32.1303,22.4073,67.8834,75.9469,24.3772,43.9189,54.4695,-26.6640,-140.1331,-66.2359,-8.6476,-68.1960,44.6126,-59.7451,-54.4930,-126.4230,-25.5140,118.6428,-62.6461
12.5499,-7.1905,31.6229,47.0262,-7.8510,18.7036,73.0306,-31.4174,-128.6936,-41.7603,23.4609,-58.0716,47.5095,-44.6355,-39.7366,-92.5021,-46.6073,92.1719,-64.7774
-3.2127,-7.4212,1.5089,13.3770,-32.6713,-8.2573,69.0871,-85.2591,-90.5821,-73.3589,34.7213,-49.0149,49.4039,-39.6798,-0.9469,-37.4946,-60.7890,42.4163,-95.6710
3.1942,18.3368,0.3482,-8.6880,-48.8406,-47.8470,43.4083,-129.2679,-84.2865,-104.6469,63.7848,-46.6030,61.2751,-60.4888,-6.2365,-45.9587,-41.8352,6.0083,-132.3388
6.7976,29.0502,7.3013,-12.8320,-52.4916,-73.6417,16.3953,-96.5945,-96.5853,-66.4937,81.4315,-60.0498,49.8010,-74.7488,-34.5531,-61.6075,-12.7144,5.0257,-127.4051
-2.4680,32.3168,-0.4074,-12.5383,-65.4683,-73.4516,4.8878,-54.6710,-65.8622,-33.5251,35.4812,-81.8179,24.1690,-74.5242,-24.9842,-40.9816,-12.2020,13.1354,-115.1458
-15.1088,40.5499,-21.4973,-16.5937,-87.0944,-70.2043,-1.2413,-77.7485,-13.1362,-55.1073,-16.0416,-87.4234,18.8299,-74.8844,-4.3130,-31.5644,-23.8809,8.7766,-135.9249
-31.7545,23.0614,-48.0873,-26.2150,-87.3543,-72.9907,-15.5343,-111.1722,15.6312,-63.2905,-1.4210,-86.0419,21.5496,-72.8052,-4.1986,-32.4016,-26.6010,-5.8429,-152.0543
-45.1297,-17.3476,-67.6702,-36.1074,-81.0329,-78.6930,-20.8441,-99.7994,26.0965,-50.6114,41.5362,-102.5994,23.5507,-66.4456,-1.5327,-21.9238,-48.8095,-14.1608,-150.7441
-45.5008,-20.8189,-62.1808,-25.1566,-90.4680,-86.9786,-2.9740,-89.0191,15.2278,-76.3793,56.0977,-100.7238,48.0902,-56.7964,-4.0264,-32.1973,-88.8436,6.6809,-173.6989
-47.1886,24.8726,-34.5811,10.5166,-78.4522,-80.4542,18.4872,-115.1438,-27.7784,-119.7441,54.6380,-47.7593,83.5591,-42.4652,-29.5913,-58.4873,-95.4935,45.0525,-201.7738
-59.5674,57.2009,-14.1105,35.4365,-36.8549,-58.4963,27.2687,-136.0251,-68.4397,-128.6918,69.2693,-5.3568,92.9027,-44.2688,-46.8462,-66.9007,-74.7118,60.7175,-176.4502
-65.1260,45.6924,-10.2861,36.4558,-17.0595,-51.8650,24.1029,-109.2461,-83.7304,-107.2374,99.9289,-10.8548,76.0962,-62.2360,-50.6927,-76.6878,-71.8942,59.2190,-114.8487
-53.1661,32.3867,3.5537,47.4262,-11.5649,-46.9077,0.8560,-54.3677,-99.9278,-74.0722,114.8246,-4.4859,49.7672,-47.6370,-73.7266,-87.2188,-62.3493,76.9241,-77.6868
-35.3834,49.6117,34.8294,71.1612,17.6443,-11.5256,-39.1633,-20.1501,-119.8615,-43.4740,86.4257,17.4161,18.4097,-9.1110,-95.5587,-60.9550,-11.0293,98.1950,-79.6719
-27.2582,79.7821,50.4014,69.5292,29.2365,7.4585,-66.5132,-21.0840,-109.3106,-18.5569,28.6787,-8.2443,-9.2370,-21.8657,-84.9764,-30.2608,37.5744,88.7791,-91.8808
-31.2684,101.6774,39.6309,50.6644,-1.3064,-24.1546,-74.3716,-30.2617,-64.9316,17.2271,-31.6366,-44.4625,-28.8220,-69.4996,-72.3787,-41.7026,48.6063,70.9546,-84.4340
-30.4586,109.1568,32.2242,55.0039,-14.5356,-35.8520,-85.3471,-30.5822,-23.6831,34.0677,-80.3427,-19.2096,-45.5307,-59.9596,-76.5941,-54.3675,51.3301,75.8341,-66.5163
-14.3521,92.4562,30.2668,66.0799,-7.5262,-2.4844,-105.3194,-27.6365,-13.2812,-13.0203,-81.7322,20.3040,-55.6059,1.4909,-75.2674,-32.3104,57.5280,82.0195,-78.3172
-2.0908,53.1375,9.0113,45.1639,-32.9509,-0.1890,-126.9658,-21.0315,-16.1412,-57.2405,-25.9840,15.6606,-62.7741,38.6874,-68.4877,-3.7955,52.8193,61.2481,-110.3369
-3.0472,21.3163,-15.8723,10.8849,-64.1952,-35.5544,-146.6963,-21.8792,10.3400,-22.4500,0.3634,2.5912,-82.8781,36.4734,-59.3310,15.5031,46.6662,24.9444,-108.1115
4.4141,19.9521,-20.2692,-7.2212,-70.1448,-49.2637,-155.9537,-55.4673,66.4535,16.8208,-57.0994,2.8689,-107.9118,17.4302,-33.8478,22.5815,50.9562,-5.7226,-81.6069
19.4923,29.2826,-29.1496,-25.2209,-92.3441,-58.6011,-157.8650,-94.0028,103.8497,-7.5611,-102.2792,-14.4116,-119.0793,-10.4987,-11.3672,8.3924,60.6546,-31.0771,-79.2806
11.4034,16.5912,-56.0398,-51.7598,-115.0240,-93.3227,-164.8062,-77.0688,104.1467,-23.9797,-51.8181,-52.3701,-119.2357,-34.7514,-11.6285,3.3048,63.8973,-55.3258,-77.8289
-17.6336,-16.1067,-66.3603,-61.1343,-77.3296,-115.0433,-156.6202,-23.7131,97.3109,6.6686,24.1236,-90.1399,-106.5540,-50.4322,-3.6917,28.9442,34.7551,-66.7545,-42.9870
-34.6059,-41.1724,-53.5736,-51.3283,-30.0778,-110.2651,-110.2704,-2.9718,97.2150,29.8925,41.3385,-110.2471,-74.8133,-63.5108,24.2572,44.6511,-27.3011,-58.4219,-12.6666
-34.5624,-46.3677,-49.8377,-46.5534,-42.1577,-99.1105,-60.7860,-13.8271,90.5607,35.5651,24.3256,-88.6234,-50.1590,-57.9480,36.3958,34.7556,-64.0517,-46.8502,-6.0870
-38.0348,-42.0814,-52.8749,-41.8114,-53.6567,-65.3487,-45.0036,-13.8481,73.2968,43.3614,26.9597,-33.7841,-46.1638,-28.3613,24.9984,29.9246,-51.6627,-41.0155,13.2457
-46.5641,-40.1012,-41.9661,-20.8440,-15.9508,-15.9840,-37.9421,-5.9640,47.4680,34.3355,53.4077,7.4159,-30.6845,-4.1241,9.6793,22.5073,-40.7151,-25.9338,37.3033
-38.7787,-43.5370,-29.7120,-3.1785,4.8401,1.9243,-23.9658,-11.5312,16.3256,7.2504,74.2960,20.1445,-9.1809,7.1773,-5.8364,0.0010,-42.5862,-5.8748,28.5620
-9.9831,-45.4167,-24.5670,-6.6868,-20.5716,1.0845,-30.8419,-27.2061,-4.7247,-18.5344,64.9011,20.4881,-28.9422,16.2075,-7.6695,-2.6772,-25.8080,-5.0826,12.8764
6.5090,-32.4141,-10.4705,-6.1204,-25.7688,25.8130,-43.8879,-35.0057,-6.7143,-39.9385,30.3499,16.4195,-64.6627,12.2312,16.1388,20.4823,-12.8995,-10.5204,32.5108
-9.5172,-6.6295,7.6586,15.8720,16.3894,63.4391,-16.0596,-12.9167,-0.4816,-33.9801,-8.5698,28.8722,-51.0127,12.0184,35.1075,38.5648,-19.7472,4.8290,68.0404
-17.8521,12.0670,12.0314,30.7612,48.3579,85.5813,22.8189,27.1448,-1.5506,1.6745,-38.7049,70.8100,-15.6352,51.5948,23.9632,51.9231,6.9221,18.9703,75.5715
16.1833,21.7834,11.3655,20.9930,29.7618,80.2905,6.7342,25.9045,-21.8998,-2.4070,-42.2387,104.5940,-22.5001,91.9939,-4.5019,51.4589,76.3370,7.4997,45.7416
55.5808,42.4287,17.9266,12.0806,0.4521,36.9433,-30.8019,-24.2824,-55.7800,-61.5607,-19.5632,107.7517,-41.9936,78.6154,-35.0580,12.3442,125.1659,-4.3260,11.5056
61.1637,75.2920,21.7162,16.6540,10.0727,-10.3136,-11.5430,-53.1624,-68.0193,-97.5659,-20.1254,112.7481,-17.9056,51.7359,-49.2219,-24.3406,139.6639,-3.5320,7.3391
54.7595,97.9910,15.5018,11.3821,30.1802,-12.7853,30.3761,-49.3890,-35.8259,-97.1429,-60.1614,119.8459,23.2957,49.7287,-33.0304,-21.4825,151.0596,-18.0000,10.0894
60.6984,96.9663,6.2770,-15.5916,9.0796,-6.1997,7.8426,-73.3053,14.1214,-105.6333,-73.8104,86.7105,33.5315,25.6647,-16.2701,-32.3857,153.1728,-54.3119,-23.9149
68.5516,77.0778,-4.6735,-51.5938,-31.9642,-43.6052,-51.6535,-119.6252,51.7816,-103.5784,-38.5972,27.6809,21.5964,-30.2209,-18.6072,-70.3992,138.7319,-94.6448,-66.3603
71.8640,51.4063,-20.8161,-83.6502,-51.3109,-90.8387,-59.6197,-139.3665,82.9605,-80.3309,-21.5787,-0.4790,16.2131,-54.0906,-2.1925,-65.1374,120.2580,-131.7163,-70.0707
73.7709,32.0866,-33.4347,-94.0771,-54.8332,-103.1396,-26.0898,-142.5489,105.2634,-89.6876,-38.6554,-0.2402,24.2416,-39.3977,31.8698,-32.9540,90.6416,-143.6905,-65.9090
71.9575,19.6469,-28.1292,-72.1114,-41.3760,-87.0786,-17.1002,-145.2018,90.4429,-123.1538,-32.9208,-19.3694,37.5508,-40.3881,26.5698,-53.6343,62.5606,-111.2848,-85.5471
70.1571,8.9344,-10.5524,-50.5530,-4.7874,-55.1014,-25.8909,-136.6760,44.9103,-115.5338,-2.5329,-59.6377,42.0595,-64.9654,-0.6920,-88.6873,73.3820,-81.2620,-91.1172
71.0995,-2.5509,-7.5421,-66.9978,11.6095,-34.1309,-10.9476,-143.3452,24.5578,-77.7730,7.4556,-79.4830,34.6669,-84.0652,16.1091,-66.3929,94.1948,-105.0398,-66.3983
69.8246,-28.4602,-24.6827,-97.0888,-6.5102,-52.2843,18.7673,-167.0002,54.7395,-48.1714,-0.3756,-77.1319,32.6053,-92.1752,54.9763,-40.5541,65.2970,-142.3119,-39.5637
71.2251,-75.4990,-32.2286,-100.3554,-8.0792,-69.6594,35.9096,-136.0828,87.5444,-2.3490,2.5374,-92.4337,39.7709,-99.0399,56.9599,-72.3794,15.2171,-136.2054,-3.6252
74.7359,-107.5713,-18.9834,-91.8228,6.2098,-48.2874,33.6863,-60.7175,80.0079,64.4695,22.1870,-120.5419,37.6904,-111.9501,34.0652,-114.7047,3.7647,-114.6149,45.3209
61.7499,-96.2367,-12.4778,-99.9568,-6.4009,-34.3581,13.8966,-50.5850,61.7136,96.0944,53.6764,-120.9871,29.2582,-130.7827,23.9053,-116.9289,12.0081,-124.0244,56.7137
36.4461,-78.5785,-27.6191,-114.6368,-25.6904,-52.4600,-7.8903,-99.8662,73.7375,74.6545,78.1620,-111.6663,28.8722,-142.1957,33.4804,-92.8474,2.5802,-148.3688,24.9488
22.3562,-87.9463,-49.6357,-119.8405,-31.0648,-57.9810,-12.2832,-98.5725,100.4238,50.1675,68.6003,-132.4244,16.5404,-141.6217,54.7169,-67.1581,-11.0593,-152.9421,22.6318
11.6865,-94.5398,-66.7728,-113.8118,-49.6324,-41.9601,-9.9127,-46.7003,112.1014,53.0970,34.0870,-148.7606,-21.6135,-137.6680,66.9113,-53.3903,-14.2583,-133.4175,68.8548
-6.7177,-80.3459,-75.5442,-93.6412,-64.1058,-23.3560,-20.0683,-22.4683,114.5843,46.8889,9.3290,-122.8208,-49.2876,-120.8136,57.8450,-52.0219,-14.7039,-103.4213,96.6816
-9.6567,-77.7409,-75.7183,-71.3023,-48.4621,7.9558,-31.6359,-25.0246,119.8056,-1.9011,2.9296,-98.4681,-44.6759,-85.3199,52.3316,-47.8138,-16.1372,-81.7425,77.5624
5.1123,-94.6968,-80.1920,-70.8246,-50.6057,32.0615,-28.1558,-11.4892,122.9062,-45.4185,4.5805,-107.3074,-37.2267,-62.4450,60.3866,-45.1713,-18.3391,-78.9544,61.2143
6.7632,-98.6551,-92.4295,-84.5992,-80.6164,18.6825,-13.6224,28.1141,122.4024,-23.8565,6.7196,-112.3678,-37.4703,-62.5120,56.7873,-51.7378,-14.1187,-83.5155,78.3386
-0.1927,-78.8568,-90.2943,-85.3308,-76.8034,11.5273,7.0868,82.5082,118.7745,17.9273,-4.9974,-95.5736,-21.7690,-44.4153,49.2013,-32.9999,6.2745,-81.8723,89.7411
6.9040,-55.8075,-70.2161,-72.0338,-50.3896,41.9507,28.0829,111.2837,103.7346,5.7815,-28.5932,-73.0127,1.5978,-0.0008,60.2660,16.1857,23.0924,-73.3970,63.6028
7.5214,-51.4319,-59.7234,-58.7733,-52.0749,59.1244,33.7666,85.8214,79.1966,-19.1763,-26.8603,-46.4710,1.3471,23.3634,65.4541,37.8630,7.4306,-59.0572,41.4589
-18.8009,-73.2659,-68.6405,-55.0206,-55.2028,42.3763,21.5112,60.1146,66.1065,18.1035,11.8077,-28.5902,-22.0022,17.1700,56.7154,42.9305,-24.7607,-51.6215,63.4154
-46.6628,-100.4911,-83.0524,-70.9028,-45.1520,24.3732,4.5976,79.4679,76.5427,75.4832,45.4090,-37.8541,-49.7487,24.0020,76.4581,110.9205,-42.7975,-72.5775,84.6973
-57.5365,-100.6962,-94.6847,-94.1380,-61.2823,3.2326,-9.3542,92.3552,86.0639,73.3113,58.0745,-45.3582,-68.6494,49.5847,113.3577,207.6121,-50.3645,-103.0634,57.0707
-64.9802,-72.2588,-95.9843,-90.3061,-82.5983,-21.6518,-15.5419,73.3775,62.7129,35.4422,78.0922,-18.1180,-64.5424,61.1357,102.6017,218.8624,-50.0257,-97.8335,24.6596
-69.6674,-40.9893,-79.9846,-61.7112,-67.7275,-14.6672,-4.6380,83.7844,30.4290,33.2146,87.4446,22.2278,-40.3908,59.0418,57.2216,157.9050,-33.6211,-63.7724,42.9698
-61.2799,-27.5434,-59.7358,-41.7715,-51.0535,19.8434,19.3247,135.5719,37.8569,64.7195,45.2508,43.5223,-23.4006,67.5374,44.9390,122.7570,-27.0765,-39.4655,84.7444
-54.9521,-36.0095,-49.3772,-28.5826,-48.4692,47.7234,31.0003,164.4967,58.6776,72.5103,1.7287,37.1997,-26.7147,76.1837,60.0418,121.6081,-52.8216,-20.0000,101.9016
-66.0450,-43.9455,-40.2920,-5.7713,-23.7189,66.4387,14.5749,141.6216,35.3539,40.7991,20.3737,8.9992,-39.0006,56.3135,57.7290,113.2552,-74.0961,6.8222,94.4737
-72.5608,-18.8144,-25.0045,8.9458,0.0410,68.3208,-10.2516,86.4260,0.8754,8.6704,34.9550,-9.5846,-51.4713,18.0038,46.7701,99.9848,-56.8540,15.8391,77.7228
-51.1912,22.8098,-10.3529,7.4797,-15.8162,45.1602,-14.9603,32.4972,11.2739,-0.8639,-24.8869,3.4748,-58.4866,-1.1389,47.2607,83.9040,-29.8863,7.4739,57.4147
-22.6848,29.2901,2.3396,13.4864,-25.0967,36.4348,-0.3885,25.4700,29.1041,3.8030,-79.4081,16.3866,-50.0392,5.8996,43.3590,54.3281,-27.7442,16.7531,50.3291
-15.6382,4.5379,17.5501,25.2721,11.0424,54.8605,20.2319,67.0802,17.2002,29.2351,-57.5072,8.5445,-23.5074,10.7722,31.9681,29.6931,-40.7930,31.8544,72.4650
-17.0269,-1.8397,34.7908,19.6796,49.5449,50.3661,49.4323,99.6727,12.3941,78.2029,-29.9129,5.9221,13.3934,-0.2017,34.2156,27.2789,-49.7276,17.8487,100.7099
-5.9503,11.2981,48.9192,6.8558,52.7551,23.5303,77.1513,102.6046,17.4451,109.3541,-42.3029,7.2986,43.5507,-6.5257,43.7756,35.4026,-51.7986,-0.7959,88.8774
5.4290,5.8880,53.1319,9.7851,35.5312,30.3804,76.5287,103.2873,-1.6920,97.7979,-41.1451,-1.4003,50.8213,12.2460,36.9725,41.2733,-54.0607,12.2041,38.6630
7.2584,-12.2164,53.1031,24.9549,25.5559,68.9824,59.6893,97.2509,-20.9987,75.8378,-20.8944,18.6911,49.3064,48.2012,18.7757,34.9732,-62.2739,36.3192,6.0530
14.7022,-3.1143,66.7757,40.8457,38.7536,100.6208,57.5035,76.3425,-26.2187,55.8206,-19.1323,78.1513,61.5557,79.2700,5.8910,20.2296,-57.0403,43.9795,9.4878
26.5087,29.6161,85.3110,48.8462,59.8502,119.7060,56.6959,77.1671,-55.0978,21.4265,-15.8342,107.2865,66.3006,96.7801,2.5827,36.8301,-17.5531,40.3827,10.5101
18.2176,37.7521,71.9076,38.2619,52.7020,111.9303,44.0590,113.1939,-78.8342,10.2907,-0.9183,81.9228,36.6147,104.8221,12.5204,94.9577,14.9361,31.9572,9.3283
-10.8625,6.9683,27.6805,14.6259,18.5240,41.8305,41.9707,148.4691,-36.8320,69.1959,-6.0805,54.2031,-1.7369,98.8125,29.6901,136.4047,-14.3833,20.3038,38.9732
-27.6100,-14.3065,-0.2444,-7.6954,-9.5597,-80.1015,47.5574,164.5818,24.1208,151.0445,-21.3194,37.1783,-16.5371,72.5620,34.8743,137.8450,-63.1949,6.2160,66.8447
-5.0212,9.7026,3.6411,-32.8527,-23.9785,-191.1891,48.2618,160.1453,48.4530,175.3577,-38.4673,20.0359,-7.4555,46.4470,33.3640,136.5991,-50.5364,-24.9793,45.9887
37.4903,38.8033,3.8689,-64.3047,-36.1671,-241.2765,72.4576,118.8157,75.4448,145.6782,-77.8146,30.9692,25.4375,43.4673,45.8412,128.8644,-4.5103,-74.2710,12.0818
43.5363,16.2421,-23.3772,-88.8486,-54.0033,-245.8566,101.9459,52.6588,102.0273,123.2464,-68.4661,54.7229,57.2914,41.7604,54.3102,96.3292,-11.5012,-107.3876,3.1380
3.5473,-39.9285,-57.4061,-101.3764,-83.4024,-254.9382,63.9683,12.5958,69.2621,127.4918,48.3811,28.5808,31.4014,15.0284,36.2289,83.8390,-58.6787,-108.0122,-5.5816
-12.2327,-57.8628,-58.3557,-96.9024,-99.5781,-241.9338,1.4657,13.3526,23.2779,118.2090,108.9859,-14.2082,-27.3674,-2.1239,25.7029,105.8206,-64.9659,-92.9377,-16.2906
27.2019,-12.7629,-14.9686,-56.9121,-60.6947,-120.8106,23.3107,12.9500,40.6692,64.5530,-28.5171,11.7852,-22.1529,26.2610,49.0509,94.7023,-20.0196,-62.3372,-5.1525
50.7729,34.9197,28.9735,1.1439,2.9246,67.4313,75.2765,-17.0632,68.8027,-3.4943,-178.1552,66.6118,30.4771,57.5402,66.5046,39.4352,14.0731,-17.0287,4.0283
17.3628,23.5245,21.4100,20.7487,5.9011,163.3348,42.5368,-53.0042,42.0304,-42.1954,-134.6163,63.4794,20.3046,47.8341,52.7686,14.1820,5.4499,6.6459,-5.2446
-17.9528,-18.7312,-24.4615,-1.7262,-48.7603,137.2047,-14.8186,-60.8061,1.4671,-58.9923,-15.8245,42.4806,-40.4090,38.1049,37.1434,35.7910,-10.4982,-3.0948,-0.3763
-18.3086,-27.5316,-46.0826,-7.6191,-61.7432,112.3696,0.9845,-41.4082,-20.6747,-76.0132,12.9300,63.0580,-44.7264,62.8694,27.5599,46.2229,4.3008,-3.4861,14.5565
-3.4180,-12.9502,-16.9001,21.8634,-3.2925,140.8272,32.1082,-18.3797,-52.6433,-80.3267,3.9273,68.4875,-0.6316,71.9527,2.7900,12.7634,31.5815,25.9533,11.0051
20.4697,-23.0168,28.1075,47.7629,44.4699,170.7418,14.4470,-0.6233,-80.7250,-53.3725,7.1477,25.4693,-1.1982,37.5249,-21.4160,-42.4130,35.3672,55.2470,25.4407
43.4593,-47.0175,45.1073,48.6542,38.8229,178.7169,0.0566,20.7826,-58.8669,11.0049,-39.7965,8.9045,-48.3526,19.0569,-13.6604,-61.1093,25.8708,60.5475,86.4089
27.0014,-57.2677,26.8255,33.0304,28.5750,168.1563,13.9515,49.0227,-4.8145,109.5034,-102.2102,34.3867,-74.6008,42.6992,12.2449,-5.4682,23.9507,42.9587,130.1393
-22.6458,-70.7483,-1.6390,8.4004,28.9506,126.9756,5.2414,71.2490,23.7875,195.7437,-68.8903,21.4803,-67.0188,48.6932,20.7216,63.7593,6.1533,16.5661,105.2598
-49.1217,-87.6791,-15.6966,-6.8341,5.5936,73.0440,-28.0886,70.3173,12.8773,205.1339,17.0538,-28.0326,-55.3436,15.9435,0.8249,54.9121,-31.9589,11.1155,51.3051
-35.5152,-69.0466,-7.8922,11.6822,-8.9834,48.2322,-39.7572,46.6241,-10.0747,144.2321,26.3523,-35.5274,-43.7814,-0.6557,-32.6015,-7.3658,-33.1936,40.5034,13.7341
-11.8911,-14.9649,19.2350,51.2517,33.1957,50.3631,-33.1616,18.7466,-30.1706,73.9165,-29.1350,-9.7836,-27.8866,10.5483,-54.9771,-35.6753,14.5140,75.1281,-11.0843
-1.4463,29.6916,50.6921,78.0665,74.0719,46.0820,-42.4493,-4.5300,-51.7001,24.4201,-53.4206,-9.4230,-26.0095,2.6284,-57.2769,-29.7324,35.9640,92.6577,-30.6819
-11.5298,39.3487,64.5712,92.6870,65.4135,37.9664,-58.1929,-21.9724,-67.4819,2.7768,-39.4885,-16.4687,-39.2068,-17.7672,-56.0577,-34.6123,-3.4092,112.1451,-35.7896
-32.0837,24.8295,62.2929,112.6279,71.1320,59.3744,-49.0786,-20.7589,-68.9592,7.4654,-27.6033,8.5291,-29.3055,-1.0990,-63.8687,-44.8599,-42.8116,139.7395,-29.2072
-37.6224,23.7086,64.5432,125.6409,108.2830,101.3249,-26.4727,-12.4609,-66.8972,-2.0177,-19.1782,44.8672,13.7093,31.6527,-73.0585,-53.3147,-34.2040,145.6643,-31.5703
-25.9212,61.3475,72.8162,117.0782,104.9562,104.6785,-25.0319,-35.1972,-62.4299,-45.1092,-21.8097,57.6379,40.1246,15.9863,-74.7181,-79.1644,-6.9019,123.8174,-43.3217
-22.8680,93.3867,75.3801,106.5885,78.5042,62.0724,-41.4123,-63.9943,-43.0736,-61.5921,-45.7607,36.7337,21.0858,-36.8962,-66.5434,-103.0834,-8.6778,109.2780,-31.6398
-39.0260,67.8248,75.2088,109.7532,96.6164,46.0839,-48.0632,-28.5657,-24.0024,-13.6855,-50.4632,-6.7094,-6.5536,-61.6852,-49.5164,-85.4005,-44.9485,117.5794,10.8477
-61.9835,29.8482,72.6050,108.5107,114.2624,79.9687,-40.3789,46.8895,-22.0290,42.4542,-21.5014,-29.7173,-8.8730,-46.6279,-33.0566,-43.7069,-78.4784,122.5848,43.4897
-75.8243,36.3857,58.1522,92.6061,85.7723,101.6170,-21.7346,77.3262,-15.9376,57.4076,-16.7079,-4.0239,3.0054,-25.9115,-23.1645,-20.8523,-76.6568,107.1136,53.7318
-69.7316,42.8862,42.8091,79.2482,73.7205,91.3710,13.6361,71.9556,-5.2532,52.7516,-41.2383,25.0945,12.0436,-10.0334,-9.8910,-9.6420,-60.0642,89.4764,71.1955
-56.0485,8.8535,40.8090,74.1612,96.0399,81.7404,44.9090,86.9706,-14.6687,57.8730,-33.1752,10.3062,14.6142,2.3987,9.1949,14.6770,-70.1397,84.4306,89.5175
-62.7555,-18.5625,35.3865,62.0309,91.1836,64.3808,36.1961,105.3007,-7.0701,75.2225,-1.1981,-20.3586,10.8319,-4.4575,20.7886,33.5720,-102.1456,74.9690,85.1739
-84.7783,-16.8831,15.8944,41.3024,64.3014,35.8604,0.6239,102.2279,49.0828,95.9818,8.0770,-29.8965,6.4917,-27.5139,22.8032,25.1174,-121.3434,49.0681,82.3591
-85.8358,-20.6502,9.6156,32.4074,61.7878,37.2482,-17.2304,104.3591,69.4844,101.5580,14.2840,-28.7979,0.0873,-32.1150,21.5326,17.4591,-113.9697,34.4356,95.1452
-57.2065,-25.7538,33.9670,47.5677,73.5700,56.2081,-9.7590,113.8368,-1.5497,87.1850,26.1080,-25.3171,-18.7940,-6.7157,13.4890,39.0039,-89.2887,56.4269,89.8168
-28.8998,-15.7548,59.2984,66.5510,78.1755,44.5075,-0.3798,104.9158,-62.2096,77.9607,13.8194,-10.6675,-34.7960,18.6144,1.2131,58.7630,-68.7770,83.5972,66.5701
-24.2569,-23.6225,49.5713,55.3149,72.4947,30.6417,6.0209,87.2894,-31.5870,85.5124,7.7572,4.6571,-16.9547,22.2095,0.4419,40.7318,-72.1857,67.1106,61.9623
-32.5706,-51.9641,15.1020,16.8645,51.0191,47.0632,28.2580,78.9219,23.6824,92.8725,32.1066,15.5697,27.8345,21.6466,14.1458,14.8575,-83.6107,18.1474,68.3449
-27.0755,-46.8707,-0.6967,-8.0902,34.9264,46.6408,65.2791,74.5393,40.9539,89.6566,28.2323,48.2298,65.6254,45.6991,27.1714,27.5376,-68.7153,-15.6284,57.1685
-1.7500,-12.3797,13.7155,-11.0144,43.9752,17.5773,81.0581,69.1844,44.8770,68.0350,2.0284,98.0378,89.8192,87.0459,31.2971,59.3335,-38.1913,-32.7238,29.9054
27.8960,-12.8681,21.2925,-26.7604,43.7270,13.8071,67.2630,49.0418,44.3091,9.7738,39.5976,101.3356,117.6106,98.2873,30.0188,49.1578,-23.7065,-62.0344,-12.0364
61.1854,-52.4734,7.3640,-58.2317,19.8060,30.3067,66.3468,-1.9330,8.0901,-73.7541,117.8843,32.4027,147.1433,59.6139,24.0618,-12.0137,-10.4249,-91.8241,-69.6149
103.0831,-75.3513,7.0017,-72.4644,11.4709,24.0419,74.6873,-58.5930,-58.0836,-134.9631,155.5546,-34.7680,149.0215,21.1921,12.4852,-54.8638,27.4589,-98.8230,-117.4677
129.3390,-59.0557,30.3950,-70.8334,22.9086,7.8768,28.2676,-90.1847,-100.6423,-152.9583,173.0542,-33.1838,107.8099,21.1821,0.6341,-32.1671,74.5995,-107.2679,-132.6433
125.7582,-26.5563,46.7849,-76.6806,33.4614,-1.4686,-48.2473,-106.6913,-84.2122,-146.6946,188.1902,-7.8477,64.7413,16.5210,-2.1738,-0.7472,106.3139,-137.0994,-118.9284
122.9193,-8.2888,50.3148,-83.7029,49.1355,-17.5368,-42.8757,-113.0443,-43.3069,-126.4520,151.3134,-26.3652,73.4752,-23.4056,10.0003,-20.8571,109.7310,-154.3618,-93.7569
134.4028,-23.6288,49.0754,-85.7767,48.6070,-29.8453,45.6862,-99.9109,-30.1945,-92.1311,87.3130,-56.1298,112.9025,-42.8407,34.8984,-43.4570,76.7580,-142.4374,-79.4574
132.8921,-55.7935,27.2268,-98.7373,6.3876,-36.1675,106.5218,-88.4111,-25.9700,-61.7521,67.7020,-33.6452,123.0604,-11.3235,58.3307,-19.8146,33.9671,-140.1885,-71.1254
117.5236,-60.7158,-6.3937,-115.6709,-25.4308,-71.7035,102.6781,-97.4562,3.2382,-56.8001,80.5383,18.6349,105.8684,7.0867,57.3827,-13.5016,31.0431,-161.5418,-33.5701
118.3502,-36.4417,-10.1557,-112.6797,-5.9980,-120.8243,80.1657,-114.2927,13.5352,-75.8009,97.6170,41.2864,95.6145,-24.3111,28.2365,-68.5649,63.7225,-171.1952,20.1955
139.1961,-25.9698,15.0165,-95.8524,19.1369,-124.0730,57.8491,-138.5439,-24.7484,-99.3203,119.2635,33.9019,82.9678,-56.8397,-1.3756,-124.0517,89.1512,-157.4900,39.6052
161.0345,-32.9547,34.5916,-79.4169,28.1348,-97.9182,29.8114,-168.6035,-47.6464,-104.5133,109.2979,29.8780,51.4779,-67.3213,-18.1121,-156.2208,106.4199,-139.3342,47.0363
163.2010,-22.9528,42.3775,-58.6645,45.7537,-102.1758,1.5079,-169.7961,-23.5819,-76.9599,62.9853,30.7716,20.3184,-88.6432,-40.4691,-200.9626,124.6874,-117.3413,87.3833
129.4499,-3.9511,38.6983,-42.9117,53.9409,-123.7720,-19.1527,-139.1261,-5.2453,-29.1143,46.0961,12.8748,5.5809,-118.3037,-60.5753,-217.9715,119.4723,-92.9925,110.1044
89.6509,-7.8229,22.4580,-52.3360,39.0858,-120.7401,-27.8903,-118.1536,-4.3692,6.2781,58.6006,-28.3886,0.2234,-122.3147,-44.0082,-157.0872,97.4403,-93.1829,69.6059
100.8569,-22.3952,24.8163,-72.9481,36.9814,-111.1405,-40.9827,-112.6366,15.1947,14.8014,43.3079,-67.8105,-9.5482,-112.5798,-7.7073,-94.4518,97.0058,-120.1381,31.2130
140.5552,-23.6496,50.6660,-75.1033,46.4563,-124.2462,-78.2627,-109.0474,44.7886,5.4732,15.4130,-86.5807,-33.3187,-122.4882,0.4715,-106.1112,103.8686,-132.8036,40.7351
132.0800,-15.9623,46.1155,-59.6054,37.7323,-137.5213,-98.5429,-123.3698,56.9015,-21.9024,1.9200,-94.2884,-50.9687,-140.1066,-9.0014,-134.7180,87.8210,-110.6895,43.7929
88.6933,-0.8317,9.9978,-42.9711,28.3296,-125.6112,-61.1516,-141.5946,45.6354,-71.6348,-13.6893,-95.3135,-32.5527,-131.4487,-5.6483,-119.9602,77.3402,-78.8330,10.2787
84.0231,12.1766,7.8436,-30.6751,32.2916,-109.8359,-31.3022,-115.5400,10.7647,-114.3332,-0.7867,-81.2310,-5.8367,-98.1608,-9.1958,-99.4613,83.7615,-59.4877,-14.8465
104.7306,-9.9195,32.8422,-26.6686,26.1583,-111.0844,-60.7415,-56.3986,-18.1471,-106.2447,62.2983,-72.5769,-14.8355,-74.6569,-28.6793,-104.3783,62.9355,-50.6772,-2.4043
85.4265,-45.4469,20.5920,-32.3812,12.7412,-104.6294,-75.1250,-20.1157,-4.8016,-59.1848,89.7598,-92.5708,-32.3560,-82.6199,-29.3568,-107.0096,28.2902,-46.7879,26.4999
37.9950,-25.5272,-11.6113,-32.9061,11.6673,-70.9546,-34.6586,-24.2667,19.2185,-35.0499,34.4140,-108.4764,-21.7336,-105.2302,-9.8035,-94.0172,36.7435,-41.7490,39.5901
15.6644,31.8941,-6.9627,-16.0099,17.0813,-40.3236,-15.9059,-52.7330,16.3135,-53.3278,-20.4390,-84.1212,-8.9245,-110.4641,-4.0002,-83.2493,58.1230,-28.3584,25.2616
13.6533,51.4849,17.2888,4.8022,29.2304,-32.8704,-45.2543,-76.1320,16.8583,-66.2377,-20.8803,-45.6253,-11.7137,-91.6193,-11.1258,-73.9312,41.4307,-14.8351,4.7791
1.2813,47.9588,26.2997,11.5157,49.3544,-22.3414,-64.8010,-62.5384,23.0950,-44.6856,-1.3225,-23.9536,-11.8797,-68.7246,-12.0327,-45.2478,29.2210,-14.8406,3.8690
-11.0540,68.0021,34.5816,8.2856,50.5178,-7.4159,-62.1353,-32.5497,-11.7117,-21.5102,22.2787,-6.6766,-15.7262,-56.8310,-11.8631,-4.4230,48.9008,-20.7377,14.9089
-2.9809,76.1783,47.8835,6.1530,26.8352,-23.1247,-61.1061,-35.4554,-61.7195,-26.0315,58.0600,11.5243,-26.9106,-52.4572,-18.0853,8.3092,43.8373,-18.7444,13.0478
9.9179,52.5291,46.1427,6.3851,8.7390,-52.6299,-61.9379,-52.2903,-74.2815,-45.8007,92.2675,13.1969,-18.1173,-47.4388,-32.8048,-19.3951,14.9204,-10.1569,-10.9520
9.6057,51.1960,39.1714,12.0906,8.5135,-43.8915,-70.7629,-40.9363,-82.3000,-66.1000,111.6174,2.2017,1.6276,-42.4362,-59.6719,-50.5819,30.7835,2.6029,-42.7114
12.7714,73.6804,49.1361,20.4341,15.8556,-16.3676,-80.8003,-32.1629,-107.2459,-78.1651,112.2423,3.1119,4.0430,-40.3734,-76.2661,-57.7376,67.8663,10.8589,-54.9733
32.3664,64.2127,57.7357,8.0522,14.6748,-31.0149,-55.6959,-55.9015,-94.1226,-65.7090,96.3406,24.8715,12.5324,-32.8679,-53.5401,-45.6563,51.3366,-10.6602,-44.4303
42.3887,34.0682,40.3725,-28.0103,-7.7189,-75.7557,-7.8577,-70.1033,-38.9747,-36.9133,79.7997,43.6335,40.6887,-16.8482,-9.7295,-15.5296,4.5035,-55.5504,-40.4071
21.6036,26.9008,15.3467,-46.6759,-26.0404,-92.9616,12.3070,-53.8751,-7.9266,-19.8716,67.0895,23.0271,50.5522,-16.0455,16.4037,21.7820,-16.4015,-70.9194,-53.2080
-6.9890,26.9059,6.9944,-28.3895,-13.3289,-83.4633,4.6501,-49.9704,-18.2201,-14.8119,53.6125,-30.2633,35.8602,-42.2320,13.0605,26.3260,-23.4167,-38.2476,-70.4257
-12.9390,12.5043,6.4764,-1.5784,-4.8530,-79.7242,-11.2107,-75.2131,-42.1180,-22.6221,52.4009,-62.1873,21.7931,-59.9152,-14.9458,-12.6344,-30.7213,5.9221,-96.1383
5.2223,6.0583,9.6248,23.7374,-15.4035,-61.6774,-38.0113,-99.2866,-71.7263,-71.1749,56.3850,-51.7260,3.3021,-46.6234,-52.0760,-62.6486,-16.0906,43.9160,-117.5404
36.4058,23.7661,39.9158,57.6712,10.7693,-6.5881,-58.9291,-104.5650,-104.4827,-131.1713,40.1754,-34.2169,-11.2642,-38.6752,-76.7920,-109.9860,22.1150,76.2086,-101.0519
68.0636,54.6145,94.0724,77.2249,65.5549,30.3724,-62.5900,-91.4990,-136.5591,-119.5022,29.6178,-29.9870,0.8557,-59.1091,-95.0589,-148.7029,66.0410,82.3006,-70.0005
81.5340,77.3943,123.5807,67.9566,74.2100,7.6311,-81.7051,-57.0823,-160.4200,-48.8528,49.5215,-24.2034,-0.5831,-70.9306,-119.5089,-150.3169,103.7263,66.4873,-57.3316
71.8165,65.0817,104.2260,56.8556,48.2378,-7.0074,-116.0388,-4.1759,-136.3523,-11.0258,52.8689,-8.9880,-47.4642,-45.6734,-120.9784,-117.0471,111.4192,58.3822,-17.6632
57.1907,19.1506,60.3723,39.0278,28.1405,28.1201,-119.9740,48.4756,-51.4368,-14.2311,30.0261,9.6368,-76.7223,-4.8808,-79.6679,-83.3678,82.2969,36.4632,53.3600
50.0009,-12.8576,15.3348,-11.2342,-18.5114,25.9408,-98.9567,69.6144,18.9127,-18.2478,43.8913,21.0172,-51.4378,22.0219,-38.6429,-51.3846,56.3343,-22.6954,56.4636
43.0838,0.1395,-16.4499,-46.0629,-74.8928,-47.7765,-88.7294,40.2934,15.4713,-44.2590,77.0316,19.7839,-26.8799,27.0355,-37.7725,-24.6169,57.5116,-54.3114,-19.0966
31.5941,33.8292,-19.4441,-10.8807,-67.7496,-81.5645,-83.5264,-12.8858,-13.9961,-95.6532,48.6044,27.2589,-27.0140,23.2964,-64.0506,-43.1139,65.2806,-6.8335,-65.6893
23.1350,54.7731,-6.3772,41.4158,-35.5728,-32.7495,-77.3500,-46.9146,-12.9296,-119.7229,-16.4439,58.3398,-23.4296,31.2932,-87.1269,-91.2928,65.7549,52.9780,-65.6378
22.9114,58.7143,-4.8849,43.7351,-52.1166,2.8739,-75.9970,-61.6378,-2.4074,-125.7096,-35.0939,81.6531,-17.9010,44.8113,-82.9149,-96.4507,57.9994,55.1995,-75.7663
22.2158,55.0426,-12.9109,25.5345,-67.8319,-3.8432,-49.9258,-70.7814,-12.8239,-156.5445,-13.5835,80.0377,-10.7909,44.6127,-51.9623,-63.2397,39.2714,32.5883,-73.7637
5.1359,46.2259,-23.2623,28.7082,-36.0704,6.7889,15.0788,-51.1261,-24.1915,-165.3874,-4.2313,87.6748,22.3624,51.9805,-29.6521,-43.7815,21.8322,34.2064,-37.2281
-29.6154,33.9114,-42.6557,30.5534,-12.1235,24.7697,68.2389,-0.3468,-15.4482,-106.4739,-2.9644,116.0005,62.8563,90.2755,-26.3111,-9.4599,12.7656,39.9767,-21.5846
-56.6300,28.5742,-52.3167,5.6168,-23.6549,4.7618,73.1590,20.4025,-12.7153,-42.5393,32.6808,133.2544,73.4228,116.1113,-9.8070,67.9104,-3.7000,9.9902,-42.3054
-51.8383,29.6424,-36.9931,-29.7309,-42.3879,-34.7620,56.3313,-16.9449,-43.5171,-25.0244,99.8024,122.1464,63.6009,87.6558,12.1848,113.0387,-18.6753,-40.1424,-57.3585
-28.4254,16.0969,-32.9929,-47.8101,-59.9363,-63.2525,49.5398,-54.4690,-70.9423,-19.0613,119.8419,85.0909,46.3402,46.6419,7.6303,86.9045,-6.6904,-56.2809,-62.1742
-20.4267,-6.3825,-55.0232,-42.0141,-66.3122,-67.1764,58.1523,-51.4735,-47.2068,-1.3377,50.0559,46.0174,20.8892,44.8411,7.3522,74.7552,9.8879,-33.9188,-65.0969
-36.9617,-0.5636,-64.7692,-35.5854,-62.6012,-39.2014,69.2315,-36.3956,-7.1386,14.9528,-13.3132,55.6798,11.2024,66.1495,33.8872,114.4535,3.3159,-27.8278,-54.1203
-55.3158,18.7965,-64.5358,-49.9002,-89.1167,-25.2568,63.2665,-24.8208,-2.7988,33.2804,16.0066,102.6425,18.2750,76.6335,37.7068,131.5708,-6.2426,-50.7108,-36.6116
-54.0053,-1.5103,-82.8504,-64.5926,-128.8963,-61.6838,48.9656,-2.8665,-8.0417,49.6553,54.1079,102.5583,-0.5993,73.8536,18.1732,109.9400,-11.6722,-54.7608,-18.5545
-39.6081,-31.4042,-88.2443,-47.0701,-115.7808,-78.3968,49.3784,6.5324,1.0336,37.1161,9.9184,56.3202,-40.8065,63.9179,27.1735,102.4934,-24.0921,-23.6599,6.0203
-43.9621,3.6297,-63.7478,-2.5639,-81.3030,-44.6538,47.1681,-23.5551,-10.5316,-1.7448,-49.3626,47.8505,-50.8386,40.8572,22.2334,74.7765,-21.9806,24.3029,7.5271
-86.1072,70.8901,-66.6996,38.9350,-94.1894,-68.1117,23.5939,-56.4379,-35.1437,-34.0185,-42.7632,65.4563,-29.6579,-2.6250,-51.6066,-24.5876,-12.1799,83.0547,-25.8898
-129.8154,76.9834,-103.9462,55.1442,-112.2954,-171.1875,10.1922,-50.5996,-23.8590,-38.7379,-4.7837,39.9914,-18.9844,-48.5930,-108.7574,-105.6413,-43.5210,123.4454,-33.4555
-117.8638,21.6073,-105.4081,46.7998,-82.6801,-216.2864,16.6551,-21.4615,4.1498,-8.8431,1.2478,0.5235,-42.3745,-53.5387,-76.8871,-75.5554,-87.4307,112.9012,13.5527
-63.9178,-25.6214,-66.2994,40.6654,-47.0853,-162.4684,-3.3511,10.7414,16.4103,44.6130,-38.7606,0.5075,-97.3760,-11.5930,-33.0958,-6.8134,-76.9177,90.7306,64.2549
-40.7083,-33.3400,-44.4385,49.0631,-38.5193,-110.9010,-48.2911,47.6131,45.4634,84.5236,-89.5956,13.5506,-140.2457,22.7105,-29.1799,15.6631,-53.1379,94.0418,85.1669
-60.6833,-15.5337,-46.1444,44.8175,-39.3302,-99.0075,-53.9489,74.7123,89.7762,87.1185,-100.3531,14.1702,-116.6112,23.4830,-15.5980,27.2716,-72.2350,83.3606,76.9898
-66.4544,0.6456,-46.7887,20.5438,-45.2558,-96.1598,-16.6357,81.5130,95.8915,69.8411,-76.8232,11.3295,-55.1994,23.4514,8.1103,49.1262,-84.2652,49.2243,39.9726
-50.1132,-5.9898,-45.3866,8.1694,-49.2855,-92.2752,1.1017,87.9793,78.6622,58.6481,-55.5765,-6.4634,-22.8610,25.0397,3.2096,37.3202,-71.2746,38.4921,6.5348
-62.7985,-23.1707,-40.5988,10.7000,-35.4661,-45.6153,-12.9501,96.1379,84.0817,51.0382,-14.2347,-35.0833,-1.3384,-1.1451,-2.0673,-2.3076,-95.5467,39.9891,9.1657
-104.7586,-23.5582,-34.1399,6.4412,-23.0711,78.5634,-11.8710,84.2356,93.6119,24.2813,45.0626,-42.6414,49.9702,-34.5577,20.0949,-28.1549,-140.1049,21.7004,16.2504
-125.4197,-10.8033,-41.8139,5.8597,-29.1333,194.2206,17.6156,60.2473,93.3544,-24.8564,34.4040,-42.2246,88.9307,-39.0080,43.7002,-37.6652,-139.4124,17.2128,-1.4972
-113.3742,-2.6086,-53.6674,19.1008,-33.6457,207.8647,32.0013,40.9282,102.6366,-67.8520,-40.0485,-56.3528,73.5693,-28.9187,53.9392,-35.0316,-115.7665,38.7865,-20.4247
-90.2657,4.8160,-44.6308,30.2010,-29.5371,171.4892,1.6353,13.1077,95.0866,-90.4628,-61.6468,-49.9133,34.9630,-21.4061,44.4665,-29.4016,-94.1635,48.3699,-28.2822
-61.9189,22.6868,-22.6224,45.7881,-21.8387,176.0452,-39.1511,-24.9244,48.1967,-115.9107,-46.5045,-12.4212,4.1218,-10.0415,6.7653,-54.0472,-40.3977,58.3055,-30.6591
-36.2026,48.5829,-1.1666,77.2378,5.0851,212.2287,-39.7823,-48.6179,12.5950,-144.3614,-99.4671,-1.2399,-16.8383,-9.9048,-14.8753,-86.7658,17.3634,91.5727,-18.9339
-28.8592,65.2890,23.3580,91.8812,43.5545,222.8693,-11.5917,-50.0145,15.6420,-130.2837,-169.3745,-29.8435,-22.7992,-29.1346,17.2092,-59.1552,16.6235,102.5803,-3.0041
-32.3776,51.7526,32.9647,67.6062,54.1524,192.9997,-6.0598,-33.2123,26.7820,-66.6565,-157.1997,-44.4545,-28.4944,-31.1815,53.0042,11.4213,-6.5674,67.3125,6.2028
-33.2049,12.4268,9.9787,34.5032,33.4235,154.2974,-22.5093,-0.7420,41.4622,-11.9932,-111.9724,-31.7287,-53.9945,-4.5187,58.7112,56.1321,-7.3207,30.5828,32.1000
-37.2385,-19.5937,-11.5663,21.2412,17.5169,139.5329,-16.5768,21.9533,53.7453,-0.4719,-90.8216,-23.3090,-67.7094,12.8828,68.0261,72.1968,-25.7796,20.3713,62.6887
-41.4420,-27.5688,4.7349,30.8060,31.7178,143.3093,6.8728,14.3560,26.8841,-6.9246,-55.3288,-13.7006,-37.4653,17.7058,70.7695,74.6266,-66.6994,30.9988,48.4438
-29.0922,-22.2614,36.8837,53.7726,64.5991,146.5651,4.4772,-1.7072,-16.2715,-12.8215,-13.3498,21.6856,-1.2229,42.6379,36.3036,55.2381,-67.7829,51.4550,7.3297
-5.3487,-9.3702,46.3377,66.6129,73.1289,154.7228,-20.2587,-14.0844,-21.3948,-32.3495,-27.6254,58.1048,-6.5201,73.3775,7.1760,35.4616,-22.8708,60.0731,-9.5361
9.5896,7.6767,33.8116,63.5354,45.5704,165.4936,-28.1207,-38.3147,-12.7510,-63.1644,-86.1040,52.0653,-39.5700,68.5965,12.6114,29.6583,18.1624,59.7565,-10.0711
7.8166,18.6850,22.1031,65.3335,32.0430,156.9931,-12.7671,-55.8421,-23.5815,-74.1681,-125.1942,18.9245,-57.6805,40.1505,17.4289,21.6070,34.7522,71.8386,-9.8539
-7.3652,28.7779,19.1662,60.4361,45.2343,139.5243,3.6551,-39.7648,-27.6005,-58.2654,-113.8707,8.7480,-41.7853,29.4836,21.6540,37.4591,35.8082,64.8722,-6.1952
-19.0590,43.6099,19.0009,28.4567,33.4978,136.0975,12.1100,-18.3793,-30.2990,-43.0292,-66.8108,18.8415,-12.4733,35.3470,41.0177,85.8254,36.7424,19.1138,-19.5786
-7.3692,40.9363,19.4616,13.1232,8.2198,130.9165,13.1631,-13.7262,-51.1233,-34.6005,-47.4222,10.7918,-12.0027,31.4219,35.8906,82.7301,47.9899,7.5072,-31.7505
13.0066,11.6539,22.1574,46.0176,29.0717,118.6525,0.1838,6.5666,-36.1343,-7.7018,-99.7575,-5.9415,-48.8216,26.0106,3.0762,16.8207,52.9591,58.0466,12.6180
11.2824,-12.0855,22.7265,68.0336,63.5957,123.9979,-29.7059,51.4364,30.8200,37.8547,-152.5106,-1.2265,-81.2381,39.8396,-1.0257,2.2418,40.6965,79.6733,72.8224
-4.0192,-17.2267,15.8454,38.4972,51.3908,128.4984,-59.3832,85.8691,70.2894,74.2042,-120.4926,3.1852,-79.3273,50.9105,16.8307,46.1310,31.9880,36.3591,74.4752
-9.4225,-29.8254,2.0926,4.4275,25.7868,99.3982,-58.8336,101.9723,66.4988,93.8946,-57.0056,-14.9138,-56.8481,37.1591,14.6317,47.6094,26.7736,0.7817,59.2059
-10.9268,-46.9954,-14.1471,1.1341,25.0237,71.8512,-24.0684,112.2355,68.0447,99.5727,-52.6609,-17.8058,-38.6306,38.5160,11.8788,33.1540,15.2718,4.9484,69.2868
-13.2491,-38.7350,-20.3710,9.7981,26.1540,79.2885,9.2185,112.0945,53.7156,90.9027,-86.7982,13.8967,-39.2579,82.3464,26.4490,84.9088,23.9672,16.9518,57.8003
-12.1187,-20.9371,-13.4154,14.8627,19.9345,84.1393,21.4857,108.8615,19.0628,99.2564,-110.2417,29.5439,-55.5909,108.3737,35.3590,140.5682,43.1338,25.6945,37.6432
-28.0035,-25.9786,-22.5114,15.3689,7.6365,67.0718,32.0478,112.1868,38.0236,141.5132,-139.1979,0.6522,-64.4815,73.1392,37.2928,118.8126,20.4356,37.4054,57.1756
-64.6365,-27.4469,-57.2373,12.8112,-27.6111,64.5873,42.5464,92.3651,86.3533,154.8142,-177.1336,-31.7689,-55.4788,32.1893,38.5710,75.4474,-13.0893,50.0615,47.3583
-79.2813,-0.9946,-72.1605,11.7679,-64.2538,80.5220,35.0535,35.2626,63.3192,103.0623,-177.6069,-41.3548,-47.5955,24.1806,31.7410,74.9285,0.9794,56.3932,-29.7243
-65.1553,2.9797,-55.4231,4.2620,-67.4808,79.8479,28.6033,-4.8418,17.3374,68.8124,-135.7314,-53.5063,-49.5869,7.0514,37.5453,83.4087,2.3901,43.1589,-54.0684
-67.9398,-40.4247,-57.0015,-13.9461,-58.9332,58.1810,50.4274,15.7794,48.8259,110.6792,-108.3261,-75.1671,-46.2002,-27.4776,64.8850,67.7213,-58.1349,20.1599,18.4610
-88.7756,-62.3036,-78.1285,-20.8902,-55.0567,36.1507,80.7085,62.5625,96.7888,164.3884,-123.2504,-77.4399,-34.4995,-32.6721,75.2810,60.2145,-90.8688,17.4413,72.4019
-91.9996,-34.0283,-72.5100,-11.6585,-35.0796,26.1222,95.2254,84.4314,85.6990,182.8139,-150.0880,-67.0428,-25.7430,-19.4459,66.5014,80.4651,-56.7744,26.6034,66.5794
-83.3333,-19.5275,-50.6696,-6.6665,-13.4952,30.8725,95.1500,79.4953,74.4625,201.6457,-164.4426,-80.4509,-19.6114,-34.2439,64.5787,79.1868,-41.8243,27.4764,57.4811
-72.7662,-30.2356,-37.8594,-0.9373,-10.6532,37.7422,74.2956,74.0397,96.6361,228.2366,-174.3009,-94.0859,-11.0467,-50.7356,45.3262,27.9789,-51.7299,35.7739,45.8525
-46.8731,-15.1357,-16.3291,8.8142,-3.6445,34.2771,44.6572,82.1577,96.9603,237.1806,-176.4416,-53.6200,-2.7753,-20.1873,8.9517,2.3390,-18.4435,40.5144,24.9827
-30.9331,7.0752,-1.4818,-3.5012,1.1689,35.3699,45.1394,95.6134,66.4120,239.9193,-146.9788,7.7465,3.5267,27.1812,7.4728,52.7903,23.5903,11.6899,25.1227
-49.4613,0.3154,-17.3202,-23.0211,-19.4300,48.9893,62.3404,95.3752,34.6524,234.6897,-92.1917,16.1389,13.8910,36.4096,18.6766,88.6839,18.7557,-8.1567,17.2191
-56.1881,8.6362,-14.3190,-9.9955,-26.0427,47.6553,51.3094,73.8468,-1.4601,189.8034,-51.5249,-3.7822,33.0128,19.2789,-8.1334,52.3770,10.4779,14.9204,-32.6938
-34.1257,40.7188,15.2722,2.9874,-4.2701,20.8173,33.8939,46.3315,-22.6881,131.7961,-33.7973,12.0333,48.3500,19.3668,-20.7507,41.5845,20.5568,16.2625,-64.0940
-44.4539,28.1232,-9.9629,-24.5246,-18.9320,-1.2635,45.7380,34.8953,1.7476,113.5850,-15.5232,36.7308,39.0466,40.4554,20.1310,104.4352,2.1576,-24.8245,-43.6852
-84.7421,-13.0860,-74.7023,-46.0719,-71.9337,0.0339,55.3888,42.7856,34.0709,111.3303,-8.6504,30.3150,10.8929,59.4933,46.2276,145.5017,-30.6144,-32.1364,-30.9513
-82.2826,-3.3656,-78.9692,-28.7448,-90.7206,14.3343,41.6889,55.0414,37.5232,88.6776,-43.4660,33.9229,-7.6982,72.9107,32.8529,129.9021,-22.0548,-2.6323,-38.6200
-48.6680,29.3644,-46.6413,-20.4922,-80.5022,27.2276,31.5077,63.6271,42.1857,77.0530,-83.2739,67.1382,-10.0088,89.3682,30.6414,124.5062,9.7820,-6.1473,-28.3268
-43.5444,19.7475,-55.2034,-40.7855,-93.4717,21.0392,21.4123,73.6186,53.4847,86.0202,-61.7108,73.3000,-10.4816,98.9777,33.6147,135.6867,19.2046,-32.5024,-26.5423
-49.6894,-3.9289,-69.6515,-49.7741,-112.6416,-11.9965,-3.2511,87.4168,36.6240,73.3718,0.0462,35.7159,-15.0733,90.0536,17.6092,130.2251,3.7629,-30.6534,-56.6411
-41.8238,-14.8693,-54.4512,-35.6322,-106.4615,-42.8251,-12.7196,104.8799,9.7818,51.8896,26.2019,5.4569,-28.6893,79.2980,14.7182,129.5026,-28.6142,-7.0131,-58.7102
-46.2606,-38.0000,-49.9340,-16.8294,-84.0111,-37.7291,5.5630,124.4996,9.0086,65.1615,8.4374,0.5412,-49.1439,82.4582,29.9346,141.0190,-62.6915,18.3452,-11.2791
-57.8586,-48.5167,-51.4446,3.8737,-50.3531,-8.0381,22.7763,127.5991,12.8376,83.8327,-18.8601,-2.3955,-50.2279,78.3943,26.6819,124.2970,-62.7967,43.0097,19.9959
-53.2235,-14.8409,-28.8800,28.4444,-12.6141,12.0581,30.3185,98.4807,8.2581,77.5867,-62.3322,-8.4759,-32.2169,46.3945,9.6214,73.7674,-36.0089,63.8573,19.5280
-60.7065,2.6023,-18.2536,49.3273,2.6916,15.4743,34.8575,62.4434,21.4660,90.7994,-113.4108,-16.7688,-37.7938,6.9538,4.6952,30.9831,-44.3162,87.0566,37.3744
-91.2719,-38.3482,-40.4816,51.9423,-11.8832,18.6348,29.3641,47.2731,33.3746,125.9329,-100.3694,-33.0076,-65.9436,-12.3010,9.4169,22.6953,-95.5186,102.2112,65.3629
-104.9239,-72.7760,-58.8670,26.3900,-41.1950,25.9169,14.1693,37.4329,6.7336,115.8054,-6.5737,-39.8396,-70.0593,-15.1537,12.2916,35.4754,-118.5382,76.7088,59.3693
-101.4848,-54.9800,-61.1625,-3.3501,-63.1069,22.4958,-0.2671,24.4984,-17.1358,77.1398,69.8571,-18.3009,-49.7255,-16.0162,8.3850,41.1818,-95.0726,31.3262,42.5063
-107.4370,-26.4768,-53.3442,-6.6161,-53.1480,3.0118,2.7262,30.2589,10.5306,87.8152,60.9381,13.0386,-27.1407,-13.3807,10.7544,45.0368,-95.3995,15.0781,50.4696
-104.4000,-20.1922,-32.4562,-5.8667,-32.6597,-11.9377,40.4381,45.9732,48.2205,127.1046,18.4575,31.8776,6.9697,1.6092,41.7005,76.6969,-137.2210,7.4860,52.0315
-86.5764,-27.1042,-29.3481,-29.3217,-51.7579,-4.9494,76.2502,52.5917,55.9520,140.7441,1.1739,42.6731,28.8219,29.3569,74.9897,122.0251,-145.7477,-20.5815,30.6997
-85.6331,-48.3009,-60.8208,-48.1122,-79.5061,11.5168,55.3862,83.2533,76.7002,162.8664,-12.0316,40.1831,-3.4996,59.3043,73.7925,146.9954,-106.4575,-34.6954,35.5197
-89.4623,-85.5072,-75.8244,-42.8864,-52.5767,16.8962,31.6897,150.3828,132.3093,211.4407,-50.0088,9.8311,-34.9033,79.8315,79.4387,167.6935,-102.9183,-25.2390,69.9623
-71.3758,-109.2550,-56.2960,-40.5428,-13.4769,7.7550,80.8311,188.3215,161.1726,224.6676,-80.6169,-19.8950,5.7642,89.7380,117.0258,191.6854,-150.4049,-25.1588,67.2996
-63.6162,-97.4073,-47.9740,-38.9781,-17.2470,-8.1775,129.2886,167.4868,124.4660,191.7696,-60.1321,-9.4015,57.2625,92.2645,113.8053,178.8081,-165.5241,-19.6741,27.1101
-81.4343,-71.0867,-50.2822,-11.4731,-10.5526,-19.7769,96.2668,143.8032,62.3483,163.4994,-7.2985,18.5501,42.9268,85.9096,51.3104,134.0574,-126.2937,15.6496,22.0748
-77.7357,-53.8179,-29.7307,23.2227,36.0561,-17.6008,59.1441,142.5036,21.6847,133.5359,14.4216,24.8218,13.8852,74.6412,14.2701,102.1739,-91.1564,47.8093,54.5107
-44.7318,-39.5960,-6.1649,33.6645,55.2189,-7.4117,78.7510,130.5456,11.9483,76.7695,-10.1504,21.6032,27.9481,68.3582,24.6038,80.0280,-83.8624,51.9915,58.9077
-29.9703,-35.0960,-8.9438,23.1767,28.5351,-5.5163,84.0378,103.5917,22.5183,28.9680,-18.5428,15.1346,41.3897,63.3195,37.1798,66.9550,-92.8305,40.2706,29.0690
-39.7240,-64.7249,-27.6350,-0.7567,8.8870,-17.5492,46.0950,89.4962,38.5189,21.6045,23.5255,-20.3894,14.0107,49.8609,55.7939,95.7153,-113.3951,12.7397,17.0277
-43.9812,-97.6105,-47.4536,-28.9872,1.7772,-37.9381,26.0144,97.8927,55.6179,39.1156,51.6746,-57.0472,-19.7687,34.5323,80.1246,130.8336,-118.4612,-20.8952,42.8388
-41.1048,-73.2901,-56.9628,-36.5349,-16.7357,-57.6070,30.4613,111.1623,75.6496,58.4762,18.2564,-41.5356,-26.3541,19.9663,67.3814,98.8169,-85.8301,-28.6404,79.3994
-41.6557,-22.3249,-49.5510,-26.3365,-37.8759,-62.4301,17.6868,95.8628,83.8893,55.6250,-14.3458,-15.1820,-22.9604,-10.8216,33.5449,27.0646,-56.9916,-17.5272,93.7644
-42.0979,-24.9579,-50.2788,-30.9964,-56.1168,-49.6713,-1.2902,51.0493,77.0233,24.6418,0.2394,-44.4068,-36.7349,-52.8027,36.7747,-4.5523,-68.5459,-21.6480,88.4032
-41.1018,-66.5818,-74.6858,-49.4971,-70.8187,-42.4728,10.8539,33.1844,83.4161,4.8383,3.8497,-93.6591,-58.0783,-71.3787,70.5195,11.1411,-88.8652,-35.6782,97.7585
-39.7527,-81.1384,-86.9679,-50.5486,-62.2412,-55.1677,42.2514,56.4535,91.8223,13.6385,-23.9375,-111.6299,-60.3749,-65.4713,86.9119,29.8125,-91.1177,-30.9319,115.4954
-34.5549,-70.9109,-62.5725,-25.5316,-32.6751,-60.4662,39.9373,52.5828,52.8780,11.2827,-15.7788,-115.7405,-53.5153,-65.3230,65.5469,21.8860,-87.3394,-1.2284,92.7508
-27.1803,-61.0664,-30.7432,6.0467,-7.3304,-33.1874,-0.8676,10.3566,-0.7457,-14.0752,15.2524,-106.7043,-59.2672,-60.3194,29.6821,2.5451,-75.5020,31.4284,44.4701
-22.5947,-41.2937,-25.3294,17.4193,7.2963,-7.7069,-8.9459,-3.8329,6.8880,-34.5237,-12.7755,-67.0007,-56.7750,-24.1784,27.8787,21.8749,-48.2914,33.8850,26.7238
-19.6396,-19.2887,-42.8280,1.1003,6.4463,-33.9212,29.8674,3.0639,38.6470,-49.3574,-59.8385,-43.2197,-36.1967,8.0871,57.5405,75.1410,-25.8211,7.5349,16.1588
-10.7811,-15.8304,-46.1773,-11.1198,-8.3710,-85.7572,29.7421,-19.1108,16.2243,-60.4525,-41.7738,-63.9917,-38.5992,-4.0195,55.3140,86.7172,-19.3893,-1.9629,-18.6345
13.4892,-9.4748,-9.1935,7.9975,0.2334,-90.1234,-18.6131,-35.1599,-25.2944,-56.9542,-16.1377,-64.1457,-67.6018,-23.0964,18.8117,44.2545,-6.8540,18.4470,-16.3128
47.6885,18.8910,36.2147,33.7928,36.2877,-46.6104,-33.9320,-11.5122,-31.9093,-62.1308,-47.5859,-15.1175,-77.9872,-7.5976,3.6963,13.1772,28.5503,30.7230,40.1208
66.3279,43.6308,44.8584,36.4634,38.1885,-24.4032,-31.2868,4.9233,-38.0754,-83.4016,-65.8535,16.7230,-77.0494,9.5565,-4.1695,2.4687,71.3673,26.6940,61.4929
60.2694,45.2382,29.9126,26.1424,-0.9977,-40.3657,-63.6799,2.7372,-58.8690,-76.1078,-32.1166,-0.5265,-92.0129,-5.3507,-36.1464,-22.0347,93.2393,27.8561,33.6007
49.0073,34.7242,19.8953,14.5945,-17.0776,-47.6858,-71.8749,13.8575,-57.1968,-50.4560,-4.9406,-25.3944,-86.4612,-27.8991,-47.9127,-43.8457,86.8669,22.5168,29.0437
39.9610,28.6517,5.3434,0.1029,-9.4141,-34.5192,-27.9014,12.9160,-45.7043,-68.8676,10.9009,-22.5221,-43.0360,-31.2371,-29.1556,-47.5689,75.9634,1.0717,38.3511
29.1993,37.4960,-12.0892,-4.0520,-20.2444,-27.3838,-8.2409,-11.3252,-48.8643,-106.6248,30.4171,10.2241,-12.5597,-16.1566,-34.3117,-56.9515,79.3791,-5.8345,20.2146
35.4701,50.9778,-7.7780,7.8590,-24.1675,-28.5144,-13.3689,-8.5009,-43.9863,-100.9610,5.1520,41.3706,-10.3528,8.6359,-52.7138,-66.1372,93.6762,8.9709,7.0654
64.3954,46.7506,10.0082,10.2507,4.5122,-31.0559,3.1164,3.9154,-48.8108,-79.1822,-31.9229,27.9429,-7.9009,20.5816,-46.0209,-49.6617,119.5719,8.7767,1.6658
73.1948,32.3337,18.1736,-8.6955,23.1648,-42.2011,1.6379,-26.7975,-101.7128,-70.6864,25.8726,-8.8632,-5.1238,3.4292,-41.9794,-17.4716,141.5880,-17.0345,-33.1867
41.1174,28.0095,22.0702,-24.3733,18.6564,-50.9311,-20.7304,-40.6251,-137.3517,-38.7720,124.3068,-4.1941,2.1012,-12.1789,-47.6063,10.0222,114.9523,-39.2069,-47.5450
17.8907,24.8659,32.0880,-20.3313,31.2266,-35.8980,-8.2247,16.3062,-85.4692,2.1853,127.0739,35.1457,29.4110,5.7093,-29.2487,20.1736,52.4736,-43.0216,1.8417
38.7129,17.7348,45.4690,-9.2159,54.9729,-9.1627,-2.1535,54.4015,-22.3210,-9.0783,77.1933,53.1055,50.1507,31.8098,-15.1144,0.6979,33.7968,-40.1615,27.5919
63.6905,21.7977,53.1544,-5.3751,55.6847,-5.3997,-30.2410,8.7484,-34.4877,-51.7322,84.2503,48.1478,55.0400,29.4884,-39.4684,-37.1295,64.2135,-38.9986,-21.6218
57.1009,29.1817,42.7499,-11.4432,45.2895,-39.4526,-0.9515,-58.1320,-70.5835,-67.6280,112.9725,44.5069,87.1899,1.7743,-56.1666,-68.4470,65.7736,-40.6839,-64.6698
48.5168,25.5328,22.4904,-25.8549,36.6179,-83.2969,73.0391,-103.8669,-64.8023,-69.9570,100.5321,36.6608,130.0394,-30.8266,-37.2221,-90.5848,35.4571,-52.1104,-63.8605
68.6123,21.5076,17.8522,-38.9327,18.5317,-90.7149,71.2589,-137.3509,-41.4542,-94.2318,73.8409,20.5755,122.5186,-50.0915,-23.2626,-111.0507,37.6021,-68.8222,-66.6483
97.8541,14.5530,23.2869,-31.0070,12.3485,-80.1713,26.4792,-136.0858,-31.7554,-133.2325,55.1626,-1.1814,89.8990,-49.2015,-35.7278,-139.1862,60.6279,-58.2028,-74.3390
112.2143,-2.0855,20.5330,2.2212,36.2016,-131.1201,20.5766,-104.5905,-33.5978,-167.9156,41.4136,-29.5436,75.6381,-47.1192,-65.1528,-182.0041,53.2482,-6.9166,-65.6903
114.2078,4.9076,25.7000,34.4017,48.4228,-228.7048,-0.4143,-97.7885,-56.2572,-189.9697,53.5859,-35.7716,50.4642,-54.4615,-102.7600,-206.8755,36.3492,40.3749,-65.6612
106.6276,52.0290,44.8573,46.4446,32.0308,-250.6947,-38.0005,-117.3427,-107.0839,-206.5744,85.8472,6.8465,25.3945,-47.4859,-127.4566,-186.3595,54.7042,50.1677,-83.1163
95.4867,97.7361,55.3350,55.5312,40.8836,-182.0193,-9.6776,-133.4093,-165.7166,-242.6774,103.5968,60.4374,58.7984,-22.8661,-135.9130,-171.2889,99.9241,51.4996,-99.7564
103.9260,113.1464,70.0486,72.2178,87.4455,-140.4282,26.2299,-159.6272,-212.5708,-288.5563,124.5148,80.2611,109.9424,-13.1657,-152.0693,-195.6044,133.7719,60.6631,-120.9855
132.1765,100.9284,110.5999,75.9899,118.9025,-150.9608,-14.2939,-183.5102,-237.2202,-285.6750,174.8609,76.2693,104.8001,-22.1950,-163.6594,-204.5260,126.6276,51.3556,-133.5357
145.6073,60.9739,141.8638,64.7805,129.4580,-129.3186,-43.9319,-158.6115,-225.8399,-219.1055,200.8560,57.6805,79.5174,-31.1126,-140.6653,-182.0494,83.5594,31.9507,-98.1566
131.9651,22.7581,132.7364,56.7035,142.7700,-77.1678,-0.3039,-116.9334,-184.2594,-145.4886,150.6870,18.6761,80.8874,-49.5457,-101.3715,-174.8694,53.1904,28.9253,-38.3872
109.9873,22.2781,101.1115,34.4002,124.9445,-71.8775,34.9691,-118.7825,-136.1061,-92.8474,81.1117,-12.8912,76.0356,-79.7497,-69.2000,-161.8336,59.8070,9.4793,-13.5762
84.0827,22.3926,60.7182,-19.1576,64.1875,-109.8482,30.7663,-128.3999,-82.6171,-29.1650,67.0214,-16.7249,56.2287,-91.6118,-34.7235,-104.6456,58.9365,-50.2854,-13.4545
58.2027,-10.7836,26.5421,-58.0600,31.8465,-122.1754,33.1461,-93.2405,-24.5325,43.4104,76.6945,-18.2972,54.1183,-79.8448,-6.7380,-59.1474,29.6923,-91.4002,4.3505
57.9914,-21.6909,32.1049,-48.9505,47.6042,-91.7787,35.2929,-45.2158,-0.6539,67.2529,56.3696,-20.3384,59.5889,-65.8318,-5.0620,-63.7286,21.8671,-80.0852,26.7576
77.9726,13.2372,56.5643,-41.9163,37.4527,-70.2787,16.8699,-27.4276,-25.7658,32.1135,57.6001,5.3395,55.0696,-49.8968,-14.9640,-63.7349,49.6808,-77.3350,21.7352
72.3321,24.6091,37.9606,-73.6244,-8.3724,-97.7664,-4.1595,-35.7867,-43.1664,0.7537,131.7118,39.8569,55.3742,-33.8196,-19.7525,-38.6626,62.9217,-117.6043,4.1416
40.3117,-8.7540,-9.5364,-98.0614,-20.4391,-134.0144,-18.2148,-52.7534,-19.9179,2.5129,194.9339,40.5209,52.1562,-35.7478,-22.9087,-31.6659,50.7403,-145.1958,10.6069
33.9522,-30.9794,-23.8099,-83.1697,-2.1208,-118.7167,-26.0374,-60.2133,0.6411,-4.4058,165.3579,19.0610,25.0294,-44.9073,-20.9531,-48.2532,48.6893,-125.1588,38.5527
59.4421,-24.3057,-9.3936,-67.6906,-9.1885,-85.7024,-29.8238,-52.6782,6.8863,-35.1232,103.4486,9.2324,-1.4695,-40.3039,-8.6779,-55.9394,55.1309,-104.4075,49.5488
68.1282,-8.9777,-5.8666,-80.9198,-25.5479,-99.2830,-32.9084,-46.5480,40.9813,-43.6312,78.0211,7.4279,4.9127,-40.6427,11.4228,-41.5615,47.5389,-124.5313,38.1875
55.9637,5.2955,-7.3943,-98.4333,-11.6870,-121.6091,-12.7891,-34.8068,78.6863,-17.1181,66.2314,-1.1862,33.5950,-57.8936,34.8890,-22.4993,38.4771,-154.5823,46.2450
69.0060,-0.0893,10.3261,-91.5859,13.5337,-95.0500,31.4638,2.7592,55.9267,-0.1703,54.4408,-10.1984,51.5472,-59.1201,44.2041,-26.4938,39.7403,-145.1668,80.3610
99.0961,-24.8156,37.0209,-62.8880,30.5029,-58.6203,44.6964,38.1914,5.5969,-6.9421,53.8794,-8.4143,39.6420,-30.2846,31.0823,-38.5445,35.8586,-102.0077,96.3635
85.8990,-32.4982,38.7884,-35.9031,51.2655,-49.6761,27.3432,47.7914,3.3935,-10.5782,44.3208,-1.8967,20.0755,-3.2849,25.8567,-13.7923,21.4324,-68.4753,88.3663
39.8183,-27.5045,14.1690,-25.7137,71.3983,-34.6678,44.5171,61.1217,29.4851,-19.0478,33.5454,-8.9070,37.5906,3.0616,41.4855,17.3134,0.7066,-56.5503,83.4588
39.9476,-33.6156,17.4997,-13.2260,83.9245,-4.2153,77.7914,66.0414,13.2695,-66.6596,50.9551,-22.4494,84.5472,3.2731,39.6053,-13.0956,-21.5201,-37.6170,59.4719
90.3803,-12.4607,78.8819,21.5615,104.4339,17.5160,73.0213,10.1833,-52.2084,-128.2695,56.1264,-4.5603,109.3830,8.3297,12.3626,-61.7061,-21.1576,-3.0081,-2.0062
108.9209,34.5735,127.7477,44.6777,120.5611,40.3328,74.7248,-67.2632,-108.6699,-134.1344,24.9510,37.6283,105.1322,9.6559,9.2609,-46.7733,-0.4085,10.9352,-37.0603
69.8102,5.8582,88.1740,17.9909,96.7547,70.3178,111.5168,-94.8032,-103.9759,-91.6134,30.7567,34.8279,93.3955,-1.9299,45.5688,-5.8747,-18.9512,-14.2617,-5.7149
31.4304,-94.3781,10.6596,-16.0660,48.6924,85.3548,109.5061,-108.0710,-65.8699,-91.1971,90.6454,-14.3633,65.6746,-11.9387,70.1481,-6.4642,-80.0566,-32.2821,16.0415
28.8950,-109.2078,-2.9747,0.8831,22.1350,88.2753,39.3340,-153.7890,-66.7710,-146.3736,113.6606,-6.6389,24.4914,3.8974,40.3514,-28.9828,-86.3327,-6.5792,-27.2610
42.9352,-15.0164,42.0746,31.8057,17.6828,91.1218,-42.9215,-190.3841,-74.9410,-150.3104,66.6787,83.9681,-6.9331,29.2187,-11.2031,-40.6062,-13.9385,9.3047,-59.0171
50.3057,30.8524,58.9300,9.7200,8.8485,78.6670,-103.8705,-192.9783,5.5611,-60.1608,1.1152,135.3295,-42.5585,20.1571,-11.0689,-35.0426,34.5893,-41.4302,-12.7283
45.1064,-10.6709,25.8001,-40.4966,-4.5679,45.4066,-137.5698,-177.5140,118.7705,23.6129,-45.5693,79.0574,-91.2823,-14.4897,39.3301,1.1126,26.1107,-106.1470,40.2927
38.7017,-20.1857,6.3281,-54.9355,-5.4478,4.6628,-139.7758,-122.0913,131.4394,36.0991,-55.8401,7.3532,-105.9639,-22.7465,56.0891,48.6643,35.5486,-111.4907,23.3819
43.8153,29.5278,27.5391,-38.4234,8.8318,-33.0104,-128.9278,-40.6052,82.5072,34.6330,-41.8917,3.7278,-71.5418,-4.0094,17.6655,55.5376,77.1080,-84.5725,-13.8508
47.2190,58.7439,40.7564,-29.8917,21.6782,-45.1965,-111.8536,-16.7254,76.5625,57.8494,-49.7327,26.9075,-37.6609,-5.0073,-11.1149,19.1130,100.5953,-76.0797,-9.5379
35.3123,51.8520,25.4853,-31.7229,19.3053,-22.1462,-75.8522,-40.6511,79.5069,73.5298,-71.1713,16.6998,-22.7703,-31.0214,-9.4615,-15.6729,101.0130,-72.3023,6.8733
26.9928,37.9616,18.6109,-33.4747,14.7355,1.8794,-42.1395,-11.7563,60.3739,76.9085,-67.0405,-19.5828,-12.2957,-44.5489,2.3596,-15.3331,87.5658,-62.0299,15.7630
31.6102,7.4191,23.0212,-41.5443,22.7993,3.1583,-28.5435,58.4279,81.4421,97.9215,-67.4828,-56.9470,-14.4676,-37.0523,36.0704,22.7304,48.6978,-67.1466,42.0890
27.8163,-32.0298,7.9417,-57.5084,20.8220,-14.0919,-12.4592,73.5349,119.6593,131.6102,-81.9238,-89.8510,-18.4795,-37.8743,68.9844,53.3857,9.4047,-80.5110,50.0358
13.4072,-42.1728,-12.8016,-71.0819,-7.0208,-51.5094,-1.8422,40.4962,104.1794,148.4113,-49.8122,-111.5524,3.8083,-59.1618,49.8145,30.9039,-0.5378,-82.0639,-0.4649
2.6599,-31.5138,-13.4107,-73.8813,-22.4986,-64.7412,-25.0590,33.5454,101.1123,139.6630,-8.1527,-113.7795,24.7326,-72.7508,24.9190,0.0709,-8.0681,-83.1134,-35.6128
-13.1324,-27.6275,-10.8018,-60.3460,-0.3169,23.3219,-54.9683,57.7896,177.3212,116.1907,-60.5045,-100.3821,13.9463,-53.0035,59.0121,18.3936,-26.1606,-84.4305,-3.0033
-35.9198,-13.3405,-11.7875,-31.2806,25.7266,171.2564,-58.8204,74.3758,240.8536,85.2631,-159.2109,-83.9457,11.6319,-19.1876,95.2479,39.5965,-23.4508,-62.3436,12.6256
-46.2944,21.4012,2.1445,2.8715,33.5790,252.2656,-52.5183,68.8041,210.6296,40.2105,-189.5186,-77.3898,35.3745,-4.3522,79.5681,24.2798,-5.4164,-18.7013,-36.4704
-52.0304,47.1549,17.7108,30.5791,37.7458,249.8142,-54.0712,46.7832,136.8824,-10.8712,-161.7046,-79.1434,33.2369,-4.4868,58.7495,29.2570,-2.2556,20.2097,-78.7027
-77.0960,55.7322,11.3050,38.9252,31.1578,228.4605,-64.3360,26.5489,83.3820,-22.3815,-120.3085,-69.2335,1.6196,-2.7845,53.7907,71.1161,-6.1474,34.2326,-81.9179
-109.5960,62.6654,-6.6169,22.4054,5.0014,198.0231,-69.5583,25.6057,65.6071,18.7852,-67.3872,-45.0512,-2.7165,-9.5738,40.1097,86.0201,-8.7271,18.7393,-71.3589
-124.4625,58.6851,-21.7300,6.3028,-4.0099,161.9095,-40.8737,35.6791,76.4466,51.8250,-47.6737,-36.7453,14.3778,-29.1136,40.8647,70.7462,-24.7486,2.1459,-34.3516
-125.7084,33.3363,-32.5069,17.2372,19.0370,148.7030,-3.2646,40.0373,89.8328,49.9852,-86.3547,-51.1003,-4.8281,-33.7082,68.3600,82.3326,-50.7791,17.8668,19.8443
-128.8612,2.8908,-37.4504,31.6610,23.6375,135.3362,-26.1321,38.0880,100.2448,64.3239,-105.8775,-50.3866,-59.5856,-13.1636,80.0783,119.7455,-77.8422,38.6331,40.9024
-130.1476,-20.7178,-43.4456,15.9506,-15.9425,93.4826,-82.3488,33.9254,122.9025,101.2856,-68.6266,-25.8366,-98.7760,1.8437,71.5111,134.7226,-107.5245,22.1313,41.4310
-111.4460,-34.6555,-52.3312,-8.6841,-59.5770,59.3659,-86.1179,27.5462,128.8020,103.1835,-43.4825,-17.3807,-102.7574,-6.3488,65.9430,106.0057,-114.6377,-1.3964,51.8904
-79.7338,-30.3751,-50.9274,-7.6989,-77.6618,53.2683,-57.5608,16.8034,94.7402,72.8081,-59.3492,-31.1288,-91.3063,-16.8491,47.9053,56.9438,-84.6679,11.3747,37.9677
-78.7823,-13.9499,-47.3231,8.3043,-81.2483,49.5024,-52.2025,-2.6482,64.2777,65.0817,-68.0422,-29.0761,-79.5627,-15.9956,19.5836,32.6224,-66.9205,38.4571,-2.8505
-114.9226,-2.7675,-56.2978,18.2101,-81.1604,46.7897,-46.6258,-25.2151,49.5000,71.9425,-44.3993,-11.9043,-67.6012,-21.4003,8.7484,34.8665,-86.3033,52.2949,-15.5853
-126.5987,4.2734,-56.5548,25.5778,-79.0434,52.7025,-32.9389,-34.3897,10.6178,44.3471,-6.2871,-11.0528,-60.3030,-41.2857,-1.1501,12.3806,-91.3511,63.1656,0.6608
-95.3324,15.2060,-41.5007,33.7472,-77.5618,54.5450,-39.0375,-23.4785,-27.4075,-11.6203,16.7322,-11.0155,-63.0979,-49.2010,-23.9953,-34.7962,-60.9322,72.2172,18.5924
-78.7327,26.5089,-41.7590,35.8465,-72.7694,58.3944,-35.4707,4.4287,-16.2833,-42.7827,3.6051,13.8381,-61.1640,-28.6331,-26.9260,-44.7262,-35.8367,68.7331,46.3933
-85.4431,31.9574,-51.0648,29.8054,-64.2992,67.4113,-2.8048,42.7212,7.1790,-23.9633,-25.1501,25.2596,-42.1138,-8.9154,-10.5508,-19.8126,-27.9332,59.8560,64.6851
-70.0659,24.2143,-43.7199,18.9482,-65.4297,53.7835,10.9038,68.9938,2.4368,5.5454,-28.4098,-10.8579,-25.1215,-19.2934,-11.6882,-24.5310,-21.8717,54.4148,45.4182
-46.6535,6.4980,-37.9349,12.6260,-77.9601,22.8654,3.8691,63.3877,-6.8670,-5.8993,-7.4314,-46.4323,-20.5865,-41.3414,-23.3994,-62.2906,-32.6950,55.0657,24.8026
-48.1917,3.5378,-38.2071,21.9019,-80.8115,17.7693,15.3184,42.5604,-14.3495,-40.2057,7.5322,-30.4157,-8.2331,-39.5452,-26.0042,-81.4550,-59.4525,66.5753,22.3467
-43.0020,18.5910,-14.2669,42.3422,-55.2367,48.1737,18.3013,40.3692,-37.1546,-43.1172,5.8501,13.7108,6.9900,-2.2835,-35.5980,-65.3389,-50.6017,81.8141,5.7992
-11.1563,25.6030,21.5193,63.1024,-8.7253,92.3783,-10.5006,67.5720,-63.3712,-24.5686,-3.6656,51.7557,1.5633,57.4631,-60.6908,-40.4786,9.8064,93.0668,-11.6481
10.4517,32.2551,39.5858,82.1915,23.3543,117.5466,-28.4899,98.3958,-87.7136,-27.5592,-1.2605,88.7323,-3.3782,104.2734,-89.6048,-37.4576,60.5321,108.0076,-7.9719
9.6014,52.0416,49.1359,87.8053,13.5126,87.2644,-23.5029,89.5400,-114.9562,-34.4287,25.7827,117.7647,11.7327,106.2966,-109.7035,-51.2356,53.9690,115.6318,-19.9405
7.7932,41.8293,43.4792,68.5897,-14.6813,30.4797,-19.5910,40.9082,-120.3254,-12.5196,46.4816,112.1085,9.1384,86.7808,-102.4264,-40.8614,24.0224,97.7230,-46.0304
7.4867,-6.0657,10.1668,53.4522,-20.5531,24.3361,-14.0640,6.5717,-101.1102,3.5091,22.5209,81.9754,-23.8482,91.7908,-78.7245,-8.8924,24.3551,87.1105,-50.0360
8.4036,-16.3939,-5.2184,70.7606,-15.9402,53.7383,-19.6767,-6.0458,-103.8871,-31.8500,-11.9928,62.5621,-40.9669,107.2652,-83.7259,-9.8388,44.7243,115.3044,-76.0921
21.1290,18.1605,18.9043,88.7319,-29.6984,40.8958,-55.8456,-52.4701,-141.0038,-96.0225,5.9428,57.8196,-36.0672,94.6484,-111.2253,-38.8547,47.6701,136.9476,-149.3649
44.6967,18.0301,35.5393,76.8113,-33.4438,6.4521,-76.9070,-117.5746,-171.3299,-130.5182,49.7467,51.8981,-41.7737,73.8299,-110.9077,-41.7334,46.3986,114.3539,-180.8466
70.9940,-7.7351,40.7073,66.0547,-0.8451,17.8636,-45.8478,-125.6702,-176.7125,-113.7566,39.0200,50.1000,-41.6048,77.7473,-91.7427,-31.5950,68.5257,92.8708,-144.4250
87.2986,16.0252,64.5180,78.0019,21.7135,46.6270,-7.9570,-98.3902,-183.3909,-84.8728,-10.9640,66.8331,-12.0545,88.2904,-96.3953,-44.3452,95.7848,104.2714,-135.3517
80.4151,69.8798,80.3081,83.3207,9.8722,34.4521,9.8516,-109.5551,-213.5636,-89.1873,-15.9055,91.1032,19.3868,83.5591,-110.6568,-46.0405,110.4267,110.1659,-172.5065
63.6196,95.4261,71.4786,70.2385,21.9294,2.4137,40.4046,-129.4294,-238.0680,-102.2302,6.4313,94.2282,36.2210,68.8279,-96.9401,-11.3703,126.8091,87.4509,-171.9415
52.3743,101.3097,67.4219,54.3674,67.6151,-5.3239,83.8634,-96.4863,-198.5923,-66.1183,-28.5906,72.8961,49.3983,45.0015,-52.7861,24.8486,133.1716,54.3966,-106.0338
33.7095,100.5134,55.9484,31.8569,65.7736,0.2836,107.2267,-44.6241,-111.9296,-2.6298,-86.8140,63.7457,50.6017,24.9588,-5.1142,44.9911,104.3767,21.6438,-31.1976
16.3056,83.7766,23.5948,12.2003,15.3173,-13.2399,108.8380,-27.9903,-68.7006,9.2691,-79.1542,89.4694,47.7318,38.0023,2.2957,41.6326,70.7039,6.7421,-9.4189
27.6099,67.4087,21.5839,31.0128,19.5800,-30.9880,109.9021,-33.4819,-79.4189,-27.4610,-47.8311,109.5066,77.8818,60.3356,-36.8573,-14.3672,57.4950,35.2583,-39.3661
43.4475,59.5859,59.1614,72.4057,85.7588,-9.8056,126.4388,-27.7744,-74.5951,-34.9354,-69.0881,79.8909,123.1763,35.6638,-57.8809,-93.8584,29.2817,80.7482,-42.1463
41.5876,53.5436,86.3813,87.0820,119.5143,33.3888,148.0099,-1.5047,-63.0299,-5.0677,-99.5229,40.1763,127.1596,-11.2375,-36.5048,-124.0770,-5.4035,95.6572,17.4704
59.5513,75.8564,112.6012,90.3163,120.3190,40.7123,133.5391,37.5521,-91.2965,-1.1701,-93.9883,60.1205,100.6250,-5.0492,-38.9571,-110.4532,18.9783,93.6413,60.6450
91.6332,121.6697,152.1491,111.8989,146.6350,22.9132,78.6035,73.9359,-109.0624,-28.6826,-84.7337,119.4258,89.7612,45.4664,-75.8830,-98.5267,73.1683,101.0035,50.2749
78.4287,118.3104,145.1663,111.8867,153.8443,19.0087,42.0002,96.9215,-68.8880,-40.9789,-64.7839,133.3833,88.2914,65.5432,-75.7160,-84.3875,58.3484,92.4761,50.7270
37.6831,59.6467,82.5757,72.9539,93.6256,-2.5798,49.3431,98.5402,-30.6816,-42.0471,-12.3222,86.8347,73.8669,36.1896,-43.3619,-76.6197,-11.0522,65.8993,72.6501
20.5777,26.2479,39.8008,56.7916,44.0727,-49.4161,63.4791,80.8526,-25.9864,-49.1794,4.2594,47.6489,54.6332,3.3366,-39.2189,-99.0522,-47.8846,69.3900,80.5573
2.5255,33.6804,34.5595,77.4853,58.6559,-47.4963,72.6423,83.1022,0.4143,-20.6912,-57.4366,49.5249,40.8364,0.3898,-37.0199,-99.5391,-54.9120,96.5548,101.6779
-27.5559,38.0133,29.9021,75.9101,70.4948,-1.7386,88.5579,123.8069,42.7955,42.9414,-109.3230,54.3570,40.8098,16.1614,-4.3633,-44.0544,-65.4688,91.4727,125.4543
-23.3961,45.0936,28.5090,49.7264,50.0525,-6.9359,87.1222,131.2507,25.8870,43.5575,-72.5618,35.0302,66.6253,17.1851,-3.5731,-22.1631,-47.8721,62.8711,71.6055
1.9204,67.5094,33.1022,43.6311,40.7044,-61.5094,55.5675,54.7443,-40.5380,-45.2167,10.7443,12.7095,96.3582,-12.0746,-56.4134,-81.9509,-1.6780,55.5741,-27.5320
1.5011,76.7903,21.1406,47.8746,32.9383,-93.8193,27.4732,-30.1494,-70.5099,-115.8145,52.8955,3.8071,88.6618,-49.1106,-86.5967,-135.8475,14.9957,59.5198,-59.1695
0.2470,69.1179,7.5846,40.7594,5.2625,-100.5093,18.6364,-48.9814,-53.5860,-112.1533,30.5150,-0.9831,55.0573,-64.3962,-76.4350,-141.4758,7.4263,55.8497,-35.1653
20.9768,62.4685,18.3077,39.1678,-0.2277,-93.0036,8.7869,-30.0923,-55.2392,-88.2440,16.3660,-2.6294,42.8611,-55.9344,-83.6277,-147.6292,23.5100,56.6791,-30.6473
23.6593,44.0015,29.7242,36.3454,21.1607,-64.2930,-12.3266,-9.5679,-81.8612,-67.2026,75.5345,0.4429,50.8804,-40.2115,-100.8657,-141.9915,38.2323,48.6957,-37.2055
-2.7753,12.6850,17.2469,11.6650,15.6553,-58.5572,-39.4808,13.2043,-80.9647,-29.6450,146.3261,-14.8816,37.0349,-35.9344,-84.0356,-85.7670,13.8819,18.3481,-33.6583
-21.4210,2.3473,2.4402,-3.9691,-8.1326,-93.4315,-65.9279,27.2611,-60.5012,-2.3392,143.6408,-56.7927,-3.8442,-51.2088,-59.4209,-32.6409,-10.1462,7.4248,-37.0206
-18.0332,16.8173,10.9532,11.7235,-8.4200,-96.1610,-76.7141,29.9325,-66.0163,-12.8222,104.7840,-78.3150,-32.2334,-62.6752,-56.7872,-28.1034,-6.0264,30.3557,-36.0857
-4.9640,23.7280,27.7142,20.7601,-6.7161,-52.2483,-60.8781,29.7603,-72.3161,-33.1218,88.2161,-42.6197,-27.4618,-42.5084,-45.0874,-28.0421,-11.5177,34.5348,-15.2702
0.2707,11.1157,19.5419,8.4338,-17.8369,-38.1387,-31.2285,10.2312,-42.3676,-35.3446,74.0096,2.9994,-10.1734,-17.1964,-21.3221,-19.9505,-33.0634,13.0239,2.4745
-8.7481,-1.3559,-4.2134,5.7846,-6.1691,-62.0969,-11.3274,-17.7803,-17.3915,-18.8623,52.8959,-5.0716,-0.1578,-34.0682,-27.5995,-48.9776,-26.1682,11.7445,10.8117
-1.8076,11.6562,2.1334,11.6820,23.6469,-73.6391,-12.6340,-5.2092,-18.1609,7.3767,34.1255,-39.6108,4.0660,-75.6765,-53.4869,-102.0847,17.0767,18.2627,33.3286
40.3154,44.2987,36.8347,3.0686,31.8199,-79.5061,-25.9802,35.6441,7.2526,25.7693,-8.6713,-37.0614,2.1151,-89.5627,-53.0266,-126.1829,57.3817,-5.0240,71.2426
74.3858,46.6082,47.9256,-15.3874,19.9326,-100.3975,-36.0901,55.4444,55.8638,44.1755,-48.7117,-17.0751,-10.2178,-76.2994,-35.1005,-119.0264,65.6242,-36.5540,100.0125
68.0067,-8.5569,23.1869,-43.5242,0.9211,-119.7021,-46.8709,66.5704,71.2133,96.8531,-6.1314,-34.6534,-22.9893,-66.2133,-28.4754,-94.0654,44.1027,-61.1213,98.5422
47.4436,-72.5397,-9.6006,-90.6221,-31.5543,-133.1152,-66.0876,81.7638,70.9905,157.4246,89.8564,-63.1969,-25.6367,-54.8662,-18.4203,-42.2012,17.6209,-106.2717,70.2151
30.5086,-87.7541,-43.0886,-126.4361,-65.8195,-141.4474,-79.0332,63.8637,94.1172,150.7543,129.5394,-46.2064,-25.2622,-29.5581,2.2315,10.9477,12.9590,-151.5556,41.9543
15.5734,-59.5597,-68.0800,-112.9897,-82.6387,-119.9553,-76.2658,19.7926,107.1848,80.1671,93.1581,-2.1485,-25.6267,-2.9781,0.2529,10.3088,31.4569,-138.3206,20.1024
19.4686,-29.1066,-62.4316,-68.1319,-79.6740,-65.5046,-70.9562,-7.4978,84.2419,13.6339,44.4929,29.8429,-13.8225,20.9250,-33.9003,-41.3009,57.1277,-80.2777,-14.9842
44.2797,-23.8772,-39.0113,-33.9310,-51.8750,-13.3849,-64.9435,-31.4379,47.7305,-31.9658,32.2721,56.7777,9.4945,52.3314,-63.3075,-79.8384,80.9390,-42.3734,-52.1392
64.2513,-37.1519,-21.0447,-20.2857,-8.4966,12.0224,-49.7050,-64.8342,5.6445,-68.7464,52.3985,71.9698,19.7751,77.2750,-59.5585,-62.3794,92.3437,-37.1523,-66.3149
65.8584,-37.6508,-2.6028,-13.0831,17.9724,18.3165,-36.1161,-69.1187,-30.6426,-79.2976,59.1007,53.8618,10.9242,78.6220,-33.9139,-8.7435,81.3037,-32.7875,-71.5783
47.8998,-20.2946,12.6240,-4.4033,28.7114,31.4578,-29.2508,-46.3078,-38.2103,-68.0790,51.6960,43.0959,14.8410,77.5136,-14.4596,33.9182,58.0665,-23.6398,-78.8117
22.4624,-13.9671,13.9066,-0.5060,43.1322,63.7707,-11.7983,-38.9351,-49.0472,-70.4293,91.0050,78.8124,47.6828,93.8256,-12.6384,46.6787,40.0301,-26.3079,-72.7724
19.3127,-18.4246,18.6289,-5.9454,40.0589,88.9458,12.2473,-32.8378,-91.5460,-77.0642,147.4702,102.7932,72.5729,102.7526,-17.0027,44.7686,34.7012,-32.9293,-64.1196
27.8776,-6.7906,27.8422,-7.6392,14.9047,84.4602,22.1770,-2.6311,-110.3879,-49.4265,118.1594,64.8666,61.3054,80.3253,-17.7382,39.8033,41.7105,-19.7121,-68.1364
3.9068,16.1170,15.3092,4.0779,7.4792,71.1540,24.9019,6.7651,-78.6977,-6.8644,36.9503,25.3367,43.1091,46.1548,-18.9835,29.7839,48.2226,6.5216,-67.0010
-34.2981,30.7008,-8.0733,10.8682,7.4735,68.8043,32.6654,-35.4630,-53.3747,-1.7301,11.7217,38.0317,44.1809,27.9273,-17.5247,21.9061,38.3986,13.3002,-61.6268
-39.5293,32.1403,-19.0886,-6.7465,-27.3148,68.1783,40.5986,-68.6109,-47.7084,-22.0801,27.7667,59.3672,51.3778,27.6973,-2.0884,28.1391,17.7416,-8.4891,-70.3229
-30.3228,12.8403,-31.6513,-36.8902,-62.7087,61.3419,49.2200,-41.9524,-30.8142,-17.9345,45.3759,45.4239,60.3573,33.5970,16.9336,42.5334,3.5002,-37.9254,-75.5079
-29.5556,-14.5212,-39.1306,-51.2842,-49.3547,47.3411,50.8270,-6.9858,-30.7608,-2.1946,84.7176,11.6740,69.2752,28.0690,18.8954,49.0624,1.4498,-52.5382,-68.8232
-16.2114,-11.8637,-16.1551,-38.2286,-19.5815,31.2726,29.4392,-24.3012,-63.0324,-15.4872,98.1847,-24.6329,50.0745,-2.7641,10.4807,38.7689,10.5065,-40.7724,-70.9175
-2.9344,8.4545,1.3196,-19.6589,-11.5997,30.1216,12.3506,-56.6932,-60.8187,-30.4447,36.5575,-58.2755,14.9354,-42.7175,13.8553,15.0904,20.8262,-19.4691,-63.6978
-16.5603,2.9937,-22.7247,-27.7193,-15.5930,37.5278,28.0948,-50.4662,-7.2770,-15.0012,-7.1223,-68.2878,18.1917,-57.3771,28.3646,-1.5485,17.4924,-27.9577,-33.2418
-20.6006,-5.4068,-38.3783,-51.4538,-29.2395,26.6882,26.0296,-41.0480,14.8623,-14.4146,31.2597,-45.2086,38.2762,-42.7358,30.2511,3.1555,15.4136,-61.2347,-31.1736
14.5748,14.4616,-5.9746,-50.5064,-44.9203,7.1865,-28.1802,-66.5875,-21.4480,-48.4950,63.9586,-19.4713,13.0602,-27.3841,11.4688,9.8530,36.1107,-68.5060,-66.2815
49.5121,24.7322,27.9568,-30.6037,-31.6403,-4.7850,-65.6720,-84.5565,-43.8313,-62.4798,41.0152,-22.9627,-26.9259,-29.9492,-1.0196,1.9723,54.7831,-49.7052,-69.2749
49.3079,13.1250,21.6601,-29.7863,-7.1484,-29.7952,-54.4999,-76.2942,-16.5626,-56.6557,18.1155,-45.8813,-34.4581,-46.4213,14.1782,2.0606,45.9851,-51.6942,-35.0994
18.7146,16.3639,-7.7972,-44.8452,-19.7577,-60.2563,-56.5804,-89.4363,18.3095,-74.8515,25.1696,-61.6323,-38.7374,-68.7012,36.3033,20.8025,23.3217,-70.9872,-27.4609
-22.4810,12.0105,-34.8750,-53.3063,-48.1912,-58.9028,-73.9148,-118.9045,35.3722,-81.3782,53.8570,-75.4795,-39.0469,-91.1694,39.9099,20.2025,-11.2757,-75.1505,-49.8180
-35.7620,-32.8468,-44.0933,-59.0918,-44.7417,-41.4328,-60.3361,-108.7594,49.3313,-48.5902,91.6819,-104.3385,-3.5967,-104.7266,34.3824,-15.7414,-56.0572,-72.8144,-59.6645
-6.9481,-67.7855,-29.1995,-61.7945,-31.0878,-31.3817,-56.4871,-63.4307,54.5176,-37.9161,110.3839,-121.7506,11.6007,-94.6091,32.2607,-38.0294,-69.8738,-74.1237,-46.6696
11.5844,-67.2784,-17.1672,-54.9948,-44.5123,-4.3896,-89.6117,-22.3823,42.8915,-53.2822,111.7305,-91.6541,-29.0497,-53.6186,30.5743,-11.7154,-53.9210,-67.7025,-21.7011
-15.3406,-79.6709,-39.8463,-56.2445,-66.9162,29.2810,-79.3914,0.9199,51.0640,-31.9715,114.7954,-40.2536,-39.1690,-4.4068,40.0361,31.5821,-69.1470,-64.8616,-1.0139
-45.1958,-94.8034,-74.3923,-64.8287,-72.7752,31.4818,-17.8735,-9.1491,87.0047,-10.0094,88.3111,-15.7972,-2.5610,14.4460,63.2823,49.0986,-100.3349,-70.5278,2.6345
-35.5927,-66.3407,-68.5721,-49.0723,-66.4043,30.7236,-10.0349,-48.9237,87.1168,-45.0799,31.4399,-14.7419,-13.5449,-2.1462,65.3661,30.0613,-80.2392,-55.4713,4.0498
-0.9335,-34.8608,-24.6062,-20.6850,-53.5860,51.1656,-51.5374,-68.5047,44.4524,-73.9974,13.9744,-12.1912,-49.1260,-22.4764,36.3381,-15.5104,-41.9279,-28.1982,14.9526
21.4935,-40.1596,-0.7743,-23.3006,-41.8279,50.1336,-42.5012,-54.4790,44.9912,-50.8121,28.5753,-4.4942,-18.0671,-27.0644,24.4776,-53.0271,-48.5121,-35.4470,21.0251
12.8504,-39.5508,-19.5228,-49.4765,-53.5830,30.1132,6.5859,-43.7041,98.7985,-29.8849,2.2752,5.3926,28.7856,-20.0826,55.8360,-34.8127,-71.4174,-68.5951,17.5953
-9.6548,-28.7801,-43.8900,-64.1757,-88.2555,36.8083,26.1054,-35.6181,116.6349,-27.5656,-33.6372,3.7185,20.5302,-2.5724,91.0904,31.1089,-79.1581,-78.9211,-0.6693
-22.3252,-55.9735,-56.5045,-61.8219,-97.5877,47.4381,19.1867,-16.2960,84.0451,-19.5788,-6.8493,-27.6449,8.3394,20.9659,88.5856,74.6453,-86.0942,-60.1264,-47.0210
-34.8025,-89.7125,-68.3236,-47.7796,-55.2706,33.6308,-1.1573,-17.3575,59.7832,-25.8897,51.0807,-62.8003,19.1350,27.1673,56.1817,66.8742,-79.3223,-39.0397,-89.2209
-44.6289,-61.8115,-55.0292,-33.2183,-22.1665,25.2891,-38.9845,-57.2697,37.4390,-49.1593,82.1958,-59.4194,14.4457,2.3002,30.3152,47.6109,-52.5770,-35.5579,-99.2817
-10.2791,6.4282,6.2543,-37.4460,-61.6840,21.1306,-59.7074,-110.4199,-19.8362,-63.0180,88.3969,-29.6513,12.3774,-32.3059,23.2623,29.5157,-41.7802,-50.1590,-128.3783
56.0124,52.9482,69.8524,-44.3475,-126.1686,2.2472,-55.4115,-150.4967,-88.6241,-81.8227,90.6180,-2.7340,31.7885,-46.1406,4.5674,-15.5288,-40.4281,-53.3237,-188.3463
79.6652,58.6083,85.0855,-27.1887,-133.6126,0.8097,-74.3152,-151.4860,-122.0965,-99.8910,104.6608,18.2853,25.8696,-37.0089,-36.8819,-65.9538,-19.0240,-28.3604,-194.3803
54.7970,32.0668,63.7377,-16.5461,-105.0946,14.9213,-107.6216,-104.5731,-98.3877,-68.3158,115.1349,11.0999,-9.4724,-27.5809,-50.9321,-62.3694,-6.4743,-15.6117,-141.1748
45.5600,0.3001,38.3780,-39.4611,-101.8810,1.8232,-107.6467,-52.9876,-37.2811,-10.7378,74.2531,-37.5933,-34.1225,-26.9747,-14.2285,-9.8945,-10.7662,-38.4135,-115.1336
63.1466,-8.6519,30.8030,-52.4904,-104.0385,-6.3143,-101.2311,-26.1290,-3.4552,11.6825,8.2749,-68.8516,-60.8247,-18.1962,16.4694,32.5879,9.2111,-51.3609,-106.0826
66.5671,-15.2168,42.4402,-33.9366,-78.0424,20.8794,-123.1546,-0.1657,-21.0117,19.1376,10.0658,-49.5441,-101.8241,-0.1820,10.4274,46.3118,26.2823,-35.0987,-52.6887
40.5466,-51.1688,31.0372,-34.1637,-62.7775,17.5639,-134.5083,22.5335,-21.4772,46.5670,67.9713,-46.7063,-123.5328,-6.1789,12.3655,53.9204,-9.1811,-36.1983,9.3090
0.6592,-90.1069,-24.0212,-70.1902,-85.1850,-27.6933,-106.5661,18.4420,33.2737,86.2986,79.7979,-90.2619,-118.7553,-45.1669,41.7330,60.6010,-50.9820,-68.4030,36.6513
-26.7909,-93.7978,-61.5383,-91.6944,-99.4727,-32.8367,-60.0772,15.8461,84.0476,142.7410,26.5836,-107.1333,-99.0902,-69.6831,60.1094,54.1690,-49.6065,-86.1866,54.9991
-22.6661,-73.0927,-45.8165,-74.2667,-72.9146,-0.8961,-11.5126,35.1894,89.8868,190.9109,-32.8827,-63.6669,-58.8786,-44.1850,49.2484,38.3074,-28.6704,-68.5513,65.3093
-2.4560,-52.0473,-31.1325,-49.3798,-39.7147,2.9737,17.6393,35.0340,75.1606,167.7098,-64.3405,-14.7542,-27.0043,-0.0800,29.0986,28.4946,3.1495,-45.9362,48.8597
6.2621,-40.0911,-45.4790,-47.7171,-38.8811,-3.3309,2.1797,-2.8395,65.7051,103.6824,-63.6198,-0.8178,-40.3815,12.5407,20.7159,28.9890,44.1612,-50.0046,31.6607
1.4357,-49.3063,-56.0854,-66.5885,-58.8193,8.9425,-25.2440,-41.2756,78.0681,88.2108,-50.6112,-21.7878,-64.3069,-10.0885,40.0970,40.1744,39.4625,-75.9042,26.4138
-11.6715,-79.9313,-61.9283,-84.5561,-65.3637,6.8607,-11.8924,-53.3269,110.0127,109.8748,-49.4960,-63.7694,-57.5626,-33.6056,82.6212,67.6286,-21.7786,-94.9349,18.6516
-28.6984,-107.7292,-78.5347,-91.0565,-56.3093,-11.1013,25.6086,-40.5727,121.0457,114.0637,-37.0887,-87.0988,-40.5781,-36.9111,109.2124,91.8764,-66.3441,-97.4129,27.7359
-31.9556,-110.4815,-83.1577,-89.0106,-52.3175,-13.1048,42.0983,-21.8543,96.3816,106.4216,-0.3923,-65.8154,-31.0818,-32.2845,94.4560,73.3427,-61.1654,-93.8588,60.3959
-17.5141,-82.8472,-62.7536,-72.1131,-42.1325,-6.0647,40.9513,-17.3374,69.7613,90.0554,3.0373,-35.5292,-20.9187,-32.6404,63.8647,28.9087,-33.5079,-78.2530,75.1874
-4.4322,-42.4273,-33.4782,-41.2904,-4.1594,4.8949,47.6666,-10.1312,49.6983,67.4424,-44.9794,-35.7564,-14.2355,-30.4222,54.1241,25.1295,-2.0295,-48.0775,63.8984
1.9268,-26.7771,-6.8352,-23.5904,27.7874,32.0938,58.0748,17.0887,27.7637,81.2561,-78.0401,-55.4404,-14.5078,-25.7747,62.6111,54.2790,11.7769,-28.7643,56.7186
7.5755,-39.3583,4.6684,-20.8175,19.5205,51.4794,49.2444,25.7098,18.9418,109.4048,-77.1431,-66.1686,-21.7514,-29.0287,56.9610,44.4035,1.3284,-19.2392,53.0477
10.3400,-28.0080,3.2080,1.3603,14.1324,44.5869,25.8991,-0.9707,3.6306,71.5770,-80.5527,-47.7377,-38.4307,-23.9304,26.3925,10.0262,14.6284,9.9436,41.1245
14.4139,26.2187,17.0996,34.7258,43.1429,43.6733,20.2318,-12.5699,-47.7464,-2.4273,-80.0003,2.6246,-38.1173,7.2301,-3.2681,15.9257,69.4177,38.6292,27.1015
23.6168,63.1283,36.3460,37.4146,54.2880,64.9399,35.2055,4.5685,-70.5298,-21.5311,-70.6715,47.4717,-2.8226,36.8550,-11.2232,27.2156,100.4364,30.9222,13.3234
26.4090,41.5770,21.0716,20.9780,24.5991,84.7005,45.6581,16.0401,-5.5076,-2.9519,-96.3930,50.2072,26.3884,41.2129,-2.7673,-9.4635,71.1151,16.2506,9.8343
19.2338,0.1857,-9.2858,18.4886,11.1154,90.3816,55.5728,26.5781,61.7876,-7.1004,-126.3017,31.9436,31.0259,41.1409,10.8814,-41.9215,26.9109,22.2786,27.6764
6.5149,-18.4602,-15.1962,17.0676,30.6446,82.7453,70.1703,44.9274,42.5220,-21.4228,-69.6366,23.8549,47.1662,42.0346,14.5361,-30.8283,5.6880,20.0110,40.2369
-13.8272,-18.6567,-12.4424,8.6661,39.7072,66.5709,55.7906,50.0979,-1.5860,-16.6615,24.8918,19.3001,61.4120,29.5080,-2.1638,-20.4436,1.3142,7.7675,29.0500
-22.6017,-11.4285,-9.5404,14.8926,38.8156,62.1797,21.6075,61.1693,11.3298,4.0466,16.5100,18.5998,40.0696,32.3097,-10.8328,-10.1023,4.3868,14.8097,24.4297
4.8148,5.4701,16.3718,26.6301,54.4344,74.2371,31.7922,100.3715,39.2690,21.7944,-65.5146,40.1732,31.8309,71.5020,11.1387,29.1768,14.7654,21.6401,35.0259
41.0753,24.7394,46.1545,22.7555,64.4659,78.4993,74.5134,119.8089,10.1562,6.0889,-65.9373,73.5002,69.8710,96.3549,18.1276,35.9002,31.1164,8.9206,36.1578
44.0699,27.5915,43.6740,17.8889,47.0365,68.6812,87.3737,101.1144,-42.4409,-32.9458,10.5734,86.7704,94.8396,73.6515,-13.2165,-25.2484,35.1654,7.5294,43.0168
17.9636,4.9807,14.4561,15.4683,24.0238,60.2806,91.8974,99.9498,-35.1945,-34.0111,33.1027,63.0402,84.7455,40.1792,-18.7254,-64.2362,3.8015,18.3347,74.4307
-15.4737,-27.1626,-21.0705,2.0727,11.8536,58.1899,115.9200,117.3795,11.7458,-1.8846,8.0033,9.3880,83.4286,17.8394,14.6184,-44.8235,-40.3609,15.9429,84.3191
-34.7557,-36.8415,-30.2452,8.0625,14.3958,63.3895,103.8021,104.3906,-1.2686,-8.0278,26.3566,-32.4809,87.9069,4.8470,6.9241,-42.0751,-50.3638,31.9685,35.2060
-15.1931,-15.5741,17.4687,55.7361,47.8056,72.8172,48.6604,77.9412,-64.3551,-45.0392,47.4317,-22.8782,74.7211,21.5664,-40.9337,-59.5880,-35.2914,84.5048,-27.2023
19.4048,5.0945,72.7071,91.7365,98.5189,69.2697,24.8693,68.3035,-68.9785,-51.1027,3.3470,2.8409,64.7077,49.0204,-43.8951,-42.5431,-34.8462,110.1728,-43.9576
13.4736,3.7479,63.1377,81.4846,114.5626,49.7912,29.7757,43.3147,-27.5199,-44.5149,-26.3910,-11.2496,61.3189,29.5677,-18.2184,-28.7293,-40.0705,88.6514,-29.9103
-18.8445,1.3127,27.0184,73.3068,91.0182,31.5697,-1.1851,-9.0547,-49.5992,-71.7846,30.1140,-33.6796,40.9418,-11.4543,-44.3670,-60.5735,-25.4808,86.4679,-42.1859
-21.4265,16.6927,37.7440,94.9917,85.0621,22.6228,-51.6372,-44.3679,-117.6395,-103.8410,90.8112,-14.6694,17.8171,-7.8620,-95.9515,-81.8231,-1.5996,115.2562,-80.6040
-0.2298,38.1964,74.2285,110.1748,118.8865,29.2951,-65.5439,-41.3780,-129.8858,-96.2612,75.8098,8.3754,15.2783,5.7567,-101.9100,-71.7469,19.3277,119.1602,-77.9484
4.3592,51.2741,86.8237,100.9836,146.4404,53.6208,-43.6157,-19.7501,-88.1341,-54.2678,21.0548,-9.7163,23.1744,-29.0592,-74.9400,-82.2176,32.2302,96.3055,-18.8829
-17.1698,48.7709,69.1422,81.3395,127.6751,62.8017,-13.7028,-3.4227,-50.2819,2.7256,-17.2962,-43.6983,26.7940,-73.1030,-51.2101,-93.7687,17.9718,80.7500,20.7597
-50.5845,24.3118,30.5769,55.2090,82.2320,36.9940,-0.4373,-10.3819,-25.2726,54.0112,-21.7747,-68.5833,15.3151,-82.3286,-28.5818,-55.3153,-16.7942,66.5730,5.2739
-63.5915,-10.8599,4.6612,36.2683,62.7593,19.6748,-18.7769,-30.0000,-16.8588,73.9527,-0.0628,-87.5005,-13.5302,-77.1060,-14.8497,-14.6080,-30.8609,50.4166,-10.7142
-33.5635,-32.4521,25.3628,45.3744,92.4157,35.9614,-44.4691,-24.2099,-33.6299,69.0255,16.4183,-82.1473,-33.6552,-58.7007,-25.0768,-18.2993,-11.9828,53.1663,4.6000
4.5212,-34.5201,59.0717,61.5135,135.3069,40.7185,-44.1831,10.1981,-49.9152,70.5562,14.7498,-44.7173,-30.0696,-14.9309,-35.8970,-10.8081,11.5908,59.8419,25.7497
9.0754,-23.9582,59.9326,51.3682,137.8558,10.3001,-27.5102,30.1879,-47.6795,71.9206,19.6923,-14.1600,-21.9844,12.6040,-22.2114,32.2757,14.8437,41.0093,34.4334
-6.4734,-7.7682,39.3144,29.2643,94.2930,-18.9644,-19.1019,16.0815,-30.3025,40.7758,30.2498,-14.9787,-14.5350,-3.5189,-1.9701,43.6362,-8.1187,17.5815,24.6739
-23.6588,-7.5777,11.5110,19.0253,46.7091,-24.1769,-21.7398,0.1396,10.6984,-0.2831,23.6452,-29.9516,-3.3715,-21.3047,6.9596,15.4872,-45.0727,14.9305,2.1189
-43.0404,-35.2644,-19.5667,7.7809,23.4233,-16.8050,-25.4044,13.6145,56.3984,3.6272,19.2244,-40.6257,-4.9750,-10.0067,21.5745,25.6169,-75.0893,9.3482,-2.1084
-48.5459,-60.6196,-27.7391,-11.6215,12.7738,-9.6817,-17.6462,38.6743,61.3501,32.1079,39.1781,-33.7413,-13.3920,16.3215,49.2357,84.3600,-94.3502,-13.1185,9.1292
-36.1071,-58.3686,-17.5436,-16.0207,2.1865,-8.7673,-0.3880,36.0233,36.2861,15.2015,55.7718,-3.6638,-2.5591,47.5350,60.2469,117.5443,-102.9506,-20.2204,-8.2064
-25.7166,-43.1975,-20.2063,2.0247,3.5868,-3.2444,7.1433,6.2669,21.3899,-41.2112,43.6342,28.1937,13.1669,73.1067,39.3222,93.5120,-82.1082,0.6105,-40.3042
-13.1328,-23.4557,-16.3871,19.4576,18.9260,20.0983,6.7045,-18.7565,8.4245,-77.9574,18.4082,43.3345,14.4722,72.8554,17.9683,53.7965,-39.2980,16.6760,-39.3796
2.6756,4.1686,4.2665,20.4241,20.0419,31.5372,12.5347,-33.0698,-14.9093,-90.9623,6.1693,45.6848,13.9914,52.6960,18.6868,39.7878,-16.3674,12.1637,-29.4550
-4.5658,13.6155,-5.8793,9.1736,-0.4020,-1.2964,17.6104,-43.7377,-26.0431,-92.3647,9.9292,23.6049,7.1011,31.9150,23.8468,51.7722,-15.3276,5.4988,-42.9467
-22.2889,-10.1053,-41.9568,-6.7681,-10.6886,-42.1668,34.5534,-34.2164,-16.1813,-51.5364,-2.6086,-27.5099,-6.9195,11.9797,29.0418,67.4225,-9.1082,2.8224,-44.3543
-22.5004,-27.1425,-53.6852,-21.6514,-10.8069,-48.8818,83.2401,-6.6412,6.3287,17.6356,-50.7969,-54.5625,5.8565,3.3009,47.7502,76.9728,-8.8110,-4.9759,-26.5430
-30.3636,-8.9918,-59.6600,-31.3435,-38.6683,-49.6803,111.6792,0.0048,34.4427,44.6891,-88.3623,-23.2344,29.8586,19.3388,59.2019,88.7300,-19.8894,-14.0146,-36.2333
-49.4776,19.0155,-81.6943,-38.6790,-79.8118,-77.4083,78.2128,-21.3904,46.8233,28.7821,-80.7947,11.7335,15.4331,30.8899,41.8803,95.3462,-4.3854,-21.6729,-61.6695
-36.6892,33.5976,-82.3698,-47.5010,-82.0219,-111.9499,51.9199,-37.3472,42.0474,22.6728,-75.0205,6.5194,-6.1617,10.9134,27.1111,80.2373,34.9024,-36.8840,-53.0533
-9.4723,41.7907,-65.1474,-51.1193,-59.8043,-127.0254,73.2323,-36.6478,44.3981,18.9891,-97.5441,0.1943,3.2215,-3.7914,37.3990,67.8705,50.5222,-49.7698,-28.3323
-3.8703,55.7464,-56.6494,-40.8270,-56.3122,-116.4454,71.8166,-26.7866,29.4930,-10.6536,-100.1097,18.9033,-0.8711,17.4345,38.3724,84.5182,58.1016,-40.6884,-30.0114
18.0502,75.3860,-23.7609,-23.6978,-45.1139,-89.8677,32.9097,-5.7341,-31.0765,-45.8094,-61.6719,22.9768,-17.0840,31.2089,11.3977,84.3604,94.4971,-24.0210,-45.5421
58.0479,79.0436,25.9121,-13.2229,1.4137,-82.6741,21.5065,12.5869,-75.4968,-64.4688,-10.5616,-4.8456,12.7099,2.3979,-15.9812,25.7188,112.2392,-21.5820,-44.5108
50.9680,52.0659,25.4512,-4.9042,38.0587,-104.9723,24.2341,9.7839,-56.3675,-64.0630,28.5363,-21.5205,41.1449,-26.7736,-31.5822,-33.7702,76.6429,-15.5128,-20.9212
18.5313,32.5963,2.9508,12.2203,37.7927,-103.0411,-3.0785,9.3983,-28.7788,-39.2449,18.4738,-2.4497,-1.1906,-17.6133,-39.5752,-32.0437,53.7250,8.6646,18.3316
25.6440,54.0753,19.8527,25.7516,30.1169,-62.1527,-23.1348,35.7170,-17.6528,-10.8502,-51.9804,21.7068,-51.5368,2.3994,-27.4859,-0.6466,74.7489,21.9905,56.6117
37.9267,67.2487,22.6389,17.2470,16.2001,-53.0389,-17.3471,61.0155,22.6493,-5.0365,-113.1465,26.0815,-65.4092,10.9738,2.2678,23.3216,78.3043,8.3523,80.8046
22.8996,27.3666,-25.8559,-0.9517,-17.4540,-89.0524,-27.8876,65.4864,76.7439,4.0712,-127.6809,29.5992,-107.0289,33.9604,23.1437,57.9610,55.4970,-4.6157,105.2691
25.2549,-11.4508,-49.3537,-2.5899,-34.6713,-89.2752,-43.8611,80.2691,88.0450,31.4203,-145.5457,48.3311,-166.6249,72.8603,28.9840,93.7570,59.7768,1.3017,143.1774
39.4168,0.3774,-18.6033,13.6479,-13.3142,-39.1522,-25.6070,112.3266,64.1914,36.8792,-161.0394,58.6511,-156.2986,80.0592,30.3223,86.9263,66.9168,16.8408,167.9700
19.4618,16.8792,7.3176,27.2775,8.2375,-11.2177,1.0629,113.3521,39.9187,21.5669,-117.5275,38.3524,-93.8625,39.8170,26.5832,45.2846,19.2946,31.2907,151.2112
-8.8095,-7.3810,4.3405,18.7956,5.6285,-24.0529,3.9488,68.5549,43.8148,38.3234,-58.0717,2.4355,-56.5327,-9.8665,26.2393,10.4076,-48.6087,25.3340,118.0661
-18.1738,-44.8845,-20.3746,-17.7081,-16.4307,-47.9754,-2.9836,29.1056,106.3417,88.5873,-53.7511,-26.1815,-49.9385,-44.8282,44.9379,-5.6632,-81.7013,-17.4703,113.4103
-35.5161,-65.4239,-67.0580,-67.0187,-65.9630,-92.5389,-15.2507,28.5607,191.8480,143.2681,-70.2957,-42.6508,-63.8290,-66.3104,68.0692,2.3560,-91.2272,-72.0108,132.2219
-55.4646,-80.7229,-107.9629,-108.2500,-123.8076,-156.8628,-35.0059,46.1647,228.5088,211.3728,-65.6065,-49.2140,-102.0482,-65.7565,78.6383,49.5923,-91.8056,-108.8628,139.7287
-58.6567,-94.5286,-123.6491,-136.4932,-141.1542,-193.4846,-36.2736,58.4459,237.3693,279.4005,-67.9832,-44.4572,-123.8828,-43.5923,92.9573,116.9705,-76.8442,-139.3794,134.7708
-70.5015,-79.1882,-132.9167,-143.5428,-123.1771,-189.6577,-10.9399,62.1684,259.6320,288.1163,-89.3142,-20.5335,-98.8194,-22.3104,108.7418,152.3468,-60.8748,-157.5158,131.7993
-86.7531,-29.1908,-128.4863,-111.4146,-108.3888,-173.4064,13.2844,60.3979,243.7612,234.3960,-110.8468,25.1450,-68.4158,-5.7441,90.8009,133.6459,-48.9769,-123.6532,125.4323
-71.3678,8.8215,-100.1737,-62.3376,-91.3456,-149.9401,24.2221,64.4016,181.2549,183.6709,-132.4307,67.5505,-68.9942,19.1506,52.7634,99.8588,-21.5366,-62.8806,125.3318
-52.4754,1.2434,-91.6012,-53.5379,-68.6455,-128.5395,34.9591,80.4996,160.4731,170.6448,-139.2422,75.9584,-77.8162,40.1935,54.1803,109.0246,2.0361,-55.8302,147.6534
-67.0607,-19.8397,-114.9762,-87.8002,-75.4666,-137.1589,49.3739,89.5468,178.9649,171.7786,-102.2746,58.8974,-68.2653,39.2076,91.0973,158.8228,-14.3956,-100.1768,154.3555
-74.5253,-20.5673,-116.8215,-105.4080,-104.4007,-154.7423,50.4869,77.4314,155.7847,156.5329,-52.9262,43.6949,-55.0104,30.4029,101.0832,181.4256,-41.1586,-115.8065,114.0535
-44.4742,-14.6185,-88.1497,-81.7105,-103.3556,-137.0891,29.3390,65.2134,116.7425,127.5737,-62.9324,37.5607,-68.7393,36.8704,78.6801,156.6334,-27.6765,-83.4472,81.9538
-17.6044,-7.2971,-71.2409,-53.4862,-73.0554,-104.0265,13.9015,73.0287,121.6138,113.6138,-130.3072,39.6525,-96.0460,55.9641,69.3532,145.1582,13.4238,-54.3988,93.5271
-20.3492,11.0485,-69.7688,-48.7872,-54.3889,-91.8840,26.8509,85.7891,130.5557,115.3420,-161.0590,38.6094,-82.3958,61.5107,73.0138,155.4701,35.9567,-52.9829,88.7982
-28.7082,17.8671,-65.1966,-55.7987,-55.1756,-85.1509,30.1982,78.6909,113.9850,95.4364,-109.5362,11.5225,-35.9315,32.0725,60.1873,120.3323,25.3845,-59.9766,49.0025
-26.3554,7.9184,-61.7463,-54.1353,-66.8370,-70.4349,-8.8988,59.5542,118.5643,59.9085,-72.8065,-18.6956,-39.0837,-7.3363,43.5204,56.1961,7.4994,-56.6649,44.9748
-29.0447,16.1482,-64.5431,-41.0303,-86.6625,-56.9661,-40.8425,70.1941,153.6899,68.0307,-134.5269,-2.8498,-96.2824,-0.3642,50.9884,62.5892,5.7836,-39.8325,86.8412
-52.1633,24.8428,-75.3934,-29.3895,-96.0076,-29.7387,-23.3762,121.5013,172.2703,112.6071,-195.4742,32.1303,-116.0916,51.9633,68.3256,129.6864,3.8057,-19.4505,103.8364
-75.5239,-7.7904,-91.1785,-26.0455,-82.2271,13.2876,-2.0542,151.9350,151.2498,111.0926,-140.8337,28.7413,-79.7240,83.3067,62.6473,144.1756,-14.3214,-7.8686,79.1089
-66.5656,-32.8886,-87.6232,-20.2812,-64.9513,29.5594,-8.7062,118.9093,104.2421,51.3697,-52.3736,14.5588,-49.3607,68.2355,32.8462,84.4584,-19.0320,-1.5210,53.9524
-41.9450,-3.8863,-61.4694,-3.9253,-56.4263,14.7583,-3.6327,72.2285,65.2258,2.6268,-44.3391,28.1188,-31.0251,44.4004,6.4973,24.2066,-4.6209,12.6770,40.3592
-41.2136,13.6329,-45.7003,15.3921,-41.9262,16.6214,27.5455,51.9485,53.4716,-15.5166,-63.7664,28.0627,1.9318,28.6385,1.5857,-8.9221,-22.7780,36.1859,25.3772
-48.9806,-15.7513,-39.3080,29.3388,-17.2704,38.1028,44.2082,26.8753,31.2534,-30.3512,-33.4974,-6.1025,24.9335,8.9770,3.0024,-30.9412,-64.4824,57.0246,4.7168
-32.8668,-20.9747,-11.8170,37.0013,3.8428,45.5801,25.2207,-5.1804,-20.9705,-34.5414,6.6957,-26.1841,22.5750,-7.8651,-13.3487,-42.0755,-54.9359,63.1399,-23.9939
-14.9794,20.9973,21.4449,42.8701,12.7379,47.4625,-11.7910,-13.6673,-42.2852,-32.5630,8.3714,-17.2190,26.9544,-13.6071,-40.3207,-54.9405,-10.9499,60.2007,-59.5973
-18.5767,55.7921,30.2917,57.4654,11.6495,63.2296,-41.3341,-21.4485,-17.1022,-70.0210,-8.5320,-1.0628,43.6913,-12.3886,-57.5115,-86.1605,-4.5153,70.3517,-89.9426
-14.0730,69.7895,38.5288,83.4172,20.5407,80.8557,-47.9041,-37.6640,-30.1035,-129.1969,-10.3183,27.8854,46.6678,4.2337,-72.2131,-109.6694,-5.5756,97.2597,-96.1569
20.6499,75.9821,77.7433,108.0899,62.3274,97.1901,-41.8152,-18.0946,-104.9856,-139.2557,15.4475,64.6454,37.0203,32.7868,-96.9071,-111.2855,34.0473,118.5148,-64.0214
54.0587,64.8604,121.7474,122.3058,114.7814,117.1702,-38.1599,12.1555,-155.3152,-113.3839,45.6546,76.5335,32.1170,37.0989,-110.5102,-123.0347,55.0612,124.5407,-10.9267
43.7943,46.0975,120.8720,120.8359,125.2327,120.8081,-15.1886,-1.0615,-136.1406,-99.8366,40.8051,62.1753,38.0849,10.0091,-87.4474,-133.3951,11.7365,121.2879,22.4331
-5.7112,33.5657,73.8786,95.7576,91.5793,105.2635,39.9502,-1.0199,-98.5812,-63.5624,22.2712,43.4438,53.8761,-8.2599,-46.9328,-97.5102,-35.2530,104.9089,33.7194
-41.2311,9.2027,35.1169,62.0232,63.1249,102.3475,78.3355,50.5638,-99.6380,9.3454,51.8472,27.6599,63.0052,-6.0466,-32.2534,-54.7755,-39.6549,80.7677,54.9517
-35.4443,-23.5805,35.4880,48.2008,55.3303,111.6693,68.6190,65.8714,-137.9448,41.7784,117.9217,22.8370,51.0035,-9.1535,-47.2917,-63.3693,-34.5374,69.9252,77.3745
-30.1712,-38.5442,36.0325,45.7665,39.0894,104.6769,55.7124,27.0942,-159.7368,23.2972,152.6711,29.0432,41.0691,-11.1763,-52.4081,-70.7883,-51.2137,69.0074,61.5739
-48.1605,-46.1142,12.3027,30.9920,10.3709,93.9017,68.0582,23.4188,-131.0219,28.9244,138.8692,27.2462,53.9935,12.4134,-29.9393,-24.0493,-77.4229,58.7372,14.0205
-44.7159,-58.0827,4.4716,16.1562,-3.3303,99.1062,67.0785,41.1990,-90.8905,53.7349,108.8134,21.1218,60.3450,38.7933,-9.9980,12.6806,-84.3953,43.0313,-16.7326
-12.6682,-56.0534,21.8873,15.1604,2.0765,87.9023,35.9228,13.1582,-75.1919,47.8827,86.7901,27.7799,35.9462,31.8479,-12.8608,-6.7663,-65.5370,31.2870,-6.5016
-7.7102,-42.8154,18.7573,18.7306,5.6013,41.6000,11.8340,-19.0187,-67.2690,27.8875,81.0613,33.1074,9.2434,10.3937,-24.2782,-28.4996,-51.0248,29.4112,13.4736
-31.6478,-30.8715,-0.0549,35.0450,7.9920,8.4446,12.5107,-23.4108,-77.3706,-7.3950,88.2383,25.0566,8.7781,7.4621,-38.7646,-30.3213,-55.9041,55.9526,-4.2725
-32.5060,-8.1806,13.8535,67.5724,29.8500,19.1886,22.2989,-47.9266,-128.1159,-81.1469,96.1940,13.9609,25.7103,4.4084,-53.9008,-45.1758,-54.5625,96.5738,-47.2199
-6.4662,14.5191,51.1163,78.4957,63.0143,34.3238,26.7480,-75.2496,-165.1503,-124.8582,98.4342,-2.1202,35.7231,-20.9603,-48.1126,-57.8767,-39.7391,96.8632,-52.9973
16.8353,11.7872,71.2553,60.1357,74.4671,25.7117,3.8704,-54.1736,-140.6149,-89.6759,92.2299,-13.3582,16.8737,-34.5333,-31.2178,-44.9646,-28.3153,62.6763,-16.8598
27.2930,5.8421,72.5311,56.3882,59.1558,21.0895,-48.9233,-26.3269,-99.8930,-55.3111,72.8428,10.5579,-25.1861,-10.7594,-39.1376,-37.2240,-16.7880,54.6737,7.5111
15.5373,16.0208,60.6135,64.9433,37.4002,34.2572,-77.4813,-31.2492,-74.5829,-55.5003,47.6073,46.8825,-50.4343,9.2863,-50.1813,-41.1265,-11.0671,65.1607,15.2540
-14.2327,11.6059,33.5233,47.8134,14.5922,37.7125,-55.2972,-33.4445,-50.0252,-36.3085,42.3910,41.0251,-45.0495,-5.1979,-28.5471,-27.5342,-32.4315,49.8892,30.1801
-24.4904,-11.6460,14.9565,29.4503,-0.7693,24.0191,-37.8718,-22.6910,-57.3620,-32.8059,75.9282,2.0248,-36.8338,-25.1176,-17.7498,-23.6678,-51.7141,38.6476,27.6466
-5.4453,-18.1260,23.7709,46.1940,19.4910,20.7665,-40.3457,-21.6202,-109.3847,-94.5356,118.4999,-33.9489,-22.6621,-36.3763,-47.3582,-66.8765,-34.6373,64.6280,-0.8879
5.2956,-7.1823,36.8630,62.4627,60.7754,38.7224,-1.3732,-21.9086,-132.4798,-140.5935,110.4801,-65.6154,19.3764,-56.3621,-48.9729,-100.0242,-22.8709,81.5549,-12.1602
-7.4736,-0.3640,28.5023,44.6479,60.5383,59.7892,64.3465,-15.2080,-102.2189,-124.9067,57.9151,-82.7215,52.5706,-63.6127,6.5744,-55.2981,-44.8997,59.2635,-8.3295
-20.7945,-2.8369,5.7920,20.1654,16.9358,68.9363,74.9702,-4.2519,-77.0168,-111.5691,33.7588,-71.5696,41.5429,-30.8667,45.1251,19.6831,-57.2134,35.4105,-27.2086
-20.5440,-21.6120,-11.6330,10.1303,-5.6972,64.1353,47.7034,18.4612,-58.7181,-96.9332,46.3656,-57.8172,29.0084,5.1456,34.2106,36.2044,-49.4590,28.8574,-44.6672
-13.0546,-47.1495,-15.8086,3.7127,2.3428,52.4557,43.1832,40.9639,-16.9578,-42.8769,38.4157,-51.2184,40.8262,13.3236,20.6142,7.4435,-52.7326,21.3398,-29.4657
-11.3453,-46.2476,-10.8358,0.1540,0.9925,47.8097,33.4519,53.4198,6.9149,-5.4805,22.8008,-31.8925,35.7483,24.2647,20.9277,14.9610,-53.7170,13.3677,-17.3308
-20.8589,-28.2819,-2.5108,6.1867,-1.7169,54.0475,1.2672,75.7138,-22.3363,-10.1205,52.7743,-15.5551,15.6066,46.5414,10.9489,54.6979,-38.3663,18.5248,-29.0747
-28.1945,-33.0061,6.5567,19.3565,15.9369,62.0153,-0.6276,85.8012,-65.0728,-4.9858,100.7660,-14.9287,25.8239,44.8819,-15.4144,37.2727,-36.9668,37.0966,-30.8721
-22.6002,-45.2046,13.2983,34.6835,26.3599,68.4237,18.0078,42.7362,-83.0237,-3.9575,111.5282,-0.0137,44.4613,22.7888,-41.8683,-37.5862,-49.7049,57.1845,-15.9908
-10.6199,-27.3500,20.8106,40.0882,17.6607,68.4958,-0.0154,-5.5388,-70.7297,-30.7985,82.4914,14.9929,28.2580,6.9317,-43.7200,-66.0032,-42.4661,56.4946,-12.2813
8.2266,1.4215,39.2049,27.8428,21.3459,48.7791,-29.6068,-9.4860,-40.1327,-25.6725,34.2538,-14.5757,5.7947,-14.7537,-20.4417,-37.0578,-18.4106,30.5808,-22.3314
33.2751,5.7996,60.5468,17.7953,37.1829,20.1104,-38.9779,-22.8497,-35.6206,10.0913,16.8549,-47.3213,5.6053,-46.3655,-22.0790,-50.2456,1.9124,13.5681,-32.1052
41.5916,-4.6393,68.0683,27.8952,39.1685,12.3251,-72.5441,-72.5283,-79.1089,0.3315,82.1004,-24.4762,0.6322,-58.8784,-73.3886,-115.8518,15.5717,24.7108,-38.7790
29.6481,-1.3460,72.7217,42.0545,33.8417,17.0055,-129.2022,-98.9861,-121.7856,-30.5067,166.2014,12.6095,-18.9615,-55.2594,-117.6366,-145.9017,19.3720,37.6328,-41.2158
27.0363,17.9469,82.8592,41.2553,31.4514,3.7905,-139.7818,-87.4213,-129.5829,-21.0623,164.3482,15.8239,-33.2571,-56.8291,-112.2277,-118.5145,23.6878,33.8348,-36.5087
35.8930,27.2693,74.2060,29.7544,25.0859,-15.1167,-104.8219,-69.7088,-124.2106,-9.5706,114.2830,11.4211,-41.6180,-43.8247,-85.3705,-71.6796,44.4721,22.9563,-27.2906
33.3307,18.1683,48.4282,20.6403,25.8439,-16.1152,-81.2164,-48.9419,-115.1139,-28.3793,99.0741,16.1410,-43.2502,-7.8821,-65.1559,-22.5062,62.3215,13.6151,-27.3508
26.8477,25.8170,45.2003,23.8746,42.4523,-17.2325,-73.1324,-42.1252,-103.5489,-46.0615,90.2188,14.0376,-24.1796,8.3927,-56.2659,2.8096,62.9276,13.4500,-53.3253
28.3307,62.0155,62.3646,31.2068,50.8332,-31.9416,-53.1955,-61.4244,-108.9654,-54.0717,66.9039,14.6521,9.1189,-6.5026,-58.6304,-7.8409,64.4213,18.5668,-86.6896
21.4501,75.0695,59.3862,15.4871,36.7242,-42.1864,-24.1814,-56.0447,-112.4420,-45.3756,81.4486,28.5496,35.7146,-12.4537,-50.2224,-3.4543,58.1288,-0.6790,-80.9578
9.0280,41.7991,35.6436,-20.6008,13.6890,-50.8704,-9.7069,-16.2904,-77.3005,-1.5341,113.3013,34.0005,40.3229,-2.3530,-22.5265,28.9550,29.3291,-42.0391,-42.5075
15.6901,10.5857,16.9298,-35.7992,-10.7826,-72.1003,-22.0110,-8.9568,-37.3955,27.0353,93.3671,18.9901,16.4609,0.2044,-14.1676,29.6039,16.5282,-52.2570,-33.0765
28.8383,6.2335,3.0090,-23.1968,-33.9852,-80.6827,-41.2266,-32.3990,-38.4006,-7.1915,55.1170,-0.2850,-11.0602,6.2074,-31.1459,8.7499,34.6970,-23.9740,-70.7012
19.8802,1.9650,-16.1587,-22.7672,-54.4608,-60.4375,-41.9364,-31.5126,-49.1386,-47.3927,61.8481,-7.4743,-8.8378,31.6831,-29.0259,32.3128,37.5233,-14.4860,-115.7855
3.7952,-6.8476,-38.1153,-43.6374,-83.1693,-48.2972,-40.8736,-27.7433,-35.0182,-50.0050,85.0116,0.8886,4.0964,52.2170,-15.8648,63.5704,26.8539,-36.4129,-142.3866
6.8099,0.0646,-49.6996,-51.6737,-107.6924,-58.1875,-52.2458,-49.9348,-21.1915,-52.4393,78.9090,14.7672,1.8600,45.2765,-30.9155,31.5418,42.5410,-44.4567,-146.1231
12.3269,24.5364,-36.1831,-33.2471,-93.4000,-48.0849,-41.6362,-60.0761,-30.5905,-62.5999,54.7848,21.8027,11.9511,21.9557,-50.3292,-22.4881,59.1318,-24.8113,-125.9090
-3.3783,52.6836,-13.8526,-7.2287,-56.6970,-6.6062,-10.2604,-53.5063,-54.0880,-61.6407,38.3607,24.7929,36.0569,1.0786,-51.0966,-41.0363,55.4499,0.9885,-101.0347
-17.7563,64.1438,-14.4477,10.8721,-43.5109,25.7900,-14.5976,-67.2632,-83.8989,-70.7070,39.7149,32.6000,24.7527,-1.6550,-66.7991,-49.2853,77.5414,22.6330,-94.2767
2.7640,52.7458,-16.9839,18.9830,-40.9667,31.9210,-49.1776,-88.0898,-109.3435,-88.9191,48.9583,48.6602,-11.2364,20.4669,-94.1804,-59.5185,123.0201,31.7229,-97.5429
38.8811,49.9959,14.6201,21.2289,-15.2931,26.5917,-56.2524,-91.3975,-102.3881,-82.8768,30.9705,71.7750,-16.2316,44.6832,-82.0020,-38.2903,126.5541,19.6572,-91.9319
47.0848,74.6204,43.1778,22.1504,10.9126,10.5094,-38.5041,-95.7213,-51.5567,-67.9191,-33.1472,88.1490,-5.0029,46.4949,-35.2440,6.1189,93.8165,1.5979,-78.3236
35.7819,93.0367,26.3113,20.2459,6.1098,-16.4364,-32.2865,-109.2587,8.9915,-75.8310,-106.3933,86.2065,-17.1356,42.0727,-5.3607,31.0222,84.9464,-4.8943,-72.0913
45.1109,80.6499,5.8670,13.9627,-10.6036,-31.3016,-36.3338,-111.8284,39.2452,-90.2294,-138.6809,77.0248,-31.6743,52.1695,0.0414,30.1097,92.6096,-7.1522,-78.2281
68.1463,49.9490,17.5479,7.6543,-6.5363,-23.0618,-38.0144,-89.8248,54.5644,-86.4182,-131.4529,61.8983,-27.8216,59.2657,12.8601,26.3514,68.3929,-15.1713,-71.0343
65.6842,10.0546,21.9781,-0.5776,15.5138,-13.0333,-31.9540,-44.5627,92.6702,-57.6519,-119.9550,26.1704,-22.7802,46.9800,43.5582,35.3258,17.4731,-27.3420,-29.6446
36.2203,-20.1145,-0.6342,-17.4381,23.3611,-16.3171,-12.9635,0.4020,125.2132,-6.4429,-105.7515,-6.7600,-16.7115,30.5776,65.8815,54.3808,-13.2981,-42.5593,10.1985
11.1713,-10.4010,-13.4743,-32.5559,8.2340,-20.2719,7.6341,20.8628,103.9609,37.1363,-75.8891,-3.0633,0.1420,22.1036,57.6341,64.2292,-2.5908,-53.6258,14.3446
9.4701,18.6862,-2.9551,-28.3299,9.7394,-15.7187,25.5376,32.5983,70.7922,47.1438,-73.5000,12.4691,13.8571,18.7937,43.4043,58.1347,23.3266,-48.1194,18.7770
24.4259,25.3760,6.3482,-15.1435,39.6550,-17.1453,51.9458,44.9272,84.9141,41.5462,-124.9252,12.5513,17.0895,20.7198,53.9959,52.8591,32.4137,-37.5585,48.0106
30.0543,17.6862,0.0018,-20.5143,45.2263,-34.6839,64.2503,31.1509,112.2463,40.1462,-143.8848,15.4404,19.6486,14.7675,65.9090,44.7238,23.9959,-48.2021,66.5721
8.0559,3.8320,-18.6853,-43.5874,15.0232,-52.2152,47.8848,13.4458,118.7639,56.7832,-80.6163,10.3736,23.3773,-20.9532,56.0556,11.9662,0.0998,-72.2836,79.8721
-22.8235,-32.3061,-40.1685,-58.8142,0.7471,-54.7511,47.0788,47.3881,143.7435,115.1517,-44.4057,-33.8570,22.5985,-68.1605,54.5304,-25.3053,-42.0006,-77.5510,126.0646
-36.0819,-61.6757,-53.7849,-60.4282,0.5141,-50.5905,63.2418,97.7251,189.0663,179.9684,-95.5804,-82.3244,9.0065,-84.7527,74.3188,-22.1122,-70.6323,-65.8787,160.5539
-38.4896,-49.4093,-58.9289,-61.0718,-20.9968,-45.9559,42.2051,93.9530,195.7101,176.7316,-130.2243,-93.2800,-17.6655,-73.5448,83.3407,14.4582,-57.8431,-62.0697,128.2100
-43.8819,-29.6028,-58.5097,-56.8283,-32.5842,-31.2866,15.0964,64.0366,158.2590,130.5798,-106.7859,-95.1758,-30.4564,-68.3643,75.2553,35.3303,-35.7676,-57.2825,80.9192
-48.1634,-24.7142,-47.9948,-40.8375,-9.2299,-9.8955,45.9297,62.8567,121.3722,119.7548,-104.6929,-109.8592,-9.6751,-76.2484,73.4069,30.3043,-37.1901,-35.2395,71.7072
-53.6940,-6.4266,-33.6369,-30.5895,5.0060,-3.9150,84.8513,66.7409,104.4163,121.7893,-121.7141,-115.5641,17.7666,-86.9845,83.0407,33.5358,-51.0917,-22.2275,67.0280
-61.9001,8.0622,-30.6885,-33.6728,-0.2981,-17.6112,75.5795,43.3794,108.8093,89.3030,-104.1413,-109.8988,24.3114,-93.1629,94.8296,48.1235,-72.2157,-32.6574,48.6995
-48.9809,-11.5942,-28.5873,-23.7526,8.5320,-24.4982,59.2326,17.9838,117.5891,64.4381,-96.9736,-94.6818,18.1303,-77.7298,87.4834,32.3581,-86.5210,-24.6983,42.3018
-9.0052,-12.5569,-4.3882,6.9005,17.6620,-1.7212,45.1702,16.2841,99.4466,72.2226,-136.9808,-53.2141,5.1700,-41.7334,43.6325,-18.8340,-49.0350,13.9348,41.3475
14.7076,35.8626,26.2371,26.2615,7.5334,36.8782,-5.1932,18.8704,77.3591,63.9201,-162.8535,-10.7341,-18.2825,-26.5664,2.4814,-51.4976,15.3275,30.4205,34.6163
-3.6172,57.5366,26.2296,25.3841,7.1548,54.7631,-54.9554,0.0142,91.5478,30.4110,-141.7473,-9.8299,-40.4549,-47.1262,5.9333,-48.5849,19.4637,16.6680,43.7696
-24.8283,19.8267,7.6079,34.3089,29.9509,46.4773,-55.2577,-22.0694,94.1958,7.1760,-103.7299,-27.0290,-48.5106,-60.1177,11.1004,-56.5199,-20.7499,27.7328,65.1291
-9.2991,3.6159,20.2079,58.1268,56.4399,47.2769,-40.6935,-18.4574,33.9871,-16.6074,-67.3760,-21.5322,-42.8693,-46.0287,-17.1535,-81.0322,-14.1076,61.1738,66.5192
27.8407,48.5877,62.6540,67.6935,72.2090,63.6895,-46.1272,-18.0035,-26.9252,-65.6836,-57.3843,-3.3283,-35.9099,-35.3505,-28.3332,-74.8438,37.3846,60.6456,46.5892
60.1496,89.5232,83.8410,55.8321,64.0951,54.6087,-59.5019,-50.0049,-25.0024,-109.8167,-92.5069,9.5806,-48.2043,-32.6038,-5.0002,-42.4329,72.3293,30.7293,26.4781
86.6507,75.3684,72.5064,41.1845,39.3382,14.7059,-71.0092,-65.8398,0.5255,-111.1682,-122.1639,12.6428,-73.0719,-16.6709,1.1049,-32.9998,83.2618,15.9476,16.4196
100.9360,34.0175,55.5266,28.8414,27.0601,-10.5817,-77.1649,-49.0176,1.4866,-93.1525,-96.1721,-5.6622,-79.1927,-7.4665,-14.9786,-50.2116,86.6131,12.7610,12.3052
90.0993,15.6983,36.2858,14.9350,15.0455,-12.1415,-81.8052,-72.2786,-18.5722,-103.8354,-45.6271,-31.7352,-76.1394,-31.6959,-24.6093,-69.7911,89.3461,2.4034,0.3255
73.2003,31.4346,19.0752,8.1961,-13.8211,-18.8524,-93.4310,-122.5585,-43.8309,-131.4734,-16.9310,-27.5028,-87.4366,-58.2325,-38.0160,-89.3203,102.5810,-2.4738,-9.5223
72.0340,47.9685,25.6223,11.9382,-14.3012,-28.0308,-80.3451,-98.8116,-48.3598,-118.7099,-16.0999,3.2366,-77.7793,-50.1087,-46.7891,-96.2414,105.1007,0.4045,15.5729
64.9337,34.4067,35.1804,9.9936,20.3469,-28.2012,-22.6027,-33.6806,-16.2466,-63.6740,-27.7002,21.7183,-28.7685,-24.4247,-20.1984,-66.8053,63.8789,-7.0866,50.8110
39.9751,-1.3246,16.5363,-5.6103,26.1123,-34.0920,17.8197,-22.6609,18.5939,-17.2513,-24.6624,13.4860,4.7986,-6.8166,13.9455,-18.3764,8.9260,-22.0268,34.9292
33.4531,-36.4449,7.4616,-18.5479,15.3799,-39.8995,11.8974,-14.2184,23.8986,12.4048,1.4382,-15.1040,11.2213,4.1140,21.0100,9.4454,-19.5034,-28.0614,-6.9789
54.0899,-59.1623,35.9991,-12.9855,46.5980,-26.5082,14.4793,35.5293,8.1642,28.2125,27.2794,-51.4360,31.7845,4.1601,19.2036,3.4146,-34.3670,-20.4325,-11.7721
61.3674,-58.6671,54.8034,8.9041,83.0225,-14.1790,14.4872,27.4572,-22.8111,-16.6087,50.9985,-68.4319,39.9289,-13.0185,9.7359,-25.4059,-38.7720,0.6946,-5.9692
47.6724,-30.3570,50.2477,35.7080,85.0153,-13.8570,-40.9718,-46.0798,-58.6957,-107.0445,77.8058,-53.5086,0.9814,-25.6404,-18.5279,-45.6610,-15.8907,25.8640,-27.2143
38.4968,9.1727,63.1455,53.0343,90.9689,7.2847,-89.6211,-58.4551,-66.2979,-130.6011,66.2231,-30.1579,-31.7974,-18.9917,-28.5680,-27.1972,13.6348,35.5787,-31.4475
30.5014,39.8763,78.5870,51.7261,95.9057,44.4002,-59.9106,-10.4829,-50.7059,-65.0545,2.6593,-16.7289,-26.6520,-14.4351,-6.5648,6.5790,28.3926,30.9684,2.9883
16.7053,54.2874,61.6057,43.2831,64.6191,52.9750,-11.8079,4.2854,-44.8143,-18.1915,-48.5834,-0.1218,-21.8224,-14.9586,2.0476,10.3469,37.3850,32.5415,27.9166
14.8445,48.6853,41.6215,45.0649,38.8426,42.9492,-4.2587,2.0213,-39.3372,-36.2145,-49.5507,28.6335,-17.6577,10.6415,-11.2956,-3.5243,34.3974,42.6566,19.1457
27.5467,28.9960,42.5009,49.6576,44.4448,47.2099,-8.5942,8.7080,-39.4106,-67.1904,-16.9362,52.5735,8.5640,54.0542,-23.3884,-5.9427,22.7791,46.6221,-16.1761
45.0482,17.4576,46.9829,40.4742,40.9999,42.5369,-9.4350,-26.3323,-87.4863,-85.4851,44.4336,63.3075,34.1726,69.0154,-47.0483,-15.5967,41.4744,36.1543,-71.1542
69.8223,24.3528,57.9185,23.6511,33.9099,8.2683,-13.9545,-80.8040,-143.4187,-93.8295,103.6961,82.3394,47.0919,62.7522,-73.5528,-31.7797,78.3632,11.3831,-106.3493
87.3131,34.5250,71.1378,13.2950,38.8101,-24.0982,-9.9624,-81.3462,-130.6306,-86.7930,103.0550,118.4053,54.2355,80.7057,-63.5640,-10.4702,78.8048,-13.1471,-96.2868
78.2909,37.3444,58.4769,9.8222,17.0484,-32.3345,-4.6946,-58.0923,-102.2636,-85.0801,73.5762,138.7638,39.3104,108.4039,-41.4316,31.8335,60.6609,-14.8336,-85.2752
64.0980,36.5643,41.6758,9.9262,-11.3145,-23.6487,-2.4488,-56.9146,-135.6597,-97.2936,87.4277,120.5831,19.9249,97.7090,-47.8550,31.8762,66.4065,-0.1909,-87.5829
62.1242,26.8941,50.7799,9.7463,10.9046,-8.4622,21.0351,-39.7783,-164.3213,-78.9943,111.9591,81.9472,32.5116,57.2689,-49.5156,3.1251,65.5784,2.6140,-54.9055
50.6965,1.4836,46.9807,1.8468,34.4856,-10.4068,43.9717,-6.8662,-119.3930,-26.6109,87.4131,37.4902,37.7372,24.1930,-21.0184,1.4465,31.6031,-6.3518,-6.4583
30.1413,-21.2463,13.5948,-10.5806,7.7718,-38.6941,28.7969,-17.9771,-58.4751,-3.8075,45.8363,-0.8914,6.0722,6.5317,2.3259,17.8125,1.0343,-11.3541,-8.2956
28.0577,-23.0144,-2.3471,-18.3355,-9.8050,-52.2819,17.2290,-55.0020,-26.5421,-16.9787,22.4477,0.4322,-1.0187,8.3124,11.0001,22.6968,-3.3570,-21.2684,-33.4398
38.0453,-20.5927,2.3474,-26.9621,2.2487,-30.2236,43.0161,-51.2516,0.7013,-5.9705,0.0312,28.6928,29.6521,26.7742,25.3056,25.4980,2.2258,-41.8990,-24.4399
35.9525,-27.7561,-6.5394,-41.7733,-16.5035,-16.6084,56.7012,-20.4671,15.5565,29.5827,-11.7999,20.2613,33.1652,23.0647,31.9040,22.8981,4.8720,-52.8867,-6.0949
18.4731,-23.6091,-20.9128,-50.5407,-56.7468,-33.1749,41.2867,-17.4718,6.4581,37.2457,6.1628,-8.1786,14.2426,-11.3600,22.7481,5.0992,-4.2416,-49.3446,-5.5749
-12.3009,-6.4314,-33.6255,-46.5096,-62.9536,-44.4633,37.5064,-38.2977,11.3618,18.9720,22.2637,11.5678,14.8876,-19.8465,23.2513,9.4111,-22.6433,-47.6154,-0.2406
-44.3359,-12.7574,-57.4322,-38.9051,-42.3053,-35.8119,41.3550,-44.1740,35.1318,12.5078,17.6001,33.2809,14.7305,7.5392,34.8832,48.6388,-31.7953,-44.1720,2.3703
-55.0490,-43.0910,-72.8556,-33.5878,-27.3366,-30.7282,33.8015,-28.6941,39.0429,12.7986,19.8699,-18.9567,7.9344,8.9387,37.5710,65.0632,-39.4218,-28.1474,-24.9662
-52.5654,-53.1048,-70.4811,-28.9209,-36.6775,-38.7338,31.2955,-17.2848,27.5677,-6.5326,31.1425,-71.2481,16.2165,-11.9411,33.1035,45.7850,-62.1575,-9.6499,-59.8538
-56.8433,-38.1139,-75.6152,-18.9359,-69.9751,-42.3918,26.4368,-23.6257,25.8591,-38.2591,24.1571,-32.9881,9.5018,11.5842,25.6397,43.7633,-76.8868,7.3138,-70.7395
-55.8317,-35.2594,-77.7970,3.9608,-79.6913,-17.8393,9.7989,-30.7624,27.7339,-50.8167,-0.7831,32.7545,-18.2787,60.9742,10.3503,46.1095,-70.6387,33.4556,-56.1570
-47.9597,-52.8185,-59.7864,28.8901,-37.9318,31.4903,19.5318,-16.7418,36.2193,-21.3994,-28.3200,40.7442,-14.1181,60.8207,-0.5098,2.6320,-72.7103,58.8665,-10.4409
-61.9216,-75.2279,-54.9324,32.4539,1.5351,58.3645,54.9499,19.3622,61.7778,46.9295,-47.6712,4.1821,4.1415,16.7204,9.2001,-36.5688,-95.2495,63.6347,59.2741
-96.7235,-95.0872,-72.2858,18.1869,3.4748,33.2349,59.6915,57.1224,77.4845,115.9132,-34.8435,-40.6870,-16.0966,-18.6677,27.7238,-8.4652,-123.2950,54.6153,103.9179
-121.8195,-94.6267,-78.0516,8.0065,-4.5088,-4.7564,35.4150,69.1271,66.4927,140.7697,10.2529,-63.5800,-32.0630,-35.4834,28.3458,26.2829,-139.7361,45.9935,95.5180
-123.8243,-58.8664,-73.1223,4.3104,-14.5906,-12.6498,23.8018,56.0521,56.8876,124.9466,29.1402,-35.9121,-10.1885,-34.8285,7.2742,11.3711,-114.3598,35.5822,68.5348
-102.0637,-16.3516,-65.6504,3.8770,-23.4292,0.1171,15.9762,57.9150,56.3734,105.1823,-7.1716,4.5064,-9.9234,-12.7845,-7.7701,3.9156,-50.0705,26.8693,64.0051
-69.5691,-5.9372,-40.7870,10.9140,-5.9179,12.6874,2.7901,90.7926,41.9672,93.9282,-35.3457,-1.4121,-40.5039,0.4588,0.6947,27.4565,-15.4399,28.9123,87.7413
-54.8269,-21.2384,-24.4311,9.6562,7.3087,12.8688,9.3320,115.4746,24.4672,91.8712,-11.3164,-26.3160,-42.9433,-16.3565,9.2703,20.4593,-30.5392,27.2043,117.4236
-53.9157,-32.9691,-45.6384,-22.2073,-32.0734,-15.9159,25.0654,112.3745,34.8711,112.7262,16.1616,-28.2877,-22.3247,-31.2880,4.5816,-5.0734,-32.9808,-2.6331,114.9145
-41.9272,-39.0361,-69.2434,-73.4126,-90.9309,-63.6978,26.2702,108.3495,60.8691,140.7851,26.0449,-34.2691,-10.4227,-24.0424,17.1381,22.9103,-21.2930,-56.7622,69.0941
-34.8060,-58.8136,-80.9107,-114.2748,-126.6679,-95.2139,36.0893,105.5555,65.3667,133.1174,69.7658,-50.6068,4.8613,-16.6576,49.9787,72.8115,-47.8992,-103.0544,31.7356
-50.3977,-85.5149,-108.3421,-126.0117,-144.1571,-106.5698,63.9726,87.0310,51.1569,98.3415,121.9993,-40.0862,11.6685,-16.2849,62.3610,75.0676,-81.9527,-112.1685,51.3694
-64.3273,-78.2523,-127.6605,-106.5926,-135.0049,-116.3683,78.7797,78.0788,54.7793,84.3323,86.5486,-14.5145,-11.7680,-9.8933,56.3174,67.3702,-70.0750,-87.6408,94.7473
-66.1625,-34.7618,-113.4069,-79.1511,-104.7392,-115.6822,80.0617,99.4957,81.1293,88.1708,-2.2999,-3.1331,-22.0848,3.2177,61.2542,89.1477,-45.3342,-62.5081,102.4414
-63.6300,-19.8432,-102.2201,-66.2366,-94.1592,-85.4326,86.9152,113.6133,92.2747,72.8214,-20.0414,15.8527,10.3677,27.2762,55.7797,81.5873,-45.2579,-50.9133,75.9617
-42.1493,-55.7424,-97.3644,-51.3755,-88.8294,-34.3145,81.6919,92.2129,74.9728,39.6930,17.8540,52.1202,37.8188,67.9951,23.7097,28.8409,-50.0032,-32.4616,47.1018
-12.9764,-76.1809,-69.1537,-22.5753,-53.2648,8.7691,58.8788,63.4708,61.8031,14.9323,13.5701,74.7233,34.1628,101.2768,8.3358,10.6792,-49.0051,-7.1531,26.3019
-17.4194,-55.4601,-49.5614,-6.3638,-23.0759,22.3372,55.8375,53.7618,59.0386,6.7329,-8.8632,77.5777,31.4223,101.7218,20.9338,37.1485,-50.5299,1.5784,22.7294
-42.5620,-44.4703,-58.3791,0.7074,-13.9036,18.9876,69.9887,49.6612,30.6331,-1.1988,16.2921,71.6735,36.0462,81.0439,12.7589,31.0489,-49.1165,12.6348,36.3820
-49.0766,-46.3657,-46.2268,32.5025,17.1017,33.4102,50.4035,28.1743,-20.5024,-31.3237,49.3324,51.5710,24.5931,60.6085,-18.4839,-4.3646,-44.3781,52.8046,30.2719
-40.1387,-21.1396,-9.2009,59.9789,52.3319,62.7966,4.2059,-9.7277,-40.3898,-65.8997,35.8954,34.7612,4.9499,47.2520,-22.5228,0.4554,-32.4216,72.3439,-4.0970
-13.8078,11.2393,13.5122,37.4128,51.9635,69.0891,-2.2731,-36.2097,-10.0119,-53.0555,-11.3528,47.1702,8.7782,42.1479,5.7250,27.0221,-1.4175,26.3901,-14.5091
34.8902,20.6797,35.7945,10.5497,49.3582,51.6728,39.9141,-36.0960,21.9450,-7.6455,-68.7917,60.8253,41.5593,36.4404,23.3187,7.4635,21.2082,-14.3686,0.7453
52.8394,30.5174,61.6712,35.3713,60.9912,43.9563,67.3743,-40.9192,3.0218,-13.1226,-99.5231,41.9178,69.1172,17.4347,7.1174,-43.7573,4.5083,23.2860,-21.3534
12.4952,42.9151,55.1034,75.1690,64.9393,51.2879,52.4837,-79.7548,-57.7926,-73.6091,-58.3456,13.7239,63.5245,-10.9981,-25.1730,-72.8514,-19.3067,84.3958,-64.1452
-22.8651,33.1532,38.8047,84.9034,87.1689,59.5709,36.5516,-124.5496,-104.5183,-104.9023,15.0976,1.5607,49.6826,-39.4022,-40.8059,-80.7983,-19.3288,94.0584,-55.4884
-16.5208,20.7169,51.5017,78.4409,124.0141,67.2237,47.9275,-138.8940,-110.0713,-91.4438,39.2796,-3.3915,62.4731,-58.4239,-31.3679,-86.8797,-18.9585,73.6634,-26.7418
0.5670,21.4221,58.9124,66.8167,106.2651,69.8270,66.7979,-132.7486,-102.1397,-90.2953,27.5569,0.4653,85.5846,-48.4608,-20.2988,-85.1646,-27.7323,61.5325,-47.2806
17.7866,8.8814,42.4579,45.5107,54.6811,57.6722,74.3284,-125.4757,-99.0554,-102.8619,34.3415,14.5785,92.7593,-17.7440,-19.9652,-78.9401,-27.5807,47.4287,-79.6505
32.2599,-10.3907,38.6001,27.2364,50.6329,36.5504,73.4327,-110.3971,-82.7842,-88.0161,46.3107,5.8626,94.0353,-15.9948,-13.6687,-76.6605,-28.1555,25.0761,-70.5834
20.8709,-8.0676,42.1206,15.3480,67.7515,23.7586,66.4040,-80.7957,-54.6770,-55.7492,45.0840,-31.2971,93.4010,-46.1488,5.3409,-60.2476,-37.4054,5.5850,-48.0726
3.2596,-3.2113,27.3829,0.7761,56.7869,32.3762,55.8233,-44.5837,-43.6968,-45.5477,53.2747,-40.8327,79.3395,-42.7105,19.2639,-22.1352,-26.5640,-11.4009,-33.3132
16.0738,-9.1123,17.9089,-8.0636,51.6915,55.0033,51.8217,-6.7842,-56.0955,-55.9480,67.9428,-4.1511,66.8674,10.3992,17.2376,13.6423,15.1073,-24.7108,-18.0683
39.4172,-2.4651,24.2070,-13.0921,53.0537,62.8403,47.6083,29.2243,-69.6697,-57.2210,67.8027,17.5214,65.9762,50.0749,8.6598,35.7761,59.7307,-33.4164,-23.3585
49.2611,5.6020,19.0059,-32.2906,19.6807,48.8991,21.6895,46.1686,-57.8635,-47.2247,59.2529,-9.4516,51.6340,41.0098,6.4823,39.7993,82.2359,-49.7911,-46.3456
55.6458,-5.5777,2.4790,-48.2583,-19.6044,37.7757,-15.0660,23.7884,-15.8598,-51.8517,41.2788,-44.5190,24.3025,3.4114,5.1963,-4.3112,78.6771,-62.2977,-45.2770
60.1086,-5.1700,-4.7221,-32.3168,-29.7978,30.6789,-30.7776,-30.8928,10.8926,-75.3921,3.4166,-58.2617,13.1471,-40.9905,-18.1166,-96.3222,72.9019,-38.8428,-36.8648
74.6688,23.4519,11.4936,0.1758,-29.0416,18.1169,-36.8924,-80.2484,-26.6220,-99.0080,-27.9841,-58.6288,9.1450,-66.4661,-63.6277,-169.2749,99.2059,7.1131,-64.4274
118.8023,53.5657,62.0145,28.0179,-6.5885,29.4319,-64.5682,-94.8083,-97.5080,-131.0460,-22.9392,-36.7797,-2.1065,-45.9850,-97.9507,-178.7955,147.6547,33.0048,-99.5243
149.4454,75.0643,113.0513,51.4103,45.8542,69.9053,-86.0185,-83.3450,-136.3068,-179.9277,7.1320,11.4201,8.9252,0.4481,-102.6847,-151.6097,168.7395,36.1617,-106.4348
124.3304,78.3849,108.0892,57.5615,67.1438,82.7882,-59.6286,-74.6157,-142.5285,-194.8283,35.4647,44.5034,38.8603,28.0089,-91.4234,-116.9659,146.8492,36.4346,-105.2772
98.0587,49.4875,77.4930,46.0628,43.1670,57.3924,-31.9437,-81.3205,-147.6125,-143.8159,39.4106,36.7237,27.7311,29.3680,-82.7839,-88.0059,121.7661,39.1787,-103.7327
117.7751,30.7579,95.1738,50.3640,47.6583,50.1559,-72.3752,-87.1436,-147.4522,-90.2411,17.5553,18.8698,-24.1013,19.2277,-90.4903,-88.5439,131.3239,45.6308,-87.8076
136.4618,53.0602,135.0147,62.7471,85.7612,65.0830,-144.4132,-70.5349,-126.8498,-81.9974,14.5372,18.0200,-48.5541,7.2244,-105.7083,-103.9481,159.0864,39.3425,-69.0739
118.8356,54.7291,121.6459,32.8799,82.2539,57.7234,-162.5961,-38.7855,-81.0929,-72.2451,53.0470,29.0880,-33.3827,13.7496,-86.9406,-71.5673,151.9669,-8.8901,-55.0733
89.3766,6.6941,63.7515,-27.8446,31.2793,27.3868,-116.2366,-14.8089,-16.3301,-26.4197,73.7868,39.3851,-17.3460,43.4463,-24.9895,12.3926,98.7463,-74.6835,-39.4856
61.7434,-27.3567,14.0032,-60.2528,-6.9773,-5.2637,-53.7159,-0.8328,29.5829,18.4228,41.9677,24.2988,-7.8371,54.1019,23.1691,69.0711,53.7244,-96.7390,-33.4055
36.3399,-33.1033,-15.1430,-56.1321,-16.4244,-25.9238,-22.5138,4.6386,27.2718,29.2272,14.1064,-30.9754,-9.9633,19.6269,23.2519,55.8055,46.9175,-71.6060,-36.3409
21.1572,-46.1366,-26.6201,-39.4022,-19.7163,-1.1751,-47.0747,-9.7944,10.3363,9.8425,17.5855,-86.6015,-39.5445,-23.2627,5.8491,10.6606,46.2365,-38.5001,-33.9911
8.3753,-38.8826,-15.9617,-15.7650,-16.3562,59.2199,-90.6887,-27.2143,19.6461,-17.0585,6.5356,-102.5727,-57.7009,-44.6622,-3.1139,-24.7482,34.5232,-12.2368,-38.6097
-7.7862,3.3114,-1.0181,-4.7373,-2.2170,71.0275,-84.4840,-16.7013,49.3323,-17.7430,-27.5971,-101.9465,-25.2781,-64.4693,0.9137,-39.7985,24.7718,-7.0809,-44.7574
-14.2457,22.9482,-12.1343,-29.6476,-7.2665,9.8146,-41.3858,-3.4226,80.5136,6.1816,-44.4329,-105.6080,1.8392,-90.8260,22.7875,-32.7283,18.4289,-39.7468,-17.3475
-10.6148,17.2583,-37.5990,-60.1775,-39.5381,-39.6661,-33.4208,-22.4368,89.3642,10.2398,-38.1428,-94.4595,-24.4659,-99.7637,38.8336,-15.0164,29.0957,-75.6885,17.4171
-2.7608,40.8892,-29.4285,-54.4338,-40.2776,-29.6450,-60.8001,-42.0101,56.0289,-7.9866,-31.3295,-76.1698,-47.6187,-93.9028,20.1246,-11.5541,75.3954,-73.8767,9.3963
10.1959,75.9350,10.0987,-36.1558,7.3755,-12.3867,-78.0274,-36.8211,26.3201,-2.6877,-29.6577,-75.9330,-32.0373,-100.5105,-2.2656,-20.7109,117.1006,-65.9678,-7.1285
8.5922,67.3325,13.5296,-59.4331,12.0137,-39.2635,-78.4267,-34.4277,63.2736,41.9080,-21.9891,-78.6112,-21.3103,-112.0523,18.9883,-1.0603,95.2423,-102.6234,4.4993
-19.6395,18.0008,-38.3276,-124.7183,-60.2031,-98.5661,-51.3525,-28.1026,135.4763,112.9226,5.6330,-73.1309,-10.8768,-101.7120,70.5712,62.0347,21.1635,-169.6816,6.6876
-44.0434,-35.2360,-81.5833,-172.3898,-103.1560,-146.9704,12.6983,3.5447,177.1077,184.2503,40.2365,-76.1481,40.2691,-81.5900,102.9087,102.9535,-47.7960,-209.4700,-8.3007
-53.3410,-47.2416,-85.1303,-153.2340,-73.9199,-159.2981,46.9036,5.6627,177.6951,191.2436,46.5606,-71.1312,84.5152,-81.4805,79.4425,56.4897,-67.6636,-182.3020,-12.6375
-70.8932,4.1733,-80.1722,-88.4126,-59.4393,-147.7742,-2.3911,-57.6126,131.9497,106.4190,37.1392,-41.5939,60.1547,-98.0578,4.9550,-34.0596,-30.7149,-103.7050,-33.5266
-83.9868,54.2050,-71.1967,-38.8637,-74.0710,-124.5371,-61.2038,-111.6267,50.1123,17.8059,50.2817,-36.1254,13.6451,-113.3601,-52.9354,-77.8184,9.4782,-36.2000,-76.3036
-70.2018,33.0697,-48.8501,-27.0207,-52.8819,-79.9820,-47.7562,-104.2109,11.2456,6.2501,53.8366,-77.3400,7.4057,-120.9246,-35.2469,-64.6970,-5.7441,-18.3678,-78.2392
-55.4512,-11.9437,-39.6961,-28.7921,-20.6636,-25.7206,2.9184,-77.8342,43.5863,33.0912,8.6141,-98.2496,24.3758,-105.7569,15.4535,-38.1972,-44.0571,-23.2805,-46.4210
-53.6747,-10.3693,-39.1978,-15.9379,-18.5018,12.2148,28.9024,-57.5059,54.5991,38.2221,-34.8402,-60.1822,38.1754,-56.5787,22.0672,-17.1415,-43.7668,-6.9609,-52.2999
-39.3917,26.7842,0.7674,32.3346,12.4342,47.4607,22.6474,-36.6150,-4.0183,14.7168,-42.3426,-8.6903,52.1180,-6.1815,-21.5675,-24.8181,-12.2221,47.7404,-84.9741
-15.6539,79.8811,71.0811,107.9753,91.0659,94.3852,-6.1366,-40.5946,-70.3797,-35.2251,-60.7211,22.6869,56.2754,4.2568,-75.6353,-76.5605,25.1140,122.1703,-95.1199
-5.2851,137.5260,115.0169,153.1400,136.0374,121.0770,-39.6388,-66.8530,-100.5371,-85.0677,-90.3020,42.6674,41.0524,-10.7477,-100.8241,-108.4331,60.6145,158.6521,-88.6315
0.7955,144.2615,122.6413,129.9801,130.9151,113.4596,-48.9453,-56.1572,-92.9642,-76.1518,-76.1207,49.6286,27.2213,-10.8259,-72.8838,-63.0606,63.2838,119.8860,-65.1703
13.0404,81.1634,113.5949,76.3375,132.7809,94.4817,-34.5629,4.0444,-52.1550,-16.6014,-19.8078,36.9559,34.2572,8.1664,-21.5692,3.1262,26.5017,48.5842,-17.4378
22.2075,14.7268,86.8213,29.3623,130.4013,54.8288,-24.8851,61.4311,-25.0379,17.3238,57.2821,16.4509,50.0008,27.8112,-2.1267,34.6107,6.8564,-5.7999,6.6960
28.8450,-16.8861,48.7342,-16.8774,87.5081,-17.8677,-30.8848,88.2077,-42.3671,12.7521,141.4079,-3.2360,45.2333,39.8330,-7.3294,63.9587,23.2322,-48.6069,-11.0862
37.2915,-36.1424,21.5625,-42.6455,40.1216,-73.2845,-41.0111,90.9788,-45.1600,17.6880,150.3911,-26.6354,6.4685,36.8662,-2.4730,85.1019,30.4299,-64.6908,-12.8525
44.2890,-48.1164,10.2696,-19.8042,19.5800,-68.1666,-45.9310,69.7870,-4.1997,26.7632,42.5326,-57.0942,-45.4097,11.9341,0.4383,40.0941,18.1776,-21.8999,13.7777
49.0531,-51.2450,5.1744,5.6663,-0.7654,-34.1237,-45.4153,35.2078,23.1452,12.5573,-51.5322,-88.8120,-76.9093,-22.4670,0.4476,-23.7618,4.7682,22.3495,25.9280
39.6279,-64.3036,-7.1366,-21.2329,-27.9212,-19.1856,-38.0929,20.2746,35.4582,10.1677,-31.8082,-104.9232,-76.2640,-42.5167,31.8446,-7.9335,-20.4739,-9.5268,33.0575
7.6450,-84.0329,-37.0884,-65.5794,-40.7634,-31.9104,-17.3854,33.5620,78.0594,42.5582,12.2137,-95.3475,-53.5404,-36.9513,75.7822,53.8551,-54.7505,-70.0026,51.8667
-12.7728,-90.6963,-63.7363,-70.6191,-48.5519,-47.2093,6.1901,35.5761,100.5112,51.5424,8.8658,-76.1237,-30.4320,-14.6552,76.5840,65.7680,-66.1640,-71.5313,37.4029
6.8847,-84.9528,-49.7584,-44.4043,-53.6439,-31.5268,4.0236,4.4682,49.6805,12.7703,7.2751,-66.2698,-26.5431,1.3692,42.8145,31.6433,-50.2654,-31.5000,-12.8080
33.4559,-75.1211,-5.0975,-21.8670,-21.3122,9.7915,-13.8716,-6.4341,5.0554,7.9643,15.5570,-61.6937,-28.3221,-2.4804,23.1207,6.0341,-30.0342,-13.3102,-16.2353
31.1544,-73.1657,16.3504,-20.3731,33.0825,31.6278,-4.3175,45.6218,33.4341,79.2647,4.8143,-47.0384,-11.9634,-5.9349,26.9554,4.0453,-19.4857,-27.9986,51.5923
11.0884,-92.6549,-8.0456,-41.6118,37.1339,24.2616,24.1055,98.2554,73.6063,144.5919,11.4959,-13.3824,0.5200,18.2864,40.1001,30.3296,-24.9374,-56.0762,111.9872
-12.6598,-116.3857,-47.2704,-69.0764,-11.2398,13.4188,35.6500,92.8176,80.7418,156.2488,43.9664,28.8279,-15.4543,54.1451,60.8755,85.2674,-47.4104,-82.5481,124.3912
-41.6732,-122.9073,-73.9470,-87.2968,-44.1648,-10.3184,47.2654,87.6147,98.6472,184.9819,45.9818,47.9077,-32.3334,61.6982,85.3703,133.5673,-76.5483,-99.5633,140.7827
-68.6777,-130.7342,-97.2346,-100.7680,-50.9164,-54.6717,64.7353,129.5663,141.8911,256.7091,21.8990,28.5488,-40.1813,40.5414,97.0551,144.7276,-95.6628,-107.4519,186.3931
-81.6484,-144.4500,-121.7064,-99.5634,-61.3316,-71.0107,34.6446,151.5431,167.9314,274.8242,8.3837,-4.2157,-73.9120,24.3107,81.8650,124.7509,-85.4933,-95.3237,203.8331
-72.4047,-127.7135,-118.0820,-56.7937,-54.4170,-36.5054,-40.6735,108.0353,158.7937,181.6676,-19.6423,-25.1351,-117.7395,21.9935,43.3920,76.2836,-49.7502,-43.3611,156.0063
-43.9376,-76.8660,-71.4312,16.4519,-11.8354,1.7194,-81.6885,49.2962,117.6073,48.6015,-63.2302,-30.7067,-115.4859,16.1687,-1.7937,-0.5178,-26.9284,36.7304,85.8540
-23.9473,-26.8097,-14.6386,81.4087,33.0356,21.8424,-73.1529,11.2054,39.3899,-39.1672,-66.3433,-16.9301,-81.8272,5.6329,-45.0426,-69.0738,-27.3819,109.9096,41.1908
-29.8351,8.1233,23.3391,122.1907,68.3671,51.3307,-72.8243,-15.8890,-44.2232,-68.8271,-33.0369,5.8827,-69.8270,-0.2531,-78.4254,-89.4137,-17.4670,153.6269,23.7997
-36.9251,25.2652,44.1031,129.6109,97.3857,82.8036,-93.1498,-30.5648,-73.4810,-66.4218,-11.5431,4.7563,-74.1329,-9.5055,-81.0082,-71.6983,2.2924,150.8955,17.4962
-29.7180,25.4699,40.9249,95.3171,81.3977,76.8936,-100.5500,-33.9035,-46.0946,-60.6581,-4.9082,-17.7617,-65.9875,-23.0459,-53.6397,-46.2287,5.7660,103.6404,1.5040
-25.9728,36.3675,10.6156,50.5756,20.7935,37.0750,-78.8726,-36.0720,-9.0223,-64.4526,-19.1787,-10.7292,-45.7364,-11.8499,-28.8512,-15.7855,11.7011,55.5002,-32.7310
-23.1153,66.8043,-13.6378,28.6147,-13.8192,3.9643,-33.8443,-29.5791,23.1762,-61.4444,-66.5243,49.5473,-14.3242,35.2322,-17.4298,18.1493,38.1563,28.8041,-51.1539
-7.4469,72.8287,-15.6091,4.5321,-16.1937,-5.6803,15.8804,-14.7439,55.8730,-34.1146,-82.0189,117.6669,30.6649,75.1934,-0.9776,33.1321,46.2095,-11.8995,-27.0950
-5.7464,28.9396,-34.9291,-47.7306,-51.5674,-14.5812,56.1020,-2.6903,70.3444,5.6832,-15.9828,125.8517,64.7462,68.7943,25.6333,34.2203,8.7568,-71.8986,6.0451
-35.1857,-32.2087,-93.3815,-96.5373,-116.4933,-42.5595,89.5313,18.0503,71.3212,36.5746,40.6572,67.8383,53.5983,42.7718,56.6917,60.2572,-37.7190,-102.2615,23.4326
-48.6033,-66.4867,-139.7338,-108.2306,-149.2897,-65.4629,101.4695,44.4144,93.6356,49.7726,-0.7951,25.7077,2.5632,48.4684,82.8113,103.3173,-43.4442,-95.0952,45.2276
-11.0218,-50.1252,-115.8526,-86.1213,-127.2029,-50.0837,68.9798,41.9312,112.6444,36.7877,-70.3552,59.3419,-33.4760,81.5519,75.1076,102.3337,0.1879,-81.6288,59.7921
31.9777,0.6230,-39.0570,-39.0540,-57.5181,-16.5269,24.4275,15.2161,69.7917,-2.9519,-69.3407,101.6294,-15.6098,88.7589,28.3892,49.5607,44.8944,-53.1791,36.5652
24.4331,30.2059,19.2981,14.7292,30.3370,-1.8641,20.6567,1.2653,-3.9101,-29.9631,-25.2829,70.2608,20.1355,46.0169,-5.2813,7.8187,32.3056,0.1414,13.2749
-18.1329,18.3937,27.8487,37.5822,78.1290,6.0079,50.1982,2.2762,-26.3858,3.1924,-12.7620,6.8617,28.0686,-14.7912,8.6006,4.4831,-22.6997,32.7104,40.1042
-44.8221,8.8886,23.2976,21.2741,72.2083,21.3528,76.4826,11.7041,-0.3296,70.5343,-28.8215,-21.0797,30.2273,-56.8931,40.7133,13.1569,-59.9458,16.1927,82.2526
-44.0312,22.0577,29.9943,0.7202,52.4493,13.2271,78.3987,32.0073,7.9485,89.5501,-19.5084,-30.5663,43.7935,-70.1184,52.8697,24.5032,-65.8483,-8.8337,77.3252
-35.1751,22.7474,26.0878,-1.0102,29.7991,-19.2805,40.8455,33.6185,-19.7805,41.9095,27.4035,-40.1718,29.8683,-55.8174,33.6628,34.0815,-57.7897,-4.6852,29.9844
-22.2354,-7.4184,11.5293,8.6426,3.9619,-20.0690,-8.6698,2.2127,-44.0830,-3.0787,63.5632,-31.4570,-8.4046,-29.2574,1.0493,13.6554,-49.1994,16.4325,-2.5096
-6.3524,-42.9329,10.7716,19.8966,3.6913,20.0018,-8.7470,-15.9154,-30.6945,-7.2991,43.6735,-21.5397,-18.9830,-17.5811,-1.7616,-23.6946,-64.3340,32.7218,15.2108
-7.1558,-54.3036,10.1766,29.2341,24.9706,45.8052,29.7727,4.5533,9.3332,-4.4853,-19.2405,-31.8883,-13.1156,-14.7865,34.4170,-13.3641,-92.6983,42.1238,52.0989
-27.8031,-37.8689,-9.9398,37.9802,33.0635,44.3723,40.8542,39.6858,31.7002,-13.4392,-71.2838,-31.5496,-30.7329,12.6626,55.2684,45.7106,-79.0478,53.8905,60.0932
-39.2294,-17.6693,-22.4345,52.1900,34.1026,50.6090,21.4150,77.0004,17.3873,-19.0388,-77.2539,-5.1923,-48.1171,53.4725,29.0171,69.1056,-31.6543,74.0830,53.1004
-18.5558,-7.9258,-1.4436,66.2674,39.9798,60.3691,6.9834,95.7074,-11.0783,-25.8359,-55.8643,19.8299,-41.6342,64.2261,-8.0370,25.3769,-7.7738,89.8127,59.3508
30.1752,13.7491,39.5601,64.1649,35.7170,43.2159,-2.7929,60.3780,-40.1721,-42.0381,-51.6352,36.5157,-35.4829,48.9356,-23.2120,-15.2518,12.3929,78.2292,48.1231
75.3732,52.4479,74.2909,45.9812,34.6430,7.1640,-5.8447,4.1286,-63.2371,-43.2679,-71.9271,45.2233,-31.1210,34.1491,-18.7800,-4.9335,59.3411,42.0042,10.3549
70.5338,70.8698,74.1035,24.9225,49.2064,-23.8310,17.3301,-7.3930,-51.1227,-11.1629,-83.4460,28.2107,-7.1692,9.9534,-1.8708,17.7582,75.6734,9.2776,0.9177
17.8557,61.2747,34.3192,5.1120,43.2625,-47.5985,58.7179,9.6207,-7.5311,30.0637,-74.7676,-1.0863,29.6916,-24.4058,16.6490,18.4850,34.8927,-6.2069,16.4549
-17.3286,53.0150,2.8917,-14.7033,10.2639,-64.4473,99.6226,7.3429,10.6200,47.5581,-59.7369,-15.5594,69.0123,-39.6472,30.5313,20.7854,-8.4213,-16.5539,-6.4899
-8.9482,40.4568,6.0241,-36.5177,-15.5183,-76.9349,123.6637,-6.8637,-8.0364,41.2696,-24.0574,-31.0885,99.9380,-42.5399,46.9321,35.8727,-39.1780,-36.5406,-51.6406
1.4805,5.6218,2.6146,-64.7339,-42.5794,-101.0670,105.2199,-17.1327,-11.5966,34.4142,42.9995,-53.5620,95.4691,-56.8919,57.8407,37.7098,-73.3050,-67.6349,-59.8590
0.2839,-20.3926,-18.3293,-87.2300,-77.6908,-126.6565,66.9806,-23.4861,8.1722,31.0117,91.8392,-43.1819,71.2585,-54.1025,53.2157,32.5017,-87.0231,-93.1003,-47.9729
5.0478,-8.5754,-17.7807,-82.5220,-81.3059,-114.7844,72.9077,-10.3817,13.2322,13.7520,82.9640,6.7907,78.1822,-12.0124,52.7007,48.6998,-78.4860,-92.8325,-44.4564
0.9638,9.4394,-9.8697,-66.2190,-66.9480,-73.8905,109.6156,14.9747,9.9727,-1.8563,58.7244,50.4584,102.8778,21.7971,61.0230,60.4668,-79.9954,-78.3811,-25.7617
-19.6987,-4.9893,-35.4121,-72.1750,-85.1139,-61.1091,106.0271,8.4127,29.0800,18.8192,65.2791,59.8659,94.9474,11.2391,50.9405,30.5452,-83.3248,-80.1665,3.2995
-28.4606,-33.7286,-60.9800,-81.2788,-96.4535,-81.7543,61.3120,-30.9860,52.6470,48.2010,77.7908,44.4014,61.3097,-10.4866,27.9185,-2.6596,-71.9448,-87.0219,5.0322
-20.2807,-29.7359,-37.4874,-49.3518,-49.8361,-79.0576,20.1704,-49.2237,42.1939,35.8258,57.5477,34.0216,28.7877,-4.0403,17.3605,10.9134,-58.3417,-58.0610,-9.4713
-12.2127,7.4669,7.5187,6.1245,-1.8146,-35.8188,-10.4700,-24.3123,5.8761,8.5697,15.1260,55.4276,-4.0857,28.7636,4.1934,38.2453,-37.0591,-1.1061,-8.4510
-7.9062,22.3344,22.7752,33.2738,-3.1265,5.4354,-34.3996,6.5041,-8.9612,13.5756,-12.5981,75.9991,-27.9598,52.7047,-19.5674,27.8666,-15.9803,35.3920,-1.1502
-20.5825,-4.5582,6.3220,31.8765,-13.5871,22.7518,-48.0572,8.1741,18.1727,28.4664,-15.4145,38.0958,-32.8469,29.4029,-23.8151,-6.3567,-35.7829,43.5932,-1.4697
-46.8539,-17.0592,-5.7893,38.0675,-1.8425,37.0132,-57.0101,-4.9387,49.6982,23.1924,-28.0707,-21.4436,-37.7905,-21.9520,-11.3269,-33.4306,-68.1596,54.3278,7.3237
-39.6146,17.3319,14.1436,59.8644,19.1025,59.9160,-48.3480,-0.5065,40.3518,8.2671,-75.3770,-18.2122,-43.3903,-36.5040,-14.1725,-53.4395,-43.5925,74.8398,34.1768
-4.3715,60.7541,47.4986,80.7627,42.1866,77.4933,-15.5537,13.8786,-4.4795,-14.2800,-114.4849,24.8138,-29.4704,-12.1672,-28.6125,-63.4909,11.4546,92.0870,48.5627
-6.2669,84.5258,58.7538,94.0606,58.9920,84.0957,-1.4063,17.6003,-46.5846,-34.0127,-105.8185,28.5716,-11.9900,-2.2090,-39.4105,-49.9731,32.7062,107.6155,20.8500
-28.3287,90.0965,60.3604,102.3952,62.7217,93.3184,-21.0268,32.0398,-58.6221,-9.8071,-96.6429,7.4412,-14.8763,-1.8405,-49.1952,-27.6170,31.3219,123.4069,-14.2264
-8.0698,72.2941,74.9944,99.4548,65.0720,105.6988,-28.7577,65.7166,-29.4732,47.1250,-126.1482,16.4099,-21.6137,16.4584,-47.8555,-29.0199,29.3703,119.1290,4.9299
15.4830,48.8011,70.4534,70.1901,53.2269,94.4169,-13.3448,73.6422,27.1121,73.8806,-139.3880,38.2724,-12.6850,17.1006,-25.4472,-47.2592,15.7204,75.8535,57.1580
-9.6416,51.8726,26.1310,19.8725,4.4248,47.1356,1.0558,55.3624,67.7943,66.8009,-104.1739,39.5463,3.6282,-9.7203,0.0424,-36.6338,2.6647,15.0396,68.5499
-31.5989,59.1678,-10.5100,-15.1274,-44.4055,-1.6731,17.8242,72.9863,68.8225,66.4743,-72.6327,38.1293,13.2331,-0.2217,13.5394,13.0213,2.4768,-16.3380,43.0534
-18.0460,43.3086,-10.2065,-15.8526,-54.5245,-17.0140,23.2600,113.5257,48.1712,63.8650,-52.1097,49.7355,11.3705,42.9611,10.5285,45.1523,-1.2317,-9.4527,29.4565
-19.7898,44.2792,-2.5337,-2.7134,-51.6280,-11.7514,-7.1049,93.8449,13.2599,25.7485,4.6149,58.4772,9.4037,38.1563,-18.8144,13.6657,-2.1717,4.8269,16.3065
-44.8627,80.4469,4.1775,19.3007,-41.8258,-4.8662,-22.5356,24.9135,-45.7434,-34.9433,63.6228,61.8543,24.8934,-9.0773,-57.0052,-45.5945,5.2157,27.2258,-7.0535
-48.1289,96.3174,29.9610,59.8499,2.1080,17.1243,17.0512,0.8375,-100.3429,-70.8673,62.1512,74.0994,46.8992,-16.8990,-66.4359,-69.5229,-9.5510,72.8928,0.3879
-27.0109,69.0297,55.8646,77.6578,37.5075,46.7641,41.2140,32.5312,-106.1237,-58.9216,47.9922,85.8848,50.8602,14.7291,-50.2979,-52.8927,-36.3914,90.3516,28.5711
-3.1252,35.3961,46.6587,31.9574,7.5636,36.0915,15.5878,43.4515,-79.3447,-34.8621,81.5187,70.1256,43.9118,24.3735,-33.2236,-27.6875,-28.9683,34.0844,15.2938
17.7098,10.6035,14.7258,-23.7107,-38.5565,-15.9229,14.8779,13.9362,-64.1246,-41.8804,104.6860,26.6537,43.0291,9.7540,-12.3067,-6.2767,-9.0500,-26.0560,-27.7496
23.3370,-7.2695,-2.6687,-27.9570,-40.6708,-40.4933,51.0280,5.4981,-48.2731,-52.6639,62.3557,-6.0059,45.1005,10.4896,13.5913,14.1826,-22.9676,-22.2993,-43.4041
10.8608,-7.5145,-3.2620,-16.2314,-34.8078,-8.2334,54.5308,40.7594,-6.6791,-30.3497,17.0525,9.5969,49.6492,38.8760,25.7879,32.8943,-41.7121,-8.7743,-36.5606
-1.1396,-3.6885,-12.6173,-25.3315,-49.8643,31.8939,37.7511,66.6119,20.8845,-14.8366,28.1533,63.4562,58.7922,81.9781,21.6507,48.8774,-31.6497,-26.2484,-31.5244
-10.8738,-16.9479,-30.6591,-19.4104,-48.0620,44.6451,57.6495,58.8386,-5.3467,-31.1969,56.5983,105.9353,62.2498,115.1065,10.2743,53.5732,-24.2505,-17.5314,-17.8907
-19.7052,-25.1115,-27.8380,14.2189,-23.1145,42.4407,77.9383,50.7717,-48.7868,-36.2035,58.6601,107.8636,55.4381,113.7347,-12.0357,30.9864,-33.0883,31.1744,-3.4778
-5.5800,-8.3800,4.8063,40.3258,-5.3952,36.5707,45.0148,40.0054,-69.4665,-35.8786,46.7967,90.0946,37.6061,88.1575,-37.5413,-5.9358,-27.9096,61.4376,-11.3343
26.8227,6.5644,41.3893,56.6901,15.2130,36.1999,3.1532,0.1903,-80.4644,-71.1752,29.1000,84.6241,6.8314,75.2397,-38.6147,-14.6931,-16.2798,67.6263,-19.5592
41.2945,-0.0298,59.0733,70.6695,49.6902,50.5329,12.5722,-31.0653,-77.8477,-92.8851,-2.4940,93.6117,-9.1708,82.6175,-10.1252,10.5074,-29.3019,71.2789,1.1562
39.4816,-10.9749,56.1613,54.2336,60.5726,47.0479,47.1355,-21.5614,-39.1777,-49.1810,-26.6838,97.3381,12.8205,80.2712,17.5847,24.6767,-46.7962,46.0168,27.3744
43.0416,-12.5300,38.6205,8.8618,28.5340,-5.4327,49.3771,-25.1798,3.2477,4.7922,-24.2771,77.8190,27.2399,46.6252,23.7422,11.7838,-36.8410,-6.9400,26.9707
32.8927,-13.8246,12.9211,-26.5785,-16.3593,-54.9417,26.9612,-63.6894,20.9068,34.0703,-24.6791,26.9594,-2.0003,-7.7566,32.5234,12.9923,-28.9411,-40.3726,11.6167
-8.9447,-28.4814,-19.3461,-53.4256,-53.2107,-46.2496,30.7749,-69.6570,54.6570,82.0149,-46.4122,-43.8812,-21.1070,-57.4924,71.4076,45.3799,-61.5457,-57.7568,5.7129
-53.5024,-57.0331,-58.3612,-87.5850,-80.9625,-26.0443,58.5233,-29.1442,113.0328,139.8798,-49.7032,-102.3966,4.7415,-85.8136,109.1871,66.4165,-106.5338,-84.6367,6.7159
-73.0907,-83.1104,-87.8183,-101.4269,-90.1254,-43.8797,62.0704,-5.0384,134.5212,151.4935,-15.6080,-127.3656,24.2868,-92.0829,101.8015,51.7465,-122.6625,-91.5359,-0.1017
-70.1545,-89.7810,-87.8167,-78.7816,-75.7123,-55.0449,41.9274,-7.4427,108.4753,118.5038,6.6024,-129.3940,12.7992,-83.9281,72.0218,28.6628,-115.1446,-60.5389,-10.6521
-47.7028,-75.8344,-62.9430,-46.8511,-42.1314,-24.9674,33.1848,-2.9018,80.8063,75.9731,-16.2038,-119.6687,0.3349,-67.4907,58.5852,16.2642,-87.4192,-28.7018,-4.0248
-14.4471,-49.1351,-32.0004,-19.0744,2.0762,3.5576,27.2613,2.3585,53.9200,50.4306,-56.2341,-86.9244,-18.6808,-43.0514,45.1615,12.8977,-27.5523,-10.1680,24.7776
1.0017,-20.3490,-12.8201,9.7978,28.2846,6.1994,10.9468,-3.0808,14.1860,58.8904,-89.2350,-31.3149,-59.9394,-7.5912,17.5731,29.0451,34.1848,16.1425,49.6367
-6.2121,1.2402,-11.6920,33.6349,22.2207,12.0411,14.7925,-5.7824,-21.7179,69.4692,-119.1532,13.5564,-84.4639,30.5576,-0.6643,56.5158,59.4289,50.4568,43.0125
0.8131,21.9966,-2.2607,56.0237,25.1668,34.4638,38.1203,-12.6461,-55.2396,35.5885,-143.1357,23.0531,-66.2724,45.8685,-14.2320,44.1190,74.4521,82.6594,10.3850
36.9580,49.7501,37.2267,84.9623,58.0855,60.4152,33.3071,-43.7848,-90.3380,-19.1801,-156.8214,14.1889,-40.5039,26.1820,-45.7838,-27.9620,107.0054,109.8441,-20.4035
65.4252,70.4636,67.2510,102.6147,69.4097,79.0973,10.1774,-85.1086,-100.0570,-62.6886,-163.2244,15.9335,-28.0727,1.0137,-72.6219,-102.9722,122.6144,122.5587,-37.8509
60.8786,76.8353,52.4204,102.2103,42.2391,82.0321,21.7410,-99.7168,-97.9373,-118.4560,-146.9908,36.4521,-5.1890,7.5861,-78.2497,-131.2066,107.6884,125.7404,-53.0432
46.0154,84.6744,33.0162,104.9189,31.7599,73.9827,49.5735,-77.8689,-128.9876,-174.0781,-93.9769,61.7868,31.3134,33.5660,-94.0783,-134.8800,105.8296,135.1692,-68.5442
46.4456,92.6074,39.5576,103.6958,40.7024,68.6349,33.3485,-56.2668,-164.8777,-178.8854,-34.9980,65.8143,42.3722,35.0504,-122.5345,-146.0189,131.6851,132.0629,-74.7236
61.7930,85.1894,42.9920,78.0226,20.4415,57.4906,-22.4813,-62.6365,-156.3329,-156.5909,-11.5563,41.7196,7.3361,15.3024,-125.2265,-142.2951,155.6821,98.0366,-78.3686
78.8620,72.4806,40.7590,54.8955,-5.2839,32.0973,-65.3523,-57.5707,-134.3175,-149.7887,-11.9083,28.9536,-35.4756,27.1674,-105.1236,-93.9358,158.9760,68.5609,-87.5589
73.7065,59.5789,48.1673,55.5917,10.2799,10.9462,-73.4380,-7.0508,-126.4827,-119.1982,12.8307,60.5607,-41.5356,74.5369,-95.1713,-31.3838,134.9925,63.8516,-73.3130
32.4188,25.6896,30.6994,38.7196,23.5513,-5.0926,-65.6093,34.8151,-93.1279,-35.6970,74.5525,98.7909,-26.5952,89.9609,-88.4414,-3.5897,86.4633,38.2448,-14.6895
-12.7954,-13.4656,-21.6365,-16.1348,-21.5159,-38.5818,-64.6743,19.2177,-30.0697,41.7773,123.0339,96.5110,-28.5893,51.8442,-66.2590,-2.4941,44.0580,-24.0795,33.7799
-21.1869,-15.2847,-54.3898,-56.1774,-91.2977,-74.7581,-72.6529,-14.9333,8.4933,56.6028,111.8219,77.1728,-40.6569,23.5519,-49.2977,-1.5230,33.7840,-61.5636,11.8398
-4.0703,2.6160,-52.5240,-46.4226,-121.6791,-78.3382,-73.2351,-34.0082,12.7321,26.8705,56.6517,71.6562,-43.6305,30.6365,-54.7555,-16.3296,40.5423,-40.0779,-36.4857
4.1546,3.0631,-47.3222,-18.5692,-97.9645,-57.0430,-58.6027,-55.8885,22.8373,5.6811,-6.3874,60.1037,-47.5666,23.7291,-55.0562,-47.3159,41.2130,-5.7693,-32.3208
-8.3324,14.2088,-40.8771,-4.6662,-56.2807,-37.3373,-41.6045,-77.7844,49.3512,12.1951,-63.3176,43.0367,-52.0351,-4.4803,-28.6500,-41.9364,35.8658,-0.2461,-0.3980
-40.1943,55.2672,-39.0122,-2.8923,-48.1268,-19.6861,-35.1208,-83.4049,59.4115,13.7235,-86.0724,54.0636,-41.3859,-5.2625,-5.9435,8.3794,35.6646,-7.5200,-14.8570
-70.4145,75.2993,-58.0933,-4.9866,-75.5166,3.5527,-40.9596,-82.9434,31.4275,-5.4705,-52.2223,74.5795,-30.0396,18.4092,-19.6447,34.6465,50.9234,-3.5462,-60.1798
-63.1885,58.0616,-60.8081,-3.9888,-80.9730,28.8201,-52.3272,-74.4088,-5.1650,-5.3893,-13.9693,64.5457,-29.6077,22.8995,-49.0774,6.7153,75.7539,6.3606,-74.2727
-33.8026,54.3448,-24.8136,5.6398,-47.4494,43.3204,-53.0864,-48.8843,-8.9143,19.7870,-21.1004,51.0610,-13.4454,13.3078,-60.0433,-27.4162,82.1531,12.1407,-62.2710
-34.7073,66.9278,-8.1921,13.9339,-28.1511,35.6831,-34.9073,-25.4964,9.8354,18.6821,-26.9100,67.8174,17.4596,18.4969,-51.9808,-29.7226,53.4668,14.4962,-51.3572
-55.4678,50.2129,-32.1303,6.8783,-45.5527,19.7177,-12.9841,-4.5483,22.8062,-0.6203,-3.5242,82.8265,16.9548,33.0237,-29.8321,-3.6975,9.6613,10.4185,-20.7796
-48.7299,11.4069,-47.9391,-10.1211,-66.1047,15.8127,-2.1901,33.3438,44.0228,16.5085,-15.4076,67.1730,-20.4035,43.0038,6.4515,33.5756,-16.2189,-2.3490,31.8722
-28.9115,-13.4833,-51.6421,-21.3425,-71.2659,9.9093,3.5389,61.6685,75.2658,46.9611,-64.8575,39.1183,-48.4126,48.2391,33.5847,58.8319,-17.3483,-10.9396,55.8826
-30.3329,-21.0335,-59.6568,-17.2650,-63.7728,-6.3666,2.3870,52.4149,66.1704,33.2865,-61.1724,16.5661,-50.0850,46.2539,28.5771,62.1761,-13.0562,-1.5701,32.1503
-35.8824,-11.3562,-39.7524,6.5615,-40.6560,2.3655,-29.8498,38.3545,8.9417,-6.1393,-8.0165,-0.7130,-56.8495,35.1383,3.4110,55.1199,-9.9747,25.6362,1.7271
-29.6598,7.6152,3.0597,42.2477,-11.1915,43.6462,-89.6715,49.4263,-28.4497,-16.1761,-4.1697,-25.6054,-95.3470,16.1564,-18.8752,40.9251,2.1843,63.6630,2.4368
-27.4193,-1.1350,13.6375,65.2635,7.7443,70.7287,-127.6572,73.8622,-13.8885,13.7816,-55.1255,-69.8741,-146.3513,-5.1670,-25.5656,24.8873,13.0676,95.9561,32.0590
-23.5867,-29.3047,4.8934,63.5058,18.2499,67.7478,-118.9618,97.8603,8.8405,43.1016,-81.6354,-100.4048,-156.7451,-5.8653,-14.8709,30.3034,7.0014,99.8956,48.1723
-2.3696,-17.6606,21.2018,53.0923,22.1587,57.6813,-98.4985,110.6196,10.7688,28.7799,-73.4319,-81.5806,-113.0653,19.1625,-6.7347,45.6219,6.4736,80.0483,15.2648
13.1938,20.0812,30.1618,42.5524,6.8784,40.4110,-91.4078,116.0734,22.8419,0.8950,-83.2516,-63.1739,-76.6101,25.8875,-9.7429,36.4497,24.3940,61.6679,-17.3964
-3.9275,14.4681,-6.1180,16.0596,-29.2135,16.0805,-71.1572,142.6867,68.2261,32.6761,-115.4439,-88.1957,-88.1655,1.0629,11.1123,37.5948,20.3259,41.0551,21.8523
-35.8920,-23.9658,-49.9582,-22.6067,-66.0946,8.3366,-24.6861,173.2571,106.1052,103.2597,-121.9716,-88.9926,-103.4085,2.7759,60.7893,95.1588,-18.1210,5.5941,85.5904
-47.6467,-45.1753,-57.2856,-35.6055,-73.2075,17.1594,11.3556,156.7897,95.4473,130.6094,-94.2019,-34.8840,-85.7885,46.1053,82.5869,149.6925,-48.4731,-12.9024,84.3766
-36.7279,-57.1762,-34.7557,-7.9760,-39.2378,24.2455,14.1055,120.7501,69.8925,122.7479,-82.9961,-11.8068,-64.1730,69.6095,61.6815,134.0574,-64.3930,16.1605,45.5481
-34.9831,-64.2333,-13.9417,28.2917,-1.9971,30.8923,6.1385,113.1601,66.0150,118.2706,-97.9729,-37.2454,-54.5482,54.0212,39.6199,87.7563,-87.5248,62.0259,28.6235
-62.0144,-45.0191,-16.4234,46.3257,0.5221,36.4118,11.0776,92.4245,44.7831,85.8650,-72.7765,-39.1396,-33.0531,29.1516,20.6900,51.0986,-104.9886,86.7460,15.0224
-94.5959,-31.0450,-30.5535,53.2325,-2.3323,35.4504,29.8151,38.1333,-14.7649,28.1511,8.5494,-35.0023,0.3358,-7.6784,-5.7308,3.6607,-114.8944,98.1802,-0.8729
-104.0717,-51.8059,-29.0528,58.7336,26.6292,42.9567,51.4788,18.7964,-53.8171,9.1990,64.0997,-70.2310,22.2484,-45.2828,-11.0243,-29.1387,-133.8112,106.3213,7.5111
-95.9893,-57.9878,-14.3864,58.0575,53.4321,58.9677,61.3131,45.9257,-47.3809,29.3760,50.3948,-82.3047,29.9336,-33.3503,8.0135,3.8746,-134.3090,99.8003,9.3382
-84.7277,-27.0014,-7.0110,46.2966,38.9857,54.8965,56.9605,57.4823,-34.1493,48.5943,16.1900,-41.8646,31.4846,6.8904,15.8038,54.1886,-100.8708,78.4168,-15.9517
-70.5725,-12.9856,-11.7043,21.6485,5.0284,27.9932,57.2674,45.6893,-19.3858,64.4469,4.0077,-29.7779,32.9054,-0.6238,16.1261,46.2009,-81.0143,48.9530,-19.6378
-57.5513,-27.5911,-30.6897,-13.7024,-24.9618,-2.9595,73.4769,30.3907,6.2369,59.0758,13.0536,-60.2600,43.3080,-41.5045,30.4316,10.9480,-85.0932,10.1108,-2.6773
-50.6151,-31.8022,-58.5924,-44.6275,-52.2925,-35.5359,92.9529,7.4541,23.8401,21.1597,24.1130,-68.9048,59.0269,-50.6754,46.5519,8.9345,-78.0422,-26.1396,-13.4483
-43.0298,-26.2643,-67.8181,-56.4199,-62.0439,-59.0468,104.1161,5.4013,44.8335,6.0569,6.7235,-64.0683,68.4655,-39.2916,59.4797,25.0319,-74.1302,-41.9316,-27.2551
-28.9276,-16.8032,-50.6855,-52.7389,-44.3801,-56.3219,104.5185,42.8889,73.7291,17.5039,-29.9554,-71.1781,75.2893,-34.4165,70.1311,30.0328,-72.7689,-43.3970,-16.1478
-0.9289,15.2194,-23.5188,-40.3674,-18.6596,-39.6631,92.0439,65.6638,42.4449,-17.9750,-27.6000,-47.0453,81.4520,-7.9047,52.1601,33.1939,-18.2146,-40.4094,-23.6157
46.2595,45.4342,18.8111,-17.7187,7.7849,-19.2562,70.2322,47.7843,-56.5261,-80.8171,19.4967,5.6715,78.3908,34.2318,7.6498,27.1590,57.5264,-25.8830,-51.5453
79.7807,37.0957,65.7581,6.0907,34.6418,9.7384,38.8252,25.3393,-106.7774,-95.7285,56.4225,15.0945,71.5429,33.4786,-19.7422,-11.6263,57.7032,-4.9375,-58.3055
55.5746,20.6228,63.2693,13.1848,33.0154,20.8315,-8.0910,-3.4234,-65.5298,-90.0484,68.8474,-15.5364,62.8881,-5.5269,-24.3831,-51.2465,8.9434,3.1844,-67.2959
-2.0752,32.3091,10.2596,6.6833,-2.9036,-3.7212,-47.4942,-46.7399,-29.7584,-102.1195,72.9535,-15.5797,36.3323,-16.8539,-31.3719,-35.7002,6.0544,1.3797,-96.0984
-27.0586,51.6463,-17.4116,4.4006,-21.9540,-19.3776,-40.1917,-55.8402,-56.4746,-95.2276,67.9960,18.5184,9.4821,10.2929,-35.4727,17.3582,41.8528,3.7229,-97.2691
-5.5558,56.4451,7.9991,4.4505,-2.8554,-3.8337,-1.3030,-22.4172,-104.0771,-71.0561,72.7302,35.1932,20.0543,28.1865,-29.4235,42.2821,62.7905,1.3519,-71.6265
30.8054,47.5534,37.8387,-7.4114,10.8001,3.0762,11.5978,-7.3903,-123.6843,-59.6952,97.5718,28.3553,43.7485,20.3371,-28.9110,21.9382,69.7757,-18.8312,-62.1515
63.3789,31.1070,49.5740,-21.5575,2.8646,-3.5314,-9.1994,-28.4469,-102.0053,-37.5735,97.1643,36.8543,43.1089,14.7982,-39.3389,-17.6064,78.2446,-41.0971,-59.9015
82.1788,32.9754,62.2752,-12.9086,10.1776,4.9100,-21.9580,-56.7178,-70.5375,-18.8879,59.6379,71.7296,50.5359,26.7718,-55.9136,-56.3192,86.9471,-38.6889,-65.2783
75.3849,58.0435,73.4884,10.7983,38.0149,7.3944,-18.3742,-76.2351,-64.0233,-47.9213,40.7062,89.7260,79.0098,36.6134,-65.3419,-65.4792,83.0863,-18.4383,-97.8669
51.3134,51.8960,62.5853,7.2824,42.8138,-17.4315,-22.5077,-62.8254,-54.3454,-60.1739,60.3632,56.7313,72.3231,25.0225,-42.2829,-25.0375,48.4937,-21.1933,-101.8027
35.7200,3.3747,35.8334,-34.6440,10.2058,-36.6189,-27.1248,-10.0829,-23.7948,-0.2658,95.9153,13.2533,38.9082,5.4961,-4.3316,17.9177,10.4751,-61.4428,-45.6523
44.3336,-15.9235,23.1619,-71.7373,-21.1170,-39.3305,-3.3744,25.1304,-25.3950,37.0081,132.2707,13.3567,54.7909,2.4233,1.0476,12.7063,17.3866,-99.5069,-18.0277
65.0888,0.2023,25.7030,-77.4803,-24.1375,-55.8506,35.3967,7.2094,-50.1707,-2.5289,138.0844,28.0210,94.7378,8.4341,-4.8226,-5.3762,37.2946,-107.1983,-43.9069
67.5116,-21.6760,9.7863,-74.1410,-14.4531,-77.3872,37.2149,-27.4129,-21.2622,-37.4243,108.6433,3.3253,70.8725,-4.2848,19.3083,-1.6833,15.7371,-104.4447,-30.8657
48.0492,-59.0831,-12.5007,-64.6133,-2.6919,-65.4260,-11.5557,-54.3268,16.3830,-43.5056,103.4170,-29.7521,12.0485,-32.9656,24.7878,-19.1602,-4.3822,-93.8769,12.7691
43.0722,-24.9890,19.4375,-25.0237,27.2798,-24.1743,-62.0196,-73.0797,-28.6149,-61.7697,122.7881,-14.8694,3.6475,-42.8611,-26.0435,-65.1108,27.8323,-53.7664,-4.7900
60.3310,37.1955,85.0052,13.3379,66.5380,4.6903,-72.1082,-54.7609,-78.5723,-58.2252,104.6708,14.2030,32.3521,-23.7188,-54.8365,-62.5139,55.3921,-19.2498,-51.5049
58.6391,25.9707,90.7490,-4.5448,69.1288,-8.5111,-53.6940,-0.2424,-40.0155,-16.2807,85.5851,-4.7164,43.3124,-7.5335,-10.2667,5.6505,17.8423,-41.8623,-50.5192
39.4987,-19.1295,50.1766,-43.8554,34.4655,-51.4517,-35.7984,26.2861,-4.9163,-8.8157,122.2134,-43.3413,40.1373,-13.1909,32.4575,52.7756,-35.9144,-77.7991,-38.7014
56.8582,-10.1310,62.0164,-31.1619,27.5255,-76.0265,-29.4261,5.6889,-57.2547,-45.2562,141.8514,-41.4842,39.2534,-17.7076,10.9593,29.1738,-29.7008,-56.1690,-57.5987
97.0003,15.1713,108.9049,15.4532,69.0936,-56.3027,-41.5723,-6.3485,-114.5504,-62.6991,111.2133,-21.1392,28.5684,-9.8085,-36.2587,-24.1421,19.8012,-4.7746,-59.6167
82.9089,-6.1548,99.2940,33.8402,97.8338,-21.3241,-70.1773,7.4687,-104.1430,-69.1816,125.8827,-33.3931,9.0844,-20.4058,-55.8705,-63.6158,25.6604,15.5834,-17.9380
23.0796,-35.0836,52.9367,27.7262,82.8748,-1.7713,-81.5268,5.6448,-66.9495,-96.3530,179.8376,-62.7541,5.5220,-63.5916,-45.4870,-94.9975,-33.2950,14.2540,25.9474
5.2883,-32.4960,42.1483,30.5432,66.7566,8.4551,-50.0951,-15.1993,-48.9001,-108.0681,158.5736,-79.4279,22.9068,-105.2594,-34.8108,-141.3422,-71.2786,24.5943,45.1782
36.5210,-29.2486,53.0839,39.8625,66.6782,19.3391,-9.7429,-16.2220,-53.4593,-81.6216,80.2368,-98.4373,27.9687,-122.6126,-42.7466,-191.2853,-43.4016,46.1416,56.3823
46.2980,-36.7096,46.0119,40.3062,50.1479,25.9587,-8.5572,-2.3741,-59.6417,-48.3933,36.8666,-118.2962,-7.9924,-128.9942,-47.5451,-197.4452,-15.7169,59.1485,77.1973
31.2479,-39.7916,30.2182,23.8282,19.8982,26.1726,-31.8079,-12.0599,-24.2235,-20.7805,9.0029,-108.0217,-55.8641,-124.2244,-16.7354,-145.3380,-26.5105,37.7608,100.4825
36.2516,-57.0848,13.0612,-10.6917,6.9807,23.7129,-32.5193,-34.8323,51.6745,6.5005,-32.8931,-81.4841,-65.9284,-95.7426,34.2048,-82.4572,-36.1781,-17.6441,107.4697
38.8910,-84.2046,-13.1492,-38.4886,1.7178,20.9588,-18.9100,-34.7045,91.8468,19.0155,-39.8220,-76.7913,-54.0092,-65.6966,58.7532,-43.6258,-30.9250,-53.7467,94.2079
7.8974,-68.5380,-27.0293,-31.7304,-7.1983,18.7920,-29.8216,-24.8723,60.4159,17.7877,-19.4630,-83.0192,-66.9107,-59.1815,47.6695,-8.9072,-19.1098,-37.3531,68.8866
-4.8259,-12.8094,-3.1811,-7.4069,10.7125,17.9481,-47.4464,-26.2179,17.5809,28.6366,-44.9529,-69.6983,-85.4013,-50.6500,33.8268,36.9088,20.0019,-12.5723,38.8841
33.2025,22.1009,39.9619,-2.7662,53.9412,19.3050,-30.7607,-11.8572,10.0122,57.6990,-94.1712,-37.7417,-62.7234,-15.9392,38.5624,75.0004,69.8713,-25.1985,21.2760
56.0058,21.7640,57.0987,-24.4915,65.5175,13.9169,0.5262,20.3253,11.0274,83.8794,-69.6395,-7.3429,-15.2222,10.1287,46.6013,90.2563,76.7116,-61.3426,23.5858
24.5586,8.4340,27.2778,-49.9630,33.1568,-12.6779,6.5269,14.3906,-3.1408,81.6108,19.3859,-4.6686,8.5728,-4.6280,37.6948,82.3970,51.0176,-84.3557,16.3445
-8.2557,-7.5326,-14.2478,-51.4714,9.1731,-44.5848,-4.8950,-36.6813,-10.0557,49.4901,52.3763,-34.5452,-3.7963,-33.1207,23.5988,61.3847,35.3283,-72.4608,-12.1954
-11.2961,1.5337,-14.4320,-27.2941,13.5142,-47.2210,-21.6212,-68.3159,6.4253,24.2156,-3.0964,-50.3640,-30.9624,-43.9378,24.5312,51.7727,27.7972,-41.3473,-24.9360
-8.6248,45.2986,18.0066,-14.3833,15.9900,-28.7699,-54.2473,-58.2072,25.1124,25.1007,-37.3495,-23.4180,-43.3310,-41.2679,29.9745,64.1769,27.8115,-39.3790,-18.4429
0.2721,64.2125,30.1190,-30.9451,4.2100,-20.4425,-81.3580,-42.0910,23.9810,13.7067,-0.4622,-1.1523,-33.4778,-27.5772,27.6016,78.4011,45.3183,-69.4982,-31.2170
29.5374,32.1906,20.9005,-42.2323,-4.4716,-13.2278,-70.9102,-25.6799,12.1810,-25.7325,17.5661,-13.9434,-31.9007,-1.2366,34.2240,83.3569,55.1993,-77.4835,-41.0156
56.0377,9.1557,29.8749,-34.2176,2.4591,6.9738,-42.6932,17.7211,15.5685,-35.9393,-20.6507,-22.3666,-48.5938,17.0608,59.8552,94.1787,40.9342,-63.7878,5.4300
54.2219,10.2181,42.6122,-42.6224,16.0016,15.8658,-19.6924,82.9683,43.9548,10.1224,-32.9102,-9.3149,-42.3370,18.6005,86.3175,114.2087,21.3541,-81.2057,76.6793
29.9569,-15.2096,16.0485,-70.8534,13.9662,6.1378,11.8231,128.9516,75.8909,54.5173,10.7181,2.1220,-4.4737,27.1695,97.5006,124.6908,-1.8864,-114.5078,109.2953
5.6818,-52.5479,-22.0629,-77.6494,-1.6426,10.6108,44.0390,134.2842,75.5014,59.1603,50.3806,23.1103,19.1191,52.9004,89.8127,117.9162,-25.6423,-110.6896,111.7478
8.7381,-45.5756,-9.3502,-51.8978,8.2298,43.9333,52.3897,127.9945,35.8315,51.3109,55.6766,73.8615,25.2534,88.1155,63.6267,105.7917,-13.4945,-79.9388,108.8216
40.7475,-13.7722,39.7721,-17.4133,51.8166,85.6515,54.4455,132.5636,-4.4012,42.0924,34.3455,121.8899,51.5323,130.1896,34.4472,94.9200,26.3050,-51.1503,80.4700
57.8002,-4.9996,55.8302,5.5159,70.4166,105.3150,63.2794,103.3886,-8.2540,10.1616,-2.5701,121.5252,77.5472,143.5031,24.1599,72.7385,30.9021,-24.7539,26.2998
35.2503,-8.6864,24.8110,4.0465,31.4260,85.3655,43.6261,10.5167,18.5055,-36.5575,-26.6471,70.6210,53.9427,81.6492,32.1808,31.6366,-2.3713,-15.7875,-8.6907
8.5082,-1.6933,-4.0751,-13.9146,-11.3036,56.0826,-8.3976,-69.1427,47.5441,-62.7222,-29.4492,7.3012,1.8731,-6.8350,42.7963,0.1888,-14.9102,-32.9951,-9.4142
3.4648,2.4452,-5.1221,-21.9353,-9.3213,65.6075,-42.9243,-65.6037,60.5019,-52.2655,-33.1064,-26.1140,-21.7828,-29.2437,47.3234,9.2673,3.9037,-45.5127,-8.7294
0.5900,-13.7523,0.8545,-19.2782,12.0352,96.7013,-45.1963,-33.7427,60.3330,-14.5862,-28.0437,-28.0475,-12.5486,-3.0749,45.7773,34.2236,9.2048,-42.8361,-20.4400
-12.9949,-42.1911,-0.7233,-19.4374,19.8770,103.5548,-40.9591,-37.2941,59.5105,27.2396,-1.8289,-29.9898,-1.7110,-2.4651,41.7865,32.3600,-20.0205,-39.5013,-24.2230
-27.6394,-62.1690,-2.2664,-9.6370,26.0094,97.0499,-36.1341,-45.3219,52.1617,45.9674,16.4822,-40.4686,-1.6371,-17.5269,35.1361,14.8325,-54.6892,-21.5258,-15.7784
-35.3100,-68.6874,-0.0932,9.5884,45.0454,92.3529,-30.0778,-27.4092,28.8577,37.6937,29.2744,-48.2538,-3.6349,-11.9648,25.2585,16.1244,-65.0126,6.4247,-11.8197
-30.0450,-73.8727,2.9896,5.5081,62.6266,67.9748,-34.8294,-7.4873,17.9153,25.5601,68.9661,-50.5223,5.3050,-3.0617,21.3364,29.1356,-61.3916,-3.0385,-13.2153
-14.8041,-76.4089,7.2081,-19.4861,61.3414,40.7416,-41.3462,4.7529,41.9425,25.5797,106.8839,-34.7628,32.5191,2.2603,24.2314,25.5062,-63.2082,-43.9447,-12.1715
-7.1203,-65.0908,7.7549,-30.3222,41.5718,44.1410,-22.6127,15.3749,62.0070,36.9323,99.2513,-0.5425,66.3231,14.4866,18.3710,0.9593,-62.0193,-57.9895,-12.9095
-12.4176,-50.0454,-3.4943,-27.9937,16.7701,46.5667,20.1986,7.7069,54.9885,50.7409,61.4499,8.9255,84.9441,5.6984,9.0311,-30.8305,-54.5529,-42.7708,-13.5735
-22.5408,-43.0185,-19.2599,-31.3342,4.1674,26.0108,57.8508,-22.3187,61.7515,48.9791,24.4662,-23.6120,94.3522,-36.4072,19.7545,-55.6236,-64.3783,-37.3104,-13.5552
-40.6927,-35.5761,-26.6577,-37.8532,4.2294,22.0096,73.6283,-51.4168,82.3272,27.5170,20.5871,-59.2985,122.6084,-74.2161,39.2200,-65.2350,-93.7215,-45.7430,-38.7150
-62.8950,-30.9099,-34.5274,-50.1870,-6.9952,29.5157,79.7952,-71.6901,67.5692,10.2396,67.1112,-82.8690,160.3536,-91.5918,41.1898,-61.5184,-110.6953,-57.3665,-94.1606
-62.4120,-36.6369,-56.6552,-70.5425,-39.2057,4.9969,93.0344,-90.3225,35.7495,-0.7547,96.6234,-93.7403,165.3492,-88.4585,35.6147,-48.0258,-91.8131,-70.1836,-134.0567
-30.5807,-31.1844,-75.9760,-76.2297,-61.0303,-21.4390,100.6404,-101.9500,31.7782,-36.1770,54.8497,-58.8789,138.1490,-44.9791,31.1774,-31.6817,-34.9852,-74.7276,-135.4074
4.6106,-9.2194,-65.8385,-63.1195,-45.2967,-7.2262,78.6201,-94.1152,31.3172,-79.1693,24.5743,3.9584,116.8467,11.1725,15.4638,-24.6148,30.3788,-74.1218,-118.7121
15.3182,-2.8817,-38.4492,-57.2315,-12.7648,13.3559,40.9637,-61.9314,15.7442,-72.3353,63.4616,24.5035,102.5195,21.2757,3.2559,-18.5152,53.1562,-82.8541,-82.7287
4.2761,-8.9321,-25.1936,-57.3875,5.2291,13.6681,20.2626,-19.9373,10.3058,-31.3401,93.2720,18.0424,77.3832,9.5556,8.0727,2.4343,41.8228,-87.9170,-30.0119
1.2218,7.9279,-22.4644,-47.2800,8.6601,10.6819,13.2132,-1.2097,1.8061,-22.8794,80.6448,41.4394,59.1593,23.8892,-1.6120,14.0361,61.9538,-77.1278,-9.1575
25.5089,36.6801,-9.3039,-42.6765,8.0789,-7.1753,-4.4413,-21.5200,-22.5259,-42.5308,75.5275,61.3435,55.5644,29.1874,-29.8459,-6.0305,112.3838,-76.2264,-31.1747
51.9726,43.6550,10.0754,-52.3394,11.3716,-46.1990,-34.7352,-57.8997,-22.6109,-42.9553,77.6454,41.8681,41.2470,1.6192,-32.4588,-16.6268,125.5861,-95.7076,-47.9415
48.9985,29.3487,25.6935,-51.1079,29.4034,-65.8446,-62.1270,-79.3000,-16.1954,-27.1181,94.8451,19.4332,23.8071,-16.3978,-18.8592,4.8758,90.8483,-100.7644,-53.9424
33.1587,-0.2885,38.2900,-33.3411,49.1584,-59.6475,-76.1647,-76.8460,-64.7966,-14.7632,165.3691,-4.4781,23.6097,-25.7701,-38.0390,-0.9797,51.9180,-72.0053,-68.3306
31.3525,-43.1858,37.5576,-19.1478,38.5048,-55.2923,-78.3698,-65.5872,-115.9531,-0.8464,212.4691,-54.2949,7.5453,-57.0471,-67.2891,-54.9228,22.9181,-31.2755,-60.3328
27.8624,-72.2015,17.1102,-6.9374,7.6911,-34.4425,-78.5565,-69.1485,-89.6621,1.2947,151.4143,-89.8369,-38.1011,-78.2019,-58.1103,-88.1905,-4.8071,2.5083,-28.2193
4.3463,-68.0874,-2.2986,11.7090,-3.8311,11.0147,-74.2557,-90.1278,-42.1962,-31.8673,76.0678,-90.8884,-51.8174,-70.3624,-31.9894,-79.2906,-32.5250,28.1164,-34.2526
-18.2997,-44.4525,-8.8583,21.5338,-4.5852,28.9423,-46.6547,-110.5627,-41.0900,-81.2746,67.0249,-95.7136,-10.7804,-74.8573,-21.9720,-79.6159,-54.0146,40.8956,-78.4066
-18.5000,-12.3584,-13.2461,18.6835,-23.0100,16.5398,-2.3534,-125.7559,-47.0748,-110.4665,43.3063,-87.8981,24.2197,-88.2211,-18.7685,-100.4699,-50.3864,41.0397,-92.6855
-13.0873,15.3767,-10.8346,27.2298,-36.0521,35.1541,22.1065,-130.1457,-36.3147,-102.4416,-16.0132,-44.0971,26.3889,-78.8129,-22.2541,-121.9487,-31.1341,50.3674,-65.9988
-31.2217,10.0566,2.5081,49.4179,-19.6396,74.4075,17.7956,-94.0144,-39.1346,-51.4394,-14.4827,-30.9656,26.5220,-78.8796,-41.5554,-147.2162,-48.6078,79.9050,-30.6740
-60.2927,-23.0883,7.5257,55.2670,-0.2068,71.3779,10.2254,-17.5653,-46.9680,21.3090,42.3865,-68.4846,26.0557,-99.4414,-53.1169,-152.3898,-94.4957,97.5138,10.5023
-50.7589,-38.8661,8.3641,39.8805,7.7507,41.9622,10.3959,46.3956,-39.7673,67.3583,50.7162,-70.9921,6.8964,-79.5637,-40.2655,-105.4959,-86.6179,78.4512,50.3372
0.1382,-23.5210,23.8844,30.8215,17.8623,34.6352,8.2193,66.4684,-28.7260,69.6400,-7.2185,-27.8691,-16.4049,-24.7864,-28.2878,-58.3430,-19.3439,53.5239,65.1095
29.3125,-10.1858,27.6561,27.2156,10.3559,25.3783,-1.6944,58.5381,-8.5995,60.8884,-52.0549,-13.2219,-25.6248,-11.8402,-32.9440,-68.9950,17.7018,44.8412,59.5873
15.0656,-25.6126,-0.2313,2.7503,-35.7838,-16.9003,-18.2779,42.7021,21.4595,75.5568,-25.7572,-22.6558,-28.1710,-31.6007,-37.7657,-88.6990,-8.1405,25.0419,48.2159
6.7685,-63.7233,-18.5326,-25.1636,-74.1202,-54.5017,-34.6244,40.2471,30.5271,112.6853,30.0606,-19.7506,-35.1084,-20.1276,-34.5832,-64.1969,-46.1786,0.1324,30.3049
18.9219,-95.8408,-7.0407,-12.4785,-56.8054,-52.6404,-33.2471,61.6297,14.7418,129.6331,30.6707,-38.1498,-43.3317,4.8994,-32.2789,-38.9436,-65.8349,22.2691,12.5365
21.0867,-94.5925,5.2297,31.7214,-15.3320,-32.7598,-12.3449,68.5109,-19.3949,83.6111,-3.5388,-81.1445,-41.1892,-1.9054,-40.7479,-57.3838,-69.1188,83.7441,-3.7537
21.4080,-58.7425,20.7216,63.0728,4.1902,-14.4968,0.3787,31.0739,-90.5795,5.3339,10.9961,-82.2999,-28.2251,-16.6863,-64.0510,-86.5097,-45.4223,120.9477,-31.2799
36.8762,-8.7498,47.6874,68.5925,12.6555,5.1652,-5.8400,-6.2752,-156.2237,-34.6927,36.3030,-32.2632,-21.2989,-1.3974,-81.8655,-73.7970,12.6161,112.6335,-54.9829
45.1277,29.9314,45.6870,55.8882,28.2667,9.7466,-3.8178,-4.3574,-134.7232,-38.8530,-6.9920,16.2188,-25.1409,38.0534,-63.2845,-12.2923,77.2171,77.1987,-47.7982
42.2923,35.0523,9.4804,32.9010,27.4573,-13.4382,15.3351,7.5601,-62.4510,-51.1630,-63.0956,47.2678,-28.1964,77.6253,-24.7217,46.0281,100.3072,38.2507,-24.8375
43.5231,12.5229,-11.3944,21.7323,-7.2101,-28.9330,22.2596,9.7495,-29.4124,-55.6874,-70.1146,63.8749,-34.8670,92.3036,-13.5130,41.6204,69.0205,31.6497,-9.9051
28.6684,0.2699,-15.7120,27.2882,-42.5493,-10.7412,14.9815,24.5497,-15.9383,-25.0608,-78.4730,50.2981,-45.6842,69.3081,-22.4666,-0.5257,29.8167,53.9029,7.2014
-2.9228,16.1503,-29.6494,15.5667,-49.5960,-2.2759,23.3235,45.1256,14.9902,14.7935,-100.0551,21.4609,-39.4226,31.4218,-10.0594,-2.1975,27.4294,42.6593,27.9856
-6.2447,35.5945,-37.4925,-25.6061,-63.0752,-48.4298,25.2911,32.8836,26.1724,43.7509,-82.5395,13.9626,-33.9962,7.1550,10.0924,35.0599,50.3156,-15.3180,26.5269
13.2128,35.9376,-41.6950,-61.1106,-114.5211,-117.4792,-17.8146,-10.6746,20.4319,61.3192,-50.0691,21.1348,-69.5057,-2.4633,4.8181,51.8833,65.0679,-57.2230,1.0580
11.5948,27.8702,-64.6259,-59.2438,-146.9882,-143.0853,-46.9686,-36.8808,30.8787,38.1146,-57.3144,29.7969,-104.8222,7.2056,-7.6947,44.7031,66.4048,-47.0072,-10.8229
5.2405,38.9337,-67.5860,-15.9244,-98.7770,-103.6447,8.1527,-14.5985,18.4052,-28.1629,-93.4670,64.8909,-76.7950,45.0473,-9.8171,32.8102,70.0164,1.5517,18.4933
15.0174,70.8420,-28.6021,37.4760,-29.2030,-42.8967,78.6749,27.4316,-22.5757,-67.2221,-131.2095,113.1683,-29.5788,76.0637,-15.7772,10.4750,75.4538,55.2904,64.0606
4.4210,79.3969,-19.6276,44.0587,-32.2623,-27.9766,73.8823,39.3430,-12.6341,-45.3439,-143.8335,107.9936,-28.8327,61.6305,-16.0458,-1.0070,58.6572,64.7800,72.5505
-21.8757,42.4159,-60.9355,9.7412,-76.5043,-63.8776,40.2618,21.8612,35.9570,-22.5530,-115.0288,58.0321,-43.1305,37.4062,-3.0775,11.7278,22.7449,35.6221,37.4140
-6.0653,21.0495,-64.9610,14.5855,-71.0458,-74.9687,38.6754,14.7074,32.3646,-44.2562,-103.6224,55.4850,-34.4378,54.5508,-17.0103,-5.7099,23.2297,44.8736,12.8313
39.6360,60.8354,-10.7343,63.2886,-25.1701,-26.0498,31.7010,27.9243,2.5865,-75.9055,-150.3646,115.8982,-26.6050,88.9039,-57.5342,-60.6074,74.4208,88.4010,30.3211
54.4273,97.6045,23.5798,70.4960,-8.4998,14.1875,9.9046,48.7833,12.1075,-68.0233,-168.8901,159.5860,-26.2950,99.5887,-61.3008,-66.1879,102.1702,78.2189,61.5337
39.2425,72.4665,11.8420,36.0641,-21.8770,1.1943,24.4146,81.0533,11.3354,-20.7015,-112.8343,154.3216,-21.4497,99.4984,-35.8490,-18.0749,77.9833,38.1139,86.8401
24.9717,33.0716,-2.8592,39.4681,-16.9315,-9.4496,57.6680,120.2295,-30.7857,29.3029,-80.7455,134.9201,-34.5237,97.6905,-44.7820,-13.2595,64.7041,60.4834,128.3745
10.0407,31.8043,1.5373,74.9112,14.4965,19.0044,54.2182,142.7979,-42.4240,59.3781,-114.2248,121.6972,-67.6770,74.3094,-67.1300,-53.4780,75.4390,108.5585,191.7189
-5.9494,48.6560,16.7769,84.7455,48.6788,39.0430,27.5443,143.0216,-7.2509,76.2979,-132.1789,117.5994,-79.7522,43.3348,-57.7668,-62.2306,68.6521,103.9350,235.6860
-11.2177,56.0012,31.3870,80.4133,78.6702,15.4830,5.4523,128.5017,13.1143,90.2463,-109.6214,117.3858,-65.6132,30.0726,-54.9721,-53.5719,58.0706,83.0387,226.5903
-12.4032,53.5672,39.7585,88.4442,102.2780,-25.7101,-21.3462,100.5928,8.0152,109.7487,-87.7009,97.2955,-57.5529,10.4316,-84.5978,-78.6786,60.4423,91.3074,187.8496
-17.7258,46.5407,50.6179,90.9545,105.2747,-52.8961,-45.2073,70.9909,-2.1324,142.8027,-65.7492,63.8933,-60.2840,-29.0860,-103.3413,-107.2735,43.0191,98.6101,162.5704
-19.9741,43.8518,64.8266,83.0822,91.4940,-60.0698,-46.5432,49.6780,-17.1412,165.8508,-46.4248,53.6880,-60.9233,-49.6895,-93.3921,-98.2529,12.5037,90.8443,150.0737
-19.3299,42.8882,60.1805,75.1579,84.9148,-60.0465,-31.8048,23.4140,-7.7951,145.7705,-63.1473,50.9495,-57.0891,-43.1975,-65.3379,-65.1068,-1.6721,79.0128,128.0752
-25.2272,25.4863,28.4165,51.4837,77.7922,-70.1662,-6.9925,-7.5690,46.2743,108.8509,-99.2755,21.4493,-49.3121,-42.0337,-11.0299,-18.3834,-23.6579,47.8487,104.8294
-36.3162,1.3520,-14.6884,9.1050,39.5564,-86.6833,17.1074,-21.3111,93.9464,96.7927,-114.1190,-1.6395,-52.1868,-35.6346,45.9309,46.0137,-45.2095,0.9274,91.2195
-39.7052,-1.9667,-50.9796,-22.1680,-7.2826,-93.7481,9.2967,-21.0579,103.9707,88.5575,-119.2775,11.0559,-81.0376,-0.3173,66.1940,111.7979,-14.0407,-31.5300,73.5412
-29.0249,8.6264,-59.1190,-31.6738,-17.4744,-97.3326,-20.8667,-21.1034,103.3941,64.9534,-123.5953,25.7818,-107.8651,33.2699,68.6941,157.9787,29.2990,-48.0798,51.7359
-22.9642,12.8397,-44.1086,-34.1049,-22.2539,-103.3594,-27.6557,-6.0751,89.2054,58.4073,-97.7076,28.3057,-102.1531,40.6153,71.9528,174.5747,15.0759,-52.3353,38.8933
-46.6459,5.5964,-53.9275,-35.5548,-65.4708,-91.1035,-11.0486,40.3212,66.7028,80.9238,-63.3154,28.7615,-90.1369,44.8868,62.0882,168.5834,-21.7665,-33.5895,37.8394
-84.6667,-21.5693,-95.1025,-37.1698,-90.8215,-59.1179,12.5323,106.6916,102.9686,117.3500,-86.7107,6.9997,-92.9152,52.0234,70.3325,169.2998,-46.8705,-14.4817,70.4593
-96.9310,-57.8734,-108.1440,-42.4797,-47.0288,-43.7480,57.1550,164.3999,180.7529,161.6106,-135.9233,-28.6558,-73.7985,40.3869,115.1856,176.5122,-85.6960,-25.0772,141.4480
-84.5130,-65.5762,-82.2904,-50.2332,-5.0937,-59.9694,96.3208,173.9600,172.0729,171.9544,-94.2953,-42.3973,-22.0236,8.5366,124.9106,149.5063,-112.2283,-45.5737,169.1004
-79.3324,-54.1820,-69.7563,-58.9153,-23.2610,-84.6358,66.8918,125.6096,73.1684,113.4645,39.1265,-63.8235,0.2561,-28.3136,78.2156,106.6711,-96.2374,-51.5691,101.2952
-83.4090,-70.8706,-73.4591,-63.5720,-41.2481,-97.5247,-5.5836,77.0660,26.9618,63.1576,123.0160,-114.5741,-33.4719,-49.1936,59.8174,115.2277,-97.0086,-51.5889,28.8754
-80.1049,-95.2660,-58.2020,-53.4482,-17.0629,-91.1789,-23.7646,74.2981,62.2882,88.1121,94.0002,-127.0771,-50.5771,-39.5265,83.3697,144.9627,-136.9473,-45.4344,26.8677
-73.5135,-70.6926,-34.2805,-34.7783,5.2297,-71.0199,30.2278,79.3432,70.9465,107.7019,43.3348,-90.2058,-0.9344,-33.7827,82.2280,112.9334,-147.5167,-28.2353,39.5232
-70.7172,-16.0075,-26.6899,-30.8810,3.7611,-65.8976,78.2067,52.5126,30.1074,64.1410,34.8861,-84.3356,46.8575,-69.3465,65.9362,59.9400,-109.6878,-24.4821,29.1515
-61.4666,13.3440,-32.9085,-45.6205,-6.6138,-89.0543,65.2375,17.0613,19.3402,33.3715,20.9514,-98.7850,20.9609,-95.6692,72.7418,70.6088,-60.9857,-47.8738,28.0458
-39.5907,12.5139,-45.8984,-55.9597,-29.4300,-101.1630,17.9503,-5.9572,61.5188,40.9551,-31.5770,-63.8726,-32.9564,-57.4697,73.9719,99.1122,-17.6869,-66.6407,25.7423
-17.4183,-0.6448,-54.3931,-43.6881,-51.6104,-68.1947,-15.8165,-25.6126,97.8259,18.2281,-75.3281,-16.8375,-51.1287,-4.5968,54.5974,74.0978,-1.2668,-51.5565,3.2087
-6.1868,-19.9077,-47.1211,-16.7055,-43.9358,-16.2860,-36.4975,-37.0691,84.1228,-32.0581,-65.9374,-4.9160,-59.8023,14.8358,36.3484,35.8102,-9.6867,-18.2723,-0.3270
3.2099,-29.3280,-36.1588,2.6473,-21.6583,18.8991,-54.6620,-29.3953,46.0423,-51.9658,-35.9076,18.0348,-78.1890,35.4208,13.8198,23.0400,12.5973,0.8914,24.2267
19.4421,-15.5109,-28.3471,7.6226,-10.3616,38.1153,-39.9502,-16.6240,39.3146,-41.9099,-52.9339,56.7155,-62.4100,57.3640,-5.2508,1.0503,53.3554,1.8310,39.9059
21.1393,2.7472,-15.3266,7.8981,-5.5311,42.1012,5.7192,-21.9065,64.2893,-17.2954,-104.7253,52.9647,-23.0345,33.6374,10.4781,-22.8869,33.7527,0.8837,43.3614
-9.5418,-4.1519,-18.2530,-2.0753,-18.7743,17.7234,19.3618,-50.9238,69.3793,25.0856,-98.2859,20.7794,-21.3594,-6.1160,36.0158,1.2445,-24.2543,-4.7465,30.6919
-40.3301,-37.3572,-52.3535,-28.0181,-55.7098,-19.3018,-1.4959,-80.9270,49.0628,56.8122,-27.9894,4.8461,-37.6531,-3.6064,32.1760,45.5179,-43.3509,-22.2777,-17.5472
-36.8250,-63.6998,-70.4850,-36.4041,-66.3168,-29.7250,6.2519,-81.1114,37.7690,48.7485,-0.6720,-5.8048,-20.8409,19.0905,22.1359,50.5234,-41.5101,-22.1659,-62.7061
-18.8214,-53.1206,-41.3684,-1.5599,-27.9859,-6.4143,32.0935,-60.2453,15.9909,10.2729,-24.9953,-2.8175,3.6954,35.1670,16.9479,33.3312,-48.7457,17.3060,-67.3569
-5.9468,-22.4030,-2.6346,38.3327,12.4350,23.0321,24.8676,-53.3370,-46.2080,-47.9549,7.6987,44.4865,19.0055,67.3403,-13.6976,22.6192,-31.1781,53.3451,-75.1595
20.9128,-5.7633,24.3354,45.7263,34.0045,37.7347,9.8973,-61.0581,-101.0838,-108.4188,91.4858,99.6824,61.4638,102.3159,-54.7213,-6.9224,3.3296,47.1878,-107.2722
55.9437,10.1847,51.7543,42.9085,50.0632,31.5579,14.4494,-67.9905,-96.2716,-135.5214,103.5521,120.1116,106.2911,100.6372,-68.2948,-54.9855,15.5617,30.3033,-118.4252
61.2989,53.4530,62.4631,49.7754,46.9642,6.9382,7.1682,-84.6159,-56.1137,-129.8773,25.2426,125.3078,93.2281,75.8519,-62.4439,-70.5840,27.8687,31.5578,-105.0989
39.7270,95.9871,43.0108,44.5600,23.7469,-17.9961,-11.2284,-112.0247,-22.9862,-123.3872,-47.6450,112.9373,49.6909,48.2584,-46.2181,-42.3228,56.3406,24.9028,-100.8280
21.9625,97.1125,19.7996,17.4254,6.2093,-29.1799,-19.3259,-128.7128,0.8505,-118.0455,-66.4171,52.5147,23.0706,6.1602,-9.5626,-3.6609,60.9694,-5.2424,-104.2367
4.9048,71.9640,-0.3258,-13.8161,-14.5304,-41.7975,-36.0947,-128.3250,38.8935,-92.9756,-69.3682,-19.3302,-4.4482,-30.7977,34.8997,42.6432,31.1567,-37.3205,-108.9956
-24.8786,50.1446,-36.1759,-40.6305,-48.2005,-69.7019,-51.1203,-106.9434,108.4564,-39.8303,-100.1890,-45.6722,-33.6760,-26.9961,71.7993,105.8612,-1.6165,-61.3069,-110.3661
-54.1085,28.7036,-75.3555,-63.3886,-64.2893,-94.8112,-32.0106,-57.4467,178.0456,23.6500,-130.5411,-42.8462,-32.8101,-3.2573,98.2982,154.5405,-23.5330,-82.0027,-88.0900
-72.4965,9.3735,-95.2630,-76.1335,-64.2647,-101.3013,-19.7564,-11.9940,187.5795,52.1026,-94.6385,-42.2502,-19.2925,4.7639,96.1574,160.9501,-31.2886,-92.8694,-62.4503
-87.6452,11.3094,-100.8933,-74.0708,-75.7417,-98.0879,-47.1334,-7.0099,147.5540,28.8920,-18.4316,-33.1545,-20.7396,2.9330,64.8328,142.4892,-24.9199,-86.9591,-68.8310
-97.3844,27.4629,-94.8378,-53.7139,-73.7643,-85.9527,-61.9504,-25.8231,116.2864,-3.0150,7.2618,-14.0682,-19.1073,2.5004,38.1955,116.6032,-22.3846,-62.6411,-81.2397
-87.0198,33.0127,-67.1200,-12.7706,-35.4909,-54.1791,-54.1416,-51.8817,82.6658,-28.5609,-9.9374,-1.6145,-12.4018,5.5993,18.2695,80.5711,-25.2366,-16.7766,-86.0463
-52.3878,31.3807,-19.2987,34.6565,9.3608,-12.5286,-66.6031,-87.7152,16.8535,-67.3614,-12.2295,8.9285,-19.5113,22.2452,-10.0776,51.3502,-15.2631,35.2983,-113.1642
-8.5205,40.3527,36.7662,64.2316,48.2959,19.4674,-67.4714,-93.4651,-40.9825,-79.3933,-21.5115,23.5192,-21.1291,41.9769,-21.9379,48.6562,2.7986,62.2399,-125.2947
24.5899,52.6625,80.7569,72.2481,80.9935,42.7631,-26.5406,-45.4428,-72.3661,-46.0659,-38.8923,32.3685,-1.1311,39.2006,-19.1451,34.9237,18.4159,65.7594,-75.2505
44.5728,51.7272,92.3300,80.8893,80.6105,70.6014,-0.5422,-9.8786,-111.7116,-56.9932,-14.3696,40.3085,17.0499,24.7815,-49.6334,-42.6169,37.0115,82.6518,-24.7372
66.1106,51.5413,86.5558,104.8895,65.6654,106.2893,0.6324,-27.0626,-137.5781,-134.2117,-7.5868,59.8203,26.4987,22.0037,-97.1659,-152.8432,61.5364,119.7701,-13.7979
95.4556,84.2391,102.4863,127.4093,87.4793,135.3130,23.4429,-45.0958,-123.8053,-172.2217,-88.4721,82.5303,39.0805,20.3261,-105.0526,-207.4033,102.4139,137.6482,6.0168
117.9289,140.3092,139.3385,125.1812,119.5690,136.6064,38.1416,-42.6729,-133.3670,-152.2318,-137.5589,99.5107,48.3108,13.7526,-92.6522,-180.1601,158.2189,115.5043,17.6303
111.0808,155.1788,153.6916,105.1212,118.4886,115.2924,11.7365,-45.2040,-180.6478,-137.6999,-54.1103,112.0686,51.2200,20.2220,-97.2986,-125.7832,172.1624,82.8077,-13.6965
73.9713,96.9660,129.1057,88.4605,115.8338,102.6393,-8.7980,-27.9975,-175.6582,-92.2781,38.4556,104.0631,45.7125,30.7815,-93.9156,-90.4114,116.4175,68.4560,-8.8066
43.7861,32.3456,101.0198,76.8051,125.0216,102.0900,-17.2294,23.9679,-111.4230,10.5154,28.6355,61.7280,15.9999,18.6733,-75.3357,-75.8962,71.7428,64.4832,51.5137
48.9164,28.8922,95.4973,62.0036,111.7786,85.2406,-46.9173,49.8594,-63.8983,64.8934,-18.4096,17.5056,-9.7007,-1.5922,-71.1256,-74.0598,87.9544,52.0794,50.5772
54.3785,46.5489,81.8539,40.1394,82.4725,51.7026,-52.7564,23.8502,-24.2916,28.8962,-28.1417,16.3655,21.5339,4.5707,-62.7209,-68.1901,88.0133,23.4745,-17.3440
19.8212,28.8867,28.9116,6.2413,46.5733,24.7549,-6.0662,-8.3426,29.8029,-6.8467,-0.6479,54.5785,72.3200,32.8226,-24.3832,-31.6909,32.2151,-18.1901,-42.5198
-23.5566,10.6020,-25.6710,-27.0720,-9.5303,6.1440,26.2870,-25.9321,43.4359,-8.8826,34.2109,88.2649,67.8146,50.6032,9.8066,25.0728,-7.2151,-49.7187,-26.2994
-36.2739,23.9410,-34.5174,-29.0842,-36.3880,-1.4249,25.0429,-22.2570,21.4750,-8.5990,29.8616,86.2799,36.2531,44.9926,16.1453,52.0554,-2.6081,-44.2495,-14.3890
-36.2966,25.9301,-18.8856,-5.1289,5.6776,16.5533,32.1575,24.1304,27.8318,3.6028,1.9597,62.7142,38.2021,34.3148,12.0744,33.3159,-1.7908,-16.7608,20.6637
-31.6948,2.3273,-9.1716,0.8194,36.0030,35.1107,30.9971,68.6758,29.6502,25.1510,28.8377,55.5981,50.7134,37.9449,1.2619,11.9056,-7.6208,-11.7237,51.0837
2.5256,-8.5691,5.1001,-24.3987,5.0669,13.1192,10.5477,42.5227,-7.7766,30.8494,77.8109,66.9785,43.0515,49.2071,-6.8127,23.5129,7.4690,-41.7268,15.3775
46.8843,-16.1220,14.2772,-53.7903,-13.3710,-30.3114,20.0000,-8.3496,-4.2100,43.7688,49.5378,60.8911,39.0317,52.8578,15.2455,51.3961,24.2094,-80.1447,-25.6349
55.6350,-41.7076,-4.5225,-68.6602,1.6896,-53.6999,48.3980,-8.5548,49.3300,66.7004,0.8603,35.8750,47.1725,49.4437,40.9700,57.7835,21.9019,-98.7999,-13.0481
40.0966,-45.7979,-19.6156,-66.9918,-7.7254,-61.8673,39.6581,4.3155,39.6735,49.7069,34.9187,21.9000,46.1538,36.4332,24.9573,35.6292,17.4137,-89.3323,-8.3359
37.9376,-23.1305,0.1130,-57.1932,-26.4502,-63.3428,23.6311,-5.2324,-24.8989,18.5334,83.2393,6.4491,37.1191,5.5987,6.0336,15.8995,11.6432,-70.8423,-22.7351
47.5709,-31.0240,20.3682,-54.9759,-15.9309,-42.9926,47.6809,15.3773,-28.3057,40.4981,60.8454,-26.1782,37.4440,-20.0781,28.5267,12.1707,-11.5338,-65.8918,6.8409
48.0834,-56.1872,15.1233,-51.8604,-9.1682,-12.8103,74.9525,55.9308,6.8796,63.4189,33.4172,-27.7228,53.6401,-10.1021,39.1113,-6.9133,-35.5664,-57.9456,41.3606
33.7144,-36.7383,8.9023,-23.6154,-16.1354,3.8161,72.2155,32.2588,-18.1115,4.3541,57.4433,23.4259,75.7986,14.7088,0.1076,-49.3385,-36.0121,-21.9697,14.4799
19.7582,1.6029,16.4461,17.5904,3.9887,21.8741,61.9399,-34.8923,-72.7190,-88.5476,76.5364,62.9209,78.6992,19.5415,-30.6375,-75.3409,-21.8968,19.9111,-15.1738
28.2259,10.0505,30.5164,46.5882,44.7231,51.2099,54.6818,-63.8635,-84.9747,-136.9113,44.6130,60.8924,54.9700,16.0984,-25.3589,-78.7214,-6.8524,43.9743,3.3530
45.0955,21.1099,44.2655,70.9978,68.7220,68.4635,42.9452,-71.6479,-83.7658,-154.6208,-10.1243,63.6567,27.8240,24.0244,-28.3363,-83.2300,18.8597,68.1260,14.9855
35.8683,56.2628,48.2365,89.2393,76.0152,75.3560,31.4735,-83.5880,-107.7160,-159.9721,-37.7430,83.8946,6.9857,35.5290,-41.6110,-62.3928,57.1747,87.6624,4.4995
20.4955,69.5548,50.1580,78.6503,79.3271,91.4414,22.4353,-45.5700,-123.6727,-127.1052,-16.8995,95.3586,-7.2983,48.9476,-33.1562,-7.4579,80.0599,70.1715,24.7512
34.8463,43.8882,60.7043,57.6142,78.0588,95.2056,11.1624,24.4102,-99.3175,-82.3335,20.9236,101.7818,2.6906,65.7266,-28.6032,-2.4418,65.7378,41.3988,59.4517
43.1420,11.1744,49.7450,59.4632,68.0088,71.4589,-4.6234,25.6243,-47.7909,-85.1142,30.0341,103.3596,23.7177,66.5369,-51.4648,-72.2085,28.2399,48.6635,52.5024
12.2925,-10.6562,9.4639,64.2196,48.2000,58.3101,-22.6447,-24.0717,1.5679,-100.3586,12.6621,83.7512,14.4275,46.5989,-57.7182,-108.2827,-4.3430,63.9066,30.9743
-11.4165,-18.0714,-3.2669,46.5064,35.8525,65.3767,-30.4461,-28.2475,28.6770,-54.4948,-2.0008,60.6825,-9.1622,25.0821,-29.1363,-71.6788,-19.1595,43.3358,47.0336
-6.4216,-15.1214,15.4490,23.6195,41.3213,46.3701,-27.7392,-5.9342,40.7798,13.1739,-0.7236,45.5138,-8.9100,1.9139,-8.3475,-45.4131,-24.8138,9.4508,71.6685
-17.3358,-22.5994,3.6838,8.8095,39.0518,3.4553,-37.2820,-12.1972,55.4907,25.7877,18.5701,9.8201,-7.7695,-25.3782,-4.3690,-41.2155,-36.7583,-6.0187,58.2491
-37.4143,-41.1748,-17.6436,2.5941,30.5820,-4.8233,-50.5719,-4.8005,55.9619,18.5017,38.1590,-37.5892,-19.5487,-32.8879,4.0406,-13.4503,-50.3749,-3.3199,28.9858
-16.4340,-43.7450,10.5568,16.2093,50.1915,23.2694,-35.1065,32.3230,21.4899,39.7943,25.7705,-57.2747,-9.6745,-23.5580,-2.3837,-12.1957,-38.9178,18.3428,17.9065
23.1369,-25.9935,42.6089,37.8905,69.5396,38.0272,-10.5145,27.3803,-14.5809,36.9953,-13.7579,-64.9469,10.1514,-39.4888,-32.4763,-80.8770,-0.6243,47.4283,13.5223
29.1331,-4.4821,34.3739,41.3169,49.7577,39.8889,-1.7616,-24.7508,-26.7309,-7.6180,-42.4087,-83.4269,6.3276,-81.2603,-42.1449,-136.0574,22.2921,56.6989,7.2786
15.7843,19.2947,38.9819,39.1815,37.6735,56.6009,18.4648,-51.7104,-53.7984,-23.5050,-40.4159,-78.5634,8.2709,-100.1528,-24.7238,-119.8427,14.9855,52.6959,9.5638
14.1563,43.8693,60.8324,41.6390,48.1366,63.3371,35.9467,-46.5465,-94.2209,-18.6408,-12.9220,-36.7533,26.7501,-78.6386,-23.2993,-84.9165,19.3447,47.1749,6.7619
12.6098,54.0867,33.2126,18.3975,14.3645,31.6275,4.7261,-45.7702,-71.2872,-58.6858,17.3315,1.0522,19.0258,-44.2494,-27.0702,-58.6897,43.0961,14.0565,-9.9388
-3.2463,41.4732,-25.1730,-25.0544,-42.5395,-1.0079,-20.5376,-36.1166,5.6131,-97.6312,25.9159,11.6409,1.6821,-19.5609,2.6366,-17.1166,39.0299,-38.1437,-10.0257
-20.1983,14.5328,-46.1602,-40.3436,-41.6774,3.9990,17.8039,-4.3937,25.2050,-68.4602,24.5432,3.7689,12.5947,-5.3331,34.1815,25.4606,13.7665,-51.9175,11.2569
-19.2011,-1.8573,-40.3517,-29.8100,-24.8593,19.2820,38.0002,16.2891,-22.3609,-28.7012,30.2172,-6.2814,4.0954,4.6007,23.0828,39.1526,29.2296,-29.8125,18.6606
-2.3293,8.4894,-40.9912,-28.1126,-53.9889,15.0052,-8.3046,11.2076,-38.2597,-33.4792,19.0371,-0.6703,-46.9666,8.1861,-1.5078,27.8503,73.4288,-22.6232,19.6067
2.3605,18.7709,-43.1110,-27.5981,-72.4662,14.5408,-24.8258,8.5615,-12.7103,-42.7639,-9.3664,9.7997,-67.7766,1.6272,-0.1282,10.1814,74.8384,-23.2633,42.4257
-15.5455,1.8721,-47.9450,-13.7559,-48.7771,38.0728,16.0149,18.5916,-12.0265,-42.7566,-10.5466,6.0797,-40.0194,4.2154,10.1191,5.7681,40.0821,-3.7008,55.3227
-20.7629,-16.2600,-46.7686,4.1026,-28.3432,63.8537,26.8610,10.1688,-33.6768,-63.7522,11.0245,15.1281,-20.8917,30.2482,2.1885,7.9403,24.3132,19.2215,28.4274
0.0402,-12.9506,-13.2976,28.0370,-2.2223,72.9121,8.5924,-31.7000,-53.0284,-86.0822,23.4713,41.7131,-9.0962,37.0326,-19.7411,-26.2664,15.5360,37.4217,4.5059
4.6899,-8.3895,24.8524,51.9570,45.1948,70.8747,19.9258,-59.7273,-86.1331,-77.8589,45.7743,23.5422,16.0289,-11.9637,-37.0486,-83.9568,-8.1989,59.3114,16.8760
-14.6596,-2.0327,25.6008,47.9559,57.1898,62.8889,29.6998,-27.5328,-111.6298,-51.5069,65.4547,-37.5129,15.6647,-60.8273,-35.0530,-82.6418,-4.9433,62.1151,32.6830
-9.6971,23.3662,21.3735,26.4474,27.1552,50.8381,5.3318,19.7006,-90.3227,-23.7523,23.6189,-58.7431,-16.0638,-52.0757,-17.7017,-24.2377,33.7939,39.6509,21.7443
22.1476,33.4583,40.8303,16.2918,17.8996,38.5309,-8.0258,8.6062,-53.5289,-7.6751,-30.0621,-45.3304,-22.2959,-34.1668,0.3985,-1.1898,39.7454,18.9407,-1.0107
33.9247,-4.3912,38.9840,-5.6798,26.1364,20.7553,10.1942,-34.9599,-35.8320,-19.7611,7.9782,-66.0369,7.5898,-58.6621,22.5317,-20.0688,-2.6805,-13.5810,-6.5457
26.5607,-47.8789,4.2263,-50.6245,15.2080,-3.0412,31.2991,-38.5173,-23.1312,-39.8967,87.4806,-95.9161,31.3711,-79.2411,48.9545,-14.0952,-25.3963,-67.9791,9.7241
35.5426,-47.9344,-2.4589,-63.0017,1.9147,-13.4159,42.7655,-14.9768,-33.6932,-38.4712,96.4737,-84.7527,33.5965,-58.6224,49.5702,5.1149,-6.8286,-79.8179,10.4691
51.3990,-14.4814,30.7099,-28.1330,-7.5406,-2.0131,34.8788,-25.5269,-88.6167,-44.2190,67.5465,-68.3629,26.5617,-46.6321,14.8733,-14.7849,8.7571,-28.8014,-33.9875
42.4219,17.1885,45.5589,-6.8221,-24.9924,12.0702,0.2103,-66.4363,-123.1952,-87.1504,80.0927,-83.1930,21.2331,-77.6449,-12.4179,-54.5292,6.2006,1.6033,-81.6587
11.8927,20.5633,23.6799,-16.6476,-19.4504,13.5181,-27.9678,-84.6721,-86.2679,-116.2470,103.7345,-113.0715,23.2021,-114.1758,-4.3022,-65.6456,-2.6934,-17.4875,-80.4508
-16.5168,-2.0410,0.8981,-23.9640,11.1926,0.4988,-22.9905,-67.7012,-26.7499,-77.5507,87.0531,-141.6761,27.7537,-125.4902,18.0191,-44.2793,-24.0147,-30.4172,-57.9915
-29.3435,-13.5006,-8.2945,-34.1176,3.3019,-25.9004,-6.6467,-59.3692,9.1793,-18.6422,56.7571,-145.6503,31.0465,-122.1026,36.0740,-15.7017,-52.4700,-37.8380,-60.5585
-27.0227,2.3160,-18.2273,-55.1765,-47.3001,-49.7363,-0.8022,-87.5659,25.6315,-19.4662,45.3000,-109.6751,30.9571,-115.6845,46.7917,-6.9428,-60.6614,-62.0383,-70.5618
-19.8087,14.2787,-26.9029,-47.2983,-66.0104,-49.3117,-4.9028,-112.8640,22.6169,-65.9303,29.1604,-83.4803,13.0081,-111.1179,39.0175,-30.5395,-47.7861,-52.3740,-56.6615
-12.1705,5.1788,-20.1975,-8.1734,-35.2268,-28.8576,-8.8679,-91.1091,11.3449,-85.5549,-7.8887,-101.3373,-12.9129,-110.1980,20.5681,-64.5998,-39.9747,0.8086,-27.5481
4.7222,-12.4710,-5.6129,-1.6544,-11.8857,-5.6767,6.0335,-44.7177,18.0346,-62.1994,-24.1907,-107.3541,-6.9095,-96.9254,25.6953,-68.0995,-42.3707,8.2166,1.5052
28.7167,-36.5529,-0.6240,-46.2043,-23.7914,10.9141,34.1173,-6.6731,34.6241,-14.6267,2.4691,-75.2258,17.8068,-62.6096,59.0889,-23.1809,-41.0801,-54.5181,28.6185
39.3229,-62.0926,-6.1164,-87.2925,-48.6889,4.5870,40.6259,29.5508,50.9565,59.7264,14.5935,-62.7827,10.0114,-34.8014,85.4416,37.9708,-37.4341,-103.5427,43.6385
30.3186,-76.3510,-20.0824,-95.9313,-66.8568,-29.1164,32.1378,50.9424,83.1691,124.9451,-18.3826,-83.8016,-8.5840,-32.0780,87.8823,60.5412,-47.0765,-102.1163,32.6218
17.0853,-89.7514,-44.5608,-94.2412,-77.1816,-54.1580,47.5824,28.7078,112.6523,121.3506,-35.3130,-87.3347,9.4485,-30.3751,84.2455,42.4139,-71.2224,-91.8467,5.7977
7.1622,-100.0185,-62.6052,-89.6233,-77.7582,-46.9202,66.5853,-9.6528,105.5364,82.3904,-18.6284,-64.0006,25.9204,-16.6530,82.0035,33.0126,-81.9875,-86.3004,-6.8368
-3.8392,-74.8349,-55.3457,-64.9290,-62.0810,-30.5341,43.4512,-23.7696,83.7606,68.5776,-34.3240,-45.3018,-4.0330,-11.0263,68.5404,42.9739,-57.4528,-61.5567,0.2007
-15.2210,-31.6076,-43.7056,-28.1164,-40.5511,-15.5436,2.8388,-22.9501,73.9313,43.3891,-77.6979,-41.0314,-42.6793,-10.8677,48.4524,46.0614,-21.2054,-22.1504,0.8948
-25.3839,-24.5949,-58.2140,-13.7104,-39.2398,6.0052,-10.6111,-20.3270,66.7316,-11.8692,-79.2366,-41.9466,-56.7211,3.0991,43.1852,50.7814,-5.7069,-3.3431,-6.0787
-38.5906,-35.1598,-84.0515,-31.0163,-62.0865,7.9018,-13.1461,-22.0225,68.9202,-27.1896,-51.4801,-34.9104,-66.5088,11.5262,52.3589,71.1162,-4.1903,-21.9272,1.4541
-54.1497,-13.9532,-87.7500,-46.7920,-78.2651,-22.8512,-32.7113,-45.2852,86.6083,-2.2752,-45.6073,-11.7827,-78.1482,1.6377,58.4678,94.5014,-4.7540,-48.7504,5.0296
-62.8677,8.8984,-65.6389,-31.2797,-55.0248,-38.6242,-48.6541,-58.2456,94.1952,3.8653,-55.4948,9.8600,-75.1728,13.6997,63.2394,127.8870,-23.7682,-41.8216,-17.5159
-59.3542,-9.1731,-34.7488,2.3713,1.5877,-22.2042,-35.3757,-13.2213,91.0438,20.6047,-67.6825,7.7442,-58.7654,50.1117,70.7524,159.7899,-63.1494,-4.7867,-24.5623
-50.0073,-33.7271,-10.4630,23.1817,39.6717,-18.6178,-22.8935,37.0795,97.0483,61.5971,-70.4553,-7.8936,-43.2452,46.9180,60.7906,127.8917,-95.5415,22.6015,7.1325
-47.3218,-28.9450,2.6638,29.2817,28.1701,-24.0443,-53.6858,32.5390,95.7872,52.3260,-33.4171,-8.1236,-41.1383,10.4052,30.6831,52.5238,-112.5476,30.0216,26.1994
-53.2907,-16.8879,15.1443,44.1070,19.4944,12.1392,-91.1860,30.6803,72.5035,9.9052,14.2224,23.2631,-44.1694,23.0724,8.9615,33.6930,-119.4323,43.3509,19.2134
-51.1450,-16.1920,32.9590,70.8639,62.6166,69.5635,-62.5664,65.2322,38.3122,10.7704,17.7422,69.3094,-19.2571,75.8611,-2.0558,49.0592,-103.3247,69.3336,30.2795
-30.1885,-12.5869,40.8257,81.7996,94.1642,88.1952,1.3519,67.3733,-6.5253,-3.8979,15.0376,87.6575,25.4449,86.1600,-18.8944,12.7600,-67.3153,82.3342,41.6865
-7.7291,5.8419,28.8952,65.5974,45.8066,78.5305,1.0446,30.2639,-37.2850,-90.6230,33.3119,70.6162,27.9873,64.9528,-26.1376,-22.9741,-38.3977,70.3214,6.6580
-0.3885,35.0804,14.9148,51.4039,-18.7665,84.6147,-53.0655,15.7369,-16.5163,-149.9130,0.9037,53.2321,-13.6631,66.3768,-16.0129,-2.1816,-13.4676,58.6541,-41.9132
2.1272,59.8634,18.2012,58.8783,-15.9590,103.9686,-63.2934,12.2838,0.3861,-125.9126,-72.6840,29.9463,-29.1919,52.3497,-19.4811,-7.2413,27.4798,69.4059,-55.9320
8.4808,63.2359,34.0762,63.9978,22.0151,113.8205,-25.1595,-4.8282,-54.5023,-91.7842,-73.1942,-31.7739,-7.8195,-11.7664,-36.5695,-56.6366,63.3194,81.1228,-50.9345
7.1608,51.2974,44.6074,49.1626,34.0151,107.2988,-11.6778,-1.0080,-114.2028,-76.5434,-8.2696,-91.1763,-0.9999,-59.5469,-33.6499,-53.9409,64.4056,68.4451,-49.9070
-4.6026,48.1597,42.3184,39.8658,29.6594,84.8773,-30.1824,18.3070,-106.5000,-62.0083,16.2603,-92.6552,-14.0413,-53.5138,-23.1145,-14.4565,48.1299,55.4389,-47.3772
-14.5390,56.4781,37.5187,51.9154,37.3618,60.9040,-34.8469,21.5273,-78.4125,-55.6296,-10.7062,-76.2757,-20.9479,-48.9982,-27.2038,-18.5692,38.5030,67.7380,-31.9672
-23.3191,54.7838,32.2493,52.7825,42.9143,53.0932,-18.7519,38.1677,-50.5141,-27.9452,-46.7138,-89.3201,-25.1068,-63.5027,-13.6953,-19.1706,25.3207,70.8074,-1.2063
-41.1159,30.8769,7.5600,18.5756,15.3798,45.0543,-9.6773,71.2079,17.4888,44.4814,-76.6382,-102.1944,-29.9073,-56.0027,27.1915,33.8569,-4.0475,34.1806,11.7773
-65.3313,-5.1334,-30.6864,-15.1518,-32.6009,13.0800,-15.1393,68.7235,76.2155,100.7789,-71.8011,-105.3755,-26.0516,-38.5614,45.4145,71.1812,-47.6692,5.2510,-24.5896
-85.3980,-28.3856,-41.0067,-6.0715,-43.1800,-18.3650,-10.0304,48.3616,54.3955,112.3136,-36.6132,-124.0165,-19.7153,-51.3269,28.4107,54.8601,-91.7259,31.5260,-54.8118
-91.5814,-18.7918,-17.8023,22.9979,-3.7054,-12.5764,20.9197,55.3206,9.1926,123.5045,-30.9202,-120.8306,-9.3117,-69.2891,14.9586,31.7581,-100.6532,66.0611,-20.1509
-77.3253,9.1051,-2.6732,19.4105,22.1135,12.4465,46.4625,58.9264,10.8568,133.9280,-45.0247,-63.4788,19.5376,-51.8351,12.1976,23.4598,-57.0655,43.3320,14.8586
-50.9496,12.7610,-6.8917,-12.1239,7.9618,13.4724,34.5271,48.4670,27.5211,130.2893,-24.6226,-23.4628,43.1136,-19.1698,5.5909,27.2720,-10.5173,-6.4873,-11.2799
-31.8441,-21.0572,-9.9748,-26.7551,-4.6543,-11.2697,8.1404,61.9330,32.2287,147.2408,-8.7049,-55.7868,23.0496,-8.8533,6.5930,46.4630,-13.1638,-16.6235,-37.7527
-31.1397,-52.9157,-23.0110,-24.8004,-17.1977,-33.6795,-6.2196,62.7315,51.2153,164.9781,-40.1103,-101.3835,-21.7807,-21.7032,19.2461,56.7175,-36.6952,-1.2022,-31.2531
-50.3243,-48.3632,-59.4814,-35.7338,-55.1403,-43.8094,-23.5789,2.6644,78.4821,127.3224,-55.7938,-105.8235,-42.9157,-39.9152,25.0437,47.7385,-35.1768,-10.6833,-49.2382
-77.6366,-24.5292,-83.6109,-47.8868,-76.9188,-49.3814,-41.3791,-52.3620,78.4292,74.7811,-20.5517,-91.0714,-34.3995,-49.0273,23.6740,54.6216,-27.4071,-31.0239,-86.6762
-78.9927,-13.6631,-66.1652,-40.2391,-57.3085,-50.0136,-34.5925,-37.8190,57.0407,68.5499,1.3296,-73.3589,-24.5585,-36.2226,27.6606,79.0179,-35.9445,-28.9288,-81.6034
-38.3594,-17.0165,-33.7708,-29.4753,-47.8488,-37.1072,-20.1141,10.1347,45.0548,79.2960,-20.5020,-36.4609,-28.0344,4.8921,28.9410,84.9135,-31.8256,-19.3663,-48.0349
1.7626,-18.0831,-17.6336,-19.1092,-57.4980,-9.8982,-23.9671,48.0852,32.6858,66.9062,-34.3070,18.4475,-35.2992,60.2540,8.0421,68.1811,-0.9797,-7.4025,-28.5736
0.6980,-8.9595,-10.5296,13.5392,-35.7439,19.3293,-25.4094,60.7386,-15.1122,33.7155,-2.9977,67.0657,-29.2330,91.9264,-34.9537,35.0241,23.7849,30.7209,-14.0553
-13.8549,10.9682,5.3041,49.9326,8.6529,34.3411,-6.6888,35.1962,-80.5158,-8.3717,41.9225,85.0715,-4.0851,73.5645,-70.1951,-14.4256,28.8783,69.6093,-1.7604
-4.8602,34.6209,24.4049,50.7477,27.7737,27.2061,10.0285,-0.0554,-103.6735,-32.9572,50.2595,66.6740,23.1240,32.1561,-71.5897,-45.8049,37.1434,63.0920,-11.8540
5.9580,43.9446,25.4121,28.6830,19.5851,-0.1332,6.0794,-9.5678,-86.6249,-26.8603,36.4024,30.0565,26.9237,6.7712,-55.7812,-34.4118,48.9120,34.7865,-35.7810
-6.5136,31.1897,7.6771,16.0448,3.3935,-37.9057,-14.9720,-18.4983,-83.9315,-18.0995,54.5447,-10.2810,4.5042,-15.5019,-53.5103,-19.7992,41.1054,27.8724,-52.7781
-14.7630,15.0153,3.7760,14.9692,-2.0953,-62.2143,-40.8473,-37.9170,-89.7414,-10.2946,81.9000,-44.2330,-15.8267,-48.0005,-61.8341,-36.2382,22.3823,32.2572,-56.6536
4.1166,19.0537,28.7534,19.4332,17.3423,-53.3862,-52.0849,-30.2612,-66.2076,13.6346,60.8773,-35.5011,-6.5964,-49.4382,-65.6023,-57.8712,23.6838,27.9053,-46.9495
23.1454,39.0834,44.9136,15.7244,29.5457,-37.0525,-39.8791,-7.8300,-36.3323,20.9026,36.0386,20.6372,23.3254,-12.8959,-61.7648,-54.7563,41.5527,7.9035,-33.4378
22.4596,36.5688,21.8457,-17.7458,3.5851,-57.8328,-15.0427,-6.8522,-22.5908,-1.6838,66.2259,40.0908,41.4450,-6.5409,-39.5131,-36.6929,39.2807,-35.7899,-17.5164
21.4764,-15.0403,-15.6521,-57.3199,-19.7955,-103.6243,6.4037,3.8322,0.2769,-3.5475,98.7403,-24.2573,29.4844,-44.2458,-4.4063,-30.8168,7.4511,-71.9804,18.2046
26.7169,-72.0596,-38.0542,-56.1805,-16.1747,-125.9203,0.1902,38.0563,17.9804,6.5156,93.1820,-87.7188,-8.5701,-57.9714,0.9616,-41.9446,-13.3607,-54.4687,51.5393
23.0887,-65.7661,-43.6012,-29.5265,-26.3345,-122.2489,-35.3453,36.6674,-14.2045,-30.4253,91.5620,-85.6069,-49.3352,-39.1056,-26.8923,-41.9628,5.8698,-12.8274,32.0507
21.3766,-15.7485,-28.9043,-19.1150,-41.7630,-119.4868,-46.5034,-9.9759,-68.2428,-81.1146,95.4513,-71.2201,-55.6215,-41.8730,-34.9822,-22.5818,31.6847,-2.7372,-18.8594
33.9073,-5.1020,1.3985,-16.7306,-11.7976,-113.7595,-15.6942,-40.6691,-82.7779,-78.7484,85.4300,-85.0686,-21.3112,-62.9119,-16.9806,-20.4952,17.5056,-9.1264,-39.7204
29.8918,-39.7243,14.8258,-4.9042,32.2079,-93.0439,-14.0727,-38.8508,-63.5968,-52.9419,103.1186,-103.2869,5.8897,-71.1560,-17.9537,-45.7139,-22.5819,-0.0647,-37.6394
-4.1676,-53.3780,0.3970,6.4130,36.4243,-64.0057,-56.8838,-32.7137,-56.5098,-58.4688,144.1105,-121.1599,-2.9434,-81.1917,-38.0137,-64.7159,-37.6187,16.8156,-44.9047
-24.1149,-35.2500,-10.8226,15.0337,28.2629,-30.3300,-55.9515,-29.9572,-71.7444,-76.8613,135.4571,-130.1611,-8.2187,-90.7893,-44.4008,-70.9854,-19.1241,32.7322,-46.1574
-11.9471,-22.9462,-7.4527,19.0561,33.2520,-1.0261,4.3506,-29.0853,-70.9223,-63.1502,79.7014,-89.6990,21.7544,-65.8060,-35.8930,-75.0342,-1.4749,36.2723,-31.0316
-0.4957,-17.7696,-7.3127,4.1231,22.9488,4.4839,45.5335,-24.4617,-21.0937,-13.8970,27.0376,-20.7066,54.9477,-24.3187,-19.1980,-63.3827,-3.8765,10.1844,-15.4491
3.9505,-16.6035,-12.2101,-20.6599,-7.1638,-9.6193,56.2861,-0.7703,40.5049,36.3246,-13.5871,11.5858,57.8618,-7.4293,7.2087,-41.2914,-21.9499,-22.7921,10.7653
7.1566,-42.5133,-26.3992,-40.1133,-35.5909,-32.7408,67.5763,29.5147,62.8162,68.6614,-14.6076,17.8261,34.2823,-4.0882,26.8927,-27.8485,-46.6518,-39.6280,64.9176
-16.0322,-74.1734,-63.8313,-64.9248,-58.8170,-73.8575,55.1499,42.9603,88.3188,108.8921,18.8466,32.2287,-5.1171,-2.4880,35.7099,-2.2083,-60.7347,-66.0093,125.5094
-48.2573,-59.6749,-93.5812,-86.7809,-69.3343,-115.1104,21.9433,51.8079,170.3515,163.7795,-26.6257,26.0420,-40.3463,-20.4982,55.8300,34.3377,-52.3301,-98.8263,157.2631
-34.5595,-22.0932,-78.6955,-82.0249,-66.6033,-123.4657,18.4796,60.5414,244.3464,189.4442,-152.7056,-5.8861,-43.6594,-45.0328,77.1010,27.4274,-41.7184,-96.8960,147.8233
-11.4308,-20.9177,-62.0951,-72.0667,-80.2713,-121.2026,26.0554,48.0077,232.1166,174.6070,-170.9817,-17.4648,-30.2989,-52.2344,65.5921,-12.2518,-52.1241,-76.9100,117.2175
-49.2008,-37.0902,-86.7017,-75.1870,-104.7540,-128.1803,0.2859,33.8534,169.0894,149.5340,-48.3657,-14.3496,-35.8960,-59.1886,31.5479,-20.2829,-65.6323,-69.5308,100.6925
-89.6941,-24.0758,-96.1332,-57.3889,-89.6048,-101.5145,-19.9839,46.1765,119.5666,110.5662,20.0292,-28.8581,-37.9054,-72.2813,8.4132,-20.9250,-58.4337,-45.5794,96.7691
-49.9016,-1.7083,-45.5879,-15.8677,-39.6957,-43.6270,-4.5357,44.8624,88.6447,52.8639,-21.1557,-36.3566,-5.9293,-67.3604,-3.2544,-65.6443,-42.0861,-4.0690,71.4057
12.0813,1.5097,5.2889,4.9073,-9.0719,-21.8110,-6.4892,3.4508,59.6245,7.5458,-38.7498,-20.4300,13.4725,-50.0526,-15.1625,-101.1917,-26.6832,8.4830,32.1833
19.8916,1.7199,10.0639,3.9057,-4.8785,-26.9351,-45.8922,-26.1031,24.9985,-25.1888,2.9128,-15.6501,-15.0552,-39.6567,-22.5610,-74.0354,-2.8884,0.4348,10.4564
13.1616,3.6086,1.3251,1.7966,-7.7300,-7.2151,-77.9479,-28.1393,-5.1590,-63.2709,37.2783,-26.8411,-41.2032,-27.3616,-23.7018,-37.2785,25.3391,-2.9404,-10.5635
35.4005,-3.8938,0.7874,-15.8720,-24.3957,2.7251,-101.4093,-48.1891,-7.6428,-76.6259,49.7558,-26.4237,-47.4615,-14.3841,-25.1624,-30.7304,52.8612,-26.8964,-42.4021
56.0408,-0.0074,-1.2421,-39.9930,-46.8211,-24.4693,-145.0627,-66.0289,7.0012,-53.8988,44.4167,-12.6432,-87.3192,-8.4514,-27.0346,-10.3833,93.8931,-62.4902,-41.3849
56.7829,26.9722,-0.3669,-33.6583,-47.7872,-26.4344,-178.3285,-33.4374,13.2786,-46.3477,9.5376,16.9884,-140.7482,18.3717,-26.5728,34.1639,137.1684,-61.3702,-3.9586
57.9462,43.8756,3.1596,-10.4235,-36.6799,12.0649,-150.3324,-0.6885,29.8707,-68.3843,-41.5609,69.5184,-125.0597,70.4126,-21.0921,45.9862,138.7268,-37.4131,11.1634
59.7926,34.5134,1.1354,0.7797,-29.9968,32.5729,-72.2682,-17.7533,59.5809,-71.9171,-91.0798,107.1774,-60.7576,94.5687,-5.1121,19.5404,93.0116,-22.4918,3.9526
37.9793,14.3220,3.2451,11.4673,-5.6117,36.9935,2.9594,-21.3612,55.3024,-31.4049,-109.6789,94.8991,-26.5773,76.5442,21.3419,22.7544,31.3130,-3.1055,28.0678
-17.5555,-15.6756,1.6979,16.6673,31.6754,55.4483,44.0851,23.1052,24.3262,25.0734,-44.8233,63.9000,-7.3278,57.0877,45.7553,69.6474,-37.1862,8.5226,66.7155
-74.4628,-43.8474,-25.1753,-5.3451,28.2350,52.5831,56.0078,37.7941,19.4341,42.8979,68.8380,49.4278,38.3933,41.5398,51.4222,85.9956,-97.9305,-13.8484,56.1204
-80.9734,-35.3828,-45.0018,-27.7457,-14.3809,8.8992,58.6819,-3.2015,25.8232,6.0668,110.1448,44.2479,77.1995,20.1002,40.1469,51.2934,-114.7601,-34.7038,-0.5626
-48.2257,-2.7530,-25.1329,-26.5691,-35.5005,-26.8991,64.5218,-22.6812,21.5956,-19.1107,65.2160,48.2320,84.1506,22.9886,39.9693,47.9308,-102.9513,-32.1194,-45.2561
-46.8923,0.5424,-17.2695,-33.8918,-33.4620,-29.5872,71.2541,7.0079,52.3232,13.5002,33.3660,61.1264,85.6239,50.9388,67.8975,103.7180,-116.8637,-45.9334,-46.6653
-83.8603,-33.4738,-58.7636,-59.2312,-48.6685,-25.0384,74.3812,42.6219,109.5091,46.8428,46.3350,42.1333,86.2443,53.1354,94.9542,134.4513,-149.4501,-70.9917,-23.5477
-94.4555,-68.1940,-90.6061,-64.0186,-60.1047,-29.1309,71.1446,65.5564,106.3128,34.3844,72.9280,-17.0542,77.0436,29.2365,82.4103,101.8217,-150.2629,-58.6658,-19.3713
-68.3668,-71.2001,-69.1969,-41.2109,-37.8142,-28.2398,52.3867,67.5089,40.7634,5.0863,105.3872,-40.0068,73.3824,31.0362,40.9568,69.9985,-115.9010,-25.4880,-53.1211
-48.5933,-29.2104,-29.3107,-17.9088,-20.4433,-3.7112,16.3788,37.9362,-5.9354,-24.4853,117.0971,13.8337,71.6389,60.2351,10.8100,72.2433,-75.0988,-12.8636,-89.9342
-35.6480,21.8428,-1.2786,-1.1860,-27.8228,30.9591,-12.2494,15.5788,-21.1009,-51.1607,88.3585,68.1367,54.8917,74.8005,-2.1029,67.0319,-40.0630,-5.5762,-90.7739
-11.6250,26.4453,16.0882,13.1114,-18.6347,32.7838,-10.4143,20.9361,-53.9882,-56.8644,77.9589,61.5091,40.9386,63.3085,-21.3339,31.8588,-15.3290,14.6658,-69.7238
8.3601,13.0483,23.3315,23.8039,8.4094,2.4810,3.3170,-11.6671,-108.6031,-73.0511,105.7358,42.3180,37.4958,39.8053,-45.6841,-6.1376,5.6963,30.1768,-63.4384
20.8003,42.2933,31.9937,33.2626,15.5685,-11.6409,0.5941,-96.4743,-142.8186,-123.9551,90.3245,48.7774,22.0248,14.2448,-50.7878,-21.3922,36.6390,33.1110,-79.4643
42.1989,71.8726,49.3261,33.5198,8.6923,-9.1549,-8.2989,-133.7107,-137.5965,-135.7557,33.9137,43.0666,7.3512,-0.1263,-40.1064,-19.3235,61.4042,27.5348,-98.9497
57.1383,44.5023,47.2794,6.7599,-4.9816,-28.7008,-8.8420,-93.3004,-114.4555,-75.0876,44.1106,25.1603,15.2557,3.6963,-37.9068,-15.6313,59.4378,1.1302,-97.4598
41.0933,9.5534,11.2647,-38.6546,-48.4980,-60.4374,-10.8693,-59.8121,-88.7741,-18.3861,104.6809,36.7660,14.6371,10.1142,-34.2195,-0.7418,46.1148,-45.9204,-67.4730
13.4384,4.4274,-26.2658,-66.9412,-95.7417,-70.7097,-9.4161,-50.9998,-50.3104,8.7423,94.0913,43.5584,-11.2305,6.8194,-8.5020,32.1375,34.1322,-73.4829,-34.8492
9.8291,-15.2740,-36.0271,-60.0484,-93.0226,-50.4909,3.7320,-10.7569,-12.3571,33.6435,28.5942,-0.3061,-26.5469,4.7925,13.5833,42.3857,18.5373,-54.2361,-19.4885
27.9514,-52.5638,-22.5955,-43.3241,-59.2489,-1.8107,2.5898,45.7227,-10.4242,32.8689,27.4529,-39.3164,-24.2725,10.5442,10.5397,15.9074,11.0476,-30.1143,3.0386
29.2707,-72.3967,-12.4571,-50.9968,-44.3033,39.6473,-12.3765,69.1841,-26.8661,23.8266,89.8975,-35.5926,-29.3131,10.5131,18.6160,21.0175,3.9750,-48.7486,45.2879
-7.3896,-93.6920,-31.4184,-72.2870,-52.7447,27.3998,10.7089,73.7362,-18.1474,66.8836,116.6189,-47.2326,-32.1176,1.7436,57.1573,82.6018,-44.0309,-71.4306,64.0862
-44.1611,-118.2312,-62.1358,-72.0325,-69.1911,0.9914,70.1838,74.9918,-6.4395,99.9600,87.9750,-77.3719,-13.9999,3.0076,84.7107,121.5413,-106.0829,-49.4988,36.3168
-31.6622,-102.1926,-58.4158,-59.9997,-71.7491,19.0124,107.8219,49.8606,-31.2180,40.9022,73.7142,-60.6894,20.6671,17.5645,82.2061,103.2668,-101.0739,-33.3387,1.9704
8.4055,-68.5701,-30.3941,-66.9569,-47.3458,30.8345,125.2297,11.4847,-69.6068,-23.5686,102.6673,-19.2629,65.0173,26.2780,73.7622,81.8255,-48.9438,-63.7269,-14.6794
17.7256,-68.7340,-27.8483,-72.3467,-34.8060,-5.1754,147.0532,9.8758,-85.2263,-0.6713,117.2442,-9.5113,89.9648,31.1264,58.7197,75.3008,-33.8804,-70.3255,-25.8393
-0.8862,-73.2673,-38.6466,-47.2395,-50.8705,-14.5947,136.0969,52.2057,-74.8858,50.3049,76.9906,-0.3290,59.8282,50.1406,32.1756,66.8538,-43.6228,-21.9706,-12.1252
-4.9793,-53.7185,-23.0750,-20.8257,-35.9617,26.0663,82.5618,93.3443,-51.8731,58.7683,40.9776,27.8221,8.8140,65.8426,21.8563,67.6275,-24.6143,0.2208,44.3752
9.1139,-45.9874,-4.0383,-20.4387,7.8035,33.4543,43.1217,90.6017,-38.1537,25.8947,65.0840,28.0310,-4.8590,49.0188,25.7530,58.1608,-3.3256,-23.6082,86.3024
25.0265,-55.5413,-8.1938,-19.3257,4.7270,5.2607,28.8160,45.6194,-33.5850,-33.4896,89.2803,8.1717,7.1667,21.4358,8.7866,-4.9311,-12.7557,-22.4219,63.8549
45.5053,-48.2193,-3.6661,1.6858,-12.6224,18.1929,8.0287,-5.2531,-6.6883,-91.8939,51.7532,20.4083,18.2111,17.4992,-16.7527,-87.0504,-20.6551,4.1383,26.1647
65.5927,-21.0372,24.3844,20.2239,23.6120,54.1688,-13.5772,-42.5604,28.7769,-128.3559,6.1998,45.6720,31.4585,16.3916,-17.6089,-121.5380,-4.4104,3.3334,23.0701
71.7185,19.2996,41.1602,19.7542,36.3432,44.5428,-33.5197,-68.7745,22.2559,-155.3791,-5.4113,36.6563,21.3323,-12.0700,-12.5831,-116.5639,25.5978,-10.5327,19.8332
78.4470,65.3273,41.2921,11.1127,-16.8128,9.7027,-58.4476,-65.5036,-7.8961,-154.5589,-35.8357,2.3171,-19.9827,-44.9859,-25.8142,-113.4342,71.9030,-6.0715,-4.5098
100.4686,79.4461,56.4006,6.4162,-15.1132,4.1659,-41.6115,-23.1177,-16.3050,-91.2561,-85.7872,-24.5530,-19.2215,-54.2597,-35.0478,-118.1072,116.6857,-3.6701,-3.2071
109.6491,47.1205,75.1549,-3.7181,53.4978,13.9872,31.1380,13.3508,-18.1770,-8.2053,-72.4066,-31.5846,44.8435,-55.0899,-20.7239,-115.5229,109.4990,-24.7668,33.0135
82.9079,0.5665,50.8767,-39.8298,43.3012,-4.0518,72.6576,11.0832,-16.3155,30.2289,7.9039,-33.1302,80.5217,-61.7342,6.2130,-88.8280,51.0948,-65.0562,46.9681
51.4519,-38.5095,-8.6912,-89.9130,-45.2205,-45.3826,40.4262,-6.7403,12.8354,19.2380,78.4368,-46.3079,53.1132,-60.6461,26.8009,-48.8305,6.6637,-109.1924,20.1594
48.1918,-48.2810,-40.8272,-107.4190,-88.9785,-71.5186,-6.0070,-32.4107,29.1746,-28.0359,109.1520,-45.0897,23.1145,-53.0486,20.2169,-46.1438,13.3389,-126.3513,-3.9993
55.3730,-5.8606,-26.0416,-81.9499,-88.1177,-74.4596,-31.6527,-76.7792,10.1504,-77.6385,94.2416,-4.9313,6.2619,-60.1764,-8.5439,-87.6105,39.7609,-104.3746,0.4387
45.6008,38.0016,-14.6866,-58.6519,-89.9286,-77.3225,-41.0964,-108.8471,31.4337,-70.6636,24.7322,24.3895,-13.4738,-78.2540,-15.0332,-110.8933,42.8998,-81.9746,20.1949
25.1161,18.8477,-36.7103,-67.5633,-73.9399,-83.5972,-28.8666,-108.1222,106.9043,-18.8159,-31.8390,5.6786,-11.1498,-85.6420,13.0070,-93.5209,22.5195,-95.2171,36.1799
7.5212,-20.7279,-59.9289,-91.6172,-59.0798,-90.4740,-21.9128,-103.6934,136.8519,19.8852,1.4777,-9.2297,4.2312,-81.5752,30.0642,-65.4023,5.8818,-126.8421,37.9498
-9.1194,-20.8982,-57.6474,-100.0643,-77.0507,-109.8676,-49.0333,-89.5575,101.7313,51.0651,63.0332,8.5708,-18.0004,-70.0045,20.8225,-23.4630,-1.1775,-134.4650,36.1569
-23.2324,-10.9139,-40.7637,-78.6007,-74.4943,-112.5437,-69.3083,-33.4211,83.6248,87.7163,55.3246,21.3609,-55.4538,-42.8422,20.0444,30.4308,-17.0443,-103.8674,53.3641
-26.1647,-16.0824,-20.1745,-46.5087,-37.1214,-57.4260,-58.6223,22.4815,97.3972,97.1064,16.5179,27.7619,-50.5394,-13.1926,29.5037,42.6792,-39.7151,-67.7145,77.7094
-17.7510,-12.6980,1.3312,-33.1516,-26.1589,0.2030,-57.7132,21.8990,88.8392,81.5411,25.5478,50.0815,-25.4494,-5.6013,19.4258,7.5721,-45.2399,-57.7817,77.6332
-0.8839,-3.3058,20.3061,-25.1074,-19.6908,-8.2662,-63.4901,-3.0821,39.8888,61.3471,59.4576,68.5030,-24.4647,-5.2232,-2.6874,-9.3451,-28.7652,-51.4572,67.2967
23.8722,-2.3786,42.1680,4.3282,34.1890,-30.4093,-44.7701,-8.9933,-18.9536,24.2898,61.0760,69.4619,-34.9498,9.5133,-12.3932,2.7706,-4.7363,-21.1395,76.0351
45.8346,-2.0947,65.1928,31.4258,76.3850,-11.2007,-35.7801,-5.5822,-40.7359,2.5483,29.2778,56.4653,-40.9472,15.8779,-13.7563,-1.4355,10.5705,7.6081,80.6280
50.1160,-6.7776,70.8734,31.7667,59.9800,4.2392,-58.4593,6.9210,-16.8900,34.4695,-3.5207,25.1247,-49.3350,5.0223,-17.7505,-16.2448,5.6378,16.3118,56.8082
41.0494,-8.4278,64.9577,36.6373,45.2540,4.5121,-75.4679,31.7930,-8.9122,45.4762,-4.5879,17.7601,-51.1123,16.4243,-31.0140,-16.5515,0.0146,31.1246,33.1309
36.8788,25.8546,77.6794,69.1239,66.4027,37.6205,-84.7035,35.8053,-55.0916,-21.9120,27.2999,78.5322,-37.2119,56.7383,-64.3388,-26.0508,28.0881,60.9214,25.0716
41.1300,72.2872,104.8618,104.9551,95.4724,83.4437,-97.9295,19.8885,-104.3586,-80.5855,44.4263,143.6458,-21.4571,84.9862,-102.5756,-52.4071,69.6524,89.2789,16.5678
37.8316,74.0256,113.9900,120.3144,119.5312,100.6237,-78.7013,34.6906,-109.3860,-58.4864,23.3365,147.2039,-12.3676,88.0862,-106.3033,-58.1162,70.6150,107.6388,31.3492
17.0689,48.0731,98.8824,107.8822,117.4930,108.0522,-37.7765,76.6087,-82.0050,5.5528,7.7681,131.1264,-11.2053,70.8294,-79.2851,-50.2704,35.9700,100.3180,96.2068
-6.0260,38.6687,78.0089,78.0553,74.1791,104.6848,-44.3974,95.7470,-40.5387,64.0379,14.8112,118.7465,-27.7013,25.6585,-68.1843,-75.5356,12.4786,71.0186,158.0101
-8.8201,36.9531,68.7140,66.4966,43.6576,74.9387,-83.9956,96.6692,-6.3397,93.5075,1.4012,80.6967,-54.3330,-14.6109,-79.0809,-109.5996,9.9239,65.5618,159.7705
6.0767,28.9281,74.1932,75.3992,55.8551,62.3808,-90.4164,112.1938,-2.2519,98.3155,-33.9971,52.3172,-67.4711,0.7618,-75.5911,-85.1564,17.9691,81.0791,130.9895
15.2480,15.8479,72.0576,58.5031,49.9795,75.8325,-80.9978,131.5342,-0.6753,131.8679,-46.0170,64.9071,-71.1889,45.0388,-54.2200,-17.4020,32.3226,60.5285,111.7801
7.6618,-8.5970,43.8357,21.9499,1.3568,53.3425,-98.1319,129.3253,28.2174,184.2439,-36.4811,61.2505,-85.5746,58.4271,-45.0144,18.7739,29.2664,26.0680,84.3856
-8.4066,-23.2746,10.5710,21.5986,-43.2211,4.2866,-121.0872,99.7078,45.0728,155.0055,-37.3566,22.0725,-104.1293,41.8042,-54.9822,1.9776,-1.2297,45.4647,33.2768
-21.9424,-6.0723,-7.0159,47.5229,-69.8727,-6.5561,-116.7636,51.9719,25.6276,55.6262,-57.0945,-9.3056,-109.5795,19.3922,-61.0113,-29.1271,-24.4169,91.9028,-15.7911
-25.1966,5.9470,-19.8166,57.1167,-80.8644,11.1095,-74.5234,19.8785,18.9819,12.1182,-111.3965,-32.3644,-100.9891,3.8059,-44.9420,-39.7614,-25.0088,112.7321,-34.5158
-17.1009,-8.0679,-25.8315,65.3449,-53.4059,28.8048,-6.9006,27.0980,45.5080,31.6992,-196.9713,-45.4844,-78.6411,17.4049,-15.4316,-26.7919,-28.3429,126.0686,-25.8267
-11.3631,-9.2255,-14.6830,76.1299,-17.7945,52.7381,33.7610,34.7926,61.2730,28.6231,-230.8266,-28.0260,-44.1420,43.5431,5.0802,-9.0612,-40.4715,130.3230,-25.9828
-27.7754,0.4043,-18.3693,46.7215,-36.5862,48.1634,17.9919,2.7687,51.2288,5.6701,-155.3906,-33.5134,-19.5492,21.4467,15.3208,6.6033,-53.4501,87.1522,-61.5366
-67.9202,-14.0191,-59.1897,-7.4185,-84.9608,-7.1750,-1.6315,-34.6452,41.0580,0.7652,-49.7468,-95.9179,-16.9728,-37.1329,32.1923,35.7695,-78.6056,30.5468,-102.8730
-102.4815,-22.6151,-89.1304,-19.3224,-96.8941,-40.5302,17.5049,-37.1175,29.9362,-5.2761,-12.1159,-122.4266,-10.0180,-51.6155,43.4103,65.0335,-102.8698,26.0445,-116.4003
-91.8300,4.3388,-65.8188,12.7018,-70.5711,-8.8991,41.0145,-26.9159,1.6856,-25.5798,-34.8032,-65.8158,15.9464,-6.6058,23.9216,60.0026,-83.6597,58.4993,-125.0605
-37.2341,27.3038,-18.4822,38.8737,-30.0819,32.7659,39.8179,-27.3743,-32.6647,-49.0987,-63.7441,-8.7090,31.2109,47.4754,-1.2488,47.9516,-24.1930,73.5964,-142.0113
4.7283,27.6975,9.5707,41.3873,12.1423,51.5052,25.3662,-27.5405,-58.5493,-77.1037,-55.5206,4.6127,21.2381,72.4409,-0.1058,66.8738,25.4758,58.4252,-133.4076
-4.8005,29.9972,14.8810,32.3735,29.1191,54.9633,1.5227,-29.2731,-80.7451,-91.9229,10.7581,-5.9757,13.8915,44.0992,-1.3920,65.7243,32.2791,36.9436,-104.7201
-31.4030,29.4778,17.1229,29.0869,18.2457,32.4070,-21.6909,-36.5718,-92.0473,-65.4710,70.1390,-39.0848,16.6336,-19.2399,-23.0534,14.7958,-1.2809,39.0893,-93.1218
-31.1318,18.0753,28.8122,42.4809,24.4828,6.9867,-14.8354,-22.5703,-66.6416,-16.3915,25.2375,-62.1932,3.7256,-40.8756,-17.5535,-0.7109,-41.3438,62.3527,-69.6377
-21.6174,13.9039,35.2616,54.1763,55.2722,25.2548,20.0080,17.3236,-12.3953,22.6927,-81.0192,-37.3246,-20.1502,-5.2165,28.3521,52.9007,-47.9448,67.5321,-1.3234
-38.1376,14.7214,11.0756,41.4591,59.8255,53.4538,45.7342,40.8972,25.0509,53.9413,-121.6086,-14.0769,-25.1585,10.7828,51.9065,82.3621,-25.1191,47.0358,50.8819
-68.6815,12.0510,-28.9080,21.6542,27.5847,39.5496,45.1285,38.1934,35.7566,86.6811,-101.6796,-25.2275,-15.9876,-8.8237,28.9326,55.8787,-5.9692,36.1763,40.4597
-78.7415,16.8508,-43.2040,16.9549,6.0092,23.5749,34.5773,48.2776,52.8320,116.7128,-112.4119,-15.1065,-17.6780,0.4316,12.8283,52.1334,3.8143,37.4572,26.3077
-62.3116,13.3875,-32.3656,15.0689,11.9968,46.1239,29.6719,74.0190,76.8269,134.4267,-144.7992,19.3495,-32.5446,43.1767,32.2633,93.7684,10.8395,25.9688,47.1225
-37.7647,-15.4845,-23.5944,10.0471,15.4576,65.6275,21.4632,79.4029,72.9049,128.1242,-139.1528,18.0849,-48.4285,68.9244,47.8104,119.7985,7.3992,17.5374,46.9670
-16.5889,-26.6472,-7.5206,22.7384,11.7277,58.8414,-2.0654,69.8419,35.4556,99.8000,-111.9755,-8.7755,-50.8987,68.4472,23.5598,96.4869,4.4035,41.3748,-3.1910
4.5058,5.0278,32.9837,51.4842,31.9499,65.4718,-17.0302,78.3908,-7.3588,70.7411,-105.0897,-20.1913,-29.3240,58.6659,-12.3826,52.5131,20.4092,75.5314,-43.3730
24.6306,25.8197,64.2985,60.4071,64.9695,90.1788,10.1852,91.7633,-32.9244,54.5476,-110.5998,-21.4604,-1.4605,49.1712,-8.4660,38.7828,36.0793,76.6761,-29.5333
30.8347,7.6921,46.1719,38.4652,54.3402,85.4006,59.5050,71.4580,-42.5986,38.1702,-101.4282,-12.5499,7.1055,51.4344,20.7118,57.0163,31.3586,50.5126,-4.2253
24.5914,-1.2493,9.4217,23.9408,9.0928,47.8649,88.7175,19.4409,-60.3049,-5.4268,-76.7306,6.3854,16.1907,55.2044,16.3883,44.5095,23.2356,44.9323,-27.7441
30.5801,29.5144,16.3297,42.6236,6.3292,32.4913,101.9329,-33.9926,-91.9533,-76.1512,-71.8486,2.8354,55.5025,34.9983,-12.0000,-13.8592,27.3487,70.5946,-89.4455
52.8162,69.5348,55.3060,60.5098,45.0774,54.7836,116.2320,-72.7483,-97.5918,-119.7221,-110.5983,-17.7566,97.9399,2.9386,-9.8020,-51.8107,40.1684,78.0972,-127.5673
58.4192,79.7016,57.6641,39.6529,41.8328,58.7904,120.1167,-94.4536,-68.0809,-95.7279,-134.4782,-13.9949,105.1063,-11.9358,9.0047,-46.3555,52.0940,43.2346,-121.6717
35.9730,56.1959,18.6020,-0.2344,-7.3898,12.8074,108.0730,-100.7493,-63.0885,-54.6501,-68.8529,3.0500,91.4454,-12.4748,3.7408,-29.6222,46.7113,3.2693,-110.4758
20.9912,30.2295,1.7022,-23.4618,-27.3366,-34.4249,89.3350,-94.9707,-93.3633,-53.4159,34.0893,-0.4363,83.6589,-12.5908,-2.6682,-3.7344,25.2127,-19.7637,-114.2515
29.9064,27.2044,16.6633,-28.8292,-13.4627,-38.5151,64.3103,-75.2429,-87.8133,-59.7953,57.7538,-16.1679,76.9377,-17.3723,6.5351,11.3665,19.3570,-34.4014,-107.9491
29.7066,34.4913,8.6782,-25.0574,-16.4109,-27.6661,42.7097,-49.6850,-34.3322,-46.4572,8.8019,-26.9843,67.7643,-29.4073,-3.2796,-28.4345,35.4189,-29.3811,-85.2650
6.8970,32.3886,-28.3998,-17.4261,-31.6108,-39.2587,46.2828,-49.2951,-4.0048,-59.7388,-8.3848,-29.9249,75.0070,-37.4975,-27.6518,-79.7255,38.4287,-8.7231,-82.6259
-3.1658,25.6912,-45.5540,-17.9125,-34.4868,-58.6720,66.0296,-84.2252,-22.7837,-112.1809,32.9178,-23.3822,103.1023,-31.5272,-31.1512,-83.8434,21.1247,-7.1638,-117.3785
12.4488,26.3766,-31.8899,-16.7903,-37.0117,-55.3518,69.3130,-115.6607,-54.4353,-150.8725,63.9220,-12.6524,120.2998,-24.2920,-34.7274,-88.9534,14.8414,-8.5972,-151.5613
17.4555,39.7898,-21.8199,8.0722,-40.4327,-27.2550,54.0248,-117.5407,-76.0503,-163.4576,46.1206,3.9345,102.1661,-20.4100,-61.5782,-123.9337,32.6846,25.1486,-143.6013
-0.7895,55.4756,-31.9106,30.3586,-29.4448,3.6855,50.4423,-113.1942,-80.1738,-175.9861,21.0046,28.0174,79.5880,-12.8741,-73.4715,-132.4858,56.2434,50.7001,-106.5215
-4.9460,46.3046,-41.4041,10.6247,-18.3147,14.3246,72.1145,-112.0191,-69.7323,-168.5508,36.2961,32.7245,95.5798,-12.4174,-52.5783,-113.0469,61.2651,18.9733,-85.1600
23.8205,19.0312,-23.3201,-20.5515,-20.1186,1.8714,89.3103,-91.3620,-78.1624,-119.5352,77.0971,20.8806,125.0702,-12.6576,-43.3173,-106.6052,52.8458,-19.4675,-91.7784
56.4804,18.3278,15.4729,-12.3725,-10.0332,-12.7461,70.9479,-64.6570,-118.3840,-80.4334,98.2955,42.1020,117.0682,12.1044,-68.3408,-101.3063,66.7937,-10.8149,-98.4567
67.8819,42.1367,39.9526,18.8861,24.7370,-10.8379,39.4838,-68.6022,-146.9269,-102.4488,95.4741,79.6142,92.1194,35.1422,-94.4759,-100.0336,99.8325,14.7386,-87.5712
69.8473,50.7671,47.0550,30.7905,56.7810,1.6167,30.4348,-85.5698,-142.5907,-145.0989,98.8552,77.5822,97.0290,23.3631,-95.0300,-119.0294,107.2449,16.7657,-76.4330
84.8560,52.9385,67.9000,19.7871,65.4866,3.0132,34.7898,-78.4261,-147.4661,-138.7852,118.8312,76.9731,119.2265,23.6077,-85.1261,-108.3736,101.6469,-4.0550,-87.2113
108.1123,64.0697,91.9435,3.2853,61.2426,-14.7866,46.2660,-63.2091,-179.5489,-91.9346,138.2997,118.0504,136.6695,63.9443,-87.9653,-59.9620,125.1046,-28.7551,-114.5533
111.7405,54.7274,80.5552,-5.8707,60.8679,-30.1051,77.2405,-59.5369,-189.7356,-62.4162,138.7772,125.3965,162.2414,82.9715,-98.1482,-54.9249,143.8823,-33.2732,-137.7831
94.0998,35.8333,55.7335,0.4794,66.7351,-20.8775,93.2490,-45.7050,-152.9857,-63.7726,115.0127,76.5323,188.2743,60.8965,-104.3083,-100.2685,127.9201,-13.3574,-151.5989
90.3432,57.0198,63.9808,19.1919,71.5295,-0.3109,67.6673,-24.3547,-116.1474,-76.3577,75.9282,68.2215,191.5335,53.4194,-115.8233,-134.5420,126.8285,7.5339,-156.3508
107.7989,90.7497,86.2937,39.8291,78.0885,12.4647,63.3962,-28.0508,-110.9714,-100.1891,30.8531,116.4192,185.2926,74.1612,-121.1363,-144.4791,142.2078,21.9549,-140.6549
110.0184,84.2653,83.4708,56.0361,93.3290,27.6787,101.7951,-44.7056,-109.2098,-129.3246,-12.5732,143.3374,177.7405,102.2892,-92.6535,-113.8565,124.2807,38.0453,-117.9630
90.6218,69.9057,66.9553,60.5131,99.0648,46.4123,88.7498,-49.2501,-95.5332,-135.1770,-31.7675,135.6459,147.6457,128.4958,-67.3528,-48.5187,115.4551,43.4117,-131.3808
79.5005,79.0129,56.8922,47.3161,71.9717,39.5672,10.1795,-62.5806,-90.7902,-113.3200,-11.0538,108.2556,108.3180,110.9459,-93.2097,-45.9142,153.5120,30.6992,-172.3449
72.6282,71.0206,43.9234,25.2271,33.3892,6.7544,-24.4883,-81.7533,-93.1030,-88.9897,27.7911,49.1040,92.4514,37.9004,-117.1566,-109.1481,154.3206,17.4526,-174.9554
48.4072,32.0888,24.6733,12.0473,23.9859,-9.5428,1.5357,-57.2788,-83.9814,-73.9161,59.9837,-0.5698,85.6048,-3.6880,-87.4441,-108.9828,89.7343,13.2383,-122.9150
21.2165,4.0957,11.7087,17.9009,39.9226,5.5555,7.8436,-4.7317,-70.5377,-60.3103,81.0009,9.9078,66.1287,18.0994,-65.1156,-66.8259,50.4606,19.8279,-60.3974
7.3528,5.3040,10.3914,37.5199,53.6702,22.8136,-9.2208,4.1914,-62.2190,-40.9856,75.8537,42.6045,45.9420,20.5215,-87.3446,-97.0795,55.6347,40.0128,-8.5766
3.1060,23.3077,21.7874,54.7355,68.4442,28.2728,-9.1590,-23.4013,-61.7710,-23.8395,40.7053,56.5108,29.1419,-5.0082,-94.7926,-126.5850,61.7107,55.3855,28.9840
17.8077,40.7923,42.5458,60.4932,95.5926,33.8118,-3.0866,-28.0428,-79.7324,-31.7889,16.9539,67.4074,14.4701,8.5670,-75.1136,-79.7511,83.7684,50.2437,38.1451
48.1168,38.1245,58.4105,59.5143,117.4430,36.2147,-4.6154,-18.2164,-95.3427,-62.4825,29.1635,72.6032,20.9393,32.6022,-72.4479,-64.5140,106.8988,40.1360,28.8717
57.4736,30.2991,64.3561,54.2472,114.5975,24.0601,-8.9572,-31.8912,-76.8283,-82.2721,50.6158,71.4442,46.5712,23.1995,-74.0978,-96.1412,79.6419,30.1800,14.0060
43.2117,51.6408,67.3639,43.3617,95.2205,13.7177,-18.7060,-54.6546,-58.1591,-91.2881,63.4096,102.5104,62.8456,35.1021,-58.1552,-61.9186,52.4026,8.5700,-19.3849
37.0154,73.0668,61.6808,32.0541,76.9287,26.5833,-12.0676,-59.4073,-69.5501,-101.6821,64.3992,142.6623,65.9930,74.0398,-44.3527,-2.6423,71.6041,-9.6191,-44.5422
30.7646,42.7726,43.6988,25.0173,71.0999,46.2584,26.5597,-45.4508,-61.6035,-69.0209,41.7375,120.4433,65.5686,67.0010,-27.4266,-4.1246,58.6087,-6.5842,-16.1935
15.7537,-10.6820,40.5374,24.7800,88.8995,48.3010,53.6132,-16.5403,-25.6712,16.5630,17.7625,70.8659,62.8990,42.0973,-1.9594,-3.0623,-4.9171,4.0185,22.3349
33.5103,-32.6413,70.0783,32.2164,124.2617,43.4177,47.8276,14.7928,-24.7355,65.1833,27.8844,80.1178,73.8365,73.5755,-3.8056,21.6894,-21.8272,6.8708,13.8667
81.9317,-30.6389,96.4696,30.5908,138.5757,43.5397,45.7070,26.6410,-35.3257,44.3689,39.8595,113.3592,99.5063,108.6777,-21.2925,1.9503,9.8857,-5.4796,-0.8829
89.9518,-27.8412,82.3100,5.5666,105.6672,35.0496,49.4576,22.7070,13.6554,35.9078,9.0986,90.6090,104.1546,80.9941,-0.9215,-20.5818,5.3062,-33.9153,6.3891
48.2667,-23.0899,48.1563,-18.4267,51.7985,19.2569,34.6469,22.5265,75.0030,65.1884,-29.6297,42.6820,80.4905,45.0201,34.6546,12.8911,-33.1088,-50.1170,-7.4267
22.1498,-23.9621,30.5094,-20.3324,15.8625,13.7410,11.8428,27.1694,80.9222,79.4248,-28.9743,31.2912,54.8184,44.3487,34.8829,35.0195,-51.9032,-40.0993,-25.7833
27.3130,-32.8949,25.9450,-22.3685,5.6042,11.9739,-10.0177,33.6095,75.1069,79.2048,-12.7721,29.5661,27.3354,33.6996,22.0072,11.9082,-40.2480,-40.1735,6.5464
23.0810,-28.7254,13.9381,-32.4806,10.7054,7.9916,-28.8914,44.3705,99.1267,88.0405,-26.9084,-1.2897,0.5654,-3.9669,24.6473,-6.1947,-12.0414,-55.3845,52.7648
-5.8295,-17.1059,-8.4265,-30.6470,10.1302,16.8966,-28.0913,50.5600,125.4714,89.7284,-59.4912,-35.9338,-6.8335,-33.8638,31.1605,-12.6896,-5.8568,-48.3519,63.3564
-44.7213,-28.8827,-36.3780,-33.3987,-23.0305,24.8719,-34.2196,46.2092,137.6409,90.7879,-48.8363,-52.8689,-25.3208,-51.0080,41.8876,-5.7498,-45.9814,-39.4006,69.7019
-74.7440,-50.9478,-64.7757,-60.4119,-72.9519,3.5643,-79.0565,38.6282,134.6306,106.0939,11.7286,-63.6510,-81.1099,-64.2130,55.1630,38.2198,-71.7762,-64.1987,86.2486
-79.0294,-44.5550,-81.8867,-72.8732,-90.1564,-24.8048,-99.7739,22.8387,112.7765,101.2005,31.9241,-57.5909,-112.9594,-57.6482,48.6495,70.1409,-36.9551,-77.7430,78.8339
-62.7814,-22.4613,-80.9577,-50.3512,-77.2922,-33.0591,-57.7715,-6.0092,88.6025,70.7215,-16.1596,-27.2849,-89.4454,-33.7925,29.1198,48.9319,-3.3385,-48.3042,51.6703
-48.7931,-28.3100,-65.2744,-37.1291,-70.1218,-39.6739,-31.4435,-15.4125,63.4436,74.8847,-24.0838,-15.5307,-76.1129,-19.9665,25.1444,46.0272,-18.8876,-28.4663,36.9150
-45.1614,-57.6209,-42.5587,-49.2905,-57.4683,-45.1470,-39.9260,22.8325,28.7634,127.6043,35.5374,-37.2479,-86.3686,-13.8753,39.6270,102.2397,-45.0620,-42.4879,40.8571
-45.4710,-66.5422,-31.7784,-55.8649,-36.0853,-29.1869,-20.9294,65.8554,23.0269,161.1169,45.9874,-42.9426,-70.5431,2.8388,56.6294,143.6878,-48.8548,-53.3286,47.4873
-37.5777,-46.2109,-42.8576,-52.3667,-53.2286,-18.9872,-9.4759,52.4023,55.0856,125.7393,-9.4437,-24.1262,-57.1561,15.6165,56.7108,121.2616,-32.8807,-49.0457,31.3674
-8.4304,-29.3747,-47.3499,-46.3953,-93.0034,-33.2918,-44.9201,9.6953,62.2581,57.4994,-41.0175,-16.4407,-85.0602,12.6040,35.9818,71.7127,-7.2397,-38.1460,7.1562
24.2350,-27.8625,-23.8946,-29.2730,-76.4186,-28.1741,-39.9251,12.8292,45.4975,35.3683,-57.5316,0.2198,-93.3656,19.0722,27.1117,42.2295,3.3145,-22.0114,36.5727
23.8070,-20.9589,-5.2817,-17.8015,-27.6506,0.6956,18.2722,43.6268,56.3893,68.0406,-83.3698,42.5228,-53.1667,34.1358,41.3717,41.1723,-4.2328,-21.8209,96.4958
2.6112,-7.2231,-17.2394,-31.6242,-37.6002,-0.4927,13.5498,21.2486,61.9069,76.4391,-60.5737,50.6188,-37.8446,19.7904,37.2062,38.7795,2.5538,-41.9450,83.4949
2.7823,-6.4934,-27.8785,-39.4612,-79.0726,-18.3753,-45.9765,-30.0037,31.1256,40.5348,-19.7158,13.8346,-70.4442,-5.2452,12.1117,23.7577,19.4802,-40.9489,18.1022
17.9978,-8.4086,-11.2256,-16.6529,-68.6720,-0.5619,-54.7701,-22.4553,8.5738,27.2130,-42.1214,7.8305,-90.4465,10.3802,5.8583,28.1319,24.4630,-9.8510,8.7221
21.4962,13.9510,14.4299,5.5831,-26.3883,20.1898,-30.2150,11.8452,-12.1782,34.5506,-59.5518,34.8670,-75.7457,31.1232,4.9144,43.9346,38.5076,7.6585,34.4128
21.1908,43.5226,29.9422,1.5929,-6.9430,-9.1187,-21.5692,-3.3459,-52.0367,15.7324,-13.8898,29.8684,-49.7809,2.0037,-5.4056,35.6070,55.1909,-5.5876,25.4654
19.1727,40.1790,25.3510,-16.3896,-2.2329,-56.5421,3.7935,-15.5583,-41.9675,12.6379,0.5810,2.3977,-28.2297,-26.8548,16.3087,43.7174,31.0710,-29.1219,23.0493
-0.7312,10.0470,-4.5044,-33.6546,-1.9531,-75.8869,35.1267,29.9833,20.1298,52.2427,-30.0056,-13.1096,-26.0997,-13.8024,56.9955,90.3240,-5.8446,-45.5261,56.0133
-22.8392,-4.5730,-33.7273,-40.3752,-17.1871,-74.4838,25.5036,55.8848,35.5077,63.4226,-18.8520,-31.5907,-40.5121,-21.9949,50.7342,82.2171,-3.8807,-43.9738,76.4111
-23.9697,9.6113,-33.2664,-30.5767,-29.4410,-61.4972,8.8873,27.7152,27.3207,37.2646,-9.2551,-34.7591,-39.5884,-62.3789,19.3091,-0.2425,6.1543,-29.8829,88.5468
-16.3112,25.3947,-19.0618,-17.3840,-18.6844,-33.1231,14.9142,27.2070,72.6976,37.5774,-57.1993,9.9030,-20.9416,-50.9801,20.3184,-34.7095,-3.1833,-25.8288,115.3221
-4.7956,16.7927,-15.5971,-16.6185,-2.7180,-12.6593,3.1321,56.6214,102.4399,39.5593,-70.0121,47.1374,-19.0366,5.2643,28.5238,2.1933,5.8075,-35.4722,114.7199
23.5622,-14.4031,-18.1414,-26.5169,0.6857,-25.1329,-27.1192,42.0341,67.3284,4.5110,-19.4167,23.9969,-41.2157,18.8657,18.2824,13.5877,33.7510,-46.4987,86.0566
49.4517,-46.4114,-22.6381,-39.3865,-8.4230,-51.0847,-35.1223,10.7326,52.1863,-6.5459,-4.7496,-12.9610,-64.6591,-1.1487,20.0371,-0.2191,37.8492,-56.1180,80.7958
50.0211,-65.1195,-31.5648,-49.8277,-28.5615,-57.8240,-28.9848,17.6133,76.5211,28.2958,-33.0963,-26.9711,-75.9155,2.2841,36.5432,17.5449,19.2937,-60.4144,77.9258
45.9034,-81.2710,-38.8770,-59.1833,-49.8196,-52.7572,-25.0402,20.6341,88.0787,42.7945,-39.6062,-47.0522,-70.6911,9.4151,50.2616,38.5431,-4.3241,-62.5635,43.1937
50.8811,-104.4255,-48.4279,-76.5484,-60.5428,-64.0344,-7.6352,-7.4783,97.7730,24.3940,-25.5053,-77.3151,-51.1841,-6.5040,70.4849,36.1581,-32.9532,-80.1660,16.6632
51.0653,-117.1615,-58.9570,-93.6114,-62.2909,-84.9411,21.2236,-25.4289,95.5658,11.8959,-7.8406,-97.1336,-33.8561,-23.2230,89.9248,42.6186,-48.1939,-99.8160,13.6842
55.5793,-108.9456,-47.1456,-89.3666,-57.0663,-87.0637,42.8138,-27.9986,51.8821,16.7194,-8.6972,-114.2768,-35.4869,-33.5497,92.8804,57.6766,-39.6951,-89.8204,6.2239
72.5524,-103.0137,-23.7731,-73.9378,-47.1868,-75.6278,46.4142,-31.1515,41.2164,47.0421,-61.8274,-125.3826,-57.6049,-42.8845,94.5015,54.2459,-31.5128,-69.0726,16.8614
71.9653,-109.6608,-24.5262,-68.7275,-36.6090,-71.8910,27.5490,-12.1964,88.2903,90.6130,-101.0520,-109.4173,-80.1042,-39.3656,91.7995,40.9454,-28.8203,-67.8625,63.8302
53.1505,-103.1486,-23.6695,-59.2267,-9.0270,-66.2986,10.1520,22.6131,74.3001,94.8257,-48.3071,-83.1353,-75.1572,-29.7528,66.9394,34.6110,-15.4505,-64.2840,96.7100
57.8037,-78.7738,14.7395,-33.5764,43.5922,-48.1805,20.8116,29.4147,3.3192,62.9529,0.2863,-71.1565,-49.4141,-25.6788,51.4623,40.1038,-2.8316,-45.0864,90.5065
76.3034,-63.8264,45.0584,-14.6736,79.5345,-32.5518,31.7135,15.5551,11.0516,52.0010,-44.0464,-52.7370,-36.4462,-7.7872,65.3801,55.0404,-6.3403,-35.9293,79.5674
65.6072,-57.5377,34.0292,-6.6335,75.0138,-16.7224,16.9026,21.4601,61.3397,52.7881,-76.9245,-9.1540,-34.7206,25.1145,61.5360,52.8342,-10.0211,-31.6782,82.9296
43.0152,-37.2035,31.4805,10.0018,72.5196,15.7753,6.4494,47.5574,34.6217,27.2525,-32.1550,29.2261,-20.9385,40.5978,29.0176,27.7499,-0.6524,-11.4544,93.2542
38.2486,-8.3308,49.1044,20.4963,83.0293,38.8402,11.7714,60.6066,-8.5200,-3.4414,-4.8815,28.9192,-8.3863,28.7485,22.0955,23.1112,10.4978,-2.0672,96.2130
29.0295,13.8604,35.5682,2.3576,61.1507,21.1766,9.5207,31.3313,19.6029,-22.8959,-32.7277,1.2093,-11.6926,-3.0365,46.5353,35.9023,12.4517,-25.3999,77.9143
13.0681,31.2315,5.9187,-17.2376,22.9916,-5.0468,8.8941,-22.5167,51.9081,-46.7766,-53.5594,-21.2362,-9.0462,-46.8380,53.9100,9.2140,13.4103,-44.8781,56.7176
25.7920,43.3008,19.1603,-5.3934,32.2983,0.7484,15.2825,-37.6479,24.6441,-59.1311,-55.0270,-27.4373,0.9769,-67.4855,31.6104,-38.0142,33.0171,-29.4843,54.9708
55.1532,49.9719,61.0232,19.8092,73.8805,15.6000,4.2329,-9.1787,-23.0433,-42.7450,-56.6575,-33.0254,-2.6545,-52.8346,6.9226,-39.7932,65.0462,-2.1744,45.1880
63.6419,59.5979,84.1936,24.7474,89.3190,6.2405,-6.6059,-5.4776,-53.7211,-25.4197,-47.3499,-57.2525,-0.5418,-59.6894,-1.3290,-24.3864,76.1919,4.0301,10.2899
64.4328,65.5011,89.4318,11.1408,84.0825,-7.1391,4.0285,-26.5557,-71.1048,-27.8549,-22.6710,-98.7506,24.5679,-104.1930,-1.3970,-47.8901,72.1694,-9.2123,-16.6462
77.8940,63.1085,98.5632,5.8734,88.2971,5.2972,-6.0964,-13.6870,-90.6623,-39.5645,6.6837,-117.4824,34.3297,-109.9669,-11.5852,-61.4984,89.8982,-15.7941,-30.0225
87.5333,72.1545,118.4618,21.1421,94.5558,26.5789,-41.9117,3.0882,-120.6121,-49.7038,24.8919,-70.7359,11.0996,-52.7369,-23.6346,-14.2924,108.4241,-4.4197,-47.4079
84.5758,81.5938,136.3539,37.1312,90.1126,23.2960,-45.2449,-24.7433,-131.7668,-44.5968,15.3468,-4.4649,-9.8790,-14.3572,-12.5837,31.1544,76.4153,7.2347,-42.6576
71.3890,51.2884,120.1010,27.9607,70.8267,-2.1503,-28.2315,-34.2444,-93.4496,-16.1782,-1.0437,-23.0148,-24.0832,-42.3326,13.4255,22.9185,16.4413,4.0920,-3.6000
39.0993,5.3834,63.4498,0.4021,32.1745,-22.3002,-41.4047,14.2068,-35.8448,9.7538,0.1604,-113.8867,-54.8560,-89.7567,29.3338,8.7049,-10.1932,-5.4342,29.2145
-0.1882,0.8201,12.3814,-10.1558,-2.9047,-22.1392,-52.9396,38.6975,-4.5082,3.0690,-9.5473,-147.9759,-80.6126,-106.2126,32.2717,10.7301,-4.9354,-2.8432,43.6462
-24.2003,19.8632,-3.2746,14.8356,-3.5326,-2.5397,-36.8074,4.5370,-5.9059,-30.4038,-29.0512,-96.3548,-75.3525,-93.8425,16.4704,-17.0616,-6.1896,26.2889,57.3884
-44.3406,21.0347,-4.2411,50.0490,16.5325,28.2101,-40.4993,-16.4020,-26.7836,-60.4571,-5.0232,-58.8026,-62.4437,-83.5674,-19.6182,-66.4605,-16.7153,67.8434,62.0325
-63.3391,18.0026,-3.8821,58.6268,30.8714,52.9881,-63.3854,-5.4351,-39.4927,-62.2864,36.4432,-72.5311,-57.8039,-96.6134,-38.6459,-86.3031,-17.3225,77.9245,61.1869
-53.5375,18.4297,6.4052,45.5558,46.3327,61.4771,-60.1151,-11.4668,-20.2223,-38.3070,22.7600,-86.5055,-50.5805,-117.9652,-24.0923,-90.2360,-8.2040,52.9902,76.6567
-27.4708,1.7048,22.0927,43.5756,69.5634,61.2113,-52.0751,-20.8057,8.5688,-3.7281,-20.4327,-86.4106,-53.2709,-115.2776,-9.1490,-90.9257,-8.7422,42.5989,93.6346
-23.5864,-20.2734,32.1196,49.1997,87.1943,56.5932,-60.4727,16.9137,24.7040,38.9501,-38.2405,-94.0885,-71.1972,-89.7780,4.6172,-46.8250,-27.8708,49.8978,99.7750
-25.0415,-29.9332,34.7550,35.4871,94.0965,49.8519,-45.1669,75.8633,45.8083,65.7348,-40.2290,-110.2838,-62.9942,-75.1440,35.3805,5.2279,-48.0107,32.7612,112.0798
-5.0650,-36.7907,32.7512,19.9587,89.3700,58.0191,-12.1304,87.9540,52.1956,30.2222,-27.3584,-123.6887,-19.1516,-82.0015,43.1963,-27.4280,-49.3851,14.3760,108.0310
9.2971,-28.5860,35.2538,39.1147,71.8724,79.9912,-15.4066,48.9093,1.6423,-42.2586,1.7423,-115.1402,0.2717,-83.2532,0.2737,-99.0014,-32.6737,46.1205,62.5260
0.0380,4.7156,46.2555,75.2926,61.8158,85.8890,-42.6174,14.1830,-53.1275,-66.0440,-3.6160,-78.1526,-28.3834,-65.2608,-37.9537,-102.6349,-12.8860,94.8088,29.1598
-13.4724,24.2813,49.1579,85.8537,68.6770,77.2580,-54.2487,12.8444,-35.7668,-35.2983,-43.7084,-51.9082,-51.6096,-51.6232,-33.8309,-69.6315,-8.4054,102.2809,40.2565
-29.0174,17.4041,34.7776,70.2560,62.3462,80.0068,-62.9820,21.7420,11.3834,-17.8646,-45.9155,-59.3245,-40.3282,-54.0250,-20.1143,-60.4854,-23.5333,80.7499,35.8584
-49.5100,16.5558,17.7377,52.6769,33.7327,75.5937,-69.9392,20.5887,18.6455,-25.4511,-13.1308,-64.9070,-26.8641,-49.7515,-11.7909,-35.4042,-42.4277,63.9885,-1.6390
-58.4807,9.2140,2.8994,41.5193,16.2390,44.2587,-45.7776,22.3860,12.2064,-15.6934,-9.0149,-55.9012,-31.0877,-32.9096,6.3277,10.9894,-59.5033,56.6494,-5.1096
-60.8461,-28.3323,-13.5026,35.4210,22.3194,26.9714,-6.5481,42.5206,26.0355,28.6353,-20.3900,-54.2831,-33.7104,-23.2553,20.7423,21.4521,-81.7263,56.2956,38.7450
-70.4571,-54.1805,-15.9551,36.0716,43.7089,38.9765,10.4739,71.9358,26.3699,80.7894,0.5801,-48.0082,-18.3248,-17.0652,11.2418,11.0548,-89.9253,58.8394,68.5354
-69.3052,-41.0174,1.0960,44.9052,82.1398,26.2692,9.7706,84.9716,1.8619,87.5925,32.8069,-33.7778,5.8151,-6.1708,-8.5867,15.6651,-70.4558,60.2435,57.7452
-57.4583,-18.4329,10.0189,52.9224,103.4680,-15.3513,5.7175,67.0686,2.7812,41.0916,26.2412,-42.6333,18.4848,-12.5690,-11.8967,12.5299,-60.6332,61.9937,29.6460
-68.7017,7.9568,-7.3061,38.5444,58.8409,-26.2418,0.1812,35.3017,45.1006,13.5804,-15.3223,-51.0888,17.5631,-32.1334,8.6699,14.1265,-72.1281,46.9602,1.3081
-90.4694,34.9448,-36.0613,0.2875,-7.3789,-15.3449,5.1346,13.8442,81.3471,33.3633,-41.3307,-24.3843,21.6283,-25.8404,34.2438,53.7120,-61.7445,2.8508,-24.0973
-80.7989,23.0907,-55.1601,-20.6699,-15.9834,-37.0466,19.3311,3.0093,94.4627,39.7836,-49.0628,-16.5961,26.5847,-4.0354,43.9982,80.3176,-41.0085,-22.4417,-40.7353
-58.1220,-4.9028,-52.8156,7.6584,5.7628,-55.8563,16.3935,4.2653,118.9714,28.8588,-110.6960,-50.8884,4.8588,-2.2297,38.4954,49.9125,-55.8616,20.0728,-41.3517
-59.1530,16.3746,-33.2021,55.2336,-2.6831,-6.2204,-1.1621,28.3426,143.6593,48.1375,-217.8530,-48.9156,-26.7310,1.6902,22.6851,11.4902,-66.9691,88.6704,-31.9170
-67.0578,43.0985,-27.5735,66.7498,-21.5839,61.8343,-2.5445,50.5590,118.9121,60.7496,-228.7597,-9.4615,-22.5741,24.0717,-1.5771,-3.6594,-32.5056,106.5120,-30.6175
-67.6354,-4.3192,-62.6789,29.6187,-32.8913,58.2417,7.0430,38.4171,78.8965,28.2288,-108.9709,-25.9449,1.3941,20.9790,-12.3701,-16.8896,-16.8428,66.4999,-38.5791
-83.3303,-72.4885,-111.4805,-12.0135,-59.5956,13.4598,-1.7171,17.2567,91.1616,4.3789,-11.0804,-87.2028,0.8453,-12.4795,1.8771,-23.1655,-59.9496,27.4924,-45.2637
-106.4998,-75.0332,-119.9090,-7.2578,-73.6855,17.1240,-24.9951,14.5837,109.3338,1.7867,-11.8428,-108.7817,-10.0627,-22.4353,6.7029,-15.3074,-90.8251,38.8967,-66.4222
-100.4090,-41.9824,-85.0294,31.3422,-42.0203,59.1578,-37.0369,3.6434,71.2622,-20.0121,-41.5632,-101.5448,-6.5013,-5.6165,-10.8002,-9.8844,-69.4651,80.6034,-112.0638
-74.6738,-37.0602,-62.2381,40.1564,-22.8899,68.5336,-30.6490,-21.1470,42.9101,-27.5096,-63.2141,-108.2272,-5.9014,1.9839,-9.3680,1.8081,-48.4183,87.7046,-143.2962
-71.6217,-61.5778,-81.2979,7.8529,-53.8366,49.0328,-16.5599,-25.2344,72.5788,-1.3533,-61.5891,-103.4717,-7.1487,10.1375,17.6403,29.3450,-67.1540,51.4573,-136.9306
-94.6073,-85.1307,-101.8204,-6.8342,-67.5911,49.7078,-1.0618,-17.0549,79.1612,-7.5064,-0.0685,-70.2009,16.7644,34.7313,27.9861,49.0271,-108.7569,33.3660,-128.6376
-113.4330,-74.6755,-83.5837,19.3055,-30.8931,64.8290,18.2405,-25.0091,29.1955,-40.3673,59.9490,-36.0840,53.4337,47.7525,14.0342,48.3303,-135.0656,57.1049,-135.6010
-112.6843,-29.2744,-46.1448,45.3713,3.3671,69.0290,37.2074,-27.7885,-4.4726,-33.0473,42.2495,-18.6230,75.1663,31.8414,0.2848,31.9089,-124.6652,79.8603,-129.6860
-96.4328,-3.9250,-20.5849,48.8293,16.5699,74.9465,42.4098,-5.4885,-20.0596,-22.0188,32.0184,-24.7484,82.0206,8.9690,-8.2021,5.7609,-100.2835,79.4966,-104.7207
-72.1958,-16.2832,-1.3651,50.2098,34.1774,88.0623,33.3192,20.3429,-78.2803,-58.4368,93.7618,-51.5093,70.6229,-5.2812,-17.4083,-9.5084,-82.6406,80.1142,-77.3764
-50.5693,-0.6274,24.0823,65.1484,51.9826,90.2043,24.2649,35.8839,-143.8139,-83.0677,115.2235,-63.5964,42.3842,-21.9864,-34.5779,-22.1140,-46.1103,97.1175,-45.0150
-41.9723,56.5076,47.1292,81.8826,61.2768,84.4683,15.2555,42.1738,-137.6274,-46.6679,48.5438,-38.7407,27.7865,-48.6339,-61.8970,-68.0614,6.6148,110.1718,-1.8784
-46.6906,71.9705,50.3850,73.5123,66.3398,77.5589,3.9979,43.2695,-67.5717,27.8289,0.4622,-5.7062,31.8870,-65.4441,-67.6732,-103.9225,14.7700,88.0109,45.6843
-57.9725,20.4100,22.5800,30.4153,44.3162,53.0634,11.7359,62.5937,6.9909,115.3261,3.3212,2.6007,25.7849,-54.7147,-29.6070,-64.2357,-29.1186,35.8109,87.2922
-68.8647,-30.5533,-26.0596,-19.4330,-16.6790,15.8467,27.9991,97.7720,52.7161,170.4437,11.2473,-15.8885,7.6726,-39.9319,6.3007,-12.1758,-60.1360,-6.2771,102.1808
-73.0874,-54.8896,-66.4423,-53.2058,-76.9415,-6.3409,-6.7174,100.4231,73.1607,157.2348,45.5335,-40.6458,-17.6228,-43.2298,4.2855,-11.7898,-54.8658,-33.4485,84.0718
-73.0386,-79.6754,-91.0610,-84.1461,-114.4943,-17.4124,-82.6420,73.7673,93.1766,137.8252,101.4908,-41.6596,-64.6148,-34.3438,4.9511,13.6945,-43.4370,-74.5392,67.0206
-80.4651,-93.4279,-114.8071,-111.9520,-148.6148,-32.6035,-99.6907,79.5297,120.0632,166.4739,93.7331,-14.7294,-106.4040,7.3262,37.0477,101.9551,-42.5022,-108.8667,72.0243
-95.9663,-70.0317,-130.0273,-110.2179,-172.1308,-37.0605,-33.6015,112.5804,132.4630,183.6011,17.0281,15.3527,-97.0976,47.2634,71.1517,167.4167,-53.7188,-96.8952,74.8652
-104.3774,-31.0318,-123.9457,-86.0939,-162.3425,-24.1289,24.6018,108.9271,126.7610,140.5029,-37.6813,47.1819,-61.3343,67.7742,86.9589,181.0512,-66.1470,-69.4500,62.9246
-97.3716,-9.4932,-114.6130,-71.9168,-139.6718,-17.2153,29.1890,63.4341,112.3453,69.8718,-27.8277,85.0255,-42.2638,81.9239,84.5839,174.7018,-57.8116,-67.6723,47.8728
-82.2053,-8.9568,-111.4648,-66.1330,-132.7648,-27.0276,18.2849,22.3248,77.1745,5.1885,21.3532,90.2788,-30.3546,73.8614,59.2763,131.7388,-43.5482,-64.6894,27.1151
-73.3007,-21.5872,-99.1685,-50.3472,-127.9516,-37.9413,10.7251,10.4613,35.7120,-25.4460,62.4055,50.1910,-24.6510,40.3678,32.8687,75.7360,-61.2315,-35.9072,9.3388
-83.5633,-36.3400,-87.2973,-29.9362,-106.4112,-33.5068,10.4441,23.8715,36.8894,-1.8032,44.8141,24.8221,-42.6057,29.0141,42.6497,85.0384,-98.5640,-7.5441,27.1895
-104.8165,-38.5158,-94.7461,-18.3467,-83.9875,-11.7507,37.7353,43.5921,69.3235,30.7797,-16.8487,42.0307,-58.3297,50.7241,76.3209,136.7621,-114.5771,2.3768,70.4225
-108.7907,-30.7890,-95.9592,-17.6257,-77.9090,11.6427,66.5239,61.2304,69.4781,30.2570,-36.2672,54.1535,-46.7036,64.5033,91.3598,156.4149,-110.0724,1.5799,84.4219
-91.0070,-27.2396,-66.0509,-20.7282,-70.3264,20.1241,48.8506,93.1689,29.5810,27.2557,20.6433,40.7459,-29.0974,66.2940,77.5033,157.0943,-103.8744,-4.1443,59.0699
-73.5458,-27.8800,-34.6470,-18.3637,-39.4928,15.2588,14.9113,128.7179,-4.6496,34.5272,85.2351,32.0485,-17.8006,73.6415,52.8492,158.5915,-86.9148,-9.0021,41.1669
-55.3929,-30.5724,-30.6086,-13.7082,-6.6281,1.4796,18.2046,130.3093,-5.6457,32.6180,78.9110,31.7514,-12.8758,75.4152,39.2689,139.5115,-53.8358,-9.9372,53.9541
-25.0022,-40.5130,-33.6405,-12.3701,-0.9178,-19.9492,33.8078,114.7048,19.4238,42.4765,3.3917,15.9984,-32.3807,72.0637,47.1073,125.6888,-31.3072,-5.7978,66.5901
-3.8908,-47.8899,-15.1867,-1.2402,3.6023,-33.6546,23.5386,119.6816,32.0485,67.2452,-56.9299,-20.0482,-61.5389,67.2198,59.1381,139.9355,-41.2955,13.1485,54.0161
-9.2066,-35.9605,19.1978,18.9962,37.4012,-31.9632,7.9308,118.9993,0.2483,69.6088,-37.5925,-60.7202,-61.0132,30.9464,55.9624,137.2169,-62.3469,34.2528,41.3147
-18.3746,-13.8624,40.6212,18.2527,61.9600,-29.3666,6.0136,94.7837,-36.4356,68.5454,8.0562,-80.6554,-45.9024,-22.9766,49.2639,112.6823,-57.4697,23.7997,52.8062
-16.6610,-4.6912,34.4084,-1.8484,42.8822,-23.0927,9.6358,90.0110,-22.5432,93.1912,-1.0981,-64.2920,-41.9186,-23.5171,53.7341,115.4297,-36.7772,-3.0574,59.0756
-18.7460,-14.9208,15.1764,-4.1797,21.7164,-5.8021,21.3589,97.8003,14.9942,97.7839,-37.5209,-33.1629,-30.2672,22.3328,59.5291,129.5527,-42.8957,-1.2365,37.5148
-32.7535,-36.9357,-4.2767,10.1330,27.4078,-8.1991,32.8202,59.6776,32.4830,69.7891,-41.8405,-21.8488,-20.1865,32.9749,57.9454,112.3348,-76.3535,18.6082,23.6995
-54.2302,-58.7323,-29.2588,12.3788,23.1518,-39.3029,19.6234,-0.8101,45.7079,65.9711,-31.2772,-35.4617,-42.7934,-0.3375,52.4095,84.4121,-101.6412,24.9375,32.8680
-72.8016,-68.9081,-49.0241,5.4751,-0.4481,-48.6357,-1.2756,-14.6155,59.6320,84.4404,-26.0208,-56.5479,-61.2999,-23.6222,44.9857,69.0437,-110.0363,25.4293,29.9505
-71.9266,-66.6634,-38.6696,-1.1149,-3.8229,-23.8442,9.1949,10.8927,54.3710,96.0718,-8.0213,-60.8840,-32.6718,-25.1296,45.0462,61.2542,-116.4550,18.4280,21.8214
-59.8599,-57.1406,-13.1631,-18.9626,10.3342,-16.8068,38.7830,36.5025,56.0405,134.7531,11.8104,-29.0236,9.2207,-17.2976,59.2684,73.9905,-121.7566,-16.2631,43.2996
-64.7677,-51.6972,-17.0056,-50.3425,-0.1813,-43.8613,48.7387,56.1706,89.3489,201.3687,23.2026,13.3652,30.6606,-0.5365,68.4377,102.9226,-119.1716,-62.8201,60.1396
-77.3455,-74.6676,-56.5374,-88.1847,-41.7637,-80.9075,37.9040,57.1946,119.2929,236.7004,53.9116,9.0126,36.3424,7.0784,63.1516,113.7253,-113.2898,-98.9506,32.6169
-69.1718,-120.3616,-94.8334,-126.8073,-87.3350,-119.2441,25.6023,30.6591,130.8069,237.4101,81.8811,-39.4322,16.4379,-8.5566,71.0850,115.9304,-113.5876,-130.4662,4.0109
-50.5987,-132.4583,-101.4772,-143.6626,-111.3682,-135.4277,22.2949,13.4671,149.4248,224.5689,49.4170,-67.3516,-15.2347,-19.1757,102.3375,138.4246,-118.9364,-147.8934,6.5272
-40.7523,-93.5663,-83.0963,-125.5373,-103.2070,-105.3659,34.3002,29.3618,159.6967,174.0338,-6.2446,-51.9337,-7.8232,-2.9649,120.8676,152.4327,-113.4104,-134.1035,5.7509
-35.9242,-61.3872,-71.6012,-99.9764,-83.8311,-73.6341,47.2387,47.3492,138.1819,106.4212,-10.1495,-29.0518,19.3014,14.8576,104.9998,128.3716,-92.7147,-108.4672,0.8044
-36.7357,-59.7985,-78.0125,-89.4701,-84.6840,-82.8273,32.6065,43.2274,118.2802,84.7713,10.8470,-18.8722,1.4059,8.0925,79.2695,94.8677,-76.6863,-93.7235,24.9617
-35.7886,-50.5248,-79.2819,-83.6343,-97.9877,-89.7587,0.2712,20.2986,118.3998,78.2178,1.6737,-14.5386,-37.5760,-12.6313,65.6594,68.2934,-63.3382,-87.0590,50.0219
-11.9805,-27.9802,-65.2071,-72.3988,-93.6917,-60.5552,-14.5799,-24.8166,104.3997,16.3622,-18.3657,-13.0407,-40.4363,-24.3078,55.9533,30.6128,-29.5674,-81.3666,32.4562
13.7326,-10.6164,-48.0404,-49.5495,-67.8467,-29.4986,-15.5999,-77.5826,66.9927,-63.3038,-25.8775,-5.8560,-29.4418,-19.6734,40.1744,-0.5315,6.1882,-62.6179,-2.8431
4.7267,13.8007,-28.7317,-14.4638,-36.6331,-8.1818,-24.8413,-94.1625,35.7145,-88.0680,-33.4858,13.3166,-31.5586,-7.0967,24.3377,4.6143,12.9256,-26.2984,-20.9243
-16.9777,34.6693,-15.6873,4.2128,-19.6736,17.1440,-31.2828,-73.2097,30.0878,-75.9564,-37.3933,19.3110,-23.4653,-2.1685,19.3616,18.2085,5.1716,-6.2267,-28.5933
-23.2546,21.9590,-31.7922,-6.6136,-30.0991,17.7510,-31.6777,-65.1980,52.8050,-78.4049,-36.3529,-6.0050,-20.2982,-15.6510,26.1687,7.8351,-2.8371,-14.6991,-27.1059
-25.7332,8.0420,-51.4113,-8.3460,-42.0975,-11.0713,-55.3201,-78.3351,79.3185,-93.2694,-53.2922,-33.0953,-59.4997,-35.9953,31.5184,-1.0304,-9.7130,-12.3011,-8.5640
-9.0839,23.6899,-24.8942,10.1959,-17.8970,-8.9795,-93.3830,-70.8707,65.8368,-96.4809,-72.0948,-41.2406,-96.7279,-39.6014,22.7462,4.7336,15.8996,2.6213,3.3384
44.1235,19.7309,21.2678,7.7896,18.9538,26.1467,-103.0938,-46.1536,25.9463,-93.6774,-44.4504,-55.9222,-73.1712,-32.3057,6.3324,-14.7172,62.4960,-10.6822,-14.0445
77.5219,-20.3671,30.9206,-13.4131,23.3639,19.6073,-97.3275,-49.4053,15.2225,-106.1352,23.5104,-80.9704,-29.6875,-41.1318,-3.2150,-59.2324,49.7737,-36.1943,-40.1038
58.6288,-29.0786,22.9434,-4.9269,14.3449,-26.1440,-114.0434,-83.3890,10.8104,-143.0741,77.1510,-71.5611,-29.6780,-52.7674,-13.9730,-77.1391,-3.0966,-24.5561,-50.0177
53.2373,12.0698,39.4915,38.1957,31.3744,-25.7551,-129.3332,-121.1534,-47.6634,-199.5852,78.5528,-12.7115,-55.4996,-29.8163,-43.7552,-75.7561,18.7980,20.3508,-50.0771
88.5940,49.3685,70.2240,81.3915,66.2780,29.5380,-113.3744,-158.2839,-114.4642,-248.9324,28.8344,50.5219,-63.8043,11.0482,-74.5015,-95.7767,94.5266,62.3890,-50.3182
101.2315,61.8421,89.7414,101.6837,95.6620,64.5713,-100.3660,-185.3771,-109.8589,-252.1546,-20.2551,79.8538,-54.6015,26.9270,-72.7629,-102.7708,106.7143,75.9962,-51.1446
76.5941,61.3065,91.5556,92.8401,106.2220,58.1258,-111.1706,-176.3717,-76.0135,-216.5764,-8.4506,81.2880,-42.3312,29.4192,-53.0819,-61.6157,72.9281,57.2992,-60.8786
72.9635,53.6580,83.2991,73.7043,88.3694,52.7418,-106.0274,-133.8121,-90.7413,-195.4799,30.1109,75.8593,-28.5623,47.5807,-54.9930,-33.2598,79.4863,41.7864,-78.7363
105.1539,53.4827,86.8864,72.6100,67.1629,56.0410,-68.2380,-84.1740,-119.0622,-192.9986,10.3509,70.6601,-10.8664,63.6471,-72.2657,-62.6399,109.1181,56.6963,-80.2523
127.2067,62.4528,102.2170,79.7633,77.6608,45.1811,-29.8991,-49.8910,-103.8713,-167.4314,-40.7776,64.8261,17.1593,56.3097,-77.3063,-101.6714,112.6143,69.2141,-62.7287
104.7837,62.4850,95.9740,76.3874,93.1776,35.1736,-8.3663,-52.7583,-82.2470,-134.0759,-32.4216,72.6902,50.7052,42.4344,-78.2095,-115.9386,92.8227,61.6043,-53.0407
52.0033,58.9189,70.9758,76.0121,77.7235,49.2651,2.3561,-80.8613,-79.8385,-120.2275,6.5789,104.0526,63.9585,36.9272,-78.5096,-114.5350,50.8543,63.4749,-44.4843
12.7771,53.3425,57.0861,69.8800,55.6386,57.1551,6.1553,-82.3698,-40.7700,-80.6952,-3.3265,117.5499,53.8288,27.8402,-50.9840,-89.6370,-6.4048,57.6578,-14.8840
3.2730,22.2799,34.2000,24.6736,36.2042,22.2034,11.0559,-55.0229,32.2174,-5.9133,-20.5242,70.3308,49.4726,2.6035,-7.2936,-53.2249,-35.6659,6.2847,5.1869
-3.8978,-10.9605,-12.9061,-32.1708,-10.0147,-28.7014,26.4392,-41.5702,46.7169,34.8230,11.8630,7.8762,49.1477,-28.9926,8.1879,-37.0715,-23.4789,-44.6072,-3.3357
-16.8847,-4.7055,-37.4671,-47.7662,-55.8337,-50.0261,47.5031,-25.8060,2.0879,42.0607,26.2724,-6.3620,23.3192,-40.4755,8.5704,-15.1536,-5.3107,-44.4955,10.3665
-15.1873,-0.0402,-29.4101,-39.1522,-53.9814,-45.9882,63.2745,17.6896,-2.6844,67.8911,-17.2869,-3.2704,-8.4827,-23.8020,30.5752,32.0884,-7.8427,-30.5481,50.1046
-10.6444,-36.7883,-35.4667,-40.5323,-38.7672,-41.1409,70.3122,39.1199,31.4490,77.0118,-25.3603,-22.5431,3.3585,-6.0420,45.6265,42.1560,-36.1418,-30.5029,43.0479
-24.8439,-58.6274,-47.8715,-36.6268,-46.9372,-36.2199,72.2461,17.4150,21.9108,37.9486,41.5389,-23.9244,49.6471,-6.9771,21.2498,-6.6629,-74.3968,-18.9318,-3.5764
-34.0280,-38.5797,-32.1723,-23.4368,-46.0391,-32.5818,68.4733,1.9900,-12.3903,14.1482,91.8632,4.8451,74.5341,-15.0532,-4.5779,-41.6335,-88.4661,-6.3976,-12.1796
-19.7805,-35.4913,-18.3783,-27.3395,-32.3092,-46.4271,46.1634,-6.9777,-6.9293,25.9675,91.6477,12.0402,54.2632,-21.1947,-2.7902,-36.5062,-74.5717,-21.9256,9.5673
-10.5465,-57.3120,-30.0236,-39.6847,-41.0795,-70.4798,11.1394,-28.6685,5.1178,28.4384,101.8267,2.1592,15.6863,-25.3417,-2.5487,-30.5661,-64.8845,-37.9651,17.4069
-22.1139,-52.5915,-32.6798,-31.7918,-53.1773,-70.8503,3.3083,-16.5896,-23.2827,29.7172,121.6249,12.7007,-1.5063,-19.0393,-15.6430,-23.7733,-63.8007,-21.9769,24.7445
-30.8503,-25.2010,-20.4966,-15.6482,-43.9355,-43.3427,21.5546,26.0813,-61.1257,30.7914,112.4780,11.3848,7.4193,-7.4906,-21.6180,-3.4069,-44.5418,2.2753,19.0944
-20.7229,-11.7027,-20.2947,-19.4616,-44.5503,-30.7447,8.2194,23.8899,-79.4960,-14.3513,113.5483,-26.8405,8.4085,-12.0461,-20.3307,9.1349,-10.4916,-1.2175,-27.5712
-2.5697,-10.3153,-20.5231,-35.5130,-56.6362,-58.3918,-31.9123,-6.4084,-84.7795,-69.7842,152.1331,-49.8592,-6.6861,-29.9892,-20.4524,4.9404,2.8566,-26.3764,-52.5721
6.7604,-1.9961,-2.3057,-30.6794,-40.0314,-82.0554,-32.2342,-1.1761,-72.2373,-66.7191,158.2049,-23.3463,-1.1842,-37.0479,-22.2554,-15.6904,-12.9818,-31.6262,-12.4092
2.1660,26.3235,19.8824,5.4478,-7.5349,-46.9974,-2.2691,8.7127,-49.8422,-45.7759,95.2036,34.3876,29.0071,-20.3174,-35.9586,-55.4268,-20.0024,3.0730,20.1507
-6.2335,68.9384,32.9242,41.4084,3.9355,14.2332,0.7677,1.4986,-43.6427,-50.3442,30.8645,98.6023,40.1994,12.9638,-58.2284,-76.9111,6.8179,39.6692,16.7715
-9.2974,88.4164,37.1037,49.0064,6.7965,21.8236,-9.3503,19.7664,-48.5190,-42.7960,14.7777,123.5379,22.3956,31.9597,-62.2301,-54.5443,29.7032,45.2087,31.6494
-11.4095,77.9792,36.2842,47.4822,16.3677,-15.9128,-5.7051,35.5477,-55.1759,-31.4216,22.5845,88.4746,7.9279,11.8738,-54.0806,-41.1486,16.3374,47.8756,47.0542
-20.8126,89.5852,39.5809,62.7581,22.1780,-19.2250,-8.4728,2.7396,-74.3189,-59.3467,23.8096,67.7724,9.4984,-14.3197,-62.8913,-62.3314,8.4562,68.9008,24.8659
-42.1583,133.1032,37.3328,80.3670,27.2231,14.7121,-5.9684,-19.1121,-90.3444,-91.6790,7.8389,107.5703,17.3995,-0.9434,-73.5968,-56.8781,37.6141,83.2917,12.5348
-67.2803,153.6417,13.1201,82.8898,35.4344,19.8942,24.7005,2.5676,-88.4188,-91.2888,-16.4750,138.3759,23.7782,31.7052,-66.8035,-12.0406,66.6338,85.3789,23.4006
-70.0958,138.5958,-1.4572,77.5060,39.5048,-2.5495,39.9417,5.2086,-94.9170,-70.7317,-13.5231,134.0635,26.8355,46.1409,-69.5748,7.9051,75.8880,84.6226,9.9221
-47.7593,122.7633,22.5321,61.4544,43.5270,-8.6196,20.8271,-14.3816,-105.1356,-17.3830,28.0959,156.5168,39.1365,51.1708,-85.1381,-2.1109,80.0007,57.1313,-4.1728
-36.5033,108.0705,37.3814,26.2705,37.9284,-16.5006,21.1646,-9.7311,-78.4937,54.2263,64.7891,190.7562,64.9277,55.9660,-73.8739,6.6664,63.8845,2.1860,13.7824
-40.1880,80.8685,9.9003,-6.0702,2.7336,-46.2775,44.4122,-2.1178,-36.9542,67.0773,64.6231,172.9588,76.0454,53.4381,-43.2253,24.2870,28.2605,-28.5065,12.3045
-18.3066,56.6472,-5.4501,-5.9636,-26.8697,-52.8615,41.4498,-12.1042,-29.4455,20.3581,40.3143,138.2740,61.4857,58.8383,-39.9737,8.1489,20.9559,-13.6163,-20.9851
25.2514,51.4598,25.5716,25.1463,-0.0332,-21.3926,21.6772,-17.7770,-45.8114,-19.5692,10.1019,137.0715,51.2100,76.7065,-60.6942,-30.7470,42.0768,20.5470,-34.8247
47.3520,60.1605,63.1649,61.7201,54.3303,-1.3937,17.3384,-31.2260,-75.2598,-59.8626,0.7811,134.4210,55.7011,76.5461,-72.0936,-53.0713,46.4420,53.7127,-38.2615
51.1052,67.3661,81.5617,76.8392,80.3087,-6.0323,16.9379,-53.9708,-125.4893,-112.3913,40.2703,111.2915,58.6251,54.0555,-75.0732,-58.6524,39.8718,68.0122,-49.6970
60.6485,55.0775,89.0921,67.6102,83.0658,-9.7176,13.4181,-38.7094,-148.4831,-113.5865,86.8516,96.8196,58.8227,38.2654,-79.1695,-71.9759,39.3902,56.7145,-29.0596
62.2832,26.7073,83.2622,62.8157,87.9110,-18.5556,10.5394,2.3578,-104.8370,-57.5415,68.0442,84.0707,49.7330,32.8617,-78.5633,-90.8580,24.2090,54.7638,15.2442
46.9905,12.7746,69.0309,75.0642,93.0932,-40.8048,-9.5373,10.9741,-53.6014,-20.3098,15.5312,57.8354,19.8109,19.7537,-79.2493,-99.7950,5.9320,76.0446,30.8345
33.9034,25.9465,63.0286,73.3471,86.2563,-62.9198,-41.2690,-1.9179,-51.5551,-16.0875,20.1127,40.2096,-5.2165,-5.7296,-87.6816,-100.9526,17.0045,74.3153,29.2187
25.4145,46.1796,55.9850,41.8329,58.5480,-89.6755,-53.4445,-6.5699,-68.3860,-7.4585,66.2150,33.0453,-6.8592,-31.4779,-86.2102,-84.5940,38.1416,34.8590,25.3427
14.5814,57.5378,37.6809,11.6237,24.7262,-118.1021,-47.8146,-15.3671,-66.2107,3.6096,70.3211,17.8383,-7.4297,-36.8635,-66.1168,-36.4826,46.6010,3.0740,-7.1355
14.2179,61.2064,25.5182,4.6591,12.7306,-119.6809,-36.2288,-22.6695,-53.0788,1.6478,37.7822,13.6213,-2.7640,-19.5510,-53.0424,-6.3091,55.8465,-1.7288,-42.4451
27.3705,59.7478,23.7522,8.2926,8.7911,-106.0516,-15.2890,-18.9129,-45.9996,-16.6958,30.2164,42.3521,24.0930,-0.8769,-64.2368,-41.5858,59.7922,2.8649,-39.7492
34.1629,50.6771,15.7984,10.1635,-12.0121,-106.3816,-2.2870,-24.6826,-44.8432,-49.4106,48.8004,84.0272,40.0689,22.7200,-73.9645,-69.9710,40.9504,7.4111,-33.8154
24.8442,30.6795,-0.4434,5.4186,-26.1672,-99.4430,-7.7770,-29.2021,-32.5794,-73.2132,66.1574,110.9237,33.0460,65.5446,-55.5680,-22.7846,14.3133,0.8438,-48.8493
7.6083,7.5064,-21.9411,-8.5449,-27.9868,-81.6358,1.3655,-16.7778,-4.7662,-80.2473,74.8112,107.2448,39.9050,90.3971,-23.3687,28.2606,-9.9396,-17.1194,-56.8167
-6.7876,0.8529,-47.2469,-12.1236,-52.6925,-88.4689,34.6446,-31.4194,6.5954,-103.2005,45.8646,70.3925,43.2850,65.7627,-3.0954,21.0922,-36.1118,-7.3337,-64.0041
-9.1358,15.1543,-52.1912,18.3103,-72.6578,-86.6401,49.1112,-82.2278,-13.1358,-142.2637,-30.7137,31.8579,9.4924,30.3099,-2.7582,-9.6211,-44.4756,46.8246,-79.7829
3.5442,30.3795,-21.4146,60.8030,-40.8646,-29.9537,29.6081,-108.2879,-35.4380,-157.7158,-76.3561,24.9406,-10.1561,10.7825,-27.3414,-65.5361,-24.0454,94.7771,-70.7238
22.6792,32.0188,8.3356,71.3822,-11.9167,16.5586,13.4703,-104.5322,-55.0814,-148.8000,-42.5720,34.6265,14.3948,-9.1484,-65.8534,-146.4482,1.5122,98.2596,-48.7371
32.3363,26.2228,5.7631,52.4163,-30.3447,7.8375,30.5049,-108.9307,-82.9016,-133.0084,-11.4301,35.0059,28.8236,-14.6914,-73.8720,-155.8022,15.8018,80.8459,-56.3663
23.4996,25.1065,-0.6646,38.6874,-33.3647,13.2028,67.5047,-106.7936,-88.6085,-103.3883,-36.1894,30.4953,30.4718,0.2484,-38.1899,-85.9014,13.7190,66.5388,-66.6342
11.9049,27.2638,12.0970,31.1061,-5.1640,37.0029,84.1299,-93.6001,-57.2504,-72.9848,-46.7305,18.2717,57.3697,-14.3113,-7.6534,-65.6932,-9.7924,45.7717,-52.5977
18.9751,13.3305,14.2834,4.9081,-12.9790,1.5295,71.2147,-94.4622,-26.7593,-56.0032,-18.2052,-20.5709,71.1805,-55.9026,1.0407,-89.7406,-34.1985,12.2038,-52.3116
31.0904,-17.1188,-10.8531,-34.3311,-49.5373,-59.2024,70.3809,-75.5292,-10.8594,-21.6295,-15.3019,-69.3327,48.6303,-61.1749,21.1244,-49.1036,-31.4120,-21.0761,-67.6623
26.9440,-26.3965,-32.4626,-59.9308,-62.7444,-68.8664,92.3037,-15.5042,7.0621,30.8959,-37.1394,-87.1395,43.6600,-43.5097,40.4704,2.5137,-7.7900,-43.3594,-54.4826
25.1962,-6.1335,-35.2493,-70.1140,-71.8997,-71.7481,92.4522,13.0976,18.5543,47.0427,-38.9130,-73.5019,48.4314,-51.8627,32.2604,-14.2133,16.3510,-58.0197,-23.2085
40.8173,-3.9797,-40.7642,-77.6785,-92.6357,-102.5150,61.5687,-16.0477,19.2080,21.5310,-37.8092,-60.3825,7.3181,-52.3311,30.8499,-11.5626,32.7711,-70.3306,-11.3156
46.9784,-29.2970,-50.3947,-77.9545,-91.2351,-101.3926,28.5420,-33.3479,17.1967,2.0882,-31.5692,-55.7411,-38.9153,-19.6165,43.1151,39.9624,38.5367,-73.5877,-18.8522
33.6061,-30.8727,-43.3053,-63.0783,-72.7146,-71.9557,-9.3052,-31.8638,-1.9967,-6.6849,18.0727,-45.5887,-34.6577,-8.8196,14.1148,27.8830,44.2950,-60.1054,-38.9718
28.7791,0.0288,-27.0594,-43.3887,-64.9881,-74.8858,-51.6102,-68.0676,-25.6341,-35.9327,55.4898,-32.5061,-24.2255,-34.5839,-34.9374,-38.2190,60.7798,-42.3598,-64.4810
39.0233,22.0557,-20.6257,-32.0400,-58.9954,-83.5392,-66.7318,-119.3224,-10.8367,-82.4041,12.3443,-30.6528,-43.1462,-48.0907,-26.2171,-45.6640,68.2280,-38.0681,-71.4687
41.7359,26.7305,-14.7653,-26.3730,-46.2732,-56.5368,-58.6236,-119.6328,19.3824,-104.1599,-39.3967,-39.4699,-55.5050,-48.5822,11.4595,-19.9321,53.9707,-39.0502,-50.8242
28.8896,26.6200,-0.5087,-16.8222,-21.8694,-29.5480,-54.2191,-75.0952,18.6627,-71.4066,-27.6603,-49.9401,-44.2727,-64.4392,7.4889,-35.8260,41.2530,-29.1082,-13.3340
13.8857,18.3581,9.8597,-8.2295,21.5641,-22.5290,-44.3007,-38.1065,9.0708,-16.9821,-0.6807,-57.3949,-25.2195,-77.6992,-8.6330,-51.4092,41.2672,-21.7762,20.5606
14.9933,11.2019,15.0420,-16.7142,38.6350,-19.4209,-28.3007,-31.4290,1.7154,0.3626,17.7339,-58.8468,-3.8230,-71.2728,-1.1089,-32.2479,41.8967,-36.1446,13.1748
31.2743,15.3685,22.3597,-36.3412,-2.2920,-32.3151,-24.7169,-37.6565,-29.4190,-4.3253,53.2852,-57.2252,14.0757,-67.2031,-6.5801,-30.2766,40.2642,-51.9768,-32.9329
32.9676,11.3891,19.4923,-42.4646,-26.0943,-54.7554,-13.0017,-36.6357,-40.0276,25.9115,60.9028,-58.4576,26.8988,-72.9862,-23.4477,-52.3413,34.4331,-47.7596,-49.9825
12.1878,-8.6129,0.8632,-46.1658,6.8164,-51.7916,20.7790,-35.4809,22.3299,83.7565,8.7982,-58.9143,44.0037,-70.3968,1.5743,-35.9611,18.6943,-57.6716,-23.3227
2.0789,-23.6799,-14.3612,-80.6107,6.8292,-43.9040,40.6183,-36.9026,94.4338,139.6064,-31.8418,-55.0361,55.8760,-57.1594,55.4097,28.3412,2.3171,-109.6158,-17.7747
6.8826,-25.9024,-20.2987,-120.0288,-52.3335,-61.4579,37.0679,-15.1366,106.6107,193.5726,-23.8924,-45.0927,52.3526,-39.9828,72.3904,75.1443,-3.0537,-149.1939,-40.0746
0.0978,-18.7301,-25.5062,-111.0881,-74.9853,-65.6658,36.1845,23.2910,84.7558,206.5158,-7.0813,-12.1500,52.9190,-11.3802,41.7794,65.9565,4.6622,-127.4089,-39.0908
-4.4532,-4.3054,-26.1439,-78.6240,-47.3372,-36.6693,33.5559,31.6623,64.1488,136.2601,14.2032,41.0999,63.1841,24.8466,13.6106,39.8341,22.2833,-96.7147,-20.5220
12.0041,-3.9956,-27.5846,-82.7066,-49.4961,-21.2491,28.4575,15.5842,60.4870,48.9762,40.5225,60.1182,62.7495,39.0871,28.8234,41.9714,22.9803,-112.5443,-11.2948
20.0133,-30.9554,-45.0189,-105.1544,-81.2667,-30.1159,47.5871,22.2117,91.0674,24.5916,27.9937,20.4305,55.4754,22.2482,69.8533,50.6774,-15.9796,-131.2700,2.5144
12.9831,-57.5740,-57.6142,-89.1450,-78.8376,-21.5204,73.6005,42.4424,117.0094,26.9975,-14.2373,-19.1726,56.6839,6.6182,77.3243,18.2681,-53.8776,-97.3627,20.2126
25.2463,-59.4356,-32.4103,-35.3460,-35.4183,17.6760,65.3651,39.6069,82.9652,-0.6330,-30.7546,-17.9361,55.5070,8.8549,33.8893,-50.9793,-46.0404,-30.2572,23.6817
44.7376,-36.7967,12.4807,17.5244,9.3448,69.3953,39.6886,21.4249,19.9063,-41.1590,-32.0161,-1.1812,42.5634,8.7985,-8.9627,-103.2011,-17.1468,26.2321,25.7239
38.8943,5.3540,41.2956,47.5038,34.4180,113.5591,31.4813,5.8235,-25.2323,-62.4822,-45.5576,20.5371,30.0489,6.1293,-18.1323,-97.4691,7.8352,52.8645,31.9138
35.0676,36.1430,59.6305,55.3690,52.5815,129.7686,32.4026,-5.6669,-67.0801,-56.6850,-38.8071,48.8420,29.7302,19.9630,-22.7473,-62.1063,39.5199,53.2050,21.1083
60.3433,23.3267,82.1423,57.6131,77.5047,121.7067,18.4892,-8.8375,-103.5882,-43.8695,2.4735,50.3666,41.3034,33.2929,-48.1735,-69.6216,60.8178,52.0001,-7.1326
84.3460,5.0144,98.7285,67.0007,88.3064,114.1063,-12.7189,-17.1248,-110.7295,-70.7568,35.0788,23.7944,52.2912,22.9009,-75.0713,-121.3845,52.4709,64.4040,-41.3662
87.4539,26.9021,104.0876,78.0928,74.2247,111.6449,-35.8587,-48.9426,-115.4095,-130.5411,33.5625,18.6121,49.2400,9.6247,-83.3871,-145.2932,48.1921,77.1176,-73.2984
88.7883,49.9930,108.0760,89.3998,78.0980,116.6413,-34.1138,-73.2504,-135.8892,-147.9257,11.9746,36.2936,35.8146,12.0438,-88.1653,-140.6635,73.6589,87.4934,-72.5124
94.0583,42.4186,111.7427,100.6356,109.2625,143.1450,-37.8458,-57.8202,-137.8796,-115.5212,-6.0197,42.7272,22.5933,16.9219,-104.1421,-157.2622,109.6564,97.2587,-35.6026
89.3731,49.5699,104.6967,90.9107,106.8837,163.2575,-60.3817,-41.4547,-123.2035,-110.9847,3.7446,53.0006,18.4900,22.8237,-110.1710,-156.6607,137.6832,79.8215,-24.7275
68.4866,74.9234,79.7324,57.2646,62.3858,134.0997,-53.0391,-61.9458,-124.8774,-146.8742,45.6709,80.6294,36.5824,37.3975,-88.9649,-100.1890,135.6544,36.4687,-63.0628
37.7872,55.8912,42.0523,30.5681,29.7098,88.0691,-18.6697,-81.6734,-120.9804,-157.6341,94.1924,91.1567,58.7363,49.2369,-63.6347,-53.0565,87.5112,11.6903,-86.0101
16.1301,7.5598,12.3088,14.5956,10.2716,79.3677,-29.1119,-63.3168,-81.6788,-118.9237,114.2196,77.6368,38.2081,50.4222,-49.5029,-40.5169,43.8483,1.2619,-57.7957
19.3367,9.8717,12.2161,-6.3377,-10.9652,83.1114,-64.7845,-36.9337,-38.3708,-60.8589,78.1272,68.0292,-5.8289,39.0524,-32.5437,-17.9988,59.5307,-26.6400,-19.9869
39.3215,49.5502,36.1893,-12.2294,-0.5571,55.8825,-47.4407,-36.7479,-22.0315,-12.8576,3.5733,53.5153,-4.6867,6.0184,-22.6759,-21.4134,92.5121,-39.8261,-6.5986
56.3983,40.4311,49.1268,1.4672,33.0916,17.9991,-8.6183,-44.9562,-14.1816,10.6493,-37.0837,6.3270,26.6326,-33.8425,-32.0838,-78.8135,79.8282,-17.1661,-11.9472
54.9158,-16.3117,25.6523,-5.0837,29.9415,2.1269,-9.4481,-43.0747,0.1591,10.4054,-18.8478,-62.4151,23.5182,-53.0601,-28.2129,-97.0367,45.4987,-8.9196,-30.7222
31.6748,-30.9772,-12.2902,-23.4177,-1.1541,7.2303,-22.0047,-55.9142,3.1627,-10.7903,-11.3666,-107.9933,-1.8593,-61.2841,-9.1561,-57.7373,49.2042,-19.2971,-61.4220
12.1755,21.2243,-18.7848,-6.1581,-4.8310,25.9113,-25.3885,-89.3252,-11.0610,-48.8757,-54.1534,-99.0168,-11.1675,-70.7137,-17.3169,-55.9417,89.1344,-0.2519,-82.5313
21.3874,63.2011,8.8294,23.1855,16.8851,44.3140,-33.8289,-91.0336,-17.4239,-72.2792,-96.8139,-68.1856,-17.4195,-65.1842,-28.1922,-70.2358,109.7622,24.3497,-68.9342
41.8245,53.4931,31.5529,18.6248,32.4852,41.7153,-27.7068,-44.7475,-13.4333,-60.0151,-100.3292,-78.5629,-24.8522,-55.0478,-0.8210,-33.6081,93.2210,13.5537,-40.2387
55.9670,46.5586,43.9596,6.4133,37.3398,33.0973,-9.3379,-14.1549,-39.4404,-49.5967,-75.8605,-108.3453,-10.8578,-62.8417,8.1029,-18.7826,93.7890,2.2032,-44.1656
79.0580,72.6936,72.4139,12.6851,47.7736,50.5589,-7.8795,-23.8522,-93.1946,-63.0602,-39.5582,-80.3475,21.6736,-60.6713,-29.7808,-61.3821,135.8967,3.8034,-65.3594
101.8475,84.1199,100.6253,9.9214,80.9020,71.5805,4.5804,-22.6752,-100.9492,-59.5610,-16.5053,-14.6642,53.8682,-29.5099,-32.2273,-60.2145,156.0946,-22.0588,-41.2190
90.8611,64.0149,86.7377,-10.0208,105.2061,45.7521,26.0782,-7.6019,-40.9010,-28.5444,-26.4622,12.7972,57.3941,-5.7648,13.3339,1.5939,127.0611,-61.7894,7.2407
58.5505,48.3257,40.6505,-27.6167,63.5423,-12.4596,-13.4300,-22.1034,17.7795,-4.8094,-43.5889,13.9428,2.6220,2.8466,29.0621,51.6507,104.8413,-76.0205,8.0960
37.9698,32.7898,6.7843,-40.1874,2.5380,-39.9809,-69.2255,-37.0078,41.7155,21.9914,-47.5745,29.5482,-64.0552,27.3761,27.0064,95.9477,96.8360,-78.7972,-7.9041
27.0731,4.9781,0.9812,-38.0576,20.0212,-25.4854,-35.4104,-3.8521,59.1915,68.1665,-65.2733,43.1406,-60.5441,54.9281,49.1722,131.9264,69.2078,-74.8031,26.1741
22.5439,14.9692,16.2568,-10.4881,72.7128,-12.7297,21.7355,38.4963,65.6814,87.1778,-102.3129,53.8936,-15.1525,58.4383,45.8919,106.0274,59.2532,-44.9551,62.5598
30.4104,81.1765,44.1710,14.7862,67.2351,-11.9265,7.2960,49.4257,39.1614,59.5643,-124.0422,87.1214,-4.4648,60.2202,9.2228,72.0002,95.3018,-17.4111,43.7297
31.8813,129.1249,64.4804,19.0361,51.6827,4.7786,-4.8049,59.8037,3.3181,37.4158,-122.9278,119.5568,-12.9170,80.1840,9.5169,111.6653,120.9404,-17.6765,27.2712
14.6908,115.7328,56.5414,21.3729,72.9922,24.3318,27.3999,78.8361,-14.7427,42.6512,-114.4720,119.9677,-15.5397,94.4348,33.4116,159.4399,111.2251,-15.2622,55.6192
-2.8452,85.9715,25.9091,19.6345,52.0909,9.7933,25.6796,72.0965,-21.3372,49.4836,-95.1922,104.2553,-41.3574,82.6487,23.4548,143.4815,99.0334,-2.6041,74.7120
-10.7183,70.7367,1.2140,0.9377,-11.7892,-11.2307,5.2753,53.3118,-22.2481,62.2138,-72.6190,93.1398,-66.2560,61.2308,9.9023,115.4674,86.1369,-7.4730,68.0501
-7.9167,56.3526,1.7649,-12.6817,-11.5340,7.8469,34.7306,65.0395,-11.7268,101.6467,-78.9644,96.9559,-48.0688,61.3090,23.9762,116.3510,78.7274,-23.8852,88.1887
5.4000,40.3098,4.5575,-19.3061,23.7431,25.1898,59.7339,96.7265,20.2100,156.0998,-115.7779,111.1381,-39.1798,80.0985,36.3658,126.4339,101.2229,-41.0542,133.9359
0.8713,22.3504,-27.1591,-49.9315,-14.6677,-18.9981,37.2664,118.3037,78.5528,207.2678,-143.0089,88.9810,-75.2143,71.4274,48.4475,142.6430,104.7034,-69.3435,153.8399
-33.2050,-9.8926,-71.1563,-83.3970,-77.6527,-79.1547,28.4630,132.9417,133.2612,246.7293,-138.4188,20.6908,-95.2797,28.8062,74.1657,155.5877,39.9031,-86.0545,145.7779
-50.2010,-43.3136,-72.8192,-73.3434,-69.9384,-81.5006,35.1348,141.8759,146.2093,256.4587,-123.5521,-11.5995,-86.3085,17.1662,84.1085,150.2942,-26.2292,-65.5454,140.8610
-40.3904,-50.2257,-47.6157,-41.6638,-36.3252,-42.3174,9.8740,133.4292,130.0453,229.5176,-117.5374,25.6022,-100.0261,56.9183,76.2123,161.2089,-34.7268,-38.6204,139.7913
-59.9157,-38.1595,-51.2142,-27.9515,-34.2910,-6.7464,-10.0492,130.2000,112.3809,193.9718,-99.7412,58.8608,-116.4684,88.7780,77.0211,198.6127,-30.5433,-27.6610,134.7517
-105.5908,-37.3588,-70.9200,-18.1415,-30.1031,25.7795,9.0757,166.3927,89.0894,180.9305,-51.6926,56.1335,-89.5732,93.8445,68.8747,204.8988,-48.4433,-7.6447,133.9394
-118.3564,-54.3509,-65.7261,2.4038,-13.0094,55.9452,22.8362,209.2772,62.3784,183.8990,-6.4554,53.8190,-53.1345,104.4603,40.0298,168.6471,-71.0262,26.2258,128.1907
-102.4999,-64.1825,-47.7577,21.5041,-9.8559,74.5881,16.6915,191.1372,45.0000,168.3786,-6.8672,54.3315,-45.6873,111.3853,23.6971,137.7333,-85.8166,52.8984,98.4953
-89.2951,-38.7971,-29.0880,42.7850,0.3304,101.4690,13.7860,121.6020,23.5743,118.2641,-42.9153,55.7270,-46.5715,97.8434,20.3102,115.1081,-70.9221,72.2798,62.7282
-65.9766,15.5918,4.0738,71.2524,30.5516,141.1019,-4.8604,66.8419,-9.8169,51.1538,-70.1867,87.0821,-42.2568,95.2862,-3.4151,79.7600,-11.6595,87.9764,40.8117
-38.0394,58.1101,28.3614,87.9307,34.2043,154.2514,-50.9502,36.0492,-39.6344,-11.7893,-61.5064,130.4191,-47.0096,115.2001,-41.6487,50.9785,46.3179,94.6590,6.8068
-34.8369,66.2537,19.5846,87.6084,3.5856,135.5045,-85.4412,10.1593,-61.6744,-49.6570,-33.4975,140.2208,-63.8790,124.2557,-65.6381,43.7490,62.6145,99.4061,-32.6641
-38.6380,56.3977,17.3115,88.1685,-0.9591,129.2674,-86.5438,27.0421,-61.2871,-24.5640,-39.3578,127.2880,-86.1058,111.3033,-63.3699,41.8207,54.3964,105.6954,-0.4045
-28.1906,44.0069,45.4566,92.3371,35.4412,142.7165,-70.7744,99.1802,-16.4073,66.2862,-95.7643,113.8537,-101.9183,90.7092,-38.7189,37.3745,33.8753,104.1870,101.7364
-28.0542,34.2866,59.7773,86.7188,56.4241,137.6790,-56.2906,142.8423,29.2840,140.6951,-132.2020,90.9655,-96.2206,66.0515,-18.8205,32.8910,8.3606,94.4703,151.4174
-44.6256,31.4297,36.0962,64.3060,33.6983,103.7053,-51.3853,116.4088,25.3748,133.2238,-97.6705,58.3751,-79.9439,38.4042,-17.9170,32.4616,2.9994,75.0381,113.0641
-54.9309,14.7728,-2.5195,29.4348,-4.3980,65.2947,-45.8698,88.7943,17.9029,95.9609,-53.0375,14.8658,-82.7979,13.6387,-1.1990,49.7700,0.4644,43.2165,85.2882
-54.5928,-31.8294,-39.2641,-0.2524,-33.4147,41.3561,-29.6378,89.2727,42.8497,85.9841,-52.7731,-38.9761,-102.0742,2.1741,37.0519,77.7963,-25.8946,20.5489,89.5904
-37.6005,-59.7481,-50.5507,-7.4388,-48.0795,36.7669,-20.6133,71.3927,41.2760,62.6039,-53.1380,-53.4711,-100.5138,16.7534,43.8064,80.5251,-33.2168,19.5900,57.9489
-4.9103,-29.0964,-18.5122,1.9150,-40.1817,45.0102,-20.7863,47.2623,4.2139,14.1111,-29.6685,-6.2265,-64.8232,37.2738,17.7807,49.2779,-6.3028,19.0074,23.8233
-5.2197,-1.4200,5.2779,9.8061,-16.5753,51.2500,-0.0775,64.3951,8.9033,20.1788,-26.9690,26.5042,-33.2546,23.7995,14.7656,18.3463,-14.2829,15.5082,68.6422
-53.2785,-32.9210,-30.3908,6.2359,-11.5764,47.4278,26.8740,88.5330,52.9297,80.8621,-37.2059,7.9626,-40.7923,-2.4045,32.3861,16.3851,-59.3675,19.8742,136.3689
-76.3531,-71.1335,-74.2475,-9.4954,-34.1559,35.2507,12.7058,75.8295,62.0760,89.8089,-4.0059,5.4183,-61.0493,15.7864,29.4301,39.6011,-62.4000,10.8709,124.1129
-44.4991,-67.4485,-60.6779,-17.2109,-38.7449,23.2145,-19.9163,67.3008,34.9948,39.8920,45.4011,29.4744,-50.8999,59.5042,13.5782,60.6688,-34.6378,-6.1574,61.6768
-19.9228,-48.6707,-13.6379,12.5334,4.2507,29.5160,-15.3662,90.2307,8.5540,18.7730,36.8558,21.2614,-25.5853,66.1317,5.2505,52.6418,-41.3601,22.9808,38.0348
-24.2495,-24.1395,22.6955,63.2542,57.1442,62.3569,11.2995,98.3709,-20.4521,22.4582,-18.2543,6.7438,-21.7350,44.6070,-1.6534,27.0130,-51.2355,83.3881,60.1410
-20.8515,14.4774,44.5160,83.6270,77.4951,100.2371,19.6440,82.2175,-41.2553,15.4209,-59.7400,39.3256,-31.7640,43.8049,-2.7337,25.1177,-18.9427,96.9624,87.7612
-16.8311,27.7070,48.8214,71.5036,75.6567,118.9928,11.2715,91.5455,-20.8387,47.4326,-81.9299,66.3827,-39.8658,57.0546,6.0245,46.6154,7.6348,72.8600,107.4017
-34.5301,2.1618,35.9529,67.5857,74.3257,119.0066,-7.9977,122.8110,28.3567,114.7569,-105.6662,35.9266,-51.9224,51.1017,7.7019,49.5019,-11.7694,75.9149,111.6807
-48.9660,-13.5689,26.7442,71.9494,67.9089,107.8731,-34.7254,123.9708,69.9302,127.4520,-121.6133,-1.9991,-58.4121,35.8107,8.1242,38.6088,-45.9630,88.3327,86.3429
-48.2210,-16.5586,18.9927,56.2439,47.2940,91.2708,-42.1921,96.2054,97.2373,101.5310,-120.3368,-11.4422,-50.4752,33.6104,28.9154,54.3233,-70.6601,67.5246,50.2883
-58.0169,-36.6773,-6.9589,32.0627,16.9131,83.6855,-31.9401,71.3676,110.5038,104.4955,-111.9699,-23.9990,-53.5602,27.0657,49.3071,71.8487,-86.2913,44.7172,39.5290
-74.4544,-39.8206,-33.8027,27.7224,-15.5988,79.6463,-48.8518,41.3901,102.3592,77.3916,-93.3452,-38.7984,-76.6456,0.0692,36.8966,42.1333,-82.7178,49.2163,42.1768
-70.7615,-4.8080,-35.7258,33.1104,-34.6091,25.4247,-86.5131,7.3923,88.1045,-5.0429,-56.8842,-20.4870,-86.5396,-12.9966,11.7055,12.3073,-72.6291,50.5994,24.6947
-54.9071,13.8064,-31.1544,22.6766,-30.6562,-109.5497,-79.7199,10.8733,95.2900,-20.9453,-27.1430,19.3032,-68.0402,13.3847,8.9532,48.2374,-88.2461,29.2514,6.3023
-47.7495,1.7789,-44.0627,-1.0352,-28.5694,-233.9964,-27.9724,44.5731,119.7672,42.6821,-29.2055,40.4466,-41.4491,38.6526,19.7021,92.3949,-108.9494,4.2400,14.3870
-46.7242,-2.3334,-58.2787,-17.5657,-49.4411,-207.8123,-5.0430,43.3233,124.2856,51.9861,-37.0014,28.9118,-21.5033,26.5223,20.1617,66.9640,-93.0143,-8.8299,11.1194
-47.5204,-12.2620,-53.2099,-19.1089,-65.0754,-46.2343,-30.9575,-6.7203,88.1210,2.3947,-7.9078,-4.7090,-8.2530,2.6768,13.7217,15.9729,-64.2393,-9.8513,-35.5866
-51.5393,-41.9075,-37.8324,-14.2509,-48.2250,74.5080,-51.3540,-64.0958,40.5614,-17.8330,43.6475,-34.3483,2.4413,-11.2855,13.1498,0.4997,-64.0995,-7.5787,-81.5434
-47.9833,-42.6540,-21.9179,-7.2010,-18.3180,67.9713,-41.3430,-107.8836,18.2522,-26.1547,56.2871,-39.9010,9.6366,-31.0842,18.2285,-2.1675,-73.2095,-7.5627,-84.5187
-32.3070,-10.5094,2.6432,8.8424,8.0387,34.6395,-31.3972,-118.7596,14.1715,-37.9509,12.9136,-40.0330,0.2109,-52.3433,23.8948,-7.2994,-64.3923,2.6478,-60.4561
-24.6653,-4.1961,27.6052,25.2934,35.2417,52.4294,-39.8286,-70.8455,10.6019,-1.1620,-20.6353,-57.0991,-21.4181,-53.2646,26.0265,6.6656,-54.0561,21.1367,-30.6983
-34.7732,-26.1743,20.9738,16.8036,42.9134,64.6969,-55.6461,-5.9121,17.4115,45.4585,10.4271,-70.0984,-29.8185,-45.0597,19.0905,17.9402,-47.6470,14.2637,0.3376
-37.7659,-38.3355,-12.0934,-9.7829,16.0130,34.1276,-69.8116,6.1785,39.0811,31.6886,51.9009,-60.3625,-36.1991,-48.6156,9.0963,-3.7255,-31.5889,-16.6535,31.3555
-20.2652,-38.6795,-22.6419,-15.2238,-7.9145,13.8832,-72.9926,-16.3183,62.8140,9.1870,18.9185,-41.5334,-65.4904,-52.8559,15.5670,-24.9692,-26.1955,-24.2020,68.4140
-13.9282,-27.3761,-8.5301,1.8832,-5.7600,30.1336,-57.4656,-17.1973,93.1546,20.1299,-59.2983,-9.6789,-82.8600,-33.7069,40.8397,-5.3690,-47.7824,-8.3559,97.5800
-41.5605,-6.6958,-20.2233,0.8463,-13.2755,48.3586,-42.5558,-3.1262,133.2855,21.3463,-86.4535,36.6148,-60.6344,7.9258,64.0590,46.2943,-66.9051,-16.1227,84.0209
-72.5856,-18.5419,-60.0390,-28.8037,-52.3437,46.7390,-51.1819,4.0859,155.7010,27.9920,-52.4275,42.0708,-51.5553,35.9225,75.5119,97.7464,-73.2328,-45.2747,41.5415
-76.0169,-72.8347,-88.9216,-62.0392,-99.0251,27.0889,-64.8806,12.7523,152.6268,72.2872,-20.3482,-20.9079,-81.9417,22.5108,86.6418,123.2136,-91.4620,-62.5471,18.0441
-66.9331,-112.7505,-106.7314,-85.7882,-127.2717,0.8608,-52.3769,20.9133,155.2575,89.4501,-14.0625,-79.5929,-95.6876,0.2620,105.0719,128.4309,-112.2198,-74.3339,14.5629
-62.5320,-110.6854,-115.6096,-89.8058,-115.4917,-0.9608,-24.0597,28.1266,163.1237,50.5458,-15.1136,-73.9988,-71.2507,11.9532,118.1144,134.1275,-107.8454,-83.8831,18.4176
-52.1833,-91.4817,-85.5123,-60.4731,-59.4242,34.9577,-7.2607,51.8359,139.0567,23.0014,-9.4881,-38.4605,-41.4127,34.3473,104.6094,118.9534,-91.6383,-63.7200,41.1362
-36.2237,-68.8371,-36.8597,-24.1783,-10.2137,69.1667,3.5466,76.5419,90.3731,21.4247,8.7721,-16.0942,-7.7988,31.0898,68.0966,63.0757,-81.5020,-28.1561,59.6672
-32.7859,-48.4713,-29.4450,-23.6830,-12.9880,62.2093,24.1967,75.0101,67.0891,22.5562,22.5301,-12.2274,26.2955,12.1717,44.3270,18.0678,-66.6336,-24.7253,51.0206
-39.3614,-38.5411,-44.9083,-43.7031,-28.5016,29.1205,45.3222,70.4982,72.8692,60.9985,4.1296,-30.0521,27.2879,-15.9574,47.7784,17.2091,-46.6266,-42.9934,59.7313
-36.2851,-29.6430,-25.9283,-41.9486,-7.9974,9.6071,52.3177,79.0728,56.4507,124.6450,-15.1590,-56.8514,13.4868,-53.5008,43.9764,11.7859,-31.8351,-40.2212,89.4061
-17.4643,-28.6251,10.5535,-27.6144,22.4855,11.7927,43.9887,67.3506,4.3517,132.6215,22.9680,-68.9294,30.0410,-66.5821,17.1204,-14.4618,-24.4770,-25.9165,63.1966
4.5693,-60.0527,19.9963,-32.7620,19.0216,8.2407,20.9442,32.9901,-28.2189,100.7920,89.2931,-79.8242,46.3439,-50.2695,1.9839,-19.8520,-37.2570,-30.3268,-8.0974
8.3628,-97.2074,2.6965,-51.8967,-19.3201,-11.1793,-7.6868,10.4497,-8.8329,103.3842,107.0861,-100.6750,20.8127,-49.2438,12.0987,-8.2334,-67.0435,-44.3421,-34.1684
-11.1669,-91.7467,-25.6040,-62.2333,-65.1479,-12.9509,-12.0177,-3.9811,15.0476,106.8257,77.6958,-98.1583,-4.1817,-55.5949,21.9958,-0.8714,-71.8461,-47.3277,-30.2691
-22.4849,-58.5758,-43.0562,-56.1735,-79.8221,19.6731,23.9697,-20.8279,1.1901,56.7277,44.0206,-65.3709,15.0826,-27.7310,27.7942,17.2624,-42.9248,-38.6617,-55.5656
-0.4515,-38.7471,-22.8510,-39.3228,-45.1004,46.9438,74.9080,-16.2913,-16.1647,14.4978,5.0955,-43.4123,50.6249,2.5743,43.3640,32.8439,-27.5965,-27.3904,-63.9492
27.3650,-38.4486,11.6593,-29.8910,0.0347,35.3177,110.6455,6.4014,-8.2896,40.0157,-30.3367,-46.5110,67.1550,-8.0366,59.7249,23.3192,-39.3116,-26.1775,-18.9518
29.7184,-50.5675,12.5304,-36.3233,10.3161,2.5580,124.1528,14.5939,-16.5588,74.8014,-19.0628,-59.1580,61.2027,-27.7429,59.4898,18.5691,-42.4364,-32.0785,13.6856
24.7900,-58.9210,-1.2848,-29.1076,4.6081,-14.2504,120.7137,15.8520,-63.5971,51.2524,16.5180,-69.1268,43.6477,-22.4804,38.8964,20.8284,-26.8356,-12.4643,4.7370
34.1589,-34.3684,15.3444,12.4662,24.5888,10.7381,118.7301,31.8522,-98.1294,-6.8595,-0.0785,-48.6214,42.7075,-0.1921,10.4779,-7.0125,-7.4233,38.3729,2.1317
42.3027,13.0841,42.9617,48.7645,61.7001,61.3528,132.3047,45.2772,-80.7696,-52.5421,-56.1980,9.7385,73.6828,29.9708,4.0063,-31.1107,8.4765,64.2297,17.0014
35.3362,35.4994,42.4541,41.9461,72.3545,74.6969,136.3625,37.7051,-40.4867,-79.7116,-66.1612,51.1390,96.8951,47.5486,25.8320,-11.1411,5.4087,37.1633,25.6619
25.6278,20.5288,25.9707,25.4172,48.1209,41.7359,107.1132,18.6615,-27.3745,-91.2680,-26.8532,44.7071,73.7986,33.0571,31.5846,-5.7850,-17.6996,17.7469,32.0425
29.1247,0.6328,29.7327,44.6664,41.4024,42.0401,76.6057,4.4326,-61.9744,-84.2537,-9.3207,29.9398,34.8019,17.4244,-0.6762,-45.8271,-19.2677,52.5417,40.7055
50.9052,7.4067,64.4449,81.3399,88.4292,80.8342,72.1641,11.3840,-118.8311,-74.8012,-25.0975,28.8169,25.0961,26.8205,-33.3276,-66.6579,24.0176,95.3584,39.9165
81.0129,44.3903,101.4246,92.1340,134.7745,44.4775,67.3126,38.8425,-148.8612,-74.7977,-34.2815,25.6923,33.2323,33.8541,-47.5916,-47.7600,75.4743,96.0818,26.3973
98.0888,74.4195,99.6187,73.5692,117.7020,-91.4177,56.3412,56.3321,-140.9979,-67.0583,-33.2963,19.3148,28.2997,30.0880,-58.3554,-23.1875,94.1082,75.6899,0.3938
95.4030,60.3262,60.4009,46.5185,69.0183,-207.8659,64.6355,49.6056,-121.1675,-53.4512,-32.7796,7.3767,13.9500,36.2272,-54.7118,8.0734,78.9817,60.2050,-29.8376
86.7771,27.6781,26.1616,19.3777,37.5190,-232.3238,68.2621,36.3914,-88.0335,-57.6013,-23.2402,-10.9021,6.9574,38.3749,-29.0844,33.2306,51.7062,34.6814,-40.7581
77.2678,19.3942,15.8991,-1.7880,9.1960,-185.8550,37.4814,16.2657,-37.7145,-60.3345,-14.4663,-4.9577,8.3702,24.9716,-15.2087,12.8623,34.7662,2.2445,-35.2072
61.5815,19.9184,15.7216,-2.7500,-13.2636,-83.0522,9.0862,-20.1111,-12.6099,-45.4514,-20.1291,20.6390,18.4367,19.6862,-25.4041,-33.0553,35.7602,-3.2266,-45.7616
48.4941,1.3680,18.6331,13.2909,3.0427,48.2261,7.7531,-48.5924,-29.3854,-69.9420,-11.7480,7.6807,41.5131,20.7663,-28.5217,-63.5036,37.9209,15.4024,-74.9410
49.6943,-23.5664,19.4161,22.0165,26.4120,132.2124,6.4628,-57.5580,-46.5333,-154.0889,26.8783,-36.4070,64.2884,11.8416,-16.6493,-85.4515,25.9643,23.2234,-96.9135
55.0774,-44.0369,8.0098,15.1973,11.4760,132.3835,10.8893,-78.9389,-57.9519,-204.6203,62.2468,-44.4602,68.4595,10.2786,-10.5219,-96.1644,6.7480,18.3746,-106.7056
47.1776,-62.0783,-5.9099,6.0139,-6.5519,91.7511,42.2643,-117.1643,-89.4051,-170.7083,82.8662,-22.8783,65.6344,16.8581,-11.5361,-76.5257,-9.0775,16.3697,-112.4107
30.3712,-66.9005,-7.9806,-2.8456,3.4281,66.6406,66.6796,-132.0488,-108.9341,-125.5437,106.0959,-21.3937,76.6636,6.4354,-6.4973,-52.1748,-19.8998,6.0202,-111.1376
26.0802,-65.7395,-5.5975,-16.0718,9.5332,73.7814,63.9077,-116.7471,-81.2169,-114.3118,110.0766,-32.6606,90.0122,-4.6856,9.5494,-45.0995,-28.5191,-16.7735,-102.7430
40.2192,-78.2038,-4.4593,-24.5543,3.8660,80.0270,60.4950,-108.9404,-47.0310,-100.7629,76.5885,-37.9814,80.9894,3.9895,28.4426,-33.3410,-34.6788,-28.5615,-97.4056
55.2947,-76.7507,5.8612,-21.4890,7.2950,48.8624,44.9797,-126.5185,-47.7263,-86.5486,49.7695,-48.8954,52.7025,-1.0922,30.4474,-19.3958,-27.4057,-25.4703,-104.1153
58.9876,-30.1576,24.8208,-14.0966,6.1363,9.9131,5.1982,-152.4553,-70.6356,-111.3584,55.1263,-59.0122,32.3562,-36.2710,10.8045,-32.8248,-0.6884,-22.6325,-120.4418
53.8493,20.6545,33.5697,-5.8992,-3.3255,8.8545,-2.1416,-166.4250,-91.1802,-152.0520,55.1745,-54.2026,41.1825,-64.6757,-7.2625,-66.3472,24.1122,-15.7138,-127.9404
41.1650,29.8323,24.5992,-1.1613,7.4639,13.4347,36.0241,-158.2642,-79.6329,-145.4355,34.0891,-47.5766,71.2998,-70.8878,-8.1298,-87.1908,23.4789,-8.8411,-113.1155
29.2278,24.5812,16.6771,-12.1814,27.2817,-19.0045,50.9860,-129.5019,-26.0144,-84.3533,12.6642,-47.3896,91.5548,-74.5803,0.3358,-81.3687,12.8005,-26.8366,-89.1761
36.4519,37.4115,24.6721,-33.1288,22.9890,-52.1949,44.2917,-96.4405,14.9093,-23.3461,-12.8561,-49.0519,92.4229,-82.5630,10.3679,-65.9994,21.1131,-57.2950,-72.2581
53.0457,43.8780,26.2980,-47.7798,1.6106,-53.1065,73.1367,-81.1704,9.6947,-2.2867,-42.2286,-60.3722,96.6655,-91.1889,19.8337,-68.0758,37.9080,-67.7526,-64.5390
43.7273,18.4042,-7.1193,-68.7883,-30.5868,-55.1940,96.2208,-90.0888,16.1736,-4.0878,-35.3546,-84.4589,100.4424,-99.9393,31.4465,-70.0177,28.9088,-79.5190,-71.6563
4.9571,-22.7904,-59.2325,-106.9709,-79.2887,-74.7319,57.5383,-102.2721,63.0631,0.1741,17.6464,-108.1348,74.0467,-103.7009,55.6627,-28.0720,-11.7529,-118.0722,-85.0940
-33.7131,-51.2221,-94.5458,-126.1105,-108.8035,-79.0798,24.4178,-95.1609,88.1853,0.3890,65.9646,-109.7650,39.2067,-94.6694,78.2135,24.4422,-50.7927,-138.0449,-70.7145
-47.2011,-48.7218,-99.8069,-98.9214,-89.9630,-53.9701,50.0721,-77.5841,56.8845,-20.6886,76.6504,-63.3449,43.4114,-64.7552,59.9956,14.1761,-46.0696,-104.4286,-33.2640
-21.6696,-16.1217,-69.6953,-61.1597,-62.2495,-18.1265,64.7202,-66.3605,2.5439,-44.0908,68.5630,9.9611,63.8044,-20.8252,10.9566,-29.1820,6.4276,-65.2026,-24.8645
20.1606,11.3664,-26.0072,-51.6838,-61.1566,6.1983,27.1739,-49.2946,-35.8145,-45.6967,62.8554,32.3778,45.5054,3.5708,-10.9909,-25.9993,56.1153,-60.8819,-42.5092
20.4090,-6.6273,-29.6997,-58.9426,-66.1070,7.0237,-3.6384,-14.0550,-25.7894,-26.5476,57.1518,-7.9731,-0.8720,-1.2452,5.6999,10.7584,56.7134,-65.1012,-23.5568
-17.3739,-53.2128,-80.6776,-61.5632,-61.7593,1.1901,2.8733,18.5843,30.3890,5.2395,37.1885,-31.7954,-29.9520,1.1700,22.7011,26.5408,31.2226,-57.9876,30.9917
-23.6712,-69.1851,-97.6629,-58.6896,-58.2506,16.6896,13.9073,26.8185,72.3643,34.8294,-7.1870,-21.8566,-30.0970,15.0413,24.7540,16.3376,30.9822,-52.1835,49.6407
1.4779,-39.4109,-62.9954,-46.5233,-51.3882,41.2846,16.7446,14.2230,62.1451,36.3613,-52.3364,-32.7571,-9.5927,3.2353,16.3945,-10.3922,50.2489,-39.7514,10.4522
4.3463,-6.3256,-29.6883,-15.2380,-25.1987,47.6072,19.0238,-7.2700,16.9891,6.1474,-49.3326,-49.3679,18.2803,-21.0439,-9.1290,-47.6091,50.4366,-2.6851,-34.1072
9.3460,5.0522,11.5715,30.1467,27.3793,51.2110,11.4581,-20.9283,-49.0116,-26.4682,-4.0683,-29.1060,30.6661,-17.8792,-44.4042,-75.8541,38.1105,44.3136,-41.5908
51.9081,16.1577,81.0932,71.0834,88.7262,70.4156,-7.9819,-12.1770,-113.6089,-43.8750,15.7737,-14.1306,24.7235,-10.1597,-69.2136,-96.7104,47.6203,78.9927,-28.1496
81.2804,44.7903,117.0359,89.7521,111.4328,78.2774,-29.4435,1.9522,-140.6624,-65.4598,-2.0005,-39.6143,18.6146,-28.9887,-88.4267,-126.0511,83.8012,97.3596,-36.5223
78.4185,69.8269,97.4779,80.0641,82.1981,59.0378,-49.9723,-2.2520,-142.0117,-101.0164,-1.7822,-60.0253,13.4138,-43.6086,-105.0946,-141.4398,122.4570,92.1898,-68.0576
95.2887,60.1365,87.4310,57.3542,60.5825,40.7248,-55.7863,-8.5892,-138.1667,-117.9990,11.5409,-56.8941,3.1554,-31.3098,-93.0158,-120.1347,134.0287,63.8423,-74.1225
117.7946,24.7276,90.8078,45.2352,75.6888,32.5211,-35.6839,-1.1187,-107.4153,-103.8462,-10.1168,-64.6237,-3.5549,-20.5414,-55.8013,-93.3483,109.2701,43.7839,-42.9316
94.8547,6.7348,59.7184,42.8147,69.1938,13.3975,-17.1827,-2.1878,-67.1971,-99.6750,-32.8363,-75.6176,-6.0470,-27.0637,-40.2708,-92.4069,79.4060,47.3985,-24.2685
57.3589,15.4968,18.7804,30.3813,19.0664,-4.9542,-18.7117,-14.8229,-59.3309,-109.7205,-10.3103,-60.5744,-8.5842,-34.3476,-50.5478,-101.1877,71.0412,44.1161,-28.5755
43.2555,15.7561,10.3415,14.3469,-9.7248,7.8560,-9.9923,-11.1119,-57.5339,-85.8028,10.9257,-40.2873,1.2395,-35.4447,-47.4845,-101.0968,58.8591,27.7328,-18.0260
36.3605,5.6874,24.0129,27.3421,10.1729,34.6575,7.4147,-6.9408,-60.0386,-57.6427,7.2614,-37.7467,18.8435,-36.9190,-46.7262,-111.4106,32.7430,43.2256,-10.7131
44.9346,17.0895,54.5436,72.6674,40.7264,45.2891,-17.5765,-42.4659,-116.9169,-103.9109,28.8144,-30.3150,15.8335,-37.9353,-88.4720,-154.4505,33.0695,96.4776,-42.5594
73.8679,31.1399,93.5333,109.9745,70.1192,57.4116,-63.4440,-95.7766,-169.1665,-178.3927,62.0951,-3.9964,3.5480,-32.5475,-126.5273,-198.8531,46.2756,128.7991,-67.5516
68.8078,11.4375,95.2852,107.1018,93.7238,79.2154,-51.3317,-116.0434,-133.9539,-182.3795,62.5864,13.6963,18.7137,-25.9484,-97.0589,-186.9334,8.8895,111.4479,-46.2674
18.9333,-13.5861,55.1683,72.5820,73.9864,70.4691,-0.3742,-94.6825,-84.6347,-136.2801,71.0265,-2.5233,43.5262,-34.9124,-41.5493,-127.4506,-54.6354,75.7485,-23.9183
-20.2542,-16.0315,17.1170,35.8697,22.1144,33.0636,14.9196,-46.3781,-67.0261,-86.9838,91.2350,-39.7677,41.4850,-58.1937,-21.6731,-88.7828,-75.2032,49.9110,-16.8038
-40.8525,-24.7573,-15.8072,18.0858,1.3348,21.6047,13.5250,-3.8000,4.7404,-28.9581,44.6106,-62.6172,35.0340,-70.3929,-14.9137,-96.1846,-73.8810,37.4573,9.8117
-61.8123,-37.4410,-53.0787,15.6278,3.7758,26.7044,37.7506,-21.0074,98.7519,-7.4104,-34.5674,-52.6718,49.9129,-69.6250,1.9539,-119.1795,-88.9112,33.1792,30.5240
-67.7990,-13.4449,-68.1741,11.3776,-25.5423,4.5500,46.6197,-82.5043,99.0052,-47.2485,-44.3776,-22.1761,52.7422,-77.0755,0.8404,-133.0413,-86.2760,26.8393,14.7854
-69.4791,28.0234,-58.9036,7.6214,-58.7471,-5.2677,20.1562,-93.4929,62.0986,-51.8505,-24.8961,12.9491,31.5399,-75.4451,-17.1440,-121.9242,-56.1727,21.0686,7.2078
-81.6427,46.5905,-45.2265,17.7552,-39.8692,20.1374,15.7421,-43.5472,59.4764,-9.2431,-26.1278,49.5509,44.5038,-36.2920,-28.3995,-88.8432,-39.8615,27.8603,6.0954
-54.9735,57.4804,-13.7341,27.8267,1.5037,-18.6516,39.9102,-23.4673,9.1912,-41.1862,34.9575,74.8211,107.7761,0.4171,-52.7483,-84.3531,-33.5428,31.5535,-43.9076
16.6728,62.8434,33.6916,18.4076,22.0307,-153.3997,34.5131,-39.8945,-88.4690,-109.2169,161.1726,61.0987,140.6036,-21.2432,-96.4980,-128.3103,-18.3356,14.1331,-84.1932
51.1751,35.3774,56.4232,4.9692,35.6627,-244.4052,0.2147,-22.7653,-124.0374,-71.6242,224.1379,5.9077,98.3703,-77.9068,-116.7463,-160.0438,-15.0594,0.4883,-35.0421
39.8136,8.9599,53.1826,4.0009,45.0643,-225.5333,-15.9173,2.7349,-119.6672,-9.6950,206.6126,-52.8656,51.8851,-115.3923,-107.3135,-155.3082,-14.9260,7.7538,10.6649
52.6381,31.7648,56.2652,3.0515,34.4590,-197.6111,-12.7472,-27.3514,-141.9003,-65.3360,187.5342,-83.7829,61.5749,-129.6470,-103.3280,-161.9635,16.0480,8.5999,-40.7106
80.2540,66.6489,63.4235,-3.5267,27.7497,-187.2962,-19.9385,-73.6787,-145.2397,-150.2426,168.5873,-97.5290,83.4263,-137.9227,-100.1568,-177.0686,57.4475,-7.9860,-103.3950
75.5776,65.9636,63.6738,-8.8100,38.3374,-107.6508,-46.1593,-91.4423,-115.7144,-157.4558,138.0961,-116.1710,71.2971,-140.4199,-75.2820,-156.6189,76.9333,-25.1734,-113.3234
63.8170,48.3774,65.3494,-19.7291,31.4448,14.4711,-77.3835,-120.5879,-102.5520,-147.4505,129.1713,-134.4342,55.9727,-138.2515,-45.4698,-125.5391,81.3216,-44.6290,-137.3857
67.3005,28.2330,63.3852,-37.5030,7.1629,55.3136,-93.9017,-158.6649,-85.5054,-146.5330,137.5677,-138.3340,60.5332,-134.8881,-29.5474,-119.0793,64.4390,-67.3671,-175.4764
57.4928,-9.9755,48.7607,-49.7565,2.3664,12.3959,-92.9091,-135.0162,-39.9326,-94.5074,145.9829,-133.6005,54.2016,-124.8997,-16.6221,-102.8412,15.4745,-78.9072,-146.9081
33.4063,-49.6330,31.0360,-58.6369,4.0476,-15.7627,-89.9237,-62.7434,-1.6849,-7.6911,155.5380,-125.4601,27.3991,-109.9719,-3.2671,-68.0889,-25.1629,-83.6501,-69.6014
21.4336,-55.6101,19.3029,-64.1237,-11.9376,0.0597,-86.0233,-23.3526,23.4978,54.8504,130.5801,-100.5332,8.8978,-99.8205,-4.3208,-67.7411,-20.3444,-85.6869,-14.7206
21.5699,-28.1627,19.3771,-53.1846,-18.9536,17.9425,-75.9095,-21.4224,40.6602,84.4592,72.3990,-53.5995,5.6123,-91.5233,-22.0801,-99.7173,11.1800,-73.9968,18.7011
25.1990,4.9093,31.3119,-42.0986,-8.1191,14.5933,-78.3717,-16.7776,22.9800,79.9534,68.2376,-8.6183,1.9476,-79.5334,-39.8880,-104.7168,44.2915,-69.5406,43.0505
26.8781,14.0242,29.4054,-57.6089,-14.0948,-5.7597,-97.5774,-17.8715,-7.4518,59.6430,120.7839,1.0892,-11.0946,-72.9698,-41.2907,-71.6484,68.6544,-93.9645,40.2526
12.2409,-11.2041,-6.1349,-83.6024,-44.5845,-33.9146,-107.6747,-29.3567,0.5189,81.0120,125.4383,-32.8297,-45.2191,-75.3251,-23.4821,-22.3992,71.9206,-113.7678,22.7974
-15.8424,-41.0414,-50.5977,-99.9409,-81.8225,-54.6538,-114.8116,-20.7992,43.5061,137.2047,69.8102,-78.9687,-96.5322,-72.4448,5.3793,40.5858,58.7479,-113.4311,11.1572
-33.4275,-33.1635,-70.3402,-110.5450,-113.2953,-54.3802,-138.0426,-1.0724,93.6570,147.9341,24.3232,-93.1016,-119.9343,-59.2982,29.0191,88.9826,51.9213,-121.2278,-10.7884
-33.2859,12.7336,-61.5016,-102.1676,-112.9341,-36.1753,-141.9689,-5.7815,117.0735,94.2118,-2.7850,-68.7161,-89.0134,-49.6556,29.2437,78.8446,63.3597,-122.2180,-40.3557
-32.8456,52.2907,-49.1830,-77.0144,-83.0607,-17.7619,-101.4680,-16.6141,96.6070,42.3955,-24.3924,-45.5122,-47.8700,-53.8666,18.2307,42.1175,80.7605,-99.3637,-36.8664
-52.9467,44.5286,-72.0332,-80.3976,-83.9315,-14.4817,-65.9881,0.8824,94.1351,37.1712,-22.2465,-57.7527,-47.6534,-69.2858,31.7834,41.4090,72.2550,-97.1415,7.7389
-86.5693,-3.9668,-121.3347,-102.1755,-118.8692,-23.5412,-61.4412,30.0653,130.7074,50.7433,-1.7929,-89.1643,-75.6783,-77.8823,59.4079,62.8499,25.2498,-107.6881,50.3755
-92.6512,-44.2802,-125.9878,-79.8778,-109.4545,-30.6569,-40.1841,48.3002,101.1739,41.2730,21.6350,-90.9163,-83.8012,-50.7738,59.0945,77.7199,-22.7973,-67.8366,56.3689
-64.8397,-44.9847,-73.5129,-35.6844,-54.5883,-29.3820,6.3362,61.0214,10.6945,24.3562,44.6540,-48.2272,-55.8663,4.2590,47.0271,107.2491,-42.7814,-17.6509,36.7349
-57.0973,-26.3279,-43.5084,-30.2902,-35.0216,-20.1524,26.0548,60.4284,7.7599,39.4509,37.6210,-9.3240,-21.6029,29.4977,56.9050,132.7343,-56.5887,-23.1802,18.7763
-82.8342,-16.0481,-62.3170,-31.5896,-49.7797,-2.0123,19.2555,37.0292,70.5715,63.5152,-11.3428,-9.6116,-6.8203,12.0648,55.8218,101.1738,-66.6577,-23.8798,3.8621
-90.7454,-9.2570,-72.2830,-0.4477,-34.0525,17.6481,28.5307,19.4733,68.4549,52.4174,-52.2352,-3.6609,3.5862,17.6328,22.1099,51.9076,-44.5360,20.5947,-14.2140
-71.5708,10.9972,-49.2701,23.6205,7.0825,22.2124,34.8813,27.4285,40.5552,29.4687,-49.1023,53.2517,22.6186,64.6390,-1.7084,54.6272,-10.5104,36.2382,-17.7865
-56.8167,42.1012,-13.6051,22.5473,25.2951,7.8322,-5.2627,33.5439,38.4900,26.5906,-14.7604,109.0956,19.0783,84.2437,-6.7394,77.3651,0.4757,10.7375,-2.8140
-41.2481,54.2388,14.5896,17.2266,9.0670,-11.8666,-55.5874,22.3204,-0.3235,25.5913,26.5158,95.0565,-24.0709,54.2034,-13.4258,80.6514,3.7108,1.3342,4.8123
-22.5860,23.6512,1.5821,-6.6690,-29.0914,-30.7762,-45.8061,13.9657,-39.5340,20.4239,45.2089,42.5465,-61.1527,28.4903,2.9048,92.5344,6.4634,-10.3059,11.2558
-23.3494,-19.7398,-51.1477,-46.1808,-63.5849,-57.8522,13.2097,10.0948,-7.7916,18.5766,40.5138,28.5941,-52.6322,25.4665,37.0524,97.6281,-6.2876,-46.0197,44.6685
-23.7529,-31.1368,-76.9736,-61.6302,-70.1512,-91.6723,53.7836,-7.3802,19.6319,2.3488,48.9731,57.1344,-22.0423,24.2013,40.9743,65.8231,-18.1400,-66.8231,74.5024
-2.0503,-33.3172,-65.5689,-71.2390,-74.0557,-110.9700,54.6022,-30.1449,23.6351,-11.5614,56.6803,66.0821,-8.8281,28.2501,47.3390,64.4460,-26.6830,-84.1576,54.7088
-0.7792,-71.3867,-82.3168,-107.5528,-105.1589,-102.1855,47.9862,-34.2846,86.3370,22.2504,25.0041,23.2508,-18.5734,34.9797,102.3011,127.0967,-63.5179,-123.7877,18.1811
-39.8247,-114.6271,-124.5949,-125.5379,-126.1908,-79.3699,57.6477,-20.1349,141.9812,71.4601,-0.1164,-26.5245,-28.4473,23.4670,135.5789,155.3118,-104.2089,-130.5058,19.9115
-73.2855,-107.9334,-139.4930,-97.6111,-112.0285,-65.3313,74.0936,-13.6435,109.4866,66.1352,22.0641,-23.3313,-15.5429,4.4793,95.2314,97.6011,-99.5158,-86.7826,42.8610
-82.5780,-67.1522,-136.6288,-70.1264,-114.2308,-58.8981,76.2766,-28.9750,82.5160,18.0239,34.1186,16.2739,10.7684,-3.0083,47.1468,22.4472,-80.6685,-53.2364,40.0061
-83.9073,-34.7670,-127.4823,-52.5412,-145.7828,-25.4242,65.4413,-33.7154,81.0668,-20.8756,9.6607,31.4147,18.7762,-3.6777,31.6884,-15.8969,-86.2622,-26.6093,14.2574
-73.7165,-12.9611,-81.0153,-12.3906,-131.7605,67.2889,73.2186,10.6698,19.2426,-40.0570,-16.1026,25.2916,12.8398,15.1627,33.0924,-1.0662,-88.0298,26.8005,6.5660
-58.6744,4.9133,-17.8142,35.2066,-50.1241,188.7362,112.2052,70.7517,-36.1431,-46.3738,-57.4058,37.3389,29.3486,61.1478,59.3837,57.2325,-78.9968,69.6121,24.7927
-54.9767,5.7852,12.4401,63.8030,24.2307,256.1056,139.2419,86.7142,-15.0883,-35.5258,-111.3683,40.4408,64.9201,85.7984,79.6944,76.2548,-84.0406,87.7143,22.3111
-47.3838,-13.4664,25.9269,81.6273,49.6531,239.2805,119.4168,76.7327,-18.8221,0.9809,-106.5591,-1.5445,83.0045,63.4945,38.0527,16.9717,-86.9615,117.3964,-24.4078
-36.6664,-26.9294,44.3784,92.1574,55.9273,199.8104,84.2670,76.4081,-69.9779,50.1091,-55.3748,-32.5215,79.8464,43.3125,-20.6653,-28.5516,-72.7438,142.8776,-66.3749
-46.5710,-7.7362,49.1830,102.8572,63.9751,189.3834,70.7171,41.1210,-87.2763,54.0658,-47.6546,2.6195,70.9422,46.7266,-37.7522,-27.3503,-59.7142,148.9219,-69.1294
-44.2138,27.7658,55.5643,132.7651,73.8843,189.2866,61.5515,-59.0513,-109.7956,-13.1580,-80.3396,49.8256,46.1486,38.0623,-50.8324,-55.6827,-40.1295,172.6773,-67.7007
9.9905,34.7111,89.8101,155.3970,94.4748,176.2843,23.7659,-151.3612,-164.0619,-77.9744,-91.4139,44.8209,-1.1455,15.7489,-72.7432,-97.8116,1.9848,189.9731,-80.1932
70.5201,15.9255,121.2853,131.7180,120.6836,153.1481,-38.4283,-161.2645,-160.0436,-87.7424,-65.4528,11.5829,-35.7558,5.5452,-65.5083,-87.3496,43.7417,142.0079,-79.6070
93.8731,22.5341,125.8414,87.8981,126.6212,105.8264,-77.7025,-94.7527,-117.6045,-90.3258,-13.3087,-10.9514,-21.1431,0.5150,-55.9386,-68.0345,72.9652,73.0136,-69.2662
106.5229,59.0887,120.0950,56.7389,100.4056,23.0555,-52.6755,-13.1577,-121.1143,-102.5828,21.6660,-22.2187,20.5573,-6.0562,-64.4817,-68.4884,98.6687,41.0424,-70.7710
113.7164,76.7257,97.0264,18.2936,47.7985,-58.7650,2.0673,-0.1580,-111.0126,-78.2347,-3.1535,-12.2090,34.3121,-4.2982,-41.6412,-33.8331,103.5149,5.6689,-70.9782
87.8300,62.1856,45.4167,-34.7486,-15.4670,-103.2006,11.9876,-71.0695,-43.3484,-29.4235,-22.4722,23.1594,14.0208,-11.2470,-1.0575,6.9032,82.4664,-59.3821,-55.1781
44.2607,38.8127,-5.7518,-77.8983,-59.0130,-126.4553,-14.1366,-113.7165,7.3296,9.4918,29.4341,31.5747,0.8742,-46.7561,3.3041,-6.4840,63.8427,-111.6934,-24.8857
4.1634,10.1830,-48.6249,-109.3705,-76.6941,-156.9523,-7.1981,-56.8026,38.6689,60.0409,70.8590,-23.6373,0.3815,-87.0810,12.2942,-6.5634,43.4543,-135.7012,18.6844
-40.4458,-22.6677,-103.1999,-135.4221,-102.2502,-189.2889,24.8048,7.9346,94.7970,108.7038,46.1852,-86.2846,-13.2752,-101.6554,55.5250,47.2154,3.0183,-146.4474,49.6104
-61.9068,-42.2207,-137.7704,-143.3783,-131.7522,-202.4748,22.6204,13.1905,129.1684,98.1070,43.1311,-91.3097,-23.7441,-90.9741,67.6625,61.7824,-26.2247,-146.2845,46.0671
-20.9122,-46.8971,-109.8381,-131.5854,-114.3772,-189.8972,-17.4716,23.0897,121.5872,43.9250,88.0208,-58.7577,-12.6807,-66.4189,34.9016,8.9493,-11.9835,-145.0388,46.2685
45.1082,-48.4400,-52.8364,-108.9870,-57.3083,-159.9961,-78.2146,63.7989,128.4948,3.8810,96.0304,-40.0217,-21.4265,-37.7813,10.8523,-31.2792,23.6873,-142.6420,71.3572
72.6483,-45.2291,-15.4321,-75.5212,-15.1495,-125.1417,-153.1565,89.4967,155.8531,-3.8437,53.3177,-45.3133,-65.4043,-19.0169,-2.4144,-37.3971,43.7328,-116.3725,78.5299
64.2704,-34.5611,11.0306,-39.6421,22.2296,-98.0691,-197.1881,111.1036,173.1776,24.8964,10.8677,-61.1960,-89.3846,-18.8088,-14.8741,-36.1626,39.9621,-77.4502,73.6714
56.3678,-20.0634,43.7590,-10.5775,87.5657,-86.2109,-179.5413,149.1419,166.3535,66.4963,-16.4246,-72.3756,-77.2379,-27.2934,-12.8353,-25.3467,34.4494,-51.0383,102.3061
57.3384,-1.1472,70.9754,24.4722,139.7149,-74.4779,-150.0214,159.6880,110.9676,59.9777,-16.7748,-59.8294,-65.1034,-24.4489,-29.0190,-31.2130,47.9406,-13.2652,121.8347
50.6769,14.6313,82.4137,67.8779,143.8950,-38.7125,-132.0378,127.2751,27.1712,10.3607,16.6363,-26.5369,-38.9574,-13.0229,-82.9194,-91.7109,53.6547,49.4629,85.7870
23.5502,19.0839,80.3946,97.3178,142.6463,4.5368,-68.5979,78.3758,-32.6619,-18.3922,47.2679,1.2394,24.8248,-21.8464,-113.1601,-159.4588,19.4430,97.2503,55.6500
-7.2084,33.3890,76.3191,111.2932,160.0776,17.6345,33.2519,3.2592,-101.3154,-30.7453,51.1435,20.2271,71.8727,-47.4230,-98.3645,-160.7204,-6.6506,117.6947,56.0298
-8.2692,73.4936,90.9254,126.8127,166.2902,17.7974,72.4365,-85.5387,-200.0493,-58.0834,36.8603,44.1103,58.0887,-46.0761,-92.1438,-107.6940,28.7274,135.0098,16.3401
11.8568,105.3399,116.6683,132.7700,155.4729,35.7363,22.9715,-118.1002,-226.4573,-68.4819,14.9954,59.0600,28.6137,-19.3018,-99.7061,-64.5731,71.9675,135.7518,-50.3845
10.3968,100.7360,110.0582,108.3603,140.6773,28.7447,-25.0504,-84.0674,-144.3250,-47.9829,8.5962,48.4077,28.7650,-15.0614,-85.3800,-52.7518,59.7162,98.4529,-58.2919
-6.9876,92.5225,71.4697,71.4844,115.9531,-31.1616,-10.7453,-45.3005,-69.2796,-37.9529,6.4181,30.5280,41.7434,-28.4923,-55.4797,-37.4947,34.4830,55.7132,-29.2603
7.6165,111.1473,62.8209,60.2856,97.1098,-64.4317,20.9991,-26.1187,-60.0532,-47.1675,-50.4536,19.4968,34.9708,-20.2726,-30.8991,-1.1620,53.5726,47.9621,-31.4424
48.2892,126.5077,101.1702,78.2456,112.1022,-24.1977,-0.9521,-8.8396,-69.1091,-48.3984,-124.3307,-1.8420,-1.9120,-8.4861,-20.5421,19.9231,89.4759,66.1269,-39.5159
57.9826,110.4944,127.2472,89.0288,132.7209,7.2837,-66.6728,16.8304,-74.8005,-27.5897,-102.5231,-32.4810,-45.3376,-22.0186,-31.9945,13.5747,93.9843,74.4622,-19.3946
29.3992,89.8167,110.6497,67.8260,113.7236,-17.7292,-92.1557,51.8185,-77.0019,17.5167,-23.3456,-36.7578,-54.7841,-31.3575,-41.6762,25.8745,72.5411,54.3933,3.0118
9.9863,87.4623,83.1385,31.7055,65.9223,-37.7632,-42.1488,75.6571,-60.8591,61.6805,-13.7898,-3.2723,-32.6231,-16.2921,-16.2150,62.6494,50.9047,18.7039,24.6765
7.8436,81.9106,55.2012,5.8357,19.2740,-38.1825,13.4811,65.4280,-24.0199,64.9522,-55.7403,29.2199,-24.7772,-6.8908,22.9136,75.3124,27.9160,-7.6744,60.3843
-12.4031,59.1989,7.5985,-8.2748,-18.4656,-68.3539,14.4857,46.1586,40.0574,45.7929,-82.3095,23.7008,-45.3577,-14.4214,44.1139,69.6787,-6.7573,-16.6694,81.0530
-47.8746,35.4221,-42.8484,-17.3178,-39.6648,-98.9996,4.1170,47.0046,122.3316,56.3689,-125.5999,-5.4462,-64.4111,-17.3122,65.4990,87.9524,-40.8563,-17.7706,77.1982
-68.7534,12.2856,-66.6881,-24.9498,-44.0290,-68.3276,36.7063,50.5877,169.6172,94.4577,-178.9155,-18.8131,-61.7254,-14.5214,99.8144,111.0298,-66.1768,-21.4100,91.8054
-87.3747,-20.5136,-80.0158,-34.7919,-55.8616,-15.9225,76.5744,49.5212,171.6213,121.2110,-165.3498,-15.8553,-45.0022,-19.6713,120.9035,105.3206,-104.8889,-26.9018,122.6522
-118.5329,-45.3070,-103.7599,-37.0194,-82.4957,-3.1149,72.7128,55.6795,164.6832,108.3768,-108.6219,-27.4672,-37.0808,-26.1761,113.4362,89.5389,-147.5384,-16.4708,114.6864
-122.4970,-40.9233,-110.3386,-19.6204,-88.3194,0.1749,56.7110,49.0403,129.6824,55.5097,-93.0400,-50.9595,-43.9804,-22.2710,92.9675,82.5196,-136.9974,14.6920,68.6415
-81.5701,-21.4254,-70.9088,1.0140,-45.6389,29.7176,75.9701,24.5980,61.3340,20.8118,-107.1465,-57.9523,-31.1393,-18.2255,81.4095,75.1315,-84.5850,32.1068,39.7352
-51.6990,-11.9807,-15.7898,8.4935,18.5848,50.8517,99.4048,18.1309,34.4958,50.3236,-98.6024,-52.1586,11.8041,-29.3089,83.0111,63.9123,-75.9185,21.0359,44.6747
-61.0009,-21.6154,2.9381,17.2904,53.1700,43.7933,88.8671,23.0541,49.8745,76.4772,-71.3127,-48.1863,29.3444,-37.9211,80.7894,55.2775,-113.3199,21.5825,56.1154
-61.9001,-43.0816,-13.8501,26.9968,45.2222,43.7106,78.9393,5.2406,26.7796,39.9874,-47.1479,-34.7294,6.8290,-15.3493,68.3622,55.4347,-113.2414,39.2453,52.8035
-31.8140,-54.4579,-21.5695,10.6604,27.2728,55.5923,89.0635,-14.6843,-4.3489,14.2829,-33.4269,-18.8364,7.2982,12.4505,63.1955,60.4334,-69.5465,21.5439,30.8590
-11.9107,-45.6604,-11.0044,-20.3941,22.6185,38.6776,78.5522,-15.9522,32.1434,46.9292,-36.2600,-27.9054,35.0247,-0.3702,69.2260,55.3336,-51.9126,-25.4933,6.5849
-23.7417,-35.8783,-17.0192,-26.8964,20.6002,-4.2617,54.1026,-21.5431,79.8107,66.6379,-54.4219,-39.4440,26.0297,-22.5892,73.5032,54.0855,-65.0295,-37.5621,9.2577
-35.9012,-31.2384,-36.8861,-16.9741,13.9092,-19.8534,66.9186,-18.6660,69.0644,56.8154,-78.2153,-14.9508,-7.7548,-0.4865,78.0138,86.4387,-54.4246,-20.8648,38.5059
-21.2942,-13.6972,-27.9351,-21.8085,14.4675,0.6948,93.9939,22.5809,43.7245,79.7035,-93.8646,19.4070,-5.4636,31.5292,79.0455,114.4579,-10.8172,-28.4804,64.1927
6.3326,8.9184,3.6558,-27.6760,27.6277,9.8260,84.3827,61.9150,40.2192,110.7887,-87.4611,30.9191,18.0080,26.5523,56.3381,79.5111,27.9092,-44.4525,77.4439
19.5961,18.6226,17.9869,-9.0057,44.8721,-3.1744,63.7508,63.6097,27.5422,86.1214,-70.8664,37.0952,21.9675,17.9508,21.4288,25.4898,41.2752,-25.0790,82.6795
18.3782,32.7362,25.1639,20.2594,56.5966,2.2349,61.5800,70.7433,-3.8474,42.6694,-77.6565,34.9728,14.7620,29.5252,7.1662,23.9310,45.3143,14.6030,67.0826
25.1879,57.5530,49.8904,37.7186,59.6591,29.8088,54.7195,100.8106,-27.8625,37.7133,-111.5865,7.1481,5.3692,31.2613,10.1989,46.1466,56.4054,40.5804,39.6490
46.2379,66.0204,71.7927,42.3135,57.5344,31.8371,42.0270,100.4817,-32.0680,48.3216,-134.1975,4.3680,-5.9090,27.9939,7.0136,38.9239,64.0461,45.0505,34.9332
68.8939,59.8682,78.3818,35.8497,52.0067,-6.5533,36.2358,60.5010,-25.1978,44.1298,-113.9509,56.7107,-1.8688,39.1541,-6.1225,10.9528,58.6312,27.6828,47.2294
84.2381,56.1127,87.1432,22.6256,44.8944,-43.7163,19.6223,42.5589,-22.9422,44.3977,-72.4931,75.9856,4.2038,29.6929,-17.7299,-14.8562,50.8183,4.7831,54.5616
80.5660,39.6464,88.1035,19.1230,47.6593,-49.6357,1.9411,71.7322,-25.9066,64.6543,-61.4805,12.9966,-21.2015,-10.1484,-13.7761,-21.7644,42.1950,8.6150,76.2560
52.3441,14.0326,66.0935,23.1953,56.2768,-40.3618,8.8677,104.8095,-16.5864,85.7466,-75.4455,-40.1323,-49.2466,-26.4623,6.5470,6.2283,22.4311,25.1859,104.2504
25.4557,5.8703,42.8392,1.2943,34.8793,-44.2403,9.6818,106.8795,10.3979,94.6724,-50.6779,-36.4670,-33.2955,-14.6034,25.6112,45.1407,-3.2787,-0.2661,80.3434
16.5616,-9.2613,19.2550,-54.7363,-23.8736,-72.3713,-12.6795,88.5145,47.7474,113.0997,11.2141,-52.5837,-1.7691,-25.9818,37.2085,57.0513,-26.5528,-64.6383,17.2091
0.0856,-52.2523,-25.9005,-97.3197,-70.4068,-113.6760,-14.3236,68.8909,81.6331,154.1480,38.9892,-104.0988,3.0921,-55.2594,43.1846,50.2388,-46.9869,-98.4901,-15.8271
-25.2479,-66.7065,-55.4813,-86.5549,-73.9405,-134.3113,1.8009,53.9698,75.7627,176.9484,27.4991,-112.1222,0.2856,-53.4911,24.0895,42.2662,-48.1116,-70.2356,-32.5327
-17.1254,-27.7506,-22.7964,-40.8573,-48.8075,-102.6323,-8.5338,48.3741,21.5488,143.6471,17.4912,-69.2704,11.2785,-17.0237,-17.2752,29.1387,-18.2796,-18.4459,-75.2616
21.1121,6.3446,30.2118,0.3990,-8.0730,-39.8220,-25.0861,41.3281,-21.8085,84.1091,-6.3634,-34.7412,19.8611,20.3113,-36.8922,18.5902,18.2658,16.1480,-107.1878
38.9775,18.6046,41.8071,17.1726,19.5539,-11.6866,-27.5575,3.0556,-21.6811,34.5235,-37.5717,-12.7432,18.3728,35.5466,-33.7609,13.9017,41.9505,22.5633,-112.8309
29.0907,32.6201,21.5314,3.9275,-8.7778,-38.4463,-50.4754,-52.1711,-16.0407,-9.2541,-9.0119,7.9634,16.9796,29.8408,-41.5064,6.3214,48.2809,2.6137,-141.3481
14.8263,16.9512,-3.2500,-25.7942,-63.1162,-65.3927,-75.8602,-62.0866,-16.6534,-31.0198,59.3635,-5.9059,11.5966,21.2250,-37.5201,17.6351,19.8580,-23.9830,-170.7206
-3.7161,-32.5975,-28.5641,-36.0291,-66.9015,-58.1763,-57.2287,-25.8835,-2.2226,-8.7901,69.2284,-46.6416,-6.0357,20.0928,-6.3091,51.5984,-21.5275,-24.0907,-138.5580
-16.8857,-33.9823,-35.3185,-7.1768,-25.9043,-48.9042,-38.1662,-12.1171,4.7094,8.1992,19.9122,-39.8448,-22.9670,25.5209,-11.5110,46.8641,-8.4670,10.0616,-90.0421
-2.7851,28.4907,-8.8476,38.6314,0.5779,-52.3200,-62.5668,-31.4199,-18.5000,-33.2239,-12.6721,31.7749,-22.9112,46.2779,-69.7124,-9.5159,48.9925,52.5732,-90.4409
17.7721,64.9338,20.7659,65.5436,9.3043,-37.1064,-81.9061,-33.0219,-43.6531,-93.7593,-4.7708,90.1137,-14.8435,77.2785,-96.3951,-33.4263,65.9057,73.3630,-97.5573
12.9072,48.7353,22.5313,59.3930,15.2626,-7.5169,-70.4940,-15.3959,-55.2107,-117.2530,26.1579,86.0970,-18.2490,85.5342,-64.7750,5.3901,39.9625,61.8684,-73.1842
-2.2092,41.5683,4.9215,39.0491,1.5095,-3.4131,-61.6769,-12.6256,-60.2618,-111.3438,45.6612,65.1936,-27.1428,68.8435,-45.2685,30.1606,40.5886,40.4155,-57.8101
-7.8153,60.2892,-11.9901,32.6872,-22.1275,-16.6604,-47.7271,-17.9187,-41.7939,-91.0425,9.1138,71.7409,-17.4714,57.3844,-59.4820,-0.7699,64.2624,39.7939,-60.1163
-12.5883,66.9089,-19.2565,35.6616,-19.7143,-11.3141,-12.8133,-11.9374,-0.6902,-56.5207,-51.6678,73.8081,8.1848,44.5402,-59.4248,-39.0338,62.3386,46.5288,-42.4386
-12.9356,46.1708,-15.6941,26.9486,1.7822,4.0581,3.6235,-2.5742,18.5833,-38.6273,-54.7056,35.6695,17.1274,15.7375,-34.3543,-42.7406,41.5079,32.8185,-14.6459
-0.5611,15.5820,-10.7702,22.1811,10.8899,6.8076,-10.7769,0.8428,0.0215,-60.3670,-22.1698,-9.5973,-5.0291,2.3184,-19.0408,-28.3809,27.6896,28.5987,-10.1254
3.9314,1.2623,-13.6836,40.3449,7.9260,6.3649,-14.2251,-2.4699,-23.7761,-85.7757,-30.4882,-26.0320,-29.6641,11.3755,-24.2019,-25.5021,20.3255,61.0957,-21.6654
-4.7908,7.5656,-14.1316,47.2231,11.0925,10.4378,3.4440,-11.6521,-33.3168,-81.7238,-45.7265,-40.6538,-21.0224,-1.8567,-23.6881,-30.4892,16.5107,74.1753,-32.6393
5.3284,1.9187,-3.0978,16.7482,18.3746,8.4747,17.4333,-16.9654,-40.1454,-71.1808,-4.0474,-72.7874,10.1154,-34.1979,-4.2913,-27.1702,14.5796,30.2901,-39.1828
34.9356,-25.0108,2.0976,-11.3899,8.4354,2.1934,20.1530,-13.0014,-50.4257,-76.6411,43.1220,-78.2205,17.4044,-32.9896,6.2483,-27.0776,14.7746,-6.5746,-31.2615
40.6733,-27.7071,-12.7902,-6.7469,-23.0246,0.1625,18.1081,-10.2557,-51.5913,-78.6655,31.1946,-30.3595,-1.8800,-1.2069,-13.8914,-43.8768,28.0121,6.3778,-13.0746
14.7513,2.3382,-30.6572,3.4322,-43.6831,-1.8732,17.9709,-17.4686,-38.0405,-66.6031,7.3158,22.2139,-0.7634,12.9810,-38.0745,-61.1797,42.7317,20.9499,-6.5432
-3.7956,9.4655,-34.8786,-1.5265,-35.1356,-6.0316,20.1514,-34.8645,-23.9405,-66.6261,28.5256,31.8797,20.9542,-0.5875,-36.1134,-68.3091,28.7938,7.4043,-5.3686
-0.5988,-9.6478,-35.9864,-6.4452,-27.9071,-5.7029,13.2979,-54.8583,-15.0950,-92.5174,51.0873,21.1677,15.0985,-15.3810,-21.7900,-75.6113,5.9523,-4.3213,12.2327
3.9549,0.4612,-37.3629,3.4377,-31.7001,5.4347,2.7846,-58.2562,-6.0612,-116.0773,23.2255,36.9031,-6.6491,-8.4643,-21.7794,-81.7015,17.2484,5.0095,32.1553
4.0098,28.7849,-20.1949,26.2898,-10.8996,34.1582,12.9166,-41.0315,-17.1410,-105.4954,-6.7162,76.5081,7.6705,18.8859,-38.6071,-83.3590,41.6052,27.4350,32.4473
8.9305,23.8230,9.2646,40.9786,24.0191,69.7580,31.4476,-30.5311,-60.3928,-68.6558,19.7019,96.2287,37.1502,35.8144,-55.2211,-85.5585,43.9181,41.4655,25.1016
14.1603,10.1437,19.1161,26.5567,24.3186,75.3752,23.0502,-39.4422,-86.2747,-39.7750,54.7565,80.2313,30.5156,23.7809,-51.7696,-70.2658,47.4445,23.4180,20.0301
11.3295,26.9518,13.9863,9.4372,12.3019,45.9762,-0.8547,-40.4126,-64.4641,-29.6325,37.0612,61.5399,6.9463,12.1040,-35.2274,-32.1262,62.7640,-0.7344,11.3230
5.7518,34.2447,25.2863,29.4594,41.0914,38.0377,-6.4856,-10.7708,-42.6681,-16.1079,5.7992,63.6687,4.5441,26.9519,-32.7949,-13.7981,50.6573,19.2653,16.4083
3.8471,4.2586,44.9846,55.8651,77.4292,79.9625,4.8663,30.4679,-38.2080,4.8236,5.7297,69.2032,14.4131,48.7328,-29.2841,-17.5592,5.8594,50.5159,44.5095
4.8055,-15.2410,41.4129,36.0322,56.6412,111.3703,18.1027,39.6267,-7.8296,-0.5210,3.5696,61.5769,21.8535,51.4334,11.5001,4.9782,-33.3264,25.6724,54.1381
6.4412,-5.9348,17.2330,-4.1676,-2.7784,79.8114,29.4405,5.5043,34.3137,-39.6237,-12.8769,45.6862,26.3380,31.6320,55.9365,27.8843,-56.3938,-20.9429,30.0274
2.9134,-4.1630,-4.8408,-14.4119,-38.9200,26.6325,34.8572,-21.5106,32.6086,-65.9850,0.8666,31.4897,26.0011,3.2083,45.6253,-6.4971,-66.6010,-22.0582,20.2310
-7.5991,-8.1273,-15.7293,-11.1368,-36.8289,7.9595,32.8965,-5.7367,7.9847,-51.9005,45.5043,37.4092,34.5405,-3.6386,7.1109,-45.2590,-50.0128,-11.3939,32.5864
-10.4812,-0.1649,-13.1466,-29.8283,-22.1636,7.2318,28.1807,12.2328,16.9581,-20.1304,76.8790,69.3940,59.7440,20.4941,4.7506,-16.2234,-25.6440,-46.9094,27.5566
-0.0835,-8.9267,-6.3894,-60.2692,-16.2127,-8.8183,22.4870,5.4183,52.5190,5.5739,88.2971,85.3689,69.6869,36.7313,38.1640,36.9773,-35.7250,-99.8947,22.3741
0.1122,-40.4345,-17.5686,-80.7215,-22.4911,-24.7412,18.8542,10.5396,73.5549,10.7385,105.5322,55.3128,54.4212,25.6444,67.2360,62.2678,-63.8409,-123.8501,39.1162
-18.0134,-47.7619,-41.8306,-92.1470,-32.7184,-24.8200,16.4550,20.5975,63.0949,-16.4252,140.0601,28.3690,53.7041,23.5586,73.0411,84.8862,-59.5505,-131.5689,22.7637
-17.6226,-22.7690,-43.4060,-93.1922,-34.3026,-28.6649,3.7377,-15.2895,33.6556,-49.9212,160.3751,48.6183,64.3785,41.4436,56.5961,101.3860,-20.8810,-137.9341,-33.1456
22.6730,-0.8120,-9.9094,-66.4252,-18.2852,-35.5046,-10.3382,-60.9429,13.4070,-46.3719,99.8120,75.1713,39.7408,44.5693,29.8615,65.9302,19.2417,-111.5432,-38.3402
59.3076,11.5438,28.1173,-11.8873,11.2089,-14.3440,-0.2035,-46.4859,11.9577,-12.8512,-28.4371,69.9926,-0.4974,31.6037,6.2503,-2.2371,39.5088,-38.7027,15.9202
45.2066,14.2930,38.1327,29.4843,38.8666,27.8568,17.8148,-9.1876,11.0586,17.3647,-82.5914,57.9983,1.0387,24.9511,-13.6834,-43.9626,31.9564,21.1448,43.2061
7.2302,-4.7090,24.9355,21.8197,50.9054,45.9977,9.5852,-17.0056,-0.4753,35.6952,-1.7392,49.8003,28.6811,9.4492,-26.2512,-52.0008,10.6322,11.0668,31.6486
6.6894,-18.2312,21.8507,-8.7741,39.2666,24.4899,-7.1775,-53.6062,-24.6930,27.2174,78.9643,26.8792,32.3721,-24.1089,-22.0987,-50.4456,5.6096,-29.7550,17.8694
42.4091,2.0327,41.4320,-12.7607,11.9774,-13.2191,-6.5434,-80.4451,-62.1462,-21.0502,69.0277,3.4062,16.3414,-43.7574,-14.9438,-50.4755,12.2271,-29.8069,-10.6143
59.8855,19.7197,58.5108,8.9352,3.8982,-38.2256,-15.6390,-92.9558,-88.3496,-64.0030,52.7900,-6.1236,6.7988,-45.3699,-28.6107,-65.0384,7.0397,2.6795,-44.5232
50.4648,6.6511,60.7156,23.4714,33.5345,-31.4761,-55.4145,-91.7572,-80.6427,-57.3800,75.4846,-31.0918,1.6744,-61.6232,-54.8268,-98.3890,9.8176,17.8668,-49.4049
53.2688,-4.6564,63.1602,20.4863,57.4286,-6.1954,-91.2850,-83.9723,-59.0451,-35.4771,69.4195,-78.6442,-6.2919,-84.7928,-62.4462,-116.1362,36.5856,10.7516,-57.1907
59.7004,-1.1298,55.2198,8.0449,32.8963,-3.6686,-94.4409,-76.1254,-36.8196,-40.0974,31.3948,-107.5898,-13.7211,-83.3352,-43.1775,-92.4505,42.4351,1.9445,-87.1026
25.6518,-12.2677,16.4489,-3.9737,-8.2537,-27.3911,-81.4302,-50.8363,2.0859,-42.2439,27.3792,-109.1672,-19.5874,-75.2001,-20.6602,-64.1165,-3.7656,0.2858,-77.3154
-30.7639,-44.9935,-23.3913,-7.3148,-20.6823,-37.7495,-72.1004,-11.3988,39.0497,-1.5448,57.7430,-116.3496,-25.3876,-89.6106,-13.8235,-66.6102,-65.5207,8.2093,-19.8117
-55.9533,-79.6236,-32.1278,-6.4408,-12.3427,-33.1715,-65.6492,7.0252,39.8182,56.6642,82.1731,-130.1317,-34.4667,-102.0104,-12.4673,-65.2288,-101.2686,16.6458,16.0423
-51.3396,-97.4560,-30.0713,-5.2251,0.6785,-44.1897,-60.5964,10.7453,25.4590,76.6463,85.5678,-128.4092,-50.7934,-85.3250,-5.2815,-31.4926,-102.8544,18.5214,23.3685
-44.9743,-90.2640,-30.6219,4.2290,17.0492,-57.1178,-66.6840,36.1498,32.6379,66.6892,61.7040,-120.8448,-69.6700,-65.3450,-4.3352,-10.5495,-82.6015,26.3428,41.4875
-38.2398,-84.8407,-20.3086,8.8928,17.7376,-47.9768,-89.1150,75.1399,58.2616,96.5558,35.0391,-122.0690,-84.3513,-66.2998,-12.1060,-25.6113,-74.0971,31.2915,67.2301
-38.2896,-108.0558,-18.8486,-12.1064,-6.5648,-44.7561,-109.7982,98.8425,77.6309,167.4570,58.1485,-115.0578,-95.5935,-69.6702,-15.1640,-31.4069,-89.0941,9.0312,92.9957
-59.2390,-119.6281,-45.3206,-33.2194,-25.9141,-64.4935,-109.9994,101.9295,64.6624,191.5676,114.8829,-91.5801,-101.1090,-65.3035,-25.0406,-20.3926,-80.7672,-13.5015,116.3998
-79.6475,-82.2464,-60.3019,-28.3109,-25.1028,-71.1784,-101.8657,88.1180,27.5176,163.6863,128.1193,-73.3052,-98.1537,-66.7627,-44.3558,-15.3614,-34.5582,-8.1531,109.5003
-76.7128,-46.1305,-44.5161,-29.3343,-31.1217,-56.7622,-102.0363,72.1277,22.2866,171.9139,88.1498,-61.2640,-100.4057,-59.7988,-31.1746,22.1683,-12.9759,-15.1626,80.7078
-67.2114,-54.9779,-42.8310,-51.4574,-57.2634,-57.8605,-102.0111,68.4426,56.9667,198.9104,58.7587,-32.9617,-116.0739,-23.3536,11.3029,93.8314,-35.6856,-47.1316,74.1022
-66.4735,-74.4823,-66.9875,-55.4509,-78.1166,-73.7332,-96.8459,54.9566,66.2795,159.7328,71.4208,-6.1330,-121.6870,6.4274,15.3978,101.0717,-50.9292,-48.6588,73.1408
-68.1339,-80.7503,-78.2903,-39.5305,-74.8373,-75.3863,-97.6039,16.7184,45.1404,98.4970,99.3975,-24.0374,-100.9761,-12.5840,-15.7430,35.2012,-51.6243,-22.8086,40.3467
-69.0989,-86.2307,-72.2731,-41.7913,-65.9652,-69.3834,-95.0051,-11.9329,45.0989,87.6574,106.9184,-71.5221,-76.6053,-47.5696,-11.1189,13.6955,-68.3638,-24.2048,0.2515
-60.4871,-77.8790,-65.9014,-52.3918,-72.9298,-66.5441,-66.4634,-16.2838,42.6582,73.0059,83.4838,-89.0927,-64.3650,-47.4747,22.9196,52.3143,-77.8995,-37.0405,-22.7185
-31.3347,-50.3827,-48.5640,-42.5203,-72.6898,-50.7168,-21.5601,-21.6655,7.5680,24.8352,43.8844,-65.2272,-49.0976,-22.6900,34.9046,66.1126,-54.2434,-26.8180,-34.1212
-3.1750,-36.8561,-21.1700,-26.0777,-36.4454,-28.7773,9.6215,-24.1806,-2.7845,14.9668,4.0781,-37.3708,-32.3967,-5.5352,39.4144,59.4688,-34.6983,-18.5311,-16.1524
-0.1332,-36.2563,-7.4845,-18.3198,-1.4412,-28.6571,16.0013,-11.0487,22.0985,41.2700,-23.2992,-22.6490,-36.5932,-3.9142,52.1230,67.3944,-39.9611,-21.3199,29.3897
-5.6401,-16.0695,-6.2158,-14.2394,-13.4515,-39.3867,9.8188,-6.2459,13.4605,33.7632,-22.0358,-16.7316,-49.5064,-22.5328,43.0290,48.4137,-35.3667,-15.0919,55.1274
-3.8975,7.8565,-7.8353,-17.3855,-34.8055,-34.7137,12.2299,-13.5759,-4.3409,9.2413,-13.2974,-24.0661,-41.4517,-56.1414,24.8779,-3.5309,-13.9993,-14.7151,62.7396
-5.2452,5.2063,-21.1376,-23.7464,-20.2426,-24.7315,27.1057,-2.3652,49.3160,10.4666,-53.8019,-37.1026,-26.7189,-68.5067,39.5137,-23.7519,-8.6848,-27.6741,89.5103
-5.8931,-3.8471,-34.3782,-23.1538,-7.9402,-24.1548,31.8151,27.7902,126.6215,19.3376,-123.0577,-32.7343,-29.3017,-39.8633,68.2617,4.4766,-21.2522,-32.2352,104.9578
1.9194,-1.3770,-28.1208,-29.1801,-29.5526,-24.5282,20.1572,54.2526,129.4778,25.3842,-118.8544,-13.3284,-26.9227,-2.0495,70.9994,39.4879,-26.8888,-37.3399,74.0268
-2.0294,-10.0682,-24.5359,-39.1182,-40.4946,-18.3706,21.5482,68.4299,82.4279,28.3192,-37.3554,2.9524,-0.9880,16.0201,52.7769,46.6884,-30.1768,-45.5703,47.6366
-21.7790,-31.1692,-38.2371,-21.2304,-17.7199,0.8704,43.5921,64.2593,58.2784,5.9028,5.5545,24.8087,17.5949,28.6479,35.7768,22.9400,-45.9960,-22.3375,66.7739
-24.7163,-32.2230,-35.1915,10.1074,1.1294,35.9628,48.0549,49.8508,48.5308,-23.4010,-14.5275,55.5330,7.4021,46.6767,25.7631,3.1836,-49.4102,13.0682,88.6699
-8.4569,-13.1192,-7.4284,16.3170,10.0525,59.0420,17.6991,51.6271,19.6503,-22.4775,-5.1294,58.5661,-3.9308,46.2218,10.8264,1.7118,-17.7511,13.9118,78.3159
-11.7455,-2.6316,6.0066,22.3035,43.5132,52.7445,-9.1827,66.2221,-2.5758,-15.9278,36.8882,28.9391,8.5538,20.7664,-19.3521,-23.9499,9.8448,16.6330,65.6204
-37.4614,0.4737,2.5239,54.1572,93.9828,54.2837,6.5470,71.4790,17.4434,-21.9056,19.8417,24.6248,32.3383,8.3626,-32.7365,-59.5059,-7.4912,51.1818,84.6803
-47.2357,11.6820,8.3350,65.5764,112.9616,76.1948,53.8897,73.5098,55.6440,-7.2336,-53.2565,57.5615,41.2511,23.7634,8.5685,-27.2387,-38.6443,55.8827,125.5093
-39.3327,15.8746,5.2589,33.8562,85.6613,67.7824,82.9264,74.2295,75.3346,22.9780,-96.3060,61.0110,20.3638,25.8930,64.4904,42.9824,-43.4637,14.9048,153.0451
-49.6072,0.8733,-23.5675,8.4114,49.4347,29.2557,63.2815,56.3317,88.7827,36.8215,-94.5517,14.5806,-16.6648,-5.0127,77.1591,60.3303,-43.7238,-4.6775,146.2048
-74.2339,-7.3153,-38.3829,10.0219,35.6556,25.6461,22.3696,30.8902,107.2859,41.4288,-88.9210,-25.6682,-34.9248,-33.4388,69.2081,49.0189,-61.1202,4.4976,112.4323
-75.5978,6.4817,-21.1882,10.9468,30.4002,49.2052,-4.0038,16.6309,108.4533,34.3850,-83.9555,-34.8150,-28.8759,-39.8630,71.7720,54.8164,-70.0919,1.4246,72.4679
-61.6168,21.5134,-13.4828,7.7339,13.3750,38.0732,-27.1968,2.1100,95.9588,10.9331,-69.6339,-28.6577,-30.9229,-40.6887,56.7056,41.0020,-53.9300,-3.4496,46.1721
-66.8761,32.5946,-25.6002,11.8675,-1.1334,16.7165,-60.6557,-10.8326,89.8570,16.6143,-57.5667,-3.4805,-50.4426,-36.2789,18.0982,14.2513,-20.8993,3.9280,43.3975
-71.9990,48.9754,-19.9817,12.8408,3.0813,43.0291,-73.6329,-4.2536,72.7754,57.3443,-61.0489,27.4237,-63.2491,-20.0602,2.5993,29.7795,21.3522,0.7488,52.8594
-45.4085,46.9204,-0.7069,1.4338,10.6747,76.8998,-49.2207,5.2060,45.2121,76.1697,-78.2652,23.1490,-66.8603,-9.9191,25.5846,65.0181,48.4976,-16.4916,62.0802
-23.1802,8.3620,-8.6880,-18.1432,4.4643,55.1836,-23.0441,1.3039,48.0824,89.7678,-83.4995,-3.2019,-78.1239,-16.0480,50.4643,76.3504,36.6115,-34.3940,82.0229
-44.6932,-29.2565,-39.0735,-38.8683,-11.9693,11.0149,-18.1228,7.1856,75.6120,148.6046,-57.2532,-6.5915,-87.3684,-25.9955,52.2531,77.3179,6.2418,-50.8923,113.5820
-78.6216,-33.4291,-58.2801,-48.7870,-27.6564,3.2504,-16.3121,23.3532,93.5305,190.7213,-36.1670,-1.8598,-78.0615,-33.2085,48.8503,79.6900,-15.2813,-57.1544,122.5966
-90.7099,-26.6548,-67.6152,-45.0967,-29.8094,17.7421,-8.8276,15.1959,111.6393,149.3352,-53.2306,-18.0858,-62.3452,-31.1116,66.4909,92.9207,-32.6506,-52.1472,90.0568
-92.1291,-32.6633,-79.4877,-38.7660,-15.5802,19.2126,-3.3437,-8.4801,125.0080,87.3426,-67.8185,-31.5822,-53.5318,-9.5413,88.0527,126.9270,-42.9578,-47.8666,44.8107
-82.6694,-42.4984,-77.0222,-25.6672,0.6295,25.6616,0.8814,-4.3556,104.2930,67.6750,-61.2164,-29.2428,-47.5497,14.2614,76.3650,128.3421,-33.4774,-30.1196,25.0536
-49.1636,-43.6588,-48.2724,1.8785,13.4532,62.5095,0.8195,18.9588,79.9749,54.8376,-85.1552,-31.2720,-48.6388,18.0958,50.4868,71.3574,-18.5346,7.4655,37.8344
-17.8700,-29.3489,-20.1921,22.6448,26.3916,95.1895,-7.3312,11.7392,83.8489,16.8017,-131.9190,-21.6685,-59.8656,20.8680,52.9459,44.7178,-9.3674,24.3169,52.1209
-18.6038,-3.7671,-18.0846,19.8801,29.2909,84.9097,-6.4004,-25.5474,84.7301,-15.4818,-137.2765,17.8202,-55.7129,42.3606,67.3517,84.2469,-0.4773,7.4301,32.3082
-33.0352,5.0669,-25.3472,9.6561,24.1945,67.7385,10.7132,-33.8318,84.5848,-3.5836,-123.1665,35.2391,-26.1050,59.4868,71.5270,115.6812,-6.9382,-5.6805,-5.7089
-38.4018,-16.7361,-22.7759,1.4538,30.4288,84.6335,17.6847,9.9160,115.2324,42.4023,-139.3503,-8.4185,-14.6528,53.5270,92.7251,134.0203,-33.9172,-10.0415,-10.8077
-49.2372,-40.0078,-30.0105,-13.4272,33.0038,95.6219,9.8248,56.4294,142.4827,71.6060,-144.9965,-56.5052,-40.7330,40.9507,129.1286,179.0380,-54.0010,-25.6572,21.2359
-81.8601,-43.3099,-61.6332,-28.4013,8.0842,66.4956,17.1450,71.7401,139.5003,72.8597,-103.7724,-53.2042,-48.7995,33.2422,132.9138,196.4546,-68.5711,-36.3920,47.4948
-119.4347,-41.2740,-84.2135,-26.5656,-10.7643,43.8757,34.4957,82.1890,134.7755,89.8245,-53.9915,-29.2287,-12.8483,24.5858,100.1092,151.9194,-95.3470,-23.4485,51.2052
-129.6934,-37.3004,-67.7980,-5.4627,8.8490,56.5257,29.1448,99.0633,108.2150,109.9537,-22.1637,-20.7798,7.3514,20.6634,65.2474,114.7121,-101.5789,4.0290,48.9173
-99.1761,-14.0963,-29.6351,23.2303,35.4893,69.5597,9.2123,93.6232,36.6689,74.5564,-13.1958,-1.6160,-19.0615,36.6890,40.8212,116.7081,-58.7340,31.8295,48.2103
-42.1261,18.1766,10.9695,41.4967,45.9251,72.4805,-5.7979,65.4598,-11.2572,21.0075,-44.0143,43.7541,-48.4993,70.6664,31.5574,126.9998,-3.8284,40.6380,41.6989
12.8482,29.0322,48.9510,44.9886,56.8595,76.3879,-30.4758,42.5469,-1.4713,18.1451,-94.5685,71.6651,-65.9924,98.4144,35.2294,135.3358,27.5292,29.8781,26.3737
33.7853,25.8192,58.4968,54.6387,64.0615,64.8822,-58.4529,30.6313,13.2973,15.4028,-128.8804,61.0087,-91.5624,99.8016,29.1009,126.3052,39.4017,39.7673,17.6481
10.4565,50.0207,35.6192,80.1418,59.6951,56.3584,-50.2137,25.9413,16.3004,-39.6611,-157.9401,59.1628,-98.1685,86.0695,13.8027,90.9479,42.7512,78.1299,29.7835
-12.2390,106.6256,39.9248,103.1795,70.9124,98.9917,-20.0674,24.1643,-0.9630,-82.2448,-177.3510,96.2463,-61.4440,83.8060,1.5203,65.0693,63.7218,99.6953,34.9278
17.4605,143.9438,95.4599,114.5469,99.0991,156.7296,-23.6322,6.0633,-72.8013,-77.6726,-145.9504,136.6563,-24.1383,97.1672,-30.4492,47.0081,115.8443,98.2640,-2.4647
67.2351,131.0924,129.3781,116.4468,100.1678,157.7473,-53.7904,-23.7743,-138.6448,-86.7973,-84.2377,153.5922,-15.6386,114.4845,-77.7204,6.2060,150.4557,99.3648,-53.0092
72.8471,108.4065,101.2262,105.7480,67.4691,129.9510,-62.3130,-32.1403,-121.4337,-127.1191,-59.4446,162.5276,-13.3705,132.2732,-87.8903,-14.5944,139.3831,94.3152,-70.8092
56.0000,116.9020,78.6025,98.7503,46.3218,137.6973,-44.9234,-25.9304,-93.1130,-152.4767,-85.7320,164.3523,-7.9667,141.2100,-63.9402,8.8510,127.5444,88.8308,-74.4237
65.4013,129.2875,104.6249,111.2153,58.9645,167.5709,-18.0612,-35.0397,-110.7301,-143.4349,-127.1907,142.5132,2.9457,124.3294,-49.3901,8.7649,119.8219,105.0587,-86.3400
72.5664,100.4671,123.1870,108.0629,81.3572,178.1446,17.9740,-39.8142,-94.9559,-106.4365,-135.3542,105.7761,35.5424,92.2522,-26.0170,-12.7961,68.4482,101.3706,-77.7956
49.3634,40.4895,95.5515,64.4805,82.8955,161.6857,45.9856,-12.7895,-35.9774,-59.2745,-85.6497,72.1309,64.7066,77.1792,23.5057,19.7161,-1.7964,47.7513,-45.8995
34.7207,-2.5955,62.9703,28.9603,60.8024,127.8670,40.6454,22.6127,-12.4477,-37.8743,-32.8766,45.6538,54.0964,82.2140,47.1147,64.4316,-29.6332,11.9669,-32.7503
40.5327,-3.1072,58.4343,37.1702,43.0598,102.4033,19.8669,38.3009,-7.5043,-48.5761,-39.4962,30.9336,39.4404,77.8705,26.5910,35.9825,-30.5619,32.0631,-40.7287
29.1234,19.3078,61.3961,56.7410,52.2442,108.6611,20.3957,32.7864,12.3364,-64.0189,-65.3284,28.3173,56.7949,51.9723,10.2533,-19.4386,-37.5142,54.8530,-34.6460
3.5795,26.9846,53.9803,62.8391,72.6916,128.5368,44.0071,13.3079,10.2766,-69.5978,-64.1712,28.0711,68.2483,26.8004,18.8224,-29.6081,-44.9693,57.1995,-5.6312
-10.9577,10.4403,42.3993,56.6182,71.4385,135.9885,70.7698,4.9447,13.2431,-40.7081,-72.6460,29.4596,55.8673,15.6913,40.3857,-15.2071,-63.9502,51.7619,37.0211
-25.6455,-3.7310,28.0899,27.8738,41.7049,132.8899,85.4889,27.9636,63.2990,43.7955,-93.4454,29.6410,55.0437,-2.8445,60.6031,-14.4834,-87.7052,21.9076,81.2158
-35.8864,6.3947,16.0520,-10.1630,8.8543,116.8225,78.1003,55.4153,81.2105,122.8469,-78.5694,14.0716,62.7203,-36.8101,50.1913,-30.1052,-58.9027,-18.6835,94.8786
-15.3425,31.8514,22.6615,-21.1517,-5.3470,82.9059,51.6445,64.2624,27.2975,121.2416,-46.3743,-5.3763,51.5185,-47.7909,13.4355,-38.1044,10.8438,-26.3291,61.4544
7.0615,48.1255,37.4841,-11.2033,-4.8487,52.8941,20.9645,77.4617,-3.3693,72.4834,-28.7545,-1.9791,36.9664,-18.8084,-0.7804,-12.1761,32.4238,-15.5776,21.2288
-10.1582,45.6019,31.0206,-2.5904,4.5951,40.9578,-3.4423,93.1803,16.0369,42.2157,-1.6079,9.9463,36.2169,1.0580,0.2365,7.2546,5.8003,-10.4380,16.2732
-30.8045,45.0681,17.1842,15.5373,27.9164,32.9911,-14.5031,70.0063,13.4256,23.1025,17.9688,9.2455,38.3200,-17.9155,-28.4484,-37.8108,11.0997,10.2073,26.2856
-7.9715,61.0655,33.8290,39.1057,52.6410,24.1723,-7.5670,18.4678,-15.5112,0.2421,-12.0598,14.4561,39.0962,-31.2393,-54.1314,-83.9808,43.1280,35.3885,13.5388
29.3761,59.9472,63.6295,42.5597,58.2335,21.3778,3.8512,-3.6741,-33.2004,-9.5964,-40.7652,27.5645,31.3159,-6.8235,-32.5028,-48.3191,37.8508,33.8467,-6.6730
38.0563,13.8263,60.9362,34.3281,56.0452,23.6660,-2.8117,10.9891,-39.5203,-13.6163,-11.6587,15.5292,4.2493,19.9389,-4.8442,4.7406,4.3708,26.6733,0.0021
24.1815,-33.5398,33.1074,25.0156,57.4221,28.6405,-24.4054,23.8124,-25.0689,-19.3114,29.3903,-16.7528,-18.6361,16.5231,0.7268,9.2106,-12.4318,20.5932,19.8928
7.0289,-35.6122,12.5982,-1.7657,39.8673,23.0058,-36.1698,28.2074,15.3362,-0.8240,35.2662,-31.5271,-19.0949,-0.3465,17.6049,22.1341,-15.1036,-13.7982,26.6771
-3.9270,-20.3885,0.7626,-29.4704,6.1620,-6.5575,-28.7355,49.2097,47.8667,38.0866,19.0886,-27.8892,-19.1599,-5.8099,38.7367,54.3417,-20.7129,-45.2939,35.1173
2.7331,-24.2007,-3.5920,-24.1508,-3.8211,-28.7887,-12.3246,86.9530,58.1860,57.2628,-4.9460,-23.1713,-17.8678,4.6249,28.6708,37.7074,-24.6814,-29.0086,52.4560
20.6832,-35.1514,5.9819,-7.1027,9.2378,-6.7140,5.2157,110.4967,55.1484,53.7170,-19.2295,-9.8586,3.3938,27.8237,11.3812,3.2713,-23.1970,-4.9028,53.3378
21.0719,-47.7175,7.4922,-10.2202,10.6712,32.5322,21.3999,104.2924,35.8871,54.2484,-4.7098,10.7734,12.0999,54.2948,22.2584,29.8684,-24.8349,-10.4989,46.4645
-4.9025,-72.6102,-19.9936,-18.8892,-4.2309,49.1654,28.6169,87.4792,21.2970,58.6103,16.3554,10.3084,-14.6066,61.1392,40.8592,71.5304,-37.6741,-14.6235,60.2265
-35.5167,-87.4634,-51.1047,-17.8296,-23.8603,51.4191,22.3486,77.6350,28.4795,49.6980,28.7420,-16.5942,-28.6535,35.0673,35.2273,48.0823,-55.8244,-1.0150,68.4425
-55.5611,-66.6981,-58.8725,-10.3846,-40.7019,51.0792,14.4234,62.8525,14.0359,20.4150,54.0371,-32.6040,-9.0305,1.2610,7.4824,-5.3995,-58.3632,15.6414,43.6058
-64.6982,-32.6984,-54.8415,7.4959,-39.6676,48.6138,14.5279,25.0896,-34.8954,-28.7767,75.5445,-15.7727,-0.8257,-7.4183,-17.9297,-25.6816,-38.9317,36.5775,17.8405
-61.0171,-17.6878,-49.2975,31.5670,-22.7214,62.3806,15.3500,-27.6093,-59.8792,-81.2099,58.8634,3.5211,-10.5079,-4.3958,-25.0883,-37.0761,-25.4365,59.5714,9.4027
-52.4039,-13.8292,-36.2849,49.0212,-7.8429,88.1176,16.9580,-65.9336,-56.3388,-109.1292,37.5988,4.7447,1.2031,-17.6095,-30.3338,-78.9868,-32.9337,75.6952,0.8131
-57.3703,4.4230,-24.1510,57.0648,8.9744,85.1522,30.3896,-73.2524,-67.0171,-105.3729,49.9469,20.0318,31.4827,-29.7405,-45.8031,-107.7785,-32.9019,80.2720,1.2748
-67.8171,35.0374,-23.4216,42.2614,23.0416,47.7321,46.1053,-67.0274,-69.6099,-81.6262,65.4175,53.0836,51.8683,-22.1662,-42.3452,-70.3768,-9.3594,50.2764,8.4095
-52.1896,50.0101,-21.8139,2.5523,10.8332,8.4217,44.5482,-72.3589,-42.2297,-51.3007,56.6003,50.8502,63.6274,-19.6204,-17.6495,-20.6940,15.0566,-7.3264,-20.6125
-11.4525,42.5790,-7.4007,-15.6463,-5.2961,-16.9183,32.7463,-83.3286,-30.4109,-36.6609,37.7241,21.7463,73.9188,-22.1022,-20.0323,-31.1502,29.5802,-26.0452,-76.2703
18.7488,41.0377,8.4760,4.4878,2.8672,-22.7385,23.6956,-80.4867,-41.1687,-53.1696,16.6910,39.2291,73.3785,11.9186,-43.2857,-46.6711,44.7586,-0.0633,-104.4907
25.3068,53.3057,10.4918,10.0448,-0.1818,-11.4091,10.7539,-69.9921,-31.3015,-78.7489,-0.2677,89.9911,60.5963,69.2069,-33.6450,3.5562,55.3208,-1.9665,-112.7089
24.2109,52.2643,3.2885,-9.8419,-23.2376,-13.4156,0.8018,-72.4687,-17.6685,-84.6758,6.9594,94.7720,52.9420,83.3281,-10.6307,47.3266,48.5487,-28.3061,-128.3612
21.1423,40.4089,3.4224,-6.5831,-16.0135,-38.2281,10.6059,-94.1378,-35.9395,-85.5537,32.5902,60.1806,63.2149,40.6134,-23.3729,2.7217,30.3384,-18.0031,-127.5617
12.4993,49.1928,13.9209,16.2808,8.7497,-48.2971,16.9474,-122.4804,-51.0186,-106.6641,42.2683,38.4521,74.6676,-12.7472,-43.1621,-67.2146,12.0181,9.1072,-107.0785
3.7700,66.4832,17.1733,19.6306,-2.0905,-33.4349,-9.4715,-134.3482,-30.5364,-128.8529,25.8039,24.0692,58.4003,-38.1422,-34.2462,-77.3525,1.5115,9.8445,-103.0381
-1.5202,50.3361,-1.3197,7.3511,-27.1730,-23.8659,-38.0501,-117.2355,-3.0420,-117.9777,10.5569,7.0701,22.2866,-26.7906,-19.6954,-44.8927,3.1664,0.7554,-103.3789
-4.9473,2.1451,-29.3837,-7.4409,-33.4356,-19.3754,-23.3762,-79.8657,11.2760,-78.8005,14.5756,0.8018,3.6313,-1.9614,-7.3332,-18.1631,-0.2178,-7.3725,-68.4617
-2.4144,-36.7812,-40.7123,-19.4359,-36.1673,-2.4549,16.3205,-33.8446,19.5275,-46.1029,17.0534,-8.6878,7.6623,3.3947,12.2929,-16.1257,-22.1961,-13.5153,-15.3309
4.3693,-39.4005,-27.3319,-6.9042,-28.7635,11.8898,30.5137,-0.5161,13.2670,-42.9378,4.3440,-25.3284,11.5444,-6.5185,11.7703,-38.0813,-36.0863,6.8117,7.3412
1.7622,-17.1444,-7.8649,18.5092,-2.7255,10.9551,15.9890,-15.2228,-12.1552,-57.9335,11.1847,-21.6868,19.0346,-14.4452,-14.6544,-61.2506,-27.0295,33.1792,-12.6075
-9.5870,-3.9859,1.1373,15.6621,9.5178,8.5758,7.4446,-64.7911,-34.7930,-63.0090,57.5059,-11.3433,43.3735,-32.3388,-26.9014,-71.1917,-26.6188,20.3568,-43.6679
-7.7023,-14.6669,7.2597,-0.9887,8.0914,6.4946,6.0019,-87.7091,-43.1882,-56.4010,98.9750,-25.9021,59.6088,-55.4494,-21.9769,-79.5118,-40.6868,-3.0435,-54.9981
15.1058,-31.6588,15.9645,-2.3112,10.7237,-7.3763,-20.8966,-81.2957,-47.1936,-60.0617,106.0187,-45.2570,35.5640,-52.3000,-25.0632,-76.3933,-34.1796,-4.0922,-59.2055
34.5941,-41.4680,11.2143,-15.2193,-14.4221,-30.0156,-63.3377,-89.7646,-48.7912,-67.1557,108.0535,-55.3629,-8.5742,-38.7285,-24.6576,-47.5543,-12.7271,-16.9372,-80.3941
27.3513,-40.3133,-9.9895,-45.5240,-65.0453,-53.1526,-70.5504,-101.5256,-48.2707,-55.9209,119.8125,-77.4365,-21.7377,-56.8369,-15.6849,-30.6403,-8.3059,-42.9407,-102.2383
4.6953,-18.1085,-27.0157,-51.7199,-83.6466,-73.2592,-47.1720,-100.1900,-51.7025,-51.7285,118.8533,-97.6393,-0.0802,-91.5524,-24.6486,-56.7274,-4.8296,-40.5615,-108.4035
-3.0463,9.3198,-30.6338,-34.2223,-70.9830,-78.1318,-45.7187,-114.8367,-46.8576,-78.2385,94.5379,-91.1817,9.5243,-103.5637,-43.7836,-92.2152,15.0252,-21.8731,-110.4826
12.8876,6.5579,-19.3928,-18.9375,-54.0728,-59.9732,-64.7150,-120.7054,-24.9471,-88.2787,59.4652,-77.8912,-7.7985,-91.3410,-44.9406,-104.8516,20.7551,-11.1084,-95.4583
36.3488,-16.7100,11.4816,-4.0820,-24.4151,-39.5306,-70.6214,-73.4519,-15.7894,-51.3749,43.5781,-70.1122,-22.0764,-70.4661,-39.1103,-100.2199,2.0529,1.8293,-52.1694
53.4658,-33.0649,33.3340,-3.2599,-17.7193,-44.0800,-70.2694,-34.3100,-32.5859,-18.1166,61.0521,-60.3125,-33.7302,-54.8512,-36.4460,-83.6898,-12.4713,2.8587,-22.0184
58.7329,-54.4783,9.3455,-24.4290,-61.0389,-64.1833,-66.5550,-45.0244,-32.1540,-14.0985,58.5724,-63.3202,-66.5305,-50.9091,-21.7757,-63.7727,-14.9105,-11.7918,-10.6168
49.3624,-73.8226,-23.6802,-23.4988,-71.1237,-62.9592,-44.4848,-21.7356,1.8118,-0.5527,-2.9857,-72.5338,-99.0142,-40.4211,-2.6087,-47.9165,-12.5661,-0.0850,33.8978
31.4218,-51.5007,-12.3365,-1.6278,-25.2224,-38.5033,-34.1314,52.5214,26.6028,29.7601,-42.8868,-51.1864,-99.0852,-18.9099,6.0105,-18.1623,-4.7348,15.9434,92.2193
12.2089,-15.5829,1.8237,-26.7635,-35.6710,-37.8793,-54.0328,84.2872,37.2460,58.0193,6.5150,-18.3405,-80.2299,-21.4987,16.3835,17.2765,-7.7917,-29.7397,105.7891
-14.8554,-28.9375,-39.5648,-86.1776,-111.6404,-80.3392,-46.3603,78.7017,70.2018,101.7114,61.3019,-25.0587,-62.8282,-54.0950,30.0464,14.8941,-37.5365,-89.9811,106.3693
-52.8162,-63.6045,-97.1862,-99.9110,-145.7452,-117.1458,2.8267,99.5637,109.4465,155.6391,32.5217,-61.8543,-58.2513,-77.8340,35.0008,-5.7251,-69.9602,-78.9768,131.1709
-79.5441,-57.3354,-108.9520,-69.9545,-130.2787,-105.4101,23.8576,110.2276,118.9541,169.9873,-45.6434,-90.3948,-80.3790,-80.9825,46.0354,15.8839,-78.5055,-31.4685,135.3469
-69.7440,-22.0005,-77.7515,-43.1224,-106.0615,-64.4630,16.6239,91.3081,109.9934,140.3367,-112.8012,-94.2264,-94.2594,-70.3966,65.4899,53.8607,-65.4547,-8.5459,104.0594
-30.4088,10.6991,-29.3173,-17.4988,-55.4735,-28.3570,38.6421,104.0088,85.1493,98.1378,-135.2058,-64.4297,-44.9115,-36.4372,57.2332,44.8358,-36.3498,5.5709,74.8103
-0.1162,38.9732,14.1518,2.9876,-8.7076,-6.6833,62.1716,129.0613,30.0833,47.1431,-83.7858,-23.5671,29.0469,-3.7211,23.9624,12.9991,-10.9250,16.2668,43.2238
-7.6664,47.8052,21.9601,-9.5397,-23.5308,-9.9393,43.4167,102.8450,-10.7497,8.3362,6.5617,-22.4272,50.5593,-19.6871,14.4597,8.1995,-24.5880,-2.6085,7.4387
-32.2967,20.1988,-5.2623,-41.5422,-58.3013,-44.6686,22.4845,71.6317,12.2714,25.0798,50.3533,-60.7739,30.4160,-63.0016,34.7208,17.2170,-66.0554,-35.4672,10.2501
-33.6007,-26.0099,-29.1383,-59.9639,-60.5871,-77.2377,25.1467,91.3802,58.1005,75.8795,37.5024,-92.5313,9.2955,-72.9900,51.5236,23.0995,-86.7540,-50.7138,46.8026
-19.7957,-62.7121,-36.4335,-60.8681,-52.0649,-70.1409,27.1081,120.5722,70.1088,97.7529,26.9272,-96.7198,-6.4669,-46.4338,55.1407,34.2634,-84.1166,-47.5871,66.5391
-28.1643,-68.7450,-43.2049,-52.8028,-47.6565,-46.3964,39.7391,123.9438,64.9125,82.6962,35.6749,-72.2899,6.9781,-19.4010,53.0289,40.3539,-90.2133,-37.8326,62.1299
-49.7262,-38.5532,-50.2728,-46.3195,-46.7234,-49.3083,68.2513,111.6545,71.1176,63.4118,32.8534,-27.8683,46.9119,-4.5948,49.7473,39.8403,-97.2596,-35.1179,48.4616
-49.8921,-5.6243,-45.8133,-41.2602,-50.4329,-61.3343,58.7153,83.1168,70.1939,55.6701,6.2318,1.7595,41.1603,7.2717,44.8288,56.5885,-73.6101,-35.4654,25.6186
-36.6134,1.8707,-26.4974,-14.8539,-28.7586,-42.2132,1.9244,48.7706,36.5260,53.5510,-13.4125,4.3426,-15.2396,21.0146,21.4985,72.2687,-28.0651,-8.6226,3.6661
-34.5986,8.1837,-5.3838,22.3455,3.9395,-11.0156,-37.0782,30.0104,-6.9961,42.1750,-3.7088,12.5766,-39.7129,26.2567,-17.7591,47.6423,-1.0081,33.0795,-5.7326
-35.8648,26.2368,-6.1935,22.7977,-20.0555,-3.4445,-27.0780,20.7038,-4.3189,25.2768,-12.0247,32.9068,-28.6706,18.3093,-22.6499,17.2050,-6.2592,35.4184,0.8187
-28.3879,29.6666,-24.8451,0.4952,-64.2132,-1.2572,4.7664,21.4239,36.7237,23.0615,-73.5516,37.8699,-36.5270,19.1722,15.7852,32.3549,-13.8802,13.5386,23.3731
-22.0292,23.3197,-24.0825,8.4246,-46.3955,16.6705,22.3138,40.3898,34.6998,22.7167,-107.6338,26.8877,-45.0736,35.4733,30.7956,59.6066,-3.4049,24.1542,31.1697
-22.7070,28.1944,-0.8435,25.0798,-19.0561,26.3055,9.2339,48.5094,-8.7615,8.9255,-60.6687,17.2464,-28.9917,36.7720,11.2123,58.0306,-5.1265,41.8937,1.4477
-22.9606,23.5123,6.0094,10.4830,-38.4142,17.2953,-8.1776,27.3574,4.8529,10.4750,-31.8405,13.8505,-19.3949,21.6099,18.8254,52.7164,-38.1934,21.5539,-18.4315
-17.3507,5.3101,-4.7948,-0.8982,-40.2708,15.2960,-0.4859,0.5537,64.2538,21.5545,-77.7612,15.8316,-23.4475,17.4189,46.8940,51.0015,-58.6273,1.9930,-0.0164
-8.9935,14.1681,-0.6789,14.9433,-13.0860,22.7696,8.4742,-25.4583,60.0681,-0.1489,-108.1361,16.3048,-24.4655,9.7367,41.1540,29.0886,-35.8646,15.4426,8.1897
-5.8454,46.2863,13.7762,20.1849,-15.0073,18.4723,4.1896,-48.8118,8.4141,-13.3228,-89.9873,18.4971,-27.1903,-11.9915,20.5652,14.0750,-3.5601,20.9964,-2.4098
-3.1618,56.5593,21.2119,9.7566,-13.5885,7.4318,14.7670,-41.7960,-4.7185,29.1080,-83.4715,41.6535,-20.0943,-3.4553,16.7318,32.0847,15.8649,5.0621,3.4624
16.7319,49.6947,38.1879,18.6843,28.9269,7.9335,15.7010,-16.7983,-6.2598,51.5833,-81.5480,66.7645,-0.5184,35.5202,0.4341,39.5114,41.6817,6.2552,-2.6093
44.8672,55.4582,70.2844,37.2076,58.9635,12.3538,-31.3796,-16.6122,-31.3665,20.4219,-59.4608,50.6703,-4.5887,39.1933,-27.6204,19.5881,66.2651,21.1503,-39.4349
48.5409,65.6515,87.9479,32.1749,56.8790,0.0897,-53.9704,-33.5611,-35.1818,23.4252,-49.2541,17.8084,-10.4574,1.0186,-23.8403,11.7038,56.0890,12.5246,-53.3853
31.4699,68.1614,81.4103,13.6044,52.4895,-22.1851,6.5548,-49.1277,-31.4540,49.6549,-34.9595,22.7517,38.6875,-25.7042,-5.1128,4.8021,21.2314,-9.4495,-42.2286
22.8006,67.0412,74.5472,9.2699,44.5763,-18.5549,60.5894,-68.1431,-67.7447,20.8440,17.7178,52.9622,93.9777,-22.7196,-11.5125,-20.6160,-0.2434,-11.7721,-50.2002
13.8610,51.8380,72.0778,14.2234,43.6376,13.0580,40.7103,-66.6336,-86.6800,12.4163,58.8591,72.4290,86.6236,1.8156,-21.1600,-9.5072,-4.4319,-6.1490,-56.1320
-11.7124,17.3023,52.3793,3.2447,52.3554,11.7225,5.6744,-37.0166,-45.0498,84.0575,69.3906,69.5662,62.0070,26.7267,-15.6776,40.7561,-13.7216,-19.7327,-50.2922
-24.8992,-10.5252,22.8816,-19.7342,23.6059,-44.8388,-10.4223,-27.0109,-22.9460,110.9035,102.3665,28.2218,60.6174,9.2128,-23.9936,35.3861,-32.5465,-32.8525,-75.6180
-2.7303,-9.1026,25.9666,-14.9192,-13.2404,-78.2699,-26.7278,-33.7348,-60.1232,47.7084,128.3144,-27.1340,50.4264,-35.7884,-49.7122,-32.9952,-38.7729,-8.8020,-100.1195
26.4919,17.9151,65.2494,27.5042,23.2374,-40.3364,-19.6224,-10.7472,-93.8462,1.8966,87.2121,-20.9332,43.0022,-35.4689,-64.2622,-72.3788,-16.7839,37.1935,-66.8021
32.3583,56.5085,83.7086,61.4683,70.6524,6.9925,19.8251,11.1898,-103.8007,-30.1820,36.9483,42.0364,66.4301,5.6998,-67.1545,-71.2754,17.5877,62.9869,-30.9454
18.7229,85.6259,55.5049,65.1729,41.3541,20.9480,42.7978,-8.4088,-118.3081,-102.3569,29.9268,72.5938,81.1839,22.6723,-74.8957,-80.6898,41.9090,72.4718,-50.0731
3.9565,88.7769,28.1066,70.6431,13.7736,34.8986,39.1979,-32.7437,-126.5408,-135.4226,13.1447,49.4264,70.6334,14.0382,-86.6118,-98.1296,57.0702,93.3399,-84.0776
3.2515,81.7397,31.1608,84.3282,43.2851,49.5048,30.5731,-53.2467,-113.4780,-105.5382,-30.9326,19.9115,62.8045,1.2946,-93.1201,-108.6654,73.8547,109.7133,-100.6219
17.2528,93.1815,38.5445,77.3589,50.1305,31.9432,0.3302,-99.5195,-92.0503,-113.0901,-57.0906,5.0497,38.9496,-25.2450,-84.3549,-111.0550,92.9420,89.9866,-104.6092
30.7163,119.5400,40.8731,54.9965,21.0179,5.6215,-46.1981,-127.2974,-68.2625,-144.5597,-66.4804,14.0542,-6.7020,-37.8028,-60.7460,-80.1129,109.9479,49.7438,-91.6933
35.2794,133.7895,48.1367,41.2389,10.7608,4.4559,-60.4091,-88.5146,-45.9895,-119.5318,-76.2668,48.8598,-16.8767,-1.4403,-44.1813,-24.6401,119.0592,24.7041,-81.2936
34.5793,124.1592,40.3704,28.6941,-4.3342,3.7092,-36.8750,-27.1971,-30.6687,-82.0489,-73.7374,73.2240,8.9941,43.4179,-41.0117,4.4366,112.5766,15.9790,-85.9867
32.8481,97.1067,11.7786,10.2773,-35.3377,-19.9446,-7.9191,13.3462,-10.8814,-75.5604,-68.1340,72.4905,14.5253,61.7427,-28.4372,14.4827,91.1684,6.9346,-67.4808
41.4395,61.0913,2.3413,3.3102,-29.4726,-42.2497,13.1286,38.0779,11.2601,-63.7904,-72.9204,71.6485,6.6575,79.9244,-5.3056,37.4481,62.1175,0.4600,-33.3493
60.9940,31.3076,19.2346,10.7535,-3.1536,-40.6186,16.2994,41.5471,10.8651,-65.6998,-64.1186,65.1714,13.4165,96.6485,3.1876,45.1935,36.2365,5.8817,-39.7475
60.3910,28.8308,19.6720,13.8310,-7.1543,-28.0460,1.7460,24.8363,-8.5651,-103.2277,-31.9997,50.1106,19.0498,88.1830,-6.3644,28.6693,33.3734,11.3619,-67.2602
33.1756,49.5181,-0.6155,4.6871,-20.9277,-30.4509,3.8153,8.9404,-23.0670,-113.4293,-1.5446,66.0404,28.7539,81.5711,-16.2386,32.3654,52.0305,0.1712,-74.7146
25.5032,59.3361,-7.5518,-6.2368,-29.4016,-49.8867,34.2675,-9.7138,-31.4304,-91.2524,5.4779,100.4980,53.4079,92.9085,-17.2144,44.8213,55.4071,-13.8734,-84.5904
47.1303,43.7100,-2.6093,-4.3570,-45.6081,-56.7034,56.6876,-35.4007,-34.1757,-94.3080,-22.8218,92.7280,51.7390,84.8181,-10.9023,20.1358,35.3041,-3.5852,-87.5526
50.5385,25.6136,-2.5028,11.6469,-37.3572,-34.5132,51.6302,-54.1066,-28.5465,-88.4182,-66.2050,59.2930,12.5762,52.8728,-6.1974,-10.7094,29.4151,21.0218,-49.5931
33.2656,15.9343,6.0699,20.8843,5.8893,-8.3873,32.2302,-75.4284,-34.9233,-33.5930,-67.1606,48.6165,-14.4771,30.9886,-7.4303,-0.4777,42.8085,22.7567,-18.0080
34.8937,-0.8011,24.6704,5.1408,26.9187,-5.4143,13.5236,-100.7481,-54.9127,17.2513,-22.5652,35.6817,-19.3426,14.1567,-1.3628,24.7598,42.5531,-5.6710,-24.0845
44.0785,-15.0021,24.6456,-22.5024,10.4013,-29.0872,9.0228,-96.9336,-49.1580,51.4505,-3.5872,6.4396,-25.2077,-12.5427,9.7071,27.4424,38.5956,-36.5628,-16.0841
36.2198,3.6130,9.2880,-35.5134,-2.1481,-67.9700,10.4198,-71.6293,-15.1951,98.4830,-32.1783,9.6577,-22.2116,-23.2360,-2.9702,14.0931,65.0733,-49.2264,-0.2478
37.7276,40.2781,12.8519,-29.6025,-4.1425,-92.3928,-7.5190,-63.0450,-2.4950,110.0934,-51.7648,44.2573,-10.1702,-4.4310,-33.6139,2.7879,101.7390,-46.0863,-25.1643
55.4773,51.4523,23.8109,-23.2434,-11.4864,-86.5046,-30.0221,-62.6521,-18.1946,56.0510,-35.3494,55.3794,-11.6549,14.6679,-42.7440,0.9054,111.6384,-41.4050,-51.3297
52.3944,42.5967,6.5022,-27.2190,-15.5800,-82.2875,-28.3277,-61.0781,-17.9454,1.7274,-16.7819,46.7151,-14.8446,20.9560,-30.6281,11.2249,108.2609,-46.0116,-48.9554
37.6958,50.6093,-13.0714,-28.1899,-7.8163,-93.9393,-29.2231,-75.6711,1.5764,-23.0025,-21.5351,60.2960,-7.1620,38.0850,-26.8743,33.0000,118.1703,-52.6417,-67.6792
51.7029,67.0877,7.1310,-15.8967,3.0261,-83.6984,-58.9258,-82.8573,2.2027,-39.1838,-31.8160,89.6686,-12.2156,70.0603,-34.0954,51.3868,132.2460,-48.1564,-96.7728
72.4667,57.5372,32.6774,-10.2014,-0.2800,-57.4415,-79.5025,-57.6174,-10.9491,-25.1443,-20.8739,96.2350,-25.6686,79.0545,-41.4311,40.4177,126.2758,-41.3615,-82.2024
57.7393,27.8268,13.8366,-30.6979,-27.2086,-72.8039,-65.6055,-30.6844,4.4900,26.2172,0.8498,59.3746,-21.1426,43.6307,-39.9884,12.1722,94.7777,-50.5877,-54.8849
24.8394,0.9870,-24.9487,-61.5025,-56.3989,-120.1227,-49.8937,-5.0597,48.9962,73.6285,3.3845,-9.9862,-21.5538,-2.3920,-14.5871,22.3148,53.0435,-70.4870,-44.9601
2.4038,-26.8530,-45.4857,-76.3672,-62.3791,-135.6928,-50.2369,46.8267,83.5259,108.7456,-4.2190,-68.7406,-46.1472,-18.8682,20.3178,68.0176,18.2246,-78.4017,-19.1385
-16.5176,-51.1562,-56.0043,-69.8642,-51.9191,-114.9148,-47.1762,89.1441,94.3107,128.8813,4.1053,-79.4462,-50.1834,-7.4636,25.1559,80.6392,-3.8589,-65.0095,3.7835
-31.9382,-44.5631,-60.1427,-52.1505,-37.1441,-97.9792,-30.6161,86.5721,93.3618,101.4093,11.8920,-59.1429,-12.8616,10.3321,11.8671,64.0947,-15.7045,-44.3187,-20.4784
-33.2493,-18.1290,-49.4185,-39.1291,-26.5491,-97.7714,-12.0822,74.4976,86.0044,52.0392,3.2833,-47.6219,15.9817,19.4896,19.7187,73.5162,-27.5345,-34.1177,-51.5377
-37.9159,-20.4059,-45.2476,-36.4892,-37.1887,-97.9137,-10.4378,64.7212,80.9360,40.3016,11.6844,-46.8955,12.6575,14.7855,29.6810,78.7878,-58.1500,-29.2450,-52.2648
-63.7538,-53.3900,-61.7134,-30.1750,-58.7509,-76.1912,-27.0645,35.1854,82.1391,46.5356,52.5839,-37.7883,9.4173,10.7919,13.8759,45.7033,-104.6670,-12.4531,-57.9875
-89.5073,-68.8039,-77.3066,-19.7329,-69.6785,-41.9930,-35.6409,9.3498,70.5243,32.5201,82.6643,-23.2586,10.7243,19.9539,1.2234,33.8640,-125.9990,5.7198,-74.5973
-88.9046,-49.4504,-85.1635,-26.4044,-92.1125,-45.7670,-28.5399,-0.2494,51.9881,19.6638,66.7192,-14.8130,-9.5069,21.6403,8.7336,56.8308,-100.9049,0.3748,-70.5259
-69.3179,-20.2125,-96.4802,-39.3869,-129.3801,-90.7342,-32.1945,-27.1663,60.8760,5.7724,18.6490,-4.8489,-39.7463,7.6052,6.1183,44.2695,-58.8810,-12.9894,-59.8246
-54.5279,3.0807,-103.0670,-22.2721,-129.5907,-103.3514,-43.4403,-60.9427,73.4935,-46.0550,-27.9890,14.9643,-52.9414,10.1460,-13.4082,4.1598,-23.8035,4.2572,-61.4824
-56.9617,16.2621,-98.5930,15.3808,-95.7768,-59.6187,-32.5582,-66.6712,40.5223,-101.1736,-49.9118,29.2103,-61.2663,26.4126,-24.4960,-5.4471,-1.0602,46.8660,-48.3095
-69.2562,8.1832,-90.7470,32.2801,-80.0940,-25.7234,-16.2937,-62.7542,5.0948,-86.9811,-48.1255,18.6911,-80.6088,8.2781,-20.7319,-8.3510,-12.1557,71.2972,-5.0376
-68.1595,-17.9631,-73.6378,23.6746,-67.6565,-34.9106,-23.6410,-65.0670,25.9425,-19.2886,-42.5604,-6.8753,-93.5005,-34.5700,-7.6254,-25.7120,-51.0684,57.7725,41.0801
-38.1096,-30.5059,-45.8904,14.5158,-36.7137,-48.4527,-29.0116,-60.5873,44.9684,11.6790,-47.9259,-12.0612,-91.2519,-39.5323,6.8548,-20.1877,-53.5040,32.8208,60.8866
4.4222,-6.8058,-23.6964,22.6761,-25.8617,-36.9222,-13.7557,-64.8500,1.3145,-35.1729,-65.0142,23.1435,-90.1888,-3.8587,0.9160,-10.0788,0.4845,34.7781,53.2850
25.2858,32.1649,-6.2644,47.1661,-30.6981,-10.3998,-8.6516,-82.1292,-44.2106,-96.8869,-84.3256,68.3233,-91.7429,19.8454,-20.8668,-30.3797,39.6308,61.4843,43.8091
14.4022,49.1094,9.0977,59.0740,-11.0645,7.3883,-20.3263,-68.6231,-31.2894,-92.8442,-91.9857,75.3903,-86.8427,18.7562,-16.9763,-23.2961,29.0990,67.1632,50.9938
0.6782,36.9757,7.6864,34.2512,7.7799,2.7008,-15.7362,-11.4465,3.6423,-31.2491,-86.8579,48.6288,-77.1177,24.2280,17.3020,44.0423,18.6218,31.7295,61.0885
14.1410,12.5573,2.2056,-1.0052,4.8115,-14.7979,10.7392,53.0367,17.7464,24.2931,-73.2100,31.3984,-55.6254,47.1648,39.3515,93.1065,25.4010,-7.3640,61.7668
43.9172,-14.0008,13.3455,-13.8225,9.2324,-30.6380,35.0342,94.3027,13.9410,41.2995,-45.8870,27.5105,-21.6895,63.4692,35.9358,79.5939,16.1545,-19.5394,60.6600
57.9029,-32.7244,14.0297,-13.5130,7.5042,-39.1762,43.8228,93.1085,0.6302,14.2009,-21.3550,9.3043,-8.4576,56.7388,29.6928,51.0164,2.0431,-13.6220,51.6182
50.7119,-31.1527,-9.5847,-10.0905,-19.0018,-31.8933,30.8136,58.7151,-13.7542,-39.7531,-26.0053,-17.1938,-30.1443,42.3157,23.0656,35.9055,16.1280,1.1531,24.5418
38.3098,-23.0522,-22.5300,-4.6421,-28.4765,-23.3109,-3.2333,36.3763,-13.7549,-60.7098,-27.8602,-33.0060,-49.5233,33.1631,8.4942,27.5723,35.6825,10.7502,-2.5905
26.8255,-31.0598,-25.7340,-20.8434,-24.2769,-51.0210,-29.5759,32.9739,3.2044,-27.4213,11.8462,-43.9874,-42.7930,17.7871,1.6137,29.0708,28.8390,-13.1984,-13.8199
22.8942,-43.5522,-39.9871,-53.4787,-47.0120,-93.5197,-19.9128,18.7473,21.7038,-3.6946,46.7729,-47.4541,-24.5018,-1.7811,10.7253,25.9883,9.5354,-52.0434,-14.1164
37.7272,-47.7373,-29.0960,-51.8922,-51.1346,-87.2577,8.7801,8.6351,21.4924,-11.9144,37.8842,-33.1109,-5.3179,-4.6753,17.5749,0.0675,-12.6554,-50.5121,-0.8940
51.8727,-64.0887,10.5331,-23.0402,-5.5610,-46.3829,20.4325,22.2299,10.2710,5.9681,35.1721,-18.2350,6.9806,2.7614,16.6284,-21.6294,-46.0281,-23.7453,30.7464
31.5071,-96.1123,5.0463,-28.8309,14.5917,-28.0941,16.2394,35.4147,34.8166,58.9933,57.8131,-16.2571,5.0218,0.5233,26.2674,-12.5109,-73.3782,-35.4091,68.9646
-8.8815,-114.7925,-47.2994,-64.7760,-13.8893,-28.9696,19.1054,45.8207,98.3282,99.0892,60.9141,-19.5174,4.6414,-5.9845,47.3026,7.5058,-79.6316,-75.6677,94.5686
-26.8686,-113.2377,-69.4298,-80.5996,-31.0134,-39.1966,16.5651,55.7929,127.8392,110.9303,55.8854,-34.1799,8.5156,-12.5439,55.2612,19.2283,-79.9105,-90.9876,85.6168
-21.9394,-103.0164,-59.5409,-76.6255,-33.0300,-76.2114,-12.2942,24.9885,105.1305,99.3286,68.9295,-53.4148,-7.9533,-25.6519,44.4957,28.1837,-75.8735,-85.3021,43.9714
-18.3044,-82.3772,-58.8485,-68.5928,-34.3964,-106.0938,-34.2286,-31.0208,97.5675,76.4800,50.6906,-42.5964,-31.0344,-31.7779,34.9647,29.3928,-56.1640,-80.2762,20.9139
-14.6854,-65.1317,-50.4610,-47.0226,-8.8085,-85.7223,-16.7969,-42.5613,104.7965,75.9776,-3.6949,-19.9294,-29.5448,-26.6731,31.5086,12.8262,-38.3481,-60.5750,41.8192
-7.6973,-75.4365,-28.4631,-23.4590,21.0062,-49.2252,-0.5129,-36.5591,62.3708,87.5071,-5.9153,-38.2572,-29.5451,-36.2415,21.7778,-6.5159,-38.5571,-28.1829,53.4694
-11.4475,-94.7939,-25.6574,-17.3337,16.2526,-30.0381,-23.5295,-71.3948,-5.4643,65.4950,53.1362,-71.2618,-56.7009,-56.8761,7.6756,-9.7920,-37.8628,-12.2900,31.4457
-18.3082,-91.3746,-27.8314,-11.9569,13.5418,-9.4812,-50.0986,-91.8897,-32.5147,36.6656,79.2480,-64.7139,-81.0918,-53.4157,1.0760,1.0376,-23.5695,-8.1680,27.0909
-3.5232,-71.6683,-6.1491,5.0265,31.5591,10.0929,-48.0490,-54.8170,-37.2536,43.7975,39.4787,-41.0667,-92.1125,-25.9944,1.7600,20.0770,-1.5918,6.8578,48.5874
23.2309,-49.5489,14.7086,17.7848,33.6701,14.5285,-38.9965,-23.3880,-51.0266,46.5626,-15.9845,-32.2112,-107.0950,-2.0162,3.4088,40.0620,28.1746,23.7034,51.0751
35.0309,-30.7887,18.3887,19.5400,29.2266,19.3857,-33.6930,-17.1597,-50.2814,28.1727,-44.1764,-29.1877,-106.1087,3.0563,4.5890,38.8273,50.0837,25.0137,46.7405
38.2772,-33.2191,21.7137,10.6113,35.1183,19.0798,-23.6135,9.1901,-34.3165,37.1623,-29.5048,-39.2987,-79.6822,-14.0903,2.7983,8.0379,43.7522,12.3107,66.2955
49.2230,-49.8353,20.5278,-9.9552,19.5211,-2.4289,-26.9257,40.9879,-29.0666,55.7467,9.4456,-56.9746,-65.2571,-26.2324,-5.0271,-15.3983,36.9242,-7.3767,72.5599
56.8644,-37.8343,11.7871,-22.9679,-5.7791,-17.5183,-56.3737,48.1798,-26.3309,34.0775,28.3141,-34.6922,-68.1365,6.1673,-16.5853,6.0141,64.7103,-24.2440,35.2417
54.2539,4.7775,15.9939,-17.9200,0.5191,-12.0598,-88.3601,53.6507,-16.2150,2.3106,21.9966,20.2987,-62.1431,61.4406,-24.5306,55.2481,105.1082,-33.6414,-8.0137
57.5757,28.8735,26.7673,-19.0847,11.2417,-5.8577,-103.2810,65.0978,-6.1208,-17.1540,21.7937,48.0394,-52.7509,91.8765,-17.0623,93.5632,120.4127,-48.3465,-27.5321
63.9426,15.2669,20.5138,-31.9024,2.0297,13.0193,-101.8004,71.7097,12.3926,-51.9963,36.7616,50.5170,-41.0990,108.3715,3.7821,107.5049,104.7624,-67.5768,-33.3114
48.1674,-10.4843,4.5774,-32.8354,3.0206,45.6872,-87.0051,85.9301,29.3117,-75.1561,69.7906,59.4701,-12.2376,122.8030,9.9047,94.7626,69.8874,-67.8439,-26.1524
15.0030,-25.1674,-11.3350,-26.7659,3.8578,45.3121,-63.7600,95.4093,11.8082,-57.2959,116.1143,58.5419,8.2917,102.7899,-7.8021,59.8917,39.4225,-50.7923,-1.3976
-4.8053,-21.7326,-32.2242,-26.5287,-22.0624,22.6876,-31.3526,76.0215,-8.7880,-55.4105,109.3837,37.7112,-0.3218,60.3918,-10.3699,30.0998,27.1801,-34.8317,22.8949
-6.8241,-7.9450,-41.4525,-11.3723,-29.6697,39.1432,18.5743,59.4585,25.8302,-85.9668,3.2373,14.2039,1.9499,44.2023,25.1719,23.1367,5.1813,-9.1613,28.7772
-9.9162,-1.3743,-24.7224,18.3372,10.0599,74.6701,70.7102,64.7600,73.0450,-85.6447,-100.3125,-11.8876,36.7573,37.2628,60.1444,18.6177,-38.4236,24.9022,23.6348
-19.5845,-11.9728,-10.7677,18.7830,40.4915,73.4030,88.8205,42.9326,56.3469,-65.1601,-60.7440,-32.8773,70.0289,1.6000,58.8813,-4.6570,-65.7949,21.2013,22.2011
-29.5932,-44.7651,-27.2579,-21.3440,18.6093,48.1875,67.6635,-21.0228,6.8100,-83.6348,95.5420,-40.7619,85.0749,-44.5308,39.9910,-42.0443,-77.3672,-29.7154,16.9128
-33.1917,-98.1801,-58.6315,-61.6122,-23.0475,21.2425,42.2540,-74.7656,-5.7636,-112.9773,215.2090,-74.5769,93.1147,-82.0936,29.9975,-84.6741,-107.5940,-70.2459,-8.7429
-25.7251,-140.6165,-74.1683,-71.9508,-27.9579,-8.5445,45.1173,-94.0679,7.4708,-107.9007,225.0251,-138.4972,101.4181,-113.1519,27.7143,-119.1629,-131.0581,-69.4986,-39.3347
-21.0781,-134.5638,-63.3765,-56.3757,11.3997,-17.6806,67.1353,-104.5076,2.6465,-99.6151,196.0336,-149.8314,119.7996,-117.2318,23.9163,-123.7373,-120.7903,-54.1631,-52.4163
-34.9890,-86.8281,-39.7492,-32.4309,34.9578,-1.0487,62.6004,-129.9024,-21.2528,-124.4211,203.3181,-85.2081,139.3186,-91.6051,12.1434,-105.0986,-113.5526,-42.0691,-71.9292
-43.9843,-31.8887,-19.4184,-13.2042,12.9379,7.2395,24.6682,-168.1457,-40.4161,-164.1742,199.2621,-35.1700,128.2841,-78.2876,-2.5192,-94.7944,-110.7146,-26.6571,-112.1360
-25.6909,5.3589,-4.2979,-0.6656,4.9631,7.8975,15.2686,-186.2861,-32.3661,-167.4300,107.4438,-45.2497,92.7325,-90.5334,5.4573,-89.5782,-78.0478,-11.9546,-116.2885
-14.7512,9.0657,3.5790,-0.3483,29.9220,15.4429,54.3661,-151.5644,7.8287,-91.8237,-5.3794,-62.8674,69.4971,-98.6003,42.2576,-59.0856,-60.0364,-13.4178,-53.6145
-35.0721,-12.0937,-0.5665,-20.2368,23.3775,6.2511,75.5047,-77.5715,45.2145,26.8747,-14.4366,-52.0835,63.8966,-91.1591,64.4292,-18.9505,-92.2793,-33.0288,12.6722
-44.1467,-20.1612,-2.0893,-39.6584,-4.8970,-16.7408,54.4886,-3.7622,48.6779,94.6879,38.8058,-39.2441,64.4139,-80.8644,44.1456,-15.8547,-99.8764,-48.4805,34.3731
-24.4191,-7.3509,9.0697,-35.7190,7.6803,-22.2924,40.6545,45.1370,47.8701,97.4619,24.9841,-62.8131,65.5136,-81.2193,25.5049,-32.4532,-60.4447,-42.2781,32.1267
-23.0369,-12.5148,5.9210,-36.6569,18.9801,-31.6052,38.2079,63.9094,77.2110,107.1776,-25.4720,-121.8305,48.4640,-98.0899,50.1423,-6.6269,-61.8694,-39.5373,24.5685
-48.5931,-47.5474,-23.8760,-70.8577,-19.1550,-66.6806,19.1986,77.1817,112.3799,152.7029,-5.6176,-165.4118,13.1040,-115.2379,85.5420,49.4618,-105.5461,-70.1978,31.0159
-57.6575,-73.2899,-46.3578,-108.3282,-46.0422,-93.6182,10.8634,113.8444,131.7088,212.6868,36.6684,-160.7589,-4.9395,-117.7358,93.0301,69.5509,-106.4527,-112.3858,80.2352
-50.0303,-68.0348,-50.2717,-127.8264,-42.7719,-110.1590,25.6669,149.7687,162.5088,275.9151,12.6433,-145.5764,0.3980,-121.2102,91.6885,60.8319,-74.7255,-140.0986,129.7949
-54.3852,-60.8662,-64.1696,-152.5282,-72.1782,-150.3188,15.7469,153.1979,206.4930,319.7241,-13.2911,-155.0713,-0.3249,-128.1031,98.9682,76.2357,-72.0398,-166.3737,109.3873
-61.4382,-72.6278,-88.8866,-171.6061,-122.4965,-186.7539,-23.8118,144.2989,211.0240,308.9417,23.1757,-161.7915,-17.4534,-111.8229,89.4317,99.0735,-78.4572,-177.9268,52.9793
-55.7411,-70.3792,-95.9202,-142.2933,-132.6439,-169.4449,-49.9748,126.2941,157.1004,239.6865,41.3954,-136.3717,-48.0277,-75.8690,53.2095,88.0762,-49.3899,-134.7599,27.7471
-41.5437,-27.9722,-73.7063,-76.2721,-101.6072,-105.4882,-59.2436,76.9855,84.6953,138.3398,-0.9683,-86.3112,-74.3516,-42.6552,14.2028,57.3985,5.8808,-60.4814,14.4080
-13.6411,12.7615,-27.4112,-16.7901,-43.2791,-22.7184,-58.0382,42.2477,19.9065,49.3581,-17.6761,-24.5149,-52.5939,-2.7896,-23.6442,15.6328,54.4311,-6.6073,-6.6567
20.7051,16.9630,24.6703,29.3287,24.7924,48.9914,-34.3462,62.1727,-40.7083,8.1578,17.3190,30.7036,7.5328,39.2917,-68.0894,-48.3540,71.4786,35.4459,-5.5519
28.8855,25.7730,52.5219,63.9732,50.6637,69.3219,-21.2993,59.3733,-89.4890,-13.0968,34.8775,54.0439,25.1802,41.6448,-98.8651,-95.1820,65.3151,76.8671,1.6436
14.9119,58.0186,53.9745,73.9047,39.4067,48.0850,-55.9801,-12.4560,-112.2107,-49.9072,30.7831,47.0426,-15.9094,4.0594,-101.8936,-93.3227,72.4435,85.2048,-12.2894
13.2823,56.2699,53.3774,64.1114,54.4493,36.3363,-86.2700,-56.9998,-112.0310,-54.4059,47.2995,31.2451,-43.4965,-22.9470,-93.5802,-81.1002,87.3560,62.0398,-4.2600
17.8888,12.6962,50.0775,50.5701,82.7321,31.6210,-59.1880,-22.1495,-104.2549,3.2667,64.0335,12.1723,-33.6640,-21.0449,-81.1655,-68.9368,77.2220,46.5081,32.3929
14.6020,-5.3967,39.9989,37.6570,79.5365,6.8241,-22.6734,8.3257,-104.8104,45.7647,50.8162,-16.1368,-27.1908,-15.5515,-60.9664,-27.8167,65.0420,42.1786,26.5229
30.4004,15.2172,53.4829,35.2859,78.9051,-14.0634,-25.3230,-12.5463,-117.9434,32.3962,20.3998,-45.7277,-34.5896,-23.8954,-47.4850,4.2096,81.7193,38.9373,-19.6172
65.1553,40.2088,92.5956,47.3543,100.9235,-12.9466,-31.1054,-37.5638,-127.2515,21.9959,-18.3842,-48.3492,-33.0673,-35.5073,-47.9707,-10.4859,100.7862,42.6961,-34.5014
71.5875,72.2863,104.9041,49.0976,95.2339,-17.5428,-7.3715,-42.4276,-121.7936,30.4746,-49.2900,-2.9863,-12.4337,-23.9334,-48.0245,-14.2316,108.2359,38.6893,-29.0979
51.3607,102.0397,76.6103,30.8997,52.3476,-32.8919,9.7910,-44.7136,-114.6608,16.9792,-36.7919,63.1225,13.3055,16.6875,-52.4505,13.0493,123.5683,17.2222,-53.1286
51.7263,93.6327,54.3147,22.5848,16.6045,-32.7663,-17.1839,-47.2652,-109.8451,-13.9452,-1.1612,97.7458,13.1094,52.1683,-75.5472,1.8014,134.3146,11.4263,-79.3616
63.9686,74.7568,51.3602,38.2515,3.8097,-12.5935,-63.8458,-38.9468,-95.6014,-46.4478,0.3637,98.3928,-18.2367,61.2125,-98.4530,-42.7645,132.0042,34.6849,-68.5219
48.9021,92.3497,40.5537,58.5667,9.3916,18.9865,-79.9779,-11.1145,-82.4169,-89.6410,-22.4053,108.7127,-40.1448,71.3156,-101.7180,-47.2885,146.3000,57.1670,-35.7786
27.1858,112.4385,31.3623,73.9259,30.7140,56.2926,-54.0873,30.8080,-86.7815,-115.8622,-29.5575,144.3425,-28.4797,103.0626,-96.3459,-23.0950,160.7723,70.1585,-0.7166
31.7594,94.9823,45.6582,87.1647,52.5955,80.7712,-13.9133,60.6190,-89.6957,-99.6230,-31.6346,176.9377,-2.4239,134.9518,-87.1683,-17.5731,127.7012,84.2680,26.0893
33.6146,66.1158,52.6727,91.7281,63.1372,80.5121,16.4784,67.0313,-73.3885,-85.5442,-33.4885,178.1768,21.2534,143.9854,-69.3859,-17.2131,71.0417,91.5502,31.0331
5.4664,45.2798,23.1887,82.3658,50.1640,69.3868,31.3623,65.4480,-63.6830,-101.7383,-2.0108,154.9507,33.9853,132.3875,-57.8797,-12.9788,34.6623,88.9166,24.5846
-17.8759,22.8021,-9.6057,62.9947,2.8007,61.2718,36.5821,56.1292,-77.7014,-112.1557,52.7435,143.1240,33.6224,119.8633,-59.0633,-20.0276,7.5726,81.2514,17.2619
-6.0729,8.1342,-10.4085,41.5763,-32.6824,61.1723,52.6194,37.7706,-84.0963,-104.5594,70.7186,149.9135,51.2887,127.1887,-48.8258,-15.2088,-12.3797,61.3414,-12.0613
20.7140,9.6713,9.5017,32.9740,-1.9531,70.3887,87.5515,39.2115,-65.8887,-97.8912,31.5625,134.4194,97.5498,143.9519,-21.7795,14.0488,-5.1208,41.8442,-57.3892
43.8586,14.3363,34.4934,41.6951,43.3859,72.7014,106.7662,62.2183,-55.4692,-84.2873,-22.4036,83.9343,114.0108,130.7355,-6.3952,20.9451,8.7321,48.3319,-70.7247
61.5824,16.4625,55.1229,44.9112,28.5405,52.5298,88.3715,59.5308,-69.7158,-61.8519,-41.2794,38.3727,77.4234,78.4211,-11.2414,-14.2661,2.5596,60.7955,-48.4191
56.8989,15.3824,49.0503,29.8355,-8.1537,26.3247,72.1301,18.3338,-81.4333,-55.9271,-16.3709,18.2512,55.1968,28.1405,-15.9830,-46.1058,-10.3647,49.3216,-39.2679
31.0211,10.3568,26.7199,21.9626,1.6010,14.2651,89.9636,-26.7497,-78.5215,-63.4290,10.3365,20.8401,82.5738,18.3749,-14.2900,-44.5804,-18.6264,36.7719,-61.3261
27.0383,13.8711,34.0941,41.1406,46.4150,11.6580,109.2438,-64.0027,-80.9095,-58.1657,-5.6187,53.5351,107.2956,42.9629,-20.3191,-33.1170,-15.0819,49.0340,-84.6220
54.9255,20.1532,64.7743,69.8485,86.2408,17.1745,88.9202,-93.4963,-90.4349,-42.7619,-48.5098,84.0196,83.4060,60.9863,-40.2886,-44.7813,14.9329,71.9848,-78.5367
68.4519,0.3448,73.1433,88.5051,100.6469,41.4045,30.9976,-91.2946,-96.7866,-33.6892,-57.3639,55.5286,22.2307,42.8694,-64.7782,-80.7772,41.3616,96.2032,-44.8119
54.1625,-31.7771,69.4930,101.7421,88.8820,78.4707,-33.6437,-58.0171,-118.1329,-38.9360,-6.2679,-0.3108,-33.3670,9.8556,-87.9647,-117.2696,27.1101,125.9611,-14.8997
46.5111,-31.3716,84.6435,117.3859,85.6456,110.6455,-65.7816,-32.7827,-161.0539,-67.2573,55.7118,-5.6209,-45.1694,1.8406,-109.3163,-138.7339,14.0728,148.0065,-4.5413
50.0019,-3.9249,96.4067,127.7406,110.8304,128.4376,-50.4323,-27.1216,-180.9963,-105.7285,62.4928,23.6833,-25.3723,14.0440,-111.9469,-137.9461,37.4551,148.6542,8.1242
40.3006,10.9541,84.2589,121.0075,121.3260,128.5995,-25.2066,-20.5561,-146.8774,-113.4026,17.1011,23.5203,-22.7165,14.7397,-78.7410,-103.9434,42.6860,133.3374,30.0017
17.1599,7.6376,67.0865,102.5149,96.8432,118.6289,-21.1369,-9.9984,-91.1736,-80.0955,-24.8808,2.6622,-38.2630,5.4001,-34.0380,-53.4129,4.5944,114.0672,37.9592
-4.1028,7.0213,51.7674,91.6882,83.6679,114.3804,-3.0235,-1.8672,-58.0366,-47.0196,-45.4522,8.0074,-24.7817,12.0979,-16.2198,-27.7106,-16.9262,103.9523,32.2819
-9.1521,12.8093,39.5709,90.0767,97.1256,113.2029,57.5462,5.5845,-54.9861,-42.8859,-59.4018,38.2299,28.1550,38.4158,-15.1914,-25.4917,-8.6382,101.7255,23.8497
11.7080,3.5529,44.6467,74.1784,96.3350,98.5071,110.9247,1.4583,-63.8153,-51.6067,-45.5722,54.5328,81.8116,60.8385,-0.7172,-15.4382,-22.9504,81.6563,-4.7694
33.8915,-27.9941,44.4504,35.9698,64.7973,72.5753,109.7981,-20.9959,-60.9428,-59.7382,14.3701,44.7866,105.3495,61.8952,16.5426,-5.7091,-54.5404,35.7988,-44.6348
21.3951,-41.0526,8.5006,-1.2322,25.0310,48.1065,92.8809,-30.1967,-38.4494,-72.5845,66.2995,44.4464,104.0361,51.8628,19.7166,-7.7790,-52.7017,-7.5236,-41.4485
-9.3984,-7.7369,-31.7803,-21.6614,-2.2471,25.3542,112.1124,-1.4945,-6.2674,-69.8724,48.7159,71.1565,99.9142,45.0117,26.4108,0.5566,-21.8060,-32.1399,13.8328
-26.4131,21.9638,-49.3704,-34.9304,-16.2692,5.8502,140.8903,33.9132,36.4150,-20.0715,-17.2115,78.3617,92.1684,28.6708,43.6786,11.5276,-2.4854,-46.7878,70.6564
-40.3957,11.2040,-70.3313,-47.1962,-37.2156,-5.8137,131.1634,41.0232,81.3888,47.6413,-67.1133,43.3863,60.8987,-6.1336,48.0273,-3.0712,0.1042,-51.1164,100.1088
-50.7887,14.4308,-86.8966,-48.3338,-66.1173,-19.7134,101.2331,28.9299,84.0552,68.1551,-83.6631,23.8998,20.5383,-30.9051,30.6547,-22.4576,18.1516,-41.4619,104.7480
-27.4542,62.2959,-61.9036,-34.3765,-60.0332,-39.1829,92.6456,10.9961,42.7366,46.8792,-105.1508,49.3381,9.8965,-25.6760,8.7181,-23.4998,71.2031,-31.0055,88.8090
8.9480,96.6524,-25.0772,-22.9317,-13.1323,-47.5600,89.8037,-13.4372,32.9248,51.7751,-146.3936,73.7849,20.9389,-13.4722,-2.8849,-21.6087,128.7543,-36.7503,70.4957
10.6194,86.1013,-22.0606,-36.2835,6.8725,-51.1505,49.9853,-25.4266,78.2990,101.8243,-155.1100,67.1622,11.5376,-17.0902,-0.9952,-10.6087,142.8376,-65.2532,64.2565
-5.0128,60.7394,-32.5334,-69.4228,-29.0364,-77.4050,-17.9907,-7.9201,111.8527,150.4041,-103.1083,29.1125,-21.7603,-36.8350,6.5988,18.3217,115.1240,-101.4071,51.2547
-1.8410,33.4403,-36.3056,-90.4095,-67.6791,-111.0162,-60.2283,10.9727,110.7765,160.8686,-57.4127,-37.3013,-45.9913,-66.6504,7.6983,20.6983,84.9918,-111.5761,22.1071
4.9714,4.9748,-47.0993,-86.7185,-75.9685,-112.2077,-49.3694,-0.3750,115.5325,138.4421,-66.8655,-87.4533,-41.3778,-88.5521,8.4604,-15.8030,61.2806,-93.4423,2.3546
1.0968,-12.1425,-57.1133,-83.1502,-77.4202,-95.4597,-17.5657,-27.6386,125.6415,108.7930,-77.7943,-88.2645,-23.2848,-88.5869,26.6472,-25.8908,27.2182,-86.8532,-1.2835
-4.0145,-27.2191,-57.6887,-90.9758,-85.6000,-95.5477,-11.5526,-41.8827,117.8072,86.7939,-51.8449,-92.4212,-25.4929,-81.1933,55.5873,16.2041,-11.5717,-97.1260,-13.9848
-21.1849,-48.9728,-66.9855,-84.9378,-83.7972,-84.0897,-23.2064,-29.6738,101.6688,64.8807,-27.3475,-122.7303,-44.3710,-67.6679,71.5259,65.5731,-37.7319,-82.9248,-36.8562
-52.6524,-59.0567,-81.0504,-59.9323,-63.4499,-25.1597,-7.5778,12.9118,80.3494,43.0213,-11.6211,-112.1651,-34.5487,-26.5430,68.2467,93.1597,-45.1272,-46.9350,-37.7341
-62.3512,-63.0874,-82.4868,-52.0622,-45.9830,32.1478,29.4548,66.9621,49.5045,38.1139,31.8005,-60.7133,4.1394,18.5775,55.2185,92.0641,-34.4391,-39.4476,-6.0200
-41.5963,-77.2870,-84.3082,-72.2289,-59.6321,25.5467,44.1074,95.0976,25.7362,35.4711,88.9400,-43.0619,23.0147,24.3303,39.8908,62.1822,-18.2872,-62.0764,22.4132
-27.3844,-72.0838,-89.8397,-81.5768,-88.7510,-6.9799,41.8619,86.4652,6.8855,-2.3440,113.6448,-46.9640,21.3100,13.6026,29.1131,38.6139,-12.3530,-67.2783,14.2637
-31.7705,-37.0000,-75.7375,-59.4679,-83.0251,9.3935,47.9207,61.0095,-18.2726,-53.7436,98.1155,-25.5875,27.0748,22.7260,30.9102,50.1817,-12.6375,-45.6721,-10.2987
-31.4627,-22.0252,-44.8083,-32.5069,-37.2821,60.1459,36.1984,39.2362,-24.0645,-57.8080,67.5476,-13.7584,21.2510,31.1028,40.1648,70.1662,-9.7186,-28.8041,-14.0285
-14.9604,-36.2536,-13.4776,-19.4084,5.6808,82.4396,-5.3984,42.8320,-5.6788,-16.2044,50.1616,-23.8257,-0.9389,31.4146,38.0086,72.1333,-5.9770,-25.7045,-3.2013
7.9913,-29.1642,18.7875,-10.4684,28.4127,78.9189,-22.7802,78.4555,5.3140,16.3722,42.4027,-0.5416,7.7661,52.7229,23.7448,66.2576,0.4550,-24.0142,2.1349
17.2919,4.9486,32.3010,-5.3738,34.8246,85.3446,2.1729,103.1884,27.0169,13.8053,6.3544,48.0095,42.5665,78.7758,23.8844,61.2605,11.7791,-27.3150,10.4142
0.2180,27.2247,8.3768,-9.5497,17.1202,86.9058,14.1758,74.1072,73.8484,-9.0088,-47.7049,63.0138,42.7240,71.3114,42.3471,59.0997,12.4832,-35.6476,18.3436
-24.7642,29.7087,-11.7737,-2.6336,-6.0681,68.8379,-6.9036,17.8214,75.8582,-23.7786,-56.3460,50.9666,10.8255,45.0267,38.8701,51.4174,-4.0211,-20.1793,4.0822
-33.0800,25.5849,9.7735,33.5422,9.2937,72.2712,-27.5504,-16.4089,22.4529,-13.5876,-28.8507,44.6645,-0.3502,22.5041,-3.3897,3.0251,-22.1863,31.0760,-12.1337
-31.8709,19.3534,42.7219,78.3411,57.6135,114.8026,-40.3856,-26.3371,11.9094,2.3506,-35.0838,41.7393,12.3281,-1.2834,-42.5133,-82.0593,-38.7076,82.2181,3.6209
-31.0840,17.9550,58.5454,106.9895,89.9219,153.3750,-58.9041,-31.5475,43.5366,-7.5330,-68.5785,41.5883,12.2624,-11.6265,-50.8731,-129.8345,-53.4982,108.6855,23.9628
-20.4298,22.9669,73.4609,123.9958,94.6013,171.9125,-78.0055,-38.4363,20.3674,-33.0940,-81.2988,39.5140,-14.2248,1.2563,-50.2489,-111.7330,-47.0885,128.7025,10.6029
-4.3056,26.1266,95.7078,137.5314,103.9392,190.1429,-95.2517,-49.3619,-35.8928,-37.3834,-83.5858,15.4082,-47.3787,1.1161,-55.0186,-87.1689,-21.4302,148.2993,-11.9881
3.5253,29.8647,120.8439,149.5739,142.8404,197.1233,-117.8664,-58.0096,-46.4578,-13.5339,-91.1230,-7.6068,-60.3600,-18.4311,-61.5682,-89.1603,-4.9214,154.4517,-11.0339
14.1894,37.3136,154.9317,170.9780,202.3227,189.0242,-142.2507,-50.5078,-43.1630,12.4056,-90.4872,6.8320,-55.1677,-10.4040,-78.6931,-91.8790,4.4644,163.2626,-5.5250
31.5035,38.3812,181.1670,194.8529,240.1561,198.3932,-163.8737,-38.5218,-64.4678,14.3898,-90.1702,19.0161,-59.1993,19.0366,-99.5752,-84.4930,24.3485,185.4310,-23.6305
34.1970,35.3178,170.8024,187.1266,223.5821,211.3266,-173.7531,-49.3668,-71.5580,-11.5298,-96.8153,-17.7163,-71.3866,13.0594,-90.3911,-69.3472,38.1794,182.6907,-58.3495
28.8307,47.1339,144.9171,148.2857,180.0195,180.3285,-146.9646,-77.4462,-64.3728,-45.8235,-95.7817,-54.4785,-61.4790,-18.0347,-51.9526,-39.6330,35.0388,141.0535,-84.9075
41.2570,69.6545,138.2533,118.1827,155.2756,127.2621,-90.1397,-93.5078,-73.0992,-66.5066,-94.8831,-37.8866,-30.2414,-22.7381,-24.5177,-15.2180,36.5678,102.8448,-87.3046
53.4232,66.6774,127.0147,90.5216,135.0390,92.6190,-52.2671,-86.4483,-62.1529,-55.3267,-85.6912,-12.7392,-7.0056,-16.9137,-13.2711,-15.3360,37.1705,68.9491,-64.6871
37.7088,22.9196,78.3424,22.3111,80.3938,52.3564,-43.6690,-57.1425,-6.2589,0.7706,-28.3631,-29.4271,2.3604,-37.1728,11.5589,-8.0063,14.1095,-5.7328,-26.3442
17.1254,-20.3948,19.8292,-63.3007,10.1266,-2.1424,-25.5699,-4.8299,52.5627,69.8784,38.2997,-53.7407,14.9731,-55.9394,47.4057,23.7722,-7.7754,-97.6583,12.9941
10.9246,-21.8289,-16.1886,-106.0477,-38.0399,-33.6124,8.4318,50.0370,99.3707,91.9503,33.1932,-47.7595,34.8047,-47.3212,70.2605,41.6328,-8.0672,-141.0746,39.1560
-12.2863,-9.3069,-53.6610,-121.1866,-80.2541,-50.7806,34.4486,75.0966,159.2633,82.8049,-10.4043,-39.3883,44.2915,-44.6233,92.4687,46.6297,-27.5420,-151.2631,56.1323
-67.4900,-30.5204,-113.2469,-156.6603,-134.4023,-77.9237,63.4566,83.0949,222.8018,118.1642,-21.8028,-57.1289,35.9005,-61.6318,140.3983,92.7251,-86.2317,-179.8230,82.5914
-115.8711,-68.3718,-161.9923,-190.6360,-165.8281,-83.4207,112.7397,118.3888,258.6042,185.3276,-23.5351,-82.7715,34.3527,-64.3138,190.9706,160.5446,-136.2732,-204.8403,114.8107
-124.4117,-87.6748,-171.6781,-186.9137,-158.2992,-61.6498,150.6663,166.9267,254.7699,196.0529,-23.6447,-97.1450,54.6799,-52.6653,197.1024,163.1014,-150.1787,-190.3908,130.2569
-101.3930,-104.8047,-159.0440,-169.6075,-147.6343,-58.5296,146.2729,163.8548,220.1657,141.8525,23.6927,-99.2110,69.5132,-54.9755,166.6750,99.6652,-158.2214,-166.8478,127.8474
-73.1513,-134.2962,-143.6604,-157.2586,-139.4136,-62.7541,122.0785,106.4594,188.4397,83.0488,79.6473,-82.3776,63.7281,-50.5161,147.6300,57.4846,-179.3225,-157.4520,115.3747
-61.2411,-150.6197,-127.3004,-127.1984,-106.3018,-30.4353,108.1286,57.7271,185.2041,36.4564,70.7635,-53.7817,59.9332,-14.8576,149.2041,63.3791,-199.8652,-132.2706,88.5955
-66.7240,-142.9195,-114.0373,-84.8710,-67.9286,13.0506,101.0521,37.3995,183.0348,-2.1752,32.3168,-44.3547,60.0103,7.0099,142.9373,61.1395,-205.3752,-86.6490,63.9698
-70.7860,-122.6724,-101.5856,-58.6094,-49.8731,31.8722,93.2075,17.0166,151.6451,-13.9129,18.3041,-59.4503,50.9240,-21.8244,118.0531,20.4492,-184.3234,-53.2858,64.7943
-63.7635,-91.1666,-77.0834,-38.8213,-23.2871,43.3087,87.8197,-5.9319,110.4272,-7.5135,7.1915,-70.9403,51.2445,-57.2172,87.0169,-24.3534,-141.1915,-32.6883,64.0951
-49.7435,-58.7267,-46.4181,-12.8844,13.5909,51.6564,76.7634,-21.8724,81.0991,-19.5225,-12.4141,-65.2206,59.8309,-54.1727,63.7276,-34.3493,-104.9934,-10.1286,31.8929
-22.6874,-40.9118,-22.0394,2.3333,19.4384,42.6879,54.8467,-34.1436,54.0167,-41.8574,-28.6129,-46.2313,39.6752,-27.5168,53.5822,-14.5650,-80.5804,3.5764,3.2992
17.7847,-22.6309,7.9798,13.2714,16.4837,40.4695,42.9330,-26.9515,13.3289,-36.1398,-54.5757,-14.1652,7.6117,1.7895,38.4566,-2.0245,-35.9176,14.8905,8.1543
44.8283,7.6519,46.9993,41.7677,49.5816,64.4106,46.7261,0.9043,-44.4394,-14.6911,-69.3360,18.3894,12.3200,25.6517,-2.3998,-20.7781,24.3079,45.6589,12.0260
41.0311,29.0599,67.7401,66.7092,78.2637,83.7108,36.9777,0.1963,-93.9775,-28.7616,-32.1686,26.0989,32.8647,17.9858,-43.9926,-60.9490,47.6220,73.0077,-2.7416
22.6962,40.1180,60.8621,67.5159,65.5922,73.6199,9.8827,-36.4568,-100.4636,-78.9003,10.5126,6.4490,25.4548,-30.5473,-52.1598,-101.3450,29.0720,72.6755,1.7147
7.5610,62.0147,53.9668,69.6587,59.6795,53.9582,-4.6492,-45.8443,-84.3128,-102.4037,-2.6007,-13.1416,0.7885,-74.7859,-45.0266,-119.1064,23.9118,73.0075,38.2406
0.0785,83.6147,66.5748,79.7701,82.3861,50.6004,-10.1293,-17.3233,-92.7855,-64.2441,-26.0040,-7.7465,-22.2990,-74.7098,-45.1498,-89.5541,47.0404,80.3939,70.0659
1.0177,78.7137,84.0444,68.0188,92.0833,53.3063,-30.9255,0.0075,-106.4395,0.7593,-4.8125,8.6227,-42.3625,-54.6159,-37.8675,-30.1512,57.2015,58.8366,76.2893
-1.7788,48.7585,77.5472,38.1709,77.4220,28.9559,-46.5647,7.8586,-83.0529,57.8006,25.3070,-8.5343,-46.5871,-58.8623,-24.4958,-2.7706,35.5402,24.4009,70.0624
-19.6665,11.9102,41.8985,20.3045,51.5919,-15.9648,-29.7831,25.9046,-46.0387,100.1806,25.1544,-59.5460,-34.3936,-82.7632,-24.8670,-24.0290,1.0457,23.7158,58.4596
-30.3489,-8.9829,11.6708,16.7478,19.4402,-31.8374,-2.9423,27.5345,-28.5519,99.2038,7.4674,-80.8915,-22.0197,-84.4476,-25.4369,-44.0878,-24.8930,38.9311,37.5805
-10.2067,0.6177,13.4424,17.5253,10.8926,-15.4344,14.6851,14.3182,-22.6779,38.5468,-11.7961,-44.0791,-6.9265,-46.9682,-9.5218,-30.4170,-22.5859,33.1646,21.6442
17.2958,22.1276,23.8214,16.5868,35.6531,-15.1171,33.9866,21.4503,-26.7279,-19.6780,-17.5112,11.3399,9.6397,5.0915,5.9862,9.2760,11.1266,12.5171,28.9888
19.8222,30.6681,19.7410,0.9518,43.7455,-35.8326,43.9032,28.0835,-36.2698,-13.5896,8.5045,60.5696,16.0113,42.9989,11.6453,59.0263,37.4807,-17.8461,38.4684
7.2502,28.7452,13.7286,-22.9859,21.6359,-52.5779,28.4994,8.2779,-24.0034,25.9075,48.0107,97.7584,27.2918,57.3297,9.9544,82.3367,27.4841,-51.8909,17.8888
6.8768,19.1671,9.9237,-28.4791,9.3745,-69.4727,10.0025,0.6984,-5.4764,40.8976,66.1277,94.9119,43.3854,52.3406,-10.0964,49.8538,16.2933,-55.0463,-10.2896
25.8409,2.6671,6.9439,-16.1527,5.6356,-70.4476,-0.7248,18.1345,-28.0154,24.8388,64.9815,59.4477,26.0105,41.4166,-38.9475,1.1864,37.8461,-26.1516,-9.0719
50.8103,-0.4882,25.4397,-0.8439,-0.2607,-29.5596,-22.1073,20.8366,-74.9995,-5.4477,62.4889,38.9313,-13.5439,34.9334,-48.7992,-16.0247,60.9389,-1.8696,1.6092
60.1563,5.7194,54.3843,23.0171,20.6773,6.5688,-34.0844,13.2331,-97.7613,-36.3837,55.7606,24.2959,-23.5330,25.0648,-44.9576,-23.1934,48.2258,22.5832,0.1278
44.7025,-8.9443,45.3967,48.2398,49.2083,1.3998,-3.9931,16.0216,-101.7062,-58.9681,40.1702,-14.2423,-15.9091,3.7433,-43.3188,-46.5101,18.7643,61.6188,11.5576
21.6990,-23.8206,8.0525,53.0819,32.1520,12.1066,27.1159,-2.6365,-107.8867,-83.0054,26.2885,-36.8447,-24.8772,-18.4004,-42.2849,-74.3889,12.9489,83.0222,31.8093
11.8350,-3.5970,-1.6123,47.3500,-3.2036,53.4585,7.1061,-47.3026,-109.4005,-108.1335,26.9408,-19.1952,-31.4370,-33.9195,-51.5757,-104.9284,31.1393,75.4239,21.6741
14.2953,13.3611,13.8988,44.5355,-13.5239,53.6176,-31.6753,-65.8454,-101.6374,-102.6410,42.1030,-12.3274,-28.6351,-46.9417,-67.0285,-125.9129,32.4007,66.0181,-2.9887
17.2048,-8.7091,16.5992,30.8022,-23.5733,15.1650,-40.5297,-49.6411,-79.6889,-67.0399,47.9043,-34.8979,-37.7066,-48.6674,-49.0185,-96.1110,-5.5261,53.4070,-10.4432
15.5392,-27.2024,10.9255,14.8818,-34.0543,7.0763,-30.2550,-28.8962,-39.7585,-48.9504,20.1099,-54.3081,-38.0397,-27.4775,-4.3027,-29.2962,-43.4748,36.2645,-31.8395
14.1112,-18.1908,12.9370,20.6754,-12.4576,22.2540,-21.2113,-4.7959,-15.5192,-58.2028,-16.1675,-66.9733,-11.9775,2.3576,10.8776,10.8577,-38.3910,40.1049,-79.5878
14.4040,-18.3689,11.0805,25.0697,1.6934,23.0290,-10.7234,12.1799,-31.7175,-56.6818,-11.7450,-70.3637,1.9210,20.8468,1.7909,24.1742,-19.8419,47.9704,-101.5976
0.8106,-34.2380,-8.0447,4.1223,-37.1511,25.7319,-0.8426,-0.9675,-46.7582,-37.0622,22.4405,-45.1288,-9.4142,30.1498,10.7272,47.2044,-33.3522,29.1512,-88.7522
-31.0581,-40.9882,-38.4829,-11.1428,-72.5621,45.5248,13.4789,-9.9159,-28.2858,-25.4599,31.9439,-19.5535,-3.5971,39.8392,23.2799,62.0370,-54.7009,16.0767,-82.7392
-46.1616,-39.9621,-52.7474,-3.4186,-49.5933,69.0099,43.0549,18.7586,-13.4540,-28.5748,19.6654,-18.7886,32.5565,52.7301,18.2771,51.1302,-44.6132,26.1426,-82.2472
-24.8443,-31.0950,-31.4060,0.0202,-13.9360,77.7095,50.7691,32.5888,-29.7654,-40.6821,39.3619,2.9856,60.1342,69.5058,8.0125,44.0681,-17.4816,17.1134,-78.1475
-6.2917,-8.9860,-6.5046,-5.0136,-18.3586,52.3141,-4.7737,-7.3139,-46.1653,-60.2818,87.7139,52.8634,46.5064,82.5627,-10.9044,49.6419,-1.1715,-6.7844,-97.7069
-17.9423,-0.4983,-16.2463,-2.6315,-41.3001,19.1752,-65.4613,-43.3465,-30.8488,-69.4309,93.3114,59.5275,4.5624,77.3798,-26.0021,52.4700,-1.7913,-4.4922,-118.2285
-30.8553,-14.9700,-36.6152,-4.2890,-43.0188,32.0897,-48.2503,-30.4420,14.4409,-45.9078,21.9131,21.0016,-24.3900,58.0652,8.8415,68.2799,-14.6906,0.0978,-78.3059
-26.5547,-12.0396,-37.7280,-17.8617,-33.2455,55.8023,7.2508,-2.3799,65.5666,-5.4589,-72.8888,12.8685,-29.2662,52.0394,69.8599,109.6399,-19.5241,-21.8457,-12.8913
-21.7685,13.2716,-38.3783,-28.0777,-45.6420,29.3383,16.0517,15.3358,91.2792,15.2509,-115.0216,39.5229,-31.7656,71.6762,83.0208,144.4225,-3.9548,-38.1050,-7.7990
-21.6264,11.1580,-46.3676,-37.1041,-69.2264,9.4460,8.0600,39.1337,90.1274,23.7415,-92.7732,41.5809,-20.7509,86.9920,67.2319,144.1347,-2.0439,-40.6092,-36.2906
-24.0215,-25.6752,-50.9191,-56.7070,-70.7062,40.4457,50.2058,62.7389,95.7735,60.1774,-68.7157,9.5706,15.1009,63.2813,83.8050,119.7742,-33.6271,-56.9075,-13.0800
-34.7994,-48.0499,-69.1949,-73.6244,-71.7189,37.7664,96.1598,52.6479,118.7282,109.5387,-95.5367,-20.2224,18.7005,17.7752,106.3770,96.6788,-49.8663,-71.3302,40.5006
-43.0113,-33.2610,-97.5220,-73.6493,-101.9005,-21.0082,77.1946,11.5960,131.1972,112.7929,-142.0906,-23.7386,-32.5820,-1.1892,94.8844,91.4182,-23.7140,-62.5386,44.9699
-37.9274,-5.1996,-93.9739,-60.4614,-114.9322,-38.5586,36.3557,-13.1374,121.1804,74.4547,-149.3697,-0.0138,-58.4183,13.9423,74.3543,94.3584,0.3398,-49.4676,15.2098
-30.1646,12.6690,-59.7093,-33.2738,-71.1450,-3.2116,27.5967,4.2290,104.2481,49.9997,-128.7411,28.2314,-31.9359,26.3991,54.5079,67.6076,3.0231,-31.0474,22.8214
-15.5206,22.6761,-27.9456,4.7426,-24.3686,16.0216,7.9305,27.6990,85.0760,40.0007,-126.0080,34.8096,-32.9590,14.8552,14.3330,-0.7823,19.2288,7.9596,61.4559
12.8777,35.5345,-4.4744,26.6635,-25.0396,21.3262,-52.1722,12.9210,59.2710,13.7735,-132.9898,26.1156,-82.8226,-3.8708,-21.9468,-51.7126,55.9914,33.6246,70.6412
24.6946,44.5445,-0.3384,16.7944,-43.6319,30.6113,-87.0828,-23.9959,36.0576,-12.2915,-123.4774,23.9668,-115.7818,-0.6869,-16.1346,-20.4827,83.4049,17.8324,41.4581
10.8501,40.9067,-20.3034,2.1325,-42.9256,20.7041,-59.9336,-38.8870,21.9156,-21.5542,-112.1233,29.6073,-105.0507,29.0495,8.4731,53.2456,89.2297,-0.2334,5.0634
9.3311,41.3230,-18.1954,9.8018,-27.1165,6.5089,-32.8440,-28.2631,10.5784,-29.6093,-107.5303,33.0471,-75.8501,47.9518,8.1106,67.8031,78.9730,10.7112,-20.4495
14.1619,58.7302,11.8799,21.4467,-17.7660,13.3723,-45.9647,-7.0708,5.3318,-22.6788,-92.3853,29.7480,-57.4585,26.2754,-8.8324,27.3167,64.1604,21.4141,-15.1594
-9.2105,74.6555,8.3847,12.2806,-25.9212,18.4163,-58.9394,30.3595,9.7875,14.1217,-79.2293,17.7623,-70.2118,-1.9127,-10.0885,27.9023,71.4206,11.3119,25.0803
-21.0922,76.9970,-13.0181,0.9742,-31.7881,16.3865,-48.0988,68.1593,-0.1661,35.8287,-86.4803,-1.0239,-87.4564,0.0655,-6.1343,59.3545,107.5669,5.4927,43.8141
18.2925,70.8667,9.6183,6.4631,-20.3146,18.7137,-38.8886,57.8962,-34.0658,17.0729,-79.8918,-18.6252,-61.2865,1.1049,-27.2459,21.5021,128.6130,14.9782,1.4188
48.0272,41.9536,27.0716,4.2681,-20.8962,3.3362,-33.3008,-2.8779,-43.9000,-3.8900,-33.7044,-26.6388,-13.2466,-23.6483,-50.8578,-63.4367,92.7430,12.9555,-42.9158
23.1990,-13.2210,-13.3832,-13.5889,-39.1897,-16.1981,-11.0396,-60.0612,-9.9422,-16.5817,15.9000,-21.3330,9.5913,-37.4160,-38.1619,-94.1270,22.0753,-4.1148,-36.2127
-1.7193,-46.1370,-36.1218,-11.1838,-33.0391,7.2430,7.3595,-87.7238,0.3954,-37.8117,43.0917,-7.3040,20.6949,-27.3822,-23.3307,-90.4165,-21.1259,-1.8631,-26.0465
6.2415,-26.6760,-0.2939,9.8079,-14.1237,42.5863,-7.9895,-95.3178,-37.6937,-39.0659,60.0561,6.3589,36.1827,-25.3634,-47.4851,-110.6800,-13.1370,17.8987,-52.5554
10.8950,3.0578,19.7056,8.8607,-24.2284,37.6186,-29.0912,-73.7856,-45.6642,-8.2553,57.9985,17.5507,38.5623,-22.7720,-64.3388,-107.5352,6.8826,15.6313,-70.9251
1.4779,4.3937,4.7340,0.5704,-23.8212,25.6884,-16.6549,-26.1444,-3.5904,9.5259,25.7546,26.8813,36.4899,4.1470,-40.8696,-61.6604,4.0241,4.2349,-49.8626
-3.3138,-6.2430,8.5911,21.9154,19.1192,38.1903,8.2342,5.7143,8.0183,16.6014,-2.7631,26.3154,42.9468,20.4329,-31.5166,-50.2461,-7.9217,27.1239,-20.9657
-13.0539,-12.0759,24.9463,44.1823,43.0439,45.0332,4.1280,14.5999,-21.7474,54.1546,8.6700,8.1759,34.9962,-4.4486,-54.5505,-79.6859,-17.0300,59.2713,-1.7493
-36.3537,-25.0594,24.1254,38.6170,33.7600,37.5802,-23.4209,37.7863,-33.6655,84.6158,63.0539,-22.9108,15.6132,-39.3902,-60.9201,-85.9113,-44.4416,58.9573,22.7477
-53.0796,-41.8933,26.9224,41.1978,53.9418,33.5873,-41.5872,61.1034,-45.4355,53.6420,139.2951,-47.5669,18.6468,-58.7904,-58.0974,-88.1146,-82.8965,58.2111,44.2048
-51.3765,-30.0950,45.0786,67.1592,90.8692,34.2568,-40.4432,32.8740,-91.1475,0.5964,180.5127,-39.1764,38.2695,-68.4545,-82.4006,-122.3049,-81.8898,81.9626,35.1497
-39.5372,16.4452,60.4006,75.1908,89.3114,43.6853,-28.2799,-27.8776,-116.2500,-23.3951,146.6948,0.2865,53.3506,-64.4138,-92.7810,-130.2552,-41.8961,82.8695,-1.1123
-26.3493,45.5842,63.8697,48.6399,68.2026,46.5694,-4.8014,-57.8540,-85.7263,-26.1570,94.5612,21.5638,69.4035,-53.1791,-50.7761,-82.0207,-30.0954,39.8995,-26.8544
-14.9434,17.7730,48.7068,12.1222,54.9862,8.5058,32.2216,-50.5630,-40.3810,-7.7847,75.5580,-10.8782,81.3548,-62.7789,-0.5596,-46.8623,-61.4160,-2.6622,-18.0596
0.5678,-21.4781,23.3605,-12.5312,41.4698,-35.8042,62.9092,-41.5727,0.0086,27.6101,36.4483,-59.8922,75.3858,-82.8944,21.0237,-54.4399,-70.2558,-19.7730,-0.0767
23.4232,-18.7482,22.4297,-15.2749,40.8363,-31.1581,55.2358,-47.9947,26.5282,21.5654,-16.4337,-68.7141,63.9657,-76.7321,25.7930,-58.5302,-39.8098,-25.1662,-8.8129
33.3501,-12.8327,39.2009,-11.9219,50.5371,-24.6092,18.5036,-62.7587,7.6011,-34.2904,38.8368,-44.8549,62.9622,-58.4231,21.2644,-46.4488,-41.8586,-34.9626,-26.9138
14.8034,-46.9072,24.6406,-35.7190,33.2966,-64.4157,8.5005,-61.8695,-19.1171,-54.8340,171.1743,-36.0239,72.8295,-62.2323,21.2810,-35.5763,-94.1152,-63.1955,-15.5815
-4.1149,-66.8818,-11.1626,-72.6973,4.0441,-89.7768,37.8215,-32.8398,15.9650,-24.2487,184.3531,-47.1343,84.4604,-65.7991,48.9480,-7.9208,-112.6836,-100.6264,6.9927
7.4952,-32.4699,-13.4317,-78.0586,-0.9796,-69.4056,44.1036,-9.1629,66.2466,-21.1937,79.6097,-43.8414,74.3969,-40.5997,79.1733,38.9521,-70.0555,-112.8344,-0.9897
29.6347,-9.1360,7.7512,-65.0365,-6.9943,-67.7182,-2.3127,-18.2228,62.5415,-42.0463,52.0868,-29.3826,40.4196,-23.2906,68.8201,49.0741,-44.3077,-102.7111,-22.6886
31.7753,-39.4817,1.2487,-75.5661,-30.5127,-100.7625,-42.3405,-27.4209,61.6194,-19.0780,109.4968,-41.5198,24.2392,-45.4604,39.4509,3.0756,-61.8303,-107.5198,-19.5927
27.1025,-60.6451,-28.9333,-94.4298,-42.1187,-116.5056,-28.3390,-13.2467,112.6860,9.1657,89.1500,-66.3360,38.5918,-63.4659,38.8903,-32.9899,-59.9683,-122.6721,-4.4247
35.1415,-26.4124,-41.2944,-85.5654,-40.2974,-103.6119,9.4517,-8.9016,151.6616,-29.7744,-13.0529,-52.8134,48.4886,-44.3545,59.1558,-25.7186,-27.6862,-114.7290,-2.2905
39.6548,18.2063,-27.5074,-57.6217,-37.4919,-83.2139,26.3695,-30.5073,141.5131,-85.5535,-67.5617,-16.1761,49.9228,-32.5578,60.9019,-32.4247,-17.7709,-86.7355,-2.6708
30.7892,22.6446,-12.9600,-39.3221,-28.6394,-65.6789,7.1486,-47.5085,123.2353,-92.0133,-40.9734,-10.8477,51.2112,-51.6332,38.7281,-72.7743,-33.0190,-66.3895,1.2991
28.3001,-6.4522,-15.3228,-44.4571,-34.1090,-68.3260,-44.4343,-37.1231,120.9519,-83.2454,11.0769,-29.7574,21.3956,-53.8925,27.2608,-71.1441,-43.6502,-70.4419,1.5809
27.9399,-35.1128,-30.6921,-66.0352,-60.2799,-93.9133,-91.6082,-1.2457,142.0200,-80.4093,39.9544,-42.9446,-31.6621,-30.0767,50.7563,-3.5734,-59.4466,-94.2609,12.3704
6.8843,-42.8166,-45.0263,-73.9941,-57.3500,-106.8944,-87.3778,36.9050,182.0529,-53.8408,23.7501,-58.1188,-40.3840,-29.9486,77.0991,34.3918,-83.3754,-103.3546,39.0394
-8.4703,-35.9091,-40.9807,-48.9400,-18.8450,-81.8381,-44.0850,41.1263,177.0028,-31.3392,-1.8032,-64.5549,3.5242,-47.6626,56.8000,-17.5450,-82.2957,-70.1961,45.5956
15.0406,-29.1474,-12.6230,-12.8958,4.1873,-34.8820,-17.0069,18.9721,93.5464,-52.2567,15.9012,-37.1382,36.6699,-36.4473,2.8457,-90.2275,-49.5691,-21.3948,22.8584
40.4541,-20.4856,19.3013,12.0712,17.9557,3.4362,-24.1725,15.9293,11.3743,-72.4770,43.4650,-8.3809,27.8045,-9.1590,-29.9644,-99.0634,-13.0109,8.6304,10.5552
39.0265,0.7659,40.4998,35.2270,55.3283,21.3239,-43.6298,21.4860,-25.7737,-68.2893,30.4280,-1.3684,-2.6758,8.2776,-34.0162,-52.2767,21.9181,28.2448,10.6865
60.3583,35.3822,75.5853,58.5629,95.1382,32.8232,-60.0389,-9.1418,-84.5874,-96.2083,26.0136,28.8169,-20.0075,31.7081,-46.4965,-19.0033,74.8881,40.6229,-9.9012
123.2415,73.1646,134.0452,64.7673,122.6531,39.5524,-70.6174,-52.5928,-174.2054,-156.1161,76.2892,75.1720,-2.0127,44.3673,-76.7119,-41.3416,141.1753,26.5287,-35.7904
160.9799,94.8773,169.7586,56.1410,143.0758,15.5171,-82.3620,-66.5802,-214.7700,-176.4453,126.5752,66.3520,22.3110,9.6474,-101.9846,-90.8106,178.1199,3.7996,-40.6624
140.7560,89.5071,155.6936,53.0454,130.6199,-26.6938,-109.2944,-79.4149,-201.1289,-157.1160,138.6694,26.1154,5.9533,-31.0666,-114.0577,-111.5320,161.0006,8.7052,-50.0655
106.4904,80.0626,126.3501,59.2227,90.0227,-37.0895,-142.2309,-124.5721,-200.2105,-158.9137,147.1031,40.2089,-34.1092,-24.5241,-123.5575,-97.5183,135.8216,27.6650,-74.1066
93.9186,98.7223,111.5058,67.9103,75.0096,-23.2098,-152.4636,-175.0389,-218.9839,-193.7400,146.9033,93.4307,-53.2749,-1.5741,-135.3608,-89.1543,159.9770,34.2133,-80.5046
102.9819,139.4117,112.2915,81.9223,86.3309,-20.1818,-131.8728,-194.2518,-215.2444,-231.5148,87.1385,125.4696,-49.2185,8.8260,-136.7671,-96.2599,201.5764,42.8553,-73.4175
113.6758,168.7934,121.4832,94.0974,85.0824,-9.9198,-92.2244,-177.1535,-175.2279,-243.4615,-9.6458,143.7343,-29.6733,32.3469,-109.2979,-79.4126,192.8595,55.6665,-79.1468
95.8585,163.0979,108.4046,76.1262,69.8605,2.2353,-52.4122,-143.5103,-120.5687,-210.2735,-49.6632,156.6306,-3.9054,63.3330,-60.4056,-15.6809,150.5620,34.4876,-82.3489
59.3724,122.9912,59.7152,25.3233,39.9677,-33.6883,-39.4129,-116.9886,-94.2810,-146.3864,2.3804,140.8732,-6.6319,70.6641,-28.8661,58.6862,130.0514,-18.4925,-73.2068
45.2130,80.4959,26.9198,-11.2646,-5.2272,-80.6352,-51.2407,-86.7632,-112.6452,-83.8333,70.4529,116.5265,-34.5274,69.6679,-34.7044,90.6056,124.5003,-42.9757,-68.3062
37.1415,69.6568,33.0070,-5.0338,-22.2526,-63.9266,-43.8281,-27.9210,-115.0557,-20.6099,65.6173,116.6925,-34.6957,76.0837,-47.3544,78.8294,103.5096,-20.9313,-47.7713
-2.1821,77.6601,24.0896,8.6400,-4.8673,-29.7860,-5.9237,34.6502,-53.3937,49.5454,-0.6539,118.7911,-10.5757,66.7762,-35.6622,64.2370,74.3671,-1.1275,9.1875
-36.1434,70.0857,-7.4752,-1.3420,-8.1794,-41.3650,22.8655,68.0751,14.0991,102.0280,-53.1170,95.6618,-12.2726,39.2926,-10.1768,63.3087,49.5901,-7.1158,66.3578
-34.7856,46.0781,-13.9400,-15.4302,-29.0487,-48.8139,36.7082,93.7895,31.6535,135.1241,-71.3439,59.1911,-35.0320,14.3352,16.3043,68.4540,19.8508,-13.7005,107.6007
-50.7244,23.2138,-18.1233,-18.0735,-31.4941,-23.5787,57.3691,121.7192,43.7961,170.0158,-87.0251,26.9994,-52.9679,-11.0717,46.6156,78.4239,-18.5076,-9.6394,161.5192
-100.0200,12.8177,-57.3431,-18.1158,-42.9313,-18.9303,64.6639,122.0290,84.1378,184.8881,-102.1433,9.2319,-68.5166,-41.8765,59.3907,68.6523,-50.0451,-1.8559,205.7746
-120.1736,25.9864,-79.2417,-9.8473,-64.5208,-38.0076,49.6527,101.3164,103.7563,151.1681,-98.4678,6.1408,-59.7206,-66.3393,32.2269,8.3769,-58.2191,15.0524,192.6485
-97.7566,48.5855,-51.9017,11.0783,-37.2340,-43.3259,55.0814,83.4049,76.8602,97.8790,-80.2340,3.8280,-9.0917,-77.6840,-1.5070,-56.6458,-48.0194,35.1469,148.2051
-74.0240,45.4974,-25.4209,22.6156,17.5785,-45.0045,77.6555,55.6896,45.0622,63.0019,-55.8678,9.6722,29.8464,-65.0638,-1.9474,-54.1841,-43.0137,34.7742,119.3706
-50.0755,28.3672,-12.7995,16.3225,27.5689,-48.4060,60.6040,30.4193,39.9982,46.2353,-33.6547,45.4478,20.1996,-21.6404,11.1565,-8.8664,-44.9388,14.0598,101.7008
-20.2138,33.1575,9.2333,7.0497,14.8728,-39.2548,15.6038,44.9022,58.9503,45.2941,-32.4453,82.8240,4.5241,19.9326,14.3963,19.6414,-33.4057,-9.0268,88.4076
-16.2039,35.9707,10.0726,-6.2868,20.3228,-43.5984,2.3724,75.3415,86.2907,68.2914,-43.7719,75.8519,2.9189,30.7401,25.4861,49.8544,-18.3316,-30.4574,86.7787
-39.9753,3.0069,-27.9662,-28.9058,5.3267,-69.8543,12.7770,85.3246,95.8039,103.2304,-31.7597,43.1992,-13.8384,32.6247,44.1041,99.2779,-26.3574,-45.4168,82.9428
-54.0009,-32.2945,-54.5157,-44.7129,-40.6602,-73.1576,13.1434,90.7821,78.0872,125.4953,1.4151,24.5084,-32.9944,36.1968,44.4327,114.0299,-48.5969,-43.9157,70.7766
-54.4198,-37.2766,-49.3137,-41.4322,-59.4946,-56.5137,20.9684,81.8879,51.5705,126.5556,22.8924,14.8851,-22.2304,14.2997,28.9588,70.4669,-63.6978,-30.0942,66.3029
-62.6258,-33.1271,-43.5443,-22.5552,-35.4778,-62.3729,41.1752,29.2611,21.7337,114.2578,31.4487,4.0097,-5.0017,-24.6673,10.5352,18.9213,-71.3833,-6.9262,64.0188
-72.3834,-33.3549,-39.4319,3.8163,-7.4006,-68.8348,39.0736,-19.7679,-15.7086,94.1600,42.8752,-3.2744,-9.9145,-39.4614,-9.9864,-0.3739,-72.2206,25.3356,45.8040
-68.9705,-28.1064,-25.9852,18.6978,3.5382,-42.8628,17.1840,-19.9361,-42.8931,61.5894,54.0523,-14.7252,-19.6978,-29.3741,-14.1749,14.7563,-65.1928,42.0674,17.5010
-59.1476,-21.6452,-20.7600,8.7621,-4.1919,-19.9716,9.1945,-17.4132,-51.1988,24.4498,61.9923,-23.7825,-21.7898,-18.2699,6.1581,49.4193,-56.7283,25.8033,-4.6279
-50.5402,-14.6146,-31.0980,-7.9662,-28.4900,-30.4794,10.4735,-41.8014,-53.9529,9.3819,64.8287,3.1491,-28.9278,-5.5687,11.4680,63.7315,-37.0572,2.9274,-8.1074
-38.1544,0.2459,-42.2154,-10.7085,-52.5862,-48.5845,1.2504,-62.3523,-42.7319,16.7399,44.0527,63.6718,-40.1129,16.4642,-16.5249,33.6663,2.1441,-2.2672,6.3974
-23.9595,5.6096,-47.6280,-2.3579,-56.9612,-47.8016,-3.9629,-74.8289,-14.6040,19.9911,1.7168,110.7953,-40.9986,46.4620,-36.6288,5.5227,27.2772,4.7042,9.0883
-19.8582,-12.7849,-43.0605,7.7789,-39.1694,-29.3369,8.0715,-76.6778,-8.7062,24.9622,-13.2717,122.2785,-30.4355,79.9949,-27.8617,28.9332,11.6526,15.5558,-11.5987
-23.6492,-35.4144,-24.9340,5.9947,-15.4748,-10.9307,16.7998,-35.3203,-30.0186,52.5956,32.4350,116.4441,-15.8696,100.7609,-12.1084,76.3699,-18.6548,11.0272,-12.2752
-22.5820,-46.8519,-12.7744,-19.6461,-12.6881,-11.1819,9.4310,23.5648,-31.1228,75.1417,102.3631,112.3506,-2.1242,99.4603,2.2979,100.9394,-35.9417,-26.9672,19.4347
-22.5163,-49.7859,-26.6064,-48.7213,-38.2254,-22.1408,6.0914,39.7514,-14.6610,58.8215,138.2678,108.7408,8.1100,94.4791,15.2456,106.8354,-39.4736,-63.4860,25.8065
-34.6210,-41.5121,-48.0479,-55.1378,-62.9786,-27.2288,21.0027,30.1591,-21.9669,35.5549,131.9252,86.4952,16.5335,86.0381,16.9131,109.1419,-32.9319,-60.1554,-7.3546
-45.3584,-27.0943,-47.5697,-51.4376,-61.5233,-36.2550,35.4081,34.6762,-34.4941,52.0719,111.0050,37.5379,21.2023,46.1087,14.4956,96.0338,-27.7309,-45.9720,-19.0061
-43.5956,-24.0975,-34.5083,-51.6150,-47.8562,-46.7636,32.3175,42.3853,-15.5673,93.7878,77.5146,-11.3016,10.0145,-5.6235,21.6215,72.4694,-32.8111,-45.4164,7.8647
-43.6151,-30.1121,-40.1967,-44.3919,-47.9449,-30.5022,29.0870,53.8180,13.6679,111.4688,18.0577,-34.9305,-13.8404,-10.9272,32.0650,72.6257,-30.1120,-31.5675,21.5273
-47.2329,-29.6399,-59.1319,-31.1936,-52.5940,2.5348,42.9374,81.6828,24.6901,88.2410,-37.2988,-42.2912,-20.5924,23.9937,38.5281,95.4944,-10.6512,-5.9994,3.4436
-39.2792,-24.9156,-53.0763,-19.1343,-27.5673,19.0358,56.3722,96.9291,20.1440,56.5624,-44.5029,-40.6041,0.0560,42.7270,38.0336,97.0325,-0.1474,4.4546,-7.7508
-28.2845,-25.5194,-24.2201,0.8464,15.7618,26.2523,50.5154,85.3117,9.5123,50.3414,-25.3761,-20.6582,12.0620,38.9876,25.1148,67.4199,-10.1222,14.8297,13.3404
-30.9271,-36.0518,-21.1660,14.7049,16.1911,33.5565,39.6931,76.3248,16.8219,59.5328,-30.9423,5.7642,-8.8551,43.2242,18.4593,48.9816,-29.7444,30.3586,47.8733
-44.9094,-61.1260,-56.3515,-4.1425,-32.4291,24.2181,48.5567,75.2393,52.8938,65.0714,-42.2225,15.2587,-27.8218,54.6095,41.0642,65.9916,-63.0590,18.5618,65.0088
-69.3490,-89.9669,-92.2510,-34.4177,-66.4239,10.1641,75.8920,69.5845,71.7613,75.1688,-6.6320,13.2062,-7.4804,58.0329,63.7877,89.6347,-101.8090,-9.2716,56.1290
-94.5553,-94.4573,-108.6869,-45.5338,-73.3760,10.8809,95.6088,64.2146,54.9125,86.1096,43.5105,15.3776,28.0811,52.0685,53.1825,82.6821,-109.7126,-17.7160,36.4137
-92.3902,-69.1919,-113.9504,-51.7313,-90.9081,0.6581,90.9558,46.8443,61.6583,84.4336,23.7174,15.5662,32.4084,33.2071,39.0599,53.3326,-80.2447,-24.1188,25.1861
-73.5863,-49.3935,-111.4182,-61.4064,-96.4073,-30.4626,75.6294,10.3985,99.8265,98.7137,-46.3833,-1.0569,6.0423,4.5420,50.0610,46.5957,-51.5779,-41.7268,27.6340
-80.0714,-65.2394,-103.2478,-56.6058,-61.9007,-48.3948,61.2701,-5.5797,95.6926,142.4067,-47.4329,-33.9083,-14.1620,-13.9932,54.1171,69.8857,-55.2158,-38.8776,25.4678
-99.8457,-93.2086,-95.2383,-39.1607,-38.1654,-48.0597,27.8126,11.9129,46.6115,151.7848,40.7985,-59.8332,-15.7285,-14.0326,22.6255,69.7592,-79.3020,-10.9847,-1.3830
-92.0410,-87.8083,-80.5110,-15.2820,-40.1207,-42.6604,-26.6953,24.7517,18.8722,97.7627,90.5861,-55.9768,-21.5431,-0.8885,-19.7563,33.4239,-78.0913,19.8441,-34.9626
-61.9082,-55.9071,-48.3968,22.2403,-6.7429,-16.9238,-59.2112,27.7782,4.9765,50.0233,42.1607,-39.2838,-44.2918,23.3511,-39.6964,23.3369,-32.5844,54.2494,-43.2500
-26.2663,-41.8529,-5.7497,52.4276,47.6249,17.0047,-63.3301,35.4914,-34.1672,43.5210,-6.1862,-44.6725,-69.2304,42.3226,-38.3046,49.7509,12.5832,80.1717,-39.7115
10.8926,-46.9310,25.0571,49.1578,50.4163,21.0600,-83.5047,32.0851,-59.4565,37.2449,3.3705,-59.5610,-84.0242,40.9398,-35.5199,54.7477,22.3582,72.3317,-51.8638
25.3946,-42.7745,28.7980,35.2052,27.6514,18.1099,-110.6691,27.0509,-34.0087,27.8606,7.7119,-44.2053,-85.5709,47.0168,-35.1844,46.5050,23.3396,50.1618,-61.2776
14.1083,-38.2315,22.4797,33.4295,39.0000,42.2692,-92.7289,48.7906,-3.9762,43.2643,-11.0297,-8.7609,-66.1929,76.9501,-22.9044,68.6418,24.0997,40.2926,-45.1089
11.4411,-47.8004,28.1393,25.6056,47.3935,53.9406,-48.4497,68.1922,-5.9044,62.0799,-2.8668,1.6180,-39.6859,81.7666,1.1392,86.1828,-3.6809,28.7947,-19.0127
7.7657,-50.4037,22.2491,5.7407,12.2542,27.9322,-34.4483,56.1225,-5.3959,58.2214,14.0502,-21.2605,-42.3246,40.0249,19.9679,73.2020,-38.3593,11.5344,0.1986
-22.9924,-41.4323,-13.4853,-8.3907,-23.2441,10.3919,-37.2025,44.0111,17.8626,48.2353,2.0948,-46.4303,-59.0234,11.2889,31.8131,78.3654,-43.1877,3.6529,1.8115
-36.0954,-43.3106,-31.0054,-14.5726,-25.0675,16.9996,-15.7564,43.0894,19.5625,38.6082,7.4702,-51.8867,-31.5891,21.3480,35.0821,89.4638,-40.6114,-0.0073,-28.6234
-2.1795,-50.7054,-4.5586,-13.6453,-13.6381,16.9925,13.9597,33.7456,-26.3547,15.7310,54.9361,-49.3161,25.3118,21.3297,12.1860,39.1324,-42.2264,1.6188,-63.6522
18.8099,-49.7394,11.1576,-2.8286,-5.0278,11.7693,19.3083,34.0508,-63.5804,-5.9968,82.1965,-62.1937,39.9553,-4.2550,-19.3887,-29.2559,-30.0906,18.4827,-55.1480
-4.8461,-56.3517,-9.2282,-1.5773,-3.7769,6.1203,10.5583,49.7016,-33.8791,3.2537,66.6534,-82.7792,16.7103,-20.5462,-9.9292,-24.4695,-40.8078,22.9531,-22.1191
-31.4863,-75.5430,-26.6793,-20.2987,-16.8725,-17.2325,21.9073,45.7213,21.3353,39.5237,52.9785,-85.1030,14.6913,-19.8266,34.8738,29.0469,-102.0302,-0.6209,-14.3880
-44.4967,-80.8267,-31.1933,-26.5845,-29.6811,-31.5923,59.1100,31.0232,18.7981,56.7416,51.8420,-75.7354,33.2085,-15.2125,55.3931,56.4820,-141.0734,-3.4331,-27.2851
-52.6154,-56.0659,-31.2664,0.5260,-19.3787,-3.9728,80.5343,29.9414,-37.3308,16.9931,49.1752,-67.7039,41.5814,-6.4902,31.0780,43.1467,-109.1228,35.8459,-41.9344
-41.0213,-12.1279,-10.5520,30.5470,1.8420,19.2737,61.5196,8.0879,-78.0661,-46.5188,49.1051,-38.1415,47.6864,3.3944,-4.7744,11.0715,-60.5876,62.7231,-65.3906
-9.7609,28.0246,16.5851,35.2919,7.5976,4.2809,46.7848,-39.4058,-88.2709,-68.3302,32.8302,13.8696,55.8675,14.1113,-24.4991,-9.0467,-19.6607,52.0275,-86.3180
20.7901,51.6481,27.8196,34.1507,10.4172,10.4085,64.1186,-54.3384,-102.8744,-51.3672,-22.7717,44.8744,48.6084,33.6760,-29.9613,-2.9486,43.3709,45.7686,-84.1949
46.1222,74.1079,54.2861,54.3202,38.6811,60.3844,64.2556,-41.7024,-121.3420,-44.9403,-81.6276,53.4631,33.4413,47.8342,-36.5522,-3.3466,99.3299,63.5047,-71.0074
56.6785,101.9389,89.5816,77.9915,71.4734,81.8665,34.6418,-57.5140,-117.8366,-59.3672,-100.3551,69.8410,29.4509,39.6109,-45.7920,-24.2297,106.6148,75.4679,-64.6277
42.8714,105.6969,70.5334,70.6515,64.8454,52.4902,38.2477,-86.9507,-104.1651,-83.0935,-94.0956,65.9558,31.9086,23.9351,-39.1863,-25.6331,97.8939,65.4381,-68.3445
27.3276,80.7294,22.8026,45.5100,35.3855,31.7639,73.2609,-87.8087,-103.0776,-103.9128,-87.9845,15.8417,31.7971,8.2536,-17.5563,-8.4725,96.2263,52.5769,-77.3739
20.3861,56.8057,21.6718,37.4339,32.1377,32.3001,74.4723,-66.3522,-92.7614,-81.1029,-73.0560,-27.6748,32.8298,-17.4780,-5.3572,-13.4875,62.4321,50.0170,-68.4024
3.6735,32.0990,36.5663,35.7411,45.5055,18.6206,60.6908,-31.7332,-54.0218,-14.3012,-39.5297,-29.2331,47.6424,-33.7430,-3.5681,-28.8885,-5.1166,44.6559,-35.7289
-10.0819,8.8075,20.8805,22.6346,43.6213,1.9880,84.0598,7.6717,-24.5577,10.4105,-4.9393,-19.8078,87.0133,-24.6243,-4.1472,-42.0425,-39.9523,32.0834,-20.2781
1.0588,27.5084,20.7098,23.7995,44.7938,13.1000,103.0065,19.6355,-32.9615,-31.3174,6.4439,-6.4415,128.5299,-20.9880,-24.0497,-86.8165,-14.3201,32.0429,-29.5610
16.2390,62.9319,50.3195,43.4479,62.8291,37.4135,76.0805,7.8965,-48.0093,-47.1501,4.8054,24.5497,131.3974,-31.8227,-57.9824,-142.5755,21.0537,43.1763,-15.2112
21.5825,38.9978,55.8951,40.6767,72.3561,47.6433,55.1987,8.8048,-47.2478,-4.6529,22.5603,48.0897,105.8011,-20.2179,-63.4429,-138.3575,23.9886,34.2487,22.1226
29.0234,-10.2532,38.7251,13.7049,69.9419,37.4229,70.2383,14.0062,-42.4272,33.7361,45.2604,55.6288,93.7396,13.5940,-37.5811,-80.3467,16.3698,2.4868,34.0533
29.4216,-0.1073,33.2910,-1.8343,63.1405,9.6163,66.6163,6.3041,-28.0955,52.7540,34.9309,73.7237,91.0567,32.8258,-27.2134,-36.1039,31.1246,-21.4395,15.2805
22.2178,40.4218,34.2432,-2.2144,35.5970,-14.2307,17.5520,5.8754,-15.5897,61.6594,21.5712,87.0698,75.4104,34.7688,-52.0391,-34.4544,60.0964,-21.7906,-21.7871
34.6794,56.0656,42.7133,9.8135,9.9174,-4.3772,-34.0720,2.4189,-50.3271,19.4144,38.0916,68.4429,52.5990,34.3398,-85.7944,-57.3375,87.9997,1.5064,-72.7992
57.0327,65.9187,63.3446,42.8097,35.2511,26.9812,-62.8342,-36.0898,-96.0156,-61.1125,24.4865,46.4664,18.6466,30.0834,-95.4118,-68.5006,115.3610,37.3846,-94.0596
59.0049,66.6478,67.6150,68.5817,80.3306,43.3744,-87.1156,-76.0342,-66.6786,-89.3094,-40.3149,41.0106,-28.8006,26.7189,-75.3702,-51.7054,124.7447,53.2798,-65.1715
53.7628,34.1734,58.4484,63.4474,89.4044,47.9748,-109.4705,-71.7837,-15.9743,-53.3278,-57.7377,28.0669,-47.9159,30.0374,-61.1788,-40.4775,103.7991,44.5375,-50.1872
52.7602,13.0330,71.4183,60.1578,93.4121,61.1380,-99.1823,-48.9236,-51.5034,-21.8421,-1.2587,9.8142,-15.9274,28.4022,-75.5344,-49.8873,84.7099,48.5739,-76.3303
39.5772,31.3496,87.4357,66.3311,117.9582,65.4833,-48.6724,-43.1252,-115.1094,-13.5116,39.1173,8.4912,31.9889,18.4149,-81.9334,-42.2916,84.0953,57.3416,-92.4654
29.2669,41.5976,76.6474,43.3273,111.8832,40.2440,-6.0010,-49.9957,-111.6103,-18.6545,57.5056,13.3324,70.8207,9.6927,-59.7841,-22.7699,72.0322,26.4136,-96.7715
44.9068,32.6080,67.4618,8.0571,67.5642,5.2615,-11.6010,-58.9176,-90.3401,-45.6913,98.1060,11.8642,89.2304,2.7367,-48.0648,-32.4036,49.7172,-15.5234,-116.1948
63.6486,35.6226,71.9119,8.2093,44.9792,-17.3951,-37.3879,-59.0973,-87.1478,-65.7267,91.4344,12.6396,60.9593,0.3205,-53.8704,-45.9067,51.2259,-12.9474,-109.1886
69.5115,38.9548,62.2293,23.3103,51.4876,-34.5373,-36.9412,-50.4902,-46.5843,-54.8584,0.7946,21.1397,14.0802,13.2595,-40.1114,-29.8241,63.4523,5.3478,-64.8374
80.1076,35.9347,47.4019,21.7365,50.6377,-49.2130,-14.3932,-62.5235,-2.9895,-69.7343,-52.8504,49.7823,17.6139,40.4889,-23.1467,-21.5060,63.4651,-0.7672,-55.9484
96.2570,50.3123,52.3649,26.4144,46.6354,-44.3231,-0.8660,-90.0289,-36.9216,-131.8780,-17.6047,99.6148,51.2906,70.4053,-42.9737,-41.9545,79.1726,-0.6991,-85.6488
105.9146,58.5294,63.7785,43.2441,51.5041,-12.9363,-1.8898,-79.3940,-86.9102,-152.4194,1.2213,120.1845,45.9086,85.5476,-68.2984,-59.7436,108.2321,21.5615,-77.2332
103.7101,28.8565,62.3844,40.8280,44.1124,22.5320,-0.0271,-38.7537,-67.2236,-97.9684,-30.0266,83.3437,17.1060,68.5088,-51.5274,-62.6472,90.3621,29.0983,-29.8932
77.3589,-4.1144,43.3368,19.3213,16.7704,33.2709,13.3149,-22.5224,-18.6844,-51.2105,-42.2434,44.1646,5.0247,35.9833,-7.9763,-47.2335,25.6631,12.3629,8.2508
39.5232,-15.6367,10.4635,0.5346,-7.4135,20.2016,23.7620,-5.2573,14.0328,-38.4979,-34.5757,37.6916,-10.1386,28.5233,26.3115,-4.4514,-13.2117,-5.7975,43.2971
32.2321,-32.2961,-11.5227,-17.8207,-17.6799,8.2314,12.5172,49.9901,45.2222,-9.8976,-37.3796,26.1929,-32.5711,47.1211,40.7431,37.5938,-5.0083,-24.1258,67.5890
48.1334,-53.8124,-12.4905,-41.2233,-31.9379,0.3773,-8.9162,78.2156,59.1980,16.6990,-21.8507,-2.7212,-31.8962,59.1092,44.6486,60.0788,2.0375,-47.9720,33.3889
40.4709,-53.9614,-21.7906,-59.1185,-60.0897,-20.7953,-9.3241,41.5427,47.1905,-1.3446,7.5255,-20.3010,-18.8010,51.9319,55.0135,84.2122,-15.5793,-64.4793,-27.3822
15.6363,-40.3879,-40.0658,-61.0155,-72.2320,-39.7130,9.7448,21.4210,55.5842,-17.6498,-4.7900,-29.5763,-16.1437,31.6921,69.9188,93.2861,-33.7584,-63.2016,-28.4813
10.4129,-30.8836,-31.9747,-44.5383,-45.6071,-25.0034,13.1323,54.3812,82.7874,4.2878,-42.5719,-39.2615,-12.8030,13.2151,63.6906,58.8584,-31.5487,-46.0427,13.3182
21.7769,-21.7675,-6.7509,-15.2929,-16.7982,4.1181,-11.0075,66.1433,64.0489,1.1195,-42.2163,-31.4612,-12.3781,14.3802,27.3194,11.5961,-11.1641,-14.3760,17.4973
29.4352,-9.0033,5.9737,21.6272,-11.3801,11.8767,-27.7435,29.8528,-7.2786,-57.0600,-17.7432,-23.1838,-27.4091,10.7417,-18.5247,-37.1483,8.2555,36.5390,-3.7493
21.8887,3.2185,16.1028,62.5714,6.2873,11.5103,-7.9742,-3.7666,-67.0294,-92.4144,-26.7839,-56.0438,-38.5084,-41.4111,-45.6560,-103.9114,1.5308,97.7640,11.9536
-6.1288,6.9458,22.0011,80.0967,30.0480,16.4815,13.7603,-25.1761,-66.6098,-55.1451,-63.0000,-107.3655,-47.9289,-111.9119,-34.5327,-132.6880,-29.8450,123.6366,49.2134
-33.9233,-3.3139,-2.2397,47.1190,-3.0396,2.6250,-10.2238,-49.0296,-14.2317,10.6067,-79.4372,-117.5155,-83.3163,-134.0017,-3.0536,-89.5080,-47.1935,83.2209,63.9416
-37.9805,-16.5457,-36.8483,0.6083,-68.5157,-18.4070,-45.7337,-43.3099,37.5407,63.6897,-73.9750,-85.2402,-112.3424,-110.2265,2.6938,-59.3112,-30.6682,30.1351,68.8972
-33.2003,-22.0077,-41.1949,-6.9986,-82.2112,1.4011,-31.1559,3.6925,50.6506,106.9582,-78.5060,-54.1455,-87.9048,-76.9909,-13.0488,-70.8879,-16.0552,26.1479,73.9110
-33.5008,-22.8269,-25.2790,-0.1774,-64.3384,40.6131,-0.1746,36.8182,39.5570,131.3508,-83.2115,-41.5692,-49.2953,-44.1674,-7.3490,-45.8697,-23.8302,34.3609,50.5021
-27.1001,-10.1863,-19.5366,-20.7343,-78.4452,27.8350,-16.1361,24.7088,19.0089,113.4482,-46.6576,-38.4665,-46.8168,-30.6789,4.2612,5.1346,-11.3603,3.7908,6.0233
-20.5767,21.9225,-25.0251,-43.3151,-95.5073,-34.1031,-44.5041,2.0646,-18.0513,68.1944,15.2964,-45.4055,-51.3976,-51.5034,-13.4209,11.1659,34.0814,-28.1489,-22.7924
-25.5615,46.3951,-25.2336,-37.8768,-76.0988,-76.4023,-34.0778,-4.0407,-50.8993,36.1763,42.2766,-62.6149,-32.0995,-72.7199,-30.8974,-0.1432,55.0665,-22.3199,-40.5041
-25.8454,52.2181,-7.5120,-20.7727,-45.0665,-68.0367,-14.8879,-4.3580,-62.4235,19.8245,39.9070,-68.2696,-4.6736,-69.2883,-26.0618,4.7776,36.9319,-5.8576,-60.5887
-23.3055,66.4740,16.9010,-5.1091,-18.9637,-36.7624,-6.8662,-10.7982,-89.4366,-12.2412,69.4247,-47.3216,29.8822,-62.4874,-34.4410,-9.7781,30.0337,3.1973,-73.8696
-37.2259,86.5317,18.4952,8.4894,-3.4090,-21.1896,15.1521,-32.6096,-140.9933,-62.4831,124.8152,-22.6367,73.3347,-61.7760,-60.1146,-37.7579,39.0823,16.5834,-95.6384
-41.0670,82.0648,2.7983,12.0096,-20.7615,-26.5024,32.5266,-77.3785,-159.6971,-103.7346,131.0945,-19.3688,83.9460,-58.1281,-64.2072,-48.0517,30.1303,28.3406,-132.3961
-7.9262,59.8558,3.1667,15.1154,-46.2202,-17.3005,15.8891,-125.1701,-127.3982,-131.1377,64.7944,-26.4921,40.5261,-56.4688,-44.2660,-62.1025,16.4778,34.6448,-132.4677
19.8853,39.7454,9.8109,27.7073,-34.2946,21.5242,-0.3562,-147.7659,-84.3267,-148.3195,-12.1678,-28.2689,-8.0555,-55.5643,-19.4463,-75.0115,16.8107,41.8099,-83.5829
2.9146,21.6188,-12.3663,23.0984,-21.0272,44.5677,11.6164,-149.9377,-44.9092,-135.6653,-43.3146,-30.6722,-19.2378,-51.8470,7.1767,-52.9210,11.6141,32.2519,-50.4019
-28.9799,19.1014,-54.6508,-7.1288,-55.6077,21.4500,29.0774,-145.5801,-5.6016,-104.4321,-48.9035,-36.3106,-12.8330,-61.2281,23.5640,-32.7354,6.7230,3.4365,-45.8142
-38.4952,42.5860,-82.1427,-21.5716,-97.5322,-8.1580,45.2279,-129.0760,18.8460,-106.8417,-82.8786,-38.9656,-17.4721,-79.5762,24.2363,-50.6391,22.1560,-3.8300,-24.4542
-28.2137,62.3943,-79.2851,-3.4016,-94.6236,-4.4947,67.8658,-100.6345,25.8553,-134.4202,-139.0943,-35.8770,-22.8904,-76.0383,27.2793,-66.3750,32.0017,21.0647,5.6432
-10.8758,56.7299,-48.6392,18.5987,-57.5288,24.8907,81.0045,-64.4841,20.9325,-124.6736,-155.9832,-21.9613,-9.1270,-48.2322,29.6172,-60.8027,20.6023,41.7045,17.8806
6.5021,43.3369,-12.4834,27.1302,-21.9554,58.3868,79.8154,-12.7821,-3.8209,-92.5924,-118.0286,-4.0613,14.3823,-15.2862,20.1436,-48.9159,17.0885,44.6275,21.6743
16.1660,40.2338,-3.5798,20.5147,-21.7650,72.2222,74.3940,31.6554,-27.2281,-103.7659,-79.9549,-1.8484,23.8275,16.1639,21.4882,-14.1209,26.0827,36.3591,3.9398
17.4600,47.4295,-18.0111,1.4650,-52.1505,56.1226,62.2091,27.6441,-7.3116,-130.0148,-83.4643,0.4342,21.7927,38.3844,39.2903,29.3369,28.4625,13.5918,-37.8030
20.6504,49.6401,-18.6410,-4.7077,-49.4609,44.9257,54.5715,6.8632,36.1611,-98.7951,-111.6502,33.3156,27.7717,50.8163,39.7240,27.0389,30.5906,-3.2118,-38.0977
34.3870,26.3949,3.0321,13.5547,0.2088,63.6822,63.2956,30.7602,45.8578,-37.3797,-121.8951,62.3726,36.2249,64.4019,20.3672,-7.8792,32.5713,10.5059,15.3261
51.5725,-6.8838,19.7789,18.5774,18.7136,72.5425,63.5544,69.7114,26.5826,-11.1211,-94.3747,37.8668,33.4614,59.2730,11.4957,-28.8024,19.9101,21.5302,42.2045
56.4320,-16.0550,17.2496,-12.5475,-12.8722,40.8927,48.0023,69.6550,25.7436,1.6904,-53.9337,-11.9569,31.4684,13.4121,17.1191,-41.6074,8.2215,-9.2121,32.5309
49.4270,-16.0040,8.4772,-49.1020,-25.4133,-5.3510,41.7570,59.2454,45.2372,48.1526,-31.9627,-47.3947,30.6174,-38.4171,28.6508,-42.0366,10.7153,-55.1902,46.2415
43.2866,-29.9062,3.7688,-68.9710,-16.1558,-49.4065,28.3992,63.5854,51.4549,105.7307,-21.1553,-80.6205,1.7718,-64.0747,41.4586,-7.0737,15.3248,-80.1877,67.8757
39.3042,-30.2066,-5.0256,-82.8792,-35.4589,-89.5897,-14.1274,50.8001,47.2218,134.2530,-15.6319,-105.0613,-49.1375,-80.8571,39.4864,23.2232,34.5520,-93.0519,62.0557
35.2951,-11.7535,-21.2228,-92.3947,-62.6214,-101.0416,-40.8282,29.5768,68.3401,138.6023,-43.2355,-101.3418,-77.1679,-94.7527,31.6174,12.4133,66.3685,-103.8247,65.5826
32.4217,-11.6890,-30.7351,-86.5216,-58.8513,-83.8690,-26.1984,30.2526,113.8858,129.4809,-100.3608,-103.4234,-78.1016,-99.2290,49.8192,-0.8219,56.0591,-98.5279,91.3987
22.8428,-15.2443,-25.7633,-63.4781,-39.9435,-70.7767,-16.8456,17.1449,137.4818,97.1522,-137.7704,-121.7076,-79.6961,-110.2144,72.5330,-2.6918,9.8366,-72.3817,96.3453
8.0065,11.9730,-13.1104,-32.9884,-21.2089,-55.3000,-32.1461,-25.2593,118.3718,49.7193,-133.7334,-103.3382,-75.9728,-117.7014,56.4327,-23.5226,2.1818,-43.0486,77.4894
3.9999,33.1957,0.1884,-17.3239,-8.9571,-23.9863,-46.1997,-36.4859,92.0132,15.4314,-99.3883,-59.0150,-56.9867,-95.3591,33.1987,-35.3183,15.3642,-33.8168,60.5211
3.0430,17.9248,4.4905,-28.2622,-17.0803,-9.5336,-44.2402,-4.0617,93.6831,4.2679,-59.4722,-50.3104,-40.5193,-65.9815,53.6816,4.5506,-18.9141,-48.6356,48.7030
-4.2611,8.4602,-2.6863,-36.9097,-16.7557,-10.3638,-10.6675,19.4221,109.5989,6.1489,-67.0034,-40.3387,-26.1060,-39.2904,88.0149,56.7804,-47.9608,-59.8736,53.6674
12.6294,23.6359,2.4891,-19.6526,20.1654,19.9346,38.7798,24.3281,103.6430,8.2623,-123.6178,26.8948,-4.5437,18.4987,85.6094,72.1046,0.0301,-49.6623,72.5709
52.5918,27.7735,26.4728,-8.2441,38.8276,55.4374,31.9532,21.9634,77.6521,-0.6534,-132.4272,78.0376,1.0922,71.2891,62.1763,67.4025,52.0811,-45.5264,57.0164
53.6096,14.2753,30.2629,-25.8288,6.2900,35.8941,-30.0009,2.9852,78.1054,-13.0542,-70.2393,45.1192,-12.7567,51.4659,56.1231,66.1802,25.6392,-63.8841,6.6399
12.9390,6.6832,7.3059,-36.2854,-12.2281,-4.4243,-47.1673,-6.7547,116.1399,-3.8406,-48.3071,1.6734,-11.4066,9.2336,67.3424,66.0051,-30.5001,-69.4347,-8.9135
-3.9421,9.2012,-0.8130,-22.7584,1.2949,-8.9531,-5.0354,13.4102,128.2319,19.5131,-86.9389,16.5136,-0.9942,19.1081,75.5434,74.4812,-46.5294,-49.3485,19.4674
5.0779,10.7798,0.5890,-24.9714,-12.8879,-3.8806,16.0314,17.2777,88.6172,24.3477,-82.7807,39.6261,-11.8653,38.2135,75.4950,94.5726,-29.9362,-47.1394,30.9514
0.1352,-6.9954,-19.9921,-51.3812,-40.6974,-11.6409,5.9443,0.3445,72.8060,27.4821,-41.3282,11.0409,-23.8314,18.4909,77.0458,99.7980,-19.8615,-71.4303,18.8775
-4.5078,-50.1222,-34.5691,-58.3948,-29.4368,3.9495,-3.1151,28.3820,117.3168,62.7337,-55.5738,-53.7630,-27.1133,-4.8391,85.5942,80.1545,-36.8182,-71.7943,27.2080
1.8388,-79.9080,-20.8185,-36.0655,-10.0287,47.3296,-19.8142,88.2070,151.4813,95.9748,-110.3385,-102.1755,-57.3191,-8.7256,96.7641,71.4477,-63.1710,-37.1287,60.4301
-7.7308,-62.1722,-14.8877,-15.8421,-7.9092,75.6943,-25.8693,106.2323,140.3409,87.9517,-143.7358,-95.1456,-91.5086,-2.5788,103.7033,92.6018,-57.7852,-11.9328,89.6974
-16.8574,-24.9015,-20.1872,-8.2179,13.1084,74.6811,-1.4301,90.6586,126.1704,64.1433,-155.2329,-45.3689,-73.6010,19.4756,97.3723,108.4921,-16.5886,-14.3043,94.2602
2.8945,-2.1861,-8.8051,-12.8172,28.2326,59.0686,-5.7973,75.7778,110.5945,36.4098,-129.1266,-9.9797,-43.8701,41.0662,77.9137,103.7379,23.2825,-32.9819,64.2712
15.7596,9.5185,-8.5717,-41.1128,-17.9312,33.2187,-55.8092,43.5504,73.3191,-10.6496,-48.8326,-13.6272,-57.6854,29.6073,65.2423,108.3637,42.6189,-67.9951,18.7112
3.0260,5.4208,-37.2085,-75.3139,-69.6496,-0.5231,-65.1700,8.5051,56.1093,-33.4394,13.2472,-25.9486,-64.5232,3.5182,67.5546,110.7069,39.4186,-101.7243,1.6846
10.2501,-19.8758,-43.0282,-78.0160,-59.1075,-29.1620,-24.3329,9.8945,79.1111,2.6558,1.1615,-25.4822,-31.1531,-2.6424,62.4573,70.9160,16.5456,-100.1824,16.1100
40.7931,-32.6302,-17.5967,-61.5609,-40.6246,-41.9234,-22.4834,14.8459,88.1599,33.3943,-29.0110,-21.8643,-23.2597,1.4146,43.3706,28.1229,9.0634,-79.4941,17.2798
40.4897,-19.0810,-17.0482,-62.8009,-60.3649,-44.5404,-56.8745,-6.8087,68.0119,25.4578,-26.2740,-32.2993,-56.3767,-8.1277,35.3698,39.0916,30.8517,-78.3308,-3.5027
2.2049,-21.7021,-41.5900,-68.0778,-61.1331,-52.0465,-54.3573,-11.2091,58.8028,35.2414,-5.3196,-72.7055,-60.0732,-35.2303,39.8943,59.0446,25.1342,-76.4991,-15.4869
-27.1587,-54.8628,-43.9627,-48.9548,-17.1107,-55.6016,-35.3576,4.7002,54.9485,53.9436,28.1794,-129.4643,-26.1455,-64.0294,32.3540,34.8466,-26.8596,-44.9898,-27.5686
-21.2638,-72.8098,-20.8136,-24.2407,12.1047,-31.5370,-58.5656,-19.6861,30.4613,21.3285,67.0182,-149.7608,-14.2904,-74.7574,13.6041,-2.8556,-54.5690,-17.5059,-58.1088
0.6292,-51.5967,1.1221,-17.5348,-0.1884,-3.4870,-91.6304,-73.6379,15.3741,-12.5055,64.5207,-115.7821,-33.7563,-82.4870,0.4429,-37.9929,-34.3924,-20.2733,-56.1457
0.0073,-23.9139,4.1469,-20.4224,-15.6425,-19.1177,-70.6180,-81.4115,42.6601,35.8906,11.4386,-78.6133,-41.4059,-111.5960,-2.1252,-80.4924,-27.3510,-26.9037,13.9524
-31.3310,-29.3048,-18.9845,-33.0540,-14.2247,-58.4734,-13.4238,-30.6510,86.8937,130.4272,-18.5021,-72.1124,-16.6291,-125.0843,7.5514,-81.8847,-51.7239,-34.2415,75.0126
-54.7637,-72.8253,-49.3646,-62.4735,-17.6976,-69.9911,5.9049,22.1236,107.9393,192.4432,30.7585,-71.7320,14.4013,-83.7393,17.6551,-25.9802,-70.9797,-62.3792,56.8271
-45.0605,-112.1108,-57.8623,-79.9650,-40.1576,-66.9777,-31.4442,32.6103,95.6899,195.3388,99.4815,-58.5647,11.8548,-31.7466,5.3442,8.3171,-73.5287,-78.9641,3.3230
-19.2382,-88.2966,-43.2273,-56.2900,-58.7707,-79.9961,-67.6556,-1.1686,61.9912,133.9909,85.2215,-36.8497,-16.9529,-9.6508,-22.3688,-3.6369,-49.5946,-48.0377,-41.8638
13.8356,-8.9604,-12.2936,-14.0832,-45.6336,-87.3311,-71.3979,-51.9517,19.7259,37.1649,8.8796,-0.7545,-20.3007,12.7174,-46.4292,-11.7973,15.6146,-6.2037,-102.2641
54.5516,43.7789,26.7261,13.0115,-17.5513,-76.9776,-78.2714,-89.9417,-33.1187,-34.1413,-4.2775,41.1474,4.7046,43.1290,-80.3299,-29.6696,80.4536,11.9751,-164.4448
76.6423,30.3094,40.3995,26.8432,-10.2199,-76.2875,-97.8139,-100.0520,-92.8680,-70.7219,60.9179,49.6474,2.9924,47.9393,-122.0168,-75.8894,96.6075,31.0831,-172.3434
66.4859,2.5351,16.8299,30.2342,-17.7129,-87.8512,-91.4891,-78.0620,-117.7757,-92.1640,87.1845,19.4740,-31.0258,34.9069,-121.4923,-79.0570,87.1245,48.8164,-128.9839
51.1506,2.1075,-8.1935,6.3749,-23.3314,-99.4213,-63.9964,-41.7932,-73.2962,-79.0647,47.1574,2.3358,-48.3864,32.9831,-68.0362,-14.5726,81.8669,18.1231,-80.3064
46.2536,8.7682,-21.8549,-33.7646,-43.2027,-125.7575,-54.3075,-28.9492,-5.4226,-47.6153,29.8106,27.8616,-39.4042,42.3029,-24.3844,35.7987,69.4716,-42.6975,-55.5120
43.3709,11.7297,-37.5386,-44.3275,-72.0078,-160.7729,-53.8003,-48.3007,0.3369,-66.1676,54.3139,64.2358,-26.7126,60.9865,-33.5465,33.3748,60.5183,-54.0802,-75.8205
44.3664,24.6241,-36.3342,-16.3855,-68.5251,-168.9386,-39.1187,-73.0444,-62.0219,-117.7458,72.3235,73.6051,-11.4763,75.6305,-68.4900,11.7668,73.8953,-10.6157,-125.0033
43.5290,29.3785,-13.6284,3.3291,-40.2378,-158.7283,-21.9911,-86.0292,-105.3575,-113.6481,81.3373,49.4615,2.3378,48.4426,-79.0259,-9.9995,66.5168,15.1757,-132.6857
17.9245,7.7850,-14.0815,-1.1412,-34.9568,-160.0610,-8.1469,-80.4906,-76.4422,-63.9205,80.5655,10.0085,-1.5298,-7.5935,-54.4258,-27.7917,4.6977,12.9834,-78.7700
-22.7857,-4.0357,-39.0787,18.5543,-42.0542,-147.5137,9.2712,-58.3224,-36.5780,-65.0284,48.2178,-4.7396,-10.2021,-26.6758,-42.3151,-50.2076,-53.2868,48.3441,-32.7988
-40.1722,20.8617,-35.7090,79.1783,-19.4976,-94.6223,15.1711,-58.1247,-65.9825,-137.5241,24.9824,27.1783,-1.7122,-5.2021,-80.2835,-102.4678,-51.8635,125.7702,-35.4443
-32.4556,44.0910,-6.4328,121.9220,13.9869,-47.2122,-1.5482,-104.5600,-138.9491,-205.4428,61.8097,55.6904,6.7007,-7.6089,-127.0685,-162.4850,-25.7393,169.4889,-51.3050
-27.6988,33.2414,2.5836,112.1093,18.4683,-52.2207,-25.0862,-151.3996,-172.1154,-210.2218,113.7718,24.0966,-5.4068,-52.1635,-133.8450,-184.1356,-22.8361,154.5432,-56.1663
-21.8519,16.2830,-0.2602,89.9661,10.0167,-86.8371,-44.1101,-164.3743,-153.4152,-172.0353,118.7641,-23.0098,-16.3635,-87.7702,-128.2621,-187.8279,-26.6117,130.9589,-68.2293
8.0239,22.7496,21.0251,85.2606,24.3220,-113.1438,-58.1085,-171.3398,-132.7767,-137.6592,93.2419,-10.1117,-7.8537,-77.2924,-138.2007,-193.2928,-4.1304,116.1371,-88.2897
42.4400,35.3431,50.3345,77.0771,51.1961,-130.6835,-64.1470,-169.4505,-128.4406,-108.9030,79.3596,35.4371,-8.6395,-42.6049,-131.7629,-154.8622,29.1455,86.4994,-80.5093
43.7010,25.4641,47.4068,57.4948,52.3208,-148.1536,-70.9093,-125.5675,-123.0091,-75.0033,90.2681,45.4897,-43.2731,-21.0879,-104.9619,-84.0278,36.5685,57.3961,-33.6963
33.4685,-1.8755,23.3681,50.5295,25.9863,-154.5206,-86.7826,-71.2562,-113.4848,-68.4217,107.4757,30.7917,-80.5772,-10.9573,-101.2999,-68.6870,23.5257,61.8993,4.5652
61.5043,-14.8693,28.9376,64.9691,18.4106,-133.2224,-94.8543,-48.2103,-111.2658,-99.4383,93.0200,33.8017,-82.8632,7.3038,-120.8398,-115.2570,29.8432,85.6937,7.4457
104.2979,0.8776,69.4090,82.0809,52.5930,-93.2510,-83.2248,-28.5568,-115.3220,-111.7147,56.0257,54.7355,-62.2264,22.2429,-127.2829,-147.6620,57.7898,93.7823,23.9659
94.8176,23.8597,87.6656,79.2836,82.8733,-78.2198,-65.1741,3.2891,-108.5323,-83.8960,60.4487,78.1116,-43.2630,15.7771,-112.7234,-132.3694,59.4612,74.8793,74.9149
38.4260,33.1307,53.8584,51.9863,66.8232,-114.9809,-45.8967,17.4634,-76.6089,-60.5820,98.0795,85.9178,-27.7122,0.0039,-82.7423,-83.2158,19.7245,39.7687,100.7528
-2.6921,30.7770,9.2413,25.3863,33.8796,-159.3213,-16.9133,27.0986,-33.8096,-45.4260,83.0258,58.6861,-22.1971,-9.9457,-44.6991,-28.6926,-14.7396,18.6826,90.1570
-6.4258,20.0649,-4.4631,25.4563,26.3690,-153.4811,15.1390,63.9505,-17.0193,-7.6606,21.5192,23.6758,-30.4358,-10.8033,-28.3307,-13.2459,-14.4950,33.7621,100.0232
9.9191,4.7131,8.2296,36.4957,35.2357,-122.5935,33.3583,98.3451,-31.8051,30.2499,6.2264,27.7570,-24.5581,0.0033,-45.2868,-43.5128,-3.9960,54.2087,122.7688
27.0019,0.7417,23.2370,25.0030,33.7653,-132.5961,39.5691,99.8776,-34.4371,47.9095,39.3878,51.3628,8.4951,5.1878,-57.5083,-68.0271,-9.3585,35.6555,116.6478
18.4280,7.9184,13.1986,-10.6777,11.7410,-179.5648,53.1469,90.4088,3.5904,77.1759,51.5565,51.3184,37.9959,-13.1091,-36.6047,-52.9427,-30.1677,-11.4241,105.0708
-15.1488,-0.8376,-28.5682,-50.8133,-27.6519,-209.3119,77.5807,81.7389,54.6873,111.8852,43.7144,37.9275,48.3875,-25.0692,2.3427,-8.1284,-58.4356,-53.9099,98.0578
-21.6140,-32.6491,-60.2958,-81.7963,-61.5783,-211.5531,84.6102,65.4839,81.9583,106.5486,51.3787,24.3675,48.4119,-7.1364,35.5141,38.8556,-79.4573,-85.2434,65.0316
16.3363,-56.5733,-49.8741,-92.0343,-67.4935,-212.2475,52.5270,53.1133,81.9669,79.6787,60.2488,1.6547,28.3883,1.3598,41.1573,43.0205,-70.8297,-99.5891,39.4457
41.4608,-43.5040,-28.2341,-77.6617,-58.4865,-212.9783,7.8790,43.5472,65.6179,72.6357,55.9704,-3.6939,-2.3488,-20.6602,7.2542,-9.2942,-32.1659,-86.1852,55.3782
31.3203,1.9429,-22.0848,-53.2459,-52.4568,-204.8156,-9.9913,11.3819,42.1856,57.9535,46.3931,32.9698,-2.9549,-31.0652,-36.9857,-58.5018,10.8089,-61.2867,52.5533
38.2904,43.1889,-8.1310,-31.2428,-34.8604,-197.9317,-6.2023,-33.5496,28.1746,11.8709,12.5399,71.8300,12.1472,-9.6254,-47.1843,-55.7093,39.0332,-45.8046,11.6679
75.8129,50.4401,21.6488,-8.8750,-1.6290,-191.2341,-9.1756,-53.7069,27.3632,-26.3313,-47.0791,82.0332,-7.9977,20.4137,-27.7923,-23.3661,49.7447,-31.2013,-0.4025
87.2970,44.7328,36.3136,15.8933,16.8205,-159.8100,-26.3856,-49.2976,14.6428,-51.0991,-70.8110,89.8852,-41.7264,47.7122,-22.0682,0.3947,51.2102,-4.5701,7.6838
54.2361,60.2808,22.2828,36.3544,6.6396,-102.4295,-45.7588,-46.9972,-21.0719,-102.7183,-34.4619,101.6878,-41.2201,62.1647,-46.1172,-5.7560,61.9489,25.8993,-17.5598
19.0910,73.8288,-6.4632,40.0816,-16.1712,-55.4214,-47.3705,-46.6571,-49.2454,-144.9911,3.0524,90.1702,-27.6729,46.4149,-70.6161,-40.5442,81.8701,41.5506,-32.9484
-5.9632,41.1918,-38.4152,16.5882,-38.2716,-40.0128,-16.6508,-23.1931,-38.4516,-97.0327,19.5985,58.1686,-22.2634,18.4294,-59.3743,-53.4625,65.2716,27.8180,4.8454
-48.0575,-23.3871,-65.8282,-21.5015,-46.2558,-41.1687,34.0095,32.8967,7.2597,6.2889,58.0147,27.5983,5.9491,10.4494,-8.0495,-1.8498,-23.5505,-7.7066,46.6098
-94.7632,-69.8527,-80.4394,-42.4385,-30.0550,-48.5779,72.8680,90.6453,51.0899,48.9082,113.8654,2.0547,50.6083,17.1513,47.9644,69.6422,-131.0763,-32.4867,58.9525
-99.2913,-77.5063,-76.4466,-36.3588,-10.9536,-66.7467,79.8448,105.7610,45.3022,12.3233,138.9626,-21.5215,60.6435,17.0759,64.3558,93.3406,-164.5577,-26.5129,50.0171
-58.8487,-61.0035,-52.5190,-20.2071,-11.7444,-79.6058,57.4668,75.9950,-16.5632,-29.5724,135.4282,-41.0105,37.3697,7.2780,32.0371,62.4530,-115.3223,-2.3902,13.0351
-14.5016,-45.8332,-20.3427,-3.4367,-9.6801,-63.1994,25.5310,37.0881,-76.3824,-48.7421,133.0108,-43.5842,20.9953,0.5677,-13.1845,10.4673,-54.6902,18.7517,-24.6623
8.5928,-43.2748,1.8997,9.6035,17.6577,-33.9269,5.3904,6.7471,-89.5714,-59.4909,130.6731,-19.3260,15.7254,8.9751,-29.6876,-13.4488,-25.3433,21.5562,-22.1297
10.0081,-40.4109,7.2714,5.9571,38.9023,-25.4289,-8.6329,-24.8240,-74.5624,-52.0919,117.5597,-7.6110,4.9482,12.6939,-15.6980,12.8626,-12.3411,2.8926,-20.9487
0.2916,-30.2022,-0.1829,-7.4273,25.6370,-29.3773,-38.5621,-60.1604,-50.0061,-37.0531,84.2422,-58.7782,-16.2196,-23.2706,-1.3783,29.6953,-0.4820,-11.9464,-60.6280
1.1964,-21.6905,-6.5660,-0.5977,4.9286,-16.2748,-76.5721,-81.7874,-24.7775,-57.8372,27.7102,-129.5095,-50.0853,-72.4782,-3.0352,-7.9187,10.0479,6.5923,-85.9340
15.0291,-10.6847,3.9081,26.3568,4.3082,14.6798,-90.5206,-66.9373,-32.8205,-98.6211,-16.0254,-140.3019,-83.6900,-75.4881,-8.5818,-32.9809,21.4922,43.2792,-62.5787
11.2183,1.7351,17.7675,36.3853,10.5931,50.2940,-67.5198,-20.0070,-58.0245,-93.5604,-18.4418,-115.7317,-82.8781,-51.0346,2.0435,-1.8057,20.1938,54.6696,-31.2428
-15.4438,-11.5274,7.0235,16.8033,13.2729,69.5775,-29.0643,14.9751,-26.2531,-43.1808,-10.4418,-120.6657,-44.1816,-54.1152,30.0267,20.6506,-14.6758,31.1657,-13.2630
-29.4194,-43.5192,-13.2724,-4.5100,21.2074,16.2795,-15.9799,15.0265,34.8905,-1.4188,2.5784,-134.6251,-13.3615,-65.2275,43.0263,17.2303,-59.6501,4.2380,-13.5172
-21.3842,-45.9427,-10.7578,-11.0390,28.1151,-130.2714,-39.5505,16.0513,19.7128,25.2531,59.2422,-118.7019,-19.4238,-47.0909,15.7262,51.1660,-69.0381,-3.7009,-46.4510
-13.5756,-21.7891,2.0906,-13.3701,26.9457,-246.2796,-52.1736,34.1992,-42.4501,52.0444,112.2613,-91.6860,-37.4057,-23.4058,-13.0969,106.5383,-45.9989,-4.1634,-68.7560
-6.7452,-19.1582,7.6664,-10.8064,39.7284,-173.2959,-20.6622,30.4192,-44.0132,51.8950,74.7289,-65.2635,-35.6828,-11.4442,7.5344,110.5245,-25.6464,-9.1560,-27.0902
4.1678,-35.4965,20.7025,8.8402,74.3750,40.7592,15.1040,1.0147,-9.6695,10.8132,-0.5863,-27.4149,-11.8601,9.1029,45.3400,67.8614,-15.6652,-5.3195,27.7754
4.8685,-40.7754,37.4604,30.0487,98.0430,180.0166,25.9263,-8.1505,-12.0109,-24.8126,-4.3064,-1.0089,27.6058,26.7290,42.8723,21.7334,-15.0322,10.4797,28.4047
-2.7273,-45.4143,37.6122,24.3203,91.4530,165.0605,42.0944,9.3972,-24.5549,-16.5269,42.9903,-12.7465,71.3224,13.2108,25.1916,-10.9460,-36.7271,11.1100,7.2480
-3.2433,-60.3125,30.9481,-2.9227,67.8289,125.0707,63.5725,29.3009,-14.5899,20.1546,64.1649,-39.0966,87.9996,-8.6555,38.8751,-7.9267,-65.1362,-13.1128,10.0036
-8.5055,-72.5215,19.3599,-34.0096,32.1544,137.1585,55.8356,55.4837,10.9392,67.4696,53.6948,-55.2898,65.3106,-7.6989,69.5373,39.4112,-69.6660,-45.6538,20.3960
-33.9586,-91.1777,-25.7891,-78.8242,-17.8280,119.8626,39.1287,87.2970,74.6371,129.9196,36.7000,-78.6935,37.2074,-5.5369,99.2367,95.3875,-68.8013,-90.1231,26.6082
-63.0245,-127.9335,-92.3214,-135.6854,-69.5832,42.3132,42.6457,108.2402,163.7640,196.3525,24.3309,-117.7292,19.6072,-22.4711,133.3021,134.6370,-89.6103,-145.0528,43.7216
-73.4476,-153.6827,-123.7466,-162.8675,-108.8734,7.7661,38.6625,135.5976,196.9848,243.5050,17.1060,-134.1128,-11.7400,-23.1461,149.3850,162.6287,-101.2346,-165.2897,68.2325
-64.3777,-142.5619,-106.6790,-141.8074,-119.7170,56.1532,21.7834,180.8178,164.7001,260.2806,-0.5087,-98.2436,-42.2075,18.5173,129.6756,174.8508,-74.4344,-134.4347,84.1737
-51.0537,-107.1811,-80.5964,-106.8362,-88.2849,93.6971,31.0585,196.4876,135.6207,227.9230,-24.8807,-46.2272,-27.4280,56.7335,106.2614,163.1205,-39.6255,-101.5202,87.1145
-50.0528,-63.5892,-73.9723,-82.3969,-45.5906,74.5414,58.6549,155.5749,122.7563,140.6031,-37.3082,-27.0792,7.3691,45.6781,99.1378,134.3501,-21.1789,-87.2522,81.3818
-56.1814,-20.8131,-76.4852,-58.7801,-35.6757,66.1894,66.1768,105.7631,105.9284,63.0804,-63.9634,-23.5440,7.1055,18.3047,88.4454,98.0715,-0.5775,-63.3627,79.0030
-51.3798,7.1601,-59.4092,-33.0058,-34.1856,105.2767,60.0904,87.9644,91.5361,59.8258,-107.9194,2.7000,-3.1257,19.9969,68.7897,67.4695,22.6643,-33.5225,82.2201
-42.9164,21.4374,-22.8297,-12.1451,-6.9348,144.5063,54.7784,83.6753,63.9453,77.6682,-95.3357,37.2841,22.9914,35.0018,43.9101,46.3307,28.6782,-17.2799,65.8346
-41.5929,34.6936,-2.6256,7.9755,7.3357,153.9786,37.8381,57.6197,15.4349,34.0397,-33.6580,59.4764,54.3312,43.9017,5.9487,14.1300,28.6143,2.8339,15.8030
-29.2590,44.5811,-1.9126,30.9885,-8.3278,160.4596,11.4061,2.2715,-5.9697,-36.1004,-32.6386,80.9370,50.3046,57.6404,-26.9389,-29.1496,38.7011,33.4253,-36.1262
-6.5137,51.6683,19.0023,54.7906,8.5298,185.6497,-9.4628,-46.8033,9.2080,-62.7960,-88.6661,91.9306,36.1867,63.1270,-29.1113,-51.0497,44.3165,53.0959,-54.9153
-0.7773,68.2198,61.1554,82.6432,69.6484,216.7608,-18.6476,-47.8087,9.4677,-63.7863,-113.5309,78.3912,41.9555,48.6171,-19.9929,-49.1553,36.5633,69.7652,-47.5519
0.4617,82.6339,88.3349,111.0608,106.0776,235.5519,-9.5097,-20.1892,-10.8636,-72.0775,-120.5119,81.5637,51.8260,51.9957,-25.5630,-54.1486,28.9140,99.5057,-33.0248
15.7244,74.5587,97.7356,124.9343,104.0011,240.6374,7.8051,-10.1377,-17.9515,-66.5357,-133.1735,122.0639,49.0947,74.4743,-35.0478,-76.3761,18.2801,118.0175,0.8472
3.3674,64.7879,98.9598,121.6151,105.6299,240.2884,13.1766,-7.7928,-4.0305,-36.8465,-111.2013,146.1035,46.7982,54.2830,-33.0135,-103.2274,-11.9865,108.9615,66.9203
-47.6145,79.5233,80.9647,114.3848,106.8272,239.4292,21.1274,1.8821,28.2183,-18.4942,-95.0442,136.9380,53.4832,3.4457,-17.5578,-115.5335,-46.0505,96.2618,125.8625
-62.8073,93.3231,58.2857,110.0484,88.8002,237.8869,43.6974,-13.3659,55.8711,-42.4163,-139.6657,138.4210,51.5068,1.5433,7.4989,-97.6479,-52.1220,92.9729,128.0158
-22.7278,76.9560,58.9439,102.8316,71.6558,233.1222,50.6060,-36.4403,44.4209,-84.9047,-164.7541,142.1762,32.4818,38.1456,27.5481,-62.8307,-39.4895,86.2562,97.6760
-4.0003,51.4324,62.9647,85.0627,64.2704,224.7530,42.1252,5.4920,30.8228,-78.1702,-131.2476,116.0546,21.4207,51.9809,39.6321,-28.0135,-40.6949,69.2801,94.7244
-26.6270,42.7808,42.8908,58.4534,49.2448,216.7907,58.8073,87.4666,56.1690,-14.9684,-122.7451,96.4954,31.3912,60.2250,56.9837,17.2828,-45.0949,46.0679,113.9873
-35.0410,47.2838,15.4327,37.3028,25.6234,203.8569,87.7070,104.9951,52.7861,6.9133,-128.5659,111.7501,35.8923,79.7664,60.9990,47.7608,-14.1173,27.6641,116.5024
-22.8273,64.0775,-0.4787,32.2205,5.7061,173.7664,95.9195,54.2399,-9.3923,-48.6074,-93.6362,121.4743,27.8420,62.7080,30.1952,10.8083,39.9888,26.4877,110.1614
-18.2822,95.6088,-4.5422,37.4748,-2.5025,144.9037,107.9354,18.3512,-32.2959,-81.6945,-102.6742,113.5805,36.1775,22.6932,4.6480,-48.4398,71.1303,36.3699,107.5532
-7.5796,120.8774,6.8529,42.8839,4.2187,149.7710,126.5024,20.4709,2.4047,-60.8381,-184.3848,120.4712,52.6745,35.3175,16.9998,-36.5898,83.5994,39.3168,84.7329
13.3888,123.3033,23.1369,41.1942,12.3443,163.7218,105.7201,28.3800,1.9502,-66.8383,-199.7533,129.3490,42.5560,79.8784,31.5022,24.9369,102.1408,29.6215,43.3561
8.1526,116.5157,22.8672,31.0582,11.0742,142.1760,60.7256,26.4806,-24.4209,-92.3213,-125.5979,112.2778,26.9525,82.3242,26.6234,59.5252,102.5815,14.4469,11.6710
-18.4522,110.1270,17.8905,30.5272,21.4916,120.8937,43.3564,8.1678,-10.8422,-80.9351,-92.0236,97.3864,42.1954,69.0171,23.9966,66.4692,69.9043,11.9091,-21.0466
-20.0194,97.1037,28.3718,54.7897,49.5885,150.5509,42.1552,-24.3491,6.7391,-81.4266,-121.3550,111.9013,58.3293,95.9071,23.7971,68.5006,45.5960,36.2410,-61.8629
-3.1788,80.5090,34.8631,76.9996,59.9987,185.3536,41.0631,-44.0615,1.7071,-111.9421,-151.3620,128.3960,41.0166,125.1962,25.8348,66.7227,41.8834,62.3511,-63.7982
-11.6158,66.5470,21.1730,68.2946,47.1693,176.8596,67.2120,-38.7760,20.1420,-87.1852,-178.2452,118.4560,22.7018,108.1909,51.9157,75.6686,18.3674,57.4689,-15.6189
-34.2870,52.4277,13.2211,56.2442,50.1503,170.8009,104.6737,-29.1904,39.4567,-20.2292,-191.8555,94.3647,32.1939,72.5225,73.8574,76.7672,-14.1721,48.0898,23.8848
-27.7026,44.8994,30.3387,74.3243,77.1172,190.2149,99.6329,-23.4696,2.9565,-0.0287,-170.5553,81.4791,34.7936,52.6107,39.4810,24.8247,2.9246,72.4273,39.4370
2.1309,51.7984,51.7765,97.3195,95.7992,166.9689,58.1348,-8.6636,-46.1250,9.0887,-151.4657,86.4642,-2.3023,42.1064,-22.5591,-38.4348,61.7259,101.9536,71.5682
18.2631,61.2640,52.7832,90.3478,87.8438,70.5251,24.1935,12.7431,-46.5772,62.8942,-153.8723,95.1630,-51.0508,33.1669,-51.6899,-41.6991,97.2514,95.7204,110.0635
15.3182,64.3106,41.0078,65.9380,66.1441,-32.1705,10.9083,26.3594,-12.3037,112.3184,-151.2723,92.2719,-65.2063,23.3868,-49.0801,-16.7663,85.3353,68.7514,114.5879
7.0648,65.6253,42.2627,51.1369,58.2421,-77.3148,7.0496,32.9709,23.6693,144.2399,-145.8193,76.4656,-46.0820,4.2600,-40.7630,-14.5024,51.3459,50.5870,99.3428
-6.5377,61.8050,56.8952,49.9584,71.4366,-73.8682,-8.3433,37.2774,33.4556,180.8629,-126.0027,52.8253,-32.9384,-18.0334,-38.9389,-14.3677,23.0277,46.5406,85.4436
-25.8143,56.7499,57.0803,54.9448,72.7730,-69.5228,-46.2929,24.6623,-0.3766,161.0544,-60.2253,34.1966,-41.5556,-26.4362,-54.6156,-5.9912,13.5073,54.2949,51.8458
-43.6524,70.7913,40.4040,62.5460,47.4171,-69.2187,-82.1059,-15.0639,-42.9619,74.9423,0.4117,42.1904,-55.2624,-21.8625,-75.5241,-6.1271,19.9012,66.7206,6.8854
-57.9956,90.5391,40.1778,72.0942,36.5973,-9.6414,-93.3114,-49.0128,-55.3853,30.3064,0.7931,65.9146,-61.7728,-20.0723,-71.6142,-7.8753,24.0316,72.6630,2.6653
-64.3521,78.4757,62.2273,78.2131,57.0976,126.4057,-89.0056,-41.0082,-55.5995,38.4232,-1.7330,58.9669,-51.7367,-33.3679,-48.5805,-23.8743,12.7144,70.7033,40.0453
-55.6253,50.9212,76.9693,74.7700,73.3485,237.7015,-69.3879,-18.8504,-61.4070,16.1949,23.3407,21.0191,-17.1386,-57.9129,-31.3338,-69.5434,-2.6183,64.2374,64.2626
-42.2371,52.0389,83.3104,71.9805,84.2968,251.5581,-28.0969,-19.5594,-62.2224,-2.3589,7.3410,7.6621,16.6297,-67.7349,-16.7311,-85.2364,-5.5894,59.7085,63.5067
-37.0997,68.5386,101.1634,79.8797,111.1554,226.7331,8.5584,-7.0787,-56.1712,52.2420,-53.7164,29.6393,18.7651,-47.4586,2.7432,-34.8516,-3.6821,63.7759,75.8466
-29.6058,66.2866,114.3001,76.3624,117.7885,221.1696,16.9516,46.2344,-38.9356,117.5479,-86.7595,40.2987,10.3177,-22.1725,16.3134,7.4257,-4.3328,59.2102,98.2812
-11.2606,57.6626,97.8627,44.9841,75.4122,211.5789,9.0056,78.2281,-13.2763,118.2947,-83.2215,28.3640,16.7389,-10.9921,18.2119,5.1389,13.8450,28.9666,80.4644
5.2032,51.2999,70.1551,17.5298,35.6563,185.2228,-0.6884,54.2580,-6.3144,80.6576,-78.0658,20.7920,14.0798,7.3630,20.2307,21.4131,43.9020,1.7979,27.0158
12.3670,15.4181,56.8144,16.2112,35.0475,167.7421,1.1192,42.1355,-3.4749,56.8045,-75.3181,15.7555,-6.6167,38.2224,42.1239,66.8312,19.6233,3.4034,12.7166
8.2212,-50.1256,46.6893,15.1195,35.1363,173.9370,25.0484,76.2957,36.7493,73.6378,-73.8918,-1.5591,-11.8636,50.8665,80.4881,81.9657,-67.9408,10.1373,55.3785
-14.8931,-96.9842,25.6113,5.8126,15.9286,205.7701,46.7879,99.2582,81.8321,122.3698,-78.9876,-18.9975,0.1620,44.4887,99.6993,67.4609,-129.9843,11.5030,79.6078
-36.7497,-112.0632,5.7751,11.5438,6.3835,243.7323,48.2797,83.2395,87.2675,148.5651,-96.9681,-17.4535,-1.3916,58.6840,92.4435,70.2594,-128.8543,27.6916,54.1924
-22.0572,-121.7188,-3.6845,26.8008,7.5173,253.8533,53.0541,58.6815,80.9108,125.3960,-134.2589,17.0625,-17.9985,109.6157,86.7374,88.5667,-106.4061,47.8214,32.9155
2.1440,-116.9929,-9.2893,32.5277,-8.7375,247.5903,52.3281,35.7072,67.9222,96.5948,-149.5702,85.4189,-32.6472,164.6588,70.1867,93.5637,-72.2759,52.3261,27.8480
-23.8989,-81.8879,-12.4708,35.0740,-35.7705,248.2361,11.6430,15.5409,25.8858,92.6025,-88.2009,136.6861,-38.3561,175.5225,27.9602,90.8743,-45.6020,54.3020,1.5917
-74.2114,-63.9824,-11.0770,33.9356,-36.4303,224.9663,-28.4793,20.7217,6.2427,94.7903,0.7402,110.8635,-31.2598,136.4124,16.7272,103.5645,-83.8818,52.2082,-21.1471
-68.2451,-92.9388,-7.1678,22.7899,-3.3214,176.9671,-17.2837,46.5795,32.6989,87.2365,21.6999,50.0155,-21.7796,105.2457,49.8926,117.5183,-129.2886,34.5348,0.3052
-15.0269,-94.7188,2.3335,22.1649,21.2685,163.6015,-2.3333,58.2712,32.5313,67.7315,-18.2106,49.2163,-24.4030,115.5924,41.6940,88.8629,-69.1256,27.9472,25.1430
1.8898,-28.2538,15.8115,32.6179,4.6496,167.7168,-21.3257,53.5582,9.7065,51.3170,-46.0934,88.0896,-19.7611,111.1336,-8.9378,30.5431,12.6261,37.5526,14.9450
-31.6599,5.6140,15.1961,18.5043,-20.1871,119.6390,-27.7835,59.7365,28.3666,66.4953,-18.6682,63.8405,4.6373,57.3666,-6.8766,18.1108,-26.6698,22.8865,3.0356
-50.7535,-57.7617,-1.3970,-11.0632,-10.7002,57.2448,-23.8206,77.9439,28.3815,88.2629,73.4578,-16.1741,7.9003,21.8152,24.9474,58.4848,-100.2010,-4.7296,2.6530
-30.4471,-117.5880,-10.3384,-13.2481,3.6563,50.3590,-64.9271,81.2392,-44.4100,57.7726,177.5476,-44.0798,-30.3326,46.9377,-3.2630,74.1692,-72.8018,-0.0760,-14.0060
-11.8393,-92.4885,-13.9119,-1.5727,-19.3649,57.7172,-113.8655,61.3597,-84.9281,0.5849,193.5991,-2.0462,-64.2687,77.0751,-49.6610,52.0043,-3.3093,13.8221,-34.3374
-15.7486,-46.2566,-32.8724,-7.9872,-45.3405,29.9341,-98.3802,44.0120,-39.3047,-10.2910,111.7301,18.1072,-64.5073,71.2724,-41.2013,48.1694,26.3539,4.5642,-33.2778
-14.7034,-32.4558,-42.9024,-11.3897,-30.7007,3.8227,-61.3973,42.7746,-7.1119,8.8685,35.9176,-16.2695,-53.5244,50.0032,-22.9532,52.7088,44.3376,2.5137,-35.0218
5.5872,-11.8330,-8.8816,8.3961,-0.6868,8.3120,-82.1839,33.7684,-32.6377,-4.6774,36.0049,-34.8143,-45.6935,28.1339,-48.4415,13.4499,66.4157,20.3384,-55.3933
19.9861,27.9968,40.0984,32.3009,17.5624,24.6758,-134.1615,11.0054,-57.7385,-41.6679,79.3432,-5.7709,-33.2636,3.8124,-88.6046,-55.3606,69.6185,31.8898,-59.7106
6.8593,43.6140,53.8602,48.1245,37.0781,36.2991,-145.1502,7.8190,-44.8348,-57.7997,98.0116,6.3301,-17.2550,-27.1663,-101.8221,-110.9345,46.2714,41.0390,-23.8312
-24.5243,26.6782,33.3078,51.6600,52.8455,32.4093,-118.9570,31.8586,15.8124,-45.9194,67.2722,-37.9213,-6.8080,-70.7316,-75.9946,-137.1917,-7.2428,49.0770,28.0572
-54.7344,8.1505,4.3168,32.2870,45.4767,19.2354,-109.5850,61.8797,96.6063,-11.7408,28.6847,-83.8094,-10.6492,-96.5280,-32.0391,-112.0561,-52.2238,29.3354,56.5626
-74.2698,-0.4639,-22.0278,6.1920,26.0392,24.9261,-121.1279,100.9125,121.4524,36.0956,24.8925,-83.0821,-29.0350,-64.1958,-12.9688,-36.9213,-32.7433,1.0087,50.4702
-81.9151,-13.7100,-41.8057,-3.3893,1.8416,42.3079,-103.1451,140.6531,82.9652,61.9414,42.7509,-65.7860,-37.8505,-14.1338,-16.2283,18.8068,-7.0026,3.5464,36.8992
-82.2964,-40.6180,-56.3920,-11.6713,-33.1882,43.6024,-42.8813,138.0386,53.6262,45.2172,64.1631,-67.0371,-15.4479,-12.1898,-1.2920,10.9361,-51.7604,11.0396,39.6338
-84.7445,-62.0881,-67.4069,-29.2224,-48.5668,48.7402,8.7815,96.5870,51.0046,27.5609,83.7872,-70.2086,17.0172,-33.8083,25.3728,-5.2231,-94.3852,-7.6178,45.9918
-95.1389,-53.2115,-69.2979,-36.9167,-28.5550,70.7748,24.2583,62.2751,53.3377,49.1362,71.9614,-48.3667,28.5898,-26.7144,39.3985,25.9473,-73.6045,-28.7405,41.0622
-110.0734,-31.3698,-75.3314,-44.3226,-34.2116,66.0655,31.0355,36.2014,70.8621,76.3527,44.9407,1.7023,28.1022,-0.5544,53.1069,74.4562,-64.3144,-46.8608,33.4050
-121.3859,-36.6381,-106.0448,-77.6593,-92.5530,26.3330,46.5716,14.9724,90.1433,71.4967,78.7005,57.6650,38.1386,25.2943,67.4393,99.8542,-92.1563,-84.8170,31.2700
-122.7471,-66.8182,-135.7057,-112.7222,-129.8284,0.4043,58.9221,32.5400,86.7372,68.6653,148.4647,80.3628,50.4135,51.3805,71.3735,118.5685,-102.2241,-121.1338,36.4269
-110.8903,-88.9757,-127.8181,-115.8634,-112.7253,-5.3011,59.4150,67.0943,92.8884,92.2082,148.6203,60.2823,45.3238,62.3327,83.0456,143.2151,-109.8686,-124.6879,44.2344
-89.2430,-92.2486,-106.6359,-108.6988,-102.8535,-23.3659,49.4571,59.4769,125.8415,99.0632,96.2224,30.0393,34.6286,47.2017,100.5151,140.4683,-134.2163,-118.3446,34.5835
-71.4243,-88.7822,-110.4163,-118.0853,-119.3276,-50.4484,40.9093,43.1887,153.3773,75.2494,77.8875,-3.5729,45.4470,17.1110,95.1556,93.6172,-131.2299,-126.2463,10.9975
-66.4622,-96.2616,-122.4077,-125.8654,-114.6247,-66.2040,48.6308,75.9638,167.2632,62.7547,87.1795,-60.6665,71.1390,-18.9149,81.4243,39.2532,-120.0334,-127.3326,10.6120
-62.0831,-118.4091,-111.0644,-112.3177,-85.9379,-75.6357,60.5522,108.7757,152.5877,61.1972,105.7120,-111.6112,80.4010,-45.3057,77.3416,11.5864,-146.4403,-104.1770,25.7046
-39.5319,-124.8125,-76.5299,-89.1133,-63.7384,-88.7920,59.2660,79.1680,76.6910,37.1028,146.3690,-114.1053,70.5010,-49.6404,60.6523,4.0996,-157.1232,-75.8540,11.8136
0.5820,-95.2415,-34.2159,-69.7222,-38.6373,-93.9921,67.1823,17.5648,-4.4003,0.1605,146.0779,-93.9618,64.5074,-52.6187,44.1971,-3.1527,-114.7388,-62.1157,-10.6412
39.7357,-65.0878,-2.5910,-49.8528,-0.7467,-70.4627,90.8222,-24.0596,-11.5975,-31.7419,64.8665,-84.7350,61.6378,-61.6146,55.3681,-21.9256,-73.5876,-53.3071,5.2152
59.9856,-63.2529,9.7817,-27.8180,21.7104,-33.1071,72.3212,-32.3332,9.3927,-57.7610,13.0085,-76.8679,39.5064,-55.0028,53.2107,-48.8100,-55.0676,-35.2447,29.2299
60.4318,-63.0601,19.2274,-17.2484,13.1671,-32.5340,-8.9158,-21.7921,-8.8667,-61.4975,58.2109,-79.3533,-2.4414,-50.5592,15.3170,-59.3204,-37.7088,-21.6632,13.2511
62.8998,-44.5942,35.7942,-24.3377,-1.6979,-69.1014,-76.5100,-29.1467,-37.1902,-51.9112,99.7289,-104.4268,-39.9343,-71.3695,-2.8586,-39.0778,-19.2829,-30.8215,-21.7463
82.4669,-26.4118,44.8451,-35.4878,0.0265,-85.9816,-80.7671,-62.9333,-45.7539,-60.1289,72.9633,-114.7062,-58.1441,-80.8582,13.5042,-9.3989,13.6839,-51.6962,-36.2514
97.0790,-20.2162,39.2797,-45.7513,-0.5928,-86.2862,-75.5262,-81.3541,-44.1404,-53.8637,43.7548,-102.1688,-70.0208,-70.2559,18.3392,5.9932,55.6568,-68.4357,-34.0952
87.9493,-18.3621,27.1501,-62.1800,-33.5396,-116.1587,-107.7720,-80.0853,-28.8522,-8.9717,47.5245,-113.7254,-88.5658,-82.6352,4.2225,5.7362,64.7157,-80.3062,-51.6899
82.8412,-5.7923,19.8114,-69.0206,-68.5533,-140.5041,-137.3159,-103.1216,-19.1499,-3.1445,41.2252,-134.0266,-90.0327,-95.8691,-12.1221,-5.6727,67.7311,-79.2576,-113.4552
103.3253,27.5745,33.7531,-50.4016,-49.2697,-116.0001,-127.6905,-150.0987,-42.7933,-69.3783,19.7781,-107.0698,-51.5825,-69.6655,-31.3251,-22.8771,110.3618,-65.8354,-183.4714
121.6300,53.5985,60.0705,-36.3638,-9.7703,-103.7790,-113.6046,-193.6845,-67.8411,-122.8160,36.6435,-63.7135,-8.8649,-55.6408,-41.8200,-40.6260,128.6328,-68.9484,-206.4045
121.3341,41.0494,59.0061,-50.9456,-23.6300,-142.2263,-117.2834,-233.5841,-77.2684,-138.7355,97.3015,-56.3461,-1.8052,-80.0727,-42.0610,-61.5744,94.0285,-89.5704,-200.6167
125.1755,29.4169,39.6648,-57.7230,-49.2296,-163.0185,-105.3356,-247.8569,-111.3150,-168.7718,130.4334,-56.4410,-5.0673,-78.1521,-55.2561,-74.8968,102.0819,-86.5194,-209.2887
130.1404,60.5134,56.2312,-27.7421,-8.5226,-137.1211,-79.7400,-207.2591,-163.0541,-192.1864,117.6093,-41.1152,12.0452,-46.6721,-75.4225,-61.8684,150.8989,-52.0480,-214.7810
106.8129,86.2018,92.0170,9.0114,48.5101,-112.5072,-87.0466,-153.8425,-187.5644,-182.2585,142.0506,-36.9814,34.5963,-42.2161,-90.0825,-51.5783,133.1847,-16.7132,-207.9518
72.8508,63.8400,88.0894,21.7216,48.6090,-95.0258,-108.8024,-137.5882,-188.3647,-185.0107,217.3712,-33.8033,56.0910,-45.8426,-112.3157,-84.6116,74.6477,3.2759,-212.3825
74.0338,37.8713,67.9000,10.7211,29.8744,-68.8812,-91.4870,-135.9813,-176.7573,-191.0626,238.5767,-9.9737,76.0704,-31.1008,-119.0075,-118.9806,69.0881,-5.8648,-196.3865
101.4937,33.2796,77.5827,-16.0426,31.8628,-62.3160,-65.0565,-119.6755,-152.6727,-143.7732,191.3694,-10.2604,61.6646,-36.8094,-79.6569,-90.4351,88.9875,-46.5013,-139.6070
106.9536,7.1748,81.5148,-40.6441,26.1235,-78.9608,-74.7716,-91.7823,-139.4904,-82.1875,176.0208,-70.1369,18.5384,-59.3214,-38.3889,-29.3290,74.4989,-71.5876,-117.8907
81.5424,-45.4597,46.8461,-49.0269,7.0850,-83.9588,-85.4981,-51.7717,-120.3018,-63.2295,195.5174,-140.5519,6.0815,-58.3030,-28.5763,-3.3096,34.3277,-58.7798,-148.9043
58.3631,-71.6915,13.2484,-61.1044,-12.9346,-82.2185,-72.3256,-10.9581,-48.8014,-48.7783,171.4952,-165.3627,19.7237,-59.5689,-7.4570,-8.6343,-8.7793,-63.2060,-135.4461
50.7499,-58.6268,-0.6754,-92.1626,-54.3661,-92.7015,-55.8615,9.0354,29.7118,-9.2096,114.2429,-152.8464,10.2984,-83.7869,35.0540,-4.7133,-33.4188,-103.8350,-67.7662
35.9838,-61.0252,-32.3795,-122.4614,-108.3194,-99.9805,-17.3811,19.9322,56.9118,27.8584,83.9817,-144.0815,5.1649,-88.9034,62.6774,13.3469,-43.7607,-128.6099,-35.6275
-2.1010,-119.4283,-90.2747,-144.9730,-135.9811,-105.0486,51.9256,36.3914,81.1895,67.4242,98.7426,-156.4762,40.0657,-72.0411,83.9319,31.2740,-96.1772,-132.7884,-37.5571
-50.3836,-184.0487,-138.1657,-166.1257,-148.6211,-125.7673,91.1130,47.1901,119.9927,120.4357,147.5641,-157.5600,64.4945,-65.9064,105.2216,49.5146,-177.3083,-145.8381,-15.1695
-86.0693,-170.5303,-153.1714,-163.5255,-163.6141,-138.9387,88.0328,52.4061,106.0738,141.7544,179.1922,-110.4713,52.4726,-54.6837,92.4808,66.8426,-184.5585,-141.4512,12.9180
-94.6396,-96.9092,-143.5594,-134.3603,-155.4448,-127.3373,97.9757,47.4155,62.2435,112.4764,145.9621,-49.8925,54.9328,-35.8534,59.4588,61.5467,-118.6269,-112.1871,13.5800
-79.4311,-63.7792,-134.5937,-128.5066,-133.8107,-130.3934,108.8395,11.3088,74.0271,92.0236,100.2847,-40.8871,73.6591,-51.0378,52.5637,29.4712,-78.9245,-116.6828,6.5791
-65.0721,-93.6461,-142.6879,-158.3232,-141.3035,-161.8758,85.3496,-27.9875,115.1377,125.6857,99.8850,-70.1325,57.9977,-80.0987,66.2848,21.8067,-83.2722,-156.8664,6.1778
-67.3023,-125.9035,-151.7516,-171.4225,-160.8759,-170.2660,67.1085,-32.8643,119.6621,173.1200,101.2306,-73.6886,19.5366,-61.7072,80.9441,72.2603,-97.7586,-166.3178,0.8048
-72.9820,-140.6422,-141.4698,-149.0696,-152.8769,-135.8378,65.3774,-40.6917,105.2150,170.4496,89.5967,-44.5734,2.1147,-13.7882,94.8778,124.9303,-128.5921,-139.5404,-16.8555
-80.3991,-151.7599,-125.9803,-124.1469,-132.2525,-102.6364,34.2808,-67.1616,94.7383,131.9561,122.1027,-22.7711,-0.3658,9.2968,90.2628,131.5081,-163.3943,-117.9703,-40.8009
-103.2038,-149.1716,-122.4458,-106.9937,-120.9836,-88.8952,-5.5156,-51.3965,70.6021,122.4335,175.2875,-23.7034,-6.8554,12.2562,62.6527,127.4087,-167.4035,-96.8008,-53.9111
-111.4443,-132.8605,-109.8962,-83.5964,-103.5865,-66.8410,-9.3882,-0.6902,36.6984,135.6040,172.7273,-38.6444,-6.9194,19.2973,38.8405,128.0868,-145.5185,-61.0688,-61.4405
-68.2164,-110.4418,-66.8004,-56.6577,-70.1177,-39.1138,-6.5382,12.7320,8.7966,111.0069,128.8631,-53.1451,8.5102,28.3048,23.0149,103.9704,-109.0506,-32.2419,-93.9390
-14.9340,-64.7832,-15.8341,-36.9425,-38.5625,-40.4845,-17.6704,9.0299,-20.9759,56.6506,101.9843,-46.0079,25.7701,37.1216,6.1625,84.5690,-60.2871,-23.0756,-130.8522
1.0696,-8.8170,11.5807,-26.3651,-29.6470,-62.7737,-21.7390,39.6009,-61.1691,22.0242,106.0703,-17.9528,23.8303,46.9968,-6.3078,99.8729,-19.4751,-19.4085,-121.5517
15.6296,11.1994,19.1399,-19.2455,-43.0470,-63.2459,-36.5217,62.1242,-99.9500,-0.0758,122.4017,5.7948,2.1565,56.4807,-31.9907,83.8328,18.0094,-8.8431,-98.1690
48.6000,4.5654,18.2525,-7.4747,-58.5923,-42.8000,-72.8166,36.6777,-107.2085,-28.2599,114.1904,28.3010,-10.7421,75.1054,-80.4959,13.2800,65.8587,9.0610,-119.4060
43.3435,10.0475,-3.9407,0.3246,-72.4651,-43.5387,-86.3593,-5.4027,-68.6226,-40.6146,79.3484,66.7942,-2.6634,97.5272,-104.8147,-21.3069,81.1335,18.2412,-151.1939
-8.8334,14.9717,-48.9009,-12.9437,-97.1588,-75.4340,-72.5245,-43.1124,-21.1512,-32.1256,72.0676,89.3757,-0.2206,88.8625,-85.8801,0.5648,46.5516,3.0687,-143.9845
-44.1548,5.7673,-83.5446,-29.8202,-112.4554,-98.9586,-61.7977,-74.2678,-4.9269,-29.1949,88.2312,67.9400,-7.9489,50.0552,-69.7754,1.8770,24.7944,-13.1483,-123.2682
-52.0591,8.4024,-92.1357,-17.2801,-93.1747,-78.2123,-33.0740,-87.7228,-17.4249,-48.9309,68.7775,49.3585,5.1957,34.8061,-72.1605,-19.8837,37.7185,5.0458,-121.3418
-64.9110,22.1504,-92.8579,11.7464,-66.8866,-26.1921,20.0185,-89.0587,-53.6170,-85.3497,41.6986,59.1651,34.0087,54.0935,-71.0229,-16.1391,46.1152,43.4335,-132.8073
-65.7042,22.8349,-85.3434,20.9726,-59.3785,9.0092,39.1477,-70.7818,-95.6848,-100.6636,51.4447,39.4770,39.9851,55.0915,-68.8916,-6.4522,52.0013,60.6684,-139.9787
-37.7597,21.5516,-59.5184,11.0681,-50.0636,4.9098,8.7603,-14.2322,-85.4960,-73.6277,46.1968,-18.3392,23.0359,23.3253,-66.5471,-18.7884,68.4662,48.0180,-119.0082
-19.5076,27.7045,-43.4563,-0.4695,-38.4519,-14.0741,-14.2846,28.0815,-31.2170,-59.9054,22.4855,-48.1308,16.1252,-5.8562,-50.7049,-34.4058,64.8126,24.2089,-78.0412
-29.9990,15.2464,-60.3409,-17.9280,-49.9719,-29.4308,3.8325,2.8346,-25.3817,-92.5249,61.1198,-60.2940,32.4886,-33.8009,-33.6997,-48.5423,33.9278,2.4905,-65.5462
-36.5785,-19.2459,-78.1058,-42.6448,-65.1266,-44.2389,40.4871,-27.9635,-67.6898,-103.4987,132.9744,-106.7872,57.2876,-74.1837,-25.9742,-65.2445,8.4240,-15.2092,-78.8625
-25.3087,-40.6695,-68.6421,-53.0423,-50.5157,-43.2037,53.8587,-14.7501,-74.3172,-72.9258,144.7938,-139.9045,65.9023,-91.7403,-17.0574,-66.9222,3.0725,-26.4300,-70.2669
-20.2834,-37.4176,-55.1852,-38.9452,-24.1980,-20.5799,29.3138,-22.5167,-63.7583,-78.6429,132.0955,-119.8831,49.7817,-79.6041,-18.2553,-63.5803,12.3167,-21.9863,-54.1047
-28.5100,-34.2141,-57.4054,-24.0652,-17.6979,-15.5362,4.1066,-78.5378,-94.9704,-119.7152,160.0769,-113.4890,30.7993,-91.5546,-36.6774,-82.0028,20.0634,-7.2018,-65.5690
-24.0367,-36.0087,-59.2125,-31.4655,-30.5019,-37.8118,6.6181,-122.5457,-116.5430,-126.8561,174.4485,-128.4233,26.1406,-119.2373,-40.0212,-98.3375,19.6818,-12.6312,-78.5248
1.8346,-16.2674,-50.4588,-48.8979,-44.0800,-42.3187,11.4431,-135.6149,-73.9278,-116.1950,116.7233,-94.2871,28.0192,-100.8648,-17.0651,-78.8088,37.9347,-45.5336,-77.5717
14.6815,17.4714,-44.0555,-56.1611,-45.0697,-27.0020,13.0142,-126.4787,-17.0296,-110.0014,42.3173,-51.5806,38.7377,-64.6888,4.4611,-45.8798,64.6308,-69.1550,-84.5644
-2.6071,10.5262,-48.9841,-63.7385,-45.7473,-27.6213,34.0932,-75.8106,1.8482,-59.7864,40.6756,-67.1042,61.4675,-65.1482,11.9155,-33.5853,43.6606,-71.2431,-78.8362
-9.2494,-41.6980,-56.2131,-83.4553,-65.1716,-25.3340,49.0193,-13.3348,-9.5070,12.1868,108.4873,-62.3744,68.7971,-50.4258,8.0917,-30.4362,4.7203,-81.6708,-40.2277
15.6244,-68.3688,-52.1807,-89.9526,-78.5596,1.2556,37.8838,0.5413,-33.6959,16.4109,151.6486,8.6258,55.7492,14.4521,-4.9652,-14.9067,20.3685,-93.4685,-19.8979
29.7028,-46.5632,-37.7587,-61.8614,-51.7594,15.9941,42.0004,-17.7608,-54.7111,-35.2115,126.0311,43.0683,61.3356,51.9414,-14.3872,-5.2742,44.1102,-67.9781,-45.5876
19.5006,-30.2826,-25.3584,-24.6506,-12.8418,20.1894,64.7765,-30.6671,-48.2164,-67.2460,75.4160,21.1726,80.7855,39.7510,-9.6689,-18.6647,17.9557,-23.8541,-65.2572
27.8757,-25.7920,-16.4161,-3.8583,-1.5959,59.3071,68.8434,-51.3272,-2.9159,-71.2024,-13.6849,46.2433,66.0897,58.3553,11.1020,-17.3432,7.0957,-6.4658,-49.6586
56.2806,6.7404,-1.9673,12.7438,-1.9589,101.6355,76.5152,-67.5652,55.2323,-65.7373,-167.4628,107.8168,32.8186,109.7000,43.6242,20.8861,38.6441,0.0514,-30.4255
56.7681,36.5028,8.9047,26.6561,-0.4242,84.7411,95.6302,-38.8395,65.9514,-43.9771,-233.0790,106.9990,30.6459,111.6446,49.0780,34.1874,41.4968,20.7688,-26.2181
20.1327,11.0462,-5.1700,12.1250,-18.9371,38.9678,60.9986,10.2212,13.1500,-11.7889,-84.0721,47.8435,37.5045,56.3986,0.9424,-10.4237,15.3909,23.0763,-24.3582
-18.1648,-31.1436,-32.9060,-21.7298,-48.4915,14.7066,-12.5283,28.7171,-24.8257,14.1254,85.2883,-13.6601,13.7243,-1.2732,-36.2385,-38.4101,3.5946,-5.0920,-18.3820
-28.8671,-31.8563,-33.8862,-31.0176,-49.1414,-6.4538,-31.3091,28.1255,3.4083,36.4777,61.0838,-66.2669,-15.2066,-39.8616,-8.8148,-12.3570,-14.7018,-15.9194,-10.9909
-7.0765,-8.0273,0.6553,-13.4446,-17.7382,-35.5548,-10.1389,40.4064,40.7398,64.9395,-45.5530,-89.4399,-22.7601,-53.6404,23.8320,10.0109,-31.5688,-1.1993,1.0898
22.1076,12.0105,34.2688,-2.8379,13.1805,-43.0184,-14.5649,54.1397,46.8490,88.0870,-81.6733,-55.0108,-25.3771,-32.4007,20.6267,18.5466,-6.7929,-3.1040,19.7779
29.4209,40.3796,43.2330,2.4936,23.0407,-27.1676,-13.5044,41.4759,54.6944,72.9587,-108.5061,9.8755,-27.9828,3.7214,26.7210,43.5788,19.3268,-13.1007,35.5953
22.6960,74.9950,44.4016,24.0230,21.7355,-9.8044,12.9451,10.2709,68.7351,26.9279,-170.5321,54.1070,-24.0411,18.0161,42.3817,46.7822,10.2079,6.2725,43.5194
17.7519,89.8935,53.6978,48.3721,31.0985,2.8500,4.6854,2.6925,65.4421,17.4747,-189.6851,61.0725,-28.4683,6.9434,23.8407,9.9806,9.0938,35.7187,52.8753
6.7573,84.8836,60.0832,54.9534,44.9487,0.1704,-40.9719,31.8402,57.1885,52.7335,-148.8713,54.7790,-44.2118,2.5202,-7.1198,-1.2526,19.9222,43.3256,60.7089
-1.4614,78.2090,52.7940,49.8161,35.0886,-27.4019,-59.8868,54.5623,48.9664,57.9879,-110.5775,65.0832,-55.2731,24.1022,-13.6552,29.5184,13.7019,39.8500,53.0772
12.8157,70.4363,40.2095,40.4514,14.7064,-55.8800,-40.1132,51.3388,25.4438,36.7065,-109.4296,68.7988,-67.2824,44.1269,-5.8416,57.3475,24.3188,36.2184,44.5591
25.1628,53.4124,35.4282,29.5509,24.4676,-57.6108,-10.5956,63.8112,4.9902,62.8542,-134.9592,20.7208,-83.1157,32.1360,14.2900,87.3340,48.9528,31.0386,54.0284
8.3265,32.3455,39.2975,25.2344,49.3755,-39.9181,12.7105,103.8298,15.6861,116.5224,-149.3541,-36.0942,-79.6498,12.3310,47.7399,127.0977,19.9314,30.2352,67.9473
-6.8389,19.4258,40.1628,20.6304,48.1663,-24.5730,23.4101,127.7264,58.1135,141.5684,-150.3336,-22.2834,-59.6980,20.8316,70.0247,137.6082,-31.9557,21.3728,86.2281
10.0771,15.6923,32.2062,6.1341,34.8174,-21.1742,35.7426,120.9188,109.9794,154.8584,-184.5896,30.6326,-46.7345,46.4117,76.5016,120.1461,-25.5232,-4.6005,112.4216
32.1630,11.0718,26.7125,3.8155,36.6910,-28.3328,50.2614,96.7829,116.6876,145.5789,-207.4722,44.9004,-30.2655,62.8870,65.6140,98.6784,0.9174,-7.9653,90.5550
23.5532,4.3922,30.9447,27.6716,40.5146,-39.2500,22.4839,47.6449,54.2317,81.7597,-122.2287,33.5201,-6.0276,60.8814,17.8446,59.0003,-16.5304,28.4673,3.0982
-13.0330,8.9579,32.9655,48.7303,39.0257,-41.9603,-34.0525,-9.5646,-0.7109,38.2912,-16.4988,40.0782,-7.6996,42.6048,-26.2771,31.9112,-43.9465,54.2778,-48.6752
-45.8863,24.4458,29.0310,53.7298,49.8106,-20.7412,-33.7423,-26.5316,7.7561,70.5005,-41.7743,55.4139,-30.9553,34.6648,-6.6462,71.2440,-47.7043,53.2418,-18.4900
-45.5840,24.8397,35.1433,63.8292,74.3315,18.7559,12.7688,-15.2459,16.9989,91.0310,-109.7112,56.0414,-29.8641,45.4357,26.4992,102.7909,-48.9294,63.0532,10.3470
-21.3628,-5.0272,49.0649,71.8727,98.6828,28.1336,8.8411,-31.3101,-17.8064,52.5433,-47.7981,23.3203,-7.3236,12.7632,-3.0238,19.6601,-53.1308,73.6316,12.0054
-9.2835,-46.0287,48.6584,53.2315,112.3642,-21.3029,-41.9593,-60.0253,-58.4558,19.0027,112.0993,-48.4977,6.9407,-85.4921,-61.1456,-116.2153,-54.9627,51.9358,32.4645
-8.8031,-70.6524,42.3645,27.3735,107.4441,-70.2758,-64.6823,-44.1931,-94.6502,1.8395,240.7517,-106.7735,22.6137,-147.3263,-89.6334,-176.2747,-62.3527,26.5375,44.1943
14.6928,-68.6922,62.2779,26.7012,94.7973,-51.9672,-58.0689,-0.8122,-139.3015,-34.4729,281.3919,-95.6469,38.9470,-111.4844,-90.9734,-155.4402,-62.3248,29.0564,20.9008
55.6349,-48.6393,102.4409,42.8857,98.1834,3.1712,-54.4748,10.7658,-166.0132,-69.0458,240.5611,-52.5467,27.7174,-58.8550,-73.8699,-116.7629,-44.4178,39.0080,14.7701
65.4789,-31.0832,120.2300,54.2158,112.3761,32.7294,-51.3589,-1.6317,-164.5426,-79.1087,188.3275,-42.4632,6.0596,-51.6900,-49.4005,-86.1851,-35.2739,43.3712,29.7121
30.8350,-32.4518,98.6800,54.9450,111.5506,36.5046,-49.1641,5.5258,-149.2722,-73.1971,191.2840,-56.2340,9.2588,-56.9224,-43.1412,-69.7455,-51.1488,48.6906,24.4179
-5.1338,-48.7067,62.4784,44.6220,87.9316,38.3710,-46.9074,22.2412,-117.3529,-52.0266,204.9318,-53.7741,18.4276,-49.3149,-44.3143,-66.6982,-72.8274,45.8770,22.4946
-10.5465,-64.1756,33.8818,31.1754,52.6578,48.0310,-23.9485,28.8410,-87.4195,-36.1652,175.2979,-29.5212,13.4993,-27.3447,-31.9258,-61.3840,-78.5267,38.0792,42.4420
-9.6352,-70.7081,7.9317,24.8719,26.3462,77.4982,15.7445,53.2439,-77.6875,-46.4686,139.0121,-5.7879,17.6176,9.1784,-18.9383,-47.5958,-64.9134,39.6903,57.0244
-31.7171,-70.0055,-24.0557,13.8274,16.7317,106.4095,44.7862,88.4198,-55.8404,-55.7686,125.3398,-10.5014,32.1539,17.6348,-3.6142,-35.0551,-53.1288,31.2418,75.6322
-52.1046,-69.4310,-48.8891,-10.6449,-2.5112,83.9175,48.5361,67.4837,-35.2961,-58.8534,135.1840,-39.9448,26.0130,-24.8995,17.0084,-33.2800,-62.2154,2.7839,91.9940
-38.2093,-75.4339,-47.8167,-22.3929,-39.7534,30.6211,18.3574,-2.3461,-77.7653,-76.3364,181.1984,-47.8520,-4.1132,-50.2091,1.2782,-45.6118,-66.0631,-5.0976,57.9222
-15.0927,-81.9416,-30.0796,-9.3448,-53.5040,22.6508,-35.6953,-36.5779,-128.1973,-66.6738,212.4401,-22.6446,-39.6098,-27.9552,-45.7343,-60.6269,-37.6349,14.7249,18.3555
-16.5431,-79.8642,-21.0809,-7.8620,-34.4998,49.3086,-70.9900,-28.4880,-83.3525,-0.5698,164.9684,-16.2347,-67.2110,-30.3087,-46.0871,-58.1136,-14.3928,6.2686,48.4881
-26.5409,-75.3680,-26.5359,-35.5493,-26.7208,39.1321,-68.8195,-30.0496,9.7714,63.9943,96.7121,-40.8354,-71.1603,-70.0592,0.6197,-41.0151,-27.3718,-40.1045,90.4713
-27.9099,-72.5033,-38.0213,-56.1074,-35.6670,3.9018,-53.2393,-30.4970,57.8699,95.0802,68.6059,-39.7000,-52.0051,-73.8247,15.7793,-33.0535,-33.8677,-67.0406,85.7392
-33.3446,-55.7004,-51.0317,-51.1992,-38.5959,-1.5582,-32.0136,-15.0851,69.5442,107.9757,38.3218,-1.5348,-33.1266,-42.4789,0.3019,-34.6665,-8.5107,-59.0118,80.1311
-37.6941,-24.2928,-57.2499,-49.1143,-50.9209,4.7882,-0.5770,-20.7996,61.7161,87.7788,2.3947,20.2769,-20.8992,-29.5608,7.9996,-18.2093,10.6065,-55.3577,69.4169
-22.8107,-12.8465,-51.2245,-60.5683,-69.1239,-8.9800,20.3443,-36.9433,35.2416,58.4676,2.2974,17.0109,-8.5427,-14.0166,27.9117,25.7993,11.3489,-67.0113,19.2183
-5.4231,-32.9677,-45.4156,-63.9504,-52.1825,-13.8851,19.6463,-15.8179,34.9121,74.5701,7.5963,27.5011,-3.0900,31.4697,31.2842,67.4486,19.7695,-73.9094,-5.0485
-10.8162,-37.5073,-45.6923,-52.6827,-17.8204,6.5789,9.3129,15.2963,52.9077,79.1160,6.5386,46.7610,-2.7038,57.3281,26.0427,75.9812,33.0089,-69.6545,19.5735
-32.5530,7.4625,-38.0329,-30.5438,-16.1247,23.0861,-12.4109,11.3971,17.6600,9.2571,38.4182,47.9551,0.4801,36.8775,6.3114,54.5811,39.7795,-46.0603,9.5673
-53.3919,64.3879,-23.3806,10.8248,-26.6049,36.6028,-47.0275,-4.1468,-47.9460,-58.2274,60.1175,50.7943,-10.6551,15.5128,-41.9074,12.2047,56.8568,10.5789,-24.0302
-58.9953,87.2132,-13.3677,57.8668,-11.1513,73.7421,-75.4149,-7.5906,-67.1547,-80.7400,29.8032,70.1696,-36.1301,13.0316,-87.6143,-49.8106,82.7838,69.6010,-4.1871
-34.5130,91.2561,8.6391,74.8866,10.6909,115.1818,-85.9342,-6.2280,-59.7568,-120.3348,13.6364,79.0029,-36.2104,8.9100,-92.2734,-96.1806,90.6489,79.5472,26.6583
11.4872,109.8014,55.7488,70.4706,22.5101,128.6078,-77.2331,6.7373,-69.0453,-155.6499,13.6109,83.6573,-6.6606,14.5821,-72.8919,-93.8376,86.6407,60.1547,14.3256
45.1021,128.1543,95.1463,84.5118,43.1805,130.6246,-45.5193,27.3267,-72.0883,-129.2741,-39.6234,110.6476,18.8195,40.6149,-69.9302,-89.5203,90.1307,71.7145,7.9023
47.4865,115.9609,96.4696,101.7281,71.9812,138.4075,-7.5843,31.8853,-53.8520,-101.1009,-81.0216,115.0550,45.2706,41.3492,-78.3318,-128.4658,82.2930,94.6101,25.5025
32.7419,84.4380,75.9805,76.1377,85.2434,128.0871,10.7450,25.8554,-25.5870,-105.8655,-36.6849,58.4142,81.4130,-5.7821,-59.2892,-152.8620,51.6005,62.9587,31.3873
24.9820,56.3172,53.4983,22.7798,68.1463,94.1019,18.1479,21.5011,13.5785,-75.6880,-6.1669,8.8947,85.7410,-41.6795,-12.1201,-112.7718,28.0913,-3.6327,39.2287
25.2908,23.0861,19.5487,-13.7908,18.8954,68.1872,29.6765,10.6658,44.9702,-19.2248,-36.0422,15.0383,45.4822,-26.2584,20.9882,-59.9268,22.7563,-37.7266,59.2388
9.2009,-12.3822,-26.8152,-34.1960,-37.2512,54.2872,29.7243,0.7302,42.5264,-12.2361,-17.6128,20.1776,11.9541,-4.9994,25.3882,-32.5761,13.9853,-43.5595,55.7734
-24.5187,-10.2279,-55.3159,-46.5109,-58.0167,28.7193,12.2091,-7.8397,22.9100,-44.1305,46.0137,-2.5312,6.8883,-21.4685,21.3995,-13.5910,7.6760,-51.8745,31.8437
-37.8739,28.8077,-46.5720,-32.2912,-39.7960,2.2124,-0.6281,-41.3876,10.4751,-74.1370,40.3858,-17.3590,2.9307,-58.4462,14.6744,-22.5260,16.9443,-41.7329,21.1758
-23.8942,41.4921,-26.9469,-1.2855,-20.0790,3.0107,2.9984,-79.6277,7.0078,-97.2098,-13.7555,-26.2462,-7.7477,-81.7135,7.4915,-65.2764,11.5478,-5.4977,25.0095
-23.9785,11.9054,-29.2281,14.2503,-17.1432,24.5155,16.2339,-77.2430,15.2539,-87.8772,-37.6491,-25.6898,-16.8013,-67.0973,13.7752,-70.1558,-20.4337,20.5426,37.0410
-44.2480,-5.7672,-37.7259,24.5722,-10.4351,47.8665,30.6854,-64.5408,24.7792,-45.4003,-55.3069,15.3258,-24.5735,-20.2264,23.5649,-23.5557,-40.6214,34.2454,48.8167
-49.8257,-0.4700,-21.8593,47.2634,18.5983,67.4119,33.5369,-86.3174,9.8779,-35.4975,-67.9498,38.6270,-20.2929,-2.5687,17.9224,-10.9561,-44.2458,55.5790,34.3086
-39.5529,-5.1430,2.9316,54.7742,52.6234,68.6005,10.9818,-117.8814,-19.4264,-75.0402,-20.5620,-21.9010,-4.4335,-51.2830,9.3455,-46.4446,-53.4517,58.9947,-0.8465
-30.2833,1.5344,12.0097,35.7367,57.4462,46.2703,-33.2615,-139.5770,-22.4163,-99.9405,24.4850,-70.3504,-11.5717,-98.1694,9.2070,-57.7742,-38.8095,27.2457,-19.0175
-16.1226,49.2203,16.2545,22.0901,28.9030,31.0546,-77.9789,-159.2037,16.9677,-79.2172,-33.0059,-15.2994,-48.7193,-82.7239,6.0121,-39.9702,17.1777,-3.3538,-10.6316
-8.4587,86.1090,14.5422,12.6637,-5.9542,33.5024,-104.1545,-149.1062,73.8145,-39.1337,-105.2924,47.7102,-73.6570,-56.8618,2.6644,-36.1958,54.7439,-22.3880,15.0063
-30.1180,63.3291,-14.8162,-22.1665,-31.5104,16.8107,-111.1882,-98.2335,106.8003,0.5665,-58.4044,34.5536,-73.0670,-66.6896,11.0073,-27.2150,41.6982,-59.3409,51.8128
-56.2801,19.8384,-52.0560,-64.5995,-49.5213,-26.5621,-109.5156,-51.2845,116.6482,40.4924,24.4650,10.1593,-78.7419,-69.5127,29.8097,20.6240,17.6263,-103.3901,82.5501
-57.2136,-2.2886,-66.7864,-84.9263,-63.9247,-58.2009,-97.1266,-22.7207,153.1718,79.5243,1.1510,10.5323,-97.6658,-46.0692,65.8494,83.7687,-5.6713,-125.0737,101.0307
-54.6759,-14.0434,-82.8511,-99.2714,-88.4550,-73.7216,-73.3831,0.8241,206.2265,93.6296,-62.8072,-7.5165,-110.1696,-39.2165,108.7401,120.1375,-33.7686,-135.4200,115.0404
-58.6090,-16.2568,-110.9995,-109.8514,-118.8111,-94.6800,-61.0673,-1.1892,199.3040,57.1868,-55.4340,-29.5902,-114.5416,-53.7159,107.1961,104.8047,-26.1954,-135.9567,113.1396
-37.9972,8.3988,-101.9731,-82.7468,-109.8755,-96.5903,-62.3424,-22.9682,144.2996,-1.8520,-45.0779,-8.7168,-108.0201,-51.9027,56.5483,40.1245,22.5751,-101.2206,100.2688
6.4316,41.1033,-47.8768,-32.5651,-53.9693,-54.0162,-46.6619,-21.5658,122.7375,-37.9780,-99.7174,33.6301,-78.2682,-31.2072,24.7467,-26.3411,52.4939,-54.6437,107.5541
40.6606,43.9704,-9.5589,-17.7945,-19.1097,-15.6917,-25.5437,-15.8904,121.6139,-54.9129,-126.2992,41.7377,-49.3422,-21.5234,34.2489,-45.1127,48.1435,-48.2792,110.9597
57.2295,15.2627,-9.2824,-44.1824,-38.2656,-38.9478,-37.7929,-45.0965,93.0681,-50.6317,-80.6980,-4.6167,-58.4115,-39.9767,43.3697,-26.1053,43.1846,-73.4237,68.1691
59.2694,-14.0359,-18.9000,-72.8284,-60.9388,-99.1946,-57.1131,-69.1856,79.8697,6.6543,-55.2497,-67.3812,-84.2078,-72.9588,46.5114,0.1596,38.6417,-94.6064,28.0737
38.9662,-26.4936,-32.0275,-91.4450,-59.5633,-135.4718,-46.0373,-51.2475,107.1032,85.2771,-60.6890,-82.7730,-84.5312,-85.0645,58.9386,29.7291,25.4501,-113.7366,42.3954
12.3908,-37.3938,-49.8444,-102.6538,-62.6489,-136.7317,-43.9982,-36.6512,118.3862,116.1511,-19.6789,-52.4227,-70.4100,-68.9416,54.1795,42.4861,13.5555,-128.8462,56.7837
5.7181,-54.6058,-52.2923,-98.9013,-69.2803,-129.4670,-66.6699,-59.5196,108.2814,111.0444,28.9263,-40.3590,-60.5768,-65.0216,28.9377,12.3848,-2.4884,-122.2755,31.9804
9.1321,-49.1659,-39.1986,-89.0609,-50.2554,-120.6726,-46.8289,-85.0365,122.4434,111.3679,-4.2415,-54.6512,-36.9436,-87.6737,35.9224,-14.5421,-18.9805,-113.8572,22.6579
6.5254,-14.4088,-35.5642,-90.4249,-20.7179,-101.5587,20.9251,-79.5834,140.8236,99.2728,-76.5884,-55.6172,-7.0789,-95.6897,81.4604,18.0454,-5.4130,-126.6629,49.3240
9.9507,-1.2813,-45.4908,-95.0333,-16.0649,-81.5206,59.0048,-55.9907,124.9805,68.3281,-101.2294,-53.8694,-5.1851,-73.5008,106.4833,63.7268,25.6334,-132.7966,60.3031
22.4229,-29.9114,-51.6185,-90.6938,-23.5648,-74.8754,60.5487,-44.5760,97.3126,56.1831,-85.0692,-68.7582,-14.9462,-54.3197,96.7738,63.7747,27.6565,-115.5388,44.0763
27.5352,-52.8186,-42.9185,-85.3227,-11.6905,-73.3386,72.2660,-47.9312,83.8050,64.6503,-68.8457,-77.1906,-5.7746,-52.4021,98.1652,61.0241,2.1667,-106.3782,38.2677
27.8059,-51.5844,-26.5394,-84.1912,1.7381,-65.6496,82.5166,-34.9367,80.6428,66.9468,-65.7295,-79.0238,-3.5057,-53.9689,120.4721,86.8596,-21.1744,-110.7949,54.6137
31.9080,-53.3081,-26.8554,-79.9100,-16.4263,-53.7832,79.3445,6.4372,91.1005,69.6630,-93.7425,-91.1228,-27.4989,-53.7152,127.5964,85.3352,-28.1282,-97.3641,84.2330
25.4707,-48.9089,-48.9606,-67.6234,-41.4867,-32.3053,92.2572,46.9234,109.4122,86.0305,-155.6677,-88.0831,-46.1218,-47.0997,111.9714,51.9481,-6.1322,-66.2720,118.6564
5.7883,-21.3413,-58.2211,-48.4895,-36.5175,-2.0024,99.5297,65.9969,103.6451,96.8006,-191.4785,-59.8766,-48.6501,-28.3099,92.2679,49.8270,30.8004,-40.6428,128.7743
-1.6821,-8.3596,-42.7476,-34.0206,-27.0148,6.9767,59.1071,70.4933,73.3256,80.7283,-147.3380,-45.9399,-53.9893,-10.6700,70.1152,64.6924,36.1238,-27.6141,97.4744
6.0843,-26.9887,-38.1121,-37.2737,-38.7092,-10.3490,15.7243,69.7515,65.6629,49.7992,-82.5055,-51.5566,-57.3021,-3.9082,55.3612,55.7834,13.2343,-31.1521,67.8215
6.6652,-23.5767,-43.1418,-37.6003,-34.0494,-2.6159,15.0064,75.4852,90.6562,29.0511,-99.0087,-42.3901,-55.9974,7.8240,67.1721,64.5929,13.9329,-37.4267,75.5661
3.6331,21.7802,-12.1418,-2.2286,6.1482,49.1022,14.0017,90.0940,88.4295,16.7513,-165.8452,-24.0070,-60.0352,26.9558,75.8799,94.5108,34.5331,-7.5796,75.6156
8.9805,50.6126,36.4594,44.8844,37.2530,85.6648,-10.6650,89.7319,36.1467,-1.2971,-164.2246,-28.5372,-50.2721,26.7153,41.2269,68.4048,32.2016,48.5291,28.4926
6.2108,35.1299,38.3085,58.0574,38.5490,66.8187,-23.6723,61.2879,-2.3129,-16.7936,-101.9696,-51.6856,-23.9732,3.7670,-5.9647,1.2009,17.7830,75.4044,-21.2142
-2.7212,29.7051,17.6932,61.8809,40.3200,33.4326,-32.6777,17.0383,-11.8736,-36.6291,-81.8235,-54.5720,-24.9137,-6.7767,-31.3194,-26.3626,30.5107,83.3182,-43.6318
15.9824,75.6140,51.5568,101.9834,62.8619,38.0228,-63.8730,-36.4847,-66.4156,-95.2587,-96.1684,-14.4086,-47.3074,6.5348,-63.6852,-38.2856,70.1403,120.3507,-71.9209
48.4666,127.1793,117.5359,140.7809,100.2306,70.7746,-80.8375,-77.9136,-148.4863,-155.1438,-74.3567,28.2275,-36.3605,8.8199,-94.6786,-67.1483,98.4490,148.6568,-94.9715
41.8330,120.2801,127.2364,118.3528,118.0676,75.6501,-60.3463,-70.4507,-144.7301,-128.5525,-39.8533,12.3121,-10.7807,-15.3450,-66.0615,-46.2498,77.4422,111.8863,-74.2928
8.2787,75.0843,79.7213,65.1190,75.9973,31.4587,-45.9568,-34.0204,-69.4033,-50.4391,-41.0596,-32.6565,-23.8524,-28.3773,-9.0117,24.1637,22.8325,59.5544,-52.3520
4.8719,63.2506,50.6362,45.1802,13.5300,-7.6316,-47.9609,-17.1821,-33.6803,-29.0562,-64.7590,-20.9013,-44.3887,-4.5213,0.7470,48.5735,2.4158,51.1656,-61.8452
27.7422,89.2683,59.8820,47.3356,8.4930,1.0288,-27.9231,-8.3673,-28.7620,-46.4655,-92.6499,35.6900,-24.8985,25.6767,-7.1025,31.7346,31.0639,46.3148,-47.5456
30.7907,87.6590,58.0045,26.9722,25.0840,11.9341,4.3009,10.5176,6.5891,-29.0518,-100.9170,48.1845,7.7573,28.7591,18.8308,41.9864,32.3082,9.9306,-16.5743
2.9230,34.4479,19.4751,-4.1749,-16.2573,-14.9265,19.4616,11.6479,33.9892,-3.4066,-55.4989,4.8836,23.8224,15.1678,40.6301,55.4427,-36.9018,-8.8318,-42.9753
-37.6790,-22.1679,-28.9951,-13.4295,-69.5421,-34.8539,46.6444,-0.2542,21.2663,-4.5514,4.2923,-32.2546,39.4601,6.6306,38.3015,43.7791,-115.6515,12.6804,-83.8664
-66.2450,-40.8004,-55.8825,-14.0957,-67.8477,-20.2955,105.2025,4.0023,7.5635,-4.6248,18.0529,-37.1762,65.9574,3.0949,49.7492,44.3181,-139.5528,22.0207,-65.3956
-58.3279,-31.3336,-54.8376,-21.0798,-55.6410,-14.7355,144.6712,-2.5145,-8.2724,-10.0188,15.8899,-24.2802,91.0737,2.2223,55.5286,41.4420,-117.9422,8.8266,-52.5802
-25.3055,-22.0337,-36.8372,-4.3359,-58.3512,-26.5402,137.7770,-32.5296,-47.3337,-41.3044,21.4724,-0.8325,100.4564,16.4891,15.4856,-5.8066,-91.4758,31.2931,-90.5247
-7.4340,-17.1693,-15.1345,41.8397,-31.4970,-11.2408,131.0329,-32.9424,-74.2833,-60.9976,-3.1761,32.6636,99.4416,51.2952,-25.7648,-44.2335,-79.0030,88.6986,-104.2623
-10.5991,0.6035,1.7322,65.6155,4.3958,28.5181,148.1494,-2.8367,-75.1064,-60.9544,-26.7204,71.1107,117.8724,84.2425,-27.5264,-33.6345,-70.6156,107.6676,-86.3043
-9.8767,26.7825,9.7192,53.0083,2.0963,47.7123,153.4067,-4.6170,-79.3330,-78.8290,0.1098,102.0443,151.3068,89.2213,-27.7129,-35.8430,-54.3320,80.8979,-92.7232
-1.3141,30.6626,9.8839,51.8791,-1.8789,33.7397,135.4861,-31.0231,-78.4670,-87.8254,6.7985,110.7392,141.6633,75.1477,-43.2654,-68.2552,-40.2872,76.0545,-84.3367
6.1598,14.4101,14.7741,72.1800,22.7750,8.4153,121.9639,-22.6631,-63.7341,-49.9352,-40.5974,103.3005,91.3501,70.6392,-46.5034,-70.7656,-40.5831,101.6134,-33.2210
12.5259,16.5992,40.2000,82.6828,48.6708,1.4446,114.6779,19.4327,-75.1367,-12.7869,-35.5608,107.1552,82.9182,77.2354,-50.8528,-55.6080,-42.9780,110.1564,-6.8389
15.2638,36.0656,76.7753,86.6117,78.2449,23.5779,96.2330,50.8522,-113.7449,-7.6115,43.8493,129.5558,119.0622,75.5108,-78.7667,-76.3720,-33.1022,101.2595,-3.4394
12.5174,29.5766,89.6753,88.2257,110.9173,39.6663,74.1850,53.5062,-120.9973,10.5447,85.7051,139.5677,117.0348,65.0024,-90.9897,-91.2482,-23.7543,90.5256,31.1904
4.2686,-5.0215,61.8422,63.5169,96.8879,21.1687,59.8235,47.1103,-79.6432,47.0164,71.9078,119.2056,80.0508,67.4591,-61.8982,-44.9570,-32.7790,62.9789,44.2067
-14.4775,-25.6650,19.5370,32.3912,49.8579,4.4776,45.2802,62.5289,-31.3010,53.0809,72.8109,106.9797,77.8834,100.7675,-40.6595,13.2439,-46.0913,35.9719,-8.5705
-26.0722,-17.4192,1.7212,31.7505,39.9478,13.6831,29.2218,86.0598,-10.0128,25.9325,85.5375,135.7183,99.8215,147.6588,-53.5556,29.6029,-33.8407,34.3585,-50.6990
0.3172,2.8790,15.1791,28.4400,49.9394,0.5776,16.0139,61.0110,-12.1148,-8.5614,82.0842,164.1003,94.9955,156.2123,-54.6521,29.4779,-0.9938,15.1450,-47.4075
44.5486,23.1667,36.3101,2.5780,35.5188,-51.1719,0.4670,-7.0372,-10.8585,-47.7542,74.1960,161.7947,72.0559,120.6574,-29.5774,30.4184,13.8251,-32.1962,-42.5616
66.4399,26.3081,47.1489,7.5497,32.8662,-75.7548,-11.7825,-36.3592,0.9017,-72.1605,54.6755,180.2392,50.9392,117.8318,-25.5448,16.0704,6.1665,-33.1676,-24.1152
84.9956,-10.8805,43.7674,34.1649,47.4363,-48.3468,-14.9858,-5.5267,0.8585,-54.6791,22.0772,212.7352,17.0915,171.3188,-45.4235,5.9595,19.2081,5.3901,14.0396
120.2462,-71.0828,22.1641,8.5985,21.0807,-32.8676,-27.6915,14.4881,-11.7670,-27.9713,14.5886,150.4647,-26.7944,182.7241,-42.3897,20.3090,60.8875,-5.6402,-0.1064
131.7466,-98.4003,-7.3516,-36.4246,-21.5411,-62.6695,-50.5205,-14.6748,-17.4975,-39.5710,29.1484,12.9570,-49.0161,108.8130,-27.6608,14.7004,86.0588,-39.2305,-64.7747
110.2668,-77.1962,-10.6588,-20.2616,-10.6886,-91.7962,-55.5799,-51.7713,-24.5062,-63.3129,29.5545,-35.3411,-40.3201,42.5614,-47.9863,-43.7514,77.6111,-14.9433,-79.8777
104.9186,-53.0974,19.9465,19.1109,23.0090,-95.6101,-53.2059,-61.3602,-41.8294,-53.7597,33.6370,16.0913,-27.7101,30.1840,-85.7294,-109.9192,60.8769,23.7970,-34.9665
112.1921,-48.7848,41.5804,27.0815,32.1771,-111.5961,-75.2427,-66.1609,-50.9519,-41.3535,56.6270,28.1075,-36.2121,12.9240,-102.7294,-139.6835,50.9014,27.6329,-11.1306
87.9312,-28.6936,34.1053,46.1188,50.9608,-144.8184,-101.3498,-91.1556,-50.8246,-73.9515,51.3665,-4.1980,-57.4231,-20.2806,-110.5707,-143.0823,49.9603,49.4913,-21.5129
52.2779,22.0019,34.6624,93.8448,86.6800,-136.2127,-105.9899,-104.1509,-58.4929,-124.5286,5.5386,6.6776,-70.1748,-24.5483,-120.3293,-138.0609,58.8064,101.3364,-19.2362
44.8363,60.0322,59.9886,123.7732,94.5539,-72.2430,-106.9353,-68.5765,-70.7418,-146.4217,-23.5284,43.0284,-72.6905,-3.4549,-119.4826,-131.3806,59.1455,131.5740,4.0979
44.8685,57.4228,75.6787,130.8735,88.0041,-26.4297,-97.6234,-21.9127,-86.6918,-147.7913,-5.3623,63.7511,-65.6360,18.3421,-113.2372,-123.2938,35.8463,141.6600,27.5636
31.4212,39.9279,64.6904,125.0494,96.1192,-44.4267,-62.6450,-18.2174,-110.2630,-149.0421,42.4129,81.8641,-46.3702,33.0660,-105.2379,-98.5374,12.3524,135.4479,39.9391
27.6691,32.9035,48.5516,87.1169,82.0464,-83.6976,-50.4619,-34.1627,-119.1654,-143.5029,93.2706,78.6972,-39.4394,23.7922,-85.2734,-60.1934,16.2960,85.9495,39.1656
40.5618,31.8470,39.4825,45.6257,39.7100,-96.4766,-78.8515,-20.9696,-102.0671,-125.3973,107.6154,53.8494,-60.7658,6.6148,-71.2898,-43.2128,39.6521,37.3631,40.0752
44.8401,29.2222,30.2958,42.1993,27.4528,-88.0648,-76.2348,9.1341,-75.8608,-94.2988,72.1069,71.5586,-68.8928,27.4639,-74.2795,-44.0067,56.1294,36.8268,60.3384
32.1374,26.9999,15.6670,32.2858,33.0496,-88.0329,-33.7444,16.7505,-43.3186,-56.0623,48.1775,112.7228,-37.8458,55.7970,-59.7324,-21.8453,50.2513,20.6788,73.9760
19.2100,29.0537,-3.9161,-16.7887,-8.0402,-112.3402,-28.4270,-1.8402,-16.5215,-42.1548,79.7470,92.4713,-12.0618,32.0776,-30.9852,6.1221,36.0145,-38.7361,39.9907
19.3218,34.2971,-18.1155,-42.5175,-61.1783,-140.3358,-52.6427,-15.7620,-24.6570,-55.4727,104.6379,42.0229,-17.6947,-3.0907,-36.5919,-5.3113,41.2269,-55.5545,-11.7728
27.1396,33.1605,-17.6746,-21.7332,-58.6195,-139.1862,-40.7146,-1.5678,-40.3532,-40.2088,63.9998,31.2339,-26.8712,1.7477,-58.4708,-29.3914,59.2242,-17.5715,-15.1027
29.2256,23.2298,-17.2154,-17.4731,-45.8554,-123.2756,-18.0498,13.5057,-19.9923,4.6377,9.9039,25.3288,-33.5959,3.9311,-45.6174,-23.2407,60.8107,-10.1861,11.6811
26.2985,19.3317,-29.9089,-45.9331,-83.1366,-124.3321,-27.8924,-11.3712,6.0119,5.7982,3.2376,-3.2526,-44.8159,-22.7200,-17.8684,-10.0150,48.0581,-42.1486,-1.0968
26.7250,23.8895,-40.6646,-66.3952,-122.2372,-122.9342,-33.5005,-45.9856,19.7679,-27.4545,9.3504,-14.9095,-36.9468,-37.9312,-2.7922,-13.6733,35.4166,-64.8225,-35.3160
25.5936,16.7172,-42.2099,-75.2211,-113.4094,-102.8755,-10.6238,-37.4567,62.5523,-13.0354,-17.6452,-11.5787,-11.8513,-33.6872,22.0765,-8.4872,17.2047,-81.5644,-24.6298
20.8361,-3.1486,-49.4532,-85.9032,-93.5248,-101.2378,12.9669,-16.6116,103.6153,27.2794,-45.1504,-17.0049,-5.2234,-26.9439,51.5597,20.5537,2.4440,-99.1131,4.1975
21.8537,-13.1151,-60.8913,-86.7806,-94.8876,-120.6870,25.2452,-30.9371,72.7602,8.4475,-26.9255,-12.6000,-12.2048,-7.3401,52.1950,50.2640,9.9372,-95.8614,-13.4811
20.9528,-12.6865,-63.5461,-75.1809,-98.0226,-109.6864,23.1053,-41.7913,22.7768,-39.9431,14.5352,6.9966,-10.8201,21.4729,35.7918,61.7579,19.6120,-78.6193,-43.8069
7.3596,-17.1768,-62.4275,-61.2462,-89.5820,-69.4507,0.9330,-5.5651,39.3510,-26.1399,19.8314,38.5679,-17.6597,49.5909,24.5598,60.4675,14.6581,-65.3728,-18.2271
0.7891,-18.6124,-59.2483,-44.4123,-71.5049,-49.7225,-12.7806,38.5806,88.7803,35.8987,-27.7399,92.9696,-33.5058,87.0122,13.5515,58.6222,18.6610,-51.9449,37.1262
11.2670,-4.2923,-45.8747,-29.5570,-44.3183,-56.2215,3.6232,38.4400,108.0362,54.4799,-79.2439,120.5002,-24.2118,101.8075,11.8583,54.6485,29.1516,-42.1277,49.6552
14.2136,11.0163,-30.9859,-25.0421,-20.5114,-60.2789,19.9301,9.1944,95.1245,12.9260,-79.1026,76.0332,2.3322,61.9593,25.4949,42.9746,18.5751,-41.5257,21.3888
6.8493,6.6548,-19.9545,-23.8922,-8.0449,-44.9086,16.3532,13.6105,66.1142,-3.7337,-36.3289,42.5730,6.7037,37.1968,31.9461,45.9630,1.8191,-40.5470,19.6067
8.2524,-13.2302,-5.0358,-26.2484,-0.7524,-12.7768,12.3580,75.0605,52.6208,48.0639,-5.0943,73.3526,-4.8410,73.2542,35.6337,81.7145,-6.0735,-45.7365,64.0273
4.4914,-25.4209,-3.5936,-41.0498,-7.6531,3.7368,18.7782,123.6170,81.8308,86.9480,-9.9272,71.1804,-2.8107,82.4459,60.2915,110.0523,-27.6955,-63.9132,91.1880
-17.0068,-11.6140,-27.2741,-51.8590,-31.0766,-14.2285,33.2051,97.1170,108.6008,53.1133,-36.7841,10.9187,8.9356,31.0044,82.3287,98.3176,-47.8164,-68.0802,61.6809
-26.9014,18.0282,-35.1117,-41.8678,-37.1453,-23.3264,46.1530,55.3515,90.6515,24.1777,-66.3762,-1.4676,12.9585,11.4637,75.2221,88.1824,-28.3828,-51.2851,26.8283
-15.1883,26.6110,-7.9157,-32.6846,-14.6480,0.6245,40.5249,68.1509,78.0911,62.5198,-78.3263,24.3833,12.7551,33.6878,69.0625,105.3341,-10.4717,-48.2787,29.0514
-11.9930,-2.0788,6.9767,-37.9034,2.3914,11.6492,36.5833,88.5962,102.4023,102.3279,-68.3873,-3.6446,24.2195,20.6779,82.8615,102.0441,-48.5900,-56.5736,37.0719
-21.0878,-33.2433,-6.5357,-29.1583,6.4065,1.8711,68.2749,67.6935,110.1526,89.8191,-65.3460,-35.2385,49.7062,-2.4248,82.9969,58.7812,-96.8738,-34.6927,27.6701
-19.8925,-31.0274,-6.6978,4.6709,17.8099,22.3903,99.2705,43.4054,80.9124,56.1778,-81.2972,3.3054,71.6686,26.0198,55.7026,21.9945,-96.4095,11.4979,10.8209
-9.1153,-9.9419,14.1169,34.1021,34.0061,69.8562,83.6006,35.4898,52.5101,17.0614,-86.6111,41.0552,79.6239,61.7497,29.7578,9.5638,-70.5847,40.9272,-19.4710
1.2496,3.2518,33.2984,50.3248,57.7459,97.6689,57.7705,15.4641,27.4484,-31.3571,-70.4503,26.4526,85.0787,54.2388,14.6616,-10.1304,-50.8913,53.1469,-51.4757
10.8913,19.0076,54.5855,73.3075,98.6931,96.3753,49.3302,-18.2640,-14.6468,-64.6124,-51.2985,19.7788,89.5118,30.1244,-11.9495,-49.4736,-25.9126,72.4653,-54.6449
12.8033,49.4123,73.0511,96.2542,122.0098,72.0691,17.3582,-50.7084,-58.1389,-82.4566,-27.1603,33.9167,75.8530,12.0418,-53.8209,-82.6604,7.9149,93.1533,-59.3074
4.6331,70.4488,70.5039,96.6779,105.8456,39.4292,-34.7088,-72.1754,-83.7825,-101.4692,5.8858,19.1716,48.8049,-3.2115,-79.7370,-79.9171,32.1841,96.0630,-98.0757
-1.4345,64.3650,68.0655,85.0733,96.7312,37.0243,-55.7863,-67.2761,-99.3235,-94.5222,31.5962,-12.7347,29.7342,-13.8008,-72.6157,-49.5602,35.2336,85.6753,-113.8793
-4.2239,46.8882,84.1673,78.4907,109.1062,56.8459,-64.8408,-52.7202,-106.9972,-52.6759,57.9321,-25.0360,14.2551,-32.0348,-59.0892,-37.2730,16.4249,73.3407,-74.1986
-11.6636,33.6068,86.7321,64.9768,92.5812,42.8323,-107.6020,-57.7980,-94.4610,-23.7783,101.1026,-26.4219,-12.8829,-59.0045,-62.8440,-51.3041,-6.8110,54.1057,-42.5233
-18.0916,36.6252,64.8223,42.1546,50.7374,0.9375,-157.4924,-56.1069,-67.6522,-26.0243,127.4258,-19.0416,-43.5864,-59.7211,-70.8480,-44.0551,1.3627,27.8006,-43.6046
-15.3268,69.8866,56.1688,31.3186,36.3857,-15.8693,-168.2312,-27.0809,-53.3105,-31.6781,101.8381,7.4022,-58.6140,-32.9952,-66.9032,-3.9460,46.1013,9.7441,-38.5065
-6.0510,104.7456,65.5651,27.6605,41.8148,-5.2145,-136.0542,-4.9281,-54.6739,-22.2204,50.2761,24.6024,-51.0045,-18.8998,-48.5166,30.7348,81.6731,-0.2900,-26.6375
1.1332,91.5287,57.9123,8.0664,32.2638,7.0283,-79.2150,12.4202,-40.9421,13.3902,9.4688,10.5522,-33.3902,-17.8156,-14.4314,53.3916,76.3599,-17.6264,-12.3431
-3.6671,56.6519,29.7576,-13.9734,14.8182,12.4831,-27.0550,49.9390,-9.3481,60.6695,-21.2582,0.1827,-26.7856,-6.9287,16.1881,74.2247,59.5787,-32.3201,24.0964
-11.5134,64.6466,10.4333,-12.5175,-1.6208,8.8529,-1.4069,66.5925,0.6870,65.3198,-53.1476,22.6342,-28.8542,6.1706,14.6066,70.5837,70.1614,-23.8435,49.0939
2.1106,90.7819,14.4918,-0.9092,-15.9270,9.4662,14.0580,42.2388,-12.6739,23.9860,-80.4450,48.1237,-15.3506,15.3017,1.7564,43.8304,85.7955,-8.2190,27.0467
19.6244,74.0954,22.9906,-2.5077,-10.8695,20.7494,33.4733,31.6952,-3.7553,-0.1062,-82.2608,39.6805,11.8811,20.2260,16.2523,33.8515,59.8528,-11.5642,6.9952
-5.3696,46.6700,5.5189,-10.6303,4.5512,10.7439,36.3411,43.8481,37.1264,8.6264,-61.3212,11.2347,25.4354,4.2643,35.6320,39.5242,15.3639,-22.7117,20.4858
-48.8707,65.4667,-26.0104,-10.4689,0.3360,-15.1845,24.1857,49.2946,70.7184,17.5075,-66.1044,2.3551,25.6066,-17.0109,24.4622,31.3181,18.2158,-19.6320,24.7746
-40.2070,93.3676,-23.0819,-2.3213,-6.8586,-1.7455,28.7409,66.6897,63.4743,15.6299,-98.3307,11.7967,38.3275,-6.1818,1.3420,9.3263,60.0928,-5.5070,5.0580
9.7192,66.8598,10.3857,5.3610,10.1565,34.4741,45.4012,82.5710,14.8204,-8.9579,-69.5998,-2.5657,67.8920,9.8152,-13.0447,-26.2791,66.3947,6.8166,-19.1624
27.9834,5.3921,16.9602,3.6837,22.0653,37.9343,43.9827,47.8465,-32.0725,-51.0612,31.8304,-38.5919,89.6302,-7.5570,-26.0463,-72.9773,22.9567,10.0033,-44.0503
4.4982,-26.1833,-8.1279,-9.1011,0.1085,40.6791,26.6360,6.9755,-27.0320,-50.0688,85.5740,-33.7182,82.4619,-18.5779,-29.5767,-86.4615,-7.4280,-2.1144,-44.3195
-12.5922,-12.1784,-15.0539,-24.1885,-26.3822,71.0246,13.8451,14.9234,7.0269,4.5431,59.9829,17.8513,61.3250,-0.2751,-16.3256,-55.6959,1.1399,-26.9174,-7.3012
-6.3843,4.8510,4.2186,-32.4809,-21.7069,68.2487,5.5634,14.1530,12.4747,36.9789,56.2850,32.9659,58.9825,-10.7318,-11.2170,-49.1402,8.7724,-47.0766,11.6274
-0.7780,-7.3916,12.2751,-34.5437,0.3720,21.9351,-9.4025,-28.3187,5.4089,29.4789,86.7433,-20.6735,62.8827,-64.3075,-18.1983,-82.4510,-6.2863,-51.4892,-7.5218
-14.8930,-31.5896,-13.8926,-45.2921,-9.9288,-5.1060,-25.1145,-56.1152,27.5176,26.7198,79.3201,-77.0776,31.3826,-97.7921,-0.5266,-72.0010,-23.0505,-56.7823,-13.9556
-38.9725,-43.9305,-64.3859,-76.1322,-64.7094,-17.0732,-19.3416,-53.9615,59.5674,20.8586,48.5985,-94.1312,-16.1130,-87.6329,48.2350,6.6909,-29.5437,-82.4304,-3.5182
-46.4532,-46.4155,-96.2734,-97.6938,-92.3697,-40.7954,12.4100,-32.7451,82.0300,12.7637,21.8561,-83.5814,-25.2758,-56.3919,84.9953,73.4182,-30.2977,-103.3830,4.5333
-32.0009,-35.7257,-74.0018,-70.9474,-44.7190,-35.9541,35.6010,22.3841,103.1106,52.9169,-36.9089,-39.4430,-10.4956,-10.2337,76.5786,80.4762,-14.9139,-79.7393,37.0672
-15.6243,-12.8750,-30.8378,-28.9117,0.9786,1.6640,16.7179,61.1860,98.7104,109.9453,-84.9753,18.6687,-18.1338,26.2722,37.0063,55.7488,19.1743,-39.5205,69.8271
-3.2210,-14.6405,-20.3221,-35.1469,-24.0000,12.4045,-25.6684,28.1102,59.1351,103.9548,-38.7610,14.7116,-37.8907,12.2818,11.7044,31.9646,37.2759,-44.3392,43.1901
9.6199,-49.1432,-32.3974,-69.7320,-58.7629,-5.4418,-46.3101,-4.6013,41.4957,68.9808,31.0106,-46.6765,-44.2776,-25.9173,23.4646,23.3676,20.3537,-78.2248,9.4946
8.7743,-62.5290,-40.4300,-76.2651,-58.2761,-13.5347,-35.2555,19.1796,67.2236,71.7500,21.9712,-60.9663,-41.7696,-26.9405,40.1109,30.0564,2.1739,-84.4877,27.2133
-7.5860,-43.3629,-58.6776,-71.3384,-79.9540,-18.7021,-22.5050,26.6734,79.3016,72.0550,0.2170,-16.3352,-32.3107,4.3841,29.1824,35.9591,8.9818,-74.0676,18.8478
-9.0035,-46.1802,-85.8114,-85.1638,-128.5751,-22.5146,-25.1385,-7.1358,54.2195,27.3850,33.9192,-4.1989,-21.6392,28.2729,13.7778,37.8091,22.9278,-78.8292,-48.6901
13.2170,-73.4750,-87.3286,-86.6211,-128.6759,3.1522,-15.4526,-15.5002,29.2243,-15.3100,45.7893,-25.2254,-22.1251,43.9403,23.0776,44.9117,26.7351,-75.9414,-71.7598
28.6479,-73.5826,-64.4410,-61.9905,-83.0979,42.7755,29.9255,1.5516,26.5571,-20.7543,-2.2450,-10.9061,-8.6253,55.8194,39.9046,39.8482,21.7734,-54.2458,-26.6895
21.4543,-50.5586,-52.7868,-52.5139,-62.4703,48.7308,79.7366,4.7277,42.6839,-12.1981,-34.0522,7.5127,36.8378,41.8342,48.2368,13.6120,2.8867,-48.9114,-3.8148
6.7469,-50.4975,-61.6440,-67.4730,-72.7807,18.9947,98.5171,13.0070,63.4480,-1.5108,-28.4985,-34.3922,62.9483,5.6018,62.3704,6.3326,-28.6295,-60.6177,-16.0214
2.6155,-74.9785,-66.9844,-71.1612,-70.8119,-4.2790,92.3448,33.0915,61.7119,20.5309,-26.3937,-88.8856,37.7931,-12.5072,75.1811,29.8205,-46.5690,-55.1095,-13.7293
14.9902,-82.9150,-44.9704,-55.4491,-46.7330,4.3946,61.8335,33.2233,34.7202,41.5785,-16.3024,-81.7967,7.5862,-2.1531,58.9627,36.6466,-31.4812,-40.6483,-4.2138
27.2458,-41.8469,-7.1867,-39.8489,-26.4305,19.3235,4.0300,12.4429,18.5138,31.9725,2.7569,-31.1814,-3.6066,5.7270,28.7299,22.9012,3.9207,-43.2226,-7.1001
14.1213,31.4263,5.3652,-24.8158,-29.9424,8.5559,-29.6151,-16.1336,31.1443,-9.4336,-30.9234,14.0392,-17.9786,1.6305,23.5845,31.4870,28.2397,-41.8334,-10.7389
-13.1179,77.2161,-6.2411,3.2871,-33.5069,2.4651,-4.2248,-46.0848,44.6092,-36.9999,-112.3139,40.6667,-26.8866,2.9150,31.9011,42.2091,25.5943,-6.7818,-9.6715
-15.2906,72.6760,11.6727,40.2354,5.3091,40.0185,13.8023,-49.0134,26.8054,-18.0350,-145.6482,40.3724,-21.5930,0.5277,15.0482,8.9311,20.8292,39.9249,2.9102
12.2980,57.6700,64.7116,60.9059,61.2046,74.5456,-28.0046,-18.4347,-13.9784,12.4312,-102.8214,6.0729,-31.3742,-25.0356,-14.2893,-32.5062,33.9865,56.4180,26.1780
34.2237,51.4412,91.4521,54.4487,62.0632,50.5720,-79.8615,3.2251,-36.5621,6.9259,-50.2433,-35.2290,-55.4910,-49.0718,-22.6153,-34.8496,31.1763,47.0494,20.2590
27.9773,35.7672,70.5416,46.8852,14.0361,11.8746,-102.3652,1.7181,-27.5518,-22.2536,-24.7913,-49.8925,-66.5713,-42.2602,-26.1199,-31.6747,-5.1536,52.8812,-20.5406
7.5628,14.1136,43.9818,56.8974,-10.6169,19.0552,-106.5508,8.6223,-23.7747,-27.7144,-15.7523,-47.4831,-73.8791,-29.7356,-43.7481,-52.5188,-26.3540,80.5977,-26.6271
0.5611,-8.9226,36.4089,58.7626,2.2444,51.6572,-77.0112,35.3653,-37.7901,14.0740,-20.8719,-57.7288,-80.2712,-37.0930,-42.9865,-62.6504,-18.8970,89.8033,24.9808
10.9583,-44.4002,33.8844,33.0235,7.2750,62.7617,-18.2458,60.0920,-32.5674,73.7293,-25.3465,-75.1904,-56.6149,-42.8462,-12.6499,-49.8787,-32.8045,62.9320,60.0202
11.6551,-65.2175,18.0967,4.1901,-15.1779,39.3900,3.8327,54.8559,-6.5553,88.1612,0.2905,-75.4849,-17.4100,-41.4900,-3.3869,-55.7138,-58.2612,31.5254,36.8856
-9.8961,-47.1468,-13.6139,-9.3248,-43.5307,-1.2678,-16.6794,18.6600,5.3354,55.1860,33.1664,-67.9276,-7.4676,-58.3547,-26.3106,-83.4311,-43.9556,16.7204,7.9972
-31.0251,-32.2102,-39.8907,-22.3175,-54.8161,-22.5850,-9.4144,0.5095,13.8461,60.3537,21.5043,-68.8312,-19.4933,-74.0830,-19.5572,-67.8775,-22.2291,1.5350,20.2233
-41.6096,-35.8268,-41.3139,-37.6315,-52.8601,-9.3714,23.8796,31.0624,39.2068,123.1979,-22.8665,-56.4200,-25.7975,-48.8792,27.6501,14.7743,-34.8002,-19.9503,45.3343
-54.1411,-12.0954,-30.9760,-29.2949,-51.7421,8.7156,19.2207,60.1429,47.3847,145.0457,-52.8127,-26.8575,-31.3345,-11.0959,40.7662,75.3859,-35.4758,-14.0619,33.5143
-60.5987,24.2773,-23.8970,11.0630,-41.6611,12.8345,-20.7771,45.8650,19.9555,98.1769,-66.9759,-23.9251,-43.9019,-7.2795,-7.1471,40.7700,-1.6412,37.7718,-10.4029
-50.5290,23.1180,-13.3138,45.6115,-16.3139,16.3729,-53.3777,18.5361,-2.9799,73.6607,-78.7828,-45.6823,-61.5979,-18.0543,-47.0595,-9.2168,19.6309,83.0856,-36.9719
-46.7669,22.4980,-0.9299,41.2661,-3.6406,22.3506,-67.5869,-1.2047,-3.5767,90.0611,-76.7685,-35.4007,-78.1376,-17.1844,-34.1251,18.1671,22.1007,67.2645,-27.4538
-58.6537,60.8311,6.8788,33.0937,-2.5967,31.4892,-59.0639,-22.7402,-12.9987,70.9190,-66.4225,1.5785,-70.2129,-20.7967,-15.8734,47.7621,30.7053,41.9703,-12.4839
-53.6539,81.5399,26.5472,71.3065,33.4120,58.6604,-32.3132,-23.2449,-50.5909,10.1650,-64.9495,14.8311,-35.7024,-19.4931,-39.4633,-1.9989,32.9352,85.3255,-13.7861
-19.4118,63.3588,65.0587,123.8626,95.8149,95.5290,-19.5526,15.1434,-103.1618,-30.8416,-55.8170,21.0874,-14.2749,19.9437,-74.7330,-42.0595,35.2026,149.0909,-18.7751
8.7474,64.5011,94.2136,130.6480,124.1150,116.0526,-24.6216,57.8557,-134.5169,-36.5171,-33.9753,53.1662,-13.6163,67.8384,-77.4593,-6.8898,60.3163,146.5186,-10.0592
-0.4822,81.0316,86.9117,106.0599,111.2846,112.5343,-10.8136,79.4543,-106.6181,-18.4686,-35.3274,73.2092,-0.5011,69.8490,-54.7034,20.6918,62.9987,109.4066,14.6167
-37.5396,56.1031,42.4830,81.3627,82.0290,80.7410,24.6824,92.9810,-39.5951,21.6061,-50.9992,51.7450,17.7746,47.9409,-27.4137,20.0235,9.1630,91.6901,36.7356
-60.8315,3.6933,-9.7157,42.6243,36.2745,29.8209,46.8644,104.0956,-7.4739,54.0588,-22.6680,22.1396,16.4400,52.4918,-0.7950,59.8306,-36.2543,64.1497,26.8804
-40.4271,-27.9793,-23.5054,4.1493,-5.0364,7.2310,47.5266,107.0057,-32.5146,48.3040,35.6405,6.5703,18.3067,71.7523,9.3213,95.8086,-33.6319,27.4678,-13.8019
-2.0028,-36.5239,3.6759,7.0421,-9.3617,31.8710,47.7643,106.6889,-55.0163,31.4854,45.8717,2.7011,39.7303,77.3675,-4.6363,56.4412,-31.0821,32.8408,-41.6053
10.9773,-36.0404,21.7059,27.3636,6.7860,57.5420,63.6501,110.3822,-34.8035,39.2682,1.6893,21.4842,56.0578,84.1176,-8.8293,18.8897,-45.5657,54.5428,-26.3732
4.4490,-36.4453,11.2994,23.4304,15.9370,57.1996,90.8370,110.5758,-6.3427,50.0508,-28.7575,53.6637,59.2729,104.7837,14.2437,47.4139,-50.5877,42.5291,3.9704
0.5433,-50.6032,-3.9653,14.4676,9.4464,46.4169,102.2657,83.5576,-11.1938,31.0342,-10.9394,66.7309,58.7236,119.4627,27.0685,72.7324,-60.3033,30.9356,-4.6280
-10.9518,-65.4182,-20.6978,14.7595,-24.9866,23.8632,86.6559,26.3739,-39.9876,1.6274,31.8001,61.3982,53.9110,116.1656,9.8169,62.5831,-84.4656,43.8242,-63.5472
-26.0821,-56.3841,-38.3075,4.8146,-58.2422,-8.4315,74.5950,-16.4000,-65.6346,-4.1065,61.9826,50.7685,56.5732,103.0428,-10.1409,60.2868,-76.3549,42.3787,-123.7765
-16.1088,-36.7070,-34.5280,-5.9097,-41.0724,-20.0985,77.2508,-18.8708,-88.1120,3.0591,60.6267,21.2795,64.4012,84.3962,-17.7183,65.8969,-20.3472,26.5142,-144.3666
4.4314,-27.2430,-19.4686,-2.8735,-19.8574,-11.4626,60.2709,-16.8518,-114.5436,-5.2902,45.3112,-17.0273,36.7186,65.9338,-18.1009,73.2623,26.3626,27.0249,-141.3463
0.6643,-15.4441,-19.3260,0.4736,-50.3574,-7.6426,27.3615,-25.4263,-127.3087,-24.7636,36.2436,-20.3487,-16.3392,59.9763,-9.7833,96.6680,25.1050,34.9201,-131.8079
-8.0815,9.0835,-9.9787,13.2854,-60.1525,5.1510,30.3710,-18.4778,-113.8313,-37.5734,13.1064,12.1191,-19.6030,61.1995,-2.7144,90.2068,2.7171,46.3544,-102.4435
3.9856,30.0430,24.3346,43.1610,-10.5799,37.0038,62.0020,-13.6152,-95.5365,-42.9940,-26.8498,32.0709,28.2186,46.5036,-11.5011,22.5725,-9.0984,69.0827,-71.3247
5.4921,26.7401,34.7428,44.5177,-1.7592,44.4945,60.5760,-35.9808,-82.7581,-33.6819,-26.4783,10.0507,47.9958,9.8223,-17.5728,-26.1671,-25.2814,68.9288,-75.4835
-29.0418,-6.0143,-4.5051,3.8288,-54.1681,7.8739,27.2863,-43.3169,-48.2467,0.2521,24.2656,-39.3522,27.0296,-25.7527,-0.7529,-5.1946,-66.8920,32.6574,-90.4892
-64.6072,-37.3273,-47.6202,-19.3549,-66.0554,-23.6413,15.3762,-20.8251,6.8207,23.8628,45.1974,-71.7372,20.9350,-34.7648,15.9189,18.6496,-96.6682,10.8133,-82.0612
-61.0112,-17.7165,-51.6018,-3.4098,-34.9356,-20.0815,29.2967,-31.5142,18.7210,-7.8446,11.9747,-49.1817,40.5522,-18.9691,4.5378,2.0251,-63.2908,21.0777,-85.1807
-24.7657,43.1917,-20.5779,13.5187,-29.7888,-18.7330,33.5808,-83.1012,-43.5397,-69.0697,-0.2608,8.2965,51.8493,-4.1684,-27.0540,-22.8981,6.8879,29.1296,-114.7097
12.4164,76.1550,16.3748,19.9970,-26.8348,-41.4744,19.5540,-99.9065,-107.0425,-94.5278,29.6904,44.4869,41.7861,-3.2310,-54.2797,-40.0865,47.7519,27.7756,-109.1783
34.1590,57.9599,35.3419,25.5927,2.7431,-46.6875,4.6062,-57.0210,-103.2808,-71.3472,43.2658,48.6479,28.0782,1.8015,-63.6516,-55.9388,52.3511,27.8153,-56.2470
47.0641,26.6036,39.5284,24.4110,15.3209,-14.9705,0.8382,-7.3149,-79.0680,-40.1997,42.0660,48.1050,30.7300,21.5666,-64.4685,-67.5217,48.4269,26.4347,-26.6259
51.9301,-5.3278,39.8462,19.3747,7.0084,1.0419,1.7284,11.2901,-93.0582,-26.6218,80.3241,38.0984,40.7120,30.8236,-71.4122,-76.9099,29.7120,28.5836,-35.8364
35.4113,-47.1133,27.8089,14.4675,12.8839,-23.3527,-15.6444,13.3769,-98.3705,-12.2516,141.2749,1.5084,29.9969,10.4165,-74.8058,-80.0957,-8.5797,29.3361,-29.8911
8.6809,-76.7337,8.4180,-1.2141,15.9801,-35.4384,-53.4105,24.9099,-54.6490,23.3017,167.4317,-37.7448,7.4363,-15.7964,-63.1271,-68.3851,-35.1754,9.8926,-10.3805
2.0418,-78.7990,3.3159,-17.9938,-5.8899,-15.1129,-71.1004,30.9557,-27.2259,51.2720,160.4439,-50.8269,6.8840,-22.0403,-54.9213,-61.8449,-36.7377,-8.6639,-25.0438
6.3236,-73.3082,-0.0850,-13.8789,-26.9368,-4.6732,-49.6399,-1.2107,-52.6295,28.7884,148.6878,-46.7994,16.5063,-19.7944,-59.2876,-73.6356,-34.6169,4.7460,-57.1268
-8.0175,-64.4264,-12.7694,2.2220,-18.5869,-5.2815,-29.1213,-42.8244,-71.2861,-14.0830,133.2211,-39.4763,6.4835,-24.5272,-53.0311,-68.6978,-35.8861,24.2207,-51.7018
-27.6759,-41.6903,-2.7034,13.3498,18.9694,6.4191,-35.3341,-44.9360,-67.4640,-13.5611,122.3894,-26.7714,-7.3527,-27.2516,-34.5177,-27.4744,-32.2122,21.5358,-21.5744
-31.4261,-26.9641,21.7861,20.6768,53.4427,2.3125,-42.8843,-41.8282,-76.9492,4.6804,128.9996,-17.3638,-6.9571,-21.8613,-25.0730,12.8906,-35.2281,17.2994,-21.5135
-38.4922,-34.9031,6.5089,23.1700,50.3730,-21.4835,-31.5821,-73.9521,-66.7762,-23.8692,121.5341,-18.4927,-2.2480,-15.2931,-15.1884,24.4122,-57.0036,22.4948,-47.2719
-56.3318,-31.6163,-25.9153,20.2001,35.6264,-14.2756,-4.9647,-86.5065,-9.8220,-56.1634,73.0638,-6.9204,16.6022,-5.3461,6.4100,22.1464,-73.7702,19.7211,-49.8567
-57.8663,-3.0114,-11.1796,18.8869,50.0222,9.0556,28.3638,-39.4120,22.1261,-8.2131,28.6614,26.5930,53.8106,7.2007,14.1938,22.8750,-63.9119,9.6255,-20.3666
-45.2277,10.7550,21.9624,16.5183,59.9111,-7.3977,39.0068,13.8804,-4.1327,75.3738,37.3414,42.1668,61.4582,6.0128,-1.6083,24.7491,-51.3310,6.6217,10.2373
-44.6149,-9.0929,14.3691,9.7073,32.6863,-31.4040,3.8980,30.5372,-21.9941,81.6625,77.4614,19.5401,23.7554,-3.3505,-14.8370,22.6967,-57.3682,9.8117,17.2302
-43.7171,-35.9253,-12.1383,1.3301,6.6215,-17.2433,-32.6708,18.2795,-11.3284,11.6556,111.5850,-3.3537,6.1311,5.2875,-13.5238,17.7376,-62.8571,4.8936,-10.3298
-24.3354,-59.0209,-24.0328,-17.7236,-4.8768,-4.3799,-17.0692,-6.6835,-5.7635,-33.9467,130.3955,-12.1030,36.7253,19.5298,-1.2169,13.5437,-64.1260,-18.0199,-52.6411
-16.8646,-90.5392,-37.6946,-45.1893,-25.1711,-14.3256,21.7703,-1.8740,16.2528,-1.4650,116.8188,-47.9820,55.3375,7.2424,27.3712,20.8807,-89.1598,-40.7242,-59.2301
-44.7674,-120.6676,-59.3772,-53.7399,-31.8574,-9.1082,32.5512,58.4163,62.6961,71.2943,67.1871,-116.0569,26.7829,-14.0298,63.0060,59.2425,-122.8138,-34.7570,-26.0795
-71.9743,-123.0526,-68.3471,-43.9616,-14.3942,8.6702,26.4256,110.8932,68.1112,113.1397,30.7032,-158.7046,-11.0883,-15.5477,80.4060,115.2431,-115.6656,-15.6901,-4.1654
-66.0465,-95.3899,-59.7585,-42.4592,-13.1567,10.7161,33.5142,105.1046,27.7022,92.0466,36.8343,-148.3482,-17.1307,-19.2512,76.1630,124.2246,-81.4498,-17.1145,1.9105
-52.6028,-67.6273,-49.7734,-43.7853,-21.0497,8.7713,48.5976,86.3788,22.9954,51.1844,49.1280,-119.0491,13.9009,-39.9852,62.1964,61.7584,-73.9718,-26.1611,20.8040
-57.6284,-67.5906,-52.0998,-34.3131,-5.8599,10.3675,51.6308,80.4617,62.2208,44.9729,47.5622,-100.9769,53.6164,-46.2744,41.9450,-2.1498,-89.4172,-20.1480,24.0805
-56.8746,-81.8605,-56.5875,-26.2052,1.7853,6.1263,37.7498,55.2500,67.0852,48.8753,52.5496,-89.1436,59.4434,-28.9228,22.3076,-14.9916,-88.4425,-10.0260,-8.2346
-30.3060,-76.1014,-41.3910,-18.2537,-7.5559,8.1987,24.9821,22.5761,15.8910,15.1322,60.9179,-71.6971,33.8849,-12.7341,11.3931,-7.5682,-63.3005,-0.4110,-27.2903
-8.1141,-53.0675,-16.0246,-2.6059,10.7990,14.8204,28.9740,17.2920,-38.1120,-17.8406,66.8346,-52.5067,27.6346,-1.0123,0.5857,-1.9255,-30.4933,12.2782,-26.1865
-16.1975,-38.1939,-5.9621,3.1998,35.6069,3.8939,23.3653,23.0955,-57.0453,5.2413,89.0082,-43.5817,45.7803,4.8369,-20.0284,5.5409,-11.0933,14.4741,-47.5898
-33.1366,-28.4640,-3.9302,0.9084,22.2480,-10.8439,-16.9138,17.9103,-36.3499,41.4109,101.0263,-46.2596,40.5915,-15.0225,-38.8627,-12.9139,-20.7787,12.0432,-61.9447
-38.0852,-17.9299,-1.2538,11.5830,14.4017,-14.0651,-49.1336,2.3801,16.7770,35.1234,56.2523,-51.8303,15.3207,-45.2682,-34.8021,-49.9067,-45.0966,20.7698,-34.2371
-39.4874,-21.3952,-12.6825,14.5535,35.6283,-29.8117,-42.1750,-29.5784,68.8647,19.5973,2.9888,-54.3344,9.6926,-48.9978,-9.9066,-41.8017,-55.0965,14.7950,-23.2519
-38.2569,-29.8537,-24.8182,-8.2940,24.0643,-56.0722,-53.8380,-66.3964,77.3476,24.0335,19.0597,-44.6639,1.2884,-38.2158,3.5444,-2.5262,-49.4531,-18.1673,-47.7626
-26.6188,-21.7879,-17.4051,-21.8108,-23.2834,-60.8446,-112.7806,-79.9228,51.9674,8.7305,73.2546,-16.1831,-41.6919,-40.2567,-14.5015,-11.0781,-38.1394,-35.8431,-37.0414
-15.8019,-13.7760,-17.3426,-13.6140,-34.6768,-51.5427,-141.4456,-74.9429,42.6897,-33.4870,90.3563,7.6553,-68.2329,-41.9420,-35.8698,-52.3128,-18.2496,-28.7414,4.5124
-14.9031,-13.1175,-29.0775,-13.4660,-1.9342,-45.8537,-89.3386,-60.0899,52.3687,-44.6276,63.7233,1.5482,-30.9128,-34.1278,-24.9781,-51.0552,2.0516,-31.4800,12.1636
-16.7277,8.4915,-13.8292,-19.9091,24.7624,-35.8187,-13.1471,-20.2266,42.8376,-5.2968,27.4609,-13.2203,20.8084,-37.4510,5.1345,-14.5661,5.2690,-40.2620,13.7365
-24.1780,27.8455,4.5489,-23.2116,22.0460,-34.8603,20.7034,25.3444,30.6112,40.6179,16.6645,-16.5295,27.0158,-59.2284,22.3210,-2.0585,-12.0874,-41.8618,60.8858
-40.5315,-8.1324,-26.7293,-42.8299,-7.9910,-63.0352,9.0073,31.9187,63.3191,60.2423,45.3647,-31.8538,-0.8535,-89.8914,27.1907,-29.5885,-46.3447,-57.1003,119.9260
-49.3802,-56.3378,-70.0712,-69.4282,-46.6413,-100.0692,-11.3816,8.9408,116.2644,58.9654,65.0056,-58.8269,-30.5814,-122.4187,35.8830,-65.8034,-81.2066,-80.2653,156.0872
-46.6750,-40.3529,-71.0206,-73.4295,-64.7653,-125.9684,-9.0145,4.4910,132.7552,57.2984,31.9586,-63.2409,-48.7238,-142.7681,48.2734,-68.3660,-86.6263,-83.9878,178.2634
-43.6709,4.3953,-52.4784,-64.9961,-58.7519,-134.0732,2.2742,37.6695,121.9955,61.4097,-6.6732,-57.3144,-48.6082,-138.3887,53.7045,-39.9283,-63.6403,-76.6114,180.6277
-27.2566,5.5478,-34.5022,-50.2567,-36.1260,-102.8763,-3.3611,85.0150,116.6116,50.0728,-18.3430,-66.3250,-37.7390,-109.6832,48.0795,-31.2497,-48.5548,-59.6847,162.0505
10.9378,-17.9447,-7.6652,-16.1800,-0.6421,-53.1063,3.2927,99.4657,107.0387,16.0429,-52.3778,-57.6020,-29.5025,-60.2473,42.3794,-42.1546,-50.5129,-19.9585,141.7543
35.3642,-17.5089,1.6818,1.9706,11.9186,-50.9888,40.9289,62.6243,83.3316,-8.1132,-98.7202,-23.8510,-23.2738,-17.5566,48.4871,-19.9632,-41.7203,1.2123,112.5364
25.0611,-0.9660,-20.4633,-26.4883,-19.3942,-86.5177,50.0376,22.1976,62.8669,-6.3128,-86.0817,-28.9563,-24.7520,-24.9783,56.8159,21.2286,-13.6101,-29.2217,70.6678
9.4644,2.7566,-34.5088,-47.3000,-36.5465,-90.0248,12.0573,17.7588,57.5497,-3.5010,-51.9505,-79.0961,-40.9412,-59.7968,53.6818,29.5167,8.2590,-50.4988,45.3299
9.2936,-11.4865,-29.0068,-24.5676,-5.5486,-69.1667,0.3702,18.4906,67.0663,-10.8527,-74.4942,-98.4642,-46.5248,-51.4513,51.0768,27.6089,1.2586,-23.6622,31.4897
17.2194,-27.9694,-29.4717,-13.5810,6.2957,-75.3654,25.5132,-3.2099,79.4648,-20.0489,-101.3922,-74.3930,-28.2754,-10.7040,61.8409,50.0041,-23.3335,-11.1385,-1.8438
31.8322,-34.5892,-34.0893,-40.1187,-34.7846,-99.4157,19.6380,-28.9750,72.1838,-40.1450,-64.7013,-68.2837,-22.1422,-7.0853,68.2885,57.7952,-33.3511,-40.7178,-35.4764
47.7684,-45.8700,-35.1849,-52.3059,-59.2076,-110.0857,-3.7387,-51.8716,50.4044,-69.8444,-19.3899,-85.8152,-32.5596,-30.3881,54.3308,21.7889,-29.1600,-51.4054,-43.0360
48.8708,-69.0999,-40.1131,-33.5176,-34.6674,-103.3875,17.7734,-77.7052,42.7263,-79.3135,-17.1283,-72.6861,-15.0948,-21.4435,37.4579,-14.9194,-39.2085,-27.2519,-42.3873
39.0494,-71.2908,-40.4438,-27.7850,-19.3876,-85.4789,57.5892,-92.6165,44.5646,-60.4869,-23.2646,-24.9705,18.4872,4.7907,40.7936,-9.3525,-52.6268,-25.5845,-38.4179
32.3663,-41.5562,-34.5756,-47.5877,-41.0599,-79.7738,69.6364,-94.8740,31.3509,-36.4224,-17.9897,-1.5794,20.1615,-5.6110,54.1225,14.4839,-38.5278,-54.4014,-20.7202
27.1864,-18.6185,-39.0613,-55.8351,-57.9228,-102.1556,75.4745,-98.5827,5.8110,-19.4724,-15.9899,-18.9212,13.2331,-42.2125,39.6850,-5.6744,-9.1866,-57.3612,-11.3727
23.6868,-10.2715,-39.7703,-37.8208,-44.8630,-117.5472,82.1460,-95.3520,-18.6391,-0.1471,-8.4699,-15.4970,32.1813,-53.4758,-9.9662,-67.1351,16.9170,-27.8094,-16.2736
23.6849,8.5347,-19.5365,-25.0297,-22.5099,-105.9588,63.1231,-80.4607,-31.9704,35.1480,6.6474,31.8597,37.5584,-35.1657,-42.1408,-80.1111,44.4295,-22.3164,-1.4431
15.9875,21.5840,-6.3765,-34.1268,-4.9759,-101.1349,38.2384,-75.1130,-20.5265,72.5220,5.9092,50.0038,9.7214,-32.0124,-21.1284,-24.6660,55.0955,-49.6436,30.7983
5.2590,11.9392,-11.4373,-37.1630,13.7405,-99.8617,40.9934,-77.0034,-1.0908,67.4891,-8.7476,8.4524,-3.0696,-56.1518,10.1343,0.3427,37.7606,-56.5706,46.4382
12.2562,15.1216,-5.5871,-19.7724,25.7304,-68.4539,50.0531,-61.6360,-11.2264,14.1638,-17.1245,-13.9600,6.0858,-63.4741,9.5622,-27.5002,36.2739,-33.3594,49.3302
28.6677,46.7934,12.9678,-1.2492,23.8852,-34.3517,41.1966,-40.6074,-39.5539,-37.8875,-27.7109,13.7910,-0.5241,-38.0264,-0.6256,-28.3160,65.1608,-14.8241,50.0377
34.9653,77.0205,30.3646,21.1009,38.0690,-21.8107,34.8081,-43.9174,-54.0636,-77.4863,-51.5882,26.2474,-1.1725,-25.0574,-5.4295,-22.1714,79.1881,6.5782,31.7078
39.3212,92.9773,54.5716,55.2314,83.3729,7.5098,46.2589,-63.4875,-67.1583,-127.3173,-58.0843,12.9764,40.0363,-45.0265,-24.0560,-82.3219,72.5317,41.1743,10.4986
44.4684,89.1023,71.0579,61.7034,106.2502,42.8259,57.1172,-67.2823,-84.4839,-146.9428,-13.8996,18.5479,77.5932,-65.9362,-40.1163,-143.7913,64.7042,41.8958,30.4564
35.5907,54.5809,52.3761,23.2140,70.7557,24.9060,48.3830,-49.0734,-76.4646,-105.6677,48.2919,22.9838,59.1128,-70.2844,-23.4165,-119.1990,39.8311,-1.2839,71.4440
22.3181,23.3816,22.2346,-4.8125,33.3597,-14.0170,24.5662,-36.3786,-48.6014,-74.8506,59.2316,2.1324,16.1955,-61.2241,1.5384,-58.3781,18.3088,-25.6818,71.6043
21.0236,30.1462,11.7263,0.5749,38.3623,-8.7348,6.0198,-50.4285,-31.1529,-85.0354,16.6519,-0.6836,-4.2871,-39.3821,6.4214,-24.8497,45.6620,-21.1280,41.0937
18.8863,39.9803,5.4498,-6.2610,40.9044,7.8628,3.3684,-72.9286,-13.5789,-60.2024,-16.0316,23.0033,-10.8332,-27.3029,10.4334,-7.8440,77.6304,-36.7070,40.5510
8.7913,30.7785,-2.1677,-29.2259,13.9274,0.2954,8.9750,-75.8430,11.3733,0.1864,-20.8131,28.1338,-14.1432,-39.7791,24.5377,1.0905,58.5202,-61.5106,57.3425
5.1109,44.1073,9.3470,-22.3742,2.6821,12.7663,15.3720,-67.2547,7.1477,3.3240,-31.8763,22.4826,3.7335,-40.3723,23.6639,-1.5020,41.3309,-47.8970,27.3943
11.9903,79.5616,31.5785,14.0342,21.9205,55.5096,13.6794,-67.9737,-32.5841,-48.7165,-47.7507,36.8825,28.8900,-14.1746,-6.0898,-18.4536,70.4140,-4.4084,-29.9526
26.6202,84.5359,41.9853,39.5823,26.7365,78.0811,-11.7678,-71.1430,-57.1821,-74.5733,-49.5875,50.8494,16.6661,-1.7683,-43.9599,-62.1957,97.2240,28.9257,-38.1429
42.1327,62.9967,40.5700,37.0741,5.3807,73.6596,-51.2185,-64.6260,-36.5299,-60.1170,-52.3315,49.9449,-23.5540,-7.8329,-56.0245,-94.5980,94.8801,29.6528,-5.5355
36.7203,51.7049,31.8026,16.7158,-3.6760,70.1918,-67.4605,-55.5907,2.0964,-34.4569,-54.6966,46.3489,-35.8019,-5.4977,-33.9171,-63.9082,85.1384,0.4787,5.2666
15.9686,41.9404,19.5000,-1.9907,10.8201,66.1328,-52.8721,-49.3340,17.6250,-8.5715,-34.9649,27.2856,-15.9937,-13.5751,-12.7701,-29.5849,75.5232,-25.9778,1.6472
18.4485,25.3380,11.8218,-11.1412,15.4995,53.4212,-35.4708,-37.5526,7.2363,6.5502,-19.5131,-5.4128,-9.8088,-37.7812,-16.0709,-49.6978,80.6862,-30.3138,17.3547
35.4022,21.6392,5.3399,-21.2451,-3.5048,35.4251,-23.6475,-13.5774,-0.3427,18.2779,-34.1372,-9.8032,-23.2449,-31.3736,-17.2682,-46.8828,102.5016,-34.1555,31.5535
27.0677,23.8882,1.6399,-22.6499,-9.7322,16.2767,-10.5484,15.0308,-5.4241,40.7151,-33.3959,12.5167,-23.5790,0.2420,-11.4813,-1.3748,95.1222,-32.4921,29.1402
16.6305,14.9182,19.5005,5.3111,25.9003,13.6534,-10.8779,27.4799,-32.4355,38.5290,9.0047,16.5823,-3.5369,3.2829,-34.4905,-21.6409,62.8684,0.7982,25.9290
38.8673,14.1276,47.3901,31.8700,65.9663,30.6032,-32.2580,10.8968,-59.0214,-7.4100,38.9734,6.9773,16.7667,-8.2517,-69.6376,-87.0103,72.3165,25.4936,7.1916
58.4929,33.3079,47.3684,21.4109,56.4078,31.5313,-47.8238,-22.0841,-49.3172,-42.6574,21.1409,20.2045,20.4796,6.7669,-68.2232,-78.0887,109.3061,4.5303,-34.4135
49.2577,49.9814,26.8946,12.0871,12.1460,12.6949,-35.5037,-52.9157,-33.6406,-47.9671,-17.4274,52.7633,8.4729,25.0075,-53.3821,-47.7022,105.3838,-1.7169,-51.8261
40.9669,57.4706,20.8386,36.8921,-13.1494,16.4594,-11.3842,-77.9328,-40.3999,-68.3441,-52.5551,81.4295,1.2099,21.2473,-64.1167,-91.3564,76.5115,39.3364,-32.1362
38.2149,63.3456,22.3818,53.8547,-10.1258,41.3160,-5.0087,-96.1917,-32.7415,-96.3336,-73.2710,95.4281,7.3399,19.0528,-67.5036,-122.5772,64.9897,58.3528,-24.9525
22.3440,52.8178,12.3792,41.2797,-3.0530,55.1525,-20.3204,-100.8573,-10.4300,-92.1287,-63.3355,85.3277,4.0371,29.5244,-43.6586,-72.8215,56.8968,36.6318,-43.2457
12.1023,27.1079,7.9708,38.3704,3.9064,69.2556,-39.8248,-85.7401,-27.2544,-77.7351,-32.5165,54.1045,-16.0864,35.2837,-37.3573,-34.4356,51.6602,37.7034,-55.9368
18.5227,25.1150,27.2388,54.7871,19.7632,90.8773,-56.8637,-48.8406,-60.8932,-74.8791,-15.7606,29.6794,-27.0978,32.0821,-54.1537,-42.7114,60.8471,61.9521,-53.3670
14.0135,49.1318,51.3450,60.8426,38.6074,95.1064,-70.8553,-4.7614,-41.8165,-55.5340,-22.6593,38.0218,-22.3033,32.4282,-46.8771,-26.3265,51.3285,58.6816,-32.0958
-9.3269,45.6486,46.1387,48.5170,42.4515,93.1906,-63.3909,19.8063,14.9039,-13.5033,-30.4780,70.5110,-16.1493,44.5073,-15.0640,10.9944,10.3769,32.9591,12.1950
-38.6867,2.4587,2.4450,22.0134,15.3891,99.8833,-30.2697,25.2815,58.0720,32.4050,-23.5795,83.3535,-8.9186,53.8114,8.9083,24.7025,-26.7182,9.4149,47.0074
-71.3792,-24.4676,-47.1717,-12.8795,-33.4244,79.3082,-10.3050,33.2679,85.1366,70.3297,-10.9041,53.2044,-5.9936,40.0396,25.0762,42.3199,-47.4951,-14.0425,39.9827
-86.2054,-8.7989,-60.9018,-29.2317,-61.2054,42.9426,-20.8383,36.0659,89.0604,64.4006,-1.5977,26.0366,-8.6001,27.0126,33.5184,72.4422,-50.3795,-27.3541,3.7423
-60.8916,16.1619,-38.1191,-18.7160,-45.1632,54.8849,-25.3936,15.7351,54.3059,3.7078,14.9011,45.1594,17.6831,47.1713,17.7561,64.7927,-19.8600,-24.4144,-44.0149
-24.6398,30.3177,-9.9350,-18.4165,-22.3575,80.9127,-13.9829,-5.1545,20.6229,-32.9161,38.8925,64.8857,69.7393,65.2465,-0.9578,38.7006,17.5031,-35.5380,-94.0059
-10.6509,35.7214,3.5372,-45.1668,-28.1076,45.1590,-16.0142,0.5898,21.3583,3.7538,44.1524,35.7540,74.3690,50.2204,17.0692,75.5464,22.6330,-69.9911,-118.7898
-4.5921,16.4668,-1.6257,-64.3780,-39.7037,-0.2405,-24.6257,17.1118,16.2223,43.0714,31.7291,0.4289,18.1156,51.4090,51.0796,157.5410,20.4297,-87.1076,-106.0052
10.3163,-25.1118,-9.7567,-50.3802,-25.0771,16.3332,-18.7170,24.6289,-23.6294,32.2521,39.3398,0.3205,-19.8965,84.3336,46.9675,175.8056,34.6463,-62.4905,-82.6836
29.9921,-42.3323,12.5361,-18.6974,8.4900,42.9090,-15.0746,31.4258,-69.5069,11.4260,70.3913,4.8004,-6.6098,85.4762,7.1358,107.6937,37.9918,-22.1425,-68.3507
50.5174,-18.8707,59.8348,5.8881,42.2043,36.5464,-14.6095,37.1062,-104.1568,-2.6194,93.7972,1.4676,21.1855,51.3874,-20.7845,41.3940,29.3252,0.2301,-55.9437
59.0100,3.4190,80.2525,16.6185,64.6906,38.2595,9.3366,21.6588,-125.1101,-37.4585,99.7357,13.6543,45.4932,34.9417,-19.8715,17.5213,26.7776,3.6172,-40.9594
47.6167,4.4375,66.1774,23.9729,64.8411,49.0396,34.2602,-14.3217,-111.4025,-76.9227,87.0599,25.8586,60.8272,23.4051,-12.8670,-12.5854,7.3032,10.7967,-28.1996
39.0055,6.8064,64.8936,37.8029,55.9956,43.3615,18.7972,-42.0118,-75.3024,-88.0927,62.1201,26.3396,56.7274,-0.6763,-19.0238,-60.9288,-27.1227,28.0680,-21.4367
42.8011,16.5361,83.5398,53.6497,70.1648,58.6496,-17.5289,-42.3671,-71.8970,-83.2017,66.4749,49.1085,48.0927,4.9239,-40.9805,-83.0161,-19.9092,38.8862,-15.9186
42.0713,21.1358,94.2265,65.3567,103.6198,105.7948,-47.4158,-24.7030,-104.5196,-76.5554,103.2264,77.6414,39.9438,29.4929,-70.4260,-81.8639,31.5642,42.4155,-1.5970
45.1490,23.7520,109.7475,76.1398,131.6637,126.2453,-76.6622,-10.4514,-119.0833,-54.4558,101.6341,49.4547,18.2227,11.6778,-84.7563,-89.9730,61.4418,52.4609,9.7291
60.5951,31.2291,142.0836,84.9262,158.1444,114.7423,-82.8852,-21.2367,-104.6416,-26.1940,52.7235,-3.6356,14.9643,-27.8107,-70.2438,-94.0565,47.5805,59.7289,-6.2715
60.7533,41.4395,152.1422,83.1075,177.5182,115.6453,-43.0533,-66.4749,-95.5846,-34.8098,32.8035,0.6168,58.2373,-36.4834,-47.3015,-87.7499,27.1075,48.2966,-34.5024
47.6149,54.8029,127.1239,70.4637,154.9118,116.9977,-6.2097,-116.0873,-96.4972,-90.2916,48.8235,38.0838,91.0950,-33.8399,-37.8112,-97.6658,22.6519,29.7573,-43.1327
52.0855,67.3564,108.2956,56.1424,105.2403,93.3337,-16.0712,-121.4128,-89.9770,-133.4799,46.9514,40.3449,70.2465,-40.7259,-33.8242,-104.6494,27.4804,19.1582,-38.7103
49.7044,65.7276,100.6587,44.4903,84.0368,67.2501,-29.8435,-86.7225,-73.0734,-98.4388,29.0620,24.1508,39.9003,-40.5956,-24.0501,-73.9119,28.5037,12.1280,-25.2130
14.0800,49.4253,69.5368,30.7977,76.9685,51.6520,-7.4484,-61.6873,-39.9126,-9.4516,4.8610,25.6155,27.9713,-42.5685,-12.8875,-45.5223,20.2354,3.9800,15.7510
-7.4162,34.9253,27.7071,14.1129,38.3331,38.0337,11.8625,-56.9125,8.5660,34.1899,-37.2957,29.3039,12.0865,-51.1244,-4.3413,-56.7866,12.9563,-3.4071,54.5420
5.6421,30.7089,16.4814,6.2520,4.6261,36.4405,-12.6185,-43.3541,36.2884,0.4919,-51.2623,28.7081,-7.2563,-34.9453,1.4731,-55.6471,12.3911,-8.9408,47.1915
2.1581,27.3649,25.7172,10.7172,21.6906,43.4514,-47.5800,-13.9069,28.4884,-25.8913,-11.9184,33.0531,-21.4076,-2.6396,10.3009,-0.0559,5.1649,-12.0349,35.0162
-21.2230,14.3820,19.0021,6.0775,44.1165,35.9351,-29.9861,24.6383,30.8021,16.9460,-10.1090,24.7151,-37.4723,8.7797,41.4867,73.7603,-11.4839,-19.0882,69.9696
-21.3611,0.6303,-3.2418,-17.1795,25.8729,25.1813,43.8407,68.3214,58.6792,78.9710,-88.9994,5.9663,-43.0506,16.0016,92.1474,130.0179,-15.6238,-34.2307,111.9828
-12.4209,4.5904,-19.8613,-34.2937,-3.8267,32.0267,104.6806,95.4547,63.2254,105.5238,-152.4948,10.7226,-37.2496,37.4913,119.1463,164.6433,4.2318,-42.9466,121.2532
-24.1214,19.5644,-27.5089,-38.7838,-22.1088,34.5235,104.5725,99.6961,42.5755,123.1803,-148.4660,25.1435,-50.5649,39.8403,111.4399,178.1857,26.3270,-44.0921,128.1746
-37.3114,19.1145,-38.6250,-58.7884,-47.8089,11.2499,78.7603,108.8934,55.4228,152.4471,-129.9935,11.6603,-74.9239,20.5562,115.9202,192.8792,23.2423,-65.3549,141.5079
-39.1158,-0.2841,-59.6953,-90.4956,-78.4407,-13.8475,72.8945,117.5407,98.4861,151.1927,-121.1777,-3.9651,-76.8006,25.3819,147.0063,228.0284,-2.6322,-101.8988,131.0158
-38.8074,-19.7944,-78.2691,-94.8138,-91.7158,-7.6195,77.2211,97.8339,111.4740,107.0599,-108.8557,15.6008,-69.0822,56.5033,157.5442,240.7533,-20.7964,-107.0950,109.6131
-31.3397,-28.0541,-78.8716,-68.0748,-87.4781,31.4412,66.4892,79.2112,91.7834,67.2958,-101.8529,43.7708,-68.5496,75.1207,121.5870,183.9844,-8.4887,-72.2668,106.7545
-21.4438,-19.7822,-66.4100,-35.2468,-74.0697,76.6561,36.5320,88.6600,75.5329,41.3959,-99.4878,49.2420,-62.7573,71.5589,65.8820,94.0457,22.3260,-29.8538,105.0755
-21.4855,0.7261,-51.2929,0.1038,-54.6146,104.7482,-0.2508,82.9111,55.1639,0.1834,-93.9192,48.9142,-65.2065,61.1520,21.9589,31.9115,43.0223,11.3564,93.4523
-14.2198,6.6142,-29.7256,32.0068,-36.0427,119.7253,-11.9864,51.8680,19.1422,-24.5838,-96.5877,62.2371,-86.5413,53.9298,3.7872,2.7340,40.1678,47.3356,106.8294
1.2746,-9.9014,-6.8751,35.8859,-22.3517,130.9210,17.4178,52.7819,-1.0199,22.2951,-100.4178,81.1187,-87.4666,51.1505,9.1764,-6.7158,23.8645,50.4916,152.9427
-7.9228,-12.0604,-1.3962,17.3319,-16.0213,131.4727,44.2686,87.1902,12.5836,103.0929,-94.5407,87.5205,-59.2700,43.6881,15.5958,0.3026,18.7279,26.4505,178.7221
-27.4467,10.4927,-6.9795,8.7282,-21.7491,118.6204,30.3915,105.3963,35.3247,142.5352,-103.5525,71.6800,-45.8882,27.7166,4.9789,-0.0065,33.5800,17.7687,156.3972
-16.0080,14.9574,-3.0444,12.5162,-26.0790,92.6506,8.0306,107.2337,48.6927,146.4470,-123.2937,50.5730,-53.5943,18.2223,-9.6757,-20.0530,42.2410,26.2776,134.4330
2.9046,-7.5727,3.1816,10.4207,-11.8377,51.2490,6.2134,108.2404,55.7228,151.6689,-113.6063,50.4257,-62.1635,24.1693,-5.5119,-15.5830,26.6736,20.5077,149.3468
-1.8238,-13.2108,-0.3035,2.7502,-2.4839,26.7055,0.9422,98.4733,52.4515,141.0552,-93.7885,58.7338,-78.7092,39.2467,16.7598,41.9827,17.3323,3.5745,151.7052
1.5911,5.3510,-2.5207,-4.6580,-24.9265,52.5974,-17.6384,91.9083,32.6223,97.9673,-101.0659,43.1866,-95.7155,56.8447,33.2304,96.0220,44.2584,-3.9276,99.6355
24.7517,8.0025,1.2677,-13.3169,-45.6326,81.5763,-25.0889,104.8652,9.8264,62.2731,-98.9757,7.0720,-89.6293,60.1597,30.8132,93.6946,74.1617,-6.3389,51.0622
26.6697,-15.0244,3.5685,-17.5763,-27.6688,60.0491,-11.3000,114.5231,1.6470,71.0338,-64.3971,-25.0583,-72.5312,37.3871,30.2083,75.9168,52.9949,-8.8803,59.1683
5.3095,-36.0875,8.1823,-12.6197,-2.6165,35.1948,17.6338,115.7454,4.5724,102.5138,-49.3135,-43.0747,-58.0506,22.0130,52.2473,98.6937,-9.3772,-2.0796,71.4673
-2.2912,-42.4984,15.2896,-5.8006,-4.6933,54.4671,49.8335,125.2911,6.6945,108.0826,-71.4634,-42.4764,-36.4064,48.7223,79.9529,143.7818,-53.7126,11.1077,37.4561
5.0979,-40.3078,13.2799,-1.6694,-9.6366,77.5646,56.8438,120.9327,10.6006,66.1139,-81.5341,-19.9593,-18.4099,91.0502,87.7435,166.7772,-54.2058,14.1591,-3.9133
7.2955,-33.3135,2.7473,-2.7623,-3.5984,81.4153,31.4232,87.9694,24.1752,1.5420,-54.6880,15.6548,-10.3006,113.2962,79.5183,160.2181,-36.9829,-1.2468,-20.5995
-2.7340,-26.7841,-18.4172,-20.0753,-18.8400,89.4790,14.6271,64.8965,46.1179,-37.7014,-13.9032,48.9302,12.2626,122.5616,70.7498,142.4164,-24.5185,-31.4301,-32.4752
-30.0898,-28.5026,-62.7666,-49.9528,-54.7235,86.5584,30.0710,66.5664,77.0304,-27.2740,0.7678,62.3339,32.9571,124.3171,72.3088,140.3082,-14.2447,-62.0243,-32.0989
-60.0172,-37.6940,-101.9769,-64.4173,-66.0742,61.8057,48.1099,65.7778,112.4972,15.9028,-37.4411,45.5025,9.9179,109.1443,91.5427,165.8712,-12.2451,-71.9292,-0.8773
-54.9365,-45.6095,-87.9245,-50.8288,-50.9138,55.5003,43.4772,62.5209,124.7256,52.6971,-93.0769,13.6304,-26.6661,87.6025,107.0079,175.1387,-27.4082,-53.1728,21.6339
-19.0055,-45.7128,-42.8363,-30.1787,-45.8405,68.3633,23.1881,71.3520,106.9038,56.0047,-104.5461,-10.8945,-25.0665,70.3068,86.6750,122.6218,-41.3493,-24.5688,3.5506
-3.9348,-39.7088,-26.2069,-25.3919,-48.3374,62.3749,2.8261,83.7166,105.0859,48.1379,-82.5792,-23.3098,-3.2111,53.1195,56.2588,63.1564,-40.9504,-16.9027,-15.2624
-23.9423,-37.3359,-37.1598,-40.2528,-41.3036,48.2792,3.2805,92.6032,133.6622,76.3893,-70.3762,-22.2200,11.7834,46.2344,64.2473,78.1223,-45.8348,-40.6055,-8.2616
-36.7279,-48.8448,-45.4868,-65.9273,-48.0197,36.4942,40.0286,87.2913,129.4413,123.3422,-50.9927,-13.8014,33.1600,52.9838,89.1216,126.4996,-62.1252,-71.3181,-14.1116
-16.8969,-76.6788,-57.1734,-89.3486,-80.9167,-1.4093,86.2784,44.6792,70.9861,114.9190,-0.1857,-21.1539,57.0150,49.7956,83.9376,117.1907,-67.1196,-84.2871,-52.5786
14.7335,-115.3249,-77.0135,-103.0547,-103.0279,-46.1279,92.0380,-15.6227,36.8850,50.2480,51.5448,-41.9815,59.5471,39.1038,66.2952,69.8246,-63.3669,-90.7129,-85.6496
34.4806,-147.6951,-81.0620,-105.4138,-94.0506,-51.9972,57.4543,-43.7907,63.9044,7.0771,71.8118,-48.2993,47.8150,43.6684,66.8754,48.8124,-75.2083,-101.2515,-90.0881
43.9500,-145.4671,-60.1813,-87.5454,-75.1153,-36.9154,34.0831,-48.7585,77.8046,-5.8953,59.6167,-47.2962,45.6943,41.4647,61.5297,26.8778,-88.3206,-86.9607,-91.2409
54.0838,-102.5356,-29.9009,-47.4096,-53.7291,-22.9685,43.3882,-72.8474,32.7484,-51.2771,29.2482,-60.2889,59.8139,9.3414,30.7315,-36.7589,-70.3917,-36.8396,-110.2960
67.1622,-56.0265,-4.5280,-12.8178,-27.7952,6.0553,49.4687,-100.3917,-16.1870,-121.5764,10.4093,-68.2023,76.2010,-16.9408,1.6649,-96.1639,-30.8781,1.1341,-128.2779
77.7498,-36.0503,7.1683,-6.7322,-17.9324,34.2078,25.5737,-89.7677,-21.3951,-152.8184,17.0402,-53.9814,71.5835,-14.6725,-10.6536,-115.0045,1.4882,-1.2974,-112.9891
76.6944,-24.5295,7.3294,-8.1864,-26.2894,43.7864,-4.7750,-52.4116,-6.4727,-141.7230,21.9327,-29.2469,46.8398,-11.5781,-23.1049,-128.6118,21.8805,-7.7481,-61.1634
57.9356,-3.7481,8.8707,6.9098,-19.1619,67.0232,-15.7864,-30.7571,-3.7781,-124.4261,12.5220,4.6342,29.0913,-11.9691,-36.9678,-142.2187,34.8992,5.7961,-6.7718
31.5020,7.6633,14.0534,24.0506,7.6817,96.6125,-17.6751,-37.2135,-13.1411,-105.5016,11.2545,35.2710,20.2649,-0.7645,-35.4489,-115.2318,33.9430,17.6472,14.5970
10.9997,2.7545,14.7027,27.0233,18.6990,84.2680,-23.0882,-49.5239,-20.0467,-77.7138,16.3167,31.7979,1.5519,0.7697,-20.7079,-65.1878,13.2787,19.8055,10.4347
-10.4600,0.7805,9.7255,25.9418,9.8901,58.8087,-22.4158,-43.0791,-4.9998,-36.1828,0.7806,13.5354,-15.4556,-18.2996,-7.7252,-44.7160,-17.9390,24.8422,22.1834
-35.8684,2.4876,2.8054,26.6432,11.5780,66.8363,-8.2469,-16.5970,38.3272,25.2858,-38.8632,16.8473,-12.5490,-27.9098,3.2895,-43.5065,-39.7694,27.3406,57.8412
-41.1540,1.6751,-1.9315,22.6206,20.9599,62.4888,6.5406,5.0022,73.7891,69.9372,-79.3559,15.4502,-5.0150,-22.3685,13.6735,-30.0679,-38.6532,21.9646,68.0029
-26.1547,9.8200,-2.9588,16.8740,9.4543,15.8397,3.7114,-5.8910,60.3840,47.2573,-84.0398,-10.5156,-7.4903,-24.0999,12.6965,-14.4067,-26.4615,20.7735,21.3078
-33.1757,17.2230,-12.5076,14.0799,-14.8911,-11.7163,-19.4575,-46.6329,18.9478,-8.3920,-36.6359,-29.3508,-17.1252,-30.7567,3.5575,1.3359,-26.3294,23.9389,-40.0741
-64.8311,1.3444,-34.6388,11.0485,-20.8210,2.6045,-49.8636,-79.7492,4.1581,-25.9937,12.1952,-40.1809,-39.1419,-33.7804,4.3924,28.0787,-35.2355,21.5493,-60.1714
-70.8013,-15.1648,-40.6477,10.2247,-10.1607,6.2363,-69.4727,-74.1174,21.5201,-7.0955,8.2165,-52.7437,-65.1750,-37.8734,10.7337,39.2947,-36.0910,18.4837,-36.8680
-48.0184,-5.1089,-18.2322,14.7293,-3.5426,-14.3242,-61.5484,-43.0204,28.6291,17.5832,-10.5937,-30.7819,-61.1679,-33.8410,3.2906,19.3686,-34.7233,20.3048,-2.8402
-42.4567,8.4079,-1.6885,19.0890,0.6502,-23.9172,-29.0606,-19.1956,5.5207,39.1502,6.0830,11.5388,-27.8488,-17.4540,-11.2011,7.4217,-38.7359,24.5728,10.7414
-52.9655,13.8997,-5.9297,24.5702,4.5374,-13.7510,-10.5545,-7.6079,-19.8613,32.8241,14.1370,7.2984,-14.5896,-8.1377,-14.5025,21.9872,-31.9791,36.4846,-6.8468
-49.4928,30.5919,-6.8152,35.3297,-3.9178,-2.2990,-31.2365,8.5370,-5.1338,2.8780,-34.7761,-17.9816,-41.4686,-6.2717,-6.2654,35.9324,-18.4783,53.0872,-19.6841
-47.6543,37.5482,-3.4682,39.5221,-12.0099,-2.7621,-47.7970,31.6023,56.8337,16.2549,-95.8344,-5.7713,-66.0605,-0.6713,14.1199,42.8797,-39.4815,53.3281,16.7182
-66.1604,12.4481,-11.3657,31.1625,0.8288,-15.4866,-23.9261,42.3759,111.7938,64.8779,-105.4980,0.8768,-53.2532,-11.3943,40.9400,44.7994,-94.9091,38.5826,67.1703
-78.2395,-0.1312,-15.9389,27.7441,9.2598,-29.3539,-12.6431,28.6018,101.5891,50.1832,-61.4748,-27.3236,-29.5311,-42.0204,40.0287,21.7972,-122.8138,36.5766,60.2819
-69.5480,23.0872,-5.6596,35.8394,-9.2126,-34.8337,-49.4900,13.7422,47.8748,-14.0373,-3.7019,-30.1051,-29.6691,-49.2665,3.1778,-9.2900,-100.8510,49.4893,15.3084
-60.9495,32.1679,5.8892,41.4070,-13.3007,-29.8095,-69.8901,31.3031,14.4888,-14.1784,26.6812,-7.0757,-32.8144,-25.9949,-23.4541,-8.7808,-76.6287,56.8003,1.1915
-52.7123,4.6489,23.7830,44.8491,28.7661,-13.8776,-41.9062,69.8603,8.4928,45.3054,27.5513,-27.4416,-7.8644,-19.5159,-19.9325,-1.1784,-84.5577,61.1449,10.0226
-33.3535,-33.0432,53.1779,53.5033,73.2501,-1.2567,-23.5528,91.7734,-0.9080,72.1471,42.1350,-83.5969,22.9665,-39.5307,-15.7857,-24.1432,-118.8575,73.5921,0.4100
-27.4840,-70.6104,53.7444,52.6947,70.6064,-9.5895,-30.5826,91.6655,-11.5130,54.9907,88.9359,-116.9600,26.0848,-52.0166,-17.3628,-44.7329,-159.3372,80.1728,-9.6990
-56.4587,-86.3598,6.1609,35.6105,27.8329,-22.1409,-26.4543,80.2707,-17.0020,31.0740,124.4352,-116.1626,7.5180,-53.9125,-15.2473,-36.4623,-164.7382,72.2879,1.3693
-88.0242,-42.4543,-31.6312,29.9432,-13.0168,-18.4812,-22.8627,57.8041,-39.0331,11.4292,111.0331,-91.1515,-14.3583,-62.6340,-32.0265,-36.9790,-106.7977,72.8595,10.0680
-82.3085,31.4032,-12.6672,51.8520,-8.0934,-18.5513,-33.7211,42.3914,-71.5993,4.9071,64.5422,-49.7612,-23.7299,-64.4007,-69.1855,-57.8017,-29.5194,92.2469,6.3857
-48.3702,71.8826,26.6871,74.9236,37.6399,-30.6006,-30.8431,46.1727,-76.0959,-0.3177,16.3423,-12.1540,-8.5324,-39.4615,-84.0225,-60.1535,13.3357,102.7778,-0.2891
-22.5327,82.9636,36.2168,78.3415,59.4347,-23.2895,-27.4452,32.8631,-57.0124,-35.8157,-18.0691,13.5125,4.6892,-6.1609,-74.6432,-45.3689,38.3526,92.9157,-19.3255
-23.1188,93.3655,24.6195,80.8361,38.4860,3.5450,-49.6860,-10.2037,-59.7755,-74.6922,-28.4384,33.1210,-12.4123,4.0755,-82.3024,-51.8391,62.4168,94.6807,-41.7329
-39.9365,96.0397,22.9183,95.5619,31.7293,14.3323,-54.3033,-33.1350,-90.0464,-71.3096,-11.0641,46.4515,-23.3541,-5.7066,-102.9773,-73.9118,56.9326,117.9317,-36.0281
-52.4212,89.9927,25.5939,94.2228,38.8900,10.1863,-23.9497,-22.9063,-100.2743,-48.2674,8.3790,51.3474,-3.3111,-12.2304,-95.7231,-70.0566,29.3582,117.6699,-17.9455
-56.9168,83.5874,4.9186,55.6890,-1.0603,11.4287,-11.9899,-16.7146,-61.9858,-29.2399,-8.6654,32.7927,-2.7549,-17.0602,-55.4549,-29.7320,20.4780,74.5586,-23.8600
-65.1047,66.8378,-34.7293,14.7327,-60.5724,5.3509,-16.3703,-9.5953,-14.6032,-4.4917,-49.9597,-18.3471,-34.8521,-30.8662,-15.9629,13.5199,22.4697,39.9734,-35.8145
-69.6086,48.0572,-52.3398,12.2773,-64.9510,-16.7343,5.7019,11.3941,-17.6027,-4.5266,-57.4688,-58.7261,-40.5970,-39.4953,-6.4471,22.8949,11.9000,50.3259,-33.4811
-50.2195,49.6707,-31.3061,28.1217,-42.5242,-34.8742,25.0968,4.0616,-60.5143,-45.0854,-24.9265,-57.4949,-13.4745,-41.0485,-22.5772,-5.4749,3.6695,68.3328,-46.9684
-20.0150,54.1204,-7.6455,18.0156,-53.4734,-48.3285,10.9953,-43.9727,-72.4808,-59.9744,-5.6413,-61.1169,2.0985,-61.9267,-30.9469,-40.0732,2.4439,50.9894,-84.2033
-8.4629,37.6127,-13.3843,-15.1545,-77.0199,-77.9628,-4.8414,-77.0169,-37.8686,-28.8768,-6.2591,-89.4762,-0.6905,-89.1061,-15.5602,-41.1858,-5.6341,10.3652,-105.1892
-6.6012,15.2181,-33.3326,-37.7696,-90.8629,-112.4837,-20.0440,-71.5929,-19.0576,-19.5491,11.7818,-92.4548,-24.7056,-78.6584,-2.7910,-8.1791,-4.9009,-16.8094,-94.0912
5.4887,-3.4686,-40.0313,-38.1738,-109.8709,-111.8962,-50.2364,-57.4826,-39.3356,-32.8364,42.0635,-62.9743,-68.5033,-46.1321,-14.8382,4.2665,8.8664,-14.7993,-67.3065
8.8178,-28.1704,-31.9432,-26.8663,-107.7666,-72.4051,-58.0425,-51.8207,-47.5625,-6.8381,65.0842,-31.1073,-68.9869,-33.3902,-38.3698,-37.6884,-2.5344,0.0201,-37.6409
-9.6847,-50.6352,-20.3697,-15.6618,-57.5844,-44.9597,-44.3255,-56.2049,-18.1277,39.9883,99.4517,6.7414,-9.1215,-25.4960,-54.1939,-78.1921,-41.7252,-0.1970,-25.6307
-20.3841,-56.3876,-10.3860,-11.0425,-11.4669,-63.5905,-69.9908,-68.4011,15.5759,52.5412,130.3632,30.9305,16.9098,-7.9494,-58.8567,-64.3693,-61.4411,-13.9589,-44.8685
-13.1856,-41.5711,-4.9017,-7.3600,-13.7047,-90.4544,-113.4471,-72.2917,29.3203,42.5281,110.5939,16.8580,-13.8450,-9.3179,-62.2435,-48.3204,-46.5853,-12.3676,-65.7847
-18.4673,-7.7086,-3.9521,4.6561,-22.2895,-80.5883,-100.3254,-64.4816,24.2191,39.9711,68.9659,17.9594,-11.5447,-23.8148,-74.0031,-74.0793,-23.8626,7.0720,-58.7823
-35.3885,21.7580,2.4997,18.7540,3.8144,-56.4237,-55.9049,-63.6683,-8.4985,41.2312,70.6605,53.1342,23.4527,-19.1002,-82.3128,-77.6280,-6.8493,18.5341,-43.4289
-23.8879,23.7837,24.2027,24.9407,40.2696,-53.6503,-49.4231,-77.3376,-67.8127,31.2385,97.2270,47.9155,14.1652,-11.4667,-75.0198,-31.2783,14.7116,17.9689,-51.4623
23.1514,16.1945,52.3040,24.2578,50.2390,-57.7953,-69.8369,-100.1135,-116.2568,1.1807,100.9723,6.6211,-13.3053,-17.3434,-72.0715,-16.3575,46.0873,16.1768,-85.7770
67.6454,6.2291,61.6774,13.4085,27.1714,-53.1426,-73.2015,-120.2663,-122.0403,-31.7169,98.7786,-2.1506,-0.4947,-14.5104,-81.5919,-56.9475,62.8811,6.5104,-122.0699
78.7078,-32.3073,41.9181,-10.8230,-5.0587,-53.4518,-52.9675,-113.4820,-93.3207,-36.4377,112.0573,-16.8600,20.6735,-13.6885,-68.1582,-79.8152,31.8713,-13.0652,-125.1668
61.1651,-72.4727,15.9244,-31.7922,-11.9482,-57.8442,-22.1126,-80.6228,-52.5296,-25.5938,114.2091,-69.7081,26.8538,-36.4067,-24.8229,-62.6232,-21.5851,-29.6689,-93.5005
44.9514,-61.6219,5.9730,-39.1413,3.3394,-57.8124,3.4156,-56.4521,-17.6197,-26.2557,92.2108,-74.9896,44.3234,-41.2021,3.2617,-39.0672,-29.3604,-45.2237,-68.6994
48.7318,-40.1627,0.8063,-46.3564,2.8585,-63.9301,17.9874,-38.3967,-4.2746,-14.6709,68.7775,-27.8994,52.1378,-7.2056,4.6509,-14.1682,3.9402,-61.1285,-55.3815
54.5118,-63.8117,-11.7766,-48.2116,-8.7796,-64.7020,32.1685,5.8759,-7.8548,17.5926,48.9407,-32.4434,19.7168,6.6519,8.9812,-1.5050,10.8841,-51.4024,-7.8531
44.0196,-82.6347,-13.1854,-22.3567,10.7010,-32.8707,39.2795,49.5199,-7.5170,20.2237,16.4230,-78.4924,-15.8798,-21.3112,16.4034,-24.1186,-7.9487,-10.0344,60.2451
32.5056,-53.9146,2.0238,8.9397,42.8706,2.3193,24.6337,40.8710,-8.9851,-11.5575,-18.0759,-88.8483,-29.7236,-42.1809,14.8813,-39.1735,-0.2740,19.6012,76.0451
29.1015,-34.3971,-0.9465,2.4790,28.7566,-3.9415,6.1165,3.7283,-25.4833,-24.5136,-21.0517,-89.3894,-48.4882,-43.3079,18.2540,-7.4428,23.6423,9.9027,41.3675
17.1878,-56.0341,-32.9490,-26.6936,-14.7105,-17.7797,1.8069,-1.6656,-25.4933,-16.4422,6.2158,-109.2469,-64.0138,-45.0760,29.0869,19.1667,20.9020,-13.1453,25.2746
0.8016,-70.9051,-54.3994,-35.3245,-26.7577,11.0998,-1.0593,23.2322,12.9242,-21.4124,21.3295,-99.5473,-43.6067,-31.7989,29.4538,3.8805,6.0767,-22.4916,31.7571
2.5370,-56.6083,-47.7406,-26.6645,-14.8699,53.0402,-3.4618,33.2117,46.1401,-32.1769,1.7457,-52.0251,-9.6825,7.5162,23.0299,-4.6581,13.7444,-23.4724,16.1184
12.2123,-42.4734,-40.5824,-24.8034,-13.8473,63.9150,11.8024,19.7336,50.6922,-29.2728,-31.3357,-15.2862,2.5635,40.0525,29.8182,19.1913,26.4280,-26.9662,-4.5046
4.2032,-45.3408,-46.0386,-29.5353,-11.2427,58.0974,33.5450,14.6438,65.2794,-16.6015,-47.1926,-6.6333,4.2032,41.4548,50.7902,40.6458,9.8666,-35.1097,13.2836
-14.6244,-53.2525,-52.6874,-38.7142,-7.1879,49.9745,33.9640,25.0515,88.2966,-3.5192,-29.2469,-13.3291,5.3178,25.8130,68.2335,51.4655,-20.0396,-50.0469,41.7736
-23.4488,-43.7441,-58.7619,-53.3576,-30.8470,24.3024,16.1275,23.6740,75.4857,-2.0393,4.8486,-13.4968,-4.8336,19.6484,65.6305,70.4330,-17.1838,-65.7262,30.4261
-18.4009,-9.7342,-58.3926,-53.0332,-49.5078,-4.9417,11.1703,12.2376,46.9118,-8.7505,-1.9558,8.5335,-10.5590,32.0144,45.7559,82.0078,22.2881,-62.6838,-0.3041
-0.8296,25.8425,-30.2899,-23.0681,-8.4967,-2.2992,34.5961,19.1321,38.4507,3.8393,-67.6289,26.7544,10.1678,43.3615,27.0002,64.0551,58.3447,-32.5363,-7.7789
27.9680,47.1946,22.3498,14.7629,53.0072,24.4889,51.6812,31.1062,14.4534,22.7801,-119.4374,18.7216,31.2988,38.2785,11.2388,34.1139,77.4412,5.2208,-10.5835
52.4987,58.9385,64.8258,36.2215,74.6852,41.9447,19.1134,17.7158,-32.8014,2.0801,-100.8561,5.3422,21.7503,28.3846,-8.3476,17.2209,87.7077,25.9347,-36.2324
48.6238,50.5577,73.7632,42.6343,76.9420,42.9785,-35.9951,-9.4078,-38.8831,-38.9292,-52.5227,-16.5743,2.3229,10.3627,-14.2628,8.6630,63.6114,28.8792,-58.7865
13.6081,24.4234,53.8974,42.3091,77.9623,35.8293,-59.8954,-39.5191,-2.0995,-56.1874,-25.2890,-58.9860,-3.0450,-28.3633,0.6157,-2.8568,1.8971,29.7480,-63.6203
-16.7018,21.6505,26.6783,39.6587,51.5792,25.8984,-63.1622,-79.0829,15.3124,-75.6207,-22.3124,-68.6149,-7.8436,-48.9890,6.7333,-10.2863,-29.0068,33.3019,-78.2872
-7.5057,42.5703,13.3392,38.2786,17.7650,23.7330,-63.6398,-95.9773,15.0869,-111.9746,-42.4934,-23.9077,-13.8430,-20.9728,-4.2733,-16.4626,-0.4993,33.1507,-89.2171
18.5400,37.3192,14.6565,38.3895,21.9261,31.1703,-31.4054,-63.9360,26.4372,-108.3160,-73.6788,-2.3976,-1.0801,-3.0650,-7.2221,-44.3395,18.6799,33.6400,-50.1170
14.9100,11.0715,20.6985,42.3396,47.7181,34.6796,18.7877,-21.6253,25.9756,-53.2834,-75.6050,-30.9712,20.7507,-35.9746,-3.4781,-83.2696,-11.3182,45.8333,13.0180
-7.2669,5.2098,34.5343,50.8295,65.7682,33.3866,23.0698,5.9432,8.0176,-9.4931,-39.0077,-45.1167,28.7981,-59.7718,-9.3519,-88.9210,-45.8565,58.6046,37.7623
-4.9649,10.3434,53.3547,48.0492,77.9835,34.5700,-2.8799,33.0347,7.5447,2.4745,-7.2481,-30.8218,32.1329,-41.1469,-9.4329,-59.8574,-49.1507,45.7231,31.3300
13.7027,20.7086,54.0050,26.0970,68.8750,24.4496,5.7355,36.2687,18.8470,5.7809,-21.3136,-17.3735,38.0531,-25.7342,6.4613,-31.2858,-22.7598,12.7499,25.7395
15.8946,58.8076,35.4458,11.5209,36.3054,-5.9520,31.6861,-0.7669,11.3775,-1.0297,-70.5740,4.1379,30.4534,-22.9554,12.7997,-7.5261,24.1642,-2.0269,8.3440
12.4978,86.3584,30.6805,23.3965,31.3678,-29.3282,18.9119,-25.7097,-17.5048,-15.6197,-83.8347,21.2520,11.8994,-8.9287,-8.4503,8.5719,62.5902,14.4872,-23.5501
26.4179,58.5314,51.1770,41.6506,66.3769,-19.4914,-28.9140,-13.2894,-61.1944,-19.7628,-21.3606,-4.2637,-6.3545,-7.9599,-43.6565,-11.7156,74.0072,36.0771,-33.6792
41.5489,30.7649,70.4277,49.2696,87.9556,10.9086,-69.9154,5.4469,-89.5564,-16.9175,22.0469,-44.7671,-36.3425,-33.1096,-59.8422,-42.9325,81.2474,45.1366,-4.9395
33.4735,47.2865,65.3793,50.7276,77.7878,29.7909,-70.8772,28.5314,-58.7421,-10.0621,-41.3454,-56.8010,-71.0463,-44.8865,-32.9538,-22.5443,85.4183,47.2678,38.1844
10.9477,54.9824,40.2109,45.3781,58.7751,22.8435,-37.0984,48.6148,-10.0907,-0.7622,-110.0026,-62.0354,-75.9239,-37.9675,6.5224,20.3655,61.8074,47.1015,52.6812
1.9082,37.3793,23.3591,38.4409,38.6422,11.4878,-16.3504,22.1372,-28.7449,-25.4642,-74.6700,-72.6833,-53.7329,-39.7781,6.5303,15.3233,35.0236,49.0170,14.9270
15.4239,40.8511,37.3452,45.2560,30.3553,20.6499,-22.7684,-27.1258,-84.4874,-81.9650,-19.1966,-57.0392,-36.2776,-36.3304,-14.6065,-9.0523,34.0811,56.5917,-32.5256
26.4507,45.2255,55.9376,51.4317,41.0125,26.7566,-13.9195,-33.9264,-88.2814,-82.5588,-22.7593,-23.5306,-28.6509,-17.7371,-7.9771,1.1257,22.6590,55.6189,-25.5765
8.6580,12.6588,35.4826,35.2427,36.6783,-0.8766,10.0479,-18.6887,-50.5598,-6.9862,-23.7831,-8.4161,-27.6893,-15.5988,3.8085,10.0822,-10.3945,39.8180,20.4745
-20.6473,-3.9318,-5.0670,20.3671,12.9337,-23.7504,10.4128,-18.9167,-24.2274,40.8167,-12.1019,2.4017,-34.0283,-26.1454,-14.9057,-16.1441,-6.2986,31.3907,49.5041
-21.9909,33.3168,-10.3174,21.7827,11.0229,-4.8962,12.0571,-2.7671,-11.5010,30.9658,-40.5196,33.7554,-22.0809,-15.2704,-29.8326,-33.1395,42.6766,27.3320,59.9896
4.2825,65.0314,11.5073,0.8462,10.0501,0.0133,46.1388,30.4682,-10.7931,48.5731,-57.3243,61.5281,16.8004,1.4283,-15.8362,-14.0705,74.1684,-7.8787,62.3239
22.2418,53.0906,7.2246,-44.3815,-36.7031,-47.9564,65.9726,32.3339,-16.0265,90.9648,-23.4189,61.8496,37.7191,3.2398,-5.0548,7.7315,67.7004,-54.9469,34.8330
18.7791,33.6793,-18.6140,-50.8907,-76.6317,-74.5328,48.3254,12.6548,2.3079,78.0983,-26.9377,53.9645,26.0580,20.9100,-9.3099,14.9583,50.4941,-49.3106,-16.1754
15.2630,24.8126,-14.8323,-9.9864,-45.2081,-28.4142,36.4564,6.5907,18.6058,40.4021,-73.2184,55.6204,26.7972,59.5679,-14.5494,17.3023,37.8758,-0.2279,-56.5849
25.2932,4.3262,18.9450,14.6661,10.5471,24.4831,31.2213,1.3368,-16.0760,47.8511,-43.3809,56.6044,46.6352,75.2739,-27.8799,10.9001,32.6257,20.5155,-74.2842
34.6940,-26.3044,32.6451,6.8125,29.5969,28.3451,6.7690,-13.8592,-56.9062,46.3758,53.1063,59.2578,47.1205,67.2803,-44.1409,-4.7369,27.3360,3.3157,-62.6950
33.1067,-32.2970,19.0148,6.6557,27.4091,12.6916,-2.2395,-31.8521,-55.1177,-22.3063,94.3788,84.4617,40.0597,72.5036,-41.9450,-15.3480,13.1654,-4.3272,-35.8553
36.8112,0.6876,22.7877,17.3619,26.1792,4.0648,27.1191,-58.6236,-61.5181,-84.6228,77.5560,119.3515,66.9585,82.8570,-37.0048,-21.5907,9.7183,2.3725,-49.2964
54.6683,30.8138,48.2912,10.6872,22.7091,-11.3953,41.9431,-77.3355,-86.7455,-75.0697,77.2918,121.1675,103.0233,73.7232,-45.3735,-27.7414,25.4314,-8.0470,-98.9082
62.4889,8.4640,49.0192,-8.2796,21.1357,-35.7786,10.9296,-60.4588,-62.0608,-44.5878,92.7103,84.5721,88.9190,63.3248,-36.8292,-11.3148,17.6265,-31.0228,-106.7356
47.8132,-43.6578,20.8179,-12.3841,19.7993,-48.3421,-27.8778,-33.6600,-16.8855,-47.0051,99.0503,52.0417,32.0576,76.0222,-9.1981,34.4571,-21.7520,-31.8482,-75.4750
39.1694,-64.2672,9.0280,3.5542,15.1842,-33.0132,-43.9444,-23.8412,-37.2152,-65.5565,108.0655,57.6383,-7.2496,103.8614,-11.8338,60.0749,-28.3511,-5.0158,-66.2510
51.1629,-47.2728,21.9635,19.8226,18.9315,4.2777,-42.4102,-7.7038,-77.0409,-69.9694,110.2126,90.5900,-7.8183,119.5783,-43.5371,28.6767,13.9194,15.0912,-48.2564
52.7200,-18.3806,26.8724,17.7399,18.4502,31.7357,-33.7986,8.4623,-56.2694,-58.9082,80.3560,104.2485,1.6626,92.1314,-50.4805,-22.2092,41.8012,6.2679,4.8609
25.3964,19.2173,14.3185,3.8049,-7.5437,22.0552,-28.7972,-17.7206,-18.6592,-58.0287,40.6344,68.5973,6.0585,26.6528,-30.3979,-41.6171,32.2554,-9.6139,8.5643
-2.3472,46.6654,-1.0264,-1.3174,-24.0407,-10.2088,-33.9275,-60.5469,-19.1540,-81.5070,32.2049,19.7839,9.8193,-15.3984,-22.3762,-28.2529,26.5819,-9.5645,-50.7373
-4.4144,37.0314,-7.1748,3.1600,-0.2947,-27.0241,-44.5762,-54.6777,-31.4718,-90.8048,49.8993,5.6405,-0.1891,-5.9806,-27.8565,-6.8988,41.9201,-5.4369,-58.9572
5.2790,20.9717,5.9556,6.8375,19.9140,-14.8010,-54.9519,-9.7621,-39.0437,-55.5857,58.6283,8.3741,-27.6658,-1.1605,-29.0520,-1.2694,50.0028,-4.1007,1.5020
1.2578,33.2989,28.9110,15.3004,12.8561,3.1709,-59.8962,19.5145,-45.6869,-17.1328,48.4155,4.2988,-41.8334,-26.1610,-29.7286,-17.7713,31.4660,8.9036,41.6517
-15.1041,42.8791,31.9491,24.4346,18.4989,-2.3911,-50.8506,30.1136,-25.3268,1.1578,32.3779,18.2822,-33.0520,-28.3095,-25.6820,-18.5862,4.9512,18.2717,57.4498
-24.8020,30.6843,11.2353,6.8891,25.5804,-32.7823,-28.0332,49.1687,15.9048,33.7763,17.6902,38.7550,-28.7646,-5.0290,-1.3815,25.6929,-1.5764,-7.9170,84.3641
-29.1995,27.5340,-14.3421,-34.0081,-17.1742,-69.6611,-8.0768,71.3724,30.5874,61.7678,14.2765,11.3632,-37.3456,-17.3451,29.1005,69.4865,2.0455,-47.5237,90.3023
-49.2657,23.8729,-46.5317,-58.9378,-73.9749,-103.6929,-1.0597,90.2020,30.3688,48.7391,29.8483,-44.7075,-50.5813,-51.0920,46.5522,82.9291,-20.2144,-56.6058,79.8641
-82.9911,-17.3371,-89.4181,-64.0674,-86.0206,-127.9707,10.8852,129.5352,61.7765,58.2854,41.2083,-63.9745,-68.9406,-40.6866,65.3652,112.7744,-66.0148,-48.9630,112.3056
-99.1734,-66.6623,-120.5821,-79.8616,-89.1676,-132.5144,41.2604,172.8339,102.9940,118.1829,38.1588,-50.9039,-69.3883,-9.0653,86.3768,144.6930,-96.8564,-60.9738,156.7666
-78.4488,-78.5416,-121.1252,-102.5373,-116.8671,-128.6491,55.3860,149.2314,103.4160,120.9449,64.1404,-44.4115,-30.8142,-18.2561,74.1892,93.7571,-96.1017,-85.1776,132.9088
-28.5903,-75.1675,-96.3345,-106.5038,-121.0769,-130.6300,17.5911,61.9532,67.2032,37.0129,127.1102,-48.4334,3.6824,-44.2923,29.7953,-3.5752,-67.4684,-98.9859,59.1899
31.7489,-85.7922,-61.0642,-96.4471,-88.2097,-123.7929,-32.1156,-4.5802,19.6331,-35.5385,166.2600,-58.6390,-0.1722,-37.0721,-0.2163,-37.9812,-20.9038,-100.8953,-4.8238
80.0920,-90.1113,-32.1124,-84.1790,-69.1863,-108.8792,-40.3455,-49.0328,-36.4051,-98.9389,177.4205,-66.8226,0.2308,-20.7797,-10.4063,-43.4752,9.7424,-90.9014,-59.4457
100.0109,-78.7044,-16.8635,-65.9254,-65.3792,-116.6803,-34.8941,-126.0319,-85.4127,-200.5599,213.9835,-62.4528,24.2400,-39.7324,-28.8966,-99.7251,-0.6172,-72.3731,-101.9831
90.2771,-82.1768,-14.5421,-56.4952,-50.0079,-138.8151,-44.8656,-178.3905,-91.3786,-236.1245,252.3520,-73.0349,31.5424,-81.9877,-39.2652,-147.9024,-30.9444,-66.4898,-96.8621
54.3348,-108.6235,-37.9502,-75.1094,-53.8593,-141.8154,-26.0939,-141.0025,-52.5289,-141.3556,239.0683,-110.4348,26.2962,-110.6963,-18.6429,-130.8276,-58.8551,-78.8064,-55.2932
5.7739,-122.4641,-82.2545,-95.7696,-89.8090,-136.5496,33.7606,-95.9493,-10.7086,-53.6776,198.7184,-118.5585,40.5972,-115.9094,6.5746,-106.9359,-89.1323,-83.5925,-21.4047
-22.2112,-107.0012,-99.9353,-87.2179,-104.4892,-134.6050,77.6812,-97.1066,8.6568,-44.8662,154.4091,-81.5592,47.2953,-107.4750,21.9074,-98.1117,-114.7781,-69.1021,9.5727
-16.1566,-91.3681,-78.3144,-69.3923,-87.2280,-114.9767,90.0859,-60.6280,16.7638,-19.0015,94.9071,-58.6539,24.7580,-87.7131,41.1130,-65.0432,-116.3289,-52.8962,55.7460
-3.9001,-90.7151,-63.8538,-65.3665,-79.9460,-92.6677,98.1273,19.8477,16.4760,36.1179,60.0507,-54.4049,11.8604,-57.9163,43.5529,-35.5900,-94.7675,-43.9046,87.7507
-1.6433,-80.8189,-65.3374,-61.2287,-74.9305,-99.8229,97.8319,40.1666,5.7895,48.4202,66.1199,-30.4029,19.5970,-38.8938,18.3176,-45.0414,-64.2246,-38.5114,88.7875
4.3125,-61.8275,-55.2791,-55.2191,-52.3473,-113.4124,92.2020,8.8121,16.1348,54.3714,36.0400,-14.4646,13.5962,-44.4152,17.7495,-44.4858,-43.8385,-43.2547,94.1083
8.2093,-63.8279,-52.0173,-62.2919,-46.7359,-111.9097,99.8112,18.2474,53.4776,102.6661,-29.4979,-26.1924,-8.0818,-44.8214,50.1084,-5.1439,-44.5391,-54.7019,115.2165
-6.8509,-72.1118,-66.8827,-65.5607,-60.7324,-113.5489,86.7540,65.4738,56.2731,136.0201,-22.1813,-14.4646,-29.4230,-13.6685,45.9027,33.2369,-38.5221,-51.2835,124.7439
-22.5423,-54.0292,-58.5184,-55.1408,-50.8107,-114.7877,26.3503,105.9871,22.4220,141.2740,41.2534,19.2951,-58.4189,17.7818,12.7208,66.8962,-7.9593,-45.3271,128.5820
-19.6721,-41.5382,-38.6974,-71.3623,-45.3144,-115.9893,-29.3089,139.0438,56.0727,185.2780,32.6871,9.5960,-96.1407,17.8710,35.8313,126.8562,1.9282,-78.9810,143.0258
-17.9130,-72.0841,-67.9402,-122.0475,-94.9646,-149.2651,-50.4421,153.2617,174.9588,251.3972,-43.8475,-39.8068,-129.9119,9.6289,100.0803,188.4258,-31.2951,-135.6845,138.3660
-29.1938,-108.1461,-117.1470,-144.9422,-143.9248,-187.2362,-71.1278,137.2054,248.8419,260.1422,-82.6016,-75.5941,-154.5966,13.4717,117.6462,202.9700,-56.5908,-147.6068,101.4801
-30.8535,-110.3411,-115.2097,-118.1366,-129.5227,-173.2423,-87.8949,116.2162,216.7458,209.2091,-65.1477,-85.6747,-157.1399,17.8670,93.0688,180.2663,-53.1688,-111.5869,67.7709
-12.8312,-99.6112,-82.4063,-91.0928,-95.4715,-142.5799,-68.9967,96.3173,157.9671,148.7564,-35.4877,-66.8264,-125.7755,32.4818,81.7313,165.5234,-55.5783,-86.6660,43.1447
4.2454,-95.1581,-67.9943,-80.7671,-82.0631,-137.2549,-34.1078,63.9840,121.5005,103.4547,-10.0871,-12.6107,-84.5592,70.3000,75.6082,164.0652,-61.1494,-81.8316,15.6739
1.2798,-84.8805,-68.4661,-64.8063,-70.7881,-119.3196,-10.1575,31.3116,93.9864,77.1049,-0.9408,37.9339,-63.3248,90.0319,57.2605,142.2831,-49.8371,-66.9917,15.8420
-24.3151,-61.8446,-82.6682,-54.2728,-75.1034,-90.6750,16.7455,2.2940,88.3871,60.6730,-19.0749,49.0297,-51.9026,59.7807,49.9338,98.4194,-43.4046,-52.5469,42.1287
-56.4247,-33.1699,-111.3416,-56.6929,-103.8650,-88.8856,57.4133,-19.3650,98.2739,42.4478,-46.2971,46.3178,-25.0359,29.2013,51.5109,67.6449,-47.2589,-45.9199,38.8278
-63.2988,-17.5379,-109.9603,-37.8026,-95.0877,-65.1034,100.4221,6.7370,73.1193,33.6164,-60.6703,52.8583,14.8338,43.6297,35.8141,49.9828,-39.4895,-14.5359,20.6242
-37.2537,-25.9771,-61.7336,0.3572,-36.2459,6.0267,123.4122,67.3692,23.3014,38.8773,-53.7866,51.0329,44.2693,61.2468,14.0335,14.4698,-33.5445,29.5291,42.2267
-14.0572,-25.4834,-19.8839,12.8624,-3.4478,39.7189,109.0086,75.5640,2.0312,31.9777,-23.5921,42.1602,60.2888,38.3628,0.5424,-33.5951,-37.4894,34.0106,59.7759
-14.2560,11.7108,-7.9539,11.0620,-7.1137,19.6709,90.4773,27.2013,-16.3022,2.5928,9.0478,52.6429,87.3600,11.7917,-25.3670,-70.9292,-20.3430,23.7421,17.2367
-10.1443,41.7774,5.5164,38.1456,7.5443,22.3737,110.2007,-3.2195,-79.1364,-33.6294,17.2381,73.1564,117.7491,23.0739,-62.7876,-96.3056,9.2528,59.2527,-35.0891
10.0983,24.0477,25.1378,70.7327,30.9424,48.6183,122.2879,-14.8584,-140.4960,-65.6785,17.5354,67.7444,105.8462,44.5217,-74.1161,-97.0546,8.5723,105.1474,-52.2049
15.9161,-4.2715,37.3678,70.8996,43.6142,71.5997,72.4929,-28.7327,-146.0642,-70.7598,45.1560,44.2814,64.7659,46.5880,-59.6284,-62.1949,-4.9572,98.9115,-57.6020
9.4659,-2.2020,61.8320,67.3556,85.4284,114.5423,14.6411,-1.5607,-136.3303,-36.1854,88.1515,48.4770,60.9240,55.8681,-63.5286,-32.3132,15.7531,73.8127,-54.2292
35.1936,20.0216,107.6053,84.5887,146.0255,137.5087,6.5431,55.6078,-160.8014,-12.9486,104.3437,79.3985,89.4425,86.1068,-90.9870,-35.4545,61.2153,76.9525,-42.9976
85.1320,44.2889,139.0166,89.8984,157.2768,85.1945,15.8244,66.3431,-188.9997,-36.1522,85.1425,87.7669,93.1711,99.4926,-100.8745,-35.7835,93.4782,79.1357,-56.5203
101.9671,61.4695,134.9789,72.5423,129.1617,32.8345,12.4810,46.5685,-174.2857,-45.7011,49.1592,72.4207,72.8333,86.0070,-83.8581,-15.9127,104.8675,59.8503,-71.2930
82.6757,72.0494,116.6264,67.4738,111.7632,43.2292,0.8954,54.9929,-131.1581,-11.3261,-1.3634,81.1844,45.1321,84.6999,-73.5375,-1.7776,115.3834,54.4447,-43.3661
65.3646,91.2248,97.7433,79.6678,88.1768,51.3432,-31.9247,56.8151,-101.3175,-3.4022,-57.1182,107.3006,-5.4700,97.7386,-81.6038,4.5872,137.0479,72.0854,-19.2089
42.3290,104.5327,70.5463,80.4526,49.2607,38.4985,-72.0509,26.4630,-86.3130,-32.8936,-72.5068,99.4125,-49.0324,87.5910,-83.9114,12.9756,139.8348,80.0839,-36.4407
-2.8577,80.0964,39.2793,66.6352,35.4605,52.5792,-77.1989,21.7588,-58.6762,-21.9839,-37.2394,62.7330,-40.2322,58.8885,-70.2132,13.7707,95.9733,70.5690,-41.7821
-32.7567,49.6212,19.9887,55.7455,38.0211,56.5784,-63.3092,45.2996,-20.9469,18.6099,-21.7635,38.5164,-22.7249,43.2617,-54.9050,13.0606,50.1118,62.4803,-22.6849
-22.3854,58.6629,16.2663,52.1376,18.5910,18.3152,-61.1761,35.5810,-2.9599,15.3990,-64.7293,30.2380,-42.2132,35.5951,-43.4451,19.8796,47.6647,62.0737,-22.8589
-8.1626,74.3654,18.6584,49.1795,0.6121,2.7837,-48.2634,1.3923,-3.3409,-4.1767,-101.4223,32.0965,-52.9628,21.3266,-31.4272,14.3906,52.0939,58.7513,-21.8299
-18.2019,60.9839,12.1953,36.1971,6.3538,14.9130,-15.6093,-14.3924,9.4702,17.8161,-85.6734,48.7517,-25.1249,9.1936,-19.3753,-1.0521,31.6688,38.0415,7.9631
-39.4935,41.2755,-15.5944,8.6554,2.3585,-9.8113,24.1990,-13.2401,40.1962,57.5982,-66.6604,56.0637,5.9330,1.5265,-2.5340,5.1023,10.0575,5.0085,31.8703
-61.1088,23.5046,-48.8427,-14.5489,-14.5648,-39.4174,83.0016,16.4845,67.6394,101.5456,-83.3591,37.1395,29.4218,-4.2890,23.2441,26.9602,-14.0777,-9.8981,48.9861
-76.7677,4.0111,-51.0878,-16.7175,-9.2594,-20.1114,127.2911,75.5631,84.7187,168.6235,-100.9113,26.4836,54.0932,0.8528,38.4153,37.9295,-46.5025,-2.9085,76.0968
-73.5342,5.7419,-27.2614,-15.8056,9.1001,-10.0185,94.2472,81.8722,93.6773,208.3449,-83.6123,33.7239,62.7174,4.3819,25.6480,37.1061,-46.2251,-11.1547,59.5980
-63.2318,15.4770,-21.3248,-27.5962,12.8323,-49.9371,34.5928,3.5921,92.7103,173.5356,-46.4364,11.7867,56.9133,-21.7518,11.7711,30.2800,-26.9363,-37.3111,-10.4903
-75.9109,10.2293,-34.8796,-31.0095,8.0452,-74.8392,30.3028,-52.7301,83.1292,120.7203,-23.9941,-34.4973,54.1302,-60.1849,24.7386,29.2648,-51.3131,-38.5477,-45.8235
-104.2002,38.2395,-28.1239,-7.8131,3.1287,-48.3268,30.1068,-31.6119,59.5184,88.7859,-23.8268,-35.5826,43.1388,-66.6818,31.3773,45.8773,-75.8684,-6.8629,-35.3497
-108.1750,104.4033,1.8623,28.5778,5.4379,-11.5449,-13.2232,-5.8466,16.0166,45.3703,-27.2139,9.8829,26.2659,-39.3147,-3.2736,50.8926,-33.5399,30.2462,-50.1142
-79.5632,114.7756,25.4734,58.1143,33.1247,12.9299,-26.2581,-2.5106,-15.7766,13.3246,-39.0233,31.8568,25.6554,-8.6188,-34.7775,27.2961,5.4733,61.5998,-66.2271
-53.8834,67.7417,35.2380,66.2728,65.3706,36.1571,7.5176,14.7395,2.5625,39.7643,-78.0325,22.1664,23.9854,7.2124,-12.3534,25.8300,-17.4118,71.4312,-26.7746
-54.2817,60.2258,32.8330,48.0505,53.9243,48.7702,7.2924,23.4093,40.6163,71.6567,-102.6190,30.4721,7.3556,8.6264,19.8504,55.1265,-29.8159,43.7394,8.8005
-61.7770,75.6345,11.2447,23.6083,8.4137,31.3403,-26.4732,0.4517,43.8046,45.8939,-58.0921,52.1030,8.3204,11.1849,2.5370,47.9284,-7.6105,14.2066,-23.1308
-56.2901,40.7231,-17.0019,10.9373,-24.3293,-0.6354,-33.3409,-12.8015,31.6598,2.6275,8.8491,48.2759,25.8292,26.6579,-22.0624,17.8132,-21.1779,12.2600,-68.1812
-48.8820,-0.4411,-30.3114,-6.3342,-40.3422,-12.2834,-22.6771,-4.9084,52.2544,-2.1376,19.5122,32.9837,18.3914,38.5241,8.8091,45.1823,-61.6745,-3.5493,-61.5776
-48.0714,2.1520,-33.5130,-35.8648,-55.9557,-10.0553,-19.9445,5.9760,90.8745,29.1050,-13.7515,31.6823,-7.5754,34.6966,58.9970,104.9667,-64.8117,-47.3225,-23.0922
-41.7479,3.0251,-39.2763,-47.7078,-63.9074,-28.6006,-14.9265,40.0084,105.9566,68.6071,-43.6267,20.4298,-22.7046,35.3051,65.0661,121.5368,-44.3845,-57.1750,-2.7350
-33.6104,-10.6437,-41.6299,-27.5698,-52.7439,-50.8700,-13.7026,78.9049,90.7871,72.4327,-55.1610,-9.1635,-27.9124,45.1373,39.0848,104.2174,-36.1015,-18.0409,-16.6807
-38.8773,3.0707,-30.2455,2.2804,-19.6648,-34.6831,-10.2657,60.0271,60.4548,15.8946,-40.9777,-9.9779,-8.6727,42.9724,22.7798,81.3100,-37.4802,13.8104,-37.8803
-44.7461,34.3930,-10.3693,22.3192,21.2167,-8.0248,30.9559,11.9419,36.4631,-48.8685,-21.8784,34.1148,47.2729,36.6971,24.6775,52.7865,-49.8786,18.7693,-34.4053
-34.5894,47.5378,-0.9525,21.9118,33.9735,-16.5985,81.4825,1.3669,31.3339,-63.2481,-29.7488,68.4001,85.1825,44.3492,36.2456,47.9754,-57.7386,10.5052,-20.2270
-22.1689,40.2651,-7.5689,0.4814,14.6968,-30.0363,74.7320,0.6866,18.9403,-45.8049,-24.3145,54.2222,64.1784,44.2720,42.1910,73.1977,-31.4549,-11.3725,-25.8697
-17.8440,23.5470,-6.2607,-11.6203,8.1199,-16.3156,36.9045,-13.4127,-16.8513,-28.9158,22.5680,23.4947,35.2974,23.0143,27.0561,69.2929,-4.2542,-22.7704,-33.5483
-10.9300,20.9820,17.1019,5.3910,24.5141,-5.8564,42.3678,5.9826,-31.1423,-2.6239,25.3421,21.2305,45.1961,8.7475,8.4387,27.2654,-17.2990,-0.0525,-12.1123
-1.0901,49.6200,38.3718,21.0447,27.9728,-6.3734,82.5168,45.1831,-8.4364,33.8732,-49.4811,45.1046,66.2794,13.1370,10.9690,7.5796,-25.4350,20.1449,17.3397
3.9318,70.1081,40.8028,18.7810,21.3486,15.6412,99.9997,46.2680,-7.3700,49.5135,-91.9092,62.2792,69.5606,23.9035,16.1148,18.5038,3.3639,16.4221,16.9266
6.7968,43.4940,35.7329,24.8186,31.3012,52.2909,90.6279,31.1144,-36.2806,23.2707,-55.8396,57.7961,70.5948,43.5171,4.9460,17.6695,11.7453,25.7951,-9.7591
9.6729,2.4149,24.8112,37.7728,40.4268,69.9168,84.6938,24.3696,-38.6754,-30.1584,-17.0870,41.8188,86.7823,58.5764,-6.7668,-13.3563,-18.3555,47.2919,-37.5785
14.9996,-13.8662,11.4662,34.7536,31.9083,70.1818,81.9746,-9.8834,-25.5346,-72.0031,-1.2695,21.4912,105.9218,36.6091,-17.6191,-71.0425,-28.8349,46.8655,-57.5452
23.8616,-14.5979,14.6250,32.4269,27.9384,66.1523,70.3735,-55.2916,-41.8664,-87.9261,16.6544,-1.4217,107.0114,-4.0736,-34.7230,-123.7454,-19.2010,44.9440,-67.9643
18.0660,-13.5308,19.5160,42.7018,33.8184,60.4422,69.8641,-55.3142,-55.8307,-105.9116,25.7616,-15.2162,97.7403,-18.8363,-31.6155,-125.6696,-37.3463,58.8463,-56.9930
-6.2368,-4.0612,4.1867,40.6372,34.7857,59.4403,95.1146,-30.3582,-43.2097,-127.2851,25.2510,-12.0256,103.1788,-19.1294,-6.2830,-97.6522,-57.4033,54.9421,-25.2116
-10.9147,28.0276,7.6203,36.4050,42.0393,58.5482,103.3096,-30.1960,-54.1669,-121.1193,20.3194,2.1953,108.7205,-29.9075,-9.8316,-95.1285,-22.7349,42.7365,-9.1343
16.0900,78.7821,52.2414,66.0093,67.2382,47.4601,55.9564,-55.0597,-94.4946,-113.1988,-15.3407,20.6340,76.3890,-29.6624,-48.2082,-102.6697,40.2980,68.1387,-34.1542
34.5716,99.4377,80.4944,107.2160,95.7863,42.0733,-6.8926,-83.0560,-109.5552,-141.0871,-55.6124,31.7383,21.8917,-9.0637,-71.8267,-92.0854,68.2728,109.5357,-59.6753
34.5902,59.6644,71.7747,117.1440,119.4785,57.5017,-40.1647,-82.7231,-97.5892,-150.6349,-36.5529,25.2197,-8.7647,4.7928,-75.7974,-92.5228,62.0123,118.2802,-38.3346
44.4604,17.1389,78.1185,101.8466,136.1022,74.9342,-67.7060,-43.2100,-88.5427,-101.6409,15.1388,20.4989,-16.4054,13.6874,-80.6411,-92.4751,60.7306,94.9577,-4.9487
61.6705,21.3391,100.1062,81.9112,130.0226,77.3490,-110.3371,-19.2818,-85.0199,-73.8621,45.4798,41.7051,-25.0141,44.2783,-75.4724,-42.5651,75.0674,59.4035,-24.3761
73.0773,33.9860,100.4113,71.5473,107.5064,76.0587,-140.3791,-40.7091,-99.4466,-116.2614,70.4581,73.5177,-30.3055,87.9760,-75.0813,4.4531,95.5146,40.9996,-82.6780
85.9783,33.5316,100.6893,87.8366,102.5881,84.6571,-144.0333,-56.8015,-130.8897,-150.8811,81.8110,92.6805,-25.2364,107.4871,-107.3394,-29.7456,114.4809,66.1073,-108.6668
86.2305,50.4291,117.0735,111.9043,120.4371,99.5409,-137.6770,-57.4669,-131.0349,-130.8043,42.1212,94.0698,-28.4696,79.2908,-125.3936,-83.8393,120.0762,94.9231,-71.7319
60.3738,68.4901,115.1419,111.3992,136.0337,107.7597,-129.7126,-72.8464,-99.3468,-107.7314,-8.3202,66.6487,-58.5850,21.1686,-88.5507,-75.2667,107.9870,86.0819,-2.8669
45.1709,55.5244,101.2455,112.1391,142.8542,107.7556,-121.3048,-62.2023,-94.1819,-105.9838,-27.5919,25.8506,-97.3287,-10.3007,-61.5183,-58.2445,95.5690,91.2567,51.9351
60.6312,42.6090,109.8677,136.6293,148.0606,116.1215,-108.3360,-13.8196,-106.4417,-100.8330,-45.2934,24.8218,-94.3705,7.1946,-86.2254,-96.4852,91.9681,133.3615,65.9029
68.4757,53.0327,118.2197,137.3447,140.5814,130.7646,-79.6573,-20.0679,-89.3186,-100.1417,-56.4647,54.7497,-37.1710,16.9316,-97.3603,-140.2150,79.3610,133.2863,39.7124
51.7650,61.1664,98.1657,96.3775,105.6236,118.2954,-48.1764,-92.0767,-64.4894,-117.3188,-33.3906,51.7758,12.2682,-17.9432,-65.1401,-139.9902,50.0484,79.0383,-0.5934
31.2357,57.7637,70.1103,65.0633,60.5404,77.9319,-33.1107,-126.1503,-50.0562,-113.0831,-21.4029,27.2759,14.3604,-49.9970,-40.2463,-122.6521,20.5477,50.1217,-18.5047
11.2512,46.0987,48.5498,54.5390,47.0769,55.8369,-17.7960,-102.7258,-19.5263,-59.6778,-39.6941,24.2118,12.2101,-50.3497,-33.2981,-109.9678,5.6111,45.8910,-0.0808
3.6871,21.9514,36.7113,34.6353,74.7803,60.1257,-3.7899,-80.7980,-0.2387,-12.0021,-24.7150,7.0027,25.6337,-54.9060,-21.5356,-93.3985,17.9909,16.7407,24.7701
34.2397,10.7764,49.3822,14.7453,95.2079,45.1190,-31.3876,-68.7829,-31.4749,-30.9249,28.5062,-39.0780,15.4032,-71.1261,-23.2593,-82.9492,59.5018,-13.9646,17.1737
74.7385,27.9407,66.4255,9.8177,71.4599,0.1678,-80.5454,-63.0444,-60.5553,-82.5814,58.3118,-49.2545,-8.9039,-71.0365,-48.1217,-97.8656,93.2875,-19.1499,-12.0486
75.1750,33.8981,53.1696,11.1194,42.8436,-29.2429,-82.7082,-67.5578,-46.9903,-100.3502,57.4112,-23.3248,-6.1504,-65.5694,-66.4441,-132.3953,86.1928,-11.8987,-10.3863
52.4227,17.4292,35.1862,25.0691,56.4342,-15.4987,-49.9526,-49.1143,-41.5729,-92.1123,50.2936,-23.2446,-3.3996,-75.1528,-67.3551,-158.5039,66.0679,11.4291,43.6173
45.1644,14.2891,41.9888,40.2933,81.6323,17.9251,-42.1039,-11.1338,-52.4041,-90.4637,39.9993,-31.0286,-28.5753,-80.8234,-54.2874,-147.6390,64.6269,27.6303,108.5466
42.8800,12.1905,39.5717,19.2143,67.6982,36.8816,-47.2149,-4.7108,-18.7071,-76.6810,31.4630,-11.9624,-39.3145,-68.5855,-19.7347,-105.4266,53.5630,-7.0288,132.0676
27.9354,-17.3896,7.0719,-12.7840,26.9114,34.3986,-33.6007,-14.1444,41.0473,-51.0439,23.1014,-7.5405,-21.9540,-51.4446,11.0596,-77.9838,12.9588,-39.8368,107.9296
8.1643,-38.4996,-18.9427,-3.6781,-1.1943,27.7085,-29.1877,-4.8062,45.9586,-61.0274,23.0139,-28.2227,-17.2585,-39.2059,0.8633,-84.8206,-20.0973,-8.0003,66.5600
-12.9484,-25.5263,-18.0141,14.2491,-7.1688,33.5239,-47.2453,-12.3594,0.6986,-91.6886,67.3772,-26.6638,-19.4701,-39.3372,-23.0028,-87.5523,-26.4911,19.6908,36.6289
-31.7671,-14.5512,-10.8555,-0.0193,0.1262,50.0771,-46.2266,-35.3565,-22.7867,-74.7854,119.2274,-9.9135,-2.8964,-51.4625,-16.6026,-65.8731,-27.0195,-8.2421,36.3153
-32.8761,-18.8407,-13.6598,-13.3106,5.8368,56.6473,-13.9713,-14.8741,-5.1668,-15.6612,84.4293,-10.6989,3.1915,-51.8678,1.8567,-45.9700,-18.3795,-24.1637,64.1286
-18.9852,-15.0594,-25.4535,-15.8016,-10.2246,33.0743,7.3414,22.8103,18.3025,29.6109,5.0929,-14.1999,-16.6439,-36.3098,3.5003,-35.5166,12.0704,-15.4032,81.2082
-10.3698,-9.6808,-37.0726,-39.1954,-38.4501,-7.6990,-9.2813,14.4014,34.0908,51.3949,-3.1220,-17.2331,-29.2348,-36.5234,1.5949,-21.3929,35.9157,-41.0590,60.1841
-12.6509,-18.5404,-38.9695,-60.4529,-39.0270,-25.6737,-43.3491,-8.6320,59.6222,66.2707,21.1132,-35.8464,-35.7393,-55.4798,10.7760,-9.6578,31.1653,-74.8094,45.7741
-22.2027,-25.3530,-36.4195,-51.4789,-8.6644,-12.8376,-61.5438,-6.9837,93.6999,80.8810,-4.8404,-43.9547,-59.4900,-64.7901,26.0650,0.9097,22.5839,-73.9841,83.0440
-40.4785,-19.8330,-38.9059,-50.4465,7.9999,-8.1361,-56.2258,-10.3729,112.1930,102.6475,-20.7475,-29.6360,-71.9002,-71.1087,44.0854,23.0654,14.9344,-81.5478,124.4595
-61.2443,-21.5516,-44.0571,-74.2508,-12.9113,-33.7515,-46.1285,-25.7560,110.7716,119.8924,29.2024,-36.3102,-48.8603,-95.0968,58.3661,36.9227,-24.5037,-109.3465,110.7777
-67.7557,-39.9791,-48.8779,-88.3190,-47.0984,-63.5986,-43.3744,-23.0704,103.8365,110.5129,80.3576,-68.6074,-28.2799,-114.4076,61.4635,26.9458,-78.8903,-113.0742,75.1808
-48.8368,-52.4269,-46.1918,-85.4502,-58.3163,-66.1460,-32.7106,-4.0366,90.6734,87.8016,77.7384,-77.3041,-31.6670,-100.6078,64.3783,26.6414,-86.5526,-101.6984,71.1988
-10.8584,-43.8256,-25.1453,-73.8717,-31.0144,-40.3472,1.5787,17.0077,72.6339,70.1801,27.0108,-57.7064,-30.1212,-65.1085,76.9727,46.8585,-49.1271,-94.3426,88.5091
20.7628,-45.2635,-4.2696,-51.6693,13.2696,-8.4875,44.1841,42.0568,74.6972,59.8274,-41.7546,-49.9443,-17.1896,-32.8663,92.0695,55.3478,-31.7674,-73.3651,105.4930
19.6895,-85.0308,-15.4077,-51.6605,27.8066,6.5255,67.0839,68.2318,107.4298,84.6145,-63.4067,-60.6505,-13.6815,-15.4816,112.4704,67.3675,-59.7734,-69.7817,127.9548
-13.8903,-124.8663,-51.7692,-98.0292,-6.4076,-3.6084,65.9269,90.1486,153.3145,146.9546,-18.3669,-62.9711,-17.3747,-10.8374,147.9998,123.7154,-101.1151,-122.5797,149.1735
-54.1606,-125.0768,-91.0248,-143.7472,-62.1815,-34.5641,57.3486,109.3112,198.9911,177.5065,12.8832,-53.3824,-23.3384,-6.0491,182.1047,191.3535,-130.1362,-174.9478,151.5762
-76.0797,-118.8449,-129.2768,-151.2106,-108.9066,-67.6791,47.4633,131.0274,229.9352,157.2089,-4.5495,-59.7336,-42.6133,2.7912,184.6037,206.3757,-137.7548,-169.7951,141.8828
-73.1464,-126.4773,-146.8576,-139.0802,-129.8351,-70.9388,29.1218,159.1617,223.0928,146.4417,-14.8729,-84.2924,-62.5340,2.3135,150.0547,163.5649,-114.4977,-136.9195,135.4301
-57.4007,-98.0372,-120.8881,-112.9734,-118.8517,-45.0897,6.2258,167.1718,180.8520,135.1835,-10.8827,-78.2698,-60.2886,-7.9305,99.4089,99.2123,-69.7532,-104.3477,129.2535
-43.1122,-27.2238,-80.8804,-72.9473,-97.9154,-36.5145,-10.2646,124.3425,133.9336,75.1395,-24.3058,-18.8190,-53.2555,-7.6492,58.4960,53.3656,-29.1305,-71.5089,117.4489
-31.8598,16.3934,-62.9746,-50.6270,-86.1193,-49.9792,-15.7826,77.5945,110.2770,27.5754,-43.7607,38.2545,-59.7555,8.8320,44.2709,50.9301,-3.2348,-58.0489,111.2740
-24.9645,15.6633,-54.5564,-49.4492,-60.6524,-35.5076,-5.5119,88.6479,119.8276,50.9457,-69.4581,42.4642,-56.1561,21.7910,54.5640,71.6655,11.5461,-63.5496,120.1766
-30.7880,18.6758,-45.0750,-41.8687,-22.7180,-1.1558,12.6507,115.1783,136.9963,72.1898,-103.4640,15.0255,-35.3238,16.2606,69.0768,82.2443,16.1934,-58.9624,121.5046
-40.0520,33.3214,-43.2076,-37.5803,-26.8830,0.1331,12.5744,103.7558,115.5810,44.3126,-91.6448,-4.0309,-26.6310,5.3043,69.1799,89.1558,12.1210,-50.6691,86.8554
-28.2874,33.9734,-33.2552,-47.4282,-66.5407,-11.1732,-5.2770,88.8208,61.9763,24.5220,-31.4876,2.3301,-28.1402,15.5092,54.8822,99.2915,6.9809,-54.3832,36.3497
3.0110,21.1818,-7.3835,-46.1364,-67.5939,6.3529,-11.2372,80.6368,29.5733,20.9287,-0.9932,29.2252,-16.1149,45.9423,42.3594,95.5828,7.8564,-55.5010,8.7589
28.0148,5.9724,3.8186,-36.3020,-39.7552,19.3097,-11.1443,37.0744,22.7032,-12.0035,-1.2478,45.6435,-9.9551,61.4612,39.4498,80.8424,15.6530,-53.9861,-2.8576
38.6728,-0.3607,-1.7568,-35.9799,-48.8328,7.5309,-36.2335,-17.8305,5.5390,-52.3062,14.2295,35.3311,-34.6242,43.2698,28.6848,56.8372,27.9659,-53.6824,-15.3385
45.0051,19.2171,12.3967,-16.7029,-62.5778,13.9833,-72.6393,-36.2167,-19.1147,-62.5471,4.6153,25.4568,-66.9388,12.7695,-2.7154,5.4710,45.3947,-25.0891,-11.4081
47.8357,50.2503,43.2407,30.6669,-22.2375,42.9918,-84.8803,-37.1074,-36.2821,-61.3144,-50.3021,22.4968,-82.5787,-6.9782,-31.4947,-42.0104,67.2054,28.9764,8.4467
44.1867,56.9828,60.5286,56.1701,26.6331,60.6428,-69.2203,-31.8510,-59.4424,-53.3815,-74.6266,3.8672,-82.2227,-12.5896,-30.8203,-31.2786,76.8473,56.3586,14.1057
41.1959,52.2118,71.2032,49.9417,33.2544,72.8300,-37.2752,-9.5954,-92.2261,-29.4153,-53.0721,-6.0866,-59.5705,-4.6478,-17.2386,5.2894,66.1511,52.4599,-0.2573
47.6463,72.7135,89.4426,54.5894,29.4084,84.4850,-16.8886,-11.4961,-123.6008,-32.3117,-40.2114,22.5471,-23.0884,13.4596,-29.3567,3.1767,69.3448,57.7617,-35.4998
62.8714,97.7355,99.0557,69.8791,36.7998,73.0416,-41.4935,-56.3461,-153.3600,-82.0904,-24.9505,47.9982,-8.5584,31.4590,-68.0074,-21.1793,107.8738,70.7245,-99.6095
75.4324,88.3356,91.4547,66.0767,39.9217,49.0190,-72.7837,-83.3708,-168.1552,-110.2786,6.6675,41.6664,-15.8603,43.3937,-88.8002,-21.1968,136.7572,64.9563,-143.3100
75.2813,68.8269,82.6967,48.2671,47.1540,35.2870,-42.0944,-69.8518,-147.7019,-78.9196,1.1159,46.0321,-9.6691,52.2730,-60.5350,12.4324,123.1241,40.5447,-114.5856
69.6126,75.4189,78.5444,29.6871,54.8297,19.9356,10.2282,-56.2541,-111.1857,-48.4137,-36.0070,72.5505,8.0344,64.5083,-13.1571,65.8122,104.4170,8.3934,-75.1754
68.2960,74.6149,64.3845,6.4200,28.0256,1.2981,3.8735,-48.4399,-86.3800,-53.5649,-25.8926,74.1653,13.8432,75.7028,0.9054,91.4862,98.9013,-19.3487,-94.4609
60.6748,23.2751,33.9053,-18.7982,-17.6465,-5.1039,-19.5409,-29.7168,-63.2824,-40.8677,32.9885,36.4148,19.1096,62.7129,-12.5898,51.5155,64.7257,-31.4420,-111.0590
40.4044,-39.5892,5.6255,-39.1789,-30.8419,-12.1162,8.8256,-7.2368,-32.8475,11.5663,71.6953,-9.4850,37.5217,20.9677,-6.0157,1.5840,2.8664,-39.7885,-66.1107
29.4301,-53.2050,-2.3796,-54.4869,-20.0293,-30.7133,46.7838,10.2843,-10.0039,38.9921,69.2154,-40.0070,52.8065,-13.2517,22.2219,2.1712,-26.5546,-57.7621,-23.1096
34.7236,-39.2526,-5.3045,-63.1950,-25.1044,-44.8705,55.1933,9.0248,0.3356,13.9684,51.5372,-59.7867,56.7092,-26.2690,38.5499,10.9208,-20.5991,-69.5883,-30.2294
26.6496,-49.3161,-25.1648,-66.4364,-41.9481,-50.8036,72.8270,-19.4738,1.8597,-4.2831,41.5171,-88.8153,58.9227,-50.2313,43.8630,-8.9001,-33.0319,-63.2267,-42.6545
1.0507,-61.2166,-42.4958,-64.0166,-51.0505,-49.8080,92.1989,-43.5838,-9.1859,3.0089,48.3539,-113.1573,58.9046,-80.6984,45.5263,-24.7501,-58.0738,-49.3979,-39.4045
-5.3871,-29.9444,-31.8024,-47.0084,-56.4995,-29.3795,62.4746,-48.5578,-18.2211,-16.9915,48.9731,-82.0804,52.4166,-73.6083,22.4532,-41.9852,-43.0451,-33.4146,-46.4203
9.4187,13.1967,-17.2804,-23.2008,-58.5093,3.0094,21.1961,-57.8398,9.9128,-54.6506,3.7151,-12.3324,47.3204,-37.9721,-7.2800,-77.8704,-3.9762,-18.8355,-50.6399
6.1485,15.2426,-27.7201,-17.5509,-47.3682,24.4070,36.5070,-50.0370,68.2937,-42.4824,-67.5566,10.6098,50.7477,-16.1289,9.7840,-72.1573,-2.0900,-18.0159,-28.9093
-16.1424,-2.3731,-42.8246,-27.4755,-31.6770,27.4846,72.7250,-4.5872,85.2893,-3.2929,-82.1653,-14.0732,56.5619,-5.4620,46.4401,-8.1730,-21.2360,-26.2020,-12.0313
-22.6359,0.8562,-35.0657,-28.6440,-25.3016,13.9821,64.3736,17.6815,26.7907,-4.3654,-12.5310,-13.0501,55.3007,4.9277,32.5013,24.0868,-10.8121,-26.0982,-24.0008
-16.9408,-0.6229,-14.3211,-19.6588,-19.5897,3.7159,34.1637,-2.7022,-24.6928,-9.2127,58.5884,5.3295,48.6912,-2.0125,-1.0124,-1.8507,-11.6665,-18.3813,-26.7449
-25.6177,-35.9395,-4.7206,-12.7941,-5.0161,19.8525,26.7363,-2.7756,4.1155,34.6214,60.5739,-5.4436,41.5569,-19.8731,9.1797,-20.7261,-67.9829,-11.1272,8.1743
-32.8131,-61.5595,-8.6289,-6.0959,6.9177,31.7616,27.5218,5.3002,41.4232,71.0760,31.7303,-8.2854,28.9441,-21.3699,19.3986,-27.5991,-95.7999,-2.7041,43.0120
-9.0933,-36.2474,-0.6114,7.2897,17.6097,11.7309,15.9319,-27.3014,8.6942,57.9431,19.5551,28.4965,16.4093,-11.8038,-20.9277,-60.1446,-30.5626,8.2569,40.8449
24.3477,0.3376,36.3002,24.9509,47.4867,9.0148,4.1981,-49.8981,-25.7544,52.6996,1.7063,43.1493,25.8291,-17.0637,-55.5921,-97.1192,26.6842,19.1152,20.0134
22.8195,3.0679,65.3224,33.6712,72.0125,38.3373,-6.2104,-40.0219,0.8863,72.1618,-21.1319,-4.5037,45.5303,-48.5214,-40.1066,-107.1722,-7.2443,25.1760,-0.7019
-12.6146,-6.6881,40.1997,24.3917,42.6233,37.0541,-25.3807,-72.0642,24.4755,48.0591,-10.1248,-58.4114,34.6160,-87.9857,-17.7939,-98.4860,-54.5431,23.0105,-33.0707
-36.7339,-6.4137,-8.6661,14.4819,-5.6495,17.1879,-36.8831,-132.1008,11.7739,-30.3359,9.6316,-61.6199,4.9272,-88.1894,-12.5275,-78.8876,-50.5070,21.1564,-66.6275
-24.3963,-13.7536,-22.5452,20.5360,-5.0925,36.0099,-31.0701,-133.9971,13.8953,-92.6037,2.5870,-25.9037,1.9798,-36.5001,-6.4689,-58.4345,-35.6385,24.5007,-71.7513
-2.1781,-28.2628,-17.2392,21.0251,8.1071,46.3081,-32.9874,-100.8884,32.0378,-98.9611,3.2477,6.2746,10.3069,7.4263,-8.1744,-54.0719,-27.6849,18.0405,-58.0594
-2.7027,-27.6813,-32.9215,2.9586,-22.9324,10.9792,-39.1407,-84.8002,37.9074,-66.6360,4.1689,9.9115,-6.0936,8.5921,-15.2461,-46.5423,-11.8114,4.1104,-50.2304
-13.5212,-18.1412,-45.9731,-3.7977,-44.7646,0.8678,-13.6112,-54.9784,45.4040,-28.2494,-48.9221,-12.9935,-22.1599,4.0173,3.5730,-11.8767,-6.2324,8.9820,-42.4112
-6.0636,-13.9518,-26.1311,6.4050,-14.7446,25.0000,26.3381,-6.0632,39.4133,-7.9280,-95.1442,-44.4430,-10.6644,5.6862,30.0628,19.5653,-9.3971,22.9420,-30.1386
8.8050,-13.2210,-3.8473,1.4049,0.6240,20.2518,35.2789,21.0353,-2.5381,-4.5670,-49.4981,-65.4294,4.3398,-11.6736,24.1812,12.1209,-2.3795,15.9982,-21.0190
4.9100,-26.6506,-11.6073,-11.0786,-25.7565,13.9176,30.3958,28.5114,-27.8091,-10.7242,10.7081,-78.7089,4.6057,-35.9293,10.3853,-20.7745,-13.9598,9.8806,-6.3703
-5.2787,-52.9944,-28.5936,2.2563,-30.6315,39.4823,44.8923,25.0633,-20.3906,-38.6083,-2.9254,-108.9692,-2.5343,-52.5575,16.4298,-53.5037,-45.2266,37.5953,10.7764
3.4181,-48.3001,-23.7628,28.8675,-4.2814,42.1388,56.7820,4.5942,-44.2470,-80.8016,-38.3147,-145.6236,-15.1250,-74.6003,12.0091,-77.4003,-32.1331,73.5934,9.3654
18.0256,-5.4518,-4.9455,39.7932,4.9375,23.6523,48.5477,-6.8835,-79.6489,-94.8450,-55.3643,-137.0510,-27.3075,-84.2521,-7.0359,-82.9498,17.3925,81.7876,5.2105
13.9997,11.6551,-4.1096,31.5413,-9.6199,35.2021,39.7269,-6.1028,-56.1304,-71.6559,-75.2754,-94.9692,-36.5034,-68.6359,0.6514,-64.9357,25.9239,64.0095,24.9651
2.2476,-23.0411,-29.2883,4.7557,-34.0115,38.5659,29.5523,-20.5405,-15.4199,-49.1123,-65.0040,-93.6719,-56.8299,-67.6687,28.5841,-40.5933,-1.3168,31.2319,46.7916
3.9740,-61.0631,-50.5975,-25.2207,-57.2962,11.4842,10.8255,-15.3286,-12.5135,-47.6112,-7.6430,-122.3860,-72.9552,-76.4358,36.2937,-29.0396,-12.7357,0.9197,50.0388
11.1904,-70.0734,-46.5562,-25.6431,-47.6163,18.2394,4.2686,35.1060,-10.6974,-58.6486,27.2880,-105.3036,-55.3007,-41.6648,28.6252,-20.8439,-13.0472,-2.7028,51.3029
12.9301,-55.5888,-30.8144,-8.5122,-11.8324,47.1439,6.8571,59.9955,-1.4372,-63.7933,12.6848,-58.7775,-37.4689,6.6873,29.2756,7.6536,-2.0889,3.7198,51.8822
22.3298,-16.5703,-16.2835,-14.2766,-12.2919,33.0688,-9.4808,33.2887,-16.2119,-43.3257,-15.4531,-33.5167,-59.9727,13.1035,29.9296,47.7752,47.3061,-13.6375,38.8037
41.8733,35.4195,-1.7070,-26.8258,-50.5124,11.6115,-31.1888,17.1002,-32.7005,-16.2719,-50.1197,1.5068,-82.2809,18.5889,14.3753,61.7586,107.4227,-30.8541,17.8771
46.6003,55.1494,5.8656,-12.8655,-59.9448,22.1188,-30.2187,12.7217,-39.5447,-12.8032,-71.6060,43.2804,-70.0775,48.2433,-8.2383,50.1036,121.9618,-12.6322,-8.1770
27.2518,17.3544,2.3823,-1.1652,-33.1227,21.3967,-24.1982,-8.3494,-58.2484,14.5989,-43.6883,10.3392,-66.2216,37.6304,-11.5857,54.8209,86.9807,8.4613,-29.2511
-0.5045,-39.0259,-2.7942,-20.4455,-21.7481,5.5363,-33.3018,-7.3866,-51.5748,112.8107,-9.8289,-81.9701,-87.1867,-24.5029,10.8812,74.5361,32.8344,-3.3595,-18.6462
-32.3604,-49.4550,-10.2845,-35.5622,-37.3849,4.3370,-37.1196,17.8310,0.7553,199.1692,-26.7929,-128.2720,-82.6973,-75.3029,22.9865,57.5579,-10.1611,-12.8056,0.4375
-64.4491,-3.2693,-19.8092,-13.8529,-44.3379,-4.3407,-21.3210,11.1315,27.7861,182.3868,-61.2145,-114.5077,-41.0105,-98.3367,-2.9847,-3.6233,-20.9426,17.3558,-16.4715
-73.4556,42.7580,-10.9042,24.9001,-16.5746,-14.9171,-8.5695,-16.8298,5.5678,101.6781,-68.0020,-91.9108,-9.0422,-104.0567,-31.0225,-49.2216,-15.4890,58.1252,-38.0658
-57.5967,48.9065,15.1036,48.7474,24.9966,10.9063,-21.8432,-36.1761,-17.7342,16.6560,-40.8419,-68.5717,-5.9749,-82.5682,-24.4480,-39.9639,-23.0744,68.1538,-38.9052
-40.4833,35.3997,27.5470,45.9476,30.7378,35.5304,-46.3429,-71.4806,-42.8167,-56.0217,17.3765,-50.0566,-4.3152,-52.9374,-12.2534,-10.5791,-34.2940,52.0246,-74.5618
-17.5145,21.3662,24.9401,25.9434,-2.6698,23.3770,-42.3486,-102.4599,-70.7996,-68.2332,53.7536,-42.4535,16.3851,-33.7860,-23.1428,-12.3435,-26.5074,34.9381,-137.4101
20.0090,6.3349,23.2692,10.9395,-25.2394,25.3344,-5.9750,-79.3878,-54.2486,-19.4334,11.0956,-9.3429,39.8762,3.1536,-34.3209,-36.8829,1.5101,24.5951,-136.7355
37.8262,5.7408,11.3594,8.0138,-23.6933,53.6594,15.0561,-41.1430,-8.3540,-9.0800,-49.5640,44.2043,38.7381,50.9842,-27.2037,-36.5609,36.4742,14.5812,-84.2800
20.5824,19.2802,-9.0414,3.6930,-24.9294,58.0145,-4.0869,-35.4455,10.9288,-49.4971,-47.4749,57.9237,15.5747,61.5378,-12.5543,-3.9620,51.5543,0.8969,-60.7712
6.5931,17.2843,-9.7579,-3.1152,-22.7831,46.3948,-28.7373,-36.5373,17.1562,-47.2297,-23.2497,48.2746,-3.5680,53.0044,1.4936,28.5593,35.5045,-12.5079,-54.5582
7.3565,6.4372,-0.4504,-1.2321,-8.9526,45.1939,-22.5337,-37.6844,23.5843,-14.0441,-27.7155,69.1640,-5.3530,67.4376,10.0689,48.5017,19.3924,-15.3555,-40.2363
-1.4032,11.2016,-10.9271,4.0089,-9.7314,29.2632,12.2645,-53.7160,6.9747,-20.4713,-36.3610,78.1131,8.5325,71.9291,9.4819,52.8048,16.6221,-3.5532,-50.1498
-8.3609,5.8669,-22.7329,0.1894,-17.3256,6.1323,48.1761,-54.6131,2.8132,-23.9477,-43.6520,36.2322,26.7916,40.5650,16.7316,35.2287,-2.4608,4.0648,-57.7108
1.2217,-26.1031,-14.7066,-13.7359,-1.6680,16.3831,55.6682,-34.1394,47.9548,21.1880,-62.3572,12.0871,22.5306,22.5380,49.3144,37.2494,-34.0949,-18.2806,-9.1427
-2.7375,-50.3680,-16.2861,-37.2282,5.6627,33.9402,35.9873,-23.4974,94.8510,66.3979,-64.3383,34.0316,-11.9698,38.8442,93.1525,100.4313,-50.1833,-62.8112,48.9011
-29.2136,-63.3735,-41.7045,-64.0685,-23.2706,15.7667,22.3589,-2.9686,119.8762,94.9500,-42.8553,28.8202,-37.9365,40.9865,120.1173,157.0863,-71.2825,-92.2875,67.9013
-43.7899,-83.1885,-55.8454,-73.0283,-35.5592,-10.5243,25.0845,43.0137,154.5095,125.2217,-31.6166,-14.6179,-25.9317,8.9295,117.6190,122.5703,-107.9888,-90.7698,87.5021
-39.4593,-80.1496,-41.0716,-58.8927,-2.9219,-8.6370,29.5002,66.3537,177.4297,127.2370,-35.4149,-28.8771,5.0356,-18.6483,100.7009,56.6773,-117.9027,-78.5994,112.9141
-34.9041,-46.6987,-21.3382,-47.6102,16.6166,3.4813,43.3865,58.9394,150.7998,100.6109,-37.8358,-13.2280,29.6585,-13.6062,96.8757,61.3137,-99.1870,-73.3006,92.8751
-25.8807,-30.3853,-14.0049,-49.4086,-5.7988,-2.0377,61.2370,56.2303,97.6331,84.4286,-30.0384,-10.4034,36.3052,9.4058,97.2551,101.6799,-85.8971,-66.5448,38.5866
-5.0756,-27.9792,-5.4781,-39.0644,-26.4023,-14.6279,36.1713,41.2947,42.3658,59.6110,-5.7629,-6.6022,15.2663,23.6422,63.5045,89.7539,-60.3423,-44.2728,-1.0598
15.0974,-4.0553,21.8296,-4.6819,-16.7832,2.0985,-30.2384,10.9613,-7.8571,17.2018,12.7094,10.9603,-18.6136,23.5252,6.2412,36.9390,-13.8234,-6.8132,-21.4672
22.0549,11.2946,56.2860,35.0562,16.4770,57.6603,-65.3907,16.7745,-34.7346,1.9672,2.3748,3.8561,-27.6139,20.3710,-23.6040,0.8610,1.6166,37.3002,-31.7864
16.0451,0.2075,72.5825,69.3563,63.4893,111.7415,-41.9815,36.8805,-59.4584,-17.5172,-4.7781,-32.4444,-4.2672,14.0536,-26.9033,-20.0301,-15.4334,82.2727,-37.9823
17.4478,14.5219,77.3074,98.2457,96.5062,127.8982,-9.9057,2.0264,-115.3791,-95.4966,3.7484,-53.2173,20.5481,-6.2575,-42.9601,-60.1557,-0.0902,118.5427,-57.6350
44.7814,52.9075,93.3004,108.0139,93.1259,113.9791,-2.2540,-46.6202,-159.3988,-151.5487,-9.4877,-57.5480,28.3931,-35.8043,-66.4820,-112.3576,43.1064,129.4510,-81.3267
66.9090,50.8949,108.5212,92.9219,84.5783,92.2535,-7.1138,-31.6693,-151.9852,-114.6110,-12.0970,-77.3072,32.6557,-55.2242,-69.4799,-130.4476,47.5320,112.8181,-80.2730
45.8728,13.8813,102.4392,75.9478,102.0195,82.5967,-13.9566,13.6785,-134.6197,-65.8453,52.9455,-90.9415,47.2747,-50.8115,-59.8225,-101.5018,9.5188,90.3787,-63.8286
13.8607,-2.5571,88.2403,71.0749,113.4379,97.8271,-10.1347,31.3667,-126.8387,-60.7720,111.7142,-54.3956,68.1288,-21.1632,-53.2407,-69.8671,-20.8277,77.6737,-50.5551
12.6075,5.4415,74.1497,60.3774,89.6139,112.6321,32.7009,38.8326,-98.3372,-49.1765,81.0594,16.1956,93.9817,21.5051,-40.8607,-59.9777,-22.5852,62.2554,-29.3463
21.3120,10.4558,46.7900,27.2437,57.9434,90.9594,107.4286,59.0740,-58.5325,-20.6300,31.9564,64.7814,130.5762,55.8525,-13.2410,-37.1018,-10.1954,24.4451,-5.8584
20.7176,-2.9349,13.4760,-20.2636,32.3900,47.5439,147.6427,75.9797,-28.6874,-0.0766,39.9779,64.1601,153.3119,69.6078,20.1110,12.5184,-5.3418,-30.9016,-6.4699
22.4114,-38.8537,-9.5003,-59.1363,-5.7208,17.2451,117.2660,81.7233,9.3239,29.8118,58.9969,31.8439,126.8870,67.8053,43.1428,49.8598,-21.6046,-71.7263,-19.4226
17.1094,-71.3043,-24.6460,-70.6842,-34.5676,4.2017,75.5427,86.1420,51.5713,64.5250,46.7886,3.8676,81.4863,61.0959,54.2636,62.5684,-49.2172,-77.2719,-14.2642
4.0685,-64.3535,-26.6989,-62.4406,-22.1776,-0.4924,70.9008,83.6598,67.5377,64.8407,29.6578,-0.3304,73.4457,52.5637,60.2272,68.2416,-57.2982,-70.5786,-2.9222
15.8257,-34.2924,-11.3725,-59.2173,-5.4709,-10.8707,55.8166,51.9513,65.9377,30.9648,29.5999,4.8724,85.2827,35.6918,50.6531,46.1619,-32.9045,-79.8466,-18.4022
42.9767,-29.0852,-8.0895,-65.1429,-24.0250,-42.4402,7.4326,-9.4809,70.3524,-12.4354,45.7144,-7.0260,77.5219,6.7726,20.9962,-17.9090,-11.6014,-89.9600,-57.1371
43.4846,-59.6907,-30.4121,-69.5469,-46.8644,-75.6494,-8.6910,-57.6345,76.1691,-42.3787,66.1786,-48.7437,66.4388,-27.7048,9.6446,-65.9036,-35.4922,-83.2076,-80.9256
27.4443,-93.9745,-42.1769,-75.3137,-47.9110,-83.2638,17.4082,-57.4659,73.3619,-31.1714,74.6478,-107.7262,60.6005,-61.5680,38.9435,-52.6172,-85.8044,-78.1504,-70.0043
19.8843,-95.2164,-27.3433,-78.2393,-46.2339,-84.7827,13.8631,-36.0750,59.8104,2.4099,82.6345,-138.0752,42.4343,-85.7299,55.9565,-26.0473,-107.2714,-79.2586,-51.2192
9.3502,-66.8028,-14.2076,-64.4659,-41.6607,-99.0103,-23.0759,-34.2575,41.4039,10.9771,109.4898,-105.8818,34.2248,-81.1265,22.3865,-34.4211,-91.4364,-68.0968,-55.5851
-0.7123,-53.1852,-13.3852,-50.2353,-23.3778,-105.4253,-38.5937,-43.1481,27.3253,10.6638,139.7444,-52.6168,48.4162,-49.9206,-13.2152,-41.6144,-70.3486,-58.6339,-69.9408
6.9784,-63.5435,-8.3051,-50.3795,-5.4556,-96.1042,-31.8263,-36.9691,4.2428,24.3211,155.5362,-33.9438,45.9760,-24.8166,-14.6980,-16.6568,-52.5184,-62.8839,-62.8200
16.4619,-51.9224,9.2498,-33.8685,17.3702,-77.4399,-15.9726,-16.8995,-36.8114,12.0898,152.4172,-26.1642,36.7593,-18.0884,-16.2359,-8.0244,-33.1002,-45.4095,-33.6420
15.4003,-10.4518,32.4412,7.0569,54.3335,-40.2556,14.3573,-1.0663,-64.5160,-27.5638,122.7768,0.8698,63.3168,-17.1538,-35.9105,-49.6113,-16.9274,-1.7413,-9.7942
17.0989,17.6563,45.9285,27.3685,69.2636,0.8591,25.0691,-7.9893,-77.2120,-43.4655,93.4941,4.2862,83.2986,-29.3936,-54.0321,-93.3478,8.3308,20.8450,-14.4077
23.9571,30.1126,50.5268,27.5726,58.7110,14.9176,-2.2521,-31.5604,-123.4795,-42.4410,98.9635,-26.5636,55.1819,-53.3408,-75.6794,-103.6450,57.6549,27.4614,-40.1166
37.6665,56.6047,73.5431,51.3679,78.0494,17.8693,-20.2354,-31.1210,-180.1199,-42.6121,94.1573,-19.7773,33.0336,-48.6062,-109.1979,-108.7919,109.5873,55.9227,-48.0238
56.1092,82.3353,108.0009,75.2125,111.7604,33.6833,-19.4286,7.5602,-161.4576,-2.5372,37.7012,34.0403,36.7071,-13.4242,-119.7778,-109.2480,128.8910,71.6470,-15.7301
42.1717,75.4501,98.2188,48.6444,86.6377,39.8162,-34.0243,38.8549,-82.5540,73.1279,-3.9150,47.3120,16.2567,-8.9230,-84.7504,-71.3872,105.7410,35.0588,25.8591
-7.3793,45.7076,39.9591,1.2064,21.8071,21.1037,-44.4967,28.6922,-31.8941,111.7076,9.4791,-4.7714,-17.3313,-50.1946,-42.9155,-30.2153,65.4368,-6.6460,36.6664
-27.5109,25.4030,-6.3868,-17.6842,-19.2963,-5.3702,-34.7928,-4.0556,-11.5672,96.8969,3.8945,-44.0837,-26.8961,-76.3564,-33.1765,-39.2564,51.7225,-12.8897,18.0959
-8.1510,27.4284,-27.9676,-22.2658,-48.6098,-30.6737,-39.4022,-32.3619,29.7814,63.4931,-49.3588,-21.4908,-35.8908,-51.4276,-34.7744,-51.8393,68.8591,-16.2179,-3.9945
-10.4894,28.4966,-58.0346,-37.8621,-81.4356,-45.3219,-33.8984,-38.4199,80.1228,29.5542,-77.3652,24.9539,-38.5326,-3.6097,-9.7693,-10.8152,61.6835,-38.3392,-11.0279
-34.8195,-1.1642,-88.9349,-56.3978,-88.3492,-39.7283,33.9190,-13.1936,97.6512,16.8722,-50.6199,41.7453,8.2837,29.8853,30.8781,35.8270,8.4371,-56.7562,-4.1250
-41.8399,-39.7355,-101.3352,-64.3271,-80.1410,-37.5833,102.8269,11.0494,84.9639,23.1380,-18.9608,27.7405,58.7819,40.1487,48.8106,42.3874,-36.3826,-55.9939,-5.2109
-46.3061,-39.4782,-107.1829,-53.8616,-88.1169,-49.2213,94.5783,-8.7195,68.7585,0.4870,-20.8957,21.5555,41.3659,41.8740,43.6433,48.3510,-40.3387,-37.4610,-24.6153
-56.2406,-9.9128,-101.0283,-28.0744,-89.0287,-34.7791,55.9291,-46.9150,55.5687,-42.0585,-45.8469,38.9735,-1.2078,46.0979,38.4876,63.3311,-28.9729,-11.5690,-35.2601
-44.2170,3.8865,-67.3375,-7.0702,-61.5103,12.4473,50.9942,-44.9505,36.8823,-43.0445,-52.5852,53.3948,4.6456,42.3289,28.3976,36.6854,-21.7738,4.4920,-17.9783
-28.5811,-4.6153,-38.2497,2.7898,-33.5936,36.3164,60.0834,-12.3708,18.9903,-24.0648,-22.6719,45.5391,38.7021,27.8183,6.5867,-18.3258,-28.2761,14.5614,-0.0298
-39.8292,-17.7903,-46.5916,13.6976,-24.8043,17.7861,55.2324,-3.2703,19.4033,-43.3190,0.6993,28.9382,43.5869,23.5485,-3.7555,-33.1920,-51.5316,32.7804,-5.5943
-49.2179,-24.7712,-62.7894,20.5539,-24.4402,7.4575,45.7831,-19.9432,29.0665,-66.1613,-16.1133,21.5584,20.4976,33.3411,5.1331,-8.4478,-56.1994,43.0384,-16.3228
-36.1706,-15.2326,-51.6613,15.6014,-21.5387,36.6591,41.9970,-24.5588,20.8273,-50.1808,-33.2865,28.8575,15.0023,38.3409,6.5904,-0.0751,-22.8594,31.9550,-16.8605
-24.6040,0.9561,-28.1059,14.1971,-11.9380,68.0520,39.8028,-15.8147,-1.9596,-41.3522,-14.8056,39.3928,36.5776,37.5314,-5.2333,-13.4284,-0.1777,23.6127,-24.0757
-19.9374,3.5165,-14.3957,20.3156,-3.7076,56.3773,31.8842,-17.8584,-19.2470,-67.6395,7.7602,28.6227,39.2522,35.2757,-2.7476,-3.9149,-16.3956,28.8891,-41.9016
-12.9562,9.8642,-4.8591,19.3556,-6.8784,21.9816,28.3169,-21.4012,-28.8511,-79.2444,-7.6896,-2.9618,9.8864,18.2763,21.8066,33.6451,-30.6793,29.1504,-41.9837
-11.4699,33.1724,4.6602,16.4608,-11.3841,16.5614,50.6704,-1.2143,-25.3370,-51.7289,-56.6182,-21.6911,2.0309,-4.0147,40.9491,47.8997,-24.5794,28.1508,-19.2018
-16.2567,34.6656,-3.3340,21.4887,-14.8724,33.5527,83.4464,33.8206,-6.0350,-28.9678,-88.2399,-11.7705,31.4774,7.4685,32.7534,22.0110,-24.2833,41.7998,-10.9764
-24.0244,3.3404,-31.8692,24.5273,-25.9862,32.6551,86.5561,54.6198,-3.3828,-44.4857,-54.6800,9.1377,46.9806,50.9368,9.8955,11.1325,-31.4625,56.0289,-29.5365
-33.6164,-10.2089,-38.7165,30.1979,-13.8854,23.3395,58.0222,47.2342,-39.3277,-72.4808,11.2171,19.6420,29.3709,70.0685,-5.7904,33.5384,-25.9826,60.4349,-38.3707
-18.2044,12.9693,10.2558,57.7761,45.3916,31.7459,11.8151,15.3937,-78.4305,-73.2389,19.2043,10.2419,-1.6045,38.4876,-22.5901,22.4508,1.4742,74.1409,-22.5402
32.3211,41.4464,73.5873,87.3631,90.2189,44.5496,-46.1058,-18.9356,-75.8502,-49.1803,-52.7644,-0.4857,-44.6552,4.0241,-44.0225,-27.7512,46.1593,91.4759,-6.2219
65.9301,52.9561,82.0301,75.0998,61.2847,48.7701,-77.0505,-28.0858,-27.7011,-23.8161,-135.4465,19.4367,-90.5606,17.6150,-28.2812,-14.8837,76.8966,70.7962,8.6725
50.4927,33.1986,37.1159,28.4877,6.6107,48.6850,-59.6707,-13.5092,29.0526,3.9971,-159.9957,49.6776,-115.9808,57.2674,29.2461,75.0893,65.9301,16.1559,36.8619
20.7996,-12.7443,-1.3699,2.7272,-4.9903,40.0426,-50.0309,5.9600,43.2072,37.6883,-113.2936,41.8606,-124.5618,69.1201,49.6297,119.9217,39.6479,-8.0734,59.7224
-1.9584,-32.5222,-9.0937,12.7119,8.6932,25.9558,-79.2480,28.1931,24.3655,58.6108,-48.5355,16.2130,-123.5929,50.8180,9.5722,83.7171,32.0829,12.3674,58.1174
-28.5093,-7.2916,-18.3121,8.8593,-7.0357,7.0277,-100.5852,47.6808,54.0651,70.1511,-41.7842,14.7584,-112.3934,33.7713,-2.8434,69.4305,25.0823,8.6714,50.8889
-50.3409,2.7635,-50.6325,-30.1066,-55.9046,-34.0294,-94.6562,48.8359,135.9049,97.7055,-83.1668,12.4426,-112.8831,24.6144,40.6936,111.7079,-2.3828,-37.5343,51.0288
-60.9961,-26.0434,-78.6577,-50.5033,-91.6085,-68.9140,-81.8767,39.6175,158.3275,121.9943,-87.0844,-4.1393,-124.8629,21.4598,60.1856,132.9088,-35.9664,-49.1688,46.0331
-76.5717,-41.7356,-75.7587,-23.6181,-83.6083,-45.7043,-53.1847,31.4542,102.9085,105.4468,-46.8872,7.4258,-105.0957,30.2940,40.0775,110.8204,-69.0729,-5.8479,36.5671
-95.6103,-27.0157,-64.8625,-0.6793,-55.8752,-4.0699,-7.9739,18.1841,91.0269,73.0666,-46.2210,36.7722,-56.9713,38.1067,48.9081,102.9524,-102.2738,14.8051,35.2283
-99.2782,-14.0192,-69.5198,-8.4800,-40.5010,-5.1544,24.8307,18.3945,145.7895,73.6950,-105.0441,31.1573,-29.8444,35.0029,84.9396,122.5595,-111.9620,-3.4915,37.3578
-86.5437,-6.7258,-65.0559,-5.4136,-32.7053,-10.4410,44.7638,49.0563,146.1580,98.2731,-149.6286,10.6457,-23.9333,39.2934,83.2914,126.9791,-86.8866,6.5545,28.8057
-73.5396,7.5989,-38.8368,20.8575,-21.2277,9.8319,62.8315,66.9247,65.6463,107.4548,-133.0771,16.9175,-8.9235,47.8069,40.7376,97.7811,-56.7529,48.7756,8.8081
-74.6631,21.0769,-24.0302,34.0201,-6.3222,14.3501,76.8259,52.5229,18.1616,99.1034,-94.3418,29.0192,21.7883,35.9775,10.1032,57.5904,-48.6304,64.5422,-3.0162
-82.7173,29.1813,-28.6433,24.8219,12.4162,14.9820,99.6327,60.7785,47.3033,98.0232,-88.1546,35.8844,64.8726,25.6817,15.1484,37.8454,-50.4724,44.1115,10.4136
-74.8055,34.8819,-26.8780,10.8956,19.0655,44.4080,120.7539,95.5418,76.8071,103.5223,-100.8781,63.2796,92.7137,50.5295,33.1864,51.8219,-39.1364,17.1550,31.7530
-56.8617,33.6055,-23.1515,4.1435,0.0873,54.8955,107.9500,98.0599,61.2333,86.8949,-89.1509,95.1756,71.6884,80.6006,35.7198,73.6779,-23.7285,6.3670,39.0964
-50.4880,30.2178,-27.9042,16.7322,-13.3013,36.1249,98.5865,79.7264,28.4229,43.0579,-75.9433,94.3015,40.2057,75.4740,23.6598,58.0994,-24.3321,28.5747,49.5662
-38.6348,34.8150,-18.4707,37.7852,0.4716,49.5724,134.8852,80.5294,0.9956,10.7975,-98.4795,71.5524,51.3092,49.4191,16.8969,7.5000,-24.5066,60.8059,70.4029
-10.2592,39.4348,3.6670,32.5841,8.4234,67.3521,156.5951,74.3590,-19.6614,15.3836,-106.8762,58.6219,71.0931,31.5202,16.8993,-19.9806,-5.2980,52.4026,70.5069
-0.9945,36.0256,5.1929,8.1833,-3.4827,25.3906,130.3657,56.7640,-30.9431,28.5118,-58.9051,65.7501,59.7510,30.8979,14.5444,3.7646,5.8328,17.4211,57.8604
-11.6901,34.3222,-6.0269,1.4994,-12.1646,-23.9633,124.5924,65.8805,-45.5726,21.9602,-18.8673,83.3902,42.3917,44.6184,16.4640,41.4663,-4.5543,9.8062,70.1342
-2.4127,40.5878,-0.5521,8.9470,-13.8016,-24.7944,140.9606,70.3646,-77.2778,11.0020,-28.9533,92.6423,29.2985,57.3977,19.0497,59.4376,6.5907,22.0603,78.1129
13.9571,42.9963,12.6725,14.7790,1.4317,-14.1254,107.0676,23.4529,-101.0092,10.1024,-31.3367,90.8209,6.9663,59.0256,3.7049,62.4641,46.0029,22.4655,45.8001
11.6770,27.3884,18.4063,27.0444,45.1184,-12.4166,42.9487,-30.5549,-90.2474,2.2076,-2.9388,90.9020,-15.1134,56.4462,-15.9232,54.4328,58.9883,20.4619,27.1992
19.8239,4.3874,21.5125,36.1215,68.5218,-8.1277,8.4365,-42.5574,-60.2926,-17.3329,-2.4467,86.1408,-43.4166,49.2596,-11.8489,35.8919,44.5874,21.3125,62.8625
42.0670,10.2542,22.1344,28.9200,45.1488,-8.3932,-10.6397,-24.5940,-28.9655,-19.1622,-53.5492,77.2575,-82.4015,41.1053,0.0031,27.8868,61.8074,13.3619,98.9647
39.3069,53.5898,21.4527,26.4690,35.4935,1.6232,-29.2800,8.8694,0.3009,8.7128,-108.9296,95.8806,-91.6101,53.1978,-8.6120,39.2512,114.9995,6.5092,101.7181
21.7701,87.2520,24.2790,31.3553,49.3391,19.1334,-34.8976,39.0130,10.1442,37.1755,-119.6005,128.9237,-75.2571,71.7381,-23.6380,50.5996,147.6929,4.7320,103.2186
17.8038,81.4366,22.3204,20.1767,32.8811,-11.3476,-44.4793,38.3184,-2.8816,44.9615,-80.8813,124.1484,-84.0318,59.4160,-25.4656,55.3155,132.5294,-5.4786,107.3021
15.2563,70.2879,22.4915,10.1985,21.5973,-62.5129,-62.9692,24.5487,-10.6404,39.7333,-32.2337,99.0245,-87.6445,34.2967,-27.9676,51.7911,101.4871,-14.2178,91.3616
21.2946,79.3447,50.0865,24.9274,67.0037,-44.5564,-60.9487,22.1261,-12.5101,25.9661,-14.8286,97.5625,-43.8055,26.4891,-38.3603,22.3367,94.9710,-9.2928,74.7576
52.0406,86.9479,89.6357,41.4424,110.4244,0.8351,-38.1160,16.6209,-37.5403,3.9293,-23.7228,93.9518,-12.5933,16.0518,-39.0226,-13.9992,105.7623,-0.8470,82.1381
68.5125,80.7313,104.0444,50.6093,120.8853,-10.1077,-13.7308,13.6138,-82.0049,-15.6749,-19.8770,72.0453,-18.8268,7.7584,-31.5485,-6.7317,98.5404,15.2482,84.6717
52.5084,72.9034,104.1496,69.6581,146.9145,-26.2178,6.5483,17.9148,-125.2794,-39.8155,21.7031,67.8504,5.7980,31.2688,-39.4997,23.1833,76.2982,43.1983,41.4895
50.0819,72.4416,115.1327,88.2767,172.4215,-2.1560,9.3085,-17.7082,-162.1584,-91.6955,70.1511,74.0916,51.7489,43.4484,-61.7094,1.4227,68.1035,61.9015,-23.0892
70.7288,89.2236,130.0429,104.4700,165.4411,11.7571,-2.6462,-88.4925,-180.3815,-156.1297,55.5477,66.4067,48.1146,6.0184,-77.0913,-69.1354,73.7282,79.2165,-38.9161
84.6414,119.4293,143.3244,138.5715,168.1397,18.0943,-9.1495,-123.7093,-185.9083,-198.0642,-10.9831,73.4278,17.1177,-18.8522,-92.7104,-126.0764,89.7526,120.0004,-11.3734
97.6174,127.9726,155.0514,162.5117,173.6672,49.0046,-35.2036,-135.2456,-213.0038,-219.5224,-18.1775,87.8636,3.8376,-4.1701,-126.1692,-156.9542,122.1132,149.9059,-29.1253
105.9085,104.2661,149.5163,142.2337,133.4268,64.7827,-89.3889,-165.1684,-240.7892,-217.6056,41.7525,60.0819,-14.7466,-12.7945,-149.1622,-170.2219,137.5129,135.0367,-86.6187
78.9605,84.3606,123.2923,113.4806,93.7635,60.2575,-98.0487,-160.1703,-212.8599,-166.9764,45.1603,25.7683,-39.3858,-40.3015,-125.0886,-145.0388,112.2430,111.1695,-73.7734
39.6460,75.0699,88.1576,94.8016,83.7301,71.3517,-46.0127,-106.6087,-151.9603,-102.1392,-1.6752,38.6433,-31.8324,-27.9801,-82.1484,-96.8059,86.0630,92.7694,-12.1719
27.9043,48.7662,42.7812,48.0600,27.6057,51.4119,-23.5386,-88.8927,-107.8728,-83.4889,23.5070,48.1668,0.5049,-3.1267,-66.0234,-76.1592,70.0651,47.1386,-37.4268
24.8707,20.0128,-2.4628,-11.7685,-65.4411,-18.9112,-40.0548,-101.4335,-63.5121,-84.3640,80.0246,24.2234,26.8516,-3.1068,-60.9180,-72.3760,33.9572,-6.5324,-120.8785
16.2143,17.4590,-22.1638,-33.9970,-94.6602,-47.9405,-11.9842,-66.8809,-14.2905,-56.9319,52.4314,27.5584,46.9522,13.1597,-34.9186,-41.0630,7.5460,-26.9385,-125.7558
15.7630,10.0376,-31.2341,-39.7443,-79.5455,-25.1422,48.7078,-6.6150,12.2458,-19.4832,-0.1047,50.2700,61.3354,51.2405,-1.0536,4.6579,11.1512,-34.7280,-75.1777
-0.9911,-41.8817,-62.5565,-69.2691,-103.6991,-31.6970,54.0128,35.0394,51.0921,29.6160,16.5546,13.9998,52.5802,55.0635,27.2488,40.3060,-27.6243,-57.5589,-61.5118
-50.5066,-114.9721,-104.1637,-109.8196,-151.2941,-49.0174,6.0657,71.0357,124.7946,110.7702,67.7843,-64.2422,19.7408,20.5341,61.2150,75.5997,-120.4824,-88.2417,-56.0971
-87.5105,-164.8904,-133.6534,-141.7503,-180.6761,-33.8686,-16.0591,83.7181,163.0070,160.1487,112.3536,-118.1409,-2.7278,-19.5025,90.4130,88.8350,-176.3821,-117.3843,-27.0360
-93.8734,-179.8625,-153.2024,-152.7850,-193.0989,-34.8138,18.8819,75.4387,150.9683,139.2054,129.7121,-155.6243,13.5442,-55.2784,97.1535,56.8848,-187.8706,-120.0917,-16.0314
-100.8781,-169.8364,-158.5143,-136.2516,-184.6246,-56.6696,58.2333,112.2868,164.1352,131.2590,83.6731,-184.8358,34.3048,-64.5849,100.8008,43.5946,-205.1191,-89.0284,-15.4776
-102.1186,-154.1895,-149.8438,-130.7005,-166.9914,-55.0693,36.2607,153.3559,199.3753,156.0794,39.0966,-174.5610,11.0094,-39.8663,115.4930,92.1308,-192.1774,-91.4527,1.5381
-76.3615,-149.2711,-147.6194,-158.3368,-168.3275,-73.0812,-35.1547,95.1599,204.9895,129.0993,77.3270,-152.0231,-27.5010,-34.1084,113.2558,115.5158,-136.8423,-147.4850,-10.9015
-44.2737,-141.2753,-142.9236,-160.7897,-168.2837,-132.6665,-88.1566,11.1040,212.4220,76.5967,90.9783,-162.4567,-34.2264,-63.2770,79.7779,53.5002,-107.8071,-159.3916,-61.2806
-16.3307,-110.8940,-108.1844,-116.9327,-139.6193,-149.2504,-100.7189,16.1313,237.8391,86.7759,-4.2073,-166.2555,-31.9445,-70.7917,45.5789,-12.6883,-94.5061,-106.5052,-75.5364
18.0742,-81.1525,-65.2212,-91.3407,-101.2843,-119.1106,-101.9398,36.8025,212.3250,102.8717,-50.4991,-132.8461,-43.0935,-52.9073,28.5345,-23.5954,-42.6701,-87.8039,-43.4855
42.2744,-81.1376,-44.4850,-91.6505,-63.5236,-131.3134,-111.9764,-0.8282,126.0580,49.2213,45.8351,-116.8022,-46.9295,-58.3022,8.1499,-27.5058,-1.6940,-103.6861,-31.1990
46.7934,-87.9749,-24.6638,-70.0648,-28.7597,-167.0201,-131.3946,-31.6510,58.7781,-3.6421,129.0549,-131.5391,-46.0402,-74.1326,-18.9193,-44.8248,-15.7075,-81.0315,-53.2262
50.8110,-69.4803,2.5708,-48.3428,-24.0631,-158.7707,-147.5713,-43.5822,52.6756,3.3110,105.0040,-118.1173,-52.1698,-71.4009,-26.7732,-48.7186,-29.3683,-57.3338,-70.6918
51.9223,-40.7010,9.4050,-52.6995,-35.4928,-143.0179,-164.5711,-85.1595,85.0879,15.4199,65.6571,-81.9621,-55.9157,-78.7396,-25.3858,-63.3472,-13.7059,-74.7383,-67.2239
47.2141,-21.0639,13.2130,-40.0219,-16.7056,-151.3982,-231.2851,-107.6570,114.2453,-4.1287,67.8512,-80.0919,-79.7426,-102.7728,-53.4717,-106.3853,10.2625,-72.9325,-57.3910
65.8888,0.8290,48.6821,-12.8127,7.7304,-141.1561,-343.7655,-69.7770,115.2692,-36.2832,81.3490,-101.9520,-135.4283,-105.9512,-88.2794,-122.0380,44.7249,-51.6114,-59.8398
100.0724,20.2543,74.8345,-27.1772,-13.3853,-123.3875,-392.2456,-38.7223,114.1643,-66.4809,83.7834,-109.5361,-162.3712,-92.6876,-74.3748,-89.0956,70.5138,-76.8662,-73.3238
97.2913,14.5554,43.9220,-57.2614,-55.6209,-142.9684,-342.1126,-41.3308,134.3299,-70.6588,62.1457,-107.7992,-146.8166,-85.0885,-40.8890,-60.6785,59.0090,-103.9549,-76.8044
58.1090,2.0904,2.8708,-41.7581,-70.4617,-152.1480,-294.6128,-33.6668,130.1892,-34.2382,23.7821,-94.9441,-154.4084,-66.7879,-48.2225,-49.9510,47.9048,-63.5852,-63.6753
32.0633,16.1861,7.7177,-8.2695,-61.5877,-101.6310,-276.8029,-25.1277,69.7908,-3.0980,9.7823,-57.4201,-176.2856,-40.9019,-67.1795,-28.0860,64.7573,-15.1329,-44.8297
29.5657,31.3293,22.7947,-5.3806,-60.1886,-54.2611,-229.5734,-33.5363,4.3879,-12.5428,30.9730,-24.7138,-163.2860,-33.5393,-54.7377,-6.3332,70.1226,-13.8710,-22.5028
19.7359,1.7461,-0.6630,-16.9225,-78.9301,-58.1117,-180.6428,-12.3233,-17.3090,-13.2409,56.0038,-29.0182,-156.8058,-23.0439,-36.8152,14.8659,44.0109,-14.0583,-0.6686
-17.1361,-49.4562,-37.7048,-18.6438,-93.5239,-58.0140,-163.7256,48.6685,-4.9594,40.5366,60.1876,-52.0503,-177.8145,9.7187,-19.5634,75.3512,0.1637,6.1005,9.5490
-62.8503,-58.1656,-46.9744,-15.9793,-77.1959,-27.9754,-116.9767,90.5418,13.0652,103.1169,31.5744,-66.3826,-158.4793,23.8866,20.7708,149.7701,-45.6660,15.1857,11.4264
-75.8029,-16.8288,-36.1234,-13.4812,-55.3280,-19.7470,-38.7797,97.4898,13.4053,115.2023,-19.4103,-66.1266,-100.7919,7.6890,47.5119,162.9401,-49.6270,14.2057,11.2922
-52.9821,19.4006,-29.3485,-7.0139,-53.8501,-35.3955,-5.8851,101.9897,-1.0718,96.7585,-59.7161,-53.8741,-75.6788,5.3668,27.8533,124.8287,-2.6873,23.3054,7.4633
-42.3183,20.6332,-26.0702,10.7230,-38.5081,-20.0998,-1.4664,98.8796,-7.1833,91.6321,-85.3692,-41.7009,-73.2241,19.7869,8.5157,100.0556,20.5784,45.3945,4.5488
-59.0720,20.3062,-19.3596,36.9660,-5.1753,20.2598,25.7217,66.4465,-15.6763,86.2129,-108.6689,-34.4910,-54.8344,20.1234,13.4706,95.1549,1.0038,73.6642,-2.2604
-69.4897,39.3005,-18.6931,41.3837,-12.6699,36.2307,36.3365,23.5901,-33.8732,61.9608,-107.3719,-23.7475,-42.2560,8.2930,12.8576,85.7777,-0.5293,77.5817,-22.6789
-67.7470,35.6030,-34.0381,8.5859,-55.0071,20.2393,13.2840,-5.2758,-13.8667,54.1731,-76.0696,-31.3514,-45.7325,-19.2144,16.2964,65.0609,-2.2167,37.9081,-27.7806
-71.2131,-12.2281,-56.1117,-22.3317,-66.0395,-14.9121,9.8618,-20.4795,44.2325,77.7437,-57.3858,-83.2222,-49.2331,-73.9028,40.0916,30.3161,-51.2054,2.8907,9.0861
-72.7625,-49.9529,-66.4005,-21.3441,-50.0951,-53.1869,29.3736,-12.6970,63.1354,93.8951,-63.1908,-130.6187,-60.3628,-108.7766,53.7819,10.0175,-91.1975,11.6360,51.3588
-71.5990,-45.5099,-63.6625,-15.7007,-49.2331,-54.1260,41.0318,24.1200,37.9967,95.7208,-59.6803,-114.4478,-71.2437,-82.7833,55.1099,42.1202,-82.5649,21.4110,68.6046
-77.7337,-42.0569,-63.6066,-28.0770,-52.8336,-19.9544,57.0597,49.5339,30.8967,99.8583,-33.6402,-75.9127,-54.3688,-51.6466,68.8052,77.1477,-79.2859,-0.1785,83.8074
-72.3094,-55.5967,-66.6829,-36.8811,-44.6057,-16.4549,83.8304,32.3493,29.2653,74.2515,-1.8866,-77.9424,-20.3512,-68.7313,72.0677,40.9297,-93.5001,-14.4486,95.2804
-50.1798,-40.3701,-57.0083,-18.7185,-34.8797,-41.9741,100.4843,5.5373,-5.7477,3.9372,9.4747,-86.9342,6.0389,-88.9180,43.8487,-25.6466,-83.0331,9.9214,74.7707
-44.3516,9.9474,-37.0097,20.5815,-18.8032,-22.9353,101.6012,-10.0596,-45.1997,-56.9913,-13.8818,-46.4692,21.5270,-64.3559,11.2110,-47.0969,-49.4268,53.0341,39.4849
-46.5649,47.5390,-19.5537,51.7835,9.4355,24.6488,84.8052,-40.3825,-60.3798,-84.6402,-38.8907,13.7396,26.2514,-26.1757,-10.5889,-43.5336,-11.0095,75.6740,15.1252
-17.5718,52.7080,2.6703,49.7311,36.2373,25.7430,52.9986,-66.5767,-54.9227,-100.6718,-27.0909,30.6823,31.2382,-17.7202,-20.4373,-53.8679,18.0738,54.8691,-0.1271
13.9984,37.8458,29.0638,31.3599,55.3243,5.6429,41.5489,-39.1384,-30.4602,-85.7959,-4.6853,8.7222,47.8368,-31.1840,-7.2848,-61.5170,4.0245,21.5349,12.6541
0.8168,14.5882,31.1582,34.2547,64.0743,22.5101,63.3449,9.8336,-17.2530,-34.9544,-3.0664,2.8618,54.6570,-34.1807,1.4791,-65.1010,-32.9894,30.5065,58.8406
-23.6489,2.4033,8.9236,50.8121,57.4608,43.0262,80.2157,20.2536,-42.1078,-10.4297,0.6932,21.0584,45.4195,-25.1080,-26.6389,-89.9682,-25.2529,64.7845,85.0426
-16.3126,6.6515,-1.6090,42.9528,43.1457,31.8864,76.2093,11.6735,-59.3948,-19.7338,17.9078,12.2328,49.1214,-40.6638,-52.1424,-128.9245,8.9462,61.0647,77.3825
-1.7323,1.2539,0.4607,10.6069,22.4940,18.3767,67.5194,13.9447,-36.7819,-0.3764,31.4332,-28.5256,55.6470,-88.6179,-42.7346,-160.4179,9.4636,21.9496,88.8895
-4.3052,-15.1892,-10.3348,-17.4477,-11.6992,8.8120,50.7647,10.9887,-14.1880,40.1238,44.9843,-40.2004,34.3391,-115.2812,-33.1035,-167.6888,-1.7901,-8.4699,116.9113
-13.5260,-15.9190,-29.6903,-34.5204,-49.1861,-14.3433,24.1873,14.1019,-0.1742,53.6559,50.0594,-18.8907,0.3980,-92.3975,-26.4367,-122.9912,1.6854,-26.1158,114.5538
-28.1013,-17.0939,-50.9173,-49.7013,-83.4465,-26.6759,7.0957,42.2950,34.5569,58.1757,20.0559,-29.3906,-33.9291,-63.9229,9.3321,-39.9004,-12.1286,-38.3986,96.9017
-40.5813,-43.6169,-76.7309,-55.9951,-110.7059,-14.3251,0.2592,51.9333,65.0281,61.1733,-17.2986,-65.9550,-67.4772,-54.0346,39.5917,3.7098,-35.3299,-32.8997,83.3900
-25.4990,-53.3304,-77.2502,-34.8527,-95.3224,-6.2531,-10.5968,20.3108,61.0327,17.1918,-24.1689,-54.4301,-57.5508,-28.0458,15.1796,-25.1380,-23.8761,-7.8870,39.9322
1.7236,-14.9417,-38.8468,9.8314,-38.6244,1.3165,-18.2733,2.9736,44.9695,-51.0158,-32.4410,4.0141,-5.2360,22.2898,-27.0792,-58.5503,3.8093,27.1866,-21.3549
-0.6969,16.7890,-15.5213,41.2801,-16.7083,32.0738,-14.3542,20.6378,23.6096,-70.2745,-57.8419,36.6069,1.9491,56.4898,-33.2041,-36.1438,10.5877,59.8910,-36.3382
-19.6824,4.4273,-29.5324,40.1635,-37.8120,57.3517,-14.2721,26.0482,-13.9050,-57.2301,-51.2103,27.0133,-47.9109,59.3930,-17.4748,12.6693,11.0331,69.4214,-11.0413
-18.5024,-4.4183,-25.3435,39.8872,-19.3511,55.1621,-19.1638,10.0140,-41.0592,-63.7567,-18.1808,34.4303,-59.7106,63.9958,-15.1827,34.3501,17.2728,62.5012,-1.4478
-14.1303,23.4032,10.1676,66.2663,34.9481,64.4218,3.3352,6.6658,-40.3312,-64.7412,-26.0497,96.4274,-5.8742,98.7525,-24.1524,34.9185,9.2123,74.0941,-14.4898
-35.8565,56.2194,26.8045,90.0703,52.1660,93.2334,56.4676,18.6001,-35.5185,-35.1656,-67.4677,160.6854,50.9801,141.9642,-20.9806,58.0248,-16.0446,98.4899,-36.8709
-64.4670,69.6520,17.8972,84.8782,46.2245,90.9527,82.6166,32.2521,-36.7087,-5.7194,-78.1409,147.8556,71.5173,143.9097,-6.1424,102.1268,-27.9801,98.8543,-68.0198
-71.0002,67.9344,8.3863,62.4300,50.0294,54.9999,51.9676,52.7488,-27.4292,24.2082,-60.5652,75.6693,54.9862,98.6699,-6.4560,110.6642,-2.4614,74.9661,-75.2591
-62.0774,46.3675,-11.4638,30.6626,24.8550,33.7407,21.4261,73.8605,3.1847,75.9835,-58.2988,24.8019,22.5076,49.3036,-16.9436,66.7534,28.8466,44.8638,-32.3448
-62.8155,9.1969,-43.7557,-1.9012,-24.2864,31.1377,33.2467,73.2435,49.3352,103.5122,-67.9703,1.7152,9.0095,17.8190,2.0456,31.7039,3.5642,17.8236,13.0846
-80.9560,-8.3582,-54.2189,-1.3567,-25.5385,32.9341,48.9896,59.1724,85.1529,70.3067,-70.2851,-8.9472,17.7588,9.6962,39.2529,44.6365,-64.1863,16.7387,21.2207
-90.7327,12.7315,-29.8011,36.6331,20.4628,64.3427,47.7827,69.0736,88.6506,36.6990,-74.9401,56.8492,34.4343,56.5193,37.8012,62.7807,-85.2503,44.1216,32.9746
-68.9504,38.9817,-0.5808,63.5492,47.2899,116.6628,58.6501,101.8202,71.8165,38.4473,-74.8860,194.9764,62.6918,146.5711,1.4918,50.3653,-45.5358,57.3391,69.7261
-45.1259,27.3457,0.6603,56.3112,40.0569,124.0692,74.3019,104.4190,50.9347,23.0565,-39.7470,251.1580,80.4411,186.7991,-12.7200,37.4276,-29.6477,44.8678,81.6048
-53.5340,-16.0912,-22.1499,43.3952,34.5535,81.3862,68.4418,60.8697,29.0244,-8.2793,8.8729,164.3775,58.4980,134.2173,1.9840,37.9359,-63.3931,42.1247,59.5409
-58.2817,-46.3657,-28.2277,40.3291,49.9844,51.4541,58.0559,27.6741,22.6289,8.1296,12.6464,64.5832,34.0990,59.6425,7.3223,12.7501,-78.6364,48.5732,55.0781
-21.3334,-39.0512,-3.0708,32.2792,63.6806,41.9782,55.1996,31.6135,33.1359,39.5485,-17.7137,36.8583,40.7995,25.4450,-1.7504,-33.9745,-46.4354,34.3388,66.8655
13.0550,-10.9977,10.2534,14.3935,44.6001,19.1470,50.1750,25.4034,30.8793,7.6819,-25.6617,40.4731,44.8999,18.3149,1.2214,-41.9446,-13.4299,6.3719,56.4781
1.5317,14.8335,-6.1399,1.1185,15.4047,0.6946,63.8351,-5.4229,21.3205,-42.9048,-19.4644,49.9704,44.6053,11.2110,20.2144,-16.7680,-12.8968,-10.4046,44.8271
-22.1744,36.5795,-12.6998,3.7467,19.9629,7.2918,102.7275,-11.0429,28.1352,-39.1930,-31.0015,66.6852,78.7896,-1.2491,25.0292,-28.4983,-23.5395,-9.0070,56.3089
-21.9116,64.0432,3.6483,15.8728,35.8446,10.6690,117.9590,18.3477,17.8321,-29.3997,-28.1808,75.2516,120.8490,-9.1127,-3.6959,-72.9523,-8.9126,5.0250,52.5371
-4.3546,95.4271,23.2318,22.9465,29.5564,7.4602,96.6443,41.7321,-34.2404,-61.2034,6.5186,86.5351,125.2003,5.1982,-36.4345,-79.6231,32.8387,14.2183,22.3472
22.8202,102.7174,45.7708,23.4947,35.8810,24.5097,85.5227,51.7456,-71.2343,-76.4093,17.3537,107.1207,110.6297,38.1516,-34.2541,-41.9912,63.1780,7.9667,14.3201
47.0127,59.6435,56.5132,22.2088,67.9678,41.2798,98.7892,62.6557,-50.5679,-39.7535,-14.1598,98.7077,99.2385,63.7561,-5.9940,-7.5305,51.8196,1.4392,33.1688
46.5071,-0.7464,32.6554,15.0786,73.4324,27.7170,110.3394,55.4761,-16.4878,-2.4517,-31.5798,65.9151,87.2356,68.7133,10.2027,1.4555,20.6444,2.6670,34.9612
35.1524,-8.8948,14.6187,11.7408,49.5850,10.0758,103.1648,12.9325,-24.8995,-5.8509,-13.2371,58.9331,84.7715,50.2964,-7.3912,-27.7376,14.6374,7.7377,11.0503
37.4183,40.2235,40.1225,31.8647,44.9950,14.1026,73.1130,-37.5753,-72.4447,-48.3517,6.3685,62.5674,90.5280,12.0679,-48.0658,-87.6775,39.2386,28.7948,-24.6133
39.4642,80.9234,62.1846,55.7404,53.9655,25.7616,38.8511,-59.8793,-108.0439,-107.0946,11.7814,40.4955,86.5102,-14.0729,-71.6468,-115.5194,61.4133,54.7374,-64.0783
34.5030,75.3809,50.2794,46.7309,48.6771,33.2534,35.6536,-55.6493,-94.5523,-132.8014,11.5473,24.7588,83.3648,-4.7402,-49.7691,-81.4153,56.2807,43.2726,-79.9271
36.6247,42.8606,37.8275,19.8050,37.4922,27.4517,65.7621,-52.3658,-58.1522,-103.8727,6.0855,34.8590,92.1626,14.7518,-7.6166,-37.2696,20.1446,8.8924,-64.7778
27.3251,11.7006,20.4770,7.8298,19.0017,-2.2853,100.3068,-56.3350,-38.0247,-69.6919,-5.0975,36.3634,96.3843,28.7939,18.6098,-3.2918,-29.1592,4.1198,-67.7899
-1.5845,1.4819,-19.6807,-0.9813,-14.7626,-32.7252,116.3373,-49.3893,-29.0630,-63.2433,-12.5488,30.1207,94.2072,55.7274,27.0462,46.4041,-43.6222,10.6802,-109.7707
-1.2881,15.4719,-37.0156,-20.5707,-37.6219,-42.6497,97.1145,-42.0762,-29.2513,-58.0128,-5.3752,41.1898,90.6316,79.3615,15.4593,73.5962,5.9828,-11.6478,-144.3188
40.9866,32.3153,-10.0374,-26.3577,-31.8187,-54.0354,51.2122,-68.3226,-44.7619,-50.3900,1.7175,54.1928,73.9668,67.2447,-18.7850,30.7529,68.7309,-30.3241,-146.4958
74.2323,45.1200,20.9865,-1.4568,-10.3530,-62.3030,18.9149,-109.4084,-45.3450,-63.8603,-29.0507,67.7010,55.9519,51.8156,-47.6332,-30.8690,87.5236,-9.8808,-139.7007
89.3335,68.9766,50.0294,36.4880,18.6517,-30.6782,7.4355,-114.4156,-34.9826,-86.4396,-80.9645,109.1161,56.5545,77.7461,-61.9050,-54.1588,93.4865,24.7613,-137.2364
109.7359,84.4287,81.3864,60.9971,40.2785,6.8008,-5.8252,-97.7447,-68.3342,-105.8668,-78.4869,144.4973,55.1203,110.0077,-81.2192,-58.2631,116.0669,46.6058,-136.4831
113.7269,63.1404,74.9306,58.3588,35.6585,-7.8269,-11.1757,-106.6302,-115.5987,-140.7916,-24.8626,112.2400,35.0893,93.6729,-85.0145,-59.0256,113.5243,51.1696,-135.0032
95.2395,36.7796,42.6435,43.5051,31.8060,-30.7969,-9.2955,-119.0092,-105.1516,-178.4940,-5.8941,41.2416,13.0745,48.4872,-56.0334,-49.2915,90.8276,40.2285,-119.6283
97.6926,33.2825,49.0766,45.0911,58.3017,-7.8919,-29.2725,-90.1631,-86.6519,-178.4972,-17.9620,2.0528,-5.2343,25.3137,-44.9245,-52.1703,103.1246,35.9372,-85.3201
118.7617,16.5682,75.7725,59.0863,83.5067,7.5876,-44.4237,-52.6505,-121.5684,-153.6692,10.8389,-9.5931,-16.0599,19.1901,-71.9033,-86.8090,115.2630,54.2320,-53.0494
121.5716,-17.6551,73.2333,61.8750,86.8964,-19.5523,-16.8036,-58.7394,-147.2158,-149.3584,51.4017,-29.7527,-1.6229,-3.2944,-82.9438,-128.1977,78.7902,68.4765,-38.6106
126.0423,-15.4579,79.9484,56.3859,106.2561,-24.6605,0.7977,-80.4950,-127.7921,-160.7675,43.9147,-43.0344,21.9401,-28.5177,-65.7424,-142.6550,65.1010,52.6806,-32.6775
152.3762,9.7017,121.1997,47.0445,147.8044,3.1665,-36.8939,-65.0311,-110.3803,-141.5661,36.6585,-36.4446,18.1628,-30.2963,-52.6933,-118.5761,106.3195,13.5810,-14.9562
155.0175,-13.6026,130.9257,17.9362,157.5424,-18.4105,-74.7393,-30.3339,-82.6609,-65.5720,68.8807,-51.2427,-9.4556,-39.3132,-34.6017,-76.2133,100.1751,-31.3534,23.3962
110.2189,-74.1990,77.0965,-22.8569,110.6523,-94.6871,-70.1013,-19.2334,-21.6897,39.7849,84.1016,-99.8327,-39.9268,-77.8159,-7.3517,-50.8439,28.4490,-58.7797,59.1528
61.9230,-102.7972,14.7427,-47.1519,46.6236,-137.9190,-51.7409,-17.2023,10.4154,107.2146,70.0703,-123.6498,-63.3361,-94.3587,-0.8986,-36.9006,-2.6215,-59.2715,64.9918
42.2990,-90.9573,-8.9265,-53.2498,16.8943,-123.4932,-39.8823,4.1561,-9.5241,105.7022,79.5034,-98.8813,-65.6998,-67.2783,-7.1039,-10.3183,20.0511,-57.5535,60.4682
44.4045,-70.6789,6.0677,-46.7367,34.2300,-98.3554,-32.9857,24.3547,-30.4881,85.4661,92.5891,-81.6013,-52.3836,-56.9435,-7.0541,-1.3996,35.3408,-57.8726,70.9453
59.1559,-51.9968,34.4973,-24.8639,59.6450,-78.9038,-35.2763,19.7107,-53.1213,88.2877,62.3400,-101.7831,-53.2294,-78.8070,-21.5646,-31.8030,56.0385,-32.9787,67.1551
70.8286,-36.1047,42.9874,-6.0232,48.8272,-58.5203,-45.6656,2.7026,-95.6256,75.7026,33.9573,-115.9592,-72.5427,-79.1999,-45.7219,-46.9142,92.5681,0.4570,29.9929
53.0258,-18.6543,27.5080,-0.9823,17.7980,-44.2597,-58.6463,-13.4565,-115.7707,27.8196,45.8571,-88.6879,-89.5149,-55.1665,-46.4924,-18.6573,95.5294,10.1349,7.0821
4.6562,14.5033,12.2157,14.8905,12.4457,-29.9186,-53.0081,-21.4067,-94.3956,5.0813,33.6623,-35.0969,-89.8919,-40.9391,-33.9253,8.3182,66.4364,22.2319,30.0378
-38.2905,51.0726,-0.3338,38.9449,24.3449,-9.7177,-6.9384,-15.1678,-65.3964,21.9267,-33.6408,11.4336,-70.0935,-29.1775,-24.3991,17.9033,52.3758,49.0628,60.1981
-42.9703,59.9153,-15.4669,35.6831,12.3188,-5.2669,33.5726,-21.7782,-49.5551,8.3198,-74.6694,22.7445,-53.2230,-18.6490,-5.4183,29.0245,49.5246,48.1128,56.9915
-22.6101,44.8540,-16.2670,18.5040,-12.6836,-15.6342,16.8470,-58.3814,-56.2135,-35.5056,-53.8970,-4.3009,-68.2883,-33.0595,11.0577,32.4780,38.6392,28.4956,32.0724
-15.0047,34.0599,-2.1802,26.7156,-6.1689,-9.6984,1.8929,-68.4593,-72.0638,-25.4731,-59.2498,-39.7061,-90.8938,-56.1138,11.1811,25.3826,31.2016,42.3377,29.9320
-20.8253,37.5306,4.4007,45.0632,24.9154,4.8658,39.8435,-15.0856,-47.6800,37.2506,-137.6663,-52.2458,-89.4389,-57.6242,19.9241,26.7683,33.5273,68.6975,75.6631
-17.1727,51.3040,3.6406,43.3481,36.9865,3.2297,58.0453,41.5637,8.9485,72.8032,-203.0167,-32.1251,-89.1606,-44.1965,36.3502,34.8099,44.7196,59.9914,134.1871
-17.6897,66.6394,6.9353,31.3600,28.7176,4.0080,27.1797,63.8930,28.9522,80.5703,-184.0283,5.7224,-96.5018,-26.1522,34.0010,50.0193,59.0451,34.1893,154.0324
-38.0511,71.3891,6.6910,19.6258,22.4440,12.1678,25.0325,87.8639,14.6437,109.0869,-134.3302,23.4358,-76.3116,-12.0028,29.6685,78.0873,54.3380,19.1936,140.9529
-45.5786,67.3535,-2.1597,3.9384,5.3808,-6.5172,54.7178,108.6353,19.5180,131.6140,-128.7768,8.3559,-48.6273,-13.8675,40.0001,91.3732,35.7317,9.2110,121.9787
-27.7922,62.3093,-13.0528,-8.0519,-27.8889,-35.4507,54.0011,95.7637,37.5220,109.5271,-152.2268,-3.6169,-54.4973,-9.1364,48.2465,91.9466,31.7975,2.2842,92.5414
-27.9439,49.5302,-23.4001,-14.6024,-38.8533,-29.3469,35.3866,85.5923,45.5261,87.4627,-144.4144,-4.5200,-66.8593,13.5767,59.9630,125.7632,27.6530,-5.9221,64.3439
-54.8891,29.0135,-29.4927,-28.5707,-24.4721,-19.9201,24.9895,104.4909,52.7295,113.2055,-91.5986,-24.4917,-58.3853,8.6550,75.9700,162.9361,0.8018,-26.6041,64.6760
-69.8065,16.4523,-34.1183,-47.2963,-40.2387,-50.1126,12.1457,113.3622,55.6989,156.6054,-34.7775,-37.0651,-45.2498,-17.8194,62.3974,143.0419,-22.7071,-44.5064,65.0202
-70.7654,9.9428,-52.0755,-61.4324,-90.9817,-79.3570,17.4463,104.5701,55.7567,174.5134,-11.1464,-2.7543,-25.5298,2.1224,36.8113,119.0489,-31.6138,-48.5420,31.9735
-79.6469,-1.8736,-75.4778,-76.9389,-117.3352,-77.6373,45.2911,102.8212,77.1721,182.9615,-19.0551,25.5495,-2.0011,41.0891,51.1898,150.6185,-45.7687,-62.0319,3.2661
-89.1772,-7.0506,-84.3461,-95.3694,-114.2818,-87.2392,46.1471,89.2753,111.8896,219.5400,-46.7320,3.5955,-12.5131,25.3978,81.1848,186.8230,-49.6315,-88.6215,6.9668
-99.8348,-2.4446,-97.0906,-110.3472,-134.4452,-120.3058,18.7142,56.9825,145.4909,276.0683,-92.6546,-17.8151,-58.1965,-5.4133,91.6590,205.0819,-39.1326,-104.6684,12.5723
-132.2099,-19.8501,-136.5241,-125.7777,-180.1803,-132.4369,-0.4295,47.6334,201.3025,312.8275,-131.7761,-25.9283,-102.8549,-4.3582,116.8545,244.7743,-67.4613,-112.4181,18.3902
-175.6393,-70.8270,-178.8886,-140.0674,-204.8046,-109.8646,-20.4071,69.5245,265.5715,322.8611,-125.3421,-72.2429,-134.9301,-18.3740,156.6850,272.2122,-135.5626,-119.3965,48.0917
-199.8574,-117.0385,-197.3808,-139.6010,-196.3779,-78.4678,-36.0352,96.6830,278.9073,330.7699,-91.1313,-130.5243,-146.7683,-44.0040,161.9762,257.0207,-170.2209,-109.3061,69.5219
-197.2107,-126.1252,-193.2280,-127.0826,-181.7536,-54.7199,-18.8300,125.7227,243.1551,337.2838,-84.5241,-137.6126,-135.3759,-19.5915,149.7818,268.1107,-156.0824,-86.2565,50.0441
-173.3479,-109.5901,-165.1064,-115.2637,-173.4651,-31.5362,-0.5713,148.4238,211.8157,324.9456,-109.2956,-117.1140,-129.5483,22.5069,160.9908,312.8593,-144.1353,-74.3947,27.0408
-147.6847,-88.0666,-124.3502,-98.4719,-161.6856,11.9340,-4.4099,147.0855,196.5986,293.5318,-129.9967,-104.0934,-126.5301,26.8901,170.0559,307.1067,-147.7403,-64.2679,27.4629
-152.7844,-60.7964,-108.9528,-69.7352,-141.3116,66.7530,12.2062,132.6453,177.4180,243.9160,-136.3183,-81.1853,-91.4384,26.3953,154.1587,262.2361,-144.9303,-35.3751,19.7550
-181.5253,-34.0359,-120.2450,-43.8993,-118.4300,81.1206,48.3869,115.1372,150.8682,186.5040,-125.4818,-59.5584,-47.3028,34.0269,137.6917,244.8542,-142.9529,-4.9033,-3.6461
-190.0073,-40.7137,-119.2451,-35.6549,-100.2519,50.9407,59.2416,95.5480,128.4987,164.8318,-84.1330,-66.7535,-31.4030,17.7150,129.6541,229.3254,-167.7879,4.6628,-7.3648
-174.9368,-85.5779,-104.5651,-38.7487,-93.9118,43.0674,51.9582,104.8576,121.8064,187.8822,-30.8979,-77.1585,-26.2744,9.6256,122.7404,199.3183,-211.2095,3.2314,10.1632
-167.3335,-112.3817,-99.9987,-39.3828,-99.3364,72.1003,47.0600,151.9881,120.8893,199.1365,-8.6234,-69.3612,-26.8401,40.8965,123.9862,209.9250,-227.9465,6.6167,20.4998
-163.6982,-91.1252,-93.4036,-31.5272,-93.3474,85.6765,43.8105,182.6293,105.5786,175.6739,-21.9633,-65.1700,-42.0565,56.3390,129.4906,238.5808,-203.4172,13.4792,31.6878
-144.3584,-75.4954,-72.4478,-18.9925,-60.3654,83.6476,54.2264,169.7867,89.3216,147.1149,-33.0965,-70.4914,-39.8148,32.7565,127.9009,209.8698,-186.2710,18.5296,60.2086
-123.3675,-99.8137,-63.5802,-14.3257,-40.4295,96.3089,59.9039,145.0414,86.5205,109.7486,-8.8381,-74.1443,-22.8365,22.2460,124.1800,161.9100,-200.8937,18.3062,71.1298
-120.6130,-119.4020,-78.6090,-26.5651,-68.9647,94.2635,29.4354,125.1812,71.1791,58.1077,46.8575,-85.2678,-36.1870,27.2532,121.0566,164.5115,-207.7796,7.9564,41.1539
-124.6721,-115.6061,-88.0286,-42.9360,-94.2561,57.8663,13.4582,113.4899,44.1977,39.8277,91.6353,-110.2668,-49.9585,4.1330,117.7352,172.8021,-203.4666,-5.8767,24.4873
-115.1356,-122.8567,-76.5438,-43.0864,-67.5010,33.9184,47.8651,117.0604,47.7828,61.5834,87.7633,-133.7009,-23.1530,-31.5899,119.1407,133.7310,-217.7924,-7.2990,52.8090
-94.8184,-126.9674,-66.5969,-35.7714,-45.4697,37.8420,57.1632,107.9781,70.2872,61.9929,51.9680,-139.0628,-9.9086,-39.3439,116.1586,96.6074,-211.1187,-3.3571,60.0803
-84.6466,-93.7881,-72.7102,-41.6142,-72.9154,29.5716,11.8319,67.8280,64.1567,31.9946,32.7567,-130.9770,-39.1700,-33.9792,99.5330,104.6517,-152.4556,-12.6929,13.1286
-89.2102,-69.2412,-73.4150,-42.3694,-77.9020,13.2263,-21.7749,41.4461,44.3766,15.0442,45.7455,-137.7106,-57.5466,-46.2291,84.3384,111.7398,-119.2814,-16.2169,-14.8272
-85.2887,-94.8363,-47.6477,-12.8077,-15.0087,29.5613,-35.2181,45.6556,47.7053,7.4621,63.9129,-160.5266,-50.3238,-61.6730,77.0882,77.1218,-152.7082,9.8842,6.8664
-64.8821,-108.0468,-16.8700,18.2908,36.1498,62.0457,-52.9013,25.8229,54.2672,-17.4441,59.9196,-150.6801,-40.4382,-56.8402,63.6803,33.0839,-166.3391,33.5649,11.5347
-53.3966,-61.0973,-9.2728,24.5758,29.8059,64.9760,-40.0855,-30.9454,28.9357,-44.2718,29.8990,-108.7909,-26.3784,-55.2976,44.7887,11.1280,-116.3752,34.4273,-15.4798
-54.9975,-12.5083,0.4439,45.1041,43.3688,56.5607,4.4072,-67.1633,-24.8559,-41.0992,-17.1384,-105.7176,-18.9097,-86.7798,24.5167,-17.1926,-68.6412,62.9056,-13.4173
-36.7634,-4.1596,48.9007,99.1261,118.1511,85.6330,24.5022,-56.7564,-71.5398,-5.1555,-67.2486,-135.0192,-20.5193,-120.3455,-7.3941,-79.7485,-49.2007,128.1718,21.8469
4.5608,7.0377,106.1146,127.9191,175.7603,131.5093,12.6772,-32.9085,-74.6794,26.6111,-98.2493,-118.5242,-0.5771,-116.0420,-36.7520,-137.1458,-19.2777,147.6723,40.5638
25.3575,42.0437,114.4662,99.2055,158.9527,131.5498,-4.2446,-32.3149,-42.3303,14.9060,-96.4659,-70.3301,21.3513,-97.5295,-31.9336,-130.4275,18.7034,94.1953,34.3589
2.6323,59.8021,72.9453,57.5906,111.1425,91.6504,-11.1272,-57.7427,-16.8041,-16.2018,-77.2164,-53.5873,7.9068,-92.1904,-0.2635,-66.9099,28.7217,39.9078,23.7448
-36.3569,40.5811,21.8071,31.1144,72.8130,68.7905,10.7091,-78.4018,-6.0498,-12.6385,-57.6737,-50.1001,-1.0815,-81.6424,26.7602,-9.9779,6.7427,18.1020,15.9914
-53.2231,6.6068,-14.5267,3.5190,30.5097,64.7873,39.4882,-75.7964,12.6899,6.6366,-31.4804,-36.1591,14.5096,-65.2421,40.9261,1.5237,-25.3408,-3.4506,17.4337
-33.4533,-25.4109,-29.6124,-23.2852,-8.1567,42.9826,32.6158,-70.4929,37.1026,-14.5089,-2.6230,-39.0666,11.7068,-60.2740,51.8804,-10.9947,-49.1502,-31.0206,23.9684
5.6550,-45.5516,-23.4354,-33.1351,-11.8217,11.4162,22.3072,-68.5663,47.9422,-63.2138,9.7398,-49.3664,8.9700,-47.5262,62.0780,-12.9933,-57.6029,-46.1072,14.3421
31.3830,-42.3061,-6.0942,-29.8822,6.0705,-0.4813,37.9982,-42.9372,41.1336,-85.5636,14.0440,-41.5646,37.7984,-23.0438,60.9145,-9.6115,-53.3918,-46.6185,-2.4031
30.6221,-27.9075,8.7805,-20.1984,16.3455,10.1210,37.7191,5.6659,29.0958,-62.8892,19.5939,-33.1291,46.8692,-17.6842,43.8237,-19.7871,-42.3514,-34.3277,14.6902
18.0050,-26.0575,9.5606,-6.4771,26.0896,37.1693,35.9433,46.7310,27.1420,-23.2330,6.4627,-19.1389,29.8014,-13.9128,29.8468,-30.6606,-29.8179,-15.2055,65.4289
8.9557,-30.3582,-3.9734,0.3345,34.7332,63.7136,76.3407,67.3144,19.8818,-18.7956,-3.8006,9.8436,45.7779,10.6743,27.9782,-31.6650,-19.5905,-4.2864,93.7147
9.4593,-20.9831,-6.6981,-3.0225,23.5929,57.5749,86.0428,57.9191,-23.7844,-63.8165,46.6550,-1.3054,70.3727,-1.9992,11.1326,-54.7259,-10.6558,-2.9653,64.5780
24.5222,-6.7057,19.4748,-6.8188,12.6363,20.5971,17.7298,6.1914,-71.2573,-110.4169,129.0237,-62.8637,64.0885,-74.3245,-24.9906,-116.6382,-7.6122,-7.6140,7.5644
47.5416,-8.9162,43.9094,-12.0841,22.9183,-15.0250,-25.7920,-59.2234,-68.9872,-134.6441,165.1800,-99.6766,73.0017,-126.0716,-39.3809,-170.3886,-20.6679,-23.4883,-34.5440
56.1100,-26.5280,32.1044,-25.5887,21.3280,-40.8948,-2.1527,-87.7750,-56.9440,-152.6673,172.6574,-109.7246,98.1072,-130.3087,-29.1474,-178.7209,-35.0679,-39.2752,-55.6831
45.3388,-41.5601,9.4246,-35.4168,-0.1069,-52.5850,7.8743,-76.4507,-89.0957,-143.6613,197.9554,-143.3811,87.7499,-142.1944,-37.8101,-175.5660,-23.7330,-34.0374,-63.3777
40.7850,-34.6998,18.5682,-21.6803,7.2913,-35.7154,-3.6299,-70.9895,-124.8797,-107.9154,197.1082,-157.2431,71.5656,-159.0176,-66.2250,-197.2849,4.8666,-10.5625,-59.0681
53.8944,0.6211,50.2179,11.8643,45.0709,-13.8064,2.8241,-103.0219,-130.7576,-115.8650,141.2177,-116.8146,80.7069,-148.8622,-79.3356,-217.5960,25.6769,16.0971,-61.0930
61.0508,35.0170,71.5282,36.7856,67.2363,-13.0022,-4.6723,-144.3146,-137.3159,-159.4025,101.1213,-94.5438,74.2759,-138.3478,-74.3916,-200.6996,32.5999,33.8187,-85.6093
53.3743,29.4877,79.6423,39.5226,73.8422,-4.6286,-35.3405,-146.5391,-149.2894,-156.6772,124.0069,-109.9972,57.3390,-134.8120,-70.5240,-167.3854,23.9339,35.3321,-109.1719
59.5833,1.6574,89.2795,41.6421,83.8019,22.3213,-44.4638,-129.0797,-161.6123,-148.4444,166.4999,-91.0135,64.9488,-103.5331,-76.1567,-158.9839,8.4489,35.6764,-111.6373
87.1882,5.9818,104.3841,58.7087,86.8559,30.7278,-33.8062,-147.6438,-196.2285,-206.6522,180.8764,-30.9267,70.9452,-62.2649,-89.3596,-171.7682,14.3248,49.9446,-109.2279
99.0472,43.6662,119.2795,75.8770,94.1070,28.3878,-27.6399,-176.5596,-220.8344,-248.7498,166.7261,20.4558,71.7951,-49.1041,-102.0358,-183.0936,39.8380,60.4006,-102.2850
80.6829,64.2802,126.4123,86.5849,127.3151,50.6190,-27.1783,-154.6117,-191.4426,-212.5103,152.9238,46.9441,98.0547,-50.8347,-116.3330,-206.4346,51.1997,61.6960,-75.2242
65.4844,52.4286,122.0982,99.1605,154.8707,70.9490,-46.2132,-115.6966,-163.4168,-183.5653,159.4205,34.4680,106.8036,-61.7469,-142.1654,-253.0858,54.2998,76.5346,-47.2853
71.3910,41.3051,116.1035,101.3488,147.0048,61.4869,-83.2771,-115.6276,-177.6449,-186.6630,162.5845,-14.0068,58.5553,-95.7982,-157.1288,-277.5760,76.0130,88.1043,-31.6012
78.9259,47.2489,121.9645,79.1562,131.1668,47.9923,-107.7915,-110.6750,-171.3129,-151.7607,145.5944,-42.5961,12.5289,-120.5895,-132.2186,-237.4338,92.0665,59.1905,-8.6346
75.7359,49.4611,125.8356,43.7273,119.4412,28.1914,-121.8683,-61.8037,-119.8239,-101.1605,150.1809,-40.1040,13.3314,-109.1525,-94.0579,-170.1116,74.6559,6.5293,4.0201
65.8037,37.0777,97.2032,3.6939,84.9167,-24.1575,-127.1798,-35.8666,-68.7562,-94.2399,179.0482,-52.6776,32.8707,-100.3967,-73.0339,-134.5388,50.6936,-38.9862,-22.8275
50.6356,37.1791,49.2147,-30.8921,37.4074,-71.9112,-95.9540,-78.9082,-29.2409,-105.5686,156.0371,-58.0470,44.4575,-111.4465,-48.8296,-120.7840,46.1751,-72.7902,-46.7017
39.4336,70.2255,35.4113,-30.0470,20.3089,-68.4297,-59.8051,-122.0327,-10.5777,-115.6139,82.9232,-13.8034,37.6016,-101.3871,-22.8373,-93.6597,55.0179,-76.1878,-33.6515
42.6063,103.6436,58.4304,2.3709,34.3196,-38.7205,-67.9753,-99.8661,-37.0066,-133.9848,52.3368,22.8954,21.8743,-67.7641,-34.0017,-74.7698,74.9995,-41.0905,-29.9167
43.5121,100.6231,59.3888,19.7433,39.3333,-19.6804,-74.2607,-48.5163,-65.0659,-126.2652,61.2758,6.0264,28.3272,-51.9560,-69.8676,-96.6910,99.9820,-6.7784,-49.3289
26.4704,82.7418,30.7067,14.4665,23.6459,-11.2429,-42.3282,-27.0555,-53.6865,-82.6836,42.9678,-6.2301,43.8047,-52.8963,-80.5614,-118.6555,104.0136,3.5782,-45.6189
16.7677,77.5393,30.2518,12.5492,18.0567,-11.9347,-28.0702,-32.3365,-53.8205,-57.7058,35.9945,9.7877,35.6590,-44.9794,-63.9899,-88.9626,82.1340,1.7311,-32.0533
37.2178,61.6518,59.6335,10.3589,35.8472,-17.8363,-43.1741,-40.6068,-87.7584,-69.1625,82.4415,-0.7048,30.4652,-37.2373,-50.5177,-51.8217,61.8208,-8.3706,-52.6789
61.0847,27.7613,64.1011,9.1606,48.9484,-8.1111,-34.2187,-52.5406,-100.4914,-85.1926,99.0048,-26.5284,46.0560,-33.4282,-52.1366,-69.3009,57.4137,-6.7750,-78.5098
61.6626,21.3955,51.2611,30.2146,48.9142,19.2420,-8.8359,-55.2696,-87.8127,-89.4995,48.9424,4.5708,54.0112,-2.5333,-65.6455,-96.6767,63.3777,25.2708,-75.3900
61.5963,50.5526,68.6806,51.0115,65.0348,39.4656,-3.7294,-33.0530,-94.7431,-84.5204,31.8275,75.5842,67.3475,50.8963,-78.8715,-75.3065,79.3866,40.7476,-74.1207
83.8456,64.2182,98.8560,38.7276,90.3011,38.7935,-5.3848,-27.9913,-120.7180,-89.1131,81.9134,100.3021,101.0857,68.3403,-80.1787,-54.2707,99.4137,8.6711,-93.2908
103.3451,47.1991,98.0262,17.6204,82.6098,25.5035,-0.0628,-67.0426,-136.6799,-112.9572,117.5861,70.5276,110.0868,35.1765,-75.2003,-81.1222,100.6565,-17.1948,-102.3021
90.0066,27.3243,74.2555,6.3396,49.0438,13.7280,11.0345,-76.4638,-121.8210,-108.9055,117.8893,49.8100,97.6155,7.8544,-64.7014,-100.9787,68.9750,-18.4810,-79.8829
55.0061,5.0575,45.5600,-15.2492,23.2195,8.0192,40.9220,-16.7950,-77.2863,-53.9432,125.7596,49.3509,111.1095,10.8185,-39.2506,-77.1073,18.9858,-34.4083,-38.2185
25.8202,-29.8106,9.2750,-35.7552,-0.6710,1.2629,79.5014,26.1843,-46.1145,-13.4733,130.4443,27.4618,119.0235,5.7350,-14.0579,-61.1204,-23.7861,-43.8585,-3.7918
13.1446,-55.5502,-15.6522,-30.9114,-22.5931,-4.6331,97.0196,14.6863,-51.6095,-12.4019,114.1622,-6.2166,95.4091,-17.1448,-11.6332,-80.9982,-45.9254,-19.2285,11.5740
14.2091,-54.3648,-8.1777,-20.2653,-13.5103,3.7845,89.9735,13.9640,-54.1536,-4.6102,110.3821,0.8988,91.0561,-20.7322,-23.5755,-101.3090,-43.6830,-7.7130,24.4063
18.0517,-41.4477,7.1604,-17.3167,14.8503,18.5058,62.9658,19.1415,-40.4077,-8.8114,127.8755,40.8638,97.3242,1.4012,-29.6307,-92.6908,-26.7873,-23.6339,35.5943
13.1304,-35.3428,-0.7229,-13.0194,19.4610,10.7181,25.9102,-20.9961,-34.4601,-62.2004,132.9444,56.6850,64.8692,19.5057,-18.3405,-51.9623,-21.2999,-29.6129,19.5296
9.5795,-39.1117,-22.1521,-19.2700,3.7407,-22.9672,9.7708,-56.2625,-15.3040,-105.1291,113.0393,40.8694,31.5039,23.8135,6.7056,-8.4213,-29.3401,-36.6580,-3.3488
26.6227,-45.5275,-28.6000,-26.9273,1.9476,-46.2083,13.2443,-35.6431,20.5021,-88.4552,73.6784,32.7168,24.8213,25.2135,10.4655,-18.2198,-16.4897,-44.6654,15.4840
52.0170,-44.5329,-7.3560,0.9941,21.0923,-24.5471,-0.0073,-8.4415,12.0875,-52.9561,30.5250,44.9321,2.8685,29.2061,-28.4332,-75.9954,20.8657,-8.0709,54.4301
58.7704,-42.9993,21.7553,32.4532,38.9510,25.3103,-21.1122,-0.4054,-32.0840,-29.2512,25.5748,52.1314,-21.3985,33.2972,-57.1884,-98.0918,36.4458,32.4672,65.7147
49.7637,-61.0688,17.6357,6.2281,25.2709,43.9759,-19.2682,8.1239,-32.9479,-16.0260,63.2789,32.3136,-18.4890,27.9878,-27.2457,-57.1955,14.9444,0.4805,63.0625
38.3459,-90.3790,-23.5944,-41.2101,-22.8458,12.1681,-14.5819,-7.5594,7.6705,-16.4642,79.2486,1.2739,-31.0554,11.2608,15.2052,-20.2040,-11.3133,-50.3709,63.4893
18.8017,-95.2963,-51.8671,-45.4556,-62.9573,-14.0810,-29.7062,-42.4558,41.0567,-7.1599,48.7774,-1.7822,-59.2846,0.2011,17.7943,-23.5119,-31.8636,-45.1364,53.4040
-5.9901,-72.2389,-44.9621,-28.2772,-63.9069,2.5648,-44.2789,-34.9546,68.2321,15.4886,25.7497,21.5740,-51.6220,0.8967,7.9193,-35.6945,-52.6786,-26.6056,51.7768
-17.1740,-60.2068,-39.0317,-23.6648,-43.1922,23.3970,-43.6198,-6.5130,80.8446,-1.0451,37.4702,27.0708,-34.4663,0.9687,15.2405,-33.3624,-59.9587,-30.2493,72.1415
-16.2371,-73.4760,-47.5492,-14.8823,-22.9739,18.4637,-37.1031,-18.5071,56.0126,-43.6286,53.3621,13.9431,-44.0179,8.5174,18.9608,-17.1830,-54.4973,-19.5909,68.7295
-15.2011,-75.1565,-40.7374,-0.6034,-9.6383,13.2592,-37.7903,-23.9798,33.1675,-35.6666,47.1054,21.7147,-49.2517,35.8381,12.0509,13.6330,-49.7469,-0.2653,36.4629
-7.3516,-48.5853,-18.9123,-7.4727,-8.8373,18.2378,-51.5514,30.6426,54.5487,9.5849,19.2804,39.1497,-49.7650,58.9435,21.0014,55.0581,-32.6569,-16.0385,39.8826
4.6495,-35.7044,-19.0944,-37.4154,-16.7914,7.5153,-60.4299,91.9065,93.1932,41.2331,-0.7046,35.1500,-62.4648,64.5586,46.0403,95.7887,-3.1382,-59.8223,77.8085
-1.0472,-56.5531,-45.7247,-66.1900,-27.0522,-17.9882,-46.4762,120.0485,117.4528,82.8643,8.9741,37.4872,-56.7989,84.6994,56.8850,131.2333,7.1543,-91.3605,84.3090
-16.9032,-62.5817,-60.4173,-66.3148,-37.0339,-20.9565,-28.1524,141.2354,125.9198,129.2352,-5.6606,69.6127,-45.2635,129.1518,52.4327,166.3966,4.6289,-84.0274,64.1605
-11.9227,-29.8958,-41.8077,-32.9214,-23.4672,10.7499,-19.3422,152.3449,120.3956,123.1378,-90.2751,95.3634,-67.3985,161.4492,59.5873,198.3696,22.4671,-45.5118,65.6467
7.0149,-6.6198,-13.7327,-3.7111,18.4776,39.1075,-3.8503,138.6244,113.3802,98.4605,-158.4176,96.2859,-72.8007,164.3584,71.3924,202.9267,40.7368,-20.6454,72.8724
7.0313,-8.8525,-6.4305,-3.9593,33.1847,34.0747,15.7461,125.3164,109.0503,117.1714,-138.5676,99.4049,-28.2746,153.6574,54.6348,166.6835,33.8176,-22.1642,53.2881
-8.1370,13.0189,-13.3424,2.2235,5.1838,27.2099,25.0224,115.0461,83.8688,120.2216,-122.6981,113.2259,-5.0558,139.7756,18.0547,117.2668,39.3629,-2.9040,30.7067
-8.8869,63.9046,-10.5865,38.0162,-0.4445,54.0400,32.0775,77.5047,40.6099,40.9983,-166.3625,124.7996,-18.9852,123.5863,-5.7707,71.4064,78.5909,43.8000,28.4888
1.7173,89.0320,-3.9968,64.3271,20.4035,80.3635,28.9469,21.1294,13.5314,-65.7722,-162.6751,130.3154,-9.8448,100.4508,-25.2124,4.8232,101.5060,66.1831,26.8079
-7.3239,77.2072,-12.1369,59.5657,9.7403,70.9848,4.0937,-15.5363,4.4532,-120.5650,-75.2278,125.8942,12.0772,66.6139,-50.1268,-63.7130,74.1085,58.7125,18.7224
-36.1853,63.9573,-21.8032,51.7478,-4.9789,63.8042,-2.9938,-17.1274,-7.1589,-107.8531,-13.5654,117.9727,15.2231,43.9537,-53.5241,-69.8826,35.9280,54.4822,27.1532
-43.9619,59.3748,-11.9510,48.6915,25.9013,81.5721,27.3834,4.4688,-19.9906,-52.5653,-11.0672,125.8227,31.4676,52.9888,-42.1497,-36.2328,41.0422,45.7631,46.8537
-12.7136,56.0688,6.8681,31.5889,49.5535,75.5449,46.0602,24.1679,-23.1032,7.1460,-9.9909,135.0966,65.9396,62.7375,-55.5108,-47.2901,83.3602,18.3152,43.8012
18.0066,57.6170,15.6786,8.3695,26.7676,28.3601,32.2824,24.6608,-7.4526,50.5816,-17.9058,110.7779,74.8920,36.7289,-74.6295,-87.9089,105.3680,-4.6650,21.0367
12.1772,56.3936,12.4594,-2.2403,10.0951,-12.9824,13.8392,10.3474,25.1186,82.0023,-48.7564,62.6687,50.7302,-4.1261,-58.7078,-81.8878,82.7195,-11.8593,12.2239
-9.9649,38.5958,-2.6051,-11.7993,13.1825,-30.7215,-7.4845,-15.5096,45.4942,89.4819,-42.4249,28.1644,19.9308,-25.9359,-31.8265,-41.8767,56.7951,-25.1342,13.0728
-13.2218,14.5545,-23.3678,-32.4058,-2.9763,-44.1741,-34.4672,-49.5360,39.1563,61.4981,12.6837,16.9663,3.1859,-29.7205,-28.3219,-28.7455,56.5159,-50.6613,-2.9412
6.5299,5.5089,-23.4236,-38.6980,-19.0379,-49.3426,-49.7487,-63.9957,28.5622,26.5908,38.4938,19.8392,2.0573,-22.8621,-37.9679,-46.0977,62.4371,-57.3501,-21.7331
36.0466,22.6372,7.9618,-7.0423,-0.9771,-36.7370,-66.1520,-52.2290,16.3887,-4.3626,3.0576,32.4216,-10.4078,-6.8767,-54.8983,-69.4792,75.5774,-22.8453,-21.5894
58.3201,65.6030,39.2614,35.0778,22.9678,-20.6008,-103.7671,-60.4184,-7.0550,-58.6909,-42.9661,53.5126,-42.4902,8.4025,-79.7299,-83.2428,117.2552,18.9944,-28.4819
58.2681,110.9314,46.2224,49.6256,26.1581,-13.4050,-142.7317,-103.9855,-21.3230,-113.6753,-57.8554,79.1044,-61.2337,20.1596,-92.4483,-68.1021,160.6453,24.8056,-66.6526
48.1814,123.6780,50.7558,51.2397,29.7548,-10.2462,-166.4804,-128.8687,-29.5430,-112.6018,-45.0323,92.1663,-63.4339,31.5276,-96.9755,-40.5915,168.5926,20.7529,-103.8453
54.4838,105.3567,78.3822,73.1537,58.2743,4.9690,-173.0384,-107.9805,-62.8135,-74.2742,-26.3041,80.4790,-66.1166,30.1583,-117.3803,-56.7089,154.9254,50.9126,-98.0123
68.0555,92.7916,113.8103,106.3433,105.2643,44.5866,-154.2621,-85.0961,-94.4783,-63.3351,-21.9987,71.3376,-51.9109,12.5981,-135.7806,-114.6774,139.3741,90.0215,-55.2823
62.4193,95.2260,127.4416,126.0674,137.5353,95.1420,-134.0479,-89.5621,-80.8787,-83.2642,-39.4072,88.1248,-34.7446,5.4492,-123.5108,-141.0030,116.2689,102.6701,-13.7485
46.7485,82.2650,118.4251,130.7923,137.0810,133.1898,-138.0639,-85.1502,-49.4935,-85.1425,-65.5115,99.9806,-53.9321,26.2660,-95.2084,-105.4151,90.0849,105.2628,5.2364
42.8317,48.4861,108.3432,123.6951,133.7550,151.3440,-126.5860,-32.4754,-36.3950,-44.2276,-75.5319,88.4959,-65.9007,58.6049,-73.7151,-55.6079,74.0647,105.3416,16.6317
44.7102,30.4820,109.6468,106.4729,148.7720,138.9292,-72.7209,44.7454,-34.1865,15.5600,-63.8354,81.5671,-27.6360,75.5123,-57.7113,-25.6698,63.1844,89.1074,42.1086
42.9332,35.8017,111.9745,89.2026,150.6341,91.2985,-23.4461,90.4348,-37.4950,52.7713,-58.1923,71.0079,-5.0262,62.4632,-37.3482,-1.4735,46.5305,71.4646,74.1787
43.6120,25.2417,96.2772,71.3376,120.6872,48.2669,-9.2474,91.6021,-32.1765,55.0827,-76.2228,27.4958,-34.7520,34.6340,-7.4504,23.3946,26.8420,61.6296,89.5446
45.0153,-0.3478,63.8978,44.9297,79.4550,41.2813,-16.2848,79.4163,1.2052,48.4651,-95.4831,-2.1884,-60.2221,32.8613,17.9262,44.5021,22.4512,39.4362,78.1332
36.8720,11.8711,38.0403,19.6819,36.3685,37.5156,-36.1871,74.1777,26.6914,55.1936,-97.9301,36.8574,-66.3424,69.5822,18.9155,82.1482,50.4069,8.4402,48.6310
23.1099,57.2285,29.0583,4.6676,4.8809,14.3989,-45.0752,78.6861,18.8654,73.7396,-99.5598,94.2353,-73.5830,103.4392,13.4232,137.3317,90.7245,-13.4983,31.4258
18.4629,73.1233,26.1012,-3.1060,11.4599,3.2170,-25.7480,90.3358,26.6671,93.4754,-117.2129,99.8313,-66.6637,98.8862,21.8561,151.0083,107.1426,-26.4985,50.2047
27.3213,58.6517,25.9679,2.6308,31.3595,12.9488,-19.4944,85.8565,55.5469,96.3535,-142.3252,73.0166,-56.1267,69.7713,16.8060,93.4292,104.8551,-20.2462,72.3329
31.8113,51.0941,26.7101,13.9060,16.5173,17.7215,-32.4654,53.8223,50.1332,79.1209,-143.2877,58.3957,-60.4201,46.4128,-3.0288,37.4657,91.8667,1.3009,58.0886
9.4503,25.4727,5.5584,-2.0952,-17.9599,16.0480,-4.1980,35.0320,36.3638,79.8680,-104.0287,50.8760,-48.5550,40.6330,15.4160,53.8540,41.9924,-5.5385,44.4961
-24.6613,-30.5669,-37.4098,-35.4595,-36.4787,16.9846,49.2079,52.7072,69.8516,117.8776,-80.3992,32.3067,-32.3458,45.1049,66.4085,104.7292,-21.8215,-35.3996,70.6766
-29.9026,-44.2571,-54.9063,-38.4430,-47.0418,14.4826,60.0001,57.2082,103.5411,138.3478,-132.3916,15.2609,-52.4843,45.0181,86.8435,120.6964,-31.4569,-31.9592,83.8545
-12.0106,3.8377,-33.7127,-20.7432,-57.6279,12.4296,57.1392,18.4048,90.1364,104.7880,-193.3496,20.0209,-55.4003,36.3695,79.0301,105.6987,-6.6021,-11.5202,42.3997
-13.6767,20.6317,-22.8311,-29.3248,-58.1129,14.4213,85.0069,-13.6493,68.1268,82.5343,-161.9447,25.3966,-4.7996,24.7629,83.7886,100.1244,-19.7508,-26.5342,1.5423
-27.4601,-28.4162,-36.6224,-56.4123,-55.0569,3.5871,97.2638,0.7810,56.1855,124.0413,-80.7768,-14.0286,17.9302,4.8203,88.3078,103.3865,-50.1799,-52.0964,1.5621
-13.6297,-71.2015,-37.0858,-71.5038,-55.4460,-22.4554,73.3232,36.3797,42.7631,167.4416,-42.7668,-82.1962,-7.9711,-23.2373,79.4639,94.1771,-49.4214,-57.7760,11.1475
10.6410,-85.1011,-27.0699,-83.3566,-55.8584,-41.0438,67.7225,67.0342,51.5798,164.8701,-32.6542,-111.0700,-7.8947,-31.5005,87.6186,89.2347,-55.6791,-71.4940,18.9210
4.8185,-115.8906,-43.2915,-101.8761,-64.8517,-42.4476,95.1009,95.7175,76.0738,176.8239,-9.7990,-99.1237,11.8413,-10.3569,110.3171,109.7679,-91.2320,-92.1563,39.7520
-13.4795,-154.0838,-73.0900,-111.8044,-82.3899,-37.4937,116.6912,112.4607,68.3289,222.3059,10.0226,-103.2220,9.4053,0.8120,104.4203,113.9607,-99.6678,-87.9234,50.9622
-13.2361,-147.6823,-82.3115,-103.2904,-91.8487,-35.3694,109.1491,91.8578,43.4314,202.2894,21.8518,-115.3591,15.2511,-19.0225,65.9599,53.9562,-70.6290,-68.6155,30.7270
-9.7515,-104.8349,-78.5647,-76.9593,-94.0216,-28.9023,74.5495,39.5709,44.6368,82.3706,32.4905,-92.1856,32.7941,-35.3509,30.4209,-28.7574,-58.5744,-46.6972,1.9251
-16.2643,-77.6423,-76.7052,-41.0202,-91.9057,-5.4679,40.6921,-3.3087,48.5314,-31.3843,28.8195,-64.8797,25.9345,-30.6007,15.2213,-69.0906,-71.1011,-11.6247,-13.7005
-14.7300,-74.8927,-65.2654,-13.3590,-70.0396,18.7189,31.7274,-14.5423,26.9882,-77.8473,24.4838,-77.8896,16.2328,-35.1360,9.0057,-84.2251,-75.5592,20.8444,-17.8961
-0.8885,-55.5216,-35.3034,5.6253,-31.5098,19.5359,22.2061,-14.0109,-0.8114,-106.9573,37.1486,-91.4606,23.2915,-55.0128,-4.0277,-107.8180,-62.4387,34.2294,-14.3895
11.4044,-0.1502,5.2290,26.5281,0.8400,20.2012,-8.2649,-16.8946,-31.3317,-131.1382,42.2400,-53.9935,18.5489,-52.6335,-24.3225,-107.4195,-23.1006,39.4157,-8.7400
19.2293,48.5679,36.2883,28.5935,19.1773,36.6100,-29.6573,-4.7891,-64.3577,-100.8037,39.3009,6.5445,1.3592,-19.3508,-31.6919,-51.7901,38.3793,23.1593,2.2651
18.8952,42.9637,34.0719,-4.8265,17.0389,21.8869,-24.1187,35.7051,-55.3534,-21.2428,49.0897,36.4494,-12.2719,13.2096,-7.2338,30.9344,59.8573,-24.7716,33.7826
6.5684,4.6662,6.2149,-33.3733,-7.2871,-23.8295,0.2848,79.9420,1.8036,40.8725,40.2514,46.0706,-17.1735,40.3382,29.0104,86.4307,10.6785,-52.2354,65.7406
3.1760,-9.7123,-5.5698,-21.7790,-21.0763,-22.6164,38.7292,85.8763,26.8636,39.6027,11.2212,83.5229,15.2697,82.2003,29.1167,77.9079,-28.7191,-29.6036,47.7402
22.7635,7.7647,9.9919,-2.1665,-8.4448,15.2978,58.1879,40.0938,-18.2675,-13.0989,27.4094,136.4962,68.4259,120.3102,-6.3439,39.9273,1.2123,-11.3763,-15.9304
37.7929,26.8042,18.3875,-11.5439,-6.6723,0.5826,36.8792,-13.1812,-56.3459,-58.3240,62.8895,140.0790,66.7766,117.7326,-12.4654,55.5306,37.3913,-32.5899,-61.3056
27.6237,37.0757,5.9444,-32.2937,-26.8438,-45.2734,34.3323,-15.3238,-25.3605,-49.3453,25.7933,94.5018,36.0905,87.5849,29.8451,109.2671,23.0214,-55.1614,-59.4724
13.4724,41.2153,-2.7078,-32.7672,-30.9888,-41.3315,77.0387,20.0341,22.4623,-11.7378,-37.6172,67.9815,64.5837,68.9757,47.9248,94.0873,-2.9586,-46.6303,-47.2747
14.7646,33.0229,8.2161,-11.1542,-13.6581,-9.8425,80.3348,24.9390,18.0813,-2.7658,-21.2397,77.5201,108.4565,67.1244,4.0661,12.1421,-8.3965,-16.9891,-61.9563
27.7166,23.4967,32.0792,17.2129,-3.2969,4.1611,15.8823,-11.6394,-30.0194,-36.0512,42.1161,94.3553,88.8226,72.2028,-48.6593,-38.2973,-4.5229,14.7371,-90.4904
46.0803,35.9639,54.2085,38.4954,1.1906,21.1543,-29.2302,-36.1329,-82.9813,-77.5950,70.3243,119.7194,50.6590,82.2930,-77.6468,-51.5785,25.8681,34.7270,-89.4917
54.6502,50.4905,56.9817,39.1553,13.2152,37.8601,-19.2581,-25.0505,-111.6776,-71.4107,69.5243,134.0335,41.9555,77.3651,-91.8992,-67.3897,77.5151,32.0279,-47.8080
35.9788,24.0389,35.8891,13.7069,17.2660,25.1124,-0.6980,-10.2392,-89.2029,-0.3640,71.0050,91.6983,38.4277,41.0395,-74.9236,-60.2196,73.6621,6.6572,-10.8451
10.5049,-21.9308,12.5071,-16.5613,-3.2979,1.9525,1.7154,-27.7362,-38.4420,53.4184,77.7651,32.8496,35.6827,3.2139,-35.1440,-36.3874,5.3782,-21.0884,-20.0119
9.7613,-25.3886,6.8704,-25.2611,-35.1999,-18.6200,-12.5275,-74.9851,-25.3615,19.2974,87.8531,25.6317,35.8183,-8.0043,-24.3182,-38.8867,-30.8768,-29.3125,-60.6043
14.0297,3.0739,3.0028,-29.9296,-59.0859,-57.9770,-36.9818,-107.8796,-35.4165,-30.9779,92.5484,27.9612,21.0879,-10.3154,-26.8658,-23.4352,-15.6804,-36.4571,-99.5322
-8.3478,-2.8068,-27.2776,-62.6211,-75.4301,-96.3111,-40.2408,-96.8596,4.6761,-18.0007,90.0162,-10.7590,14.5298,-12.9885,12.1959,50.7208,-25.7465,-74.0108,-125.2919
-34.1184,-45.1150,-66.9404,-92.3423,-82.4041,-94.3303,-13.4062,-67.1602,58.7526,7.1690,92.1464,-39.7237,31.2299,2.1345,55.6455,105.5005,-61.4435,-104.3191,-127.8774
-29.3237,-68.6255,-63.4865,-65.8399,-57.4933,-59.6840,7.5320,-39.4454,36.0293,3.2439,87.7108,-32.1445,30.1763,24.3730,42.8804,86.2293,-65.0892,-66.4044,-99.1573
-7.5264,-58.5277,-11.4411,-9.2803,-6.3503,-11.3313,4.5663,-1.7122,-24.8987,17.1817,61.5768,-31.3643,10.6063,25.2117,6.9435,43.7680,-48.2880,3.3439,-61.4382
6.1906,-40.0452,30.6084,15.2025,20.8913,39.0229,-10.3027,24.9608,-32.9969,46.0736,28.2268,-36.6648,4.6053,10.8916,-4.1739,14.5633,-37.9228,27.1810,-37.1238
10.2696,-31.5050,29.6309,10.7895,16.4122,64.2525,-20.1255,14.9078,-2.8214,46.7129,-7.2069,-31.9707,-9.4842,-2.0717,5.6388,-0.8279,-24.0401,15.2614,-8.4214
3.9870,-44.9076,11.8380,8.1490,19.2466,58.1668,-1.4627,15.8396,15.1302,50.5835,-40.4772,-51.8487,-33.2847,-16.3008,28.5266,9.6711,-29.0499,15.2314,33.1744
-16.1234,-70.2283,-5.3713,0.4913,12.7597,42.6104,33.9153,55.1235,25.2146,77.0168,-35.2927,-91.5052,-19.7379,-28.2131,48.1307,24.7076,-72.3822,20.4208,42.7618
-40.1298,-69.6366,-27.5942,-12.1353,-29.7211,25.2110,35.8664,59.4772,41.8516,65.4942,-3.7798,-98.2185,14.5658,-31.2258,40.7717,10.3751,-107.9550,17.6067,-5.4567
-59.3419,-39.3314,-42.9410,-0.4828,-46.8480,20.6781,13.7057,-9.6550,69.3399,2.2933,-23.4597,-75.5029,24.2259,-33.8319,31.6709,-11.7169,-114.8699,26.7316,-57.7353
-72.8707,-13.2729,-41.6948,35.2499,-6.8102,49.9100,24.6738,-87.4392,99.4098,-55.0676,-97.9538,-45.9920,26.5249,-33.2295,46.2560,-20.2715,-121.3265,52.8799,-61.1628
-71.3211,12.3269,-33.8051,62.0894,15.0074,78.3242,51.7923,-128.1300,81.6574,-82.1944,-141.9451,6.7381,27.8820,-15.3932,42.1274,-28.8430,-100.5907,76.1804,-44.1100
-49.4933,56.8561,-14.2959,69.0463,2.7091,67.1911,32.3270,-134.0068,0.7015,-81.2122,-119.1687,62.0989,4.4594,8.6533,-5.5273,-27.9136,-17.7834,82.9737,-50.3228
-25.3526,83.9397,18.7609,66.3932,24.7494,54.4724,-23.6164,-91.0876,-50.6883,-46.3437,-75.5053,70.3734,-20.5505,23.2513,-43.4653,-3.8430,61.2069,70.0535,-55.7002
-16.8095,61.9880,27.5676,56.8453,58.1298,71.0948,-56.1831,-14.9161,-7.0529,-3.7378,-70.4807,54.1365,-30.4188,41.4348,-33.2281,23.3404,71.4678,48.1310,-20.5263
-19.0203,34.8767,-2.4708,45.9983,38.9952,80.3970,-45.8555,24.3860,58.1109,4.2577,-117.0239,64.4284,-49.3007,70.0102,-4.8942,41.9056,55.3122,38.9893,25.0993
-19.3187,49.2073,-21.6678,46.1115,9.3109,67.7694,-25.0412,0.4207,61.0277,-26.9583,-153.0608,89.2842,-56.8520,84.1622,0.8431,47.1571,63.0070,44.5891,20.1528
-13.3938,83.2278,-3.4750,50.4383,11.0561,54.5503,-34.5807,-40.9767,26.9722,-65.8540,-128.5186,89.3721,-35.6768,64.5066,-16.1536,27.9083,77.3453,44.1306,-26.8243
-6.3020,89.0822,15.3699,39.6503,7.7106,30.8198,-65.9957,-56.4183,18.1619,-63.0544,-97.7792,47.5045,-39.8525,21.9876,-16.6027,18.4970,67.8021,28.8347,-49.3976
-9.1951,55.2088,11.8459,18.5841,0.3153,-7.2808,-65.2510,-40.7931,39.3727,-9.9970,-105.7704,-23.4237,-68.8237,-16.6557,20.8661,54.1911,25.7902,12.6266,-32.8964
-23.4415,17.5743,3.3789,9.5567,17.6820,-25.4302,-22.4915,-17.7609,49.5114,16.6853,-96.7533,-72.9030,-50.4450,-30.2085,57.1130,88.3530,-29.6135,9.2316,-27.0581
-33.9272,16.4111,2.6893,13.9250,28.9530,-17.3024,17.1853,-9.1803,23.3759,-20.8710,-51.5737,-61.4023,-1.5548,-18.6048,58.7926,87.0377,-55.3117,14.7617,-41.0755
-33.4883,43.6710,9.9535,20.3116,23.7080,-5.1422,36.8292,-2.4128,-15.9515,-42.3505,-30.8131,-9.5289,14.2574,5.0730,44.9128,87.8667,-35.5853,19.3295,-32.3071
-29.2407,64.8368,25.6685,31.9166,43.8198,14.2639,44.0704,17.8615,-27.5142,-12.0991,-42.0570,45.2179,21.2266,32.5543,26.4045,86.1509,-2.8396,24.3885,-3.8522
-18.2166,71.0746,41.8740,43.6031,72.2331,36.5675,29.1657,35.4161,-3.4777,6.1309,-51.8675,77.9177,41.0570,50.4248,2.8950,51.3575,16.4100,26.9497,7.3708
2.1967,62.9028,45.6236,32.2467,60.0078,29.5359,1.0497,42.7951,26.4546,13.6484,-63.6539,64.2524,25.7350,40.8340,2.6052,31.4214,22.7100,11.7898,15.6079
7.3820,38.2082,32.1962,6.5854,28.0407,0.2108,-11.3216,48.6265,34.0173,56.5726,-72.6454,20.7986,-24.2498,14.1266,23.3812,55.7271,19.7152,-8.1808,41.4921
-20.5959,23.0775,3.9269,3.9618,11.8521,-4.2377,-11.6939,39.6322,35.8658,87.9969,-81.5386,-1.8927,-52.3253,-2.6964,23.7706,63.3239,16.0337,1.3728,52.1180
-55.1851,34.1128,-28.5773,19.9996,3.5329,20.1262,-13.1340,10.4810,76.3576,65.6070,-135.3893,-11.1557,-51.6279,-12.5904,19.4518,38.5226,14.6039,27.0375,32.1887
-68.5954,37.1423,-51.0028,20.4025,-5.9027,30.2143,-9.3490,-19.9781,131.1947,35.6114,-197.7174,-47.6545,-47.9073,-33.3426,42.2523,29.4005,0.0044,30.5171,5.1135
-69.1908,16.3805,-58.8589,9.8024,-16.9986,14.6591,-13.9438,-53.9185,113.4643,9.3352,-160.7522,-88.3664,-46.3458,-53.6476,49.5315,32.8178,-20.8179,24.0438,-34.7517
-60.2211,0.0685,-48.9921,8.5058,-23.4876,8.5647,-38.4946,-84.4753,34.1598,-29.5091,-59.3297,-89.9034,-47.4701,-45.5926,24.6748,37.8689,-19.6926,25.7351,-83.6933
-27.4464,-9.2604,-19.1068,5.4846,-3.9186,23.8113,-48.8714,-73.1000,1.9297,-32.4792,-23.0188,-56.7110,-46.1588,-1.7400,26.4292,74.7825,-4.6938,9.8232,-91.2082
10.9800,-18.8240,10.0997,-3.6864,26.4090,30.6387,-30.5735,-39.0336,23.0422,3.7510,-45.6348,-8.5972,-33.8569,51.4435,51.0518,121.0342,2.8274,-19.1068,-64.0834
20.9464,-3.5403,18.9932,1.5658,24.2662,26.8705,-17.6673,-35.4828,5.8881,5.1915,-51.1745,27.1244,-25.5309,72.4979,40.0442,120.7394,17.9268,-14.2235,-63.6073
18.0440,26.1089,27.0827,17.2905,13.0830,42.9235,-11.3215,-27.2391,-45.2860,-8.5880,-52.6676,18.9282,-29.1974,55.5540,15.5334,94.6752,45.2723,14.6348,-67.7094
31.7145,18.7911,47.1697,13.4812,33.4239,59.8672,20.8024,25.9942,-53.7693,37.5436,-64.2677,-7.4195,-17.4924,38.9764,27.3112,90.1475,46.3046,11.7366,-24.8820
32.9256,-20.4635,39.1667,-17.7771,37.3033,29.7251,65.3212,59.8433,-21.4156,97.8266,-35.7948,-4.2824,15.9459,37.5422,52.4443,97.7936,4.6510,-26.8777,20.0231
-8.2586,-53.5153,-20.6183,-55.7780,-14.7479,-24.5038,81.2239,42.9851,8.3343,94.5948,38.7122,4.2354,34.0557,25.0942,58.7545,90.4679,-45.6236,-61.4795,29.6015
-46.8141,-79.9475,-80.0693,-77.0699,-65.4639,-45.3215,66.5586,38.8306,33.4688,53.7537,96.4292,-15.8940,23.2532,-0.1415,54.4040,59.1331,-74.2734,-72.5784,46.9221
-39.0659,-89.1879,-87.8409,-76.0105,-77.0211,-35.4751,49.2403,51.1873,60.6264,14.4450,94.5781,-32.7724,16.9323,-14.0971,51.7314,15.2685,-83.2185,-69.3053,66.2135
-21.2747,-60.0464,-65.9453,-68.2642,-77.2168,-21.1837,52.6621,36.4098,84.2797,-21.0199,49.2079,-30.5210,38.6561,-21.7240,62.3661,-5.8793,-89.9907,-67.6982,44.5985
-31.2786,-27.7103,-54.9488,-61.6639,-68.6945,-3.5776,78.3155,31.8007,91.5269,-31.4697,12.8340,-38.2289,64.9280,-37.4376,79.7475,-0.4267,-97.4327,-63.7173,31.3685
-41.1676,-19.0127,-50.1695,-44.9873,-42.5374,7.8096,94.1144,69.8966,61.0778,-18.6884,14.6983,-46.2270,59.3073,-47.0377,67.6831,-7.7393,-79.0314,-40.9219,72.9564
-28.5643,-0.1951,-35.9029,-27.7983,-28.4847,6.0717,76.2201,94.6912,16.7690,-20.9998,22.3223,-27.9450,29.3331,-38.5711,37.8760,-15.8740,-31.0620,-21.5556,104.9207
-19.5026,18.1748,-30.1138,-34.8290,-37.5575,10.5864,57.3332,76.4564,18.4761,-28.9977,8.6626,-9.1011,15.1719,-24.4740,44.8245,12.5805,-7.0390,-37.7759,88.5569
-25.8677,-16.7905,-48.7469,-50.0736,-45.1063,19.4942,70.5816,48.5463,46.8528,-14.2041,5.4048,-17.8070,23.8520,-18.7680,66.9695,27.1534,-34.9585,-53.9182,72.0671
-28.1315,-69.9138,-66.5302,-41.5432,-47.9792,14.4880,83.8766,24.7836,34.5242,-1.3776,29.3731,-34.8008,27.8203,-23.2002,45.5214,-19.6413,-65.5841,-27.3920,64.2158
-21.8124,-70.9204,-56.6568,-20.7963,-49.2761,12.9235,65.1801,7.1056,6.6190,-9.9372,38.3829,-33.9199,21.6779,-23.4758,12.6794,-55.1567,-63.8173,4.3308,38.5298
-14.2977,-42.3990,-31.1939,-8.6517,-32.2237,25.9311,52.5416,6.2274,15.0482,-19.1767,8.8437,-11.8011,24.9239,-2.6071,21.8740,-25.0871,-59.5397,6.4002,17.9375
-4.8832,-31.0451,-11.9160,1.0987,-6.2205,28.7479,74.5946,9.7491,17.5326,-22.8338,-13.7947,16.8759,41.3252,23.9760,38.1342,5.3837,-67.3488,7.4528,18.0522
-0.7228,-26.6806,-1.7055,1.7589,-5.0141,22.4926,83.7299,11.9845,-18.3715,-17.0450,18.1332,27.0629,53.2400,23.6451,23.5498,-2.6149,-61.7749,9.6441,15.2568
-5.1197,-21.4590,0.0770,-22.1420,-26.2590,19.1399,56.4592,29.3427,-35.0371,18.8184,66.6416,10.7993,45.6900,-1.9370,11.2148,-6.7362,-41.5995,-17.1973,19.9827
0.0660,-24.6857,-8.2193,-48.0146,-37.4206,-8.9958,48.3900,44.3851,1.9421,69.5580,45.4237,-10.0363,27.2357,-29.3374,22.2296,-8.0106,-26.2850,-49.1947,56.1573
9.8762,-24.7191,-24.2903,-53.0018,-31.8978,-59.5489,75.2234,30.8076,63.6651,103.2136,-38.6889,-15.2500,22.6447,-50.1299,31.4281,-36.5587,-18.2672,-55.3875,93.0520
-12.0782,-22.1286,-54.7455,-60.7542,-43.0301,-81.0498,78.5029,7.4622,125.6791,124.5105,-82.7537,-13.1612,30.3613,-60.8875,33.6737,-52.4730,-22.4826,-63.5180,88.4730
-56.2943,-37.0414,-101.6044,-86.0015,-94.8135,-73.5406,50.5179,-11.2369,161.5224,128.7291,-61.1267,-29.6940,20.7085,-60.3844,45.5947,-20.8783,-44.6009,-83.0902,44.0599
-68.0056,-53.4886,-130.7426,-96.4342,-147.3238,-67.1196,40.2304,-33.2091,146.0537,93.7639,-51.2782,-59.3518,-3.1330,-54.4770,56.0179,7.2255,-57.2906,-77.2443,-7.2279
-42.5676,-40.7665,-110.3503,-71.3315,-137.7551,-41.3067,41.1438,-43.4512,105.9810,44.4583,-65.9588,-46.0919,-5.8560,-33.8529,40.4647,-7.3055,-34.8673,-47.0532,-27.3930
-22.1696,-15.5119,-64.9223,-32.6469,-78.8380,1.9999,19.6224,-35.3465,64.3993,10.2374,-35.9047,21.4082,11.0444,6.2846,2.2872,-30.9381,-2.6304,-22.5136,-16.5176
-14.0236,-8.6859,-34.8063,-2.4658,-37.1952,10.3777,-3.4469,-29.5778,-8.4905,-31.1448,44.5936,61.5108,14.5930,33.1984,-37.3142,-40.1247,11.1314,3.3872,-14.9376
-1.7867,-8.6616,-19.0208,16.5131,-24.6209,-1.8273,-4.4057,-19.9381,-90.5542,-74.7117,98.2181,44.9869,2.1243,30.4727,-60.2678,-45.1770,22.2217,33.2529,-19.7048
5.5087,6.8192,-2.7176,22.5310,-9.1920,18.9206,1.2288,0.4157,-96.1090,-68.0685,72.3920,43.7713,-8.0414,26.2089,-49.9356,-34.7069,37.7149,35.0809,9.7973
-1.3593,17.7828,6.1670,18.0566,8.9073,41.3314,-1.5749,2.3598,-36.5700,-18.1050,4.4887,55.9656,-22.7462,25.0126,-13.7597,1.5646,33.1960,14.6994,46.5181
-10.3627,-4.7568,3.7675,18.1281,24.5237,26.6647,-23.2152,-3.8536,-11.2378,16.2617,-17.2613,13.2281,-52.2058,13.4008,5.7613,37.7778,13.0191,15.7349,37.8878
-11.3385,-30.3750,11.8532,28.7177,53.9019,20.3442,-60.0693,22.3842,-33.9415,22.1458,26.2496,-29.8492,-67.5390,17.0037,-8.5662,55.6557,10.9714,31.6135,13.2249
5.0534,-9.9863,46.3392,37.7821,82.7435,39.7848,-73.5283,52.9224,-50.3561,17.5783,56.5545,5.4817,-41.7585,40.4051,-25.5921,51.3600,27.4066,27.7320,13.1755
42.6056,22.8860,86.9817,40.7220,82.3651,35.0960,-57.1282,53.6832,-60.4980,10.8034,41.3785,38.6142,-12.1009,35.9675,-33.8130,11.6627,34.1230,22.0380,20.5120
66.4797,2.5598,94.6492,43.2143,71.7303,9.4737,-58.4680,62.2149,-69.2781,18.4805,38.7363,4.2108,-26.9802,7.7875,-46.3360,-36.5528,23.0323,36.6183,38.2886
39.5256,-40.9204,61.1247,39.5524,74.1763,6.8118,-76.9647,80.7133,-41.6301,38.0869,60.7797,-16.0703,-58.1174,4.4177,-42.9126,-31.2304,1.7441,38.4767,78.4382
-7.1590,-39.5730,28.3525,30.3719,71.1739,13.3180,-72.9015,56.2936,-5.6029,30.9092,65.5291,-1.6549,-56.7420,5.2583,-16.2033,8.2856,-23.3167,21.3892,85.1128
-16.3234,-12.9227,36.3883,39.8059,63.3627,9.8951,-64.5776,8.5053,-24.0071,-5.0329,55.8042,-25.3440,-38.8615,-25.8395,-13.9484,-3.9798,-39.4477,35.6984,33.5966
6.2259,-5.0872,66.2875,66.6590,75.5418,23.5902,-67.8932,-11.9170,-49.6190,-27.5350,40.3473,-51.1572,-22.6209,-49.3121,-40.4005,-67.9631,-42.7440,72.9076,-1.4257
12.0904,3.5492,66.0268,69.5261,76.8106,45.5564,-52.0376,-31.8522,-15.9825,-35.0901,10.6294,-10.9998,6.5227,-39.4929,-44.3249,-106.7518,-41.7133,68.5106,5.7143
-13.2963,26.2131,25.9730,41.7071,26.8625,32.9409,-41.8816,-69.1424,12.5370,-52.4072,9.2986,28.3759,17.1980,-35.7135,-35.9412,-97.8365,-30.5509,34.6466,-4.4859
-41.3846,31.6959,-9.1271,20.9061,-24.7490,7.6735,-72.1398,-75.6627,-15.7568,-59.4045,56.7506,11.5522,-18.2147,-46.9749,-46.7609,-70.8874,-10.4625,23.6492,-24.9005
-44.9333,14.3596,-12.1467,9.0672,-24.9177,10.7747,-78.6325,-49.5353,-19.4508,-36.6388,80.5744,-2.2423,-32.9081,-47.1763,-36.3325,-45.8396,-13.8552,10.5563,-3.9465
-31.3622,-3.7888,-13.1025,-19.0746,-25.8839,5.4670,-38.3611,-40.8305,36.9958,-16.5243,60.3551,5.3860,2.1381,-44.2059,6.3122,-34.8882,-48.0731,-31.8350,19.4393
-29.1854,-18.0951,-40.9314,-47.4217,-78.4529,-42.0429,-41.8963,-47.7999,73.7154,-22.2088,63.2840,-6.4077,4.5308,-45.6384,15.0051,-36.0908,-69.8418,-55.0916,-8.5762
-40.2106,-24.9179,-71.6072,-50.0507,-125.4800,-75.0716,-89.5362,-42.4681,72.9716,-36.1079,81.0013,-16.8868,-33.2444,-33.5458,-12.9769,-36.3410,-58.1279,-41.2377,-43.1202
-37.2491,-15.1620,-70.2936,-39.0795,-109.7944,-48.5439,-84.6569,-34.3981,78.9665,-52.3108,59.5292,-0.5976,-26.6530,-18.3049,-17.1358,-43.8263,-38.0611,-33.0636,-35.0064
-15.6390,2.0748,-43.3160,-27.1976,-69.8159,-9.0871,-50.6656,-33.1995,62.7262,-81.5848,37.4617,3.7772,1.0385,-21.7317,-5.9169,-57.2452,-19.6324,-31.3798,-16.5773
3.9464,10.3472,-16.9063,-14.5030,-54.0916,-0.9447,-64.1298,-27.7864,3.0940,-102.0330,56.1934,-18.2912,-21.0486,-29.1432,-14.5516,-48.4192,4.2804,-15.9295,-21.0360
16.4361,1.2686,-2.3407,-12.6153,-49.2113,-6.9940,-78.5997,-16.0002,-32.9952,-73.0447,69.5964,-40.2766,-44.9762,-34.0499,-24.8886,-37.6751,19.5513,-8.3925,-23.2227
26.1983,-18.9129,5.9683,-16.3807,-28.5569,-13.8695,-49.7894,0.1201,-22.7720,-4.0288,50.2557,-63.4687,-29.4470,-60.6665,-29.0937,-73.4271,17.1703,-9.2099,8.8757
29.5733,-20.5090,21.4279,-4.1738,0.6723,-29.9653,-38.2205,19.3973,-18.2342,47.0662,25.6457,-88.3881,-34.3652,-102.6534,-40.2893,-118.7565,15.4107,6.6430,62.6685
30.0204,3.4355,38.6357,5.7355,10.7888,-44.4536,-62.8371,26.6685,-16.8714,57.8318,1.4822,-92.1056,-69.9477,-120.7081,-36.8624,-107.1216,23.5234,12.2699,93.4718
27.2492,4.7916,26.9122,-13.8446,-5.3794,-44.7026,-67.6458,14.1604,22.0468,69.6216,-30.5985,-86.2241,-80.5865,-107.2475,-6.3428,-59.9321,23.9281,-16.2891,82.1710
6.4458,-29.0900,-12.1583,-36.5481,-18.9548,-43.5822,-44.0669,-0.6882,75.3375,103.5432,-56.0373,-95.1125,-67.1825,-91.2725,21.4162,-26.7870,3.5008,-37.9279,60.4389
-18.4876,-38.8910,-32.1215,-38.9493,-18.4523,-53.5229,-22.0571,-5.8234,91.5267,116.9583,-56.9480,-98.1948,-49.8744,-89.5985,29.8564,-14.0531,-20.3201,-36.3551,50.2057
-11.5885,-16.6969,-24.3801,-45.4540,-38.5333,-70.5353,-2.2314,-9.4562,63.9893,87.6748,-32.9177,-84.5032,-22.0113,-88.5349,27.2556,-16.4825,-23.7833,-42.5149,25.0136
13.8292,-19.9753,-26.9914,-58.8059,-80.5240,-81.3921,14.5871,-19.5648,23.3514,52.4520,-11.0316,-85.5389,-8.0235,-71.2929,20.5414,-17.5198,-14.3162,-45.7349,-26.5980
22.9187,-35.9678,-33.8257,-47.8624,-87.2902,-68.4026,13.2461,-35.3355,-5.6633,24.2080,-17.6984,-98.0263,-21.6523,-46.3828,14.9539,-1.9779,-4.5873,-22.2179,-70.4399
34.7805,-2.4935,-7.2311,-16.5642,-52.1570,-36.8982,4.0824,-52.9877,-43.8006,-26.3707,-28.3235,-72.9551,-18.5858,-27.5325,-2.0931,-3.6731,30.4089,3.8295,-90.4686
68.0480,64.8262,33.6629,11.8992,-29.6825,-16.7356,13.8142,-69.1093,-117.6429,-95.1930,-22.1174,-2.7425,8.5133,-2.6875,-43.6294,-38.2401,100.5829,23.0500,-102.6327
83.1969,111.3975,50.1832,42.1314,-21.5702,-3.1577,45.8767,-77.0215,-176.5226,-141.9984,-46.0570,60.3181,19.7350,32.5938,-69.8934,-48.5682,146.5806,57.0904,-104.4246
63.1275,130.7433,56.2383,71.7341,4.8009,33.0948,73.9325,-63.6626,-162.4347,-146.0282,-113.2870,69.3844,18.9794,45.1292,-47.2447,-20.5523,129.3549,90.0601,-86.7497
48.1308,125.9656,69.7753,79.6016,28.5718,67.3930,69.2692,-31.0840,-126.7934,-114.0334,-143.8530,24.8797,19.8000,17.8345,-23.8747,-16.3693,96.6096,97.5337,-68.1637
50.9644,90.3675,73.0302,72.9872,30.4567,60.9783,41.7534,-10.4344,-135.8127,-78.6986,-98.9459,-32.0780,7.9539,-19.2386,-40.7020,-51.9617,83.9191,99.1881,-60.3553
49.4712,49.4596,61.5722,72.5521,38.1809,46.5813,32.2937,-17.5983,-154.0177,-86.2467,-37.6000,-57.2379,3.9616,-39.1582,-59.6995,-91.7329,67.0118,105.0853,-45.6425
50.8605,27.1860,53.8409,68.2614,50.8442,61.4399,51.6111,-23.6297,-139.5567,-125.4956,-8.7637,-45.5096,28.2573,-34.0189,-45.8503,-107.3887,40.6421,92.8010,-23.3536
66.3755,5.9516,54.2885,50.7487,44.7143,74.6458,66.2777,-8.6105,-123.0209,-130.7869,-1.1564,-23.8729,39.1543,4.2023,-16.2587,-66.1079,23.5296,66.2328,-22.7349
76.2179,-18.3189,63.2146,43.6295,49.1816,66.7692,52.5125,4.3653,-130.3443,-100.2353,14.7361,-10.0643,23.2025,51.6109,-1.3618,7.1380,13.2999,55.4224,-47.4512
75.3121,-11.6727,87.0502,61.2881,90.2481,66.6151,31.5465,-3.5828,-148.1942,-96.5409,36.5448,-3.0006,27.7037,57.4685,-14.3447,16.5488,15.0776,65.6215,-62.9009
79.2693,33.9816,111.1292,78.3106,121.2928,72.5839,38.7554,-19.4406,-161.1802,-118.3685,21.2525,5.4862,51.7006,28.4319,-30.5422,-25.6432,42.2784,73.7491,-54.3104
79.7666,76.1689,111.7939,65.5721,104.7688,58.6086,68.9121,-20.7243,-155.8493,-99.9798,-26.0429,24.2566,58.2749,20.1406,-16.6627,-8.7754,70.4620,55.6600,-42.2404
63.9229,77.9015,92.7917,27.6812,68.5313,36.2915,82.4765,4.6170,-127.1832,-23.7592,-27.2422,47.2149,62.4059,34.3117,1.6599,41.1895,72.4527,12.6098,-33.5751
45.7143,51.5701,70.1769,-5.0581,37.9171,18.3404,67.6090,35.5114,-84.3689,56.6036,14.2095,55.4903,78.2155,31.0285,-12.4956,22.4382,57.5320,-20.8381,-21.4504
33.3157,32.0507,47.5536,-9.3629,7.0552,-7.6081,45.3320,26.3808,-38.3991,76.2986,13.0188,51.6265,75.8219,18.0134,-30.7755,-25.4145,28.1290,-15.9825,-26.4731
14.3620,21.1688,24.3601,7.0815,-20.8997,-25.6740,19.8451,-22.7822,-16.9387,23.6394,3.0885,50.1871,52.4955,19.8980,-32.2732,-35.4222,-17.0557,12.5185,-60.0908
-12.4993,-8.9735,-0.6825,12.3013,-36.1579,-10.8137,-8.1428,-60.1140,-32.1775,-29.9795,64.6856,31.7828,37.5561,11.5484,-37.9337,-44.9903,-52.8050,26.1673,-82.4106
-35.9288,-54.8387,-31.7186,-12.2573,-48.6828,7.7225,-13.7458,-73.1491,-25.4402,-18.0187,117.3712,-20.2795,34.5906,-24.8345,-27.7683,-57.2027,-74.1082,5.0944,-75.7564
-51.7556,-78.0473,-62.3640,-42.7697,-65.9588,-2.1336,3.8841,-94.8639,33.7389,16.0230,77.9684,-60.9179,31.8116,-49.0695,15.7656,-29.1921,-96.7131,-28.0699,-77.7255
-60.5618,-73.5882,-75.3066,-42.7866,-64.7737,-12.9140,14.7357,-117.7570,65.8630,12.0686,29.6636,-55.9921,23.1322,-40.2874,40.5816,4.1182,-104.4492,-31.2031,-83.3581
-63.8399,-76.0010,-65.5514,-19.4063,-27.6468,-2.9051,16.4577,-108.6463,40.3006,11.0351,30.1203,-51.1875,4.3521,-36.8498,34.1635,8.8028,-97.1031,-6.8614,-48.0850
-64.2757,-93.7326,-48.8339,-11.1754,10.1706,-2.5373,18.7420,-76.9335,44.6171,49.3086,28.6941,-71.2595,-9.5277,-49.7531,47.3275,20.7152,-117.1125,-1.6058,0.7373
-62.3972,-99.0109,-45.8134,-23.7683,2.3723,-21.7598,12.4234,-42.4000,94.0542,74.2405,18.4257,-59.0756,-5.2194,-34.2554,67.7586,44.8192,-148.0417,-21.5754,14.0910
-60.6169,-76.6985,-61.1337,-28.8563,-34.8527,-20.2555,1.8429,-3.4020,105.4158,57.4187,12.7250,4.3365,-12.7805,18.9094,54.5374,59.9126,-118.2934,-26.8152,23.4362
-56.4066,-37.7912,-69.6006,-17.8104,-50.4384,13.5425,-6.9383,23.5653,67.4423,36.2426,-11.5532,58.3979,-48.8576,60.6288,30.1466,75.7946,-34.5817,-12.9772,51.3621
-34.8382,1.3048,-41.9005,-4.7482,-31.7886,37.0158,-28.3788,28.9111,22.3950,28.7133,-20.7643,80.3371,-67.7216,69.4092,6.6017,76.6645,36.0388,-6.9382,57.6191
-2.4995,25.9512,3.6797,6.5115,4.8083,32.3017,-47.2054,59.2422,-17.8009,37.2423,11.6678,96.3555,-48.1137,75.9136,-28.9886,53.1137,76.7063,-5.2135,53.0876
1.6501,29.8829,17.3096,18.0830,42.6495,33.4691,-35.7607,134.1582,-23.9627,67.6652,12.4143,101.7992,-33.5520,99.6564,-41.1774,63.9692,96.5853,6.2647,78.8484
-24.7523,24.0782,-5.4129,20.9717,52.9356,51.9661,-20.6555,178.8932,14.2982,80.3142,-24.0190,94.6103,-35.0053,123.0389,-17.8642,108.3525,88.5452,12.2420,92.6291
-29.6449,14.7995,-21.5047,4.2991,26.6781,49.1648,-13.4038,143.8087,34.8217,48.6524,-10.7202,92.7107,-15.5661,118.7141,-1.4000,105.6485,60.2211,-6.9348,63.1985
-0.8140,-13.3987,-19.8246,-26.3258,0.7516,7.8821,25.1795,90.0304,24.6857,31.4073,18.3810,59.7794,12.2580,77.3915,20.2897,74.2596,21.4665,-38.5996,46.5853
9.8465,-59.3883,-29.4826,-44.1756,-8.4288,-33.5994,64.2344,70.9697,40.2114,54.1901,-14.0671,-33.3541,3.3342,25.6138,64.0500,80.8017,-30.6606,-43.5071,42.2799
-16.2653,-83.3570,-51.7119,-31.9329,-26.0774,-40.4577,39.1361,52.0885,65.6146,51.7106,-42.5638,-104.2939,-20.3414,1.4048,68.6197,80.7016,-72.9747,-9.5504,-10.6151
-38.9326,-64.8357,-60.2418,-14.1256,-45.1158,-24.9823,1.9629,9.9667,62.1995,9.8238,-19.9198,-89.4152,-8.2040,-1.6356,31.3003,35.3482,-77.6245,15.1132,-66.9933
-37.8862,-38.7208,-53.4703,-17.8554,-34.2304,-17.1228,18.4468,-13.2146,72.2832,-12.0270,-16.7821,-60.4854,23.5431,-19.2458,30.6547,0.0722,-68.6715,-3.3634,-45.7108
-36.4107,-35.0588,-48.1284,-28.4751,-15.0128,-26.3819,39.7792,4.9310,106.0243,2.2652,-31.0515,-70.6191,35.8393,-49.9895,53.6327,-12.9979,-80.9419,-25.9154,10.9459
-55.3860,-39.6482,-55.7107,-39.1580,-32.0982,-45.4564,35.2435,27.9185,112.2447,39.9795,-0.9005,-75.6385,35.4125,-70.9648,47.1531,-25.2766,-101.6419,-32.9492,35.8652
-91.7543,-35.3890,-86.6330,-73.7194,-79.2091,-70.9335,41.8401,24.5889,112.3747,101.8035,26.4627,-73.1020,30.3460,-87.7777,52.2877,5.3564,-101.6107,-64.5990,36.7118
-123.5511,-19.1913,-128.7154,-111.8174,-119.1630,-97.3754,39.8192,2.8660,147.0109,144.4062,-8.3234,-91.0533,9.2920,-98.4518,79.8957,71.7696,-72.8260,-105.7409,11.5806
-122.6556,12.6709,-138.8728,-103.8531,-132.0270,-99.3864,4.1932,-16.8393,167.7837,120.0907,-57.6816,-77.6473,-4.2987,-71.5808,63.8717,85.4504,-26.5940,-97.3867,-46.6150
-86.6462,42.8180,-106.4382,-72.3574,-119.1108,-63.9125,-8.1870,-21.4906,139.3638,68.4251,-71.0208,-13.9161,17.5278,-18.3207,24.4785,51.6902,12.5944,-68.1712,-84.0875
-48.0828,42.3532,-71.8062,-64.5876,-90.3476,-32.4781,11.1838,-12.7999,95.5251,37.8771,-48.0869,9.9673,38.9521,4.2526,22.3147,44.7022,29.4696,-69.3650,-75.2784
-31.9831,28.0108,-49.7397,-51.7601,-53.2747,-41.7238,-7.6581,-6.8536,49.0023,8.1648,3.7672,-19.2770,26.9271,-5.7463,12.8514,44.2003,30.9053,-58.1045,-72.1855
-26.6452,38.0847,-15.9978,-3.0848,-15.6093,-47.2044,-55.2847,-9.8739,-3.0940,-33.2621,50.8392,-3.3538,16.8498,3.3632,-39.7189,5.0702,27.0107,-3.3053,-89.6293
-12.6472,61.6152,25.9794,39.7889,12.2869,0.4153,-63.9882,-2.4155,-35.9604,-60.9482,48.0288,49.8838,25.9736,31.4896,-67.1215,-26.3305,25.7646,39.1484,-81.5699
2.2613,69.4208,48.8816,49.7100,31.3677,54.0497,-40.5223,32.8195,-43.0411,-62.8405,-2.7276,37.8494,10.8604,34.8480,-33.5975,2.8743,31.6179,46.9543,-40.5288
-0.8778,70.4577,49.7814,54.5562,42.7183,50.6556,-29.6194,78.1180,-41.0132,-41.3082,-64.9889,-23.2199,-36.3027,17.8188,4.0754,61.0517,34.6604,60.5522,-7.7336
-13.2889,75.1538,43.8735,65.2517,33.6848,21.0496,-39.5841,97.4049,-43.3752,-14.7537,-89.5182,-43.4787,-64.1853,12.8058,-3.7777,74.7126,32.0349,85.3061,-10.6702
-9.1447,70.2107,42.4804,66.9955,14.0082,18.9976,-57.3899,79.7771,-74.2253,-22.6937,-38.3109,-32.3783,-49.5434,9.6259,-48.1222,18.7792,41.8203,95.0587,-40.1120
6.4302,58.9778,45.0473,55.7914,12.0071,25.2705,-64.9431,43.5718,-123.0993,-63.7877,51.0986,-35.2744,-17.7890,-10.0769,-82.4839,-42.9130,61.8060,80.2461,-65.4112
5.1433,61.2272,38.1946,33.5496,15.4807,4.6391,-57.8313,4.3345,-129.8667,-90.8033,104.7166,-27.0230,10.1455,-25.3290,-78.2949,-47.3876,65.3720,42.7491,-75.5373
-10.1082,78.3507,25.9519,14.6309,6.8495,-23.3692,-51.8463,-30.9195,-98.7968,-94.4463,116.0913,8.9688,35.9812,-22.9661,-66.8531,-32.8572,55.7331,8.3024,-88.2032
-11.9707,99.9357,33.6630,18.9191,13.1389,-30.5820,-37.5865,-52.0408,-95.3983,-98.4298,106.2939,31.5026,61.9688,-24.7984,-71.1360,-45.2263,54.6053,7.4968,-100.9997
-1.2473,119.5487,49.4585,30.2198,26.5186,-30.3435,-3.1173,-64.7994,-111.2204,-109.4910,67.7491,29.6442,71.5271,-35.6063,-60.3610,-47.6984,57.2391,19.4749,-96.0406
3.6285,132.0613,40.1701,29.2743,5.4481,-37.6331,7.3010,-86.8267,-100.6717,-136.6122,24.3186,41.8756,48.8911,-33.7308,-41.5390,-35.0786,59.9532,18.8442,-82.3790
9.1657,134.8615,31.7430,37.9711,-6.7647,-30.3021,-22.9856,-94.1972,-87.4897,-165.8220,15.3688,74.0770,19.6460,-17.3924,-56.2452,-55.3632,75.9880,26.4030,-59.9845
26.8603,122.9091,56.2869,53.9237,36.8942,3.0033,-31.2284,-48.8139,-100.1079,-141.8069,27.0411,88.6524,17.0524,-1.8783,-73.9965,-74.2894,96.7838,37.1813,-12.3727
39.8107,88.4160,70.9181,39.3045,61.1877,19.8733,-7.5665,5.6825,-116.7395,-74.2681,47.6934,67.7893,19.2250,4.1493,-56.6488,-41.9484,95.3932,20.2781,25.0028
28.2365,44.2772,48.5574,12.3503,25.7427,-9.6477,-14.8544,-4.4738,-124.0809,-33.8543,93.9293,33.0982,-0.5169,-11.0032,-48.1157,-21.5939,63.4545,3.0412,13.0878
2.3083,17.1472,36.1688,10.0965,11.6636,-42.3786,-48.2366,-47.9568,-120.3474,-5.7256,141.3937,12.8769,-13.4895,-43.6136,-64.9291,-45.6265,19.3960,7.7518,-5.5210
-12.0377,6.8926,45.7537,0.8120,25.5508,-41.1581,-57.0255,-48.0448,-100.9254,54.5156,156.0842,10.5519,-5.7239,-54.1589,-55.4132,-28.6166,-5.1991,-9.8964,-1.4391
-5.0602,-6.0477,36.4703,-28.6151,-1.6419,-42.5117,-53.2710,-23.7113,-87.5674,85.6858,147.3617,1.8742,-15.5390,-30.1710,-26.2017,34.6115,-0.6541,-41.2027,-17.4119
8.4867,-26.5599,15.0209,-24.8694,-27.6973,-66.0725,-57.9231,-27.3668,-83.5138,47.9921,115.6928,-29.9127,-45.6761,-17.4196,-22.5064,41.9382,-1.7745,-20.6194,-45.2220
11.4136,-47.8215,10.4328,3.2571,-2.4566,-64.1104,-47.1439,-38.6641,-49.1507,19.6165,64.4772,-55.3708,-47.9770,-28.2318,-19.1244,0.4932,-33.6840,16.7842,-32.8614
7.5592,-57.7987,6.2544,-8.0692,-3.4702,-30.9239,-21.7989,-36.6895,4.0113,30.1604,42.7350,-27.5289,-15.2602,-12.9269,8.3825,1.3912,-64.4989,-5.2382,-17.6434
11.4952,-46.6506,-3.4948,-35.4565,-51.4455,-22.7694,-10.1831,-46.1863,18.2090,28.7161,53.1085,39.5464,10.0498,35.3545,19.2765,33.6043,-63.9474,-41.6712,-46.9186
23.3717,-36.4854,5.7643,-23.1522,-50.1003,-32.8073,-3.9491,-48.2693,0.4396,33.7894,35.9454,74.1004,7.0422,65.3085,5.9862,42.2783,-49.4327,-26.4997,-56.5391
30.8064,-60.4797,20.2099,-3.5619,1.8019,-8.7381,17.2130,2.9520,-4.8792,80.6456,5.9333,50.9512,-6.5071,65.6594,10.2403,44.1258,-43.7048,-2.4444,2.2041
23.6535,-99.6469,6.0169,-16.2990,16.1721,16.5289,41.5914,69.8918,3.0516,115.4725,25.2624,21.5369,-7.9382,62.4989,27.5583,52.9643,-51.6142,-12.2741,64.9159
0.9165,-107.6272,-26.9476,-31.5564,-5.5467,-17.2693,49.5634,86.1870,17.1159,101.5890,60.6889,15.4664,-0.1918,52.8512,26.7135,45.8987,-66.8319,-23.4177,79.5219
-19.9485,-84.6167,-48.2863,-25.4588,-10.6297,-64.7557,43.4528,74.2700,41.8874,72.7025,38.4320,3.4115,-5.8598,34.6883,23.2989,39.9874,-68.1091,-13.8291,71.3674
-14.6042,-57.6928,-46.9687,-10.2885,-1.3582,-57.6739,43.4923,80.6620,54.5267,36.2947,-29.1540,-18.7205,-24.0428,32.1301,36.7740,54.1301,-44.6661,3.6112,67.1051
10.5233,-31.5831,-31.6417,3.3590,3.6131,-31.3359,58.9052,81.8381,38.2383,-11.2905,-74.9870,-16.3258,-27.1804,36.0852,41.7714,44.3924,-14.1620,17.3180,72.4297
22.1525,-11.3527,-24.4204,0.5038,4.0718,-42.1485,74.2336,56.6670,21.4173,-26.2096,-64.6776,3.5113,-8.3407,15.2240,26.3105,-0.4496,6.4294,8.4367,87.7757
9.2449,-11.2429,-35.6352,-22.5874,-0.1909,-66.3810,79.1365,43.7970,29.5397,3.3862,-27.1606,8.4756,13.4681,-5.9665,20.8480,-12.7943,9.4341,-23.0760,93.5652
-5.6055,-16.5102,-44.6136,-32.1287,-7.6695,-66.4819,77.1688,58.1904,46.5437,20.0586,-18.6803,10.7449,23.1124,11.7607,31.6855,22.1335,-5.4661,-33.6459,72.0404
0.2126,-1.7335,-34.5341,-14.8843,-19.6134,-54.0692,61.9819,66.3439,40.2352,-5.8760,-40.3360,20.0209,16.3944,36.9578,25.2228,32.2148,-7.4579,-8.9614,37.4639
26.2783,12.7173,-19.1562,-4.2896,-31.4087,-44.4573,39.9557,69.2191,10.4029,-40.2756,-43.1746,1.7940,8.5569,29.1408,-1.3075,-6.7016,23.5599,9.8405,11.8520
47.2832,-12.3918,-17.8823,-8.9706,-21.4975,-33.1997,42.1125,88.2814,-2.4349,-49.4746,-21.5644,-36.4977,21.7224,21.0707,-12.7317,-38.1607,38.1907,9.7927,3.0384
39.4864,-57.5441,-31.8221,-4.5992,-0.1061,-25.6291,58.2334,89.5349,10.4527,-43.5134,-3.9796,-35.0391,33.3628,44.2942,-5.6406,-30.0532,5.3359,16.6768,6.3315
21.1988,-65.2560,-39.0407,9.1068,-2.1148,-29.7467,43.6884,45.5130,-0.3355,-52.7655,6.0736,-8.2479,6.5923,55.8091,-6.4441,-11.3890,-17.3008,32.2015,4.6913
28.1954,-38.5092,-17.7824,23.3144,-2.9086,-31.3753,18.0620,8.1175,-41.2748,-73.4071,-2.4321,-32.0985,-25.2717,20.6681,-15.6926,-21.1685,0.4658,49.3453,-8.4980
50.1672,-31.4370,13.4092,45.9429,39.9529,-11.0680,35.7690,10.9395,-60.0467,-78.7256,-41.9176,-89.4942,-11.2715,-18.5502,-19.1764,-62.3029,11.6821,77.0863,-12.9125
53.6616,-38.6586,27.4216,69.6922,92.9880,27.5632,80.0138,12.1695,-59.1838,-80.3822,-72.5431,-91.3484,24.3654,-18.0154,-14.7979,-86.9292,4.4276,99.8093,3.0835
40.4928,-5.7021,39.1150,76.3938,109.5259,57.2519,96.1817,2.6602,-72.4970,-93.7514,-66.8392,-32.2203,40.1876,1.9692,-6.1246,-61.1346,12.2742,91.7795,23.2973
24.8646,52.5233,51.8493,72.5267,97.8340,52.4253,71.2363,16.9586,-66.7838,-88.3892,-61.2511,20.6808,39.0225,8.7798,-11.1226,-38.1365,33.1636,72.9923,36.2574
10.9710,76.0524,36.1983,70.4375,72.7857,19.6470,26.3349,31.4178,-23.8828,-71.3142,-73.4926,42.0848,22.1253,6.2819,-39.6466,-65.1227,51.4390,70.8739,43.8915
20.1142,76.3014,16.1172,67.0265,47.3157,-5.4116,-8.3200,18.6796,-7.0793,-100.1073,-85.2416,46.3033,-11.9270,12.4052,-54.2355,-79.4766,77.5086,70.0808,41.6651
58.2011,93.6335,38.2093,60.7649,43.9666,2.3059,-18.9328,29.9887,-36.8333,-141.9980,-94.8249,41.8213,-32.1055,33.0420,-37.7303,-36.0745,114.9950,56.5184,25.7107
80.4649,104.2692,63.4786,49.6955,48.1454,30.5005,-29.3412,74.5993,-56.1849,-113.6766,-82.7045,42.3398,-20.0003,53.3597,-42.6087,-13.8954,151.3989,39.2137,7.6007
70.4437,81.0090,48.2919,24.7626,39.1034,41.0902,-50.0582,66.7405,-43.6350,-60.1555,-23.5411,47.0603,5.0008,38.8819,-74.7107,-62.6103,167.3524,9.3300,2.9152
71.2004,50.1921,35.5223,-10.6771,40.5754,5.5816,-49.8453,-7.9517,-19.6411,-64.4480,35.3718,17.3989,28.7761,-23.9496,-63.0162,-109.8545,139.0068,-42.7432,9.0334
84.9681,24.0869,36.4039,-46.4949,43.3947,-63.5389,-33.5752,-66.0988,9.3241,-79.8835,54.6912,-56.0103,39.0947,-97.2420,-12.4915,-109.8846,83.4388,-92.0620,6.5775
72.4764,-21.1779,-1.0431,-87.7837,-0.8291,-127.6084,-47.9276,-86.6439,34.6760,-56.0763,93.4538,-127.7083,18.2163,-145.1569,5.9195,-105.0659,46.0507,-125.7024,-7.3610
51.1823,-87.3053,-58.1112,-134.8534,-67.3752,-168.2666,-83.2188,-105.2138,47.5510,-49.0091,182.0256,-186.6677,-13.2115,-181.1524,7.1281,-116.2985,12.3970,-160.8319,-15.5097
50.3282,-148.6440,-81.6397,-166.0180,-101.0599,-187.9595,-90.3300,-111.5171,56.3523,-78.5861,250.6345,-260.4230,-17.0851,-215.7178,34.9218,-119.9099,-51.9680,-184.6199,-29.1487
35.8192,-180.0968,-94.1230,-169.3726,-119.5359,-182.8928,-66.3249,-98.9306,54.4785,-86.5319,263.5326,-312.3301,3.4293,-217.9706,56.2126,-99.8924,-109.4364,-170.6353,-77.0952
-1.6649,-168.8044,-110.6616,-159.2573,-137.5724,-160.7386,-30.9527,-97.8970,30.3016,-64.4651,258.0362,-275.7130,28.2849,-174.1640,52.9663,-53.2472,-121.5157,-146.5647,-125.4215
-8.4949,-140.1662,-93.0006,-146.5786,-117.4756,-144.1143,9.3570,-93.9875,9.0256,-40.5290,243.1495,-186.7390,48.3447,-119.9562,60.5611,-1.7753,-116.4753,-144.2156,-107.4481
16.6916,-138.0530,-57.6726,-125.1134,-67.4130,-126.6111,33.2342,-55.7357,14.2682,-2.7003,197.1919,-139.9079,45.2064,-85.4625,69.3723,13.5498,-110.4434,-132.9344,-43.7876
19.8414,-151.8311,-55.2958,-93.3464,-41.0276,-90.4849,14.8198,-28.7043,33.2048,39.3205,133.1683,-139.7581,13.2475,-67.2963,45.9461,-10.0364,-86.2626,-89.9110,-17.5673
1.4124,-133.9207,-64.5710,-63.3430,-41.6745,-57.6139,-34.7576,-65.8065,51.2652,35.7877,86.5206,-123.9658,-16.8154,-62.1347,11.1376,-41.9860,-57.5360,-52.8524,-41.7455
-4.4570,-83.6734,-48.2160,-42.9275,-36.6014,-47.2098,-75.6869,-129.2073,62.3906,-8.4993,66.8400,-80.9335,-22.1458,-72.3310,-6.1699,-70.8985,-43.2557,-45.8042,-58.6519
1.4536,-42.8158,-25.2551,-31.0496,-18.3732,-38.6374,-77.4901,-153.0438,65.1312,-39.1340,51.9615,-44.7549,-10.2403,-81.8322,-7.6306,-91.2216,-32.6812,-48.9670,-41.1879
14.1041,-39.6247,-19.5784,-32.9845,-8.0436,-31.1882,-49.2097,-123.3632,73.8311,-32.1739,29.5405,-33.1042,2.6845,-71.6445,2.5343,-90.6252,-24.4930,-54.4892,-11.0213
32.9785,-69.2918,-30.4863,-50.4381,-24.3454,-45.7541,-28.0810,-62.8767,86.9100,6.5609,16.4973,-45.8322,-2.5264,-50.0114,11.1458,-75.9904,-20.3495,-63.6533,11.7791
39.5027,-91.1170,-40.3792,-59.8406,-41.4073,-58.5224,-21.2205,-6.2146,77.2336,60.8174,6.8887,-68.0884,-24.3356,-34.8513,7.6429,-52.5656,-5.5107,-58.3885,22.5488
40.5676,-69.3383,-16.0003,-43.8543,-18.6514,-43.7078,-9.2971,17.3280,52.9305,99.9039,-30.3674,-66.8004,-30.3204,-23.5342,10.4425,-15.9553,12.3209,-39.9857,19.9913
58.2297,-38.0092,29.7474,-31.2571,11.7600,-36.6005,-9.4980,13.6864,55.7381,123.3039,-67.4128,-36.8997,-20.9623,-10.6358,23.1191,12.1341,10.8896,-42.1393,14.6291
52.6321,-52.3182,24.2376,-52.2861,-9.1918,-64.8139,-38.6500,7.6079,87.3021,168.7100,-45.3150,-20.6942,-35.8915,-11.8996,25.9493,22.2199,-9.1020,-70.6512,25.8612
-10.1609,-90.4517,-40.0548,-80.2508,-57.1863,-97.0247,-59.2589,-3.0860,102.8263,213.7379,15.9891,-39.4692,-70.1548,-34.2677,24.0903,40.9309,-39.1524,-86.3256,42.4513
-52.7535,-99.2851,-73.7719,-72.1089,-74.6492,-95.8038,-57.4158,-31.3816,67.0151,179.0966,54.0688,-60.8243,-86.6621,-48.7921,19.2008,50.6784,-56.9905,-62.1757,26.3390
-5.4852,-80.4322,-33.1947,-33.1635,-55.7706,-50.7963,-72.0672,-58.7213,-0.5514,82.6383,46.7794,-56.9003,-92.0871,-32.5782,-6.6728,13.1978,-23.5406,-18.3533,-12.3653
61.9251,-51.3296,25.6237,0.4056,-17.7473,11.3274,-97.6342,-59.0037,-29.7989,33.0241,-7.3077,-36.4343,-102.6873,-7.3835,-26.9886,-21.8520,40.8693,6.0781,-18.7353
63.4635,-11.9239,45.0047,8.4467,10.9073,32.6182,-89.1284,-39.6707,6.1615,47.9729,-78.4646,-16.4053,-98.4044,1.3689,-4.1027,7.5826,60.5533,-0.5573,3.2208
27.7451,13.7981,26.3366,-3.1761,-3.1714,9.5081,-57.2979,-18.0531,43.1294,58.2968,-100.3074,-2.1030,-75.0534,8.9305,27.6195,59.3738,31.5498,-15.2877,1.8779
14.6127,6.8952,6.4844,-12.3163,-32.2812,8.1128,-47.2383,4.2489,42.7670,59.4637,-78.8195,14.6349,-61.4975,35.8666,23.7731,73.7908,21.8670,-16.7212,-15.7680
21.5017,8.2868,9.7074,-1.7833,-29.4761,32.8971,-72.1744,11.9583,40.4850,72.8516,-82.6811,44.7591,-68.9256,63.2190,-5.6969,56.5106,53.8919,-5.3654,-20.1082
20.4179,45.4258,18.7498,18.2430,-17.9321,27.5906,-115.0984,-14.0284,39.6138,56.0637,-95.5882,76.1703,-84.1463,64.7098,-40.3466,30.7059,93.6752,8.8144,-29.5055
5.3024,67.5565,12.8640,26.3987,-16.7026,12.7542,-132.7592,-35.1076,23.7388,14.6415,-69.1776,86.7762,-89.1785,55.3794,-54.5978,23.0129,102.3479,14.6067,-34.4200
-11.2021,43.0850,7.6935,25.1165,5.2727,33.5351,-95.0606,1.5794,25.5323,30.2885,-48.3901,87.6067,-71.6180,64.1603,-31.2678,46.1238,68.7446,12.2800,7.1501
-14.0638,26.5155,19.3425,33.3570,36.7658,50.2091,-51.7245,58.9010,37.8503,83.3276,-64.9501,99.2303,-47.5241,82.4649,-18.2392,57.5734,42.7180,21.5953,51.4471
-3.3163,53.8707,39.4337,54.4307,48.9163,44.7857,-58.6886,66.0171,5.1299,74.3226,-71.8024,110.7943,-44.6262,90.0348,-46.8006,42.4475,70.1932,47.1222,33.3470
6.6784,80.7756,59.7374,77.4332,66.6956,74.6722,-75.6850,38.7186,-37.6561,19.5299,-74.8030,118.7668,-54.2392,100.0714,-56.9250,49.8131,99.9711,67.8282,3.3165
5.0584,78.1742,69.8316,96.0306,87.2475,133.9418,-52.2408,27.4354,-24.8549,-0.2529,-118.2323,137.4608,-49.8093,118.8514,-29.1482,65.2863,77.3444,82.8438,17.9092
-14.3201,74.6401,55.3059,101.0472,72.5757,154.4904,-17.2891,28.7421,6.3202,14.8716,-159.0986,140.2217,-32.2510,110.3364,-18.2159,42.1415,44.2127,97.1691,33.3654
-49.0623,75.8146,27.2215,77.8119,51.3609,132.4642,-0.8212,36.3362,22.1615,46.9324,-144.9886,97.5591,-17.5158,65.5296,-10.0225,38.2397,31.6592,79.5669,34.1438
-76.7848,60.6113,6.0382,38.0781,52.3014,101.5727,17.0741,69.9420,52.4993,99.6832,-116.7421,57.2711,-12.6825,34.4986,30.7008,89.8945,10.6957,30.0809,69.3390
-80.9362,51.6008,-10.5234,18.4366,36.0925,76.1809,47.3556,115.7720,75.6536,127.8513,-122.1506,65.6250,-14.3523,38.9033,51.5609,108.9325,-1.6825,10.3147,122.8852
-73.0463,72.3214,-21.7930,19.7427,7.1330,77.5306,69.7750,142.4955,67.4835,106.0324,-146.2231,86.7081,-11.6478,50.0589,38.8619,84.6752,25.5984,20.8086,140.6688
-61.4159,84.3966,-19.9561,4.2369,2.8787,93.1418,59.3693,152.6576,83.3680,91.0049,-149.5160,100.7335,-7.7589,68.9505,51.9672,109.9488,50.2347,-7.6492,134.2278
-41.9308,63.5580,-19.4882,-28.7917,-10.1382,65.3905,14.9461,150.6220,125.3899,97.5092,-107.7961,139.2900,-16.5207,108.4885,68.0026,154.9993,41.9737,-63.7510,126.3292
-30.5703,44.1155,-29.4429,-42.9160,-42.8721,2.4555,-12.5711,127.8360,131.8257,88.9719,-52.7802,169.5222,-17.3100,122.0821,44.6062,132.4494,20.7383,-78.1856,107.2877
-44.4102,33.2856,-36.0036,-38.2858,-39.3326,-33.9637,26.7113,96.8395,133.9831,101.3586,-56.8594,126.9852,15.6249,70.6807,41.4726,82.2284,-23.1478,-61.0322,94.0197
-64.0759,4.6213,-43.3349,-40.2752,-16.9641,-43.9322,97.9648,73.1626,178.3049,168.3159,-123.5949,49.7492,49.7820,-0.4394,78.1279,50.6172,-86.2889,-52.4453,108.5015
-69.4883,-23.7887,-63.4737,-46.1671,-33.3616,-49.2303,139.5259,54.2889,199.0133,217.1152,-171.3132,7.2148,55.2313,-38.8479,84.4040,8.9894,-107.6165,-41.4423,118.2316
-69.3202,-25.6793,-79.7361,-47.2213,-57.2361,-37.3713,145.5724,38.4697,159.1302,192.4118,-152.7999,-15.3378,60.3027,-50.2194,59.4396,-24.2911,-79.8613,-27.7308,85.0792
-63.3184,-21.5582,-74.7495,-42.1525,-54.4854,-22.3343,116.8637,12.5593,116.9980,129.5574,-104.0324,-38.0998,68.2492,-48.9637,41.7068,-27.6698,-61.1364,-21.5942,19.2968
-41.6488,-15.6981,-50.3234,-14.2210,-48.6056,-17.8431,45.8768,-37.5475,86.4909,58.3494,-78.5496,-34.7371,41.1828,-36.1478,10.5706,-45.7885,-54.1074,6.4268,-43.0293
-23.6486,10.4539,-14.6129,25.0802,-30.1340,12.1126,-14.4670,-69.5684,48.9189,-1.3627,-84.2427,-14.7175,0.5551,-20.2480,-12.1553,-48.8025,-33.7373,43.4342,-67.3525
-29.0527,24.3898,3.1340,19.3637,5.7588,53.8606,-2.1223,-33.6466,40.1616,-2.3280,-83.5780,-12.0461,-0.7826,0.0198,32.8022,38.6400,-24.9295,19.7237,-44.6381
-39.1956,-3.6146,-21.8657,-31.5335,4.3919,42.4911,48.6483,30.6821,72.3181,49.7309,-64.6095,-11.5600,18.4987,31.2751,94.0524,140.7841,-35.5076,-45.8938,-8.0436
-40.4932,-22.4860,-53.9191,-57.8789,-35.3297,5.0405,69.2150,59.2441,97.6073,85.9845,-67.3843,6.7741,18.2291,54.8337,97.0829,154.5268,-35.4058,-66.0595,6.0100
-51.4073,4.5695,-54.5249,-42.9407,-54.3621,9.0455,62.2853,60.8917,93.3461,78.8971,-90.5159,26.6767,10.8869,60.1448,81.7923,144.2940,-30.5014,-42.8917,-1.5969
-70.4103,25.8917,-49.7077,-27.4192,-51.7914,28.4832,63.4919,63.0280,66.2256,48.7223,-79.4098,39.1761,10.7466,70.9276,84.7670,171.2103,-38.7629,-25.0435,-13.2453
-67.5049,4.4146,-56.4651,-12.3373,-50.6798,26.2110,74.4289,58.6932,19.3656,8.2101,-42.5752,38.7445,7.5678,87.6531,69.6323,164.3596,-47.2868,3.0608,-23.9309
-45.7208,-22.1920,-46.9827,16.4072,-38.2402,24.0564,79.1171,43.4204,-23.9698,-31.2201,-29.3952,6.5109,5.1247,72.8801,39.4663,99.4825,-58.6436,50.8940,-35.1778
-38.2995,-25.5443,-26.4512,33.0698,-19.2798,18.8069,75.1756,16.0069,-35.6154,-60.8327,-24.9626,-42.6435,9.9870,21.8508,37.3908,50.9302,-89.7609,71.8110,-41.1148
-43.6314,-23.9143,-23.5160,27.4280,-7.5057,-0.9869,70.0890,-33.9755,-23.9110,-95.3976,-6.8516,-66.3775,15.1334,-22.1091,55.6335,37.4197,-118.2312,55.0883,-39.5378
-30.6476,-26.6950,-21.5999,29.9796,11.8239,3.6956,68.1988,-90.9400,-23.9217,-146.3372,4.6794,-54.4969,27.2696,-27.4385,54.5651,11.6694,-111.7283,45.8569,-48.8622
-0.1824,-23.0357,1.0117,49.3399,37.4310,35.1417,75.4329,-122.5027,-64.1417,-190.6866,22.6946,-19.2589,57.9300,-4.2694,23.6845,-33.4195,-83.3025,61.2301,-74.7994
17.1640,-21.4927,22.6224,58.7744,55.5630,39.2430,98.2763,-123.5656,-119.9799,-192.4316,69.3109,21.7277,89.4410,17.0588,-4.5254,-55.0509,-70.0400,69.3834,-77.6124
13.1396,-41.9809,23.8100,43.2078,69.2320,18.1822,116.8021,-101.6734,-123.5016,-149.6219,104.4887,31.2386,94.2674,22.6568,10.6520,-22.6233,-87.9935,46.5193,-43.0234
6.1888,-67.1801,16.0880,20.8478,62.1979,13.2472,97.6299,-62.2309,-73.7794,-105.2121,96.2045,6.4446,71.7604,29.0516,46.8064,33.1647,-114.3238,18.4944,-26.8553
4.9716,-54.0943,15.0191,21.3323,34.1326,16.2964,56.8396,-27.8934,-33.5593,-86.6847,53.4742,6.9218,43.9879,47.5732,47.2079,53.0615,-110.5963,23.0987,-40.8286
-1.8396,-4.6151,20.3089,41.4869,36.8753,8.8043,47.8201,-14.6250,0.6255,-70.3305,-24.6316,49.7005,28.6379,58.6267,36.1882,48.3744,-82.7027,40.8442,-15.6725
-24.9915,32.8828,13.4219,47.4301,62.0346,0.1218,75.7881,-4.1034,50.1470,-49.8006,-99.4804,76.2300,22.5950,49.3075,64.1201,71.7634,-74.8216,34.3473,50.8452
-53.8422,39.4420,-10.2689,37.7042,42.8177,-7.7154,99.2461,19.1544,53.5403,-50.6689,-96.2126,65.5585,18.0669,34.2734,82.4928,91.5566,-88.9769,29.9310,81.6049
-59.6214,39.5875,-14.2849,42.0161,9.7975,-12.9881,95.5481,39.0372,-4.3650,-50.7822,-39.8610,56.1212,21.5152,20.1729,38.8182,44.3966,-82.7881,54.7926,70.3376
-30.9769,47.8233,22.5880,59.1310,32.4768,-7.0761,61.6314,32.2560,-37.2914,-22.7923,-16.1599,60.0436,30.1983,-1.3927,-20.4375,-40.2233,-45.8525,72.0165,65.7800
4.2509,59.4118,66.1669,76.3633,78.3214,-1.1679,11.4566,-1.4504,-33.4716,-11.7238,-22.1826,64.2178,26.7914,-25.4160,-55.4142,-105.5551,-11.8531,73.5834,67.9193
16.2711,72.1959,89.5825,102.1154,106.1086,1.7359,-9.7827,-32.8123,-54.2265,-34.6518,-18.2645,80.2313,21.4673,-34.4276,-82.0439,-146.4887,-0.9131,95.7878,70.8216
13.6728,81.5277,101.6018,117.7589,130.5811,20.2491,11.2599,-32.1381,-81.0706,-36.5823,-5.8304,122.6728,37.1429,-15.2768,-91.8715,-148.5747,4.3027,107.5937,91.1939
18.4320,80.5915,100.4537,94.3727,131.5172,38.2192,29.1749,-2.2931,-76.7662,-18.3680,16.4143,171.9644,52.9871,28.0838,-72.7247,-98.1262,20.5438,67.9104,113.7926
28.3151,68.7009,78.8955,63.6553,93.2041,26.9006,32.2313,40.6379,-60.5118,-17.3558,23.9433,190.5859,38.0154,66.6400,-51.6150,-48.4161,32.2969,34.5150,129.2065
31.7351,44.1643,52.4706,57.4533,66.2965,16.2506,52.4025,90.5590,-23.5567,1.1714,-30.4167,174.7812,11.7078,84.2172,-31.8332,-31.9561,22.3062,42.7582,162.7905
30.3808,13.2506,31.8456,44.4333,60.5053,36.9921,72.8272,127.8219,34.7519,43.4254,-84.9344,172.3561,3.0518,110.7343,1.2360,0.8360,9.8300,30.7480,192.3896
28.6122,-4.9669,11.2559,13.2291,31.7693,46.4380,56.5399,124.6117,45.2573,35.3560,-41.9160,201.0473,2.6204,154.2063,17.1097,55.5245,14.3507,-10.7866,165.9077
23.8539,-7.6621,-8.9047,-6.9870,-11.7540,2.2864,30.3020,86.7171,7.7668,-8.9810,33.1276,193.9304,-1.0906,154.7988,1.9643,68.7897,16.4337,-26.5531,101.7491
14.7991,-6.4516,-24.9983,-24.3784,-40.3677,-58.9970,31.7772,45.2434,9.6231,-1.4945,27.4825,117.6012,-1.2533,90.0730,4.6310,50.1994,2.8118,-32.0943,53.5732
4.7486,-3.2853,-32.4707,-46.7709,-50.4261,-73.8163,49.3397,25.6158,46.6674,37.3817,-24.8454,47.2341,0.1144,33.1980,42.1231,63.4652,-11.1878,-54.1460,39.4512
-3.7140,-6.5511,-27.0743,-38.7181,-32.1249,-37.9242,64.9730,33.2346,47.1866,42.0179,-48.7266,28.9991,-2.1048,29.3032,64.4760,85.6025,-22.1499,-45.5633,49.8526
-8.8306,-22.4495,-20.8114,-9.2660,-3.6428,-10.7900,69.8093,34.8535,15.8411,34.3259,-38.9259,16.9106,2.0466,31.7048,42.3888,59.0681,-28.1488,-3.9487,44.2473
-4.6973,-23.1148,-14.3597,-5.1793,-1.0387,-30.7635,50.0676,-0.8567,-13.7392,39.4671,-5.5612,-3.7735,16.1321,9.9115,4.8826,17.3263,-14.7195,5.9645,-7.9141
12.2655,1.6136,18.0335,-5.4543,11.3095,-56.6231,15.8499,-34.4292,-36.4573,35.1848,21.0642,-6.5070,21.7647,-7.4028,-10.4316,12.7264,-1.0572,-5.6048,-49.5806
27.3396,11.8364,63.4383,22.5670,64.2825,-40.4358,-3.4179,-19.6619,-36.2235,29.9090,-0.2543,-14.8173,7.6881,-13.2455,1.7740,23.5186,-17.2524,12.4031,-24.9113
18.6875,1.6536,72.1405,36.5129,92.3687,-11.3967,-1.1486,10.0178,-20.8903,46.0018,-30.0179,-47.2722,-9.5156,-28.3564,22.7165,34.5515,-36.7950,28.1485,13.1731
-5.1184,1.4615,47.2007,10.2174,65.2681,-19.6275,8.1856,21.3914,-22.0884,69.0755,-14.4998,-67.0548,-18.9203,-42.5413,41.2344,72.0379,-33.0591,3.5267,20.1577
-13.4869,-10.7150,25.1667,-11.9412,37.8490,-54.3536,8.3204,36.1544,-11.1621,85.5633,-1.6522,-73.8286,-38.0777,-42.0414,55.4974,102.9939,-40.7375,-16.7509,34.7620
-8.5990,-47.3732,5.3421,-3.3011,23.1895,-71.3155,-7.8370,43.1506,36.1878,89.0646,-37.1502,-97.4411,-66.9239,-50.1251,49.2843,58.4727,-68.4625,5.9808,58.6528
-19.4251,-42.7986,-11.3853,19.9786,11.5102,-52.6160,-22.3808,11.1099,59.0917,65.5128,-73.9046,-105.4415,-68.6384,-76.1909,15.1061,-29.2476,-64.4762,43.1693,53.2974
-40.1472,13.5308,-7.6938,39.0968,23.7097,-22.9712,-21.2209,-23.1843,34.5018,32.2888,-74.1834,-70.6042,-41.1110,-90.3257,-17.5489,-71.2332,-22.1649,57.4503,39.9274
-35.1954,36.7514,-2.1454,32.1820,30.3227,-23.6427,-30.0768,-26.9489,21.3978,18.5877,-50.5163,-45.9248,-31.5405,-86.9015,-28.9232,-73.2469,12.9637,38.5467,42.2949
1.9792,11.5714,-6.7970,-1.4860,-0.2752,-55.2685,-60.2616,-35.0894,20.6414,5.6411,-6.1148,-65.2759,-43.4117,-94.5487,-36.0547,-92.7446,33.2029,-0.2727,30.0278
42.3138,-2.4619,5.3507,-21.3695,-8.3227,-74.7630,-77.4092,-51.4311,-12.7222,-35.5354,51.3415,-93.2417,-34.2339,-106.7106,-46.9616,-116.3175,53.4363,-25.1406,-3.8008
54.8084,-5.6860,21.0382,-11.1896,25.8271,-66.7266,-73.9058,-33.4880,-44.3526,-83.7898,92.1469,-105.1208,-8.7650,-90.1430,-50.3735,-106.2089,56.4319,-18.4276,-30.0719
28.0174,-17.8245,3.9669,-5.6933,29.6099,-54.8666,-72.7898,12.8599,-20.3772,-86.7567,105.2889,-98.6909,3.0492,-59.2574,-43.9477,-78.2843,28.3321,-8.6492,-31.4337
-14.2329,-11.0751,-18.9296,-23.7727,-2.6767,-51.5714,-66.2079,54.4423,29.5123,-24.3873,102.2283,-68.1122,10.6788,-53.2199,-30.9019,-56.6575,-1.7220,-27.4763,3.0722
-29.5180,9.5737,-19.2146,-45.1314,-20.1795,-60.7328,-52.4969,81.9841,50.2504,43.3080,92.8340,-40.3538,12.3563,-62.2561,-18.4212,-37.6186,-0.2110,-56.9683,49.0340
-14.0905,8.2386,-22.4314,-44.4651,-28.6697,-81.6066,-61.9678,74.6468,34.7560,36.0137,76.6304,-48.0401,-18.1634,-55.9957,-22.3858,-25.4136,24.3107,-51.4217,43.9059
-3.0511,5.3566,-30.0532,-14.4059,-34.1700,-82.3781,-87.2014,20.5469,7.9454,-24.7856,45.0131,-57.1369,-55.8900,-41.1782,-43.4934,-36.0798,42.9303,-5.9726,-5.9216
-2.6314,27.0122,-19.7534,18.7891,-28.4694,-49.5426,-98.3126,-35.8670,-17.6308,-62.3205,19.0336,-27.6100,-60.5398,-33.1278,-70.1172,-69.1741,58.5371,32.4537,-36.3502
14.6150,44.5650,-6.7337,25.1762,-44.0571,-29.5648,-111.5603,-60.7617,-61.2555,-87.7909,43.2228,1.1348,-56.7244,-29.4216,-104.1919,-110.4664,91.4562,40.3327,-53.8968
47.4179,41.5688,3.7343,24.1424,-65.4223,-41.3530,-132.8640,-77.2781,-122.5179,-137.3677,89.4540,-18.0609,-69.2369,-36.8153,-132.0491,-141.0935,118.6484,47.4381,-86.8187
63.5965,32.6724,28.1869,38.9517,-28.2251,-39.8637,-125.6415,-96.2324,-139.5286,-150.6027,77.5987,-52.0664,-73.5456,-56.7758,-118.4977,-140.0552,104.9029,60.4504,-87.4791
55.2278,14.8257,44.2644,40.1435,32.4332,-15.1100,-101.1832,-89.0913,-79.8431,-71.0343,20.9354,-47.7463,-68.6194,-59.0579,-74.3668,-102.6986,77.2676,42.7888,-30.3520
45.2664,-10.1702,40.4706,12.7283,48.8869,-10.1212,-99.0087,-45.5192,-11.1694,47.1284,-3.0573,-21.3005,-72.6221,-35.0256,-44.5875,-48.1949,69.7453,-1.9577,22.6827
43.9620,-17.3577,46.4197,-9.9476,45.4795,-38.9256,-93.6518,-1.1102,4.6334,118.5125,7.8770,-22.7067,-63.7691,-24.4074,-30.7168,-3.1951,58.2238,-29.2730,25.3154
37.3614,-7.0412,43.3891,-20.2770,31.9619,-77.4668,-62.8699,2.2460,-6.5711,111.5464,17.7837,-45.0517,-36.1726,-36.6242,-18.2107,14.9893,36.4261,-34.3899,-7.4722
23.8515,-2.5847,2.1581,-32.3782,-15.3864,-99.6219,-48.0236,-26.9935,-14.0431,55.3857,33.2162,-35.2565,-26.7581,-26.6398,-25.1862,9.6562,43.1124,-36.4558,-44.9185
27.8575,-3.2560,-20.0815,-29.6290,-41.8629,-91.5645,-54.5724,-47.5223,-33.7967,3.3412,55.3078,12.3620,-28.8273,15.1399,-50.0866,-1.7839,69.7198,-29.3150,-65.9303
54.7035,7.1977,12.2676,-11.0018,-15.8069,-70.0983,-37.3607,-58.2641,-66.8343,-36.3088,61.4720,45.3434,-3.4288,40.7399,-54.1933,-7.9640,70.7359,-16.9331,-78.8994
69.5897,30.0288,36.2864,-4.3574,-5.3613,-55.7951,-7.1465,-74.3593,-82.7092,-81.0418,47.0103,41.2867,27.4184,32.0380,-35.5334,-9.2419,58.5431,-15.1528,-98.5333
59.3779,53.0038,30.2863,3.5298,-15.4802,-30.3722,-11.5914,-68.7397,-77.9139,-101.4289,14.4446,31.2321,18.3006,23.8134,-34.6266,-13.5834,74.7993,-2.6012,-100.3453
62.3051,66.7318,44.5523,35.0331,9.1713,6.5411,-42.7684,-42.0655,-86.1638,-89.6612,-24.7471,35.6502,-17.5379,33.2877,-59.3277,-27.3193,113.0307,34.2023,-75.3642
91.7782,74.0464,73.1784,56.4418,36.0900,6.5501,-57.6936,-42.6879,-114.4555,-104.7310,-36.5937,43.4815,-39.4885,39.1155,-74.0252,-39.7070,136.9405,53.6618,-60.0078
102.4237,76.5371,73.4689,47.4952,28.2657,-26.8921,-34.2879,-47.8052,-123.0270,-139.8842,-19.6642,42.5254,-27.7461,29.3759,-60.7912,-41.5569,120.2785,42.1648,-50.6025
72.3963,71.5620,56.2418,46.5268,19.9621,-28.7781,14.9622,-10.9543,-105.1339,-136.1068,-10.0412,36.5909,14.2433,17.8019,-49.4965,-57.7894,69.4419,50.5555,-29.3904
40.3130,81.0705,52.6246,74.5438,18.0426,7.4027,44.1575,1.9431,-109.9259,-136.2094,-14.6775,50.0035,57.0098,19.3265,-71.8368,-102.2187,35.1593,95.6362,-44.9865
36.2847,128.7983,77.3213,116.4322,29.9984,39.0117,27.8210,-51.0104,-142.6444,-184.5445,-29.4898,102.4743,75.5615,39.2979,-109.4684,-132.5705,49.8948,138.7993,-101.6507
49.2656,180.3908,129.2508,161.9446,94.9034,63.7186,0.0791,-73.0469,-154.3979,-206.0365,-61.3387,163.8817,82.3156,68.2419,-131.2237,-131.8071,77.9917,166.1219,-112.3248
62.1636,185.6685,168.0163,187.3469,153.5009,85.8705,-14.6486,-32.9078,-145.5984,-173.0464,-74.4699,180.4979,85.1893,77.0114,-143.0694,-145.3598,83.3159,181.3189,-71.4395
60.3757,156.8525,153.5552,166.0991,122.5509,85.5440,-30.7493,-19.4763,-144.9415,-149.1082,-38.9754,148.7388,67.3334,50.6870,-146.4977,-167.4111,74.9506,166.7652,-51.6941
29.3810,130.0170,111.4201,130.7488,78.5447,75.3478,-36.6617,-30.3247,-134.1868,-125.7362,-10.5975,105.4255,38.6187,18.3982,-123.2035,-140.3013,60.4645,137.1687,-42.4526
-18.6815,110.6957,85.1383,132.4091,102.2904,82.4788,-17.0754,-6.7501,-114.3990,-77.7066,-27.2540,67.0387,24.3860,5.8734,-94.7876,-88.0673,36.3659,144.8389,-15.6367
-50.8026,96.1714,76.5424,151.0275,125.7038,88.7726,-9.3341,11.3731,-119.7233,-48.3156,-37.0397,30.9899,10.5752,-6.6115,-90.2689,-68.9138,12.9867,176.2451,-5.6689
-55.5602,74.9714,72.3936,130.0986,109.9107,71.7334,-28.0181,11.3465,-110.8885,-9.4127,-19.8671,-2.5914,-17.0622,-32.7424,-73.2831,-48.6869,-5.4012,154.6189,7.8172
-48.6909,24.5434,57.9011,66.2456,91.6034,46.2917,-26.5219,65.7768,-41.9337,103.6984,-13.2843,-38.5975,-33.1395,-48.4518,-21.8516,3.3517,-24.2582,76.0106,67.3653
-51.3610,-40.1217,16.4039,6.5124,44.0137,30.1559,-0.4506,146.7350,20.3813,212.6730,-6.7684,-76.6549,-31.2518,-47.7870,7.6683,24.4613,-44.3552,23.0238,110.8657
-77.1583,-83.8515,-36.9322,-15.2388,-36.2871,27.9454,8.3203,156.2752,27.8802,227.0801,24.0343,-96.6248,-35.4191,-50.5894,-3.4758,-4.5096,-79.9364,29.4881,95.8859
-108.9229,-103.1744,-68.7392,-6.7807,-61.7808,35.6211,5.9914,107.8698,35.4165,187.1807,45.0617,-82.2292,-37.3121,-46.8438,-6.5234,-19.9652,-123.7030,47.8532,77.6804
-102.4364,-89.5832,-68.1589,9.0215,-29.3476,37.7219,10.4653,55.4959,47.9049,122.0665,30.8420,-41.6842,-15.8914,-19.8187,-6.0198,-20.6917,-113.7311,49.6122,53.0432
-57.6205,-31.3350,-40.5193,22.5115,-21.9660,37.5155,1.4058,3.7587,21.9048,41.0175,-0.7783,2.7416,8.1907,6.3938,-31.5112,-42.9520,-43.9865,50.5312,-12.8351
-36.4970,17.4686,-14.3587,24.5136,-37.5514,53.2160,-10.6095,-11.9191,6.0482,27.3494,-33.3764,29.2160,11.8014,16.6970,-38.4557,-37.5761,-4.7933,46.2385,-49.4286
-58.6279,3.1275,-30.4035,-1.2326,-38.4378,55.6883,7.4679,32.4758,38.8917,84.9441,-38.0920,27.5447,8.5349,33.3482,2.3176,38.1306,-19.6897,13.2762,-21.3482
-63.8100,-34.1769,-66.8759,-48.2349,-49.3895,1.6141,24.4677,64.4618,44.1915,100.5909,19.1777,2.6655,9.1050,49.8347,32.4773,112.4575,-17.5686,-39.6724,-20.3990
-28.3875,-52.2863,-68.1491,-88.6608,-81.8097,-70.5827,3.1410,42.5211,1.1512,71.2272,105.5893,-38.2394,7.4860,29.0958,25.0185,114.5580,-1.4347,-83.0203,-68.0532
-7.3110,-69.7271,-57.2563,-113.8734,-116.5129,-95.7512,-12.2172,24.1046,-5.1124,72.3130,149.3997,-85.3301,13.4232,-22.1389,24.1826,69.0041,-29.4148,-106.1331,-84.3359
-22.3575,-78.5685,-82.2429,-132.3203,-155.2427,-95.3643,18.3490,29.9703,36.3862,73.7304,137.2515,-113.8286,38.9509,-63.6989,37.7011,18.4060,-67.1929,-116.1308,-65.2595
-32.5110,-60.1695,-110.8961,-143.0534,-181.5196,-117.6776,57.1248,27.5231,67.3529,50.8219,109.4500,-107.1511,68.2939,-79.9683,39.1413,-19.3716,-65.2359,-123.2678,-53.8203
-31.7128,-58.0410,-114.3053,-143.1049,-173.7692,-133.4933,69.9119,28.5204,85.7796,56.6636,96.3287,-84.7792,76.7112,-70.1251,41.2230,-20.3455,-66.7757,-127.8857,-37.9491
-49.6418,-91.2251,-127.6352,-130.8601,-163.6875,-97.3543,69.7457,45.7718,93.9480,64.7191,92.6802,-77.6682,54.4262,-38.1659,55.9468,15.4749,-92.5104,-109.7874,-18.2639
-66.2095,-102.6985,-140.8443,-97.7620,-159.5935,-37.9898,61.1312,38.2074,57.2040,18.8595,72.5777,-90.1407,10.0340,-17.1407,55.8867,38.1714,-86.2145,-59.2588,-22.6574
-42.9599,-68.1782,-95.8730,-48.0927,-111.1163,-5.4283,29.6400,-9.7709,-8.2244,-24.0781,40.8596,-97.2488,-27.1264,-35.4481,26.6959,9.9476,-38.5467,-8.7780,-30.5984
-5.7653,-19.5890,-13.7707,-5.7256,-30.3719,6.0544,-18.0068,-52.5062,-50.2967,-23.7608,40.1716,-70.3518,-29.8682,-65.5000,-13.9958,-46.2023,0.9976,10.8080,-17.0204
-0.9216,27.3562,29.3199,16.1621,7.2174,21.9129,-51.0610,-58.1149,-69.4120,-32.2124,71.2086,-13.6640,-9.5017,-64.5571,-49.0744,-80.3565,24.0868,13.8647,-6.7416
-16.2340,57.4855,24.5342,23.9236,2.4203,35.5196,-51.2913,-47.7090,-90.8740,-51.4728,89.0639,31.3697,2.6809,-37.5507,-68.7391,-72.7835,49.8895,20.5894,-14.4918
-14.4312,44.4824,22.8551,26.0789,19.1520,38.2337,-39.0506,-50.3990,-114.5863,-37.5555,97.7117,40.2708,1.4088,-14.5107,-70.3385,-45.2065,64.0768,23.2770,-21.7288
1.7169,5.1551,41.9067,22.8904,55.2218,39.1440,-48.1359,-57.7582,-125.0649,-3.0101,129.6585,36.4063,-4.0357,-0.2592,-61.1685,-16.2920,49.7366,10.8073,-20.4525
2.9729,-23.8639,42.3966,2.1593,48.7231,28.4282,-71.9845,-49.4975,-97.9959,32.6099,152.7096,39.8717,-19.1555,18.1791,-38.1247,32.4165,21.3929,-19.2238,-20.6794
-21.2189,-38.9600,-2.4221,-36.8862,-8.3272,-8.1248,-72.5323,-40.3313,-35.0302,72.3323,121.3708,35.9179,-44.4399,38.3580,5.0795,111.8646,-1.9647,-56.7151,-32.9950
-54.7047,-42.8990,-50.8329,-56.9151,-48.2535,-38.3233,-48.9964,-43.4801,10.4785,92.0848,66.7366,18.9274,-63.7463,44.9308,42.9370,175.0892,-17.9461,-67.4360,-45.0815
-73.8587,-39.1760,-53.8463,-35.7087,-32.6117,-23.9376,-34.9272,-26.1229,13.3477,84.1357,41.0120,4.9079,-70.6444,35.7046,49.8151,174.0877,-36.0000,-38.0471,-20.6635
-67.9837,-52.1488,-36.8442,-17.1310,-11.1504,15.4540,-28.4227,24.5628,14.5863,78.1919,42.3923,-7.8924,-68.8666,24.7490,48.9390,135.2866,-58.4445,-15.1421,35.3724
-49.3032,-80.0349,-46.5497,-37.0749,-30.1370,40.2752,-4.6736,61.8829,32.6270,68.1374,44.8485,-28.7345,-56.1852,22.0955,66.3712,113.5571,-66.8298,-32.7711,64.3298
-41.4885,-82.1800,-73.8742,-64.0389,-65.3466,38.4622,14.7569,60.5208,47.5061,30.8672,42.9604,-40.6469,-40.1612,23.1713,79.6912,110.4298,-50.7519,-59.3816,47.7703
-48.0968,-52.2107,-90.8247,-69.2476,-88.4741,13.4969,-8.8154,41.6633,64.8723,-17.5797,44.8178,-31.7285,-37.0235,17.3826,65.7195,92.1145,-29.8702,-67.6699,22.1160
-42.2452,-25.9105,-85.8022,-64.6786,-91.9764,-8.9262,-44.5899,16.7858,87.1027,-57.5797,44.0237,-22.3484,-33.7909,4.4993,48.1205,56.1346,-20.9846,-70.7731,3.3724
-12.1383,-16.5777,-54.5720,-58.9521,-60.7405,3.8899,-30.1457,-5.1969,91.6851,-77.3904,23.5243,-18.8767,-4.1828,-0.0929,57.1058,37.1849,-19.7005,-77.9184,-6.7805
7.4313,-12.2212,-26.5815,-63.1729,-25.8320,24.3276,11.3651,-8.8438,97.2986,-62.3130,3.8764,-2.3488,35.6848,8.8509,84.0870,54.5491,-25.9309,-98.0938,-1.4514
-8.4701,-11.6203,-40.5871,-94.0588,-48.8531,3.2917,7.8505,-10.2199,127.6646,-37.5764,34.5893,14.6020,53.6728,10.4256,97.7379,78.6343,-41.7119,-140.0875,-8.7431
-28.1601,-16.4510,-65.7063,-117.4034,-88.9342,-24.2345,-23.7517,-26.5195,130.7323,-43.9927,98.6689,7.6994,63.4438,1.3693,78.9928,69.0365,-47.8157,-161.2568,-54.2895
-21.7304,-13.9974,-49.1046,-88.5153,-59.0730,-1.4584,-13.3412,-41.1194,76.6568,-66.7440,118.3156,10.6041,92.7091,16.3911,44.2726,42.5302,-32.2122,-123.3679,-102.3749
-7.4234,2.5257,-13.8627,-48.9141,-1.7165,33.5271,26.1032,-55.9006,34.6145,-77.5328,88.8456,55.7331,124.4219,58.4874,35.4914,53.5756,-20.7054,-86.0996,-121.6136
-2.0669,8.2627,-5.2170,-54.8574,0.1767,24.7496,41.0320,-84.4209,37.3762,-80.8863,80.1627,87.3109,127.8359,76.5642,60.5374,94.3608,-35.4526,-103.1244,-126.2698
1.5551,-19.5059,-13.5873,-66.6715,-16.6759,4.5449,45.2874,-100.2996,23.8586,-76.3792,99.8255,53.7397,110.9100,53.5801,70.1121,93.0440,-56.4275,-107.7724,-122.6558
-1.7666,-44.4955,-18.4095,-32.9804,-3.8351,22.8858,57.6335,-103.5493,-25.4531,-77.1621,96.3648,11.1120,97.1262,29.5443,33.3009,30.8803,-53.1511,-45.9740,-118.5745
-13.2319,-21.7690,-17.7080,10.6669,5.7989,66.5055,44.4090,-143.1503,-61.4796,-117.1462,70.0273,20.3451,85.2388,22.9416,-9.4354,-26.1810,-24.0079,12.4710,-136.2266
-6.2663,15.3309,-2.1968,22.3694,10.1980,100.6163,9.7265,-194.6592,-74.4645,-160.6607,53.3159,48.4656,63.9317,21.2548,-16.0290,-30.2803,14.2486,11.6911,-146.1688
22.0299,24.0445,31.3818,27.9593,50.2024,117.8283,0.4262,-177.9265,-91.3982,-139.6231,34.9860,56.0731,38.1071,24.9090,-8.1630,-8.9898,51.5433,3.0922,-101.3041
39.9317,35.9446,70.3892,55.2360,106.9797,130.2136,9.9330,-107.5977,-109.5823,-86.1194,-4.8687,53.3559,20.7774,26.9855,-15.4140,-5.5297,78.6603,29.9625,-34.5178
46.4717,61.3157,103.8855,80.6907,139.7106,141.2616,10.6169,-58.7590,-117.1445,-68.3598,-38.0774,35.8763,16.9239,7.1220,-21.9426,-23.6364,83.6267,57.9196,1.2994
65.5692,45.5952,117.6266,75.8942,155.1900,133.3898,13.5921,-52.1146,-121.8265,-78.6676,-19.7728,-6.4794,26.4101,-23.1407,-16.7659,-49.6552,72.3760,51.4212,8.8382
87.5016,-0.2725,108.6265,53.2270,158.9592,100.5947,12.7201,-81.8853,-132.5700,-101.2192,51.7501,-37.4105,47.1193,-41.0368,-24.5206,-84.5669,62.5993,25.0724,-10.0527
93.1402,-5.2738,103.3372,38.9354,139.5404,69.9742,-13.0588,-129.7979,-145.5224,-144.0395,124.1457,-30.3891,65.1615,-54.4597,-46.5454,-121.8105,55.7604,5.1173,-47.8907
93.6089,16.9741,108.0432,26.9362,113.4956,55.6852,-29.9440,-133.8812,-138.2614,-166.9071,143.3451,-11.1644,64.2977,-60.6949,-41.0778,-119.8542,47.0530,-15.0367,-45.4181
95.5366,9.3981,93.0920,-3.5940,98.9830,42.6166,-4.8776,-75.3347,-95.4222,-130.1808,117.3113,3.6541,53.3942,-34.5440,3.1416,-54.4766,45.1315,-54.8622,7.6085
87.7871,-17.5408,60.5881,-41.7926,81.2043,31.4259,28.5668,-19.0359,-51.4302,-66.1750,99.5321,15.1426,54.3569,7.2081,41.0967,21.9838,48.3897,-97.1502,33.1838
76.9492,-45.9907,38.8148,-67.3918,48.7702,24.7333,39.9190,9.5738,-42.7553,-6.4804,113.7180,0.1527,61.3375,20.9226,46.0158,49.2896,38.1250,-112.7832,12.0636
76.0447,-86.3537,20.2690,-86.7653,15.7832,-2.6406,30.3203,38.4818,-35.7443,44.3066,134.9007,-41.4938,47.5202,11.6569,39.2031,44.3571,20.5015,-116.3716,3.6577
75.3752,-108.7204,-2.5468,-95.7889,0.4386,-44.1593,-7.5095,45.9506,5.3032,55.4191,128.1510,-59.8203,9.7657,8.3579,35.7189,42.3332,17.9321,-122.4352,15.9712
65.4648,-84.2849,-5.1234,-73.0988,7.0322,-51.1522,-50.1319,12.0527,41.7603,24.0876,80.4453,-42.4804,-27.2861,4.2962,30.8631,32.9311,22.2668,-104.3677,24.8523
53.7703,-53.8058,8.2320,-41.2136,21.8888,-25.6977,-46.0049,-6.1412,42.7245,14.6418,21.6857,-32.2708,-43.7898,-12.1382,31.2423,15.8809,19.0052,-69.0989,49.4675
42.0080,-52.4244,8.3812,-38.9535,30.3517,-13.9430,-10.8865,22.1580,40.5738,54.8110,2.3184,-34.2974,-37.6687,-23.2318,39.3135,15.5489,13.6326,-62.5609,91.0933
24.4159,-62.4985,1.9471,-46.2400,33.1565,-14.6053,1.5684,47.8128,57.6265,101.3300,17.3753,-21.4192,-20.8898,-20.3591,39.1704,16.7032,-4.0328,-70.8872,113.2480
8.1713,-74.1013,0.2820,-39.8891,27.9476,-3.1716,-1.9541,46.8761,92.0414,131.4321,3.1877,-18.6876,-13.1863,-26.1006,39.6118,-2.8233,-44.2343,-60.3179,115.8290
6.1046,-85.8842,-12.3026,-50.6141,2.4209,7.4687,-0.0883,45.2580,147.0665,155.2363,-62.4069,-64.0350,-25.2069,-52.1102,66.5052,-9.3494,-66.0335,-64.0673,112.8208
16.3283,-75.2130,-29.7688,-77.7193,-33.1760,6.1494,-9.2244,44.2150,185.7409,162.4117,-130.6402,-116.7586,-49.1006,-71.9239,94.4518,15.5736,-32.5790,-89.8572,87.3295
23.7105,-40.5050,-28.9237,-72.7002,-48.5444,3.8455,-20.6007,27.3087,162.1226,144.1809,-161.8557,-111.0593,-64.9031,-62.7671,81.5592,29.1033,16.3688,-81.2191,50.5868
14.8734,-15.1298,-26.6045,-49.2413,-39.9814,-7.6316,-3.5785,3.5435,127.7209,121.4632,-157.7948,-61.8633,-53.3536,-44.9995,56.2511,16.8279,26.1842,-54.3229,45.3005
-9.3380,-19.8798,-51.7640,-58.9381,-35.3730,-36.8961,25.4472,-11.5647,151.7115,108.1893,-129.3802,-30.7870,-20.7994,-40.7776,63.5772,15.4626,-0.0711,-71.6925,61.0565
-32.5136,-44.6543,-88.9769,-79.1486,-52.1422,-56.9790,36.8931,-17.6169,180.9116,92.2418,-94.2769,-27.7891,-3.1677,-31.2012,77.3222,29.9008,-29.4435,-93.1838,53.6003
-37.7050,-59.1125,-102.4565,-66.6333,-68.1404,-46.9482,36.0495,-18.4156,150.4514,65.3305,-77.0553,-22.8134,-12.8153,-5.8511,62.1995,32.6445,-32.6888,-65.5441,29.6638
-24.5666,-42.1453,-80.0015,-44.4703,-43.3796,-23.0698,34.2802,-9.6590,114.3499,44.3631,-81.0829,-16.1578,-11.4614,4.7779,46.0728,25.6168,-6.7088,-42.3233,24.0306
-6.2295,-15.5077,-37.7097,-35.7304,14.8022,-5.3597,36.9799,15.9771,113.3947,44.4839,-86.5429,-23.8482,20.0573,-4.4038,51.8945,26.5616,11.4652,-51.9092,30.6610
12.0710,-5.0218,-1.6728,-22.4153,45.7106,1.2836,40.0194,41.3393,84.1275,40.3120,-73.7973,-33.9385,40.2246,-0.8041,47.3029,30.3193,11.3590,-41.0761,14.9756
37.7589,6.8700,19.4563,-9.5113,27.7636,-3.6004,15.8816,31.6309,7.1482,2.6327,-38.5484,-36.9394,22.0420,8.4023,14.7333,22.3034,38.9706,-16.5739,-29.7617
67.9249,30.0751,36.6417,-15.2737,7.0437,-15.6340,-36.4353,-2.4440,-38.6124,-38.6446,-3.1855,-43.0034,-2.4518,-7.0282,-15.6028,-1.9892,90.0850,-26.1818,-65.1596
85.4290,42.6529,54.0839,-17.7543,8.6422,-24.3569,-63.6895,-9.6363,-26.7494,-43.9113,3.1649,-34.8794,-4.7964,-24.0943,-27.0680,-36.8353,99.1345,-38.5870,-51.7400
86.2839,53.7351,64.1154,0.6411,12.0080,-21.3771,-42.9202,11.1490,-20.9839,-38.4949,-11.7193,15.8919,5.1344,-11.8001,-39.3514,-71.3515,82.8824,-18.5501,-1.8486
82.3169,83.5300,61.0545,16.0400,13.1590,-5.8709,-12.7695,12.6095,-42.9726,-50.9944,-26.4692,79.1986,13.6928,5.6856,-60.4148,-98.2015,114.6026,-2.8010,40.0454
78.0255,104.9504,48.4219,19.5753,20.9826,13.9176,7.6986,-11.9427,-47.1292,-55.1315,-58.8252,107.2151,16.9497,7.3292,-70.0778,-114.1585,162.7836,-3.0138,57.6847
73.3747,109.0955,45.1608,37.7026,28.5409,31.3831,30.1291,-32.6088,-29.3320,-49.8095,-121.0930,120.6348,15.5722,12.9345,-64.8349,-123.4973,157.7216,20.1485,64.5624
70.9999,133.0272,66.7571,76.5500,43.3972,54.7128,47.7157,-38.6744,-34.2529,-72.9124,-165.0851,160.5316,24.4164,32.0314,-69.2303,-136.9134,133.3906,64.1515,68.9556
62.8667,160.6425,89.5380,103.6475,72.8761,86.5584,53.1086,-28.6980,-58.4573,-99.9024,-148.7565,206.2256,50.8469,56.0475,-83.6302,-140.0733,131.6114,85.9164,69.1535
45.6191,138.7101,83.0993,96.5962,82.7150,99.8966,45.6566,-7.2262,-61.4164,-83.1829,-97.1614,213.2828,64.1538,81.3922,-81.8626,-106.2114,115.8735,75.7077,56.1330
39.4214,91.3725,70.6286,80.8472,60.4128,75.2454,6.4231,-1.4815,-59.9526,-62.1025,-46.4221,174.9652,38.2378,89.6781,-76.1902,-67.5731,78.7144,68.1129,17.3118
47.1739,74.8794,85.7131,94.0098,58.4313,48.6070,-59.8778,-20.1300,-90.8274,-82.5187,-2.2423,120.2888,2.6600,67.0288,-100.1429,-78.3626,63.2418,91.7908,-34.0073
40.8807,74.0216,105.4941,120.3669,98.8582,66.2530,-100.9473,-37.0955,-111.3714,-100.7055,24.6676,91.4611,-2.5223,48.9555,-122.4390,-98.6855,61.8415,117.9740,-59.7327
19.7515,50.7308,94.3375,115.2757,128.4682,101.6514,-91.6697,-46.1524,-72.8732,-82.5719,19.3815,97.7449,9.6548,64.9880,-92.2123,-60.3556,40.2596,100.7112,-52.4299
5.6061,16.3874,58.6224,90.0767,110.5055,92.0734,-66.4378,-56.7297,-29.8773,-65.1673,1.1749,91.7371,3.5321,77.8589,-51.3849,-13.6498,12.9943,74.2685,-44.8785
-13.1945,2.0809,23.1365,89.7817,69.9094,53.2926,-53.5466,-54.7178,-43.5308,-65.9471,-0.7710,52.0415,-15.8132,54.2746,-64.4876,-34.7660,0.8744,100.5316,-51.3271
-42.8754,15.9724,6.5391,107.7626,43.1398,57.3537,-42.9540,-41.3694,-74.8179,-71.9641,2.3634,31.7891,-19.1219,26.8097,-92.5484,-77.0535,-4.5455,143.3412,-49.9286
-44.8073,35.1204,15.7084,113.5839,43.4629,100.8718,-18.3581,-42.3893,-78.4818,-94.1041,-19.2045,51.7369,-8.8628,27.7490,-74.5604,-75.2550,-8.6906,144.8406,-28.1693
-14.3268,33.0734,32.6110,115.3513,55.4331,117.7057,19.6586,-45.1402,-79.1329,-118.9568,-59.5716,60.2454,-6.0219,37.9626,-42.7675,-63.2258,-13.3558,140.4948,-1.9160
0.1346,26.7832,39.0130,123.1360,57.6016,103.9185,52.4664,-28.3367,-87.8080,-102.5963,-90.2848,49.7865,-3.1979,33.8238,-42.6131,-78.7127,-19.4214,158.5951,14.6100
-4.2575,42.1837,49.0899,121.3804,65.8537,100.3501,62.1708,-21.2644,-68.4048,-59.5436,-109.9361,57.8077,16.0830,19.5315,-46.0145,-95.0407,-19.3237,152.3215,26.0486
7.3835,49.3353,70.8494,106.8928,97.2585,95.9514,52.7466,-32.6573,-18.3465,-33.0629,-123.9036,61.5792,37.2314,5.6243,-24.2856,-90.0936,-24.9439,112.7888,35.3229
20.3818,24.4950,79.0879,85.9113,109.9154,64.9476,34.9493,-17.0424,17.2983,-12.2942,-103.1802,35.5792,40.7542,1.0928,-2.0079,-65.7869,-50.9331,79.5696,32.9249
12.4303,7.6723,65.6804,53.3755,74.1760,29.3978,13.2794,26.8446,15.7086,15.3576,-37.9091,30.1944,32.3194,15.4362,3.5013,-19.3255,-64.4326,46.9980,24.6939
9.5060,9.0888,47.7273,16.4766,37.1662,8.4922,0.2556,56.3983,2.4053,29.9734,18.7918,60.9418,16.8770,40.7637,7.9914,31.3634,-37.9478,1.6627,40.4955
17.5556,-18.6584,19.2987,-13.4855,24.8348,-11.0328,7.2911,77.1958,10.8873,44.9726,35.7009,59.9454,-5.4551,50.5904,19.8678,53.6861,-10.9906,-32.5878,83.3648
5.0503,-66.9949,-28.6237,-47.0265,-5.6802,-34.8310,22.2281,101.8446,36.2803,78.4609,49.2937,6.4501,-18.2737,29.5193,32.2051,52.3292,-16.7213,-54.2818,105.7105
-21.4869,-84.2369,-68.3238,-80.5186,-60.1106,-60.8628,19.3324,93.1973,47.7866,93.6732,75.9560,-55.3623,-20.8708,-14.8772,38.9103,46.4718,-33.6322,-74.4591,77.0936
-34.4077,-86.2173,-81.9676,-91.3735,-98.6757,-88.6268,-14.5925,46.2789,46.2941,80.8365,92.4507,-111.1104,-41.0377,-66.6363,34.1555,24.9198,-51.1931,-75.4435,33.2153
-45.0133,-110.0084,-99.1238,-94.4217,-132.0435,-102.4063,-61.9297,9.4422,63.3316,85.7603,103.4553,-151.1102,-75.3610,-104.9856,19.0785,-16.2248,-73.8199,-66.8731,17.0582
-64.1979,-133.3054,-138.9160,-114.0572,-181.4254,-97.7993,-82.1926,-4.8934,101.3166,101.3757,109.5567,-147.4445,-90.3833,-107.8540,12.1685,-39.0845,-81.9264,-79.5698,18.1681
-73.8644,-130.8565,-168.8335,-118.3840,-202.8960,-92.4207,-61.2345,-8.6443,123.8851,79.2609,75.0200,-124.9366,-88.2468,-76.4606,24.1942,-16.2960,-73.8725,-80.3001,7.6599
-70.9554,-108.1315,-149.1182,-72.3027,-158.5202,-71.2523,-31.4656,16.9572,99.2803,34.9198,16.3093,-119.2553,-85.2312,-37.5354,32.6432,21.8694,-72.4191,-25.7089,-7.1636
-64.7736,-68.9096,-79.1346,-4.6895,-74.6291,-6.4188,-12.7016,73.5980,32.7314,19.6195,-2.2472,-95.5270,-65.2063,-6.2449,20.2889,39.0135,-74.4882,43.6303,3.5576
-52.6033,-35.4060,-1.4817,39.3066,6.5614,66.5058,9.9874,126.8642,-27.2200,41.3697,14.1630,-34.7935,-28.4626,28.0159,12.0776,54.5864,-75.6816,73.3059,42.0654
-45.9642,-35.0422,29.7953,53.3005,52.4926,96.8666,32.5864,159.2404,-38.5821,65.5228,20.4891,16.1896,-7.0181,72.8496,23.3720,93.9329,-86.0885,74.5438,68.5444
-58.6724,-36.0910,13.4636,57.4922,51.5285,99.9872,36.6146,160.6693,-33.2793,51.9525,23.3967,47.5735,0.9467,112.4809,20.4849,119.8142,-83.6811,79.3978,49.1225
-66.5829,-6.3238,9.4324,71.2148,43.5018,107.3941,31.1990,121.5571,-59.9036,15.1655,29.2950,78.5426,12.8883,119.6681,-9.2751,95.3250,-56.3043,95.6102,13.2847
-52.9707,11.9488,41.6909,88.1139,65.0412,114.0612,28.3998,86.5606,-84.2128,23.3783,14.7162,79.3502,9.9706,89.5900,-20.8016,61.1212,-50.0966,109.0116,21.9849
-46.5260,-0.6892,55.2057,84.5506,81.8246,112.3875,28.3341,106.2094,-59.8896,68.0373,-10.3481,53.9575,-8.8992,62.6215,-0.5986,61.3908,-66.1090,101.0387,72.2615
-55.4355,12.0461,21.8306,67.6059,60.4464,104.0891,45.7044,139.7296,-25.9385,58.3546,-35.6313,69.6046,-7.2221,77.0577,7.3526,70.4099,-36.9886,82.6691,100.1300
-47.7313,63.0713,-4.5659,62.9708,29.7462,86.4037,83.3358,127.7231,-27.8620,3.0444,-85.8293,113.6655,12.6159,100.3579,-4.9341,58.5380,28.3694,79.5813,84.4127
-22.7422,104.2172,6.4732,60.9036,8.5799,60.9004,107.9281,91.8760,-48.8986,-15.7249,-131.7315,112.9964,22.1558,75.9732,-12.6126,28.0602,63.7054,80.1189,62.7457
-9.4663,129.5968,14.4570,46.2640,-17.4830,28.3867,106.9628,66.5566,-70.0530,-22.9635,-117.7759,86.3567,33.9661,23.1089,-29.5426,-23.1537,81.5659,66.9894,47.3569
-7.8834,156.0943,3.0165,40.4128,-33.8779,-4.2725,102.9032,41.6536,-85.3659,-65.0932,-93.9771,83.7151,55.1770,1.4031,-59.1444,-69.1251,112.8217,62.2698,17.2604
-1.9870,168.0142,7.8726,52.9314,-13.7078,-5.5788,90.3895,16.5043,-80.4405,-85.3958,-123.9222,77.2545,53.9432,9.6916,-62.3675,-59.7586,132.5304,72.1400,-20.7517
11.0983,162.8162,38.7351,58.4814,27.8507,25.9041,49.1525,1.1558,-74.2311,-64.5981,-138.0013,47.7442,33.8886,4.4259,-48.4532,-27.4800,143.4445,64.1997,-41.3781
30.8395,148.1924,63.8922,44.1681,54.0257,34.0031,5.4379,-15.5903,-93.0584,-58.3908,-69.4834,22.7428,33.0693,-25.5210,-59.3779,-48.2784,158.9632,33.0866,-41.9986
44.4950,103.6944,60.9780,16.6605,43.2646,5.9569,2.5779,-28.7582,-99.6728,-48.9806,8.8929,-6.7367,49.8612,-58.3298,-64.4457,-89.7117,129.3631,3.4162,-36.8609
32.9754,46.8445,33.9315,-15.0300,0.0388,-8.4163,37.1964,-24.5106,-73.3886,-9.1903,26.6980,-52.0995,65.8980,-74.3074,-31.8879,-80.9170,57.5258,-14.5640,-49.5001
15.7987,32.9888,3.9701,-34.8393,-45.2164,-12.8382,65.8458,-34.8666,-67.9132,-3.0406,21.1048,-77.9484,80.1176,-76.5362,-14.8928,-62.0942,34.5140,-20.3996,-92.8422
26.4177,34.8173,-9.7745,-44.1543,-72.7222,-44.2290,59.2196,-79.7136,-82.6576,-31.4316,27.1054,-84.6015,71.6118,-86.8168,-26.9542,-79.4037,52.4826,-25.3635,-124.7373
46.4477,-7.5364,-15.8541,-64.1391,-94.8756,-69.5865,30.3236,-108.8872,-49.4529,-12.6141,21.5886,-101.8794,23.8965,-101.0424,-5.3839,-76.7384,26.3170,-48.9802,-98.4853
45.0816,-46.9584,-26.2535,-81.9957,-113.2010,-56.1323,2.8048,-98.4124,13.6737,24.9012,-4.1180,-100.7426,-23.9349,-86.6148,37.4747,-30.4164,-13.5534,-73.8564,-56.6822
38.9744,-31.4404,-28.5388,-76.6943,-116.8257,-43.6693,-17.6861,-95.8442,39.8122,9.1213,-24.1728,-62.5093,-35.4126,-54.2767,43.9441,-2.6272,-10.1339,-76.0524,-57.4311
44.0769,-24.2934,-27.6364,-81.2916,-121.5163,-49.4619,-17.6353,-108.6634,49.9996,-6.2343,-21.1265,-38.5045,-25.0344,-44.1305,46.1070,-3.2074,-11.5038,-87.7009,-62.3662
44.3854,-59.7067,-44.0513,-111.0574,-129.0750,-43.6215,17.4871,-85.3517,71.0617,32.7628,-3.8462,-37.4102,-6.9240,-37.3449,70.7294,11.4002,-27.8640,-121.9937,-29.7895
41.1438,-65.4609,-49.5635,-110.4808,-106.5299,-33.9113,47.9926,-29.9910,59.4723,69.7988,3.7576,-15.4966,13.8886,-4.6605,59.3331,25.0077,-0.7573,-120.0538,-5.7517
45.9492,-26.6415,-16.3024,-68.7420,-67.4725,-37.3152,25.2236,-3.7437,24.6042,67.8790,-7.6496,4.1997,11.8935,9.8851,16.6682,9.4512,30.9246,-74.3117,-15.9275
38.9411,-14.1013,3.9969,-55.0635,-65.8911,-33.5858,-13.2403,-19.2706,33.3736,62.3101,-17.7727,-18.3200,-14.3860,-20.9182,22.9970,5.6009,2.2341,-61.5280,-16.7534
9.6954,-34.7594,-25.4328,-84.4539,-90.3675,-30.0133,-6.5847,-30.6965,69.6214,85.0162,-14.9928,-46.0189,-27.5632,-46.3335,64.2718,40.1438,-30.4938,-94.1845,2.8841
-12.1671,-44.4779,-47.7568,-100.1660,-87.8537,-53.1739,25.1021,-8.8665,80.6799,140.3309,-20.9577,-60.4320,-18.5430,-51.0252,75.1242,68.2836,-29.1384,-106.5574,15.7373
-12.0527,-47.8848,-32.1082,-91.2318,-64.6997,-75.4316,34.3673,21.8381,87.1685,183.5966,-41.1360,-100.2532,-10.0806,-71.3448,75.3970,65.1621,-46.8491,-90.9114,14.3175
-5.7376,-54.2797,-27.6487,-92.7066,-60.8233,-73.6797,13.7108,18.8052,106.2642,149.2155,-41.5229,-141.1277,-10.8405,-85.8626,90.1977,66.9057,-64.4343,-94.6117,-10.8723
0.4922,-44.8903,-48.6591,-103.5240,-79.9035,-82.0752,-26.2914,-9.3118,107.9275,72.4776,-16.6176,-125.0075,-27.7429,-59.2968,85.6673,87.7747,-28.5484,-114.0796,-48.4557
-0.5794,-35.0902,-64.0276,-94.7075,-100.2516,-99.6044,-61.8659,-9.9810,104.5318,41.1492,-10.7505,-88.0805,-65.1926,-34.6687,61.5196,83.5345,-3.9269,-102.2639,-35.8503
-26.1635,-47.4644,-76.8416,-61.9581,-105.2238,-74.7708,-70.9328,11.5555,122.5787,29.2805,-28.1316,-86.4883,-90.9711,-47.2900,46.3893,30.2124,-43.1608,-52.1116,20.3081
-62.5052,-49.6047,-88.4811,-29.0380,-98.7252,-15.0988,-76.9748,-5.5632,119.9001,-22.8880,-13.8996,-88.1840,-79.7608,-60.1825,29.8012,-21.0943,-76.7309,-7.8319,19.5636
-77.5759,-22.2234,-71.2283,-12.3396,-95.1651,24.7464,-101.9048,-50.7878,73.0375,-67.5748,32.8792,-61.8746,-63.2912,-50.9533,11.0601,-17.0565,-74.8616,4.8597,-38.9810
-75.2478,-3.5296,-35.2457,6.4572,-75.3562,45.2846,-112.6276,-56.8386,34.1629,-60.9951,44.4968,-36.6525,-67.7004,-36.2869,9.1310,11.8938,-81.0053,19.0056,-50.1851
-72.3543,2.1367,-9.8248,51.4581,-10.9664,81.0643,-94.3622,-32.4185,12.6350,-51.8068,9.0982,-15.8144,-68.9714,-17.6532,-5.7981,0.5363,-67.8017,66.2691,-9.4728
-59.1356,38.5686,20.5892,105.2130,62.1860,126.2324,-78.2332,-25.5484,-37.3809,-69.3844,-26.2793,23.2070,-54.6330,2.6195,-53.2689,-44.5854,1.4579,120.1441,10.8068
-34.7741,94.3450,61.7943,134.4244,93.0417,155.3022,-67.3770,-20.6914,-95.3184,-88.3479,-56.8664,54.6376,-48.0898,11.4906,-78.2953,-58.2582,63.7592,145.8942,13.0414
-21.8170,114.1564,79.8096,139.7594,102.8197,169.5631,-56.6687,-4.2632,-111.6106,-98.7083,-84.7291,52.4675,-54.3051,20.8580,-62.1590,-25.7215,79.8288,148.5265,14.1047
-17.3184,103.1256,81.1721,138.4035,127.5569,179.6487,-64.0417,-6.4665,-114.4509,-98.5296,-71.1639,47.5449,-45.9060,36.7907,-63.6453,-8.2812,96.4959,141.0466,-7.5077
3.4114,105.9198,100.0129,134.1993,149.8423,171.8610,-61.9215,-9.7576,-136.5912,-81.7295,-34.7145,60.8175,-10.4991,35.4344,-93.3880,-44.9911,125.0078,128.9272,-20.6672
33.5299,117.1388,113.0760,123.0889,146.6856,128.5350,-18.4829,21.6401,-141.4339,-64.6671,-42.3956,68.4728,20.6900,22.8716,-100.8548,-83.9054,135.5326,117.4478,10.5653
45.5798,104.3051,88.3155,98.8485,115.1787,75.4581,9.1768,44.4046,-120.3344,-60.9880,-63.6116,58.6893,10.9621,29.6083,-80.2104,-62.3976,134.0603,98.2551,27.5741
38.7108,73.8670,55.0411,66.8441,59.8383,60.3858,-9.4622,26.5449,-121.0275,-66.5937,-27.9914,44.9070,-15.9098,42.9947,-64.4703,-18.2747,123.1577,71.9552,-6.3004
29.5344,47.4986,40.6412,47.0983,18.1583,76.7797,2.1389,21.5937,-132.4089,-79.0843,27.9784,39.2447,5.5936,42.1645,-57.4091,-24.8241,82.3173,59.3151,-28.5234
20.0294,19.0563,25.9478,33.5768,24.5470,73.2512,58.4019,42.3015,-96.7985,-79.6353,58.6409,50.9694,76.3781,47.4597,-43.9579,-53.0306,27.9186,43.0104,-15.7317
8.8077,-23.1284,2.9514,2.1137,45.4853,43.6641,75.7863,35.4320,-33.3289,-50.8860,97.5530,66.7628,122.2305,66.0072,-20.0980,-30.9606,-9.9019,-7.5014,-17.1411
10.2819,-66.1690,-8.5808,-26.5649,44.2670,30.5804,59.4590,12.3669,-6.0582,-26.8190,126.9866,53.1827,113.5364,75.2775,8.1436,15.3390,-33.8441,-47.2647,-33.6655
33.2586,-86.9867,-5.0510,-19.8104,42.4572,43.3733,77.9211,16.4827,-13.6150,-38.7720,87.4489,25.1224,95.3624,79.2393,24.6007,19.9664,-38.7615,-30.3578,-30.3156
58.9963,-81.7133,4.0220,-0.9709,51.6414,49.9691,97.8520,18.0512,-25.2409,-58.0706,39.3863,30.3439,91.7278,90.6398,15.7558,-3.7226,-16.7376,-4.2871,-23.9933
66.0432,-65.2193,22.2320,7.4062,54.2735,38.7937,60.1780,-10.5275,-53.1229,-64.1593,69.6078,50.5709,82.5887,89.8049,-13.0321,-17.8441,0.5128,-0.2906,-46.7134
60.9078,-39.8141,52.1944,27.9471,60.9580,28.0175,1.5586,-34.8551,-99.0718,-76.7953,116.0855,42.9619,63.8558,67.4662,-46.9125,-31.6830,1.7398,21.2815,-82.5995
58.6550,5.6176,78.5052,56.3244,80.9377,23.5488,-25.6067,-44.0100,-117.1748,-94.2973,95.3608,42.5874,53.2181,48.7142,-68.1245,-48.2669,20.0524,49.2161,-93.2437
51.8664,48.4267,78.3033,57.1871,86.2329,8.8497,-18.1712,-61.3244,-91.5157,-99.2472,54.9334,84.2110,55.7456,46.8245,-62.5397,-45.0294,41.7327,36.6534,-68.5303
30.1132,41.6063,43.1746,35.0319,63.6435,-22.7350,14.3142,-78.8892,-62.9644,-95.8100,53.8756,109.9786,57.4276,49.4832,-36.7410,-20.3414,21.9468,10.0478,-38.1264
9.8573,-2.4164,-6.0810,10.0136,25.4593,-53.9814,47.0696,-75.6899,-50.7312,-81.8567,56.6377,74.8815,38.7380,45.1157,-8.2427,12.6125,-8.3469,0.3604,-27.2995
9.7900,-22.4374,-36.2387,-18.0703,-15.4428,-70.6863,51.5102,-44.3554,-25.6836,-45.4428,21.7315,26.8951,4.5867,33.4636,14.2625,39.7000,2.1533,-16.4644,-14.5011
14.1490,-16.5534,-40.3542,-34.8593,-28.9421,-72.9085,50.8291,14.2947,31.0820,9.0114,-34.7670,12.0876,-6.4774,26.9671,31.0986,46.2866,13.2039,-34.9919,24.5921
-3.8214,-30.4211,-42.6519,-32.4586,-6.1044,-57.5578,78.4060,62.1817,98.6996,70.1704,-84.5416,14.5670,13.2839,33.8696,57.1478,56.9460,-26.5815,-35.1440,66.4049
-34.5968,-58.9123,-56.7433,-41.6665,0.2805,-33.0808,103.3780,61.0812,141.2431,120.8892,-111.0883,2.7034,13.1918,34.5385,103.8239,108.5083,-78.6438,-46.3496,83.0019
-47.0022,-73.0006,-64.7411,-66.0654,-32.0503,-32.2076,84.0836,53.3125,137.7156,142.2185,-92.5018,-35.7571,-20.6349,11.7807,132.9805,154.4435,-98.5579,-69.5034,77.6973
-38.7790,-84.6634,-53.3005,-70.2664,-51.5561,-56.3004,37.4114,76.7025,104.6411,137.3417,-20.6292,-77.8450,-31.8019,-13.8846,103.1873,123.8933,-107.7675,-64.0795,54.9190
-29.7085,-101.8590,-39.5704,-60.6005,-40.7733,-61.4238,1.6435,71.0796,84.5559,106.9936,56.8682,-87.8700,-6.3092,-22.5235,62.3587,62.6976,-123.9363,-52.5299,20.6202
-23.7857,-110.9836,-43.6020,-66.9113,-35.5828,-46.6673,-10.8962,16.1509,95.7063,49.1751,75.2939,-85.2708,-0.3994,-23.9810,77.3335,61.3404,-132.6823,-71.6153,-0.6637
-24.9520,-130.0224,-66.1797,-79.8395,-44.8224,-58.6783,-3.8874,6.0248,122.5633,23.6611,48.6563,-113.6275,-25.8916,-23.3709,117.4128,105.0741,-146.8424,-85.3040,4.2985
-52.9536,-172.7685,-102.9457,-90.1701,-68.3918,-87.9616,24.2561,64.5239,152.7024,80.5294,42.2588,-144.0806,-31.3933,-15.4407,131.5192,129.7993,-193.2230,-74.8183,23.3005
-95.1030,-198.6798,-143.0606,-104.2958,-111.5933,-86.4093,72.1594,93.5523,176.8289,135.6329,50.6791,-129.7750,-5.0826,-9.3319,136.2568,123.6755,-243.7840,-71.3709,42.2634
-102.1470,-186.0320,-155.9878,-96.4381,-127.7556,-64.2764,111.6129,67.7112,175.2147,107.7508,19.4671,-102.9197,9.9043,-9.0160,138.5531,96.7530,-246.4059,-57.9390,53.7524
-71.1156,-162.2643,-124.1824,-46.0371,-77.2295,-47.9512,106.5378,57.2438,141.4494,64.0603,-37.6199,-97.3932,-8.4374,-1.4063,109.7793,59.2856,-202.8156,-2.8620,60.1402
-50.2466,-128.3624,-72.2614,11.9330,-8.6382,-17.8106,67.5646,61.2258,88.5104,51.0689,-62.3905,-80.8541,-36.4739,9.2516,66.1128,37.4408,-151.9282,54.1349,67.8622
-47.2414,-75.2905,-28.6989,41.8480,32.1363,21.8500,39.1548,28.5179,31.1940,13.8269,-43.0285,-45.3560,-39.7155,2.9638,43.1221,29.9392,-112.6584,69.3708,66.0639
-29.7275,-42.5834,1.9305,45.3439,58.0617,26.8186,26.3082,-7.3390,-2.3821,-20.9031,-7.8392,-32.8880,-14.2561,-18.5183,23.5259,-3.6549,-81.8725,56.7500,50.0518
-3.2562,-47.6777,19.0391,35.5284,64.0373,6.8032,4.7650,11.3505,8.6428,23.6369,8.8500,-46.5223,7.5248,-37.6929,-12.3579,-66.1090,-58.3026,44.3488,42.9782
2.8023,-41.8931,29.6887,32.5145,45.8195,7.1665,-11.0220,48.2737,22.1333,88.1776,-5.9127,-52.4072,12.6659,-47.3456,-39.2463,-103.5472,-47.3385,49.2142,40.9913
-4.6773,-9.0076,49.7035,42.6004,47.5004,11.4499,-2.8873,45.2584,-7.2915,92.9941,-11.6212,-48.8785,25.4125,-50.9591,-41.0388,-85.7478,-46.9192,61.1831,12.0644
-0.3381,3.3677,63.7752,33.5973,64.6602,-22.2195,-10.3253,24.0822,-33.0465,85.9201,21.8634,-59.8982,32.9002,-57.4487,-34.8848,-48.7126,-39.1915,41.6252,-22.2156
14.9148,-20.9063,40.2642,-0.9040,32.9099,-74.0006,-57.1535,19.9140,-5.4376,94.1056,43.5150,-85.9400,-8.9391,-68.3218,-34.1464,-41.5115,-18.6914,2.5574,-18.5200
15.7891,-39.6874,-3.6033,-11.6226,-30.2985,-93.6793,-80.4180,9.2452,22.4118,59.8120,18.0630,-92.9294,-64.3115,-67.9083,-34.0362,-58.2140,-15.7217,6.3700,-0.2906
-11.9505,-19.7144,-26.8579,12.5800,-53.7878,-74.8339,-37.6797,-22.8186,-2.7140,-10.1962,-3.1175,-62.5650,-59.2841,-57.0317,-30.1788,-63.0136,-37.0311,45.7293,-3.1948
-38.1550,24.3310,-27.3149,29.3661,-47.5834,-53.5646,-5.0687,-40.9649,-44.3561,-52.0244,4.3201,-43.6272,-30.5977,-68.1741,-38.8252,-71.8742,-25.5701,64.8517,-11.5987
-20.6234,51.3479,-9.6916,36.4323,-38.3699,-51.6875,-44.7896,-30.4049,-66.0081,-54.5923,-3.2632,-80.2664,-51.8587,-103.3959,-69.9836,-112.1045,32.7851,72.9678,-13.0190
19.4677,51.3679,34.2205,54.2015,3.2035,-51.4137,-78.9727,-19.7188,-76.1009,-30.2714,-33.9287,-114.8089,-74.8278,-115.1152,-82.7934,-125.2552,60.1603,87.6402,-17.5367
27.8084,61.0727,72.1542,54.4514,52.2463,-47.1256,-41.1618,-25.4919,-67.0846,10.2357,-56.7770,-86.9527,-34.5880,-89.2433,-44.7864,-59.3528,35.2681,67.8015,-32.7287
13.0817,89.3982,59.9121,17.1414,32.0377,-74.7886,-12.3125,-44.0355,-28.8389,29.5378,-65.9112,-51.0039,9.0762,-66.9098,-8.2433,10.5819,31.3765,11.5291,-75.9145
13.3176,91.1218,20.9827,-17.0594,-26.6868,-132.9502,-50.5178,-67.4530,11.7867,16.0966,-61.8488,-56.5188,-2.5928,-60.3596,-16.1903,17.9891,53.0277,-22.3404,-132.1012
15.0725,56.7101,1.8006,-19.8925,-30.4446,-155.2679,-65.7178,-73.9767,28.8026,6.7700,-47.2223,-55.7319,-20.3477,-41.0248,-16.4104,25.6376,38.2015,-22.6808,-133.4016
2.5626,35.5254,-3.7106,-13.6210,-0.1353,-125.7293,-11.1360,-57.9949,18.3206,10.5873,-45.5846,-27.9879,-9.5223,-12.2986,13.6088,67.0187,15.1642,-19.7059,-85.1181
3.8500,45.6764,-11.0467,-13.3082,-12.2224,-101.9828,12.3694,-51.6302,-8.0918,3.8744,-55.8963,-15.4753,-7.7017,-2.0885,8.2794,65.8851,44.4050,-13.5567,-79.4270
25.9554,57.9353,-5.4088,-9.5803,-45.9572,-93.9633,-41.0594,-61.9621,-15.7892,-15.5946,-54.1867,-17.6056,-22.7494,-3.9209,-34.7788,11.0883,81.4118,-2.2744,-120.0728
39.4420,58.4914,9.1543,-4.2934,-49.6176,-67.7892,-80.8349,-57.3569,8.9398,-40.8252,-54.1466,-16.4755,-25.8349,-0.2203,-39.6549,-12.6206,73.2607,-2.0438,-130.2166
36.4089,48.3025,3.9826,-10.7260,-47.3859,-44.2513,-59.2370,-36.4144,29.2461,-59.6116,-70.1854,-36.6713,-23.7269,-2.1385,-2.2661,12.0394,49.8320,-10.8185,-108.4458
25.2231,18.9220,-20.4123,-29.3423,-68.8758,-50.2957,-28.3161,-15.1964,29.2631,-41.9660,-68.4593,-73.1535,-36.2314,-13.6371,26.5997,39.8571,27.2244,-19.2549,-85.3150
6.9186,-22.8526,-39.2600,-44.3965,-83.1608,-53.4455,-21.6081,16.9312,26.7661,1.5117,-31.1831,-83.9231,-57.9444,-10.0610,42.0953,71.1445,-5.8353,-27.3947,-46.2910
-6.5729,-45.2961,-41.0250,-37.2098,-60.2926,-38.0459,-24.9241,51.2157,3.7300,14.2490,7.6915,-67.8660,-78.5875,19.0280,47.0326,115.5244,-13.7004,-21.0569,-9.9138
-6.5113,-24.0580,-23.4526,-5.3489,-11.0066,-30.8345,-28.3799,56.1850,-44.9240,-4.1552,13.3576,-34.1516,-87.5714,54.0364,27.0152,145.2532,24.0928,7.4613,-9.5785
-2.9273,27.0824,11.6264,27.5461,37.1676,-30.2850,-34.0538,40.5790,-59.0166,2.5346,-19.1373,22.2413,-75.7265,73.1055,2.6878,144.5228,58.2536,28.2487,-13.3539
6.0573,62.6846,44.1152,36.4723,51.7490,-22.5728,-42.2949,20.7721,-32.3523,32.0046,-54.8998,63.9916,-53.8694,67.9786,-6.3184,116.6385,61.0563,23.0208,-12.1277
23.9729,62.9449,52.7922,30.2448,28.8220,-16.9587,-42.6378,-15.1241,-35.2590,24.2998,-48.7483,66.2296,-30.4479,52.9275,-21.5009,64.7503,57.1465,18.2897,-43.8235
27.4915,59.9241,43.8509,31.8265,13.0229,-3.9856,-18.9156,-46.4167,-55.7350,-19.7130,-29.5750,76.8567,-1.5062,52.6447,-33.4776,25.1734,52.6442,25.6571,-66.8595
6.8596,67.4195,24.8156,27.4309,12.1634,22.8380,15.2521,-42.6680,-19.4147,-26.3913,-64.7625,101.9443,6.2611,57.7899,-3.0419,40.0337,41.5418,14.6761,-22.4292
-17.9259,50.6662,-20.8941,-9.5982,-30.1251,22.4036,27.1041,-31.5308,53.2548,31.0900,-126.3027,81.3421,-32.5418,40.1277,44.7901,79.5758,35.9312,-22.7411,31.0719
-40.5290,8.2578,-85.0841,-53.8995,-104.9998,-15.5612,22.8385,-22.7972,97.2846,88.1342,-134.5968,33.1758,-68.8346,17.4912,55.0254,84.8112,30.2152,-48.7437,37.2933
-58.5914,-16.4167,-117.4385,-67.9695,-134.2998,-42.9668,22.8860,15.5021,119.0510,94.4526,-94.3140,19.8127,-53.8548,16.6327,40.6556,59.6278,6.4457,-51.0916,38.7217
-62.1149,-25.0200,-113.3488,-79.8508,-133.9385,-56.1088,14.7990,48.6736,144.4332,90.6418,-54.7942,7.6476,-34.0251,3.0800,49.2496,49.1183,-29.4958,-69.3816,54.6126
-75.5061,-53.2983,-131.6189,-121.6130,-174.4300,-81.5820,1.2648,40.2821,171.2569,130.5803,-28.5242,-46.7418,-56.3649,-44.0513,83.6862,71.3866,-67.4602,-112.2837,63.9804
-114.9972,-91.7230,-170.9860,-146.4128,-200.5186,-85.9646,11.5325,66.1241,199.9436,192.3761,-21.5305,-92.8709,-77.2332,-67.5538,110.4197,102.5921,-102.3051,-126.0805,92.1454
-123.7009,-108.5552,-156.0343,-109.8767,-125.6302,-48.7754,36.5301,148.7867,212.7382,212.8627,-35.2418,-92.4002,-52.4395,-40.9186,105.3720,97.3132,-116.8031,-87.2019,141.5098
-69.2970,-98.7916,-83.8532,-53.2263,-17.2012,-25.3887,48.7089,167.2902,176.8752,165.5295,-38.0649,-70.2688,-6.1407,-19.9828,73.2446,37.3218,-103.2287,-42.4349,152.0603
-15.6992,-68.5510,-26.0791,-27.1498,27.0415,-34.3555,53.3502,98.9587,110.8845,95.8967,-11.1924,-41.6212,31.6522,-31.6558,39.2689,-29.4449,-78.3595,-29.5829,119.6333
-3.3942,-29.5243,9.3103,-24.7173,37.7492,-28.7727,48.8184,71.0514,61.1690,82.3572,25.4741,-21.6649,56.9634,-48.2775,20.6210,-47.3227,-55.4061,-38.1436,97.0323
2.5951,-0.7714,52.3175,-25.1789,60.3175,-6.1034,21.2861,104.5750,39.9007,125.2933,44.2882,-31.5543,65.5554,-59.3817,14.4208,-29.4476,-36.0978,-49.3099,85.6788
13.0271,14.7145,70.3503,-26.5062,62.1135,1.8674,1.7960,107.1325,46.8444,137.7819,22.2543,-36.0334,60.0602,-53.9795,20.7640,-6.5752,-24.2363,-56.1431,61.3632
4.5961,19.1966,33.0072,-35.0160,24.0793,1.8247,22.6199,70.4445,78.6336,94.7120,-29.6388,-1.9915,51.7375,-13.8631,47.9434,35.8374,-23.4807,-63.1286,35.7753
-21.5101,5.6893,-21.3481,-52.8354,-21.8339,3.9050,52.9126,36.3928,108.4275,59.2014,-55.7986,23.1355,42.7532,20.5368,83.6708,88.2533,-40.1140,-76.4690,21.6748
-58.5682,-11.0683,-57.0020,-57.1690,-43.3771,4.9360,59.0885,6.9132,123.5938,45.8277,-39.3074,14.8696,41.5123,5.4775,90.7642,82.5696,-74.1307,-73.3653,20.2706
-96.7848,-11.5479,-70.2137,-26.7148,-25.5549,24.3672,51.2637,5.8997,140.8375,34.8721,-25.8711,21.8322,58.5480,-14.7493,57.7231,11.8302,-101.6902,-33.9424,41.4449
-106.5733,-14.2219,-56.7734,-0.0544,5.0556,61.3848,46.2665,52.5020,157.8904,63.6322,-31.9781,43.0165,73.4153,-3.4597,34.1393,-27.5206,-112.6127,-4.5461,76.7754
-95.4967,-25.5514,-37.5794,-19.7488,-6.3965,70.2726,55.6743,83.3346,153.7506,124.7198,-30.8323,33.3725,66.7984,-5.1423,59.3614,9.5219,-128.3932,-26.9795,94.3485
-100.8022,-16.6833,-40.5614,-42.2775,-38.3141,40.9294,76.2676,58.0244,121.1887,124.7232,-10.3813,15.2242,60.9732,-29.4249,83.6834,46.9230,-141.7456,-48.1424,80.5158
-99.4288,-0.0902,-33.7890,-15.2892,-9.7317,14.3125,72.5958,34.3449,63.2729,65.7425,23.4000,16.2888,65.4400,-26.8017,52.1001,34.3974,-120.6729,-16.2800,50.0837
-55.2282,-7.6687,14.8459,26.7414,65.2205,14.2484,32.6894,44.4681,2.0803,45.4025,43.4352,1.8269,48.7855,-6.5576,8.7996,18.5892,-77.3380,25.3897,28.8791
-10.7761,-4.4689,65.2689,42.5160,103.4216,43.5227,0.6720,48.6034,-27.7665,58.2486,18.1401,-19.7500,15.9625,-9.6856,6.9820,25.0434,-42.2771,33.9920,33.1975
-6.3925,37.1193,82.2904,51.6775,104.0317,91.6269,-0.2529,33.5550,-30.2849,34.0545,-18.3928,8.8388,15.5610,-13.1892,10.8189,15.0814,-14.5813,33.9228,46.7613
-9.8929,60.4536,79.1488,61.4704,104.8654,112.2075,5.1630,21.8326,-28.3852,-4.7222,-16.7451,53.0117,41.6560,3.5608,-7.0520,-14.7521,1.7848,39.1476,42.0405
-0.4289,35.9174,58.6989,42.7570,81.7565,80.2748,4.3822,18.4084,-12.6287,-6.7620,-11.8028,28.3200,37.9158,1.7035,-3.6255,-17.2220,-1.7299,25.6415,24.5747
2.7869,17.7777,28.4473,2.4447,27.9645,45.9496,-6.2868,26.6022,12.0562,11.7765,-28.3064,-34.2590,-0.2344,-25.2939,25.9480,15.1684,2.9529,-7.6958,17.8813
-0.3825,32.9906,24.7122,-15.1126,-2.2595,51.8698,-35.4538,49.9415,10.5441,20.0387,-17.4728,-34.5044,-26.7833,-25.0776,30.0857,42.1480,25.3985,-28.1945,24.8156
-4.6547,51.1232,36.8872,2.6672,-5.4189,72.6145,-54.5401,61.9214,-7.6446,8.0841,6.0596,33.0287,-28.7311,14.8451,6.4517,41.8446,28.6897,-12.8527,33.4931
-17.8643,57.0179,17.7228,26.5032,-28.2370,82.1971,-35.2493,46.0203,-11.4625,-22.0027,-20.3327,86.3827,-32.5525,47.2303,-9.8577,21.7784,18.2317,24.7898,39.3450
-23.6997,56.9796,-9.4661,38.3354,-50.5393,89.0878,-13.1464,37.4071,-23.0253,-47.1291,-57.4770,84.8856,-50.1110,48.6763,-20.2174,-1.5469,36.1256,54.2925,49.3250
-5.7807,60.2148,8.3230,54.6480,-21.4920,98.5381,-19.2946,60.9507,-60.9489,-58.2439,-54.0513,68.9229,-64.3816,48.3955,-35.4004,-8.2870,69.0099,73.1716,63.3743
12.5736,77.6632,49.4458,84.2009,35.3680,109.6300,-24.5221,78.2853,-93.6993,-70.2760,-51.6211,82.9822,-53.5862,69.7928,-48.0086,2.9039,84.9010,95.4474,56.1598
17.4917,98.5429,71.8275,102.7774,73.2659,121.2843,-13.6875,51.1130,-112.8144,-67.7996,-60.0450,117.6491,-20.6503,94.2346,-63.4342,7.9496,103.8260,106.3038,16.8998
29.4326,109.6544,87.0711,100.3625,97.6625,118.4076,-15.8575,5.4051,-137.5466,-37.4064,-50.5856,143.5933,-4.5080,99.1269,-84.6376,4.2668,145.9172,92.4920,-11.4043
49.4603,125.2584,107.5205,95.7571,113.1389,93.5057,-41.4868,-15.0489,-148.2951,-12.2372,-64.6655,145.0009,-36.8690,88.4353,-84.7156,24.5054,182.4985,75.9024,-1.1213
52.1952,132.4167,105.8025,84.5982,92.4513,62.0515,-73.4107,-14.4580,-115.8773,3.1790,-112.8559,111.4714,-92.8833,69.3685,-54.6545,68.4111,179.1553,63.2743,9.6058
31.4760,95.7219,65.9773,54.2139,43.1653,35.5672,-99.8748,-17.9748,-51.6046,38.5763,-126.8569,67.4754,-127.4840,50.5969,-28.2590,89.3440,141.4823,40.0429,5.0569
3.0990,52.0953,16.3005,30.6931,7.9444,22.2698,-112.6042,-19.4547,12.7974,72.7790,-119.1680,68.6776,-141.6153,53.3922,-21.5677,83.9119,110.4507,20.7302,25.2388
-23.6157,49.3799,-13.7886,26.8781,-9.0007,36.0073,-106.5129,-5.1394,49.5692,78.8586,-141.5231,92.4023,-158.6044,64.7783,-7.5493,97.2838,102.4059,17.6675,68.8283
-53.1794,36.8046,-35.0704,17.4262,-25.1256,64.6375,-80.8784,8.1853,59.6741,77.1541,-144.5573,56.8760,-160.7958,41.7188,26.3594,116.9210,68.1353,15.2032,89.9216
-85.0561,-14.4124,-61.9560,12.4963,-22.4572,77.9811,-35.3867,0.7352,76.4169,61.1025,-106.5617,-1.2842,-117.2485,5.1799,50.0219,87.9171,-14.5849,22.5042,85.5058
-98.1375,-33.1932,-67.9800,34.6056,6.6665,77.7018,5.9865,-18.0609,95.2287,21.0181,-92.3214,10.9113,-55.6840,7.5198,43.2589,34.9236,-72.2164,48.3316,74.8214
-78.2013,-12.0014,-39.2094,46.8260,19.4944,81.1974,7.7556,-31.3952,62.9868,8.1350,-83.6598,34.8910,-33.7286,17.1600,23.6718,17.9570,-57.2874,57.0110,48.6300
-42.6252,-14.4455,-12.3346,36.1162,6.3668,87.8016,-16.4246,-39.7935,-13.4534,18.3048,-35.4842,1.7163,-46.3400,-0.3518,-3.5786,3.3707,-12.2587,51.2454,11.2777
-5.2425,-8.3922,7.3552,55.3676,21.5930,99.2895,-22.6319,-49.0405,-57.3469,-18.9891,-25.7324,15.7619,-34.3664,13.9769,-46.9033,-51.9637,33.7915,74.2318,-10.8077
31.9718,46.7923,49.0971,89.6639,64.1405,106.1962,-11.0338,-53.1653,-43.4736,-66.0659,-84.3036,96.3015,10.7677,61.9270,-68.3058,-81.6376,66.7746,92.3569,-26.7264
38.4120,64.2517,69.2986,65.2636,55.7540,66.0739,-14.8273,-38.9801,-20.5904,-50.2860,-85.1787,52.6052,29.7799,34.8861,-35.2980,-42.7105,38.7556,58.8502,-63.7540
-4.5596,4.4978,17.8532,9.9887,-9.2510,-15.9497,-42.9783,-2.3951,-29.0051,-32.9133,22.9430,-127.0360,0.9611,-64.8324,-8.9141,-17.4477,-29.4673,30.4598,-100.7764
-45.3688,-31.5620,-32.2293,0.5165,-42.5311,-58.1501,-73.9968,44.7590,-60.0159,-54.1151,130.4401,-196.7043,-23.3876,-105.5043,-44.0546,-52.8445,-44.6294,46.6279,-87.0117
-42.5271,-8.2973,-13.3715,17.1698,-19.9184,-39.6128,-76.3490,86.0970,-71.2566,-37.6859,154.2821,-114.4804,-8.7709,-74.6622,-80.2083,-86.2367,-18.6251,53.5525,-26.4788
-33.5324,5.6632,8.8562,16.2857,-7.3147,-41.4551,-44.0625,109.1943,-50.7323,0.2061,125.6797,-89.6859,18.7273,-75.1158,-67.6978,-91.8973,-34.5758,44.8811,5.3364
-48.8109,0.9256,-11.8872,17.5190,-23.6314,-84.6963,-20.6872,103.3372,-55.9182,-34.0517,123.8957,-153.3606,32.0208,-106.3973,-60.5786,-97.7815,-67.0954,64.6619,-37.5004
-60.4040,2.9062,-20.3206,32.5213,-21.8106,-85.1998,-31.9523,69.6903,-115.8972,-92.6676,170.5521,-156.8291,29.7909,-86.6715,-78.8188,-73.7603,-56.2560,88.3988,-101.8172
-47.7837,-6.8506,-0.8052,46.2219,7.3977,-16.8331,-31.1459,28.3703,-163.0258,-96.0867,171.4223,-96.6622,16.3832,-15.6212,-67.5716,0.8131,-30.4621,91.0334,-129.9012
-20.4670,-20.8059,5.9463,62.4487,26.1322,37.7491,15.6558,-6.0048,-156.5070,-99.5296,71.3388,-64.7518,10.0402,42.6175,-32.5568,49.5266,-18.8570,106.9505,-144.5875
0.8673,-17.7657,-3.3888,70.6313,12.1786,26.1169,64.1171,-41.5582,-148.8643,-132.2923,1.7186,-52.2884,24.2891,57.9139,-24.7700,32.7754,-16.6467,124.2455,-166.3881
-16.1371,-35.0977,-28.1498,47.9116,-29.9983,-12.3578,61.2614,-86.9699,-158.4555,-125.7960,61.1861,-34.5973,20.2642,41.9165,-31.7002,20.0136,-43.3003,103.3409,-166.1032
-68.1879,-76.3545,-71.8993,22.4014,-76.3794,-32.3773,4.5939,-134.1043,-134.9366,-75.8644,123.5107,-41.5035,-35.3933,13.8942,-29.9110,36.5066,-86.4527,80.5957,-150.2195
-96.9178,-72.9246,-85.9587,27.1821,-92.7248,-38.6646,-70.4673,-170.9268,-76.2055,-34.8306,89.9633,-52.1325,-87.1558,-15.9618,-43.2875,18.0645,-92.2045,85.3448,-150.2140
-86.1372,-32.0510,-54.7210,32.0690,-79.1187,-50.6537,-113.7935,-188.9877,-32.5207,-2.5690,65.3283,-20.2845,-77.1451,-41.9661,-69.6522,-39.5530,-75.0154,72.1198,-139.1337
-84.5666,-30.1461,-50.5605,11.2605,-74.7832,-66.8750,-110.3880,-181.5259,-19.0770,18.5710,114.0916,12.6723,-50.2889,-54.0608,-76.1120,-67.5365,-76.7351,34.6410,-97.1220
-93.4750,-48.0452,-85.1228,-1.0826,-88.6546,-74.1813,-107.5269,-155.4171,-21.6491,-11.1750,144.1470,-2.4358,-61.0600,-50.9199,-78.0160,-67.7725,-61.3683,27.8905,-75.2417
-62.5603,-18.2164,-73.6236,23.2928,-80.2369,-66.3776,-133.0675,-131.8610,-42.7992,-93.6171,119.7865,-18.7673,-73.1291,-42.7784,-105.5286,-101.4825,-6.7060,58.1420,-93.9348
3.8598,26.2821,-2.1243,59.4642,-29.5803,-48.6860,-146.1194,-122.3491,-95.1696,-187.9659,124.8819,1.1607,-47.1222,-32.7712,-132.7122,-152.3562,30.7786,81.2644,-105.9755
53.3783,22.1370,51.7726,67.8814,28.2275,-38.9428,-123.7694,-124.7103,-165.9168,-250.6504,190.5831,3.4288,-16.1017,-29.5700,-125.1556,-153.5603,31.5923,72.3841,-97.2064
59.8143,-2.5751,48.7701,42.1505,44.1145,-59.0568,-96.6928,-140.7048,-203.1048,-250.9324,243.4729,-33.7008,-8.2120,-50.0883,-101.1407,-119.4699,32.7352,39.4822,-96.5661
31.0614,3.9778,7.2123,9.8498,3.8149,-102.6066,-72.4671,-164.2010,-171.7557,-212.5586,228.2418,-45.7258,2.3048,-77.4016,-91.9453,-114.7797,35.7746,10.5378,-106.9974
1.1135,22.6403,-38.4958,-13.0725,-51.2712,-127.9508,-25.5884,-165.5607,-117.4272,-194.5342,184.2530,-23.8413,37.6039,-80.0459,-83.9540,-129.3749,25.2876,-4.6249,-113.1534
10.1476,14.6864,-48.1095,-37.8383,-59.9953,-116.0794,36.0955,-130.1910,-107.8143,-203.0990,180.1078,-32.1184,82.7863,-68.2308,-50.3537,-108.6280,17.7089,-31.7312,-110.0700
47.6583,-3.8550,-16.5203,-56.0234,-17.1217,-99.9628,68.4225,-88.1440,-131.3065,-201.9831,210.3103,-54.1016,112.4070,-55.5902,-16.9291,-65.4823,24.5761,-66.2731,-99.1713
66.3323,-1.5486,15.5504,-46.3322,21.2442,-103.1815,52.4717,-69.1349,-125.4472,-171.3032,208.8210,-28.4526,117.1085,-31.2708,-22.6984,-50.9446,29.9871,-68.9178,-93.3841
59.8848,6.3499,23.6094,-32.8798,19.8151,-107.8123,19.8513,-71.7567,-71.9682,-112.8635,154.7436,-2.0481,105.6566,-20.2704,-37.2835,-64.1157,19.2822,-55.3475,-99.1353
58.4187,-1.4447,19.5748,-45.9617,2.5799,-104.3597,7.0282,-87.6342,-13.1341,-65.9105,94.1170,-33.7075,85.9710,-51.8930,-14.0588,-70.1882,2.5695,-69.4296,-91.4024
72.3919,-0.8388,19.8253,-64.0460,0.5784,-102.2606,8.7491,-95.3990,7.3327,-69.3351,62.7057,-57.6569,60.1515,-76.7648,20.6735,-52.9527,13.6500,-97.9463,-55.0066
93.2281,17.9064,28.3353,-75.4025,7.6897,-99.5836,5.1633,-65.5341,5.3871,-71.6205,52.2765,-28.5281,43.3316,-52.5788,31.2350,-17.8187,60.1606,-123.8428,-18.9137
107.6216,12.0310,25.7940,-102.1100,-3.2536,-105.6531,3.0881,-33.0227,25.2643,-23.4865,46.3339,-19.2886,44.0299,-30.2248,38.7069,12.7501,87.2298,-158.0303,-16.6186
98.0305,-28.0625,-9.0135,-122.7301,-41.7957,-135.6725,7.0737,-71.0825,50.1794,-3.4679,38.0440,-54.3137,29.7880,-42.1997,53.2073,20.2174,56.3631,-166.5631,-47.3099
67.6383,-57.2732,-50.2765,-103.0768,-81.1208,-146.8994,4.6514,-150.0485,49.3082,-48.3534,12.4035,-66.2520,-17.7435,-45.9847,61.2529,23.1598,4.9476,-122.9256,-72.8335
41.1938,-67.9775,-60.5149,-81.0588,-89.3581,-94.0114,7.0661,-169.5515,70.6708,-41.5963,-37.9127,-47.8917,-47.8894,-34.1441,79.9280,36.6695,-31.5115,-92.3803,-49.8759
24.9762,-85.3438,-57.0728,-90.1761,-76.5722,-38.7429,24.0467,-128.1153,134.5924,41.5401,-71.2346,-42.3340,-27.5049,-41.2581,102.4307,26.9230,-61.0290,-108.9039,4.9368
7.9684,-94.6983,-65.9217,-89.1380,-76.5669,-51.6819,27.1734,-88.3701,158.7500,71.7496,-50.9606,-38.6730,-6.9503,-48.5686,84.7956,-9.7965,-84.1944,-102.8195,30.9089
-8.5070,-77.2686,-71.8520,-61.3768,-89.1556,-75.9289,17.2055,-46.5481,131.1078,39.0197,-33.8808,-14.7703,-17.9797,-18.3542,56.0114,-5.8620,-92.6112,-58.0054,25.3280
-19.0121,-53.6904,-66.1544,-50.1408,-85.2016,-48.3335,30.9886,3.9261,142.6564,45.8693,-75.2885,14.5302,-16.7593,25.3355,74.2789,50.6274,-91.4641,-46.8944,30.0353
-26.1959,-39.2099,-62.5064,-60.4552,-66.7163,-22.8323,43.0043,16.7831,182.5847,71.7991,-101.3841,37.2190,8.5073,39.9406,95.7879,78.5086,-83.9146,-73.6817,37.5771
-29.9138,-32.2025,-63.6410,-62.4426,-71.1268,-41.6453,3.4791,2.5731,175.6899,51.4654,-52.6989,46.9711,3.0561,30.8858,71.0057,55.4003,-74.8894,-80.8992,30.8191
-28.2121,-31.0514,-66.9030,-60.7053,-99.9596,-57.4149,-47.6833,24.5504,165.0887,35.2704,-26.8184,36.3192,-39.5792,26.3713,51.0783,46.0618,-68.1102,-71.2578,37.4047
-24.1831,-11.2353,-64.7140,-59.1399,-100.8776,-54.1646,-54.2833,69.0043,196.1139,67.4897,-94.0743,20.1716,-59.5346,26.0445,57.8833,59.7331,-40.4191,-67.3947,54.6933
-22.1187,38.4838,-43.4773,-39.4354,-56.2458,-65.1107,-45.9797,79.5365,205.7032,105.4361,-168.1150,11.2924,-45.3988,10.1519,41.9540,50.3194,11.7506,-51.6250,47.1962
-27.2736,66.2938,-24.6674,-19.5159,-19.2507,-76.6139,-55.4842,60.6402,188.0450,130.6601,-185.6288,2.6687,-43.7528,-14.6003,17.3872,31.4048,40.5604,-33.3569,38.0213
-37.4057,42.6252,-38.9597,-29.5651,-16.5391,-64.7077,-62.1447,39.7609,202.7594,152.4739,-178.8156,-3.1889,-59.5934,-25.6497,26.2466,33.1010,36.9440,-47.4520,60.3591
-35.0909,14.5607,-54.4859,-45.2729,-12.7626,-55.1498,-60.9652,23.5160,207.5704,144.1562,-150.9373,-15.4818,-59.4120,-34.3869,32.6837,23.5855,40.9109,-68.5361,74.1402
-18.0623,5.8598,-39.7259,-37.4799,-6.7426,-58.0489,-62.4050,19.8652,146.4743,98.4279,-96.1904,-55.2191,-49.9353,-54.7516,13.9537,-5.8323,41.3924,-51.6983,46.2025
-11.0304,-4.5555,-30.4141,-24.9865,-24.1351,-46.4725,-53.1788,21.1134,78.0646,51.8448,-54.9523,-79.5902,-52.2707,-52.5059,8.0393,-3.6743,20.5848,-21.5147,12.5039
-14.3346,-1.9545,-31.3825,-21.8397,-22.5493,-20.7811,-35.9191,8.0947,42.5247,24.8173,-24.3089,-31.2415,-40.8170,-13.5161,8.4532,24.6278,27.3160,-22.4833,5.2290
1.9494,25.4789,2.3432,-17.9142,26.9097,-4.6466,-38.8788,-7.5954,9.7211,17.8025,27.0042,36.8525,-4.0507,7.5117,-14.8996,15.0772,69.2571,-45.3583,15.8425
31.0198,37.6073,42.5660,-19.1526,48.7041,-6.0018,-62.0066,-19.6990,-5.1948,23.6743,56.3797,43.9325,7.5225,-13.9848,-29.8441,-20.6008,80.5725,-61.7671,22.7651
39.0366,30.7358,35.8434,-26.9933,16.9924,-21.1153,-74.7007,-49.7106,9.7320,12.9675,31.5018,23.7596,-17.0450,-27.1232,-16.4124,-18.9217,65.8226,-64.7226,5.5435
42.0719,47.9142,28.6297,-19.3754,24.3053,-33.2956,-57.3869,-81.1212,-3.2759,-25.7381,10.5392,42.0037,-9.7125,-6.5372,-16.1307,-0.3308,88.5848,-58.3374,-24.6663
72.9148,75.3186,63.2460,-3.8353,76.1527,-26.4405,-22.1216,-81.2345,-46.2977,-53.3019,22.2928,76.1608,42.6262,9.1966,-37.2067,-26.1952,129.0200,-54.9431,-30.3639
96.9980,74.7939,80.0785,-9.4024,68.9633,-18.6152,-5.9303,-76.4934,-53.1669,-42.8582,23.2044,79.1765,63.3936,-3.7853,-45.2734,-70.0325,130.6850,-60.7543,-19.0746
73.6712,71.9715,55.8787,-18.0509,17.4871,-23.4133,-20.2923,-86.5430,-35.5731,-20.6430,6.2918,69.9239,35.0301,-15.8995,-41.9944,-66.0432,111.5496,-56.4209,-25.4923
48.8158,93.0430,55.6096,-3.7446,19.9694,-15.9770,-21.4417,-72.8052,-50.0854,-20.5564,10.4505,97.1891,33.5491,6.3656,-45.9115,-32.8877,107.9610,-39.5819,-32.0408
71.4819,107.0798,85.2075,2.3862,50.3677,2.9441,14.8047,-35.5855,-73.9793,-46.8274,41.7050,146.3684,85.8215,39.3666,-48.7571,-39.4607,110.8459,-45.8221,-13.8008
95.0110,94.4925,83.7241,-17.9230,43.5491,6.1141,50.7507,-18.8707,-61.2727,-70.8528,57.8740,142.4154,126.8549,31.4857,-38.6252,-77.1019,104.6221,-71.4939,4.4260
70.0433,78.1819,53.5222,-19.2637,43.1316,19.1099,65.1358,-6.2714,-31.8114,-62.2663,17.7571,87.4144,113.4333,8.6160,-17.4252,-67.9849,96.3626,-61.8353,14.7678
42.7082,76.6799,45.5904,15.7271,83.1172,70.1181,74.5389,35.3917,-23.8549,-48.8218,-46.4363,88.6424,84.0779,48.2483,-1.9150,-8.5982,103.6399,-18.3226,37.3906
65.5342,86.3985,67.5189,41.5827,111.8919,111.5357,72.4721,69.9242,-40.2603,-82.6131,-49.1290,164.7056,90.9412,126.7267,-15.4912,11.2532,129.1064,-0.2665,46.6959
107.6343,91.5477,96.0498,41.2603,113.0378,111.8882,49.1254,68.4823,-64.8592,-128.6512,6.3903,203.4789,122.1112,155.1766,-47.5760,-27.7868,147.1633,-10.7169,14.4721
120.3643,80.2870,118.5330,42.3392,121.1285,112.4221,35.9925,68.5240,-82.4011,-104.1603,27.6435,178.9615,132.2125,145.5863,-58.0650,-37.5576,137.3163,-7.2127,-17.3892
103.0433,66.0146,124.4689,46.6169,128.3552,119.6329,57.2354,90.7558,-83.9443,-31.3581,9.7699,172.0338,129.8643,150.7202,-44.6465,-1.8190,107.8181,5.0413,-10.0905
73.6128,61.9553,104.9210,35.4368,109.6785,90.4734,89.0922,104.5695,-69.6718,-4.9567,31.0827,180.7932,153.4023,138.0188,-38.9369,-6.6047,67.0883,-1.2027,10.9588
43.9007,49.1560,70.5256,15.3322,80.4575,38.2478,104.1819,95.1705,-51.3368,-22.3291,86.3620,152.5656,180.3797,89.6626,-42.1589,-52.6432,21.4174,-14.9291,18.8020
23.8026,18.2704,44.0902,1.9296,62.3892,15.6121,110.5855,83.4306,-44.6183,-5.4395,107.6704,112.8508,173.8000,62.0062,-34.8998,-56.7433,-9.1941,-18.1876,17.6690
13.6733,-4.2983,34.1237,-4.8852,54.0727,24.6301,130.8617,81.0849,-43.7109,38.3698,87.0379,88.4815,164.8549,58.6897,-16.3600,-29.3329,-25.3410,-16.1706,12.8131
9.0350,-6.1123,27.1617,-10.5329,42.4865,30.2007,154.1599,72.6713,-30.4760,36.1656,59.1594,59.0302,171.6102,35.8548,4.2209,-32.7797,-43.1256,-16.9458,9.7832
13.9447,-5.2357,15.3201,-17.6509,18.8403,17.5155,135.2603,45.6112,-15.3602,-4.1940,48.2909,39.5253,144.7220,12.7110,14.5563,-45.2024,-45.5201,-24.1922,15.1112
27.4530,-16.0862,13.1561,-25.1571,-3.2052,6.3716,74.6169,14.2220,-15.4391,-9.8086,62.1128,47.1830,85.9348,14.1427,6.7946,-39.1760,-28.2790,-36.2698,21.1922
31.3650,-39.8348,18.1296,-26.3867,-8.2263,22.7640,34.7988,-6.9105,-10.5797,24.0116,75.0832,49.0001,57.8419,10.9590,-4.8889,-52.1959,-31.3228,-38.4510,24.6147
9.1917,-61.4157,-0.6462,-16.5024,-11.2921,50.0211,31.5854,-25.6104,15.0851,40.3055,55.2177,42.7815,47.7975,1.0492,-7.6302,-78.0845,-52.9616,-20.2891,36.7307
-26.9259,-55.5542,-33.0850,0.0494,-20.3786,48.7224,23.6287,-37.8344,32.8427,31.8804,19.0745,54.9829,10.4089,8.5846,-7.2340,-60.8401,-54.2340,5.6204,54.6444
-37.7160,-32.3141,-27.4539,8.2752,-14.4215,30.0005,20.7848,-21.3295,18.7388,34.9872,6.6427,57.7552,-9.3821,15.0541,0.7926,-15.4278,-49.1734,14.3887,58.8020
-9.8218,-30.5429,6.6531,-5.0619,0.3888,25.6354,55.4347,13.1987,-12.3753,43.2951,29.8870,29.5524,30.2843,8.5839,19.8648,4.2475,-58.5972,-3.6702,41.8045
12.4387,-43.2246,7.8407,-21.7898,-2.6185,22.0899,89.0668,28.7701,-36.7631,21.9912,63.1418,16.4701,70.0831,18.3450,22.6110,1.6550,-51.9804,-19.8923,15.7967
5.2499,-31.4643,-11.0413,-8.4008,-3.8739,14.1206,81.2250,20.7101,-42.0694,-17.7599,58.2726,39.5625,64.3388,42.9580,1.6977,-2.3282,-25.3190,-2.0634,0.8944
11.1071,-7.1078,9.4629,16.4711,18.6085,25.2337,59.0076,15.3239,-29.9066,-24.9223,12.2728,52.9325,47.9183,47.9587,-3.8418,-5.5962,-14.1778,18.8790,4.2684
32.6263,-12.3891,36.6930,0.6786,24.9947,27.5930,41.9047,33.1247,-4.3297,21.5409,-4.9690,24.1284,41.4073,29.4565,17.6903,7.7257,-21.8626,-7.0819,11.2655
12.0311,-49.0029,2.8904,-44.9460,-11.5146,-11.5503,22.5052,74.1704,41.5705,85.3523,30.7819,-25.9227,28.7516,7.1925,36.0794,34.9269,-45.0232,-50.8009,19.9411
-25.6413,-86.5297,-46.6846,-62.5786,-44.9132,-38.6961,20.5856,110.6485,83.9630,113.0193,54.4215,-53.5006,17.0639,-6.0620,38.8165,27.5901,-82.8590,-54.4703,49.5532
-0.0654,-97.6355,-32.0157,-42.1509,-32.8000,-19.1101,40.4099,112.9669,64.2958,84.6059,45.5644,-43.0155,20.8904,-4.6778,25.9981,-24.6857,-86.5178,-27.9516,80.6972
53.1734,-73.4986,16.3610,-10.0276,5.5448,-7.0301,42.9074,90.8755,-8.7914,23.3655,45.9816,-25.5162,28.7290,7.8829,-4.8542,-60.5194,-39.9994,1.6869,60.8954
55.3388,-42.2244,34.8303,24.8689,30.7561,-12.3522,21.2725,66.5230,-62.7081,-34.3792,55.7967,-17.6910,26.6997,26.7178,-34.1410,-51.5519,-14.7782,41.0558,1.8024
43.3652,-43.0918,39.8212,51.2586,34.3500,15.0931,9.4394,45.2372,-91.4996,-64.4454,66.6984,-1.7011,18.2433,47.1915,-44.8583,-44.4991,-31.9271,75.5149,-25.0255
63.6335,-65.5165,58.3033,52.2799,40.0738,56.6866,19.1970,43.9148,-128.7872,-62.2272,94.9702,7.3741,15.6330,51.5144,-44.6339,-57.3065,-34.4261,75.7024,-0.2813
72.8646,-65.3178,70.2212,42.3872,64.6077,72.0617,41.8474,66.7957,-141.1460,-45.6064,97.2126,-8.5818,22.3857,39.4287,-26.6203,-41.2413,-17.5249,57.2109,31.9243
61.6174,-34.1610,73.2653,46.1318,92.3966,89.6918,70.7279,69.0483,-107.9086,-34.8716,19.0569,-4.5923,25.6839,43.4832,12.3123,10.3602,-4.7029,49.6138,46.0331
71.5737,-1.2236,84.0997,59.8913,107.1087,115.0798,93.4232,33.0970,-81.7458,-29.8710,-82.9230,32.7072,21.3617,61.8304,32.1317,30.3019,21.6150,54.6016,48.1282
80.4127,12.9427,84.8710,66.5051,111.7986,106.0994,99.2750,-0.5691,-75.2822,-29.4749,-120.4838,42.7397,23.0103,53.2923,20.6786,2.4214,44.3158,60.2946,43.4993
54.0221,14.2153,63.3445,56.1346,99.3725,81.0474,82.6365,-25.9910,-59.2466,-43.3813,-88.9058,28.7465,23.5948,23.4617,18.6612,-10.4438,28.3794,47.9590,38.7448
28.4607,22.0595,47.1710,36.9022,65.6041,77.8527,41.5311,-58.5957,-53.5824,-56.7100,-38.0421,49.5624,2.1673,13.1534,21.8707,5.6900,19.0280,19.2149,39.5916
30.5799,41.1886,51.2834,32.3002,44.4256,67.4184,4.8529,-59.1388,-64.5401,-34.5416,-27.5663,77.9064,-21.7937,22.7165,-0.7728,9.8866,50.0375,12.4289,35.9097
45.7782,52.4844,65.2399,40.6068,55.0524,39.0785,3.8289,-20.2144,-57.0845,8.9590,-67.5128,63.9237,-16.8472,30.5194,-18.5446,6.5979,71.3585,27.9526,17.2950
71.3972,45.3770,83.1632,34.6298,59.9303,35.8969,7.7567,-11.9558,-52.0600,18.3937,-81.3717,38.8932,-3.4901,28.4604,-10.7256,6.2417,69.1139,20.9562,-7.2170
90.8451,30.9550,88.0395,21.2901,34.0524,50.3558,-18.3856,-37.7587,-73.1431,-2.7980,-44.4812,26.9744,-17.3040,15.1024,-16.9053,-16.3067,73.8002,6.9862,-19.7436
75.8316,15.4073,62.1268,21.8320,1.1627,40.9967,-42.4535,-28.2983,-66.3623,2.9013,-41.7524,12.6827,-51.6038,9.8394,-31.3660,-30.5095,69.2401,22.7419,-11.6335
54.8105,-0.5134,30.6783,12.6406,-21.8914,21.5090,-37.1337,6.4442,-24.4748,33.4976,-74.7190,9.6612,-76.8495,28.9613,-10.0832,12.7992,50.8218,21.6496,8.6028
58.1413,-9.3893,17.1946,-19.2992,-39.5181,12.2612,-21.8390,20.2174,-8.0168,35.1481,-59.3568,16.0128,-73.1622,39.3315,20.7963,53.0540,48.9418,-20.6419,24.6328
49.8179,-16.0315,-3.6341,-34.4180,-48.9941,2.2790,0.3126,40.0822,8.0459,14.9420,-39.1233,-3.7774,-45.1450,24.2633,26.0308,32.5656,39.8520,-34.3124,31.9247
19.0980,-27.6885,-37.3976,-24.7858,-54.3373,8.4356,32.3317,74.9828,64.3225,16.6811,-90.3817,-22.8155,-23.8133,31.9393,37.9864,25.8876,5.0888,-9.4612,31.1249
11.7917,-24.5937,-48.6019,-27.6711,-72.1198,44.5342,47.7923,75.9039,83.1003,16.3282,-131.1152,8.9842,-25.6497,76.2734,63.4275,78.0071,3.3152,-12.9471,15.8112
20.5701,-2.1615,-44.7525,-39.4045,-100.7309,64.5947,50.3256,59.8871,30.6892,-20.4751,-95.7213,54.9244,-29.0422,108.2662,65.2228,116.7809,33.4841,-30.6315,-2.6620
-3.1762,-0.3799,-64.8376,-31.6567,-121.5296,50.1343,67.4753,79.3502,6.6253,-49.7624,-64.6156,59.5360,-24.7413,111.2961,55.0716,111.5458,12.7824,-8.3685,2.8466
-40.6892,-30.0913,-90.1355,-10.4557,-117.7862,52.9640,66.0492,91.0834,38.1493,-47.5280,-72.6616,31.0686,-34.8526,96.6286,54.1482,88.4536,-43.1147,29.9206,21.4110
-39.9357,-49.1845,-76.3839,13.6614,-80.1451,81.0201,12.6670,40.5313,42.2672,-66.9441,-65.9008,-8.3936,-60.0089,58.3770,37.3857,39.1978,-49.5518,51.6993,15.7937
-12.0685,-44.9997,-39.9818,36.2658,-29.1403,80.8259,-36.8012,-19.1089,7.0268,-106.0311,-42.1365,-39.0700,-74.7865,20.9634,9.5265,-7.9775,-22.4407,64.3358,-5.7362
-8.5350,-40.3803,-25.7620,40.7327,-6.4514,57.2013,-34.0855,-30.6262,-17.4723,-99.4006,-22.5774,-31.7907,-72.1705,21.3526,6.1391,7.4604,-20.7435,63.6487,-9.0489
-39.7883,-27.3633,-31.2012,42.0236,-7.1855,67.6145,-15.2764,-29.1586,-33.1940,-72.2260,-7.1135,0.2589,-61.9445,32.7312,8.7587,38.3431,-29.7608,64.5140,-2.4726
-61.1492,4.3559,-20.3438,76.9547,19.2550,109.0984,-11.1430,-55.9308,-55.4155,-95.6838,-26.2411,9.3131,-49.2910,18.2383,-11.1704,6.0924,-21.4694,103.3112,-11.1124
-41.1717,22.7087,16.0584,121.4558,76.9434,127.9498,-4.2490,-92.7785,-68.3790,-131.2731,-80.1921,-14.9738,-33.6407,-5.2305,-25.3897,-44.9390,-16.2246,149.5835,-33.1930
-11.4802,16.8053,50.2162,126.9142,114.8526,108.7885,10.6245,-113.9371,-64.9025,-114.9263,-108.1471,-47.4765,-10.1820,-20.7225,-13.0730,-47.2930,-30.7467,149.4239,-65.2816
-5.4337,24.7781,61.9557,105.6761,118.0627,75.8858,19.0527,-120.8102,-51.5504,-82.4485,-108.1996,-63.4058,16.8628,-28.3252,4.2756,-15.3632,-37.5613,118.6402,-105.3566
-3.0950,51.6393,60.0433,82.2855,111.3353,44.5973,16.2916,-121.6977,-40.4298,-71.0560,-109.1201,-50.8538,28.6176,-19.3390,12.8327,24.5711,-7.4228,82.0492,-130.4762
5.8966,52.7448,49.3365,48.8314,87.4873,17.4951,0.3790,-118.3543,-45.5190,-55.0017,-68.5064,-30.0477,21.3063,-7.4044,9.7453,48.8024,26.7049,37.6866,-129.0772
-2.1656,18.6473,26.1150,17.6460,36.6806,0.4261,-19.9760,-106.3849,-48.1408,-28.7331,6.8398,-27.4339,12.4777,-11.9681,-2.3149,34.4676,6.9302,11.6939,-118.1567
-16.0228,-6.8666,8.0434,9.8188,3.0533,-4.0953,-24.1659,-86.4112,-25.3306,-7.9680,18.2015,-27.5239,3.3394,-7.9548,0.9164,29.9664,-32.5874,13.9283,-105.1613
-7.7585,-1.0664,8.8271,6.5685,9.8325,-5.2439,-24.2387,-75.1819,-5.6998,11.4691,-31.3249,-16.1991,-23.4894,14.9713,23.5209,80.5190,-12.3884,4.1684,-88.6509
1.7774,9.0615,6.9844,-3.9363,4.8239,-8.0601,-46.9530,-73.2629,-3.4769,22.3104,-57.3728,-19.5003,-66.5285,18.5494,34.9961,118.6835,28.4407,-12.8543,-72.7086
-11.3489,-0.0637,-11.3123,-2.7511,-31.2105,0.3719,-61.1765,-38.3494,28.0530,28.5405,-82.3989,-44.0168,-95.1289,0.8119,36.7435,93.6240,6.3639,3.1378,-40.5116
-31.9776,-16.7584,-33.1792,-1.3202,-45.5840,21.4249,-22.5171,42.4115,89.5570,63.6362,-131.2097,-66.3434,-76.3994,-7.3137,51.2870,62.7200,-34.7314,20.1553,12.9721
-44.9638,-27.7878,-58.7842,-30.2544,-43.8335,16.8176,26.2490,92.7987,109.3226,91.5371,-104.1317,-84.9631,-20.4912,-20.0627,54.2310,43.6206,-26.8482,-9.9790,32.8847
-36.2156,-36.4849,-83.3289,-71.4067,-82.0839,-35.8454,21.1873,62.9818,76.1864,42.1539,11.4931,-99.6254,17.2288,-51.7059,24.6898,-10.4419,-8.6559,-54.6532,-1.4342
2.3610,-36.0518,-75.2074,-86.7116,-121.3576,-84.6790,4.6596,34.8998,55.8521,-15.8530,58.2432,-94.3110,17.8455,-68.6253,7.7737,-62.3640,-12.0378,-71.2661,-12.0260
24.5987,-22.7608,-48.6821,-83.8451,-100.3507,-81.0678,41.2483,78.7245,71.3690,19.9818,-2.3892,-83.6686,21.3923,-60.6316,34.2013,-41.4884,-10.7540,-74.5497,35.7103
-8.9507,-30.4838,-65.4194,-92.3260,-81.5903,-66.0933,78.7686,118.4043,94.0623,73.5327,-19.7558,-95.3812,32.5426,-59.6816,64.0249,6.0451,-23.6714,-84.0326,68.2535
-49.7628,-75.2495,-115.8072,-106.5154,-115.7284,-80.8493,60.8986,89.9920,118.5763,51.8315,39.8342,-115.3690,23.7690,-74.6036,65.4658,-6.5118,-76.3036,-88.8863,61.1912
-55.6045,-106.0464,-128.4796,-97.1719,-117.4384,-76.9644,58.1764,70.8387,150.4480,37.6663,43.1719,-117.3505,29.0261,-85.8423,58.7626,-60.3632,-118.5561,-74.0024,76.2096
-57.1556,-94.7867,-96.6469,-64.7659,-44.9915,-23.5778,111.3573,110.4873,155.4926,88.0380,-10.8761,-103.1227,76.2208,-77.6530,57.4611,-78.1918,-115.4838,-44.5516,110.0270
-56.8179,-84.3302,-61.0494,-35.6132,15.6469,19.2163,115.0452,129.1974,93.0982,103.0645,18.2986,-85.0370,93.9469,-50.9424,35.8844,-56.9621,-89.4722,-18.8452,97.7239
-18.9741,-81.9520,-16.6844,-9.7585,35.7868,25.6194,20.8741,83.3220,-8.9562,48.1331,107.3077,-71.5987,41.4117,-32.6011,-18.8476,-60.8702,-40.3250,2.8489,49.0912
32.3280,-46.3527,46.6217,23.3007,71.6118,45.9345,-53.6654,31.5122,-70.8694,20.8243,100.0766,-63.1269,-4.8956,-42.9149,-61.1168,-93.3882,27.8763,25.3497,26.6616
53.6086,-6.4157,86.3695,33.4355,111.6628,72.8287,-42.1236,8.6632,-61.9084,48.6450,21.9308,-53.8113,-4.1866,-59.1259,-44.0207,-87.0453,62.4689,18.3616,44.0184
56.1116,-23.7001,75.4497,-1.5253,108.1947,49.1120,-19.7048,7.8113,-26.1528,80.8158,18.3942,-52.4374,-6.2721,-63.1119,0.0908,-42.3989,48.1553,-32.0525,80.5609
51.7336,-63.8143,49.4014,-40.6534,83.0172,4.0420,-23.5424,37.3170,-3.2238,125.6610,71.6716,-63.4621,-18.6485,-73.5055,10.2339,-33.1256,30.1944,-74.1016,124.7577
30.8404,-67.0349,39.5288,-53.5323,69.0871,-1.4217,-11.9881,77.5097,9.2797,196.0791,86.1582,-64.2553,-6.3540,-94.3662,-2.6066,-58.4374,24.1050,-81.7157,162.0360
7.8299,-59.0811,27.8507,-67.1650,50.3428,1.2072,10.0029,83.4582,25.5400,239.4108,77.8550,-56.2327,7.7633,-106.6655,6.2343,-54.4324,12.5969,-94.5343,175.4283
-3.9314,-65.6660,-5.9522,-90.6005,8.9210,-26.9128,6.1801,69.7241,59.3481,233.7644,58.0974,-69.1124,-13.9478,-106.0123,30.6726,-19.6811,4.6197,-115.4249,162.4698
-15.9808,-49.6815,-41.8217,-98.5572,-41.4250,-44.4516,-3.3431,72.3540,104.0771,212.4018,-16.0101,-87.6331,-46.0088,-94.0483,50.8716,17.6275,13.9182,-111.8061,130.9037
-26.2755,-6.9208,-52.2420,-91.9021,-66.9186,-33.1640,13.6097,68.1351,114.8206,171.8482,-86.9392,-83.3288,-48.3589,-75.9679,73.0698,60.3960,26.7447,-99.5458,92.2695
-26.1847,12.8624,-46.9358,-83.3786,-53.8932,-35.0256,29.6001,40.5712,82.7396,98.1841,-72.6040,-83.6678,-33.4576,-70.1317,86.8941,87.3952,24.8794,-95.2428,59.4629
-24.9458,-4.4916,-49.8586,-71.6606,-45.7334,-45.2152,3.6255,32.4539,74.3568,39.8928,-30.6948,-99.7757,-39.1847,-70.4342,76.9901,71.0673,3.9768,-80.7197,44.8201
-21.9837,-35.3293,-61.1628,-71.9191,-75.6347,-25.4667,-39.7464,58.6926,114.8015,30.7029,-17.2842,-90.7600,-60.0372,-52.4720,67.3239,41.4299,-24.0197,-75.6361,59.7390
-10.7330,-71.0460,-73.4090,-94.5988,-98.5517,-2.2264,-40.6181,77.2699,141.4945,30.0777,15.7010,-66.9084,-54.2153,-32.4082,76.8434,28.5451,-41.9661,-104.3233,91.8940
-5.7789,-99.6034,-86.5859,-109.8815,-87.6227,-17.9393,-10.2240,71.6669,128.1424,18.9915,57.4112,-76.7942,-32.2380,-33.8931,83.8667,27.4686,-47.4420,-122.2345,98.5654
-10.9578,-91.8675,-87.8003,-98.9650,-83.6619,-48.5804,-17.4914,61.8374,114.2343,29.1804,38.5940,-97.2718,-47.9552,-38.2498,74.2540,42.0647,-38.5268,-102.2559,69.7027
-6.4324,-52.6636,-63.1521,-78.8371,-75.9509,-57.0213,-50.8786,51.8980,102.5809,50.4289,-6.1679,-86.8972,-79.2934,-37.1937,58.8221,57.3872,-7.6796,-82.2832,53.1772
10.4673,-32.6421,-29.5493,-55.1051,-18.3211,-49.2369,-39.7142,41.1715,64.7782,43.4963,-6.1567,-73.7389,-65.1898,-42.8256,42.0259,38.4515,22.3835,-67.8087,67.9628
27.2366,-59.1463,-9.8882,-27.5639,38.7848,-41.6452,-11.6012,42.2266,16.6952,23.2975,24.7613,-83.1220,-39.8912,-34.3526,24.1753,13.0126,16.3701,-35.5758,67.6442
37.7023,-92.2794,-2.5702,-13.1643,34.7105,-40.4064,-33.2648,44.9057,-10.3935,15.3559,57.5751,-84.3233,-50.3045,-1.3947,7.7779,20.7676,-8.4220,-8.8016,27.6943
35.9154,-83.0336,-1.2983,-11.7885,20.1713,-44.4252,-58.6398,20.4935,-15.5911,4.2614,77.5645,-55.7444,-44.9087,19.7668,-9.9005,23.3856,-5.3265,-9.0807,-16.5887
31.9468,-45.2258,-0.4464,-11.5897,32.6612,-36.5985,-33.4675,-21.9794,-5.4482,0.6568,47.8821,-16.7063,-4.6054,19.9689,-17.4192,5.0783,26.4923,-20.7858,-35.5369
43.0719,-20.3685,9.9790,-24.8555,23.4058,-15.2635,-14.5097,-49.6772,13.7365,37.7096,-13.3776,2.3830,2.2842,15.5540,0.6342,14.9796,51.6383,-44.0896,-37.4504
42.0223,-12.5066,15.9959,-51.6016,-10.7920,-19.9666,-38.9153,-65.3302,29.2040,81.7454,-22.6719,-15.5587,-23.7269,-13.1030,22.6391,40.7260,46.4124,-76.9521,-39.4082
-1.1042,-13.7820,-6.6341,-61.0971,-22.0081,-62.3029,-59.1133,-79.0787,39.9285,85.0593,22.8468,-51.3954,-28.9989,-55.9966,24.6545,45.2845,9.9455,-83.6406,-46.8321
-42.4019,-28.8825,-38.7983,-49.1825,-25.4175,-84.5287,-60.2024,-62.8609,52.5361,76.2948,32.4375,-62.6900,-41.0416,-43.9391,27.8219,74.8664,-26.9607,-58.1587,-52.7601
-37.1106,-37.8532,-47.8446,-39.9925,-51.1014,-52.3182,-55.8553,-14.8795,62.1443,80.6529,-26.5456,-42.6516,-77.6222,19.0570,47.8523,137.1164,-25.5924,-36.1014,-50.8089
-18.9652,-21.7264,-46.2414,-34.5025,-64.0455,-11.2029,-23.3225,2.2625,59.5214,60.0342,-85.6217,-26.1803,-73.1104,43.7815,58.0547,139.4824,1.2153,-25.8424,-46.1299
-19.1624,-12.5027,-48.7168,-19.9560,-36.0945,1.7467,23.3769,-29.3473,41.1889,9.0675,-84.4864,-33.5720,-28.3870,12.8754,46.3878,72.5150,7.1854,-10.3611,-37.4665
-18.6307,-25.1618,-35.2905,0.5538,-4.3890,10.9248,30.0704,-36.9573,19.0436,-19.7598,-57.3658,-49.6809,-21.1908,-10.6069,39.3217,34.3469,-17.7139,12.1442,-14.3158
-20.5422,-19.2317,-12.8289,15.3258,-14.4301,31.8947,9.4897,9.3008,25.6003,-11.9513,-72.4319,-56.7231,-46.8348,-11.9179,51.0012,45.3542,-54.3965,32.9341,12.0821
-48.3295,2.0622,-18.9512,16.8088,-53.6671,40.7905,3.6665,43.2972,65.2725,1.0711,-105.6200,-62.8987,-50.9159,-26.2005,64.2886,44.9264,-94.9481,43.6424,20.9225
-83.9175,-5.3273,-40.9153,20.3378,-58.9103,33.5924,-0.1529,29.0630,79.3645,-0.1245,-82.9266,-77.7901,-43.0035,-52.5956,55.9225,18.7824,-125.5588,53.8030,20.7135
-95.5795,-11.0532,-30.8399,56.4956,-5.4891,40.0502,-14.1936,6.6497,28.4550,-28.6343,-33.2482,-71.2583,-44.9056,-55.9748,19.3575,-10.0980,-119.2260,91.9833,26.3944
-79.5164,30.7336,9.1947,110.3017,43.9867,73.3208,-18.3945,-0.6670,-43.3352,-88.6889,-30.0445,-14.6808,-43.5019,-25.5989,-21.9427,-34.4121,-78.6398,144.5297,31.1602
-47.1854,65.6266,36.7740,131.6454,45.2902,113.2628,-8.0404,-5.4301,-85.5532,-144.0151,-41.2738,53.1628,-33.9198,12.7303,-42.1327,-57.2867,-39.9288,161.4426,37.0706
-24.5963,40.6774,34.2093,127.2448,46.9355,135.2064,18.3057,1.1127,-98.5997,-151.1246,-24.5484,80.0003,-16.6500,36.7410,-50.4293,-83.8387,-28.4710,156.7299,58.3240
-31.9640,6.9066,20.6488,138.8900,79.7252,136.3239,63.2401,30.8051,-91.8507,-114.0949,-35.0312,77.7450,6.9530,51.1686,-57.8776,-99.8023,-38.5956,178.0133,84.3168
-39.0625,11.5862,26.3291,150.2834,101.8843,136.0191,92.7421,55.8344,-76.2494,-68.4965,-88.7995,75.6155,13.0243,59.7090,-45.6164,-76.1748,-44.5322,193.1805,95.3656
-17.1370,25.1723,53.0623,128.4408,96.4827,141.6927,88.1336,50.1724,-76.3551,-28.1449,-112.0147,69.4786,-0.0741,51.9522,-16.0745,-31.1576,-30.2294,157.7692,93.5986
-9.4588,19.4635,53.8191,92.8171,76.7850,126.4872,78.3260,34.4352,-80.7590,23.7133,-89.0011,55.9371,-6.0629,32.5493,-8.0856,-12.0040,-11.7196,113.4638,85.5323
-48.4037,3.4462,1.0774,58.8866,27.8819,73.7717,55.3813,32.9769,-45.9665,84.3930,-65.6831,37.1295,-24.2980,13.2709,-20.1517,-6.3143,-8.7315,87.9610,76.9144
-76.6096,-7.1863,-51.4700,10.4548,-38.8825,10.9691,-3.4774,29.2400,16.0560,112.3472,-47.3371,9.1060,-76.6697,-12.9453,-7.5486,22.9569,-8.2170,37.2273,81.7507
-52.5718,0.4000,-55.8200,-36.3481,-73.3990,-37.8648,-41.2103,7.2065,48.0270,97.8499,-34.8804,-4.0536,-109.6061,-38.1772,22.8769,50.6588,9.3487,-30.9682,94.3579
-28.5534,18.5196,-49.8961,-46.0582,-77.8616,-74.1430,-14.3284,-8.6072,42.5298,91.3662,-47.7518,26.1255,-89.6153,-29.0481,20.5681,44.8710,31.1434,-47.5348,90.4564
-43.4146,23.0756,-68.2840,-31.0691,-86.0089,-83.1074,12.4849,-3.0187,34.4702,104.1462,-59.8606,73.0930,-69.7353,11.5919,-6.9513,38.3393,38.4276,-19.8590,73.3743
-57.0098,19.9888,-76.2810,-25.0004,-88.0221,-54.5718,-6.0712,-3.6040,33.4207,83.3019,-43.4112,96.0751,-76.6437,42.8050,-7.4604,64.0736,36.6500,-15.1303,58.9170
-43.5839,27.5090,-57.1410,-27.9032,-78.6010,-28.4508,-23.6470,-18.6158,30.0168,32.3441,-29.6764,93.8539,-75.7507,51.0207,17.4248,96.0709,30.1311,-32.0841,37.1219
-34.5361,28.6170,-45.4621,-23.7276,-75.7646,-30.4165,-15.3336,-17.4889,24.6208,14.0119,-32.2465,79.0799,-61.0893,50.8212,24.4715,98.5641,13.6790,-25.7975,12.2543
-42.1967,9.9775,-44.9613,-12.6041,-57.3915,-24.0625,-3.2954,1.6435,19.2491,28.1482,-18.3413,65.1504,-45.6878,48.6911,14.8182,80.7327,-4.9425,-7.1163,16.1842
-41.2163,-9.2339,-31.5542,-9.2250,-13.9050,0.8803,9.9839,15.2005,11.9369,33.0645,16.3828,61.9109,-20.7006,48.3595,19.7674,77.0123,-16.6982,-12.8388,37.0522
-28.1403,-27.6289,-21.9631,-27.4241,-7.3316,1.7243,21.9921,34.1569,0.4643,39.1560,54.5010,44.2162,-1.0455,50.0171,35.4243,97.0157,-27.1928,-36.9342,30.5610
-22.8541,-58.9528,-38.2352,-62.3122,-55.5406,-18.0145,23.2627,73.5435,-17.9524,64.1260,100.0026,-7.6631,-7.0085,40.7650,43.4955,117.4297,-36.7057,-58.5229,9.9274
-25.4807,-86.0708,-57.1966,-87.8833,-84.3347,-16.0162,33.2766,105.1989,-39.0916,73.2759,149.0394,-51.9374,-3.8646,21.4318,44.6086,110.9734,-37.5984,-73.8708,13.3565
-21.2851,-91.7902,-58.4345,-82.3574,-66.5328,-4.4206,51.3701,99.5628,-55.7540,33.2893,182.3617,-53.9927,28.7479,12.3559,30.1287,65.9187,-35.0495,-69.0532,16.2099
-8.1865,-88.1763,-54.2514,-52.1827,-53.3190,-9.3839,36.3938,59.0632,-73.8497,-40.3370,194.5227,-41.3648,40.2836,14.9230,-8.4027,-0.5499,-30.8288,-33.2518,-12.9653
4.5187,-82.7367,-49.2557,-24.2716,-53.1928,-4.7211,-5.8032,6.9269,-95.7266,-101.1017,189.4040,-40.7863,8.3080,8.7660,-39.1943,-45.3085,-14.3747,1.0102,-34.9434
9.2287,-77.8550,-33.3885,-11.9551,-28.9193,20.0768,-25.8378,-15.4445,-104.4828,-112.5355,179.7924,-51.0947,-15.8345,-11.0889,-36.0424,-52.3681,-3.8763,6.7448,-14.1894
7.8268,-80.3957,-13.2740,-0.8933,7.5183,27.7382,-24.5344,5.2245,-91.6108,-99.8983,177.2549,-64.2156,-8.0048,-24.9719,-26.1390,-55.7135,-26.7837,11.7030,12.6424
10.7059,-68.7068,-5.6673,14.9855,10.2561,10.7519,-32.0062,12.4223,-66.6056,-124.8561,153.7742,-56.2965,-3.8634,-20.1518,-27.8734,-70.1485,-49.6198,28.8883,9.1060
21.5824,-17.8369,-7.7130,16.9142,-20.5037,-8.1222,-42.3904,-28.3710,-43.5033,-176.2307,91.1004,-25.2639,-18.6585,-20.3395,-23.7604,-76.1909,-23.5270,25.1084,-4.3765
33.0547,39.2232,3.0096,9.7375,-35.1453,-31.6401,-41.9293,-64.3783,-49.2116,-180.1964,47.8864,-13.6702,-26.8066,-54.5511,-28.1493,-93.8098,25.3427,9.1505,1.7428
41.2602,58.7271,35.8994,27.6403,1.2754,-52.9422,-27.9239,-66.0202,-97.0777,-133.3454,61.3349,-15.6791,-11.6994,-93.9525,-66.1834,-149.0578,46.1070,28.9268,27.3020
48.3604,57.5997,67.0636,66.4730,61.1464,-37.0446,1.3418,-75.6777,-144.0238,-111.4792,72.9193,23.8960,16.7126,-84.5914,-103.4786,-195.8084,50.0121,69.2746,50.0738
59.0452,69.1820,80.5574,88.0027,92.1436,8.2320,17.0277,-94.3122,-152.8719,-142.9872,54.0539,75.2656,39.2340,-44.9013,-109.8616,-199.4114,69.1765,82.5876,43.1196
79.5438,91.9257,103.6586,90.5446,95.2255,34.7137,-8.1721,-74.9997,-159.4697,-166.3976,51.0522,66.3559,48.5837,-38.2754,-118.2518,-203.5865,97.3878,80.3615,10.4275
97.8929,117.1826,143.5648,93.0020,105.7318,31.0878,-35.4225,-38.7364,-187.3637,-131.5512,64.4221,32.8077,57.1336,-63.5441,-142.3515,-221.5182,121.6747,83.3156,-13.6471
87.6824,139.5021,149.0029,82.4693,111.4932,16.1153,-34.0637,-50.1558,-189.0479,-82.0443,61.2490,39.8907,70.3977,-72.3164,-147.1765,-204.1592,143.2731,65.7034,-31.9223
56.4242,140.0252,103.1415,49.2815,77.6834,-2.8868,-48.0350,-100.0594,-147.5263,-76.2760,62.8667,55.3638,66.6626,-58.5649,-129.3369,-152.5878,153.7566,23.2800,-74.9427
37.8810,112.3056,63.8999,21.6993,30.6521,-13.2248,-86.0710,-119.9417,-108.1604,-73.0083,74.0605,40.7624,36.0136,-46.9994,-112.8973,-112.7368,139.4740,-2.2762,-108.6784
27.3018,83.2729,59.5380,21.4369,19.6394,-5.6529,-84.3055,-87.5189,-85.5668,-19.3884,52.0371,29.8302,9.9812,-39.5075,-93.2543,-85.2080,100.6859,6.6228,-80.4510
-1.0521,75.3663,51.8279,35.3212,30.3696,-3.3910,-44.7372,-50.8796,-62.8217,15.1594,17.4123,41.9491,9.9692,-27.7575,-68.6034,-55.3134,53.1656,27.9273,-34.8577
-32.4103,71.5937,24.3491,43.2110,26.2822,-12.3319,-35.2318,-45.4587,-44.1644,-27.2052,25.2370,44.5116,13.5586,-18.7796,-57.0429,-40.6384,18.8252,41.0120,-31.8241
-42.4414,48.2477,3.4082,41.8063,19.3383,2.6852,-49.8398,-39.4968,-31.8365,-60.7535,49.0814,25.5806,8.0977,-17.9146,-56.5291,-50.6176,5.9969,43.8980,-32.9788
-39.5806,23.0501,0.4349,43.1132,26.7388,33.8526,-43.3361,-8.3055,-23.3944,-40.4969,49.9992,19.8268,11.8592,-9.3992,-59.2715,-66.1439,3.2659,49.3068,-10.3080
-32.5979,22.9134,4.4321,50.3583,26.7101,25.7109,-32.4733,7.4101,-29.8864,-46.1797,52.6911,47.1511,22.8688,20.0916,-66.2677,-61.0490,-2.2121,59.1011,-15.4866
-21.7976,26.0732,4.2519,45.1089,8.7544,-11.0089,-34.3515,-8.4719,-36.7691,-73.0599,64.3039,72.5664,21.6669,48.5772,-60.7045,-29.6375,-12.7491,51.9339,-45.9015
-18.7772,11.4126,1.0431,30.4228,-0.8433,-9.0530,-24.4309,-6.7075,-29.5151,-47.7381,63.3754,70.1462,20.4020,51.3990,-45.4604,-11.9078,-20.7337,35.6805,-40.6839
-22.4948,19.4339,16.4047,48.5171,14.2602,29.4924,-9.3775,15.3911,-53.3670,-31.4039,62.1534,79.3048,35.9653,50.9537,-62.3130,-38.1533,-16.0535,59.5768,-25.8999
-18.6401,64.6639,56.0458,102.6862,47.9845,48.3629,-15.0989,4.0201,-113.1550,-87.0014,57.7699,112.2675,45.7624,67.4181,-97.0016,-58.7680,-8.3283,119.6802,-54.2069
-12.7924,79.7808,79.9362,128.1907,86.1717,43.9684,-25.1933,-36.0603,-121.9079,-117.2895,23.9509,102.2192,31.5184,66.2565,-83.1166,-29.6387,-15.3715,139.6977,-80.3098
-8.5862,47.8344,62.3423,92.0171,91.3633,38.0361,-29.0157,-65.7650,-73.4405,-87.0130,-0.0242,45.6000,12.4537,33.8828,-37.4121,3.4695,-13.7362,90.4385,-73.4326
5.4937,39.6211,32.7047,38.0781,39.1769,8.8587,-49.1241,-92.9854,-56.0241,-99.8027,29.6607,20.9931,1.8881,12.3441,-24.9792,8.2221,19.0212,27.0750,-92.0144
14.2226,57.1507,16.7194,5.0119,-17.9853,-53.6478,-76.3594,-114.6445,-54.4388,-137.3230,64.3418,12.6202,-2.9660,0.6538,-26.9730,15.1554,29.0436,-8.4838,-137.6803
-0.1419,38.8483,11.4244,-12.2814,-15.2289,-100.8765,-81.4993,-93.6436,-5.7405,-91.8886,70.7730,-38.8297,7.6501,-37.3930,-9.8652,15.7347,-17.2638,-26.5454,-135.3846
-9.0538,12.0076,23.2671,-16.8927,28.6268,-95.6891,-70.7750,-43.1573,31.2653,-13.4280,81.4552,-65.1353,32.5313,-63.3155,-4.6213,-5.1536,-44.8078,-37.7270,-84.2661
2.7043,29.2103,49.3678,-2.5327,66.9518,-62.1278,-55.8547,-10.1188,10.1999,2.7088,73.4791,-17.6750,39.2551,-30.6458,-8.3128,12.2995,-14.7127,-34.0377,-45.2102
2.9776,43.0479,58.1010,20.4353,98.0779,-38.4626,-40.4178,-1.4434,1.6808,-8.4033,17.2462,-0.3251,14.8730,2.7086,13.9781,70.7354,0.8229,-13.0177,-29.3059
-9.5778,20.4688,48.0453,38.1563,119.1750,-28.4240,-45.2004,-11.0510,13.4358,-15.3677,-7.5692,-45.0186,-6.6471,-17.1947,20.7142,62.8922,-17.1506,13.9860,-22.3257
-0.8219,20.4659,56.7132,52.8116,118.0798,-9.3421,-66.8343,-41.7018,-21.5156,-52.1240,35.8866,-47.6313,1.3543,-46.0148,-23.4260,-24.5913,-5.7886,34.0527,-26.9035
23.5850,53.2340,88.7041,70.8345,125.3766,27.2065,-70.7749,-75.6696,-66.0841,-99.6536,47.1340,-15.9765,19.3984,-53.5364,-52.0299,-81.8245,23.7685,46.7690,-35.0294
37.7721,60.6770,112.0379,90.8704,161.0592,57.4893,-66.5427,-98.1581,-61.3091,-122.9705,-2.1268,-38.4780,18.0004,-65.2832,-35.1047,-83.4398,23.1506,62.3033,-41.6626
47.6956,50.8879,118.4612,105.1886,180.2771,66.8500,-81.0061,-111.9871,-62.9831,-137.4325,-22.1698,-64.4238,2.5100,-69.3934,-36.8470,-88.9166,28.4223,79.6055,-55.2167
62.0576,64.7651,123.8167,102.7726,158.0276,72.1256,-79.6105,-103.4966,-100.0072,-127.2162,-10.7394,-27.0156,-0.0466,-46.2238,-61.5153,-95.2072,65.2588,80.8009,-57.9246
68.2717,75.4233,123.7468,79.5293,127.8786,68.8227,-42.3247,-69.2630,-99.9605,-67.3905,-29.1041,-3.5258,11.4379,-40.3617,-53.0346,-83.9901,78.3912,58.2881,-29.5287
56.3025,53.0729,98.4796,48.1914,103.1454,30.7661,-26.0073,-43.8708,-40.2430,-7.0331,-49.7842,-41.9109,10.7948,-76.5389,-29.1543,-90.5033,49.7392,29.4232,6.5362
32.7620,22.7593,56.9287,25.6024,70.6789,-16.7409,-51.2861,-42.7116,22.4303,23.7730,-41.5984,-70.1988,-7.8205,-105.4502,-30.4115,-115.5013,21.8636,12.2505,25.1250
18.9363,3.2371,33.9408,11.6106,42.2092,-32.2024,-68.6723,-49.3047,56.3526,54.3415,-39.3579,-62.8680,-23.3055,-101.9052,-30.2353,-113.5658,4.8956,0.8619,28.2680
25.9688,-7.3561,33.8671,-5.7387,25.8296,-44.5507,-70.2355,-63.4846,65.7237,60.2885,-33.8107,-64.0226,-26.4702,-96.7163,-9.9061,-84.8943,-11.8214,-21.2043,13.0508
32.0202,-2.3490,24.1521,-27.3019,4.4894,-85.2101,-84.7440,-87.2174,69.5891,7.6572,3.6593,-66.2472,-24.1437,-98.3340,2.9129,-65.0241,-17.9487,-52.0134,-14.4317
22.8941,8.4066,-1.4376,-42.0903,-21.9189,-115.0378,-95.4682,-103.9267,98.1701,-34.8588,20.1148,-40.6484,-17.2472,-89.4022,2.9681,-66.8055,-18.2206,-73.3908,-24.0976
15.8430,1.6959,-19.1451,-47.4773,-41.3196,-116.6897,-80.0482,-101.5863,145.2106,-6.8614,-15.8646,-9.1156,-6.8969,-71.7919,5.7945,-78.2492,-32.4012,-77.1085,-12.1471
10.8014,-16.7465,-30.5858,-52.1344,-55.3189,-127.4564,-61.1990,-68.1390,172.5857,45.4964,-40.0065,5.7072,-2.9666,-45.6106,9.9970,-63.4561,-51.6031,-73.7982,-3.3224
-1.2656,-28.8878,-42.4521,-60.6526,-56.7976,-139.4466,-54.3742,-5.3240,173.2103,78.6256,-24.3560,15.8274,-6.0083,-1.4397,19.1425,2.2012,-53.1831,-79.0902,-1.4901
1.0276,-30.9512,-36.3061,-68.4895,-42.9711,-121.1687,-44.5305,38.2120,157.5817,94.9667,-10.0343,29.8808,-2.9445,37.9555,35.0434,66.4742,-37.8145,-93.2388,0.2565
12.5738,-25.3783,-23.8058,-69.8851,-45.6568,-102.2491,-28.0603,37.5197,130.2798,82.9108,1.9175,39.7217,8.5501,40.8429,37.3614,64.3298,-33.3191,-96.0211,1.4918
-5.6510,-29.3516,-42.7423,-66.7102,-78.0447,-106.2912,-12.5748,39.7815,113.4582,50.4566,31.2123,37.9265,14.9071,28.4423,28.6595,34.1759,-62.9070,-78.2703,7.9702
-30.8602,-53.0822,-73.9135,-67.0418,-98.3801,-101.6611,10.1227,57.7160,112.6883,33.3148,48.6835,30.1059,17.5018,40.6908,37.3315,46.4674,-95.1224,-64.4190,10.2459
-18.8314,-59.3037,-71.0349,-68.6313,-78.6204,-82.9314,52.9520,50.0612,93.0809,24.5699,34.1762,32.5654,40.7494,64.8372,55.8148,79.5366,-82.7869,-68.4951,-9.9631
-7.3803,-31.9665,-48.6809,-57.5836,-45.3724,-72.4864,103.2347,35.3135,50.1520,13.8283,22.4309,45.1957,81.3561,65.6774,54.7867,79.4245,-58.6719,-61.7509,-24.0206
-32.3079,-31.2269,-46.5979,-37.3052,-29.5973,-62.5476,123.9780,45.1958,20.0781,28.6396,43.9519,43.4183,94.7081,48.3761,36.9741,52.8232,-77.9669,-30.6828,-4.4596
-54.1406,-68.8877,-63.7335,-28.0645,-29.6423,-54.7354,104.1113,28.1839,11.7569,44.4414,78.1672,24.5973,75.4096,35.5727,18.9013,28.8283,-102.1136,-9.4591,-0.6405
-51.9342,-59.6527,-71.2815,-24.1619,-21.9622,-62.9120,76.0721,-35.5754,17.6658,6.4939,72.2142,22.8136,70.9141,29.0265,5.8094,14.1164,-76.2255,-11.8079,-43.6270
-35.6395,3.7381,-38.9106,-0.3599,14.2409,-54.8689,59.3520,-69.1252,40.1988,-36.5823,-0.0031,43.7223,82.2881,28.7900,5.7594,9.5826,-39.1732,-5.5136,-72.3230
4.3732,22.6537,22.1405,33.8268,62.7551,-19.0759,51.3665,-52.0820,57.4901,-18.9471,-86.8429,46.0801,75.4055,38.2606,16.8409,7.2787,-40.0703,21.2308,-62.2082
34.0624,-8.9981,40.1327,44.9252,75.5774,-14.2684,68.4934,-54.4001,44.2148,-2.9381,-106.3551,23.6262,78.7543,42.1975,14.9784,-11.9124,-55.6852,42.2112,-74.4781
5.0490,-8.1936,-3.8050,32.0280,40.5471,-46.9665,102.9265,-89.0695,11.2674,-39.8155,-51.9345,25.1006,114.3993,32.6332,-7.0649,-36.3120,-53.9325,42.4361,-115.0700
-21.3785,13.9837,-23.1580,20.1794,8.8783,-51.9334,98.7876,-97.8189,-27.6806,-50.5273,5.3666,56.1608,115.7499,34.5951,-26.3555,-28.6337,-32.6218,31.7509,-120.3241
20.4896,-2.6192,14.5780,20.0447,23.8339,-28.8439,59.1323,-61.9937,-58.5006,-5.1466,11.6478,60.7171,66.9867,58.1977,-31.0989,-0.2603,2.1513,25.6167,-91.2154
66.1628,-18.4685,37.0611,29.7642,54.7827,-20.2958,49.8813,-24.6988,-56.4872,-3.0727,-21.5239,37.8918,55.9753,75.0729,-37.3162,-10.7155,34.9355,35.2314,-84.7113
68.4550,26.6076,32.9249,48.9871,49.4174,-8.1703,59.2984,-26.7941,-49.8477,-76.2228,-54.7078,56.4276,85.9325,77.5134,-59.9953,-62.8509,63.3413,57.6530,-104.7768
79.8319,96.9273,59.4118,72.7796,27.1105,21.8463,34.9008,-53.8266,-92.1606,-135.0137,-73.2138,120.1981,72.2616,90.1595,-87.8341,-84.1835,108.1957,78.1504,-114.4421
102.3683,133.3321,93.5636,89.4367,40.4005,32.5511,9.7495,-63.0142,-144.5755,-147.0944,-81.0572,154.7030,35.4577,106.5191,-99.7474,-58.7425,156.6259,87.2273,-104.9368
91.2403,127.6672,79.1984,87.6007,66.6188,22.6930,12.2539,-58.3868,-136.1991,-166.3145,-65.3302,137.0262,39.5240,96.5954,-95.4866,-55.5487,165.1602,79.8918,-89.7244
70.2257,97.8976,46.5902,65.6427,49.1822,24.4547,-3.5780,-62.7870,-96.6372,-187.8143,-25.6852,111.8447,38.4786,75.0401,-80.6632,-68.0768,135.4236,54.4919,-74.2138
59.1610,75.4932,38.7142,37.3047,10.4740,29.5013,-30.1836,-45.3601,-79.6045,-150.6500,-3.4407,103.1576,0.0174,77.5939,-47.2957,-9.5774,103.9009,23.3771,-57.4521
26.1093,77.3884,34.3479,15.8728,1.5104,23.6092,-10.9903,10.0331,-62.7719,-66.7463,-6.9247,103.3780,-3.1839,90.5931,-8.2090,83.0983,76.3559,-0.5315,-39.3783
-11.8550,65.4781,12.8244,0.3881,6.9132,19.8623,28.6321,51.2244,-22.9076,-11.1978,8.3323,100.8701,44.6414,82.3354,3.0981,83.6807,40.0558,-16.1135,-17.8075
-13.2803,18.7736,-7.9227,-6.6179,4.2714,16.0365,43.6189,61.5833,13.9134,-3.1718,27.9332,82.1274,66.7992,64.9313,-3.0720,20.3549,2.1549,-16.6734,10.5294
-0.9374,-2.7757,-4.2414,4.4130,13.5086,5.8433,54.6780,73.7929,21.9443,2.7564,-3.5695,57.4860,47.2672,56.5811,6.7334,11.1854,-18.2695,2.7793,38.2217
-0.6101,29.9673,25.0441,24.0362,31.3340,9.3089,58.8476,73.9194,-3.0004,25.8386,-43.9954,55.0418,28.0173,40.1730,10.9662,27.5958,-9.9543,23.2499,53.2022
-1.3707,49.4256,46.0085,31.1413,31.8465,31.7682,27.5177,52.9146,-33.9962,47.2733,-25.0268,62.3789,12.3879,12.5511,-15.5953,-5.5137,13.0179,27.8318,63.2256
-9.2465,25.7096,29.8313,24.4119,21.9705,43.7789,-3.7876,54.3816,-27.2376,65.9830,3.1361,50.1320,-6.2924,0.9242,-35.2343,-34.7738,22.6327,24.5831,77.0153
-25.7707,11.2905,5.0053,16.3661,16.6578,23.0264,-4.9633,62.7125,6.7123,90.1273,-15.5440,30.1534,-13.9105,1.2975,-27.1860,-17.2294,15.9601,21.0144,71.7546
-28.6235,8.3331,3.0916,12.5681,17.2655,-16.4230,-8.7118,25.2680,20.9221,104.6357,-29.4341,12.6146,-14.6243,-12.2951,-20.5294,-5.8248,-0.1106,16.9110,38.3628
-25.0388,-24.6533,-0.4056,11.2337,23.1387,-34.2081,-22.9499,-18.6717,20.4195,93.3397,-8.3685,-11.6983,-25.0376,-19.8683,-13.8692,-1.1100,-28.1717,16.2172,11.1793
-26.4042,-50.5713,-17.1987,8.5052,11.6113,-13.8253,-31.8389,-25.7547,19.4984,58.8232,1.9737,-14.5180,-43.8356,9.3010,2.7311,35.5325,-38.4569,16.3074,-6.1241
-12.0616,-19.1199,-11.9444,10.7149,-23.2055,8.5630,-47.7639,-33.2418,-14.6917,16.6118,-4.8418,22.7780,-58.9172,46.9413,-6.4382,60.2653,0.0243,20.2790,-42.6679
4.7706,23.8088,16.2820,33.6499,-23.0257,12.2675,-56.8068,-37.5055,-71.8514,-6.7943,-7.4001,46.0573,-60.5685,53.0741,-41.0544,40.2830,40.0565,48.1032,-64.9541
-8.9579,37.5660,28.1767,65.8784,20.2143,25.3166,-34.0870,-10.6384,-88.9120,-10.5554,-27.8775,28.8377,-52.6733,36.6376,-48.4648,22.6825,37.0875,87.5065,-36.4536
-20.7213,62.9055,20.8146,74.4202,20.4863,41.4953,-23.3804,-16.3757,-73.9219,-42.9796,-65.2745,22.9714,-49.9327,21.0327,-39.9590,11.1474,43.7725,96.3005,-27.5051
2.9507,105.4384,22.9212,66.4585,-17.6669,29.1131,-54.7518,-71.3475,-78.1129,-106.6291,-77.0963,40.5362,-50.8710,15.1104,-59.1490,-20.2581,88.8069,82.3636,-80.2562
21.4402,114.3574,42.7874,71.8202,1.6117,21.8293,-74.6229,-65.4340,-86.6085,-112.7164,-71.0059,42.3680,-49.2227,24.0718,-70.2099,-18.6176,108.0949,81.4071,-96.3104
11.3823,102.7260,63.1676,76.0075,49.5857,47.1403,-59.0718,12.4987,-77.3078,-38.9885,-80.8688,39.5566,-57.1267,38.1849,-42.3491,39.9244,95.2469,78.0784,-31.0322
9.3171,114.0329,64.2565,60.7462,41.7269,52.3364,-41.4676,51.9222,-81.2904,9.5990,-93.0513,53.9145,-67.9482,43.3115,-28.7954,73.3065,116.3156,59.0797,12.2183
25.0665,116.4992,48.1758,53.1723,23.8430,27.6388,-25.4686,55.9007,-98.5785,-8.6801,-94.1035,55.1084,-61.1700,53.6734,-47.0732,56.4215,153.4231,58.9868,-2.7601
31.9006,77.6560,33.9514,57.1516,35.8584,30.8658,-14.6994,94.7063,-82.8705,-14.5750,-96.9929,35.1129,-61.6349,76.0937,-42.6329,58.1996,141.1921,71.3027,7.8188
21.8657,41.6116,20.5911,38.7439,14.1039,46.7450,-28.4634,134.4924,-36.3986,20.3092,-93.5485,26.3460,-87.1691,80.5954,-12.4870,82.9581,99.4657,52.1195,53.2298
3.8318,39.3119,0.4261,15.5580,-28.7351,30.0495,-31.0072,142.3997,-5.5161,46.5125,-84.8005,28.1454,-89.3832,64.4846,-4.1321,78.4210,75.9843,30.6633,68.9562
-5.3146,44.9188,-2.2968,28.4530,-16.4561,18.3801,4.5012,157.3268,-1.9203,54.4252,-101.1628,28.2440,-53.2434,65.4622,-14.7677,56.1897,63.8875,52.2205,59.3325
9.4780,43.8812,20.9227,45.9551,9.8325,27.6623,23.0187,165.1367,-8.4331,57.4281,-116.4148,41.4846,-32.5658,82.0914,-16.7073,50.2310,51.8266,69.6028,54.6518
27.9897,33.7049,27.3721,26.4194,-9.7641,7.1916,6.7753,130.9137,-14.3287,47.5110,-74.2658,56.6400,-30.6177,80.2207,-17.0905,43.4818,42.9516,40.9026,40.7742
23.2724,1.1659,1.2505,-1.6734,-29.5669,-25.6768,14.6371,99.9598,-0.0993,51.7113,-27.3836,40.0777,-7.7775,62.1547,-17.9615,20.8196,22.5494,12.3314,21.6464
9.8624,-32.8851,-22.0988,-15.6198,-31.7329,-24.9367,48.8052,94.3074,53.4616,104.1160,-66.3960,3.0508,15.3717,40.8671,1.5179,4.5405,-9.2522,4.7557,20.5008
1.4201,-34.9278,-35.3314,-40.8773,-56.6194,-36.1005,63.2323,68.1147,116.1772,164.9785,-136.7810,-27.9163,10.5024,3.8558,36.7994,12.1313,-27.0203,-22.5296,22.6469
-17.7487,-29.8958,-59.7900,-74.0057,-88.0417,-83.4838,62.6735,27.9411,129.3566,178.6154,-126.9258,-59.9097,-0.9911,-40.3692,58.4708,33.2498,-32.8292,-59.4380,13.3066
-40.1610,-48.9898,-85.7322,-79.7781,-102.3694,-96.3878,56.0665,6.3174,93.4051,140.7819,-65.5025,-89.6084,-15.6982,-57.1126,56.8248,42.6849,-45.1425,-56.6404,0.2855
-40.2237,-58.2635,-89.7435,-59.8124,-116.8489,-57.0327,29.9060,-24.8392,63.5680,68.2221,-43.6588,-84.7296,-35.8401,-41.5467,45.3361,30.2557,-53.1223,-27.7734,-27.3071
-28.7554,-24.1600,-69.8487,-37.1530,-108.9917,-23.8076,11.0402,-69.1275,52.3134,-3.6076,-51.0242,-38.1301,-21.2403,-16.5397,31.8145,15.3970,-39.1345,-14.1729,-67.7977
-23.7638,26.0494,-34.4520,-15.2472,-58.2112,-6.1141,22.3546,-81.8605,29.1923,-29.9635,-45.2789,13.7544,26.8288,-0.6067,14.4161,7.4024,-10.7003,-10.3685,-83.3236
-11.6814,55.6088,-0.1012,1.4821,-16.3517,12.6301,30.7876,-78.3051,3.9251,-26.2245,-48.5346,31.4390,49.4144,-5.4495,0.4756,-10.0046,15.6675,-3.5878,-73.5076
8.9310,59.9857,13.7927,-0.1091,-6.5022,10.6077,23.9415,-87.9596,5.9907,-32.5424,-63.6007,20.0996,43.3398,-17.5707,4.2938,-19.2073,29.9144,-11.2768,-69.4697
9.9317,50.5916,9.1571,-18.0962,-1.2988,-14.5771,28.0422,-68.3960,15.8589,-22.6730,-41.5691,28.8173,43.9657,0.6063,23.8290,27.3652,25.0759,-39.1379,-58.9567
-13.9623,41.0601,-2.4227,-37.4814,-18.3517,-30.9302,36.8879,-14.8895,4.8772,27.5488,9.8319,73.7371,38.6324,45.8146,36.8847,105.7538,7.6855,-61.2055,-33.8124
-33.9629,37.0267,-16.5473,-44.1972,-57.1348,-27.3578,31.2844,5.8447,-5.0436,70.8410,22.3132,99.5714,18.5238,66.0219,30.0271,130.1053,0.9097,-57.7455,-26.4302
-36.3096,32.6303,-23.5915,-35.6008,-54.1695,-11.0436,23.1603,7.7940,21.2236,85.9796,-21.5109,70.7383,8.9592,46.4396,22.2583,95.9211,10.2775,-41.6712,-21.4104
-35.5812,25.4135,-22.2853,-29.9484,-25.0522,4.6128,13.7162,55.8756,76.2867,104.4371,-73.9425,27.6420,-2.8715,28.9225,39.0904,89.0379,10.1252,-38.2479,17.6813
-36.1017,15.3538,-26.0463,-41.7515,-45.8630,0.6477,-16.9607,106.2702,113.0326,120.2180,-91.0748,4.2622,-42.0621,35.4454,65.6804,132.5751,-7.2179,-49.4649,38.5484
-26.6141,1.0112,-28.3084,-54.2929,-81.1434,-11.5051,-60.3321,97.9585,102.2526,119.8043,-68.6481,-12.4676,-77.2831,42.8675,63.8995,157.1776,-7.8000,-57.0517,3.1027
-18.6456,-8.9459,-20.2810,-52.6909,-58.2709,-7.5145,-80.5232,90.4454,88.1812,137.2817,-47.1678,-26.8175,-79.4104,32.6195,43.5057,137.6286,16.4739,-58.3696,-2.2167
-34.6314,-12.3012,-29.6052,-53.3383,-23.8727,-7.8006,-58.9241,126.7553,122.6993,173.5062,-66.3970,-32.6842,-72.9828,15.8183,52.8612,129.3289,19.8215,-65.4248,64.3515
-56.0685,-25.4956,-65.5887,-68.2270,-42.7328,-31.1082,-21.6993,139.2913,161.3697,178.6279,-96.8124,-39.2557,-82.4537,11.9866,88.6922,157.1723,-7.1491,-76.5639,105.5408
-50.5597,-46.0726,-83.3844,-85.2826,-77.6992,-39.4297,-9.4656,111.7028,149.6831,158.5529,-87.0424,-39.6724,-93.3058,27.1791,107.7057,188.1147,-19.8140,-88.9150,81.5006
-35.1275,-53.2064,-66.2063,-97.4554,-76.6570,-11.8201,-4.4412,118.8984,139.6440,165.1790,-58.0838,-15.8952,-69.9830,52.8534,116.1056,207.2684,-22.9895,-111.0173,67.7891
-43.5569,-55.2154,-57.7005,-107.3724,-57.2492,8.5709,41.1861,154.7350,174.5710,191.2840,-51.7188,10.9311,-4.5516,70.7002,138.7532,216.7427,-60.1229,-132.6288,78.3842
-72.9206,-67.8223,-83.1356,-110.0858,-64.3379,-7.1558,93.5847,133.4549,195.4580,185.9407,-48.6801,2.8183,43.3746,53.7803,149.8163,194.8774,-112.9777,-127.2631,65.0787
-109.2837,-76.2332,-120.5722,-97.4251,-99.4218,-27.2985,80.9193,55.1259,171.9025,137.8444,-28.3644,-39.5890,16.1185,-6.7829,127.8414,134.9925,-138.2085,-92.2879,47.4212
-138.1635,-75.6446,-139.1132,-67.6431,-109.8687,-11.9714,29.4927,-6.1964,145.3925,81.5233,-19.3266,-85.6667,-41.4678,-65.7101,99.3844,75.3933,-139.3461,-45.4001,51.0263
-128.9263,-78.8231,-121.7774,-34.0844,-71.4230,30.4734,10.4688,-33.1369,116.2209,46.0132,-30.9874,-108.1869,-51.8164,-70.6165,80.7589,48.6796,-121.7461,-7.1928,29.1593
-84.9473,-72.5956,-82.6691,-22.2980,-37.0403,52.2862,13.8513,-59.2905,71.6445,22.7929,-28.5965,-102.7946,-24.4565,-48.3668,66.3254,43.8548,-86.6497,-2.3870,-27.6937
-58.3854,-51.3755,-51.6891,-29.6653,-34.0105,36.0330,3.3710,-83.1900,53.9091,4.2130,-2.1766,-88.7603,-5.2774,-57.9911,61.4829,30.9131,-80.3286,-23.4143,-47.9371
-60.7931,-43.3311,-25.0710,-19.4913,-12.4944,21.8004,-5.7704,-68.3971,66.1142,21.7970,18.0138,-73.8274,4.2423,-80.2302,56.6419,1.0824,-116.3445,-21.5739,-4.9195
-51.1859,-46.3251,12.8515,9.3623,37.7301,31.1521,-5.0203,-13.5501,54.0372,74.3761,21.1995,-51.8114,11.3639,-68.9872,32.8577,-21.8137,-123.3394,6.8990,43.2704
-27.3847,-33.9002,36.1221,16.9882,58.8093,33.0280,-18.0737,24.6336,22.5986,86.8570,30.0208,-45.1824,7.9630,-53.1402,8.6430,-23.6547,-78.0065,12.6724,47.6716
-21.6009,-23.0231,21.0483,4.9348,38.8252,19.8205,-42.4908,9.3402,14.3496,36.4383,46.9695,-66.8134,-2.6506,-62.7124,1.6228,-27.3227,-45.3905,-0.0333,18.3181
-27.9946,-33.0922,-3.8826,3.1689,17.1764,23.2926,-47.1704,-14.1123,20.7972,3.7202,45.3735,-68.4703,-9.1671,-54.4647,-1.2793,-33.3576,-43.8887,4.6888,-3.7193
-21.8307,-38.6479,-11.9422,-4.2577,2.6214,42.5674,-25.0405,-0.6677,24.8872,20.5668,27.4353,-27.6505,-5.5447,-12.2545,6.0352,-8.0422,-32.2552,-3.0760,3.1840
-4.6545,-27.9038,-14.8880,-31.6024,-15.3044,46.5206,-5.2533,17.4657,33.7540,26.9313,15.3027,0.9040,1.5384,15.1762,28.4533,31.8906,-3.4310,-42.1135,12.4540
10.3998,-17.6989,-23.4566,-42.4067,-32.3688,28.8507,-6.8520,16.0756,34.7274,7.3546,-6.6816,-9.1318,-9.5793,20.6611,33.0081,46.1630,27.0362,-52.3851,-4.9631
14.3333,-12.8546,-34.1955,-31.3375,-44.7309,5.3739,-6.7982,28.5878,14.3424,-2.9466,-38.1082,-34.2611,-35.4369,28.3075,22.9069,59.3710,49.5777,-24.2067,-27.4801
10.0703,-18.8076,-38.2815,-35.5635,-45.6860,-3.9508,13.9620,54.0343,-10.4682,-9.6491,-27.8016,-77.1828,-37.4701,14.8057,37.8125,83.6910,42.3064,-19.7929,-29.1251
17.1123,-30.4324,-19.0946,-39.2751,-29.9579,14.3683,29.9919,55.9586,-26.9487,-20.5015,3.1896,-113.9264,-12.8983,-16.8181,52.0770,67.2411,14.0376,-26.1978,-26.7257
31.8955,-17.4662,13.0424,-13.9212,-17.2783,38.4855,25.0941,48.3601,-27.6907,-9.2306,-19.6573,-78.9636,1.6182,-7.8457,30.1797,24.4527,5.0956,-0.7196,-28.5202
19.1750,-0.4730,12.3078,-3.5612,-23.2451,32.1086,21.6463,49.5998,2.0913,17.4887,-44.2282,-9.7707,3.3760,25.5556,20.2027,27.8963,-4.0670,5.7263,-12.6473
-13.2202,-29.8155,-21.6619,-27.1202,-28.6376,9.5401,22.5912,33.5712,43.7673,26.4816,-3.1908,0.9814,4.4734,21.9101,44.1935,51.2828,-45.1628,-27.9593,15.4977
-13.0018,-63.3469,-28.4837,-20.4385,-15.5687,19.7306,18.7074,13.3564,53.6361,20.6543,2.3741,-4.2171,-6.4721,22.1611,47.4174,38.2472,-66.6710,-20.1787,29.7543
12.2627,-50.6166,0.1876,21.9817,3.5413,67.0827,33.4308,29.3209,26.7718,10.5912,-58.2102,41.3872,-15.5725,69.9578,30.8287,28.8852,-48.2944,31.4711,38.5524
4.1715,-47.6333,3.9233,29.8142,9.8229,104.7757,61.4811,45.9900,-3.3937,-11.8388,-35.2958,66.9388,0.9585,89.7455,37.1415,42.0174,-56.6065,39.6471,54.6656
-29.2362,-55.9230,-18.9405,14.9346,6.0536,105.4879,56.5177,17.9868,-9.6011,-35.3657,33.2790,40.7777,18.5746,50.0721,36.7367,24.2192,-74.5970,21.5953,49.1660
-35.3780,12.5970,-8.7535,38.9463,12.4825,94.7660,31.3895,-23.3243,4.8794,-46.1787,-35.5464,49.9216,25.1050,27.3761,1.9238,-18.7194,-24.7331,44.7219,4.7380
-27.8877,88.5053,19.0187,64.0401,27.2374,93.3209,25.7750,-58.3064,9.9045,-59.2734,-112.3260,76.8504,44.2922,19.4284,-20.4415,-44.7296,21.9464,63.5844,-36.7783
-46.2683,27.3963,-5.0079,31.5773,15.5986,65.7044,9.6036,-101.2305,-5.2625,-74.3138,11.2862,28.6000,44.4522,-27.0269,-9.6667,-55.5744,-34.5902,27.9591,-36.1373
-60.4772,-71.1591,-55.4798,-9.8459,-21.3461,-17.6701,-36.3996,-112.6568,-14.3198,-71.3676,147.4996,-29.6675,-14.4543,-49.8480,-2.6384,-33.1639,-92.6895,-5.0236,-15.0865
-30.9092,-37.1192,-49.2119,-3.4367,-30.0639,-111.3825,-59.7103,-61.4686,-17.9373,-61.8529,97.8440,-1.2692,-66.3431,-3.0516,-15.9876,23.9423,-40.7132,4.4430,-9.7239
13.1172,45.5036,2.3708,18.0600,-3.3664,-153.8891,-46.3557,-7.1012,-42.8536,-64.2673,36.7988,40.2915,-45.4914,22.2915,-41.8151,25.7553,28.9179,18.6570,-15.0849
40.4874,44.3671,34.2966,17.4171,10.3074,-129.1883,-35.2025,3.9187,-62.5380,-63.7134,67.3242,26.3146,-0.6508,-3.5922,-60.3786,-41.7980,28.5804,15.1546,-16.7426
62.9294,16.2942,51.1695,9.1005,12.6652,-41.3512,-18.6392,-6.6938,-42.3611,-48.9002,42.6405,19.7391,24.2176,2.5501,-36.4573,-57.5314,14.9178,1.1343,-24.5411
67.6109,12.3147,72.8017,5.0366,40.6515,67.2651,23.5847,-26.9985,-19.1241,-29.7061,-11.1539,42.6533,58.1043,30.7034,17.8766,-8.5330,4.2067,-20.9484,-30.9525
29.0699,-16.4428,66.5623,-4.3439,71.2219,106.2711,64.3113,-42.3379,-18.3290,-3.8390,43.1041,40.4650,98.6012,9.5045,46.3904,2.2362,-50.6458,-39.9703,-1.5279
-9.8740,-53.4238,28.7081,-24.7861,57.3331,63.6840,82.2054,-12.7165,-6.1799,31.2477,108.8403,17.6328,103.4870,-22.6103,47.3513,-12.5527,-96.2571,-52.4122,50.6485
3.0279,-50.4850,5.5798,-50.3247,13.8057,39.7328,79.5218,37.0519,14.6335,55.9672,75.6115,6.2388,76.7257,-12.7001,50.0642,3.1119,-55.7849,-71.0839,66.9640
31.6292,-44.8160,2.0014,-62.2563,-6.6049,70.7048,65.5240,37.4407,10.7702,62.0703,34.2221,-6.8603,57.6920,-3.8273,40.7428,-3.0137,12.8322,-80.7558,46.4783
22.0423,-57.9466,-8.9709,-49.3111,13.0932,83.7317,71.0821,-3.3242,1.3948,63.3293,35.2068,-17.4814,65.8509,-22.6667,17.8528,-48.9763,23.5565,-62.3986,39.6594
-3.9745,-47.3686,-12.4596,-31.7113,38.8122,55.4161,94.0763,-39.0412,4.7693,64.6281,34.9841,-0.4960,89.7205,-38.0542,9.9886,-67.4195,-3.2956,-45.2633,41.7093
-1.8137,-14.7465,13.7078,-26.3023,42.7478,32.6910,75.6092,-70.9637,-8.5403,61.4970,50.9809,27.5645,100.7713,-43.5327,-0.9785,-67.6651,-7.8421,-49.7334,15.2373
28.1222,5.7617,46.0537,-19.1594,45.2497,24.3890,22.1043,-95.3289,-34.4187,49.9570,76.2730,48.3922,90.5647,-42.0821,-37.7192,-97.8132,25.8159,-50.6987,-13.2459
52.8580,14.6379,49.0197,-11.9166,49.8531,13.3821,12.6247,-88.7411,-31.5987,27.1569,55.6526,72.5383,77.9619,-23.0749,-53.3512,-115.8768,60.8143,-46.1862,2.5032
39.1325,3.6081,14.7214,-27.5528,10.7482,8.4326,41.9906,-64.3770,-6.2876,8.8550,37.9465,82.0593,61.3703,-9.5924,-19.9416,-85.7170,37.4200,-56.1055,43.7482
-5.1639,-40.2940,-29.1623,-49.8902,-52.6202,16.8945,43.9917,-33.4885,2.6893,13.8798,84.2844,47.7237,31.0764,-21.0045,12.2736,-51.1699,-34.9488,-59.7530,68.9171
-24.0089,-75.7604,-40.6646,-42.2183,-53.4121,33.2212,29.6919,18.6540,-19.5403,17.2367,127.8821,1.3359,12.5064,-19.4739,7.8487,-37.4581,-60.0902,-34.5121,71.2534
5.8485,-68.9737,-18.5769,-16.0521,-7.3537,52.0260,31.2274,65.0051,-58.7978,-11.7193,115.4757,-6.8252,12.8042,13.8692,-11.2493,-30.5349,-9.1448,-5.2676,63.3246
36.3485,-52.3619,-0.2348,-4.8376,-1.8041,63.2691,28.6389,66.9827,-74.7166,-39.1713,82.6590,8.7214,-0.6865,33.5740,-14.0024,-28.1860,23.3050,3.9080,63.3837
26.8025,-45.3768,0.3680,-6.8398,-21.8083,66.1229,23.2946,45.9583,-47.7878,-33.2019,49.4616,2.1815,-18.8539,11.5382,8.7910,-23.4313,-6.9858,1.5430,74.7041
-9.8751,-23.5924,-11.4949,-4.7952,-19.0261,65.3460,31.8002,18.3560,-31.0877,-39.3730,28.4769,-27.1797,-11.8847,-25.3650,27.7843,-11.0416,-26.2883,3.7122,59.8345
-41.0514,5.8828,-35.0689,5.1075,-24.9202,49.5259,22.1416,-27.9784,-65.4514,-80.2065,41.1576,-46.7086,-13.7619,-46.7965,3.9599,-15.2916,4.3093,22.5154,7.7897
-37.4757,6.9010,-43.7526,19.8227,-41.9825,32.4351,-20.7657,-47.7577,-94.9383,-91.1275,50.8560,-46.8845,-51.7455,-45.9311,-40.7416,-46.5803,38.3725,50.5721,-11.8921
2.2301,-16.2834,-14.2982,29.1145,-24.8964,54.6544,-55.6341,2.8463,-72.8058,-53.4869,30.1512,-42.3911,-76.9069,-29.1398,-54.3964,-75.6401,48.5172,57.4515,30.5712
37.1576,-26.7454,19.3161,24.7977,-3.6738,89.7308,-66.2811,54.0160,-50.6777,-39.2485,27.5261,-35.6629,-63.4433,-7.2157,-43.2296,-74.4577,47.6019,40.1724,49.7018
40.3154,-7.4707,32.8955,19.0250,-12.6642,79.3622,-70.0626,40.3444,-68.5229,-56.2940,48.9332,-17.8361,-47.4641,10.3996,-36.9694,-38.4416,42.0506,28.1226,3.4077
25.9570,27.3990,46.7500,18.6668,-5.3634,55.8376,-57.4933,21.2146,-80.3337,-28.6059,40.2887,10.4918,-33.1440,19.7578,-27.7682,12.5838,41.1021,19.7997,-25.1021
2.1058,51.1109,41.2966,5.6817,12.1414,59.7415,-18.6980,47.0659,-54.2978,34.5627,17.9472,43.6566,0.3365,27.5787,-14.8623,41.6649,56.2131,-5.1213,2.7893
-21.9746,49.1905,-6.9024,-20.7353,-24.0733,37.7908,17.9843,67.7579,-30.1124,42.3959,31.0260,70.7859,28.0504,43.3202,-17.2498,39.6960,65.3965,-27.8160,14.8133
-15.8971,33.6453,-35.7333,-30.4505,-77.5436,-18.4663,25.3368,56.3015,-38.8290,-4.6697,53.4348,74.0399,23.2204,59.1676,-24.2934,34.0075,43.7325,-21.9097,-16.0603
11.2346,19.9807,-9.7935,-12.7391,-77.8234,-21.0421,11.6654,50.5655,-56.2108,-30.0273,46.0326,55.9052,7.9280,63.8448,-22.9606,28.7488,14.6671,3.9447,-38.7815
18.8036,6.8183,7.4769,13.7935,-54.2884,31.0893,2.9307,47.6407,-60.0017,-34.9142,23.9479,37.9891,8.2855,61.7794,-33.5180,-4.6724,7.4686,37.5261,-47.4582
16.4599,0.6926,-0.6674,37.6924,-41.6901,48.6041,4.3602,9.9737,-61.1038,-73.1423,9.7629,25.3041,20.9964,48.0569,-58.5853,-67.4761,8.7257,71.1358,-68.8738
23.2969,16.3911,12.9702,52.2877,-19.7517,35.1478,-2.6625,-39.3980,-59.0501,-118.0337,4.5970,18.2403,31.5595,18.0101,-64.6604,-107.7170,1.6491,79.1524,-79.3377
11.4430,32.5512,25.9638,45.6263,-1.9997,50.7438,-13.4855,-46.5721,-37.8778,-99.4400,1.1282,28.5744,30.8386,8.0685,-41.7106,-77.9101,-4.8027,55.0357,-61.3396
-16.4461,18.3148,2.5331,28.8213,-13.6576,73.0816,-4.7007,-19.2089,-9.7695,-40.6910,-10.6590,43.0565,25.1851,37.3371,-20.2177,-18.5269,-8.7468,37.5112,-52.9625
-20.1403,4.3489,-14.2848,30.0294,-28.3801,64.9040,10.1543,-6.6252,6.1422,-32.8549,-34.5220,35.6050,30.2826,53.4267,-19.8190,-15.6514,-20.1895,50.6636,-71.5849
-14.0933,28.2682,-8.2464,44.6656,-32.2569,56.3898,7.9663,-21.7955,15.3619,-88.8834,-61.4115,15.7663,40.8336,30.4686,-23.8622,-53.8802,-28.0304,69.4807,-92.9107
-22.3548,45.2384,-15.5391,45.5925,-39.8035,72.0436,-0.6039,-37.7853,9.0381,-130.7591,-70.0970,-7.5364,30.6963,14.1554,-15.2320,-47.2767,-15.4664,71.0788,-108.2806
-9.6341,15.5889,-14.4026,38.6320,-31.1347,92.5012,-15.9035,-35.8467,-22.8571,-116.1330,-53.0648,-41.3285,-3.5358,16.2762,-9.2863,-17.1758,7.9513,66.2003,-108.1541
32.5861,-4.8190,23.5669,47.1193,12.4964,100.9396,-42.5154,-22.0612,-30.7810,-82.2769,-53.5610,-46.1787,-25.5969,13.9160,-21.6332,-39.8161,30.6562,64.8257,-69.4860
56.1893,15.7831,47.4228,56.7313,53.8301,89.8602,-37.8623,-13.2351,15.7282,-65.2356,-96.3308,7.4300,-4.7463,27.7410,-28.3965,-70.7254,47.9794,54.2747,-24.4472
45.9861,18.1757,24.8254,38.7659,48.3216,55.1272,5.0153,-26.0577,46.0221,-64.6977,-103.1736,44.7485,31.6382,52.7532,-9.1298,-42.2163,35.7958,28.0654,-32.7374
20.5591,-10.2913,-6.5012,7.9536,4.2751,12.6572,16.2629,-61.6320,17.8876,-76.8751,-30.6958,4.4809,29.3042,25.2027,10.8604,-10.3912,-9.1928,6.1876,-66.2020
-5.7473,-12.7398,-23.4604,-3.5274,-25.0955,-19.4197,-5.2421,-90.4704,-5.9905,-83.1351,14.8669,-47.1537,-3.2824,-41.4917,9.1544,-27.7054,-28.4295,3.3398,-54.1027
-6.9943,7.3324,-26.6763,-5.1265,-9.2290,-43.9368,10.4840,-77.4192,4.6290,-41.9650,-19.1997,-42.6702,-6.6640,-62.2573,-1.0972,-47.0236,9.2927,-1.5210,-8.7618
11.2091,8.7064,-12.1242,-27.0707,10.0036,-66.1484,43.2875,-24.0598,23.3123,53.7276,-33.7486,-13.8862,22.8512,-42.4772,0.6146,-29.2911,35.4706,-35.2866,24.1602
-6.0165,-2.4969,-6.3987,-67.6332,-8.6647,-86.3584,38.9536,38.0927,71.5168,160.7951,-9.0539,-13.6592,29.9730,-48.3135,33.8307,24.0713,-7.4727,-87.9340,58.7194
-54.0442,-28.1382,-37.7266,-104.4129,-30.1444,-112.8805,29.9594,87.3502,158.8352,244.3207,-26.3646,-58.3626,-2.4216,-73.7171,97.5644,104.2612,-71.4096,-129.4070,108.6709
-72.1150,-83.9337,-75.8530,-129.7829,-28.7458,-146.9780,31.4138,118.9632,221.1545,299.4194,-49.5574,-125.5323,-37.0309,-88.1841,140.3091,154.4680,-102.8615,-150.5826,140.0870
-73.3444,-125.6397,-89.6292,-142.2652,-38.7753,-167.9753,5.2376,126.4414,238.0508,320.5961,-6.6451,-163.7536,-41.9568,-110.7573,125.8799,118.1846,-125.4026,-156.6617,140.1409
-97.9597,-116.2433,-92.9446,-129.2798,-50.1351,-156.1239,-13.1616,104.6216,243.5850,291.4129,31.5067,-163.3021,-16.0353,-144.9098,96.1358,42.4440,-157.0549,-138.4616,129.8415
-103.9977,-89.8374,-86.1624,-85.4836,-15.7427,-113.8926,24.7722,66.7180,216.1243,205.5577,-2.9761,-157.8477,15.4178,-148.5122,87.3119,0.9961,-156.4717,-87.7847,111.1969
-59.6237,-64.5274,-52.9331,-33.0611,36.6645,-59.1216,57.2734,36.2209,143.2014,96.7598,-51.8760,-135.7395,21.4402,-108.5825,75.0371,-10.3063,-104.0243,-32.1287,86.1012
-18.4176,-40.7288,-15.4493,-4.2442,57.8762,-16.1908,35.5344,20.7980,90.6099,30.0086,-57.1044,-93.0476,4.2985,-70.9533,56.1760,-14.9931,-58.0376,-9.9249,77.7451
-16.8960,-55.5506,-9.2916,-8.1151,54.7102,-9.4601,15.9416,9.4475,76.9415,20.9689,-17.0331,-97.2791,-7.0116,-78.0503,58.0874,-14.5377,-74.9202,-16.7062,81.6254
-30.5291,-89.3355,-30.0065,-28.2773,28.3967,-39.6702,31.1854,-3.4499,51.5352,12.2446,47.7711,-144.7630,0.1351,-110.0155,66.2045,-17.3777,-116.1755,-25.6861,65.6986
-35.8667,-67.1892,-47.6676,-46.4315,-19.2860,-73.4849,43.6818,-11.3944,17.1645,-20.4822,85.0148,-140.9841,14.9459,-114.3451,54.7101,-17.6026,-102.8278,-36.4624,30.0347
-23.2049,-22.5562,-44.5445,-50.0930,-36.1244,-83.9582,34.3631,-13.8390,2.9112,-34.3781,70.2858,-94.6560,17.5550,-84.2560,35.1694,-4.6379,-44.0190,-46.0882,3.5286
3.5830,-31.0438,-27.5088,-34.6746,-13.5880,-83.4036,20.8227,-15.5025,-3.5718,-19.3202,45.9061,-76.5875,1.7984,-55.6937,19.4335,-5.2079,-20.1628,-31.3146,0.0531
17.3497,-39.0261,-16.1735,-18.4626,-14.3688,-86.0477,22.6889,-13.9378,0.1321,-14.3097,27.4144,-52.6165,-2.3399,-40.1341,8.6765,-28.4059,-37.5843,-9.5350,11.1010
13.8800,7.4796,-13.6651,-20.8674,-36.0077,-75.8858,36.8198,-11.1510,19.3319,-32.7817,1.2205,2.6584,22.3396,-26.1971,9.4582,-36.1879,-26.2024,-20.2269,16.9028
18.7724,34.9227,-5.0040,-19.5022,-22.0434,-48.0965,34.7570,-15.4352,10.9086,-61.8298,-2.7563,24.9488,31.4607,-13.3561,11.3955,-23.5555,8.5935,-30.8864,12.9402
22.0516,-0.9005,6.7724,11.8485,13.2004,-27.6894,17.9511,-18.0775,-27.5929,-84.6381,25.9724,17.4577,-1.0405,0.8318,3.6679,-19.2769,-13.0569,7.8754,30.4929
-2.6447,-45.2314,4.0620,43.8287,32.1410,-13.7766,22.1235,-4.8432,-38.2366,-74.8652,47.2943,26.4095,-28.2756,12.3058,5.3026,-18.1126,-82.3198,53.9250,80.8429
-27.1577,-55.3241,-0.3683,47.4539,47.5005,23.3620,30.8474,10.6438,-29.4766,-43.3633,45.2270,13.6231,-28.3495,-1.6634,15.2080,-15.4392,-96.5201,58.5229,111.3281
-9.6959,-21.4010,25.6958,52.3184,65.2149,69.7784,5.1706,7.4876,-45.6175,-38.8889,9.7745,-22.9789,-35.4460,-30.8679,4.1164,-33.4528,-32.9178,58.3374,91.4631
29.8044,29.5290,72.0459,76.9320,76.7351,78.6416,-20.1272,-7.7024,-60.4437,-49.9963,-56.1346,-13.5028,-47.4540,-35.8562,-17.2788,-61.8212,14.6446,79.6244,68.7251
44.7256,29.9110,94.0021,94.4893,97.7803,59.8293,-13.7530,-21.5763,-61.7426,-33.5294,-72.0014,11.1039,-38.8326,-27.5018,-29.7055,-80.9796,1.7844,96.2579,69.9223
36.8019,1.9384,92.2222,102.7255,123.8393,61.9299,-13.8454,-34.0443,-92.6527,-19.8170,-21.7414,-12.0821,-23.5658,-42.8466,-56.7202,-114.2249,-1.4912,111.0111,57.5689
38.6349,38.2170,101.8107,109.9291,118.3168,67.9538,-24.5864,-43.4103,-128.2253,-29.4307,-19.1516,-29.0672,-12.5170,-70.9565,-91.2236,-156.4769,42.8083,124.1055,26.0888
40.5850,85.7245,97.8055,80.6586,76.9277,19.8105,-20.6018,-51.6898,-108.4137,-3.6005,-48.3908,-18.3593,-5.7979,-92.0991,-86.9757,-149.4606,71.9451,87.8193,14.1207
14.0476,46.9202,41.5356,17.3377,31.0860,-55.7315,-32.5272,-69.7780,-68.6503,48.7983,1.7781,-44.4806,-28.7064,-108.5275,-58.5254,-91.1008,61.2698,17.6976,14.2759
3.9695,28.9995,4.3119,2.5985,14.2462,-67.6851,-61.5345,-87.1973,-58.3752,32.4333,3.5928,-66.3467,-66.4537,-95.4754,-52.7215,-50.8558,88.9087,5.2215,-10.6045
70.2950,142.1210,70.2652,61.4573,49.5605,-7.8927,-51.9640,-77.4071,-52.2665,-42.0961,-186.9905,2.2333,-57.8475,-32.9401,-61.7760,-54.2394,188.8059,54.8192,-47.5472
145.7779,257.9595,165.4761,111.0648,108.3068,40.0357,-29.6829,-46.0807,-48.2327,-74.3814,-340.9521,99.1820,-15.6950,31.7340,-68.9336,-55.0991,272.1035,80.1795,-62.1910
128.1978,242.3957,168.7782,93.0243,117.6810,27.9983,-50.1745,-23.1421,-66.0764,-53.2971,-235.3949,124.5000,0.3884,48.8992,-73.0245,-19.8568,251.0946,49.1278,-58.4867
61.3560,133.5935,94.3771,26.2142,61.4937,-21.5127,-57.6621,-10.7348,-49.2195,-16.9061,-51.0372,75.8064,1.2521,29.6564,-38.9920,32.2912,135.4267,-11.6284,-47.9728
29.2396,-4.7917,13.9379,-51.5985,-4.6304,-76.4042,-16.8545,14.4866,30.7426,47.5192,23.6809,-19.1636,2.1511,-2.2630,34.5435,68.1452,2.9205,-75.1571,-17.3984
-1.7899,-115.1056,-53.4874,-100.4624,-44.6683,-118.5895,-11.4025,56.9582,77.0483,123.2207,79.9333,-113.6910,-31.9441,-37.6312,65.8500,83.3065,-65.8835,-104.3268,28.5470
-60.1951,-125.5766,-93.3227,-101.5005,-66.7385,-145.5507,-56.4099,88.3902,42.9959,142.7432,163.8823,-139.4195,-77.7294,-58.0061,34.3100,96.5944,-65.1248,-88.5798,48.1338
-77.7096,-78.3019,-92.7527,-87.3468,-76.7590,-160.2878,-54.7039,85.2497,27.4710,107.3722,157.2436,-105.8195,-72.7789,-46.6966,26.0332,111.6929,-58.2175,-73.4500,32.3406
-32.5849,-59.6837,-73.9417,-76.2440,-60.1058,-132.7636,9.7498,73.6906,78.4729,84.7552,24.6210,-68.1094,-39.7494,-8.8298,62.5578,111.3147,-49.6497,-70.9469,33.8638
11.0118,-26.5879,-40.9896,-40.3217,-10.8245,-46.2427,54.1893,89.4471,98.9643,87.4546,-122.6641,-26.7041,-27.7462,30.2015,66.8322,88.8008,17.7294,-40.8818,65.7385
22.4879,35.7151,2.3884,1.5084,25.7930,17.6315,31.9397,92.9774,25.9442,65.0423,-135.7324,1.2968,-31.2887,35.3572,18.7810,59.4592,97.9143,0.0252,57.1576
10.3940,5.1700,-3.3810,-11.9784,-5.9582,-15.3027,-37.7582,31.8828,-63.6952,11.7274,36.1594,-35.4704,-52.2318,0.6516,-19.7483,42.3935,76.3906,-6.8634,-6.1240
-17.4499,-109.2539,-61.9248,-59.7003,-63.8888,-69.7089,-97.3763,-29.1487,-77.4142,-6.4719,217.6259,-94.7615,-91.1974,-31.6119,-19.0821,40.2508,-9.9286,-45.1761,-29.2536
-21.1475,-132.5492,-69.9106,-64.1821,-54.2568,-51.5088,-94.7931,-4.4382,-32.6250,33.2826,193.1066,-92.5169,-96.1393,-25.5075,-6.8107,38.8632,-20.9937,-52.7657,10.3013
23.6476,-53.8048,-7.7543,-26.0696,2.8663,-5.3593,-53.0117,42.8059,-10.3224,51.1309,42.7846,-48.8502,-55.6767,6.6704,-6.9787,29.3107,42.5796,-26.1696,16.7626
52.6759,-28.3621,13.0791,-6.8859,13.3102,1.8694,-33.1948,19.3778,-22.1403,4.8727,-2.7808,-24.0237,-36.6057,29.5052,-10.1332,19.1057,59.4895,-8.2424,-15.1944
7.2827,-76.5209,-40.8884,-22.7292,-22.4497,-8.7141,-33.2595,-22.9497,-3.9187,-21.6576,59.2711,-18.7065,-54.9655,19.2740,6.9935,21.6928,-4.9997,-18.8309,11.6350
-64.0222,-87.3033,-83.2989,-39.1194,-37.6707,-14.7807,-18.5724,-15.4625,47.9032,14.2080,82.3534,-11.1281,-58.1849,-7.8668,39.6022,46.8083,-69.3012,-38.2163,75.7516
-86.9125,-40.8361,-70.0671,-32.6938,-17.4596,-26.9904,1.6145,-2.2696,61.4850,32.4641,51.1541,5.1407,-34.7831,-9.0858,56.7395,87.2652,-75.3268,-40.6605,71.9371
-68.7284,-23.2408,-41.8914,-22.4859,8.0342,-40.6737,3.3333,-8.5469,36.9110,16.3808,49.8410,4.5359,-17.5466,5.9478,56.9893,113.5701,-67.9631,-35.4876,26.3449
-65.2769,-78.5348,-45.4366,-40.4839,7.1458,-57.7738,-10.3284,12.4655,44.8558,43.5297,100.4525,-56.3791,-23.8963,-19.2294,67.9170,110.1941,-111.5893,-48.5978,30.8107
-84.5359,-141.7125,-75.3842,-68.6416,-21.9043,-81.7958,-18.3751,49.1009,74.6098,89.3133,143.0791,-136.1369,-45.3609,-67.9687,85.7373,96.5290,-170.6127,-62.7606,67.0107
-81.7299,-129.4111,-77.1401,-54.6079,-28.6070,-79.0350,-5.9648,48.8688,65.2123,58.8478,118.9990,-127.1565,-51.9972,-64.2665,82.6162,84.1719,-167.3925,-41.7920,76.3653
-53.5767,-66.4084,-35.9197,-7.7091,11.3170,-42.7187,10.1632,30.5515,43.9241,-13.5704,58.8300,-43.5599,-26.5039,-14.6033,65.0332,69.7443,-128.4246,-5.7453,65.0054
-54.0460,-40.5347,-15.4186,11.0625,39.4004,-20.4791,7.9375,29.9001,56.3870,-25.2414,44.5258,-1.5083,2.0593,10.5180,57.6083,67.6113,-126.7533,2.5927,51.4240
-85.2904,-60.8971,-35.6747,-0.1215,28.7894,-18.6018,3.3194,35.7519,57.6049,20.8370,82.2709,-14.5564,8.6822,2.6576,48.9712,71.7814,-141.7439,-2.1491,41.2701
-92.7710,-80.9953,-36.6243,5.1877,29.8763,-3.7349,8.1007,47.7904,16.6087,64.7549,117.0945,-18.9792,8.0056,-1.0578,20.0822,48.8192,-134.2322,15.6526,48.5046
-81.1777,-94.3273,-14.9589,24.7189,48.5911,15.6818,5.2698,70.6445,-4.8531,96.0100,118.9693,-15.6285,5.1555,6.2300,-1.2010,24.6432,-136.5287,42.6333,62.2758
-89.1895,-102.5127,-20.3966,30.9104,48.9411,27.0288,9.8041,70.4899,31.1887,118.4168,63.3026,-23.1361,-7.3133,14.9873,19.6238,47.9040,-156.2661,52.5850,60.3292
-94.5186,-91.6298,-34.6936,36.6489,46.3183,45.4484,36.9682,37.3750,72.9694,107.1655,-32.0133,-22.7389,-14.5278,22.2137,53.6425,73.3030,-157.0617,58.6101,51.8822
-76.9433,-79.4041,-24.4648,54.7661,54.2540,55.6160,28.4830,2.8147,63.3204,45.4607,-45.4612,-16.5696,-11.6217,24.2129,43.0595,43.5161,-147.4224,75.9769,28.9416
-65.1417,-78.0877,-10.8459,67.5359,52.4849,41.3564,-43.0094,-32.3435,1.1324,-33.5776,64.1304,-16.7175,-14.7755,23.5215,-12.3919,0.9501,-133.0983,89.2690,-33.5359
-53.8843,-54.6463,8.3761,77.7726,61.1406,37.7315,-100.1363,-70.0496,-70.8969,-69.5537,134.7735,-7.2852,-25.9600,22.6008,-64.0573,-17.1700,-77.4511,95.7483,-85.1713
-23.4549,-11.5062,49.5377,101.8475,94.2809,56.7065,-108.5337,-71.8822,-104.4449,-53.0810,78.7894,6.6296,-49.1560,13.8580,-84.0039,-34.7646,-11.5486,114.3210,-59.8852
-9.4283,-4.5161,70.4650,111.2709,98.1693,59.9145,-121.0240,-45.0774,-98.5791,-35.9849,45.5817,-0.1282,-83.0735,0.2057,-76.5275,-39.0047,-13.8271,123.9126,-11.1716
-15.7366,-42.6470,52.3867,70.9742,57.6862,33.3953,-143.5431,-52.8512,-92.7882,-42.2985,137.4068,-12.0397,-83.4390,-5.2507,-59.1312,-16.3877,-58.2264,77.8866,-24.1256
13.6543,-81.2460,40.1188,3.9895,18.5716,-16.5952,-148.2298,-94.0972,-95.1559,-52.5269,254.6137,-6.3981,-37.9296,-3.0764,-53.1953,-15.3112,-66.1970,-8.6226,-75.8855
60.5206,-99.3153,26.3959,-53.4854,-27.8411,-88.2586,-152.0558,-117.5993,-89.5432,-74.8412,316.2558,-7.0211,-11.6727,-3.7487,-57.7387,-34.6663,-41.3537,-78.4138,-113.6268
55.5936,-103.4769,-26.2554,-97.2669,-97.2553,-145.0924,-153.8071,-127.9234,-95.9738,-123.7067,360.2595,-43.9707,-20.6114,-24.9490,-56.8813,-33.8280,-18.3035,-113.8531,-141.4845
22.0205,-99.6187,-68.8489,-113.8984,-126.7818,-155.4057,-130.3031,-144.3342,-133.6348,-165.6633,406.4478,-111.7162,-6.7836,-85.5336,-65.5835,-66.3964,-4.6960,-114.4914,-160.0018
15.2633,-90.2572,-51.9781,-86.8814,-93.8745,-151.6421,-113.8814,-138.5684,-167.7907,-179.8828,421.2227,-177.6669,23.1503,-158.8122,-97.5353,-160.2557,-12.7984,-73.1571,-152.4778
17.4777,-66.2211,-23.6722,-53.6042,-67.9758,-154.3567,-119.2893,-98.9582,-166.8820,-189.7740,390.6136,-200.9460,23.8997,-181.5672,-109.2681,-194.5759,-28.6390,-32.1923,-134.1557
9.2459,-20.5688,-22.8730,-55.9872,-74.7833,-136.8971,-90.1185,-56.5553,-153.4210,-193.9326,330.0610,-167.6149,22.5129,-145.8252,-73.4516,-118.8665,-8.0395,-41.3162,-119.4329
7.1525,21.9662,-27.5293,-68.0686,-81.4892,-111.0988,-31.7097,-29.8939,-152.7586,-178.1369,269.2978,-113.7463,37.3330,-106.0947,-42.6123,-54.5158,35.7446,-62.6237,-95.4529
4.5814,31.3134,-35.8192,-61.7431,-88.4622,-110.6975,-19.5897,-20.3226,-150.9570,-166.5588,239.5029,-85.7860,25.2387,-90.7938,-48.4379,-54.2445,52.5865,-52.3748,-69.9805
-2.1061,12.5224,-53.7579,-63.9023,-102.2366,-112.7926,-44.9278,-23.2920,-124.9843,-161.5910,232.0324,-86.9081,-3.2036,-82.8209,-47.8598,-49.7239,46.5233,-51.5527,-63.2682
10.6150,-10.8228,-53.1071,-84.2563,-103.7807,-92.0232,-43.0575,-15.7751,-75.1668,-121.8890,207.0351,-81.3921,6.4110,-63.9230,-22.6019,-29.5721,36.4092,-82.2148,-63.5446
29.0975,-22.2641,-32.8388,-90.9400,-97.1756,-73.8756,-21.5611,7.4632,-31.2792,-56.5420,165.4748,-47.8899,35.7314,-31.2886,-7.3221,-19.2773,16.1499,-96.5570,-60.8651
24.2129,-14.6685,-24.2623,-77.3387,-94.2619,-74.1332,-19.3968,15.4377,-31.4846,-21.8155,145.6598,-13.5728,37.0669,-3.8327,-18.2846,-6.6264,12.2902,-79.4320,-67.9220
20.7755,3.3193,-17.7829,-59.3285,-80.7675,-77.3300,-31.5075,5.0126,-69.3968,-15.1076,140.9698,-12.4296,17.3243,-8.3159,-43.9559,-10.9354,47.2834,-55.8328,-72.4467
36.3600,14.0515,4.1223,-40.4733,-60.6565,-75.9334,-36.1134,3.9797,-87.3930,9.1954,109.0241,-26.4078,2.2333,-31.8589,-64.6395,-48.1827,71.3075,-32.0361,-53.9710
36.7319,13.4724,12.2141,-31.6434,-55.7441,-69.0127,-24.8335,1.5151,-61.7115,45.8674,62.7389,-19.2481,4.6464,-34.5297,-60.5017,-60.6769,55.3134,-21.1029,-42.3966
17.1590,10.1766,-3.9396,-34.2407,-58.9429,-56.9494,-13.2957,-27.0220,-45.6384,53.6543,53.4307,-1.7206,20.5016,-18.3193,-53.4669,-42.0403,46.2094,-24.8751,-70.4932
8.8350,10.3414,-11.6280,-17.4827,-61.2571,-49.4744,-33.3416,-61.7231,-75.7711,18.6855,75.9439,-4.2734,14.8823,-19.9122,-82.9928,-68.7114,57.0051,0.9624,-105.3524
5.1611,13.0923,-11.0391,15.5274,-68.6552,-46.1206,-68.8960,-80.4909,-105.2255,-41.8258,86.0283,-24.7826,-20.9255,-44.8133,-113.4740,-123.5726,48.9295,50.3658,-101.9602
-8.8830,16.6060,-27.9119,21.4005,-68.0461,-39.9599,-61.0511,-92.2951,-94.1056,-96.1601,71.0677,-42.1342,-37.9135,-65.2127,-91.8322,-124.0966,35.8704,56.7005,-71.9309
-14.0190,29.9861,-48.7142,10.5667,-56.6812,-42.0143,-16.6561,-98.9875,-75.7323,-116.3170,31.0635,-42.2967,-25.5990,-67.1301,-63.5719,-101.7224,59.5527,38.2184,-51.1634
-8.6064,61.8688,-48.6934,23.7890,-60.2976,-52.5684,2.6799,-93.9037,-76.8312,-107.0984,-29.7422,-25.1712,-25.3365,-60.7733,-78.7329,-115.7842,94.7355,58.5146,-50.8162
-6.4381,94.0057,-27.1988,43.8081,-60.4917,-43.9463,-8.2112,-80.0438,-76.1366,-96.0831,-69.9811,-5.8568,-30.8232,-51.5600,-89.2093,-117.0583,100.5467,81.4918,-57.4611
18.2006,107.4681,18.3390,45.8735,-17.8416,-15.2387,-19.2043,-54.6449,-67.0054,-90.5895,-76.3770,8.3312,-18.6321,-31.0205,-64.6955,-75.8487,101.2338,61.2612,-52.6679
72.2748,121.1974,68.1369,44.2866,16.2919,-9.6225,-34.7833,-29.9808,-59.3578,-84.9358,-98.1316,31.3118,-16.5940,-4.8765,-54.0782,-56.5694,129.3500,37.6650,-42.1797
92.2067,144.4922,64.0412,31.4995,-24.9816,-44.0455,-56.3636,-40.4362,-40.4112,-90.6968,-119.6830,64.7671,-28.8115,6.5060,-68.9505,-72.1198,157.1576,22.2959,-52.2933
50.8218,139.5165,7.5946,-5.7120,-81.5417,-73.0128,-59.5990,-62.8458,-9.2457,-101.8084,-68.6686,88.3444,-15.8774,11.7389,-64.8182,-56.5014,143.4019,-16.9026,-71.1264
9.6474,97.3379,-28.5611,-34.9688,-78.1408,-60.4930,-38.4049,-29.5736,18.8391,-77.7048,-1.7138,96.0575,11.4163,38.4954,-33.0035,3.5449,101.6109,-54.2012,-56.3621
2.5236,69.2100,-36.3242,-43.7517,-67.1604,-45.2769,-0.7290,36.7305,58.4779,-20.2932,-35.2394,97.5632,20.2274,74.0724,3.6673,59.5216,73.9886,-62.1336,-24.6856
2.2476,74.0983,-59.3829,-56.6499,-99.1168,-70.8167,48.4525,54.1909,101.0917,12.7218,-119.0927,94.9961,27.5749,84.8088,28.3996,79.8909,70.1532,-64.7876,-26.2036
12.7001,76.9210,-68.9801,-58.4851,-117.1010,-97.7502,78.4678,34.5463,88.3459,10.4483,-141.2927,93.3814,34.8979,77.1308,19.2826,55.1681,81.1852,-56.8494,-35.5707
45.5999,70.9833,-37.2453,-32.7900,-97.0707,-80.6557,60.4557,36.5163,42.4405,17.9537,-138.2619,103.9592,8.5321,74.7748,-16.7816,4.6722,107.5538,-25.7257,-3.7257
51.0592,78.5649,-28.8248,-18.4672,-95.5413,-54.1339,28.3396,46.7524,64.0221,40.0663,-183.6725,122.5178,-32.5259,78.6409,-25.1377,-9.4265,126.6528,-12.4238,37.7524
10.5781,86.0038,-61.4112,-27.0182,-105.8779,-42.8908,35.2913,49.6796,140.5708,55.0717,-242.8018,131.5747,-40.5266,87.1010,15.9171,39.4525,102.6355,-26.6322,54.1921
-5.1831,62.8641,-61.2508,-28.6608,-78.0294,-19.2020,75.8339,76.4433,163.9339,75.7542,-254.8087,122.1127,-20.3441,101.6078,61.4142,92.7224,55.3529,-32.5559,71.7674
22.7833,14.7010,-38.3031,-36.0109,-52.4788,-8.6919,103.7023,103.7457,128.5898,93.7591,-201.9604,99.1634,3.6096,110.0766,71.7492,98.9360,28.0272,-39.7729,76.6195
23.6658,-31.9692,-61.8495,-58.6453,-75.9642,-51.4536,95.7481,76.5242,107.7359,69.7742,-108.3191,68.5179,25.6475,103.5456,55.5445,79.4024,0.3878,-54.8793,21.4110
-5.6805,-57.3490,-87.0295,-54.4715,-90.2838,-82.1767,72.1584,29.7384,106.7309,27.5605,-53.3923,32.4720,34.1672,86.4110,44.0063,65.3178,-50.6375,-38.8483,-44.5682
0.2692,-46.6602,-48.6556,-21.8672,-53.5765,-45.7107,62.9424,20.1229,94.8037,18.4386,-83.6247,12.9042,25.5639,66.7021,49.9083,54.2214,-71.1037,-6.2642,-40.1916
23.9562,-2.5851,-2.4169,0.7460,-13.6743,-7.3095,64.9293,15.9503,76.2523,24.1799,-133.0848,41.9298,18.8890,59.1404,47.6663,41.6791,-30.8251,2.4380,-1.1904
7.2270,43.7167,2.3532,24.7102,5.6226,-4.8448,52.4995,-17.4882,56.6383,15.2304,-144.9833,94.7911,17.4526,68.3627,16.0501,31.7784,10.3610,20.7854,-4.9524
-18.5099,64.1034,4.1571,55.5855,19.9405,8.3554,30.2173,-46.8766,28.9394,-0.0250,-142.6458,104.7468,11.6326,75.0939,-11.0322,32.5230,17.2111,59.2055,-45.9511
-4.6656,63.6942,16.9841,53.9196,15.6266,31.3407,28.9149,-53.6733,-5.4215,-34.9071,-129.2457,77.0198,11.0663,75.7421,1.3646,55.1872,19.7347,59.4153,-83.0122
23.5567,60.0801,27.3433,39.6845,6.7361,36.4994,44.3609,-61.7623,-37.2866,-88.5596,-100.3541,71.6186,21.3406,84.1660,20.8253,74.1463,22.3556,39.3838,-99.7165
43.0986,54.2382,59.6088,66.1381,45.6597,49.9555,40.5384,-72.5362,-48.7194,-94.6558,-102.3967,81.0039,29.8729,84.3006,6.8338,39.3740,9.7699,63.1432,-92.1656
65.6129,43.1120,105.6986,95.6204,106.9455,68.7651,18.7870,-65.0159,-34.4441,-35.1186,-128.1104,71.4565,35.5791,65.2395,-19.5309,-20.0878,6.4728,88.1695,-69.1403
75.1342,34.3396,111.3827,72.1805,120.8990,52.3172,23.7281,-36.1905,-15.2185,27.9385,-115.9987,70.8151,49.6409,58.0280,-18.0624,-19.3613,22.3007,53.1716,-41.0607
55.1157,30.5767,81.6979,26.2605,97.1611,20.9964,68.2627,-4.5399,13.7765,82.0580,-100.2288,83.0059,74.3703,59.7100,13.3300,26.4993,18.1438,-1.6451,-10.4073
34.2561,27.3568,58.9581,-4.3836,70.2628,-0.7873,101.8713,0.0260,72.8367,138.5595,-136.6553,57.2250,97.0198,28.3282,44.7874,32.2159,-11.6848,-32.2697,-3.9110
28.7624,28.2412,38.8970,-26.0598,33.5680,-43.6315,87.3053,-31.1660,117.8593,143.0633,-159.2280,8.8984,97.1671,-16.0784,51.6093,8.3974,-26.3069,-49.8743,-39.7694
20.1333,30.4719,12.6344,-36.2524,3.5504,-91.3368,61.2079,-61.9051,100.9282,89.1155,-114.8261,-5.6814,79.6256,-27.8519,38.8157,6.9436,-19.2518,-55.5140,-70.3020
10.9153,14.7734,-1.4544,-32.6675,2.5488,-86.2718,65.0620,-66.1749,69.1134,63.8710,-67.8242,-5.8973,79.9333,-28.5603,23.1858,-10.4612,-19.0478,-45.4365,-63.3511
16.6007,-16.4332,-5.3959,-32.4237,-3.3648,-46.7985,78.4780,-66.8290,69.9214,79.4167,-58.0707,-14.1762,100.8319,-34.5307,8.6830,-65.0128,-29.9509,-36.5779,-61.1014
26.4854,-29.8305,-13.5383,-36.1262,-26.3728,-25.9375,78.5245,-78.7262,74.7552,59.1457,-53.1632,9.8798,106.2249,-12.0410,4.1245,-80.9957,-33.3550,-38.2106,-71.7012
28.0123,-17.1207,-21.6385,-38.7974,-27.5306,-25.7108,81.0685,-84.5413,69.7467,-1.1091,-38.7771,55.9465,96.2757,21.4559,21.1419,-42.2997,-23.9441,-53.1406,-51.4910
22.9500,-5.1430,-29.7686,-46.4995,-19.3965,-32.7534,78.5142,-80.2118,66.0608,-44.4728,-16.0580,60.1725,85.6057,16.0343,35.9368,-22.2812,-10.9405,-72.0941,-19.1518
15.0937,-2.7936,-37.8810,-44.3216,-37.3428,-35.7985,41.5801,-69.2240,44.4488,-59.1460,4.4543,36.0423,45.3868,3.2253,23.6135,-19.3935,3.9023,-61.7038,-15.7856
19.8256,0.7713,-27.8498,-23.2144,-46.3382,-17.1120,-1.1539,-36.3766,13.3554,-54.8594,-9.1934,36.6551,-14.9616,29.7386,9.5988,11.8817,26.1563,-28.5574,-11.4686
40.9275,-0.5097,-3.8824,-13.3860,-22.4009,9.8487,-1.5849,15.7168,10.3832,-32.1708,-27.9893,48.3247,-20.6093,56.4908,10.1098,25.1562,42.6641,-21.6862,15.9926
37.9204,-13.4450,2.7692,-19.3576,-7.3702,25.2651,20.3209,52.7916,16.2003,-8.5721,9.1793,42.5716,25.6378,43.4900,1.8338,-14.3284,24.2195,-29.4317,35.8614
-7.6326,-19.6425,-7.3878,-5.3913,-3.5557,47.0079,26.6972,54.5059,6.4699,-0.3899,47.7784,34.4222,40.6923,20.3210,-6.9618,-34.9166,-20.0519,-5.9511,45.5017
-41.1084,-2.0669,-4.5317,27.8288,28.1521,76.3574,22.0342,27.8106,8.9469,-8.3715,9.5420,38.6769,20.5067,13.8071,2.3224,-14.9366,-35.1492,28.0461,55.7119
-27.7031,33.7841,15.7539,52.7758,65.7128,87.2211,10.6755,-12.7748,16.0664,-36.2664,-49.2719,54.5954,16.5959,13.8504,-4.3635,-25.8557,1.7235,42.4621,43.6556
-5.6632,79.0576,30.3785,67.3529,65.0670,85.9832,-6.5998,-52.5352,-5.6542,-73.4430,-78.3107,82.3535,14.7061,13.9666,-36.7957,-63.0280,60.5705,53.5066,16.9766
3.3319,127.2266,30.4130,71.2111,43.3340,82.5512,-1.6456,-85.2563,-29.8224,-92.0538,-124.5038,110.6322,-1.9016,12.8208,-49.3925,-68.0303,117.6368,57.9393,10.2640
20.5297,161.0699,36.1862,66.7592,34.3553,67.9951,26.3652,-111.9678,-42.9089,-93.9952,-165.5334,125.9460,8.5237,3.0017,-52.8035,-81.8697,156.5546,51.0241,5.0622
41.9824,164.8117,63.9525,82.2892,43.5185,69.7292,32.4209,-127.1037,-77.6112,-108.4846,-137.2711,126.4067,46.2121,-12.6073,-88.3843,-153.1163,150.8895,71.8233,-21.4877
53.8910,145.1175,96.2487,114.2704,68.3677,104.9209,16.9866,-127.6873,-109.8057,-133.8552,-105.9231,101.2762,58.9134,-24.5251,-110.8199,-205.2296,114.5496,113.8024,-40.8821
70.5630,120.1806,110.0140,117.6261,93.9676,120.4990,21.5982,-118.3753,-102.9963,-132.0156,-135.5167,49.3967,44.8177,-31.1302,-79.3464,-176.4090,98.8328,117.6859,-43.3493
87.2040,94.2737,110.2455,95.9351,98.1972,102.6944,29.4596,-95.3447,-92.8328,-90.1762,-148.7016,11.3577,32.4520,-28.8774,-52.5925,-130.6563,102.3442,94.2757,-44.4004
81.1706,62.5354,111.4438,93.5179,95.6526,114.3750,3.7649,-59.9119,-90.9219,-53.5244,-108.8911,17.5391,15.8415,-9.9859,-57.4187,-116.4384,79.5407,94.0903,-26.1684
73.0727,33.8364,123.4883,111.3948,123.5169,157.4913,-23.4011,-29.2262,-72.3178,-56.4167,-84.3793,39.0630,-1.0411,16.1615,-47.8316,-103.3402,37.6599,105.8175,17.2668
85.6321,20.7386,152.6315,125.6442,176.3213,174.1307,-12.5387,-2.5244,-74.0232,-51.3976,-75.5177,40.2332,11.4253,22.2023,-36.0092,-97.8501,18.1128,110.2697,51.8733
90.3364,14.6748,174.4292,131.4862,204.5102,167.1624,11.6410,31.1966,-110.0088,0.8037,-41.5822,27.7897,40.5271,0.1224,-61.6315,-136.5769,19.2732,120.8925,74.6059
78.6917,1.6187,160.4172,126.9625,189.8188,167.4371,14.3069,55.5305,-109.2524,37.9689,-25.6797,16.8238,39.7682,-22.1914,-83.0997,-181.4280,20.1620,126.6822,106.9932
82.8859,-12.7332,143.6428,117.0128,176.7932,163.2630,-3.3707,63.9256,-64.1443,28.3751,-57.1925,2.0958,5.8214,-23.6906,-60.7404,-169.9993,16.3516,114.2467,135.6295
85.5778,-21.9923,150.5472,110.7042,187.7531,143.3992,-27.2586,79.7015,-27.8956,52.5571,-80.1666,-14.7500,-22.3585,-17.7184,-31.3452,-117.0149,-1.5427,99.8989,142.6877
44.8528,-35.5341,123.0422,86.2202,165.5932,115.5192,-39.2817,92.7782,16.9050,120.1461,-65.2327,-17.4977,-22.9732,-14.8810,-16.7778,-69.7932,-33.7259,74.6964,131.1976
-6.5155,-49.3616,40.7428,33.6555,83.7388,84.7269,-26.3235,76.3749,69.5900,127.6660,-39.4564,-9.8249,-9.4766,-7.8209,-1.0005,-40.6578,-45.0451,27.4096,101.1648
-16.6289,-41.9560,-6.6021,3.6308,24.9826,71.7281,-5.9990,62.9023,60.6471,77.6872,-23.9015,-12.6992,-3.1518,-2.4299,3.7012,-29.9062,-17.1505,4.5780,71.3890
-3.5218,-18.7408,18.9532,21.6014,40.1728,92.2988,-2.3471,88.1745,15.6407,71.5654,-33.7172,-22.7571,-7.7664,-5.4426,-8.8833,-33.3556,11.3960,27.8647,73.2535
-1.2306,-9.8713,38.9600,34.7867,54.9270,116.9585,-10.2168,119.3266,21.0780,92.4686,-60.2834,-24.6188,-16.0507,-0.2254,-4.7609,-23.0785,9.5635,41.0530,86.7601
-10.9093,-17.4564,11.4553,12.6428,21.6633,116.6056,-14.9516,127.5807,47.5356,63.8011,-57.1721,-32.2031,-24.8636,15.1477,22.9704,18.8473,0.2575,17.6656,73.3159
-30.8932,-19.7670,-21.4457,-9.4139,-0.3053,101.9286,-8.0364,131.7937,38.0530,27.5069,-27.0034,-55.7716,-29.1772,20.6795,44.9506,73.5085,5.6699,-2.9762,49.6015
-46.5475,-19.7987,-31.4424,-11.4808,16.1045,85.6090,16.8081,133.6137,29.1350,45.3997,-33.5877,-66.1545,-25.9806,24.8518,58.7690,116.7999,9.0093,-4.2675,43.9473
-29.8549,-31.5723,-26.4129,-7.6741,21.8755,69.6026,45.3458,115.4498,44.6031,68.7382,-84.5811,-47.7907,-28.3048,44.6398,75.0891,133.2353,-4.0831,-0.0703,47.2221
1.9650,-35.3983,-15.6017,3.8138,6.8018,65.6607,51.0587,83.7225,46.7061,40.6850,-121.9927,-22.5031,-39.2385,57.1357,72.6677,103.4482,-12.0657,14.9706,48.5886
13.4268,-7.9994,1.0618,29.2087,12.3856,80.6185,39.5312,47.8226,11.1688,-12.7978,-113.9504,-1.9559,-33.3859,42.3448,35.9760,36.4275,9.7197,42.2632,43.3612
20.1446,26.4794,30.5006,48.5579,43.6918,95.4621,33.2857,11.2345,-61.0726,-49.9192,-64.4224,6.4779,-9.9448,17.0108,-3.7048,-10.4310,48.1402,56.4542,24.0615
35.9731,32.9024,55.9176,44.1496,62.5003,81.9012,23.2031,-10.1225,-129.9674,-67.4309,0.3884,-14.0701,-12.0511,-7.4440,-12.6066,-4.6140,68.2432,45.2696,11.3796
33.7711,22.4032,48.0456,28.2022,47.1639,45.6146,0.6046,-13.1727,-128.4121,-69.1170,28.8687,-34.8087,-41.6804,-26.5248,-1.6914,13.1754,56.3396,27.0473,25.9448
22.0914,25.4048,33.9647,17.0273,16.7924,30.3990,-3.5552,-11.5479,-79.0641,-47.8161,13.1782,-4.5557,-35.5037,-18.7364,1.7341,5.8049,32.7988,14.0059,33.0381
34.5133,39.3423,50.3912,4.0264,0.5029,44.2187,23.5664,-2.3762,-63.0769,-19.0335,10.7447,46.6085,22.5159,12.1593,0.3751,-0.0807,23.0278,-6.4356,3.4637
42.3153,40.5227,52.9005,-19.9293,-6.9735,40.8904,43.7507,15.9075,-59.0668,-14.5476,31.1332,44.0262,59.0535,22.0105,16.1652,23.4066,21.3602,-37.6884,-21.5991
12.9662,23.5964,9.4550,-42.6123,-29.2788,18.1407,37.8843,28.4475,-11.9873,-17.3468,17.9824,-12.4822,30.9903,-7.8898,48.9213,51.2647,4.9729,-56.3133,-3.1279
-13.8526,7.2504,-22.1457,-51.1725,-53.8323,16.2546,35.5862,35.5273,33.5302,10.6411,-27.1306,-63.4018,-5.1661,-46.8627,72.1549,50.5093,-17.2609,-53.5319,30.1495
-12.4383,12.6701,-21.3314,-47.0126,-52.0697,14.7964,48.2838,36.4172,38.3927,24.0891,-48.0688,-68.5519,3.8771,-60.3060,63.7988,22.5765,-11.9554,-45.4226,36.8509
-11.0101,38.5771,-28.1290,-25.4424,-29.3414,-8.5624,48.3871,13.7020,35.7812,-37.5720,-52.6185,-33.9133,21.9764,-41.8308,35.5782,-5.3802,16.8247,-27.1776,20.2708
-6.9887,60.2282,-18.2322,12.6623,0.4873,3.2767,31.7801,-10.9254,26.1872,-106.1683,-84.6566,-9.7734,5.5294,-14.4067,27.6349,1.9464,29.5199,9.8462,4.4756
16.0572,65.1035,34.3459,38.3298,35.3508,55.9745,25.2620,-0.1581,-10.3685,-99.0168,-113.5033,-27.6116,-10.0873,-3.4652,46.3294,42.1091,21.5572,34.6971,-10.4829
23.3566,70.9981,63.6759,38.0871,54.3269,66.2478,28.5797,11.3426,-43.0729,-75.2188,-84.9872,-39.4073,15.3785,-4.8610,43.2017,56.9735,20.9085,31.2682,-41.7085
2.1224,90.9453,47.0411,35.5712,39.4563,35.2635,20.9545,-17.7561,-50.7743,-93.9994,-39.6529,-6.3010,42.7332,-5.0173,10.9561,29.4600,26.8822,27.7895,-72.1195
3.5320,103.8059,49.1728,32.9169,20.0036,33.5116,11.3278,-40.5500,-43.1267,-95.0465,-50.9349,21.8388,26.5906,-8.5573,13.2469,23.5435,25.1720,20.6622,-54.4032
40.6588,80.2521,68.6273,10.4230,24.5468,47.8423,18.6130,-19.0025,-22.5540,-53.6451,-82.3013,9.8833,0.5848,-10.7220,53.0150,51.2641,27.7963,-14.0819,-0.8331
70.0164,29.9072,54.3717,-14.4388,27.3934,42.5272,25.6649,-10.1169,-25.5411,-53.9991,-39.0137,-1.8178,10.6688,6.3351,49.4740,40.2435,45.8107,-42.0288,1.3083
83.2405,4.8967,31.7064,-15.8011,4.0388,34.6174,6.5863,-64.3344,-89.6144,-141.4045,63.1966,7.1914,36.1817,28.1197,-5.5018,-12.8554,70.4242,-33.1270,-81.1640
93.4011,37.4320,38.0869,-2.1502,-11.6793,17.8428,-24.8182,-147.3329,-155.9930,-249.6453,116.3547,17.7291,40.8831,21.7198,-41.1951,-42.5094,95.7339,-18.4485,-162.0723
79.7825,85.5797,47.4715,23.6563,16.7822,-8.2564,-36.7406,-197.4746,-160.9754,-285.8401,87.0477,28.3296,29.7138,-7.4495,-51.3280,-57.0129,111.9654,0.2397,-158.3589
45.1737,84.5300,43.8678,58.1606,55.1277,7.1639,-30.5394,-187.1070,-145.3539,-235.9979,46.2955,29.4482,13.5811,-25.5526,-65.6318,-83.1712,99.5605,43.5954,-103.8016
38.9310,38.4755,41.9647,60.1512,46.8105,44.5379,-41.4087,-141.8902,-146.1566,-184.1089,55.2960,3.0977,-13.8691,-17.6146,-61.0523,-72.3308,70.4023,59.7171,-80.4955
61.0776,0.9436,37.4022,23.1441,15.2658,30.6702,-80.9947,-114.1857,-127.4522,-178.5737,95.6686,-19.0252,-41.2214,3.9235,-35.2815,-18.8903,58.9182,15.9704,-94.9658
51.0452,-10.5514,20.3385,5.7368,21.0707,-0.6355,-100.3516,-105.6020,-74.5855,-145.8584,96.7663,-2.6742,-44.6097,22.7516,-26.4132,12.2770,57.1733,-13.6040,-89.0240
1.1861,-15.1558,-7.1826,16.0995,35.9253,8.7879,-63.4954,-67.0882,-13.5085,-52.4715,30.2535,27.0792,-39.0504,41.5047,-15.5010,35.8645,34.3307,2.9223,-39.4791
-30.3020,-21.5619,-37.3974,1.3871,-4.4574,13.2754,-23.1022,3.0878,38.1793,14.1868,-29.3330,49.1610,-58.5872,69.1501,27.1171,98.4286,-0.6964,-2.2178,21.8597
-29.7668,-32.0742,-53.7478,-33.4571,-62.7190,-10.6550,-26.4614,56.6422,68.2895,37.7519,-15.6971,73.5225,-86.4625,87.9661,56.5219,140.9803,-25.6634,-39.2034,73.0408
-41.5546,-55.1052,-60.6214,-50.5523,-69.7684,-15.2598,-18.3552,90.7525,93.9150,107.8127,6.3677,79.9059,-79.5252,73.8674,55.3558,120.5671,-48.2254,-57.3372,126.3763
-70.0066,-84.0807,-80.4218,-71.1295,-53.7531,-9.5209,41.8682,141.3578,153.9206,228.3760,-36.6392,44.8109,-49.3720,40.0769,81.5343,112.9023,-75.2162,-74.6532,188.5170
-73.5380,-95.2546,-90.0640,-112.7598,-60.8116,-30.3139,85.0702,197.8376,216.1459,325.1931,-85.8723,8.1652,-38.6960,17.0834,132.5587,155.0269,-88.0691,-123.1042,235.2370
-54.5127,-80.5731,-62.6628,-133.6951,-65.9623,-54.4133,69.2164,217.0789,214.8065,376.8589,-76.7042,18.6464,-42.7040,18.9419,140.4113,189.0935,-77.0081,-156.8390,235.8017
-56.5816,-61.3705,-47.1032,-115.4534,-53.9944,-58.5270,50.7122,201.0154,177.1517,380.2498,-51.6495,57.5126,-33.7213,46.6417,105.0722,192.3294,-57.4094,-138.2569,194.2932
-77.5684,-56.5385,-71.4057,-89.6005,-48.9717,-43.0255,50.7531,185.3121,159.0810,322.7758,-44.0941,71.7476,-19.5851,76.2045,75.5107,178.7553,-43.1542,-99.9837,147.9952
-74.5356,-50.9489,-70.2892,-68.2149,-41.3691,-7.4979,36.7596,168.8512,134.0143,236.5409,-26.8571,47.2050,-9.6583,68.1991,58.6024,139.1984,-36.1733,-71.9221,113.1286
-45.2441,-23.5442,-21.6284,-37.6316,-11.2794,13.0273,27.1237,123.2579,74.6075,154.3800,-4.4532,24.3158,12.9056,33.4701,38.6164,81.4849,-35.8363,-43.1150,72.9726
-27.1880,8.1445,11.9773,3.9119,21.3765,4.7048,44.9513,61.4155,17.1243,79.5158,-2.6285,40.3519,44.1875,22.6199,8.8138,27.4691,-36.9283,1.5438,31.7384
-30.0307,21.0260,20.9129,47.6339,46.6374,31.6432,52.0810,23.2121,-23.1691,38.4935,-9.1145,72.4644,56.4686,36.0419,-30.8001,-21.3140,-25.7675,55.0050,12.3697
-29.0492,31.4433,45.4963,77.8087,79.3052,93.1505,31.7798,8.9581,-65.2414,34.5988,-7.1617,77.7267,48.5891,36.1851,-57.3329,-43.6404,3.0369,86.5299,6.4125
-14.9398,48.0583,70.1286,75.6281,102.0797,100.2345,13.0718,2.4111,-92.0468,18.0494,11.6490,66.4623,40.4108,26.8858,-50.1761,-19.7948,26.8507,71.4489,1.1148
-8.6181,43.5580,60.6617,47.5603,84.5141,70.2610,1.0784,18.4374,-75.9755,-5.1910,53.5419,74.8086,38.7065,34.6797,-32.6125,6.8940,21.4528,30.9184,13.8243
-21.6026,19.2882,32.9881,25.6616,45.9419,83.7691,-2.7407,59.9550,-40.5107,12.0341,77.9981,90.7696,41.5561,52.7554,-29.2028,3.0870,2.7945,11.9243,38.6686
-28.0385,8.4463,20.0720,27.5907,29.2485,102.7402,16.2741,92.2186,-35.6387,39.6507,49.4794,73.4747,43.3076,58.2117,-31.9999,-3.3903,2.5398,29.6489,37.3309
-1.6883,4.4096,32.5886,36.6577,36.2900,82.4114,27.5869,95.0426,-71.3680,31.7987,29.1513,35.1732,33.1072,53.9677,-36.6095,-0.9669,19.2367,50.2494,12.1443
36.3751,-16.6770,49.4840,24.7181,36.9284,75.8462,5.5755,74.8537,-97.5948,14.3204,64.4172,40.9399,15.8457,71.0808,-34.4828,14.6605,32.3705,29.1788,0.2483
47.5709,-33.4718,37.3904,-5.5508,25.1832,81.1645,-2.6701,43.5117,-71.6658,11.7241,82.9052,104.6146,7.6919,120.9050,-7.2170,71.3676,40.4493,-24.4056,7.3630
37.2473,-20.7164,11.5593,-14.3517,24.0819,47.6487,18.8570,27.5815,-31.8112,13.6616,37.4294,150.1483,5.5516,156.1801,13.3417,120.6345,53.4551,-42.6502,13.5587
38.7657,8.2406,19.9174,16.3238,32.7691,25.1842,18.2829,36.8501,-39.9753,10.0817,-11.3445,132.6402,1.4044,137.0023,-18.1031,75.2471,71.1986,3.3602,5.6466
56.1712,37.2260,50.6554,53.1939,27.0292,58.6767,0.0818,34.3684,-79.4591,-22.1389,-32.5252,108.0091,3.0712,102.3556,-64.1835,-17.5949,86.4186,58.6012,-14.8295
66.3746,56.3951,59.8769,71.7199,19.5196,81.6649,5.6797,9.5402,-94.0922,-74.7544,-55.9394,109.5098,6.5161,89.7905,-72.6728,-60.0864,88.6940,82.7886,-22.1659
58.4726,52.0513,58.4793,86.1179,38.7625,70.1309,6.8571,1.7585,-81.5567,-78.2969,-78.5952,91.0027,-8.0845,70.0270,-67.0443,-69.6373,72.3198,99.8236,0.6041
43.5022,36.0880,69.3878,99.6307,64.8951,80.7816,-18.4732,8.6885,-68.9187,-31.4897,-89.7070,51.9750,-33.8958,40.9683,-64.7245,-70.9838,49.9524,116.5491,19.7766
35.2555,34.7484,74.7450,94.3451,66.6489,103.5771,-25.9193,-2.8321,-55.6374,-16.6639,-102.5414,47.7893,-40.9658,45.8283,-39.0398,-28.4295,35.5481,104.9054,5.9932
28.2984,42.1544,59.5192,70.8553,46.2252,88.4723,-15.6001,-13.8204,-29.2524,-32.4899,-102.5378,64.6543,-29.0198,62.3897,-9.3026,17.7733,25.5098,71.0774,-11.8840
3.9816,40.7083,27.1387,43.9396,8.1349,56.3842,-31.6978,-0.9359,15.9558,-13.8920,-84.6880,53.8106,-28.4726,39.3534,-10.2259,3.1836,14.5188,44.4597,-1.7539
-33.9737,33.6848,-16.2830,20.6670,-30.9449,42.6786,-51.0467,16.6971,80.7618,27.2634,-96.0972,34.8973,-47.0229,8.8143,-6.3159,-12.5971,3.9044,25.3227,31.7241
-58.9168,23.3607,-46.9671,6.2699,-32.1807,34.2547,-39.0018,36.4109,148.6582,57.2523,-141.3130,33.9783,-61.5688,12.9793,30.4336,27.2755,-12.1093,5.4463,73.7709
-66.9632,7.9904,-49.6227,-1.7211,-15.2357,19.3951,-28.0138,61.1507,193.7223,93.5413,-165.7983,25.7487,-65.9459,15.8252,64.1898,66.4753,-42.5600,-9.5912,104.6547
-78.7701,-2.5463,-50.0076,-17.7857,-41.1585,8.1139,-35.3808,62.5167,211.2370,138.4582,-162.5653,3.1002,-78.0041,-11.1237,81.1980,76.0997,-79.5091,-23.0393,112.0159
-94.0938,-12.1741,-64.1780,-43.6592,-85.2943,0.4174,-34.1496,49.9709,217.0851,177.0580,-155.5030,-17.4144,-93.1321,-37.4704,99.9639,92.3381,-102.6830,-44.1370,112.7246
-98.7764,-41.4211,-78.4231,-66.2002,-86.2221,-14.6137,-21.9394,65.3019,221.6297,217.1358,-133.6112,-48.0492,-88.2892,-44.4489,111.6320,113.2629,-108.0585,-65.5019,112.5606
-102.3742,-82.3448,-93.9156,-76.9349,-66.0079,-32.7469,-5.2845,87.6698,219.7741,245.5159,-103.2586,-88.3107,-70.0374,-41.3847,111.7602,125.6755,-114.3893,-70.5940,95.8705
-115.1352,-97.9994,-104.2490,-67.0273,-54.1584,-27.9570,23.0984,85.7935,199.7990,234.3844,-91.8927,-96.2468,-53.6468,-29.9108,113.0084,136.3552,-130.7225,-51.6051,78.5387
-119.0969,-69.4278,-80.9306,-34.0957,-32.0786,5.0012,36.1399,85.4983,163.8177,189.7440,-82.5817,-57.5054,-29.1217,-12.9090,96.8676,119.4765,-136.6497,-18.0477,74.5383
-105.3737,-22.0932,-44.0725,-4.2348,-20.2355,25.1667,8.7279,84.4431,139.2107,127.6190,-64.2653,-12.0048,-6.4552,-0.7280,62.0530,75.2603,-125.3296,5.5567,55.2712
-95.5960,-6.1857,-42.3603,-1.9420,-40.6989,12.7996,-14.7060,58.1059,144.2024,74.6109,-65.2937,3.4897,-16.6367,4.5922,60.6186,69.4310,-127.6462,4.8122,35.1980
-96.3194,-31.7092,-57.7878,-12.0570,-40.6387,4.6109,-1.3481,53.7393,152.4436,68.4201,-66.1738,-4.8508,-39.5124,5.1877,88.9176,97.9841,-142.6388,-7.3682,69.5224
-85.9013,-46.0889,-48.4850,-11.1092,-5.3415,15.5927,5.3172,98.5375,132.9377,84.7430,-33.3039,-5.3410,-37.1541,6.7137,78.9222,86.9094,-120.8906,-11.5687,121.4766
-66.0577,-22.3000,-33.4916,0.6490,2.0194,23.1004,-16.7346,118.9565,101.3698,70.4178,-19.6028,15.4814,-32.6218,23.3812,36.4731,55.9505,-65.5141,0.5369,109.0505
-64.1824,-2.5200,-40.0865,19.2954,-17.6517,36.2667,-26.2797,81.4507,82.3984,38.5020,-58.1226,41.7748,-46.7896,57.2240,19.4309,66.2589,-37.6835,29.1393,53.6757
-74.6325,-3.9303,-48.3866,44.7382,-11.2922,69.6218,-8.3264,39.2301,56.3003,-2.2228,-75.0941,63.7106,-43.3068,86.3949,15.3003,75.2532,-40.4013,63.5008,18.3414
-64.8906,9.0266,-36.5375,69.8596,11.6019,96.5372,7.6511,10.3298,4.5418,-77.7555,-45.2807,80.5862,-13.8646,90.1913,-10.3257,30.5871,-25.6220,90.1885,-0.3190
-39.2875,32.5728,-10.2836,90.8679,30.6482,107.7312,11.3025,-12.8746,-37.3013,-130.6145,-41.2388,78.2860,6.1077,74.7956,-36.9583,-24.3720,-0.1414,111.8804,-19.3035
-30.7383,33.1372,10.2847,105.7921,52.3695,118.4147,9.9600,-10.8994,-39.8233,-98.4172,-66.9362,62.3149,13.6036,66.6722,-49.1638,-43.5753,2.7447,130.8354,-33.7732
-42.2746,27.0201,5.5857,101.3543,48.4142,109.9493,-3.2460,-1.6201,-32.5700,-57.7633,-57.9629,65.5171,11.2884,74.4460,-57.7255,-30.8088,1.5160,128.1926,-45.0721
-53.4924,37.0853,-13.4122,75.8866,11.9724,76.9071,-21.8680,-12.4607,-41.1139,-56.9166,-25.0764,81.6849,-14.2933,76.1182,-52.6148,6.9498,15.8257,97.7614,-42.8247
-57.7955,42.0088,-13.4852,55.2142,4.0850,63.5093,-11.8144,1.4300,-48.7271,-18.8370,-15.3202,80.1044,-22.4180,67.4022,-36.1683,42.2078,23.4316,71.5093,-20.6559
-54.8736,37.3148,4.5355,54.8097,33.8968,74.1375,32.8737,59.7236,-50.5739,44.9080,-16.3214,75.4565,28.6095,72.8391,-39.3070,36.1129,18.6168,72.4187,-11.4681
-42.8583,47.6014,13.2079,57.8164,42.0829,63.4557,61.6714,91.3316,-62.8359,36.0880,-5.7467,81.3911,75.1594,84.7440,-55.6110,13.3593,25.4530,78.5800,-30.5469
-27.7108,61.0624,11.2787,49.0747,24.0615,31.4666,31.6269,63.2818,-76.3164,-15.2638,11.0108,66.1947,54.1029,70.4249,-59.7691,11.5107,46.6129,66.4819,-53.1121
-11.0858,48.8280,13.0695,37.1446,11.6541,11.7114,-27.9045,21.4100,-70.7695,-26.5291,27.6877,29.6193,14.1810,38.7757,-66.5711,-5.2889,59.2126,49.9751,-70.5124
4.3530,28.3192,14.8661,31.7292,-3.3248,6.0147,-51.8389,-3.4385,-46.1484,-11.6324,19.6659,10.9577,2.7355,13.2949,-76.0468,-54.7069,47.7035,46.6683,-69.9905
-6.5645,32.2465,5.0283,22.8805,-25.9425,1.8665,-20.4226,-4.2283,-4.4187,13.9188,-33.8115,1.5251,1.3154,-17.8929,-47.5289,-67.1130,15.6728,40.7663,-29.5256
-49.3744,46.3377,-19.3156,-5.5067,-42.5736,-13.3202,30.5742,11.5379,44.2548,62.1356,-74.4034,-31.8003,16.5593,-59.9342,8.7844,-21.4124,-21.7307,9.7864,1.0763
-75.4089,27.5069,-47.4006,-48.1964,-57.3637,-56.9377,56.0875,-5.1061,67.1974,89.1125,-25.5270,-72.0234,61.0260,-90.1153,32.8458,1.5276,-54.2068,-38.0041,-37.1744
-56.9428,-29.8874,-60.4272,-81.4596,-66.4199,-112.0406,41.3284,-67.7548,58.6653,67.3475,78.1813,-88.6464,85.8279,-97.3923,26.2211,-16.3865,-85.0977,-79.0470,-89.3425
-34.0375,-78.9949,-57.7354,-93.6536,-59.0449,-135.9033,19.6903,-103.7879,52.0682,37.3855,139.3468,-87.3016,70.4105,-83.9388,39.3394,0.2019,-116.9004,-101.1884,-93.1657
-35.8372,-88.2694,-53.1390,-89.6124,-47.1480,-124.6034,39.3275,-77.1230,53.8324,17.5373,137.6629,-91.4476,74.7164,-64.0344,69.5096,43.4925,-147.5457,-98.0119,-86.4925
-42.8834,-85.4435,-44.1872,-73.6139,-27.3743,-103.0981,94.5091,-39.1001,43.9017,8.7966,122.4714,-115.8564,122.3255,-68.7444,78.8333,32.2239,-176.8665,-71.1157,-92.9460
-43.1777,-96.2319,-32.5442,-57.8189,3.5105,-82.7390,127.8724,-16.2707,35.6357,31.3045,112.6299,-141.7982,154.0983,-84.7757,70.5652,-4.0043,-189.0240,-46.9266,-85.0218
-39.1918,-102.5633,-38.8394,-62.5260,-3.8128,-70.6144,111.1924,10.7813,47.4163,61.4754,91.6759,-133.9902,129.2235,-58.4123,70.1978,23.2041,-163.8065,-50.5899,-78.3830
-25.0762,-97.7958,-55.3557,-79.9009,-56.2857,-68.4050,70.6133,34.3695,47.1131,54.3146,79.5564,-111.4142,75.8962,-12.2588,70.9925,74.7955,-119.9117,-65.3009,-89.1950
-10.2303,-99.8268,-50.8787,-76.5218,-64.9835,-64.4587,34.6070,36.2312,5.2015,17.4310,116.9365,-123.8620,40.0704,-17.6579,52.3702,63.7880,-92.4039,-58.5630,-82.8225
-9.1245,-97.5995,-28.7705,-45.8323,-4.8339,-60.8588,16.2570,27.6884,-44.4161,-27.2890,167.2426,-151.5280,37.3868,-52.2863,24.4544,19.8260,-81.3813,-30.1258,-61.5363
-6.0291,-68.0936,-9.6704,-12.9845,39.1109,-63.1714,22.6211,19.4579,-59.9643,-59.6773,145.3780,-138.8438,48.9044,-54.1115,6.7491,-3.1937,-64.5543,0.3504,-58.3689
8.9000,-24.3589,5.0843,4.9386,33.0464,-54.3666,34.8791,4.1103,-54.2948,-45.4577,64.8481,-95.1085,48.0696,-46.0229,-11.1276,-33.1333,-26.0773,19.6480,-52.7423
16.5321,10.0935,8.7080,5.3406,17.3019,-39.3685,21.9246,-20.7274,-50.9091,-10.0404,16.8851,-62.1039,28.3982,-61.6913,-37.1318,-75.8701,32.3265,16.9209,-26.3938
19.9363,24.9042,-2.9855,-8.8558,7.6700,-52.9028,-8.4101,-42.1569,-33.3897,-12.0863,8.9599,-48.7909,1.8282,-68.6796,-42.2752,-76.8119,74.6900,-8.3737,-11.3906
41.1200,12.9108,-5.2031,-28.3265,1.3500,-84.6867,-23.5791,-46.0895,3.2708,-19.3116,-8.4067,-47.6289,-15.8973,-46.0306,-12.4316,-27.9519,70.6193,-39.5530,-21.3509
69.0187,-7.5357,6.6064,-50.2847,-8.5266,-93.9002,-21.1630,-39.6378,13.2881,2.7239,-10.9799,-43.9414,-15.2121,-14.7364,14.6152,23.8895,60.6472,-68.9542,-46.0367
83.4909,-6.3924,3.8105,-74.3779,-37.7663,-87.6327,-13.3182,-38.8071,-17.5216,-10.4211,30.2132,-23.9873,2.1532,11.3887,13.5991,46.0790,83.1592,-96.2544,-78.8035
86.6678,-4.6055,-10.5971,-80.4687,-58.0528,-85.6021,8.6339,-32.6518,-31.0722,-62.8020,58.7584,-6.8454,27.6338,26.3194,8.7812,30.3640,84.3739,-99.5033,-86.5583
77.0464,-32.6082,-15.4030,-59.0988,-35.8717,-68.8939,40.2486,-12.9618,-4.6887,-67.4557,42.2822,-5.7637,47.6777,32.3800,14.9271,1.0992,33.7419,-70.0259,-55.3758
59.5301,-50.7482,-18.8842,-41.4841,-20.1926,-37.4747,53.1299,-11.0832,7.6235,-39.9719,23.6738,8.8262,49.9308,46.3637,15.3841,-1.4853,8.5807,-46.6792,-40.0841
56.8914,-23.1549,-23.7056,-41.9669,-45.8775,-28.4310,48.4818,-36.0009,-13.6784,-51.4228,12.9091,35.1626,41.8411,55.8652,3.6381,3.5728,40.6807,-45.3281,-61.9075
57.2831,0.9192,-22.8123,-31.2035,-59.3653,-43.6621,45.3584,-51.6593,-21.9888,-66.6615,-13.7799,26.0533,34.0490,35.4427,-10.6976,-23.9401,52.0093,-26.3697,-72.8913
31.0185,-15.5556,-36.7946,-8.8109,-54.0176,-45.9212,27.3362,-62.3510,-1.1505,-56.5178,-35.3624,-2.9785,12.4013,16.7817,-19.8447,-45.0062,20.8916,10.3743,-73.9015
10.0575,-24.9912,-61.7676,-7.2836,-79.2628,-21.1278,-15.5022,-98.2236,11.5309,-82.1756,-27.3016,13.6756,-19.0760,39.0232,-22.7730,-25.2546,19.8210,13.6715,-101.7071
33.6145,1.7670,-49.7026,-14.7089,-97.2294,13.7938,-42.0673,-120.1213,-11.1833,-140.7495,-2.8959,62.4626,-18.0477,69.7532,-31.3262,-20.9835,62.6504,-8.0678,-124.6458
59.1694,20.2119,-10.7883,-3.4180,-59.9171,34.0479,-32.6760,-82.2534,-52.8521,-151.2143,27.3003,71.4102,8.2060,66.9160,-49.1535,-48.9465,88.1388,-4.6963,-99.9794
47.0392,1.6253,-6.8679,-1.4185,-30.5753,17.7259,-24.0553,-27.6387,-57.2521,-106.5889,46.8244,31.0100,-0.2487,40.1521,-44.3582,-44.7815,70.7492,1.3661,-47.8683
37.4485,-29.0200,-29.7294,-35.2294,-51.5558,-28.5627,-30.7930,-3.1190,9.1931,-59.8936,32.0253,-14.0104,-32.1455,7.1773,-1.1817,-16.5297,30.8209,-36.0767,1.8760
54.9358,-49.2447,-30.8187,-69.5467,-69.3816,-64.1500,-37.6201,11.9562,83.0980,-32.5648,18.2103,-42.6343,-27.9871,-21.9744,30.8255,-28.1144,-4.4070,-81.8967,28.2510
62.1623,-58.3840,-18.9692,-74.5743,-60.8407,-63.7431,-53.7476,32.4557,87.9800,-26.1513,53.5350,-57.4981,-4.4251,-25.3422,19.7727,-45.8826,-12.9949,-89.9381,8.8117
46.6911,-62.9377,-20.9500,-74.0126,-54.5934,-51.2210,-73.6095,42.5511,67.0496,-29.2640,94.6688,-58.6705,-3.3864,-0.8655,16.6128,-2.2614,-12.0408,-89.4965,-28.9831
32.5825,-77.2283,-36.0702,-90.8528,-62.9602,-63.3021,-64.3681,41.9202,94.9580,-13.2706,85.6670,-58.9385,-9.9875,17.4547,54.4934,64.4870,-39.5093,-111.0769,-36.4862
21.7307,-99.3290,-59.3228,-107.5479,-88.9390,-95.9080,-46.2428,31.7179,126.5695,14.8388,62.7656,-81.6491,-18.6449,4.5803,78.5601,80.5561,-73.5917,-120.7335,-35.1978
12.4932,-94.1855,-64.7747,-90.3367,-101.7093,-108.0423,-57.4913,1.6687,81.0663,9.6913,65.1257,-114.6774,-41.6031,-27.1160,47.5215,46.8510,-60.5443,-83.9285,-59.2642
21.0749,-51.4412,-19.9451,-36.2191,-40.7114,-78.5863,-61.9747,-35.6183,-8.8917,-29.6449,64.1095,-110.8216,-47.5238,-48.3873,6.0872,7.7879,-15.9091,-27.1581,-63.4697
38.2413,-14.8591,37.1560,6.1520,52.1782,-34.0930,-32.4914,-52.5762,-51.3274,-37.3358,43.2627,-59.3261,-29.8183,-50.2628,0.0957,-11.2533,11.3311,-5.6096,-0.7484
34.6177,-5.9326,41.6805,-3.5717,62.9982,-8.3111,-20.7122,-38.4203,-25.1560,27.2556,19.3027,-4.2451,-42.2713,-50.6991,8.6623,-14.8235,31.6018,-31.7921,93.2278
14.2695,6.9625,10.9198,-32.4367,9.7392,-5.1312,-31.1029,-0.6131,14.7500,109.6230,-14.9712,26.5759,-80.0187,-52.5298,7.2276,-8.3919,67.2085,-59.7740,158.3518
2.9812,33.4151,-2.8151,-32.9453,-5.9764,-13.1378,-5.5597,29.9627,20.0220,130.4158,-60.7960,47.8999,-84.7131,-33.8648,11.0364,19.3797,91.8043,-54.6155,172.3260
6.4872,46.4221,1.3466,-14.8646,11.4741,-18.8463,22.4187,20.6303,-4.1131,91.1335,-75.7722,69.1195,-68.7388,0.4658,14.6206,49.6454,94.4700,-34.3134,141.3827
14.7834,47.7471,12.0754,5.5952,20.0598,-4.8070,-18.6879,-7.9448,-33.7215,41.3731,-39.0899,85.6747,-69.6146,23.7560,-18.1283,32.9493,106.1299,-12.9963,90.3891
19.5920,58.7839,36.1190,38.3382,46.4856,28.2591,-76.2359,-10.6179,-66.8832,-1.6818,9.5957,103.2928,-64.8497,41.1611,-69.5869,-8.2312,125.8733,19.5538,52.9300
20.1184,70.5901,65.5927,67.3874,90.9494,53.9884,-74.7143,3.3069,-98.8676,-25.4995,30.4142,121.4309,-43.3083,63.4024,-79.6403,0.2166,119.5045,45.1148,40.6192
22.0312,72.5047,86.7001,73.6749,108.9902,60.3281,-60.8020,-7.2987,-110.1132,-18.4203,24.9360,124.4096,-37.7521,66.8234,-59.1525,31.6960,95.3236,46.6299,34.9072
20.2660,78.2254,95.3410,85.9323,111.1250,62.3432,-91.5154,-47.4995,-102.2078,-27.8376,10.0157,105.7767,-53.1202,39.8756,-66.8573,5.8205,86.7513,59.8325,16.2282
1.1607,83.8099,83.3329,110.6237,117.6163,64.5120,-126.1429,-88.3500,-86.9820,-78.1400,-2.8288,71.3328,-65.1051,7.5004,-85.5650,-41.2071,77.3503,92.8205,-11.1291
-24.7677,62.4437,53.5808,97.6820,93.6187,56.4243,-118.8891,-94.5038,-51.3668,-88.0852,-3.0718,30.7787,-60.5623,-11.9774,-60.7789,-32.8649,31.2539,87.5460,-27.4575
-36.2489,11.4694,22.9219,43.5407,36.4434,43.2344,-87.4739,-51.2721,13.1959,-20.7115,5.4731,-9.6892,-38.5559,-21.4561,-11.5098,-3.6261,-36.7033,38.4879,-24.1132
-44.9999,-40.2662,-11.9796,5.9020,-5.0947,33.8168,-63.0972,1.9977,81.8131,30.2642,-0.0130,-60.7326,-18.9301,-34.3485,17.2308,-10.3597,-87.6845,11.7724,-13.8205
-65.9533,-65.3065,-52.3266,-2.9588,-23.9902,18.3330,-52.8210,10.5717,123.0575,14.5131,-17.2253,-119.6081,-20.3022,-62.2811,30.9974,-27.4644,-113.3561,16.5028,-15.6801
-76.7045,-66.3582,-68.0782,-17.1900,-39.1902,-4.9834,-40.4288,-12.5138,126.4207,-1.5511,-9.1524,-142.7166,-14.8752,-82.3819,47.5576,-15.7758,-128.2035,3.0191,-32.2897
-67.4803,-72.5576,-56.5524,-41.1632,-37.3056,-18.9736,-12.3860,-11.5359,118.1055,21.8226,26.1220,-118.1855,19.0212,-62.4770,68.4706,25.7022,-143.7720,-33.8539,-44.5003
-68.8607,-88.0276,-57.0292,-60.2789,-22.6358,-29.4616,8.7450,14.1984,136.0975,47.5368,47.6327,-102.9958,45.0479,-33.8242,93.9726,77.4709,-161.4706,-64.8950,-43.8033
-89.5779,-76.6501,-76.6092,-74.0164,-36.4403,-65.5325,-0.7791,11.8448,154.9835,39.4303,54.9358,-117.4811,39.1145,-46.5363,105.4437,103.5575,-166.5265,-81.0636,-53.4492
-105.1801,-38.3023,-96.3049,-82.1555,-81.7324,-121.6701,-17.6832,-33.8580,123.8541,3.3861,77.0358,-117.6528,20.5285,-78.7114,83.8760,89.8716,-143.8253,-82.9261,-78.6793
-111.6375,-24.9920,-121.2249,-86.5296,-119.2798,-154.6944,-14.4521,-72.3845,84.4554,-16.2997,91.8066,-105.9091,-0.0121,-92.6233,57.9588,66.5350,-112.4301,-76.4224,-81.2791
-116.0591,-42.6165,-144.1830,-92.2938,-136.0074,-144.3429,-1.5546,-69.6933,94.4858,2.9760,69.0612,-122.4257,-14.2444,-105.6739,56.1853,43.2954,-102.5500,-72.1900,-56.0912
-108.9952,-42.8872,-137.8965,-89.0420,-141.5784,-111.9853,9.2708,-64.9073,100.8465,15.4797,31.6989,-149.0777,-12.5145,-127.0050,59.7015,14.8628,-100.8352,-62.1748,-50.9778
-93.3974,-18.7521,-116.0121,-72.5327,-131.5859,-87.1941,20.6203,-88.5391,62.2772,0.0850,-4.8995,-150.3158,-19.9012,-127.8445,59.7408,21.3032,-73.5153,-43.3405,-68.9165
-81.8326,1.8174,-104.0142,-62.4156,-105.2564,-82.5892,22.7200,-93.8102,42.6815,4.3585,-43.2481,-135.1336,-42.0308,-107.6096,64.6828,62.9260,-28.0372,-39.5937,-64.6342
-65.0127,15.7565,-84.0854,-61.0358,-78.6298,-86.9737,7.9437,-57.8792,59.4811,22.3148,-44.9078,-114.4119,-29.2411,-93.5639,51.7760,54.8297,-2.8439,-50.4978,-48.8089
-43.5207,19.6961,-56.1724,-51.6555,-62.0415,-83.3504,-12.6725,-49.3048,55.1402,-5.3071,6.9462,-93.2572,14.9428,-90.1721,16.2504,-10.3075,-9.8102,-48.3134,-66.8258
-35.6559,1.4124,-54.8568,-44.9429,-55.7800,-79.2492,-35.1346,-97.7456,39.4077,-59.6910,54.9078,-92.7315,22.7969,-91.4407,0.8488,-41.7406,-22.9688,-43.9749,-99.0110
-22.4316,-19.4724,-59.8960,-54.1849,-54.7243,-85.1677,-59.2929,-129.3987,43.6204,-86.8848,73.0367,-104.2250,-1.1035,-98.2536,8.9596,-40.9708,-20.5756,-60.5133,-94.6301
17.0230,-25.4717,-27.1629,-54.2615,-41.0844,-77.3361,-67.4649,-102.2506,34.2923,-91.0960,90.1064,-95.2916,0.1847,-98.2711,3.5576,-70.8436,-15.7710,-69.0593,-58.6023
37.5876,-40.1053,8.4135,-31.6648,-10.4770,-42.5012,-48.0642,-59.0302,15.1897,-74.5184,91.8862,-79.7904,17.4818,-76.6511,-0.8498,-85.4405,-38.9857,-43.6398,-32.7631
10.0947,-68.4340,-0.5941,-15.6774,2.3767,-19.0066,-18.4714,-29.9793,29.7475,-34.2583,61.8206,-85.0143,17.5800,-47.4080,22.9114,-36.5016,-88.2085,-14.7653,-32.0626
-8.9002,-73.4055,-16.5944,-16.5236,-14.8528,-26.8462,-3.7363,-12.2143,41.2196,-20.6591,43.5546,-91.7394,9.2083,-40.0797,38.6014,-6.7628,-111.8729,-6.1773,-30.2611
13.8401,-41.0197,3.5984,-6.5784,-10.4806,-29.3070,-6.0475,-7.9251,4.4444,-46.1153,41.6052,-81.6067,1.2345,-57.4095,15.8347,-46.0815,-69.3502,2.2267,-2.8215
33.2914,0.1153,31.3422,18.6209,36.3413,-12.7802,-3.7997,-5.3541,-36.0552,-45.6343,12.5765,-66.4807,-3.4678,-68.8814,-16.9489,-81.8854,6.7672,21.6519,29.1388
31.3849,14.6953,36.4613,30.7250,67.0767,-4.1143,13.6167,15.5760,-45.3627,-6.7732,-13.9019,-52.6989,8.3911,-57.5910,-35.5950,-85.1057,46.8619,34.1889,39.2018
37.7409,-6.9431,35.3486,22.9624,54.5775,1.7174,21.8906,46.7563,-47.6318,23.4929,8.8492,-45.2204,20.2903,-46.2682,-46.3623,-102.3173,38.1353,31.9848,50.5220
51.5066,-24.5380,42.9820,18.9806,41.2765,20.7941,-0.1457,67.7353,-52.8564,33.5553,32.5001,-49.6313,5.0955,-52.0121,-57.6150,-131.2311,36.7952,30.4434,75.2756
57.6214,3.7931,51.9895,26.2838,38.3957,24.5509,-30.1833,62.2565,-57.0518,26.5214,12.1226,-44.4571,-16.2967,-58.0270,-72.8871,-140.6651,72.5040,35.4832,72.9654
65.0299,39.7102,54.7836,23.7468,24.9628,-0.7691,-42.9409,26.9030,-54.8090,13.1803,-11.4249,-13.1045,-20.6600,-49.9807,-80.5513,-132.6362,102.9650,25.5881,46.3705
68.6868,28.6387,51.9409,5.6651,21.8576,-16.7616,-53.1204,7.6325,-25.7002,36.7556,-4.8940,23.4190,-26.0439,-28.0197,-65.0381,-100.6166,94.7988,-7.4657,53.5435
55.1353,12.9452,53.8652,2.6691,41.1934,-8.4651,-75.6998,44.1438,-3.1016,74.6743,18.6097,52.5756,-37.1962,7.6103,-55.0643,-50.3130,80.7503,-21.2533,77.9934
44.5249,52.5630,72.5345,37.9807,49.1280,5.0521,-94.5964,67.5166,-62.2198,31.5731,47.9520,85.0267,-33.8234,38.8675,-92.0393,-43.6751,97.9621,22.6129,45.7296
51.6359,107.8661,102.4304,90.3642,52.3252,32.8140,-95.5206,-0.2146,-175.2203,-79.8419,74.9191,114.2598,-15.3573,42.1629,-147.2357,-95.1099,126.8453,89.4272,-30.7168
52.2219,118.4611,124.0869,119.3948,81.3862,76.9559,-83.4945,-95.9740,-242.4659,-145.0602,102.9219,125.1264,8.3503,27.5676,-162.7617,-128.4626,124.9112,117.0487,-77.3757
33.6080,95.8580,123.8225,108.4404,96.0526,90.5568,-62.1133,-126.7761,-247.2181,-136.2325,148.2999,114.7109,36.7776,8.8512,-141.3527,-118.3189,81.2700,98.8554,-81.8746
14.0376,71.3090,102.6527,79.0638,66.4806,57.9663,-27.2496,-112.9860,-226.4444,-109.5021,180.2837,84.1435,66.6422,-17.4531,-117.6989,-115.4743,24.9584,75.0505,-81.0035
5.1673,56.5031,80.5927,70.9819,58.7582,29.6265,12.6524,-97.7928,-198.9228,-101.6815,158.5500,53.7684,91.9835,-27.4777,-104.1823,-121.3566,-0.9107,76.8716,-88.1422
6.1029,60.8786,84.0051,93.6779,103.6275,31.8066,32.9007,-72.4883,-198.5534,-123.2061,129.7590,49.2095,104.2881,-3.6465,-101.0079,-101.5261,9.4975,100.4073,-91.6401
12.2553,72.2169,107.3873,111.2701,132.0049,40.7553,27.2811,-46.1614,-228.8287,-141.5840,140.3326,50.9376,95.3615,8.4408,-99.3583,-76.1527,13.4276,115.5338,-81.4148
15.0683,61.5300,115.7248,101.5799,119.7313,47.5790,21.2372,-39.9705,-220.7751,-108.0144,136.6763,35.4751,79.6402,-10.3272,-85.3856,-73.7103,-5.3664,105.7586,-60.2454
19.7628,37.8447,100.8669,88.0712,114.6477,59.8731,21.5686,-34.4286,-164.0757,-62.2934,89.7861,36.8368,69.6257,-2.3665,-71.2633,-74.4877,-2.7600,89.0168,-37.2891
39.5661,36.9448,91.2670,85.9869,116.9753,66.5775,-4.5087,-20.7446,-138.6278,-67.9919,61.5746,78.1072,39.8015,42.9367,-78.1995,-59.7563,47.2144,77.8792,-14.6394
63.7066,61.7395,102.3315,80.6046,103.8015,57.8260,-63.6522,-25.8239,-155.3399,-80.1913,69.5603,114.4611,-11.6073,62.0239,-96.9110,-43.8275,109.0325,60.5989,-2.0578
76.0470,83.7323,119.5871,72.8243,102.0283,39.9152,-118.9783,-53.7431,-155.0472,-61.4578,78.0897,107.1182,-31.0255,35.0947,-119.1757,-63.0259,145.4243,42.4666,-20.3339
83.9152,80.5498,123.5090,76.3232,115.0023,18.0858,-158.2278,-83.6912,-138.3206,-80.8400,104.1784,67.2095,-10.9952,-9.8795,-155.9097,-146.2418,150.3246,44.9924,-54.4687
86.0208,55.5884,104.1915,77.5449,94.7729,-0.9082,-183.5162,-99.9072,-125.9786,-143.5023,144.1567,16.4978,-9.5957,-58.3591,-179.5466,-238.2439,124.2052,57.7812,-56.7488
64.6346,38.5377,64.1389,59.0482,42.8234,-13.3624,-166.4818,-91.0567,-85.9664,-152.2181,111.3737,-25.4448,-39.9589,-91.3547,-142.9756,-234.6859,85.1810,52.7083,-19.6579
33.7242,46.2706,18.8848,35.2186,7.9200,-33.4651,-117.3689,-73.7955,-13.1861,-109.3036,-1.9516,-49.5350,-68.6033,-100.5288,-77.1220,-162.7257,72.5636,34.2764,18.3445
25.6441,50.8471,-14.9754,26.2375,-7.3960,-57.5861,-101.5847,-81.5393,33.4297,-107.6544,-77.2262,-70.5555,-91.3289,-110.5179,-55.5160,-149.0980,89.4912,29.4420,31.7659
33.7803,30.6002,-29.9788,31.0133,-19.4204,-47.0376,-114.2898,-94.1243,27.2292,-143.1669,-70.9028,-86.0416,-105.0095,-110.4318,-69.8160,-180.7710,97.6277,43.5009,23.2987
34.0874,16.1083,-22.0371,38.9754,-2.8292,-1.3883,-88.5642,-71.2775,6.9132,-144.9553,-61.4883,-69.6671,-84.7258,-69.7062,-58.2244,-146.0132,86.9286,52.6793,11.9378
32.4016,34.2832,8.1055,42.1866,48.8501,21.0843,-43.1839,-38.8560,0.6818,-111.7835,-73.8291,-34.2082,-46.4039,-32.7204,-25.1326,-71.5067,82.2871,38.2813,21.0599
39.7888,55.3792,43.3429,36.9048,85.5457,1.9504,-39.8707,-27.1194,-3.8257,-75.7991,-57.2927,-15.1032,-32.2452,-41.1781,-13.3780,-46.0434,81.0085,12.6733,48.4536
45.1975,39.7117,57.8872,20.6524,76.8087,-14.6395,-44.7835,-4.8869,-15.2426,-28.8788,-12.6461,-4.2502,-35.2281,-39.4181,-8.8126,-27.9537,57.7840,-7.8694,69.1868
44.0022,-3.9005,45.1699,-9.3474,46.5351,-16.6378,-8.7368,34.9182,-23.4951,32.3116,21.3967,13.3551,-26.8641,3.4783,16.4060,34.8111,25.4306,-32.7562,73.3588
47.9749,-35.2835,27.9870,-40.4557,20.9453,-30.8580,28.8827,53.1475,-26.1103,78.5424,36.1354,14.3886,-13.1241,27.3325,36.1726,76.7976,15.8199,-60.0915,64.6835
52.6516,-33.4099,23.8614,-47.0872,3.4669,-49.9755,39.8093,51.8060,-19.8061,102.0671,11.9600,-8.7193,-7.1039,9.2788,31.1659,57.8465,19.3672,-58.2676,48.5865
40.3632,-13.0305,16.6861,-34.6381,-12.5629,-54.9747,53.7633,47.1440,11.6840,120.4245,-62.8314,-25.0720,-5.1355,-11.3386,29.5784,31.7243,11.4002,-32.8349,38.0691
19.2288,0.0239,-5.7194,-37.1527,-36.0993,-61.8070,62.2264,14.8248,47.1196,120.4167,-106.4131,-20.7156,-5.8275,-23.2532,38.9570,26.6850,0.9740,-32.2250,29.0477
16.0910,-5.6573,-17.2499,-50.2555,-56.5351,-73.0818,36.4267,-35.1225,30.0333,78.1986,-49.9154,-15.0579,-11.8129,-30.8690,32.7844,21.9697,-0.7605,-50.6092,3.6043
34.6984,-25.1022,2.5720,-35.7217,-42.7523,-61.3244,12.5245,-50.8741,-30.0790,26.4873,15.6719,-28.5388,-22.1206,-29.4786,15.6813,8.7363,-7.0561,-32.9313,-15.1315
56.0341,-40.0716,31.8934,0.3641,1.2166,-33.5332,28.6100,-40.7976,-63.8064,12.1775,-9.2483,-55.2674,-31.5364,-35.2396,12.7677,-13.4614,-16.2101,12.7976,4.6906
64.5709,-34.3876,45.5581,16.0725,31.0419,-19.1741,58.4604,-38.4798,-55.1290,16.0012,-57.0781,-60.8057,-21.9641,-46.4651,22.3043,-31.1688,-17.7459,27.6930,32.0510
51.9087,-22.8266,40.5629,6.5572,32.8060,-8.9267,84.5349,-18.5011,-33.8614,3.1412,-44.9481,-28.8613,19.3566,-23.4695,39.1919,-9.7031,-33.5888,8.2114,31.3560
26.2003,-29.2934,16.4831,-6.9273,23.1721,4.6988,119.6915,22.9542,-14.6094,-13.0363,-15.3385,7.9186,62.5021,29.3266,62.4720,44.4188,-62.2958,-8.6062,19.1053
18.9776,-38.0009,-13.8724,-24.4496,-3.7068,-9.3166,139.9569,28.8453,-19.4007,-21.0756,-3.6554,20.1911,69.2439,60.2707,67.5901,78.6832,-50.7430,-21.1490,-3.4727
37.9069,-27.3775,-22.9529,-45.6923,-47.0610,-47.1345,114.1389,0.2561,-48.2348,-35.7978,21.6852,12.2843,58.2084,56.0316,43.2901,70.3035,-7.9204,-38.5133,-55.9424
46.9925,-24.2295,-17.5510,-52.5500,-70.6127,-59.4513,68.6195,-5.0993,-39.1440,-58.1137,51.6943,-15.0639,66.6946,38.6314,22.0012,33.9033,-12.1593,-43.2816,-107.4536
37.3595,-52.3577,-27.7182,-48.8586,-66.7033,-46.3319,45.4789,7.8913,14.7980,-80.7309,56.7961,-52.8730,78.7313,25.3161,27.3265,1.3056,-58.1625,-36.8450,-117.5579
42.0255,-81.2632,-43.0470,-59.0456,-68.9678,-49.3507,56.2622,7.8825,30.8037,-95.7531,57.0240,-62.4853,66.8166,31.6229,51.2598,18.1824,-74.6173,-48.3613,-96.4823
58.9540,-81.4756,-34.9586,-75.7984,-78.0505,-62.3979,94.6552,16.4108,1.6538,-83.0308,56.8995,-39.4835,54.3765,46.6526,82.3420,70.6857,-72.4034,-70.8395,-59.6780
64.0058,-58.6277,-8.4731,-68.4074,-68.4256,-55.9481,130.7705,39.3327,-11.2431,-59.3632,33.3935,-21.1972,64.3021,35.8744,95.5138,70.6120,-84.9212,-65.9190,-14.0868
76.1961,-21.8569,22.3985,-37.4793,-45.4154,-38.3235,130.7998,40.2553,-29.4690,-75.2268,8.0780,-6.3088,71.2734,11.5075,66.4494,3.0163,-65.9880,-34.4783,15.9536
100.2497,8.3394,47.3484,-11.3223,-23.2289,-21.9998,120.8403,25.2697,-78.3200,-106.8503,1.6935,16.7457,62.1804,9.1214,29.4625,-42.0437,-11.7903,-9.0512,27.6209
86.3578,5.4700,41.5854,-3.7068,-5.9222,-5.7724,142.3877,25.4702,-92.2551,-86.0586,-8.8385,11.6672,62.9014,4.9969,29.1928,-37.1521,-3.0137,2.7090,41.3948
34.7909,-5.5856,12.0128,-7.5803,-5.7309,-4.5012,161.4717,30.4367,-56.9540,-31.7444,-17.3687,-16.7305,78.1760,-25.6136,36.6108,-40.6873,-36.7499,7.1645,50.0201
10.0683,15.7599,8.6524,-9.4733,-13.7181,-16.5849,143.6071,35.2735,-39.0438,3.7447,-5.4531,3.7048,89.5847,-35.7543,16.4120,-57.1443,-37.1949,2.8521,49.6706
14.4010,41.8027,31.0686,1.9650,0.0010,-7.7748,132.1124,54.7647,-40.5469,29.1068,-8.2200,67.6594,96.5374,-0.2804,-1.5917,-49.2906,-19.2441,4.6383,61.7666
-1.4544,30.4018,29.5721,21.9165,20.5694,17.9539,141.9883,59.7548,-31.8541,49.5739,-32.7154,82.8450,92.8308,20.7444,1.7253,-34.9813,-36.5610,29.0156,72.3347
-29.5896,0.2236,8.2863,32.8783,15.3768,24.6845,121.9201,25.6222,-37.5980,53.2147,-25.8196,30.5036,62.6771,-11.4627,-2.9199,-47.3505,-63.3395,56.4646,56.2445
-42.2143,-25.5143,-1.7044,32.3614,4.5196,26.5583,75.6364,-3.3126,-49.9653,67.7566,3.5771,-24.0162,27.9610,-50.8519,-20.3775,-71.2198,-67.6560,66.4511,36.8810
-54.6779,-48.0827,-16.6250,32.0686,4.0249,46.3049,48.5411,-4.3710,-26.5924,93.4543,-2.2336,-46.4564,15.3476,-49.9999,-27.8565,-74.3567,-65.7051,71.1780,19.3103
-66.8880,-43.2917,-38.3261,37.9794,-9.6360,47.3679,21.7217,-16.2249,-2.3867,73.8333,-26.3332,-37.1872,4.0855,-19.2189,-35.8812,-54.4327,-51.9236,81.3706,-27.1692
-52.5180,5.5215,-25.1621,58.1503,-14.8507,18.2885,-20.0715,-39.8779,-31.1627,6.6880,-24.8378,8.0849,-11.2360,13.8981,-67.2314,-45.4473,-9.6263,97.7225,-74.2518
-26.4513,61.8225,17.4543,95.2107,28.0123,15.7362,-30.4416,-48.3292,-87.2327,-58.6960,-9.7782,73.2643,4.7499,40.8337,-107.7757,-69.7471,38.6249,123.0600,-78.2983
-15.5411,94.5085,44.8489,117.6917,72.5619,50.4485,-16.9143,-60.6430,-126.6432,-104.0863,6.8131,119.8557,36.7144,58.3359,-125.4073,-86.3542,71.7596,132.2272,-74.9098
-2.4541,97.8644,58.7924,98.9554,67.3942,68.6948,-36.9379,-72.7524,-134.2652,-106.9941,27.5653,121.0718,29.0255,60.5606,-108.0020,-53.8906,83.4352,99.6164,-85.9592
20.8018,57.1317,70.9181,71.5817,55.7587,62.2807,-67.1784,-31.4750,-104.1076,-53.3442,29.9565,77.3464,-8.9398,54.4802,-74.4886,-14.4251,59.2977,67.6889,-61.8429
22.2201,-7.4285,57.9245,68.4792,72.5357,60.6062,-61.0331,45.9585,-57.4977,-4.4456,16.6910,22.5435,-29.9691,52.3941,-52.3462,-10.3019,16.9508,75.0862,-2.4112
-3.0695,-37.4311,21.6589,57.9070,73.8227,52.0972,-48.0128,89.2777,-22.5674,7.6909,23.5347,-6.2622,-32.3472,48.8201,-38.6877,-1.0593,-0.3307,70.3979,32.1446
-20.6866,-38.9086,-11.0560,12.2991,31.3628,17.5795,-44.1106,101.4519,14.4295,38.6032,33.7914,-23.6214,-32.8144,33.3980,-12.5043,34.3681,-1.1887,19.7187,34.7612
-22.9404,-61.3722,-45.5772,-33.9081,-27.5222,-25.0415,-15.0220,112.5488,60.0689,79.2159,13.0495,-64.3344,-28.3803,10.5000,20.2731,47.7249,-25.0464,-19.1156,30.7202
-33.7573,-83.8941,-82.6175,-50.8373,-68.6240,-56.6940,25.1899,101.6710,77.6625,57.8032,3.4323,-109.1356,-14.6490,-15.5791,38.8245,30.9916,-62.6024,-19.2590,15.7056
-56.2052,-66.2506,-90.5633,-52.5653,-68.5097,-71.0221,38.8398,66.1551,55.1792,2.8933,49.5228,-115.8591,11.3945,-42.6605,42.5890,24.7679,-81.2700,-24.3299,-2.8251
-73.2549,-37.6077,-73.9054,-49.5391,-40.2483,-64.4281,46.3140,35.1613,25.9640,-16.7957,99.9501,-87.7864,43.4653,-56.6609,40.3735,27.1196,-83.8974,-37.4901,-3.7616
-87.4090,-26.2611,-75.2501,-38.9605,-37.4485,-53.5337,67.2445,5.4648,18.0955,-16.4959,90.1024,-55.9364,52.9367,-55.3385,38.4020,19.6237,-92.0825,-27.0211,4.1355
-110.9366,-17.8197,-97.0144,-31.7466,-69.8381,-54.6603,81.3560,-16.0500,33.3821,-11.6732,45.6227,-40.4890,35.0791,-57.1584,44.6433,20.1548,-110.4866,-8.0688,12.0436
-130.6484,-15.3069,-110.2339,-34.5442,-86.5964,-48.5889,85.1314,3.9449,46.5243,16.1348,28.3006,-40.2135,24.3667,-55.6673,51.0318,36.5472,-116.5686,-4.8107,24.7301
-127.7453,-24.6906,-108.8343,-31.4561,-69.1606,-19.1346,86.3652,37.5052,35.2564,37.8934,35.0389,-26.8548,28.2521,-23.2449,41.5980,53.5018,-90.3730,-1.9555,27.4968
-114.8094,-22.9096,-95.0714,-9.1737,-40.2328,15.2997,85.2374,38.9460,19.1426,32.1876,17.8259,17.7016,27.8121,28.6229,29.2269,70.8894,-63.7737,17.1605,18.8373
-110.0289,-13.5357,-67.4935,23.6037,-8.0453,40.4361,99.7806,45.1555,12.0860,39.4443,-17.9577,54.8245,32.2357,57.2499,28.6454,78.3324,-78.6868,50.0440,30.4493
-106.4324,-29.0887,-45.9219,44.2448,15.4014,56.1967,124.4041,82.5708,-3.5589,65.2439,-21.8988,33.2484,43.5257,43.0577,24.7489,49.6188,-110.8727,81.8429,59.9477
-102.7824,-64.9474,-55.4338,37.9923,6.8881,50.3397,108.5629,93.7599,-3.1909,72.4371,-2.8112,-38.9621,25.1013,-3.0266,18.5590,6.8043,-124.5337,88.4406,71.2001
-111.1461,-92.7132,-83.4288,17.7116,-19.9241,19.4947,52.8548,64.3382,45.0740,71.9935,-8.1308,-108.8889,-26.3659,-51.9025,31.4455,-1.6437,-138.0101,70.5530,67.5445
-114.2398,-104.1944,-85.9489,6.5920,-29.5873,-7.8771,19.6130,58.6400,78.8784,94.0597,-14.4495,-137.7193,-55.2425,-74.1501,45.2360,10.0914,-159.0211,56.7183,71.8074
-86.6009,-105.8989,-48.4426,1.8281,-16.2464,-8.2634,21.6439,86.7542,50.7877,126.3217,23.7677,-131.7025,-31.0254,-75.4656,32.1899,-7.0390,-159.0298,46.3140,76.0820
-52.5441,-115.7399,-22.1086,-16.5589,-0.9052,1.0317,25.1921,91.0438,37.7110,143.9274,67.0455,-128.0577,6.1100,-81.8066,21.4139,-40.1831,-142.4351,14.3692,74.5068
-47.8570,-138.0517,-54.4299,-50.5415,-11.8076,-16.3203,23.8282,53.0709,82.7075,137.6773,61.3442,-139.3528,1.4557,-89.8659,43.6446,-32.4965,-126.9954,-32.1388,76.2579
-52.3817,-133.7755,-98.6862,-80.2155,-50.1825,-56.9956,14.3576,14.1119,116.1428,118.8632,23.4267,-137.9808,-41.2641,-81.5470,70.3264,20.3832,-93.3088,-67.1372,69.3809
-27.2332,-88.6863,-80.1782,-85.1062,-66.0385,-67.3553,-11.3130,15.8861,114.7998,114.0090,-23.5824,-112.1218,-64.9861,-52.4470,74.9839,69.1366,-42.1132,-81.1267,39.3188
17.1319,-53.0381,-28.9859,-69.3016,-39.7688,-33.6610,-24.4974,45.5457,120.4138,115.2567,-78.6507,-73.0855,-48.1235,1.4559,73.8431,96.0419,-5.7638,-78.4514,2.8398
37.0411,-44.3821,-28.0483,-64.0929,-34.6871,-23.6013,-4.9731,47.4927,128.4060,94.9810,-117.1447,-22.3602,-35.9571,61.8635,79.3336,127.0490,18.2520,-78.4437,-15.8749
12.6700,-29.3606,-72.8025,-82.0913,-76.0494,-63.3770,17.6485,22.2483,131.1244,86.3513,-127.1990,13.4137,-51.2040,76.2187,86.4286,160.8934,36.8764,-93.6807,-9.0984
-32.0546,-15.6769,-100.4170,-92.5476,-96.9204,-81.7016,23.6564,34.4935,151.8325,121.8620,-132.6538,-12.6213,-56.7776,35.3103,91.3437,160.7077,25.0604,-96.9841,12.4376
-56.0909,-22.1037,-93.1989,-78.7523,-73.4418,-52.6807,24.4989,73.9299,164.2490,136.5802,-122.8626,-75.3426,-30.6595,-11.4515,86.4638,117.1765,-9.5216,-73.8369,18.0502
-46.1217,-21.8633,-74.2314,-70.8396,-59.6744,-42.5610,22.1660,58.9297,139.7051,78.0228,-71.2810,-106.6608,6.7783,-46.1490,72.9366,58.5162,-30.8668,-66.3922,-6.3097
-29.3575,-18.3304,-71.6922,-87.4197,-76.0449,-71.0325,17.4804,3.0125,129.6705,9.0810,-18.2174,-108.0162,29.2360,-75.3378,72.8161,19.2293,-45.0642,-93.4237,-26.8424
-35.7245,-40.8976,-102.9429,-103.1740,-103.4917,-90.1081,19.9732,-10.1133,152.6131,-8.1766,-12.5671,-107.9437,16.5958,-70.1302,85.6833,26.3434,-60.1786,-106.7079,-20.2135
-57.2201,-50.1160,-135.5147,-90.4938,-128.1432,-85.0553,15.1943,10.9750,136.8017,-2.0001,-30.9617,-94.8388,-26.5654,-33.4935,73.1466,57.8279,-42.8103,-74.2263,-15.9690
-54.5842,-9.8726,-111.0972,-50.4889,-117.5181,-65.2777,-21.2554,6.3045,69.4855,-11.7515,-43.2945,-80.4363,-64.0674,-27.8543,25.4438,43.9982,11.5848,-22.7272,-30.7138
-9.9941,31.0602,-42.4796,-9.1789,-65.7053,-31.2576,-80.4150,-13.5959,23.1116,-36.2057,-59.0561,-83.2433,-84.5748,-49.4551,-17.9388,-13.4741,67.1930,9.5507,-38.4230
40.7311,47.5334,3.1714,6.6448,-36.1675,-6.6783,-132.3302,-13.8744,12.8576,-62.3002,-69.6162,-50.7445,-108.7359,-22.4488,-34.9149,-22.7911,113.5675,8.3086,-33.2611
56.0701,66.3839,15.2406,2.7592,-44.5645,-0.3206,-157.8200,1.1074,-1.2362,-68.8757,-50.0696,35.8307,-125.0638,50.0062,-39.5442,35.3390,145.9199,-10.6137,-31.6917
44.3436,66.9676,27.5128,1.3485,-27.0813,21.9836,-159.7186,22.8899,-11.2410,-33.3650,-12.4690,88.2004,-111.0905,90.5139,-39.2919,78.6306,142.0879,-23.5345,-23.8871
31.6680,32.4292,36.3849,-1.0478,10.2589,49.7480,-151.5506,47.4940,0.7057,26.9890,18.1648,72.5687,-86.7458,83.8102,-34.4026,77.0606,113.2803,-30.5160,-4.6649
18.8456,13.2321,26.3265,-7.9183,4.3381,40.4837,-126.6833,59.1985,-5.0892,56.2921,41.8076,59.3902,-68.2060,71.3686,-36.9024,64.0127,89.5980,-29.2956,1.9392
7.6687,13.9165,14.4994,0.5545,-19.2018,27.9939,-75.3999,53.3240,-47.7821,30.3570,61.0758,64.5809,-44.1688,63.7721,-46.6891,36.2038,63.8437,-2.5334,-0.0244
7.5616,-16.1031,9.6000,14.6686,-12.2326,49.9553,-31.3491,38.7347,-67.7331,2.6545,69.4724,49.0797,-24.3232,49.6770,-44.2207,-6.8758,25.9722,24.1636,15.5444
3.1326,-52.5376,-4.2950,0.4922,-9.9398,51.8626,-28.6720,24.0847,-27.3671,34.9159,66.7104,31.8895,-24.3586,32.3117,-29.7955,-21.9665,0.0571,6.8137,36.8354
-16.2200,-50.2577,-19.6190,-25.3175,-22.8390,11.8675,-41.6154,31.2634,27.8624,108.7055,51.1914,32.7573,-32.8115,15.5135,-19.1558,-3.8857,-4.5347,-27.3711,57.3844
-25.5324,-50.1359,-15.8150,-26.1289,-3.8409,-4.4199,-39.3012,71.1779,63.1008,165.5378,17.0211,16.1763,-47.0828,-1.1201,-4.1358,10.2530,-13.9119,-30.8691,105.8456
-19.6612,-77.9548,-13.3229,-15.3558,21.3916,9.8445,-36.3957,101.0812,97.3954,177.5211,-26.8556,-17.9763,-73.6451,-10.6851,20.7643,12.3400,-37.2561,-17.7130,156.6346
-27.0180,-81.4983,-39.0229,-10.9551,0.3986,4.7243,-40.7321,80.2519,130.7486,137.9330,-65.5393,-24.1632,-91.4708,-9.3670,30.2430,5.8644,-47.9340,-6.7707,151.4202
-42.7030,-43.9809,-63.2162,-2.8724,-19.5023,-1.1607,-36.4542,47.1499,146.1499,78.9021,-99.5870,3.2179,-86.0441,-3.5496,22.9729,-7.3368,-27.2546,2.4912,131.6423
-39.2591,-10.9123,-48.9221,-4.9076,3.4691,19.6907,-27.5313,64.6744,162.2352,80.8916,-124.0993,34.0178,-73.9627,4.1638,35.9754,8.6500,0.5853,-17.3121,163.0923
-28.0314,-6.6699,-24.8138,-35.6504,8.6573,24.5577,-22.8425,120.3744,179.4493,148.0311,-113.3275,46.2686,-61.5902,19.4932,67.4761,69.6792,0.5684,-66.6926,185.7904
-27.0129,-22.7956,-33.9613,-67.3539,-31.7292,-4.5264,-12.2686,149.7801,160.9041,177.4229,-67.8615,35.2477,-45.6493,42.6395,76.7341,121.5988,-13.0581,-91.8078,136.8302
-22.1995,-40.3151,-58.9026,-78.8459,-60.8067,-28.5172,4.1348,133.8893,128.9677,146.0332,-39.5421,22.8684,-37.5228,60.0398,68.7933,131.6524,-4.6655,-90.5776,85.4583
-13.1694,-37.7015,-67.3862,-88.3340,-70.4666,-38.6174,9.5476,108.4695,137.3169,135.6263,-58.6666,23.4549,-43.2620,54.8513,75.5396,129.4473,10.5772,-103.2244,84.2717
-20.2476,-23.5847,-69.8834,-95.5151,-98.6799,-48.8468,-2.6480,91.5547,155.6216,148.9829,-85.6872,4.3895,-59.3464,22.9451,82.7370,120.2211,1.6504,-107.3666,81.7242
-34.5877,-23.2133,-75.4777,-83.2823,-117.2891,-49.4958,-15.1022,73.3119,137.1072,134.4673,-86.1128,-44.5548,-76.2103,-20.5987,70.3060,84.5098,-14.6240,-77.5447,65.5126
-34.8641,-24.6980,-64.1579,-61.5200,-82.8026,-38.6766,-0.6167,62.0859,110.1144,114.8878,-80.5577,-69.2988,-65.7629,-48.3243,58.6573,46.2184,-17.2142,-51.2717,75.9180
-27.4934,-7.5594,-32.3230,-38.5155,-28.0883,-25.0319,31.4704,62.8389,84.5432,101.4627,-76.6037,-49.5037,-26.1848,-43.9317,55.5614,37.2200,-19.5722,-36.9209,82.8733
-18.5810,15.5146,2.7694,-5.9862,1.2346,-2.6558,31.4443,44.3609,20.0394,49.5317,-47.0412,-22.5558,-7.0893,-19.3346,37.4636,43.8656,-18.5349,-4.7877,40.7357
4.6536,35.2857,38.0786,23.1367,16.0394,21.5127,-8.4003,3.5610,-60.5039,-10.9180,-2.1359,10.7171,-20.7287,8.3648,1.3856,41.9644,12.8233,22.6963,-8.0887
36.2127,53.7733,70.9658,29.1553,38.3064,30.3236,-37.3706,-5.6449,-92.0828,-6.7599,20.4775,64.4161,-23.2169,37.0244,-28.0770,35.8238,62.8677,13.3332,-8.6108
47.4221,56.2283,82.6292,16.6861,57.9479,27.7407,-40.4806,32.2608,-77.7367,39.2788,29.6946,94.6325,-15.8615,54.7493,-30.6474,47.6505,87.5568,-13.8337,27.5569
33.9261,41.4027,69.9716,-6.8329,55.2508,11.2195,-44.0889,67.8818,-55.6832,69.0420,51.9183,76.7915,-27.7485,47.6157,-6.0219,86.9947,74.5558,-43.7024,60.4799
23.2779,31.4760,54.3246,-32.2857,34.0075,-22.6302,-46.4311,81.3058,-40.6022,79.5727,77.8698,66.2721,-33.9491,47.1524,16.2799,128.9880,54.6098,-72.5301,61.1313
27.7121,23.5512,49.5013,-35.1462,26.0504,-28.9923,-44.0155,93.7891,-42.4381,74.9383,96.0740,91.0109,-18.0409,84.5570,8.5005,143.1105,53.1434,-74.0715,34.8900
26.2041,6.5742,52.3409,-13.4966,47.4945,20.3690,-45.8114,99.8737,-54.4435,58.4015,101.9501,102.2531,-10.2803,114.3012,-3.5291,136.1532,51.7991,-47.6316,23.1421
9.7977,4.9286,53.6205,3.2451,61.8338,67.9753,-25.5335,79.0455,-54.0445,46.9254,76.4082,87.0002,-3.7353,95.2475,9.8254,122.2764,29.8806,-26.6990,30.8706
6.9898,30.8184,49.6396,7.2760,39.0484,71.4476,18.2787,36.2253,-54.8690,20.1438,35.3769,99.2043,26.3269,80.9406,15.4375,94.1137,19.7041,-16.9643,8.5498
31.0297,51.9027,51.3271,15.0602,15.1731,68.5562,22.6889,-11.2281,-79.2161,-39.5323,31.4748,144.6824,47.4866,110.2051,-11.6954,62.3270,45.9462,-6.8303,-46.1311
48.3843,49.6846,64.7296,30.0911,29.4321,81.0904,-11.9427,-42.1591,-104.6872,-76.6219,55.2636,158.9216,36.9090,124.1387,-36.1690,44.2023,65.9978,4.8561,-70.4180
42.1965,40.8815,78.6217,50.1016,66.0612,90.0699,-11.8365,-40.9374,-118.1543,-56.9999,53.6101,124.8353,31.0408,89.8300,-45.0497,15.1996,56.6001,29.5756,-46.2394
45.4437,41.8614,97.3886,76.9580,103.2965,101.9650,15.3337,-33.2503,-145.9689,-38.3577,41.1862,105.8361,49.8795,62.4652,-68.9323,-40.5322,59.5166,66.0635,-26.1654
70.8890,62.2027,135.9565,102.5285,137.8104,121.1180,10.5233,-63.0527,-186.5001,-61.8237,57.1257,140.2572,78.3152,70.0764,-104.7696,-87.7707,82.1591,85.0660,-48.5077
83.3202,99.0085,167.3230,115.8884,149.6083,120.5962,-11.9323,-125.4812,-206.6740,-99.6533,77.9078,188.4188,104.5735,75.1738,-127.9404,-112.0698,90.1366,84.0206,-95.6342
69.7826,123.5570,154.2021,115.4629,129.0711,103.6075,-30.0436,-177.6129,-197.3427,-132.9528,77.5744,197.3347,108.0644,57.2969,-141.2587,-137.0005,96.0032,82.1310,-127.7011
61.2279,119.1015,123.0896,106.9498,113.8468,100.5211,-55.4754,-192.8909,-165.1651,-164.9977,60.2167,164.0308,82.4460,36.3161,-138.4752,-151.3222,114.6725,75.1931,-126.8166
76.5134,108.0985,117.7634,102.6646,125.8912,108.1362,-55.6592,-174.2727,-123.3784,-185.3055,13.0513,137.4472,65.6835,38.9823,-107.9180,-133.7094,118.8706,65.4889,-105.4367
104.8014,104.8961,122.4906,101.7395,127.2757,111.0629,-21.2842,-152.3370,-105.0683,-189.9592,-41.9834,159.3457,65.8970,71.9154,-84.3403,-113.4232,124.4187,62.2616,-81.9933
123.3574,93.5689,106.8238,81.1297,87.7900,109.2314,-25.6951,-156.9029,-115.9290,-184.0864,-37.7613,188.5322,39.8853,98.7045,-87.8592,-101.5051,156.5441,42.6205,-72.8277
105.0494,70.8549,78.2528,41.5284,33.7202,93.4333,-68.1556,-161.5086,-105.5880,-152.2535,-2.0659,148.2579,-6.0247,78.9924,-69.0814,-55.6744,150.0799,5.3693,-85.1092
56.7569,49.4934,51.4355,13.5614,3.7082,62.9165,-55.5819,-121.2980,-46.8832,-89.3663,-23.2998,57.1628,-15.6491,30.9257,-9.6555,6.9404,70.3595,-11.2416,-87.2292
32.4961,27.9190,30.5567,-0.9909,1.0845,38.0087,0.4271,-71.2079,10.8635,-46.3859,-56.0547,-1.6984,14.3676,-10.5834,27.7525,-0.8696,8.3841,-16.1289,-49.9674
44.1282,10.2203,19.7026,-13.5646,5.9898,16.3036,7.8831,-74.6452,19.7592,-71.3503,-13.0750,-14.2934,38.0295,-43.1961,11.3464,-73.2263,9.7397,-32.8864,-17.7757
32.6641,18.0649,14.7750,-1.7977,13.4267,-10.2954,-23.4013,-94.3680,9.6231,-114.6123,28.3064,-11.1719,33.1546,-52.7837,-12.3129,-95.5448,7.3061,-21.9738,-28.1499
-9.5627,42.5436,11.7503,34.2821,33.0308,-17.1076,-32.1721,-58.9018,29.6366,-98.8501,-18.3748,2.5942,12.2696,-29.3176,-9.4522,-47.5298,-17.5722,23.3776,-23.1100
-19.7575,41.8904,17.0166,49.5343,54.6357,-2.8484,-26.8626,-12.6767,58.0654,-67.5713,-58.0874,-0.4000,0.6449,-28.1294,0.4443,-42.0152,-31.6973,40.7583,24.6030
-5.2230,13.9928,22.6900,43.9316,57.0244,0.8204,-29.4832,-37.7476,45.7685,-103.1795,-11.2646,-46.9159,9.7490,-80.8990,-2.3855,-108.8063,-57.6670,35.8684,38.8825
-24.2252,4.0596,16.2734,55.9942,50.9994,8.5940,-30.3039,-95.2885,12.9692,-151.4509,29.3398,-79.5788,18.5279,-118.8132,-11.2209,-145.6872,-93.1639,58.4547,4.2482
-44.1777,27.7518,14.2725,67.5698,56.1418,40.2641,-30.6497,-109.6541,4.9180,-133.4284,-0.6152,-51.8956,9.8596,-101.8864,-14.0619,-118.1894,-68.6687,69.4342,-4.5125
-22.8358,54.7108,20.4549,45.9508,53.0215,42.3914,-37.3551,-110.5797,1.9969,-106.5075,-21.2022,-17.1868,-2.5021,-83.2667,-12.4512,-87.0010,1.7770,31.1197,6.2108
-26.6043,63.5649,4.4724,22.6771,26.1499,-6.0164,-45.6114,-135.7077,-20.6457,-111.5551,15.9565,-8.7868,-12.7166,-81.0797,-14.5671,-53.6775,21.5966,4.5747,-18.9467
-74.0460,57.6721,-19.8331,26.0138,7.4841,-23.3507,-51.6189,-127.0580,-25.8284,-76.1807,35.5516,4.4769,-29.8106,-58.6443,-13.2940,4.3841,-9.4510,19.4200,-36.1243
-63.2894,44.8386,-5.0871,26.3119,16.7178,25.2351,-43.6059,-57.2654,13.4644,-0.2584,-28.4730,15.7001,-43.7963,-25.5001,9.5549,38.6744,-8.6491,18.5547,7.8822
5.4551,31.4443,20.4407,1.4266,21.7486,62.9238,-17.8853,-0.4789,70.5015,40.1785,-122.5743,7.8466,-43.4484,-7.8827,48.8347,40.0829,26.8989,-20.1526,57.3471
15.8171,16.9097,-0.3605,-30.4446,-5.4918,41.8097,-11.1127,0.3109,111.4259,61.2077,-139.8785,13.2182,-41.4214,8.5509,68.1956,63.8946,33.7067,-57.7453,49.9106
-17.7955,-1.7723,-31.7786,-45.1514,-47.2013,0.6554,-41.4021,-20.5937,112.0195,86.9322,-78.2772,27.1683,-46.9850,19.7132,46.7323,77.3457,7.4616,-63.7583,6.8894
-5.0832,-10.5587,-21.6105,-33.7387,-66.3710,-17.9245,-50.8967,-34.8306,78.1949,74.1991,-55.0862,6.1766,-47.8575,0.1851,18.2973,27.6216,-9.6985,-36.2881,-19.8255
7.7559,0.5656,-9.8308,-13.3841,-51.4779,-8.1957,5.1340,-25.2091,64.9658,55.1122,-110.8060,-23.6108,-26.3408,-25.4967,24.6244,-11.5437,-15.7257,-3.5034,-4.5595
-29.8832,10.0701,-29.4529,-7.6283,-27.7051,13.5361,78.0018,15.4525,87.3630,78.2017,-142.3845,-8.7156,20.0210,-16.2214,45.2498,4.8325,-32.0298,4.4349,30.3080
-36.7216,8.8328,-31.0514,-2.0929,-13.5606,32.9196,110.3515,42.3283,81.8825,68.0878,-113.0716,43.1234,62.5915,22.5169,38.0666,2.2917,-40.7647,6.1813,43.5113
7.7082,22.5454,5.6272,24.4498,9.2974,60.5075,116.6087,33.5491,35.4848,9.1035,-111.3904,101.2001,69.8845,66.6550,20.2972,-15.0215,-15.9600,26.6365,45.5871
13.6005,49.6963,34.0614,48.6617,45.0762,99.6986,120.2452,45.9742,4.4662,10.3950,-138.2941,132.4463,58.6518,92.8019,21.6830,18.5165,13.7124,44.5159,61.7460
-17.9136,57.9308,41.8215,52.7675,60.5608,118.1301,99.0008,79.6589,-11.0089,46.2214,-101.8104,104.9127,61.3070,74.5287,14.0825,35.7883,7.5988,50.4757,55.7323
-25.9874,47.9682,49.4534,59.4123,53.0078,108.7947,51.1128,54.7146,-30.5738,10.6019,-31.2173,54.3817,67.0497,26.9242,-14.4498,-21.9599,-24.8023,64.6279,12.8291
-39.0995,37.6800,41.6767,73.2504,54.4357,108.9593,30.1305,-10.5350,-17.8791,-29.5960,-25.3954,46.2912,60.5993,4.6138,-18.4503,-54.9361,-57.6759,79.6888,-6.5626
-74.7546,25.5832,13.3453,79.6216,63.8500,121.6278,52.8964,-24.3272,12.8119,-4.3279,-56.3486,68.1727,59.5865,23.4132,-3.6188,-26.4172,-75.5159,87.9515,6.7571
-70.9735,25.8362,10.6241,90.9021,68.3826,118.8731,69.2457,-3.5352,-13.2936,-2.5028,-53.6296,83.9960,70.9000,50.7824,-25.9746,-29.9994,-55.9478,108.6399,-5.3240
-28.1320,55.7187,47.8441,110.5673,80.6616,111.5077,63.4231,-16.4156,-77.5928,-42.2311,-44.0889,103.5014,80.9456,62.8648,-64.1291,-62.2361,-8.9302,129.1508,-39.6780
-11.7447,78.8937,75.1599,110.1769,88.6041,116.6728,66.0588,-49.0010,-103.8269,-40.9115,-51.3332,111.9690,86.5616,55.7080,-59.7082,-51.3285,6.5803,119.9645,-60.3385
-18.2223,58.5183,67.1046,85.7599,63.9597,112.6347,61.8519,-73.7790,-98.8715,-22.9406,-32.2651,79.5017,81.0455,34.8866,-36.3059,-28.1401,-19.6413,95.3352,-82.9024
-6.8869,23.0232,52.1004,60.2114,35.1239,87.9829,18.1291,-100.7848,-95.0598,-31.5056,13.2222,40.1651,53.1701,16.3220,-37.4907,-33.4174,-23.8017,70.2165,-106.7681
12.3284,5.2059,48.7084,40.7455,40.0350,62.6207,-26.8484,-110.1592,-79.3216,-11.6307,28.3594,26.3264,19.5692,9.3613,-43.2647,-30.3270,9.9938,39.6078,-96.1131
15.5539,5.0984,45.8476,33.9312,52.1431,52.2063,-24.2796,-80.4126,-59.6584,30.2625,-5.2960,18.5512,2.2126,11.8692,-33.7296,-6.5511,33.4893,29.5811,-66.4496
3.9423,32.5140,37.4028,47.2989,42.7853,61.2805,-1.7736,-56.6612,-59.6315,15.1228,-54.2150,22.3751,-2.4556,18.7588,-28.8157,3.6782,44.6875,52.4403,-57.3370
-9.9207,76.7265,27.7862,54.6105,24.8024,69.1221,-4.4371,-86.5718,-63.0673,-39.1539,-66.2784,47.2336,2.3210,7.8956,-39.7923,-20.7324,66.3306,57.9594,-63.4299
-12.5091,78.0241,13.9468,28.5082,1.4469,33.3333,-21.7324,-142.8578,-56.6395,-64.2775,-8.4826,41.8205,16.8045,-40.5956,-52.6876,-75.7836,63.6711,21.9976,-67.0554
-9.2087,23.7298,-8.3001,-13.5204,-25.0097,-27.8368,-15.8337,-161.3427,-46.2290,-53.7154,69.7764,-17.6211,27.9606,-97.9187,-42.2106,-112.7255,15.2244,-18.8069,-56.5004
-17.9927,-23.4589,-32.4996,-44.7151,-32.1633,-42.9395,20.8362,-124.6883,-18.5577,-23.1953,81.8615,-75.3649,30.3502,-122.2797,2.3014,-86.3589,-26.8377,-46.7791,-18.9422
-29.8122,-39.3714,-50.4293,-61.1479,-30.7083,-18.9048,48.2928,-78.4928,27.0119,8.3380,40.8194,-91.4006,24.2084,-114.5467,46.4718,-40.5855,-37.2643,-66.2168,24.4089
-27.1919,-50.3862,-56.6600,-66.1426,-48.5489,-22.3094,33.2261,-45.1544,58.5263,19.6262,25.7155,-73.2110,0.1011,-86.3523,59.4880,-13.3964,-51.3313,-71.4313,47.0678
-17.3580,-46.7574,-49.0714,-72.5365,-65.6715,-50.9639,6.2038,21.5062,70.9435,31.9585,36.0898,-41.4741,-30.3239,-45.2470,66.8675,36.8502,-57.3691,-81.4288,76.8964
-3.9197,-19.8469,-42.7414,-95.3694,-63.3492,-75.4011,1.8576,127.4585,91.9389,63.4996,26.5713,-32.0600,-41.8638,-22.9825,81.8623,90.1916,-13.2321,-116.8823,131.5434
12.8825,-16.3181,-58.2652,-114.4693,-63.2834,-106.9778,-6.7894,193.0236,124.4163,79.2486,14.2164,-47.6249,-45.7039,-22.4254,69.6828,74.8178,39.6019,-139.2484,165.4875
18.2275,-52.4334,-76.8703,-95.2677,-55.7033,-122.1568,-35.3907,192.2726,137.5637,64.3610,24.1689,-35.1503,-59.4176,10.8717,33.4443,41.1141,40.1531,-109.3984,153.8421
29.3360,-77.4569,-52.4610,-48.0028,-12.1516,-82.3093,-47.2324,180.4013,100.2646,39.2789,29.1473,2.9586,-66.3503,76.9811,15.5533,61.2156,22.9800,-55.6608,120.8279
75.0201,-68.6481,6.8504,-13.3656,27.9768,-42.8563,-40.5419,159.5279,26.1541,0.5181,16.6636,-0.2780,-62.6147,99.7751,13.3623,75.9919,32.9213,-19.8013,73.0146
104.9117,-53.0773,33.3894,-6.9884,13.8567,-61.5636,-47.7443,103.3910,-13.9828,-38.2189,7.0950,-36.0874,-64.6505,68.9012,8.1014,53.6752,32.8690,-7.2069,11.7218
62.5809,-41.3618,4.2313,-11.0020,-25.2021,-81.0148,-51.8483,54.8601,12.3665,-33.6051,-4.0407,-36.4993,-60.3310,51.2888,9.9030,54.9522,-0.9141,-2.8746,-31.1002
7.3783,-26.1907,-21.8190,0.5618,-33.7600,-48.2247,-32.0104,35.2498,37.7060,-6.3501,-27.4170,-0.3424,-38.7977,58.6809,6.6411,55.6396,-21.9082,14.2651,-37.8329
7.1186,-7.9105,-1.0920,31.2575,-7.2003,-3.8593,-17.9586,-5.3186,16.4184,-11.2388,-46.5838,35.1406,-20.7680,49.6881,-18.1495,-1.8837,-13.8827,44.3122,-25.6350
14.8973,16.1811,27.0042,49.9818,13.9834,17.7592,-15.5712,-60.0220,2.7451,-29.2145,-56.6170,61.9006,-9.6599,24.1632,-27.7733,-49.4067,-15.4447,53.5707,-11.9925
-20.3599,39.1491,10.9465,36.0405,-3.1195,26.5459,4.6811,-70.3920,24.9644,-18.5019,-63.0702,73.0522,9.1012,9.3727,-6.0751,-29.2274,-31.4194,34.2296,-8.1765
-58.4883,40.1866,-24.4422,18.9886,-27.5782,26.9980,32.8168,-53.3356,21.1818,-1.7529,-43.9378,62.8200,26.8066,6.9300,-0.5630,-5.6903,-32.2005,25.8240,-18.3737
-56.0060,26.9244,-23.5984,27.0155,-9.3143,26.7313,40.0199,-53.8183,-38.6635,-16.2200,4.9867,44.3740,29.9640,4.7317,-22.2682,-13.1644,-13.7037,41.5791,-30.0985
-26.1494,27.4099,8.5392,41.2800,20.5690,35.6459,26.9565,-55.3767,-103.1016,-48.5751,37.3763,22.1014,18.7264,-0.4231,-35.5824,-15.9728,12.1943,55.1615,-40.0612
1.6018,39.6287,33.4621,46.7079,16.5052,41.4692,-0.7775,-43.0933,-133.7848,-57.0475,34.6536,3.0741,-2.1658,-4.0899,-48.8537,-20.8624,41.0216,63.5369,-56.4394
9.2536,47.8421,48.8384,57.7055,25.1651,40.6039,-34.5889,-37.5631,-139.8614,-33.0179,34.6313,3.5218,-13.6108,-9.3368,-78.9975,-47.8918,63.2146,75.7996,-61.2516
0.3273,52.3084,61.0092,67.6440,68.5189,42.9952,-53.3196,-40.1612,-131.3295,-19.9085,51.0710,-2.6585,-7.5656,-32.7767,-91.1740,-71.2508,68.4697,75.1786,-39.0749
-5.7265,45.9872,50.7502,55.3233,69.3768,38.4760,-60.2823,-36.2040,-107.6908,-37.0147,53.6452,-43.7095,-16.2515,-65.5830,-70.4244,-72.5908,58.7413,58.6237,-19.8622
-6.4375,24.1763,26.2684,36.6373,25.3505,28.5878,-68.8306,-20.5879,-72.5741,-30.3738,27.8752,-73.2419,-43.9195,-64.2667,-47.7845,-51.2798,40.5090,49.4369,-23.8789
-8.9945,12.7014,27.5667,31.4659,27.6327,34.5521,-60.4941,5.1781,-35.5532,25.8968,-8.5644,-54.4580,-42.2168,-29.7213,-27.9181,-5.6640,24.7330,41.6515,-24.4637
-4.0798,16.5144,44.4280,18.3084,59.3533,37.1386,-27.4404,22.4921,-4.8858,73.7281,-29.8925,-35.0196,-8.6791,-17.3284,2.4370,31.1920,16.6164,10.4102,-7.2583
4.0081,-5.6043,28.8844,-17.5408,35.7855,11.9766,9.9787,26.0766,25.5007,87.3508,-23.0297,-47.7522,14.0794,-32.8109,33.3972,31.2313,-9.5236,-30.4148,12.3083
-7.8298,-55.5379,-12.1058,-52.6779,-13.9278,-7.0605,54.0576,53.6603,64.9285,105.1892,-5.6740,-64.9727,31.9503,-32.2458,65.3581,35.7833,-69.2471,-54.9288,32.2108
-29.0394,-78.5971,-35.4151,-72.5975,-27.1953,-2.4002,109.5507,102.7862,98.0730,123.5887,-6.9462,-73.2642,63.3548,-20.2143,106.9867,72.7582,-118.7838,-71.4088,54.3622
-36.7656,-64.8231,-46.5201,-84.5385,-29.9439,-13.2126,151.2696,110.3058,111.7971,115.4555,-28.0464,-70.8540,82.2826,-23.5965,134.2023,95.3156,-122.8807,-87.6028,69.5641
-49.0779,-59.1710,-77.1532,-89.3889,-46.7653,-43.9890,168.0288,81.9881,133.1795,111.9577,-52.2090,-44.6298,78.1048,-22.9860,129.8946,82.4111,-112.4522,-90.9366,85.2123
-70.6798,-71.1723,-110.7314,-91.4317,-57.0903,-59.3819,161.0123,79.4037,171.4762,136.5489,-68.1888,-22.0973,64.9060,-9.3780,119.4250,76.5786,-108.6481,-89.7364,103.1333
-61.8966,-72.0575,-109.6388,-100.4613,-69.4308,-62.9781,115.3641,77.8708,178.6222,146.9735,-71.8238,-40.3256,27.5482,-14.1590,117.4507,90.7469,-85.8338,-101.2485,94.6303
-30.1672,-53.1258,-88.5088,-101.2064,-96.5317,-69.3148,53.4485,29.8977,147.9007,116.4473,-85.1605,-58.7360,-36.6239,-31.1562,113.1259,99.8543,-50.0196,-103.7906,67.0222
-36.7879,-24.5241,-89.9026,-73.3713,-108.1309,-58.8415,32.7721,-15.0805,144.7905,75.1150,-139.4651,-22.0850,-84.3618,-18.2209,112.2853,109.7109,-41.2732,-72.8074,73.3335
-80.8215,-4.4869,-110.9502,-35.3019,-89.7071,-24.7991,50.9856,-14.6679,176.2031,55.7585,-203.5178,33.8683,-98.2075,17.5424,122.0685,133.7367,-57.8014,-31.0903,111.6912
-104.5224,-18.0718,-115.3735,-14.3516,-67.2886,13.3763,62.4110,-8.3341,174.4149,64.6527,-209.1039,42.7764,-99.6794,30.0266,124.6595,141.4592,-78.7310,-4.8488,129.8661
-102.4650,-53.2888,-99.9473,-5.9226,-59.4554,43.2543,59.4643,-7.5499,136.1021,83.8969,-158.4440,17.0682,-94.1125,12.7786,109.2786,107.8724,-108.1777,13.5737,128.8201
-107.6459,-66.2412,-93.8154,-0.6412,-62.9998,52.9844,55.3555,22.3432,121.9739,92.1415,-115.7901,15.0994,-83.7019,6.2355,91.9874,76.1740,-131.7596,25.7784,144.4838
-116.4236,-59.5279,-104.8838,-2.2026,-63.7486,43.1518,60.9079,70.7383,135.5555,103.2014,-117.7978,41.9527,-84.5016,34.8197,90.7546,98.5149,-121.7968,23.5085,171.0386
-113.0125,-63.6140,-110.9172,-0.5047,-50.3811,47.6269,81.6575,96.0823,134.7415,131.6538,-151.4876,57.6986,-95.7752,67.7055,98.7798,138.3277,-95.9115,26.0639,188.3324
-104.3862,-56.8843,-94.6693,18.2721,-35.2908,74.5920,82.2647,81.6820,111.5264,136.6890,-176.7713,59.7381,-108.2402,63.7420,89.1205,123.7732,-79.3718,48.1984,194.5160
-94.1395,-17.0971,-66.5261,39.9272,-30.8434,79.2195,42.0526,35.5736,80.9129,94.9730,-168.5578,73.7149,-120.1437,36.5940,57.5341,74.4277,-57.5186,65.2653,182.6300
-81.7192,9.9683,-49.4114,46.9116,-17.4042,49.8590,25.3285,-4.6692,55.7287,70.2779,-155.2959,81.3910,-115.7523,22.0966,36.4920,55.4021,-32.8485,65.1581,156.9215
-72.9191,-9.0950,-41.1912,45.5997,13.2082,27.3092,62.5184,0.3041,42.3334,109.4842,-154.4939,50.5906,-85.3470,11.3638,36.1799,52.0925,-37.9654,67.5126,142.7784
-53.7155,-39.8765,-21.2866,37.8343,29.6206,11.7504,78.2368,26.8715,23.3012,156.8625,-120.3399,4.2083,-58.0212,-14.5001,26.3074,21.2529,-55.4624,65.6477,137.3143
-9.6826,-54.9720,0.3377,14.2586,20.5859,-32.2264,46.1473,24.8084,-6.5074,157.9110,-56.8206,-25.6938,-58.7455,-37.3746,5.0378,-9.8335,-36.3109,36.8946,117.6671
25.1137,-62.1500,-2.8021,-11.1155,11.6519,-81.7612,23.5981,5.4573,-9.5877,145.5354,-45.2469,-50.8800,-75.3204,-45.0799,2.2155,-5.6367,4.4246,4.3054,94.8291
18.6610,-63.1285,-17.6193,-16.6493,7.5241,-87.1622,9.4078,9.7867,15.3428,146.9768,-70.2197,-80.0577,-89.1660,-50.4997,10.0247,9.2569,15.4855,0.6049,80.6144
4.9401,-59.1126,-17.3408,-12.6679,-7.2002,-68.0491,-19.5670,25.3445,12.6758,112.0749,-32.5150,-95.4290,-80.4701,-52.1230,2.1561,2.4916,-5.1752,8.9781,48.1729
19.4629,-52.4768,-8.1363,-10.4239,-21.4024,-66.6458,-19.0054,6.5841,-22.1366,13.3108,38.1321,-84.6218,-33.6219,-41.1223,-12.1324,-28.3781,-25.7969,10.7077,-9.9000
44.6979,-26.8028,10.5909,10.5126,-8.0887,-56.7435,11.7257,-46.1848,-48.7568,-82.9514,36.5479,-44.9931,16.1438,-22.4701,-21.7230,-65.4436,-25.4801,26.4686,-54.5859
67.2189,17.6461,56.6313,54.5513,33.7378,-7.3038,0.1225,-82.8611,-80.3172,-123.8594,-7.9364,5.3418,13.1977,-1.9439,-39.4215,-81.5886,7.7993,61.2454,-61.6536
90.1126,48.5123,102.8069,87.2002,78.5824,35.5184,-52.3397,-81.8050,-124.2910,-139.6840,-13.1163,22.9014,-27.3742,3.4633,-63.8036,-84.3271,61.8989,83.4348,-40.9141
89.1063,59.0857,109.4476,94.7627,107.8958,35.8714,-76.6226,-74.1471,-124.6726,-142.3514,-7.4200,9.4539,-42.7295,-19.7804,-76.0984,-103.6170,88.9065,84.0097,-9.6563
52.3275,70.5706,98.2363,98.1249,121.8490,42.4897,-61.3938,-67.9654,-80.3988,-99.9610,-31.1488,25.2936,-18.3361,-27.0415,-71.4169,-105.9688,69.2856,83.6049,6.6137
15.0083,78.0089,91.9226,95.0067,115.0452,81.6506,-41.8570,-35.2224,-57.2381,-45.1080,-35.7907,74.4368,12.4634,19.8415,-57.4742,-49.7669,44.2515,78.3758,-7.4767
-3.4445,67.7367,67.3794,68.3599,79.1074,99.0755,-35.8272,4.3693,-54.6834,-39.2482,7.6417,87.3332,31.2444,55.5668,-47.0564,-4.2276,39.0886,53.3038,-31.1061
-14.0244,56.2390,37.7408,41.9765,41.8104,74.9912,-41.4258,2.5474,-43.5342,-53.6501,46.3269,49.7476,42.4265,23.7612,-52.6590,-34.0895,34.0461,32.8124,-47.4505
-14.1203,62.1523,45.2240,42.6487,37.4921,54.5498,-40.9086,-19.1691,-50.0687,-36.0536,40.2221,21.3076,47.8771,-11.4357,-60.8939,-60.2284,26.3266,38.9430,-66.3330
-12.5020,78.5140,57.2288,39.9408,36.6702,43.1399,-23.7223,-10.5343,-59.6526,-5.8461,13.7222,23.6503,46.2196,-4.4874,-45.3536,-17.4442,28.7897,35.9234,-75.1163
-29.0225,84.8910,23.6342,6.1328,1.3308,15.2593,-7.0999,16.6167,-14.9062,7.4413,-2.2713,18.5855,45.2206,-8.5313,-16.0353,15.8711,29.3760,-1.4068,-53.8000
-33.8255,69.9071,-13.9358,-22.9163,-29.8725,-9.7019,4.0088,28.0428,35.7692,-2.9159,-8.1696,-11.3256,55.5546,-30.7651,-3.6311,-8.9669,24.5102,-28.7321,-41.8302
-2.1067,50.8340,-10.3952,-20.3394,-25.3961,-17.7703,18.0532,18.6691,14.1911,-47.9875,-2.9045,-34.8068,70.5180,-19.8217,-7.8666,-23.5670,30.2533,-19.9548,-80.3745
15.7231,49.1716,-4.5793,-19.1598,-34.2997,-36.2494,23.0217,-0.9191,-21.0884,-93.5287,21.0478,-30.8180,76.6192,-0.5609,-9.2774,-8.2591,27.5902,-15.9093,-122.8443
-2.5960,50.7151,-23.0468,-35.1661,-73.5033,-61.1849,31.0324,-0.2695,-1.9568,-80.7297,34.3448,-23.4353,83.5556,-16.3763,-6.6975,-21.7335,-0.9720,-27.6691,-112.2807
-2.3052,44.7470,-30.8225,-34.8912,-78.2044,-65.8216,71.2170,39.5505,11.0511,-45.9916,7.1516,-26.1080,101.5781,-23.3116,-12.1909,-55.6541,-4.9217,-17.0139,-75.9614
24.0554,59.5196,-10.8536,-8.1269,-27.5305,-62.6868,99.2339,73.6243,-28.7008,-63.2758,-16.4764,-9.7466,107.3726,4.9218,-29.2325,-56.0361,45.1138,10.0414,-53.7267
34.9628,95.9494,21.5611,18.8473,25.4850,-54.4631,62.8325,68.2228,-72.5291,-107.4408,7.7381,26.0915,85.2110,18.5773,-48.6982,-42.1316,92.3304,19.8521,-32.1280
45.0751,110.2341,55.5369,31.4216,52.4165,-16.5295,16.6347,66.3825,-92.4412,-122.5442,34.1812,35.9601,63.2329,10.3679,-55.9145,-47.0801,106.9086,18.4007,-9.2687
66.9698,96.4389,68.1329,21.2444,54.6652,15.8004,11.4414,85.5831,-97.2205,-113.0658,33.7059,18.0883,60.7674,18.6143,-45.1868,-33.6761,120.9933,5.0057,-14.7084
58.2312,81.1055,42.4232,-15.6164,27.0535,-14.7968,-3.7628,84.6149,-74.1697,-91.4418,63.6515,7.9253,58.3188,26.0409,-31.3879,9.0187,123.8533,-37.7805,-41.1988
28.2162,60.1295,15.2983,-46.2236,-8.9490,-68.9988,-46.0818,73.6184,-40.9058,-65.9242,132.3660,-6.7200,52.3666,3.4989,-33.8618,13.8312,83.3765,-70.7603,-57.1011
27.5685,35.7738,20.5968,-40.4711,-19.5399,-76.6236,-47.9866,88.2279,-47.7347,-61.7798,164.1647,-42.5066,65.1592,-22.6894,-47.8019,-33.5715,38.0646,-50.6748,-64.2473
32.3708,32.3619,26.3251,-24.8974,-10.0973,-53.7388,0.1047,94.3196,-70.4825,-65.8592,134.2348,-63.8735,86.2854,-32.2756,-45.6679,-56.5910,29.9505,-21.6123,-64.7831
9.9025,30.9384,4.9762,-28.1143,4.2277,-45.6332,33.1085,65.3815,-41.0187,-44.6767,83.5192,-57.5059,81.7813,-33.7756,-14.7826,-22.8918,28.7362,-30.0528,-43.0090
-1.2759,5.8804,-13.0609,-35.5258,18.5742,-54.1677,24.8871,39.6885,16.9741,-24.6769,48.6546,-51.3258,58.7708,-19.0516,18.9885,22.8943,7.7287,-48.2903,-29.2537
10.7647,-5.5441,-6.0169,-39.4280,10.3948,-68.5247,1.1580,24.4266,26.9380,-33.0019,56.0795,-46.3057,53.1741,3.9693,26.1710,50.4356,-10.5743,-55.4464,-69.6995
10.8322,16.2764,3.4457,-47.8901,-21.1841,-76.8916,-16.4957,-9.8085,1.2107,-40.1659,82.1087,-41.9814,61.4434,-6.1587,14.3369,48.0919,-9.3498,-63.2966,-122.7902
8.5255,21.0663,-2.2535,-45.8820,-33.0019,-61.9688,-30.2326,-48.6215,11.6650,-45.6281,56.0606,-62.1696,45.3503,-42.8701,8.7683,6.7069,-0.4762,-58.5193,-118.9887
16.8957,-9.3340,-15.0643,-26.7483,-22.5223,-29.6298,-47.1977,-65.5645,51.7818,-76.7699,-0.7410,-88.0089,5.1206,-51.7732,18.1505,-27.2297,-9.2281,-33.5158,-85.2225
3.5424,-34.3920,-23.2660,-15.7961,-27.3802,5.8981,-50.1245,-60.6134,48.9587,-98.3954,9.3319,-84.7553,-12.0675,-30.7720,32.8442,-4.6801,-44.4901,-15.8989,-77.9105
-21.3835,-43.0559,-17.3455,-16.7461,-29.2110,44.3192,-26.8052,-31.3332,-6.5793,-76.3528,74.4559,-83.8738,8.8297,-24.0645,34.1767,23.5007,-68.1005,-9.7643,-81.2408
-12.4346,-50.6556,1.9107,-8.4957,-0.0257,64.9089,-18.2222,-0.2713,-55.3359,-59.5470,109.8354,-111.6395,22.2928,-37.7401,13.8410,2.0703,-48.8694,3.4414,-74.3157
10.7677,-51.5700,16.2091,3.1986,19.7045,51.2466,-48.1094,-8.4153,-70.0836,-80.6795,112.5555,-128.4755,-0.0635,-48.2549,-4.5200,-21.8958,-24.4395,13.8757,-72.1934
13.6774,-49.9006,16.6739,2.5619,10.8211,45.6057,-56.6642,-20.0967,-71.8372,-92.5148,107.3662,-127.6734,-22.7002,-54.1103,4.0847,-14.2379,-28.1453,12.1569,-58.3524
14.9528,-63.0443,12.5863,-0.4949,11.5867,69.1950,-14.1439,22.7534,-76.5947,-76.2149,90.6168,-150.7223,-15.2863,-63.7312,19.6514,-19.8745,-33.6255,17.3530,-17.7971
16.7645,-79.0375,3.8285,4.9508,17.1099,68.9338,11.7355,64.3869,-86.0841,-82.6643,91.7153,-181.5750,-5.3537,-68.7543,15.1572,-39.5201,-36.7713,35.7269,-2.7911
0.8145,-81.2365,-10.7389,13.4329,4.1274,39.6048,-12.0921,30.6998,-90.2677,-125.0245,116.6546,-173.2586,-17.2218,-56.2946,8.5801,-24.5626,-59.9228,48.6286,-41.2324
-1.8685,-79.9497,-14.4058,15.7966,2.2905,42.2627,-39.0798,-31.0164,-68.6354,-154.3349,108.2679,-144.2033,-25.3459,-34.5859,16.6838,-2.0107,-68.6465,40.7685,-81.0126
27.1391,-77.7004,-9.5283,1.4740,2.8895,56.8493,-52.5678,-55.6378,-33.4000,-160.7613,80.7097,-136.5313,-14.2060,-32.0218,17.3171,-26.4489,-36.8642,12.5944,-95.0294
39.5395,-68.7773,-26.5702,-29.5928,-48.8532,18.2796,-68.7638,-54.4754,-24.0825,-173.9303,105.0402,-143.0313,-15.6825,-53.3122,4.4721,-60.0434,-15.9301,-18.4401,-98.2057
25.5635,-76.1542,-55.8846,-57.8330,-102.8272,-31.9611,-71.5619,-33.6053,-29.1303,-158.7724,146.7494,-140.4800,-39.1441,-61.9089,4.7136,-47.4296,-24.9529,-39.5534,-71.2101
38.4476,-107.3529,-47.2352,-67.0481,-69.7424,-30.2618,-48.8682,10.3128,-7.8755,-72.0825,132.0360,-129.9091,-36.9544,-45.6601,14.3284,-32.1806,-20.7641,-55.8105,-15.8388
74.3941,-105.2224,-0.3481,-50.4413,-3.1960,-15.3746,-24.3525,24.2981,17.5879,-4.9599,81.6596,-111.5111,9.3151,-43.8460,-0.0877,-80.8792,-6.3643,-52.1228,3.3178
82.4768,-35.1583,38.7471,-8.2302,14.8029,-17.5133,-15.1550,-19.8281,4.9586,-50.8339,32.7764,-73.0989,45.0043,-63.8336,-31.2954,-151.1916,-2.0408,-11.1660,-20.6573
75.1139,31.4395,59.5778,26.1930,26.8567,1.0739,-21.7785,-59.4993,-24.2962,-106.5408,-9.0411,-28.8539,30.1027,-62.5072,-39.1271,-147.7496,25.3180,18.2069,-21.4911
89.4857,20.7549,74.1204,15.4877,62.2632,22.7731,-40.1602,-54.3804,-35.1152,-59.8217,-11.5997,-21.1466,-3.0405,-39.4482,-22.0234,-81.1556,69.0700,-9.6672,-0.1401
101.8717,-21.5093,73.6220,-13.9134,63.5498,-5.9317,-49.5113,-44.5714,-40.3039,-3.5622,33.4021,-45.1744,-9.9944,-33.7001,-12.2469,-42.1939,64.2306,-43.4292,-11.0688
87.4978,-17.7327,66.2148,-17.6394,37.9457,-44.5214,-36.0090,-53.6821,-61.2905,-19.0262,76.4146,-37.2112,10.5726,-36.0816,-19.1972,-42.9586,30.1866,-39.4813,-38.1152
76.9274,11.4741,79.9297,-9.6889,52.3888,-31.1216,-17.5314,-52.3415,-88.5068,-10.5407,95.1675,12.6320,37.6447,-20.8510,-31.5894,-38.1708,42.3377,-38.5649,-32.0853
80.9920,16.5419,100.1698,-11.4094,86.3803,-4.4227,-6.9383,-27.5630,-93.9893,66.4579,96.2182,39.3376,60.2390,-13.3545,-48.1882,-46.1052,75.8325,-50.2121,-6.7455
62.1530,16.7519,90.4217,-12.0402,77.9714,-19.2367,1.9351,-8.2256,-63.5873,121.8105,77.4452,24.2698,80.1850,-36.3782,-64.2143,-84.2956,61.9585,-41.1154,-5.2069
21.4803,26.5265,57.7001,-21.9139,34.5787,-53.3994,4.0283,-21.1839,-24.8509,130.2489,67.5324,0.1645,93.0170,-67.6866,-62.4865,-98.3966,23.2739,-38.7133,-35.5447
8.0779,10.1582,26.0098,-50.3619,-9.3840,-69.6090,-9.1458,-53.2066,-14.6648,127.9153,81.3809,-34.2233,75.6718,-85.0745,-47.5737,-77.6036,17.0967,-62.4739,-69.3579
27.6189,-22.9934,2.3821,-55.7805,-36.2851,-62.5276,-24.5122,-65.4962,-25.0515,91.6969,69.5512,-62.1086,27.4536,-73.6313,-42.8450,-70.4601,37.4005,-56.4027,-73.8161
39.9576,-20.2489,0.4601,-21.6141,-29.3390,-31.6479,-20.2006,-46.9114,-38.8376,21.4031,38.5383,-22.3009,5.2937,-21.7578,-49.0824,-68.1336,48.1572,-14.2538,-53.5997
36.3498,4.5211,22.6933,8.9216,2.8407,17.8146,10.4951,-18.5758,-64.9501,-22.0892,55.1494,58.7873,46.6191,35.3284,-56.3541,-60.6260,40.8469,9.0989,-37.3702
33.3587,2.2996,37.8221,27.2491,29.6426,67.2625,52.9372,19.5381,-85.8493,-23.3193,72.2822,83.1317,94.0860,51.5961,-65.8603,-89.1389,26.0480,30.3433,-15.3761
23.9913,-11.7319,33.9552,58.8545,49.2901,104.5234,81.4189,75.7883,-71.9265,-3.3339,7.5300,54.3561,83.3778,48.3800,-65.6621,-114.7319,12.6740,82.3268,31.3974
3.8633,-2.3408,34.6274,82.6605,70.3783,123.3816,82.2348,108.6562,-58.0649,24.0751,-61.4099,37.7359,44.6879,54.4976,-46.0732,-68.1602,11.1610,113.7549,59.4177
-1.1503,22.6739,44.0059,75.2780,77.0779,117.7870,62.1290,76.0067,-88.1386,14.6096,-44.9537,25.7292,32.4223,43.6330,-38.0734,-22.4966,37.4136,96.7253,24.4906
21.5802,50.3676,52.2051,64.9430,66.4993,97.1582,33.0339,14.7277,-129.2768,-45.4583,-11.0869,9.5049,36.0753,18.9661,-59.6353,-45.4784,86.2770,79.1310,-36.3359
47.1280,72.7863,67.0156,64.2530,58.3053,76.3200,7.5934,-16.6617,-137.9308,-80.4684,-12.3927,22.4115,33.6437,23.2323,-72.2207,-54.6463,111.0094,71.5731,-72.7535
51.7101,68.6033,78.5426,49.6227,51.7332,49.0746,-3.2069,-22.8627,-126.2396,-56.9271,7.5794,30.8133,39.2566,27.6939,-60.3635,-28.4015,85.8906,48.5124,-88.8268
40.1283,44.1537,61.6974,23.0765,35.5357,7.1368,-3.5948,-32.4837,-113.1338,-28.8489,45.4043,-19.6253,46.4451,-19.0294,-55.0244,-44.7096,58.8904,24.6613,-93.2088
28.1932,33.1055,33.5384,1.8979,16.1918,-29.9163,-3.0201,-39.1041,-93.2481,0.6948,30.1958,-72.3317,21.7036,-66.1046,-46.2547,-52.4094,66.0714,9.6952,-73.8810
18.3912,31.1057,20.1326,-20.2417,-1.3739,-39.9732,-4.6773,-29.7354,-54.4757,63.2732,-17.7667,-57.6938,-20.9067,-52.0277,-7.7655,21.2297,69.4879,-20.0924,-37.6906
4.8841,13.9486,4.1563,-47.3533,-20.1181,-35.9933,-15.9375,-19.2040,3.6509,112.0683,-20.9406,-16.8858,-32.4704,-21.5634,22.2473,72.6513,48.3034,-61.4963,-10.3842
-5.6793,-4.1424,-21.7466,-66.4835,-36.8425,-41.6276,-33.8565,-24.5694,42.2583,100.6995,19.5522,-0.9033,-18.4466,-20.2465,14.4952,44.2133,38.4960,-87.6975,-2.8671
-4.5435,-9.9925,-33.9340,-71.1107,-51.5279,-44.1862,-33.9624,-31.2308,27.9108,70.8649,45.5557,10.3428,-23.5667,-13.2347,9.8587,39.2100,42.9711,-90.9359,2.3088
-4.7800,-26.6068,-41.0944,-66.6614,-67.7793,-18.9840,-13.1990,-11.2879,13.5946,68.7215,37.7019,31.1241,-43.7498,13.3640,23.2434,60.9011,29.1882,-78.1553,35.2231
-17.0054,-53.8797,-63.5663,-63.3821,-76.6726,12.9840,-2.2271,26.6706,54.2029,88.4806,22.0959,41.2474,-45.1826,16.5874,18.7864,17.1232,11.4310,-66.9215,95.1662
-24.8998,-57.4311,-71.0702,-62.8797,-65.8347,15.3900,-9.1509,47.2048,95.5048,113.0779,12.9711,32.4350,-37.1008,-13.7639,3.2718,-44.3632,12.9658,-68.0898,141.4100
-24.9123,-41.9370,-44.3162,-51.2584,-39.9799,2.8720,-14.1379,47.8889,88.0569,131.6414,1.8145,10.3980,-43.0388,-43.9596,8.5539,-42.7223,1.0324,-59.5790,152.7295
-39.9126,-49.6992,-30.7754,-34.1624,-21.4819,5.4179,-21.5250,44.3032,82.7651,137.8855,3.9572,-14.1622,-53.1053,-57.7654,20.3039,-25.4777,-41.7630,-38.2806,148.3712
-66.4444,-80.0020,-57.4394,-42.3898,-31.8919,8.4184,-43.7402,21.1460,103.9830,133.8156,40.5661,-25.0798,-60.2534,-62.4293,23.4771,-23.0937,-72.0493,-45.4757,137.8326
-76.9657,-89.9061,-83.5999,-67.6256,-62.2165,-6.3065,-56.1638,-15.9539,107.4563,120.1306,68.5320,-27.2725,-73.0169,-64.9668,35.0090,1.6510,-70.3068,-74.5572,117.8280
-73.9651,-78.5464,-85.2240,-68.5890,-76.3646,-17.9263,-32.1380,-7.8881,99.4049,103.8259,39.4228,-43.9475,-75.6585,-64.6307,54.6496,28.7744,-75.3613,-68.7626,105.9280
-77.1936,-91.0593,-88.5095,-53.1657,-68.9848,-6.1466,6.3698,55.1649,112.6955,96.5591,6.3671,-70.5626,-56.8998,-50.3763,68.8337,33.1343,-107.3944,-37.6880,112.6844
-87.3898,-128.7057,-108.2553,-56.7568,-76.3763,22.8066,16.7988,105.4111,117.9745,85.6459,35.2414,-81.1202,-50.0417,-19.2793,79.6613,53.8622,-133.6378,-32.1708,116.3209
-101.4709,-139.6225,-129.4189,-67.9085,-104.8586,49.7366,2.4891,114.8982,94.6472,59.6171,76.5579,-76.9622,-68.2027,5.2600,84.7932,92.8256,-126.8617,-39.3048,103.1224
-116.3456,-112.6127,-140.7314,-64.9001,-116.6231,47.2651,11.9418,109.8136,76.5553,39.1063,64.7731,-78.9462,-69.7381,2.6575,82.8709,107.1493,-106.4553,-31.0279,86.4418
-115.7230,-94.1688,-140.7983,-63.1568,-101.8044,9.7793,58.2216,91.0202,74.3459,31.0213,39.3536,-87.0367,-37.2331,-15.2608,89.2803,98.9944,-107.4486,-29.2896,75.8651
-98.3571,-106.2219,-132.4887,-71.9785,-92.1099,-24.0993,93.8382,63.2422,74.3616,24.3898,51.2160,-87.2515,-1.3415,-24.9306,99.4828,83.8680,-133.9405,-43.2807,65.4609
-88.7570,-125.5328,-128.0601,-76.6009,-97.3962,-29.2726,90.3106,56.9844,89.8325,36.2711,66.7816,-79.3210,17.5799,-18.3499,92.6903,61.5584,-157.2435,-48.5016,50.1502
-95.6879,-131.2783,-133.7365,-75.0483,-95.0200,-29.0807,67.9625,56.1369,127.6373,70.7655,44.5847,-70.0324,15.0130,-5.1680,84.1155,60.8549,-156.2825,-48.1929,36.1616
-106.2771,-116.3504,-140.4013,-78.4969,-86.5494,-43.0374,39.5139,28.4573,168.9388,87.2133,5.3627,-58.2886,-9.0348,-0.6451,96.7906,96.4795,-141.4020,-64.0180,30.8095
-115.3113,-88.3110,-147.6958,-88.6969,-98.2721,-67.6018,16.6952,5.3155,205.2232,74.3418,-24.0810,-47.9407,-28.4985,-3.8817,116.9748,131.7612,-135.0647,-86.3306,24.9537
-119.6379,-74.4007,-160.2528,-93.6882,-117.4741,-95.0656,35.0609,8.0291,224.1505,64.4283,-57.8853,-48.0282,-24.2636,2.4968,131.5784,152.5757,-141.7840,-87.5973,10.1460
-109.8932,-76.2980,-157.0192,-77.8343,-105.4847,-99.9253,76.5005,-0.3634,199.3813,67.5338,-98.1218,-43.4382,-23.5393,17.7374,135.0583,164.0028,-137.2066,-62.0370,6.8572
-89.4539,-58.5281,-120.3636,-52.1594,-78.6271,-68.9723,67.0082,-15.0928,145.7265,78.8030,-99.8449,-11.1244,-40.5412,18.9303,106.5100,137.5123,-101.4814,-38.7603,32.2866
-73.9338,-23.5210,-82.0310,-50.1002,-77.7140,-47.0539,13.5104,5.3953,117.0328,96.4262,-47.8532,28.9314,-46.2948,3.9218,61.9385,84.4219,-61.2430,-49.8925,67.4831
-67.5396,-14.4986,-72.2943,-64.0448,-74.0713,-62.4663,-13.9334,40.4339,128.6259,100.2402,-4.6329,41.4281,-42.3092,-0.7428,53.6848,75.2015,-51.7833,-77.3551,96.4962
-59.6208,-27.8691,-63.7663,-54.3000,-33.9372,-70.6774,-29.8556,60.0585,143.9718,92.4361,-12.9222,38.6674,-66.1834,18.9901,70.8212,115.0435,-54.7608,-76.9382,121.1960
-47.9983,-25.8098,-39.0009,-33.3047,-14.6797,-51.3560,-82.4893,86.2179,143.0670,106.9814,-32.3308,48.3163,-114.0623,47.3793,65.1116,147.6675,-41.1136,-58.2641,129.4123
-50.1558,-17.4182,-36.4111,-40.9102,-52.5379,-42.4225,-127.5349,112.5292,154.5357,132.4972,-34.3938,58.4456,-145.8601,62.5893,60.8738,170.1399,-37.2398,-63.3241,121.2819
-70.4133,-32.5239,-64.1513,-58.2267,-76.5180,-46.5480,-112.3782,106.9046,194.7815,137.1704,-48.2529,50.7191,-144.4718,61.3749,90.7179,193.6656,-69.6862,-79.6894,123.2687
-79.9613,-59.5585,-75.5594,-46.5216,-53.9660,-36.7196,-77.0301,97.3016,222.1114,136.1390,-76.3488,30.3574,-120.1010,56.8814,103.5500,176.0936,-106.1210,-61.5045,122.3030
-72.1644,-69.2728,-64.8723,-17.8690,-47.0887,-21.4290,-69.5455,113.1794,209.2817,130.8768,-90.8642,3.2111,-95.7325,54.1245,71.7378,117.2569,-120.0977,-12.0623,86.2691
-82.4759,-51.6425,-66.5134,1.0928,-65.5386,-9.0685,-78.1139,121.0853,196.4406,99.1113,-103.0863,-14.2293,-94.7033,48.9875,55.1493,96.0581,-125.0253,22.7960,52.7820
-101.9989,-19.7284,-67.4077,9.6977,-54.7068,9.9335,-76.9939,108.5853,194.8203,72.3871,-124.2724,4.2939,-105.6852,54.8044,73.5773,136.6583,-114.4697,23.2689,60.3665
-75.8624,-1.1384,-38.1476,17.7993,-17.0717,22.3540,-53.1643,100.6378,144.5628,62.0713,-120.2390,36.3170,-90.0161,81.8570,71.6048,162.8522,-73.7883,19.9750,54.6889
-23.2256,3.8501,-2.7164,37.5072,11.8350,23.1648,-18.4408,78.7053,47.0976,2.1952,-83.9547,34.2612,-46.0206,94.3552,33.5162,118.3435,-32.6494,46.2220,-1.1441
-13.3249,30.5492,13.7340,67.3125,31.7375,32.4650,-15.1063,21.9392,-7.3599,-87.9693,-60.9876,16.4684,-15.0083,58.6479,-3.1448,38.8836,-17.5171,81.6589,-44.6877
-30.4657,72.5942,26.1856,80.8632,43.8622,35.3280,-47.2291,-27.8619,5.1957,-98.4789,-69.0380,26.4370,-15.3915,11.9203,-22.2588,-10.9818,-8.7209,84.7376,-37.8742
-18.0898,75.5266,37.9193,73.2747,50.1570,14.2818,-55.2670,-41.8093,19.0520,-53.0850,-83.0144,39.6104,-19.8923,3.9371,-27.3408,-19.1127,3.1717,68.8659,-25.9356
8.1253,39.9840,37.3250,71.7675,65.4589,12.4552,-18.4655,-46.2583,5.0250,-59.6384,-89.2707,21.3395,-5.4906,18.9512,-18.0299,-17.7523,0.4593,72.4204,-37.8703
17.4166,18.5756,33.7007,72.1334,63.0059,44.3294,6.7081,-54.3547,-11.0720,-86.7486,-90.4655,0.7700,5.2526,23.5985,-5.2136,-19.0510,-8.9795,79.5103,-53.8729
24.5550,14.0381,28.9688,49.2406,12.9859,48.0972,-9.5863,-56.8227,-6.0160,-57.6750,-94.0949,3.7913,-20.6398,21.5279,2.2361,-8.8434,-7.2575,59.0480,-52.6497
29.5043,1.3318,8.3388,26.8594,-31.0901,12.0339,-28.0909,-62.5610,25.5533,-23.0802,-115.0060,11.6683,-63.4200,19.0425,8.7961,-2.1242,-5.2382,38.4480,-25.4388
19.5341,-1.3315,-11.7349,41.4072,-18.3296,1.2539,-20.7828,-77.3939,52.1872,-45.9429,-147.4519,16.3375,-75.3311,10.2882,5.6638,-31.2821,-5.6298,55.3638,9.6287
19.8948,18.2100,-0.5772,69.8206,10.6749,30.3283,-6.4873,-87.6364,28.9715,-84.9901,-161.2361,19.2517,-59.3130,0.8180,-12.1373,-72.4638,10.0786,86.6483,14.1400
41.2415,32.7156,28.4457,69.5846,19.6025,49.4714,-1.1956,-86.4588,-15.4513,-81.4956,-153.2670,4.6318,-49.7307,-7.1909,-15.6067,-69.0798,34.7062,84.7306,-7.1314
47.6661,36.7086,44.0584,41.1511,25.7095,35.7041,8.0262,-71.1028,-10.9730,-26.2618,-147.3092,-18.5023,-36.0422,-21.9354,9.7124,-26.0531,38.4203,44.3493,-14.4681
30.5136,44.0170,44.8152,11.9524,25.5749,2.7331,31.1143,-41.8626,27.8781,48.1136,-142.5092,-24.0572,3.2233,-36.7533,30.3531,0.9486,15.3158,5.0928,-13.5544
21.6572,41.3328,39.4628,3.6755,9.7108,-32.8174,48.0466,-30.6597,33.0339,76.6384,-130.1323,-32.5224,28.5346,-45.1494,24.2069,-7.8933,-9.1174,4.3405,-33.0968
30.4699,27.6103,31.0188,19.3834,6.5278,-53.1550,38.8877,-64.7537,1.7798,33.8358,-130.5468,-61.4127,-0.0384,-56.1417,10.2122,-26.5750,-4.6791,33.8970,-51.7407
43.8256,33.1908,31.6203,39.5729,25.4215,-45.9104,19.9933,-100.7131,-25.6123,-18.3115,-145.0903,-59.9405,-40.2804,-58.2618,-0.5431,-37.5103,32.8139,53.3978,-35.8991
58.9245,51.2405,51.0408,46.4964,46.3208,-16.6527,16.7937,-80.4735,-42.1196,-26.7286,-129.5373,-5.9136,-31.9274,-30.7168,-15.4507,-45.3484,66.8551,47.3854,-2.9914
73.5324,45.2461,77.3624,48.4123,70.3776,10.4035,29.7668,-32.3155,-63.4997,-20.9631,-73.2421,34.5243,12.3915,4.4056,-28.2883,-51.8865,61.1768,40.6090,8.0560
77.9626,27.6043,91.3114,61.4810,96.1675,11.0021,51.1734,-23.1337,-96.3569,-43.6720,-28.0243,32.0280,45.5927,17.9576,-33.6189,-54.6108,31.4667,57.1445,-11.6979
68.4313,32.8424,90.7757,86.8236,108.3605,2.9807,74.9962,-46.7890,-131.0467,-86.3616,-20.4880,38.2205,61.3020,24.4101,-44.7641,-63.0392,14.3763,92.8044,-36.9238
50.9601,52.1892,89.9903,112.2962,119.8625,30.1398,84.2664,-54.6320,-146.2068,-120.8248,-19.3157,67.9235,78.3385,35.2172,-62.7811,-85.4916,14.2499,122.0775,-39.3820
35.2019,66.6884,93.5905,118.9456,136.6826,76.0502,74.2384,-48.0884,-135.0595,-140.1817,-3.9585,87.0059,95.5486,35.0563,-65.4537,-99.6580,16.9413,118.7722,-24.2229
22.7412,76.8984,83.1652,97.7472,124.0699,78.9595,70.5016,-50.8567,-113.6784,-148.0785,11.4146,95.4120,101.6381,29.9219,-45.8547,-78.2674,15.1404,85.4437,-16.6093
7.7323,70.9499,49.6162,69.6876,82.6105,45.6122,81.7095,-49.0011,-89.9641,-136.2726,12.8900,100.3849,94.9005,35.6646,-28.0799,-47.0187,7.2856,59.1218,-15.3129
-3.3482,44.3845,22.2446,63.2017,62.4519,39.5194,81.0360,-30.5073,-64.6850,-103.2583,-3.4283,86.0533,78.5503,40.7184,-30.2026,-48.9569,1.6347,64.5865,-6.4788
-0.3711,36.1725,27.9044,72.7236,69.6553,68.1285,61.9530,-17.9559,-59.6120,-80.0525,-19.9144,75.9207,65.5973,42.0118,-42.3172,-63.6928,13.1945,78.4518,-4.0661
6.2652,63.5923,45.4104,70.8138,68.0844,83.3929,50.7419,-21.7302,-90.1100,-89.5357,3.5655,103.8802,73.4421,53.6433,-52.8263,-52.9257,40.8110,68.2653,-20.0913
4.5199,75.6965,39.6308,51.5682,51.4090,62.5207,58.9436,-27.3350,-124.7173,-100.3431,59.2165,127.7250,89.6293,61.7301,-60.4547,-37.1390,59.0154,43.5672,-32.9697
-4.1842,41.9426,9.8599,30.2959,28.7922,26.6820,73.0377,-31.9367,-118.2591,-80.1959,82.1172,105.0273,85.8431,51.7130,-54.7080,-34.0785,41.5595,30.1756,-31.0262
-22.4579,4.9594,-19.5824,12.3564,-0.1656,11.1656,76.8948,-39.1950,-76.1643,-53.6344,74.8389,78.7875,76.9330,45.1837,-30.7513,-17.6637,-4.8851,19.8784,-37.3261
-40.0870,-5.6865,-29.1424,-5.1547,-19.8903,26.7841,59.5675,-45.4980,-54.3456,-56.3551,114.4651,78.9184,93.4412,46.4445,-20.3158,-6.7209,-34.9921,-3.1079,-62.4812
-23.9674,-17.4506,-16.2584,-11.7552,-13.5418,41.8162,25.2063,-54.1957,-81.5636,-82.7086,188.0803,64.0044,107.4783,31.4057,-47.0936,-49.8091,-21.2005,-15.4991,-82.4777
22.7873,-44.4903,8.1575,2.0903,4.1186,30.0846,-2.1020,-60.9105,-117.6930,-100.5386,200.4017,20.5924,79.9097,9.6385,-74.1738,-104.3273,-2.9292,6.0245,-79.7111
52.5739,-65.3893,31.1756,20.2123,13.9120,12.0198,-9.6909,-46.0139,-123.0133,-88.0042,158.8148,-14.2232,40.0529,3.8595,-66.7885,-103.8326,-22.0416,35.2212,-63.9454
51.6092,-75.4602,42.9535,22.1281,22.0463,11.1789,-12.7118,-20.2588,-107.7236,-61.5512,148.8875,-29.4362,29.9581,-0.8635,-49.7086,-85.9094,-51.0931,37.1224,-44.6437
44.9217,-79.0900,37.9140,13.1789,35.9543,16.6478,-19.7393,-24.7247,-83.6959,-62.6641,162.6585,-31.4260,38.0246,-14.8680,-43.7661,-96.1120,-51.4207,17.0698,-24.9522
39.4141,-54.5302,26.5908,11.8677,44.4030,12.5359,-18.1152,-65.6929,-58.4079,-101.0637,140.9763,-9.7109,47.6616,-20.0550,-39.1566,-105.2010,-31.2647,2.8842,-25.2265
37.1371,0.9999,31.0679,28.2369,42.1738,5.2872,-0.9509,-103.0178,-69.7228,-143.9925,100.8762,30.4483,67.6337,-11.2509,-50.5613,-112.3523,-3.2511,16.9191,-56.5972
53.8886,40.5332,53.5395,58.8804,48.8560,17.3941,19.1735,-101.4971,-123.5857,-167.4621,81.3024,70.4931,87.5717,12.2421,-89.6479,-143.7870,36.3619,56.7358,-78.7882
84.6243,39.3109,78.2053,81.9431,75.7838,58.0314,19.8315,-68.9331,-161.0690,-171.2091,76.3207,104.6628,82.4460,52.9637,-114.8042,-157.0455,76.4439,81.0839,-58.1633
107.7336,31.8637,98.4445,71.7117,91.9319,92.0245,-6.4233,-49.1392,-158.1710,-155.3916,78.8623,113.7656,58.3980,71.7545,-98.7727,-121.9742,101.1613,55.0219,-32.8783
114.6766,40.6460,102.3353,31.5586,66.8110,77.2719,-27.5389,-58.0099,-133.8955,-118.6310,73.5727,83.5052,39.9033,39.8191,-66.2199,-84.3968,111.0898,0.5541,-34.2790
101.1603,44.6174,71.7661,-9.7903,27.4518,34.0363,-8.7966,-48.4104,-77.4606,-62.2730,28.8837,56.7620,34.9709,16.8878,-31.7500,-49.4136,111.3669,-42.6274,-27.2289
73.5442,36.8734,31.8067,-26.6254,17.7906,12.7210,15.9701,-1.5856,-23.0480,-5.7141,-11.7113,69.5193,35.4386,47.6922,-14.6845,-0.3481,117.3002,-56.9259,-7.3556
60.0962,33.5468,31.0340,-7.2586,34.6747,21.3775,-13.2708,20.2486,-58.0209,8.2151,29.5056,80.1827,28.3443,67.5657,-58.7260,-9.6371,142.2169,-29.2892,-19.6547
67.8133,27.2728,58.1655,30.3985,50.5264,42.9027,-66.9216,-7.4093,-134.4595,-17.0436,92.8256,54.7241,7.9456,32.5893,-125.1293,-96.4822,153.6482,23.7245,-37.3733
69.9092,4.4556,65.1446,42.9446,56.2635,62.4707,-73.0686,-28.1992,-116.3880,-9.5936,64.2069,28.4395,-18.9549,-1.3088,-113.2355,-130.0683,118.2840,40.7982,0.6098
56.0403,-14.9337,54.7994,20.8488,55.2717,55.0506,-56.5048,-29.6139,-34.9739,50.7395,-4.2737,21.0511,-44.2588,-7.9201,-43.8090,-63.4789,69.6291,6.1971,49.3905
33.3470,-10.5782,52.0435,2.3377,48.5877,18.9851,-77.6812,-48.2488,-5.2577,95.9374,-4.6447,8.5730,-60.7895,-24.8888,-17.5316,-9.0702,43.7188,-21.5895,37.8804
1.0240,4.4516,42.3324,4.7430,38.0563,-2.9061,-96.9798,-63.3371,-3.9801,96.3781,12.6437,-7.4175,-60.9454,-44.1397,-23.5773,0.1740,25.2398,-14.6542,5.1832
-25.3474,15.8135,21.2969,11.4547,33.0152,8.1563,-63.6989,-41.8920,11.5658,87.8095,-29.8564,-15.9319,-55.6385,-37.3604,-3.1542,28.0117,15.1729,1.0205,8.1160
-21.4636,23.3120,21.4322,19.2248,43.2421,20.7666,-37.3708,-13.0750,-1.5144,85.7874,-75.1410,-40.2548,-70.7068,-35.8871,14.1792,55.6930,34.1624,15.7385,25.2723
-1.1869,16.0424,40.4332,26.1247,55.5418,18.2298,-67.9001,5.2445,-21.5983,94.2255,-74.3067,-78.8741,-104.4723,-53.2890,5.4421,49.2896,51.0750,26.2155,35.2857
8.9068,-8.0644,41.8050,16.4602,43.3777,14.9463,-93.7388,29.6270,-0.6267,117.4792,-64.9830,-83.5475,-122.6228,-42.0571,8.9113,57.3506,37.2358,16.3680,43.6593
15.1428,-13.8027,31.5749,0.0335,14.1666,16.5505,-78.6231,38.4662,-6.3542,107.1759,-41.4359,-49.5319,-104.8485,-5.5643,11.9551,76.2425,36.3098,-0.5229,26.5744
27.8056,17.7605,35.8137,-3.0123,-5.8689,16.2567,-78.4655,12.1028,-64.0697,29.4216,19.8944,-30.5947,-67.1851,-3.0792,-20.6913,41.2352,70.3365,-4.2860,-28.3185
38.2696,47.7107,38.1250,-6.1174,-22.7826,9.6219,-105.0601,-5.9430,-73.5709,-49.7557,55.1769,-41.0540,-41.2623,-21.6716,-44.6545,-7.2101,90.9800,-10.7649,-75.7433
47.5342,46.9715,26.3778,-16.2263,-38.8862,0.5615,-103.6408,11.5099,-34.2565,-75.1746,27.8151,-37.7128,-40.6477,-0.9121,-25.0474,10.8727,86.2679,-23.6946,-80.2940
63.9821,42.2515,29.6919,-12.6511,-29.9148,1.4112,-76.8093,30.2653,-40.2724,-80.3557,7.1756,-2.4828,-43.8285,43.0782,-10.8837,47.6537,93.0048,-22.6291,-61.7590
73.0206,48.7435,45.4824,-4.4700,-16.8629,9.3923,-70.2314,30.1679,-56.7618,-80.1322,24.2707,34.1565,-26.3371,57.6606,-26.1268,30.5771,97.5699,-19.2706,-53.1834
50.6241,38.3498,27.6908,-18.7490,-45.3067,2.8594,-70.2017,25.0202,-12.0520,-46.0715,35.0328,48.1166,0.1041,52.0231,-29.9728,5.3531,60.0535,-32.1111,-62.5763
7.0165,8.4214,-18.8788,-40.0280,-84.4699,-19.6749,-43.2287,18.3486,33.3669,2.1498,34.1579,50.4855,10.8050,55.5784,-10.7631,27.8189,6.6648,-43.1897,-67.9802
-11.3710,-6.1921,-36.3016,-42.9730,-80.4650,-39.3604,-10.6587,10.3928,28.9065,23.7543,35.3689,61.1930,8.1499,62.8385,3.9319,58.8004,-11.3000,-43.4164,-48.5405
12.6112,0.3389,-13.0773,-35.7101,-53.6449,-51.2575,6.3301,8.7608,19.0938,25.2904,20.6128,78.8358,12.6323,67.2248,7.2428,56.5840,-3.6951,-44.0997,-25.3215
27.0010,6.4394,2.8116,-28.2268,-38.4910,-57.7670,28.3560,1.9204,14.4389,20.5588,5.5117,82.4781,31.7572,62.8430,8.1467,40.2127,-9.2065,-38.2236,-24.8847
-10.1971,6.3590,-16.5873,-21.0750,-33.7122,-60.7413,56.5339,-28.4750,-4.1463,10.8865,22.2660,54.8622,45.6020,22.6832,8.1535,21.9165,-32.8324,-21.6194,-24.8999
-58.5484,-4.3509,-49.2393,-18.5404,-44.0082,-68.5324,63.8546,-64.7251,-13.2687,17.2442,39.7951,3.2270,29.0390,-46.3773,5.2055,-13.0921,-59.5499,-4.4455,-1.9555
-67.5150,-28.3119,-60.2548,-13.1369,-53.5810,-68.0235,57.8657,-66.1074,-10.7967,46.4979,27.8969,-38.8717,1.6100,-84.3079,-3.2742,-51.2425,-73.5496,16.2025,23.9775
-48.7051,-32.9821,-38.8774,0.3550,-20.1706,-37.7126,63.4669,-28.6443,-22.4816,62.7837,16.3448,-44.4452,9.8854,-73.0863,-13.3349,-63.2084,-52.4277,29.7438,38.0366
-26.9147,0.3835,-5.7313,6.6544,31.2215,-10.7923,61.5451,3.7523,-35.2195,44.7987,21.1976,-34.0762,39.4323,-65.1107,-20.5135,-64.5116,-1.9402,17.0368,44.8267
-6.1685,22.2689,19.1502,11.1529,45.1682,-26.8676,29.6397,8.0983,-40.4727,23.2853,26.8909,-51.5669,35.5188,-84.8819,-32.8627,-84.7934,17.5700,14.3783,36.7014
6.9519,-1.8305,43.6135,34.9965,52.0342,-47.4642,-0.7675,16.0191,-55.9690,33.7168,32.2104,-89.6341,10.7626,-95.2230,-46.7520,-100.5058,-23.2496,53.2976,17.9700
17.8552,-28.1010,73.5011,55.8784,91.4548,-31.5075,-4.8357,40.5769,-62.6232,60.2883,32.7043,-98.5833,11.4124,-73.3272,-41.4611,-78.6190,-55.9472,75.8567,11.9335
39.6346,-25.0566,89.4812,46.2737,120.1023,-9.2351,-6.5991,45.0112,-47.5599,61.4627,24.7718,-74.9147,22.2863,-46.3878,-25.1248,-48.6864,-29.2632,45.7438,16.5359
50.2544,-15.7881,84.6780,32.6309,110.4041,-2.7924,-8.7144,26.7177,-47.0013,44.0834,26.5727,-59.7284,20.5834,-47.2615,-23.5253,-54.4313,-0.4101,23.1418,24.0981
31.6172,-1.4804,78.6687,33.8206,96.2948,1.1989,16.5423,30.0502,-47.2621,46.0614,20.6762,-59.6271,32.7893,-71.6649,-20.2251,-75.5534,-18.2163,29.7408,46.4556
12.8426,31.0268,72.6801,25.5437,85.7742,-13.3283,49.7100,52.3314,2.6182,50.3239,-24.7574,-55.6928,61.6310,-86.1115,8.5193,-66.4307,-43.1074,16.7632,62.1495
6.9989,51.0055,48.6413,9.1294,64.4694,-55.4855,48.8195,49.1438,54.4024,18.5904,-55.5655,-52.5938,70.2495,-75.7321,27.3274,-40.1326,-41.4850,-5.7873,35.3229
-0.5913,44.1478,21.7373,11.5828,45.5976,-78.2708,28.6667,22.1529,29.6330,-21.4895,-22.8225,-49.5987,56.2853,-61.5158,0.6961,-44.7797,-21.7330,6.1324,-1.9783
9.9817,52.4174,26.1138,22.9524,36.9091,-57.5988,20.6577,1.5121,-29.2698,-41.9323,-1.9158,-30.7986,41.0806,-54.6985,-31.1605,-68.0639,18.5284,24.4839,-8.2492
46.4975,80.5892,49.9710,18.9057,30.5750,-32.2235,18.2159,-14.8832,-48.4833,-75.0061,-36.0687,-15.1281,28.2967,-41.1896,-16.8164,-46.9191,60.6271,9.9868,-18.2904
61.3205,84.1556,55.0254,5.5436,25.1058,-32.1026,17.4425,-34.1528,-56.5215,-113.8961,-35.0439,-22.6873,26.7987,-22.9352,13.4769,10.1576,63.4934,-11.9973,-59.8175
52.7020,74.9359,48.8100,1.1649,13.2953,-47.9498,19.2568,-42.1006,-99.2116,-108.6029,22.3606,-12.4410,36.2626,-10.6199,-5.5255,19.5529,61.7822,-10.0068,-89.4043
72.8078,98.3555,64.4361,14.3908,3.9159,-57.2391,0.9193,-40.6380,-134.0983,-86.5462,24.0128,41.3394,26.1871,9.7006,-57.5392,-20.0770,111.7665,6.8945,-84.1595
100.1734,127.9518,83.7906,34.2342,22.8414,-44.9433,-30.5377,-55.9578,-106.6127,-98.6873,-50.2946,80.0135,0.1232,36.5361,-66.5286,-23.4597,158.0502,15.7704,-80.4723
78.9985,110.6905,63.3698,32.6905,39.5717,-24.2229,-35.5836,-91.8150,-52.0636,-110.7706,-84.3368,57.1646,-1.6382,32.7401,-33.9765,1.8488,134.6655,7.2928,-97.1503
40.1010,63.6610,17.0606,10.3805,4.8189,-16.5757,-28.5986,-113.1932,-39.5098,-96.7124,-37.3759,8.4971,6.4202,-1.7986,-29.5844,-19.7550,92.8892,-0.7803,-111.3955
25.0859,34.8001,-12.9036,3.6991,-39.0473,-13.6617,-45.4665,-96.1402,-54.1542,-98.4629,2.6673,-21.5416,-16.8550,-19.0497,-50.6769,-55.0815,83.5601,12.9988,-102.9287
9.1567,31.5896,-25.5202,17.8218,-32.0484,-10.1679,-55.0655,-64.6322,-34.9785,-110.4321,-16.0508,-29.4109,-39.3884,-11.2604,-45.9195,-43.2658,74.5658,32.9520,-77.6013
-6.3405,34.9503,-26.0631,23.9948,-2.2891,-22.6335,-28.5305,-45.8987,-4.2219,-80.3962,-38.1409,-27.3000,-13.8898,-17.4595,-38.8786,-46.1546,57.1060,35.7480,-55.1031
12.7696,29.0944,-0.7112,22.8456,19.8906,-34.8436,-5.7357,-30.3152,-19.6450,-27.9260,-18.3973,-30.8845,23.8193,-41.7007,-63.7387,-103.6966,59.3022,33.9381,-37.7296
32.6465,12.3877,22.8109,29.1008,45.7690,-19.3447,-7.3390,-17.0757,-42.4447,-6.1114,-0.1576,-41.4119,24.5596,-50.2023,-74.8146,-127.4340,64.2300,39.0365,-16.6189
5.8729,6.0521,1.3715,26.8584,51.5836,-6.2745,-12.4178,-31.1905,-13.8764,-9.7981,-10.7616,-31.8964,11.5246,-35.8280,-51.9683,-83.9126,53.4255,30.8036,-12.3225
-27.7329,23.6918,-30.2055,-0.2220,22.4671,-25.4210,-30.9131,-59.1635,28.1507,-12.1676,5.4096,2.3869,17.7479,-21.6991,-37.5912,-39.5600,52.0893,-10.1307,-38.0786
-21.9434,39.8078,-26.1085,-42.2529,1.5506,-48.9025,-61.6021,-59.1189,45.8052,-5.2348,53.5771,24.6894,22.3322,-15.0883,-18.9017,8.1211,64.4973,-76.9429,-48.9982
-9.0235,30.3597,-32.8966,-83.2572,-13.6697,-63.5754,-52.7868,-38.2937,74.1183,12.6708,46.4016,21.4732,4.8116,-2.0629,34.8972,86.8442,67.1163,-134.5479,-23.8578
-24.2583,8.0825,-87.7032,-108.5829,-65.6174,-86.0131,-2.3840,-25.5994,117.8543,30.8816,-15.9716,13.0582,-7.8638,18.0945,72.9281,131.4400,54.4228,-145.1640,-16.3228
-46.1310,-9.2246,-128.6586,-109.5833,-115.2837,-94.2249,24.6207,-13.6619,131.7562,33.8234,-32.9625,8.1489,4.3422,33.1118,62.3980,114.3616,31.2241,-120.4610,-45.3274
-46.5183,-9.7826,-112.9146,-92.6934,-109.6446,-65.0421,11.7882,0.4391,110.3835,21.2566,-9.5044,16.3644,14.5704,50.0061,46.9767,107.0201,19.3227,-98.7632,-67.0048
-27.1507,21.9837,-80.5968,-65.7640,-87.4241,-33.8371,-1.8179,-0.9686,78.0253,-2.6781,-33.3649,49.0508,4.3533,76.0500,33.3175,114.2703,53.3216,-75.9541,-74.6257
-2.8253,59.5775,-60.6020,-41.8045,-80.8461,-33.5016,-6.2957,-7.4434,50.7898,-22.6692,-78.2111,68.6582,-7.0692,81.4319,4.9023,84.8284,103.2867,-48.1143,-78.3146
11.9572,37.1125,-49.2422,-47.5805,-64.2657,-49.7309,-11.1775,1.4350,49.7250,-8.6494,-60.7418,28.3406,-14.9154,48.9189,9.5968,65.3485,91.2950,-55.5355,-52.2942
9.3721,-37.0815,-55.9376,-76.0025,-50.7928,-63.5971,-3.2247,15.4053,62.1686,24.2953,-6.7137,-37.9180,-33.4448,19.2316,60.2862,105.6148,23.3101,-87.7078,-10.0667
-1.6103,-72.8466,-71.4639,-77.6727,-66.9715,-67.1659,26.1562,18.4662,42.3810,19.6141,11.5907,-60.2290,-45.7364,16.3970,81.6301,125.1861,-23.3066,-75.2775,4.5119
-2.8029,-45.0608,-62.5926,-45.3822,-72.1204,-55.8663,55.3174,2.4431,7.8181,-19.4269,-5.9650,-30.8932,-29.8239,9.3705,54.3438,65.1707,-27.0941,-29.7945,13.5442
7.2369,-14.9630,-36.9081,-23.5258,-41.6432,-41.5856,54.8573,-34.8692,11.6943,-37.7577,-22.4105,11.4353,-9.4522,-5.0267,33.5117,4.2367,-16.0368,-20.4298,36.0901
7.5170,-10.5736,-29.0199,-23.7138,-24.2932,-37.9713,28.3944,-62.3460,33.8549,-24.6756,-25.5804,32.4982,-11.9458,0.1537,31.2721,8.4070,-8.2220,-34.3448,30.1459
-13.5767,-21.7400,-43.4914,-27.2067,-39.6098,-41.5676,16.4791,-47.3063,41.0379,-1.6551,-22.9294,11.7380,-27.4666,2.6773,37.1079,37.9692,-24.5073,-29.0742,15.2150
-36.6432,-53.7285,-66.2811,-35.7506,-43.6294,-49.3081,30.0249,-15.5577,62.9684,21.9942,-20.1390,-32.6483,-42.0091,-18.8175,61.2166,52.5564,-62.6755,-28.7315,51.3718
-39.4411,-80.5631,-78.0710,-44.4738,-21.0266,-59.9084,27.9208,-2.2835,98.2611,30.2659,-17.0096,-45.8278,-49.9001,-19.6299,80.2527,66.9736,-74.7740,-45.7220,85.1289
-24.8423,-57.1236,-57.0746,-32.5949,-4.7523,-63.7338,2.1931,0.6567,92.4102,20.3444,-20.5626,-15.1978,-44.6072,13.6381,63.0413,82.1934,-48.9143,-41.4572,50.5521
-3.9228,-19.9213,-16.5058,-9.6554,-4.8094,-57.6905,-5.5639,-4.2955,52.0853,20.3399,-34.8642,4.9473,-32.6186,19.9770,34.2974,60.4892,-33.9028,-13.7382,11.6054
18.3973,-26.7320,9.6587,4.9638,5.5093,-43.1358,6.3738,-27.7922,24.2868,19.5210,-34.1860,-12.4218,-17.6191,-11.5674,16.2312,-5.7713,-43.9845,7.3259,11.6159
35.7952,-35.9697,26.9937,23.9645,33.2060,-13.6515,5.4642,-48.6706,-1.5800,-27.1514,-6.5820,-21.6088,9.8453,-19.6802,-6.6785,-63.3183,-43.4512,26.9231,-7.5773
47.5825,-3.3587,54.1209,52.4798,49.7405,24.6424,-0.1055,-46.6545,-45.7929,-88.0934,2.4760,4.7204,28.8154,6.5572,-27.5713,-71.8253,-22.8704,55.4781,-42.1331
59.9014,16.4896,71.9458,64.1715,45.0163,51.6468,11.3299,-30.5034,-76.9707,-83.4761,-29.9100,20.4840,10.4479,19.8416,-25.1427,-55.4256,-1.6141,71.5892,-26.4568
67.5226,-9.6407,65.0555,47.8768,46.4701,63.4364,35.1647,0.9680,-70.2343,-24.5017,-56.1448,-4.3108,-8.2812,13.2265,-5.0321,-37.1984,10.8403,57.9491,18.8597
67.1414,-27.3252,52.8542,23.5083,58.0032,66.8762,66.7803,42.5316,-50.3130,4.1238,-52.1901,-20.9478,15.2388,21.8184,19.4258,-5.7146,16.7659,27.3365,33.7961
75.8395,-10.3564,50.9892,15.3770,49.7434,64.8848,88.0717,56.3524,-53.8331,-26.0605,-50.1637,6.5936,39.6434,50.8775,26.5785,14.9589,30.2933,13.9818,19.6062
92.7231,9.8468,58.1285,34.2803,30.8764,68.3521,72.4905,41.0861,-82.6565,-61.9608,-65.6273,36.9359,21.8310,71.4451,-1.0782,-6.5662,57.0082,40.9748,2.2995
83.7213,22.2278,64.2249,62.2915,39.4387,82.8319,46.4100,43.7146,-98.0022,-53.5227,-87.3825,44.3086,-7.3404,77.8375,-25.9128,-14.3574,73.4450,78.2136,3.3337
47.7351,32.6270,53.9883,68.8296,61.6004,90.5569,34.7121,60.9596,-77.5760,-22.6418,-94.8018,65.8172,-22.4506,93.2381,-17.4820,33.3501,75.0188,77.8526,27.6975
28.5158,41.0712,38.8453,58.3699,60.0235,76.7975,-7.4846,40.1099,-58.0224,-25.8002,-59.5444,102.3886,-36.7047,105.0334,-26.0643,51.3507,89.8401,52.5465,30.9452
30.2248,62.2041,45.1692,55.4523,46.4627,46.8406,-79.7095,-17.9942,-62.5871,-56.0447,-7.6703,105.2238,-45.7907,72.5166,-66.7728,-0.7581,108.2882,40.8781,-7.8462
11.8958,93.1420,50.7325,50.6543,39.6532,18.2758,-100.5872,-56.9158,-50.5101,-53.0668,-9.6401,84.1664,-46.7072,24.1787,-63.2848,-7.5514,96.6380,30.2116,-26.8022
-22.8573,94.9378,19.8241,25.7790,17.0844,14.8163,-75.3706,-53.0266,-7.9526,-15.1206,-47.5066,89.7932,-64.4873,27.4611,-11.8702,68.3521,78.0589,0.2411,2.2282
-32.5825,62.6711,-19.2812,0.8193,-25.8637,31.5564,-79.8136,-39.2170,19.1919,4.6658,-45.0087,107.9806,-92.6853,54.6660,0.6978,91.6597,80.9723,-21.3595,29.1493
-27.8762,37.1760,-30.4256,-1.2468,-50.6149,28.9830,-83.2231,-40.4153,23.3541,4.6166,-21.3874,102.5614,-89.1158,37.9676,-22.4085,24.7598,63.1135,-12.5676,43.7531
-51.9702,31.2368,-34.2059,7.2716,-45.7050,10.8343,-32.3055,-27.5377,39.4546,25.6446,-29.1547,95.4401,-56.3688,11.0980,-11.3213,-2.0216,0.5873,4.9184,74.9318
-92.1555,22.0501,-44.2323,6.3071,-39.6474,25.1940,7.4622,27.7642,65.4613,76.4037,-39.2798,97.1528,-41.1396,21.6746,23.1766,49.3844,-53.0294,7.8754,109.4768
-106.0113,-0.9179,-44.1139,-6.1348,-39.4452,56.4855,-3.4148,87.0461,87.2539,140.5499,-37.2145,66.8663,-54.6098,20.7745,42.7928,84.0361,-69.2022,-3.0403,133.8483
-100.8469,-27.6805,-45.4800,-19.1704,-30.5040,50.1195,4.4117,104.1352,116.3241,191.0434,-60.4916,14.3087,-59.1908,-10.6702,59.5452,76.9223,-80.8454,-14.1114,153.6086
-104.5084,-43.4734,-60.9756,-21.3750,-21.2748,29.4803,46.3352,102.2813,138.7589,195.2570,-82.3564,7.1814,-31.3287,-4.9676,72.4626,78.2865,-100.9421,-12.6945,146.7168
-106.5794,-48.2450,-65.8413,-19.8300,-26.7547,38.5006,60.9305,113.9327,125.4643,172.4411,-47.5491,43.5044,2.5775,38.1036,62.4117,86.8453,-109.5564,-9.5992,116.3365
-93.8808,-60.2457,-58.9719,-34.2959,-34.9542,43.4362,40.8841,121.1207,102.2169,174.2589,15.9368,55.2516,11.1437,47.3956,45.2447,77.5173,-98.4815,-29.2778,107.3448
-85.3410,-77.0144,-69.9205,-56.8694,-34.2871,16.7055,15.3458,115.8491,108.6554,180.8122,57.7623,34.3244,9.3263,32.4433,33.3152,63.4013,-75.2765,-59.0610,102.6206
-88.3824,-75.0268,-84.2529,-57.7712,-33.3842,0.4655,-10.2065,124.1022,129.1972,148.6414,72.0223,24.6532,23.5045,46.4358,17.3495,57.7943,-62.4839,-60.2145,59.0441
-83.8974,-62.4047,-66.8811,-41.8317,-32.6113,14.8145,-15.8776,145.3486,134.5673,123.5305,63.0092,27.3238,46.3898,66.9846,14.2895,58.2547,-83.3177,-40.3420,18.5649
-69.2265,-53.8559,-36.7736,-42.0150,-29.4990,24.6516,11.9061,149.5807,120.6780,138.6301,53.3381,25.7755,68.4446,58.1608,31.0447,62.0831,-106.9023,-42.6098,16.8782
-55.9366,-26.7455,-29.1461,-54.4700,-39.9989,14.1855,34.6088,124.3589,86.0277,118.7935,69.0697,37.0584,91.4592,43.9540,25.7197,49.0109,-78.3827,-60.6129,4.0840
-43.0020,14.7065,-32.9830,-42.6379,-60.4681,2.7674,27.6235,82.5296,41.1598,41.7405,74.1725,58.0365,94.5648,40.7729,-12.8430,2.7685,-25.4693,-43.8462,-30.6705
-36.5174,23.2517,-26.9234,-5.0378,-58.5264,3.4388,13.3035,48.0385,18.7758,3.1283,38.0245,53.0774,62.8982,26.7700,-39.1484,-46.1008,-21.8613,9.0299,-30.4671
-49.0041,3.9458,-20.7024,18.9027,-39.1437,12.7382,3.4545,35.3955,26.8526,24.6237,12.5698,31.4637,29.5725,2.5088,-34.4323,-59.6643,-57.8140,40.7663,3.7972
-62.8375,-0.3972,-24.4234,13.6980,-36.1714,27.3685,-3.7739,34.1279,37.4574,27.4129,26.3006,34.4709,22.8032,-2.7153,-20.8901,-45.4949,-70.7689,29.1168,23.8476
-55.4095,-0.6247,-19.8956,9.4218,-32.3764,57.6917,-6.0178,38.2236,35.6217,10.7913,35.2621,54.4420,25.3244,18.0174,-11.7503,-28.8416,-60.8814,16.2537,28.6887
-40.6415,-17.3039,8.9236,27.3251,4.8651,104.0108,-13.5902,61.3573,25.2388,30.3734,29.6158,59.1517,19.1373,41.1294,-8.6232,-14.6879,-64.2041,30.8564,41.5137
-29.9146,-25.9591,41.7593,46.9667,43.0412,127.0252,-23.6840,91.7237,2.9510,57.4329,30.6352,50.4279,6.4973,49.5169,-9.0326,2.2631,-69.4965,50.0824,57.1220
-9.1081,-19.1769,52.0771,46.5183,43.9292,104.3627,-10.0772,95.2155,-29.1705,44.8191,22.8261,39.4823,-4.6077,52.2538,-2.9599,23.9019,-52.6986,52.0352,52.4200
11.3998,-15.5713,47.1714,35.4396,29.6763,82.4736,16.3170,78.4979,-51.0547,27.6806,3.5731,29.1016,-2.9691,60.3793,6.9216,45.8255,-29.2796,44.4601,22.5633
6.2462,-10.4758,39.5770,25.4417,21.1907,91.0961,21.7654,76.2368,-43.7704,44.5802,-9.8504,25.0373,2.8597,61.2518,11.6193,57.9083,-15.2930,33.9080,7.7551
-6.9378,-2.8597,21.9091,9.1096,5.2776,85.3873,20.8975,85.9339,-13.3162,70.5076,-31.5087,15.1940,-8.6584,40.7461,21.2674,58.2562,-3.6056,15.3837,35.4658
-2.4095,-2.7195,4.2772,-11.9787,-15.4666,44.5646,27.8972,74.1583,0.3919,66.5426,-40.1714,-8.3011,-18.7594,14.5553,32.2459,54.6898,4.7805,-6.1951,45.0595
4.5382,6.3159,13.1861,-15.8289,-21.6855,16.8309,8.5117,33.8871,-32.4267,27.9072,13.4963,-8.7064,-4.1214,9.0493,16.6331,49.5751,4.2862,-13.6253,-10.0266
4.1243,25.4791,37.7520,7.2893,-7.6301,27.5069,-29.6611,3.7341,-72.6145,-5.7659,58.7171,22.7487,-0.0492,23.8839,-14.9365,40.3810,7.4222,5.8111,-50.9678
13.8274,25.0252,50.6983,39.4327,26.4680,48.7630,-27.1843,18.4271,-70.0155,7.0663,1.0570,27.4544,-23.0374,31.9495,-24.7493,22.7169,22.5457,43.5953,-14.2937
28.1320,17.5460,61.4426,57.0002,63.1332,56.0741,4.8131,50.3660,-61.4240,40.6699,-59.4482,-2.8455,-24.4669,12.7082,-24.9296,-8.9575,34.5734,68.3515,32.0338
24.6230,29.4857,76.7989,53.5204,63.6607,48.1360,1.5693,52.5274,-96.3554,44.7379,0.0017,-8.3892,-2.5408,-19.5228,-46.5827,-45.5339,31.5339,63.5426,35.0581
9.5446,30.1268,73.0727,46.2748,33.2125,44.0645,-27.0163,43.1249,-128.3928,34.4132,77.8003,6.3553,-7.7697,-32.2194,-70.1007,-66.9215,19.5063,58.5805,34.5019
1.4726,10.5009,56.7859,56.3647,26.0670,65.9412,-27.9346,56.4608,-113.0987,34.2573,53.0833,-1.5673,-24.5803,-19.8786,-69.3053,-70.1714,10.2251,79.9649,42.7564
3.4632,15.3741,58.5848,69.2085,44.9011,91.9780,-16.1390,59.9203,-91.5509,18.3737,4.2748,-8.0884,-16.6287,-7.4667,-55.9805,-61.2171,12.7573,92.4952,32.1326
7.2337,24.5819,57.0723,43.2055,32.9442,78.5476,-25.2636,30.2526,-72.4030,2.2172,17.1628,-3.1508,-11.1569,-12.8634,-31.1837,-32.4559,11.8255,49.6982,16.1883
-3.9376,-19.7740,14.8944,-19.8840,-17.2909,32.9611,-22.7545,15.8428,-14.2430,40.6250,47.2979,-35.6411,-12.9018,-31.0035,13.7851,8.2547,-25.2457,-21.1309,11.5796
-28.4120,-77.0363,-35.3065,-63.8158,-54.5292,-10.0071,13.0135,31.7471,41.5064,94.1423,64.1079,-85.7405,13.4825,-44.7267,43.9187,24.7944,-80.9035,-54.9419,-3.4945
-31.1546,-81.2327,-43.7710,-65.5668,-66.0271,-45.4224,31.3772,26.8447,36.5560,89.0805,79.7757,-89.5959,40.1087,-44.7677,32.9024,9.7038,-98.7783,-48.4502,-34.4337
-11.4677,-64.4039,-34.4793,-65.4369,-83.0770,-70.7897,17.6902,-3.4029,33.8781,64.1480,64.4479,-79.3476,29.9146,-46.3093,28.5460,1.3137,-90.8559,-50.1783,-55.0382
-19.1078,-70.9510,-51.3995,-82.6701,-103.0833,-70.8658,30.7324,-17.1246,83.1865,73.1333,17.7265,-100.2193,24.2167,-60.2927,66.5273,21.5877,-113.6612,-69.3707,-52.0785
-51.3870,-74.2948,-73.8429,-83.2489,-98.7838,-54.0863,60.0037,-22.8528,103.5599,66.7717,6.4662,-101.1992,38.5652,-60.2023,90.8990,44.7764,-138.6892,-69.6562,-45.6841
-56.6300,-50.4988,-64.5894,-53.4137,-79.3198,-34.3569,23.9453,-45.9059,60.7850,15.8905,35.8961,-60.9871,26.7456,-33.6357,54.7371,39.6847,-106.6844,-41.6800,-67.1946
-52.5588,-22.8465,-43.1798,-24.0627,-64.5332,-4.1162,-44.4593,-54.3365,42.9141,-10.3771,38.6179,-46.6128,2.7306,-21.1823,14.0445,20.0620,-67.5317,-13.5987,-98.5622
-85.1090,-16.3582,-45.0451,-11.5992,-43.1319,26.2566,-38.5610,-19.9197,76.6257,20.6476,2.9225,-72.1908,5.0778,-39.4578,30.0577,28.6753,-89.6379,1.4538,-73.6249
-116.5242,-28.3188,-56.8274,-0.5962,-14.2518,29.2201,4.7744,16.0084,93.9668,49.0217,-27.7234,-83.9185,-8.0956,-50.4025,65.3109,61.9823,-126.6994,15.8933,2.4197
-106.0293,-33.3604,-47.1776,19.4124,-1.2279,15.8968,-16.5069,11.2670,77.7928,38.5804,-37.6078,-75.9091,-56.3241,-48.3800,59.2786,62.6539,-124.1525,38.2174,40.9342
-95.2466,-17.3175,-23.7785,38.9405,5.7328,16.3262,-59.2277,-3.6664,69.0796,27.3558,-38.5924,-77.8896,-71.6561,-63.1573,32.3218,25.4963,-116.3604,58.2219,28.9742
-108.9748,-7.2788,-19.9653,34.9015,24.6522,21.6259,-40.8687,18.7608,89.8459,49.3924,-44.5988,-91.5422,-41.5651,-79.1675,43.2219,26.3452,-125.9836,48.8091,36.3255
-113.2654,-26.5237,-49.1445,-7.3547,17.5055,8.3863,-8.1211,62.4562,133.0157,81.8515,-54.2631,-108.3036,-33.3490,-66.6943,89.0177,89.4105,-119.1515,-3.2920,61.4392
-102.3349,-49.2879,-85.5686,-58.6761,-35.7189,-13.5898,-22.2717,85.5085,156.2788,92.1380,-33.7626,-115.1327,-55.0601,-43.0441,108.5814,138.3694,-89.8490,-58.7843,54.5645
-92.2542,-50.3009,-90.0916,-72.2080,-75.8938,-24.3762,-50.2497,89.3378,115.3797,91.5521,26.9694,-88.1054,-64.6897,-23.2950,74.1247,128.9345,-62.2345,-67.5695,33.7597
-72.3103,-45.1063,-68.8127,-56.6052,-75.7698,-33.0523,-56.2720,84.2873,51.5727,95.1599,70.8391,-37.5426,-64.1733,2.7442,28.4713,102.2753,-39.2996,-47.2851,30.1622
-48.3367,-48.2854,-68.3395,-56.4877,-82.3906,-54.5772,-45.1933,57.3050,40.9423,79.9690,65.4633,-6.9643,-62.0425,20.5478,16.8873,85.4806,-25.1330,-47.7609,25.3861
-41.4487,-47.1466,-88.1012,-69.6513,-102.4838,-67.2570,-22.0571,24.0608,61.5662,40.8284,50.5687,-1.5551,-42.7998,16.2302,25.8609,64.4957,-24.1002,-63.0182,13.7262
-30.3861,-31.3952,-79.3730,-65.4982,-100.8749,-41.7566,-1.2934,14.8897,47.2783,13.3897,39.0561,12.4388,-23.1941,20.8296,26.4407,51.3702,-10.2548,-61.0813,7.8500
1.6343,-14.2071,-48.5505,-51.3523,-92.9303,-4.8933,8.1397,3.7012,13.0868,1.8043,3.1740,38.5143,-28.6327,48.0607,27.9077,65.2114,18.3787,-49.0888,-5.0776
17.6509,-14.0556,-44.9587,-41.8691,-98.0273,-5.4755,26.7833,-33.7101,5.8098,-21.5360,-36.3162,45.6053,-34.3576,56.2444,36.6270,65.6342,15.0189,-35.4850,-21.0616
-0.0628,-22.7019,-56.4963,-19.0812,-83.6695,-23.2555,53.0736,-49.2562,13.8617,-46.5241,-45.0270,26.2698,-18.3493,25.4626,27.9598,11.1403,-24.3122,-0.5516,-5.2405
-18.6439,-12.8143,-43.8968,19.1346,-44.8680,-1.8562,60.1618,-21.0310,3.0687,-52.7188,-47.4026,14.1781,-7.5740,-1.7978,3.1835,-46.7333,-39.1174,47.0005,34.6881
-17.4217,14.2604,-21.2594,43.0589,-19.6333,47.1793,52.5394,-8.2234,-26.9311,-55.8291,-68.2505,33.3309,-21.2760,10.6795,-5.7480,-37.2544,-5.3700,68.7443,49.6387
-0.1020,29.3273,-2.3729,52.2095,-7.2513,73.6773,40.4208,-33.2359,-57.4880,-63.2978,-91.0266,53.4463,-42.5775,38.5278,-2.9303,3.3987,32.1440,71.9462,25.4183
25.0600,22.8340,30.1167,75.2118,16.2942,83.8699,17.8338,-49.9839,-84.7995,-67.8529,-104.6140,29.9110,-56.4589,41.1051,-12.9880,1.3554,32.6933,99.6404,-12.6425
39.3396,4.5218,61.9228,107.7118,43.3845,111.4407,8.5206,-47.4730,-116.4823,-83.7667,-107.5221,-20.5799,-56.6207,30.3494,-20.7788,-18.3376,2.4722,146.4136,-48.7944
39.1482,-13.3638,70.1586,122.3389,63.0978,142.3723,26.0309,-53.5070,-138.6680,-108.5937,-97.3279,-33.8563,-38.7247,46.0649,-11.3914,-3.1623,-22.4627,166.1762,-80.1904
44.4580,-9.8699,75.0726,120.7827,80.2708,145.6020,28.0059,-65.5090,-123.4733,-112.8075,-91.2507,8.8190,-15.4438,76.2001,-11.5904,6.9737,-17.4718,151.0676,-89.7472
47.3598,12.9975,81.5509,118.3369,92.0318,131.2144,12.8455,-68.6260,-87.6234,-105.0138,-90.9309,57.2026,2.0985,78.3767,-28.0333,-25.7936,-2.3949,131.7227,-64.0740
28.5976,23.0155,65.4415,111.1510,92.3619,123.6514,27.3719,-73.9127,-82.3830,-117.4969,-61.7137,74.6693,24.3980,61.4936,-36.0197,-54.6115,-0.3962,119.0719,-36.9191
16.7829,27.7448,47.2891,97.5074,81.2453,116.5732,39.2472,-96.2977,-111.8133,-146.5065,-6.4727,80.5957,48.3275,53.1147,-49.1864,-67.6625,15.3254,103.9987,-53.8065
33.1687,60.3296,54.4607,88.6106,57.8202,93.0316,-5.8474,-131.0743,-136.6850,-178.9251,30.9240,88.2239,50.4498,36.1770,-89.5267,-110.1275,63.1892,89.9013,-97.8098
40.3430,92.6705,53.8577,81.4079,29.1056,63.6378,-53.0937,-157.9237,-140.8226,-212.4711,43.9621,78.6361,36.0870,8.6285,-115.6516,-143.7104,96.6180,80.7296,-127.7205
26.0994,88.3389,31.6224,64.9548,9.6602,52.2956,-42.3492,-157.3791,-127.0669,-223.4704,39.9992,62.6155,33.3814,14.7447,-88.2002,-97.2064,84.7664,65.4161,-146.0037
30.0589,80.2972,28.9232,46.6920,6.7827,56.9466,-15.3228,-130.8240,-95.8151,-195.3773,5.9531,72.7812,40.1922,49.8463,-45.4273,-26.4252,72.8098,39.9150,-147.0909
50.2677,88.9915,41.7194,31.7741,16.1467,53.7994,-14.7855,-96.6870,-60.6332,-154.2473,-31.3694,83.8040,33.6513,54.2579,-28.9509,-11.6222,95.5180,11.2272,-105.3883
47.9975,87.8976,26.0764,7.6605,12.1244,32.9989,-26.0054,-69.4577,-35.5947,-124.3367,-35.2334,58.2719,11.3322,29.7619,-19.7538,-4.3466,123.3843,-19.2446,-62.9184
34.2155,85.3914,-5.0416,-20.3673,-25.6196,5.7315,-31.3228,-52.9581,-16.4464,-105.4778,-42.2188,39.0438,-12.3443,31.1240,-1.4499,42.1420,134.1008,-43.9849,-67.8937
39.4748,89.2217,-17.7024,-31.6646,-59.0674,-16.8413,-13.6897,-41.6877,-0.0540,-92.3102,-77.0924,58.6724,-22.2615,51.3356,11.3020,65.4282,133.4485,-50.7568,-62.5535
42.7359,53.7071,-31.0407,-39.8062,-54.5650,-36.2466,30.3757,-30.1464,16.5539,-69.0327,-82.7196,46.9096,-15.3044,36.5353,26.8409,44.6533,102.9177,-54.4781,-9.6353
14.1498,-19.0731,-65.6539,-71.4184,-61.1119,-59.8397,58.0074,-17.5091,47.9000,-23.4958,-41.6614,-39.2850,-12.5922,-14.4818,67.4175,53.5707,26.5259,-77.1166,18.0180
-25.8318,-67.5066,-94.1880,-106.5740,-98.6282,-83.0873,51.2754,11.7941,86.2508,31.5910,-6.3743,-127.6941,-24.3271,-58.3075,111.0836,97.4397,-55.7514,-100.8022,9.7028
-42.1964,-87.9984,-89.0737,-108.5067,-90.0675,-87.8462,49.7135,63.9329,95.4740,81.5926,21.7929,-160.6999,-19.0858,-80.4292,112.5606,91.5614,-94.2324,-96.8949,37.3910
-34.3583,-99.6191,-57.7386,-82.0177,-24.6968,-68.4596,60.3192,84.6716,65.5091,110.3983,61.6943,-160.0584,18.5981,-98.5861,71.4203,18.4595,-90.4035,-71.8674,69.9502
-20.9338,-74.9576,-24.7769,-54.0836,6.9291,-44.3926,61.6222,33.3864,29.4687,95.0284,63.7395,-141.2718,51.1640,-117.1272,32.9071,-51.4737,-71.7758,-46.4917,44.2950
-9.6743,-31.4357,-10.9713,-41.1074,-3.6060,-37.2518,68.7999,-22.8074,27.3381,61.5865,11.9855,-105.1964,56.9427,-120.0918,28.8154,-73.6063,-54.4158,-37.8165,24.1466
-4.7221,-27.1099,-17.0939,-52.3414,5.4872,-50.6885,79.3159,-19.7117,66.3968,70.4334,-15.6785,-78.4411,60.1032,-104.0924,47.2711,-52.8111,-45.8665,-62.5082,48.9827
-14.4240,-39.3787,-26.8748,-79.7933,15.7454,-69.8243,56.0192,-5.3650,107.2049,111.5051,10.7339,-72.3111,65.7954,-87.9671,60.9681,-5.8643,-42.7946,-107.2140,42.7815
-29.1174,-36.2844,-33.7385,-98.6849,-6.3348,-73.6565,17.4787,-15.4900,117.5008,135.5972,31.3088,-74.0443,49.4844,-83.3569,66.4684,36.1677,-39.6193,-131.7128,10.1460
-30.2009,-69.1892,-48.9104,-103.3965,-26.0292,-65.5412,7.7757,0.3827,123.3025,152.6237,27.3816,-91.6410,10.1493,-81.7333,75.7558,45.5471,-52.3353,-126.7757,39.1840
-32.4970,-136.8038,-76.8510,-102.8939,-30.9345,-70.3453,5.2399,49.6964,144.3218,173.4566,36.8598,-125.8697,-28.3801,-77.8274,79.8910,34.1626,-85.6430,-109.5216,98.0043
-53.9447,-145.3002,-93.9571,-88.0262,-36.8687,-76.9582,-15.4245,75.2184,141.6918,163.2992,50.7804,-140.9051,-47.5854,-74.9866,62.2672,28.1879,-95.5968,-80.5042,98.6940
-58.7755,-87.4242,-71.8114,-55.6940,-19.3019,-45.3643,-28.2179,69.6276,100.7576,125.0838,25.4437,-119.6389,-48.7357,-62.7457,40.6257,35.3709,-51.3868,-47.4482,67.8763
-19.5946,-56.5869,-27.5564,-31.8579,21.4847,9.7424,-26.8369,65.9303,68.5498,96.3694,-25.4014,-91.0963,-56.6415,-27.5585,47.6484,63.9332,-0.2957,-35.8500,62.5451
13.1055,-83.4361,-13.1317,-30.7971,33.9350,32.5753,-28.9660,70.3978,68.6371,79.9226,-43.2046,-84.7696,-79.0916,11.0804,74.6871,106.7613,-3.6876,-40.5796,67.0638
-1.3597,-116.5291,-37.7667,-37.3614,13.5958,19.5647,-23.8561,73.3345,82.3237,71.2631,-15.8707,-95.1268,-75.2601,16.8318,79.6702,105.8721,-44.9330,-37.8223,59.7091
-20.9487,-111.2357,-56.1295,-39.5249,-4.6025,4.5207,-6.1758,54.7990,95.1468,67.3411,7.3381,-90.2596,-26.9943,-9.6708,50.3922,31.7092,-61.7357,-32.7751,42.8309
-11.3697,-64.8351,-45.9010,-37.2208,-17.4367,-11.3063,3.7838,3.6516,88.5929,39.8407,-1.6001,-59.3492,12.7204,-33.4335,21.0621,-35.8379,-37.8321,-35.4575,14.9521
0.7326,-23.5889,-29.3645,-38.4821,-23.7709,-36.5989,5.8297,-32.5608,58.4222,4.2563,-7.3422,-43.2855,10.4084,-38.1277,27.0075,-13.1364,-17.5242,-44.8199,-8.8575
1.6802,-38.6773,-24.8742,-63.1525,-23.4250,-58.4832,13.5669,-9.2206,49.8058,19.9918,19.8562,-74.3129,0.8946,-36.9016,69.5210,66.1691,-39.9243,-76.0957,-10.8073
6.6233,-89.6677,-39.4716,-110.8035,-50.7559,-73.0677,23.9949,31.4687,85.2091,62.9600,48.3413,-121.4585,2.6984,-38.6377,118.5759,120.1186,-83.5243,-126.6940,-7.2068
8.8419,-120.2369,-74.9759,-142.8910,-103.4489,-87.0169,38.4989,42.0753,115.1877,67.7540,43.3027,-145.0952,-3.0403,-40.2208,137.8772,122.5223,-97.6775,-149.7313,-7.2202
-2.1105,-118.4710,-105.0596,-136.7003,-122.7218,-95.5908,61.0260,39.8608,101.9701,59.0748,29.7700,-138.8445,-7.4359,-43.3847,113.8693,85.9337,-73.3961,-128.0564,7.7170
-11.8549,-93.6149,-98.5663,-111.2517,-102.2253,-94.7158,70.3731,29.9739,61.8599,67.6470,41.7988,-110.1025,6.5893,-57.3750,64.2855,24.1335,-41.6472,-96.6729,26.7304
-14.8066,-50.3836,-69.7378,-81.1256,-88.5772,-79.6866,51.3053,-10.4999,18.4171,52.4701,49.6743,-94.2556,15.5109,-89.6541,19.5744,-41.3401,-20.5530,-64.7973,12.8238
-22.6519,-13.1522,-53.3137,-42.9052,-83.7110,-39.7638,23.9811,-65.6102,-9.1876,8.7265,4.6765,-126.3645,-1.7828,-128.9353,-3.1513,-86.7650,-4.0486,-14.7768,-30.5089
-31.1349,7.6689,-45.5009,0.5901,-55.2002,10.4387,8.3960,-106.2998,-17.6745,-28.6205,-67.0106,-156.4709,-22.9200,-142.1673,-12.4150,-104.0730,16.0348,39.0743,-64.3334
-23.5426,37.2990,-13.5631,47.2340,8.4473,41.3427,-2.5139,-137.7447,-42.7618,-75.8081,-88.6218,-115.2055,-19.2568,-117.0415,-31.4474,-109.8392,40.3632,75.9049,-72.8813
3.3144,70.1694,49.4756,96.2097,94.2834,60.2453,-23.9304,-165.5036,-98.0007,-135.6152,-45.5862,-40.5365,4.8551,-83.2911,-66.8616,-129.7557,59.1543,102.1795,-72.6437
36.0188,74.8422,111.6708,131.3383,164.0654,87.0577,-51.8815,-173.3055,-139.4750,-156.0156,-1.1217,-0.1247,23.2326,-60.5272,-95.4017,-153.4890,61.2895,120.8669,-74.5987
56.3863,70.8212,146.3431,144.6896,190.4421,106.9437,-63.8375,-145.6384,-146.9443,-137.6202,4.0073,14.8418,27.7494,-40.9551,-101.1841,-152.5923,54.9228,129.1429,-67.4040
61.4164,83.4417,162.1040,148.6970,200.0912,105.9144,-53.1980,-91.4860,-140.5508,-124.6634,-1.9820,21.3245,43.2129,-31.8561,-99.3006,-148.6110,49.5137,132.0332,-48.0797
65.4432,80.4274,166.0946,136.8306,203.3889,94.6569,-40.3594,-55.4343,-116.7668,-110.7065,14.0136,22.1377,78.2679,-31.4267,-97.0232,-161.2527,34.3610,115.1913,-41.3496
69.6530,58.1606,142.3331,95.2070,157.9949,70.3336,-36.7002,-67.8234,-75.0502,-89.6498,36.1243,56.1971,95.0522,-3.7117,-80.0301,-138.3638,16.7909,64.4424,-58.6954
59.2016,70.7526,102.2914,53.5375,82.5816,25.4175,-33.5712,-85.7214,-50.3100,-89.1893,33.8016,114.1794,76.3070,38.2497,-55.3966,-66.9591,23.7597,17.2805,-73.0890
37.1388,105.6068,82.5583,45.3949,58.9886,-16.6587,-28.2535,-61.5676,-48.0535,-92.3184,18.9078,114.2982,60.7334,33.5312,-48.3431,-30.7176,39.5788,12.5080,-63.8848
20.7218,90.8719,74.3318,49.2619,81.7867,-31.8029,-22.2901,-27.3122,-36.6631,-68.0793,26.7234,66.9230,67.2983,2.7782,-53.2325,-51.0025,26.9362,23.4302,-42.9256
14.2952,43.3746,51.5579,39.1960,77.7505,-27.5069,-15.9163,-27.4145,-18.2131,-51.7943,52.6288,63.9417,69.2859,9.9982,-50.9939,-62.5052,1.5742,16.9045,-26.9210
19.5597,32.3437,40.5591,31.9419,52.6417,-19.5604,-24.7187,-46.8399,-14.9761,-74.2809,68.1359,89.9042,62.3321,25.6422,-53.1733,-70.9506,-2.1182,8.7191,-27.0155
41.0088,37.1537,61.2637,33.7094,56.5584,-14.9223,-53.5438,-56.1480,-19.3801,-95.5772,83.6401,75.1336,68.6198,11.8026,-67.2620,-103.6579,5.0157,6.2297,-50.2039
62.9227,10.7353,72.4058,18.2555,67.1399,-18.1888,-72.1850,-50.2257,-22.6745,-81.8728,120.2535,53.5374,78.6597,19.8542,-68.4697,-94.1252,9.1274,-15.4046,-81.2175
64.7739,-13.6765,50.0494,-16.0563,36.5980,-30.1438,-69.2972,-40.2993,-35.0520,-56.3855,152.9422,65.1189,62.2298,55.5416,-51.0764,-25.4290,24.1576,-51.8822,-91.7896
58.2772,-11.7526,22.1254,-39.7411,-16.9233,-46.2487,-67.9708,-47.6140,-50.8292,-47.7807,148.2457,58.2649,20.8985,46.3772,-41.3281,0.2663,45.9416,-67.3579,-77.6617
66.3605,-21.4286,1.9947,-42.7303,-46.3500,-57.4993,-64.1926,-73.6047,-45.5167,-54.5636,103.6686,14.3564,-14.6107,3.3883,-42.0570,-43.5499,57.8843,-55.9051,-57.6855
80.6834,-43.1065,-15.8644,-38.4510,-45.9832,-53.1209,-38.5417,-86.8082,-11.2951,-60.8382,30.6294,-16.1108,-25.8291,-8.2809,-29.2059,-72.8164,61.1901,-42.5006,-41.2253
75.2691,-48.7369,-28.0991,-36.9022,-45.5926,-37.5208,-15.7235,-70.4641,28.6331,-60.9796,-25.0845,-27.8786,-28.4638,-5.6311,-1.6073,-61.2084,46.4837,-38.4285,-20.3099
50.5339,-65.7951,-45.1734,-43.5017,-69.7232,-30.6494,-29.4905,-40.5726,40.5540,-65.9613,4.5677,-43.9983,-46.7479,-11.2873,12.7246,-44.9988,7.4083,-38.7031,1.1982
33.8846,-102.1326,-71.4236,-58.1105,-113.2084,-39.7600,-62.5455,-15.6462,13.2244,-77.1084,99.2027,-43.1888,-68.3947,7.5227,-3.9572,-33.2963,-14.9355,-41.6097,-5.0816
32.2639,-100.0423,-76.3556,-66.5363,-135.9063,-53.8276,-74.7850,-4.6103,-25.9210,-70.1271,155.1066,-19.1058,-62.2253,33.0057,-32.4576,-23.8197,4.8259,-45.3260,-36.1375
18.8336,-64.1987,-55.0404,-58.3914,-101.9106,-60.8092,-55.4732,3.9585,-29.6605,-25.2800,136.7754,-8.8788,-36.4943,18.8858,-34.6329,-14.6189,15.1610,-45.0972,-29.8270
-12.6093,-58.9582,-44.6962,-45.7698,-46.9798,-55.2620,-28.9758,27.5327,16.6816,36.9505,96.0546,-13.8638,-23.3048,-4.8675,-7.1491,1.0995,-20.8643,-42.3817,29.6362
-29.8961,-69.1142,-49.6332,-43.4455,-42.3553,-46.9681,-23.9720,39.3695,63.8714,65.1463,69.4902,-4.6281,-24.4384,-3.7108,12.4654,8.5185,-59.1642,-42.5534,60.3907
-25.2304,-54.6093,-47.0836,-46.8436,-71.5490,-51.9924,-35.3643,13.1343,63.6931,42.1334,63.7194,7.3914,-27.5731,0.2921,15.0171,12.8451,-65.9904,-45.7122,29.2189
-26.2535,-48.4790,-43.7123,-43.6455,-62.3803,-61.0951,-41.7011,-3.8141,46.1293,20.1808,69.8431,2.3449,-38.3478,5.6783,24.0591,47.0520,-62.7362,-45.4473,9.9907
-31.2188,-55.3962,-40.6389,-28.2438,-27.8500,-55.8822,-50.2481,20.5615,48.2227,38.1393,59.0289,2.1495,-52.8928,22.1988,20.4199,67.3568,-52.1941,-30.5397,26.8147
-17.1153,-27.4921,-13.7973,3.1977,-9.4028,-45.1760,-66.7118,35.8364,27.3915,54.9850,37.0167,21.6669,-48.4567,21.3128,-31.0417,4.7093,-15.3419,7.7814,28.5486
4.4658,12.0479,31.7217,52.0024,39.3883,-31.6122,-68.0999,22.1685,-35.8398,34.8786,34.3492,41.8275,-28.1499,6.0833,-92.3871,-79.5824,26.3402,60.8990,26.5762
16.8305,20.1087,72.8152,102.1222,129.1735,5.1728,-58.0963,10.6695,-68.9345,5.5250,17.5250,54.6653,-21.3643,13.6947,-101.3718,-92.4226,34.5784,103.0231,50.2128
26.8722,34.9764,103.8029,123.5451,156.7553,46.4716,-66.1787,-17.3131,-48.9522,-21.1415,-39.0924,64.2916,-32.0374,23.6715,-68.2927,-62.0988,13.1633,112.9111,44.2075
23.2622,66.7455,105.8432,104.9110,98.6167,46.7078,-81.2347,-73.5456,-36.8451,-59.4371,-56.3803,61.6483,-36.9134,6.0949,-37.8099,-36.0231,-11.8556,90.1618,-10.9636
-2.7767,57.8709,69.1239,71.3214,54.5793,17.9114,-80.3942,-97.4851,-38.5424,-81.8495,3.5003,54.1793,-31.0326,-3.0368,-24.0656,-9.2707,-29.8467,56.0175,-35.9496
-9.5449,23.9335,41.9824,54.1842,47.6877,-0.7273,-78.9627,-71.2702,-28.8741,-68.6772,50.1868,66.1317,-30.3403,16.1762,-30.2381,-6.1910,-32.5557,39.0521,-10.9426
19.3552,27.9113,53.7174,53.7704,30.3228,-14.0720,-78.3407,-39.5838,-36.8924,-53.3070,39.3888,84.0586,-34.8351,27.7550,-50.4265,-35.0691,-12.7716,43.8895,6.8735
28.5025,51.5037,57.4982,48.9333,18.6650,-28.7462,-55.8219,-4.6693,-53.0238,-43.1888,22.1096,83.5148,-31.6667,22.9960,-53.8485,-36.5413,13.4764,43.2767,24.4540
5.1851,53.9668,31.3389,29.7554,22.2766,-27.4133,-26.9084,36.5908,-23.2943,-16.4005,9.0971,85.9228,-27.4292,26.4778,-28.3946,0.4764,24.9399,17.9285,70.8775
7.7173,41.4329,15.1641,0.0154,0.0218,-23.5704,-11.8328,54.8678,16.3827,15.6636,-13.0667,98.1174,-33.6965,41.2818,4.3964,36.9790,24.4599,-19.7200,99.2333
35.1007,16.2651,10.7341,-34.5114,-34.9160,-42.7674,11.2451,69.3218,15.5505,48.8576,-22.0622,78.1534,-37.1074,56.2349,32.3006,80.8123,24.8342,-51.3008,79.9228
30.4305,-10.9793,-16.4809,-61.8392,-50.9763,-66.7957,46.1070,104.8025,27.3240,96.4841,-30.7964,33.5038,-24.3761,58.0082,49.0774,113.2625,26.8559,-68.1102,62.4242
4.3367,-10.5353,-50.6240,-68.9086,-73.9702,-73.0098,67.6527,117.3385,67.6126,127.2245,-63.2551,19.0883,-8.2854,35.3996,39.8485,72.3176,26.0860,-63.4768,73.9406
1.0601,-6.4985,-55.8521,-60.0332,-90.8470,-68.6396,80.3495,102.7112,64.5800,123.2308,-73.9226,12.9044,1.1078,4.0529,18.4836,2.8545,20.0048,-43.0088,85.8444
2.2708,-29.0551,-41.8706,-49.9069,-55.2442,-57.2579,94.5846,115.2946,29.2632,129.9108,-46.6829,-37.4718,12.5163,-16.4510,18.5424,-0.6766,6.9811,-26.4954,79.6861
-17.8547,-29.1590,-35.3582,-43.2949,-16.7645,-41.4820,98.0758,130.5952,28.2041,145.1982,-46.4449,-81.1891,25.5862,-28.6921,33.5215,33.8981,-1.0979,-21.3712,58.5440
-32.2721,10.2706,-41.5626,-38.6214,-29.4177,-34.6149,98.8786,97.7314,36.8219,119.6384,-80.9090,-51.9012,29.3652,-19.3478,37.8804,51.4097,14.0714,-20.8747,31.5078
-23.8983,23.2038,-47.8757,-33.9660,-33.5252,-30.1350,108.5565,54.2985,18.2489,83.9757,-92.4018,2.5196,26.2368,20.4927,35.0760,72.9167,42.2931,-21.4998,13.2302
-16.1638,11.5602,-35.2750,-20.9794,4.4204,-21.5056,99.4201,26.2846,4.1569,85.1377,-82.9655,15.6504,25.2874,35.9519,27.3539,80.2629,51.3817,-15.6547,2.6089
-18.3592,35.8704,-1.2751,3.4353,30.0716,-34.3201,62.9419,-15.3190,5.8670,83.7424,-82.4958,2.2066,29.0945,-11.7617,5.1235,26.7331,30.5742,4.3268,-11.8376
-12.6238,69.2704,34.1368,26.5323,40.3611,-66.6262,31.8343,-47.1057,1.1225,54.4229,-74.8658,-7.2495,33.9138,-61.8419,-16.8379,-35.4944,2.8926,25.0513,-19.0988
7.9443,67.1316,61.2226,42.6067,71.5891,-69.3382,5.9758,-37.0771,-10.1323,27.2426,-55.6620,-7.0936,24.9363,-56.8972,-23.6870,-42.1186,-0.4711,34.3390,-9.5340
26.5362,66.9087,80.4334,62.6387,98.9125,-36.7887,-29.8427,-27.5076,-25.3735,-2.9839,-56.1727,10.3189,-4.8613,-25.1189,-30.2866,-25.1224,24.5018,48.0141,-1.6188
26.8249,87.9997,81.7160,88.2225,103.5444,-14.3748,-46.3694,-38.8634,-37.0965,-45.9344,-83.4963,38.8266,-27.9093,-1.9628,-43.1158,-25.1247,48.6767,75.9390,-2.2094
22.4603,102.3981,79.1049,107.2017,116.5392,-10.1466,-31.1872,-32.7967,-35.0040,-64.5191,-108.7307,58.6280,-18.1269,10.7328,-53.7527,-40.0234,56.9271,98.3861,4.7642
39.9390,120.4107,108.1994,113.6292,135.4935,-4.7082,-22.6032,-8.1010,-57.8422,-52.7364,-97.8953,73.1474,3.9582,9.6703,-69.4134,-61.7308,72.6476,100.1753,16.8566
66.9384,143.7553,146.2561,105.8476,133.9125,-8.9790,-27.0327,6.6022,-116.4028,-42.9087,-53.0121,87.4989,9.5954,4.3504,-82.6090,-60.7617,97.8328,85.2024,20.0088
68.9615,130.6225,134.5108,83.2515,119.3987,-27.7774,-14.1226,12.5929,-124.5783,-37.3492,-28.1758,90.2118,7.0304,17.8875,-64.8642,-19.6084,97.2202,59.4136,20.5270
53.1123,99.2766,86.4616,58.9921,94.8217,-31.5150,4.0960,20.3383,-63.5855,-37.9834,-45.7739,95.2333,10.2042,42.1824,-37.9156,4.1630,81.8819,35.0834,29.6400
46.1254,97.4723,56.1885,47.2292,52.5932,-9.8622,-0.9790,37.6734,-29.7907,-53.2511,-51.1271,123.9321,11.8813,59.9781,-47.0598,-24.2584,91.8273,26.9255,44.9016
37.7875,84.9966,36.7844,39.8207,18.0255,11.3401,-9.4409,64.5563,-28.5208,-47.2741,-27.0752,150.5560,6.4954,84.5073,-61.6740,-33.8417,94.3805,26.7999,56.7391
13.9149,29.4923,1.0979,22.1327,6.0779,13.1908,1.9689,70.9808,11.8339,-1.9894,-26.5060,146.7723,-2.1275,117.6637,-31.1058,24.1670,51.7781,13.7497,51.8809
-9.6237,0.4064,-31.4077,-4.1566,-12.7870,-3.0890,14.6062,49.1619,55.0566,36.3322,-48.6154,129.9801,-11.7899,128.7023,12.3034,95.5671,20.7403,-13.3923,28.0895
-27.2776,25.6182,-48.5209,-26.6122,-49.9913,-27.2539,15.9752,40.6505,51.5726,46.7167,-51.7728,115.2820,-20.2240,108.3892,22.9106,124.5037,35.1478,-34.2320,10.3258
-48.4162,33.8936,-69.2104,-30.6048,-77.2036,-39.7842,25.6433,54.5924,56.4825,51.8062,-59.9908,92.5262,-25.0728,81.0731,20.1361,106.9611,29.3948,-26.1175,22.5482
-63.7627,7.3426,-85.0447,-11.5092,-76.5700,-27.1665,50.5512,65.4299,83.3789,58.7297,-97.1932,60.4721,-24.6752,56.1154,20.6146,55.9850,-13.4462,11.7137,53.3189
-68.7898,-1.3076,-75.5318,9.2991,-55.3491,-3.5142,65.3727,77.3174,78.6256,78.1309,-118.0844,19.1698,-16.1628,19.0507,9.0015,3.2793,-27.6195,45.2041,70.5410
-75.0441,8.9606,-57.1154,9.7412,-31.3863,5.7257,50.8707,80.5340,61.1458,111.8076,-104.4291,-35.3218,-6.2385,-28.9680,-2.7685,-16.1837,-12.9293,45.3872,53.9572
-68.7059,9.1686,-42.8730,4.8105,-20.1394,-2.7707,18.3974,43.4170,61.0096,107.2827,-91.6465,-75.3526,-9.4658,-59.3801,-0.6234,-17.4148,-13.9948,33.7115,13.5350
-33.4372,10.1558,-17.1900,17.1922,-11.4519,-11.0400,-7.4726,-0.1720,42.7518,51.2315,-86.4436,-70.5559,-20.7418,-55.5174,-6.2536,-32.8705,-13.9824,40.3237,-13.1624
-2.8579,14.4729,10.1123,31.2534,12.2846,-11.6953,-7.9123,-2.6559,20.1841,18.3910,-79.1484,-42.7104,-18.8013,-34.5763,-11.6744,-37.7923,-7.0397,46.8396,-4.8275
-6.6737,4.9526,9.4474,22.4893,33.5449,-20.1401,16.8926,4.1041,42.2190,28.5387,-76.1486,-18.0316,-0.2251,-10.3915,16.3427,5.5244,-28.3823,25.2577,9.7345
-12.8494,1.5082,-2.1620,0.7629,30.6974,-46.7051,42.8594,-2.7310,66.0082,27.1649,-63.6484,14.7898,24.7599,19.5696,46.9140,60.1357,-49.8392,-9.7312,0.0103
6.3390,21.1235,8.9303,-14.7570,18.7293,-77.5666,52.2056,7.5301,46.8211,22.7272,-34.9769,42.3717,50.2111,33.7464,37.4372,64.0524,-30.6805,-32.3624,-15.9170
22.4277,25.9024,18.7360,-28.4872,4.1979,-96.1414,57.7693,18.9862,36.9311,44.5090,-24.1730,25.2004,63.9857,10.1025,26.5977,34.3570,-21.2934,-44.1008,-18.3740
10.2202,-2.3981,-12.6338,-49.0795,-35.4677,-101.8922,69.2046,-4.1720,56.9105,44.7139,-25.4500,-10.9346,59.1917,-12.6588,44.5582,28.1419,-50.2154,-54.5452,-30.4573
-11.2932,-23.8520,-60.1039,-67.9699,-85.6816,-101.4780,67.8622,-29.6933,48.5446,4.0390,16.6398,-6.6957,52.5990,3.6172,44.0564,40.6190,-54.5703,-63.7766,-60.4654
-16.5073,-25.4078,-69.0166,-75.6808,-95.5634,-101.6292,49.2870,-25.3871,9.7168,-4.3151,81.2233,11.2839,48.5292,16.1687,18.6937,41.7703,-27.1067,-71.7420,-65.6073
-3.6855,-35.4785,-43.6041,-77.0042,-72.8957,-107.2909,40.3234,-5.6046,2.4984,50.2536,75.9342,-19.2665,24.3657,-11.9713,26.8057,47.0598,-28.7317,-76.2104,-26.9764
11.4090,-48.8472,-35.0811,-76.2007,-72.7716,-111.8928,49.5013,28.7656,40.9902,102.1659,-7.9842,-64.2602,-10.5750,-30.8975,56.9227,59.3870,-43.0428,-67.9187,11.7101
11.9383,-38.9601,-53.2443,-65.2746,-86.9873,-102.3233,57.4092,70.5203,78.9953,99.1596,-72.4038,-52.6213,-11.3508,-4.4735,46.9959,42.4539,-23.0056,-46.0675,18.6868
-0.6267,-13.0759,-55.6232,-40.6291,-66.7398,-78.5052,52.7591,75.9399,68.1167,49.6759,-49.9076,-7.7062,21.5696,20.5351,9.2515,4.6141,0.1337,-23.0452,7.2931
-4.6062,9.4866,-27.0460,-14.4834,-31.4740,-51.4462,37.2084,39.5099,3.2109,-23.1102,19.0306,4.2889,41.9869,11.9469,-12.0012,-13.8246,-0.3956,-4.0821,-19.0114
12.4785,19.5505,-2.8289,3.1377,-25.1885,-30.0025,22.9305,4.6265,-59.5930,-95.0926,54.0332,-13.9970,42.1509,2.7176,-23.5563,-27.2564,4.0613,16.7846,-63.3548
34.5793,8.1811,-1.9220,14.7474,-21.9332,-21.1716,27.8608,-10.9961,-65.1351,-131.5121,37.1177,-25.1202,50.4681,10.8409,-35.3068,-59.4653,12.2347,35.5399,-90.8302
39.6877,-8.0494,-2.9319,21.1973,4.2574,-26.0616,44.3479,-15.3926,-38.5117,-118.8268,12.9424,-29.5675,64.2564,7.9399,-33.6402,-81.2947,2.9812,40.3745,-77.3137
27.9267,6.5932,3.3807,20.9510,14.5669,-34.9958,49.7436,-16.7693,-34.9923,-96.0373,1.8084,-40.1872,59.8142,-20.0990,-24.3973,-77.2420,-1.5647,36.4098,-53.8144
12.5059,37.5291,1.0068,18.2518,-1.6941,-42.3720,52.5398,-27.0007,-40.8888,-95.9259,-18.2750,-46.0936,40.3852,-50.2675,-13.3695,-68.0087,4.6606,33.7147,-33.0347
-3.9985,34.9205,-12.6763,9.6931,-6.3923,-52.2600,65.0416,-30.5456,-10.7304,-79.3094,-37.5640,-37.7805,24.2989,-62.3218,12.5907,-51.0387,-15.9380,20.0583,15.0732
-19.8564,-0.1228,-24.3573,-12.5528,-7.1775,-60.2772,65.1106,5.5459,32.5958,-20.6525,-10.9719,-26.9526,17.8061,-58.9574,36.2565,-27.1862,-56.4771,-10.6988,74.6151
-17.5906,-27.3354,-24.9256,-30.1595,-24.4750,-55.6508,49.3750,58.8840,25.1038,8.9083,55.1661,-23.0988,21.9863,-45.0544,25.2499,-28.5312,-68.3060,-26.7655,90.4686
5.8046,-27.9767,-11.9612,-16.5344,-23.6025,-43.3735,47.2945,75.6497,-31.2334,-35.0407,95.7654,-11.2026,32.8474,-17.8360,-5.7360,-48.4066,-45.3973,-5.2792,65.5430
19.4022,-3.5828,4.8551,12.7178,3.2789,-35.4759,51.8783,53.0581,-73.1069,-81.8913,83.8216,21.5675,37.0094,14.0376,-24.4866,-42.4691,-14.4962,23.7648,36.9138
10.8685,27.1139,13.2598,23.3258,12.6971,-27.7578,36.9221,22.5768,-83.0472,-84.2550,66.1582,48.4030,33.6813,31.2566,-29.8619,-12.2920,8.8585,28.2183,1.3974
13.7036,33.6836,26.6544,20.3728,12.8491,-12.0302,16.1615,4.6451,-99.8602,-81.3531,82.4563,45.4157,36.1832,35.9242,-32.2110,6.6898,17.7076,20.9561,-40.3501
42.9234,23.0580,60.2509,24.1673,36.2438,2.7918,3.8504,12.7877,-120.4166,-76.3502,106.2096,50.5217,42.3233,48.9432,-36.1149,7.3194,18.3177,17.0636,-45.9124
62.5440,26.4564,83.9541,24.0340,48.7456,2.5095,-10.2518,39.9471,-101.5862,-37.6443,102.0803,93.8725,39.8000,67.0681,-43.7522,-1.3776,24.5691,4.8716,-4.9241
50.0576,33.5413,65.8356,11.1800,23.3733,-12.0377,-20.8033,52.0310,-61.7128,-2.8700,88.5612,117.1976,31.1326,61.0607,-51.7622,-21.4852,30.6697,-9.7617,29.2753
31.9682,27.8701,36.8886,8.6176,0.4456,-27.1190,-25.4349,29.8906,-64.2490,-18.7276,90.8673,71.3537,19.9217,21.5269,-63.9445,-56.3590,33.2816,2.0552,16.3393
32.0647,34.1504,38.0568,24.3509,3.0415,-31.8995,-42.8165,-13.7341,-102.3329,-52.6100,88.5836,9.2581,1.6021,-28.4169,-83.7531,-95.6828,49.4502,31.0627,-18.4448
37.3494,48.9092,51.4128,28.6074,16.5188,-30.1929,-57.5378,-49.3750,-108.6059,-57.0179,69.2965,-20.9554,-11.2221,-65.9716,-82.4333,-109.3062,64.4653,31.2963,-26.0822
30.6547,32.2674,46.1625,8.1530,36.0260,-35.4201,-41.8587,-48.5088,-74.3873,-32.2021,67.5324,-45.3298,-0.8971,-83.6805,-47.1614,-82.4858,46.1854,-1.6401,-6.1535
20.9225,4.5086,33.8884,-7.6389,48.6584,-48.3249,-28.3728,-25.1957,-58.1932,-8.4011,95.3414,-60.8515,15.9081,-76.9549,-31.7267,-55.4327,26.5289,-20.7274,-3.7594
24.3450,13.9865,37.6642,4.5916,46.4328,-51.9471,-43.2962,-27.7334,-81.0872,-15.2183,109.7913,-27.0195,14.8551,-49.2090,-60.7280,-60.8892,45.8238,-5.3678,-23.8615
33.3287,34.6546,53.2931,27.0236,60.0819,-40.3445,-43.1565,-53.1057,-100.5529,-36.3496,90.6398,24.7899,6.5240,-24.1880,-71.6958,-61.5825,60.9552,12.8328,-16.3731
28.1879,22.9584,59.1820,27.3573,87.3890,-28.1705,-11.9646,-48.0001,-84.9146,-14.4527,70.1315,34.2488,7.5528,-18.9162,-36.4882,-26.1593,35.1469,4.5000,25.3682
10.9933,3.1223,42.2714,-0.7126,72.6949,-22.1520,5.5926,-2.6486,-48.3050,53.3686,66.1092,22.7924,13.0701,-16.4809,-9.5383,10.2186,18.5955,-24.8220,50.2606
-1.8105,6.2605,14.2898,-31.3226,24.1750,-18.2208,4.6221,48.1131,-16.3900,103.6240,64.8003,33.7329,22.8116,-1.7752,-16.6847,13.9563,41.0071,-51.0750,50.8199
-9.6254,13.8376,-1.9505,-38.7831,10.0494,-25.2819,20.5327,82.5231,-1.9130,111.0654,66.0916,46.5595,43.6761,4.8959,-28.0390,-4.4294,51.6286,-55.0540,62.8880
-20.0131,7.4931,-7.7933,-28.4602,24.9504,-45.9938,47.7698,79.3541,-3.5493,96.0140,72.2885,33.5782,61.5920,-13.7507,-28.7764,-28.9385,24.6227,-39.1641,75.9015
-26.6737,3.3900,-18.0116,-18.3252,12.1847,-49.2589,56.2296,20.2122,-10.8313,52.7354,57.9767,7.6013,56.6621,-43.4269,-24.4267,-55.9844,0.0250,-19.3315,52.3359
-17.6682,18.1298,-19.3595,-2.9270,-17.6928,-12.7081,40.3134,-58.8227,-27.4431,-23.5153,17.3467,-14.5348,34.8761,-65.6517,-24.2903,-87.6430,6.1595,5.6161,2.2943
11.2124,31.7134,7.1305,28.9207,-11.1870,35.3921,8.9065,-96.6614,-66.4659,-92.3072,-4.2992,-23.1765,12.9343,-64.8911,-44.1255,-122.1065,31.8068,43.1062,-32.4813
52.4090,6.9654,40.7816,56.8337,33.8274,60.3531,-20.5442,-87.8466,-105.5639,-115.0784,16.7315,-13.4149,-5.7006,-31.7486,-69.5628,-136.5822,53.0870,69.3517,-29.5550
80.1220,-42.2493,47.8133,53.6963,63.0040,66.1689,-27.1676,-72.3281,-108.4281,-100.1136,41.2926,-3.2321,-22.6349,2.0730,-64.1141,-117.9986,53.9389,59.1219,0.1683
70.6286,-55.6987,25.4656,28.7737,37.7589,69.8824,-14.5329,-65.6327,-84.6244,-84.7090,37.4955,-5.0074,-32.5365,0.9428,-36.6524,-91.9527,45.6604,31.5363,25.3033
38.0840,-28.4299,-8.8018,5.1259,-11.3023,73.6020,1.5078,-46.6709,-52.4316,-89.0325,17.0341,4.8969,-29.4733,0.5658,-12.4860,-60.4736,46.3254,8.6452,31.9611
15.4594,-15.3407,-40.2790,-19.0318,-33.3520,69.0031,18.0435,-5.5114,4.9423,-88.7480,-9.5868,34.3074,-20.1021,41.8019,25.0626,11.1206,44.4061,-24.5935,38.0955
7.2260,-23.6582,-59.5320,-50.8168,-37.3822,46.1824,31.2341,40.1996,75.4720,-54.8211,-37.3777,50.0248,-17.2080,81.6961,76.6334,100.8027,29.4144,-71.7583,53.3586
-2.6061,-18.2740,-66.1612,-72.8752,-52.2746,12.6217,37.6697,82.7621,106.0106,-7.9121,-43.6655,48.6726,-16.0382,83.9069,96.0680,140.2774,18.5668,-97.5274,69.0140
-15.9212,-10.0577,-65.3157,-64.8577,-55.5160,-1.8732,45.2809,122.7801,95.6552,14.7116,-21.2351,66.3755,-0.7393,88.0579,72.5105,120.8047,9.9131,-81.7969,84.8205
-25.6784,-26.1257,-58.3000,-38.5585,-28.4744,11.9651,52.3675,129.9000,90.0806,13.4261,5.1624,93.7691,23.9886,104.0227,48.5712,84.3279,-21.3238,-50.8561,94.0772
-34.5484,-47.9930,-52.6342,-25.2833,-4.6130,26.4266,50.0079,87.0609,97.4816,3.2188,20.0694,84.8237,38.1793,88.9482,49.8447,59.7455,-62.1370,-39.2388,81.7509
-49.3789,-56.4241,-60.0378,-30.4473,-1.3423,26.5422,45.2931,46.9009,106.1260,-7.0219,22.8677,46.4790,35.2139,56.8067,68.2215,66.4402,-83.8603,-45.9679,62.3737
-70.7334,-64.3959,-72.5316,-28.9434,1.4722,26.0366,38.9693,48.7752,116.7541,1.1082,11.3708,14.8044,19.2726,50.4655,84.1448,100.2607,-98.6461,-39.4926,50.4859
-89.6446,-75.6979,-72.6526,-13.0360,6.8815,31.8526,17.3717,48.7892,111.4465,28.0343,1.3058,-20.4435,-1.1095,44.5333,78.6867,116.3088,-115.4924,-10.5538,20.3787
-91.7956,-75.9253,-61.3657,-4.0614,5.2086,41.4699,-6.0400,11.3913,78.1892,37.5932,7.9647,-71.4431,-8.3813,7.8240,59.5699,93.0181,-110.8553,9.4673,-33.0594
-78.8423,-59.7962,-51.3332,-4.4641,-3.4862,49.7033,-10.1434,-35.1383,47.8778,7.9684,8.4560,-99.6391,-3.0280,-26.6508,49.6408,60.0615,-90.1210,10.9926,-69.8465
-76.1311,-34.7472,-50.6317,6.1862,-18.7262,39.8600,-15.1045,-65.2648,39.3199,-39.6267,-6.4336,-84.5416,-11.3682,-31.4272,43.9245,44.6525,-86.4480,23.3437,-79.0411
-91.6954,-12.0094,-55.7981,23.1656,-22.3278,17.3835,-38.2865,-74.0862,29.6395,-72.8309,1.1672,-57.0046,-32.2416,-19.6893,29.6046,54.1268,-84.6434,41.8763,-79.8004
-89.2104,4.4534,-46.4353,28.2795,8.4170,23.2158,-59.6197,-60.9198,4.3670,-79.8993,32.1550,-28.0680,-37.5873,2.7374,11.9375,73.6610,-38.6734,34.8301,-70.2313
-46.8815,20.1367,-15.0622,29.8715,38.3593,58.3510,-71.4745,-52.2895,-26.1839,-75.7495,34.8628,10.6913,-34.0781,30.3352,-11.0056,62.3916,35.5598,20.7067,-58.6271
-9.3422,31.7778,3.5465,32.2245,17.2493,68.3511,-80.8018,-65.9407,-42.9294,-73.7489,9.1424,28.0524,-40.7566,34.3780,-35.3437,19.7602,71.0478,26.3324,-69.1391
-14.9915,29.3083,-8.1862,16.1119,-18.6542,39.0696,-76.4194,-70.3527,-28.5665,-53.8901,3.6205,-1.6394,-39.5214,3.5658,-31.9270,3.1485,51.6357,18.9401,-80.4260
-25.4874,19.0989,-6.9982,-10.0465,-6.4779,9.1671,-67.9681,-52.7908,-0.6058,-0.7195,18.8330,-39.2283,-28.4591,-33.2514,-5.2421,23.5171,28.2716,-17.2272,-58.4101
-7.2462,16.2217,23.3548,-13.8560,24.8180,-7.8149,-89.7530,-37.9208,4.8112,48.2258,23.6196,-42.1359,-44.8788,-45.3421,-1.3234,33.7810,33.1189,-34.8576,-23.6589
3.0261,25.2489,35.1876,-1.7070,16.4758,-19.0946,-121.6532,-15.5735,-3.5121,55.9823,16.3893,-27.7715,-80.2379,-35.9241,-19.2655,29.4678,44.7806,-18.4226,-4.2928
-7.9287,39.0300,22.9187,2.3636,-4.9974,-17.9473,-107.5925,25.9364,-8.5407,42.4667,2.8315,-36.1583,-83.6703,-34.8336,-20.1098,29.9386,46.6556,-1.9610,7.5020
8.2888,37.5136,35.4028,9.5937,18.1535,-8.9956,-56.1404,43.9615,-39.0408,34.4435,-13.5556,-69.1682,-59.6457,-52.0457,-12.6537,14.0694,52.1359,12.0063,18.2482
53.0734,16.8673,68.5449,28.1199,63.5294,-1.2196,-19.2210,19.4058,-99.1439,24.1371,-11.3110,-79.4293,-46.8736,-56.4608,-23.7759,-19.6297,67.4515,32.4607,24.4999
75.8027,18.1506,78.7914,30.8447,64.1500,13.0463,-10.3194,-15.1373,-139.0154,2.6800,6.8865,-32.7338,-44.4892,-32.3228,-37.6035,-29.0333,93.4064,29.9665,23.6914
76.9455,56.0983,66.8735,6.4011,19.8111,18.2487,-12.6228,-45.6044,-136.1048,-16.8978,-0.2178,19.6178,-42.9123,-13.3926,-31.8984,-6.2542,131.9362,-6.2190,6.6871
77.9529,71.3018,47.9099,-21.5846,-14.6448,-6.9636,-7.4317,-56.1531,-105.7579,-13.7101,-33.1665,9.4643,-46.2358,-19.8613,-10.2119,19.8469,148.2090,-38.0154,-11.6714
58.9005,38.7969,20.9553,-35.0863,-24.3639,-21.7396,17.1686,-13.5023,-65.5654,15.4079,-40.5853,-27.0870,-38.4628,-25.8870,12.7537,32.6668,108.1464,-42.0700,5.5555
26.2167,13.2485,7.4864,-32.8095,-29.6224,10.4872,36.5000,45.8893,-49.2570,42.7491,-9.1477,-23.8925,-16.9704,-18.3002,16.6087,25.5060,56.4547,-30.3551,40.8837
15.9691,9.5039,17.0172,-20.7483,-25.0824,39.3515,11.8531,48.6350,-66.6781,43.2666,26.2397,-13.5653,-20.4453,-15.9811,-0.6105,11.9935,46.2842,-16.8524,41.2635
6.9291,-10.9785,11.4169,-13.2266,-6.2750,26.0128,-35.9720,15.7239,-67.2755,29.2134,49.0210,-44.6962,-53.8506,-24.3517,-4.4232,28.5534,41.0969,-10.3515,16.5833
-23.7471,-37.4609,-13.6719,-12.6546,1.6969,15.0065,-54.4461,16.8834,-35.6737,19.6603,57.3594,-79.7336,-73.1221,-26.4648,17.3371,66.6491,3.2932,-7.0648,9.3783
-29.9222,-39.4338,-11.9387,2.2993,0.1717,34.9798,-49.7029,46.6063,-21.2819,11.1608,37.9025,-76.6605,-69.8062,-11.3737,21.5089,65.9605,-21.8328,15.2913,13.9201
-0.8811,-30.9340,19.0344,39.9002,21.5269,60.0360,-60.0392,51.4360,-35.3408,-2.4785,7.1322,-48.3193,-65.3381,11.5926,-14.8141,12.8727,-7.8900,59.2204,7.8451
8.0627,-16.3524,45.0686,77.1167,58.7868,77.0850,-81.2612,11.5456,-57.5571,-28.1800,12.4133,-10.2822,-54.3781,20.3621,-55.7774,-38.8803,3.9895,93.2795,-7.4775
-4.6563,17.4271,63.4092,96.0214,78.6055,85.9493,-90.8353,-41.4484,-89.7980,-68.9480,42.4963,23.8788,-40.2906,9.5377,-70.3080,-53.4805,2.6901,102.3020,-21.2455
-6.8352,50.4879,72.2902,103.0392,80.7778,84.6088,-87.2454,-54.5644,-103.2145,-93.0417,27.1248,34.5236,-44.4296,0.8176,-66.0744,-46.0076,15.3893,105.1579,-17.1882
-18.3103,69.2002,57.7393,103.9196,79.3374,89.9701,-72.0970,-24.4867,-68.3184,-76.7167,-30.7671,33.0018,-43.9658,3.3377,-58.8298,-40.2375,34.9067,108.3841,0.2796
-36.4564,80.4761,42.0663,88.3856,72.5708,95.9784,-49.1408,-5.8505,-39.2644,-55.8581,-39.0073,34.9353,-7.6001,2.4972,-52.3867,-37.9436,38.6521,89.9101,-7.9462
-15.5415,61.0691,41.4127,50.2331,51.8743,63.9634,-39.4495,-13.9823,-48.0228,-55.4511,23.7753,29.6953,26.3829,3.9756,-45.6167,-30.9998,31.7302,43.1770,-41.7627
19.2024,11.0205,20.1110,7.6627,6.4058,13.6974,-53.8622,-16.8499,-30.1548,-51.7949,65.0161,31.7422,12.6433,28.4902,-38.8868,-19.8832,27.2822,-1.7919,-52.9137
14.2271,-8.0018,-25.8731,-13.9815,-49.9412,2.8733,-65.3597,-23.1018,25.1426,-49.5581,30.4804,61.7479,-19.2472,62.0068,-28.2620,-3.6760,30.7313,-19.5214,-44.4721
2.2274,13.1233,-43.6091,-9.4997,-61.1758,17.5830,-44.8628,-51.8654,49.0148,-70.4597,-34.4999,78.8505,-24.2263,72.0509,-9.0647,15.3899,40.3469,-14.8167,-50.6158
15.7892,14.7967,-23.2030,14.0484,-7.4577,23.2726,-12.5477,-68.7973,43.2236,-82.7719,-82.4225,49.8399,-10.6930,56.9186,3.6236,9.0723,39.5263,7.7540,-51.1642
11.2887,-6.3613,-10.6226,45.4332,39.4739,39.6915,-15.5529,-57.2287,50.9888,-66.3710,-100.0260,10.9784,-8.5153,34.3048,-10.5609,-34.1671,18.3104,48.0733,-37.1735
-23.4577,-14.5605,-26.9042,57.6808,16.2795,62.9328,-50.0448,-55.9326,57.4826,-59.4853,-85.9278,-18.9516,-24.0341,8.8213,-31.6560,-68.4936,-6.7214,77.2124,-50.4378
-40.1789,-15.2780,-49.8748,40.2285,-36.7630,61.3227,-56.0424,-73.9537,51.8891,-66.0049,-80.0993,-54.6131,-38.6591,-17.9782,-24.0300,-65.6636,-17.2314,72.2045,-78.7414
-26.4510,-4.6308,-46.5436,32.9894,-41.9438,64.0374,-16.7426,-75.8937,47.1814,-57.2454,-127.0704,-65.0676,-35.1423,-26.1849,-2.9592,-54.1027,-2.9544,66.1152,-70.5443
-4.2434,32.9495,-8.3974,57.7009,7.8368,92.0189,15.1593,-55.5883,25.8189,-57.1782,-177.9394,-27.5971,-18.8578,-0.0055,0.3461,-37.1903,33.5638,80.5407,-49.4930
18.0668,56.6458,25.8302,64.9433,48.8825,89.4912,21.8695,-43.4506,-1.9715,-82.6077,-158.1578,5.3756,4.8444,30.9301,3.8459,-2.6649,52.4176,70.5743,-58.8799
30.9201,39.2856,22.7172,25.3616,37.7487,44.5577,38.2557,-53.4526,14.5582,-88.0529,-101.3828,3.8774,43.1497,24.1387,26.4184,8.7625,24.7687,15.5783,-71.1851
33.8243,24.6652,9.2589,-15.8730,2.7736,13.0132,57.9874,-61.9687,53.2066,-58.2330,-76.1473,10.3554,72.9927,2.7119,42.4194,-11.4394,-3.3233,-34.6370,-56.5259
47.3966,25.6425,10.8530,-29.9567,-18.6564,-8.0112,51.1183,-48.1818,49.8542,-27.1336,-67.2342,45.6213,57.1166,19.3489,34.8709,-4.3018,13.0819,-52.1605,-31.4460
66.3829,10.0446,8.1814,-38.2916,-32.3353,-44.0916,41.1638,-35.0499,22.3899,-3.1318,-43.6842,75.8694,25.7378,51.9576,20.6034,19.7156,36.0962,-58.4431,-15.1229
65.0605,-9.7777,-2.1900,-47.0876,-41.6541,-59.0282,52.6572,-39.0697,19.0645,8.5543,-22.4088,66.5610,35.2121,45.0986,16.2380,5.6659,23.4198,-62.1934,-17.9626
50.6047,-20.7263,-11.6478,-53.2970,-40.0718,-48.7010,59.8205,-23.3806,39.4454,-10.7635,-9.0920,13.5881,58.5038,13.3675,30.3989,-10.9376,-6.4751,-64.9705,-27.3748
39.2698,-55.6586,-41.7239,-74.4205,-54.0025,-61.1146,55.1848,20.5513,82.4327,-21.2922,1.2515,-43.6703,41.9239,-5.3301,61.0447,3.2324,-36.5670,-82.3193,2.6617
24.4407,-103.4906,-84.2343,-104.6929,-90.0114,-78.0943,60.6029,43.0320,144.8833,32.3680,-11.2110,-53.6872,10.0121,-15.0376,86.0789,5.2224,-66.7302,-108.6101,70.7917
10.2526,-113.8904,-90.2624,-114.6660,-94.8471,-62.1578,64.6208,46.4637,180.4502,108.6962,-35.4076,-28.9265,3.2747,-14.0804,93.1633,8.6628,-74.3665,-122.8348,108.7766
9.2851,-97.5191,-65.7573,-103.9267,-56.0863,-53.7808,51.1768,68.6796,161.3578,131.6059,-28.4558,-25.3471,6.6327,2.0382,88.9288,47.5304,-54.1059,-119.9020,94.5973
11.5153,-81.7679,-49.7197,-83.8871,-28.3031,-72.0406,30.9354,67.9637,116.4014,103.3895,-1.2271,-44.0183,2.3661,-2.6646,65.6590,49.7798,-34.7012,-96.9634,65.2971
10.6617,-49.5857,-29.2118,-57.9284,-25.2043,-69.9207,1.0592,10.4988,70.2087,69.2835,13.1203,-43.1682,-2.8929,-33.1470,27.2223,-0.3556,-19.4547,-66.6565,30.3545
15.9303,-16.2781,0.3901,-49.2513,-23.8771,-53.1151,-30.0889,-29.9002,30.4817,51.7196,31.9977,-24.3582,-8.5388,-35.9511,15.4470,8.8648,-2.3573,-66.0103,-7.0667
21.3873,-30.7651,-0.6384,-64.1118,-30.4622,-60.4472,-27.8952,-13.3173,17.9684,46.7360,60.4523,-24.4836,-12.6594,-9.6262,36.1844,65.2519,-11.1392,-84.1449,-20.4160
20.2860,-68.6738,-21.1650,-61.0102,-37.8712,-62.4843,-19.2876,-1.3043,38.2676,32.0919,59.3904,-42.6271,-13.8410,-0.5972,39.7945,50.5511,-42.0230,-69.5100,-17.3522
20.4725,-64.0271,-19.2157,-32.7952,-28.0106,-34.2558,-58.5174,-16.0594,66.5320,-0.5964,27.7280,-33.0381,-31.6260,1.3220,18.6390,3.7129,-39.0420,-39.3419,-14.1214
10.8780,-24.4867,-19.8696,-20.9041,-30.5834,-12.9337,-93.2112,-20.5297,86.4828,-19.0014,-8.3651,17.0213,-68.1987,16.9557,15.3166,15.3255,-5.0028,-38.1474,20.5847
-21.0602,-2.9436,-45.1599,-17.8594,-52.4780,-5.3452,-56.0409,-8.7599,92.1726,-2.1597,-52.7568,49.4759,-89.2605,17.4894,30.5109,34.4234,-2.9001,-28.4920,81.8029
-39.2669,-7.4543,-43.7240,9.9555,-37.8619,14.3338,-10.8990,14.3300,67.0330,17.8252,-82.4592,27.0224,-81.4470,5.5731,28.0524,20.2500,-26.7538,20.0842,98.3435
-9.9908,-15.3775,2.8978,39.5147,8.9214,30.4908,-20.6070,47.7794,12.4164,6.9346,-52.5429,-1.0795,-64.3327,16.3389,4.1123,8.5438,-26.7421,55.7490,63.9478
26.1678,-23.4462,35.1833,51.8834,21.3171,35.8396,-36.6416,61.6320,-32.2206,-29.2911,-2.6605,3.6383,-51.8706,30.7758,-21.9915,-22.3152,-24.0652,68.8373,46.1014
13.0828,-35.8871,24.2750,72.4564,9.7795,63.0139,-30.8035,49.9707,-37.5680,-59.9210,1.7592,6.3747,-47.2664,25.6550,-38.4798,-72.4827,-51.8649,103.9029,49.6237
-31.3243,-37.8321,6.4319,90.2161,27.7813,97.5342,-23.0295,45.1717,-26.6568,-53.6758,-8.7657,-5.7294,-34.0217,27.1146,-36.5090,-59.0784,-71.3467,129.1837,28.2128
-49.0040,-17.2546,10.4003,78.8561,60.0631,88.4582,4.0945,36.5985,-29.7205,-24.3996,-0.7516,1.6678,8.3019,35.4586,-21.7754,-5.3201,-58.7650,103.7288,-7.2310
-28.8843,5.5771,26.5232,72.1189,71.1070,49.6608,31.1991,2.3504,-27.8144,-24.9529,-21.0529,24.0071,35.2404,32.2996,-14.4315,-4.3689,-50.9619,84.9137,-20.5052
-8.1290,9.0203,29.2515,82.9569,59.5363,28.5720,-8.8724,-19.9368,4.0129,-47.6225,-71.9525,34.5825,-10.0408,43.8075,-14.7835,-6.9259,-45.9777,95.0080,-20.6113
-6.6590,6.4027,9.4654,57.1517,25.6419,21.4570,-67.9037,-6.3686,40.2714,-28.0087,-81.8310,36.7500,-64.8338,62.3574,-6.4040,39.4474,-11.5423,62.0027,-17.7873
-11.3870,8.1800,-16.7999,-6.5329,-22.9996,3.7811,-41.0378,12.8399,55.8988,19.0523,-44.9247,20.1881,-38.9100,25.2344,10.9199,37.3450,10.9454,-10.9407,5.9889
-18.5494,-7.2630,-45.1213,-45.4979,-66.2080,-20.0535,27.2142,22.9456,70.9792,18.4543,-14.7051,-29.7332,18.7794,-44.9241,24.3744,-37.4169,-26.1533,-41.1946,33.7749
-35.1563,-42.4025,-80.7698,-52.4994,-98.4342,-33.4277,41.2980,23.3521,84.6702,-14.7607,8.8158,-74.9260,32.0991,-62.3283,26.5989,-67.4587,-71.2871,-29.6508,12.1344
-45.9925,-63.4740,-93.6715,-57.4321,-107.3570,-28.8318,28.7679,5.9416,56.8953,-13.2728,47.6060,-85.9921,31.2779,-40.4106,19.7453,-32.8656,-70.8471,-27.6966,-47.0043
-37.4117,-65.4314,-64.7336,-57.2994,-78.9202,-15.5935,31.0030,-3.2376,7.9957,16.9272,77.4167,-92.2173,32.7536,-41.8845,22.6691,-0.5703,-61.2084,-33.9900,-58.6989
-30.9134,-77.9978,-43.2325,-57.7238,-50.1299,-14.0349,23.5153,23.6598,13.7308,51.8172,70.7795,-107.0458,1.4341,-50.4631,51.6793,38.9277,-77.3390,-43.6414,-5.3943
-40.4417,-90.2205,-54.9416,-68.2197,-53.9107,-22.5580,18.3529,57.5385,58.8945,99.4566,40.2053,-108.1259,-18.7593,-38.8100,72.1073,74.8551,-87.2224,-56.0450,22.9408
-42.6765,-53.0833,-42.1989,-50.2658,-49.7365,-18.7267,40.8305,66.9575,42.2225,119.5225,17.1539,-89.4448,29.4541,-33.9220,32.9825,32.6732,-62.0594,-28.9295,-18.8836
-31.9024,23.1941,12.9861,5.2451,-11.8559,-3.6974,48.9414,56.3293,-36.7234,71.1023,21.4871,-56.2079,81.4187,-43.8332,-32.4099,-45.1163,-28.1326,32.4579,-61.9808
-37.2225,52.3239,40.0022,29.8767,16.3807,6.8661,24.5321,37.4676,-62.0237,28.0897,43.9827,-30.0764,73.2760,-46.6857,-38.1241,-42.3632,-34.2174,46.7041,-52.2003
-57.5576,-6.0396,14.1546,0.6434,12.7285,22.5533,24.1269,40.7802,-12.6169,61.7347,60.5157,-54.2647,52.7897,-44.6168,16.1588,16.6985,-87.6745,9.6433,-20.8251
-56.4831,-72.2335,-5.4615,-22.5492,1.1946,49.0339,64.3698,80.1351,3.8478,107.9861,58.9582,-106.7622,55.5848,-43.1965,54.0762,41.6184,-127.3863,-1.7828,-3.5172
-35.2949,-63.3135,10.1069,-17.0818,-1.2487,57.9030,89.4936,91.4369,-33.0303,109.9443,35.5682,-111.1388,51.1978,-39.4160,55.3804,46.6108,-107.7719,10.5191,-0.9303
-33.5997,-16.3289,29.8153,-14.7679,10.5020,35.8525,63.2861,37.4362,-32.6213,124.1534,2.9729,-84.1952,30.8098,-53.4058,54.1941,66.1131,-73.3088,-3.7632,-9.3280
-50.8347,-5.4111,32.9769,-23.6505,22.1828,11.6449,6.1675,-7.3713,5.5367,179.1812,-6.0703,-99.1863,2.4778,-93.4304,49.9065,67.4699,-63.8356,-26.6301,-13.2878
-45.1896,-22.6616,29.0079,-36.4313,4.6695,4.8359,-31.3654,0.3520,14.9744,222.6590,-3.0542,-130.9527,-35.6216,-121.2008,39.1106,47.4337,-49.9009,-35.5896,7.0981
-18.2258,-33.3640,22.9238,-54.2025,-24.4904,2.7240,-16.5384,8.8959,28.0017,236.6169,-36.4967,-123.8003,-50.6818,-112.5929,50.4160,44.1922,-33.7944,-51.9630,31.0804
-18.0498,-44.0553,5.2151,-63.1124,-25.2865,-1.2718,24.4796,5.4511,78.9343,235.0465,-73.8392,-105.4835,-13.4041,-91.6560,70.9739,44.4962,-53.6997,-64.4039,25.8771
-48.5861,-48.7699,-21.1641,-56.5293,-18.0820,1.9159,53.4913,21.2961,90.5631,202.7870,-46.6743,-99.8847,35.1034,-79.5481,62.9132,28.3485,-77.0364,-51.7869,8.9120
-62.1782,-22.3431,-29.4059,-54.4312,-30.6961,8.2397,73.6436,37.8419,44.0997,152.2850,-6.1242,-81.0230,49.6606,-72.3763,54.4035,33.8605,-61.8430,-46.2021,11.6608
-46.0972,11.4879,-9.3204,-56.4540,-36.2330,6.8647,81.0787,38.5896,31.1712,133.4119,-27.6742,-55.6751,42.6688,-62.7785,71.9251,65.0577,-47.2739,-57.5362,20.3210
-31.2995,11.8346,6.9642,-42.5696,-25.1649,10.8656,57.4356,48.8045,55.2764,140.1458,-56.0143,-41.6103,35.1703,-42.8505,65.0875,59.6362,-50.0331,-45.7834,15.3242
-27.5395,-6.7700,-1.8330,-23.6643,-18.0923,41.9328,38.3119,64.6403,53.6116,129.4622,-43.2919,-13.8984,34.1497,-10.4085,26.2590,16.2805,-30.7311,-19.5841,20.6736
-23.9031,-9.7593,-10.3696,-18.4389,-6.4501,88.3263,63.9697,67.5460,56.0182,108.8028,-53.4310,30.9991,47.1728,19.3651,26.0041,4.1478,-9.7772,-19.8605,54.5080
-19.9178,5.3372,0.6952,-12.3383,8.6775,115.6743,87.2641,69.6404,75.4314,91.1997,-89.5783,60.6969,59.5217,37.0906,52.1233,23.8316,-18.0114,-24.3262,74.7651
-8.6955,28.2409,19.9767,11.1613,6.2324,118.6724,55.7231,62.5934,28.1495,42.5127,-65.3097,75.6206,51.3921,52.5886,19.3807,10.7276,-0.0522,4.8970,37.0104
17.3138,56.0000,45.0476,44.2177,10.5152,124.1460,6.4020,23.9060,-77.4880,-38.3821,2.5559,93.2664,42.2941,62.4359,-56.0485,-44.1596,62.8616,46.8349,-24.6955
35.2736,83.9129,76.2260,69.1142,37.0215,143.9857,-12.0312,-14.1935,-121.5828,-85.7071,17.3152,101.8722,49.9098,45.6304,-86.9465,-93.4303,91.1555,67.0234,-40.7360
25.1432,93.3223,87.2892,65.6620,39.6801,161.0912,-3.7890,-7.0827,-84.2401,-66.0764,-14.5610,82.4572,53.1719,8.9734,-57.3176,-99.4903,57.3976,57.5535,-6.2797
4.9089,58.7946,61.1194,31.5542,15.3854,158.7343,17.4238,36.1459,-48.2643,-23.2689,-12.1544,30.2436,43.6039,-12.6134,-9.3434,-56.1971,17.3092,26.9498,26.9247
-8.5580,-2.6115,24.1131,0.4373,12.2346,137.9023,40.6656,81.4453,-46.8712,0.3091,33.5337,-35.6269,39.1736,-12.4653,21.1003,-3.0549,-5.0289,4.5619,32.3707
-18.7055,-23.6593,9.5820,-1.8906,16.5376,112.2945,49.9599,98.1111,-57.8773,10.0749,53.8239,-65.8835,38.9553,-13.0231,20.6433,13.6009,-15.0799,11.6354,21.1629
-17.1453,8.2150,17.0381,6.6531,3.7401,98.2610,47.7366,71.5466,-56.4368,15.7746,10.9759,-40.5029,31.5572,-9.4397,14.4915,15.9420,-2.7812,20.8546,3.8381
4.9247,16.4302,23.4470,3.4179,7.1893,99.7279,39.7924,33.7691,-29.7293,14.5240,-39.8310,-7.4337,20.2179,18.0839,27.9547,40.6167,19.6383,4.7416,-10.8136
26.8763,-25.3475,15.4221,-8.0642,18.1377,103.4668,16.9200,28.2917,2.6815,20.8043,-41.0460,-4.6102,0.6971,45.7462,37.1847,54.6474,26.4164,-15.5129,-4.6711
29.2884,-45.6636,3.6521,-16.0589,-3.1605,99.2234,-5.3659,50.0814,18.0965,46.3152,-40.5863,-13.7787,-31.6496,40.5164,31.0478,41.0634,27.8923,-17.6811,27.3528
23.0674,-15.9072,3.3399,-14.4335,-17.2044,91.7549,3.0039,69.5370,20.4967,62.5727,-83.6962,-16.6204,-50.3598,24.8561,36.1321,46.7682,44.3022,-11.8353,54.7448
21.4246,10.7373,7.1577,-7.3779,-0.8506,85.8639,18.7329,63.5343,1.3956,42.0079,-93.6556,-12.5938,-37.2610,26.6328,34.0374,58.4089,68.8479,-7.3988,40.4856
17.1170,12.3073,-1.6708,-5.8435,-20.1348,80.7917,-0.5291,15.3524,-38.3618,0.8005,-30.9916,3.4873,-25.5584,23.0202,-3.2563,17.8151,78.6981,-1.8230,-1.2206
1.3373,14.7307,-20.9602,-5.3675,-71.2504,80.7903,-35.2831,-50.9038,-47.0101,-40.3773,3.0094,26.1384,-45.2299,4.7622,-27.2977,-30.4969,63.0162,5.1797,-16.7515
-13.7167,21.5678,-33.3408,3.7408,-69.5786,87.5070,-44.8220,-80.4596,-10.5737,-73.6681,-32.5341,40.7195,-66.5766,6.0463,-6.4717,-17.6296,46.0545,8.5430,0.4372
-8.7370,22.5867,-28.2357,5.5166,-33.0447,88.2121,-37.0905,-72.1740,14.3423,-77.9681,-50.4188,46.1003,-50.6771,23.8251,8.4458,7.0491,52.3498,-1.9197,-0.2159
5.7285,22.5756,-17.6290,-12.4278,-41.6303,74.2403,-40.1915,-72.7563,16.5439,-57.1505,-25.1027,41.3127,-19.1852,17.1342,-1.8426,-11.0999,55.5729,-24.5910,-32.5233
0.4009,13.8721,-24.3329,-29.0377,-76.1264,58.1802,-54.5879,-86.6999,29.4158,-48.8500,-4.5456,22.5016,-17.3008,-4.3093,0.1876,-23.7302,27.8722,-37.6798,-54.2429
-17.7045,-20.4433,-42.5065,-33.2647,-75.5969,53.1453,-61.7435,-76.3090,39.5807,-38.9583,15.9330,-1.8265,-36.5183,-2.4715,15.6267,5.4654,-3.1531,-37.0120,-45.7320
-16.3327,-64.0535,-40.8572,-38.7316,-41.4097,54.8174,-58.3207,-32.6258,33.8069,8.0234,46.2980,-31.2362,-40.2027,8.5547,23.7240,37.2913,-11.0380,-42.3490,-27.6138
-0.8570,-80.8515,-20.6824,-42.6451,-5.3065,55.6137,-64.3627,6.8586,36.2552,40.9106,57.4398,-67.6358,-33.7593,1.2054,28.8674,46.3709,-7.0893,-51.8619,-19.5884
1.8934,-68.8445,-15.0363,-40.0701,7.1643,50.4467,-80.8723,4.8314,46.0952,12.3795,56.7742,-75.8081,-34.3699,-2.6795,33.3848,52.0641,-2.5148,-56.3585,-28.0411
-2.9205,-62.1485,-26.2080,-50.1510,-7.9719,31.8193,-66.2313,-20.5309,58.2431,-7.6763,65.1626,-32.6268,-17.8019,20.0710,43.6122,70.7149,-15.3759,-74.0299,-38.7665
-3.5712,-78.9352,-34.1254,-71.7586,-24.1621,9.7296,-10.6108,-19.3250,84.9858,29.8175,65.2595,7.5356,24.0141,41.8609,67.3556,86.0229,-58.3067,-99.9388,-28.7805
-7.9071,-101.4885,-40.2139,-74.4757,-30.5372,14.0133,19.7914,0.5121,94.1873,59.6612,60.2667,-14.7662,42.0190,25.5987,70.2572,58.2904,-87.1236,-91.9208,-13.3917
-7.0468,-112.2737,-37.6940,-56.5844,-33.6918,44.2025,-6.6164,-10.6475,62.1146,49.0327,64.9367,-78.1246,20.8813,-21.7955,39.4477,-7.4388,-74.7945,-55.2730,-25.3185
14.8449,-106.2712,-4.5117,-42.2854,-11.8392,58.8121,-23.5924,-42.4036,40.6390,40.4363,50.9863,-121.8427,17.5711,-59.8552,33.0217,-39.8138,-70.2158,-40.7173,-50.7540
32.0223,-71.4813,35.9217,-37.7309,28.5554,44.7708,12.6454,-47.6064,42.6327,42.0460,19.6926,-113.3805,60.0347,-63.8735,58.6055,-15.0803,-79.3402,-52.6469,-63.5761
13.9635,-13.3237,38.1909,-39.8143,25.9271,36.2781,60.0633,-29.6632,13.2604,45.0800,22.5006,-63.2009,109.2730,-46.8043,50.2558,5.8021,-49.7981,-58.8482,-75.8891
-11.8549,27.1601,20.0710,-45.6847,-11.1309,43.1267,80.4746,-18.9609,-37.0233,57.9201,54.2010,-12.5078,132.9693,-27.1694,13.3910,4.1533,-3.0426,-56.1607,-95.4649
1.5262,35.6203,31.7406,-42.1920,-5.8794,34.4695,76.3847,-31.4861,-65.8573,44.6853,68.3799,12.5572,129.4677,-6.1277,6.1040,21.6526,13.8107,-56.8116,-109.1587
45.1005,47.5643,65.1336,-29.2612,28.9844,3.3077,57.7501,-76.8158,-88.8773,-20.5101,63.3714,29.9166,106.1116,7.4621,16.9765,45.3534,28.7427,-61.1296,-114.9355
63.0905,70.1001,68.5345,-26.7089,26.3903,-25.3796,51.3366,-129.6639,-92.5380,-72.4840,47.6625,52.5538,89.6591,-2.5448,17.3332,30.3766,47.0235,-67.9570,-106.1199
27.3908,68.9264,22.9403,-37.7810,-2.9498,-45.1167,77.2033,-138.3572,-43.1964,-67.2841,29.3214,60.6766,102.9072,-21.3765,20.1223,-0.7905,26.7450,-72.9367,-79.6647
-26.1892,41.7958,-37.1855,-50.5316,-28.0822,-66.0346,96.1035,-106.9457,-3.8581,-50.8335,52.9085,49.5550,115.4408,-20.6579,20.1170,-0.2468,-6.1696,-71.5984,-66.2254
-49.5553,12.7345,-67.3021,-60.5313,-56.0817,-79.1424,75.4759,-77.9217,-24.5256,-48.1400,112.4130,37.6513,85.6560,-6.7092,13.3254,29.9839,-16.6526,-69.2387,-63.1461
-46.8267,-10.0462,-68.2921,-56.4623,-72.0690,-64.8773,52.7045,-55.6063,-34.7494,-49.5062,113.5602,28.3800,26.8699,-0.5973,28.0229,56.4138,-32.4379,-58.0812,-20.1353
-49.2673,-7.8078,-72.3167,-25.2064,-59.7909,-19.4267,41.4924,-39.8724,0.6446,-73.9100,24.1645,17.9840,-25.8981,-1.9281,44.3042,48.8008,-30.9084,-19.9964,37.5911
-51.4004,35.5512,-68.5666,20.1135,-36.7985,43.8272,0.6021,-49.4743,23.1151,-109.4813,-77.4039,13.5760,-59.8497,-6.3671,15.7384,2.5750,32.7628,30.9196,36.9281
-24.5454,77.4149,-20.2640,59.4865,3.3048,100.6449,-53.9367,-67.2624,14.4609,-114.7839,-128.3589,20.0465,-66.7957,-11.3988,-27.3992,-52.9553,91.7630,64.6225,8.4937
25.5095,71.1531,44.1454,86.2408,62.3747,126.6563,-65.9146,-71.5344,-3.9062,-120.0759,-123.2512,35.7512,-46.5627,-1.6662,-40.4141,-89.3335,84.7507,78.2691,9.8046
56.8990,42.7409,63.9094,90.4164,85.9400,117.0821,-58.8697,-83.7929,-30.0217,-158.1314,-74.0024,47.8105,-26.1388,19.5071,-42.9457,-97.9351,64.1394,76.5970,-1.8125
44.6449,31.4185,51.3139,72.7517,69.4458,89.1541,-85.9818,-99.0377,-43.0770,-166.9475,-10.0533,30.3623,-25.7812,15.1247,-48.0762,-77.8544,55.0888,58.1428,-43.9443
17.0109,31.6119,56.8446,59.0431,76.0169,60.5963,-124.0113,-78.8303,-35.2156,-117.3624,35.7419,-11.0412,-36.4222,-21.2668,-43.0857,-49.6123,32.1040,39.5411,-46.5901
20.7532,39.0229,75.3685,58.5655,92.7846,35.9553,-134.6708,-38.3337,-41.2879,-83.7009,43.9602,-27.2035,-52.8993,-39.9409,-41.8294,-39.4770,33.7817,35.6945,-8.1356
52.7737,56.8841,80.2695,56.0511,76.0939,17.2650,-133.8094,-5.0080,-43.8587,-86.3877,2.7987,-2.8099,-76.5392,-10.3553,-45.6977,-26.2753,77.6634,34.0659,10.1909
70.0750,56.4719,84.1966,54.1854,73.8281,14.7342,-135.3291,48.6405,-5.9405,-55.8273,-49.1903,22.0507,-90.2645,36.2871,-32.6158,12.7535,88.1949,29.9065,26.5181
64.1636,19.0452,97.8906,64.4902,107.1184,33.6433,-127.3047,115.8247,9.9234,4.4843,-33.9940,30.0736,-85.6940,60.2393,-26.0517,27.6888,45.9031,41.2339,75.3442
59.0167,-18.7918,100.1954,83.2824,108.9512,62.9429,-112.2314,126.9170,-48.2945,5.4470,35.1582,41.5896,-80.9111,60.4560,-57.9640,-24.7283,17.3071,76.5241,108.2783
52.7914,-15.8505,87.5062,115.0716,89.5424,94.7269,-101.5007,73.2012,-107.6146,-67.0839,54.9755,64.2919,-77.8216,59.3925,-101.2710,-97.5066,23.7165,128.4463,89.0213
34.3738,26.8252,91.3622,161.7388,122.0941,131.2405,-96.4917,18.1477,-108.1450,-121.2812,-2.8449,93.8765,-60.7388,63.9255,-123.1990,-132.5796,40.8804,177.0475,58.0899
18.5810,83.0326,121.6653,187.7263,169.5000,153.0633,-97.3892,-9.7861,-83.6953,-97.1257,-71.2082,119.4560,-45.3319,50.5297,-119.8846,-128.3491,54.5049,187.6429,56.6623
10.4857,118.9075,135.5555,162.3739,152.7017,128.4064,-99.3006,-23.8495,-59.6118,-39.9518,-102.7076,111.1648,-57.6617,5.1844,-89.4188,-99.6868,52.3257,148.5455,78.4548
-6.5043,108.0674,93.8826,104.7843,91.3388,72.7154,-88.1132,-29.5048,-27.6008,-8.7270,-92.7864,68.8444,-74.3779,-33.7012,-49.2723,-59.4806,40.3441,89.8970,86.5880
-26.6760,60.8707,22.3203,46.3983,33.0346,30.3209,-57.1359,-29.2499,8.3942,5.5857,-54.3943,44.7179,-54.3337,-25.1384,-27.9114,-30.4625,32.0049,37.5043,59.5626
-29.8577,16.4554,-23.6379,0.4722,-13.5083,-2.5304,-12.9326,-22.7477,36.9139,22.8554,-14.1682,52.4091,-8.4575,0.1259,-16.1224,-23.2662,8.3321,-4.4842,33.1679
-22.4916,-0.1171,-35.8439,-29.7207,-43.2457,-52.7364,32.3583,0.0559,41.8644,29.8157,14.5714,44.1998,21.6788,-6.8256,3.1821,-19.8356,-25.7455,-32.0929,42.3093
-21.2226,5.0439,-48.4901,-54.9776,-63.2177,-99.3456,69.0539,32.7964,29.9066,32.5133,25.5514,20.4544,28.8935,-18.7090,24.2164,11.2021,-24.3201,-54.6183,54.3248
-23.6691,6.2392,-72.5110,-84.0936,-82.1721,-113.1057,100.3088,56.4928,50.7827,52.8872,2.6025,33.5428,36.9845,16.6755,54.3150,79.9680,-5.0060,-88.3666,45.0071
-23.3520,-16.5271,-89.4546,-98.2999,-79.8090,-113.4803,123.6516,71.7322,98.4204,72.9629,-22.4973,76.2129,49.2206,79.0893,85.9798,143.5248,-19.7465,-111.7967,43.3755
-24.9959,-45.8469,-94.6900,-82.7510,-66.4627,-120.5297,109.2709,79.1722,91.0618,66.6412,6.8643,98.0381,39.9193,115.7512,69.4817,149.1448,-35.9828,-91.1785,41.1639
-32.9781,-39.2724,-93.1834,-47.9961,-76.3828,-115.4160,52.1622,53.9480,24.5318,36.4361,47.6063,99.9023,3.1284,118.9181,5.6378,110.3233,-8.8306,-36.6176,0.4473
-37.5857,7.7972,-70.1797,3.4292,-65.7076,-81.4868,5.4477,-9.3291,-29.9086,-16.8810,20.8518,103.7735,-26.7539,103.6442,-41.1860,67.7116,27.9660,25.7966,-47.7938
-24.9424,44.2547,-15.2790,64.9268,11.4270,-28.6722,-1.1865,-55.1096,-65.1737,-66.7698,-27.8980,94.0524,-25.8239,75.2620,-54.7728,23.0881,36.9333,83.1073,-49.2817
-9.2564,31.5678,36.6573,94.8028,75.2977,17.8301,-1.2219,-28.5436,-90.4188,-45.5324,-16.9919,64.3534,-15.5243,47.1203,-59.6252,-14.2052,13.9216,110.4910,-12.0816
-24.1420,-4.8191,38.7329,73.1880,55.3741,29.1003,-9.3321,36.0749,-65.8650,39.8914,23.2318,45.7385,-16.2187,32.3637,-49.5939,-13.8387,-37.0100,92.5645,31.6167
-61.9369,-19.9398,1.4419,37.9534,13.8813,4.0469,4.0783,61.3352,-5.4199,95.6142,32.2987,51.4634,-9.2818,24.4552,-23.1265,9.6918,-80.5700,56.3071,61.7334
-77.4883,-14.2269,-27.0725,12.9071,0.9701,-28.4848,37.0089,47.6966,34.9044,98.0908,19.3086,60.7166,16.1331,20.4310,0.2190,26.1777,-87.2114,23.3691,63.7556
-61.4270,-18.1735,-35.9619,-15.7411,-18.1038,-63.5307,41.7464,46.3028,58.8177,95.3628,22.2001,58.6931,27.8019,27.2391,16.0107,44.6730,-82.9883,-13.2997,45.8746
-37.9567,-30.2236,-39.9733,-37.6748,-44.8909,-110.5648,-3.3021,43.9165,59.7931,77.3828,62.0821,54.1710,4.3203,39.2911,9.0305,59.5107,-70.9791,-39.7449,19.6682
-11.3136,-18.5194,-29.7773,-29.1069,-44.1218,-135.0355,-54.7929,11.4589,7.4829,23.4678,109.0645,71.5644,-22.6954,53.5078,-32.3046,45.2514,-19.2075,-34.1109,-12.5474
13.1790,12.5219,-7.1524,-8.2820,-26.1088,-108.7242,-48.6113,2.1310,-29.2860,-6.9947,90.0997,116.6957,-19.7336,76.7577,-54.2827,26.8908,29.7897,-17.8184,-6.9468
7.4828,16.1933,-9.4565,-1.0058,-15.7184,-77.6584,10.5971,49.8438,12.3678,23.1542,15.8515,139.2289,-6.0767,86.8374,-24.4639,27.7229,11.7148,-9.6357,65.2084
-26.4855,-16.3949,-36.4382,7.6717,-13.1577,-80.7885,40.4323,74.7347,37.3019,49.7004,-3.6683,88.7023,-15.9927,48.4600,-10.0124,5.9613,-39.6245,17.4183,115.4683
-50.6231,-34.1197,-37.8893,32.7095,-15.7465,-81.3644,9.4316,24.2277,-20.4154,19.6503,48.4929,8.9663,-34.3955,-18.0874,-41.8626,-50.4133,-71.5800,66.6874,71.3762
-51.0208,-13.2408,-8.3218,52.2011,-10.5291,-51.9011,-12.4920,-29.1289,-59.6334,-25.5197,69.4380,-17.9153,-24.5643,-56.8025,-52.8423,-84.4716,-88.0616,87.9113,22.0954
-40.7681,0.2667,7.1582,46.2179,17.7901,-24.2919,10.3150,-22.7833,-15.5365,-25.8306,26.9100,-3.0791,-0.9719,-55.2893,-17.6546,-71.9618,-90.5462,61.8311,52.1339
-27.0397,-27.5523,-4.5684,27.1531,45.7329,-23.6427,26.7393,4.6659,46.9900,6.5270,-18.9092,-11.4757,-6.4423,-41.0349,19.3829,-40.2452,-80.7499,28.4672,98.1851
-14.7578,-61.6576,-23.0137,11.8193,42.5461,-43.4454,15.8228,2.7702,76.0629,12.6424,-33.0598,-33.6150,-30.0787,-27.1354,36.6211,-11.9352,-78.2551,12.1968,92.7646
-4.4268,-59.5477,-33.1082,-1.1334,17.6403,-73.9715,5.2407,-20.1357,61.0160,-16.0891,-3.2084,-17.4371,-26.5936,-8.7461,25.1377,-4.2247,-63.3317,-1.5374,52.0528
14.1252,-30.2747,-23.0055,-14.6888,-7.4022,-99.5208,-14.8732,-26.0269,0.7168,-29.5609,67.4718,22.5994,-4.5805,13.6547,-21.7574,-14.6978,-8.6772,-18.2886,-1.1276
37.1820,-5.1746,0.6930,-26.1452,-20.4566,-107.8665,-52.7185,7.5506,-47.7131,-7.2489,111.5104,33.2512,-8.5164,31.0132,-56.1305,-2.0651,50.0619,-32.5859,-34.7975
49.2499,6.4992,7.0022,-41.0764,-17.4738,-113.2466,-56.6852,62.9804,-31.6427,29.2813,75.5686,16.5148,-32.1495,37.0826,-34.3638,46.5975,82.0780,-53.4645,-7.3351
54.9816,16.7350,-4.5199,-59.6788,-17.0803,-125.0076,-15.6141,98.3045,-3.9008,65.8071,15.2483,18.0533,-37.8111,41.8602,-3.3888,83.5031,110.1896,-77.3690,39.4576
66.4614,37.0685,1.2468,-55.4216,-28.7068,-121.5143,-5.5399,91.5872,-29.7099,72.9061,0.2169,48.7200,-32.8584,59.0552,-23.6224,74.7267,144.4666,-69.5943,25.5026
79.4615,67.3143,28.9291,-10.1028,-21.2211,-89.9296,-56.1329,48.6124,-88.2278,10.1185,8.5997,71.6792,-47.7770,72.8226,-78.5889,29.7494,176.9688,-15.6124,-31.1311
88.7823,102.0533,55.6127,46.8400,13.6238,-51.4132,-99.6231,-13.4570,-135.3157,-86.9027,-12.9134,59.8013,-71.1458,52.6622,-117.4417,-29.2060,207.4786,47.3988,-66.1941
91.3868,137.4870,75.2872,76.4967,36.6410,-33.2285,-97.4194,-65.1509,-148.7105,-136.8539,-61.5511,33.5410,-71.8360,7.9556,-120.5351,-71.9227,215.3230,78.4640,-78.0136
79.9069,159.3979,84.2680,80.1368,44.1353,-41.3142,-90.7645,-82.5773,-118.5474,-133.6817,-88.0671,31.4978,-54.6286,-18.7817,-108.2284,-84.2689,190.4845,75.7709,-75.9804
60.6057,146.5773,77.6844,78.2294,67.9110,-55.9577,-94.4982,-70.5898,-75.8165,-115.0341,-66.4288,57.5824,-42.4327,-13.3834,-101.5870,-82.5959,158.2550,61.6920,-37.3848
43.0462,106.8927,69.9567,75.5096,90.5684,-54.5119,-63.8357,-40.5445,-66.0083,-78.7725,-30.8815,79.6663,-33.8364,2.1824,-83.4212,-62.5002,110.7853,55.7006,23.7247
16.8977,71.8712,64.3859,66.8849,75.4123,-38.3486,1.9943,4.4672,-70.3574,-25.9241,-20.5261,78.4414,-14.9378,17.6770,-38.3364,-6.0425,28.9454,58.9567,50.8439
-14.9647,46.8077,44.9669,50.8136,42.9216,-16.8187,44.0746,46.9546,-43.3624,14.8278,-23.8894,68.7693,15.3472,43.2095,0.6145,51.3145,-38.3349,54.7511,26.0990
-22.7113,18.8010,23.7919,32.9914,32.8137,7.8818,53.8497,60.8895,-4.0437,31.1190,-21.4117,60.8164,50.2990,68.5873,10.5431,62.3359,-51.7057,37.6636,-13.8429
-2.2836,-3.3759,23.7887,22.8615,42.2625,15.2814,77.6852,39.3107,-6.0432,16.1624,-16.4209,34.9378,80.0997,60.9100,16.7117,41.7091,-50.8607,26.1724,-39.7885
19.2422,-12.6310,28.9494,19.3315,40.4496,-12.4379,108.5164,-6.3548,-53.1815,-33.0220,3.3139,-13.5362,91.0985,20.6336,22.7775,16.0140,-59.5425,29.4349,-63.8685
28.5849,-24.2582,21.3163,15.5155,15.1027,-38.0308,99.2398,-49.2074,-97.7061,-74.2897,45.8691,-47.2558,83.6909,-6.7757,4.0208,-16.6740,-59.1247,37.2313,-101.5121
22.0836,-35.5464,16.2430,19.9291,-3.1997,-21.6568,64.3508,-59.0460,-106.3813,-65.6214,69.0206,-46.4213,72.1748,-1.6522,-22.6349,-37.0938,-56.9114,49.8442,-128.3846
1.0879,-24.3319,22.2949,39.8875,17.3557,6.0637,47.7281,-45.1589,-95.5539,-28.2790,36.7886,-37.6001,51.7912,2.9303,-26.8341,-23.0069,-51.9052,70.7705,-109.7834
-5.6978,5.5713,31.3583,57.4664,48.1791,6.6295,41.6462,-44.0742,-86.5207,1.7983,-27.6972,-31.2221,11.8068,-13.1583,-22.8468,-10.7304,-17.2157,82.6620,-54.6810
15.6466,37.7753,41.8274,60.1251,47.4200,-4.4960,27.5721,-51.7496,-66.0120,12.2905,-88.8366,-11.5406,-20.6151,-32.0290,-29.9397,-41.3666,28.3676,77.1050,-2.8855
28.5572,69.7129,47.5918,62.1228,40.5224,-13.0587,14.2396,-37.9119,-28.2926,-2.2374,-130.3139,0.9234,-20.3843,-44.6586,-38.5563,-82.2726,49.5619,73.1402,21.1200
17.7234,86.2481,45.8541,67.5384,59.1931,-26.4317,-2.7103,-10.5506,-1.4669,-11.5219,-143.5070,-20.2408,-19.5112,-53.2990,-37.4834,-76.0942,55.7820,75.1406,20.8772
18.0446,71.6169,52.9101,61.1135,70.2692,-32.9198,-29.9935,4.8607,5.9032,26.7830,-136.8096,-36.1995,-42.5688,-46.3802,-28.1192,-34.7054,54.0890,64.4962,17.7181
36.4395,52.9377,67.6469,43.9635,53.9357,-28.0433,-41.0090,6.5790,18.7690,73.3754,-129.8665,-12.1415,-49.1124,-28.8737,-18.1369,-18.7078,38.8903,40.1567,23.9137
44.0282,59.7223,66.2484,28.0622,41.2623,-37.6014,-23.5866,-3.4127,43.1822,63.4159,-129.1458,4.3766,-17.4627,-32.1445,-9.7229,-36.1129,29.1870,15.9168,21.0016
35.7549,69.6326,49.0452,11.6898,30.6517,-62.8609,-11.6073,-18.0097,67.4587,31.7620,-131.8233,-28.3167,4.4665,-60.4124,5.9599,-41.6379,22.2068,-3.1829,-1.0250
14.6658,51.3408,27.7664,-4.4296,-1.5689,-76.9754,-21.6845,-8.3595,95.5616,45.9385,-125.3508,-72.0365,-6.7890,-86.1886,22.7067,-34.5870,-16.0292,-10.5176,-7.1136
-25.5916,12.6926,-4.8758,-13.0975,-28.3666,-79.0279,-26.8240,25.7083,130.0815,88.9228,-91.2957,-85.9100,-11.3244,-99.4455,21.1504,-52.2044,-72.1226,-6.1738,26.5151
-60.9489,-21.2360,-39.8070,-22.0686,-30.3294,-79.2321,-11.9266,38.3890,160.0689,111.1858,-47.9153,-76.4543,9.2577,-106.1593,15.0334,-82.2096,-107.1732,-12.4782,65.4507
-63.5550,-32.6862,-53.1223,-34.5199,-46.0008,-72.0586,9.7560,17.1556,174.8759,104.5033,-36.4337,-52.5695,31.4916,-103.0547,21.1382,-100.5421,-123.8376,-28.3499,72.6165
-55.2070,-21.6591,-54.7117,-29.0184,-76.4343,-63.2942,32.6528,-2.2514,160.9179,76.0666,-47.0682,-21.0658,49.8480,-89.8622,10.0762,-130.1905,-128.3483,-14.7681,54.8067
-57.7823,-12.8816,-57.1220,-2.6624,-65.2239,-59.4676,60.7894,-10.2602,116.0639,33.2152,-36.2854,-5.8599,75.5837,-74.2820,-19.1468,-159.2982,-119.0888,24.4867,30.2951
-54.4201,-19.3779,-42.9033,11.7269,-21.7307,-42.8614,79.7377,-23.1680,69.2830,-6.4670,2.4571,-6.4525,100.6101,-55.5715,-16.8580,-134.5931,-119.8126,34.6417,2.0279
-42.0424,-18.8012,-20.8870,1.7225,-17.8241,-14.3986,73.3801,-35.0179,41.1286,-33.5490,44.5227,13.1179,110.6426,-26.7409,5.7589,-79.3637,-127.5645,10.5491,-29.3242
-35.1553,-5.2047,-25.9277,-11.2117,-53.8311,-1.5180,70.8690,-36.4289,18.1983,-50.2604,60.5401,58.9076,107.4734,14.9381,4.4925,-45.0755,-103.4427,-4.5051,-51.7828
-24.3575,-6.0720,-46.4120,-19.2639,-66.6695,3.1353,110.7297,-26.8990,0.2104,-55.6199,34.2250,92.7671,102.8530,60.5224,11.9010,-8.0147,-62.4326,-9.3545,-44.1042
-8.3627,-22.2438,-46.8053,-27.4065,-47.8712,25.9032,159.8746,8.1466,6.3340,-46.4707,1.5447,96.6611,107.8254,86.0045,48.2523,32.4361,-55.8438,-22.3858,-3.8070
-12.8556,-31.1881,-37.8607,-28.2086,-39.8318,48.4022,163.0028,58.7222,25.0695,-21.6770,11.3466,93.4661,119.7215,83.3956,54.3841,23.3611,-78.7641,-24.6642,31.8251
-32.0907,-47.5837,-48.8333,-26.3725,-51.5396,42.3423,143.7072,71.0072,32.2755,8.9239,41.7798,95.5239,119.6410,82.1314,31.4535,1.2444,-98.0592,-14.4902,30.3419
-33.6135,-89.9818,-70.3567,-38.5647,-58.3606,23.9160,143.1351,39.0402,31.5587,23.8126,55.0046,81.7423,100.6439,94.1608,42.2276,32.0753,-110.5031,-22.6675,10.4032
-23.4452,-117.2200,-70.9298,-48.2656,-49.0242,18.5243,132.2589,22.9827,22.8680,18.0954,71.0726,43.2289,81.1531,84.0609,59.0183,55.6961,-114.0929,-34.5866,1.4441
-24.5604,-92.1979,-45.3865,-34.3312,-31.2006,26.2361,97.4977,35.3604,-5.1992,8.0161,97.3478,8.3396,78.2830,43.6864,34.7913,21.5393,-99.3884,-20.3266,-3.1586
-27.1733,-60.2759,-28.3392,-27.3449,-20.7495,35.4872,87.1861,31.9674,-30.6389,-3.4594,108.5611,-2.6238,88.7212,19.8930,20.1846,4.9585,-77.5814,-15.9901,-16.9807
-16.5658,-73.6712,-44.9238,-50.8396,-26.9357,28.2937,94.0752,7.9250,-24.9535,-25.3595,121.4036,-8.0110,94.1465,26.2342,35.2696,22.8922,-60.3655,-47.8524,-32.6866
4.6541,-94.4248,-58.8681,-62.5838,-32.0418,-1.8655,59.8504,-15.1215,-15.6513,-52.2347,141.5539,-28.9753,76.4345,17.9549,18.7602,-5.7645,-34.8471,-61.9325,-45.1486
34.4002,-59.9850,-27.1169,-36.6050,-17.0197,-25.5968,6.2723,-39.0677,-42.5905,-73.2010,113.7001,-59.1227,40.4452,-20.0596,-22.0437,-60.1041,14.3994,-32.6275,-61.1492
59.5175,6.1227,20.9860,-17.4586,-0.3735,-22.6773,-10.7410,-49.8643,-79.8116,-77.0315,49.9899,-78.2213,15.8886,-47.4880,-24.2071,-48.1590,66.9919,-17.6307,-78.7169
56.9179,33.4868,34.9519,-32.9307,-3.7248,-25.3100,-11.8881,-23.4976,-78.3111,-52.5498,47.0426,-70.4227,18.6407,-39.3467,-2.6540,8.8242,76.2932,-44.0409,-83.3281
38.6391,11.5377,22.7587,-49.6303,-7.7954,-53.3031,-29.6716,13.3441,-53.4051,-23.0813,109.8391,-44.6951,26.8032,-17.2859,-4.0669,31.0396,45.1854,-67.7637,-65.7092
38.4795,-17.9108,18.7337,-42.3748,7.8347,-65.9753,-46.3292,26.3018,-54.7335,-27.0475,149.5597,-41.0222,14.1822,-11.9419,-17.4590,14.2034,29.1454,-59.5154,-35.7640
51.2787,-32.7194,29.6517,-23.1206,25.2448,-41.7414,-54.4244,26.1588,-78.0216,-50.8200,142.6153,-73.3047,-11.3661,-28.3558,-20.7310,-8.5006,30.1922,-32.7291,-16.5977
50.9438,-34.6960,39.4414,-6.4772,27.0949,-22.7552,-60.7062,21.0626,-80.6065,-61.0574,124.3516,-93.9478,-21.5345,-43.7342,-20.4253,-27.0919,11.1553,-8.3907,-17.5011
41.3906,-21.6866,32.2154,1.6805,26.5841,-28.5706,-49.3990,12.6041,-63.1283,-62.6554,97.0246,-70.6623,-11.7865,-33.3729,-23.4507,-31.3625,8.9650,0.6601,-20.7533
37.2181,2.5952,19.7333,5.3140,39.5983,-22.4926,-27.5485,27.4638,-60.1564,-55.6231,55.1377,-37.8186,-9.2317,-2.1373,-26.4221,-5.5956,60.4514,1.0575,-10.9825
39.5571,19.8099,33.7124,15.2903,61.1376,1.6871,-25.1450,55.2939,-73.5031,-27.0571,22.8594,-24.8852,-21.6512,21.9314,-23.6422,34.6101,94.1490,8.6184,-2.9728
51.0759,18.7049,61.4030,25.6275,71.2973,3.4359,-28.5593,41.6991,-84.8673,-12.6942,21.6849,-16.4723,-19.0756,24.7958,-22.1829,37.8461,70.8362,17.3572,-15.3020
65.3820,10.1759,57.2580,24.1433,61.1385,-17.8105,-18.7314,-2.6318,-93.8539,-46.8479,40.7774,-8.5202,-0.2844,15.7399,-36.9392,-8.6313,63.6442,17.3705,-33.5413
59.9231,14.1894,34.3991,22.2115,48.7116,-22.5199,-23.9217,-22.1516,-95.5811,-82.5027,41.6250,-16.5930,-9.6546,4.3757,-47.1739,-30.4027,86.7577,18.9216,-34.5651
38.3628,32.2077,35.9188,26.8724,43.6213,-12.3465,-48.6490,-25.6742,-79.3202,-69.7081,7.6377,-28.2720,-48.1290,-7.1755,-24.4925,13.2052,77.4649,21.9263,-26.2690
29.4633,42.4196,45.0230,20.7061,26.0414,-16.7403,-46.7491,-33.8787,-62.0731,-29.2012,-19.5259,-20.7503,-58.3206,-16.0434,-3.2837,38.9517,50.1422,13.8782,-20.6252
28.8335,39.2507,33.1690,3.4262,-1.0139,-28.6375,-7.9900,-16.4084,-58.2261,7.9655,-12.2036,-3.3758,-26.7496,-22.5631,-13.8525,2.4822,47.7429,2.1587,-0.8447
14.0041,45.3040,19.5414,-6.8846,-5.4735,-30.7850,28.5947,17.4177,-42.6192,28.8624,-13.8822,2.5777,0.1449,-32.0565,-9.6009,-11.3518,44.3648,-7.4640,34.2955
0.3318,58.1091,13.6788,-11.9236,2.6588,-31.8789,44.1556,11.2858,-4.9145,18.7584,-50.5004,-5.0410,4.6831,-41.1310,26.8513,20.0255,26.5953,-21.3292,43.6457
5.1408,48.3307,0.2386,-12.8467,-9.0948,-27.9719,42.7233,-27.7122,17.3284,-10.5763,-76.7736,-13.0613,5.0635,-38.1358,34.3577,12.0147,20.6329,-20.3601,11.8645
5.7799,28.0693,-12.1566,1.2690,-21.6786,0.9080,23.1879,-54.2305,5.7722,-32.7388,-64.7983,-3.4853,1.0205,-21.3739,3.1342,-27.9066,26.6188,5.2905,-18.2476
-7.0483,32.9733,-15.6591,12.9499,-15.3601,39.4776,-1.9354,-66.7904,-5.9757,-54.4390,-45.2353,30.2584,-12.6071,0.2285,-9.1975,-22.5528,42.0852,12.6064,-14.0150
-7.4006,41.7214,-24.5658,0.3064,-17.4359,54.7485,-7.1846,-64.5205,13.6379,-69.1492,-47.5060,62.4066,-21.0342,18.0240,5.9950,1.0471,62.2381,-14.3040,14.1058
6.0195,9.7276,-30.8440,-16.3231,-25.1945,47.8062,13.1351,-26.9900,54.2808,-29.1708,-65.9689,51.7275,-13.5750,21.9171,22.7314,-5.7260,40.4415,-29.5516,44.9037
7.2152,-46.7273,-25.6479,-26.2961,-13.6391,32.8334,43.3822,16.8404,78.6038,51.1911,-65.0835,-4.7976,5.3943,6.7150,44.1879,-1.1145,-23.7873,-28.5167,52.1259
-6.9158,-82.3535,-40.0775,-53.3996,-22.2963,11.2376,67.2958,10.4573,70.3736,78.6030,-19.5072,-56.1687,27.5921,-12.9087,67.6318,30.4028,-62.1923,-51.2154,17.4927
-24.4808,-90.4875,-81.5239,-82.8109,-77.5835,-6.1508,81.3423,-38.0348,61.0580,26.3479,28.1176,-56.6346,43.9653,-15.3882,76.5304,37.9553,-75.3248,-76.5840,-29.0228
-35.7669,-88.6630,-106.0871,-74.1804,-109.4049,-8.6214,92.3608,-67.4819,73.8509,-32.7587,21.8050,-25.8121,53.2082,1.9058,72.1941,15.4223,-99.9989,-59.6456,-45.8413
-21.1876,-85.6952,-95.2321,-47.5912,-79.8319,-9.4640,96.0225,-52.2936,74.5442,-55.4588,-3.9040,-18.1880,60.6859,20.8501,55.4873,-6.5685,-91.1786,-29.2788,-47.0573
15.5047,-77.7266,-69.9764,-41.9056,-47.5746,-14.5188,73.1595,-31.7184,38.4062,-69.4562,14.1007,-42.8897,61.4461,17.6310,26.2394,-29.0504,-32.8328,-27.3778,-61.7488
30.7363,-53.8301,-42.2602,-37.7711,-36.3472,-8.1380,26.3296,-44.3705,-2.6608,-96.4609,59.0307,-61.8310,53.3822,-13.1472,-1.6826,-60.3995,2.2974,-30.2306,-77.5069
16.7557,-19.0402,-21.5148,-14.3687,-20.6751,6.7315,-9.2600,-65.5069,-34.7722,-127.4376,89.6125,-59.6575,49.3422,-43.7831,-30.1418,-96.4834,10.3962,-9.3325,-80.6357
17.9554,0.4669,-19.0244,1.0527,-17.5869,12.7273,-14.7074,-57.9442,-75.6049,-156.4564,105.0213,-55.7222,44.5777,-47.6532,-59.8316,-124.2595,43.9232,12.7368,-76.8847
40.2471,-2.3009,-19.8776,-5.8282,-28.1679,16.0328,-8.4130,-42.0844,-94.8032,-175.3456,98.9998,-53.7525,22.8326,-34.4670,-52.4190,-109.6733,70.6085,6.3940,-55.9252
46.5559,-4.8781,-11.5538,-13.8831,-6.5039,23.4023,-8.8708,-44.4845,-55.7206,-165.2619,60.3620,-37.7220,-1.2214,-19.3344,-4.8487,-47.9002,61.2362,-21.0537,-17.0877
34.3746,5.0992,-12.8905,-15.1324,23.0241,18.6262,-20.2303,-49.1276,-3.6201,-136.4294,18.1447,-11.0062,-14.4282,-1.1450,19.9130,2.5194,65.7591,-40.5350,4.2795
22.1745,19.6068,-24.4315,-14.8038,4.1459,5.7509,-39.2102,-48.1492,7.4033,-123.6085,4.5315,7.7642,-33.6258,7.2931,9.4258,10.2371,78.9069,-37.7725,4.1161
8.4550,24.2255,-15.8017,-5.4326,-7.0939,16.3239,-44.1129,-44.7451,-5.7158,-115.6210,14.4921,14.7856,-47.2025,-3.9420,10.3955,7.7737,50.1283,-23.3939,24.7448
1.4377,0.6961,12.2514,11.7393,51.8043,47.5285,-17.3106,-21.5971,-16.9446,-66.2918,29.0442,8.4627,-25.8829,-10.2049,20.2684,10.8710,13.9657,-10.1555,62.4283
12.2967,-44.7413,26.8920,17.2645,105.7152,58.3900,12.7767,1.9316,-26.9424,8.1731,31.8344,-22.4142,-1.6735,-7.1862,16.3748,8.3565,8.4875,-1.1083,65.8176
19.5415,-68.6950,24.7611,9.6249,90.7579,37.8411,11.8598,-23.5565,-31.1851,38.2015,24.8599,-62.8215,-10.9646,-28.5459,17.0379,1.5176,-6.0507,1.4971,35.9415
12.5809,-57.2090,29.0511,6.1956,67.8981,15.1523,0.4706,-68.7802,-38.7433,17.2382,37.1735,-78.1032,-18.4620,-63.6521,24.3522,-6.2029,-35.5976,-1.1734,16.6814
11.7632,-55.1373,32.9097,-0.5528,65.3632,1.4465,2.2010,-72.4344,-58.3615,12.9765,67.3296,-80.6240,-14.3005,-70.0539,26.0158,3.7027,-40.4205,-9.9862,11.6233
10.8878,-84.3535,8.4011,-33.6735,29.4530,-21.2477,-7.3793,-55.9476,-39.6890,62.4469,63.5636,-106.7339,-47.9524,-62.7666,48.3287,56.5651,-38.0957,-39.1302,8.7852
-8.1048,-103.1615,-30.7462,-75.2040,-26.4101,-50.6440,-32.3422,-46.4517,45.3143,126.0379,18.2543,-125.9380,-92.7395,-68.8402,88.2410,107.9628,-56.3722,-82.2401,24.5480
-24.5244,-81.0511,-43.9178,-84.9462,-41.9838,-60.2816,-37.3641,-19.1277,112.8839,140.1321,-3.2318,-90.7154,-69.9629,-61.8365,88.0314,91.8005,-64.3242,-100.4417,43.2687
-24.9952,-48.7965,-39.0252,-73.2105,-41.7551,-52.6290,-27.2138,0.7410,100.7103,91.4306,31.5496,-44.0871,-7.4179,-34.3490,50.3742,47.4531,-51.1967,-89.5478,8.7025
-24.2258,-47.2908,-50.0587,-75.5641,-68.9896,-57.6639,-26.6303,-32.4966,64.8478,30.8648,79.0931,-41.0193,20.7615,-20.1200,31.4287,36.1395,-51.8072,-84.1222,-66.0672
-10.4325,-68.5643,-55.4659,-76.9454,-85.8462,-68.3818,-13.0503,-67.4565,45.8876,1.1421,94.6362,-46.6106,29.1974,-17.5992,28.3149,18.2612,-69.1474,-77.6257,-96.5248
19.2920,-74.4717,-26.5205,-54.1973,-64.5064,-48.6119,21.7223,-48.9669,21.7635,-7.9472,79.5325,-32.5812,47.6041,-11.4639,19.5213,-25.1642,-79.9471,-49.4659,-66.5837
15.8065,-56.2170,-11.2846,-42.5752,-52.5948,-11.6274,34.0041,-20.4523,15.1622,-13.1062,60.3323,-34.9493,51.7391,-15.7729,29.5642,-21.5401,-80.4629,-38.0754,-44.4611
-24.3694,-39.3745,-45.7761,-63.2302,-73.6212,-3.9489,21.7254,-14.1748,48.1994,-15.9629,52.0780,-50.1862,39.6828,-19.8467,55.9992,33.8496,-71.1263,-63.3777,-54.0937
-36.8562,-34.9361,-69.8747,-67.7251,-81.9302,-16.0909,25.8446,3.6555,61.5393,-21.3483,38.3243,-45.9532,31.3165,-3.6347,59.0372,57.3659,-54.2046,-65.2306,-50.7489
-20.2972,-35.0964,-46.5141,-36.8778,-51.0177,-6.8628,35.9865,42.6402,43.9117,-11.0593,-1.4581,-54.2365,11.4370,0.1327,51.8818,45.7715,-49.6470,-25.0909,-11.5894
-29.0724,-44.6543,-36.2174,-24.4259,-19.9921,8.4482,26.5494,78.4012,72.3988,36.8582,-48.9650,-90.4078,-22.5268,-18.9589,72.8202,65.1423,-62.7196,-11.8754,37.4496
-52.2934,-61.5177,-70.7234,-46.5403,-30.0861,-5.1446,16.8540,96.1211,130.0115,76.4124,-69.4011,-95.8084,-45.2213,-12.0629,96.1363,106.3239,-63.5425,-38.6994,62.6953
-52.6267,-60.3791,-93.8350,-52.5890,-57.5223,-23.9096,11.9643,83.6647,117.1435,63.2816,-62.5581,-69.5195,-60.1281,12.9332,80.4863,114.4685,-35.9108,-39.5606,49.4483
-44.1892,-36.4429,-71.1257,-32.3733,-52.5723,-18.5354,-7.5679,45.9093,50.0087,44.1745,-45.3580,-71.3951,-71.3286,2.1059,48.4031,98.4485,-5.5252,-13.2941,10.6112
-37.0428,-15.7313,-36.9833,-28.6472,-32.1355,-18.6502,-38.5273,9.1236,16.5327,46.2879,-15.2731,-83.0046,-69.2368,-22.5677,38.6494,99.9535,3.8935,-19.9159,-24.5098
-22.1089,-14.8438,-24.8226,-40.7582,-47.2075,-42.9116,-82.3269,-14.8564,17.8441,31.6219,15.8269,-67.7560,-94.2905,-19.6177,42.6209,117.3841,-2.4049,-43.8405,-31.9758
-22.0003,-35.8039,-32.1645,-28.9636,-70.7445,-46.9680,-134.8909,-10.3816,24.4475,29.1865,7.5140,-69.0428,-168.8779,-12.6650,38.4531,124.2945,-15.2557,-22.3098,-0.3246
-46.4667,-69.8126,-42.6539,-1.2751,-49.3088,-6.6327,-142.3738,38.7211,43.8930,83.2420,-29.2372,-95.0053,-204.4285,-11.3431,32.5231,116.1101,-33.4693,23.3507,49.0432
-62.1686,-83.7322,-45.6667,5.2546,-21.5143,32.1126,-94.9822,77.1618,55.5464,114.5275,-27.0437,-86.1675,-149.1752,1.4441,29.8208,96.5551,-49.6229,32.5975,61.6426
-62.2085,-56.6133,-40.8091,4.8047,-28.1446,35.6900,-68.3387,43.3913,38.9851,64.2192,4.2165,-50.5904,-90.9845,-0.2134,16.3610,57.2091,-53.6100,26.0993,30.6910
-61.9986,-14.3845,-27.4549,29.4256,-15.5463,34.5619,-65.0695,-3.8731,30.7369,8.6726,-19.7451,-31.0970,-73.8973,-17.8243,0.9303,14.4843,-46.0453,47.6341,15.0063
-50.0388,17.8382,-6.9078,56.2533,28.9471,53.7187,-15.3955,6.2095,31.6848,-17.0610,-78.8778,-4.3482,-33.9483,1.5048,5.4855,7.4281,-30.9158,69.7011,20.3715
-33.9075,41.3793,5.7709,59.2320,36.1077,66.6832,41.9749,21.3711,-2.0883,-51.0598,-77.6611,30.2789,21.7490,35.0597,6.5735,14.9235,-16.3677,71.0205,-3.3942
-42.6392,51.5684,8.3235,65.9973,24.9258,54.2008,33.1385,-7.6186,-32.5373,-53.8640,-50.2067,23.2695,28.0477,9.2501,-21.0158,-22.1542,-17.6805,85.6594,-27.7741
-50.2552,52.2331,24.6714,81.0670,66.1133,42.7825,10.6190,-32.0459,2.0178,2.6638,-82.0689,-1.0304,18.8365,-43.3901,-34.1668,-72.6120,-24.6422,95.1884,3.5826
-21.0369,63.6337,53.2491,54.5771,102.9693,48.5317,26.4451,-24.5236,45.6661,37.9000,-105.7078,8.9395,49.3184,-52.2738,-0.5883,-58.5639,-6.8066,37.0653,35.7328
12.4375,70.9122,56.9323,-10.9168,61.9677,38.3295,35.6030,-14.2193,28.2720,30.4247,-40.6914,14.0817,78.8245,-44.5729,26.6221,-13.4171,28.4552,-50.3879,11.0173
23.0707,48.7322,28.6345,-51.6698,8.4175,-12.4711,32.6229,-3.3302,-4.6891,41.1251,23.7202,-18.9722,73.1488,-57.5798,10.1044,-18.3510,53.9412,-80.5279,-11.8805
33.5776,27.7511,-4.2810,-60.4217,-6.8064,-68.0732,52.9986,10.2589,0.3169,48.1308,7.5934,-43.2927,63.9575,-62.5116,-7.0969,-46.4888,78.8822,-74.4077,-1.2932
40.0730,33.8181,-34.5892,-74.9420,-36.9054,-79.8564,60.3684,-0.0327,19.8196,11.3629,-23.6411,-42.5476,56.9383,-50.0660,-0.4269,-40.9158,109.6393,-86.8388,-15.4986
22.7498,28.9766,-65.4082,-84.8926,-78.0552,-55.7628,26.7223,-22.4628,38.5020,-16.0301,-26.9365,-50.6550,31.1441,-42.6652,3.1595,-27.4760,116.1149,-91.7426,-47.4947
5.7616,-1.1532,-83.7520,-70.2472,-72.6413,-43.6728,-3.8497,-15.2029,71.0563,-8.0001,-40.0859,-62.1857,-1.4125,-35.2668,-1.4459,-32.8581,96.6565,-69.0836,-31.9827
3.8682,-10.2217,-84.2583,-50.9935,-52.9350,-56.5652,-26.0337,6.1350,97.2344,-5.2440,-59.5517,-55.6334,-30.3581,-29.0836,-8.4085,-43.1726,87.2759,-48.5520,9.4075
-5.2635,16.4835,-70.5680,-30.7710,-61.7940,-53.6523,-67.1437,-2.7300,83.1661,-3.0665,-62.1306,-41.1969,-62.8918,-45.5920,-34.4718,-68.8014,93.5756,-24.4466,22.9351
-19.1234,43.4319,-43.8999,2.6727,-54.2562,-13.6667,-95.8189,-28.0280,46.8488,19.8030,-73.4810,-24.0907,-87.7348,-64.9002,-64.9619,-99.9825,100.6441,15.4554,30.3947
-24.6333,50.8436,-24.7004,25.0026,-15.8266,20.3017,-89.1189,-26.7748,42.6616,46.0507,-107.6358,1.3391,-100.4696,-48.7786,-55.9053,-73.2040,103.2529,32.1167,59.6263
-37.6868,46.8967,-28.4075,26.2349,2.4005,19.1397,-81.1488,-0.7947,81.1355,78.0228,-144.6015,32.2217,-116.6581,-10.2555,-22.6589,-1.9993,86.5706,24.4015,90.6082
-52.1039,46.7412,-18.8197,44.8108,11.1081,27.2558,-82.8046,22.1519,101.2320,118.6527,-168.1252,67.0219,-122.4081,14.5363,-22.6219,12.9437,55.7944,45.4400,110.9522
-39.2702,52.2696,32.9542,80.3757,59.3895,68.3194,-79.5911,44.0278,66.1713,141.1011,-154.2506,82.5107,-95.0017,14.5436,-49.2306,-29.3273,41.2587,81.3062,122.5969
-18.7436,37.5944,80.3217,81.1696,112.7324,81.0964,-78.6700,75.3280,38.1457,167.1032,-101.6455,44.2131,-61.0802,-6.3056,-46.4540,-33.2986,23.4023,71.9272,120.2244
-24.7661,-3.7265,73.5274,41.9946,106.5908,33.3951,-78.3814,91.7189,73.8877,233.7706,-71.0538,-14.4734,-54.7769,-33.4900,-11.0172,7.8843,-25.3588,28.3882,110.7360
-40.4989,-27.7135,33.6479,5.2187,56.8433,-18.3203,-73.4339,70.3588,127.8074,286.3820,-93.3012,-30.5046,-67.0008,-42.4912,11.8049,34.0873,-49.1520,-4.0931,95.7825
-41.3688,-19.0810,0.2089,-12.4723,18.8481,-41.4908,-85.9856,30.6082,147.2680,259.9810,-114.0425,-20.2602,-78.6239,-27.2587,10.0403,47.8281,-16.4393,-21.5691,52.9920
-32.8086,-16.8200,-14.3206,-15.5272,4.5568,-54.9824,-106.7869,-4.9556,139.3488,183.6025,-94.8896,-22.6011,-77.7223,-6.8669,5.9785,60.0077,-2.0191,-25.5058,-9.5240
-22.4088,-21.9960,-7.5178,-6.8623,-5.5766,-44.1530,-89.4279,-32.9848,99.7139,114.2125,-54.5785,-14.8481,-51.7035,0.3408,1.6698,39.1181,-27.9710,-11.6293,-43.1534
-16.9551,-6.0514,4.9972,-6.3648,-18.2111,-4.2134,-42.8216,-41.7947,30.6187,79.5409,-9.1791,10.5392,-14.0305,-5.7311,-7.9453,8.0241,-22.1551,-8.1557,-36.8981
-20.2749,4.5027,-5.9116,-30.8886,-31.2391,1.7320,-12.7805,-31.5423,-3.5912,77.5390,29.3266,16.9685,6.6219,-7.7513,-4.3502,23.0697,9.1164,-36.9466,-30.6418
-16.1801,-18.7147,-33.1592,-56.6532,-49.9013,-37.8660,-5.0128,-30.6808,21.3975,64.2563,44.1784,5.7211,11.2079,2.1016,11.3287,42.7647,1.5682,-64.4232,-42.1185
-3.7782,-39.2995,-43.2231,-49.8137,-66.3506,-42.6381,-13.4722,-38.7220,39.4285,19.7666,39.5545,-6.4128,8.1564,1.5924,4.7946,1.1652,-20.4437,-48.7250,-49.6071
-10.1395,-27.4311,-34.1322,-12.2427,-55.3488,3.4629,-34.4017,-29.1826,18.9809,-12.5478,19.6595,-32.8256,-7.0020,-18.4599,-23.8345,-52.9374,-11.2567,4.4705,-47.4176
-28.5489,0.4280,-19.4906,30.4801,-14.6240,37.7765,-31.3465,-15.6060,-6.8928,-25.7386,-17.3780,-54.0489,-7.9907,-26.9951,-39.0859,-59.9562,2.5672,57.8746,-56.0545
-28.8654,28.5181,7.4162,59.9632,32.0208,57.3049,11.9034,-15.4067,-27.2709,-46.0498,-41.3197,-35.1308,36.4532,-17.2033,-38.1313,-62.0893,-3.1655,84.5689,-66.1241
-26.5126,47.0007,37.9283,74.9004,74.7303,86.2319,46.8728,-3.7648,-44.9156,-44.1161,-29.7479,-9.4434,83.6431,-22.3862,-41.8899,-87.8778,-9.3522,89.6754,-40.6860
-40.4759,54.4883,45.6131,89.0826,111.4949,92.3446,42.1925,19.6465,-57.4620,-21.3714,-19.5399,-7.8783,75.1674,-32.7968,-53.4831,-90.7129,4.9254,100.7168,1.1934
-37.2962,77.1121,46.3613,113.9536,126.9059,73.6239,25.7865,23.1451,-92.7530,-45.9738,-39.1810,6.9590,38.9830,-7.3707,-74.2554,-65.7138,50.1175,131.3316,-3.4112
0.4693,110.5705,71.6288,132.7644,118.9606,78.3399,16.7117,18.0017,-150.4718,-95.4602,-55.0834,38.3365,26.7771,31.4622,-97.9845,-57.7265,101.8057,154.3184,-43.0034
37.6906,100.6883,94.6207,112.1861,100.6587,85.8691,7.4065,26.2318,-166.3629,-92.2899,-29.0390,41.2318,28.5711,40.9246,-91.0247,-51.5078,106.3781,126.7236,-52.5464
56.3581,48.8141,78.1276,53.2258,68.5976,44.6868,3.6464,27.6620,-130.9093,-68.6070,29.9486,35.0225,27.6587,48.5012,-50.4343,-7.1831,73.9599,51.6162,-42.6414
69.6475,17.8499,47.7481,-1.3211,23.5793,-9.7036,13.4600,14.3459,-104.7153,-61.8214,73.3429,61.0100,34.9749,80.0097,-22.8273,43.5175,65.0489,-15.3029,-56.9005
75.6514,13.6516,31.6172,-31.0080,-19.3418,-32.9146,22.3051,-0.1709,-88.8832,-23.1488,65.9558,84.9070,34.5477,90.7002,-18.2896,55.0829,74.1301,-46.3489,-64.8259
68.3037,-1.7387,5.6327,-64.0252,-68.3091,-54.6800,17.1128,-21.6349,-46.7597,29.9012,43.1762,73.7971,6.9675,61.4422,-1.4774,50.8826,64.7945,-78.4468,-39.8622
58.3826,-21.4562,-36.8812,-114.8930,-127.5589,-86.4356,17.4634,-31.7516,-0.1814,35.8182,54.8547,54.9174,-7.2275,41.4700,32.9643,71.7193,49.9305,-133.6131,-26.3335
50.8563,-29.9672,-61.4246,-153.7674,-162.1747,-97.3008,46.8679,3.8231,27.6126,35.1656,74.2832,39.9611,24.0673,46.7990,64.8527,104.4337,32.5512,-174.9987,-36.4208
42.7381,-42.4357,-66.9084,-161.3745,-164.0728,-100.6383,76.9642,45.5816,51.5214,52.0567,68.9471,18.8680,50.4831,45.4074,84.2215,112.9019,-1.8758,-177.9903,-31.0481
40.1081,-54.0993,-79.1931,-155.7007,-169.5746,-119.5525,66.8031,42.3214,54.1217,28.3138,73.0488,9.8107,28.0056,40.8942,82.4030,105.4241,-12.6171,-166.7001,-16.8406
46.5050,-45.2069,-84.9022,-149.3551,-173.9876,-120.4547,48.5769,34.3664,14.6896,-7.6458,87.3315,18.5179,-3.5623,53.4146,67.1364,115.8925,27.9012,-157.7754,-16.5230
51.4353,-29.4827,-62.9415,-127.8205,-141.7329,-84.1190,70.5282,56.0434,-19.9049,10.7406,56.9806,19.1438,-1.3451,62.3674,62.9843,127.2210,54.8086,-132.7217,-7.7998
42.3015,-24.0883,-34.0117,-77.8656,-84.2215,-42.9444,93.1740,65.3085,-11.9445,27.4621,-2.1142,16.8137,14.9780,56.3836,57.7967,95.0737,24.5629,-75.6773,11.6335
20.4829,-16.8197,-14.0967,-15.4733,-29.8342,-3.7118,67.0444,54.2155,3.5026,-0.3556,-26.3095,39.3531,18.6264,64.9136,29.4089,48.2984,-10.1692,-8.6670,14.7926
4.3615,2.0589,11.8548,24.4687,15.0336,49.1013,31.3082,60.7575,-3.3914,-11.9243,-22.3751,76.1673,14.5157,88.4545,9.8213,48.0480,-10.9421,24.9648,19.7454
5.7475,24.0983,38.2295,33.6933,35.9270,83.5682,22.6128,66.5963,-14.4862,-7.5733,-26.1946,96.8651,8.0939,88.1075,16.5655,60.7093,-2.5021,22.9397,46.1488
13.1109,38.4670,42.9275,43.2213,35.1586,67.9829,14.0160,38.3052,-15.6996,-35.8089,-38.7151,95.2334,-0.6177,64.6105,6.2343,23.7940,1.8107,32.5168,53.3793
19.1430,41.3003,42.5740,68.9105,52.3583,44.7208,5.1690,5.1875,-17.7192,-63.4407,-60.7347,84.7225,2.8807,58.7643,-23.1468,-19.9642,9.4006,67.0231,19.3785
30.5613,38.8540,63.4956,89.7881,90.4699,64.3371,25.7224,-3.8804,-27.5821,-70.2695,-82.7404,78.6446,31.4710,72.5558,-22.8959,-19.9766,3.2754,88.6189,-14.7133
34.2228,31.4986,81.8850,93.7854,108.2145,102.0892,60.7308,-3.0043,-33.9132,-87.9830,-73.1735,71.7882,71.3712,67.4103,-1.8804,-26.3329,-33.6676,89.2560,-17.3025
14.9553,7.9950,62.9082,82.0955,97.7858,107.7980,83.0843,1.8797,-20.8673,-80.5846,-47.0427,50.8397,87.7284,38.5859,7.0675,-53.9735,-68.7651,82.0329,10.1592
1.4296,-18.1210,27.0738,45.6082,74.2836,81.8667,88.2258,18.5813,10.3800,-18.4868,-52.0613,33.6942,56.2547,27.1336,29.3895,-20.3244,-58.2112,44.1215,55.8624
19.1286,-16.0908,15.7621,-0.1306,37.7321,50.7274,64.1864,36.6021,41.2957,23.8483,-77.5981,44.6740,0.8423,48.5574,69.5803,69.5375,-21.5631,-17.4564,81.9626
38.0140,3.1923,23.0718,-13.0521,8.5421,22.4623,21.9465,35.6926,53.2600,15.8404,-81.9959,58.1182,-21.3553,62.6586,66.5927,89.6327,-2.1383,-36.7572,55.9964
34.7708,12.9499,20.8402,3.4331,12.6273,5.4653,8.4918,8.3577,37.9010,15.1620,-72.0771,45.3540,1.1606,39.1797,12.9265,13.9493,19.1852,-8.8398,13.1510
35.7026,27.8302,16.1572,8.7020,26.3661,12.4484,20.6473,-24.3682,11.4569,23.5980,-81.2136,32.6410,13.3292,5.7032,-20.1057,-43.8738,71.9947,-0.0721,10.4434
55.0575,49.5019,27.3425,-1.7460,24.7503,23.5608,14.1977,-22.3577,8.9346,23.3596,-108.7378,38.5461,-13.8897,-3.0167,-5.8887,-29.8906,112.6923,-21.9037,47.0841
69.6047,36.6521,40.5328,-14.0883,28.7586,8.2492,5.7082,18.6626,26.8836,61.6298,-110.2052,38.6710,-33.4844,5.0365,13.5857,1.8455,102.0598,-41.5778,85.6048
64.3746,-5.8444,37.5652,-34.6572,45.1297,-20.1385,28.8199,50.3919,22.9977,132.8795,-52.1480,30.2677,-7.2094,8.2719,14.7996,16.4421,75.7311,-63.4194,99.4590
44.6987,-27.9839,26.6013,-56.3770,43.0850,-36.1699,49.1004,39.3038,0.6925,160.1755,25.1855,28.4082,30.2618,2.2484,12.7344,26.2027,51.8752,-86.9637,77.6741
21.9996,-34.9362,16.6389,-59.5743,14.2374,-51.1826,34.3950,7.1631,-1.7978,142.2693,62.0947,19.3775,33.9526,-7.4556,15.2295,32.4476,4.1058,-83.8510,34.6384
11.6041,-54.6855,8.5125,-50.1780,-12.6492,-69.7550,9.2945,-9.9245,3.1227,124.0825,74.2509,5.3746,13.9206,-6.9900,12.8490,31.0719,-45.3120,-60.9871,5.0095
14.3453,-58.5554,11.7736,-36.3588,-16.0190,-65.0031,-9.2382,-8.8373,-13.1582,89.9926,94.2186,16.9548,2.9444,10.5410,1.3930,28.4403,-53.8332,-42.7203,-4.1801
14.2022,-25.2998,25.2026,-10.0497,-4.0879,-37.4739,-28.3608,-18.7211,-36.0979,27.9153,96.8460,42.8622,4.6709,23.0785,-18.1418,12.7640,-34.4063,-18.4283,-18.5701
12.0261,13.1863,32.2433,24.5671,10.3211,-14.7301,-38.6037,-51.2156,-59.1841,-29.1719,70.1650,57.6106,6.6033,19.1486,-49.7628,-30.8051,-1.2498,20.7368,-39.7783
17.4641,49.1952,37.6689,60.4041,36.6608,10.0297,-27.9017,-73.0896,-92.1309,-76.4320,37.1320,89.9471,12.3194,28.3165,-86.0558,-76.2741,52.5675,60.2406,-37.9819
17.5930,99.0914,52.9134,97.6281,75.6999,53.1661,-5.4455,-68.5971,-109.9326,-124.6706,-5.3348,151.8033,26.7310,57.6412,-100.7694,-89.1429,95.4170,90.6345,-9.9715
7.3378,131.2734,60.0043,113.9298,87.6608,88.6400,11.2879,-73.3504,-105.6724,-152.9515,-39.6136,189.9965,33.8032,72.8703,-87.9606,-75.2539,98.8103,100.1337,6.4823
10.3492,116.9050,47.8742,95.9842,55.1474,91.6472,2.8758,-93.7653,-116.9489,-164.8118,-16.2842,189.0677,20.5977,80.9783,-78.7124,-54.1388,96.3857,83.4136,-14.1971
28.4602,93.3346,36.3623,82.7935,26.7324,84.2411,-34.7924,-91.0780,-128.5520,-197.2310,25.3089,191.3919,1.7737,118.5082,-88.1805,-32.0933,109.2458,72.6495,-56.2121
32.7292,90.7235,31.3115,97.8762,30.2353,95.3082,-66.9047,-76.1932,-101.7305,-238.2234,7.9945,194.1634,-3.3091,155.4863,-95.3206,-23.9683,111.5159,90.1682,-92.9249
22.1347,92.6178,26.0073,106.9643,32.6567,119.6027,-60.2383,-90.6025,-87.6618,-244.6706,-23.0843,167.7873,7.6693,139.2015,-93.3090,-42.9928,104.6397,105.7841,-115.0916
21.9830,99.7739,35.4503,93.6731,22.0158,129.6409,-32.8981,-108.9224,-127.6327,-223.0442,-2.0413,136.0392,29.7891,93.7007,-94.6731,-67.3321,109.0672,96.3451,-124.6369
30.9999,117.9327,57.2271,80.4216,18.1945,107.7593,-20.3944,-92.4314,-149.1592,-201.5856,20.6789,119.7141,50.0596,64.5176,-93.4373,-73.3063,107.1937,79.8392,-123.5862
29.7056,107.5030,58.4059,70.6686,21.3270,69.5550,-19.2920,-67.3222,-117.5030,-170.7191,13.7882,85.7588,50.7441,40.3217,-79.2109,-71.6810,78.4641,70.1299,-108.3592
16.0826,55.1439,41.8358,54.2547,31.6647,42.4757,-1.9480,-51.8268,-103.4399,-115.5678,34.2617,26.0540,39.3378,2.9026,-57.6670,-65.8548,37.2228,60.0347,-70.0956
-2.3210,19.2685,34.7733,33.8058,49.6407,23.2489,22.1830,-23.6967,-115.4743,-59.7801,79.7969,-20.0493,32.7611,-31.9742,-31.4650,-35.5842,7.3633,39.0230,-19.5418
-16.5946,21.6350,28.2051,11.1594,43.7502,-0.7488,7.7296,1.0127,-93.0744,-34.3855,89.9537,-43.7266,13.6121,-48.9123,-4.0893,11.4741,-0.8878,8.0647,1.5538
-12.6499,12.6522,16.0358,-4.0854,11.7695,-12.8834,-44.2459,-8.4691,-61.5388,-34.6813,76.4660,-63.0947,-29.0211,-43.3500,6.4758,42.0411,2.6338,-7.8627,-25.2096
5.7413,-13.2802,23.3114,0.5233,4.0445,-5.0805,-76.1769,-20.6012,-71.6036,-29.2067,80.4971,-68.7150,-55.3772,-22.7773,-2.2999,49.6585,1.5309,2.3325,-54.3050
12.7568,-10.0138,40.0710,2.2670,14.3995,-5.8399,-77.9680,-5.0465,-76.3418,-1.0449,87.8122,-55.2306,-49.4056,-20.7772,-10.4524,43.1702,2.9817,0.4965,-40.7326
3.5370,11.8533,27.2867,-21.0044,-13.7476,-26.7357,-93.7936,5.0332,-35.1349,24.5801,79.7601,-50.2834,-54.3817,-51.6430,-12.3823,17.9129,17.3036,-30.4253,-6.2679
-3.3914,5.5436,-7.2194,-42.8503,-59.3845,-41.8739,-107.0917,-7.6326,8.3170,13.7438,64.2226,-63.5166,-72.9054,-72.8637,-6.8565,-6.8506,17.9636,-49.3221,6.6485
-11.4026,-16.2326,-32.3741,-45.1123,-66.3309,-37.8659,-71.1884,-12.9118,32.8011,-16.5629,41.7299,-71.5552,-58.7840,-56.2312,20.4649,11.1158,-12.4053,-45.7984,-3.7951
-32.4569,-15.5495,-44.4638,-45.6186,-55.2742,-27.0383,-34.8742,-10.3242,59.2733,-22.7644,17.0224,-68.9296,-29.8321,-38.0423,52.1493,53.7404,-39.7265,-48.6698,-21.3180
-48.8899,-2.7702,-42.7155,-41.1556,-60.6892,-20.4791,-60.0424,-20.9613,71.4443,-9.1916,9.8882,-75.8474,-35.5764,-50.4909,46.3429,51.9665,-45.0903,-43.4550,-40.3549
-50.0463,-4.3222,-31.4024,-23.3416,-65.0957,-19.8580,-94.7597,-23.3182,61.4203,-7.8008,20.7208,-97.9862,-50.3326,-75.8728,17.7101,4.0379,-56.7896,-14.8712,-47.5732
-57.9939,-17.1679,-33.5131,-18.0163,-59.4002,-13.8691,-83.4436,3.3032,73.7052,-5.3443,25.1824,-117.9184,-39.4866,-91.5624,19.3627,-21.2191,-84.4987,-3.6291,-24.6765
-74.6674,-30.1649,-44.1963,-30.7634,-55.3593,6.2979,-60.2850,32.8549,111.5173,31.7860,9.5095,-122.5154,-31.6033,-97.1024,47.5698,-5.6055,-106.0682,-20.7548,17.8691
-76.6490,-47.2077,-43.6176,-38.7795,-50.4388,14.2297,-42.8531,50.8590,127.8326,89.6748,-8.0313,-123.9416,-32.0714,-97.1177,60.5002,5.7870,-116.0098,-29.0971,45.0649
-69.1992,-71.3782,-53.7144,-50.5273,-53.4046,-15.1716,-11.2316,67.7397,122.9506,120.1771,0.6488,-140.2126,-11.3771,-93.8387,56.9494,1.5220,-120.3044,-32.6548,36.3174
-65.1622,-82.5850,-79.1509,-67.9909,-75.0854,-47.8705,0.2604,66.0392,114.1339,92.4875,28.3390,-150.3435,2.1663,-83.1053,51.5513,5.3900,-108.3274,-44.9334,4.1331
-49.6885,-61.8881,-69.5507,-55.5807,-84.3884,-45.4331,-34.2748,40.4623,80.4399,31.2218,43.6326,-117.3525,-22.4582,-55.9998,35.6927,15.9087,-81.2875,-35.5654,-20.2730
-28.8346,-41.6065,-30.8518,-27.4358,-65.9329,-31.4871,-54.0324,40.0699,38.0715,14.8365,49.2642,-65.3849,-38.8978,-20.7619,18.3894,27.3694,-70.9727,-11.5921,-17.0579
-30.3905,-66.4558,-30.5005,-37.2514,-60.9202,-33.1279,-27.1371,77.3555,36.6830,77.3938,62.2812,-51.7748,-28.2738,-0.9958,24.5519,49.5175,-85.2529,-19.8645,8.1804
-39.0376,-104.3908,-56.6923,-63.3256,-75.8148,-35.1166,-3.5277,101.4438,54.5043,149.2528,56.9281,-69.7664,-39.2317,-3.8731,39.9555,67.6021,-86.4572,-40.5250,42.2138
-33.6751,-97.4007,-52.6415,-54.2212,-67.6964,-34.4858,1.5937,106.2339,48.6788,173.7348,18.1392,-76.4979,-61.5376,-15.7511,34.7908,57.9281,-63.3646,-27.0060,70.7700
-38.5464,-70.7613,-43.0893,-33.5524,-50.7534,-43.3894,12.8346,120.5768,40.2771,171.7140,-1.0434,-72.4533,-43.8102,-20.7162,14.5921,33.7531,-53.6088,-1.0569,66.9236
-50.5619,-70.1037,-56.5588,-32.4148,-67.5555,-39.7722,14.9445,119.6712,31.5871,141.2641,35.1513,-62.1438,-12.7937,-7.9349,-5.1344,13.1023,-61.8463,6.7463,28.1055
-33.0593,-69.3765,-48.4216,-25.0390,-75.7752,-7.6556,1.9610,87.0716,-4.2198,67.8509,78.5109,-25.5404,-6.8990,15.6061,-19.1027,-6.7677,-54.5105,9.8210,9.4200
-15.0940,-49.6360,-16.1059,-3.0473,-25.6627,19.4329,10.2209,62.6442,-21.0966,14.8681,79.4046,13.5227,4.3866,23.3386,-12.3935,-14.3173,-48.5267,12.9385,39.5638
-39.4908,-43.9682,-18.8724,5.6697,17.6045,18.6943,32.7918,48.5917,15.1594,19.2275,54.5660,9.0304,26.2482,7.3480,9.7608,-5.2253,-72.1147,11.3262,57.2069
-56.0489,-50.2362,-45.5866,1.1185,-8.2928,7.3558,27.9969,23.8999,31.2473,16.5926,37.3181,-21.6768,18.9829,-11.1128,7.4185,-16.9476,-77.2704,18.2289,27.2037
-21.8984,-38.3225,-35.8101,4.2428,-33.9427,-6.4764,9.3796,25.5632,-5.0119,-8.9670,30.5828,-44.4672,-2.1309,-25.7053,-21.9648,-59.8910,-35.9549,33.0678,11.4047
10.5907,-21.5541,2.7282,20.5078,5.2878,-16.7048,6.0531,52.9862,-35.3113,-12.3548,27.4399,-61.3561,-1.1668,-42.0589,-38.5921,-86.6759,-7.9530,45.8920,31.3847
12.9737,-13.0632,31.8018,44.7412,49.0299,8.8440,1.6033,36.0238,-61.5038,-21.3537,29.5326,-56.3772,3.7275,-38.1760,-40.6373,-77.2144,-9.4752,64.2663,20.6598
21.9749,1.6289,49.3139,56.6281,37.8065,65.7288,-13.1759,-4.5424,-105.0073,-56.4024,35.6037,-20.0184,-1.3377,-4.3106,-45.6327,-55.4165,6.8612,74.6007,-27.2070
32.8849,10.9206,48.9374,33.3442,-0.4790,81.7806,-27.7407,3.8382,-102.5634,-57.4427,40.0555,-6.8861,-5.9180,15.8356,-34.7529,-24.7963,23.4281,46.5169,-50.6912
17.2158,7.0373,20.5430,-5.1162,-35.7280,19.6033,-49.9298,14.2861,-46.1600,-30.7311,41.4735,-33.1507,-23.7993,0.4668,-7.4334,18.9039,8.0647,1.9701,-54.7828
0.8302,20.8901,-5.6485,-17.6348,-56.1396,-57.8331,-68.6180,-21.5601,-23.1694,-35.8561,33.6732,-31.5213,-49.3778,-8.3303,-3.1864,47.9669,10.0472,-13.0203,-70.2830
7.4673,44.0625,-3.0757,-5.2825,-38.1080,-75.3188,-51.0533,-31.2007,-31.1549,-39.0633,7.1607,3.0203,-41.7373,5.1892,-19.0900,38.2115,42.5802,-3.5228,-61.5644
14.3833,35.3862,6.5234,3.8003,-7.3885,-41.3748,-15.5326,0.7711,-9.3590,-11.6397,-21.8130,13.3214,-13.4999,5.7051,-17.7053,2.5501,39.4570,3.1574,-14.1648
9.2566,19.6810,4.4855,4.3818,-16.2297,-16.5116,0.8956,-0.7843,7.9103,-5.6075,-23.3015,22.5851,-6.7428,-7.6472,-9.7126,-31.5206,4.6475,5.3442,25.1346
-0.3354,36.5867,7.6330,9.8636,-27.5940,-22.8368,16.4923,-12.3721,-14.9736,-5.2822,-5.9001,61.9188,-1.1942,-12.0897,-21.3193,-50.1176,-3.5744,11.7121,50.6263
-18.1020,53.6777,22.0790,25.9006,10.0544,-30.2906,43.2402,19.6363,-34.9593,33.3926,1.3086,65.7988,20.9073,-26.6795,-33.9259,-58.7325,-4.7762,28.7151,82.3359
-43.3501,37.6419,23.5035,40.1268,41.9745,-23.2309,49.2164,36.6015,-33.8047,50.0466,6.0174,12.4677,21.3236,-59.2871,-23.8362,-57.5159,-40.3301,50.1131,94.4097
-63.3440,2.3106,0.9710,33.6404,25.4792,-24.2181,41.7084,16.9253,-24.2654,28.8154,28.4304,-21.2647,1.4664,-68.2855,1.6413,-32.0700,-89.5051,50.2579,84.5298
-65.8749,-42.5030,-19.1103,12.1638,13.4244,-37.1849,52.0236,29.8932,-8.1043,48.1668,59.9299,-21.2583,2.7286,-44.9843,20.8645,0.8066,-120.1702,28.9483,88.0790
-44.5041,-79.8846,-13.4024,0.8736,20.5398,-33.9930,55.4157,55.3489,-16.8406,77.8227,86.5691,-35.9370,12.4733,-27.1909,18.0683,5.7521,-120.3732,19.4518,77.8681
-25.3295,-75.4849,-4.7620,0.4011,2.5564,-19.2326,31.8524,26.6648,-48.6729,42.8589,99.2167,-49.5770,7.8056,-22.9824,5.4715,1.3146,-98.5943,22.6455,19.7495
-47.6164,-44.3504,-27.0321,-4.4197,-30.1422,-28.7980,16.7592,-12.9523,-30.2145,2.1194,85.7179,-35.4247,8.6616,-20.6275,7.5887,14.7980,-93.6173,16.7758,-25.9041
-83.3643,-31.8452,-61.1567,-3.8525,-46.7480,-50.1752,21.0103,-16.1026,18.2173,-5.3569,57.9354,-20.8055,9.3603,-19.6509,13.6023,18.6224,-110.6873,20.0340,-18.8390
-72.4557,-33.1570,-60.6944,15.7298,-49.7000,-34.8614,18.7691,-18.6252,-2.6303,-39.6692,38.3355,-12.0894,-12.8515,-0.1925,5.3503,14.4054,-100.0923,48.8185,-18.2210
-31.7740,-26.0400,-21.4509,41.9620,-19.4849,8.8427,12.0379,-26.6462,-54.4143,-73.8367,16.4440,2.9186,-27.3717,40.4442,1.9478,39.9412,-65.5240,73.0960,-45.7578
-8.5717,-18.2696,24.1554,61.1963,45.4980,28.6269,12.6009,-17.4926,-50.9652,-47.6978,-14.2013,1.6450,-9.9685,48.3641,7.5550,51.1388,-57.8475,78.6856,-49.1635
8.1067,-12.3759,53.1632,72.2873,82.2309,21.7377,21.4658,-13.7838,-44.7624,-27.0980,-28.0206,-13.8289,11.6661,16.4442,-1.6776,3.1662,-61.4036,84.6794,-28.6002
28.8467,-4.8204,61.7342,72.9193,79.1236,25.1726,50.7554,-18.7000,-79.8434,-54.5014,-17.2914,-5.5488,34.8828,15.5622,-12.4051,-25.9989,-45.0150,87.7311,-31.8210
31.0604,-6.4084,56.6307,64.7080,85.6774,33.9219,80.2676,-11.4664,-100.6149,-71.1562,14.2944,20.1928,72.6656,49.5767,-12.4438,-4.8271,-32.8789,75.1904,-55.3253
24.0473,-7.8683,46.3110,53.8630,81.3280,17.6700,62.9983,-23.3474,-101.2520,-76.3135,66.1044,39.0175,86.8642,48.6875,-34.0180,-26.3273,-24.0835,58.0341,-61.4034
24.2110,17.5999,32.3768,44.9751,37.7981,-6.1591,30.7772,-59.4678,-104.4260,-94.3747,76.7589,62.0606,58.9407,17.7846,-64.2218,-83.2215,7.6486,48.9175,-37.8260
8.7546,63.6367,22.9483,52.0876,20.6395,0.0536,44.8121,-51.3560,-81.3764,-79.5528,-3.7460,85.4694,38.5864,10.9600,-58.0628,-79.7206,36.0058,58.1992,-0.9022
-15.8766,96.6290,33.7597,76.8366,53.9190,21.9799,61.0196,0.5624,-59.7797,-38.6593,-67.6877,87.9423,45.5016,17.0582,-52.6521,-56.6597,41.0581,85.2822,20.0761
-7.2387,92.9469,51.1325,80.0230,63.4597,23.4210,19.9717,15.7666,-86.5678,-37.1493,-8.4609,82.1236,42.9044,9.8986,-84.5802,-84.3327,53.5788,86.6316,15.1934
22.5480,57.4981,42.1857,40.3160,33.4432,10.3944,-30.5827,-9.0703,-89.7768,-48.9065,64.5199,73.0887,19.1316,4.1041,-91.5677,-96.6420,76.1773,35.1402,10.2031
32.6278,27.5940,11.3492,-2.7107,7.7581,-1.6942,-42.1949,-14.9822,-26.2036,-21.5362,28.9253,39.7866,-10.2516,-0.7129,-51.6314,-59.0547,89.7994,-16.9711,18.8490
31.1579,22.9336,-15.2006,-23.7863,-23.8868,-29.1023,-45.9222,-0.5763,17.7762,10.2262,-29.3787,1.0453,-41.3833,-13.0011,-31.3213,-35.6586,103.0681,-31.4425,20.9373
33.5822,7.3826,-35.2212,-41.2310,-64.3884,-67.9028,-57.4956,5.2410,23.5337,16.5851,-20.3657,-12.2460,-61.6378,-7.9428,-30.8483,-21.5524,96.6616,-39.7707,4.6777
26.4642,-34.0755,-47.3861,-44.9663,-63.0773,-72.4705,-48.4705,0.6720,51.3424,15.1158,-11.0789,-16.3490,-50.5481,21.4731,-5.6437,15.4520,41.3021,-41.6709,-23.0344
15.0156,-55.3830,-38.4906,-12.6414,-20.2451,-31.1202,-13.6331,-13.5925,70.8994,0.7497,-46.3041,-14.7865,-13.8940,47.7113,13.2296,24.6535,-14.8202,-5.0895,-52.8045
19.1233,-39.7689,-17.7315,24.4938,12.8764,12.3934,20.8031,-35.4618,44.9312,-35.6378,-70.1113,16.7418,22.4598,65.6206,-0.1433,-6.3879,-19.2258,35.3465,-68.1969
29.7737,-15.3733,-1.0114,39.5614,31.7454,32.4871,23.7574,-46.1995,20.7181,-78.5148,-63.1465,52.6606,34.8737,79.8513,-11.2307,-18.4709,2.1157,42.3807,-64.3832
28.3990,14.9204,21.4973,57.8814,59.4668,45.1771,-4.3088,-35.7709,5.6694,-107.8530,-60.2946,52.0691,21.8523,75.3568,-14.7067,-6.7504,17.9276,52.9424,-58.8513
18.0088,46.9284,50.0677,80.9919,90.5821,60.4551,-12.3232,-16.0683,-27.0308,-97.2185,-68.7144,37.3307,12.0421,58.3412,-18.7457,9.0432,27.9802,76.4657,-51.2354
16.4522,52.7415,62.7120,77.2904,109.6260,66.9996,14.4335,-8.1269,-43.6117,-57.7821,-77.0696,39.1034,16.2319,53.7154,-3.7135,37.6051,34.2636,67.7514,-30.0144
36.2303,49.9477,63.5399,60.6623,112.3299,54.1168,16.7425,-23.3794,-38.2650,-51.7743,-84.0699,46.7409,8.2921,55.7504,6.8660,49.6935,58.5329,40.1236,-17.6443
60.4523,76.5274,75.8113,64.5491,111.8158,27.7352,-11.4218,-43.1220,-59.1342,-75.9676,-83.4712,53.5208,-4.2267,46.9033,-22.6585,19.7347,106.6197,40.3391,-30.3105
58.6666,107.7593,95.2620,76.1087,126.7019,12.0932,-11.1416,-44.1442,-90.1312,-68.5029,-66.4558,59.2260,15.3310,26.6942,-51.3642,-10.6789,123.8614,51.7478,-37.3686
38.5784,112.7124,99.8921,73.0213,133.2352,19.3062,-0.7931,-42.5652,-88.9192,-54.2300,-38.6390,52.9595,38.5734,-3.2507,-48.4569,-28.6799,97.5096,45.2442,-20.8593
29.1482,111.0422,78.6510,57.5925,90.5688,27.0324,-33.3536,-57.3681,-69.8327,-82.1002,-18.5170,47.2913,13.1420,-30.1401,-49.8911,-60.5110,93.9040,29.7383,1.3644
25.3948,107.7616,40.1018,32.8688,23.8058,22.9224,-69.8511,-64.0564,-46.7339,-101.8169,-12.0986,60.3811,-30.6824,-32.3038,-57.1609,-77.9507,117.1612,8.4290,24.1841
14.1832,86.2944,11.9587,9.5190,-15.9316,26.9924,-71.3874,-41.1207,-24.8181,-81.5363,0.0896,69.8452,-46.8325,-19.1980,-45.4599,-60.8233,107.8781,-11.7055,48.4306
8.1801,59.6055,5.4711,3.5616,-33.1698,34.0392,-70.1214,-4.2797,-17.8701,-66.0151,11.2289,54.2002,-59.8315,-10.6435,-28.9277,-38.1756,73.1765,-9.5494,62.8413
6.6973,36.1317,-9.1135,-3.4174,-45.0217,13.5434,-56.7871,34.0330,10.5024,-45.4404,-24.9665,25.2568,-82.2801,1.7425,2.3168,8.1199,47.1126,-7.5016,74.1575
-9.0364,-0.3666,-46.4250,-34.4134,-44.6060,-18.8320,0.7051,75.4517,81.9685,15.6987,-85.4420,-11.5808,-74.7482,15.0765,65.2035,86.6492,15.3031,-37.4836,91.4060
-31.8675,-45.5166,-74.6539,-64.4576,-43.1351,-30.5823,45.1374,109.5563,121.1601,77.5405,-74.3251,-53.1410,-42.1850,6.8676,98.2687,115.6400,-26.3525,-64.6014,97.5539
-44.6922,-85.2438,-80.1731,-68.4496,-51.9605,-47.1394,20.2202,118.4124,105.5740,108.7096,5.5305,-76.8043,-37.7390,-12.5550,68.2646,76.4751,-61.3905,-57.9208,91.0425
-51.5571,-117.5524,-83.6325,-65.5059,-52.2407,-91.1581,-29.7770,93.9476,116.6993,127.9024,52.6088,-84.4109,-61.5361,-25.1326,45.6318,53.7140,-95.7035,-52.6572,85.4405
-55.5701,-123.6316,-83.1366,-69.9253,-46.2404,-114.7866,-53.1451,49.9652,144.3810,128.5878,50.8117,-99.7812,-65.3717,-42.6235,54.8720,57.8007,-117.2447,-64.4278,59.2880
-50.4959,-93.9956,-66.6540,-67.1484,-52.6083,-85.3491,-54.3818,14.9192,111.3210,103.4944,53.1073,-106.2849,-42.1960,-53.9689,45.1861,46.5228,-95.5654,-62.2977,1.7126
-35.8702,-63.7405,-46.2942,-47.5482,-45.6471,-45.4437,-50.1185,-10.7834,58.0964,71.3420,46.6151,-79.6076,-26.8732,-32.0380,20.6213,37.6171,-52.3532,-40.7969,-44.2463
-11.5975,-49.6753,-23.7467,-13.1304,-6.4556,-27.0841,-52.1618,-50.6907,41.2608,23.8510,13.9470,-46.7311,-23.4909,-7.0465,3.0410,16.4360,-28.3452,-10.9245,-61.7494
15.4449,-30.3731,9.4083,23.7991,22.6563,-6.8721,-54.0938,-89.4392,17.8553,-35.0669,0.6536,-30.7798,-0.3648,-14.2708,-28.1041,-58.3359,-22.8203,26.1895,-80.2714
24.1435,-15.2576,27.8391,35.8268,16.5325,22.1028,-29.7139,-96.0865,-10.5058,-57.5952,12.1409,-11.4236,37.4511,-19.7478,-45.6982,-109.4316,-31.2599,42.7711,-89.5239
15.0510,-26.0310,11.3024,17.9429,4.8477,25.7937,1.3141,-92.7270,13.6021,-46.4224,0.5434,13.7722,38.3098,-0.7266,-9.6842,-66.2582,-50.5015,18.1098,-59.8237
18.6468,-38.3234,-3.5039,4.2506,4.7362,-2.6208,-11.0968,-99.5555,52.8717,-45.3069,-27.4066,16.2837,-5.1068,4.6184,22.9496,-22.4985,-51.7333,-6.1665,-19.3882
43.0654,-30.9937,16.9572,11.9398,11.1098,-18.7380,-45.5094,-83.3933,44.0080,-48.0372,-33.5228,-4.9416,-34.5300,-12.6242,7.5085,-44.8526,-30.6945,2.0606,-4.7036
62.0857,-25.2882,46.3059,20.5459,28.3666,5.3017,-45.2122,-44.0669,21.2201,-44.7315,-29.1982,-24.9178,-23.6688,-16.9238,1.8119,-56.0806,-22.9209,12.1180,-3.6504
58.9541,-33.2150,51.8768,17.7883,46.7428,35.2877,-17.3363,-32.2555,29.2001,-45.0366,-37.7698,-36.4744,-2.1081,-11.3530,31.6424,-27.6406,-42.3409,4.5524,-3.9130
42.4797,-43.4153,43.0924,8.8468,44.1147,30.1842,2.2726,-44.0545,56.0575,-18.4508,-48.7027,-50.6639,15.0067,-26.7178,50.2446,-22.0991,-75.2761,-4.2290,-9.3344
28.1957,-54.1353,35.5616,-6.8349,28.3510,2.8422,4.1696,-30.3852,85.1441,38.6148,-46.9388,-75.8716,22.9967,-55.7105,52.7958,-34.5885,-103.0879,-15.6901,-3.7962
20.3994,-64.0561,17.6950,-25.3103,15.6680,-15.9621,-8.2807,6.2563,98.9755,60.6107,-36.6061,-100.9505,-1.4612,-66.6148,60.6645,-16.2736,-93.5423,-33.2110,25.8512
13.9137,-59.1902,-14.7449,-30.1607,0.9911,-21.2371,-17.8192,31.4615,84.4727,39.8302,-41.3848,-95.5816,-47.3304,-49.0773,55.0271,10.2168,-38.3831,-33.2986,60.2494
14.7328,-34.2208,-25.6408,-16.4212,-8.0088,-6.3333,-9.7973,40.5978,67.9038,32.3612,-80.5930,-58.6004,-65.5830,-24.1180,34.4158,4.6768,13.7779,-12.8666,78.4009
29.5608,-2.7157,5.8274,-1.5366,3.0501,30.6172,-9.7758,42.3633,65.0675,35.8819,-117.3465,-37.1150,-53.4271,-21.6027,28.5799,-13.0632,29.8247,-3.1395,76.9559
35.4342,15.9077,31.7576,-4.5334,9.5747,45.6728,-34.3076,38.3243,48.3176,25.2089,-87.4960,-49.7513,-44.6135,-40.8587,27.2127,-15.2518,32.8318,-15.2956,57.9042
17.1631,17.7858,16.1292,-17.7117,-9.0947,13.1527,-45.2021,30.8026,11.4848,15.3745,-8.6413,-55.6108,-31.3886,-53.2752,1.7693,-22.9228,38.0362,-24.4411,29.1746
9.0228,20.0677,8.8761,-9.5755,-13.2933,-6.2147,-23.2549,25.2667,-26.2093,4.3738,34.7826,-41.4892,5.2980,-50.8047,-34.8569,-62.7776,38.5007,-5.2240,2.8671
31.0606,29.4739,49.0342,26.7171,28.3272,33.1950,-4.3720,34.5195,-69.4745,-15.3664,28.1457,-41.3190,37.5405,-44.8992,-58.1084,-103.2990,42.3201,36.8001,-14.1758
48.0820,33.2551,88.4415,55.5948,73.2480,73.2939,-10.2598,56.9541,-115.0470,-22.6564,33.6434,-48.4638,36.2249,-33.4922,-67.4728,-97.7860,53.0729,66.0092,-15.9500
43.5533,33.6233,91.8746,58.3909,81.8301,59.5424,-23.1470,56.4387,-132.4756,-27.0070,60.2277,-31.8156,17.4450,-23.5973,-66.7233,-70.9187,51.5590,64.2090,-0.9834
39.1247,38.9572,88.7392,59.9886,81.2247,29.9485,-18.3947,26.7531,-120.5545,-42.0478,49.7197,-21.3247,5.8879,-36.7133,-54.0160,-69.1756,31.3754,61.5077,19.1739
32.9232,35.8916,86.0801,71.0204,95.5576,30.9106,8.2271,23.7327,-102.4946,-31.1492,-4.6808,-46.8521,0.6895,-54.5262,-35.0213,-68.8561,15.2281,78.4177,36.7215
18.7788,26.9445,67.9291,69.5951,101.3636,46.1127,27.4874,61.6798,-77.9146,-0.8984,-43.6030,-57.3006,-4.3517,-38.0484,-18.9919,-36.7722,21.6796,81.9511,52.5073
20.0225,41.0398,58.1103,52.7106,88.2860,40.8637,21.2044,78.9742,-50.2004,-6.6372,-46.4950,-17.8820,-0.6170,-3.8243,-8.7304,-2.3471,39.9096,52.8307,54.8213
32.7615,66.2225,65.4017,40.3141,78.4110,12.1210,21.8478,53.3899,-40.4620,-22.7815,-48.1075,15.8336,15.9992,6.1227,-4.2217,7.8469,48.6953,27.3219,34.3444
24.0975,58.6828,49.6534,32.6812,71.6815,-12.6848,41.9344,25.5618,-34.7398,0.0376,-60.6133,5.1960,26.4418,-2.7959,-3.3184,8.4124,44.9578,24.6017,11.6581
7.3107,29.4075,13.3394,17.5132,48.0523,-14.2474,38.2498,6.2580,-3.0363,15.9514,-65.9054,-9.3422,17.2592,-4.5004,1.1626,7.0852,36.9728,15.5143,1.7519
18.3264,26.8818,9.0479,4.7941,19.4708,-12.3888,8.7341,-22.9354,26.0562,-14.9401,-62.9827,8.6376,9.7023,5.6552,8.3663,4.1174,27.9985,-5.1506,-17.3251
44.5173,53.3642,37.0318,14.7144,15.0129,-23.9076,3.4765,-55.7728,5.1886,-53.3644,-62.9309,50.9505,23.6047,27.2920,-1.1608,0.0339,29.9522,-1.7709,-54.2307
54.8462,74.7887,51.2919,42.0821,30.0077,-19.6410,19.3494,-80.9210,-39.9543,-79.2476,-65.7372,93.2215,40.8591,49.6499,-34.2834,-26.4204,53.9957,30.2310,-75.3676
46.8254,81.1431,45.9308,62.4373,39.0259,15.2157,17.3835,-99.9939,-59.1037,-106.8060,-64.4705,103.9844,41.3894,43.1725,-60.5108,-73.1379,73.9909,55.9824,-66.5250
30.6399,90.3933,49.0064,71.1479,42.7481,41.5029,4.7835,-110.7898,-68.6812,-128.1479,-52.2529,81.4323,34.8373,9.1824,-60.9370,-94.4889,64.9773,65.7845,-55.6538
17.6664,112.2549,70.2861,84.6437,64.6880,41.9575,4.2516,-107.4239,-91.1662,-126.1764,-40.6705,74.2557,36.3430,-12.3478,-58.4254,-85.9153,51.9066,76.5900,-45.8251
13.6180,130.6411,95.1729,100.2563,104.0737,45.4619,16.7224,-75.5247,-87.8455,-81.3690,-58.8844,96.3353,47.6322,-10.8363,-61.8013,-83.4595,53.1855,85.3610,-7.5156
4.5384,123.7262,99.9551,96.6560,125.9868,55.5379,36.9117,-6.2786,-45.9642,6.0103,-94.4166,94.0076,57.2134,-11.0449,-51.6853,-77.3159,47.1728,79.9563,47.8377
-16.0555,85.7938,73.6651,70.1938,109.0036,51.0765,50.3134,57.5035,-12.8324,78.8880,-92.4215,52.0243,49.0926,-15.9652,-27.7188,-42.8286,23.8009,62.0936,76.0026
-31.2152,23.5879,28.4801,30.2002,67.0572,35.3518,53.8564,63.3241,10.9357,103.0670,-51.6588,20.5310,31.9710,-10.8264,2.1206,-2.5589,-12.6195,28.4782,76.8657
-38.2762,-37.5500,-19.8356,-11.6275,21.1789,19.0634,73.3882,36.7865,60.1489,112.3904,-32.2022,20.6719,33.1913,3.6900,37.2955,19.2451,-57.7695,-13.4046,76.6064
-45.7148,-53.1251,-54.9504,-26.4568,-10.6596,8.5667,101.1467,27.1022,97.0462,105.0219,-56.6124,33.3321,46.4368,23.4679,50.9504,23.6126,-71.7396,-22.8562,64.9189
-38.4248,-19.0343,-55.9173,-7.2923,-15.0450,17.4203,89.4768,18.9420,80.1007,61.5874,-89.2544,49.7846,42.4730,45.5209,25.7588,14.8455,-23.8680,2.0374,27.3792
-12.1763,7.1096,-32.2314,-2.6134,-9.8184,30.2716,42.2260,-6.8845,58.9415,40.1151,-91.5975,58.7736,26.7938,54.5396,4.8397,13.9828,29.0490,-2.4197,-13.0540
1.3213,0.2095,-21.2901,-26.9989,-20.4136,10.1823,2.4112,-27.4534,66.0959,56.0363,-55.9867,47.9704,18.4966,44.2900,9.2644,29.1848,29.3246,-39.3193,-38.6398
-7.0535,0.5932,-22.9857,-20.8353,-21.2704,-26.3701,-23.9813,-43.9074,60.4059,27.5177,-23.0074,33.2682,10.0640,27.7881,-1.5947,19.1741,9.2867,-31.0423,-54.7995
-12.6374,20.2676,-11.1422,21.7602,14.4783,-38.1822,-34.6169,-71.4318,40.1177,-28.9641,-37.1100,25.0655,-0.8972,8.2897,-22.2850,-16.9835,4.5708,17.3543,-53.2669
-17.0731,31.1128,-3.4178,29.6964,41.8117,-40.2692,-14.7911,-79.5320,43.0027,-19.8500,-67.5910,13.3178,-2.9135,-14.1951,-7.9297,-13.4906,4.6282,21.1920,-26.0023
-34.4783,37.3704,-22.1278,1.2328,22.3642,-52.8584,9.6362,-50.7483,53.9445,11.9093,-63.1189,11.5529,-1.6450,-21.3223,17.0516,25.3127,8.3584,-11.3857,4.2314
-42.6826,49.1298,-34.2019,-5.2831,-4.6115,-49.9750,16.7634,-22.8161,44.7347,-14.4023,-41.6652,31.8427,0.6367,-8.1464,17.2127,32.1386,9.3929,-15.2097,18.2251
-26.9069,39.5181,-19.6766,-1.1736,-5.8553,-28.6016,38.0481,-4.6768,27.8823,-44.2753,-23.0736,42.6665,18.6892,6.2660,26.1930,26.0630,-15.9070,-10.0439,26.8363
-21.5855,6.4970,-13.7304,-15.4419,4.0096,-14.6333,85.2600,39.4218,14.1509,-23.4474,8.2554,31.5284,47.0490,21.9495,56.5017,61.8047,-51.4702,-24.2225,42.9842
-47.4861,-7.5611,-27.3415,-12.4034,20.6348,1.9465,125.1591,96.9184,3.3598,1.1337,23.8444,34.0040,65.6272,47.3630,67.0912,100.5779,-65.4334,-14.2496,64.4103
-68.9071,6.3619,-30.8737,13.8153,37.8265,24.6340,139.6359,109.3215,-2.9601,-3.5620,2.4773,53.3813,69.3064,59.6300,56.8269,96.4200,-64.7999,18.8760,78.0969
-58.5360,13.0413,-24.8263,13.2685,28.3218,17.6251,127.4392,69.8180,-17.6109,-17.8789,1.8401,53.1713,53.3277,43.0077,52.8441,82.6238,-56.2220,16.6462,73.0089
-41.0674,0.1864,-26.7654,-4.5800,12.0844,-4.6471,97.0561,38.7166,-29.9526,-11.7127,22.0007,33.3701,21.1593,22.1643,47.4578,76.5528,-34.7469,-4.0777,70.4379
-38.6029,-9.2958,-19.6147,5.9152,37.6541,16.5922,81.3411,61.0050,-3.5158,44.6521,-17.4361,23.8789,3.1268,14.6050,36.7292,54.9060,-16.9774,6.5698,105.8315
-36.5754,-4.1572,7.0398,21.6742,80.9996,62.4107,82.6489,109.5744,34.3468,128.6225,-78.0280,31.1750,5.9325,12.6389,34.4887,37.9487,-4.8191,16.3602,159.1653
-28.8146,-8.4434,20.7919,2.1537,84.5572,61.4977,61.4522,129.4152,35.8510,179.5690,-51.1992,37.0107,-1.4913,12.8895,36.4310,58.5099,8.4169,-14.9786,175.5844
-33.8798,-44.5856,-2.5143,-41.7388,47.2208,7.2319,26.2633,118.1317,50.1000,206.7452,17.7488,18.3477,-21.2084,9.0624,48.6066,98.6427,-12.0288,-64.3905,155.1560
-51.5228,-86.1181,-49.4280,-92.7533,-9.0863,-61.4180,15.0598,111.8179,123.9868,245.3635,25.6443,-20.6964,-33.9865,-2.9030,86.2185,140.9187,-61.2365,-114.4199,133.8661
-59.8225,-90.8264,-92.2250,-134.9099,-66.4312,-121.0661,11.3889,112.5850,184.6165,261.9530,-2.1715,-35.2369,-47.6833,2.1969,114.6968,186.7617,-64.4154,-156.3891,109.6555
-51.7628,-67.5647,-100.4530,-130.8801,-86.0471,-147.7387,-8.1219,100.8596,165.8527,233.6858,-9.6401,-10.6231,-63.0195,32.1705,92.4149,201.8831,-23.2152,-148.4664,69.9399
-30.6988,-53.3085,-62.7655,-81.2432,-55.9209,-124.9758,-37.0475,83.0004,105.1391,186.3535,-2.4644,0.3303,-69.8652,47.6762,46.9028,163.3618,-8.3463,-88.9659,32.1283
-0.5936,-55.7397,-16.4900,-38.8608,-24.5852,-75.3149,-84.5235,65.1529,50.0990,120.0586,17.9574,-21.1459,-90.9733,45.4732,22.3176,128.2570,-9.3658,-41.7289,3.6585
17.3253,-63.2592,-6.9052,-23.7165,-27.2226,-27.7532,-134.0624,37.4289,15.3046,47.7151,42.4640,-17.4592,-126.5000,69.7478,13.5862,135.3984,8.8599,-27.0769,-25.5437
8.7762,-62.6665,-22.2093,-13.3290,-46.0130,9.6572,-124.3493,12.6455,8.1295,20.8533,33.7212,28.0317,-121.6961,105.3451,4.3223,130.9679,12.9545,-11.1961,-41.7124
-5.4245,-36.7050,-24.4035,-4.4228,-54.9802,28.9765,-66.1331,9.7189,7.1304,21.7386,5.3138,57.5362,-74.2250,98.6763,0.3538,92.7868,1.3926,3.8415,-33.0113
-12.9758,3.8236,-17.3991,-3.7990,-47.9084,27.3514,-34.9114,11.1917,-10.3195,-8.2798,2.8528,49.3463,-43.5584,69.5234,5.5960,80.9408,12.2468,0.8242,-29.7712
-27.6385,18.5509,-26.5751,-5.3642,-43.7481,16.5570,-28.4811,-1.2102,-22.6332,-42.7568,19.3198,37.2277,-31.6344,62.7470,11.1649,99.0582,15.5469,-2.3286,-54.1940
-39.2156,2.6795,-46.4162,-15.6011,-67.0045,-2.4706,-0.9298,-16.6534,-15.5542,-36.8383,28.9966,33.5692,-7.7957,59.7074,13.8122,89.5232,-14.0703,-4.0894,-75.7400
-29.6660,-9.0720,-55.6313,-40.6970,-96.4701,-29.7573,31.7159,-28.7752,-1.4760,-16.5777,26.3490,32.7488,9.4784,45.2095,27.9191,76.4102,-32.6038,-28.7224,-68.6146
-24.0761,-4.3218,-53.9103,-56.7081,-94.9493,-39.3482,48.5537,-39.0373,18.8865,-13.2574,12.2924,46.3574,17.9457,51.7334,56.9531,109.7181,-38.2320,-57.4653,-63.0214
-38.3763,5.0207,-52.8654,-49.9696,-83.7265,-21.3057,63.3636,-41.1059,25.4344,-34.7379,18.6421,69.1461,52.3221,76.5778,65.1601,130.5834,-57.2575,-55.1212,-92.4595
-38.7944,14.6319,-52.7947,-47.1936,-93.9289,-13.6277,70.3169,-46.1701,-10.7619,-76.1592,70.5359,69.6294,95.3238,73.3209,34.3457,86.4240,-51.3673,-45.9815,-136.1530
-18.0745,22.5934,-49.1713,-64.2118,-103.4779,-40.8756,63.7076,-73.2855,-47.2420,-93.7591,115.5982,47.3584,110.3176,39.2655,8.2293,41.3770,-14.2655,-65.1268,-160.0876
-13.0173,24.8307,-43.7445,-76.0207,-98.3210,-72.2812,62.8494,-101.5526,-42.0281,-68.6010,116.9203,32.2742,117.1126,12.6091,8.4423,33.3249,-11.6046,-82.8586,-171.0898
-21.6079,21.9833,-34.9958,-62.0285,-92.3193,-74.8090,65.8677,-98.0281,-53.9570,-50.5245,124.2798,23.8414,127.1512,2.7868,-5.8710,13.4430,-33.3292,-59.9544,-180.5375
-9.3093,17.7959,-15.3950,-36.7192,-67.7662,-57.0694,62.0001,-75.3283,-114.8928,-48.3806,143.7180,2.9428,114.1156,-8.2832,-39.9496,-21.9373,-7.7828,-21.9222,-165.1659
18.2672,21.2931,10.7330,-23.0761,-16.8606,-42.6417,64.4057,-63.3970,-141.5268,-24.3719,113.5348,-16.2677,90.3578,-25.5727,-47.0160,-34.1277,44.7524,-13.7002,-117.7021
31.3037,32.8598,23.0393,-23.8951,8.4450,-39.2809,67.4620,-62.3256,-91.6636,-5.3828,48.7426,-18.2880,82.8306,-40.7418,-23.5749,-36.2746,53.4682,-28.6401,-76.4154
25.6801,28.1264,12.9197,-25.6597,-9.2429,-39.9165,51.2312,-56.8435,-27.8485,-16.0375,10.1078,-26.2457,69.1269,-50.0411,-3.2418,-46.7436,18.6267,-31.3560,-57.4322
17.5366,1.8384,-0.6045,-17.4627,-12.7787,-31.6537,32.6324,-41.5913,9.6397,-11.2393,-14.2999,-44.9757,38.3442,-52.8710,4.6828,-54.7006,-7.8387,-15.8775,-29.0396
23.7083,-7.0945,0.9010,-3.4215,17.7868,-9.3109,24.4181,-26.5452,32.5015,-4.4534,-44.0669,-38.3420,22.3618,-47.4270,0.4379,-73.1933,8.9341,-5.8294,15.6471
44.0994,11.6454,10.2557,-0.6436,33.5030,9.7757,8.2096,-26.7878,49.4365,-46.2576,-52.9625,-11.4152,25.0831,-40.9252,-5.7933,-100.6630,42.6337,-18.2585,40.2808
53.6588,17.8021,12.0716,-18.4700,11.0025,1.3423,-5.7038,-30.3374,72.1358,-67.5176,-45.4186,-7.3980,25.7346,-44.3201,10.1931,-95.1565,31.8252,-45.2229,37.4945
38.8431,3.0890,4.9565,-38.8548,-14.0274,-27.0006,5.8268,0.3941,102.8041,1.3401,-45.7144,-12.2259,31.2979,-45.1417,27.9264,-67.3636,-9.5579,-61.9030,43.6202
16.2344,-5.2150,-7.5206,-39.9133,-10.0151,-39.8061,21.0862,68.1790,115.9494,73.7314,-37.9988,6.9156,43.9349,-22.3246,12.7393,-56.8024,-12.2124,-55.7326,71.8485
-4.8802,-16.3490,-30.0106,-36.0525,-0.3634,-26.5575,15.5852,125.6983,112.4776,72.3592,-11.0454,11.0534,35.7439,5.8417,3.2360,-34.7177,3.4530,-46.9179,95.2081
-23.8124,-53.9046,-58.7916,-52.3246,-23.3720,-15.0666,0.7374,141.1250,117.8604,56.9234,17.9666,-34.8202,1.3429,1.2723,32.4947,7.9521,-24.0612,-56.1150,101.5288
-25.0875,-96.4715,-70.1972,-69.7163,-52.8379,-25.2158,-10.5338,127.7823,114.0939,81.2427,41.6580,-87.7936,-29.8607,-35.5701,45.1287,1.2158,-58.7353,-62.8083,110.3252
-11.5765,-108.8355,-53.6046,-55.7806,-34.3718,-45.4200,-16.4925,102.7839,81.2653,112.6141,46.8203,-116.2443,-45.7302,-77.5571,16.2381,-54.1476,-51.8052,-40.5134,126.3494
-10.5126,-93.5467,-34.7063,-28.8674,5.3406,-56.2700,-19.9346,70.7357,59.8067,115.5842,16.1369,-136.8532,-62.0889,-106.3224,6.0370,-68.1775,-38.9478,-12.1472,129.2414
-18.2148,-81.8488,-37.6604,-27.5421,3.6152,-53.5226,-29.6046,47.5667,77.5077,100.0446,-18.9954,-143.5229,-84.2260,-108.4513,30.8791,-32.0870,-43.4534,-15.1562,121.5321
-16.2175,-93.3180,-51.8121,-47.8883,-19.3458,-51.9807,-36.9284,50.0309,103.2956,101.3720,-17.4843,-130.2300,-93.9441,-91.1144,48.6532,-6.6119,-46.4038,-41.4477,126.6973
-20.5954,-105.9836,-59.4186,-62.6229,-20.2817,-68.2745,-29.0559,55.3434,113.3212,124.1001,2.2105,-127.7153,-82.0680,-87.7215,54.1997,5.3619,-55.1948,-59.8988,127.7863
-34.5461,-84.9710,-58.3665,-63.2356,-23.8454,-94.2170,-30.6910,18.8267,106.9533,112.8288,10.2571,-127.2218,-68.8078,-97.6098,55.7233,20.7534,-65.6498,-63.0744,85.4153
-26.1825,-45.8554,-47.9337,-56.5994,-45.4440,-110.0076,-48.0902,-47.5942,80.1247,52.5964,11.5825,-90.5666,-68.3604,-84.3845,46.8943,30.6054,-53.4560,-61.2909,23.8908
-7.3196,-31.1503,-37.7591,-53.6757,-52.5763,-118.9365,-32.2925,-74.2149,55.8388,20.8925,3.9314,-53.8026,-64.7624,-57.7055,51.1893,49.7994,-45.1929,-61.8413,5.4007
-20.0283,-29.3159,-47.7978,-57.6567,-48.6175,-128.1746,10.0244,-47.0915,67.8197,40.1297,-22.7847,-65.2180,-48.8091,-58.1214,72.4616,73.9751,-57.6907,-61.8013,18.2035
-39.4532,4.9947,-60.0563,-49.8498,-60.4644,-122.6258,3.7707,-39.5692,81.1190,27.1697,-45.7939,-73.6269,-33.4007,-73.9144,50.9790,40.9318,-35.4426,-47.2115,-3.3063
-19.5374,66.5173,-37.5736,-19.4404,-69.2638,-99.7975,-42.7443,-83.0775,39.1476,-41.9297,-41.5267,-23.1572,-23.2080,-68.2350,-20.3450,-43.0869,33.9475,-16.8639,-52.7379
9.6271,104.2048,-6.4916,5.2284,-56.7741,-80.3476,-46.4108,-112.0497,-20.8285,-96.2569,-29.1819,40.1990,-15.6590,-42.2341,-55.6224,-73.1992,79.5566,1.8527,-61.2433
7.0966,94.7425,-15.9039,1.4286,-44.3997,-66.1209,-5.5336,-85.9935,-27.3434,-111.6495,-30.6646,57.2567,-11.3750,-13.0674,-25.9781,-26.2156,75.6980,-5.6056,-28.4323
3.0621,66.9625,-36.3518,-9.5296,-37.6054,-50.5464,16.4138,-49.7978,-5.4210,-124.2966,-26.8329,41.8104,2.6991,11.2577,-1.7150,4.7748,65.1462,-16.5064,-25.2595
27.7947,56.6707,-17.5571,-9.7707,-23.3543,-49.8692,8.5825,-36.6802,-22.8964,-135.0453,5.3111,30.3938,29.2239,24.0783,-16.6861,-7.2532,71.4854,-18.1544,-64.3347
50.6760,60.3318,10.2131,-13.6346,-14.8401,-65.3195,-5.2252,-22.8511,-62.8785,-120.3498,41.2439,23.9487,29.7977,24.9820,-29.3808,1.6204,87.6234,-25.0646,-80.0825
44.2318,49.1954,0.5635,-25.6447,-25.3993,-68.5515,-19.4956,6.9186,-55.1325,-89.4262,32.0319,-4.4258,-14.3250,11.9684,-11.3661,33.5087,92.4592,-34.8284,-40.6357
28.8396,18.0591,-27.1481,-30.7473,-39.7275,-56.8171,-26.3124,37.3265,8.5173,-62.9443,-25.5341,-56.0302,-59.6009,-16.1549,19.2851,31.3003,65.2734,-30.4329,17.6565
29.3724,-10.7590,-36.0751,-26.8322,-42.2835,-50.7953,-20.2941,59.2088,59.0908,-38.1214,-67.4566,-78.0479,-68.2589,-28.6846,29.4583,-0.2655,31.9207,-18.6538,54.3536
40.6902,-22.4220,-19.8038,-20.1743,-33.3514,-46.9536,-18.2583,72.0950,33.9072,-12.4020,-29.6795,-44.2219,-46.7719,-4.1879,1.1904,-20.9994,30.3352,-10.7155,49.7134
41.3120,-21.3295,3.9210,-10.0325,-21.7292,-37.5458,-26.9683,69.9483,-40.0384,-7.9521,61.0401,-18.6578,-14.7486,11.2843,-42.6856,-37.8322,35.8265,1.9684,9.3476
19.2955,-19.4145,3.4543,-2.1885,-16.4262,-33.2880,-32.2953,53.1434,-62.9324,-24.0580,98.1396,-49.2570,-1.5514,-19.6467,-52.7578,-56.6003,16.4034,15.7671,-14.7437
-11.2324,-18.0738,-21.1010,-6.6217,-15.6171,-35.3242,-33.5174,32.8596,0.5852,-7.5188,36.8680,-86.9590,-25.0475,-63.0289,-20.6030,-52.2460,-2.6286,9.4552,16.0379
-22.7084,-1.4060,-23.0134,-20.4810,-19.3804,-43.7108,-42.1981,12.0006,63.3294,54.2499,-33.7281,-92.1577,-48.3110,-96.8790,6.2255,-41.5823,-2.5228,-15.8182,50.1036
-13.3226,29.7285,2.1126,-35.6495,-39.2195,-72.5710,-52.7406,-16.9641,62.0926,89.7510,-36.1910,-91.5218,-37.2029,-130.1847,3.6862,-52.7302,-3.4102,-38.5330,25.8130
-12.5796,41.2572,0.7677,-43.3159,-61.0447,-103.5829,-53.9131,-49.4899,49.6881,72.4090,-21.5561,-87.5077,-25.9998,-129.4083,1.4173,-42.6824,-10.2023,-45.3053,-23.1744
-32.2499,20.1164,-24.3045,-30.7673,-48.0125,-90.7348,-53.2827,-65.7231,68.3520,64.9436,-41.3098,-57.2769,-40.0210,-77.1803,11.2849,7.2337,-17.5176,-31.4033,-37.8329
-47.2098,-1.9543,-20.9765,-5.7321,-11.1389,-43.9235,-58.1456,-61.6585,72.9588,83.8443,-42.6606,-26.1305,-42.2145,-40.3804,5.9312,20.1836,-31.3706,-7.0452,-25.7892
-44.8986,-1.7113,-1.5352,3.0731,4.3650,-18.6623,-58.2448,-58.7544,34.3677,80.0340,10.0981,-17.5322,-19.5786,-52.4016,-18.5690,-21.1389,-32.0208,0.7749,-17.0655
-44.4986,14.3936,-1.7027,-1.2759,5.0530,-17.8505,-50.3724,-64.3906,-15.4599,53.3447,60.3268,0.6462,-7.6064,-52.0315,-36.4189,-27.1773,0.7721,-6.9478,-16.4842
-48.4078,33.3679,4.3918,14.1811,23.7282,1.9781,-47.1083,-58.7247,-48.8714,34.7202,64.4864,43.0187,-11.6737,-9.5538,-41.6914,14.3663,28.4644,4.7494,-21.3718
-37.4949,37.1513,30.8770,41.3302,44.1070,40.3124,-48.9850,-36.4230,-55.2656,21.4582,44.7014,75.1833,-10.3069,32.8346,-39.8502,32.2004,14.7015,31.8705,-24.1437
-23.7675,19.1441,35.3864,38.8354,38.3803,54.1117,-47.9740,-12.4829,-33.4565,23.1946,32.4962,81.0888,-12.0702,54.4240,-25.2742,41.7122,-5.0037,28.9654,-14.7797
-34.4199,3.1432,7.4620,12.5374,19.3564,38.1728,-55.9888,13.9425,-10.0598,52.5031,36.9310,75.2128,-36.5749,67.1600,-8.1455,88.3985,7.0766,0.4238,3.2702
-54.4368,-0.0001,-16.2354,3.6904,2.8265,33.5208,-77.9647,47.9741,1.1665,67.1932,38.3506,60.2852,-73.2952,67.9145,-3.7727,118.1924,20.3416,-3.9862,27.0329
-59.4380,-8.9853,-27.2137,10.9302,-15.3938,53.3705,-84.0170,71.3083,26.7853,44.8992,11.9444,32.8887,-91.7649,52.2511,4.5147,92.7688,-1.5745,13.9467,52.5467
-64.2142,-23.3736,-44.6131,2.3328,-32.5175,63.9737,-63.5477,70.5790,69.0710,30.2288,-17.8632,5.1348,-78.9604,34.8626,28.1470,74.4664,-32.6403,9.7196,56.1144
-76.9203,-30.2594,-68.7327,-21.5291,-47.1894,51.1383,-49.5213,58.7912,93.7860,33.4473,-12.3097,-5.2948,-59.1637,33.2030,44.6872,93.5206,-37.4321,-17.6855,32.6595
-72.7818,-37.3662,-81.9497,-37.8175,-70.3322,39.3959,-51.9079,50.2122,95.5945,20.4230,7.0991,7.4025,-56.9915,49.8958,47.5120,107.3593,-34.5691,-35.8208,14.8343
-46.8546,-44.3741,-69.1587,-41.6109,-87.7798,36.6919,-42.6674,52.9352,88.6248,9.5123,8.0064,26.7405,-53.2344,67.8547,52.2563,104.3885,-47.4391,-39.2058,13.5568
-17.5999,-40.0282,-36.1819,-38.6163,-69.1160,29.1152,-19.7938,69.4080,64.4730,33.6173,4.5511,30.5949,-30.8173,72.1189,48.6369,99.1328,-43.1261,-38.3026,10.8898
13.8415,-30.0978,-7.1617,-30.1234,-31.1013,20.9800,-12.8025,78.1410,22.9100,59.2847,4.5905,26.8817,-18.1990,71.9860,20.5251,80.2129,9.0455,-32.4367,4.0131
42.8614,-9.2826,13.4640,-17.6591,-14.5026,20.3755,-22.2035,59.0322,-14.5342,51.6410,-5.4046,38.1706,-19.6462,74.3689,-12.3551,50.5777,65.8523,-21.3249,-12.8972
48.6140,32.1128,37.0651,0.7518,-7.3397,19.1297,-13.2519,28.1984,-38.5941,27.3250,-22.7828,56.7804,3.7836,66.7230,-27.7126,28.1106,75.3749,-3.8512,-44.8360
41.0077,57.4670,50.5399,26.2027,17.7358,19.2827,21.6113,-1.2737,-47.8273,-3.4023,-47.0830,63.0610,38.4319,50.6554,-29.6344,-0.0033,55.8518,23.2117,-56.6200
47.7245,42.1191,42.6405,40.1411,28.6720,26.9935,40.5899,-37.0380,-39.7576,-43.3387,-71.0083,64.3862,35.0772,43.4677,-24.0972,-32.9326,41.9704,39.5049,-36.1654
55.2109,24.7320,33.5171,23.6634,-1.2477,28.3976,24.5305,-57.2559,-25.8713,-63.3622,-54.3636,69.9245,18.3799,43.9484,-10.5947,-32.0334,24.8097,19.3711,-30.6377
40.3834,16.7250,28.6713,-5.0150,-25.3532,19.5915,25.4227,-36.0880,-17.3669,-40.3200,-3.2525,66.2014,38.2784,41.3534,6.9991,-2.4642,-7.3281,-14.3822,-39.7890
24.5988,-6.4024,13.9874,-12.2202,-15.2215,15.8664,74.5062,-8.2935,-17.6857,-11.5242,10.7779,55.7904,66.5759,40.9286,19.0692,5.1689,-31.3098,-16.0741,-19.1404
32.3169,-13.5630,6.7990,4.1303,-8.3271,17.2010,112.7538,-7.0540,-34.5726,-19.7114,-24.0154,67.8771,60.9025,55.0123,15.9996,-5.2135,-23.0622,11.0259,5.1801
46.5849,16.7803,24.8114,20.3913,-7.8029,22.5422,102.1078,-5.0545,-53.4292,-35.0523,-54.3793,99.6143,41.5057,78.6625,8.4146,10.4614,4.6580,26.1707,3.5631
42.8308,22.7720,36.9048,18.7235,14.9335,43.0588,87.2196,5.9275,-36.3554,-2.7260,-67.4787,107.1843,30.1041,81.6884,21.3422,38.6002,14.4404,12.0724,25.9372
22.7132,-22.1751,17.8905,-0.1567,23.2769,64.4014,83.0296,-0.9442,15.5456,62.6854,-70.8391,84.4174,14.5365,55.0725,45.5665,36.9465,-13.7909,-13.0388,76.3439
1.5758,-64.0902,-11.7536,-13.2443,-14.1285,70.6529,61.2351,-0.8752,61.5369,105.2233,-60.2794,82.9421,-2.0031,52.0306,42.8433,14.8642,-53.6175,-17.3305,91.0593
-11.1263,-74.4912,-29.5993,4.1368,-33.8714,89.1064,43.4685,36.4648,74.8075,111.9314,-60.4612,118.4067,-2.5707,97.8169,7.5058,-7.0582,-54.3568,15.3486,81.3969
-15.5822,-52.8514,-25.3500,41.3833,0.0875,126.3929,44.3581,60.5588,40.2613,96.8816,-73.8421,136.6812,4.2868,116.8270,-37.9681,-43.6118,-2.1105,61.9095,84.5820
-13.4814,0.7576,6.0582,71.1233,31.2288,142.4987,16.5097,36.4146,-32.0581,59.1723,-57.8334,113.7599,-0.8885,72.8067,-81.1670,-88.1302,56.6328,92.7039,65.0717
-7.1285,37.1549,40.9821,94.9561,43.8015,143.3634,-27.3911,14.2013,-76.6742,15.5305,-39.2154,92.4839,-13.5093,47.1175,-102.1590,-101.5897,66.6223,116.6223,25.8991
-7.6262,28.5579,50.5555,122.4883,73.3762,165.6571,-15.8660,9.0088,-62.4270,-10.6172,-76.4837,89.4963,-9.7740,62.1426,-87.3305,-94.3532,34.8461,146.9529,20.1224
-14.7848,41.0956,53.3351,141.1497,99.6434,181.4979,17.0264,-29.7487,-55.1674,-48.0308,-115.6928,74.0247,15.0639,38.2426,-74.7583,-118.0944,19.7334,165.5679,11.8483
-1.1558,89.5433,83.0194,148.7502,102.9362,165.0590,-10.7133,-87.4470,-92.8321,-116.7433,-90.9497,44.1444,31.2148,-18.0311,-94.8950,-167.3560,37.1971,166.6490,-39.5566
38.3417,91.1395,125.4542,158.8506,121.1138,162.3468,-61.6392,-93.9865,-125.4591,-163.2405,-48.0126,22.8174,20.8568,-28.5077,-111.1634,-189.8375,42.1084,169.5454,-64.5052
60.9588,47.9642,140.5652,162.5914,147.0130,182.1205,-64.3855,-59.3376,-132.4944,-165.3374,-24.2167,7.3301,11.8670,-8.0532,-97.9646,-174.6003,20.7815,172.1843,-42.7212
46.4105,43.8183,122.5017,151.3668,136.4195,170.9811,-39.2520,-51.3574,-141.3255,-178.0383,-6.1714,-4.3853,25.2483,-4.4605,-83.2778,-145.9295,10.0734,164.7593,-55.5544
27.1000,73.4800,103.6088,143.3891,120.0716,140.3330,-21.5011,-72.5060,-136.8173,-197.5874,-22.9830,-0.7894,38.9578,-2.5921,-72.6173,-112.8181,17.3101,156.7741,-93.8653
22.6845,79.8458,104.3974,134.6908,130.7093,141.0126,-5.3013,-71.6850,-97.7368,-156.5061,-74.7415,0.9432,38.8302,-3.9321,-43.6038,-80.8021,15.1880,139.1943,-77.6531
20.0349,63.4954,102.8228,104.4781,118.5293,149.3097,4.8223,-43.7277,-66.1059,-88.6477,-80.1340,-19.2059,34.6169,-29.4975,-15.4181,-69.5606,1.6804,102.5399,-31.4760
13.1732,42.1193,80.7635,83.4972,75.4292,136.0841,0.0370,-28.9618,-78.7015,-92.6626,-28.0508,-35.9427,23.4338,-46.4797,-20.0959,-86.6172,-12.4302,90.8047,-14.8092
3.5998,25.7124,66.9875,102.4948,68.9918,140.8610,-3.0210,-30.0357,-103.4801,-139.5575,4.2753,-24.0487,10.5809,-34.6422,-36.8604,-107.9551,-30.8655,121.7799,-1.9921
-6.9224,29.8824,77.9124,112.4890,94.6209,167.5452,7.6769,-12.8252,-92.6125,-124.2603,0.7605,1.0125,21.4354,-27.5029,-29.5372,-104.3306,-44.4117,124.2805,33.7977
-7.9202,29.8862,75.2714,74.8673,89.8567,154.2136,26.9576,10.5263,-46.6188,-58.5122,-1.9136,16.6213,44.0352,-31.6889,-3.1318,-81.0861,-45.7392,68.9542,66.7873
-5.7129,-5.8790,41.0685,36.8353,66.1225,99.8030,47.6967,-1.3931,-8.3261,-25.8910,3.5813,14.8860,40.7763,-32.3976,18.8954,-63.9771,-57.7851,26.7474,86.4790
-19.9063,-35.6431,12.7558,28.9605,60.2779,72.0968,61.2812,-23.5933,-2.0938,-21.3509,8.1850,4.6215,19.6971,-36.2950,34.4377,-43.8916,-77.6157,23.3956,103.7871
-33.8370,-18.3919,8.9865,18.9558,48.6665,82.6869,67.0736,-6.4117,-3.7701,7.1699,-8.6600,7.3572,7.1398,-34.0117,50.6633,-0.9268,-63.7643,11.8235,113.7628
-24.7790,7.1214,7.8989,1.3580,17.3869,81.3362,67.5580,21.7049,4.9196,41.6078,-47.5544,13.7235,-0.9042,-23.6783,54.0101,22.6286,-25.1363,-5.2664,106.9938
-18.0479,2.9353,0.1149,-3.4873,-0.3685,56.8933,52.1573,17.5289,6.5684,42.4958,-41.3914,-9.0196,-1.3970,-39.1652,32.7017,-11.3623,-15.3488,-2.2124,84.0464
-28.5830,-13.2537,-8.6186,-10.3535,-0.5119,44.7531,25.5534,3.2277,-3.2654,25.6317,27.6543,-30.2767,13.0201,-55.8024,12.0795,-36.8149,-25.1921,-8.9554,54.1875
-24.7247,-15.7782,-15.7379,-23.2711,-7.9446,56.3881,14.6560,-7.2307,-14.2514,10.4190,59.6068,12.0000,16.0396,-8.5275,12.9010,6.2288,-3.2743,-31.8574,27.4303
-2.8169,2.1884,-7.6894,-13.0784,-10.4203,71.7665,21.0013,-24.8981,-37.3993,-9.6821,28.8311,86.2513,6.3456,64.4861,10.7323,55.2798,35.8632,-26.9108,3.1431
9.3663,20.8524,19.7114,7.0477,12.0877,80.6363,21.7536,-14.8290,-65.6707,-20.4116,35.0830,113.8958,22.1918,86.0570,-6.4465,52.3080,44.9680,-8.8036,-9.2036
18.2543,4.7250,35.0860,-4.8789,29.6940,83.4246,5.7927,32.2743,-60.1549,-8.8112,89.3207,94.9769,39.2627,76.9151,-7.3092,42.1185,33.1336,-29.3984,9.8002
29.3279,-33.1164,17.8754,-33.8293,9.8393,72.9755,-29.4812,41.5465,-27.0680,-2.4349,111.0617,69.3420,3.0657,70.2854,10.0991,53.4875,29.4160,-64.4543,35.4278
16.8253,-37.3403,-5.6710,-38.5158,-18.5368,48.6499,-69.4873,3.0145,-10.6588,-9.0992,100.7136,47.4925,-43.7574,45.6515,5.9793,47.2659,32.7278,-63.7558,30.5229
-6.0637,-8.2304,-6.9211,-25.0300,-11.5664,26.6094,-77.8193,7.6104,-8.7960,8.0606,91.9738,39.5865,-38.8680,17.3424,-19.0927,17.6616,41.3630,-44.9533,31.3529
-0.8337,-1.8444,6.0486,-20.2707,17.5043,19.8090,-55.6450,65.9402,7.6308,54.4688,71.8172,48.0860,-21.1757,19.1669,-24.0915,5.1170,49.8997,-43.1197,78.6385
10.0604,-36.7561,10.1518,-27.6761,31.2460,28.0987,-42.3781,104.4305,35.8257,97.8959,58.1515,48.1685,-29.6474,35.6024,0.4788,27.6062,26.7479,-54.0636,124.0941
-9.4853,-74.4496,-2.9754,-39.5871,24.5553,40.6902,-37.1210,115.1334,55.2032,125.0650,81.2125,45.2222,-30.1378,53.1138,27.8204,71.5803,-22.4426,-65.3877,125.1457
-33.5826,-76.2476,-26.0998,-52.0511,1.1917,36.2790,-18.2933,117.5041,47.8971,126.5588,108.2649,66.5176,-18.0961,72.8869,34.5245,103.9700,-33.8564,-74.9171,113.4896
-35.8230,-51.8045,-47.2102,-63.3575,-37.6343,8.8797,1.8953,89.5571,15.4107,97.2049,115.6930,89.5178,-18.0473,73.5080,23.0860,101.0306,-2.7491,-80.9192,100.3827
-33.3868,-42.9740,-55.3644,-69.2179,-61.8095,-14.5045,16.1599,47.1890,-5.7730,72.0365,122.8637,87.4258,-5.1954,62.8485,16.3047,87.4295,-0.9029,-81.3569,61.6592
-29.3446,-54.0111,-44.7079,-61.3270,-53.7978,-16.8584,23.0908,26.6662,-1.9637,62.8690,125.5226,78.5368,23.1135,68.1867,18.0077,82.1352,-35.3684,-70.8254,13.6995
-9.0404,-56.2419,-25.9631,-47.8297,-56.1395,-15.9325,3.6476,-2.9811,-13.6947,24.9460,123.5897,58.9619,19.6552,56.9170,10.5648,54.2124,-50.5349,-52.9585,-21.3178
9.6588,-61.8442,-25.1394,-53.6403,-88.8070,-17.3600,-10.2568,-52.5207,-41.8806,-30.1882,138.4786,10.7765,6.0483,13.8957,8.1039,12.9169,-54.6146,-50.1929,-53.3182
1.8248,-88.8587,-48.3774,-73.3938,-99.3683,-1.0432,37.4136,-56.7656,-32.8508,-33.3142,136.4981,-28.6938,35.5502,1.2458,37.0533,19.6567,-75.7370,-64.2415,-67.8512
-10.9630,-97.1360,-64.1987,-73.2859,-69.9214,30.0978,92.9944,-11.4178,-1.3694,-3.4913,81.1821,-32.4785,60.6941,27.2165,66.0011,57.7202,-69.0329,-63.9852,-46.7297
13.1947,-68.6381,-43.5417,-51.6775,-47.0374,47.6467,78.3333,9.5759,-17.9657,-13.3463,33.0678,-24.6898,34.5528,38.7289,49.9685,52.4633,-10.9078,-43.2808,-28.8055
65.5700,-42.5618,2.1146,-30.4033,-32.8963,42.5980,49.6792,-6.0678,-76.9555,-47.5062,48.1969,9.9320,26.7442,51.1821,4.9077,7.2407,39.5353,-26.2984,-39.9234
87.4391,-15.5888,37.7975,-7.8731,5.2760,31.4974,64.0856,-23.2786,-115.2649,-63.9186,81.5778,85.1485,74.3084,77.8006,-35.7680,-34.6548,56.9575,-15.3539,-44.6747
64.7356,31.0450,49.0322,11.9163,39.6273,26.2012,54.4903,-48.2044,-113.7936,-77.9594,84.7105,109.2961,96.3959,52.8438,-58.5786,-67.7948,71.7365,-6.7939,-38.4788
58.2049,43.8330,51.8721,-0.2058,28.3917,12.7688,-3.9576,-75.7630,-92.8096,-78.8417,73.4418,31.3953,57.1505,-13.9447,-47.1110,-69.6738,76.4078,-22.0665,-59.4982
89.5192,-1.4072,51.9321,-44.2245,-8.0185,-28.2442,-30.2399,-60.1417,-69.0776,-31.5630,78.0250,-33.3175,22.9567,-22.2881,-11.2178,-17.4635,57.8718,-65.9260,-85.0724
99.3452,-39.9420,26.8211,-87.6865,-42.1528,-74.9707,0.3282,-1.7754,-47.4468,19.1296,107.8562,-13.4377,30.6837,19.8292,11.2460,35.0754,43.8952,-110.3548,-62.2316
70.4105,-53.2201,-22.3288,-117.3085,-76.4889,-87.8815,35.8139,38.4965,-20.7707,13.0885,139.0948,-7.9390,50.9267,21.3854,24.4604,37.0253,32.1444,-136.7521,-23.9508
54.3850,-79.7353,-53.4309,-129.3969,-95.3371,-83.8300,52.3134,23.1129,8.3727,-16.6776,135.1456,-67.6005,58.8857,-17.0658,46.6044,13.5058,-2.9737,-139.6451,-30.4057
54.5637,-101.9740,-52.5372,-113.7480,-78.4623,-98.6742,54.8193,-22.3054,20.4109,-17.0667,110.7361,-101.2710,55.5395,-43.6724,47.3873,-15.4913,-35.4234,-116.7122,-46.3539
32.0763,-102.0196,-51.6645,-89.7385,-49.0328,-105.4772,53.3001,-42.9350,23.6903,12.3093,107.6705,-76.7147,52.7195,-52.7757,26.0522,-43.4870,-48.1316,-91.6795,-17.7883
-0.2181,-122.7694,-60.6221,-89.3430,-38.8546,-79.5929,61.0912,-22.1317,46.1765,64.6345,112.0652,-72.0900,54.2282,-47.6225,40.3308,-19.9499,-83.1712,-90.5993,8.4917
-14.7291,-155.0726,-61.9408,-94.1724,-46.1243,-63.7161,61.2715,-7.5228,66.5165,118.0131,89.9456,-101.1254,40.2478,-28.9387,75.4952,49.6551,-130.6684,-87.7572,-21.4231
-21.8594,-128.3015,-52.8053,-60.3370,-49.9637,-67.6224,36.6908,-34.1497,38.0373,112.2910,50.9179,-93.5857,9.0371,-19.8563,49.9988,53.9071,-116.4480,-39.6981,-60.5332
-23.6790,-49.0052,-25.1394,8.9514,-27.5336,-34.4011,22.3406,-66.0778,-32.3262,43.3515,16.1425,-42.7991,5.7121,-25.4608,-25.3921,-34.9775,-52.5444,42.1659,-67.0099
-13.2324,9.0302,30.8464,68.9582,22.3726,35.9658,33.6686,-69.9276,-102.0724,-10.2688,4.7332,-12.1351,44.0789,-26.5488,-69.0014,-99.2048,-26.2504,105.3362,-81.9427
-7.4138,17.2614,75.6839,88.6433,56.9324,80.9695,34.4616,-70.6432,-151.8061,-18.5117,35.4665,-18.3542,67.6161,-23.5710,-67.0151,-82.8632,-44.4500,121.5325,-114.6012
-5.6319,-4.3419,66.8388,74.9047,42.4322,85.9060,32.6688,-86.1584,-181.3262,-29.3977,73.8144,-24.2051,47.5572,-21.0435,-56.0826,-57.4755,-45.8615,108.0732,-111.4927
10.8534,-25.9874,37.3724,56.5708,13.3411,73.1755,61.1167,-92.7019,-188.0637,-52.0527,68.6522,-15.8225,28.9122,-11.3953,-47.0296,-60.9320,-25.5662,94.2777,-77.7825
19.9359,-20.0968,35.5533,49.0643,11.3443,50.1755,81.6085,-80.0537,-174.3809,-51.2029,52.8227,-8.4733,41.8238,-5.7756,-39.3188,-57.3581,-23.2382,84.1776,-70.5513
-0.9449,4.6661,42.7757,41.3651,16.2740,33.9485,54.1804,-67.3251,-151.1359,-38.3167,75.4258,-11.2388,57.1957,-17.7909,-37.2860,-39.2637,-34.5509,65.6429,-89.0424
-18.6325,6.1621,25.4954,23.8352,3.7297,33.1899,17.5616,-58.8880,-120.4326,-39.8838,97.6260,-28.3865,49.2881,-30.1408,-34.8192,-31.9445,-28.9749,41.6164,-94.2792
-11.4447,-19.8089,-2.9018,4.4439,-7.7726,17.7945,4.1187,-41.2901,-73.4983,-34.2696,78.5801,-51.5238,29.8263,-27.0513,-25.9444,-30.9927,-14.1169,21.7103,-79.3866
-6.5341,-23.5524,-16.3897,-9.4803,-11.5506,-19.1544,-6.7246,-22.8209,-20.3455,-16.0671,44.7432,-52.9812,13.5334,-20.1341,-11.3722,-11.7714,-9.3911,1.4652,-60.7424
-15.3473,21.0347,-16.5654,-19.2844,-23.6086,-50.5517,-15.8354,-28.7738,8.3356,-22.1564,10.0453,-34.8727,3.1820,-22.9251,9.3641,28.8276,0.8664,-20.6041,-60.1423
-23.9465,69.8356,-20.7657,-24.4791,-31.5617,-79.6498,-2.6864,-51.2339,11.2047,-43.8182,-29.7830,-34.5669,5.9628,-34.1024,24.8215,61.3159,24.9875,-31.2709,-83.6027
-33.3284,64.7902,-32.2334,-20.5252,-18.5891,-100.7031,20.0677,-49.4585,17.1161,-35.2255,-42.1318,-52.5733,21.8919,-40.3771,22.7130,56.7269,20.9631,-21.2337,-93.1393
-49.1518,11.1573,-38.4167,-6.0184,-7.0732,-67.2053,33.3221,-12.7740,25.9769,-3.9502,-22.8102,-61.5776,24.5218,-28.9802,23.8929,42.2311,-36.9129,6.9434,-60.9417
-66.0353,-37.7451,-42.1300,8.6988,-13.0949,-1.3975,44.0607,25.7614,24.2864,19.0608,-28.1562,-74.5165,-4.3066,-9.5305,50.1551,69.8148,-96.0144,37.8274,-23.1702
-70.9904,-53.5858,-54.0818,8.4247,-20.2893,10.0056,49.9750,40.6331,23.5855,34.2231,-61.3565,-104.9034,-36.5040,-3.7966,71.3196,111.0980,-95.9702,47.4786,-19.5440
-46.6829,-44.5133,-51.8177,2.3560,-23.3242,-23.8659,28.9049,24.8968,6.6629,20.9428,-53.6786,-121.1209,-41.1867,-14.6844,45.0257,85.3982,-50.5176,41.2406,-48.0956
-4.3157,-22.0018,-13.8766,20.3138,-19.0231,-24.6263,-13.1952,-23.6567,-61.0080,-50.1461,3.4409,-112.0564,-31.8911,-32.3186,-11.8561,2.1011,-12.7421,56.9983,-90.7617
16.7957,4.4320,28.5193,61.1062,13.8329,-2.2437,-34.8707,-75.0480,-128.8915,-128.4794,35.6817,-98.5486,-25.8870,-47.3140,-48.7252,-56.2545,-2.4087,96.2801,-113.0468
21.0147,27.7395,48.8666,87.8587,61.5682,-7.1512,-21.0672,-79.7576,-124.7254,-143.9557,6.6830,-77.6507,-11.3297,-48.9819,-54.5746,-75.0910,2.2713,115.2029,-89.9287
41.9578,43.8547,67.1821,85.6404,82.2706,-16.2045,2.4942,-41.1515,-86.6023,-114.1848,-39.0942,-64.3980,14.5917,-49.3754,-48.7761,-94.8415,12.2150,103.3386,-54.6591
52.6712,42.0507,78.6098,72.9065,79.0793,0.4259,24.1416,-10.0836,-73.3489,-89.3755,-55.7730,-100.9418,32.9650,-79.6753,-32.8838,-114.6516,3.9060,91.0974,-36.5013
18.5821,26.4160,51.5358,59.9715,69.1537,19.3096,40.0030,-8.7408,-58.8620,-85.1869,-45.6235,-149.2696,33.2666,-122.2898,-10.2924,-117.8300,-22.1777,83.5764,-14.7956
-10.1358,20.7133,11.9614,43.0666,40.1799,27.3400,18.3164,-18.2601,-31.6568,-106.7017,-21.6752,-132.6902,16.4017,-115.5164,-5.4698,-106.1809,-19.1236,62.9701,-2.0592
11.3513,17.8196,7.3824,26.5816,17.5216,29.3656,-38.8420,-17.1787,-32.4507,-137.8202,20.1758,-84.4994,-7.8242,-58.0831,-18.3482,-71.8627,20.4079,33.7026,-27.5664
38.6877,1.6368,25.4791,21.3069,45.7974,12.0340,-65.6266,2.7734,-55.8057,-137.5689,65.7301,-77.1431,-14.5109,-22.0562,-25.0659,-32.7495,44.0115,17.5007,-43.7752
32.4616,11.3640,39.3679,31.7976,85.2381,-18.7747,-43.4829,34.2077,-65.4874,-104.8865,72.2669,-88.1750,6.5437,-41.6757,-35.5749,-45.2710,42.3128,27.5577,-17.1183
18.2157,62.7811,53.6745,49.8916,87.5516,-31.6276,-27.0413,62.9041,-54.5567,-70.8994,28.5585,-78.3328,33.8722,-69.2886,-61.4779,-94.7402,50.3024,51.9951,-3.4315
21.5464,86.6331,66.0537,56.6876,90.7010,-28.9852,-24.1086,80.6232,-21.4064,-42.9928,-22.7956,-58.6434,51.7673,-54.1360,-63.7047,-95.1792,55.0026,56.5664,-17.1820
35.3341,62.2053,61.4352,43.6606,97.4909,-35.3755,-0.2099,77.8022,14.9912,-30.4508,-45.6197,-22.6533,60.1422,-6.2276,-30.1426,-44.1384,36.0775,32.2698,-13.9602
36.3000,54.0518,36.8614,23.9292,48.1160,-50.3177,30.3912,56.8787,18.0936,-38.0708,-48.6076,32.5662,57.5103,33.3882,-12.0921,-11.0756,22.7349,13.8670,-12.3859
4.1136,65.7576,-5.7563,8.1734,-22.6513,-69.2649,53.2746,45.4107,16.3910,-27.6524,-54.0894,61.0559,58.3904,48.7099,-16.5124,4.6858,17.6956,14.6245,-38.1408
-43.4339,56.5317,-53.4768,-6.8287,-40.4418,-92.1726,89.0760,38.6556,46.7717,-3.1469,-60.2727,51.6121,79.2121,46.1315,-1.4636,31.1459,-5.8284,7.7435,-53.7489
-71.5209,51.3213,-81.0508,-16.7299,-46.1406,-97.1601,117.1181,-5.5023,51.0719,-27.0980,-45.8817,42.1303,95.4210,23.8298,16.2248,33.6641,-27.3361,-2.9841,-58.5884
-88.0000,63.8584,-85.9953,-8.4130,-75.9206,-75.4173,102.1508,-58.6486,3.5981,-68.9779,-13.1017,34.7512,81.3288,-7.6663,-1.1287,1.7778,-30.2747,15.1727,-78.8598
-100.6658,54.0928,-78.4218,14.8192,-66.8290,-57.3755,72.9888,-42.6578,-8.7185,-46.9154,-7.9442,21.8675,59.0235,-9.2070,-22.3752,-9.7555,-41.2710,50.0694,-78.6395
-78.7038,35.5512,-56.4359,30.8494,-23.9633,-51.3115,60.8318,17.9987,36.3874,-12.0747,-58.6082,18.6576,45.3100,22.2903,-10.0837,11.6262,-48.9153,61.5607,-48.1102
-42.5583,39.6129,-43.0342,22.5498,-31.9780,-31.0828,50.4039,40.7562,70.1384,-34.1191,-119.6842,-0.9524,20.8093,28.3566,22.6815,30.3572,-34.4484,46.4104,-34.5386
-60.0271,27.6014,-69.6088,-6.7779,-79.7371,-6.9757,40.4004,40.3117,95.2608,-30.5525,-135.8297,-63.6621,-13.3526,-14.0085,61.4850,50.8325,-47.7796,22.6592,-24.8609
-108.5384,-7.8936,-107.4417,-40.4862,-109.3261,-15.5210,39.5400,59.9268,135.2402,50.5515,-118.4812,-112.7967,-32.5486,-49.7604,92.6431,87.7367,-91.4617,-5.0920,0.6724
-112.0461,-12.3962,-116.7171,-64.0674,-130.5539,-45.8379,30.4341,62.9742,143.2831,106.8729,-109.0600,-104.8916,-41.5616,-43.8554,91.8305,115.2813,-80.7817,-30.9001,-6.5514
-88.3118,4.5463,-115.5025,-68.5745,-140.3594,-57.8028,13.7204,36.7565,125.2282,95.8621,-126.5967,-83.6738,-63.4076,-25.8832,78.2954,125.0133,-24.5184,-39.6193,-25.6336
-89.9699,1.9831,-116.8039,-52.2881,-113.7289,-46.4786,6.1229,42.0282,147.7210,97.6375,-170.6388,-72.7143,-97.1621,-15.1388,89.2549,140.5380,-16.6191,-27.4228,19.3978
-92.1401,0.6129,-99.0684,-34.7824,-93.1684,-37.0473,-4.6074,84.4935,189.1717,129.4168,-208.0056,-47.2326,-116.7445,0.9009,103.0257,153.0007,-48.2415,-14.7113,76.4336
-67.8709,8.2574,-73.8749,-41.7442,-109.4258,-42.7247,-19.5952,103.6719,187.9601,141.5693,-187.9768,-18.1478,-103.1316,16.2381,91.3138,139.8083,-53.0251,-26.8985,68.7497
-48.9840,-0.9003,-66.5186,-59.6876,-112.5560,-45.5184,-15.7450,91.6645,159.5958,138.0170,-135.7824,-7.3849,-81.6045,21.2551,82.4884,132.4256,-38.7585,-52.1613,53.0831
-48.8354,-7.6434,-59.4978,-55.1317,-84.2431,-22.7480,-3.8975,88.8412,140.7801,150.5330,-142.2076,-0.4772,-93.4384,37.8746,98.6970,176.0366,-27.1291,-53.3352,66.6873
-43.0273,0.3563,-42.5772,-42.3941,-60.9091,0.6214,-4.8593,100.2985,144.6640,183.8786,-203.8991,2.6433,-118.0211,65.5962,118.7858,236.4525,-11.0702,-42.9003,62.1277
-27.5970,-13.0351,-37.1506,-58.7828,-48.1427,-21.6179,-6.0679,98.1543,171.3188,218.6691,-208.6408,-18.1167,-103.4533,52.3533,122.8496,228.1630,-7.8016,-67.0982,54.4946
-19.3026,-38.5360,-43.1390,-86.0348,-47.1538,-68.3118,-10.7171,72.3812,170.4061,210.4014,-115.6877,-48.4690,-67.4268,-10.3527,99.3853,140.2802,-22.3279,-102.3370,70.6841
-28.4832,-40.6336,-49.3455,-83.0075,-70.0518,-81.0887,-40.1522,50.8177,105.5360,150.5681,0.1273,-61.2910,-60.2694,-52.3389,46.9844,57.3719,-24.7584,-89.3597,63.7336
-50.9525,-47.1265,-60.0192,-65.8623,-83.1021,-68.0224,-71.3610,65.7014,46.3110,117.1700,79.3065,-64.9533,-73.5875,-48.7807,4.7354,35.8481,-22.7172,-55.6547,49.5115
-60.2591,-72.7905,-63.9739,-71.6709,-64.3887,-67.1263,-68.9453,95.6112,48.3403,154.1388,104.3804,-77.6917,-82.9912,-55.3410,11.2855,46.6458,-32.7780,-63.1682,92.9043
-38.2113,-70.7717,-50.2105,-86.7394,-54.0921,-61.4607,-39.9612,89.7999,66.0236,190.0726,49.5317,-83.8225,-94.6937,-73.6424,47.4857,63.3517,-21.2493,-89.8045,140.2753
-13.9980,-37.1587,-43.8844,-80.6867,-60.7619,-31.4172,-4.0489,51.4239,75.3822,168.1248,-58.7165,-54.0045,-99.6428,-47.0361,74.7320,92.5416,17.0774,-87.8787,123.6787
-20.2596,-16.6939,-59.5834,-61.4040,-54.5464,-5.4988,19.4781,17.8595,92.3543,117.3273,-113.7589,-6.6212,-83.1632,-5.1016,76.7205,99.7727,34.0054,-69.6588,98.1808
-43.3988,-17.8304,-74.9781,-47.3474,-49.0549,2.6546,10.5881,-9.3851,88.9994,64.9860,-66.6252,6.0787,-63.3361,-19.1868,51.1711,43.9020,17.3974,-54.1543,99.3230
-62.4659,-27.6903,-80.0909,-33.0746,-51.8584,16.3717,-10.5092,-34.8181,64.3830,15.1826,4.6957,-6.3518,-47.5418,-49.0737,19.7032,-23.2043,-11.5363,-32.3731,87.0996
-75.6065,-36.5287,-78.4430,-11.9234,-30.6732,45.5047,-9.3174,-35.8008,67.9785,-12.5767,18.0918,10.3764,-25.6904,-25.4022,14.9423,-27.3987,-39.2060,-9.9710,70.0278
-70.9689,-24.6692,-59.9302,6.7416,0.7389,79.2799,-0.0486,-13.9244,74.7905,-14.1236,-16.8416,37.7112,-17.4220,12.4284,26.0072,5.2824,-34.9957,2.5906,70.8633
-41.1686,-2.4432,-29.5858,18.2722,10.9851,100.6083,-3.2574,-3.1790,32.1567,-16.8397,-44.0699,28.2830,-32.1841,16.0415,18.7257,12.2893,9.0083,15.9674,60.7472
-12.9705,-2.7322,-8.4647,30.8054,29.2944,92.7621,-4.6366,-14.0153,-13.7762,-32.9100,-37.7625,15.7432,-38.4964,15.3614,1.9682,0.4628,33.4119,31.9158,44.8612
-9.1374,-4.2368,7.0897,49.1461,65.0096,73.8702,-7.2429,-27.5613,-17.6014,-50.1536,-27.0801,30.4408,-34.5650,19.9846,-1.5124,-2.6560,15.5975,44.0156,53.2148
-14.3858,29.6683,31.2823,71.1543,79.5884,86.7393,-27.4222,-25.8628,-22.7637,-65.8723,-42.7407,32.7263,-41.1349,5.2074,-7.3504,-11.9628,13.6451,63.5324,56.9539
-5.5697,68.1924,58.4841,91.4665,84.5717,120.1783,-40.2010,-10.8147,-54.5232,-92.7827,-52.0704,27.3458,-33.0829,-2.8789,-28.3996,-37.4448,40.2577,87.4605,36.8592
16.5472,68.5521,72.4344,98.4387,100.2400,115.7222,-21.7318,-11.6318,-79.2068,-127.8805,-25.6643,55.1227,-1.9109,20.0743,-41.2742,-54.6259,44.3874,90.6853,26.1479
27.6471,44.6692,58.6211,86.8235,84.8539,72.6078,7.5365,-33.9180,-71.3719,-128.3166,-26.1007,74.4506,2.5350,37.1209,-28.9668,-44.4925,20.1888,80.6011,26.8146
8.4411,31.8986,26.3211,70.0148,37.6967,55.9268,26.3438,-22.0562,-38.7886,-66.5860,-84.9083,53.2534,-21.3347,38.1950,-8.0125,-9.0974,7.1858,80.5278,21.2549
-13.7651,39.2970,16.3476,55.0314,18.5610,83.0286,25.5914,37.0194,-31.3363,-4.7117,-89.9026,50.1842,-21.9326,53.3414,-3.8586,31.8903,23.9952,69.8678,21.6092
6.1739,39.1226,37.0824,31.2090,20.3248,86.9753,4.2537,54.1178,-87.4355,-14.7434,16.4237,60.6852,-4.6853,57.7752,-20.4811,37.3128,52.4515,31.9769,13.8623
47.5541,7.0491,42.3473,6.2538,1.7490,29.5533,-2.1687,-5.1664,-134.1358,-56.6421,93.4856,14.5292,5.0753,17.9832,-34.7204,-9.8387,48.6754,8.0435,-29.7138
51.8221,-22.8298,22.6788,1.3331,-10.5736,-24.4444,33.7865,-42.6032,-91.0311,-56.0275,53.3681,-46.4621,37.8249,-19.9754,-26.5118,-58.4275,-1.2399,18.5690,-75.2726
28.5916,-17.1272,19.0655,1.7513,2.4219,-17.6252,72.3013,-5.8944,-38.4710,-29.0877,26.3504,-54.2053,99.7140,-20.2538,-12.3214,-64.1856,-41.5721,19.6651,-90.1110
30.3352,-19.7896,28.6638,-17.5747,1.5637,-5.3642,73.8182,27.3797,-68.5950,-25.9868,103.8707,-62.8056,137.0158,-23.1855,-20.9834,-66.4281,-37.6589,-4.7954,-104.9228
53.7399,-54.6761,20.0572,-38.3580,-21.6216,-46.4397,54.4906,3.2922,-99.6639,-50.2510,178.2031,-94.5293,136.6990,-39.8885,-42.4329,-100.4512,-36.8375,-20.4890,-136.5759
62.5684,-59.1931,8.9451,-40.1131,-37.1824,-91.7395,26.5974,-41.3879,-48.2232,-87.2016,166.1993,-70.4988,134.3985,-28.2808,-44.4137,-118.0537,-60.2001,-28.6244,-162.2054
57.7139,-17.6534,18.1644,-38.1614,-34.6499,-92.9758,-11.4753,-71.8299,9.9002,-113.2026,133.2427,-4.5744,132.3223,1.3321,-30.2998,-86.9321,-60.0315,-51.4319,-173.0995
59.6380,8.0382,35.4348,-33.5401,-13.6457,-86.9161,-33.9140,-84.1034,-2.1354,-96.6076,122.8867,16.1546,110.9556,4.4995,-32.7474,-60.5861,-24.4758,-59.1643,-163.2682
72.1944,14.3369,53.2746,-8.9837,13.9687,-91.9122,-31.3056,-79.5062,-39.5181,-58.1174,93.2355,18.5882,80.0804,-4.6759,-58.8863,-81.8404,11.4769,-27.0143,-124.7091
85.4221,35.8209,70.3056,17.7773,23.5702,-79.3106,-33.2047,-75.5254,-43.7170,-50.6349,48.6480,57.5974,65.9096,3.2874,-83.8772,-121.8510,34.3625,2.6288,-88.8214
85.5227,48.3314,74.3083,24.2285,32.6559,-63.7777,-45.9334,-86.6845,-31.8389,-70.0736,50.4356,83.2812,77.3455,10.9120,-94.5004,-141.1883,43.5864,1.2780,-90.5744
79.2206,37.5886,77.2541,27.4438,70.3014,-71.4110,-55.6404,-95.8820,-47.7980,-81.9806,93.1675,61.3660,90.6518,5.9490,-99.8034,-131.0614,45.5968,-1.3437,-112.7616
97.4672,37.9744,100.5267,33.9142,100.2088,-77.9730,-68.7336,-88.4597,-86.7401,-81.0830,109.1836,40.0852,76.5290,5.7217,-103.6994,-108.1938,68.9407,2.0968,-121.3339
140.9445,42.6751,124.4230,20.0033,91.2614,-80.4663,-86.6674,-67.6973,-100.6036,-58.9371,95.8027,37.7748,50.9406,8.9601,-105.4996,-104.0237,111.8751,-17.5814,-106.3269
169.0459,16.1214,126.2985,-14.0299,78.7439,-110.1517,-103.3046,-29.9864,-77.9677,-2.6029,119.4592,22.3482,45.6533,0.4161,-109.3492,-117.8471,127.4348,-58.2849,-79.2495
161.3656,-28.7612,110.8916,-48.9830,66.0563,-147.1968,-126.6419,12.4217,-52.3062,61.7707,179.5551,-18.5823,40.1824,-16.7833,-105.5627,-107.3535,103.4063,-93.7972,-65.3130
128.6742,-64.7787,69.7879,-80.0353,20.4928,-155.0083,-139.1790,22.8869,-19.3165,100.9261,190.9182,-67.5150,13.2252,-32.7341,-78.5132,-67.7433,70.6904,-114.6122,-72.5247
85.0147,-86.4010,10.4817,-92.1296,-14.5082,-148.5322,-107.3493,0.5357,38.0405,101.9106,139.2365,-90.9313,10.3505,-36.8492,-44.8818,-46.2996,37.3258,-113.7160,-82.0979
57.8439,-85.7345,-8.9413,-64.9119,14.5292,-133.2594,-63.7350,-21.8362,65.7666,43.1805,114.2791,-74.5954,55.8230,-23.1636,-37.3308,-64.8474,-0.1605,-83.4370,-94.3953
63.4952,-66.1303,23.1038,-18.7907,51.7403,-85.6918,-60.7979,-39.2683,24.7955,-60.1954,136.9650,-58.1052,87.0946,-14.1435,-51.8281,-102.9275,-24.1292,-36.7590,-117.1875
64.6956,-45.8355,35.9768,9.0350,34.5660,-28.9716,-66.3241,-57.3302,-16.7521,-120.5882,119.2141,-64.2117,65.1206,-27.9549,-57.6150,-131.5044,-25.0117,3.7822,-117.4057
34.4600,-30.1381,4.8757,12.3810,3.4000,-6.9402,-36.6313,-65.7682,-1.0555,-97.3589,46.9631,-56.5823,36.5062,-40.7893,-44.5124,-128.5214,-15.7469,19.7174,-76.9823
11.3612,-29.2496,-17.3035,1.0418,7.4844,-10.6588,-10.0523,-78.1234,27.9939,-58.3370,18.2958,-36.9662,34.6055,-43.2506,-25.6261,-106.4943,-12.1234,1.8888,-40.7565
17.9799,-48.7901,-11.7834,-16.4034,25.7540,-16.0987,-19.9842,-109.3620,24.6397,-55.4243,62.7628,-41.4996,36.1913,-55.5752,-13.1967,-95.2287,-16.9230,-31.3170,-35.0355
22.2783,-51.4654,-6.3859,-28.5759,28.4728,-22.0070,-26.6786,-118.4472,8.3955,-64.1957,102.1374,-35.5780,34.8935,-56.3035,-5.9339,-76.8132,-15.9349,-53.0279,-31.3717
13.7247,-26.2804,-8.1438,-33.5176,21.6885,-17.9866,1.5233,-74.4685,4.0355,-58.1791,96.7670,3.0703,50.5733,-24.3440,4.2872,-36.8478,-5.0878,-61.1484,-15.4267
9.1046,-29.2300,-12.7959,-33.5905,21.9858,7.0238,36.3449,-22.3710,6.5723,-34.3616,76.2004,-1.5156,66.5823,-12.3513,11.7084,-29.8866,-3.2697,-53.7001,4.1504
3.0541,-66.3762,-23.0291,-25.9609,28.9800,34.5179,41.6875,1.7939,10.6081,4.9878,53.6801,-58.7771,46.7229,-37.2644,10.2012,-54.8370,-11.2041,-28.9176,27.8055
-9.1149,-79.6618,-33.9310,-25.9345,18.0679,40.0554,18.9436,25.8274,30.3913,42.6447,27.3524,-68.1604,1.7579,-27.5317,21.0126,-18.9194,-14.6115,-23.1034,48.6485
-19.1501,-75.0468,-48.3248,-45.5852,-23.2466,20.3020,-1.6580,63.2909,73.5182,65.4924,10.2440,-30.8018,-29.1860,17.0845,49.3375,57.6354,-30.8711,-47.4077,58.6760
-32.1014,-80.5197,-66.4503,-46.0118,-55.3175,-5.4375,-1.3097,83.3232,99.1684,74.7306,-4.1370,-30.1141,-39.2435,18.5580,48.7133,50.8036,-59.5711,-35.8713,67.6471
-38.0699,-48.1371,-52.8582,1.3534,-34.6322,-6.1437,0.4354,73.9239,59.2795,52.1077,-30.9222,-32.4984,-43.2552,-7.0053,1.6292,-19.3023,-41.3093,28.7532,73.6723
-10.7408,29.6485,7.8775,47.0436,16.2942,22.1882,-11.8782,61.3281,-17.2459,-0.7034,-45.9242,10.5844,-39.3955,-2.0854,-35.6710,-40.5958,27.6571,64.1721,68.2150
26.8152,67.5142,60.4915,49.4124,43.2501,45.4128,-11.2173,67.2277,-66.9847,-22.5411,-32.1540,23.9069,-24.9224,-3.1945,-33.5941,-31.3060,63.9422,49.6563,67.0335
31.0665,52.8938,63.5968,40.2342,34.1893,46.6760,10.6338,80.9932,-78.3820,4.8561,-26.5942,-9.1262,-14.8090,-26.9703,-28.7700,-45.9135,50.1139,48.4209,71.5608
16.8144,53.2130,45.4670,38.0413,10.5292,42.8606,6.6652,80.7556,-55.6424,23.0577,-45.5540,11.0313,-18.0166,-6.4346,-32.8483,-35.6231,46.5499,51.6999,56.1726
11.4710,60.7464,27.0345,16.0051,-20.8687,35.1881,-38.9528,67.6219,2.7132,24.3585,-49.8968,72.0933,-28.4167,49.3148,-24.4061,16.2396,55.7819,13.0977,23.7496
2.2331,39.4046,-3.3307,-17.1672,-61.4603,10.7034,-67.6473,46.4618,49.4080,44.6413,-38.1151,72.0524,-37.4436,60.6321,-13.3094,43.0684,45.6928,-24.2375,-10.7624
-14.7431,28.8409,-33.7032,-24.4886,-91.5197,-16.0478,-41.6704,2.7055,47.0769,51.4422,-57.9534,38.8147,-33.7458,38.3839,-11.7172,36.1697,33.7922,-14.9212,-52.1814
-23.3983,45.7445,-43.6500,-14.2670,-87.8477,-21.2664,-3.2706,-40.3281,45.5867,23.1895,-99.3253,41.0487,-16.7345,31.0953,-2.6877,32.4399,32.2432,-1.0516,-71.4678
-22.0346,39.3690,-37.5974,-14.5401,-59.3856,-14.0574,3.7861,-20.3947,70.8211,25.1841,-103.7989,28.5955,-8.2831,16.1025,11.5977,22.7692,21.8043,-10.1629,-32.5901
-7.2582,13.7275,-16.8674,-18.4373,-30.9662,-21.5356,-2.6343,37.5315,61.7722,63.8615,-75.0667,-26.4085,-16.6256,-17.7620,12.5538,6.6439,13.1190,-13.2487,14.0119
17.7466,15.9045,13.9314,-12.6250,-9.1853,-43.0691,2.9785,34.0484,12.8677,58.5958,-56.9876,-50.0386,-21.3373,-33.1575,12.8383,14.0896,16.8389,-8.0366,9.3329
18.9870,24.6070,21.6510,-9.0150,-0.2581,-49.3514,2.6715,-29.1073,-3.0405,10.5003,-40.2360,-30.1132,-18.6763,-33.4981,25.5433,29.5345,2.8615,-15.2832,-11.0402
-8.7261,4.0644,-5.1197,-17.0234,-20.8681,-31.3855,-19.3276,-66.7199,17.8061,-16.9643,-2.4485,-27.8217,-25.6429,-44.7927,30.8793,17.4119,-29.3753,-24.9850,-10.8815
-26.2098,-18.6347,-32.4258,-23.3492,-56.0391,-10.1148,-32.6591,-68.8587,22.7686,-22.1718,18.8830,-37.2323,-39.3642,-49.8488,22.9488,-3.7493,-42.1175,-19.9057,-8.9602
-34.5512,-22.1403,-43.9242,-15.5436,-65.4012,13.6046,-15.9651,-66.5730,19.8721,-10.4362,-11.2055,-23.8918,-52.1401,-36.7780,24.3367,0.7048,-37.2730,-3.5707,6.7930
-56.0466,-20.9767,-46.0817,-0.9352,-44.2809,51.4233,-6.2536,-48.1869,37.9227,24.6027,-55.8257,-13.5212,-70.2703,-28.2309,39.8462,26.5683,-40.1907,11.1473,47.8530
-59.6937,-11.9055,-28.1421,9.8038,-16.7069,74.0509,-32.4289,-23.4274,54.6401,21.7154,-64.4855,-21.2515,-79.5477,-23.6132,51.9208,51.9383,-45.4252,13.2366,54.7907
-31.8624,4.7487,-0.2031,17.2165,7.1781,59.6949,-60.4098,-18.4682,51.8192,-46.2342,-37.3156,-8.4713,-58.9703,5.5680,50.1126,67.6538,-43.0002,6.2551,9.8699
-21.8298,6.8848,1.3585,21.3935,20.2863,54.1781,-57.4711,1.4866,49.4166,-84.2051,-3.7895,43.1713,-26.9244,61.7140,37.4429,80.0344,-36.5213,2.6312,-10.1594
-35.4754,14.6168,-7.0660,23.8423,21.0377,82.8860,-39.3206,54.1918,51.2221,-57.8419,5.7613,104.7501,-4.8344,111.0588,22.1052,89.8887,-18.5181,4.2020,15.4522
-26.1636,59.4416,16.2359,37.2867,32.7058,95.1355,-23.4709,79.1335,37.7748,-55.5076,-24.2746,134.8416,16.5106,121.1153,8.6290,80.0842,13.3413,14.5692,19.5967
-0.7346,95.0220,43.3165,55.6542,51.1074,70.0695,-12.1635,53.8128,13.4462,-89.2530,-63.4918,111.8621,29.5718,97.0511,-1.7135,53.4340,35.0813,35.0305,-14.7019
5.9270,76.6284,32.4887,47.3638,32.0436,48.0426,-17.8355,26.6891,4.4592,-95.0500,-62.2757,67.7860,14.0703,73.3768,-1.1556,44.3302,31.2298,36.4339,-41.2840
3.6892,51.7584,11.7661,14.5262,-10.4397,34.1803,-30.6586,20.3844,19.2823,-85.5284,-32.8205,52.1364,-1.9023,65.7756,16.8832,62.8163,14.0016,3.1565,-43.6613
1.6581,51.7945,4.0478,-8.7873,-15.9218,3.8220,-9.1145,25.8989,41.7402,-80.9081,-26.9077,46.2867,16.5741,59.0421,43.0886,87.5966,-1.4442,-28.6725,-39.6685
-10.7576,31.8722,-17.2868,-25.2566,-1.5322,-27.7420,37.1245,32.1251,53.3666,-46.2452,-38.1703,3.1172,36.6123,40.6718,64.8548,109.7839,-9.1494,-41.6268,-40.5547
-15.0862,-13.3012,-42.6206,-47.7524,-15.6813,-37.5392,51.5426,17.7274,41.7701,-7.3504,-27.1563,-54.3985,16.5595,14.2056,78.1277,121.2926,-11.9516,-53.2134,-41.1637
3.9046,-39.4646,-32.8429,-46.5812,-21.7952,-32.5846,40.0498,-4.7951,4.0521,-17.7836,-3.8401,-80.9059,-16.2443,-6.6078,77.7995,106.7629,-19.1518,-46.1443,-27.6478
16.2172,-51.5644,-8.3164,-17.7043,15.2645,-21.3070,48.6649,0.3267,-38.6306,-36.2481,13.8019,-87.2597,-18.3947,-9.3917,65.5315,84.9749,-31.9310,-11.7749,-8.2507
4.7023,-60.3685,-6.4627,-8.5205,40.6539,-13.0912,56.3308,-4.5076,-58.7492,-26.6666,42.1062,-82.3277,-1.3288,-3.3624,53.7206,84.7840,-34.9437,-2.2619,-17.2571
-4.8284,-31.2148,-7.3234,-18.2296,24.3025,-20.1875,22.3262,-70.9159,-60.6246,-37.3966,64.5733,-38.7729,-0.8763,-1.1220,40.6478,90.2081,-14.3947,-26.2980,-55.3922
-0.0281,21.2438,10.8791,-3.6752,15.8994,-24.9821,-18.8768,-138.6977,-65.9096,-67.7021,43.7861,23.5531,-19.9014,5.5227,20.5657,81.3803,15.1268,-24.7214,-76.1148
-1.0869,36.2942,27.2348,22.5029,36.3110,-6.4955,-19.9572,-132.5055,-77.3462,-55.5097,11.2079,38.2356,-35.4098,7.0859,9.7423,71.5426,23.9105,4.7907,-51.1992
-16.2800,28.4278,31.6305,29.4105,55.9722,12.8140,3.3227,-88.1243,-86.9668,-9.9290,5.7016,8.0448,-36.7878,-18.3747,14.2922,65.3301,14.3601,19.3717,-3.6822
-23.2716,44.0125,35.9810,31.3064,57.4201,10.6755,20.2907,-74.3915,-91.1862,15.1266,-7.6161,6.8139,-29.5689,-35.5504,10.8451,53.0779,18.7161,23.6645,16.1587
-3.7607,60.9074,35.7921,32.7805,34.2650,5.1577,22.9423,-106.9780,-91.6249,4.5069,-35.2678,55.6307,-19.4478,-4.0015,-8.9352,36.8414,46.1816,25.4750,-19.0087
25.6374,60.5783,28.2693,22.9539,3.1153,10.1826,13.5770,-154.5420,-103.2569,-36.8496,-28.4444,99.6226,-13.6846,31.7134,-28.0073,18.9710,81.4036,12.6370,-63.0277
41.6201,75.3099,29.2962,25.3800,11.6574,14.8009,14.3046,-157.9986,-128.2367,-80.0270,-20.9322,107.1748,-16.7052,32.3974,-39.5609,2.9199,123.9001,10.8119,-51.2051
55.9901,100.3834,41.7722,46.6352,52.0147,17.1952,38.3865,-104.4409,-133.6750,-78.7790,-76.6651,98.9781,-16.3754,36.6814,-46.9053,-3.7181,170.1235,34.2125,-14.7364
86.0178,101.8375,57.6916,51.9909,57.8584,23.2823,47.2209,-59.4850,-117.9244,-50.2467,-130.3668,88.4008,-7.5616,53.5442,-53.8941,-16.2253,192.3969,45.3000,-22.0654
109.1570,93.5229,73.8218,43.8731,29.8168,24.1592,18.8658,-49.5340,-120.2234,-48.6112,-110.9522,71.6946,-10.6822,43.2386,-65.2848,-46.6375,182.1048,41.1610,-40.1711
95.8650,90.0917,66.6204,40.5721,13.0999,12.5320,7.5903,-33.1027,-114.6265,-63.6924,-84.6150,55.9919,-24.0986,18.2676,-60.7592,-60.1549,153.4243,41.1995,-9.5017
55.0501,67.8142,12.2764,11.8746,-15.7245,1.1586,43.8506,-12.6945,-50.7222,-65.2533,-88.2619,45.6642,-14.4733,10.4590,-17.7870,-36.0049,108.9240,13.0340,30.8802
17.7872,28.7874,-52.5411,-41.3828,-71.7758,4.2883,74.7334,-3.0407,13.6148,-65.9460,-54.7433,34.8331,11.8139,9.0759,25.6133,-12.8372,64.6417,-41.9721,40.8777
3.1969,-1.3054,-74.0029,-58.4188,-88.0693,15.7886,77.5212,36.6036,17.0394,-59.5003,-0.3469,29.1956,18.2151,13.8932,27.3903,-13.8516,46.1900,-55.5633,65.7342
3.0364,-22.6269,-66.7040,-39.2854,-50.6448,18.3418,95.4373,91.3031,19.9593,-23.1857,-6.9448,34.2666,17.0146,27.0653,20.5073,-22.2885,34.2956,-31.3891,121.0600
-5.7806,-31.3664,-67.8433,-37.7400,-34.0797,7.5802,126.9965,84.4696,51.3794,16.5974,-37.3735,36.0961,34.0547,11.3271,32.5314,-36.8099,6.3931,-31.3737,148.9873
-25.8450,-15.5134,-67.0133,-44.5487,-49.2707,-6.9507,127.5507,36.5322,42.9774,36.8214,-24.8971,27.2907,41.9487,-32.2796,29.6589,-54.8124,-9.8470,-38.3508,134.1804
-40.5723,0.1629,-55.3245,-28.7846,-42.7639,-18.7278,107.2629,12.8513,6.5667,56.5795,-14.9007,18.9506,22.0503,-51.9571,10.5427,-52.4761,-5.7858,-16.6072,118.4284
-45.4945,-2.1487,-53.3248,-15.0334,-17.8324,-24.8860,104.1197,-16.8432,11.4086,64.2633,-40.0588,16.1253,12.9627,-50.5977,12.1443,-40.2452,-6.4179,-3.8702,106.0692
-37.3806,7.3286,-51.5639,-16.9108,-1.2536,-19.7935,108.7790,-76.0241,18.0801,31.8289,-49.7927,18.0309,36.4205,-58.8071,14.8005,-53.7109,8.7026,-16.9599,70.5479
-11.3394,31.1118,-22.2625,-4.9138,23.9542,-1.5856,95.5040,-101.6978,-22.7969,-3.2222,-32.0439,25.8474,59.7037,-55.4089,-12.7016,-79.7088,51.2794,-12.3963,26.4645
4.4227,31.0204,14.2198,23.4642,58.5696,21.9566,61.9517,-82.1162,-60.6522,1.7566,-13.9002,30.2405,48.8952,-34.2775,-38.5602,-78.3945,62.3409,17.3931,10.8503
-11.1540,13.2249,23.1946,38.7219,68.4076,33.0256,11.9703,-87.0054,-74.2765,12.2287,16.0075,23.9128,3.1819,-31.1836,-40.2684,-49.5863,36.8230,34.4279,15.6823
-18.3575,7.6288,16.5378,28.3641,52.6171,15.2693,-33.9656,-129.6973,-91.5898,0.2382,50.7484,18.0889,-44.3297,-38.2988,-34.2877,-11.4914,39.3787,19.0141,3.1783
3.1358,-2.9202,14.1468,1.0277,35.8492,-16.8917,-41.0576,-147.2977,-77.5575,10.3853,45.6267,15.8324,-56.5138,-24.6678,-11.7240,33.0454,46.8187,-17.3601,-19.8910
10.0659,-32.2272,6.4798,-23.7922,16.7181,-29.0583,-22.9809,-105.3889,-7.7238,60.1633,5.5649,4.2865,-49.1978,-8.2069,30.0054,68.2566,2.8261,-43.8108,-9.2271
-3.0757,-45.9978,-9.4933,-29.5223,-11.6327,-25.1372,-28.3018,-45.9601,55.1107,88.9962,-29.1822,-7.1596,-65.4519,-11.7663,46.8826,61.0483,-34.8655,-41.7026,37.8258
-4.0420,-29.4104,-21.2282,-24.1718,-32.0320,-32.7659,-48.6112,-24.9689,78.8418,71.4711,-48.8318,6.3361,-89.4936,-23.6032,29.4674,16.1508,-18.8102,-33.1563,85.3654
-16.2642,-15.6598,-29.3247,-24.1355,-31.4885,-36.2072,-38.6210,-21.2887,93.8789,67.6805,-45.8386,33.2419,-77.7608,-30.8719,23.5081,-8.7882,-18.2760,-37.9125,120.5875
-52.2164,-26.4562,-37.7581,-30.6358,-26.4547,-16.5700,-12.1430,21.0336,96.3923,102.8927,-7.4763,36.2730,-48.3548,-26.6520,36.6969,16.3161,-56.5546,-43.1473,138.0948
-55.9485,-49.2084,-38.0871,-38.5232,-32.4953,-8.4382,-7.5814,75.6855,73.2255,120.5106,35.4219,9.6887,-40.7979,-13.2363,39.2226,43.7773,-71.3828,-41.8482,126.2301
-31.1364,-63.1516,-28.5127,-34.4352,-29.4205,-21.6662,3.2346,94.7965,53.2559,105.9716,34.6186,-15.3012,-41.9130,-10.2023,38.3968,38.4918,-72.7408,-29.7658,119.3738
-42.7981,-55.9157,-16.0725,-3.4165,8.0463,-10.0248,53.5421,115.4234,48.2429,111.4318,-10.0846,-12.2060,-29.0951,-10.9312,52.3154,41.3211,-101.5962,8.0404,156.2092
-60.9584,-34.6008,5.2181,35.5418,62.0933,24.3335,88.8896,152.8319,36.8118,130.2492,-52.2297,13.6522,-16.8245,11.4988,57.4720,66.2191,-108.8895,48.4978,188.9122
-21.9091,-18.1060,41.4330,52.2502,96.6858,35.8870,53.0306,139.0645,11.9033,105.5676,-48.7738,39.3243,-19.8803,35.6776,30.3614,53.8927,-60.4594,52.7860,166.2532
26.7249,-9.1792,72.7924,55.7763,104.4201,38.5854,-8.1710,75.6429,-21.5800,45.9604,-6.3185,57.3404,-31.3573,31.0242,-6.6483,0.5786,-14.8371,41.2578,133.7175
27.2865,0.5620,75.3810,58.9437,91.6530,59.6395,-27.4978,46.7205,-54.9655,-5.6717,35.1733,69.9880,-37.6582,23.6448,-19.5850,-20.5237,-6.6202,42.4373,128.4925
8.3213,7.5244,53.4808,46.4714,63.1070,66.0393,-15.2211,63.6905,-65.5098,-42.4083,64.6508,59.5733,-23.8216,24.8749,-11.3404,-4.8896,-11.8156,35.3838,111.9201
-10.7472,4.8472,27.4270,22.1775,37.5251,46.0159,-0.2713,81.9407,-38.7447,-45.6150,80.8894,16.0046,10.5332,0.8942,-1.9924,-11.2086,-29.2663,16.4025,80.9874
-35.5223,-7.6014,7.8003,7.5537,24.3272,41.8611,29.2447,92.2886,10.0853,3.4869,52.7228,-22.7185,39.9833,-31.1321,14.7328,-26.9746,-65.7073,9.1290,76.6619
-39.0937,-30.4498,-3.2191,-2.5373,10.9858,55.8145,68.7335,88.4704,46.1337,51.1549,-1.4997,-21.8217,47.5765,-18.3146,47.0739,-1.6044,-95.8140,3.4056,78.0668
-24.8472,-54.6046,-3.4472,-10.5326,7.7978,52.6755,82.9119,68.7199,41.0996,51.5554,-3.7262,-4.5854,46.1606,23.0029,69.7512,52.3785,-109.7913,-7.0782,48.2138
-35.3275,-60.7104,1.6401,0.6469,31.6667,39.8077,75.4037,64.7457,9.8143,43.4833,32.5464,0.3448,44.7310,47.6039,67.6770,98.7608,-118.9598,3.8614,18.2878
-48.7598,-55.0963,2.1741,20.4101,53.6356,44.7411,77.8265,74.2139,-5.2009,48.1786,17.4432,1.0423,33.7167,62.0336,64.3432,124.8900,-112.7400,28.9593,15.2396
-21.3866,-68.4325,2.4239,27.3609,51.4531,62.1340,81.0998,63.8131,-1.1567,41.5405,-33.6874,-2.1634,11.3507,75.9847,65.8011,115.0818,-90.6036,41.1697,18.4699
11.7809,-103.0146,14.8639,33.6318,55.2991,74.5771,58.2351,54.0385,-4.7892,52.3561,-39.4219,-22.0805,-14.3776,66.1721,49.5199,67.4530,-85.0785,52.7202,33.1910
14.7779,-126.6600,41.5595,47.7058,79.2829,80.9689,22.0274,76.1657,-20.5187,117.2120,-5.7914,-42.5173,-38.7408,30.9825,18.8975,16.4486,-97.8280,70.9633,81.5145
15.4899,-115.7619,76.4790,58.1996,101.4687,88.3595,-4.4362,108.4986,-49.0011,183.0154,23.5072,-40.1904,-52.6836,0.8636,-10.7987,-16.8289,-86.9851,79.2028,131.4924
20.4562,-71.1901,104.6319,71.0896,114.7308,91.8887,-31.6037,125.7012,-79.1332,184.9398,38.6133,-21.3767,-51.1534,-8.3724,-43.8286,-39.7727,-46.7745,86.5041,135.9270
2.9641,-15.2058,98.9969,85.6050,105.6508,75.0289,-68.7717,114.7252,-67.1336,133.7690,26.0153,1.7871,-50.3297,-3.6732,-68.2147,-47.3686,-18.2115,98.1545,98.9609
-21.5473,17.3303,57.9383,77.8285,56.4342,48.3998,-91.5884,66.1238,-29.6473,70.8750,1.1551,24.4929,-58.7040,7.2458,-68.0681,-36.0939,-7.6441,90.7586,48.6585
-22.1728,21.6027,27.5511,60.1723,13.0264,50.4841,-79.1612,12.2319,-51.0405,24.2213,11.7663,39.0107,-51.0369,22.7416,-70.6693,-28.7189,19.1302,77.0141,-5.2490
-9.1368,37.0390,36.1187,67.3238,21.8181,77.3017,-48.4309,-16.7747,-116.0094,-5.4074,32.3808,58.5328,-12.4969,43.8451,-94.1003,-37.1290,61.3630,86.8458,-59.4633
-2.2350,74.7450,48.8820,79.1313,34.3104,86.1911,-26.6581,-38.1606,-122.2174,-41.3186,15.5847,108.0197,29.2893,70.3332,-102.9457,-42.7602,79.8338,90.1492,-91.3235
-5.5286,82.2520,31.2986,56.2969,7.4810,78.0475,-8.6297,-34.1861,-63.4182,-64.5269,4.3115,159.5040,49.8414,96.1843,-71.6779,-24.1791,55.6064,52.5129,-68.8149
-23.1599,31.5593,-7.6508,11.9843,-20.4448,74.7771,27.7045,22.0098,2.6407,-24.7520,18.0487,154.5047,55.0428,106.7445,-16.1855,19.7522,2.1386,3.3348,-3.6934
-48.9626,-25.4048,-48.8055,-21.3600,-34.4354,56.4759,70.1626,58.7004,65.2683,43.8438,-1.8648,101.0773,52.6831,88.3661,35.6127,56.5589,-53.0797,-23.1827,38.6053
-62.3117,-33.6123,-71.0207,-32.5443,-56.0695,18.0564,80.0490,33.5251,98.7091,63.7400,-34.6634,61.8693,46.9867,52.0034,48.1086,45.7307,-76.0647,-26.1626,29.4538
-57.4677,-2.7273,-53.0002,-18.2079,-55.5273,3.2855,53.4308,32.6886,72.4957,47.4669,-20.8835,58.8180,44.8861,31.1958,15.3209,7.9475,-56.3720,-8.9998,17.5090
-45.3715,27.8331,-12.8902,12.8073,-9.0000,23.7437,29.4898,72.0234,38.8622,35.3449,-17.3440,65.2146,41.2368,40.4828,-6.6681,7.0071,-27.1149,17.5001,26.0075
-29.9482,37.0961,11.4460,37.5159,35.9848,42.8824,29.5288,61.7396,30.1031,9.0745,-57.9769,59.0928,33.5446,56.7266,6.7287,36.8739,-16.6542,36.7864,11.2707
-13.8132,23.8740,19.8872,44.9378,45.9666,43.3402,33.1987,20.9207,-0.1960,-23.0304,-53.7442,30.0896,34.9072,50.9208,8.1804,36.0129,-19.5866,48.6617,-32.7538
-12.0972,1.5518,18.9718,38.3495,32.7483,32.5192,22.4522,15.4280,-38.4357,-24.4056,-0.2961,-16.3168,33.0121,23.3876,-6.4272,15.5197,-29.6155,53.3661,-58.1947
-27.1261,-3.5052,-1.1227,30.4988,8.1303,22.0528,2.6471,-11.0001,-35.5046,-29.3503,1.7101,-35.8900,2.6744,5.7720,-1.7741,24.6638,-32.0685,50.2411,-64.6881
-26.6275,24.0285,-6.3960,46.4748,9.7196,28.9891,-17.4895,-81.2289,-38.4361,-64.2070,-40.4898,5.7923,-24.9383,21.5695,-11.9643,29.2050,7.5748,60.2441,-82.4608
7.9689,66.1512,40.2795,86.9742,67.0305,47.9349,-30.1347,-100.4379,-81.5240,-71.6505,-65.7273,65.8597,-15.0426,49.4776,-62.6433,-9.3827,78.3368,90.8086,-88.7264
35.4689,91.3460,80.2918,111.1812,111.5009,52.1199,-28.0094,-63.5012,-97.5701,-45.4376,-101.0276,81.0305,-11.9868,58.6031,-82.6916,-24.5482,115.0712,110.9036,-64.5681
20.0425,91.6078,55.5497,100.0128,78.7935,43.1484,-23.7736,-58.8392,-70.1606,-53.5713,-141.9052,59.2907,-46.0781,53.3329,-46.6559,19.2874,99.2377,105.4552,-52.9896
1.2732,80.1133,27.5983,85.3524,37.7448,35.3529,-46.6238,-81.8906,-64.7343,-89.1647,-110.1037,39.9333,-67.3112,37.7387,-38.3606,23.6988,77.9822,95.8328,-65.8450
20.1920,62.5843,52.9046,90.0622,56.6997,19.2728,-99.3307,-86.2892,-90.0730,-101.9860,-18.4365,23.5307,-64.0851,-0.5167,-83.9412,-59.2464,72.3969,95.6634,-52.8343
39.6826,40.0155,75.5407,98.3871,79.8493,1.0668,-143.7313,-89.5941,-106.1341,-109.6124,45.3497,8.9468,-81.5158,-36.5758,-114.1563,-126.3706,61.3808,99.3279,-11.6694
20.7496,22.5285,54.4499,93.6011,61.9170,6.4010,-146.4571,-91.2957,-99.7395,-116.3084,63.9693,14.6325,-99.3544,-34.8286,-104.9676,-117.0298,38.9628,97.9338,11.5960
-3.1796,13.4462,36.3580,79.5388,52.1422,18.5430,-117.8646,-58.4307,-75.8766,-75.9989,63.5626,23.6177,-77.6450,-21.9493,-89.2853,-92.9566,20.6504,85.2303,23.7826
6.6867,5.9814,46.4374,63.2374,71.6508,0.9688,-96.4539,-20.7335,-54.0223,-18.8708,52.2053,6.1375,-60.2183,-32.2505,-74.4440,-82.6339,20.7223,61.8454,48.6492
31.3054,1.7869,50.9376,38.0815,70.2472,-34.2186,-102.9189,-30.2958,-43.5266,-15.3931,49.3159,-12.2097,-76.1914,-43.8059,-51.3885,-55.9418,34.8159,24.3194,55.5206
31.9044,-1.1516,30.7336,-0.5170,33.2088,-55.9068,-115.7937,-61.6380,-14.8434,-24.2849,69.4511,-1.3974,-76.4000,-39.9216,-29.1109,-25.2701,35.0907,-27.5464,34.0118
4.4624,-14.2377,1.8087,-29.5223,8.9718,-66.5912,-105.7042,-51.4820,22.5881,21.7766,94.1524,15.3933,-50.2672,-30.6273,-22.5801,-9.6782,17.9257,-60.0299,28.4954
-13.5901,-22.5419,-12.2472,-27.9229,17.9654,-78.9591,-81.4594,-4.0281,13.7860,66.2275,104.9714,27.1778,-36.9893,-4.5096,-34.4015,12.0143,23.9276,-50.0920,36.8475
4.3730,0.5018,-6.3322,-18.1394,18.0190,-86.8555,-69.0879,10.7916,-13.8332,38.7711,86.9451,56.0885,-33.5900,36.2293,-44.7869,34.7386,60.5731,-37.7868,14.1779
23.8887,34.4080,-4.2054,-21.9610,-12.1711,-79.9002,-62.7547,-23.7038,4.0152,-6.7493,28.2051,83.0111,-30.3933,53.3298,-29.6693,43.3758,78.5611,-46.5682,-19.6413
7.3642,44.8450,-13.6601,-16.4187,-25.7402,-60.6109,-46.5994,-37.0385,25.3137,-4.9016,-31.6898,74.6137,-43.7722,47.0743,-3.6423,64.8353,63.0969,-35.4300,-18.6074
-12.8721,46.5534,-3.4990,14.4358,7.9131,-37.6674,-43.9212,-14.0415,-4.1244,-3.9143,-30.4348,61.9064,-53.8601,48.1798,-8.5809,78.9625,51.7572,4.2667,-6.6063
-5.8992,57.3746,29.1336,51.1068,51.0648,-11.5920,-77.4504,-25.7493,-39.2377,-54.5834,19.6199,79.0237,-37.1799,45.1309,-50.6910,19.6127,52.0837,36.8860,-13.9998
-6.4369,57.6351,45.1561,81.5738,79.8778,15.3979,-110.5757,-57.7807,-39.3708,-91.8135,46.5865,96.2618,-27.1021,27.0899,-88.4874,-64.1575,41.4229,64.0711,-3.5616
-25.6963,44.0559,42.7389,99.8965,115.1058,28.0044,-101.0108,-27.3826,-17.6147,-55.7030,23.5478,92.8824,-35.7561,23.9557,-85.4326,-67.0059,25.0690,84.9444,48.3218
-19.9511,39.3705,49.4410,93.1154,143.1644,25.2017,-72.2406,18.0569,10.2892,-23.1517,-2.9585,97.0539,-24.9831,38.7400,-57.3647,-31.3681,21.0191,68.6336,87.2650
10.5439,43.5978,56.8010,77.9707,131.1511,25.8546,-63.4310,-16.6497,9.8751,-75.0871,11.2150,117.0872,0.8767,44.5201,-50.8904,-50.6055,27.6445,41.5505,67.1800
27.3279,44.4954,54.4185,76.7635,104.8636,28.2447,-56.6586,-65.9636,-28.6292,-135.1744,36.4543,128.1940,9.6892,47.0562,-62.3612,-76.1634,33.5294,44.6729,30.4302
35.6788,41.8422,56.7179,62.5006,91.2592,21.1402,-21.0988,-32.3640,-35.3848,-101.3859,20.6510,128.5483,15.5665,60.9867,-41.8143,-39.5929,30.7003,33.5943,39.3038
47.2711,35.3770,51.9104,17.8574,56.6750,15.1356,20.8503,25.2417,9.0117,-26.4868,-10.8354,136.6151,32.7111,74.0288,0.3265,4.0234,23.2856,-17.8830,71.4142
40.8572,36.1338,23.5829,-18.3404,-6.4296,1.0732,38.2675,28.0445,28.4210,-4.8242,-6.7680,148.9796,45.0785,74.3101,7.3910,4.4213,23.1811,-50.4796,63.4524
23.0732,57.2986,-0.8026,-31.8740,-47.1558,-45.5387,48.8732,14.9942,19.7221,-11.7336,2.8927,141.5918,55.2942,57.4026,-3.9507,-1.3875,28.4947,-54.2424,31.5217
24.5818,69.1669,-8.1729,-52.6201,-56.7429,-90.4973,75.3739,27.0284,38.3882,3.1847,-22.6332,100.0099,66.4443,23.6474,17.0276,7.0243,29.0934,-74.8267,31.8877
35.3061,48.5655,-23.6332,-74.6471,-75.0430,-93.9861,98.3707,26.7577,46.8685,7.2913,-44.0133,40.9568,61.2590,-8.4111,40.6147,2.8062,31.0217,-90.3366,34.5059
35.0921,43.3415,-35.6222,-68.3752,-94.0831,-90.7671,94.3056,-10.3406,4.0628,-27.3576,-27.0407,5.1404,59.0058,-27.4418,16.5716,-29.3662,45.7422,-67.4622,-16.1209
37.8704,81.7305,-11.6899,-42.8626,-74.3849,-94.9477,75.9752,-47.0629,-37.7462,-63.9804,-0.0146,17.7590,92.8664,-37.5861,-32.2380,-81.0092,69.9944,-41.6132,-75.6113
52.6443,109.2054,24.0689,-22.7285,-35.5894,-66.6626,64.7421,-57.9326,-53.6824,-81.2671,17.5850,59.3735,129.8074,-26.8552,-61.6529,-119.8512,91.1526,-35.1583,-87.9394
70.4004,101.4298,40.4897,-18.2032,-33.7194,-40.1936,51.3820,-72.8074,-71.3169,-93.7228,30.0350,84.6452,121.9254,-2.5412,-62.4370,-111.1334,92.6154,-35.4617,-95.7605
93.7311,110.2888,64.5457,-30.7419,-78.6783,-73.7317,5.7136,-107.3687,-93.7363,-96.9303,40.1975,73.4208,81.2636,-10.0913,-52.9204,-77.0035,77.3886,-47.8138,-141.9955
123.3166,154.7447,113.5285,-43.4274,-138.4501,-102.9083,-73.8956,-118.7817,-136.3738,-90.0742,64.6784,54.9463,34.9677,-40.7179,-65.0885,-64.1820,84.8684,-60.8756,-193.3947
143.4092,186.7970,144.7016,-44.0393,-187.6902,-64.6625,-130.4392,-89.9949,-197.9282,-97.9328,95.5711,57.5843,-1.9169,-36.5915,-90.6225,-61.2057,121.3499,-54.3444,-217.5037
142.6830,165.8983,121.6845,-54.5769,-210.3943,-28.2348,-115.4854,-70.4105,-192.6621,-111.7536,90.9536,56.6306,-7.1435,-15.3509,-77.3258,-49.4545,126.1466,-58.8945,-207.8736
119.3666,102.1592,68.1238,-77.0920,-198.0292,-39.4407,-77.2389,-79.0739,-104.1269,-96.5128,71.6272,23.0298,6.9044,-34.0960,-38.1825,-62.5154,78.2519,-84.0482,-160.0299
80.4277,50.3029,32.2939,-73.7891,-173.3610,-44.4235,-86.5031,-86.8438,-53.4770,-68.5406,84.9874,-16.8732,-7.3472,-71.9696,-35.7246,-97.3119,34.5884,-76.3209,-110.1933
47.1700,49.9276,24.5807,-49.0767,-166.2819,-29.7321,-109.6957,-99.3913,-68.0368,-62.0206,78.3757,-32.9489,-45.0316,-84.3655,-43.4018,-87.0542,22.8842,-39.9860,-106.1756
31.1428,62.1894,12.9801,-47.6246,-165.3952,-28.3159,-85.4807,-120.5985,-52.7284,-52.5254,11.6624,-39.9900,-59.4419,-74.8706,-7.3520,-22.4590,21.7823,-37.4543,-123.0878
20.5186,38.2714,-14.3025,-63.4766,-152.3326,-30.4610,-54.2617,-106.0146,-19.3112,-16.9958,-17.5812,-48.3037,-52.4440,-52.7978,18.8431,24.5886,28.4687,-55.5403,-118.9923
10.2977,5.2897,-25.6317,-59.2311,-140.4908,-26.6218,-65.9314,-62.1658,-33.2138,8.2674,38.2459,-47.9918,-48.1994,-34.2545,-11.4731,9.1129,28.7924,-42.9757,-107.5437
6.4214,-8.3779,-9.2156,-38.8208,-126.1268,-29.1953,-72.2463,-48.4848,-40.2865,8.7119,75.1118,-47.7148,-31.9693,-47.8553,-34.1106,-42.6437,-15.4053,-16.1340,-92.8441
4.8923,-26.1885,6.2583,-23.6591,-86.7482,-20.9114,-41.9950,-48.9814,0.8382,18.2088,52.3198,-47.7729,-0.8161,-61.6100,-14.5101,-71.4226,-74.5305,-6.6268,-58.4879
6.2110,-44.3756,12.7739,-16.9566,-48.4528,5.6484,-30.3373,-18.3712,21.6406,37.5391,43.6320,-24.7237,9.9523,-23.2401,0.0363,-39.7717,-81.8627,-8.8078,-36.9503
18.0721,-40.2764,23.7680,-19.2678,-45.8365,15.5850,-49.2755,7.4112,10.0622,44.1475,51.4991,3.4212,-2.1547,23.6503,1.7543,13.0382,-59.4762,-17.4090,-51.3024
28.5630,-43.2138,24.0738,-25.9612,-51.8982,-0.5978,-40.5019,-1.2939,31.5251,45.7458,25.4113,-9.1637,0.5678,14.7382,15.0401,10.0823,-69.6925,-24.9130,-55.4165
23.3362,-68.6527,-1.2161,-24.5498,-47.2537,-17.8697,3.3429,-4.9402,71.4066,35.2775,-6.0201,-45.3651,26.6051,-16.0161,22.4322,-45.5334,-100.8828,-13.2860,-35.2215
13.4129,-74.3299,-26.9817,-15.2010,-55.4678,-23.1109,38.7997,2.9582,65.7198,-10.9525,-2.9446,-53.7622,51.9883,-17.4806,10.3986,-84.6955,-108.8305,10.6213,-37.4574
10.0295,-53.2979,-29.1787,-2.8123,-59.2886,-12.8292,53.4332,-10.9513,25.6205,-57.3403,8.0742,-37.0502,64.9743,-5.4049,-3.7743,-88.6650,-90.7472,28.3620,-62.2494
11.2489,-37.6522,-15.4998,12.4268,-30.1924,-3.2863,53.9564,-33.2212,-0.5884,-64.2292,4.0135,-25.5966,66.7878,-0.9118,-12.7165,-81.7168,-68.2129,39.1629,-73.4074
20.3962,-23.8930,-2.0799,18.6536,-9.1098,-23.7416,46.4893,-36.8966,-1.4012,-73.5173,-5.7537,-22.6214,61.2660,1.0276,-9.7775,-66.6470,-58.9084,38.0613,-73.8526
32.4818,-11.2459,1.1520,8.2241,-16.6156,-51.5253,54.5166,-31.7399,8.4496,-101.9944,-12.3878,-24.2678,61.3751,-2.9502,10.7475,-50.5040,-64.4008,20.8910,-65.3435
27.7425,-22.4308,-2.2748,-1.6078,-2.2431,-48.4515,77.0027,-20.7366,7.0094,-77.6287,-1.9122,-33.2753,69.2514,-15.3673,21.6461,-46.2070,-64.6259,7.2123,-34.4947
8.4840,-38.4211,5.4282,0.9215,35.7950,-43.4148,72.0555,11.2862,-13.6570,11.8192,24.5670,-46.2374,61.8861,-21.2104,8.3526,-24.8933,-52.9140,10.0602,-10.2121
-4.6821,-35.2820,21.1334,10.5871,49.8898,-54.8709,38.9273,58.3357,-31.5944,77.7483,29.0934,-61.6818,29.6547,-9.6173,-0.2170,28.4377,-47.3504,25.5417,-16.4805
-10.1890,-41.1936,19.7328,29.8499,54.7941,-39.4560,22.6977,86.6735,-34.9192,77.5820,0.4718,-78.7380,-4.0964,8.7476,1.5421,56.9729,-46.5301,56.2013,-18.3628
-9.2263,-59.1544,10.9984,53.7149,80.2498,-8.3692,24.4228,62.7953,-38.2473,44.9919,-25.0413,-86.8691,-22.4075,10.8091,-3.0826,34.8469,-38.0752,85.4977,-3.4339
11.8152,-52.8464,24.2308,55.7516,97.9003,-23.2345,10.9194,3.2628,-29.5368,11.2848,-40.3043,-83.1171,-32.2967,-5.2378,5.0093,22.4596,-32.0257,73.6148,-5.0716
46.3831,-41.3838,39.3810,28.4718,89.1935,-65.6326,-11.0061,-23.1559,19.9500,4.0042,-66.6927,-79.9906,-37.2311,-11.4707,33.7261,40.8742,-29.9396,24.0856,-14.6392
63.1839,-60.8137,22.0049,-2.8983,66.6587,-84.3671,-8.8011,7.4081,77.1704,36.0130,-85.9007,-82.5960,-30.5982,-2.7675,44.9555,35.9027,-22.5597,-12.3762,0.3594
47.8404,-79.3949,-11.2384,-17.8822,32.9683,-91.8773,24.5293,41.2870,84.1329,66.4787,-72.1376,-78.5274,-12.5224,-2.4256,31.7032,5.4183,-27.0803,-13.0421,23.5517
12.3373,-69.9848,-36.0337,-19.3254,8.8814,-101.9955,67.2807,46.0292,63.9974,68.2395,-49.7240,-54.8645,10.0635,-0.3693,28.4847,8.8757,-47.2007,-3.6601,30.5278
-21.7708,-56.4718,-61.2115,-25.1987,10.9080,-107.6141,87.2146,33.6175,70.5654,71.7728,-41.4335,-19.7612,26.3212,19.3449,34.7020,46.0217,-42.0091,-15.0378,25.7061
-33.1224,-40.5801,-80.6871,-45.9087,0.0094,-128.7415,73.3723,8.6886,78.9603,79.6785,-26.5127,0.9721,26.2496,22.3457,28.1924,62.7154,-5.5606,-46.3610,11.9911
-20.2142,-13.2375,-68.0810,-60.3589,-27.3202,-156.3940,58.8738,1.1810,51.4013,65.2308,2.1219,3.1182,20.4332,1.0856,20.8528,55.5501,10.1329,-64.8932,7.3723
-4.8476,-6.8631,-34.2681,-46.4017,-6.4006,-142.2137,71.2298,49.9896,26.9974,55.6697,17.5124,8.9837,29.9353,7.0193,26.2864,57.1316,-8.9216,-52.5322,39.0990
3.0121,-28.5284,-11.4873,-24.4547,49.0880,-107.6664,84.1508,101.3886,33.2891,79.4814,15.7404,13.6097,50.4491,30.7730,24.1626,52.4278,-22.5697,-32.9730,68.2273
17.3631,-27.1077,2.6655,-18.6111,56.3291,-114.3302,69.4763,85.0505,26.5753,97.5863,14.6781,-3.6810,62.7385,11.1616,-5.0492,4.3104,-7.5947,-23.7213,39.7423
47.2813,11.7180,24.7921,-15.4251,30.1418,-143.3009,48.6921,56.8026,-5.2562,86.8478,2.1436,-14.7590,60.7948,-24.6154,-44.5358,-60.1225,33.6282,-14.3518,6.4805
79.0726,38.3566,43.4176,-8.4420,33.2828,-145.9702,51.6172,86.8627,-22.2778,83.6304,-35.8923,4.4044,38.9075,-15.9314,-53.2876,-67.8028,82.7079,-9.2172,46.1387
82.4684,23.2613,34.5948,-17.1752,40.3499,-136.7748,67.1296,121.1967,-23.3975,103.8575,-61.5107,-2.1017,-5.6918,-5.4514,-19.6572,-12.3170,97.9339,-20.2144,111.7477
40.3897,-10.8957,-1.8922,-38.5426,19.6816,-147.1249,60.2743,102.8443,-21.0187,130.5243,-37.1821,-73.9832,-44.4120,-53.2811,10.8658,26.1402,64.6575,-32.0981,119.4421
-14.9358,-28.1063,-36.1866,-46.9828,7.3836,-172.9188,18.3140,71.5822,2.9741,152.6285,5.7692,-143.7949,-53.4313,-116.1562,-0.4860,5.0715,30.3046,-31.0233,87.2203
-32.2909,-13.3312,-40.9164,-36.1664,12.0320,-188.4587,-34.7653,56.3589,27.0088,142.4452,16.2466,-144.9856,-62.1122,-128.8436,-27.9306,-21.8647,35.3924,-22.5188,66.9007
-14.4595,12.9873,-26.5330,-18.2365,2.6982,-173.5320,-68.7524,29.8319,11.3791,82.7479,-2.9539,-106.5458,-96.1516,-101.6549,-33.0030,-10.3066,56.8537,-8.9890,56.8941
-3.5621,17.4792,-19.8104,-7.7708,-5.6550,-148.4680,-78.9400,-3.2604,-2.4193,32.2284,-13.4497,-74.1369,-121.4640,-75.8914,-19.7810,12.7696,53.9822,-2.5166,55.2285
-9.4388,-1.6382,-19.5462,-13.3210,14.5334,-146.8846,-75.7762,0.3695,27.7251,46.6500,5.9895,-44.3397,-108.0605,-56.8914,-4.7824,29.3258,25.1452,-21.2764,79.5395
-17.2521,-15.5202,-16.9170,-22.5907,32.5676,-142.3857,-67.3622,40.3048,44.1501,73.8799,45.1008,-6.5898,-83.2340,-23.4789,3.3652,57.6349,5.6139,-42.4074,103.6987
-23.7723,-5.0142,-21.9064,-16.4721,16.6825,-103.7568,-67.8148,61.7235,4.4998,42.3757,78.4910,31.9571,-75.5271,22.8213,-12.2803,78.6938,26.5675,-31.4722,81.5221
-17.3059,21.6364,-21.7738,2.9775,3.7044,-77.2005,-82.9329,36.8302,-41.8715,-15.8682,90.8869,68.4821,-70.1573,53.3354,-52.2731,55.8034,71.3977,-5.4315,32.7322
13.4025,41.4018,11.2321,24.1143,34.6607,-88.5218,-88.0877,11.3777,-59.9923,-30.8072,86.1896,107.3053,-48.9001,67.8929,-83.0982,18.2616,93.7080,7.8661,14.7731
37.4184,35.3139,44.9261,37.9164,69.9302,-81.5594,-65.6116,30.4968,-61.5807,-6.0352,75.7408,140.0215,-24.9984,93.8092,-82.0755,16.2389,78.4640,14.9182,32.0968
24.5328,4.7052,29.9056,33.9829,55.3756,-47.3639,-35.7227,61.6298,-49.1954,13.2159,71.4954,143.3419,-19.8015,115.0528,-60.8014,35.2037,42.5553,19.8097,52.1951
1.0157,-26.8521,-1.5971,22.7961,27.3674,-40.6154,-17.6785,56.4258,-34.1522,12.7941,74.0437,113.2234,-32.5602,96.5279,-36.6984,39.7652,1.6619,19.8863,69.8470
-6.5066,-36.6674,-2.8006,29.5179,37.3794,-46.8439,-4.4015,29.9795,-33.8621,-0.9076,61.1766,81.9678,-43.4200,65.8886,-16.6443,38.5326,-28.5136,29.5690,82.8222
-17.8139,-28.6010,-4.7966,41.5046,42.2984,-22.2272,14.8167,15.0976,-27.5858,-22.2574,25.4496,68.8811,-35.3484,61.2115,0.0694,45.9610,-43.3692,45.7176,67.3715
-38.6053,-22.5619,-30.1613,26.8261,5.2058,-3.3086,46.1285,16.5864,0.0076,-29.3227,-2.1909,49.9836,-7.2707,53.3751,20.6337,48.6821,-61.7960,39.4232,38.0996
-40.0055,-20.5939,-38.1234,-3.8918,-18.2259,-23.5699,89.7054,40.7632,24.6131,-2.6815,-12.1435,15.0505,28.0253,20.4150,47.3801,44.9466,-81.4636,9.2924,43.0396
-25.5344,-12.7738,-29.7565,-23.2657,-8.2319,-42.9951,123.6262,82.6152,39.7931,29.7993,-30.8211,-3.1865,50.0377,5.8516,66.6265,52.9313,-70.7183,-16.9749,70.5820
-28.6035,-10.3700,-50.2599,-28.3540,-13.5888,-40.1904,126.4314,103.0984,57.3588,28.4098,-52.1880,9.3496,44.0491,30.3284,66.6795,69.2662,-41.7283,-21.9032,76.7504
-42.1689,-22.8224,-74.4089,-17.4014,-17.3719,-33.6613,108.8862,90.4942,62.5844,4.4424,-54.9084,22.2219,16.8517,50.4373,58.2222,74.1583,-35.5769,-5.4489,80.3125
-32.5666,-25.2081,-51.7965,4.1931,20.7009,-17.7450,80.8541,81.4357,49.2888,-14.2494,-54.1490,12.2304,-9.8994,42.5337,56.3919,71.8202,-32.4287,10.4869,99.5788
-7.0955,-5.9672,-13.9935,6.9305,48.3273,1.8505,31.5585,84.6439,36.0248,-30.6318,-41.7228,-8.7479,-21.0567,32.3590,52.8422,78.6178,-0.8066,-1.6116,80.9010
1.5219,9.4334,-5.8283,-8.5679,25.5878,-13.8319,-26.2862,66.9286,25.1247,-46.7751,7.3963,-16.3876,-19.1284,30.9399,30.2826,79.1177,21.5109,-23.3175,12.5250
-5.1821,23.1504,-6.6177,-4.1949,5.6819,-48.0958,-55.3685,23.3029,24.2279,-51.6111,23.2608,-5.9822,-17.8381,15.8114,1.2857,44.3977,14.7289,-15.7138,-25.1687
-7.8937,58.4663,0.0835,17.3575,17.1942,-39.8506,-47.0030,-11.3205,54.9400,-46.9450,-61.2391,0.4420,-21.2144,-18.5871,-5.5756,-8.8071,29.0720,5.4712,-0.6444
-16.3767,83.5694,-7.3337,20.6268,33.3033,-2.6927,-28.7296,-17.7602,90.0498,-29.0570,-136.9772,-7.0021,-17.8296,-42.9767,1.9955,-31.9409,67.2162,3.9080,29.0327
-37.3122,60.3421,-20.6934,11.1578,48.0176,7.2365,-30.1795,-15.2080,82.8880,6.4972,-91.5602,-5.9015,-7.8239,-34.6250,-3.6005,-13.6816,68.4023,-8.2517,25.3159
-31.6427,27.8429,-3.0538,17.0138,61.3185,10.8025,-59.8229,-25.1952,49.4148,12.6951,-20.2246,10.8474,-8.1857,-1.8084,-16.6820,9.9571,41.5258,-4.1109,-9.9086
23.3826,24.9528,44.4590,41.7307,72.7860,55.1984,-93.0359,-37.8593,23.2031,-48.8587,-30.5995,21.3426,-16.1800,35.2934,-22.6725,2.4106,44.6483,18.1185,-55.3523
74.0779,23.4105,83.7167,72.5784,100.4553,107.6859,-96.2795,-37.8286,1.0175,-108.8690,-57.9792,28.9493,-12.0763,57.0126,-33.3017,-38.8997,58.9986,48.7941,-60.6990
70.1948,12.8585,90.4713,82.6725,115.4654,118.5357,-80.6961,-37.3644,-6.3710,-89.3879,-41.7081,56.3647,-2.7422,54.1059,-44.4890,-70.9579,42.4861,58.3744,-18.4757
43.5750,18.7305,72.9239,50.5097,71.2532,106.5244,-84.5271,-38.7160,23.3939,-32.3517,-28.3147,87.9743,-8.8442,50.4908,-28.1604,-41.6928,24.7585,19.1254,2.5866
32.7522,21.2092,47.6518,10.0383,21.1907,97.2388,-103.0539,-13.6824,63.7954,-6.1818,-32.4564,90.7585,-26.1929,70.2831,1.5335,25.2277,31.5365,-27.6501,-9.8474
15.8450,-1.0397,18.3975,7.5365,25.3456,78.1151,-101.4370,30.9889,79.3762,-4.4969,-25.1190,66.7113,-39.1897,80.6574,5.1265,46.4593,29.4545,-22.1227,8.0992
-18.4455,-3.0356,-4.6634,21.8424,30.8716,60.3268,-79.8196,49.5557,77.8927,-13.6150,-19.3369,37.8465,-37.4262,47.7085,-2.1667,17.2598,5.6419,6.8161,40.7413
-34.2427,27.8872,0.6451,19.6630,10.6536,73.7963,-72.2616,42.8819,69.0257,-41.4529,-18.7830,11.7498,-21.7060,11.6350,10.1443,10.9772,-11.3641,7.2379,21.6389
-23.0166,25.4368,23.1221,23.0922,20.7375,95.5323,-94.0542,49.6703,54.9503,-58.2138,-5.9862,-22.9102,-22.6096,7.9174,19.1676,28.7137,-19.9731,9.4269,-13.1321
-21.7466,-19.2185,21.0779,41.7587,44.4895,85.2296,-111.9488,70.9914,65.0770,-27.0757,-20.6262,-70.5912,-56.2264,1.0396,12.8264,19.8845,-42.3971,42.5893,1.5198
-47.2830,-33.4742,-6.7024,41.7707,27.0295,59.4769,-83.5641,91.4937,109.9477,33.1703,-83.5479,-94.7531,-71.1859,-17.3489,26.3469,18.1440,-72.3130,59.1921,33.7453
-79.4270,-7.0019,-22.1713,27.3909,10.2974,55.6913,-34.2028,111.3443,130.3634,80.8113,-111.4995,-58.3937,-39.3502,0.3824,48.0960,65.1993,-80.7944,42.9300,36.4244
-93.6455,9.7569,-14.9138,40.9744,29.4300,76.8878,-33.1953,107.2449,78.2906,87.7998,-67.4919,1.1487,-25.2795,41.9758,20.2799,89.5297,-52.0393,52.8050,20.7459
-82.1554,20.1605,-0.6580,76.5811,40.6750,104.6310,-70.5490,60.3464,12.3821,48.9185,-50.0325,27.1893,-56.3059,50.8782,-31.2294,47.2647,-8.1971,96.0020,4.7329
-63.4241,42.1994,8.8428,89.3525,39.0447,115.9722,-71.2873,19.9055,22.9973,10.6762,-112.9334,36.4182,-71.6928,48.1410,-22.2124,36.1335,6.3908,105.7976,0.1789
-55.4669,38.7015,2.8523,70.7863,47.6837,104.2151,-43.1238,31.7761,88.9025,27.4888,-179.4335,52.4344,-69.4038,80.8831,35.1304,109.7377,-7.3493,71.4090,14.1644
-41.0386,-0.5448,-5.5130,50.7937,42.3972,100.6214,-47.9200,58.0528,113.9241,71.4816,-195.2245,41.3553,-95.9308,111.8012,61.9637,166.4825,-9.6120,49.8385,20.3847
-12.9620,-23.1981,13.2641,49.0893,28.2887,118.4887,-62.8641,54.0728,85.4697,78.3199,-181.8343,3.7500,-108.4218,92.5117,52.5719,135.3455,-12.2653,57.2751,5.6234
-11.3386,-14.3836,34.9094,56.9589,39.4440,112.4132,-46.8045,32.8553,66.1588,50.5507,-142.5384,-7.4624,-65.7459,51.2030,41.9452,75.6262,-47.8115,63.9684,0.5717
-45.1846,-2.7526,16.1321,57.3968,41.2310,67.6856,-42.4416,1.8545,57.7718,23.1262,-78.7525,0.8763,-36.1483,17.3826,18.5851,33.1396,-69.1840,63.3598,1.2364
-60.9908,18.4105,-8.7342,49.8682,8.3866,42.5502,-68.4866,-51.5606,27.5185,-2.9862,-46.2442,-16.5694,-49.0514,-27.9710,-19.3369,-17.7432,-29.4085,63.0884,-23.2787
-43.6213,53.6750,4.5259,43.0425,-5.5214,60.3833,-66.3134,-89.6712,9.7316,-19.2882,-73.0038,-40.0177,-43.7012,-76.1573,-26.1578,-63.9092,12.2362,53.6315,-34.9978
-34.0458,61.2459,17.5436,31.6241,7.2861,72.8997,-28.6173,-53.5258,33.4252,8.7827,-105.1245,-33.1858,-27.6537,-80.0840,5.3666,-49.6908,7.3457,31.6666,15.6515
-35.1381,29.5266,0.1571,6.1103,-1.1770,52.8582,-2.8451,34.0605,55.9696,77.9366,-101.7149,-20.5649,-45.5645,-47.7286,30.9407,6.4875,0.9931,6.1071,88.8427
-25.8171,-6.4470,-16.3277,-28.1247,-18.3544,17.3502,21.3346,95.0027,67.6131,143.3632,-80.8812,-31.8322,-46.9519,-38.0821,43.0849,30.4822,-0.2273,-25.6222,127.9595
-28.5323,-42.2128,-33.2553,-62.5176,-23.9322,-17.2049,65.7368,109.6918,108.6782,178.2610,-54.5555,-51.3034,2.9032,-51.9106,67.8909,25.0699,-46.3680,-64.3674,134.3566
-53.2335,-86.3353,-72.0377,-92.7325,-49.7208,-34.1930,96.1473,111.9668,152.1706,185.1103,-20.1163,-54.8740,37.0865,-34.6195,99.5224,55.9282,-108.0408,-93.5923,115.0264
-58.2565,-110.9637,-95.2186,-108.3833,-87.1909,-24.9608,99.4168,99.7927,137.7851,170.6071,5.4737,-38.9967,31.8153,11.7359,112.8941,111.3428,-119.1449,-103.0539,68.2455
-33.7716,-106.0656,-80.8551,-101.4717,-93.4975,-9.2409,96.9452,47.8573,90.7786,133.8787,13.5839,-17.5418,32.0075,32.8190,101.2224,112.7373,-97.2612,-96.0155,19.4994
-19.6109,-97.2609,-71.8202,-76.6752,-78.0510,5.9511,80.7327,-17.2453,66.3580,70.9299,13.7855,-5.7218,33.5093,27.7114,73.7232,61.3367,-79.0066,-71.4856,-9.5148
-26.0559,-80.8954,-75.0901,-41.6686,-55.8822,41.2991,53.7341,-44.6615,57.0025,1.0868,1.7315,7.7181,24.7771,39.7814,46.8564,30.3650,-53.3485,-34.0158,-27.3178
-30.7875,-43.1784,-53.7182,-7.2203,-19.1374,89.9334,50.2788,-35.1647,37.6113,-28.9814,-16.9567,45.3887,41.5956,69.9375,28.0874,30.7170,-24.5977,-3.5529,-40.5936
-24.0450,-10.6871,-17.4198,14.4578,7.2507,123.4481,61.7378,-24.3384,5.8334,-14.5356,-17.9510,93.9713,72.5096,92.9060,6.9313,22.4969,-7.7729,12.8681,-47.2420
-2.0636,-0.0975,6.3579,30.1340,16.6074,141.8247,64.6685,-30.2608,-35.3303,-19.8040,-21.0917,117.7539,70.3062,108.0896,-11.1841,10.6341,16.1236,30.0664,-49.9638
24.9760,6.8822,24.1086,48.6450,49.1701,146.4530,82.6079,-54.6344,-66.3578,-66.0678,-52.1814,107.4767,60.1910,108.6695,-2.3549,15.7540,38.1763,46.5995,-48.8133
18.0215,8.3245,26.5865,45.6171,77.0715,118.1013,101.8574,-88.0627,-68.8079,-80.7919,-41.6810,81.3409,73.6477,74.4647,16.6711,21.8661,20.6286,35.3362,-46.7446
-26.2599,-8.0607,-2.9675,6.4462,38.4781,70.4689,62.8195,-104.1432,-67.9953,-34.3575,65.0660,60.7463,69.5988,28.9396,4.2150,20.6358,-6.0834,-6.0985,-52.0184
-44.4394,-19.2932,-25.3930,-23.3199,-9.1587,48.3642,6.4064,-89.9836,-84.1171,-0.0510,149.5934,59.0200,39.9986,19.7979,-24.5775,21.4684,11.1532,-33.1777,-53.9252
-6.3808,-6.6593,-2.2271,-7.6861,13.8643,56.8014,26.6136,-66.3566,-83.5338,-11.2367,91.1731,69.8672,41.9158,37.9198,-24.4900,8.9100,40.1346,-19.0248,-34.7073
29.4450,2.3466,29.5173,9.8209,48.7355,62.8211,81.8766,-50.1855,-52.9351,-8.4139,-0.0260,64.5036,73.2569,34.0477,-1.1624,-17.0234,25.8168,-3.8124,-10.7878
12.7397,-23.9790,19.6268,-16.8745,20.1472,50.5898,66.0771,-35.6374,-38.3253,27.3403,43.1442,18.4024,69.4006,1.6998,13.9841,-8.4143,-15.8968,-26.9550,-14.8228
-24.0186,-73.4056,-19.6698,-57.4422,-33.4667,26.1597,-5.1448,-26.4650,-54.6379,43.1019,159.4583,-54.9913,18.0474,-26.0904,18.4251,39.6739,-43.3201,-57.9627,-44.7525
-30.3809,-101.3105,-46.3871,-70.9560,-65.9589,-1.8637,-48.4463,-38.2663,-56.7592,26.4261,182.8047,-110.1079,-31.2394,-41.1145,21.8254,60.9246,-47.8297,-60.3990,-71.2203
-17.2053,-88.2305,-54.2359,-75.1746,-92.2548,-27.4748,-48.0540,-62.7374,-23.8576,10.8042,124.0889,-125.1385,-40.9872,-59.7327,28.3874,38.0667,-43.9295,-60.8907,-82.6664
-25.3642,-71.5411,-70.4218,-97.2473,-114.3544,-52.7567,-32.1246,-69.9918,19.1906,6.5152,104.1167,-130.9048,-18.5751,-79.7478,46.6156,33.5372,-51.8796,-89.0087,-86.9637
-50.0507,-80.7981,-95.6834,-122.8070,-114.4402,-78.6247,-12.2276,-47.6671,52.7507,21.9271,121.9657,-151.9902,1.0915,-90.2940,73.4297,65.7829,-71.3147,-120.4587,-77.3905
-54.5344,-82.9435,-94.0519,-127.3025,-100.0080,-92.9444,7.1715,-11.1204,65.8463,70.1718,102.5335,-164.2710,0.9650,-98.0630,84.7095,81.4604,-73.0546,-125.1361,-44.1039
-42.9326,-56.2172,-65.2730,-111.4204,-84.7432,-94.7193,17.8786,22.2851,44.4953,112.0322,74.2753,-149.9169,-0.3440,-101.8611,67.6004,67.2128,-51.7181,-106.4935,-15.2543
-45.8769,-39.9066,-55.3614,-94.9724,-74.1641,-101.1469,12.8086,47.5931,4.9642,100.2671,107.1648,-128.8073,5.5523,-85.2173,39.3003,63.3740,-36.9609,-85.7696,-18.1727
-52.4563,-54.5562,-69.4593,-96.2427,-78.0566,-105.4048,-3.6627,64.0382,-7.7949,70.0609,161.3300,-111.5214,1.0460,-59.1478,28.0801,73.4343,-38.1600,-86.8033,-16.6610
-41.1900,-70.7178,-72.8426,-107.2310,-90.9531,-84.2447,-8.9687,70.9454,13.3069,70.3974,158.7417,-89.6745,-14.7772,-46.3677,41.9466,74.0608,-42.3522,-104.4009,22.0085
-35.6509,-72.8871,-70.6389,-95.6847,-88.4253,-54.1711,1.3952,69.8262,26.9733,64.1738,116.2259,-68.7971,-29.1026,-30.8291,54.7733,76.3640,-46.5425,-92.7939,50.2643
-48.1274,-66.0980,-76.4924,-55.4905,-67.2822,-41.4861,-2.2203,58.7631,16.4350,12.6357,85.0316,-60.4649,-42.8986,-4.2418,43.7793,82.3896,-48.5736,-41.3113,30.0538
-46.2549,-49.6202,-64.4805,-24.4884,-51.0763,-23.6829,-23.5284,30.3606,12.2790,-31.2390,56.6924,-66.3922,-49.7350,-8.3505,28.7279,56.1960,-45.5611,-6.0348,2.6042
-31.9624,-34.5504,-41.1458,-26.5107,-54.4819,9.6495,-26.7659,-14.6502,31.6846,-16.7189,13.0834,-84.7434,-38.3475,-50.8755,35.5136,11.8141,-47.0271,-14.0409,-9.6557
-45.8362,-33.3900,-56.9140,-44.2364,-76.6106,8.8383,-8.7496,-57.5152,51.9988,19.2592,-21.6810,-100.9821,-32.2789,-72.9124,52.6106,20.7607,-50.7446,-30.3651,-35.2789
-76.2930,-37.7095,-103.8362,-64.1724,-112.7404,-32.4182,-6.0423,-73.8158,57.2576,37.7950,-27.2597,-93.4945,-61.2506,-50.0797,64.1132,89.5660,-38.3136,-43.5071,-57.8840
-80.4977,-44.8603,-125.9103,-88.3171,-146.1008,-40.4518,-24.5736,-57.9229,61.1885,58.5137,-19.9274,-66.0483,-104.4992,-14.8595,79.2430,155.8905,-16.0494,-71.5137,-40.2947
-66.7602,-56.1163,-118.0320,-102.2025,-151.7270,-0.0268,-35.7657,-33.3466,69.9075,77.8423,-18.8973,-39.7275,-120.4781,17.5113,97.9234,193.5253,-5.4133,-95.9146,-16.3677
-59.8684,-58.2798,-107.6043,-90.8633,-126.9034,20.1883,-30.0108,-27.4898,66.7350,55.4637,-17.1197,-27.7487,-105.1294,40.2292,100.6449,202.1028,-7.2018,-89.0694,-24.8516
-51.6556,-57.2019,-94.9606,-69.5225,-97.9500,8.2793,-20.3077,-39.8026,45.6588,18.2301,-4.7024,-38.8001,-85.9553,27.4559,84.2192,163.8366,-15.3983,-64.5918,-32.7136
-37.9089,-61.6999,-74.4095,-53.3059,-80.7366,11.2704,-14.9910,-55.8495,19.2137,27.8723,-3.4018,-62.0270,-83.1160,-12.9373,61.5040,98.1026,-16.9689,-41.5672,-15.4608
-24.7069,-37.4820,-43.8591,-31.1347,-55.8991,26.9178,-15.8372,-73.0449,-12.1801,52.2889,-32.8251,-62.1961,-89.1782,-38.3137,37.3974,58.6789,13.8304,-18.0082,-3.3489
-3.4991,18.2875,3.9055,0.5411,-8.4458,36.7004,-26.9447,-84.9261,-52.2980,33.9267,-55.6646,-32.8985,-85.5903,-39.1206,13.0477,44.9877,62.9203,2.1980,-4.1223
20.2878,38.8116,48.1775,20.0258,34.0607,57.0653,-47.2589,-78.1965,-76.1443,16.8338,-32.9401,-6.1367,-72.8663,-34.8475,-6.4425,20.1853,79.4622,7.4482,8.8630
27.2388,17.1058,56.9871,14.8060,38.6763,72.6258,-57.2531,-64.6957,-67.2549,41.7354,0.2664,5.2263,-60.2757,-34.1625,-17.2378,-9.7033,65.4454,-2.0598,27.9786
26.1402,20.4447,46.0138,0.9124,17.4789,52.8031,-39.7250,-64.4671,-59.5200,49.2826,2.6544,9.7413,-44.5486,-41.5973,-18.4642,-23.6797,63.9413,-14.2900,28.4821
24.2498,43.6975,41.3565,-2.2250,3.8182,37.6941,-8.1806,-60.5181,-70.0939,21.7986,-7.0917,5.8423,-28.9159,-56.1477,-11.4127,-30.3112,65.6607,-14.2006,32.7339
1.0916,34.4833,25.0979,1.9563,1.0103,62.1666,20.1167,-27.9290,-59.4586,28.6813,-16.4217,-2.8453,-23.9790,-62.3274,0.1048,-35.0575,43.1651,-1.3278,70.0757
-30.6681,11.6831,-8.9114,-3.3346,-7.5250,76.3308,47.2411,20.6028,-21.1035,64.5367,-34.1632,-13.0282,-19.1871,-56.5883,12.8890,-28.0209,21.2103,3.7856,105.8338
-33.5616,2.0500,-26.0519,-18.4593,-19.9856,54.1528,64.9003,63.9902,0.5092,63.9402,-34.9458,-42.2307,-3.2603,-53.4225,26.5299,-12.7224,10.4324,-5.8264,97.6033
-25.6260,-15.3394,-21.7313,-27.0452,-23.6498,41.4365,65.4180,100.4757,10.0874,49.9024,-13.3226,-82.8498,12.3598,-57.4750,40.7856,-4.6706,-21.8492,-10.9294,78.7840
-35.3440,-27.0609,-21.1810,-26.2795,-18.0680,49.3407,77.3308,127.9650,36.0524,68.1017,-18.2866,-92.4696,27.8746,-59.9422,52.9638,-6.0586,-56.1507,-8.5128,91.4840
-29.8025,-2.8485,-12.7568,-26.6912,-6.7800,46.6821,107.0450,141.2674,38.4878,84.0961,-46.1549,-71.4629,51.0826,-53.9148,54.3962,-4.5786,-35.8254,-14.1009,101.7201
5.9466,23.8479,17.9314,-25.1807,9.5121,32.1370,106.3962,139.5959,-1.3299,75.4393,-43.6541,-63.2358,62.0803,-47.7712,37.3157,-7.1819,11.8189,-19.5966,78.5860
23.1261,18.0454,36.5192,-16.5179,21.7988,16.1747,78.0157,123.2284,-9.4687,75.5154,-28.4511,-74.2259,58.2159,-59.9295,16.1199,-38.5873,11.3985,-11.4288,62.2191
6.5271,1.9561,22.9476,-14.1012,22.1535,6.1860,83.9592,108.2598,32.7849,86.5064,-36.3074,-74.7345,71.9061,-76.1797,16.9698,-73.1719,-28.3026,-7.3392,75.0831
-8.6751,-4.2110,9.5655,-22.2985,18.4802,20.7759,110.3974,114.4741,48.8150,87.1867,-32.0061,-54.9105,92.0300,-61.3026,35.0183,-55.0008,-47.5742,-18.9290,85.4564
-22.8282,-2.1186,7.9379,-23.7022,11.2067,40.4290,97.0547,119.4017,35.0978,88.4957,-6.6933,-32.7175,79.2053,-43.0283,38.8763,-21.8031,-49.7970,-23.0747,89.0124
-56.3034,6.2302,-10.7338,-18.2779,-14.3587,24.0885,68.0502,92.0221,54.2634,98.4775,-5.8890,-27.1607,53.1543,-70.8105,25.4235,-46.6840,-70.4875,-11.5585,102.7095
-86.6603,3.8333,-41.4323,-23.4488,-44.9574,6.2060,70.9795,59.7414,83.4512,105.7657,-17.9827,-27.8451,46.6461,-94.1796,26.7147,-66.3416,-96.3875,-9.4878,107.5906
-84.3351,-12.8767,-47.8189,-29.5043,-45.1201,36.0623,86.5373,53.1649,72.5736,100.6005,-16.1135,-3.2404,45.4450,-48.8351,47.8288,-10.0869,-94.0481,-19.0280,92.2242
-58.0927,-10.7643,-35.9304,-15.0277,-23.8112,70.1131,95.1191,40.1789,58.2438,63.8607,-40.5661,39.0115,47.9559,4.6154,49.5002,12.0521,-64.7092,-11.2557,76.7369
-32.2276,9.7027,-37.6998,7.1869,-24.2302,73.2156,100.6366,-0.5464,71.5548,-1.6654,-91.8306,61.7859,64.2143,6.5430,19.4956,-68.8391,-34.0973,14.3139,60.9303
-20.4933,9.1020,-42.8404,17.9834,-41.3098,97.5441,86.6042,-30.0687,69.6724,-46.1570,-99.3197,78.8434,63.7455,18.5575,-1.0121,-110.5626,-22.6424,30.1951,38.0755
-19.0370,-1.4707,-19.4529,32.9968,-24.2798,154.1858,63.7179,-27.4341,29.6915,-53.3572,-65.0265,121.0178,45.8981,76.1766,6.0631,-45.2926,-29.4319,39.0832,22.8411
-13.2781,15.8097,24.2768,64.9502,35.8767,175.1064,70.4308,-22.6664,-20.2614,-64.3052,-49.6794,153.1546,59.8451,114.0558,6.9154,4.8330,-31.3995,61.9436,5.3885
-1.6215,40.4276,53.1365,88.0171,85.1009,140.1203,79.2831,-36.9136,-57.6731,-88.0185,-44.6091,136.2351,86.6802,104.7508,-9.6412,1.2529,-18.9330,82.9846,-36.0467
8.0294,37.3129,56.8586,81.0859,80.2638,93.9589,47.6403,-58.7611,-71.7701,-100.7330,-19.0417,98.8295,71.2815,85.8002,-16.0879,8.4698,-16.8657,77.0045,-76.6702
19.5331,22.1214,54.6030,64.8100,47.9949,70.0850,14.6864,-67.1361,-64.5808,-107.3532,4.7573,75.9504,50.2197,71.1815,-14.8881,1.9723,-32.0590,62.5441,-90.2039
33.2350,20.1043,65.6908,65.9459,48.8864,78.6645,17.5179,-53.7102,-65.1291,-113.5019,15.5517,69.8047,72.6819,63.1695,-27.1936,-37.8697,-35.1168,64.9221,-92.5845
38.1057,28.1668,89.8448,78.7538,88.1898,98.3309,30.5271,-40.9042,-90.7006,-109.2037,34.2855,77.8612,100.7974,66.7928,-37.0753,-44.9507,-27.0590,71.9927,-91.1363
36.7830,34.3208,106.2411,82.0321,108.7777,84.0964,43.5622,-53.9619,-117.0989,-101.9390,54.2560,85.0111,104.3323,57.0329,-30.4947,-29.4353,-37.5788,69.2404,-78.4240
36.1000,31.6885,97.6778,72.8273,92.6038,44.8923,64.6389,-70.3330,-113.3185,-90.2523,47.0569,75.5225,103.2009,31.0075,-24.8765,-44.6595,-53.3849,64.1176,-62.8691
30.2863,24.3329,78.0169,68.3909,93.3152,34.8181,76.1771,-50.9076,-79.0577,-62.6174,7.8881,70.6732,95.6321,34.3855,-19.5306,-42.0295,-42.7566,62.3738,-39.4232
26.7144,23.5630,76.9165,78.2376,132.3596,51.9455,75.9585,-4.2502,-50.3112,-42.1728,-29.6619,82.5422,81.6771,64.5770,-7.2897,-4.1136,-21.6589,64.8252,-0.1217
35.9410,26.7268,94.5756,85.9233,153.3418,56.0375,71.5509,33.6741,-59.9883,-35.8189,-16.7072,81.6767,85.8370,65.8779,-16.4359,-13.2447,-15.3674,70.4007,21.7175
40.1454,20.6667,99.8119,75.9790,122.6533,50.2167,37.4301,48.8514,-80.9870,-11.8599,37.0590,63.1675,85.9318,41.1461,-53.0279,-63.5267,-11.4583,69.1615,8.5772
35.3463,4.9664,84.4892,68.1283,85.6809,55.5277,-20.1854,47.3794,-72.4852,5.2749,55.0067,51.9701,46.8210,38.7242,-75.7890,-78.6633,-0.1831,69.2232,-4.1732
47.5668,-5.0535,79.9098,88.0711,81.8764,73.2765,-47.0513,35.5263,-67.4614,-32.5122,18.9296,47.9986,6.5494,55.2607,-80.5452,-84.6700,8.8847,97.1337,-7.1881
64.7238,7.9758,97.7946,117.3346,86.9363,101.9114,-39.7182,9.8686,-100.8057,-86.0772,-4.3063,48.9408,7.8454,53.5676,-94.4649,-122.4262,13.1136,135.4012,-24.3435
52.0881,36.5318,105.5287,122.4513,76.0092,121.5878,-29.3175,-31.3095,-121.3289,-110.6768,1.1437,58.3411,27.0506,29.9859,-96.3314,-142.7312,5.0780,139.6094,-42.9372
29.6502,41.6310,88.4466,112.8199,72.9819,104.3158,-12.6536,-60.2497,-93.5627,-127.5571,-9.1014,45.2505,33.5242,5.6236,-66.9953,-127.2562,-23.0984,124.6308,-38.8971
26.3935,12.0660,77.8205,111.4886,95.5376,77.5684,-3.7345,-45.0779,-63.0059,-116.3733,-25.5259,-0.2997,23.6369,-10.5709,-45.0302,-115.7110,-49.2465,125.4144,-18.0276
19.6991,-10.2861,83.4389,101.4755,104.8618,81.9952,-30.2726,-8.5471,-51.5216,-40.4426,-10.4014,-26.1360,2.4718,-23.9493,-46.3215,-104.3327,-51.2625,114.6388,8.2153
-2.7994,-14.7342,65.9157,61.0190,62.6034,84.3780,-54.1905,4.9851,-35.4620,32.7243,23.5950,-24.9286,-11.4850,-35.4271,-39.6784,-75.1885,-44.1044,68.7154,17.5638
-21.6566,-41.1000,10.0297,12.3048,0.2451,49.6817,-32.0239,0.0818,-18.3998,45.1416,46.6263,-51.0755,-8.2427,-36.7255,-18.1162,-40.0646,-47.8805,28.0014,-10.0658
-38.6323,-72.5129,-41.0369,-13.5314,-25.1008,20.2235,11.4993,-3.5527,-4.0697,47.3905,35.4580,-83.0678,-2.5991,-24.0786,9.5590,7.4145,-53.9985,13.4727,-37.9152
-50.0326,-41.1144,-49.3031,-18.8143,-13.2986,18.1955,50.1529,-16.9687,19.3905,56.8467,-25.8604,-45.5270,6.8444,1.2487,42.4756,69.8583,-34.1875,-4.3038,-33.8208
-29.6561,37.9497,-29.0860,-19.0214,-6.0823,-3.8098,69.7058,-39.6820,20.0657,31.0828,-81.7692,36.3573,26.9534,34.7851,45.3735,101.3374,28.8240,-27.2004,-42.9741
0.1659,77.6698,-16.6544,-19.6901,-17.6835,-44.9872,37.0977,-50.9843,-27.8673,-9.4302,-39.5018,72.6097,34.4731,50.7773,-8.8885,70.0981,99.1967,-32.2950,-84.3856
-2.7124,59.2198,-20.1051,-24.2923,-31.7763,-44.5498,-18.8735,-58.3108,-77.8850,-30.7361,74.8527,55.0316,30.0598,28.1192,-62.0028,12.0235,113.1362,-31.4889,-104.4096
-5.6979,40.4466,-15.5557,-34.7594,-41.6861,-13.5794,-21.9830,-74.4790,-93.2062,-54.2651,135.7828,43.0834,45.1323,3.7143,-56.1375,-14.4749,80.5331,-45.2778,-99.0562
31.3542,43.4764,6.8631,-45.2155,-46.4926,-17.4087,9.3019,-74.6068,-80.6378,-69.4740,102.1003,55.9237,62.9289,19.8040,-22.8226,4.8375,65.2584,-64.6264,-101.8926
64.1253,33.7126,17.9003,-51.5448,-36.6523,-49.3779,15.5150,-43.7851,-34.0909,-44.4794,47.6131,62.3432,55.1954,44.1262,-1.8217,26.9972,62.9489,-77.8624,-82.3963
51.3606,3.4763,-3.6013,-57.1106,-19.8731,-67.0580,19.7762,-16.6599,21.3640,-18.2042,36.8684,48.3820,51.1045,36.7963,10.4395,19.2304,39.6947,-85.4829,-33.6717
30.6725,-10.1718,-28.7748,-60.6508,-19.4049,-77.6445,40.5207,-19.3227,24.5236,-28.5423,57.1136,36.0004,65.1035,25.1054,10.2805,7.0223,26.4508,-83.9885,-25.9075
41.0589,-5.4684,-23.7998,-52.2632,-25.2876,-76.0960,44.1693,-25.2430,0.0028,-45.7701,53.2793,35.9511,68.3584,36.4521,-1.0336,3.4650,36.7143,-68.3420,-55.5493
65.8630,-26.3483,-1.5723,-31.7999,-8.0547,-28.1700,44.0686,-4.5210,14.2294,-51.8513,17.1965,32.5271,66.5403,54.2278,4.6228,-16.3154,18.2567,-44.2389,-44.5091
68.7902,-66.5430,4.4214,-16.2527,14.5246,21.2930,56.6646,24.6713,33.0222,-61.0729,14.5314,21.8484,71.3918,63.8491,20.9507,-31.8940,-28.0896,-24.9440,-8.8614
36.0413,-68.2307,-14.5393,-11.1699,6.4174,-2.4996,29.4265,27.4155,16.3109,-76.2855,60.6943,12.6211,47.5378,58.9714,10.9843,-12.0136,-42.2050,-12.9778,-12.5261
-2.8503,-30.6873,-35.6006,2.7029,-13.6264,-44.7552,-35.8748,9.2109,15.3049,-96.3631,59.2547,5.9148,-9.3163,44.6528,-10.7862,10.7230,-23.0495,7.5350,-32.3018
-7.5676,0.0991,-31.4303,29.0508,-19.0998,-9.7506,-61.4814,0.5604,33.0284,-106.9048,-26.2684,19.8696,-51.6920,62.2669,-7.0695,31.4432,-1.6944,38.4869,-38.2792
7.0042,19.9597,-10.3797,41.0096,-28.2453,56.5346,-47.6242,4.9256,9.0023,-88.4061,-82.7066,65.1982,-60.7518,115.0372,2.2392,78.3641,26.5472,52.1056,-57.7294
2.9060,32.3265,-7.0547,33.3790,-34.6349,63.2787,-39.2121,6.8652,-30.7902,-79.2232,-38.5446,82.9870,-37.8942,119.9680,-16.5998,76.5286,47.9923,43.8196,-74.8704
1.7154,16.1622,-17.2630,33.4091,-2.2214,32.9693,-13.7270,-0.9421,-43.0147,-124.5483,30.3710,28.3454,15.8937,45.6976,-48.3414,-41.0232,40.0420,46.0470,-49.2004
38.1069,-1.4569,-1.0080,43.0183,35.7203,17.0252,26.9136,-28.9903,-76.4709,-176.5234,55.5349,-28.4009,56.8639,-23.9948,-69.5525,-159.0745,40.3869,59.2350,-25.7188
77.5660,24.6261,32.8469,38.3484,18.9141,1.3211,19.1636,-74.7756,-133.6262,-176.4829,58.3085,-21.1813,47.0891,-41.3243,-86.8341,-176.5613,77.8600,52.0951,-52.7490
77.4827,55.7904,32.9954,21.6352,-21.7273,-24.9655,-25.1932,-100.0536,-132.3976,-151.6967,58.6151,2.4893,20.4944,-45.1786,-102.6810,-166.6562,109.7741,30.2813,-75.6342
62.2295,44.0649,5.5067,9.9542,-27.2917,-39.3587,-31.5871,-91.6764,-85.8741,-136.3749,46.5364,0.7558,12.3596,-47.0909,-96.7206,-166.8116,108.7748,16.2447,-52.9832
65.6469,28.5692,4.4197,3.4694,-8.1021,-37.6636,1.0283,-92.0495,-76.6943,-121.0358,24.9536,5.4008,13.8115,-29.5590,-63.0147,-118.9943,98.4865,3.1613,-37.4330
73.3408,36.2346,28.7232,1.7509,11.3782,-33.2274,28.3560,-109.5821,-85.8576,-97.3309,-2.7458,17.8295,16.7917,-16.6774,-25.9547,-55.7428,84.3857,-8.9323,-43.3259
64.3692,24.1704,28.1339,2.6536,22.3316,-34.2866,45.8965,-98.0788,-60.5975,-58.2747,-37.8900,2.2675,6.1673,-29.5350,-2.2502,-40.8364,59.0068,-6.8923,-9.0941
48.2466,-11.9262,-1.8931,-6.8296,5.9743,-37.7078,51.0354,-50.6981,-27.6724,-9.1335,-62.4411,-29.5735,-34.5483,-40.9401,14.0991,-32.5546,43.2487,-3.9027,55.1479
38.8119,-22.9672,-14.8603,-13.3467,-12.3607,-18.6235,17.4911,1.6658,-3.1572,11.4857,-70.4690,-43.5291,-69.6306,-24.1364,21.0437,-0.9971,48.4361,-5.8843,69.5481
33.0966,-3.4011,4.2690,9.2305,15.2770,32.1667,-47.3627,49.0742,42.0384,-5.1407,-88.1172,-30.1272,-70.1714,17.6457,13.1299,20.6984,56.2368,6.9546,38.9891
28.9170,13.5608,18.8154,31.6202,41.9801,71.7610,-85.2997,66.4258,82.8602,-24.9929,-114.4769,9.0669,-68.2327,62.6760,12.6845,41.6021,55.9179,17.6467,24.9920
31.2841,13.9969,5.5101,14.7110,4.3166,67.0937,-52.9149,25.7076,70.1262,-39.2851,-113.2261,49.1205,-63.8061,80.4315,30.4714,63.4377,47.1495,-0.5586,18.6524
29.6835,-1.3461,-15.8042,-4.6242,-36.6936,38.7664,10.3222,-18.8808,35.5179,-37.0143,-86.8547,52.3062,-29.4813,61.2159,27.9789,31.5363,25.9060,-7.0564,3.2063
7.5917,-23.0998,-24.0613,13.5414,-19.7623,13.6052,22.7215,-7.2030,37.1140,10.6741,-75.0059,27.2021,-15.6985,26.0414,-5.8058,-35.2149,-2.6007,28.1276,25.4757
-15.2080,-31.4181,-20.4224,30.7607,-0.4525,7.7824,-24.1119,11.6221,60.4736,60.2768,-78.8943,7.3290,-60.8710,-7.5092,-20.4039,-57.7131,-18.2723,48.2849,80.2487
-5.2544,-24.0764,-8.8663,13.8296,-13.6514,25.3573,-69.3004,-7.1413,68.8267,55.6202,-67.9138,-0.3818,-91.6334,-26.8898,-7.3653,-47.3404,-5.5256,17.3920,88.9594
18.4145,-14.8910,1.4014,-11.7701,-24.2332,25.9413,-88.5455,-9.4258,79.0692,53.1136,-43.8461,13.3029,-67.1159,-13.4777,-10.6338,-44.5080,21.8953,-23.4801,52.9073
13.4992,-7.2628,-10.2372,-33.5739,-38.4911,-16.0419,-95.0419,18.9925,112.7552,88.9628,-31.1447,50.5404,-48.2185,20.6909,-14.9639,-13.7961,29.5075,-53.7340,37.9365
-9.5737,-8.0461,-39.7365,-59.6053,-68.3544,-47.1156,-88.0717,14.5831,137.6767,84.1874,-25.7182,57.2791,-57.6896,35.3756,21.4165,56.7839,8.9173,-84.5181,29.1716
-20.3652,-27.1852,-58.2910,-74.8204,-79.5607,-44.2413,-85.3305,-12.4330,127.8670,36.6119,-4.2810,4.3778,-65.2948,24.5268,58.0605,106.8055,-13.1479,-97.9235,-12.6922
-31.1191,-44.7622,-68.6602,-80.2564,-89.5811,-65.5113,-108.5995,1.9940,127.0630,46.0124,23.0032,-41.9664,-73.8903,10.0834,51.4444,111.1618,-26.9224,-93.5934,-41.0732
-57.9621,-40.0266,-95.4040,-102.1367,-137.8494,-106.1507,-109.5497,40.3397,178.7005,102.9850,10.2588,-43.0517,-77.0938,-8.0155,52.6721,102.3821,-51.1782,-107.9104,-14.8637
-83.4886,-38.3699,-127.1679,-124.4827,-165.4649,-98.9961,-45.2826,62.6218,240.1646,124.3514,-44.8655,-56.6644,-47.1306,-32.0336,95.4847,99.6644,-85.0562,-127.2459,24.3382
-96.4052,-62.9177,-137.2189,-114.7348,-123.1394,-67.3606,19.2986,87.2489,238.0521,116.6492,-62.6955,-107.5982,-12.0666,-46.3468,120.6718,100.1547,-105.1291,-109.5895,38.9818
-101.2792,-80.8691,-127.4949,-94.5905,-81.1926,-70.6297,20.2846,106.4784,170.5197,106.0184,-0.3964,-142.4592,-12.6500,-54.8596,97.7148,98.1813,-100.5642,-80.1299,37.4048
-89.1204,-63.8249,-106.6055,-89.5435,-84.6399,-80.3830,-2.7085,82.1284,104.8780,78.1905,50.1374,-142.8319,-30.1667,-74.2283,75.7164,85.2429,-80.2235,-75.4667,30.6979
-58.5539,-47.7960,-77.5524,-79.9224,-84.9006,-63.1409,-3.2375,50.9632,91.9884,63.5703,8.2910,-141.7168,-44.7743,-88.8114,81.6030,65.9844,-70.5248,-68.6384,35.1163
-37.9154,-67.6738,-58.7899,-60.7612,-65.8646,-39.3201,6.3954,68.6201,105.7526,89.1121,-45.7886,-143.2275,-63.6193,-78.8584,91.1691,57.9881,-85.4829,-44.5755,69.9088
-42.3551,-86.8416,-57.8144,-50.4989,-46.7576,-6.9726,17.2503,98.6098,82.7507,98.7588,-25.7846,-135.0157,-74.6725,-69.4823,88.4093,57.2024,-85.3428,-31.3009,119.3154
-49.5503,-57.8989,-49.5122,-33.4882,-13.7789,36.3625,31.8995,84.7970,16.5020,58.6177,0.6456,-131.5146,-70.9467,-91.6798,69.6978,33.3285,-34.1757,-17.6720,147.0476
-41.6311,-3.9339,-25.0348,6.7565,20.4583,48.8977,26.4616,33.8355,-38.2573,4.8661,-29.1777,-134.9897,-73.3113,-124.8476,31.3361,-22.6980,21.5213,25.1796,130.7586
-30.1759,22.9230,-6.2252,38.3224,16.2267,31.5269,-11.0593,-31.4695,-53.1952,-46.7796,-44.6798,-119.8954,-78.1462,-127.3018,-3.5559,-66.1902,20.7700,62.1455,67.9300
-25.0152,17.9779,5.2421,40.7287,2.9593,38.0016,-45.1801,-83.7573,-49.6078,-92.0423,-7.0532,-88.2927,-62.5330,-98.4006,-5.4086,-57.2276,-15.2482,56.9884,-1.8619
-10.2171,8.9779,30.5621,44.2982,31.7211,70.2901,-40.2637,-78.1277,-54.1336,-99.8756,12.5134,-68.2102,-33.6542,-67.0479,5.7440,-34.9463,-29.3065,48.9195,-20.8340
26.2524,15.3576,72.2537,71.3273,77.3754,95.3319,-7.6525,-30.4035,-89.1544,-83.1054,-11.4847,-52.7204,-5.7506,-40.1558,-13.3759,-55.4456,-5.1577,78.7235,-9.2993
59.4370,48.6810,115.1562,108.6632,103.2029,118.2687,7.7571,-22.7969,-151.5423,-95.6056,-29.2232,-18.2016,22.0108,-13.0080,-59.0145,-95.3513,36.8343,123.5355,-40.4475
61.0392,97.1778,150.2423,136.7691,126.9763,143.7633,-18.6609,-66.4491,-186.4025,-125.7208,-25.9484,13.1701,41.9069,-7.6275,-89.0230,-110.3468,61.7033,144.1776,-97.1320
48.8106,117.1335,172.1947,136.7381,155.2757,144.3988,-57.1338,-83.3917,-165.1432,-114.1580,-3.9818,13.0184,48.9191,-34.2111,-87.7934,-111.6093,52.0433,125.1826,-97.5700
53.9062,91.7858,170.5664,101.8228,154.5172,107.9713,-67.4921,-48.2895,-136.8400,-65.4436,50.4483,8.8011,55.2842,-47.8796,-79.2153,-109.7465,37.2587,76.5003,-54.6473
63.2693,58.6675,137.2937,58.3932,112.9403,54.9490,-54.3167,-15.7108,-121.5077,-37.0275,95.0553,21.1050,63.4438,-22.4949,-78.1019,-92.7350,41.2871,33.6735,-48.5847
49.6860,44.2884,83.6434,31.1698,61.2706,11.3538,-39.5411,-13.6433,-74.0684,-39.1717,70.1505,7.8216,65.4137,-10.8171,-67.8349,-79.3877,38.9995,17.4016,-76.8136
26.0894,33.8331,41.9071,6.9736,29.0689,-16.7136,-23.8250,-16.3386,-7.0091,-24.6001,20.2586,-50.3981,63.9593,-49.1906,-37.0069,-78.4935,15.8912,0.9593,-81.5085
17.3956,17.8044,27.2152,-29.4887,9.2884,-47.8650,-14.3255,-4.9744,13.4351,22.3652,29.6188,-99.2257,58.5322,-86.6066,-7.5423,-52.9755,1.1085,-37.3499,-68.8513
15.0596,3.9383,12.4556,-67.0568,-21.2514,-85.9336,-28.9763,12.2758,5.4893,60.2651,80.7457,-104.0927,42.3516,-82.6301,-0.1449,-7.2288,10.0032,-78.9682,-69.6915
-1.7016,-6.2415,-24.2599,-92.4579,-51.9903,-103.4940,-42.9220,28.3061,40.8102,75.3005,91.1726,-92.3575,26.4927,-70.0711,4.4402,12.6673,20.2779,-106.5496,-53.3680
-30.5798,-9.4277,-62.4473,-99.2447,-54.7044,-94.9328,-13.7421,44.2137,105.5772,92.9784,37.0509,-76.2754,22.5542,-68.4685,28.8236,17.8092,15.0114,-115.6050,7.1490
-52.5750,-4.6974,-83.7685,-89.2809,-48.1390,-83.8699,28.5560,46.1737,133.4272,97.7339,-21.0502,-42.4594,13.6125,-52.3189,53.7239,40.5560,5.1119,-105.0444,60.5812
-56.4346,-14.2550,-102.9117,-90.1119,-74.6307,-77.1160,22.8155,16.7804,122.9615,72.3559,-19.5079,-11.6026,-15.4953,-24.0833,58.4626,65.5449,6.5028,-102.6713,58.4390
-48.7833,-46.8092,-125.7665,-118.4896,-120.3379,-77.4341,-3.3106,-13.3576,118.9888,72.3293,13.9339,-9.4699,-43.4002,-7.7016,62.5470,87.2615,11.8220,-129.9701,33.5776
-41.3846,-63.3327,-128.1641,-134.6041,-134.5569,-89.8612,20.4426,7.8444,124.4051,119.3555,1.2151,-10.2864,-39.8696,8.9435,78.1762,119.3957,3.0416,-142.5915,30.9133
-34.1223,-38.7820,-100.4082,-107.9224,-108.6548,-87.8667,70.2279,56.3685,107.6032,134.6741,-41.0216,13.4298,-8.7275,35.3905,78.6560,130.5930,-6.3810,-109.2496,38.1129
-21.9546,-13.9189,-71.1667,-80.1994,-76.4161,-62.6883,77.6444,62.4843,73.3652,93.3552,-29.4459,33.3014,21.5943,42.7813,55.4782,96.8302,5.4706,-83.4934,29.9485
-11.1858,-25.6316,-67.9942,-84.9804,-65.6123,-60.5279,64.4361,31.4115,54.9351,70.3165,15.8859,21.5568,35.4328,26.3759,38.4408,61.6101,16.5986,-93.3120,12.2812
-11.8487,-42.5878,-83.0820,-88.8838,-78.7727,-84.9669,79.5415,3.6952,46.3854,74.0538,16.2289,11.1119,33.0334,19.6776,35.6506,53.7301,8.5461,-88.5613,-1.1252
-20.6310,-30.3053,-91.4574,-71.8459,-95.0839,-82.5646,86.0102,-43.2355,20.5376,37.3789,5.2010,35.5994,19.3245,23.0882,26.0266,43.2687,6.9978,-63.1995,-11.1330
-22.1332,-15.0546,-82.7495,-59.0654,-89.9763,-59.7059,46.8570,-117.8801,-5.9317,-33.7064,50.1132,61.3101,13.3761,9.3996,6.3796,7.4550,13.6769,-61.1251,-28.0308
-4.5036,-25.2519,-62.2736,-51.0272,-63.4349,-57.0018,12.8399,-156.0392,-3.8951,-76.4368,90.1643,45.6319,31.2637,-12.6572,-10.2741,-44.9752,1.0266,-62.8436,-53.2125
23.5205,-36.4420,-40.2777,-30.3204,-35.7039,-55.3509,25.6417,-138.0973,12.3634,-79.6770,45.6646,11.6643,51.0445,-19.6218,-15.7212,-87.4746,-12.0100,-34.5963,-65.2166
38.7708,-24.7059,-28.5296,-17.1216,-19.2598,-40.3959,48.9560,-109.3981,16.1506,-71.0645,-18.9186,-4.3934,48.0430,-17.9723,-7.5436,-86.2682,7.6017,-16.3655,-51.0401
39.7577,-8.9597,-22.4909,-27.9299,-8.2020,-39.7226,47.9425,-65.6062,-4.7245,-64.9255,-2.2457,-18.8156,43.3582,-15.6558,0.9182,-45.0990,39.7785,-33.0759,-40.3408
51.5925,-3.3703,0.8189,-34.7262,9.4609,-42.4985,35.8386,4.0321,-52.0901,-66.3124,62.3017,-41.8470,54.9922,-2.1577,-5.1426,-6.9497,59.3850,-42.6327,-55.5533
78.9570,8.4270,38.5923,-21.4313,32.8707,-27.1408,28.6664,31.6159,-87.5132,-81.1106,72.9190,-33.4742,57.5903,19.7838,-8.4160,10.6609,71.4356,-33.8824,-63.6032
94.4266,30.7462,56.1474,-10.0025,45.4277,-20.7719,22.8803,-2.0108,-68.2359,-104.1434,29.4339,14.8254,41.4132,32.3872,4.9505,15.6367,75.9385,-37.5248,-35.8530
84.1684,40.6697,46.9627,-11.3275,41.1770,-23.1241,10.4289,1.1048,-34.0884,-107.6039,20.0717,46.0780,29.8948,34.0405,7.6205,8.1186,74.0874,-47.1131,5.2576
61.2183,21.1448,37.4144,-15.4613,38.0633,0.5458,-4.8078,76.0503,-35.1088,-68.5274,66.9620,34.2053,25.9232,38.8081,-4.1676,10.2689,65.9065,-44.0615,38.1058
36.7694,-16.7150,27.2138,-21.2262,41.2613,24.3781,-5.2146,129.8102,-27.5263,-19.0715,100.5707,22.2789,19.5389,53.2652,8.2484,44.5155,31.0082,-44.3562,64.2898
16.7521,-39.2473,-0.8016,-28.9025,26.8637,12.5246,4.7487,112.4809,21.7525,-11.7879,82.3433,41.5497,13.8642,68.4416,32.3036,65.8755,-9.2646,-52.9959,76.9403
9.0382,-20.7078,-25.1210,-24.3044,-3.8086,-1.5900,-6.9004,71.9437,48.8405,-35.9419,43.9802,71.8030,-0.9722,68.6247,16.2427,32.5504,6.3226,-44.7774,74.4706
11.8914,25.2143,-11.4164,2.6576,-1.6054,-0.0989,-37.0606,38.1694,10.0843,-51.8277,17.9109,83.9054,-31.2643,48.1268,-24.8328,-7.1655,61.1447,-12.9409,71.1039
20.0144,60.4968,30.7781,35.3132,51.2302,-12.8855,-46.3676,2.6067,-53.7052,-55.4332,10.7773,69.1621,-46.6339,19.9303,-41.8111,-4.1991,88.8520,16.9065,59.9369
36.3855,64.7530,62.3931,42.6651,89.9491,-30.4305,-36.6056,-22.9682,-92.3354,-35.8669,11.8132,43.7475,-37.9715,5.5938,-39.6660,15.2352,95.9510,20.2549,28.7074
54.9322,46.7517,62.6297,22.3406,60.8187,-26.4086,-47.6650,-28.8066,-84.5185,17.4806,0.1093,40.3906,-45.4041,14.0720,-43.9445,16.5242,110.0565,2.7570,3.9084
62.3183,32.3893,50.2634,9.4160,12.0757,-21.6473,-82.5658,-40.0116,-52.3223,49.8506,-14.7336,63.7923,-74.1057,23.2503,-57.2151,-8.1540,111.8255,-6.2225,8.2640
64.4502,42.9982,55.2916,18.4622,5.8915,-32.1789,-105.5606,-74.5102,-48.8186,21.0565,-5.2036,75.6674,-80.8941,-0.0038,-74.8149,-57.8180,104.2956,0.6085,17.6471
65.7193,63.2491,62.0525,17.9634,9.5158,-47.7212,-94.3657,-114.0048,-57.8441,-17.3456,3.5974,59.1657,-61.5221,-44.0737,-74.0038,-95.3519,98.2637,-4.5925,13.6723
45.3126,58.2072,28.6158,-8.5047,-23.4351,-75.3440,-58.3396,-133.6561,-13.2219,-29.3234,-15.4797,46.9740,-48.2977,-60.2698,-31.9732,-72.9396,59.0187,-32.1669,15.4621
8.1894,34.7242,-22.5605,-34.5723,-53.0758,-105.9524,-26.3459,-122.1827,49.9431,-36.5227,-18.9560,54.1096,-42.0537,-43.5162,15.4472,-19.2875,3.7899,-59.0347,34.0922
0.6068,25.8767,-25.4269,-41.7949,-38.9213,-100.5959,-12.4836,-74.4097,54.8485,-24.0131,4.1181,49.9557,-26.8214,-35.0354,24.7031,-1.2709,-2.3107,-69.3729,57.3694
22.3621,20.9045,7.1014,-36.8715,-19.7224,-73.4912,0.2894,-3.4389,37.8303,23.6436,-1.6923,22.0680,-13.5988,-41.0662,19.3281,-15.9047,3.5881,-59.1162,79.1294
15.3719,-11.8272,1.3357,-26.2215,-25.4706,-75.8318,14.1036,49.1301,49.7718,51.8409,-11.4373,-1.0485,-20.1614,-33.6898,23.1605,-18.1057,-41.5560,-30.2043,99.1236
-23.0165,-52.0597,-42.1075,-17.6780,-29.6354,-90.4153,1.6878,55.1828,51.4355,31.5325,37.2106,-1.6843,-39.3677,-12.6518,13.0812,-4.8441,-72.9637,-8.4730,103.8481
-32.1564,-50.8772,-58.2630,-15.3194,-26.8307,-70.8629,-35.5072,34.2871,26.5151,-5.3206,79.8849,11.7382,-51.2573,8.1507,-12.7896,0.6828,-30.1759,-8.7794,74.0477
-5.9524,-8.2017,-33.5149,-3.2913,-32.8575,-38.6995,-58.2133,18.5773,4.8589,-48.4777,50.7974,30.2832,-45.8185,30.8642,-29.2064,-1.0917,18.9152,-0.2051,15.8589
7.3962,25.6924,-2.3455,22.4533,-22.6763,-26.1075,-42.6299,21.7030,-24.9699,-76.9702,23.5293,43.7825,-22.8041,49.1585,-35.5241,3.1103,19.2325,30.1620,-25.7790
5.9525,20.0415,24.2804,37.8865,22.3941,-7.3426,-3.1298,48.9949,-60.0432,-41.5743,39.9410,41.7885,11.3713,50.3710,-37.0944,6.1841,4.4811,46.7696,-13.9498
16.2372,0.8914,49.4845,41.0675,62.8324,23.7582,18.0385,82.0411,-61.5649,16.9094,43.2309,36.0996,32.4987,42.7717,-36.0390,-11.0770,-1.4373,44.8981,25.8187
22.7328,4.4563,61.9170,58.1885,70.8033,19.7841,-10.3833,75.6894,-58.5358,10.3238,41.6014,48.5711,14.0263,36.1551,-55.3456,-44.9734,-3.7872,61.7625,45.6106
8.7731,22.2240,62.7526,86.3464,73.0356,-13.5891,-52.7989,29.0518,-92.0529,-23.7518,68.0885,72.5292,-22.8453,26.0226,-92.5777,-69.7129,-0.2927,94.6134,45.4295
-5.2784,29.3946,67.2670,94.1000,83.9052,-10.0041,-49.2585,-0.4539,-112.9439,4.5425,69.3936,79.4464,-24.7306,13.6771,-102.0762,-70.7656,4.0717,103.1630,42.2945
-15.7765,28.5475,64.6065,71.9374,77.2542,24.7912,-19.3416,8.3806,-91.1622,66.7144,39.7778,60.0509,4.7716,7.1491,-77.7022,-45.3593,5.3289,78.8084,21.6856
-38.0038,21.4427,37.3520,43.8772,44.0469,26.3143,-20.3676,23.5910,-79.1500,90.1358,49.6095,34.7267,5.3822,14.1697,-58.8899,7.1039,6.0573,54.6481,-15.3674
-52.1508,-2.3319,12.1559,45.8971,18.2546,13.1392,-40.4224,32.3396,-96.5982,77.9098,67.5211,26.3997,-38.3844,40.3650,-57.7205,51.7965,-3.5639,71.1263,-27.9790
-38.3269,-20.5670,25.5057,90.0704,34.7922,45.8286,-42.6545,30.1862,-114.0516,61.4764,18.1139,35.3401,-77.3735,63.8350,-67.0644,36.3311,-16.3211,131.4265,-7.1875
-25.4768,3.1607,62.2728,140.0858,84.7924,92.2818,-40.6654,-9.7466,-124.0089,47.9851,-48.2110,50.4811,-77.6478,50.4113,-87.1400,-21.3830,-5.1352,181.6581,4.9798
-30.5665,53.7045,86.1133,157.1723,123.4829,95.9938,-55.7851,-79.4768,-126.6977,26.1215,-58.1086,74.5286,-53.7203,19.2359,-106.8768,-59.8826,22.5224,180.3386,-13.6924
-21.1688,83.3065,93.4243,150.8090,123.2834,81.1929,-75.0187,-129.0581,-127.6353,-22.5678,-32.5863,103.5387,-30.3921,16.3755,-119.7627,-79.3492,42.9916,157.8421,-48.9200
12.3464,76.0708,92.2857,138.3792,97.7425,70.2052,-75.7925,-143.7985,-146.8147,-80.1038,-6.4025,102.5346,-17.1543,29.4470,-127.8056,-98.8901,56.5790,146.5656,-87.3679
33.0024,51.3759,79.7688,114.2205,71.4246,39.8704,-53.1440,-141.9414,-159.1335,-95.7422,1.0712,54.5768,-18.0357,19.7816,-107.4478,-83.3389,50.9859,130.4621,-109.9616
26.4770,32.0592,63.9515,92.5433,58.2056,12.3153,-28.9795,-122.4455,-125.2624,-75.5522,-30.5131,0.7962,-33.2835,-3.2646,-57.7261,-38.3680,16.2078,111.8669,-91.9695
18.6505,26.6046,56.4167,96.8202,62.2180,28.9842,-23.9204,-83.0832,-83.5619,-75.7634,-64.8367,-16.6139,-41.2194,-13.8032,-40.5575,-48.7811,-1.8070,118.1096,-46.2593
26.0411,30.1009,52.9094,104.7995,71.1903,56.2556,-17.6955,-36.9606,-76.0565,-93.8663,-54.5716,-2.9391,-16.2126,-13.5947,-71.5061,-120.0889,23.8915,127.8251,-6.2326
36.6550,38.5113,49.8754,84.9198,66.9515,46.0828,10.2293,10.8482,-65.0053,-78.3072,-37.2098,19.4128,18.7913,-11.5085,-78.9113,-147.2228,44.7452,100.9325,33.0227
31.1998,41.8714,39.8600,47.3640,51.3677,9.6447,35.6250,55.5393,-18.3935,-22.6666,-53.4978,27.2261,19.6052,-11.4263,-35.9450,-91.6548,33.0243,50.5516,81.6665
8.8364,18.3811,3.3796,5.2942,29.4648,-33.4765,43.2045,88.4661,41.4446,39.3153,-68.5220,-4.4120,1.7890,-14.8547,9.6192,-18.9922,15.7986,4.3661,101.0060
-7.0608,-20.6079,-45.3427,-42.7502,-10.9318,-75.9633,42.7975,114.3569,83.8621,82.9790,-51.4105,-58.0090,1.9990,-15.7200,30.4137,24.9528,10.2831,-37.4657,67.3606
-0.3133,-31.0828,-60.9762,-76.2229,-59.7168,-98.1861,24.2084,129.4963,81.8878,100.5317,-16.4677,-75.7222,1.3596,-11.3265,24.5701,37.6599,23.0067,-66.3954,28.0198
14.8450,-19.1039,-46.0488,-75.3059,-76.1061,-100.0598,-1.7274,120.1558,50.1597,106.8516,7.8519,-45.0462,-10.7277,-0.8354,-3.2120,23.6562,47.3014,-65.9929,19.2284
20.2707,-29.1436,-40.3292,-59.8789,-56.6561,-103.3236,6.8343,104.6245,57.1405,121.3086,-6.3552,-17.4836,2.3595,19.8506,-16.9467,7.6962,39.5966,-49.8455,12.4707
13.4324,-50.4937,-44.6411,-52.5906,-44.9149,-106.0172,26.5962,99.1424,97.8993,126.6536,-33.1944,-27.5888,28.1020,27.3966,-1.0212,6.7474,-8.7068,-39.2069,-8.4393
-4.3461,-47.8864,-45.7437,-48.0555,-56.7118,-100.9942,3.5924,71.1573,84.4640,93.9116,-2.4266,-48.4045,14.9340,-1.7574,0.6669,-1.4650,-35.5588,-31.9575,-18.5942
-22.0966,-32.3754,-50.5274,-39.8921,-63.4099,-98.3790,-33.5317,14.4333,24.3712,39.6083,67.4093,-33.4512,-14.7232,-22.1857,-24.2989,-13.8645,-17.2635,-26.0003,-19.0786
-23.7592,-15.1541,-44.6896,-32.1645,-49.0345,-95.1044,-41.0024,-18.4988,-1.2611,8.6180,91.1974,15.2707,-14.6706,4.1796,-31.0242,8.4920,0.3635,-29.4513,-28.3087
-22.3617,8.5392,-21.1053,-27.3146,-28.3770,-86.8248,-33.2494,-19.5001,-2.8595,16.7522,74.4860,39.3479,-8.4432,15.3337,-12.6777,46.3429,-2.0620,-36.7304,-24.5353
-37.2496,11.7982,-21.8300,-25.8294,-15.8855,-88.0355,-8.9332,-30.3443,-19.2887,39.2563,63.6454,11.7286,-16.3432,-23.1794,-0.8988,47.1246,-5.6544,-32.3613,4.5693
-41.7594,-9.5582,-44.4348,-20.0789,-6.7000,-92.3264,27.9435,-44.6637,-30.7122,38.9427,43.8789,-13.8224,-14.2493,-32.8913,-3.5549,30.1492,2.0363,-13.9469,8.9562
-5.0763,-4.1145,-16.1992,4.0464,17.6510,-77.2786,14.1571,-37.8955,-50.9470,3.4342,27.0078,1.1061,-6.3126,11.9969,-22.0716,31.1913,26.7484,10.6107,-37.8076
43.8515,29.7553,59.7550,38.8264,57.9135,-52.8072,-41.8115,-32.1146,-103.5646,-36.5615,47.9488,19.6543,-7.6297,30.8255,-53.4515,17.1084,50.3692,34.5946,-75.5327
58.0383,41.9641,92.0521,55.3991,76.0369,-38.2723,-41.9069,-39.1038,-121.8413,-44.6960,52.1840,20.9377,1.5680,4.3650,-64.5391,-29.9656,40.2298,48.6590,-54.3976
34.1016,38.8509,60.9929,45.8513,49.3696,-32.8429,7.0875,-41.1535,-72.0945,-29.3032,6.7929,28.7406,20.2609,-14.1276,-43.7887,-57.4488,8.7528,44.8540,-14.0807
3.0521,40.5367,29.7977,33.5592,23.8250,-34.8870,14.1955,-47.6680,-39.2509,-28.4070,-1.9841,29.8189,21.3741,-19.9737,-28.9079,-45.3401,-8.0592,34.3500,-11.5616
0.3652,17.3053,26.7254,36.2772,42.6615,-33.9719,-18.7513,-64.8251,-52.9158,-54.4583,40.9204,-2.4929,10.4133,-22.3143,-33.7273,-34.6218,-10.4062,36.0842,-42.7441
29.9746,-19.1158,33.0921,42.7613,62.9660,-19.2725,-41.5563,-63.7265,-40.6516,-83.4599,32.1443,-34.5713,-0.9462,-1.4114,-27.6238,-29.3968,-11.6482,43.0565,-71.6126
44.9685,-13.4043,26.8297,35.6408,31.1283,-21.3209,-46.5974,-49.2588,-0.1845,-98.5896,-28.0614,-35.9775,-20.0417,18.1922,-3.3807,-4.7157,-14.2810,38.0655,-80.5278
16.9789,14.8624,-2.2129,23.5802,-15.9740,-58.4978,-30.9271,-52.2796,4.3584,-108.4801,-47.2820,-43.2660,-35.9214,-5.1628,9.4429,11.8124,-19.4136,35.2336,-72.6469
-8.6832,17.5613,-29.9632,22.7737,-24.4184,-82.5755,-20.7829,-44.5598,-9.5049,-112.7577,-36.4425,-81.8830,-43.8394,-40.7035,-1.8026,-6.7830,-9.9755,47.4142,-59.9517
4.5712,15.2511,-25.3739,17.0709,-22.9473,-70.1257,-65.9960,12.5672,24.6468,-92.3531,-52.0686,-109.0564,-63.6710,-37.1824,-8.8907,-9.4990,17.8404,39.6999,-52.8297
24.0168,21.1434,-7.8712,-9.9225,-48.3261,-59.6447,-112.2542,85.9642,95.9327,-44.9472,-71.8562,-79.9296,-71.2158,8.4457,13.8950,42.2904,14.3469,-4.0600,-50.2693
20.3119,7.2685,-7.6710,-22.2180,-60.8857,-53.3503,-73.0270,133.5405,134.4254,3.4771,-74.5202,-15.1282,-25.1967,73.2558,33.1437,83.0273,-29.9562,-20.5839,-50.8043
1.9584,-6.2559,-10.8618,12.5851,-27.5587,-27.3352,-9.0217,158.0826,111.9857,25.6023,-79.0351,19.5237,33.5223,112.4306,4.2081,54.3833,-49.3333,31.6410,-61.1121
-29.0108,14.1107,-6.3729,52.3147,5.1171,-6.1392,-3.1841,157.0742,61.2863,16.1089,-67.5411,-0.2952,45.8329,89.6303,-34.3222,17.6509,-39.2454,87.4300,-75.7260
-60.7814,33.2229,-9.0066,53.0140,-3.2515,-0.5664,-9.8126,119.1935,15.6805,-10.2823,-21.5921,-14.5362,33.6667,53.3575,-29.1776,33.3096,-50.6156,88.5265,-81.0201
-56.3852,26.3035,-8.6138,51.4027,-19.8830,22.4860,0.4216,63.8677,-24.7797,-47.5069,12.6166,25.4918,31.1066,70.0830,-24.6712,41.7814,-58.9227,83.7850,-89.5574
-19.0804,30.3520,18.4234,87.5437,-4.8898,50.5233,-19.1470,16.7291,-69.2241,-103.9021,8.0326,70.0141,22.5689,101.2040,-63.6463,-5.5732,-32.5218,122.4295,-113.4384
5.0824,45.5237,59.4785,123.4069,38.6825,48.1065,-51.2069,-10.9243,-110.7275,-142.7508,11.1438,61.7442,0.7863,83.8089,-86.3033,-35.3557,-20.7921,155.5463,-113.5986
3.3124,27.3027,82.2820,114.8147,85.8566,36.5030,-46.7111,-10.3607,-126.4207,-90.8343,39.9143,30.6310,-16.1890,45.7223,-59.1162,-2.8193,-37.2195,132.9117,-59.3049
-6.6345,-8.3724,69.8402,83.7167,98.2928,28.8321,-37.1180,-4.0610,-93.0370,25.5036,36.3784,16.4490,-28.2398,21.7892,-43.8149,10.1954,-32.2338,93.0119,-4.1404
-19.5670,-10.1783,33.5445,61.2003,53.6289,-8.6600,-55.7252,-35.7681,-22.4167,90.8455,-23.0690,0.3299,-45.2701,-13.4629,-56.3925,-33.7239,-17.7606,76.7179,-7.9146
-28.0715,9.9974,8.0556,34.8813,-4.6859,-68.8606,-74.2709,-87.6721,34.9114,94.1956,-67.6354,-23.1382,-56.8794,-55.0493,-45.5118,-48.1330,-28.1912,51.6581,-43.4013
-21.1545,15.4086,6.5368,-4.4999,-23.5781,-105.0938,-76.8657,-104.1321,48.0526,107.5106,-37.5492,-10.5488,-43.6949,-49.8381,-21.7596,-0.3869,-26.4118,-5.6617,-66.4461
-5.8452,21.3268,7.3029,-29.9461,-26.8518,-112.4652,-73.5937,-101.3356,20.5696,98.3451,27.7295,46.2024,-12.8807,-1.1962,-31.0896,33.7731,11.4430,-47.8684,-91.3772
14.2204,46.8633,10.1185,-24.9763,-45.3834,-112.9095,-62.5736,-126.5417,-37.6793,19.2098,55.0247,82.7500,-0.8539,26.5067,-49.2319,29.9961,45.4057,-41.4964,-127.3172
41.0227,61.5617,32.4855,-14.6347,-39.3464,-114.4380,-37.7171,-145.3267,-81.1843,-27.2246,26.7580,49.4124,-10.5073,7.3461,-30.6709,38.6938,51.1150,-26.6615,-137.7984
50.9970,48.4773,47.3324,-26.6447,-2.9047,-123.0204,5.4914,-107.2864,-55.2792,33.5668,-20.1360,-16.6163,6.4637,-28.7452,7.9805,57.2303,38.5885,-41.6346,-111.8109
27.4494,41.5617,18.8554,-54.0663,-12.8922,-137.0076,50.8661,-60.3491,-4.8690,87.7383,-34.0298,-52.4519,49.8817,-61.9097,20.9733,34.9744,26.2457,-65.4562,-87.0948
-3.7674,52.8702,-29.6112,-68.1844,-74.6352,-142.0004,54.3458,-69.1243,-9.0111,42.0844,1.6271,-57.1750,55.2783,-94.9061,-3.4227,-26.8275,33.7731,-65.0934,-78.9820
-22.5008,53.0123,-57.1999,-50.5964,-90.9068,-129.4325,20.7126,-94.5521,-30.0073,-33.6651,39.1789,-53.1394,24.1916,-111.0798,-36.1903,-82.3952,46.1411,-38.0703,-57.4217
-34.7734,41.4555,-53.3748,-12.5158,-39.7068,-90.0687,14.5543,-66.0691,-11.7927,-63.7584,36.5631,-27.1235,25.2689,-87.1730,-45.9899,-104.8711,28.1843,-1.8328,-10.2496
-33.9445,38.9571,-22.8518,14.7885,1.5518,-26.7050,44.3805,-1.6779,-6.6615,-53.0559,26.9984,13.0678,59.9354,-45.1615,-37.7264,-99.0005,-3.4175,22.3035,25.9842
-17.0616,31.0195,9.7276,17.4881,10.0441,18.6159,59.3135,35.4792,-38.0236,-24.2409,44.7651,21.8568,78.7096,-25.7381,-34.5055,-87.6888,-13.2470,25.3334,26.7161
-7.5813,8.1717,13.1017,13.4663,23.5659,19.7430,60.9440,38.1185,-40.0274,-8.1272,58.1225,10.6272,83.2496,-22.6206,-34.2921,-87.7310,-15.7394,20.1742,24.7976
-8.4361,1.9566,1.6516,19.5148,39.6204,9.9211,83.7137,34.3524,-14.2619,-31.8612,42.6654,32.5011,97.1883,-8.9427,-27.1686,-96.4675,-26.7982,22.1784,46.6273
2.6248,19.7660,9.8968,32.9543,42.2672,15.4046,114.6734,23.5005,-15.4760,-70.0794,18.4566,70.5916,118.8681,5.9888,-25.4157,-115.3574,-33.0950,33.8726,55.4695
20.0496,33.7739,31.2524,48.1348,50.5703,27.7557,126.7524,1.9448,-21.2793,-82.1362,-9.1624,80.4850,143.7657,8.8015,-35.0692,-143.9222,-33.3815,50.2035,25.2890
28.0051,46.6703,45.0148,57.4943,66.0288,46.4406,117.4303,-7.9259,-3.0491,-74.2151,-46.2862,85.7548,153.4442,17.1804,-38.5312,-147.9217,-20.0993,55.0082,0.3339
38.7508,69.9514,50.4174,48.8509,59.6393,58.2276,93.8657,-11.1697,5.1614,-73.3799,-73.9497,111.3370,123.9447,35.7875,-27.0708,-108.5866,20.0754,33.7457,8.7307
54.3968,77.2834,42.7044,28.3590,27.6600,31.9767,74.2101,-45.2766,-8.4039,-86.2065,-72.4262,124.8544,84.7101,40.4246,-18.9469,-77.5986,50.3954,7.2229,5.8845
50.6579,57.5721,21.8870,19.1467,-3.2513,-10.4512,70.8570,-93.8978,-28.8576,-97.2818,-38.5319,110.8584,80.5537,28.0293,-33.5908,-93.2015,36.8061,9.0839,-34.4482
26.1785,42.6949,11.3793,27.1901,-6.0420,-17.1992,72.3115,-96.9351,-57.4392,-89.0687,5.7178,90.9443,93.7910,19.2748,-54.8764,-105.7610,14.7421,31.5475,-65.2306
6.6889,47.5753,19.1312,40.2018,27.8212,7.7378,75.0938,-62.8127,-66.2028,-70.8638,0.0309,69.0501,85.5310,13.1935,-43.4703,-74.5764,14.4530,44.5019,-42.8833
4.8597,56.0631,27.6009,47.5120,65.3346,32.6971,81.3691,-52.6438,-30.4949,-56.4187,-75.4236,46.0159,53.8946,-1.8327,-0.8374,-35.6985,21.3386,41.2145,9.4842
14.6719,58.9544,29.2013,38.8368,59.4371,41.1644,69.5306,-65.6087,4.4623,-28.3628,-137.7528,44.8246,15.7238,-5.7991,25.7433,-9.3111,34.6349,24.9248,34.9055
21.4908,54.8929,21.7486,14.5438,24.5768,14.7941,38.0050,-56.6673,15.1262,9.5722,-125.9414,67.6853,-7.4827,23.9007,23.8799,32.4762,50.7669,-2.9366,16.2530
12.0581,44.3275,4.2789,-1.5378,16.6237,-26.5163,26.1555,-25.8856,34.7848,19.0900,-94.2842,78.2021,-4.2125,54.3875,26.8468,75.3081,43.2122,-22.1218,1.8431
-0.2692,38.9420,-1.0719,4.2494,37.7051,-22.4822,42.9286,1.6398,43.7308,16.3771,-96.6395,52.1633,4.6423,38.3339,34.6441,68.5035,31.6384,-13.9063,27.4609
13.0781,44.0780,19.8903,10.3200,43.4211,13.5088,56.7512,24.4194,11.7295,45.2910,-109.1813,15.9833,7.0222,0.6394,21.4355,22.6384,52.9153,0.9908,50.3549
41.5233,45.0663,34.8806,-4.5082,17.1505,10.1261,54.5078,41.3675,-5.5229,70.8430,-97.1471,11.7258,19.0425,-3.7858,2.9320,-7.3009,71.8857,-10.0211,34.9029
41.0903,30.4728,10.9842,-33.3091,-27.3546,-20.7752,42.3046,40.3618,22.1202,47.1751,-51.9382,29.4633,27.8323,6.3616,6.6421,-11.4898,49.3164,-42.6628,27.6189
5.1512,7.1119,-37.5574,-58.7249,-73.0824,-24.5620,36.5768,23.8220,42.3298,11.2432,0.8923,26.2499,12.7181,-11.4205,24.2942,-11.1908,14.3988,-66.6833,56.0788
-24.3650,-13.9577,-77.9429,-69.6093,-97.9269,-17.1208,55.2889,8.1520,49.4345,-1.5751,6.9269,10.9426,0.5233,-21.7010,41.8692,-0.6121,-3.6913,-68.9939,69.9937
-21.6638,-33.6575,-90.4063,-64.0649,-85.7127,-16.5474,62.2015,11.8768,75.1318,-0.5848,-27.0922,14.6568,-2.9234,13.3359,52.3831,27.4709,-5.4821,-61.4387,55.5039
-5.0241,-55.4128,-67.6664,-48.0554,-44.9919,5.7874,8.8552,45.0508,85.8290,25.1714,-26.8132,11.1035,-34.6857,41.2457,42.1474,45.5992,8.1869,-51.6080,64.2110
-0.0387,-62.6861,-25.0422,-29.3900,-3.1235,34.4644,-52.3451,88.7081,64.6232,75.2443,6.3296,-17.8468,-69.3776,18.8956,21.5291,35.6635,12.0724,-36.5359,98.7241
-16.0948,-44.7349,-3.1134,-22.6655,8.0473,25.3741,-44.9244,116.9872,72.4132,110.9958,5.4143,-32.6211,-51.8287,-11.0138,27.5391,30.5289,-25.0670,-29.6140,113.5744
-51.2326,-34.7964,-27.5285,-42.8413,-20.2583,0.9618,-5.2858,138.0798,119.4351,131.2718,-11.8032,-35.4392,-20.2805,-18.0636,62.1354,62.1969,-73.0932,-48.2509,112.0672
-82.8051,-54.5678,-67.0899,-72.6072,-49.5277,1.5277,7.6035,160.5033,133.3946,148.9784,10.4262,-64.9597,-26.3779,-25.7636,87.7487,102.7895,-83.7220,-73.5079,120.7298
-78.5445,-61.2454,-66.9111,-77.8910,-41.9723,11.1668,17.9483,156.6279,85.9837,130.7610,47.1408,-90.4073,-27.0308,-38.2235,87.2334,109.0974,-64.4037,-77.1140,117.4247
-47.1682,-31.3129,-29.7268,-63.0815,-17.5846,6.7772,41.4695,115.1252,22.1149,80.0563,61.2370,-83.1001,7.3939,-45.0747,73.0392,87.5995,-43.1236,-66.8880,75.5772
-28.4256,-12.7798,-4.2399,-49.9440,-3.9778,1.0833,47.0830,70.2484,-14.1601,54.7186,61.3219,-85.7892,28.3288,-55.6476,58.5667,65.8562,-34.1175,-54.2145,28.2110
-23.4471,-26.4075,2.4594,-31.2521,13.1816,16.8458,40.3640,42.5643,-14.6615,47.5323,48.6900,-84.1801,23.9545,-53.1111,49.6404,44.0296,-43.4876,-32.6803,20.5229
-10.2878,-33.2673,9.2261,-9.7272,29.4972,58.0912,42.9408,12.2511,-2.4743,9.0915,35.2940,-18.8550,36.3797,-10.1238,40.9474,18.5067,-48.7069,-18.3403,27.2599
-5.2876,-22.7985,-2.3594,-12.3799,4.9233,93.3307,39.5133,-35.8427,-10.2281,-43.8172,54.0980,48.6267,60.7628,34.7173,23.8511,5.9775,-26.0051,-27.4509,-16.1510
-19.3546,-13.2796,-28.9391,-22.4255,-41.5853,93.0438,27.7741,-81.2414,-45.8809,-74.1416,77.3892,37.5735,59.8382,36.2308,5.1215,11.2554,-0.6954,-25.0149,-94.2496
-14.1166,-0.4738,-12.1200,3.7300,-34.2519,91.5153,26.3771,-85.7642,-84.1328,-83.6182,49.0535,16.6653,37.6586,32.3246,-2.2837,19.3032,3.2497,14.4441,-114.2956
19.1416,11.2896,44.6836,46.7196,27.3042,127.2748,23.0609,-42.3755,-90.0352,-76.4535,-6.1145,47.3804,16.4301,62.3900,3.4708,30.0578,3.9058,49.7731,-58.3551
29.5314,-3.0023,60.6365,52.9647,59.6897,158.5999,7.6396,8.8050,-50.6981,-56.6748,-29.6293,59.1497,-0.7633,87.4364,24.4016,55.3070,-3.9067,44.3386,-5.8353
-1.3375,-46.1146,19.5947,19.7191,33.9703,146.1364,10.7055,45.5567,10.4500,-26.6768,-15.2151,14.2064,-7.9219,73.2523,64.0759,88.3106,-53.9373,13.6132,18.5630
-37.3958,-97.6471,-22.1225,-19.5495,1.4748,125.6114,36.2225,88.7207,58.7529,25.1459,23.0504,-30.8630,2.1058,46.8177,100.0310,105.1544,-121.4514,-18.9576,55.0030
-51.7768,-126.2769,-38.3142,-38.3957,-10.0082,118.7825,31.1893,122.8479,72.7300,65.0810,68.3143,-50.5286,8.1529,30.7855,94.0396,87.8662,-138.8099,-34.4891,79.2147
-40.9447,-105.8908,-29.3801,-25.0544,-15.6632,109.7536,-18.0265,99.7437,43.5327,40.9564,82.4100,-57.8983,-11.9797,16.5343,50.3217,46.1108,-97.8256,-16.5806,48.2022
-21.8207,-66.7505,-7.0291,0.5150,-16.2096,119.2381,-37.8301,43.7430,1.1963,2.1109,46.2365,-51.8075,-33.8993,3.4241,24.9453,16.8620,-55.8175,12.8117,16.5987
-26.5354,-59.5357,-13.1198,3.6204,-11.4352,154.5497,22.5162,21.5434,7.6637,13.0573,-19.1138,-40.3321,-19.5021,1.6824,51.3362,22.4137,-53.7534,17.0337,36.8925
-43.5645,-60.8233,-48.7356,-8.1530,-24.7681,160.8255,94.6892,31.6446,57.5832,9.8412,-82.2107,-31.9270,14.6776,14.3418,88.1477,37.0048,-70.3874,8.4709,52.0158
-25.2327,-36.2493,-52.1777,-2.4184,-51.1981,134.2447,86.6449,42.1492,72.6230,-58.0435,-106.7773,-24.1969,21.6928,33.3812,80.4980,22.9580,-63.4972,19.0631,17.5074
13.4246,-23.8781,-17.9108,16.8015,-52.4476,136.8933,21.9408,54.5492,32.5196,-112.8022,-72.4756,-37.0748,1.3696,35.0532,38.7832,-19.3590,-35.6536,41.7996,-14.7913
20.3308,-33.9332,1.6108,26.5826,-31.3722,160.3599,-20.5175,55.9838,-13.9338,-116.8659,-11.1208,-69.7292,-11.5402,5.9940,5.2579,-60.1583,-15.8855,53.0659,-14.2884
11.6816,-18.8642,12.0030,26.9845,-19.6829,156.1754,-33.7293,27.7417,-46.0597,-117.5360,28.0643,-73.4769,-9.8729,-22.6461,-8.4103,-72.2411,-4.7084,47.7025,-17.3554
20.8834,2.6636,37.6218,27.1112,-8.1857,152.8544,-39.6682,5.1055,-57.4222,-102.1681,25.1174,-48.1895,-7.7116,-19.4013,-4.6299,-52.2059,2.5663,35.7908,-26.0397
24.0648,-17.7577,48.3249,28.7714,17.9391,177.6266,-23.8723,16.2516,-32.5752,-44.9407,-11.7871,-42.3950,-8.7696,-4.6667,16.6592,-26.2362,-10.4346,32.3924,-3.4137
12.8787,-45.2001,37.4905,30.5803,31.3334,184.3682,2.3881,29.4328,-4.1378,-3.1328,-41.9682,-45.1411,-14.3715,-1.6139,36.3838,-14.8903,-36.8273,37.1832,35.9855
14.9491,-42.7358,38.0180,27.5691,23.1405,162.8925,-3.5484,28.3907,-4.8927,-9.1633,-29.5456,-27.0754,-23.4889,4.5352,37.7022,-6.3869,-44.2450,31.2604,47.3440
14.1322,-32.4273,37.7947,20.1255,25.5006,156.6364,-22.8802,32.0914,7.4030,-14.0540,-15.1030,-13.1645,-19.0065,14.1226,34.3951,3.8280,-30.8609,14.3669,39.0709
-15.0714,-13.4572,13.8491,14.7237,35.9496,150.9363,-1.1126,32.3923,50.9312,13.8575,-47.8782,-3.3794,9.4011,6.0074,33.5866,-4.1451,-15.5776,4.3139,45.5086
-38.7551,12.9757,-9.6389,4.6662,20.0326,109.2354,43.1264,13.5612,66.5216,55.6211,-73.0848,31.6897,38.8815,-4.8393,22.6614,-22.2184,-4.2654,-4.3000,55.3291
-32.6023,-2.4685,-17.4253,-15.5204,-11.7451,67.8542,46.8650,-8.0986,37.0070,77.1035,-25.0822,51.3352,37.3050,3.2500,11.6712,-14.5682,-8.4989,-21.5108,39.8557
-24.9955,-48.3986,-17.8317,-25.7871,-18.6791,67.1353,8.1886,-19.7175,6.0161,61.9476,44.2849,15.0675,6.9017,6.7916,17.0208,15.4577,-29.5966,-29.0283,12.7212
-24.3293,-55.0047,-4.1581,-16.2497,3.5491,81.3417,-19.2656,-28.6451,-9.2247,46.7827,57.1845,-16.0849,-12.5298,-2.4781,23.3453,34.8268,-33.6461,-21.6236,-1.7584
-11.4115,-36.5453,9.9329,-13.5856,19.8894,79.1954,-15.8834,-45.9959,-7.2655,54.4371,33.6347,7.0872,0.1044,11.3695,20.1701,42.4342,-9.8354,-27.9778,-19.7412
4.8545,-42.7943,-7.4703,-30.9186,-0.8345,63.5158,-21.4340,-80.1873,10.6618,25.6865,33.3452,35.6150,6.9552,44.2384,21.0079,53.4995,8.9394,-52.3799,-57.5830
10.4002,-45.7777,-30.4159,-38.4727,-39.8596,55.3753,-51.7385,-104.7220,11.9656,-45.7848,44.8088,33.8506,-22.2090,55.9890,23.2657,60.7412,16.0486,-56.9152,-82.3998
21.6872,-20.9303,-11.1288,-14.5861,-39.2687,83.3779,-58.3776,-77.9327,-7.5679,-65.0373,8.9614,39.1002,-43.4235,61.2338,15.0055,51.1451,33.8844,-26.0727,-64.2453
50.0260,-4.8010,30.9926,12.9034,5.7116,133.3230,-30.3500,-38.5498,-2.2150,-39.0370,-50.1879,68.7098,-16.0233,81.7599,8.7069,22.6496,49.1570,-3.1480,-32.8362
74.0368,-20.8280,47.6766,0.8315,26.0078,134.5691,-31.6611,-58.4643,26.0447,-65.2759,-19.0320,70.4176,18.9911,64.9793,17.6733,-19.5011,25.0026,-33.7003,-22.0601
68.6760,-68.0632,27.6784,-47.5249,-4.6327,73.9010,-69.9175,-99.6595,37.8478,-108.9483,112.9519,0.4673,19.1553,-16.5654,33.1248,-60.2561,-38.5870,-92.4194,-13.8852
42.7405,-131.3049,-11.9301,-86.0108,-37.9383,25.8692,-71.9312,-91.3145,37.9272,-97.3015,210.0791,-95.8764,15.2593,-87.5132,44.1243,-85.2971,-98.4412,-117.4513,-0.4383
31.6575,-158.2512,-43.8912,-97.7873,-57.4141,9.3123,-33.6908,-76.5429,26.8666,-97.8949,225.6894,-139.3832,37.5060,-96.3627,42.7476,-94.9095,-108.4733,-110.7925,-24.1161
43.5916,-135.4717,-52.7821,-108.0139,-82.3613,-28.9555,-24.9081,-100.9657,-9.7345,-138.5761,242.2700,-137.2963,52.9116,-88.5469,26.7445,-90.5829,-73.3277,-117.0512,-82.8152
44.8565,-123.5566,-51.8852,-112.4248,-89.7104,-68.5360,-45.6846,-100.2907,-25.9000,-117.9371,245.4445,-148.7504,29.6600,-94.7956,15.5170,-71.4265,-50.4275,-119.0292,-96.9008
23.4355,-126.1158,-47.3882,-81.3265,-57.9775,-41.8238,-42.6760,-45.6464,6.4839,-49.4090,165.2118,-156.8019,-2.5188,-85.9012,22.9965,-50.3423,-60.4749,-77.4414,-46.4889
12.3313,-85.9366,-27.0058,-37.5189,-22.7971,18.6443,-17.6331,-13.2384,19.8317,-56.2330,76.1084,-117.6387,-0.4492,-56.9382,32.1427,-37.7202,-55.7484,-32.5683,-13.7412
28.1136,-31.4254,-3.7542,-29.2092,-13.5916,32.0259,-2.9652,-27.2322,-9.8950,-106.8359,60.2394,-73.8495,17.1838,-39.7496,33.2902,-23.6446,-16.9304,-36.8542,-24.9821
46.1957,-28.7225,-0.5185,-48.0698,-21.3921,6.6302,-2.8295,-19.2530,-13.4805,-77.1787,50.4488,-75.0016,-2.4682,-41.5511,41.7126,-0.6101,10.7057,-61.2868,-6.9375
38.7686,-49.8745,-8.1782,-58.6488,-34.4220,-0.9064,-4.6771,37.3315,22.2235,17.3932,6.6719,-86.0104,-47.2970,-41.9901,60.1533,30.7103,0.8755,-65.5006,57.2103
1.8829,-43.7601,-16.3144,-55.2427,-32.2808,14.6028,3.9579,91.1629,47.5144,81.8004,-13.5424,-70.0819,-52.9126,-29.3695,70.7560,67.6919,-16.1565,-59.0484,94.7753
-36.0138,-20.6086,-25.7597,-42.4899,-1.7316,22.1770,21.2886,95.1216,52.6375,96.8230,-14.5504,-48.0968,-19.5306,-17.5467,61.6966,83.9118,-9.0526,-49.3739,80.6280
-44.6354,-0.7027,-22.3682,-25.6864,16.3870,10.3106,28.3181,63.4200,41.9836,106.7931,-35.6464,-45.9518,-9.4695,-34.4760,40.0000,56.6392,6.9050,-29.4713,65.6989
-47.6648,0.4850,-10.3654,-23.2646,-7.5091,-1.3768,22.6933,59.0908,25.1036,158.2879,-49.0546,-71.8372,-38.0763,-77.6326,33.6997,32.9174,-10.9517,-14.2334,86.3908
-80.8249,-34.6656,-20.8592,-43.2115,-27.9414,0.3497,13.8823,104.3563,52.5210,253.9718,-42.6415,-118.3396,-72.5369,-106.0093,65.6492,75.7435,-64.7583,-26.1728,128.4368
-108.9693,-76.0012,-47.6917,-76.9613,-25.4295,-21.3190,-12.2245,124.8842,123.9120,325.7152,-39.7261,-152.4027,-100.0656,-107.0063,110.0461,152.5528,-97.7799,-70.7001,144.1531
-91.5334,-77.1024,-60.1993,-114.0329,-46.8332,-94.9920,-52.1704,71.2861,161.9037,316.4338,-30.0287,-153.3606,-117.2607,-107.0745,125.6496,189.5568,-84.7913,-126.3447,102.0346
-68.4018,-52.3240,-59.8855,-124.7584,-78.5449,-151.8604,-59.8820,25.6573,151.7445,263.3611,-26.7811,-137.4630,-111.9367,-100.7859,119.7107,190.4599,-71.9424,-140.2196,47.4388
-71.0771,-33.8165,-47.7417,-83.7287,-53.5818,-116.8782,-30.8535,59.4190,134.0808,221.2327,-59.7283,-115.7800,-89.8954,-65.7245,110.1507,184.7398,-77.7674,-88.0667,41.5946
-60.3837,-18.3384,-12.8242,-27.5645,1.5228,-40.4032,-15.7751,100.0030,94.3409,178.3190,-74.3004,-83.5606,-64.3452,-26.9861,80.5466,149.9318,-64.7713,-25.4116,51.0474
-28.9299,0.6214,16.1789,-5.0098,8.8505,1.1136,-26.8474,72.0151,31.6372,113.6016,-33.3459,-38.1386,-38.4774,-4.6980,33.7431,90.5128,-28.2984,-4.2684,18.4711
-21.6585,24.1979,13.2195,-0.4631,-16.0462,26.4315,-36.4023,28.5560,2.2058,53.6877,-7.9081,24.3946,-20.8662,30.5337,5.5606,69.8932,1.9738,-2.7418,-24.4257
-31.9911,48.6090,9.1281,9.1825,-18.9696,54.7532,-33.4452,30.7182,1.8951,29.4098,-15.7210,79.0617,-7.7717,73.1328,-0.4934,88.3852,18.2951,2.9293,-37.4932
-19.0353,42.4374,16.4482,3.5258,-14.5203,53.9397,-11.7536,46.2462,-5.7461,32.3349,-4.3567,72.1971,20.5726,74.6708,-1.4618,77.0172,16.1115,-2.2277,-46.1682
2.0668,-0.2568,5.1370,-17.0289,-23.6941,37.9160,26.3582,44.3836,13.8302,39.9469,-14.3043,12.1193,46.1606,47.6709,16.5552,46.5850,-9.3880,-14.3967,-58.4069
-3.3748,-20.1756,-13.4835,-17.4556,-17.1140,38.2491,48.4792,50.6168,61.5211,47.3888,-81.9328,-32.5430,34.4049,36.7151,51.4639,63.6699,-28.9940,-8.9463,-47.0938
-21.6810,4.6669,-6.0557,6.2671,15.8724,24.2106,45.9293,72.1362,62.1805,56.2628,-119.2573,-43.9261,10.3481,26.8266,57.0077,90.5601,-24.6014,16.0174,-19.5034
-25.2600,16.4190,10.9071,29.9741,42.5887,-3.7262,52.9180,88.2039,24.4942,65.2339,-97.5689,-42.9039,13.3753,7.5699,27.4899,56.5885,-26.1574,46.4919,7.5297
-18.6086,-5.2404,15.1351,42.4528,45.5166,13.8887,70.8326,102.9189,15.6878,78.1022,-92.0711,-22.3550,20.7451,20.2291,13.9923,23.0505,-43.6326,66.8905,35.1638
-20.1081,-18.5672,15.0580,42.5361,32.8077,57.1575,70.9252,115.7472,8.8946,84.7939,-94.9686,0.3578,4.2776,55.5155,29.6035,62.6245,-51.9371,68.4828,40.8686
-29.3436,-15.0831,5.1431,35.6227,8.7658,58.0872,65.2586,96.6974,-23.7165,55.5052,-74.0259,-13.2884,-15.1965,55.4569,40.9704,100.7543,-50.8945,66.2053,14.2018
-27.6388,-12.3333,-20.3896,29.1726,-19.4715,38.6544,75.3064,57.4360,-16.7064,2.1593,-89.9957,-26.7050,-18.7218,39.5488,44.3678,77.8911,-46.4559,65.3919,-0.8996
-11.9140,3.1332,-32.3340,16.8696,-33.8111,34.1654,82.6753,54.8784,34.0155,-13.7651,-140.9519,14.3258,-13.1446,67.1074,56.4525,80.6973,-22.7519,41.7933,9.2500
-6.6457,40.3498,-19.3050,3.7186,-29.0796,13.9742,72.3952,80.2478,43.7922,14.0327,-143.2256,73.7438,-5.1534,110.9578,58.6272,139.3207,13.2843,9.7240,3.7763
-21.5340,74.6318,-11.5463,12.6780,-23.8548,-12.0594,56.2257,61.7878,19.7352,28.6152,-127.6078,98.3217,-3.4151,106.0302,31.1220,138.4846,34.0791,16.5684,-14.1924
-35.4750,86.9660,-21.3054,28.1145,-37.2843,-4.8716,42.9148,-0.3605,32.4817,28.9478,-159.8537,94.4024,-13.8989,57.0096,2.7345,54.9424,37.4533,40.0120,-6.7763
-37.1984,81.5651,-28.1077,17.1310,-58.1880,-3.6869,34.0739,-29.8611,53.2142,54.1929,-174.0206,76.7615,-25.6776,13.9088,-0.0042,9.3855,33.9278,30.2324,13.0454
-30.3679,70.1147,-14.2956,12.0473,-47.9481,-30.6801,25.0653,-6.7353,18.8640,76.3519,-129.6386,49.1982,-33.9162,2.3980,-5.2598,24.5764,31.5164,27.0770,13.9254
-10.0764,64.5666,20.3655,54.0111,4.3678,-23.1780,0.0746,13.6585,-41.2381,53.4297,-108.5624,21.2668,-47.8966,6.2050,-41.2243,4.0866,48.0466,78.9510,0.2536
15.6901,66.5784,53.7620,98.4086,53.4229,15.7579,-36.1912,0.4011,-72.9538,15.6822,-125.5879,-6.5227,-63.6684,-4.8562,-77.3185,-52.1658,77.2808,128.8174,-14.2182
20.5411,66.1142,61.1073,95.1411,63.3044,12.6290,-51.9985,-25.6537,-83.5588,-1.1232,-102.5411,-17.9344,-69.7994,-23.5408,-76.0161,-56.9306,80.2190,118.1609,-15.9140
5.5710,61.9884,56.3641,76.8351,61.6837,-14.8625,-43.7302,-36.5523,-97.7312,0.3232,-39.4777,15.0307,-66.7933,-19.0571,-59.9828,-18.8536,56.9461,86.9431,10.0613
-4.0159,62.7408,69.1005,78.1338,80.2697,-8.1829,-35.9766,-12.8194,-106.6324,33.2664,-4.9485,51.0575,-54.4941,-10.8430,-63.9936,-14.4986,45.3452,80.1553,50.5207
-6.4499,62.0779,83.7787,74.3951,96.3304,9.4014,-22.4050,43.5262,-85.3962,102.0438,-22.7976,25.3968,-35.8472,-34.7859,-62.7455,-34.6937,41.4438,77.0910,84.3450
-14.0565,35.7255,63.8344,48.3957,83.3487,7.5867,14.1187,92.6842,-30.0415,156.0180,-68.9810,-28.3670,-31.8883,-55.7631,-19.0251,-13.3178,13.6892,56.2361,115.6389
-24.5634,-16.9216,16.3704,22.4300,55.1437,-1.6509,41.2455,102.3919,28.5101,162.3446,-101.8319,-48.1635,-52.3228,-32.8171,33.4296,41.8812,-25.6313,35.4839,132.7101
-34.8457,-41.2031,-20.3204,14.9863,26.0932,-21.0436,15.5055,88.8806,57.4876,139.7822,-99.3582,-46.0153,-74.6329,-4.6715,33.0485,61.5118,-32.6770,34.4248,103.0774
-44.1585,3.3151,-27.2150,24.8519,-2.2288,-37.0845,-39.6749,70.9840,61.8700,92.2104,-96.5594,-35.8701,-77.3633,-4.2022,-6.9342,32.5588,-1.1473,47.8200,41.9650
-41.8862,54.1056,-15.9545,40.9900,-11.2909,-13.3772,-61.1666,45.1380,61.8792,23.4626,-117.7885,-7.5079,-65.6166,4.6281,-19.2499,16.2411,20.9447,58.6082,1.7462
-25.3893,30.8710,-9.1203,45.6055,8.7902,22.6444,-32.6273,34.6342,57.6641,-13.6353,-123.0626,7.6924,-53.7805,39.2141,10.3132,46.1924,1.9716,57.1616,0.6151
-9.0894,-22.9696,-13.8425,30.9965,27.0062,25.8023,15.3262,70.0226,44.3745,9.2302,-98.7165,-6.4892,-39.8101,63.7896,35.8782,79.0541,-17.2788,44.3162,24.6048
-2.9801,-21.8185,-17.7071,14.3098,21.3232,22.2548,61.0442,112.6616,26.5747,39.0975,-84.9622,-5.2908,-10.2802,58.1517,31.4695,63.2071,2.1704,30.3202,54.9569
-9.4517,10.1814,-14.5157,18.1483,17.5379,31.0200,93.9283,106.6980,7.7733,31.4626,-81.6777,16.6167,28.2271,38.6440,12.0356,13.8225,16.8171,35.0270,64.3452
-28.6021,13.1507,-12.9617,37.1498,35.6659,27.6124,105.3108,78.2849,-4.7480,11.3681,-62.3364,22.8301,55.0900,33.4217,0.7117,-3.6780,-11.6011,57.3937,39.8560
-44.3383,4.0457,-16.1198,37.1126,50.0957,25.1855,110.2866,72.0382,0.8676,4.3000,-39.6031,25.8087,78.2018,54.5730,13.4836,35.3300,-39.4476,53.5600,2.0845
-36.9846,3.9708,-17.7720,2.0207,31.5869,32.5519,120.6770,57.3721,13.6419,-7.6002,-12.5582,29.9460,111.5341,63.2832,42.3471,69.4098,-44.6636,3.3103,-34.4739
-18.7059,-10.5542,-20.2716,-37.7111,-11.6221,1.9221,107.6839,0.4918,7.8189,-35.5228,41.6922,-11.5173,122.1185,16.6256,55.2407,47.8523,-64.6747,-42.1516,-76.6907
-16.2333,-38.1364,-32.5831,-54.4851,-44.1753,-61.3466,69.0511,-55.7373,-7.2343,-51.9201,84.0218,-85.9867,84.9301,-43.1940,53.7141,29.9705,-92.0292,-49.0705,-111.4428
-24.8657,-53.0435,-49.7683,-59.9068,-43.5987,-90.5206,62.1485,-64.8603,-3.0956,-39.1272,65.4748,-121.0674,46.5463,-49.6055,72.6175,76.1090,-90.8833,-50.1781,-113.4668
-19.2413,-48.5481,-53.1060,-58.2232,-32.5574,-87.6585,85.5123,-57.0350,2.7021,-39.3356,30.1457,-104.9360,45.2663,-25.4012,87.2887,106.3674,-75.2320,-51.3240,-103.6118
2.8719,-22.7312,-38.3568,-35.9250,-48.4071,-91.7298,64.4590,-87.2136,-20.5248,-95.7749,32.8565,-72.1071,49.8503,-23.6891,43.9778,35.4231,-58.3633,-23.8418,-124.9430
18.9415,4.7881,-29.0296,-16.5249,-77.9331,-89.6582,7.6424,-138.2614,-36.5512,-159.9941,50.6908,-39.0502,38.6396,-33.1341,-10.9296,-52.3210,-35.6712,-1.3321,-152.7434
15.2432,-8.2231,-38.8949,-28.1040,-75.1576,-74.9410,-8.4434,-132.6609,-2.7380,-158.8414,62.1050,-23.8587,33.1880,-25.9081,-1.5324,-49.9802,-37.4504,-24.2836,-123.7768
1.9512,-33.9946,-41.8988,-32.4440,-41.0947,-62.8768,1.9264,-62.7777,23.0530,-131.9416,84.9530,-22.6608,37.3014,-6.9952,21.5429,-13.0521,-60.8039,-36.8075,-64.9586
-2.9705,0.8744,-15.7612,5.6890,-14.8544,-34.5162,-13.7719,-27.0977,-27.5401,-159.2991,110.0472,13.1364,42.8384,14.9938,-18.7996,-30.9502,-37.8729,5.3439,-60.0502
6.0555,64.3560,18.0376,37.8082,-2.8711,7.3218,-22.4462,-59.3318,-92.0493,-194.2878,115.5438,82.1313,64.1634,31.2441,-70.4360,-73.8735,21.0506,33.4911,-86.0556
19.4492,70.1492,32.3501,21.8463,9.2058,14.0440,1.8221,-57.3866,-82.8250,-148.8059,117.5171,117.7444,94.1912,31.0246,-69.8053,-89.1441,35.9428,2.5282,-55.2493
24.1044,41.7324,29.8652,1.1922,14.3388,-8.3587,5.8126,14.3169,-46.3074,-69.3424,127.7764,111.6550,92.9085,28.0895,-66.6123,-93.4332,27.5620,-21.1365,9.4413
13.6843,43.5785,22.0513,14.4495,12.8111,-12.4327,-21.6106,51.8655,-57.9882,-35.1873,125.7168,114.3016,58.8243,35.0716,-99.3818,-102.6567,57.8204,3.5180,32.9400
-8.1062,57.2960,12.9047,29.8500,21.4130,-6.6402,-26.8503,21.1362,-75.4717,-6.3343,101.4956,128.2252,35.4721,32.8084,-117.3348,-97.7358,86.5907,24.0395,33.6956
-27.0693,52.8530,4.5488,17.9633,25.6280,-19.4376,-8.8323,-1.4297,-40.6112,52.2683,68.3394,121.6308,40.2027,16.7137,-94.5010,-74.8628,67.6687,7.7335,36.8503
-26.0634,39.7915,-5.4024,-2.6726,0.0138,-44.1239,-6.7925,-7.6032,0.3137,66.5254,49.0974,94.6418,50.0830,13.4388,-70.1062,-53.7993,36.6462,-11.6495,-2.1048
-1.3982,15.0060,-13.7349,-9.0496,-25.8011,-67.1943,-20.4550,-36.0329,-7.7907,7.7345,65.2914,65.3785,47.9504,25.4423,-69.1831,-54.0454,24.0051,-9.7351,-68.0762
32.8114,-10.8079,0.8021,2.3166,-8.1351,-68.6096,-36.2144,-52.3206,-37.2911,-38.8737,93.0930,48.0604,40.2729,28.5398,-83.8454,-83.2095,27.9343,3.5274,-80.9731
60.0683,1.4886,44.1779,26.0069,30.8090,-35.4218,-56.5570,-37.2927,-51.5512,-32.8115,81.5521,51.4265,36.2183,17.3553,-103.5215,-126.0748,47.7584,20.8316,-51.6892
71.3287,35.5742,84.0099,47.0756,48.4030,-8.0899,-76.9311,-41.2499,-61.4208,-19.0132,53.4727,62.0458,32.5149,1.6048,-117.5585,-152.0149,60.6734,37.1080,-46.1247
62.9884,45.6604,95.3148,50.8219,56.2032,-19.8316,-94.1646,-64.1047,-75.9359,-9.7376,68.7061,61.5607,22.1607,-12.1942,-119.5710,-140.1143,54.9221,36.9087,-53.8510
45.4277,48.5010,92.3543,42.1438,76.1449,-37.7149,-112.4606,-61.9312,-76.1534,12.3357,93.4946,56.3337,7.0796,-16.9260,-110.7159,-95.9361,63.3180,17.7673,-44.2061
41.7941,58.1805,90.1781,31.5151,84.8190,-46.3970,-117.0959,-46.9556,-51.7620,27.9972,70.7485,47.1169,-2.7413,-16.4118,-89.6191,-56.3580,75.2578,-1.6726,-35.8287
53.2971,37.2348,74.9649,13.9267,56.6788,-71.4762,-97.0429,-41.5019,-19.0348,20.7846,43.7146,15.5906,-3.7969,-25.7214,-62.1725,-53.9940,46.7435,-13.2068,-36.7637
53.6729,0.2022,37.4658,-12.1702,8.1243,-97.1076,-78.6253,-39.3867,2.6833,3.9164,46.3422,-26.6201,-12.3750,-40.9607,-40.9254,-59.9989,17.3787,-25.9865,-36.4053
38.2604,6.4153,4.3703,-26.2854,-29.6287,-95.8270,-81.3513,-56.2530,7.1519,-17.4447,24.5095,-39.4459,-43.1760,-42.4318,-24.4013,-27.8800,36.0573,-34.5340,-45.2157
30.3518,38.2910,3.4537,-13.4220,-38.8187,-82.5884,-81.0104,-87.0666,-3.0538,-37.8194,-25.1599,-16.8558,-68.5912,-28.0663,-13.6444,9.1740,54.7583,-20.9336,-58.6016
30.4732,45.3631,16.9842,8.9806,-19.1179,-58.3210,-52.0254,-81.3608,-14.0578,-38.9607,-46.8211,7.9618,-48.7565,-12.0503,-17.5969,-1.2608,45.1038,4.9420,-51.1538
21.1553,45.1121,9.6458,16.0321,4.1622,-20.3515,-12.6393,-53.3727,-7.0692,-33.0335,-60.0822,17.2500,-10.3528,-0.8957,-21.2345,-19.8691,56.2583,13.1432,-35.6269
12.9237,59.9571,-11.3676,12.1973,3.6443,-10.5463,-6.9951,-65.9767,6.5603,-54.3256,-87.3220,27.2548,-11.0803,11.5885,-16.3846,-4.0171,90.9510,5.3500,-43.7414
22.5079,61.3214,-15.3702,18.4608,-9.7364,-26.8728,-37.3579,-96.6645,-10.9816,-96.8797,-67.3207,52.2801,-33.1045,32.3388,-34.1501,-4.7874,103.6823,11.8785,-65.2716
31.7664,38.6827,-12.5903,31.8304,-15.6290,-6.8601,-42.1337,-95.9421,-50.9570,-126.7355,-10.7754,76.6253,-23.9312,53.6823,-66.4404,-45.5863,94.9102,34.2445,-69.7279
19.2945,19.0427,-34.3133,26.9705,-27.4960,32.6647,10.2900,-92.1987,-51.7440,-132.0065,-17.3063,76.8763,0.6466,58.0681,-50.7234,-53.9713,77.7881,37.7690,-55.3756
-1.8800,12.2314,-63.7605,2.8686,-48.6498,23.6063,57.0724,-98.4746,-8.2538,-115.5976,-60.7703,58.7910,7.6270,45.5440,-0.1621,-13.6596,48.0820,13.3189,-41.9685
-6.7203,7.8676,-54.3294,-4.4604,-40.6850,-5.9165,46.0136,-68.0424,5.5869,-80.6526,-36.1874,46.2499,15.1054,34.8129,0.5555,-7.0464,25.7712,2.5792,-34.5168
8.1349,6.4414,-6.3311,24.3403,5.3739,3.8820,24.5243,-10.9285,-37.7939,-45.4186,13.8938,47.0966,31.0637,34.8421,-44.3005,-48.7567,24.7236,34.4232,-19.9341
21.7804,21.3966,30.4299,59.9589,45.3493,30.2417,39.9762,9.0003,-77.7875,-39.0038,-9.2272,56.9301,33.7941,42.4779,-58.9055,-60.8084,33.3877,74.8879,-4.3021
17.6310,53.2499,31.7846,73.5348,67.6014,39.6176,57.0019,-10.7967,-73.1101,-64.2231,-65.7616,70.5261,31.3906,53.6294,-42.4409,-28.5629,57.8866,82.1262,-9.6121
10.0810,72.3115,28.7120,75.4646,98.0927,39.4602,41.4320,-25.4036,-54.2880,-80.7329,-75.7737,74.1941,36.0962,55.9594,-41.4166,-13.4888,87.5575,70.3134,-20.3446
16.5790,61.1095,45.6365,77.3412,118.0954,26.6249,15.0863,-23.5252,-57.5111,-57.7322,-49.4182,61.4124,27.1162,40.8949,-50.9004,-23.9227,80.7719,67.4322,-11.0075
22.5697,50.2023,60.4293,67.4798,96.2398,0.0403,-4.0206,-23.0185,-76.3559,-27.7489,-17.2253,49.7040,6.1831,26.2107,-48.6159,-12.2997,52.8701,60.5756,-11.0678
17.6559,50.9586,53.0384,45.8233,64.8941,-16.0743,-27.7845,-31.8428,-81.1807,-30.9897,21.2206,51.3785,-3.0596,29.0711,-43.2400,16.6555,49.3510,35.2225,-35.5632
18.1620,24.4128,38.0215,27.9246,57.6056,-16.4277,-62.3319,-38.3779,-52.0674,-38.9750,59.2368,54.6758,-13.8218,33.6394,-41.8686,12.9112,44.4448,7.7776,-26.8801
16.6805,-18.3872,24.2949,12.0330,45.6651,-15.6370,-92.3691,-28.4903,-2.1711,-12.9962,83.1498,53.7905,-35.5648,22.0306,-36.9879,-15.4976,12.0583,-13.0781,26.4195
-9.7651,-15.4463,4.2687,-5.6832,13.5184,-17.5402,-98.5921,-10.8631,30.5391,19.7619,88.0343,58.8665,-39.4263,7.9347,-31.1745,-16.9999,-3.4975,-30.3117,51.1817
-36.2374,13.3977,-11.4009,-7.7279,-3.3726,-23.4799,-82.0668,-2.8002,31.7354,25.5564,74.9869,70.4235,-25.9055,11.1070,-32.1922,0.3423,4.7793,-28.0105,36.3916
-32.4402,2.3080,-12.7128,7.9582,4.5768,-23.2409,-61.4555,-1.7469,28.4503,11.9163,57.8959,81.6383,-24.2299,29.0643,-31.4090,-2.6477,-10.8131,-5.3943,42.2700
-24.0698,-22.1023,-17.3471,12.1276,7.4939,0.8983,-37.3308,-3.8536,37.2575,-17.1900,48.1793,94.0405,-23.1920,48.3858,-10.0516,1.0295,-36.6928,-1.0644,64.8420
-27.1657,-8.6730,-29.3387,-4.6941,-3.3291,20.7560,3.0859,-14.1349,32.7830,-51.5870,38.4557,101.9576,-3.7062,57.7998,23.4656,39.1691,-28.4408,-24.7383,58.7465
-13.9337,6.2092,-28.2221,-16.4628,-12.2296,-3.8106,35.8189,-21.7779,3.0017,-55.2099,30.9920,83.1186,13.0612,46.9761,26.7860,47.4131,-4.6721,-33.1266,32.3449
11.8365,-15.2708,-15.1585,-10.0437,-5.5467,-41.8055,23.6252,-15.9534,-14.0453,-34.7505,38.4359,26.1457,12.8804,14.3256,-4.4582,-9.3158,-2.6027,-12.3540,10.1323
18.9371,-40.0398,-5.9649,-3.1727,16.6416,-52.0075,-13.9844,-10.7011,4.9007,-31.9070,45.9987,-41.7975,3.5888,-22.1387,-12.3658,-42.6440,-20.0961,-1.6521,-4.1253
14.9691,-43.8437,-3.4290,-12.1328,26.4086,-60.3654,-26.6622,-9.9372,35.2154,-25.3196,26.9780,-72.4412,-16.6107,-38.4139,22.3613,-3.4819,-38.2385,-19.1090,6.4342
10.9736,-47.4478,-17.4995,-33.6865,1.6738,-86.5954,-0.1120,11.6941,68.2496,27.3607,-12.4811,-57.5903,-34.0600,-32.5163,53.2696,35.6407,-49.4130,-42.0247,50.8843
-9.6215,-65.2713,-55.0261,-56.6040,-27.8755,-108.1312,43.3463,64.0092,112.6490,82.5331,-33.3675,-51.2079,-22.5168,-24.9917,67.7355,42.6835,-66.1937,-56.5135,95.1996
-33.7164,-86.3835,-86.9763,-71.4855,-34.5608,-127.5911,68.1705,113.8975,135.3598,76.0687,-8.5910,-85.4846,-1.7899,-27.2162,84.2692,58.8572,-94.2104,-64.2294,102.3542
-31.3833,-86.1169,-91.1632,-68.5383,-39.9663,-150.3038,55.4720,118.7380,112.8919,28.5276,25.1651,-100.7761,-4.6221,-23.3682,76.3988,64.0702,-95.3992,-56.5069,77.1409
-17.2569,-52.2482,-82.7236,-42.2756,-46.9205,-139.1239,32.3018,80.0818,84.0694,-4.8230,9.4205,-39.0187,-11.3850,4.4506,26.9532,20.9258,-45.1062,-27.7743,53.1426
-7.3380,-12.1801,-61.7369,-6.6732,-27.5213,-92.6051,23.7741,42.6850,57.6121,-16.2708,-22.0651,41.6003,-1.7265,38.8253,-20.5362,-22.8759,9.5068,4.2510,42.2064
16.1359,5.7887,-17.2326,14.3573,0.5479,-65.2799,2.1943,21.1205,-0.9130,-31.2135,2.4468,50.2684,-1.0950,36.8464,-44.0649,-38.4176,32.0613,20.3816,20.3967
42.6390,11.1746,20.1410,17.5408,8.8835,-63.5463,-39.6479,-8.2978,-48.3087,-46.6686,37.0178,4.2513,-20.1409,-7.1133,-57.3962,-63.3753,43.4769,21.1306,-4.1321
37.3109,11.6584,21.9056,13.2481,16.2028,-51.9913,-50.4959,-22.4781,-25.3592,-21.1119,12.7808,-18.4729,-33.0502,-37.8742,-47.1867,-71.6730,45.3243,12.0188,12.8724
11.4904,5.8765,9.3501,0.1084,17.9041,-44.4012,-30.5832,13.9870,5.8767,43.3493,-6.0945,-4.3735,-32.1818,-18.5989,-20.2159,-14.2897,31.8498,-4.8867,38.8407
-4.0351,14.5887,-0.1355,-17.8348,-13.9086,-63.6434,-40.5337,43.3368,-9.5501,73.5681,25.4943,1.6466,-31.6064,3.6625,-23.6278,36.4231,37.8083,-18.3433,2.6080
-14.1474,34.1772,-16.5469,-23.1405,-39.6522,-80.8081,-73.9686,6.0256,-4.6906,48.5614,27.3028,-25.3620,-36.7128,-26.2208,-44.7674,6.5528,60.7397,-19.2946,-44.9539
-25.1168,24.0093,-33.0809,-18.8579,-21.7213,-78.7096,-84.2501,-45.0770,39.9467,29.7734,-7.2350,-64.4391,-48.1023,-75.0957,-35.5909,-36.2168,52.5183,-18.6632,-28.7233
-20.1943,-1.8509,-29.9980,-16.9411,-7.6159,-77.1378,-90.4721,-63.0157,38.9105,20.7190,11.0328,-73.4083,-56.9287,-77.9330,-26.9299,-34.6649,30.7876,-19.5621,-21.4515
4.0828,6.8636,-4.9014,-4.9859,-13.0573,-70.0076,-113.2576,-80.3843,-19.4893,-21.6184,63.7819,-41.7118,-43.8391,-44.5290,-60.0174,-42.7609,45.1187,-6.4908,-79.7793
28.2794,25.6182,27.8788,11.3800,6.7732,-44.9222,-114.5597,-97.0278,-66.0950,-52.7850,86.1957,-14.6130,-20.3576,-30.9066,-83.7258,-66.4145,67.6218,4.8625,-105.5787
32.1903,6.1856,35.9425,-5.7098,21.3285,-32.8890,-88.4122,-87.9987,-74.4650,-25.6192,102.1580,-21.9913,-26.0712,-42.9134,-48.7351,-34.3442,52.6666,-22.3119,-54.5740
12.0077,-28.4317,-0.2250,-44.4397,-15.3829,-45.4197,-72.4417,-82.3668,-34.3010,0.7599,103.0694,-30.8800,-56.6796,-42.4848,8.8785,33.9865,13.1957,-65.1527,-11.7391
-9.0412,-50.6426,-39.2332,-52.1408,-38.5371,-45.2460,-58.3778,-82.6825,49.0521,-1.6385,45.4987,-26.7316,-61.8166,-27.1791,43.4829,49.2403,-29.3607,-70.0464,2.4322
-7.9078,-69.9196,-37.0603,-39.7873,-11.1106,-36.4657,-24.7117,-53.1898,92.1800,16.8336,6.5463,-43.5638,-29.8332,-33.2075,51.1171,13.8464,-63.0886,-53.3461,24.8185
1.9145,-69.7968,-18.1158,-48.3572,-4.3342,-58.9643,2.5213,-29.3964,51.8827,38.1612,51.0175,-67.3937,0.7931,-60.3507,43.0537,-4.9652,-70.0892,-59.1895,27.9325
1.3705,-36.4989,-9.6742,-53.9770,-22.2808,-85.6874,10.0343,-43.6437,8.8523,17.5135,84.8587,-44.8514,13.2161,-62.5843,33.8493,5.2157,-58.9877,-66.8753,7.0204
-1.6651,-10.7167,1.5939,-30.5873,1.5072,-71.4315,15.7290,-38.6281,7.0044,-2.1495,60.1940,-0.7513,18.5651,-31.5383,29.8920,19.2016,-49.0425,-48.3900,13.1635
-8.1467,-9.5535,6.0382,-13.8136,34.6092,-54.9193,10.9639,-7.9813,1.6391,3.8850,53.1992,-0.3118,9.8773,-16.5352,25.1099,35.4059,-33.8774,-31.8262,30.7949
-30.0252,3.0665,-12.5392,-19.3572,20.0730,-72.1371,-13.2811,-11.7653,-7.1782,-8.3968,66.9933,-25.6954,-16.1562,-34.6828,23.0577,55.2886,-18.4622,-33.7891,20.9920
-45.5424,22.0036,-21.0245,-19.7104,4.7493,-75.9885,-23.6579,-14.2361,8.8214,-24.6629,56.4337,-24.3558,-23.5603,-43.2946,28.7686,60.1949,-23.9424,-34.5317,21.3336
-34.5029,5.6867,-11.2913,-20.8063,16.5808,-51.8509,2.4047,40.1938,33.1231,1.2089,52.4513,-10.7389,7.9602,-26.9441,32.7944,39.8995,-42.1496,-37.1621,55.4053
-28.3442,-29.1771,-30.5120,-39.9765,4.0979,-54.7198,40.1207,86.5185,66.0999,37.7317,51.9846,-18.1688,37.9722,-22.0688,35.8385,10.6774,-57.2843,-50.0881,83.6772
-47.3839,-34.9039,-67.1128,-50.0700,-27.3839,-73.6154,61.2357,76.3362,111.4880,49.6088,6.2139,-31.4948,36.4985,-38.0838,45.8725,-5.3182,-70.6756,-50.2449,90.5402
-56.5383,-19.6480,-61.6404,-35.0328,-21.8388,-46.4440,64.1636,60.6148,115.9861,52.4506,-34.2412,-30.0527,32.4245,-42.6091,49.4627,-5.9123,-70.5324,-32.7921,85.1197
-38.5600,-23.0387,-34.5913,-23.2507,3.7933,-5.1907,58.9079,56.9626,74.0366,43.1693,-15.6250,-33.8094,38.0793,-32.5859,41.7862,-3.7039,-54.3159,-23.3234,66.0781
-24.1016,-42.7888,-40.7992,-30.2240,-5.3456,-20.2948,46.0535,45.3275,56.7562,18.2255,1.1402,-67.4481,17.3928,-39.2926,44.0114,1.4139,-49.0399,-25.5576,49.4432
-26.3480,-42.1728,-61.1663,-46.6478,-48.7046,-60.3691,19.7356,40.8120,61.5964,1.4920,-1.7073,-104.9447,-25.1911,-60.9603,53.4516,18.4712,-47.7417,-34.1320,41.1743
-26.7493,-15.1508,-61.9328,-65.0097,-84.9139,-61.6713,1.0753,35.7471,32.9231,-18.1827,33.8489,-93.9640,-29.6733,-61.8045,47.9845,34.8293,-21.7459,-56.0603,17.9253
-15.3066,1.9755,-55.5554,-70.7983,-83.8068,-43.2251,21.0256,7.2684,-3.1152,-51.0478,72.6545,-43.0059,8.9939,-39.6939,33.0460,22.7415,7.0776,-72.3338,-1.7761
11.3245,-9.4003,-43.9967,-58.2633,-55.2418,-48.4179,50.3989,-10.4572,-4.1049,-44.8044,48.9548,-18.4564,26.4621,-31.8758,19.9885,-19.4879,16.3868,-61.9594,19.6412
54.2270,-25.7303,-12.7386,-51.9374,-35.5757,-71.0508,39.8584,0.2651,4.9969,12.8923,6.9527,-38.6166,4.7236,-49.5132,8.1123,-56.9427,27.1556,-54.3654,48.4941
90.7233,-27.0213,21.3728,-59.5141,-30.3758,-88.3490,12.7145,0.4974,3.6849,50.7738,-6.2659,-60.7925,-11.5262,-62.7007,8.1584,-55.9874,38.6436,-67.8869,37.3784
97.9554,-16.9383,38.1826,-56.6265,-16.8696,-90.6498,5.7125,-11.7959,-2.1488,43.2914,-14.3238,-65.6599,-9.4507,-53.4546,20.3999,-20.7852,37.6133,-70.9374,3.3259
88.2347,-3.2486,41.7995,-47.0047,-3.8091,-79.3225,-2.6371,-17.7882,-10.1479,31.9965,-20.2627,-58.6428,-11.8552,-36.1006,24.0067,14.0613,45.2905,-63.8776,-21.9177
75.4795,-1.4694,28.4519,-53.6201,-9.9691,-72.7282,-16.2463,-34.1531,6.0707,29.8027,-16.5876,-43.6258,-18.4892,-30.6898,26.7938,24.4598,50.9195,-76.3249,-22.0401
46.2569,-23.6794,-4.6162,-58.8847,-19.0840,-79.3241,-8.5819,-46.6257,52.7765,26.3255,-26.0466,-52.1766,-27.5995,-46.1940,47.5412,20.4916,10.8772,-79.7810,9.9933
2.5834,-45.0207,-29.0891,-37.5852,-17.2512,-69.4211,-6.9559,-27.3511,66.2038,18.6139,-32.2951,-92.9917,-52.6915,-69.8277,58.3056,18.5998,-42.0582,-40.2680,41.1817
-22.9327,-37.4632,-18.6312,-5.6533,-5.0731,-26.2719,-31.6843,-15.3447,22.3725,-0.8626,0.2490,-97.9512,-67.5022,-72.8577,36.4748,11.4056,-52.5979,2.6370,39.4769
-23.6724,-16.5842,17.1159,18.5434,27.6837,13.3819,-26.1323,-26.2925,-18.5268,-12.0541,39.7115,-44.2042,-31.0560,-56.1307,14.5521,-7.8910,-58.4298,18.1379,35.5822
-27.9609,-4.6028,51.5230,36.5955,66.4958,25.5943,18.4751,-6.9538,-30.8791,18.0040,47.9099,-10.6267,22.4550,-50.8442,14.8319,-18.0439,-95.5506,31.0606,52.3432
-36.4479,-2.8396,66.7425,41.4434,75.4394,40.0643,30.7430,30.8158,-33.6577,54.2886,45.6644,-19.7432,34.0924,-52.8334,22.0257,-4.8534,-116.8122,39.2015,60.5399
-21.4949,-12.7824,64.2827,33.7381,68.9641,65.1917,5.7646,25.0632,-23.7021,36.2908,47.3013,-9.5163,18.1426,-32.6937,25.2951,3.6008,-97.0937,24.5907,57.0692
5.8881,-17.0395,60.7404,40.0527,79.2431,64.7535,-11.6326,-4.8967,-14.4479,-21.4832,38.1589,23.8770,3.4304,-5.5808,17.4295,-12.1007,-67.9478,21.2302,64.2510
5.6477,13.8262,62.5930,63.0072,86.4430,45.9592,-32.2546,-19.2802,-28.9414,-68.5172,22.2905,48.5816,-23.4301,3.5188,1.3999,-12.4330,-43.7432,44.0426,69.8493
-15.7178,46.1899,59.8893,66.2623,80.0133,56.0489,-48.9842,-31.6915,-35.3566,-88.2453,22.2326,75.9539,-38.7109,14.7040,8.4685,28.0872,-32.5287,40.5421,64.2388
-18.0026,19.7781,51.5755,37.7784,89.9918,77.1697,-11.5860,-33.3526,-17.5163,-78.9937,59.4218,88.5096,11.8518,31.8214,37.3069,52.8060,-53.3946,-2.5676,58.1748
-4.1760,-31.4725,44.8910,7.7604,101.4824,54.7577,42.1012,-9.1860,-19.3731,-49.9391,127.8290,54.8952,89.0989,22.3359,35.7230,18.3880,-82.2309,-31.4417,39.1904
-5.1492,-34.4133,37.5435,-4.0502,73.9091,11.5113,28.4952,-2.0916,-35.7677,-30.9391,167.6090,24.0471,100.0119,-3.3832,3.9545,-18.5106,-79.2293,-31.1631,5.5068
-14.7164,-11.6078,28.1219,-8.2998,34.4695,-0.1847,-21.5248,-24.2218,-18.2685,-27.3573,138.7023,23.4031,51.1648,-12.8111,1.2011,-4.1885,-63.5025,-33.3783,-8.4184
-12.2810,-22.0167,18.9674,-17.3318,24.7380,0.2569,-29.6939,-25.1301,13.6807,-12.4332,90.5852,-6.6976,16.4888,-22.1732,29.7539,23.7491,-65.3671,-41.9235,3.5638
-5.4197,-46.8493,6.7699,-27.4273,26.0574,-15.1090,-3.7634,-2.0189,21.7293,16.9177,63.5228,-54.6799,8.4908,-37.2222,45.1522,30.5083,-64.4522,-42.8709,17.8884
3.4117,-41.2754,1.6933,-25.0758,22.0976,-15.1603,17.0566,8.7906,21.3417,31.1780,22.4024,-40.9319,1.3753,-21.0249,44.6215,36.3760,-39.7710,-36.0801,30.5241
28.6308,-11.9518,23.9147,-5.2591,35.0374,13.6369,29.1997,11.9242,23.2882,16.8364,-39.4265,6.3260,3.7566,11.8955,41.4428,32.1441,-8.9491,-21.2848,40.0346
54.7742,15.2647,55.5763,14.8323,61.6861,33.0208,39.1268,12.1564,19.2174,2.8175,-77.0161,21.7956,23.8409,9.0051,28.2897,-9.1266,12.8398,-6.2506,46.6235
55.3665,35.6459,57.3545,15.0496,66.5385,24.1014,51.2957,-8.1110,14.5597,19.4837,-86.6607,40.8334,35.7776,-10.5000,9.5858,-47.6433,39.2806,-9.7024,64.4549
50.9726,54.7498,44.2883,1.8760,47.1409,1.1612,58.4342,-29.4263,-1.8526,46.7428,-85.3187,82.7627,27.6657,-1.5256,-4.7040,-38.4182,79.4949,-26.1175,72.5912
68.6096,72.7163,60.3251,-5.6235,38.4407,-21.0114,37.9554,-19.7090,-39.1454,53.7541,-60.5900,93.1402,19.1406,15.4302,-19.3957,-10.4690,113.9930,-36.2966,43.2109
82.3952,81.0760,85.6038,-6.5753,48.5739,-21.8917,0.4657,3.0547,-55.8961,58.4422,-31.8327,77.5874,13.7353,15.7017,-29.0599,2.1348,127.5403,-42.5595,21.5855
63.1487,75.9149,67.5269,-8.3425,40.7701,5.7693,-11.9877,5.8848,-28.1116,75.5440,-46.7806,85.8490,-0.5855,18.3775,-27.5495,1.4140,131.4535,-44.3932,41.3062
30.2152,69.2829,19.3019,-8.7650,2.0010,28.7841,2.7251,-10.0605,5.7100,76.8623,-80.7630,104.7403,-3.2401,25.1084,-35.0882,-25.0841,130.6398,-31.1898,47.8608
12.6460,66.5321,-5.1527,-10.4894,-25.1110,21.1637,13.3822,-29.2106,15.2862,59.6334,-59.8372,109.9969,32.6772,17.0563,-59.8295,-78.7646,114.8890,-22.5662,16.2666
14.1993,57.1601,-0.7580,-21.5423,-24.6757,1.2832,10.5968,-52.0387,-3.2162,42.0035,17.6115,107.8729,75.7587,1.6055,-79.5818,-115.6692,96.8285,-38.0667,-17.6501
24.0460,46.0281,-1.0465,-32.0567,-37.2709,-7.8500,-1.0130,-82.5235,-38.9412,3.1707,70.7435,87.0005,77.9776,-8.3254,-83.8722,-118.0124,96.2443,-47.9831,-55.2760
26.4569,46.7544,-14.9409,-29.3387,-64.2458,-6.7795,-10.2245,-96.1433,-42.2668,-47.3026,45.4823,51.1906,54.8138,-11.2035,-72.7269,-105.2036,95.9241,-33.6173,-91.0577
19.8965,47.1887,-28.1231,-25.6920,-64.4176,-9.5777,0.0109,-72.3371,-0.0890,-57.9102,-9.4125,38.6596,44.8516,1.2507,-45.4142,-74.8770,82.1547,-27.3281,-83.5328
27.2757,34.9686,-32.1398,-29.2607,-49.5854,-25.6502,12.9275,-56.0677,13.5310,-64.4833,-16.2009,40.4808,43.3275,18.6279,-27.7856,-47.4702,77.2809,-35.5655,-68.0116
51.3543,26.5346,-25.3441,-23.4368,-48.6715,-34.8832,3.4050,-87.8023,-12.9578,-120.7896,0.4056,19.4864,36.9490,7.9670,-35.2268,-72.4569,81.0702,-27.2266,-89.9682
57.8866,25.5127,-18.4622,-13.3865,-39.4435,-15.2470,-2.7057,-108.0062,8.1165,-145.3678,-31.9549,-5.0505,27.9803,-21.0759,-24.9036,-104.8634,68.6316,-18.3173,-74.6474
37.7698,7.6960,-32.5401,-30.5205,-25.0926,0.8428,16.0946,-62.4956,67.5334,-80.0970,-72.9203,-8.8718,8.7064,-20.8702,22.9747,-52.8247,51.1863,-45.4797,2.5738
22.1079,-21.4283,-61.5740,-63.2379,-50.8886,-19.4286,30.8494,-8.6622,61.8041,-27.3573,-41.2649,-10.6239,-12.3470,10.1586,47.3658,30.3358,50.5785,-74.5115,22.8595
22.0369,-25.2393,-70.8446,-63.9635,-92.0152,-35.8151,31.7765,-1.7574,0.6013,-40.7143,9.4369,-11.4957,-9.0994,25.7980,15.5619,25.2293,56.7885,-54.9021,-25.9386
21.8153,-6.1239,-53.8916,-33.1428,-83.8829,-16.6080,35.4144,-19.1386,-21.8289,-43.8038,-15.2579,-7.1083,-6.4579,3.7932,-13.7193,-35.3337,59.4336,-13.4783,-20.4672
16.2645,-0.7288,-39.3896,-9.3713,-41.7041,-0.3083,26.7824,-41.2685,4.4920,-24.4480,-81.1853,-28.9158,-42.2026,-34.1271,1.8096,-47.2911,54.6615,5.3304,32.4956
5.9322,-7.4987,-32.3268,6.8213,-11.3311,3.2544,1.9307,-56.3001,27.5925,-29.3841,-113.8867,-67.4729,-74.4884,-51.7211,25.4773,-19.3589,31.2397,19.0601,34.7657
-8.1502,4.8947,-13.6814,37.8699,8.0857,35.1690,-10.6863,-38.8732,20.2048,-40.0836,-117.3842,-58.1578,-62.9124,-31.3139,14.9445,-13.3354,9.3001,55.5983,7.0095
-12.9140,27.9558,8.7088,73.5621,18.1895,87.1541,-24.2193,-17.7417,-12.2415,-48.5569,-110.5157,-5.5547,-55.1430,2.6830,-22.4852,-37.7934,20.0461,97.1197,5.2190
-11.0072,25.0072,11.8700,88.3845,10.4074,119.7740,-56.3951,-32.6040,-28.3585,-74.7306,-89.5216,16.8470,-73.1829,9.8591,-47.3629,-71.8235,26.5279,114.6718,11.0274
-29.6768,-3.6745,-5.9377,73.0201,-3.5597,133.4655,-57.0511,-42.5576,9.5639,-68.1495,-70.6596,-0.3479,-63.7883,-9.1087,-28.6507,-83.4896,-18.7803,97.8530,19.9203
-65.0952,-28.7644,-36.1664,32.3088,-23.0035,123.5684,-6.8659,-23.8819,67.5433,-2.3087,-64.2385,-6.2248,-25.7024,-18.8617,19.0277,-44.7674,-75.0185,51.2486,41.0633
-79.4131,-34.5899,-63.8686,-6.6958,-53.0738,73.0332,31.0893,-25.8873,80.2421,39.6163,-51.1475,9.8828,-10.8866,-7.3395,45.6283,12.0663,-83.9688,7.8101,36.9112
-68.4005,-16.1057,-62.9936,-9.7093,-65.4606,23.5929,36.4575,-44.3683,36.0356,21.9930,-28.5415,26.7139,-8.5719,5.8205,27.8051,27.0623,-58.3387,7.4419,1.1055
-59.7699,14.0201,-35.9454,10.9028,-46.9669,25.4459,51.2209,-30.4925,-19.4493,13.8259,-11.3782,38.9413,19.9037,8.6892,-3.9381,4.5278,-35.7123,33.0891,-19.5988
-54.4040,13.2397,-19.6415,12.4920,-25.0774,48.5812,70.7344,-3.3781,-30.7051,42.3777,-1.6737,34.4990,54.0117,8.0175,-12.4534,-11.0996,-29.4333,33.7096,-20.6621
-34.2876,-26.3028,-18.3054,-2.3942,-5.1272,48.2867,59.3236,8.6071,-0.1118,65.0922,-0.3943,-7.4282,57.1720,5.5098,-0.2891,-8.7369,-32.4392,13.5227,-29.4323
-6.5614,-44.6938,-4.6415,-1.7429,15.4618,37.0282,26.5277,17.6063,0.9142,51.2742,-5.4172,-66.5844,31.2216,-8.9319,4.7180,-4.1190,-20.6093,13.5184,-43.5030
5.5670,-18.8453,6.4108,7.6314,7.9553,34.4321,-0.0336,12.1732,-41.4266,7.2891,-4.9207,-95.4807,-2.5715,-31.9903,-6.5526,-10.1614,13.8350,27.8856,-50.6688
-3.5444,-7.6977,-15.9127,2.5709,-19.9927,34.1159,-12.7976,-3.3962,-40.6308,-18.8415,-9.8114,-91.2620,-25.9347,-39.9498,-12.0835,-19.5574,35.3178,25.8840,-41.8090
-19.6373,-32.9930,-47.1827,-9.5946,-25.6086,27.3318,-17.0940,10.4962,19.8972,4.2148,-30.2352,-88.7523,-36.1440,-26.7123,3.0822,-5.3480,21.8366,11.7979,-19.0688
-28.1093,-44.6510,-54.2990,-18.7299,-24.9076,8.6691,-23.2040,20.9569,50.6364,20.5639,-29.3144,-91.4201,-38.0375,-19.0097,19.5071,23.2416,-0.9437,-1.5778,-18.6440
-25.6406,-31.7249,-50.1858,-28.8639,-44.3345,-12.9976,-23.1068,-14.3629,35.2661,-4.1285,2.7870,-78.0275,-22.5622,-29.1746,17.6901,15.9027,-11.8835,-16.3302,-43.2467
-15.3990,-29.5352,-45.8348,-31.2493,-43.6621,-13.4754,-3.3116,-24.8767,35.8564,-3.2293,4.9431,-56.2593,-0.5162,-33.3833,9.8581,-18.8512,-10.1194,-22.2357,-28.4996
-1.9410,-34.3479,-29.3440,-18.0021,-10.2105,1.3229,4.8516,23.4997,45.6420,36.4268,-28.3294,-43.7365,-11.1149,-18.0432,8.9475,-18.3878,4.3561,-11.3448,25.8113
7.0720,-22.5893,-7.0785,-2.2385,2.6114,1.9306,-27.7572,44.1374,17.3668,32.9199,-13.1999,-28.8507,-37.5592,-0.8486,-5.6696,-1.0829,19.1094,3.0318,32.0318
9.1058,-1.8411,8.3626,12.2120,-11.2587,-0.0426,-62.7580,17.3774,-39.7566,-20.7994,61.9218,-6.8043,-21.2875,0.7147,-53.5767,-43.1768,25.0458,21.5008,-20.6784
10.9466,14.4100,22.6870,30.0633,-14.8745,22.2204,-68.4532,0.4491,-86.6098,-57.2428,107.3218,-5.2862,14.5113,-16.5745,-100.1008,-117.8285,32.3032,48.3720,-58.6503
13.1238,17.8636,30.0734,34.0608,-16.5954,44.0854,-71.5108,-19.6330,-92.1937,-62.0457,88.7674,-27.7429,4.7662,-39.6804,-93.6451,-128.8322,31.5868,54.3948,-61.5952
12.4820,-2.6887,21.4366,20.5119,-22.7559,38.6553,-77.1484,-48.4987,-52.8835,-47.5733,55.9611,-33.6806,-25.9409,-38.9473,-52.8191,-84.2273,6.2549,33.0762,-49.1438
17.3195,-29.4561,17.7886,21.2642,-4.3577,35.1580,-58.4086,-36.7362,-17.9210,-19.1848,36.4000,-9.8878,-18.6481,-12.9982,-41.1775,-76.8114,-14.3605,29.6503,-21.5227
28.3601,-30.3064,28.4753,36.7625,24.3548,54.7868,-23.8441,-16.2262,-19.4842,-11.5852,19.3013,5.6884,15.7656,-4.6859,-55.8125,-117.4232,-6.8459,46.8302,-2.2311
30.4578,-17.4120,28.8611,29.8837,22.5872,66.5892,6.6183,-37.4785,-16.3625,-31.1342,0.3671,-5.6568,44.1426,-19.9989,-39.4559,-123.1325,-7.4840,36.9257,-19.8251
23.5445,-17.9253,15.5779,5.8575,1.2618,54.2302,27.9532,-46.3530,9.5450,-37.0281,-13.7900,-15.7250,57.2723,-11.8522,2.3729,-66.9475,-31.1948,7.9935,-50.2200
14.8749,-22.9269,2.9835,-3.4640,-18.6409,45.2505,21.2210,-31.1323,17.2921,-39.2065,-5.8626,-8.3980,50.0189,16.5265,14.9044,-19.8367,-41.8132,0.3283,-71.2728
-4.9556,-21.2556,-18.5133,-6.1135,-44.7176,50.7498,-4.5325,-62.7922,-2.3855,-73.4831,37.4916,2.9473,39.4568,19.6394,-2.0312,-22.7875,-35.0006,1.1783,-97.6831
-21.3580,-16.7481,-39.3902,-9.5507,-59.8934,48.0183,-6.3796,-110.6888,-34.3821,-120.3307,90.7224,20.3534,52.5305,18.9838,-21.1132,-37.3565,-25.0897,-1.4573,-128.9349
4.1328,-3.3288,-20.9073,7.1631,-40.0150,30.1169,-7.0647,-106.1495,-80.0796,-161.3027,117.1903,44.8228,69.1096,49.5927,-51.4744,-46.1751,4.3831,15.4198,-158.7843
47.6152,11.8835,16.1749,26.4832,-19.1732,16.3440,-54.3586,-99.8987,-102.4486,-195.2018,117.7078,38.5811,56.7786,60.6540,-82.0200,-67.9488,38.9354,32.0756,-192.2760
45.5494,6.1494,10.5819,7.4984,-37.2561,13.2684,-93.7455,-118.3538,-58.3330,-182.5549,99.5516,-10.3335,29.7703,18.0741,-63.4851,-72.4263,30.7687,8.1762,-195.0793
10.8720,-5.1291,-25.6752,-31.4329,-71.8399,3.7322,-62.9062,-88.4309,5.2677,-119.2885,58.8308,-46.7598,12.1284,-17.4653,-5.1316,-26.6730,-1.5545,-31.3218,-136.5419
-1.6698,5.1340,-42.4176,-50.7095,-88.0016,-21.7710,-23.6932,-22.2144,23.6888,-81.0158,31.9596,-47.9403,4.1806,-17.4658,23.9166,15.7503,-0.4071,-48.8845,-76.6227
1.7454,13.0782,-43.9866,-56.2419,-87.7187,-44.9562,-42.3702,-3.8268,3.8486,-96.4275,69.8300,-60.4801,0.0740,-26.4989,6.2002,7.7817,24.4382,-55.2015,-76.5733
1.6114,-5.7911,-41.9628,-58.6593,-82.4479,-46.3569,-82.6837,-13.4750,-37.4404,-118.2614,149.4221,-94.0964,-12.6524,-47.5733,-16.5706,-9.3053,30.7283,-56.1247,-93.3449
20.3581,-30.9388,-18.6731,-51.9993,-74.7091,-38.0179,-104.9447,8.7493,-86.4993,-119.8899,201.8621,-113.5295,-40.0723,-51.7706,-25.0216,-10.9052,20.8223,-44.8235,-73.2116
53.7224,-50.8196,9.7865,-46.1750,-69.0685,-38.8073,-114.4759,37.4779,-97.9958,-93.4395,198.2802,-121.9703,-61.8534,-52.7995,-28.6015,-27.0419,12.3602,-35.8400,-40.9376
59.5704,-66.3381,11.9506,-41.4825,-65.4793,-33.8626,-107.8617,30.1471,-68.5630,-40.6412,147.8878,-122.8156,-68.3712,-55.5133,-28.7624,-45.0376,5.0796,-26.9653,-29.3253
36.1060,-54.7389,9.1736,-20.4608,-52.5148,-5.9421,-83.6322,0.5916,-46.8323,-3.6173,77.2742,-88.2635,-69.0086,-39.6399,-19.2160,-27.8914,-5.2291,-3.7662,-26.1581
15.8332,-19.6200,22.5367,-2.4870,-29.5197,20.6167,-57.7051,-12.5167,-33.8354,6.3494,28.7490,-44.5274,-54.4618,-25.6632,0.0522,2.9275,-15.8115,5.2925,-15.1518
12.8816,-4.0164,26.9289,-10.6989,-14.2353,21.7989,-36.6481,5.4083,-14.4236,29.3460,8.5082,-42.4536,-32.9543,-30.4675,13.7438,14.6394,-6.9612,-11.8191,-1.5936
27.3467,-8.3431,24.0065,-6.0789,-5.5349,13.0963,-23.9723,24.5628,-24.3457,51.7824,-23.8942,-52.8981,-44.2177,-21.9383,2.9590,12.7623,28.0283,0.4890,5.6194
45.1201,-1.1188,46.7133,41.4909,28.6549,9.2746,-13.8001,22.8350,-65.7574,43.9584,-71.2357,-41.0219,-69.0651,-6.5285,-22.6574,-5.4425,43.2766,62.2923,18.4966
39.9740,9.2427,78.6298,90.9293,90.9895,14.9653,22.2336,30.7565,-87.1414,51.8324,-99.4430,-34.8207,-50.4232,-22.7602,-37.2070,-47.3780,15.6381,118.2948,58.7458
22.9519,16.1799,84.9172,109.2371,127.2234,49.3045,70.0718,50.9489,-89.2046,83.8981,-117.6399,-24.0982,-13.4527,-36.9575,-45.3692,-86.1362,11.8293,138.8454,101.7898
30.2443,43.0484,81.2338,107.9636,106.4292,95.8455,69.7286,33.4848,-99.0505,69.4773,-137.2337,24.2351,-7.3879,-12.4997,-62.7362,-102.1594,63.8112,134.0985,91.6650
46.5624,68.3782,82.6753,85.6432,66.4407,92.0623,37.0591,-3.7927,-90.9442,29.4208,-119.2726,53.2503,0.1756,-2.0559,-66.7027,-102.9371,85.7054,99.1214,43.6474
31.9782,49.5000,63.6722,36.5521,33.7844,38.7306,39.9036,2.7352,-50.2630,51.6498,-66.1625,18.2728,27.5062,-29.8517,-34.2351,-76.1957,36.4646,41.5230,24.6844
6.7607,15.8994,22.6107,-14.7110,-11.8718,-0.6201,50.1422,23.9488,-8.0655,105.1098,-43.0969,-12.7230,22.1031,-34.9334,6.9435,-12.3797,2.5645,-9.5666,23.2952
14.6829,12.2983,-2.8700,-48.3017,-60.5913,-27.8212,13.1377,5.1151,25.3517,112.1064,-58.9513,-3.7931,-12.7535,-5.7740,22.2892,44.3115,28.2635,-48.8659,-15.7441
42.8342,17.9152,-1.0688,-61.3390,-65.4882,-75.4782,-15.5708,-20.1547,53.0655,95.4169,-73.0992,-3.4683,-13.1439,6.8930,18.5490,50.7127,50.7209,-71.5727,-63.2351
52.8884,11.8656,9.0504,-44.3068,-29.6475,-97.2942,11.2354,-18.8583,56.6177,90.0673,-90.1624,-14.2960,13.9897,4.7578,13.4520,28.3221,37.6935,-52.0610,-68.7498
45.0811,15.3198,20.7460,-1.8816,-2.6458,-56.1935,26.5512,-16.8378,27.9742,62.2137,-110.3878,-6.2568,17.2378,17.2899,-0.7976,8.3711,26.0696,3.0636,-67.4585
45.3192,35.3192,39.8452,41.5809,6.1355,-3.1146,-7.0734,-24.6444,-28.7913,-11.2415,-88.1971,8.4853,4.6214,31.2071,-38.9212,-25.6509,39.9623,57.0348,-90.5868
63.0927,60.4721,68.0277,75.9302,26.4605,34.6208,-31.4673,-39.1818,-107.8189,-102.3693,-29.5157,35.9312,6.9228,35.5145,-85.1277,-80.8096,73.0397,91.7421,-94.1314
81.0113,86.8696,92.1547,93.9156,53.9252,76.0099,-25.9419,-67.6936,-163.1675,-169.1769,4.9268,93.4069,14.8553,46.8251,-101.8798,-107.8629,108.7417,95.4972,-62.6512
72.8373,99.3582,82.2176,81.3091,52.5456,89.9158,-22.7973,-81.4989,-145.9733,-181.4887,2.0956,133.5193,10.6710,64.0894,-81.0475,-74.2994,121.2382,67.0769,-38.9893
33.8977,89.6103,33.6577,54.9381,21.9131,50.9293,-12.3837,-52.1917,-89.6474,-143.9278,-17.2832,121.6902,-2.3767,67.9203,-52.9789,-22.1300,103.3852,44.5714,-23.8520
-7.9622,77.5713,-6.1869,41.4382,-1.0672,11.8744,18.4448,-15.8791,-53.7647,-84.2327,-45.1788,92.4069,-14.6586,47.9654,-32.5173,4.0699,73.5108,45.4168,11.0789
-27.5766,60.5653,-10.0469,24.2722,-8.3984,0.5747,37.1801,-3.8129,-31.3421,-14.0494,-55.8570,53.7385,-19.4343,8.9970,-3.9957,19.9512,33.5123,31.1656,39.6832
-37.8767,21.2983,-16.9862,-11.1538,-24.7320,-13.4907,38.1383,6.1118,2.9272,52.2407,-36.1180,-0.9761,-16.0212,-22.1254,31.0341,47.6526,-15.7168,-5.6357,35.3954
-61.1448,-8.3541,-45.2877,-35.5766,-39.3610,-21.9221,50.2822,28.4992,34.8308,92.1107,-23.9492,-21.3854,-10.4635,-18.6356,54.1802,83.7206,-42.1706,-27.8653,35.7834
-81.8574,-6.1583,-50.5165,-38.2724,-18.2727,-8.2226,61.6486,55.7529,44.7275,122.8085,-23.4604,2.2473,-7.4886,6.6759,69.9321,135.5347,-39.0716,-38.8259,57.7535
-73.0812,-16.1120,-23.1259,-45.9464,14.4918,-14.3213,48.0500,76.9344,33.9851,162.9519,8.9337,2.1779,-5.6990,24.7409,84.1646,193.6414,-45.2583,-60.1002,49.9055
-50.9202,-44.8823,-13.4869,-60.4591,6.0836,-55.3082,36.0399,69.5006,20.9114,176.3642,48.4943,-23.4440,3.0544,29.4733,80.6355,204.1179,-64.9395,-71.9585,-1.9339
-48.7150,-41.0077,-37.2046,-65.7353,-31.9752,-86.8437,47.6358,38.3898,33.9054,150.5513,35.4673,-18.2236,19.6636,24.0207,62.7443,158.8060,-64.6064,-66.9598,-33.8757
-61.2345,-26.0392,-63.7668,-72.4567,-54.2808,-97.6453,55.3333,28.3644,76.6925,135.5296,3.3831,-3.8657,24.2375,13.2909,62.7138,129.2423,-58.8306,-74.2547,-15.3668
-65.3672,-58.0165,-79.9502,-88.2081,-59.3344,-103.9680,46.3962,46.4032,114.0954,142.2335,11.6171,-22.8884,10.0305,13.5392,86.4308,147.9426,-85.4184,-92.9543,7.6117
-60.5741,-94.4530,-85.7787,-94.3189,-62.0319,-93.7718,46.1196,65.0338,125.9406,130.9391,29.4639,-37.9508,6.8019,31.0518,106.2055,169.2431,-118.1940,-97.1063,7.1022
-54.1345,-83.9210,-79.8325,-86.2996,-58.5122,-70.8416,62.1055,90.0549,132.0825,105.6773,12.0441,-22.2107,25.4382,53.3002,111.6474,170.8476,-118.9908,-89.4128,6.4082
-47.6950,-77.8175,-78.8608,-78.4294,-57.5979,-62.0172,74.7152,117.7010,138.0812,91.7059,-10.3853,-17.3655,34.2199,69.9658,111.6053,168.6663,-114.8464,-77.5116,7.5390
-43.2456,-102.8063,-86.6394,-66.2894,-68.2301,-53.6194,70.0075,112.5782,114.5888,69.2798,1.8445,-39.0414,23.7931,72.9774,95.8516,145.7923,-123.9553,-49.0053,-12.3787
-31.3611,-99.3943,-75.4392,-38.3565,-68.8504,-24.6480,48.2880,89.9421,57.6397,24.9143,23.4303,-49.0520,14.1480,61.2325,50.8042,82.2769,-99.9877,-6.6574,-34.0500
-3.5515,-59.6603,-50.0552,-8.5911,-55.8399,-0.0514,22.3243,87.3387,15.5691,-11.4758,3.8425,-29.3309,-2.7866,56.1358,2.5429,18.6438,-30.9928,25.3557,-21.6758
17.8359,-35.6869,-41.4445,4.2956,-56.3360,10.1992,13.2115,83.5947,16.5594,-19.6972,-52.3782,-0.1122,-33.1262,68.2212,-6.9682,6.6711,13.6114,36.3416,5.9250
13.3489,-26.9516,-33.7113,7.9639,-59.1518,34.2197,30.1847,69.1778,23.4421,-7.6780,-90.4950,19.6088,-40.3742,76.4835,18.3118,36.3326,-1.4671,36.9940,16.5413
2.5005,-15.0007,-12.5961,14.1642,-35.4178,61.5687,57.6051,75.1817,14.7639,9.1112,-95.2840,25.5280,-17.6005,74.3688,40.6400,63.8390,-24.9728,36.9148,22.8008
-1.3350,-17.0031,-18.6069,12.5731,-18.7497,50.7392,66.0024,72.1750,24.0544,5.2863,-101.4227,13.1876,-13.3533,69.0830,49.2588,73.3495,-22.2938,31.8718,25.0441
-11.4697,-19.4250,-48.9137,2.9707,-42.2271,14.2316,39.2074,15.0114,39.0803,-34.7231,-100.8805,-18.8653,-34.7526,41.7342,47.0663,62.5746,-16.8318,25.2716,-10.0712
-21.4329,5.6244,-37.3085,16.4287,-46.6600,0.5433,2.9481,-42.2742,0.7278,-80.2061,-56.4750,-43.5497,-30.2162,-5.1628,15.0091,14.0425,-19.1446,42.2520,-60.1327
-14.2035,21.5274,11.6175,57.8311,17.7483,13.2569,-1.2538,-46.7671,-60.9497,-85.4014,1.0871,-24.0214,10.9293,-19.2236,-39.5671,-56.7264,-17.2184,81.5174,-61.6565
-3.7256,-2.2920,32.6551,79.8091,84.3955,20.9897,16.1882,-43.8236,-66.4347,-50.1316,20.3119,20.8419,39.4034,6.7385,-62.5368,-84.0451,-19.4841,94.0669,-27.6912
-5.0296,-23.2416,31.1592,63.8279,87.8768,16.1050,16.9783,-54.5877,-44.3922,-8.0069,19.6106,32.5408,28.6348,14.9028,-38.7802,-47.7577,-36.0308,68.2752,-9.9962
-9.0844,-17.9260,45.2806,54.7198,76.4129,11.4792,11.9085,-30.6063,-64.5053,18.1602,29.6132,8.6284,2.6317,-3.6291,-16.6022,-6.3879,-51.1247,59.9476,9.0979
-13.5758,-15.5358,56.6621,74.3120,102.6028,12.0520,22.8330,15.1280,-97.3058,18.0410,35.4665,-4.8359,-12.5699,-4.8359,-17.4504,7.8458,-52.3893,86.4941,46.7816
-22.7154,-16.1848,48.1003,89.2905,128.1278,20.5926,26.2293,11.5670,-92.3556,-7.7380,21.3649,-5.2687,-15.6846,5.1769,-15.2307,16.3684,-46.3071,101.0195,50.3434
-28.4151,-4.9616,38.9140,83.8744,118.5489,36.5050,13.9026,-37.0342,-66.9320,-31.8837,-8.3664,-21.9332,-13.7301,-10.5320,-3.6647,14.2705,-40.1559,91.1447,11.4230
-27.2279,-5.5545,33.3710,74.2491,101.8542,42.4546,11.9256,-62.4768,-46.5120,-28.4176,-31.3974,-48.6358,-11.9958,-38.6803,3.0202,-8.1359,-42.9644,82.9205,-2.9325
-21.5562,-24.4088,28.9115,60.4501,84.4116,32.6960,7.8918,-44.0527,-40.9963,-15.6973,-13.2601,-63.0612,-19.8154,-46.1417,7.6200,-12.5358,-56.1712,71.7392,12.1933
-9.6804,-28.5187,30.9697,37.9939,41.6823,31.7960,-18.2084,-14.8486,-51.1316,-17.2996,22.4064,-60.9367,-38.3090,-31.4608,13.9552,15.3053,-57.1628,49.2030,5.1058
-6.1318,-16.2328,18.8973,22.2671,-4.4000,41.9685,-28.9909,2.8726,-37.2197,-14.3963,5.8146,-36.4303,-47.6307,-2.9156,15.6436,35.6687,-38.2495,35.4869,-10.1090
-22.6986,-12.2271,-17.5650,16.4191,-20.5136,28.6867,-10.7467,7.1649,20.1063,-3.9704,-38.4917,7.5608,-34.7753,29.7583,14.9172,36.1039,-29.7240,29.4225,-2.6103
-27.9282,-15.2923,-36.7237,3.7016,-26.8413,-6.1629,-8.7371,-5.2781,61.2628,-23.7013,-27.0803,31.1006,-12.7386,40.3115,18.1360,30.0460,-44.5651,8.0941,-7.9727
0.0154,-22.1141,-22.4247,-14.3034,-37.9579,-19.4899,-21.1807,-25.3480,55.8061,-59.2655,12.3888,8.2119,5.9051,19.7246,20.7532,4.8163,-53.7935,-17.3416,-36.3796
25.7348,-38.0917,-13.4039,-20.6705,-30.4761,-4.2623,-13.1885,-24.8488,52.6121,-50.0617,7.8105,-20.3126,16.3653,-1.0740,14.5478,-37.4525,-37.5665,-23.1380,-30.5007
31.1149,-43.7634,-15.2299,-16.8116,-12.3001,12.7344,-11.2067,-0.8982,68.0002,-13.8507,-15.7602,-9.8258,9.6620,0.1441,0.8448,-64.6925,-7.7214,-20.8713,15.6666
48.0138,-28.9670,-2.2396,-14.9900,-9.6409,22.3659,-35.9000,11.5727,74.5071,-19.3269,-22.1321,15.2026,-4.5054,8.6905,-9.2510,-77.2312,19.5802,-27.8113,40.3139
75.9598,-26.6044,11.2834,-13.6683,-1.0133,23.7919,-42.9685,1.7259,69.0796,-56.6241,-23.5134,9.9686,-0.2005,9.9688,-11.2642,-93.0255,34.8760,-31.8618,28.2802
76.5060,-45.0395,4.3420,-5.4593,26.8013,17.5144,-23.8372,-5.2872,41.3268,-79.5688,1.6391,-13.8081,15.0774,6.5847,-20.7806,-104.2673,40.3771,-18.5895,16.4931
53.5697,-43.3731,-5.5482,6.1600,36.8293,18.7970,-23.3834,-11.4539,-13.9907,-98.1786,61.7797,-13.1518,18.1810,0.0307,-49.3348,-115.8479,52.7598,0.5446,13.2846
41.1090,-12.6774,-0.8872,12.3688,27.4217,26.0406,-42.0238,-37.2128,-44.1043,-110.5951,95.0981,19.8380,24.3473,-6.5890,-79.9962,-141.2787,73.8012,4.3392,1.6525
41.2644,10.7882,16.7946,9.9610,35.8656,19.5199,-55.7242,-62.8818,-34.2032,-72.6244,95.0021,56.3714,44.5755,-5.2867,-95.9668,-150.5718,86.3837,-10.5054,-17.0204
43.6314,15.1731,42.0204,-0.2932,48.1804,10.7883,-71.6718,-60.6478,-43.8436,-4.2348,117.1136,72.1036,48.9859,1.0198,-98.6089,-118.1626,89.6315,-31.4308,-29.9051
55.4972,15.1387,59.3090,-16.1279,36.0942,11.9388,-78.7902,-43.5612,-64.5034,24.8790,134.6514,72.7871,36.4835,10.0071,-84.0989,-73.6963,91.3686,-51.8075,-32.7753
76.7869,13.4302,59.6336,-32.3160,24.9789,-8.1598,-51.0444,-30.1733,-41.8835,21.2130,104.1544,82.7422,45.0823,32.1544,-54.0329,-40.1497,84.8087,-73.4083,-31.7305
93.9852,14.1278,61.5296,-45.0648,25.1595,-52.1456,-12.6342,-20.7891,-24.7442,30.4603,84.5808,104.1874,72.1614,58.7243,-35.0926,-10.0000,74.5042,-91.5572,-41.6985
106.6704,31.5372,76.2988,-49.6352,9.3018,-67.8416,-0.4325,-21.4085,-74.8073,25.2915,113.9624,115.1119,87.3039,65.3379,-47.2708,-2.5094,86.8979,-92.9082,-72.2264
121.1297,58.6086,92.1119,-33.5192,1.6780,-45.8842,-5.1459,-30.3202,-138.8999,-26.6076,137.1665,115.1242,94.6967,59.9014,-80.3064,-39.9860,122.2326,-68.5082,-101.3294
125.1796,68.0106,104.4969,-1.1260,43.7842,-31.2776,0.2560,-22.4469,-159.2052,-62.3541,134.0569,115.3542,104.4397,55.4037,-104.3423,-82.9447,136.5689,-33.3234,-83.6498
102.4913,52.1728,107.8951,8.6136,88.6851,-37.4907,28.0700,11.1295,-141.7949,-22.7541,133.0943,96.8427,107.0008,27.3793,-85.2800,-82.2718,97.4051,-25.9815,-9.9258
62.9391,29.4763,85.0107,-22.3334,73.4504,-48.4310,66.5020,45.1715,-89.4109,42.0656,127.2217,53.7700,106.0622,-24.4964,-29.1138,-56.4180,30.2434,-57.8170,63.5321
29.7758,13.5607,44.5722,-53.8248,31.6504,-63.8649,79.2666,54.9898,-28.9402,66.6780,115.4597,19.9431,103.3366,-57.6527,5.2844,-48.0812,-10.3972,-85.8223,86.8293
8.6702,1.0901,18.5597,-57.2165,22.5423,-82.9072,55.6216,42.8688,-16.5117,65.5564,124.6059,-10.1855,78.3529,-78.1280,0.6024,-50.9781,-12.2971,-83.1598,85.3557
-5.6925,-9.7634,11.2096,-55.8699,32.2668,-92.3743,32.5449,34.5138,-32.7091,64.5983,135.5588,-68.8306,36.3358,-117.5355,9.0057,-35.5404,-11.7699,-77.0281,97.7125
-13.0330,-8.7468,0.9056,-57.7092,20.2977,-80.8748,24.6136,45.1568,-23.5699,45.7494,110.6743,-106.6997,9.6968,-130.1425,30.7092,-11.7683,-13.5358,-73.7431,99.6437
-14.1124,9.1589,-14.8936,-40.1592,-5.6194,-42.4180,10.7187,52.1823,-13.3703,5.9240,68.7813,-65.9534,4.5765,-75.4139,11.7126,-10.8329,16.2743,-46.7139,62.4763
-8.6919,35.0995,-14.3767,-14.3934,-11.6161,4.5416,-3.2289,35.5858,-31.8604,-28.6035,44.9665,-8.5049,12.7666,-23.1142,-26.9770,-29.4234,63.5168,-15.9238,16.8624
6.0796,62.0498,8.2290,-7.5302,3.3843,22.7183,-3.5604,14.5793,-48.0145,-57.7770,39.9910,-1.0112,32.8916,-26.9347,-31.6791,-41.5792,83.8963,-17.4957,-7.1850
12.8078,85.6316,21.1133,-4.0373,11.9920,15.3664,-2.4288,1.2743,-55.3862,-93.6103,38.8191,-2.1237,46.1075,-33.4065,-27.0383,-38.9929,87.7245,-20.3762,-26.0530
-7.4694,91.7000,4.3904,17.3853,13.5441,24.3628,5.9475,-14.9170,-73.9873,-118.1896,26.8001,11.5571,41.3334,-14.0032,-39.7262,-31.8724,93.7199,12.2116,-46.1417
-27.2067,71.0064,-3.8340,38.6057,34.5050,56.4244,33.2757,-16.7615,-79.9108,-111.3730,4.8102,-10.7946,43.7572,-17.4093,-33.3951,-33.9811,69.8532,46.2831,-41.6348
-17.3709,38.7961,22.3448,38.3696,64.5441,74.2940,46.2135,10.0989,-57.1390,-76.6063,-4.6295,-72.0468,53.0366,-56.2115,-1.7948,-43.8564,15.9066,44.9112,-13.5517
-10.0301,17.0714,36.3683,23.7376,64.5219,55.4444,20.6157,23.6454,-36.7737,-24.6392,-1.7301,-122.4609,30.4892,-91.7616,14.0196,-37.3875,-9.5187,28.5345,-0.8622
-31.3045,11.3318,14.4251,16.9661,42.7608,24.3583,-11.2494,2.2325,-30.5670,27.9127,-19.5491,-146.1470,-17.7827,-106.8750,7.1581,-12.7166,3.5727,30.9828,-13.8591
-48.9723,19.2134,4.2838,34.6814,36.1385,25.9824,-28.0200,-10.6744,-26.5682,53.9227,-61.7334,-137.9887,-53.1804,-102.6408,-5.9833,-7.8056,14.6969,58.9526,-12.5107
-50.5354,37.9202,16.1238,63.7732,37.2796,57.7902,-45.5480,-3.9720,-29.5181,38.9106,-89.1393,-92.6440,-80.8334,-84.5081,-19.8344,-24.0897,18.2035,90.2454,25.2482
-61.4584,50.1725,10.3084,70.3782,24.5714,65.8680,-62.0681,-7.7993,-35.0564,8.0353,-76.2175,-51.2672,-110.2472,-72.7738,-19.0965,-15.5530,16.4305,92.8911,65.3609
-70.6968,32.5737,-2.0562,49.3866,13.7960,45.2551,-60.3202,1.8889,-23.4783,16.0441,-40.8389,-47.8667,-113.2263,-68.1100,1.6423,18.0320,-8.1816,65.8441,81.4379
-57.7469,-2.0060,5.0476,24.7384,14.2878,45.8861,-43.2517,58.1587,2.9181,77.2665,-23.2015,-47.3616,-90.2532,-44.2201,22.1711,46.1926,-34.7732,35.9646,95.1711
-49.8177,-5.7288,2.4190,7.0597,0.0079,57.0539,-30.1585,115.1380,28.3733,119.5564,-36.0109,-14.1144,-81.3517,-3.4016,32.8697,77.0742,-25.1539,13.9005,116.1429
-58.5718,26.4027,-20.7417,-3.5664,-36.2162,39.3289,-40.0751,128.2433,46.6670,88.9162,-47.4932,29.6743,-92.8659,25.4766,32.5120,101.4547,1.9983,-0.3750,119.5960
-51.1085,35.8584,-30.7243,-6.4585,-63.8215,31.2129,-61.6349,123.4534,57.2508,47.8982,-46.8740,46.1033,-101.8149,39.0924,23.8403,90.9020,12.1528,-2.8360,106.2195
-27.0286,9.2256,-29.8134,-11.9810,-63.4892,56.2747,-55.6813,121.0577,68.2521,51.3190,-70.5996,33.9988,-103.5726,54.2465,34.4979,91.5063,18.1189,-7.5450,96.4104
-18.7611,15.1766,-35.0104,-19.0216,-50.2097,52.3158,-28.6486,110.1629,82.8334,51.4399,-119.7634,31.9673,-98.1714,72.5732,61.4180,137.7643,38.5934,-20.8336,78.8402
-26.8672,68.9669,-27.5644,-7.4386,-48.4244,17.5600,-28.3819,100.7119,82.8946,37.3697,-149.1929,56.1465,-84.6784,76.8166,50.0906,148.0195,58.0403,-12.0373,47.9562
-37.8102,89.1586,-12.8652,12.9742,-60.7388,26.6162,-42.9147,100.0170,70.5995,64.4417,-156.8167,55.3693,-79.8309,51.7353,14.6009,92.1550,50.3698,21.4641,37.3710
-57.5635,49.2593,-25.4087,13.3529,-66.3496,65.8275,-23.3333,89.8965,79.0544,99.6998,-168.0679,5.5210,-85.4381,15.0828,30.8901,70.5179,7.5474,35.7934,54.3082
-84.6508,20.5388,-53.6074,5.8444,-57.0479,71.4475,12.0957,74.1701,104.4282,77.1392,-166.2235,-21.0990,-71.7298,7.7737,71.9807,100.7342,-39.4227,28.1325,58.4649
-100.3705,32.0125,-63.7462,12.5428,-50.5390,61.5461,25.2860,66.0770,104.4169,47.4708,-142.1630,12.5116,-33.9254,31.2580,58.8177,97.7487,-46.0852,32.9519,30.1358
-93.0752,43.8065,-57.9419,17.6391,-56.7969,59.1472,31.4805,42.4277,68.7508,57.5790,-126.9234,41.1791,-10.3849,45.4578,22.9590,72.2582,-18.7660,42.7334,-10.5161
-67.5045,44.6797,-47.9903,11.9407,-65.5066,37.5235,33.9540,-4.3680,26.3658,49.4327,-121.0894,39.6523,-23.0075,39.8305,17.1568,74.0260,4.6075,37.2570,-35.0055
-40.5908,43.1978,-35.8852,12.5505,-64.2241,17.8798,12.7381,-25.9058,11.8949,18.1818,-107.8784,50.4336,-47.1075,39.1337,12.3104,63.8339,16.3255,31.2500,-21.1597
-25.7154,24.7198,-25.7720,16.8199,-42.7447,42.5889,-1.9379,8.1975,44.7387,38.1905,-114.8996,66.3283,-49.9293,52.2971,7.6547,39.0273,17.0524,28.1160,24.1768
-22.9009,-1.4056,-17.6559,7.6419,-10.5364,77.7178,22.2903,64.1758,93.7908,97.8089,-143.0380,63.8474,-29.7779,72.4466,40.3314,69.3142,-1.7554,9.0896,60.8391
-36.8130,-3.6787,-22.7350,-11.4557,-11.7962,80.8329,52.8998,92.7385,95.6468,118.8911,-123.9406,75.6365,-7.4954,93.3563,69.8362,128.6406,-18.0804,-16.5644,62.9385
-68.8568,6.1964,-57.2659,-22.7616,-60.0858,70.7132,60.2452,73.2415,48.0054,80.1926,-47.8718,105.6844,5.0004,101.6577,46.1877,126.1037,-14.2193,-18.1120,37.2228
-90.7273,4.7223,-84.3134,-7.4462,-91.7176,70.0148,54.2735,26.9614,9.3978,8.0742,-1.2391,106.1323,10.2288,91.6421,11.6422,74.8880,-26.0415,15.4597,-1.8497
-82.2759,8.4114,-55.5974,33.8570,-60.6906,82.7756,36.9687,-0.5786,-2.3946,-56.2662,-12.4841,80.8302,13.0865,77.9885,4.4880,41.6148,-62.8209,62.7704,-34.1379
-63.7055,17.2262,-7.5192,63.5480,-8.5924,110.0316,18.1300,0.7033,-13.0046,-75.4510,-14.3773,69.2386,24.6115,70.3410,0.8373,24.5769,-77.5436,84.6385,-42.3997
-49.5270,-3.5608,3.3444,57.4125,16.3408,127.7025,27.0090,-1.4812,-15.0111,-60.7129,8.1157,62.7935,47.3555,64.0287,-1.2467,2.3886,-75.4224,71.0218,-34.3695
-39.4106,-39.7890,-7.4224,39.9339,15.3348,112.2482,44.8772,-13.2547,20.2028,-37.0145,-7.5849,43.1638,48.1640,54.9048,22.8929,2.0273,-100.2474,51.2610,-19.5115
-48.8014,-39.3678,-15.0083,25.6610,0.5376,81.6964,30.1018,-9.3229,80.1302,-1.0134,-62.8836,25.6623,9.3251,42.3481,64.2120,51.2803,-126.5657,31.6406,4.0168
-68.7442,-15.7715,-27.8873,2.9922,-14.1324,52.8120,10.8753,10.9048,118.7334,21.2607,-82.4443,20.1875,-16.9761,36.6887,94.9927,115.6287,-119.9722,-2.1100,19.3513
-60.8323,-24.6952,-38.8763,-16.2479,-15.2547,19.8689,29.4995,31.9486,116.7416,2.5563,-46.6705,19.8125,6.4083,51.4169,102.1379,134.1370,-117.7620,-25.9396,12.0964
-40.4624,-58.3603,-41.9863,-23.0686,-22.1097,-6.1974,55.0083,49.5443,104.7235,-3.4015,-12.4297,17.7527,31.4110,67.1370,94.4903,114.4697,-139.4598,-25.0478,4.2564
-49.5897,-75.2736,-56.3454,-39.2863,-45.6457,-14.2270,53.4933,49.8331,116.0110,33.8766,-5.6616,5.1771,23.3757,55.0754,97.3130,113.8658,-150.1462,-36.5913,9.0920
-60.4629,-90.8382,-72.4842,-58.7257,-46.2417,-18.9342,50.8805,25.1076,136.6927,53.2570,-0.6598,-13.8534,18.7081,38.0121,114.1000,128.8304,-152.6010,-62.5186,9.0934
-37.3105,-125.7760,-62.5676,-53.7413,-19.2966,-22.9587,63.6359,6.3951,128.4009,43.7365,13.7530,-18.7433,31.4985,49.6459,115.8947,119.8187,-169.0616,-59.2720,-0.3017
-16.0482,-134.1187,-38.8153,-37.6931,-17.5747,-9.0331,65.6120,14.2330,86.1460,51.7598,24.4878,-11.6574,32.4954,63.1237,94.1715,100.2438,-169.1587,-33.3595,-12.1295
-24.6190,-94.7990,-21.7968,-23.9788,-28.9120,23.3871,47.5706,20.8401,47.6357,56.3528,19.0877,-18.5221,22.5992,42.4769,71.6519,83.5787,-140.0096,-12.3755,-23.1144
-35.4659,-71.8226,-8.0094,6.1317,6.1034,56.4124,24.1678,6.1880,46.9469,34.8630,-6.5009,-40.5849,13.5234,10.2281,56.5226,45.6936,-125.3665,17.4642,-15.7007
-28.2972,-84.4036,8.5163,42.5210,59.5608,69.4696,-8.9895,-10.1246,62.3447,24.5737,-30.9211,-52.2003,-8.5417,-1.0945,37.7618,3.0846,-126.4610,52.3422,6.3429
-2.9946,-61.3814,42.8690,63.3264,78.3454,57.1501,-60.3731,-11.3819,36.0328,16.1985,-27.8166,-44.7071,-35.9896,-1.3552,5.1571,-15.2789,-93.0136,69.5323,-0.6574
34.9844,4.5925,99.0094,89.0593,98.8264,48.1378,-112.2278,-10.1509,-26.0497,-20.9332,-22.9754,-36.1603,-48.7599,-8.9024,-40.1071,-39.5974,-24.3423,88.8031,-32.5768
61.0258,36.8315,133.6964,121.4080,146.7321,66.0567,-142.5993,-28.0244,-49.4513,-44.1659,-56.2863,-35.2688,-63.9476,-17.7653,-69.7797,-74.1656,32.4601,114.4431,-33.2709
67.6867,30.8605,127.9629,125.3614,165.2940,87.3134,-150.1125,-60.5575,-26.6159,-36.8564,-100.6642,-24.0497,-89.0030,-16.4409,-64.2883,-78.4597,60.3091,110.3598,-6.6965
80.0879,39.6555,124.6196,111.2358,134.3942,89.9374,-141.7542,-73.9715,-25.0619,-44.5029,-112.3738,1.6565,-94.2825,-9.9035,-56.2983,-78.1173,70.6422,93.0058,2.4581
88.2812,47.1368,123.8567,106.5118,97.0642,87.2627,-120.8314,-60.7843,-43.8010,-53.4970,-104.5265,14.6099,-80.7565,-10.0192,-66.4723,-106.1733,65.1130,98.2887,3.4638
61.6145,26.3724,86.2496,92.4492,65.8489,87.5923,-98.1154,-54.9750,-29.6531,-36.6115,-95.0749,15.5357,-77.0225,-10.1162,-62.4603,-109.1134,47.6485,94.4746,17.1529
27.8709,18.4732,45.5786,68.1661,39.2340,91.7608,-92.4258,-58.4349,-0.5707,-36.3333,-77.9568,38.3805,-78.7101,8.5086,-40.4656,-65.2889,39.7274,64.9805,24.6981
23.8157,39.0214,41.1357,59.2327,28.0133,102.1641,-105.9014,-42.5059,10.9678,-59.5981,-72.7316,70.2764,-77.9285,40.7310,-30.8123,-25.2996,55.3928,46.0485,15.3209
27.1810,41.3107,22.3206,39.8002,2.1907,94.4702,-112.2810,-24.2410,37.8214,-64.1870,-93.1598,70.7123,-86.6671,65.4095,-15.3625,13.5675,73.5319,24.8526,-2.3401
19.3593,16.4845,-29.9040,-10.3054,-57.7981,58.8473,-85.2480,-18.2681,79.6780,-59.1749,-98.2825,62.1603,-87.0826,85.8223,25.2824,71.9905,64.5334,-23.7144,-18.5147
21.2372,3.2053,-46.5781,-39.8041,-89.2451,39.5349,-36.1434,21.3261,73.9213,-48.4785,-66.7439,81.9440,-55.5882,112.9296,43.1983,102.3559,49.1545,-51.3177,-12.1153
38.6246,10.7304,-12.5311,-27.6643,-55.1247,43.5409,3.1523,95.1022,24.9582,2.5407,-46.0983,96.3151,-20.0081,125.9849,18.2672,87.2963,67.2868,-34.9521,17.6303
51.7178,18.7523,11.3575,-16.0857,-12.3121,21.7421,30.5618,130.1014,8.2049,60.7459,-73.9341,70.4331,-7.9534,103.9600,5.3275,69.9529,89.8093,-20.1074,42.3170
42.8073,17.0107,2.4439,-9.6736,3.6470,-7.6595,59.0728,114.6839,46.3971,68.5134,-130.5661,37.9875,-6.8455,68.4132,25.8439,55.0884,64.0742,-10.6966,64.6204
10.7578,10.0938,-17.0486,9.0182,9.2039,14.1249,73.2853,92.2922,91.5765,51.4232,-177.2095,30.3568,-12.9250,49.2023,46.4254,37.8958,17.2848,13.3886,92.8227
-12.9302,4.3236,-27.7968,17.5282,0.3483,58.6129,65.5636,63.8104,95.8742,37.3354,-182.4542,27.3635,-25.7204,39.8052,54.7998,34.8035,-2.8637,25.7293,93.6321
-1.8583,-7.4851,-15.6151,14.8748,-9.4747,76.5001,69.2577,40.6415,56.3890,12.5196,-139.5446,7.2836,-13.1077,19.8437,50.5673,8.8821,-17.9522,26.9849,72.9141
10.5646,-26.2769,7.5148,31.7575,17.8089,87.3925,88.9885,51.6614,14.4007,-3.2964,-82.3431,-15.4298,28.9893,-7.7284,21.4496,-67.3986,-42.4567,51.6988,77.8742
-8.4119,-24.4841,9.6950,48.4537,45.0130,96.9442,83.7254,49.6562,4.3890,8.5116,-51.3744,-12.1030,50.9531,-25.8702,-12.0586,-117.4775,-41.8252,70.1444,85.6399
-30.4245,-4.4093,-4.7607,29.6270,18.8928,80.2206,69.2689,10.5126,16.8891,31.1631,-49.0233,13.7705,43.1228,-26.5296,-6.0170,-84.6268,-33.8385,43.0553,65.5184
-37.0132,-16.3400,-14.4707,0.8539,-5.2566,61.3827,96.8404,19.4365,30.9906,63.9891,-42.3728,25.3505,50.4729,-9.8449,31.1216,-23.5493,-63.2635,9.5850,65.8910
-45.5785,-53.0275,-24.2743,-5.5460,23.7806,64.2134,121.0734,72.0699,33.8019,82.6754,-2.4323,19.9816,71.0440,15.9115,43.1456,7.4591,-82.0816,1.7270,87.9546
-43.1239,-48.4099,-27.9184,-3.0248,46.1350,57.3777,75.1698,47.9591,15.2106,48.1369,47.0942,38.8508,59.4925,29.5090,14.1697,5.0578,-36.7899,-7.5467,72.8232
-16.7988,-7.1810,-8.1777,-6.1191,31.7460,31.9619,26.0635,-20.3604,2.0152,27.0238,39.9993,79.8654,28.9230,21.5348,-6.9732,-10.2704,13.0512,-26.3842,58.2731
-6.8373,19.0091,9.5868,-7.1924,35.4608,14.0620,60.8993,0.0111,33.5315,85.6192,-37.8996,93.1457,35.0816,11.5065,11.0212,-6.6153,12.9346,-31.0130,94.9121
-32.4809,37.9391,-4.0577,1.3999,58.2641,2.4163,126.9990,61.7130,77.1344,127.5995,-117.7013,72.1687,73.2584,9.2771,31.2049,9.1047,3.5943,-13.4677,112.1049
-54.8256,62.7917,-23.5723,16.5716,57.1886,-4.0775,145.0324,54.4430,80.9389,84.7439,-145.7731,53.2776,92.8717,-0.5175,24.2405,-4.6630,8.2085,12.5096,78.7688
-53.8085,68.8065,-18.8363,20.5140,49.2997,5.6477,135.1427,25.1427,69.4058,53.6650,-134.8192,54.6656,90.8716,-10.1872,22.7253,-17.4922,0.9859,15.6730,65.9117
-44.9204,65.7241,-6.4158,-0.3459,47.9026,3.5024,130.1005,31.4338,71.2046,74.8772,-108.5850,76.6543,92.4176,6.7311,42.8404,26.7151,-3.8931,-20.1042,71.2697
-34.6231,69.3954,-11.5453,-26.9347,18.8535,-28.1428,117.4996,33.8251,62.7031,82.2948,-83.1679,104.7451,77.5813,36.9299,52.0903,82.0037,13.1156,-54.7350,57.2119
-25.0542,51.0384,-29.5906,-34.5597,-24.8895,-41.3957,96.9191,29.3091,48.8527,80.3508,-80.7941,114.9381,27.2088,54.5011,46.2685,93.3824,23.5923,-51.8347,67.0711
-19.9882,23.6136,-39.1900,-29.0195,-38.1770,-15.6932,77.8611,43.3356,57.9808,90.5121,-97.6415,121.0896,-13.4869,75.9656,46.0695,97.2497,23.4324,-38.7013,93.3758
-13.8086,32.9875,-33.8057,-26.2185,-35.3496,-1.5195,58.4360,49.3541,71.0860,78.0318,-104.3055,148.8725,-10.4431,111.5709,44.1893,118.7681,36.3006,-42.8779,69.9703
-8.3119,44.0116,-28.6019,-32.5077,-38.0118,-19.7217,48.8780,51.1134,74.0956,76.2003,-97.1510,165.1389,-5.8355,128.0423,44.9448,141.2457,42.5646,-55.6287,51.1969
-11.4126,14.6890,-26.8461,-48.0376,-26.1850,-35.9125,48.3039,84.1096,87.6186,141.0930,-91.8091,130.9221,-31.8752,107.8560,68.7822,171.5972,23.6167,-73.4135,99.7897
-22.4677,-8.7800,-18.9616,-61.3039,-12.8269,-41.8253,32.4111,113.0078,101.5674,214.5258,-84.5874,66.3107,-52.1993,64.3736,86.6215,189.0430,1.7291,-86.1714,123.3933
-49.4063,-10.0208,-26.3020,-66.6784,-32.3415,-66.6692,14.8687,100.7776,109.2996,243.9292,-69.7298,-7.7975,-41.1047,0.6475,74.1971,152.9440,-29.2177,-77.1044,77.6799
-94.0035,-34.6852,-68.4999,-81.5757,-58.2817,-114.4829,30.1098,86.7347,146.7071,268.9821,-61.8512,-87.4209,-27.6426,-69.6109,79.9783,115.5215,-85.2094,-73.8534,65.2155
-123.4420,-61.2940,-105.3314,-103.3508,-58.5824,-143.6331,49.8747,90.0373,194.7896,293.0825,-74.6708,-138.0430,-38.0013,-107.1163,116.9020,135.4422,-115.4550,-95.2613,101.0057
-122.5922,-45.7367,-103.1144,-95.7157,-57.2617,-125.4929,33.7959,82.3472,189.6735,279.4568,-101.6293,-142.5837,-60.8259,-105.0594,118.7087,150.0095,-90.6633,-87.8532,94.5960
-122.2422,-26.2854,-94.1807,-55.3281,-61.4193,-98.5746,12.5140,57.4863,151.5881,232.4688,-117.5560,-135.1836,-69.6818,-95.8751,78.0764,108.3418,-76.8391,-30.1030,50.2820
-126.8773,-29.0014,-97.0717,-22.1887,-44.4093,-101.8678,14.8922,13.1362,132.4133,154.3494,-100.0278,-121.4904,-54.1495,-89.8696,55.6550,65.6805,-100.3324,10.2854,23.8898
-109.3407,-18.9559,-84.0859,-13.9635,-20.9381,-93.4628,14.3918,-42.6890,113.5991,68.3571,-66.8829,-79.1027,-33.0183,-71.3156,56.6439,58.8517,-97.3876,0.9401,7.3059
-84.5391,-2.7898,-61.3370,-17.4634,-21.7686,-43.5934,8.7276,-49.3029,88.3494,56.6483,-61.8814,-34.2673,-27.8610,-38.4079,55.1644,72.9059,-60.5516,-14.8429,-0.7830
-82.7044,-13.3706,-62.1293,-25.7811,-31.7259,-17.6291,26.8230,7.2875,91.5322,112.0959,-82.7021,-24.3504,-33.7227,-8.9253,66.0036,107.6349,-52.3632,-18.3012,22.1347
-86.6919,-31.1919,-76.3442,-38.6397,-37.4413,-44.6483,50.6220,45.2944,99.5610,123.5639,-79.1010,-40.1147,-39.6593,-3.9509,89.0708,141.4702,-71.0084,-27.5470,48.7383
-74.4106,-34.9544,-78.1760,-52.3308,-54.7682,-55.2709,43.9135,38.6048,75.1185,84.7371,-39.1058,-62.6602,-45.1351,-24.8351,89.7607,128.3750,-66.2850,-41.5090,48.7453
-59.1050,-34.1014,-70.2987,-60.0924,-71.9819,-33.8966,21.9815,44.5635,57.0855,71.9852,-8.4853,-78.9042,-42.9138,-44.0082,69.7738,84.8699,-46.5253,-47.8220,43.3367
-52.7369,-25.5637,-61.2374,-51.8535,-62.0851,-35.2663,10.5830,62.0412,66.4656,64.1018,-10.8377,-74.4846,-35.5774,-41.2628,57.7863,65.5405,-42.0442,-41.2249,45.2616
-46.3424,-15.6855,-52.4630,-29.5133,-36.1231,-40.9729,-1.2471,54.9658,55.4281,18.1642,-16.9197,-67.7174,-45.1300,-27.4861,51.9688,71.0411,-34.6911,-20.6613,38.9375
-27.6353,-29.6053,-38.2962,-9.4306,-10.3348,-5.1676,-18.7046,50.2524,17.3363,-16.5217,-4.2854,-81.8331,-59.5956,-15.3186,37.7770,62.9703,-13.3647,2.8301,25.9387
2.5933,-50.4435,-5.5559,3.2930,18.9983,25.9894,-22.9030,66.6836,-4.4971,-6.9733,15.6483,-88.8716,-40.3804,-8.1162,19.5072,28.2098,-13.7736,15.6856,19.0771
22.9858,-45.8871,32.1917,8.8276,36.4539,5.3548,-9.3465,71.9995,-7.3061,11.9025,33.0056,-71.6988,0.0068,-13.5486,11.6537,-2.1229,-47.2479,15.1969,15.5563
18.2652,-31.9758,37.9813,-3.1609,25.4935,-25.5219,11.5130,66.0949,-8.9363,23.5621,45.2414,-66.5254,22.9773,-27.1479,21.7884,5.8018,-69.1872,-0.1445,8.4523
5.3518,-25.6034,16.1768,-23.9780,11.1578,-28.6815,32.6885,69.7577,1.3939,30.6243,38.7459,-74.9869,34.0688,-29.8500,37.4902,30.2429,-54.4605,-22.7519,2.3788
-1.0683,-12.6779,1.8289,-29.1733,10.1623,-25.3284,39.2578,63.7587,25.1903,21.9516,17.0856,-55.7303,42.1865,-18.6536,41.7071,36.2615,-35.6529,-34.0294,2.9550
-6.8597,-2.9763,-3.6326,-25.3261,0.8977,-37.1440,20.3404,39.9075,36.3128,2.6663,18.6406,-22.3259,32.4817,-3.8426,36.5406,40.6737,-38.7367,-34.5428,-2.9686
-3.2686,-21.2360,-7.0336,-25.8140,-10.3784,-56.5855,1.5950,25.1583,20.1737,-9.5229,58.8647,-20.4321,28.2009,5.9788,21.5614,36.1804,-51.3542,-30.4613,-29.6444
14.1845,-49.3253,4.5786,-12.5271,4.5985,-61.2840,11.4067,14.9120,-10.9382,-16.4149,98.8907,-38.4545,60.7743,-4.2027,-12.9829,-30.3961,-66.1188,-6.1382,-55.6245
11.8284,-51.6808,14.9292,14.1913,21.4130,-38.7206,25.8817,-14.4684,-32.3253,-28.4565,102.9068,-44.4571,85.6302,-33.8259,-43.6984,-111.7577,-79.7421,30.6922,-56.0103
-20.0422,-29.0977,-1.7841,21.0088,8.1431,-11.2504,10.8263,-39.8841,-32.2257,-41.1296,79.5069,-46.7220,55.1673,-49.1618,-37.0654,-95.7301,-68.1954,39.9476,-50.6668
-35.2110,-8.2652,-15.3195,10.6265,-4.8220,-7.0692,-21.0550,-31.0652,-30.6166,-38.2268,62.2777,-51.8058,10.9672,-35.3075,-20.8387,-23.1006,-30.4581,25.1282,-59.1123
-14.0846,-3.4985,6.1929,15.4545,4.0423,-18.7954,-53.4438,-15.4660,-51.1872,-25.8732,79.7319,-41.6172,-2.5001,-19.8415,-43.3758,-21.0613,-5.2702,27.2310,-68.7486
11.1197,-3.5458,32.6527,33.6719,4.7017,-28.7520,-93.6082,-30.8061,-86.2955,-41.0954,118.0647,-22.1401,-11.1077,-17.6388,-88.5250,-74.0553,1.7368,48.5137,-82.4825
25.0266,3.1385,37.2965,45.3579,1.9357,-31.4001,-118.8635,-56.2903,-109.9419,-81.6396,122.8957,-21.6374,-30.0929,-15.7735,-107.1669,-90.4380,22.9552,62.8630,-102.1750
35.0071,1.7588,37.2882,43.7926,30.6486,-25.3993,-94.7740,-52.0674,-104.5594,-89.4829,88.9626,-40.8040,-29.1959,-12.3805,-82.9785,-60.9903,42.4774,55.3816,-94.4573
34.8772,-21.4346,35.6995,21.5122,55.0220,-31.1141,-58.1150,-31.3509,-80.6785,-61.9744,88.2004,-63.4251,-13.1968,-15.8248,-36.4556,-12.4303,19.2402,21.4312,-68.1569
28.0828,-48.7765,21.1404,-11.5227,22.4773,-64.2309,-70.4125,-29.5678,-77.1429,-57.3500,143.9540,-89.5231,-24.5438,-24.8794,-11.1558,28.2279,-17.0617,-13.4162,-77.9918
39.3638,-59.5918,15.6678,-20.4036,-21.6629,-81.4044,-106.4878,-35.4384,-105.8689,-68.5397,179.9296,-108.4887,-53.2111,-32.2609,-33.0137,11.8938,-10.1436,-10.2165,-104.1078
67.3560,-54.0884,34.8805,-6.1636,-14.5132,-50.5485,-101.8539,-23.0281,-120.7458,-54.1504,155.5885,-93.0446,-45.0386,-28.8118,-64.6253,-47.4810,25.1675,8.6522,-89.9425
77.2031,-43.7022,44.8207,-9.6256,7.2224,-22.0606,-65.6093,-6.8232,-96.9552,-37.9905,130.4439,-60.7521,-2.9445,-16.2696,-57.7215,-63.1081,37.1031,-6.8228,-65.9213
57.0643,-47.5130,22.1855,-37.2842,-18.2705,-32.1822,-52.7451,-4.7092,-76.9088,-37.1287,153.2737,-61.4584,11.0184,-15.5082,-31.7984,-27.4267,16.7001,-39.3269,-73.4136
35.7019,-72.3429,-7.3154,-62.2291,-73.4772,-52.6922,-76.6668,-8.7263,-77.0228,-22.3461,196.3777,-89.1984,-19.6769,-35.7507,-27.4063,-16.9350,-9.7902,-53.3842,-77.4125
30.2195,-91.3389,-25.9367,-80.8062,-105.4913,-79.1794,-103.4472,-18.0029,-49.0705,-4.7222,212.6166,-103.4858,-43.5362,-61.7432,-29.7753,-40.6553,-25.3972,-70.1990,-57.6696
23.9558,-82.7138,-44.0200,-98.6146,-103.2936,-116.8779,-100.5763,-30.9105,12.0764,-8.3704,188.2421,-105.2138,-33.7782,-81.0899,-12.1140,-46.5769,-27.6508,-101.2842,-39.7014
15.1128,-58.8208,-48.8075,-96.7356,-88.2234,-122.5141,-75.0053,-26.1925,31.9372,-9.5524,148.7841,-99.6901,-19.2299,-83.7570,0.3661,-35.7918,-15.4209,-104.5114,-28.7831
24.7171,-25.4447,-14.7715,-56.8958,-66.8973,-91.1039,-60.0201,-6.8147,-32.2007,-10.9462,132.1256,-67.2003,-13.5896,-62.7207,-33.2072,-51.9928,12.2746,-54.0970,-30.7040
42.5796,26.3035,39.5303,10.1509,-22.0375,-71.8445,-59.6601,-4.3551,-131.3792,-48.6242,137.3719,-25.1975,3.5472,-45.3514,-103.1052,-108.5304,50.1219,25.8112,-54.6127
46.5965,80.5959,80.4553,74.0287,44.6300,-48.3695,-45.5090,-26.4065,-201.9310,-110.8544,128.5770,-5.9311,33.9487,-58.3661,-154.7257,-177.2000,84.3077,94.0790,-64.5998
57.3326,107.8548,109.4212,108.1883,91.9351,14.6183,-18.7815,-61.7871,-231.4407,-171.3822,104.1102,12.7138,58.1866,-69.1879,-157.5860,-219.5545,98.9461,120.6428,-48.3529
82.7295,95.5451,127.9692,110.3109,103.0351,59.0630,-6.5134,-94.0079,-224.4702,-207.4226,96.8433,41.8679,75.0838,-47.2825,-136.6129,-221.8664,81.6061,110.4978,-50.9927
80.3049,53.2348,120.3082,98.0990,113.0628,41.1979,-1.8677,-86.6423,-177.6806,-164.1421,102.0705,43.4735,90.4010,-25.1454,-118.8921,-198.0984,37.6960,94.0332,-58.6823
53.9581,18.3236,101.0630,83.5866,125.7916,14.6392,7.4285,-43.5293,-125.2689,-70.2228,91.6874,27.8409,87.4929,-21.5086,-100.2532,-160.6349,5.5550,80.2890,-28.2483
63.2607,19.7656,100.4801,69.5066,101.7752,7.1105,-7.7991,-32.8818,-124.1789,-57.2828,85.1365,43.5723,54.7145,-2.8859,-86.4066,-118.8439,16.4488,62.7063,-16.1096
96.6226,29.8640,107.6717,64.0885,61.2690,-5.7019,-56.3443,-62.2992,-157.7166,-118.8020,109.7258,74.5191,17.4934,33.4264,-98.5973,-97.1488,45.5969,54.9557,-59.1479
89.6768,21.7819,102.1665,75.0284,67.0592,-0.0541,-84.9582,-60.9742,-158.0499,-121.1817,125.9826,83.1036,6.7504,47.1079,-120.6735,-107.1178,52.4683,68.7911,-67.1259
52.6051,26.7909,96.4198,93.9565,101.5101,50.0969,-59.5545,-31.5584,-138.9144,-87.8679,96.2913,77.5561,19.8941,32.1259,-115.5729,-118.0951,43.6175,90.2368,-20.7073
39.6855,60.8616,97.9166,100.5341,98.5779,95.3572,-19.3487,-35.6509,-167.1140,-126.7130,68.0635,64.9632,37.3626,20.9823,-94.2444,-100.1492,54.0442,100.3361,-32.5071
57.2618,88.6437,96.4739,82.7580,61.1171,92.3174,-9.6772,-52.8118,-217.2093,-178.1869,80.3756,51.9319,49.7215,32.0966,-91.7671,-68.1220,94.5958,86.1330,-108.0812
81.6771,95.7972,93.3466,52.6742,32.7252,66.3886,-17.1075,-34.4862,-209.8144,-151.3441,79.5504,68.0666,53.2401,58.0388,-95.7708,-44.6082,136.3547,50.0951,-132.5189
88.4523,88.6370,85.0961,31.7875,25.1933,50.9236,-1.5085,-4.1395,-150.4195,-98.2068,33.0648,94.7877,50.8725,82.3782,-68.6949,-11.7174,133.5560,19.6389,-96.5587
62.2984,57.3571,59.8642,20.9844,33.2214,43.0130,41.1796,13.2367,-102.0070,-67.9752,2.7566,82.1565,57.9286,97.5946,-17.3670,51.6929,80.6718,9.1944,-80.1748
31.9706,25.9455,33.6874,10.7975,40.7861,24.4096,74.7191,23.0426,-85.6437,-48.8661,16.9106,60.4066,74.5211,107.1847,12.6618,103.9829,35.3959,3.3478,-91.5750
33.9703,41.9812,31.0077,13.0436,26.3447,-0.7135,75.8013,3.2961,-85.5014,-70.6819,16.0240,81.6580,78.9226,103.8643,1.5785,81.6576,35.1441,5.8703,-94.2829
45.6551,88.0105,44.1861,41.9275,12.8609,0.9682,59.0253,-49.6649,-86.6991,-139.7908,-23.4046,114.6447,67.9677,78.0376,-25.3206,1.2043,46.7877,35.5342,-81.3410
39.8018,114.8891,57.3767,77.8427,34.4573,36.0175,40.1971,-83.8425,-83.3529,-183.7748,-58.0124,122.2197,54.4327,49.0820,-42.3479,-59.4747,51.1483,71.0546,-55.2322
41.7728,117.8027,67.9269,88.3615,57.7266,60.9496,24.7610,-81.3520,-90.7422,-176.6158,-65.2369,114.0797,36.9242,36.4207,-48.8553,-71.1928,71.6518,78.3660,-29.6554
65.9242,97.5780,71.2865,69.2025,47.6434,52.8459,30.7149,-74.1430,-124.5638,-160.0380,-42.3331,81.8854,26.0261,24.6421,-47.7411,-67.6507,92.7184,62.5724,-29.3545
85.6651,44.5896,65.5362,40.5281,38.8601,32.5360,60.0681,-67.1816,-154.9313,-142.9939,14.7121,28.1699,43.1861,7.3424,-37.1504,-69.3593,73.3092,41.0155,-41.7066
84.7345,-11.0012,50.1963,18.6383,41.1431,12.0035,71.2493,-56.4138,-136.1257,-116.2722,64.1305,7.2321,60.3672,8.5979,-25.2080,-65.9529,31.9416,18.7956,-37.5939
68.3990,-33.9190,19.2162,5.0272,13.4611,-2.1308,39.6781,-62.6631,-76.4114,-99.0913,59.9695,25.8489,37.9636,24.3080,-21.2458,-59.7524,12.1976,3.4514,-28.8423
48.2541,-37.5960,-10.1185,-3.3164,-22.2870,1.9035,2.4744,-77.8123,-25.9460,-99.8484,36.9078,19.2443,9.0988,15.5395,-19.1360,-68.0506,6.2307,-1.8943,-31.1102
33.1494,-42.1956,-14.3148,-5.4459,-18.0301,6.8135,-4.4023,-67.1346,-5.6739,-94.7134,38.4608,-24.6325,11.9807,-21.3558,-12.0800,-85.9554,-13.0002,-1.8713,-23.2821
11.4754,-47.6493,-15.7657,-5.7669,-9.7031,3.1327,4.9852,-39.2260,9.3223,-56.1412,40.7601,-48.0404,18.1824,-45.7467,-4.7754,-88.3124,-40.8360,1.2115,1.6807
-16.3411,-53.5856,-30.1225,-13.0808,-27.0485,22.4586,9.5184,-30.1121,28.2415,1.1728,37.9753,-24.9269,21.1036,-35.2665,-4.2352,-75.5195,-54.0974,-3.3017,10.4588
-10.5638,-45.2279,-18.4708,-16.8451,-17.3945,55.8033,9.7461,-40.4578,16.0747,7.6636,65.2876,19.4111,55.4319,-7.4385,-19.7466,-79.6064,-31.9008,-18.2057,-13.0411
30.9577,-4.3896,26.9715,2.8506,33.0080,56.9639,7.0903,-40.3163,-34.0766,-48.9839,93.1741,60.1690,93.4658,16.0805,-52.8176,-103.9667,23.7461,-15.3473,-33.5846
54.8928,44.0443,61.6733,32.9706,70.7874,49.7181,0.1909,-16.3488,-67.2335,-70.1909,64.5835,94.3110,84.8491,34.9625,-77.1328,-106.0545,77.2232,8.8802,-15.8714
54.0035,60.4842,75.3889,38.1348,85.9021,69.2026,-8.7829,3.2297,-56.2294,-29.8475,25.3426,123.0672,60.2109,56.8059,-65.1297,-62.3471,96.9687,5.3615,13.2090
51.8953,48.0811,67.8271,7.2263,82.5219,60.5047,-21.3581,-16.7630,-34.8651,-29.3934,54.9244,131.6744,58.5402,72.5667,-30.6030,1.8720,88.2060,-44.6500,-1.3636
26.7352,35.2385,12.5968,-44.3419,26.1467,-9.1467,-38.8262,-57.5631,-13.9518,-67.2845,121.6938,111.6921,54.8402,61.5479,-9.9728,45.8766,76.9629,-101.8870,-46.6425
-13.4822,33.9164,-49.3220,-88.1493,-52.3709,-68.0753,-47.8390,-65.2528,19.8217,-33.0408,138.7810,87.1361,39.5934,26.2969,-12.9127,43.2435,77.7082,-134.3614,-54.4574
-13.7555,30.8837,-44.2997,-90.2029,-62.0805,-63.9763,-26.8279,-29.3855,40.4883,44.7230,96.4765,75.1283,42.5172,4.0278,-17.2920,10.8547,71.4558,-126.8925,-17.4004
2.3118,5.0323,-15.9931,-56.4722,-15.5283,-28.0904,22.0709,11.5618,34.8444,55.7561,55.7614,61.4085,63.9288,19.1385,-4.0599,0.8232,30.2662,-82.6471,6.9985
-16.1312,-34.7877,-36.1103,-42.9256,-3.3014,-8.6714,57.2099,25.1729,38.4172,26.2149,62.4282,43.6062,78.9694,40.3021,16.1000,18.5750,-21.9325,-56.4567,1.6554
-24.1795,-51.8560,-58.4684,-64.1060,-32.6817,-28.9908,39.7395,10.1421,50.7167,20.1006,96.6928,32.8924,69.7180,28.8635,17.9177,15.6067,-33.0265,-77.5925,-3.9383
0.0698,-41.6612,-39.8442,-63.9496,-47.8718,-58.0551,-7.8584,-5.9136,45.6981,15.5689,92.4456,19.4815,28.9237,5.4319,5.8692,-3.6558,-20.8703,-78.7523,-1.7166
-9.7698,-33.9540,-26.4023,-26.3618,-34.3013,-37.8861,-30.9799,-2.2017,51.9223,14.5544,32.5712,-0.9197,-12.4245,0.6274,8.2219,2.9172,-39.7191,-28.9368,2.5294
-40.2365,-34.5287,-30.3915,-7.3541,-11.6157,4.7800,-29.5155,-8.4823,81.3345,35.7130,-7.6046,-11.7506,-13.3837,-10.2832,17.9922,2.1057,-59.9547,-7.6151,11.8243
-17.1304,-30.3110,-24.7577,-24.8478,-6.3951,-4.7020,-43.2541,-51.4381,81.4632,23.8863,16.1278,-8.4048,-2.2470,-37.8072,3.6061,-45.2326,-25.5136,-40.3387,15.2402
15.7054,-24.8540,-33.2278,-36.2665,-38.1912,-40.7399,-66.5584,-87.6966,56.2112,-25.5229,35.8671,7.9318,-24.9540,-34.7113,-21.7448,-75.4109,20.2070,-52.4172,3.3684
-7.7314,-24.5341,-60.7479,-34.2097,-72.5839,-41.9117,-63.0285,-81.7259,64.6115,-18.6599,11.2791,27.5461,-46.0583,-5.5819,-17.4868,-40.4160,12.9880,-37.8590,-6.1803
-28.9956,-25.0658,-56.6907,-50.9135,-53.6060,-38.9917,-35.3057,-72.3870,83.7280,42.5785,8.9003,11.2724,-16.6635,-19.7718,11.7561,-0.0415,-8.6024,-63.3636,-8.3914
0.0627,-18.0016,-22.9853,-79.4094,-1.6717,-66.4335,-13.5591,-79.1477,63.4660,62.3629,45.5547,-36.4008,28.8379,-61.7274,30.1711,12.0267,17.1427,-115.8604,-22.6452
29.9557,2.7113,-2.2622,-83.4546,18.0865,-94.5818,-11.9807,-60.6994,37.8423,49.6528,44.0050,-42.1920,32.8744,-48.6669,30.2578,41.9790,58.4365,-127.7288,-41.6783
33.7238,21.5294,9.5355,-60.7859,0.3587,-109.6048,-28.9319,-21.2747,28.3841,59.6619,9.3295,-1.4646,-3.9226,-0.4556,21.7614,81.8769,56.4272,-94.3501,-39.2606
28.4595,20.2545,19.1937,-29.2903,-12.0600,-105.7862,-49.8693,-25.3725,-5.9945,40.4528,19.2346,13.2839,-40.6381,-0.7582,-0.5989,56.8712,30.6063,-47.2817,-19.4430
10.4238,28.2337,14.4125,12.9941,4.2317,-56.0172,-51.2616,-79.4058,-53.3963,-44.9804,39.4669,12.5663,-47.1884,-38.1104,-34.7878,-31.9016,31.2033,6.3979,4.2790
-10.7492,71.4450,21.1135,62.4211,44.5336,14.1756,-32.2495,-110.3677,-65.4389,-107.8588,-3.7266,49.9909,-33.9357,-50.3584,-54.4736,-94.0134,50.7442,55.1700,41.7619
-5.6380,99.8751,55.6451,84.5027,83.6236,53.5492,-12.7738,-77.2011,-63.3625,-87.5663,-51.8001,76.1181,-30.8601,-43.7892,-41.0317,-83.3239,55.6374,68.4185,92.0403
11.6088,74.9718,70.1153,61.4340,86.2430,72.4057,0.3336,-29.2633,-78.3770,-44.4110,-39.1074,36.6871,-43.6906,-51.5598,-8.6876,-41.1169,53.5622,42.7017,122.4841
5.5815,43.5814,38.6338,28.3779,50.9940,81.8782,2.8196,-25.2740,-82.8710,-28.9587,-24.2274,-9.4077,-67.0324,-60.9922,13.7056,-6.3647,63.6211,16.3837,115.7079
-22.0098,35.0764,-0.2608,18.2091,17.5235,66.1468,-14.1776,-41.0061,-61.7251,-6.3288,-39.6747,-7.8434,-99.8921,-51.4902,13.7829,22.0196,70.1725,14.4730,103.8720
-46.7604,18.5776,-19.6374,10.3598,6.1190,53.5221,-32.5382,-22.2261,-31.6010,55.3266,-30.5331,9.6040,-114.2984,-41.4380,4.7100,31.0616,59.4904,8.6724,124.3045
-55.0943,-5.0553,-27.1077,-17.9728,-4.1252,58.8453,-28.4692,16.8931,7.4283,124.0874,-4.6991,6.9402,-92.0762,-52.6517,9.1367,15.8855,41.3219,-25.0714,156.1478
-57.9679,-6.8917,-33.1211,-36.7396,-24.0160,41.7862,-20.8347,37.9328,40.3412,150.5022,-20.4416,-12.7870,-83.0185,-61.4245,28.1748,29.9806,22.8408,-43.4577,150.2815
-68.2696,8.5850,-40.3931,-13.8823,-31.0359,23.7253,-35.6426,44.4225,31.0703,119.6117,-62.6038,-28.3806,-119.8052,-39.5129,32.9644,79.5435,23.7404,-6.3934,114.9055
-55.4440,34.1709,-27.5097,24.1891,-12.7290,49.2872,-59.7586,26.6506,-8.2028,56.0829,-94.2485,-24.2036,-148.8017,-21.3430,10.1631,74.7908,66.1764,38.6965,89.8130
5.6812,68.7761,24.3254,37.1338,12.2979,54.4593,-77.0206,-35.6707,-39.5330,3.0480,-113.4375,-16.3688,-136.0787,-40.8324,-11.2388,15.9088,113.5651,36.6112,58.1147
57.9736,85.1777,75.0641,34.0699,34.8024,3.2081,-86.7005,-86.5629,-64.5717,-12.9011,-103.9586,-17.2757,-113.6277,-46.6252,-12.8065,17.1115,118.0125,17.8176,-2.6603
54.1710,77.2539,81.7937,42.1973,63.0821,-14.1981,-75.9491,-65.5335,-83.7581,-4.6755,-75.6305,1.1957,-90.6535,-0.8182,-15.6935,67.1863,109.2593,25.0662,-38.5805
48.8459,73.2657,72.6821,47.6881,77.6662,14.7585,-48.8020,-20.8298,-66.5397,6.5303,-85.9629,34.2421,-63.8439,33.1098,-21.7110,60.0353,119.1084,30.3612,-11.9931
74.3535,62.0149,72.5993,17.7330,47.5098,-2.7034,-38.9176,-6.0518,-14.1111,35.7950,-116.1461,29.9456,-61.6998,17.6240,1.1197,40.1629,105.6173,-6.1305,21.9243
70.1026,22.6677,48.8324,-37.5974,-3.9639,-53.2050,-33.8488,9.0596,31.7928,94.3287,-93.1355,0.2485,-68.8882,7.1525,46.6211,93.1658,56.2999,-64.4187,23.7068
24.5959,-6.8077,0.8075,-72.9171,-25.5515,-66.5168,15.0182,30.6728,49.3699,131.1365,-44.4034,-1.1509,-28.8713,18.5238,70.7779,138.5037,22.0497,-96.9506,19.0310
6.3465,-6.2379,-22.0141,-75.2702,-23.7471,-73.4792,77.7396,18.7005,41.8848,100.6168,-19.9333,10.0211,35.7820,13.9854,65.2225,103.8847,6.2574,-94.8689,8.0353
24.1465,-16.4397,-20.4311,-77.2635,-44.5879,-107.4507,78.1433,-7.0246,19.9861,47.0364,22.0107,2.5240,51.3099,6.6288,53.4291,70.0430,-18.0550,-91.0754,-24.8947
25.4720,-40.2389,-36.5997,-92.2931,-84.4123,-132.5736,40.2754,-0.4095,11.8000,32.0813,68.1042,-5.4424,18.5122,22.8149,51.1608,95.8519,-30.4053,-99.5791,-45.1700
4.5985,-35.7741,-61.3869,-91.3967,-93.0928,-139.3154,44.8200,17.2059,32.4308,37.2609,29.3686,-10.5356,-6.8200,34.2705,66.8430,135.7969,-24.7772,-92.9024,-33.1739
-8.6230,-12.3536,-59.4198,-65.4879,-62.9094,-136.0162,72.8645,0.8950,50.4346,19.7386,-39.3269,-20.2166,-0.7248,19.6817,80.7442,133.3167,-32.3490,-65.0017,-26.3711
-14.1166,-9.3444,-48.8930,-48.9074,-49.6636,-112.7114,56.2696,-49.9022,42.3712,-4.8019,-13.3185,-12.2874,17.0596,-8.1352,54.3879,65.3353,-43.9596,-50.9256,-35.0093
-30.0967,-21.1965,-68.0615,-55.3560,-78.4772,-98.6487,16.3241,-93.3819,36.5519,-6.2968,45.5030,-0.3154,10.0260,-38.3796,12.4923,-11.4193,-37.3988,-54.8943,-28.4048
-50.0175,-19.6701,-91.6741,-53.6767,-89.3212,-114.2816,6.3887,-78.7396,45.5385,-1.0044,27.3315,-21.0010,-24.4087,-50.7383,12.9006,-1.5211,-28.2120,-44.4711,-5.5984
-41.3437,3.7721,-63.8659,-26.8591,-40.5492,-107.2258,8.5875,-18.6795,25.7452,-15.6880,-1.4335,-33.2041,-36.8090,-31.1939,22.5773,44.5366,-9.2921,-19.2487,11.2587
-0.2182,34.8808,-2.1053,4.3034,12.0816,-62.3720,-6.0300,7.1437,-28.7891,-39.3015,23.4518,13.0725,-11.4993,-3.6248,-15.6332,10.5678,34.5852,-0.6524,15.2826
22.9626,44.4833,25.4434,21.4812,23.0706,-33.9980,-19.2756,-16.4781,-44.0559,-44.3846,28.5251,71.4404,2.4829,22.5952,-45.7140,-28.3164,49.6622,9.8006,8.1729
5.5105,25.0823,17.4469,24.5919,29.8029,-28.7066,-23.4061,-21.3852,6.0361,-30.1801,-1.2514,87.1835,-5.9772,56.6174,-11.4614,30.4297,2.2451,8.3418,-1.2797
-5.6699,5.5671,23.4259,17.0003,48.7500,-26.0496,-29.1129,3.9981,44.0610,-9.2979,4.5302,66.1727,1.5363,61.9600,23.2231,77.5827,-43.9992,-7.5700,-3.4237
4.5342,-3.9127,34.9901,3.3276,45.0645,-45.1265,-23.5914,20.9589,35.7061,31.1241,20.6800,17.6112,13.4992,19.0938,17.7862,46.8153,-50.2158,-16.4036,-2.1921
-2.5647,-24.2679,18.6327,-14.1448,28.5576,-73.4245,-12.6656,42.1770,44.4496,98.2426,-2.2459,-41.1111,-6.8559,-13.6158,26.7320,55.6896,-50.4743,-20.6821,7.1778
-10.5571,-49.4592,3.4938,-36.3241,28.3157,-75.0758,-25.5104,71.6914,77.3847,144.1298,-10.2451,-70.1923,-34.7124,-12.7030,54.9992,106.2033,-50.9380,-47.1879,29.0577
15.7838,-54.9252,13.0472,-50.9272,18.8772,-76.1414,-30.3487,66.0566,64.8767,126.7889,11.2133,-76.3436,-33.7241,-19.6342,56.6657,93.5249,-39.4475,-67.3993,29.3740
18.8774,-54.3077,0.3237,-46.5773,-8.9112,-87.3284,20.0665,50.4587,30.2439,93.5588,-9.8827,-101.6550,-19.5296,-27.2188,60.7996,84.4253,-49.4345,-42.4763,-3.6449
-44.9854,-73.2998,-51.3719,-44.6727,-19.8960,-57.9471,78.7548,94.3926,57.9975,110.3609,-49.7402,-141.0604,-6.4250,-12.8929,102.4441,151.1035,-94.5847,-18.6330,-13.2336
-89.6633,-96.9600,-81.3585,-63.7895,-23.6077,-5.4387,90.0634,157.1297,108.1261,144.6060,-25.7415,-161.6303,21.3095,-16.2555,124.2588,162.2255,-126.1432,-38.2267,15.6773
-51.6231,-99.1006,-62.2389,-74.2475,-42.6018,3.1089,92.8442,148.0731,92.0084,120.4215,15.5164,-155.0723,59.1406,-41.7618,93.6857,64.0294,-119.2057,-50.7070,18.7091
-5.9253,-87.9977,-39.1447,-49.9099,-40.9954,0.4214,114.2212,86.0965,50.4435,43.3924,-2.5547,-126.7187,78.7567,-29.3966,71.3755,8.0204,-107.8424,-22.1980,-19.2148
-13.1309,-86.4997,-39.1862,-18.4452,-10.7156,44.8433,114.3465,46.9191,50.6301,-23.5214,-28.0195,-90.5122,78.7072,20.7753,83.7503,44.3540,-116.6143,5.0725,-51.7057
-24.9543,-91.6416,-41.0364,-7.8743,-4.3635,89.2349,99.9127,44.7242,49.7184,-54.8091,-7.2005,-62.1636,84.4344,57.4448,84.9324,65.5309,-126.8158,12.2208,-70.7969
-11.4327,-82.1965,-33.1421,-6.1495,-23.7288,84.7601,112.3838,53.7190,15.3476,-58.2037,9.9745,-34.0660,96.5299,73.8164,63.8399,48.8270,-115.4114,20.2419,-79.0871
-14.2319,-58.7017,-29.6477,-1.4231,-28.2809,70.2565,125.1195,54.7022,0.4950,-32.5170,-10.4955,-3.0769,86.2313,76.7960,55.1508,52.9947,-95.7625,25.9357,-54.9130
-40.7471,-41.6521,-34.6773,3.1653,-27.5331,69.4863,99.6878,28.3095,15.2441,2.8585,-32.4374,8.8081,49.2340,54.5611,55.1840,61.0138,-89.7473,26.0411,-23.4268
-45.7539,-28.8585,-33.0779,14.5274,-35.9551,50.9427,49.2053,-30.4139,8.8902,-4.4983,-30.6036,-0.2658,12.8997,14.0370,26.0757,14.6579,-77.7715,39.2482,-29.1152
-26.7883,0.5512,-15.4414,38.3361,-28.8189,14.9836,-11.8540,-87.8597,-18.3484,-55.8108,-16.2035,-7.8225,-12.4008,-27.6099,-28.7565,-67.8099,-40.5130,63.2833,-47.2370
-22.5698,42.1942,8.9178,64.0447,-3.1943,0.5438,-58.9273,-100.5185,-36.0321,-77.2783,-16.4114,0.9468,-32.2504,-48.0007,-64.7492,-102.2047,-4.5011,83.3044,-42.4100
-25.2552,72.0908,30.2796,83.9823,25.0603,15.3246,-49.5850,-64.9238,-50.8757,-42.1797,-51.4701,39.8554,-36.1686,-13.0281,-68.1395,-60.6108,21.3450,100.2720,-27.9042
0.7824,81.9304,50.0230,97.3321,57.1416,33.9702,-12.9845,-17.2096,-66.2157,-19.6601,-89.0192,94.7164,-22.5575,50.2809,-69.9217,-27.4939,59.4637,109.1512,-6.5892
34.8755,76.1140,63.6413,99.5750,74.8882,44.8355,-11.5281,14.9336,-67.2015,-46.7241,-79.7062,104.0754,-11.3362,59.8076,-82.3434,-67.1190,82.6970,105.4349,25.4169
34.1092,63.5607,60.2122,91.6987,58.8728,51.5121,-11.6143,30.2602,-62.9412,-68.9976,-51.4807,60.6009,0.6606,20.6736,-81.1331,-112.2445,56.2261,103.7004,35.0231
13.3633,63.2661,45.8332,82.2108,41.2814,45.9422,29.7357,27.5914,-61.4566,-55.4734,-60.1498,42.1774,26.6948,10.0071,-62.1551,-95.3663,28.0260,102.6604,13.0904
8.0839,78.4775,39.2640,73.8531,44.0003,23.6668,51.8111,10.1299,-48.3152,-46.8562,-80.2923,62.5889,44.1292,21.9288,-50.3214,-67.0072,34.7984,87.2933,-2.9412
13.6251,81.8560,43.5509,65.4157,38.9990,6.9007,19.2431,1.9807,-34.2223,-64.8053,-59.8982,46.8370,36.6308,0.4219,-51.6214,-81.6485,31.3951,71.8249,-5.5878
15.9256,62.1804,45.2670,58.4103,28.7970,5.7574,-9.9477,12.6410,-40.6332,-82.7323,-16.1861,-11.0676,27.1587,-38.6255,-54.9620,-110.6374,11.2233,70.3140,-9.5094
16.8948,43.7223,38.7704,54.4960,43.9045,-3.0745,-11.1829,26.5379,-49.5081,-81.0844,7.1523,-43.1742,24.0142,-52.5343,-58.7903,-117.2714,18.6891,68.3278,0.6547
15.5049,36.1167,31.2265,54.3159,59.7436,-14.1549,-7.2694,43.9276,-47.1868,-67.7000,7.5565,-36.5397,14.5480,-42.0286,-59.8318,-104.7067,32.9409,66.0634,26.9335
17.3841,22.2085,27.3559,53.2567,40.9437,12.1285,2.0684,60.0208,-49.7244,-66.6111,5.5918,-21.6521,8.4731,-20.0043,-51.5689,-94.0370,19.7913,70.4048,37.3521
30.9433,4.9500,24.4135,43.7386,13.2762,62.2705,5.4839,40.7610,-45.0738,-88.2701,6.6662,1.7609,12.8609,3.2382,-40.0202,-98.1491,11.3697,59.2749,27.5537
34.1745,2.9579,18.8770,33.0640,5.2733,85.1760,-12.4003,0.6012,-13.1048,-98.3630,1.8481,39.1397,12.1786,17.9224,-32.5187,-99.1460,15.8728,34.0623,25.6472
10.1928,3.8542,7.4158,33.9943,1.9943,88.6412,-15.8786,6.2764,14.5145,-70.2113,-7.2119,68.4622,8.5271,33.7417,-28.2125,-80.2040,0.7705,32.8397,40.0585
-10.7108,-11.8929,-14.7507,35.5863,-12.3459,101.9927,6.3667,45.8678,15.0632,-46.5112,-12.5590,65.7662,9.2491,52.4855,-27.3354,-64.8998,-10.2622,49.2243,47.9664
-11.7724,-23.6851,-43.7730,23.1611,-38.8815,100.5415,5.8005,41.7357,21.4711,-61.9831,-27.8629,30.5341,-2.9319,48.8097,-24.6891,-62.5118,9.1458,46.9821,22.8398
-23.8816,-13.2601,-65.3638,10.0922,-73.7267,70.6477,-12.6233,-0.3110,41.0504,-74.5257,-53.4611,-8.5932,-21.6037,19.3544,-15.2326,-54.1423,9.3195,39.4024,-21.7029
-56.5332,-7.8744,-76.3402,10.1985,-91.1283,50.3554,-2.1880,-19.0874,44.1432,-54.7082,-44.8160,-21.6343,-12.7972,-14.0219,-15.5994,-67.1123,-29.0745,47.9815,-27.2895
-81.2963,-18.8010,-83.8229,11.8096,-64.7405,43.4393,16.4540,-15.5005,49.7052,-26.2205,-5.0755,-18.5004,12.8162,-48.5044,-30.5948,-117.2941,-48.1042,46.6403,25.0910
-89.4697,-8.3476,-81.9961,3.9908,-20.0075,14.5053,7.8334,-1.4376,94.3824,9.9119,-9.8439,-21.9581,19.5861,-77.1929,-28.4568,-128.5906,-31.7897,19.3373,76.7423
-92.3277,27.2826,-66.8987,-5.3333,-3.4594,-20.4458,-15.8549,49.1575,150.9449,50.2135,-50.0121,-20.6092,16.6383,-71.9488,-8.5160,-77.6935,-23.1156,-6.3934,85.4531
-89.8065,35.5959,-53.8955,-2.6548,-5.9632,-20.7413,-47.8787,106.5199,169.1718,46.3720,-28.6486,-2.3669,25.3811,-37.9438,-16.1982,-60.2341,-33.6742,-7.1189,71.4267
-76.6715,5.8714,-45.0570,13.2024,10.7429,-6.0393,-68.9609,92.2185,133.0754,8.1201,39.5659,15.8381,36.3675,-11.8340,-47.8855,-90.0750,-42.4724,10.7588,47.4446
-50.2652,-13.3512,-23.6115,20.5129,30.2806,-13.4682,-30.9703,14.7605,58.6284,10.3364,54.8610,26.6495,46.3394,-0.3363,-49.1613,-73.6167,-40.9631,20.1370,2.6977
-20.1305,-4.0135,-0.8774,4.3950,12.2913,-28.5545,30.7588,-44.7952,-2.6095,36.2972,30.8074,37.9470,63.8644,9.6064,-23.8514,-22.1656,-33.2513,4.7866,-51.3260
-10.3926,7.7197,-1.6530,-4.9580,-18.8291,-27.2086,17.5687,-64.4185,-15.6667,0.7983,47.6329,40.4070,69.0090,10.5326,-30.6109,-31.1184,-23.6812,-3.9103,-89.0615
-11.3462,10.2601,-4.9227,18.3029,-17.2787,-18.4530,-56.4415,-81.3340,-36.3136,-80.2312,100.4342,25.2627,38.7456,-7.2136,-77.0730,-94.4212,-4.6939,23.8143,-98.5255
19.8187,12.6825,20.5821,37.4523,-4.3709,-10.3432,-96.1837,-104.4929,-105.7244,-127.2954,135.6306,4.9134,-3.7391,-34.3340,-109.8965,-139.8262,34.1909,46.0699,-83.3860
66.0877,14.9153,47.5533,16.6300,-12.9218,0.7478,-89.6116,-107.3230,-132.7806,-125.9676,127.1490,-16.2184,-18.4950,-54.5621,-91.3686,-138.3694,64.7031,16.9923,-65.1829
63.0406,3.7354,32.0164,-21.4436,-24.2170,-1.1403,-71.9838,-76.7055,-58.4760,-93.2514,90.0111,-43.5779,-2.8618,-53.9179,-36.6516,-85.8877,46.2973,-33.1555,-63.3156
23.6435,-26.6484,-13.4024,-54.5031,-32.6721,-32.4612,-36.6130,-35.5534,12.1254,-39.7071,79.7099,-61.9308,20.9308,-32.7946,9.5136,-8.9600,4.2157,-67.1528,-69.6751
15.9073,-55.1018,-42.0464,-87.6054,-58.0472,-69.6730,14.4255,-19.8682,12.7845,-0.0671,106.7932,-57.1484,47.4038,-16.5533,26.4049,24.2891,-13.2010,-96.0180,-71.8749
37.2117,-60.0254,-39.5177,-109.0561,-81.9042,-81.8930,46.7730,-33.4798,20.8766,12.0552,102.0865,-49.5916,75.3783,-26.4674,34.1475,-2.0342,-21.2644,-119.7999,-71.6906
40.7742,-61.8437,-33.0525,-108.6507,-88.3664,-80.9309,46.8911,-48.0602,54.9163,27.9522,67.0683,-60.4438,78.6511,-47.2942,43.1202,-27.0522,-46.2946,-119.2597,-69.1393
26.5709,-82.2592,-45.1801,-108.0697,-102.9258,-93.6169,27.8946,-50.0953,49.6882,50.1387,77.4856,-77.5292,45.0837,-51.9059,41.8345,-11.6473,-63.1651,-108.7294,-67.2322
15.8167,-93.1829,-64.0942,-118.1664,-117.3228,-113.5611,11.4561,-42.1249,39.0382,61.8202,93.9765,-85.4755,11.8225,-40.8252,44.8446,31.1493,-51.8904,-114.8461,-68.2345
14.9348,-75.4255,-66.8879,-123.6762,-102.7192,-115.1944,19.7048,-18.4035,75.0186,79.8123,38.5234,-86.5752,7.0425,-29.9548,68.5063,72.3813,-29.2515,-128.9397,-56.0656
32.0865,-51.8749,-48.1564,-113.1314,-88.3003,-91.5609,43.4408,1.2118,73.7935,88.8508,-17.3544,-73.1065,11.4148,-21.0457,74.1778,73.0067,-3.0032,-120.4212,-36.7361
57.0873,-21.5243,-15.1033,-77.3358,-85.8704,-58.6251,45.1910,-26.3658,-6.8558,40.0135,-9.5849,-35.8307,11.5852,-14.0801,30.8760,19.4427,29.0117,-75.8115,-47.1948
58.2971,26.2342,16.1667,-25.0181,-50.2464,-35.7150,16.5831,-78.5619,-50.0587,-23.0299,-16.3411,-4.2385,14.1451,-21.6335,-17.0527,-39.7896,54.8455,-23.3836,-71.8527
41.4426,53.7605,22.4659,1.4269,-5.1081,-26.4680,-16.8846,-89.7872,-13.7644,-21.4576,-59.8100,-8.6348,5.2255,-41.6357,-32.5610,-65.1265,76.6527,-4.9129,-60.5568
40.6338,48.0981,8.6469,-3.8523,-11.0873,-17.5158,-44.5792,-80.8238,-6.6653,-3.8260,-64.4447,-21.3410,-25.0845,-52.5562,-47.9306,-82.7506,113.5543,-8.4812,-37.1986
52.4547,57.8137,12.5156,9.9236,-19.4709,0.4489,-78.6236,-107.1232,-56.0995,-42.7185,-40.1322,-6.4424,-55.5571,-49.7154,-82.8139,-111.1772,156.5529,9.4402,-42.2226
58.5841,83.4466,44.7938,44.7145,25.9371,18.4085,-121.4392,-115.3478,-78.6553,-80.3514,-28.1899,23.3899,-72.0400,-38.1882,-105.7505,-118.9155,175.2207,33.5918,-33.4436
69.1280,79.4407,74.6456,47.0821,62.1881,19.3760,-146.4688,-46.4722,-66.1234,-61.8856,14.3450,55.4412,-67.8181,-7.8504,-104.1405,-94.8536,162.3037,18.9988,11.0197
80.9168,64.6808,79.6991,20.2353,43.2945,-1.3836,-132.1304,15.1631,-71.3326,-48.6862,87.9648,99.3113,-37.4167,32.4319,-98.9848,-69.1552,139.1662,-15.9800,30.5911
66.7936,72.9601,60.9235,10.1802,16.1522,-21.7551,-108.9880,-2.5996,-81.9491,-67.2973,105.8676,132.8419,-26.6203,49.9264,-92.4636,-45.6310,128.9963,-25.1613,19.5888
34.6097,74.9087,32.7825,18.2553,7.2063,-12.2528,-113.2932,-11.8748,-59.8950,-48.2243,45.9834,123.3851,-76.6491,48.8320,-73.2663,-4.4749,132.4122,-8.8773,41.1316
17.5195,61.1092,23.2737,28.9229,13.5732,18.6213,-119.5137,51.1308,-22.8766,10.1042,-20.0819,91.7336,-114.7946,55.0058,-57.3953,25.3892,130.2590,13.6222,78.4274
18.5404,66.0941,41.7882,47.1842,42.5111,35.0407,-101.1860,95.3207,-18.0554,13.0707,-26.2265,72.6247,-68.4336,54.7255,-69.0012,-3.5048,115.0887,37.5234,60.6466
26.3745,79.5191,57.7607,62.8917,56.1575,33.4976,-90.6349,56.2194,-54.7847,-63.9236,23.9145,63.9028,-10.1106,35.6835,-95.6996,-66.0027,100.2638,54.7948,1.6459
38.2731,71.1317,48.2048,58.3172,17.6773,36.2769,-103.1865,-0.0472,-74.0003,-134.8136,49.9147,53.7940,-14.7778,21.9635,-100.9178,-100.7024,88.8853,56.1450,-34.9523
37.5348,53.8449,23.3217,39.6266,-23.7854,40.5930,-106.9464,-16.9885,-26.5594,-134.1996,6.7537,29.6126,-35.4590,11.6297,-74.6111,-97.4474,72.2212,42.1939,-39.4258
16.0529,37.4430,-2.7809,14.2600,-34.0388,33.3287,-99.5418,-11.0097,20.2746,-88.1327,-23.1290,-21.8141,-43.5351,-16.4381,-41.8093,-68.0954,60.9336,17.3265,-35.9657
5.7304,15.6332,-13.7653,-14.5539,-50.9272,20.8244,-94.9224,7.2008,-13.6975,-45.7194,15.0499,-72.5126,-69.7322,-37.4683,-19.2374,-11.7219,62.3625,-6.6421,-31.0310
19.1087,3.5613,-1.5342,-29.5618,-70.2983,7.2161,-73.7395,39.6953,-55.7775,-11.6836,36.5913,-81.4850,-81.4128,-27.7077,-2.7201,35.4946,52.5153,-15.3849,-24.8988
19.4753,0.6237,1.5587,-23.9994,-53.8840,-7.1634,-43.2708,62.5763,-11.1040,22.4860,-7.5133,-69.1507,-46.9572,-10.0647,4.7501,34.0118,27.9407,-9.7090,-28.1019
-0.7260,-12.4746,-22.8610,-13.3040,-26.5758,-8.5553,-40.8406,56.2837,50.6023,42.3613,-55.5001,-70.0336,-31.5107,5.4244,1.9635,28.8616,25.3819,1.4152,-43.9366
-10.1369,-10.3212,-32.3316,-6.9834,-19.7367,2.4930,-47.5787,32.1615,43.8067,47.6841,-78.8982,-62.7970,-56.3476,19.5750,5.1169,61.5120,47.5806,7.9423,-52.7680
-17.8863,26.4534,-15.2361,-8.6078,-18.6985,3.9244,-27.0670,7.8961,28.1861,62.6601,-88.3647,-36.1386,-45.7180,0.6385,14.4731,68.8614,49.6498,-2.9167,-37.3301
-46.7801,45.9689,-23.0972,-22.5931,-23.8375,-8.6234,-1.6406,-7.2116,59.7574,83.8767,-71.2615,-29.4644,2.8338,-49.4312,13.0867,15.8027,22.3948,-24.5927,-13.2955
-64.5760,23.3797,-54.4684,-37.8185,-38.2503,-23.7627,7.0398,-11.8692,91.8447,93.2721,-58.4285,-49.1204,14.1393,-72.9531,12.1577,-16.4477,5.3253,-35.7722,-0.6239
-49.0676,14.7438,-55.2054,-39.4273,-36.2070,-33.3560,12.8187,-16.8536,100.0668,105.6803,-97.8049,-46.9387,-10.3635,-58.4336,27.0809,10.4291,16.2387,-38.0751,9.7879
-38.3305,43.7488,-35.9572,-28.3909,-23.1242,-22.8274,10.6752,-30.0421,110.9230,120.0228,-151.2205,-2.8588,-23.4445,-40.2327,32.1663,27.2118,38.5205,-37.5867,26.5051
-46.9750,61.6963,-38.7929,-13.4752,-23.0310,1.6619,1.1795,-32.6447,124.8296,102.3863,-168.6718,42.2434,-26.7545,-20.4902,20.8635,13.2411,47.8455,-25.6960,43.8361
-47.9992,37.8364,-53.7017,-15.5374,-24.9345,-4.5915,20.4640,-2.4704,137.4058,74.6711,-159.7450,33.8964,-24.6130,-6.8560,39.0291,24.9107,19.3081,-23.5359,64.8148
-48.5459,-9.5850,-75.0715,-52.8836,-40.5242,-51.1228,59.4210,33.9375,154.8825,82.1060,-124.7638,-34.0880,-12.2014,-31.7145,86.4038,58.5224,-36.3500,-56.8088,78.7610
-64.1985,-53.6922,-117.8555,-93.5658,-96.2125,-87.1394,63.7416,28.2265,155.6619,86.7240,-70.2131,-102.4710,-18.7290,-71.0186,100.5454,57.4620,-68.1072,-83.3110,60.6539
-67.9441,-80.4477,-145.1419,-90.7350,-135.6646,-87.9411,41.0042,-1.0147,130.8841,52.8532,-40.5022,-115.3278,-45.7597,-70.8613,75.3563,27.1270,-69.5075,-61.9505,35.2950
-51.0916,-93.3921,-119.1951,-60.8871,-102.4926,-72.8588,37.8762,4.5662,110.0583,29.2092,-26.5687,-88.0686,-43.0236,-43.0505,62.5109,13.5428,-89.0596,-31.9540,44.9596
-42.1194,-100.3638,-82.0275,-43.5463,-59.1187,-50.1284,47.2328,28.1208,92.5876,20.2548,11.3893,-68.2073,-13.5999,-26.8661,67.4352,17.2893,-125.8318,-23.8106,58.7149
-40.2445,-99.6839,-76.2904,-38.4647,-63.9492,-29.2813,44.0410,16.7812,64.3880,-20.5160,36.7875,-77.1677,-9.7212,-29.0064,67.1440,14.3412,-132.7693,-16.0395,38.2384
-33.6531,-100.4674,-81.4760,-46.1030,-74.3031,-30.2779,43.6389,-0.1805,61.3903,-32.1580,20.1393,-114.5073,-19.3455,-49.6707,76.2488,14.8277,-121.6930,-20.2185,19.6214
-39.2126,-115.1376,-80.9706,-72.7580,-65.7072,-41.7834,58.6159,15.8223,93.0282,46.1797,9.1600,-151.6315,-2.8260,-72.4714,100.1323,39.3226,-131.7652,-52.9309,19.1531
-47.0475,-123.6605,-78.1946,-81.5256,-64.3982,-42.0185,67.8926,16.9006,94.8739,98.3042,14.5900,-140.1730,12.7472,-54.4912,104.9201,71.9657,-141.6427,-63.2091,-5.0596
-24.6668,-109.7171,-57.1496,-47.1087,-56.5478,-35.5837,59.6214,-13.6882,43.4647,42.7527,8.0719,-89.1358,-1.4982,-2.6139,83.9678,85.0598,-127.6611,-24.0847,-41.0733
4.1890,-100.4411,-19.6374,-11.9500,-24.6421,-21.6570,49.2247,-11.4156,-10.1943,1.3181,17.6503,-64.4159,-12.4392,21.7494,62.3531,74.9595,-115.5890,12.1289,-38.8975
5.0747,-106.3090,4.8020,-3.0907,1.3762,1.0167,45.2815,15.4504,-43.3623,41.8784,56.9245,-77.1202,1.0311,1.2297,37.3443,40.2040,-112.1092,22.8766,-19.9235
8.1182,-94.2823,24.2745,10.6298,17.0837,3.6602,38.6194,-10.6888,-73.8782,61.5307,76.0482,-75.3603,16.0842,-30.4252,-1.4951,-23.7181,-97.0304,38.4467,-22.4714
34.9946,-63.8639,60.4480,35.7146,48.4759,-18.7524,32.7913,-73.3827,-96.5106,25.6420,66.4282,-50.9525,26.6861,-54.5283,-26.8389,-82.9581,-85.4018,54.0707,-25.9865
50.5530,-51.2837,82.4688,39.7644,74.1758,-31.3875,46.2983,-102.4931,-94.1212,5.2566,58.0158,-44.4329,44.8588,-68.2806,-15.0738,-91.8159,-95.0608,45.7000,-22.7617
43.2185,-45.7560,66.7228,25.2310,62.2347,-34.1914,66.2663,-103.2500,-72.8901,1.1974,37.8758,-56.6734,59.8204,-70.9825,3.9038,-75.0161,-94.0949,30.0571,-37.3307
39.0099,-8.0466,54.6958,27.2173,41.7455,-43.7235,56.8760,-103.8051,-55.0260,-17.2251,-3.2372,-47.6813,55.8250,-73.5612,-9.1027,-90.3077,-58.7487,34.1907,-48.6141
37.6961,42.3254,73.2416,51.0244,49.6229,-33.7904,26.9164,-94.9671,-60.4473,-19.0062,-32.5846,-9.5365,34.4361,-76.8851,-38.4581,-117.6269,-18.4869,54.1736,-17.9221
30.6855,55.2606,91.0983,64.9756,70.4465,0.6884,6.0250,-71.2994,-79.9816,10.8028,-32.7024,20.7045,-0.9418,-66.0661,-42.1583,-94.1883,2.2039,61.7576,35.2150
33.3933,36.3332,92.3181,48.4343,76.0161,16.1739,-18.0522,-27.6282,-77.3997,48.4168,-18.3920,16.7667,-39.7425,-44.5595,-20.4110,-29.1420,16.6403,36.8769,68.9136
45.6256,27.0191,90.2936,22.7707,67.9608,8.6880,-44.0063,32.9147,-47.9114,75.8814,-15.9114,-3.1397,-54.2929,-25.4219,-3.5710,18.4671,34.3194,4.1594,70.7346
47.2053,32.3825,77.2840,15.5995,61.0652,4.5762,-27.2010,53.4682,-27.8773,53.3462,-32.8991,-7.6434,-31.5215,-6.0634,6.0781,33.5939,40.2893,-2.1554,45.0200
36.7783,31.0605,46.0224,11.3082,50.7581,-11.8863,19.6903,13.0846,-30.1652,-24.3752,-23.1426,7.8860,3.9106,11.3290,21.9505,43.1350,23.9433,-5.3262,12.7274
18.3466,19.5658,13.8493,-15.6727,17.0233,-48.7072,34.7782,4.8617,-26.8721,-51.3639,34.0552,25.2872,16.8411,18.2760,35.2407,64.3386,-2.3953,-34.8158,12.8074
-12.5362,-0.3422,-16.4390,-46.5060,-29.7998,-69.3614,35.1016,79.9673,3.2806,29.6332,59.6853,24.2453,5.0346,22.0772,42.0559,91.3287,-26.4627,-56.6521,54.1932
-38.1452,-29.0233,-47.3616,-52.5425,-43.7976,-67.0908,67.1279,143.6140,41.6960,100.8739,25.6382,1.0390,5.7072,23.1149,49.1407,91.9977,-47.1834,-45.0022,90.7490
-32.4033,-42.8865,-52.0533,-40.8311,-16.0900,-69.4219,89.9690,117.9339,42.5295,62.6982,31.7490,-20.0334,42.9733,6.3276,35.8310,36.6055,-53.6186,-30.5486,73.9961
-11.0721,-24.9944,-27.6740,-29.4254,2.8711,-75.6318,72.4320,50.3385,-7.8751,-22.3393,100.2691,-22.1215,85.6506,-18.8064,-1.8153,-32.1814,-41.3449,-26.6414,12.0092
-8.7344,-6.9238,-17.8808,-26.6946,-10.3407,-75.6515,67.0839,5.6907,-55.8318,-70.4652,133.6595,-31.6009,97.0726,-31.3563,-10.7588,-36.0701,-39.5320,-21.3627,-44.7284
-19.6014,-16.0739,-25.6596,-36.2121,-17.3264,-75.1757,81.3167,-8.1003,-51.5095,-70.1145,118.4699,-67.8140,90.6938,-41.6947,24.2920,9.6074,-63.5394,-28.4153,-66.0447
-19.0391,-35.6093,-15.9221,-47.8898,-2.0117,-68.5175,62.1059,-0.5291,-12.3663,-23.2163,106.6589,-96.9247,83.1717,-54.3815,47.4769,31.4626,-83.7734,-48.9426,-61.9193
-20.3609,-55.6445,-11.3944,-51.7066,-1.9173,-51.2355,29.0348,21.6319,31.2632,49.7136,82.8117,-89.0169,61.0910,-39.0972,48.4337,44.0516,-90.7598,-55.5545,-48.0210
-46.8249,-75.5077,-46.3351,-57.4859,-30.4527,-36.4363,35.3891,40.5162,64.5676,87.1908,55.1015,-58.3348,40.3791,3.2074,60.7353,86.7438,-102.3376,-53.2313,-35.3491
-69.8778,-67.0433,-74.6468,-63.2377,-52.4381,-23.1082,53.2102,32.8593,50.4499,58.1351,82.4146,-24.1996,54.4008,20.8433,53.7017,89.3581,-91.5727,-56.8002,-36.5944
-48.1995,-33.1388,-50.4844,-48.6611,-47.9839,-5.2997,38.7319,1.1433,-16.3014,6.3991,129.4364,-4.0527,69.7265,-4.8828,1.0594,5.1204,-41.0946,-44.2108,-39.6897
-7.6370,-24.9548,-10.3025,-25.8518,-34.5552,-0.2838,8.5708,-17.4161,-60.1473,-7.8996,126.5067,-16.1125,39.0482,-36.7000,-30.7126,-60.3501,-15.8403,-18.6169,-17.8085
-2.0581,-37.6516,1.9675,-26.4503,-29.1298,-12.3818,-13.9286,-7.9448,-36.8098,17.7659,107.1319,-37.7896,2.2643,-52.1170,-9.2508,-41.1234,-40.7495,-22.3852,13.4786
-21.6279,-22.4777,-8.7558,-41.6137,-31.4932,-22.8709,-16.9946,-4.5425,1.4734,37.2714,97.9519,-37.7357,10.9082,-65.1780,4.6356,-26.6090,-42.1946,-47.1595,20.5581
-18.7233,1.3378,-20.4077,-43.0463,-33.2260,-34.6689,8.5863,-16.5498,10.4971,35.6275,55.9724,-43.4481,30.1440,-84.5372,-8.2482,-64.8466,-4.2091,-46.0001,17.4319
10.7283,-4.3949,-10.5644,-32.4852,-27.0119,-52.8134,24.8798,-14.6505,1.3249,42.9978,5.4288,-77.0373,16.6181,-100.9360,-13.9948,-93.4193,11.5431,-24.0932,22.9774
33.4849,-12.0655,16.1785,-25.4111,-20.8203,-52.4909,-7.1212,-13.2621,-16.4116,52.7000,10.6621,-94.1491,-5.6874,-102.0975,-20.7924,-91.0554,11.6388,-16.0569,8.5686
32.0395,-4.4184,15.5747,-24.6120,-25.8460,-31.9124,-38.6049,-44.3039,-31.2186,23.3987,35.2008,-76.0565,-7.4593,-80.9391,-32.9699,-77.6416,31.9675,-20.3241,-37.9965
19.8051,-8.9907,-11.8356,-23.7103,-28.4479,-25.8975,-22.7343,-75.4427,-26.2272,-28.2457,26.1771,-66.0929,1.4082,-49.1326,-18.5236,-41.9130,33.1796,-18.6332,-79.2293
18.7381,-17.0996,-8.8984,-14.0150,-19.6372,-35.5866,-13.4390,-76.8850,-31.3963,-59.9829,29.3108,-71.0620,4.0547,-32.7722,-1.6591,-10.9936,1.4406,-6.6031,-98.1892
25.4292,-0.7868,15.6547,3.8183,-23.2748,-30.0825,-46.0969,-80.2253,-82.5786,-91.2870,78.6204,-56.7264,-3.8175,-33.5474,-32.8556,-33.9315,3.6220,14.5156,-112.2007
19.1930,26.2770,6.2686,19.2861,-39.4804,-9.1045,-60.3495,-89.2195,-140.0023,-139.7561,112.3528,-24.0996,-12.1367,-22.7490,-78.2915,-67.7074,54.8607,38.2452,-118.1259
10.5332,48.8577,-9.7402,31.9313,-30.6617,11.2280,-39.8303,-67.3679,-149.1897,-164.1141,87.3374,12.8088,-9.5646,12.9219,-87.7855,-54.7164,98.7725,52.4340,-103.5982
20.3528,64.5176,11.7281,44.3542,-6.3824,34.6192,-50.9227,-32.6991,-127.5731,-152.8739,56.4154,55.0904,-11.9523,55.2104,-81.3505,-23.3521,109.0515,53.4959,-87.3143
21.3468,52.7298,22.5505,46.0383,-12.9163,59.9549,-93.6901,-27.8753,-115.8810,-151.2274,75.2167,78.8019,-34.0709,84.0541,-76.0572,4.5025,89.5902,48.9798,-92.0167
-8.4802,16.2259,-8.7615,36.3154,-29.1570,74.6125,-94.9235,-36.7560,-112.9539,-166.6031,112.6048,59.4244,-44.2851,91.7289,-54.6649,41.5058,51.1564,45.4953,-104.5351
-26.7279,-4.1856,-23.9796,31.4834,-5.9163,77.4563,-48.6737,-27.4705,-104.0514,-153.8570,107.9066,28.2949,-19.5747,82.0763,-28.6648,62.1672,28.4373,42.7832,-97.3343
-12.4485,7.1811,0.4377,36.7911,31.5349,56.7730,-18.7443,-8.1602,-95.8795,-100.5618,68.8901,27.5701,0.4460,72.9143,-26.4409,58.0240,37.0250,42.6315,-75.5364
-6.9214,36.3126,21.1715,49.2193,46.5089,-12.4067,-32.9515,0.9589,-96.1264,-56.4612,45.8360,49.4175,-13.6752,74.9440,-45.4526,68.8220,47.3246,53.2114,-70.8194
-15.4684,66.5061,28.3917,66.3031,61.5011,-102.4508,-62.4697,-6.7893,-91.0028,-60.3844,42.9274,65.5511,-32.5756,76.5382,-62.1198,88.6019,41.5849,68.0322,-82.8873
-8.2842,69.6429,37.2558,70.4011,79.0566,-142.2602,-69.1876,-20.3419,-64.8044,-67.6564,28.1741,71.1813,-36.7114,72.9894,-51.6905,94.5005,22.4997,63.4551,-74.3693
-8.9599,44.4397,32.7010,51.0041,62.5137,-127.3911,-46.0855,-18.4543,-31.4540,-16.4236,3.4086,73.7798,-40.3060,71.2239,-17.8611,112.9482,-10.0485,41.5025,-43.2889
-40.2792,33.8392,8.2383,30.6696,25.6133,-117.9132,-32.6953,-9.3163,-18.8474,41.9338,5.8614,63.2715,-43.7180,53.2846,-8.3636,121.1476,-27.9147,29.7566,-29.5526
-58.1056,41.2752,-9.9228,24.3463,14.6362,-110.0732,-56.8240,-23.0583,-25.9425,18.2873,44.4517,25.6586,-39.7568,2.5162,-35.1440,60.4758,-6.1328,26.9228,-31.9683
-43.1821,34.2424,-4.9609,20.8581,26.8245,-41.3012,-72.2060,-46.2082,-29.5766,-35.1005,63.8993,-7.1777,-35.1930,-40.0395,-37.3182,-6.1634,17.6940,14.6420,-8.7731
-35.2865,32.0458,12.0116,17.9316,34.7814,68.2646,-39.9091,-40.5430,-18.5276,-19.0776,15.9002,13.3624,-30.7932,-28.7863,3.9443,11.5506,19.4111,0.9639,35.6336
-37.7124,48.5015,18.4360,11.7547,28.6787,120.2188,-14.1094,-16.6068,5.4152,24.4239,-43.8337,53.9964,-28.4310,5.7112,34.0898,60.9971,29.6605,-12.6432,56.1803
-24.2465,34.6497,4.4562,-11.6926,4.7848,90.5416,-37.1845,-5.2935,34.3425,24.2189,-39.8567,40.1939,-43.3193,11.6562,41.0219,73.5290,36.8560,-38.9754,47.5755
-12.1366,-8.0937,-12.9055,-29.8975,-20.1075,54.1727,-51.1636,1.5465,59.4502,21.5034,-32.3305,-10.3784,-66.7318,-1.6497,56.6227,74.7664,6.5871,-49.0948,43.4236
-18.7482,-16.9500,-21.8228,-13.2872,-18.5349,56.0713,-20.2084,13.4524,84.1399,39.4960,-104.0748,-34.7570,-72.3361,-6.3726,69.3465,69.5266,-15.5701,-16.8285,52.6135
-19.9282,-3.2486,-37.8687,1.6861,-10.2296,61.4311,-5.5481,11.6806,107.6467,24.6959,-169.8225,-42.0706,-71.8888,-8.8020,60.2651,40.6178,14.4741,5.1202,55.8384
-9.8195,-15.4559,-57.5530,-22.5233,-24.8340,42.1932,-28.3799,10.7660,113.0023,2.0324,-132.4452,-50.5491,-82.7927,-11.0436,54.9477,35.4574,42.9757,-25.6004,59.3138
-14.8549,-26.7737,-53.4612,-47.6083,-32.2260,27.6245,-19.4869,61.2130,111.5189,54.5887,-81.5979,-30.6632,-73.6629,0.5437,66.7778,70.1588,25.6625,-58.5068,95.4773
-35.6184,-11.4385,-36.9139,-44.7984,-11.6401,35.9730,30.2726,137.7833,140.8347,147.1448,-106.8827,2.3155,-29.8878,8.0200,75.4880,76.6103,-3.4005,-58.0291,150.2658
-43.9725,-6.6399,-40.6338,-51.8630,-9.2367,25.2922,42.8217,135.7291,184.7022,180.1883,-129.0021,-1.2901,-1.8643,-17.0158,74.7633,40.0678,-16.1165,-68.6946,160.0616
-28.8462,-20.8087,-54.1150,-82.7022,-41.8278,-27.1270,5.0568,42.6024,192.7981,158.3509,-94.8543,-17.9297,-19.8776,-52.3720,73.2560,19.7261,-13.9532,-108.9896,121.5576
-10.7802,-21.7140,-51.7648,-95.9482,-57.6961,-64.7417,-15.4322,-20.7175,182.5659,152.8254,-91.5450,-10.6330,-48.5950,-60.6771,77.0973,32.1764,-3.3289,-129.5397,104.8610
-15.4098,-9.2194,-40.5138,-74.4224,-39.3255,-49.5156,-3.2147,2.2582,201.4954,176.6117,-159.3488,-12.2215,-58.8111,-53.5025,89.2376,48.8419,-10.1841,-103.3455,120.6052
-35.5577,3.2368,-34.5952,-47.5858,-26.2806,-32.6046,-3.5451,32.7348,228.2901,189.2434,-215.0844,-33.9223,-58.7685,-53.4475,94.7870,56.4240,-36.0264,-65.4322,109.3368
-40.1104,16.5110,-34.8972,-43.6211,-35.9261,-50.4781,-21.8498,30.1060,217.3890,169.7957,-196.8091,-27.9051,-55.3598,-41.8913,80.6257,64.4357,-33.6648,-58.8259,71.1684
-27.3063,17.5411,-40.7690,-58.5850,-51.3779,-61.7250,-25.3309,34.8476,174.1083,133.7563,-130.5641,13.0685,-49.0271,-0.6342,67.6309,90.7743,-3.9114,-79.5295,54.2185
-21.6030,-4.1546,-44.5774,-61.6863,-55.0313,-40.2664,-8.3996,35.9237,124.4946,96.7196,-68.8265,48.6646,-43.0872,44.2411,70.6946,123.9082,-7.6061,-83.2514,50.6680
-24.3510,-29.0105,-37.7006,-39.2239,-40.0819,-15.1657,13.8122,-0.0136,81.9378,58.1046,-39.0950,59.4667,-34.0652,58.7733,72.7845,123.4369,-47.9747,-53.5290,36.1099
-25.2889,-38.9022,-30.6686,-21.3563,-26.9904,-7.0842,32.3497,-24.9453,57.3982,30.8148,-33.0257,46.9636,-26.7104,46.0009,73.1931,104.0719,-75.3031,-28.5561,31.3554
-31.6718,-34.4337,-33.8093,-28.4869,-40.4084,-14.8000,40.7973,2.4564,51.0838,43.1927,-35.3792,30.2137,-37.0355,37.6456,85.0582,125.2351,-79.2150,-30.9657,45.0388
-40.9899,-22.4060,-38.1227,-33.4637,-53.2045,-28.2730,39.9571,36.4015,50.4147,82.1069,-50.6484,40.1357,-54.8966,53.1242,87.8456,165.0146,-66.0213,-32.6338,54.7434
-34.0158,-21.5305,-35.5456,-16.3280,-28.7386,-19.2753,32.9286,37.2162,50.3099,89.4512,-68.9787,54.3318,-54.4022,67.6612,62.0177,140.6745,-35.6887,-14.3386,55.3534
-12.3413,-45.4159,-28.0902,1.9258,-0.4766,15.0084,8.7193,12.4180,48.1262,42.0758,-53.5941,17.8886,-42.6449,41.9628,30.9170,51.3868,-24.6127,6.5970,42.9557
5.1936,-69.6536,-19.4617,0.0121,-14.0094,30.1519,-30.7927,-33.5281,39.7628,-19.4862,-6.4052,-44.0734,-40.6578,-10.5089,20.0254,-20.9407,-51.5495,8.3380,6.1350
11.0939,-62.4818,-15.6280,-18.9491,-44.1952,16.1641,-49.7857,-77.7294,34.7669,-46.5800,18.2298,-62.2056,-43.4548,-39.5335,31.1736,-23.0133,-64.8354,-15.9079,-25.2018
7.3236,-36.5125,-17.5004,-37.8953,-51.5402,13.2031,-31.7828,-74.3520,41.2970,-30.3179,-1.0879,-48.3194,-41.9007,-41.4573,53.8434,14.2065,-43.0385,-45.7082,-9.3729
1.8311,-30.0634,-16.7727,-41.2789,-40.5380,22.4383,-3.7391,-27.4069,50.4754,-2.4903,-22.4270,-59.2808,-36.4825,-52.3721,67.9657,20.0743,-38.6536,-49.2756,36.8003
2.5804,-48.9655,-14.4598,-36.3816,-24.3311,12.5825,24.0277,19.2969,57.0390,6.7310,-19.9307,-94.1431,-20.9272,-71.7296,73.6496,-3.4120,-68.3679,-36.3326,70.4723
0.8077,-59.3331,-20.2255,-38.8544,-11.4594,-6.5474,62.3164,48.6926,61.3350,7.5831,-25.4367,-114.1093,-1.6460,-70.6882,91.2668,12.8972,-86.5628,-35.1413,79.4196
-7.6374,-43.6404,-27.2841,-32.6387,-11.4249,-6.4240,92.2129,57.6668,50.7501,14.1515,-57.9333,-102.0504,3.0560,-52.1181,96.1222,41.0945,-72.2812,-23.2305,72.3468
-4.2382,-24.8615,-21.7863,1.7459,-5.0354,16.2936,96.0625,38.6990,16.0691,-2.1062,-78.0346,-66.9993,6.3572,-39.4314,49.6910,-14.7586,-40.5314,23.2967,65.2635
8.0924,-16.2069,-9.1859,38.2799,31.7904,52.1232,95.9324,6.7499,-22.9037,-52.9143,-63.3548,-31.2549,25.3083,-32.6949,0.5195,-93.3592,-6.9557,60.8422,69.5282
0.1566,-5.2068,-2.2222,46.2333,71.8892,79.2729,102.7815,-11.4260,-36.4398,-77.5736,-52.0371,-8.3342,36.2524,-15.3789,11.8080,-59.4769,7.5663,54.1101,69.6995
-20.0127,0.6445,-0.2774,38.1077,80.5547,76.9335,98.0715,-8.6960,-25.2524,-35.5573,-53.7758,13.0737,32.5836,13.0249,35.2029,20.8999,-1.8182,36.1490,52.6041
-19.7651,-13.5517,6.3607,36.5465,76.8016,67.3315,82.3319,7.4389,-20.5354,20.2713,-25.7840,42.3695,45.0726,33.6629,7.7126,6.1824,-9.9940,36.0116,44.0015
-6.5800,-30.1421,24.2119,45.1617,89.1084,82.4155,66.1663,29.6367,-33.0079,43.6880,18.5666,69.1469,57.2680,40.6171,-28.5085,-48.4349,-11.0211,44.1088,69.6800
2.4741,-38.6936,48.3190,59.7379,112.0401,103.8078,41.7912,57.8207,-35.1804,63.0153,19.8786,85.1320,28.9202,55.5221,-26.9888,-35.1728,-18.5393,53.7463,110.7865
22.0895,-53.9463,66.1101,71.1166,131.2047,103.7867,19.0736,88.5431,-25.7599,85.0528,-0.5025,92.6623,0.6202,87.6613,-23.8970,-6.1562,-18.6745,63.6828,123.0916
47.1415,-61.5970,71.0460,76.5108,136.9540,97.5220,18.7477,95.0762,-42.0582,56.2424,18.5898,99.0479,25.9147,113.6400,-50.0231,-31.7909,-0.1979,72.5235,84.4292
45.7065,-40.2320,66.0101,87.5115,128.1012,105.8099,17.5427,62.0630,-70.4667,-25.5107,51.0157,111.6154,59.5895,119.8097,-75.6370,-66.7427,10.9970,86.5880,27.9873
30.2686,-16.9495,57.3758,96.3314,115.3849,117.0599,-10.8518,22.4975,-59.2864,-85.2485,43.2755,117.6512,45.2178,112.6910,-72.4776,-67.6025,8.1552,92.2360,7.9948
39.6101,-15.7533,51.2285,78.3763,94.6256,111.9473,-39.4743,0.4229,-31.7161,-94.6059,22.6682,96.6260,11.4720,89.6362,-53.6653,-62.4719,18.2359,66.9349,17.9842
60.3360,-18.3105,48.7934,48.6060,59.1342,98.3813,-45.1121,-22.5632,-46.0589,-101.3943,37.3228,66.6032,-0.4718,60.2985,-44.5010,-67.9988,35.3732,35.4949,6.9503
54.1649,-12.4424,47.2594,43.2600,41.2628,99.7436,-48.1033,-47.2951,-82.7803,-125.5786,75.7772,59.2878,4.4383,52.1436,-49.0773,-62.4730,34.5627,33.2728,-27.2026
29.2721,-3.3580,47.4861,52.7736,58.6649,106.3679,-58.0952,-55.8402,-93.8830,-132.3906,99.5288,53.8135,12.7671,47.9298,-52.9075,-47.2931,26.2234,41.5424,-48.5945
17.9924,-1.5892,46.5148,45.7124,65.2974,84.4307,-57.8095,-55.6230,-78.9370,-104.6665,93.5157,9.7746,16.9621,6.2914,-47.0800,-56.2552,16.1929,35.2951,-48.7148
24.1023,-28.3291,34.2481,24.6601,41.6768,48.4245,-42.4951,-49.5312,-52.4897,-70.7442,77.6879,-54.5027,11.6676,-46.8547,-33.1150,-89.4865,-10.8471,24.3390,-29.9777
32.7482,-62.4763,21.6261,11.4546,32.3688,42.4625,-19.6730,-34.4602,-41.7385,-65.3032,80.8146,-78.8503,8.6911,-57.5585,-16.6012,-99.7292,-31.8114,16.1118,1.2080
37.1609,-38.9770,36.4251,22.0438,48.0074,54.5274,-1.2824,-40.8244,-79.7466,-89.9203,90.3718,-36.4427,16.8831,-34.5638,-17.2630,-78.8090,-14.6452,19.8781,8.3072
37.3407,26.3495,70.3636,58.1653,63.3284,55.7463,-15.5626,-73.2953,-118.3629,-116.1355,69.4277,32.0834,19.2445,-9.4812,-46.0191,-74.0052,12.4039,50.7290,-20.7646
36.5522,49.4195,84.5295,89.8375,83.9838,68.6621,-72.3523,-84.6771,-84.4129,-134.0916,31.1486,62.4550,1.9189,15.1091,-68.9373,-85.1433,23.3159,77.2214,-42.6954
40.6621,35.7701,72.8737,86.8892,101.3718,101.5066,-128.5701,-74.1460,-35.6952,-164.6445,25.1181,55.8919,-23.6671,36.8390,-62.9609,-70.4935,49.3126,60.8709,-41.2806
45.5939,44.4402,63.8724,71.4731,86.4537,121.8190,-135.9362,-67.9725,-62.7347,-192.0866,56.7484,73.4135,-31.2895,55.7999,-64.1239,-47.5073,90.7922,39.3735,-41.2588
37.8117,59.3698,67.6168,77.5016,70.9809,130.5020,-98.3699,-32.2501,-113.2150,-168.5585,83.4688,117.8828,-3.6836,84.2871,-88.5126,-48.8027,98.9470,56.5695,-39.3605
24.3643,55.8092,71.2605,94.5077,92.4317,138.6464,-59.4017,29.0472,-111.0188,-122.3054,72.0445,130.4861,34.1572,107.8651,-101.7284,-54.9485,83.2279,84.5537,-30.1315
35.9566,62.6000,76.5330,106.5878,112.4244,124.7635,-49.7798,31.2210,-99.8384,-130.8454,34.5899,116.3076,42.1932,104.6475,-105.6641,-70.3249,93.3011,98.6877,-37.9476
74.0003,80.9492,98.1832,118.1069,110.0628,104.2600,-55.5234,-18.6692,-125.6004,-174.2810,19.0865,126.5873,38.6899,91.1093,-126.7204,-120.5638,116.2790,109.2686,-53.3943
95.1368,84.0675,124.7684,116.2851,117.6347,111.0066,-43.3366,-27.4104,-149.9672,-167.1081,42.4116,138.6428,60.8410,77.4040,-135.6751,-154.4879,115.1073,101.7134,-42.9557
79.3108,75.6032,120.7311,87.9220,116.9434,104.0286,-13.7634,-5.5182,-143.6631,-107.5915,57.1552,107.0017,77.5310,48.5317,-107.7728,-125.3231,99.4961,69.2762,-24.6732
58.5860,58.0482,85.5671,57.7757,79.5870,52.2093,4.6379,-14.2302,-118.6334,-54.3146,36.4832,66.0914,57.7967,20.1742,-82.6554,-93.6466,82.2415,48.4292,-23.9372
51.9568,30.9514,63.1982,44.0596,57.0928,14.4593,11.7061,-21.7625,-78.0237,-16.0270,17.4600,56.5787,49.5345,13.1399,-73.3209,-97.1405,51.8642,40.9433,-16.4315
38.9243,17.2298,61.2536,24.4537,71.8974,8.8618,27.1797,3.7169,-21.0829,26.4289,16.8659,53.2832,76.6067,8.1172,-41.0744,-75.2810,13.3898,7.9882,7.6433
11.7896,4.4454,34.3941,-14.8506,58.9196,-22.5175,36.3907,24.9675,42.1501,64.0124,18.1415,34.0710,81.1139,2.1433,10.0060,-7.2979,-21.2486,-43.4063,19.9254
-15.6695,-42.2176,-23.1289,-53.6157,4.8000,-73.7385,18.7493,35.1287,96.2641,86.5404,35.6023,9.7728,44.2552,12.6446,40.8294,50.8970,-59.2618,-75.6124,18.4128
-41.7044,-84.1242,-62.8810,-69.6520,-28.7675,-91.5203,3.4491,51.1055,119.2513,100.8720,64.7096,-15.8280,19.3438,14.3022,48.4662,68.8925,-93.1196,-79.5222,22.1152
-60.3437,-67.7022,-65.2774,-59.7380,-27.6632,-82.7944,20.9363,46.0284,105.9099,108.3042,46.2410,-28.2658,21.5508,-6.5066,47.3683,62.9564,-93.1785,-62.1933,24.6624
-52.2556,-19.2174,-49.1661,-40.7854,-25.2881,-67.8941,38.0103,17.7483,78.9319,101.8941,-17.7804,0.4190,13.2866,-3.1908,40.7684,65.0445,-49.7665,-42.5038,18.8980
-27.9198,17.1957,-30.2375,-32.6041,-28.7850,-37.6267,15.3315,17.2504,56.8754,82.3140,-51.2362,45.9963,-17.9267,31.0592,34.4925,89.8712,10.7914,-42.8132,24.1889
-17.7456,19.2133,-26.5026,-30.3058,-30.2924,-5.9509,-18.2207,49.4790,49.2966,62.3961,-41.4478,50.8603,-48.6356,44.7183,28.2485,93.8772,40.8990,-43.3874,50.7511
-16.4249,-27.3208,-45.0404,-21.7975,-32.3746,7.6943,-22.3115,61.1149,59.0574,44.9059,-25.0741,22.3719,-55.8480,37.1418,15.1026,41.9084,17.2757,-20.8572,70.3457
-8.5612,-68.8413,-55.5540,-13.6859,-35.3371,14.5604,-12.1342,30.9836,57.2585,10.0442,3.1640,17.9004,-34.2090,40.7744,1.0346,-10.6281,-17.9387,-3.1648,50.0064
-12.5583,-31.8791,-41.5618,-0.1088,-31.2782,17.7863,-5.3884,-7.4621,22.3132,-41.2900,25.3635,45.7737,-0.8701,42.7145,-14.7525,-23.6862,-13.5466,6.7868,5.7478
-28.0771,28.1740,-28.0228,33.5234,-11.4964,15.3572,11.9678,-19.9252,-10.6058,-68.7894,-6.6321,63.2144,18.6156,34.6286,-39.3660,-40.7695,12.2370,45.7393,-15.3950
-13.1160,13.9247,-18.3847,55.1482,14.5419,22.3521,30.9968,-11.0967,-19.3630,-58.2587,-42.2904,51.3493,18.2957,42.3452,-47.4236,-57.2598,15.2942,76.9366,-11.4520
28.7057,-37.7754,4.8341,34.7338,26.1312,27.9956,28.5956,-7.1710,-30.4952,-41.0805,-4.4550,34.1646,18.9206,61.4688,-24.3546,-27.4319,-4.5581,47.7702,-21.8556
38.3019,-43.8241,25.0501,21.8208,34.8072,9.5921,26.1040,-12.0896,-41.1491,-30.6280,42.4497,35.6418,45.4097,64.6235,-18.2986,-8.4824,-26.2100,24.9109,-51.0538
12.7345,-6.5873,29.1075,55.2122,57.8914,-6.9984,42.2683,-17.1054,-43.1985,-27.3985,24.8229,51.0185,88.0388,50.9877,-59.6691,-64.8274,-27.3581,67.5788,-72.9169
13.0700,31.7658,41.9717,81.7941,67.2819,4.2746,43.0591,-33.1073,-83.9484,-55.1284,22.0240,57.8509,104.3780,29.5382,-104.1404,-130.4735,8.5719,101.8264,-85.3657
50.9004,33.3919,68.3543,69.8835,56.3746,15.5354,21.1834,-60.1735,-157.8486,-100.7620,86.7456,46.4296,87.7694,12.7251,-112.9144,-140.7803,39.7072,83.7410,-94.5947
77.3192,-6.4909,82.8544,63.9442,68.8991,3.1594,21.5162,-69.9715,-172.9832,-104.6363,118.7675,40.4389,78.1528,25.0275,-96.3885,-120.0805,12.0180,73.3125,-90.5477
74.3278,-21.9888,82.1208,67.8926,89.5705,-18.6702,42.3546,-55.5689,-121.9911,-63.1994,72.1780,69.6599,80.1960,59.6874,-69.9585,-77.6509,-22.4924,71.6847,-70.2674
64.5467,17.2697,71.1820,41.1484,59.7485,-34.1689,37.2428,-39.8896,-94.4097,-30.1154,43.3629,114.7344,62.1664,77.5485,-50.9502,-20.5741,12.7898,30.7804,-46.7150
56.5663,35.4174,44.0434,7.4495,7.1384,-34.6967,8.1122,-34.5806,-104.5747,-23.8743,70.2974,123.1671,32.8986,72.3923,-60.7490,-7.9404,69.0406,-5.5029,-39.5209
45.8095,6.6737,19.8249,9.8511,-9.7162,-16.8185,-7.4104,-32.5442,-96.9601,-24.6663,76.6577,95.2211,23.5735,70.1321,-76.8445,-35.0091,65.4263,11.7313,-56.5440
36.0430,-2.3459,22.0054,19.8935,-4.8274,8.0202,2.5431,-17.7418,-61.6070,-14.5075,39.6725,86.7234,35.2622,80.1118,-57.7059,-24.3247,26.7955,25.8582,-66.2180
28.0587,9.5175,27.5602,6.5271,0.4080,23.9779,22.6284,10.3931,-23.2394,6.4794,25.4712,111.2454,61.6959,93.9619,-27.3462,8.2382,9.0614,-1.5378,-46.9537
18.0017,8.7351,10.8526,-3.8444,0.9109,18.4664,24.5980,11.3448,-11.9310,1.7638,56.4159,126.9920,86.9298,96.8543,-41.4714,-12.0824,20.3968,-17.0294,-47.1137
8.9374,34.6061,-9.1139,7.5873,-28.8466,-3.4735,0.9369,-31.0866,-49.6005,-49.0487,67.7528,121.6231,69.4994,78.1734,-83.6988,-54.9807,58.4035,8.4654,-83.9554
2.6671,85.0367,-12.1266,26.7088,-57.5928,-4.5864,-5.8704,-55.5216,-91.2086,-84.7773,10.5543,112.5391,14.0815,54.5000,-89.0040,-49.0008,100.2441,41.1482,-77.6677
-3.9649,86.5782,-4.9822,47.3944,-20.3649,25.0833,23.6190,-31.8222,-80.3538,-62.7318,-63.9238,93.0094,-14.3212,44.1837,-57.3343,-22.7674,98.3200,63.7963,-14.8132
-8.1451,56.9015,7.9277,68.4267,32.8617,39.6184,38.4962,-16.9054,-60.0370,-41.0146,-74.5601,66.1887,3.7951,34.6040,-51.0605,-40.3887,59.6420,85.9135,3.5023
-7.6751,62.2824,26.2100,79.7315,26.8362,35.7186,21.0057,-27.4386,-78.9340,-49.1491,-37.4869,68.1848,27.5033,27.2687,-78.3514,-77.4752,36.0054,102.5047,-37.1044
-8.2907,69.0796,33.9092,78.4667,10.5719,57.6147,13.2853,-18.8072,-90.1127,-39.1380,-26.0285,96.0504,30.7242,51.5692,-82.6987,-61.4878,36.1619,101.1520,-52.4604
-7.6574,36.4768,23.8431,71.1219,22.3360,80.9586,12.6376,-0.6619,-73.7761,-15.4902,-37.2477,98.3205,11.5372,91.1387,-57.5238,-0.7886,36.4367,90.3047,-46.8095
4.5204,11.0202,21.3687,68.1097,16.8227,63.8922,-1.6855,-11.5297,-82.2050,-23.6901,-31.2938,63.1632,-9.4001,90.6653,-51.6640,14.9223,27.4669,93.7329,-73.3686
25.1886,22.8230,44.0219,75.4955,7.9969,47.8151,1.9663,-41.2491,-101.2186,-48.3964,-39.5359,30.4438,2.2296,50.9475,-58.9352,-32.2372,12.2538,107.6471,-101.3876
42.1061,46.6944,62.0383,74.2956,25.2992,50.5770,21.4308,-68.4460,-69.7337,-61.8964,-95.7198,23.6516,19.4338,24.4763,-34.3901,-47.2770,13.1306,93.1942,-92.8514
51.8226,68.1141,46.0550,48.4706,14.0182,24.4155,6.6245,-72.5717,-13.2567,-64.4870,-153.9246,32.3312,-12.7292,29.8920,-1.3616,-0.8087,52.0901,49.3667,-69.5525
57.6141,80.2151,27.7189,30.1001,-17.8690,-7.7869,-19.4317,-34.7713,4.3887,-44.9538,-171.0028,32.2270,-47.9627,37.3523,-9.3432,14.0073,96.0763,32.7083,-52.2003
63.7132,77.3158,47.1314,44.6634,7.7530,2.8513,-6.6993,-7.5005,-24.0724,-24.3738,-155.5499,3.4690,-19.4106,18.3401,-35.5720,-30.1023,99.6353,56.2542,-59.0578
71.7030,74.3667,76.2790,53.4977,44.1012,6.5024,10.0744,-46.0154,-72.4760,-48.7796,-113.8248,-39.3307,15.2539,-20.7773,-35.6337,-50.7793,79.6842,62.9932,-95.4330
71.7437,73.7880,73.8265,26.4578,16.9743,-25.3416,5.0590,-76.2874,-99.5337,-70.2392,-62.4164,-61.1396,1.4102,-51.9921,-14.3368,-25.5416,65.0991,30.2970,-99.2594
56.7479,64.4127,56.4769,-6.6648,-7.7421,-33.2269,20.1567,-30.6119,-70.9099,-21.3494,-46.4451,-63.2772,-0.4301,-66.8039,9.0243,-9.1195,52.0072,-7.5520,-41.0883
45.2015,58.6587,46.5790,-23.2014,6.9657,-23.7067,50.9106,9.4055,-21.5106,32.4929,-68.9059,-71.0731,31.2599,-78.1022,24.2271,-16.6706,49.5506,-30.7710,-4.1767
52.3093,58.1791,31.5926,-31.0066,-3.9942,-51.3509,55.3132,-10.6388,-6.6578,27.5554,-88.9006,-80.8176,33.3496,-85.9787,18.5699,-34.4137,65.1013,-36.2460,-19.2855
53.6211,41.6389,11.9154,-31.1975,-26.1290,-79.2862,48.9117,-19.5500,-1.5723,34.3175,-95.3811,-82.0298,9.4170,-90.3565,2.9774,-60.5809,66.3030,-25.5808,-5.9433
25.1344,21.3034,-1.3182,-40.2346,-18.0967,-68.9483,53.1986,4.7979,41.8569,94.2410,-94.4776,-89.5759,14.2680,-105.9699,14.6750,-62.3883,36.7413,-36.9608,35.3475
-9.7342,18.4672,-26.1261,-87.3231,-48.9298,-67.5798,54.5315,14.1527,103.5059,137.7843,-79.4728,-100.9597,37.2395,-114.4833,59.8980,-4.2968,4.8625,-97.9697,20.1646
-18.7809,14.3586,-65.6083,-143.5071,-131.0079,-94.4945,56.3518,20.6439,140.7561,133.0206,-58.9996,-84.3094,46.6259,-76.4073,97.4261,73.0514,-9.4696,-158.2779,-33.0415
-10.6088,2.9248,-80.4065,-151.6601,-156.1008,-118.7783,57.9969,43.0888,140.1258,117.5092,-36.9275,-41.5750,48.7507,-19.3435,92.7537,103.9206,-10.8045,-163.8741,-49.4741
-11.4400,3.9579,-63.5062,-122.6557,-118.2162,-133.0377,40.9342,44.3682,105.8265,104.8931,1.1442,-15.3332,46.0862,-3.8793,61.0023,91.4875,-10.4641,-134.9841,-42.6433
-25.4979,4.6075,-53.0946,-96.8109,-104.2552,-117.0489,29.5546,30.1041,66.6410,92.6721,23.1616,-20.1395,33.0687,-14.9190,44.2194,78.4447,-24.0426,-100.6811,-43.0744
-37.5271,-6.4076,-46.8112,-63.2959,-93.7720,-48.4956,38.4963,42.3754,52.6348,90.3415,-9.7191,-26.4760,18.4239,-8.6886,43.6654,65.7287,-43.7634,-51.7383,-26.0643
-33.4119,-2.7365,-6.9793,-8.5545,-31.6879,17.4222,11.6505,56.1714,43.1475,89.7609,-35.9838,-16.0349,7.2499,-4.6188,16.9266,21.7752,-44.4109,4.3026,3.6828
-17.2222,8.7097,47.9141,32.8092,31.4825,28.5060,-51.4667,34.6766,9.7965,75.5788,9.7424,-3.6576,1.2323,-21.7692,-30.4277,-36.2923,-40.9391,34.8794,7.3576
-11.8093,-3.1726,57.0864,37.4481,44.0498,22.0424,-64.9316,8.1102,-20.5153,50.1919,63.3825,5.2220,1.4372,-23.1292,-42.0184,-46.9899,-50.5136,35.3350,2.9510
-25.1019,-5.6688,21.8462,29.5837,37.6531,28.3113,-26.8285,0.1547,-19.4667,21.3314,50.5427,33.9219,-1.1114,3.8790,-23.6222,-14.4985,-32.0332,26.1708,26.2004
-29.6927,40.0357,4.4046,29.1879,36.8335,24.7336,-14.8294,-16.0882,-9.3560,-5.6156,10.1904,87.2945,-0.5119,23.8335,-30.0924,-7.8991,29.4061,15.3333,40.8416
-7.8767,82.7760,17.3146,22.2763,22.0581,10.0114,-33.0533,-46.9849,-5.3670,-27.9175,-3.5221,126.9227,12.2897,32.1736,-47.1172,-24.2019,71.6383,-4.1496,9.0080
12.1146,61.6191,10.4473,-4.0747,-8.2261,0.0391,-39.8019,-54.5576,14.0738,-35.1706,3.1274,126.6473,8.4792,51.0766,-25.7305,2.4672,61.3782,-35.2079,-13.8032
7.9759,7.7538,-21.0517,-33.2221,-28.5198,-4.6533,-35.1929,-22.7909,42.6687,-9.5160,17.3168,109.0369,-21.7865,68.4456,10.1278,52.6194,37.8549,-63.1390,23.5544
8.2979,-14.4864,-24.6714,-41.4773,-31.9303,0.9044,-30.8811,8.3328,37.9112,23.7789,30.0997,92.6020,-35.1981,61.3399,13.4416,53.3381,34.1150,-66.8618,57.7610
29.5289,-1.2734,0.1323,-35.0688,-39.4657,7.9424,-32.4623,5.1941,9.1512,19.5976,19.0449,59.0705,-31.3394,33.2539,2.3301,20.6068,41.7988,-52.4911,33.8770
27.5550,6.7304,-3.7107,-39.7965,-60.1656,-2.2202,-38.8586,-0.3302,27.7402,20.5871,-20.7614,7.3991,-49.1711,-7.0484,16.4521,12.1613,33.9806,-49.7112,26.5047
-15.6541,-2.2642,-41.8562,-57.4957,-74.5864,-4.6778,-18.5811,24.0411,102.7268,80.6503,-72.9282,-21.3652,-62.9021,-44.8775,50.6085,18.8259,6.0299,-64.9230,89.9570
-33.6952,1.2487,-62.3373,-64.0862,-72.7418,17.6313,21.3577,36.5538,139.9607,109.0523,-115.1096,-3.5620,-48.3168,-48.1763,65.9153,10.8987,10.3352,-74.2297,138.1833
12.3584,21.3622,-43.0688,-48.1002,-62.2402,23.0199,7.9847,7.8249,91.1636,28.1367,-113.3385,30.3475,-55.8551,-13.3307,41.5958,-1.4529,69.1613,-63.4750,110.5191
55.4557,14.9034,-6.6937,-22.0235,-37.0714,13.6712,-47.4234,0.0534,31.4741,-40.7411,-60.7608,37.3384,-81.6126,18.7352,9.9867,-2.8696,87.8043,-38.9535,73.7821
37.6941,-29.7956,17.8629,0.0514,2.4287,48.5586,-46.1265,52.4089,23.7563,-2.9684,-7.6395,11.3549,-54.3068,24.5403,10.2864,-2.3277,9.3230,-8.3669,74.2674
-3.2308,-63.1284,14.8723,14.7793,27.7905,104.6384,-1.1080,98.3174,38.3150,31.3866,10.6956,-19.1039,0.1368,15.5432,22.8512,-16.8731,-66.4273,19.1831,80.3464
-25.2045,-56.1358,-5.4234,21.4350,27.4664,110.4968,-1.4801,84.1914,45.2517,-14.3729,19.5951,-27.7367,5.3291,-1.0451,19.2595,-39.3212,-70.8509,28.0739,83.1548
-39.5937,-37.6564,-20.5323,15.2473,18.6095,87.4558,-21.3426,50.6995,52.5168,-60.4496,37.6204,-15.1713,-11.6471,-14.5101,25.2839,-31.7929,-66.8754,12.1972,93.5755
-50.4741,-33.8673,-30.1824,-2.0564,3.9929,85.3708,2.1909,44.5180,58.6294,-60.4954,38.5468,-0.8357,-4.1039,-3.2510,55.9953,16.0518,-81.5234,-11.1598,91.8613
-51.9787,-38.2288,-47.7479,-15.6683,-22.3201,81.0932,22.7446,49.6056,70.3602,-47.9709,5.2662,-1.5713,-7.6543,21.0872,77.3628,61.7124,-80.0101,-19.1819,68.1325
-65.0206,-46.4420,-72.0562,-20.2696,-50.7619,56.4884,-6.4559,35.6368,104.5172,-29.2559,-32.9375,-22.4806,-43.3297,25.2831,82.1974,88.3270,-83.6324,-14.5759,36.4439
-86.3443,-65.3191,-89.8009,-29.5654,-67.3357,43.1302,-33.5140,16.8916,125.5989,1.7651,-36.0827,-53.9730,-71.3892,13.1379,92.8537,116.8283,-103.6768,-18.7549,13.7142
-74.7429,-80.6968,-81.6826,-42.8846,-53.5758,45.3773,-17.5156,30.0212,94.8930,38.6448,-12.9695,-76.0162,-70.2223,0.1762,94.9436,124.2712,-84.8974,-33.5949,30.0862
-38.9660,-64.2074,-40.8022,-40.8521,-7.4758,35.6122,4.3813,65.6626,61.2587,87.3637,-12.6569,-79.9631,-51.3672,-24.7979,73.8085,85.0569,-37.2252,-40.3823,78.0799
-29.1760,-25.7641,-2.9839,-25.9368,23.8621,14.3010,-0.7156,75.4255,75.5567,128.3154,-46.0335,-75.8794,-28.6727,-50.8161,55.1214,48.6067,-28.7687,-32.8484,82.4538
-38.2319,-7.5074,-3.0406,-16.6311,12.1135,4.2851,-5.2537,55.6486,96.3351,130.9150,-80.0097,-67.6690,-13.3487,-41.3486,48.7834,49.1323,-40.6503,-18.6742,29.6354
-29.8584,-9.5824,-15.9541,-13.8240,-4.9963,12.4695,21.9535,42.8331,83.9227,121.9405,-105.7399,-45.7407,-3.4573,-10.3480,41.0518,49.1898,-22.4626,-6.5711,2.7658
-20.0358,1.7199,-15.7042,-19.5101,-18.5872,21.7903,46.3525,33.3879,72.0325,121.3939,-118.2296,-15.9176,4.2112,-1.1289,41.6641,44.0989,-4.9394,-13.9924,13.8681
-32.9530,11.6110,-25.4873,-43.1732,-56.4081,15.8026,26.2178,12.2131,81.0609,99.9367,-81.8482,-1.9832,1.3317,-4.3329,57.8270,69.1618,-22.1365,-46.4385,-1.3443
-50.5562,-9.8505,-48.3683,-63.6359,-79.1392,8.5128,6.8538,11.7804,76.3099,77.7666,-10.5785,-4.3635,1.3033,6.9909,62.8058,97.0411,-40.8014,-68.5606,-22.0332
-57.2160,-29.8568,-52.0611,-56.4011,-50.5492,16.9562,35.0218,41.6660,45.7915,101.7323,26.8175,1.7001,21.3515,13.9400,42.5714,78.7891,-32.7738,-56.3048,7.3327
-58.1268,-26.1441,-44.3743,-48.8055,-36.3015,15.6474,54.2054,54.8353,30.7754,136.9624,26.4258,10.8534,28.2433,-1.8486,25.0762,44.8397,-23.6918,-45.9084,46.6386
-53.5596,-44.7307,-54.2694,-67.1717,-66.5935,-16.8689,22.9627,48.9163,58.0775,145.3887,28.9281,-14.7753,-6.5271,-18.6006,38.7947,53.5939,-44.1965,-63.5916,51.3601
-48.3148,-86.0414,-64.9420,-80.0886,-70.8921,-45.9896,-2.9443,68.7669,90.0172,160.7898,21.0516,-74.2097,-46.6204,-24.8340,67.5742,94.4190,-72.8261,-72.3298,50.6269
-51.9144,-78.2694,-54.8581,-63.6486,-44.1341,-45.6535,-9.7783,93.2424,74.8158,176.9515,-1.8698,-115.7614,-62.0315,-39.0732,62.7057,105.4734,-56.0154,-48.6094,47.0103
-55.8702,-19.8141,-42.8511,-43.6436,-50.2459,-42.1557,-47.3816,67.6054,30.9686,133.6362,3.9628,-112.7975,-66.7084,-59.4999,17.1352,67.5456,-0.8325,-25.1841,5.5913
-53.5325,21.2017,-40.5487,-32.3571,-67.5319,-45.4721,-86.5511,17.7884,14.4338,44.7315,28.8539,-84.4526,-58.1227,-56.6940,-13.0807,34.4835,22.1082,-18.5708,-48.9178
-54.4161,43.9193,-28.9571,-10.6262,-43.8948,-31.2005,-69.8973,-5.4726,13.6789,-24.2246,28.5632,-43.1668,-22.9317,-33.7032,-10.3968,29.4382,5.7180,-5.4454,-65.9880
-51.5157,86.5179,2.4493,18.7286,-8.7973,-6.8959,-31.8528,-25.6358,-20.0616,-60.2319,21.4649,1.7095,21.0577,-35.8929,-23.0047,-5.8490,8.8289,17.2110,-57.0407
-27.8938,120.0117,36.5114,32.2679,4.8758,-4.2147,-7.9453,-67.2730,-67.8105,-81.1736,24.9562,17.3955,51.5866,-68.5663,-47.3088,-70.9524,28.0834,27.3677,-57.8427
4.0665,102.8231,48.3930,27.3156,13.6107,-14.5665,22.2700,-81.0685,-81.9159,-90.5363,13.3150,1.3581,60.4409,-70.8536,-32.7884,-73.3374,25.1505,22.0513,-61.1160
19.6315,63.4315,38.6297,20.4445,22.0614,-4.1937,46.0312,-38.2926,-77.7870,-87.7538,5.4147,4.0183,47.5978,-21.6150,-4.1669,-16.4827,20.2435,16.5129,-40.3559
16.2400,46.5198,33.5700,24.0484,22.3828,27.0837,38.4503,3.2050,-91.0417,-76.8763,33.0468,41.0421,32.3169,20.2175,-12.5889,2.2751,28.8422,21.1611,-6.3303
8.3940,43.1626,39.0007,34.1073,16.9354,50.9965,24.6978,3.0836,-108.0546,-72.4547,56.9794,64.6186,25.7410,29.9935,-27.0841,-7.6291,19.2733,34.2515,0.7438
10.5763,20.9724,32.6591,34.3354,-1.6463,59.7451,15.7990,0.6300,-101.7995,-80.4811,48.8554,50.0525,10.2506,45.7110,-14.9321,13.5264,-4.2742,42.7854,-24.4708
19.8646,-10.9462,15.2238,24.5650,-25.5806,72.9933,-0.3009,17.9992,-80.1543,-73.4463,32.9273,19.4570,-7.7001,59.8764,-11.0308,18.9717,-2.8058,43.2296,-45.6167
19.0545,-9.2581,10.1223,26.5853,-20.9773,92.1619,3.9068,16.9510,-71.0741,-48.1178,-0.4875,-12.8211,-0.0887,35.6177,-24.8101,-18.0149,23.5415,52.0754,-54.7702
15.0701,24.9323,15.4102,40.4731,7.1450,88.3327,36.0440,-12.3672,-81.2877,-56.4103,-56.2762,-36.1241,15.2291,7.9519,-21.2627,-23.3590,51.6878,66.4893,-71.4502
29.3807,32.7780,12.5386,37.1411,16.0485,60.0217,44.9182,-31.4358,-80.9404,-100.7202,-68.4403,-29.9640,9.7056,20.1554,-3.8196,5.7600,63.7195,54.9321,-76.8311
42.6264,-3.0128,0.0774,12.4039,-3.5629,47.4607,22.1001,-30.0348,-56.0844,-114.0140,-16.3835,-8.7554,0.8935,35.6550,2.8145,2.0945,44.8828,19.8778,-51.7446
27.3191,-30.0741,-13.5621,-5.4798,-27.4019,57.1573,7.1738,-28.0191,-46.1792,-91.0387,30.4328,-13.7039,-2.9428,22.9002,3.6434,-8.7498,17.2994,2.7658,-36.9066
8.8416,-28.1909,-20.7979,-8.7415,-37.1779,47.6183,-3.1579,-25.1809,-66.0855,-82.9868,46.6194,-45.6189,-18.8023,8.3448,6.8177,19.2296,14.3698,6.6811,-55.8264
11.5745,-27.9789,-19.8407,-15.2616,-33.4862,13.5999,-24.7684,-21.2762,-65.8767,-84.4016,61.2410,-71.1875,-31.8030,-3.6068,7.2863,33.4499,18.5868,-2.0583,-66.3298
16.7779,-28.7878,-19.3305,-25.2538,-34.6935,-6.1961,-38.1264,-36.3531,-35.0816,-72.8484,62.3137,-78.9833,-24.6752,-33.0976,0.9163,-7.9078,14.9345,-18.7873,-54.8613
22.5298,-16.2174,-17.7635,-22.1272,-43.9525,-7.6811,-37.3979,-68.0746,-28.6280,-70.6072,37.4728,-82.4524,-18.7201,-61.2964,-15.2578,-60.8133,26.2382,-13.0315,-58.4723
40.5505,-15.9916,-4.0323,-7.0584,-33.9545,-12.4008,-41.3829,-85.3474,-52.0729,-78.5957,24.7437,-95.3361,-25.8363,-69.2935,-32.2231,-86.3977,38.9208,8.3309,-72.6625
43.2519,-34.2715,11.5249,5.3563,-4.3793,-8.8985,-55.4486,-75.6197,-57.1933,-64.7182,35.2745,-122.1405,-37.4461,-83.9318,-33.5805,-93.3009,22.3998,21.5247,-57.3987
15.8808,-30.7380,14.3856,12.6138,9.7157,7.8162,-72.8742,-54.4907,-34.8780,-30.2080,25.2058,-153.5905,-55.5116,-124.9829,-26.9557,-103.6353,3.1303,29.2573,-14.9675
-6.0608,-3.0339,12.1989,16.9513,7.6446,1.5217,-79.2373,-40.0045,-0.8920,3.4257,-24.7965,-177.8813,-71.9297,-170.2160,-22.6559,-122.1214,3.1848,35.7246,21.8863
-8.9045,14.1431,7.7556,11.1323,9.5322,-29.6663,-66.0171,-38.3209,34.3969,27.2065,-76.0429,-188.9249,-73.3128,-189.2022,-8.5907,-117.5585,7.4920,26.9428,36.2505
-8.6052,27.3861,0.9866,-4.8013,2.6594,-35.4876,-62.7840,-38.6558,40.5337,33.1030,-84.8249,-174.2348,-75.5227,-174.7541,4.4788,-79.4359,31.8345,2.4997,31.5612
2.2818,43.3565,10.4530,-16.8225,-17.9584,-10.6128,-87.5464,-24.0689,22.1553,36.1253,-62.7472,-141.2490,-86.2955,-150.5838,-3.0523,-59.9805,65.5638,-17.0098,29.3289
18.3116,17.9578,24.6823,-22.6947,-31.9085,0.7460,-96.2259,4.9536,47.1830,68.4022,-63.4113,-139.8075,-87.6758,-142.8602,4.6562,-70.2508,29.6302,-21.6316,44.9972
6.5690,-49.0903,2.3983,-32.3288,-41.3459,-3.0299,-70.5473,33.9699,120.8604,110.7595,-97.6457,-181.0627,-86.9170,-136.7477,51.6643,-46.5836,-60.8655,-20.1228,58.0449
-21.5570,-83.9313,-37.1304,-40.3238,-51.5150,2.9843,-56.6701,57.0393,159.7722,118.8587,-114.7540,-194.7281,-95.6866,-103.8439,82.8049,12.9297,-90.7985,-20.1524,49.9509
-29.4439,-71.5877,-44.8915,-35.1220,-47.2635,6.3047,-60.5147,74.9720,135.6753,100.4193,-87.0791,-149.6553,-93.5072,-57.5158,67.6578,44.9616,-62.6641,-17.3477,41.8751
-24.8584,-79.2716,-39.0176,-21.7180,-35.7327,5.9819,-42.6738,82.8554,92.0749,77.9543,-42.9017,-106.9746,-82.0182,-23.3588,51.8479,46.7935,-67.6253,-1.8307,51.6987
-20.1719,-119.8073,-45.2436,-5.6743,-31.9916,40.4756,-10.0602,76.0477,52.7097,46.2772,-18.3006,-90.5640,-83.4889,4.8859,53.5899,41.9156,-94.7439,25.9276,68.6186
-6.5540,-133.4246,-38.1289,15.8440,-23.7168,103.0716,9.0981,61.4673,33.2382,14.4710,-28.9422,-53.1532,-78.6718,33.1031,47.0401,13.3631,-95.2120,50.7836,85.6828
-6.2202,-98.7157,-17.9950,35.9838,-12.7295,136.7946,22.4576,55.6906,38.6858,5.9993,-55.0082,2.5298,-50.4506,44.3123,33.6413,-21.2453,-91.4356,64.6327,99.2018
-40.0982,-49.9072,-12.5206,46.4143,-9.2604,129.1761,39.7228,65.4773,21.2409,21.2103,-49.9058,27.9670,-23.7836,34.4276,21.3485,-16.3778,-90.3072,75.2896,96.2872
-70.9465,-19.4228,-11.3615,48.7363,8.2983,107.9893,53.9381,70.2921,-21.5753,46.0216,-13.5630,30.5938,-2.5601,24.1096,6.1651,8.8315,-72.9392,77.6054,78.7922
-71.0182,-21.0283,-11.4256,37.8284,30.6939,79.6153,59.1172,45.8663,-8.2245,52.2124,2.3904,37.2047,22.7684,27.4838,11.8096,25.0241,-73.1676,53.6744,55.9825
-62.6515,-38.3752,-27.4425,17.0976,20.5937,53.9147,48.9828,8.6977,49.0779,11.5584,-6.9023,29.8174,29.0942,35.8278,45.3741,48.4261,-101.2143,20.4428,23.9159
-49.4295,-31.1964,-18.2793,17.9698,23.0580,57.4421,38.3989,4.2248,41.6214,-36.1519,-5.0120,9.9119,27.5826,36.2719,57.0624,63.1177,-99.3210,18.1842,-2.1174
-17.3775,4.6137,42.0812,45.8919,84.3476,75.6735,52.2535,37.9348,-12.7565,-26.8064,-1.2734,20.2586,61.8978,33.5167,28.3623,33.0104,-61.5483,38.8452,5.9471
9.0528,30.5470,82.1269,59.0178,122.9263,65.4963,59.7065,57.4322,-11.8577,6.5489,-16.2063,51.6646,93.0663,31.2312,3.2629,-10.9242,-40.0875,40.9955,28.6907
8.3334,33.5671,66.1021,46.1243,89.2721,29.1939,25.6663,31.1534,17.7982,6.9731,-29.0308,44.1045,60.0521,8.7548,0.2599,-26.3195,-37.3825,28.1295,32.5942
3.1615,32.2611,54.7311,36.7187,68.8477,3.1361,0.4799,-2.0438,7.9746,13.4839,-31.5652,1.5697,17.5678,-33.0126,0.9510,-27.1328,-26.5410,24.1047,30.7653
4.3001,33.2868,58.2016,26.2322,78.5780,-2.5486,24.9669,-6.4243,-0.8548,48.0297,-31.7878,-6.9221,40.1825,-41.7058,3.1776,-21.6868,-15.7134,11.2815,19.7494
-10.4904,38.1732,28.9330,0.1252,37.7896,-3.8186,49.7556,-11.2066,12.3767,36.6753,-3.8644,33.0566,94.3987,0.4569,2.4221,-1.1478,-16.9840,-15.7514,-43.0487
-36.9245,47.2530,-11.1977,-10.2492,-22.2641,-9.3823,46.3601,-42.1439,-13.4714,-36.5523,58.1076,60.3850,121.7396,31.3396,-18.9737,2.3363,-20.1284,-14.7361,-125.7914
-34.7420,41.7939,-15.7416,4.2974,-20.8091,-12.6875,42.6057,-70.7146,-67.0025,-88.1346,96.9343,41.9433,114.3442,14.0043,-45.0749,-34.4328,-9.2102,10.6344,-138.5370
6.7617,18.4398,-6.3946,-2.6626,-9.7636,-9.7064,27.0700,-83.9486,-73.7107,-88.2687,81.5405,12.3104,73.2365,-11.9191,-44.5631,-66.1484,26.9627,-0.7362,-92.8835
42.3916,2.8315,-11.1706,-36.8034,-44.8624,-13.0597,-17.4550,-103.3631,-44.6749,-68.1285,55.7607,-1.1979,15.5415,-21.6141,-28.9427,-57.3992,66.0826,-45.2218,-72.3095
31.8247,-8.7046,-19.5233,-53.1066,-63.9744,-32.6145,-47.0942,-109.2836,-30.7493,-24.7925,66.6579,-17.7914,-11.8700,-37.0674,-25.9594,-40.8566,59.4947,-61.5552,-72.3001
-3.8829,-41.1512,-29.4333,-52.1877,-40.5630,-55.6908,-41.9552,-65.6703,-17.7077,34.9773,107.1171,-52.0116,-6.2734,-61.0285,-25.5177,-39.1197,10.2813,-53.7837,-37.5114
-21.6364,-74.1745,-44.4463,-65.6556,-34.3689,-71.9551,-38.5684,-7.7964,14.1690,69.8026,127.6073,-83.5367,-16.6476,-71.3298,-2.1941,-16.2943,-27.4574,-66.1663,13.2525
-23.2351,-73.4417,-52.2401,-79.5509,-53.2235,-86.6979,-42.5370,6.3220,40.1346,82.2097,96.7717,-88.2911,-47.0207,-64.1556,30.3745,36.0853,-35.6787,-82.7817,28.9206
-34.5163,-52.7000,-51.7308,-64.9514,-52.5889,-89.7398,-33.3134,-12.5062,46.5884,89.9916,51.8989,-68.3202,-48.0757,-51.6040,31.9390,53.4062,-37.2110,-64.9866,10.1442
-49.9600,-36.7402,-50.1460,-29.3200,-28.4735,-62.3367,-18.1546,-19.3928,37.8693,60.6901,38.7365,-51.0554,-12.6421,-41.5439,1.8871,8.8826,-38.6809,-20.1872,-14.5162
-44.7995,-19.9891,-35.2601,7.4197,3.5288,-18.2403,-9.5029,-5.7085,7.2827,-9.2190,35.5843,-55.3610,10.1166,-34.2306,-18.7044,-29.0444,-26.6727,23.3352,-27.2488
-17.4858,7.1178,4.7408,34.1863,43.0191,11.8647,-13.0532,1.0515,-35.9859,-57.5708,22.4623,-58.7508,6.8498,-28.9772,-20.7419,-25.0488,1.3169,44.8694,-30.1603
5.5800,39.4383,50.5136,44.9293,75.5684,17.0749,-34.7824,-23.4101,-64.9309,-67.8113,38.9725,-35.6886,19.0088,-33.2111,-34.1232,-32.5217,22.8967,38.6137,-45.6708
4.1365,59.0929,68.8992,44.7313,78.9941,3.8747,-52.7661,-57.4260,-79.7835,-81.0572,89.0198,-9.3741,47.8778,-42.3311,-53.9396,-55.7802,14.1832,27.9692,-75.3761
-3.5200,48.5790,57.2650,40.1277,58.9404,-7.6056,-36.7936,-51.5718,-99.0630,-91.3269,112.1308,0.0276,46.3607,-23.7037,-45.9806,-27.2678,-5.5864,30.2975,-82.3781
9.1503,27.6925,47.6366,29.7910,44.0852,3.4863,2.1749,-15.0787,-114.8152,-67.1977,92.1258,26.6203,30.0256,28.0182,-21.8833,34.5343,3.1351,25.1489,-57.8962
24.9646,35.6404,54.0388,22.2854,53.7883,23.6700,43.1542,-9.4940,-103.8587,-35.9664,61.8543,83.4114,61.3711,63.5623,-17.0648,40.5443,27.7925,6.9140,-40.7334
23.3397,60.6345,53.5166,25.2365,70.6350,26.9138,82.0581,-42.0684,-72.6982,-38.8158,23.6052,121.1258,113.9919,62.8154,-20.1287,4.1076,35.6806,-0.2986,-45.9196
31.3762,60.3116,38.3183,19.1334,57.4381,25.1716,99.4437,-66.6083,-52.5861,-60.3002,-21.7902,114.0876,109.3513,62.8876,-2.8663,7.0409,43.8391,-5.3237,-53.2018
56.6657,36.8891,24.0221,-9.6398,11.4687,33.4672,85.6509,-66.8752,-48.5165,-61.2120,-42.1586,87.4783,63.0233,70.1247,23.6074,42.3583,63.0632,-30.8474,-55.1088
55.9231,20.0091,3.7658,-39.6257,-33.4815,26.5433,71.5440,-53.9629,-30.8839,-38.5310,-35.5615,60.6326,40.9899,57.2295,35.9776,52.6366,62.3895,-56.6829,-51.6108
29.8595,17.7020,-26.3643,-56.2503,-54.9090,-10.6788,70.9542,-39.0942,6.6255,-24.5259,-28.0992,48.5896,43.2847,40.5670,40.0638,50.8348,45.7974,-70.9210,-39.7172
22.6741,23.1613,-36.1688,-70.5421,-52.4658,-51.0838,65.7583,-38.3895,31.7575,-30.5201,-10.9331,64.0519,47.2611,45.4901,51.2895,75.0666,39.5806,-97.1864,-31.0287
22.0463,20.1250,-22.8758,-79.1933,-33.6313,-68.9695,57.1851,-39.2681,42.2448,-13.5079,20.4910,75.8331,57.9694,43.6920,60.1669,91.0575,20.9010,-119.9960,-21.5501
-2.8651,-5.7600,-21.2051,-67.2856,-12.5922,-59.7211,53.0489,-7.8399,74.0180,59.1512,18.6244,50.4537,60.0063,11.0684,49.7153,48.9116,-20.4916,-100.2610,22.8566
-25.8364,-32.7843,-32.1348,-49.6709,-1.1380,-36.8713,44.2387,33.6541,122.1284,137.6035,-31.5220,12.9962,32.1416,-27.5484,37.2463,-8.8767,-40.7301,-66.9487,93.8893
-31.9710,-38.4820,-41.5144,-55.7712,-6.2200,-34.3981,37.3632,42.5214,150.0710,156.9244,-62.2403,-11.0166,4.2168,-49.3786,54.0011,-5.5278,-42.6025,-72.7464,129.1848
-49.5777,-48.2813,-67.2692,-78.7399,-35.4918,-56.5694,45.6589,43.7842,162.7292,131.7797,-34.8142,-29.6167,9.5039,-50.7992,80.9624,31.5284,-72.2006,-94.8476,110.8601
-71.9056,-72.9204,-102.1413,-76.2278,-66.1468,-49.3264,54.7541,61.5514,168.6780,102.5876,-8.3070,-29.2685,25.9993,-26.6634,69.4522,18.8162,-101.3052,-74.5851,84.6490
-70.7711,-71.7894,-97.5752,-28.3189,-47.3746,10.0280,55.1758,60.9778,132.8759,66.2138,-31.4059,-3.0472,21.9075,6.4060,30.2919,-22.8528,-80.5091,-9.8200,76.4891
-62.0048,-38.3778,-53.0441,25.9629,13.5504,63.2673,57.2785,44.9441,57.9438,28.9219,-58.3028,6.7117,3.8974,14.5775,17.0267,-13.3058,-49.0848,46.1159,77.9917
-64.4540,-17.4028,-19.3684,38.1720,49.4684,68.0672,55.5400,61.9024,12.1517,31.4901,-37.7296,-4.5203,-5.7697,5.5338,29.6701,32.6578,-49.4478,51.5073,89.2892
-63.7394,-16.7847,-12.7612,19.2604,47.5167,50.5193,45.0849,99.3708,16.9618,74.3623,-2.9816,15.6403,0.1013,20.3043,29.1161,59.5249,-44.9695,23.0951,102.5268
-52.3080,-6.7109,-10.8831,9.2200,47.8360,36.7593,40.3448,114.6196,24.9109,100.7286,-4.3178,57.9273,11.9600,62.0302,18.0593,84.4360,-12.0470,4.5796,85.3894
-36.1045,12.2290,-3.3746,5.5732,41.4676,25.2623,36.7292,116.9733,17.6931,78.9250,-21.5046,60.3260,15.4302,89.0830,25.1104,125.0648,9.4611,-1.5038,36.7466
-19.7223,18.7335,1.9780,-13.5174,3.2458,16.4343,20.4863,120.6497,13.5323,43.6742,-13.9383,28.6579,2.2057,77.9885,47.2023,147.6053,0.4134,-20.2397,9.3899
-13.2810,11.9781,-2.2471,-34.6689,-23.6508,5.8963,10.3725,114.2355,17.8728,41.5877,-2.6081,14.4170,-22.5518,56.4643,65.9648,155.0047,-6.9315,-45.0235,33.1013
-12.9334,4.4080,-8.5885,-38.1357,-0.7497,-14.7107,20.8695,105.6832,33.1195,66.4252,-24.6495,22.6124,-37.1589,60.0214,78.7890,178.4324,4.1371,-56.2366,63.9659
1.2590,2.1122,-1.8571,-33.0400,26.0049,-32.0186,24.3608,100.8093,46.3786,67.6145,-44.5187,25.5772,-28.3431,72.9376,78.5546,183.2393,13.9211,-56.7472,53.3048
24.1360,-1.1734,12.8113,-29.2119,14.4561,-37.1875,1.1592,75.9858,22.0389,25.8360,-8.7822,9.2258,-20.7093,53.7081,54.1308,128.9946,10.5979,-49.2372,21.9928
35.2821,-12.2369,15.0062,-26.1105,-5.2337,-53.0971,-22.2764,31.4289,-15.4454,-12.3167,36.3022,-13.7836,-39.3301,12.5916,29.6223,68.3365,3.4141,-38.2502,19.9866
32.9942,-20.4600,1.5053,-31.6217,-8.5016,-84.0026,-18.4715,0.2389,7.6557,-3.6258,12.9260,-13.2246,-60.9697,-3.7874,41.3360,66.0366,-4.6360,-46.2887,47.5185
21.2816,-15.9335,-13.0554,-44.9550,-15.6772,-95.9658,-5.8093,-5.9485,60.0924,26.0279,-31.2684,6.6090,-59.4156,6.2247,66.9744,96.3794,-14.0360,-67.6535,57.8686
14.1046,-9.0713,-14.4454,-45.4625,-28.6951,-86.7959,-23.1217,-4.8760,36.5511,19.7293,-3.5947,2.4526,-56.7655,11.5778,51.1467,100.7732,-2.3829,-63.4482,22.0442
31.9401,-4.4144,-1.9880,-28.0352,-26.5319,-91.2718,-63.3966,-18.0812,-36.7651,-28.2165,48.3213,-19.6567,-72.2049,11.5797,4.5635,76.0828,37.7609,-35.1082,-30.4360
44.4417,5.2361,3.7025,-8.3976,-13.9757,-95.3431,-72.3741,-45.7721,-44.6123,-58.9513,27.3404,-7.0681,-79.1420,17.5745,-13.5778,51.5187,55.9608,-14.1702,-41.5140
11.8722,10.6859,-5.7122,11.6160,3.6947,-51.0377,-33.0147,-52.2119,3.7534,-32.2637,-30.5319,32.7393,-53.6154,21.7127,-2.9196,28.9338,23.6407,5.4557,-0.8990
-15.9736,2.6192,-0.7693,32.6262,37.8689,14.6755,10.9891,-18.1056,18.7521,11.0357,-47.2771,46.8245,-11.2419,22.0611,-3.2220,-0.6585,-6.2618,30.5710,38.0977
8.9849,-10.1394,20.3835,31.2986,55.3941,25.3878,25.8654,12.0264,1.6707,17.0691,-29.4397,31.6879,12.4896,22.6188,-6.5104,-17.3931,-5.2793,28.6912,40.1416
25.4354,-32.0855,10.7726,4.2453,12.4650,-11.5834,7.9863,1.1211,-5.6776,-2.9444,13.0321,13.5544,-5.8127,16.3240,2.1432,-8.5991,-20.7748,3.3448,25.1550
-4.6611,-64.5616,-23.7223,1.8291,-36.0224,-18.4156,-37.1770,-27.1561,-26.5003,-31.4790,79.3973,0.5068,-48.2111,13.2281,-12.5067,-7.5514,-53.3810,17.3697,3.6975
-18.5981,-64.3156,-21.8477,55.0340,-13.1416,22.6561,-79.3430,-57.0556,-78.5692,-94.4784,96.9461,2.2325,-72.5663,30.1937,-60.8267,-39.1127,-40.0741,87.6365,-36.4824
-2.6395,-10.7041,14.9358,115.9737,38.6412,62.9337,-90.4096,-99.3753,-116.1133,-173.2549,34.7526,14.7344,-71.9060,33.9953,-91.0838,-77.1708,3.0477,150.1843,-71.8008
-13.8323,38.0867,39.0578,133.2892,54.5789,77.8202,-95.1072,-132.0311,-112.6681,-190.0727,-3.7324,1.6971,-69.0544,-15.8985,-84.8811,-101.2551,0.6951,160.8761,-66.7611
-39.6525,41.1483,53.1865,127.1612,71.9708,75.9270,-116.7507,-127.4726,-98.7558,-140.1628,26.9285,-41.5961,-65.0255,-81.8505,-82.6632,-124.8622,-28.8735,148.4730,-40.7480
-25.7827,36.7250,75.6757,130.6376,115.8257,63.4446,-128.2493,-106.5166,-92.9688,-98.6276,29.6951,-65.5206,-54.8641,-99.0994,-96.1162,-143.7106,-13.0664,144.9762,-31.3930
15.2026,53.0667,91.2585,128.7079,129.9358,50.4204,-123.4908,-96.9712,-81.5748,-91.5361,-21.8625,-39.0175,-54.8322,-68.4433,-99.4302,-136.1613,39.3931,133.3655,-31.9981
44.6416,63.7133,95.7103,105.3527,105.7640,43.6720,-128.6923,-94.1403,-68.7189,-85.9289,-32.1066,16.8966,-63.5461,-29.2056,-90.0511,-107.4886,70.9978,95.0985,-20.3565
55.2009,52.6930,98.4638,75.2025,93.1151,25.5506,-124.2873,-79.3234,-73.3583,-60.8017,21.3499,61.6484,-54.3404,0.2587,-78.9261,-69.3446,68.5168,50.1086,-2.7847
52.7240,30.5932,87.9238,43.7810,87.0673,-15.3469,-84.0378,-38.7841,-76.1489,-9.9448,59.2834,64.1219,-26.9853,19.8084,-59.7779,-18.5341,52.5815,16.4932,0.2061
50.6028,0.0408,59.9426,7.9410,61.7833,-57.5577,-42.8606,11.0775,-42.4156,53.4129,43.8234,27.6805,-6.6794,30.7708,-33.7265,24.6230,38.0134,-10.4328,-15.8528
52.6985,-27.5706,31.1829,-15.0698,34.5174,-80.6858,-25.1969,26.2688,6.0923,86.1099,7.8576,-9.3876,1.0540,27.0649,-19.7383,22.8912,28.0459,-24.0724,-32.2276
37.3377,-25.3879,10.1536,-17.3023,14.2397,-86.7272,-6.1507,4.9024,22.3071,78.0306,-10.1768,-18.5988,9.8040,3.1880,-19.3400,-8.5137,15.4076,-18.8577,-29.7846
9.8441,-0.4637,2.7855,-15.1349,1.3464,-80.9628,14.2430,-4.9877,10.5280,65.7701,0.0154,-1.2893,22.0089,-13.7013,-16.8347,-14.2005,2.2243,-15.5266,-14.5674
9.3956,9.0769,14.7629,-5.3411,22.5261,-65.8686,14.2503,9.6227,-6.0671,52.2136,17.6486,26.6636,26.9247,8.3068,-18.4619,3.5560,8.4462,-12.5618,-2.8425
32.7256,-1.1388,32.9707,25.1300,67.5392,-45.5952,12.4103,22.5992,-32.4405,18.3159,17.0835,35.4511,27.3377,37.4954,-37.9823,-11.2643,27.3905,19.4636,-0.6943
42.2461,-4.9437,40.8815,50.2954,81.9560,-25.4331,26.2264,26.8358,-54.6112,-13.0325,1.6592,6.2647,38.6650,26.9629,-54.5244,-55.4489,26.7754,58.8388,-14.2447
34.4713,-4.2478,32.7916,41.4630,63.5011,-16.5480,26.7617,20.4521,-41.5365,-25.1239,-4.4214,-30.9050,47.5826,2.0127,-43.5971,-64.4697,13.2557,54.4228,-37.9474
23.6004,-13.0678,11.7385,19.4802,49.3407,-23.9853,1.0819,2.2606,-16.9528,-37.1739,10.8109,-39.8589,26.5047,0.4108,-23.0500,-29.0931,14.3495,23.0819,-42.4638
10.7135,-13.1888,1.5989,13.0358,40.8214,-29.4101,-17.5547,2.7988,-16.5800,-43.1142,27.3796,-34.2203,-0.6379,3.7333,-12.8143,2.8312,13.1516,12.8985,-26.3733
-1.3968,3.2311,11.7246,15.5069,28.4179,-18.5866,-12.7944,29.4389,-12.9637,-29.7185,15.3645,-35.4864,2.2843,2.5907,0.8699,24.2700,-10.7402,18.5032,-26.5549
-15.6746,3.4803,-2.1230,13.2985,17.4916,-7.2269,-5.7663,32.0815,16.4808,-24.3096,-14.6096,-28.6203,3.0334,17.9877,17.6783,49.2577,-23.1434,17.4727,-34.8713
-34.2629,-17.1540,-49.3903,7.0853,13.1070,-7.7990,0.3796,6.0120,42.9363,-27.7844,-33.1252,-4.8541,-22.5076,35.8636,19.7589,56.9359,0.6567,10.9421,-3.2940
-32.8520,-18.7356,-58.2723,-0.1487,29.5505,-10.3701,33.2267,14.4600,53.0967,-1.0846,-51.6495,15.1256,-18.1410,34.9046,25.5050,51.5950,22.4545,-2.9745,50.9376
-7.0729,3.1629,-15.7637,-5.6382,57.6401,-11.8453,86.4534,59.9709,45.5746,30.1540,-65.2448,28.1692,33.8247,40.0812,46.8223,67.5742,14.5669,-20.1360,65.9735
1.7133,14.0864,-0.6929,-9.5399,48.0607,-16.9729,108.6488,76.6247,3.9586,7.7057,-19.2514,52.6522,65.4836,62.6247,45.1801,84.4971,4.4257,-24.4561,43.3170
-14.1701,10.5802,-27.0327,-20.2307,6.0953,-23.7297,86.1537,50.9236,-32.4135,-32.2973,53.0460,71.3249,54.4797,66.8412,21.2991,74.1817,12.0998,-29.3362,25.2696
-18.5363,9.1821,-41.8462,-41.3651,-14.6705,-43.8103,57.2445,23.6407,2.6015,-17.8829,38.2698,39.4440,31.3761,33.8049,31.6182,73.0858,18.2507,-54.8020,18.7669
-18.5200,3.3799,-49.4328,-65.7554,-37.8317,-90.4513,36.0205,17.9621,68.7071,41.2490,-31.7380,-30.6187,-8.6225,-16.3963,68.1574,95.8085,0.2678,-78.4932,20.6587
-45.8005,-14.7874,-71.8810,-87.7706,-94.2243,-130.4357,17.0034,43.6893,87.3221,104.2256,-21.1499,-66.3695,-50.2749,-49.3903,78.4807,111.1045,-41.4785,-85.3333,44.0906
-76.6909,-38.0407,-83.1208,-107.4437,-113.5707,-122.4284,20.2677,95.5806,88.3112,158.1084,48.8317,-47.4720,-38.3001,-36.8977,82.8982,136.4255,-81.3970,-104.2354,73.5232
-71.6423,-57.0888,-80.4858,-127.6695,-82.9021,-97.6357,38.8383,121.7688,118.1227,170.3760,69.5153,-32.9498,4.8907,-0.3184,110.7069,181.0743,-86.4773,-143.7137,65.3502
-43.4710,-62.2440,-96.7183,-146.9775,-99.0073,-112.6503,27.2071,78.2673,135.4285,105.6715,63.3132,-47.9110,10.3054,5.8284,116.5158,174.6071,-57.3052,-170.0026,15.1200
-24.6736,-56.4003,-120.9871,-148.5692,-145.6043,-145.9460,-1.1696,3.2165,113.7957,8.7581,83.5205,-52.1823,-4.7609,-11.6769,82.1724,107.7861,-29.7813,-162.7538,-30.8642
-14.9985,-52.9729,-114.1469,-121.2591,-121.9612,-138.0039,-0.9162,-37.8485,82.6953,-41.3301,91.4376,-35.1694,2.8882,-8.8412,53.0786,62.0026,-15.9841,-132.8100,-43.1372
8.5490,-43.2385,-72.2281,-88.3217,-70.9723,-100.1852,-2.0186,-48.1830,42.7432,-47.0840,80.3619,-30.8643,10.5434,-8.2506,32.3491,33.6746,5.2523,-102.2225,-45.7119
45.8912,-23.5779,-27.4989,-74.4887,-70.6998,-86.4636,-32.4511,-71.6124,-11.8992,-64.3245,97.4157,-48.0644,3.6693,-42.9880,-1.6008,-28.7910,30.4196,-86.2905,-63.3063
60.8816,-25.9616,-17.0215,-68.8975,-65.8742,-94.7003,-33.8640,-100.2762,-39.7638,-88.8829,116.1761,-65.3822,7.0312,-68.2611,-16.2584,-68.7466,33.2573,-78.2079,-71.6247
36.0681,-42.9443,-37.4769,-61.0162,-29.4821,-90.7793,18.2889,-88.6342,-16.8232,-71.5564,83.0672,-62.3250,22.0805,-50.8064,11.4948,-30.8022,13.8931,-70.0092,-44.9314
3.7598,-21.2458,-48.1887,-62.4559,-31.5976,-88.5135,61.7108,-49.4784,23.1138,-29.1070,32.7428,-33.1514,39.1449,-34.3629,41.8665,14.7397,-10.1550,-72.7446,-13.7076
-10.9893,13.4546,-47.1323,-68.9904,-64.4453,-111.3504,66.3890,-46.3775,38.6080,-27.9732,30.3859,-11.5513,56.8879,-47.9689,42.0219,4.3409,-31.3997,-79.7638,-16.4408
-17.0761,-9.9796,-61.6910,-64.6946,-64.8150,-124.3499,54.3530,-80.9243,19.4839,-52.8796,67.8087,-35.2300,49.3501,-67.7182,24.5733,-27.1075,-39.7226,-67.7904,-29.5612
-15.0013,-55.0645,-68.7689,-56.9311,-48.4894,-93.3708,32.7501,-85.4962,3.7283,-20.7083,69.4278,-68.5441,1.8335,-76.4648,16.8471,-34.3079,-26.6042,-51.4027,-0.7300
-3.8837,-47.8449,-44.2056,-52.0671,-39.4495,-54.7980,16.2554,-41.7280,40.1326,62.6805,-9.3952,-61.5379,-42.2788,-77.9224,32.5613,-20.2459,-11.1999,-51.3928,67.6059
-3.8104,-15.2420,-28.4366,-38.7759,-24.3723,-54.0115,22.3495,-8.4157,94.6553,99.1348,-96.3162,-46.1201,-46.7099,-82.1199,44.9064,-23.5986,-10.6567,-43.4572,110.8179
-14.1160,-1.3183,-39.3088,-25.3531,-25.4376,-76.8732,15.7474,-19.5352,92.0085,66.0842,-93.4768,-57.3319,-39.2043,-99.0861,20.1315,-63.2725,-5.8066,-21.9887,93.9539
-16.6634,7.2636,-39.8696,-29.1270,-49.4032,-90.3600,-28.4316,-36.5304,60.0350,50.2944,-43.8679,-64.7993,-61.0794,-116.9508,-7.3240,-81.4997,10.4953,-22.6211,75.2224
-27.1419,6.4405,-33.9832,-34.7721,-48.4294,-90.9866,-65.6345,-18.0875,80.2235,94.2903,-50.5145,-66.7111,-106.4576,-121.7338,8.6923,-40.5965,5.3288,-35.5105,111.7039
-56.5146,-14.1653,-50.4016,-28.1452,-31.9991,-89.2505,-67.8711,19.0043,132.3228,139.5873,-92.8707,-101.1127,-130.3565,-131.8688,32.1379,-15.8060,-26.7758,-23.1712,148.9369
-74.2331,-16.7835,-68.9922,-28.5605,-51.2833,-87.1532,-55.0137,40.6094,144.1333,151.0616,-109.5542,-141.4035,-115.2355,-148.6552,26.3544,-34.9551,-36.1145,-6.9456,124.1792
-73.7915,10.9304,-70.2465,-39.0591,-70.8737,-74.5222,-26.0724,62.3784,122.1271,173.1686,-134.6941,-132.7687,-100.5446,-130.8899,29.2095,-1.9522,1.3935,-13.3234,99.2984
-78.7956,29.1881,-64.1226,-31.6176,-36.0474,-43.7182,19.9612,110.7581,110.8544,216.9290,-185.7473,-86.8969,-101.8928,-74.3955,53.5704,83.4771,38.2506,-12.6583,134.0914
-77.6350,29.4458,-43.5906,-3.8420,14.5723,-17.6322,40.2574,143.6184,104.2525,212.4968,-184.0465,-38.1969,-77.1404,-26.2597,50.5057,99.8666,28.7032,8.7914,154.0259
-58.5473,27.2498,-11.3289,17.1843,32.6662,-26.8374,17.0407,117.0605,74.9902,144.7876,-101.9245,-2.4495,-30.4245,-7.1944,15.1347,50.2987,-8.1527,24.1599,103.0721
-52.4575,17.9468,-0.9459,21.1349,29.6700,-53.8056,-4.8216,86.3602,36.6177,103.8135,-27.5535,1.6081,-17.6192,-3.9504,-5.5988,38.4418,-31.5743,28.9113,56.3291
-64.1299,14.7456,-12.1445,16.9741,15.5901,-61.0639,3.9825,105.2310,30.7960,119.4323,-27.6524,-7.1091,-25.0836,-0.9107,-1.0438,58.9751,-36.2179,32.5164,57.5331
-60.4062,38.2689,-13.0264,16.4393,-8.9336,-52.5850,19.2331,117.6126,57.6792,110.5723,-69.2933,23.6446,-4.8496,22.2546,3.8126,58.2307,-37.4027,32.7576,42.7641
-44.6350,64.4052,-1.7371,31.8142,-18.1645,-39.7946,15.0614,81.8416,61.7237,55.9559,-96.2499,72.6197,15.5975,62.2186,-4.3619,54.5486,-32.6596,44.6268,-12.1400
-34.8360,66.4611,11.3457,58.3391,2.0228,-7.9380,-0.0746,50.9495,19.2801,14.4227,-98.4997,70.5167,7.1251,83.3270,-19.9844,60.9076,-12.0452,76.3952,-60.9530
-14.3318,55.8286,28.1919,74.7946,28.5502,28.4382,-5.1761,39.0505,-30.6541,-26.3742,-85.0441,34.3554,5.9370,83.5882,-29.0317,55.0019,10.3111,97.9638,-96.0372
14.8426,47.3461,42.1618,81.5819,39.8476,31.2410,-6.4886,3.5446,-71.3212,-99.6555,-48.4214,30.3899,17.3381,90.3989,-35.4556,39.4857,14.3717,102.1485,-130.1993
18.6906,48.9026,52.3188,93.9360,38.4781,20.8517,-23.8244,-23.7333,-116.7890,-130.1032,-0.8896,50.8483,6.2828,91.3857,-58.0475,23.6646,11.2048,116.3136,-134.8857
3.6824,63.0602,66.5224,100.5469,35.3872,40.1949,-37.5299,4.5391,-149.1051,-71.1132,14.8372,53.0944,-11.8196,71.1884,-80.5038,11.3792,25.0595,129.0111,-101.8913
5.3787,72.3935,73.9485,90.1374,36.6776,65.0245,-15.8324,34.3103,-159.7574,-22.8962,0.6839,49.1495,-7.8722,60.3285,-75.5903,15.3268,50.6087,117.2950,-71.2052
21.1053,70.5573,75.4686,86.7405,45.3871,59.9778,16.7499,27.5026,-179.9869,-41.2176,6.8316,69.0287,2.8845,68.8399,-70.4169,13.7034,62.2676,109.4557,-49.4705
29.4878,67.6323,91.2978,96.3015,66.1367,52.4268,21.0500,44.6092,-193.0519,-38.7370,38.3723,95.2941,11.7022,66.7423,-87.1724,-20.5418,54.6475,114.6625,-3.8506
29.5569,41.2051,100.6753,80.0838,91.3787,61.4694,11.1955,99.9695,-147.2119,28.2303,60.9159,86.7172,23.3218,52.4247,-80.4178,-36.7608,36.7170,85.8342,56.7645
20.5234,-18.8776,71.8150,30.8974,89.6497,48.6116,5.0167,123.8430,-70.3002,101.8222,74.5612,44.7755,17.0003,40.8595,-35.8367,3.4360,7.7512,23.7818,87.6401
-1.0383,-57.6029,32.5803,-6.1688,46.1759,-2.6634,-15.2773,104.7501,-25.3105,157.3947,88.1554,15.4535,-12.3651,21.9807,-17.9186,29.8535,-23.2648,-9.8694,83.3696
-18.8900,-52.7459,13.7416,-12.4398,0.6441,-50.4846,-40.8076,96.8879,-9.7263,202.7053,85.2595,13.6426,-32.5303,-0.3751,-46.1052,-1.4551,-29.7196,-2.5737,76.2331
-17.1376,-49.6942,3.0071,-6.3614,-0.8457,-60.1610,-39.3208,110.9512,-1.5056,207.8093,61.5820,8.0729,-33.2505,0.9295,-64.4962,-25.6815,-7.5407,11.3369,76.1384
-2.6313,-45.8159,6.8614,10.5368,30.6998,-39.1232,-29.5196,116.2818,-0.2535,163.2864,24.3360,3.2640,-30.9129,26.6770,-55.3041,-7.8242,14.6806,26.1506,62.9592
14.4948,-4.3829,37.9174,36.0155,46.0482,-14.4671,-40.5853,100.2781,-1.0555,106.7369,-16.9297,37.2104,-23.3112,55.5625,-51.0212,6.6051,22.6222,43.0198,28.9175
30.3660,42.8410,58.0537,44.2837,26.0485,-8.0339,-38.6069,75.5820,-16.2041,51.5100,-29.0546,85.1680,-2.0790,72.9792,-58.3779,-3.9211,33.1552,45.7044,-4.2433
37.1571,56.1220,45.4458,37.0911,7.5678,-14.4462,3.8894,65.3986,-55.4461,-0.4679,-13.6440,89.2692,19.7762,70.4636,-59.5940,-16.1658,52.4446,43.4839,-10.5303
33.7879,50.7461,35.4849,43.2245,26.4134,-8.6918,37.4684,75.0721,-63.7475,-15.0903,-30.7335,66.1335,23.4629,59.4752,-49.9888,-19.3292,59.1068,54.4361,12.3868
29.8468,27.1960,36.0053,51.4916,54.7917,11.1166,24.9668,82.5610,-7.0532,14.6431,-68.3684,61.6964,13.9420,62.4393,-36.0266,-22.0568,37.1207,56.9027,41.1153
22.7648,-17.3045,18.5671,33.2036,44.9780,22.4021,16.5127,82.7867,39.1865,40.7381,-46.4543,58.2618,22.0726,65.6214,-25.1770,-32.0861,-0.1147,35.4753,49.7011
7.6233,-30.5528,-4.9097,9.8749,11.0558,20.0378,52.9530,86.0530,16.5648,27.4234,4.1024,31.0185,54.9678,43.4399,-20.0627,-45.4777,-20.0483,21.8931,34.7303
5.3005,8.9575,-3.1729,14.4811,-5.0049,15.5123,87.3207,65.9697,-28.9216,-23.8011,-4.7142,15.3369,71.1270,18.2406,-18.3133,-52.8654,-5.8151,34.1803,10.6053
26.3801,46.8307,9.8026,30.6683,-11.6039,8.4113,77.5818,-0.1719,-57.7815,-93.5804,-32.0434,47.4415,54.1920,23.0475,-26.5182,-61.2219,24.3474,45.8453,-14.1140
37.2377,61.0538,4.0911,30.7027,-31.9500,-3.2503,58.7645,-65.5657,-76.1515,-138.4821,-14.7622,106.4254,44.3418,45.4423,-46.6284,-72.8683,49.5724,38.7085,-34.6107
23.4838,81.9993,-9.3869,22.8767,-41.1322,-10.2097,58.4327,-77.5658,-73.3280,-123.9486,-14.0596,145.1219,49.0658,59.5362,-57.7583,-62.4509,78.9196,25.1820,-37.5068
25.9467,107.4469,1.1090,28.1271,-13.6321,-10.5355,41.9080,-54.4133,-50.6681,-85.8224,-67.5829,142.1896,31.6269,61.7715,-57.2118,-39.2036,122.0428,22.4424,-24.5084
56.8776,111.6581,29.2792,41.8329,15.7879,-12.4875,-2.2489,-42.0973,-39.4769,-80.9806,-99.4768,117.3295,4.0435,55.9410,-68.1058,-51.2662,150.4974,31.1605,-24.6116
66.7630,93.9118,34.1118,32.9019,1.4300,-20.1799,-24.6371,-51.0333,-32.8965,-86.4364,-72.1079,97.3574,3.8501,42.3565,-69.8977,-70.0958,127.9234,22.5967,-41.5551
34.6633,59.1985,7.3922,-13.6592,-35.8705,-37.9408,-5.3381,-50.2964,0.0241,-38.8781,-28.4983,76.9229,11.0437,24.4124,-18.6503,-13.8502,61.2041,-28.9742,-30.9847
-2.0715,7.8835,-16.9633,-60.0229,-43.0553,-66.6468,13.7993,-2.9958,43.5094,47.1444,9.4552,45.6204,-5.3901,19.1300,52.5075,93.8825,-10.4838,-84.1709,20.7334
-19.9010,-42.5227,-27.5794,-61.6454,-28.3811,-83.2291,4.0782,71.6412,62.9036,93.6542,38.6205,29.2869,-33.8693,49.3216,74.2428,158.3766,-59.1281,-80.2942,59.4042
-30.6275,-66.3346,-36.0707,-34.0622,-37.4693,-60.5737,-18.1202,108.3888,61.5619,82.5526,38.9465,47.2566,-61.4491,96.2744,59.9604,169.0376,-85.2771,-35.3799,59.4074
-45.0960,-60.1537,-37.6056,-18.2083,-56.2482,-16.8844,-31.4590,98.3622,71.0947,72.5111,13.1087,66.9048,-81.5863,102.2561,61.7630,161.7936,-102.7596,-13.7008,69.3603
-62.7893,-51.3549,-40.9026,-16.7535,-46.7786,-1.5684,-34.4660,90.2402,113.1797,86.7025,-11.9417,56.0729,-78.5691,61.3994,67.7064,122.9845,-114.8826,-18.0341,108.6418
-77.2967,-58.9266,-67.9236,-13.6382,-38.1592,-21.8115,-30.6852,85.3157,161.4895,80.5574,-29.3317,32.4961,-61.5172,27.4215,50.8555,53.6273,-117.7818,-10.8710,126.8726
-84.1802,-52.9679,-92.9668,-2.7153,-61.7355,-29.6983,-14.3699,51.7773,157.8094,31.5665,-48.1072,24.3222,-52.4186,13.4492,31.9162,1.7864,-114.6479,15.3450,104.2133
-86.2849,-8.4088,-78.9751,20.9460,-74.7751,1.8948,13.2974,9.4627,97.3712,-28.8510,-65.6886,31.3856,-39.2785,-1.8508,22.8160,-20.3381,-103.1363,49.0978,72.3401
-76.0130,31.3231,-48.7803,43.5122,-51.6987,36.3412,28.8791,-6.2332,37.9535,-69.7118,-66.6316,42.9490,-14.6948,4.1981,9.6172,-21.6925,-72.0900,70.6260,35.6153
-43.0731,24.7608,-34.7945,33.1466,-33.2896,31.4735,19.9189,-0.2977,15.8703,-79.4516,-47.8324,48.6619,-6.4374,46.9789,9.8572,23.6545,-33.6042,50.2751,-10.4911
-9.5722,2.5110,-28.8106,-0.8920,-32.8502,0.5860,12.9978,13.2656,23.3103,-62.3606,-36.1965,34.2939,-13.5386,76.3320,40.4683,96.6681,-18.8798,2.8299,-37.4267
2.3171,1.6848,-20.0931,-11.7748,-26.6275,-14.7845,22.6652,21.3484,33.0520,-50.2272,-45.8344,10.0961,-0.3860,67.4602,54.7492,108.7220,-21.8409,-11.7345,-51.0926
13.1355,14.9759,-2.2313,6.8622,-17.0510,-2.1550,20.7607,9.4419,12.1826,-53.3239,-46.0034,17.3807,26.8051,65.1217,18.3247,55.6896,-7.1438,12.5801,-84.0545
32.5306,25.6786,32.7100,19.8086,-0.7391,16.0136,5.1237,3.3480,-26.2666,-18.9506,-27.9582,60.6314,30.8392,84.1073,-14.0408,39.8924,17.9472,20.7997,-89.1319
35.3176,23.5124,62.2278,16.5797,39.9460,15.6533,13.7851,33.2667,-26.8737,67.1149,-29.1589,85.5444,16.8978,82.6731,2.0083,74.7239,16.9470,1.6937,-14.7030
26.3923,12.6544,65.1030,15.1584,71.4638,-2.1434,43.3572,54.9182,0.4590,118.1453,-45.9079,71.6876,21.8197,48.7256,17.5386,59.4654,-5.6327,-4.5593,56.7267
28.2427,18.7399,59.9306,21.8800,53.9240,-17.6910,56.5107,18.1797,-3.1809,83.8556,-38.1657,63.3974,51.9469,13.2398,-8.7030,-24.7073,-19.8930,11.5079,39.3513
27.6502,36.0777,53.2554,27.4960,24.0245,-24.0391,55.9220,-39.8981,-20.3792,26.7848,-21.4431,64.7778,77.4986,-12.4378,-36.7146,-93.3577,-23.5504,25.0259,-7.3813
22.2503,26.4437,39.3725,28.0139,26.3831,-31.1110,54.2107,-72.1295,-12.9997,-3.6079,-23.0378,23.0794,77.8637,-45.5036,-35.1478,-120.6453,-30.4150,29.4913,-21.9511
32.2168,2.3577,47.4316,32.5779,43.7521,-35.9334,29.6885,-95.2863,-19.5683,-28.3611,-8.2298,-50.1187,64.5786,-89.0273,-32.3958,-144.5256,-46.8355,37.9037,-42.4367
35.5474,0.3725,80.0053,44.7022,57.0570,-27.1057,-11.2481,-121.0046,-49.1358,-49.9691,38.0091,-84.6212,57.7413,-120.6879,-37.2398,-156.1625,-78.4576,48.2957,-72.5927
13.4392,0.6919,87.2746,44.1450,70.8264,-17.4131,-18.9087,-122.9502,-43.8942,-45.7786,67.5037,-81.0066,61.4397,-127.3236,-18.8412,-127.7995,-113.3113,38.6949,-63.2313
10.7262,-17.3291,68.8115,17.5905,73.2076,-23.3116,8.2063,-100.0795,-19.1384,-33.0528,70.6294,-88.3787,68.7291,-120.9255,14.6431,-89.3201,-115.6516,3.4321,-35.4430
45.9679,-32.9138,66.6773,-9.4766,57.0468,-28.5920,20.4150,-82.5957,-35.0021,-39.5058,87.9298,-92.9492,72.2133,-103.7750,20.8316,-77.7235,-82.9491,-27.1565,-38.8514
75.3728,-41.6940,72.8016,-14.2830,45.2254,-18.4397,7.0609,-79.6670,-58.8581,-57.0226,112.7826,-56.5090,70.1302,-58.7896,4.4225,-72.2564,-54.2232,-34.5066,-58.1177
86.0567,-40.1707,69.6923,-15.5529,47.1999,-14.4124,-0.9223,-72.6325,-41.3282,-69.0785,107.0060,1.7106,73.5632,3.5271,4.7914,-36.4778,-37.1884,-45.7994,-70.4267
91.9997,-9.0413,65.4628,-31.3553,38.6732,-33.1934,11.9380,-47.4045,-17.9142,-70.3732,82.5546,44.9337,91.2666,46.4310,18.1439,13.9218,-8.1355,-73.7436,-83.6026
83.2700,15.6916,42.7390,-43.7588,8.1234,-53.2977,40.8131,-20.2933,-21.9066,-65.0755,70.4425,61.7045,109.7002,60.5109,8.1748,19.3383,23.0092,-78.8129,-93.0756
72.7054,1.7543,9.5434,-28.5134,-12.7861,-49.1461,70.1517,-26.2829,-41.3921,-75.7112,51.8760,47.0470,111.6697,52.2955,-24.7114,-41.5225,36.7401,-36.7389,-95.2913
85.2654,18.0876,24.5095,16.9718,8.4453,-19.9030,72.3944,-68.6554,-75.7960,-123.5272,-4.8616,18.5289,92.5150,17.4259,-51.2537,-113.5646,57.8495,24.7329,-95.7437
93.3777,90.3159,68.9284,71.6483,51.4106,24.2645,41.0909,-108.4318,-109.4031,-194.6667,-72.6550,21.6016,54.2732,-17.2008,-64.3523,-146.0699,100.5076,73.8093,-74.5959
76.8808,120.4053,69.5798,100.1908,74.2632,72.1328,10.5197,-119.0040,-101.4668,-246.3052,-95.3762,62.3198,20.9151,-7.2577,-67.6315,-148.3653,123.5019,92.5103,-28.3504
67.5391,88.9350,53.1734,88.0295,81.0587,104.5220,4.7418,-104.5127,-66.4201,-239.4325,-71.7156,90.7274,23.4244,23.6051,-52.6442,-129.5260,109.7461,69.4253,0.8631
74.3903,80.5005,73.7906,62.2047,94.9133,102.8674,5.5665,-67.9914,-57.8472,-178.9182,-47.6851,74.6440,39.2772,21.7860,-28.9437,-84.7529,101.4998,30.2069,2.9073
85.4857,86.2785,96.3850,52.8370,103.5283,75.4631,-6.6596,-20.7385,-80.9098,-124.8991,-40.4856,34.2880,21.3833,5.8283,-26.0590,-49.9851,117.2196,21.8475,6.2573
109.0699,57.6509,100.5499,55.2804,99.4119,56.7819,-24.8014,3.9079,-102.7581,-113.1535,-33.4872,4.7020,-11.3904,13.8709,-36.9865,-46.4491,124.9567,36.0332,4.3600
116.9265,40.6407,111.3720,46.2186,101.3996,62.7608,-28.9615,0.6436,-98.2749,-94.3513,-22.2000,0.9901,-7.8495,22.3773,-22.2291,-22.7719,105.5789,22.0869,-10.2289
69.4218,50.7774,96.6705,18.1650,95.3415,73.0826,-4.2310,5.1316,-60.2848,-36.9353,-10.3197,13.6169,25.2407,14.0158,14.5638,30.7559,72.0301,-19.0931,-5.4331
14.4040,29.1961,34.4096,-8.2701,50.4372,75.7593,36.1931,20.3094,-16.7699,-5.9474,2.4049,25.3458,49.6318,17.3386,28.5187,36.9669,38.0770,-35.7026,12.4244
4.7585,-5.3704,-11.6075,-7.1414,-10.1279,81.7213,47.9917,0.0213,-5.9205,-45.6095,5.2335,27.7348,50.5901,25.9866,8.7341,-22.5725,10.2369,-9.0479,-4.9872
1.8523,-2.4080,-15.8075,18.2633,-40.3287,87.5981,12.0836,-69.6361,-18.1642,-104.2343,-5.3449,12.1029,26.0622,-0.0016,-17.3225,-82.8007,-8.3836,32.7300,-48.1117
-19.2575,-1.6287,-20.9357,41.4134,-33.1771,86.4405,-28.4644,-140.5586,-25.4399,-133.9811,-9.7772,-25.5624,-9.0860,-46.9134,-30.7881,-115.0178,-21.0049,62.9207,-67.9330
-27.1520,-23.3085,-26.5805,46.8977,-11.8851,95.6623,-29.0935,-165.0006,-29.3108,-137.2183,-3.5187,-53.6390,-18.4062,-65.4675,-25.0155,-118.9822,-30.7043,69.3928,-63.0440
-28.9915,-17.3524,-14.2289,39.0303,-1.1370,114.0054,3.7216,-136.7077,-29.7209,-115.5617,-3.0030,-36.6934,10.5973,-46.3540,-1.5746,-79.9304,-42.6010,54.0582,-58.2359
-43.9575,5.2689,-5.5315,34.0836,2.5895,107.7408,49.0713,-78.1730,-26.1169,-82.4869,-3.2072,-2.4621,54.5082,-14.8546,15.5550,-31.3811,-62.6437,45.8892,-54.9907
-45.7409,-0.4687,-2.7685,45.4791,29.3102,80.3347,93.9760,-21.5103,-44.2200,-69.4081,9.8439,-0.5789,88.2476,4.1211,7.5536,-26.7831,-74.4359,65.6418,-43.2982
-32.5838,-2.4638,11.7589,56.0176,63.0108,69.9619,113.0930,15.1232,-76.2122,-59.5414,20.1200,-17.9847,95.8020,-2.2717,-5.5153,-39.3635,-55.6910,79.5352,-19.1950
-30.3052,25.7385,22.1717,37.3631,49.0471,71.8120,90.8305,37.9269,-69.3956,-18.0875,12.7431,-18.5633,79.5227,-22.0064,-4.5709,-30.7775,-21.4914,51.6634,4.5842
-21.1624,35.8259,19.6677,3.3577,9.7319,53.0567,50.5141,47.5921,-31.4930,18.9623,16.4053,-16.5656,66.5271,-33.9049,-5.1130,-32.6205,-2.5367,7.5281,4.8607
9.2242,8.9002,21.8391,-15.4476,8.6121,15.4113,21.1350,30.7150,-28.0761,1.8044,65.4479,-30.9777,68.4268,-38.6822,-17.1129,-56.3179,2.4636,-19.1000,-13.8965
33.4733,-8.3238,25.6028,-20.8204,20.8773,-15.4564,0.6089,-1.7559,-66.6123,-50.1262,132.2119,-35.9058,64.3721,-38.0522,-32.2161,-65.9946,17.3516,-31.1705,-32.4874
48.2909,8.8503,27.3213,-12.7856,3.6949,-15.0317,-27.2876,-20.7711,-106.2882,-102.0650,147.0765,-21.1774,44.3376,-19.4933,-55.7426,-67.4245,55.0453,-19.5363,-65.7842
65.6513,34.2648,40.7026,18.4287,-5.3874,22.5734,-61.2638,-28.6917,-137.8590,-144.3884,105.3966,-25.0627,20.4254,1.1231,-86.9912,-83.3716,99.6843,25.6844,-119.6406
68.0061,33.1273,55.1889,44.1355,17.3433,54.9378,-79.4473,-44.2148,-162.2205,-154.2516,83.3326,-66.8548,2.3208,-16.0911,-97.6623,-96.8846,110.0546,60.8645,-144.1290
56.3688,5.4977,59.1674,42.7370,40.7136,44.1438,-74.0603,-60.4338,-169.0436,-120.5461,103.8172,-114.4078,-8.6262,-65.6310,-85.4495,-106.3952,77.0938,60.4926,-114.0892
54.4195,-4.6300,70.4384,49.8155,59.8500,32.0798,-77.6021,-67.7398,-165.4357,-85.4251,100.8485,-126.3354,-23.5933,-96.6165,-86.9806,-128.6241,59.7173,66.7684,-74.0702
53.3001,23.5882,82.4607,68.7978,71.9748,57.3398,-106.5921,-70.3041,-146.4215,-78.3549,60.3499,-85.1283,-45.0010,-84.2729,-100.5154,-138.7829,86.0826,78.2852,-49.1495
42.7549,39.3380,64.4465,47.8946,44.6038,68.7939,-114.7412,-61.3443,-84.4729,-70.2675,45.3005,-15.7283,-40.2476,-52.4188,-87.1584,-124.3867,90.1114,40.5040,-17.3479
34.2844,-0.2899,21.8574,-2.1158,-5.0862,34.8663,-78.9542,-41.0174,-3.5727,-41.2295,66.3963,18.4877,-5.1006,-34.9929,-55.6071,-123.7222,36.5345,-17.2105,17.3890
14.9369,-57.3178,-23.0876,-24.0221,-31.3340,12.1881,-51.5108,-32.7508,37.0321,-12.7540,78.4191,-7.5486,3.0660,-38.7088,-40.4878,-130.3025,-11.3243,-26.7401,28.4092
-21.8144,-73.8236,-59.4658,-29.2438,-46.1083,28.0250,-56.1895,-35.8676,47.7563,3.7166,68.6709,-36.7164,-22.5614,-41.8702,-28.1231,-95.5658,-13.7429,-21.6664,20.8897
-37.8180,-51.0570,-64.6282,-50.5670,-60.9157,42.6030,-52.9163,-24.7593,74.4992,27.4789,47.5547,-29.6382,-17.1716,-34.9162,1.8571,-40.4299,-7.1696,-53.4036,11.7811
-27.0356,-35.7435,-37.9599,-70.1762,-52.8473,40.1259,-35.7872,-4.0747,95.0874,79.5137,34.2107,-28.4578,17.1727,-37.0711,25.0868,-11.9154,-15.0033,-86.8129,0.7062
-31.5390,-55.9531,-28.2014,-82.9150,-42.6360,29.1338,-29.3814,8.8141,77.6424,151.8958,60.1863,-54.6890,22.4935,-48.4490,28.3155,13.0438,-25.4740,-98.0101,-7.7781
-52.8106,-85.8500,-55.5974,-101.8129,-57.7673,6.1702,-14.7964,17.6463,62.1964,196.1169,94.6313,-65.1486,12.7444,-40.6869,34.1602,54.1451,-33.6556,-108.9529,-7.9390
-57.7448,-85.0560,-79.2510,-98.8913,-62.2669,-8.3220,17.5768,14.8057,72.3984,168.1297,65.9417,-53.6859,22.3299,-18.6124,41.7092,66.5046,-30.3161,-100.5952,-15.3780
-40.9202,-60.4110,-67.2968,-64.6471,-38.5655,10.0061,26.5829,-6.4235,60.7805,102.0813,8.8242,-58.5899,23.1907,-15.8044,33.1076,39.2773,-7.6108,-61.1264,-33.7383
-16.2555,-44.3718,-31.5940,-48.8819,-21.7919,30.4003,5.9548,-12.5513,20.6693,78.2695,9.9207,-66.1756,3.0406,-25.1986,27.9900,34.8580,10.1153,-48.6520,-31.3710
-6.9682,-34.2453,-6.8650,-62.8073,-17.4758,19.5758,-6.0059,10.1518,12.8550,104.3685,36.2687,-40.1926,-9.4992,-15.5911,46.4147,81.8701,5.6594,-78.5038,-0.6246
-29.9285,-7.2570,-12.1484,-59.9163,-13.6428,-0.9460,-4.7266,25.5818,36.9179,117.9218,13.9298,-6.7205,-14.9226,2.4545,58.8392,126.4419,1.2823,-82.2462,14.6510
-47.7276,32.2578,-18.0192,-32.0037,-22.2585,-7.1698,-2.1081,28.0650,29.6993,100.3750,-34.8702,-4.3576,-21.3794,-2.3667,36.8540,107.4238,16.9034,-39.1369,0.1616
-19.1874,55.6044,0.1201,-11.0719,-31.7683,-2.1740,12.1851,38.5890,-0.8145,78.9297,-71.6503,-19.5433,-16.0852,-25.7679,4.4297,31.4175,45.1660,-2.4238,2.8102
14.7289,42.7563,0.7196,-5.9887,-25.1496,15.6065,34.2398,36.6594,0.2355,43.2254,-95.7394,-27.7056,-8.6629,-36.2936,-4.5582,-34.7871,66.7270,5.3814,33.6157
8.4567,8.9258,-41.1750,-5.9945,-32.0596,44.9786,42.0202,11.5166,11.2769,-24.3436,-88.1172,-24.8623,-16.7420,-16.8459,0.2970,-47.7642,70.9703,9.4004,40.8791
-1.3926,-11.2988,-70.1671,-2.3582,-58.7838,70.8132,30.7871,0.0112,-13.4575,-77.6296,-56.8930,-11.1612,-34.9937,18.8066,-8.0179,-33.5962,75.5484,23.7654,17.6358
15.3440,-12.9687,-55.9409,8.3694,-59.9050,88.1624,7.4335,3.5259,-41.5634,-72.9037,-56.8078,10.8322,-62.3012,48.6695,-22.3399,-18.9508,98.2712,36.7439,11.8238
24.5968,-10.5838,-36.7190,17.0985,-32.4157,97.3214,-14.3883,-13.2128,-35.7556,-47.6824,-75.5100,40.3336,-81.5835,71.0092,-19.7511,10.0611,111.4103,33.3293,16.6434
12.8327,8.0755,-24.3446,16.3336,-20.8774,91.3473,-17.9971,-42.3131,-31.3636,-51.4356,-53.6376,77.2236,-54.5120,85.5330,-13.6274,37.1548,93.0368,18.4193,-14.2992
14.0278,44.1873,-3.2113,10.7725,-40.3225,77.8156,-20.1214,-59.5058,-53.1504,-73.3606,-9.7360,100.7332,-9.6828,76.6329,-29.4863,15.8576,81.3836,7.3068,-60.7178
40.5549,51.1588,11.2121,-1.9109,-69.9712,72.8915,-41.7945,-62.2383,-61.8835,-81.4728,9.0517,95.6078,-9.9085,57.0833,-45.2871,-27.4004,92.5036,-6.1295,-66.7222
63.9977,12.5752,10.2022,-20.1487,-76.3526,71.5191,-50.1247,-37.9867,-37.6745,-59.3725,13.7895,85.3769,-28.6774,63.7677,-29.9283,-24.1048,82.9049,-28.0203,-32.6572
59.7692,-25.8456,10.5057,-23.4628,-43.1994,64.0701,-28.0615,5.2069,-17.9093,-10.3701,22.2047,78.9493,-23.0930,79.8580,-8.5766,9.4810,50.4596,-34.1573,4.8062
38.8889,-43.9379,8.3653,-14.6685,-15.8353,56.0591,-25.8117,17.4668,-23.5447,26.1896,35.0894,50.5566,-30.0620,62.3624,-9.2982,16.8822,32.1259,-20.2098,21.5749
24.2654,-60.7308,-9.9652,-23.7125,-42.4488,46.7568,-52.7337,-6.3034,-21.5807,16.0246,58.3691,15.0598,-55.5189,34.8718,-7.2647,11.7350,13.5268,-22.3210,9.5889
7.3170,-70.8218,-38.1176,-44.4024,-83.7361,28.7354,-50.8058,-22.0460,14.7093,-2.3925,66.5175,8.4073,-47.1322,30.0070,11.8955,18.6104,-24.0416,-40.8994,-11.1873
-24.9526,-63.5042,-61.7041,-42.5139,-87.1220,12.5948,-18.6950,-27.3614,52.3998,19.4950,28.7339,0.0030,-25.4383,9.8873,18.7490,5.0447,-47.5412,-32.2650,-7.2755
-44.2991,-55.8772,-64.1012,-19.8401,-71.8656,15.0076,-6.7113,-37.6245,50.7622,46.7844,-20.4858,-46.3548,-39.3983,-42.4936,8.6414,-36.7348,-48.7269,5.4603,13.1606
-35.3114,-53.6859,-45.2551,-3.9617,-58.0432,28.8497,-4.3735,-39.2619,35.6812,34.6109,-43.8396,-91.6032,-46.5870,-72.8505,13.6402,-54.2295,-58.1791,28.5995,9.9054
-31.6369,-39.1563,-35.5859,-3.2835,-36.6886,31.4948,17.7006,-44.4744,44.7324,8.5128,-58.6070,-99.8550,-8.2528,-64.9065,31.9911,-32.1417,-63.5646,21.8477,-30.4318
-37.7286,-3.7618,-37.0192,-6.8088,-28.2634,20.8785,20.7900,-72.5888,45.4678,-11.1549,-66.1820,-89.2386,22.8038,-58.9181,27.0449,-17.4324,-33.0075,9.4161,-85.1645
-24.5071,39.9534,-18.5516,-3.8570,-44.4570,20.8968,-23.5435,-78.8146,14.6599,-39.5701,-50.5689,-70.3213,9.3656,-56.8506,-1.0855,-25.1706,14.1679,7.6526,-112.8636
-11.8409,57.1076,-1.0034,-2.7447,-43.5811,39.6672,-59.9459,-29.0085,11.1353,-51.4446,-33.9581,-44.7391,-11.4926,-32.7940,-5.9694,-7.6660,37.9352,-0.4368,-84.6981
-21.8469,23.7103,-15.2206,-22.6265,-14.7320,53.6315,-42.8919,27.4341,52.1993,-17.4115,-20.0176,-27.4612,-4.0571,10.7186,32.2118,63.3369,25.2301,-35.6351,-41.3758
-14.7889,-20.1091,-20.2718,-50.0888,-9.3718,54.1496,-16.1759,42.5420,58.7713,10.7064,22.2202,-2.0844,20.6243,63.3335,64.2883,133.3610,-2.3887,-73.9625,-52.8034
15.1659,-25.9811,-1.5084,-52.5185,-39.9661,61.7021,-30.6164,29.5205,22.2076,-9.9270,67.1575,51.5891,28.0932,107.8572,44.2805,128.9850,-5.1766,-76.5750,-87.6577
11.3130,-20.3730,-12.3473,-42.0476,-54.5929,74.6223,-56.4789,24.5699,32.0843,-18.5211,67.0454,89.6908,6.7071,108.2332,12.9614,74.5255,13.2588,-64.2376,-46.5685
-21.8923,-32.6612,-41.0069,-50.1345,-35.6935,64.1422,-49.3254,54.1523,90.3011,32.4557,42.0200,74.0867,-20.2166,66.4741,30.2550,60.5167,6.0921,-77.7157,61.8116
-27.5845,-31.7878,-35.0675,-60.4903,-28.3702,25.4779,-27.8331,100.2003,112.5700,84.2052,8.5173,34.4548,-45.4812,27.7296,67.9020,91.2511,-19.7584,-88.6341,130.9416
-13.1846,-11.6864,-27.1888,-41.8766,-46.8075,-15.5103,-13.3972,106.9335,89.8470,81.5957,-61.0541,-5.6948,-81.6926,3.7033,67.7590,87.3934,-15.2297,-48.4644,129.3934
-13.4754,-4.8244,-38.8146,-2.2270,-36.0798,-27.6211,12.1121,75.4273,62.2548,53.2404,-134.7378,-43.3133,-103.3222,-17.6005,45.9644,45.8364,4.4282,17.6085,116.1787
-15.2092,-3.2131,-12.7051,27.8189,23.1460,5.6075,39.2795,67.7490,32.0957,43.1319,-140.8557,-46.0425,-83.9477,-16.9053,51.0106,50.8182,-5.5643,45.1330,120.7378
-11.4265,-0.5717,29.8122,22.3488,61.7020,53.2145,41.5864,93.9816,19.5334,58.9579,-94.0117,-12.0355,-55.3345,13.7333,82.6018,115.4357,-31.1021,15.2745,127.4981
-23.8850,-28.1508,6.5315,-11.4456,44.8749,59.7394,50.3010,111.3040,48.9739,85.4888,-56.3401,1.2380,-36.0084,35.5482,103.3765,149.6973,-46.5698,-27.1840,129.5507
-44.4663,-58.6186,-39.5482,-22.5233,29.2050,30.8288,87.9587,100.8305,60.2667,92.7682,-37.1241,-14.6842,-3.7245,23.5644,85.0241,103.9089,-55.5394,-23.5683,120.5202
-48.0316,-35.2490,-28.5205,6.4085,38.0943,20.2477,99.9175,60.4819,12.7471,62.3831,-25.3118,-9.3261,21.5126,3.1237,43.6688,42.7360,-51.4724,16.9437,87.3506
-35.4517,-3.6092,-4.7872,18.8014,32.6511,36.6109,65.8735,7.9893,-11.4235,19.7481,-25.1189,20.7889,12.9484,13.8487,33.0401,46.1771,-35.3610,21.5892,42.1266
-14.3882,-25.5539,-13.1664,-8.0633,20.5062,54.3368,41.8243,-3.9857,28.6301,-1.5792,-19.5296,44.4771,13.1985,63.5698,59.1312,94.8670,-28.5466,-22.7118,8.7592
5.4655,-52.3639,-9.3153,-22.1335,36.2424,66.9010,41.7197,28.0440,44.5974,-2.0276,13.4456,58.2359,46.2986,108.0917,62.8301,113.5787,-27.5231,-46.9518,-13.1071
1.2205,-38.2104,10.9572,-7.0690,54.8030,61.7548,37.5563,40.8385,4.8679,3.4657,53.9205,59.1165,67.5513,100.2242,32.9654,91.5252,-25.5469,-28.4583,-27.8930
-21.6745,-18.9266,5.5879,3.6140,47.0821,31.5734,32.2625,22.2387,-17.1083,-1.7020,67.9644,42.1632,60.1432,60.4745,13.4400,63.0957,-32.4063,-8.2601,-27.4686
-24.0762,-6.6697,-1.3571,13.2281,36.8345,19.3791,15.7981,10.7545,-13.1393,-28.0517,55.2552,25.9447,45.3623,33.2877,-3.1578,20.5932,-24.5316,8.0223,-21.2514
-3.2048,15.8431,25.1028,35.9928,43.4548,48.3699,-28.9939,-0.3151,-32.6355,-48.5907,38.2917,11.6688,22.5597,8.4730,-37.1018,-38.4201,12.1834,33.6032,-24.5680
6.4480,23.7022,51.6652,47.3451,59.5256,67.5054,-57.3631,-24.4015,-48.7919,-34.8819,26.1651,-16.7225,-2.6626,-30.1300,-43.5839,-61.9705,22.4979,43.0619,-16.8685
0.7458,9.5486,51.1360,38.7205,74.0928,50.5778,-44.7818,-29.5629,-21.7685,-17.3921,11.3627,-37.3509,-15.4155,-53.1907,-7.4127,-37.8530,-9.6686,26.9779,21.4861
-5.5191,7.6018,38.6246,31.0176,67.4910,36.4950,-44.8272,-2.2585,10.6172,-18.9921,-3.1382,-33.2285,-32.7139,-48.4722,13.3769,-15.6480,-20.7915,15.6364,60.5320
-18.7917,6.3321,17.6970,20.1837,36.0846,34.2658,-60.5795,32.4244,24.9903,1.5131,-7.1551,-37.5009,-54.4903,-40.0428,11.0953,0.0970,-11.1780,12.3204,67.9406
-30.2184,-20.7444,-10.0125,-6.0373,7.2497,15.6738,-40.6295,50.4595,52.7627,43.9278,-10.9524,-54.2684,-46.6290,-29.4910,29.7822,31.8283,-30.4219,-7.0972,52.1296
-11.1432,-43.4617,-24.1908,-37.8744,-15.3855,-12.0606,-15.0094,35.7465,89.9271,45.2172,-16.4786,-45.0829,-20.3946,-8.5753,56.4041,51.6041,-47.5589,-46.3347,27.5961
18.5518,-49.7732,-30.1445,-75.4656,-52.9912,-28.6724,-27.9020,6.9369,106.7092,22.5735,11.4884,-21.1108,-8.0505,7.1664,63.5826,52.9399,-33.7777,-98.2689,-0.6385
15.2512,-68.2710,-53.3163,-120.4451,-95.0603,-44.9011,-35.6477,7.0270,115.1585,38.8393,73.5169,-16.0464,7.8121,15.6869,69.1874,73.5843,-33.3201,-149.8305,-25.4759
-1.5173,-77.6702,-81.1607,-140.9596,-121.3209,-69.0135,-21.3242,8.9812,122.5960,44.8779,103.6016,-12.2057,32.0238,27.1941,68.0430,86.3162,-42.0700,-166.5576,-55.2157
1.6603,-49.4130,-87.9469,-116.7940,-137.1716,-84.8146,-31.5518,-49.4209,102.1403,-22.1446,80.1759,-0.3862,26.0083,21.7225,37.0864,41.0527,-22.1079,-132.0738,-96.8114
-4.3192,-29.6397,-87.8405,-78.0590,-139.5658,-74.6460,-55.5687,-128.1171,69.2384,-87.8337,53.4815,-11.1641,-7.2105,-11.0657,8.7866,-15.4153,-14.0647,-79.8758,-117.1166
-32.3888,-45.8829,-93.5308,-52.4795,-115.6295,-40.5391,-49.9325,-145.7578,73.7938,-77.9041,26.4178,-38.1748,-25.9452,-35.6481,16.4323,-26.3672,-44.0025,-44.7053,-93.1047
-35.4744,-52.4115,-82.3546,-31.9495,-77.3994,-14.2057,-27.6706,-122.4189,99.3112,-48.1808,-29.8041,-49.6125,-22.0167,-35.9790,30.3128,-26.6514,-58.6506,-22.4094,-64.1620
-13.5853,-34.5614,-53.2187,-7.2410,-46.3490,-20.6133,-8.4036,-116.8474,83.4334,-62.3007,-61.2816,-54.0151,-4.3856,-41.2414,20.2610,-53.9305,-54.1686,4.6681,-67.1490
-17.2652,-17.2645,-35.6366,18.5422,-29.3699,-28.1777,8.9661,-124.6179,23.9272,-102.3533,-18.6131,-56.1663,24.4880,-59.6404,-9.7906,-97.5632,-64.3121,39.6844,-81.6831
-29.9473,10.4353,-18.7337,46.0566,-10.1118,-0.8488,10.1537,-120.6323,-25.5366,-124.6862,23.1501,-30.3114,49.9189,-69.6149,-52.1386,-151.9002,-52.0102,70.8699,-73.6125
-5.6277,47.3667,30.2196,69.7291,40.9402,28.8867,2.6388,-102.6981,-39.9266,-94.5670,5.1920,9.4914,67.3120,-71.8849,-84.6475,-199.2113,-6.4923,80.4732,-36.9711
27.3775,49.0514,79.5985,68.2030,97.5332,21.4716,12.6333,-80.7402,-41.9842,-22.3117,1.8559,22.0168,86.8067,-77.7623,-84.5064,-202.3684,7.4942,59.7440,0.5141
32.6463,16.2316,73.6941,33.6743,83.6982,2.6212,20.5735,-67.2365,-48.4981,22.9307,54.5163,17.2194,93.3762,-71.1613,-70.7198,-169.4324,-3.5625,20.0902,2.4218
28.8979,-6.9255,27.0438,-6.5785,9.9963,3.8789,11.1751,-55.8849,-41.7333,19.8122,78.2793,23.9423,70.8325,-39.2240,-62.2630,-132.6676,15.4594,-12.8321,-16.4033
18.0432,-14.4482,-12.8982,-19.9691,-33.6930,12.5853,10.9574,-37.8605,-12.0074,20.4056,37.8044,31.1302,39.2093,-10.9739,-49.0100,-100.9466,32.7736,-17.1975,-9.4018
-12.1190,-11.7473,-27.3761,-1.0686,-30.8617,20.3247,6.9678,-34.3696,2.6765,27.2431,9.7061,25.1312,18.9782,-18.3438,-49.7183,-100.7436,17.2957,11.2808,8.1089
-20.3086,17.1426,-2.1454,40.4208,-13.0346,41.5800,-25.8686,-42.1998,-33.0539,6.0909,12.3490,20.5015,10.3652,-40.7664,-91.9142,-154.2326,23.4460,62.8184,-2.2529
20.7004,53.9716,58.4598,92.2017,32.3306,74.1591,-42.8678,-25.3312,-84.7188,-18.5235,-22.9167,29.0771,9.1897,-34.4432,-134.2553,-204.8936,63.0429,119.3639,-10.1572
55.9582,61.5229,98.4835,130.1185,85.7915,97.6541,-25.1991,-10.0910,-97.4600,-30.8943,-87.5146,47.0148,2.8837,-1.3635,-128.7200,-193.7313,74.4390,155.2311,5.6549
41.8763,50.4822,89.5487,138.2398,95.7858,106.8854,-33.0109,-35.6869,-85.0360,-60.8479,-86.7636,64.3752,-10.8268,21.4778,-108.7665,-155.2868,49.2065,158.3020,1.2611
11.8344,38.4741,78.3733,132.0428,93.5294,116.4662,-67.6565,-47.5326,-93.0597,-84.7408,-5.7771,67.2927,-7.1899,25.3288,-111.3190,-134.9108,22.9947,146.5102,-21.9235
1.8052,12.6402,85.2345,123.7862,113.5800,128.7892,-65.7710,-20.5386,-109.3670,-70.1125,63.2607,54.5114,14.6376,27.8121,-105.0141,-115.7321,-5.0341,133.8188,-20.8262
2.8554,-8.5464,75.6635,104.6161,107.0450,118.1022,-39.1309,-30.6695,-94.3091,-65.9288,64.5019,46.0271,24.3830,30.6599,-72.1874,-84.2615,-32.3325,110.6996,-22.7386
2.1692,16.4575,61.2227,85.1335,77.4096,73.4471,-36.4100,-72.7805,-68.1579,-84.7957,37.0554,57.2725,25.3389,28.4726,-54.0209,-58.3412,-27.6616,83.8912,-54.8673
7.7463,64.0003,78.4978,83.7029,83.0132,30.2745,-42.6763,-65.1930,-75.5601,-68.4245,26.9392,80.5021,34.5943,29.7032,-68.0693,-45.0790,6.4862,73.9041,-68.3050
22.9208,71.1016,90.7883,77.5341,83.1098,15.5404,-39.1070,-45.2598,-88.4733,-41.6107,28.4634,90.5466,33.4418,34.5560,-74.3088,-40.5662,25.5096,65.4328,-56.4353
27.7506,37.7223,53.0051,45.9501,28.0885,11.2436,-41.9654,-74.6199,-54.9475,-65.9584,24.2395,67.8187,15.9328,28.8251,-50.8461,-41.4137,11.0999,38.2648,-68.2617
12.1198,19.7890,7.6754,19.6646,-16.1751,11.9234,-46.2522,-86.7581,-13.1945,-97.5291,14.8667,31.7226,4.4491,16.3860,-26.5082,-33.6733,2.1251,16.8372,-82.6747
4.5615,39.6345,5.2600,15.4934,-14.2423,33.7280,-34.1949,-51.1839,-23.9672,-93.8337,-1.9223,19.7391,-3.0878,15.4102,-13.2687,-2.5360,30.9554,12.2777,-64.4610
20.1798,61.0479,17.1218,-1.1445,-19.7180,46.7580,-13.4209,-41.4874,-41.0050,-91.3098,-22.9886,20.3696,-8.5187,17.8965,15.1438,42.5614,59.6788,-13.1725,-54.2084
25.7371,47.9487,4.5102,-40.3165,-36.0153,8.4687,3.1179,-48.4508,-1.1081,-77.9586,-18.5645,-3.8925,9.5862,0.7012,50.8368,66.2490,40.1334,-63.2882,-61.1492
11.1475,13.0459,-14.0989,-61.6610,-35.7190,-44.1685,11.0290,-9.1337,39.8855,-21.7705,17.9416,-31.9955,32.0091,-21.5178,48.9218,45.6326,1.4193,-82.3516,-37.7349
10.6189,-6.4053,-12.6693,-44.4466,-39.8083,-46.7338,11.6605,27.6390,16.0994,9.7717,34.0230,-22.0891,18.6039,-13.8594,17.8478,11.8119,-7.8426,-48.4027,-4.8605
20.0750,2.0183,-0.8122,-15.2810,-45.1834,-17.1244,18.2653,3.0307,-25.5663,-23.3484,3.6256,-1.9893,-5.8293,5.1449,11.7014,12.5964,-4.3151,-7.6241,-11.9980
8.2190,22.3762,6.9758,-7.2925,-25.8485,-18.1141,33.1436,-26.9193,-36.6263,-43.3426,-12.2219,-13.0284,-1.7274,-9.1682,32.6307,42.3483,-12.8944,-4.3778,-26.5666
-4.8476,29.4765,11.3789,-24.8898,-8.3098,-52.6010,40.2220,-5.4021,-43.1579,-20.1670,30.4261,-27.3232,11.1939,-28.0686,46.7492,76.2127,-19.8549,-32.8124,-11.6750
4.3156,4.8719,8.3590,-44.3158,-12.3562,-73.2950,43.4235,38.1222,-47.7772,-5.6534,74.2605,-17.0722,11.1147,4.0274,58.4985,120.2320,-28.6040,-56.3391,0.0858
4.5204,-34.4765,-10.2984,-48.3888,-18.6265,-68.1629,53.5047,51.1066,-22.2945,7.1485,60.2661,-16.8976,7.5197,41.6789,74.2817,151.0514,-51.4863,-54.0443,-11.6459
-18.0257,-47.1938,-32.5177,-47.7705,-31.9586,-70.1398,56.3390,22.1768,9.6340,45.4399,22.3291,-46.4824,2.1015,9.6825,71.0849,120.8325,-67.0002,-41.9737,-18.8315
-31.7100,-30.0856,-37.3821,-50.5026,-49.1198,-86.5617,51.0523,-4.9245,17.9048,64.2550,13.2267,-65.0780,0.5961,-45.1094,56.3559,67.1231,-67.7997,-40.6537,-6.9317
-29.0827,-19.1118,-30.1273,-48.9871,-40.3461,-85.9666,55.1212,7.1402,26.5636,42.6163,21.0746,-48.8741,15.9792,-40.8037,60.2330,62.2965,-74.1872,-46.5679,6.2644
-29.3916,-28.9695,-35.7328,-51.4049,-31.2115,-68.0360,58.9198,21.5619,50.5813,37.6158,15.8580,-34.2330,27.8273,-12.8705,71.1175,80.7291,-77.8068,-54.5514,4.3317
-36.2118,-49.2759,-63.0479,-70.4895,-55.9095,-70.7470,53.2451,3.1289,68.4339,68.0564,8.6365,-55.2125,17.0443,-25.5765,67.8157,70.3756,-64.4099,-68.1530,-5.7880
-41.9268,-69.5120,-90.6691,-88.0561,-71.8045,-96.0233,56.1268,-13.9084,72.7062,82.5558,15.1188,-93.8361,8.6773,-53.7890,63.5369,53.1353,-53.3551,-78.5598,-9.9990
-32.7546,-71.5378,-87.4296,-83.1535,-56.6271,-107.7502,57.6594,-21.6464,67.6275,62.5183,13.6551,-112.6651,11.4477,-63.3261,61.5016,42.4010,-48.4147,-73.6653,-16.9995
-4.2310,-53.5701,-52.5692,-62.7939,-44.6919,-91.7312,29.0282,-53.9656,55.4809,46.1465,-14.0052,-106.5611,-1.8931,-70.0948,46.5374,12.3942,-33.5687,-56.7847,-33.1233
8.1113,-50.1883,-25.3478,-38.0638,-26.1204,-55.7163,-5.1822,-79.6048,54.1635,52.3291,-41.7847,-99.4074,-24.4001,-72.7146,33.0827,-11.5331,-29.3307,-33.6214,-34.3595
-21.1221,-68.5202,-34.3222,-19.2323,4.1158,-17.2299,-8.1377,-58.6868,70.0144,56.6999,-41.2374,-98.9364,-26.5894,-53.5938,40.5436,10.5494,-53.0411,-12.8759,-21.1161
-55.0626,-71.3677,-61.3697,-24.9781,-10.3715,-11.8270,1.6784,-34.8837,80.9021,52.0079,-22.1525,-88.9631,-17.4732,-32.5019,50.8452,46.5025,-71.6596,-14.6501,-26.7083
-67.7279,-55.7598,-80.7507,-47.9933,-57.9679,-42.4464,0.2000,-31.1839,78.7144,63.2106,1.2849,-68.8766,-15.9303,-30.1061,44.2816,56.6914,-64.5614,-35.3960,-36.9667
-81.2218,-47.0286,-91.6848,-52.4321,-65.0953,-54.8400,-8.5602,-12.0100,70.9008,71.9873,27.2612,-60.3566,-19.7847,-33.5650,27.8680,50.6355,-48.3376,-38.8193,-20.4601
-85.5921,-35.9555,-92.7812,-35.0677,-52.6352,-27.3329,-25.8627,6.0445,56.2241,24.1493,35.2807,-68.9275,-30.4028,-34.4782,15.0820,34.8772,-28.5085,-18.7777,-9.7317
-49.6961,-22.2074,-78.4267,-30.3821,-71.7120,-0.4703,-42.2306,-4.3245,47.4389,-49.8457,14.5243,-76.4631,-42.8538,-34.5906,17.2603,9.3890,-9.6897,-14.3475,-22.5198
-5.2290,-42.6572,-64.3824,-51.0331,-87.9075,6.5851,-28.1105,6.3942,61.4825,-54.9081,2.6178,-77.6633,-38.6094,-26.7468,40.0338,3.1252,-15.4158,-41.2819,-7.5690
2.9256,-86.9411,-70.8399,-80.3036,-86.9861,0.3492,7.9810,55.8584,83.4455,7.3624,14.1797,-87.4146,-30.2469,-17.2501,72.2244,34.2763,-40.6841,-73.9635,39.2094
-7.6693,-96.9533,-92.7040,-104.0610,-109.4095,-28.0624,20.4656,78.6045,103.4796,48.1831,1.5556,-102.8627,-48.1348,-22.1503,94.2629,71.3634,-43.5321,-95.3445,61.5502
-11.5068,-71.3423,-107.3908,-108.4327,-129.5127,-56.2661,0.7404,59.9104,127.8945,45.7918,-41.7801,-97.6455,-76.4718,-28.7110,93.0273,77.9816,-15.1384,-101.0284,59.9749
-16.3254,-56.8550,-96.7457,-81.0088,-96.9414,-39.7681,-17.5188,52.5014,127.3660,40.6186,-55.7694,-67.5909,-81.1369,-13.1251,71.1216,64.9456,1.9361,-77.1848,65.8950
-19.4792,-61.1697,-64.5849,-38.5277,-44.0820,-2.5941,-16.4736,66.0499,86.5342,33.7638,-34.2826,-40.2214,-70.0728,18.6656,53.7171,69.5508,-17.3261,-32.4378,65.1387
-9.6177,-58.3296,-34.3147,-14.4036,-17.0451,7.3298,-10.3701,75.9803,58.8240,15.9848,-28.5229,-26.4192,-61.6185,43.4208,56.6251,91.3075,-40.7610,-7.9871,51.2710
-3.2625,-36.2720,-16.4221,-9.4123,-7.1690,10.4827,-18.8521,82.9310,59.7393,15.5859,-34.1683,-12.4449,-52.3526,46.4662,51.4292,89.5454,-30.8541,-9.6646,46.8322
-18.3345,-1.1102,0.2459,4.4502,3.0747,28.0434,-36.1075,89.1858,33.2203,38.9953,-20.1412,-1.1885,-45.1349,27.0825,18.1031,59.8906,-4.3863,4.3097,48.9029
-36.6081,33.2560,17.3257,29.9771,19.6195,29.0305,-29.2963,83.0823,-12.3420,49.4388,-18.1336,-2.1417,-40.3093,0.7129,-7.6330,38.0333,4.9293,37.7260,48.6869
-29.8602,55.0054,27.6585,40.1131,43.5604,13.8414,12.8138,69.7287,-11.6554,39.1230,-59.4404,-4.2557,-15.3024,-15.7126,0.8032,23.7223,7.1941,45.5995,55.8745
-7.2346,58.0453,34.3261,27.3370,61.2200,15.6704,53.7732,72.3836,20.3412,44.3211,-100.6573,-11.9998,23.6661,-23.3106,20.8249,8.8071,16.5908,22.6870,62.1544
-4.8452,38.6297,30.3342,10.4383,61.0244,17.7639,56.5934,92.5841,30.0624,72.4066,-95.3774,-43.3936,26.1215,-27.5256,34.9768,28.5922,14.7517,5.5095,56.5595
-23.6706,9.8589,4.8022,-4.8866,44.0058,-6.9769,28.0139,92.8959,32.1899,88.0501,-63.3449,-66.7516,-14.0922,-25.6232,45.2807,74.8401,3.3523,-5.9704,54.5900
-26.2086,-3.9247,-19.9172,-26.1701,14.2010,-31.6838,5.5747,56.9914,55.0385,86.6599,-47.9660,-43.8255,-38.1960,-20.7051,47.9191,80.4320,5.4722,-33.6374,62.1008
-10.1434,-8.9687,-23.5724,-45.4999,-8.6284,-31.1967,17.5574,40.0323,81.0281,103.6399,-60.0084,-14.9927,-23.6816,-16.1264,50.9064,57.4517,8.1120,-59.6614,71.0189
-10.9181,-24.0713,-26.7709,-49.7055,-9.9616,-20.2802,53.1916,82.4254,88.5267,138.0163,-78.0817,-19.3628,-9.9202,-0.7953,65.5426,75.0344,-6.1443,-57.1743,85.3576
-25.3334,-30.9905,-37.0577,-42.4578,-12.9109,-13.5344,70.3814,130.6184,76.4618,149.0320,-78.3834,-12.5356,-17.2127,28.2660,69.9633,110.6042,-13.6049,-39.3878,99.4418
-22.5965,-20.6722,-30.4937,-34.8363,-22.6900,-14.3867,42.9415,137.0483,62.4309,130.9501,-54.7234,21.5989,-31.6723,49.4587,53.0228,111.3600,-7.7697,-33.0720,102.0862
-11.6797,-27.0130,-14.4270,-31.9526,-11.5949,-21.6226,-6.9765,130.3781,66.4759,106.6450,-16.2823,20.3189,-48.3367,45.3577,45.7699,103.0196,-17.5067,-39.9023,102.6028
-15.0839,-44.1527,-16.9144,-28.2287,-0.2336,-18.9624,-35.5796,118.6299,68.3459,69.5267,11.9697,-19.7705,-61.2247,22.6188,48.2806,91.6687,-33.6649,-36.4980,96.4359
-22.1721,-22.5065,-25.5735,-8.7297,-20.6817,0.3252,-30.5659,77.2379,40.8734,15.4533,-4.2065,-31.9799,-58.8166,-3.9725,24.5696,34.4387,-21.8011,-2.0586,70.8088
-21.9470,20.4815,-18.6743,25.2573,-30.1780,16.1074,-26.8489,41.5204,18.3796,-18.2336,-59.0048,-19.9428,-63.4907,-24.7775,-9.2164,-31.3133,5.0053,45.4655,61.9012
-24.1499,23.2154,-9.2015,46.3470,-2.5426,23.8426,-52.3935,50.7091,32.2466,-8.6253,-95.4427,-33.6379,-102.1947,-36.9874,-9.0941,-33.1478,10.8431,66.1850,99.1485
-32.3735,-0.8563,-8.5093,43.3422,11.2749,41.2010,-73.1301,64.6051,41.7586,19.1629,-90.2406,-55.3052,-138.6457,-44.7659,11.2120,-1.9708,-2.2130,59.5499,135.7116
-39.6447,3.7229,-7.8219,36.1210,3.7436,57.1998,-49.5440,52.3778,19.5615,36.0036,-79.7630,-45.3087,-124.3838,-47.8157,15.3125,5.7616,-0.9773,52.3511,132.2486
-38.6072,26.5171,-5.8734,31.5315,16.8712,43.6522,-16.1515,43.6163,-0.5630,37.5776,-71.7706,-16.1554,-85.6594,-34.7105,6.9838,12.3306,26.2726,41.1338,114.3012
-26.1032,16.1204,-8.5733,18.2454,27.6306,14.4094,-20.8197,42.5343,1.8560,34.2400,-36.3605,10.4520,-71.0058,-4.1893,2.2259,32.0822,38.4374,16.5810,100.0366
-13.2426,-29.1098,-14.2641,2.0152,4.6850,7.9430,-41.4371,24.9818,20.3661,33.7184,12.6602,31.4109,-66.8416,20.2826,1.8502,24.8305,-1.1194,-2.7395,83.9542
-10.5984,-60.4712,-16.4083,-9.1933,-13.3079,20.7112,-39.2313,6.7437,49.0599,40.8375,35.9383,40.0832,-43.2620,17.2448,6.6173,-9.1404,-49.5516,-15.3585,80.2494
-8.3721,-57.9333,-12.5876,-30.1849,-14.8234,12.1541,-21.7859,14.6822,69.1358,79.8379,35.5309,34.0799,-21.6608,-6.0933,17.3603,-19.5366,-52.1708,-44.5256,99.4274
-3.2230,-59.9841,-16.1816,-68.9310,-40.8206,-32.9348,-9.5638,39.0510,85.8588,166.2358,26.8620,14.5201,-30.0469,-31.8308,33.4788,2.5446,-43.2757,-86.4145,124.9294
-10.4806,-83.3114,-43.7565,-107.3803,-85.5234,-92.3521,-12.4699,53.5100,137.1297,235.8390,12.5121,-18.2881,-48.7639,-54.9741,52.8789,19.0754,-64.8271,-120.3956,135.2490
-27.7256,-81.3140,-77.2678,-124.7317,-112.2062,-141.6200,-34.9579,37.9767,190.1447,209.2581,12.7918,-37.4059,-50.1941,-72.2837,57.4570,12.1559,-77.6674,-139.1350,115.0157
-35.7865,-42.5073,-77.4042,-109.3327,-113.3906,-158.0936,-51.0658,0.3275,160.2023,131.6268,38.7293,-22.4371,-38.9297,-76.1794,33.9726,-5.0456,-61.2653,-124.8313,73.3784
-31.6736,-22.9157,-41.2765,-61.9125,-81.5821,-123.6375,-28.4413,-15.5361,65.6826,97.0178,55.0966,-13.1723,-25.0171,-71.9748,3.1242,-27.2429,-58.7310,-63.1084,48.7762
-20.5845,-30.6937,-0.5857,-6.3208,-18.7034,-65.6389,7.8622,10.3468,-0.7883,89.9564,39.1851,-33.5853,-9.6556,-68.9714,-15.5568,-57.5734,-67.9314,9.5612,57.0631
-5.5992,-17.2983,23.6070,27.3301,28.8890,-39.2832,12.5828,38.7881,-23.0378,61.3075,21.8003,-32.3905,-3.4457,-59.9582,-33.1625,-81.7626,-44.5998,44.2544,74.7165
3.6431,12.9158,29.8862,33.3228,33.5441,-45.1211,-7.9475,35.9431,-39.2120,34.0667,30.5559,4.1560,-9.2406,-45.0408,-56.3406,-89.5696,-0.2530,42.4131,77.4342
4.6637,25.1044,27.6658,27.0582,22.4771,-43.7058,-23.1945,16.7370,-54.2723,16.9666,49.8711,9.0591,-7.4855,-45.1100,-67.5063,-91.3630,22.1043,33.4321,51.1138
2.2635,30.8557,26.1521,24.4951,14.5475,-35.2852,-26.3403,7.8924,-57.2370,-20.4968,48.4971,-28.1227,-1.7911,-57.1768,-53.0629,-78.1374,14.3283,33.5065,11.2236
-9.8326,39.6639,19.8810,32.1142,7.7932,-31.9926,-27.5736,19.0636,-41.5762,-50.4811,16.8499,-41.1335,-21.2020,-50.3927,-26.0272,-38.0486,-5.9878,44.5210,9.2841
-25.6973,32.9742,8.3060,43.6248,10.9225,-15.3167,-38.1682,44.4507,-9.1481,-27.2615,-18.6332,-17.8174,-49.5303,-24.3677,-19.9320,-16.0919,-11.9303,58.0872,44.6041
-19.8035,23.5026,11.9050,49.6262,23.6372,7.5402,-56.8118,67.7634,10.5114,17.2571,-28.8467,5.9289,-46.6990,-1.1711,-46.0255,-39.4242,11.2620,63.0177,52.8615
4.2334,34.4784,36.2529,50.3136,32.9887,8.7458,-64.5430,79.8056,-2.5007,37.5449,-24.4612,36.1709,-32.0234,26.3690,-63.2142,-37.2052,36.7454,57.1975,33.8580
17.5358,49.6764,57.6373,47.7269,38.0526,8.6260,-52.2721,83.8043,-31.4932,39.0861,-17.4462,77.4141,-32.7354,61.7312,-47.4663,20.2315,43.1816,44.7434,32.3768
16.3894,51.6709,58.7736,38.7041,38.3196,19.0547,-28.4139,74.5491,-68.4411,26.4133,18.1976,82.5584,-11.7757,65.3527,-42.7031,36.4317,49.2213,33.1696,18.6370
10.7854,44.8543,41.7179,25.0671,30.9787,-6.0253,2.3652,38.9087,-104.5048,-9.9934,78.3619,31.6290,41.6478,15.8623,-63.7294,-24.2987,48.8477,28.3153,-29.6464
4.5962,32.4974,22.5284,14.6704,24.9393,-59.5968,22.7287,-17.3612,-105.2823,-54.1673,104.6908,-25.5299,62.7746,-47.4185,-60.1282,-72.8426,18.0787,22.8796,-49.6916
10.6528,23.4046,25.1062,12.6473,20.5719,-67.0602,10.7043,-59.7436,-81.1686,-74.5877,84.1870,-44.2819,36.0026,-79.7111,-35.5071,-82.5711,-11.0772,15.5766,-28.0327
25.6164,23.6190,42.2264,21.0487,13.8974,-33.3042,-2.9655,-55.0870,-79.1517,-61.3813,61.4688,-30.3602,22.9620,-72.0047,-40.7912,-98.7194,-8.2145,25.1933,-17.8379
22.8978,17.2745,40.3551,34.9197,24.2882,-23.3037,22.0562,-19.4245,-78.7544,-41.4490,45.7642,-5.7355,38.0242,-38.9443,-50.3746,-97.9329,-10.6453,46.7444,-8.1834
12.0905,3.2026,29.8681,38.3562,49.6184,-21.7843,54.6588,-0.5423,-50.5068,-42.6341,28.9451,19.1857,49.1143,-5.8343,-21.8904,-56.5089,-35.1265,43.9241,19.8566
23.6782,1.6864,39.9746,22.8941,45.5655,11.0709,59.5864,0.8672,-45.5333,-48.4775,41.6352,43.3384,64.7690,16.5079,-1.2699,-30.3373,-36.9161,15.4650,15.9010
42.8390,5.7158,46.8909,5.1981,16.3744,34.7175,61.4643,19.8268,-82.1502,-48.4866,83.8917,62.8910,91.6954,44.0064,-19.6984,-31.7935,-7.1322,-1.1316,-23.5220
50.0857,-1.8910,35.7712,10.3360,19.8952,14.6468,66.1583,40.4129,-107.5134,-82.4613,104.5146,62.9703,91.7565,73.7965,-31.9836,-16.5307,10.4275,11.0554,-42.1001
58.8112,-12.8106,43.6694,39.4774,52.4387,-4.5653,49.5044,28.3071,-127.6293,-136.5483,101.7811,37.4034,60.0373,72.9054,-32.3670,-10.6823,-0.3844,45.3344,-41.2072
58.1176,-21.0952,66.5212,65.4590,64.0498,11.2003,37.2468,13.0685,-163.5714,-119.0597,105.4873,10.4640,42.5181,41.7540,-51.4834,-47.4259,-20.4865,84.2891,-38.5764
31.2987,-21.1204,64.8928,68.8070,65.2452,30.1034,53.6041,26.0372,-151.1492,-36.2917,82.5127,4.1263,51.6862,16.5326,-60.3468,-70.4629,-31.2584,95.6761,-15.7474
17.1056,0.0809,60.4717,64.4492,90.0817,17.1875,55.8196,35.2539,-76.6772,3.2140,10.4409,-3.8449,56.5681,1.6515,-36.8907,-54.6331,-25.9636,78.3881,4.3692
36.7093,14.3450,76.3727,69.9223,115.6968,-17.4664,26.0622,20.8992,-33.7094,-7.9478,-44.0761,-39.8501,40.3143,-20.3250,-24.8804,-53.6009,-18.4384,74.3751,-9.3978
47.8599,-7.4961,73.8970,72.1282,110.1562,-42.1037,-0.7815,6.8386,-40.9492,-3.0116,-41.4858,-73.1729,8.4462,-34.3922,-36.2200,-65.9541,-17.5481,85.1470,-19.8552
44.9852,-18.1880,55.3513,58.9028,85.6856,-44.5819,-24.4927,-3.1818,-36.7125,-0.8955,-29.4901,-60.0718,-21.5682,-21.1109,-36.6609,-47.9621,-3.6366,70.8943,-15.2342
65.9883,11.1522,68.0459,45.6690,64.2417,-37.3073,-49.8556,-20.5756,-35.8491,-31.7847,-26.3847,-22.3435,-21.3955,0.4359,-35.5583,-32.8003,25.6518,43.0976,-40.8067
93.4087,23.5054,87.1022,41.3559,55.3300,-30.7600,-39.7453,-39.4270,-69.8649,-56.0489,-2.5069,-8.8977,15.1016,6.5595,-54.0079,-61.6417,43.8548,36.9703,-85.1779
90.1580,10.3338,70.1357,34.0391,61.0312,-31.6040,-3.0700,-60.2058,-92.6635,-66.3325,26.0077,-10.3985,51.3057,6.2346,-64.3360,-80.7941,54.9805,32.5790,-104.4035
76.3958,28.4814,52.1064,21.9489,64.4217,-50.1661,4.6456,-81.3008,-86.5685,-87.9644,30.9602,15.8358,54.7409,20.8577,-50.7845,-39.0715,75.3789,8.1254,-108.5185
74.3922,53.8257,56.9593,11.2653,42.8535,-74.6564,-2.3589,-85.5872,-89.1340,-94.8816,38.2666,64.9832,42.3616,50.1020,-33.5772,20.0909,71.2468,-13.1773,-110.5761
70.6984,29.9676,48.6887,-7.8723,-1.2406,-82.2771,21.0335,-88.5756,-87.6940,-76.5784,61.4090,90.7993,47.3094,67.9524,-11.7275,44.5039,18.6782,-28.0179,-108.1447
64.2465,-7.9445,18.1968,-44.2798,-46.8104,-90.0171,50.1694,-114.5521,-52.6120,-68.5745,69.5194,71.6075,63.3907,56.7341,23.8665,51.9322,-29.3670,-62.0547,-120.7027
60.2443,-22.6501,-11.7783,-82.7705,-75.2262,-121.7679,60.6009,-119.4300,-16.0444,-54.3966,61.1600,28.8757,64.1565,35.2992,53.2873,75.6221,-30.7925,-102.4909,-133.3795
42.7366,-38.9311,-38.6257,-98.0433,-79.3357,-147.4710,78.1195,-64.5616,-8.6456,-9.6763,61.9991,-9.1820,55.0775,26.4793,59.1541,98.3009,-22.0402,-107.9375,-107.4193
12.3017,-53.3741,-57.1153,-79.5736,-68.9040,-132.6496,93.3292,-14.1230,-13.9570,8.6865,63.7348,-36.3609,55.4184,19.6875,44.7590,81.0776,-34.3835,-70.4509,-82.5389
-5.5119,-41.4425,-55.4423,-41.6440,-56.0292,-94.9630,74.1813,-30.8512,-23.6118,-28.5800,49.4877,-51.6859,56.2950,4.1956,14.6620,27.9022,-37.4483,-19.1418,-104.7853
-3.1087,-18.4140,-41.8680,-5.8285,-33.6859,-62.3137,51.3574,-70.7796,-47.9766,-65.5641,28.1593,-40.0010,47.5070,-0.6555,-19.2806,-17.8295,-7.1120,20.0490,-121.5305
11.1864,6.9727,-18.6826,25.6886,4.8520,-39.5433,61.4370,-75.2709,-82.0620,-87.0618,4.1246,0.3543,44.0510,19.1491,-37.4953,-29.3923,29.3734,47.8694,-97.9577
35.1020,42.5845,17.8786,56.9591,41.2611,-20.7812,71.4035,-58.4787,-108.3326,-127.6004,-23.1202,47.6793,49.4498,54.9079,-41.8790,-18.9320,51.0644,71.3357,-84.3491
60.7247,71.2427,47.3849,73.8757,58.1780,6.0385,47.5855,-49.7508,-112.3237,-163.3432,-37.8687,96.8953,49.7060,96.7638,-50.9626,-10.1727,79.4012,75.9726,-92.9245
73.0795,85.3978,57.2975,67.6057,61.6541,32.9326,14.4674,-40.2500,-98.9087,-146.9733,-33.7575,143.4758,48.0576,126.0406,-67.5295,-10.3826,122.4268,54.8172,-87.6343
69.5601,89.9795,55.5508,51.3043,58.2074,26.4834,-1.4080,-18.7212,-93.6383,-99.0585,-17.5697,142.2312,47.9306,118.1425,-80.6585,-12.3653,149.6728,33.9949,-78.9425
61.5271,66.2115,36.4239,32.6365,43.5765,-4.6631,-9.2474,-5.7589,-102.1680,-75.6870,15.2562,84.3162,38.2609,87.9277,-85.2996,-14.5819,149.6895,25.3243,-89.6432
59.1248,33.7775,9.2695,14.9760,19.6117,-12.3391,-21.1219,-20.9246,-101.7565,-96.9365,51.4901,52.4709,28.7857,77.2795,-85.1266,-23.8247,143.7395,13.5413,-104.9973
58.6952,47.3913,9.8024,14.2757,-2.1072,0.9216,-30.4858,-39.7443,-86.4150,-128.0497,51.1524,84.2035,35.6680,86.3014,-83.0975,-34.8247,130.9976,8.0038,-112.6490
50.4225,78.3589,30.0324,28.6324,-10.4397,-0.4289,-25.6097,-33.2254,-71.3267,-121.7863,18.6212,102.1015,44.7520,79.6128,-76.5433,-38.7525,97.2858,23.5466,-110.5731
41.3722,74.8100,36.9611,36.2666,1.0231,-10.0488,-7.3726,-32.3111,-68.1328,-98.0203,4.2706,74.3384,51.5887,49.5390,-69.9545,-52.5552,68.1315,37.0964,-99.6656
46.3062,84.6291,48.7842,43.8658,30.4228,-12.8556,15.3265,-75.6974,-87.7871,-119.8661,11.0824,70.7900,76.8193,21.1534,-74.1188,-85.5288,71.9191,38.1397,-99.5760
55.8600,136.3840,78.7625,66.4128,63.2253,-13.1868,40.5858,-129.1539,-122.1923,-173.2499,-0.1629,114.3202,108.4978,16.3717,-80.8127,-102.0977,88.9450,47.5071,-110.8213
52.7774,160.2162,88.5589,78.5612,79.8360,-0.0180,59.2782,-145.7208,-132.1037,-186.6225,-17.5520,156.3569,118.4051,35.5482,-75.4320,-84.3088,96.3727,52.0539,-105.3190
44.2310,139.5226,73.9575,58.4765,72.1456,18.3922,49.4298,-139.6160,-108.2523,-152.6920,2.9259,177.5883,118.0295,54.6682,-69.2278,-65.7577,98.6468,23.7283,-93.4052
40.2688,124.9325,66.5146,25.9068,50.1504,-3.1433,19.6533,-129.5033,-82.4172,-106.9268,43.6054,175.9055,115.3277,49.7451,-66.8561,-51.9638,92.9707,-17.7765,-95.1422
33.2219,105.1635,51.2460,-6.6089,27.9091,-54.5544,14.9022,-104.0041,-49.9965,-50.7664,44.8272,138.7160,91.3227,28.9272,-38.3286,-10.7956,71.8878,-50.9936,-74.5325
19.9150,62.9896,10.5992,-44.4343,5.8712,-75.4396,46.1889,-75.4353,10.2758,9.7226,1.0586,92.8601,63.0111,13.7683,17.4043,39.9345,49.4124,-86.3890,-22.9458
6.2250,41.2093,-22.2357,-70.9066,-16.9950,-67.4535,72.2724,-61.2651,62.4396,46.4583,-37.3477,74.0185,60.5295,8.0825,50.8540,58.9085,39.1532,-111.5733,1.8371
-7.1073,42.2548,-30.6217,-69.0436,-23.8188,-69.0769,71.3710,-32.5847,72.6926,64.5887,-47.4047,64.1844,59.2686,12.5183,48.8043,68.1032,35.1512,-102.3740,-1.9572
-14.0640,31.2212,-31.3707,-50.6735,-4.6348,-70.7046,59.8189,17.1838,65.0946,70.3502,-51.9799,44.1369,34.5017,28.5339,44.9169,92.6354,33.8056,-73.9656,11.3382
-5.5975,23.8424,-22.9107,-25.2471,16.9611,-55.5367,39.3637,25.8776,47.8501,30.3175,-58.0487,22.2404,9.5797,33.7751,38.0856,89.1697,37.1034,-41.8267,10.7215
2.9964,30.4309,-8.1064,7.2416,18.8046,-34.7903,2.6291,-26.1386,5.7823,-45.1837,-46.0620,-11.2622,-6.2377,4.0729,8.1362,30.6340,36.2988,2.7422,-32.7140
-10.8294,26.1645,-7.7828,32.7903,17.9254,-9.4121,-26.4112,-65.5234,-25.8664,-83.9899,-23.4927,-50.0491,-24.8094,-43.6858,-20.6212,-36.3063,25.0106,42.5507,-40.1905
-31.3224,25.7505,-9.1604,40.3100,36.6939,16.4459,-22.7336,-52.4283,-14.8780,-70.6662,-17.0984,-47.7450,-28.8104,-71.7373,-20.1520,-66.1784,13.9714,46.4986,25.8718
-25.6882,42.1768,9.2365,35.1817,59.0097,19.8939,-6.5433,-31.2957,-0.8194,-55.4878,-16.1819,-10.5344,-11.2735,-66.8695,-6.6289,-58.5893,13.5553,23.8142,73.8955
-3.3966,34.9529,24.7366,20.2472,58.0508,5.5105,-7.7122,-16.2421,-5.1732,-44.2193,4.3562,-0.0938,-3.4410,-46.3602,2.9402,-30.5698,11.5165,0.7096,63.7438
0.9581,5.0931,19.8043,-0.4079,40.1113,-4.7006,-12.2782,29.9377,7.9292,-9.0563,28.8318,-18.6373,-6.1011,-35.0618,14.5401,-6.0620,-9.2827,-16.6923,66.5088
-5.1819,0.2703,13.4569,-14.0739,26.2820,-18.7539,4.4251,81.1769,28.5976,23.5293,34.2141,-21.8190,8.3892,-35.9095,20.9769,-5.0726,-26.3388,-27.5758,90.9468
12.0848,10.3783,11.5889,-16.6009,17.5941,-43.7584,24.7627,67.1376,6.1658,9.5418,31.8536,-9.8036,24.1385,-28.7371,4.8760,-21.7288,-0.0946,-26.7480,69.9553
39.6427,11.5895,7.0308,-6.4326,9.6069,-57.1467,19.1012,6.5791,-42.3030,-34.4095,29.0497,3.2652,12.3533,-10.1150,-27.8181,-42.5991,50.0594,-9.0650,18.4308
36.8350,27.7676,11.0753,22.0068,13.8312,-45.2148,-7.7338,-26.3147,-57.1157,-62.3916,12.5532,30.3542,-11.2351,0.0818,-53.5016,-62.7548,65.4452,23.5583,9.8065
10.7619,48.1222,22.6682,50.9303,29.7982,-20.9657,-36.0550,-29.5713,-34.7375,-61.3219,-7.8787,61.7384,-30.3554,-0.2315,-56.6735,-67.3120,39.8031,48.9530,39.7529
-5.5147,34.2060,18.2158,57.2322,30.6347,-3.3979,-55.4849,-36.0334,-19.6911,-52.1349,-10.7081,63.4329,-57.0167,1.0402,-45.6291,-51.0114,15.4537,55.3007,57.6080
-9.9901,14.4878,4.0606,60.4599,14.7069,4.6031,-54.5695,-31.2695,-37.7372,-52.8350,-16.1133,35.3735,-84.5110,-0.5994,-43.6834,-42.0463,13.0159,73.4133,56.5403
-7.5527,19.3087,10.0339,80.3372,18.7559,23.7274,-36.6074,-12.1651,-62.9232,-47.0091,-54.7674,6.3323,-90.6761,-5.8184,-50.9886,-50.4978,23.6938,110.2198,48.4672
5.2388,7.1932,25.6478,83.9098,45.0273,54.8518,-31.8110,-15.9195,-41.1403,-10.1416,-99.1019,-8.4064,-84.6021,-1.7298,-37.9497,-42.7395,26.3762,109.5797,38.1599
8.3442,-37.0850,14.2956,50.0742,46.8378,55.0912,-39.3934,-34.6589,23.5872,34.1548,-98.7526,-11.3733,-82.9156,7.3912,1.4253,-5.7293,-3.6605,58.3862,40.8172
-12.0556,-63.1511,-18.4630,16.3414,11.0963,18.0437,-17.6256,-22.6787,52.4067,46.0063,-61.4576,-4.9462,-71.9268,15.9973,30.7116,31.6581,-49.5977,23.4267,50.4059
-28.9362,-56.0713,-36.4660,4.5726,-23.9956,-0.9946,26.0919,11.8953,26.3279,44.9135,-30.4702,12.7594,-40.3897,37.4109,30.6163,53.8579,-64.1587,23.4099,34.7131
-29.7363,-51.7171,-39.2505,-11.4644,-41.1583,8.0917,39.7372,27.1144,26.4226,64.6635,-14.8209,30.8930,-5.3948,60.4029,26.9751,65.7666,-57.1928,6.1755,0.5276
-32.3422,-62.3014,-52.4449,-38.8947,-57.0233,2.0299,35.7070,15.3854,76.7515,78.1329,-10.7376,28.2399,18.6433,56.8799,42.3164,65.8387,-71.9569,-31.3464,-19.0030
-31.1029,-64.6947,-69.2506,-55.2900,-75.2449,-17.9568,65.8045,-8.2898,107.0410,63.6079,-39.8353,16.5779,33.2874,44.6339,68.4950,67.5421,-88.8233,-48.9106,-26.6252
-20.6940,-39.8283,-71.0877,-59.4910,-86.3650,-33.7077,103.5031,-25.6096,99.3707,55.5971,-88.5227,30.9308,34.3420,48.5446,84.2588,86.9028,-67.7298,-53.4774,-26.2821
-26.3331,-8.7478,-72.3345,-59.9665,-87.1344,-60.3434,87.4943,-14.3402,94.3791,61.2623,-86.9127,50.8019,18.0434,41.8255,68.3128,85.5459,-33.3302,-58.9534,0.1231
-39.5974,-18.0437,-78.6955,-45.3428,-73.8881,-76.7190,41.5308,22.7139,79.6819,50.8761,-25.3795,25.3329,-0.3267,13.6208,22.3409,26.2153,-25.3291,-36.1285,33.4928
-26.6002,-56.4772,-63.6891,-17.2312,-47.5560,-45.1097,27.0404,56.2260,38.3534,42.0507,13.8499,-16.3229,-6.3111,2.6422,-12.3515,-33.1223,-34.2682,9.5433,45.0096
-11.1471,-55.2480,-31.4101,-2.8384,-21.8246,-14.8576,35.7595,72.5070,22.5016,65.1527,-3.1064,-11.3013,-4.9160,8.2450,-7.9037,-29.2929,-37.6288,21.8065,61.0761
-25.0327,-12.1105,-16.8906,-5.3772,-8.1825,-41.6402,21.9812,74.8056,55.0507,93.1067,-25.1432,8.3411,-6.6997,-14.6516,0.7092,-18.2407,-35.0881,2.5954,91.5565
-35.5463,7.5636,-13.2241,1.6274,-6.3748,-72.5832,-19.2081,65.2325,81.2199,101.3872,-36.6555,-24.5698,-19.9660,-62.7740,-18.2945,-60.7464,-35.6850,10.4425,89.4904
-24.1717,1.4048,6.4948,18.6603,-8.2162,-56.1327,-59.2998,57.2288,73.9868,107.0120,-61.5059,-85.5309,-47.2393,-93.2081,-29.8766,-86.4750,-41.1381,40.6524,53.6868
-23.4958,8.6576,20.9258,18.3607,-5.3572,-37.7416,-78.2708,64.2259,62.5631,110.2877,-75.6964,-117.2252,-73.0168,-96.0238,-7.0270,-34.0683,-38.5161,39.1397,34.6553
-35.7005,8.1736,1.3601,1.1740,-5.5625,-50.4035,-74.8111,73.6616,62.8859,102.1285,-61.5640,-128.5148,-81.2641,-89.8511,12.2577,15.6504,-23.7454,16.6998,35.2017
-39.0313,-11.7580,-28.6432,-3.6949,-21.5443,-53.4941,-60.1475,67.4352,67.2413,98.2477,-66.3190,-129.3590,-81.3792,-81.0129,2.1193,-2.1673,-11.6114,21.5355,33.3969
-38.3176,5.0628,-31.6617,9.9898,-34.7707,-24.8480,-50.7550,44.5547,60.6702,92.7628,-94.0289,-63.1555,-82.1444,-48.1839,-15.4867,-18.1653,9.7282,36.4545,40.4902
-26.4424,57.0637,-9.4182,18.6912,-23.9646,-0.8530,-49.1988,14.4283,29.3275,65.2998,-73.3835,97.9505,-68.0582,35.9940,-32.8765,16.7555,59.4432,16.6223,58.8813
7.8902,61.4823,4.3995,7.7487,-14.1823,-12.2314,-35.6806,-4.4787,1.4461,43.8538,-1.3706,264.9110,-32.9960,144.9097,-53.1302,47.5834,90.8600,-24.4489,72.4237
27.7803,11.7586,-9.3809,-13.9297,-26.4001,-41.8747,-2.0754,-1.6481,18.2353,55.9750,42.9791,321.7241,2.9390,200.1306,-50.1023,51.2443,56.7474,-50.8253,75.0044
11.5952,-18.6278,-26.4155,-29.3355,-36.5277,-57.8960,17.8317,2.2639,39.8886,71.6008,43.8166,256.7470,15.1870,174.1430,-20.2930,70.5739,8.0716,-56.8878,48.8619
-3.5110,-17.6127,-22.9176,-29.0319,-38.8891,-62.5559,-4.8939,-5.9459,10.0191,75.0204,39.8192,149.1858,-13.6002,120.4477,-5.1382,104.0845,2.3246,-42.3423,-6.1012
-4.9017,-16.0639,-16.9277,-18.5177,-49.6736,-73.5025,-33.0987,1.4183,-19.8103,95.9062,11.7028,74.2250,-64.3099,87.4142,-8.3487,121.3882,12.7475,-12.3901,-32.3694
-6.8579,0.9870,-13.2960,-9.1236,-41.9971,-76.1232,-20.7783,32.0503,3.7645,122.5238,-55.4370,59.8633,-75.0713,83.3006,3.1236,134.1768,19.8726,1.5522,-14.8491
11.0667,36.8426,17.6677,-1.3477,1.4247,-54.6477,-1.6122,40.2837,11.6558,96.2689,-81.9797,77.0638,-33.5139,94.8667,16.0121,144.0040,40.3917,-9.2008,-24.7078
37.7574,47.3859,56.3880,9.4776,27.5546,-32.1712,-22.8250,5.1819,-41.1142,16.5857,-19.9411,61.5625,-6.7169,82.7888,5.5282,121.6009,41.0951,-8.3734,-75.9925
11.0950,31.5847,47.1974,19.9586,11.5918,-18.7408,-44.6243,-32.3235,-70.7497,-43.4781,40.3639,3.6026,-14.0927,26.9504,-0.4351,78.5162,-9.1771,15.8641,-95.6673
-46.6447,31.4209,11.2337,28.2434,0.7583,6.4706,-15.3897,-43.9682,-38.5353,-48.4176,18.2791,-31.4484,-3.2230,-24.7363,13.5236,43.5925,-55.4690,37.4804,-68.5692
-47.0052,42.2927,5.8110,39.5108,2.6057,28.0683,19.9153,-53.7535,-26.1511,-59.3418,-27.5881,-21.4434,15.2588,-34.4989,11.3281,0.7594,-50.9113,53.1459,-48.7290
-6.3531,38.0183,14.7406,50.1480,-15.2374,14.7341,-4.8605,-77.5461,-57.4624,-123.2569,-20.3104,-19.4563,-14.3470,-34.3242,-12.8183,-46.1674,-30.2529,70.0365,-50.0374
-5.0671,28.6050,7.0181,50.9567,-24.1013,-2.8629,-59.6583,-82.2709,-63.0853,-163.2803,13.9221,-39.3267,-61.6360,-44.9292,-20.9716,-46.9549,-25.6641,70.9878,-40.9410
-26.9507,21.0257,10.4328,48.7402,12.6347,16.8823,-77.1199,-39.2277,-44.7421,-101.6408,25.5994,-48.4455,-70.4532,-48.0131,-15.7124,-18.3008,-19.3060,59.5757,-2.5962
-11.5132,8.7686,44.0507,56.0422,55.4492,48.2262,-66.0643,23.4140,-67.0113,-10.5468,26.9734,-58.0209,-63.7582,-54.5586,-33.2874,-37.3291,3.5761,66.9748,47.1599
22.9955,9.1754,80.2364,64.2710,68.6852,53.2834,-72.5876,61.6907,-110.0102,21.8714,40.7076,-82.3606,-65.2680,-79.3315,-65.9063,-91.7797,31.1848,81.7047,69.7353
31.8271,26.4128,97.1120,56.4985,78.1441,40.5974,-81.7231,73.7057,-107.2611,42.0919,49.2657,-83.4361,-49.9920,-89.8579,-72.9643,-97.8868,46.4864,65.2190,64.8984
24.5354,33.3863,95.7703,38.2355,91.2420,24.3447,-50.4043,78.0880,-76.5563,90.7930,28.7838,-58.9183,-23.6555,-74.5406,-47.4310,-52.4801,43.7760,33.2378,69.0562
23.4681,33.5203,83.7988,26.6362,74.1216,1.1063,-1.0793,78.0808,-70.1821,106.9477,-10.5268,-63.6616,-18.2207,-74.0566,-18.9543,-22.7071,30.6777,27.0080,74.1822
16.9874,37.5560,66.7238,16.6146,27.5829,-19.7192,14.1372,76.5191,-64.7371,87.2067,-31.9493,-99.6117,-26.5807,-98.8408,-1.6712,-23.0846,6.3134,31.2280,60.6797
-9.4149,9.9396,35.2982,-10.9917,-8.4449,-23.6815,6.6464,76.9358,-18.4961,110.0034,-14.1202,-116.8097,-32.3865,-114.8507,21.0138,-14.3147,-34.9565,4.2861,72.1159
-39.2974,-47.7614,-11.5214,-48.7525,-21.3294,-24.9734,12.6032,66.0047,36.5230,162.8963,18.2705,-107.9571,-40.2659,-110.4439,49.8529,13.0140,-66.5456,-42.3948,115.4365
-48.1998,-65.5040,-43.3054,-66.5999,-32.4689,-46.7285,21.7314,39.5129,54.0487,167.9833,22.0363,-96.8308,-43.9525,-100.0759,56.4215,28.5705,-58.8996,-62.8671,114.3686
-40.6050,-33.4900,-52.0802,-60.3696,-49.4028,-77.0322,24.0061,14.1051,52.0219,125.5405,-10.7896,-88.4777,-34.9979,-91.3541,40.2775,17.6290,-29.3556,-51.5487,64.9971
-35.6686,-11.6510,-66.8925,-54.9538,-57.7988,-86.1860,36.8815,-8.7111,60.3123,71.8983,-49.0696,-86.4247,-24.7780,-84.6461,37.7573,7.0811,-5.2336,-43.3343,34.4229
-32.1068,-8.7737,-80.2305,-56.3147,-57.0393,-75.0449,42.7915,-32.5319,60.2035,14.9854,-60.2241,-93.2636,-22.4280,-72.2254,51.4070,25.7866,9.9889,-47.2952,6.2372
-20.7406,-6.3340,-63.2357,-48.0149,-57.9163,-58.1065,7.4958,-36.6323,35.2633,-17.7148,-39.8377,-94.6463,-34.1971,-45.8508,48.5632,57.6261,12.9371,-39.4691,-44.2058
-8.7415,-24.9835,-38.9410,-33.6248,-51.5782,-29.6401,-43.0208,-17.2069,16.6991,-1.4029,-17.4516,-91.9490,-68.4341,-22.5433,35.6009,72.0547,7.0276,-22.7009,-49.8745
-5.4905,-57.6138,-37.2918,-31.6316,-34.0542,-2.5030,-68.6999,-3.7129,31.2640,28.8162,-21.4910,-106.2502,-107.3693,-24.0130,43.5297,78.4016,5.2750,-23.1410,-5.8996
-12.4197,-65.1343,-41.2901,-35.5203,-29.7783,-12.7108,-81.6822,1.2595,59.9277,38.5620,-36.2054,-130.9508,-122.2927,-35.7842,60.9511,95.8894,-10.7902,-29.1593,0.3314
-28.4854,-61.0442,-37.9269,-26.0882,-40.1258,-37.4445,-93.1216,16.4232,72.6245,34.9895,-28.8050,-138.9214,-115.9763,-34.4911,61.7768,105.6241,-57.2756,-12.3205,-25.8987
-39.1707,-67.4719,-32.8710,-8.8707,-34.1071,-16.3792,-91.1227,24.3208,62.5813,15.8921,-4.5803,-127.0044,-103.7052,-28.6952,52.8997,85.9145,-87.8552,9.9395,-20.6629
-28.7832,-58.4589,-18.2467,-0.5579,-16.4682,32.7222,-87.6933,11.0584,42.6281,-14.4604,7.9723,-106.8793,-89.6732,-29.3607,45.0724,56.2729,-68.2858,10.0981,-5.8787
-16.4045,-33.6701,-3.8670,2.4147,-15.4935,53.2886,-91.9005,9.4721,30.8429,-17.7219,-0.3309,-76.8747,-83.7288,-19.6107,32.1602,44.5457,-35.3891,6.7704,-4.5337
-29.2843,-22.8290,-16.4796,11.3089,-19.4510,61.0139,-82.8744,28.0358,34.2331,0.8083,-20.1523,-34.0305,-89.3617,8.1458,18.3683,47.9102,-15.9981,19.3011,19.2916
-52.8863,-12.0698,-38.6298,18.6190,-13.8908,83.2495,-61.0426,26.1684,47.1617,-11.9791,-38.7262,7.8046,-88.1737,26.6189,22.4835,54.2944,-5.7035,23.7208,55.5693
-60.6667,8.7988,-42.5624,7.2313,-19.4843,84.9902,-42.2750,1.7533,73.2740,-42.8138,-51.0109,30.2026,-73.2890,19.2994,52.9632,68.0708,-20.6522,-1.9769,70.7735
-57.6983,3.3623,-49.8807,-22.8204,-40.2888,52.2356,-12.4115,-0.3767,115.5387,-31.0054,-63.4058,29.3298,-56.2591,10.0307,94.5188,92.5197,-57.4329,-41.3732,83.5203
-58.8922,-28.3492,-76.2319,-51.4819,-62.4834,25.7933,27.6354,25.4429,138.0540,7.1806,-62.6208,15.3044,-39.2295,16.2378,113.5932,108.5529,-74.5089,-64.4436,91.3666
-66.2862,-46.8651,-95.7711,-61.8943,-88.5494,20.1699,41.4039,45.4989,104.6464,15.4944,-16.4401,0.3345,-24.8234,19.8015,92.8273,96.2237,-70.3594,-59.3969,69.4653
-73.7220,-53.8357,-96.2208,-57.2308,-100.5252,21.8616,30.6819,50.7819,50.4267,6.8839,53.3837,-3.0576,-21.3815,11.9409,58.6907,66.7029,-69.0259,-43.7217,59.3439
-65.7486,-60.3012,-85.8174,-47.3851,-71.1772,34.9656,27.8998,51.2991,30.2443,11.2368,78.2462,16.8783,-19.5502,14.3968,38.2777,39.7738,-50.1481,-39.1939,90.0773
-35.7704,-48.8787,-61.0323,-30.7098,-30.1874,55.9682,30.5018,48.0312,28.2073,7.2391,53.6658,54.6824,-5.9126,36.5645,20.1305,12.6012,-10.3705,-34.0633,104.6481
-8.4371,-30.7030,-27.2142,-6.7671,-12.7253,68.4922,34.5382,47.1894,9.9948,-10.0845,35.5835,86.7430,15.2320,61.9903,1.6044,-8.6320,-3.7912,-10.7898,81.8896
-5.5507,-32.9850,-7.2863,9.5125,3.4862,75.2278,55.9905,51.9837,2.1537,-14.2960,29.4624,95.2298,35.4328,76.4699,11.3664,2.5260,-40.8057,7.7549,69.6575
-13.2440,-39.3304,-7.8952,12.9742,28.3306,76.2135,77.6796,43.3938,26.5064,-18.9344,-1.4584,75.9019,41.7733,71.0832,44.0973,30.9669,-66.5636,6.7623,72.4207
-12.8244,-29.5668,-14.2410,24.3651,39.4192,61.8190,71.8543,17.2356,39.3422,-42.1288,-50.0051,40.4141,21.2882,45.5601,48.3637,21.5174,-53.2285,21.6694,66.0877
-1.4072,-12.9990,-3.8424,52.3733,52.5672,55.6723,51.7978,0.1422,12.1398,-52.4863,-77.8188,25.9367,-0.4321,28.2223,10.4796,-25.3685,-16.0376,60.5298,57.4141
22.1726,9.1376,37.4917,73.6207,89.0374,85.0492,33.0448,-4.0632,-23.0993,-44.7126,-68.2995,58.1248,17.0703,45.5944,-24.5315,-49.2516,22.2814,73.5758,37.2536
48.9727,32.8349,86.4898,74.9234,122.4268,117.0973,12.9731,-14.9321,-48.3297,-55.0059,-27.2770,101.1628,56.3784,74.6594,-33.4342,-35.7500,41.4655,51.2643,-4.3004
59.9181,37.7097,104.1008,67.2518,129.9769,104.7519,3.6746,-21.9372,-78.5485,-64.8519,23.3342,105.3276,71.9372,76.3622,-39.4955,-25.7320,45.4886,35.4031,-28.6635
54.8499,36.4268,89.5043,48.6538,105.8926,62.1434,9.7910,-17.4032,-102.1487,-44.1678,53.4350,87.7839,66.9315,58.6087,-48.6960,-22.8879,57.0681,23.5674,-31.9598
45.3857,55.3453,63.4930,16.5902,47.7023,35.3120,15.9394,-36.5606,-94.5630,-40.7565,49.8972,93.8729,69.8043,58.5452,-39.3377,3.1791,70.8224,-7.0120,-68.9638
33.6088,72.0587,37.4787,2.0798,3.0837,36.5354,29.1576,-80.8043,-76.4840,-75.8679,22.3405,109.7835,82.8808,76.8719,-21.3259,32.0232,69.0709,-20.0339,-128.8672
29.3811,62.6786,31.4775,19.6301,17.9543,47.1107,53.4103,-96.2472,-83.0490,-87.6785,-3.4027,89.1940,94.4579,72.4184,-25.0104,13.9942,62.4580,8.5746,-146.5582
39.6015,48.7589,50.7235,26.0229,39.8537,57.4570,60.9707,-74.8786,-96.9908,-62.4349,-2.0820,34.9195,98.6293,29.6126,-29.3577,-25.1110,54.1922,21.5478,-126.1441
33.8975,42.8551,53.2761,-3.6149,20.4661,68.1085,56.8208,-48.9725,-73.8736,-34.7513,10.8916,-10.7484,96.6379,-12.2223,3.1567,-14.4914,30.3161,-13.7528,-102.5839
-5.4213,35.7180,20.8241,-31.3216,7.3617,63.9860,69.3504,-8.6729,-17.9523,14.0566,-0.8454,-34.9959,94.7399,-28.7738,39.3272,26.8281,9.6841,-44.6573,-66.4627
-32.6751,32.1598,-2.9584,-39.3133,13.1429,31.4217,75.5280,41.7565,20.6120,78.2770,-19.9853,-58.1618,88.8741,-46.8021,37.4451,28.9370,13.2307,-47.6018,-26.4098
-17.8944,23.9889,-6.7799,-60.6124,-16.3520,-9.1344,59.5549,47.7412,27.6335,89.3688,-9.5538,-80.7493,67.8103,-67.5041,40.3069,23.1937,12.3842,-67.6580,-17.2302
-3.7618,-11.3093,-30.7377,-97.4483,-63.3026,-33.4580,65.4591,21.1940,47.6760,66.5362,-0.7665,-85.9008,42.8838,-54.9089,86.1481,72.7441,-17.0512,-108.3386,-19.6853
-18.0928,-48.3794,-66.7910,-112.1927,-76.0772,-49.4628,92.2556,28.0440,99.2087,87.3588,-31.0969,-86.6245,35.6443,-33.3306,120.0998,110.7570,-50.7855,-119.7118,-2.7265
-27.3931,-43.6337,-70.9009,-102.8583,-79.2898,-65.5584,77.1029,38.1979,135.3363,108.6894,-55.6591,-106.7887,40.8665,-61.8355,98.4680,55.1906,-60.9036,-102.4116,0.1498
-14.9540,-17.9794,-55.2118,-97.0803,-94.2632,-73.6941,22.8821,-15.0440,122.1171,54.0013,-25.9441,-132.0984,41.8227,-114.3919,61.6972,-26.3551,-47.8846,-97.9614,-40.0771
-2.7681,-19.2616,-54.8363,-92.2572,-93.6436,-76.0152,-11.7459,-88.5078,80.4586,-28.5500,30.7181,-139.4291,37.9856,-127.8747,38.1591,-59.1173,-30.7771,-96.7537,-88.1171
6.4809,-43.4320,-54.6981,-69.3235,-81.5307,-71.0716,-15.5992,-116.7972,32.8117,-74.0426,70.3955,-136.2981,37.0705,-114.3857,8.5587,-90.8562,-33.5741,-62.8798,-110.7549
17.7645,-51.9381,-33.1565,-31.2329,-71.5742,-40.7734,-5.4085,-123.5258,-17.6026,-102.3696,82.1297,-122.7325,43.1136,-107.1908,-22.5536,-144.2149,-52.2773,-8.5992,-112.3293
8.4374,-23.8779,-11.3075,10.1247,-43.2781,9.6757,5.9477,-138.7276,-58.0915,-135.4091,71.8524,-79.0670,46.8170,-95.2828,-39.3002,-163.1319,-48.8254,34.5797,-95.2030
-21.9946,23.5687,-3.3124,46.7320,-4.0166,53.8773,-10.4008,-144.6986,-73.9364,-155.4289,54.8076,-22.2641,31.1966,-77.6563,-56.0288,-151.4063,-14.1286,62.3116,-62.6014
-28.0555,48.1317,10.6329,64.8968,16.8001,81.5933,-54.7649,-132.7084,-63.9427,-143.6793,40.0874,6.1022,7.1105,-68.3487,-75.5940,-155.8474,16.8886,72.2398,-40.1246
4.0597,36.8174,32.5321,58.9374,27.5705,84.0896,-80.4287,-108.2029,-33.5742,-103.3239,21.7864,10.3248,6.8991,-51.5944,-81.6981,-163.5871,30.4032,58.1741,-42.2349
26.3665,30.1617,38.6761,46.2743,37.0160,59.2811,-73.1121,-69.2903,-8.7831,-69.9312,12.4508,21.7011,27.3074,-24.1781,-83.0514,-152.8887,44.3330,39.3366,-45.9965
9.6309,50.7844,30.5230,40.5015,38.8782,40.4928,-61.8845,-26.2271,-21.0877,-59.0150,32.0350,32.0764,32.9093,-19.1568,-86.9956,-129.6311,63.0696,32.5021,-24.3112
-16.4729,55.6910,24.1893,27.0482,43.6402,35.5356,-53.3625,4.5609,-45.2113,-19.9393,57.0139,9.7204,12.3079,-40.6745,-69.2142,-80.7812,69.5196,17.7743,14.9521
-26.5895,13.2812,4.1056,-7.1513,34.5279,1.2580,-37.3603,21.0756,-28.6032,58.5325,56.6848,-41.5948,-15.1958,-59.5189,-29.4006,-19.3236,48.3966,-14.2380,38.2154
-34.4944,-33.2417,-34.8789,-40.0980,-9.8277,-45.9117,-16.0447,31.4783,10.1943,105.5625,49.4089,-82.5508,-20.6185,-68.2286,-7.2243,-3.7079,11.1219,-33.4600,31.3262
-45.2216,-35.1899,-44.7717,-45.8257,-30.4874,-36.1824,7.3400,49.6877,12.6010,114.0116,59.2804,-90.9294,14.2917,-74.1549,-15.1643,-30.5125,-3.7080,-29.3822,14.2456
-37.9458,-15.3146,-11.8230,-41.8858,1.2050,2.2361,16.1615,69.5329,-11.8485,133.8127,77.9897,-89.0096,56.6717,-77.1118,-26.0152,-40.6142,15.1643,-33.9960,-1.4316
-14.6391,-21.0049,-1.3932,-60.6571,-5.3796,-17.4049,-6.8461,58.5528,-8.1254,137.6595,90.8622,-103.8859,52.5708,-77.8286,-20.2652,-25.4196,24.9738,-60.9877,-30.6916
-3.8691,-40.3692,-35.7137,-88.0508,-68.7753,-74.4710,-26.9987,25.9147,26.7037,105.1939,79.8606,-117.5376,23.5531,-69.4851,-3.7670,-5.8410,8.9938,-82.3159,-70.3629
-4.3286,-26.6337,-49.2306,-85.1881,-81.2598,-89.2045,-4.8610,14.7452,45.8567,89.5783,35.4719,-93.8009,33.3846,-45.3185,1.8353,6.1708,13.1619,-76.6576,-90.2654
10.3589,15.0968,-17.7004,-55.0566,-37.0033,-60.5762,27.7874,5.7259,22.3632,71.8709,-2.6241,-41.8231,67.3317,-23.9229,-12.6666,-11.4143,45.8997,-54.9516,-86.0508
32.3523,35.5863,9.3123,-28.6520,-24.3476,-31.6264,27.5976,-33.7621,-25.0141,-1.3533,3.5915,-6.2508,63.2707,-15.1549,-22.4271,-34.4713,54.3634,-32.4683,-83.4854
37.3614,26.9988,19.2165,-6.5493,-21.8194,-8.8230,6.8760,-57.3689,-59.5817,-59.3627,10.6097,-4.9235,23.6068,3.4987,-11.0298,-2.4648,36.5394,-6.1382,-92.3937
36.7305,30.2310,40.7527,27.0549,22.5620,21.3423,-9.6422,-41.5235,-67.3822,-46.9258,-35.4215,-11.3750,-3.7581,31.1094,-6.3312,43.3387,44.8844,29.8588,-102.0996
39.0133,56.6834,58.4627,57.6089,52.4513,57.0221,-16.6635,-36.2756,-60.7595,-39.2106,-93.5909,3.5020,-5.9253,38.7103,-23.9212,22.2519,74.2673,60.9473,-97.5983
15.6806,63.3054,35.7314,58.9556,27.5064,78.0287,-14.8422,-33.5394,-48.7426,-53.7935,-87.0645,30.2723,-7.1464,34.9496,-33.9745,-9.7435,70.0018,66.4099,-64.7065
-29.9960,20.8221,-14.7450,36.7627,-8.1506,72.9934,-17.5717,5.9111,-34.9938,-39.0678,-14.3258,39.3356,-23.8358,47.8765,-25.9061,15.8748,29.9631,51.7439,-19.0856
-45.2841,-30.7042,-46.7609,19.1102,-27.1000,67.3594,-30.1445,29.8822,-28.2352,-41.9153,54.7211,33.4256,-34.7485,64.4922,-23.0760,28.6987,-0.6489,38.8726,-3.2131
-24.0800,-25.4897,-34.4782,22.3832,-20.1498,81.9181,-22.3741,7.8481,-27.2744,-94.4413,58.5558,40.8318,-7.3922,62.2916,-23.4239,-6.3735,-2.9092,35.3237,-15.7857
-15.4089,34.0867,4.0767,42.0266,27.6845,93.0188,16.6858,7.1253,-25.4752,-111.9204,5.0808,58.4565,38.5887,49.7323,-11.8591,-12.6567,11.3853,39.9583,-11.0720
-26.5586,70.7808,28.2678,59.7927,75.3321,91.3743,51.1581,31.5985,-31.1117,-77.8864,-41.0818,52.1351,53.8308,33.7075,1.1098,10.6808,19.4717,52.9108,13.5305
-31.0555,39.7951,23.1008,57.6950,68.6573,103.1692,62.3478,21.0299,-42.1451,-59.6666,-38.4582,11.4699,40.1502,8.1031,12.8800,4.6049,-7.3579,61.4855,21.4748
-38.2663,-14.9495,7.4421,38.6169,36.5629,119.1770,56.5202,2.8746,-31.6807,-41.6939,-9.7127,-33.5669,26.4272,-14.4023,34.1086,1.8714,-62.2600,51.9219,14.7145
-53.4811,-39.0409,-1.2348,26.1583,31.4190,111.1261,26.8715,15.2692,0.0095,2.1109,5.9837,-44.4601,8.7764,-12.7152,43.3239,28.2507,-86.2862,37.0042,17.7995
-44.1317,-32.1670,4.8349,34.3558,52.1564,99.2872,-15.9613,14.4589,15.4425,19.2416,-1.1625,-16.0950,-13.2243,4.7469,17.6385,20.8829,-48.8133,36.0426,27.9398
-13.6331,-15.1036,27.8713,50.7860,79.1415,103.4629,-36.8251,-4.3218,3.9661,2.4613,-15.2985,9.1692,-18.5961,9.1497,-11.2828,-19.7418,-3.2539,43.9153,35.6972
-5.7676,-1.3479,49.4710,57.1190,96.3372,101.2096,-33.2898,-0.9798,-8.6199,-5.8801,-13.4287,-0.0431,-10.8048,-5.5579,-7.1961,-22.5463,-7.8274,46.0035,39.3942
-15.2100,-5.7024,51.4769,49.6023,94.3923,87.8069,-21.4961,-0.6873,-6.8047,-12.2781,7.6055,-13.2325,-0.0927,-17.6317,14.4959,-2.8267,-45.6271,36.1979,38.3758
-8.0217,-25.9282,45.3539,32.9321,88.8393,74.5176,8.4009,-14.2120,7.6320,-8.2490,19.9636,-3.3557,21.9248,-19.9084,30.3400,-11.0421,-70.8230,14.3823,52.7487
-1.9194,-32.2949,36.7209,11.7711,82.2288,45.0057,46.1059,14.5197,31.7417,41.3374,3.2907,0.5345,36.2948,-29.7786,40.1681,-19.9593,-69.3180,-8.8197,97.4119
-20.5285,-12.8998,12.4953,-7.4677,50.9040,5.8200,50.5527,69.5901,63.7747,96.7481,-28.4741,-11.9993,20.2765,-46.8425,40.3910,-11.8276,-49.1696,-21.4356,134.0193
-35.9317,6.7260,-14.8271,-21.9287,6.8854,-4.2039,30.7054,73.0084,99.9598,105.4028,-50.3358,-2.8884,12.0623,-50.7166,29.0183,-26.3928,-28.3899,-32.5175,126.6622
-29.4052,8.9964,-27.7105,-38.0110,-23.5643,-0.3053,28.8552,33.1293,122.9164,84.1830,-43.2163,30.2136,37.6482,-41.2850,21.0225,-57.2578,-24.8720,-54.6684,98.0609
-20.8457,5.1142,-42.4135,-59.8765,-56.3093,-25.3061,35.5807,10.4808,115.9915,51.0256,-9.3952,48.9520,50.6317,-26.3926,24.4335,-48.5291,-26.2250,-79.4534,70.7472
-14.3201,4.9290,-59.6756,-80.2268,-85.1318,-53.2566,28.5837,22.5485,105.8249,27.4580,6.3181,47.7595,33.8642,0.0590,36.0737,4.5770,-7.6544,-99.4083,46.1198
-3.8839,3.2806,-54.1999,-90.2248,-69.6756,-43.3463,30.6695,61.1881,126.8955,59.8731,-28.5613,33.6889,28.0827,19.9567,58.7566,54.9556,13.3278,-115.7683,46.7726
-8.4264,-4.5208,-42.9465,-86.8104,-42.1827,-24.8729,44.3642,93.6326,143.0883,109.1273,-65.8033,-9.9178,26.4237,-0.9224,78.5548,68.7634,4.6915,-110.6105,67.1268
-27.7379,-15.2233,-54.3294,-70.5362,-60.1538,-31.7906,27.0380,74.1525,106.2109,87.4589,-49.6800,-68.7962,-4.6577,-41.5971,63.7501,45.1885,-15.0882,-71.2714,47.2400
-27.7236,-23.8141,-57.3535,-52.6649,-81.3672,-40.4101,-16.7999,22.4539,54.1967,30.0054,-5.2628,-94.7839,-30.1363,-52.7282,29.8075,17.5774,-18.6080,-36.9886,-15.4269
-11.0800,-33.0603,-34.1118,-54.1757,-61.5597,-32.0611,-35.9102,-3.0216,38.1238,13.6785,35.6352,-84.8018,-16.6356,-37.2047,31.4116,33.6471,-26.5826,-50.9224,-50.8684
-13.5226,-56.4243,-32.5856,-76.8194,-55.1651,-30.2833,-34.9387,8.2336,37.0477,17.2340,88.8252,-76.1052,-13.7177,-16.3647,64.6639,97.1245,-52.7220,-87.8085,-43.1304
-26.9040,-93.9090,-63.2016,-92.9120,-84.9207,-44.9082,-51.5663,44.1854,30.6622,25.2326,130.4799,-78.8703,-53.7177,16.0093,74.9046,153.9420,-65.0344,-95.2948,-30.6356
-22.4735,-112.6194,-73.4825,-85.0187,-89.0722,-52.3585,-65.6856,84.0887,39.7223,59.2955,105.5779,-82.7622,-83.6992,40.1929,59.7956,159.0976,-49.9466,-74.9931,-18.5480
-15.0306,-91.4723,-56.0523,-71.8355,-57.9880,-46.9618,-45.1316,76.8591,58.5794,76.0332,47.7091,-89.6792,-67.9682,17.3997,62.1081,131.7288,-39.0181,-66.3280,-3.2438
-20.2015,-65.8896,-49.5485,-74.6262,-45.1118,-54.2521,-18.6349,29.9626,61.3294,50.4733,33.5140,-96.0401,-47.4807,-22.3938,81.9837,120.0062,-46.7909,-79.9586,3.1619
-14.3674,-74.9220,-56.0794,-85.5394,-57.5141,-81.7700,-20.3423,24.6685,55.6142,41.5713,56.5040,-89.2649,-58.3990,-20.6388,85.6237,127.8660,-51.6521,-92.7383,14.5143
5.1393,-97.3098,-59.1474,-87.3954,-69.5843,-102.0729,-34.6702,58.5666,50.3484,47.8633,76.8621,-72.5684,-78.5518,5.3581,68.4457,119.4459,-45.1800,-89.4380,37.8272
7.1858,-94.7077,-64.2897,-79.5114,-79.5323,-94.0200,-36.6065,50.7634,35.0012,11.6638,96.5449,-49.7553,-74.2477,14.1181,49.5783,89.2637,-39.9959,-78.1786,39.7480
-3.5058,-73.9753,-68.8347,-71.4104,-84.7448,-68.4842,-17.9060,5.0131,19.6109,-38.1297,106.7281,-12.9697,-42.7218,21.5461,42.5017,69.6765,-40.0849,-72.9225,14.2315
0.6781,-59.4209,-62.3160,-67.4821,-78.4153,-50.8087,16.3752,-29.1887,15.4007,-61.8193,92.2096,19.0285,-4.7463,36.6197,49.5428,67.6647,-43.2158,-74.8214,-10.8568
6.8817,-49.6668,-55.6729,-60.5319,-69.6857,-48.9947,34.2435,-66.3329,3.2526,-97.8217,84.6369,14.5769,16.1233,27.4163,52.6615,54.6591,-46.8815,-69.0764,-38.1420
0.5859,-29.3549,-49.8446,-37.5532,-57.3227,-38.1614,17.0810,-106.9191,-21.2945,-144.6985,88.8782,3.5910,19.7173,7.8915,28.8481,19.0753,-35.0804,-42.2581,-71.8019
9.7522,7.6369,-22.9450,-1.5216,-30.5520,-0.5524,2.0140,-104.3177,-37.5011,-152.5167,57.1372,38.4884,31.9690,25.4049,-12.0692,-22.1694,5.3222,-5.2910,-86.7075
42.8555,40.6000,17.2893,21.7057,-2.0934,26.3554,8.8274,-68.1793,-45.1841,-138.1076,13.3421,79.4895,55.1164,55.5160,-37.2194,-48.3164,45.6744,13.5608,-82.8773
62.8273,28.5963,32.6267,15.8003,10.7423,5.7572,2.7169,-43.4682,-48.3655,-130.9024,26.3512,52.0916,50.3403,46.1189,-30.7115,-43.5254,41.1393,4.9400,-73.0516
53.6732,-26.4579,11.4430,-4.4846,8.7018,-25.2485,-14.5998,-22.0786,-26.4494,-106.9130,55.8095,-14.9825,9.3226,16.6863,-2.1981,-17.2969,2.1437,-11.3709,-36.9467
32.0485,-60.0642,-22.4567,-19.6043,-7.8737,-24.8385,-2.5075,11.2357,19.1234,-66.1615,29.0543,-50.4370,-17.5169,-1.0455,24.3575,-7.2415,-21.7451,-17.9956,16.6084
8.0635,-42.3624,-41.8556,-25.6889,-31.7724,-18.1161,22.1622,32.4390,47.4313,-36.3669,-10.5126,-52.3773,-7.2490,-16.9382,28.8495,-19.7744,-22.1756,-16.7775,35.4315
-3.8298,-28.0314,-36.2634,-20.8693,-36.6076,-21.2473,22.8590,28.1938,40.5606,-13.6783,-9.4069,-35.3067,0.0246,-16.5462,19.4548,-19.2739,-27.9342,-10.1455,26.1875
5.5255,-57.1137,-25.0311,-4.2566,-18.2384,-7.5230,19.3288,13.1969,25.0192,5.9368,-5.2683,-3.1549,-19.3789,14.2502,14.3249,-9.8163,-42.6302,7.5003,41.4868
1.2055,-88.1534,-34.6691,12.2478,-5.4822,13.9388,19.7785,3.5809,25.3215,20.7469,-16.0502,0.7344,-40.3955,19.1669,3.8574,-32.8290,-49.1474,32.3034,71.0802
-35.8319,-73.9542,-45.7401,18.9297,-5.4274,17.5253,-2.4024,5.7501,34.3728,49.9328,-9.8081,-28.7814,-38.9480,-21.0375,-19.2935,-65.0963,-47.5341,46.3704,65.1100
-50.8800,-34.6342,-21.5270,23.5974,1.3588,28.2980,-28.8171,3.0353,25.7653,70.2753,3.5107,-20.8006,-17.4121,-25.4167,-32.4081,-51.8316,-41.0955,44.1064,17.2540
-11.6525,-21.9368,16.3380,35.0729,15.6001,57.6897,-35.4746,-24.1567,-7.6925,28.7774,2.3885,14.3029,-1.5673,20.9827,-32.8790,-27.5432,-24.3747,45.8530,-41.1619
30.1781,-40.0803,31.0265,50.5399,26.4844,68.9140,-54.2902,-54.2024,-34.8549,-31.8110,-0.4783,-2.4233,-16.9932,32.4604,-45.0216,-51.8745,-6.6623,64.8746,-72.4682
40.7145,-34.7364,46.2274,65.1193,41.0614,64.2862,-86.0917,-61.8624,-29.7212,-33.5552,-16.4976,-22.6903,-39.6529,5.8632,-59.9515,-87.6835,1.5407,79.6176,-59.7548
41.8273,17.1580,79.7056,73.4478,64.4285,73.6820,-82.3479,-69.4045,-8.2028,-12.1639,-56.3231,31.3097,-22.0152,6.2895,-52.5853,-82.5901,9.8767,67.5315,-36.3485
30.4219,55.3081,82.4832,65.8852,74.4239,69.8273,-55.7209,-93.9758,8.3282,-24.2508,-65.1161,77.7121,17.0977,13.7058,-37.5816,-64.0747,14.2219,41.7747,-41.2426
-6.2454,32.1886,35.6909,40.9904,50.4159,26.3647,-55.5979,-108.0514,23.3929,-27.1622,-11.8345,50.5472,25.1327,-4.7090,-35.4506,-56.2095,-8.1113,21.7311,-59.6743
-29.7402,-11.1637,-0.0621,13.7402,14.3175,-12.4544,-70.0622,-92.3555,35.8653,9.3717,47.2076,33.5921,13.2542,-1.9956,-35.6093,-35.3587,-40.6258,3.2687,-65.4573
-12.4172,-26.2576,5.7811,1.5666,7.6503,-12.4940,-81.4712,-62.4958,28.6739,28.3576,70.6800,52.1383,5.3338,31.7347,-35.7948,-6.9036,-30.4193,-12.6160,-63.2448
13.6646,-20.5235,17.4805,9.4834,29.1251,-0.0304,-112.6918,-42.2838,0.3393,-0.4372,69.1511,35.8941,-30.4488,40.7157,-46.4228,3.4039,26.9053,-7.9056,-53.2464
23.2056,-5.2272,21.5011,29.2853,39.6379,6.1807,-145.9123,-47.4759,-26.8699,-31.4405,38.4571,12.7923,-93.7499,25.9196,-54.5782,5.3397,72.4573,16.3071,-26.8486
26.4638,20.3686,33.0578,43.5148,31.1678,15.9832,-134.4177,-66.9370,-27.4348,-26.3439,-17.5439,46.3874,-116.3558,25.5665,-47.0595,4.9102,74.5963,30.7888,4.5309
31.6506,35.4351,40.1470,32.1531,25.6793,18.9407,-97.0265,-65.0651,5.6856,7.1459,-51.7386,86.2646,-81.0343,31.7574,-33.4691,-3.4912,65.9837,9.9681,23.4719
40.2272,23.3132,25.3941,-7.5099,13.6906,-10.0226,-80.0806,-34.2072,45.9332,39.6901,-39.5862,75.5811,-47.0310,34.1736,-18.9929,7.1915,72.2431,-39.1068,18.1602
45.7692,-3.1399,0.1740,-43.6470,-20.0912,-53.3234,-76.7055,-0.5072,54.5956,46.2069,-6.0847,35.4861,-39.5669,42.1582,-6.3659,41.1774,68.4776,-69.5530,-16.8951
30.8697,-25.1103,-15.1057,-37.8860,-41.1005,-53.7322,-60.8651,25.9535,26.1040,28.9866,24.2967,-1.8710,-27.5384,46.7648,-12.1081,43.9353,36.2003,-40.8793,-55.1542
9.7608,-25.9494,-5.4177,0.3495,-20.9445,-0.8140,-34.9454,42.7883,-8.3161,7.5501,38.9553,2.9397,4.3310,51.2449,-33.1066,5.3895,4.6988,13.4075,-59.1804
20.5975,-6.0847,27.2217,23.4343,9.1437,40.0592,-6.0309,35.7229,-19.2676,-9.5840,31.5290,65.6924,41.5610,73.9198,-35.9899,-16.7735,-7.2273,26.0254,-38.5736
45.9275,0.3663,47.7667,18.4903,19.4997,31.1072,26.4219,18.4949,-7.8397,-21.5259,18.6047,107.2535,69.8744,89.0577,-15.8418,-14.5362,-23.8518,6.4148,-25.3841
35.2791,-18.0040,29.2360,19.4972,18.5745,14.3918,49.3324,20.2903,1.2675,-31.4898,17.4082,72.5804,80.2454,67.5159,-12.0709,-36.7042,-48.3228,17.9576,-22.0176
0.5889,-22.3299,-4.7115,39.8170,11.5997,19.4523,51.5557,26.1619,-7.7550,-51.3783,13.5148,34.0460,70.1903,40.2766,-38.2057,-81.1807,-46.5942,61.5791,-18.9526
-11.1286,-5.4832,-21.0646,55.2653,4.8159,32.8982,56.2438,18.8516,-26.5805,-75.2120,-10.6398,40.4831,50.9757,39.8422,-53.2604,-94.4302,-15.8124,86.8492,-7.9183
1.9169,-6.2694,-14.5410,57.7349,22.1495,63.5706,91.2053,33.2090,-47.4364,-70.7787,-42.5921,45.6772,41.8632,55.5316,-32.1160,-62.7771,7.5119,87.5988,22.9145
13.3794,-20.9304,7.0939,64.2435,53.6414,109.6580,132.9507,80.1308,-70.1545,-32.7052,-59.9656,37.8793,50.5115,68.6958,-12.1434,-37.3012,6.8631,95.4011,58.3518
10.6919,-14.6020,23.0953,76.6137,57.5527,120.3141,136.7448,103.9587,-78.2901,-0.1598,-64.6315,41.3758,57.6404,61.2949,-26.6475,-60.8601,-2.5771,114.0448,71.9021
0.2616,4.5039,17.0407,81.1516,38.0974,92.6514,110.0249,83.7237,-63.6629,5.3384,-79.6582,39.9766,36.3749,30.9518,-45.3035,-96.8006,0.2859,122.5400,80.4194
7.1053,11.0935,13.2124,75.3029,30.4760,86.5403,84.6659,68.8275,-52.8425,8.2707,-108.1051,30.4629,-7.2306,16.1952,-38.0399,-88.3008,26.5736,112.4452,103.3052
38.3116,2.1870,32.4277,62.8696,31.5993,99.2641,61.2727,80.9735,-49.7445,33.4226,-119.9693,32.2049,-32.9439,32.9158,-26.4406,-59.3675,49.7787,90.5102,110.2308
52.8060,-17.7494,44.3938,45.5563,28.4864,75.1910,47.1332,86.7565,-26.9361,69.8789,-99.6382,25.1886,-14.6465,40.4351,-23.0994,-50.4948,26.4956,67.4935,78.0284
30.0037,-29.0752,36.6713,37.3183,40.1744,23.6810,56.4180,67.6965,-11.2474,83.5808,-67.9171,-0.4647,22.8126,30.0339,-14.8417,-28.3872,-19.7521,58.5440,22.7495
14.0938,-9.0395,49.7702,56.4632,76.1976,0.6297,50.5335,33.6754,-49.3453,59.2669,-49.5034,-12.7426,31.9038,33.9062,-16.4639,18.3291,-22.4018,75.8374,-40.2837
30.1847,21.9782,89.1040,90.9464,113.4155,22.0359,1.2043,-8.6432,-93.3453,23.1175,-60.2034,-13.5004,6.2844,37.0992,-37.7925,25.7383,13.0498,105.2029,-86.2292
47.1134,30.0453,108.9989,101.8789,127.1558,56.9143,-38.2724,-44.3368,-74.9204,7.2962,-95.0461,-30.3453,-16.6375,10.3705,-39.3065,-8.9691,28.1200,108.1444,-83.5487
49.5296,17.2302,95.8794,73.4107,102.6619,63.3422,-40.2899,-44.0824,-31.7727,11.9246,-105.6377,-54.1659,-24.4346,-14.9855,-8.8210,-10.7812,14.9775,72.6803,-57.9392
47.7855,-4.6109,71.1002,32.8050,48.0062,35.9556,-52.5876,-3.8302,-15.0719,26.7484,-64.7912,-64.5490,-39.2706,-4.7907,9.4746,27.0532,1.0431,33.6215,-53.7213
33.0761,-22.5364,43.7589,8.9146,7.1961,11.3455,-73.0923,42.3242,9.6098,55.2772,-30.5466,-50.3145,-52.5147,21.4578,8.0841,54.9942,-9.9430,13.4652,-46.1347
-0.1577,-13.0964,14.2239,-3.7097,2.8010,-3.4621,-57.2230,63.6364,64.4528,91.0601,-45.7343,-5.6778,-40.7319,37.2079,17.2465,72.3585,-14.0478,-7.5478,-5.0073
-29.5739,7.1700,-17.2451,-22.4900,-2.6014,-28.9319,-36.0459,64.3343,109.9241,115.3972,-64.0389,36.4260,-31.1032,42.8802,29.9569,93.7055,-0.8488,-38.5124,32.9566
-38.3947,-0.9512,-43.3185,-41.3734,-31.6085,-36.6674,-50.4784,66.8365,128.4255,128.6739,-60.2472,42.8465,-51.5241,49.4725,31.1384,105.9659,12.9224,-57.1567,41.8112
-33.4556,-10.0874,-42.3605,-43.1543,-50.9042,-6.1313,-70.2482,75.8602,131.5967,134.8823,-63.1788,45.9178,-71.0035,57.7593,30.4649,103.8435,13.8549,-55.9831,47.5568
-33.9852,18.3657,-23.0284,-34.4305,-45.6368,3.9908,-78.6411,78.4704,120.9999,121.1622,-53.9670,70.0968,-65.9070,51.6862,23.6533,91.6111,15.9331,-54.1475,62.8294
-54.0722,42.9122,-28.8476,-34.2553,-40.3621,-29.9444,-84.0724,78.0504,108.0257,95.1539,-7.4675,80.2958,-54.7599,30.5215,8.4364,75.9278,17.8458,-59.0742,77.9138
-74.4491,31.3673,-47.3510,-31.6507,-29.4756,-42.2200,-61.7840,87.8818,93.6557,84.4219,22.9151,64.4208,-40.7549,21.0396,3.8737,69.6575,7.4395,-49.7345,86.6872
-65.1180,24.8749,-22.8799,0.0620,12.1257,-9.6274,-21.6763,90.8073,44.1086,78.4981,8.3389,43.8118,-19.2938,23.0280,-1.5606,59.6685,2.0394,-6.4364,72.3905
-45.3304,43.6128,21.0836,43.9116,55.3898,25.5588,-16.4094,63.7107,-26.5288,46.9680,-3.3137,26.4393,-10.1998,13.8052,-26.8319,30.6133,17.9619,45.9649,33.9823
-48.7888,64.8035,22.2671,53.2401,51.5103,47.2986,-19.1909,30.9492,-43.2138,7.8486,-8.9142,32.2628,-5.8772,8.3138,-33.6006,17.6299,31.9941,55.4678,10.7753
-54.2282,80.6030,2.1321,26.9101,16.2113,45.3652,26.5450,24.4917,-2.3329,-2.0347,-40.8010,58.2239,26.9983,13.9362,-0.7249,29.6389,19.4358,22.4226,14.3557
-32.0579,79.2100,4.9446,2.4612,-2.2465,3.2705,74.1438,27.6225,19.6070,9.7337,-58.4681,43.3942,68.0265,-4.1773,18.8595,12.9553,-2.0781,-3.1969,7.1758
-1.6706,54.9453,12.2386,-11.5174,-4.1456,-36.2667,70.5193,24.0429,-2.8923,21.5298,-26.2497,3.5122,74.9153,-23.4197,2.1488,-15.4551,7.6332,-12.6279,-17.3857
11.9973,51.2239,8.1538,-23.2307,-16.5766,-29.8269,58.4685,34.0065,-38.4843,29.9538,5.4664,39.4396,62.2231,21.7396,-13.7690,17.8147,54.6042,-26.7277,-30.4725
7.2313,77.0561,8.5308,-17.5468,-27.5109,-15.9233,68.7904,56.1504,-70.6253,26.5749,11.2105,120.5738,58.3824,91.6845,-18.9654,77.9842,82.4367,-23.8395,-31.0366
-13.3735,71.1181,7.7382,7.6122,-11.2170,-22.9721,74.5683,60.0923,-83.1492,10.2077,24.0270,128.3686,57.5278,102.4594,-22.8423,85.9812,45.6234,9.5906,-28.9425
-32.8681,38.3129,-1.4774,26.8144,13.8365,-11.3256,70.1170,43.5939,-62.2681,-2.8418,30.4867,102.8390,56.5033,84.7494,-20.9867,57.9692,-1.6013,34.4634,-17.4517
-31.0753,50.3309,0.0434,40.0180,16.1381,29.6330,61.4066,19.7240,-40.2312,-21.5683,1.2186,143.9329,60.2016,98.1463,-31.0686,25.2107,10.0743,42.0018,-8.2632
-20.5522,89.6539,14.1179,62.7468,7.4799,58.9704,37.3232,-12.0788,-46.1960,-64.0037,-24.8311,196.5077,56.7858,111.9991,-60.1630,-17.0346,40.2887,61.7608,-18.1098
-14.3967,87.8144,26.5273,79.6291,17.7779,64.3953,13.6479,-36.3639,-53.3933,-100.5128,-21.2926,176.2887,42.7054,90.9334,-66.0356,-44.8333,26.3919,80.3068,-22.6688
0.1663,62.0218,41.5549,82.3421,45.7949,69.5495,12.9999,-39.8522,-49.4276,-105.4681,-26.1720,112.9407,32.5105,48.7814,-46.3473,-61.6478,3.4244,82.4029,-3.3587
19.9827,53.6494,59.7071,92.7737,72.5792,86.5359,8.1813,-54.0618,-69.1496,-111.6367,-36.4533,53.6557,25.8894,0.0945,-55.1423,-111.8454,19.0597,96.5096,3.1381
34.8598,44.5142,77.4324,103.8605,94.7514,99.1882,-29.5263,-90.4179,-110.2801,-123.9200,-5.7488,15.5934,11.7881,-26.5117,-82.4453,-144.0453,44.2667,109.0502,-28.2419
59.5817,27.3859,108.5848,89.2555,116.0193,81.6112,-77.2287,-97.2855,-120.9296,-90.0528,35.4494,11.7895,-6.4219,-7.9289,-74.1603,-86.2713,47.5760,77.5316,-59.7656
83.6258,28.0978,141.2961,64.2529,124.4940,39.8588,-100.1061,-56.5465,-87.2935,-15.2111,25.1779,7.7410,-15.5898,3.8202,-45.5221,-19.6122,37.8566,35.2190,-59.6625
70.4284,32.4474,130.9062,40.2475,97.8359,4.9124,-89.7708,-18.0629,-43.6942,35.5870,3.0773,-34.9363,-7.2003,-32.3583,-27.1283,-17.7792,14.6700,15.6088,-50.7491
36.7205,2.3032,74.4173,-12.2160,36.0869,-25.0299,-58.1870,-2.5013,-5.4756,56.3792,34.7897,-75.3774,9.4821,-55.7532,7.6590,6.1711,-23.6454,-29.6715,-53.0758
17.1816,-48.6800,13.3215,-77.0049,-19.8769,-62.1959,-20.5741,14.0804,33.0965,82.2645,74.6275,-86.0619,15.3172,-36.1936,59.6415,81.6035,-54.1477,-96.2886,-48.2616
-5.0379,-66.2643,-24.2988,-83.6820,-28.8076,-74.5163,16.2085,26.5579,52.3968,92.4211,52.6637,-108.7883,16.5088,-44.6228,71.6714,83.6433,-61.8930,-91.6092,-27.8396
-28.6345,-30.6385,-23.5392,-26.4190,0.6163,-39.2378,41.8859,9.6878,24.4689,47.8320,2.8882,-132.0679,31.9078,-93.7731,28.1097,-20.7715,-48.7231,-11.9443,-14.0300
-16.3708,15.4504,12.7459,31.6615,34.3948,13.9251,44.1908,-27.7790,-34.1995,-26.6672,-15.1958,-98.3568,46.8432,-103.5779,-19.9008,-108.1923,-20.6735,51.8946,-14.9940
6.1239,27.1170,44.4518,63.9310,64.7327,62.1926,38.0278,-49.8094,-76.0621,-70.7132,-13.7198,-40.9232,42.2678,-64.4885,-35.0627,-113.9318,-2.5596,77.4064,-9.6178
-6.2283,19.0456,53.5979,84.5327,97.5047,100.8159,41.1762,-32.1659,-78.5902,-58.7971,-21.6558,-29.3068,34.9897,-48.3419,-28.5048,-95.6247,-14.8678,97.1432,17.5341
-18.3042,24.7829,70.7260,93.4928,123.1378,107.9080,34.6242,5.5778,-53.3803,-16.2989,-37.6429,-41.5159,32.6932,-67.4764,-20.6602,-96.2634,-35.6501,102.3335,56.8326
-3.0971,33.4594,93.6820,85.7415,134.0644,82.3275,12.4370,16.4718,-20.8557,17.1949,-51.6896,-23.3800,20.3783,-66.1017,-7.7494,-77.5654,-42.3512,78.6942,82.3493
0.8297,22.8901,86.6899,64.2683,133.0133,56.0138,7.1061,1.6851,-2.6704,28.4758,-38.4869,21.9035,11.2090,-19.3250,18.2473,-1.5891,-44.5323,40.0783,75.7474
0.8232,2.9828,63.0823,30.6400,115.3652,36.0244,17.4521,11.4505,-7.3198,24.1464,17.3035,66.6280,22.3241,42.6386,36.3485,76.7408,-37.4231,-4.8971,55.5946
38.7971,-13.5743,56.1106,-2.0330,84.4043,12.8079,17.5165,48.3043,-12.0530,16.2031,60.3274,95.6475,32.8652,82.5233,27.7144,79.5748,-7.1294,-43.1927,56.6399
77.6571,-24.7877,54.9787,-16.8694,62.8577,-3.8980,27.6907,68.4853,2.9568,33.3197,35.6374,106.5864,35.0778,95.9482,16.5220,46.7026,20.3205,-55.8882,70.0257
72.3688,-20.4278,46.5761,-22.0937,53.5927,-15.6110,56.2933,68.1948,19.7073,77.1795,-9.1339,111.7809,45.6423,103.0884,23.3044,60.9830,22.6009,-56.2459,58.8161
59.5250,-2.3392,40.0386,-27.1523,33.4411,-36.0952,52.5477,60.2921,18.6215,80.3665,-12.3237,111.9839,45.8247,102.0987,23.7397,80.9741,21.8456,-58.4450,29.8401
60.9164,3.2696,28.7371,-18.2375,5.6840,-51.6560,10.0657,28.8473,10.0227,12.0384,2.5433,83.1600,13.3727,66.4719,2.3351,27.7620,23.6116,-40.1573,22.3805
44.4939,-15.1678,7.3605,2.5860,-2.4694,-41.3863,-12.1136,-10.8286,7.0341,-44.8982,5.7442,24.8470,-19.6052,3.5871,-13.3113,-51.8567,2.2829,-2.1919,43.7677
15.7824,-37.8083,-7.0535,7.9405,0.9055,-9.4803,0.9483,-17.8172,10.6493,-36.7297,6.3682,-22.7884,-26.4273,-40.9854,-0.6595,-75.2687,-32.2256,13.4196,71.4033
5.4698,-40.8230,-14.8586,-4.2028,-16.2198,22.8830,21.4159,-15.9074,18.6280,-24.9248,-8.5501,-33.4560,-26.4541,-53.3752,24.3052,-63.5435,-43.3814,2.0762,87.8674
6.2449,-19.6044,-25.9899,-10.5722,-45.0786,28.3556,47.7758,-40.7626,20.4683,-40.3871,-45.0735,-22.5100,-21.3319,-63.7349,30.3698,-78.8246,-29.5092,-1.4150,88.4267
10.4693,7.0230,-22.4993,-8.8433,-47.1273,6.0474,76.2711,-44.6653,12.2325,-33.0957,-60.3321,-17.0663,10.5084,-83.3849,10.0062,-122.8348,-10.9034,3.6520,83.9410
25.2556,15.9902,0.5427,-12.3788,-19.6302,-3.2509,83.7844,8.8578,13.6823,-1.8707,-43.2785,-28.1002,50.4263,-90.1271,-5.8710,-146.8774,3.3112,-5.3223,87.8166
34.8175,9.0382,13.6080,-21.1778,2.1695,11.7165,73.4358,61.5337,25.4216,9.3630,-29.5798,-44.8746,59.3621,-74.5746,7.8702,-114.0890,8.7968,-22.9612,88.7448
33.3430,6.3217,15.0937,-29.8619,2.2551,11.3330,61.2112,76.0774,11.7200,12.7654,-14.1964,-47.0523,42.1905,-49.8673,25.2713,-47.1599,14.3778,-35.6291,71.9745
44.5423,17.0192,31.0137,-36.1300,2.5409,-8.4881,48.8028,93.5857,-28.9926,34.0678,16.6676,-29.2527,33.6123,-23.3313,16.2754,-0.8262,40.5709,-45.2782,52.1278
61.7798,34.4475,47.3427,-33.3678,17.3700,-15.3775,45.1077,118.0131,-50.7740,46.6684,21.7247,-6.6971,41.9325,1.3680,-3.0625,8.3375,80.6298,-46.8994,43.1381
59.5082,47.1249,35.0250,-20.1250,25.2638,-9.6387,48.1214,97.6405,-43.1927,23.0734,-13.2174,3.2717,41.5534,7.8803,-15.8980,-9.9430,108.7203,-31.4260,34.8469
56.4063,49.3021,17.2498,-4.9948,11.0745,6.4571,29.1538,41.1910,-41.5243,-22.4962,-42.0875,-4.7470,15.0573,-11.0044,-31.8278,-55.9683,124.5492,-8.0810,26.4406
71.6249,45.9686,26.6031,12.3994,-0.0599,48.2230,-8.4707,13.0637,-52.8448,-55.2241,-59.2502,-17.7740,-23.5975,-28.3707,-46.4379,-101.3439,135.7458,15.6412,33.1791
73.1314,39.8296,39.3441,37.2597,9.1708,89.2171,-29.5184,18.9564,-52.5889,-52.9712,-90.0501,-11.6232,-57.0602,-16.1413,-47.2360,-100.5999,128.4875,45.7273,52.1307
42.5201,31.3544,23.9796,55.5340,10.4989,95.6703,-41.7458,5.2257,-40.3804,-40.6402,-103.4823,15.6292,-83.7349,6.7418,-46.7403,-73.8027,104.7959,69.5051,59.5680
14.2316,34.8245,4.9571,53.6144,-8.6786,90.8670,-69.2033,-42.5970,-36.0317,-55.5453,-76.7849,33.7877,-96.0421,2.8315,-53.1788,-69.5906,92.5307,65.8558,40.1867
10.5684,52.1396,17.0500,50.4507,-5.1445,92.1315,-79.2465,-77.5247,-39.2856,-66.9858,-64.5655,30.3062,-80.4000,-13.6902,-49.7964,-68.2127,87.2321,54.3276,7.4153
12.5674,56.5439,45.2038,65.6950,43.4178,80.8741,-41.9448,-64.6698,-35.9872,-31.0222,-93.5971,33.6517,-44.9780,3.4725,-32.2470,-30.1921,60.8674,65.0698,-10.8242
9.2735,49.7748,62.3604,79.7381,90.5689,66.0239,-1.7549,-31.0004,-28.1198,7.8131,-110.1574,58.2296,-11.5933,47.4677,-15.1789,24.9119,31.1092,75.2013,-16.9900
14.8661,63.8464,72.9157,68.0249,94.8286,59.7519,1.5557,-21.3853,-27.1472,-1.6124,-92.4475,81.6816,9.3632,72.8001,-0.5110,67.2315,31.9442,50.5335,-37.0340
28.2962,79.2124,75.9779,41.8941,69.9775,40.0155,3.9343,-25.5737,-26.7923,-18.6564,-76.4160,94.6541,18.5662,79.7059,18.1059,97.6078,37.4151,13.3337,-52.8649
19.9625,52.7519,51.2569,22.1980,38.6018,16.8570,32.5974,2.7085,-13.5655,-0.2677,-59.5372,99.9198,21.2917,88.7146,32.9316,109.2076,5.9915,0.8113,-25.1745
-21.3634,13.3659,8.0612,10.6328,3.0769,22.8946,36.7385,52.2922,3.6509,25.1440,-16.7031,75.0116,14.3559,75.8818,29.8914,92.1315,-35.5761,7.8392,12.6782
-60.1172,9.8713,-21.4658,4.7072,-31.0596,32.0327,-17.3811,53.5249,10.5216,22.8979,17.0851,21.5618,-15.7919,32.1309,11.3337,67.5562,-37.3013,14.5922,-0.8501
-66.3120,26.0795,-37.9774,5.0836,-53.8685,14.5655,-64.3915,-11.7137,15.5169,-9.5983,0.2174,-1.6867,-50.6460,4.4817,-3.2176,51.1763,-10.0683,17.4944,-42.8688
-61.3404,35.1702,-59.5236,5.8644,-67.1661,2.8961,-42.9483,-81.0351,29.5213,-55.4972,-36.9858,24.3652,-44.3293,4.1930,-3.8839,22.4702,4.0071,16.7518,-54.6010
-68.9873,42.0672,-78.4251,0.0631,-77.9117,11.5437,4.7879,-102.7183,47.8700,-76.3296,-55.2102,44.6999,-7.7606,-5.2960,2.1970,-14.6849,-2.1553,10.2620,-39.1911
-70.0472,40.8783,-82.7552,-13.6435,-87.5143,8.0542,23.4592,-76.3295,64.8302,-52.2640,-64.6113,40.1465,1.8596,-9.6548,15.2059,-9.2199,-7.8618,-4.0478,-20.6218
-50.3580,21.3696,-77.9289,-31.1728,-86.8745,-7.7630,32.8049,-19.1999,72.5330,-12.0334,-69.2428,38.9981,-12.1144,18.3497,36.9324,41.8767,-4.2140,-24.7145,6.7896
-35.0616,-5.2041,-66.5599,-42.0060,-61.6768,-12.3511,56.5904,38.3982,63.7039,29.4207,-49.1960,24.5343,-2.6448,29.9272,49.8677,67.4874,-6.8243,-38.2514,38.7597
-38.5439,-31.5150,-49.7572,-45.1324,-21.2901,-18.3945,72.9849,67.8315,56.2197,87.1344,-13.6290,-23.7387,24.8424,-7.0794,48.5813,48.0342,-30.8255,-41.4694,56.7194
-39.3405,-55.2140,-39.3829,-59.0284,-0.8116,-44.0143,74.5473,87.3402,69.8316,143.9919,10.7747,-61.5155,37.0125,-34.9465,57.6346,49.9292,-57.6363,-59.3459,67.5531
-26.0405,-69.5462,-41.9528,-86.1049,-8.5494,-73.1045,79.0961,124.0061,87.7835,171.4857,21.2395,-66.6493,33.8712,-23.4280,79.0451,88.0798,-58.6910,-93.6827,84.3398
-14.4482,-83.3117,-48.9732,-95.8234,-12.8995,-81.4116,82.2738,147.1267,91.7384,177.2608,19.9815,-77.4669,27.5429,-14.3363,82.5761,96.5658,-47.2260,-101.6871,91.5803
-12.0293,-91.6062,-45.2741,-73.0918,-2.1061,-63.7225,70.5804,125.4566,84.4907,159.9167,5.9960,-94.2766,23.7621,-20.7887,64.0508,61.1149,-49.9608,-69.2865,69.5380
-11.0908,-62.5919,-23.3323,-40.5134,-1.1389,-34.1371,49.0026,89.5282,58.1188,103.4673,-4.6756,-85.4245,21.6147,-25.0183,46.3093,32.9008,-55.3006,-31.6397,33.8141
-14.8569,-23.5635,-3.5897,-19.9309,-17.8484,-8.9766,27.3441,70.2765,20.6341,49.6291,-0.4097,-70.1580,3.4983,-34.6700,38.9240,25.1605,-56.7930,-8.4738,26.6367
-31.4814,-44.7004,-14.1365,-16.5223,-31.4498,12.1739,16.5704,66.5675,16.0325,63.4806,12.9435,-70.5402,-26.2718,-43.0831,39.9194,20.0076,-78.0571,1.9206,59.4874
-51.1863,-97.2403,-40.4689,-27.7889,-34.3586,32.7295,23.8074,84.6965,43.0364,122.8297,32.1898,-64.2684,-27.2259,-25.7126,42.6110,23.7462,-103.4824,-4.6418,86.5268
-63.3544,-95.1686,-51.3478,-37.1236,-35.8894,43.1865,35.0158,110.2280,52.4881,142.1556,41.5259,-53.5767,-0.7524,-6.3066,39.5122,37.3769,-93.5718,-14.9647,71.6166
-75.4738,-52.5094,-55.6721,-31.4784,-37.6387,40.5248,34.8928,95.6088,46.0155,96.5330,26.0280,-62.0031,10.5074,-20.0196,36.6498,37.9413,-69.1666,-10.4070,41.3352
-83.3475,-29.6017,-63.2254,-27.7495,-41.1392,30.6809,27.3774,51.2189,40.7183,45.4836,28.8168,-66.9616,13.3422,-43.3637,30.8709,17.1903,-59.2377,-9.2998,22.4710
-62.3848,-17.5022,-49.5301,-39.6483,-53.3489,10.6929,18.2022,38.5269,1.5913,30.4922,83.9435,-49.1032,33.7621,-42.4049,4.8581,-4.5122,-35.2932,-26.1939,-5.3276
-15.8067,-0.6464,-15.4662,-45.6600,-56.3004,-13.5563,13.9924,50.9107,-61.9855,14.0243,124.0366,-39.4181,50.6054,-20.8830,-19.3858,-0.4699,5.5606,-34.4735,-51.4174
24.0948,-0.5509,10.2223,-27.9931,-17.2624,-18.7299,20.2731,37.2364,-82.6188,-36.5339,99.5457,-44.2840,55.1617,10.0963,-11.7589,24.4498,22.9466,-21.8577,-90.2853
49.5720,-6.2241,31.4948,-2.4536,39.3595,-2.7444,9.5243,3.5112,-75.3952,-79.0948,75.4620,-33.7829,62.7438,35.1715,-13.4360,21.6319,34.5709,-7.8960,-113.9246
67.4852,9.9645,51.0262,9.9781,41.8522,6.1941,-43.5602,-26.2357,-91.9628,-83.7805,81.7539,-26.0393,45.8116,25.1887,-54.6885,-25.5399,74.0300,2.2331,-135.6617
63.8353,29.3112,37.5718,2.9434,-12.7641,-11.6633,-94.0811,-60.8225,-91.6544,-88.6820,61.1329,-61.3650,-6.2183,-21.2579,-72.0014,-57.3658,97.3505,6.4460,-151.1298
40.9068,25.3052,-4.2910,-21.1797,-50.8995,-45.9797,-90.0091,-87.7566,-45.4476,-104.1941,24.0739,-112.6568,-37.3636,-66.5675,-33.5056,-41.5303,78.5775,-13.7227,-138.2614
28.4412,2.4936,-37.4283,-50.0708,-53.8043,-67.8378,-58.7565,-73.7037,-5.8497,-93.1748,22.4123,-127.9843,-39.8865,-82.3981,2.3500,-22.6080,67.1185,-49.5777,-81.5565
22.1726,-23.5094,-68.7880,-66.1782,-71.4082,-63.2005,-44.2586,-30.8099,22.3924,-70.3473,14.9448,-114.6143,-66.4187,-72.9490,14.9160,-20.3358,71.8191,-63.8380,-1.0545
-1.6020,-26.4408,-104.9684,-63.2718,-104.6526,-52.8590,-45.1854,-4.4751,62.1062,-76.3543,-28.3568,-101.3204,-102.2194,-60.0110,25.4322,-13.6654,64.0328,-50.4131,43.7125
-20.6406,8.7662,-103.3308,-50.2522,-109.7470,-52.1416,-59.6209,-15.7911,60.6713,-84.5682,-39.9858,-81.6689,-101.2413,-59.7209,11.8078,-13.6256,71.9045,-36.7290,24.2249
-10.2570,40.2262,-60.5032,-38.2931,-86.0454,-41.0611,-88.9549,-42.5080,11.1815,-56.7920,-6.5728,-54.7915,-87.0167,-62.2400,-25.0803,-27.0328,104.0465,-34.0933,-12.3065
3.3747,22.7957,-27.4956,-27.8117,-52.9889,-15.8467,-107.0470,-43.9250,-3.1670,-13.0314,9.5174,-50.8797,-82.9953,-52.0681,-34.9164,-25.3615,97.3858,-28.7550,-23.5820
-0.2236,-10.9044,-13.0008,-15.4560,-19.0033,-11.0970,-104.5930,-24.6270,10.6113,18.1164,19.5078,-67.7341,-69.5146,-43.7587,-26.6385,-15.1068,48.4804,-14.7268,-27.4845
-13.7518,-9.9659,-4.6076,-10.0228,-13.6724,-34.2588,-104.8316,-32.6026,-8.1771,29.0665,58.5182,-61.6056,-56.3687,-52.0333,-36.7016,-17.4243,19.8545,-7.8505,-37.5649
-46.2585,4.5705,-23.3406,-15.5751,-37.5963,-48.2503,-102.6604,-56.0883,-9.3232,23.5310,77.2524,-35.3130,-59.1216,-52.3165,-31.1306,5.1541,1.7057,-13.7651,-39.7795
-90.3336,-10.4366,-54.3679,-13.0973,-27.4984,-34.5000,-78.6526,-39.4044,36.1626,26.9803,49.4040,-39.9540,-54.0894,-26.2839,9.9167,73.8672,-41.9250,-9.3107,-42.7152
-97.3511,-38.4233,-46.9921,3.3116,19.5103,-11.8714,-55.2161,-12.3257,38.6552,44.3751,27.6014,-75.1687,-44.3116,-3.8648,36.4105,127.7528,-69.3642,11.6483,-62.1837
-65.2245,-39.9518,-19.3744,9.9458,22.6197,4.2324,-49.4944,-28.1337,-7.2297,36.2410,21.8124,-91.3832,-50.6853,-8.0064,34.2781,122.5267,-55.9685,22.3367,-81.6366
-50.5685,-26.4993,-21.2105,3.6751,-17.0972,19.8483,-31.6025,-34.2267,-6.2397,8.9411,-1.8455,-78.2264,-42.5373,-9.2277,37.2003,94.8574,-53.7824,20.9218,-82.8456
-60.4576,-38.7558,-36.6895,2.9424,-24.8896,38.0837,5.8873,7.3778,28.8548,17.2505,-23.9455,-63.0948,-11.0379,17.3943,49.1592,94.2765,-80.6164,26.1269,-72.0867
-55.0126,-76.3235,-42.6655,-2.5244,-16.0772,40.1508,19.4599,22.1998,32.7580,41.4114,-15.9990,-62.8125,-13.8251,41.9841,61.4312,119.8600,-96.1985,22.1562,-62.6553
-37.5986,-99.9718,-55.7438,-24.1435,-43.4046,16.8855,-5.6410,-7.2815,33.8251,27.1802,-2.7219,-80.5114,-54.2321,33.4128,72.9688,131.1138,-90.1444,-1.4950,-59.9492
-33.1791,-90.5126,-65.1931,-38.8432,-72.9186,-1.5629,-26.3454,4.0176,50.3528,10.3724,-0.9916,-94.4647,-71.6411,13.5120,73.7042,116.1418,-81.4319,-16.7168,-45.1789
-36.9300,-66.2760,-51.4414,-42.9947,-72.7759,3.9568,-14.8071,57.0965,41.1482,30.8312,12.9196,-73.0627,-65.0157,9.3986,74.7350,118.5547,-75.3686,-26.1637,6.5377
-45.8476,-52.7598,-47.3849,-57.7341,-74.4912,4.9957,6.0682,73.9480,17.7189,39.9370,50.8604,-42.3549,-63.6427,5.3514,89.5326,143.0991,-74.4648,-51.8742,60.5637
-60.0977,-51.0014,-64.0826,-61.6988,-74.5916,-9.0090,11.9821,51.6202,6.5583,11.8718,88.9934,-43.6417,-44.9984,-9.5977,76.7092,119.8512,-71.6249,-56.2701,51.9356
-50.9207,-31.5920,-46.6310,-22.6020,-39.4224,-4.5236,7.2602,20.8130,-23.5707,-20.2284,94.9774,-31.4296,-0.5284,-10.6741,12.5151,32.0190,-44.8241,-9.4021,-1.5721
-9.3518,18.1445,18.7249,34.6786,13.6027,26.6839,2.9741,-27.3647,-68.2678,-59.9736,65.6074,38.2370,35.7834,6.3132,-44.4286,-52.5905,-11.0745,41.1480,-27.9618
17.6010,50.8513,70.8535,71.4194,56.8049,58.9254,7.5312,-71.2753,-76.1706,-106.6760,37.4516,90.9344,60.0457,11.1422,-49.7497,-93.6587,-22.6621,62.6631,-21.1344
1.9003,24.3286,72.0322,75.2768,81.3127,77.2038,27.4988,-72.3962,-58.2233,-101.2426,41.5285,62.5690,78.4047,-0.1909,-22.1354,-81.1236,-75.2509,66.0321,-19.5358
-21.8788,-21.3712,37.8340,40.3684,55.5029,68.8502,47.6380,-63.6905,-55.4358,-52.4257,67.7193,17.7446,68.4064,-3.2161,12.9953,-16.9433,-101.8336,38.6538,-30.6138
-21.1388,-31.6614,-5.0987,-5.9152,-17.4864,34.8199,44.6924,-87.7672,-56.5679,-56.1047,90.4556,24.3773,45.5996,6.8450,23.2308,16.0768,-77.9455,-5.4751,-51.0477
-7.5327,-18.8236,-28.3577,-9.9443,-57.1735,14.3479,34.3309,-116.3040,-44.5017,-111.5364,90.9940,62.5426,55.9685,21.9296,-9.7956,-41.3172,-49.5700,-6.4602,-73.4542
-1.6432,-7.5894,-20.7966,14.9280,-30.5897,19.8202,42.6354,-116.4828,-33.1844,-122.0466,68.4535,100.7172,80.8194,42.5439,-36.3765,-82.8893,-39.4626,17.7013,-70.9084
0.6398,6.0469,-7.5004,11.1129,-2.5744,13.4994,47.4744,-104.3595,-34.8260,-85.7445,58.0837,124.0027,77.5889,60.3670,-25.2910,-35.0085,-16.2443,0.4377,-54.6207
16.9729,10.9531,-3.8062,-8.9324,-9.3534,-5.2233,23.4935,-102.7479,-52.2108,-78.7735,81.5431,115.3424,61.4623,61.3992,-27.9686,-9.9347,22.3697,-27.2166,-67.8611
46.0341,-2.7709,7.0184,-1.8358,-18.2318,-7.2158,-7.0676,-111.4635,-72.5512,-95.8719,92.2264,93.8051,44.0563,52.1840,-55.9405,-56.5799,37.6138,-11.8091,-84.5143
62.3866,-6.3284,25.9180,16.4490,-7.6266,-7.4050,-26.0907,-113.3741,-72.0847,-83.6041,60.6766,97.0335,7.2126,48.5382,-60.1561,-69.0248,35.2978,8.5039,-53.0625
56.5734,10.5065,35.2952,24.1871,17.4513,-15.8063,-44.1944,-102.3639,-65.6659,-61.2682,45.6032,111.4081,-18.6816,48.1805,-59.0365,-46.9600,53.5349,7.0574,-16.5680
54.2715,16.1893,41.8718,36.6346,47.3320,-6.7216,-59.9444,-108.4020,-91.0175,-81.2627,86.6700,102.0277,2.4147,35.3393,-93.3226,-88.2813,77.8617,17.9663,-33.5767
74.4652,8.9907,61.8469,53.6078,64.2105,8.7753,-73.1418,-145.6135,-141.5915,-138.6310,138.4378,76.5322,22.9346,9.1208,-126.9740,-157.8350,81.3589,39.2746,-68.6293
100.9323,16.8157,89.0634,64.8505,68.4467,11.2070,-96.8566,-165.4215,-186.1094,-189.4173,163.4273,63.2290,6.8417,-3.5531,-135.9763,-173.2481,88.3701,49.7094,-81.4915
107.6478,31.1177,107.8655,76.4902,80.2133,30.5736,-106.0276,-138.0288,-203.1544,-200.8401,164.7648,69.5208,7.5616,15.0664,-138.9623,-155.7296,97.7849,60.3918,-90.5668
83.9050,26.7196,99.9708,70.4440,81.2194,57.9935,-66.5792,-106.7088,-167.6518,-167.7762,138.7966,75.4190,41.8485,34.7073,-107.2117,-116.8920,61.5593,54.3339,-94.3496
41.8142,10.3271,53.1809,25.3289,35.9553,35.7496,-16.6168,-96.7314,-89.7876,-118.7743,96.0760,53.6547,45.1432,21.8798,-30.7897,-40.2920,0.7902,7.6982,-71.9456
12.1587,-3.2770,-3.0163,-16.1886,-24.1098,-9.0708,-5.2154,-78.4624,-32.2043,-86.0675,63.0028,14.0810,9.7898,-2.9613,10.3061,1.8337,-14.5201,-26.1955,-42.1324
8.6289,-15.2542,-23.2194,-8.0534,-37.2146,-3.2826,-4.4638,-48.1290,-17.1806,-65.5031,29.0752,-5.0544,-6.5249,-10.0988,-10.3045,-39.7498,1.0597,-1.0275,-18.3415
9.6018,-24.8850,-16.1619,15.6610,-10.9591,29.7457,24.3410,-33.0179,-8.3338,-44.8536,-17.5081,-7.0652,0.0527,-13.2409,-13.0948,-73.2243,-7.2619,30.5579,16.3675
3.9971,-24.0898,-17.9293,7.1209,0.2043,30.9991,64.4838,-30.2887,6.6112,-35.6416,-49.1328,-20.8216,2.6798,-29.3137,27.6094,-43.5837,-24.0184,16.4395,51.5583
7.0943,-11.5622,-24.2816,-17.3007,-16.9140,12.4495,88.8080,-19.3645,23.8671,-30.0361,-63.8130,-31.7873,11.4538,-47.2421,53.0181,-29.8912,-21.1628,-13.9127,68.7709
8.9804,-0.2006,-20.9517,-20.6083,-30.1698,2.4275,89.3916,6.2278,47.2684,6.3373,-83.4662,-22.5586,19.4611,-56.5036,40.7319,-61.0456,-19.1579,-15.2285,88.0162
-15.0295,-5.0822,-21.4458,-1.2773,-18.5991,0.4080,70.2103,41.1058,44.5005,60.7378,-83.0467,-20.5473,-4.3584,-55.3750,17.9770,-63.1856,-25.1392,14.7246,115.1617
-40.3476,-18.8353,-24.6818,16.1736,4.5445,7.5373,55.4727,61.6079,3.1037,82.1939,-52.0138,-36.5655,-35.7448,-48.7662,8.1349,-26.2248,-23.8335,41.6831,124.2833
-32.8620,-19.8242,-13.9585,11.8005,14.8813,15.2945,63.2059,50.5911,-5.5719,76.3874,-47.5129,-48.4448,-29.6155,-58.1174,21.9065,-16.7375,-27.0577,31.7758,120.8470
-20.1242,-9.8311,-7.0706,-9.3939,4.8152,0.6305,71.6400,36.4141,46.2106,89.8337,-79.5357,-59.0673,-5.8705,-87.0573,43.1061,-37.8852,-41.0152,-1.1902,121.5281
-27.4365,-5.2399,-22.0924,-23.4978,-14.2562,-30.3991,57.5074,37.6641,74.7605,109.8298,-89.1829,-75.9274,-5.1461,-98.0411,38.5665,-40.0147,-35.1757,-13.5602,99.4473
-14.8690,0.4378,-26.6974,-15.5357,-24.9946,-43.4624,29.3459,13.5900,36.4540,77.3267,-81.3731,-77.9051,-24.5718,-73.7828,11.7944,-28.0525,6.0223,2.5765,38.1141
36.2366,18.5131,4.6162,7.3669,-12.5822,-20.9249,4.1631,-47.2257,-16.6188,-8.1018,-101.3623,-65.6859,-42.6216,-45.1437,-2.0030,-27.2612,55.4829,21.9010,-25.2040
73.1477,34.3862,41.3577,22.2535,19.7851,13.0349,-2.0665,-82.1389,-46.4462,-72.1718,-114.9231,-63.1403,-37.6792,-28.6941,9.7923,-9.8516,77.0801,24.2105,-63.1843
67.5044,32.4198,50.4689,11.3389,43.2005,12.3903,18.9046,-68.1899,-50.8856,-71.5435,-76.2475,-60.9029,5.8339,-12.5759,28.1080,31.5578,58.6652,2.2585,-89.9328
51.6091,21.9528,37.0300,-7.1725,38.9668,-21.6578,46.7393,-58.5468,-32.9474,-56.8315,-29.5119,-41.7364,60.7687,0.6448,29.6915,37.2069,24.2043,-20.3889,-111.8361
41.8070,22.7021,19.9317,2.2870,27.8243,-30.1921,59.0392,-74.1269,-18.1656,-79.3570,-34.2964,-14.1013,77.2373,8.1349,13.6801,-0.7815,11.4389,-5.1964,-111.8126
31.2624,41.1789,13.2836,28.7142,30.4937,-3.4209,61.5773,-87.7919,-17.2477,-99.1493,-82.3216,22.3138,54.5957,24.7803,6.0632,-8.1097,26.3468,25.9148,-87.5503
32.1583,56.6353,15.6842,25.0109,28.2780,-4.2134,58.7314,-100.6001,-0.9236,-74.2625,-119.2930,61.4790,32.9808,43.4581,19.8646,27.6142,41.7381,12.3371,-67.5487
41.4761,38.7859,4.2654,-12.0454,1.8284,-42.2387,42.8242,-117.6690,24.4773,-50.9880,-92.2361,61.5574,27.7632,39.7617,33.0609,45.1663,37.3012,-35.4011,-74.0390
27.7358,-2.9417,-25.2412,-38.0067,-26.2273,-55.1416,23.5245,-106.0683,19.9035,-58.7087,-13.7243,18.3481,24.8288,23.9010,30.4994,40.6606,16.3266,-54.2743,-86.5015
-3.3584,-19.6703,-37.7896,-31.0587,-28.1746,-29.2486,15.3937,-63.8226,1.3410,-45.9438,25.6767,-9.1073,17.0014,17.1086,22.0106,43.8370,-1.1767,-33.9690,-74.8983
-15.2175,5.8429,-19.6250,-12.8027,-16.0101,-14.5453,13.8191,-40.9827,7.5316,-2.7119,-15.4654,-8.0350,9.7949,1.2221,15.9145,34.3251,-0.8460,-12.3575,-50.1424
-13.8565,31.1806,-7.0810,-11.3580,-16.1426,-36.8118,11.6872,-44.6778,27.9025,18.5911,-58.6158,-30.9376,2.9374,-40.0999,20.7839,14.3636,-1.9526,-11.9398,-35.3540
-26.8668,18.9399,-23.1909,-31.6635,-32.4799,-73.7120,5.7333,-34.3849,41.2566,19.5288,-37.6936,-80.2085,-12.1098,-74.6901,42.4261,31.8889,-26.8552,-30.3512,-25.7003
-42.9146,-11.3624,-46.5505,-55.6100,-56.0148,-91.0024,-5.0306,-13.9669,50.6524,30.6233,5.9418,-100.9203,-30.3085,-74.9889,61.5555,68.8534,-53.5584,-52.6064,-15.0820
-44.8701,-22.0159,-57.8216,-67.6511,-79.1489,-81.5684,-6.9882,-9.1676,61.5110,38.9823,14.8974,-85.5361,-34.0396,-64.8186,64.3525,69.4085,-58.3156,-64.5378,-5.0350
-48.6556,-16.7190,-62.2205,-71.3148,-90.7960,-71.5547,4.9112,4.3957,81.4552,48.3286,-3.6154,-79.1666,-26.0068,-69.4765,68.7627,54.9838,-63.6720,-67.3543,13.1616
-64.5790,-20.8985,-67.7070,-72.5563,-88.0019,-72.1205,10.4448,38.8647,109.5402,72.9145,-13.6898,-95.0376,-18.6928,-75.8906,78.3514,60.2699,-85.5532,-65.9412,26.7335
-77.3411,-26.4584,-78.5990,-69.6447,-87.2429,-68.0584,7.4770,43.4394,123.8073,62.7132,-2.7383,-96.9405,-1.7683,-69.8952,71.5579,50.5829,-97.1422,-60.4078,8.8690
-79.9205,-15.1400,-94.2636,-63.1075,-95.4106,-65.0421,17.0138,10.2500,123.8766,6.5582,6.4255,-61.2764,24.2070,-56.3175,52.5887,13.4473,-87.5307,-54.4213,-9.9490
-82.4166,-6.0362,-99.8429,-52.8965,-92.6045,-68.4628,36.2781,15.0035,129.4905,3.2359,-10.0814,-14.7253,30.1066,-33.0518,44.5293,4.8074,-82.8791,-44.5008,16.4896
-89.0524,-13.7562,-84.5994,-37.6888,-67.9033,-47.6692,48.9767,80.5250,126.2807,74.9783,-31.7546,7.7246,20.1390,3.1556,46.9175,45.5933,-87.9088,-25.0122,53.6563
-92.1868,-11.4450,-63.5674,-24.8153,-39.5040,-4.2028,52.2577,127.3337,98.0777,107.5676,-24.5878,17.0191,27.9976,36.4434,44.3842,85.9172,-75.5554,-11.7489,47.2479
-86.6359,11.1141,-54.7276,-17.2098,-27.5159,9.9927,37.8915,100.7396,69.6386,61.7266,1.2562,42.6858,43.3330,54.0404,26.2751,85.0980,-44.3947,-12.1506,9.6740
-79.5330,25.5252,-53.5252,-6.6502,-35.8936,-10.8287,5.7126,32.5391,53.1607,12.2471,20.4128,74.3430,37.4582,59.7843,-1.6478,58.9968,-31.8912,-4.8875,-31.5999
-76.4939,24.0268,-49.6161,2.1849,-53.5270,-22.1194,-16.5715,-25.9428,37.5208,-14.5851,28.6622,83.3275,19.5990,55.7835,-9.7315,48.9459,-49.8881,7.4264,-62.8548
-63.4602,23.9534,-41.4329,-0.5957,-56.9611,-8.9057,-21.0302,-44.3477,36.1521,-34.4174,14.5706,76.1285,1.3734,48.1799,9.2270,58.8609,-51.0282,-0.0858,-54.2955
-30.8112,25.9361,-26.3084,-5.5176,-40.9865,13.4409,-24.3163,-16.9111,52.5808,-20.5819,-24.4701,76.5116,-13.9505,50.0514,15.9574,49.5886,-10.6782,-14.7961,-9.5255
-6.0322,21.2910,-11.7836,-11.8965,-41.1517,16.3145,-17.0908,22.3849,58.7042,31.5434,-40.6585,84.7300,-8.5341,53.7575,2.7638,22.8593,10.2461,-20.8913,19.3305
-18.4737,5.3376,-23.7798,-37.2753,-76.9538,-30.5580,3.1752,34.6296,63.0840,71.2393,-2.6951,86.0760,5.1480,46.0197,12.8949,36.0543,-34.4182,-41.5962,22.3521
-47.5178,-21.1452,-57.9055,-65.6754,-103.8401,-91.3002,2.3380,30.8670,89.8676,77.0457,41.5748,73.7538,-5.6950,40.7833,42.1932,85.5361,-86.1796,-71.2262,26.0940
-50.8785,-32.3593,-60.7141,-58.5516,-81.8655,-90.5255,-21.3582,33.9044,98.5854,65.2039,49.6698,55.4493,-15.2459,43.6424,39.0763,91.9850,-83.2704,-65.8857,17.6655
-24.5433,-9.5648,-13.7431,-26.8557,-42.8683,-44.3880,-33.1406,23.2979,53.8922,36.6818,48.4352,47.5326,5.4313,34.6007,10.7091,46.2090,-58.8420,-35.1640,-12.3902
0.4343,9.1872,22.8889,-15.3535,-33.7002,-28.2594,-30.2619,-14.5719,9.6292,-1.2608,57.9325,48.9497,16.0346,19.7765,8.9591,28.1177,-59.4999,-28.0891,-34.0642
4.1368,-8.1754,8.1751,-31.2318,-46.3369,-48.0186,-17.0300,-39.5500,14.4490,-11.9809,52.6746,30.5617,4.4837,15.5231,34.8983,56.0328,-70.4901,-44.3568,-40.6751
-4.7022,-25.4834,-13.3747,-45.4234,-44.9727,-71.3078,23.3812,-20.2519,27.6636,26.3389,29.1304,-18.2827,17.1612,-6.9840,48.7248,60.6641,-71.8642,-49.0773,-36.7385
-12.5570,-10.9336,2.0676,-37.8056,-19.5306,-86.5273,70.2152,15.9956,5.0801,88.3145,17.2506,-56.9351,45.8680,-63.4843,33.7438,11.4174,-69.0363,-31.6379,3.3167
-17.8565,13.1624,27.3279,-17.5905,8.9536,-74.7615,82.3494,32.5227,-23.5156,126.7755,18.9209,-49.7202,52.8921,-103.7451,4.9188,-48.2285,-55.1742,-10.1980,62.6063
-16.3113,23.8338,27.0869,-10.9034,16.9315,-43.0239,71.5728,30.4307,-20.3143,123.3169,12.8126,-21.7044,55.5498,-93.2628,-14.3640,-74.0968,-22.2954,-8.2274,74.4835
-3.7819,18.0969,17.2464,-17.7845,11.4070,-32.8542,65.5535,35.0489,-10.1259,109.5300,3.4444,-11.0700,61.0400,-56.1260,-15.9734,-54.9481,4.0323,-16.8645,40.6042
-1.1706,5.6107,25.9516,-5.4284,20.2368,-22.0596,61.6684,65.2525,-26.7100,120.2543,3.0763,-5.7149,52.2511,-13.7515,-13.7312,-8.1661,-3.6579,2.1180,18.0267
-24.4642,15.6984,44.2081,26.7212,36.9745,28.8265,55.0903,100.2764,-46.5184,132.7632,3.3019,18.5094,56.2043,21.8062,-21.5398,20.6554,-25.2621,42.0455,4.3057
-42.2053,44.8646,42.1327,38.7911,25.1149,55.7797,34.9703,86.7537,-47.2534,94.0566,11.0893,39.3155,70.9438,28.1114,-39.2228,3.8537,-20.5540,54.6361,-29.7855
-29.4061,41.4840,16.7768,31.9488,-6.9612,18.0637,-8.0853,24.4089,-65.4795,8.0373,45.0490,30.7923,33.0461,15.4296,-58.7078,-23.6052,6.5950,49.4304,-53.4903
-14.5134,11.7269,2.2593,49.0831,-7.4660,11.5896,-37.2584,-9.1455,-113.1833,-56.9383,66.4201,19.2808,-37.7797,18.5084,-70.9956,-29.2193,26.0753,76.4790,-26.9654
-10.5416,20.5523,23.0468,89.9738,32.5766,77.4351,-26.8197,16.5530,-135.0370,-62.4961,20.5187,34.8420,-55.6985,31.9045,-79.4955,-44.9284,45.5183,122.6417,21.9978
7.3294,59.8232,56.0386,113.2207,68.8582,113.1399,-20.4715,29.5356,-118.1885,-46.2435,-45.3545,60.7701,-35.0980,32.1682,-94.5786,-84.4038,81.7596,137.3707,40.2745
22.9406,72.7007,65.5827,104.8962,76.9460,78.5871,-37.1224,-8.7622,-110.4868,-39.8786,-50.5263,73.7924,-41.1444,22.8597,-98.3792,-86.6434,102.8088,115.8527,34.4872
1.1046,68.8725,54.7780,85.7261,74.4689,50.3286,-35.8028,-37.2283,-107.5577,-14.5463,-36.6853,70.4402,-65.9398,6.4799,-65.8329,-28.5724,84.8741,87.1851,53.9775
-27.0844,75.2710,47.4162,76.8510,81.1687,54.0332,-14.9133,-21.4928,-74.3903,34.9415,-80.9882,47.7845,-77.5734,-15.2484,-24.8813,19.3693,65.2683,75.0116,87.6995
-20.8310,73.3123,43.9558,78.6206,91.1200,45.3126,0.3139,-16.3137,-41.3733,48.1758,-135.6244,20.7751,-65.5958,-17.5292,-15.5765,18.3343,66.9364,80.2603,67.5993
-4.4477,62.1775,30.6496,70.3783,77.9311,17.0000,16.7012,-57.9674,-42.7674,10.0905,-134.9528,16.5215,-40.1349,-2.4012,-17.5679,14.0459,67.7826,75.2162,3.7767
-5.4679,58.5151,8.8912,44.0389,31.9724,2.4090,16.4192,-95.2339,-40.2430,-2.2713,-133.2969,13.3903,-58.8119,-9.0269,2.0341,36.9522,67.3684,48.7178,-10.5926
-18.9658,44.0149,-15.2177,20.6172,-15.3144,19.5334,-13.1383,-62.9458,5.5089,59.0535,-184.0921,-18.2409,-131.2979,-28.2980,31.8411,69.3489,70.2303,31.3520,44.9572
-46.7456,22.2904,-44.8434,11.2983,-35.9709,51.6387,-0.3717,18.9066,74.5518,138.2338,-242.7030,-24.8607,-146.5496,-11.1199,53.1251,92.0143,53.6869,32.6485,97.9342
-72.1070,40.5571,-66.5568,9.4648,-42.6279,68.6815,67.3223,60.1248,123.2314,159.4265,-277.9149,41.9497,-74.0452,34.1092,57.2959,88.7814,39.1837,30.4680,105.2474
-56.6620,89.3232,-52.6913,21.6121,-47.8263,72.6151,63.2271,31.1315,128.4393,124.4323,-308.1968,112.0479,-51.2680,63.0372,34.3415,64.0692,73.9071,32.7673,80.6646
-24.3846,102.5443,-21.2219,42.7656,-44.6586,83.0858,-43.7996,7.7874,118.8090,97.8859,-316.7307,113.0596,-123.9871,72.1729,4.3642,58.6776,116.5303,48.3155,57.5208
-32.6762,75.8309,-22.4532,42.4804,-40.1740,80.6008,-117.3612,27.8779,142.7487,110.9303,-286.7472,84.1566,-175.4982,66.9800,3.3517,76.2965,101.5708,45.5595,71.0697
-58.1913,68.1701,-41.6608,27.8063,-39.9603,46.2487,-106.6131,24.8743,175.3555,119.3796,-262.5842,74.1059,-162.6712,35.3103,16.6656,66.5301,66.5540,25.4752,102.2618
-45.6694,92.7083,-22.8555,35.4858,-27.2683,15.7531,-88.1007,-21.3116,155.1801,85.2747,-262.3110,71.1958,-137.8188,3.0574,11.1459,31.1772,61.8206,28.8801,86.7056
-12.8599,100.5898,11.2518,48.1927,-9.0707,8.9482,-75.3066,-32.3879,111.7282,33.3987,-234.5696,72.3115,-100.0676,15.8177,1.7630,19.5896,54.8988,40.2475,35.4422
6.2569,74.7538,9.2200,33.5121,-6.1183,1.0075,-42.9611,13.4962,104.1969,-14.6084,-163.7942,87.0415,-40.2429,55.5200,4.7147,19.0138,31.2888,21.7980,19.4233
28.0511,58.6801,15.2202,27.1429,9.6872,6.0002,-31.2057,47.3944,87.9919,-63.4829,-100.1182,92.3512,-3.9296,69.1686,-3.1345,-7.0860,31.5140,8.8547,30.7361
61.7119,62.4301,73.1724,56.0693,55.9708,49.4833,-56.9699,37.8003,13.1764,-86.4723,-66.5101,64.1186,-9.7924,48.8491,-25.2456,-36.1685,48.3569,36.1855,17.9677
83.1363,29.2784,110.1509,63.5187,74.4156,78.1515,-70.3932,15.1321,-45.1582,-55.2068,-35.8497,4.8237,-26.7927,12.4151,-28.4770,-49.4914,32.4055,51.1984,0.7821
83.5763,-51.5959,74.8756,12.8143,38.2433,42.4305,-56.2116,9.6078,-10.1193,2.5862,8.0911,-63.7638,-28.7393,-30.7729,-2.0909,-64.4997,-19.3735,6.9435,17.7705
74.6994,-112.2868,35.0898,-40.8292,10.6888,-8.8213,-41.6957,33.3721,64.5815,50.3073,49.8312,-101.9583,-9.6403,-60.0172,27.6871,-75.8606,-73.5026,-51.6013,54.0370
65.1749,-128.5043,31.0427,-48.0680,19.8101,-22.7784,-29.0100,64.1001,95.8579,69.8172,68.3121,-107.5182,14.0572,-68.5402,35.1906,-88.5998,-108.7984,-61.5642,80.2027
64.1608,-139.8894,22.0519,-30.8315,23.8956,-16.0448,-12.0564,62.2929,82.7719,36.5473,65.5565,-138.5399,24.0653,-89.4235,19.0102,-142.3292,-116.7326,-29.0927,79.6764
76.4452,-154.3217,8.4148,-22.6219,18.3247,-8.6674,-4.5998,45.7650,51.2954,-27.1539,76.1933,-197.0167,28.4857,-120.5548,-0.1085,-201.9120,-101.4240,-4.2575,54.7392
91.2937,-161.7914,22.0909,-26.8441,30.3045,-3.8836,-8.9531,60.8493,-2.2858,-41.1675,128.1297,-209.0693,27.5504,-108.7728,-4.1749,-174.9160,-82.1350,-9.9285,38.7439
97.5273,-175.3533,39.5394,-37.6589,48.3093,-18.2393,-3.2902,84.7942,-66.4744,2.3622,195.2549,-177.1346,16.1453,-67.5588,-0.2281,-93.9174,-70.0471,-28.3043,46.7471
97.7563,-177.2727,37.1165,-50.2918,56.8716,-46.5587,24.6285,71.0786,-96.9479,23.7864,227.7184,-164.2704,32.6936,-69.5096,-4.3776,-83.9538,-56.8230,-45.0986,50.7371
98.3284,-136.9300,36.9641,-57.3297,62.6384,-57.9791,47.3655,37.0058,-78.2047,3.3946,217.1808,-145.8763,85.2731,-100.8626,-19.2728,-145.4421,-31.1846,-64.3150,45.0496
96.5183,-86.1011,42.4713,-58.0963,59.5640,-57.7300,27.4808,14.9219,-40.4660,-3.8216,189.1422,-86.7474,99.9865,-96.9199,-33.7189,-170.2072,1.4935,-83.0580,49.6584
86.2107,-65.1666,36.0357,-64.0240,48.0818,-73.5644,-10.9336,-0.1961,-3.1995,18.3615,156.2085,-56.5925,62.4349,-85.8387,-26.4846,-134.1766,17.9823,-99.7853,59.0443
73.6729,-61.7513,22.2750,-84.4400,45.4796,-101.8585,-8.6666,-15.4522,34.5687,34.0931,125.1188,-94.7153,46.2957,-119.4403,10.5893,-99.8191,9.7364,-127.5870,68.9028
71.0314,-60.5758,5.5759,-108.6685,38.0790,-129.0598,18.2021,-23.6596,53.3581,14.8213,113.8120,-132.3675,48.4555,-151.8347,48.2173,-79.8858,2.8367,-157.4920,83.5572
76.9310,-55.8182,-9.8700,-113.5177,11.2938,-148.4789,11.7229,-13.7989,32.1831,-32.2758,116.0871,-133.8071,13.8636,-131.8257,58.3072,-38.9377,19.1279,-156.8696,80.6006
90.0756,-38.9452,0.7925,-96.8829,5.2629,-139.5619,0.3501,23.0738,-1.6213,-63.8277,96.2316,-126.1808,-19.0513,-91.5007,60.1440,11.0428,42.1401,-132.3784,69.2675
117.1724,-40.0679,29.1890,-88.3251,38.2205,-108.8470,41.9533,68.1095,-1.3516,-49.0294,58.9602,-109.3239,1.3799,-63.3261,80.8661,28.5708,42.9306,-129.5738,100.9322
137.0182,-82.0271,23.2926,-108.2823,49.6019,-112.6370,86.8411,85.1863,32.1882,-19.4881,60.9173,-84.0216,30.1560,-39.4817,102.7356,26.8829,20.5683,-158.6649,142.9052
114.9348,-108.5686,-19.3370,-132.0541,7.4666,-160.5506,55.6571,68.2944,56.6363,-21.3781,111.9545,-74.6779,18.0626,-23.6340,94.1763,42.3718,2.4478,-179.2295,114.3706
70.9474,-80.1146,-43.7256,-120.6429,-30.1579,-182.4431,-13.4238,29.5061,54.7970,-52.7817,140.7107,-58.6838,-12.3387,-19.3979,62.4559,52.9046,2.0175,-160.0583,54.5069
52.0673,-41.2590,-30.8094,-79.2275,-18.9796,-148.8570,-30.8646,-17.5456,56.7183,-84.8069,104.4527,-1.5289,-14.0244,-6.1545,41.3308,27.7779,-3.5229,-119.2557,42.8856
52.2273,-21.7599,-9.9169,-50.6413,7.9949,-109.5007,1.6877,-31.4414,74.3795,-94.1980,60.7872,56.5141,28.4325,22.0435,40.4526,6.1980,-24.0254,-95.9065,42.2561
43.7827,-14.7415,-1.9464,-47.9668,14.0917,-86.9829,13.5783,10.1321,61.9031,-80.3987,83.2364,68.1786,68.0654,51.7673,31.3128,23.3559,-25.6548,-90.7638,7.9503
34.8059,-26.0373,-0.5289,-38.8845,14.7039,-53.5403,-22.5450,55.4424,-1.2449,-78.2010,156.7928,64.2095,53.1240,80.9545,-4.7925,40.7234,3.1181,-70.7435,-14.4983
34.6765,-27.2655,12.5227,-10.2433,29.5070,-8.7732,-65.5539,61.6677,-53.9518,-106.1054,200.1904,88.7542,23.7038,105.7303,-41.1051,30.4382,27.4869,-37.7326,-9.7624
38.3901,16.4821,37.1702,9.4625,41.1947,21.4547,-80.6822,59.0042,-48.1576,-124.6153,171.0946,125.9645,33.8113,113.9335,-53.5550,12.8041,46.0166,-26.4293,-12.7275
57.8552,52.1634,53.7319,11.1660,43.5742,37.1856,-98.6426,90.0695,-6.2678,-105.8841,111.1508,138.0070,40.8605,113.4564,-66.3421,-19.6870,88.3932,-32.4578,-2.7718
93.7085,41.3381,69.8772,23.1628,69.1922,48.3961,-163.9600,170.6231,48.6656,-75.9442,77.6216,126.4831,11.8954,122.7927,-102.5826,-78.4336,133.5369,-23.4035,44.6645
109.2179,46.1707,103.6069,49.9776,114.1357,46.1381,-233.9393,261.3838,93.6615,-51.1743,68.7566,119.7843,-3.8039,135.0990,-133.2684,-106.6210,140.2890,-1.8073,75.6971
81.0646,78.4607,114.4452,57.5879,113.5665,25.0467,-198.4575,244.8996,63.8981,-20.3777,52.1651,121.4920,9.8370,125.6072,-117.2450,-56.2814,114.9898,11.2348,46.5133
25.0290,75.9101,61.2752,32.0647,49.9843,0.1614,-42.8839,77.7883,-44.2738,11.1116,29.3408,122.5540,22.1241,92.8905,-60.0484,32.0996,79.4607,10.8449,-8.6541
-31.6667,56.5082,-4.4468,1.5308,-9.1606,-11.6390,83.2578,-88.3152,-112.0812,28.3234,21.4018,142.2890,30.0867,72.8484,-6.8505,103.0642,44.0111,-4.4522,-44.3072
-64.4325,61.6292,-22.1997,-4.6811,-21.8507,-8.5208,52.6735,-125.7318,-69.4599,28.4822,24.3054,184.5774,16.3992,93.0993,9.7231,145.6991,19.5920,-23.0152,-54.0625
-70.8293,50.8873,-16.3129,12.8382,-16.9638,0.4818,-53.7968,-109.4697,-1.4121,16.5617,23.9418,205.5364,-34.1693,128.7045,1.6094,162.9250,-5.0622,-14.7713,-59.7986
-80.4435,19.7072,-20.1210,30.8085,-21.6368,9.2100,-73.9462,-119.4725,6.8445,10.1723,23.6712,192.4533,-52.7437,141.2670,2.3225,167.4480,-52.3285,15.6758,-82.6323
-107.0483,19.8367,-26.4567,29.5616,-33.8139,16.3565,-0.0552,-104.3492,-8.7403,21.6364,24.3036,176.4781,0.4589,132.5138,24.8021,180.1640,-105.6947,28.4165,-102.6094
-129.0129,29.9439,-40.1208,14.2341,-51.1559,17.9557,64.9676,-27.8802,12.9926,39.7893,6.2341,151.2600,43.2589,121.8309,57.0915,197.5537,-137.7352,21.5456,-78.8609
-135.6149,21.8114,-62.2059,5.5498,-71.3707,13.8382,91.3048,70.8474,54.2688,66.5083,-42.7461,118.1535,30.7411,124.6145,79.7122,212.9864,-144.9458,26.5727,-25.5380
-135.4415,40.5393,-64.2411,11.1650,-82.6009,11.1493,100.5793,146.5808,71.4708,108.6818,-98.2493,139.4554,14.1257,158.5067,78.4548,241.2709,-121.8512,40.2291,5.2231
-134.5103,72.6653,-53.8333,19.9607,-74.4733,7.8442,75.9089,159.0757,81.5811,131.3617,-120.8486,205.7657,1.4198,204.1256,63.5694,272.7586,-85.6798,38.3010,9.1877
-142.8413,48.4845,-70.5093,21.7815,-58.9749,-0.9125,23.4167,119.5537,116.4881,121.8229,-109.0188,212.2086,-33.8415,208.3022,58.6190,273.4258,-85.2865,30.3923,15.9305
-155.9993,0.1158,-95.4394,17.2231,-65.7440,-1.8642,0.8665,112.3543,144.1373,139.4918,-107.8297,144.9713,-63.8537,171.9651,63.0418,250.3272,-113.0301,38.1383,23.4956
-145.1017,-7.0991,-82.1637,8.8885,-87.3249,8.8242,25.3133,155.4257,136.4390,200.6483,-146.7158,76.7406,-62.8719,135.3744,73.4888,239.4936,-122.5994,47.9874,19.2680
-116.6994,-3.7027,-51.6083,-3.6434,-75.7315,5.2124,64.9455,171.5576,138.0812,235.0790,-194.8199,13.0291,-43.9702,95.0384,108.8051,246.9535,-132.1287,34.9007,14.8531
-111.1770,-20.9221,-51.6122,-16.1312,-41.4743,-16.1724,101.8899,147.2444,161.0968,216.9791,-206.5344,-45.1711,-17.6619,56.0504,150.6985,255.7370,-160.5214,13.1560,12.4350
-122.6068,-29.1375,-74.1267,-17.9174,-51.5106,-19.8717,116.4311,121.7736,146.3250,188.9151,-183.7484,-38.2035,-6.6585,61.8968,143.2267,248.6817,-159.8930,16.3993,-5.0178
-123.1164,-22.1855,-86.7257,-8.9474,-94.8630,-0.6283,87.6075,68.4681,106.3077,162.2545,-164.0301,9.1852,-31.8211,80.8052,102.3282,216.2334,-130.9843,35.2736,-30.8159
-128.2180,-15.0359,-91.9898,-8.0834,-111.2131,3.4811,47.4952,-26.8265,117.1981,127.1873,-169.2886,6.5011,-60.2309,40.9501,99.2143,180.3223,-133.6463,29.8203,-44.1964
-144.8976,-3.4399,-107.7754,-25.6217,-124.6719,-19.1521,35.1964,-95.4801,162.3816,103.7203,-183.8328,-19.6593,-61.5558,-12.2769,123.2324,166.6274,-153.9426,1.1101,-53.9819
-144.8711,-2.7858,-122.8406,-40.3606,-159.8942,-39.1175,27.9635,-98.5164,177.4483,106.4737,-172.7611,-2.9113,-54.2501,-6.0180,111.1180,149.8791,-152.7805,-11.3952,-68.4160
-130.5074,-30.3056,-110.0212,-28.8995,-144.5056,-37.1861,6.1781,-64.7014,165.2667,121.9308,-124.8721,8.2977,-46.8175,9.8303,74.0451,106.3840,-157.9608,4.3335,-57.1807
-119.5174,-52.4215,-73.5753,-2.1846,-62.5721,-22.4545,-1.0245,-18.6796,136.4662,127.7717,-75.6077,-23.1098,-36.9148,-10.4179,57.3367,73.5823,-165.3117,25.6251,-7.5533
-96.7856,-38.1017,-44.6467,12.3781,-11.1854,-11.9501,15.7917,21.8913,87.1460,108.1206,-59.4335,-28.6787,-34.3217,-13.8948,50.9395,71.1280,-126.3224,33.4045,37.4767
-65.1284,-12.4740,-32.9546,6.8516,-16.9228,-12.0930,33.0076,44.4714,56.8009,80.0073,-52.5367,7.1944,-17.5739,8.7276,35.6776,58.2533,-76.3667,22.4781,46.5903
-55.0288,-13.2542,-26.9038,-9.0020,-19.6654,-14.2218,43.1551,66.3015,58.3951,76.8942,-16.1980,2.4945,23.1390,3.5078,30.6569,35.6132,-78.6024,1.7001,35.8415
-57.7138,-39.1330,-25.8852,-23.7649,-15.0045,-14.4026,45.0640,95.2936,42.7830,86.6818,27.6960,-58.4834,31.9283,-17.0146,44.5237,54.0498,-98.2724,-8.9910,20.3231
-47.0198,-47.6294,-25.7635,-24.7164,-14.7106,-25.3963,36.9474,118.2168,9.7166,78.2995,35.1907,-96.3446,6.2863,-11.5830,47.2484,88.9608,-78.4770,-1.8411,4.2991
-30.2873,-10.6373,-8.4927,-4.7216,11.8062,-45.8872,36.8506,141.6372,-5.3522,62.2392,17.7569,-77.6502,23.9969,1.0390,13.9026,63.8189,-32.4614,17.1315,-4.5320
-19.6318,31.0432,14.7621,23.3037,40.6660,-49.8181,41.7381,152.5436,-20.2618,42.5818,11.1790,-53.6947,70.7339,0.5442,-35.2760,-5.2225,0.0868,45.8844,-24.5668
-23.4426,32.4254,7.2171,38.8569,17.2398,-31.7498,19.8719,101.8507,-38.7303,-4.6395,16.0153,-57.5115,66.3181,-3.4639,-59.3267,-42.6767,-2.1530,73.4141,-76.2806
-50.4126,22.7376,-25.6068,39.9930,-19.2836,-16.9751,-9.0287,11.2393,-27.1493,-53.9068,19.5273,-52.1259,41.3282,-10.5393,-56.6771,-47.8403,-23.7516,78.8832,-117.0325
-65.6037,28.8332,-39.2038,38.1955,-14.7590,-12.8651,-1.0582,-27.6546,-7.6295,-55.4012,18.9987,-7.5758,52.8078,-5.4167,-58.6059,-59.0838,-21.8399,66.9605,-101.5240
-32.2803,19.5857,-23.8661,37.1736,-8.1471,-5.5238,16.0995,-2.1965,-11.3191,-33.1265,7.5559,38.7807,57.6519,34.0673,-64.2213,-61.7723,-2.9490,61.0043,-71.8505
1.5184,0.6585,-10.1582,39.4650,-25.4700,1.4919,8.0400,16.9069,-11.9315,-40.2750,-8.7554,51.8537,40.7349,72.8996,-58.5043,-47.0050,-11.8320,67.9578,-81.0485
-13.3212,24.0717,-5.0657,57.0930,-15.3757,6.3676,2.3840,13.7797,-9.9320,-71.2025,-5.9550,61.4944,61.7732,74.2809,-69.5456,-59.1820,-22.0336,85.7637,-104.4526
-30.9677,79.2915,16.9576,87.7579,34.3206,34.2095,-3.0369,33.3511,-28.3781,-93.1514,11.9017,97.1220,109.3963,76.3871,-111.3512,-98.1966,15.0282,107.2982,-110.2143
-18.0766,107.8817,52.0336,103.2657,64.5003,79.9560,-33.1137,70.3924,-40.0603,-90.6601,19.8671,133.5028,121.3640,109.0100,-131.9088,-93.2895,51.2052,110.6441,-115.9248
-22.5175,94.4601,55.6224,89.6661,48.1911,87.8973,-25.9433,65.6839,-47.5289,-58.0246,23.1018,142.6425,108.8896,131.1030,-101.2656,-25.2459,26.0030,95.4412,-129.3320
-60.3559,65.2836,18.6382,70.4068,15.8613,48.6029,56.0095,9.9455,-95.2971,-13.5316,32.7363,133.7986,100.9388,117.9966,-62.4462,42.0558,-21.0335,92.9235,-129.0760
-84.4259,52.2573,-7.5764,68.2945,-0.8721,28.6069,105.4049,-36.6663,-140.3654,5.1349,29.8347,128.9364,79.1128,99.5859,-49.8309,64.8843,-31.8258,104.9264,-110.7198
-80.0921,62.4342,4.3697,75.6704,9.4409,55.0437,64.3482,-42.0075,-115.0472,1.8484,5.5239,137.7622,48.1306,96.9181,-46.0889,64.1480,-19.7764,101.8455,-87.1411
-73.2153,59.3345,18.5458,73.1435,30.8811,77.3254,28.2865,-31.8416,-57.7774,21.5013,-21.5602,148.1100,35.1264,107.7065,-27.2090,82.2057,-24.8341,81.4546,-67.9456
-75.4953,28.8037,6.6337,53.4930,20.9195,66.9053,30.7893,-12.9267,-15.8075,66.2753,-43.1496,136.4623,19.7367,125.4701,8.0678,137.1696,-52.1332,59.9746,-62.8293
-84.9713,16.7370,-15.4456,30.7710,-25.9850,45.6282,11.1148,31.1793,19.9934,85.2533,-61.6872,102.7462,-17.5739,130.9799,37.8283,191.7810,-72.4590,45.5094,-64.5673
-92.8979,33.9377,-25.0234,31.1422,-40.4418,27.1192,-4.6796,79.6798,34.5502,68.7794,-74.4988,71.4880,-38.2805,111.6667,37.8538,187.3607,-65.6240,52.6887,-41.4823
-83.7305,39.4731,-10.2000,53.9478,14.9956,15.5475,22.4109,106.1801,22.5340,71.0135,-86.2465,54.3507,-21.5255,84.8317,19.1113,135.8596,-48.2419,76.1863,8.0342
-59.3871,38.9245,21.0322,61.6375,58.0656,14.7990,28.6693,117.7390,19.5556,105.5447,-99.2078,43.7628,-11.5422,66.1098,11.5249,107.0772,-34.2457,76.3122,36.1423
-32.4656,49.2266,34.9202,38.8160,21.9803,6.6170,6.8765,111.2246,5.9107,115.2494,-98.6613,32.8488,-34.8707,53.0704,17.2744,115.8905,-12.5518,50.1015,26.3273
-2.7080,33.3372,22.6137,17.2444,-18.8742,-11.1088,26.6749,83.2098,-43.8816,81.3599,-78.0145,23.2701,-57.1023,49.0517,22.0623,115.9127,10.7203,35.6412,26.3124
17.2370,-3.7996,13.2031,15.1509,0.5622,-2.7288,41.6988,67.4453,-54.0521,48.5318,-53.0527,24.1217,-55.5413,56.1137,21.7186,92.2543,17.4633,30.2817,52.0267
2.9722,-5.9460,4.1837,11.7117,12.1694,23.6447,-16.1212,71.5965,17.9008,31.8149,-45.7298,31.4986,-53.6455,61.0476,20.9585,78.7737,12.5790,10.4081,51.3554
-22.4365,3.4694,-23.0715,-2.3196,-21.0245,19.8932,-61.5931,63.8006,82.3311,18.9135,-63.8434,20.1358,-65.9645,61.0312,32.3337,97.9497,2.6277,-6.6626,15.0913
-10.5824,-24.5074,-31.0766,-9.1257,-23.6630,10.3540,-40.5538,60.7007,76.0257,26.7588,-79.4964,-6.3557,-76.7549,67.4001,50.4909,123.0113,-3.5203,-6.4868,6.9722
24.4732,-40.6393,5.5460,-1.5084,14.3033,46.0431,-38.0653,89.8035,41.2930,50.5399,-59.1410,-3.3790,-72.5996,72.9271,37.8845,101.0091,18.2812,-4.6391,41.0707
31.3598,-7.1352,29.8582,10.4024,16.6797,80.3344,-65.1008,101.6928,24.7807,44.0971,-31.5895,29.6859,-55.4542,57.1659,-6.8382,24.7152,49.0398,1.7476,62.7318
9.3115,13.8593,7.3093,20.2636,-9.7851,53.3443,-53.5463,58.6253,32.1927,11.9352,-42.6931,32.4290,-42.9344,20.2054,-29.5170,-42.4341,36.6862,22.8829,57.9265
-10.0161,-7.0354,-19.5251,22.3322,-11.1996,4.9706,-39.0332,3.8146,44.8906,-0.7364,-55.2508,-12.9248,-53.4587,-21.0269,-18.9135,-55.9898,1.0126,35.0880,48.0661
-15.5225,-23.2004,-28.3224,3.7701,-9.6864,-19.9095,-61.2827,-34.5135,43.8694,-1.5669,-18.0713,-56.2230,-61.6679,-56.2536,-12.6210,-51.3122,-2.9257,11.1845,25.9286
-1.7107,-21.3261,-33.0276,-33.1723,-28.0301,-41.1380,-49.2675,-63.3602,41.3566,-10.8221,22.9469,-67.0768,-26.8436,-81.1814,-7.8204,-67.7457,10.5347,-37.4804,2.2779
28.4676,-17.9872,-26.3968,-55.5661,-34.8659,-62.3266,8.9408,-65.6073,36.2831,-6.5614,17.0028,-59.2214,17.7973,-90.4130,1.8977,-92.4385,19.3504,-65.3612,11.5611
41.7241,-3.2646,-8.0545,-40.3141,-26.5225,-60.1285,26.0993,-52.0816,-8.7442,4.0921,13.6436,-41.8818,16.9718,-86.4386,-19.2339,-109.0996,42.7677,-43.8750,28.5080
24.6288,18.0073,2.1025,-17.0344,-19.9381,-44.5589,-2.4214,-73.2527,-65.7693,-17.2798,62.7990,-12.1900,7.4857,-80.5868,-55.8565,-118.1034,58.0147,-17.6246,13.0708
12.9245,18.7164,7.7679,-22.1272,-6.2636,-37.7583,-11.7654,-110.9305,-63.3795,-53.7556,123.1892,18.1829,39.1429,-74.8743,-49.4279,-112.1187,28.5504,-40.0390,-6.4486
24.0609,7.6609,15.5117,-33.4082,4.0942,-43.4654,-1.8915,-104.1431,-42.1294,-74.6515,143.7887,23.1238,68.7839,-62.1123,-28.0609,-97.9711,0.2509,-62.9395,-15.0313
36.2241,13.5514,14.5362,-15.7063,-4.4975,-54.0818,-2.7901,-69.5293,-80.6868,-105.4981,134.9509,-4.9338,58.5035,-48.5890,-51.1337,-102.3800,24.5000,-24.9911,-46.8471
44.3572,30.2689,16.6202,7.2847,-3.0439,-43.8287,-9.7568,-56.2975,-127.8635,-150.6895,124.5953,-36.5360,46.7200,-49.0030,-77.2934,-117.8906,63.1237,14.6933,-79.0935
52.4587,28.7158,28.5292,-0.6069,13.0070,-9.1964,-7.9631,-59.1871,-110.2752,-161.1480,116.6868,-44.5958,52.1623,-56.8288,-49.4947,-106.3909,58.7106,-6.8576,-63.3932
41.1545,-1.6313,12.8169,-22.1976,3.8567,-3.8581,9.5880,-63.8204,-61.7860,-135.1595,102.8330,-39.9373,46.2778,-49.2173,-1.3643,-61.8217,12.9779,-36.7210,-35.2621
12.9609,-39.7159,-33.1663,-29.5526,-17.1872,-44.1190,30.1256,-75.9943,-24.2115,-116.2368,79.4934,-37.7251,24.2468,-23.9376,24.8953,-10.8593,-29.8599,-33.1383,-34.9446
6.2933,-55.5092,-52.3565,-32.0855,-13.3745,-71.2901,26.0760,-87.7083,2.7637,-103.3908,57.9888,-35.6374,5.2620,-9.3434,34.2076,16.7373,-32.6344,-36.0315,-34.7338
21.0724,-47.2510,-39.4771,-40.5136,-18.1182,-74.1932,3.4205,-94.7050,5.8250,-84.5149,58.9216,-40.1720,-1.2471,-28.6735,23.1665,-7.4103,-12.6064,-50.1992,-31.1003
14.8223,-40.1067,-49.9755,-40.6284,-58.0716,-92.9252,-12.1378,-110.2668,-8.7223,-88.3130,80.1000,-54.6377,-2.0143,-65.4217,-13.9308,-77.4384,-11.8281,-35.3204,-43.1622
-9.1935,-48.3924,-85.1636,-25.7383,-80.3825,-103.6306,-21.8956,-124.8729,-6.5785,-116.6463,84.7077,-63.2066,-17.2879,-83.3788,-45.7308,-135.9844,-15.2733,-1.8339,-34.8316
-2.6407,-60.3398,-90.3512,-10.7763,-53.1016,-73.3215,-20.2197,-115.6697,-1.5008,-126.2843,51.4275,-69.5276,-39.7186,-77.3222,-45.4412,-144.7622,10.1649,14.1068,2.2524
35.8174,-51.9992,-53.6010,-4.3334,-22.2333,-48.2443,-0.7207,-101.8227,-28.9383,-119.9582,17.2084,-86.2577,-33.8598,-73.8700,-35.0113,-133.3736,40.0915,16.0617,-0.7707
58.2412,-18.5789,-19.2809,1.5330,-26.9034,-55.5050,-4.8967,-126.8566,-71.4053,-136.7906,20.4092,-90.7164,-17.1958,-85.8770,-48.3874,-143.8777,53.8344,21.7244,-53.6733
54.6378,3.2415,-16.7989,6.3606,-50.2485,-52.4561,-34.6994,-182.2158,-92.2067,-152.0587,31.9514,-73.1086,-26.3490,-100.5303,-75.5010,-175.8697,70.0689,27.7551,-84.6729
58.5852,-15.1514,-26.0862,-3.0285,-58.1369,-27.4989,-18.9366,-205.2630,-85.1911,-119.0236,18.0576,-66.9005,-21.4814,-105.7514,-78.5602,-201.7272,80.4431,19.4353,-74.3192
69.5657,-41.3612,-21.1745,-19.3067,-37.3059,-11.8988,26.8805,-173.4522,-66.4591,-72.2755,13.1381,-77.6506,17.9792,-103.1318,-58.5591,-200.4606,68.6567,-1.8783,-54.6878
55.6326,-41.2944,-12.2430,-16.0304,-2.9443,-14.2602,15.1155,-136.4376,-58.0519,-60.5461,40.8390,-82.1827,22.9119,-101.2655,-52.1040,-175.0648,57.2673,-7.6982,-34.1407
29.5474,-30.0916,-7.1475,6.5767,23.8589,-29.6288,-27.7422,-122.6058,-70.5747,-60.6097,61.8030,-87.5269,-10.7903,-101.8871,-64.0441,-146.0072,53.7996,15.3911,-27.3334
28.7231,-12.0583,19.2535,29.8215,46.2284,-44.4403,-38.8291,-105.7339,-104.0568,-60.8116,70.1300,-93.2202,-11.2518,-94.7152,-76.4057,-125.8052,47.6645,43.3267,-53.8268
35.3212,26.5085,64.6071,61.8007,82.1486,-25.0022,-63.1332,-85.8356,-156.0951,-93.6817,98.2413,-76.0903,-3.1649,-80.7884,-97.9123,-116.7705,59.5511,70.8038,-75.2067
19.2913,56.3450,87.4696,105.5113,125.7422,25.1595,-113.9833,-83.5961,-196.9956,-130.4904,114.5605,-60.6996,-39.8365,-83.2882,-127.4331,-127.5229,89.3921,111.4906,-47.5154
11.2221,55.6292,85.9597,122.6858,139.0554,51.3902,-120.9843,-75.0915,-195.3397,-118.8898,85.8265,-78.8240,-66.4154,-107.5960,-136.1839,-158.4898,101.0942,135.3116,-4.1220
28.3336,63.0526,83.2108,101.8933,102.9359,32.6984,-104.8696,-50.6957,-177.2879,-107.1904,69.0037,-87.5109,-53.1190,-121.9373,-133.8352,-185.2163,105.0253,117.7830,3.8417
24.4478,87.3376,60.0214,86.1348,55.3815,1.7582,-127.2788,-56.4777,-166.3783,-151.8023,90.4674,-52.0115,-54.9753,-104.6340,-147.3496,-187.2952,122.8773,99.7981,-15.7765
-5.6951,81.8564,7.3796,82.3860,30.1651,-18.2986,-132.2864,-94.6174,-126.7799,-200.8649,85.9702,-16.9473,-62.5185,-75.5246,-144.8506,-173.3818,116.8641,96.7779,-30.3196
-9.0934,45.2766,-32.0195,53.6669,4.6010,-31.2927,-77.6681,-110.0292,-55.8718,-202.0396,44.3392,-20.5885,-35.7257,-64.7682,-96.7044,-158.3015,71.8291,67.3137,-28.1930
12.2543,13.3018,-40.7488,13.9892,-24.9416,-41.5231,-38.0565,-95.5718,-6.5879,-174.9255,17.6833,-46.9606,-18.0687,-71.9035,-47.2255,-141.9907,36.6171,23.7980,-16.6343
21.0524,-13.0661,-40.7522,5.0851,-18.9294,-41.9073,-41.5361,-86.7473,12.1961,-137.0918,2.8606,-65.1757,-29.5506,-65.7234,-33.7313,-121.1309,31.3354,14.2140,-15.5247
30.7308,-31.3635,-32.9666,5.1334,-1.6086,-29.1531,-28.8663,-96.7368,17.4538,-103.7450,-11.0344,-50.6820,-14.6406,-35.7851,-28.1866,-97.8919,29.0909,11.0925,-40.3930
47.8364,-23.7688,-19.6435,-23.4430,-32.8867,-24.8846,8.2692,-125.9092,-0.8682,-101.6810,12.7485,-17.0272,28.6940,-22.3127,-7.6649,-77.4164,14.5391,-27.0227,-75.9012
41.2692,-13.1010,-22.9205,-54.8386,-73.8784,-41.5226,33.6143,-156.6557,-22.6511,-107.0390,58.1720,-11.5921,53.6902,-45.7603,10.2387,-67.6563,-7.6073,-63.1093,-91.5612
25.4391,-26.9466,-33.5273,-56.3495,-65.1693,-44.1245,47.3632,-149.0190,-18.1882,-85.5460,64.9680,-30.3829,60.4130,-58.9930,12.9341,-70.0918,-20.5372,-60.5956,-81.1129
34.0102,-44.2548,-29.8236,-48.7759,-48.6185,-17.1603,61.6766,-104.8655,-20.6955,-59.0709,51.7503,-31.9766,64.0177,-37.9055,8.0332,-71.3074,-10.1366,-47.3376,-62.5972
45.9777,-45.4499,-20.7039,-56.5898,-56.1136,-4.0918,72.4149,-65.6502,-56.8175,-33.0032,70.1560,-30.6031,63.9445,-24.8641,1.7310,-57.1175,13.1380,-51.0952,-55.1142
50.5961,-29.9579,-3.6997,-65.5899,-49.5157,-11.8104,68.9389,-46.1573,-100.8527,-3.1815,100.3421,-42.1449,65.7521,-29.4939,-6.4034,-29.8010,43.7253,-62.3755,-69.5886
70.9481,10.5003,30.4074,-56.6666,-36.8302,1.6748,40.6511,-50.0880,-132.1155,-32.4155,99.7960,-29.9466,59.0616,-20.6142,-12.6616,-9.8407,81.0930,-64.1164,-95.8604
83.1332,48.2291,44.9532,-38.9092,-49.4172,21.2577,5.1840,-75.5595,-120.3533,-113.1964,67.5402,-8.2936,35.5614,-18.9692,-8.5881,-22.1357,85.7021,-53.0755,-98.8933
56.9117,33.7555,18.4874,-36.1254,-55.4814,9.1131,-4.8855,-73.6167,-45.1267,-105.9415,31.5486,-30.2408,25.2859,-49.4504,1.3594,-58.0788,44.0434,-46.4557,-62.8968
28.2889,-0.9784,-1.7850,-51.7928,-40.5195,-8.0941,-1.0262,-21.4719,14.7018,-0.4708,30.2210,-57.2018,34.7758,-67.6872,2.4926,-65.3077,20.5248,-60.3481,-21.3412
21.2107,9.6967,10.8119,-60.9837,-31.2536,-11.6624,-9.6642,17.2023,-7.8128,45.9256,66.8572,-36.7332,32.4389,-52.7261,-1.2647,-23.7160,37.1771,-77.1461,-5.8567
14.5338,36.6873,25.6630,-48.5344,-13.6787,-21.8248,-21.2368,11.1030,-40.1580,12.8992,90.0247,-18.3165,21.7807,-46.3675,0.2116,9.6204,41.7893,-71.9725,-5.2167
12.3721,25.4420,30.3791,-30.8358,10.8287,-13.4729,-31.3351,7.4867,-37.9535,8.9171,82.7671,-36.4923,14.1243,-54.3464,-6.0398,-5.7649,33.4004,-50.8917,-1.9342
10.1882,6.6170,28.9475,-23.3108,-6.1465,30.9707,-45.7451,21.6804,-57.0538,26.0796,88.8713,-48.1640,-8.7889,-57.5547,-20.8699,-29.3473,34.6620,-30.0423,11.1301
-31.7626,11.0385,2.9744,-24.3856,-42.2306,45.3305,-39.0451,37.1016,-64.5625,23.0020,107.4515,-49.3683,-27.5016,-77.2598,-14.8014,-27.9818,7.6731,-19.1690,48.7750
-87.0564,1.1993,-43.3352,-35.2019,-43.3294,3.6231,-5.5900,64.6869,9.0749,55.4017,90.9098,-64.1741,-11.8158,-103.9707,9.5046,-25.2842,-43.8561,-27.0815,99.2091
-89.7628,-32.4634,-72.9581,-50.8302,-42.5703,-20.8552,13.2773,91.3363,82.2237,122.9180,46.0052,-59.8369,0.1008,-83.2640,14.3898,-27.8119,-48.0136,-41.2669,115.5426
-64.7393,-41.3628,-75.7795,-53.6765,-62.8767,4.0250,13.5611,81.5802,72.5204,142.6780,14.6604,-23.6592,-11.5407,-35.0863,1.8651,-17.2542,-7.2192,-40.0022,91.5146
-56.4931,-17.4930,-68.4914,-52.2253,-67.9884,35.0927,27.9957,48.5987,40.6887,114.0706,3.9460,-4.8037,0.3404,-23.4972,2.5215,-7.1352,23.0793,-41.5911,59.2798
-28.4329,-8.1015,-59.5447,-76.5814,-81.5308,49.2321,48.2816,12.3582,24.6390,83.7152,8.7783,-12.2427,32.9012,-26.0025,17.9741,-2.1222,46.0004,-75.7615,10.3222
29.2176,-27.2882,-52.3853,-114.5513,-127.3932,47.2133,55.6130,-35.6852,-9.7415,47.6438,27.4744,-13.6116,39.9450,3.5359,36.4331,29.4983,69.7782,-118.6746,-66.2992
57.5785,-37.5291,-42.1805,-120.3896,-135.8167,30.8126,58.7187,-75.5866,-45.5826,16.0952,39.1003,-15.8704,37.0274,26.0032,46.1503,64.9127,72.1414,-124.7545,-123.0320
50.2521,-22.7859,-19.4843,-94.6000,-97.7302,16.7495,52.5423,-89.0361,-51.2882,16.9046,35.1853,-34.1528,50.8286,-2.1203,31.7280,37.2619,55.0470,-98.4392,-134.0497
42.8055,-19.0051,-4.8234,-83.0668,-95.7166,5.5087,33.3040,-105.2051,-34.3643,28.0949,42.7219,-50.2599,61.2463,-46.4889,14.1085,-25.7851,18.4169,-84.3482,-130.5764
26.2435,-49.1811,-21.7178,-94.9300,-112.9109,-13.2203,25.2381,-123.1433,2.2827,30.2502,71.2654,-53.0746,60.8591,-61.2529,27.5293,-37.3906,-39.6019,-97.4061,-116.4987
0.9934,-75.0463,-38.1530,-88.9954,-82.3424,-11.7075,25.5882,-111.2138,23.6795,34.0823,91.1420,-47.0245,57.0178,-47.0559,39.1287,-12.2836,-65.3216,-95.8104,-87.2651
0.2377,-55.7605,-16.5959,-47.9741,-45.2032,18.1701,7.3892,-95.7338,-18.4766,20.7456,86.9194,-31.5338,44.8315,-29.3788,4.6160,-24.3187,-35.6790,-48.6026,-86.9177
7.4921,-10.9752,18.1653,-3.2058,-31.9622,27.7624,-15.9249,-100.7394,-69.4160,-21.0473,79.6052,-17.4508,41.5312,-30.4132,-37.5527,-62.5274,-18.9189,5.8880,-114.2504
-11.6513,20.7394,34.7870,27.6396,14.9336,17.0329,-23.3841,-82.7309,-64.6444,-54.2333,79.6724,-20.7762,53.6737,-47.6445,-44.4306,-74.8212,-33.1077,31.8169,-96.5774
-26.9738,33.5065,47.0558,58.1938,82.7125,34.0330,-33.1947,-37.1423,-59.3274,-66.8869,66.6609,-35.5435,38.2787,-55.4955,-41.6817,-65.1471,-22.6680,55.6785,-39.1670
-8.2304,31.5258,61.8186,75.0661,91.9796,51.3132,-51.8268,-18.7404,-83.4695,-73.2022,39.6145,-48.0031,-7.1315,-43.8723,-41.3877,-45.9836,-0.6712,78.3540,-23.5674
10.7475,16.4779,57.3558,50.4212,58.5173,19.6149,-53.1761,-18.0803,-72.1972,-54.0219,30.3601,-48.1109,-24.8459,-24.8085,-19.6833,-2.2841,-7.7001,53.2839,-39.6912
1.0522,5.9711,33.9073,16.4241,52.7323,-18.6142,-27.7861,18.6510,-26.9788,-10.5997,37.9892,-22.9776,-8.3787,-2.3723,5.9150,43.8406,-13.1076,6.9374,-7.9625
-17.8785,11.3881,16.5111,22.9918,69.5270,-19.6822,2.1838,75.8312,-9.7766,9.4192,31.8773,22.1051,1.2309,22.7093,-0.9570,42.4262,-2.5094,12.4418,62.1121
-21.5471,18.1031,13.4798,44.8953,61.6694,-15.0209,6.5167,97.0721,-16.8000,-1.9113,24.8905,56.2387,-3.7629,36.6700,-26.6800,4.3812,-4.4110,44.9483,93.3358
-6.3208,17.9992,16.1903,36.7449,29.7064,-18.8240,-14.9624,72.3531,-20.8056,-12.7131,28.5885,59.4139,-18.7007,32.4376,-32.5273,-10.3422,-2.0620,38.2079,76.3051
10.8695,19.4100,14.8373,20.9383,15.3017,-10.4815,-19.7882,39.5742,-8.9658,-18.5734,-12.4090,46.0374,-47.1898,25.6480,-3.8273,17.5389,17.0377,15.4834,73.6188
4.9072,20.6257,-0.7256,29.1650,27.3787,-6.1966,2.0424,33.0270,41.1873,-24.8925,-100.2367,48.6983,-71.2802,35.0709,33.8153,49.6950,11.1828,21.2742,107.7632
-20.4846,15.3972,-27.8641,39.4265,23.3457,-20.7545,-0.6995,44.6992,95.7131,-24.1418,-128.1644,76.4006,-74.3179,57.0208,32.6565,47.3837,-13.3060,35.0794,124.9568
-37.0207,5.6946,-51.2353,28.3984,-7.6908,-23.6093,-28.2176,53.6366,100.1163,-8.7081,-81.6509,90.7245,-66.0231,69.0079,-1.3373,23.2141,-4.9115,30.5202,100.2503
-43.0857,-7.6661,-70.6107,4.5588,-26.3906,-8.0475,-16.1033,71.2861,105.0058,37.2343,-86.2155,62.6138,-60.6267,62.6389,2.0389,31.9751,18.5859,11.9843,90.1414
-57.0466,-15.1999,-93.7370,-16.6272,-37.1965,-8.3014,23.6793,92.9128,150.2890,96.2108,-160.5083,31.1190,-70.1720,55.1245,47.7914,83.0274,15.9051,-6.3645,110.8895
-71.5513,-0.4789,-104.4448,-12.0338,-61.6089,-23.5002,17.0966,73.6685,155.4212,95.9827,-189.2058,37.7708,-92.7977,55.2049,51.0060,99.9583,9.8609,5.0213,99.3856
-70.3630,24.7510,-85.3399,32.9971,-50.8745,-17.0349,-30.9535,24.6542,105.8108,35.5992,-167.6699,54.6871,-107.9373,47.4549,-6.4370,36.1975,25.1512,59.1837,64.8060
-61.9968,38.5821,-54.4004,84.9529,8.1706,15.4459,-70.8427,8.6486,90.1312,7.6863,-183.0603,46.0071,-120.0964,22.0598,-53.1044,-45.7431,47.8646,112.8304,81.3239
-56.8676,47.9295,-35.6767,99.5027,32.1482,42.7851,-98.3930,19.4534,91.1208,17.7523,-197.0859,23.0623,-137.7588,-9.8864,-67.5412,-85.2436,67.8612,125.3965,112.5178
-50.9964,48.1114,-29.0243,80.8079,8.1304,45.8453,-107.4377,17.6884,43.4332,-6.3890,-120.7951,0.3609,-122.2941,-30.9531,-77.0689,-97.1793,69.8498,107.5762,84.2338
-50.3576,13.8940,-34.0080,54.5109,3.9144,36.3512,-87.7556,22.6063,5.3998,-35.7749,-10.5848,-22.7849,-78.0716,-34.8570,-70.1337,-90.4641,37.4660,78.8153,55.9738
-63.9286,-22.2566,-51.1532,33.2468,1.7065,38.7978,-88.5245,38.4549,21.4860,-19.5322,27.4724,-36.2807,-88.2028,-34.4245,-43.6851,-56.5939,9.4164,52.5647,84.2356
-72.4241,-5.2266,-59.4400,28.5151,-33.5074,58.6996,-141.4763,27.6917,30.6614,-19.0090,4.9457,-28.4968,-150.8197,-34.6194,-39.2545,-29.7548,34.4309,46.5016,95.9997
-54.2855,24.7987,-47.2537,36.0095,-40.5707,71.5455,-182.4368,13.2989,31.2811,-53.1849,-17.3665,-5.0967,-168.9239,-13.5274,-52.6534,-26.2013,75.3537,47.3331,67.0589
-30.1210,0.9925,-37.1880,28.8874,-2.6133,57.9005,-161.8466,40.7050,72.8444,-39.4857,-26.8430,11.8402,-134.2117,25.6135,-33.9739,-3.6081,62.5592,25.8602,68.2038
-27.3726,-39.3388,-38.0457,8.5423,12.5883,36.6521,-124.7417,72.9800,111.5547,2.3088,-17.9671,3.9501,-102.7161,42.6415,4.4176,36.3092,8.1969,-1.0467,78.4019
-24.3630,-39.0477,-26.4972,3.9912,6.3130,33.2775,-112.6121,62.5122,93.8754,-20.3100,13.2175,-4.3728,-71.2979,43.0243,12.6855,45.5146,-21.0805,-5.6410,34.2588
6.6724,-25.7505,-0.8635,9.0145,16.6348,35.2887,-101.7284,32.1703,56.3178,-56.4885,26.3426,21.3960,-46.8289,61.7625,4.1545,40.7974,-4.4084,-7.4188,-2.4651
31.9322,-29.8610,10.2642,-3.8957,18.2612,19.7352,-69.4684,18.4080,33.8178,-11.6615,4.0604,37.4446,-59.0256,62.7954,15.6236,58.1335,18.6695,-24.7471,28.0731
3.7165,-34.9102,-6.0926,-26.5991,0.4196,-4.6682,-34.5741,28.3365,23.7498,62.5703,6.4150,-14.6262,-60.6196,4.4470,29.1227,61.9031,6.8143,-37.0943,54.7857
-55.0252,-42.8309,-39.1979,-38.4957,-14.7868,-24.4801,-21.7392,43.4794,34.5933,91.1196,56.5017,-78.4074,-23.0929,-55.1105,20.0287,30.5464,-36.6957,-33.8463,35.1337
-81.0780,-63.6548,-66.3360,-44.0595,-34.4586,-46.7326,-27.2562,29.2219,55.3807,100.3833,81.8596,-79.3217,-20.1383,-62.1308,12.7488,15.6430,-70.1652,-32.4639,29.1936
-59.2249,-75.5070,-62.2783,-48.8123,-41.1070,-64.4794,-29.3909,-6.6677,53.2463,114.8391,52.6138,-58.6266,-61.3127,-51.0309,28.2168,41.5202,-63.7020,-41.7713,50.8658
-29.8774,-74.2152,-36.8458,-44.4681,-8.5842,-54.2183,-25.9403,-7.3838,38.0495,119.1684,28.2545,-60.4881,-72.7168,-39.7429,40.8019,68.0993,-37.2533,-46.7746,57.9189
-33.3669,-81.1282,-34.8617,-25.2009,4.5104,-23.6816,-36.8594,34.3944,40.9482,122.8449,21.3361,-51.0067,-78.3753,-13.3006,26.6247,63.7087,-33.7505,-20.9895,69.6422
-73.9938,-84.0218,-65.3829,8.2017,-32.7626,-4.0402,-66.2818,64.8195,59.1108,120.4393,-8.2887,-37.9701,-132.4165,-9.3474,1.1973,29.9919,-59.6860,39.4739,114.6805
-114.5377,-60.8071,-82.8894,43.3937,-38.6957,0.7271,-97.7387,59.0954,68.5639,73.8850,-31.9292,-62.7393,-169.4680,-47.1787,-15.0995,-8.5347,-76.6638,90.3950,135.4936
-106.1192,-27.7055,-53.1164,61.9898,7.8406,15.6387,-121.9670,38.9699,42.3545,8.4866,-7.4194,-78.0913,-142.5623,-55.8627,-27.2064,-14.7491,-53.2175,96.2270,85.1337
-51.1176,-4.5988,10.0447,70.2062,35.2426,59.7587,-134.5184,38.3268,-22.8781,-3.5542,14.7207,-38.9871,-116.8922,-6.0636,-42.8217,9.9687,-5.9437,89.9217,25.7088
-10.6469,10.3877,63.0284,84.8800,40.6419,115.5212,-125.9203,72.3543,-77.0257,31.7261,-6.2503,-11.7447,-116.9809,24.6422,-53.1586,17.1918,21.7717,106.9868,24.4585
-17.1635,21.9472,71.8018,91.8361,51.7140,135.3811,-99.0695,103.2930,-81.3577,50.1765,-23.4387,-31.6886,-99.2176,-0.1121,-52.5252,-6.3073,19.6452,119.0371,49.4851
-28.8409,35.8968,56.8275,78.2822,49.4039,111.9260,-67.0389,97.4472,-69.9422,44.3572,-18.2442,-24.7009,-65.6729,-11.1462,-47.2808,-12.5378,21.2855,100.6865,50.6389
-12.0162,48.5987,62.8680,67.8049,53.7600,98.7649,-32.3758,97.6705,-74.7770,52.5742,-25.8985,34.9054,-38.3275,37.0354,-38.7772,26.0625,40.5529,78.5650,42.6862
1.1962,39.8073,71.9018,65.5776,78.2458,111.0276,-1.2246,128.5854,-71.8182,79.5572,-35.0763,76.9305,-12.9648,94.1264,-27.0115,72.2458,48.6872,68.1192,42.6107
-12.3888,15.3302,38.8222,41.5123,48.0276,102.2996,6.7656,136.2833,-44.3828,100.8180,-23.3741,69.3057,-1.5570,102.8997,-22.3013,79.1634,39.5003,49.2103,26.4226
-19.7101,8.4754,-5.3409,1.9182,-36.2742,76.8742,-7.8928,115.2191,-9.3167,102.3355,-20.9273,46.2095,-4.7347,79.1651,-27.6908,47.6008,42.7717,20.1871,-8.7171
-5.8687,19.9146,-8.1041,-12.7524,-61.9293,82.7381,-11.7757,116.7508,16.5339,85.0650,-34.9110,37.9776,16.0941,70.7628,-29.6068,16.9104,54.1037,3.6885,-31.4969
-4.2863,28.0073,2.6000,-5.0153,-30.0945,98.5637,21.3305,120.8635,22.1623,65.6104,-39.4502,60.7302,58.0225,90.0075,-18.1139,24.7648,44.9424,2.1727,-35.0407
-24.6765,37.0171,-18.1104,-11.7550,-36.5925,78.1955,76.2115,91.3557,16.2566,63.4892,-49.4922,105.7005,79.1150,117.8522,4.2168,74.5322,33.2280,-6.9753,-42.0288
-41.4912,52.4299,-50.4580,-35.6383,-73.0912,47.8449,112.1183,65.9782,22.6707,66.1121,-65.9308,127.6902,92.4392,133.0251,21.1898,116.9181,43.4209,-30.2623,-70.1544
-49.3034,61.4246,-60.0034,-42.2033,-88.7515,46.1803,108.1273,57.7422,20.9010,44.9991,-40.3501,115.1814,122.6651,121.4362,3.9729,87.8184,47.7037,-33.4952,-112.3600
-50.2663,61.1039,-42.5722,-11.2321,-85.5690,64.2350,86.4219,28.1614,-23.8427,7.7955,6.3697,111.7517,130.9348,92.7557,-42.8243,1.2779,29.3495,9.6872,-124.5545
-32.0421,57.1543,-9.4264,34.1982,-48.0922,85.4452,79.4072,-13.7800,-70.0487,-24.6865,0.5367,124.2791,99.8153,71.3681,-64.4827,-57.6462,19.3268,59.3217,-76.9394
-10.4866,57.8171,14.7049,56.5227,19.4239,91.9897,79.6403,-45.1232,-71.4614,-64.8378,-23.4108,116.4656,82.8984,50.8390,-50.8238,-70.7265,31.1140,65.3183,-27.9350
-12.1259,75.7412,18.0711,52.4249,45.5698,65.0515,56.6078,-82.7786,-76.4243,-111.7217,17.9804,91.4832,98.8046,10.8728,-61.1783,-97.3699,47.7229,47.3524,-46.3389
-10.6500,90.7457,25.8840,42.0785,24.5243,28.1991,19.1125,-112.4508,-114.8801,-120.4182,81.3706,68.8942,99.5820,-27.1761,-93.2726,-129.1313,60.0917,38.3842,-87.9228
17.1078,66.9036,41.5682,28.9396,22.3311,14.2163,4.8238,-98.3611,-115.5123,-84.3057,72.2483,35.0227,67.3630,-35.4491,-76.5532,-106.5652,58.5803,24.6858,-76.3737
30.5489,30.5118,31.9206,13.1567,32.3265,5.7880,10.4432,-67.4515,-54.8098,-61.9179,20.0819,-1.1409,36.2563,-32.4864,-25.8740,-62.3567,37.9754,3.4357,-32.8540
15.7097,23.0108,6.9525,1.9608,20.8181,-17.2774,-0.5108,-67.8238,-13.4420,-83.3450,26.7129,-3.2690,27.6025,-40.6719,-13.3638,-62.9649,19.4770,-12.1759,-10.9226
21.7915,13.8554,2.7038,-16.4875,14.7971,-43.4408,-29.0261,-99.4395,-12.7539,-123.3217,97.7616,7.8377,30.9040,-53.6621,-18.8483,-82.6796,12.5151,-44.9988,-7.4375
49.8773,-18.1086,-0.1097,-43.3527,20.0723,-71.7957,-51.1882,-131.9103,12.1673,-160.9549,132.4637,-15.1321,24.0658,-66.3613,3.3808,-81.6198,3.5516,-89.1098,-7.0271
52.4459,-26.3635,-23.1616,-43.5466,10.1068,-102.9197,-70.2054,-136.7924,62.0783,-182.2140,77.7462,-50.5678,-6.9826,-72.8116,16.0841,-77.7072,3.4191,-84.1149,-13.9184
39.2866,-2.9039,-36.6660,-22.4972,-8.2025,-117.9847,-90.2747,-121.3186,78.9854,-170.6509,8.6500,-51.2190,-43.5739,-60.3466,0.0825,-69.9289,23.6479,-46.8591,-26.3419
39.3106,7.1205,-39.0407,-33.3504,-38.6181,-121.9202,-93.3633,-115.9685,72.1305,-144.6454,0.3555,-31.2038,-55.3756,-41.7238,1.3254,-39.9556,35.1303,-55.2920,-39.3453
31.3558,-1.5866,-58.4537,-62.8638,-84.5005,-134.0821,-85.3574,-96.3050,87.4316,-129.4128,12.9987,-36.6253,-54.8669,-36.5992,22.1985,-9.0326,17.1155,-81.8825,-46.0897
14.9794,-16.1153,-67.7215,-54.4356,-88.6854,-137.0813,-86.8446,-30.9832,109.1692,-107.0766,-7.4597,-71.3417,-69.1406,-29.9616,31.8835,13.6907,-11.9382,-58.3514,-36.4548
22.9003,-37.4561,-44.2669,-29.5027,-44.9708,-112.0627,-79.9651,10.3196,105.7603,-75.4661,-33.7650,-85.9183,-76.0978,-8.2867,39.5336,37.5578,-28.6512,-28.3665,-23.9243
32.6161,-42.2960,-35.7050,-30.5971,-35.4584,-77.7775,-47.6330,-21.3609,95.7125,-67.5954,-38.7254,-47.7188,-50.4079,8.0552,44.7733,31.5891,-26.3462,-36.7658,-21.9424
9.6977,-32.2312,-51.7287,-28.0668,-54.6353,-51.6258,-15.8206,-38.1569,88.3201,-59.1318,-34.4761,-6.6694,-25.2105,6.4164,29.0543,-6.4277,-28.5094,-28.9515,-5.1947
-7.5555,-51.9477,-36.3283,-1.6289,-26.3931,-29.5745,4.4427,6.5803,51.5324,-4.9960,-17.8502,-17.0136,-24.1590,3.6280,14.4879,-14.2195,-57.3509,13.1454,27.3710
10.9923,-70.2803,7.2724,18.6437,26.4722,-2.6391,32.6498,34.2843,-7.4822,42.1675,-3.0545,-26.7981,-8.6785,18.6353,12.3555,8.1352,-63.4793,36.5872,26.3912
24.4093,-22.6334,29.7772,33.8464,59.3523,32.6241,57.9076,25.6171,-31.6199,29.4640,-33.7262,23.6907,32.7781,51.0539,-4.4131,9.1637,-3.3525,40.6057,-0.9723
8.2018,28.2530,33.6853,57.2930,91.2205,55.6552,55.3981,36.6094,-14.3221,26.1914,-81.8767,76.8195,40.1490,76.2524,-18.7563,15.4302,42.1921,53.8395,14.5787
-16.6293,3.2694,25.8043,61.4474,91.1351,47.8408,37.8844,55.4531,0.4441,78.8197,-83.5650,76.4105,-12.4106,72.7683,-2.9662,50.1545,5.9063,62.0083,73.8875
-44.9555,-32.7329,-11.6415,44.7700,31.2378,41.7773,31.4214,52.2043,15.7592,116.2076,-74.8518,68.9048,-60.9725,55.8077,8.8009,51.9894,-35.9192,61.2003,117.5640
-75.9302,-12.7288,-47.6656,39.1274,-0.2789,58.5131,49.4317,51.9244,50.1548,114.5334,-107.5932,88.3620,-51.6745,48.2721,5.7897,26.3099,-25.1320,60.5389,136.8324
-88.2408,25.6266,-49.3563,26.5083,18.2797,50.0559,86.1091,61.7850,55.5127,134.4362,-122.7144,114.6873,-19.6290,50.1304,17.5515,55.2218,8.0141,33.3923,150.5376
-82.2372,57.4306,-56.2133,-16.2769,-19.8188,5.0925,102.5343,75.1295,6.5490,168.8691,-82.1592,146.7884,-20.5717,65.7094,18.2605,118.0917,67.5706,-17.8566,143.9070
-80.3638,83.5706,-86.3157,-47.4040,-98.6700,-13.7707,82.2814,108.5746,-26.2794,168.9455,-60.0283,166.2438,-44.6417,95.9019,-5.9571,147.4463,136.1010,-38.1961,112.2992
-88.1252,72.0494,-104.7757,-42.9493,-112.4841,1.8471,72.0266,136.3158,-10.5132,151.8178,-85.0461,136.4998,-60.3433,114.6308,2.3827,172.4295,133.7855,-21.4315,86.4655
-101.6606,32.0869,-124.9582,-39.7336,-104.0751,7.1451,86.3795,121.8718,-1.0261,137.9471,-96.1859,101.9457,-81.3568,117.7259,36.0989,211.8852,94.9143,-11.1426,87.2687
-113.2594,11.1705,-161.5187,-48.5530,-128.9608,11.1405,83.8281,107.1011,6.7305,120.2634,-90.4336,108.6229,-106.9160,124.2066,36.7291,209.3492,102.4123,-14.7484,107.7529
-109.2348,0.3745,-159.4289,-43.2180,-112.3763,28.2189,77.1735,118.4814,57.6136,121.7119,-110.8199,100.2944,-87.3143,113.4100,33.7067,161.1252,87.0133,-13.3115,122.7784
-100.7044,-4.4640,-124.8264,-22.2585,-66.8298,24.0013,89.7676,100.6500,83.7389,121.8241,-122.2491,69.5087,-37.2368,75.8391,33.7807,103.1280,31.4939,4.1819,105.0001
-103.8728,31.1938,-132.5166,0.7079,-89.8100,2.3676,59.3178,45.7915,20.4789,46.7487,-76.7946,93.4044,-39.1462,63.4885,-34.4266,29.0978,73.6858,39.2338,61.6343
-86.5246,60.6117,-133.9727,17.0676,-106.7693,3.3006,-15.7761,16.8906,-28.9248,-43.9264,-24.5627,123.6846,-69.1909,77.8117,-99.4289,-21.9919,146.4557,56.1825,28.7227
-25.0959,14.7038,-37.4481,13.3889,-14.2258,11.1017,-16.2743,22.1667,16.4018,-14.0888,-24.7934,56.2860,-27.5033,52.7075,-22.3198,16.9213,41.3980,19.1455,16.8420
